CUSTOM.date [local],CUSTOM.updateTime [local],OSD.flyTime,OSD.flyTime [s],OSD.latitude,OSD.longitude,OSD.height [ft],OSD.heightMax [ft],OSD.vpsHeight [ft],OSD.altitude [ft],OSD.mileage [ft],OSD.hSpeed [MPH],OSD.hSpeedMax [MPH],OSD.xSpeed [MPH],OSD.xSpeedMax [MPH],OSD.ySpeed [MPH],OSD.ySpeedMax [MPH],OSD.zSpeed [MPH],OSD.zSpeedMax [MPH],OSD.pitch,OSD.roll,OSD.tiltInclination,OSD.yaw,OSD.yaw [360],OSD.directionOfTravel,OSD.flycState,OSD.flycCommand,OSD.flightAction,OSD.gpsNum,OSD.gpsLevel,OSD.isGPSUsed,OSD.nonGPSCause,OSD.isSwaveWork,OSD.waveError,OSD.goHomeStatus,OSD.batteryType,OSD.ctrlDevice,OSD.isOnGround,OSD.isMotorOn,OSD.isMotorBlocked,OSD.motorStartFailedCause,OSD.motorFailReason,OSD.isImuPreheated,OSD.imuInitFailReason,OSD.isAcceletorOverRange,OSD.isBarometerDeadInAir,OSD.isCompassError,OSD.isGoHomeHeightModified,OSD.canIOCWork,OSD.isNotEnoughForce,OSD.isOutOfLimit,OSD.isPropellerCatapult,OSD.isVibrating,OSD.isVisionUsed,OSD.voltageWarning,GIMBAL.mode,GIMBAL.pitch,GIMBAL.roll,GIMBAL.yaw,GIMBAL.yaw [360],GIMBAL.isPitchAtLimit,GIMBAL.isRollAtLimit,GIMBAL.isYawAtLimit,GIMBAL.isStuck,CAMERA.isPhoto,CAMERA.mode,CAMERA.photosTaken,CAMERA.panoPhotoSequence,CAMERA.isVideo,CAMERA.sdCardIsInserted,CAMERA.sdCardState,RC.downlinkSignal,RC.uplinkSignal,RC.aileron,RC.elevator,RC.throttle,RC.rudder,RC.mode,RC.goHomeDepressed,RC.recordDepressed,RC.shutterDepressed,RC.playbackDepressed,RC.wheelDepressed,RC.wheelOffset,RC.custom1Depressed,RC.custom2Depressed,RC.custom3Depressed,RC.custom4Depressed,BATTERY1.chargeLevel [%],BATTERY2.chargeLevel [%],BATTERY1.currentPV [V],BATTERY2.currentPV [V],BATTERY1.currentCapacity [mAh],BATTERY2.currentCapacity [mAh],BATTERY1.fullCapacity [mAh],BATTERY2.fullCapacity [mAh],BATTERY1.voltage [V],BATTERY2.voltage [V],BATTERY1.isCellVoltageEstimated,BATTERY1.cellVoltage1 [V],BATTERY1.cellVoltage2 [V],BATTERY1.cellVoltage3 [V],BATTERY1.cellVoltage4 [V],BATTERY1.cellVoltage5 [V],BATTERY1.cellVoltage6 [V],BATTERY1.cellVoltage7 [V],BATTERY1.cellVoltage8 [V],BATTERY1.cellVoltage9 [V],BATTERY1.cellVoltage10 [V],BATTERY1.cellVoltage11 [V],BATTERY1.cellVoltage12 [V],BATTERY1.cellVoltageDeviation [V],BATTERY1.maxCellVoltageDeviation [V],BATTERY1.isCellVoltageDeviationHigh,BATTERY1.isVoltageLow,BATTERY2.isCellVoltageEstimated,BATTERY2.cellVoltage1 [V],BATTERY2.cellVoltage2 [V],BATTERY2.cellVoltage3 [V],BATTERY2.cellVoltage4 [V],BATTERY2.cellVoltage5 [V],BATTERY2.cellVoltage6 [V],BATTERY2.cellVoltage7 [V],BATTERY2.cellVoltage8 [V],BATTERY2.cellVoltage9 [V],BATTERY2.cellVoltage10 [V],BATTERY2.cellVoltage11 [V],BATTERY2.cellVoltage12 [V],BATTERY2.cellVoltageDeviation [V],BATTERY2.maxCellVoltageDeviation [V],BATTERY2.isCellVoltageDeviationHigh,BATTERY2.isVoltageLow,BATTERY1.current [A],BATTERY2.current [A],BATTERY1.temperature [F],BATTERY2.temperature [F],BATTERY1.minTemperature [F],BATTERY2.minTemperature [F],BATTERY1.maxTemperature [F],BATTERY2.maxTemperature [F],BATTERY.usefulTime [s],BATTERY.goHomeTime [s],BATTERY.landTime [s],BATTERY.goHomeBattery,BATTERY.landBattery,BATTERY.safeFlyRadius,BATTERY.volumeConsume,BATTERY.status,BATTERY.goHomeStatus,BATTERY.goHomeCountdown,BATTERY.lowWarning,BATTERY.lowWarningGoHome,BATTERY.seriousLowWarning,BATTERY.seriousLowWarningLanding,BATTERY1.timesCharged,BATTERY2.timesCharged,MC.failSafeAction,MC.isObstacleAvoidanceEnabled,MC.isCollisionAvoidanceEnabled,MC.isRthObstacleAvoidanceEnabled,MC.isBraking,MC.isAvoidingObstacle,MC.isAvoidingActiveObstacle,MC.isAscentLimitedByObstacle,MC.isLandingConfirmationNeeded,MC.atLowAltitudeLimit,MC.atDistanceLimit,MC.atAirportAltitudeLimit,MC.atAirportBoundary,HOME.latitude,HOME.longitude,HOME.distance [ft],HOME.distanceMax [ft],HOME.height [ft],HOME.heightLimit [ft],HOME.isHomeRecord,HOME.goHomeMode,HOME.aircraftHeadDirection,HOME.isDynamicHomePointEnabled,HOME.isReachedLimitDistance,HOME.isReachedLimitHeight,HOME.isCompassCalibrating,HOME.compassCalibrationState,HOME.isMultipleFlightModeEnabled,HOME.isBeginnerMode,HOME.isIOCEnabled,HOME.iocMode,HOME.goHomeHeight [ft],HOME.courseLockAngle,HOME.forceLandingHeight [ft],HOME.dataRecorderFileIndex,WEATHER.windDirection,WEATHER.windRelativeDirection,WEATHER.windSpeed [MPH],WEATHER.maxWindSpeed [MPH],WEATHER.windStrength,WEATHER.isFacingWind,WEATHER.isFlyingIntoWind,RECOVER.appType,RECOVER.appVersion,RECOVER.aircraftName,RECOVER.aircraftSerial,RECOVER.cameraSerial,RECOVER.rcSerial,RECOVER.batterySerial,DETAILS.location,DETAILS.totalTime [s],DETAILS.totalDistance [ft],DETAILS.maxHeight [ft],DETAILS.maxHorizontalSpeed [MPH],DETAILS.maxVerticalSpeed [MPH],DETAILS.photoNum,DETAILS.videoTime [s],DETAILS.droneManufacturerModel,DETAILS.aircraftName,DETAILS.aircraftSerial,DETAILS.cameraSerial,DETAILS.rcSerial,DETAILS.batterySerial,DETAILS.appName,DETAILS.appType,DETAILS.appVersion,DETAILS.guid,SERIAL.flightController,SERIAL.camera,SERIAL.gimbal,SERIAL.rc,SERIAL.battery,APPGPS.latitude,APPGPS.longitude,APPGPS.accuracy,APP.tip,APP.warning
2023-11-01,11:24:22.36 AM,0m 0.0s,0.0,33.8027920435382,-117.4659263726904,0,0,0.6,1264,0,0,0,0,0,0,0,0,0,0.3,-1.4,1.4,-135.7,224.3,,Starting Motors,Other,Takeoff (RC Assisted),18,5,True,,True,False,,Smart,RC,True,True,False,,,True,,False,False,False,False,False,False,False,False,False,False,0,Follow Yaw,0,0,-143.2,216.8,False,False,False,False,False,,0,0,False,False,No Card,,,364,371,366,1684,2,False,False,False,False,False,0,False,False,False,False,99,,51.612,,9943,,10044,,51.612,,True,4.301,4.301,4.301,4.301,4.301,4.301,4.301,4.301,4.301,4.301,4.301,4.301,0,,False,False,True,,,,,,,,,,,,,,,False,False,1.46,,76.8,,76.8,,76.8,,,,,,,,,,Idle,,,,,,,20,Go Home,False,False,False,False,False,False,False,False,False,False,False,False,,,0,0.0,,,False,,,False,False,False,False,,False,False,False,,,,,,,,,,Calm,False,False,Android,7.0.2,M300 RTK,1ZN7L4R0H1D00F,1W9DL31001461C,1ZMLH8300204F0,1Z6PH74DAP0QN7,"Corona, CA",728.3,5.7,137.7,8.547347,2.013246,0,0,DJI Matrice 300 RTK,M300 RTK,1ZN7L4R0H1D00F,1W9DL31001461C,1ZMLH8300204F0,1Z6PH74DAP0QN7,DJI Pilot,Android,7.0.2,1EF72A62-B7C3-C88D-164E-CE6F8C8424AE,1ZN7L4R0H1D00F,1W9DL31001461C,,1ZMLH8300204F0,1W9DL31001461C,,,,Your aircraft is flying in an Altitude Zone (500m). Please fly with caution.; Flight mode changed to Starting Motors.,
2023-11-01,11:24:22.45 AM,0m 0.1s,0.1,33.8027919755541,-117.4659263707112,0,0,0.6,1264,0,0,0,0,0,0,0,0,0,0.3,-1.4,1.4,-135.7,224.3,,Starting Motors,Other,Takeoff (RC Assisted),18,5,True,,True,False,,Smart,RC,True,True,False,,,True,,False,False,False,False,False,False,False,False,False,False,0,Follow Yaw,0,0,-143.2,216.8,False,False,False,False,False,,0,0,False,False,No Card,100,100,364,379,367,1684,2,False,False,False,False,False,0,False,False,False,False,99,,51.612,,9943,,10044,,51.612,,True,4.301,4.301,4.301,4.301,4.301,4.301,4.301,4.301,4.301,4.301,4.301,4.301,0,,False,False,True,,,,,,,,,,,,,,,False,False,1.46,,76.8,,76.8,,76.8,,,,,,,,,,Idle,,,,,,,20,Go Home,False,False,False,False,False,False,False,False,False,False,False,False,,,0,0.0,,,False,,,False,False,False,False,,False,False,False,,,,,,,,,,Calm,False,False,Android,7.0.2,M300 RTK,1ZN7L4R0H1D00F,1W9DL31001461C,1ZMLH8300204F0,1Z6PH74DAP0QN7,"Corona, CA",728.3,5.7,137.7,8.547347,2.013246,0,0,DJI Matrice 300 RTK,M300 RTK,1ZN7L4R0H1D00F,1W9DL31001461C,1ZMLH8300204F0,1Z6PH74DAP0QN7,DJI Pilot,Android,7.0.2,1EF72A62-B7C3-C88D-164E-CE6F8C8424AE,1ZN7L4R0H1D00F,1W9DL31001461C,,1ZMLH8300204F0,1W9DL31001461C,,,,,
2023-11-01,11:24:22.56 AM,0m 0.2s,0.2,33.8027919865193,-117.4659263707112,0,0,0.6,1264,0,0,0,0,0,0,0,0,0,0.3,-1.4,1.4,-135.7,224.3,,Starting Motors,Other,Takeoff (RC Assisted),18,5,True,,True,False,,Smart,RC,True,True,False,,,True,,False,False,False,False,False,False,False,False,False,False,0,Follow Yaw,0,0,-143.2,216.8,False,False,False,False,False,,0,0,False,False,No Card,100,100,364,367,364,1684,2,False,False,False,False,False,0,False,False,False,False,99,,51.612,,9943,,10044,,51.612,,True,4.301,4.301,4.301,4.301,4.301,4.301,4.301,4.301,4.301,4.301,4.301,4.301,0,,False,False,True,,,,,,,,,,,,,,,False,False,1.46,,76.8,,76.8,,76.8,,,,,,,,,,Idle,,,,,,,20,Go Home,False,False,False,False,False,False,False,False,False,False,False,False,,,0,0.0,,,False,,,False,False,False,False,,False,False,False,,,,,,,,,,Calm,False,False,Android,7.0.2,M300 RTK,1ZN7L4R0H1D00F,1W9DL31001461C,1ZMLH8300204F0,1Z6PH74DAP0QN7,"Corona, CA",728.3,5.7,137.7,8.547347,2.013246,0,0,DJI Matrice 300 RTK,M300 RTK,1ZN7L4R0H1D00F,1W9DL31001461C,1ZMLH8300204F0,1Z6PH74DAP0QN7,DJI Pilot,Android,7.0.2,1EF72A62-B7C3-C88D-164E-CE6F8C8424AE,1ZN7L4R0H1D00F,1W9DL31001461C,,1ZMLH8300204F0,1W9DL31001461C,,,,,
2023-11-01,11:24:22.66 AM,0m 0.3s,0.3,33.8027919755541,-117.4659263733502,0,0,0.6,1264,0,0,0,0,0,0,0,0,0,0.3,-1.4,1.4,-135.7,224.3,,Starting Motors,Other,Takeoff (RC Assisted),18,5,True,,True,False,,Smart,RC,True,True,False,,,True,,False,False,False,False,False,False,False,False,False,False,0,Follow Yaw,0,0,-143.2,216.8,False,False,False,False,False,,0,0,False,False,No Card,100,100,364,364,364,1684,2,False,False,False,False,False,0,False,False,False,False,99,,51.612,,9943,,10044,,51.612,,True,4.294,4.294,4.294,4.294,4.294,4.294,4.294,4.294,4.294,4.294,4.294,4.294,0,,False,False,True,,,,,,,,,,,,,,,False,False,1.46,,76.8,,76.8,,76.8,,,100,,16,5,10974.4,1463.26,,Idle,,20,,10,,,20,Go Home,False,False,False,False,False,False,False,False,False,False,False,False,33.7987591666667,-117.4574081666667,2971.9,2971.9,1049.4,396.9,True,1,1,False,False,False,False,,True,False,False,Course Lock,196.8,67,16.4,93,,,,,Calm,False,False,Android,7.0.2,M300 RTK,1ZN7L4R0H1D00F,1W9DL31001461C,1ZMLH8300204F0,1Z6PH74DAP0QN7,"Corona, CA",728.3,5.7,137.7,8.547347,2.013246,0,0,DJI Matrice 300 RTK,M300 RTK,1ZN7L4R0H1D00F,1W9DL31001461C,1ZMLH8300204F0,1Z6PH74DAP0QN7,DJI Pilot,Android,7.0.2,1EF72A62-B7C3-C88D-164E-CE6F8C8424AE,1ZN7L4R0H1D00F,1W9DL31001461C,,1ZMLH8300204F0,1W9DL31001461C,,,,Data Recorder File Index is 93.; Set Return to Home (RTH) altitude to 60 m (197 ft).; Set maximum flight altitude to 121 m (397 ft).,
2023-11-01,11:24:22.76 AM,0m 0.4s,0.4,33.8027919848745,-117.4659263773085,0,0,0.6,1264,0,0,0,0,0,0,0,0,0,0.3,-1.4,1.4,-135.7,224.3,,Starting Motors,Other,Takeoff (RC Assisted),18,5,True,,True,False,,Smart,RC,True,True,False,,,True,,False,False,False,False,False,False,False,False,False,False,0,Follow Yaw,0,0,-143.2,216.8,False,False,False,False,False,,0,0,False,False,No Card,100,100,364,364,364,1684,2,False,False,False,False,False,0,False,False,False,False,99,,51.612,,9943,,10044,,51.612,,True,4.294,4.294,4.294,4.294,4.294,4.294,4.294,4.294,4.294,4.294,4.294,4.294,0,,False,False,True,,,,,,,,,,,,,,,False,False,1.46,,76.8,,76.8,,76.8,,,100,,16,5,10974.4,1463.26,,Idle,,20,,10,,,20,Go Home,False,False,False,False,False,False,False,False,False,False,False,False,33.7987591666667,-117.4574081666667,2972.0,2972.0,1049.4,396.9,True,1,1,False,False,False,False,,True,False,False,Course Lock,196.8,67,16.4,93,,,,,Calm,False,False,Android,7.0.2,M300 RTK,1ZN7L4R0H1D00F,1W9DL31001461C,1ZMLH8300204F0,1Z6PH74DAP0QN7,"Corona, CA",728.3,5.7,137.7,8.547347,2.013246,0,0,DJI Matrice 300 RTK,M300 RTK,1ZN7L4R0H1D00F,1W9DL31001461C,1ZMLH8300204F0,1Z6PH74DAP0QN7,DJI Pilot,Android,7.0.2,1EF72A62-B7C3-C88D-164E-CE6F8C8424AE,1ZN7L4R0H1D00F,1W9DL31001461C,,1ZMLH8300204F0,1W9DL31001461C,,,,,
2023-11-01,11:24:22.86 AM,0m 0.5s,0.5,33.802791964589,-117.4659263740099,0,0,0.6,1264,0,0,0,0,0,0,0,0,0,0.3,-1.4,1.4,-135.7,224.3,,Starting Motors,Other,Takeoff (RC Assisted),18,5,True,,True,False,,Smart,RC,True,True,False,,,True,,False,False,False,False,False,False,False,False,False,False,0,Follow Yaw,0,0,-143.2,216.8,False,False,False,False,False,,0,0,False,False,No Card,100,100,364,364,364,1684,2,False,False,False,False,False,0,False,False,False,False,99,,51.612,,9943,,10044,,51.612,,True,4.294,4.294,4.294,4.294,4.294,4.294,4.294,4.294,4.294,4.294,4.294,4.294,0,,False,False,True,,,,,,,,,,,,,,,False,False,1.46,,76.8,,76.8,,76.8,,,100,,16,5,10974.4,1463.26,,Idle,,20,,10,,,20,Go Home,False,False,False,False,False,False,False,False,False,False,False,False,33.7987591666667,-117.4574081666667,2971.9,2972.0,1049.4,396.9,True,1,1,False,False,False,False,,True,False,False,Course Lock,196.8,67,16.4,93,,,,,Calm,False,False,Android,7.0.2,M300 RTK,1ZN7L4R0H1D00F,1W9DL31001461C,1ZMLH8300204F0,1Z6PH74DAP0QN7,"Corona, CA",728.3,5.7,137.7,8.547347,2.013246,0,0,DJI Matrice 300 RTK,M300 RTK,1ZN7L4R0H1D00F,1W9DL31001461C,1ZMLH8300204F0,1Z6PH74DAP0QN7,DJI Pilot,Android,7.0.2,1EF72A62-B7C3-C88D-164E-CE6F8C8424AE,1ZN7L4R0H1D00F,1W9DL31001461C,,1ZMLH8300204F0,1W9DL31001461C,,,,,
2023-11-01,11:24:22.96 AM,0m 0.6s,0.6,33.8027919722646,-117.4659263740099,0,0,0.6,1264,0,0,0,0,0,0,0,0,0,0.4,-1.4,1.4,-135.7,224.3,,Starting Motors,Other,Takeoff (RC Assisted),18,5,True,,True,False,,Smart,RC,True,True,False,,,True,,False,False,False,False,False,False,False,False,False,False,0,Follow Yaw,0,0,-143.2,216.8,False,False,False,False,False,,0,0,False,False,No Card,100,100,364,364,364,1684,2,False,False,False,False,False,0,False,False,False,False,99,,51.612,,9943,,10044,,51.612,,True,4.294,4.294,4.294,4.294,4.294,4.294,4.294,4.294,4.294,4.294,4.294,4.294,0,,False,False,True,,,,,,,,,,,,,,,False,False,1.46,,76.8,,76.8,,76.8,,,100,,16,5,10974.4,1463.26,,Idle,,20,,10,,,20,Go Home,False,False,False,False,False,False,False,False,False,False,False,False,33.7987591666667,-117.4574081666667,2971.9,2972.0,1049.4,396.9,True,1,1,False,False,False,False,,True,False,False,Course Lock,196.8,67,16.4,93,,,,,Calm,False,False,Android,7.0.2,M300 RTK,1ZN7L4R0H1D00F,1W9DL31001461C,1ZMLH8300204F0,1Z6PH74DAP0QN7,"Corona, CA",728.3,5.7,137.7,8.547347,2.013246,0,0,DJI Matrice 300 RTK,M300 RTK,1ZN7L4R0H1D00F,1W9DL31001461C,1ZMLH8300204F0,1Z6PH74DAP0QN7,DJI Pilot,Android,7.0.2,1EF72A62-B7C3-C88D-164E-CE6F8C8424AE,1ZN7L4R0H1D00F,1W9DL31001461C,,1ZMLH8300204F0,1W9DL31001461C,,,,,
2023-11-01,11:24:23.07 AM,0m 0.7s,0.7,33.8027919459482,-117.465926368732,0,0,0.6,1264,0,0,0,0,0,0,0,0,0,0.4,-1.4,1.4,-135.7,224.3,,Starting Motors,Other,Takeoff (RC Assisted),18,5,True,,True,False,,Smart,RC,True,True,False,,,True,,False,False,False,False,False,False,False,False,False,False,0,Follow Yaw,0,0,-143.2,216.8,False,False,False,False,False,,0,0,False,False,No Card,100,100,364,364,364,1684,2,False,False,False,False,False,0,False,False,False,False,99,,51.612,,9943,,10044,,51.612,,True,4.294,4.294,4.294,4.294,4.294,4.294,4.294,4.294,4.294,4.294,4.294,4.294,0,,False,False,True,,,,,,,,,,,,,,,False,False,1.46,,76.8,,76.8,,76.8,,,100,,16,5,10974.4,1463.26,,Idle,,20,,10,,,20,Go Home,False,False,False,False,False,False,False,False,False,False,False,False,33.7987591666667,-117.4574081666667,2971.9,2972.0,1049.4,396.9,True,1,1,False,False,False,False,,True,False,False,Course Lock,196.8,67,16.4,93,,,,,Calm,False,False,Android,7.0.2,M300 RTK,1ZN7L4R0H1D00F,1W9DL31001461C,1ZMLH8300204F0,1Z6PH74DAP0QN7,"Corona, CA",728.3,5.7,137.7,8.547347,2.013246,0,0,DJI Matrice 300 RTK,M300 RTK,1ZN7L4R0H1D00F,1W9DL31001461C,1ZMLH8300204F0,1Z6PH74DAP0QN7,DJI Pilot,Android,7.0.2,1EF72A62-B7C3-C88D-164E-CE6F8C8424AE,1ZN7L4R0H1D00F,1W9DL31001461C,,1ZMLH8300204F0,1W9DL31001461C,,,,,
2023-11-01,11:24:23.17 AM,0m 0.8s,0.8,33.8027919503343,-117.465926368732,0,0,0.6,1264,0,0,0,0,0,0,0,0,0,0.3,-1.4,1.4,-135.8,224.2,,Starting Motors,Other,Takeoff (RC Assisted),18,5,True,,True,False,,Smart,RC,True,True,False,,,True,,False,False,False,False,False,False,False,False,False,False,0,Follow Yaw,0,0,-143.2,216.8,False,False,False,False,False,,0,0,False,False,No Card,100,100,364,364,364,1684,2,False,False,False,False,False,0,False,False,False,False,99,,51.612,,9943,,10044,,51.612,,True,4.294,4.294,4.294,4.294,4.294,4.294,4.294,4.294,4.294,4.294,4.294,4.294,0,,False,False,True,,,,,,,,,,,,,,,False,False,1.46,,76.8,,76.8,,76.8,,,100,,16,5,10974.4,1463.26,,Idle,,20,,10,,,20,Go Home,False,False,False,False,False,False,False,False,False,False,False,False,33.7987591666667,-117.4574081666667,2971.9,2972.0,1049.4,396.9,True,1,1,False,False,False,False,,True,False,False,Course Lock,196.8,67,16.4,93,,,,,Calm,False,False,Android,7.0.2,M300 RTK,1ZN7L4R0H1D00F,1W9DL31001461C,1ZMLH8300204F0,1Z6PH74DAP0QN7,"Corona, CA",728.3,5.7,137.7,8.547347,2.013246,0,0,DJI Matrice 300 RTK,M300 RTK,1ZN7L4R0H1D00F,1W9DL31001461C,1ZMLH8300204F0,1Z6PH74DAP0QN7,DJI Pilot,Android,7.0.2,1EF72A62-B7C3-C88D-164E-CE6F8C8424AE,1ZN7L4R0H1D00F,1W9DL31001461C,,1ZMLH8300204F0,1W9DL31001461C,,,,,
2023-11-01,11:24:23.27 AM,0m 0.9s,0.9,33.8027921011053,-117.4659265204698,0,0,0.6,1264,0.1,0,0,0,0,0,0,0,0,0.4,-1.4,1.4,-135.8,224.2,,Starting Motors,Other,Takeoff (RC Assisted),18,5,True,,True,False,,Smart,RC,True,True,False,,,True,,False,False,False,False,False,False,False,False,False,False,0,Follow Yaw,0,0,-143.2,216.8,False,False,False,False,False,,0,0,False,False,No Card,100,100,364,364,364,1684,2,False,False,False,False,False,0,False,False,False,False,99,,51.612,,9943,,10044,,51.612,,True,4.294,4.294,4.294,4.294,4.294,4.294,4.294,4.294,4.294,4.294,4.294,4.294,0,,False,False,True,,,,,,,,,,,,,,,False,False,1.46,,76.8,,76.8,,76.8,,,100,,16,5,10974.4,1463.26,,Idle,,20,,10,,,20,Go Home,False,False,False,False,False,False,False,False,False,False,False,False,33.7987591666667,-117.4574081666667,2972.0,2972.0,1049.4,396.9,True,1,1,False,False,False,False,,True,False,False,Course Lock,196.8,67,16.4,93,,,,,Calm,False,False,Android,7.0.2,M300 RTK,1ZN7L4R0H1D00F,1W9DL31001461C,1ZMLH8300204F0,1Z6PH74DAP0QN7,"Corona, CA",728.3,5.7,137.7,8.547347,2.013246,0,0,DJI Matrice 300 RTK,M300 RTK,1ZN7L4R0H1D00F,1W9DL31001461C,1ZMLH8300204F0,1Z6PH74DAP0QN7,DJI Pilot,Android,7.0.2,1EF72A62-B7C3-C88D-164E-CE6F8C8424AE,1ZN7L4R0H1D00F,1W9DL31001461C,,1ZMLH8300204F0,1W9DL31001461C,,,,,
2023-11-01,11:24:23.37 AM,0m 1.0s,1.0,33.8027921197461,-117.4659265336644,0,0,0.6,1264,0.1,0,0,0,0,0,0,0,0,0.4,-1.4,1.4,-135.8,224.2,,Starting Motors,Other,Takeoff (RC Assisted),18,5,True,,True,False,,Smart,RC,True,True,False,,,True,,False,False,False,False,False,False,False,False,False,False,0,Follow Yaw,0,0,-143.2,216.8,False,False,False,False,False,,0,0,False,False,No Card,100,100,364,374,395,1684,2,False,False,False,False,False,0,False,False,False,False,99,,51.624,,9943,,10044,,51.624,,True,4.294,4.294,4.294,4.294,4.294,4.294,4.294,4.294,4.294,4.294,4.294,4.294,0,,False,False,True,,,,,,,,,,,,,,,False,False,1.464,,76.8,,76.8,,76.8,,,100,,16,5,10974.4,1463.26,,Idle,,20,,10,,,20,Go Home,False,False,False,False,False,False,False,False,False,False,False,False,33.7987591666667,-117.4574081666667,2972.0,2972.0,1049.4,396.9,True,1,1,False,False,False,False,,True,False,False,Course Lock,196.8,67,16.4,93,,,,,Calm,False,False,Android,7.0.2,M300 RTK,1ZN7L4R0H1D00F,1W9DL31001461C,1ZMLH8300204F0,1Z6PH74DAP0QN7,"Corona, CA",728.3,5.7,137.7,8.547347,2.013246,0,0,DJI Matrice 300 RTK,M300 RTK,1ZN7L4R0H1D00F,1W9DL31001461C,1ZMLH8300204F0,1Z6PH74DAP0QN7,DJI Pilot,Android,7.0.2,1EF72A62-B7C3-C88D-164E-CE6F8C8424AE,1ZN7L4R0H1D00F,1W9DL31001461C,,1ZMLH8300204F0,1W9DL31001461C,,,,,
2023-11-01,11:24:23.48 AM,0m 1.1s,1.1,33.8027920753372,-117.4659265105739,0,0,0.6,1264,0.1,0,0,0,0,0,0,0,0,0.4,-1.4,1.4,-135.9,224.1,,Starting Motors,Other,Takeoff (RC Assisted),18,5,True,,True,False,,Smart,RC,True,True,False,,,True,,False,False,False,False,False,False,False,False,False,False,0,Follow Yaw,0,0,-143.2,216.8,False,False,False,False,False,,0,0,False,False,No Card,100,100,1024,1024,1024,1024,2,False,False,False,False,False,0,False,False,False,False,99,,51.624,,9943,,10044,,51.624,,True,4.294,4.294,4.294,4.294,4.294,4.294,4.294,4.294,4.294,4.294,4.294,4.294,0,,False,False,True,,,,,,,,,,,,,,,False,False,1.464,,76.8,,76.8,,76.8,,,100,,16,5,10974.4,1463.26,,Idle,,20,,10,,,20,Go Home,False,False,False,False,False,False,False,False,False,False,False,False,33.7987591666667,-117.4574081666667,2972.0,2972.0,1049.4,396.9,True,1,1,False,False,False,False,,True,False,False,Course Lock,196.8,67,16.4,93,,,,,Calm,False,False,Android,7.0.2,M300 RTK,1ZN7L4R0H1D00F,1W9DL31001461C,1ZMLH8300204F0,1Z6PH74DAP0QN7,"Corona, CA",728.3,5.7,137.7,8.547347,2.013246,0,0,DJI Matrice 300 RTK,M300 RTK,1ZN7L4R0H1D00F,1W9DL31001461C,1ZMLH8300204F0,1Z6PH74DAP0QN7,DJI Pilot,Android,7.0.2,1EF72A62-B7C3-C88D-164E-CE6F8C8424AE,1ZN7L4R0H1D00F,1W9DL31001461C,,1ZMLH8300204F0,1W9DL31001461C,,,,,
2023-11-01,11:24:23.54 AM,0m 1.2s,1.2,33.8027920895919,-117.4659265237685,0,0,0.6,1264,0.1,0,0,0,0,0,0,0,0,0.4,-1.4,1.4,-135.8,224.2,,Starting Motors,Other,Takeoff (RC Assisted),18,5,True,,True,False,,Smart,RC,True,True,False,,,True,,False,False,False,False,False,False,False,False,False,False,0,Follow Yaw,0,0,-143.2,216.8,False,False,False,False,False,,0,0,False,False,No Card,100,100,1024,1024,1024,1024,2,False,False,False,False,False,0,False,False,False,False,99,,51.624,,9943,,10044,,51.624,,True,4.294,4.294,4.294,4.294,4.294,4.294,4.294,4.294,4.294,4.294,4.294,4.294,0,,False,False,True,,,,,,,,,,,,,,,False,False,1.464,,76.8,,76.8,,76.8,,,100,,16,5,10974.4,1463.26,,Idle,,20,,10,,,20,Go Home,False,False,False,False,False,False,False,False,False,False,False,False,33.7987591666667,-117.4574081666667,2972.0,2972.0,1049.4,396.9,True,1,1,False,False,False,False,,True,False,False,Course Lock,196.8,67,16.4,93,,,,,Calm,False,False,Android,7.0.2,M300 RTK,1ZN7L4R0H1D00F,1W9DL31001461C,1ZMLH8300204F0,1Z6PH74DAP0QN7,"Corona, CA",728.3,5.7,137.7,8.547347,2.013246,0,0,DJI Matrice 300 RTK,M300 RTK,1ZN7L4R0H1D00F,1W9DL31001461C,1ZMLH8300204F0,1Z6PH74DAP0QN7,DJI Pilot,Android,7.0.2,1EF72A62-B7C3-C88D-164E-CE6F8C8424AE,1ZN7L4R0H1D00F,1W9DL31001461C,,1ZMLH8300204F0,1W9DL31001461C,,,,,
2023-11-01,11:24:23.64 AM,0m 1.3s,1.3,33.8027920758854,-117.465926483525,0,0,0.6,1264,0.1,0,0,0,0,0,0,0,0,0.4,-1.4,1.4,-135.8,224.2,,Starting Motors,Other,Takeoff (RC Assisted),18,5,True,,True,False,,Smart,RC,True,True,False,,,True,,False,False,False,False,False,False,False,False,False,False,0,Follow Yaw,0,0,-143.2,216.8,False,False,False,False,False,,0,0,False,False,No Card,100,100,1024,1024,1024,1024,2,False,False,False,False,False,0,False,False,False,False,99,,51.624,,9943,,10044,,51.624,,True,4.313,4.313,4.313,4.313,4.313,4.313,4.313,4.313,4.313,4.313,4.313,4.313,0,,False,False,True,,,,,,,,,,,,,,,False,False,1.464,,76.8,,76.8,,76.8,,,100,,16,5,10971.6,1462.88,,Idle,,20,,10,,,20,Go Home,False,False,False,False,False,False,False,False,False,False,False,False,33.7987591666667,-117.4574081666667,2972.0,2972.0,1049.4,396.9,True,1,1,False,False,False,False,,True,False,False,Course Lock,196.8,67,16.4,93,,,,,Calm,False,False,Android,7.0.2,M300 RTK,1ZN7L4R0H1D00F,1W9DL31001461C,1ZMLH8300204F0,1Z6PH74DAP0QN7,"Corona, CA",728.3,5.7,137.7,8.547347,2.013246,0,0,DJI Matrice 300 RTK,M300 RTK,1ZN7L4R0H1D00F,1W9DL31001461C,1ZMLH8300204F0,1Z6PH74DAP0QN7,DJI Pilot,Android,7.0.2,1EF72A62-B7C3-C88D-164E-CE6F8C8424AE,1ZN7L4R0H1D00F,1W9DL31001461C,,1ZMLH8300204F0,1W9DL31001461C,,,,,
2023-11-01,11:24:23.74 AM,0m 1.4s,1.4,33.8027920890436,-117.465926488143,0,0,0.6,1264,0.1,0,0,0,0,0,0,0,0,0.4,-1.4,1.4,-135.8,224.2,,Starting Motors,Other,Takeoff (RC Assisted),18,5,True,,True,False,,Smart,RC,True,True,False,,,True,,False,False,False,False,False,False,False,False,False,False,0,Follow Yaw,0,0,-143.2,216.8,False,False,False,False,False,,0,0,False,False,No Card,100,100,1024,1024,1024,1024,2,False,False,False,False,False,0,False,False,False,False,99,,51.624,,9943,,10044,,51.624,,True,4.313,4.313,4.313,4.313,4.313,4.313,4.313,4.313,4.313,4.313,4.313,4.313,0,,False,False,True,,,,,,,,,,,,,,,False,False,1.464,,76.8,,76.8,,76.8,,,100,,16,5,10971.6,1462.88,,Idle,,20,,10,,,20,Go Home,False,False,False,False,False,False,False,False,False,False,False,False,33.7987591666667,-117.4574081666667,2972.0,2972.0,1049.4,396.9,True,1,1,False,False,False,False,,True,False,False,Course Lock,196.8,67,16.4,93,,,,,Calm,False,False,Android,7.0.2,M300 RTK,1ZN7L4R0H1D00F,1W9DL31001461C,1ZMLH8300204F0,1Z6PH74DAP0QN7,"Corona, CA",728.3,5.7,137.7,8.547347,2.013246,0,0,DJI Matrice 300 RTK,M300 RTK,1ZN7L4R0H1D00F,1W9DL31001461C,1ZMLH8300204F0,1Z6PH74DAP0QN7,DJI Pilot,Android,7.0.2,1EF72A62-B7C3-C88D-164E-CE6F8C8424AE,1ZN7L4R0H1D00F,1W9DL31001461C,,1ZMLH8300204F0,1W9DL31001461C,,,,,
2023-11-01,11:24:23.84 AM,0m 1.5s,1.5,33.8027920704028,-117.4659264630733,0,0,0.6,1264,0.1,0,0,0,0,0,0,0,0,0.4,-1.4,1.4,-135.8,224.2,,Starting Motors,Other,Takeoff (RC Assisted),18,5,True,,True,False,,Smart,RC,True,True,False,,,True,,False,False,False,False,False,False,False,False,False,False,0,Follow Yaw,0,0,-143.2,216.8,False,False,False,False,False,,0,0,False,False,No Card,100,100,1024,1024,1024,1024,2,False,False,False,False,False,0,False,False,False,False,99,,51.624,,9943,,10044,,51.624,,True,4.313,4.313,4.313,4.313,4.313,4.313,4.313,4.313,4.313,4.313,4.313,4.313,0,,False,False,True,,,,,,,,,,,,,,,False,False,1.464,,76.8,,76.8,,76.8,,,100,,16,5,10971.6,1462.88,,Idle,,20,,10,,,20,Go Home,False,False,False,False,False,False,False,False,False,False,False,False,33.7987591666667,-117.4574081666667,2972.0,2972.0,1049.4,396.9,True,1,1,False,False,False,False,,True,False,False,Course Lock,196.8,67,16.4,93,,,,,Calm,False,False,Android,7.0.2,M300 RTK,1ZN7L4R0H1D00F,1W9DL31001461C,1ZMLH8300204F0,1Z6PH74DAP0QN7,"Corona, CA",728.3,5.7,137.7,8.547347,2.013246,0,0,DJI Matrice 300 RTK,M300 RTK,1ZN7L4R0H1D00F,1W9DL31001461C,1ZMLH8300204F0,1Z6PH74DAP0QN7,DJI Pilot,Android,7.0.2,1EF72A62-B7C3-C88D-164E-CE6F8C8424AE,1ZN7L4R0H1D00F,1W9DL31001461C,,1ZMLH8300204F0,1W9DL31001461C,,,,,
2023-11-01,11:24:23.94 AM,0m 1.6s,1.6,33.8027920808198,-117.4659264630733,0,0,0.6,1264,0.1,0,0,0,0,0,0,0,0,0.4,-1.4,1.4,-135.8,224.2,,Starting Motors,Other,Takeoff (RC Assisted),18,5,True,,True,False,,Smart,RC,True,True,False,,,True,,False,False,False,False,False,False,False,False,False,False,0,Follow Yaw,0,0,-143.2,216.8,False,False,False,False,False,,0,0,False,False,No Card,100,100,1024,1024,1024,1024,2,False,False,False,False,False,0,False,False,False,False,99,,51.624,,9943,,10044,,51.624,,True,4.313,4.313,4.313,4.313,4.313,4.313,4.313,4.313,4.313,4.313,4.313,4.313,0,,False,False,True,,,,,,,,,,,,,,,False,False,1.464,,76.8,,76.8,,76.8,,,100,,16,5,10971.6,1462.88,,Idle,,20,,10,,,20,Go Home,False,False,False,False,False,False,False,False,False,False,False,False,33.7987591666667,-117.4574081666667,2972.0,2972.0,1049.4,396.9,True,1,1,False,False,False,False,,True,False,False,Course Lock,196.8,67,16.4,93,,,,,Calm,False,False,Android,7.0.2,M300 RTK,1ZN7L4R0H1D00F,1W9DL31001461C,1ZMLH8300204F0,1Z6PH74DAP0QN7,"Corona, CA",728.3,5.7,137.7,8.547347,2.013246,0,0,DJI Matrice 300 RTK,M300 RTK,1ZN7L4R0H1D00F,1W9DL31001461C,1ZMLH8300204F0,1Z6PH74DAP0QN7,DJI Pilot,Android,7.0.2,1EF72A62-B7C3-C88D-164E-CE6F8C8424AE,1ZN7L4R0H1D00F,1W9DL31001461C,,1ZMLH8300204F0,1W9DL31001461C,,,,,
2023-11-01,11:24:24.04 AM,0m 1.7s,1.7,33.8027920534068,-117.4659264577954,0,0,0.6,1264,0.1,0,0,0,0,0,0,0,0,0.4,-1.4,1.4,-135.8,224.2,,Starting Motors,Other,Takeoff (RC Assisted),18,5,True,,True,False,,Smart,RC,True,True,False,,,True,,False,False,False,False,False,False,False,False,False,False,0,Follow Yaw,0,0,-143.2,216.8,False,False,False,False,False,,0,0,False,False,No Card,100,100,1024,1024,1024,1024,2,False,False,False,False,False,0,False,False,False,False,99,,51.624,,9943,,10044,,51.624,,True,4.313,4.313,4.313,4.313,4.313,4.313,4.313,4.313,4.313,4.313,4.313,4.313,0,,False,False,True,,,,,,,,,,,,,,,False,False,1.464,,76.8,,76.8,,76.8,,,100,,16,5,10971.6,1462.88,,Idle,,20,,10,,,20,Go Home,False,False,False,False,False,False,False,False,False,False,False,False,33.7987591666667,-117.4574081666667,2972.0,2972.0,1049.4,396.9,True,1,1,False,False,False,False,,True,False,False,Course Lock,196.8,67,16.4,93,,,,,Calm,False,False,Android,7.0.2,M300 RTK,1ZN7L4R0H1D00F,1W9DL31001461C,1ZMLH8300204F0,1Z6PH74DAP0QN7,"Corona, CA",728.3,5.7,137.7,8.547347,2.013246,0,0,DJI Matrice 300 RTK,M300 RTK,1ZN7L4R0H1D00F,1W9DL31001461C,1ZMLH8300204F0,1Z6PH74DAP0QN7,DJI Pilot,Android,7.0.2,1EF72A62-B7C3-C88D-164E-CE6F8C8424AE,1ZN7L4R0H1D00F,1W9DL31001461C,,1ZMLH8300204F0,1W9DL31001461C,,,,,
2023-11-01,11:24:24.14 AM,0m 1.8s,1.8,33.8027920605342,-117.4659264584552,0,0,0.6,1264,0.1,0,0,0,0,0,0,0,0,0.4,-1.4,1.4,-135.8,224.2,,Starting Motors,Other,Takeoff (RC Assisted),18,5,True,,True,False,,Smart,RC,True,True,False,,,True,,False,False,False,False,False,False,False,False,False,False,0,Follow Yaw,0,0,-143.2,216.8,False,False,False,False,False,,0,0,False,False,No Card,100,100,1024,1024,1024,1024,2,False,False,False,False,False,0,False,False,False,False,99,,51.624,,9943,,10044,,51.624,,True,4.313,4.313,4.313,4.313,4.313,4.313,4.313,4.313,4.313,4.313,4.313,4.313,0,,False,False,True,,,,,,,,,,,,,,,False,False,1.464,,76.8,,76.8,,76.8,,,100,,16,5,10971.6,1462.88,,Idle,,20,,10,,,20,Go Home,False,False,False,False,False,False,False,False,False,False,False,False,33.7987591666667,-117.4574081666667,2972.0,2972.0,1049.4,396.9,True,1,1,False,False,False,False,,True,False,False,Course Lock,196.8,67,16.4,93,,,,,Calm,False,False,Android,7.0.2,M300 RTK,1ZN7L4R0H1D00F,1W9DL31001461C,1ZMLH8300204F0,1Z6PH74DAP0QN7,"Corona, CA",728.3,5.7,137.7,8.547347,2.013246,0,0,DJI Matrice 300 RTK,M300 RTK,1ZN7L4R0H1D00F,1W9DL31001461C,1ZMLH8300204F0,1Z6PH74DAP0QN7,DJI Pilot,Android,7.0.2,1EF72A62-B7C3-C88D-164E-CE6F8C8424AE,1ZN7L4R0H1D00F,1W9DL31001461C,,1ZMLH8300204F0,1W9DL31001461C,,,,,
2023-11-01,11:24:24.24 AM,0m 1.9s,1.9,33.802792051762,-117.4659262968215,0,0,0.6,1264,0.2,0,0,0,0,0,0,0,0,0.4,-1.4,1.4,-135.9,224.1,,Starting Motors,Other,Takeoff (RC Assisted),18,5,True,,True,False,,Smart,RC,True,True,False,,,True,,False,False,False,False,False,False,False,False,False,False,0,Follow Yaw,0,0,-143.2,216.8,False,False,False,False,False,,0,0,False,False,No Card,100,100,1024,1024,1024,1024,2,False,False,False,False,False,0,False,False,False,False,99,,51.624,,9943,,10044,,51.624,,True,4.313,4.313,4.313,4.313,4.313,4.313,4.313,4.313,4.313,4.313,4.313,4.313,0,,False,False,True,,,,,,,,,,,,,,,False,False,1.464,,76.8,,76.8,,76.8,,,100,,16,5,10971.6,1462.88,,Idle,,20,,10,,,20,Go Home,False,False,False,False,False,False,False,False,False,False,False,False,33.7987591666667,-117.4574081666667,2971.9,2972.0,1049.4,396.9,True,1,1,False,False,False,False,,True,False,False,Course Lock,196.8,67,16.4,93,,,,,Calm,False,False,Android,7.0.2,M300 RTK,1ZN7L4R0H1D00F,1W9DL31001461C,1ZMLH8300204F0,1Z6PH74DAP0QN7,"Corona, CA",728.3,5.7,137.7,8.547347,2.013246,0,0,DJI Matrice 300 RTK,M300 RTK,1ZN7L4R0H1D00F,1W9DL31001461C,1ZMLH8300204F0,1Z6PH74DAP0QN7,DJI Pilot,Android,7.0.2,1EF72A62-B7C3-C88D-164E-CE6F8C8424AE,1ZN7L4R0H1D00F,1W9DL31001461C,,1ZMLH8300204F0,1W9DL31001461C,,,,,
2023-11-01,11:24:24.34 AM,0m 2.0s,2.0,33.8027920588894,-117.465926280988,0,0,0.6,1264,0.2,0,0,0,0,0,0,0,0,0.4,-1.4,1.4,-135.9,224.1,,Manual Takeoff,Other,Takeoff (RC Assisted),18,5,True,,True,False,,Smart,RC,True,True,False,,,True,,False,False,False,False,False,False,False,False,False,False,0,Follow Yaw,0,0,-143.2,216.8,False,False,False,False,False,,0,0,False,False,No Card,100,100,1024,1024,1024,1024,2,False,False,False,False,False,0,False,False,False,False,99,,51.624,,9943,,10044,,51.624,,True,4.313,4.313,4.313,4.313,4.313,4.313,4.313,4.313,4.313,4.313,4.313,4.313,0,,False,False,True,,,,,,,,,,,,,,,False,False,4.93,,76.8,,76.8,,76.8,,,100,,16,5,10971.6,1462.88,,Idle,,20,,10,,,20,Go Home,False,False,False,False,False,False,False,False,False,False,False,False,33.7987591666667,-117.4574081666667,2971.9,2972.0,1049.4,396.9,True,1,1,False,False,False,False,,True,False,False,Course Lock,196.8,67,16.4,93,,,,,Calm,False,False,Android,7.0.2,M300 RTK,1ZN7L4R0H1D00F,1W9DL31001461C,1ZMLH8300204F0,1Z6PH74DAP0QN7,"Corona, CA",728.3,5.7,137.7,8.547347,2.013246,0,0,DJI Matrice 300 RTK,M300 RTK,1ZN7L4R0H1D00F,1W9DL31001461C,1ZMLH8300204F0,1Z6PH74DAP0QN7,DJI Pilot,Android,7.0.2,1EF72A62-B7C3-C88D-164E-CE6F8C8424AE,1ZN7L4R0H1D00F,1W9DL31001461C,,1ZMLH8300204F0,1W9DL31001461C,,,,Flight mode changed to Manual Takeoff.,
2023-11-01,11:24:24.40 AM,0m 2.1s,2.1,33.8027920457312,-117.4659264544968,0,0,0.6,1264,0.2,0,0,0,0,0,0,0,0,0.4,-1.4,1.4,-135.9,224.1,,Manual Takeoff,Other,Takeoff (RC Assisted),18,5,True,,True,False,,Smart,RC,True,True,False,,,True,,False,False,False,False,False,False,False,False,False,False,0,Follow Yaw,0,0,-143.2,216.8,False,False,False,False,False,,0,0,False,False,No Card,100,100,1024,1024,1024,1024,2,False,False,False,False,False,0,False,False,False,False,99,,51.624,,9943,,10044,,51.624,,True,4.313,4.313,4.313,4.313,4.313,4.313,4.313,4.313,4.313,4.313,4.313,4.313,0,,False,False,True,,,,,,,,,,,,,,,False,False,4.93,,76.8,,76.8,,76.8,,,100,,16,5,10971.6,1462.88,,Idle,,20,,10,,,20,Go Home,False,False,False,False,False,False,False,False,False,False,False,False,33.7987591666667,-117.4574081666667,2972.0,2972.0,1049.4,396.9,True,1,1,False,False,False,False,,True,False,False,Course Lock,196.8,67,16.4,93,,,,,Calm,False,False,Android,7.0.2,M300 RTK,1ZN7L4R0H1D00F,1W9DL31001461C,1ZMLH8300204F0,1Z6PH74DAP0QN7,"Corona, CA",728.3,5.7,137.7,8.547347,2.013246,0,0,DJI Matrice 300 RTK,M300 RTK,1ZN7L4R0H1D00F,1W9DL31001461C,1ZMLH8300204F0,1Z6PH74DAP0QN7,DJI Pilot,Android,7.0.2,1EF72A62-B7C3-C88D-164E-CE6F8C8424AE,1ZN7L4R0H1D00F,1W9DL31001461C,,1ZMLH8300204F0,1W9DL31001461C,,,,,
2023-11-01,11:24:24.54 AM,0m 2.2s,2.2,33.8027920528586,-117.4659264544968,0,0,0.6,1264,0.2,0,0,0,0,0,0,0,0,0.4,-1.4,1.4,-135.9,224.1,,Manual Takeoff,Other,Takeoff (RC Assisted),18,5,True,,True,False,,Smart,RC,True,True,False,,,True,,False,False,False,False,False,False,False,False,False,False,0,Follow Yaw,0,0,-143.2,216.8,False,False,False,False,False,,0,0,False,False,No Card,100,100,1024,1024,1024,1024,2,False,False,False,False,False,0,False,False,False,False,99,,51.624,,9943,,10044,,51.624,,True,4.313,4.313,4.313,4.313,4.313,4.313,4.313,4.313,4.313,4.313,4.313,4.313,0,,False,False,True,,,,,,,,,,,,,,,False,False,4.93,,76.8,,76.8,,76.8,,,100,,16,5,10971.6,1462.88,,Idle,,20,,10,,,20,Go Home,False,False,False,False,False,False,False,False,False,False,False,False,33.7987591666667,-117.4574081666667,2972.0,2972.0,1049.4,396.9,True,1,1,False,False,False,False,,True,False,False,Course Lock,196.8,67,16.4,93,,,,,Calm,False,False,Android,7.0.2,M300 RTK,1ZN7L4R0H1D00F,1W9DL31001461C,1ZMLH8300204F0,1Z6PH74DAP0QN7,"Corona, CA",728.3,5.7,137.7,8.547347,2.013246,0,0,DJI Matrice 300 RTK,M300 RTK,1ZN7L4R0H1D00F,1W9DL31001461C,1ZMLH8300204F0,1Z6PH74DAP0QN7,DJI Pilot,Android,7.0.2,1EF72A62-B7C3-C88D-164E-CE6F8C8424AE,1ZN7L4R0H1D00F,1W9DL31001461C,,1ZMLH8300204F0,1W9DL31001461C,,,,,
2023-11-01,11:24:24.64 AM,0m 2.3s,2.3,33.8027920418934,-117.4659264478995,0,0,0.6,1264,0.2,0,0,0,0,0,0,0,0,0.4,-1.4,1.4,-135.9,224.1,,Manual Takeoff,Other,Takeoff (RC Assisted),18,5,True,,True,False,,Smart,RC,True,True,False,,,True,,False,False,False,False,False,False,False,False,False,False,0,Follow Yaw,0,0,-143.2,216.8,False,False,False,False,False,,0,0,False,False,No Card,100,100,1024,1024,1024,1024,2,False,False,False,False,False,0,False,False,False,False,99,,51.624,,9943,,10044,,51.624,,True,4.309,4.309,4.309,4.309,4.309,4.309,4.309,4.309,4.309,4.309,4.309,4.309,0,,False,False,True,,,,,,,,,,,,,,,False,False,4.93,,76.8,,76.8,,76.8,,,100,,16,5,11491.9,1532.25,,Idle,,20,,10,,,20,Go Home,False,False,False,False,False,False,False,False,False,False,False,False,33.7987591666667,-117.4574081666667,2972.0,2972.0,1049.4,396.9,True,1,1,False,False,False,False,,True,False,False,Course Lock,196.8,67,16.4,93,,,,,Calm,False,False,Android,7.0.2,M300 RTK,1ZN7L4R0H1D00F,1W9DL31001461C,1ZMLH8300204F0,1Z6PH74DAP0QN7,"Corona, CA",728.3,5.7,137.7,8.547347,2.013246,0,0,DJI Matrice 300 RTK,M300 RTK,1ZN7L4R0H1D00F,1W9DL31001461C,1ZMLH8300204F0,1Z6PH74DAP0QN7,DJI Pilot,Android,7.0.2,1EF72A62-B7C3-C88D-164E-CE6F8C8424AE,1ZN7L4R0H1D00F,1W9DL31001461C,,1ZMLH8300204F0,1W9DL31001461C,,,,,
2023-11-01,11:24:24.74 AM,0m 2.4s,2.4,33.8027920462795,-117.4659264459203,0,0,0.6,1264,0.2,0,0,0,0,0,0,0,0,0.4,-1.4,1.4,-135.9,224.1,,Manual Takeoff,Other,Takeoff (RC Assisted),18,5,True,,True,False,,Smart,RC,True,True,False,,,True,,False,False,False,False,False,False,False,False,False,False,0,Follow Yaw,0,0,-143.2,216.8,False,False,False,False,False,,0,0,False,False,No Card,100,100,1024,1024,1024,1024,2,False,False,False,False,False,0,False,False,False,False,99,,51.624,,9943,,10044,,51.624,,True,4.309,4.309,4.309,4.309,4.309,4.309,4.309,4.309,4.309,4.309,4.309,4.309,0,,False,False,True,,,,,,,,,,,,,,,False,False,4.93,,76.8,,76.8,,76.8,,,100,,16,5,11491.9,1532.25,,Idle,,20,,10,,,20,Go Home,False,False,False,False,False,False,False,False,False,False,False,False,33.7987591666667,-117.4574081666667,2972.0,2972.0,1049.4,396.9,True,1,1,False,False,False,False,,True,False,False,Course Lock,196.8,67,16.4,93,,,,,Calm,False,False,Android,7.0.2,M300 RTK,1ZN7L4R0H1D00F,1W9DL31001461C,1ZMLH8300204F0,1Z6PH74DAP0QN7,"Corona, CA",728.3,5.7,137.7,8.547347,2.013246,0,0,DJI Matrice 300 RTK,M300 RTK,1ZN7L4R0H1D00F,1W9DL31001461C,1ZMLH8300204F0,1Z6PH74DAP0QN7,DJI Pilot,Android,7.0.2,1EF72A62-B7C3-C88D-164E-CE6F8C8424AE,1ZN7L4R0H1D00F,1W9DL31001461C,,1ZMLH8300204F0,1W9DL31001461C,,,,,
2023-11-01,11:24:24.84 AM,0m 2.5s,2.5,33.8027920418934,-117.4659264426217,0,0,0.6,1264,0.3,0,0,0,0,0,0,0,0,0.4,-1.4,1.4,-135.9,224.1,,Manual Takeoff,Other,Takeoff (RC Assisted),18,5,True,,True,False,,Smart,RC,True,True,False,,,True,,False,False,False,False,False,False,False,False,False,False,0,Follow Yaw,0,0,-143.2,216.8,False,False,False,False,False,,0,0,False,False,No Card,100,100,1024,1024,1024,1024,2,False,False,False,False,False,0,False,False,False,False,99,,51.624,,9943,,10044,,51.624,,True,4.309,4.309,4.309,4.309,4.309,4.309,4.309,4.309,4.309,4.309,4.309,4.309,0,,False,False,True,,,,,,,,,,,,,,,False,False,4.93,,76.8,,76.8,,76.8,,,100,,16,5,11491.9,1532.25,,Idle,,20,,10,,,20,Go Home,False,False,False,False,False,False,False,False,False,False,False,False,33.7987591666667,-117.4574081666667,2972.0,2972.0,1049.4,396.9,True,1,1,False,False,False,False,,True,False,False,Course Lock,196.8,67,16.4,93,,,,,Calm,False,False,Android,7.0.2,M300 RTK,1ZN7L4R0H1D00F,1W9DL31001461C,1ZMLH8300204F0,1Z6PH74DAP0QN7,"Corona, CA",728.3,5.7,137.7,8.547347,2.013246,0,0,DJI Matrice 300 RTK,M300 RTK,1ZN7L4R0H1D00F,1W9DL31001461C,1ZMLH8300204F0,1Z6PH74DAP0QN7,DJI Pilot,Android,7.0.2,1EF72A62-B7C3-C88D-164E-CE6F8C8424AE,1ZN7L4R0H1D00F,1W9DL31001461C,,1ZMLH8300204F0,1W9DL31001461C,,,,,
2023-11-01,11:24:24.94 AM,0m 2.6s,2.6,33.8027920462795,-117.4659264399828,0,0,0.6,1264,0.3,0,0,0,0,0,0,0,0,0.4,-1.4,1.4,-135.9,224.1,,Manual Takeoff,Other,Takeoff (RC Assisted),18,5,True,,True,False,,Smart,RC,True,True,False,,,True,,False,False,False,False,False,False,False,False,False,False,0,Follow Yaw,0,0,-143.2,216.8,False,False,False,False,False,,0,0,False,False,No Card,100,100,1024,1024,1024,1024,2,False,False,False,False,False,0,False,False,False,False,99,,51.624,,9943,,10044,,51.624,,True,4.309,4.309,4.309,4.309,4.309,4.309,4.309,4.309,4.309,4.309,4.309,4.309,0,,False,False,True,,,,,,,,,,,,,,,False,False,4.93,,76.8,,76.8,,76.8,,,100,,16,5,11491.9,1532.25,,Idle,,20,,10,,,20,Go Home,False,False,False,False,False,False,False,False,False,False,False,False,33.7987591666667,-117.4574081666667,2972.0,2972.0,1049.4,396.9,True,1,1,False,False,False,False,,True,False,False,Course Lock,196.8,67,16.4,93,,,,,Calm,False,False,Android,7.0.2,M300 RTK,1ZN7L4R0H1D00F,1W9DL31001461C,1ZMLH8300204F0,1Z6PH74DAP0QN7,"Corona, CA",728.3,5.7,137.7,8.547347,2.013246,0,0,DJI Matrice 300 RTK,M300 RTK,1ZN7L4R0H1D00F,1W9DL31001461C,1ZMLH8300204F0,1Z6PH74DAP0QN7,DJI Pilot,Android,7.0.2,1EF72A62-B7C3-C88D-164E-CE6F8C8424AE,1ZN7L4R0H1D00F,1W9DL31001461C,,1ZMLH8300204F0,1W9DL31001461C,,,,,
2023-11-01,11:24:25.01 AM,0m 2.7s,2.7,33.802792195954,-117.4659264353647,0,0,0.6,1264,0.3,0,0,0,0,0,0,0,0,0.4,-1.4,1.4,-135.9,224.1,,Manual Takeoff,Other,Takeoff (RC Assisted),18,5,True,,True,False,,Smart,RC,True,True,False,,,True,,False,False,False,False,False,False,False,False,False,False,0,Follow Yaw,0,0,-143.2,216.8,False,False,False,False,False,,0,0,False,False,No Card,100,100,1024,1024,1024,1024,2,False,False,False,False,False,0,False,False,False,False,99,,51.612,,4936,,4986,,51.612,,True,4.309,4.309,4.309,4.309,4.309,4.309,4.309,4.309,4.309,4.309,4.309,4.309,0,,False,False,True,,,,,,,,,,,,,,,False,False,2.33,,75.7,,75.7,,76.8,,,100,,16,5,11491.9,1532.25,,Idle,,20,,10,,,20,Go Home,False,False,False,False,False,False,False,False,False,False,False,False,33.7987591666667,-117.4574081666667,2972.0,2972.0,1049.4,396.9,True,1,1,False,False,False,False,,True,False,False,Course Lock,196.8,67,16.4,93,,,,,Calm,False,False,Android,7.0.2,M300 RTK,1ZN7L4R0H1D00F,1W9DL31001461C,1ZMLH8300204F0,1Z6PH74DAP0QN7,"Corona, CA",728.3,5.7,137.7,8.547347,2.013246,0,0,DJI Matrice 300 RTK,M300 RTK,1ZN7L4R0H1D00F,1W9DL31001461C,1ZMLH8300204F0,1Z6PH74DAP0QN7,DJI Pilot,Android,7.0.2,1EF72A62-B7C3-C88D-164E-CE6F8C8424AE,1ZN7L4R0H1D00F,1W9DL31001461C,,1ZMLH8300204F0,1W9DL31001461C,,,,,
2023-11-01,11:24:25.12 AM,0m 2.8s,2.8,33.80279221295,-117.4659264300869,0,0,0.6,1264,0.3,0,0,0,0,0,0,0,0,0.4,-1.4,1.4,-135.9,224.1,,Manual Takeoff,Other,Takeoff (RC Assisted),18,5,True,,True,False,,Smart,RC,True,True,False,,,True,,False,False,False,False,False,False,False,False,False,False,0,Follow Yaw,0,0,-143.2,216.8,False,False,False,False,False,,0,0,False,False,No Card,100,100,1024,1024,1024,1024,2,False,False,False,False,False,0,False,False,False,False,99,,51.612,,4936,,4986,,51.612,,True,4.309,4.309,4.309,4.309,4.309,4.309,4.309,4.309,4.309,4.309,4.309,4.309,0,,False,False,True,,,,,,,,,,,,,,,False,False,2.33,,75.7,,75.7,,76.8,,,100,,16,5,11491.9,1532.25,,Idle,,20,,10,,,20,Go Home,False,False,False,False,False,False,False,False,False,False,False,False,33.7987591666667,-117.4574081666667,2972.0,2972.0,1049.4,396.9,True,1,1,False,False,False,False,,True,False,False,Course Lock,196.8,67,16.4,93,,,,,Calm,False,False,Android,7.0.2,M300 RTK,1ZN7L4R0H1D00F,1W9DL31001461C,1ZMLH8300204F0,1Z6PH74DAP0QN7,"Corona, CA",728.3,5.7,137.7,8.547347,2.013246,0,0,DJI Matrice 300 RTK,M300 RTK,1ZN7L4R0H1D00F,1W9DL31001461C,1ZMLH8300204F0,1Z6PH74DAP0QN7,DJI Pilot,Android,7.0.2,1EF72A62-B7C3-C88D-164E-CE6F8C8424AE,1ZN7L4R0H1D00F,1W9DL31001461C,,1ZMLH8300204F0,1W9DL31001461C,,,,,
2023-11-01,11:24:25.24 AM,0m 2.9s,2.9,33.8027920199631,-117.465926273731,0,0,0.6,1264,0.4,0,0,0,0,0,0,0,0,0.4,-1.4,1.4,-135.9,224.1,,Manual Takeoff,Other,Takeoff (RC Assisted),18,5,True,,True,False,,Smart,RC,True,True,False,,,True,,False,False,False,False,False,False,False,False,False,False,0,Follow Yaw,0,0,-143.2,216.8,False,False,False,False,False,,0,0,False,False,No Card,100,100,1024,1024,1024,1024,2,False,False,False,False,False,0,False,False,False,False,99,,51.612,,4936,,4986,,51.612,,True,4.309,4.309,4.309,4.309,4.309,4.309,4.309,4.309,4.309,4.309,4.309,4.309,0,,False,False,True,,,,,,,,,,,,,,,False,False,2.33,,75.7,,75.7,,76.8,,,100,,16,5,11491.9,1532.25,,Idle,,20,,10,,,20,Go Home,False,False,False,False,False,False,False,False,False,False,False,False,33.7987591666667,-117.4574081666667,2971.9,2972.0,1049.4,396.9,True,1,1,False,False,False,False,,True,False,False,Course Lock,196.8,67,16.4,93,,,,,Calm,False,False,Android,7.0.2,M300 RTK,1ZN7L4R0H1D00F,1W9DL31001461C,1ZMLH8300204F0,1Z6PH74DAP0QN7,"Corona, CA",728.3,5.7,137.7,8.547347,2.013246,0,0,DJI Matrice 300 RTK,M300 RTK,1ZN7L4R0H1D00F,1W9DL31001461C,1ZMLH8300204F0,1Z6PH74DAP0QN7,DJI Pilot,Android,7.0.2,1EF72A62-B7C3-C88D-164E-CE6F8C8424AE,1ZN7L4R0H1D00F,1W9DL31001461C,,1ZMLH8300204F0,1W9DL31001461C,,,,,
2023-11-01,11:24:25.33 AM,0m 3.0s,3.0,33.8027920221561,-117.4659262539391,0,0,0.6,1264,0.4,0,0,0,0,0,0,0,0,0.4,-1.4,1.4,-135.9,224.1,,Manual Takeoff,Other,Takeoff (RC Assisted),18,5,True,,True,False,,Smart,RC,True,True,False,,,True,,False,False,False,False,False,False,False,False,False,False,0,Follow Yaw,0,0,-143.2,216.8,False,False,False,False,False,,0,0,False,False,No Card,100,100,1024,1024,1024,1024,2,False,False,False,False,False,0,False,False,False,False,99,,51.612,,9943,,10044,,51.612,,True,4.309,4.309,4.309,4.309,4.309,4.309,4.309,4.309,4.309,4.309,4.309,4.309,0,,False,False,True,,,,,,,,,,,,,,,False,False,4.628,,76.8,,75.7,,76.8,,,100,,16,5,11491.9,1532.25,,Idle,,20,,10,,,20,Go Home,False,False,False,False,False,False,False,False,False,False,False,False,33.7987591666667,-117.4574081666667,2971.9,2972.0,1049.4,396.9,True,1,1,False,False,False,False,,True,False,False,Course Lock,196.8,67,16.4,93,,,,,Calm,False,False,Android,7.0.2,M300 RTK,1ZN7L4R0H1D00F,1W9DL31001461C,1ZMLH8300204F0,1Z6PH74DAP0QN7,"Corona, CA",728.3,5.7,137.7,8.547347,2.013246,0,0,DJI Matrice 300 RTK,M300 RTK,1ZN7L4R0H1D00F,1W9DL31001461C,1ZMLH8300204F0,1Z6PH74DAP0QN7,DJI Pilot,Android,7.0.2,1EF72A62-B7C3-C88D-164E-CE6F8C8424AE,1ZN7L4R0H1D00F,1W9DL31001461C,,1ZMLH8300204F0,1W9DL31001461C,,,,,
2023-11-01,11:24:25.43 AM,0m 3.1s,3.1,33.8027920210596,-117.4659262776894,0,0,0.6,1264,0.4,0,0,0,0,0,0,0,0,0.4,-1.4,1.4,-135.9,224.1,,Manual Takeoff,Other,Takeoff (RC Assisted),18,5,True,,True,False,,Smart,RC,True,True,False,,,True,,False,False,False,False,False,False,False,False,False,False,0,Follow Yaw,0,0,-143.2,216.8,False,False,False,False,False,,0,0,False,False,No Card,100,100,1024,1024,1024,1024,2,False,False,False,False,False,0,False,False,False,False,99,,51.612,,9943,,10044,,51.612,,True,4.309,4.309,4.309,4.309,4.309,4.309,4.309,4.309,4.309,4.309,4.309,4.309,0,,False,False,True,,,,,,,,,,,,,,,False,False,4.628,,76.8,,75.7,,76.8,,,100,,16,5,11491.9,1532.25,,Idle,,20,,10,,,20,Go Home,False,False,False,False,False,False,False,False,False,False,False,False,33.7987591666667,-117.4574081666667,2971.9,2972.0,1049.4,396.9,True,1,1,False,False,False,False,,True,False,False,Course Lock,196.8,67,16.4,93,,,,,Calm,False,False,Android,7.0.2,M300 RTK,1ZN7L4R0H1D00F,1W9DL31001461C,1ZMLH8300204F0,1Z6PH74DAP0QN7,"Corona, CA",728.3,5.7,137.7,8.547347,2.013246,0,0,DJI Matrice 300 RTK,M300 RTK,1ZN7L4R0H1D00F,1W9DL31001461C,1ZMLH8300204F0,1Z6PH74DAP0QN7,DJI Pilot,Android,7.0.2,1EF72A62-B7C3-C88D-164E-CE6F8C8424AE,1ZN7L4R0H1D00F,1W9DL31001461C,,1ZMLH8300204F0,1W9DL31001461C,,,,,
2023-11-01,11:24:25.53 AM,0m 3.2s,3.2,33.8027920210596,-117.4659262572377,0,0,0.6,1264,0.4,0,0,0,0,0,0,0,0,0.5,-1.4,1.4,-135.9,224.1,,Manual Takeoff,Other,Takeoff (RC Assisted),18,5,True,,True,False,,Smart,RC,True,True,False,,,True,,False,False,False,False,False,False,False,False,False,False,0,Follow Yaw,0,0,-143.2,216.8,False,False,False,False,False,,0,0,False,False,No Card,100,100,1024,1024,1024,1024,2,False,False,False,False,False,0,False,False,False,False,99,,51.612,,9943,,10044,,51.612,,True,4.309,4.309,4.309,4.309,4.309,4.309,4.309,4.309,4.309,4.309,4.309,4.309,0,,False,False,True,,,,,,,,,,,,,,,False,False,4.628,,76.8,,75.7,,76.8,,,100,,16,5,11491.9,1532.25,,Idle,,20,,10,,,20,Go Home,False,False,False,False,False,False,False,False,False,False,False,False,33.7987591666667,-117.4574081666667,2971.9,2972.0,1049.4,396.9,True,1,1,False,False,False,False,,True,False,False,Course Lock,196.8,67,16.4,93,,,,,Calm,False,False,Android,7.0.2,M300 RTK,1ZN7L4R0H1D00F,1W9DL31001461C,1ZMLH8300204F0,1Z6PH74DAP0QN7,"Corona, CA",728.3,5.7,137.7,8.547347,2.013246,0,0,DJI Matrice 300 RTK,M300 RTK,1ZN7L4R0H1D00F,1W9DL31001461C,1ZMLH8300204F0,1Z6PH74DAP0QN7,DJI Pilot,Android,7.0.2,1EF72A62-B7C3-C88D-164E-CE6F8C8424AE,1ZN7L4R0H1D00F,1W9DL31001461C,,1ZMLH8300204F0,1W9DL31001461C,,,,,
2023-11-01,11:24:25.64 AM,0m 3.3s,3.3,33.8027920265422,-117.4659262829672,0,0,0.6,1264,0.4,0,0,0,0,0,0,0,0,0.4,-1.4,1.4,-135.9,224.1,,Manual Takeoff,Other,Takeoff (RC Assisted),18,5,True,,True,False,,Smart,RC,True,True,False,,,True,,False,False,False,False,False,False,False,False,False,False,0,Follow Yaw,0,0,-143.2,216.8,False,False,False,False,False,,0,0,False,False,No Card,100,100,1024,1024,1024,1024,2,False,False,False,False,False,0,False,False,False,False,99,,51.612,,9943,,10044,,51.612,,True,4.303,4.303,4.303,4.303,4.303,4.303,4.303,4.303,4.303,4.303,4.303,4.303,0,,False,False,True,,,,,,,,,,,,,,,False,False,4.628,,76.8,,75.7,,76.8,,,100,,16,5,13305.2,1774.02,,Idle,,20,,10,,,20,Go Home,False,False,False,False,False,False,False,False,False,False,False,False,33.7987591666667,-117.4574081666667,2971.9,2972.0,1049.4,396.9,True,1,1,False,False,False,False,,True,False,False,Course Lock,196.8,67,16.4,93,,,,,Calm,False,False,Android,7.0.2,M300 RTK,1ZN7L4R0H1D00F,1W9DL31001461C,1ZMLH8300204F0,1Z6PH74DAP0QN7,"Corona, CA",728.3,5.7,137.7,8.547347,2.013246,0,0,DJI Matrice 300 RTK,M300 RTK,1ZN7L4R0H1D00F,1W9DL31001461C,1ZMLH8300204F0,1Z6PH74DAP0QN7,DJI Pilot,Android,7.0.2,1EF72A62-B7C3-C88D-164E-CE6F8C8424AE,1ZN7L4R0H1D00F,1W9DL31001461C,,1ZMLH8300204F0,1W9DL31001461C,,,,,
2023-11-01,11:24:25.74 AM,0m 3.4s,3.4,33.8027920265422,-117.4659262658142,0,0,0.6,1264,0.4,0,0,0,0,0,0,0,0,0.4,-1.4,1.4,-135.9,224.1,,Manual Takeoff,Other,Takeoff (RC Assisted),18,5,True,,True,False,,Smart,RC,True,True,False,,,True,,False,False,False,False,False,False,False,False,False,False,0,Follow Yaw,0,0,-143.2,216.8,False,False,False,False,False,,0,0,False,False,No Card,100,100,1024,1024,1024,1024,2,False,False,False,False,False,0,False,False,False,False,99,,51.612,,9943,,10044,,51.612,,True,4.303,4.303,4.303,4.303,4.303,4.303,4.303,4.303,4.303,4.303,4.303,4.303,0,,False,False,True,,,,,,,,,,,,,,,False,False,4.628,,76.8,,75.7,,76.8,,,100,,16,5,13305.2,1774.02,,Idle,,20,,10,,,20,Go Home,False,False,False,False,False,False,False,False,False,False,False,False,33.7987591666667,-117.4574081666667,2971.9,2972.0,1049.4,396.9,True,1,1,False,False,False,False,,True,False,False,Course Lock,196.8,67,16.4,93,,,,,Calm,False,False,Android,7.0.2,M300 RTK,1ZN7L4R0H1D00F,1W9DL31001461C,1ZMLH8300204F0,1Z6PH74DAP0QN7,"Corona, CA",728.3,5.7,137.7,8.547347,2.013246,0,0,DJI Matrice 300 RTK,M300 RTK,1ZN7L4R0H1D00F,1W9DL31001461C,1ZMLH8300204F0,1Z6PH74DAP0QN7,DJI Pilot,Android,7.0.2,1EF72A62-B7C3-C88D-164E-CE6F8C8424AE,1ZN7L4R0H1D00F,1W9DL31001461C,,1ZMLH8300204F0,1W9DL31001461C,,,,,
2023-11-01,11:24:25.84 AM,0m 3.5s,3.5,33.8027920298317,-117.4659263007799,0,0,0.6,1264,0.4,0,0,0,0,0,0,0,0,0.4,-1.4,1.4,-135.9,224.1,,Manual Takeoff,Other,Takeoff (RC Assisted),18,5,True,,True,False,,Smart,RC,True,True,False,,,True,,False,False,False,False,False,False,False,False,False,False,0,Follow Yaw,0,0,-143.2,216.8,False,False,False,False,False,,0,0,False,False,No Card,100,100,1024,1024,1024,1024,2,False,False,False,False,False,0,False,False,False,False,99,,51.612,,9943,,10044,,51.612,,True,4.303,4.303,4.303,4.303,4.303,4.303,4.303,4.303,4.303,4.303,4.303,4.303,0,,False,False,True,,,,,,,,,,,,,,,False,False,4.628,,76.8,,75.7,,76.8,,,100,,16,5,13305.2,1774.02,,Idle,,20,,10,,,20,Go Home,False,False,False,False,False,False,False,False,False,False,False,False,33.7987591666667,-117.4574081666667,2971.9,2972.0,1049.4,396.9,True,1,1,False,False,False,False,,True,False,False,Course Lock,196.8,67,16.4,93,,,,,Calm,False,False,Android,7.0.2,M300 RTK,1ZN7L4R0H1D00F,1W9DL31001461C,1ZMLH8300204F0,1Z6PH74DAP0QN7,"Corona, CA",728.3,5.7,137.7,8.547347,2.013246,0,0,DJI Matrice 300 RTK,M300 RTK,1ZN7L4R0H1D00F,1W9DL31001461C,1ZMLH8300204F0,1Z6PH74DAP0QN7,DJI Pilot,Android,7.0.2,1EF72A62-B7C3-C88D-164E-CE6F8C8424AE,1ZN7L4R0H1D00F,1W9DL31001461C,,1ZMLH8300204F0,1W9DL31001461C,,,,,
2023-11-01,11:24:25.94 AM,0m 3.6s,3.6,33.8027920309282,-117.4659262862659,0,0,0.6,1264,0.4,0,0,0,0,0,0,0,0,0.4,-1.4,1.4,-135.9,224.1,,Manual Takeoff,Other,Takeoff (RC Assisted),18,5,True,,True,False,,Smart,RC,True,True,False,,,True,,False,False,False,False,False,False,False,False,False,False,0,Follow Yaw,0,0,-143.2,216.8,False,False,False,False,False,,0,0,False,False,No Card,100,100,1024,1024,1024,1024,2,False,False,False,False,False,0,False,False,False,False,99,,51.612,,9943,,10044,,51.612,,True,4.303,4.303,4.303,4.303,4.303,4.303,4.303,4.303,4.303,4.303,4.303,4.303,0,,False,False,True,,,,,,,,,,,,,,,False,False,4.628,,76.8,,75.7,,76.8,,,100,,16,5,13305.2,1774.02,,Idle,,20,,10,,,20,Go Home,False,False,False,False,False,False,False,False,False,False,False,False,33.7987591666667,-117.4574081666667,2971.9,2972.0,1049.4,396.9,True,1,1,False,False,False,False,,True,False,False,Course Lock,196.8,67,16.4,93,,,,,Calm,False,False,Android,7.0.2,M300 RTK,1ZN7L4R0H1D00F,1W9DL31001461C,1ZMLH8300204F0,1Z6PH74DAP0QN7,"Corona, CA",728.3,5.7,137.7,8.547347,2.013246,0,0,DJI Matrice 300 RTK,M300 RTK,1ZN7L4R0H1D00F,1W9DL31001461C,1ZMLH8300204F0,1Z6PH74DAP0QN7,DJI Pilot,Android,7.0.2,1EF72A62-B7C3-C88D-164E-CE6F8C8424AE,1ZN7L4R0H1D00F,1W9DL31001461C,,1ZMLH8300204F0,1W9DL31001461C,,,,,
2023-11-01,11:24:26.04 AM,0m 3.7s,3.7,33.8027920309282,-117.4659263106758,0,0,0.6,1264,0.5,0,0,0,0,0,0,0,0,0.5,-1.4,1.4,-135.9,224.1,,Manual Takeoff,Other,Takeoff (RC Assisted),18,5,True,,True,False,,Smart,RC,True,True,False,,,True,,False,False,False,False,False,False,False,False,False,False,0,Follow Yaw,0,0,-143.2,216.8,False,False,False,False,False,,0,0,False,False,No Card,100,100,1024,1024,1024,1024,2,False,False,False,False,False,0,False,False,False,False,99,,51.612,,9943,,10044,,51.612,,True,4.303,4.303,4.303,4.303,4.303,4.303,4.303,4.303,4.303,4.303,4.303,4.303,0,,False,False,True,,,,,,,,,,,,,,,False,False,4.628,,76.8,,75.7,,76.8,,,100,,16,5,13305.2,1774.02,,Idle,,20,,10,,,20,Go Home,False,False,False,False,False,False,False,False,False,False,False,False,33.7987591666667,-117.4574081666667,2971.9,2972.0,1049.4,396.9,True,1,1,False,False,False,False,,True,False,False,Course Lock,196.8,67,16.4,93,,,,,Calm,False,False,Android,7.0.2,M300 RTK,1ZN7L4R0H1D00F,1W9DL31001461C,1ZMLH8300204F0,1Z6PH74DAP0QN7,"Corona, CA",728.3,5.7,137.7,8.547347,2.013246,0,0,DJI Matrice 300 RTK,M300 RTK,1ZN7L4R0H1D00F,1W9DL31001461C,1ZMLH8300204F0,1Z6PH74DAP0QN7,DJI Pilot,Android,7.0.2,1EF72A62-B7C3-C88D-164E-CE6F8C8424AE,1ZN7L4R0H1D00F,1W9DL31001461C,,1ZMLH8300204F0,1W9DL31001461C,,,,,
2023-11-01,11:24:26.15 AM,0m 3.8s,3.8,33.8027920309282,-117.4659262974812,0,0,0.6,1264,0.5,0,0,0,0,0,0,0,0,0.4,-1.4,1.4,-135.9,224.1,,Manual Takeoff,Other,Takeoff (RC Assisted),18,5,True,,True,False,,Smart,RC,True,True,False,,,True,,False,False,False,False,False,False,False,False,False,False,0,Follow Yaw,0,0,-143.2,216.8,False,False,False,False,False,,0,0,False,False,No Card,100,100,1024,1024,1024,1024,2,False,False,False,False,False,0,False,False,False,False,99,,51.612,,9943,,10044,,51.612,,True,4.303,4.303,4.303,4.303,4.303,4.303,4.303,4.303,4.303,4.303,4.303,4.303,0,,False,False,True,,,,,,,,,,,,,,,False,False,4.628,,76.8,,75.7,,76.8,,,100,,16,5,13305.2,1774.02,,Idle,,20,,10,,,20,Go Home,False,False,False,False,False,False,False,False,False,False,False,False,33.7987591666667,-117.4574081666667,2971.9,2972.0,1049.4,396.9,True,1,1,False,False,False,False,,True,False,False,Course Lock,196.8,67,16.4,93,,,,,Calm,False,False,Android,7.0.2,M300 RTK,1ZN7L4R0H1D00F,1W9DL31001461C,1ZMLH8300204F0,1Z6PH74DAP0QN7,"Corona, CA",728.3,5.7,137.7,8.547347,2.013246,0,0,DJI Matrice 300 RTK,M300 RTK,1ZN7L4R0H1D00F,1W9DL31001461C,1ZMLH8300204F0,1Z6PH74DAP0QN7,DJI Pilot,Android,7.0.2,1EF72A62-B7C3-C88D-164E-CE6F8C8424AE,1ZN7L4R0H1D00F,1W9DL31001461C,,1ZMLH8300204F0,1W9DL31001461C,,,,,
2023-11-01,11:24:26.25 AM,0m 3.9s,3.9,33.8027920292835,-117.4659263166134,0,0,0.6,1264,0.5,0,0,0,0,0,0,0,0,0.4,-1.4,1.4,-135.9,224.1,,Manual Takeoff,Other,Takeoff (RC Assisted),18,5,True,,True,False,,Smart,RC,True,True,False,,,True,,False,False,False,False,False,False,False,False,False,False,0,Follow Yaw,0,0,-143.2,216.8,False,False,False,False,False,,0,0,False,False,No Card,100,100,1024,1024,1024,1024,2,False,False,False,False,False,0,False,False,False,False,99,,51.612,,9943,,10044,,51.612,,True,4.303,4.303,4.303,4.303,4.303,4.303,4.303,4.303,4.303,4.303,4.303,4.303,0,,False,False,True,,,,,,,,,,,,,,,False,False,4.628,,76.8,,75.7,,76.8,,,100,,16,5,13305.2,1774.02,,Idle,,20,,10,,,20,Go Home,False,False,False,False,False,False,False,False,False,False,False,False,33.7987591666667,-117.4574081666667,2971.9,2972.0,1049.4,396.9,True,1,1,False,False,False,False,,True,False,False,Course Lock,196.8,67,16.4,93,,,,,Calm,False,False,Android,7.0.2,M300 RTK,1ZN7L4R0H1D00F,1W9DL31001461C,1ZMLH8300204F0,1Z6PH74DAP0QN7,"Corona, CA",728.3,5.7,137.7,8.547347,2.013246,0,0,DJI Matrice 300 RTK,M300 RTK,1ZN7L4R0H1D00F,1W9DL31001461C,1ZMLH8300204F0,1Z6PH74DAP0QN7,DJI Pilot,Android,7.0.2,1EF72A62-B7C3-C88D-164E-CE6F8C8424AE,1ZN7L4R0H1D00F,1W9DL31001461C,,1ZMLH8300204F0,1W9DL31001461C,,,,,
2023-11-01,11:24:26.35 AM,0m 4.0s,4.0,33.8027920292835,-117.465926305398,0,0,0.6,1264,0.5,0,0,0,0,0,0,0,0,0.4,-1.4,1.4,-135.9,224.1,,Manual Takeoff,Other,Takeoff (RC Assisted),18,5,True,,True,False,,Smart,RC,True,True,False,,,True,,False,False,False,False,False,False,False,False,False,False,0,Follow Yaw,0,0,-143.2,216.8,False,False,False,False,False,,0,0,False,False,No Card,100,100,1024,1024,1024,1024,2,False,False,False,False,False,0,False,False,False,False,99,,50.424,,4936,,4986,,50.424,,True,4.303,4.303,4.303,4.303,4.303,4.303,4.303,4.303,4.303,4.303,4.303,4.303,0,,False,False,True,,,,,,,,,,,,,,,False,False,1.498,,75.7,,75.7,,76.8,,,100,,16,5,13305.2,1774.02,,Idle,,20,,10,,,20,Go Home,False,False,False,False,False,False,False,False,False,False,False,False,33.7987591666667,-117.4574081666667,2971.9,2972.0,1049.4,396.9,True,1,1,False,False,False,False,,True,False,False,Course Lock,196.8,67,16.4,93,,,,,Calm,False,False,Android,7.0.2,M300 RTK,1ZN7L4R0H1D00F,1W9DL31001461C,1ZMLH8300204F0,1Z6PH74DAP0QN7,"Corona, CA",728.3,5.7,137.7,8.547347,2.013246,0,0,DJI Matrice 300 RTK,M300 RTK,1ZN7L4R0H1D00F,1W9DL31001461C,1ZMLH8300204F0,1Z6PH74DAP0QN7,DJI Pilot,Android,7.0.2,1EF72A62-B7C3-C88D-164E-CE6F8C8424AE,1ZN7L4R0H1D00F,1W9DL31001461C,,1ZMLH8300204F0,1W9DL31001461C,,,,,
2023-11-01,11:24:26.46 AM,0m 4.1s,4.1,33.8027920298317,-117.4659263159536,0,0,0.6,1264,0.5,0,0,0,0,0,0,0,0,0.4,-1.4,1.4,-135.9,224.1,,Manual Takeoff,Other,Takeoff (RC Assisted),18,5,True,,True,False,,Smart,RC,True,True,False,,,True,,False,False,False,False,False,False,False,False,False,False,0,Follow Yaw,0,0,-143.2,216.8,False,False,False,False,False,,0,0,False,False,No Card,100,100,1024,1024,1024,1024,2,False,False,False,False,False,0,False,False,False,False,99,,50.424,,4936,,4986,,50.424,,True,4.303,4.303,4.303,4.303,4.303,4.303,4.303,4.303,4.303,4.303,4.303,4.303,0,,False,False,True,,,,,,,,,,,,,,,False,False,1.498,,75.7,,75.7,,76.8,,,100,,16,5,13305.2,1774.02,,Idle,,20,,10,,,20,Go Home,False,False,False,False,False,False,False,False,False,False,False,False,33.7987591666667,-117.4574081666667,2971.9,2972.0,1049.4,396.9,True,1,1,False,False,False,False,,True,False,False,Course Lock,196.8,67,16.4,93,,,,,Calm,False,False,Android,7.0.2,M300 RTK,1ZN7L4R0H1D00F,1W9DL31001461C,1ZMLH8300204F0,1Z6PH74DAP0QN7,"Corona, CA",728.3,5.7,137.7,8.547347,2.013246,0,0,DJI Matrice 300 RTK,M300 RTK,1ZN7L4R0H1D00F,1W9DL31001461C,1ZMLH8300204F0,1Z6PH74DAP0QN7,DJI Pilot,Android,7.0.2,1EF72A62-B7C3-C88D-164E-CE6F8C8424AE,1ZN7L4R0H1D00F,1W9DL31001461C,,1ZMLH8300204F0,1W9DL31001461C,,,,,
2023-11-01,11:24:26.56 AM,0m 4.2s,4.2,33.8027920298317,-117.4659263067174,0,0,0.6,1264,0.5,0,0,0,0,0,0,0,0,0.4,-1.4,1.4,-135.9,224.1,,Manual Takeoff,Other,Takeoff (RC Assisted),18,5,True,,True,False,,Smart,RC,True,True,False,,,True,,False,False,False,False,False,False,False,False,False,False,0,Follow Yaw,0,0,-143.2,216.8,False,False,False,False,False,,0,0,False,False,No Card,100,100,1024,1024,1024,1024,2,False,False,False,False,False,0,False,False,False,False,99,,50.424,,4936,,4986,,50.424,,True,4.303,4.303,4.303,4.303,4.303,4.303,4.303,4.303,4.303,4.303,4.303,4.303,0,,False,False,True,,,,,,,,,,,,,,,False,False,1.498,,75.7,,75.7,,76.8,,,100,,16,5,13305.2,1774.02,,Idle,,20,,10,,,20,Go Home,False,False,False,False,False,False,False,False,False,False,False,False,33.7987591666667,-117.4574081666667,2971.9,2972.0,1049.4,396.9,True,1,1,False,False,False,False,,True,False,False,Course Lock,196.8,67,16.4,93,,,,,Calm,False,False,Android,7.0.2,M300 RTK,1ZN7L4R0H1D00F,1W9DL31001461C,1ZMLH8300204F0,1Z6PH74DAP0QN7,"Corona, CA",728.3,5.7,137.7,8.547347,2.013246,0,0,DJI Matrice 300 RTK,M300 RTK,1ZN7L4R0H1D00F,1W9DL31001461C,1ZMLH8300204F0,1Z6PH74DAP0QN7,DJI Pilot,Android,7.0.2,1EF72A62-B7C3-C88D-164E-CE6F8C8424AE,1ZN7L4R0H1D00F,1W9DL31001461C,,1ZMLH8300204F0,1W9DL31001461C,,,,,
2023-11-01,11:24:26.66 AM,0m 4.3s,4.3,33.8027920309282,-117.4659263251898,0,0,0.6,1264,0.5,0,0,0,0,0,0,0,0,0.4,-1.4,1.4,-135.9,224.1,,Manual Takeoff,Other,Takeoff (RC Assisted),18,5,True,,True,False,,Smart,RC,True,True,False,,,True,,False,False,False,False,False,False,False,False,False,False,0,Follow Yaw,0,0,-143.2,216.8,False,False,False,False,False,,0,0,False,False,No Card,100,100,1024,1024,1024,1024,2,False,False,False,False,False,0,False,False,False,False,99,,50.424,,4936,,4986,,50.424,,True,4.258,4.258,4.258,4.258,4.258,4.258,4.258,4.258,4.258,4.258,4.258,4.258,0,,False,False,True,,,,,,,,,,,,,,,False,False,1.498,,75.7,,75.7,,76.8,,,100,,16,5,15996.7,2132.89,,Idle,,20,,10,,,20,Go Home,False,False,False,False,False,False,False,False,False,False,False,False,33.7987591666667,-117.4574081666667,2971.9,2972.0,1049.4,396.9,True,1,1,False,False,False,False,,True,False,False,Course Lock,196.8,67,16.4,93,,,,,Calm,False,False,Android,7.0.2,M300 RTK,1ZN7L4R0H1D00F,1W9DL31001461C,1ZMLH8300204F0,1Z6PH74DAP0QN7,"Corona, CA",728.3,5.7,137.7,8.547347,2.013246,0,0,DJI Matrice 300 RTK,M300 RTK,1ZN7L4R0H1D00F,1W9DL31001461C,1ZMLH8300204F0,1Z6PH74DAP0QN7,DJI Pilot,Android,7.0.2,1EF72A62-B7C3-C88D-164E-CE6F8C8424AE,1ZN7L4R0H1D00F,1W9DL31001461C,,1ZMLH8300204F0,1W9DL31001461C,,,,,
2023-11-01,11:24:26.76 AM,0m 4.4s,4.4,33.8027920314765,-117.4659263159536,0,0,0.6,1264,0.5,0,0,0,0,0,0,0,0,0.4,-1.4,1.4,-135.9,224.1,,Manual Takeoff,Other,Takeoff (RC Assisted),18,5,True,,True,False,,Smart,RC,True,True,False,,,True,,False,False,False,False,False,False,False,False,False,False,0,Follow Yaw,0,0,-143.2,216.8,False,False,False,False,False,,0,0,False,False,No Card,100,100,1024,1024,1024,1024,2,False,False,False,False,False,0,False,False,False,False,99,,50.424,,4936,,4986,,50.424,,True,4.258,4.258,4.258,4.258,4.258,4.258,4.258,4.258,4.258,4.258,4.258,4.258,0,,False,False,True,,,,,,,,,,,,,,,False,False,1.498,,75.7,,75.7,,76.8,,,100,,16,5,15996.7,2132.89,,Idle,,20,,10,,,20,Go Home,False,False,False,False,False,False,False,False,False,False,False,False,33.7987591666667,-117.4574081666667,2971.9,2972.0,1049.4,396.9,True,1,1,False,False,False,False,,True,False,False,Course Lock,196.8,67,16.4,93,,,,,Calm,False,False,Android,7.0.2,M300 RTK,1ZN7L4R0H1D00F,1W9DL31001461C,1ZMLH8300204F0,1Z6PH74DAP0QN7,"Corona, CA",728.3,5.7,137.7,8.547347,2.013246,0,0,DJI Matrice 300 RTK,M300 RTK,1ZN7L4R0H1D00F,1W9DL31001461C,1ZMLH8300204F0,1Z6PH74DAP0QN7,DJI Pilot,Android,7.0.2,1EF72A62-B7C3-C88D-164E-CE6F8C8424AE,1ZN7L4R0H1D00F,1W9DL31001461C,,1ZMLH8300204F0,1W9DL31001461C,,,,,
2023-11-01,11:24:26.86 AM,0m 4.5s,4.5,33.8027920309282,-117.4659261642158,0,0,0.6,1264,0.5,0,0,0,0,0,0,0,0,0.4,-1.4,1.4,-135.9,224.1,,Manual Takeoff,Other,Takeoff (RC Assisted),18,5,True,,True,False,,Smart,RC,True,True,False,,,True,,False,False,False,False,False,False,False,False,False,False,0,Follow Yaw,0,0,-143.2,216.8,False,False,False,False,False,,0,0,False,False,No Card,100,100,1024,1024,1024,1024,2,False,False,False,False,False,0,False,False,False,False,99,,50.424,,4936,,4986,,50.424,,True,4.258,4.258,4.258,4.258,4.258,4.258,4.258,4.258,4.258,4.258,4.258,4.258,0,,False,False,True,,,,,,,,,,,,,,,False,False,1.498,,75.7,,75.7,,76.8,,,100,,16,5,15996.7,2132.89,,Idle,,20,,10,,,20,Go Home,False,False,False,False,False,False,False,False,False,False,False,False,33.7987591666667,-117.4574081666667,2971.9,2972.0,1049.4,396.9,True,1,1,False,False,False,False,,True,False,False,Course Lock,196.8,67,16.4,93,,,,,Calm,False,False,Android,7.0.2,M300 RTK,1ZN7L4R0H1D00F,1W9DL31001461C,1ZMLH8300204F0,1Z6PH74DAP0QN7,"Corona, CA",728.3,5.7,137.7,8.547347,2.013246,0,0,DJI Matrice 300 RTK,M300 RTK,1ZN7L4R0H1D00F,1W9DL31001461C,1ZMLH8300204F0,1Z6PH74DAP0QN7,DJI Pilot,Android,7.0.2,1EF72A62-B7C3-C88D-164E-CE6F8C8424AE,1ZN7L4R0H1D00F,1W9DL31001461C,,1ZMLH8300204F0,1W9DL31001461C,,,,,
2023-11-01,11:24:26.97 AM,0m 4.6s,4.6,33.8027920309282,-117.4659261378267,0,0,0.6,1264,0.5,0,0,0,0,0,0,0,0,0.4,-1.4,1.4,-135.9,224.1,,Manual Takeoff,Other,Takeoff (RC Assisted),18,5,True,,True,False,,Smart,RC,True,True,False,,,True,,False,False,False,False,False,False,False,False,False,False,0,Follow Yaw,0,0,-143.2,216.8,False,False,False,False,False,,0,0,False,False,No Card,100,100,1024,1024,1024,1024,2,False,False,False,False,False,0,False,False,False,False,99,,50.424,,4936,,4986,,50.424,,True,4.258,4.258,4.258,4.258,4.258,4.258,4.258,4.258,4.258,4.258,4.258,4.258,0,,False,False,True,,,,,,,,,,,,,,,False,False,1.498,,75.7,,75.7,,76.8,,,100,,16,5,15996.7,2132.89,,Idle,,20,,10,,,20,Go Home,False,False,False,False,False,False,False,False,False,False,False,False,33.7987591666667,-117.4574081666667,2971.9,2972.0,1049.4,396.9,True,1,1,False,False,False,False,,True,False,False,Course Lock,196.8,67,16.4,93,,,,,Calm,False,False,Android,7.0.2,M300 RTK,1ZN7L4R0H1D00F,1W9DL31001461C,1ZMLH8300204F0,1Z6PH74DAP0QN7,"Corona, CA",728.3,5.7,137.7,8.547347,2.013246,0,0,DJI Matrice 300 RTK,M300 RTK,1ZN7L4R0H1D00F,1W9DL31001461C,1ZMLH8300204F0,1Z6PH74DAP0QN7,DJI Pilot,Android,7.0.2,1EF72A62-B7C3-C88D-164E-CE6F8C8424AE,1ZN7L4R0H1D00F,1W9DL31001461C,,1ZMLH8300204F0,1W9DL31001461C,,,,,
2023-11-01,11:24:27.07 AM,0m 4.7s,4.7,33.8027920314765,-117.4659261945634,0,0,0.6,1264,0.6,0,0,0,0,0,0,0,0,0.4,-1.4,1.4,-135.9,224.1,,Manual Takeoff,Other,Takeoff (RC Assisted),18,5,True,,True,False,,Smart,RC,True,True,False,,,True,,False,False,False,False,False,False,False,False,False,False,0,Follow Yaw,0,0,-143.2,216.8,False,False,False,False,False,,0,0,False,False,No Card,100,100,1024,1024,1024,1024,2,False,False,False,False,False,0,False,False,False,False,99,,50.424,,4936,,4986,,50.424,,True,4.258,4.258,4.258,4.258,4.258,4.258,4.258,4.258,4.258,4.258,4.258,4.258,0,,False,False,True,,,,,,,,,,,,,,,False,False,1.498,,75.7,,75.7,,76.8,,,100,,16,5,15996.7,2132.89,,Idle,,20,,10,,,20,Go Home,False,False,False,False,False,False,False,False,False,False,False,False,33.7987591666667,-117.4574081666667,2971.9,2972.0,1049.4,396.9,True,1,1,False,False,False,False,,True,False,False,Course Lock,196.8,67,16.4,93,,,,,Calm,False,False,Android,7.0.2,M300 RTK,1ZN7L4R0H1D00F,1W9DL31001461C,1ZMLH8300204F0,1Z6PH74DAP0QN7,"Corona, CA",728.3,5.7,137.7,8.547347,2.013246,0,0,DJI Matrice 300 RTK,M300 RTK,1ZN7L4R0H1D00F,1W9DL31001461C,1ZMLH8300204F0,1Z6PH74DAP0QN7,DJI Pilot,Android,7.0.2,1EF72A62-B7C3-C88D-164E-CE6F8C8424AE,1ZN7L4R0H1D00F,1W9DL31001461C,,1ZMLH8300204F0,1W9DL31001461C,,,,,
2023-11-01,11:24:27.17 AM,0m 4.8s,4.8,33.8027920314765,-117.4659261813688,0,0,0.6,1264,0.6,0,0,0,0,0,0,0,0,0.4,-1.4,1.4,-135.9,224.1,,Manual Takeoff,Other,Takeoff (RC Assisted),18,5,True,,True,False,,Smart,RC,True,True,False,,,True,,False,False,False,False,False,False,False,False,False,False,0,Follow Yaw,0,0,-143.2,216.8,False,False,False,False,False,,0,0,False,False,No Card,100,100,1024,1024,1024,1024,2,False,False,False,False,False,0,False,False,False,False,99,,50.424,,4936,,4986,,50.424,,True,4.258,4.258,4.258,4.258,4.258,4.258,4.258,4.258,4.258,4.258,4.258,4.258,0,,False,False,True,,,,,,,,,,,,,,,False,False,1.498,,75.7,,75.7,,76.8,,,100,,16,5,15996.7,2132.89,,Idle,,20,,10,,,20,Go Home,False,False,False,False,False,False,False,False,False,False,False,False,33.7987591666667,-117.4574081666667,2971.9,2972.0,1049.4,396.9,True,1,1,False,False,False,False,,True,False,False,Course Lock,196.8,67,16.4,93,,,,,Calm,False,False,Android,7.0.2,M300 RTK,1ZN7L4R0H1D00F,1W9DL31001461C,1ZMLH8300204F0,1Z6PH74DAP0QN7,"Corona, CA",728.3,5.7,137.7,8.547347,2.013246,0,0,DJI Matrice 300 RTK,M300 RTK,1ZN7L4R0H1D00F,1W9DL31001461C,1ZMLH8300204F0,1Z6PH74DAP0QN7,DJI Pilot,Android,7.0.2,1EF72A62-B7C3-C88D-164E-CE6F8C8424AE,1ZN7L4R0H1D00F,1W9DL31001461C,,1ZMLH8300204F0,1W9DL31001461C,,,,,
2023-11-01,11:24:27.28 AM,0m 4.9s,4.9,33.8027918796089,-117.465926193244,0,0,0.6,1264,0.6,0,0,0,0,0,0,0,0,0.4,-1.4,1.4,-135.9,224.1,,Manual Takeoff,Other,Takeoff (RC Assisted),18,5,True,,True,False,,Smart,RC,True,True,False,,,True,,False,False,False,False,False,False,False,False,False,False,0,Follow Yaw,0,0,-143.2,216.8,False,False,False,False,False,,0,0,False,False,No Card,100,100,1024,1024,1024,1024,2,False,False,False,False,False,0,False,False,False,False,99,,50.424,,4936,,4986,,50.424,,True,4.258,4.258,4.258,4.258,4.258,4.258,4.258,4.258,4.258,4.258,4.258,4.258,0,,False,False,True,,,,,,,,,,,,,,,False,False,1.498,,75.7,,75.7,,76.8,,,100,,16,5,15996.7,2132.89,,Idle,,20,,10,,,20,Go Home,False,False,False,False,False,False,False,False,False,False,False,False,33.7987591666667,-117.4574081666667,2971.9,2972.0,1049.4,396.9,True,1,1,False,False,False,False,,True,False,False,Course Lock,196.8,67,16.4,93,,,,,Calm,False,False,Android,7.0.2,M300 RTK,1ZN7L4R0H1D00F,1W9DL31001461C,1ZMLH8300204F0,1Z6PH74DAP0QN7,"Corona, CA",728.3,5.7,137.7,8.547347,2.013246,0,0,DJI Matrice 300 RTK,M300 RTK,1ZN7L4R0H1D00F,1W9DL31001461C,1ZMLH8300204F0,1Z6PH74DAP0QN7,DJI Pilot,Android,7.0.2,1EF72A62-B7C3-C88D-164E-CE6F8C8424AE,1ZN7L4R0H1D00F,1W9DL31001461C,,1ZMLH8300204F0,1W9DL31001461C,,,,,
2023-11-01,11:24:27.34 AM,0m 5.0s,5.0,33.8027918686438,-117.4659261800494,0,0,0.6,1264,0.6,0,0,0,0,0,0,0,0,0.4,-1.4,1.4,-135.9,224.1,,Manual Takeoff,Other,Takeoff (RC Assisted),18,5,True,,True,False,,Smart,RC,True,True,False,,,True,,False,False,False,False,False,False,False,False,False,False,0,Follow Yaw,0,0,-143.2,216.8,False,False,False,False,False,,0,0,False,False,No Card,100,100,1024,1024,1238,1024,2,False,False,False,False,False,0,False,False,False,False,99,,51.216,,9943,,10044,,51.216,,True,4.258,4.258,4.258,4.258,4.258,4.258,4.258,4.258,4.258,4.258,4.258,4.258,0,,False,False,True,,,,,,,,,,,,,,,False,False,2.498,,76.8,,75.7,,76.8,,,100,,16,5,15996.7,2132.89,,Idle,,20,,10,,,20,Go Home,False,False,False,False,False,False,False,False,False,False,False,False,33.7987591666667,-117.4574081666667,2971.9,2972.0,1049.4,396.9,True,1,1,False,False,False,False,,True,False,False,Course Lock,196.8,67,16.4,93,,,,,Calm,False,False,Android,7.0.2,M300 RTK,1ZN7L4R0H1D00F,1W9DL31001461C,1ZMLH8300204F0,1Z6PH74DAP0QN7,"Corona, CA",728.3,5.7,137.7,8.547347,2.013246,0,0,DJI Matrice 300 RTK,M300 RTK,1ZN7L4R0H1D00F,1W9DL31001461C,1ZMLH8300204F0,1Z6PH74DAP0QN7,DJI Pilot,Android,7.0.2,1EF72A62-B7C3-C88D-164E-CE6F8C8424AE,1ZN7L4R0H1D00F,1W9DL31001461C,,1ZMLH8300204F0,1W9DL31001461C,,,,,
2023-11-01,11:24:27.44 AM,0m 5.1s,5.1,33.8027918856398,-117.4659261945634,0,0,0.6,1264,0.6,0,0,0,0,0,0,0,0,0.4,-1.4,1.4,-135.9,224.1,,Manual Takeoff,Other,Takeoff (RC Assisted),18,5,True,,True,False,,Smart,RC,True,True,False,,,True,,False,False,False,False,False,False,False,False,False,False,0,Follow Yaw,0,0,-143.2,216.8,False,False,False,False,False,,0,0,False,False,No Card,100,100,1024,1024,1338,1024,2,False,False,False,False,False,0,False,False,False,False,99,,51.216,,9943,,10044,,51.216,,True,4.258,4.258,4.258,4.258,4.258,4.258,4.258,4.258,4.258,4.258,4.258,4.258,0,,False,False,True,,,,,,,,,,,,,,,False,False,2.498,,76.8,,75.7,,76.8,,,100,,16,5,15996.7,2132.89,,Idle,,20,,10,,,20,Go Home,False,False,False,False,False,False,False,False,False,False,False,False,33.7987591666667,-117.4574081666667,2971.9,2972.0,1049.4,396.9,True,1,1,False,False,False,False,,True,False,False,Course Lock,196.8,67,16.4,93,,,,,Calm,False,False,Android,7.0.2,M300 RTK,1ZN7L4R0H1D00F,1W9DL31001461C,1ZMLH8300204F0,1Z6PH74DAP0QN7,"Corona, CA",728.3,5.7,137.7,8.547347,2.013246,0,0,DJI Matrice 300 RTK,M300 RTK,1ZN7L4R0H1D00F,1W9DL31001461C,1ZMLH8300204F0,1Z6PH74DAP0QN7,DJI Pilot,Android,7.0.2,1EF72A62-B7C3-C88D-164E-CE6F8C8424AE,1ZN7L4R0H1D00F,1W9DL31001461C,,1ZMLH8300204F0,1W9DL31001461C,,,,,
2023-11-01,11:24:27.54 AM,0m 5.2s,5.2,33.8027918746746,-117.4659261813688,0,0,0.6,1264,0.6,0,0,0,0,0,0,0,0,0.4,-1.4,1.4,-135.9,224.1,,Manual Takeoff,Other,Takeoff (RC Assisted),18,5,True,,True,False,,Smart,RC,True,True,False,,,True,,False,False,False,False,False,False,False,False,False,False,0,Follow Yaw,0,0,-143.2,216.8,False,False,False,False,False,,0,0,False,False,No Card,100,100,1024,1024,1351,1024,2,False,False,False,False,False,0,False,False,False,False,99,,51.216,,9943,,10044,,51.216,,True,4.258,4.258,4.258,4.258,4.258,4.258,4.258,4.258,4.258,4.258,4.258,4.258,0,,False,False,True,,,,,,,,,,,,,,,False,False,2.498,,76.8,,75.7,,76.8,,,100,,16,5,15996.7,2132.89,,Idle,,20,,10,,,20,Go Home,False,False,False,False,False,False,False,False,False,False,False,False,33.7987591666667,-117.4574081666667,2971.9,2972.0,1049.4,396.9,True,1,1,False,False,False,False,,True,False,False,Course Lock,196.8,67,16.4,93,,,,,Calm,False,False,Android,7.0.2,M300 RTK,1ZN7L4R0H1D00F,1W9DL31001461C,1ZMLH8300204F0,1Z6PH74DAP0QN7,"Corona, CA",728.3,5.7,137.7,8.547347,2.013246,0,0,DJI Matrice 300 RTK,M300 RTK,1ZN7L4R0H1D00F,1W9DL31001461C,1ZMLH8300204F0,1Z6PH74DAP0QN7,DJI Pilot,Android,7.0.2,1EF72A62-B7C3-C88D-164E-CE6F8C8424AE,1ZN7L4R0H1D00F,1W9DL31001461C,,1ZMLH8300204F0,1W9DL31001461C,,,,,
2023-11-01,11:24:27.64 AM,0m 5.3s,5.3,33.8027920369591,-117.4659260461243,0,0,0.6,1264,0.7,0,0,0,0,0,0,0,0,0.5,-1.4,1.4,-135.9,224.1,,Manual Takeoff,Other,Takeoff (RC Assisted),18,5,True,,True,False,,Smart,RC,True,True,False,,,True,,False,False,False,False,False,False,False,False,False,False,0,Follow Yaw,0,0,-143.2,216.8,False,False,False,False,False,,0,0,False,False,No Card,100,100,1024,1024,1346,1024,2,False,False,False,False,False,0,False,False,False,False,99,,51.216,,9943,,10044,,51.216,,True,4.241,4.241,4.241,4.241,4.241,4.241,4.241,4.241,4.241,4.241,4.241,4.241,0,,False,False,True,,,,,,,,,,,,,,,False,False,2.498,,76.8,,75.7,,76.8,,,100,,16,5,18432.3,2457.65,,Idle,,20,,10,,,20,Go Home,False,False,False,False,False,False,False,False,False,False,False,False,33.7987591666667,-117.4574081666667,2971.9,2972.0,1049.4,396.9,True,1,1,False,False,False,False,,True,False,False,Course Lock,196.8,67,16.4,93,,,,,Calm,False,False,Android,7.0.2,M300 RTK,1ZN7L4R0H1D00F,1W9DL31001461C,1ZMLH8300204F0,1Z6PH74DAP0QN7,"Corona, CA",728.3,5.7,137.7,8.547347,2.013246,0,0,DJI Matrice 300 RTK,M300 RTK,1ZN7L4R0H1D00F,1W9DL31001461C,1ZMLH8300204F0,1Z6PH74DAP0QN7,DJI Pilot,Android,7.0.2,1EF72A62-B7C3-C88D-164E-CE6F8C8424AE,1ZN7L4R0H1D00F,1W9DL31001461C,,1ZMLH8300204F0,1W9DL31001461C,,,,,
2023-11-01,11:24:27.74 AM,0m 5.4s,5.4,33.8027920435382,-117.4659260217143,0,0,0.6,1264,0.7,0,0,0,0,0,0,0,0,0.4,-1.4,1.4,-135.9,224.1,,Manual Takeoff,Other,Takeoff (RC Assisted),18,5,True,,True,False,,Smart,RC,True,True,False,,,True,,False,False,False,False,False,False,False,False,False,False,0,Follow Yaw,0,0,-143.2,216.8,False,False,False,False,False,,0,0,False,False,No Card,100,100,1024,1024,1344,1024,2,False,False,False,False,False,0,False,False,False,False,99,,51.216,,9943,,10044,,51.216,,True,4.241,4.241,4.241,4.241,4.241,4.241,4.241,4.241,4.241,4.241,4.241,4.241,0,,False,False,True,,,,,,,,,,,,,,,False,False,2.498,,76.8,,75.7,,76.8,,,100,,16,5,18432.3,2457.65,,Idle,,20,,10,,,20,Go Home,False,False,False,False,False,False,False,False,False,False,False,False,33.7987591666667,-117.4574081666667,2971.9,2972.0,1049.4,396.9,True,1,1,False,False,False,False,,True,False,False,Course Lock,196.8,67,16.4,93,,,,,Calm,False,False,Android,7.0.2,M300 RTK,1ZN7L4R0H1D00F,1W9DL31001461C,1ZMLH8300204F0,1Z6PH74DAP0QN7,"Corona, CA",728.3,5.7,137.7,8.547347,2.013246,0,0,DJI Matrice 300 RTK,M300 RTK,1ZN7L4R0H1D00F,1W9DL31001461C,1ZMLH8300204F0,1Z6PH74DAP0QN7,DJI Pilot,Android,7.0.2,1EF72A62-B7C3-C88D-164E-CE6F8C8424AE,1ZN7L4R0H1D00F,1W9DL31001461C,,1ZMLH8300204F0,1W9DL31001461C,,,,,
2023-11-01,11:24:27.84 AM,0m 5.5s,5.5,33.8027918878328,-117.4659260830691,0,0,0.6,1264,0.8,0,0,0,0,0,0,0,0,0.4,-1.4,1.4,-135.9,224.1,,Manual Takeoff,Other,Takeoff (RC Assisted),18,5,True,,True,False,,Smart,RC,True,True,False,,,True,,False,False,False,False,False,False,False,False,False,False,0,Follow Yaw,0,0,-143.2,216.8,False,False,False,False,False,,0,0,False,False,No Card,100,100,1024,1024,1345,1024,2,False,False,False,False,False,0,False,False,False,False,99,,51.216,,9943,,10044,,51.216,,True,4.241,4.241,4.241,4.241,4.241,4.241,4.241,4.241,4.241,4.241,4.241,4.241,0,,False,False,True,,,,,,,,,,,,,,,False,False,2.498,,76.8,,75.7,,76.8,,,100,,16,5,18432.3,2457.65,,Idle,,20,,10,,,20,Go Home,False,False,False,False,False,False,False,False,False,False,False,False,33.7987591666667,-117.4574081666667,2971.9,2972.0,1049.4,396.9,True,1,1,False,False,False,False,,True,False,False,Course Lock,196.8,67,16.4,93,,,,,Calm,False,False,Android,7.0.2,M300 RTK,1ZN7L4R0H1D00F,1W9DL31001461C,1ZMLH8300204F0,1Z6PH74DAP0QN7,"Corona, CA",728.3,5.7,137.7,8.547347,2.013246,0,0,DJI Matrice 300 RTK,M300 RTK,1ZN7L4R0H1D00F,1W9DL31001461C,1ZMLH8300204F0,1Z6PH74DAP0QN7,DJI Pilot,Android,7.0.2,1EF72A62-B7C3-C88D-164E-CE6F8C8424AE,1ZN7L4R0H1D00F,1W9DL31001461C,,1ZMLH8300204F0,1W9DL31001461C,,,,,
2023-11-01,11:24:27.94 AM,0m 5.6s,5.6,33.8027918768676,-117.4659260632772,0,0,0.6,1264,0.8,0,0,0,0,0,0,0,0,0.4,-1.4,1.4,-135.9,224.1,,Manual Takeoff,Other,Takeoff (RC Assisted),18,5,True,,True,False,,Smart,RC,True,True,False,,,True,,False,False,False,False,False,False,False,False,False,False,0,Follow Yaw,0,0,-143.2,216.8,False,False,False,False,False,,0,0,False,False,No Card,100,100,1024,1024,1347,1024,2,False,False,False,False,False,0,False,False,False,False,99,,51.216,,9943,,10044,,51.216,,True,4.241,4.241,4.241,4.241,4.241,4.241,4.241,4.241,4.241,4.241,4.241,4.241,0,,False,False,True,,,,,,,,,,,,,,,False,False,2.498,,76.8,,75.7,,76.8,,,100,,16,5,18432.3,2457.65,,Idle,,20,,10,,,20,Go Home,False,False,False,False,False,False,False,False,False,False,False,False,33.7987591666667,-117.4574081666667,2971.8,2972.0,1049.4,396.9,True,1,1,False,False,False,False,,True,False,False,Course Lock,196.8,67,16.4,93,,,,,Calm,False,False,Android,7.0.2,M300 RTK,1ZN7L4R0H1D00F,1W9DL31001461C,1ZMLH8300204F0,1Z6PH74DAP0QN7,"Corona, CA",728.3,5.7,137.7,8.547347,2.013246,0,0,DJI Matrice 300 RTK,M300 RTK,1ZN7L4R0H1D00F,1W9DL31001461C,1ZMLH8300204F0,1Z6PH74DAP0QN7,DJI Pilot,Android,7.0.2,1EF72A62-B7C3-C88D-164E-CE6F8C8424AE,1ZN7L4R0H1D00F,1W9DL31001461C,,1ZMLH8300204F0,1W9DL31001461C,,,,,
2023-11-01,11:24:28.04 AM,0m 5.7s,5.7,33.8027918927671,-117.465926095604,0,0,0.6,1264,0.8,0,0,0,0,0,0,0,0,0.5,-1.4,1.4,-135.9,224.1,,Manual Takeoff,Other,Takeoff (RC Assisted),18,5,True,,True,False,,Smart,RC,True,True,False,,,True,,False,False,False,False,False,False,False,False,False,False,0,Follow Yaw,0,0,-143.2,216.8,False,False,False,False,False,,0,0,False,False,No Card,100,100,1024,1024,1344,1024,2,False,False,False,False,False,0,False,False,False,False,99,,51.36,,4936,,4986,,51.36,,True,4.241,4.241,4.241,4.241,4.241,4.241,4.241,4.241,4.241,4.241,4.241,4.241,0,,False,False,True,,,,,,,,,,,,,,,False,False,1.184,,75.7,,75.7,,76.8,,,100,,16,5,18432.3,2457.65,,Idle,,20,,10,,,20,Go Home,False,False,False,False,False,False,False,False,False,False,False,False,33.7987591666667,-117.4574081666667,2971.9,2972.0,1049.4,396.9,True,1,1,False,False,False,False,,True,False,False,Course Lock,196.8,67,16.4,93,,,,,Calm,False,False,Android,7.0.2,M300 RTK,1ZN7L4R0H1D00F,1W9DL31001461C,1ZMLH8300204F0,1Z6PH74DAP0QN7,"Corona, CA",728.3,5.7,137.7,8.547347,2.013246,0,0,DJI Matrice 300 RTK,M300 RTK,1ZN7L4R0H1D00F,1W9DL31001461C,1ZMLH8300204F0,1Z6PH74DAP0QN7,DJI Pilot,Android,7.0.2,1EF72A62-B7C3-C88D-164E-CE6F8C8424AE,1ZN7L4R0H1D00F,1W9DL31001461C,,1ZMLH8300204F0,1W9DL31001461C,,,,,
2023-11-01,11:24:28.14 AM,0m 5.8s,5.8,33.802791881802,-117.4659260824094,0,0,0.6,1264,0.8,0,0,0,0,0,0,0,0,0.5,-1.4,1.4,-136,224,,Manual Takeoff,Other,Takeoff (RC Assisted),18,5,True,,True,False,,Smart,RC,True,True,False,,,True,,False,False,False,False,False,False,False,False,False,False,0,Follow Yaw,0,0,-143.2,216.8,False,False,False,False,False,,0,0,False,False,No Card,100,100,1024,1024,1341,1024,2,False,False,False,False,False,0,False,False,False,False,99,,51.36,,4936,,4986,,51.36,,True,4.241,4.241,4.241,4.241,4.241,4.241,4.241,4.241,4.241,4.241,4.241,4.241,0,,False,False,True,,,,,,,,,,,,,,,False,False,1.184,,75.7,,75.7,,76.8,,,100,,16,5,18432.3,2457.65,,Idle,,20,,10,,,20,Go Home,False,False,False,False,False,False,False,False,False,False,False,False,33.7987591666667,-117.4574081666667,2971.9,2972.0,1049.4,396.9,True,1,1,False,False,False,False,,True,False,False,Course Lock,196.8,67,16.4,93,,,,,Calm,False,False,Android,7.0.2,M300 RTK,1ZN7L4R0H1D00F,1W9DL31001461C,1ZMLH8300204F0,1Z6PH74DAP0QN7,"Corona, CA",728.3,5.7,137.7,8.547347,2.013246,0,0,DJI Matrice 300 RTK,M300 RTK,1ZN7L4R0H1D00F,1W9DL31001461C,1ZMLH8300204F0,1Z6PH74DAP0QN7,DJI Pilot,Android,7.0.2,1EF72A62-B7C3-C88D-164E-CE6F8C8424AE,1ZN7L4R0H1D00F,1W9DL31001461C,,1ZMLH8300204F0,1W9DL31001461C,,,,,
2023-11-01,11:24:28.24 AM,0m 5.9s,5.9,33.8027918927671,-117.4659260942846,0,0,0.6,1264,0.8,0,0,0,0,0,0,0,0,0.6,-1.5,1.6,-136,224,,Manual Takeoff,Other,Takeoff (RC Assisted),18,5,True,,True,False,,Smart,RC,True,True,False,,,True,,False,False,False,False,False,False,False,False,False,False,0,Follow Yaw,0,0,-143.2,216.8,False,False,False,False,False,,0,0,False,False,No Card,100,100,1024,1024,1335,1024,2,False,False,False,False,False,0,False,False,False,False,99,,51.36,,4936,,4986,,51.36,,True,4.241,4.241,4.241,4.241,4.241,4.241,4.241,4.241,4.241,4.241,4.241,4.241,0,,False,False,True,,,,,,,,,,,,,,,False,False,1.184,,75.7,,75.7,,76.8,,,100,,16,5,18432.3,2457.65,,Idle,,20,,10,,,20,Go Home,False,False,False,False,False,False,False,False,False,False,False,False,33.7987591666667,-117.4574081666667,2971.9,2972.0,1049.4,396.9,True,1,1,False,False,False,False,,True,False,False,Course Lock,196.8,67,16.4,93,,,,,Calm,False,False,Android,7.0.2,M300 RTK,1ZN7L4R0H1D00F,1W9DL31001461C,1ZMLH8300204F0,1Z6PH74DAP0QN7,"Corona, CA",728.3,5.7,137.7,8.547347,2.013246,0,0,DJI Matrice 300 RTK,M300 RTK,1ZN7L4R0H1D00F,1W9DL31001461C,1ZMLH8300204F0,1Z6PH74DAP0QN7,DJI Pilot,Android,7.0.2,1EF72A62-B7C3-C88D-164E-CE6F8C8424AE,1ZN7L4R0H1D00F,1W9DL31001461C,,1ZMLH8300204F0,1W9DL31001461C,,,,,
2023-11-01,11:24:28.34 AM,0m 6.0s,6.0,33.8027918746746,-117.4659260949443,0,0,0.6,1264,0.8,0,0,0,0,0,0,0,0,1.1,-1.4,1.7,-135.8,224.2,,Manual Takeoff,Other,Takeoff (RC Assisted),18,5,True,,True,False,,Smart,RC,True,True,False,,,True,,False,False,False,False,False,False,False,False,False,False,0,Follow Yaw,0,0,-143.2,216.8,False,False,False,False,False,,0,0,False,False,No Card,100,100,1024,1024,1332,1024,2,False,False,False,False,False,0,False,False,False,False,99,,51.36,,9943,,10044,,51.36,,True,4.241,4.241,4.241,4.241,4.241,4.241,4.241,4.241,4.241,4.241,4.241,4.241,0,,False,False,True,,,,,,,,,,,,,,,False,False,2.49,,76.8,,75.7,,76.8,,,100,,16,5,18432.3,2457.65,,Idle,,20,,10,,,20,Go Home,False,False,False,False,False,False,False,False,False,False,False,False,33.7987591666667,-117.4574081666667,2971.9,2972.0,1049.4,396.9,True,1,1,False,False,False,False,,True,False,False,Course Lock,196.8,67,16.4,93,,,,,Calm,False,False,Android,7.0.2,M300 RTK,1ZN7L4R0H1D00F,1W9DL31001461C,1ZMLH8300204F0,1Z6PH74DAP0QN7,"Corona, CA",728.3,5.7,137.7,8.547347,2.013246,0,0,DJI Matrice 300 RTK,M300 RTK,1ZN7L4R0H1D00F,1W9DL31001461C,1ZMLH8300204F0,1Z6PH74DAP0QN7,DJI Pilot,Android,7.0.2,1EF72A62-B7C3-C88D-164E-CE6F8C8424AE,1ZN7L4R0H1D00F,1W9DL31001461C,,1ZMLH8300204F0,1W9DL31001461C,,,,,
2023-11-01,11:24:28.40 AM,0m 6.1s,6.1,33.802792034766,-117.4659261431046,0,0,0.6,1264,0.9,0,0,0,0,0,0,-0.223694,0,2,-1.3,2.3,-135.3,224.7,,Manual Takeoff,Other,,18,5,True,,True,False,,Smart,RC,False,True,False,,,True,,False,False,False,False,False,False,False,False,False,False,0,Follow Yaw,0,0,-143.2,216.8,False,False,False,False,False,,0,0,False,False,No Card,100,100,1024,1024,1332,1024,2,False,False,False,False,False,0,False,False,False,False,99,,51.36,,9943,,10044,,51.36,,True,4.241,4.241,4.241,4.241,4.241,4.241,4.241,4.241,4.241,4.241,4.241,4.241,0,,False,False,True,,,,,,,,,,,,,,,False,False,2.49,,76.8,,75.7,,76.8,,,100,,16,5,18432.3,2457.65,,Idle,,20,,10,,,20,Go Home,False,False,False,False,False,False,False,False,False,False,False,False,33.7987591666667,-117.4574081666667,2971.9,2972.0,1049.4,396.9,True,1,1,False,False,False,False,,True,False,False,Course Lock,196.8,67,16.4,93,,,,,Calm,False,False,Android,7.0.2,M300 RTK,1ZN7L4R0H1D00F,1W9DL31001461C,1ZMLH8300204F0,1Z6PH74DAP0QN7,"Corona, CA",728.3,5.7,137.7,8.547347,2.013246,0,0,DJI Matrice 300 RTK,M300 RTK,1ZN7L4R0H1D00F,1W9DL31001461C,1ZMLH8300204F0,1Z6PH74DAP0QN7,DJI Pilot,Android,7.0.2,1EF72A62-B7C3-C88D-164E-CE6F8C8424AE,1ZN7L4R0H1D00F,1W9DL31001461C,,1ZMLH8300204F0,1W9DL31001461C,,,,,
2023-11-01,11:24:28.51 AM,0m 6.2s,6.2,33.8027920183183,-117.4659261338683,0,0,0.9,1264,0.9,0,0,0,0,0,0,-0.671082,0,2.2,-0.7,2.3,-134.9,225.1,,Tripod,Other,,18,5,True,,True,False,,Smart,RC,False,True,False,,,True,,False,False,False,False,False,False,False,False,False,False,0,Follow Yaw,0,0,-143.2,216.8,False,False,False,False,False,,0,0,False,False,No Card,100,100,1024,1024,1334,1024,2,False,False,False,False,False,0,False,False,False,False,99,,51.36,,9943,,10044,,51.36,,True,4.241,4.241,4.241,4.241,4.241,4.241,4.241,4.241,4.241,4.241,4.241,4.241,0,,False,False,True,,,,,,,,,,,,,,,False,False,2.49,,76.8,,75.7,,76.8,,,100,,16,5,18432.3,2457.65,,Idle,,20,,10,,,20,Go Home,False,False,False,False,False,False,False,False,False,False,False,False,33.7987591666667,-117.4574081666667,2971.9,2972.0,1049.4,396.9,True,1,1,False,False,False,False,,True,False,False,Course Lock,196.8,67,16.4,93,,,,,Calm,False,False,Android,7.0.2,M300 RTK,1ZN7L4R0H1D00F,1W9DL31001461C,1ZMLH8300204F0,1Z6PH74DAP0QN7,"Corona, CA",728.3,5.7,137.7,8.547347,2.013246,0,0,DJI Matrice 300 RTK,M300 RTK,1ZN7L4R0H1D00F,1W9DL31001461C,1ZMLH8300204F0,1Z6PH74DAP0QN7,DJI Pilot,Android,7.0.2,1EF72A62-B7C3-C88D-164E-CE6F8C8424AE,1ZN7L4R0H1D00F,1W9DL31001461C,,1ZMLH8300204F0,1W9DL31001461C,,,,Flight mode changed to Tripod.,
2023-11-01,11:24:28.64 AM,0m 6.3s,6.3,33.8027916614021,-117.4659259695956,0,0,0.9,1264,1.0,0,0,0,0,0,0,-1.11847,0,1.7,-0.2,1.7,-134.7,225.3,,Tripod,Other,,18,5,True,,True,False,,Smart,RC,False,True,False,,,True,,False,False,False,False,False,False,False,False,False,False,0,Follow Yaw,0,0,-143.2,216.8,False,False,False,False,False,,0,0,False,False,No Card,100,100,1024,1024,1335,1024,2,False,False,False,False,False,0,False,False,False,False,99,,51.36,,9943,,10044,,51.36,,True,4.232,4.232,4.232,4.232,4.232,4.232,4.232,4.232,4.232,4.232,4.232,4.232,0,,False,False,True,,,,,,,,,,,,,,,False,False,2.49,,76.8,,75.7,,76.8,,,40,,11,6,20101.9,2680.26,,Idle,,20,,10,,,20,Go Home,False,False,False,False,False,False,False,False,False,False,False,False,33.8027920380556,-117.4659261431046,0.1,2972.0,1049.4,396.9,True,1,1,False,False,False,False,,True,False,False,Course Lock,196.8,67,16.4,93,,,,,Calm,False,False,Android,7.0.2,M300 RTK,1ZN7L4R0H1D00F,1W9DL31001461C,1ZMLH8300204F0,1Z6PH74DAP0QN7,"Corona, CA",728.3,5.7,137.7,8.547347,2.013246,0,0,DJI Matrice 300 RTK,M300 RTK,1ZN7L4R0H1D00F,1W9DL31001461C,1ZMLH8300204F0,1Z6PH74DAP0QN7,DJI Pilot,Android,7.0.2,1EF72A62-B7C3-C88D-164E-CE6F8C8424AE,1ZN7L4R0H1D00F,1W9DL31001461C,,1ZMLH8300204F0,1W9DL31001461C,,,,Home Point Updated.,
2023-11-01,11:24:28.74 AM,0m 6.4s,6.4,33.8027916328927,-117.4659259623388,0,0,1.3,1264,1.0,0,0,0,0,0,0,-1.11847,0,1.4,0,1.4,-134.6,225.4,,Tripod,Other,,19,5,True,,True,False,,Smart,RC,False,True,False,,,True,,False,False,False,False,False,False,False,False,False,False,0,Follow Yaw,0,0,-143.2,216.8,False,False,False,False,False,,0,0,False,False,No Card,100,100,1024,1024,1336,1024,2,False,False,False,False,False,0,False,False,False,False,99,,51.36,,9943,,10044,,51.36,,True,4.232,4.232,4.232,4.232,4.232,4.232,4.232,4.232,4.232,4.232,4.232,4.232,0,,False,False,True,,,,,,,,,,,,,,,False,False,2.49,,76.8,,75.7,,76.8,,,40,,11,6,20101.9,2680.26,,Idle,,20,,10,,,20,Go Home,False,False,False,False,False,False,False,False,False,False,False,False,33.8027920380556,-117.4659261431046,0.1,2972.0,1049.4,396.9,True,1,1,False,False,False,False,,True,False,False,Course Lock,196.8,67,16.4,93,,,,,Calm,False,False,Android,7.0.2,M300 RTK,1ZN7L4R0H1D00F,1W9DL31001461C,1ZMLH8300204F0,1Z6PH74DAP0QN7,"Corona, CA",728.3,5.7,137.7,8.547347,2.013246,0,0,DJI Matrice 300 RTK,M300 RTK,1ZN7L4R0H1D00F,1W9DL31001461C,1ZMLH8300204F0,1Z6PH74DAP0QN7,DJI Pilot,Android,7.0.2,1EF72A62-B7C3-C88D-164E-CE6F8C8424AE,1ZN7L4R0H1D00F,1W9DL31001461C,,1ZMLH8300204F0,1W9DL31001461C,,,,Home Point recorded. Return-to-Home Altitude:60.0 m.,
2023-11-01,11:24:28.81 AM,0m 6.5s,6.5,33.8027918774159,-117.4659261055001,0,0,1.3,1264,1.1,0,0,0,0,0,0,-1.342164,0,1.6,-0.2,1.6,-134.5,225.5,,Tripod,Other,,19,5,True,,True,False,,Smart,RC,False,True,False,,,True,,False,False,False,False,False,False,False,False,False,False,0,Follow Yaw,0,0,-143.2,216.8,False,False,False,False,False,,0,0,False,False,No Card,100,100,1024,1024,1335,1024,2,False,False,False,False,False,0,False,False,False,False,99,,51.36,,9943,,10044,,51.36,,True,4.232,4.232,4.232,4.232,4.232,4.232,4.232,4.232,4.232,4.232,4.232,4.232,0,,False,False,True,,,,,,,,,,,,,,,False,False,2.49,,76.8,,75.7,,76.8,,,40,,11,6,20101.9,2680.26,,Idle,,20,,10,,,20,Go Home,False,False,False,False,False,False,False,False,False,False,False,False,33.8027920380556,-117.4659261431046,0.0,2972.0,1049.4,396.9,True,1,1,False,False,False,False,,True,False,False,Course Lock,196.8,67,16.4,93,,,,,Calm,False,False,Android,7.0.2,M300 RTK,1ZN7L4R0H1D00F,1W9DL31001461C,1ZMLH8300204F0,1Z6PH74DAP0QN7,"Corona, CA",728.3,5.7,137.7,8.547347,2.013246,0,0,DJI Matrice 300 RTK,M300 RTK,1ZN7L4R0H1D00F,1W9DL31001461C,1ZMLH8300204F0,1Z6PH74DAP0QN7,DJI Pilot,Android,7.0.2,1EF72A62-B7C3-C88D-164E-CE6F8C8424AE,1ZN7L4R0H1D00F,1W9DL31001461C,,1ZMLH8300204F0,1W9DL31001461C,,,,,
2023-11-01,11:24:28.94 AM,0m 6.6s,6.6,33.802791898798,-117.4659261727926,0.3,0.3,1.6,1264,1.1,0,0,0,0,0,0,-1.342164,0,1.7,-0.4,1.7,-134.5,225.5,,Tripod,Other,,19,5,True,,True,False,,Smart,RC,False,True,False,,,True,,False,False,False,False,False,False,False,False,False,False,0,Follow Yaw,0,0,-143.2,216.8,False,False,False,False,False,,0,0,False,False,No Card,100,100,1024,1024,1335,1024,2,False,False,False,False,False,0,False,False,False,False,99,,51.36,,9943,,10044,,51.36,,True,4.232,4.232,4.232,4.232,4.232,4.232,4.232,4.232,4.232,4.232,4.232,4.232,0,,False,False,True,,,,,,,,,,,,,,,False,False,2.49,,76.8,,75.7,,76.8,,,40,,11,6,20101.9,2680.26,,Idle,,20,,10,,,20,Go Home,False,False,False,False,False,False,False,False,False,False,False,False,33.8027920380556,-117.4659261431046,0.0,2972.0,1049.4,396.9,True,1,1,False,False,False,False,,True,False,False,Course Lock,196.8,67,16.4,93,,,,,Calm,False,False,Android,7.0.2,M300 RTK,1ZN7L4R0H1D00F,1W9DL31001461C,1ZMLH8300204F0,1Z6PH74DAP0QN7,"Corona, CA",728.3,5.7,137.7,8.547347,2.013246,0,0,DJI Matrice 300 RTK,M300 RTK,1ZN7L4R0H1D00F,1W9DL31001461C,1ZMLH8300204F0,1Z6PH74DAP0QN7,DJI Pilot,Android,7.0.2,1EF72A62-B7C3-C88D-164E-CE6F8C8424AE,1ZN7L4R0H1D00F,1W9DL31001461C,,1ZMLH8300204F0,1W9DL31001461C,,,,,
2023-11-01,11:24:29.04 AM,0m 6.7s,6.7,33.8027920095462,-117.4659262374461,0.6,0.6,1.6,1264,1.2,0,0,0,0,0,0,-1.342164,0,1.8,-0.5,1.8,-134.3,225.7,,Tripod,Other,,19,5,True,,True,False,,Smart,RC,False,True,False,,,True,,False,False,False,False,False,False,False,False,False,False,0,Follow Yaw,0,0,-143.2,216.8,False,False,False,False,False,,0,0,False,False,No Card,100,100,1024,1024,1337,1024,2,False,False,False,False,False,0,False,False,False,False,99,,51.36,,9943,,10044,,51.36,,True,4.232,4.232,4.232,4.232,4.232,4.232,4.232,4.232,4.232,4.232,4.232,4.232,0,,False,False,True,,,,,,,,,,,,,,,False,False,2.49,,76.8,,75.7,,76.8,,,40,,11,6,20101.9,2680.26,,Idle,,20,,10,,,20,Go Home,False,False,False,False,False,False,False,False,False,False,False,False,33.8027920380556,-117.4659261431046,0.0,2972.0,1049.4,396.9,True,1,1,False,False,False,False,,True,False,False,Course Lock,196.8,67,16.4,93,,,,,Calm,False,False,Android,7.0.2,M300 RTK,1ZN7L4R0H1D00F,1W9DL31001461C,1ZMLH8300204F0,1Z6PH74DAP0QN7,"Corona, CA",728.3,5.7,137.7,8.547347,2.013246,0,0,DJI Matrice 300 RTK,M300 RTK,1ZN7L4R0H1D00F,1W9DL31001461C,1ZMLH8300204F0,1Z6PH74DAP0QN7,DJI Pilot,Android,7.0.2,1EF72A62-B7C3-C88D-164E-CE6F8C8424AE,1ZN7L4R0H1D00F,1W9DL31001461C,,1ZMLH8300204F0,1W9DL31001461C,,,,,
2023-11-01,11:24:29.13 AM,0m 6.8s,6.8,33.8027920627272,-117.4659263278291,0.6,0.6,1.9,1264,1.2,0,0,0,0,0,0,-1.11847,0,1.7,-0.9,1.9,-134.4,225.6,,Tripod,Other,,19,5,True,,True,False,,Smart,RC,False,True,False,,,True,,False,False,False,False,False,False,False,False,False,False,0,Follow Yaw,0,0,-143.2,216.8,False,False,False,False,False,,0,0,False,False,No Card,100,100,1024,1024,1340,1024,2,False,False,False,False,False,0,False,False,False,False,99,,51.36,,9943,,10044,,51.36,,True,4.232,4.232,4.232,4.232,4.232,4.232,4.232,4.232,4.232,4.232,4.232,4.232,0,,False,False,True,,,,,,,,,,,,,,,False,False,2.49,,76.8,,75.7,,76.8,,,40,,11,6,20101.9,2680.26,,Idle,,20,,10,,,20,Go Home,False,False,False,False,False,False,False,False,False,False,False,False,33.8027920380556,-117.4659261431046,0.0,2972.0,1049.4,396.9,True,1,1,False,False,False,False,,True,False,False,Course Lock,196.8,67,16.4,93,,,,,Calm,False,False,Android,7.0.2,M300 RTK,1ZN7L4R0H1D00F,1W9DL31001461C,1ZMLH8300204F0,1Z6PH74DAP0QN7,"Corona, CA",728.3,5.7,137.7,8.547347,2.013246,0,0,DJI Matrice 300 RTK,M300 RTK,1ZN7L4R0H1D00F,1W9DL31001461C,1ZMLH8300204F0,1Z6PH74DAP0QN7,DJI Pilot,Android,7.0.2,1EF72A62-B7C3-C88D-164E-CE6F8C8424AE,1ZN7L4R0H1D00F,1W9DL31001461C,,1ZMLH8300204F0,1W9DL31001461C,,,,,
2023-11-01,11:24:29.24 AM,0m 6.9s,6.9,33.8027917896946,-117.4659262387656,0.9,0.9,1.9,1265,1.3,0.223694,0.223694,0,0,-0.223694,0,-1.11847,0,1.4,-1.4,1.9,-134.4,225.6,164.8,Tripod,Other,,19,5,True,,True,False,,Smart,RC,False,True,False,,,True,,False,False,False,False,False,False,False,False,False,False,0,Follow Yaw,0,0,-143.2,216.8,False,False,False,False,False,,0,0,False,False,No Card,100,100,1024,1024,1345,1024,2,False,False,False,False,False,0,False,False,False,False,99,,51.36,,4936,,4986,,51.36,,True,4.232,4.232,4.232,4.232,4.232,4.232,4.232,4.232,4.232,4.232,4.232,4.232,0,,False,False,True,,,,,,,,,,,,,,,False,False,2.422,,75.9,,75.7,,76.8,,,40,,11,6,20101.9,2680.26,,Idle,,20,,10,,,20,Go Home,False,False,False,False,False,False,False,False,False,False,False,False,33.8027920380556,-117.4659261431046,0.0,2972.0,1049.4,396.9,True,1,1,False,False,False,False,,True,False,False,Course Lock,196.8,67,16.4,93,,,,,Calm,False,False,Android,7.0.2,M300 RTK,1ZN7L4R0H1D00F,1W9DL31001461C,1ZMLH8300204F0,1Z6PH74DAP0QN7,"Corona, CA",728.3,5.7,137.7,8.547347,2.013246,0,0,DJI Matrice 300 RTK,M300 RTK,1ZN7L4R0H1D00F,1W9DL31001461C,1ZMLH8300204F0,1Z6PH74DAP0QN7,DJI Pilot,Android,7.0.2,1EF72A62-B7C3-C88D-164E-CE6F8C8424AE,1ZN7L4R0H1D00F,1W9DL31001461C,,1ZMLH8300204F0,1W9DL31001461C,,,,,
2023-11-01,11:24:29.33 AM,0m 7.0s,7.0,33.8027918225901,-117.4659263179332,0.9,0.9,2.2,1265,1.4,0.223694,0.223694,0,0,-0.223694,0,-0.894776,0,1.2,-2,2.3,-134.4,225.6,296.5,Tripod,Other,,19,5,True,,True,False,,Smart,RC,False,True,False,,,True,,False,False,False,False,False,False,False,False,False,False,0,Follow Yaw,0,0,-143.2,216.8,False,False,False,False,False,,0,0,False,False,No Card,100,100,1024,1024,1348,1024,2,False,False,False,False,False,0,False,False,False,False,99,,51.36,,9943,,10044,,51.36,,True,4.232,4.232,4.232,4.232,4.232,4.232,4.232,4.232,4.232,4.232,4.232,4.232,0,,False,False,True,,,,,,,,,,,,,,,False,False,5.776,,76.8,,75.7,,76.8,,,40,,11,6,20101.9,2680.26,,Idle,,20,,10,,,20,Go Home,False,False,False,False,False,False,False,False,False,False,False,False,33.8027920380556,-117.4659261431046,0.0,2972.0,1049.4,396.9,True,1,1,False,False,False,False,,True,False,False,Course Lock,196.8,67,16.4,93,,,,,Calm,False,False,Android,7.0.2,M300 RTK,1ZN7L4R0H1D00F,1W9DL31001461C,1ZMLH8300204F0,1Z6PH74DAP0QN7,"Corona, CA",728.3,5.7,137.7,8.547347,2.013246,0,0,DJI Matrice 300 RTK,M300 RTK,1ZN7L4R0H1D00F,1W9DL31001461C,1ZMLH8300204F0,1Z6PH74DAP0QN7,DJI Pilot,Android,7.0.2,1EF72A62-B7C3-C88D-164E-CE6F8C8424AE,1ZN7L4R0H1D00F,1W9DL31001461C,,1ZMLH8300204F0,1W9DL31001461C,,,,,
2023-11-01,11:24:29.44 AM,0m 7.1s,7.1,33.8027919887123,-117.4659264063369,1.3,1.3,2.2,1265,1.4,0,0.223694,0,0,0,0,-0.894776,0,1.2,-2.6,2.8,-134.4,225.6,,Tripod,Other,,19,5,True,,True,False,,Smart,RC,False,True,False,,,True,,False,False,False,False,False,False,False,False,False,False,0,Follow Yaw,0,0,-143.2,216.8,False,False,False,False,False,,0,0,False,False,No Card,100,100,1024,1024,1349,1024,2,False,False,False,False,False,0,False,False,False,False,99,,51.36,,9943,,10044,,51.36,,True,4.232,4.232,4.232,4.232,4.232,4.232,4.232,4.232,4.232,4.232,4.232,4.232,0,,False,False,True,,,,,,,,,,,,,,,False,False,5.776,,76.8,,75.7,,76.8,,,40,,11,6,20101.9,2680.26,,Idle,,20,,10,,,20,Go Home,False,False,False,False,False,False,False,False,False,False,False,False,33.8027920380556,-117.4659261431046,0.0,2972.0,1049.4,396.9,True,1,1,False,False,False,False,,True,False,False,Course Lock,196.8,67,16.4,93,,,,,Calm,False,False,Android,7.0.2,M300 RTK,1ZN7L4R0H1D00F,1W9DL31001461C,1ZMLH8300204F0,1Z6PH74DAP0QN7,"Corona, CA",728.3,5.7,137.7,8.547347,2.013246,0,0,DJI Matrice 300 RTK,M300 RTK,1ZN7L4R0H1D00F,1W9DL31001461C,1ZMLH8300204F0,1Z6PH74DAP0QN7,DJI Pilot,Android,7.0.2,1EF72A62-B7C3-C88D-164E-CE6F8C8424AE,1ZN7L4R0H1D00F,1W9DL31001461C,,1ZMLH8300204F0,1W9DL31001461C,,,,,
2023-11-01,11:24:29.54 AM,0m 7.2s,7.2,33.802792013384,-117.4659264749488,1.3,1.3,2.6,1265,1.4,0,0.223694,0,0,0,0,-0.894776,0,1.3,-2.6,2.9,-134.4,225.6,,Tripod,Other,,19,5,True,,True,False,,Smart,RC,False,True,False,,,True,,False,False,False,False,False,False,False,False,False,False,0,Follow Yaw,0,0,-143.2,216.8,False,False,False,False,False,,0,0,False,False,No Card,100,100,1024,1024,1350,1024,2,False,False,False,False,False,0,False,False,False,False,99,,51.36,,9943,,10044,,51.36,,True,4.232,4.232,4.232,4.232,4.232,4.232,4.232,4.232,4.232,4.232,4.232,4.232,0,,False,False,True,,,,,,,,,,,,,,,False,False,5.776,,76.8,,75.7,,76.8,,,40,,11,6,20101.9,2680.26,,Idle,,20,,10,,,20,Go Home,False,False,False,False,False,False,False,False,False,False,False,False,33.8027920380556,-117.4659261431046,0.1,2972.0,1049.4,396.9,True,1,1,False,False,False,False,,True,False,False,Course Lock,196.8,67,16.4,93,,,,,Calm,False,False,Android,7.0.2,M300 RTK,1ZN7L4R0H1D00F,1W9DL31001461C,1ZMLH8300204F0,1Z6PH74DAP0QN7,"Corona, CA",728.3,5.7,137.7,8.547347,2.013246,0,0,DJI Matrice 300 RTK,M300 RTK,1ZN7L4R0H1D00F,1W9DL31001461C,1ZMLH8300204F0,1Z6PH74DAP0QN7,DJI Pilot,Android,7.0.2,1EF72A62-B7C3-C88D-164E-CE6F8C8424AE,1ZN7L4R0H1D00F,1W9DL31001461C,,1ZMLH8300204F0,1W9DL31001461C,,,,,
2023-11-01,11:24:29.64 AM,0m 7.3s,7.3,33.8027919048288,-117.4659266002973,1.6,1.6,2.6,1265,1.5,0,0.223694,0,0,0,0,-0.671082,0,1.4,-2.1,2.5,-134.4,225.6,,Tripod,Other,,19,5,True,,True,False,,Smart,RC,False,True,False,,,True,,False,False,False,False,False,False,False,False,False,False,0,Follow Yaw,0,0,-143.2,216.8,False,False,False,False,False,,0,0,False,False,No Card,100,100,1024,1024,1356,1024,2,False,False,False,False,False,0,False,False,False,False,99,,51.36,,9943,,10044,,51.36,,True,4.28,4.28,4.28,4.28,4.28,4.28,4.28,4.28,4.28,4.28,4.28,4.28,0,,False,False,True,,,,,,,,,,,,,,,False,False,5.776,,76.8,,75.7,,76.8,,,39,,11,6,21554.2,2873.90,,Idle,,20,,10,,,20,Go Home,False,False,False,False,False,False,False,False,False,False,False,False,33.8027920380556,-117.4659261431046,0.1,2972.0,1049.4,396.9,True,1,1,False,False,False,False,,True,False,False,Course Lock,196.8,67,16.4,93,E,SW,0.22,0.22,Calm,False,False,Android,7.0.2,M300 RTK,1ZN7L4R0H1D00F,1W9DL31001461C,1ZMLH8300204F0,1Z6PH74DAP0QN7,"Corona, CA",728.3,5.7,137.7,8.547347,2.013246,0,0,DJI Matrice 300 RTK,M300 RTK,1ZN7L4R0H1D00F,1W9DL31001461C,1ZMLH8300204F0,1Z6PH74DAP0QN7,DJI Pilot,Android,7.0.2,1EF72A62-B7C3-C88D-164E-CE6F8C8424AE,1ZN7L4R0H1D00F,1W9DL31001461C,,1ZMLH8300204F0,1W9DL31001461C,,,,,
2023-11-01,11:24:29.74 AM,0m 7.4s,7.4,33.8027918938636,-117.4659266543951,1.6,1.6,2.9,1265,1.5,0,0.223694,0,0,0,0,-0.671082,0,1.6,-1.7,2.3,-134.4,225.6,,Tripod,Other,,18,5,True,,True,False,,Smart,RC,False,True,False,,,True,,False,False,False,False,False,False,False,False,False,False,0,Follow Yaw,0,0,-143.2,216.8,False,False,False,False,False,,0,0,False,False,No Card,100,100,1024,1024,1365,1024,2,False,False,False,False,False,0,False,False,False,False,99,,51.36,,9943,,10044,,51.36,,True,4.28,4.28,4.28,4.28,4.28,4.28,4.28,4.28,4.28,4.28,4.28,4.28,0,,False,False,True,,,,,,,,,,,,,,,False,False,5.776,,76.8,,75.7,,76.8,,,39,,11,6,21554.2,2873.90,,Idle,,20,,10,,,20,Go Home,False,False,False,False,False,False,False,False,False,False,False,False,33.8027920380556,-117.4659261431046,0.1,2972.0,1049.4,396.9,True,1,1,False,False,False,False,,True,False,False,Course Lock,196.8,67,16.4,93,E,SW,0.22,0.22,Calm,False,False,Android,7.0.2,M300 RTK,1ZN7L4R0H1D00F,1W9DL31001461C,1ZMLH8300204F0,1Z6PH74DAP0QN7,"Corona, CA",728.3,5.7,137.7,8.547347,2.013246,0,0,DJI Matrice 300 RTK,M300 RTK,1ZN7L4R0H1D00F,1W9DL31001461C,1ZMLH8300204F0,1Z6PH74DAP0QN7,DJI Pilot,Android,7.0.2,1EF72A62-B7C3-C88D-164E-CE6F8C8424AE,1ZN7L4R0H1D00F,1W9DL31001461C,,1ZMLH8300204F0,1W9DL31001461C,,,,,
2023-11-01,11:24:29.85 AM,0m 7.5s,7.5,33.8027919262109,-117.465926898495,1.6,1.6,2.9,1265,1.6,0,0.223694,0,0,0,0,-0.671082,0,1.6,-1.6,2.2,-134.5,225.5,,Tripod,Other,,18,5,True,,True,False,,Smart,RC,False,True,False,,,True,,False,False,False,False,False,False,False,False,False,False,0,Follow Yaw,0,0,-143.2,216.8,False,False,False,False,False,,0,0,False,False,No Card,100,100,1024,1024,1365,1024,2,False,False,False,False,False,0,False,False,False,False,99,,51.36,,9943,,10044,,51.36,,True,4.28,4.28,4.28,4.28,4.28,4.28,4.28,4.28,4.28,4.28,4.28,4.28,0,,False,False,True,,,,,,,,,,,,,,,False,False,5.776,,76.8,,75.7,,76.8,,,39,,11,6,21554.2,2873.90,,Idle,,20,,10,,,20,Go Home,False,False,False,False,False,False,False,False,False,False,False,False,33.8027920380556,-117.4659261431046,0.2,2972.0,1049.4,396.9,True,1,1,False,False,False,False,,True,False,False,Course Lock,196.8,67,16.4,93,E,SW,0.22,0.22,Calm,False,False,Android,7.0.2,M300 RTK,1ZN7L4R0H1D00F,1W9DL31001461C,1ZMLH8300204F0,1Z6PH74DAP0QN7,"Corona, CA",728.3,5.7,137.7,8.547347,2.013246,0,0,DJI Matrice 300 RTK,M300 RTK,1ZN7L4R0H1D00F,1W9DL31001461C,1ZMLH8300204F0,1Z6PH74DAP0QN7,DJI Pilot,Android,7.0.2,1EF72A62-B7C3-C88D-164E-CE6F8C8424AE,1ZN7L4R0H1D00F,1W9DL31001461C,,1ZMLH8300204F0,1W9DL31001461C,,,,,
2023-11-01,11:24:29.95 AM,0m 7.6s,7.6,33.8027919152457,-117.4659269605095,1.9,1.9,2.9,1266,1.6,0,0.223694,0,0,0,0,-0.671082,0,1.6,-1.7,2.3,-134.5,225.5,,Tripod,Other,,19,5,True,,True,False,,Smart,RC,False,True,False,,,True,,False,False,False,False,False,False,False,False,False,False,0,Follow Yaw,0,0,-143.2,216.8,False,False,False,False,False,,0,0,False,False,No Card,100,100,1024,1024,1374,1024,2,False,False,False,False,False,0,False,False,False,False,99,,51.36,,9943,,10044,,51.36,,True,4.28,4.28,4.28,4.28,4.28,4.28,4.28,4.28,4.28,4.28,4.28,4.28,0,,False,False,True,,,,,,,,,,,,,,,False,False,5.776,,76.8,,75.7,,76.8,,,39,,11,6,21554.2,2873.90,,Idle,,20,,10,,,20,Go Home,False,False,False,False,False,False,False,False,False,False,False,False,33.8027920380556,-117.4659261431046,0.2,2972.0,1049.4,396.9,True,1,1,False,False,False,False,,True,False,False,Course Lock,196.8,67,16.4,93,E,SW,0.22,0.22,Calm,False,False,Android,7.0.2,M300 RTK,1ZN7L4R0H1D00F,1W9DL31001461C,1ZMLH8300204F0,1Z6PH74DAP0QN7,"Corona, CA",728.3,5.7,137.7,8.547347,2.013246,0,0,DJI Matrice 300 RTK,M300 RTK,1ZN7L4R0H1D00F,1W9DL31001461C,1ZMLH8300204F0,1Z6PH74DAP0QN7,DJI Pilot,Android,7.0.2,1EF72A62-B7C3-C88D-164E-CE6F8C8424AE,1ZN7L4R0H1D00F,1W9DL31001461C,,1ZMLH8300204F0,1W9DL31001461C,,,,,
2023-11-01,11:24:30.06 AM,0m 7.7s,7.7,33.8027921827958,-117.4659270680454,1.9,1.9,3.2,1266,1.7,0,0.223694,0,0,0,0,-0.671082,0,1.6,-1.8,2.4,-134.4,225.6,,Tripod,Other,,19,5,True,,True,False,,Smart,RC,False,True,False,,,True,,False,False,False,False,False,False,False,False,False,False,0,Follow Yaw,0,0,-143.2,216.8,False,False,False,False,False,,0,0,False,False,No Card,100,100,1024,1024,1388,1024,2,False,False,False,False,False,0,False,False,False,False,99,,51.36,,9943,,10044,,51.36,,True,4.28,4.28,4.28,4.28,4.28,4.28,4.28,4.28,4.28,4.28,4.28,4.28,0,,False,False,True,,,,,,,,,,,,,,,False,False,5.776,,76.8,,75.7,,76.8,,,39,,11,6,21554.2,2873.90,,Idle,,20,,10,,,20,Go Home,False,False,False,False,False,False,False,False,False,False,False,False,33.8027920380556,-117.4659261431046,0.2,2972.0,1049.4,396.9,True,1,1,False,False,False,False,,True,False,False,Course Lock,196.8,67,16.4,93,E,SW,0.22,0.22,Calm,False,False,Android,7.0.2,M300 RTK,1ZN7L4R0H1D00F,1W9DL31001461C,1ZMLH8300204F0,1Z6PH74DAP0QN7,"Corona, CA",728.3,5.7,137.7,8.547347,2.013246,0,0,DJI Matrice 300 RTK,M300 RTK,1ZN7L4R0H1D00F,1W9DL31001461C,1ZMLH8300204F0,1Z6PH74DAP0QN7,DJI Pilot,Android,7.0.2,1EF72A62-B7C3-C88D-164E-CE6F8C8424AE,1ZN7L4R0H1D00F,1W9DL31001461C,,1ZMLH8300204F0,1W9DL31001461C,,,,,
2023-11-01,11:24:30.16 AM,0m 7.8s,7.8,33.8027921915679,-117.4659271135667,1.9,1.9,3.2,1266,1.7,0,0.223694,0,0,0,0,-0.671082,0,1.6,-1.9,2.4,-134.4,225.6,,Tripod,Other,,18,5,True,,True,False,,Smart,RC,False,True,False,,,True,,False,False,False,False,False,False,False,False,False,False,0,Follow Yaw,0,0,-143.2,216.8,False,False,False,False,False,,0,0,False,False,No Card,100,100,1024,1024,1405,1024,2,False,False,False,False,False,0,False,False,False,False,99,,51.36,,9943,,10044,,51.36,,True,4.28,4.28,4.28,4.28,4.28,4.28,4.28,4.28,4.28,4.28,4.28,4.28,0,,False,False,True,,,,,,,,,,,,,,,False,False,5.776,,76.8,,75.7,,76.8,,,39,,11,6,21554.2,2873.90,,Idle,,20,,10,,,20,Go Home,False,False,False,False,False,False,False,False,False,False,False,False,33.8027920380556,-117.4659261431046,0.2,2972.0,1049.4,396.9,True,1,1,False,False,False,False,,True,False,False,Course Lock,196.8,67,16.4,93,E,SW,0.22,0.22,Calm,False,False,Android,7.0.2,M300 RTK,1ZN7L4R0H1D00F,1W9DL31001461C,1ZMLH8300204F0,1Z6PH74DAP0QN7,"Corona, CA",728.3,5.7,137.7,8.547347,2.013246,0,0,DJI Matrice 300 RTK,M300 RTK,1ZN7L4R0H1D00F,1W9DL31001461C,1ZMLH8300204F0,1Z6PH74DAP0QN7,DJI Pilot,Android,7.0.2,1EF72A62-B7C3-C88D-164E-CE6F8C8424AE,1ZN7L4R0H1D00F,1W9DL31001461C,,1ZMLH8300204F0,1W9DL31001461C,,,,,
2023-11-01,11:24:30.27 AM,0m 7.9s,7.9,33.8027921723789,-117.465927071344,2.2,2.2,3.2,1266,1.7,0,0.223694,0,0,0,0,-0.671082,0,1.6,-1.7,2.3,-134.5,225.5,,Tripod,Other,,18,5,True,,True,False,,Smart,RC,False,True,False,,,True,,False,False,False,False,False,False,False,False,False,False,0,Follow Yaw,0,0,-143.2,216.8,False,False,False,False,False,,0,0,False,False,No Card,100,100,1024,1024,1412,1024,2,False,False,False,False,False,0,False,False,False,False,99,,51.36,,9943,,10044,,51.36,,True,4.28,4.28,4.28,4.28,4.28,4.28,4.28,4.28,4.28,4.28,4.28,4.28,0,,False,False,True,,,,,,,,,,,,,,,False,False,5.776,,76.8,,75.7,,76.8,,,39,,11,6,21554.2,2873.90,,Idle,,20,,10,,,20,Go Home,False,False,False,False,False,False,False,False,False,False,False,False,33.8027920380556,-117.4659261431046,0.2,2972.0,1049.4,396.9,True,1,1,False,False,False,False,,True,False,False,Course Lock,196.8,67,16.4,93,E,SW,0.22,0.22,Calm,False,True,Android,7.0.2,M300 RTK,1ZN7L4R0H1D00F,1W9DL31001461C,1ZMLH8300204F0,1Z6PH74DAP0QN7,"Corona, CA",728.3,5.7,137.7,8.547347,2.013246,0,0,DJI Matrice 300 RTK,M300 RTK,1ZN7L4R0H1D00F,1W9DL31001461C,1ZMLH8300204F0,1Z6PH74DAP0QN7,DJI Pilot,Android,7.0.2,1EF72A62-B7C3-C88D-164E-CE6F8C8424AE,1ZN7L4R0H1D00F,1W9DL31001461C,,1ZMLH8300204F0,1W9DL31001461C,,,,,
2023-11-01,11:24:30.37 AM,0m 8.0s,8.0,33.8027921833441,-117.4659270891567,2.2,2.2,3.6,1266,1.7,0,0.223694,0,0,0,0,-0.671082,0,1.4,-1.6,2.1,-134.6,225.4,,Tripod,Other,,19,5,True,,True,False,,Smart,RC,False,True,False,,,True,,False,False,False,False,False,False,False,False,False,False,0,Follow Yaw,0,0,-143.2,216.8,False,False,False,False,False,,0,0,False,False,No Card,100,100,1024,1024,1416,1015,2,False,False,False,False,False,0,False,False,False,False,99,,49.644,,9943,,10044,,49.644,,True,4.28,4.28,4.28,4.28,4.28,4.28,4.28,4.28,4.28,4.28,4.28,4.28,0,,False,False,True,,,,,,,,,,,,,,,False,False,19.168,,76.8,,75.7,,76.8,,,39,,11,6,21554.2,2873.90,,Idle,,20,,10,,,20,Go Home,False,False,False,False,False,False,False,False,False,False,False,False,33.8027920380556,-117.4659261431046,0.2,2972.0,1049.4,396.9,True,1,1,False,False,False,False,,True,False,False,Course Lock,196.8,67,16.4,93,E,SW,0.22,0.22,Calm,False,False,Android,7.0.2,M300 RTK,1ZN7L4R0H1D00F,1W9DL31001461C,1ZMLH8300204F0,1Z6PH74DAP0QN7,"Corona, CA",728.3,5.7,137.7,8.547347,2.013246,0,0,DJI Matrice 300 RTK,M300 RTK,1ZN7L4R0H1D00F,1W9DL31001461C,1ZMLH8300204F0,1Z6PH74DAP0QN7,DJI Pilot,Android,7.0.2,1EF72A62-B7C3-C88D-164E-CE6F8C8424AE,1ZN7L4R0H1D00F,1W9DL31001461C,,1ZMLH8300204F0,1W9DL31001461C,,,,,
2023-11-01,11:24:30.47 AM,0m 8.1s,8.1,33.8027919821332,-117.465927407806,2.2,2.2,3.6,1266,1.9,0,0.223694,0,0,0,0,-0.671082,0,1.2,-1.5,1.9,-134.6,225.4,,Tripod,Other,,19,5,True,,True,False,,Smart,RC,False,True,False,,,True,,False,False,False,False,False,False,False,False,False,False,0,Follow Yaw,0,0,-143.2,216.8,False,False,False,False,False,,0,0,False,False,No Card,100,100,1024,1024,1413,991,2,False,False,False,False,False,0,False,False,False,False,99,,49.644,,9943,,10044,,49.644,,True,4.28,4.28,4.28,4.28,4.28,4.28,4.28,4.28,4.28,4.28,4.28,4.28,0,,False,False,True,,,,,,,,,,,,,,,False,False,19.168,,76.8,,75.7,,76.8,,,39,,11,6,21554.2,2873.90,,Idle,,20,,10,,,20,Go Home,False,False,False,False,False,False,False,False,False,False,False,False,33.8027920380556,-117.4659261431046,0.3,2972.0,1049.4,396.9,True,1,1,False,False,False,False,,True,False,False,Course Lock,196.8,67,16.4,93,E,SW,0.44,0.44,Calm,False,False,Android,7.0.2,M300 RTK,1ZN7L4R0H1D00F,1W9DL31001461C,1ZMLH8300204F0,1Z6PH74DAP0QN7,"Corona, CA",728.3,5.7,137.7,8.547347,2.013246,0,0,DJI Matrice 300 RTK,M300 RTK,1ZN7L4R0H1D00F,1W9DL31001461C,1ZMLH8300204F0,1Z6PH74DAP0QN7,DJI Pilot,Android,7.0.2,1EF72A62-B7C3-C88D-164E-CE6F8C8424AE,1ZN7L4R0H1D00F,1W9DL31001461C,,1ZMLH8300204F0,1W9DL31001461C,,,,,
2023-11-01,11:24:30.57 AM,0m 8.2s,8.2,33.8027919711681,-117.4659274473897,2.6,2.6,3.6,1266,1.9,0,0.223694,0,0,0,0,-0.894776,0,1.1,-1.3,1.7,-134.6,225.4,,Tripod,Other,,19,5,True,,True,False,,Smart,RC,False,True,False,,,True,,False,False,False,False,False,False,False,False,False,False,0,Follow Yaw,0,0,-143.2,216.8,False,False,False,False,False,,0,0,False,False,No Card,100,100,818,1024,1416,983,2,False,False,False,False,False,0,False,False,False,False,99,,49.644,,9943,,10044,,49.644,,True,4.28,4.28,4.28,4.28,4.28,4.28,4.28,4.28,4.28,4.28,4.28,4.28,0,,False,False,True,,,,,,,,,,,,,,,False,False,19.168,,76.8,,75.7,,76.8,,,39,,11,6,21554.2,2873.90,,Idle,,20,,10,,,20,Go Home,False,False,False,False,False,False,False,False,False,False,False,False,33.8027920380556,-117.4659261431046,0.3,2972.0,1049.4,396.9,True,1,1,False,False,False,False,,True,False,False,Course Lock,196.8,67,16.4,93,E,SW,0.44,0.44,Calm,False,False,Android,7.0.2,M300 RTK,1ZN7L4R0H1D00F,1W9DL31001461C,1ZMLH8300204F0,1Z6PH74DAP0QN7,"Corona, CA",728.3,5.7,137.7,8.547347,2.013246,0,0,DJI Matrice 300 RTK,M300 RTK,1ZN7L4R0H1D00F,1W9DL31001461C,1ZMLH8300204F0,1Z6PH74DAP0QN7,DJI Pilot,Android,7.0.2,1EF72A62-B7C3-C88D-164E-CE6F8C8424AE,1ZN7L4R0H1D00F,1W9DL31001461C,,1ZMLH8300204F0,1W9DL31001461C,,,,,
2023-11-01,11:24:30.64 AM,0m 8.3s,8.3,33.8027923176674,-117.465927285756,2.6,2.6,3.9,1266,2.0,0,0.223694,0,0,0,0,-0.894776,0,1.1,-1.4,1.7,-134.6,225.4,,Tripod,Other,,19,5,True,,True,False,,Smart,RC,False,True,False,,,True,,False,False,False,False,False,False,False,False,False,False,0,Follow Yaw,0,0,-143.2,216.8,False,False,False,False,False,,0,0,False,False,No Card,100,100,776,1024,1416,981,2,False,False,False,False,False,0,False,False,False,False,99,,49.644,,9943,,10044,,49.644,,True,4.202,4.202,4.202,4.202,4.202,4.202,4.202,4.202,4.202,4.202,4.202,4.202,0,,False,False,True,,,,,,,,,,,,,,,False,False,19.168,,76.8,,75.7,,76.8,,,39,,11,6,25756.4,3434.19,,Idle,,20,,10,,,20,Go Home,False,False,False,False,False,False,False,False,False,False,False,False,33.8027920380556,-117.4659261431046,0.3,2972.0,1049.4,396.9,True,1,1,False,False,False,False,,True,False,False,Course Lock,196.8,67,16.4,93,E,SW,0.44,0.44,Calm,False,False,Android,7.0.2,M300 RTK,1ZN7L4R0H1D00F,1W9DL31001461C,1ZMLH8300204F0,1Z6PH74DAP0QN7,"Corona, CA",728.3,5.7,137.7,8.547347,2.013246,0,0,DJI Matrice 300 RTK,M300 RTK,1ZN7L4R0H1D00F,1W9DL31001461C,1ZMLH8300204F0,1Z6PH74DAP0QN7,DJI Pilot,Android,7.0.2,1EF72A62-B7C3-C88D-164E-CE6F8C8424AE,1ZN7L4R0H1D00F,1W9DL31001461C,,1ZMLH8300204F0,1W9DL31001461C,,,,,
2023-11-01,11:24:30.74 AM,0m 8.4s,8.4,33.8027923395977,-117.4659272989506,2.9,2.9,3.9,1267,2.0,0,0.223694,0,0,0,0,-0.894776,0,1.1,-1.5,1.8,-134.6,225.4,,Tripod,Other,,19,5,True,,True,False,,Smart,RC,False,True,False,,,True,,False,False,False,False,False,False,False,False,False,False,0,Follow Yaw,0,0,-143.3,216.7,False,False,False,False,False,,0,0,False,False,No Card,100,100,788,1024,1416,981,2,False,False,False,False,False,0,False,False,False,False,99,,49.644,,9943,,10044,,49.644,,True,4.202,4.202,4.202,4.202,4.202,4.202,4.202,4.202,4.202,4.202,4.202,4.202,0,,False,False,True,,,,,,,,,,,,,,,False,False,19.168,,76.8,,75.7,,76.8,,,39,,11,6,25756.4,3434.19,,Idle,,20,,10,,,20,Go Home,False,False,False,False,False,False,False,False,False,False,False,False,33.8027920380556,-117.4659261431046,0.3,2972.0,1049.4,396.9,True,1,1,False,False,False,False,,True,False,False,Course Lock,196.8,67,16.4,93,E,SW,0.44,0.44,Calm,False,False,Android,7.0.2,M300 RTK,1ZN7L4R0H1D00F,1W9DL31001461C,1ZMLH8300204F0,1Z6PH74DAP0QN7,"Corona, CA",728.3,5.7,137.7,8.547347,2.013246,0,0,DJI Matrice 300 RTK,M300 RTK,1ZN7L4R0H1D00F,1W9DL31001461C,1ZMLH8300204F0,1Z6PH74DAP0QN7,DJI Pilot,Android,7.0.2,1EF72A62-B7C3-C88D-164E-CE6F8C8424AE,1ZN7L4R0H1D00F,1W9DL31001461C,,1ZMLH8300204F0,1W9DL31001461C,,,,,
2023-11-01,11:24:30.84 AM,0m 8.5s,8.5,33.8027922962853,-117.4659273655833,2.9,2.9,4.2,1267,2.0,0,0.223694,0,0,0,0,-0.894776,0,1,-2,2.2,-134.7,225.3,,Tripod,Other,,19,5,True,,True,False,,Smart,RC,False,True,False,,,True,,False,False,False,False,False,False,False,False,False,False,0,Follow Yaw,0,0,-143.3,216.7,False,False,False,False,False,,0,0,False,False,No Card,100,100,790,1024,1418,982,2,False,False,False,False,False,0,False,False,False,False,99,,49.644,,9943,,10044,,49.644,,True,4.202,4.202,4.202,4.202,4.202,4.202,4.202,4.202,4.202,4.202,4.202,4.202,0,,False,False,True,,,,,,,,,,,,,,,False,False,19.168,,76.8,,75.7,,76.8,,,39,,11,6,25756.4,3434.19,,Idle,,20,,10,,,20,Go Home,False,False,False,False,False,False,False,False,False,False,False,False,33.8027920380556,-117.4659261431046,0.3,2972.0,1049.4,396.9,True,1,1,False,False,False,False,,True,False,False,Course Lock,196.8,67,16.4,93,E,SW,0.44,0.44,Calm,False,False,Android,7.0.2,M300 RTK,1ZN7L4R0H1D00F,1W9DL31001461C,1ZMLH8300204F0,1Z6PH74DAP0QN7,"Corona, CA",728.3,5.7,137.7,8.547347,2.013246,0,0,DJI Matrice 300 RTK,M300 RTK,1ZN7L4R0H1D00F,1W9DL31001461C,1ZMLH8300204F0,1Z6PH74DAP0QN7,DJI Pilot,Android,7.0.2,1EF72A62-B7C3-C88D-164E-CE6F8C8424AE,1ZN7L4R0H1D00F,1W9DL31001461C,,1ZMLH8300204F0,1W9DL31001461C,,,,,
2023-11-01,11:24:30.94 AM,0m 8.6s,8.6,33.8027923001231,-117.4659273741597,3.2,3.2,4.2,1267,2.1,0,0.223694,0,0,0,0,-0.894776,0,0.9,-2.8,2.9,-134.7,225.3,,Tripod,Other,,19,5,True,,True,False,,Smart,RC,False,True,False,,,True,,False,False,False,False,False,False,False,False,False,False,0,Follow Yaw,0,0,-143.4,216.6,False,False,False,False,False,,0,0,False,False,No Card,100,100,790,1024,1424,982,2,False,False,False,False,False,0,False,False,False,False,99,,49.644,,9943,,10044,,49.644,,True,4.202,4.202,4.202,4.202,4.202,4.202,4.202,4.202,4.202,4.202,4.202,4.202,0,,False,False,True,,,,,,,,,,,,,,,False,False,19.168,,76.8,,75.7,,76.8,,,39,,11,6,25756.4,3434.19,,Idle,,20,,10,,,20,Go Home,False,False,False,False,False,False,False,False,False,False,False,False,33.8027920380556,-117.4659261431046,0.3,2972.0,1049.4,396.9,True,1,1,False,False,False,False,,True,False,False,Course Lock,196.8,67,16.4,93,E,SW,0.44,0.44,Calm,False,False,Android,7.0.2,M300 RTK,1ZN7L4R0H1D00F,1W9DL31001461C,1ZMLH8300204F0,1Z6PH74DAP0QN7,"Corona, CA",728.3,5.7,137.7,8.547347,2.013246,0,0,DJI Matrice 300 RTK,M300 RTK,1ZN7L4R0H1D00F,1W9DL31001461C,1ZMLH8300204F0,1Z6PH74DAP0QN7,DJI Pilot,Android,7.0.2,1EF72A62-B7C3-C88D-164E-CE6F8C8424AE,1ZN7L4R0H1D00F,1W9DL31001461C,,1ZMLH8300204F0,1W9DL31001461C,,,,,
2023-11-01,11:24:31.04 AM,0m 8.7s,8.7,33.802792079175,-117.4659272949922,3.2,3.2,4.5,1267,2.1,0,0.223694,0,0,0,0,-0.894776,0,0.8,-3.3,3.3,-134.8,225.2,,Tripod,Other,,19,5,True,,True,False,,Smart,RC,False,True,False,,,True,,False,False,False,False,False,False,False,False,False,False,0,Follow Yaw,0,0,-143.4,216.6,False,False,False,False,False,,0,0,False,False,No Card,100,100,761,1024,1423,981,2,False,False,False,False,False,0,False,False,False,False,99,,48.756,,4936,,4986,,48.756,,True,4.202,4.202,4.202,4.202,4.202,4.202,4.202,4.202,4.202,4.202,4.202,4.202,0,,False,False,True,,,,,,,,,,,,,,,False,False,9.044,,75.9,,75.7,,76.8,,,39,,11,6,25756.4,3434.19,,Idle,,20,,10,,,20,Go Home,False,False,False,False,False,False,False,False,False,False,False,False,33.8027920380556,-117.4659261431046,0.3,2972.0,1049.4,396.9,True,1,1,False,False,False,False,,True,False,False,Course Lock,196.8,67,16.4,93,E,SW,0.44,0.44,Calm,False,False,Android,7.0.2,M300 RTK,1ZN7L4R0H1D00F,1W9DL31001461C,1ZMLH8300204F0,1Z6PH74DAP0QN7,"Corona, CA",728.3,5.7,137.7,8.547347,2.013246,0,0,DJI Matrice 300 RTK,M300 RTK,1ZN7L4R0H1D00F,1W9DL31001461C,1ZMLH8300204F0,1Z6PH74DAP0QN7,DJI Pilot,Android,7.0.2,1EF72A62-B7C3-C88D-164E-CE6F8C8424AE,1ZN7L4R0H1D00F,1W9DL31001461C,,1ZMLH8300204F0,1W9DL31001461C,,,,,
2023-11-01,11:24:31.14 AM,0m 8.8s,8.8,33.8027920227044,-117.4659272534291,3.6,3.6,4.5,1267,2.2,0,0.223694,0,0,0,0,-0.894776,0,0.7,-3.6,3.6,-134.8,225.2,,Tripod,Other,,19,5,True,,True,False,,Smart,RC,False,True,False,,,True,,False,False,False,False,False,False,False,False,False,False,0,Follow Yaw,0,0,-143.5,216.5,False,False,False,False,False,,0,0,False,False,No Card,100,100,758,1024,1423,982,2,False,False,False,False,False,0,False,False,False,False,99,,48.756,,4936,,4986,,48.756,,True,4.202,4.202,4.202,4.202,4.202,4.202,4.202,4.202,4.202,4.202,4.202,4.202,0,,False,False,True,,,,,,,,,,,,,,,False,False,9.044,,75.9,,75.7,,76.8,,,39,,11,6,25756.4,3434.19,,Idle,,20,,10,,,20,Go Home,False,False,False,False,False,False,False,False,False,False,False,False,33.8027920380556,-117.4659261431046,0.3,2972.0,1049.4,396.9,True,1,1,False,False,False,False,,True,False,False,Course Lock,196.8,67,16.4,93,E,SW,0.44,0.44,Calm,False,True,Android,7.0.2,M300 RTK,1ZN7L4R0H1D00F,1W9DL31001461C,1ZMLH8300204F0,1Z6PH74DAP0QN7,"Corona, CA",728.3,5.7,137.7,8.547347,2.013246,0,0,DJI Matrice 300 RTK,M300 RTK,1ZN7L4R0H1D00F,1W9DL31001461C,1ZMLH8300204F0,1Z6PH74DAP0QN7,DJI Pilot,Android,7.0.2,1EF72A62-B7C3-C88D-164E-CE6F8C8424AE,1ZN7L4R0H1D00F,1W9DL31001461C,,1ZMLH8300204F0,1W9DL31001461C,,,,,
2023-11-01,11:24:31.24 AM,0m 8.9s,8.9,33.802791934983,-117.4659269664468,3.6,3.6,4.9,1267,2.3,0.223694,0.223694,-0.223694,0,0,0,-0.894776,0,0.8,-3.8,3.8,-134.9,225.1,110.1,Tripod,Other,,19,5,True,,True,False,,Smart,RC,False,True,False,,,True,,False,False,False,False,False,False,False,False,False,False,0,Follow Yaw,0,0,-143.5,216.5,False,False,False,False,False,,0,0,False,False,No Card,100,100,758,1024,1425,982,2,False,False,False,False,False,0,False,False,False,False,99,,48.756,,4936,,4986,,48.756,,True,4.202,4.202,4.202,4.202,4.202,4.202,4.202,4.202,4.202,4.202,4.202,4.202,0,,False,False,True,,,,,,,,,,,,,,,False,False,9.044,,75.9,,75.7,,76.8,,,39,,11,6,25756.4,3434.19,,Idle,,20,,10,,,20,Go Home,False,False,False,False,False,False,False,False,False,False,False,False,33.8027920380556,-117.4659261431046,0.2,2972.0,1049.4,396.9,True,1,1,False,False,False,False,,True,False,False,Course Lock,196.8,67,16.4,93,E,SW,0.44,0.44,Calm,False,True,Android,7.0.2,M300 RTK,1ZN7L4R0H1D00F,1W9DL31001461C,1ZMLH8300204F0,1Z6PH74DAP0QN7,"Corona, CA",728.3,5.7,137.7,8.547347,2.013246,0,0,DJI Matrice 300 RTK,M300 RTK,1ZN7L4R0H1D00F,1W9DL31001461C,1ZMLH8300204F0,1Z6PH74DAP0QN7,DJI Pilot,Android,7.0.2,1EF72A62-B7C3-C88D-164E-CE6F8C8424AE,1ZN7L4R0H1D00F,1W9DL31001461C,,1ZMLH8300204F0,1W9DL31001461C,,,,,
2023-11-01,11:24:31.34 AM,0m 9.0s,9.0,33.8027918193005,-117.465926850994,3.9,3.9,4.9,1268,2.3,0.316351,0.316351,-0.223694,0,0.223694,0.223694,-1.11847,0,0.9,-3.8,3.9,-135,225,140.3,Tripod,Other,,19,5,True,,True,False,,Smart,RC,False,True,False,,,True,,False,False,False,False,False,False,False,False,False,False,0,Follow Yaw,0,0,-143.6,216.4,False,False,False,False,False,,0,0,False,False,No Card,100,100,758,1024,1435,981,2,False,False,False,False,False,0,False,False,False,False,99,,48.792,,9943,,10044,,48.792,,True,4.202,4.202,4.202,4.202,4.202,4.202,4.202,4.202,4.202,4.202,4.202,4.202,0,,False,False,True,,,,,,,,,,,,,,,False,False,18.54,,76.8,,75.7,,76.8,,,39,,11,6,25756.4,3434.19,,Idle,,20,,10,,,20,Go Home,False,False,False,False,False,False,False,False,False,False,False,False,33.8027920380556,-117.4659261431046,0.2,2972.0,1049.4,396.9,True,1,1,False,False,False,False,,True,False,False,Course Lock,196.8,67,16.4,93,E,SW,0.44,0.44,Calm,False,True,Android,7.0.2,M300 RTK,1ZN7L4R0H1D00F,1W9DL31001461C,1ZMLH8300204F0,1Z6PH74DAP0QN7,"Corona, CA",728.3,5.7,137.7,8.547347,2.013246,0,0,DJI Matrice 300 RTK,M300 RTK,1ZN7L4R0H1D00F,1W9DL31001461C,1ZMLH8300204F0,1Z6PH74DAP0QN7,DJI Pilot,Android,7.0.2,1EF72A62-B7C3-C88D-164E-CE6F8C8424AE,1ZN7L4R0H1D00F,1W9DL31001461C,,1ZMLH8300204F0,1W9DL31001461C,,,,,
2023-11-01,11:24:31.40 AM,0m 9.1s,9.1,33.8027915835494,-117.46592676325,3.9,3.9,5.2,1268,2.4,0.316351,0.316351,-0.223694,0,0.223694,0.223694,-1.11847,0,0.9,-3.9,4,-135.1,224.9,162.8,Tripod,Other,,19,5,True,,True,False,,Smart,RC,False,True,False,,,True,,False,False,False,False,False,False,False,False,False,False,0,Follow Yaw,0,0,-143.6,216.4,False,False,False,False,False,,0,0,False,False,No Card,100,100,758,1024,1439,981,2,False,False,False,False,False,0,False,False,False,False,99,,48.792,,9943,,10044,,48.792,,True,4.202,4.202,4.202,4.202,4.202,4.202,4.202,4.202,4.202,4.202,4.202,4.202,0,,False,False,True,,,,,,,,,,,,,,,False,False,18.54,,76.8,,75.7,,76.8,,,39,,11,6,25756.4,3434.19,,Idle,,20,,10,,,20,Go Home,False,False,False,False,False,False,False,False,False,False,False,False,33.8027920380556,-117.4659261431046,0.2,2972.0,1049.4,396.9,True,1,1,False,False,False,False,,True,False,False,Course Lock,196.8,67,16.4,93,E,SW,0.44,0.44,Calm,False,False,Android,7.0.2,M300 RTK,1ZN7L4R0H1D00F,1W9DL31001461C,1ZMLH8300204F0,1Z6PH74DAP0QN7,"Corona, CA",728.3,5.7,137.7,8.547347,2.013246,0,0,DJI Matrice 300 RTK,M300 RTK,1ZN7L4R0H1D00F,1W9DL31001461C,1ZMLH8300204F0,1Z6PH74DAP0QN7,DJI Pilot,Android,7.0.2,1EF72A62-B7C3-C88D-164E-CE6F8C8424AE,1ZN7L4R0H1D00F,1W9DL31001461C,,1ZMLH8300204F0,1W9DL31001461C,,,,,
2023-11-01,11:24:31.54 AM,0m 9.2s,9.2,33.8027913965933,-117.4659265936994,4.2,4.2,5.2,1268,2.5,0.500194,0.500194,-0.447388,0,0.223694,0.223694,-1.11847,0,1,-4,4.1,-135.1,224.9,142.9,Tripod,Other,,19,5,True,,True,False,,Smart,RC,False,True,False,,,True,,False,False,False,False,False,False,False,False,False,False,0,Follow Yaw,0,0,-143.6,216.4,False,False,False,False,False,,0,0,False,False,No Card,100,100,757,1024,1439,981,2,False,False,False,False,False,0,False,False,False,False,99,,48.792,,9943,,10044,,48.792,,True,4.202,4.202,4.202,4.202,4.202,4.202,4.202,4.202,4.202,4.202,4.202,4.202,0,,False,False,True,,,,,,,,,,,,,,,False,False,18.54,,76.8,,75.7,,76.8,,,39,,11,6,25756.4,3434.19,,Idle,,20,,10,,,20,Go Home,False,False,False,False,False,False,False,False,False,False,False,False,33.8027920380556,-117.4659261431046,0.2,2972.0,1049.4,396.9,True,1,1,False,False,False,False,,True,False,False,Course Lock,196.8,67,16.4,93,E,SW,0.44,0.44,Calm,False,True,Android,7.0.2,M300 RTK,1ZN7L4R0H1D00F,1W9DL31001461C,1ZMLH8300204F0,1Z6PH74DAP0QN7,"Corona, CA",728.3,5.7,137.7,8.547347,2.013246,0,0,DJI Matrice 300 RTK,M300 RTK,1ZN7L4R0H1D00F,1W9DL31001461C,1ZMLH8300204F0,1Z6PH74DAP0QN7,DJI Pilot,Android,7.0.2,1EF72A62-B7C3-C88D-164E-CE6F8C8424AE,1ZN7L4R0H1D00F,1W9DL31001461C,,1ZMLH8300204F0,1W9DL31001461C,,,,,
2023-11-01,11:24:31.64 AM,0m 9.3s,9.3,33.8027912518531,-117.465926587102,4.2,4.2,5.5,1268,2.5,0.500194,0.500194,-0.447388,0,0.223694,0.223694,-1.11847,0,1,-4.1,4.2,-135.2,224.8,177.8,Tripod,Other,,19,5,True,,True,False,,Smart,RC,False,True,False,,,True,,False,False,False,False,False,False,False,False,False,False,0,Follow Yaw,0,0,-143.7,216.3,False,False,False,False,False,,0,0,False,False,No Card,100,100,751,1024,1440,981,2,False,False,False,False,False,0,False,False,False,False,99,,48.792,,9943,,10044,,48.792,,True,4.1,4.1,4.1,4.1,4.1,4.1,4.1,4.1,4.1,4.1,4.1,4.1,0,,False,False,True,,,,,,,,,,,,,,,False,False,18.54,,76.8,,75.7,,76.8,,,39,,11,6,35819.4,4775.92,,Idle,,20,,10,,,20,Go Home,False,False,False,False,False,False,False,False,False,False,False,False,33.8027920380556,-117.4659261431046,0.3,2972.0,1049.4,396.9,True,1,1,False,False,False,False,,True,False,False,Course Lock,196.8,67,16.4,93,E,SW,0.44,0.44,Calm,False,False,Android,7.0.2,M300 RTK,1ZN7L4R0H1D00F,1W9DL31001461C,1ZMLH8300204F0,1Z6PH74DAP0QN7,"Corona, CA",728.3,5.7,137.7,8.547347,2.013246,0,0,DJI Matrice 300 RTK,M300 RTK,1ZN7L4R0H1D00F,1W9DL31001461C,1ZMLH8300204F0,1Z6PH74DAP0QN7,DJI Pilot,Android,7.0.2,1EF72A62-B7C3-C88D-164E-CE6F8C8424AE,1ZN7L4R0H1D00F,1W9DL31001461C,,1ZMLH8300204F0,1W9DL31001461C,,,,,
2023-11-01,11:24:31.74 AM,0m 9.4s,9.4,33.802791001299,-117.4659263753288,4.5,4.5,5.5,1268,2.6,0.632702,0.632702,-0.447388,0,0.447388,0.447388,-0.894776,0,1,-4.2,4.3,-135.2,224.8,144.9,Tripod,Other,,19,5,True,,True,False,,Smart,RC,False,True,False,,,True,,False,False,False,False,False,False,False,False,False,False,0,Follow Yaw,0,0,-143.7,216.3,False,False,False,False,False,,0,0,False,False,No Card,100,100,752,1024,1445,981,2,False,False,False,False,False,0,False,False,False,False,99,,48.792,,9943,,10044,,48.792,,True,4.1,4.1,4.1,4.1,4.1,4.1,4.1,4.1,4.1,4.1,4.1,4.1,0,,False,False,True,,,,,,,,,,,,,,,False,False,18.54,,76.8,,75.7,,76.8,,,39,,11,6,35819.4,4775.92,,Idle,,20,,10,,,20,Go Home,False,False,False,False,False,False,False,False,False,False,False,False,33.8027920380556,-117.4659261431046,0.3,2972.0,1049.4,396.9,True,1,1,False,False,False,False,,True,False,False,Course Lock,196.8,67,16.4,93,E,SW,0.67,0.67,Calm,False,True,Android,7.0.2,M300 RTK,1ZN7L4R0H1D00F,1W9DL31001461C,1ZMLH8300204F0,1Z6PH74DAP0QN7,"Corona, CA",728.3,5.7,137.7,8.547347,2.013246,0,0,DJI Matrice 300 RTK,M300 RTK,1ZN7L4R0H1D00F,1W9DL31001461C,1ZMLH8300204F0,1Z6PH74DAP0QN7,DJI Pilot,Android,7.0.2,1EF72A62-B7C3-C88D-164E-CE6F8C8424AE,1ZN7L4R0H1D00F,1W9DL31001461C,,1ZMLH8300204F0,1W9DL31001461C,,,,,
2023-11-01,11:24:31.84 AM,0m 9.5s,9.5,33.8027904925152,-117.4659258198365,4.5,4.5,5.9,1268,2.9,0.80654,0.80654,-0.671082,0,0.447388,0.447388,-0.894776,0,1.2,-4.2,4.3,-135.3,224.7,137.7,Tripod,Other,,19,5,True,,True,False,,Smart,RC,False,True,False,,,True,,False,False,False,False,False,False,False,False,False,False,0,Follow Yaw,0,0,-143.8,216.2,False,False,False,False,False,,0,0,False,False,No Card,100,100,752,1024,1447,983,2,False,False,False,False,False,0,False,False,False,False,99,,48.792,,9943,,10044,,48.792,,True,4.1,4.1,4.1,4.1,4.1,4.1,4.1,4.1,4.1,4.1,4.1,4.1,0,,False,False,True,,,,,,,,,,,,,,,False,False,18.54,,76.8,,75.7,,76.8,,,39,,11,6,35819.4,4775.92,,Idle,,20,,10,,,20,Go Home,False,False,False,False,False,False,False,False,False,False,False,False,33.8027920380556,-117.4659261431046,0.5,2972.0,1049.4,396.9,True,1,1,False,False,False,False,,True,False,False,Course Lock,196.8,67,16.4,93,E,SW,0.67,0.67,Calm,False,True,Android,7.0.2,M300 RTK,1ZN7L4R0H1D00F,1W9DL31001461C,1ZMLH8300204F0,1Z6PH74DAP0QN7,"Corona, CA",728.3,5.7,137.7,8.547347,2.013246,0,0,DJI Matrice 300 RTK,M300 RTK,1ZN7L4R0H1D00F,1W9DL31001461C,1ZMLH8300204F0,1Z6PH74DAP0QN7,DJI Pilot,Android,7.0.2,1EF72A62-B7C3-C88D-164E-CE6F8C8424AE,1ZN7L4R0H1D00F,1W9DL31001461C,,1ZMLH8300204F0,1W9DL31001461C,,,,,
2023-11-01,11:24:31.94 AM,0m 9.6s,9.6,33.8027901553363,-117.4659255189998,4.9,4.9,5.9,1269,3.1,0.80654,0.80654,-0.671082,0,0.447388,0.447388,-1.11847,0,1.4,-4.2,4.4,-135.4,224.6,143.4,Tripod,Other,,19,5,True,,True,False,,Smart,RC,False,True,False,,,True,,False,False,False,False,False,False,False,False,False,False,0,Follow Yaw,0,0,-143.8,216.2,False,False,False,False,False,,0,0,False,False,No Card,100,100,753,1024,1448,987,2,False,False,False,False,False,0,False,False,False,False,99,,48.792,,9943,,10044,,48.792,,True,4.1,4.1,4.1,4.1,4.1,4.1,4.1,4.1,4.1,4.1,4.1,4.1,0,,False,False,True,,,,,,,,,,,,,,,False,False,18.54,,76.8,,75.7,,76.8,,,39,,11,6,35819.4,4775.92,,Idle,,20,,10,,,20,Go Home,False,False,False,False,False,False,False,False,False,False,False,False,33.8027920380556,-117.4659261431046,0.7,2972.0,1049.4,396.9,True,1,1,False,False,False,False,,True,False,False,Course Lock,196.8,67,16.4,93,E,SW,0.67,0.67,Calm,False,True,Android,7.0.2,M300 RTK,1ZN7L4R0H1D00F,1W9DL31001461C,1ZMLH8300204F0,1Z6PH74DAP0QN7,"Corona, CA",728.3,5.7,137.7,8.547347,2.013246,0,0,DJI Matrice 300 RTK,M300 RTK,1ZN7L4R0H1D00F,1W9DL31001461C,1ZMLH8300204F0,1Z6PH74DAP0QN7,DJI Pilot,Android,7.0.2,1EF72A62-B7C3-C88D-164E-CE6F8C8424AE,1ZN7L4R0H1D00F,1W9DL31001461C,,1ZMLH8300204F0,1W9DL31001461C,,,,,
2023-11-01,11:24:32.03 AM,0m 9.7s,9.7,33.8027899831832,-117.4659254503879,4.9,4.9,6.2,1269,3.1,1.11847,1.11847,-0.894776,0,0.671082,0.671082,-1.11847,0,1.5,-4.2,4.4,-135.5,224.5,161.6,Tripod,Other,,19,5,True,,True,False,,Smart,RC,False,True,False,,,True,,False,False,False,False,False,False,False,False,False,False,0,Follow Yaw,0,0,-143.9,216.1,False,False,False,False,False,,0,0,False,False,No Card,100,100,753,1024,1447,992,2,False,False,False,False,False,0,False,False,False,False,99,,48.792,,9943,,10044,,48.792,,True,4.1,4.1,4.1,4.1,4.1,4.1,4.1,4.1,4.1,4.1,4.1,4.1,0,,False,False,True,,,,,,,,,,,,,,,False,False,18.54,,76.8,,75.7,,76.8,,,39,,11,6,35819.4,4775.92,,Idle,,20,,10,,,20,Go Home,False,False,False,False,False,False,False,False,False,False,False,False,33.8027920380556,-117.4659261431046,0.7,2972.0,1049.4,396.9,True,1,1,False,False,False,False,,True,False,False,Course Lock,196.8,67,16.4,93,E,SW,0.67,0.67,Calm,False,False,Android,7.0.2,M300 RTK,1ZN7L4R0H1D00F,1W9DL31001461C,1ZMLH8300204F0,1Z6PH74DAP0QN7,"Corona, CA",728.3,5.7,137.7,8.547347,2.013246,0,0,DJI Matrice 300 RTK,M300 RTK,1ZN7L4R0H1D00F,1W9DL31001461C,1ZMLH8300204F0,1Z6PH74DAP0QN7,DJI Pilot,Android,7.0.2,1EF72A62-B7C3-C88D-164E-CE6F8C8424AE,1ZN7L4R0H1D00F,1W9DL31001461C,,1ZMLH8300204F0,1W9DL31001461C,,,,,
2023-11-01,11:24:32.13 AM,0m 9.8s,9.8,33.8027896037884,-117.4659251020506,5.2,5.2,6.2,1269,3.3,1.11847,1.11847,-0.894776,0,0.671082,0.671082,-1.11847,0,1.5,-4.2,4.4,-135.5,224.5,142.6,Tripod,Other,,19,5,True,,True,False,,Smart,RC,False,True,False,,,True,,False,False,False,False,False,False,False,False,False,False,0,Follow Yaw,0,0,-143.9,216.1,False,False,False,False,False,,0,0,False,False,No Card,100,100,753,1024,1447,993,2,False,False,False,False,False,0,False,False,False,False,99,,48.792,,9943,,10044,,48.792,,True,4.1,4.1,4.1,4.1,4.1,4.1,4.1,4.1,4.1,4.1,4.1,4.1,0,,False,False,True,,,,,,,,,,,,,,,False,False,18.54,,76.8,,75.7,,76.8,,,39,,11,6,35819.4,4775.92,,Idle,,20,,10,,,20,Go Home,False,False,False,False,False,False,False,False,False,False,False,False,33.8027920380556,-117.4659261431046,0.9,2972.0,1049.4,396.9,True,1,1,False,False,False,False,,True,False,False,Course Lock,196.8,67,16.4,93,E,SW,0.67,0.67,Calm,False,True,Android,7.0.2,M300 RTK,1ZN7L4R0H1D00F,1W9DL31001461C,1ZMLH8300204F0,1Z6PH74DAP0QN7,"Corona, CA",728.3,5.7,137.7,8.547347,2.013246,0,0,DJI Matrice 300 RTK,M300 RTK,1ZN7L4R0H1D00F,1W9DL31001461C,1ZMLH8300204F0,1Z6PH74DAP0QN7,DJI Pilot,Android,7.0.2,1EF72A62-B7C3-C88D-164E-CE6F8C8424AE,1ZN7L4R0H1D00F,1W9DL31001461C,,1ZMLH8300204F0,1W9DL31001461C,,,,,
2023-11-01,11:24:32.24 AM,0m 9.9s,9.9,33.8027890939082,-117.4659246356218,5.2,5.2,6.5,1269,3.5,1.11847,1.11847,-0.894776,0,0.671082,0.671082,-1.11847,0,1.4,-4,4.2,-135.4,224.6,142.7,Tripod,Other,,19,5,True,,True,False,,Smart,RC,False,True,False,,,True,,False,False,False,False,False,False,False,False,False,False,0,Follow Yaw,0,0,-143.9,216.1,False,False,False,False,False,,0,0,False,False,No Card,100,100,753,1024,1447,993,2,False,False,False,False,False,0,False,False,False,False,99,,48.792,,9943,,10044,,48.792,,True,4.1,4.1,4.1,4.1,4.1,4.1,4.1,4.1,4.1,4.1,4.1,4.1,0,,False,False,True,,,,,,,,,,,,,,,False,False,18.54,,76.8,,75.7,,76.8,,,39,,11,6,35819.4,4775.92,,Idle,,20,,10,,,20,Go Home,False,False,False,False,False,False,False,False,False,False,False,False,33.8027920380556,-117.4659261431046,1.1,2972.0,1049.4,396.9,True,1,1,False,False,False,False,,True,False,False,Course Lock,196.8,67,16.4,93,E,SW,0.67,0.67,Calm,False,True,Android,7.0.2,M300 RTK,1ZN7L4R0H1D00F,1W9DL31001461C,1ZMLH8300204F0,1Z6PH74DAP0QN7,"Corona, CA",728.3,5.7,137.7,8.547347,2.013246,0,0,DJI Matrice 300 RTK,M300 RTK,1ZN7L4R0H1D00F,1W9DL31001461C,1ZMLH8300204F0,1Z6PH74DAP0QN7,DJI Pilot,Android,7.0.2,1EF72A62-B7C3-C88D-164E-CE6F8C8424AE,1ZN7L4R0H1D00F,1W9DL31001461C,,1ZMLH8300204F0,1W9DL31001461C,,,,,
2023-11-01,11:24:32.34 AM,0m 10.0s,10.0,33.8027886514637,-117.465924218013,5.5,5.5,6.5,1269,3.7,1.304348,1.304348,-1.11847,0,0.671082,0.671082,-1.11847,0,1.5,-4,4.2,-135.5,224.5,141.8,Tripod,Other,,19,5,True,,True,False,,Smart,RC,False,True,False,,,True,,False,False,False,False,False,False,False,False,False,False,0,Follow Yaw,0,0,-144,216,False,False,False,False,False,,0,0,False,False,No Card,100,100,753,1024,1448,994,2,False,False,False,False,False,0,False,False,False,False,99,,48.564,,9943,,10044,,48.564,,True,4.1,4.1,4.1,4.1,4.1,4.1,4.1,4.1,4.1,4.1,4.1,4.1,0,,False,False,True,,,,,,,,,,,,,,,False,False,19.342,,76.8,,75.7,,76.8,,,39,,11,6,35819.4,4775.92,,Idle,,20,,10,,,20,Go Home,False,False,False,False,False,False,False,False,False,False,False,False,33.8027920380556,-117.4659261431046,1.3,2972.0,1049.4,396.9,True,1,1,False,False,False,False,,True,False,False,Course Lock,196.8,67,16.4,93,E,SW,0.67,0.67,Calm,False,True,Android,7.0.2,M300 RTK,1ZN7L4R0H1D00F,1W9DL31001461C,1ZMLH8300204F0,1Z6PH74DAP0QN7,"Corona, CA",728.3,5.7,137.7,8.547347,2.013246,0,0,DJI Matrice 300 RTK,M300 RTK,1ZN7L4R0H1D00F,1W9DL31001461C,1ZMLH8300204F0,1Z6PH74DAP0QN7,DJI Pilot,Android,7.0.2,1EF72A62-B7C3-C88D-164E-CE6F8C8424AE,1ZN7L4R0H1D00F,1W9DL31001461C,,1ZMLH8300204F0,1W9DL31001461C,,,,,
2023-11-01,11:24:32.45 AM,0m 10.1s,10.1,33.8027884699901,-117.4659237449869,5.5,5.5,6.8,1269,3.9,1.43234,1.43234,-1.11847,0,0.894776,0.894776,-1.11847,0,1.6,-4.2,4.4,-135.6,224.4,114.7,Tripod,Other,,19,5,True,,True,False,,Smart,RC,False,True,False,,,True,,False,False,False,False,False,False,False,False,False,False,0,Follow Yaw,0,0,-144,216,False,False,False,False,False,,0,0,False,False,No Card,100,100,755,1024,1454,998,2,False,False,False,False,False,0,False,False,False,False,99,,48.564,,9943,,10044,,48.564,,True,4.1,4.1,4.1,4.1,4.1,4.1,4.1,4.1,4.1,4.1,4.1,4.1,0,,False,False,True,,,,,,,,,,,,,,,False,False,19.342,,76.8,,75.7,,76.8,,,39,,11,6,35819.4,4775.92,,Idle,,20,,10,,,20,Go Home,False,False,False,False,False,False,False,False,False,False,False,False,33.8027920380556,-117.4659261431046,1.4,2972.0,1049.4,396.9,True,1,1,False,False,False,False,,True,False,False,Course Lock,196.8,67,16.4,93,E,SW,0.67,0.67,Calm,False,True,Android,7.0.2,M300 RTK,1ZN7L4R0H1D00F,1W9DL31001461C,1ZMLH8300204F0,1Z6PH74DAP0QN7,"Corona, CA",728.3,5.7,137.7,8.547347,2.013246,0,0,DJI Matrice 300 RTK,M300 RTK,1ZN7L4R0H1D00F,1W9DL31001461C,1ZMLH8300204F0,1Z6PH74DAP0QN7,DJI Pilot,Android,7.0.2,1EF72A62-B7C3-C88D-164E-CE6F8C8424AE,1ZN7L4R0H1D00F,1W9DL31001461C,,1ZMLH8300204F0,1W9DL31001461C,,,,,
2023-11-01,11:24:32.55 AM,0m 10.2s,10.2,33.8027880039705,-117.4659232680024,5.9,5.9,6.8,1270,4.1,1.43234,1.43234,-1.11847,0,0.894776,0.894776,-1.11847,0,1.7,-4.4,4.7,-135.6,224.4,139.6,Tripod,Other,,19,5,True,,True,False,,Smart,RC,False,True,False,,,True,,False,False,False,False,False,False,False,False,False,False,0,Follow Yaw,0,0,-144,216,False,False,False,False,False,,0,0,False,False,No Card,100,100,764,1024,1454,1000,2,False,False,False,False,False,0,False,False,False,False,99,,48.564,,9943,,10044,,48.564,,True,4.1,4.1,4.1,4.1,4.1,4.1,4.1,4.1,4.1,4.1,4.1,4.1,0,,False,False,True,,,,,,,,,,,,,,,False,False,19.342,,76.8,,75.7,,76.8,,,39,,11,6,35819.4,4775.92,,Idle,,20,,10,,,20,Go Home,False,False,False,False,False,False,False,False,False,False,False,False,33.8027920380556,-117.4659261431046,1.7,2972.0,1049.4,396.9,True,1,1,False,False,False,False,,True,False,False,Course Lock,196.8,67,16.4,93,E,SW,0.67,0.67,Calm,False,True,Android,7.0.2,M300 RTK,1ZN7L4R0H1D00F,1W9DL31001461C,1ZMLH8300204F0,1Z6PH74DAP0QN7,"Corona, CA",728.3,5.7,137.7,8.547347,2.013246,0,0,DJI Matrice 300 RTK,M300 RTK,1ZN7L4R0H1D00F,1W9DL31001461C,1ZMLH8300204F0,1Z6PH74DAP0QN7,DJI Pilot,Android,7.0.2,1EF72A62-B7C3-C88D-164E-CE6F8C8424AE,1ZN7L4R0H1D00F,1W9DL31001461C,,1ZMLH8300204F0,1W9DL31001461C,,,,,
2023-11-01,11:24:32.64 AM,0m 10.3s,10.3,33.8027871223711,-117.4659228094903,5.9,5.9,7.2,1270,4.5,1.43234,1.43234,-1.11847,0,0.894776,0.894776,-1.11847,0,1.7,-4.5,4.8,-135.7,224.3,156.6,Tripod,Other,,19,5,True,,True,False,,Smart,RC,False,True,False,,,True,,False,False,False,False,False,False,False,False,False,False,0,Follow Yaw,0,0,-144,216,False,False,False,False,False,,0,0,False,False,No Card,100,100,769,1024,1457,1001,2,False,False,False,False,False,0,False,False,False,False,99,,48.564,,9943,,10044,,48.564,,True,4.055,4.055,4.055,4.055,4.055,4.055,4.055,4.055,4.055,4.055,4.055,4.055,0,,False,False,True,,,,,,,,,,,,,,,False,False,19.342,,76.8,,75.7,,76.8,,,39,,12,6,50781.5,6770.87,,Idle,,20,,10,,,20,Go Home,False,False,False,False,False,False,False,False,False,False,False,False,33.8027920380556,-117.4659261431046,2.0,2972.0,1049.4,396.9,True,1,1,False,False,False,False,,True,False,False,Course Lock,196.8,67,16.4,93,E,SW,0.67,0.67,Calm,False,True,Android,7.0.2,M300 RTK,1ZN7L4R0H1D00F,1W9DL31001461C,1ZMLH8300204F0,1Z6PH74DAP0QN7,"Corona, CA",728.3,5.7,137.7,8.547347,2.013246,0,0,DJI Matrice 300 RTK,M300 RTK,1ZN7L4R0H1D00F,1W9DL31001461C,1ZMLH8300204F0,1Z6PH74DAP0QN7,DJI Pilot,Android,7.0.2,1EF72A62-B7C3-C88D-164E-CE6F8C8424AE,1ZN7L4R0H1D00F,1W9DL31001461C,,1ZMLH8300204F0,1W9DL31001461C,,,,,
2023-11-01,11:24:32.75 AM,0m 10.4s,10.4,33.8027865691784,-117.465922263894,6.2,6.2,7.2,1270,4.7,1.747105,1.747105,-1.342164,0,1.11847,1.11847,-1.11847,0,1.6,-4.2,4.4,-135.7,224.3,140.6,Tripod,Other,,20,5,True,,True,False,,Smart,RC,False,True,False,,,True,,False,False,False,False,False,False,False,False,False,False,0,Follow Yaw,0,0,-144,216,False,False,False,False,False,,0,0,False,False,No Card,100,100,769,1024,1457,1001,2,False,False,False,False,False,0,False,False,False,False,99,,48.564,,9943,,10044,,48.564,,True,4.055,4.055,4.055,4.055,4.055,4.055,4.055,4.055,4.055,4.055,4.055,4.055,0,,False,False,True,,,,,,,,,,,,,,,False,False,19.342,,76.8,,75.7,,76.8,,,39,,12,6,50781.5,6770.87,,Idle,,20,,10,,,20,Go Home,False,False,False,False,False,False,False,False,False,False,False,False,33.8027920380556,-117.4659261431046,2.3,2972.0,1049.4,396.9,True,1,1,False,False,False,False,,True,False,False,Course Lock,196.8,67,16.4,93,E,SW,0.67,0.67,Calm,False,True,Android,7.0.2,M300 RTK,1ZN7L4R0H1D00F,1W9DL31001461C,1ZMLH8300204F0,1Z6PH74DAP0QN7,"Corona, CA",728.3,5.7,137.7,8.547347,2.013246,0,0,DJI Matrice 300 RTK,M300 RTK,1ZN7L4R0H1D00F,1W9DL31001461C,1ZMLH8300204F0,1Z6PH74DAP0QN7,DJI Pilot,Android,7.0.2,1EF72A62-B7C3-C88D-164E-CE6F8C8424AE,1ZN7L4R0H1D00F,1W9DL31001461C,,1ZMLH8300204F0,1W9DL31001461C,,,,,
2023-11-01,11:24:32.84 AM,0m 10.5s,10.5,33.8027860115996,-117.4659215988866,6.2,6.2,7.5,1270,5.0,1.747105,1.747105,-1.342164,0,1.11847,1.11847,-1.11847,0,1.6,-4,4.3,-135.7,224.3,135.2,Tripod,Other,,20,5,True,,True,False,,Smart,RC,False,True,False,,,True,,False,False,False,False,False,False,False,False,False,False,0,Follow Yaw,0,0,-144,216,False,False,False,False,False,,0,0,False,False,No Card,100,100,771,1024,1457,1003,2,False,False,False,False,False,0,False,False,False,False,99,,48.564,,9943,,10044,,48.564,,True,4.055,4.055,4.055,4.055,4.055,4.055,4.055,4.055,4.055,4.055,4.055,4.055,0,,False,False,True,,,,,,,,,,,,,,,False,False,19.342,,76.8,,75.7,,76.8,,,39,,12,6,50781.5,6770.87,,Idle,,20,,10,,,20,Go Home,False,False,False,False,False,False,False,False,False,False,False,False,33.8027920380556,-117.4659261431046,2.5,2972.0,1049.4,396.9,True,1,1,False,False,False,False,,True,False,False,Course Lock,196.8,67,16.4,93,E,SW,0.89,0.89,Calm,False,True,Android,7.0.2,M300 RTK,1ZN7L4R0H1D00F,1W9DL31001461C,1ZMLH8300204F0,1Z6PH74DAP0QN7,"Corona, CA",728.3,5.7,137.7,8.547347,2.013246,0,0,DJI Matrice 300 RTK,M300 RTK,1ZN7L4R0H1D00F,1W9DL31001461C,1ZMLH8300204F0,1Z6PH74DAP0QN7,DJI Pilot,Android,7.0.2,1EF72A62-B7C3-C88D-164E-CE6F8C8424AE,1ZN7L4R0H1D00F,1W9DL31001461C,,1ZMLH8300204F0,1W9DL31001461C,,,,,
2023-11-01,11:24:32.96 AM,0m 10.6s,10.6,33.802785411805,-117.4659209873174,6.5,6.5,7.5,1270,5.3,1.747105,1.747105,-1.342164,0,1.11847,1.11847,-1.11847,0,1.6,-3.7,4,-135.7,224.3,139.7,Tripod,Other,,20,5,True,,True,False,,Smart,RC,False,True,False,,,True,,False,False,False,False,False,False,False,False,False,False,0,Follow Yaw,0,0,-144,216,False,False,False,False,False,,0,0,False,False,No Card,100,100,784,1024,1464,1004,2,False,False,False,False,False,0,False,False,False,False,99,,48.564,,9943,,10044,,48.564,,True,4.055,4.055,4.055,4.055,4.055,4.055,4.055,4.055,4.055,4.055,4.055,4.055,0,,False,False,True,,,,,,,,,,,,,,,False,False,19.342,,76.8,,75.7,,76.8,,,39,,12,6,50781.5,6770.87,,Idle,,20,,10,,,20,Go Home,False,False,False,False,False,False,False,False,False,False,False,False,33.8027920380556,-117.4659261431046,2.8,2972.0,1049.4,396.9,True,1,1,False,False,False,False,,True,False,False,Course Lock,196.8,67,16.4,93,E,SW,0.89,0.89,Calm,False,True,Android,7.0.2,M300 RTK,1ZN7L4R0H1D00F,1W9DL31001461C,1ZMLH8300204F0,1Z6PH74DAP0QN7,"Corona, CA",728.3,5.7,137.7,8.547347,2.013246,0,0,DJI Matrice 300 RTK,M300 RTK,1ZN7L4R0H1D00F,1W9DL31001461C,1ZMLH8300204F0,1Z6PH74DAP0QN7,DJI Pilot,Android,7.0.2,1EF72A62-B7C3-C88D-164E-CE6F8C8424AE,1ZN7L4R0H1D00F,1W9DL31001461C,,1ZMLH8300204F0,1W9DL31001461C,,,,,
2023-11-01,11:24:33.06 AM,0m 10.7s,10.7,33.8027848152999,-117.4659204806451,6.5,6.5,7.8,1270,5.6,1.747105,1.747105,-1.342164,0,1.11847,1.11847,-1.11847,0,1.7,-3.7,4,-135.8,224.2,144.7,Tripod,Other,,20,5,True,,True,False,,Smart,RC,False,True,False,,,True,,False,False,False,False,False,False,False,False,False,False,0,Follow Yaw,0,0,-144,216,False,False,False,False,False,,0,0,False,False,No Card,100,100,826,1024,1473,1017,2,False,False,False,False,False,0,False,False,False,False,99,,48.564,,9943,,10044,,48.564,,True,4.055,4.055,4.055,4.055,4.055,4.055,4.055,4.055,4.055,4.055,4.055,4.055,0,,False,False,True,,,,,,,,,,,,,,,False,False,19.342,,76.8,,75.7,,76.8,,,39,,12,6,50781.5,6770.87,,Idle,,20,,10,,,20,Go Home,False,False,False,False,False,False,False,False,False,False,False,False,33.8027920380556,-117.4659261431046,3.1,2972.0,1049.4,396.9,True,1,1,False,False,False,False,,True,False,False,Course Lock,196.8,67,16.4,93,E,SW,0.89,0.89,Calm,False,True,Android,7.0.2,M300 RTK,1ZN7L4R0H1D00F,1W9DL31001461C,1ZMLH8300204F0,1Z6PH74DAP0QN7,"Corona, CA",728.3,5.7,137.7,8.547347,2.013246,0,0,DJI Matrice 300 RTK,M300 RTK,1ZN7L4R0H1D00F,1W9DL31001461C,1ZMLH8300204F0,1Z6PH74DAP0QN7,DJI Pilot,Android,7.0.2,1EF72A62-B7C3-C88D-164E-CE6F8C8424AE,1ZN7L4R0H1D00F,1W9DL31001461C,,1ZMLH8300204F0,1W9DL31001461C,,,,,
2023-11-01,11:24:33.17 AM,0m 10.8s,10.8,33.8027841798684,-117.4659198314712,6.8,6.8,7.8,1271,5.9,2.062356,2.062356,-1.565858,0,1.342164,1.342164,-1.11847,0,1.6,-3.9,4.2,-135.8,224.2,139.6,Tripod,Other,,20,5,True,,True,False,,Smart,RC,False,True,False,,,True,,False,False,False,False,False,False,False,False,False,False,0,Follow Yaw,0,0,-144,216,False,False,False,False,False,,0,0,False,False,No Card,100,100,991,1024,1478,1023,2,False,False,False,False,False,0,False,False,False,False,99,,48.564,,9943,,10044,,48.564,,True,4.055,4.055,4.055,4.055,4.055,4.055,4.055,4.055,4.055,4.055,4.055,4.055,0,,False,False,True,,,,,,,,,,,,,,,False,False,19.342,,76.8,,75.7,,76.8,,,39,,12,6,50781.5,6770.87,,Idle,,20,,10,,,20,Go Home,False,False,False,False,False,False,False,False,False,False,False,False,33.8027920380556,-117.4659261431046,3.4,2972.0,1049.4,396.9,True,1,1,False,False,False,False,,True,False,False,Course Lock,196.8,67,16.4,93,E,SW,0.89,0.89,Calm,False,True,Android,7.0.2,M300 RTK,1ZN7L4R0H1D00F,1W9DL31001461C,1ZMLH8300204F0,1Z6PH74DAP0QN7,"Corona, CA",728.3,5.7,137.7,8.547347,2.013246,0,0,DJI Matrice 300 RTK,M300 RTK,1ZN7L4R0H1D00F,1W9DL31001461C,1ZMLH8300204F0,1Z6PH74DAP0QN7,DJI Pilot,Android,7.0.2,1EF72A62-B7C3-C88D-164E-CE6F8C8424AE,1ZN7L4R0H1D00F,1W9DL31001461C,,1ZMLH8300204F0,1W9DL31001461C,,,,,
2023-11-01,11:24:33.27 AM,0m 10.9s,10.9,33.8027835586917,-117.4659190008717,7.2,7.2,8.2,1271,6.2,2.062356,2.062356,-1.565858,0,1.342164,1.342164,-1.11847,0,1.5,-3.9,4.1,-135.7,224.3,131.9,Tripod,Other,,20,5,True,,True,False,,Smart,RC,False,True,False,,,True,,False,False,False,False,False,False,False,False,False,False,0,Follow Yaw,0,0,-144,216,False,False,False,False,False,,0,0,False,False,No Card,100,100,1024,1040,1480,1024,2,False,False,False,False,False,0,False,False,False,False,99,,48.564,,9943,,10044,,48.564,,True,4.055,4.055,4.055,4.055,4.055,4.055,4.055,4.055,4.055,4.055,4.055,4.055,0,,False,False,True,,,,,,,,,,,,,,,False,False,19.342,,76.8,,75.7,,76.8,,,39,,12,6,50781.5,6770.87,,Idle,,20,,10,,,20,Go Home,False,False,False,False,False,False,False,False,False,False,False,False,33.8027920380556,-117.4659261431046,3.7,2972.0,1049.4,396.9,True,1,1,False,False,False,False,,True,False,False,Course Lock,196.8,67,16.4,93,E,SW,0.89,0.89,Calm,False,True,Android,7.0.2,M300 RTK,1ZN7L4R0H1D00F,1W9DL31001461C,1ZMLH8300204F0,1Z6PH74DAP0QN7,"Corona, CA",728.3,5.7,137.7,8.547347,2.013246,0,0,DJI Matrice 300 RTK,M300 RTK,1ZN7L4R0H1D00F,1W9DL31001461C,1ZMLH8300204F0,1Z6PH74DAP0QN7,DJI Pilot,Android,7.0.2,1EF72A62-B7C3-C88D-164E-CE6F8C8424AE,1ZN7L4R0H1D00F,1W9DL31001461C,,1ZMLH8300204F0,1W9DL31001461C,,,,,
2023-11-01,11:24:33.37 AM,0m 11.0s,11.0,33.8027828870752,-117.4659182883638,7.2,7.2,8.2,1271,6.5,2.062356,2.062356,-1.565858,0,1.342164,1.342164,-1.11847,0,1.5,-3.1,3.4,-135.6,224.4,138.6,Tripod,Other,,20,5,True,,True,False,,Smart,RC,False,True,False,,,True,,False,False,False,False,False,False,False,False,False,False,0,Follow Yaw,0,0,-144,216,False,False,False,False,False,,0,0,False,False,No Card,100,100,1024,1024,1476,1024,2,False,False,False,False,False,0,False,False,False,False,99,,48.528,,9943,,10044,,48.528,,True,4.055,4.055,4.055,4.055,4.055,4.055,4.055,4.055,4.055,4.055,4.055,4.055,0,,False,False,True,,,,,,,,,,,,,,,False,False,19.37,,76.8,,75.7,,76.8,,,39,,12,6,50781.5,6770.87,,Idle,,20,,10,,,20,Go Home,False,False,False,False,False,False,False,False,False,False,False,False,33.8027920380556,-117.4659261431046,4.1,2972.0,1049.4,396.9,True,1,1,False,False,False,False,,True,False,False,Course Lock,196.8,67,16.4,93,E,SW,0.89,0.89,Calm,False,True,Android,7.0.2,M300 RTK,1ZN7L4R0H1D00F,1W9DL31001461C,1ZMLH8300204F0,1Z6PH74DAP0QN7,"Corona, CA",728.3,5.7,137.7,8.547347,2.013246,0,0,DJI Matrice 300 RTK,M300 RTK,1ZN7L4R0H1D00F,1W9DL31001461C,1ZMLH8300204F0,1Z6PH74DAP0QN7,DJI Pilot,Android,7.0.2,1EF72A62-B7C3-C88D-164E-CE6F8C8424AE,1ZN7L4R0H1D00F,1W9DL31001461C,,1ZMLH8300204F0,1W9DL31001461C,,,,,
2023-11-01,11:24:33.44 AM,0m 11.1s,11.1,33.8027820559156,-117.4659177770735,7.5,7.5,8.5,1271,6.9,2.062356,2.062356,-1.565858,0,1.342164,1.342164,-1.11847,0,1.5,1.2,1.9,-135.3,224.7,152.9,Tripod,Other,,20,5,True,,True,False,,Smart,RC,False,True,False,,,True,,False,False,False,False,False,False,False,False,False,False,0,Follow Yaw,0,0,-144,216,False,False,False,False,False,,0,0,False,False,No Card,100,100,1024,1024,1475,1024,2,False,False,False,False,False,0,False,False,False,False,99,,48.528,,9943,,10044,,48.528,,True,4.055,4.055,4.055,4.055,4.055,4.055,4.055,4.055,4.055,4.055,4.055,4.055,0,,False,False,True,,,,,,,,,,,,,,,False,False,19.37,,76.8,,75.7,,76.8,,,39,,12,6,50781.5,6770.87,,Idle,,20,,10,,,20,Go Home,False,False,False,False,False,False,False,False,False,False,False,False,33.8027920380556,-117.4659261431046,4.4,2972.0,1049.4,396.9,True,1,1,False,False,False,False,,True,False,False,Course Lock,196.8,67,16.4,93,E,SW,0.89,0.89,Calm,False,True,Android,7.0.2,M300 RTK,1ZN7L4R0H1D00F,1W9DL31001461C,1ZMLH8300204F0,1Z6PH74DAP0QN7,"Corona, CA",728.3,5.7,137.7,8.547347,2.013246,0,0,DJI Matrice 300 RTK,M300 RTK,1ZN7L4R0H1D00F,1W9DL31001461C,1ZMLH8300204F0,1Z6PH74DAP0QN7,DJI Pilot,Android,7.0.2,1EF72A62-B7C3-C88D-164E-CE6F8C8424AE,1ZN7L4R0H1D00F,1W9DL31001461C,,1ZMLH8300204F0,1W9DL31001461C,,,,,
2023-11-01,11:24:33.54 AM,0m 11.2s,11.2,33.8027813925229,-117.4659171114067,7.5,7.5,8.5,1271,7.2,1.924288,2.062356,-1.565858,0,1.11847,1.342164,-1.11847,0,1.3,5.6,5.7,-135.3,224.7,140.1,Tripod,Other,,20,5,True,,True,False,,Smart,RC,False,True,False,,,True,,False,False,False,False,False,False,False,False,False,False,0,Follow Yaw,0,0,-144,216,False,False,False,False,False,,0,0,False,False,No Card,100,100,1024,1024,1475,1024,2,False,False,False,False,False,0,False,False,False,False,99,,48.528,,9943,,10044,,48.528,,True,4.055,4.055,4.055,4.055,4.055,4.055,4.055,4.055,4.055,4.055,4.055,4.055,0,,False,False,True,,,,,,,,,,,,,,,False,False,19.37,,76.8,,75.7,,76.8,,,39,,12,6,50781.5,6770.87,,Idle,,20,,10,,,20,Go Home,False,False,False,False,False,False,False,False,False,False,False,False,33.8027920380556,-117.4659261431046,4.7,2972.0,1049.4,396.9,True,1,1,False,False,False,False,,True,False,False,Course Lock,196.8,67,16.4,93,E,SW,0.89,0.89,Calm,False,True,Android,7.0.2,M300 RTK,1ZN7L4R0H1D00F,1W9DL31001461C,1ZMLH8300204F0,1Z6PH74DAP0QN7,"Corona, CA",728.3,5.7,137.7,8.547347,2.013246,0,0,DJI Matrice 300 RTK,M300 RTK,1ZN7L4R0H1D00F,1W9DL31001461C,1ZMLH8300204F0,1Z6PH74DAP0QN7,DJI Pilot,Android,7.0.2,1EF72A62-B7C3-C88D-164E-CE6F8C8424AE,1ZN7L4R0H1D00F,1W9DL31001461C,,1ZMLH8300204F0,1W9DL31001461C,,,,,
2023-11-01,11:24:33.64 AM,0m 11.3s,11.3,33.8027809698158,-117.4659162445225,7.8,7.8,8.8,1272,7.5,1.43234,2.062356,-1.11847,0,0.894776,1.342164,-1.11847,0,1.3,7.4,7.5,-135.5,224.5,120.4,Tripod,Other,,20,5,True,,True,False,,Smart,RC,False,True,False,,,True,,False,False,False,False,False,False,False,False,False,False,0,Follow Yaw,0,0,-144,216,False,False,False,False,False,,0,0,False,False,No Card,100,100,1024,1024,1477,1024,2,False,False,False,False,False,0,False,False,False,False,99,,48.528,,9943,,10044,,48.528,,True,4.047,4.047,4.047,4.047,4.047,4.047,4.047,4.047,4.047,4.047,4.047,4.047,0,,False,False,True,,,,,,,,,,,,,,,False,False,19.37,,76.8,,75.7,,76.8,,,39,,12,6,67835.0,9044.67,,Idle,,20,,10,,,20,Go Home,False,False,False,False,False,False,False,False,False,False,False,False,33.8027920380556,-117.4659261431046,5.0,2972.0,1049.4,396.9,True,1,1,False,False,False,False,,True,False,False,Course Lock,196.8,67,16.4,93,E,SW,0.89,0.89,Calm,False,True,Android,7.0.2,M300 RTK,1ZN7L4R0H1D00F,1W9DL31001461C,1ZMLH8300204F0,1Z6PH74DAP0QN7,"Corona, CA",728.3,5.7,137.7,8.547347,2.013246,0,0,DJI Matrice 300 RTK,M300 RTK,1ZN7L4R0H1D00F,1W9DL31001461C,1ZMLH8300204F0,1Z6PH74DAP0QN7,DJI Pilot,Android,7.0.2,1EF72A62-B7C3-C88D-164E-CE6F8C8424AE,1ZN7L4R0H1D00F,1W9DL31001461C,,1ZMLH8300204F0,1W9DL31001461C,,,,,
2023-11-01,11:24:33.74 AM,0m 11.4s,11.4,33.8027804983136,-117.4659157728162,7.8,7.8,9.1,1272,7.7,1.11847,2.062356,-0.894776,0,0.671082,1.342164,-1.11847,0,1.4,6.8,6.9,-135.8,224.2,140.2,Tripod,Other,,20,5,True,,True,False,,Smart,RC,False,True,False,,,True,,False,False,False,False,False,False,False,False,False,False,0,Follow Yaw,0,0,-144,216,False,False,False,False,False,,0,0,False,False,No Card,100,100,1024,1024,1478,1024,2,False,False,False,False,False,0,False,False,False,False,99,,48.528,,9943,,10044,,48.528,,True,4.047,4.047,4.047,4.047,4.047,4.047,4.047,4.047,4.047,4.047,4.047,4.047,0,,False,False,True,,,,,,,,,,,,,,,False,False,19.37,,76.8,,75.7,,76.8,,,39,,12,6,67835.0,9044.67,,Idle,,20,,10,,,20,Go Home,False,False,False,False,False,False,False,False,False,False,False,False,33.8027920380556,-117.4659261431046,5.2,2972.0,1049.4,396.9,True,1,1,False,False,False,False,,True,False,False,Course Lock,196.8,67,16.4,93,E,SW,0.89,0.89,Calm,False,True,Android,7.0.2,M300 RTK,1ZN7L4R0H1D00F,1W9DL31001461C,1ZMLH8300204F0,1Z6PH74DAP0QN7,"Corona, CA",728.3,5.7,137.7,8.547347,2.013246,0,0,DJI Matrice 300 RTK,M300 RTK,1ZN7L4R0H1D00F,1W9DL31001461C,1ZMLH8300204F0,1Z6PH74DAP0QN7,DJI Pilot,Android,7.0.2,1EF72A62-B7C3-C88D-164E-CE6F8C8424AE,1ZN7L4R0H1D00F,1W9DL31001461C,,1ZMLH8300204F0,1W9DL31001461C,,,,,
2023-11-01,11:24:33.84 AM,0m 11.5s,11.5,33.802780032294,-117.4659153598258,8.2,8.2,9.1,1272,7.9,0.80654,2.062356,-0.671082,0,0.447388,1.342164,-1.11847,0,1.5,4.9,5.1,-136,224,143.6,Tripod,Other,,20,5,True,,True,False,,Smart,RC,False,True,False,,,True,,False,False,False,False,False,False,False,False,False,False,0,Follow Yaw,0,0,-144,216,False,False,False,False,False,,0,0,False,False,No Card,100,100,1024,1024,1478,1024,2,False,False,False,False,False,0,False,False,False,False,99,,48.528,,9943,,10044,,48.528,,True,4.047,4.047,4.047,4.047,4.047,4.047,4.047,4.047,4.047,4.047,4.047,4.047,0,,False,False,True,,,,,,,,,,,,,,,False,False,19.37,,76.8,,75.7,,76.8,,,39,,12,6,67835.0,9044.67,,Idle,,20,,10,,,20,Go Home,False,False,False,False,False,False,False,False,False,False,False,False,33.8027920380556,-117.4659261431046,5.4,2972.0,1049.4,396.9,True,1,1,False,False,False,False,,True,False,False,Course Lock,196.8,67,16.4,93,E,SW,0.89,0.89,Calm,False,True,Android,7.0.2,M300 RTK,1ZN7L4R0H1D00F,1W9DL31001461C,1ZMLH8300204F0,1Z6PH74DAP0QN7,"Corona, CA",728.3,5.7,137.7,8.547347,2.013246,0,0,DJI Matrice 300 RTK,M300 RTK,1ZN7L4R0H1D00F,1W9DL31001461C,1ZMLH8300204F0,1Z6PH74DAP0QN7,DJI Pilot,Android,7.0.2,1EF72A62-B7C3-C88D-164E-CE6F8C8424AE,1ZN7L4R0H1D00F,1W9DL31001461C,,1ZMLH8300204F0,1W9DL31001461C,,,,,
2023-11-01,11:24:33.94 AM,0m 11.6s,11.6,33.8027797115628,-117.4659150801007,8.2,8.2,9.5,1272,8.1,0.80654,2.062356,-0.671082,0,0.447388,1.342164,-1.11847,0,1.7,3,3.4,-136,224,144.0,Tripod,Other,,20,5,True,,True,False,,Smart,RC,False,True,False,,,True,,False,False,False,False,False,False,False,False,False,False,0,Follow Yaw,0,0,-144,216,False,False,False,False,False,,0,0,False,False,No Card,100,100,1024,1024,1478,1024,2,False,False,False,False,False,0,False,False,False,False,99,,48.528,,9943,,10044,,48.528,,True,4.047,4.047,4.047,4.047,4.047,4.047,4.047,4.047,4.047,4.047,4.047,4.047,0,,False,False,True,,,,,,,,,,,,,,,False,False,19.37,,76.8,,75.7,,76.8,,,39,,12,6,67835.0,9044.67,,Idle,,20,,10,,,20,Go Home,False,False,False,False,False,False,False,False,False,False,False,False,33.8027920380556,-117.4659261431046,5.6,2972.0,1049.4,396.9,True,1,1,False,False,False,False,,True,False,False,Course Lock,196.8,67,16.4,93,E,SW,0.89,0.89,Calm,False,True,Android,7.0.2,M300 RTK,1ZN7L4R0H1D00F,1W9DL31001461C,1ZMLH8300204F0,1Z6PH74DAP0QN7,"Corona, CA",728.3,5.7,137.7,8.547347,2.013246,0,0,DJI Matrice 300 RTK,M300 RTK,1ZN7L4R0H1D00F,1W9DL31001461C,1ZMLH8300204F0,1Z6PH74DAP0QN7,DJI Pilot,Android,7.0.2,1EF72A62-B7C3-C88D-164E-CE6F8C8424AE,1ZN7L4R0H1D00F,1W9DL31001461C,,1ZMLH8300204F0,1W9DL31001461C,,,,,
2023-11-01,11:24:34.04 AM,0m 11.7s,11.7,33.8027795662744,-117.4659150688854,8.5,8.5,9.8,1272,8.1,0.500194,2.062356,-0.447388,0,0.223694,1.342164,-1.11847,0,1.8,1.7,2.4,-135.9,224.1,176.3,Tripod,Other,,20,5,True,,True,False,,Smart,RC,False,True,False,,,True,,False,False,False,False,False,False,False,False,False,False,0,Follow Yaw,0,0,-144,216,False,False,False,False,False,,0,0,False,False,No Card,100,100,1024,1024,1478,1024,2,False,False,False,False,False,0,False,False,False,False,99,,48.492,,4936,,4986,,48.492,,True,4.047,4.047,4.047,4.047,4.047,4.047,4.047,4.047,4.047,4.047,4.047,4.047,0,,False,False,True,,,,,,,,,,,,,,,False,False,9.5,,75.9,,75.7,,76.8,,,39,,12,6,67835.0,9044.67,,Idle,,20,,10,,,20,Go Home,False,False,False,False,False,False,False,False,False,False,False,False,33.8027920380556,-117.4659261431046,5.6,2972.0,1049.4,396.9,True,1,1,False,False,False,False,,True,False,False,Course Lock,196.8,67,16.4,93,E,SW,1.11,1.11,Calm,False,False,Android,7.0.2,M300 RTK,1ZN7L4R0H1D00F,1W9DL31001461C,1ZMLH8300204F0,1Z6PH74DAP0QN7,"Corona, CA",728.3,5.7,137.7,8.547347,2.013246,0,0,DJI Matrice 300 RTK,M300 RTK,1ZN7L4R0H1D00F,1W9DL31001461C,1ZMLH8300204F0,1Z6PH74DAP0QN7,DJI Pilot,Android,7.0.2,1EF72A62-B7C3-C88D-164E-CE6F8C8424AE,1ZN7L4R0H1D00F,1W9DL31001461C,,1ZMLH8300204F0,1W9DL31001461C,,,,,
2023-11-01,11:24:34.14 AM,0m 11.8s,11.8,33.8027793568397,-117.465914916488,8.8,8.8,9.8,1273,8.2,0.500194,2.062356,-0.447388,0,0.223694,1.342164,-1.11847,0,1.7,0.9,1.9,-135.9,224.1,148.8,Tripod,Other,,20,5,True,,True,False,,Smart,RC,False,True,False,,,True,,False,False,False,False,False,False,False,False,False,False,0,Follow Yaw,0,0,-144,216,False,False,False,False,False,,0,0,False,False,No Card,100,100,1024,1024,1477,1024,2,False,False,False,False,False,0,False,False,False,False,99,,48.492,,4936,,4986,,48.492,,True,4.047,4.047,4.047,4.047,4.047,4.047,4.047,4.047,4.047,4.047,4.047,4.047,0,,False,False,True,,,,,,,,,,,,,,,False,False,9.5,,75.9,,75.7,,76.8,,,39,,12,6,67835.0,9044.67,,Idle,,20,,10,,,20,Go Home,False,False,False,False,False,False,False,False,False,False,False,False,33.8027920380556,-117.4659261431046,5.7,2972.0,1049.4,396.9,True,1,1,False,False,False,False,,True,False,False,Course Lock,196.8,67,16.4,93,E,SW,1.11,1.11,Calm,False,True,Android,7.0.2,M300 RTK,1ZN7L4R0H1D00F,1W9DL31001461C,1ZMLH8300204F0,1Z6PH74DAP0QN7,"Corona, CA",728.3,5.7,137.7,8.547347,2.013246,0,0,DJI Matrice 300 RTK,M300 RTK,1ZN7L4R0H1D00F,1W9DL31001461C,1ZMLH8300204F0,1Z6PH74DAP0QN7,DJI Pilot,Android,7.0.2,1EF72A62-B7C3-C88D-164E-CE6F8C8424AE,1ZN7L4R0H1D00F,1W9DL31001461C,,1ZMLH8300204F0,1W9DL31001461C,,,,,
2023-11-01,11:24:34.24 AM,0m 11.9s,11.9,33.8027789796379,-117.4659149481552,8.8,8.8,10.1,1273,8.4,0.223694,2.062356,-0.223694,0,0,1.342164,-1.11847,0,1.7,1.2,2,-135.8,224.2,183.9,Tripod,Other,,20,5,True,,True,False,,Smart,RC,False,True,False,,,True,,False,False,False,False,False,False,False,False,False,False,0,Follow Yaw,0,0,-144,216,False,False,False,False,False,,0,0,False,False,No Card,100,100,1024,1024,1451,1024,2,False,False,False,False,False,0,False,False,False,False,99,,48.492,,4936,,4986,,48.492,,True,4.047,4.047,4.047,4.047,4.047,4.047,4.047,4.047,4.047,4.047,4.047,4.047,0,,False,False,True,,,,,,,,,,,,,,,False,False,9.5,,75.9,,75.7,,76.8,,,39,,12,6,67835.0,9044.67,,Idle,,20,,10,,,20,Go Home,False,False,False,False,False,False,False,False,False,False,False,False,33.8027920380556,-117.4659261431046,5.8,2972.0,1049.4,396.9,True,1,1,False,False,False,False,,True,False,False,Course Lock,196.8,67,16.4,93,E,SW,1.11,1.11,Calm,False,False,Android,7.0.2,M300 RTK,1ZN7L4R0H1D00F,1W9DL31001461C,1ZMLH8300204F0,1Z6PH74DAP0QN7,"Corona, CA",728.3,5.7,137.7,8.547347,2.013246,0,0,DJI Matrice 300 RTK,M300 RTK,1ZN7L4R0H1D00F,1W9DL31001461C,1ZMLH8300204F0,1Z6PH74DAP0QN7,DJI Pilot,Android,7.0.2,1EF72A62-B7C3-C88D-164E-CE6F8C8424AE,1ZN7L4R0H1D00F,1W9DL31001461C,,1ZMLH8300204F0,1W9DL31001461C,,,,,
2023-11-01,11:24:34.32 AM,0m 12.0s,12.0,33.802778820643,-117.4659148861406,9.1,9.1,10.1,1273,8.4,0.223694,2.062356,-0.223694,0,0,1.342164,-1.11847,0,1.8,1,2,-135.9,224.1,162.0,Tripod,Other,,20,5,True,,True,False,,Smart,RC,False,True,False,,,True,,False,False,False,False,False,False,False,False,False,False,0,Follow Yaw,0,0,-144,216,False,False,False,False,False,,0,0,False,False,No Card,100,100,1024,1024,1434,1024,2,False,False,False,False,False,0,False,False,False,False,99,,48.492,,9943,,10044,,48.492,,True,4.047,4.047,4.047,4.047,4.047,4.047,4.047,4.047,4.047,4.047,4.047,4.047,0,,False,False,True,,,,,,,,,,,,,,,False,False,19.398,,77.0,,75.7,,77.0,,,39,,12,6,67835.0,9044.67,,Idle,,20,,10,,,20,Go Home,False,False,False,False,False,False,False,False,False,False,False,False,33.8027920380556,-117.4659261431046,5.9,2972.0,1049.4,396.9,True,1,1,False,False,False,False,,True,False,False,Course Lock,196.8,67,16.4,93,E,SW,1.11,1.11,Calm,False,False,Android,7.0.2,M300 RTK,1ZN7L4R0H1D00F,1W9DL31001461C,1ZMLH8300204F0,1Z6PH74DAP0QN7,"Corona, CA",728.3,5.7,137.7,8.547347,2.013246,0,0,DJI Matrice 300 RTK,M300 RTK,1ZN7L4R0H1D00F,1W9DL31001461C,1ZMLH8300204F0,1Z6PH74DAP0QN7,DJI Pilot,Android,7.0.2,1EF72A62-B7C3-C88D-164E-CE6F8C8424AE,1ZN7L4R0H1D00F,1W9DL31001461C,,1ZMLH8300204F0,1W9DL31001461C,,,,,
2023-11-01,11:24:34.42 AM,0m 12.1s,12.1,33.8027783661368,-117.4659144414831,9.1,9.1,10.4,1273,8.6,0.223694,2.062356,-0.223694,0,0,1.342164,-1.11847,0,2,0.4,2,-135.8,224.2,140.8,Tripod,Other,,20,5,True,,True,False,,Smart,RC,False,True,False,,,True,,False,False,False,False,False,False,False,False,False,False,0,Follow Yaw,0,0,-144,216,False,False,False,False,False,,0,0,False,False,No Card,100,100,1024,1024,1423,1024,2,False,False,False,False,False,0,False,False,False,False,99,,48.492,,9943,,10044,,48.492,,True,4.047,4.047,4.047,4.047,4.047,4.047,4.047,4.047,4.047,4.047,4.047,4.047,0,,False,False,True,,,,,,,,,,,,,,,False,False,19.398,,77.0,,75.7,,77.0,,,39,,12,6,67835.0,9044.67,,Idle,,20,,10,,,20,Go Home,False,False,False,False,False,False,False,False,False,False,False,False,33.8027920380556,-117.4659261431046,6.1,2972.0,1049.4,396.9,True,1,1,False,False,False,False,,True,False,False,Course Lock,196.8,67,16.4,93,E,SW,1.11,1.11,Calm,False,True,Android,7.0.2,M300 RTK,1ZN7L4R0H1D00F,1W9DL31001461C,1ZMLH8300204F0,1Z6PH74DAP0QN7,"Corona, CA",728.3,5.7,137.7,8.547347,2.013246,0,0,DJI Matrice 300 RTK,M300 RTK,1ZN7L4R0H1D00F,1W9DL31001461C,1ZMLH8300204F0,1Z6PH74DAP0QN7,DJI Pilot,Android,7.0.2,1EF72A62-B7C3-C88D-164E-CE6F8C8424AE,1ZN7L4R0H1D00F,1W9DL31001461C,,1ZMLH8300204F0,1W9DL31001461C,,,,,
2023-11-01,11:24:34.54 AM,0m 12.2s,12.2,33.8027782323618,-117.4659143972812,9.5,9.5,10.4,1273,8.7,0,2.062356,0,0,0,1.342164,-1.11847,0,2,0,2,-135.8,224.2,,Tripod,Other,,20,5,True,,True,False,,Smart,RC,False,True,False,,,True,,False,False,False,False,False,False,False,False,False,False,0,Follow Yaw,0,0,-144,216,False,False,False,False,False,,0,0,False,False,No Card,100,100,1024,1024,1428,1024,2,False,False,False,False,False,0,False,False,False,False,99,,48.492,,9943,,10044,,48.492,,True,4.047,4.047,4.047,4.047,4.047,4.047,4.047,4.047,4.047,4.047,4.047,4.047,0,,False,False,True,,,,,,,,,,,,,,,False,False,19.398,,77.0,,75.7,,77.0,,,39,,12,6,67835.0,9044.67,,Idle,,20,,10,,,20,Go Home,False,False,False,False,False,False,False,False,False,False,False,False,33.8027920380556,-117.4659261431046,6.1,2972.0,1049.4,396.9,True,1,1,False,False,False,False,,True,False,False,Course Lock,196.8,67,16.4,93,E,SW,1.11,1.11,Calm,False,False,Android,7.0.2,M300 RTK,1ZN7L4R0H1D00F,1W9DL31001461C,1ZMLH8300204F0,1Z6PH74DAP0QN7,"Corona, CA",728.3,5.7,137.7,8.547347,2.013246,0,0,DJI Matrice 300 RTK,M300 RTK,1ZN7L4R0H1D00F,1W9DL31001461C,1ZMLH8300204F0,1Z6PH74DAP0QN7,DJI Pilot,Android,7.0.2,1EF72A62-B7C3-C88D-164E-CE6F8C8424AE,1ZN7L4R0H1D00F,1W9DL31001461C,,1ZMLH8300204F0,1W9DL31001461C,,,,,
2023-11-01,11:24:34.64 AM,0m 12.3s,12.3,33.8027785569307,-117.4659145542969,9.8,9.8,10.8,1274,8.8,0,2.062356,0,0,0,1.342164,-1.11847,0,2,-0.3,2,-135.8,224.2,,Tripod,Other,,20,5,True,,True,False,,Smart,RC,False,True,False,,,True,,False,False,False,False,False,False,False,False,False,False,0,Follow Yaw,0,0,-144,216,False,False,False,False,False,,0,0,False,False,No Card,100,100,1024,1024,1427,1024,2,False,False,False,False,False,0,False,False,False,False,99,,48.492,,9943,,10044,,48.492,,True,4.044,4.044,4.044,4.044,4.044,4.044,4.044,4.044,4.044,4.044,4.044,4.044,0,,False,False,True,,,,,,,,,,,,,,,False,False,19.398,,77.0,,75.7,,77.0,,,39,1,12,6,84993.3,11332.45,,Idle,,20,,10,,,20,Go Home,False,False,False,False,False,False,False,False,False,False,False,False,33.8027920380556,-117.4659261431046,6.0,2972.0,1049.4,396.9,True,1,1,False,False,False,False,,True,False,False,Course Lock,196.8,67,16.4,93,E,SW,1.11,1.11,Calm,False,False,Android,7.0.2,M300 RTK,1ZN7L4R0H1D00F,1W9DL31001461C,1ZMLH8300204F0,1Z6PH74DAP0QN7,"Corona, CA",728.3,5.7,137.7,8.547347,2.013246,0,0,DJI Matrice 300 RTK,M300 RTK,1ZN7L4R0H1D00F,1W9DL31001461C,1ZMLH8300204F0,1Z6PH74DAP0QN7,DJI Pilot,Android,7.0.2,1EF72A62-B7C3-C88D-164E-CE6F8C8424AE,1ZN7L4R0H1D00F,1W9DL31001461C,,1ZMLH8300204F0,1W9DL31001461C,,,,,
2023-11-01,11:24:34.73 AM,0m 12.4s,12.4,33.8027784933328,-117.4659145569359,9.8,9.8,10.8,1274,8.8,0,2.062356,0,0,0,1.342164,-1.11847,0,1.9,-0.6,1.9,-135.8,224.2,,Tripod,Other,,19,5,True,,True,False,,Smart,RC,False,True,False,,,True,,False,False,False,False,False,False,False,False,False,False,0,Follow Yaw,0,0,-144,216,False,False,False,False,False,,0,0,False,False,No Card,100,100,1024,1024,1398,1024,2,False,False,False,False,False,0,False,False,False,False,99,,48.492,,9943,,10044,,48.492,,True,4.044,4.044,4.044,4.044,4.044,4.044,4.044,4.044,4.044,4.044,4.044,4.044,0,,False,False,True,,,,,,,,,,,,,,,False,False,19.398,,77.0,,75.7,,77.0,,,39,1,12,6,84993.3,11332.45,,Idle,,20,,10,,,20,Go Home,False,False,False,False,False,False,False,False,False,False,False,False,33.8027920380556,-117.4659261431046,6.0,2972.0,1049.4,396.9,True,1,1,False,False,False,False,,True,False,False,Course Lock,196.8,67,16.4,93,E,SW,1.11,1.11,Calm,False,False,Android,7.0.2,M300 RTK,1ZN7L4R0H1D00F,1W9DL31001461C,1ZMLH8300204F0,1Z6PH74DAP0QN7,"Corona, CA",728.3,5.7,137.7,8.547347,2.013246,0,0,DJI Matrice 300 RTK,M300 RTK,1ZN7L4R0H1D00F,1W9DL31001461C,1ZMLH8300204F0,1Z6PH74DAP0QN7,DJI Pilot,Android,7.0.2,1EF72A62-B7C3-C88D-164E-CE6F8C8424AE,1ZN7L4R0H1D00F,1W9DL31001461C,,1ZMLH8300204F0,1W9DL31001461C,,,,,
2023-11-01,11:24:34.83 AM,0m 12.5s,12.5,33.8027782548404,-117.4659144942616,10.1,10.1,11.1,1274,8.9,0,2.062356,0,0,0,1.342164,-1.11847,0,1.9,-0.7,2,-135.8,224.2,,Tripod,Other,,19,5,True,,True,False,,Smart,RC,False,True,False,,,True,,False,False,False,False,False,False,False,False,False,False,0,Follow Yaw,0,0,-144,216,False,False,False,False,False,,0,0,False,False,No Card,100,100,1024,1024,1373,1024,2,False,False,False,False,False,0,False,False,False,False,99,,48.492,,9943,,10044,,48.492,,True,4.044,4.044,4.044,4.044,4.044,4.044,4.044,4.044,4.044,4.044,4.044,4.044,0,,False,False,True,,,,,,,,,,,,,,,False,False,19.398,,77.0,,75.7,,77.0,,,39,1,12,6,84993.3,11332.45,,Idle,,20,,10,,,20,Go Home,False,False,False,False,False,False,False,False,False,False,False,False,33.8027920380556,-117.4659261431046,6.1,2972.0,1049.4,396.9,True,1,1,False,False,False,False,,True,False,False,Course Lock,196.8,67,16.4,93,E,SW,1.11,1.11,Calm,False,False,Android,7.0.2,M300 RTK,1ZN7L4R0H1D00F,1W9DL31001461C,1ZMLH8300204F0,1Z6PH74DAP0QN7,"Corona, CA",728.3,5.7,137.7,8.547347,2.013246,0,0,DJI Matrice 300 RTK,M300 RTK,1ZN7L4R0H1D00F,1W9DL31001461C,1ZMLH8300204F0,1Z6PH74DAP0QN7,DJI Pilot,Android,7.0.2,1EF72A62-B7C3-C88D-164E-CE6F8C8424AE,1ZN7L4R0H1D00F,1W9DL31001461C,,1ZMLH8300204F0,1W9DL31001461C,,,,,
2023-11-01,11:24:34.94 AM,0m 12.6s,12.6,33.8027781983698,-117.4659145081159,10.1,10.1,11.1,1274,8.9,0,2.062356,0,0,0,1.342164,-0.894776,0,2.1,-0.7,2.2,-135.9,224.1,,Tripod,Other,,20,5,True,,True,False,,Smart,RC,False,True,False,,,True,,False,False,False,False,False,False,False,False,False,False,0,Follow Yaw,0,0,-144,216,False,False,False,False,False,,0,0,False,False,No Card,100,100,1024,1024,1307,1024,2,False,False,False,False,False,0,False,False,False,False,99,,48.492,,9943,,10044,,48.492,,True,4.044,4.044,4.044,4.044,4.044,4.044,4.044,4.044,4.044,4.044,4.044,4.044,0,,False,False,True,,,,,,,,,,,,,,,False,False,19.398,,77.0,,75.7,,77.0,,,39,1,12,6,84993.3,11332.45,,Idle,,20,,10,,,20,Go Home,False,False,False,False,False,False,False,False,False,False,False,False,33.8027920380556,-117.4659261431046,6.1,2972.0,1049.4,396.9,True,1,1,False,False,False,False,,True,False,False,Course Lock,196.8,67,16.4,93,E,SW,1.11,1.11,Calm,False,False,Android,7.0.2,M300 RTK,1ZN7L4R0H1D00F,1W9DL31001461C,1ZMLH8300204F0,1Z6PH74DAP0QN7,"Corona, CA",728.3,5.7,137.7,8.547347,2.013246,0,0,DJI Matrice 300 RTK,M300 RTK,1ZN7L4R0H1D00F,1W9DL31001461C,1ZMLH8300204F0,1Z6PH74DAP0QN7,DJI Pilot,Android,7.0.2,1EF72A62-B7C3-C88D-164E-CE6F8C8424AE,1ZN7L4R0H1D00F,1W9DL31001461C,,1ZMLH8300204F0,1W9DL31001461C,,,,,
2023-11-01,11:24:35.05 AM,0m 12.7s,12.7,33.8027781632812,-117.46591462027,10.4,10.4,11.4,1274,9.0,0,2.062356,0,0,0,1.342164,-0.894776,0,2.3,-0.8,2.4,-135.9,224.1,,Tripod,Other,,20,5,True,,True,False,,Smart,RC,False,True,False,,,True,,False,False,False,False,False,False,False,False,False,False,0,Follow Yaw,0,0,-144,216,False,False,False,False,False,,0,0,False,False,No Card,100,100,1024,1024,1280,1024,2,False,False,False,False,False,0,False,False,False,False,99,,48.492,,9943,,10044,,48.492,,True,4.044,4.044,4.044,4.044,4.044,4.044,4.044,4.044,4.044,4.044,4.044,4.044,0,,False,False,True,,,,,,,,,,,,,,,False,False,19.398,,77.0,,75.7,,77.0,,,39,1,12,6,84993.3,11332.45,,Idle,,20,,10,,,20,Go Home,False,False,False,False,False,False,False,False,False,False,False,False,33.8027920380556,-117.4659261431046,6.1,2972.0,1049.4,396.9,True,1,1,False,False,False,False,,True,False,False,Course Lock,196.8,67,16.4,93,E,SW,1.11,1.11,Calm,False,False,Android,7.0.2,M300 RTK,1ZN7L4R0H1D00F,1W9DL31001461C,1ZMLH8300204F0,1Z6PH74DAP0QN7,"Corona, CA",728.3,5.7,137.7,8.547347,2.013246,0,0,DJI Matrice 300 RTK,M300 RTK,1ZN7L4R0H1D00F,1W9DL31001461C,1ZMLH8300204F0,1Z6PH74DAP0QN7,DJI Pilot,Android,7.0.2,1EF72A62-B7C3-C88D-164E-CE6F8C8424AE,1ZN7L4R0H1D00F,1W9DL31001461C,,1ZMLH8300204F0,1W9DL31001461C,,,,,
2023-11-01,11:24:35.16 AM,0m 12.8s,12.8,33.8027781342236,-117.4659146499578,10.4,10.4,11.4,1274,9.0,0,2.062356,0,0,0,1.342164,-0.894776,0,2.5,-1,2.6,-135.8,224.2,,Tripod,Other,,20,5,True,,True,False,,Smart,RC,False,True,False,,,True,,False,False,False,False,False,False,False,False,False,False,0,Follow Yaw,0,0,-144,216,False,False,False,False,False,,0,0,False,False,No Card,100,100,1024,1024,1185,1024,2,False,False,False,False,False,0,False,False,False,False,99,,48.492,,9943,,10044,,48.492,,True,4.044,4.044,4.044,4.044,4.044,4.044,4.044,4.044,4.044,4.044,4.044,4.044,0,,False,False,True,,,,,,,,,,,,,,,False,False,19.398,,77.0,,75.7,,77.0,,,39,1,12,6,84993.3,11332.45,,Idle,,20,,10,,,20,Go Home,False,False,False,False,False,False,False,False,False,False,False,False,33.8027920380556,-117.4659261431046,6.1,2972.0,1049.4,396.9,True,1,1,False,False,False,False,,True,False,False,Course Lock,196.8,67,16.4,93,E,SW,1.11,1.11,Calm,False,False,Android,7.0.2,M300 RTK,1ZN7L4R0H1D00F,1W9DL31001461C,1ZMLH8300204F0,1Z6PH74DAP0QN7,"Corona, CA",728.3,5.7,137.7,8.547347,2.013246,0,0,DJI Matrice 300 RTK,M300 RTK,1ZN7L4R0H1D00F,1W9DL31001461C,1ZMLH8300204F0,1Z6PH74DAP0QN7,DJI Pilot,Android,7.0.2,1EF72A62-B7C3-C88D-164E-CE6F8C8424AE,1ZN7L4R0H1D00F,1W9DL31001461C,,1ZMLH8300204F0,1W9DL31001461C,,,,,
2023-11-01,11:24:35.26 AM,0m 12.9s,12.9,33.8027781906942,-117.4659148089526,10.4,10.4,11.8,1274,9.0,0,2.062356,0,0,0,1.342164,-0.671082,0,2.3,-1.2,2.5,-135.8,224.2,,Tripod,Other,,20,5,True,,True,False,,Smart,RC,False,True,False,,,True,,False,False,False,False,False,False,False,False,False,False,0,Follow Yaw,0,0,-144,216,False,False,False,False,False,,0,0,False,False,No Card,100,100,1024,1024,1174,1024,2,False,False,False,False,False,0,False,False,False,False,99,,48.492,,9943,,10044,,48.492,,True,4.044,4.044,4.044,4.044,4.044,4.044,4.044,4.044,4.044,4.044,4.044,4.044,0,,False,False,True,,,,,,,,,,,,,,,False,False,19.398,,77.0,,75.7,,77.0,,,39,1,12,6,84993.3,11332.45,,Idle,,20,,10,,,20,Go Home,False,False,False,False,False,False,False,False,False,False,False,False,33.8027920380556,-117.4659261431046,6.1,2972.0,1049.4,396.9,True,1,1,False,False,False,False,,True,False,False,Course Lock,196.8,67,16.4,93,E,SW,1.34,1.34,Calm,False,False,Android,7.0.2,M300 RTK,1ZN7L4R0H1D00F,1W9DL31001461C,1ZMLH8300204F0,1Z6PH74DAP0QN7,"Corona, CA",728.3,5.7,137.7,8.547347,2.013246,0,0,DJI Matrice 300 RTK,M300 RTK,1ZN7L4R0H1D00F,1W9DL31001461C,1ZMLH8300204F0,1Z6PH74DAP0QN7,DJI Pilot,Android,7.0.2,1EF72A62-B7C3-C88D-164E-CE6F8C8424AE,1ZN7L4R0H1D00F,1W9DL31001461C,,1ZMLH8300204F0,1W9DL31001461C,,,,,
2023-11-01,11:24:35.36 AM,0m 13.0s,13.0,33.8027781857598,-117.4659148485364,10.8,10.8,11.8,1275,9.1,0,2.062356,0,0,0,1.342164,-0.671082,0,2.1,-1.2,2.4,-135.9,224.1,,Tripod,Other,,20,5,True,,True,False,,Smart,RC,False,True,False,,,True,,False,False,False,False,False,False,False,False,False,False,0,Follow Yaw,0,0,-144,216,False,False,False,False,False,,0,0,False,False,No Card,100,100,1024,1024,1236,1024,2,False,False,False,False,False,0,False,False,False,False,99,,48.348,,4936,,4986,,48.348,,True,4.044,4.044,4.044,4.044,4.044,4.044,4.044,4.044,4.044,4.044,4.044,4.044,0,,False,False,True,,,,,,,,,,,,,,,False,False,9.178,,76.1,,75.7,,77.0,,,39,1,12,6,84993.3,11332.45,,Idle,,20,,10,,,20,Go Home,False,False,False,False,False,False,False,False,False,False,False,False,33.8027920380556,-117.4659261431046,6.1,2972.0,1049.4,396.9,True,1,1,False,False,False,False,,True,False,False,Course Lock,196.8,67,16.4,93,E,SW,1.34,1.34,Calm,False,False,Android,7.0.2,M300 RTK,1ZN7L4R0H1D00F,1W9DL31001461C,1ZMLH8300204F0,1Z6PH74DAP0QN7,"Corona, CA",728.3,5.7,137.7,8.547347,2.013246,0,0,DJI Matrice 300 RTK,M300 RTK,1ZN7L4R0H1D00F,1W9DL31001461C,1ZMLH8300204F0,1Z6PH74DAP0QN7,DJI Pilot,Android,7.0.2,1EF72A62-B7C3-C88D-164E-CE6F8C8424AE,1ZN7L4R0H1D00F,1W9DL31001461C,,1ZMLH8300204F0,1W9DL31001461C,,,,,
2023-11-01,11:24:35.47 AM,0m 13.1s,13.1,33.802778177536,-117.465915100553,10.8,10.8,11.8,1275,9.1,0,2.062356,0,0,0,1.342164,-0.447388,0,2,-1.1,2.2,-135.8,224.2,,Tripod,Other,,20,5,True,,True,False,,Smart,RC,False,True,False,,,True,,False,False,False,False,False,False,False,False,False,False,0,Follow Yaw,-1.8,0,-144,216,False,False,False,False,False,,0,0,False,False,No Card,100,100,1024,1024,1269,1024,2,False,False,False,False,False,0,False,False,False,False,99,,48.348,,4936,,4986,,48.348,,True,4.044,4.044,4.044,4.044,4.044,4.044,4.044,4.044,4.044,4.044,4.044,4.044,0,,False,False,True,,,,,,,,,,,,,,,False,False,9.178,,76.1,,75.7,,77.0,,,39,1,12,6,84993.3,11332.45,,Idle,,20,,10,,,20,Go Home,False,False,False,False,False,False,False,False,False,False,False,False,33.8027920380556,-117.4659261431046,6.0,2972.0,1049.4,396.9,True,1,1,False,False,False,False,,True,False,False,Course Lock,196.8,67,16.4,93,E,SW,1.34,1.34,Calm,False,False,Android,7.0.2,M300 RTK,1ZN7L4R0H1D00F,1W9DL31001461C,1ZMLH8300204F0,1Z6PH74DAP0QN7,"Corona, CA",728.3,5.7,137.7,8.547347,2.013246,0,0,DJI Matrice 300 RTK,M300 RTK,1ZN7L4R0H1D00F,1W9DL31001461C,1ZMLH8300204F0,1Z6PH74DAP0QN7,DJI Pilot,Android,7.0.2,1EF72A62-B7C3-C88D-164E-CE6F8C8424AE,1ZN7L4R0H1D00F,1W9DL31001461C,,1ZMLH8300204F0,1W9DL31001461C,,,,,
2023-11-01,11:24:35.57 AM,0m 13.2s,13.2,33.8027781830186,-117.4659151533314,10.8,10.8,12.1,1275,9.1,0,2.062356,0,0,0,1.342164,-0.447388,0,2.2,-1.1,2.4,-135.9,224.1,,Tripod,Other,,20,5,True,,True,False,,Smart,RC,False,True,False,,,True,,False,False,False,False,False,False,False,False,False,False,0,Follow Yaw,-6.2,0,-144,216,False,False,False,False,False,,0,0,False,False,No Card,100,100,1024,1024,1275,1024,2,False,False,False,False,False,0,False,False,False,False,99,,48.348,,4936,,4986,,48.348,,True,4.044,4.044,4.044,4.044,4.044,4.044,4.044,4.044,4.044,4.044,4.044,4.044,0,,False,False,True,,,,,,,,,,,,,,,False,False,9.178,,76.1,,75.7,,77.0,,,39,1,12,6,84993.3,11332.45,,Idle,,20,,10,,,20,Go Home,False,False,False,False,False,False,False,False,False,False,False,False,33.8027920380556,-117.4659261431046,6.0,2972.0,1049.4,396.9,True,1,1,False,False,False,False,,True,False,False,Course Lock,196.8,67,16.4,93,E,SW,1.34,1.34,Calm,False,False,Android,7.0.2,M300 RTK,1ZN7L4R0H1D00F,1W9DL31001461C,1ZMLH8300204F0,1Z6PH74DAP0QN7,"Corona, CA",728.3,5.7,137.7,8.547347,2.013246,0,0,DJI Matrice 300 RTK,M300 RTK,1ZN7L4R0H1D00F,1W9DL31001461C,1ZMLH8300204F0,1Z6PH74DAP0QN7,DJI Pilot,Android,7.0.2,1EF72A62-B7C3-C88D-164E-CE6F8C8424AE,1ZN7L4R0H1D00F,1W9DL31001461C,,1ZMLH8300204F0,1W9DL31001461C,,,,,
2023-11-01,11:24:35.68 AM,0m 13.3s,13.3,33.8027782679986,-117.4659151770816,11.1,11.1,12.1,1275,9.2,0,2.062356,0,0,0,1.342164,-0.447388,0,2.1,-1.2,2.4,-135.9,224.1,,Tripod,Other,,20,5,True,,True,False,,Smart,RC,False,True,False,,,True,,False,False,False,False,False,False,False,False,False,False,0,Follow Yaw,-11,0,-144,216,False,False,False,False,False,,0,0,False,False,No Card,100,100,1024,1024,1283,1024,2,False,False,False,False,False,0,False,False,False,False,99,,48.348,,4936,,4986,,48.348,,True,4.035,4.035,4.035,4.035,4.035,4.035,4.035,4.035,4.035,4.035,4.035,4.035,0,,False,False,True,,,,,,,,,,,,,,,False,False,9.178,,76.1,,75.7,,77.0,,,38,1,12,7,100802.5,13440.34,,Idle,,20,,10,,,20,Go Home,False,False,False,False,False,False,False,False,False,False,False,False,33.8027920380556,-117.4659261431046,6.0,2972.0,1049.4,396.9,True,1,1,False,False,False,False,,True,False,False,Course Lock,196.8,67,16.4,93,E,SW,1.34,1.34,Calm,False,False,Android,7.0.2,M300 RTK,1ZN7L4R0H1D00F,1W9DL31001461C,1ZMLH8300204F0,1Z6PH74DAP0QN7,"Corona, CA",728.3,5.7,137.7,8.547347,2.013246,0,0,DJI Matrice 300 RTK,M300 RTK,1ZN7L4R0H1D00F,1W9DL31001461C,1ZMLH8300204F0,1Z6PH74DAP0QN7,DJI Pilot,Android,7.0.2,1EF72A62-B7C3-C88D-164E-CE6F8C8424AE,1ZN7L4R0H1D00F,1W9DL31001461C,,1ZMLH8300204F0,1W9DL31001461C,,,,,
2023-11-01,11:24:35.78 AM,0m 13.4s,13.4,33.8027783003458,-117.4659152292002,11.1,11.1,12.1,1275,9.2,0,2.062356,0,0,0,1.342164,-0.223694,0,2,-1.5,2.5,-135.9,224.1,,Tripod,Other,,20,5,True,,True,False,,Smart,RC,False,True,False,,,True,,False,False,False,False,False,False,False,False,False,False,0,Follow Yaw,-15.8,0,-144,216,False,False,False,False,False,,0,0,False,False,No Card,100,100,1024,1024,1288,1024,2,False,False,False,False,False,0,False,False,False,False,99,,48.348,,4936,,4986,,48.348,,True,4.035,4.035,4.035,4.035,4.035,4.035,4.035,4.035,4.035,4.035,4.035,4.035,0,,False,False,True,,,,,,,,,,,,,,,False,False,9.178,,76.1,,75.7,,77.0,,,38,1,12,7,100802.5,13440.34,,Idle,,20,,10,,,20,Go Home,False,False,False,False,False,False,False,False,False,False,False,False,33.8027920380556,-117.4659261431046,6.0,2972.0,1049.4,396.9,True,1,1,False,False,False,False,,True,False,False,Course Lock,196.8,67,16.4,93,E,SW,1.34,1.34,Calm,False,False,Android,7.0.2,M300 RTK,1ZN7L4R0H1D00F,1W9DL31001461C,1ZMLH8300204F0,1Z6PH74DAP0QN7,"Corona, CA",728.3,5.7,137.7,8.547347,2.013246,0,0,DJI Matrice 300 RTK,M300 RTK,1ZN7L4R0H1D00F,1W9DL31001461C,1ZMLH8300204F0,1Z6PH74DAP0QN7,DJI Pilot,Android,7.0.2,1EF72A62-B7C3-C88D-164E-CE6F8C8424AE,1ZN7L4R0H1D00F,1W9DL31001461C,,1ZMLH8300204F0,1W9DL31001461C,,,,,
2023-11-01,11:24:35.84 AM,0m 13.5s,13.5,33.8027783315966,-117.4659152780202,11.1,11.1,12.1,1275,9.2,0,2.062356,0,0,0,1.342164,-0.223694,0,1.9,-1.7,2.5,-135.8,224.2,,Tripod,Other,,20,5,True,,True,False,,Smart,RC,False,True,False,,,True,,False,False,False,False,False,False,False,False,False,False,0,Follow Yaw,-18.2,0,-144,216,False,False,False,False,False,,0,0,False,False,No Card,100,100,1024,1024,1290,1024,2,False,False,False,False,False,0,False,False,False,False,99,,48.348,,4936,,4986,,48.348,,True,4.035,4.035,4.035,4.035,4.035,4.035,4.035,4.035,4.035,4.035,4.035,4.035,0,,False,False,True,,,,,,,,,,,,,,,False,False,9.178,,76.1,,75.7,,77.0,,,38,1,12,7,100802.5,13440.34,,Idle,,20,,10,,,20,Go Home,False,False,False,False,False,False,False,False,False,False,False,False,33.8027920380556,-117.4659261431046,5.9,2972.0,1049.4,396.9,True,1,1,False,False,False,False,,True,False,False,Course Lock,196.8,67,16.4,93,E,SW,1.34,1.34,Calm,False,False,Android,7.0.2,M300 RTK,1ZN7L4R0H1D00F,1W9DL31001461C,1ZMLH8300204F0,1Z6PH74DAP0QN7,"Corona, CA",728.3,5.7,137.7,8.547347,2.013246,0,0,DJI Matrice 300 RTK,M300 RTK,1ZN7L4R0H1D00F,1W9DL31001461C,1ZMLH8300204F0,1Z6PH74DAP0QN7,DJI Pilot,Android,7.0.2,1EF72A62-B7C3-C88D-164E-CE6F8C8424AE,1ZN7L4R0H1D00F,1W9DL31001461C,,1ZMLH8300204F0,1W9DL31001461C,,,,,
2023-11-01,11:24:35.94 AM,0m 13.6s,13.6,33.8027783639438,-117.4659153307986,11.1,11.1,12.1,1275,9.2,0,2.062356,0,0,0,1.342164,-0.447388,0,1.9,-1.7,2.5,-135.8,224.2,,Tripod,Other,,20,5,True,,True,False,,Smart,RC,False,True,False,,,True,,False,False,False,False,False,False,False,False,False,False,0,Follow Yaw,-25.4,0,-144,216,False,False,False,False,False,,0,0,False,False,No Card,100,100,1024,1024,1290,1024,2,False,False,False,False,False,0,False,False,False,False,99,,48.348,,4936,,4986,,48.348,,True,4.035,4.035,4.035,4.035,4.035,4.035,4.035,4.035,4.035,4.035,4.035,4.035,0,,False,False,True,,,,,,,,,,,,,,,False,False,9.178,,76.1,,75.7,,77.0,,,38,1,12,7,100802.5,13440.34,,Idle,,20,,10,,,20,Go Home,False,False,False,False,False,False,False,False,False,False,False,False,33.8027920380556,-117.4659261431046,5.9,2972.0,1049.4,396.9,True,1,1,False,False,False,False,,True,False,False,Course Lock,196.8,67,16.4,93,E,SW,1.56,1.56,Calm,False,False,Android,7.0.2,M300 RTK,1ZN7L4R0H1D00F,1W9DL31001461C,1ZMLH8300204F0,1Z6PH74DAP0QN7,"Corona, CA",728.3,5.7,137.7,8.547347,2.013246,0,0,DJI Matrice 300 RTK,M300 RTK,1ZN7L4R0H1D00F,1W9DL31001461C,1ZMLH8300204F0,1Z6PH74DAP0QN7,DJI Pilot,Android,7.0.2,1EF72A62-B7C3-C88D-164E-CE6F8C8424AE,1ZN7L4R0H1D00F,1W9DL31001461C,,1ZMLH8300204F0,1W9DL31001461C,,,,,
2023-11-01,11:24:36.04 AM,0m 13.7s,13.7,33.8027783551717,-117.4659155280577,11.1,11.1,12.4,1275,9.3,0,2.062356,0,0,0,1.342164,-0.447388,0,2,-1.6,2.5,-135.7,224.3,,Tripod,Other,,20,5,True,,True,False,,Smart,RC,False,True,False,,,True,,False,False,False,False,False,False,False,False,False,False,0,Follow Yaw,-27.9,0,-144,216,False,False,False,False,False,,0,0,False,False,No Card,100,100,1024,1024,1298,1024,2,False,False,False,False,False,0,False,False,False,False,99,,48.348,,4936,,4986,,48.348,,True,4.035,4.035,4.035,4.035,4.035,4.035,4.035,4.035,4.035,4.035,4.035,4.035,0,,False,False,True,,,,,,,,,,,,,,,False,False,9.178,,76.1,,75.7,,77.0,,,38,1,12,7,100802.5,13440.34,,Idle,,20,,10,,,20,Go Home,False,False,False,False,False,False,False,False,False,False,False,False,33.8027920380556,-117.4659261431046,5.9,2972.0,1049.4,396.9,True,1,1,False,False,False,False,,True,False,False,Course Lock,196.8,67,16.4,93,E,SW,1.56,1.56,Calm,False,False,Android,7.0.2,M300 RTK,1ZN7L4R0H1D00F,1W9DL31001461C,1ZMLH8300204F0,1Z6PH74DAP0QN7,"Corona, CA",728.3,5.7,137.7,8.547347,2.013246,0,0,DJI Matrice 300 RTK,M300 RTK,1ZN7L4R0H1D00F,1W9DL31001461C,1ZMLH8300204F0,1Z6PH74DAP0QN7,DJI Pilot,Android,7.0.2,1EF72A62-B7C3-C88D-164E-CE6F8C8424AE,1ZN7L4R0H1D00F,1W9DL31001461C,,1ZMLH8300204F0,1W9DL31001461C,,,,,
2023-11-01,11:24:36.14 AM,0m 13.8s,13.8,33.8027783891637,-117.465915580836,11.4,11.4,12.4,1275,9.3,0,2.062356,0,0,0,1.342164,-0.447388,0,1.9,-1.5,2.4,-135.7,224.3,,Tripod,Other,,20,5,True,,True,False,,Smart,RC,False,True,False,,,True,,False,False,False,False,False,False,False,False,False,False,0,Follow Yaw,-35.3,0,-144,216,False,False,False,False,False,,0,0,False,False,No Card,100,100,1024,1024,1306,1024,2,False,False,False,False,False,0,False,False,False,False,99,,48.348,,4936,,4986,,48.348,,True,4.035,4.035,4.035,4.035,4.035,4.035,4.035,4.035,4.035,4.035,4.035,4.035,0,,False,False,True,,,,,,,,,,,,,,,False,False,9.178,,76.1,,75.7,,77.0,,,38,1,12,7,100802.5,13440.34,,Idle,,20,,10,,,20,Go Home,False,False,False,False,False,False,False,False,False,False,False,False,33.8027920380556,-117.4659261431046,5.9,2972.0,1049.4,396.9,True,1,1,False,False,False,False,,True,False,False,Course Lock,196.8,67,16.4,93,E,SW,1.56,1.56,Calm,False,False,Android,7.0.2,M300 RTK,1ZN7L4R0H1D00F,1W9DL31001461C,1ZMLH8300204F0,1Z6PH74DAP0QN7,"Corona, CA",728.3,5.7,137.7,8.547347,2.013246,0,0,DJI Matrice 300 RTK,M300 RTK,1ZN7L4R0H1D00F,1W9DL31001461C,1ZMLH8300204F0,1Z6PH74DAP0QN7,DJI Pilot,Android,7.0.2,1EF72A62-B7C3-C88D-164E-CE6F8C8424AE,1ZN7L4R0H1D00F,1W9DL31001461C,,1ZMLH8300204F0,1W9DL31001461C,,,,,
2023-11-01,11:24:36.24 AM,0m 13.9s,13.9,33.8027784796263,-117.4659155900722,11.4,11.4,12.4,1275,9.3,0,2.062356,0,0,0,1.342164,-0.447388,0,1.8,-1.6,2.4,-135.7,224.3,,Tripod,Other,,20,5,True,,True,False,,Smart,RC,False,True,False,,,True,,False,False,False,False,False,False,False,False,False,False,0,Follow Yaw,-40.1,0,-144,216,False,False,False,False,False,,0,0,False,False,No Card,100,100,1024,1024,1306,1024,2,False,False,False,False,False,0,False,False,False,False,99,,48.348,,4936,,4986,,48.348,,True,4.035,4.035,4.035,4.035,4.035,4.035,4.035,4.035,4.035,4.035,4.035,4.035,0,,False,False,True,,,,,,,,,,,,,,,False,False,9.178,,76.1,,75.7,,77.0,,,38,1,12,7,100802.5,13440.34,,Idle,,20,,10,,,20,Go Home,False,False,False,False,False,False,False,False,False,False,False,False,33.8027920380556,-117.4659261431046,5.8,2972.0,1049.4,396.9,True,1,1,False,False,False,False,,True,False,False,Course Lock,196.8,67,16.4,93,E,SW,1.56,1.56,Calm,False,False,Android,7.0.2,M300 RTK,1ZN7L4R0H1D00F,1W9DL31001461C,1ZMLH8300204F0,1Z6PH74DAP0QN7,"Corona, CA",728.3,5.7,137.7,8.547347,2.013246,0,0,DJI Matrice 300 RTK,M300 RTK,1ZN7L4R0H1D00F,1W9DL31001461C,1ZMLH8300204F0,1Z6PH74DAP0QN7,DJI Pilot,Android,7.0.2,1EF72A62-B7C3-C88D-164E-CE6F8C8424AE,1ZN7L4R0H1D00F,1W9DL31001461C,,1ZMLH8300204F0,1W9DL31001461C,,,,,
2023-11-01,11:24:36.34 AM,0m 14.0s,14.0,33.8027785229387,-117.4659156428506,11.4,11.4,12.4,1275,9.4,0,2.062356,0,0,0,1.342164,-0.447388,0,1.8,-1.9,2.6,-135.7,224.3,,Tripod,Other,,20,5,True,,True,False,,Smart,RC,False,True,False,,,True,,False,False,False,False,False,False,False,False,False,False,0,Follow Yaw,-44.9,0,-144,216,False,False,False,False,False,,0,0,False,False,No Card,100,100,1024,1024,1304,1024,2,False,False,False,False,False,0,False,False,False,False,99,,48.348,,9943,,10044,,48.348,,True,4.035,4.035,4.035,4.035,4.035,4.035,4.035,4.035,4.035,4.035,4.035,4.035,0,,False,False,True,,,,,,,,,,,,,,,False,False,18.652,,77.0,,75.7,,77.0,,,38,1,12,7,100802.5,13440.34,,Idle,,20,,10,,,20,Go Home,False,False,False,False,False,False,False,False,False,False,False,False,33.8027920380556,-117.4659261431046,5.8,2972.0,1049.4,396.9,True,1,1,False,False,False,False,,True,False,False,Course Lock,196.8,67,16.4,93,E,SW,1.56,1.56,Calm,False,False,Android,7.0.2,M300 RTK,1ZN7L4R0H1D00F,1W9DL31001461C,1ZMLH8300204F0,1Z6PH74DAP0QN7,"Corona, CA",728.3,5.7,137.7,8.547347,2.013246,0,0,DJI Matrice 300 RTK,M300 RTK,1ZN7L4R0H1D00F,1W9DL31001461C,1ZMLH8300204F0,1Z6PH74DAP0QN7,DJI Pilot,Android,7.0.2,1EF72A62-B7C3-C88D-164E-CE6F8C8424AE,1ZN7L4R0H1D00F,1W9DL31001461C,,1ZMLH8300204F0,1W9DL31001461C,,,,,
2023-11-01,11:24:36.44 AM,0m 14.1s,14.1,33.8027786144979,-117.4659158321929,11.4,11.4,12.7,1275,9.4,0,2.062356,0,0,0,1.342164,-0.447388,0,1.9,-2,2.7,-135.7,224.3,,Tripod,Other,,20,5,True,,True,False,,Smart,RC,False,True,False,,,True,,False,False,False,False,False,False,False,False,False,False,0,Follow Yaw,-49.8,0,-144,216,False,False,False,False,False,,0,0,False,False,No Card,100,100,1024,1024,1307,1024,2,False,False,False,False,False,0,False,False,False,False,99,,48.348,,9943,,10044,,48.348,,True,4.035,4.035,4.035,4.035,4.035,4.035,4.035,4.035,4.035,4.035,4.035,4.035,0,,False,False,True,,,,,,,,,,,,,,,False,False,18.652,,77.0,,75.7,,77.0,,,38,1,12,7,100802.5,13440.34,,Idle,,20,,10,,,20,Go Home,False,False,False,False,False,False,False,False,False,False,False,False,33.8027920380556,-117.4659261431046,5.8,2972.0,1049.4,396.9,True,1,1,False,False,False,False,,True,False,False,Course Lock,196.8,67,16.4,93,E,SW,1.56,1.56,Calm,False,False,Android,7.0.2,M300 RTK,1ZN7L4R0H1D00F,1W9DL31001461C,1ZMLH8300204F0,1Z6PH74DAP0QN7,"Corona, CA",728.3,5.7,137.7,8.547347,2.013246,0,0,DJI Matrice 300 RTK,M300 RTK,1ZN7L4R0H1D00F,1W9DL31001461C,1ZMLH8300204F0,1Z6PH74DAP0QN7,DJI Pilot,Android,7.0.2,1EF72A62-B7C3-C88D-164E-CE6F8C8424AE,1ZN7L4R0H1D00F,1W9DL31001461C,,1ZMLH8300204F0,1W9DL31001461C,,,,,
2023-11-01,11:24:36.54 AM,0m 14.2s,14.2,33.8027786473934,-117.4659158922283,11.4,11.4,12.7,1275,9.5,0,2.062356,0,0,0,1.342164,-0.447388,0,1.9,-1.8,2.6,-135.7,224.3,,Tripod,Other,,20,5,True,,True,False,,Smart,RC,False,True,False,,,True,,False,False,False,False,False,False,False,False,False,False,0,Follow Yaw,-54.8,0,-144,216,False,False,False,False,False,,0,0,False,False,No Card,100,100,1024,1024,1306,1024,2,False,False,False,False,False,0,False,False,False,False,99,,48.348,,9943,,10044,,48.348,,True,4.035,4.035,4.035,4.035,4.035,4.035,4.035,4.035,4.035,4.035,4.035,4.035,0,,False,False,True,,,,,,,,,,,,,,,False,False,18.652,,77.0,,75.7,,77.0,,,38,1,12,7,100802.5,13440.34,,Idle,,20,,10,,,20,Go Home,False,False,False,False,False,False,False,False,False,False,False,False,33.8027920380556,-117.4659261431046,5.7,2972.0,1049.4,396.9,True,1,1,False,False,False,False,,True,False,False,Course Lock,196.8,67,16.4,93,E,SW,1.56,1.56,Calm,False,False,Android,7.0.2,M300 RTK,1ZN7L4R0H1D00F,1W9DL31001461C,1ZMLH8300204F0,1Z6PH74DAP0QN7,"Corona, CA",728.3,5.7,137.7,8.547347,2.013246,0,0,DJI Matrice 300 RTK,M300 RTK,1ZN7L4R0H1D00F,1W9DL31001461C,1ZMLH8300204F0,1Z6PH74DAP0QN7,DJI Pilot,Android,7.0.2,1EF72A62-B7C3-C88D-164E-CE6F8C8424AE,1ZN7L4R0H1D00F,1W9DL31001461C,,1ZMLH8300204F0,1W9DL31001461C,,,,,
2023-11-01,11:24:36.64 AM,0m 14.3s,14.3,33.8027785415795,-117.4659160875082,11.8,11.8,12.7,1276,9.5,0,2.062356,0,0,0,1.342164,-0.447388,0,1.7,-1.5,2.2,-135.7,224.3,,Tripod,Other,,20,5,True,,True,False,,Smart,RC,False,True,False,,,True,,False,False,False,False,False,False,False,False,False,False,0,Follow Yaw,-59.7,0,-144,216,False,False,False,False,False,,0,0,False,False,No Card,100,100,1024,1024,1306,1024,2,False,False,False,False,False,0,False,False,False,False,99,,48.348,,9943,,10044,,48.348,,True,4.029,4.029,4.029,4.029,4.029,4.029,4.029,4.029,4.029,4.029,4.029,4.029,0,,False,False,True,,,,,,,,,,,,,,,False,False,18.652,,77.0,,75.7,,77.0,,,38,1,13,7,114317.7,15242.36,,Idle,,20,,10,,,20,Go Home,False,False,False,False,False,False,False,False,False,False,False,False,33.8027920380556,-117.4659261431046,5.7,2972.0,1049.4,396.9,True,1,1,False,False,False,False,,True,False,False,Course Lock,196.8,67,16.4,93,E,SW,1.56,1.56,Calm,False,False,Android,7.0.2,M300 RTK,1ZN7L4R0H1D00F,1W9DL31001461C,1ZMLH8300204F0,1Z6PH74DAP0QN7,"Corona, CA",728.3,5.7,137.7,8.547347,2.013246,0,0,DJI Matrice 300 RTK,M300 RTK,1ZN7L4R0H1D00F,1W9DL31001461C,1ZMLH8300204F0,1Z6PH74DAP0QN7,DJI Pilot,Android,7.0.2,1EF72A62-B7C3-C88D-164E-CE6F8C8424AE,1ZN7L4R0H1D00F,1W9DL31001461C,,1ZMLH8300204F0,1W9DL31001461C,,,,,
2023-11-01,11:24:36.74 AM,0m 14.4s,14.4,33.8027785629616,-117.4659161699744,11.8,11.8,13.1,1276,9.6,0,2.062356,0,0,0,1.342164,-0.447388,0,1.6,-1.5,2.1,-135.7,224.3,,Tripod,Other,,20,5,True,,True,False,,Smart,RC,False,True,False,,,True,,False,False,False,False,False,False,False,False,False,False,0,Follow Yaw,-64.5,0,-144,216,False,False,False,False,False,,0,0,False,False,No Card,100,100,1024,1024,1307,1024,2,False,False,False,False,False,0,False,False,False,False,99,,48.348,,9943,,10044,,48.348,,True,4.029,4.029,4.029,4.029,4.029,4.029,4.029,4.029,4.029,4.029,4.029,4.029,0,,False,False,True,,,,,,,,,,,,,,,False,False,18.652,,77.0,,75.7,,77.0,,,38,1,13,7,114317.7,15242.36,,Idle,,20,,10,,,20,Go Home,False,False,False,False,False,False,False,False,False,False,False,False,33.8027920380556,-117.4659261431046,5.7,2972.0,1049.4,396.9,True,1,1,False,False,False,False,,True,False,False,Course Lock,196.8,67,16.4,93,E,SW,1.56,1.56,Calm,False,False,Android,7.0.2,M300 RTK,1ZN7L4R0H1D00F,1W9DL31001461C,1ZMLH8300204F0,1Z6PH74DAP0QN7,"Corona, CA",728.3,5.7,137.7,8.547347,2.013246,0,0,DJI Matrice 300 RTK,M300 RTK,1ZN7L4R0H1D00F,1W9DL31001461C,1ZMLH8300204F0,1Z6PH74DAP0QN7,DJI Pilot,Android,7.0.2,1EF72A62-B7C3-C88D-164E-CE6F8C8424AE,1ZN7L4R0H1D00F,1W9DL31001461C,,1ZMLH8300204F0,1W9DL31001461C,,,,,
2023-11-01,11:24:36.84 AM,0m 14.5s,14.5,33.8027784796263,-117.4659163553584,11.8,11.8,13.1,1276,9.6,0,2.062356,0,0,0,1.342164,-0.447388,0,1.8,-1.7,2.4,-135.8,224.2,,Tripod,Other,,20,5,True,,True,False,,Smart,RC,False,True,False,,,True,,False,False,False,False,False,False,False,False,False,False,0,Follow Yaw,-69.3,0,-144,216,False,False,False,False,False,,0,0,False,False,No Card,100,100,1024,1024,1309,1024,2,False,False,False,False,False,0,False,False,False,False,99,,48.348,,9943,,10044,,48.348,,True,4.029,4.029,4.029,4.029,4.029,4.029,4.029,4.029,4.029,4.029,4.029,4.029,0,,False,False,True,,,,,,,,,,,,,,,False,False,18.652,,77.0,,75.7,,77.0,,,38,1,13,7,114317.7,15242.36,,Idle,,20,,10,,,20,Go Home,False,False,False,False,False,False,False,False,False,False,False,False,33.8027920380556,-117.4659261431046,5.7,2972.0,1049.4,396.9,True,1,1,False,False,False,False,,True,False,False,Course Lock,196.8,67,16.4,93,E,SW,1.78,1.78,Calm,False,False,Android,7.0.2,M300 RTK,1ZN7L4R0H1D00F,1W9DL31001461C,1ZMLH8300204F0,1Z6PH74DAP0QN7,"Corona, CA",728.3,5.7,137.7,8.547347,2.013246,0,0,DJI Matrice 300 RTK,M300 RTK,1ZN7L4R0H1D00F,1W9DL31001461C,1ZMLH8300204F0,1Z6PH74DAP0QN7,DJI Pilot,Android,7.0.2,1EF72A62-B7C3-C88D-164E-CE6F8C8424AE,1ZN7L4R0H1D00F,1W9DL31001461C,,1ZMLH8300204F0,1W9DL31001461C,,,,,
2023-11-01,11:24:36.94 AM,0m 14.6s,14.6,33.8027784905915,-117.4659164602554,12.1,12.1,13.1,1276,9.7,0,2.062356,0,0,0,1.342164,-0.447388,0,2.2,-1.9,2.9,-135.8,224.2,,Tripod,Other,,20,5,True,,True,False,,Smart,RC,False,True,False,,,True,,False,False,False,False,False,False,False,False,False,False,0,Follow Yaw,-74.2,0,-144,216,False,False,False,False,False,,0,0,False,False,No Card,100,100,1024,1024,1314,1024,2,False,False,False,False,False,0,False,False,False,False,99,,48.348,,9943,,10044,,48.348,,True,4.029,4.029,4.029,4.029,4.029,4.029,4.029,4.029,4.029,4.029,4.029,4.029,0,,False,False,True,,,,,,,,,,,,,,,False,False,18.652,,77.0,,75.7,,77.0,,,38,1,13,7,114317.7,15242.36,,Idle,,20,,10,,,20,Go Home,False,False,False,False,False,False,False,False,False,False,False,False,33.8027920380556,-117.4659261431046,5.7,2972.0,1049.4,396.9,True,1,1,False,False,False,False,,True,False,False,Course Lock,196.8,67,16.4,93,E,SW,1.78,1.78,Calm,False,False,Android,7.0.2,M300 RTK,1ZN7L4R0H1D00F,1W9DL31001461C,1ZMLH8300204F0,1Z6PH74DAP0QN7,"Corona, CA",728.3,5.7,137.7,8.547347,2.013246,0,0,DJI Matrice 300 RTK,M300 RTK,1ZN7L4R0H1D00F,1W9DL31001461C,1ZMLH8300204F0,1Z6PH74DAP0QN7,DJI Pilot,Android,7.0.2,1EF72A62-B7C3-C88D-164E-CE6F8C8424AE,1ZN7L4R0H1D00F,1W9DL31001461C,,1ZMLH8300204F0,1W9DL31001461C,,,,,
2023-11-01,11:24:37.04 AM,0m 14.7s,14.7,33.8027787685585,-117.4659165902221,12.1,12.1,13.1,1276,9.8,0,2.062356,0,0,0,1.342164,-0.447388,0,2.3,-2.2,3.1,-135.9,224.1,,Tripod,Other,,20,5,True,,True,False,,Smart,RC,False,True,False,,,True,,False,False,False,False,False,False,False,False,False,False,0,Follow Yaw,-79.2,0,-144,216,False,False,False,False,False,,0,0,False,False,No Card,100,100,1024,1024,1317,1024,2,False,False,False,False,False,0,False,False,False,False,99,,48.348,,4936,,4986,,48.348,,True,4.029,4.029,4.029,4.029,4.029,4.029,4.029,4.029,4.029,4.029,4.029,4.029,0,,False,False,True,,,,,,,,,,,,,,,False,False,9.038,,76.1,,75.7,,77.0,,,38,1,13,7,114317.7,15242.36,,Idle,,20,,10,,,20,Go Home,False,False,False,False,False,False,False,False,False,False,False,False,33.8027920380556,-117.4659261431046,5.6,2972.0,1049.4,396.9,True,1,1,False,False,False,False,,True,False,False,Course Lock,196.8,67,16.4,93,E,SW,1.78,1.78,Calm,False,False,Android,7.0.2,M300 RTK,1ZN7L4R0H1D00F,1W9DL31001461C,1ZMLH8300204F0,1Z6PH74DAP0QN7,"Corona, CA",728.3,5.7,137.7,8.547347,2.013246,0,0,DJI Matrice 300 RTK,M300 RTK,1ZN7L4R0H1D00F,1W9DL31001461C,1ZMLH8300204F0,1Z6PH74DAP0QN7,DJI Pilot,Android,7.0.2,1EF72A62-B7C3-C88D-164E-CE6F8C8424AE,1ZN7L4R0H1D00F,1W9DL31001461C,,1ZMLH8300204F0,1W9DL31001461C,,,,,
2023-11-01,11:24:37.12 AM,0m 14.8s,14.8,33.802778801454,-117.4659166832439,12.1,12.1,13.4,1276,9.8,0,2.062356,0,0,0,1.342164,-0.447388,0,2.1,-2.2,3,-135.8,224.2,,Tripod,Other,,20,5,True,,True,False,,Smart,RC,False,True,False,,,True,,False,False,False,False,False,False,False,False,False,False,0,Follow Yaw,-84,0,-144,216,False,False,False,False,False,,0,0,False,False,No Card,100,100,1024,1024,1295,1024,2,False,False,False,False,False,0,False,False,False,False,99,,48.348,,4936,,4986,,48.348,,True,4.029,4.029,4.029,4.029,4.029,4.029,4.029,4.029,4.029,4.029,4.029,4.029,0,,False,False,True,,,,,,,,,,,,,,,False,False,9.038,,76.1,,75.7,,77.0,,,38,1,13,7,114317.7,15242.36,,Idle,,20,,10,,,20,Go Home,False,False,False,False,False,False,False,False,False,False,False,False,33.8027920380556,-117.4659261431046,5.6,2972.0,1049.4,396.9,True,1,1,False,False,False,False,,True,False,False,Course Lock,196.8,67,16.4,93,E,SW,1.78,1.78,Calm,False,False,Android,7.0.2,M300 RTK,1ZN7L4R0H1D00F,1W9DL31001461C,1ZMLH8300204F0,1Z6PH74DAP0QN7,"Corona, CA",728.3,5.7,137.7,8.547347,2.013246,0,0,DJI Matrice 300 RTK,M300 RTK,1ZN7L4R0H1D00F,1W9DL31001461C,1ZMLH8300204F0,1Z6PH74DAP0QN7,DJI Pilot,Android,7.0.2,1EF72A62-B7C3-C88D-164E-CE6F8C8424AE,1ZN7L4R0H1D00F,1W9DL31001461C,,1ZMLH8300204F0,1W9DL31001461C,,,,,
2023-11-01,11:24:37.22 AM,0m 14.9s,14.9,33.8027788979474,-117.465916639042,12.1,12.1,13.4,1276,9.8,0,2.062356,0,0,0,1.342164,-0.671082,0,1.9,-2.2,2.9,-135.7,224.3,,Tripod,Other,,20,5,True,,True,False,,Smart,RC,False,True,False,,,True,,False,False,False,False,False,False,False,False,False,False,0,Follow Yaw,-88.4,0,-144,216,False,False,False,False,False,,0,0,False,False,No Card,100,100,1024,1024,1264,1024,2,False,False,False,False,False,0,False,False,False,False,99,,48.348,,4936,,4986,,48.348,,True,4.029,4.029,4.029,4.029,4.029,4.029,4.029,4.029,4.029,4.029,4.029,4.029,0,,False,False,True,,,,,,,,,,,,,,,False,False,9.038,,76.1,,75.7,,77.0,,,38,1,13,7,114317.7,15242.36,,Idle,,20,,10,,,20,Go Home,False,False,False,False,False,False,False,False,False,False,False,False,33.8027920380556,-117.4659261431046,5.5,2972.0,1049.4,396.9,True,1,1,False,False,False,False,,True,False,False,Course Lock,196.8,67,16.4,93,E,SW,1.78,1.78,Calm,False,False,Android,7.0.2,M300 RTK,1ZN7L4R0H1D00F,1W9DL31001461C,1ZMLH8300204F0,1Z6PH74DAP0QN7,"Corona, CA",728.3,5.7,137.7,8.547347,2.013246,0,0,DJI Matrice 300 RTK,M300 RTK,1ZN7L4R0H1D00F,1W9DL31001461C,1ZMLH8300204F0,1Z6PH74DAP0QN7,DJI Pilot,Android,7.0.2,1EF72A62-B7C3-C88D-164E-CE6F8C8424AE,1ZN7L4R0H1D00F,1W9DL31001461C,,1ZMLH8300204F0,1W9DL31001461C,,,,,
2023-11-01,11:24:37.34 AM,0m 15.0s,15.0,33.802778930843,-117.4659167129317,12.4,12.4,13.4,1276,9.9,0,2.062356,0,0,0,1.342164,-0.671082,0,2,-2.2,2.9,-135.7,224.3,,Tripod,Other,,20,5,True,,True,False,,Smart,RC,False,True,False,,,True,,False,False,False,False,False,False,False,False,False,False,0,Follow Yaw,-88.9,0,-144,216,False,False,False,False,False,,0,0,False,False,No Card,100,100,1024,1024,1259,1024,2,False,False,False,False,False,0,False,False,False,False,99,,48.348,,9943,,10044,,48.348,,True,4.029,4.029,4.029,4.029,4.029,4.029,4.029,4.029,4.029,4.029,4.029,4.029,0,,False,False,True,,,,,,,,,,,,,,,False,False,18.576,,77.0,,75.7,,77.0,,,38,1,13,7,114317.7,15242.36,,Idle,,20,,10,,,20,Go Home,False,False,False,False,False,False,False,False,False,False,False,False,33.8027920380556,-117.4659261431046,5.5,2972.0,1049.4,396.9,True,1,1,False,False,False,False,,True,False,False,Course Lock,196.8,67,16.4,93,E,SW,1.78,1.78,Calm,False,False,Android,7.0.2,M300 RTK,1ZN7L4R0H1D00F,1W9DL31001461C,1ZMLH8300204F0,1Z6PH74DAP0QN7,"Corona, CA",728.3,5.7,137.7,8.547347,2.013246,0,0,DJI Matrice 300 RTK,M300 RTK,1ZN7L4R0H1D00F,1W9DL31001461C,1ZMLH8300204F0,1Z6PH74DAP0QN7,DJI Pilot,Android,7.0.2,1EF72A62-B7C3-C88D-164E-CE6F8C8424AE,1ZN7L4R0H1D00F,1W9DL31001461C,,1ZMLH8300204F0,1W9DL31001461C,,,,,
2023-11-01,11:24:37.44 AM,0m 15.1s,15.1,33.8027786775476,-117.4659164714707,12.4,12.4,13.7,1276,10.0,0,2.062356,0,0,0,1.342164,-0.447388,0,2.2,-2.1,3,-135.6,224.4,,Tripod,Other,,20,5,True,,True,False,,Smart,RC,False,True,False,,,True,,False,False,False,False,False,False,False,False,False,False,0,Follow Yaw,-88.9,0,-144,216,False,False,False,False,False,,0,0,False,False,No Card,100,100,1024,1024,1262,1024,2,False,False,False,False,False,0,False,False,False,False,99,,48.348,,9943,,10044,,48.348,,True,4.029,4.029,4.029,4.029,4.029,4.029,4.029,4.029,4.029,4.029,4.029,4.029,0,,False,False,True,,,,,,,,,,,,,,,False,False,18.576,,77.0,,75.7,,77.0,,,38,1,13,7,114317.7,15242.36,,Idle,,20,,10,,,20,Go Home,False,False,False,False,False,False,False,False,False,False,False,False,33.8027920380556,-117.4659261431046,5.6,2972.0,1049.4,396.9,True,1,1,False,False,False,False,,True,False,False,Course Lock,196.8,67,16.4,93,E,SW,1.78,1.78,Calm,False,True,Android,7.0.2,M300 RTK,1ZN7L4R0H1D00F,1W9DL31001461C,1ZMLH8300204F0,1Z6PH74DAP0QN7,"Corona, CA",728.3,5.7,137.7,8.547347,2.013246,0,0,DJI Matrice 300 RTK,M300 RTK,1ZN7L4R0H1D00F,1W9DL31001461C,1ZMLH8300204F0,1Z6PH74DAP0QN7,DJI Pilot,Android,7.0.2,1EF72A62-B7C3-C88D-164E-CE6F8C8424AE,1ZN7L4R0H1D00F,1W9DL31001461C,,1ZMLH8300204F0,1W9DL31001461C,,,,,
2023-11-01,11:24:37.53 AM,0m 15.2s,15.2,33.8027786885128,-117.4659165117142,12.4,12.4,13.7,1276,10.0,0,2.062356,0,0,0,1.342164,-0.447388,0,2.3,-2,3,-135.7,224.3,,Tripod,Other,,20,5,True,,True,False,,Smart,RC,False,True,False,,,True,,False,False,False,False,False,False,False,False,False,False,0,Follow Yaw,-88.9,0,-144,216,False,False,False,False,False,,0,0,False,False,No Card,100,100,1024,1024,1258,1024,2,False,False,False,False,False,0,False,False,False,False,99,,48.348,,9943,,10044,,48.348,,True,4.029,4.029,4.029,4.029,4.029,4.029,4.029,4.029,4.029,4.029,4.029,4.029,0,,False,False,True,,,,,,,,,,,,,,,False,False,18.576,,77.0,,75.7,,77.0,,,38,1,13,7,114317.7,15242.36,,Idle,,20,,10,,,20,Go Home,False,False,False,False,False,False,False,False,False,False,False,False,33.8027920380556,-117.4659261431046,5.6,2972.0,1049.4,396.9,True,1,1,False,False,False,False,,True,False,False,Course Lock,196.8,67,16.4,93,E,SW,1.78,1.78,Calm,False,False,Android,7.0.2,M300 RTK,1ZN7L4R0H1D00F,1W9DL31001461C,1ZMLH8300204F0,1Z6PH74DAP0QN7,"Corona, CA",728.3,5.7,137.7,8.547347,2.013246,0,0,DJI Matrice 300 RTK,M300 RTK,1ZN7L4R0H1D00F,1W9DL31001461C,1ZMLH8300204F0,1Z6PH74DAP0QN7,DJI Pilot,Android,7.0.2,1EF72A62-B7C3-C88D-164E-CE6F8C8424AE,1ZN7L4R0H1D00F,1W9DL31001461C,,1ZMLH8300204F0,1W9DL31001461C,,,,,
2023-11-01,11:24:37.64 AM,0m 15.3s,15.3,33.8027789703176,-117.4659167010566,12.7,12.7,13.7,1277,10.1,0,2.062356,0,0,0,1.342164,-0.447388,0,2.2,-2.1,3,-135.7,224.3,,Tripod,Other,,20,5,True,,True,False,,Smart,RC,False,True,False,,,True,,False,False,False,False,False,False,False,False,False,False,0,Follow Yaw,-88.9,0,-144,216,False,False,False,False,False,,0,0,False,False,No Card,100,100,1024,1024,1226,1024,2,False,False,False,False,False,0,False,False,False,False,99,,48.348,,9943,,10044,,48.348,,True,4.03,4.03,4.03,4.03,4.03,4.03,4.03,4.03,4.03,4.03,4.03,4.03,0,,False,False,True,,,,,,,,,,,,,,,False,False,18.576,,77.0,,75.7,,77.0,,,38,1,13,7,125090.2,16678.70,,Idle,,20,,10,,,20,Go Home,False,False,False,False,False,False,False,False,False,False,False,False,33.8027920380556,-117.4659261431046,5.5,2972.0,1049.4,396.9,True,1,1,False,False,False,False,,True,False,False,Course Lock,196.8,67,16.4,93,E,SW,1.78,1.78,Calm,False,False,Android,7.0.2,M300 RTK,1ZN7L4R0H1D00F,1W9DL31001461C,1ZMLH8300204F0,1Z6PH74DAP0QN7,"Corona, CA",728.3,5.7,137.7,8.547347,2.013246,0,0,DJI Matrice 300 RTK,M300 RTK,1ZN7L4R0H1D00F,1W9DL31001461C,1ZMLH8300204F0,1Z6PH74DAP0QN7,DJI Pilot,Android,7.0.2,1EF72A62-B7C3-C88D-164E-CE6F8C8424AE,1ZN7L4R0H1D00F,1W9DL31001461C,,1ZMLH8300204F0,1W9DL31001461C,,,,,
2023-11-01,11:24:37.74 AM,0m 15.4s,15.4,33.8027789944409,-117.465916753835,12.7,12.7,13.7,1277,10.1,0,2.062356,0,0,0,1.342164,-0.447388,0,2.2,-2.1,3,-135.9,224.1,,Tripod,Other,,20,5,True,,True,False,,Smart,RC,False,True,False,,,True,,False,False,False,False,False,False,False,False,False,False,0,Follow Yaw,-88.9,0,-144,216,False,False,False,False,False,,0,0,False,False,No Card,100,100,1024,1024,1219,1024,2,False,False,False,False,False,0,False,False,False,False,99,,48.348,,9943,,10044,,48.348,,True,4.03,4.03,4.03,4.03,4.03,4.03,4.03,4.03,4.03,4.03,4.03,4.03,0,,False,False,True,,,,,,,,,,,,,,,False,False,18.576,,77.0,,75.7,,77.0,,,38,1,13,7,125090.2,16678.70,,Idle,,20,,10,,,20,Go Home,False,False,False,False,False,False,False,False,False,False,False,False,33.8027920380556,-117.4659261431046,5.5,2972.0,1049.4,396.9,True,1,1,False,False,False,False,,True,False,False,Course Lock,196.8,67,16.4,93,E,SW,1.78,1.78,Calm,False,False,Android,7.0.2,M300 RTK,1ZN7L4R0H1D00F,1W9DL31001461C,1ZMLH8300204F0,1Z6PH74DAP0QN7,"Corona, CA",728.3,5.7,137.7,8.547347,2.013246,0,0,DJI Matrice 300 RTK,M300 RTK,1ZN7L4R0H1D00F,1W9DL31001461C,1ZMLH8300204F0,1Z6PH74DAP0QN7,DJI Pilot,Android,7.0.2,1EF72A62-B7C3-C88D-164E-CE6F8C8424AE,1ZN7L4R0H1D00F,1W9DL31001461C,,1ZMLH8300204F0,1W9DL31001461C,,,,,
2023-11-01,11:24:37.85 AM,0m 15.5s,15.5,33.8027789067196,-117.4659167888006,12.7,12.7,13.7,1277,10.2,0,2.062356,0,0,0,1.342164,-0.447388,0,2.2,-1.9,2.9,-135.9,224.1,,Tripod,Other,,20,5,True,,True,False,,Smart,RC,False,True,False,,,True,,False,False,False,False,False,False,False,False,False,False,0,Follow Yaw,-88.9,0,-144,216,False,False,False,False,False,,0,0,False,False,No Card,100,100,1024,1024,1284,1024,2,False,False,False,False,False,0,False,False,False,False,99,,48.348,,9943,,10044,,48.348,,True,4.03,4.03,4.03,4.03,4.03,4.03,4.03,4.03,4.03,4.03,4.03,4.03,0,,False,False,True,,,,,,,,,,,,,,,False,False,18.576,,77.0,,75.7,,77.0,,,38,1,13,7,125090.2,16678.70,,Idle,,20,,10,,,20,Go Home,False,False,False,False,False,False,False,False,False,False,False,False,33.8027920380556,-117.4659261431046,5.5,2972.0,1049.4,396.9,True,1,1,False,False,False,False,,True,False,False,Course Lock,196.8,67,16.4,93,E,SW,2.01,2.01,Calm,False,False,Android,7.0.2,M300 RTK,1ZN7L4R0H1D00F,1W9DL31001461C,1ZMLH8300204F0,1Z6PH74DAP0QN7,"Corona, CA",728.3,5.7,137.7,8.547347,2.013246,0,0,DJI Matrice 300 RTK,M300 RTK,1ZN7L4R0H1D00F,1W9DL31001461C,1ZMLH8300204F0,1Z6PH74DAP0QN7,DJI Pilot,Android,7.0.2,1EF72A62-B7C3-C88D-164E-CE6F8C8424AE,1ZN7L4R0H1D00F,1W9DL31001461C,,1ZMLH8300204F0,1W9DL31001461C,,,,,
2023-11-01,11:24:37.94 AM,0m 15.6s,15.6,33.8027789176848,-117.465916841579,12.7,12.7,14.1,1277,10.2,0,2.062356,0,0,0,1.342164,-0.447388,0,2.2,-1.7,2.7,-136,224,,Tripod,Other,,20,5,True,,True,False,,Smart,RC,False,True,False,,,True,,False,False,False,False,False,False,False,False,False,False,0,Follow Yaw,-88.9,0,-144,216,False,False,False,False,False,,0,0,False,False,No Card,100,100,1024,1024,1163,1024,2,False,False,False,False,False,0,False,False,False,False,99,,48.348,,9943,,10044,,48.348,,True,4.03,4.03,4.03,4.03,4.03,4.03,4.03,4.03,4.03,4.03,4.03,4.03,0,,False,False,True,,,,,,,,,,,,,,,False,False,18.576,,77.0,,75.7,,77.0,,,38,1,13,7,125090.2,16678.70,,Idle,,20,,10,,,20,Go Home,False,False,False,False,False,False,False,False,False,False,False,False,33.8027920380556,-117.4659261431046,5.5,2972.0,1049.4,396.9,True,1,1,False,False,False,False,,True,False,False,Course Lock,196.8,67,16.4,93,E,SW,2.01,2.01,Calm,False,False,Android,7.0.2,M300 RTK,1ZN7L4R0H1D00F,1W9DL31001461C,1ZMLH8300204F0,1Z6PH74DAP0QN7,"Corona, CA",728.3,5.7,137.7,8.547347,2.013246,0,0,DJI Matrice 300 RTK,M300 RTK,1ZN7L4R0H1D00F,1W9DL31001461C,1ZMLH8300204F0,1Z6PH74DAP0QN7,DJI Pilot,Android,7.0.2,1EF72A62-B7C3-C88D-164E-CE6F8C8424AE,1ZN7L4R0H1D00F,1W9DL31001461C,,1ZMLH8300204F0,1W9DL31001461C,,,,,
2023-11-01,11:24:38.05 AM,0m 15.7s,15.7,33.8027790234986,-117.4659170322408,12.7,12.7,14.1,1277,10.2,0,2.062356,0,0,0,1.342164,-0.447388,0,2.3,-1.8,2.9,-136.1,223.9,,Tripod,Other,,20,5,True,,True,False,,Smart,RC,False,True,False,,,True,,False,False,False,False,False,False,False,False,False,False,0,Follow Yaw,-88.9,0,-144,216,False,False,False,False,False,,0,0,False,False,No Card,100,100,1024,1024,1024,1024,2,False,False,False,False,False,0,False,False,False,False,99,,48.348,,9943,,10044,,48.348,,True,4.03,4.03,4.03,4.03,4.03,4.03,4.03,4.03,4.03,4.03,4.03,4.03,0,,False,False,True,,,,,,,,,,,,,,,False,False,18.576,,77.0,,75.7,,77.0,,,38,1,13,7,125090.2,16678.70,,Idle,,20,,10,,,20,Go Home,False,False,False,False,False,False,False,False,False,False,False,False,33.8027920380556,-117.4659261431046,5.4,2972.0,1049.4,396.9,True,1,1,False,False,False,False,,True,False,False,Course Lock,196.8,67,16.4,93,E,SW,2.01,2.01,Calm,False,False,Android,7.0.2,M300 RTK,1ZN7L4R0H1D00F,1W9DL31001461C,1ZMLH8300204F0,1Z6PH74DAP0QN7,"Corona, CA",728.3,5.7,137.7,8.547347,2.013246,0,0,DJI Matrice 300 RTK,M300 RTK,1ZN7L4R0H1D00F,1W9DL31001461C,1ZMLH8300204F0,1Z6PH74DAP0QN7,DJI Pilot,Android,7.0.2,1EF72A62-B7C3-C88D-164E-CE6F8C8424AE,1ZN7L4R0H1D00F,1W9DL31001461C,,1ZMLH8300204F0,1W9DL31001461C,,,,,
2023-11-01,11:24:38.16 AM,0m 15.8s,15.8,33.802779045429,-117.4659170982137,13.1,13.1,14.1,1277,10.3,0,2.062356,0,0,0,1.342164,-0.447388,0,2.4,-2,3.1,-136.1,223.9,,Tripod,Other,,20,5,True,,True,False,,Smart,RC,False,True,False,,,True,,False,False,False,False,False,False,False,False,False,False,0,Follow Yaw,-88.9,0,-144,216,False,False,False,False,False,,0,0,False,False,No Card,100,100,1024,1024,1024,1024,2,False,False,False,False,False,0,False,False,False,False,99,,48.348,,9943,,10044,,48.348,,True,4.03,4.03,4.03,4.03,4.03,4.03,4.03,4.03,4.03,4.03,4.03,4.03,0,,False,False,True,,,,,,,,,,,,,,,False,False,18.576,,77.0,,75.7,,77.0,,,38,1,13,7,125090.2,16678.70,,Idle,,20,,10,,,20,Go Home,False,False,False,False,False,False,False,False,False,False,False,False,33.8027920380556,-117.4659261431046,5.4,2972.0,1049.4,396.9,True,1,1,False,False,False,False,,True,False,False,Course Lock,196.8,67,16.4,93,E,SW,2.01,2.01,Calm,False,False,Android,7.0.2,M300 RTK,1ZN7L4R0H1D00F,1W9DL31001461C,1ZMLH8300204F0,1Z6PH74DAP0QN7,"Corona, CA",728.3,5.7,137.7,8.547347,2.013246,0,0,DJI Matrice 300 RTK,M300 RTK,1ZN7L4R0H1D00F,1W9DL31001461C,1ZMLH8300204F0,1Z6PH74DAP0QN7,DJI Pilot,Android,7.0.2,1EF72A62-B7C3-C88D-164E-CE6F8C8424AE,1ZN7L4R0H1D00F,1W9DL31001461C,,1ZMLH8300204F0,1W9DL31001461C,,,,,
2023-11-01,11:24:38.26 AM,0m 15.9s,15.9,33.80277900102,-117.4659171087693,13.1,13.1,14.1,1277,10.3,0,2.062356,0,0,0,1.342164,-0.223694,0,2.4,-2,3.1,-136.2,223.8,,Tripod,Other,,20,5,True,,True,False,,Smart,RC,False,True,False,,,True,,False,False,False,False,False,False,False,False,False,False,0,Follow Yaw,-88.9,0,-144,216,False,False,False,False,False,,0,0,False,False,No Card,100,100,1024,1024,1024,1024,2,False,False,False,False,False,0,False,False,False,False,99,,48.348,,9943,,10044,,48.348,,True,4.03,4.03,4.03,4.03,4.03,4.03,4.03,4.03,4.03,4.03,4.03,4.03,0,,False,False,True,,,,,,,,,,,,,,,False,False,18.576,,77.0,,75.7,,77.0,,,38,1,13,7,125090.2,16678.70,,Idle,,20,,10,,,20,Go Home,False,False,False,False,False,False,False,False,False,False,False,False,33.8027920380556,-117.4659261431046,5.4,2972.0,1049.4,396.9,True,1,1,False,False,False,False,,True,False,False,Course Lock,196.8,67,16.4,93,E,SW,2.01,2.01,Calm,False,False,Android,7.0.2,M300 RTK,1ZN7L4R0H1D00F,1W9DL31001461C,1ZMLH8300204F0,1Z6PH74DAP0QN7,"Corona, CA",728.3,5.7,137.7,8.547347,2.013246,0,0,DJI Matrice 300 RTK,M300 RTK,1ZN7L4R0H1D00F,1W9DL31001461C,1ZMLH8300204F0,1Z6PH74DAP0QN7,DJI Pilot,Android,7.0.2,1EF72A62-B7C3-C88D-164E-CE6F8C8424AE,1ZN7L4R0H1D00F,1W9DL31001461C,,1ZMLH8300204F0,1W9DL31001461C,,,,,
2023-11-01,11:24:38.37 AM,0m 16.0s,16.0,33.8027790218538,-117.465917160888,13.1,13.1,14.1,1277,10.3,0,2.062356,0,0,0,1.342164,-0.223694,0,2.4,-2,3.1,-136.2,223.8,,Tripod,Other,,20,5,True,,True,False,,Smart,RC,False,True,False,,,True,,False,False,False,False,False,False,False,False,False,False,0,Follow Yaw,-88.9,0,-144,216,False,False,False,False,False,,0,0,False,False,No Card,100,100,1024,1024,1024,1024,2,False,False,False,False,False,0,False,False,False,False,99,,48.42,,4936,,4986,,48.42,,True,4.03,4.03,4.03,4.03,4.03,4.03,4.03,4.03,4.03,4.03,4.03,4.03,0,,False,False,True,,,,,,,,,,,,,,,False,False,9.588,,76.1,,75.7,,77.0,,,38,1,13,7,125090.2,16678.70,,Idle,,20,,10,,,20,Go Home,False,False,False,False,False,False,False,False,False,False,False,False,33.8027920380556,-117.4659261431046,5.4,2972.0,1049.4,396.9,True,1,1,False,False,False,False,,True,False,False,Course Lock,196.8,67,16.4,93,E,SW,2.01,2.01,Calm,False,False,Android,7.0.2,M300 RTK,1ZN7L4R0H1D00F,1W9DL31001461C,1ZMLH8300204F0,1Z6PH74DAP0QN7,"Corona, CA",728.3,5.7,137.7,8.547347,2.013246,0,0,DJI Matrice 300 RTK,M300 RTK,1ZN7L4R0H1D00F,1W9DL31001461C,1ZMLH8300204F0,1Z6PH74DAP0QN7,DJI Pilot,Android,7.0.2,1EF72A62-B7C3-C88D-164E-CE6F8C8424AE,1ZN7L4R0H1D00F,1W9DL31001461C,,1ZMLH8300204F0,1W9DL31001461C,,,,,
2023-11-01,11:24:38.47 AM,0m 16.1s,16.1,33.8027790043096,-117.4659170018932,13.1,13.1,14.4,1277,10.3,0,2.062356,0,0,0,1.342164,0,0,2.3,-2.1,3.1,-136.2,223.8,,Tripod,Other,,20,5,True,,True,False,,Smart,RC,False,True,False,,,True,,False,False,False,False,False,False,False,False,False,False,0,Follow Yaw,-88.9,0,-144,216,False,False,False,False,False,,0,0,False,False,No Card,100,100,1024,1024,1024,1024,2,False,False,False,False,False,0,False,False,False,False,99,,48.42,,4936,,4986,,48.42,,True,4.03,4.03,4.03,4.03,4.03,4.03,4.03,4.03,4.03,4.03,4.03,4.03,0,,False,False,True,,,,,,,,,,,,,,,False,False,9.588,,76.1,,75.7,,77.0,,,38,1,13,7,125090.2,16678.70,,Idle,,20,,10,,,20,Go Home,False,False,False,False,False,False,False,False,False,False,False,False,33.8027920380556,-117.4659261431046,5.5,2972.0,1049.4,396.9,True,1,1,False,False,False,False,,True,False,False,Course Lock,196.8,67,16.4,93,E,SW,2.01,2.01,Calm,False,True,Android,7.0.2,M300 RTK,1ZN7L4R0H1D00F,1W9DL31001461C,1ZMLH8300204F0,1Z6PH74DAP0QN7,"Corona, CA",728.3,5.7,137.7,8.547347,2.013246,0,0,DJI Matrice 300 RTK,M300 RTK,1ZN7L4R0H1D00F,1W9DL31001461C,1ZMLH8300204F0,1Z6PH74DAP0QN7,DJI Pilot,Android,7.0.2,1EF72A62-B7C3-C88D-164E-CE6F8C8424AE,1ZN7L4R0H1D00F,1W9DL31001461C,,1ZMLH8300204F0,1W9DL31001461C,,,,,
2023-11-01,11:24:38.57 AM,0m 16.2s,16.2,33.8027790256916,-117.4659170329004,13.1,13.1,14.4,1277,10.4,0,2.062356,0,0,0,1.342164,0,0,2.4,-2.3,3.3,-136.1,223.9,,Tripod,Other,,20,5,True,,True,False,,Smart,RC,False,True,False,,,True,,False,False,False,False,False,False,False,False,False,False,0,Follow Yaw,-88.9,0,-144,216,False,False,False,False,False,,0,0,False,False,No Card,100,100,1024,1024,1024,1024,2,False,False,False,False,False,0,False,False,False,False,99,,48.42,,4936,,4986,,48.42,,True,4.03,4.03,4.03,4.03,4.03,4.03,4.03,4.03,4.03,4.03,4.03,4.03,0,,False,False,True,,,,,,,,,,,,,,,False,False,9.588,,76.1,,75.7,,77.0,,,38,1,13,7,125090.2,16678.70,,Idle,,20,,10,,,20,Go Home,False,False,False,False,False,False,False,False,False,False,False,False,33.8027920380556,-117.4659261431046,5.4,2972.0,1049.4,396.9,True,1,1,False,False,False,False,,True,False,False,Course Lock,196.8,67,16.4,93,E,SW,2.01,2.01,Calm,False,False,Android,7.0.2,M300 RTK,1ZN7L4R0H1D00F,1W9DL31001461C,1ZMLH8300204F0,1Z6PH74DAP0QN7,"Corona, CA",728.3,5.7,137.7,8.547347,2.013246,0,0,DJI Matrice 300 RTK,M300 RTK,1ZN7L4R0H1D00F,1W9DL31001461C,1ZMLH8300204F0,1Z6PH74DAP0QN7,DJI Pilot,Android,7.0.2,1EF72A62-B7C3-C88D-164E-CE6F8C8424AE,1ZN7L4R0H1D00F,1W9DL31001461C,,1ZMLH8300204F0,1W9DL31001461C,,,,,
2023-11-01,11:24:38.64 AM,0m 16.3s,16.3,33.8027788475077,-117.4659169108505,13.1,13.1,14.4,1277,10.4,0,2.062356,0,0,0,1.342164,0,0,2.4,-2.3,3.3,-136,224,,Tripod,Other,,20,5,True,,True,False,,Smart,RC,False,True,False,,,True,,False,False,False,False,False,False,False,False,False,False,0,Follow Yaw,-88.9,0,-144,216,False,False,False,False,False,,0,0,False,False,No Card,100,100,1024,1024,1024,1024,2,False,False,False,False,False,0,False,False,False,False,99,,48.42,,4936,,4986,,48.42,,True,4.035,4.035,4.035,4.035,4.035,4.035,4.035,4.035,4.035,4.035,4.035,4.035,0,,False,False,True,,,,,,,,,,,,,,,False,False,9.588,,76.1,,75.7,,77.0,,,38,1,13,7,133303.2,17773.76,,Idle,,20,,10,,,20,Go Home,False,False,False,False,False,False,False,False,False,False,False,False,33.8027920380556,-117.4659261431046,5.5,2972.0,1049.4,396.9,True,1,1,False,False,False,False,,True,False,False,Course Lock,196.8,67,16.4,93,E,SW,2.23,2.23,Calm,False,True,Android,7.0.2,M300 RTK,1ZN7L4R0H1D00F,1W9DL31001461C,1ZMLH8300204F0,1Z6PH74DAP0QN7,"Corona, CA",728.3,5.7,137.7,8.547347,2.013246,0,0,DJI Matrice 300 RTK,M300 RTK,1ZN7L4R0H1D00F,1W9DL31001461C,1ZMLH8300204F0,1Z6PH74DAP0QN7,DJI Pilot,Android,7.0.2,1EF72A62-B7C3-C88D-164E-CE6F8C8424AE,1ZN7L4R0H1D00F,1W9DL31001461C,,1ZMLH8300204F0,1W9DL31001461C,,,,,
2023-11-01,11:24:38.74 AM,0m 16.4s,16.4,33.8027788584728,-117.465916916788,13.1,13.1,14.4,1277,10.4,0,2.062356,0,0,0,1.342164,0,0,2.3,-2.1,3.1,-135.9,224.1,,Tripod,Other,,20,5,True,,True,False,,Smart,RC,False,True,False,,,True,,False,False,False,False,False,False,False,False,False,False,0,Follow Yaw,-88.9,0,-144,216,False,False,False,False,False,,0,0,False,False,No Card,100,100,1024,1024,1024,1024,2,False,False,False,False,False,0,False,False,False,False,99,,48.42,,4936,,4986,,48.42,,True,4.035,4.035,4.035,4.035,4.035,4.035,4.035,4.035,4.035,4.035,4.035,4.035,0,,False,False,True,,,,,,,,,,,,,,,False,False,9.588,,76.1,,75.7,,77.0,,,38,1,13,7,133303.2,17773.76,,Idle,,20,,10,,,20,Go Home,False,False,False,False,False,False,False,False,False,False,False,False,33.8027920380556,-117.4659261431046,5.5,2972.0,1049.4,396.9,True,1,1,False,False,False,False,,True,False,False,Course Lock,196.8,67,16.4,93,E,SW,2.23,2.23,Calm,False,False,Android,7.0.2,M300 RTK,1ZN7L4R0H1D00F,1W9DL31001461C,1ZMLH8300204F0,1Z6PH74DAP0QN7,"Corona, CA",728.3,5.7,137.7,8.547347,2.013246,0,0,DJI Matrice 300 RTK,M300 RTK,1ZN7L4R0H1D00F,1W9DL31001461C,1ZMLH8300204F0,1Z6PH74DAP0QN7,DJI Pilot,Android,7.0.2,1EF72A62-B7C3-C88D-164E-CE6F8C8424AE,1ZN7L4R0H1D00F,1W9DL31001461C,,1ZMLH8300204F0,1W9DL31001461C,,,,,
2023-11-01,11:24:38.84 AM,0m 16.5s,16.5,33.8027788573763,-117.4659169933166,13.1,13.1,14.4,1277,10.5,0,2.062356,0,0,0,1.342164,0,0,2.3,-2.1,3.1,-135.9,224.1,,Tripod,Other,,20,5,True,,True,False,,Smart,RC,False,True,False,,,True,,False,False,False,False,False,False,False,False,False,False,0,Follow Yaw,-88.9,0,-144,216,False,False,False,False,False,,0,0,False,False,No Card,100,100,1024,1024,1024,1024,2,False,False,False,False,False,0,False,False,False,False,99,,48.42,,4936,,4986,,48.42,,True,4.035,4.035,4.035,4.035,4.035,4.035,4.035,4.035,4.035,4.035,4.035,4.035,0,,False,False,True,,,,,,,,,,,,,,,False,False,9.588,,76.1,,75.7,,77.0,,,38,1,13,7,133303.2,17773.76,,Idle,,20,,10,,,20,Go Home,False,False,False,False,False,False,False,False,False,False,False,False,33.8027920380556,-117.4659261431046,5.5,2972.0,1049.4,396.9,True,1,1,False,False,False,False,,True,False,False,Course Lock,196.8,67,16.4,93,E,SW,2.23,2.23,Calm,False,False,Android,7.0.2,M300 RTK,1ZN7L4R0H1D00F,1W9DL31001461C,1ZMLH8300204F0,1Z6PH74DAP0QN7,"Corona, CA",728.3,5.7,137.7,8.547347,2.013246,0,0,DJI Matrice 300 RTK,M300 RTK,1ZN7L4R0H1D00F,1W9DL31001461C,1ZMLH8300204F0,1Z6PH74DAP0QN7,DJI Pilot,Android,7.0.2,1EF72A62-B7C3-C88D-164E-CE6F8C8424AE,1ZN7L4R0H1D00F,1W9DL31001461C,,1ZMLH8300204F0,1W9DL31001461C,,,,,
2023-11-01,11:24:38.94 AM,0m 16.6s,16.6,33.8027788683415,-117.465916994636,13.1,13.1,14.4,1277,10.5,0,2.062356,0,0,0,1.342164,0,0,2.3,-2.1,3.1,-135.9,224.1,,Tripod,Other,,20,5,True,,True,False,,Smart,RC,False,True,False,,,True,,False,False,False,False,False,False,False,False,False,False,0,Follow Yaw,-88.9,0,-144,216,False,False,False,False,False,,0,0,False,False,No Card,100,100,1024,1024,1024,1024,2,False,False,False,False,False,0,False,False,False,False,99,,48.42,,4936,,4986,,48.42,,True,4.035,4.035,4.035,4.035,4.035,4.035,4.035,4.035,4.035,4.035,4.035,4.035,0,,False,False,True,,,,,,,,,,,,,,,False,False,9.588,,76.1,,75.7,,77.0,,,38,1,13,7,133303.2,17773.76,,Idle,,20,,10,,,20,Go Home,False,False,False,False,False,False,False,False,False,False,False,False,33.8027920380556,-117.4659261431046,5.5,2972.0,1049.4,396.9,True,1,1,False,False,False,False,,True,False,False,Course Lock,196.8,67,16.4,93,E,SW,2.23,2.23,Calm,False,False,Android,7.0.2,M300 RTK,1ZN7L4R0H1D00F,1W9DL31001461C,1ZMLH8300204F0,1Z6PH74DAP0QN7,"Corona, CA",728.3,5.7,137.7,8.547347,2.013246,0,0,DJI Matrice 300 RTK,M300 RTK,1ZN7L4R0H1D00F,1W9DL31001461C,1ZMLH8300204F0,1Z6PH74DAP0QN7,DJI Pilot,Android,7.0.2,1EF72A62-B7C3-C88D-164E-CE6F8C8424AE,1ZN7L4R0H1D00F,1W9DL31001461C,,1ZMLH8300204F0,1W9DL31001461C,,,,,
2023-11-01,11:24:39.04 AM,0m 16.7s,16.7,33.8027790218538,-117.4659169359201,13.1,13.1,14.4,1277,10.5,0,2.062356,0,0,0,1.342164,0,0,2.1,-1.9,2.8,-135.9,224.1,,Tripod,Other,,20,5,True,,True,False,,Smart,RC,False,True,False,,,True,,False,False,False,False,False,False,False,False,False,False,0,Follow Yaw,-88.9,0,-144,216,False,False,False,False,False,,0,0,False,False,No Card,100,100,1024,1024,1024,1024,2,False,False,False,False,False,0,False,False,False,False,99,,48.42,,4936,,4986,,48.42,,True,4.035,4.035,4.035,4.035,4.035,4.035,4.035,4.035,4.035,4.035,4.035,4.035,0,,False,False,True,,,,,,,,,,,,,,,False,False,9.588,,76.1,,75.7,,77.0,,,38,1,13,7,133303.2,17773.76,,Idle,,20,,10,,,20,Go Home,False,False,False,False,False,False,False,False,False,False,False,False,33.8027920380556,-117.4659261431046,5.5,2972.0,1049.4,396.9,True,1,1,False,False,False,False,,True,False,False,Course Lock,196.8,67,16.4,93,E,SW,2.23,2.23,Calm,False,False,Android,7.0.2,M300 RTK,1ZN7L4R0H1D00F,1W9DL31001461C,1ZMLH8300204F0,1Z6PH74DAP0QN7,"Corona, CA",728.3,5.7,137.7,8.547347,2.013246,0,0,DJI Matrice 300 RTK,M300 RTK,1ZN7L4R0H1D00F,1W9DL31001461C,1ZMLH8300204F0,1Z6PH74DAP0QN7,DJI Pilot,Android,7.0.2,1EF72A62-B7C3-C88D-164E-CE6F8C8424AE,1ZN7L4R0H1D00F,1W9DL31001461C,,1ZMLH8300204F0,1W9DL31001461C,,,,,
2023-11-01,11:24:39.14 AM,0m 16.8s,16.8,33.8027790437842,-117.4659169266839,13.1,13.1,14.4,1277,10.5,0,2.062356,0,0,0,1.342164,0,0,1.9,-1.8,2.6,-135.9,224.1,,Tripod,Other,,20,5,True,,True,False,,Smart,RC,False,True,False,,,True,,False,False,False,False,False,False,False,False,False,False,0,Follow Yaw,-88.9,0,-144,216,False,False,False,False,False,,0,0,False,False,No Card,100,100,1024,1024,1024,1024,2,False,False,False,False,False,0,False,False,False,False,99,,48.42,,4936,,4986,,48.42,,True,4.035,4.035,4.035,4.035,4.035,4.035,4.035,4.035,4.035,4.035,4.035,4.035,0,,False,False,True,,,,,,,,,,,,,,,False,False,9.588,,76.1,,75.7,,77.0,,,38,1,13,7,133303.2,17773.76,,Idle,,20,,10,,,20,Go Home,False,False,False,False,False,False,False,False,False,False,False,False,33.8027920380556,-117.4659261431046,5.5,2972.0,1049.4,396.9,True,1,1,False,False,False,False,,True,False,False,Course Lock,196.8,67,16.4,93,E,SW,2.23,2.23,Calm,False,False,Android,7.0.2,M300 RTK,1ZN7L4R0H1D00F,1W9DL31001461C,1ZMLH8300204F0,1Z6PH74DAP0QN7,"Corona, CA",728.3,5.7,137.7,8.547347,2.013246,0,0,DJI Matrice 300 RTK,M300 RTK,1ZN7L4R0H1D00F,1W9DL31001461C,1ZMLH8300204F0,1Z6PH74DAP0QN7,DJI Pilot,Android,7.0.2,1EF72A62-B7C3-C88D-164E-CE6F8C8424AE,1ZN7L4R0H1D00F,1W9DL31001461C,,1ZMLH8300204F0,1W9DL31001461C,,,,,
2023-11-01,11:24:39.24 AM,0m 16.9s,16.9,33.802778835446,-117.465916914149,13.1,13.1,14.4,1277,10.6,0,2.062356,0,0,0,1.342164,0,0,1.9,-1.9,2.6,-135.9,224.1,,Tripod,Other,,20,5,True,,True,False,,Smart,RC,False,True,False,,,True,,False,False,False,False,False,False,False,False,False,False,0,Follow Yaw,-88.9,0,-144,216,False,False,False,False,False,,0,0,False,False,No Card,100,100,1024,1024,1024,1024,2,False,False,False,False,False,0,False,False,False,False,99,,48.42,,4936,,4986,,48.42,,True,4.035,4.035,4.035,4.035,4.035,4.035,4.035,4.035,4.035,4.035,4.035,4.035,0,,False,False,True,,,,,,,,,,,,,,,False,False,9.588,,76.1,,75.7,,77.0,,,38,1,13,7,133303.2,17773.76,,Idle,,20,,10,,,20,Go Home,False,False,False,False,False,False,False,False,False,False,False,False,33.8027920380556,-117.4659261431046,5.5,2972.0,1049.4,396.9,True,1,1,False,False,False,False,,True,False,False,Course Lock,196.8,67,16.4,93,E,SW,2.23,2.23,Calm,False,False,Android,7.0.2,M300 RTK,1ZN7L4R0H1D00F,1W9DL31001461C,1ZMLH8300204F0,1Z6PH74DAP0QN7,"Corona, CA",728.3,5.7,137.7,8.547347,2.013246,0,0,DJI Matrice 300 RTK,M300 RTK,1ZN7L4R0H1D00F,1W9DL31001461C,1ZMLH8300204F0,1Z6PH74DAP0QN7,DJI Pilot,Android,7.0.2,1EF72A62-B7C3-C88D-164E-CE6F8C8424AE,1ZN7L4R0H1D00F,1W9DL31001461C,,1ZMLH8300204F0,1W9DL31001461C,,,,,
2023-11-01,11:24:39.34 AM,0m 17.0s,17.0,33.8027788299634,-117.4659169154686,13.1,13.1,14.4,1277,10.6,0,2.062356,0,0,0,1.342164,0,0,2,-1.8,2.6,-135.9,224.1,,Tripod,Other,,20,5,True,,True,False,,Smart,RC,False,True,False,,,True,,False,False,False,False,False,False,False,False,False,False,0,Follow Yaw,-88.9,0,-144,216,False,False,False,False,False,,0,0,False,False,No Card,100,100,1024,1024,1024,1024,2,False,False,False,False,False,0,False,False,False,False,99,,48.252,,9943,,10044,,48.252,,True,4.035,4.035,4.035,4.035,4.035,4.035,4.035,4.035,4.035,4.035,4.035,4.035,0,,False,False,True,,,,,,,,,,,,,,,False,False,19.01,,77.1,,75.7,,77.1,,,38,1,13,7,133303.2,17773.76,,Idle,,20,,10,,,20,Go Home,False,False,False,False,False,False,False,False,False,False,False,False,33.8027920380556,-117.4659261431046,5.5,2972.0,1049.4,396.9,True,1,1,False,False,False,False,,True,False,False,Course Lock,196.8,67,16.4,93,E,SW,2.23,2.23,Calm,False,False,Android,7.0.2,M300 RTK,1ZN7L4R0H1D00F,1W9DL31001461C,1ZMLH8300204F0,1Z6PH74DAP0QN7,"Corona, CA",728.3,5.7,137.7,8.547347,2.013246,0,0,DJI Matrice 300 RTK,M300 RTK,1ZN7L4R0H1D00F,1W9DL31001461C,1ZMLH8300204F0,1Z6PH74DAP0QN7,DJI Pilot,Android,7.0.2,1EF72A62-B7C3-C88D-164E-CE6F8C8424AE,1ZN7L4R0H1D00F,1W9DL31001461C,,1ZMLH8300204F0,1W9DL31001461C,,,,,
2023-11-01,11:24:39.44 AM,0m 17.1s,17.1,33.802778799261,-117.4659169306424,13.1,13.1,14.4,1277,10.6,0,2.062356,0,0,0,1.342164,0,0,2.2,-1.9,2.9,-135.9,224.1,,Tripod,Other,,20,5,True,,True,False,,Smart,RC,False,True,False,,,True,,False,False,False,False,False,False,False,False,False,False,0,Follow Yaw,-88.9,0,-144,216,False,False,False,False,False,,0,0,False,False,No Card,100,100,1024,1024,1024,1024,2,False,False,False,False,False,0,False,False,False,False,99,,48.252,,9943,,10044,,48.252,,True,4.035,4.035,4.035,4.035,4.035,4.035,4.035,4.035,4.035,4.035,4.035,4.035,0,,False,False,True,,,,,,,,,,,,,,,False,False,19.01,,77.1,,75.7,,77.1,,,38,1,13,7,133303.2,17773.76,,Idle,,20,,10,,,20,Go Home,False,False,False,False,False,False,False,False,False,False,False,False,33.8027920380556,-117.4659261431046,5.5,2972.0,1049.4,396.9,True,1,1,False,False,False,False,,True,False,False,Course Lock,196.8,67,16.4,93,E,SW,2.23,2.23,Calm,False,False,Android,7.0.2,M300 RTK,1ZN7L4R0H1D00F,1W9DL31001461C,1ZMLH8300204F0,1Z6PH74DAP0QN7,"Corona, CA",728.3,5.7,137.7,8.547347,2.013246,0,0,DJI Matrice 300 RTK,M300 RTK,1ZN7L4R0H1D00F,1W9DL31001461C,1ZMLH8300204F0,1Z6PH74DAP0QN7,DJI Pilot,Android,7.0.2,1EF72A62-B7C3-C88D-164E-CE6F8C8424AE,1ZN7L4R0H1D00F,1W9DL31001461C,,1ZMLH8300204F0,1W9DL31001461C,,,,,
2023-11-01,11:24:39.54 AM,0m 17.2s,17.2,33.8027787882958,-117.4659169299826,13.1,13.1,14.4,1277,10.6,0,2.062356,0,0,0,1.342164,0,0,2.4,-2,3.1,-135.9,224.1,,Tripod,Other,,20,5,True,,True,False,,Smart,RC,False,True,False,,,True,,False,False,False,False,False,False,False,False,False,False,0,Follow Yaw,-88.9,0,-144,216,False,False,False,False,False,,0,0,False,False,No Card,100,100,1024,1024,1024,1024,2,False,False,False,False,False,0,False,False,False,False,99,,48.252,,9943,,10044,,48.252,,True,4.035,4.035,4.035,4.035,4.035,4.035,4.035,4.035,4.035,4.035,4.035,4.035,0,,False,False,True,,,,,,,,,,,,,,,False,False,19.01,,77.1,,75.7,,77.1,,,38,1,13,7,133303.2,17773.76,,Idle,,20,,10,,,20,Go Home,False,False,False,False,False,False,False,False,False,False,False,False,33.8027920380556,-117.4659261431046,5.5,2972.0,1049.4,396.9,True,1,1,False,False,False,False,,True,False,False,Course Lock,196.8,67,16.4,93,E,SW,2.23,2.23,Calm,False,False,Android,7.0.2,M300 RTK,1ZN7L4R0H1D00F,1W9DL31001461C,1ZMLH8300204F0,1Z6PH74DAP0QN7,"Corona, CA",728.3,5.7,137.7,8.547347,2.013246,0,0,DJI Matrice 300 RTK,M300 RTK,1ZN7L4R0H1D00F,1W9DL31001461C,1ZMLH8300204F0,1Z6PH74DAP0QN7,DJI Pilot,Android,7.0.2,1EF72A62-B7C3-C88D-164E-CE6F8C8424AE,1ZN7L4R0H1D00F,1W9DL31001461C,,1ZMLH8300204F0,1W9DL31001461C,,,,,
2023-11-01,11:24:39.62 AM,0m 17.3s,17.3,33.8027787937784,-117.4659169431772,13.1,13.1,14.4,1277,10.6,0,2.062356,0,0,0,1.342164,0,0,2.4,-2.1,3.1,-135.9,224.1,,Tripod,Other,,20,5,True,,True,False,,Smart,RC,False,True,False,,,True,,False,False,False,False,False,False,False,False,False,False,0,Follow Yaw,-88.9,0,-144,216,False,False,False,False,False,,0,0,False,False,No Card,100,100,1024,1024,1024,1024,2,False,False,False,False,False,0,False,False,False,False,99,,48.252,,9943,,10044,,48.252,,True,4.032,4.032,4.032,4.032,4.032,4.032,4.032,4.032,4.032,4.032,4.032,4.032,0,,False,False,True,,,,,,,,,,,,,,,False,False,19.01,,77.1,,75.7,,77.1,,,38,1,13,7,139418.2,18589.09,,Idle,,20,,10,,,20,Go Home,False,False,False,False,False,False,False,False,False,False,False,False,33.8027920380556,-117.4659261431046,5.5,2972.0,1049.4,396.9,True,1,1,False,False,False,False,,True,False,False,Course Lock,196.8,67,16.4,93,E,SW,2.23,2.23,Calm,False,False,Android,7.0.2,M300 RTK,1ZN7L4R0H1D00F,1W9DL31001461C,1ZMLH8300204F0,1Z6PH74DAP0QN7,"Corona, CA",728.3,5.7,137.7,8.547347,2.013246,0,0,DJI Matrice 300 RTK,M300 RTK,1ZN7L4R0H1D00F,1W9DL31001461C,1ZMLH8300204F0,1Z6PH74DAP0QN7,DJI Pilot,Android,7.0.2,1EF72A62-B7C3-C88D-164E-CE6F8C8424AE,1ZN7L4R0H1D00F,1W9DL31001461C,,1ZMLH8300204F0,1W9DL31001461C,,,,,
2023-11-01,11:24:39.73 AM,0m 17.4s,17.4,33.8027787926818,-117.4659169431772,13.1,13.1,14.4,1277,10.6,0,2.062356,0,0,0,1.342164,0,0,2.3,-2.1,3.1,-135.9,224.1,,Tripod,Other,,20,5,True,,True,False,,Smart,RC,False,True,False,,,True,,False,False,False,False,False,False,False,False,False,False,0,Follow Yaw,-88.9,0,-144,216,False,False,False,False,False,,0,0,False,False,No Card,100,100,1024,1024,1024,1024,2,False,False,False,False,False,0,False,False,False,False,99,,48.252,,9943,,10044,,48.252,,True,4.032,4.032,4.032,4.032,4.032,4.032,4.032,4.032,4.032,4.032,4.032,4.032,0,,False,False,True,,,,,,,,,,,,,,,False,False,19.01,,77.1,,75.7,,77.1,,,38,1,13,7,139418.2,18589.09,,Idle,,20,,10,,,20,Go Home,False,False,False,False,False,False,False,False,False,False,False,False,33.8027920380556,-117.4659261431046,5.5,2972.0,1049.4,396.9,True,1,1,False,False,False,False,,True,False,False,Course Lock,196.8,67,16.4,93,E,SW,2.46,2.46,Calm,False,False,Android,7.0.2,M300 RTK,1ZN7L4R0H1D00F,1W9DL31001461C,1ZMLH8300204F0,1Z6PH74DAP0QN7,"Corona, CA",728.3,5.7,137.7,8.547347,2.013246,0,0,DJI Matrice 300 RTK,M300 RTK,1ZN7L4R0H1D00F,1W9DL31001461C,1ZMLH8300204F0,1Z6PH74DAP0QN7,DJI Pilot,Android,7.0.2,1EF72A62-B7C3-C88D-164E-CE6F8C8424AE,1ZN7L4R0H1D00F,1W9DL31001461C,,1ZMLH8300204F0,1W9DL31001461C,,,,,
2023-11-01,11:24:39.83 AM,0m 17.5s,17.5,33.8027786473934,-117.4659167920991,13.1,13.1,14.4,1277,10.7,0,2.062356,0,0,0,1.342164,0,0,2.3,-2,3,-135.9,224.1,,Tripod,Other,,20,5,True,,True,False,,Smart,RC,False,True,False,,,True,,False,False,False,False,False,False,False,False,False,False,0,Follow Yaw,-88.9,0,-144,216,False,False,False,False,False,,0,0,False,False,No Card,100,100,1024,1024,1024,1024,2,False,False,False,False,False,0,False,False,False,False,99,,48.252,,9943,,10044,,48.252,,True,4.032,4.032,4.032,4.032,4.032,4.032,4.032,4.032,4.032,4.032,4.032,4.032,0,,False,False,True,,,,,,,,,,,,,,,False,False,19.01,,77.1,,75.7,,77.1,,,38,1,13,7,139418.2,18589.09,,Idle,,20,,10,,,20,Go Home,False,False,False,False,False,False,False,False,False,False,False,False,33.8027920380556,-117.4659261431046,5.6,2972.0,1049.4,396.9,True,1,1,False,False,False,False,,True,False,False,Course Lock,196.8,67,16.4,93,E,SW,2.46,2.46,Calm,False,True,Android,7.0.2,M300 RTK,1ZN7L4R0H1D00F,1W9DL31001461C,1ZMLH8300204F0,1Z6PH74DAP0QN7,"Corona, CA",728.3,5.7,137.7,8.547347,2.013246,0,0,DJI Matrice 300 RTK,M300 RTK,1ZN7L4R0H1D00F,1W9DL31001461C,1ZMLH8300204F0,1Z6PH74DAP0QN7,DJI Pilot,Android,7.0.2,1EF72A62-B7C3-C88D-164E-CE6F8C8424AE,1ZN7L4R0H1D00F,1W9DL31001461C,,1ZMLH8300204F0,1W9DL31001461C,,,,,
2023-11-01,11:24:39.94 AM,0m 17.6s,17.6,33.8027786353317,-117.4659167775851,13.1,13.1,14.4,1277,10.7,0,2.062356,0,0,0,1.342164,0,0,2.2,-2,2.9,-135.9,224.1,,Tripod,Other,,20,5,True,,True,False,,Smart,RC,False,True,False,,,True,,False,False,False,False,False,False,False,False,False,False,0,Follow Yaw,-88.9,0,-144,216,False,False,False,False,False,,0,0,False,False,No Card,100,100,1024,1024,1024,1024,2,False,False,False,False,False,0,False,False,False,False,99,,48.252,,9943,,10044,,48.252,,True,4.032,4.032,4.032,4.032,4.032,4.032,4.032,4.032,4.032,4.032,4.032,4.032,0,,False,False,True,,,,,,,,,,,,,,,False,False,19.01,,77.1,,75.7,,77.1,,,38,1,13,7,139418.2,18589.09,,Idle,,20,,10,,,20,Go Home,False,False,False,False,False,False,False,False,False,False,False,False,33.8027920380556,-117.4659261431046,5.6,2972.0,1049.4,396.9,True,1,1,False,False,False,False,,True,False,False,Course Lock,196.8,67,16.4,93,E,SW,2.46,2.46,Calm,False,True,Android,7.0.2,M300 RTK,1ZN7L4R0H1D00F,1W9DL31001461C,1ZMLH8300204F0,1Z6PH74DAP0QN7,"Corona, CA",728.3,5.7,137.7,8.547347,2.013246,0,0,DJI Matrice 300 RTK,M300 RTK,1ZN7L4R0H1D00F,1W9DL31001461C,1ZMLH8300204F0,1Z6PH74DAP0QN7,DJI Pilot,Android,7.0.2,1EF72A62-B7C3-C88D-164E-CE6F8C8424AE,1ZN7L4R0H1D00F,1W9DL31001461C,,1ZMLH8300204F0,1W9DL31001461C,,,,,
2023-11-01,11:24:40.04 AM,0m 17.7s,17.7,33.8027786775476,-117.4659169477953,13.1,13.1,14.4,1277,10.8,0,2.062356,0,0,0,1.342164,0,0,2.3,-2,3,-135.9,224.1,,Tripod,Other,,20,5,True,,True,False,,Smart,RC,False,True,False,,,True,,False,False,False,False,False,False,False,False,False,False,0,Follow Yaw,-88.9,0,-144,216,False,False,False,False,False,,0,0,False,False,No Card,100,100,1024,1024,1024,1024,2,False,False,False,False,False,0,False,False,False,False,99,,48.18,,4936,,4986,,48.18,,True,4.032,4.032,4.032,4.032,4.032,4.032,4.032,4.032,4.032,4.032,4.032,4.032,0,,False,False,True,,,,,,,,,,,,,,,False,False,9.224,,76.2,,75.7,,77.1,,,38,1,13,7,139418.2,18589.09,,Idle,,20,,10,,,20,Go Home,False,False,False,False,False,False,False,False,False,False,False,False,33.8027920380556,-117.4659261431046,5.6,2972.0,1049.4,396.9,True,1,1,False,False,False,False,,True,False,False,Course Lock,196.8,67,16.4,93,E,SW,2.46,2.46,Calm,False,False,Android,7.0.2,M300 RTK,1ZN7L4R0H1D00F,1W9DL31001461C,1ZMLH8300204F0,1Z6PH74DAP0QN7,"Corona, CA",728.3,5.7,137.7,8.547347,2.013246,0,0,DJI Matrice 300 RTK,M300 RTK,1ZN7L4R0H1D00F,1W9DL31001461C,1ZMLH8300204F0,1Z6PH74DAP0QN7,DJI Pilot,Android,7.0.2,1EF72A62-B7C3-C88D-164E-CE6F8C8424AE,1ZN7L4R0H1D00F,1W9DL31001461C,,1ZMLH8300204F0,1W9DL31001461C,,,,,
2023-11-01,11:24:40.14 AM,0m 17.8s,17.8,33.8027786671307,-117.4659169477953,13.1,13.1,14.4,1277,10.8,0,2.062356,0,0,0,1.342164,0,0,2.3,-1.8,2.9,-135.9,224.1,,Tripod,Other,,20,5,True,,True,False,,Smart,RC,False,True,False,,,True,,False,False,False,False,False,False,False,False,False,False,0,Follow Yaw,-88.9,0,-144,216,False,False,False,False,False,,0,0,False,False,No Card,100,100,1024,1024,1024,1024,2,False,False,False,False,False,0,False,False,False,False,99,,48.18,,4936,,4986,,48.18,,True,4.032,4.032,4.032,4.032,4.032,4.032,4.032,4.032,4.032,4.032,4.032,4.032,0,,False,False,True,,,,,,,,,,,,,,,False,False,9.224,,76.2,,75.7,,77.1,,,38,1,13,7,139418.2,18589.09,,Idle,,20,,10,,,20,Go Home,False,False,False,False,False,False,False,False,False,False,False,False,33.8027920380556,-117.4659261431046,5.6,2972.0,1049.4,396.9,True,1,1,False,False,False,False,,True,False,False,Course Lock,196.8,67,16.4,93,E,SW,2.46,2.46,Calm,False,False,Android,7.0.2,M300 RTK,1ZN7L4R0H1D00F,1W9DL31001461C,1ZMLH8300204F0,1Z6PH74DAP0QN7,"Corona, CA",728.3,5.7,137.7,8.547347,2.013246,0,0,DJI Matrice 300 RTK,M300 RTK,1ZN7L4R0H1D00F,1W9DL31001461C,1ZMLH8300204F0,1Z6PH74DAP0QN7,DJI Pilot,Android,7.0.2,1EF72A62-B7C3-C88D-164E-CE6F8C8424AE,1ZN7L4R0H1D00F,1W9DL31001461C,,1ZMLH8300204F0,1W9DL31001461C,,,,,
2023-11-01,11:24:40.24 AM,0m 17.9s,17.9,33.802778706057,-117.465916797377,13.1,13.1,14.4,1277,10.8,0,2.062356,0,0,0,1.342164,0,0,2.1,-1.9,2.8,-135.9,224.1,,Tripod,Other,,20,5,True,,True,False,,Smart,RC,False,True,False,,,True,,False,False,False,False,False,False,False,False,False,False,0,Follow Yaw,-88.9,0,-144,216,False,False,False,False,False,,0,0,False,False,No Card,100,100,1024,1024,1024,1024,2,False,False,False,False,False,0,False,False,False,False,99,,48.18,,4936,,4986,,48.18,,True,4.032,4.032,4.032,4.032,4.032,4.032,4.032,4.032,4.032,4.032,4.032,4.032,0,,False,False,True,,,,,,,,,,,,,,,False,False,9.224,,76.2,,75.7,,77.1,,,38,1,13,7,139418.2,18589.09,,Idle,,20,,10,,,20,Go Home,False,False,False,False,False,False,False,False,False,False,False,False,33.8027920380556,-117.4659261431046,5.6,2972.0,1049.4,396.9,True,1,1,False,False,False,False,,True,False,False,Course Lock,196.8,67,16.4,93,E,SW,2.46,2.46,Calm,False,True,Android,7.0.2,M300 RTK,1ZN7L4R0H1D00F,1W9DL31001461C,1ZMLH8300204F0,1Z6PH74DAP0QN7,"Corona, CA",728.3,5.7,137.7,8.547347,2.013246,0,0,DJI Matrice 300 RTK,M300 RTK,1ZN7L4R0H1D00F,1W9DL31001461C,1ZMLH8300204F0,1Z6PH74DAP0QN7,DJI Pilot,Android,7.0.2,1EF72A62-B7C3-C88D-164E-CE6F8C8424AE,1ZN7L4R0H1D00F,1W9DL31001461C,,1ZMLH8300204F0,1W9DL31001461C,,,,,
2023-11-01,11:24:40.35 AM,0m 18.0s,18.0,33.802778706057,-117.4659167841824,13.1,13.1,14.4,1277,10.8,0,2.062356,0,0,0,1.342164,0,0,1.9,-2,2.7,-135.9,224.1,,Tripod,Other,,20,5,True,,True,False,,Smart,RC,False,True,False,,,True,,False,False,False,False,False,False,False,False,False,False,0,Follow Yaw,-88.9,0,-144,216,False,False,False,False,False,,0,0,False,False,No Card,100,100,1024,1024,1024,1024,2,False,False,False,False,False,0,False,False,False,False,99,,48.216,,9943,,10044,,48.216,,True,4.032,4.032,4.032,4.032,4.032,4.032,4.032,4.032,4.032,4.032,4.032,4.032,0,,False,False,True,,,,,,,,,,,,,,,False,False,18.858,,77.1,,75.7,,77.1,,,38,1,13,7,139418.2,18589.09,,Idle,,20,,10,,,20,Go Home,False,False,False,False,False,False,False,False,False,False,False,False,33.8027920380556,-117.4659261431046,5.6,2972.0,1049.4,396.9,True,1,1,False,False,False,False,,True,False,False,Course Lock,196.8,67,16.4,93,E,SW,2.46,2.46,Calm,False,True,Android,7.0.2,M300 RTK,1ZN7L4R0H1D00F,1W9DL31001461C,1ZMLH8300204F0,1Z6PH74DAP0QN7,"Corona, CA",728.3,5.7,137.7,8.547347,2.013246,0,0,DJI Matrice 300 RTK,M300 RTK,1ZN7L4R0H1D00F,1W9DL31001461C,1ZMLH8300204F0,1Z6PH74DAP0QN7,DJI Pilot,Android,7.0.2,1EF72A62-B7C3-C88D-164E-CE6F8C8424AE,1ZN7L4R0H1D00F,1W9DL31001461C,,1ZMLH8300204F0,1W9DL31001461C,,,,,
2023-11-01,11:24:40.45 AM,0m 18.1s,18.1,33.8027787241496,-117.4659166416808,13.1,13.1,14.4,1277,10.9,0,2.062356,0,0,0,1.342164,0,0,1.8,-2.2,2.8,-135.8,224.2,,Tripod,Other,,20,5,True,,True,False,,Smart,RC,False,True,False,,,True,,False,False,False,False,False,False,False,False,False,False,0,Follow Yaw,-88.9,0,-144,216,False,False,False,False,False,,0,0,False,False,No Card,100,100,1024,1024,1024,1024,2,False,False,False,False,False,0,False,False,False,False,99,,48.216,,9943,,10044,,48.216,,True,4.032,4.032,4.032,4.032,4.032,4.032,4.032,4.032,4.032,4.032,4.032,4.032,0,,False,False,True,,,,,,,,,,,,,,,False,False,18.858,,77.1,,75.7,,77.1,,,38,1,13,7,139418.2,18589.09,,Idle,,20,,10,,,20,Go Home,False,False,False,False,False,False,False,False,False,False,False,False,33.8027920380556,-117.4659261431046,5.6,2972.0,1049.4,396.9,True,1,1,False,False,False,False,,True,False,False,Course Lock,196.8,67,16.4,93,E,SW,2.46,2.46,Calm,False,True,Android,7.0.2,M300 RTK,1ZN7L4R0H1D00F,1W9DL31001461C,1ZMLH8300204F0,1Z6PH74DAP0QN7,"Corona, CA",728.3,5.7,137.7,8.547347,2.013246,0,0,DJI Matrice 300 RTK,M300 RTK,1ZN7L4R0H1D00F,1W9DL31001461C,1ZMLH8300204F0,1Z6PH74DAP0QN7,DJI Pilot,Android,7.0.2,1EF72A62-B7C3-C88D-164E-CE6F8C8424AE,1ZN7L4R0H1D00F,1W9DL31001461C,,1ZMLH8300204F0,1W9DL31001461C,,,,,
2023-11-01,11:24:40.55 AM,0m 18.2s,18.2,33.8027787241496,-117.4659166152917,13.1,13.1,14.4,1277,10.9,0,2.062356,0,0,0,1.342164,0,0,2,-2.3,3,-135.8,224.2,,Tripod,Other,,20,5,True,,True,False,,Smart,RC,False,True,False,,,True,,False,False,False,False,False,False,False,False,False,False,0,Follow Yaw,-88.9,0,-144,216,False,False,False,False,False,,0,0,False,False,No Card,100,100,1024,1024,1024,1024,2,False,False,False,False,False,0,False,False,False,False,99,,48.216,,9943,,10044,,48.216,,True,4.032,4.032,4.032,4.032,4.032,4.032,4.032,4.032,4.032,4.032,4.032,4.032,0,,False,False,True,,,,,,,,,,,,,,,False,False,18.858,,77.1,,75.7,,77.1,,,38,1,13,7,139418.2,18589.09,,Idle,,20,,10,,,20,Go Home,False,False,False,False,False,False,False,False,False,False,False,False,33.8027920380556,-117.4659261431046,5.6,2972.0,1049.4,396.9,True,1,1,False,False,False,False,,True,False,False,Course Lock,196.8,67,16.4,93,E,SW,2.46,2.46,Calm,False,True,Android,7.0.2,M300 RTK,1ZN7L4R0H1D00F,1W9DL31001461C,1ZMLH8300204F0,1Z6PH74DAP0QN7,"Corona, CA",728.3,5.7,137.7,8.547347,2.013246,0,0,DJI Matrice 300 RTK,M300 RTK,1ZN7L4R0H1D00F,1W9DL31001461C,1ZMLH8300204F0,1Z6PH74DAP0QN7,DJI Pilot,Android,7.0.2,1EF72A62-B7C3-C88D-164E-CE6F8C8424AE,1ZN7L4R0H1D00F,1W9DL31001461C,,1ZMLH8300204F0,1W9DL31001461C,,,,,
2023-11-01,11:24:40.64 AM,0m 18.3s,18.3,33.8027787307287,-117.4659168224467,13.1,13.1,14.4,1277,10.9,0,2.062356,0,0,0,1.342164,0,0,2.2,-2.4,3.2,-135.8,224.2,,Tripod,Other,,20,5,True,,True,False,,Smart,RC,False,True,False,,,True,,False,False,False,False,False,False,False,False,False,False,0,Follow Yaw,-88.9,0,-144,216,False,False,False,False,False,,0,0,False,False,No Card,100,100,1024,1024,1273,1024,2,False,False,False,False,False,0,False,False,False,False,99,,48.216,,9943,,10044,,48.216,,True,4.018,4.018,4.018,4.018,4.018,4.018,4.018,4.018,4.018,4.018,4.018,4.018,0,,False,False,True,,,,,,,,,,,,,,,False,False,18.858,,77.1,,75.7,,77.1,,,38,1,13,7,143654.8,19153.97,,Idle,,20,,10,,,20,Go Home,False,False,False,False,False,False,False,False,False,False,False,False,33.8027920380556,-117.4659261431046,5.6,2972.0,1049.4,396.9,True,1,1,False,False,False,False,,True,False,False,Course Lock,196.8,67,16.4,93,E,SW,2.68,2.68,Calm,False,False,Android,7.0.2,M300 RTK,1ZN7L4R0H1D00F,1W9DL31001461C,1ZMLH8300204F0,1Z6PH74DAP0QN7,"Corona, CA",728.3,5.7,137.7,8.547347,2.013246,0,0,DJI Matrice 300 RTK,M300 RTK,1ZN7L4R0H1D00F,1W9DL31001461C,1ZMLH8300204F0,1Z6PH74DAP0QN7,DJI Pilot,Android,7.0.2,1EF72A62-B7C3-C88D-164E-CE6F8C8424AE,1ZN7L4R0H1D00F,1W9DL31001461C,,1ZMLH8300204F0,1W9DL31001461C,,,,,
2023-11-01,11:24:40.76 AM,0m 18.4s,18.4,33.8027787203118,-117.4659168085924,13.1,13.1,14.4,1277,10.9,0,2.062356,0,0,0,1.342164,0,0,2.3,-2.3,3.2,-135.8,224.2,,Tripod,Other,,20,5,True,,True,False,,Smart,RC,False,True,False,,,True,,False,False,False,False,False,False,False,False,False,False,0,Follow Yaw,-88.9,0,-144,216,False,False,False,False,False,,0,0,False,False,No Card,100,100,1024,1024,1322,1024,2,False,False,False,False,False,0,False,False,False,False,99,,48.216,,9943,,10044,,48.216,,True,4.018,4.018,4.018,4.018,4.018,4.018,4.018,4.018,4.018,4.018,4.018,4.018,0,,False,False,True,,,,,,,,,,,,,,,False,False,18.858,,77.1,,75.7,,77.1,,,38,1,13,7,143654.8,19153.97,,Idle,,20,,10,,,20,Go Home,False,False,False,False,False,False,False,False,False,False,False,False,33.8027920380556,-117.4659261431046,5.6,2972.0,1049.4,396.9,True,1,1,False,False,False,False,,True,False,False,Course Lock,196.8,67,16.4,93,E,SW,2.68,2.68,Calm,False,True,Android,7.0.2,M300 RTK,1ZN7L4R0H1D00F,1W9DL31001461C,1ZMLH8300204F0,1Z6PH74DAP0QN7,"Corona, CA",728.3,5.7,137.7,8.547347,2.013246,0,0,DJI Matrice 300 RTK,M300 RTK,1ZN7L4R0H1D00F,1W9DL31001461C,1ZMLH8300204F0,1Z6PH74DAP0QN7,DJI Pilot,Android,7.0.2,1EF72A62-B7C3-C88D-164E-CE6F8C8424AE,1ZN7L4R0H1D00F,1W9DL31001461C,,1ZMLH8300204F0,1W9DL31001461C,,,,,
2023-11-01,11:24:40.86 AM,0m 18.5s,18.5,33.8027787022192,-117.465916665431,13.1,13.1,14.4,1277,11.0,0,2.062356,0,0,0,1.342164,0,0,2.3,-2.2,3.1,-135.8,224.2,,Tripod,Other,,20,5,True,,True,False,,Smart,RC,False,True,False,,,True,,False,False,False,False,False,False,False,False,False,False,0,Follow Yaw,-88.9,0,-144,216,False,False,False,False,False,,0,0,False,False,No Card,100,100,1024,1024,1333,1024,2,False,False,False,False,False,0,False,False,False,False,99,,48.216,,9943,,10044,,48.216,,True,4.018,4.018,4.018,4.018,4.018,4.018,4.018,4.018,4.018,4.018,4.018,4.018,0,,False,False,True,,,,,,,,,,,,,,,False,False,18.858,,77.1,,75.7,,77.1,,,38,1,13,7,143654.8,19153.97,,Idle,,20,,10,,,20,Go Home,False,False,False,False,False,False,False,False,False,False,False,False,33.8027920380556,-117.4659261431046,5.6,2972.0,1049.4,396.9,True,1,1,False,False,False,False,,True,False,False,Course Lock,196.8,67,16.4,93,E,SW,2.68,2.68,Calm,False,True,Android,7.0.2,M300 RTK,1ZN7L4R0H1D00F,1W9DL31001461C,1ZMLH8300204F0,1Z6PH74DAP0QN7,"Corona, CA",728.3,5.7,137.7,8.547347,2.013246,0,0,DJI Matrice 300 RTK,M300 RTK,1ZN7L4R0H1D00F,1W9DL31001461C,1ZMLH8300204F0,1Z6PH74DAP0QN7,DJI Pilot,Android,7.0.2,1EF72A62-B7C3-C88D-164E-CE6F8C8424AE,1ZN7L4R0H1D00F,1W9DL31001461C,,1ZMLH8300204F0,1W9DL31001461C,,,,,
2023-11-01,11:24:40.96 AM,0m 18.6s,18.6,33.8027786918023,-117.4659166258473,13.1,13.1,14.4,1277,11.0,0,2.062356,0,0,0,1.342164,0,0,2.1,-2,2.9,-135.8,224.2,,Tripod,Other,,20,5,True,,True,False,,Smart,RC,False,True,False,,,True,,False,False,False,False,False,False,False,False,False,False,0,Follow Yaw,-88.9,0,-144,216,False,False,False,False,False,,0,0,False,False,No Card,100,100,1024,1024,1348,1024,2,False,False,False,False,False,0,False,False,False,False,99,,48.216,,9943,,10044,,48.216,,True,4.018,4.018,4.018,4.018,4.018,4.018,4.018,4.018,4.018,4.018,4.018,4.018,0,,False,False,True,,,,,,,,,,,,,,,False,False,18.858,,77.1,,75.7,,77.1,,,38,1,13,7,143654.8,19153.97,,Idle,,20,,10,,,20,Go Home,False,False,False,False,False,False,False,False,False,False,False,False,33.8027920380556,-117.4659261431046,5.6,2972.0,1049.4,396.9,True,1,1,False,False,False,False,,True,False,False,Course Lock,196.8,67,16.4,93,E,SW,2.68,2.68,Calm,False,True,Android,7.0.2,M300 RTK,1ZN7L4R0H1D00F,1W9DL31001461C,1ZMLH8300204F0,1Z6PH74DAP0QN7,"Corona, CA",728.3,5.7,137.7,8.547347,2.013246,0,0,DJI Matrice 300 RTK,M300 RTK,1ZN7L4R0H1D00F,1W9DL31001461C,1ZMLH8300204F0,1Z6PH74DAP0QN7,DJI Pilot,Android,7.0.2,1EF72A62-B7C3-C88D-164E-CE6F8C8424AE,1ZN7L4R0H1D00F,1W9DL31001461C,,1ZMLH8300204F0,1W9DL31001461C,,,,,
2023-11-01,11:24:41.06 AM,0m 18.7s,18.7,33.8027785454173,-117.4659168039742,13.1,13.1,14.4,1277,11.1,0,2.062356,0,0,0,1.342164,-0.223694,0,1.9,-1.9,2.6,-135.8,224.2,,Tripod,Other,,20,5,True,,True,False,,Smart,RC,False,True,False,,,True,,False,False,False,False,False,False,False,False,False,False,0,Follow Yaw,-88.9,0,-144,216,False,False,False,False,False,,0,0,False,False,No Card,100,100,1024,1024,1348,1024,2,False,False,False,False,False,0,False,False,False,False,99,,48.216,,9943,,10044,,48.216,,True,4.018,4.018,4.018,4.018,4.018,4.018,4.018,4.018,4.018,4.018,4.018,4.018,0,,False,False,True,,,,,,,,,,,,,,,False,False,18.858,,77.1,,75.7,,77.1,,,38,1,13,7,143654.8,19153.97,,Idle,,20,,10,,,20,Go Home,False,False,False,False,False,False,False,False,False,False,False,False,33.8027920380556,-117.4659261431046,5.6,2972.0,1049.4,396.9,True,1,1,False,False,False,False,,True,False,False,Course Lock,196.8,67,16.4,93,E,SW,2.68,2.68,Calm,False,False,Android,7.0.2,M300 RTK,1ZN7L4R0H1D00F,1W9DL31001461C,1ZMLH8300204F0,1Z6PH74DAP0QN7,"Corona, CA",728.3,5.7,137.7,8.547347,2.013246,0,0,DJI Matrice 300 RTK,M300 RTK,1ZN7L4R0H1D00F,1W9DL31001461C,1ZMLH8300204F0,1Z6PH74DAP0QN7,DJI Pilot,Android,7.0.2,1EF72A62-B7C3-C88D-164E-CE6F8C8424AE,1ZN7L4R0H1D00F,1W9DL31001461C,,1ZMLH8300204F0,1W9DL31001461C,,,,,
2023-11-01,11:24:41.17 AM,0m 18.8s,18.8,33.8027785223905,-117.4659167907797,13.1,13.1,14.4,1277,11.1,0,2.062356,0,0,0,1.342164,-0.447388,0,2,-1.8,2.6,-135.9,224.1,,Tripod,Other,,20,5,True,,True,False,,Smart,RC,False,True,False,,,True,,False,False,False,False,False,False,False,False,False,False,0,Follow Yaw,-88.9,0,-144,216,False,False,False,False,False,,0,0,False,False,No Card,100,100,1024,1024,1349,1024,2,False,False,False,False,False,0,False,False,False,False,99,,48.216,,9943,,10044,,48.216,,True,4.018,4.018,4.018,4.018,4.018,4.018,4.018,4.018,4.018,4.018,4.018,4.018,0,,False,False,True,,,,,,,,,,,,,,,False,False,18.858,,77.1,,75.7,,77.1,,,38,1,13,7,143654.8,19153.97,,Idle,,20,,10,,,20,Go Home,False,False,False,False,False,False,False,False,False,False,False,False,33.8027920380556,-117.4659261431046,5.6,2972.0,1049.4,396.9,True,1,1,False,False,False,False,,True,False,False,Course Lock,196.8,67,16.4,93,E,SW,2.68,2.68,Calm,False,True,Android,7.0.2,M300 RTK,1ZN7L4R0H1D00F,1W9DL31001461C,1ZMLH8300204F0,1Z6PH74DAP0QN7,"Corona, CA",728.3,5.7,137.7,8.547347,2.013246,0,0,DJI Matrice 300 RTK,M300 RTK,1ZN7L4R0H1D00F,1W9DL31001461C,1ZMLH8300204F0,1Z6PH74DAP0QN7,DJI Pilot,Android,7.0.2,1EF72A62-B7C3-C88D-164E-CE6F8C8424AE,1ZN7L4R0H1D00F,1W9DL31001461C,,1ZMLH8300204F0,1W9DL31001461C,,,,,
2023-11-01,11:24:41.27 AM,0m 18.9s,18.9,33.8027785454173,-117.4659168092521,13.4,13.4,14.4,1277,11.1,0,2.062356,0,0,0,1.342164,-0.447388,0,2.2,-1.9,2.9,-135.8,224.2,,Tripod,Other,,20,5,True,,True,False,,Smart,RC,False,True,False,,,True,,False,False,False,False,False,False,False,False,False,False,0,Follow Yaw,-88.9,0,-144,216,False,False,False,False,False,,0,0,False,False,No Card,100,100,1024,1024,1350,1024,2,False,False,False,False,False,0,False,False,False,False,99,,48.216,,9943,,10044,,48.216,,True,4.018,4.018,4.018,4.018,4.018,4.018,4.018,4.018,4.018,4.018,4.018,4.018,0,,False,False,True,,,,,,,,,,,,,,,False,False,18.858,,77.1,,75.7,,77.1,,,38,1,13,7,143654.8,19153.97,,Idle,,20,,10,,,20,Go Home,False,False,False,False,False,False,False,False,False,False,False,False,33.8027920380556,-117.4659261431046,5.6,2972.0,1049.4,396.9,True,1,1,False,False,False,False,,True,False,False,Course Lock,196.8,67,16.4,93,E,SW,2.68,2.68,Calm,False,False,Android,7.0.2,M300 RTK,1ZN7L4R0H1D00F,1W9DL31001461C,1ZMLH8300204F0,1Z6PH74DAP0QN7,"Corona, CA",728.3,5.7,137.7,8.547347,2.013246,0,0,DJI Matrice 300 RTK,M300 RTK,1ZN7L4R0H1D00F,1W9DL31001461C,1ZMLH8300204F0,1Z6PH74DAP0QN7,DJI Pilot,Android,7.0.2,1EF72A62-B7C3-C88D-164E-CE6F8C8424AE,1ZN7L4R0H1D00F,1W9DL31001461C,,1ZMLH8300204F0,1W9DL31001461C,,,,,
2023-11-01,11:24:41.37 AM,0m 19.0s,19.0,33.8027785284213,-117.4659168006757,13.4,13.4,14.7,1277,11.1,0,2.062356,0,0,0,1.342164,-0.447388,0,2.2,-2,2.9,-135.8,224.2,,Tripod,Other,,20,5,True,,True,False,,Smart,RC,False,True,False,,,True,,False,False,False,False,False,False,False,False,False,False,0,Follow Yaw,-88.9,0,-144,216,False,False,False,False,False,,0,0,False,False,No Card,100,100,1024,1024,1351,1024,2,False,False,False,False,False,0,False,False,False,False,99,,48.336,,9943,,10044,,48.336,,True,4.018,4.018,4.018,4.018,4.018,4.018,4.018,4.018,4.018,4.018,4.018,4.018,0,,False,False,True,,,,,,,,,,,,,,,False,False,19.574,,77.1,,75.7,,77.1,,,38,1,13,7,143654.8,19153.97,,Idle,,20,,10,,,20,Go Home,False,False,False,False,False,False,False,False,False,False,False,False,33.8027920380556,-117.4659261431046,5.6,2972.0,1049.4,396.9,True,1,1,False,False,False,False,,True,False,False,Course Lock,196.8,67,16.4,93,E,SW,2.68,2.68,Calm,False,True,Android,7.0.2,M300 RTK,1ZN7L4R0H1D00F,1W9DL31001461C,1ZMLH8300204F0,1Z6PH74DAP0QN7,"Corona, CA",728.3,5.7,137.7,8.547347,2.013246,0,0,DJI Matrice 300 RTK,M300 RTK,1ZN7L4R0H1D00F,1W9DL31001461C,1ZMLH8300204F0,1Z6PH74DAP0QN7,DJI Pilot,Android,7.0.2,1EF72A62-B7C3-C88D-164E-CE6F8C8424AE,1ZN7L4R0H1D00F,1W9DL31001461C,,1ZMLH8300204F0,1W9DL31001461C,,,,,
2023-11-01,11:24:41.48 AM,0m 19.1s,19.1,33.8027785706372,-117.4659168415789,13.4,13.4,14.7,1277,11.1,0,2.062356,0,0,0,1.342164,-0.671082,0,2.2,-2.2,3.1,-135.9,224.1,,Tripod,Other,,20,5,True,,True,False,,Smart,RC,False,True,False,,,True,,False,False,False,False,False,False,False,False,False,False,0,Follow Yaw,-88.9,0,-144,216,False,False,False,False,False,,0,0,False,False,No Card,100,100,1024,1024,1350,1024,2,False,False,False,False,False,0,False,False,False,False,99,,48.336,,9943,,10044,,48.336,,True,4.018,4.018,4.018,4.018,4.018,4.018,4.018,4.018,4.018,4.018,4.018,4.018,0,,False,False,True,,,,,,,,,,,,,,,False,False,19.574,,77.1,,75.7,,77.1,,,38,1,13,7,143654.8,19153.97,,Idle,,20,,10,,,20,Go Home,False,False,False,False,False,False,False,False,False,False,False,False,33.8027920380556,-117.4659261431046,5.6,2972.0,1049.4,396.9,True,1,1,False,False,False,False,,True,False,False,Course Lock,196.8,67,16.4,93,E,SW,2.68,2.68,Calm,False,False,Android,7.0.2,M300 RTK,1ZN7L4R0H1D00F,1W9DL31001461C,1ZMLH8300204F0,1Z6PH74DAP0QN7,"Corona, CA",728.3,5.7,137.7,8.547347,2.013246,0,0,DJI Matrice 300 RTK,M300 RTK,1ZN7L4R0H1D00F,1W9DL31001461C,1ZMLH8300204F0,1Z6PH74DAP0QN7,DJI Pilot,Android,7.0.2,1EF72A62-B7C3-C88D-164E-CE6F8C8424AE,1ZN7L4R0H1D00F,1W9DL31001461C,,1ZMLH8300204F0,1W9DL31001461C,,,,,
2023-11-01,11:24:41.54 AM,0m 19.2s,19.2,33.802778559672,-117.4659168382802,13.7,13.7,15.0,1278,11.1,0,2.062356,0,0,0,1.342164,-0.671082,0,2.2,-2.3,3.1,-135.9,224.1,,Tripod,Other,,20,5,True,,True,False,,Smart,RC,False,True,False,,,True,,False,False,False,False,False,False,False,False,False,False,0,Follow Yaw,-88.9,0,-144,216,False,False,False,False,False,,0,0,False,False,No Card,100,100,1024,1024,1349,1024,2,False,False,False,False,False,0,False,False,False,False,99,,48.336,,9943,,10044,,48.336,,True,4.018,4.018,4.018,4.018,4.018,4.018,4.018,4.018,4.018,4.018,4.018,4.018,0,,False,False,True,,,,,,,,,,,,,,,False,False,19.574,,77.1,,75.7,,77.1,,,38,1,13,7,143654.8,19153.97,,Idle,,20,,10,,,20,Go Home,False,False,False,False,False,False,False,False,False,False,False,False,33.8027920380556,-117.4659261431046,5.6,2972.0,1049.4,396.9,True,1,1,False,False,False,False,,True,False,False,Course Lock,196.8,67,16.4,93,E,SW,2.68,2.68,Calm,False,False,Android,7.0.2,M300 RTK,1ZN7L4R0H1D00F,1W9DL31001461C,1ZMLH8300204F0,1Z6PH74DAP0QN7,"Corona, CA",728.3,5.7,137.7,8.547347,2.013246,0,0,DJI Matrice 300 RTK,M300 RTK,1ZN7L4R0H1D00F,1W9DL31001461C,1ZMLH8300204F0,1Z6PH74DAP0QN7,DJI Pilot,Android,7.0.2,1EF72A62-B7C3-C88D-164E-CE6F8C8424AE,1ZN7L4R0H1D00F,1W9DL31001461C,,1ZMLH8300204F0,1W9DL31001461C,,,,,
2023-11-01,11:24:41.64 AM,0m 19.3s,19.3,33.8027784434413,-117.4659168501553,13.7,13.7,15.0,1278,11.2,0,2.062356,0,0,0,1.342164,-0.671082,0,2.2,-2.4,3.2,-135.9,224.1,,Tripod,Other,,20,5,True,,True,False,,Smart,RC,False,True,False,,,True,,False,False,False,False,False,False,False,False,False,False,0,Follow Yaw,-88.9,0,-144,216,False,False,False,False,False,,0,0,False,False,No Card,100,100,1024,1024,1292,1024,2,False,False,False,False,False,0,False,False,False,False,99,,48.336,,9943,,10044,,48.336,,True,4.026,4.026,4.026,4.026,4.026,4.026,4.026,4.026,4.026,4.026,4.026,4.026,0,,False,False,True,,,,,,,,,,,,,,,False,False,19.574,,77.1,,75.7,,77.1,,,38,1,13,7,146324.3,19509.91,,Idle,,20,,10,,,20,Go Home,False,False,False,False,False,False,False,False,False,False,False,False,33.8027920380556,-117.4659261431046,5.7,2972.0,1049.4,396.9,True,1,1,False,False,False,False,,True,False,False,Course Lock,196.8,67,16.4,93,E,SW,2.9,2.9,Calm,False,False,Android,7.0.2,M300 RTK,1ZN7L4R0H1D00F,1W9DL31001461C,1ZMLH8300204F0,1Z6PH74DAP0QN7,"Corona, CA",728.3,5.7,137.7,8.547347,2.013246,0,0,DJI Matrice 300 RTK,M300 RTK,1ZN7L4R0H1D00F,1W9DL31001461C,1ZMLH8300204F0,1Z6PH74DAP0QN7,DJI Pilot,Android,7.0.2,1EF72A62-B7C3-C88D-164E-CE6F8C8424AE,1ZN7L4R0H1D00F,1W9DL31001461C,,1ZMLH8300204F0,1W9DL31001461C,,,,,
2023-11-01,11:24:41.74 AM,0m 19.4s,19.4,33.8027784171249,-117.4659168382802,13.7,13.7,15.0,1278,11.2,0,2.062356,0,0,0,1.342164,-0.671082,0,2.1,-2.3,3.1,-135.9,224.1,,Tripod,Other,,20,5,True,,True,False,,Smart,RC,False,True,False,,,True,,False,False,False,False,False,False,False,False,False,False,0,Follow Yaw,-88.9,0,-144,216,False,False,False,False,False,,0,0,False,False,No Card,100,100,1024,1024,1223,1024,2,False,False,False,False,False,0,False,False,False,False,99,,48.336,,9943,,10044,,48.336,,True,4.026,4.026,4.026,4.026,4.026,4.026,4.026,4.026,4.026,4.026,4.026,4.026,0,,False,False,True,,,,,,,,,,,,,,,False,False,19.574,,77.1,,75.7,,77.1,,,38,1,13,7,146324.3,19509.91,,Idle,,20,,10,,,20,Go Home,False,False,False,False,False,False,False,False,False,False,False,False,33.8027920380556,-117.4659261431046,5.7,2972.0,1049.4,396.9,True,1,1,False,False,False,False,,True,False,False,Course Lock,196.8,67,16.4,93,E,SW,2.9,2.9,Calm,False,False,Android,7.0.2,M300 RTK,1ZN7L4R0H1D00F,1W9DL31001461C,1ZMLH8300204F0,1Z6PH74DAP0QN7,"Corona, CA",728.3,5.7,137.7,8.547347,2.013246,0,0,DJI Matrice 300 RTK,M300 RTK,1ZN7L4R0H1D00F,1W9DL31001461C,1ZMLH8300204F0,1Z6PH74DAP0QN7,DJI Pilot,Android,7.0.2,1EF72A62-B7C3-C88D-164E-CE6F8C8424AE,1ZN7L4R0H1D00F,1W9DL31001461C,,1ZMLH8300204F0,1W9DL31001461C,,,,,
2023-11-01,11:24:41.84 AM,0m 19.5s,19.5,33.802778445086,-117.4659166700492,14.1,14.1,15.4,1278,11.2,0,2.062356,0,0,0,1.342164,-0.671082,0,2,-2.1,2.9,-135.9,224.1,,Tripod,Other,,20,5,True,,True,False,,Smart,RC,False,True,False,,,True,,False,False,False,False,False,False,False,False,False,False,0,Follow Yaw,-88.9,0,-144,216,False,False,False,False,False,,0,0,False,False,No Card,100,100,1024,1024,1061,1024,2,False,False,False,False,False,0,False,False,False,False,99,,48.336,,9943,,10044,,48.336,,True,4.026,4.026,4.026,4.026,4.026,4.026,4.026,4.026,4.026,4.026,4.026,4.026,0,,False,False,True,,,,,,,,,,,,,,,False,False,19.574,,77.1,,75.7,,77.1,,,38,1,13,7,146324.3,19509.91,,Idle,,20,,10,,,20,Go Home,False,False,False,False,False,False,False,False,False,False,False,False,33.8027920380556,-117.4659261431046,5.7,2972.0,1049.4,396.9,True,1,1,False,False,False,False,,True,False,False,Course Lock,196.8,67,16.4,93,E,SW,2.9,2.9,Calm,False,True,Android,7.0.2,M300 RTK,1ZN7L4R0H1D00F,1W9DL31001461C,1ZMLH8300204F0,1Z6PH74DAP0QN7,"Corona, CA",728.3,5.7,137.7,8.547347,2.013246,0,0,DJI Matrice 300 RTK,M300 RTK,1ZN7L4R0H1D00F,1W9DL31001461C,1ZMLH8300204F0,1Z6PH74DAP0QN7,DJI Pilot,Android,7.0.2,1EF72A62-B7C3-C88D-164E-CE6F8C8424AE,1ZN7L4R0H1D00F,1W9DL31001461C,,1ZMLH8300204F0,1W9DL31001461C,,,,,
2023-11-01,11:24:41.94 AM,0m 19.6s,19.6,33.8027784231557,-117.4659166416808,14.1,14.1,15.4,1278,11.2,0,2.062356,0,0,0,1.342164,-0.671082,0,2,-2,2.8,-135.9,224.1,,Tripod,Other,,20,5,True,,True,False,,Smart,RC,False,True,False,,,True,,False,False,False,False,False,False,False,False,False,False,0,Follow Yaw,-88.9,0,-144,216,False,False,False,False,False,,0,0,False,False,No Card,100,100,1024,1024,1024,1024,2,False,False,False,False,False,0,False,False,False,False,99,,48.336,,9943,,10044,,48.336,,True,4.026,4.026,4.026,4.026,4.026,4.026,4.026,4.026,4.026,4.026,4.026,4.026,0,,False,False,True,,,,,,,,,,,,,,,False,False,19.574,,77.1,,75.7,,77.1,,,38,1,13,7,146324.3,19509.91,,Idle,,20,,10,,,20,Go Home,False,False,False,False,False,False,False,False,False,False,False,False,33.8027920380556,-117.4659261431046,5.7,2972.0,1049.4,396.9,True,1,1,False,False,False,False,,True,False,False,Course Lock,196.8,67,16.4,93,E,SW,2.9,2.9,Calm,False,True,Android,7.0.2,M300 RTK,1ZN7L4R0H1D00F,1W9DL31001461C,1ZMLH8300204F0,1Z6PH74DAP0QN7,"Corona, CA",728.3,5.7,137.7,8.547347,2.013246,0,0,DJI Matrice 300 RTK,M300 RTK,1ZN7L4R0H1D00F,1W9DL31001461C,1ZMLH8300204F0,1Z6PH74DAP0QN7,DJI Pilot,Android,7.0.2,1EF72A62-B7C3-C88D-164E-CE6F8C8424AE,1ZN7L4R0H1D00F,1W9DL31001461C,,1ZMLH8300204F0,1W9DL31001461C,,,,,
2023-11-01,11:24:42.00 AM,0m 19.7s,19.7,33.8027783025389,-117.4659166555351,14.1,14.1,15.4,1278,11.3,0,2.062356,0,0,0,1.342164,-0.447388,0,1.9,-2,2.7,-135.9,224.1,,Tripod,Other,,20,5,True,,True,False,,Smart,RC,False,True,False,,,True,,False,False,False,False,False,False,False,False,False,False,0,Follow Yaw,-88.9,0,-144,216,False,False,False,False,False,,0,0,False,False,No Card,100,100,1024,1024,1024,1024,2,False,False,False,False,False,0,False,False,False,False,99,,48.336,,9943,,10044,,48.336,,True,4.026,4.026,4.026,4.026,4.026,4.026,4.026,4.026,4.026,4.026,4.026,4.026,0,,False,False,True,,,,,,,,,,,,,,,False,False,19.574,,77.1,,75.7,,77.1,,,38,1,13,7,146324.3,19509.91,,Idle,,20,,10,,,20,Go Home,False,False,False,False,False,False,False,False,False,False,False,False,33.8027920380556,-117.4659261431046,5.7,2972.0,1049.4,396.9,True,1,1,False,False,False,False,,True,False,False,Course Lock,196.8,67,16.4,93,E,SW,2.9,2.9,Calm,False,False,Android,7.0.2,M300 RTK,1ZN7L4R0H1D00F,1W9DL31001461C,1ZMLH8300204F0,1Z6PH74DAP0QN7,"Corona, CA",728.3,5.7,137.7,8.547347,2.013246,0,0,DJI Matrice 300 RTK,M300 RTK,1ZN7L4R0H1D00F,1W9DL31001461C,1ZMLH8300204F0,1Z6PH74DAP0QN7,DJI Pilot,Android,7.0.2,1EF72A62-B7C3-C88D-164E-CE6F8C8424AE,1ZN7L4R0H1D00F,1W9DL31001461C,,1ZMLH8300204F0,1W9DL31001461C,,,,,
2023-11-01,11:24:42.14 AM,0m 19.8s,19.8,33.8027782669021,-117.4659166291459,14.4,14.4,15.7,1278,11.3,0,2.062356,0,0,0,1.342164,-0.223694,0,2.1,-2,2.9,-136,224,,Tripod,Other,,20,5,True,,True,False,,Smart,RC,False,True,False,,,True,,False,False,False,False,False,False,False,False,False,False,0,Follow Yaw,-88.9,0,-144,216,False,False,False,False,False,,0,0,False,False,No Card,100,100,1024,1024,1024,1024,2,False,False,False,False,False,0,False,False,False,False,99,,48.336,,9943,,10044,,48.336,,True,4.026,4.026,4.026,4.026,4.026,4.026,4.026,4.026,4.026,4.026,4.026,4.026,0,,False,False,True,,,,,,,,,,,,,,,False,False,19.574,,77.1,,75.7,,77.1,,,38,1,13,7,146324.3,19509.91,,Idle,,20,,10,,,20,Go Home,False,False,False,False,False,False,False,False,False,False,False,False,33.8027920380556,-117.4659261431046,5.7,2972.0,1049.4,396.9,True,1,1,False,False,False,False,,True,False,False,Course Lock,196.8,67,16.4,93,E,SW,2.9,2.9,Calm,False,True,Android,7.0.2,M300 RTK,1ZN7L4R0H1D00F,1W9DL31001461C,1ZMLH8300204F0,1Z6PH74DAP0QN7,"Corona, CA",728.3,5.7,137.7,8.547347,2.013246,0,0,DJI Matrice 300 RTK,M300 RTK,1ZN7L4R0H1D00F,1W9DL31001461C,1ZMLH8300204F0,1Z6PH74DAP0QN7,DJI Pilot,Android,7.0.2,1EF72A62-B7C3-C88D-164E-CE6F8C8424AE,1ZN7L4R0H1D00F,1W9DL31001461C,,1ZMLH8300204F0,1W9DL31001461C,,,,,
2023-11-01,11:24:42.24 AM,0m 19.9s,19.9,33.8027783008941,-117.4659168422386,14.4,14.4,15.7,1278,11.4,0,2.062356,0,0,0,1.342164,-0.223694,0,2.3,-2,3,-136.1,223.9,,Tripod,Other,,20,5,True,,True,False,,Smart,RC,False,True,False,,,True,,False,False,False,False,False,False,False,False,False,False,0,Follow Yaw,-88.9,0,-144,216,False,False,False,False,False,,0,0,False,False,No Card,100,100,1024,1024,1024,1024,2,False,False,False,False,False,0,False,False,False,False,99,,48.336,,9943,,10044,,48.336,,True,4.026,4.026,4.026,4.026,4.026,4.026,4.026,4.026,4.026,4.026,4.026,4.026,0,,False,False,True,,,,,,,,,,,,,,,False,False,19.574,,77.1,,75.7,,77.1,,,38,1,13,7,146324.3,19509.91,,Idle,,20,,10,,,20,Go Home,False,False,False,False,False,False,False,False,False,False,False,False,33.8027920380556,-117.4659261431046,5.7,2972.0,1049.4,396.9,True,1,1,False,False,False,False,,True,False,False,Course Lock,196.8,67,16.4,93,E,SW,2.9,2.9,Calm,False,False,Android,7.0.2,M300 RTK,1ZN7L4R0H1D00F,1W9DL31001461C,1ZMLH8300204F0,1Z6PH74DAP0QN7,"Corona, CA",728.3,5.7,137.7,8.547347,2.013246,0,0,DJI Matrice 300 RTK,M300 RTK,1ZN7L4R0H1D00F,1W9DL31001461C,1ZMLH8300204F0,1Z6PH74DAP0QN7,DJI Pilot,Android,7.0.2,1EF72A62-B7C3-C88D-164E-CE6F8C8424AE,1ZN7L4R0H1D00F,1W9DL31001461C,,1ZMLH8300204F0,1W9DL31001461C,,,,,
2023-11-01,11:24:42.31 AM,0m 20.0s,20.0,33.8027782679986,-117.4659168283842,14.4,14.4,15.7,1278,11.4,0,2.062356,0,0,0,1.342164,0,0,2.3,-2.1,3.1,-136.1,223.9,,Tripod,Other,,20,5,True,,True,False,,Smart,RC,False,True,False,,,True,,False,False,False,False,False,False,False,False,False,False,0,Follow Yaw,-88.9,0,-144,216,False,False,False,False,False,,0,0,False,False,No Card,100,100,1024,1024,1024,1024,2,False,False,False,False,False,0,False,False,False,False,99,,48.132,,9943,,10044,,48.132,,True,4.026,4.026,4.026,4.026,4.026,4.026,4.026,4.026,4.026,4.026,4.026,4.026,0,,False,False,True,,,,,,,,,,,,,,,False,False,20.326,,77.1,,75.7,,77.1,,,38,1,13,7,146324.3,19509.91,,Idle,,20,,10,,,20,Go Home,False,False,False,False,False,False,False,False,False,False,False,False,33.8027920380556,-117.4659261431046,5.7,2972.0,1049.4,396.9,True,1,1,False,False,False,False,,True,False,False,Course Lock,196.8,67,16.4,93,E,SW,2.9,2.9,Calm,False,False,Android,7.0.2,M300 RTK,1ZN7L4R0H1D00F,1W9DL31001461C,1ZMLH8300204F0,1Z6PH74DAP0QN7,"Corona, CA",728.3,5.7,137.7,8.547347,2.013246,0,0,DJI Matrice 300 RTK,M300 RTK,1ZN7L4R0H1D00F,1W9DL31001461C,1ZMLH8300204F0,1Z6PH74DAP0QN7,DJI Pilot,Android,7.0.2,1EF72A62-B7C3-C88D-164E-CE6F8C8424AE,1ZN7L4R0H1D00F,1W9DL31001461C,,1ZMLH8300204F0,1W9DL31001461C,,,,,
2023-11-01,11:24:42.44 AM,0m 20.1s,20.1,33.8027783398204,-117.4659168316828,14.4,14.4,15.7,1278,11.4,0,2.062356,0,0,0,1.342164,0,0,2.3,-1.9,2.9,-136,224,,Tripod,Other,,20,5,True,,True,False,,Smart,RC,False,True,False,,,True,,False,False,False,False,False,False,False,False,False,False,0,Follow Yaw,-88.9,0,-144,216,False,False,False,False,False,,0,0,False,False,No Card,100,100,1024,1024,1218,1024,2,False,False,False,False,False,0,False,False,False,False,99,,48.132,,9943,,10044,,48.132,,True,4.026,4.026,4.026,4.026,4.026,4.026,4.026,4.026,4.026,4.026,4.026,4.026,0,,False,False,True,,,,,,,,,,,,,,,False,False,20.326,,77.1,,75.7,,77.1,,,38,1,13,7,146324.3,19509.91,,Idle,,20,,10,,,20,Go Home,False,False,False,False,False,False,False,False,False,False,False,False,33.8027920380556,-117.4659261431046,5.7,2972.0,1049.4,396.9,True,1,1,False,False,False,False,,True,False,False,Course Lock,196.8,67,16.4,93,E,SW,2.9,2.9,Calm,False,False,Android,7.0.2,M300 RTK,1ZN7L4R0H1D00F,1W9DL31001461C,1ZMLH8300204F0,1Z6PH74DAP0QN7,"Corona, CA",728.3,5.7,137.7,8.547347,2.013246,0,0,DJI Matrice 300 RTK,M300 RTK,1ZN7L4R0H1D00F,1W9DL31001461C,1ZMLH8300204F0,1Z6PH74DAP0QN7,DJI Pilot,Android,7.0.2,1EF72A62-B7C3-C88D-164E-CE6F8C8424AE,1ZN7L4R0H1D00F,1W9DL31001461C,,1ZMLH8300204F0,1W9DL31001461C,,,,,
2023-11-01,11:24:42.52 AM,0m 20.2s,20.2,33.8027783184384,-117.4659168184883,14.4,14.4,15.7,1278,11.4,0,2.062356,0,0,0,1.342164,0,0,2.3,-1.8,2.9,-136,224,,Tripod,Other,,20,5,True,,True,False,,Smart,RC,False,True,False,,,True,,False,False,False,False,False,False,False,False,False,False,0,Follow Yaw,-88.9,0,-144,216,False,False,False,False,False,,0,0,False,False,No Card,100,100,1024,1024,1327,1024,2,False,False,False,False,False,0,False,False,False,False,99,,48.132,,9943,,10044,,48.132,,True,4.026,4.026,4.026,4.026,4.026,4.026,4.026,4.026,4.026,4.026,4.026,4.026,0,,False,False,True,,,,,,,,,,,,,,,False,False,20.326,,77.1,,75.7,,77.1,,,38,1,13,7,146324.3,19509.91,,Idle,,20,,10,,,20,Go Home,False,False,False,False,False,False,False,False,False,False,False,False,33.8027920380556,-117.4659261431046,5.7,2972.0,1049.4,396.9,True,1,1,False,False,False,False,,True,False,False,Course Lock,196.8,67,16.4,93,E,SW,3.13,3.13,Calm,False,True,Android,7.0.2,M300 RTK,1ZN7L4R0H1D00F,1W9DL31001461C,1ZMLH8300204F0,1Z6PH74DAP0QN7,"Corona, CA",728.3,5.7,137.7,8.547347,2.013246,0,0,DJI Matrice 300 RTK,M300 RTK,1ZN7L4R0H1D00F,1W9DL31001461C,1ZMLH8300204F0,1Z6PH74DAP0QN7,DJI Pilot,Android,7.0.2,1EF72A62-B7C3-C88D-164E-CE6F8C8424AE,1ZN7L4R0H1D00F,1W9DL31001461C,,1ZMLH8300204F0,1W9DL31001461C,,,,,
2023-11-01,11:24:42.62 AM,0m 20.3s,20.3,33.8027783710712,-117.4659167967172,14.4,14.4,16.0,1278,11.4,0,2.062356,0,0,0,1.342164,0,0,2.2,-1.8,2.8,-136,224,,Tripod,Other,,20,5,True,,True,False,,Smart,RC,False,True,False,,,True,,False,False,False,False,False,False,False,False,False,False,0,Follow Yaw,-88.9,0,-144,216,False,False,False,False,False,,0,0,False,False,No Card,100,100,1024,1024,1370,1024,2,False,False,False,False,False,0,False,False,False,False,99,,48.132,,9943,,10044,,48.132,,True,4.014,4.014,4.014,4.014,4.014,4.014,4.014,4.014,4.014,4.014,4.014,4.014,0,,False,False,True,,,,,,,,,,,,,,,False,False,20.326,,77.1,,75.7,,77.1,,,38,1,13,7,148080.5,19744.07,,Idle,,20,,10,,,20,Go Home,False,False,False,False,False,False,False,False,False,False,False,False,33.8027920380556,-117.4659261431046,5.7,2972.0,1049.4,396.9,True,1,1,False,False,False,False,,True,False,False,Course Lock,196.8,67,16.4,93,E,SW,3.13,3.13,Calm,False,False,Android,7.0.2,M300 RTK,1ZN7L4R0H1D00F,1W9DL31001461C,1ZMLH8300204F0,1Z6PH74DAP0QN7,"Corona, CA",728.3,5.7,137.7,8.547347,2.013246,0,0,DJI Matrice 300 RTK,M300 RTK,1ZN7L4R0H1D00F,1W9DL31001461C,1ZMLH8300204F0,1Z6PH74DAP0QN7,DJI Pilot,Android,7.0.2,1EF72A62-B7C3-C88D-164E-CE6F8C8424AE,1ZN7L4R0H1D00F,1W9DL31001461C,,1ZMLH8300204F0,1W9DL31001461C,,,,,
2023-11-01,11:24:42.74 AM,0m 20.4s,20.4,33.8027783672334,-117.4659167762656,14.4,14.4,16.0,1278,11.4,0,2.062356,0,0,0,1.342164,0,0,2.1,-1.7,2.7,-135.9,224.1,,Tripod,Other,,20,5,True,,True,False,,Smart,RC,False,True,False,,,True,,False,False,False,False,False,False,False,False,False,False,0,Follow Yaw,-88.9,0,-144,216,False,False,False,False,False,,0,0,False,False,No Card,100,100,1024,1024,1365,1024,2,False,False,False,False,False,0,False,False,False,False,99,,48.132,,9943,,10044,,48.132,,True,4.014,4.014,4.014,4.014,4.014,4.014,4.014,4.014,4.014,4.014,4.014,4.014,0,,False,False,True,,,,,,,,,,,,,,,False,False,20.326,,77.1,,75.7,,77.1,,,38,1,13,7,148080.5,19744.07,,Idle,,20,,10,,,20,Go Home,False,False,False,False,False,False,False,False,False,False,False,False,33.8027920380556,-117.4659261431046,5.7,2972.0,1049.4,396.9,True,1,1,False,False,False,False,,True,False,False,Course Lock,196.8,67,16.4,93,E,SW,3.13,3.13,Calm,False,True,Android,7.0.2,M300 RTK,1ZN7L4R0H1D00F,1W9DL31001461C,1ZMLH8300204F0,1Z6PH74DAP0QN7,"Corona, CA",728.3,5.7,137.7,8.547347,2.013246,0,0,DJI Matrice 300 RTK,M300 RTK,1ZN7L4R0H1D00F,1W9DL31001461C,1ZMLH8300204F0,1Z6PH74DAP0QN7,DJI Pilot,Android,7.0.2,1EF72A62-B7C3-C88D-164E-CE6F8C8424AE,1ZN7L4R0H1D00F,1W9DL31001461C,,1ZMLH8300204F0,1W9DL31001461C,,,,,
2023-11-01,11:24:42.84 AM,0m 20.5s,20.5,33.80277842809,-117.4659167828629,14.4,14.4,16.0,1278,11.5,0,2.062356,0,0,0,1.342164,-0.223694,0,2.1,-1.6,2.6,-135.9,224.1,,Tripod,Other,,20,5,True,,True,False,,Smart,RC,False,True,False,,,True,,False,False,False,False,False,False,False,False,False,False,0,Follow Yaw,-88.9,0,-144,216,False,False,False,False,False,,0,0,False,False,No Card,100,100,1024,1024,1361,1024,2,False,False,False,False,False,0,False,False,False,False,99,,48.132,,9943,,10044,,48.132,,True,4.014,4.014,4.014,4.014,4.014,4.014,4.014,4.014,4.014,4.014,4.014,4.014,0,,False,False,True,,,,,,,,,,,,,,,False,False,20.326,,77.1,,75.7,,77.1,,,38,1,13,7,148080.5,19744.07,,Idle,,20,,10,,,20,Go Home,False,False,False,False,False,False,False,False,False,False,False,False,33.8027920380556,-117.4659261431046,5.7,2972.0,1049.4,396.9,True,1,1,False,False,False,False,,True,False,False,Course Lock,196.8,67,16.4,93,E,SW,3.13,3.13,Calm,False,False,Android,7.0.2,M300 RTK,1ZN7L4R0H1D00F,1W9DL31001461C,1ZMLH8300204F0,1Z6PH74DAP0QN7,"Corona, CA",728.3,5.7,137.7,8.547347,2.013246,0,0,DJI Matrice 300 RTK,M300 RTK,1ZN7L4R0H1D00F,1W9DL31001461C,1ZMLH8300204F0,1Z6PH74DAP0QN7,DJI Pilot,Android,7.0.2,1EF72A62-B7C3-C88D-164E-CE6F8C8424AE,1ZN7L4R0H1D00F,1W9DL31001461C,,1ZMLH8300204F0,1W9DL31001461C,,,,,
2023-11-01,11:24:42.94 AM,0m 20.6s,20.6,33.8027784385069,-117.4659167690085,14.4,14.4,16.0,1278,11.5,0,2.062356,0,0,0,1.342164,-0.447388,0,2,-1.5,2.5,-135.9,224.1,,Tripod,Other,,20,5,True,,True,False,,Smart,RC,False,True,False,,,True,,False,False,False,False,False,False,False,False,False,False,0,Follow Yaw,-88.9,0,-144,216,False,False,False,False,False,,0,0,False,False,No Card,100,100,1024,1024,1328,1024,2,False,False,False,False,False,0,False,False,False,False,99,,48.132,,9943,,10044,,48.132,,True,4.014,4.014,4.014,4.014,4.014,4.014,4.014,4.014,4.014,4.014,4.014,4.014,0,,False,False,True,,,,,,,,,,,,,,,False,False,20.326,,77.1,,75.7,,77.1,,,38,1,13,7,148080.5,19744.07,,Idle,,20,,10,,,20,Go Home,False,False,False,False,False,False,False,False,False,False,False,False,33.8027920380556,-117.4659261431046,5.7,2972.0,1049.4,396.9,True,1,1,False,False,False,False,,True,False,False,Course Lock,196.8,67,16.4,93,E,SW,3.13,3.13,Calm,False,True,Android,7.0.2,M300 RTK,1ZN7L4R0H1D00F,1W9DL31001461C,1ZMLH8300204F0,1Z6PH74DAP0QN7,"Corona, CA",728.3,5.7,137.7,8.547347,2.013246,0,0,DJI Matrice 300 RTK,M300 RTK,1ZN7L4R0H1D00F,1W9DL31001461C,1ZMLH8300204F0,1Z6PH74DAP0QN7,DJI Pilot,Android,7.0.2,1EF72A62-B7C3-C88D-164E-CE6F8C8424AE,1ZN7L4R0H1D00F,1W9DL31001461C,,1ZMLH8300204F0,1W9DL31001461C,,,,,
2023-11-01,11:24:43.04 AM,0m 20.7s,20.7,33.8027784703059,-117.4659166344237,14.7,14.7,16.0,1279,11.5,0,2.062356,0,0,0,1.342164,-0.447388,0,2,-1.5,2.5,-135.8,224.2,,Tripod,Other,,20,5,True,,True,False,,Smart,RC,False,True,False,,,True,,False,False,False,False,False,False,False,False,False,False,0,Follow Yaw,-88.9,0,-144,216,False,False,False,False,False,,0,0,False,False,No Card,100,100,1024,1024,1103,1024,2,False,False,False,False,False,0,False,False,False,False,98,,47.856,,4886,,4986,,47.856,,True,4.014,4.014,4.014,4.014,4.014,4.014,4.014,4.014,4.014,4.014,4.014,4.014,0,,False,False,True,,,,,,,,,,,,,,,False,False,9.7,,76.4,,75.7,,77.1,,,38,1,13,7,148080.5,19744.07,,Idle,,20,,10,,,20,Go Home,False,False,False,False,False,False,False,False,False,False,False,False,33.8027920380556,-117.4659261431046,5.7,2972.0,1049.4,396.9,True,1,1,False,False,False,False,,True,False,False,Course Lock,196.8,67,16.4,93,E,SW,3.13,3.13,Calm,False,True,Android,7.0.2,M300 RTK,1ZN7L4R0H1D00F,1W9DL31001461C,1ZMLH8300204F0,1Z6PH74DAP0QN7,"Corona, CA",728.3,5.7,137.7,8.547347,2.013246,0,0,DJI Matrice 300 RTK,M300 RTK,1ZN7L4R0H1D00F,1W9DL31001461C,1ZMLH8300204F0,1Z6PH74DAP0QN7,DJI Pilot,Android,7.0.2,1EF72A62-B7C3-C88D-164E-CE6F8C8424AE,1ZN7L4R0H1D00F,1W9DL31001461C,,1ZMLH8300204F0,1W9DL31001461C,,,,,
2023-11-01,11:24:43.14 AM,0m 20.8s,20.8,33.8027784922363,-117.4659166100138,14.7,14.7,16.0,1279,11.5,0,2.062356,0,0,0,1.342164,-0.671082,0,1.9,-1.7,2.5,-135.9,224.1,,Tripod,Other,,20,5,True,,True,False,,Smart,RC,False,True,False,,,True,,False,False,False,False,False,False,False,False,False,False,0,Follow Yaw,-88.9,0,-144,216,False,False,False,False,False,,0,0,False,False,No Card,100,100,1024,1024,1024,1024,2,False,False,False,False,False,0,False,False,False,False,98,,47.856,,4886,,4986,,47.856,,True,4.014,4.014,4.014,4.014,4.014,4.014,4.014,4.014,4.014,4.014,4.014,4.014,0,,False,False,True,,,,,,,,,,,,,,,False,False,9.7,,76.4,,75.7,,77.1,,,38,1,13,7,148080.5,19744.07,,Idle,,20,,10,,,20,Go Home,False,False,False,False,False,False,False,False,False,False,False,False,33.8027920380556,-117.4659261431046,5.7,2972.0,1049.4,396.9,True,1,1,False,False,False,False,,True,False,False,Course Lock,196.8,67,16.4,93,E,SW,3.13,3.13,Calm,False,True,Android,7.0.2,M300 RTK,1ZN7L4R0H1D00F,1W9DL31001461C,1ZMLH8300204F0,1Z6PH74DAP0QN7,"Corona, CA",728.3,5.7,137.7,8.547347,2.013246,0,0,DJI Matrice 300 RTK,M300 RTK,1ZN7L4R0H1D00F,1W9DL31001461C,1ZMLH8300204F0,1Z6PH74DAP0QN7,DJI Pilot,Android,7.0.2,1EF72A62-B7C3-C88D-164E-CE6F8C8424AE,1ZN7L4R0H1D00F,1W9DL31001461C,,1ZMLH8300204F0,1W9DL31001461C,,,,,
2023-11-01,11:24:43.24 AM,0m 20.9s,20.9,33.8027786594551,-117.4659166964383,14.7,14.7,16.0,1279,11.6,0,2.062356,0,0,0,1.342164,-0.671082,0,1.8,-1.9,2.6,-135.9,224.1,,Tripod,Other,,20,5,True,,True,False,,Smart,RC,False,True,False,,,True,,False,False,False,False,False,False,False,False,False,False,0,Follow Yaw,-88.9,0,-144,216,False,False,False,False,False,,0,0,False,False,No Card,100,100,1024,1024,1024,1024,2,False,False,False,False,False,0,False,False,False,False,98,,47.856,,4886,,4986,,47.856,,True,4.014,4.014,4.014,4.014,4.014,4.014,4.014,4.014,4.014,4.014,4.014,4.014,0,,False,False,True,,,,,,,,,,,,,,,False,False,9.7,,76.4,,75.7,,77.1,,,38,1,13,7,148080.5,19744.07,,Idle,,20,,10,,,20,Go Home,False,False,False,False,False,False,False,False,False,False,False,False,33.8027920380556,-117.4659261431046,5.6,2972.0,1049.4,396.9,True,1,1,False,False,False,False,,True,False,False,Course Lock,196.8,67,16.4,93,E,SW,3.13,3.13,Calm,False,False,Android,7.0.2,M300 RTK,1ZN7L4R0H1D00F,1W9DL31001461C,1ZMLH8300204F0,1Z6PH74DAP0QN7,"Corona, CA",728.3,5.7,137.7,8.547347,2.013246,0,0,DJI Matrice 300 RTK,M300 RTK,1ZN7L4R0H1D00F,1W9DL31001461C,1ZMLH8300204F0,1Z6PH74DAP0QN7,DJI Pilot,Android,7.0.2,1EF72A62-B7C3-C88D-164E-CE6F8C8424AE,1ZN7L4R0H1D00F,1W9DL31001461C,,1ZMLH8300204F0,1W9DL31001461C,,,,,
2023-11-01,11:24:43.35 AM,0m 21.0s,21.0,33.8027786912541,-117.4659166832438,15.0,15.0,16.4,1279,11.6,0,2.062356,0,0,0,1.342164,-0.447388,0,1.7,-1.9,2.5,-135.9,224.1,,Tripod,Other,,20,5,True,,True,False,,Smart,RC,False,True,False,,,True,,False,False,False,False,False,False,False,False,False,False,0,Follow Yaw,-88.9,0,-144,216,False,False,False,False,False,,0,0,False,False,No Card,100,100,1024,1024,1024,1024,2,False,False,False,False,False,0,False,False,False,False,98,,47.892,,9842,,10044,,47.892,,True,4.014,4.014,4.014,4.014,4.014,4.014,4.014,4.014,4.014,4.014,4.014,4.014,0,,False,False,True,,,,,,,,,,,,,,,False,False,19.524,,77.3,,75.7,,77.3,,,38,1,13,7,148080.5,19744.07,,Idle,,20,,10,,,20,Go Home,False,False,False,False,False,False,False,False,False,False,False,False,33.8027920380556,-117.4659261431046,5.6,2972.0,1049.4,396.9,True,1,1,False,False,False,False,,True,False,False,Course Lock,196.8,67,16.4,93,E,SW,3.13,3.13,Calm,False,False,Android,7.0.2,M300 RTK,1ZN7L4R0H1D00F,1W9DL31001461C,1ZMLH8300204F0,1Z6PH74DAP0QN7,"Corona, CA",728.3,5.7,137.7,8.547347,2.013246,0,0,DJI Matrice 300 RTK,M300 RTK,1ZN7L4R0H1D00F,1W9DL31001461C,1ZMLH8300204F0,1Z6PH74DAP0QN7,DJI Pilot,Android,7.0.2,1EF72A62-B7C3-C88D-164E-CE6F8C8424AE,1ZN7L4R0H1D00F,1W9DL31001461C,,1ZMLH8300204F0,1W9DL31001461C,,,,,
2023-11-01,11:24:43.45 AM,0m 21.1s,21.1,33.8027786676789,-117.4659165902219,15.0,15.0,16.4,1279,11.6,0,2.062356,0,0,0,1.342164,-0.223694,0,1.7,-2,2.6,-135.9,224.1,,Tripod,Other,,20,5,True,,True,False,,Smart,RC,False,True,False,,,True,,False,False,False,False,False,False,False,False,False,False,0,Follow Yaw,-88.9,0,-144,216,False,False,False,False,False,,0,0,False,False,No Card,100,100,1024,1024,1024,1024,2,False,False,False,False,False,0,False,False,False,False,98,,47.892,,9842,,10044,,47.892,,True,4.014,4.014,4.014,4.014,4.014,4.014,4.014,4.014,4.014,4.014,4.014,4.014,0,,False,False,True,,,,,,,,,,,,,,,False,False,19.524,,77.3,,75.7,,77.3,,,38,1,13,7,148080.5,19744.07,,Idle,,20,,10,,,20,Go Home,False,False,False,False,False,False,False,False,False,False,False,False,33.8027920380556,-117.4659261431046,5.6,2972.0,1049.4,396.9,True,1,1,False,False,False,False,,True,False,False,Course Lock,196.8,67,16.4,93,E,SW,3.13,3.13,Calm,False,True,Android,7.0.2,M300 RTK,1ZN7L4R0H1D00F,1W9DL31001461C,1ZMLH8300204F0,1Z6PH74DAP0QN7,"Corona, CA",728.3,5.7,137.7,8.547347,2.013246,0,0,DJI Matrice 300 RTK,M300 RTK,1ZN7L4R0H1D00F,1W9DL31001461C,1ZMLH8300204F0,1Z6PH74DAP0QN7,DJI Pilot,Android,7.0.2,1EF72A62-B7C3-C88D-164E-CE6F8C8424AE,1ZN7L4R0H1D00F,1W9DL31001461C,,1ZMLH8300204F0,1W9DL31001461C,,,,,
2023-11-01,11:24:43.55 AM,0m 21.2s,21.2,33.8027786967366,-117.4659165638327,15.0,15.0,16.4,1279,11.6,0,2.062356,0,0,0,1.342164,-0.223694,0,1.8,-1.9,2.6,-136,224,,Tripod,Other,,20,5,True,,True,False,,Smart,RC,False,True,False,,,True,,False,False,False,False,False,False,False,False,False,False,0,Follow Yaw,-88.9,0,-144,216,False,False,False,False,False,,0,0,False,False,No Card,100,100,1024,1024,1024,1024,2,False,False,False,False,False,0,False,False,False,False,98,,47.892,,9842,,10044,,47.892,,True,4.014,4.014,4.014,4.014,4.014,4.014,4.014,4.014,4.014,4.014,4.014,4.014,0,,False,False,True,,,,,,,,,,,,,,,False,False,19.524,,77.3,,75.7,,77.3,,,38,1,13,7,148080.5,19744.07,,Idle,,20,,10,,,20,Go Home,False,False,False,False,False,False,False,False,False,False,False,False,33.8027920380556,-117.4659261431046,5.6,2972.0,1049.4,396.9,True,1,1,False,False,False,False,,True,False,False,Course Lock,196.8,67,16.4,93,E,SW,3.13,3.13,Calm,False,True,Android,7.0.2,M300 RTK,1ZN7L4R0H1D00F,1W9DL31001461C,1ZMLH8300204F0,1Z6PH74DAP0QN7,"Corona, CA",728.3,5.7,137.7,8.547347,2.013246,0,0,DJI Matrice 300 RTK,M300 RTK,1ZN7L4R0H1D00F,1W9DL31001461C,1ZMLH8300204F0,1Z6PH74DAP0QN7,DJI Pilot,Android,7.0.2,1EF72A62-B7C3-C88D-164E-CE6F8C8424AE,1ZN7L4R0H1D00F,1W9DL31001461C,,1ZMLH8300204F0,1W9DL31001461C,,,,,
2023-11-01,11:24:43.66 AM,0m 21.3s,21.3,33.8027786249148,-117.4659164180325,15.0,15.0,16.4,1279,11.7,0,2.062356,0,0,0,1.342164,-0.223694,0,1.9,-1.9,2.6,-136,224,,Tripod,Other,,20,5,True,,True,False,,Smart,RC,False,True,False,,,True,,False,False,False,False,False,False,False,False,False,False,0,Follow Yaw,-88.9,0,-144,216,False,False,False,False,False,,0,0,False,False,No Card,100,100,1024,1024,1024,1024,2,False,False,False,False,False,0,False,False,False,False,98,,47.892,,9842,,10044,,47.892,,True,4.007,4.007,4.007,4.007,4.007,4.007,4.007,4.007,4.007,4.007,4.007,4.007,0,,False,False,True,,,,,,,,,,,,,,,False,False,19.524,,77.3,,75.7,,77.3,,,38,1,13,7,149323.3,19909.78,,Idle,,20,,10,,,20,Go Home,False,False,False,False,False,False,False,False,False,False,False,False,33.8027920380556,-117.4659261431046,5.7,2972.0,1049.4,396.9,True,1,1,False,False,False,False,,True,False,False,Course Lock,196.8,67,16.4,93,E,SW,3.13,3.13,Calm,False,True,Android,7.0.2,M300 RTK,1ZN7L4R0H1D00F,1W9DL31001461C,1ZMLH8300204F0,1Z6PH74DAP0QN7,"Corona, CA",728.3,5.7,137.7,8.547347,2.013246,0,0,DJI Matrice 300 RTK,M300 RTK,1ZN7L4R0H1D00F,1W9DL31001461C,1ZMLH8300204F0,1Z6PH74DAP0QN7,DJI Pilot,Android,7.0.2,1EF72A62-B7C3-C88D-164E-CE6F8C8424AE,1ZN7L4R0H1D00F,1W9DL31001461C,,1ZMLH8300204F0,1W9DL31001461C,,,,,
2023-11-01,11:24:43.76 AM,0m 21.4s,21.4,33.8027786468451,-117.4659163758098,15.0,15.0,16.4,1279,11.7,0,2.062356,0,0,0,1.342164,0,0,2,-1.8,2.6,-136,224,,Tripod,Other,,20,5,True,,True,False,,Smart,RC,False,True,False,,,True,,False,False,False,False,False,False,False,False,False,False,0,Follow Yaw,-88.9,0,-144,216,False,False,False,False,False,,0,0,False,False,No Card,100,100,1024,1024,1024,1024,2,False,False,False,False,False,0,False,False,False,False,98,,47.892,,9842,,10044,,47.892,,True,4.007,4.007,4.007,4.007,4.007,4.007,4.007,4.007,4.007,4.007,4.007,4.007,0,,False,False,True,,,,,,,,,,,,,,,False,False,19.524,,77.3,,75.7,,77.3,,,38,1,13,7,149323.3,19909.78,,Idle,,20,,10,,,20,Go Home,False,False,False,False,False,False,False,False,False,False,False,False,33.8027920380556,-117.4659261431046,5.7,2972.0,1049.4,396.9,True,1,1,False,False,False,False,,True,False,False,Course Lock,196.8,67,16.4,93,E,SW,3.13,3.13,Calm,False,True,Android,7.0.2,M300 RTK,1ZN7L4R0H1D00F,1W9DL31001461C,1ZMLH8300204F0,1Z6PH74DAP0QN7,"Corona, CA",728.3,5.7,137.7,8.547347,2.013246,0,0,DJI Matrice 300 RTK,M300 RTK,1ZN7L4R0H1D00F,1W9DL31001461C,1ZMLH8300204F0,1Z6PH74DAP0QN7,DJI Pilot,Android,7.0.2,1EF72A62-B7C3-C88D-164E-CE6F8C8424AE,1ZN7L4R0H1D00F,1W9DL31001461C,,1ZMLH8300204F0,1W9DL31001461C,,,,,
2023-11-01,11:24:43.86 AM,0m 21.5s,21.5,33.802778589278,-117.4659162451833,15.0,15.0,16.7,1279,11.7,0,2.062356,0,0,0,1.342164,0,0,2,-1.7,2.6,-136,224,,Tripod,Other,,20,5,True,,True,False,,Smart,RC,False,True,False,,,True,,False,False,False,False,False,False,False,False,False,False,0,Follow Yaw,-88.9,0,-144,216,False,False,False,False,False,,0,0,False,False,No Card,100,100,1024,1024,1024,1024,2,False,False,False,False,False,0,False,False,False,False,98,,47.892,,9842,,10044,,47.892,,True,4.007,4.007,4.007,4.007,4.007,4.007,4.007,4.007,4.007,4.007,4.007,4.007,0,,False,False,True,,,,,,,,,,,,,,,False,False,19.524,,77.3,,75.7,,77.3,,,38,1,13,7,149323.3,19909.78,,Idle,,20,,10,,,20,Go Home,False,False,False,False,False,False,False,False,False,False,False,False,33.8027920380556,-117.4659261431046,5.7,2972.0,1049.4,396.9,True,1,1,False,False,False,False,,True,False,False,Course Lock,196.8,67,16.4,93,E,SW,3.13,3.13,Calm,False,True,Android,7.0.2,M300 RTK,1ZN7L4R0H1D00F,1W9DL31001461C,1ZMLH8300204F0,1Z6PH74DAP0QN7,"Corona, CA",728.3,5.7,137.7,8.547347,2.013246,0,0,DJI Matrice 300 RTK,M300 RTK,1ZN7L4R0H1D00F,1W9DL31001461C,1ZMLH8300204F0,1Z6PH74DAP0QN7,DJI Pilot,Android,7.0.2,1EF72A62-B7C3-C88D-164E-CE6F8C8424AE,1ZN7L4R0H1D00F,1W9DL31001461C,,1ZMLH8300204F0,1W9DL31001461C,,,,,
2023-11-01,11:24:43.97 AM,0m 21.6s,21.6,33.8027786106601,-117.4659161792104,15.0,15.0,16.7,1279,11.8,0,2.062356,0,0,0,1.342164,0,0,1.8,-1.7,2.4,-136,224,,Tripod,Other,,20,5,True,,True,False,,Smart,RC,False,True,False,,,True,,False,False,False,False,False,False,False,False,False,False,0,Follow Yaw,-88.9,0,-144,216,False,False,False,False,False,,0,0,False,False,No Card,100,100,1024,1024,1024,1024,2,False,False,False,False,False,0,False,False,False,False,98,,47.892,,9842,,10044,,47.892,,True,4.007,4.007,4.007,4.007,4.007,4.007,4.007,4.007,4.007,4.007,4.007,4.007,0,,False,False,True,,,,,,,,,,,,,,,False,False,19.524,,77.3,,75.7,,77.3,,,38,1,13,7,149323.3,19909.78,,Idle,,20,,10,,,20,Go Home,False,False,False,False,False,False,False,False,False,False,False,False,33.8027920380556,-117.4659261431046,5.7,2972.0,1049.4,396.9,True,1,1,False,False,False,False,,True,False,False,Course Lock,196.8,67,16.4,93,E,SW,3.35,3.35,Calm,False,True,Android,7.0.2,M300 RTK,1ZN7L4R0H1D00F,1W9DL31001461C,1ZMLH8300204F0,1Z6PH74DAP0QN7,"Corona, CA",728.3,5.7,137.7,8.547347,2.013246,0,0,DJI Matrice 300 RTK,M300 RTK,1ZN7L4R0H1D00F,1W9DL31001461C,1ZMLH8300204F0,1Z6PH74DAP0QN7,DJI Pilot,Android,7.0.2,1EF72A62-B7C3-C88D-164E-CE6F8C8424AE,1ZN7L4R0H1D00F,1W9DL31001461C,,1ZMLH8300204F0,1W9DL31001461C,,,,,
2023-11-01,11:24:44.07 AM,0m 21.7s,21.7,33.8027786029845,-117.4659162399055,15.0,15.0,16.7,1279,11.8,0,2.062356,0,0,0,1.342164,0,0,1.6,-1.7,2.3,-136,224,,Tripod,Other,,20,5,True,,True,False,,Smart,RC,False,True,False,,,True,,False,False,False,False,False,False,False,False,False,False,0,Follow Yaw,-88.9,0,-144,216,False,False,False,False,False,,0,0,False,False,No Card,100,100,1024,1024,1024,1024,2,False,False,False,False,False,0,False,False,False,False,98,,47.892,,9842,,10044,,47.892,,True,4.007,4.007,4.007,4.007,4.007,4.007,4.007,4.007,4.007,4.007,4.007,4.007,0,,False,False,True,,,,,,,,,,,,,,,False,False,19.524,,77.3,,75.7,,77.3,,,38,1,13,7,149323.3,19909.78,,Idle,,20,,10,,,20,Go Home,False,False,False,False,False,False,False,False,False,False,False,False,33.8027920380556,-117.4659261431046,5.7,2972.0,1049.4,396.9,True,1,1,False,False,False,False,,True,False,False,Course Lock,196.8,67,16.4,93,E,SW,3.35,3.35,Calm,False,False,Android,7.0.2,M300 RTK,1ZN7L4R0H1D00F,1W9DL31001461C,1ZMLH8300204F0,1Z6PH74DAP0QN7,"Corona, CA",728.3,5.7,137.7,8.547347,2.013246,0,0,DJI Matrice 300 RTK,M300 RTK,1ZN7L4R0H1D00F,1W9DL31001461C,1ZMLH8300204F0,1Z6PH74DAP0QN7,DJI Pilot,Android,7.0.2,1EF72A62-B7C3-C88D-164E-CE6F8C8424AE,1ZN7L4R0H1D00F,1W9DL31001461C,,1ZMLH8300204F0,1W9DL31001461C,,,,,
2023-11-01,11:24:44.17 AM,0m 21.8s,21.8,33.80277862327,-117.4659161871271,15.0,15.0,16.7,1279,11.8,0,2.062356,0,0,0,1.342164,0,0,1.4,-1.6,2.1,-136,224,,Tripod,Other,,20,5,True,,True,False,,Smart,RC,False,True,False,,,True,,False,False,False,False,False,False,False,False,False,False,0,Follow Yaw,-88.9,0,-144,216,False,False,False,False,False,,0,0,False,False,No Card,100,100,1024,1024,1024,1024,2,False,False,False,False,False,0,False,False,False,False,98,,47.892,,9842,,10044,,47.892,,True,4.007,4.007,4.007,4.007,4.007,4.007,4.007,4.007,4.007,4.007,4.007,4.007,0,,False,False,True,,,,,,,,,,,,,,,False,False,19.524,,77.3,,75.7,,77.3,,,38,1,13,7,149323.3,19909.78,,Idle,,20,,10,,,20,Go Home,False,False,False,False,False,False,False,False,False,False,False,False,33.8027920380556,-117.4659261431046,5.7,2972.0,1049.4,396.9,True,1,1,False,False,False,False,,True,False,False,Course Lock,196.8,67,16.4,93,E,SW,3.35,3.35,Calm,False,True,Android,7.0.2,M300 RTK,1ZN7L4R0H1D00F,1W9DL31001461C,1ZMLH8300204F0,1Z6PH74DAP0QN7,"Corona, CA",728.3,5.7,137.7,8.547347,2.013246,0,0,DJI Matrice 300 RTK,M300 RTK,1ZN7L4R0H1D00F,1W9DL31001461C,1ZMLH8300204F0,1Z6PH74DAP0QN7,DJI Pilot,Android,7.0.2,1EF72A62-B7C3-C88D-164E-CE6F8C8424AE,1ZN7L4R0H1D00F,1W9DL31001461C,,1ZMLH8300204F0,1W9DL31001461C,,,,,
2023-11-01,11:24:44.27 AM,0m 21.9s,21.9,33.8027785810541,-117.4659161158764,15.0,15.0,16.7,1279,11.8,0,2.062356,0,0,0,1.342164,0,0,1.3,-1.6,2,-135.9,224.1,,Tripod,Other,,20,5,True,,True,False,,Smart,RC,False,True,False,,,True,,False,False,False,False,False,False,False,False,False,False,0,Follow Yaw,-88.9,0,-144,216,False,False,False,False,False,,0,0,False,False,No Card,100,100,1024,1024,1024,1024,2,False,False,False,False,False,0,False,False,False,False,98,,48.324,,4886,,4986,,48.324,,True,4.007,4.007,4.007,4.007,4.007,4.007,4.007,4.007,4.007,4.007,4.007,4.007,0,,False,False,True,,,,,,,,,,,,,,,False,False,9.722,,76.4,,75.7,,77.3,,,38,1,13,7,149323.3,19909.78,,Idle,,20,,10,,,20,Go Home,False,False,False,False,False,False,False,False,False,False,False,False,33.8027920380556,-117.4659261431046,5.7,2972.0,1049.4,396.9,True,1,1,False,False,False,False,,True,False,False,Course Lock,196.8,67,16.4,93,E,SW,3.35,3.35,Calm,False,True,Android,7.0.2,M300 RTK,1ZN7L4R0H1D00F,1W9DL31001461C,1ZMLH8300204F0,1Z6PH74DAP0QN7,"Corona, CA",728.3,5.7,137.7,8.547347,2.013246,0,0,DJI Matrice 300 RTK,M300 RTK,1ZN7L4R0H1D00F,1W9DL31001461C,1ZMLH8300204F0,1Z6PH74DAP0QN7,DJI Pilot,Android,7.0.2,1EF72A62-B7C3-C88D-164E-CE6F8C8424AE,1ZN7L4R0H1D00F,1W9DL31001461C,,1ZMLH8300204F0,1W9DL31001461C,,,,,
2023-11-01,11:24:44.38 AM,0m 22.0s,22.0,33.8027785920193,-117.4659160696953,15.0,15.0,16.4,1279,11.8,0,2.062356,0,0,0,1.342164,0,0,1.3,-1.6,2,-135.9,224.1,,Tripod,Other,,20,5,True,,True,False,,Smart,RC,False,True,False,,,True,,False,False,False,False,False,False,False,False,False,False,0,Follow Yaw,-88.9,0,-144,216,False,False,False,False,False,,0,0,False,False,No Card,100,100,1024,1024,1024,1024,2,False,False,False,False,False,0,False,False,False,False,98,,48.324,,9842,,10044,,48.324,,True,4.007,4.007,4.007,4.007,4.007,4.007,4.007,4.007,4.007,4.007,4.007,4.007,0,,False,False,True,,,,,,,,,,,,,,,False,False,20.058,,77.3,,75.7,,77.3,,,38,1,13,7,149323.3,19909.78,,Idle,,20,,10,,,20,Go Home,False,False,False,False,False,False,False,False,False,False,False,False,33.8027920380556,-117.4659261431046,5.7,2972.0,1049.4,396.9,True,1,1,False,False,False,False,,True,False,False,Course Lock,196.8,67,16.4,93,E,SW,3.35,3.35,Calm,False,True,Android,7.0.2,M300 RTK,1ZN7L4R0H1D00F,1W9DL31001461C,1ZMLH8300204F0,1Z6PH74DAP0QN7,"Corona, CA",728.3,5.7,137.7,8.547347,2.013246,0,0,DJI Matrice 300 RTK,M300 RTK,1ZN7L4R0H1D00F,1W9DL31001461C,1ZMLH8300204F0,1Z6PH74DAP0QN7,DJI Pilot,Android,7.0.2,1EF72A62-B7C3-C88D-164E-CE6F8C8424AE,1ZN7L4R0H1D00F,1W9DL31001461C,,1ZMLH8300204F0,1W9DL31001461C,,,,,
2023-11-01,11:24:44.44 AM,0m 22.1s,22.1,33.8027787159257,-117.4659161990023,15.0,15.0,16.4,1279,11.9,0,2.062356,0,0,0,1.342164,0,0,1.4,-1.6,2.1,-135.8,224.2,,Tripod,Other,,20,5,True,,True,False,,Smart,RC,False,True,False,,,True,,False,False,False,False,False,False,False,False,False,False,0,Follow Yaw,-88.9,0,-144,216,False,False,False,False,False,,0,0,False,False,No Card,100,100,1024,1024,1024,1024,2,False,False,False,False,False,0,False,False,False,False,98,,48.324,,9842,,10044,,48.324,,True,4.007,4.007,4.007,4.007,4.007,4.007,4.007,4.007,4.007,4.007,4.007,4.007,0,,False,False,True,,,,,,,,,,,,,,,False,False,20.058,,77.3,,75.7,,77.3,,,38,1,13,7,149323.3,19909.78,,Idle,,20,,10,,,20,Go Home,False,False,False,False,False,False,False,False,False,False,False,False,33.8027920380556,-117.4659261431046,5.7,2972.0,1049.4,396.9,True,1,1,False,False,False,False,,True,False,False,Course Lock,196.8,67,16.4,93,E,SW,3.35,3.35,Calm,False,False,Android,7.0.2,M300 RTK,1ZN7L4R0H1D00F,1W9DL31001461C,1ZMLH8300204F0,1Z6PH74DAP0QN7,"Corona, CA",728.3,5.7,137.7,8.547347,2.013246,0,0,DJI Matrice 300 RTK,M300 RTK,1ZN7L4R0H1D00F,1W9DL31001461C,1ZMLH8300204F0,1Z6PH74DAP0QN7,DJI Pilot,Android,7.0.2,1EF72A62-B7C3-C88D-164E-CE6F8C8424AE,1ZN7L4R0H1D00F,1W9DL31001461C,,1ZMLH8300204F0,1W9DL31001461C,,,,,
2023-11-01,11:24:44.54 AM,0m 22.2s,22.2,33.8027787219565,-117.4659161785507,15.0,15.0,16.4,1279,11.9,0,2.062356,0,0,0,1.342164,0,0,1.7,-1.6,2.3,-135.8,224.2,,Tripod,Other,,20,5,True,,True,False,,Smart,RC,False,True,False,,,True,,False,False,False,False,False,False,False,False,False,False,0,Follow Yaw,-88.9,0,-144,216,False,False,False,False,False,,0,0,False,False,No Card,100,100,1024,1024,1024,1024,2,False,False,False,False,False,0,False,False,False,False,98,,48.324,,9842,,10044,,48.324,,True,4.007,4.007,4.007,4.007,4.007,4.007,4.007,4.007,4.007,4.007,4.007,4.007,0,,False,False,True,,,,,,,,,,,,,,,False,False,20.058,,77.3,,75.7,,77.3,,,38,1,13,7,149323.3,19909.78,,Idle,,20,,10,,,20,Go Home,False,False,False,False,False,False,False,False,False,False,False,False,33.8027920380556,-117.4659261431046,5.7,2972.0,1049.4,396.9,True,1,1,False,False,False,False,,True,False,False,Course Lock,196.8,67,16.4,93,E,SW,3.35,3.35,Calm,False,True,Android,7.0.2,M300 RTK,1ZN7L4R0H1D00F,1W9DL31001461C,1ZMLH8300204F0,1Z6PH74DAP0QN7,"Corona, CA",728.3,5.7,137.7,8.547347,2.013246,0,0,DJI Matrice 300 RTK,M300 RTK,1ZN7L4R0H1D00F,1W9DL31001461C,1ZMLH8300204F0,1Z6PH74DAP0QN7,DJI Pilot,Android,7.0.2,1EF72A62-B7C3-C88D-164E-CE6F8C8424AE,1ZN7L4R0H1D00F,1W9DL31001461C,,1ZMLH8300204F0,1W9DL31001461C,,,,,
2023-11-01,11:24:44.64 AM,0m 22.3s,22.3,33.8027786462969,-117.4659161515018,15.0,15.0,16.4,1279,11.9,0,2.062356,0,0,0,1.342164,0,0,1.9,-1.5,2.4,-135.8,224.2,,Tripod,Other,,20,5,True,,True,False,,Smart,RC,False,True,False,,,True,,False,False,False,False,False,False,False,False,False,False,0,Follow Yaw,-88.9,0,-144,216,False,False,False,False,False,,0,0,False,False,No Card,100,100,1024,1024,1024,1024,2,False,False,False,False,False,0,False,False,False,False,98,,48.324,,9842,,10044,,48.324,,True,4.005,4.005,4.005,4.005,4.005,4.005,4.005,4.005,4.005,4.005,4.005,4.005,0,,False,False,True,,,,,,,,,,,,,,,False,False,20.058,,77.3,,75.7,,77.3,,,38,1,13,7,150089.2,20011.90,,Idle,,20,,10,,,20,Go Home,False,False,False,False,False,False,False,False,False,False,False,False,33.8027920380556,-117.4659261431046,5.7,2972.0,1049.4,396.9,True,1,1,False,False,False,False,,True,False,False,Course Lock,196.8,67,16.4,93,E,SW,3.35,3.35,Calm,False,False,Android,7.0.2,M300 RTK,1ZN7L4R0H1D00F,1W9DL31001461C,1ZMLH8300204F0,1Z6PH74DAP0QN7,"Corona, CA",728.3,5.7,137.7,8.547347,2.013246,0,0,DJI Matrice 300 RTK,M300 RTK,1ZN7L4R0H1D00F,1W9DL31001461C,1ZMLH8300204F0,1Z6PH74DAP0QN7,DJI Pilot,Android,7.0.2,1EF72A62-B7C3-C88D-164E-CE6F8C8424AE,1ZN7L4R0H1D00F,1W9DL31001461C,,1ZMLH8300204F0,1W9DL31001461C,,,,,
2023-11-01,11:24:44.74 AM,0m 22.4s,22.4,33.80277863588,-117.4659161383072,15.0,15.0,16.4,1279,11.9,0,2.062356,0,0,0,1.342164,0,0,2.1,-1.4,2.5,-135.8,224.2,,Tripod,Other,,20,5,True,,True,False,,Smart,RC,False,True,False,,,True,,False,False,False,False,False,False,False,False,False,False,0,Follow Yaw,-88.9,0,-144,216,False,False,False,False,False,,0,0,False,False,No Card,100,100,1024,1024,1024,1024,2,False,False,False,False,False,0,False,False,False,False,98,,48.324,,9842,,10044,,48.324,,True,4.005,4.005,4.005,4.005,4.005,4.005,4.005,4.005,4.005,4.005,4.005,4.005,0,,False,False,True,,,,,,,,,,,,,,,False,False,20.058,,77.3,,75.7,,77.3,,,38,1,13,7,150089.2,20011.90,,Idle,,20,,10,,,20,Go Home,False,False,False,False,False,False,False,False,False,False,False,False,33.8027920380556,-117.4659261431046,5.7,2972.0,1049.4,396.9,True,1,1,False,False,False,False,,True,False,False,Course Lock,196.8,67,16.4,93,E,SW,3.35,3.35,Calm,False,True,Android,7.0.2,M300 RTK,1ZN7L4R0H1D00F,1W9DL31001461C,1ZMLH8300204F0,1Z6PH74DAP0QN7,"Corona, CA",728.3,5.7,137.7,8.547347,2.013246,0,0,DJI Matrice 300 RTK,M300 RTK,1ZN7L4R0H1D00F,1W9DL31001461C,1ZMLH8300204F0,1Z6PH74DAP0QN7,DJI Pilot,Android,7.0.2,1EF72A62-B7C3-C88D-164E-CE6F8C8424AE,1ZN7L4R0H1D00F,1W9DL31001461C,,1ZMLH8300204F0,1W9DL31001461C,,,,,
2023-11-01,11:24:44.84 AM,0m 22.5s,22.5,33.8027786002432,-117.4659160749732,15.0,15.0,16.4,1279,12.0,0,2.062356,0,0,0,1.342164,0,0,2.2,-1.2,2.5,-135.8,224.2,,Tripod,Other,,20,5,True,,True,False,,Smart,RC,False,True,False,,,True,,False,False,False,False,False,False,False,False,False,False,0,Follow Yaw,-88.9,0,-144,216,False,False,False,False,False,,0,0,False,False,No Card,100,100,1024,1024,1024,1024,2,False,False,False,False,False,0,False,False,False,False,98,,48.324,,9842,,10044,,48.324,,True,4.005,4.005,4.005,4.005,4.005,4.005,4.005,4.005,4.005,4.005,4.005,4.005,0,,False,False,True,,,,,,,,,,,,,,,False,False,20.058,,77.3,,75.7,,77.3,,,38,1,13,7,150089.2,20011.90,,Idle,,20,,10,,,20,Go Home,False,False,False,False,False,False,False,False,False,False,False,False,33.8027920380556,-117.4659261431046,5.7,2972.0,1049.4,396.9,True,1,1,False,False,False,False,,True,False,False,Course Lock,196.8,67,16.4,93,E,SW,3.35,3.35,Calm,False,True,Android,7.0.2,M300 RTK,1ZN7L4R0H1D00F,1W9DL31001461C,1ZMLH8300204F0,1Z6PH74DAP0QN7,"Corona, CA",728.3,5.7,137.7,8.547347,2.013246,0,0,DJI Matrice 300 RTK,M300 RTK,1ZN7L4R0H1D00F,1W9DL31001461C,1ZMLH8300204F0,1Z6PH74DAP0QN7,DJI Pilot,Android,7.0.2,1EF72A62-B7C3-C88D-164E-CE6F8C8424AE,1ZN7L4R0H1D00F,1W9DL31001461C,,1ZMLH8300204F0,1W9DL31001461C,,,,,
2023-11-01,11:24:44.94 AM,0m 22.6s,22.6,33.8027785942123,-117.4659160630981,15.0,15.0,16.4,1279,12.0,0,2.062356,0,0,0,1.342164,0,0,2.2,-1.2,2.5,-135.9,224.1,,Tripod,Other,,20,5,True,,True,False,,Smart,RC,False,True,False,,,True,,False,False,False,False,False,False,False,False,False,False,0,Follow Yaw,-88.9,0,-144,216,False,False,False,False,False,,0,0,False,False,No Card,100,100,1024,1063,1024,1024,2,False,False,False,False,False,0,False,False,False,False,98,,48.324,,9842,,10044,,48.324,,True,4.005,4.005,4.005,4.005,4.005,4.005,4.005,4.005,4.005,4.005,4.005,4.005,0,,False,False,True,,,,,,,,,,,,,,,False,False,20.058,,77.3,,75.7,,77.3,,,38,1,13,7,150089.2,20011.90,,Idle,,20,,10,,,20,Go Home,False,False,False,False,False,False,False,False,False,False,False,False,33.8027920380556,-117.4659261431046,5.7,2972.0,1049.4,396.9,True,1,1,False,False,False,False,,True,False,False,Course Lock,196.8,67,16.4,93,E,SW,3.35,3.35,Calm,False,True,Android,7.0.2,M300 RTK,1ZN7L4R0H1D00F,1W9DL31001461C,1ZMLH8300204F0,1Z6PH74DAP0QN7,"Corona, CA",728.3,5.7,137.7,8.547347,2.013246,0,0,DJI Matrice 300 RTK,M300 RTK,1ZN7L4R0H1D00F,1W9DL31001461C,1ZMLH8300204F0,1Z6PH74DAP0QN7,DJI Pilot,Android,7.0.2,1EF72A62-B7C3-C88D-164E-CE6F8C8424AE,1ZN7L4R0H1D00F,1W9DL31001461C,,1ZMLH8300204F0,1W9DL31001461C,,,,,
2023-11-01,11:24:45.01 AM,0m 22.7s,22.7,33.8027786057258,-117.4659161257724,15.0,15.0,16.4,1279,12.0,0,2.062356,0,0,0,1.342164,0,0,2.2,-1.2,2.5,-135.9,224.1,,Tripod,Other,,20,5,True,,True,False,,Smart,RC,False,True,False,,,True,,False,False,False,False,False,False,False,False,False,False,0,Follow Yaw,-88.9,0,-144,216,False,False,False,False,False,,0,0,False,False,No Card,100,100,1024,1118,1024,1024,2,False,False,False,False,False,0,False,False,False,False,98,,48.324,,9842,,10044,,48.324,,True,4.005,4.005,4.005,4.005,4.005,4.005,4.005,4.005,4.005,4.005,4.005,4.005,0,,False,False,True,,,,,,,,,,,,,,,False,False,20.058,,77.3,,75.7,,77.3,,,38,1,13,7,150089.2,20011.90,,Idle,,20,,10,,,20,Go Home,False,False,False,False,False,False,False,False,False,False,False,False,33.8027920380556,-117.4659261431046,5.7,2972.0,1049.4,396.9,True,1,1,False,False,False,False,,True,False,False,Course Lock,196.8,67,16.4,93,E,SW,3.35,3.35,Calm,False,False,Android,7.0.2,M300 RTK,1ZN7L4R0H1D00F,1W9DL31001461C,1ZMLH8300204F0,1Z6PH74DAP0QN7,"Corona, CA",728.3,5.7,137.7,8.547347,2.013246,0,0,DJI Matrice 300 RTK,M300 RTK,1ZN7L4R0H1D00F,1W9DL31001461C,1ZMLH8300204F0,1Z6PH74DAP0QN7,DJI Pilot,Android,7.0.2,1EF72A62-B7C3-C88D-164E-CE6F8C8424AE,1ZN7L4R0H1D00F,1W9DL31001461C,,1ZMLH8300204F0,1W9DL31001461C,,,,,
2023-11-01,11:24:45.14 AM,0m 22.8s,22.8,33.8027786051775,-117.4659161264322,15.0,15.0,16.4,1279,12.0,0,2.062356,0,0,0,1.342164,0,0,2.2,-1.3,2.5,-136,224,,Tripod,Other,,20,5,True,,True,False,,Smart,RC,False,True,False,,,True,,False,False,False,False,False,False,False,False,False,False,0,Follow Yaw,-88.9,0,-144,216,False,False,False,False,False,,0,0,False,False,No Card,100,100,1024,1122,1024,1024,2,False,False,False,False,False,0,False,False,False,False,98,,48.324,,9842,,10044,,48.324,,True,4.005,4.005,4.005,4.005,4.005,4.005,4.005,4.005,4.005,4.005,4.005,4.005,0,,False,False,True,,,,,,,,,,,,,,,False,False,20.058,,77.3,,75.7,,77.3,,,38,1,13,7,150089.2,20011.90,,Idle,,20,,10,,,20,Go Home,False,False,False,False,False,False,False,False,False,False,False,False,33.8027920380556,-117.4659261431046,5.7,2972.0,1049.4,396.9,True,1,1,False,False,False,False,,True,False,False,Course Lock,196.8,67,16.4,93,E,SW,3.35,3.35,Calm,False,False,Android,7.0.2,M300 RTK,1ZN7L4R0H1D00F,1W9DL31001461C,1ZMLH8300204F0,1Z6PH74DAP0QN7,"Corona, CA",728.3,5.7,137.7,8.547347,2.013246,0,0,DJI Matrice 300 RTK,M300 RTK,1ZN7L4R0H1D00F,1W9DL31001461C,1ZMLH8300204F0,1Z6PH74DAP0QN7,DJI Pilot,Android,7.0.2,1EF72A62-B7C3-C88D-164E-CE6F8C8424AE,1ZN7L4R0H1D00F,1W9DL31001461C,,1ZMLH8300204F0,1W9DL31001461C,,,,,
2023-11-01,11:24:45.24 AM,0m 22.9s,22.9,33.8027786391695,-117.4659163461221,15.0,15.0,16.4,1279,12.1,0,2.062356,0,0,0,1.342164,0,0,1.8,-1.4,2.2,-136,224,,Tripod,Other,,20,5,True,,True,False,,Smart,RC,False,True,False,,,True,,False,False,False,False,False,False,False,False,False,False,0,Follow Yaw,-88.9,0,-144,216,False,False,False,False,False,,0,0,False,False,No Card,100,100,1024,1185,1024,1024,2,False,False,False,False,False,0,False,False,False,False,98,,48.324,,9842,,10044,,48.324,,True,4.005,4.005,4.005,4.005,4.005,4.005,4.005,4.005,4.005,4.005,4.005,4.005,0,,False,False,True,,,,,,,,,,,,,,,False,False,20.058,,77.3,,75.7,,77.3,,,38,1,13,7,150089.2,20011.90,,Idle,,20,,10,,,20,Go Home,False,False,False,False,False,False,False,False,False,False,False,False,33.8027920380556,-117.4659261431046,5.7,2972.0,1049.4,396.9,True,1,1,False,False,False,False,,True,False,False,Course Lock,196.8,67,16.4,93,E,SW,3.35,3.35,Calm,False,False,Android,7.0.2,M300 RTK,1ZN7L4R0H1D00F,1W9DL31001461C,1ZMLH8300204F0,1Z6PH74DAP0QN7,"Corona, CA",728.3,5.7,137.7,8.547347,2.013246,0,0,DJI Matrice 300 RTK,M300 RTK,1ZN7L4R0H1D00F,1W9DL31001461C,1ZMLH8300204F0,1Z6PH74DAP0QN7,DJI Pilot,Android,7.0.2,1EF72A62-B7C3-C88D-164E-CE6F8C8424AE,1ZN7L4R0H1D00F,1W9DL31001461C,,1ZMLH8300204F0,1W9DL31001461C,,,,,
2023-11-01,11:24:45.34 AM,0m 23.0s,23.0,33.8027786430073,-117.4659163810877,15.0,15.0,16.4,1279,12.1,0,2.062356,0,0,0,1.342164,0,0,1.3,-1.6,2,-136.1,223.9,,Tripod,Other,,20,5,True,,True,False,,Smart,RC,False,True,False,,,True,,False,False,False,False,False,False,False,False,False,False,0,Follow Yaw,-88.9,0,-144,216,False,False,False,False,False,,0,0,False,False,No Card,100,100,1024,1167,1024,1024,2,False,False,False,False,False,0,False,False,False,False,98,,48.108,,9842,,10044,,48.108,,True,4.005,4.005,4.005,4.005,4.005,4.005,4.005,4.005,4.005,4.005,4.005,4.005,0,,False,False,True,,,,,,,,,,,,,,,False,False,18.752,,77.3,,75.7,,77.3,,,38,1,13,7,150089.2,20011.90,,Idle,,20,,10,,,20,Go Home,False,False,False,False,False,False,False,False,False,False,False,False,33.8027920380556,-117.4659261431046,5.7,2972.0,1049.4,396.9,True,1,1,False,False,False,False,,True,False,False,Course Lock,196.8,67,16.4,93,E,SW,3.35,3.35,Calm,False,False,Android,7.0.2,M300 RTK,1ZN7L4R0H1D00F,1W9DL31001461C,1ZMLH8300204F0,1Z6PH74DAP0QN7,"Corona, CA",728.3,5.7,137.7,8.547347,2.013246,0,0,DJI Matrice 300 RTK,M300 RTK,1ZN7L4R0H1D00F,1W9DL31001461C,1ZMLH8300204F0,1Z6PH74DAP0QN7,DJI Pilot,Android,7.0.2,1EF72A62-B7C3-C88D-164E-CE6F8C8424AE,1ZN7L4R0H1D00F,1W9DL31001461C,,1ZMLH8300204F0,1W9DL31001461C,,,,,
2023-11-01,11:24:45.43 AM,0m 23.1s,23.1,33.8027784878502,-117.4659162141762,15.0,15.0,16.4,1279,12.2,0,2.062356,0,0,0,1.342164,0,0,0.9,-1.6,1.8,-136.1,223.9,,Tripod,Other,,20,5,True,,True,False,,Smart,RC,False,True,False,,,True,,False,False,False,False,False,False,False,False,False,False,0,Follow Yaw,-88.9,0,-144,216,False,False,False,False,False,,0,0,False,False,No Card,100,100,1024,1163,1024,1024,2,False,False,False,False,False,0,False,False,False,False,98,,48.108,,9842,,10044,,48.108,,True,4.005,4.005,4.005,4.005,4.005,4.005,4.005,4.005,4.005,4.005,4.005,4.005,0,,False,False,True,,,,,,,,,,,,,,,False,False,18.752,,77.3,,75.7,,77.3,,,38,1,13,7,150089.2,20011.90,,Idle,,20,,10,,,20,Go Home,False,False,False,False,False,False,False,False,False,False,False,False,33.8027920380556,-117.4659261431046,5.7,2972.0,1049.4,396.9,True,1,1,False,False,False,False,,True,False,False,Course Lock,196.8,67,16.4,93,E,SW,3.35,3.35,Calm,False,True,Android,7.0.2,M300 RTK,1ZN7L4R0H1D00F,1W9DL31001461C,1ZMLH8300204F0,1Z6PH74DAP0QN7,"Corona, CA",728.3,5.7,137.7,8.547347,2.013246,0,0,DJI Matrice 300 RTK,M300 RTK,1ZN7L4R0H1D00F,1W9DL31001461C,1ZMLH8300204F0,1Z6PH74DAP0QN7,DJI Pilot,Android,7.0.2,1EF72A62-B7C3-C88D-164E-CE6F8C8424AE,1ZN7L4R0H1D00F,1W9DL31001461C,,1ZMLH8300204F0,1W9DL31001461C,,,,,
2023-11-01,11:24:45.54 AM,0m 23.2s,23.2,33.8027784653716,-117.4659162563989,15.0,15.0,16.4,1279,12.2,0,2.062356,0,0,0,1.342164,0,0,0.7,-1.4,1.5,-136,224,,Tripod,Other,,20,5,True,,True,False,,Smart,RC,False,True,False,,,True,,False,False,False,False,False,False,False,False,False,False,0,Follow Yaw,-88.9,0,-144,216,False,False,False,False,False,,0,0,False,False,No Card,100,100,1024,1196,1024,1024,2,False,False,False,False,False,0,False,False,False,False,98,,48.108,,9842,,10044,,48.108,,True,4.005,4.005,4.005,4.005,4.005,4.005,4.005,4.005,4.005,4.005,4.005,4.005,0,,False,False,True,,,,,,,,,,,,,,,False,False,18.752,,77.3,,75.7,,77.3,,,38,1,13,7,150089.2,20011.90,,Idle,,20,,10,,,20,Go Home,False,False,False,False,False,False,False,False,False,False,False,False,33.8027920380556,-117.4659261431046,5.7,2972.0,1049.4,396.9,True,1,1,False,False,False,False,,True,False,False,Course Lock,196.8,67,16.4,93,E,SW,3.35,3.35,Calm,False,False,Android,7.0.2,M300 RTK,1ZN7L4R0H1D00F,1W9DL31001461C,1ZMLH8300204F0,1Z6PH74DAP0QN7,"Corona, CA",728.3,5.7,137.7,8.547347,2.013246,0,0,DJI Matrice 300 RTK,M300 RTK,1ZN7L4R0H1D00F,1W9DL31001461C,1ZMLH8300204F0,1Z6PH74DAP0QN7,DJI Pilot,Android,7.0.2,1EF72A62-B7C3-C88D-164E-CE6F8C8424AE,1ZN7L4R0H1D00F,1W9DL31001461C,,1ZMLH8300204F0,1W9DL31001461C,,,,,
2023-11-01,11:24:45.64 AM,0m 23.3s,23.3,33.8027783008941,-117.465916273552,15.0,15.0,16.4,1279,12.2,0,2.062356,0,0,0,1.342164,0,0,0.7,-1.2,1.3,-136,224,,Tripod,Other,,20,5,True,,True,False,,Smart,RC,False,True,False,,,True,,False,False,False,False,False,False,False,False,False,False,0,Follow Yaw,-88.9,0,-144,216,False,False,False,False,False,,0,0,False,False,No Card,100,100,1024,1223,1024,1024,2,False,False,False,False,False,0,False,False,False,False,98,,48.108,,9842,,10044,,48.108,,True,4.016,4.016,4.016,4.016,4.016,4.016,4.016,4.016,4.016,4.016,4.016,4.016,0,,False,False,True,,,,,,,,,,,,,,,False,False,18.752,,77.3,,75.7,,77.3,,,38,1,13,7,150331.0,20044.14,,Idle,,20,,10,,,20,Go Home,False,False,False,False,False,False,False,False,False,False,False,False,33.8027920380556,-117.4659261431046,5.8,2972.0,1049.4,396.9,True,1,1,False,False,False,False,,True,False,False,Course Lock,196.8,67,16.4,93,E,SW,3.57,3.57,Calm,False,False,Android,7.0.2,M300 RTK,1ZN7L4R0H1D00F,1W9DL31001461C,1ZMLH8300204F0,1Z6PH74DAP0QN7,"Corona, CA",728.3,5.7,137.7,8.547347,2.013246,0,0,DJI Matrice 300 RTK,M300 RTK,1ZN7L4R0H1D00F,1W9DL31001461C,1ZMLH8300204F0,1Z6PH74DAP0QN7,DJI Pilot,Android,7.0.2,1EF72A62-B7C3-C88D-164E-CE6F8C8424AE,1ZN7L4R0H1D00F,1W9DL31001461C,,1ZMLH8300204F0,1W9DL31001461C,,,,,
2023-11-01,11:24:45.74 AM,0m 23.4s,23.4,33.8027782482613,-117.4659163586571,15.0,15.0,16.4,1279,12.3,0,2.062356,0,0,0,1.342164,0,0,0.8,-1.4,1.6,-136,224,,Tripod,Other,,20,5,True,,True,False,,Smart,RC,False,True,False,,,True,,False,False,False,False,False,False,False,False,False,False,0,Follow Yaw,-88.9,0,-144,216,False,False,False,False,False,,0,0,False,False,No Card,100,100,1024,1234,1024,1024,2,False,False,False,False,False,0,False,False,False,False,98,,48.108,,9842,,10044,,48.108,,True,4.016,4.016,4.016,4.016,4.016,4.016,4.016,4.016,4.016,4.016,4.016,4.016,0,,False,False,True,,,,,,,,,,,,,,,False,False,18.752,,77.3,,75.7,,77.3,,,38,1,13,7,150331.0,20044.14,,Idle,,20,,10,,,20,Go Home,False,False,False,False,False,False,False,False,False,False,False,False,33.8027920380556,-117.4659261431046,5.8,2972.0,1049.4,396.9,True,1,1,False,False,False,False,,True,False,False,Course Lock,196.8,67,16.4,93,E,SW,3.57,3.57,Calm,False,False,Android,7.0.2,M300 RTK,1ZN7L4R0H1D00F,1W9DL31001461C,1ZMLH8300204F0,1Z6PH74DAP0QN7,"Corona, CA",728.3,5.7,137.7,8.547347,2.013246,0,0,DJI Matrice 300 RTK,M300 RTK,1ZN7L4R0H1D00F,1W9DL31001461C,1ZMLH8300204F0,1Z6PH74DAP0QN7,DJI Pilot,Android,7.0.2,1EF72A62-B7C3-C88D-164E-CE6F8C8424AE,1ZN7L4R0H1D00F,1W9DL31001461C,,1ZMLH8300204F0,1W9DL31001461C,,,,,
2023-11-01,11:24:45.84 AM,0m 23.5s,23.5,33.8027782482613,-117.465916412755,15.0,15.0,16.4,1279,12.3,0,2.062356,0,0,0,1.342164,0,0,0.8,-1.5,1.7,-136,224,,Tripod,Other,,20,5,True,,True,False,,Smart,RC,False,True,False,,,True,,False,False,False,False,False,False,False,False,False,False,0,Follow Yaw,-88.9,0,-144,216,False,False,False,False,False,,0,0,False,False,No Card,100,100,1024,1244,1024,1024,2,False,False,False,False,False,0,False,False,False,False,98,,48.108,,9842,,10044,,48.108,,True,4.016,4.016,4.016,4.016,4.016,4.016,4.016,4.016,4.016,4.016,4.016,4.016,0,,False,False,True,,,,,,,,,,,,,,,False,False,18.752,,77.3,,75.7,,77.3,,,38,1,13,7,150331.0,20044.14,,Idle,,20,,10,,,20,Go Home,False,False,False,False,False,False,False,False,False,False,False,False,33.8027920380556,-117.4659261431046,5.8,2972.0,1049.4,396.9,True,1,1,False,False,False,False,,True,False,False,Course Lock,196.8,67,16.4,93,E,SW,3.57,3.57,Calm,False,False,Android,7.0.2,M300 RTK,1ZN7L4R0H1D00F,1W9DL31001461C,1ZMLH8300204F0,1Z6PH74DAP0QN7,"Corona, CA",728.3,5.7,137.7,8.547347,2.013246,0,0,DJI Matrice 300 RTK,M300 RTK,1ZN7L4R0H1D00F,1W9DL31001461C,1ZMLH8300204F0,1Z6PH74DAP0QN7,DJI Pilot,Android,7.0.2,1EF72A62-B7C3-C88D-164E-CE6F8C8424AE,1ZN7L4R0H1D00F,1W9DL31001461C,,1ZMLH8300204F0,1W9DL31001461C,,,,,
2023-11-01,11:24:45.94 AM,0m 23.6s,23.6,33.8027781868564,-117.4659165315064,15.0,15.0,16.7,1279,12.3,0.223694,2.062356,0,0,-0.223694,1.342164,0,0,0.5,-1.7,1.7,-136,224,238.1,Tripod,Other,,20,5,True,,True,False,,Smart,RC,False,True,False,,,True,,False,False,False,False,False,False,False,False,False,False,0,Follow Yaw,-88.9,0,-144,216,False,False,False,False,False,,0,0,False,False,No Card,100,100,1024,1269,1024,1024,2,False,False,False,False,False,0,False,False,False,False,98,,48.108,,9842,,10044,,48.108,,True,4.016,4.016,4.016,4.016,4.016,4.016,4.016,4.016,4.016,4.016,4.016,4.016,0,,False,False,True,,,,,,,,,,,,,,,False,False,18.752,,77.3,,75.7,,77.3,,,38,1,13,7,150331.0,20044.14,,Idle,,20,,10,,,20,Go Home,False,False,False,False,False,False,False,False,False,False,False,False,33.8027920380556,-117.4659261431046,5.8,2972.0,1049.4,396.9,True,1,1,False,False,False,False,,True,False,False,Course Lock,196.8,67,16.4,93,E,SW,3.57,3.57,Calm,False,False,Android,7.0.2,M300 RTK,1ZN7L4R0H1D00F,1W9DL31001461C,1ZMLH8300204F0,1Z6PH74DAP0QN7,"Corona, CA",728.3,5.7,137.7,8.547347,2.013246,0,0,DJI Matrice 300 RTK,M300 RTK,1ZN7L4R0H1D00F,1W9DL31001461C,1ZMLH8300204F0,1Z6PH74DAP0QN7,DJI Pilot,Android,7.0.2,1EF72A62-B7C3-C88D-164E-CE6F8C8424AE,1ZN7L4R0H1D00F,1W9DL31001461C,,1ZMLH8300204F0,1W9DL31001461C,,,,,
2023-11-01,11:24:46.04 AM,0m 23.7s,23.7,33.8027782175588,-117.4659167076542,15.0,15.0,16.7,1279,12.4,0.223694,2.062356,0,0,-0.223694,1.342164,0,0,0,-2,2,-135.9,224.1,281.8,Tripod,Other,,20,5,True,,True,False,,Smart,RC,False,True,False,,,True,,False,False,False,False,False,False,False,False,False,False,0,Follow Yaw,-88.9,0,-144,216,False,False,False,False,False,,0,0,False,False,No Card,100,100,1024,1322,1024,1024,2,False,False,False,False,False,0,False,False,False,False,98,,47.964,,4886,,4986,,47.964,,True,4.016,4.016,4.016,4.016,4.016,4.016,4.016,4.016,4.016,4.016,4.016,4.016,0,,False,False,True,,,,,,,,,,,,,,,False,False,9.574,,76.6,,75.7,,77.3,,,38,1,13,7,150331.0,20044.14,,Idle,,20,,10,,,20,Go Home,False,False,False,False,False,False,False,False,False,False,False,False,33.8027920380556,-117.4659261431046,5.7,2972.0,1049.4,396.9,True,1,1,False,False,False,False,,True,False,False,Course Lock,196.8,67,16.4,93,E,SW,3.57,3.57,Calm,False,False,Android,7.0.2,M300 RTK,1ZN7L4R0H1D00F,1W9DL31001461C,1ZMLH8300204F0,1Z6PH74DAP0QN7,"Corona, CA",728.3,5.7,137.7,8.547347,2.013246,0,0,DJI Matrice 300 RTK,M300 RTK,1ZN7L4R0H1D00F,1W9DL31001461C,1ZMLH8300204F0,1Z6PH74DAP0QN7,DJI Pilot,Android,7.0.2,1EF72A62-B7C3-C88D-164E-CE6F8C8424AE,1ZN7L4R0H1D00F,1W9DL31001461C,,1ZMLH8300204F0,1W9DL31001461C,,,,,
2023-11-01,11:24:46.14 AM,0m 23.8s,23.8,33.8027781254514,-117.4659168811631,15.0,15.0,16.7,1279,12.4,0.316351,2.062356,-0.223694,0,-0.223694,1.342164,0,0,-0.1,-2.1,2.1,-135.8,224.2,237.4,Tripod,Other,,20,5,True,,True,False,,Smart,RC,False,True,False,,,True,,False,False,False,False,False,False,False,False,False,False,0,Follow Yaw,-88.9,0,-144,216,False,False,False,False,False,,0,0,False,False,No Card,100,100,1024,1324,1024,1024,2,False,False,False,False,False,0,False,False,False,False,98,,47.964,,4886,,4986,,47.964,,True,4.016,4.016,4.016,4.016,4.016,4.016,4.016,4.016,4.016,4.016,4.016,4.016,0,,False,False,True,,,,,,,,,,,,,,,False,False,9.574,,76.6,,75.7,,77.3,,,38,1,13,7,150331.0,20044.14,,Idle,,20,,10,,,20,Go Home,False,False,False,False,False,False,False,False,False,False,False,False,33.8027920380556,-117.4659261431046,5.8,2972.0,1049.4,396.9,True,1,1,False,False,False,False,,True,False,False,Course Lock,196.8,67,16.4,93,E,SW,3.57,3.57,Calm,False,False,Android,7.0.2,M300 RTK,1ZN7L4R0H1D00F,1W9DL31001461C,1ZMLH8300204F0,1Z6PH74DAP0QN7,"Corona, CA",728.3,5.7,137.7,8.547347,2.013246,0,0,DJI Matrice 300 RTK,M300 RTK,1ZN7L4R0H1D00F,1W9DL31001461C,1ZMLH8300204F0,1Z6PH74DAP0QN7,DJI Pilot,Android,7.0.2,1EF72A62-B7C3-C88D-164E-CE6F8C8424AE,1ZN7L4R0H1D00F,1W9DL31001461C,,1ZMLH8300204F0,1W9DL31001461C,,,,,
2023-11-01,11:24:46.24 AM,0m 23.9s,23.9,33.802777982356,-117.4659169557126,15.0,15.0,16.4,1279,12.5,0.316351,2.062356,-0.223694,0,-0.223694,1.342164,0,0,-0.4,-2.2,2.2,-135.8,224.2,203.4,Tripod,Other,,20,5,True,,True,False,,Smart,RC,False,True,False,,,True,,False,False,False,False,False,False,False,False,False,False,0,Follow Yaw,-88.9,0,-144,216,False,False,False,False,False,,0,0,False,False,No Card,100,100,1024,1345,1024,1024,2,False,False,False,False,False,0,False,False,False,False,98,,47.964,,4886,,4986,,47.964,,True,4.016,4.016,4.016,4.016,4.016,4.016,4.016,4.016,4.016,4.016,4.016,4.016,0,,False,False,True,,,,,,,,,,,,,,,False,False,9.574,,76.6,,75.7,,77.3,,,38,1,13,7,150331.0,20044.14,,Idle,,20,,10,,,20,Go Home,False,False,False,False,False,False,False,False,False,False,False,False,33.8027920380556,-117.4659261431046,5.8,2972.0,1049.4,396.9,True,1,1,False,False,False,False,,True,False,False,Course Lock,196.8,67,16.4,93,E,SW,3.57,3.57,Calm,False,False,Android,7.0.2,M300 RTK,1ZN7L4R0H1D00F,1W9DL31001461C,1ZMLH8300204F0,1Z6PH74DAP0QN7,"Corona, CA",728.3,5.7,137.7,8.547347,2.013246,0,0,DJI Matrice 300 RTK,M300 RTK,1ZN7L4R0H1D00F,1W9DL31001461C,1ZMLH8300204F0,1Z6PH74DAP0QN7,DJI Pilot,Android,7.0.2,1EF72A62-B7C3-C88D-164E-CE6F8C8424AE,1ZN7L4R0H1D00F,1W9DL31001461C,,1ZMLH8300204F0,1W9DL31001461C,,,,,
2023-11-01,11:24:46.35 AM,0m 24.0s,24.0,33.8027778261023,-117.465917179361,15.0,15.0,16.4,1279,12.6,0.500194,2.062356,-0.223694,0,-0.447388,1.342164,0,0,-0.8,-2.1,2.2,-135.8,224.2,229.9,Tripod,Other,,20,5,True,,True,False,,Smart,RC,False,True,False,,,True,,False,False,False,False,False,False,False,False,False,False,0,Follow Yaw,-88.9,0,-144,216,False,False,False,False,False,,0,0,False,False,No Card,100,100,1024,1357,1024,1024,2,False,False,False,False,False,0,False,False,False,False,98,,47.988,,9842,,10044,,47.988,,True,4.016,4.016,4.016,4.016,4.016,4.016,4.016,4.016,4.016,4.016,4.016,4.016,0,,False,False,True,,,,,,,,,,,,,,,False,False,19.554,,77.5,,75.7,,77.5,,,38,1,13,7,150331.0,20044.14,,Idle,,20,,10,,,20,Go Home,False,False,False,False,False,False,False,False,False,False,False,False,33.8027920380556,-117.4659261431046,5.8,2972.0,1049.4,396.9,True,1,1,False,False,False,False,,True,False,False,Course Lock,196.8,67,16.4,93,E,SW,3.57,3.57,Calm,False,False,Android,7.0.2,M300 RTK,1ZN7L4R0H1D00F,1W9DL31001461C,1ZMLH8300204F0,1Z6PH74DAP0QN7,"Corona, CA",728.3,5.7,137.7,8.547347,2.013246,0,0,DJI Matrice 300 RTK,M300 RTK,1ZN7L4R0H1D00F,1W9DL31001461C,1ZMLH8300204F0,1Z6PH74DAP0QN7,DJI Pilot,Android,7.0.2,1EF72A62-B7C3-C88D-164E-CE6F8C8424AE,1ZN7L4R0H1D00F,1W9DL31001461C,,1ZMLH8300204F0,1W9DL31001461C,,,,,
2023-11-01,11:24:46.45 AM,0m 24.1s,24.1,33.8027775168846,-117.4659173792591,15.0,15.0,16.4,1279,12.7,0.632702,2.062356,-0.447388,0,-0.447388,1.342164,0,0,-1.2,-1.8,2.1,-135.8,224.2,208.2,Tripod,Other,,20,5,True,,True,False,,Smart,RC,False,True,False,,,True,,False,False,False,False,False,False,False,False,False,False,0,Follow Yaw,-88.9,0,-144,216,False,False,False,False,False,,0,0,False,False,No Card,100,100,1024,1351,1024,1024,2,False,False,False,False,False,0,False,False,False,False,98,,47.988,,9842,,10044,,47.988,,True,4.016,4.016,4.016,4.016,4.016,4.016,4.016,4.016,4.016,4.016,4.016,4.016,0,,False,False,True,,,,,,,,,,,,,,,False,False,19.554,,77.5,,75.7,,77.5,,,38,1,13,7,150331.0,20044.14,,Idle,,20,,10,,,20,Go Home,False,False,False,False,False,False,False,False,False,False,False,False,33.8027920380556,-117.4659261431046,5.9,2972.0,1049.4,396.9,True,1,1,False,False,False,False,,True,False,False,Course Lock,196.8,67,16.4,93,E,SW,3.57,3.57,Calm,False,False,Android,7.0.2,M300 RTK,1ZN7L4R0H1D00F,1W9DL31001461C,1ZMLH8300204F0,1Z6PH74DAP0QN7,"Corona, CA",728.3,5.7,137.7,8.547347,2.013246,0,0,DJI Matrice 300 RTK,M300 RTK,1ZN7L4R0H1D00F,1W9DL31001461C,1ZMLH8300204F0,1Z6PH74DAP0QN7,DJI Pilot,Android,7.0.2,1EF72A62-B7C3-C88D-164E-CE6F8C8424AE,1ZN7L4R0H1D00F,1W9DL31001461C,,1ZMLH8300204F0,1W9DL31001461C,,,,,
2023-11-01,11:24:46.55 AM,0m 24.2s,24.2,33.8027772816818,-117.4659176781166,15.0,15.0,16.4,1279,12.8,0.632702,2.062356,-0.447388,0,-0.447388,1.342164,0,0,-1.5,-1.6,2.1,-135.9,224.1,226.5,Tripod,Other,,20,5,True,,True,False,,Smart,RC,False,True,False,,,True,,False,False,False,False,False,False,False,False,False,False,0,Follow Yaw,-88.9,0,-144,216,False,False,False,False,False,,0,0,False,False,No Card,100,100,1024,1344,1024,1024,2,False,False,False,False,False,0,False,False,False,False,98,,47.988,,9842,,10044,,47.988,,True,4.016,4.016,4.016,4.016,4.016,4.016,4.016,4.016,4.016,4.016,4.016,4.016,0,,False,False,True,,,,,,,,,,,,,,,False,False,19.554,,77.5,,75.7,,77.5,,,38,1,13,7,150331.0,20044.14,,Idle,,20,,10,,,20,Go Home,False,False,False,False,False,False,False,False,False,False,False,False,33.8027920380556,-117.4659261431046,5.9,2972.0,1049.4,396.9,True,1,1,False,False,False,False,,True,False,False,Course Lock,196.8,67,16.4,93,E,SW,3.57,3.57,Calm,False,False,Android,7.0.2,M300 RTK,1ZN7L4R0H1D00F,1W9DL31001461C,1ZMLH8300204F0,1Z6PH74DAP0QN7,"Corona, CA",728.3,5.7,137.7,8.547347,2.013246,0,0,DJI Matrice 300 RTK,M300 RTK,1ZN7L4R0H1D00F,1W9DL31001461C,1ZMLH8300204F0,1Z6PH74DAP0QN7,DJI Pilot,Android,7.0.2,1EF72A62-B7C3-C88D-164E-CE6F8C8424AE,1ZN7L4R0H1D00F,1W9DL31001461C,,1ZMLH8300204F0,1W9DL31001461C,,,,,
2023-11-01,11:24:46.66 AM,0m 24.3s,24.3,33.8027768951596,-117.4659181366287,15.0,15.0,16.7,1279,13.0,0.80654,2.062356,-0.447388,0,-0.671082,1.342164,0,0,-1.7,-1.5,2.2,-136,224,224.5,Tripod,Other,,20,5,True,,True,False,,Smart,RC,False,True,False,,,True,,False,False,False,False,False,False,False,False,False,False,0,Follow Yaw,-88.9,0,-144,216,False,False,False,False,False,,0,0,False,False,No Card,100,100,1024,1337,1024,1024,2,False,False,False,False,False,0,False,False,False,False,98,,47.988,,9842,,10044,,47.988,,True,4.003,4.003,4.003,4.003,4.003,4.003,4.003,4.003,4.003,4.003,4.003,4.003,0,,False,False,True,,,,,,,,,,,,,,,False,False,19.554,,77.5,,75.7,,77.5,,,38,1,13,7,150025.1,20003.35,,Idle,,20,,10,,,20,Go Home,False,False,False,False,False,False,False,False,False,False,False,False,33.8027920380556,-117.4659261431046,6.0,2972.0,1049.4,396.9,True,1,1,False,False,False,False,,True,False,False,Course Lock,196.8,67,16.4,93,E,SW,3.57,3.57,Calm,False,False,Android,7.0.2,M300 RTK,1ZN7L4R0H1D00F,1W9DL31001461C,1ZMLH8300204F0,1Z6PH74DAP0QN7,"Corona, CA",728.3,5.7,137.7,8.547347,2.013246,0,0,DJI Matrice 300 RTK,M300 RTK,1ZN7L4R0H1D00F,1W9DL31001461C,1ZMLH8300204F0,1Z6PH74DAP0QN7,DJI Pilot,Android,7.0.2,1EF72A62-B7C3-C88D-164E-CE6F8C8424AE,1ZN7L4R0H1D00F,1W9DL31001461C,,1ZMLH8300204F0,1W9DL31001461C,,,,,
2023-11-01,11:24:46.77 AM,0m 24.4s,24.4,33.8027765848454,-117.4659185463208,15.0,15.0,16.7,1279,13.2,0.949053,2.062356,-0.671082,0,-0.671082,1.342164,0,0,-1.7,-1.6,2.3,-136.1,223.9,227.6,Tripod,Other,,20,5,True,,True,False,,Smart,RC,False,True,False,,,True,,False,False,False,False,False,False,False,False,False,False,0,Follow Yaw,-88.9,0,-144,216,False,False,False,False,False,,0,0,False,False,No Card,100,100,1024,1337,1024,1024,2,False,False,False,False,False,0,False,False,False,False,98,,47.988,,9842,,10044,,47.988,,True,4.003,4.003,4.003,4.003,4.003,4.003,4.003,4.003,4.003,4.003,4.003,4.003,0,,False,False,True,,,,,,,,,,,,,,,False,False,19.554,,77.5,,75.7,,77.5,,,38,1,13,7,150025.1,20003.35,,Idle,,20,,10,,,20,Go Home,False,False,False,False,False,False,False,False,False,False,False,False,33.8027920380556,-117.4659261431046,6.0,2972.0,1049.4,396.9,True,1,1,False,False,False,False,,True,False,False,Course Lock,196.8,67,16.4,93,E,SW,3.57,3.57,Calm,False,False,Android,7.0.2,M300 RTK,1ZN7L4R0H1D00F,1W9DL31001461C,1ZMLH8300204F0,1Z6PH74DAP0QN7,"Corona, CA",728.3,5.7,137.7,8.547347,2.013246,0,0,DJI Matrice 300 RTK,M300 RTK,1ZN7L4R0H1D00F,1W9DL31001461C,1ZMLH8300204F0,1Z6PH74DAP0QN7,DJI Pilot,Android,7.0.2,1EF72A62-B7C3-C88D-164E-CE6F8C8424AE,1ZN7L4R0H1D00F,1W9DL31001461C,,1ZMLH8300204F0,1W9DL31001461C,,,,,
2023-11-01,11:24:46.87 AM,0m 24.5s,24.5,33.8027762027093,-117.4659188662898,15.0,15.0,16.7,1279,13.4,1.11847,2.062356,-0.671082,0,-0.894776,1.342164,0,0,-1.7,-2,2.6,-136.1,223.9,214.8,Tripod,Other,,20,5,True,,True,False,,Smart,RC,False,True,False,,,True,,False,False,False,False,False,False,False,False,False,False,0,Follow Yaw,-88.9,0,-144,216,False,False,False,False,False,,0,0,False,False,No Card,100,100,1024,1339,1024,1024,2,False,False,False,False,False,0,False,False,False,False,98,,47.988,,9842,,10044,,47.988,,True,4.003,4.003,4.003,4.003,4.003,4.003,4.003,4.003,4.003,4.003,4.003,4.003,0,,False,False,True,,,,,,,,,,,,,,,False,False,19.554,,77.5,,75.7,,77.5,,,38,1,13,7,150025.1,20003.35,,Idle,,20,,10,,,20,Go Home,False,False,False,False,False,False,False,False,False,False,False,False,33.8027920380556,-117.4659261431046,6.1,2972.0,1049.4,396.9,True,1,1,False,False,False,False,,True,False,False,Course Lock,196.8,67,16.4,93,E,SW,3.57,3.57,Calm,False,False,Android,7.0.2,M300 RTK,1ZN7L4R0H1D00F,1W9DL31001461C,1ZMLH8300204F0,1Z6PH74DAP0QN7,"Corona, CA",728.3,5.7,137.7,8.547347,2.013246,0,0,DJI Matrice 300 RTK,M300 RTK,1ZN7L4R0H1D00F,1W9DL31001461C,1ZMLH8300204F0,1Z6PH74DAP0QN7,DJI Pilot,Android,7.0.2,1EF72A62-B7C3-C88D-164E-CE6F8C8424AE,1ZN7L4R0H1D00F,1W9DL31001461C,,1ZMLH8300204F0,1W9DL31001461C,,,,,
2023-11-01,11:24:46.94 AM,0m 24.6s,24.6,33.8027758189285,-117.4659193505312,15.0,15.0,16.7,1279,13.6,1.265404,2.062356,-0.894776,0,-0.894776,1.342164,0,0,-1.7,-2.3,2.8,-136.1,223.9,226.3,Tripod,Other,,20,5,True,,True,False,,Smart,RC,False,True,False,,,True,,False,False,False,False,False,False,False,False,False,False,0,Follow Yaw,-88.9,0,-144,216,False,False,False,False,False,,0,0,False,False,No Card,100,100,1024,1334,1024,1024,2,False,False,False,False,False,0,False,False,False,False,98,,47.988,,9842,,10044,,47.988,,True,4.003,4.003,4.003,4.003,4.003,4.003,4.003,4.003,4.003,4.003,4.003,4.003,0,,False,False,True,,,,,,,,,,,,,,,False,False,19.554,,77.5,,75.7,,77.5,,,38,1,13,7,150025.1,20003.35,,Idle,,20,,10,,,20,Go Home,False,False,False,False,False,False,False,False,False,False,False,False,33.8027920380556,-117.4659261431046,6.2,2972.0,1049.4,396.9,True,1,1,False,False,False,False,,True,False,False,Course Lock,196.8,67,16.4,93,E,SW,3.57,3.57,Calm,False,False,Android,7.0.2,M300 RTK,1ZN7L4R0H1D00F,1W9DL31001461C,1ZMLH8300204F0,1Z6PH74DAP0QN7,"Corona, CA",728.3,5.7,137.7,8.547347,2.013246,0,0,DJI Matrice 300 RTK,M300 RTK,1ZN7L4R0H1D00F,1W9DL31001461C,1ZMLH8300204F0,1Z6PH74DAP0QN7,DJI Pilot,Android,7.0.2,1EF72A62-B7C3-C88D-164E-CE6F8C8424AE,1ZN7L4R0H1D00F,1W9DL31001461C,,1ZMLH8300204F0,1W9DL31001461C,,,,,
2023-11-01,11:24:47.04 AM,0m 24.7s,24.7,33.8027754554332,-117.4659199211974,15.0,15.0,16.7,1279,13.8,1.265404,2.062356,-0.894776,0,-0.894776,1.342164,0,0,-1.6,-2.5,2.9,-136,224,232.5,Tripod,Other,,20,5,True,,True,False,,Smart,RC,False,True,False,,,True,,False,False,False,False,False,False,False,False,False,False,0,Follow Yaw,-88.9,0,-144,216,False,False,False,False,False,,0,0,False,False,No Card,100,100,1024,1333,1024,1024,2,False,False,False,False,False,0,False,False,False,False,98,,47.988,,9842,,10044,,47.988,,True,4.003,4.003,4.003,4.003,4.003,4.003,4.003,4.003,4.003,4.003,4.003,4.003,0,,False,False,True,,,,,,,,,,,,,,,False,False,19.554,,77.5,,75.7,,77.5,,,38,1,13,7,150025.1,20003.35,,Idle,,20,,10,,,20,Go Home,False,False,False,False,False,False,False,False,False,False,False,False,33.8027920380556,-117.4659261431046,6.3,2972.0,1049.4,396.9,True,1,1,False,False,False,False,,True,False,False,Course Lock,196.8,67,16.4,93,E,SW,3.8,3.8,Calm,False,False,Android,7.0.2,M300 RTK,1ZN7L4R0H1D00F,1W9DL31001461C,1ZMLH8300204F0,1Z6PH74DAP0QN7,"Corona, CA",728.3,5.7,137.7,8.547347,2.013246,0,0,DJI Matrice 300 RTK,M300 RTK,1ZN7L4R0H1D00F,1W9DL31001461C,1ZMLH8300204F0,1Z6PH74DAP0QN7,DJI Pilot,Android,7.0.2,1EF72A62-B7C3-C88D-164E-CE6F8C8424AE,1ZN7L4R0H1D00F,1W9DL31001461C,,1ZMLH8300204F0,1W9DL31001461C,,,,,
2023-11-01,11:24:47.14 AM,0m 24.8s,24.8,33.8027749998305,-117.4659204753702,15.0,15.0,16.7,1279,14.0,1.43234,2.062356,-0.894776,0,-1.11847,1.342164,0,0,-1.4,-2.4,2.7,-136,224,225.3,Tripod,Other,,20,5,True,,True,False,,Smart,RC,False,True,False,,,True,,False,False,False,False,False,False,False,False,False,False,0,Follow Yaw,-88.9,0,-144,216,False,False,False,False,False,,0,0,False,False,No Card,100,100,1024,1333,1024,1024,2,False,False,False,False,False,0,False,False,False,False,98,,47.988,,9842,,10044,,47.988,,True,4.003,4.003,4.003,4.003,4.003,4.003,4.003,4.003,4.003,4.003,4.003,4.003,0,,False,False,True,,,,,,,,,,,,,,,False,False,19.554,,77.5,,75.7,,77.5,,,38,1,13,7,150025.1,20003.35,,Idle,,20,,10,,,20,Go Home,False,False,False,False,False,False,False,False,False,False,False,False,33.8027920380556,-117.4659261431046,6.4,2972.0,1049.4,396.9,True,1,1,False,False,False,False,,True,False,False,Course Lock,196.8,67,16.4,93,E,SW,3.8,3.8,Calm,False,False,Android,7.0.2,M300 RTK,1ZN7L4R0H1D00F,1W9DL31001461C,1ZMLH8300204F0,1Z6PH74DAP0QN7,"Corona, CA",728.3,5.7,137.7,8.547347,2.013246,0,0,DJI Matrice 300 RTK,M300 RTK,1ZN7L4R0H1D00F,1W9DL31001461C,1ZMLH8300204F0,1Z6PH74DAP0QN7,DJI Pilot,Android,7.0.2,1EF72A62-B7C3-C88D-164E-CE6F8C8424AE,1ZN7L4R0H1D00F,1W9DL31001461C,,1ZMLH8300204F0,1W9DL31001461C,,,,,
2023-11-01,11:24:47.24 AM,0m 24.9s,24.9,33.8027744005841,-117.4659211641278,15.0,15.0,16.7,1279,14.3,1.581755,2.062356,-1.11847,0,-1.11847,1.342164,0,0,-1.3,-2.2,2.5,-135.9,224.1,223.6,Tripod,Other,,20,5,True,,True,False,,Smart,RC,False,True,False,,,True,,False,False,False,False,False,False,False,False,False,False,0,Follow Yaw,-88.9,0,-144,216,False,False,False,False,False,,0,0,False,False,No Card,100,100,1024,1333,1024,1024,2,False,False,False,False,False,0,False,False,False,False,98,,47.988,,9842,,10044,,47.988,,True,4.003,4.003,4.003,4.003,4.003,4.003,4.003,4.003,4.003,4.003,4.003,4.003,0,,False,False,True,,,,,,,,,,,,,,,False,False,19.554,,77.5,,75.7,,77.5,,,38,1,13,7,150025.1,20003.35,,Idle,,20,,10,,,20,Go Home,False,False,False,False,False,False,False,False,False,False,False,False,33.8027920380556,-117.4659261431046,6.6,2972.0,1049.4,396.9,True,1,1,False,False,False,False,,True,False,False,Course Lock,196.8,67,16.4,93,E,SW,3.8,3.8,Calm,False,False,Android,7.0.2,M300 RTK,1ZN7L4R0H1D00F,1W9DL31001461C,1ZMLH8300204F0,1Z6PH74DAP0QN7,"Corona, CA",728.3,5.7,137.7,8.547347,2.013246,0,0,DJI Matrice 300 RTK,M300 RTK,1ZN7L4R0H1D00F,1W9DL31001461C,1ZMLH8300204F0,1Z6PH74DAP0QN7,DJI Pilot,Android,7.0.2,1EF72A62-B7C3-C88D-164E-CE6F8C8424AE,1ZN7L4R0H1D00F,1W9DL31001461C,,1ZMLH8300204F0,1W9DL31001461C,,,,,
2023-11-01,11:24:47.34 AM,0m 25.0s,25.0,33.8027738665804,-117.4659217796554,15.0,15.0,16.7,1279,14.6,1.581755,2.062356,-1.11847,0,-1.11847,1.342164,0,0,-1.4,-2.1,2.5,-135.9,224.1,223.7,Tripod,Other,,20,5,True,,True,False,,Smart,RC,False,True,False,,,True,,False,False,False,False,False,False,False,False,False,False,0,Follow Yaw,-88.9,0,-144,216,False,False,False,False,False,,0,0,False,False,No Card,100,100,1024,1333,1024,1024,2,False,False,False,False,False,0,False,False,False,False,98,,47.94,,4886,,4986,,47.94,,True,4.003,4.003,4.003,4.003,4.003,4.003,4.003,4.003,4.003,4.003,4.003,4.003,0,,False,False,True,,,,,,,,,,,,,,,False,False,9.602,,76.6,,75.7,,77.5,,,38,1,13,7,150025.1,20003.35,,Idle,,20,,10,,,20,Go Home,False,False,False,False,False,False,False,False,False,False,False,False,33.8027920380556,-117.4659261431046,6.7,2972.0,1049.4,396.9,True,1,1,False,False,False,False,,True,False,False,Course Lock,196.8,67,16.4,93,E,SW,3.8,3.8,Calm,False,False,Android,7.0.2,M300 RTK,1ZN7L4R0H1D00F,1W9DL31001461C,1ZMLH8300204F0,1Z6PH74DAP0QN7,"Corona, CA",728.3,5.7,137.7,8.547347,2.013246,0,0,DJI Matrice 300 RTK,M300 RTK,1ZN7L4R0H1D00F,1W9DL31001461C,1ZMLH8300204F0,1Z6PH74DAP0QN7,DJI Pilot,Android,7.0.2,1EF72A62-B7C3-C88D-164E-CE6F8C8424AE,1ZN7L4R0H1D00F,1W9DL31001461C,,1ZMLH8300204F0,1W9DL31001461C,,,,,
2023-11-01,11:24:47.44 AM,0m 25.1s,25.1,33.8027733068086,-117.4659224024402,15.0,15.0,16.7,1279,14.9,1.898106,2.062356,-1.342164,0,-1.342164,1.342164,0,0,-1.6,-2,2.5,-135.9,224.1,222.7,Tripod,Other,,20,5,True,,True,False,,Smart,RC,False,True,False,,,True,,False,False,False,False,False,False,False,False,False,False,0,Follow Yaw,-88.9,0,-144,216,False,False,False,False,False,,0,0,False,False,No Card,100,100,1024,1333,1024,1024,2,False,False,False,False,False,0,False,False,False,False,98,,47.94,,4886,,4986,,47.94,,True,4.003,4.003,4.003,4.003,4.003,4.003,4.003,4.003,4.003,4.003,4.003,4.003,0,,False,False,True,,,,,,,,,,,,,,,False,False,9.602,,76.6,,75.7,,77.5,,,38,1,13,7,150025.1,20003.35,,Idle,,20,,10,,,20,Go Home,False,False,False,False,False,False,False,False,False,False,False,False,33.8027920380556,-117.4659261431046,6.9,2972.0,1049.4,396.9,True,1,1,False,False,False,False,,True,False,False,Course Lock,196.8,67,16.4,93,E,SW,3.8,3.8,Calm,False,False,Android,7.0.2,M300 RTK,1ZN7L4R0H1D00F,1W9DL31001461C,1ZMLH8300204F0,1Z6PH74DAP0QN7,"Corona, CA",728.3,5.7,137.7,8.547347,2.013246,0,0,DJI Matrice 300 RTK,M300 RTK,1ZN7L4R0H1D00F,1W9DL31001461C,1ZMLH8300204F0,1Z6PH74DAP0QN7,DJI Pilot,Android,7.0.2,1EF72A62-B7C3-C88D-164E-CE6F8C8424AE,1ZN7L4R0H1D00F,1W9DL31001461C,,1ZMLH8300204F0,1W9DL31001461C,,,,,
2023-11-01,11:24:47.54 AM,0m 25.2s,25.2,33.802772709207,-117.4659230773434,15.0,15.0,16.7,1279,15.2,1.898106,2.062356,-1.342164,0,-1.342164,1.342164,0,0,-1.8,-1.9,2.6,-135.9,224.1,223.1,Tripod,Other,,20,5,True,,True,False,,Smart,RC,False,True,False,,,True,,False,False,False,False,False,False,False,False,False,False,0,Follow Yaw,-88.9,0,-144,216,False,False,False,False,False,,0,0,False,False,No Card,100,100,1024,1337,1024,1024,2,False,False,False,False,False,0,False,False,False,False,98,,47.94,,4886,,4986,,47.94,,True,4.003,4.003,4.003,4.003,4.003,4.003,4.003,4.003,4.003,4.003,4.003,4.003,0,,False,False,True,,,,,,,,,,,,,,,False,False,9.602,,76.6,,75.7,,77.5,,,38,1,13,7,150025.1,20003.35,,Idle,,20,,10,,,20,Go Home,False,False,False,False,False,False,False,False,False,False,False,False,33.8027920380556,-117.4659261431046,7.1,2972.0,1049.4,396.9,True,1,1,False,False,False,False,,True,False,False,Course Lock,196.8,67,16.4,93,E,SW,3.8,3.8,Calm,False,False,Android,7.0.2,M300 RTK,1ZN7L4R0H1D00F,1W9DL31001461C,1ZMLH8300204F0,1Z6PH74DAP0QN7,"Corona, CA",728.3,5.7,137.7,8.547347,2.013246,0,0,DJI Matrice 300 RTK,M300 RTK,1ZN7L4R0H1D00F,1W9DL31001461C,1ZMLH8300204F0,1Z6PH74DAP0QN7,DJI Pilot,Android,7.0.2,1EF72A62-B7C3-C88D-164E-CE6F8C8424AE,1ZN7L4R0H1D00F,1W9DL31001461C,,1ZMLH8300204F0,1W9DL31001461C,,,,,
2023-11-01,11:24:47.64 AM,0m 25.3s,25.3,33.8027720030502,-117.4659237383925,15.0,15.0,16.7,1279,15.5,1.898106,2.062356,-1.342164,0,-1.342164,1.342164,0,0,-2,-1.8,2.6,-136,224,217.8,Tripod,Other,,20,5,True,,True,False,,Smart,RC,False,True,False,,,True,,False,False,False,False,False,False,False,False,False,False,0,Follow Yaw,-88.9,0,-144,216,False,False,False,False,False,,0,0,False,False,No Card,100,100,1024,1338,1024,1024,2,False,False,False,False,False,0,False,False,False,False,98,,47.94,,4886,,4986,,47.94,,True,3.997,3.997,3.997,3.997,3.997,3.997,3.997,3.997,3.997,3.997,3.997,3.997,0,,False,False,True,,,,,,,,,,,,,,,False,False,9.602,,76.6,,75.7,,77.5,,,38,1,13,7,149450.6,19926.75,,Idle,,20,,10,,,20,Go Home,False,False,False,False,False,False,False,False,False,False,False,False,33.8027920380556,-117.4659261431046,7.3,2972.0,1049.4,396.9,True,1,1,False,False,False,False,,True,False,False,Course Lock,196.8,67,16.4,93,E,SW,3.8,3.8,Calm,False,False,Android,7.0.2,M300 RTK,1ZN7L4R0H1D00F,1W9DL31001461C,1ZMLH8300204F0,1Z6PH74DAP0QN7,"Corona, CA",728.3,5.7,137.7,8.547347,2.013246,0,0,DJI Matrice 300 RTK,M300 RTK,1ZN7L4R0H1D00F,1W9DL31001461C,1ZMLH8300204F0,1Z6PH74DAP0QN7,DJI Pilot,Android,7.0.2,1EF72A62-B7C3-C88D-164E-CE6F8C8424AE,1ZN7L4R0H1D00F,1W9DL31001461C,,1ZMLH8300204F0,1W9DL31001461C,,,,,
2023-11-01,11:24:47.74 AM,0m 25.4s,25.4,33.802771334175,-117.4659244845466,15.0,15.0,16.7,1279,15.8,2.214457,2.214457,-1.565858,0,-1.565858,1.342164,0,0,-1.9,-1.8,2.6,-136.1,223.9,222.8,Tripod,Other,,21,5,True,,True,False,,Smart,RC,False,True,False,,,True,,False,False,False,False,False,False,False,False,False,False,0,Follow Yaw,-88.9,0,-144,216,False,False,False,False,False,,0,0,False,False,No Card,100,100,1024,1337,1024,1024,2,False,False,False,False,False,0,False,False,False,False,98,,47.94,,4886,,4986,,47.94,,True,3.997,3.997,3.997,3.997,3.997,3.997,3.997,3.997,3.997,3.997,3.997,3.997,0,,False,False,True,,,,,,,,,,,,,,,False,False,9.602,,76.6,,75.7,,77.5,,,38,1,13,7,149450.6,19926.75,,Idle,,20,,10,,,20,Go Home,False,False,False,False,False,False,False,False,False,False,False,False,33.8027920380556,-117.4659261431046,7.5,2972.0,1049.4,396.9,True,1,1,False,False,False,False,,True,False,False,Course Lock,196.8,67,16.4,93,E,SW,3.8,3.8,Calm,False,False,Android,7.0.2,M300 RTK,1ZN7L4R0H1D00F,1W9DL31001461C,1ZMLH8300204F0,1Z6PH74DAP0QN7,"Corona, CA",728.3,5.7,137.7,8.547347,2.013246,0,0,DJI Matrice 300 RTK,M300 RTK,1ZN7L4R0H1D00F,1W9DL31001461C,1ZMLH8300204F0,1Z6PH74DAP0QN7,DJI Pilot,Android,7.0.2,1EF72A62-B7C3-C88D-164E-CE6F8C8424AE,1ZN7L4R0H1D00F,1W9DL31001461C,,1ZMLH8300204F0,1W9DL31001461C,,,,,
2023-11-01,11:24:47.84 AM,0m 25.5s,25.5,33.8027708029127,-117.4659253606674,15.0,15.0,16.7,1279,16.2,2.214457,2.214457,-1.565858,0,-1.565858,1.342164,0,0,-1.8,-1.9,2.6,-136.2,223.8,233.8,Tripod,Other,,21,5,True,,True,False,,Smart,RC,False,True,False,,,True,,False,False,False,False,False,False,False,False,False,False,0,Follow Yaw,-88.9,0,-144,216,False,False,False,False,False,,0,0,False,False,No Card,100,100,1024,1336,1024,1024,2,False,False,False,False,False,0,False,False,False,False,98,,47.94,,4886,,4986,,47.94,,True,3.997,3.997,3.997,3.997,3.997,3.997,3.997,3.997,3.997,3.997,3.997,3.997,0,,False,False,True,,,,,,,,,,,,,,,False,False,9.602,,76.6,,75.7,,77.5,,,38,1,13,7,149450.6,19926.75,,Idle,,20,,10,,,20,Go Home,False,False,False,False,False,False,False,False,False,False,False,False,33.8027920380556,-117.4659261431046,7.7,2972.0,1049.4,396.9,True,1,1,False,False,False,False,,True,False,False,Course Lock,196.8,67,16.4,93,E,SW,3.8,3.8,Calm,False,False,Android,7.0.2,M300 RTK,1ZN7L4R0H1D00F,1W9DL31001461C,1ZMLH8300204F0,1Z6PH74DAP0QN7,"Corona, CA",728.3,5.7,137.7,8.547347,2.013246,0,0,DJI Matrice 300 RTK,M300 RTK,1ZN7L4R0H1D00F,1W9DL31001461C,1ZMLH8300204F0,1Z6PH74DAP0QN7,DJI Pilot,Android,7.0.2,1EF72A62-B7C3-C88D-164E-CE6F8C8424AE,1ZN7L4R0H1D00F,1W9DL31001461C,,1ZMLH8300204F0,1W9DL31001461C,,,,,
2023-11-01,11:24:47.94 AM,0m 25.6s,25.6,33.8027700896286,-117.465926178732,15.0,15.0,16.7,1279,16.5,2.214457,2.214457,-1.565858,0,-1.565858,1.342164,0,0,-1.8,-1.9,2.6,-136.2,223.8,223.6,Tripod,Other,,20,5,True,,True,False,,Smart,RC,False,True,False,,,True,,False,False,False,False,False,False,False,False,False,False,0,Follow Yaw,-88.9,0,-144,216,False,False,False,False,False,,0,0,False,False,No Card,100,100,1024,1343,1024,1024,2,False,False,False,False,False,0,False,False,False,False,98,,47.94,,4886,,4986,,47.94,,True,3.997,3.997,3.997,3.997,3.997,3.997,3.997,3.997,3.997,3.997,3.997,3.997,0,,False,False,True,,,,,,,,,,,,,,,False,False,9.602,,76.6,,75.7,,77.5,,,38,1,13,7,149450.6,19926.75,,Idle,,20,,10,,,20,Go Home,False,False,False,False,False,False,False,False,False,False,False,False,33.8027920380556,-117.4659261431046,8.0,2972.0,1049.4,396.9,True,1,1,False,False,False,False,,True,False,False,Course Lock,196.8,67,16.4,93,E,SW,3.8,3.8,Calm,False,False,Android,7.0.2,M300 RTK,1ZN7L4R0H1D00F,1W9DL31001461C,1ZMLH8300204F0,1Z6PH74DAP0QN7,"Corona, CA",728.3,5.7,137.7,8.547347,2.013246,0,0,DJI Matrice 300 RTK,M300 RTK,1ZN7L4R0H1D00F,1W9DL31001461C,1ZMLH8300204F0,1Z6PH74DAP0QN7,DJI Pilot,Android,7.0.2,1EF72A62-B7C3-C88D-164E-CE6F8C8424AE,1ZN7L4R0H1D00F,1W9DL31001461C,,1ZMLH8300204F0,1W9DL31001461C,,,,,
2023-11-01,11:24:48.04 AM,0m 25.7s,25.7,33.8027692041913,-117.4659270390193,15.0,15.0,16.7,1279,16.9,2.377899,2.377899,-1.789552,0,-1.565858,1.342164,0,0,-1.8,-1.9,2.6,-136.1,223.9,218.9,Tripod,Other,,20,5,True,,True,False,,Smart,RC,False,True,False,,,True,,False,False,False,False,False,False,False,False,False,False,0,Follow Yaw,-88.9,0,-144,216,False,False,False,False,False,,0,0,False,False,No Card,100,100,1024,1343,1024,1024,2,False,False,False,False,False,0,False,False,False,False,98,,47.94,,4886,,4986,,47.94,,True,3.997,3.997,3.997,3.997,3.997,3.997,3.997,3.997,3.997,3.997,3.997,3.997,0,,False,False,True,,,,,,,,,,,,,,,False,False,9.602,,76.6,,75.7,,77.5,,,38,1,13,7,149450.6,19926.75,,Idle,,20,,10,,,20,Go Home,False,False,False,False,False,False,False,False,False,False,False,False,33.8027920380556,-117.4659261431046,8.3,2972.0,1049.4,396.9,True,1,1,False,False,False,False,,True,False,False,Course Lock,196.8,67,16.4,93,E,SW,3.8,3.8,Calm,False,False,Android,7.0.2,M300 RTK,1ZN7L4R0H1D00F,1W9DL31001461C,1ZMLH8300204F0,1Z6PH74DAP0QN7,"Corona, CA",728.3,5.7,137.7,8.547347,2.013246,0,0,DJI Matrice 300 RTK,M300 RTK,1ZN7L4R0H1D00F,1W9DL31001461C,1ZMLH8300204F0,1Z6PH74DAP0QN7,DJI Pilot,Android,7.0.2,1EF72A62-B7C3-C88D-164E-CE6F8C8424AE,1ZN7L4R0H1D00F,1W9DL31001461C,,1ZMLH8300204F0,1W9DL31001461C,,,,,
2023-11-01,11:24:48.14 AM,0m 25.8s,25.8,33.8027684240197,-117.4659279144803,15.0,15.0,16.7,1279,17.3,2.530808,2.530808,-1.789552,0,-1.789552,1.342164,0,0,-1.8,-1.9,2.6,-136.1,223.9,222.9,Tripod,Other,,20,5,True,,True,False,,Smart,RC,False,True,False,,,True,,False,False,False,False,False,False,False,False,False,False,0,Follow Yaw,-88.9,0,-144,216,False,False,False,False,False,,0,0,False,False,No Card,100,100,1024,1343,1024,949,2,False,False,False,False,False,0,False,False,False,False,98,,47.94,,4886,,4986,,47.94,,True,3.997,3.997,3.997,3.997,3.997,3.997,3.997,3.997,3.997,3.997,3.997,3.997,0,,False,False,True,,,,,,,,,,,,,,,False,False,9.602,,76.6,,75.7,,77.5,,,38,1,13,7,149450.6,19926.75,,Idle,,20,,10,,,20,Go Home,False,False,False,False,False,False,False,False,False,False,False,False,33.8027920380556,-117.4659261431046,8.6,2972.0,1049.4,396.9,True,1,1,False,False,False,False,,True,False,False,Course Lock,196.8,67,16.4,93,E,SW,3.8,3.8,Calm,False,False,Android,7.0.2,M300 RTK,1ZN7L4R0H1D00F,1W9DL31001461C,1ZMLH8300204F0,1Z6PH74DAP0QN7,"Corona, CA",728.3,5.7,137.7,8.547347,2.013246,0,0,DJI Matrice 300 RTK,M300 RTK,1ZN7L4R0H1D00F,1W9DL31001461C,1ZMLH8300204F0,1Z6PH74DAP0QN7,DJI Pilot,Android,7.0.2,1EF72A62-B7C3-C88D-164E-CE6F8C8424AE,1ZN7L4R0H1D00F,1W9DL31001461C,,1ZMLH8300204F0,1W9DL31001461C,,,,,
2023-11-01,11:24:48.24 AM,0m 25.9s,25.9,33.8027675413237,-117.4659288974773,15.0,15.0,16.7,1279,17.8,2.530808,2.530808,-1.789552,0,-1.789552,1.342164,0,0,-1.8,-2.1,2.7,-136,224,222.7,Tripod,Other,,20,5,True,,True,False,,Smart,RC,False,True,False,,,True,,False,False,False,False,False,False,False,False,False,False,0,Follow Yaw,-88.9,0,-144.1,215.9,False,False,False,False,False,,0,0,False,False,No Card,100,100,1024,1342,1024,855,2,False,False,False,False,False,0,False,False,False,False,98,,47.94,,4886,,4986,,47.94,,True,3.997,3.997,3.997,3.997,3.997,3.997,3.997,3.997,3.997,3.997,3.997,3.997,0,,False,False,True,,,,,,,,,,,,,,,False,False,9.602,,76.6,,75.7,,77.5,,,38,1,13,7,149450.6,19926.75,,Idle,,20,,10,,,20,Go Home,False,False,False,False,False,False,False,False,False,False,False,False,33.8027920380556,-117.4659261431046,8.9,2972.0,1049.4,396.9,True,1,1,False,False,False,False,,True,False,False,Course Lock,196.8,67,16.4,93,E,SW,3.8,3.8,Calm,False,False,Android,7.0.2,M300 RTK,1ZN7L4R0H1D00F,1W9DL31001461C,1ZMLH8300204F0,1Z6PH74DAP0QN7,"Corona, CA",728.3,5.7,137.7,8.547347,2.013246,0,0,DJI Matrice 300 RTK,M300 RTK,1ZN7L4R0H1D00F,1W9DL31001461C,1ZMLH8300204F0,1Z6PH74DAP0QN7,DJI Pilot,Android,7.0.2,1EF72A62-B7C3-C88D-164E-CE6F8C8424AE,1ZN7L4R0H1D00F,1W9DL31001461C,,1ZMLH8300204F0,1W9DL31001461C,,,,,
2023-11-01,11:24:48.34 AM,0m 26.0s,26.0,33.802766693168,-117.4659298356127,15.0,15.0,16.7,1279,18.2,2.693632,2.693632,-2.013246,0,-1.789552,1.342164,0,0,-1.8,-2.1,2.7,-135.9,224.1,222.5,Tripod,Other,,20,5,True,,True,False,,Smart,RC,False,True,False,,,True,,False,False,False,False,False,False,False,False,False,False,0,Follow Yaw,-88.9,0,-144.2,215.8,False,False,False,False,False,,0,0,False,False,No Card,100,100,1024,1345,1024,827,2,False,False,False,False,False,0,False,False,False,False,98,,47.952,,9842,,10044,,47.952,,True,3.997,3.997,3.997,3.997,3.997,3.997,3.997,3.997,3.997,3.997,3.997,3.997,0,,False,False,True,,,,,,,,,,,,,,,False,False,19.554,,77.5,,75.7,,77.5,,,38,1,13,7,149450.6,19926.75,,Idle,,20,,10,,,20,Go Home,False,False,False,False,False,False,False,False,False,False,False,False,33.8027920380556,-117.4659261431046,9.3,2972.0,1049.4,396.9,True,1,1,False,False,False,False,,True,False,False,Course Lock,196.8,67,16.4,93,E,SW,3.8,3.8,Calm,False,False,Android,7.0.2,M300 RTK,1ZN7L4R0H1D00F,1W9DL31001461C,1ZMLH8300204F0,1Z6PH74DAP0QN7,"Corona, CA",728.3,5.7,137.7,8.547347,2.013246,0,0,DJI Matrice 300 RTK,M300 RTK,1ZN7L4R0H1D00F,1W9DL31001461C,1ZMLH8300204F0,1Z6PH74DAP0QN7,DJI Pilot,Android,7.0.2,1EF72A62-B7C3-C88D-164E-CE6F8C8424AE,1ZN7L4R0H1D00F,1W9DL31001461C,,1ZMLH8300204F0,1W9DL31001461C,,,,,
2023-11-01,11:24:48.42 AM,0m 26.1s,26.1,33.8027659486331,-117.4659308456585,15.0,15.0,16.7,1279,18.6,2.693632,2.693632,-2.013246,0,-1.789552,1.342164,0,0,-1.8,-2.3,2.9,-135.9,224.1,228.4,Tripod,Other,,20,5,True,,True,False,,Smart,RC,False,True,False,,,True,,False,False,False,False,False,False,False,False,False,False,0,Follow Yaw,-88.9,0,-144.6,215.4,False,False,False,False,False,,0,0,False,False,No Card,100,100,1024,1343,1024,827,2,False,False,False,False,False,0,False,False,False,False,98,,47.952,,9842,,10044,,47.952,,True,3.997,3.997,3.997,3.997,3.997,3.997,3.997,3.997,3.997,3.997,3.997,3.997,0,,False,False,True,,,,,,,,,,,,,,,False,False,19.554,,77.5,,75.7,,77.5,,,38,1,13,7,149450.6,19926.75,,Idle,,20,,10,,,20,Go Home,False,False,False,False,False,False,False,False,False,False,False,False,33.8027920380556,-117.4659261431046,9.6,2972.0,1049.4,396.9,True,1,1,False,False,False,False,,True,False,False,Course Lock,196.8,67,16.4,93,E,SW,3.8,3.8,Calm,False,False,Android,7.0.2,M300 RTK,1ZN7L4R0H1D00F,1W9DL31001461C,1ZMLH8300204F0,1Z6PH74DAP0QN7,"Corona, CA",728.3,5.7,137.7,8.547347,2.013246,0,0,DJI Matrice 300 RTK,M300 RTK,1ZN7L4R0H1D00F,1W9DL31001461C,1ZMLH8300204F0,1Z6PH74DAP0QN7,DJI Pilot,Android,7.0.2,1EF72A62-B7C3-C88D-164E-CE6F8C8424AE,1ZN7L4R0H1D00F,1W9DL31001461C,,1ZMLH8300204F0,1W9DL31001461C,,,,,
2023-11-01,11:24:48.52 AM,0m 26.2s,26.2,33.8027650472964,-117.4659318392111,15.0,15.0,16.7,1279,19.0,2.847159,2.847159,-2.013246,0,-2.013246,1.342164,0,0,-1.8,-2.5,3,-136.1,223.9,222.4,Tripod,Other,,20,5,True,,True,False,,Smart,RC,False,True,False,,,True,,False,False,False,False,False,False,False,False,False,False,0,Follow Yaw,-88.9,0,-145.1,214.9,False,False,False,False,False,,0,0,False,False,No Card,100,100,1024,1342,1024,827,2,False,False,False,False,False,0,False,False,False,False,98,,47.952,,9842,,10044,,47.952,,True,3.997,3.997,3.997,3.997,3.997,3.997,3.997,3.997,3.997,3.997,3.997,3.997,0,,False,False,True,,,,,,,,,,,,,,,False,False,19.554,,77.5,,75.7,,77.5,,,38,1,13,7,149450.6,19926.75,,Idle,,20,,10,,,20,Go Home,False,False,False,False,False,False,False,False,False,False,False,False,33.8027920380556,-117.4659261431046,9.9,2972.0,1049.4,396.9,True,1,1,False,False,False,False,,True,False,False,Course Lock,196.8,67,16.4,93,E,SW,3.8,3.8,Calm,False,False,Android,7.0.2,M300 RTK,1ZN7L4R0H1D00F,1W9DL31001461C,1ZMLH8300204F0,1Z6PH74DAP0QN7,"Corona, CA",728.3,5.7,137.7,8.547347,2.013246,0,0,DJI Matrice 300 RTK,M300 RTK,1ZN7L4R0H1D00F,1W9DL31001461C,1ZMLH8300204F0,1Z6PH74DAP0QN7,DJI Pilot,Android,7.0.2,1EF72A62-B7C3-C88D-164E-CE6F8C8424AE,1ZN7L4R0H1D00F,1W9DL31001461C,,1ZMLH8300204F0,1W9DL31001461C,,,,,
2023-11-01,11:24:48.64 AM,0m 26.3s,26.3,33.8027640686552,-117.4659328789448,15.0,15.0,16.7,1279,19.5,3.009494,3.009494,-2.23694,0,-2.013246,1.342164,0,0,-1.8,-2.6,3.1,-136.3,223.7,221.4,Tripod,Other,,20,5,True,,True,False,,Smart,RC,False,True,False,,,True,,False,False,False,False,False,False,False,False,False,False,0,Follow Yaw,-88.9,0,-145.5,214.5,False,False,False,False,False,,0,0,False,False,No Card,100,100,1024,1341,1024,827,2,False,False,False,False,False,0,False,False,False,False,98,,47.952,,9842,,10044,,47.952,,True,3.995,3.995,3.995,3.995,3.995,3.995,3.995,3.995,3.995,3.995,3.995,3.995,0,,False,False,True,,,,,,,,,,,,,,,False,False,19.554,,77.5,,75.7,,77.5,,1784,38,1,13,7,148884.0,19851.21,,Idle,,20,,10,,,20,Go Home,False,False,False,False,False,False,False,False,False,False,False,False,33.8027920380556,-117.4659261431046,10.4,2972.0,1049.4,396.9,True,1,1,False,False,False,False,,True,False,False,Course Lock,196.8,67,16.4,93,E,SW,3.8,3.8,Calm,False,False,Android,7.0.2,M300 RTK,1ZN7L4R0H1D00F,1W9DL31001461C,1ZMLH8300204F0,1Z6PH74DAP0QN7,"Corona, CA",728.3,5.7,137.7,8.547347,2.013246,0,0,DJI Matrice 300 RTK,M300 RTK,1ZN7L4R0H1D00F,1W9DL31001461C,1ZMLH8300204F0,1Z6PH74DAP0QN7,DJI Pilot,Android,7.0.2,1EF72A62-B7C3-C88D-164E-CE6F8C8424AE,1ZN7L4R0H1D00F,1W9DL31001461C,,1ZMLH8300204F0,1W9DL31001461C,,,,,
2023-11-01,11:24:48.73 AM,0m 26.4s,26.4,33.8027630883693,-117.4659339166993,15.0,15.0,16.7,1279,20.0,3.009494,3.009494,-2.23694,0,-2.013246,1.342164,0,0,-1.8,-2.5,3,-136.6,223.4,221.3,Tripod,Other,,20,5,True,,True,False,,Smart,RC,False,True,False,,,True,,False,False,False,False,False,False,False,False,False,False,0,Follow Yaw,-88.9,0,-146,214,False,False,False,False,False,,0,0,False,False,No Card,100,100,1024,1337,1024,828,2,False,False,False,False,False,0,False,False,False,False,98,,47.952,,9842,,10044,,47.952,,True,3.995,3.995,3.995,3.995,3.995,3.995,3.995,3.995,3.995,3.995,3.995,3.995,0,,False,False,True,,,,,,,,,,,,,,,False,False,19.554,,77.5,,75.7,,77.5,,1784,38,1,13,7,148884.0,19851.21,,Idle,,20,,10,,,20,Go Home,False,False,False,False,False,False,False,False,False,False,False,False,33.8027920380556,-117.4659261431046,10.8,2972.0,1049.4,396.9,True,1,1,False,False,False,False,,True,False,False,Course Lock,196.8,67,16.4,93,E,SW,3.8,3.8,Calm,False,False,Android,7.0.2,M300 RTK,1ZN7L4R0H1D00F,1W9DL31001461C,1ZMLH8300204F0,1Z6PH74DAP0QN7,"Corona, CA",728.3,5.7,137.7,8.547347,2.013246,0,0,DJI Matrice 300 RTK,M300 RTK,1ZN7L4R0H1D00F,1W9DL31001461C,1ZMLH8300204F0,1Z6PH74DAP0QN7,DJI Pilot,Android,7.0.2,1EF72A62-B7C3-C88D-164E-CE6F8C8424AE,1ZN7L4R0H1D00F,1W9DL31001461C,,1ZMLH8300204F0,1W9DL31001461C,,,,,
2023-11-01,11:24:48.83 AM,0m 26.5s,26.5,33.8027620768326,-117.4659349696276,15.0,15.0,16.7,1279,20.5,3.179289,3.179289,-2.460634,0,-2.013246,1.342164,0,0,-1.6,-2.4,2.8,-137,223,220.8,Tripod,Other,,20,5,True,,True,False,,Smart,RC,False,True,False,,,True,,False,False,False,False,False,False,False,False,False,False,0,Follow Yaw,-88.9,0,-146.4,213.6,False,False,False,False,False,,0,0,False,False,No Card,100,100,1024,1332,1024,828,2,False,False,False,False,False,0,False,False,False,False,98,,47.952,,9842,,10044,,47.952,,True,3.995,3.995,3.995,3.995,3.995,3.995,3.995,3.995,3.995,3.995,3.995,3.995,0,,False,False,True,,,,,,,,,,,,,,,False,False,19.554,,77.5,,75.7,,77.5,,1784,38,1,13,7,148884.0,19851.21,,Idle,,20,,10,,,20,Go Home,False,False,False,False,False,False,False,False,False,False,False,False,33.8027920380556,-117.4659261431046,11.2,2972.0,1049.4,396.9,True,1,1,False,False,False,False,,True,False,False,Course Lock,196.8,67,16.4,93,E,SW,4.02,4.02,Calm,False,False,Android,7.0.2,M300 RTK,1ZN7L4R0H1D00F,1W9DL31001461C,1ZMLH8300204F0,1Z6PH74DAP0QN7,"Corona, CA",728.3,5.7,137.7,8.547347,2.013246,0,0,DJI Matrice 300 RTK,M300 RTK,1ZN7L4R0H1D00F,1W9DL31001461C,1ZMLH8300204F0,1Z6PH74DAP0QN7,DJI Pilot,Android,7.0.2,1EF72A62-B7C3-C88D-164E-CE6F8C8424AE,1ZN7L4R0H1D00F,1W9DL31001461C,,1ZMLH8300204F0,1W9DL31001461C,,,,,
2023-11-01,11:24:48.94 AM,0m 26.6s,26.6,33.8027610225318,-117.4659360430074,15.0,15.0,16.7,1279,21.0,3.179289,3.179289,-2.460634,0,-2.013246,1.342164,0,0,-1.4,-2.2,2.6,-137.5,222.5,220.2,Tripod,Other,,21,5,True,,True,False,,Smart,RC,False,True,False,,,True,,False,False,False,False,False,False,False,False,False,False,0,Follow Yaw,-88.9,0,-146.9,213.1,False,False,False,False,False,,0,0,False,False,No Card,100,100,1024,1329,1024,826,2,False,False,False,False,False,0,False,False,False,False,98,,47.952,,9842,,10044,,47.952,,True,3.995,3.995,3.995,3.995,3.995,3.995,3.995,3.995,3.995,3.995,3.995,3.995,0,,False,False,True,,,,,,,,,,,,,,,False,False,19.554,,77.5,,75.7,,77.5,,1784,38,1,13,7,148884.0,19851.21,,Idle,,20,,10,,,20,Go Home,False,False,False,False,False,False,False,False,False,False,False,False,33.8027920380556,-117.4659261431046,11.7,2972.0,1049.4,396.9,True,1,1,False,False,False,False,,True,False,False,Course Lock,196.8,67,16.4,93,E,SW,4.02,4.02,Calm,False,False,Android,7.0.2,M300 RTK,1ZN7L4R0H1D00F,1W9DL31001461C,1ZMLH8300204F0,1Z6PH74DAP0QN7,"Corona, CA",728.3,5.7,137.7,8.547347,2.013246,0,0,DJI Matrice 300 RTK,M300 RTK,1ZN7L4R0H1D00F,1W9DL31001461C,1ZMLH8300204F0,1Z6PH74DAP0QN7,DJI Pilot,Android,7.0.2,1EF72A62-B7C3-C88D-164E-CE6F8C8424AE,1ZN7L4R0H1D00F,1W9DL31001461C,,1ZMLH8300204F0,1W9DL31001461C,,,,,
2023-11-01,11:24:49.04 AM,0m 26.7s,26.7,33.802759838842,-117.4659369211074,15.0,15.0,16.7,1279,21.5,3.179289,3.179289,-2.460634,0,-2.013246,1.342164,0,0,-1.1,-2,2.2,-138,222,211.6,Tripod,Other,,21,5,True,,True,False,,Smart,RC,False,True,False,,,True,,False,False,False,False,False,False,False,False,False,False,0,Follow Yaw,-88.9,0,-147.3,212.7,False,False,False,False,False,,0,0,False,False,No Card,100,100,1024,1330,1024,826,2,False,False,False,False,False,0,False,False,False,False,98,,47.916,,4886,,4986,,47.916,,True,3.995,3.995,3.995,3.995,3.995,3.995,3.995,3.995,3.995,3.995,3.995,3.995,0,,False,False,True,,,,,,,,,,,,,,,False,False,9.514,,76.6,,75.7,,77.5,,1784,38,1,13,7,148884.0,19851.21,,Idle,,20,,10,,,20,Go Home,False,False,False,False,False,False,False,False,False,False,False,False,33.8027920380556,-117.4659261431046,12.1,2972.0,1049.4,396.9,True,1,1,False,False,False,False,,True,False,False,Course Lock,196.8,67,16.4,93,E,SW,4.02,4.02,Calm,False,False,Android,7.0.2,M300 RTK,1ZN7L4R0H1D00F,1W9DL31001461C,1ZMLH8300204F0,1Z6PH74DAP0QN7,"Corona, CA",728.3,5.7,137.7,8.547347,2.013246,0,0,DJI Matrice 300 RTK,M300 RTK,1ZN7L4R0H1D00F,1W9DL31001461C,1ZMLH8300204F0,1Z6PH74DAP0QN7,DJI Pilot,Android,7.0.2,1EF72A62-B7C3-C88D-164E-CE6F8C8424AE,1ZN7L4R0H1D00F,1W9DL31001461C,,1ZMLH8300204F0,1W9DL31001461C,,,,,
2023-11-01,11:24:49.15 AM,0m 26.8s,26.8,33.8027587160088,-117.4659380123,15.0,15.0,16.7,1279,22.0,3.494211,3.494211,-2.684328,0,-2.23694,1.342164,0,0,-0.8,-2,2.1,-138.6,221.4,218.9,Tripod,Other,,20,5,True,,True,False,,Smart,RC,False,True,False,,,True,,False,False,False,False,False,False,False,False,False,False,0,Follow Yaw,-88.9,0,-147.8,212.2,False,False,False,False,False,,0,0,False,False,No Card,100,100,1024,1330,1024,826,2,False,False,False,False,False,0,False,False,False,False,98,,47.916,,4886,,4986,,47.916,,True,3.995,3.995,3.995,3.995,3.995,3.995,3.995,3.995,3.995,3.995,3.995,3.995,0,,False,False,True,,,,,,,,,,,,,,,False,False,9.514,,76.6,,75.7,,77.5,,1784,38,1,13,7,148884.0,19851.21,,Idle,,20,,10,,,20,Go Home,False,False,False,False,False,False,False,False,False,False,False,False,33.8027920380556,-117.4659261431046,12.6,2972.0,1049.4,396.9,True,1,1,False,False,False,False,,True,False,False,Course Lock,196.8,67,16.4,93,E,SW,4.02,4.02,Calm,False,False,Android,7.0.2,M300 RTK,1ZN7L4R0H1D00F,1W9DL31001461C,1ZMLH8300204F0,1Z6PH74DAP0QN7,"Corona, CA",728.3,5.7,137.7,8.547347,2.013246,0,0,DJI Matrice 300 RTK,M300 RTK,1ZN7L4R0H1D00F,1W9DL31001461C,1ZMLH8300204F0,1Z6PH74DAP0QN7,DJI Pilot,Android,7.0.2,1EF72A62-B7C3-C88D-164E-CE6F8C8424AE,1ZN7L4R0H1D00F,1W9DL31001461C,,1ZMLH8300204F0,1W9DL31001461C,,,,,
2023-11-01,11:24:49.25 AM,0m 26.9s,26.9,33.8027574210226,-117.4659392611679,15.0,15.0,16.7,1279,22.6,3.494211,3.494211,-2.684328,0,-2.23694,1.342164,0,0,-0.7,-2.2,2.3,-139.2,220.8,218.7,Tripod,Other,,20,5,True,,True,False,,Smart,RC,False,True,False,,,True,,False,False,False,False,False,False,False,False,False,False,0,Follow Yaw,-88.9,0,-148.2,211.8,False,False,False,False,False,,0,0,False,False,No Card,100,100,1024,1329,1024,826,2,False,False,False,False,False,0,False,False,False,False,98,,47.916,,4886,,4986,,47.916,,True,3.995,3.995,3.995,3.995,3.995,3.995,3.995,3.995,3.995,3.995,3.995,3.995,0,,False,False,True,,,,,,,,,,,,,,,False,False,9.514,,76.6,,75.7,,77.5,,1784,38,1,13,7,148884.0,19851.21,,Idle,,20,,10,,,20,Go Home,False,False,False,False,False,False,False,False,False,False,False,False,33.8027920380556,-117.4659261431046,13.2,2972.0,1049.4,396.9,True,1,1,False,False,False,False,,True,False,False,Course Lock,196.8,67,16.4,93,E,SW,4.02,4.02,Calm,False,False,Android,7.0.2,M300 RTK,1ZN7L4R0H1D00F,1W9DL31001461C,1ZMLH8300204F0,1Z6PH74DAP0QN7,"Corona, CA",728.3,5.7,137.7,8.547347,2.013246,0,0,DJI Matrice 300 RTK,M300 RTK,1ZN7L4R0H1D00F,1W9DL31001461C,1ZMLH8300204F0,1Z6PH74DAP0QN7,DJI Pilot,Android,7.0.2,1EF72A62-B7C3-C88D-164E-CE6F8C8424AE,1ZN7L4R0H1D00F,1W9DL31001461C,,1ZMLH8300204F0,1W9DL31001461C,,,,,
2023-11-01,11:24:49.36 AM,0m 27.0s,27.0,33.8027562340432,-117.4659403906247,15.0,15.0,16.7,1279,23.2,3.494211,3.494211,-2.684328,0,-2.23694,1.342164,0,0,-0.8,-2.4,2.5,-139.7,220.3,218.3,Tripod,Other,,20,5,True,,True,False,,Smart,RC,False,True,False,,,True,,False,False,False,False,False,False,False,False,False,False,0,Follow Yaw,-88.9,0,-148.7,211.3,False,False,False,False,False,,0,0,False,False,No Card,100,100,1024,1330,1024,826,2,False,False,False,False,False,0,False,False,False,False,98,,47.94,,9842,,10044,,47.94,,True,3.995,3.995,3.995,3.995,3.995,3.995,3.995,3.995,3.995,3.995,3.995,3.995,0,,False,False,True,,,,,,,,,,,,,,,False,False,19.288,,77.5,,75.7,,77.5,,1784,38,1,13,7,148884.0,19851.21,,Idle,,20,,10,,,20,Go Home,False,False,False,False,False,False,False,False,False,False,False,False,33.8027920380556,-117.4659261431046,13.7,2972.0,1049.4,396.9,True,1,1,False,False,False,False,,True,False,False,Course Lock,196.8,67,16.4,93,E,SW,4.02,4.02,Calm,False,False,Android,7.0.2,M300 RTK,1ZN7L4R0H1D00F,1W9DL31001461C,1ZMLH8300204F0,1Z6PH74DAP0QN7,"Corona, CA",728.3,5.7,137.7,8.547347,2.013246,0,0,DJI Matrice 300 RTK,M300 RTK,1ZN7L4R0H1D00F,1W9DL31001461C,1ZMLH8300204F0,1Z6PH74DAP0QN7,DJI Pilot,Android,7.0.2,1EF72A62-B7C3-C88D-164E-CE6F8C8424AE,1ZN7L4R0H1D00F,1W9DL31001461C,,1ZMLH8300204F0,1W9DL31001461C,,,,,
2023-11-01,11:24:49.44 AM,0m 27.1s,27.1,33.802754973049,-117.4659413307392,15.0,15.0,16.7,1279,23.7,3.494211,3.494211,-2.684328,0,-2.23694,1.342164,0,0,-1,-2.5,2.6,-140.2,219.8,211.7,Tripod,Other,,20,5,True,,True,False,,Smart,RC,False,True,False,,,True,,False,False,False,False,False,False,False,False,False,False,0,Follow Yaw,-88.9,0,-149.1,210.9,False,False,False,False,False,,0,0,False,False,No Card,100,100,1024,1347,1024,926,2,False,False,False,False,False,0,False,False,False,False,98,,47.94,,9842,,10044,,47.94,,True,3.995,3.995,3.995,3.995,3.995,3.995,3.995,3.995,3.995,3.995,3.995,3.995,0,,False,False,True,,,,,,,,,,,,,,,False,False,19.288,,77.5,,75.7,,77.5,,1784,38,1,13,7,148884.0,19851.21,,Idle,,20,,10,,,20,Go Home,False,False,False,False,False,False,False,False,False,False,False,False,33.8027920380556,-117.4659261431046,14.2,2972.0,1049.4,396.9,True,1,1,False,False,False,False,,True,False,False,Course Lock,196.8,67,16.4,93,E,SW,4.02,4.02,Calm,False,False,Android,7.0.2,M300 RTK,1ZN7L4R0H1D00F,1W9DL31001461C,1ZMLH8300204F0,1Z6PH74DAP0QN7,"Corona, CA",728.3,5.7,137.7,8.547347,2.013246,0,0,DJI Matrice 300 RTK,M300 RTK,1ZN7L4R0H1D00F,1W9DL31001461C,1ZMLH8300204F0,1Z6PH74DAP0QN7,DJI Pilot,Android,7.0.2,1EF72A62-B7C3-C88D-164E-CE6F8C8424AE,1ZN7L4R0H1D00F,1W9DL31001461C,,1ZMLH8300204F0,1W9DL31001461C,,,,,
2023-11-01,11:24:49.56 AM,0m 27.2s,27.2,33.8027537180856,-117.4659424549183,15.0,15.0,16.7,1279,24.3,3.668854,3.668854,-2.908022,0,-2.23694,1.342164,0,0,-1.3,-2.5,2.8,-140.8,219.2,216.6,Tripod,Other,,20,5,True,,True,False,,Smart,RC,False,True,False,,,True,,False,False,False,False,False,False,False,False,False,False,0,Follow Yaw,-88.9,0,-149.5,210.5,False,False,False,False,False,,0,0,False,False,No Card,100,100,1024,1348,1024,942,2,False,False,False,False,False,0,False,False,False,False,98,,47.94,,9842,,10044,,47.94,,True,3.995,3.995,3.995,3.995,3.995,3.995,3.995,3.995,3.995,3.995,3.995,3.995,0,,False,False,True,,,,,,,,,,,,,,,False,False,19.288,,77.5,,75.7,,77.5,,1784,38,1,13,7,148884.0,19851.21,,Idle,,20,,10,,,20,Go Home,False,False,False,False,False,False,False,False,False,False,False,False,33.8027920380556,-117.4659261431046,14.8,2972.0,1049.4,396.9,True,1,1,False,False,False,False,,True,False,False,Course Lock,196.8,67,16.4,93,E,SW,4.02,4.02,Calm,False,False,Android,7.0.2,M300 RTK,1ZN7L4R0H1D00F,1W9DL31001461C,1ZMLH8300204F0,1Z6PH74DAP0QN7,"Corona, CA",728.3,5.7,137.7,8.547347,2.013246,0,0,DJI Matrice 300 RTK,M300 RTK,1ZN7L4R0H1D00F,1W9DL31001461C,1ZMLH8300204F0,1Z6PH74DAP0QN7,DJI Pilot,Android,7.0.2,1EF72A62-B7C3-C88D-164E-CE6F8C8424AE,1ZN7L4R0H1D00F,1W9DL31001461C,,1ZMLH8300204F0,1W9DL31001461C,,,,,
2023-11-01,11:24:49.67 AM,0m 27.3s,27.3,33.8027524362575,-117.4659437737176,15.0,15.0,16.7,1279,24.9,3.668854,3.668854,-2.908022,0,-2.23694,1.342164,0,0,-1.4,-2.3,2.6,-141.2,218.8,220.5,Tripod,Other,,20,5,True,,True,False,,Smart,RC,False,True,False,,,True,,False,False,False,False,False,False,False,False,False,False,0,Follow Yaw,-88.9,0,-149.7,210.3,False,False,False,False,False,,0,0,False,False,No Card,100,100,1024,1347,1024,942,2,False,False,False,False,False,0,False,False,False,False,98,,47.94,,9842,,10044,,47.94,,True,3.993,3.993,3.993,3.993,3.993,3.993,3.993,3.993,3.993,3.993,3.993,3.993,0,,False,False,True,,,,,,,,,,,,,,,False,False,19.288,,77.5,,75.7,,77.5,,1784,38,1,13,7,148314.8,19775.31,,Idle,,20,,10,,,20,Go Home,False,False,False,False,False,False,False,False,False,False,False,False,33.8027920380556,-117.4659261431046,15.4,2972.0,1049.4,396.9,True,1,1,False,False,False,False,,True,False,False,Course Lock,196.8,67,16.4,93,E,SW,4.02,4.02,Calm,False,False,Android,7.0.2,M300 RTK,1ZN7L4R0H1D00F,1W9DL31001461C,1ZMLH8300204F0,1Z6PH74DAP0QN7,"Corona, CA",728.3,5.7,137.7,8.547347,2.013246,0,0,DJI Matrice 300 RTK,M300 RTK,1ZN7L4R0H1D00F,1W9DL31001461C,1ZMLH8300204F0,1Z6PH74DAP0QN7,DJI Pilot,Android,7.0.2,1EF72A62-B7C3-C88D-164E-CE6F8C8424AE,1ZN7L4R0H1D00F,1W9DL31001461C,,1ZMLH8300204F0,1W9DL31001461C,,,,,
2023-11-01,11:24:49.78 AM,0m 27.4s,27.4,33.8027511111171,-117.4659449368206,15.0,15.0,16.7,1279,25.5,3.848577,3.848577,-3.131716,0,-2.23694,1.342164,0,0,-1.4,-2,2.4,-141.5,218.5,216.1,Tripod,Other,,20,5,True,,True,False,,Smart,RC,False,True,False,,,True,,False,False,False,False,False,False,False,False,False,False,0,Follow Yaw,-88.9,0,-149.8,210.2,False,False,False,False,False,,0,0,False,False,No Card,100,100,1024,1347,1024,941,2,False,False,False,False,False,0,False,False,False,False,98,,47.94,,9842,,10044,,47.94,,True,3.993,3.993,3.993,3.993,3.993,3.993,3.993,3.993,3.993,3.993,3.993,3.993,0,,False,False,True,,,,,,,,,,,,,,,False,False,19.288,,77.5,,75.7,,77.5,,1784,38,1,13,7,148314.8,19775.31,,Idle,,20,,10,,,20,Go Home,False,False,False,False,False,False,False,False,False,False,False,False,33.8027920380556,-117.4659261431046,15.9,2972.0,1049.4,396.9,True,1,1,False,False,False,False,,True,False,False,Course Lock,196.8,67,16.4,93,E,SW,4.02,4.02,Calm,False,False,Android,7.0.2,M300 RTK,1ZN7L4R0H1D00F,1W9DL31001461C,1ZMLH8300204F0,1Z6PH74DAP0QN7,"Corona, CA",728.3,5.7,137.7,8.547347,2.013246,0,0,DJI Matrice 300 RTK,M300 RTK,1ZN7L4R0H1D00F,1W9DL31001461C,1ZMLH8300204F0,1Z6PH74DAP0QN7,DJI Pilot,Android,7.0.2,1EF72A62-B7C3-C88D-164E-CE6F8C8424AE,1ZN7L4R0H1D00F,1W9DL31001461C,,1ZMLH8300204F0,1W9DL31001461C,,,,,
2023-11-01,11:24:49.84 AM,0m 27.5s,27.5,33.8027497815906,-117.4659463446833,15.0,15.0,16.7,1279,26.1,3.982758,3.982758,-3.131716,0,-2.460634,1.342164,0,0,-1.3,-1.7,2.1,-141.7,218.3,221.3,Tripod,Other,,20,5,True,,True,False,,Smart,RC,False,True,False,,,True,,False,False,False,False,False,False,False,False,False,False,0,Follow Yaw,-88.9,0,-150,210,False,False,False,False,False,,0,0,False,False,No Card,100,100,1024,1350,1024,1004,2,False,False,False,False,False,0,False,False,False,False,98,,47.94,,9842,,10044,,47.94,,True,3.993,3.993,3.993,3.993,3.993,3.993,3.993,3.993,3.993,3.993,3.993,3.993,0,,False,False,True,,,,,,,,,,,,,,,False,False,19.288,,77.5,,75.7,,77.5,,1784,38,1,13,7,148314.8,19775.31,,Idle,,20,,10,,,20,Go Home,False,False,False,False,False,False,False,False,False,False,False,False,33.8027920380556,-117.4659261431046,16.5,2972.0,1049.4,396.9,True,1,1,False,False,False,False,,True,False,False,Course Lock,196.8,67,16.4,93,E,SW,4.02,4.02,Calm,False,False,Android,7.0.2,M300 RTK,1ZN7L4R0H1D00F,1W9DL31001461C,1ZMLH8300204F0,1Z6PH74DAP0QN7,"Corona, CA",728.3,5.7,137.7,8.547347,2.013246,0,0,DJI Matrice 300 RTK,M300 RTK,1ZN7L4R0H1D00F,1W9DL31001461C,1ZMLH8300204F0,1Z6PH74DAP0QN7,DJI Pilot,Android,7.0.2,1EF72A62-B7C3-C88D-164E-CE6F8C8424AE,1ZN7L4R0H1D00F,1W9DL31001461C,,1ZMLH8300204F0,1W9DL31001461C,,,,,
2023-11-01,11:24:49.94 AM,0m 27.6s,27.6,33.8027484021725,-117.465947562544,15.0,15.0,16.7,1279,26.8,3.982758,3.982758,-3.131716,0,-2.460634,1.342164,0,0,-1,-1.6,1.8,-141.9,218.1,216.2,Tripod,Other,,20,5,True,,True,False,,Smart,RC,False,True,False,,,True,,False,False,False,False,False,False,False,False,False,False,0,Follow Yaw,-88.9,0,-150,210,False,False,False,False,False,,0,0,False,False,No Card,100,100,1024,1355,1024,1024,2,False,False,False,False,False,0,False,False,False,False,98,,47.94,,9842,,10044,,47.94,,True,3.993,3.993,3.993,3.993,3.993,3.993,3.993,3.993,3.993,3.993,3.993,3.993,0,,False,False,True,,,,,,,,,,,,,,,False,False,19.288,,77.5,,75.7,,77.5,,1784,38,1,13,7,148314.8,19775.31,,Idle,,20,,10,,,20,Go Home,False,False,False,False,False,False,False,False,False,False,False,False,33.8027920380556,-117.4659261431046,17.1,2972.0,1049.4,396.9,True,1,1,False,False,False,False,,True,False,False,Course Lock,196.8,67,16.4,93,E,SW,4.02,4.02,Calm,False,False,Android,7.0.2,M300 RTK,1ZN7L4R0H1D00F,1W9DL31001461C,1ZMLH8300204F0,1Z6PH74DAP0QN7,"Corona, CA",728.3,5.7,137.7,8.547347,2.013246,0,0,DJI Matrice 300 RTK,M300 RTK,1ZN7L4R0H1D00F,1W9DL31001461C,1ZMLH8300204F0,1Z6PH74DAP0QN7,DJI Pilot,Android,7.0.2,1EF72A62-B7C3-C88D-164E-CE6F8C8424AE,1ZN7L4R0H1D00F,1W9DL31001461C,,1ZMLH8300204F0,1W9DL31001461C,,,,,
2023-11-01,11:24:50.04 AM,0m 27.7s,27.7,33.8027470627773,-117.4659486187708,15.0,15.0,16.7,1279,27.4,3.982758,3.982758,-3.131716,0,-2.460634,1.342164,0,0,-0.8,-1.2,1.4,-141.9,218.1,213.2,Tripod,Other,,20,5,True,,True,False,,Smart,RC,False,True,False,,,True,,False,False,False,False,False,False,False,False,False,False,0,Follow Yaw,-88.9,0,-150,210,False,False,False,False,False,,0,0,False,False,No Card,100,100,1024,1351,1024,1024,2,False,False,False,False,False,0,False,False,False,False,98,,47.94,,9842,,10044,,47.94,,True,3.993,3.993,3.993,3.993,3.993,3.993,3.993,3.993,3.993,3.993,3.993,3.993,0,,False,False,True,,,,,,,,,,,,,,,False,False,19.288,,77.5,,75.7,,77.5,,1784,38,1,13,7,148314.8,19775.31,,Idle,,20,,10,,,20,Go Home,False,False,False,False,False,False,False,False,False,False,False,False,33.8027920380556,-117.4659261431046,17.7,2972.0,1049.4,396.9,True,1,1,False,False,False,False,,True,False,False,Course Lock,196.8,67,16.4,93,E,SW,4.02,4.02,Calm,False,False,Android,7.0.2,M300 RTK,1ZN7L4R0H1D00F,1W9DL31001461C,1ZMLH8300204F0,1Z6PH74DAP0QN7,"Corona, CA",728.3,5.7,137.7,8.547347,2.013246,0,0,DJI Matrice 300 RTK,M300 RTK,1ZN7L4R0H1D00F,1W9DL31001461C,1ZMLH8300204F0,1Z6PH74DAP0QN7,DJI Pilot,Android,7.0.2,1EF72A62-B7C3-C88D-164E-CE6F8C8424AE,1ZN7L4R0H1D00F,1W9DL31001461C,,1ZMLH8300204F0,1W9DL31001461C,,,,,
2023-11-01,11:24:50.14 AM,0m 27.8s,27.8,33.8027456504638,-117.4659498531247,15.0,15.0,16.7,1279,28.0,4.160948,4.160948,-3.35541,0,-2.460634,1.342164,0,0,-0.7,-1,1.2,-142,218,215.9,Tripod,Other,,20,5,True,,True,False,,Smart,RC,False,True,False,,,True,,False,False,False,False,False,False,False,False,False,False,0,Follow Yaw,-88.9,0,-150,210,False,False,False,False,False,,0,0,False,False,No Card,100,100,1024,1330,1024,1024,2,False,False,False,False,False,0,False,False,False,False,98,,47.94,,9842,,10044,,47.94,,True,3.993,3.993,3.993,3.993,3.993,3.993,3.993,3.993,3.993,3.993,3.993,3.993,0,,False,False,True,,,,,,,,,,,,,,,False,False,19.288,,77.5,,75.7,,77.5,,1784,38,1,13,7,148314.8,19775.31,,Idle,,20,,10,,,20,Go Home,False,False,False,False,False,False,False,False,False,False,False,False,33.8027920380556,-117.4659261431046,18.3,2972.0,1049.4,396.9,True,1,1,False,False,False,False,,True,False,False,Course Lock,196.8,67,16.4,93,E,SW,4.02,4.02,Calm,False,False,Android,7.0.2,M300 RTK,1ZN7L4R0H1D00F,1W9DL31001461C,1ZMLH8300204F0,1Z6PH74DAP0QN7,"Corona, CA",728.3,5.7,137.7,8.547347,2.013246,0,0,DJI Matrice 300 RTK,M300 RTK,1ZN7L4R0H1D00F,1W9DL31001461C,1ZMLH8300204F0,1Z6PH74DAP0QN7,DJI Pilot,Android,7.0.2,1EF72A62-B7C3-C88D-164E-CE6F8C8424AE,1ZN7L4R0H1D00F,1W9DL31001461C,,1ZMLH8300204F0,1W9DL31001461C,,,,,
2023-11-01,11:24:50.24 AM,0m 27.9s,27.9,33.8027441668767,-117.4659512642861,15.0,15.0,16.7,1279,28.7,4.160948,4.160948,-3.35541,0,-2.460634,1.342164,0,0,-0.8,-1.1,1.3,-142,218,218.3,Tripod,Other,,20,5,True,,True,False,,Smart,RC,False,True,False,,,True,,False,False,False,False,False,False,False,False,False,False,0,Follow Yaw,-88.9,0,-150,210,False,False,False,False,False,,0,0,False,False,No Card,100,100,1024,1348,1024,1024,2,False,False,False,False,False,0,False,False,False,False,98,,47.88,,4886,,4986,,47.88,,True,3.993,3.993,3.993,3.993,3.993,3.993,3.993,3.993,3.993,3.993,3.993,3.993,0,,False,False,True,,,,,,,,,,,,,,,False,False,9.39,,76.8,,75.7,,77.5,,1784,38,1,13,7,148314.8,19775.31,,Idle,,20,,10,,,20,Go Home,False,False,False,False,False,False,False,False,False,False,False,False,33.8027920380556,-117.4659261431046,19.0,2972.0,1049.4,396.9,True,1,1,False,False,False,False,,True,False,False,Course Lock,196.8,67,16.4,93,E,SW,4.02,4.02,Calm,False,False,Android,7.0.2,M300 RTK,1ZN7L4R0H1D00F,1W9DL31001461C,1ZMLH8300204F0,1Z6PH74DAP0QN7,"Corona, CA",728.3,5.7,137.7,8.547347,2.013246,0,0,DJI Matrice 300 RTK,M300 RTK,1ZN7L4R0H1D00F,1W9DL31001461C,1ZMLH8300204F0,1Z6PH74DAP0QN7,DJI Pilot,Android,7.0.2,1EF72A62-B7C3-C88D-164E-CE6F8C8424AE,1ZN7L4R0H1D00F,1W9DL31001461C,,1ZMLH8300204F0,1W9DL31001461C,,,,,
2023-11-01,11:24:50.34 AM,0m 28.0s,28.0,33.8027427222159,-117.4659525507586,15.0,15.0,16.7,1279,29.3,4.160948,4.160948,-3.35541,0,-2.460634,1.342164,0,0,-0.9,-1.4,1.6,-142,218,216.5,Tripod,Other,,20,5,True,,True,False,,Smart,RC,False,True,False,,,True,,False,False,False,False,False,False,False,False,False,False,0,Follow Yaw,-88.9,0,-150,210,False,False,False,False,False,,0,0,False,False,No Card,100,100,1024,1342,1024,1024,2,False,False,False,False,False,0,False,False,False,False,98,,47.916,,9842,,10044,,47.916,,True,3.993,3.993,3.993,3.993,3.993,3.993,3.993,3.993,3.993,3.993,3.993,3.993,0,,False,False,True,,,,,,,,,,,,,,,False,False,19.178,,77.7,,75.7,,77.7,,1784,38,1,13,7,148314.8,19775.31,,Idle,,20,,10,,,20,Go Home,False,False,False,False,False,False,False,False,False,False,False,False,33.8027920380556,-117.4659261431046,19.6,2972.0,1049.4,396.9,True,1,1,False,False,False,False,,True,False,False,Course Lock,196.8,67,16.4,93,E,SW,4.02,4.02,Calm,False,False,Android,7.0.2,M300 RTK,1ZN7L4R0H1D00F,1W9DL31001461C,1ZMLH8300204F0,1Z6PH74DAP0QN7,"Corona, CA",728.3,5.7,137.7,8.547347,2.013246,0,0,DJI Matrice 300 RTK,M300 RTK,1ZN7L4R0H1D00F,1W9DL31001461C,1ZMLH8300204F0,1Z6PH74DAP0QN7,DJI Pilot,Android,7.0.2,1EF72A62-B7C3-C88D-164E-CE6F8C8424AE,1ZN7L4R0H1D00F,1W9DL31001461C,,1ZMLH8300204F0,1W9DL31001461C,,,,,
2023-11-01,11:24:50.44 AM,0m 28.1s,28.1,33.8027412227293,-117.465954081331,15.0,15.0,16.7,1279,30.1,4.160948,4.160948,-3.35541,0,-2.460634,1.342164,0,0,-0.8,-1.7,1.8,-142,218,220.3,Tripod,Other,,20,5,True,,True,False,,Smart,RC,False,True,False,,,True,,False,False,False,False,False,False,False,False,False,False,0,Follow Yaw,-88.9,0,-150,210,False,False,False,False,False,,0,0,False,False,No Card,100,100,1024,1329,1024,1024,2,False,False,False,False,False,0,False,False,False,False,98,,47.916,,9842,,10044,,47.916,,True,3.993,3.993,3.993,3.993,3.993,3.993,3.993,3.993,3.993,3.993,3.993,3.993,0,,False,False,True,,,,,,,,,,,,,,,False,False,19.178,,77.7,,75.7,,77.7,,1784,38,1,13,7,148314.8,19775.31,,Idle,,20,,10,,,20,Go Home,False,False,False,False,False,False,False,False,False,False,False,False,33.8027920380556,-117.4659261431046,20.3,2972.0,1049.4,396.9,True,1,1,False,False,False,False,,True,False,False,Course Lock,196.8,67,16.4,93,E,SW,4.02,4.02,Calm,False,False,Android,7.0.2,M300 RTK,1ZN7L4R0H1D00F,1W9DL31001461C,1ZMLH8300204F0,1Z6PH74DAP0QN7,"Corona, CA",728.3,5.7,137.7,8.547347,2.013246,0,0,DJI Matrice 300 RTK,M300 RTK,1ZN7L4R0H1D00F,1W9DL31001461C,1ZMLH8300204F0,1Z6PH74DAP0QN7,DJI Pilot,Android,7.0.2,1EF72A62-B7C3-C88D-164E-CE6F8C8424AE,1ZN7L4R0H1D00F,1W9DL31001461C,,1ZMLH8300204F0,1W9DL31001461C,,,,,
2023-11-01,11:24:50.54 AM,0m 28.2s,28.2,33.8027397424317,-117.4659554133248,15.0,15.0,16.7,1279,30.7,4.297021,4.297021,-3.35541,0,-2.684328,1.342164,0,0,-0.6,-1.8,1.8,-142,218,216.7,Tripod,Other,,20,5,True,,True,False,,Smart,RC,False,True,False,,,True,,False,False,False,False,False,False,False,False,False,False,0,Follow Yaw,-88.9,0,-150,210,False,False,False,False,False,,0,0,False,False,No Card,100,100,1024,1320,1024,1024,2,False,False,False,False,False,0,False,False,False,False,98,,47.916,,9842,,10044,,47.916,,True,3.993,3.993,3.993,3.993,3.993,3.993,3.993,3.993,3.993,3.993,3.993,3.993,0,,False,False,True,,,,,,,,,,,,,,,False,False,19.178,,77.7,,75.7,,77.7,,1784,38,1,13,7,148314.8,19775.31,,Idle,,20,,10,,,20,Go Home,False,False,False,False,False,False,False,False,False,False,False,False,33.8027920380556,-117.4659261431046,21.0,2972.0,1049.4,396.9,True,1,1,False,False,False,False,,True,False,False,Course Lock,196.8,67,16.4,93,E,SW,4.02,4.02,Calm,False,False,Android,7.0.2,M300 RTK,1ZN7L4R0H1D00F,1W9DL31001461C,1ZMLH8300204F0,1Z6PH74DAP0QN7,"Corona, CA",728.3,5.7,137.7,8.547347,2.013246,0,0,DJI Matrice 300 RTK,M300 RTK,1ZN7L4R0H1D00F,1W9DL31001461C,1ZMLH8300204F0,1Z6PH74DAP0QN7,DJI Pilot,Android,7.0.2,1EF72A62-B7C3-C88D-164E-CE6F8C8424AE,1ZN7L4R0H1D00F,1W9DL31001461C,,1ZMLH8300204F0,1W9DL31001461C,,,,,
2023-11-01,11:24:50.64 AM,0m 28.3s,28.3,33.8027383312147,-117.4659565144133,15.0,15.0,16.7,1279,31.3,4.297021,4.297021,-3.35541,0,-2.684328,1.342164,0,0,-0.5,-1.7,1.7,-141.9,218.1,212.9,Tripod,Other,,20,5,True,,True,False,,Smart,RC,False,True,False,,,True,,False,False,False,False,False,False,False,False,False,False,0,Follow Yaw,-88.9,0,-150,210,False,False,False,False,False,,0,0,False,False,No Card,100,100,1024,1359,1024,1024,2,False,False,False,False,False,0,False,False,False,False,98,,47.916,,9842,,10044,,47.916,,True,3.993,3.993,3.993,3.993,3.993,3.993,3.993,3.993,3.993,3.993,3.993,3.993,0,,False,False,True,,,,,,,,,,,,,,,False,False,19.178,,77.7,,75.7,,77.7,,1785,38,1,13,7,147679.6,19690.61,,Idle,,20,,10,,,20,Go Home,False,False,False,False,False,False,False,False,False,False,False,False,33.8027920380556,-117.4659261431046,21.6,2972.0,1049.4,396.9,True,1,1,False,False,False,False,,True,False,False,Course Lock,196.8,67,16.4,93,E,SW,4.02,4.02,Calm,False,False,Android,7.0.2,M300 RTK,1ZN7L4R0H1D00F,1W9DL31001461C,1ZMLH8300204F0,1Z6PH74DAP0QN7,"Corona, CA",728.3,5.7,137.7,8.547347,2.013246,0,0,DJI Matrice 300 RTK,M300 RTK,1ZN7L4R0H1D00F,1W9DL31001461C,1ZMLH8300204F0,1Z6PH74DAP0QN7,DJI Pilot,Android,7.0.2,1EF72A62-B7C3-C88D-164E-CE6F8C8424AE,1ZN7L4R0H1D00F,1W9DL31001461C,,1ZMLH8300204F0,1W9DL31001461C,,,,,
2023-11-01,11:24:50.74 AM,0m 28.4s,28.4,33.802736831728,-117.4659578477265,15.0,15.0,16.7,1279,32.0,4.47388,4.47388,-3.579104,0,-2.684328,1.342164,0,0,-0.5,-1.5,1.5,-141.8,218.2,216.4,Tripod,Other,,20,5,True,,True,False,,Smart,RC,False,True,False,,,True,,False,False,False,False,False,False,False,False,False,False,0,Follow Yaw,-88.9,0,-150,210,False,False,False,False,False,,0,0,False,False,No Card,100,100,1024,1366,1024,1024,2,False,False,False,False,False,0,False,False,False,False,98,,47.916,,9842,,10044,,47.916,,True,3.993,3.993,3.993,3.993,3.993,3.993,3.993,3.993,3.993,3.993,3.993,3.993,0,,False,False,True,,,,,,,,,,,,,,,False,False,19.178,,77.7,,75.7,,77.7,,1785,38,1,13,7,147679.6,19690.61,,Idle,,20,,10,,,20,Go Home,False,False,False,False,False,False,False,False,False,False,False,False,33.8027920380556,-117.4659261431046,22.3,2972.0,1049.4,396.9,True,1,1,False,False,False,False,,True,False,False,Course Lock,196.8,67,16.4,93,E,SW,4.02,4.02,Calm,False,False,Android,7.0.2,M300 RTK,1ZN7L4R0H1D00F,1W9DL31001461C,1ZMLH8300204F0,1Z6PH74DAP0QN7,"Corona, CA",728.3,5.7,137.7,8.547347,2.013246,0,0,DJI Matrice 300 RTK,M300 RTK,1ZN7L4R0H1D00F,1W9DL31001461C,1ZMLH8300204F0,1Z6PH74DAP0QN7,DJI Pilot,Android,7.0.2,1EF72A62-B7C3-C88D-164E-CE6F8C8424AE,1ZN7L4R0H1D00F,1W9DL31001461C,,1ZMLH8300204F0,1W9DL31001461C,,,,,
2023-11-01,11:24:50.84 AM,0m 28.5s,28.5,33.8027353168902,-117.465959382917,15.0,15.0,16.7,1279,32.7,4.47388,4.47388,-3.579104,0,-2.684328,1.342164,0,0,-0.6,-1.4,1.5,-141.8,218.2,220.1,Tripod,Other,,20,5,True,,True,False,,Smart,RC,False,True,False,,,True,,False,False,False,False,False,False,False,False,False,False,0,Follow Yaw,-88.9,0,-150,210,False,False,False,False,False,,0,0,False,False,No Card,100,100,1024,1345,1024,1024,2,False,False,False,False,False,0,False,False,False,False,98,,47.916,,9842,,10044,,47.916,,True,3.993,3.993,3.993,3.993,3.993,3.993,3.993,3.993,3.993,3.993,3.993,3.993,0,,False,False,True,,,,,,,,,,,,,,,False,False,19.178,,77.7,,75.7,,77.7,,1785,38,1,13,7,147679.6,19690.61,,Idle,,20,,10,,,20,Go Home,False,False,False,False,False,False,False,False,False,False,False,False,33.8027920380556,-117.4659261431046,23.0,2972.0,1049.4,396.9,True,1,1,False,False,False,False,,True,False,False,Course Lock,196.8,67,16.4,93,E,SW,4.02,4.02,Calm,False,False,Android,7.0.2,M300 RTK,1ZN7L4R0H1D00F,1W9DL31001461C,1ZMLH8300204F0,1Z6PH74DAP0QN7,"Corona, CA",728.3,5.7,137.7,8.547347,2.013246,0,0,DJI Matrice 300 RTK,M300 RTK,1ZN7L4R0H1D00F,1W9DL31001461C,1ZMLH8300204F0,1Z6PH74DAP0QN7,DJI Pilot,Android,7.0.2,1EF72A62-B7C3-C88D-164E-CE6F8C8424AE,1ZN7L4R0H1D00F,1W9DL31001461C,,1ZMLH8300204F0,1W9DL31001461C,,,,,
2023-11-01,11:24:50.94 AM,0m 28.6s,28.6,33.8027337938285,-117.4659607663698,15.0,15.0,16.7,1279,33.4,4.47388,4.47388,-3.579104,0,-2.684328,1.342164,0,0,-0.7,-1.4,1.5,-141.8,218.2,217.0,Tripod,Other,,20,5,True,,True,False,,Smart,RC,False,True,False,,,True,,False,False,False,False,False,False,False,False,False,False,0,Follow Yaw,-88.9,0,-150,210,False,False,False,False,False,,0,0,False,False,No Card,100,100,1024,1320,1024,1024,2,False,False,False,False,False,0,False,False,False,False,98,,47.916,,9842,,10044,,47.916,,True,3.993,3.993,3.993,3.993,3.993,3.993,3.993,3.993,3.993,3.993,3.993,3.993,0,,False,False,True,,,,,,,,,,,,,,,False,False,19.178,,77.7,,75.7,,77.7,,1785,38,1,13,7,147679.6,19690.61,,Idle,,20,,10,,,20,Go Home,False,False,False,False,False,False,False,False,False,False,False,False,33.8027920380556,-117.4659261431046,23.6,2972.0,1049.4,396.9,True,1,1,False,False,False,False,,True,False,False,Course Lock,196.8,67,16.4,93,E,SW,4.02,4.02,Calm,False,False,Android,7.0.2,M300 RTK,1ZN7L4R0H1D00F,1W9DL31001461C,1ZMLH8300204F0,1Z6PH74DAP0QN7,"Corona, CA",728.3,5.7,137.7,8.547347,2.013246,0,0,DJI Matrice 300 RTK,M300 RTK,1ZN7L4R0H1D00F,1W9DL31001461C,1ZMLH8300204F0,1Z6PH74DAP0QN7,DJI Pilot,Android,7.0.2,1EF72A62-B7C3-C88D-164E-CE6F8C8424AE,1ZN7L4R0H1D00F,1W9DL31001461C,,1ZMLH8300204F0,1W9DL31001461C,,,,,
2023-11-01,11:24:51.04 AM,0m 28.7s,28.7,33.8027321879797,-117.4659622375666,15.0,15.0,17.0,1279,34.2,4.47388,4.47388,-3.579104,0,-2.684328,1.342164,0,0,-0.9,-1.5,1.7,-141.7,218.3,217.2,Tripod,Other,,20,5,True,,True,False,,Smart,RC,False,True,False,,,True,,False,False,False,False,False,False,False,False,False,False,0,Follow Yaw,-88.9,0,-150,210,False,False,False,False,False,,0,0,False,False,No Card,100,100,1024,1309,1024,1024,2,False,False,False,False,False,0,False,False,False,False,98,,47.916,,9842,,10044,,47.916,,True,3.993,3.993,3.993,3.993,3.993,3.993,3.993,3.993,3.993,3.993,3.993,3.993,0,,False,False,True,,,,,,,,,,,,,,,False,False,19.178,,77.7,,75.7,,77.7,,1785,38,1,13,7,147679.6,19690.61,,Idle,,20,,10,,,20,Go Home,False,False,False,False,False,False,False,False,False,False,False,False,33.8027920380556,-117.4659261431046,24.4,2972.0,1049.4,396.9,True,1,1,False,False,False,False,,True,False,False,Course Lock,196.8,67,16.4,93,E,SW,4.02,4.02,Calm,False,False,Android,7.0.2,M300 RTK,1ZN7L4R0H1D00F,1W9DL31001461C,1ZMLH8300204F0,1Z6PH74DAP0QN7,"Corona, CA",728.3,5.7,137.7,8.547347,2.013246,0,0,DJI Matrice 300 RTK,M300 RTK,1ZN7L4R0H1D00F,1W9DL31001461C,1ZMLH8300204F0,1Z6PH74DAP0QN7,DJI Pilot,Android,7.0.2,1EF72A62-B7C3-C88D-164E-CE6F8C8424AE,1ZN7L4R0H1D00F,1W9DL31001461C,,1ZMLH8300204F0,1W9DL31001461C,,,,,
2023-11-01,11:24:51.14 AM,0m 28.8s,28.8,33.8027306298295,-117.4659636665406,15.0,15.0,17.0,1279,34.9,4.611569,4.611569,-3.579104,0,-2.908022,1.342164,0,0,-1,-1.5,1.8,-141.7,218.3,217.3,Tripod,Other,,20,5,True,,True,False,,Smart,RC,False,True,False,,,True,,False,False,False,False,False,False,False,False,False,False,0,Follow Yaw,-88.9,0,-150,210,False,False,False,False,False,,0,0,False,False,No Card,100,100,1024,1312,1024,1024,2,False,False,False,False,False,0,False,False,False,False,98,,47.916,,9842,,10044,,47.916,,True,3.993,3.993,3.993,3.993,3.993,3.993,3.993,3.993,3.993,3.993,3.993,3.993,0,,False,False,True,,,,,,,,,,,,,,,False,False,19.178,,77.7,,75.7,,77.7,,1785,38,1,13,7,147679.6,19690.61,,Idle,,20,,10,,,20,Go Home,False,False,False,False,False,False,False,False,False,False,False,False,33.8027920380556,-117.4659261431046,25.1,2972.0,1049.4,396.9,True,1,1,False,False,False,False,,True,False,False,Course Lock,196.8,67,16.4,93,E,SW,4.02,4.02,Calm,False,False,Android,7.0.2,M300 RTK,1ZN7L4R0H1D00F,1W9DL31001461C,1ZMLH8300204F0,1Z6PH74DAP0QN7,"Corona, CA",728.3,5.7,137.7,8.547347,2.013246,0,0,DJI Matrice 300 RTK,M300 RTK,1ZN7L4R0H1D00F,1W9DL31001461C,1ZMLH8300204F0,1Z6PH74DAP0QN7,DJI Pilot,Android,7.0.2,1EF72A62-B7C3-C88D-164E-CE6F8C8424AE,1ZN7L4R0H1D00F,1W9DL31001461C,,1ZMLH8300204F0,1W9DL31001461C,,,,,
2023-11-01,11:24:51.24 AM,0m 28.9s,28.9,33.8027290853857,-117.465965084959,15.0,15.0,17.0,1279,35.6,4.611569,4.611569,-3.579104,0,-2.908022,1.342164,0,0,-0.8,-1.5,1.7,-141.8,218.2,217.3,Tripod,Other,,20,5,True,,True,False,,Smart,RC,False,True,False,,,True,,False,False,False,False,False,False,False,False,False,False,0,Follow Yaw,-88.9,0,-150,210,False,False,False,False,False,,0,0,False,False,No Card,100,100,1024,1317,1024,1024,2,False,False,False,False,False,0,False,False,False,False,98,,47.916,,9842,,10044,,47.916,,True,3.993,3.993,3.993,3.993,3.993,3.993,3.993,3.993,3.993,3.993,3.993,3.993,0,,False,False,True,,,,,,,,,,,,,,,False,False,19.178,,77.7,,75.7,,77.7,,1785,38,1,13,7,147679.6,19690.61,,Idle,,20,,10,,,20,Go Home,False,False,False,False,False,False,False,False,False,False,False,False,33.8027920380556,-117.4659261431046,25.8,2972.0,1049.4,396.9,True,1,1,False,False,False,False,,True,False,False,Course Lock,196.8,67,16.4,93,E,SW,4.02,4.02,Calm,False,False,Android,7.0.2,M300 RTK,1ZN7L4R0H1D00F,1W9DL31001461C,1ZMLH8300204F0,1Z6PH74DAP0QN7,"Corona, CA",728.3,5.7,137.7,8.547347,2.013246,0,0,DJI Matrice 300 RTK,M300 RTK,1ZN7L4R0H1D00F,1W9DL31001461C,1ZMLH8300204F0,1Z6PH74DAP0QN7,DJI Pilot,Android,7.0.2,1EF72A62-B7C3-C88D-164E-CE6F8C8424AE,1ZN7L4R0H1D00F,1W9DL31001461C,,1ZMLH8300204F0,1W9DL31001461C,,,,,
2023-11-01,11:24:51.34 AM,0m 29.0s,29.0,33.8027274970812,-117.465966555496,15.0,15.0,17.0,1279,36.3,4.78726,4.78726,-3.802798,0,-2.908022,1.342164,0,0,-0.4,-1.5,1.5,-141.8,218.2,217.5,Tripod,Other,,20,5,True,,True,False,,Smart,RC,False,True,False,,,True,,False,False,False,False,False,False,False,False,False,False,0,Follow Yaw,-88.9,0,-150,210,False,False,False,False,False,,0,0,False,False,No Card,100,100,1024,1320,1024,1044,2,False,False,False,False,False,0,False,False,False,False,98,,47.94,,9842,,10044,,47.94,,True,3.993,3.993,3.993,3.993,3.993,3.993,3.993,3.993,3.993,3.993,3.993,3.993,0,,False,False,True,,,,,,,,,,,,,,,False,False,19.132,,77.7,,75.7,,77.7,,1785,38,1,13,7,147679.6,19690.61,,Idle,,20,,10,,,20,Go Home,False,False,False,False,False,False,False,False,False,False,False,False,33.8027920380556,-117.4659261431046,26.5,2972.0,1049.4,396.9,True,1,1,False,False,False,False,,True,False,False,Course Lock,196.8,67,16.4,93,E,SW,4.02,4.02,Calm,False,False,Android,7.0.2,M300 RTK,1ZN7L4R0H1D00F,1W9DL31001461C,1ZMLH8300204F0,1Z6PH74DAP0QN7,"Corona, CA",728.3,5.7,137.7,8.547347,2.013246,0,0,DJI Matrice 300 RTK,M300 RTK,1ZN7L4R0H1D00F,1W9DL31001461C,1ZMLH8300204F0,1Z6PH74DAP0QN7,DJI Pilot,Android,7.0.2,1EF72A62-B7C3-C88D-164E-CE6F8C8424AE,1ZN7L4R0H1D00F,1W9DL31001461C,,1ZMLH8300204F0,1W9DL31001461C,,,,,
2023-11-01,11:24:51.42 AM,0m 29.1s,29.1,33.802725843534,-117.46596791124,15.0,15.0,17.0,1279,37.1,4.78726,4.78726,-3.802798,0,-2.908022,1.342164,0,0,-0.1,-1.5,1.5,-141.8,218.2,214.2,Tripod,Other,,20,5,True,,True,False,,Smart,RC,False,True,False,,,True,,False,False,False,False,False,False,False,False,False,False,0,Follow Yaw,-88.9,0,-150,210,False,False,False,False,False,,0,0,False,False,No Card,100,100,1024,1318,1024,1084,2,False,False,False,False,False,0,False,False,False,False,98,,47.94,,9842,,10044,,47.94,,True,3.993,3.993,3.993,3.993,3.993,3.993,3.993,3.993,3.993,3.993,3.993,3.993,0,,False,False,True,,,,,,,,,,,,,,,False,False,19.132,,77.7,,75.7,,77.7,,1785,38,1,13,7,147679.6,19690.61,,Idle,,20,,10,,,20,Go Home,False,False,False,False,False,False,False,False,False,False,False,False,33.8027920380556,-117.4659261431046,27.2,2972.0,1049.4,396.9,True,1,1,False,False,False,False,,True,False,False,Course Lock,196.8,67,16.4,93,E,SW,4.25,4.25,Calm,False,False,Android,7.0.2,M300 RTK,1ZN7L4R0H1D00F,1W9DL31001461C,1ZMLH8300204F0,1Z6PH74DAP0QN7,"Corona, CA",728.3,5.7,137.7,8.547347,2.013246,0,0,DJI Matrice 300 RTK,M300 RTK,1ZN7L4R0H1D00F,1W9DL31001461C,1ZMLH8300204F0,1Z6PH74DAP0QN7,DJI Pilot,Android,7.0.2,1EF72A62-B7C3-C88D-164E-CE6F8C8424AE,1ZN7L4R0H1D00F,1W9DL31001461C,,1ZMLH8300204F0,1W9DL31001461C,,,,,
2023-11-01,11:24:51.54 AM,0m 29.2s,29.2,33.8027242409748,-117.4659693976106,15.0,15.0,17.0,1279,37.8,4.78726,4.78726,-3.802798,0,-2.908022,1.342164,0,0,0.1,-1.5,1.5,-141.8,218.2,217.6,Tripod,Other,,20,5,True,,True,False,,Smart,RC,False,True,False,,,True,,False,False,False,False,False,False,False,False,False,False,0,Follow Yaw,-88.9,0,-150,210,False,False,False,False,False,,0,0,False,False,No Card,100,100,1024,1319,1024,1088,2,False,False,False,False,False,0,False,False,False,False,98,,47.94,,9842,,10044,,47.94,,True,3.993,3.993,3.993,3.993,3.993,3.993,3.993,3.993,3.993,3.993,3.993,3.993,0,,False,False,True,,,,,,,,,,,,,,,False,False,19.132,,77.7,,75.7,,77.7,,1785,38,1,13,7,147679.6,19690.61,,Idle,,20,,10,,,20,Go Home,False,False,False,False,False,False,False,False,False,False,False,False,33.8027920380556,-117.4659261431046,27.9,2972.0,1049.4,396.9,True,1,1,False,False,False,False,,True,False,False,Course Lock,196.8,67,16.4,93,E,SW,4.25,4.25,Calm,False,False,Android,7.0.2,M300 RTK,1ZN7L4R0H1D00F,1W9DL31001461C,1ZMLH8300204F0,1Z6PH74DAP0QN7,"Corona, CA",728.3,5.7,137.7,8.547347,2.013246,0,0,DJI Matrice 300 RTK,M300 RTK,1ZN7L4R0H1D00F,1W9DL31001461C,1ZMLH8300204F0,1Z6PH74DAP0QN7,DJI Pilot,Android,7.0.2,1EF72A62-B7C3-C88D-164E-CE6F8C8424AE,1ZN7L4R0H1D00F,1W9DL31001461C,,1ZMLH8300204F0,1W9DL31001461C,,,,,
2023-11-01,11:24:51.63 AM,0m 29.3s,29.3,33.8027226866623,-117.465970977003,15.0,15.0,17.0,1279,38.5,4.78726,4.78726,-3.802798,0,-2.908022,1.342164,0,0,0.1,-1.5,1.5,-141.8,218.2,220.1,Tripod,Other,,20,5,True,,True,False,,Smart,RC,False,True,False,,,True,,False,False,False,False,False,False,False,False,False,False,0,Follow Yaw,-88.9,0,-149.9,210.1,False,False,False,False,False,,0,0,False,False,No Card,100,100,1024,1315,1033,1101,2,False,False,False,False,False,0,False,False,False,False,98,,47.94,,9842,,10044,,47.94,,True,3.996,3.996,3.996,3.996,3.996,3.996,3.996,3.996,3.996,3.996,3.996,3.996,0,,False,False,True,,,,,,,,,,,,,,,False,False,19.132,,77.7,,75.7,,77.7,,1787,39,1,13,7,146973.0,19596.40,,Idle,,20,,10,,,20,Go Home,False,False,False,False,False,False,False,False,False,False,False,False,33.8027920380556,-117.4659261431046,28.7,2972.0,1049.4,396.9,True,1,1,False,False,False,False,,True,False,False,Course Lock,196.8,67,16.4,93,E,SW,4.25,4.25,Calm,False,False,Android,7.0.2,M300 RTK,1ZN7L4R0H1D00F,1W9DL31001461C,1ZMLH8300204F0,1Z6PH74DAP0QN7,"Corona, CA",728.3,5.7,137.7,8.547347,2.013246,0,0,DJI Matrice 300 RTK,M300 RTK,1ZN7L4R0H1D00F,1W9DL31001461C,1ZMLH8300204F0,1Z6PH74DAP0QN7,DJI Pilot,Android,7.0.2,1EF72A62-B7C3-C88D-164E-CE6F8C8424AE,1ZN7L4R0H1D00F,1W9DL31001461C,,1ZMLH8300204F0,1W9DL31001461C,,,,,
2023-11-01,11:24:51.73 AM,0m 29.4s,29.4,33.8027210917788,-117.4659724943807,15.0,15.0,17.0,1279,39.3,4.78726,4.78726,-3.802798,0,-2.908022,1.342164,0,0,0.1,-1.5,1.5,-141.8,218.2,218.3,Tripod,Other,,20,5,True,,True,False,,Smart,RC,False,True,False,,,True,,False,False,False,False,False,False,False,False,False,False,0,Follow Yaw,-88.9,0,-149.8,210.2,False,False,False,False,False,,0,0,False,False,No Card,100,100,1024,1308,1028,1059,2,False,False,False,False,False,0,False,False,False,False,98,,47.94,,9842,,10044,,47.94,,True,3.996,3.996,3.996,3.996,3.996,3.996,3.996,3.996,3.996,3.996,3.996,3.996,0,,False,False,True,,,,,,,,,,,,,,,False,False,19.132,,77.7,,75.7,,77.7,,1787,39,1,13,7,146973.0,19596.40,,Idle,,20,,10,,,20,Go Home,False,False,False,False,False,False,False,False,False,False,False,False,33.8027920380556,-117.4659261431046,29.4,2972.0,1049.4,396.9,True,1,1,False,False,False,False,,True,False,False,Course Lock,196.8,67,16.4,93,E,SW,4.25,4.25,Calm,False,False,Android,7.0.2,M300 RTK,1ZN7L4R0H1D00F,1W9DL31001461C,1ZMLH8300204F0,1Z6PH74DAP0QN7,"Corona, CA",728.3,5.7,137.7,8.547347,2.013246,0,0,DJI Matrice 300 RTK,M300 RTK,1ZN7L4R0H1D00F,1W9DL31001461C,1ZMLH8300204F0,1Z6PH74DAP0QN7,DJI Pilot,Android,7.0.2,1EF72A62-B7C3-C88D-164E-CE6F8C8424AE,1ZN7L4R0H1D00F,1W9DL31001461C,,1ZMLH8300204F0,1W9DL31001461C,,,,,
2023-11-01,11:24:51.84 AM,0m 29.5s,29.5,33.8027193126804,-117.465973964258,15.0,15.0,17.0,1279,40.1,4.926349,4.926349,-3.802798,0,-3.131716,1.342164,0,0,0.1,-1.6,1.6,-141.6,218.4,214.4,Tripod,Other,,20,5,True,,True,False,,Smart,RC,False,True,False,,,True,,False,False,False,False,False,False,False,False,False,False,0,Follow Yaw,-88.9,0,-149.7,210.3,False,False,False,False,False,,0,0,False,False,No Card,100,100,1024,1302,1049,1024,2,False,False,False,False,False,0,False,False,False,False,98,,47.94,,9842,,10044,,47.94,,True,3.996,3.996,3.996,3.996,3.996,3.996,3.996,3.996,3.996,3.996,3.996,3.996,0,,False,False,True,,,,,,,,,,,,,,,False,False,19.132,,77.7,,75.7,,77.7,,1787,39,1,13,7,146973.0,19596.40,,Idle,,20,,10,,,20,Go Home,False,False,False,False,False,False,False,False,False,False,False,False,33.8027920380556,-117.4659261431046,30.2,2972.0,1049.4,396.9,True,1,1,False,False,False,False,,True,False,False,Course Lock,196.8,67,16.4,93,E,SW,4.25,4.25,Calm,False,False,Android,7.0.2,M300 RTK,1ZN7L4R0H1D00F,1W9DL31001461C,1ZMLH8300204F0,1Z6PH74DAP0QN7,"Corona, CA",728.3,5.7,137.7,8.547347,2.013246,0,0,DJI Matrice 300 RTK,M300 RTK,1ZN7L4R0H1D00F,1W9DL31001461C,1ZMLH8300204F0,1Z6PH74DAP0QN7,DJI Pilot,Android,7.0.2,1EF72A62-B7C3-C88D-164E-CE6F8C8424AE,1ZN7L4R0H1D00F,1W9DL31001461C,,1ZMLH8300204F0,1W9DL31001461C,,,,,
2023-11-01,11:24:51.94 AM,0m 29.6s,29.6,33.8027177112177,-117.4659755040666,15.0,15.0,16.7,1279,40.8,4.755799,4.926349,-3.579104,0,-3.131716,1.342164,0,0,0.1,-1.9,1.9,-141.5,218.5,218.6,Tripod,Other,,20,5,True,,True,False,,Smart,RC,False,True,False,,,True,,False,False,False,False,False,False,False,False,False,False,0,Follow Yaw,-88.9,0,-149.7,210.3,False,False,False,False,False,,0,0,False,False,No Card,100,100,1024,1299,1055,1024,2,False,False,False,False,False,0,False,False,False,False,98,,47.94,,9842,,10044,,47.94,,True,3.996,3.996,3.996,3.996,3.996,3.996,3.996,3.996,3.996,3.996,3.996,3.996,0,,False,False,True,,,,,,,,,,,,,,,False,False,19.132,,77.7,,75.7,,77.7,,1787,39,1,13,7,146973.0,19596.40,,Idle,,20,,10,,,20,Go Home,False,False,False,False,False,False,False,False,False,False,False,False,33.8027920380556,-117.4659261431046,30.9,2972.0,1049.4,396.9,True,1,1,False,False,False,False,,True,False,False,Course Lock,196.8,67,16.4,93,E,SW,4.25,4.25,Calm,False,False,Android,7.0.2,M300 RTK,1ZN7L4R0H1D00F,1W9DL31001461C,1ZMLH8300204F0,1Z6PH74DAP0QN7,"Corona, CA",728.3,5.7,137.7,8.547347,2.013246,0,0,DJI Matrice 300 RTK,M300 RTK,1ZN7L4R0H1D00F,1W9DL31001461C,1ZMLH8300204F0,1Z6PH74DAP0QN7,DJI Pilot,Android,7.0.2,1EF72A62-B7C3-C88D-164E-CE6F8C8424AE,1ZN7L4R0H1D00F,1W9DL31001461C,,1ZMLH8300204F0,1W9DL31001461C,,,,,
2023-11-01,11:24:52.04 AM,0m 29.7s,29.7,33.8027161623878,-117.4659770696047,15.0,15.0,16.7,1279,41.6,4.755799,4.926349,-3.579104,0,-3.131716,1.342164,0,0,0.2,-2.2,2.2,-141.4,218.6,220.0,Tripod,Other,,20,5,True,,True,False,,Smart,RC,False,True,False,,,True,,False,False,False,False,False,False,False,False,False,False,0,Follow Yaw,-88.9,0,-149.7,210.3,False,False,False,False,False,,0,0,False,False,No Card,100,100,1024,1299,1061,1024,2,False,False,False,False,False,0,False,False,False,False,98,,47.94,,9842,,10044,,47.94,,True,3.996,3.996,3.996,3.996,3.996,3.996,3.996,3.996,3.996,3.996,3.996,3.996,0,,False,False,True,,,,,,,,,,,,,,,False,False,19.132,,77.7,,75.7,,77.7,,1787,39,1,13,7,146973.0,19596.40,,Idle,,20,,10,,,20,Go Home,False,False,False,False,False,False,False,False,False,False,False,False,33.8027920380556,-117.4659261431046,31.6,2972.0,1049.4,396.9,True,1,1,False,False,False,False,,True,False,False,Course Lock,196.8,67,16.4,93,E,SW,4.25,4.25,Calm,False,False,Android,7.0.2,M300 RTK,1ZN7L4R0H1D00F,1W9DL31001461C,1ZMLH8300204F0,1Z6PH74DAP0QN7,"Corona, CA",728.3,5.7,137.7,8.547347,2.013246,0,0,DJI Matrice 300 RTK,M300 RTK,1ZN7L4R0H1D00F,1W9DL31001461C,1ZMLH8300204F0,1Z6PH74DAP0QN7,DJI Pilot,Android,7.0.2,1EF72A62-B7C3-C88D-164E-CE6F8C8424AE,1ZN7L4R0H1D00F,1W9DL31001461C,,1ZMLH8300204F0,1W9DL31001461C,,,,,
2023-11-01,11:24:52.14 AM,0m 29.8s,29.8,33.8027145702456,-117.4659786265662,15.0,15.0,16.7,1279,42.3,4.755799,4.926349,-3.579104,0,-3.131716,1.342164,0,0,0.1,-2.3,2.3,-141.3,218.7,219.0,Tripod,Other,,20,5,True,,True,False,,Smart,RC,False,True,False,,,True,,False,False,False,False,False,False,False,False,False,False,0,Follow Yaw,-88.9,0,-149.7,210.3,False,False,False,False,False,,0,0,False,False,No Card,100,100,1024,1301,1078,1028,2,False,False,False,False,False,0,False,False,False,False,98,,47.916,,4886,,4986,,47.916,,True,3.996,3.996,3.996,3.996,3.996,3.996,3.996,3.996,3.996,3.996,3.996,3.996,0,,False,False,True,,,,,,,,,,,,,,,False,False,9.4,,76.8,,75.7,,77.7,,1787,39,1,13,7,146973.0,19596.40,,Idle,,20,,10,,,20,Go Home,False,False,False,False,False,False,False,False,False,False,False,False,33.8027920380556,-117.4659261431046,32.4,2972.0,1049.4,396.9,True,1,1,False,False,False,False,,True,False,False,Course Lock,196.8,67,16.4,93,E,SW,4.25,4.25,Calm,False,False,Android,7.0.2,M300 RTK,1ZN7L4R0H1D00F,1W9DL31001461C,1ZMLH8300204F0,1Z6PH74DAP0QN7,"Corona, CA",728.3,5.7,137.7,8.547347,2.013246,0,0,DJI Matrice 300 RTK,M300 RTK,1ZN7L4R0H1D00F,1W9DL31001461C,1ZMLH8300204F0,1Z6PH74DAP0QN7,DJI Pilot,Android,7.0.2,1EF72A62-B7C3-C88D-164E-CE6F8C8424AE,1ZN7L4R0H1D00F,1W9DL31001461C,,1ZMLH8300204F0,1W9DL31001461C,,,,,
2023-11-01,11:24:52.25 AM,0m 29.9s,29.9,33.8027129759102,-117.4659801577984,15.0,15.0,16.7,1279,43.1,4.755799,4.926349,-3.579104,0,-3.131716,1.342164,0,0,0.1,-2.5,2.5,-141.3,218.7,218.5,Tripod,Other,,20,5,True,,True,False,,Smart,RC,False,True,False,,,True,,False,False,False,False,False,False,False,False,False,False,0,Follow Yaw,-88.9,0,-149.7,210.3,False,False,False,False,False,,0,0,False,False,No Card,100,100,1024,1302,1098,1027,2,False,False,False,False,False,0,False,False,False,False,98,,47.916,,4886,,4986,,47.916,,True,3.996,3.996,3.996,3.996,3.996,3.996,3.996,3.996,3.996,3.996,3.996,3.996,0,,False,False,True,,,,,,,,,,,,,,,False,False,9.4,,76.8,,75.7,,77.7,,1787,39,1,13,7,146973.0,19596.40,,Idle,,20,,10,,,20,Go Home,False,False,False,False,False,False,False,False,False,False,False,False,33.8027920380556,-117.4659261431046,33.1,2972.0,1049.4,396.9,True,1,1,False,False,False,False,,True,False,False,Course Lock,196.8,67,16.4,93,E,SW,4.25,4.25,Calm,False,False,Android,7.0.2,M300 RTK,1ZN7L4R0H1D00F,1W9DL31001461C,1ZMLH8300204F0,1Z6PH74DAP0QN7,"Corona, CA",728.3,5.7,137.7,8.547347,2.013246,0,0,DJI Matrice 300 RTK,M300 RTK,1ZN7L4R0H1D00F,1W9DL31001461C,1ZMLH8300204F0,1Z6PH74DAP0QN7,DJI Pilot,Android,7.0.2,1EF72A62-B7C3-C88D-164E-CE6F8C8424AE,1ZN7L4R0H1D00F,1W9DL31001461C,,1ZMLH8300204F0,1W9DL31001461C,,,,,
2023-11-01,11:24:52.35 AM,0m 30.0s,30.0,33.8027113749958,-117.465981729274,15.0,15.0,16.7,1279,43.8,4.755799,4.926349,-3.579104,0,-3.131716,1.342164,0,0,0.3,-2.5,2.5,-141.3,218.7,219.2,Tripod,Other,,20,5,True,,True,False,,Smart,RC,False,True,False,,,True,,False,False,False,False,False,False,False,False,False,False,0,Follow Yaw,-88.9,0,-149.7,210.3,False,False,False,False,False,,0,0,False,False,No Card,100,100,1024,1301,1115,1027,2,False,False,False,False,False,0,False,False,False,False,98,,47.94,,9842,,10044,,47.94,,True,3.996,3.996,3.996,3.996,3.996,3.996,3.996,3.996,3.996,3.996,3.996,3.996,0,,False,False,True,,,,,,,,,,,,,,,False,False,19.252,,77.9,,75.7,,77.9,,1787,39,1,13,7,146973.0,19596.40,,Idle,,20,,10,,,20,Go Home,False,False,False,False,False,False,False,False,False,False,False,False,33.8027920380556,-117.4659261431046,33.9,2972.0,1049.4,396.9,True,1,1,False,False,False,False,,True,False,False,Course Lock,196.8,67,16.4,93,E,SW,4.25,4.25,Calm,False,False,Android,7.0.2,M300 RTK,1ZN7L4R0H1D00F,1W9DL31001461C,1ZMLH8300204F0,1Z6PH74DAP0QN7,"Corona, CA",728.3,5.7,137.7,8.547347,2.013246,0,0,DJI Matrice 300 RTK,M300 RTK,1ZN7L4R0H1D00F,1W9DL31001461C,1ZMLH8300204F0,1Z6PH74DAP0QN7,DJI Pilot,Android,7.0.2,1EF72A62-B7C3-C88D-164E-CE6F8C8424AE,1ZN7L4R0H1D00F,1W9DL31001461C,,1ZMLH8300204F0,1W9DL31001461C,,,,,
2023-11-01,11:24:52.45 AM,0m 30.1s,30.1,33.8027099188216,-117.4659833574862,15.0,15.0,16.7,1279,44.5,4.755799,4.926349,-3.579104,0,-3.131716,1.342164,0,0,0.5,-2.7,2.7,-141.2,218.8,222.8,Tripod,Other,,20,5,True,,True,False,,Smart,RC,False,True,False,,,True,,False,False,False,False,False,False,False,False,False,False,0,Follow Yaw,-88.9,0,-149.7,210.3,False,False,False,False,False,,0,0,False,False,No Card,100,100,1024,1302,1118,1027,2,False,False,False,False,False,0,False,False,False,False,98,,47.94,,9842,,10044,,47.94,,True,3.996,3.996,3.996,3.996,3.996,3.996,3.996,3.996,3.996,3.996,3.996,3.996,0,,False,False,True,,,,,,,,,,,,,,,False,False,19.252,,77.9,,75.7,,77.9,,1787,39,1,13,7,146973.0,19596.40,,Idle,,20,,10,,,20,Go Home,False,False,False,False,False,False,False,False,False,False,False,False,33.8027920380556,-117.4659261431046,34.6,2972.0,1049.4,396.9,True,1,1,False,False,False,False,,True,False,False,Course Lock,196.8,67,16.4,93,E,SW,4.25,4.25,Calm,False,False,Android,7.0.2,M300 RTK,1ZN7L4R0H1D00F,1W9DL31001461C,1ZMLH8300204F0,1Z6PH74DAP0QN7,"Corona, CA",728.3,5.7,137.7,8.547347,2.013246,0,0,DJI Matrice 300 RTK,M300 RTK,1ZN7L4R0H1D00F,1W9DL31001461C,1ZMLH8300204F0,1Z6PH74DAP0QN7,DJI Pilot,Android,7.0.2,1EF72A62-B7C3-C88D-164E-CE6F8C8424AE,1ZN7L4R0H1D00F,1W9DL31001461C,,1ZMLH8300204F0,1W9DL31001461C,,,,,
2023-11-01,11:24:52.55 AM,0m 30.2s,30.2,33.8027083288724,-117.465984940837,15.0,15.0,16.7,1279,45.3,4.755799,4.926349,-3.579104,0,-3.131716,1.342164,0,0,0.7,-2.8,2.8,-141.2,218.8,219.6,Tripod,Other,,20,5,True,,True,False,,Smart,RC,False,True,False,,,True,,False,False,False,False,False,False,False,False,False,False,0,Follow Yaw,-88.9,0,-149.7,210.3,False,False,False,False,False,,0,0,False,False,No Card,100,100,1024,1302,1099,1031,2,False,False,False,False,False,0,False,False,False,False,98,,47.94,,9842,,10044,,47.94,,True,3.996,3.996,3.996,3.996,3.996,3.996,3.996,3.996,3.996,3.996,3.996,3.996,0,,False,False,True,,,,,,,,,,,,,,,False,False,19.252,,77.9,,75.7,,77.9,,1787,39,1,13,7,146973.0,19596.40,,Idle,,20,,10,,,20,Go Home,False,False,False,False,False,False,False,False,False,False,False,False,33.8027920380556,-117.4659261431046,35.3,2972.0,1049.4,396.9,True,1,1,False,False,False,False,,True,False,False,Course Lock,196.8,67,16.4,93,E,SW,4.25,4.25,Calm,False,False,Android,7.0.2,M300 RTK,1ZN7L4R0H1D00F,1W9DL31001461C,1ZMLH8300204F0,1Z6PH74DAP0QN7,"Corona, CA",728.3,5.7,137.7,8.547347,2.013246,0,0,DJI Matrice 300 RTK,M300 RTK,1ZN7L4R0H1D00F,1W9DL31001461C,1ZMLH8300204F0,1Z6PH74DAP0QN7,DJI Pilot,Android,7.0.2,1EF72A62-B7C3-C88D-164E-CE6F8C8424AE,1ZN7L4R0H1D00F,1W9DL31001461C,,1ZMLH8300204F0,1W9DL31001461C,,,,,
2023-11-01,11:24:52.64 AM,0m 30.3s,30.3,33.8027066764217,-117.4659865004374,15.0,15.0,16.4,1279,46.0,4.755799,4.926349,-3.579104,0,-3.131716,1.342164,0,0,0.8,-2.8,2.9,-141.2,218.8,218.1,Tripod,Other,,20,5,True,,True,False,,Smart,RC,False,True,False,,,True,,False,False,False,False,False,False,False,False,False,False,0,Follow Yaw,-88.9,0,-149.7,210.3,False,False,False,False,False,,0,0,False,False,No Card,100,100,1024,1302,1104,1157,2,False,False,False,False,False,0,False,False,False,False,98,,47.94,,9842,,10044,,47.94,,True,3.993,3.993,3.993,3.993,3.993,3.993,3.993,3.993,3.993,3.993,3.993,3.993,0,,False,False,True,,,,,,,,,,,,,,,False,False,19.252,,77.9,,75.7,,77.9,,1790,39,1,14,7,146265.0,19502.00,,Idle,,20,,10,,,20,Go Home,False,False,False,False,False,False,False,False,False,False,False,False,33.8027920380556,-117.4659261431046,36.1,2972.0,1049.4,396.9,True,1,1,False,False,False,False,,True,False,False,Course Lock,196.8,67,16.4,93,E,SW,4.47,4.47,Calm,False,False,Android,7.0.2,M300 RTK,1ZN7L4R0H1D00F,1W9DL31001461C,1ZMLH8300204F0,1Z6PH74DAP0QN7,"Corona, CA",728.3,5.7,137.7,8.547347,2.013246,0,0,DJI Matrice 300 RTK,M300 RTK,1ZN7L4R0H1D00F,1W9DL31001461C,1ZMLH8300204F0,1Z6PH74DAP0QN7,DJI Pilot,Android,7.0.2,1EF72A62-B7C3-C88D-164E-CE6F8C8424AE,1ZN7L4R0H1D00F,1W9DL31001461C,,1ZMLH8300204F0,1W9DL31001461C,,,,,
2023-11-01,11:24:52.76 AM,0m 30.4s,30.4,33.802705074959,-117.4659880705935,15.0,15.0,16.4,1279,46.8,4.755799,4.926349,-3.579104,0,-3.131716,1.342164,0,0,0.7,-2.6,2.6,-141.3,218.7,219.1,Tripod,Other,,20,5,True,,True,False,,Smart,RC,False,True,False,,,True,,False,False,False,False,False,False,False,False,False,False,0,Follow Yaw,-88.9,0,-149.6,210.4,False,False,False,False,False,,0,0,False,False,No Card,100,100,1024,1301,1095,1205,2,False,False,False,False,False,0,False,False,False,False,98,,47.94,,9842,,10044,,47.94,,True,3.993,3.993,3.993,3.993,3.993,3.993,3.993,3.993,3.993,3.993,3.993,3.993,0,,False,False,True,,,,,,,,,,,,,,,False,False,19.252,,77.9,,75.7,,77.9,,1790,39,1,14,7,146265.0,19502.00,,Idle,,20,,10,,,20,Go Home,False,False,False,False,False,False,False,False,False,False,False,False,33.8027920380556,-117.4659261431046,36.8,2972.0,1049.4,396.9,True,1,1,False,False,False,False,,True,False,False,Course Lock,196.8,67,16.4,93,E,SW,4.47,4.47,Calm,False,False,Android,7.0.2,M300 RTK,1ZN7L4R0H1D00F,1W9DL31001461C,1ZMLH8300204F0,1Z6PH74DAP0QN7,"Corona, CA",728.3,5.7,137.7,8.547347,2.013246,0,0,DJI Matrice 300 RTK,M300 RTK,1ZN7L4R0H1D00F,1W9DL31001461C,1ZMLH8300204F0,1Z6PH74DAP0QN7,DJI Pilot,Android,7.0.2,1EF72A62-B7C3-C88D-164E-CE6F8C8424AE,1ZN7L4R0H1D00F,1W9DL31001461C,,1ZMLH8300204F0,1W9DL31001461C,,,,,
2023-11-01,11:24:52.84 AM,0m 30.5s,30.5,33.8027034718515,-117.4659897113406,15.0,15.0,16.4,1279,47.6,4.755799,4.926349,-3.579104,0,-3.131716,1.342164,0,0,0.6,-2.4,2.4,-141.3,218.7,220.3,Tripod,Other,,20,5,True,,True,False,,Smart,RC,False,True,False,,,True,,False,False,False,False,False,False,False,False,False,False,0,Follow Yaw,-88.9,0,-149.4,210.6,False,False,False,False,False,,0,0,False,False,No Card,100,100,1024,1302,1089,1225,2,False,False,False,False,False,0,False,False,False,False,98,,47.94,,9842,,10044,,47.94,,True,3.993,3.993,3.993,3.993,3.993,3.993,3.993,3.993,3.993,3.993,3.993,3.993,0,,False,False,True,,,,,,,,,,,,,,,False,False,19.252,,77.9,,75.7,,77.9,,1790,39,1,14,7,146265.0,19502.00,,Idle,,20,,10,,,20,Go Home,False,False,False,False,False,False,False,False,False,False,False,False,33.8027920380556,-117.4659261431046,37.6,2972.0,1049.4,396.9,True,1,1,False,False,False,False,,True,False,False,Course Lock,196.8,67,16.4,93,E,SW,4.47,4.47,Calm,False,False,Android,7.0.2,M300 RTK,1ZN7L4R0H1D00F,1W9DL31001461C,1ZMLH8300204F0,1Z6PH74DAP0QN7,"Corona, CA",728.3,5.7,137.7,8.547347,2.013246,0,0,DJI Matrice 300 RTK,M300 RTK,1ZN7L4R0H1D00F,1W9DL31001461C,1ZMLH8300204F0,1Z6PH74DAP0QN7,DJI Pilot,Android,7.0.2,1EF72A62-B7C3-C88D-164E-CE6F8C8424AE,1ZN7L4R0H1D00F,1W9DL31001461C,,1ZMLH8300204F0,1W9DL31001461C,,,,,
2023-11-01,11:24:52.96 AM,0m 30.6s,30.6,33.802701876968,-117.4659912854552,15.0,15.0,16.4,1279,48.3,4.755799,4.926349,-3.579104,0,-3.131716,1.342164,0,0,0.4,-1.8,1.8,-141.2,218.8,219.3,Tripod,Other,,20,5,True,,True,False,,Smart,RC,False,True,False,,,True,,False,False,False,False,False,False,False,False,False,False,0,Follow Yaw,-88.9,0,-149,211,False,False,False,False,False,,0,0,False,False,No Card,100,100,1024,1301,1087,1231,2,False,False,False,False,False,0,False,False,False,False,98,,47.94,,9842,,10044,,47.94,,True,3.993,3.993,3.993,3.993,3.993,3.993,3.993,3.993,3.993,3.993,3.993,3.993,0,,False,False,True,,,,,,,,,,,,,,,False,False,19.252,,77.9,,75.7,,77.9,,1790,39,1,14,7,146265.0,19502.00,,Idle,,20,,10,,,20,Go Home,False,False,False,False,False,False,False,False,False,False,False,False,33.8027920380556,-117.4659261431046,38.3,2972.0,1049.4,396.9,True,1,1,False,False,False,False,,True,False,False,Course Lock,196.8,67,16.4,93,E,SW,4.47,4.47,Calm,False,False,Android,7.0.2,M300 RTK,1ZN7L4R0H1D00F,1W9DL31001461C,1ZMLH8300204F0,1Z6PH74DAP0QN7,"Corona, CA",728.3,5.7,137.7,8.547347,2.013246,0,0,DJI Matrice 300 RTK,M300 RTK,1ZN7L4R0H1D00F,1W9DL31001461C,1ZMLH8300204F0,1Z6PH74DAP0QN7,DJI Pilot,Android,7.0.2,1EF72A62-B7C3-C88D-164E-CE6F8C8424AE,1ZN7L4R0H1D00F,1W9DL31001461C,,1ZMLH8300204F0,1W9DL31001461C,,,,,
2023-11-01,11:24:53.07 AM,0m 30.7s,30.7,33.8027002831809,-117.4659930845374,15.0,15.0,16.7,1279,49.1,4.755799,4.926349,-3.579104,0,-3.131716,1.342164,0,0,0.3,-1.4,1.4,-141.1,218.9,223.1,Tripod,Other,,20,5,True,,True,False,,Smart,RC,False,True,False,,,True,,False,False,False,False,False,False,False,False,False,False,0,Follow Yaw,-88.9,0,-148.6,211.4,False,False,False,False,False,,0,0,False,False,No Card,100,100,1024,1303,1088,1231,2,False,False,False,False,False,0,False,False,False,False,98,,47.94,,9842,,10044,,47.94,,True,3.993,3.993,3.993,3.993,3.993,3.993,3.993,3.993,3.993,3.993,3.993,3.993,0,,False,False,True,,,,,,,,,,,,,,,False,False,19.252,,77.9,,75.7,,77.9,,1790,39,1,14,7,146265.0,19502.00,,Idle,,20,,10,,,20,Go Home,False,False,False,False,False,False,False,False,False,False,False,False,33.8027920380556,-117.4659261431046,39.1,2972.0,1049.4,396.9,True,1,1,False,False,False,False,,True,False,False,Course Lock,196.8,67,16.4,93,E,SW,4.47,4.47,Calm,False,False,Android,7.0.2,M300 RTK,1ZN7L4R0H1D00F,1W9DL31001461C,1ZMLH8300204F0,1Z6PH74DAP0QN7,"Corona, CA",728.3,5.7,137.7,8.547347,2.013246,0,0,DJI Matrice 300 RTK,M300 RTK,1ZN7L4R0H1D00F,1W9DL31001461C,1ZMLH8300204F0,1Z6PH74DAP0QN7,DJI Pilot,Android,7.0.2,1EF72A62-B7C3-C88D-164E-CE6F8C8424AE,1ZN7L4R0H1D00F,1W9DL31001461C,,1ZMLH8300204F0,1W9DL31001461C,,,,,
2023-11-01,11:24:53.17 AM,0m 30.8s,30.8,33.802698700359,-117.4659947035136,15.0,15.0,16.7,1279,49.9,4.755799,4.926349,-3.579104,0,-3.131716,1.342164,0,0,0.3,-1.3,1.3,-140.9,219.1,220.3,Tripod,Other,,20,5,True,,True,False,,Smart,RC,False,True,False,,,True,,False,False,False,False,False,False,False,False,False,False,0,Follow Yaw,-88.9,0,-148.1,211.9,False,False,False,False,False,,0,0,False,False,No Card,100,100,1024,1303,1092,1230,2,False,False,False,False,False,0,False,False,False,False,98,,47.94,,9842,,10044,,47.94,,True,3.993,3.993,3.993,3.993,3.993,3.993,3.993,3.993,3.993,3.993,3.993,3.993,0,,False,False,True,,,,,,,,,,,,,,,False,False,19.252,,77.9,,75.7,,77.9,,1790,39,1,14,7,146265.0,19502.00,,Idle,,20,,10,,,20,Go Home,False,False,False,False,False,False,False,False,False,False,False,False,33.8027920380556,-117.4659261431046,39.8,2972.0,1049.4,396.9,True,1,1,False,False,False,False,,True,False,False,Course Lock,196.8,67,16.4,93,E,SW,4.47,4.47,Calm,False,False,Android,7.0.2,M300 RTK,1ZN7L4R0H1D00F,1W9DL31001461C,1ZMLH8300204F0,1Z6PH74DAP0QN7,"Corona, CA",728.3,5.7,137.7,8.547347,2.013246,0,0,DJI Matrice 300 RTK,M300 RTK,1ZN7L4R0H1D00F,1W9DL31001461C,1ZMLH8300204F0,1Z6PH74DAP0QN7,DJI Pilot,Android,7.0.2,1EF72A62-B7C3-C88D-164E-CE6F8C8424AE,1ZN7L4R0H1D00F,1W9DL31001461C,,1ZMLH8300204F0,1W9DL31001461C,,,,,
2023-11-01,11:24:53.27 AM,0m 30.9s,30.9,33.8026971131511,-117.4659962050578,15.0,15.0,16.4,1279,50.6,4.755799,4.926349,-3.579104,0,-3.131716,1.342164,0,0,0.6,-1.3,1.4,-140.6,219.4,218.1,Tripod,Other,,20,5,True,,True,False,,Smart,RC,False,True,False,,,True,,False,False,False,False,False,False,False,False,False,False,0,Follow Yaw,-88.9,0,-147.6,212.4,False,False,False,False,False,,0,0,False,False,No Card,100,100,1024,1310,1109,1216,2,False,False,False,False,False,0,False,False,False,False,98,,47.928,,4886,,4986,,47.928,,True,3.993,3.993,3.993,3.993,3.993,3.993,3.993,3.993,3.993,3.993,3.993,3.993,0,,False,False,True,,,,,,,,,,,,,,,False,False,9.468,,77.0,,75.7,,77.9,,1790,39,1,14,7,146265.0,19502.00,,Idle,,20,,10,,,20,Go Home,False,False,False,False,False,False,False,False,False,False,False,False,33.8027920380556,-117.4659261431046,40.6,2972.0,1049.4,396.9,True,1,1,False,False,False,False,,True,False,False,Course Lock,196.8,67,16.4,93,E,SW,4.47,4.47,Calm,False,False,Android,7.0.2,M300 RTK,1ZN7L4R0H1D00F,1W9DL31001461C,1ZMLH8300204F0,1Z6PH74DAP0QN7,"Corona, CA",728.3,5.7,137.7,8.547347,2.013246,0,0,DJI Matrice 300 RTK,M300 RTK,1ZN7L4R0H1D00F,1W9DL31001461C,1ZMLH8300204F0,1Z6PH74DAP0QN7,DJI Pilot,Android,7.0.2,1EF72A62-B7C3-C88D-164E-CE6F8C8424AE,1ZN7L4R0H1D00F,1W9DL31001461C,,1ZMLH8300204F0,1W9DL31001461C,,,,,
2023-11-01,11:24:53.37 AM,0m 31.0s,31.0,33.8026955451322,-117.4659978464648,15.4,15.4,16.7,1279,51.4,4.905992,4.926349,-3.579104,0,-3.35541,1.342164,0,0,0.9,-1.3,1.5,-140.2,219.8,221.0,Tripod,Other,,20,5,True,,True,False,,Smart,RC,False,True,False,,,True,,False,False,False,False,False,False,False,False,False,False,0,Follow Yaw,-88.9,0,-147.1,212.9,False,False,False,False,False,,0,0,False,False,No Card,100,100,1024,1310,1110,1216,2,False,False,False,False,False,0,False,False,False,False,98,,47.928,,9842,,10044,,47.928,,True,3.993,3.993,3.993,3.993,3.993,3.993,3.993,3.993,3.993,3.993,3.993,3.993,0,,False,False,True,,,,,,,,,,,,,,,False,False,19.37,,77.9,,75.7,,77.9,,1790,39,1,14,7,146265.0,19502.00,,Idle,,20,,10,,,20,Go Home,False,False,False,False,False,False,False,False,False,False,False,False,33.8027920380556,-117.4659261431046,41.3,2972.0,1049.4,396.9,True,1,1,False,False,False,False,,True,False,False,Course Lock,196.8,67,16.4,93,E,SW,4.47,4.47,Calm,False,False,Android,7.0.2,M300 RTK,1ZN7L4R0H1D00F,1W9DL31001461C,1ZMLH8300204F0,1Z6PH74DAP0QN7,"Corona, CA",728.3,5.7,137.7,8.547347,2.013246,0,0,DJI Matrice 300 RTK,M300 RTK,1ZN7L4R0H1D00F,1W9DL31001461C,1ZMLH8300204F0,1Z6PH74DAP0QN7,DJI Pilot,Android,7.0.2,1EF72A62-B7C3-C88D-164E-CE6F8C8424AE,1ZN7L4R0H1D00F,1W9DL31001461C,,1ZMLH8300204F0,1W9DL31001461C,,,,,
2023-11-01,11:24:53.47 AM,0m 31.1s,31.1,33.8026941306256,-117.4659995564836,15.4,15.4,16.4,1279,52.1,4.905992,4.926349,-3.579104,0,-3.35541,1.342164,0,0,0.8,-1.2,1.4,-139.8,220.2,225.1,Tripod,Other,,20,5,True,,True,False,,Smart,RC,False,True,False,,,True,,False,False,False,False,False,False,False,False,False,False,0,Follow Yaw,-88.9,0,-146.7,213.3,False,False,False,False,False,,0,0,False,False,No Card,100,100,1024,1309,1115,1233,2,False,False,False,False,False,0,False,False,False,False,98,,47.928,,9842,,10044,,47.928,,True,3.993,3.993,3.993,3.993,3.993,3.993,3.993,3.993,3.993,3.993,3.993,3.993,0,,False,False,True,,,,,,,,,,,,,,,False,False,19.37,,77.9,,75.7,,77.9,,1790,39,1,14,7,146265.0,19502.00,,Idle,,20,,10,,,20,Go Home,False,False,False,False,False,False,False,False,False,False,False,False,33.8027920380556,-117.4659261431046,42.0,2972.0,1049.4,396.9,True,1,1,False,False,False,False,,True,False,False,Course Lock,196.8,67,16.4,93,E,SW,4.47,4.47,Calm,False,False,Android,7.0.2,M300 RTK,1ZN7L4R0H1D00F,1W9DL31001461C,1ZMLH8300204F0,1Z6PH74DAP0QN7,"Corona, CA",728.3,5.7,137.7,8.547347,2.013246,0,0,DJI Matrice 300 RTK,M300 RTK,1ZN7L4R0H1D00F,1W9DL31001461C,1ZMLH8300204F0,1Z6PH74DAP0QN7,DJI Pilot,Android,7.0.2,1EF72A62-B7C3-C88D-164E-CE6F8C8424AE,1ZN7L4R0H1D00F,1W9DL31001461C,,1ZMLH8300204F0,1W9DL31001461C,,,,,
2023-11-01,11:24:53.54 AM,0m 31.2s,31.2,33.8026925949539,-117.4660012242796,15.4,15.4,16.4,1279,52.9,4.905992,4.926349,-3.579104,0,-3.35541,1.342164,0,0,0.7,-1.2,1.3,-139.3,220.7,222.0,Tripod,Other,,20,5,True,,True,False,,Smart,RC,False,True,False,,,True,,False,False,False,False,False,False,False,False,False,False,0,Follow Yaw,-88.9,0,-146.3,213.7,False,False,False,False,False,,0,0,False,False,No Card,100,100,1024,1309,1115,1233,2,False,False,False,False,False,0,False,False,False,False,98,,47.928,,9842,,10044,,47.928,,True,3.993,3.993,3.993,3.993,3.993,3.993,3.993,3.993,3.993,3.993,3.993,3.993,0,,False,False,True,,,,,,,,,,,,,,,False,False,19.37,,77.9,,75.7,,77.9,,1790,39,1,14,7,146265.0,19502.00,,Idle,,20,,10,,,20,Go Home,False,False,False,False,False,False,False,False,False,False,False,False,33.8027920380556,-117.4659261431046,42.8,2972.0,1049.4,396.9,True,1,1,False,False,False,False,,True,False,False,Course Lock,196.8,67,16.4,93,E,SW,4.47,4.47,Calm,False,False,Android,7.0.2,M300 RTK,1ZN7L4R0H1D00F,1W9DL31001461C,1ZMLH8300204F0,1Z6PH74DAP0QN7,"Corona, CA",728.3,5.7,137.7,8.547347,2.013246,0,0,DJI Matrice 300 RTK,M300 RTK,1ZN7L4R0H1D00F,1W9DL31001461C,1ZMLH8300204F0,1Z6PH74DAP0QN7,DJI Pilot,Android,7.0.2,1EF72A62-B7C3-C88D-164E-CE6F8C8424AE,1ZN7L4R0H1D00F,1W9DL31001461C,,1ZMLH8300204F0,1W9DL31001461C,,,,,
2023-11-01,11:24:53.64 AM,0m 31.3s,31.3,33.8026908136625,-117.4660027469353,15.4,15.4,16.4,1279,53.7,4.905992,4.926349,-3.579104,0,-3.35541,1.342164,0,0,0.7,-1.2,1.3,-138.7,221.3,215.3,Tripod,Other,,20,5,True,,True,False,,Smart,RC,False,True,False,,,True,,False,False,False,False,False,False,False,False,False,False,0,Follow Yaw,-88.9,0,-145.8,214.2,False,False,False,False,False,,0,0,False,False,No Card,100,100,1024,1311,1130,1233,2,False,False,False,False,False,0,False,False,False,False,98,,47.928,,9842,,10044,,47.928,,True,3.995,3.995,3.995,3.995,3.995,3.995,3.995,3.995,3.995,3.995,3.995,3.995,0,,False,False,True,,,,,,,,,,,,,,,False,False,19.37,,77.9,,75.7,,77.9,,1793,39,1,14,7,145660.0,19421.33,,Idle,,20,,10,,,20,Go Home,False,False,False,False,False,False,False,False,False,False,False,False,33.8027920380556,-117.4659261431046,43.6,2972.0,1049.4,396.9,True,1,1,False,False,False,False,,True,False,False,Course Lock,196.8,67,16.4,93,E,SW,4.69,4.69,Calm,False,False,Android,7.0.2,M300 RTK,1ZN7L4R0H1D00F,1W9DL31001461C,1ZMLH8300204F0,1Z6PH74DAP0QN7,"Corona, CA",728.3,5.7,137.7,8.547347,2.013246,0,0,DJI Matrice 300 RTK,M300 RTK,1ZN7L4R0H1D00F,1W9DL31001461C,1ZMLH8300204F0,1Z6PH74DAP0QN7,DJI Pilot,Android,7.0.2,1EF72A62-B7C3-C88D-164E-CE6F8C8424AE,1ZN7L4R0H1D00F,1W9DL31001461C,,1ZMLH8300204F0,1W9DL31001461C,,,,,
2023-11-01,11:24:53.74 AM,0m 31.4s,31.4,33.8026892670257,-117.4660044332039,15.4,15.4,16.4,1279,54.4,4.905992,4.926349,-3.579104,0,-3.35541,1.342164,0,0,0.7,-1.2,1.3,-138.2,221.8,222.1,Tripod,Other,,20,5,True,,True,False,,Smart,RC,False,True,False,,,True,,False,False,False,False,False,False,False,False,False,False,0,Follow Yaw,-88.9,0,-145.3,214.7,False,False,False,False,False,,0,0,False,False,No Card,100,100,1024,1311,1138,1229,2,False,False,False,False,False,0,False,False,False,False,98,,47.928,,9842,,10044,,47.928,,True,3.995,3.995,3.995,3.995,3.995,3.995,3.995,3.995,3.995,3.995,3.995,3.995,0,,False,False,True,,,,,,,,,,,,,,,False,False,19.37,,77.9,,75.7,,77.9,,1793,39,1,14,7,145660.0,19421.33,,Idle,,20,,10,,,20,Go Home,False,False,False,False,False,False,False,False,False,False,False,False,33.8027920380556,-117.4659261431046,44.3,2972.0,1049.4,396.9,True,1,1,False,False,False,False,,True,False,False,Course Lock,196.8,67,16.4,93,E,SW,4.69,4.69,Calm,False,False,Android,7.0.2,M300 RTK,1ZN7L4R0H1D00F,1W9DL31001461C,1ZMLH8300204F0,1Z6PH74DAP0QN7,"Corona, CA",728.3,5.7,137.7,8.547347,2.013246,0,0,DJI Matrice 300 RTK,M300 RTK,1ZN7L4R0H1D00F,1W9DL31001461C,1ZMLH8300204F0,1Z6PH74DAP0QN7,DJI Pilot,Android,7.0.2,1EF72A62-B7C3-C88D-164E-CE6F8C8424AE,1ZN7L4R0H1D00F,1W9DL31001461C,,1ZMLH8300204F0,1W9DL31001461C,,,,,
2023-11-01,11:24:53.84 AM,0m 31.5s,31.5,33.8026879429817,-117.4660061247502,15.4,15.4,16.4,1279,55.1,4.905992,4.926349,-3.579104,0,-3.35541,1.342164,0,0,0.7,-1.1,1.3,-137.7,222.3,226.7,Tripod,Other,,20,5,True,,True,False,,Smart,RC,False,True,False,,,True,,False,False,False,False,False,False,False,False,False,False,0,Follow Yaw,-88.9,0,-144.8,215.2,False,False,False,False,False,,0,0,False,False,No Card,100,100,1024,1311,1174,1089,2,False,False,False,False,False,0,False,False,False,False,98,,47.928,,9842,,10044,,47.928,,True,3.995,3.995,3.995,3.995,3.995,3.995,3.995,3.995,3.995,3.995,3.995,3.995,0,,False,False,True,,,,,,,,,,,,,,,False,False,19.37,,77.9,,75.7,,77.9,,1793,39,1,14,7,145660.0,19421.33,,Idle,,20,,10,,,20,Go Home,False,False,False,False,False,False,False,False,False,False,False,False,33.8027920380556,-117.4659261431046,45.0,2972.0,1049.4,396.9,True,1,1,False,False,False,False,,True,False,False,Course Lock,196.8,67,16.4,93,E,SW,4.69,4.69,Calm,False,False,Android,7.0.2,M300 RTK,1ZN7L4R0H1D00F,1W9DL31001461C,1ZMLH8300204F0,1Z6PH74DAP0QN7,"Corona, CA",728.3,5.7,137.7,8.547347,2.013246,0,0,DJI Matrice 300 RTK,M300 RTK,1ZN7L4R0H1D00F,1W9DL31001461C,1ZMLH8300204F0,1Z6PH74DAP0QN7,DJI Pilot,Android,7.0.2,1EF72A62-B7C3-C88D-164E-CE6F8C8424AE,1ZN7L4R0H1D00F,1W9DL31001461C,,1ZMLH8300204F0,1W9DL31001461C,,,,,
2023-11-01,11:24:53.94 AM,0m 31.6s,31.6,33.8026864303369,-117.4660078426858,15.4,15.4,16.4,1279,55.9,4.905992,4.926349,-3.579104,0,-3.35541,1.342164,0,0,0.8,-1.2,1.4,-137.2,222.8,223.3,Tripod,Other,,20,5,True,,True,False,,Smart,RC,False,True,False,,,True,,False,False,False,False,False,False,False,False,False,False,0,Follow Yaw,-88.9,0,-144.5,215.5,False,False,False,False,False,,0,0,False,False,No Card,100,100,1024,1311,1196,1024,2,False,False,False,False,False,0,False,False,False,False,98,,47.928,,9842,,10044,,47.928,,True,3.995,3.995,3.995,3.995,3.995,3.995,3.995,3.995,3.995,3.995,3.995,3.995,0,,False,False,True,,,,,,,,,,,,,,,False,False,19.37,,77.9,,75.7,,77.9,,1793,39,1,14,7,145660.0,19421.33,,Idle,,20,,10,,,20,Go Home,False,False,False,False,False,False,False,False,False,False,False,False,33.8027920380556,-117.4659261431046,45.8,2972.0,1049.4,396.9,True,1,1,False,False,False,False,,True,False,False,Course Lock,196.8,67,16.4,93,E,SW,4.69,4.69,Calm,False,False,Android,7.0.2,M300 RTK,1ZN7L4R0H1D00F,1W9DL31001461C,1ZMLH8300204F0,1Z6PH74DAP0QN7,"Corona, CA",728.3,5.7,137.7,8.547347,2.013246,0,0,DJI Matrice 300 RTK,M300 RTK,1ZN7L4R0H1D00F,1W9DL31001461C,1ZMLH8300204F0,1Z6PH74DAP0QN7,DJI Pilot,Android,7.0.2,1EF72A62-B7C3-C88D-164E-CE6F8C8424AE,1ZN7L4R0H1D00F,1W9DL31001461C,,1ZMLH8300204F0,1W9DL31001461C,,,,,
2023-11-01,11:24:54.04 AM,0m 31.7s,31.7,33.8026847038713,-117.466009524996,15.4,15.4,16.4,1279,56.7,4.905992,4.926349,-3.579104,0,-3.35541,1.342164,0,0,0.8,-1.5,1.7,-136.7,223.3,218.9,Tripod,Other,,20,5,True,,True,False,,Smart,RC,False,True,False,,,True,,False,False,False,False,False,False,False,False,False,False,0,Follow Yaw,-88.9,0,-144.4,215.6,False,False,False,False,False,,0,0,False,False,No Card,100,100,1024,1312,1200,1024,2,False,False,False,False,False,0,False,False,False,False,98,,47.928,,9842,,10044,,47.928,,True,3.995,3.995,3.995,3.995,3.995,3.995,3.995,3.995,3.995,3.995,3.995,3.995,0,,False,False,True,,,,,,,,,,,,,,,False,False,19.37,,77.9,,75.7,,77.9,,1793,39,1,14,7,145660.0,19421.33,,Idle,,20,,10,,,20,Go Home,False,False,False,False,False,False,False,False,False,False,False,False,33.8027920380556,-117.4659261431046,46.6,2972.0,1049.4,396.9,True,1,1,False,False,False,False,,True,False,False,Course Lock,196.8,67,16.4,93,E,SW,4.69,4.69,Calm,False,False,Android,7.0.2,M300 RTK,1ZN7L4R0H1D00F,1W9DL31001461C,1ZMLH8300204F0,1Z6PH74DAP0QN7,"Corona, CA",728.3,5.7,137.7,8.547347,2.013246,0,0,DJI Matrice 300 RTK,M300 RTK,1ZN7L4R0H1D00F,1W9DL31001461C,1ZMLH8300204F0,1Z6PH74DAP0QN7,DJI Pilot,Android,7.0.2,1EF72A62-B7C3-C88D-164E-CE6F8C8424AE,1ZN7L4R0H1D00F,1W9DL31001461C,,1ZMLH8300204F0,1W9DL31001461C,,,,,
2023-11-01,11:24:54.14 AM,0m 31.8s,31.8,33.8026831747788,-117.4660112666818,15.4,15.4,16.4,1279,57.5,5.061617,5.061617,-3.579104,0,-3.579104,1.342164,0,0,1,-2.1,2.3,-136.4,223.6,223.4,Tripod,Other,,19,5,True,,True,False,,Smart,RC,False,True,False,,,True,,False,False,False,False,False,False,False,False,False,False,0,Follow Yaw,-88.9,0,-144.4,215.6,False,False,False,False,False,,0,0,False,False,No Card,100,100,1024,1312,1200,1024,2,False,False,False,False,False,0,False,False,False,False,98,,47.928,,9842,,10044,,47.928,,True,3.995,3.995,3.995,3.995,3.995,3.995,3.995,3.995,3.995,3.995,3.995,3.995,0,,False,False,True,,,,,,,,,,,,,,,False,False,19.37,,77.9,,75.7,,77.9,,1793,39,1,14,7,145660.0,19421.33,,Idle,,20,,10,,,20,Go Home,False,False,False,False,False,False,False,False,False,False,False,False,33.8027920380556,-117.4659261431046,47.3,2972.0,1049.4,396.9,True,1,1,False,False,False,False,,True,False,False,Course Lock,196.8,67,16.4,93,E,SW,4.69,4.69,Calm,False,False,Android,7.0.2,M300 RTK,1ZN7L4R0H1D00F,1W9DL31001461C,1ZMLH8300204F0,1Z6PH74DAP0QN7,"Corona, CA",728.3,5.7,137.7,8.547347,2.013246,0,0,DJI Matrice 300 RTK,M300 RTK,1ZN7L4R0H1D00F,1W9DL31001461C,1ZMLH8300204F0,1Z6PH74DAP0QN7,DJI Pilot,Android,7.0.2,1EF72A62-B7C3-C88D-164E-CE6F8C8424AE,1ZN7L4R0H1D00F,1W9DL31001461C,,1ZMLH8300204F0,1W9DL31001461C,,,,,
2023-11-01,11:24:54.24 AM,0m 31.9s,31.9,33.8026817569826,-117.4660130334373,15.4,15.4,16.4,1279,58.2,5.061617,5.061617,-3.579104,0,-3.579104,1.342164,0,0,1,-2.4,2.6,-136.2,223.8,225.9,Tripod,Other,,19,5,True,,True,False,,Smart,RC,False,True,False,,,True,,False,False,False,False,False,False,False,False,False,False,0,Follow Yaw,-88.9,0,-144.4,215.6,False,False,False,False,False,,0,0,False,False,No Card,100,100,1024,1320,1205,1024,2,False,False,False,False,False,0,False,False,False,False,98,,47.928,,9842,,10044,,47.928,,True,3.995,3.995,3.995,3.995,3.995,3.995,3.995,3.995,3.995,3.995,3.995,3.995,0,,False,False,True,,,,,,,,,,,,,,,False,False,19.37,,77.9,,75.7,,77.9,,1793,39,1,14,7,145660.0,19421.33,,Idle,,20,,10,,,20,Go Home,False,False,False,False,False,False,False,False,False,False,False,False,33.8027920380556,-117.4659261431046,48.0,2972.0,1049.4,396.9,True,1,1,False,False,False,False,,True,False,False,Course Lock,196.8,67,16.4,93,E,SW,4.69,4.69,Calm,False,False,Android,7.0.2,M300 RTK,1ZN7L4R0H1D00F,1W9DL31001461C,1ZMLH8300204F0,1Z6PH74DAP0QN7,"Corona, CA",728.3,5.7,137.7,8.547347,2.013246,0,0,DJI Matrice 300 RTK,M300 RTK,1ZN7L4R0H1D00F,1W9DL31001461C,1ZMLH8300204F0,1Z6PH74DAP0QN7,DJI Pilot,Android,7.0.2,1EF72A62-B7C3-C88D-164E-CE6F8C8424AE,1ZN7L4R0H1D00F,1W9DL31001461C,,1ZMLH8300204F0,1W9DL31001461C,,,,,
2023-11-01,11:24:54.34 AM,0m 32.0s,32.0,33.8026802251488,-117.4660147751231,15.4,15.4,16.4,1279,59.0,5.061617,5.061617,-3.579104,0,-3.579104,1.342164,0,0,1.1,-2.4,2.6,-136.1,223.9,223.3,Tripod,Other,,20,5,True,,True,False,,Smart,RC,False,True,False,,,True,,False,False,False,False,False,False,False,False,False,False,0,Follow Yaw,-88.9,0,-144.4,215.6,False,False,False,False,False,,0,0,False,False,No Card,100,100,1024,1324,1205,1024,2,False,False,False,False,False,0,False,False,False,False,98,,47.892,,9842,,10044,,47.892,,True,3.995,3.995,3.995,3.995,3.995,3.995,3.995,3.995,3.995,3.995,3.995,3.995,0,,False,False,True,,,,,,,,,,,,,,,False,False,19.714,,77.9,,75.7,,77.9,,1793,39,1,14,7,145660.0,19421.33,,Idle,,20,,10,,,20,Go Home,False,False,False,False,False,False,False,False,False,False,False,False,33.8027920380556,-117.4659261431046,48.8,2972.0,1049.4,396.9,True,1,1,False,False,False,False,,True,False,False,Course Lock,196.8,67,16.4,93,E,SW,4.69,4.69,Calm,False,False,Android,7.0.2,M300 RTK,1ZN7L4R0H1D00F,1W9DL31001461C,1ZMLH8300204F0,1Z6PH74DAP0QN7,"Corona, CA",728.3,5.7,137.7,8.547347,2.013246,0,0,DJI Matrice 300 RTK,M300 RTK,1ZN7L4R0H1D00F,1W9DL31001461C,1ZMLH8300204F0,1Z6PH74DAP0QN7,DJI Pilot,Android,7.0.2,1EF72A62-B7C3-C88D-164E-CE6F8C8424AE,1ZN7L4R0H1D00F,1W9DL31001461C,,1ZMLH8300204F0,1W9DL31001461C,,,,,
2023-11-01,11:24:54.44 AM,0m 32.1s,32.1,33.8026785913389,-117.4660164277453,15.4,15.4,16.0,1279,59.7,4.905992,5.061617,-3.579104,0,-3.35541,1.342164,-0.223694,0,1.1,-2.2,2.4,-136.1,223.9,220.0,Tripod,Other,,20,5,True,,True,False,,Smart,RC,False,True,False,,,True,,False,False,False,False,False,False,False,False,False,False,0,Follow Yaw,-88.9,0,-144.4,215.6,False,False,False,False,False,,0,0,False,False,No Card,100,100,1024,1327,1199,1024,2,False,False,False,False,False,0,False,False,False,False,98,,47.892,,9842,,10044,,47.892,,True,3.995,3.995,3.995,3.995,3.995,3.995,3.995,3.995,3.995,3.995,3.995,3.995,0,,False,False,True,,,,,,,,,,,,,,,False,False,19.714,,77.9,,75.7,,77.9,,1793,39,1,14,7,145660.0,19421.33,,Idle,,20,,10,,,20,Go Home,False,False,False,False,False,False,False,False,False,False,False,False,33.8027920380556,-117.4659261431046,49.6,2972.0,1049.4,396.9,True,1,1,False,False,False,False,,True,False,False,Course Lock,196.8,67,16.4,93,E,SW,4.92,4.92,Calm,False,False,Android,7.0.2,M300 RTK,1ZN7L4R0H1D00F,1W9DL31001461C,1ZMLH8300204F0,1Z6PH74DAP0QN7,"Corona, CA",728.3,5.7,137.7,8.547347,2.013246,0,0,DJI Matrice 300 RTK,M300 RTK,1ZN7L4R0H1D00F,1W9DL31001461C,1ZMLH8300204F0,1Z6PH74DAP0QN7,DJI Pilot,Android,7.0.2,1EF72A62-B7C3-C88D-164E-CE6F8C8424AE,1ZN7L4R0H1D00F,1W9DL31001461C,,1ZMLH8300204F0,1W9DL31001461C,,,,,
2023-11-01,11:24:54.54 AM,0m 32.2s,32.2,33.802677044702,-117.466018157556,15.4,15.4,16.0,1279,60.5,4.905992,5.061617,-3.579104,0,-3.35541,1.342164,-0.223694,0,1,-2.1,2.3,-136.2,223.8,222.9,Tripod,Other,,20,5,True,,True,False,,Smart,RC,False,True,False,,,True,,False,False,False,False,False,False,False,False,False,False,0,Follow Yaw,-88.9,0,-144.4,215.6,False,False,False,False,False,,0,0,False,False,No Card,100,100,1024,1329,1195,1024,2,False,False,False,False,False,0,False,False,False,False,98,,47.892,,9842,,10044,,47.892,,True,3.995,3.995,3.995,3.995,3.995,3.995,3.995,3.995,3.995,3.995,3.995,3.995,0,,False,False,True,,,,,,,,,,,,,,,False,False,19.714,,77.9,,75.7,,77.9,,1793,39,1,14,7,145660.0,19421.33,,Idle,,20,,10,,,20,Go Home,False,False,False,False,False,False,False,False,False,False,False,False,33.8027920380556,-117.4659261431046,50.3,2972.0,1049.4,396.9,True,1,1,False,False,False,False,,True,False,False,Course Lock,196.8,67,16.4,93,E,SW,4.92,4.92,Calm,False,False,Android,7.0.2,M300 RTK,1ZN7L4R0H1D00F,1W9DL31001461C,1ZMLH8300204F0,1Z6PH74DAP0QN7,"Corona, CA",728.3,5.7,137.7,8.547347,2.013246,0,0,DJI Matrice 300 RTK,M300 RTK,1ZN7L4R0H1D00F,1W9DL31001461C,1ZMLH8300204F0,1Z6PH74DAP0QN7,DJI Pilot,Android,7.0.2,1EF72A62-B7C3-C88D-164E-CE6F8C8424AE,1ZN7L4R0H1D00F,1W9DL31001461C,,1ZMLH8300204F0,1W9DL31001461C,,,,,
2023-11-01,11:24:54.64 AM,0m 32.3s,32.3,33.8026754284364,-117.4660198510815,15.4,15.4,16.0,1279,61.3,5.061617,5.061617,-3.579104,0,-3.579104,1.342164,-0.223694,0,1,-2,2.2,-136.2,223.8,221.0,Tripod,Other,,20,5,True,,True,False,,Smart,RC,False,True,False,,,True,,False,False,False,False,False,False,False,False,False,False,0,Follow Yaw,-88.9,0,-144.4,215.6,False,False,False,False,False,,0,0,False,False,No Card,100,100,1024,1329,1186,1024,2,False,False,False,False,False,0,False,False,False,False,98,,47.892,,9842,,10044,,47.892,,True,3.991,3.991,3.991,3.991,3.991,3.991,3.991,3.991,3.991,3.991,3.991,3.991,0,,False,False,True,,,,,,,,,,,,,,,False,False,19.714,,77.9,,75.7,,77.9,,1797,39,1,14,7,145275.0,19370.01,,Idle,,20,,10,,,20,Go Home,False,False,False,False,False,False,False,False,False,False,False,False,33.8027920380556,-117.4659261431046,51.1,2972.0,1049.4,396.9,True,1,1,False,False,False,False,,True,False,False,Course Lock,196.8,67,16.4,93,E,SW,4.92,4.92,Calm,False,False,Android,7.0.2,M300 RTK,1ZN7L4R0H1D00F,1W9DL31001461C,1ZMLH8300204F0,1Z6PH74DAP0QN7,"Corona, CA",728.3,5.7,137.7,8.547347,2.013246,0,0,DJI Matrice 300 RTK,M300 RTK,1ZN7L4R0H1D00F,1W9DL31001461C,1ZMLH8300204F0,1Z6PH74DAP0QN7,DJI Pilot,Android,7.0.2,1EF72A62-B7C3-C88D-164E-CE6F8C8424AE,1ZN7L4R0H1D00F,1W9DL31001461C,,1ZMLH8300204F0,1W9DL31001461C,,,,,
2023-11-01,11:24:54.74 AM,0m 32.4s,32.4,33.8026738713826,-117.4660215795727,15.4,15.4,16.0,1279,62.1,5.061617,5.061617,-3.579104,0,-3.579104,1.342164,-0.223694,0,1,-1.9,2.1,-136.2,223.8,222.6,Tripod,Other,,20,5,True,,True,False,,Smart,RC,False,True,False,,,True,,False,False,False,False,False,False,False,False,False,False,0,Follow Yaw,-88.9,0,-144.4,215.6,False,False,False,False,False,,0,0,False,False,No Card,100,100,1024,1324,1167,1024,2,False,False,False,False,False,0,False,False,False,False,98,,47.892,,9842,,10044,,47.892,,True,3.991,3.991,3.991,3.991,3.991,3.991,3.991,3.991,3.991,3.991,3.991,3.991,0,,False,False,True,,,,,,,,,,,,,,,False,False,19.714,,77.9,,75.7,,77.9,,1797,39,1,14,7,145275.0,19370.01,,Idle,,20,,10,,,20,Go Home,False,False,False,False,False,False,False,False,False,False,False,False,33.8027920380556,-117.4659261431046,51.9,2972.0,1049.4,396.9,True,1,1,False,False,False,False,,True,False,False,Course Lock,196.8,67,16.4,93,E,SW,4.92,4.92,Calm,False,False,Android,7.0.2,M300 RTK,1ZN7L4R0H1D00F,1W9DL31001461C,1ZMLH8300204F0,1Z6PH74DAP0QN7,"Corona, CA",728.3,5.7,137.7,8.547347,2.013246,0,0,DJI Matrice 300 RTK,M300 RTK,1ZN7L4R0H1D00F,1W9DL31001461C,1ZMLH8300204F0,1Z6PH74DAP0QN7,DJI Pilot,Android,7.0.2,1EF72A62-B7C3-C88D-164E-CE6F8C8424AE,1ZN7L4R0H1D00F,1W9DL31001461C,,1ZMLH8300204F0,1W9DL31001461C,,,,,
2023-11-01,11:24:54.84 AM,0m 32.5s,32.5,33.8026722940433,-117.4660233582034,15.7,15.7,16.0,1280,62.9,5.061617,5.061617,-3.579104,0,-3.579104,1.342164,-0.223694,0,1.1,-1.9,2.1,-136.3,223.7,223.1,Tripod,Other,,20,5,True,,True,False,,Smart,RC,False,True,False,,,True,,False,False,False,False,False,False,False,False,False,False,0,Follow Yaw,-88.9,0,-144.4,215.6,False,False,False,False,False,,0,0,False,False,No Card,100,100,1024,1317,1115,1024,2,False,False,False,False,False,0,False,False,False,False,98,,47.892,,9842,,10044,,47.892,,True,3.991,3.991,3.991,3.991,3.991,3.991,3.991,3.991,3.991,3.991,3.991,3.991,0,,False,False,True,,,,,,,,,,,,,,,False,False,19.714,,77.9,,75.7,,77.9,,1797,39,1,14,7,145275.0,19370.01,,Idle,,20,,10,,,20,Go Home,False,False,False,False,False,False,False,False,False,False,False,False,33.8027920380556,-117.4659261431046,52.6,2972.0,1049.4,396.9,True,1,1,False,False,False,False,,True,False,False,Course Lock,196.8,67,16.4,93,E,SW,4.92,4.92,Calm,False,False,Android,7.0.2,M300 RTK,1ZN7L4R0H1D00F,1W9DL31001461C,1ZMLH8300204F0,1Z6PH74DAP0QN7,"Corona, CA",728.3,5.7,137.7,8.547347,2.013246,0,0,DJI Matrice 300 RTK,M300 RTK,1ZN7L4R0H1D00F,1W9DL31001461C,1ZMLH8300204F0,1Z6PH74DAP0QN7,DJI Pilot,Android,7.0.2,1EF72A62-B7C3-C88D-164E-CE6F8C8424AE,1ZN7L4R0H1D00F,1W9DL31001461C,,1ZMLH8300204F0,1W9DL31001461C,,,,,
2023-11-01,11:24:54.94 AM,0m 32.6s,32.6,33.8026707364413,-117.4660250866946,15.7,15.7,16.4,1280,63.6,5.061617,5.061617,-3.579104,0,-3.579104,1.342164,-0.223694,0,1.1,-2,2.2,-136.4,223.6,222.6,Tripod,Other,,20,5,True,,True,False,,Smart,RC,False,True,False,,,True,,False,False,False,False,False,False,False,False,False,False,0,Follow Yaw,-88.9,0,-144.4,215.6,False,False,False,False,False,,0,0,False,False,No Card,100,100,1024,1308,1077,1024,2,False,False,False,False,False,0,False,False,False,False,98,,47.892,,9842,,10044,,47.892,,True,3.991,3.991,3.991,3.991,3.991,3.991,3.991,3.991,3.991,3.991,3.991,3.991,0,,False,False,True,,,,,,,,,,,,,,,False,False,19.714,,77.9,,75.7,,77.9,,1797,39,1,14,7,145275.0,19370.01,,Idle,,20,,10,,,20,Go Home,False,False,False,False,False,False,False,False,False,False,False,False,33.8027920380556,-117.4659261431046,53.4,2972.0,1049.4,396.9,True,1,1,False,False,False,False,,True,False,False,Course Lock,196.8,67,16.4,93,E,SW,4.92,4.92,Calm,False,False,Android,7.0.2,M300 RTK,1ZN7L4R0H1D00F,1W9DL31001461C,1ZMLH8300204F0,1Z6PH74DAP0QN7,"Corona, CA",728.3,5.7,137.7,8.547347,2.013246,0,0,DJI Matrice 300 RTK,M300 RTK,1ZN7L4R0H1D00F,1W9DL31001461C,1ZMLH8300204F0,1Z6PH74DAP0QN7,DJI Pilot,Android,7.0.2,1EF72A62-B7C3-C88D-164E-CE6F8C8424AE,1ZN7L4R0H1D00F,1W9DL31001461C,,1ZMLH8300204F0,1W9DL31001461C,,,,,
2023-11-01,11:24:55.04 AM,0m 32.7s,32.7,33.8026691958353,-117.4660267419557,15.7,15.7,16.4,1280,64.4,4.905992,5.061617,-3.579104,0,-3.35541,1.342164,-0.223694,0,1.1,-1.9,2.1,-136.4,223.6,221.7,Tripod,Other,,20,5,True,,True,False,,Smart,RC,False,True,False,,,True,,False,False,False,False,False,False,False,False,False,False,0,Follow Yaw,-88.9,0,-144.4,215.6,False,False,False,False,False,,0,0,False,False,No Card,100,100,1024,1311,1066,1024,2,False,False,False,False,False,0,False,False,False,False,98,,47.796,,4886,,4986,,47.796,,True,3.991,3.991,3.991,3.991,3.991,3.991,3.991,3.991,3.991,3.991,3.991,3.991,0,,False,False,True,,,,,,,,,,,,,,,False,False,9.546,,77.1,,75.7,,77.9,,1797,39,1,14,7,145275.0,19370.01,,Idle,,20,,10,,,20,Go Home,False,False,False,False,False,False,False,False,False,False,False,False,33.8027920380556,-117.4659261431046,54.2,2972.0,1049.4,396.9,True,1,1,False,False,False,False,,True,False,False,Course Lock,196.8,67,16.4,93,E,SW,4.92,4.92,Calm,False,False,Android,7.0.2,M300 RTK,1ZN7L4R0H1D00F,1W9DL31001461C,1ZMLH8300204F0,1Z6PH74DAP0QN7,"Corona, CA",728.3,5.7,137.7,8.547347,2.013246,0,0,DJI Matrice 300 RTK,M300 RTK,1ZN7L4R0H1D00F,1W9DL31001461C,1ZMLH8300204F0,1Z6PH74DAP0QN7,DJI Pilot,Android,7.0.2,1EF72A62-B7C3-C88D-164E-CE6F8C8424AE,1ZN7L4R0H1D00F,1W9DL31001461C,,1ZMLH8300204F0,1W9DL31001461C,,,,,
2023-11-01,11:24:55.14 AM,0m 32.8s,32.8,33.8026676470055,-117.4660284552731,15.7,15.7,16.4,1280,65.2,4.905992,5.061617,-3.579104,0,-3.35541,1.342164,-0.223694,0,1.1,-2,2.2,-136.6,223.4,222.5,Tripod,Other,,20,5,True,,True,False,,Smart,RC,False,True,False,,,True,,False,False,False,False,False,False,False,False,False,False,0,Follow Yaw,-88.9,0,-144.4,215.6,False,False,False,False,False,,0,0,False,False,No Card,100,100,1024,1316,1062,1024,2,False,False,False,False,False,0,False,False,False,False,98,,47.796,,4886,,4986,,47.796,,True,3.991,3.991,3.991,3.991,3.991,3.991,3.991,3.991,3.991,3.991,3.991,3.991,0,,False,False,True,,,,,,,,,,,,,,,False,False,9.546,,77.1,,75.7,,77.9,,1797,39,1,14,7,145275.0,19370.01,,Idle,,20,,10,,,20,Go Home,False,False,False,False,False,False,False,False,False,False,False,False,33.8027920380556,-117.4659261431046,54.9,2972.0,1049.4,396.9,True,1,1,False,False,False,False,,True,False,False,Course Lock,196.8,67,16.4,93,E,SW,4.92,4.92,Calm,False,False,Android,7.0.2,M300 RTK,1ZN7L4R0H1D00F,1W9DL31001461C,1ZMLH8300204F0,1Z6PH74DAP0QN7,"Corona, CA",728.3,5.7,137.7,8.547347,2.013246,0,0,DJI Matrice 300 RTK,M300 RTK,1ZN7L4R0H1D00F,1W9DL31001461C,1ZMLH8300204F0,1Z6PH74DAP0QN7,DJI Pilot,Android,7.0.2,1EF72A62-B7C3-C88D-164E-CE6F8C8424AE,1ZN7L4R0H1D00F,1W9DL31001461C,,1ZMLH8300204F0,1W9DL31001461C,,,,,
2023-11-01,11:24:55.24 AM,0m 32.9s,32.9,33.802666139295,-117.4660303711275,15.7,15.7,16.4,1280,66.0,4.905992,5.061617,-3.579104,0,-3.35541,1.342164,0,0,1,-2.1,2.3,-136.7,223.3,226.5,Tripod,Other,,20,5,True,,True,False,,Smart,RC,False,True,False,,,True,,False,False,False,False,False,False,False,False,False,False,0,Follow Yaw,-88.9,0,-144.4,215.6,False,False,False,False,False,,0,0,False,False,No Card,100,100,1024,1316,1074,1024,2,False,False,False,False,False,0,False,False,False,False,98,,47.796,,4886,,4986,,47.796,,True,3.991,3.991,3.991,3.991,3.991,3.991,3.991,3.991,3.991,3.991,3.991,3.991,0,,False,False,True,,,,,,,,,,,,,,,False,False,9.546,,77.1,,75.7,,77.9,,1797,39,1,14,7,145275.0,19370.01,,Idle,,20,,10,,,20,Go Home,False,False,False,False,False,False,False,False,False,False,False,False,33.8027920380556,-117.4659261431046,55.7,2972.0,1049.4,396.9,True,1,1,False,False,False,False,,True,False,False,Course Lock,196.8,67,16.4,93,E,SW,4.92,4.92,Calm,False,False,Android,7.0.2,M300 RTK,1ZN7L4R0H1D00F,1W9DL31001461C,1ZMLH8300204F0,1Z6PH74DAP0QN7,"Corona, CA",728.3,5.7,137.7,8.547347,2.013246,0,0,DJI Matrice 300 RTK,M300 RTK,1ZN7L4R0H1D00F,1W9DL31001461C,1ZMLH8300204F0,1Z6PH74DAP0QN7,DJI Pilot,Android,7.0.2,1EF72A62-B7C3-C88D-164E-CE6F8C8424AE,1ZN7L4R0H1D00F,1W9DL31001461C,,1ZMLH8300204F0,1W9DL31001461C,,,,,
2023-11-01,11:24:55.33 AM,0m 33.0s,33.0,33.8026646025268,-117.4660320811462,15.7,15.7,16.4,1280,66.7,4.905992,5.061617,-3.579104,0,-3.35541,1.342164,0,0,0.9,-2.1,2.2,-136.7,223.3,222.7,Tripod,Other,,20,5,True,,True,False,,Smart,RC,False,True,False,,,True,,False,False,False,False,False,False,False,False,False,False,0,Follow Yaw,-88.9,0,-144.4,215.6,False,False,False,False,False,,0,0,False,False,No Card,100,100,1024,1314,1147,1024,2,False,False,False,False,False,0,False,False,False,False,98,,47.82,,9842,,10044,,47.82,,True,3.991,3.991,3.991,3.991,3.991,3.991,3.991,3.991,3.991,3.991,3.991,3.991,0,,False,False,True,,,,,,,,,,,,,,,False,False,19.614,,77.9,,75.7,,77.9,,1797,39,1,14,7,145275.0,19370.01,,Idle,,20,,10,,,20,Go Home,False,False,False,False,False,False,False,False,False,False,False,False,33.8027920380556,-117.4659261431046,56.5,2972.0,1049.4,396.9,True,1,1,False,False,False,False,,True,False,False,Course Lock,196.8,67,16.4,93,E,SW,4.92,4.92,Calm,False,False,Android,7.0.2,M300 RTK,1ZN7L4R0H1D00F,1W9DL31001461C,1ZMLH8300204F0,1Z6PH74DAP0QN7,"Corona, CA",728.3,5.7,137.7,8.547347,2.013246,0,0,DJI Matrice 300 RTK,M300 RTK,1ZN7L4R0H1D00F,1W9DL31001461C,1ZMLH8300204F0,1Z6PH74DAP0QN7,DJI Pilot,Android,7.0.2,1EF72A62-B7C3-C88D-164E-CE6F8C8424AE,1ZN7L4R0H1D00F,1W9DL31001461C,,1ZMLH8300204F0,1W9DL31001461C,,,,,
2023-11-01,11:24:55.44 AM,0m 33.1s,33.1,33.8026630783685,-117.4660336400869,15.7,15.7,16.0,1280,67.5,4.905992,5.061617,-3.579104,0,-3.35541,1.342164,0,0,0.8,-2.1,2.2,-136.7,223.3,220.3,Tripod,Other,,20,5,True,,True,False,,Smart,RC,False,True,False,,,True,,False,False,False,False,False,False,False,False,False,False,0,Follow Yaw,-88.9,0,-144.4,215.6,False,False,False,False,False,,0,0,False,False,No Card,100,100,1024,1313,1166,1024,2,False,False,False,False,False,0,False,False,False,False,98,,47.82,,9842,,10044,,47.82,,True,3.991,3.991,3.991,3.991,3.991,3.991,3.991,3.991,3.991,3.991,3.991,3.991,0,,False,False,True,,,,,,,,,,,,,,,False,False,19.614,,77.9,,75.7,,77.9,,1797,39,1,14,7,145275.0,19370.01,,Idle,,20,,10,,,20,Go Home,False,False,False,False,False,False,False,False,False,False,False,False,33.8027920380556,-117.4659261431046,57.2,2972.0,1049.4,396.9,True,1,1,False,False,False,False,,True,False,False,Course Lock,196.8,67,16.4,93,E,SW,4.92,4.92,Calm,False,False,Android,7.0.2,M300 RTK,1ZN7L4R0H1D00F,1W9DL31001461C,1ZMLH8300204F0,1Z6PH74DAP0QN7,"Corona, CA",728.3,5.7,137.7,8.547347,2.013246,0,0,DJI Matrice 300 RTK,M300 RTK,1ZN7L4R0H1D00F,1W9DL31001461C,1ZMLH8300204F0,1Z6PH74DAP0QN7,DJI Pilot,Android,7.0.2,1EF72A62-B7C3-C88D-164E-CE6F8C8424AE,1ZN7L4R0H1D00F,1W9DL31001461C,,1ZMLH8300204F0,1W9DL31001461C,,,,,
2023-11-01,11:24:55.54 AM,0m 33.2s,33.2,33.8026615465347,-117.4660353144802,15.7,15.7,16.0,1280,68.2,4.905992,5.061617,-3.579104,0,-3.35541,1.342164,0,0,0.7,-2.2,2.3,-136.6,223.4,222.2,Tripod,Other,,20,5,True,,True,False,,Smart,RC,False,True,False,,,True,,False,False,False,False,False,False,False,False,False,False,0,Follow Yaw,-88.9,0,-144.4,215.6,False,False,False,False,False,,0,0,False,False,No Card,100,100,1024,1315,1163,1024,2,False,False,False,False,False,0,False,False,False,False,98,,47.82,,9842,,10044,,47.82,,True,3.991,3.991,3.991,3.991,3.991,3.991,3.991,3.991,3.991,3.991,3.991,3.991,0,,False,False,True,,,,,,,,,,,,,,,False,False,19.614,,77.9,,75.7,,77.9,,1797,39,1,14,7,145275.0,19370.01,,Idle,,20,,10,,,20,Go Home,False,False,False,False,False,False,False,False,False,False,False,False,33.8027920380556,-117.4659261431046,57.9,2972.0,1049.4,396.9,True,1,1,False,False,False,False,,True,False,False,Course Lock,196.8,67,16.4,93,E,SW,4.92,4.92,Calm,False,False,Android,7.0.2,M300 RTK,1ZN7L4R0H1D00F,1W9DL31001461C,1ZMLH8300204F0,1Z6PH74DAP0QN7,"Corona, CA",728.3,5.7,137.7,8.547347,2.013246,0,0,DJI Matrice 300 RTK,M300 RTK,1ZN7L4R0H1D00F,1W9DL31001461C,1ZMLH8300204F0,1Z6PH74DAP0QN7,DJI Pilot,Android,7.0.2,1EF72A62-B7C3-C88D-164E-CE6F8C8424AE,1ZN7L4R0H1D00F,1W9DL31001461C,,1ZMLH8300204F0,1W9DL31001461C,,,,,
2023-11-01,11:24:55.64 AM,0m 33.3s,33.3,33.8026599998978,-117.466037207244,15.7,15.7,16.0,1280,69.0,4.905992,5.061617,-3.579104,0,-3.35541,1.342164,0,0,0.6,-2,2,-136.5,223.5,225.4,Tripod,Other,,20,5,True,,True,False,,Smart,RC,False,True,False,,,True,,False,False,False,False,False,False,False,False,False,False,0,Follow Yaw,-88.9,0,-144.4,215.6,False,False,False,False,False,,0,0,False,False,No Card,100,100,1024,1320,1156,1024,2,False,False,False,False,False,0,False,False,False,False,98,,47.82,,9842,,10044,,47.82,,True,3.988,3.988,3.988,3.988,3.988,3.988,3.988,3.988,3.988,3.988,3.988,3.988,0,,False,False,True,,,,,,,,,,,,,,,False,False,19.614,,77.9,,75.7,,77.9,,1800,39,1,14,7,145168.5,19355.81,,Idle,,20,,10,,,20,Go Home,False,False,False,False,False,False,False,False,False,False,False,False,33.8027920380556,-117.4659261431046,58.7,2972.0,1049.4,396.9,True,1,1,False,False,False,False,,True,False,False,Course Lock,196.8,67,16.4,93,E,SW,4.92,4.92,Calm,False,False,Android,7.0.2,M300 RTK,1ZN7L4R0H1D00F,1W9DL31001461C,1ZMLH8300204F0,1Z6PH74DAP0QN7,"Corona, CA",728.3,5.7,137.7,8.547347,2.013246,0,0,DJI Matrice 300 RTK,M300 RTK,1ZN7L4R0H1D00F,1W9DL31001461C,1ZMLH8300204F0,1Z6PH74DAP0QN7,DJI Pilot,Android,7.0.2,1EF72A62-B7C3-C88D-164E-CE6F8C8424AE,1ZN7L4R0H1D00F,1W9DL31001461C,,1ZMLH8300204F0,1W9DL31001461C,,,,,
2023-11-01,11:24:55.75 AM,0m 33.4s,33.4,33.8026584751913,-117.4660388770193,15.7,15.7,16.0,1280,69.8,4.905992,5.061617,-3.579104,0,-3.35541,1.342164,0,0,0.3,-1.7,1.7,-136.4,223.6,222.3,Tripod,Other,,20,5,True,,True,False,,Smart,RC,False,True,False,,,True,,False,False,False,False,False,False,False,False,False,False,0,Follow Yaw,-88.9,0,-144.4,215.6,False,False,False,False,False,,0,0,False,False,No Card,100,100,1024,1325,1142,1024,2,False,False,False,False,False,0,False,False,False,False,98,,47.82,,9842,,10044,,47.82,,True,3.988,3.988,3.988,3.988,3.988,3.988,3.988,3.988,3.988,3.988,3.988,3.988,0,,False,False,True,,,,,,,,,,,,,,,False,False,19.614,,77.9,,75.7,,77.9,,1800,39,1,14,7,145168.5,19355.81,,Idle,,20,,10,,,20,Go Home,False,False,False,False,False,False,False,False,False,False,False,False,33.8027920380556,-117.4659261431046,59.5,2972.0,1049.4,396.9,True,1,1,False,False,False,False,,True,False,False,Course Lock,196.8,67,16.4,93,E,SW,4.92,4.92,Calm,False,False,Android,7.0.2,M300 RTK,1ZN7L4R0H1D00F,1W9DL31001461C,1ZMLH8300204F0,1Z6PH74DAP0QN7,"Corona, CA",728.3,5.7,137.7,8.547347,2.013246,0,0,DJI Matrice 300 RTK,M300 RTK,1ZN7L4R0H1D00F,1W9DL31001461C,1ZMLH8300204F0,1Z6PH74DAP0QN7,DJI Pilot,Android,7.0.2,1EF72A62-B7C3-C88D-164E-CE6F8C8424AE,1ZN7L4R0H1D00F,1W9DL31001461C,,1ZMLH8300204F0,1W9DL31001461C,,,,,
2023-11-01,11:24:55.84 AM,0m 33.5s,33.5,33.802657076036,-117.4660405006135,16.0,16.0,16.0,1280,70.5,4.905992,5.061617,-3.579104,0,-3.35541,1.342164,0,0,0,-1.6,1.6,-136.4,223.6,223.9,Tripod,Other,,20,5,True,,True,False,,Smart,RC,False,True,False,,,True,,False,False,False,False,False,False,False,False,False,False,0,Follow Yaw,-88.9,0,-144.4,215.6,False,False,False,False,False,,0,0,False,False,No Card,100,100,1024,1329,1134,1024,2,False,False,False,False,False,0,False,False,False,False,98,,47.82,,9842,,10044,,47.82,,True,3.988,3.988,3.988,3.988,3.988,3.988,3.988,3.988,3.988,3.988,3.988,3.988,0,,False,False,True,,,,,,,,,,,,,,,False,False,19.614,,77.9,,75.7,,77.9,,1800,39,1,14,7,145168.5,19355.81,,Idle,,20,,10,,,20,Go Home,False,False,False,False,False,False,False,False,False,False,False,False,33.8027920380556,-117.4659261431046,60.2,2972.0,1049.4,396.9,True,1,1,False,False,False,False,,True,False,False,Course Lock,196.8,67,16.4,93,E,SW,4.92,4.92,Calm,False,False,Android,7.0.2,M300 RTK,1ZN7L4R0H1D00F,1W9DL31001461C,1ZMLH8300204F0,1Z6PH74DAP0QN7,"Corona, CA",728.3,5.7,137.7,8.547347,2.013246,0,0,DJI Matrice 300 RTK,M300 RTK,1ZN7L4R0H1D00F,1W9DL31001461C,1ZMLH8300204F0,1Z6PH74DAP0QN7,DJI Pilot,Android,7.0.2,1EF72A62-B7C3-C88D-164E-CE6F8C8424AE,1ZN7L4R0H1D00F,1W9DL31001461C,,1ZMLH8300204F0,1W9DL31001461C,,,,,
2023-11-01,11:24:55.95 AM,0m 33.6s,33.6,33.8026555617464,-117.4660421624719,16.0,16.0,16.0,1280,71.2,4.905992,5.061617,-3.579104,0,-3.35541,1.342164,0,0,-0.1,-1.5,1.5,-136.3,223.7,222.3,Tripod,Other,,20,5,True,,True,False,,Smart,RC,False,True,False,,,True,,False,False,False,False,False,False,False,False,False,False,0,Follow Yaw,-88.9,0,-144.4,215.6,False,False,False,False,False,,0,0,False,False,No Card,100,100,1024,1322,1148,1024,2,False,False,False,False,False,0,False,False,False,False,98,,47.82,,9842,,10044,,47.82,,True,3.988,3.988,3.988,3.988,3.988,3.988,3.988,3.988,3.988,3.988,3.988,3.988,0,,False,False,True,,,,,,,,,,,,,,,False,False,19.614,,77.9,,75.7,,77.9,,1800,39,1,14,7,145168.5,19355.81,,Idle,,20,,10,,,20,Go Home,False,False,False,False,False,False,False,False,False,False,False,False,33.8027920380556,-117.4659261431046,60.9,2972.0,1049.4,396.9,True,1,1,False,False,False,False,,True,False,False,Course Lock,196.8,67,16.4,93,E,SW,4.92,4.92,Calm,False,False,Android,7.0.2,M300 RTK,1ZN7L4R0H1D00F,1W9DL31001461C,1ZMLH8300204F0,1Z6PH74DAP0QN7,"Corona, CA",728.3,5.7,137.7,8.547347,2.013246,0,0,DJI Matrice 300 RTK,M300 RTK,1ZN7L4R0H1D00F,1W9DL31001461C,1ZMLH8300204F0,1Z6PH74DAP0QN7,DJI Pilot,Android,7.0.2,1EF72A62-B7C3-C88D-164E-CE6F8C8424AE,1ZN7L4R0H1D00F,1W9DL31001461C,,1ZMLH8300204F0,1W9DL31001461C,,,,,
2023-11-01,11:24:56.05 AM,0m 33.7s,33.7,33.8026539493186,-117.4660437148154,16.0,16.0,16.0,1280,72.0,4.905992,5.061617,-3.579104,0,-3.35541,1.342164,0,0,-0.1,-1.3,1.3,-136.2,223.8,218.6,Tripod,Other,,20,5,True,,True,False,,Smart,RC,False,True,False,,,True,,False,False,False,False,False,False,False,False,False,False,0,Follow Yaw,-88.9,0,-144.4,215.6,False,False,False,False,False,,0,0,False,False,No Card,100,100,1024,1328,1149,1024,2,False,False,False,False,False,0,False,False,False,False,98,,47.82,,9842,,10044,,47.82,,True,3.988,3.988,3.988,3.988,3.988,3.988,3.988,3.988,3.988,3.988,3.988,3.988,0,,False,False,True,,,,,,,,,,,,,,,False,False,19.614,,77.9,,75.7,,77.9,,1800,39,1,14,7,145168.5,19355.81,,Idle,,20,,10,,,20,Go Home,False,False,False,False,False,False,False,False,False,False,False,False,33.8027920380556,-117.4659261431046,61.7,2972.0,1049.4,396.9,True,1,1,False,False,False,False,,True,False,False,Course Lock,196.8,67,16.4,93,E,SW,4.92,4.92,Calm,False,False,Android,7.0.2,M300 RTK,1ZN7L4R0H1D00F,1W9DL31001461C,1ZMLH8300204F0,1Z6PH74DAP0QN7,"Corona, CA",728.3,5.7,137.7,8.547347,2.013246,0,0,DJI Matrice 300 RTK,M300 RTK,1ZN7L4R0H1D00F,1W9DL31001461C,1ZMLH8300204F0,1Z6PH74DAP0QN7,DJI Pilot,Android,7.0.2,1EF72A62-B7C3-C88D-164E-CE6F8C8424AE,1ZN7L4R0H1D00F,1W9DL31001461C,,1ZMLH8300204F0,1W9DL31001461C,,,,,
2023-11-01,11:24:56.16 AM,0m 33.8s,33.8,33.8026524136469,-117.4660453641391,16.0,16.0,16.0,1280,72.7,4.905992,5.061617,-3.579104,0,-3.35541,1.342164,0,0,-0.1,-1.1,1.1,-136.2,223.8,221.7,Tripod,Other,,20,5,True,,True,False,,Smart,RC,False,True,False,,,True,,False,False,False,False,False,False,False,False,False,False,0,Follow Yaw,-88.9,0,-144.4,215.6,False,False,False,False,False,,0,0,False,False,No Card,100,100,1024,1333,1146,1024,2,False,False,False,False,False,0,False,False,False,False,98,,47.82,,9842,,10044,,47.82,,True,3.988,3.988,3.988,3.988,3.988,3.988,3.988,3.988,3.988,3.988,3.988,3.988,0,,False,False,True,,,,,,,,,,,,,,,False,False,19.614,,77.9,,75.7,,77.9,,1800,39,1,14,7,145168.5,19355.81,,Idle,,20,,10,,,20,Go Home,False,False,False,False,False,False,False,False,False,False,False,False,33.8027920380556,-117.4659261431046,62.4,2972.0,1049.4,396.9,True,1,1,False,False,False,False,,True,False,False,Course Lock,196.8,67,16.4,93,E,SW,4.92,4.92,Calm,False,False,Android,7.0.2,M300 RTK,1ZN7L4R0H1D00F,1W9DL31001461C,1ZMLH8300204F0,1Z6PH74DAP0QN7,"Corona, CA",728.3,5.7,137.7,8.547347,2.013246,0,0,DJI Matrice 300 RTK,M300 RTK,1ZN7L4R0H1D00F,1W9DL31001461C,1ZMLH8300204F0,1Z6PH74DAP0QN7,DJI Pilot,Android,7.0.2,1EF72A62-B7C3-C88D-164E-CE6F8C8424AE,1ZN7L4R0H1D00F,1W9DL31001461C,,1ZMLH8300204F0,1W9DL31001461C,,,,,
2023-11-01,11:24:56.26 AM,0m 33.9s,33.9,33.8026509536349,-117.4660470174211,16.0,16.0,16.0,1280,73.5,4.905992,5.061617,-3.579104,0,-3.35541,1.342164,0,0,0,-1.1,1.1,-136.3,223.7,223.2,Tripod,Other,,20,5,True,,True,False,,Smart,RC,False,True,False,,,True,,False,False,False,False,False,False,False,False,False,False,0,Follow Yaw,-88.9,0,-144.4,215.6,False,False,False,False,False,,0,0,False,False,No Card,100,100,1024,1336,1142,1024,2,False,False,False,False,False,0,False,False,False,False,98,,47.844,,4886,,4986,,47.844,,True,3.988,3.988,3.988,3.988,3.988,3.988,3.988,3.988,3.988,3.988,3.988,3.988,0,,False,False,True,,,,,,,,,,,,,,,False,False,9.64,,77.1,,75.7,,77.9,,1800,39,1,14,7,145168.5,19355.81,,Idle,,20,,10,,,20,Go Home,False,False,False,False,False,False,False,False,False,False,False,False,33.8027920380556,-117.4659261431046,63.1,2972.0,1049.4,396.9,True,1,1,False,False,False,False,,True,False,False,Course Lock,196.8,67,16.4,93,E,SW,4.92,4.92,Calm,False,False,Android,7.0.2,M300 RTK,1ZN7L4R0H1D00F,1W9DL31001461C,1ZMLH8300204F0,1Z6PH74DAP0QN7,"Corona, CA",728.3,5.7,137.7,8.547347,2.013246,0,0,DJI Matrice 300 RTK,M300 RTK,1ZN7L4R0H1D00F,1W9DL31001461C,1ZMLH8300204F0,1Z6PH74DAP0QN7,DJI Pilot,Android,7.0.2,1EF72A62-B7C3-C88D-164E-CE6F8C8424AE,1ZN7L4R0H1D00F,1W9DL31001461C,,1ZMLH8300204F0,1W9DL31001461C,,,,,
2023-11-01,11:24:56.37 AM,0m 34.0s,34.0,33.8026494294766,-117.4660486799394,16.0,16.0,16.0,1280,74.2,4.905992,5.061617,-3.579104,0,-3.35541,1.342164,0,0,0,-1.2,1.2,-136.3,223.7,222.1,Tripod,Other,,20,5,True,,True,False,,Smart,RC,False,True,False,,,True,,False,False,False,False,False,False,False,False,False,False,0,Follow Yaw,-88.9,0,-144.4,215.6,False,False,False,False,False,,0,0,False,False,No Card,100,100,1024,1336,1138,1024,2,False,False,False,False,False,0,False,False,False,False,98,,47.856,,9842,,10044,,47.856,,True,3.988,3.988,3.988,3.988,3.988,3.988,3.988,3.988,3.988,3.988,3.988,3.988,0,,False,False,True,,,,,,,,,,,,,,,False,False,19.51,,78.0,,75.7,,78.0,,1800,39,1,14,7,145168.5,19355.81,,Idle,,20,,10,,,20,Go Home,False,False,False,False,False,False,False,False,False,False,False,False,33.8027920380556,-117.4659261431046,63.9,2972.0,1049.4,396.9,True,1,1,False,False,False,False,,True,False,False,Course Lock,196.8,67,16.4,93,E,SW,4.92,4.92,Calm,False,False,Android,7.0.2,M300 RTK,1ZN7L4R0H1D00F,1W9DL31001461C,1ZMLH8300204F0,1Z6PH74DAP0QN7,"Corona, CA",728.3,5.7,137.7,8.547347,2.013246,0,0,DJI Matrice 300 RTK,M300 RTK,1ZN7L4R0H1D00F,1W9DL31001461C,1ZMLH8300204F0,1Z6PH74DAP0QN7,DJI Pilot,Android,7.0.2,1EF72A62-B7C3-C88D-164E-CE6F8C8424AE,1ZN7L4R0H1D00F,1W9DL31001461C,,1ZMLH8300204F0,1W9DL31001461C,,,,,
2023-11-01,11:24:56.47 AM,0m 34.1s,34.1,33.802647811018,-117.4660503701663,16.0,16.0,16.0,1280,75.0,4.905992,5.061617,-3.579104,0,-3.35541,1.342164,0,0,0,-1.3,1.3,-136.3,223.7,220.9,Tripod,Other,,20,5,True,,True,False,,Smart,RC,False,True,False,,,True,,False,False,False,False,False,False,False,False,False,False,0,Follow Yaw,-88.9,0,-144.4,215.6,False,False,False,False,False,,0,0,False,False,No Card,100,100,1024,1334,1139,1024,2,False,False,False,False,False,0,False,False,False,False,98,,47.856,,9842,,10044,,47.856,,True,3.988,3.988,3.988,3.988,3.988,3.988,3.988,3.988,3.988,3.988,3.988,3.988,0,,False,False,True,,,,,,,,,,,,,,,False,False,19.51,,78.0,,75.7,,78.0,,1800,39,1,14,7,145168.5,19355.81,,Idle,,20,,10,,,20,Go Home,False,False,False,False,False,False,False,False,False,False,False,False,33.8027920380556,-117.4659261431046,64.7,2972.0,1049.4,396.9,True,1,1,False,False,False,False,,True,False,False,Course Lock,196.8,67,16.4,93,E,SW,4.92,4.92,Calm,False,False,Android,7.0.2,M300 RTK,1ZN7L4R0H1D00F,1W9DL31001461C,1ZMLH8300204F0,1Z6PH74DAP0QN7,"Corona, CA",728.3,5.7,137.7,8.547347,2.013246,0,0,DJI Matrice 300 RTK,M300 RTK,1ZN7L4R0H1D00F,1W9DL31001461C,1ZMLH8300204F0,1Z6PH74DAP0QN7,DJI Pilot,Android,7.0.2,1EF72A62-B7C3-C88D-164E-CE6F8C8424AE,1ZN7L4R0H1D00F,1W9DL31001461C,,1ZMLH8300204F0,1W9DL31001461C,,,,,
2023-11-01,11:24:56.57 AM,0m 34.2s,34.2,33.8026462802806,-117.4660520326845,16.0,16.0,16.0,1280,75.7,4.905992,5.061617,-3.579104,0,-3.35541,1.342164,0,0,-0.3,-1.4,1.4,-136.4,223.6,222.0,Tripod,Other,,20,5,True,,True,False,,Smart,RC,False,True,False,,,True,,False,False,False,False,False,False,False,False,False,False,0,Follow Yaw,-88.9,0,-144.4,215.6,False,False,False,False,False,,0,0,False,False,No Card,100,100,1024,1334,1143,1024,2,False,False,False,False,False,0,False,False,False,False,98,,47.856,,9842,,10044,,47.856,,True,3.988,3.988,3.988,3.988,3.988,3.988,3.988,3.988,3.988,3.988,3.988,3.988,0,,False,False,True,,,,,,,,,,,,,,,False,False,19.51,,78.0,,75.7,,78.0,,1800,39,1,14,7,145168.5,19355.81,,Idle,,20,,10,,,20,Go Home,False,False,False,False,False,False,False,False,False,False,False,False,33.8027920380556,-117.4659261431046,65.4,2972.0,1049.4,396.9,True,1,1,False,False,False,False,,True,False,False,Course Lock,196.8,67,16.4,93,E,SW,4.92,4.92,Calm,False,False,Android,7.0.2,M300 RTK,1ZN7L4R0H1D00F,1W9DL31001461C,1ZMLH8300204F0,1Z6PH74DAP0QN7,"Corona, CA",728.3,5.7,137.7,8.547347,2.013246,0,0,DJI Matrice 300 RTK,M300 RTK,1ZN7L4R0H1D00F,1W9DL31001461C,1ZMLH8300204F0,1Z6PH74DAP0QN7,DJI Pilot,Android,7.0.2,1EF72A62-B7C3-C88D-164E-CE6F8C8424AE,1ZN7L4R0H1D00F,1W9DL31001461C,,1ZMLH8300204F0,1W9DL31001461C,,,,,
2023-11-01,11:24:56.67 AM,0m 34.3s,34.3,33.8026448526158,-117.4660536760706,16.0,16.0,16.0,1280,76.5,4.905992,5.061617,-3.579104,0,-3.35541,1.342164,0,0,-0.3,-1.5,1.5,-136.5,223.5,223.7,Tripod,Other,,20,5,True,,True,False,,Smart,RC,False,True,False,,,True,,False,False,False,False,False,False,False,False,False,False,0,Follow Yaw,-88.9,0,-144.4,215.6,False,False,False,False,False,,0,0,False,False,No Card,100,100,1024,1337,1146,1024,2,False,False,False,False,False,0,False,False,False,False,98,,47.856,,9842,,10044,,47.856,,True,3.991,3.991,3.991,3.991,3.991,3.991,3.991,3.991,3.991,3.991,3.991,3.991,0,,False,False,True,,,,,,,,,,,,,,,False,False,19.51,,78.0,,75.7,,78.0,,1804,39,1,14,7,145255.2,19367.36,,Idle,,20,,10,,,20,Go Home,False,False,False,False,False,False,False,False,False,False,False,False,33.8027920380556,-117.4659261431046,66.1,2972.0,1049.4,396.9,True,1,1,False,False,False,False,,True,False,False,Course Lock,196.8,67,16.4,93,E,SW,5.14,5.14,Calm,False,False,Android,7.0.2,M300 RTK,1ZN7L4R0H1D00F,1W9DL31001461C,1ZMLH8300204F0,1Z6PH74DAP0QN7,"Corona, CA",728.3,5.7,137.7,8.547347,2.013246,0,0,DJI Matrice 300 RTK,M300 RTK,1ZN7L4R0H1D00F,1W9DL31001461C,1ZMLH8300204F0,1Z6PH74DAP0QN7,DJI Pilot,Android,7.0.2,1EF72A62-B7C3-C88D-164E-CE6F8C8424AE,1ZN7L4R0H1D00F,1W9DL31001461C,,1ZMLH8300204F0,1W9DL31001461C,,,,,
2023-11-01,11:24:56.74 AM,0m 34.4s,34.4,33.8026433279093,-117.4660553524432,16.0,16.0,15.7,1280,77.2,4.905992,5.061617,-3.579104,0,-3.35541,1.342164,0,0,-0.3,-1.6,1.6,-136.5,223.5,222.4,Tripod,Other,,20,5,True,,True,False,,Smart,RC,False,True,False,,,True,,False,False,False,False,False,False,False,False,False,False,0,Follow Yaw,-88.9,0,-144.4,215.6,False,False,False,False,False,,0,0,False,False,No Card,100,100,1024,1337,1146,1024,2,False,False,False,False,False,0,False,False,False,False,98,,47.856,,9842,,10044,,47.856,,True,3.991,3.991,3.991,3.991,3.991,3.991,3.991,3.991,3.991,3.991,3.991,3.991,0,,False,False,True,,,,,,,,,,,,,,,False,False,19.51,,78.0,,75.7,,78.0,,1804,39,1,14,7,145255.2,19367.36,,Idle,,20,,10,,,20,Go Home,False,False,False,False,False,False,False,False,False,False,False,False,33.8027920380556,-117.4659261431046,66.9,2972.0,1049.4,396.9,True,1,1,False,False,False,False,,True,False,False,Course Lock,196.8,67,16.4,93,E,SW,5.14,5.14,Calm,False,False,Android,7.0.2,M300 RTK,1ZN7L4R0H1D00F,1W9DL31001461C,1ZMLH8300204F0,1Z6PH74DAP0QN7,"Corona, CA",728.3,5.7,137.7,8.547347,2.013246,0,0,DJI Matrice 300 RTK,M300 RTK,1ZN7L4R0H1D00F,1W9DL31001461C,1ZMLH8300204F0,1Z6PH74DAP0QN7,DJI Pilot,Android,7.0.2,1EF72A62-B7C3-C88D-164E-CE6F8C8424AE,1ZN7L4R0H1D00F,1W9DL31001461C,,1ZMLH8300204F0,1W9DL31001461C,,,,,
2023-11-01,11:24:56.84 AM,0m 34.5s,34.5,33.8026418744764,-117.4660571561435,16.0,16.0,15.7,1280,78.0,4.905992,5.061617,-3.579104,0,-3.35541,1.342164,0,0,-0.3,-1.8,1.8,-136.5,223.5,225.8,Tripod,Other,,20,5,True,,True,False,,Smart,RC,False,True,False,,,True,,False,False,False,False,False,False,False,False,False,False,0,Follow Yaw,-88.9,0,-144.4,215.6,False,False,False,False,False,,0,0,False,False,No Card,100,100,1024,1337,1147,1024,2,False,False,False,False,False,0,False,False,False,False,98,,47.856,,9842,,10044,,47.856,,True,3.991,3.991,3.991,3.991,3.991,3.991,3.991,3.991,3.991,3.991,3.991,3.991,0,,False,False,True,,,,,,,,,,,,,,,False,False,19.51,,78.0,,75.7,,78.0,,1804,39,1,14,7,145255.2,19367.36,,Idle,,20,,10,,,20,Go Home,False,False,False,False,False,False,False,False,False,False,False,False,33.8027920380556,-117.4659261431046,67.6,2972.0,1049.4,396.9,True,1,1,False,False,False,False,,True,False,False,Course Lock,196.8,67,16.4,93,E,SW,5.14,5.14,Calm,False,False,Android,7.0.2,M300 RTK,1ZN7L4R0H1D00F,1W9DL31001461C,1ZMLH8300204F0,1Z6PH74DAP0QN7,"Corona, CA",728.3,5.7,137.7,8.547347,2.013246,0,0,DJI Matrice 300 RTK,M300 RTK,1ZN7L4R0H1D00F,1W9DL31001461C,1ZMLH8300204F0,1Z6PH74DAP0QN7,DJI Pilot,Android,7.0.2,1EF72A62-B7C3-C88D-164E-CE6F8C8424AE,1ZN7L4R0H1D00F,1W9DL31001461C,,1ZMLH8300204F0,1W9DL31001461C,,,,,
2023-11-01,11:24:56.94 AM,0m 34.6s,34.6,33.802640339353,-117.4660588608845,16.0,16.0,16.0,1280,78.7,4.905992,5.061617,-3.579104,0,-3.35541,1.342164,0,0,-0.3,-1.8,1.8,-136.4,223.6,222.6,Tripod,Other,,20,5,True,,True,False,,Smart,RC,False,True,False,,,True,,False,False,False,False,False,False,False,False,False,False,0,Follow Yaw,-88.9,0,-144.4,215.6,False,False,False,False,False,,0,0,False,False,No Card,100,100,1024,1358,1149,1024,2,False,False,False,False,False,0,False,False,False,False,98,,47.856,,9842,,10044,,47.856,,True,3.991,3.991,3.991,3.991,3.991,3.991,3.991,3.991,3.991,3.991,3.991,3.991,0,,False,False,True,,,,,,,,,,,,,,,False,False,19.51,,78.0,,75.7,,78.0,,1804,39,1,14,7,145255.2,19367.36,,Idle,,20,,10,,,20,Go Home,False,False,False,False,False,False,False,False,False,False,False,False,33.8027920380556,-117.4659261431046,68.4,2972.0,1049.4,396.9,True,1,1,False,False,False,False,,True,False,False,Course Lock,196.8,67,16.4,93,E,SW,5.14,5.14,Calm,False,False,Android,7.0.2,M300 RTK,1ZN7L4R0H1D00F,1W9DL31001461C,1ZMLH8300204F0,1Z6PH74DAP0QN7,"Corona, CA",728.3,5.7,137.7,8.547347,2.013246,0,0,DJI Matrice 300 RTK,M300 RTK,1ZN7L4R0H1D00F,1W9DL31001461C,1ZMLH8300204F0,1Z6PH74DAP0QN7,DJI Pilot,Android,7.0.2,1EF72A62-B7C3-C88D-164E-CE6F8C8424AE,1ZN7L4R0H1D00F,1W9DL31001461C,,1ZMLH8300204F0,1W9DL31001461C,,,,,
2023-11-01,11:24:57.04 AM,0m 34.7s,34.7,33.8026386764854,-117.4660604745828,16.0,16.0,15.7,1280,79.5,4.905992,5.061617,-3.579104,0,-3.35541,1.342164,0,0,-0.3,-1.8,1.8,-136.4,223.6,218.8,Tripod,Other,,20,5,True,,True,False,,Smart,RC,False,True,False,,,True,,False,False,False,False,False,False,False,False,False,False,0,Follow Yaw,-88.9,0,-144.4,215.6,False,False,False,False,False,,0,0,False,False,No Card,100,100,1024,1371,1148,1024,2,False,False,False,False,False,0,False,False,False,False,98,,47.856,,9842,,10044,,47.856,,True,3.991,3.991,3.991,3.991,3.991,3.991,3.991,3.991,3.991,3.991,3.991,3.991,0,,False,False,True,,,,,,,,,,,,,,,False,False,19.51,,78.0,,75.7,,78.0,,1804,39,1,14,7,145255.2,19367.36,,Idle,,20,,10,,,20,Go Home,False,False,False,False,False,False,False,False,False,False,False,False,33.8027920380556,-117.4659261431046,69.1,2972.0,1049.4,396.9,True,1,1,False,False,False,False,,True,False,False,Course Lock,196.8,67,16.4,93,E,SW,5.14,5.14,Calm,False,False,Android,7.0.2,M300 RTK,1ZN7L4R0H1D00F,1W9DL31001461C,1ZMLH8300204F0,1Z6PH74DAP0QN7,"Corona, CA",728.3,5.7,137.7,8.547347,2.013246,0,0,DJI Matrice 300 RTK,M300 RTK,1ZN7L4R0H1D00F,1W9DL31001461C,1ZMLH8300204F0,1Z6PH74DAP0QN7,DJI Pilot,Android,7.0.2,1EF72A62-B7C3-C88D-164E-CE6F8C8424AE,1ZN7L4R0H1D00F,1W9DL31001461C,,1ZMLH8300204F0,1W9DL31001461C,,,,,
2023-11-01,11:24:57.14 AM,0m 34.8s,34.8,33.8026371035322,-117.4660621879002,16.0,16.0,15.7,1280,80.3,4.905992,5.061617,-3.579104,0,-3.35541,1.342164,0,0,-0.3,-1.8,1.8,-136.3,223.7,222.1,Tripod,Other,,20,5,True,,True,False,,Smart,RC,False,True,False,,,True,,False,False,False,False,False,False,False,False,False,False,0,Follow Yaw,-88.9,0,-144.4,215.6,False,False,False,False,False,,0,0,False,False,No Card,100,100,1024,1377,1148,1024,2,False,False,False,False,False,0,False,False,False,False,98,,47.856,,9842,,10044,,47.856,,True,3.991,3.991,3.991,3.991,3.991,3.991,3.991,3.991,3.991,3.991,3.991,3.991,0,,False,False,True,,,,,,,,,,,,,,,False,False,19.51,,78.0,,75.7,,78.0,,1804,39,1,14,7,145255.2,19367.36,,Idle,,20,,10,,,20,Go Home,False,False,False,False,False,False,False,False,False,False,False,False,33.8027920380556,-117.4659261431046,69.9,2972.0,1049.4,396.9,True,1,1,False,False,False,False,,True,False,False,Course Lock,196.8,67,16.4,93,E,SW,5.14,5.14,Calm,False,False,Android,7.0.2,M300 RTK,1ZN7L4R0H1D00F,1W9DL31001461C,1ZMLH8300204F0,1Z6PH74DAP0QN7,"Corona, CA",728.3,5.7,137.7,8.547347,2.013246,0,0,DJI Matrice 300 RTK,M300 RTK,1ZN7L4R0H1D00F,1W9DL31001461C,1ZMLH8300204F0,1Z6PH74DAP0QN7,DJI Pilot,Android,7.0.2,1EF72A62-B7C3-C88D-164E-CE6F8C8424AE,1ZN7L4R0H1D00F,1W9DL31001461C,,1ZMLH8300204F0,1W9DL31001461C,,,,,
2023-11-01,11:24:57.24 AM,0m 34.9s,34.9,33.8026356210415,-117.4660639718087,16.0,16.0,15.7,1280,81.1,5.071493,5.071493,-3.802798,0,-3.35541,1.342164,0,0,-0.4,-1.7,1.7,-136.3,223.7,224.9,Tripod,Other,,20,5,True,,True,False,,Smart,RC,False,True,False,,,True,,False,False,False,False,False,False,False,False,False,False,0,Follow Yaw,-88.9,0,-144.4,215.6,False,False,False,False,False,,0,0,False,False,No Card,100,100,1024,1374,1156,1024,2,False,False,False,False,False,0,False,False,False,False,98,,47.856,,9842,,10044,,47.856,,True,3.991,3.991,3.991,3.991,3.991,3.991,3.991,3.991,3.991,3.991,3.991,3.991,0,,False,False,True,,,,,,,,,,,,,,,False,False,19.51,,78.0,,75.7,,78.0,,1804,39,1,14,7,145255.2,19367.36,,Idle,,20,,10,,,20,Go Home,False,False,False,False,False,False,False,False,False,False,False,False,33.8027920380556,-117.4659261431046,70.7,2972.0,1049.4,396.9,True,1,1,False,False,False,False,,True,False,False,Course Lock,196.8,67,16.4,93,E,SW,5.14,5.14,Calm,False,False,Android,7.0.2,M300 RTK,1ZN7L4R0H1D00F,1W9DL31001461C,1ZMLH8300204F0,1Z6PH74DAP0QN7,"Corona, CA",728.3,5.7,137.7,8.547347,2.013246,0,0,DJI Matrice 300 RTK,M300 RTK,1ZN7L4R0H1D00F,1W9DL31001461C,1ZMLH8300204F0,1Z6PH74DAP0QN7,DJI Pilot,Android,7.0.2,1EF72A62-B7C3-C88D-164E-CE6F8C8424AE,1ZN7L4R0H1D00F,1W9DL31001461C,,1ZMLH8300204F0,1W9DL31001461C,,,,,
2023-11-01,11:24:57.34 AM,0m 35.0s,35.0,33.8026340343818,-117.4660657095362,16.0,16.0,15.7,1280,81.8,5.222189,5.222189,-3.802798,0,-3.579104,1.342164,0,0,-0.5,-1.7,1.7,-136.3,223.7,222.3,Tripod,Other,,20,5,True,,True,False,,Smart,RC,False,True,False,,,True,,False,False,False,False,False,False,False,False,False,False,0,Follow Yaw,-88.9,0,-144.4,215.6,False,False,False,False,False,,0,0,False,False,No Card,100,100,1024,1367,1160,1024,2,False,False,False,False,False,0,False,False,False,False,98,,47.76,,9842,,10044,,47.76,,True,3.991,3.991,3.991,3.991,3.991,3.991,3.991,3.991,3.991,3.991,3.991,3.991,0,,False,False,True,,,,,,,,,,,,,,,False,False,18.788,,78.0,,75.7,,78.0,,1804,39,1,14,7,145255.2,19367.36,,Idle,,20,,10,,,20,Go Home,False,False,False,False,False,False,False,False,False,False,False,False,33.8027920380556,-117.4659261431046,71.5,2972.0,1049.4,396.9,True,1,1,False,False,False,False,,True,False,False,Course Lock,196.8,67,16.4,93,E,SW,5.14,5.14,Calm,False,False,Android,7.0.2,M300 RTK,1ZN7L4R0H1D00F,1W9DL31001461C,1ZMLH8300204F0,1Z6PH74DAP0QN7,"Corona, CA",728.3,5.7,137.7,8.547347,2.013246,0,0,DJI Matrice 300 RTK,M300 RTK,1ZN7L4R0H1D00F,1W9DL31001461C,1ZMLH8300204F0,1Z6PH74DAP0QN7,DJI Pilot,Android,7.0.2,1EF72A62-B7C3-C88D-164E-CE6F8C8424AE,1ZN7L4R0H1D00F,1W9DL31001461C,,1ZMLH8300204F0,1W9DL31001461C,,,,,
2023-11-01,11:24:57.44 AM,0m 35.1s,35.1,33.8026325710803,-117.4660674499025,16.4,16.4,15.7,1280,82.6,5.222189,5.222189,-3.802798,0,-3.579104,1.342164,0,0,-0.6,-1.7,1.8,-136.3,223.7,224.6,Tripod,Other,,20,5,True,,True,False,,Smart,RC,False,True,False,,,True,,False,False,False,False,False,False,False,False,False,False,0,Follow Yaw,-88.9,0,-144.4,215.6,False,False,False,False,False,,0,0,False,False,No Card,100,100,1024,1364,1160,1024,2,False,False,False,False,False,0,False,False,False,False,98,,47.76,,9842,,10044,,47.76,,True,3.991,3.991,3.991,3.991,3.991,3.991,3.991,3.991,3.991,3.991,3.991,3.991,0,,False,False,True,,,,,,,,,,,,,,,False,False,18.788,,78.0,,75.7,,78.0,,1804,39,1,14,7,145255.2,19367.36,,Idle,,20,,10,,,20,Go Home,False,False,False,False,False,False,False,False,False,False,False,False,33.8027920380556,-117.4659261431046,72.2,2972.0,1049.4,396.9,True,1,1,False,False,False,False,,True,False,False,Course Lock,196.8,67,16.4,93,E,SW,5.14,5.14,Calm,False,False,Android,7.0.2,M300 RTK,1ZN7L4R0H1D00F,1W9DL31001461C,1ZMLH8300204F0,1Z6PH74DAP0QN7,"Corona, CA",728.3,5.7,137.7,8.547347,2.013246,0,0,DJI Matrice 300 RTK,M300 RTK,1ZN7L4R0H1D00F,1W9DL31001461C,1ZMLH8300204F0,1Z6PH74DAP0QN7,DJI Pilot,Android,7.0.2,1EF72A62-B7C3-C88D-164E-CE6F8C8424AE,1ZN7L4R0H1D00F,1W9DL31001461C,,1ZMLH8300204F0,1W9DL31001461C,,,,,
2023-11-01,11:24:57.54 AM,0m 35.2s,35.2,33.8026309707141,-117.4660692153386,16.4,16.4,15.7,1280,83.4,5.222189,5.222189,-3.802798,0,-3.579104,1.342164,0,0,-0.5,-1.7,1.7,-136.4,223.6,222.5,Tripod,Other,,20,5,True,,True,False,,Smart,RC,False,True,False,,,True,,False,False,False,False,False,False,False,False,False,False,0,Follow Yaw,-88.9,0,-144.4,215.6,False,False,False,False,False,,0,0,False,False,No Card,100,100,1024,1364,1160,1024,2,False,False,False,False,False,0,False,False,False,False,98,,47.76,,9842,,10044,,47.76,,True,3.991,3.991,3.991,3.991,3.991,3.991,3.991,3.991,3.991,3.991,3.991,3.991,0,,False,False,True,,,,,,,,,,,,,,,False,False,18.788,,78.0,,75.7,,78.0,,1804,39,1,14,7,145255.2,19367.36,,Idle,,20,,10,,,20,Go Home,False,False,False,False,False,False,False,False,False,False,False,False,33.8027920380556,-117.4659261431046,73.0,2972.0,1049.4,396.9,True,1,1,False,False,False,False,,True,False,False,Course Lock,196.8,67,16.4,93,E,SW,5.14,5.14,Calm,False,False,Android,7.0.2,M300 RTK,1ZN7L4R0H1D00F,1W9DL31001461C,1ZMLH8300204F0,1Z6PH74DAP0QN7,"Corona, CA",728.3,5.7,137.7,8.547347,2.013246,0,0,DJI Matrice 300 RTK,M300 RTK,1ZN7L4R0H1D00F,1W9DL31001461C,1ZMLH8300204F0,1Z6PH74DAP0QN7,DJI Pilot,Android,7.0.2,1EF72A62-B7C3-C88D-164E-CE6F8C8424AE,1ZN7L4R0H1D00F,1W9DL31001461C,,1ZMLH8300204F0,1W9DL31001461C,,,,,
2023-11-01,11:24:57.64 AM,0m 35.3s,35.3,33.8026293824096,-117.4660709293157,16.4,16.4,15.7,1280,84.2,5.222189,5.222189,-3.802798,0,-3.579104,1.342164,0,0,-0.3,-1.7,1.7,-136.4,223.6,221.8,Tripod,Other,,20,5,True,,True,False,,Smart,RC,False,True,False,,,True,,False,False,False,False,False,False,False,False,False,False,0,Follow Yaw,-88.9,0,-144.4,215.6,False,False,False,False,False,,0,0,False,False,No Card,100,100,1024,1364,1159,1024,2,False,False,False,False,False,0,False,False,False,False,98,,47.76,,9842,,10044,,47.76,,True,3.981,3.981,3.981,3.981,3.981,3.981,3.981,3.981,3.981,3.981,3.981,3.981,0,,False,False,True,,,,,,,,,,,,,,,False,False,18.788,,78.0,,75.7,,78.0,,1807,39,1,14,7,145303.6,19373.82,,Idle,,20,,10,,,20,Go Home,False,False,False,False,False,False,False,False,False,False,False,False,33.8027920380556,-117.4659261431046,73.8,2972.0,1049.4,396.9,True,1,1,False,False,False,False,,True,False,False,Course Lock,196.8,67,16.4,93,E,SW,5.14,5.14,Calm,False,False,Android,7.0.2,M300 RTK,1ZN7L4R0H1D00F,1W9DL31001461C,1ZMLH8300204F0,1Z6PH74DAP0QN7,"Corona, CA",728.3,5.7,137.7,8.547347,2.013246,0,0,DJI Matrice 300 RTK,M300 RTK,1ZN7L4R0H1D00F,1W9DL31001461C,1ZMLH8300204F0,1Z6PH74DAP0QN7,DJI Pilot,Android,7.0.2,1EF72A62-B7C3-C88D-164E-CE6F8C8424AE,1ZN7L4R0H1D00F,1W9DL31001461C,,1ZMLH8300204F0,1W9DL31001461C,,,,,
2023-11-01,11:24:57.74 AM,0m 35.4s,35.4,33.8026277595649,-117.4660727026686,16.4,16.4,15.7,1280,85.0,5.222189,5.222189,-3.802798,0,-3.579104,1.342164,0,0,-0.2,-1.6,1.6,-136.5,223.5,222.2,Tripod,Other,,20,5,True,,True,False,,Smart,RC,False,True,False,,,True,,False,False,False,False,False,False,False,False,False,False,0,Follow Yaw,-88.9,0,-144.4,215.6,False,False,False,False,False,,0,0,False,False,No Card,100,100,1024,1360,1158,1024,2,False,False,False,False,False,0,False,False,False,False,98,,47.76,,9842,,10044,,47.76,,True,3.981,3.981,3.981,3.981,3.981,3.981,3.981,3.981,3.981,3.981,3.981,3.981,0,,False,False,True,,,,,,,,,,,,,,,False,False,18.788,,78.0,,75.7,,78.0,,1807,39,1,14,7,145303.6,19373.82,,Idle,,20,,10,,,20,Go Home,False,False,False,False,False,False,False,False,False,False,False,False,33.8027920380556,-117.4659261431046,74.6,2972.0,1049.4,396.9,True,1,1,False,False,False,False,,True,False,False,Course Lock,196.8,67,16.4,93,E,SW,5.14,5.14,Calm,False,False,Android,7.0.2,M300 RTK,1ZN7L4R0H1D00F,1W9DL31001461C,1ZMLH8300204F0,1Z6PH74DAP0QN7,"Corona, CA",728.3,5.7,137.7,8.547347,2.013246,0,0,DJI Matrice 300 RTK,M300 RTK,1ZN7L4R0H1D00F,1W9DL31001461C,1ZMLH8300204F0,1Z6PH74DAP0QN7,DJI Pilot,Android,7.0.2,1EF72A62-B7C3-C88D-164E-CE6F8C8424AE,1ZN7L4R0H1D00F,1W9DL31001461C,,1ZMLH8300204F0,1W9DL31001461C,,,,,
2023-11-01,11:24:57.81 AM,0m 35.5s,35.5,33.8026260588675,-117.46607452814,16.4,16.4,15.7,1280,85.8,5.222189,5.222189,-3.802798,0,-3.579104,1.342164,0,0,-0.2,-1.7,1.7,-136.6,223.4,221.7,Tripod,Other,,20,5,True,,True,False,,Smart,RC,False,True,False,,,True,,False,False,False,False,False,False,False,False,False,False,0,Follow Yaw,-88.9,0,-144.4,215.6,False,False,False,False,False,,0,0,False,False,No Card,100,100,1024,1359,1157,1024,2,False,False,False,False,False,0,False,False,False,False,98,,47.76,,9842,,10044,,47.76,,True,3.981,3.981,3.981,3.981,3.981,3.981,3.981,3.981,3.981,3.981,3.981,3.981,0,,False,False,True,,,,,,,,,,,,,,,False,False,18.788,,78.0,,75.7,,78.0,,1807,39,1,14,7,145303.6,19373.82,,Idle,,20,,10,,,20,Go Home,False,False,False,False,False,False,False,False,False,False,False,False,33.8027920380556,-117.4659261431046,75.4,2972.0,1049.4,396.9,True,1,1,False,False,False,False,,True,False,False,Course Lock,196.8,67,16.4,93,E,SW,5.14,5.14,Calm,False,False,Android,7.0.2,M300 RTK,1ZN7L4R0H1D00F,1W9DL31001461C,1ZMLH8300204F0,1Z6PH74DAP0QN7,"Corona, CA",728.3,5.7,137.7,8.547347,2.013246,0,0,DJI Matrice 300 RTK,M300 RTK,1ZN7L4R0H1D00F,1W9DL31001461C,1ZMLH8300204F0,1Z6PH74DAP0QN7,DJI Pilot,Android,7.0.2,1EF72A62-B7C3-C88D-164E-CE6F8C8424AE,1ZN7L4R0H1D00F,1W9DL31001461C,,1ZMLH8300204F0,1W9DL31001461C,,,,,
2023-11-01,11:24:57.94 AM,0m 35.6s,35.6,33.8026244151889,-117.4660763094096,16.4,16.4,15.7,1280,86.6,5.222189,5.222189,-3.802798,0,-3.579104,1.342164,0,0,-0.3,-1.7,1.7,-136.6,223.4,222.0,Tripod,Other,,20,5,True,,True,False,,Smart,RC,False,True,False,,,True,,False,False,False,False,False,False,False,False,False,False,0,Follow Yaw,-88.9,0,-144.4,215.6,False,False,False,False,False,,0,0,False,False,No Card,100,100,1024,1353,1157,1024,2,False,False,False,False,False,0,False,False,False,False,98,,47.76,,9842,,10044,,47.76,,True,3.981,3.981,3.981,3.981,3.981,3.981,3.981,3.981,3.981,3.981,3.981,3.981,0,,False,False,True,,,,,,,,,,,,,,,False,False,18.788,,78.0,,75.7,,78.0,,1807,39,1,14,7,145303.6,19373.82,,Idle,,20,,10,,,20,Go Home,False,False,False,False,False,False,False,False,False,False,False,False,33.8027920380556,-117.4659261431046,76.2,2972.0,1049.4,396.9,True,1,1,False,False,False,False,,True,False,False,Course Lock,196.8,67,16.4,93,E,SW,5.14,5.14,Calm,False,False,Android,7.0.2,M300 RTK,1ZN7L4R0H1D00F,1W9DL31001461C,1ZMLH8300204F0,1Z6PH74DAP0QN7,"Corona, CA",728.3,5.7,137.7,8.547347,2.013246,0,0,DJI Matrice 300 RTK,M300 RTK,1ZN7L4R0H1D00F,1W9DL31001461C,1ZMLH8300204F0,1Z6PH74DAP0QN7,DJI Pilot,Android,7.0.2,1EF72A62-B7C3-C88D-164E-CE6F8C8424AE,1ZN7L4R0H1D00F,1W9DL31001461C,,1ZMLH8300204F0,1W9DL31001461C,,,,,
2023-11-01,11:24:58.04 AM,0m 35.7s,35.7,33.802622634994,-117.4660781962358,16.4,16.4,15.7,1280,87.5,5.222189,5.222189,-3.802798,0,-3.579104,1.342164,0,0,-0.3,-1.7,1.7,-136.6,223.4,221.3,Tripod,Other,,20,5,True,,True,False,,Smart,RC,False,True,False,,,True,,False,False,False,False,False,False,False,False,False,False,0,Follow Yaw,-88.9,0,-144.4,215.6,False,False,False,False,False,,0,0,False,False,No Card,100,100,1024,1355,1150,1024,2,False,False,False,False,False,0,False,False,False,False,98,,47.904,,4886,,4986,,47.904,,True,3.981,3.981,3.981,3.981,3.981,3.981,3.981,3.981,3.981,3.981,3.981,3.981,0,,False,False,True,,,,,,,,,,,,,,,False,False,9.038,,77.3,,75.7,,78.0,,1807,39,1,14,7,145303.6,19373.82,,Idle,,20,,10,,,20,Go Home,False,False,False,False,False,False,False,False,False,False,False,False,33.8027920380556,-117.4659261431046,77.0,2972.0,1049.4,396.9,True,1,1,False,False,False,False,,True,False,False,Course Lock,196.8,67,16.4,93,E,SW,5.14,5.14,Calm,False,False,Android,7.0.2,M300 RTK,1ZN7L4R0H1D00F,1W9DL31001461C,1ZMLH8300204F0,1Z6PH74DAP0QN7,"Corona, CA",728.3,5.7,137.7,8.547347,2.013246,0,0,DJI Matrice 300 RTK,M300 RTK,1ZN7L4R0H1D00F,1W9DL31001461C,1ZMLH8300204F0,1Z6PH74DAP0QN7,DJI Pilot,Android,7.0.2,1EF72A62-B7C3-C88D-164E-CE6F8C8424AE,1ZN7L4R0H1D00F,1W9DL31001461C,,1ZMLH8300204F0,1W9DL31001461C,,,,,
2023-11-01,11:24:58.14 AM,0m 35.8s,35.8,33.8026209660955,-117.4660800005959,16.4,16.4,15.4,1280,88.3,5.387264,5.387264,-4.026492,0,-3.579104,1.342164,0,0,-0.4,-1.7,1.7,-136.5,223.5,221.9,Tripod,Other,,20,5,True,,True,False,,Smart,RC,False,True,False,,,True,,False,False,False,False,False,False,False,False,False,False,0,Follow Yaw,-88.9,0,-144.4,215.6,False,False,False,False,False,,0,0,False,False,No Card,100,100,1024,1354,1150,1024,2,False,False,False,False,False,0,False,False,False,False,98,,47.904,,4886,,4986,,47.904,,True,3.981,3.981,3.981,3.981,3.981,3.981,3.981,3.981,3.981,3.981,3.981,3.981,0,,False,False,True,,,,,,,,,,,,,,,False,False,9.038,,77.3,,75.7,,78.0,,1807,39,1,14,7,145303.6,19373.82,,Idle,,20,,10,,,20,Go Home,False,False,False,False,False,False,False,False,False,False,False,False,33.8027920380556,-117.4659261431046,77.9,2972.0,1049.4,396.9,True,1,1,False,False,False,False,,True,False,False,Course Lock,196.8,67,16.4,93,E,SW,5.14,5.14,Calm,False,False,Android,7.0.2,M300 RTK,1ZN7L4R0H1D00F,1W9DL31001461C,1ZMLH8300204F0,1Z6PH74DAP0QN7,"Corona, CA",728.3,5.7,137.7,8.547347,2.013246,0,0,DJI Matrice 300 RTK,M300 RTK,1ZN7L4R0H1D00F,1W9DL31001461C,1ZMLH8300204F0,1Z6PH74DAP0QN7,DJI Pilot,Android,7.0.2,1EF72A62-B7C3-C88D-164E-CE6F8C8424AE,1ZN7L4R0H1D00F,1W9DL31001461C,,1ZMLH8300204F0,1W9DL31001461C,,,,,
2023-11-01,11:24:58.24 AM,0m 35.9s,35.9,33.8026192632051,-117.4660818280466,16.4,16.4,15.4,1280,89.1,5.387264,5.387264,-4.026492,0,-3.579104,1.342164,0,0,-0.3,-1.7,1.7,-136.5,223.5,221.7,Tripod,Other,,20,5,True,,True,False,,Smart,RC,False,True,False,,,True,,False,False,False,False,False,False,False,False,False,False,0,Follow Yaw,-88.9,0,-144.4,215.6,False,False,False,False,False,,0,0,False,False,No Card,100,100,1024,1351,1149,1024,2,False,False,False,False,False,0,False,False,False,False,98,,47.904,,4886,,4986,,47.904,,True,3.981,3.981,3.981,3.981,3.981,3.981,3.981,3.981,3.981,3.981,3.981,3.981,0,,False,False,True,,,,,,,,,,,,,,,False,False,9.038,,77.3,,75.7,,78.0,,1807,39,1,14,7,145303.6,19373.82,,Idle,,20,,10,,,20,Go Home,False,False,False,False,False,False,False,False,False,False,False,False,33.8027920380556,-117.4659261431046,78.7,2972.0,1049.4,396.9,True,1,1,False,False,False,False,,True,False,False,Course Lock,196.8,67,16.4,93,E,SW,5.14,5.14,Calm,False,False,Android,7.0.2,M300 RTK,1ZN7L4R0H1D00F,1W9DL31001461C,1ZMLH8300204F0,1Z6PH74DAP0QN7,"Corona, CA",728.3,5.7,137.7,8.547347,2.013246,0,0,DJI Matrice 300 RTK,M300 RTK,1ZN7L4R0H1D00F,1W9DL31001461C,1ZMLH8300204F0,1Z6PH74DAP0QN7,DJI Pilot,Android,7.0.2,1EF72A62-B7C3-C88D-164E-CE6F8C8424AE,1ZN7L4R0H1D00F,1W9DL31001461C,,1ZMLH8300204F0,1W9DL31001461C,,,,,
2023-11-01,11:24:58.32 AM,0m 36.0s,36.0,33.8026175778589,-117.4660836409831,16.4,16.4,15.4,1280,89.9,5.387264,5.387264,-4.026492,0,-3.579104,1.342164,0,0,-0.3,-1.6,1.6,-136.4,223.6,221.7,Tripod,Other,,20,5,True,,True,False,,Smart,RC,False,True,False,,,True,,False,False,False,False,False,False,False,False,False,False,0,Follow Yaw,-88.9,0,-144.4,215.6,False,False,False,False,False,,0,0,False,False,No Card,100,100,1024,1351,1152,1024,2,False,False,False,False,False,0,False,False,False,False,98,,47.928,,9842,,10044,,47.928,,True,3.981,3.981,3.981,3.981,3.981,3.981,3.981,3.981,3.981,3.981,3.981,3.981,0,,False,False,True,,,,,,,,,,,,,,,False,False,18.512,,78.2,,75.7,,78.2,,1807,39,1,14,7,145303.6,19373.82,,Idle,,20,,10,,,20,Go Home,False,False,False,False,False,False,False,False,False,False,False,False,33.8027920380556,-117.4659261431046,79.5,2972.0,1049.4,396.9,True,1,1,False,False,False,False,,True,False,False,Course Lock,196.8,67,16.4,93,E,SW,5.14,5.14,Calm,False,False,Android,7.0.2,M300 RTK,1ZN7L4R0H1D00F,1W9DL31001461C,1ZMLH8300204F0,1Z6PH74DAP0QN7,"Corona, CA",728.3,5.7,137.7,8.547347,2.013246,0,0,DJI Matrice 300 RTK,M300 RTK,1ZN7L4R0H1D00F,1W9DL31001461C,1ZMLH8300204F0,1Z6PH74DAP0QN7,DJI Pilot,Android,7.0.2,1EF72A62-B7C3-C88D-164E-CE6F8C8424AE,1ZN7L4R0H1D00F,1W9DL31001461C,,1ZMLH8300204F0,1W9DL31001461C,,,,,
2023-11-01,11:24:58.43 AM,0m 36.1s,36.1,33.8026159199256,-117.4660854690934,16.4,16.4,15.4,1280,90.8,5.387264,5.387264,-4.026492,0,-3.579104,1.342164,0,0,-0.3,-1.4,1.4,-136.4,223.6,222.4,Tripod,Other,,20,5,True,,True,False,,Smart,RC,False,True,False,,,True,,False,False,False,False,False,False,False,False,False,False,0,Follow Yaw,-88.9,0,-144.4,215.6,False,False,False,False,False,,0,0,False,False,No Card,100,100,1024,1351,1152,1024,2,False,False,False,False,False,0,False,False,False,False,98,,47.928,,9842,,10044,,47.928,,True,3.981,3.981,3.981,3.981,3.981,3.981,3.981,3.981,3.981,3.981,3.981,3.981,0,,False,False,True,,,,,,,,,,,,,,,False,False,18.512,,78.2,,75.7,,78.2,,1807,39,1,14,7,145303.6,19373.82,,Idle,,20,,10,,,20,Go Home,False,False,False,False,False,False,False,False,False,False,False,False,33.8027920380556,-117.4659261431046,80.3,2972.0,1049.4,396.9,True,1,1,False,False,False,False,,True,False,False,Course Lock,196.8,67,16.4,93,E,SW,5.14,5.14,Calm,False,False,Android,7.0.2,M300 RTK,1ZN7L4R0H1D00F,1W9DL31001461C,1ZMLH8300204F0,1Z6PH74DAP0QN7,"Corona, CA",728.3,5.7,137.7,8.547347,2.013246,0,0,DJI Matrice 300 RTK,M300 RTK,1ZN7L4R0H1D00F,1W9DL31001461C,1ZMLH8300204F0,1Z6PH74DAP0QN7,DJI Pilot,Android,7.0.2,1EF72A62-B7C3-C88D-164E-CE6F8C8424AE,1ZN7L4R0H1D00F,1W9DL31001461C,,1ZMLH8300204F0,1W9DL31001461C,,,,,
2023-11-01,11:24:58.53 AM,0m 36.2s,36.2,33.802614223066,-117.466087296544,16.4,16.4,15.4,1280,91.6,5.387264,5.387264,-4.026492,0,-3.579104,1.342164,0,0,-0.2,-1.3,1.3,-136.3,223.7,221.8,Tripod,Other,,20,5,True,,True,False,,Smart,RC,False,True,False,,,True,,False,False,False,False,False,False,False,False,False,False,0,Follow Yaw,-88.9,0,-144.4,215.6,False,False,False,False,False,,0,0,False,False,No Card,100,100,1024,1343,1164,1024,2,False,False,False,False,False,0,False,False,False,False,98,,47.928,,9842,,10044,,47.928,,True,3.981,3.981,3.981,3.981,3.981,3.981,3.981,3.981,3.981,3.981,3.981,3.981,0,,False,False,True,,,,,,,,,,,,,,,False,False,18.512,,78.2,,75.7,,78.2,,1807,39,1,14,7,145303.6,19373.82,,Idle,,20,,10,,,20,Go Home,False,False,False,False,False,False,False,False,False,False,False,False,33.8027920380556,-117.4659261431046,81.2,2972.0,1049.4,396.9,True,1,1,False,False,False,False,,True,False,False,Course Lock,196.8,67,16.4,93,E,SW,5.36,5.36,Calm,False,False,Android,7.0.2,M300 RTK,1ZN7L4R0H1D00F,1W9DL31001461C,1ZMLH8300204F0,1Z6PH74DAP0QN7,"Corona, CA",728.3,5.7,137.7,8.547347,2.013246,0,0,DJI Matrice 300 RTK,M300 RTK,1ZN7L4R0H1D00F,1W9DL31001461C,1ZMLH8300204F0,1Z6PH74DAP0QN7,DJI Pilot,Android,7.0.2,1EF72A62-B7C3-C88D-164E-CE6F8C8424AE,1ZN7L4R0H1D00F,1W9DL31001461C,,1ZMLH8300204F0,1W9DL31001461C,,,,,
2023-11-01,11:24:58.63 AM,0m 36.3s,36.3,33.8026124308094,-117.4660891187169,16.4,16.4,15.4,1280,92.4,5.387264,5.387264,-4.026492,0,-3.579104,1.342164,0,0,-0.2,-1.3,1.3,-136.2,223.8,220.1,Tripod,Other,,20,5,True,,True,False,,Smart,RC,False,True,False,,,True,,False,False,False,False,False,False,False,False,False,False,0,Follow Yaw,-88.9,0,-144.4,215.6,False,False,False,False,False,,0,0,False,False,No Card,100,100,1024,1340,1165,1024,2,False,False,False,False,False,0,False,False,False,False,98,,47.928,,9842,,10044,,47.928,,True,3.987,3.987,3.987,3.987,3.987,3.987,3.987,3.987,3.987,3.987,3.987,3.987,0,,False,False,True,,,,,,,,,,,,,,,False,False,18.512,,78.2,,75.7,,78.2,,1809,39,1,14,7,145048.9,19339.85,,Idle,,20,,10,,,20,Go Home,False,False,False,False,False,False,False,False,False,False,False,False,33.8027920380556,-117.4659261431046,82.0,2972.0,1049.4,396.9,True,1,1,False,False,False,False,,True,False,False,Course Lock,196.8,67,16.4,93,E,SW,5.36,5.36,Calm,False,False,Android,7.0.2,M300 RTK,1ZN7L4R0H1D00F,1W9DL31001461C,1ZMLH8300204F0,1Z6PH74DAP0QN7,"Corona, CA",728.3,5.7,137.7,8.547347,2.013246,0,0,DJI Matrice 300 RTK,M300 RTK,1ZN7L4R0H1D00F,1W9DL31001461C,1ZMLH8300204F0,1Z6PH74DAP0QN7,DJI Pilot,Android,7.0.2,1EF72A62-B7C3-C88D-164E-CE6F8C8424AE,1ZN7L4R0H1D00F,1W9DL31001461C,,1ZMLH8300204F0,1W9DL31001461C,,,,,
2023-11-01,11:24:58.73 AM,0m 36.4s,36.4,33.802610717502,-117.4660909659594,16.7,16.7,15.4,1280,93.3,5.538403,5.538403,-4.026492,0,-3.802798,1.342164,0,0,-0.1,-1.3,1.3,-136.2,223.8,221.8,Tripod,Other,,20,5,True,,True,False,,Smart,RC,False,True,False,,,True,,False,False,False,False,False,False,False,False,False,False,0,Follow Yaw,-88.9,0,-144.4,215.6,False,False,False,False,False,,0,0,False,False,No Card,100,100,1024,1340,1166,1024,2,False,False,False,False,False,0,False,False,False,False,98,,47.928,,9842,,10044,,47.928,,True,3.987,3.987,3.987,3.987,3.987,3.987,3.987,3.987,3.987,3.987,3.987,3.987,0,,False,False,True,,,,,,,,,,,,,,,False,False,18.512,,78.2,,75.7,,78.2,,1809,39,1,14,7,145048.9,19339.85,,Idle,,20,,10,,,20,Go Home,False,False,False,False,False,False,False,False,False,False,False,False,33.8027920380556,-117.4659261431046,82.8,2972.0,1049.4,396.9,True,1,1,False,False,False,False,,True,False,False,Course Lock,196.8,67,16.4,93,E,SW,5.36,5.36,Calm,False,False,Android,7.0.2,M300 RTK,1ZN7L4R0H1D00F,1W9DL31001461C,1ZMLH8300204F0,1Z6PH74DAP0QN7,"Corona, CA",728.3,5.7,137.7,8.547347,2.013246,0,0,DJI Matrice 300 RTK,M300 RTK,1ZN7L4R0H1D00F,1W9DL31001461C,1ZMLH8300204F0,1Z6PH74DAP0QN7,DJI Pilot,Android,7.0.2,1EF72A62-B7C3-C88D-164E-CE6F8C8424AE,1ZN7L4R0H1D00F,1W9DL31001461C,,1ZMLH8300204F0,1W9DL31001461C,,,,,
2023-11-01,11:24:58.84 AM,0m 36.5s,36.5,33.8026091324871,-117.4660929378908,16.7,16.7,15.4,1280,94.1,5.538403,5.538403,-4.026492,0,-3.802798,1.342164,0,0,0,-1.3,1.3,-136.2,223.8,225.9,Tripod,Other,,20,5,True,,True,False,,Smart,RC,False,True,False,,,True,,False,False,False,False,False,False,False,False,False,False,0,Follow Yaw,-88.9,0,-144.4,215.6,False,False,False,False,False,,0,0,False,False,No Card,100,100,1024,1342,1168,1024,2,False,False,False,False,False,0,False,False,False,False,98,,47.928,,9842,,10044,,47.928,,True,3.987,3.987,3.987,3.987,3.987,3.987,3.987,3.987,3.987,3.987,3.987,3.987,0,,False,False,True,,,,,,,,,,,,,,,False,False,18.512,,78.2,,75.7,,78.2,,1809,39,1,14,7,145048.9,19339.85,,Idle,,20,,10,,,20,Go Home,False,False,False,False,False,False,False,False,False,False,False,False,33.8027920380556,-117.4659261431046,83.7,2972.0,1049.4,396.9,True,1,1,False,False,False,False,,True,False,False,Course Lock,196.8,67,16.4,93,E,SW,5.36,5.36,Calm,False,False,Android,7.0.2,M300 RTK,1ZN7L4R0H1D00F,1W9DL31001461C,1ZMLH8300204F0,1Z6PH74DAP0QN7,"Corona, CA",728.3,5.7,137.7,8.547347,2.013246,0,0,DJI Matrice 300 RTK,M300 RTK,1ZN7L4R0H1D00F,1W9DL31001461C,1ZMLH8300204F0,1Z6PH74DAP0QN7,DJI Pilot,Android,7.0.2,1EF72A62-B7C3-C88D-164E-CE6F8C8424AE,1ZN7L4R0H1D00F,1W9DL31001461C,,1ZMLH8300204F0,1W9DL31001461C,,,,,
2023-11-01,11:24:58.94 AM,0m 36.6s,36.6,33.8026074202762,-117.4660948036056,16.7,16.7,15.4,1280,95.0,5.538403,5.538403,-4.026492,0,-3.802798,1.342164,0,0,0.2,-1.3,1.3,-136.3,223.7,222.1,Tripod,Other,,20,5,True,,True,False,,Smart,RC,False,True,False,,,True,,False,False,False,False,False,False,False,False,False,False,0,Follow Yaw,-88.9,0,-144.4,215.6,False,False,False,False,False,,0,0,False,False,No Card,100,100,1024,1339,1164,1071,2,False,False,False,False,False,0,False,False,False,False,98,,47.928,,9842,,10044,,47.928,,True,3.987,3.987,3.987,3.987,3.987,3.987,3.987,3.987,3.987,3.987,3.987,3.987,0,,False,False,True,,,,,,,,,,,,,,,False,False,18.512,,78.2,,75.7,,78.2,,1809,39,1,14,7,145048.9,19339.85,,Idle,,20,,10,,,20,Go Home,False,False,False,False,False,False,False,False,False,False,False,False,33.8027920380556,-117.4659261431046,84.5,2972.0,1049.4,396.9,True,1,1,False,False,False,False,,True,False,False,Course Lock,196.8,67,16.4,93,E,SW,5.36,5.36,Calm,False,False,Android,7.0.2,M300 RTK,1ZN7L4R0H1D00F,1W9DL31001461C,1ZMLH8300204F0,1Z6PH74DAP0QN7,"Corona, CA",728.3,5.7,137.7,8.547347,2.013246,0,0,DJI Matrice 300 RTK,M300 RTK,1ZN7L4R0H1D00F,1W9DL31001461C,1ZMLH8300204F0,1Z6PH74DAP0QN7,DJI Pilot,Android,7.0.2,1EF72A62-B7C3-C88D-164E-CE6F8C8424AE,1ZN7L4R0H1D00F,1W9DL31001461C,,1ZMLH8300204F0,1W9DL31001461C,,,,,
2023-11-01,11:24:59.04 AM,0m 36.7s,36.7,33.8026053752725,-117.466096729356,16.7,16.7,15.4,1280,95.9,5.538403,5.538403,-4.026492,0,-3.802798,1.342164,0,0,0.2,-1.2,1.2,-136.4,223.6,218.0,Tripod,Other,,20,5,True,,True,False,,Smart,RC,False,True,False,,,True,,False,False,False,False,False,False,False,False,False,False,0,Follow Yaw,-88.9,0,-144.4,215.6,False,False,False,False,False,,0,0,False,False,No Card,100,100,1024,1338,1164,1070,2,False,False,False,False,False,0,False,False,False,False,98,,47.928,,9842,,10044,,47.928,,True,3.987,3.987,3.987,3.987,3.987,3.987,3.987,3.987,3.987,3.987,3.987,3.987,0,,False,False,True,,,,,,,,,,,,,,,False,False,18.512,,78.2,,75.7,,78.2,,1809,39,1,14,7,145048.9,19339.85,,Idle,,20,,10,,,20,Go Home,False,False,False,False,False,False,False,False,False,False,False,False,33.8027920380556,-117.4659261431046,85.5,2972.0,1049.4,396.9,True,1,1,False,False,False,False,,True,False,False,Course Lock,196.8,67,16.4,93,E,SW,5.36,5.36,Calm,False,False,Android,7.0.2,M300 RTK,1ZN7L4R0H1D00F,1W9DL31001461C,1ZMLH8300204F0,1Z6PH74DAP0QN7,"Corona, CA",728.3,5.7,137.7,8.547347,2.013246,0,0,DJI Matrice 300 RTK,M300 RTK,1ZN7L4R0H1D00F,1W9DL31001461C,1ZMLH8300204F0,1Z6PH74DAP0QN7,DJI Pilot,Android,7.0.2,1EF72A62-B7C3-C88D-164E-CE6F8C8424AE,1ZN7L4R0H1D00F,1W9DL31001461C,,1ZMLH8300204F0,1W9DL31001461C,,,,,
2023-11-01,11:24:59.14 AM,0m 36.8s,36.8,33.8026036416796,-117.4660986056266,16.7,16.7,15.4,1280,96.8,5.538403,5.538403,-4.026492,0,-3.802798,1.342164,0,0,0,-1,1,-136.4,223.6,221.9,Tripod,Other,,20,5,True,,True,False,,Smart,RC,False,True,False,,,True,,False,False,False,False,False,False,False,False,False,False,0,Follow Yaw,-88.9,0,-144.4,215.6,False,False,False,False,False,,0,0,False,False,No Card,100,100,1024,1337,1165,1055,2,False,False,False,False,False,0,False,False,False,False,98,,47.928,,9842,,10044,,47.928,,True,3.987,3.987,3.987,3.987,3.987,3.987,3.987,3.987,3.987,3.987,3.987,3.987,0,,False,False,True,,,,,,,,,,,,,,,False,False,18.512,,78.2,,75.7,,78.2,,1809,39,1,14,7,145048.9,19339.85,,Idle,,20,,10,,,20,Go Home,False,False,False,False,False,False,False,False,False,False,False,False,33.8027920380556,-117.4659261431046,86.3,2972.0,1049.4,396.9,True,1,1,False,False,False,False,,True,False,False,Course Lock,196.8,67,16.4,93,E,SW,5.36,5.36,Calm,False,False,Android,7.0.2,M300 RTK,1ZN7L4R0H1D00F,1W9DL31001461C,1ZMLH8300204F0,1Z6PH74DAP0QN7,"Corona, CA",728.3,5.7,137.7,8.547347,2.013246,0,0,DJI Matrice 300 RTK,M300 RTK,1ZN7L4R0H1D00F,1W9DL31001461C,1ZMLH8300204F0,1Z6PH74DAP0QN7,DJI Pilot,Android,7.0.2,1EF72A62-B7C3-C88D-164E-CE6F8C8424AE,1ZN7L4R0H1D00F,1W9DL31001461C,,1ZMLH8300204F0,1W9DL31001461C,,,,,
2023-11-01,11:24:59.25 AM,0m 36.9s,36.9,33.8026020018388,-117.4661004588066,16.7,16.7,15.4,1280,97.6,5.538403,5.538403,-4.026492,0,-3.802798,1.342164,0,0,0,-1,1,-136.4,223.6,223.2,Tripod,Other,,20,5,True,,True,False,,Smart,RC,False,True,False,,,True,,False,False,False,False,False,False,False,False,False,False,0,Follow Yaw,-88.9,0,-144.3,215.7,False,False,False,False,False,,0,0,False,False,No Card,100,100,1024,1333,1170,1046,2,False,False,False,False,False,0,False,False,False,False,98,,47.928,,9842,,10044,,47.928,,True,3.987,3.987,3.987,3.987,3.987,3.987,3.987,3.987,3.987,3.987,3.987,3.987,0,,False,False,True,,,,,,,,,,,,,,,False,False,18.512,,78.2,,75.7,,78.2,,1809,39,1,14,7,145048.9,19339.85,,Idle,,20,,10,,,20,Go Home,False,False,False,False,False,False,False,False,False,False,False,False,33.8027920380556,-117.4659261431046,87.1,2972.0,1049.4,396.9,True,1,1,False,False,False,False,,True,False,False,Course Lock,196.8,67,16.4,93,E,SW,5.36,5.36,Calm,False,False,Android,7.0.2,M300 RTK,1ZN7L4R0H1D00F,1W9DL31001461C,1ZMLH8300204F0,1Z6PH74DAP0QN7,"Corona, CA",728.3,5.7,137.7,8.547347,2.013246,0,0,DJI Matrice 300 RTK,M300 RTK,1ZN7L4R0H1D00F,1W9DL31001461C,1ZMLH8300204F0,1Z6PH74DAP0QN7,DJI Pilot,Android,7.0.2,1EF72A62-B7C3-C88D-164E-CE6F8C8424AE,1ZN7L4R0H1D00F,1W9DL31001461C,,1ZMLH8300204F0,1W9DL31001461C,,,,,
2023-11-01,11:24:59.36 AM,0m 37.0s,37.0,33.8026002775663,-117.4661023575081,16.7,16.7,15.0,1280,98.4,5.538403,5.538403,-4.026492,0,-3.802798,1.342164,0,0,0,-1.1,1.1,-136.3,223.7,222.4,Tripod,Other,,20,5,True,,True,False,,Smart,RC,False,True,False,,,True,,False,False,False,False,False,False,False,False,False,False,0,Follow Yaw,-88.9,0,-144.3,215.7,False,False,False,False,False,,0,0,False,False,No Card,100,100,1024,1333,1171,1046,2,False,False,False,False,False,0,False,False,False,False,98,,47.856,,9842,,10044,,47.856,,True,3.987,3.987,3.987,3.987,3.987,3.987,3.987,3.987,3.987,3.987,3.987,3.987,0,,False,False,True,,,,,,,,,,,,,,,False,False,19.12,,78.2,,75.7,,78.2,,1809,39,1,14,7,145048.9,19339.85,,Idle,,20,,10,,,20,Go Home,False,False,False,False,False,False,False,False,False,False,False,False,33.8027920380556,-117.4659261431046,88.0,2972.0,1049.4,396.9,True,1,1,False,False,False,False,,True,False,False,Course Lock,196.8,67,16.4,93,E,SW,5.36,5.36,Calm,False,False,Android,7.0.2,M300 RTK,1ZN7L4R0H1D00F,1W9DL31001461C,1ZMLH8300204F0,1Z6PH74DAP0QN7,"Corona, CA",728.3,5.7,137.7,8.547347,2.013246,0,0,DJI Matrice 300 RTK,M300 RTK,1ZN7L4R0H1D00F,1W9DL31001461C,1ZMLH8300204F0,1Z6PH74DAP0QN7,DJI Pilot,Android,7.0.2,1EF72A62-B7C3-C88D-164E-CE6F8C8424AE,1ZN7L4R0H1D00F,1W9DL31001461C,,1ZMLH8300204F0,1W9DL31001461C,,,,,
2023-11-01,11:24:59.46 AM,0m 37.1s,37.1,33.8025983493416,-117.4661043347173,16.7,16.7,15.0,1280,99.4,5.538403,5.538403,-4.026492,0,-3.802798,1.342164,0,0,0.2,-1.4,1.4,-136.2,223.8,220.4,Tripod,Other,,20,5,True,,True,False,,Smart,RC,False,True,False,,,True,,False,False,False,False,False,False,False,False,False,False,0,Follow Yaw,-88.9,0,-144.3,215.7,False,False,False,False,False,,0,0,False,False,No Card,100,100,1024,1333,1174,1047,2,False,False,False,False,False,0,False,False,False,False,98,,47.856,,9842,,10044,,47.856,,True,3.987,3.987,3.987,3.987,3.987,3.987,3.987,3.987,3.987,3.987,3.987,3.987,0,,False,False,True,,,,,,,,,,,,,,,False,False,19.12,,78.2,,75.7,,78.2,,1809,39,1,14,7,145048.9,19339.85,,Idle,,20,,10,,,20,Go Home,False,False,False,False,False,False,False,False,False,False,False,False,33.8027920380556,-117.4659261431046,88.9,2972.0,1049.4,396.9,True,1,1,False,False,False,False,,True,False,False,Course Lock,196.8,67,16.4,93,E,SW,5.36,5.36,Calm,False,False,Android,7.0.2,M300 RTK,1ZN7L4R0H1D00F,1W9DL31001461C,1ZMLH8300204F0,1Z6PH74DAP0QN7,"Corona, CA",728.3,5.7,137.7,8.547347,2.013246,0,0,DJI Matrice 300 RTK,M300 RTK,1ZN7L4R0H1D00F,1W9DL31001461C,1ZMLH8300204F0,1Z6PH74DAP0QN7,DJI Pilot,Android,7.0.2,1EF72A62-B7C3-C88D-164E-CE6F8C8424AE,1ZN7L4R0H1D00F,1W9DL31001461C,,1ZMLH8300204F0,1W9DL31001461C,,,,,
2023-11-01,11:24:59.54 AM,0m 37.2s,37.2,33.80259660588,-117.4661062479328,16.7,16.7,15.0,1280,100.2,5.538403,5.538403,-4.026492,0,-3.802798,1.342164,0,0,0.4,-1.5,1.5,-136.1,223.9,222.3,Tripod,Other,,20,5,True,,True,False,,Smart,RC,False,True,False,,,True,,False,False,False,False,False,False,False,False,False,False,0,Follow Yaw,-88.9,0,-144.3,215.7,False,False,False,False,False,,0,0,False,False,No Card,100,100,1024,1333,1214,1047,2,False,False,False,False,False,0,False,False,False,False,98,,47.856,,9842,,10044,,47.856,,True,3.987,3.987,3.987,3.987,3.987,3.987,3.987,3.987,3.987,3.987,3.987,3.987,0,,False,False,True,,,,,,,,,,,,,,,False,False,19.12,,78.2,,75.7,,78.2,,1809,39,1,14,7,145048.9,19339.85,,Idle,,20,,10,,,20,Go Home,False,False,False,False,False,False,False,False,False,False,False,False,33.8027920380556,-117.4659261431046,89.8,2972.0,1049.4,396.9,True,1,1,False,False,False,False,,True,False,False,Course Lock,196.8,67,16.4,93,E,SW,5.36,5.36,Calm,False,False,Android,7.0.2,M300 RTK,1ZN7L4R0H1D00F,1W9DL31001461C,1ZMLH8300204F0,1Z6PH74DAP0QN7,"Corona, CA",728.3,5.7,137.7,8.547347,2.013246,0,0,DJI Matrice 300 RTK,M300 RTK,1ZN7L4R0H1D00F,1W9DL31001461C,1ZMLH8300204F0,1Z6PH74DAP0QN7,DJI Pilot,Android,7.0.2,1EF72A62-B7C3-C88D-164E-CE6F8C8424AE,1ZN7L4R0H1D00F,1W9DL31001461C,,1ZMLH8300204F0,1W9DL31001461C,,,,,
2023-11-01,11:24:59.67 AM,0m 37.3s,37.3,33.8025949885179,-117.4661078952772,16.7,16.7,15.0,1280,101.0,5.538403,5.538403,-4.026492,0,-3.802798,1.342164,0,0,0.4,-1.4,1.4,-136,224,220.2,Tripod,Other,,20,5,True,,True,False,,Smart,RC,False,True,False,,,True,,False,False,False,False,False,False,False,False,False,False,0,Follow Yaw,-88.9,0,-144.3,215.7,False,False,False,False,False,,0,0,False,False,No Card,100,100,1024,1333,1220,1048,2,False,False,False,False,False,0,False,False,False,False,98,,47.856,,9842,,10044,,47.856,,True,3.993,3.993,3.993,3.993,3.993,3.993,3.993,3.993,3.993,3.993,3.993,3.993,0,,False,False,True,,,,,,,,,,,,,,,False,False,19.12,,78.2,,75.7,,78.2,,1812,40,1,14,7,144519.8,19269.31,,Idle,,20,,10,,,20,Go Home,False,False,False,False,False,False,False,False,False,False,False,False,33.8027920380556,-117.4659261431046,90.5,2972.0,1049.4,396.9,True,1,1,False,False,False,False,,True,False,False,Course Lock,196.8,67,16.4,93,E,SW,5.36,5.36,Calm,False,False,Android,7.0.2,M300 RTK,1ZN7L4R0H1D00F,1W9DL31001461C,1ZMLH8300204F0,1Z6PH74DAP0QN7,"Corona, CA",728.3,5.7,137.7,8.547347,2.013246,0,0,DJI Matrice 300 RTK,M300 RTK,1ZN7L4R0H1D00F,1W9DL31001461C,1ZMLH8300204F0,1Z6PH74DAP0QN7,DJI Pilot,Android,7.0.2,1EF72A62-B7C3-C88D-164E-CE6F8C8424AE,1ZN7L4R0H1D00F,1W9DL31001461C,,1ZMLH8300204F0,1W9DL31001461C,,,,,
2023-11-01,11:24:59.77 AM,0m 37.4s,37.4,33.8025932560214,-117.4661097834229,17.0,17.0,15.0,1281,101.8,5.538403,5.538403,-4.026492,0,-3.802798,1.342164,0,0,0.1,-1.4,1.4,-136,224,222.1,Tripod,Other,,20,5,True,,True,False,,Smart,RC,False,True,False,,,True,,False,False,False,False,False,False,False,False,False,False,0,Follow Yaw,-88.9,0,-144.3,215.7,False,False,False,False,False,,0,0,False,False,No Card,100,100,1024,1327,1220,1049,2,False,False,False,False,False,0,False,False,False,False,98,,47.856,,9842,,10044,,47.856,,True,3.993,3.993,3.993,3.993,3.993,3.993,3.993,3.993,3.993,3.993,3.993,3.993,0,,False,False,True,,,,,,,,,,,,,,,False,False,19.12,,78.2,,75.7,,78.2,,1812,40,1,14,7,144519.8,19269.31,,Idle,,20,,10,,,20,Go Home,False,False,False,False,False,False,False,False,False,False,False,False,33.8027920380556,-117.4659261431046,91.4,2972.0,1049.4,396.9,True,1,1,False,False,False,False,,True,False,False,Course Lock,196.8,67,16.4,93,E,SW,5.36,5.36,Calm,False,False,Android,7.0.2,M300 RTK,1ZN7L4R0H1D00F,1W9DL31001461C,1ZMLH8300204F0,1Z6PH74DAP0QN7,"Corona, CA",728.3,5.7,137.7,8.547347,2.013246,0,0,DJI Matrice 300 RTK,M300 RTK,1ZN7L4R0H1D00F,1W9DL31001461C,1ZMLH8300204F0,1Z6PH74DAP0QN7,DJI Pilot,Android,7.0.2,1EF72A62-B7C3-C88D-164E-CE6F8C8424AE,1ZN7L4R0H1D00F,1W9DL31001461C,,1ZMLH8300204F0,1W9DL31001461C,,,,,
2023-11-01,11:24:59.87 AM,0m 37.5s,37.5,33.8025914626684,-117.4661117553542,17.0,17.0,15.0,1281,102.7,5.538403,5.538403,-4.026492,0,-3.802798,1.342164,-0.223694,0,0,-1.4,1.4,-135.8,224.2,222.4,Tripod,Other,,20,5,True,,True,False,,Smart,RC,False,True,False,,,True,,False,False,False,False,False,False,False,False,False,False,0,Follow Yaw,-88.9,0,-144.3,215.7,False,False,False,False,False,,0,0,False,False,No Card,100,100,1024,1323,1221,1049,2,False,False,False,False,False,0,False,False,False,False,98,,47.856,,9842,,10044,,47.856,,True,3.993,3.993,3.993,3.993,3.993,3.993,3.993,3.993,3.993,3.993,3.993,3.993,0,,False,False,True,,,,,,,,,,,,,,,False,False,19.12,,78.2,,75.7,,78.2,,1812,40,1,14,7,144519.8,19269.31,,Idle,,20,,10,,,20,Go Home,False,False,False,False,False,False,False,False,False,False,False,False,33.8027920380556,-117.4659261431046,92.3,2972.0,1049.4,396.9,True,1,1,False,False,False,False,,True,False,False,Course Lock,196.8,67,16.4,93,E,SW,5.36,5.36,Calm,False,False,Android,7.0.2,M300 RTK,1ZN7L4R0H1D00F,1W9DL31001461C,1ZMLH8300204F0,1Z6PH74DAP0QN7,"Corona, CA",728.3,5.7,137.7,8.547347,2.013246,0,0,DJI Matrice 300 RTK,M300 RTK,1ZN7L4R0H1D00F,1W9DL31001461C,1ZMLH8300204F0,1Z6PH74DAP0QN7,DJI Pilot,Android,7.0.2,1EF72A62-B7C3-C88D-164E-CE6F8C8424AE,1ZN7L4R0H1D00F,1W9DL31001461C,,1ZMLH8300204F0,1W9DL31001461C,,,,,
2023-11-01,11:24:59.98 AM,0m 37.6s,37.6,33.8025897181102,-117.4661136560349,17.0,17.0,15.0,1281,103.6,5.538403,5.538403,-4.026492,0,-3.802798,1.342164,-0.223694,0,0,-1.4,1.4,-135.7,224.3,222.1,Tripod,Other,,20,5,True,,True,False,,Smart,RC,False,True,False,,,True,,False,False,False,False,False,False,False,False,False,False,0,Follow Yaw,-88.9,0,-144.3,215.7,False,False,False,False,False,,0,0,False,False,No Card,100,100,1024,1317,1220,1048,2,False,False,False,False,False,0,False,False,False,False,98,,47.856,,9842,,10044,,47.856,,True,3.993,3.993,3.993,3.993,3.993,3.993,3.993,3.993,3.993,3.993,3.993,3.993,0,,False,False,True,,,,,,,,,,,,,,,False,False,19.12,,78.2,,75.7,,78.2,,1812,40,1,14,7,144519.8,19269.31,,Idle,,20,,10,,,20,Go Home,False,False,False,False,False,False,False,False,False,False,False,False,33.8027920380556,-117.4659261431046,93.1,2972.0,1049.4,396.9,True,1,1,False,False,False,False,,True,False,False,Course Lock,196.8,67,16.4,93,E,SW,5.36,5.36,Calm,False,False,Android,7.0.2,M300 RTK,1ZN7L4R0H1D00F,1W9DL31001461C,1ZMLH8300204F0,1Z6PH74DAP0QN7,"Corona, CA",728.3,5.7,137.7,8.547347,2.013246,0,0,DJI Matrice 300 RTK,M300 RTK,1ZN7L4R0H1D00F,1W9DL31001461C,1ZMLH8300204F0,1Z6PH74DAP0QN7,DJI Pilot,Android,7.0.2,1EF72A62-B7C3-C88D-164E-CE6F8C8424AE,1ZN7L4R0H1D00F,1W9DL31001461C,,1ZMLH8300204F0,1W9DL31001461C,,,,,
2023-11-01,11:25:00.04 AM,0m 37.7s,37.7,33.8025880892347,-117.4661154254293,17.0,17.0,15.0,1281,104.4,5.538403,5.538403,-4.026492,0,-3.802798,1.342164,-0.223694,0,0.1,-1.5,1.5,-135.7,224.3,222.0,Tripod,Other,,20,5,True,,True,False,,Smart,RC,False,True,False,,,True,,False,False,False,False,False,False,False,False,False,False,0,Follow Yaw,-88.9,0,-144.3,215.7,False,False,False,False,False,,0,0,False,False,No Card,100,100,1024,1320,1218,1049,2,False,False,False,False,False,0,False,False,False,False,98,,47.856,,9842,,10044,,47.856,,True,3.993,3.993,3.993,3.993,3.993,3.993,3.993,3.993,3.993,3.993,3.993,3.993,0,,False,False,True,,,,,,,,,,,,,,,False,False,19.12,,78.2,,75.7,,78.2,,1812,40,1,14,7,144519.8,19269.31,,Idle,,20,,10,,,20,Go Home,False,False,False,False,False,False,False,False,False,False,False,False,33.8027920380556,-117.4659261431046,93.9,2972.0,1049.4,396.9,True,1,1,False,False,False,False,,True,False,False,Course Lock,196.8,67,16.4,93,E,SW,5.36,5.36,Calm,False,False,Android,7.0.2,M300 RTK,1ZN7L4R0H1D00F,1W9DL31001461C,1ZMLH8300204F0,1Z6PH74DAP0QN7,"Corona, CA",728.3,5.7,137.7,8.547347,2.013246,0,0,DJI Matrice 300 RTK,M300 RTK,1ZN7L4R0H1D00F,1W9DL31001461C,1ZMLH8300204F0,1Z6PH74DAP0QN7,DJI Pilot,Android,7.0.2,1EF72A62-B7C3-C88D-164E-CE6F8C8424AE,1ZN7L4R0H1D00F,1W9DL31001461C,,1ZMLH8300204F0,1W9DL31001461C,,,,,
2023-11-01,11:25:00.14 AM,0m 37.8s,37.8,33.8025863452248,-117.4661173247904,17.0,17.0,15.0,1281,105.2,5.538403,5.538403,-4.026492,0,-3.802798,1.342164,-0.223694,0,0.4,-1.5,1.5,-135.7,224.3,222.1,Tripod,Other,,20,5,True,,True,False,,Smart,RC,False,True,False,,,True,,False,False,False,False,False,False,False,False,False,False,0,Follow Yaw,-88.9,0,-144.2,215.8,False,False,False,False,False,,0,0,False,False,No Card,100,100,1024,1324,1216,1051,2,False,False,False,False,False,0,False,False,False,False,98,,47.856,,9842,,10044,,47.856,,True,3.993,3.993,3.993,3.993,3.993,3.993,3.993,3.993,3.993,3.993,3.993,3.993,0,,False,False,True,,,,,,,,,,,,,,,False,False,19.12,,78.2,,75.7,,78.2,,1812,40,1,14,7,144519.8,19269.31,,Idle,,20,,10,,,20,Go Home,False,False,False,False,False,False,False,False,False,False,False,False,33.8027920380556,-117.4659261431046,94.8,2972.0,1049.4,396.9,True,1,1,False,False,False,False,,True,False,False,Course Lock,196.8,67,16.4,93,E,SW,5.36,5.36,Calm,False,False,Android,7.0.2,M300 RTK,1ZN7L4R0H1D00F,1W9DL31001461C,1ZMLH8300204F0,1Z6PH74DAP0QN7,"Corona, CA",728.3,5.7,137.7,8.547347,2.013246,0,0,DJI Matrice 300 RTK,M300 RTK,1ZN7L4R0H1D00F,1W9DL31001461C,1ZMLH8300204F0,1Z6PH74DAP0QN7,DJI Pilot,Android,7.0.2,1EF72A62-B7C3-C88D-164E-CE6F8C8424AE,1ZN7L4R0H1D00F,1W9DL31001461C,,1ZMLH8300204F0,1W9DL31001461C,,,,,
2023-11-01,11:25:00.24 AM,0m 37.9s,37.9,33.802584525007,-117.4661191225532,17.0,17.0,15.0,1281,106.1,5.538403,5.538403,-4.026492,0,-3.802798,1.342164,-0.223694,0,0.6,-1.3,1.4,-135.7,224.3,219.3,Tripod,Other,,20,5,True,,True,False,,Smart,RC,False,True,False,,,True,,False,False,False,False,False,False,False,False,False,False,0,Follow Yaw,-88.9,0,-144.2,215.8,False,False,False,False,False,,0,0,False,False,No Card,100,100,1024,1322,1215,1055,2,False,False,False,False,False,0,False,False,False,False,98,,47.856,,9842,,10044,,47.856,,True,3.993,3.993,3.993,3.993,3.993,3.993,3.993,3.993,3.993,3.993,3.993,3.993,0,,False,False,True,,,,,,,,,,,,,,,False,False,19.12,,78.2,,75.7,,78.2,,1812,40,1,14,7,144519.8,19269.31,,Idle,,20,,10,,,20,Go Home,False,False,False,False,False,False,False,False,False,False,False,False,33.8027920380556,-117.4659261431046,95.6,2972.0,1049.4,396.9,True,1,1,False,False,False,False,,True,False,False,Course Lock,196.8,67,16.4,93,E,SW,5.36,5.36,Calm,False,False,Android,7.0.2,M300 RTK,1ZN7L4R0H1D00F,1W9DL31001461C,1ZMLH8300204F0,1Z6PH74DAP0QN7,"Corona, CA",728.3,5.7,137.7,8.547347,2.013246,0,0,DJI Matrice 300 RTK,M300 RTK,1ZN7L4R0H1D00F,1W9DL31001461C,1ZMLH8300204F0,1Z6PH74DAP0QN7,DJI Pilot,Android,7.0.2,1EF72A62-B7C3-C88D-164E-CE6F8C8424AE,1ZN7L4R0H1D00F,1W9DL31001461C,,1ZMLH8300204F0,1W9DL31001461C,,,,,
2023-11-01,11:25:00.34 AM,0m 38.0s,38.0,33.8025827585186,-117.4661210093795,17.0,17.0,15.0,1281,107.0,5.538403,5.538403,-4.026492,0,-3.802798,1.342164,-0.223694,0,0.8,-1.2,1.4,-135.7,224.3,221.5,Tripod,Other,,20,5,True,,True,False,,Smart,RC,False,True,False,,,True,,False,False,False,False,False,False,False,False,False,False,0,Follow Yaw,-88.9,0,-144.2,215.8,False,False,False,False,False,,0,0,False,False,No Card,100,100,1024,1319,1223,1055,2,False,False,False,False,False,0,False,False,False,False,98,,47.844,,9842,,10044,,47.844,,True,3.993,3.993,3.993,3.993,3.993,3.993,3.993,3.993,3.993,3.993,3.993,3.993,0,,False,False,True,,,,,,,,,,,,,,,False,False,19.266,,78.4,,75.7,,78.4,,1812,40,1,14,7,144519.8,19269.31,,Idle,,20,,10,,,20,Go Home,False,False,False,False,False,False,False,False,False,False,False,False,33.8027920380556,-117.4659261431046,96.5,2972.0,1049.4,396.9,True,1,1,False,False,False,False,,True,False,False,Course Lock,196.8,67,16.4,93,E,SW,5.36,5.36,Calm,False,False,Android,7.0.2,M300 RTK,1ZN7L4R0H1D00F,1W9DL31001461C,1ZMLH8300204F0,1Z6PH74DAP0QN7,"Corona, CA",728.3,5.7,137.7,8.547347,2.013246,0,0,DJI Matrice 300 RTK,M300 RTK,1ZN7L4R0H1D00F,1W9DL31001461C,1ZMLH8300204F0,1Z6PH74DAP0QN7,DJI Pilot,Android,7.0.2,1EF72A62-B7C3-C88D-164E-CE6F8C8424AE,1ZN7L4R0H1D00F,1W9DL31001461C,,1ZMLH8300204F0,1W9DL31001461C,,,,,
2023-11-01,11:25:00.44 AM,0m 38.1s,38.1,33.8025809525556,-117.4661229694357,17.3,17.3,15.0,1281,107.9,5.538403,5.538403,-4.026492,0,-3.802798,1.342164,-0.223694,0,0.9,-1.1,1.4,-135.8,224.2,222.0,Tripod,Other,,20,5,True,,True,False,,Smart,RC,False,True,False,,,True,,False,False,False,False,False,False,False,False,False,False,0,Follow Yaw,-88.9,0,-144.2,215.8,False,False,False,False,False,,0,0,False,False,No Card,100,100,1024,1322,1231,1052,2,False,False,False,False,False,0,False,False,False,False,98,,47.844,,9842,,10044,,47.844,,True,3.993,3.993,3.993,3.993,3.993,3.993,3.993,3.993,3.993,3.993,3.993,3.993,0,,False,False,True,,,,,,,,,,,,,,,False,False,19.266,,78.4,,75.7,,78.4,,1812,40,1,14,7,144519.8,19269.31,,Idle,,20,,10,,,20,Go Home,False,False,False,False,False,False,False,False,False,False,False,False,33.8027920380556,-117.4659261431046,97.4,2972.0,1049.4,396.9,True,1,1,False,False,False,False,,True,False,False,Course Lock,196.8,67,16.4,93,E,SW,5.36,5.36,Calm,False,False,Android,7.0.2,M300 RTK,1ZN7L4R0H1D00F,1W9DL31001461C,1ZMLH8300204F0,1Z6PH74DAP0QN7,"Corona, CA",728.3,5.7,137.7,8.547347,2.013246,0,0,DJI Matrice 300 RTK,M300 RTK,1ZN7L4R0H1D00F,1W9DL31001461C,1ZMLH8300204F0,1Z6PH74DAP0QN7,DJI Pilot,Android,7.0.2,1EF72A62-B7C3-C88D-164E-CE6F8C8424AE,1ZN7L4R0H1D00F,1W9DL31001461C,,1ZMLH8300204F0,1W9DL31001461C,,,,,
2023-11-01,11:25:00.54 AM,0m 38.2s,38.2,33.8025791756502,-117.466124870776,17.3,17.3,15.0,1281,108.7,5.538403,5.538403,-4.026492,0,-3.802798,1.342164,-0.223694,0,1,-0.9,1.3,-135.8,224.2,221.6,Tripod,Other,,21,5,True,,True,False,,Smart,RC,False,True,False,,,True,,False,False,False,False,False,False,False,False,False,False,0,Follow Yaw,-88.9,0,-144.2,215.8,False,False,False,False,False,,0,0,False,False,No Card,100,100,1024,1322,1231,1052,2,False,False,False,False,False,0,False,False,False,False,98,,47.844,,9842,,10044,,47.844,,True,3.993,3.993,3.993,3.993,3.993,3.993,3.993,3.993,3.993,3.993,3.993,3.993,0,,False,False,True,,,,,,,,,,,,,,,False,False,19.266,,78.4,,75.7,,78.4,,1812,40,1,14,7,144519.8,19269.31,,Idle,,20,,10,,,20,Go Home,False,False,False,False,False,False,False,False,False,False,False,False,33.8027920380556,-117.4659261431046,98.2,2972.0,1049.4,396.9,True,1,1,False,False,False,False,,True,False,False,Course Lock,196.8,67,16.4,93,E,SW,5.36,5.36,Calm,False,False,Android,7.0.2,M300 RTK,1ZN7L4R0H1D00F,1W9DL31001461C,1ZMLH8300204F0,1Z6PH74DAP0QN7,"Corona, CA",728.3,5.7,137.7,8.547347,2.013246,0,0,DJI Matrice 300 RTK,M300 RTK,1ZN7L4R0H1D00F,1W9DL31001461C,1ZMLH8300204F0,1Z6PH74DAP0QN7,DJI Pilot,Android,7.0.2,1EF72A62-B7C3-C88D-164E-CE6F8C8424AE,1ZN7L4R0H1D00F,1W9DL31001461C,,1ZMLH8300204F0,1W9DL31001461C,,,,,
2023-11-01,11:25:00.64 AM,0m 38.3s,38.3,33.8025774256095,-117.4661268037834,17.3,17.3,15.0,1281,109.6,5.538403,5.538403,-4.026492,0,-3.802798,1.342164,-0.223694,0,1.1,-0.7,1.3,-135.7,224.3,222.5,Tripod,Other,,21,5,True,,True,False,,Smart,RC,False,True,False,,,True,,False,False,False,False,False,False,False,False,False,False,0,Follow Yaw,-88.9,0,-144.2,215.8,False,False,False,False,False,,0,0,False,False,No Card,100,100,1024,1334,1229,1049,2,False,False,False,False,False,0,False,False,False,False,98,,47.844,,9842,,10044,,47.844,,True,3.986,3.986,3.986,3.986,3.986,3.986,3.986,3.986,3.986,3.986,3.986,3.986,0,,False,False,True,,,,,,,,,,,,,,,False,False,19.266,,78.4,,75.7,,78.4,,1815,40,1,15,7,144021.0,19202.80,,Idle,,20,,10,,,20,Go Home,False,False,False,False,False,False,False,False,False,False,False,False,33.8027920380556,-117.4659261431046,99.1,2972.0,1049.4,396.9,True,1,1,False,False,False,False,,True,False,False,Course Lock,196.8,67,16.4,93,E,SW,5.36,5.36,Calm,False,False,Android,7.0.2,M300 RTK,1ZN7L4R0H1D00F,1W9DL31001461C,1ZMLH8300204F0,1Z6PH74DAP0QN7,"Corona, CA",728.3,5.7,137.7,8.547347,2.013246,0,0,DJI Matrice 300 RTK,M300 RTK,1ZN7L4R0H1D00F,1W9DL31001461C,1ZMLH8300204F0,1Z6PH74DAP0QN7,DJI Pilot,Android,7.0.2,1EF72A62-B7C3-C88D-164E-CE6F8C8424AE,1ZN7L4R0H1D00F,1W9DL31001461C,,1ZMLH8300204F0,1W9DL31001461C,,,,,
2023-11-01,11:25:00.74 AM,0m 38.4s,38.4,33.8025756651519,-117.4661287169988,17.3,17.3,15.0,1281,110.4,5.538403,5.538403,-4.026492,0,-3.802798,1.342164,-0.223694,0,1.2,-0.7,1.3,-135.8,224.2,222.0,Tripod,Other,,21,5,True,,True,False,,Smart,RC,False,True,False,,,True,,False,False,False,False,False,False,False,False,False,False,0,Follow Yaw,-88.9,0,-144.1,215.9,False,False,False,False,False,,0,0,False,False,No Card,100,100,1024,1334,1225,1062,2,False,False,False,False,False,0,False,False,False,False,98,,47.844,,9842,,10044,,47.844,,True,3.986,3.986,3.986,3.986,3.986,3.986,3.986,3.986,3.986,3.986,3.986,3.986,0,,False,False,True,,,,,,,,,,,,,,,False,False,19.266,,78.4,,75.7,,78.4,,1815,40,1,15,7,144021.0,19202.80,,Idle,,20,,10,,,20,Go Home,False,False,False,False,False,False,False,False,False,False,False,False,33.8027920380556,-117.4659261431046,100.0,2972.0,1049.4,396.9,True,1,1,False,False,False,False,,True,False,False,Course Lock,196.8,67,16.4,93,E,SW,5.59,5.59,Calm,False,False,Android,7.0.2,M300 RTK,1ZN7L4R0H1D00F,1W9DL31001461C,1ZMLH8300204F0,1Z6PH74DAP0QN7,"Corona, CA",728.3,5.7,137.7,8.547347,2.013246,0,0,DJI Matrice 300 RTK,M300 RTK,1ZN7L4R0H1D00F,1W9DL31001461C,1ZMLH8300204F0,1Z6PH74DAP0QN7,DJI Pilot,Android,7.0.2,1EF72A62-B7C3-C88D-164E-CE6F8C8424AE,1ZN7L4R0H1D00F,1W9DL31001461C,,1ZMLH8300204F0,1W9DL31001461C,,,,,
2023-11-01,11:25:00.84 AM,0m 38.5s,38.5,33.802574141542,-117.4661306242767,17.3,17.3,15.0,1281,111.3,5.538403,5.538403,-4.026492,0,-3.802798,1.342164,-0.223694,0,1.3,-0.8,1.5,-135.8,224.2,226.1,Tripod,Other,,21,5,True,,True,False,,Smart,RC,False,True,False,,,True,,False,False,False,False,False,False,False,False,False,False,0,Follow Yaw,-88.9,0,-144.1,215.9,False,False,False,False,False,,0,0,False,False,No Card,100,100,1024,1334,1220,1093,2,False,False,False,False,False,0,False,False,False,False,98,,47.844,,9842,,10044,,47.844,,True,3.986,3.986,3.986,3.986,3.986,3.986,3.986,3.986,3.986,3.986,3.986,3.986,0,,False,False,True,,,,,,,,,,,,,,,False,False,19.266,,78.4,,75.7,,78.4,,1815,40,1,15,7,144021.0,19202.80,,Idle,,20,,10,,,20,Go Home,False,False,False,False,False,False,False,False,False,False,False,False,33.8027920380556,-117.4659261431046,100.8,2972.0,1049.4,396.9,True,1,1,False,False,False,False,,True,False,False,Course Lock,196.8,67,16.4,93,E,SW,5.59,5.59,Calm,False,False,Android,7.0.2,M300 RTK,1ZN7L4R0H1D00F,1W9DL31001461C,1ZMLH8300204F0,1Z6PH74DAP0QN7,"Corona, CA",728.3,5.7,137.7,8.547347,2.013246,0,0,DJI Matrice 300 RTK,M300 RTK,1ZN7L4R0H1D00F,1W9DL31001461C,1ZMLH8300204F0,1Z6PH74DAP0QN7,DJI Pilot,Android,7.0.2,1EF72A62-B7C3-C88D-164E-CE6F8C8424AE,1ZN7L4R0H1D00F,1W9DL31001461C,,1ZMLH8300204F0,1W9DL31001461C,,,,,
2023-11-01,11:25:00.94 AM,0m 38.6s,38.6,33.802572424945,-117.4661325473881,17.3,17.3,15.0,1281,112.1,5.538403,5.538403,-4.026492,0,-3.802798,1.342164,-0.223694,0,1.3,-1,1.6,-135.9,224.1,222.9,Tripod,Other,,21,5,True,,True,False,,Smart,RC,False,True,False,,,True,,False,False,False,False,False,False,False,False,False,False,0,Follow Yaw,-88.9,0,-144.1,215.9,False,False,False,False,False,,0,0,False,False,No Card,100,100,1024,1332,1217,1121,2,False,False,False,False,False,0,False,False,False,False,98,,47.844,,9842,,10044,,47.844,,True,3.986,3.986,3.986,3.986,3.986,3.986,3.986,3.986,3.986,3.986,3.986,3.986,0,,False,False,True,,,,,,,,,,,,,,,False,False,19.266,,78.4,,75.7,,78.4,,1815,40,1,15,7,144021.0,19202.80,,Idle,,20,,10,,,20,Go Home,False,False,False,False,False,False,False,False,False,False,False,False,33.8027920380556,-117.4659261431046,101.6,2972.0,1049.4,396.9,True,1,1,False,False,False,False,,True,False,False,Course Lock,196.8,67,16.4,93,E,SW,5.59,5.59,Calm,False,False,Android,7.0.2,M300 RTK,1ZN7L4R0H1D00F,1W9DL31001461C,1ZMLH8300204F0,1Z6PH74DAP0QN7,"Corona, CA",728.3,5.7,137.7,8.547347,2.013246,0,0,DJI Matrice 300 RTK,M300 RTK,1ZN7L4R0H1D00F,1W9DL31001461C,1ZMLH8300204F0,1Z6PH74DAP0QN7,DJI Pilot,Android,7.0.2,1EF72A62-B7C3-C88D-164E-CE6F8C8424AE,1ZN7L4R0H1D00F,1W9DL31001461C,,1ZMLH8300204F0,1W9DL31001461C,,,,,
2023-11-01,11:25:01.04 AM,0m 38.7s,38.7,33.8025705778626,-117.4661346294943,17.7,17.7,15.0,1281,113.0,5.538403,5.538403,-4.026492,0,-3.802798,1.342164,-0.223694,0,1.1,-1.3,1.7,-136,224,223.1,Tripod,Other,,21,5,True,,True,False,,Smart,RC,False,True,False,,,True,,False,False,False,False,False,False,False,False,False,False,0,Follow Yaw,-88.9,0,-143.9,216.1,False,False,False,False,False,,0,0,False,False,No Card,100,100,1024,1330,1217,1126,2,False,False,False,False,False,0,False,False,False,False,98,,47.796,,4886,,4986,,47.796,,True,3.986,3.986,3.986,3.986,3.986,3.986,3.986,3.986,3.986,3.986,3.986,3.986,0,,False,False,True,,,,,,,,,,,,,,,False,False,9.418,,77.5,,75.7,,78.4,,1815,40,1,15,7,144021.0,19202.80,,Idle,,20,,10,,,20,Go Home,False,False,False,False,False,False,False,False,False,False,False,False,33.8027920380556,-117.4659261431046,102.5,2972.0,1049.4,396.9,True,1,1,False,False,False,False,,True,False,False,Course Lock,196.8,67,16.4,93,E,SW,5.59,5.59,Calm,False,False,Android,7.0.2,M300 RTK,1ZN7L4R0H1D00F,1W9DL31001461C,1ZMLH8300204F0,1Z6PH74DAP0QN7,"Corona, CA",728.3,5.7,137.7,8.547347,2.013246,0,0,DJI Matrice 300 RTK,M300 RTK,1ZN7L4R0H1D00F,1W9DL31001461C,1ZMLH8300204F0,1Z6PH74DAP0QN7,DJI Pilot,Android,7.0.2,1EF72A62-B7C3-C88D-164E-CE6F8C8424AE,1ZN7L4R0H1D00F,1W9DL31001461C,,1ZMLH8300204F0,1W9DL31001461C,,,,,
2023-11-01,11:25:01.14 AM,0m 38.8s,38.8,33.8025688662,-117.4661365697586,17.7,17.7,15.0,1281,113.9,5.538403,5.538403,-4.026492,0,-3.802798,1.342164,-0.223694,0,0.9,-1.5,1.7,-135.9,224.1,223.2,Tripod,Other,,21,5,True,,True,False,,Smart,RC,False,True,False,,,True,,False,False,False,False,False,False,False,False,False,False,0,Follow Yaw,-88.9,0,-143.8,216.2,False,False,False,False,False,,0,0,False,False,No Card,100,100,1024,1327,1217,1126,2,False,False,False,False,False,0,False,False,False,False,98,,47.796,,4886,,4986,,47.796,,True,3.986,3.986,3.986,3.986,3.986,3.986,3.986,3.986,3.986,3.986,3.986,3.986,0,,False,False,True,,,,,,,,,,,,,,,False,False,9.418,,77.5,,75.7,,78.4,,1815,40,1,15,7,144021.0,19202.80,,Idle,,20,,10,,,20,Go Home,False,False,False,False,False,False,False,False,False,False,False,False,33.8027920380556,-117.4659261431046,103.4,2972.0,1049.4,396.9,True,1,1,False,False,False,False,,True,False,False,Course Lock,196.8,67,16.4,93,E,SW,5.59,5.59,Calm,False,False,Android,7.0.2,M300 RTK,1ZN7L4R0H1D00F,1W9DL31001461C,1ZMLH8300204F0,1Z6PH74DAP0QN7,"Corona, CA",728.3,5.7,137.7,8.547347,2.013246,0,0,DJI Matrice 300 RTK,M300 RTK,1ZN7L4R0H1D00F,1W9DL31001461C,1ZMLH8300204F0,1Z6PH74DAP0QN7,DJI Pilot,Android,7.0.2,1EF72A62-B7C3-C88D-164E-CE6F8C8424AE,1ZN7L4R0H1D00F,1W9DL31001461C,,1ZMLH8300204F0,1W9DL31001461C,,,,,
2023-11-01,11:25:01.22 AM,0m 38.9s,38.9,33.8025673168219,-117.4661385509262,17.7,17.7,15.0,1281,114.7,5.538403,5.538403,-4.026492,0,-3.802798,1.342164,-0.223694,0,1,-1.5,1.8,-135.7,224.3,226.7,Tripod,Other,,21,5,True,,True,False,,Smart,RC,False,True,False,,,True,,False,False,False,False,False,False,False,False,False,False,0,Follow Yaw,-88.9,0,-143.6,216.4,False,False,False,False,False,,0,0,False,False,No Card,100,100,1024,1324,1218,1122,2,False,False,False,False,False,0,False,False,False,False,98,,47.796,,4886,,4986,,47.796,,True,3.986,3.986,3.986,3.986,3.986,3.986,3.986,3.986,3.986,3.986,3.986,3.986,0,,False,False,True,,,,,,,,,,,,,,,False,False,9.418,,77.5,,75.7,,78.4,,1815,40,1,15,7,144021.0,19202.80,,Idle,,20,,10,,,20,Go Home,False,False,False,False,False,False,False,False,False,False,False,False,33.8027920380556,-117.4659261431046,104.2,2972.0,1049.4,396.9,True,1,1,False,False,False,False,,True,False,False,Course Lock,196.8,67,16.4,93,E,SW,5.59,5.59,Calm,False,False,Android,7.0.2,M300 RTK,1ZN7L4R0H1D00F,1W9DL31001461C,1ZMLH8300204F0,1Z6PH74DAP0QN7,"Corona, CA",728.3,5.7,137.7,8.547347,2.013246,0,0,DJI Matrice 300 RTK,M300 RTK,1ZN7L4R0H1D00F,1W9DL31001461C,1ZMLH8300204F0,1Z6PH74DAP0QN7,DJI Pilot,Android,7.0.2,1EF72A62-B7C3-C88D-164E-CE6F8C8424AE,1ZN7L4R0H1D00F,1W9DL31001461C,,1ZMLH8300204F0,1W9DL31001461C,,,,,
2023-11-01,11:25:01.34 AM,0m 39.0s,39.0,33.8025656287344,-117.4661404905308,17.7,17.7,15.0,1281,115.6,5.538403,5.538403,-4.026492,0,-3.802798,1.342164,-0.223694,0,1.1,-1.3,1.7,-135.5,224.5,223.6,Tripod,Other,,21,5,True,,True,False,,Smart,RC,False,True,False,,,True,,False,False,False,False,False,False,False,False,False,False,0,Follow Yaw,-88.9,0,-143.4,216.6,False,False,False,False,False,,0,0,False,False,No Card,100,100,1024,1323,1219,1117,2,False,False,False,False,False,0,False,False,False,False,97,,47.808,,9792,,10044,,47.808,,True,3.986,3.986,3.986,3.986,3.986,3.986,3.986,3.986,3.986,3.986,3.986,3.986,0,,False,False,True,,,,,,,,,,,,,,,False,False,19.538,,78.4,,75.7,,78.4,,1815,40,1,15,7,144021.0,19202.80,,Idle,,20,,10,,,20,Go Home,False,False,False,False,False,False,False,False,False,False,False,False,33.8027920380556,-117.4659261431046,105.0,2972.0,1049.4,396.9,True,1,1,False,False,False,False,,True,False,False,Course Lock,196.8,67,16.4,93,E,SW,5.59,5.59,Calm,False,False,Android,7.0.2,M300 RTK,1ZN7L4R0H1D00F,1W9DL31001461C,1ZMLH8300204F0,1Z6PH74DAP0QN7,"Corona, CA",728.3,5.7,137.7,8.547347,2.013246,0,0,DJI Matrice 300 RTK,M300 RTK,1ZN7L4R0H1D00F,1W9DL31001461C,1ZMLH8300204F0,1Z6PH74DAP0QN7,DJI Pilot,Android,7.0.2,1EF72A62-B7C3-C88D-164E-CE6F8C8424AE,1ZN7L4R0H1D00F,1W9DL31001461C,,1ZMLH8300204F0,1W9DL31001461C,,,,,
2023-11-01,11:25:01.44 AM,0m 39.1s,39.1,33.8025638216748,-117.4661422889533,17.7,17.7,15.0,1281,116.4,5.538403,5.538403,-4.026492,0,-3.802798,1.342164,-0.223694,0,1.1,-1.1,1.5,-135.3,224.7,219.5,Tripod,Other,,21,5,True,,True,False,,Smart,RC,False,True,False,,,True,,False,False,False,False,False,False,False,False,False,False,0,Follow Yaw,-88.9,0,-143.3,216.7,False,False,False,False,False,,0,0,False,False,No Card,100,100,1024,1327,1217,1117,2,False,False,False,False,False,0,False,False,False,False,97,,47.808,,9792,,10044,,47.808,,True,3.986,3.986,3.986,3.986,3.986,3.986,3.986,3.986,3.986,3.986,3.986,3.986,0,,False,False,True,,,,,,,,,,,,,,,False,False,19.538,,78.4,,75.7,,78.4,,1815,40,1,15,7,144021.0,19202.80,,Idle,,20,,10,,,20,Go Home,False,False,False,False,False,False,False,False,False,False,False,False,33.8027920380556,-117.4659261431046,105.9,2972.0,1049.4,396.9,True,1,1,False,False,False,False,,True,False,False,Course Lock,196.8,67,16.4,93,E,SW,5.59,5.59,Calm,False,False,Android,7.0.2,M300 RTK,1ZN7L4R0H1D00F,1W9DL31001461C,1ZMLH8300204F0,1Z6PH74DAP0QN7,"Corona, CA",728.3,5.7,137.7,8.547347,2.013246,0,0,DJI Matrice 300 RTK,M300 RTK,1ZN7L4R0H1D00F,1W9DL31001461C,1ZMLH8300204F0,1Z6PH74DAP0QN7,DJI Pilot,Android,7.0.2,1EF72A62-B7C3-C88D-164E-CE6F8C8424AE,1ZN7L4R0H1D00F,1W9DL31001461C,,1ZMLH8300204F0,1W9DL31001461C,,,,,
2023-11-01,11:25:01.53 AM,0m 39.2s,39.2,33.8025621374251,-117.4661442153634,17.7,17.7,15.0,1281,117.3,5.377968,5.538403,-3.802798,0,-3.802798,1.342164,-0.223694,0,1,-1,1.4,-135.2,224.8,223.5,Tripod,Other,,21,5,True,,True,False,,Smart,RC,False,True,False,,,True,,False,False,False,False,False,False,False,False,False,False,0,Follow Yaw,-88.9,0,-143.1,216.9,False,False,False,False,False,,0,0,False,False,No Card,100,100,1024,1327,1217,1117,2,False,False,False,False,False,0,False,False,False,False,97,,47.808,,9792,,10044,,47.808,,True,3.986,3.986,3.986,3.986,3.986,3.986,3.986,3.986,3.986,3.986,3.986,3.986,0,,False,False,True,,,,,,,,,,,,,,,False,False,19.538,,78.4,,75.7,,78.4,,1815,40,1,15,7,144021.0,19202.80,,Idle,,20,,10,,,20,Go Home,False,False,False,False,False,False,False,False,False,False,False,False,33.8027920380556,-117.4659261431046,106.7,2972.0,1049.4,396.9,True,1,1,False,False,False,False,,True,False,False,Course Lock,196.8,67,16.4,93,E,SW,5.59,5.59,Calm,False,False,Android,7.0.2,M300 RTK,1ZN7L4R0H1D00F,1W9DL31001461C,1ZMLH8300204F0,1Z6PH74DAP0QN7,"Corona, CA",728.3,5.7,137.7,8.547347,2.013246,0,0,DJI Matrice 300 RTK,M300 RTK,1ZN7L4R0H1D00F,1W9DL31001461C,1ZMLH8300204F0,1Z6PH74DAP0QN7,DJI Pilot,Android,7.0.2,1EF72A62-B7C3-C88D-164E-CE6F8C8424AE,1ZN7L4R0H1D00F,1W9DL31001461C,,1ZMLH8300204F0,1W9DL31001461C,,,,,
2023-11-01,11:25:01.64 AM,0m 39.3s,39.3,33.8025604701715,-117.4661462592052,18.0,18.0,15.0,1282,118.1,5.377968,5.538403,-3.802798,0,-3.802798,1.342164,-0.223694,0,1,-1,1.4,-135,225,225.5,Tripod,Other,,21,5,True,,True,False,,Smart,RC,False,True,False,,,True,,False,False,False,False,False,False,False,False,False,False,0,Follow Yaw,-88.9,0,-143,217,False,False,False,False,False,,0,0,False,False,No Card,100,100,1024,1325,1218,1117,2,False,False,False,False,False,0,False,False,False,False,97,,47.808,,9792,,10044,,47.808,,True,3.987,3.987,3.987,3.987,3.987,3.987,3.987,3.987,3.987,3.987,3.987,3.987,0,,False,False,True,,,,,,,,,,,,,,,False,False,19.538,,78.4,,75.7,,78.4,,1819,40,1,15,7,143758.1,19167.75,,Idle,,20,,10,,,20,Go Home,False,False,False,False,False,False,False,False,False,False,False,False,33.8027920380556,-117.4659261431046,107.6,2972.0,1049.4,396.9,True,1,1,False,False,False,False,,True,False,False,Course Lock,196.8,67,16.4,93,E,SW,5.59,5.59,Calm,False,False,Android,7.0.2,M300 RTK,1ZN7L4R0H1D00F,1W9DL31001461C,1ZMLH8300204F0,1Z6PH74DAP0QN7,"Corona, CA",728.3,5.7,137.7,8.547347,2.013246,0,0,DJI Matrice 300 RTK,M300 RTK,1ZN7L4R0H1D00F,1W9DL31001461C,1ZMLH8300204F0,1Z6PH74DAP0QN7,DJI Pilot,Android,7.0.2,1EF72A62-B7C3-C88D-164E-CE6F8C8424AE,1ZN7L4R0H1D00F,1W9DL31001461C,,1ZMLH8300204F0,1W9DL31001461C,,,,,
2023-11-01,11:25:01.74 AM,0m 39.4s,39.4,33.8025588001765,-117.4661482047474,18.0,18.0,15.0,1282,119.0,5.538403,5.538403,-3.802798,0,-4.026492,1.342164,-0.223694,0,0.9,-1.1,1.4,-134.9,225.1,224.0,Tripod,Other,,21,5,True,,True,False,,Smart,RC,False,True,False,,,True,,False,False,False,False,False,False,False,False,False,False,0,Follow Yaw,-88.9,0,-142.8,217.2,False,False,False,False,False,,0,0,False,False,No Card,100,100,1024,1324,1219,1118,2,False,False,False,False,False,0,False,False,False,False,97,,47.808,,9792,,10044,,47.808,,True,3.987,3.987,3.987,3.987,3.987,3.987,3.987,3.987,3.987,3.987,3.987,3.987,0,,False,False,True,,,,,,,,,,,,,,,False,False,19.538,,78.4,,75.7,,78.4,,1819,40,1,15,7,143758.1,19167.75,,Idle,,20,,10,,,20,Go Home,False,False,False,False,False,False,False,False,False,False,False,False,33.8027920380556,-117.4659261431046,108.4,2972.0,1049.4,396.9,True,1,1,False,False,False,False,,True,False,False,Course Lock,196.8,67,16.4,93,E,SW,5.59,5.59,Calm,False,False,Android,7.0.2,M300 RTK,1ZN7L4R0H1D00F,1W9DL31001461C,1ZMLH8300204F0,1Z6PH74DAP0QN7,"Corona, CA",728.3,5.7,137.7,8.547347,2.013246,0,0,DJI Matrice 300 RTK,M300 RTK,1ZN7L4R0H1D00F,1W9DL31001461C,1ZMLH8300204F0,1Z6PH74DAP0QN7,DJI Pilot,Android,7.0.2,1EF72A62-B7C3-C88D-164E-CE6F8C8424AE,1ZN7L4R0H1D00F,1W9DL31001461C,,1ZMLH8300204F0,1W9DL31001461C,,,,,
2023-11-01,11:25:01.84 AM,0m 39.5s,39.5,33.8025572793078,-117.4661502512282,18.0,18.0,15.4,1282,119.8,5.538403,5.538403,-3.802798,0,-4.026492,1.342164,-0.223694,0,0.9,-1.1,1.4,-134.8,225.2,228.1,Tripod,Other,,21,5,True,,True,False,,Smart,RC,False,True,False,,,True,,False,False,False,False,False,False,False,False,False,False,0,Follow Yaw,-88.9,0,-142.7,217.3,False,False,False,False,False,,0,0,False,False,No Card,100,100,1024,1325,1218,1118,2,False,False,False,False,False,0,False,False,False,False,97,,47.808,,9792,,10044,,47.808,,True,3.987,3.987,3.987,3.987,3.987,3.987,3.987,3.987,3.987,3.987,3.987,3.987,0,,False,False,True,,,,,,,,,,,,,,,False,False,19.538,,78.4,,75.7,,78.4,,1819,40,1,15,7,143758.1,19167.75,,Idle,,20,,10,,,20,Go Home,False,False,False,False,False,False,False,False,False,False,False,False,33.8027920380556,-117.4659261431046,109.3,2972.0,1049.4,396.9,True,1,1,False,False,False,False,,True,False,False,Course Lock,196.8,67,16.4,93,E,SW,5.59,5.59,Calm,False,False,Android,7.0.2,M300 RTK,1ZN7L4R0H1D00F,1W9DL31001461C,1ZMLH8300204F0,1Z6PH74DAP0QN7,"Corona, CA",728.3,5.7,137.7,8.547347,2.013246,0,0,DJI Matrice 300 RTK,M300 RTK,1ZN7L4R0H1D00F,1W9DL31001461C,1ZMLH8300204F0,1Z6PH74DAP0QN7,DJI Pilot,Android,7.0.2,1EF72A62-B7C3-C88D-164E-CE6F8C8424AE,1ZN7L4R0H1D00F,1W9DL31001461C,,1ZMLH8300204F0,1W9DL31001461C,,,,,
2023-11-01,11:25:01.94 AM,0m 39.6s,39.6,33.802555635081,-117.4661522178818,18.0,18.0,15.0,1282,120.7,5.538403,5.538403,-3.802798,0,-4.026492,1.342164,-0.223694,0,1.1,-1.1,1.5,-134.6,225.4,224.8,Tripod,Other,,21,5,True,,True,False,,Smart,RC,False,True,False,,,True,,False,False,False,False,False,False,False,False,False,False,0,Follow Yaw,-88.9,0,-142.6,217.4,False,False,False,False,False,,0,0,False,False,No Card,100,100,1024,1326,1217,1118,2,False,False,False,False,False,0,False,False,False,False,97,,47.808,,9792,,10044,,47.808,,True,3.987,3.987,3.987,3.987,3.987,3.987,3.987,3.987,3.987,3.987,3.987,3.987,0,,False,False,True,,,,,,,,,,,,,,,False,False,19.538,,78.4,,75.7,,78.4,,1819,40,1,15,7,143758.1,19167.75,,Idle,,20,,10,,,20,Go Home,False,False,False,False,False,False,False,False,False,False,False,False,33.8027920380556,-117.4659261431046,110.1,2972.0,1049.4,396.9,True,1,1,False,False,False,False,,True,False,False,Course Lock,196.8,67,16.4,93,E,SW,5.59,5.59,Calm,False,False,Android,7.0.2,M300 RTK,1ZN7L4R0H1D00F,1W9DL31001461C,1ZMLH8300204F0,1Z6PH74DAP0QN7,"Corona, CA",728.3,5.7,137.7,8.547347,2.013246,0,0,DJI Matrice 300 RTK,M300 RTK,1ZN7L4R0H1D00F,1W9DL31001461C,1ZMLH8300204F0,1Z6PH74DAP0QN7,DJI Pilot,Android,7.0.2,1EF72A62-B7C3-C88D-164E-CE6F8C8424AE,1ZN7L4R0H1D00F,1W9DL31001461C,,1ZMLH8300204F0,1W9DL31001461C,,,,,
2023-11-01,11:25:02.05 AM,0m 39.7s,39.7,33.8025540555486,-117.4661542544667,18.0,18.0,15.0,1282,121.5,5.538403,5.538403,-3.802798,0,-4.026492,1.342164,-0.223694,0,1.2,-1.2,1.6,-134.5,225.5,226.9,Tripod,Other,,21,5,True,,True,False,,Smart,RC,False,True,False,,,True,,False,False,False,False,False,False,False,False,False,False,0,Follow Yaw,-88.9,0,-142.4,217.6,False,False,False,False,False,,0,0,False,False,No Card,100,100,1024,1328,1214,1122,2,False,False,False,False,False,0,False,False,False,False,97,,47.808,,9792,,10044,,47.808,,True,3.987,3.987,3.987,3.987,3.987,3.987,3.987,3.987,3.987,3.987,3.987,3.987,0,,False,False,True,,,,,,,,,,,,,,,False,False,19.538,,78.4,,75.7,,78.4,,1819,40,1,15,7,143758.1,19167.75,,Idle,,20,,10,,,20,Go Home,False,False,False,False,False,False,False,False,False,False,False,False,33.8027920380556,-117.4659261431046,110.9,2972.0,1049.4,396.9,True,1,1,False,False,False,False,,True,False,False,Course Lock,196.8,67,16.4,93,E,SW,5.59,5.59,Calm,False,False,Android,7.0.2,M300 RTK,1ZN7L4R0H1D00F,1W9DL31001461C,1ZMLH8300204F0,1Z6PH74DAP0QN7,"Corona, CA",728.3,5.7,137.7,8.547347,2.013246,0,0,DJI Matrice 300 RTK,M300 RTK,1ZN7L4R0H1D00F,1W9DL31001461C,1ZMLH8300204F0,1Z6PH74DAP0QN7,DJI Pilot,Android,7.0.2,1EF72A62-B7C3-C88D-164E-CE6F8C8424AE,1ZN7L4R0H1D00F,1W9DL31001461C,,1ZMLH8300204F0,1W9DL31001461C,,,,,
2023-11-01,11:25:02.15 AM,0m 39.8s,39.8,33.8025524305108,-117.4661562356342,18.0,18.0,15.0,1282,122.4,5.538403,5.538403,-3.802798,0,-4.026492,1.342164,-0.223694,0,1.1,-1.2,1.6,-134.3,225.7,225.3,Tripod,Other,,21,5,True,,True,False,,Smart,RC,False,True,False,,,True,,False,False,False,False,False,False,False,False,False,False,0,Follow Yaw,-88.9,0,-142.2,217.8,False,False,False,False,False,,0,0,False,False,No Card,100,100,1024,1324,1218,1122,2,False,False,False,False,False,0,False,False,False,False,97,,47.808,,9792,,10044,,47.808,,True,3.987,3.987,3.987,3.987,3.987,3.987,3.987,3.987,3.987,3.987,3.987,3.987,0,,False,False,True,,,,,,,,,,,,,,,False,False,19.538,,78.4,,75.7,,78.4,,1819,40,1,15,7,143758.1,19167.75,,Idle,,20,,10,,,20,Go Home,False,False,False,False,False,False,False,False,False,False,False,False,33.8027920380556,-117.4659261431046,111.8,2972.0,1049.4,396.9,True,1,1,False,False,False,False,,True,False,False,Course Lock,196.8,67,16.4,93,E,SW,5.59,5.59,Calm,False,False,Android,7.0.2,M300 RTK,1ZN7L4R0H1D00F,1W9DL31001461C,1ZMLH8300204F0,1Z6PH74DAP0QN7,"Corona, CA",728.3,5.7,137.7,8.547347,2.013246,0,0,DJI Matrice 300 RTK,M300 RTK,1ZN7L4R0H1D00F,1W9DL31001461C,1ZMLH8300204F0,1Z6PH74DAP0QN7,DJI Pilot,Android,7.0.2,1EF72A62-B7C3-C88D-164E-CE6F8C8424AE,1ZN7L4R0H1D00F,1W9DL31001461C,,1ZMLH8300204F0,1W9DL31001461C,,,,,
2023-11-01,11:25:02.25 AM,0m 39.9s,39.9,33.8025505033827,-117.4661580683627,18.0,18.0,15.0,1282,123.2,5.538403,5.538403,-3.802798,0,-4.026492,1.342164,-0.223694,0,1.1,-1.2,1.6,-134.1,225.9,218.3,Tripod,Other,,21,5,True,,True,False,,Smart,RC,False,True,False,,,True,,False,False,False,False,False,False,False,False,False,False,0,Follow Yaw,-88.9,0,-142,218,False,False,False,False,False,,0,0,False,False,No Card,100,100,1024,1324,1218,1122,2,False,False,False,False,False,0,False,False,False,False,97,,47.808,,9792,,10044,,47.808,,True,3.987,3.987,3.987,3.987,3.987,3.987,3.987,3.987,3.987,3.987,3.987,3.987,0,,False,False,True,,,,,,,,,,,,,,,False,False,19.538,,78.4,,75.7,,78.4,,1819,40,1,15,7,143758.1,19167.75,,Idle,,20,,10,,,20,Go Home,False,False,False,False,False,False,False,False,False,False,False,False,33.8027920380556,-117.4659261431046,112.7,2972.0,1049.4,396.9,True,1,1,False,False,False,False,,True,False,False,Course Lock,196.8,67,16.4,93,E,SW,5.81,5.81,Calm,False,False,Android,7.0.2,M300 RTK,1ZN7L4R0H1D00F,1W9DL31001461C,1ZMLH8300204F0,1Z6PH74DAP0QN7,"Corona, CA",728.3,5.7,137.7,8.547347,2.013246,0,0,DJI Matrice 300 RTK,M300 RTK,1ZN7L4R0H1D00F,1W9DL31001461C,1ZMLH8300204F0,1Z6PH74DAP0QN7,DJI Pilot,Android,7.0.2,1EF72A62-B7C3-C88D-164E-CE6F8C8424AE,1ZN7L4R0H1D00F,1W9DL31001461C,,1ZMLH8300204F0,1W9DL31001461C,,,,,
2023-11-01,11:25:02.35 AM,0m 40.0s,40.0,33.8025488662832,-117.4661600475511,18.3,18.3,15.0,1282,124.1,5.538403,5.538403,-3.802798,0,-4.026492,1.342164,-0.223694,0,1.1,-1.2,1.6,-133.9,226.1,225.1,Tripod,Other,,21,5,True,,True,False,,Smart,RC,False,True,False,,,True,,False,False,False,False,False,False,False,False,False,False,0,Follow Yaw,-88.9,0,-141.9,218.1,False,False,False,False,False,,0,0,False,False,No Card,100,100,1024,1324,1218,1122,2,False,False,False,False,False,0,False,False,False,False,97,,47.7,,4836,,4986,,47.7,,True,3.987,3.987,3.987,3.987,3.987,3.987,3.987,3.987,3.987,3.987,3.987,3.987,0,,False,False,True,,,,,,,,,,,,,,,False,False,9.566,,77.7,,75.7,,78.4,,1819,40,1,15,7,143758.1,19167.75,,Idle,,20,,10,,,20,Go Home,False,False,False,False,False,False,False,False,False,False,False,False,33.8027920380556,-117.4659261431046,113.5,2972.0,1049.4,396.9,True,1,1,False,False,False,False,,True,False,False,Course Lock,196.8,67,16.4,93,E,SW,5.81,5.81,Calm,False,False,Android,7.0.2,M300 RTK,1ZN7L4R0H1D00F,1W9DL31001461C,1ZMLH8300204F0,1Z6PH74DAP0QN7,"Corona, CA",728.3,5.7,137.7,8.547347,2.013246,0,0,DJI Matrice 300 RTK,M300 RTK,1ZN7L4R0H1D00F,1W9DL31001461C,1ZMLH8300204F0,1Z6PH74DAP0QN7,DJI Pilot,Android,7.0.2,1EF72A62-B7C3-C88D-164E-CE6F8C8424AE,1ZN7L4R0H1D00F,1W9DL31001461C,,1ZMLH8300204F0,1W9DL31001461C,,,,,
2023-11-01,11:25:02.46 AM,0m 40.1s,40.1,33.8025472681101,-117.4661620234409,18.3,18.3,15.0,1282,124.9,5.538403,5.538403,-3.802798,0,-4.026492,1.342164,-0.223694,0,1.1,-1.2,1.6,-133.8,226.2,225.7,Tripod,Other,,21,5,True,,True,False,,Smart,RC,False,True,False,,,True,,False,False,False,False,False,False,False,False,False,False,0,Follow Yaw,-88.9,0,-141.7,218.3,False,False,False,False,False,,0,0,False,False,No Card,100,100,1024,1323,1218,1122,2,False,False,False,False,False,0,False,False,False,False,97,,47.7,,4836,,4986,,47.7,,True,3.987,3.987,3.987,3.987,3.987,3.987,3.987,3.987,3.987,3.987,3.987,3.987,0,,False,False,True,,,,,,,,,,,,,,,False,False,9.566,,77.7,,75.7,,78.4,,1819,40,1,15,7,143758.1,19167.75,,Idle,,20,,10,,,20,Go Home,False,False,False,False,False,False,False,False,False,False,False,False,33.8027920380556,-117.4659261431046,114.3,2972.0,1049.4,396.9,True,1,1,False,False,False,False,,True,False,False,Course Lock,196.8,67,16.4,93,E,SW,5.81,5.81,Calm,False,False,Android,7.0.2,M300 RTK,1ZN7L4R0H1D00F,1W9DL31001461C,1ZMLH8300204F0,1Z6PH74DAP0QN7,"Corona, CA",728.3,5.7,137.7,8.547347,2.013246,0,0,DJI Matrice 300 RTK,M300 RTK,1ZN7L4R0H1D00F,1W9DL31001461C,1ZMLH8300204F0,1Z6PH74DAP0QN7,DJI Pilot,Android,7.0.2,1EF72A62-B7C3-C88D-164E-CE6F8C8424AE,1ZN7L4R0H1D00F,1W9DL31001461C,,1ZMLH8300204F0,1W9DL31001461C,,,,,
2023-11-01,11:25:02.56 AM,0m 40.2s,40.2,33.8025456452654,-117.4661640164836,18.3,18.3,15.0,1282,125.8,5.538403,5.538403,-3.802798,0,-4.026492,1.342164,-0.223694,0,1.1,-1.2,1.6,-133.7,226.3,225.5,Tripod,Other,,21,5,True,,True,False,,Smart,RC,False,True,False,,,True,,False,False,False,False,False,False,False,False,False,False,0,Follow Yaw,-88.9,0,-141.5,218.5,False,False,False,False,False,,0,0,False,False,No Card,100,100,1024,1324,1217,1122,2,False,False,False,False,False,0,False,False,False,False,97,,47.7,,4836,,4986,,47.7,,True,3.987,3.987,3.987,3.987,3.987,3.987,3.987,3.987,3.987,3.987,3.987,3.987,0,,False,False,True,,,,,,,,,,,,,,,False,False,9.566,,77.7,,75.7,,78.4,,1819,40,1,15,7,143758.1,19167.75,,Idle,,20,,10,,,20,Go Home,False,False,False,False,False,False,False,False,False,False,False,False,33.8027920380556,-117.4659261431046,115.2,2972.0,1049.4,396.9,True,1,1,False,False,False,False,,True,False,False,Course Lock,196.8,67,16.4,93,E,SW,5.81,5.81,Calm,False,False,Android,7.0.2,M300 RTK,1ZN7L4R0H1D00F,1W9DL31001461C,1ZMLH8300204F0,1Z6PH74DAP0QN7,"Corona, CA",728.3,5.7,137.7,8.547347,2.013246,0,0,DJI Matrice 300 RTK,M300 RTK,1ZN7L4R0H1D00F,1W9DL31001461C,1ZMLH8300204F0,1Z6PH74DAP0QN7,DJI Pilot,Android,7.0.2,1EF72A62-B7C3-C88D-164E-CE6F8C8424AE,1ZN7L4R0H1D00F,1W9DL31001461C,,1ZMLH8300204F0,1W9DL31001461C,,,,,
2023-11-01,11:25:02.67 AM,0m 40.3s,40.3,33.8025441775777,-117.4661661507084,18.3,18.3,15.0,1282,126.6,5.538403,5.538403,-3.802798,0,-4.026492,1.342164,-0.223694,0,1.2,-1.3,1.7,-133.5,226.5,230.3,Tripod,Other,,21,5,True,,True,False,,Smart,RC,False,True,False,,,True,,False,False,False,False,False,False,False,False,False,False,0,Follow Yaw,-88.9,0,-141.4,218.6,False,False,False,False,False,,0,0,False,False,No Card,100,100,1024,1324,1217,1122,2,False,False,False,False,False,0,False,False,False,False,97,,47.7,,4836,,4986,,47.7,,True,3.984,3.984,3.984,3.984,3.984,3.984,3.984,3.984,3.984,3.984,3.984,3.984,0,,False,False,True,,,,,,,,,,,,,,,False,False,9.566,,77.7,,75.7,,78.4,,1821,40,1,15,7,143775.8,19170.11,,Idle,,20,,10,,,20,Go Home,False,False,False,False,False,False,False,False,False,False,False,False,33.8027920380556,-117.4659261431046,116.0,2972.0,1049.4,396.9,True,1,1,False,False,False,False,,True,False,False,Course Lock,196.8,67,16.4,93,E,SW,5.81,5.81,Calm,False,False,Android,7.0.2,M300 RTK,1ZN7L4R0H1D00F,1W9DL31001461C,1ZMLH8300204F0,1Z6PH74DAP0QN7,"Corona, CA",728.3,5.7,137.7,8.547347,2.013246,0,0,DJI Matrice 300 RTK,M300 RTK,1ZN7L4R0H1D00F,1W9DL31001461C,1ZMLH8300204F0,1Z6PH74DAP0QN7,DJI Pilot,Android,7.0.2,1EF72A62-B7C3-C88D-164E-CE6F8C8424AE,1ZN7L4R0H1D00F,1W9DL31001461C,,1ZMLH8300204F0,1W9DL31001461C,,,,,
2023-11-01,11:25:02.77 AM,0m 40.4s,40.4,33.8025425815977,-117.466168156286,18.3,18.3,15.0,1282,127.5,5.538403,5.538403,-3.802798,0,-4.026492,1.342164,-0.223694,0,1.2,-1.4,1.8,-133.3,226.7,226.2,Tripod,Other,,21,5,True,,True,False,,Smart,RC,False,True,False,,,True,,False,False,False,False,False,False,False,False,False,False,0,Follow Yaw,-88.9,0,-141.2,218.8,False,False,False,False,False,,0,0,False,False,No Card,100,100,1024,1325,1213,1138,2,False,False,False,False,False,0,False,False,False,False,97,,47.7,,4836,,4986,,47.7,,True,3.984,3.984,3.984,3.984,3.984,3.984,3.984,3.984,3.984,3.984,3.984,3.984,0,,False,False,True,,,,,,,,,,,,,,,False,False,9.566,,77.7,,75.7,,78.4,,1821,40,1,15,7,143775.8,19170.11,,Idle,,20,,10,,,20,Go Home,False,False,False,False,False,False,False,False,False,False,False,False,33.8027920380556,-117.4659261431046,116.8,2972.0,1049.4,396.9,True,1,1,False,False,False,False,,True,False,False,Course Lock,196.8,67,16.4,93,E,SW,5.81,5.81,Calm,False,False,Android,7.0.2,M300 RTK,1ZN7L4R0H1D00F,1W9DL31001461C,1ZMLH8300204F0,1Z6PH74DAP0QN7,"Corona, CA",728.3,5.7,137.7,8.547347,2.013246,0,0,DJI Matrice 300 RTK,M300 RTK,1ZN7L4R0H1D00F,1W9DL31001461C,1ZMLH8300204F0,1Z6PH74DAP0QN7,DJI Pilot,Android,7.0.2,1EF72A62-B7C3-C88D-164E-CE6F8C8424AE,1ZN7L4R0H1D00F,1W9DL31001461C,,1ZMLH8300204F0,1W9DL31001461C,,,,,
2023-11-01,11:25:02.87 AM,0m 40.5s,40.5,33.8025409022823,-117.4661702324546,18.3,18.3,15.0,1282,128.3,5.538403,5.538403,-3.802798,0,-4.026492,1.342164,-0.223694,0,1.3,-1.3,1.8,-133.1,226.9,225.7,Tripod,Other,,21,5,True,,True,False,,Smart,RC,False,True,False,,,True,,False,False,False,False,False,False,False,False,False,False,0,Follow Yaw,-88.9,0,-141,219,False,False,False,False,False,,0,0,False,False,No Card,100,100,1024,1322,1216,1139,2,False,False,False,False,False,0,False,False,False,False,97,,47.7,,4836,,4986,,47.7,,True,3.984,3.984,3.984,3.984,3.984,3.984,3.984,3.984,3.984,3.984,3.984,3.984,0,,False,False,True,,,,,,,,,,,,,,,False,False,9.566,,77.7,,75.7,,78.4,,1821,40,1,15,7,143775.8,19170.11,,Idle,,20,,10,,,20,Go Home,False,False,False,False,False,False,False,False,False,False,False,False,33.8027920380556,-117.4659261431046,117.7,2972.0,1049.4,396.9,True,1,1,False,False,False,False,,True,False,False,Course Lock,196.8,67,16.4,93,E,SW,5.81,5.81,Calm,False,False,Android,7.0.2,M300 RTK,1ZN7L4R0H1D00F,1W9DL31001461C,1ZMLH8300204F0,1Z6PH74DAP0QN7,"Corona, CA",728.3,5.7,137.7,8.547347,2.013246,0,0,DJI Matrice 300 RTK,M300 RTK,1ZN7L4R0H1D00F,1W9DL31001461C,1ZMLH8300204F0,1Z6PH74DAP0QN7,DJI Pilot,Android,7.0.2,1EF72A62-B7C3-C88D-164E-CE6F8C8424AE,1ZN7L4R0H1D00F,1W9DL31001461C,,1ZMLH8300204F0,1W9DL31001461C,,,,,
2023-11-01,11:25:02.98 AM,0m 40.6s,40.6,33.8025393150744,-117.4661722446294,18.7,18.7,15.0,1282,129.2,5.387264,5.538403,-3.579104,0,-4.026492,1.342164,-0.223694,0,1.4,-1.1,1.7,-132.9,227.1,226.4,Tripod,Other,,21,5,True,,True,False,,Smart,RC,False,True,False,,,True,,False,False,False,False,False,False,False,False,False,False,0,Follow Yaw,-88.9,0,-140.8,219.2,False,False,False,False,False,,0,0,False,False,No Card,100,100,1024,1316,1220,1138,2,False,False,False,False,False,0,False,False,False,False,97,,47.7,,4836,,4986,,47.7,,True,3.984,3.984,3.984,3.984,3.984,3.984,3.984,3.984,3.984,3.984,3.984,3.984,0,,False,False,True,,,,,,,,,,,,,,,False,False,9.566,,77.7,,75.7,,78.4,,1821,40,1,15,7,143775.8,19170.11,,Idle,,20,,10,,,20,Go Home,False,False,False,False,False,False,False,False,False,False,False,False,33.8027920380556,-117.4659261431046,118.6,2972.0,1049.4,396.9,True,1,1,False,False,False,False,,True,False,False,Course Lock,196.8,67,16.4,93,E,SW,5.81,5.81,Calm,False,False,Android,7.0.2,M300 RTK,1ZN7L4R0H1D00F,1W9DL31001461C,1ZMLH8300204F0,1Z6PH74DAP0QN7,"Corona, CA",728.3,5.7,137.7,8.547347,2.013246,0,0,DJI Matrice 300 RTK,M300 RTK,1ZN7L4R0H1D00F,1W9DL31001461C,1ZMLH8300204F0,1Z6PH74DAP0QN7,DJI Pilot,Android,7.0.2,1EF72A62-B7C3-C88D-164E-CE6F8C8424AE,1ZN7L4R0H1D00F,1W9DL31001461C,,1ZMLH8300204F0,1W9DL31001461C,,,,,
2023-11-01,11:25:03.04 AM,0m 40.7s,40.7,33.8025376247938,-117.4661741195806,18.7,18.7,15.0,1282,130.0,5.387264,5.538403,-3.579104,0,-4.026492,1.342164,-0.223694,0,1.3,-0.9,1.5,-132.7,227.3,222.6,Tripod,Other,,21,5,True,,True,False,,Smart,RC,False,True,False,,,True,,False,False,False,False,False,False,False,False,False,False,0,Follow Yaw,-88.9,0,-140.6,219.4,False,False,False,False,False,,0,0,False,False,No Card,100,100,1024,1318,1221,1136,2,False,False,False,False,False,0,False,False,False,False,97,,47.7,,4836,,4986,,47.7,,True,3.984,3.984,3.984,3.984,3.984,3.984,3.984,3.984,3.984,3.984,3.984,3.984,0,,False,False,True,,,,,,,,,,,,,,,False,False,9.566,,77.7,,75.7,,78.4,,1821,40,1,15,7,143775.8,19170.11,,Idle,,20,,10,,,20,Go Home,False,False,False,False,False,False,False,False,False,False,False,False,33.8027920380556,-117.4659261431046,119.4,2972.0,1049.4,396.9,True,1,1,False,False,False,False,,True,False,False,Course Lock,196.8,67,16.4,93,E,SW,5.81,5.81,Calm,False,False,Android,7.0.2,M300 RTK,1ZN7L4R0H1D00F,1W9DL31001461C,1ZMLH8300204F0,1Z6PH74DAP0QN7,"Corona, CA",728.3,5.7,137.7,8.547347,2.013246,0,0,DJI Matrice 300 RTK,M300 RTK,1ZN7L4R0H1D00F,1W9DL31001461C,1ZMLH8300204F0,1Z6PH74DAP0QN7,DJI Pilot,Android,7.0.2,1EF72A62-B7C3-C88D-164E-CE6F8C8424AE,1ZN7L4R0H1D00F,1W9DL31001461C,,1ZMLH8300204F0,1W9DL31001461C,,,,,
2023-11-01,11:25:03.14 AM,0m 40.8s,40.8,33.8025360518406,-117.4661761251581,18.7,18.7,15.0,1282,130.9,5.387264,5.538403,-3.579104,0,-4.026492,1.342164,-0.223694,0,1.2,-1,1.5,-132.6,227.4,226.6,Tripod,Other,,21,5,True,,True,False,,Smart,RC,False,True,False,,,True,,False,False,False,False,False,False,False,False,False,False,0,Follow Yaw,-88.9,0,-140.4,219.6,False,False,False,False,False,,0,0,False,False,No Card,100,100,1024,1320,1221,1136,2,False,False,False,False,False,0,False,False,False,False,97,,47.7,,4836,,4986,,47.7,,True,3.984,3.984,3.984,3.984,3.984,3.984,3.984,3.984,3.984,3.984,3.984,3.984,0,,False,False,True,,,,,,,,,,,,,,,False,False,9.566,,77.7,,75.7,,78.4,,1821,40,1,15,7,143775.8,19170.11,,Idle,,20,,10,,,20,Go Home,False,False,False,False,False,False,False,False,False,False,False,False,33.8027920380556,-117.4659261431046,120.2,2972.0,1049.4,396.9,True,1,1,False,False,False,False,,True,False,False,Course Lock,196.8,67,16.4,93,E,SW,5.81,5.81,Calm,False,False,Android,7.0.2,M300 RTK,1ZN7L4R0H1D00F,1W9DL31001461C,1ZMLH8300204F0,1Z6PH74DAP0QN7,"Corona, CA",728.3,5.7,137.7,8.547347,2.013246,0,0,DJI Matrice 300 RTK,M300 RTK,1ZN7L4R0H1D00F,1W9DL31001461C,1ZMLH8300204F0,1Z6PH74DAP0QN7,DJI Pilot,Android,7.0.2,1EF72A62-B7C3-C88D-164E-CE6F8C8424AE,1ZN7L4R0H1D00F,1W9DL31001461C,,1ZMLH8300204F0,1W9DL31001461C,,,,,
2023-11-01,11:25:03.24 AM,0m 40.9s,40.9,33.8025345178137,-117.4661781624027,18.7,18.7,15.0,1282,131.7,5.387264,5.538403,-3.579104,0,-4.026492,1.342164,-0.223694,0,1.1,-1.2,1.6,-132.5,227.5,227.8,Tripod,Other,,21,5,True,,True,False,,Smart,RC,False,True,False,,,True,,False,False,False,False,False,False,False,False,False,False,0,Follow Yaw,-88.9,0,-140.2,219.8,False,False,False,False,False,,0,0,False,False,No Card,100,100,1024,1321,1220,1137,2,False,False,False,False,False,0,False,False,False,False,97,,47.7,,4836,,4986,,47.7,,True,3.984,3.984,3.984,3.984,3.984,3.984,3.984,3.984,3.984,3.984,3.984,3.984,0,,False,False,True,,,,,,,,,,,,,,,False,False,9.566,,77.7,,75.7,,78.4,,1821,40,1,15,7,143775.8,19170.11,,Idle,,20,,10,,,20,Go Home,False,False,False,False,False,False,False,False,False,False,False,False,33.8027920380556,-117.4659261431046,121.0,2972.0,1049.4,396.9,True,1,1,False,False,False,False,,True,False,False,Course Lock,196.8,67,16.4,93,E,SW,5.81,5.81,Calm,False,False,Android,7.0.2,M300 RTK,1ZN7L4R0H1D00F,1W9DL31001461C,1ZMLH8300204F0,1Z6PH74DAP0QN7,"Corona, CA",728.3,5.7,137.7,8.547347,2.013246,0,0,DJI Matrice 300 RTK,M300 RTK,1ZN7L4R0H1D00F,1W9DL31001461C,1ZMLH8300204F0,1Z6PH74DAP0QN7,DJI Pilot,Android,7.0.2,1EF72A62-B7C3-C88D-164E-CE6F8C8424AE,1ZN7L4R0H1D00F,1W9DL31001461C,,1ZMLH8300204F0,1W9DL31001461C,,,,,
2023-11-01,11:25:03.34 AM,0m 41.0s,41.0,33.8025329607599,-117.4661801811749,18.7,18.7,15.0,1282,132.5,5.387264,5.538403,-3.579104,0,-4.026492,1.342164,-0.223694,0,1.1,-1.4,1.7,-132.4,227.6,227.1,Tripod,Other,,21,5,True,,True,False,,Smart,RC,False,True,False,,,True,,False,False,False,False,False,False,False,False,False,False,0,Follow Yaw,-88.9,0,-140,220,False,False,False,False,False,,0,0,False,False,No Card,100,100,1024,1320,1221,1137,2,False,False,False,False,False,0,False,False,False,False,97,,47.748,,9742,,10044,,47.748,,True,3.984,3.984,3.984,3.984,3.984,3.984,3.984,3.984,3.984,3.984,3.984,3.984,0,,False,False,True,,,,,,,,,,,,,,,False,False,19.584,,78.4,,75.7,,78.4,,1821,40,1,15,7,143775.8,19170.11,,Idle,,20,,10,,,20,Go Home,False,False,False,False,False,False,False,False,False,False,False,False,33.8027920380556,-117.4659261431046,121.9,2972.0,1049.4,396.9,True,1,1,False,False,False,False,,True,False,False,Course Lock,196.8,67,16.4,93,E,SW,5.81,5.81,Calm,False,False,Android,7.0.2,M300 RTK,1ZN7L4R0H1D00F,1W9DL31001461C,1ZMLH8300204F0,1Z6PH74DAP0QN7,"Corona, CA",728.3,5.7,137.7,8.547347,2.013246,0,0,DJI Matrice 300 RTK,M300 RTK,1ZN7L4R0H1D00F,1W9DL31001461C,1ZMLH8300204F0,1Z6PH74DAP0QN7,DJI Pilot,Android,7.0.2,1EF72A62-B7C3-C88D-164E-CE6F8C8424AE,1ZN7L4R0H1D00F,1W9DL31001461C,,1ZMLH8300204F0,1W9DL31001461C,,,,,
2023-11-01,11:25:03.44 AM,0m 41.1s,41.1,33.8025313795828,-117.4661823952269,18.7,18.7,15.0,1282,133.4,5.387264,5.538403,-3.579104,0,-4.026492,1.342164,-0.223694,0,1.2,-1.3,1.7,-132.2,227.8,229.3,Tripod,Other,,21,5,True,,True,False,,Smart,RC,False,True,False,,,True,,False,False,False,False,False,False,False,False,False,False,0,Follow Yaw,-88.9,0,-139.8,220.2,False,False,False,False,False,,0,0,False,False,No Card,100,100,1024,1317,1228,1093,2,False,False,False,False,False,0,False,False,False,False,97,,47.748,,9742,,10044,,47.748,,True,3.984,3.984,3.984,3.984,3.984,3.984,3.984,3.984,3.984,3.984,3.984,3.984,0,,False,False,True,,,,,,,,,,,,,,,False,False,19.584,,78.4,,75.7,,78.4,,1821,40,1,15,7,143775.8,19170.11,,Idle,,20,,10,,,20,Go Home,False,False,False,False,False,False,False,False,False,False,False,False,33.8027920380556,-117.4659261431046,122.7,2972.0,1049.4,396.9,True,1,1,False,False,False,False,,True,False,False,Course Lock,196.8,67,16.4,93,E,SW,5.81,5.81,Calm,False,False,Android,7.0.2,M300 RTK,1ZN7L4R0H1D00F,1W9DL31001461C,1ZMLH8300204F0,1Z6PH74DAP0QN7,"Corona, CA",728.3,5.7,137.7,8.547347,2.013246,0,0,DJI Matrice 300 RTK,M300 RTK,1ZN7L4R0H1D00F,1W9DL31001461C,1ZMLH8300204F0,1Z6PH74DAP0QN7,DJI Pilot,Android,7.0.2,1EF72A62-B7C3-C88D-164E-CE6F8C8424AE,1ZN7L4R0H1D00F,1W9DL31001461C,,1ZMLH8300204F0,1W9DL31001461C,,,,,
2023-11-01,11:25:03.54 AM,0m 41.2s,41.2,33.8025298269151,-117.4661844271937,18.7,18.7,15.0,1282,134.2,5.387264,5.538403,-3.579104,0,-4.026492,1.342164,-0.223694,0,1.3,-1.1,1.7,-132,228,227.3,Tripod,Other,,21,5,True,,True,False,,Smart,RC,False,True,False,,,True,,False,False,False,False,False,False,False,False,False,False,0,Follow Yaw,-88.9,0,-139.7,220.3,False,False,False,False,False,,0,0,False,False,No Card,100,100,1024,1314,1251,1024,2,False,False,False,False,False,0,False,False,False,False,97,,47.748,,9742,,10044,,47.748,,True,3.984,3.984,3.984,3.984,3.984,3.984,3.984,3.984,3.984,3.984,3.984,3.984,0,,False,False,True,,,,,,,,,,,,,,,False,False,19.584,,78.4,,75.7,,78.4,,1821,40,1,15,7,143775.8,19170.11,,Idle,,20,,10,,,20,Go Home,False,False,False,False,False,False,False,False,False,False,False,False,33.8027920380556,-117.4659261431046,123.6,2972.0,1049.4,396.9,True,1,1,False,False,False,False,,True,False,False,Course Lock,196.8,67,16.4,93,E,SW,5.81,5.81,Calm,False,False,Android,7.0.2,M300 RTK,1ZN7L4R0H1D00F,1W9DL31001461C,1ZMLH8300204F0,1Z6PH74DAP0QN7,"Corona, CA",728.3,5.7,137.7,8.547347,2.013246,0,0,DJI Matrice 300 RTK,M300 RTK,1ZN7L4R0H1D00F,1W9DL31001461C,1ZMLH8300204F0,1Z6PH74DAP0QN7,DJI Pilot,Android,7.0.2,1EF72A62-B7C3-C88D-164E-CE6F8C8424AE,1ZN7L4R0H1D00F,1W9DL31001461C,,1ZMLH8300204F0,1W9DL31001461C,,,,,
2023-11-01,11:25:03.64 AM,0m 41.3s,41.3,33.8025283422315,-117.4661865706548,19.0,19.0,15.0,1283,135.1,5.387264,5.538403,-3.579104,0,-4.026492,1.342164,-0.223694,0,1.3,-1,1.6,-131.9,228.1,230.1,Tripod,Other,,21,5,True,,True,False,,Smart,RC,False,True,False,,,True,,False,False,False,False,False,False,False,False,False,False,0,Follow Yaw,-88.9,0,-139.6,220.4,False,False,False,False,False,,0,0,False,False,No Card,100,100,1024,1314,1252,1024,2,False,False,False,False,False,0,False,False,False,False,97,,47.748,,9742,,10044,,47.748,,True,3.98,3.98,3.98,3.98,3.98,3.98,3.98,3.98,3.98,3.98,3.98,3.98,0,,False,False,True,,,,,,,,,,,,,,,False,False,19.584,,78.4,,75.7,,78.4,,1821,40,1,15,7,144024.2,19203.22,,Idle,,20,,10,,,20,Go Home,False,False,False,False,False,False,False,False,False,False,False,False,33.8027920380556,-117.4659261431046,124.4,2972.0,1049.4,396.9,True,1,1,False,False,False,False,,True,False,False,Course Lock,196.8,67,16.4,93,E,SW,6.03,6.03,Calm,False,False,Android,7.0.2,M300 RTK,1ZN7L4R0H1D00F,1W9DL31001461C,1ZMLH8300204F0,1Z6PH74DAP0QN7,"Corona, CA",728.3,5.7,137.7,8.547347,2.013246,0,0,DJI Matrice 300 RTK,M300 RTK,1ZN7L4R0H1D00F,1W9DL31001461C,1ZMLH8300204F0,1Z6PH74DAP0QN7,DJI Pilot,Android,7.0.2,1EF72A62-B7C3-C88D-164E-CE6F8C8424AE,1ZN7L4R0H1D00F,1W9DL31001461C,,1ZMLH8300204F0,1W9DL31001461C,,,,,
2023-11-01,11:25:03.74 AM,0m 41.4s,41.4,33.8025268158802,-117.4661886158161,19.0,19.0,15.0,1283,135.9,5.387264,5.538403,-3.579104,0,-4.026492,1.342164,-0.223694,0,1.3,-1.2,1.7,-131.8,228.2,228.0,Tripod,Other,,21,5,True,,True,False,,Smart,RC,False,True,False,,,True,,False,False,False,False,False,False,False,False,False,False,0,Follow Yaw,-88.9,0,-139.6,220.4,False,False,False,False,False,,0,0,False,False,No Card,100,100,1024,1315,1254,1024,2,False,False,False,False,False,0,False,False,False,False,97,,47.748,,9742,,10044,,47.748,,True,3.98,3.98,3.98,3.98,3.98,3.98,3.98,3.98,3.98,3.98,3.98,3.98,0,,False,False,True,,,,,,,,,,,,,,,False,False,19.584,,78.4,,75.7,,78.4,,1821,40,1,15,7,144024.2,19203.22,,Idle,,20,,10,,,20,Go Home,False,False,False,False,False,False,False,False,False,False,False,False,33.8027920380556,-117.4659261431046,125.2,2972.0,1049.4,396.9,True,1,1,False,False,False,False,,True,False,False,Course Lock,196.8,67,16.4,93,E,SW,6.03,6.03,Calm,False,False,Android,7.0.2,M300 RTK,1ZN7L4R0H1D00F,1W9DL31001461C,1ZMLH8300204F0,1Z6PH74DAP0QN7,"Corona, CA",728.3,5.7,137.7,8.547347,2.013246,0,0,DJI Matrice 300 RTK,M300 RTK,1ZN7L4R0H1D00F,1W9DL31001461C,1ZMLH8300204F0,1Z6PH74DAP0QN7,DJI Pilot,Android,7.0.2,1EF72A62-B7C3-C88D-164E-CE6F8C8424AE,1ZN7L4R0H1D00F,1W9DL31001461C,,1ZMLH8300204F0,1W9DL31001461C,,,,,
2023-11-01,11:25:03.84 AM,0m 41.5s,41.5,33.8025253098145,-117.466190596324,19.0,19.0,15.0,1283,136.7,5.387264,5.538403,-3.579104,0,-4.026492,1.342164,-0.223694,0,1.1,-1.3,1.7,-131.7,228.3,227.5,Tripod,Other,,21,5,True,,True,False,,Smart,RC,False,True,False,,,True,,False,False,False,False,False,False,False,False,False,False,0,Follow Yaw,-88.9,0,-139.6,220.4,False,False,False,False,False,,0,0,False,False,No Card,100,100,1024,1316,1253,1024,2,False,False,False,False,False,0,False,False,False,False,97,,47.748,,9742,,10044,,47.748,,True,3.98,3.98,3.98,3.98,3.98,3.98,3.98,3.98,3.98,3.98,3.98,3.98,0,,False,False,True,,,,,,,,,,,,,,,False,False,19.584,,78.4,,75.7,,78.4,,1821,40,1,15,7,144024.2,19203.22,,Idle,,20,,10,,,20,Go Home,False,False,False,False,False,False,False,False,False,False,False,False,33.8027920380556,-117.4659261431046,126.0,2972.0,1049.4,396.9,True,1,1,False,False,False,False,,True,False,False,Course Lock,196.8,67,16.4,93,E,SW,6.03,6.03,Calm,False,False,Android,7.0.2,M300 RTK,1ZN7L4R0H1D00F,1W9DL31001461C,1ZMLH8300204F0,1Z6PH74DAP0QN7,"Corona, CA",728.3,5.7,137.7,8.547347,2.013246,0,0,DJI Matrice 300 RTK,M300 RTK,1ZN7L4R0H1D00F,1W9DL31001461C,1ZMLH8300204F0,1Z6PH74DAP0QN7,DJI Pilot,Android,7.0.2,1EF72A62-B7C3-C88D-164E-CE6F8C8424AE,1ZN7L4R0H1D00F,1W9DL31001461C,,1ZMLH8300204F0,1W9DL31001461C,,,,,
2023-11-01,11:25:03.94 AM,0m 41.6s,41.6,33.8025237911388,-117.4661926414853,19.0,19.0,15.0,1283,137.6,5.387264,5.538403,-3.579104,0,-4.026492,1.342164,-0.223694,0,1.1,-1.5,1.8,-131.7,228.3,228.2,Tripod,Other,,21,5,True,,True,False,,Smart,RC,False,True,False,,,True,,False,False,False,False,False,False,False,False,False,False,0,Follow Yaw,-88.9,0,-139.6,220.4,False,False,False,False,False,,0,0,False,False,No Card,100,100,1024,1318,1253,1024,2,False,False,False,False,False,0,False,False,False,False,97,,47.748,,9742,,10044,,47.748,,True,3.98,3.98,3.98,3.98,3.98,3.98,3.98,3.98,3.98,3.98,3.98,3.98,0,,False,False,True,,,,,,,,,,,,,,,False,False,19.584,,78.4,,75.7,,78.4,,1821,40,1,15,7,144024.2,19203.22,,Idle,,20,,10,,,20,Go Home,False,False,False,False,False,False,False,False,False,False,False,False,33.8027920380556,-117.4659261431046,126.8,2972.0,1049.4,396.9,True,1,1,False,False,False,False,,True,False,False,Course Lock,196.8,67,16.4,93,E,SW,6.03,6.03,Calm,False,False,Android,7.0.2,M300 RTK,1ZN7L4R0H1D00F,1W9DL31001461C,1ZMLH8300204F0,1Z6PH74DAP0QN7,"Corona, CA",728.3,5.7,137.7,8.547347,2.013246,0,0,DJI Matrice 300 RTK,M300 RTK,1ZN7L4R0H1D00F,1W9DL31001461C,1ZMLH8300204F0,1Z6PH74DAP0QN7,DJI Pilot,Android,7.0.2,1EF72A62-B7C3-C88D-164E-CE6F8C8424AE,1ZN7L4R0H1D00F,1W9DL31001461C,,1ZMLH8300204F0,1W9DL31001461C,,,,,
2023-11-01,11:25:04.04 AM,0m 41.7s,41.7,33.8025224111726,-117.4661947790086,19.0,19.0,15.0,1283,138.4,5.387264,5.538403,-3.579104,0,-4.026492,1.342164,-0.223694,0,1.2,-1.7,2,-131.7,228.3,232.1,Tripod,Other,,21,5,True,,True,False,,Smart,RC,False,True,False,,,True,,False,False,False,False,False,False,False,False,False,False,0,Follow Yaw,-88.9,0,-139.6,220.4,False,False,False,False,False,,0,0,False,False,No Card,100,100,1024,1317,1252,1024,2,False,False,False,False,False,0,False,False,False,False,97,,47.736,,4836,,4986,,47.736,,True,3.98,3.98,3.98,3.98,3.98,3.98,3.98,3.98,3.98,3.98,3.98,3.98,0,,False,False,True,,,,,,,,,,,,,,,False,False,9.566,,77.7,,75.7,,78.4,,1821,40,1,15,7,144024.2,19203.22,,Idle,,20,,10,,,20,Go Home,False,False,False,False,False,False,False,False,False,False,False,False,33.8027920380556,-117.4659261431046,127.6,2972.0,1049.4,396.9,True,1,1,False,False,False,False,,True,False,False,Course Lock,196.8,67,16.4,93,E,SW,6.03,6.03,Calm,False,False,Android,7.0.2,M300 RTK,1ZN7L4R0H1D00F,1W9DL31001461C,1ZMLH8300204F0,1Z6PH74DAP0QN7,"Corona, CA",728.3,5.7,137.7,8.547347,2.013246,0,0,DJI Matrice 300 RTK,M300 RTK,1ZN7L4R0H1D00F,1W9DL31001461C,1ZMLH8300204F0,1Z6PH74DAP0QN7,DJI Pilot,Android,7.0.2,1EF72A62-B7C3-C88D-164E-CE6F8C8424AE,1ZN7L4R0H1D00F,1W9DL31001461C,,1ZMLH8300204F0,1W9DL31001461C,,,,,
2023-11-01,11:25:04.14 AM,0m 41.8s,41.8,33.8025209089446,-117.4661968248297,19.0,19.0,15.0,1283,139.2,5.387264,5.538403,-3.579104,0,-4.026492,1.342164,-0.223694,0,1.2,-1.7,2,-131.6,228.4,228.5,Tripod,Other,,21,5,True,,True,False,,Smart,RC,False,True,False,,,True,,False,False,False,False,False,False,False,False,False,False,0,Follow Yaw,-88.9,0,-139.6,220.4,False,False,False,False,False,,0,0,False,False,No Card,100,100,1024,1317,1251,1024,2,False,False,False,False,False,0,False,False,False,False,97,,47.736,,4836,,4986,,47.736,,True,3.98,3.98,3.98,3.98,3.98,3.98,3.98,3.98,3.98,3.98,3.98,3.98,0,,False,False,True,,,,,,,,,,,,,,,False,False,9.566,,77.7,,75.7,,78.4,,1821,40,1,15,7,144024.2,19203.22,,Idle,,20,,10,,,20,Go Home,False,False,False,False,False,False,False,False,False,False,False,False,33.8027920380556,-117.4659261431046,128.5,2972.0,1049.4,396.9,True,1,1,False,False,False,False,,True,False,False,Course Lock,196.8,67,16.4,93,E,SW,6.03,6.03,Calm,False,False,Android,7.0.2,M300 RTK,1ZN7L4R0H1D00F,1W9DL31001461C,1ZMLH8300204F0,1Z6PH74DAP0QN7,"Corona, CA",728.3,5.7,137.7,8.547347,2.013246,0,0,DJI Matrice 300 RTK,M300 RTK,1ZN7L4R0H1D00F,1W9DL31001461C,1ZMLH8300204F0,1Z6PH74DAP0QN7,DJI Pilot,Android,7.0.2,1EF72A62-B7C3-C88D-164E-CE6F8C8424AE,1ZN7L4R0H1D00F,1W9DL31001461C,,1ZMLH8300204F0,1W9DL31001461C,,,,,
2023-11-01,11:25:04.24 AM,0m 41.9s,41.9,33.8025192915825,-117.4661987208922,19.3,19.3,15.0,1283,140.0,5.387264,5.538403,-3.579104,0,-4.026492,1.342164,-0.223694,0,1.2,-1.6,2,-131.6,228.4,224.2,Tripod,Other,,21,5,True,,True,False,,Smart,RC,False,True,False,,,True,,False,False,False,False,False,False,False,False,False,False,0,Follow Yaw,-88.9,0,-139.6,220.4,False,False,False,False,False,,0,0,False,False,No Card,100,100,1024,1318,1246,1024,2,False,False,False,False,False,0,False,False,False,False,97,,47.736,,4836,,4986,,47.736,,True,3.98,3.98,3.98,3.98,3.98,3.98,3.98,3.98,3.98,3.98,3.98,3.98,0,,False,False,True,,,,,,,,,,,,,,,False,False,9.566,,77.7,,75.7,,78.4,,1821,40,1,15,7,144024.2,19203.22,,Idle,,20,,10,,,20,Go Home,False,False,False,False,False,False,False,False,False,False,False,False,33.8027920380556,-117.4659261431046,129.3,2972.0,1049.4,396.9,True,1,1,False,False,False,False,,True,False,False,Course Lock,196.8,67,16.4,93,E,SW,6.03,6.03,Calm,False,False,Android,7.0.2,M300 RTK,1ZN7L4R0H1D00F,1W9DL31001461C,1ZMLH8300204F0,1Z6PH74DAP0QN7,"Corona, CA",728.3,5.7,137.7,8.547347,2.013246,0,0,DJI Matrice 300 RTK,M300 RTK,1ZN7L4R0H1D00F,1W9DL31001461C,1ZMLH8300204F0,1Z6PH74DAP0QN7,DJI Pilot,Android,7.0.2,1EF72A62-B7C3-C88D-164E-CE6F8C8424AE,1ZN7L4R0H1D00F,1W9DL31001461C,,1ZMLH8300204F0,1W9DL31001461C,,,,,
2023-11-01,11:25:04.34 AM,0m 42.0s,42.0,33.8025177783894,-117.46620075022,19.3,19.3,15.0,1283,140.9,5.387264,5.538403,-3.579104,0,-4.026492,1.342164,-0.447388,0,1.2,-1.6,2,-131.7,228.3,228.0,Tripod,Other,,21,5,True,,True,False,,Smart,RC,False,True,False,,,True,,False,False,False,False,False,False,False,False,False,False,0,Follow Yaw,-88.9,0,-139.6,220.4,False,False,False,False,False,,0,0,False,False,No Card,100,100,1024,1322,1238,1024,2,False,False,False,False,False,0,False,False,False,False,97,,47.76,,9742,,10044,,47.76,,True,3.98,3.98,3.98,3.98,3.98,3.98,3.98,3.98,3.98,3.98,3.98,3.98,0,,False,False,True,,,,,,,,,,,,,,,False,False,19.658,,78.6,,75.7,,78.6,,1821,40,1,15,7,144024.2,19203.22,,Idle,,20,,10,,,20,Go Home,False,False,False,False,False,False,False,False,False,False,False,False,33.8027920380556,-117.4659261431046,130.1,2972.0,1049.4,396.9,True,1,1,False,False,False,False,,True,False,False,Course Lock,196.8,67,16.4,93,E,SW,6.03,6.03,Calm,False,False,Android,7.0.2,M300 RTK,1ZN7L4R0H1D00F,1W9DL31001461C,1ZMLH8300204F0,1Z6PH74DAP0QN7,"Corona, CA",728.3,5.7,137.7,8.547347,2.013246,0,0,DJI Matrice 300 RTK,M300 RTK,1ZN7L4R0H1D00F,1W9DL31001461C,1ZMLH8300204F0,1Z6PH74DAP0QN7,DJI Pilot,Android,7.0.2,1EF72A62-B7C3-C88D-164E-CE6F8C8424AE,1ZN7L4R0H1D00F,1W9DL31001461C,,1ZMLH8300204F0,1W9DL31001461C,,,,,
2023-11-01,11:25:04.44 AM,0m 42.1s,42.1,33.8025161484173,-117.4662028026384,19.3,19.3,15.0,1283,141.7,5.387264,5.538403,-3.579104,0,-4.026492,1.342164,-0.447388,0,1.3,-1.7,2.1,-131.7,228.3,226.2,Tripod,Other,,21,5,True,,True,False,,Smart,RC,False,True,False,,,True,,False,False,False,False,False,False,False,False,False,False,0,Follow Yaw,-88.9,0,-139.6,220.4,False,False,False,False,False,,0,0,False,False,No Card,100,100,1024,1321,1229,1024,2,False,False,False,False,False,0,False,False,False,False,97,,47.76,,9742,,10044,,47.76,,True,3.98,3.98,3.98,3.98,3.98,3.98,3.98,3.98,3.98,3.98,3.98,3.98,0,,False,False,True,,,,,,,,,,,,,,,False,False,19.658,,78.6,,75.7,,78.6,,1821,40,1,15,7,144024.2,19203.22,,Idle,,20,,10,,,20,Go Home,False,False,False,False,False,False,False,False,False,False,False,False,33.8027920380556,-117.4659261431046,131.0,2972.0,1049.4,396.9,True,1,1,False,False,False,False,,True,False,False,Course Lock,196.8,67,16.4,93,E,SW,6.03,6.03,Calm,False,False,Android,7.0.2,M300 RTK,1ZN7L4R0H1D00F,1W9DL31001461C,1ZMLH8300204F0,1Z6PH74DAP0QN7,"Corona, CA",728.3,5.7,137.7,8.547347,2.013246,0,0,DJI Matrice 300 RTK,M300 RTK,1ZN7L4R0H1D00F,1W9DL31001461C,1ZMLH8300204F0,1Z6PH74DAP0QN7,DJI Pilot,Android,7.0.2,1EF72A62-B7C3-C88D-164E-CE6F8C8424AE,1ZN7L4R0H1D00F,1W9DL31001461C,,1ZMLH8300204F0,1W9DL31001461C,,,,,
2023-11-01,11:25:04.51 AM,0m 42.2s,42.2,33.8025146242591,-117.4662048194313,19.3,19.3,15.0,1283,142.6,5.387264,5.538403,-3.579104,0,-4.026492,1.342164,-0.447388,0,1.3,-1.7,2.1,-131.7,228.3,227.7,Tripod,Other,,21,5,True,,True,False,,Smart,RC,False,True,False,,,True,,False,False,False,False,False,False,False,False,False,False,0,Follow Yaw,-88.9,0,-139.6,220.4,False,False,False,False,False,,0,0,False,False,No Card,100,100,1024,1320,1221,1024,2,False,False,False,False,False,0,False,False,False,False,97,,47.76,,9742,,10044,,47.76,,True,3.98,3.98,3.98,3.98,3.98,3.98,3.98,3.98,3.98,3.98,3.98,3.98,0,,False,False,True,,,,,,,,,,,,,,,False,False,19.658,,78.6,,75.7,,78.6,,1821,40,1,15,7,144024.2,19203.22,,Idle,,20,,10,,,20,Go Home,False,False,False,False,False,False,False,False,False,False,False,False,33.8027920380556,-117.4659261431046,131.8,2972.0,1049.4,396.9,True,1,1,False,False,False,False,,True,False,False,Course Lock,196.8,67,16.4,93,E,SW,6.03,6.03,Calm,False,False,Android,7.0.2,M300 RTK,1ZN7L4R0H1D00F,1W9DL31001461C,1ZMLH8300204F0,1Z6PH74DAP0QN7,"Corona, CA",728.3,5.7,137.7,8.547347,2.013246,0,0,DJI Matrice 300 RTK,M300 RTK,1ZN7L4R0H1D00F,1W9DL31001461C,1ZMLH8300204F0,1Z6PH74DAP0QN7,DJI Pilot,Android,7.0.2,1EF72A62-B7C3-C88D-164E-CE6F8C8424AE,1ZN7L4R0H1D00F,1W9DL31001461C,,1ZMLH8300204F0,1W9DL31001461C,,,,,
2023-11-01,11:25:04.64 AM,0m 42.3s,42.3,33.8025131933047,-117.4662068791067,19.3,19.3,15.0,1283,143.4,5.387264,5.538403,-3.579104,0,-4.026492,1.342164,-0.447388,0,1.4,-1.8,2.2,-131.7,228.3,230.1,Tripod,Other,,21,5,True,,True,False,,Smart,RC,False,True,False,,,True,,False,False,False,False,False,False,False,False,False,False,0,Follow Yaw,-88.9,0,-139.6,220.4,False,False,False,False,False,,0,0,False,False,No Card,100,100,1024,1325,1216,1024,2,False,False,False,False,False,0,False,False,False,False,97,,47.76,,9742,,10044,,47.76,,True,3.982,3.982,3.982,3.982,3.982,3.982,3.982,3.982,3.982,3.982,3.982,3.982,0,,False,False,True,,,,,,,,,,,,,,,False,False,19.658,,78.6,,75.7,,78.6,,1822,40,2,15,7,144421.3,19256.17,,Idle,,20,,10,,,20,Go Home,False,False,False,False,False,False,False,False,False,False,False,False,33.8027920380556,-117.4659261431046,132.6,2972.0,1049.4,396.9,True,1,1,False,False,False,False,,True,False,False,Course Lock,196.8,67,16.4,93,E,SW,6.03,6.03,Calm,False,False,Android,7.0.2,M300 RTK,1ZN7L4R0H1D00F,1W9DL31001461C,1ZMLH8300204F0,1Z6PH74DAP0QN7,"Corona, CA",728.3,5.7,137.7,8.547347,2.013246,0,0,DJI Matrice 300 RTK,M300 RTK,1ZN7L4R0H1D00F,1W9DL31001461C,1ZMLH8300204F0,1Z6PH74DAP0QN7,DJI Pilot,Android,7.0.2,1EF72A62-B7C3-C88D-164E-CE6F8C8424AE,1ZN7L4R0H1D00F,1W9DL31001461C,,1ZMLH8300204F0,1W9DL31001461C,,,,,
2023-11-01,11:25:04.72 AM,0m 42.4s,42.4,33.8025116801117,-117.4662088846842,19.6,19.6,15.4,1283,144.2,5.387264,5.538403,-3.579104,0,-4.026492,1.342164,-0.447388,0,1.3,-1.7,2.1,-131.7,228.3,227.7,Tripod,Other,,21,5,True,,True,False,,Smart,RC,False,True,False,,,True,,False,False,False,False,False,False,False,False,False,False,0,Follow Yaw,-88.9,0,-139.6,220.4,False,False,False,False,False,,0,0,False,False,No Card,100,100,1024,1325,1216,1024,2,False,False,False,False,False,0,False,False,False,False,97,,47.76,,9742,,10044,,47.76,,True,3.982,3.982,3.982,3.982,3.982,3.982,3.982,3.982,3.982,3.982,3.982,3.982,0,,False,False,True,,,,,,,,,,,,,,,False,False,19.658,,78.6,,75.7,,78.6,,1822,40,2,15,7,144421.3,19256.17,,Idle,,20,,10,,,20,Go Home,False,False,False,False,False,False,False,False,False,False,False,False,33.8027920380556,-117.4659261431046,133.4,2972.0,1049.4,396.9,True,1,1,False,False,False,False,,True,False,False,Course Lock,196.8,67,16.4,93,E,SW,6.03,6.03,Calm,False,False,Android,7.0.2,M300 RTK,1ZN7L4R0H1D00F,1W9DL31001461C,1ZMLH8300204F0,1Z6PH74DAP0QN7,"Corona, CA",728.3,5.7,137.7,8.547347,2.013246,0,0,DJI Matrice 300 RTK,M300 RTK,1ZN7L4R0H1D00F,1W9DL31001461C,1ZMLH8300204F0,1Z6PH74DAP0QN7,DJI Pilot,Android,7.0.2,1EF72A62-B7C3-C88D-164E-CE6F8C8424AE,1ZN7L4R0H1D00F,1W9DL31001461C,,1ZMLH8300204F0,1W9DL31001461C,,,,,
2023-11-01,11:25:04.84 AM,0m 42.5s,42.5,33.8025100479465,-117.4662107794272,19.6,19.6,15.4,1283,145.0,5.387264,5.538403,-3.579104,0,-4.026492,1.342164,-0.447388,0,1.2,-1.6,2,-131.7,228.3,223.9,Tripod,Other,,21,5,True,,True,False,,Smart,RC,False,True,False,,,True,,False,False,False,False,False,False,False,False,False,False,0,Follow Yaw,-88.9,0,-139.6,220.4,False,False,False,False,False,,0,0,False,False,No Card,100,100,1024,1337,1216,1024,2,False,False,False,False,False,0,False,False,False,False,97,,47.76,,9742,,10044,,47.76,,True,3.982,3.982,3.982,3.982,3.982,3.982,3.982,3.982,3.982,3.982,3.982,3.982,0,,False,False,True,,,,,,,,,,,,,,,False,False,19.658,,78.6,,75.7,,78.6,,1822,40,2,15,7,144421.3,19256.17,,Idle,,20,,10,,,20,Go Home,False,False,False,False,False,False,False,False,False,False,False,False,33.8027920380556,-117.4659261431046,134.2,2972.0,1049.4,396.9,True,1,1,False,False,False,False,,True,False,False,Course Lock,196.8,67,16.4,93,E,SW,6.03,6.03,Calm,False,False,Android,7.0.2,M300 RTK,1ZN7L4R0H1D00F,1W9DL31001461C,1ZMLH8300204F0,1Z6PH74DAP0QN7,"Corona, CA",728.3,5.7,137.7,8.547347,2.013246,0,0,DJI Matrice 300 RTK,M300 RTK,1ZN7L4R0H1D00F,1W9DL31001461C,1ZMLH8300204F0,1Z6PH74DAP0QN7,DJI Pilot,Android,7.0.2,1EF72A62-B7C3-C88D-164E-CE6F8C8424AE,1ZN7L4R0H1D00F,1W9DL31001461C,,1ZMLH8300204F0,1W9DL31001461C,,,,,
2023-11-01,11:25:04.94 AM,0m 42.6s,42.6,33.8025085237883,-117.4662127718102,19.6,19.6,15.4,1283,145.8,5.387264,5.538403,-3.579104,0,-4.026492,1.342164,-0.223694,0,1.1,-1.3,1.7,-131.6,228.4,227.3,Tripod,Other,,21,5,True,,True,False,,Smart,RC,False,True,False,,,True,,False,False,False,False,False,False,False,False,False,False,0,Follow Yaw,-88.9,0,-139.6,220.4,False,False,False,False,False,,0,0,False,False,No Card,100,100,1024,1336,1216,1024,2,False,False,False,False,False,0,False,False,False,False,97,,47.76,,9742,,10044,,47.76,,True,3.982,3.982,3.982,3.982,3.982,3.982,3.982,3.982,3.982,3.982,3.982,3.982,0,,False,False,True,,,,,,,,,,,,,,,False,False,19.658,,78.6,,75.7,,78.6,,1822,40,2,15,7,144421.3,19256.17,,Idle,,20,,10,,,20,Go Home,False,False,False,False,False,False,False,False,False,False,False,False,33.8027920380556,-117.4659261431046,135.0,2972.0,1049.4,396.9,True,1,1,False,False,False,False,,True,False,False,Course Lock,196.8,67,16.4,93,E,SW,6.03,6.03,Calm,False,False,Android,7.0.2,M300 RTK,1ZN7L4R0H1D00F,1W9DL31001461C,1ZMLH8300204F0,1Z6PH74DAP0QN7,"Corona, CA",728.3,5.7,137.7,8.547347,2.013246,0,0,DJI Matrice 300 RTK,M300 RTK,1ZN7L4R0H1D00F,1W9DL31001461C,1ZMLH8300204F0,1Z6PH74DAP0QN7,DJI Pilot,Android,7.0.2,1EF72A62-B7C3-C88D-164E-CE6F8C8424AE,1ZN7L4R0H1D00F,1W9DL31001461C,,1ZMLH8300204F0,1W9DL31001461C,,,,,
2023-11-01,11:25:05.02 AM,0m 42.7s,42.7,33.8025069047813,-117.4662148908612,19.6,19.6,15.4,1283,146.7,5.387264,5.538403,-3.579104,0,-4.026492,1.342164,-0.223694,0,1,-1.3,1.6,-131.6,228.4,227.4,Tripod,Other,,21,5,True,,True,False,,Smart,RC,False,True,False,,,True,,False,False,False,False,False,False,False,False,False,False,0,Follow Yaw,-88.9,0,-139.6,220.4,False,False,False,False,False,,0,0,False,False,No Card,100,100,1024,1333,1216,1024,2,False,False,False,False,False,0,False,False,False,False,97,,47.76,,9742,,10044,,47.76,,True,3.982,3.982,3.982,3.982,3.982,3.982,3.982,3.982,3.982,3.982,3.982,3.982,0,,False,False,True,,,,,,,,,,,,,,,False,False,19.658,,78.6,,75.7,,78.6,,1822,40,2,15,7,144421.3,19256.17,,Idle,,20,,10,,,20,Go Home,False,False,False,False,False,False,False,False,False,False,False,False,33.8027920380556,-117.4659261431046,135.9,2972.0,1049.4,396.9,True,1,1,False,False,False,False,,True,False,False,Course Lock,196.8,67,16.4,93,E,SW,6.03,6.03,Calm,False,False,Android,7.0.2,M300 RTK,1ZN7L4R0H1D00F,1W9DL31001461C,1ZMLH8300204F0,1Z6PH74DAP0QN7,"Corona, CA",728.3,5.7,137.7,8.547347,2.013246,0,0,DJI Matrice 300 RTK,M300 RTK,1ZN7L4R0H1D00F,1W9DL31001461C,1ZMLH8300204F0,1Z6PH74DAP0QN7,DJI Pilot,Android,7.0.2,1EF72A62-B7C3-C88D-164E-CE6F8C8424AE,1ZN7L4R0H1D00F,1W9DL31001461C,,1ZMLH8300204F0,1W9DL31001461C,,,,,
2023-11-01,11:25:05.13 AM,0m 42.8s,42.8,33.8025053713027,-117.4662168964388,20.0,20.0,15.4,1284,147.5,5.387264,5.538403,-3.579104,0,-4.026492,1.342164,-0.223694,0,1,-1.4,1.7,-131.5,228.5,227.3,Tripod,Other,,21,5,True,,True,False,,Smart,RC,False,True,False,,,True,,False,False,False,False,False,False,False,False,False,False,0,Follow Yaw,-88.9,0,-139.6,220.4,False,False,False,False,False,,0,0,False,False,No Card,100,100,1024,1334,1214,1024,2,False,False,False,False,False,0,False,False,False,False,97,,47.76,,9742,,10044,,47.76,,True,3.982,3.982,3.982,3.982,3.982,3.982,3.982,3.982,3.982,3.982,3.982,3.982,0,,False,False,True,,,,,,,,,,,,,,,False,False,19.658,,78.6,,75.7,,78.6,,1822,40,2,15,7,144421.3,19256.17,,Idle,,20,,10,,,20,Go Home,False,False,False,False,False,False,False,False,False,False,False,False,33.8027920380556,-117.4659261431046,136.7,2972.0,1049.4,396.9,True,1,1,False,False,False,False,,True,False,False,Course Lock,196.8,67,16.4,93,E,SW,6.03,6.03,Calm,False,False,Android,7.0.2,M300 RTK,1ZN7L4R0H1D00F,1W9DL31001461C,1ZMLH8300204F0,1Z6PH74DAP0QN7,"Corona, CA",728.3,5.7,137.7,8.547347,2.013246,0,0,DJI Matrice 300 RTK,M300 RTK,1ZN7L4R0H1D00F,1W9DL31001461C,1ZMLH8300204F0,1Z6PH74DAP0QN7,DJI Pilot,Android,7.0.2,1EF72A62-B7C3-C88D-164E-CE6F8C8424AE,1ZN7L4R0H1D00F,1W9DL31001461C,,1ZMLH8300204F0,1W9DL31001461C,,,,,
2023-11-01,11:25:05.23 AM,0m 42.9s,42.9,33.8025037923186,-117.4662187271881,20.0,20.0,15.4,1284,148.3,5.387264,5.538403,-3.579104,0,-4.026492,1.342164,-0.223694,0,1,-1.5,1.8,-131.4,228.6,223.9,Tripod,Other,,21,5,True,,True,False,,Smart,RC,False,True,False,,,True,,False,False,False,False,False,False,False,False,False,False,0,Follow Yaw,-88.9,0,-139.6,220.4,False,False,False,False,False,,0,0,False,False,No Card,100,100,1024,1334,1214,1024,2,False,False,False,False,False,0,False,False,False,False,97,,47.76,,9742,,10044,,47.76,,True,3.982,3.982,3.982,3.982,3.982,3.982,3.982,3.982,3.982,3.982,3.982,3.982,0,,False,False,True,,,,,,,,,,,,,,,False,False,19.658,,78.6,,75.7,,78.6,,1822,40,2,15,7,144421.3,19256.17,,Idle,,20,,10,,,20,Go Home,False,False,False,False,False,False,False,False,False,False,False,False,33.8027920380556,-117.4659261431046,137.5,2972.0,1049.4,396.9,True,1,1,False,False,False,False,,True,False,False,Course Lock,196.8,67,16.4,93,E,SW,6.03,6.03,Calm,False,False,Android,7.0.2,M300 RTK,1ZN7L4R0H1D00F,1W9DL31001461C,1ZMLH8300204F0,1Z6PH74DAP0QN7,"Corona, CA",728.3,5.7,137.7,8.547347,2.013246,0,0,DJI Matrice 300 RTK,M300 RTK,1ZN7L4R0H1D00F,1W9DL31001461C,1ZMLH8300204F0,1Z6PH74DAP0QN7,DJI Pilot,Android,7.0.2,1EF72A62-B7C3-C88D-164E-CE6F8C8424AE,1ZN7L4R0H1D00F,1W9DL31001461C,,1ZMLH8300204F0,1W9DL31001461C,,,,,
2023-11-01,11:25:05.33 AM,0m 43.0s,43.0,33.8025022456818,-117.466220719571,20.0,20.0,15.4,1284,149.2,5.387264,5.538403,-3.579104,0,-4.026492,1.342164,-0.223694,0,1.1,-1.4,1.7,-131.3,228.7,226.9,Tripod,Other,,21,5,True,,True,False,,Smart,RC,False,True,False,,,True,,False,False,False,False,False,False,False,False,False,False,0,Follow Yaw,-88.9,0,-139.6,220.4,False,False,False,False,False,,0,0,False,False,No Card,100,100,1024,1333,1212,1024,2,False,False,False,False,False,0,False,False,False,False,97,,47.712,,9742,,10044,,47.712,,True,3.982,3.982,3.982,3.982,3.982,3.982,3.982,3.982,3.982,3.982,3.982,3.982,0,,False,False,True,,,,,,,,,,,,,,,False,False,20.026,,78.6,,75.7,,78.6,,1822,40,2,15,7,144421.3,19256.17,,Idle,,20,,10,,,20,Go Home,False,False,False,False,False,False,False,False,False,False,False,False,33.8027920380556,-117.4659261431046,138.3,2972.0,1049.4,396.9,True,1,1,False,False,False,False,,True,False,False,Course Lock,196.8,67,16.4,93,E,SW,6.03,6.03,Calm,False,False,Android,7.0.2,M300 RTK,1ZN7L4R0H1D00F,1W9DL31001461C,1ZMLH8300204F0,1Z6PH74DAP0QN7,"Corona, CA",728.3,5.7,137.7,8.547347,2.013246,0,0,DJI Matrice 300 RTK,M300 RTK,1ZN7L4R0H1D00F,1W9DL31001461C,1ZMLH8300204F0,1Z6PH74DAP0QN7,DJI Pilot,Android,7.0.2,1EF72A62-B7C3-C88D-164E-CE6F8C8424AE,1ZN7L4R0H1D00F,1W9DL31001461C,,1ZMLH8300204F0,1W9DL31001461C,,,,,
2023-11-01,11:25:05.44 AM,0m 43.1s,43.1,33.8025006590221,-117.4662227456002,20.0,20.0,15.4,1284,150.0,5.387264,5.538403,-3.579104,0,-4.026492,1.342164,-0.223694,0,1,-1.3,1.6,-131.3,228.7,226.6,Tripod,Other,,21,5,True,,True,False,,Smart,RC,False,True,False,,,True,,False,False,False,False,False,False,False,False,False,False,0,Follow Yaw,-88.9,0,-139.6,220.4,False,False,False,False,False,,0,0,False,False,No Card,100,100,1024,1333,1212,1024,2,False,False,False,False,False,0,False,False,False,False,97,,47.712,,9742,,10044,,47.712,,True,3.982,3.982,3.982,3.982,3.982,3.982,3.982,3.982,3.982,3.982,3.982,3.982,0,,False,False,True,,,,,,,,,,,,,,,False,False,20.026,,78.6,,75.7,,78.6,,1822,40,2,15,7,144421.3,19256.17,,Idle,,20,,10,,,20,Go Home,False,False,False,False,False,False,False,False,False,False,False,False,33.8027920380556,-117.4659261431046,139.2,2972.0,1049.4,396.9,True,1,1,False,False,False,False,,True,False,False,Course Lock,196.8,67,16.4,93,E,SW,6.03,6.03,Calm,False,False,Android,7.0.2,M300 RTK,1ZN7L4R0H1D00F,1W9DL31001461C,1ZMLH8300204F0,1Z6PH74DAP0QN7,"Corona, CA",728.3,5.7,137.7,8.547347,2.013246,0,0,DJI Matrice 300 RTK,M300 RTK,1ZN7L4R0H1D00F,1W9DL31001461C,1ZMLH8300204F0,1Z6PH74DAP0QN7,DJI Pilot,Android,7.0.2,1EF72A62-B7C3-C88D-164E-CE6F8C8424AE,1ZN7L4R0H1D00F,1W9DL31001461C,,1ZMLH8300204F0,1W9DL31001461C,,,,,
2023-11-01,11:25:05.54 AM,0m 43.2s,43.2,33.8024991123852,-117.4662247379832,20.0,20.0,15.0,1284,150.8,5.387264,5.538403,-3.579104,0,-4.026492,1.342164,-0.223694,0,0.9,-1.4,1.6,-131.3,228.7,226.9,Tripod,Other,,21,5,True,,True,False,,Smart,RC,False,True,False,,,True,,False,False,False,False,False,False,False,False,False,False,0,Follow Yaw,-88.9,0,-139.6,220.4,False,False,False,False,False,,0,0,False,False,No Card,100,100,1024,1332,1213,1024,2,False,False,False,False,False,0,False,False,False,False,97,,47.712,,9742,,10044,,47.712,,True,3.982,3.982,3.982,3.982,3.982,3.982,3.982,3.982,3.982,3.982,3.982,3.982,0,,False,False,True,,,,,,,,,,,,,,,False,False,20.026,,78.6,,75.7,,78.6,,1822,40,2,15,7,144421.3,19256.17,,Idle,,20,,10,,,20,Go Home,False,False,False,False,False,False,False,False,False,False,False,False,33.8027920380556,-117.4659261431046,140.0,2972.0,1049.4,396.9,True,1,1,False,False,False,False,,True,False,False,Course Lock,196.8,67,16.4,93,E,SW,6.26,6.26,Calm,False,False,Android,7.0.2,M300 RTK,1ZN7L4R0H1D00F,1W9DL31001461C,1ZMLH8300204F0,1Z6PH74DAP0QN7,"Corona, CA",728.3,5.7,137.7,8.547347,2.013246,0,0,DJI Matrice 300 RTK,M300 RTK,1ZN7L4R0H1D00F,1W9DL31001461C,1ZMLH8300204F0,1Z6PH74DAP0QN7,DJI Pilot,Android,7.0.2,1EF72A62-B7C3-C88D-164E-CE6F8C8424AE,1ZN7L4R0H1D00F,1W9DL31001461C,,1ZMLH8300204F0,1W9DL31001461C,,,,,
2023-11-01,11:25:05.64 AM,0m 43.3s,43.3,33.8024975136639,-117.4662266221705,20.0,20.0,15.0,1284,151.6,5.387264,5.538403,-3.579104,0,-4.026492,1.342164,-0.223694,0,0.9,-1.4,1.6,-131.3,228.7,224.4,Tripod,Other,,21,5,True,,True,False,,Smart,RC,False,True,False,,,True,,False,False,False,False,False,False,False,False,False,False,0,Follow Yaw,-88.9,0,-139.6,220.4,False,False,False,False,False,,0,0,False,False,No Card,100,100,1024,1331,1214,1024,2,False,False,False,False,False,0,False,False,False,False,97,,47.712,,9742,,10044,,47.712,,True,3.977,3.977,3.977,3.977,3.977,3.977,3.977,3.977,3.977,3.977,3.977,3.977,0,,False,False,True,,,,,,,,,,,,,,,False,False,20.026,,78.6,,75.7,,78.6,,1821,40,2,15,7,144962.3,19328.31,,Idle,,20,,10,,,20,Go Home,False,False,False,False,False,False,False,False,False,False,False,False,33.8027920380556,-117.4659261431046,140.8,2972.0,1049.4,396.9,True,1,1,False,False,False,False,,True,False,False,Course Lock,196.8,67,16.4,93,E,SW,6.26,6.26,Calm,False,False,Android,7.0.2,M300 RTK,1ZN7L4R0H1D00F,1W9DL31001461C,1ZMLH8300204F0,1Z6PH74DAP0QN7,"Corona, CA",728.3,5.7,137.7,8.547347,2.013246,0,0,DJI Matrice 300 RTK,M300 RTK,1ZN7L4R0H1D00F,1W9DL31001461C,1ZMLH8300204F0,1Z6PH74DAP0QN7,DJI Pilot,Android,7.0.2,1EF72A62-B7C3-C88D-164E-CE6F8C8424AE,1ZN7L4R0H1D00F,1W9DL31001461C,,1ZMLH8300204F0,1W9DL31001461C,,,,,
2023-11-01,11:25:05.75 AM,0m 43.4s,43.4,33.8024959566101,-117.4662286165327,20.3,20.3,15.4,1284,152.5,5.387264,5.538403,-3.579104,0,-4.026492,1.342164,-0.223694,0,0.8,-1.5,1.7,-131.3,228.7,226.7,Tripod,Other,,21,5,True,,True,False,,Smart,RC,False,True,False,,,True,,False,False,False,False,False,False,False,False,False,False,0,Follow Yaw,-88.9,0,-139.6,220.4,False,False,False,False,False,,0,0,False,False,No Card,100,100,1024,1330,1214,1024,2,False,False,False,False,False,0,False,False,False,False,97,,47.712,,9742,,10044,,47.712,,True,3.977,3.977,3.977,3.977,3.977,3.977,3.977,3.977,3.977,3.977,3.977,3.977,0,,False,False,True,,,,,,,,,,,,,,,False,False,20.026,,78.6,,75.7,,78.6,,1821,40,2,15,7,144962.3,19328.31,,Idle,,20,,10,,,20,Go Home,False,False,False,False,False,False,False,False,False,False,False,False,33.8027920380556,-117.4659261431046,141.6,2972.0,1049.4,396.9,True,1,1,False,False,False,False,,True,False,False,Course Lock,196.8,67,16.4,93,E,SW,6.26,6.26,Calm,False,False,Android,7.0.2,M300 RTK,1ZN7L4R0H1D00F,1W9DL31001461C,1ZMLH8300204F0,1Z6PH74DAP0QN7,"Corona, CA",728.3,5.7,137.7,8.547347,2.013246,0,0,DJI Matrice 300 RTK,M300 RTK,1ZN7L4R0H1D00F,1W9DL31001461C,1ZMLH8300204F0,1Z6PH74DAP0QN7,DJI Pilot,Android,7.0.2,1EF72A62-B7C3-C88D-164E-CE6F8C8424AE,1ZN7L4R0H1D00F,1W9DL31001461C,,1ZMLH8300204F0,1W9DL31001461C,,,,,
2023-11-01,11:25:05.85 AM,0m 43.5s,43.5,33.8024943984598,-117.4662306590551,20.3,20.3,15.4,1284,153.3,5.387264,5.538403,-3.579104,0,-4.026492,1.342164,-0.223694,0,1,-1.5,1.8,-131.3,228.7,227.4,Tripod,Other,,21,5,True,,True,False,,Smart,RC,False,True,False,,,True,,False,False,False,False,False,False,False,False,False,False,0,Follow Yaw,-88.9,0,-139.6,220.4,False,False,False,False,False,,0,0,False,False,No Card,100,100,1024,1332,1213,1024,2,False,False,False,False,False,0,False,False,False,False,97,,47.712,,9742,,10044,,47.712,,True,3.977,3.977,3.977,3.977,3.977,3.977,3.977,3.977,3.977,3.977,3.977,3.977,0,,False,False,True,,,,,,,,,,,,,,,False,False,20.026,,78.6,,75.7,,78.6,,1821,40,2,15,7,144962.3,19328.31,,Idle,,20,,10,,,20,Go Home,False,False,False,False,False,False,False,False,False,False,False,False,33.8027920380556,-117.4659261431046,142.5,2972.0,1049.4,396.9,True,1,1,False,False,False,False,,True,False,False,Course Lock,196.8,67,16.4,93,E,SW,6.26,6.26,Calm,False,False,Android,7.0.2,M300 RTK,1ZN7L4R0H1D00F,1W9DL31001461C,1ZMLH8300204F0,1Z6PH74DAP0QN7,"Corona, CA",728.3,5.7,137.7,8.547347,2.013246,0,0,DJI Matrice 300 RTK,M300 RTK,1ZN7L4R0H1D00F,1W9DL31001461C,1ZMLH8300204F0,1Z6PH74DAP0QN7,DJI Pilot,Android,7.0.2,1EF72A62-B7C3-C88D-164E-CE6F8C8424AE,1ZN7L4R0H1D00F,1W9DL31001461C,,1ZMLH8300204F0,1W9DL31001461C,,,,,
2023-11-01,11:25:05.95 AM,0m 43.6s,43.6,33.8024928304409,-117.466232651438,20.3,20.3,15.4,1284,154.1,5.387264,5.538403,-3.579104,0,-4.026492,1.342164,-0.223694,0,1.1,-1.4,1.7,-131.3,228.7,226.5,Tripod,Other,,21,5,True,,True,False,,Smart,RC,False,True,False,,,True,,False,False,False,False,False,False,False,False,False,False,0,Follow Yaw,-88.9,0,-139.6,220.4,False,False,False,False,False,,0,0,False,False,No Card,100,100,1024,1332,1213,1024,2,False,False,False,False,False,0,False,False,False,False,97,,47.712,,9742,,10044,,47.712,,True,3.977,3.977,3.977,3.977,3.977,3.977,3.977,3.977,3.977,3.977,3.977,3.977,0,,False,False,True,,,,,,,,,,,,,,,False,False,20.026,,78.6,,75.7,,78.6,,1821,40,2,15,7,144962.3,19328.31,,Idle,,20,,10,,,20,Go Home,False,False,False,False,False,False,False,False,False,False,False,False,33.8027920380556,-117.4659261431046,143.3,2972.0,1049.4,396.9,True,1,1,False,False,False,False,,True,False,False,Course Lock,196.8,67,16.4,93,E,SW,6.26,6.26,Calm,False,False,Android,7.0.2,M300 RTK,1ZN7L4R0H1D00F,1W9DL31001461C,1ZMLH8300204F0,1Z6PH74DAP0QN7,"Corona, CA",728.3,5.7,137.7,8.547347,2.013246,0,0,DJI Matrice 300 RTK,M300 RTK,1ZN7L4R0H1D00F,1W9DL31001461C,1ZMLH8300204F0,1Z6PH74DAP0QN7,DJI Pilot,Android,7.0.2,1EF72A62-B7C3-C88D-164E-CE6F8C8424AE,1ZN7L4R0H1D00F,1W9DL31001461C,,1ZMLH8300204F0,1W9DL31001461C,,,,,
2023-11-01,11:25:06.06 AM,0m 43.7s,43.7,33.80249142361,-117.4662346655921,20.3,20.3,15.4,1284,154.9,5.387264,5.538403,-3.579104,0,-4.026492,1.342164,-0.223694,0,1.2,-1.3,1.7,-131.4,228.6,229.9,Tripod,Other,,21,5,True,,True,False,,Smart,RC,False,True,False,,,True,,False,False,False,False,False,False,False,False,False,False,0,Follow Yaw,-88.9,0,-139.6,220.4,False,False,False,False,False,,0,0,False,False,No Card,100,100,1024,1332,1213,1024,2,False,False,False,False,False,0,False,False,False,False,97,,47.712,,9742,,10044,,47.712,,True,3.977,3.977,3.977,3.977,3.977,3.977,3.977,3.977,3.977,3.977,3.977,3.977,0,,False,False,True,,,,,,,,,,,,,,,False,False,20.026,,78.6,,75.7,,78.6,,1821,40,2,15,7,144962.3,19328.31,,Idle,,20,,10,,,20,Go Home,False,False,False,False,False,False,False,False,False,False,False,False,33.8027920380556,-117.4659261431046,144.1,2972.0,1049.4,396.9,True,1,1,False,False,False,False,,True,False,False,Course Lock,196.8,67,16.4,93,E,SW,6.26,6.26,Calm,False,False,Android,7.0.2,M300 RTK,1ZN7L4R0H1D00F,1W9DL31001461C,1ZMLH8300204F0,1Z6PH74DAP0QN7,"Corona, CA",728.3,5.7,137.7,8.547347,2.013246,0,0,DJI Matrice 300 RTK,M300 RTK,1ZN7L4R0H1D00F,1W9DL31001461C,1ZMLH8300204F0,1Z6PH74DAP0QN7,DJI Pilot,Android,7.0.2,1EF72A62-B7C3-C88D-164E-CE6F8C8424AE,1ZN7L4R0H1D00F,1W9DL31001461C,,1ZMLH8300204F0,1W9DL31001461C,,,,,
2023-11-01,11:25:06.16 AM,0m 43.8s,43.8,33.8024898665562,-117.4662366441208,20.3,20.3,15.4,1284,155.8,5.387264,5.538403,-3.579104,0,-4.026492,1.342164,-0.223694,0,1.1,-1.2,1.6,-131.5,228.5,226.5,Tripod,Other,,21,5,True,,True,False,,Smart,RC,False,True,False,,,True,,False,False,False,False,False,False,False,False,False,False,0,Follow Yaw,-88.9,0,-139.6,220.4,False,False,False,False,False,,0,0,False,False,No Card,100,100,1024,1332,1213,1024,2,False,False,False,False,False,0,False,False,False,False,97,,47.712,,9742,,10044,,47.712,,True,3.977,3.977,3.977,3.977,3.977,3.977,3.977,3.977,3.977,3.977,3.977,3.977,0,,False,False,True,,,,,,,,,,,,,,,False,False,20.026,,78.6,,75.7,,78.6,,1821,40,2,15,7,144962.3,19328.31,,Idle,,20,,10,,,20,Go Home,False,False,False,False,False,False,False,False,False,False,False,False,33.8027920380556,-117.4659261431046,144.9,2972.0,1049.4,396.9,True,1,1,False,False,False,False,,True,False,False,Course Lock,196.8,67,16.4,93,E,SW,6.26,6.26,Calm,False,False,Android,7.0.2,M300 RTK,1ZN7L4R0H1D00F,1W9DL31001461C,1ZMLH8300204F0,1Z6PH74DAP0QN7,"Corona, CA",728.3,5.7,137.7,8.547347,2.013246,0,0,DJI Matrice 300 RTK,M300 RTK,1ZN7L4R0H1D00F,1W9DL31001461C,1ZMLH8300204F0,1Z6PH74DAP0QN7,DJI Pilot,Android,7.0.2,1EF72A62-B7C3-C88D-164E-CE6F8C8424AE,1ZN7L4R0H1D00F,1W9DL31001461C,,1ZMLH8300204F0,1W9DL31001461C,,,,,
2023-11-01,11:25:06.24 AM,0m 43.9s,43.9,33.8024881675036,-117.4662386411218,20.3,20.3,15.4,1284,156.6,5.387264,5.538403,-3.579104,0,-4.026492,1.342164,-0.223694,0,1.1,-1,1.4,-131.6,228.4,224.3,Tripod,Other,,21,5,True,,True,False,,Smart,RC,False,True,False,,,True,,False,False,False,False,False,False,False,False,False,False,0,Follow Yaw,-88.9,0,-139.6,220.4,False,False,False,False,False,,0,0,False,False,No Card,100,100,1024,1332,1215,1024,2,False,False,False,False,False,0,False,False,False,False,97,,47.712,,9742,,10044,,47.712,,True,3.977,3.977,3.977,3.977,3.977,3.977,3.977,3.977,3.977,3.977,3.977,3.977,0,,False,False,True,,,,,,,,,,,,,,,False,False,20.026,,78.6,,75.7,,78.6,,1821,40,2,15,7,144962.3,19328.31,,Idle,,20,,10,,,20,Go Home,False,False,False,False,False,False,False,False,False,False,False,False,33.8027920380556,-117.4659261431046,145.8,2972.0,1049.4,396.9,True,1,1,False,False,False,False,,True,False,False,Course Lock,196.8,67,16.4,93,E,SW,6.26,6.26,Calm,False,False,Android,7.0.2,M300 RTK,1ZN7L4R0H1D00F,1W9DL31001461C,1ZMLH8300204F0,1Z6PH74DAP0QN7,"Corona, CA",728.3,5.7,137.7,8.547347,2.013246,0,0,DJI Matrice 300 RTK,M300 RTK,1ZN7L4R0H1D00F,1W9DL31001461C,1ZMLH8300204F0,1Z6PH74DAP0QN7,DJI Pilot,Android,7.0.2,1EF72A62-B7C3-C88D-164E-CE6F8C8424AE,1ZN7L4R0H1D00F,1W9DL31001461C,,1ZMLH8300204F0,1W9DL31001461C,,,,,
2023-11-01,11:25:06.37 AM,0m 44.0s,44.0,33.8024866082568,-117.4662406209699,20.6,20.6,15.4,1284,157.5,5.387264,5.538403,-3.579104,0,-4.026492,1.342164,-0.223694,0,1,-0.8,1.2,-131.6,228.4,226.5,Tripod,Other,,21,5,True,,True,False,,Smart,RC,False,True,False,,,True,,False,False,False,False,False,False,False,False,False,False,0,Follow Yaw,-88.9,0,-139.6,220.4,False,False,False,False,False,,0,0,False,False,No Card,100,100,1024,1332,1215,1024,2,False,False,False,False,False,0,False,False,False,False,97,,47.688,,9742,,10044,,47.688,,True,3.977,3.977,3.977,3.977,3.977,3.977,3.977,3.977,3.977,3.977,3.977,3.977,0,,False,False,True,,,,,,,,,,,,,,,False,False,19.546,,78.6,,75.7,,78.6,,1821,40,2,15,7,144962.3,19328.31,,Idle,,20,,10,,,20,Go Home,False,False,False,False,False,False,False,False,False,False,False,False,33.8027920380556,-117.4659261431046,146.6,2972.0,1049.4,396.9,True,1,1,False,False,False,False,,True,False,False,Course Lock,196.8,67,16.4,93,E,SW,6.26,6.26,Calm,False,False,Android,7.0.2,M300 RTK,1ZN7L4R0H1D00F,1W9DL31001461C,1ZMLH8300204F0,1Z6PH74DAP0QN7,"Corona, CA",728.3,5.7,137.7,8.547347,2.013246,0,0,DJI Matrice 300 RTK,M300 RTK,1ZN7L4R0H1D00F,1W9DL31001461C,1ZMLH8300204F0,1Z6PH74DAP0QN7,DJI Pilot,Android,7.0.2,1EF72A62-B7C3-C88D-164E-CE6F8C8424AE,1ZN7L4R0H1D00F,1W9DL31001461C,,1ZMLH8300204F0,1W9DL31001461C,,,,,
2023-11-01,11:25:06.47 AM,0m 44.1s,44.1,33.8024850967085,-117.4662424556776,20.6,20.6,15.4,1284,158.2,5.387264,5.538403,-3.579104,0,-4.026492,1.342164,-0.223694,0,0.9,-0.8,1.2,-131.6,228.4,225.2,Tripod,Other,,21,5,True,,True,False,,Smart,RC,False,True,False,,,True,,False,False,False,False,False,False,False,False,False,False,0,Follow Yaw,-88.9,0,-139.6,220.4,False,False,False,False,False,,0,0,False,False,No Card,100,100,1024,1332,1215,1024,2,False,False,False,False,False,0,False,False,False,False,97,,47.688,,9742,,10044,,47.688,,True,3.977,3.977,3.977,3.977,3.977,3.977,3.977,3.977,3.977,3.977,3.977,3.977,0,,False,False,True,,,,,,,,,,,,,,,False,False,19.546,,78.6,,75.7,,78.6,,1821,40,2,15,7,144962.3,19328.31,,Idle,,20,,10,,,20,Go Home,False,False,False,False,False,False,False,False,False,False,False,False,33.8027920380556,-117.4659261431046,147.4,2972.0,1049.4,396.9,True,1,1,False,False,False,False,,True,False,False,Course Lock,196.8,67,16.4,93,E,SW,6.26,6.26,Calm,False,False,Android,7.0.2,M300 RTK,1ZN7L4R0H1D00F,1W9DL31001461C,1ZMLH8300204F0,1Z6PH74DAP0QN7,"Corona, CA",728.3,5.7,137.7,8.547347,2.013246,0,0,DJI Matrice 300 RTK,M300 RTK,1ZN7L4R0H1D00F,1W9DL31001461C,1ZMLH8300204F0,1Z6PH74DAP0QN7,DJI Pilot,Android,7.0.2,1EF72A62-B7C3-C88D-164E-CE6F8C8424AE,1ZN7L4R0H1D00F,1W9DL31001461C,,1ZMLH8300204F0,1W9DL31001461C,,,,,
2023-11-01,11:25:06.57 AM,0m 44.2s,44.2,33.8024835533612,-117.4662444394841,20.6,20.6,15.4,1284,159.1,5.387264,5.538403,-3.579104,0,-4.026492,1.342164,-0.223694,0,0.9,-0.9,1.2,-131.7,228.3,226.8,Tripod,Other,,21,5,True,,True,False,,Smart,RC,False,True,False,,,True,,False,False,False,False,False,False,False,False,False,False,0,Follow Yaw,-88.9,0,-139.6,220.4,False,False,False,False,False,,0,0,False,False,No Card,100,100,1024,1332,1215,1024,2,False,False,False,False,False,0,False,False,False,False,97,,47.688,,9742,,10044,,47.688,,True,3.977,3.977,3.977,3.977,3.977,3.977,3.977,3.977,3.977,3.977,3.977,3.977,0,,False,False,True,,,,,,,,,,,,,,,False,False,19.546,,78.6,,75.7,,78.6,,1821,40,2,15,7,144962.3,19328.31,,Idle,,20,,10,,,20,Go Home,False,False,False,False,False,False,False,False,False,False,False,False,33.8027920380556,-117.4659261431046,148.2,2972.0,1049.4,396.9,True,1,1,False,False,False,False,,True,False,False,Course Lock,196.8,67,16.4,93,E,SW,6.26,6.26,Calm,False,False,Android,7.0.2,M300 RTK,1ZN7L4R0H1D00F,1W9DL31001461C,1ZMLH8300204F0,1Z6PH74DAP0QN7,"Corona, CA",728.3,5.7,137.7,8.547347,2.013246,0,0,DJI Matrice 300 RTK,M300 RTK,1ZN7L4R0H1D00F,1W9DL31001461C,1ZMLH8300204F0,1Z6PH74DAP0QN7,DJI Pilot,Android,7.0.2,1EF72A62-B7C3-C88D-164E-CE6F8C8424AE,1ZN7L4R0H1D00F,1W9DL31001461C,,1ZMLH8300204F0,1W9DL31001461C,,,,,
2023-11-01,11:25:06.67 AM,0m 44.3s,44.3,33.8024821810705,-117.4662463480815,20.6,20.6,15.4,1284,159.8,5.387264,5.538403,-3.579104,0,-4.026492,1.342164,-0.223694,0,1,-1.1,1.4,-131.7,228.3,229.1,Tripod,Other,,21,5,True,,True,False,,Smart,RC,False,True,False,,,True,,False,False,False,False,False,False,False,False,False,False,0,Follow Yaw,-88.9,0,-139.6,220.4,False,False,False,False,False,,0,0,False,False,No Card,100,100,1024,1331,1217,1024,2,False,False,False,False,False,0,False,False,False,False,97,,47.688,,9742,,10044,,47.688,,True,3.974,3.974,3.974,3.974,3.974,3.974,3.974,3.974,3.974,3.974,3.974,3.974,0,,False,False,True,,,,,,,,,,,,,,,False,False,19.546,,78.6,,75.7,,78.6,,1820,40,2,16,7,145602.0,19413.60,,Idle,,20,,10,,,20,Go Home,False,False,False,False,False,False,False,False,False,False,False,False,33.8027920380556,-117.4659261431046,148.9,2972.0,1049.4,396.9,True,1,1,False,False,False,False,,True,False,False,Course Lock,196.8,67,16.4,93,E,SW,6.26,6.26,Calm,False,False,Android,7.0.2,M300 RTK,1ZN7L4R0H1D00F,1W9DL31001461C,1ZMLH8300204F0,1Z6PH74DAP0QN7,"Corona, CA",728.3,5.7,137.7,8.547347,2.013246,0,0,DJI Matrice 300 RTK,M300 RTK,1ZN7L4R0H1D00F,1W9DL31001461C,1ZMLH8300204F0,1Z6PH74DAP0QN7,DJI Pilot,Android,7.0.2,1EF72A62-B7C3-C88D-164E-CE6F8C8424AE,1ZN7L4R0H1D00F,1W9DL31001461C,,1ZMLH8300204F0,1W9DL31001461C,,,,,
2023-11-01,11:25:06.77 AM,0m 44.4s,44.4,33.8024806607501,-117.4662483404645,20.6,20.6,15.4,1284,160.7,5.387264,5.538403,-3.579104,0,-4.026492,1.342164,-0.223694,0,1,-1.4,1.7,-131.7,228.3,227.4,Tripod,Other,,21,5,True,,True,False,,Smart,RC,False,True,False,,,True,,False,False,False,False,False,False,False,False,False,False,0,Follow Yaw,-88.9,0,-139.6,220.4,False,False,False,False,False,,0,0,False,False,No Card,100,100,1024,1330,1218,1024,2,False,False,False,False,False,0,False,False,False,False,97,,47.688,,9742,,10044,,47.688,,True,3.974,3.974,3.974,3.974,3.974,3.974,3.974,3.974,3.974,3.974,3.974,3.974,0,,False,False,True,,,,,,,,,,,,,,,False,False,19.546,,78.6,,75.7,,78.6,,1820,40,2,16,7,145602.0,19413.60,,Idle,,20,,10,,,20,Go Home,False,False,False,False,False,False,False,False,False,False,False,False,33.8027920380556,-117.4659261431046,149.8,2972.0,1049.4,396.9,True,1,1,False,False,False,False,,True,False,False,Course Lock,196.8,67,16.4,93,E,SW,6.26,6.26,Calm,False,False,Android,7.0.2,M300 RTK,1ZN7L4R0H1D00F,1W9DL31001461C,1ZMLH8300204F0,1Z6PH74DAP0QN7,"Corona, CA",728.3,5.7,137.7,8.547347,2.013246,0,0,DJI Matrice 300 RTK,M300 RTK,1ZN7L4R0H1D00F,1W9DL31001461C,1ZMLH8300204F0,1Z6PH74DAP0QN7,DJI Pilot,Android,7.0.2,1EF72A62-B7C3-C88D-164E-CE6F8C8424AE,1ZN7L4R0H1D00F,1W9DL31001461C,,1ZMLH8300204F0,1W9DL31001461C,,,,,
2023-11-01,11:25:06.88 AM,0m 44.5s,44.5,33.8024791152098,-117.4662504476404,20.6,20.6,15.4,1284,161.5,5.387264,5.538403,-3.579104,0,-4.026492,1.342164,-0.223694,0,1,-1.7,1.9,-131.7,228.3,228.5,Tripod,Other,,21,5,True,,True,False,,Smart,RC,False,True,False,,,True,,False,False,False,False,False,False,False,False,False,False,0,Follow Yaw,-88.9,0,-139.6,220.4,False,False,False,False,False,,0,0,False,False,No Card,100,100,1024,1331,1218,1024,2,False,False,False,False,False,0,False,False,False,False,97,,47.688,,9742,,10044,,47.688,,True,3.974,3.974,3.974,3.974,3.974,3.974,3.974,3.974,3.974,3.974,3.974,3.974,0,,False,False,True,,,,,,,,,,,,,,,False,False,19.546,,78.6,,75.7,,78.6,,1820,40,2,16,7,145602.0,19413.60,,Idle,,20,,10,,,20,Go Home,False,False,False,False,False,False,False,False,False,False,False,False,33.8027920380556,-117.4659261431046,150.6,2972.0,1049.4,396.9,True,1,1,False,False,False,False,,True,False,False,Course Lock,196.8,67,16.4,93,E,SW,6.26,6.26,Calm,False,False,Android,7.0.2,M300 RTK,1ZN7L4R0H1D00F,1W9DL31001461C,1ZMLH8300204F0,1Z6PH74DAP0QN7,"Corona, CA",728.3,5.7,137.7,8.547347,2.013246,0,0,DJI Matrice 300 RTK,M300 RTK,1ZN7L4R0H1D00F,1W9DL31001461C,1ZMLH8300204F0,1Z6PH74DAP0QN7,DJI Pilot,Android,7.0.2,1EF72A62-B7C3-C88D-164E-CE6F8C8424AE,1ZN7L4R0H1D00F,1W9DL31001461C,,1ZMLH8300204F0,1W9DL31001461C,,,,,
2023-11-01,11:25:06.94 AM,0m 44.6s,44.6,33.8024775905033,-117.4662524538777,20.9,20.9,15.4,1285,162.3,5.387264,5.538403,-3.579104,0,-4.026492,1.342164,-0.223694,0,0.9,-1.7,1.9,-131.6,228.4,227.5,Tripod,Other,,21,5,True,,True,False,,Smart,RC,False,True,False,,,True,,False,False,False,False,False,False,False,False,False,False,0,Follow Yaw,-88.9,0,-139.6,220.4,False,False,False,False,False,,0,0,False,False,No Card,100,100,1024,1331,1219,1024,2,False,False,False,False,False,0,False,False,False,False,97,,47.688,,9742,,10044,,47.688,,True,3.974,3.974,3.974,3.974,3.974,3.974,3.974,3.974,3.974,3.974,3.974,3.974,0,,False,False,True,,,,,,,,,,,,,,,False,False,19.546,,78.6,,75.7,,78.6,,1820,40,2,16,7,145602.0,19413.60,,Idle,,20,,10,,,20,Go Home,False,False,False,False,False,False,False,False,False,False,False,False,33.8027920380556,-117.4659261431046,151.4,2972.0,1049.4,396.9,True,1,1,False,False,False,False,,True,False,False,Course Lock,196.8,67,16.4,93,E,SW,6.26,6.26,Calm,False,False,Android,7.0.2,M300 RTK,1ZN7L4R0H1D00F,1W9DL31001461C,1ZMLH8300204F0,1Z6PH74DAP0QN7,"Corona, CA",728.3,5.7,137.7,8.547347,2.013246,0,0,DJI Matrice 300 RTK,M300 RTK,1ZN7L4R0H1D00F,1W9DL31001461C,1ZMLH8300204F0,1Z6PH74DAP0QN7,DJI Pilot,Android,7.0.2,1EF72A62-B7C3-C88D-164E-CE6F8C8424AE,1ZN7L4R0H1D00F,1W9DL31001461C,,1ZMLH8300204F0,1W9DL31001461C,,,,,
2023-11-01,11:25:07.04 AM,0m 44.7s,44.7,33.8024760038436,-117.466254481886,20.9,20.9,15.4,1285,163.2,5.387264,5.538403,-3.579104,0,-4.026492,1.342164,-0.223694,0,0.9,-1.6,1.8,-131.6,228.4,226.7,Tripod,Other,,21,5,True,,True,False,,Smart,RC,False,True,False,,,True,,False,False,False,False,False,False,False,False,False,False,0,Follow Yaw,-88.9,0,-139.6,220.4,False,False,False,False,False,,0,0,False,False,No Card,100,100,1024,1332,1218,1024,2,False,False,False,False,False,0,False,False,False,False,97,,47.604,,4836,,4986,,47.604,,True,3.974,3.974,3.974,3.974,3.974,3.974,3.974,3.974,3.974,3.974,3.974,3.974,0,,False,False,True,,,,,,,,,,,,,,,False,False,9.626,,77.9,,75.7,,78.6,,1820,40,2,16,7,145602.0,19413.60,,Idle,,20,,10,,,20,Go Home,False,False,False,False,False,False,False,False,False,False,False,False,33.8027920380556,-117.4659261431046,152.3,2972.0,1049.4,396.9,True,1,1,False,False,False,False,,True,False,False,Course Lock,196.8,67,16.4,93,E,SW,6.26,6.26,Calm,False,False,Android,7.0.2,M300 RTK,1ZN7L4R0H1D00F,1W9DL31001461C,1ZMLH8300204F0,1Z6PH74DAP0QN7,"Corona, CA",728.3,5.7,137.7,8.547347,2.013246,0,0,DJI Matrice 300 RTK,M300 RTK,1ZN7L4R0H1D00F,1W9DL31001461C,1ZMLH8300204F0,1Z6PH74DAP0QN7,DJI Pilot,Android,7.0.2,1EF72A62-B7C3-C88D-164E-CE6F8C8424AE,1ZN7L4R0H1D00F,1W9DL31001461C,,1ZMLH8300204F0,1W9DL31001461C,,,,,
2023-11-01,11:25:07.14 AM,0m 44.8s,44.8,33.8024744687202,-117.4662564874636,20.9,20.9,15.4,1285,164.0,5.387264,5.538403,-3.579104,0,-4.026492,1.342164,-0.223694,0,1,-1.6,1.8,-131.6,228.4,227.3,Tripod,Other,,21,5,True,,True,False,,Smart,RC,False,True,False,,,True,,False,False,False,False,False,False,False,False,False,False,0,Follow Yaw,-88.9,0,-139.6,220.4,False,False,False,False,False,,0,0,False,False,No Card,100,100,1024,1333,1218,1024,2,False,False,False,False,False,0,False,False,False,False,97,,47.604,,4836,,4986,,47.604,,True,3.974,3.974,3.974,3.974,3.974,3.974,3.974,3.974,3.974,3.974,3.974,3.974,0,,False,False,True,,,,,,,,,,,,,,,False,False,9.626,,77.9,,75.7,,78.6,,1820,40,2,16,7,145602.0,19413.60,,Idle,,20,,10,,,20,Go Home,False,False,False,False,False,False,False,False,False,False,False,False,33.8027920380556,-117.4659261431046,153.1,2972.0,1049.4,396.9,True,1,1,False,False,False,False,,True,False,False,Course Lock,196.8,67,16.4,93,E,SW,6.26,6.26,Calm,False,False,Android,7.0.2,M300 RTK,1ZN7L4R0H1D00F,1W9DL31001461C,1ZMLH8300204F0,1Z6PH74DAP0QN7,"Corona, CA",728.3,5.7,137.7,8.547347,2.013246,0,0,DJI Matrice 300 RTK,M300 RTK,1ZN7L4R0H1D00F,1W9DL31001461C,1ZMLH8300204F0,1Z6PH74DAP0QN7,DJI Pilot,Android,7.0.2,1EF72A62-B7C3-C88D-164E-CE6F8C8424AE,1ZN7L4R0H1D00F,1W9DL31001461C,,1ZMLH8300204F0,1W9DL31001461C,,,,,
2023-11-01,11:25:07.24 AM,0m 44.9s,44.9,33.802473012546,-117.466258481166,20.9,20.9,15.4,1285,164.8,5.387264,5.538403,-3.579104,0,-4.026492,1.342164,-0.223694,0,1.2,-1.6,2,-131.7,228.3,228.6,Tripod,Other,,21,5,True,,True,False,,Smart,RC,False,True,False,,,True,,False,False,False,False,False,False,False,False,False,False,0,Follow Yaw,-88.9,0,-139.6,220.4,False,False,False,False,False,,0,0,False,False,No Card,100,100,1024,1333,1219,1024,2,False,False,False,False,False,0,False,False,False,False,97,,47.604,,4836,,4986,,47.604,,True,3.974,3.974,3.974,3.974,3.974,3.974,3.974,3.974,3.974,3.974,3.974,3.974,0,,False,False,True,,,,,,,,,,,,,,,False,False,9.626,,77.9,,75.7,,78.6,,1820,40,2,16,7,145602.0,19413.60,,Idle,,20,,10,,,20,Go Home,False,False,False,False,False,False,False,False,False,False,False,False,33.8027920380556,-117.4659261431046,153.9,2972.0,1049.4,396.9,True,1,1,False,False,False,False,,True,False,False,Course Lock,196.8,67,16.4,93,E,SW,6.26,6.26,Calm,False,False,Android,7.0.2,M300 RTK,1ZN7L4R0H1D00F,1W9DL31001461C,1ZMLH8300204F0,1Z6PH74DAP0QN7,"Corona, CA",728.3,5.7,137.7,8.547347,2.013246,0,0,DJI Matrice 300 RTK,M300 RTK,1ZN7L4R0H1D00F,1W9DL31001461C,1ZMLH8300204F0,1Z6PH74DAP0QN7,DJI Pilot,Android,7.0.2,1EF72A62-B7C3-C88D-164E-CE6F8C8424AE,1ZN7L4R0H1D00F,1W9DL31001461C,,1ZMLH8300204F0,1W9DL31001461C,,,,,
2023-11-01,11:25:07.34 AM,0m 45.0s,45.0,33.8024714774225,-117.4662604867436,20.9,20.9,15.4,1285,165.6,5.387264,5.538403,-3.579104,0,-4.026492,1.342164,-0.223694,0,1.3,-1.6,2,-131.7,228.3,227.3,Tripod,Other,,21,5,True,,True,False,,Smart,RC,False,True,False,,,True,,False,False,False,False,False,False,False,False,False,False,0,Follow Yaw,-88.9,0,-139.6,220.4,False,False,False,False,False,,0,0,False,False,No Card,100,100,1024,1333,1218,1024,2,False,False,False,False,False,0,False,False,False,False,97,,47.676,,9742,,10044,,47.676,,True,3.974,3.974,3.974,3.974,3.974,3.974,3.974,3.974,3.974,3.974,3.974,3.974,0,,False,False,True,,,,,,,,,,,,,,,False,False,19.7,,78.8,,75.7,,78.8,,1820,40,2,16,7,145602.0,19413.60,,Idle,,20,,10,,,20,Go Home,False,False,False,False,False,False,False,False,False,False,False,False,33.8027920380556,-117.4659261431046,154.7,2972.0,1049.4,396.9,True,1,1,False,False,False,False,,True,False,False,Course Lock,196.8,67,16.4,93,E,SW,6.26,6.26,Calm,False,False,Android,7.0.2,M300 RTK,1ZN7L4R0H1D00F,1W9DL31001461C,1ZMLH8300204F0,1Z6PH74DAP0QN7,"Corona, CA",728.3,5.7,137.7,8.547347,2.013246,0,0,DJI Matrice 300 RTK,M300 RTK,1ZN7L4R0H1D00F,1W9DL31001461C,1ZMLH8300204F0,1Z6PH74DAP0QN7,DJI Pilot,Android,7.0.2,1EF72A62-B7C3-C88D-164E-CE6F8C8424AE,1ZN7L4R0H1D00F,1W9DL31001461C,,1ZMLH8300204F0,1W9DL31001461C,,,,,
2023-11-01,11:25:07.44 AM,0m 45.1s,45.1,33.8024697580843,-117.4662626420798,20.9,20.9,15.4,1285,166.5,5.387264,5.538403,-3.579104,0,-4.026492,1.342164,-0.223694,0,1.1,-1.7,2,-131.7,228.3,226.1,Tripod,Other,,21,5,True,,True,False,,Smart,RC,False,True,False,,,True,,False,False,False,False,False,False,False,False,False,False,0,Follow Yaw,-88.9,0,-139.6,220.4,False,False,False,False,False,,0,0,False,False,No Card,100,100,1024,1332,1219,1024,2,False,False,False,False,False,0,False,False,False,False,97,,47.676,,9742,,10044,,47.676,,True,3.974,3.974,3.974,3.974,3.974,3.974,3.974,3.974,3.974,3.974,3.974,3.974,0,,False,False,True,,,,,,,,,,,,,,,False,False,19.7,,78.8,,75.7,,78.8,,1820,40,2,16,7,145602.0,19413.60,,Idle,,20,,10,,,20,Go Home,False,False,False,False,False,False,False,False,False,False,False,False,33.8027920380556,-117.4659261431046,155.6,2972.0,1049.4,396.9,True,1,1,False,False,False,False,,True,False,False,Course Lock,196.8,67,16.4,93,E,SW,6.26,6.26,Calm,False,False,Android,7.0.2,M300 RTK,1ZN7L4R0H1D00F,1W9DL31001461C,1ZMLH8300204F0,1Z6PH74DAP0QN7,"Corona, CA",728.3,5.7,137.7,8.547347,2.013246,0,0,DJI Matrice 300 RTK,M300 RTK,1ZN7L4R0H1D00F,1W9DL31001461C,1ZMLH8300204F0,1Z6PH74DAP0QN7,DJI Pilot,Android,7.0.2,1EF72A62-B7C3-C88D-164E-CE6F8C8424AE,1ZN7L4R0H1D00F,1W9DL31001461C,,1ZMLH8300204F0,1W9DL31001461C,,,,,
2023-11-01,11:25:07.54 AM,0m 45.2s,45.2,33.8024682043201,-117.4662646608519,21.3,21.3,15.4,1285,167.4,5.387264,5.538403,-3.579104,0,-4.026492,1.342164,-0.223694,0,1,-1.7,1.9,-131.7,228.3,227.1,Tripod,Other,,21,5,True,,True,False,,Smart,RC,False,True,False,,,True,,False,False,False,False,False,False,False,False,False,False,0,Follow Yaw,-88.9,0,-139.6,220.4,False,False,False,False,False,,0,0,False,False,No Card,100,100,1024,1332,1219,1024,2,False,False,False,False,False,0,False,False,False,False,97,,47.676,,9742,,10044,,47.676,,True,3.974,3.974,3.974,3.974,3.974,3.974,3.974,3.974,3.974,3.974,3.974,3.974,0,,False,False,True,,,,,,,,,,,,,,,False,False,19.7,,78.8,,75.7,,78.8,,1820,40,2,16,7,145602.0,19413.60,,Idle,,20,,10,,,20,Go Home,False,False,False,False,False,False,False,False,False,False,False,False,33.8027920380556,-117.4659261431046,156.4,2972.0,1049.4,396.9,True,1,1,False,False,False,False,,True,False,False,Course Lock,196.8,67,16.4,93,E,SW,6.48,6.48,Calm,False,False,Android,7.0.2,M300 RTK,1ZN7L4R0H1D00F,1W9DL31001461C,1ZMLH8300204F0,1Z6PH74DAP0QN7,"Corona, CA",728.3,5.7,137.7,8.547347,2.013246,0,0,DJI Matrice 300 RTK,M300 RTK,1ZN7L4R0H1D00F,1W9DL31001461C,1ZMLH8300204F0,1Z6PH74DAP0QN7,DJI Pilot,Android,7.0.2,1EF72A62-B7C3-C88D-164E-CE6F8C8424AE,1ZN7L4R0H1D00F,1W9DL31001461C,,1ZMLH8300204F0,1W9DL31001461C,,,,,
2023-11-01,11:25:07.64 AM,0m 45.3s,45.3,33.8024667656902,-117.4662666110122,21.3,21.3,15.4,1285,168.2,5.387264,5.538403,-3.579104,0,-4.026492,1.342164,-0.223694,0,0.9,-1.5,1.7,-131.6,228.4,228.4,Tripod,Other,,21,5,True,,True,False,,Smart,RC,False,True,False,,,True,,False,False,False,False,False,False,False,False,False,False,0,Follow Yaw,-88.9,0,-139.6,220.4,False,False,False,False,False,,0,0,False,False,No Card,100,100,1024,1333,1219,1024,2,False,False,False,False,False,0,False,False,False,False,97,,47.676,,9742,,10044,,47.676,,True,3.974,3.974,3.974,3.974,3.974,3.974,3.974,3.974,3.974,3.974,3.974,3.974,0,,False,False,True,,,,,,,,,,,,,,,False,False,19.7,,78.8,,75.7,,78.8,,1818,41,2,16,7,146187.5,19491.66,,Idle,,20,,10,,,20,Go Home,False,False,False,False,False,False,False,False,False,False,False,False,33.8027920380556,-117.4659261431046,157.2,2972.0,1049.4,396.9,True,1,1,False,False,False,False,,True,False,False,Course Lock,196.8,67,16.4,93,E,SW,6.48,6.48,Calm,False,False,Android,7.0.2,M300 RTK,1ZN7L4R0H1D00F,1W9DL31001461C,1ZMLH8300204F0,1Z6PH74DAP0QN7,"Corona, CA",728.3,5.7,137.7,8.547347,2.013246,0,0,DJI Matrice 300 RTK,M300 RTK,1ZN7L4R0H1D00F,1W9DL31001461C,1ZMLH8300204F0,1Z6PH74DAP0QN7,DJI Pilot,Android,7.0.2,1EF72A62-B7C3-C88D-164E-CE6F8C8424AE,1ZN7L4R0H1D00F,1W9DL31001461C,,1ZMLH8300204F0,1W9DL31001461C,,,,,
2023-11-01,11:25:07.74 AM,0m 45.4s,45.4,33.8024652185051,-117.4662686172495,21.3,21.3,15.4,1285,169.0,5.387264,5.538403,-3.579104,0,-4.026492,1.342164,-0.223694,0,1,-1.3,1.6,-131.6,228.4,227.1,Tripod,Other,,21,5,True,,True,False,,Smart,RC,False,True,False,,,True,,False,False,False,False,False,False,False,False,False,False,0,Follow Yaw,-88.9,0,-139.6,220.4,False,False,False,False,False,,0,0,False,False,No Card,100,100,1024,1333,1219,1024,2,False,False,False,False,False,0,False,False,False,False,97,,47.676,,9742,,10044,,47.676,,True,3.974,3.974,3.974,3.974,3.974,3.974,3.974,3.974,3.974,3.974,3.974,3.974,0,,False,False,True,,,,,,,,,,,,,,,False,False,19.7,,78.8,,75.7,,78.8,,1818,41,2,16,7,146187.5,19491.66,,Idle,,20,,10,,,20,Go Home,False,False,False,False,False,False,False,False,False,False,False,False,33.8027920380556,-117.4659261431046,158.0,2972.0,1049.4,396.9,True,1,1,False,False,False,False,,True,False,False,Course Lock,196.8,67,16.4,93,E,SW,6.48,6.48,Calm,False,False,Android,7.0.2,M300 RTK,1ZN7L4R0H1D00F,1W9DL31001461C,1ZMLH8300204F0,1Z6PH74DAP0QN7,"Corona, CA",728.3,5.7,137.7,8.547347,2.013246,0,0,DJI Matrice 300 RTK,M300 RTK,1ZN7L4R0H1D00F,1W9DL31001461C,1ZMLH8300204F0,1Z6PH74DAP0QN7,DJI Pilot,Android,7.0.2,1EF72A62-B7C3-C88D-164E-CE6F8C8424AE,1ZN7L4R0H1D00F,1W9DL31001461C,,1ZMLH8300204F0,1W9DL31001461C,,,,,
2023-11-01,11:25:07.84 AM,0m 45.5s,45.5,33.8024639229706,-117.4662705799446,21.3,21.3,15.4,1285,169.8,5.387264,5.538403,-3.579104,0,-4.026492,1.342164,-0.223694,0,1.1,-1.3,1.7,-131.6,228.4,231.5,Tripod,Other,,21,5,True,,True,False,,Smart,RC,False,True,False,,,True,,False,False,False,False,False,False,False,False,False,False,0,Follow Yaw,-88.9,0,-139.6,220.4,False,False,False,False,False,,0,0,False,False,No Card,100,100,1024,1333,1219,1024,2,False,False,False,False,False,0,False,False,False,False,97,,47.676,,9742,,10044,,47.676,,True,3.974,3.974,3.974,3.974,3.974,3.974,3.974,3.974,3.974,3.974,3.974,3.974,0,,False,False,True,,,,,,,,,,,,,,,False,False,19.7,,78.8,,75.7,,78.8,,1818,41,2,16,7,146187.5,19491.66,,Idle,,20,,10,,,20,Go Home,False,False,False,False,False,False,False,False,False,False,False,False,33.8027920380556,-117.4659261431046,158.8,2972.0,1049.4,396.9,True,1,1,False,False,False,False,,True,False,False,Course Lock,196.8,67,16.4,93,E,SW,6.48,6.48,Calm,False,False,Android,7.0.2,M300 RTK,1ZN7L4R0H1D00F,1W9DL31001461C,1ZMLH8300204F0,1Z6PH74DAP0QN7,"Corona, CA",728.3,5.7,137.7,8.547347,2.013246,0,0,DJI Matrice 300 RTK,M300 RTK,1ZN7L4R0H1D00F,1W9DL31001461C,1ZMLH8300204F0,1Z6PH74DAP0QN7,DJI Pilot,Android,7.0.2,1EF72A62-B7C3-C88D-164E-CE6F8C8424AE,1ZN7L4R0H1D00F,1W9DL31001461C,,1ZMLH8300204F0,1W9DL31001461C,,,,,
2023-11-01,11:25:07.94 AM,0m 45.6s,45.6,33.8024623977158,-117.4662725855222,21.3,21.3,15.4,1285,170.6,5.387264,5.538403,-3.579104,0,-4.026492,1.342164,-0.223694,0,1.3,-1.4,1.9,-131.6,228.4,227.5,Tripod,Other,,21,5,True,,True,False,,Smart,RC,False,True,False,,,True,,False,False,False,False,False,False,False,False,False,False,0,Follow Yaw,-88.9,0,-139.6,220.4,False,False,False,False,False,,0,0,False,False,No Card,100,100,1024,1334,1218,1024,2,False,False,False,False,False,0,False,False,False,False,97,,47.676,,9742,,10044,,47.676,,True,3.974,3.974,3.974,3.974,3.974,3.974,3.974,3.974,3.974,3.974,3.974,3.974,0,,False,False,True,,,,,,,,,,,,,,,False,False,19.7,,78.8,,75.7,,78.8,,1818,41,2,16,7,146187.5,19491.66,,Idle,,20,,10,,,20,Go Home,False,False,False,False,False,False,False,False,False,False,False,False,33.8027920380556,-117.4659261431046,159.6,2972.0,1049.4,396.9,True,1,1,False,False,False,False,,True,False,False,Course Lock,196.8,67,16.4,93,E,SW,6.48,6.48,Calm,False,False,Android,7.0.2,M300 RTK,1ZN7L4R0H1D00F,1W9DL31001461C,1ZMLH8300204F0,1Z6PH74DAP0QN7,"Corona, CA",728.3,5.7,137.7,8.547347,2.013246,0,0,DJI Matrice 300 RTK,M300 RTK,1ZN7L4R0H1D00F,1W9DL31001461C,1ZMLH8300204F0,1Z6PH74DAP0QN7,DJI Pilot,Android,7.0.2,1EF72A62-B7C3-C88D-164E-CE6F8C8424AE,1ZN7L4R0H1D00F,1W9DL31001461C,,1ZMLH8300204F0,1W9DL31001461C,,,,,
2023-11-01,11:25:08.04 AM,0m 45.7s,45.7,33.8024606361617,-117.4662747395389,21.3,21.3,15.4,1285,171.5,5.387264,5.538403,-3.579104,0,-4.026492,1.342164,-0.223694,0,1.4,-1.5,2,-131.6,228.4,225.4,Tripod,Other,,21,5,True,,True,False,,Smart,RC,False,True,False,,,True,,False,False,False,False,False,False,False,False,False,False,0,Follow Yaw,-88.9,0,-139.6,220.4,False,False,False,False,False,,0,0,False,False,No Card,100,100,1024,1334,1219,1024,2,False,False,False,False,False,0,False,False,False,False,97,,47.676,,9742,,10044,,47.676,,True,3.974,3.974,3.974,3.974,3.974,3.974,3.974,3.974,3.974,3.974,3.974,3.974,0,,False,False,True,,,,,,,,,,,,,,,False,False,19.7,,78.8,,75.7,,78.8,,1818,41,2,16,7,146187.5,19491.66,,Idle,,20,,10,,,20,Go Home,False,False,False,False,False,False,False,False,False,False,False,False,33.8027920380556,-117.4659261431046,160.5,2972.0,1049.4,396.9,True,1,1,False,False,False,False,,True,False,False,Course Lock,196.8,67,16.4,93,E,SW,6.48,6.48,Calm,False,False,Android,7.0.2,M300 RTK,1ZN7L4R0H1D00F,1W9DL31001461C,1ZMLH8300204F0,1Z6PH74DAP0QN7,"Corona, CA",728.3,5.7,137.7,8.547347,2.013246,0,0,DJI Matrice 300 RTK,M300 RTK,1ZN7L4R0H1D00F,1W9DL31001461C,1ZMLH8300204F0,1Z6PH74DAP0QN7,DJI Pilot,Android,7.0.2,1EF72A62-B7C3-C88D-164E-CE6F8C8424AE,1ZN7L4R0H1D00F,1W9DL31001461C,,1ZMLH8300204F0,1W9DL31001461C,,,,,
2023-11-01,11:25:08.14 AM,0m 45.8s,45.8,33.8024590900731,-117.4662767569916,21.6,21.6,15.4,1285,172.3,5.387264,5.538403,-3.579104,0,-4.026492,1.342164,-0.223694,0,1.4,-1.5,2,-131.6,228.4,227.3,Tripod,Other,,20,5,True,,True,False,,Smart,RC,False,True,False,,,True,,False,False,False,False,False,False,False,False,False,False,0,Follow Yaw,-88.9,0,-139.6,220.4,False,False,False,False,False,,0,0,False,False,No Card,100,100,1024,1330,1225,1024,2,False,False,False,False,False,0,False,False,False,False,97,,47.676,,9742,,10044,,47.676,,True,3.974,3.974,3.974,3.974,3.974,3.974,3.974,3.974,3.974,3.974,3.974,3.974,0,,False,False,True,,,,,,,,,,,,,,,False,False,19.7,,78.8,,75.7,,78.8,,1818,41,2,16,7,146187.5,19491.66,,Idle,,20,,10,,,20,Go Home,False,False,False,False,False,False,False,False,False,False,False,False,33.8027920380556,-117.4659261431046,161.4,2972.0,1049.4,396.9,True,1,1,False,False,False,False,,True,False,False,Course Lock,196.8,67,16.4,93,E,SW,6.48,6.48,Calm,False,False,Android,7.0.2,M300 RTK,1ZN7L4R0H1D00F,1W9DL31001461C,1ZMLH8300204F0,1Z6PH74DAP0QN7,"Corona, CA",728.3,5.7,137.7,8.547347,2.013246,0,0,DJI Matrice 300 RTK,M300 RTK,1ZN7L4R0H1D00F,1W9DL31001461C,1ZMLH8300204F0,1Z6PH74DAP0QN7,DJI Pilot,Android,7.0.2,1EF72A62-B7C3-C88D-164E-CE6F8C8424AE,1ZN7L4R0H1D00F,1W9DL31001461C,,1ZMLH8300204F0,1W9DL31001461C,,,,,
2023-11-01,11:25:08.24 AM,0m 45.9s,45.9,33.8024576805009,-117.4662787243048,21.6,21.6,15.4,1285,173.1,5.387264,5.538403,-3.579104,0,-4.026492,1.342164,-0.223694,0,1.3,-1.4,1.9,-131.6,228.4,229.2,Tripod,Other,,20,5,True,,True,False,,Smart,RC,False,True,False,,,True,,False,False,False,False,False,False,False,False,False,False,0,Follow Yaw,-88.9,0,-139.6,220.4,False,False,False,False,False,,0,0,False,False,No Card,100,100,1024,1330,1225,1024,2,False,False,False,False,False,0,False,False,False,False,97,,47.676,,9742,,10044,,47.676,,True,3.974,3.974,3.974,3.974,3.974,3.974,3.974,3.974,3.974,3.974,3.974,3.974,0,,False,False,True,,,,,,,,,,,,,,,False,False,19.7,,78.8,,75.7,,78.8,,1818,41,2,16,7,146187.5,19491.66,,Idle,,20,,10,,,20,Go Home,False,False,False,False,False,False,False,False,False,False,False,False,33.8027920380556,-117.4659261431046,162.1,2972.0,1049.4,396.9,True,1,1,False,False,False,False,,True,False,False,Course Lock,196.8,67,16.4,93,E,SW,6.48,6.48,Calm,False,False,Android,7.0.2,M300 RTK,1ZN7L4R0H1D00F,1W9DL31001461C,1ZMLH8300204F0,1Z6PH74DAP0QN7,"Corona, CA",728.3,5.7,137.7,8.547347,2.013246,0,0,DJI Matrice 300 RTK,M300 RTK,1ZN7L4R0H1D00F,1W9DL31001461C,1ZMLH8300204F0,1Z6PH74DAP0QN7,DJI Pilot,Android,7.0.2,1EF72A62-B7C3-C88D-164E-CE6F8C8424AE,1ZN7L4R0H1D00F,1W9DL31001461C,,1ZMLH8300204F0,1W9DL31001461C,,,,,
2023-11-01,11:25:08.34 AM,0m 46.0s,46.0,33.8024561453775,-117.4662807298823,21.6,21.6,15.4,1285,173.9,5.387264,5.538403,-3.579104,0,-4.026492,1.342164,-0.223694,0,1.2,-1.4,1.8,-131.6,228.4,227.3,Tripod,Other,,20,5,True,,True,False,,Smart,RC,False,True,False,,,True,,False,False,False,False,False,False,False,False,False,False,0,Follow Yaw,-88.9,0,-139.6,220.4,False,False,False,False,False,,0,0,False,False,No Card,100,100,1024,1332,1225,1024,2,False,False,False,False,False,0,False,False,False,False,97,,47.7,,9742,,10044,,47.7,,True,3.974,3.974,3.974,3.974,3.974,3.974,3.974,3.974,3.974,3.974,3.974,3.974,0,,False,False,True,,,,,,,,,,,,,,,False,False,19.818,,78.8,,75.7,,78.8,,1818,41,2,16,7,146187.5,19491.66,,Idle,,20,,10,,,20,Go Home,False,False,False,False,False,False,False,False,False,False,False,False,33.8027920380556,-117.4659261431046,163.0,2972.0,1049.4,396.9,True,1,1,False,False,False,False,,True,False,False,Course Lock,196.8,67,16.4,93,E,SW,6.48,6.48,Calm,False,False,Android,7.0.2,M300 RTK,1ZN7L4R0H1D00F,1W9DL31001461C,1ZMLH8300204F0,1Z6PH74DAP0QN7,"Corona, CA",728.3,5.7,137.7,8.547347,2.013246,0,0,DJI Matrice 300 RTK,M300 RTK,1ZN7L4R0H1D00F,1W9DL31001461C,1ZMLH8300204F0,1Z6PH74DAP0QN7,DJI Pilot,Android,7.0.2,1EF72A62-B7C3-C88D-164E-CE6F8C8424AE,1ZN7L4R0H1D00F,1W9DL31001461C,,1ZMLH8300204F0,1W9DL31001461C,,,,,
2023-11-01,11:25:08.43 AM,0m 46.1s,46.1,33.8024544150741,-117.4662828443152,21.6,21.6,15.4,1285,174.8,5.387264,5.538403,-3.579104,0,-4.026492,1.342164,-0.223694,0,1.3,-1.3,1.8,-131.6,228.4,225.4,Tripod,Other,,20,5,True,,True,False,,Smart,RC,False,True,False,,,True,,False,False,False,False,False,False,False,False,False,False,0,Follow Yaw,-88.9,0,-139.6,220.4,False,False,False,False,False,,0,0,False,False,No Card,100,100,1024,1332,1225,1024,2,False,False,False,False,False,0,False,False,False,False,97,,47.7,,9742,,10044,,47.7,,True,3.974,3.974,3.974,3.974,3.974,3.974,3.974,3.974,3.974,3.974,3.974,3.974,0,,False,False,True,,,,,,,,,,,,,,,False,False,19.818,,78.8,,75.7,,78.8,,1818,41,2,16,7,146187.5,19491.66,,Idle,,20,,10,,,20,Go Home,False,False,False,False,False,False,False,False,False,False,False,False,33.8027920380556,-117.4659261431046,163.8,2972.0,1049.4,396.9,True,1,1,False,False,False,False,,True,False,False,Course Lock,196.8,67,16.4,93,E,SW,6.48,6.48,Calm,False,False,Android,7.0.2,M300 RTK,1ZN7L4R0H1D00F,1W9DL31001461C,1ZMLH8300204F0,1Z6PH74DAP0QN7,"Corona, CA",728.3,5.7,137.7,8.547347,2.013246,0,0,DJI Matrice 300 RTK,M300 RTK,1ZN7L4R0H1D00F,1W9DL31001461C,1ZMLH8300204F0,1Z6PH74DAP0QN7,DJI Pilot,Android,7.0.2,1EF72A62-B7C3-C88D-164E-CE6F8C8424AE,1ZN7L4R0H1D00F,1W9DL31001461C,,1ZMLH8300204F0,1W9DL31001461C,,,,,
2023-11-01,11:25:08.54 AM,0m 46.2s,46.2,33.8024528602134,-117.4662848525318,21.6,21.6,15.4,1285,175.7,5.387264,5.538403,-3.579104,0,-4.026492,1.342164,-0.223694,0,1.4,-1.2,1.8,-131.5,228.5,227.0,Tripod,Other,,20,5,True,,True,False,,Smart,RC,False,True,False,,,True,,False,False,False,False,False,False,False,False,False,False,0,Follow Yaw,-88.9,0,-139.6,220.4,False,False,False,False,False,,0,0,False,False,No Card,100,100,1024,1332,1226,1024,2,False,False,False,False,False,0,False,False,False,False,97,,47.7,,9742,,10044,,47.7,,True,3.974,3.974,3.974,3.974,3.974,3.974,3.974,3.974,3.974,3.974,3.974,3.974,0,,False,False,True,,,,,,,,,,,,,,,False,False,19.818,,78.8,,75.7,,78.8,,1818,41,2,16,7,146187.5,19491.66,,Idle,,20,,10,,,20,Go Home,False,False,False,False,False,False,False,False,False,False,False,False,33.8027920380556,-117.4659261431046,164.7,2972.0,1049.4,396.9,True,1,1,False,False,False,False,,True,False,False,Course Lock,196.8,67,16.4,93,E,SW,6.48,6.48,Calm,False,False,Android,7.0.2,M300 RTK,1ZN7L4R0H1D00F,1W9DL31001461C,1ZMLH8300204F0,1Z6PH74DAP0QN7,"Corona, CA",728.3,5.7,137.7,8.547347,2.013246,0,0,DJI Matrice 300 RTK,M300 RTK,1ZN7L4R0H1D00F,1W9DL31001461C,1ZMLH8300204F0,1Z6PH74DAP0QN7,DJI Pilot,Android,7.0.2,1EF72A62-B7C3-C88D-164E-CE6F8C8424AE,1ZN7L4R0H1D00F,1W9DL31001461C,,1ZMLH8300204F0,1W9DL31001461C,,,,,
2023-11-01,11:25:08.64 AM,0m 46.3s,46.3,33.8024513278313,-117.4662869504714,21.6,21.6,15.4,1285,176.5,5.387264,5.538403,-3.579104,0,-4.026492,1.342164,-0.223694,0,1.3,-1.1,1.7,-131.5,228.5,228.6,Tripod,Other,,20,5,True,,True,False,,Smart,RC,False,True,False,,,True,,False,False,False,False,False,False,False,False,False,False,0,Follow Yaw,-88.9,0,-139.6,220.4,False,False,False,False,False,,0,0,False,False,No Card,100,100,1024,1332,1226,1024,2,False,False,False,False,False,0,False,False,False,False,97,,47.7,,9742,,10044,,47.7,,True,3.974,3.974,3.974,3.974,3.974,3.974,3.974,3.974,3.974,3.974,3.974,3.974,0,,False,False,True,,,,,,,,,,,,,,,False,False,19.818,,78.8,,75.7,,78.8,,1816,41,2,16,7,146683.0,19557.74,,Idle,,20,,10,,,20,Go Home,False,False,False,False,False,False,False,False,False,False,False,False,33.8027920380556,-117.4659261431046,165.5,2972.0,1049.4,396.9,True,1,1,False,False,False,False,,True,False,False,Course Lock,196.8,67,16.4,93,E,SW,6.48,6.48,Calm,False,False,Android,7.0.2,M300 RTK,1ZN7L4R0H1D00F,1W9DL31001461C,1ZMLH8300204F0,1Z6PH74DAP0QN7,"Corona, CA",728.3,5.7,137.7,8.547347,2.013246,0,0,DJI Matrice 300 RTK,M300 RTK,1ZN7L4R0H1D00F,1W9DL31001461C,1ZMLH8300204F0,1Z6PH74DAP0QN7,DJI Pilot,Android,7.0.2,1EF72A62-B7C3-C88D-164E-CE6F8C8424AE,1ZN7L4R0H1D00F,1W9DL31001461C,,1ZMLH8300204F0,1W9DL31001461C,,,,,
2023-11-01,11:25:08.74 AM,0m 46.4s,46.4,33.8024497811944,-117.4662889751812,21.6,21.6,15.4,1285,177.4,5.387264,5.538403,-3.579104,0,-4.026492,1.342164,-0.223694,0,1.2,-1,1.5,-131.5,228.5,227.4,Tripod,Other,,20,5,True,,True,False,,Smart,RC,False,True,False,,,True,,False,False,False,False,False,False,False,False,False,False,0,Follow Yaw,-88.9,0,-139.6,220.4,False,False,False,False,False,,0,0,False,False,No Card,100,100,1024,1331,1226,1024,2,False,False,False,False,False,0,False,False,False,False,97,,47.7,,9742,,10044,,47.7,,True,3.974,3.974,3.974,3.974,3.974,3.974,3.974,3.974,3.974,3.974,3.974,3.974,0,,False,False,True,,,,,,,,,,,,,,,False,False,19.818,,78.8,,75.7,,78.8,,1816,41,2,16,7,146683.0,19557.74,,Idle,,20,,10,,,20,Go Home,False,False,False,False,False,False,False,False,False,False,False,False,33.8027920380556,-117.4659261431046,166.3,2972.0,1049.4,396.9,True,1,1,False,False,False,False,,True,False,False,Course Lock,196.8,67,16.4,93,E,SW,6.48,6.48,Calm,False,False,Android,7.0.2,M300 RTK,1ZN7L4R0H1D00F,1W9DL31001461C,1ZMLH8300204F0,1Z6PH74DAP0QN7,"Corona, CA",728.3,5.7,137.7,8.547347,2.013246,0,0,DJI Matrice 300 RTK,M300 RTK,1ZN7L4R0H1D00F,1W9DL31001461C,1ZMLH8300204F0,1Z6PH74DAP0QN7,DJI Pilot,Android,7.0.2,1EF72A62-B7C3-C88D-164E-CE6F8C8424AE,1ZN7L4R0H1D00F,1W9DL31001461C,,1ZMLH8300204F0,1W9DL31001461C,,,,,
2023-11-01,11:25:08.84 AM,0m 46.5s,46.5,33.8024482521019,-117.4662908026318,21.9,21.9,15.4,1286,178.1,5.387264,5.538403,-3.579104,0,-4.026492,1.342164,-0.223694,0,1.1,-1,1.4,-131.5,228.5,224.8,Tripod,Other,,20,5,True,,True,False,,Smart,RC,False,True,False,,,True,,False,False,False,False,False,False,False,False,False,False,0,Follow Yaw,-88.9,0,-139.6,220.4,False,False,False,False,False,,0,0,False,False,No Card,100,100,1024,1329,1229,1024,2,False,False,False,False,False,0,False,False,False,False,97,,47.7,,9742,,10044,,47.7,,True,3.974,3.974,3.974,3.974,3.974,3.974,3.974,3.974,3.974,3.974,3.974,3.974,0,,False,False,True,,,,,,,,,,,,,,,False,False,19.818,,78.8,,75.7,,78.8,,1816,41,2,16,7,146683.0,19557.74,,Idle,,20,,10,,,20,Go Home,False,False,False,False,False,False,False,False,False,False,False,False,33.8027920380556,-117.4659261431046,167.1,2972.0,1049.4,396.9,True,1,1,False,False,False,False,,True,False,False,Course Lock,196.8,67,16.4,93,E,SW,6.48,6.48,Calm,False,False,Android,7.0.2,M300 RTK,1ZN7L4R0H1D00F,1W9DL31001461C,1ZMLH8300204F0,1Z6PH74DAP0QN7,"Corona, CA",728.3,5.7,137.7,8.547347,2.013246,0,0,DJI Matrice 300 RTK,M300 RTK,1ZN7L4R0H1D00F,1W9DL31001461C,1ZMLH8300204F0,1Z6PH74DAP0QN7,DJI Pilot,Android,7.0.2,1EF72A62-B7C3-C88D-164E-CE6F8C8424AE,1ZN7L4R0H1D00F,1W9DL31001461C,,1ZMLH8300204F0,1W9DL31001461C,,,,,
2023-11-01,11:25:08.95 AM,0m 46.6s,46.6,33.8024467158819,-117.4662928240429,21.9,21.9,15.4,1286,179.0,5.387264,5.538403,-3.579104,0,-4.026492,1.342164,-0.223694,0,1,-1.1,1.4,-131.5,228.5,227.5,Tripod,Other,,20,5,True,,True,False,,Smart,RC,False,True,False,,,True,,False,False,False,False,False,False,False,False,False,False,0,Follow Yaw,-88.9,0,-139.6,220.4,False,False,False,False,False,,0,0,False,False,No Card,100,100,1024,1331,1228,1024,2,False,False,False,False,False,0,False,False,False,False,97,,47.7,,9742,,10044,,47.7,,True,3.974,3.974,3.974,3.974,3.974,3.974,3.974,3.974,3.974,3.974,3.974,3.974,0,,False,False,True,,,,,,,,,,,,,,,False,False,19.818,,78.8,,75.7,,78.8,,1816,41,2,16,7,146683.0,19557.74,,Idle,,20,,10,,,20,Go Home,False,False,False,False,False,False,False,False,False,False,False,False,33.8027920380556,-117.4659261431046,168.0,2972.0,1049.4,396.9,True,1,1,False,False,False,False,,True,False,False,Course Lock,196.8,67,16.4,93,E,SW,6.48,6.48,Calm,False,False,Android,7.0.2,M300 RTK,1ZN7L4R0H1D00F,1W9DL31001461C,1ZMLH8300204F0,1Z6PH74DAP0QN7,"Corona, CA",728.3,5.7,137.7,8.547347,2.013246,0,0,DJI Matrice 300 RTK,M300 RTK,1ZN7L4R0H1D00F,1W9DL31001461C,1ZMLH8300204F0,1Z6PH74DAP0QN7,DJI Pilot,Android,7.0.2,1EF72A62-B7C3-C88D-164E-CE6F8C8424AE,1ZN7L4R0H1D00F,1W9DL31001461C,,1ZMLH8300204F0,1W9DL31001461C,,,,,
2023-11-01,11:25:09.05 AM,0m 46.7s,46.7,33.8024451368978,-117.4662946937162,21.9,21.9,15.4,1286,179.8,5.387264,5.538403,-3.579104,0,-4.026492,1.342164,-0.223694,0,1,-1.3,1.6,-131.5,228.5,224.5,Tripod,Other,,20,5,True,,True,False,,Smart,RC,False,True,False,,,True,,False,False,False,False,False,False,False,False,False,False,0,Follow Yaw,-88.9,0,-139.6,220.4,False,False,False,False,False,,0,0,False,False,No Card,100,100,1024,1332,1229,1024,2,False,False,False,False,False,0,False,False,False,False,97,,47.7,,9742,,10044,,47.7,,True,3.974,3.974,3.974,3.974,3.974,3.974,3.974,3.974,3.974,3.974,3.974,3.974,0,,False,False,True,,,,,,,,,,,,,,,False,False,19.818,,78.8,,75.7,,78.8,,1816,41,2,16,7,146683.0,19557.74,,Idle,,20,,10,,,20,Go Home,False,False,False,False,False,False,False,False,False,False,False,False,33.8027920380556,-117.4659261431046,168.8,2972.0,1049.4,396.9,True,1,1,False,False,False,False,,True,False,False,Course Lock,196.8,67,16.4,93,E,SW,6.48,6.48,Calm,False,False,Android,7.0.2,M300 RTK,1ZN7L4R0H1D00F,1W9DL31001461C,1ZMLH8300204F0,1Z6PH74DAP0QN7,"Corona, CA",728.3,5.7,137.7,8.547347,2.013246,0,0,DJI Matrice 300 RTK,M300 RTK,1ZN7L4R0H1D00F,1W9DL31001461C,1ZMLH8300204F0,1Z6PH74DAP0QN7,DJI Pilot,Android,7.0.2,1EF72A62-B7C3-C88D-164E-CE6F8C8424AE,1ZN7L4R0H1D00F,1W9DL31001461C,,1ZMLH8300204F0,1W9DL31001461C,,,,,
2023-11-01,11:25:09.15 AM,0m 46.8s,46.8,33.8024436001297,-117.466296723044,21.9,21.9,15.7,1286,180.6,5.387264,5.538403,-3.579104,0,-4.026492,1.342164,-0.223694,0,1.1,-1.5,1.8,-131.5,228.5,227.6,Tripod,Other,,20,5,True,,True,False,,Smart,RC,False,True,False,,,True,,False,False,False,False,False,False,False,False,False,False,0,Follow Yaw,-88.9,0,-139.6,220.4,False,False,False,False,False,,0,0,False,False,No Card,100,100,1024,1332,1229,1024,2,False,False,False,False,False,0,False,False,False,False,97,,47.7,,9742,,10044,,47.7,,True,3.974,3.974,3.974,3.974,3.974,3.974,3.974,3.974,3.974,3.974,3.974,3.974,0,,False,False,True,,,,,,,,,,,,,,,False,False,19.818,,78.8,,75.7,,78.8,,1816,41,2,16,7,146683.0,19557.74,,Idle,,20,,10,,,20,Go Home,False,False,False,False,False,False,False,False,False,False,False,False,33.8027920380556,-117.4659261431046,169.6,2972.0,1049.4,396.9,True,1,1,False,False,False,False,,True,False,False,Course Lock,196.8,67,16.4,93,E,SW,6.48,6.48,Calm,False,False,Android,7.0.2,M300 RTK,1ZN7L4R0H1D00F,1W9DL31001461C,1ZMLH8300204F0,1Z6PH74DAP0QN7,"Corona, CA",728.3,5.7,137.7,8.547347,2.013246,0,0,DJI Matrice 300 RTK,M300 RTK,1ZN7L4R0H1D00F,1W9DL31001461C,1ZMLH8300204F0,1Z6PH74DAP0QN7,DJI Pilot,Android,7.0.2,1EF72A62-B7C3-C88D-164E-CE6F8C8424AE,1ZN7L4R0H1D00F,1W9DL31001461C,,1ZMLH8300204F0,1W9DL31001461C,,,,,
2023-11-01,11:25:09.26 AM,0m 46.9s,46.9,33.8024420754232,-117.466298917964,21.9,21.9,15.4,1286,181.5,5.387264,5.538403,-3.579104,0,-4.026492,1.342164,-0.223694,0,1.3,-1.6,2,-131.5,228.5,230.1,Tripod,Other,,20,5,True,,True,False,,Smart,RC,False,True,False,,,True,,False,False,False,False,False,False,False,False,False,False,0,Follow Yaw,-88.9,0,-139.6,220.4,False,False,False,False,False,,0,0,False,False,No Card,100,100,1024,1332,1229,1024,2,False,False,False,False,False,0,False,False,False,False,97,,47.7,,9742,,10044,,47.7,,True,3.974,3.974,3.974,3.974,3.974,3.974,3.974,3.974,3.974,3.974,3.974,3.974,0,,False,False,True,,,,,,,,,,,,,,,False,False,19.818,,78.8,,75.7,,78.8,,1816,41,2,16,7,146683.0,19557.74,,Idle,,20,,10,,,20,Go Home,False,False,False,False,False,False,False,False,False,False,False,False,33.8027920380556,-117.4659261431046,170.4,2972.0,1049.4,396.9,True,1,1,False,False,False,False,,True,False,False,Course Lock,196.8,67,16.4,93,E,SW,6.48,6.48,Calm,False,False,Android,7.0.2,M300 RTK,1ZN7L4R0H1D00F,1W9DL31001461C,1ZMLH8300204F0,1Z6PH74DAP0QN7,"Corona, CA",728.3,5.7,137.7,8.547347,2.013246,0,0,DJI Matrice 300 RTK,M300 RTK,1ZN7L4R0H1D00F,1W9DL31001461C,1ZMLH8300204F0,1Z6PH74DAP0QN7,DJI Pilot,Android,7.0.2,1EF72A62-B7C3-C88D-164E-CE6F8C8424AE,1ZN7L4R0H1D00F,1W9DL31001461C,,1ZMLH8300204F0,1W9DL31001461C,,,,,
2023-11-01,11:25:09.36 AM,0m 47.0s,47.0,33.8024405326241,-117.4663009631253,21.9,21.9,15.4,1286,182.3,5.387264,5.538403,-3.579104,0,-4.026492,1.342164,-0.223694,0,1.3,-1.7,2.1,-131.6,228.4,227.7,Tripod,Other,,20,5,True,,True,False,,Smart,RC,False,True,False,,,True,,False,False,False,False,False,False,False,False,False,False,0,Follow Yaw,-88.9,0,-139.6,220.4,False,False,False,False,False,,0,0,False,False,No Card,100,100,1024,1332,1230,1024,2,False,False,False,False,False,0,False,False,False,False,97,,47.688,,9742,,10044,,47.688,,True,3.974,3.974,3.974,3.974,3.974,3.974,3.974,3.974,3.974,3.974,3.974,3.974,0,,False,False,True,,,,,,,,,,,,,,,False,False,19.894,,78.9,,75.7,,78.9,,1816,41,2,16,7,146683.0,19557.74,,Idle,,20,,10,,,20,Go Home,False,False,False,False,False,False,False,False,False,False,False,False,33.8027920380556,-117.4659261431046,171.3,2972.0,1049.4,396.9,True,1,1,False,False,False,False,,True,False,False,Course Lock,196.8,67,16.4,93,E,SW,6.48,6.48,Calm,False,False,Android,7.0.2,M300 RTK,1ZN7L4R0H1D00F,1W9DL31001461C,1ZMLH8300204F0,1Z6PH74DAP0QN7,"Corona, CA",728.3,5.7,137.7,8.547347,2.013246,0,0,DJI Matrice 300 RTK,M300 RTK,1ZN7L4R0H1D00F,1W9DL31001461C,1ZMLH8300204F0,1Z6PH74DAP0QN7,DJI Pilot,Android,7.0.2,1EF72A62-B7C3-C88D-164E-CE6F8C8424AE,1ZN7L4R0H1D00F,1W9DL31001461C,,1ZMLH8300204F0,1W9DL31001461C,,,,,
2023-11-01,11:25:09.44 AM,0m 47.1s,47.1,33.8024389591226,-117.4663030617247,22.3,22.3,15.4,1286,183.2,5.387264,5.538403,-3.579104,0,-4.026492,1.342164,-0.223694,0,1.3,-1.8,2.2,-131.6,228.4,227.9,Tripod,Other,,20,5,True,,True,False,,Smart,RC,False,True,False,,,True,,False,False,False,False,False,False,False,False,False,False,0,Follow Yaw,-88.9,0,-139.6,220.4,False,False,False,False,False,,0,0,False,False,No Card,100,100,1024,1330,1232,1024,2,False,False,False,False,False,0,False,False,False,False,97,,47.688,,9742,,10044,,47.688,,True,3.974,3.974,3.974,3.974,3.974,3.974,3.974,3.974,3.974,3.974,3.974,3.974,0,,False,False,True,,,,,,,,,,,,,,,False,False,19.894,,78.9,,75.7,,78.9,,1816,41,2,16,7,146683.0,19557.74,,Idle,,20,,10,,,20,Go Home,False,False,False,False,False,False,False,False,False,False,False,False,33.8027920380556,-117.4659261431046,172.1,2972.0,1049.4,396.9,True,1,1,False,False,False,False,,True,False,False,Course Lock,196.8,67,16.4,93,E,SW,6.71,6.71,Calm,False,False,Android,7.0.2,M300 RTK,1ZN7L4R0H1D00F,1W9DL31001461C,1ZMLH8300204F0,1Z6PH74DAP0QN7,"Corona, CA",728.3,5.7,137.7,8.547347,2.013246,0,0,DJI Matrice 300 RTK,M300 RTK,1ZN7L4R0H1D00F,1W9DL31001461C,1ZMLH8300204F0,1Z6PH74DAP0QN7,DJI Pilot,Android,7.0.2,1EF72A62-B7C3-C88D-164E-CE6F8C8424AE,1ZN7L4R0H1D00F,1W9DL31001461C,,1ZMLH8300204F0,1W9DL31001461C,,,,,
2023-11-01,11:25:09.56 AM,0m 47.2s,47.2,33.8024374130341,-117.4663051082055,22.3,22.3,15.4,1286,184.0,5.387264,5.538403,-3.579104,0,-4.026492,1.342164,-0.223694,0,1.2,-1.7,2,-131.6,228.4,227.7,Tripod,Other,,20,5,True,,True,False,,Smart,RC,False,True,False,,,True,,False,False,False,False,False,False,False,False,False,False,0,Follow Yaw,-88.9,0,-139.6,220.4,False,False,False,False,False,,0,0,False,False,No Card,100,100,1024,1329,1232,1024,2,False,False,False,False,False,0,False,False,False,False,97,,47.688,,9742,,10044,,47.688,,True,3.974,3.974,3.974,3.974,3.974,3.974,3.974,3.974,3.974,3.974,3.974,3.974,0,,False,False,True,,,,,,,,,,,,,,,False,False,19.894,,78.9,,75.7,,78.9,,1816,41,2,16,7,146683.0,19557.74,,Idle,,20,,10,,,20,Go Home,False,False,False,False,False,False,False,False,False,False,False,False,33.8027920380556,-117.4659261431046,173.0,2972.0,1049.4,396.9,True,1,1,False,False,False,False,,True,False,False,Course Lock,196.8,67,16.4,93,E,SW,6.71,6.71,Calm,False,False,Android,7.0.2,M300 RTK,1ZN7L4R0H1D00F,1W9DL31001461C,1ZMLH8300204F0,1Z6PH74DAP0QN7,"Corona, CA",728.3,5.7,137.7,8.547347,2.013246,0,0,DJI Matrice 300 RTK,M300 RTK,1ZN7L4R0H1D00F,1W9DL31001461C,1ZMLH8300204F0,1Z6PH74DAP0QN7,DJI Pilot,Android,7.0.2,1EF72A62-B7C3-C88D-164E-CE6F8C8424AE,1ZN7L4R0H1D00F,1W9DL31001461C,,1ZMLH8300204F0,1W9DL31001461C,,,,,
2023-11-01,11:25:09.67 AM,0m 47.3s,47.3,33.8024359755006,-117.4663070141639,22.3,22.3,15.4,1286,184.8,5.387264,5.538403,-3.579104,0,-4.026492,1.342164,-0.223694,0,1.2,-1.5,1.9,-131.6,228.4,227.7,Tripod,Other,,20,5,True,,True,False,,Smart,RC,False,True,False,,,True,,False,False,False,False,False,False,False,False,False,False,0,Follow Yaw,-88.9,0,-139.6,220.4,False,False,False,False,False,,0,0,False,False,No Card,100,100,1024,1330,1232,1024,2,False,False,False,False,False,0,False,False,False,False,97,,47.688,,9742,,10044,,47.688,,True,3.975,3.975,3.975,3.975,3.975,3.975,3.975,3.975,3.975,3.975,3.975,3.975,0,,False,False,True,,,,,,,,,,,,,,,False,False,19.894,,78.9,,75.7,,78.9,,1813,41,2,16,7,147151.4,19620.18,,Idle,,20,,10,,,20,Go Home,False,False,False,False,False,False,False,False,False,False,False,False,33.8027920380556,-117.4659261431046,173.7,2972.0,1049.4,396.9,True,1,1,False,False,False,False,,True,False,False,Course Lock,196.8,67,16.4,93,E,SW,6.71,6.71,Calm,False,False,Android,7.0.2,M300 RTK,1ZN7L4R0H1D00F,1W9DL31001461C,1ZMLH8300204F0,1Z6PH74DAP0QN7,"Corona, CA",728.3,5.7,137.7,8.547347,2.013246,0,0,DJI Matrice 300 RTK,M300 RTK,1ZN7L4R0H1D00F,1W9DL31001461C,1ZMLH8300204F0,1Z6PH74DAP0QN7,DJI Pilot,Android,7.0.2,1EF72A62-B7C3-C88D-164E-CE6F8C8424AE,1ZN7L4R0H1D00F,1W9DL31001461C,,1ZMLH8300204F0,1W9DL31001461C,,,,,
2023-11-01,11:25:09.77 AM,0m 47.4s,47.4,33.8024344392807,-117.4663090461306,22.3,22.3,15.4,1286,185.6,5.387264,5.538403,-3.579104,0,-4.026492,1.342164,-0.223694,0,1.3,-1.3,1.8,-131.5,228.5,227.7,Tripod,Other,,20,5,True,,True,False,,Smart,RC,False,True,False,,,True,,False,False,False,False,False,False,False,False,False,False,0,Follow Yaw,-88.9,0,-139.6,220.4,False,False,False,False,False,,0,0,False,False,No Card,100,100,1024,1332,1231,1024,2,False,False,False,False,False,0,False,False,False,False,97,,47.688,,9742,,10044,,47.688,,True,3.975,3.975,3.975,3.975,3.975,3.975,3.975,3.975,3.975,3.975,3.975,3.975,0,,False,False,True,,,,,,,,,,,,,,,False,False,19.894,,78.9,,75.7,,78.9,,1813,41,2,16,7,147151.4,19620.18,,Idle,,20,,10,,,20,Go Home,False,False,False,False,False,False,False,False,False,False,False,False,33.8027920380556,-117.4659261431046,174.6,2972.0,1049.4,396.9,True,1,1,False,False,False,False,,True,False,False,Course Lock,196.8,67,16.4,93,E,SW,6.71,6.71,Calm,False,False,Android,7.0.2,M300 RTK,1ZN7L4R0H1D00F,1W9DL31001461C,1ZMLH8300204F0,1Z6PH74DAP0QN7,"Corona, CA",728.3,5.7,137.7,8.547347,2.013246,0,0,DJI Matrice 300 RTK,M300 RTK,1ZN7L4R0H1D00F,1W9DL31001461C,1ZMLH8300204F0,1Z6PH74DAP0QN7,DJI Pilot,Android,7.0.2,1EF72A62-B7C3-C88D-164E-CE6F8C8424AE,1ZN7L4R0H1D00F,1W9DL31001461C,,1ZMLH8300204F0,1W9DL31001461C,,,,,
2023-11-01,11:25:09.87 AM,0m 47.5s,47.5,33.8024327161047,-117.4663111011879,22.3,22.3,15.4,1286,186.5,5.387264,5.538403,-3.579104,0,-4.026492,1.342164,-0.223694,0,1.4,-1.3,1.9,-131.5,228.5,224.7,Tripod,Other,,20,5,True,,True,False,,Smart,RC,False,True,False,,,True,,False,False,False,False,False,False,False,False,False,False,0,Follow Yaw,-88.9,0,-139.6,220.4,False,False,False,False,False,,0,0,False,False,No Card,100,100,1024,1330,1232,1024,2,False,False,False,False,False,0,False,False,False,False,97,,47.688,,9742,,10044,,47.688,,True,3.975,3.975,3.975,3.975,3.975,3.975,3.975,3.975,3.975,3.975,3.975,3.975,0,,False,False,True,,,,,,,,,,,,,,,False,False,19.894,,78.9,,75.7,,78.9,,1813,41,2,16,7,147151.4,19620.18,,Idle,,20,,10,,,20,Go Home,False,False,False,False,False,False,False,False,False,False,False,False,33.8027920380556,-117.4659261431046,175.5,2972.0,1049.4,396.9,True,1,1,False,False,False,False,,True,False,False,Course Lock,196.8,67,16.4,93,E,SW,6.71,6.71,Calm,False,False,Android,7.0.2,M300 RTK,1ZN7L4R0H1D00F,1W9DL31001461C,1ZMLH8300204F0,1Z6PH74DAP0QN7,"Corona, CA",728.3,5.7,137.7,8.547347,2.013246,0,0,DJI Matrice 300 RTK,M300 RTK,1ZN7L4R0H1D00F,1W9DL31001461C,1ZMLH8300204F0,1Z6PH74DAP0QN7,DJI Pilot,Android,7.0.2,1EF72A62-B7C3-C88D-164E-CE6F8C8424AE,1ZN7L4R0H1D00F,1W9DL31001461C,,1ZMLH8300204F0,1W9DL31001461C,,,,,
2023-11-01,11:25:09.97 AM,0m 47.6s,47.6,33.8024311700161,-117.4663131331546,22.3,22.3,15.4,1286,187.3,5.387264,5.538403,-3.579104,0,-4.026492,1.342164,-0.223694,0,1.4,-1.3,1.9,-131.5,228.5,227.5,Tripod,Other,,20,5,True,,True,False,,Smart,RC,False,True,False,,,True,,False,False,False,False,False,False,False,False,False,False,0,Follow Yaw,-88.9,0,-139.6,220.4,False,False,False,False,False,,0,0,False,False,No Card,100,100,1024,1330,1233,1024,2,False,False,False,False,False,0,False,False,False,False,97,,47.688,,9742,,10044,,47.688,,True,3.975,3.975,3.975,3.975,3.975,3.975,3.975,3.975,3.975,3.975,3.975,3.975,0,,False,False,True,,,,,,,,,,,,,,,False,False,19.894,,78.9,,75.7,,78.9,,1813,41,2,16,7,147151.4,19620.18,,Idle,,20,,10,,,20,Go Home,False,False,False,False,False,False,False,False,False,False,False,False,33.8027920380556,-117.4659261431046,176.3,2972.0,1049.4,396.9,True,1,1,False,False,False,False,,True,False,False,Course Lock,196.8,67,16.4,93,E,SW,6.71,6.71,Calm,False,False,Android,7.0.2,M300 RTK,1ZN7L4R0H1D00F,1W9DL31001461C,1ZMLH8300204F0,1Z6PH74DAP0QN7,"Corona, CA",728.3,5.7,137.7,8.547347,2.013246,0,0,DJI Matrice 300 RTK,M300 RTK,1ZN7L4R0H1D00F,1W9DL31001461C,1ZMLH8300204F0,1Z6PH74DAP0QN7,DJI Pilot,Android,7.0.2,1EF72A62-B7C3-C88D-164E-CE6F8C8424AE,1ZN7L4R0H1D00F,1W9DL31001461C,,1ZMLH8300204F0,1W9DL31001461C,,,,,
2023-11-01,11:25:10.04 AM,0m 47.7s,47.7,33.8024297571543,-117.4663151994273,22.6,22.6,15.4,1286,188.2,5.387264,5.538403,-3.579104,0,-4.026492,1.342164,-0.223694,0,1.4,-1.4,1.9,-131.5,228.5,230.5,Tripod,Other,,20,5,True,,True,False,,Smart,RC,False,True,False,,,True,,False,False,False,False,False,False,False,False,False,False,0,Follow Yaw,-88.9,0,-139.6,220.4,False,False,False,False,False,,0,0,False,False,No Card,100,100,1024,1332,1232,1024,2,False,False,False,False,False,0,False,False,False,False,97,,47.64,,4836,,4986,,47.64,,True,3.975,3.975,3.975,3.975,3.975,3.975,3.975,3.975,3.975,3.975,3.975,3.975,0,,False,False,True,,,,,,,,,,,,,,,False,False,9.7,,78.2,,75.7,,78.9,,1813,41,2,16,7,147151.4,19620.18,,Idle,,20,,10,,,20,Go Home,False,False,False,False,False,False,False,False,False,False,False,False,33.8027920380556,-117.4659261431046,177.1,2972.0,1049.4,396.9,True,1,1,False,False,False,False,,True,False,False,Course Lock,196.8,67,16.4,93,E,SW,6.71,6.71,Calm,False,False,Android,7.0.2,M300 RTK,1ZN7L4R0H1D00F,1W9DL31001461C,1ZMLH8300204F0,1Z6PH74DAP0QN7,"Corona, CA",728.3,5.7,137.7,8.547347,2.013246,0,0,DJI Matrice 300 RTK,M300 RTK,1ZN7L4R0H1D00F,1W9DL31001461C,1ZMLH8300204F0,1Z6PH74DAP0QN7,DJI Pilot,Android,7.0.2,1EF72A62-B7C3-C88D-164E-CE6F8C8424AE,1ZN7L4R0H1D00F,1W9DL31001461C,,1ZMLH8300204F0,1W9DL31001461C,,,,,
2023-11-01,11:25:10.14 AM,0m 47.8s,47.8,33.8024282225792,-117.4663172300746,22.6,22.6,15.4,1286,189.0,5.387264,5.538403,-3.579104,0,-4.026492,1.342164,-0.223694,0,1.4,-1.4,1.9,-131.5,228.5,227.7,Tripod,Other,,20,5,True,,True,False,,Smart,RC,False,True,False,,,True,,False,False,False,False,False,False,False,False,False,False,0,Follow Yaw,-88.9,0,-139.6,220.4,False,False,False,False,False,,0,0,False,False,No Card,100,100,1024,1333,1232,1024,2,False,False,False,False,False,0,False,False,False,False,97,,47.64,,4836,,4986,,47.64,,True,3.975,3.975,3.975,3.975,3.975,3.975,3.975,3.975,3.975,3.975,3.975,3.975,0,,False,False,True,,,,,,,,,,,,,,,False,False,9.7,,78.2,,75.7,,78.9,,1813,41,2,16,7,147151.4,19620.18,,Idle,,20,,10,,,20,Go Home,False,False,False,False,False,False,False,False,False,False,False,False,33.8027920380556,-117.4659261431046,177.9,2972.0,1049.4,396.9,True,1,1,False,False,False,False,,True,False,False,Course Lock,196.8,67,16.4,93,E,SW,6.71,6.71,Calm,False,False,Android,7.0.2,M300 RTK,1ZN7L4R0H1D00F,1W9DL31001461C,1ZMLH8300204F0,1Z6PH74DAP0QN7,"Corona, CA",728.3,5.7,137.7,8.547347,2.013246,0,0,DJI Matrice 300 RTK,M300 RTK,1ZN7L4R0H1D00F,1W9DL31001461C,1ZMLH8300204F0,1Z6PH74DAP0QN7,DJI Pilot,Android,7.0.2,1EF72A62-B7C3-C88D-164E-CE6F8C8424AE,1ZN7L4R0H1D00F,1W9DL31001461C,,1ZMLH8300204F0,1W9DL31001461C,,,,,
2023-11-01,11:25:10.24 AM,0m 47.9s,47.9,33.8024265492946,-117.4663193445075,22.6,22.6,15.4,1286,189.9,5.387264,5.538403,-3.579104,0,-4.026492,1.342164,-0.223694,0,1.3,-1.5,1.9,-131.5,228.5,226.3,Tripod,Other,,20,5,True,,True,False,,Smart,RC,False,True,False,,,True,,False,False,False,False,False,False,False,False,False,False,0,Follow Yaw,-88.9,0,-139.6,220.4,False,False,False,False,False,,0,0,False,False,No Card,100,100,1024,1325,1241,1024,2,False,False,False,False,False,0,False,False,False,False,97,,47.64,,4836,,4986,,47.64,,True,3.975,3.975,3.975,3.975,3.975,3.975,3.975,3.975,3.975,3.975,3.975,3.975,0,,False,False,True,,,,,,,,,,,,,,,False,False,9.7,,78.2,,75.7,,78.9,,1813,41,2,16,7,147151.4,19620.18,,Idle,,20,,10,,,20,Go Home,False,False,False,False,False,False,False,False,False,False,False,False,33.8027920380556,-117.4659261431046,178.8,2972.0,1049.4,396.9,True,1,1,False,False,False,False,,True,False,False,Course Lock,196.8,67,16.4,93,E,SW,6.71,6.71,Calm,False,False,Android,7.0.2,M300 RTK,1ZN7L4R0H1D00F,1W9DL31001461C,1ZMLH8300204F0,1Z6PH74DAP0QN7,"Corona, CA",728.3,5.7,137.7,8.547347,2.013246,0,0,DJI Matrice 300 RTK,M300 RTK,1ZN7L4R0H1D00F,1W9DL31001461C,1ZMLH8300204F0,1Z6PH74DAP0QN7,DJI Pilot,Android,7.0.2,1EF72A62-B7C3-C88D-164E-CE6F8C8424AE,1ZN7L4R0H1D00F,1W9DL31001461C,,1ZMLH8300204F0,1W9DL31001461C,,,,,
2023-11-01,11:25:10.34 AM,0m 48.0s,48.0,33.8024250141712,-117.466321377134,22.6,22.6,15.7,1286,190.7,5.387264,5.538403,-3.579104,0,-4.026492,1.342164,-0.223694,0,1.3,-1.6,2,-131.5,228.5,227.7,Tripod,Other,,19,5,True,,True,False,,Smart,RC,False,True,False,,,True,,False,False,False,False,False,False,False,False,False,False,0,Follow Yaw,-88.9,0,-139.6,220.4,False,False,False,False,False,,0,0,False,False,No Card,100,100,1024,1324,1244,1024,2,False,False,False,False,False,0,False,False,False,False,97,,47.676,,9742,,10044,,47.676,,True,3.975,3.975,3.975,3.975,3.975,3.975,3.975,3.975,3.975,3.975,3.975,3.975,0,,False,False,True,,,,,,,,,,,,,,,False,False,19.82,,78.9,,75.7,,78.9,,1813,41,2,16,7,147151.4,19620.18,,Idle,,20,,10,,,20,Go Home,False,False,False,False,False,False,False,False,False,False,False,False,33.8027920380556,-117.4659261431046,179.6,2972.0,1049.4,396.9,True,1,1,False,False,False,False,,True,False,False,Course Lock,196.8,67,16.4,93,E,SW,6.71,6.71,Calm,False,False,Android,7.0.2,M300 RTK,1ZN7L4R0H1D00F,1W9DL31001461C,1ZMLH8300204F0,1Z6PH74DAP0QN7,"Corona, CA",728.3,5.7,137.7,8.547347,2.013246,0,0,DJI Matrice 300 RTK,M300 RTK,1ZN7L4R0H1D00F,1W9DL31001461C,1ZMLH8300204F0,1Z6PH74DAP0QN7,DJI Pilot,Android,7.0.2,1EF72A62-B7C3-C88D-164E-CE6F8C8424AE,1ZN7L4R0H1D00F,1W9DL31001461C,,1ZMLH8300204F0,1W9DL31001461C,,,,,
2023-11-01,11:25:10.44 AM,0m 48.1s,48.1,33.8024237877173,-117.4663234361496,22.6,22.6,15.7,1286,191.5,5.387264,5.538403,-3.579104,0,-4.026492,1.342164,-0.223694,0,1.3,-1.8,2.2,-131.5,228.5,234.3,Tripod,Other,,19,5,True,,True,False,,Smart,RC,False,True,False,,,True,,False,False,False,False,False,False,False,False,False,False,0,Follow Yaw,-88.9,0,-139.6,220.4,False,False,False,False,False,,0,0,False,False,No Card,100,100,1024,1324,1244,1024,2,False,False,False,False,False,0,False,False,False,False,97,,47.676,,9742,,10044,,47.676,,True,3.975,3.975,3.975,3.975,3.975,3.975,3.975,3.975,3.975,3.975,3.975,3.975,0,,False,False,True,,,,,,,,,,,,,,,False,False,19.82,,78.9,,75.7,,78.9,,1813,41,2,16,7,147151.4,19620.18,,Idle,,20,,10,,,20,Go Home,False,False,False,False,False,False,False,False,False,False,False,False,33.8027920380556,-117.4659261431046,180.4,2972.0,1049.4,396.9,True,1,1,False,False,False,False,,True,False,False,Course Lock,196.8,67,16.4,93,E,SW,6.71,6.71,Calm,False,False,Android,7.0.2,M300 RTK,1ZN7L4R0H1D00F,1W9DL31001461C,1ZMLH8300204F0,1Z6PH74DAP0QN7,"Corona, CA",728.3,5.7,137.7,8.547347,2.013246,0,0,DJI Matrice 300 RTK,M300 RTK,1ZN7L4R0H1D00F,1W9DL31001461C,1ZMLH8300204F0,1Z6PH74DAP0QN7,DJI Pilot,Android,7.0.2,1EF72A62-B7C3-C88D-164E-CE6F8C8424AE,1ZN7L4R0H1D00F,1W9DL31001461C,,1ZMLH8300204F0,1W9DL31001461C,,,,,
2023-11-01,11:25:10.54 AM,0m 48.2s,48.2,33.8024222756207,-117.4663254562412,22.6,22.6,15.7,1286,192.3,5.387264,5.538403,-3.579104,0,-4.026492,1.342164,-0.223694,0,1.2,-1.6,2,-131.6,228.4,227.9,Tripod,Other,,19,5,True,,True,False,,Smart,RC,False,True,False,,,True,,False,False,False,False,False,False,False,False,False,False,0,Follow Yaw,-88.9,0,-139.6,220.4,False,False,False,False,False,,0,0,False,False,No Card,100,100,1024,1332,1242,1024,2,False,False,False,False,False,0,False,False,False,False,97,,47.676,,9742,,10044,,47.676,,True,3.975,3.975,3.975,3.975,3.975,3.975,3.975,3.975,3.975,3.975,3.975,3.975,0,,False,False,True,,,,,,,,,,,,,,,False,False,19.82,,78.9,,75.7,,78.9,,1813,41,2,16,7,147151.4,19620.18,,Idle,,20,,10,,,20,Go Home,False,False,False,False,False,False,False,False,False,False,False,False,33.8027920380556,-117.4659261431046,181.2,2972.0,1049.4,396.9,True,1,1,False,False,False,False,,True,False,False,Course Lock,196.8,67,16.4,93,E,SW,6.71,6.71,Calm,False,False,Android,7.0.2,M300 RTK,1ZN7L4R0H1D00F,1W9DL31001461C,1ZMLH8300204F0,1Z6PH74DAP0QN7,"Corona, CA",728.3,5.7,137.7,8.547347,2.013246,0,0,DJI Matrice 300 RTK,M300 RTK,1ZN7L4R0H1D00F,1W9DL31001461C,1ZMLH8300204F0,1Z6PH74DAP0QN7,DJI Pilot,Android,7.0.2,1EF72A62-B7C3-C88D-164E-CE6F8C8424AE,1ZN7L4R0H1D00F,1W9DL31001461C,,1ZMLH8300204F0,1W9DL31001461C,,,,,
2023-11-01,11:25:10.64 AM,0m 48.3s,48.3,33.8024205140666,-117.4663274934858,22.9,22.9,15.7,1287,193.2,5.387264,5.538403,-3.579104,0,-4.026492,1.342164,-0.223694,0,1,-1.6,1.8,-131.7,228.3,223.8,Tripod,Other,,19,5,True,,True,False,,Smart,RC,False,True,False,,,True,,False,False,False,False,False,False,False,False,False,False,0,Follow Yaw,-88.9,0,-139.6,220.4,False,False,False,False,False,,0,0,False,False,No Card,100,100,1024,1330,1242,1024,2,False,False,False,False,False,0,False,False,False,False,97,,47.676,,9742,,10044,,47.676,,True,3.973,3.973,3.973,3.973,3.973,3.973,3.973,3.973,3.973,3.973,3.973,3.973,0,,False,False,True,,,,,,,,,,,,,,,False,False,19.82,,78.9,,75.7,,78.9,,1809,41,2,16,7,147594.1,19679.21,,Idle,,20,,10,,,20,Go Home,False,False,False,False,False,False,False,False,False,False,False,False,33.8027920380556,-117.4659261431046,182.1,2972.0,1049.4,396.9,True,1,1,False,False,False,False,,True,False,False,Course Lock,196.8,67,16.4,93,E,SW,6.71,6.71,Calm,False,False,Android,7.0.2,M300 RTK,1ZN7L4R0H1D00F,1W9DL31001461C,1ZMLH8300204F0,1Z6PH74DAP0QN7,"Corona, CA",728.3,5.7,137.7,8.547347,2.013246,0,0,DJI Matrice 300 RTK,M300 RTK,1ZN7L4R0H1D00F,1W9DL31001461C,1ZMLH8300204F0,1Z6PH74DAP0QN7,DJI Pilot,Android,7.0.2,1EF72A62-B7C3-C88D-164E-CE6F8C8424AE,1ZN7L4R0H1D00F,1W9DL31001461C,,1ZMLH8300204F0,1W9DL31001461C,,,,,
2023-11-01,11:25:10.74 AM,0m 48.4s,48.4,33.8024189910049,-117.466329499723,22.9,22.9,15.7,1287,194.0,5.387264,5.538403,-3.579104,0,-4.026492,1.342164,-0.223694,0,0.9,-1.7,1.9,-131.8,228.2,227.5,Tripod,Other,,19,5,True,,True,False,,Smart,RC,False,True,False,,,True,,False,False,False,False,False,False,False,False,False,False,0,Follow Yaw,-88.9,0,-139.6,220.4,False,False,False,False,False,,0,0,False,False,No Card,100,100,1024,1326,1249,1024,2,False,False,False,False,False,0,False,False,False,False,97,,47.676,,9742,,10044,,47.676,,True,3.973,3.973,3.973,3.973,3.973,3.973,3.973,3.973,3.973,3.973,3.973,3.973,0,,False,False,True,,,,,,,,,,,,,,,False,False,19.82,,78.9,,75.7,,78.9,,1809,41,2,16,7,147594.1,19679.21,,Idle,,20,,10,,,20,Go Home,False,False,False,False,False,False,False,False,False,False,False,False,33.8027920380556,-117.4659261431046,182.9,2972.0,1049.4,396.9,True,1,1,False,False,False,False,,True,False,False,Course Lock,196.8,67,16.4,93,E,SW,6.71,6.71,Calm,False,False,Android,7.0.2,M300 RTK,1ZN7L4R0H1D00F,1W9DL31001461C,1ZMLH8300204F0,1Z6PH74DAP0QN7,"Corona, CA",728.3,5.7,137.7,8.547347,2.013246,0,0,DJI Matrice 300 RTK,M300 RTK,1ZN7L4R0H1D00F,1W9DL31001461C,1ZMLH8300204F0,1Z6PH74DAP0QN7,DJI Pilot,Android,7.0.2,1EF72A62-B7C3-C88D-164E-CE6F8C8424AE,1ZN7L4R0H1D00F,1W9DL31001461C,,1ZMLH8300204F0,1W9DL31001461C,,,,,
2023-11-01,11:25:10.80 AM,0m 48.5s,48.5,33.8024177316554,-117.4663313819312,22.9,22.9,15.7,1287,194.7,5.387264,5.538403,-3.579104,0,-4.026492,1.342164,-0.223694,0,0.9,-1.8,2,-131.8,228.2,231.1,Tripod,Other,,19,5,True,,True,False,,Smart,RC,False,True,False,,,True,,False,False,False,False,False,False,False,False,False,False,0,Follow Yaw,-88.9,0,-139.6,220.4,False,False,False,False,False,,0,0,False,False,No Card,100,100,1024,1325,1250,1024,2,False,False,False,False,False,0,False,False,False,False,97,,47.676,,9742,,10044,,47.676,,True,3.973,3.973,3.973,3.973,3.973,3.973,3.973,3.973,3.973,3.973,3.973,3.973,0,,False,False,True,,,,,,,,,,,,,,,False,False,19.82,,78.9,,75.7,,78.9,,1809,41,2,16,7,147594.1,19679.21,,Idle,,20,,10,,,20,Go Home,False,False,False,False,False,False,False,False,False,False,False,False,33.8027920380556,-117.4659261431046,183.6,2972.0,1049.4,396.9,True,1,1,False,False,False,False,,True,False,False,Course Lock,196.8,67,16.4,93,E,SW,6.71,6.71,Calm,False,False,Android,7.0.2,M300 RTK,1ZN7L4R0H1D00F,1W9DL31001461C,1ZMLH8300204F0,1Z6PH74DAP0QN7,"Corona, CA",728.3,5.7,137.7,8.547347,2.013246,0,0,DJI Matrice 300 RTK,M300 RTK,1ZN7L4R0H1D00F,1W9DL31001461C,1ZMLH8300204F0,1Z6PH74DAP0QN7,DJI Pilot,Android,7.0.2,1EF72A62-B7C3-C88D-164E-CE6F8C8424AE,1ZN7L4R0H1D00F,1W9DL31001461C,,1ZMLH8300204F0,1W9DL31001461C,,,,,
2023-11-01,11:25:10.94 AM,0m 48.6s,48.6,33.8024162365549,-117.4663333604598,22.9,22.9,15.7,1287,195.6,5.387264,5.538403,-3.579104,0,-4.026492,1.342164,-0.223694,0,0.9,-1.8,2,-131.7,228.3,227.7,Tripod,Other,,19,5,True,,True,False,,Smart,RC,False,True,False,,,True,,False,False,False,False,False,False,False,False,False,False,0,Follow Yaw,-88.9,0,-139.6,220.4,False,False,False,False,False,,0,0,False,False,No Card,100,100,1024,1330,1248,1024,2,False,False,False,False,False,0,False,False,False,False,97,,47.676,,9742,,10044,,47.676,,True,3.973,3.973,3.973,3.973,3.973,3.973,3.973,3.973,3.973,3.973,3.973,3.973,0,,False,False,True,,,,,,,,,,,,,,,False,False,19.82,,78.9,,75.7,,78.9,,1809,41,2,16,7,147594.1,19679.21,,Idle,,20,,10,,,20,Go Home,False,False,False,False,False,False,False,False,False,False,False,False,33.8027920380556,-117.4659261431046,184.4,2972.0,1049.4,396.9,True,1,1,False,False,False,False,,True,False,False,Course Lock,196.8,67,16.4,93,E,SW,6.71,6.71,Calm,False,False,Android,7.0.2,M300 RTK,1ZN7L4R0H1D00F,1W9DL31001461C,1ZMLH8300204F0,1Z6PH74DAP0QN7,"Corona, CA",728.3,5.7,137.7,8.547347,2.013246,0,0,DJI Matrice 300 RTK,M300 RTK,1ZN7L4R0H1D00F,1W9DL31001461C,1ZMLH8300204F0,1Z6PH74DAP0QN7,DJI Pilot,Android,7.0.2,1EF72A62-B7C3-C88D-164E-CE6F8C8424AE,1ZN7L4R0H1D00F,1W9DL31001461C,,1ZMLH8300204F0,1W9DL31001461C,,,,,
2023-11-01,11:25:11.04 AM,0m 48.7s,48.7,33.8024147792841,-117.4663354326701,22.9,22.9,15.7,1287,196.4,5.387264,5.538403,-3.579104,0,-4.026492,1.342164,-0.223694,0,0.8,-1.7,1.8,-131.6,228.4,229.7,Tripod,Other,,19,5,True,,True,False,,Smart,RC,False,True,False,,,True,,False,False,False,False,False,False,False,False,False,False,0,Follow Yaw,-88.9,0,-139.6,220.4,False,False,False,False,False,,0,0,False,False,No Card,100,100,1024,1331,1248,1024,2,False,False,False,False,False,0,False,False,False,False,97,,47.676,,9742,,10044,,47.676,,True,3.973,3.973,3.973,3.973,3.973,3.973,3.973,3.973,3.973,3.973,3.973,3.973,0,,False,False,True,,,,,,,,,,,,,,,False,False,19.82,,78.9,,75.7,,78.9,,1809,41,2,16,7,147594.1,19679.21,,Idle,,20,,10,,,20,Go Home,False,False,False,False,False,False,False,False,False,False,False,False,33.8027920380556,-117.4659261431046,185.2,2972.0,1049.4,396.9,True,1,1,False,False,False,False,,True,False,False,Course Lock,196.8,67,16.4,93,E,SW,6.71,6.71,Calm,False,False,Android,7.0.2,M300 RTK,1ZN7L4R0H1D00F,1W9DL31001461C,1ZMLH8300204F0,1Z6PH74DAP0QN7,"Corona, CA",728.3,5.7,137.7,8.547347,2.013246,0,0,DJI Matrice 300 RTK,M300 RTK,1ZN7L4R0H1D00F,1W9DL31001461C,1ZMLH8300204F0,1Z6PH74DAP0QN7,DJI Pilot,Android,7.0.2,1EF72A62-B7C3-C88D-164E-CE6F8C8424AE,1ZN7L4R0H1D00F,1W9DL31001461C,,1ZMLH8300204F0,1W9DL31001461C,,,,,
2023-11-01,11:25:11.14 AM,0m 48.8s,48.8,33.8024132885696,-117.466337400643,22.9,22.9,15.7,1287,197.2,5.222189,5.538403,-3.579104,0,-3.802798,1.342164,-0.447388,0,0.8,-1.5,1.7,-131.5,228.5,227.6,Tripod,Other,,19,5,True,,True,False,,Smart,RC,False,True,False,,,True,,False,False,False,False,False,False,False,False,False,False,0,Follow Yaw,-88.9,0,-139.6,220.4,False,False,False,False,False,,0,0,False,False,No Card,100,100,1024,1332,1249,1024,2,False,False,False,False,False,0,False,False,False,False,97,,47.676,,9742,,10044,,47.676,,True,3.973,3.973,3.973,3.973,3.973,3.973,3.973,3.973,3.973,3.973,3.973,3.973,0,,False,False,True,,,,,,,,,,,,,,,False,False,19.82,,78.9,,75.7,,78.9,,1809,41,2,16,7,147594.1,19679.21,,Idle,,20,,10,,,20,Go Home,False,False,False,False,False,False,False,False,False,False,False,False,33.8027920380556,-117.4659261431046,186.1,2972.0,1049.4,396.9,True,1,1,False,False,False,False,,True,False,False,Course Lock,196.8,67,16.4,93,E,SW,6.71,6.71,Calm,False,False,Android,7.0.2,M300 RTK,1ZN7L4R0H1D00F,1W9DL31001461C,1ZMLH8300204F0,1Z6PH74DAP0QN7,"Corona, CA",728.3,5.7,137.7,8.547347,2.013246,0,0,DJI Matrice 300 RTK,M300 RTK,1ZN7L4R0H1D00F,1W9DL31001461C,1ZMLH8300204F0,1Z6PH74DAP0QN7,DJI Pilot,Android,7.0.2,1EF72A62-B7C3-C88D-164E-CE6F8C8424AE,1ZN7L4R0H1D00F,1W9DL31001461C,,1ZMLH8300204F0,1W9DL31001461C,,,,,
2023-11-01,11:25:11.22 AM,0m 48.9s,48.9,33.8024116416015,-117.4663393554214,23.2,23.2,15.7,1287,198.0,5.222189,5.538403,-3.579104,0,-3.802798,1.342164,-0.447388,0,0.9,-1.3,1.5,-131.4,228.6,224.6,Tripod,Other,,19,5,True,,True,False,,Smart,RC,False,True,False,,,True,,False,False,False,False,False,False,False,False,False,False,0,Follow Yaw,-88.9,0,-139.6,220.4,False,False,False,False,False,,0,0,False,False,No Card,100,100,1024,1331,1250,1024,2,False,False,False,False,False,0,False,False,False,False,97,,47.676,,9742,,10044,,47.676,,True,3.973,3.973,3.973,3.973,3.973,3.973,3.973,3.973,3.973,3.973,3.973,3.973,0,,False,False,True,,,,,,,,,,,,,,,False,False,19.82,,78.9,,75.7,,78.9,,1809,41,2,16,7,147594.1,19679.21,,Idle,,20,,10,,,20,Go Home,False,False,False,False,False,False,False,False,False,False,False,False,33.8027920380556,-117.4659261431046,186.9,2972.0,1049.4,396.9,True,1,1,False,False,False,False,,True,False,False,Course Lock,196.8,67,16.4,93,E,SW,6.71,6.71,Calm,False,False,Android,7.0.2,M300 RTK,1ZN7L4R0H1D00F,1W9DL31001461C,1ZMLH8300204F0,1Z6PH74DAP0QN7,"Corona, CA",728.3,5.7,137.7,8.547347,2.013246,0,0,DJI Matrice 300 RTK,M300 RTK,1ZN7L4R0H1D00F,1W9DL31001461C,1ZMLH8300204F0,1Z6PH74DAP0QN7,DJI Pilot,Android,7.0.2,1EF72A62-B7C3-C88D-164E-CE6F8C8424AE,1ZN7L4R0H1D00F,1W9DL31001461C,,1ZMLH8300204F0,1W9DL31001461C,,,,,
2023-11-01,11:25:11.34 AM,0m 49.0s,49.0,33.8024101536283,-117.4663413214152,23.2,23.2,15.7,1287,198.8,5.241317,5.538403,-3.35541,0,-4.026492,1.342164,-0.447388,0,0.8,-1.3,1.5,-131.4,228.6,227.6,Tripod,Other,,20,5,True,,True,False,,Smart,RC,False,True,False,,,True,,False,False,False,False,False,False,False,False,False,False,0,Follow Yaw,-88.9,0,-139.6,220.4,False,False,False,False,False,,0,0,False,False,No Card,100,100,1024,1331,1250,1024,2,False,False,False,False,False,0,False,False,False,False,97,,47.616,,4836,,4986,,47.616,,True,3.973,3.973,3.973,3.973,3.973,3.973,3.973,3.973,3.973,3.973,3.973,3.973,0,,False,False,True,,,,,,,,,,,,,,,False,False,9.584,,78.2,,75.7,,78.9,,1809,41,2,16,7,147594.1,19679.21,,Idle,,20,,10,,,20,Go Home,False,False,False,False,False,False,False,False,False,False,False,False,33.8027920380556,-117.4659261431046,187.7,2972.0,1049.4,396.9,True,1,1,False,False,False,False,,True,False,False,Course Lock,196.8,67,16.4,93,E,SW,6.93,6.93,Calm,False,False,Android,7.0.2,M300 RTK,1ZN7L4R0H1D00F,1W9DL31001461C,1ZMLH8300204F0,1Z6PH74DAP0QN7,"Corona, CA",728.3,5.7,137.7,8.547347,2.013246,0,0,DJI Matrice 300 RTK,M300 RTK,1ZN7L4R0H1D00F,1W9DL31001461C,1ZMLH8300204F0,1Z6PH74DAP0QN7,DJI Pilot,Android,7.0.2,1EF72A62-B7C3-C88D-164E-CE6F8C8424AE,1ZN7L4R0H1D00F,1W9DL31001461C,,1ZMLH8300204F0,1W9DL31001461C,,,,,
2023-11-01,11:25:11.43 AM,0m 49.1s,49.1,33.8024088460322,-117.4663432174777,23.2,23.2,15.7,1287,199.6,5.241317,5.538403,-3.35541,0,-4.026492,1.342164,-0.223694,0,0.7,-1.4,1.5,-131.4,228.6,230.3,Tripod,Other,,20,5,True,,True,False,,Smart,RC,False,True,False,,,True,,False,False,False,False,False,False,False,False,False,False,0,Follow Yaw,-88.9,0,-139.6,220.4,False,False,False,False,False,,0,0,False,False,No Card,100,100,1024,1330,1251,1024,2,False,False,False,False,False,0,False,False,False,False,97,,47.616,,4836,,4986,,47.616,,True,3.973,3.973,3.973,3.973,3.973,3.973,3.973,3.973,3.973,3.973,3.973,3.973,0,,False,False,True,,,,,,,,,,,,,,,False,False,9.584,,78.2,,75.7,,78.9,,1809,41,2,16,7,147594.1,19679.21,,Idle,,20,,10,,,20,Go Home,False,False,False,False,False,False,False,False,False,False,False,False,33.8027920380556,-117.4659261431046,188.4,2972.0,1049.4,396.9,True,1,1,False,False,False,False,,True,False,False,Course Lock,196.8,67,16.4,93,E,SW,6.93,6.93,Calm,False,False,Android,7.0.2,M300 RTK,1ZN7L4R0H1D00F,1W9DL31001461C,1ZMLH8300204F0,1Z6PH74DAP0QN7,"Corona, CA",728.3,5.7,137.7,8.547347,2.013246,0,0,DJI Matrice 300 RTK,M300 RTK,1ZN7L4R0H1D00F,1W9DL31001461C,1ZMLH8300204F0,1Z6PH74DAP0QN7,DJI Pilot,Android,7.0.2,1EF72A62-B7C3-C88D-164E-CE6F8C8424AE,1ZN7L4R0H1D00F,1W9DL31001461C,,1ZMLH8300204F0,1W9DL31001461C,,,,,
2023-11-01,11:25:11.53 AM,0m 49.2s,49.2,33.802407394244,-117.4663451946869,23.2,23.2,15.7,1287,200.4,5.241317,5.538403,-3.35541,0,-4.026492,1.342164,-0.223694,0,0.5,-1.4,1.4,-131.5,228.5,228.5,Tripod,Other,,20,5,True,,True,False,,Smart,RC,False,True,False,,,True,,False,False,False,False,False,False,False,False,False,False,0,Follow Yaw,-88.9,0,-139.6,220.4,False,False,False,False,False,,0,0,False,False,No Card,100,100,1024,1330,1250,1024,2,False,False,False,False,False,0,False,False,False,False,97,,47.616,,4836,,4986,,47.616,,True,3.973,3.973,3.973,3.973,3.973,3.973,3.973,3.973,3.973,3.973,3.973,3.973,0,,False,False,True,,,,,,,,,,,,,,,False,False,9.584,,78.2,,75.7,,78.9,,1809,41,2,16,7,147594.1,19679.21,,Idle,,20,,10,,,20,Go Home,False,False,False,False,False,False,False,False,False,False,False,False,33.8027920380556,-117.4659261431046,189.2,2972.0,1049.4,396.9,True,1,1,False,False,False,False,,True,False,False,Course Lock,196.8,67,16.4,93,E,SW,6.93,6.93,Calm,False,False,Android,7.0.2,M300 RTK,1ZN7L4R0H1D00F,1W9DL31001461C,1ZMLH8300204F0,1Z6PH74DAP0QN7,"Corona, CA",728.3,5.7,137.7,8.547347,2.013246,0,0,DJI Matrice 300 RTK,M300 RTK,1ZN7L4R0H1D00F,1W9DL31001461C,1ZMLH8300204F0,1Z6PH74DAP0QN7,DJI Pilot,Android,7.0.2,1EF72A62-B7C3-C88D-164E-CE6F8C8424AE,1ZN7L4R0H1D00F,1W9DL31001461C,,1ZMLH8300204F0,1W9DL31001461C,,,,,
2023-11-01,11:25:11.64 AM,0m 49.3s,49.3,33.8024059133982,-117.4663471639794,23.2,23.2,16.0,1287,201.2,5.241317,5.538403,-3.35541,0,-4.026492,1.342164,-0.447388,0,0.3,-1.5,1.5,-131.5,228.5,227.8,Tripod,Other,,20,5,True,,True,False,,Smart,RC,False,True,False,,,True,,False,False,False,False,False,False,False,False,False,False,0,Follow Yaw,-88.9,0,-139.6,220.4,False,False,False,False,False,,0,0,False,False,No Card,100,100,1024,1331,1250,1024,2,False,False,False,False,False,0,False,False,False,False,97,,47.616,,4836,,4986,,47.616,,True,3.97,3.97,3.97,3.97,3.97,3.97,3.97,3.97,3.97,3.97,3.97,3.97,0,,False,False,True,,,,,,,,,,,,,,,False,False,9.584,,78.2,,75.7,,78.9,,1806,41,2,16,7,147939.7,19725.29,,Idle,,20,,10,,,20,Go Home,False,False,False,False,False,False,False,False,False,False,False,False,33.8027920380556,-117.4659261431046,190.0,2972.0,1049.4,396.9,True,1,1,False,False,False,False,,True,False,False,Course Lock,196.8,67,16.4,93,E,SW,6.93,6.93,Calm,False,False,Android,7.0.2,M300 RTK,1ZN7L4R0H1D00F,1W9DL31001461C,1ZMLH8300204F0,1Z6PH74DAP0QN7,"Corona, CA",728.3,5.7,137.7,8.547347,2.013246,0,0,DJI Matrice 300 RTK,M300 RTK,1ZN7L4R0H1D00F,1W9DL31001461C,1ZMLH8300204F0,1Z6PH74DAP0QN7,DJI Pilot,Android,7.0.2,1EF72A62-B7C3-C88D-164E-CE6F8C8424AE,1ZN7L4R0H1D00F,1W9DL31001461C,,1ZMLH8300204F0,1W9DL31001461C,,,,,
2023-11-01,11:25:11.74 AM,0m 49.4s,49.4,33.8024044769613,-117.4663491642792,23.6,23.6,16.0,1287,202.0,5.241317,5.538403,-3.35541,0,-4.026492,1.342164,-0.447388,0,0.1,-1.9,1.9,-131.5,228.5,229.1,Tripod,Other,,20,5,True,,True,False,,Smart,RC,False,True,False,,,True,,False,False,False,False,False,False,False,False,False,False,0,Follow Yaw,-88.9,0,-139.6,220.4,False,False,False,False,False,,0,0,False,False,No Card,100,100,1024,1332,1250,1024,2,False,False,False,False,False,0,False,False,False,False,97,,47.616,,4836,,4986,,47.616,,True,3.97,3.97,3.97,3.97,3.97,3.97,3.97,3.97,3.97,3.97,3.97,3.97,0,,False,False,True,,,,,,,,,,,,,,,False,False,9.584,,78.2,,75.7,,78.9,,1806,41,2,16,7,147939.7,19725.29,,Idle,,20,,10,,,20,Go Home,False,False,False,False,False,False,False,False,False,False,False,False,33.8027920380556,-117.4659261431046,190.8,2972.0,1049.4,396.9,True,1,1,False,False,False,False,,True,False,False,Course Lock,196.8,67,16.4,93,E,SW,6.93,6.93,Calm,False,False,Android,7.0.2,M300 RTK,1ZN7L4R0H1D00F,1W9DL31001461C,1ZMLH8300204F0,1Z6PH74DAP0QN7,"Corona, CA",728.3,5.7,137.7,8.547347,2.013246,0,0,DJI Matrice 300 RTK,M300 RTK,1ZN7L4R0H1D00F,1W9DL31001461C,1ZMLH8300204F0,1Z6PH74DAP0QN7,DJI Pilot,Android,7.0.2,1EF72A62-B7C3-C88D-164E-CE6F8C8424AE,1ZN7L4R0H1D00F,1W9DL31001461C,,1ZMLH8300204F0,1W9DL31001461C,,,,,
2023-11-01,11:25:11.84 AM,0m 49.5s,49.5,33.8024029593821,-117.4663512932262,23.6,23.6,15.7,1287,202.8,5.241317,5.538403,-3.35541,0,-4.026492,1.342164,-0.447388,0,0.2,-2.2,2.2,-131.5,228.5,229.3,Tripod,Other,,20,5,True,,True,False,,Smart,RC,False,True,False,,,True,,False,False,False,False,False,False,False,False,False,False,0,Follow Yaw,-88.9,0,-139.6,220.4,False,False,False,False,False,,0,0,False,False,No Card,100,100,1024,1331,1251,1024,2,False,False,False,False,False,0,False,False,False,False,97,,47.616,,4836,,4986,,47.616,,True,3.97,3.97,3.97,3.97,3.97,3.97,3.97,3.97,3.97,3.97,3.97,3.97,0,,False,False,True,,,,,,,,,,,,,,,False,False,9.584,,78.2,,75.7,,78.9,,1806,41,2,16,7,147939.7,19725.29,,Idle,,20,,10,,,20,Go Home,False,False,False,False,False,False,False,False,False,False,False,False,33.8027920380556,-117.4659261431046,191.7,2972.0,1049.4,396.9,True,1,1,False,False,False,False,,True,False,False,Course Lock,196.8,67,16.4,93,E,SW,6.93,6.93,Calm,False,False,Android,7.0.2,M300 RTK,1ZN7L4R0H1D00F,1W9DL31001461C,1ZMLH8300204F0,1Z6PH74DAP0QN7,"Corona, CA",728.3,5.7,137.7,8.547347,2.013246,0,0,DJI Matrice 300 RTK,M300 RTK,1ZN7L4R0H1D00F,1W9DL31001461C,1ZMLH8300204F0,1Z6PH74DAP0QN7,DJI Pilot,Android,7.0.2,1EF72A62-B7C3-C88D-164E-CE6F8C8424AE,1ZN7L4R0H1D00F,1W9DL31001461C,,1ZMLH8300204F0,1W9DL31001461C,,,,,
2023-11-01,11:25:11.94 AM,0m 49.6s,49.6,33.8024015152696,-117.4663533251929,23.6,23.6,15.7,1287,203.7,5.241317,5.538403,-3.35541,0,-4.026492,1.342164,-0.447388,0,0.5,-2.1,2.1,-131.4,228.6,229.4,Tripod,Other,,20,5,True,,True,False,,Smart,RC,False,True,False,,,True,,False,False,False,False,False,False,False,False,False,False,0,Follow Yaw,-88.9,0,-139.6,220.4,False,False,False,False,False,,0,0,False,False,No Card,100,100,1024,1327,1255,1024,2,False,False,False,False,False,0,False,False,False,False,97,,47.616,,4836,,4986,,47.616,,True,3.97,3.97,3.97,3.97,3.97,3.97,3.97,3.97,3.97,3.97,3.97,3.97,0,,False,False,True,,,,,,,,,,,,,,,False,False,9.584,,78.2,,75.7,,78.9,,1806,41,2,16,7,147939.7,19725.29,,Idle,,20,,10,,,20,Go Home,False,False,False,False,False,False,False,False,False,False,False,False,33.8027920380556,-117.4659261431046,192.5,2972.0,1049.4,396.9,True,1,1,False,False,False,False,,True,False,False,Course Lock,196.8,67,16.4,93,E,SW,6.93,6.93,Calm,False,False,Android,7.0.2,M300 RTK,1ZN7L4R0H1D00F,1W9DL31001461C,1ZMLH8300204F0,1Z6PH74DAP0QN7,"Corona, CA",728.3,5.7,137.7,8.547347,2.013246,0,0,DJI Matrice 300 RTK,M300 RTK,1ZN7L4R0H1D00F,1W9DL31001461C,1ZMLH8300204F0,1Z6PH74DAP0QN7,DJI Pilot,Android,7.0.2,1EF72A62-B7C3-C88D-164E-CE6F8C8424AE,1ZN7L4R0H1D00F,1W9DL31001461C,,1ZMLH8300204F0,1W9DL31001461C,,,,,
2023-11-01,11:25:12.04 AM,0m 49.7s,49.7,33.8024002175421,-117.4663552232346,23.6,23.6,16.0,1287,204.4,5.241317,5.538403,-3.35541,0,-4.026492,1.342164,-0.447388,0,0.8,-2.2,2.3,-131.4,228.6,230.5,Tripod,Other,,20,5,True,,True,False,,Smart,RC,False,True,False,,,True,,False,False,False,False,False,False,False,False,False,False,0,Follow Yaw,-88.9,0,-139.6,220.4,False,False,False,False,False,,0,0,False,False,No Card,100,100,1024,1328,1255,1024,2,False,False,False,False,False,0,False,False,False,False,97,,47.616,,4836,,4986,,47.616,,True,3.97,3.97,3.97,3.97,3.97,3.97,3.97,3.97,3.97,3.97,3.97,3.97,0,,False,False,True,,,,,,,,,,,,,,,False,False,9.584,,78.2,,75.7,,78.9,,1806,41,2,16,7,147939.7,19725.29,,Idle,,20,,10,,,20,Go Home,False,False,False,False,False,False,False,False,False,False,False,False,33.8027920380556,-117.4659261431046,193.2,2972.0,1049.4,396.9,True,1,1,False,False,False,False,,True,False,False,Course Lock,196.8,67,16.4,93,E,SW,6.93,6.93,Calm,False,False,Android,7.0.2,M300 RTK,1ZN7L4R0H1D00F,1W9DL31001461C,1ZMLH8300204F0,1Z6PH74DAP0QN7,"Corona, CA",728.3,5.7,137.7,8.547347,2.013246,0,0,DJI Matrice 300 RTK,M300 RTK,1ZN7L4R0H1D00F,1W9DL31001461C,1ZMLH8300204F0,1Z6PH74DAP0QN7,DJI Pilot,Android,7.0.2,1EF72A62-B7C3-C88D-164E-CE6F8C8424AE,1ZN7L4R0H1D00F,1W9DL31001461C,,1ZMLH8300204F0,1W9DL31001461C,,,,,
2023-11-01,11:25:12.14 AM,0m 49.8s,49.8,33.8023987931668,-117.4663572420067,23.6,23.6,16.0,1287,205.2,5.241317,5.538403,-3.35541,0,-4.026492,1.342164,-0.447388,0,0.8,-2.3,2.4,-131.5,228.5,229.6,Tripod,Other,,20,5,True,,True,False,,Smart,RC,False,True,False,,,True,,False,False,False,False,False,False,False,False,False,False,0,Follow Yaw,-88.9,0,-139.6,220.4,False,False,False,False,False,,0,0,False,False,No Card,100,100,1024,1328,1256,1024,2,False,False,False,False,False,0,False,False,False,False,97,,47.616,,4836,,4986,,47.616,,True,3.97,3.97,3.97,3.97,3.97,3.97,3.97,3.97,3.97,3.97,3.97,3.97,0,,False,False,True,,,,,,,,,,,,,,,False,False,9.584,,78.2,,75.7,,78.9,,1806,41,2,16,7,147939.7,19725.29,,Idle,,20,,10,,,20,Go Home,False,False,False,False,False,False,False,False,False,False,False,False,33.8027920380556,-117.4659261431046,194.0,2972.0,1049.4,396.9,True,1,1,False,False,False,False,,True,False,False,Course Lock,196.8,67,16.4,93,E,SW,6.93,6.93,Calm,False,False,Android,7.0.2,M300 RTK,1ZN7L4R0H1D00F,1W9DL31001461C,1ZMLH8300204F0,1Z6PH74DAP0QN7,"Corona, CA",728.3,5.7,137.7,8.547347,2.013246,0,0,DJI Matrice 300 RTK,M300 RTK,1ZN7L4R0H1D00F,1W9DL31001461C,1ZMLH8300204F0,1Z6PH74DAP0QN7,DJI Pilot,Android,7.0.2,1EF72A62-B7C3-C88D-164E-CE6F8C8424AE,1ZN7L4R0H1D00F,1W9DL31001461C,,1ZMLH8300204F0,1W9DL31001461C,,,,,
2023-11-01,11:25:12.24 AM,0m 49.9s,49.9,33.8023970233889,-117.4663592535218,23.9,23.9,16.0,1288,206.1,5.241317,5.538403,-3.35541,0,-4.026492,1.342164,-0.447388,0,0.8,-2.4,2.5,-131.6,228.4,223.3,Tripod,Other,,20,5,True,,True,False,,Smart,RC,False,True,False,,,True,,False,False,False,False,False,False,False,False,False,False,0,Follow Yaw,-88.9,0,-139.6,220.4,False,False,False,False,False,,0,0,False,False,No Card,100,100,1024,1327,1259,1024,2,False,False,False,False,False,0,False,False,False,False,97,,47.616,,4836,,4986,,47.616,,True,3.97,3.97,3.97,3.97,3.97,3.97,3.97,3.97,3.97,3.97,3.97,3.97,0,,False,False,True,,,,,,,,,,,,,,,False,False,9.584,,78.2,,75.7,,78.9,,1806,41,2,16,7,147939.7,19725.29,,Idle,,20,,10,,,20,Go Home,False,False,False,False,False,False,False,False,False,False,False,False,33.8027920380556,-117.4659261431046,194.9,2972.0,1049.4,396.9,True,1,1,False,False,False,False,,True,False,False,Course Lock,196.8,67,16.4,93,E,SW,6.93,6.93,Calm,False,False,Android,7.0.2,M300 RTK,1ZN7L4R0H1D00F,1W9DL31001461C,1ZMLH8300204F0,1Z6PH74DAP0QN7,"Corona, CA",728.3,5.7,137.7,8.547347,2.013246,0,0,DJI Matrice 300 RTK,M300 RTK,1ZN7L4R0H1D00F,1W9DL31001461C,1ZMLH8300204F0,1Z6PH74DAP0QN7,DJI Pilot,Android,7.0.2,1EF72A62-B7C3-C88D-164E-CE6F8C8424AE,1ZN7L4R0H1D00F,1W9DL31001461C,,1ZMLH8300204F0,1W9DL31001461C,,,,,
2023-11-01,11:25:12.36 AM,0m 50.0s,50.0,33.8023955650216,-117.4663612590994,23.9,23.9,16.0,1288,206.9,5.241317,5.538403,-3.35541,0,-4.026492,1.342164,-0.447388,0,0.6,-2.4,2.4,-131.7,228.3,228.8,Tripod,Other,,21,5,True,,True,False,,Smart,RC,False,True,False,,,True,,False,False,False,False,False,False,False,False,False,False,0,Follow Yaw,-88.9,0,-139.6,220.4,False,False,False,False,False,,0,0,False,False,No Card,100,100,1024,1325,1265,1024,2,False,False,False,False,False,0,False,False,False,False,97,,47.652,,9742,,10044,,47.652,,True,3.97,3.97,3.97,3.97,3.97,3.97,3.97,3.97,3.97,3.97,3.97,3.97,0,,False,False,True,,,,,,,,,,,,,,,False,False,19.584,,79.1,,75.7,,79.1,,1806,41,2,16,7,147939.7,19725.29,,Idle,,20,,10,,,20,Go Home,False,False,False,False,False,False,False,False,False,False,False,False,33.8027920380556,-117.4659261431046,195.7,2972.0,1049.4,396.9,True,1,1,False,False,False,False,,True,False,False,Course Lock,196.8,67,16.4,93,E,SW,6.93,6.93,Calm,False,False,Android,7.0.2,M300 RTK,1ZN7L4R0H1D00F,1W9DL31001461C,1ZMLH8300204F0,1Z6PH74DAP0QN7,"Corona, CA",728.3,5.7,137.7,8.547347,2.013246,0,0,DJI Matrice 300 RTK,M300 RTK,1ZN7L4R0H1D00F,1W9DL31001461C,1ZMLH8300204F0,1Z6PH74DAP0QN7,DJI Pilot,Android,7.0.2,1EF72A62-B7C3-C88D-164E-CE6F8C8424AE,1ZN7L4R0H1D00F,1W9DL31001461C,,1ZMLH8300204F0,1W9DL31001461C,,,,,
2023-11-01,11:25:12.46 AM,0m 50.1s,50.1,33.8023942672941,-117.4663633623169,23.9,23.9,16.0,1288,207.7,5.241317,5.538403,-3.35541,0,-4.026492,1.342164,-0.447388,0,0.5,-2.4,2.4,-131.8,228.2,233.4,Tripod,Other,,21,5,True,,True,False,,Smart,RC,False,True,False,,,True,,False,False,False,False,False,False,False,False,False,False,0,Follow Yaw,-88.9,0,-139.6,220.4,False,False,False,False,False,,0,0,False,False,No Card,100,100,1024,1323,1267,1024,2,False,False,False,False,False,0,False,False,False,False,97,,47.652,,9742,,10044,,47.652,,True,3.97,3.97,3.97,3.97,3.97,3.97,3.97,3.97,3.97,3.97,3.97,3.97,0,,False,False,True,,,,,,,,,,,,,,,False,False,19.584,,79.1,,75.7,,79.1,,1806,41,2,16,7,147939.7,19725.29,,Idle,,20,,10,,,20,Go Home,False,False,False,False,False,False,False,False,False,False,False,False,33.8027920380556,-117.4659261431046,196.5,2972.0,1049.4,396.9,True,1,1,False,False,False,False,,True,False,False,Course Lock,196.8,67,16.4,93,E,SW,6.93,6.93,Calm,False,False,Android,7.0.2,M300 RTK,1ZN7L4R0H1D00F,1W9DL31001461C,1ZMLH8300204F0,1Z6PH74DAP0QN7,"Corona, CA",728.3,5.7,137.7,8.547347,2.013246,0,0,DJI Matrice 300 RTK,M300 RTK,1ZN7L4R0H1D00F,1W9DL31001461C,1ZMLH8300204F0,1Z6PH74DAP0QN7,DJI Pilot,Android,7.0.2,1EF72A62-B7C3-C88D-164E-CE6F8C8424AE,1ZN7L4R0H1D00F,1W9DL31001461C,,1ZMLH8300204F0,1W9DL31001461C,,,,,
2023-11-01,11:25:12.56 AM,0m 50.2s,50.2,33.8023928166024,-117.4663653546998,23.9,23.9,16.0,1288,208.5,5.241317,5.538403,-3.35541,0,-4.026492,1.342164,-0.447388,0,0.5,-2.2,2.2,-131.8,228.2,228.7,Tripod,Other,,21,5,True,,True,False,,Smart,RC,False,True,False,,,True,,False,False,False,False,False,False,False,False,False,False,0,Follow Yaw,-88.9,0,-139.6,220.4,False,False,False,False,False,,0,0,False,False,No Card,100,100,1024,1326,1266,1024,2,False,False,False,False,False,0,False,False,False,False,97,,47.652,,9742,,10044,,47.652,,True,3.97,3.97,3.97,3.97,3.97,3.97,3.97,3.97,3.97,3.97,3.97,3.97,0,,False,False,True,,,,,,,,,,,,,,,False,False,19.584,,79.1,,75.7,,79.1,,1806,41,2,16,7,147939.7,19725.29,,Idle,,20,,10,,,20,Go Home,False,False,False,False,False,False,False,False,False,False,False,False,33.8027920380556,-117.4659261431046,197.3,2972.0,1049.4,396.9,True,1,1,False,False,False,False,,True,False,False,Course Lock,196.8,67,16.4,93,E,SW,6.93,6.93,Calm,False,False,Android,7.0.2,M300 RTK,1ZN7L4R0H1D00F,1W9DL31001461C,1ZMLH8300204F0,1Z6PH74DAP0QN7,"Corona, CA",728.3,5.7,137.7,8.547347,2.013246,0,0,DJI Matrice 300 RTK,M300 RTK,1ZN7L4R0H1D00F,1W9DL31001461C,1ZMLH8300204F0,1Z6PH74DAP0QN7,DJI Pilot,Android,7.0.2,1EF72A62-B7C3-C88D-164E-CE6F8C8424AE,1ZN7L4R0H1D00F,1W9DL31001461C,,1ZMLH8300204F0,1W9DL31001461C,,,,,
2023-11-01,11:25:12.67 AM,0m 50.3s,50.3,33.8023913094402,-117.4663670726354,24.2,24.2,16.0,1288,209.2,5.241317,5.538403,-3.35541,0,-4.026492,1.342164,-0.447388,0,0.3,-2,2,-131.8,228.2,223.4,Tripod,Other,,21,5,True,,True,False,,Smart,RC,False,True,False,,,True,,False,False,False,False,False,False,False,False,False,False,0,Follow Yaw,-88.9,0,-139.6,220.4,False,False,False,False,False,,0,0,False,False,No Card,100,100,1024,1325,1267,1024,2,False,False,False,False,False,0,False,False,False,False,97,,47.652,,9742,,10044,,47.652,,True,3.97,3.97,3.97,3.97,3.97,3.97,3.97,3.97,3.97,3.97,3.97,3.97,0,,False,False,True,,,,,,,,,,,,,,,False,False,19.584,,79.1,,75.7,,79.1,,1802,41,2,16,7,148114.1,19748.55,,Idle,,20,,10,,,20,Go Home,False,False,False,False,False,False,False,False,False,False,False,False,33.8027920380556,-117.4659261431046,198.0,2972.0,1049.4,396.9,True,1,1,False,False,False,False,,True,False,False,Course Lock,196.8,67,16.4,93,E,SW,6.93,6.93,Calm,False,False,Android,7.0.2,M300 RTK,1ZN7L4R0H1D00F,1W9DL31001461C,1ZMLH8300204F0,1Z6PH74DAP0QN7,"Corona, CA",728.3,5.7,137.7,8.547347,2.013246,0,0,DJI Matrice 300 RTK,M300 RTK,1ZN7L4R0H1D00F,1W9DL31001461C,1ZMLH8300204F0,1Z6PH74DAP0QN7,DJI Pilot,Android,7.0.2,1EF72A62-B7C3-C88D-164E-CE6F8C8424AE,1ZN7L4R0H1D00F,1W9DL31001461C,,1ZMLH8300204F0,1W9DL31001461C,,,,,
2023-11-01,11:25:12.77 AM,0m 50.4s,50.4,33.802389851073,-117.4663690307124,24.2,24.2,16.0,1288,210.0,5.241317,5.538403,-3.35541,0,-4.026492,1.342164,-0.447388,0,0.2,-1.8,1.8,-131.8,228.2,228.1,Tripod,Other,,21,5,True,,True,False,,Smart,RC,False,True,False,,,True,,False,False,False,False,False,False,False,False,False,False,0,Follow Yaw,-88.9,0,-139.6,220.4,False,False,False,False,False,,0,0,False,False,No Card,100,100,1024,1323,1268,1024,2,False,False,False,False,False,0,False,False,False,False,97,,47.652,,9742,,10044,,47.652,,True,3.97,3.97,3.97,3.97,3.97,3.97,3.97,3.97,3.97,3.97,3.97,3.97,0,,False,False,True,,,,,,,,,,,,,,,False,False,19.584,,79.1,,75.7,,79.1,,1802,41,2,16,7,148114.1,19748.55,,Idle,,20,,10,,,20,Go Home,False,False,False,False,False,False,False,False,False,False,False,False,33.8027920380556,-117.4659261431046,198.8,2972.0,1049.4,396.9,True,1,1,False,False,False,False,,True,False,False,Course Lock,196.8,67,16.4,93,E,SW,6.93,6.93,Calm,False,False,Android,7.0.2,M300 RTK,1ZN7L4R0H1D00F,1W9DL31001461C,1ZMLH8300204F0,1Z6PH74DAP0QN7,"Corona, CA",728.3,5.7,137.7,8.547347,2.013246,0,0,DJI Matrice 300 RTK,M300 RTK,1ZN7L4R0H1D00F,1W9DL31001461C,1ZMLH8300204F0,1Z6PH74DAP0QN7,DJI Pilot,Android,7.0.2,1EF72A62-B7C3-C88D-164E-CE6F8C8424AE,1ZN7L4R0H1D00F,1W9DL31001461C,,1ZMLH8300204F0,1W9DL31001461C,,,,,
2023-11-01,11:25:12.87 AM,0m 50.5s,50.5,33.8023883948988,-117.466370994727,24.2,24.2,16.4,1288,210.8,5.241317,5.538403,-3.35541,0,-4.026492,1.342164,-0.447388,0,0.2,-1.7,1.7,-131.8,228.2,228.2,Tripod,Other,,21,5,True,,True,False,,Smart,RC,False,True,False,,,True,,False,False,False,False,False,False,False,False,False,False,0,Follow Yaw,-88.9,0,-139.6,220.4,False,False,False,False,False,,0,0,False,False,No Card,100,100,1024,1321,1269,1024,2,False,False,False,False,False,0,False,False,False,False,97,,47.652,,9742,,10044,,47.652,,True,3.97,3.97,3.97,3.97,3.97,3.97,3.97,3.97,3.97,3.97,3.97,3.97,0,,False,False,True,,,,,,,,,,,,,,,False,False,19.584,,79.1,,75.7,,79.1,,1802,41,2,16,7,148114.1,19748.55,,Idle,,20,,10,,,20,Go Home,False,False,False,False,False,False,False,False,False,False,False,False,33.8027920380556,-117.4659261431046,199.6,2972.0,1049.4,396.9,True,1,1,False,False,False,False,,True,False,False,Course Lock,196.8,67,16.4,93,E,SW,6.93,6.93,Calm,False,False,Android,7.0.2,M300 RTK,1ZN7L4R0H1D00F,1W9DL31001461C,1ZMLH8300204F0,1Z6PH74DAP0QN7,"Corona, CA",728.3,5.7,137.7,8.547347,2.013246,0,0,DJI Matrice 300 RTK,M300 RTK,1ZN7L4R0H1D00F,1W9DL31001461C,1ZMLH8300204F0,1Z6PH74DAP0QN7,DJI Pilot,Android,7.0.2,1EF72A62-B7C3-C88D-164E-CE6F8C8424AE,1ZN7L4R0H1D00F,1W9DL31001461C,,1ZMLH8300204F0,1W9DL31001461C,,,,,
2023-11-01,11:25:12.98 AM,0m 50.6s,50.6,33.8023869398211,-117.4663729607208,24.2,24.2,16.4,1288,211.6,5.241317,5.538403,-3.35541,0,-4.026492,1.342164,-0.447388,0,0.3,-1.7,1.7,-131.8,228.2,228.3,Tripod,Other,,20,5,True,,True,False,,Smart,RC,False,True,False,,,True,,False,False,False,False,False,False,False,False,False,False,0,Follow Yaw,-88.9,0,-139.6,220.4,False,False,False,False,False,,0,0,False,False,No Card,100,100,1024,1323,1267,1024,2,False,False,False,False,False,0,False,False,False,False,97,,47.652,,9742,,10044,,47.652,,True,3.97,3.97,3.97,3.97,3.97,3.97,3.97,3.97,3.97,3.97,3.97,3.97,0,,False,False,True,,,,,,,,,,,,,,,False,False,19.584,,79.1,,75.7,,79.1,,1802,41,2,16,7,148114.1,19748.55,,Idle,,20,,10,,,20,Go Home,False,False,False,False,False,False,False,False,False,False,False,False,33.8027920380556,-117.4659261431046,200.4,2972.0,1049.4,396.9,True,1,1,False,False,False,False,,True,False,False,Course Lock,196.8,67,16.4,93,E,SW,6.93,6.93,Calm,False,False,Android,7.0.2,M300 RTK,1ZN7L4R0H1D00F,1W9DL31001461C,1ZMLH8300204F0,1Z6PH74DAP0QN7,"Corona, CA",728.3,5.7,137.7,8.547347,2.013246,0,0,DJI Matrice 300 RTK,M300 RTK,1ZN7L4R0H1D00F,1W9DL31001461C,1ZMLH8300204F0,1Z6PH74DAP0QN7,DJI Pilot,Android,7.0.2,1EF72A62-B7C3-C88D-164E-CE6F8C8424AE,1ZN7L4R0H1D00F,1W9DL31001461C,,1ZMLH8300204F0,1W9DL31001461C,,,,,
2023-11-01,11:25:13.08 AM,0m 50.7s,50.7,33.802385511608,-117.4663750263338,24.2,24.2,16.4,1288,212.5,5.241317,5.538403,-3.35541,0,-4.026492,1.342164,-0.447388,0,0.4,-1.6,1.6,-131.8,228.2,230.2,Tripod,Other,,20,5,True,,True,False,,Smart,RC,False,True,False,,,True,,False,False,False,False,False,False,False,False,False,False,0,Follow Yaw,-88.9,0,-139.6,220.4,False,False,False,False,False,,0,0,False,False,No Card,100,100,1024,1323,1267,1024,2,False,False,False,False,False,0,False,False,False,False,97,,47.616,,4836,,4986,,47.616,,True,3.97,3.97,3.97,3.97,3.97,3.97,3.97,3.97,3.97,3.97,3.97,3.97,0,,False,False,True,,,,,,,,,,,,,,,False,False,9.51,,78.4,,75.7,,79.1,,1802,41,2,16,7,148114.1,19748.55,,Idle,,20,,10,,,20,Go Home,False,False,False,False,False,False,False,False,False,False,False,False,33.8027920380556,-117.4659261431046,201.2,2972.0,1049.4,396.9,True,1,1,False,False,False,False,,True,False,False,Course Lock,196.8,67,16.4,93,E,SW,6.93,6.93,Calm,False,False,Android,7.0.2,M300 RTK,1ZN7L4R0H1D00F,1W9DL31001461C,1ZMLH8300204F0,1Z6PH74DAP0QN7,"Corona, CA",728.3,5.7,137.7,8.547347,2.013246,0,0,DJI Matrice 300 RTK,M300 RTK,1ZN7L4R0H1D00F,1W9DL31001461C,1ZMLH8300204F0,1Z6PH74DAP0QN7,DJI Pilot,Android,7.0.2,1EF72A62-B7C3-C88D-164E-CE6F8C8424AE,1ZN7L4R0H1D00F,1W9DL31001461C,,1ZMLH8300204F0,1W9DL31001461C,,,,,
2023-11-01,11:25:13.14 AM,0m 50.8s,50.8,33.8023840631094,-117.466377003543,24.6,24.6,16.4,1288,213.3,5.241317,5.538403,-3.35541,0,-4.026492,1.342164,-0.447388,0,0.5,-1.6,1.6,-131.7,228.3,228.5,Tripod,Other,,20,5,True,,True,False,,Smart,RC,False,True,False,,,True,,False,False,False,False,False,False,False,False,False,False,0,Follow Yaw,-88.9,0,-139.6,220.4,False,False,False,False,False,,0,0,False,False,No Card,100,100,1024,1324,1268,1024,2,False,False,False,False,False,0,False,False,False,False,97,,47.616,,4836,,4986,,47.616,,True,3.97,3.97,3.97,3.97,3.97,3.97,3.97,3.97,3.97,3.97,3.97,3.97,0,,False,False,True,,,,,,,,,,,,,,,False,False,9.51,,78.4,,75.7,,79.1,,1802,41,2,16,7,148114.1,19748.55,,Idle,,20,,10,,,20,Go Home,False,False,False,False,False,False,False,False,False,False,False,False,33.8027920380556,-117.4659261431046,202.0,2972.0,1049.4,396.9,True,1,1,False,False,False,False,,True,False,False,Course Lock,196.8,67,16.4,93,E,SW,6.93,6.93,Calm,False,False,Android,7.0.2,M300 RTK,1ZN7L4R0H1D00F,1W9DL31001461C,1ZMLH8300204F0,1Z6PH74DAP0QN7,"Corona, CA",728.3,5.7,137.7,8.547347,2.013246,0,0,DJI Matrice 300 RTK,M300 RTK,1ZN7L4R0H1D00F,1W9DL31001461C,1ZMLH8300204F0,1Z6PH74DAP0QN7,DJI Pilot,Android,7.0.2,1EF72A62-B7C3-C88D-164E-CE6F8C8424AE,1ZN7L4R0H1D00F,1W9DL31001461C,,1ZMLH8300204F0,1W9DL31001461C,,,,,
2023-11-01,11:25:13.24 AM,0m 50.9s,50.9,33.8023823130688,-117.4663790942256,24.6,24.6,16.4,1288,214.2,5.241317,5.538403,-3.35541,0,-4.026492,1.342164,-0.447388,0,0.5,-1.5,1.5,-131.7,228.3,224.7,Tripod,Other,,20,5,True,,True,False,,Smart,RC,False,True,False,,,True,,False,False,False,False,False,False,False,False,False,False,0,Follow Yaw,-88.9,0,-139.6,220.4,False,False,False,False,False,,0,0,False,False,No Card,100,100,1024,1324,1268,1024,2,False,False,False,False,False,0,False,False,False,False,97,,47.616,,4836,,4986,,47.616,,True,3.97,3.97,3.97,3.97,3.97,3.97,3.97,3.97,3.97,3.97,3.97,3.97,0,,False,False,True,,,,,,,,,,,,,,,False,False,9.51,,78.4,,75.7,,79.1,,1802,41,2,16,7,148114.1,19748.55,,Idle,,20,,10,,,20,Go Home,False,False,False,False,False,False,False,False,False,False,False,False,33.8027920380556,-117.4659261431046,202.9,2972.0,1049.4,396.9,True,1,1,False,False,False,False,,True,False,False,Course Lock,196.8,67,16.4,93,E,SW,6.93,6.93,Calm,False,False,Android,7.0.2,M300 RTK,1ZN7L4R0H1D00F,1W9DL31001461C,1ZMLH8300204F0,1Z6PH74DAP0QN7,"Corona, CA",728.3,5.7,137.7,8.547347,2.013246,0,0,DJI Matrice 300 RTK,M300 RTK,1ZN7L4R0H1D00F,1W9DL31001461C,1ZMLH8300204F0,1Z6PH74DAP0QN7,DJI Pilot,Android,7.0.2,1EF72A62-B7C3-C88D-164E-CE6F8C8424AE,1ZN7L4R0H1D00F,1W9DL31001461C,,1ZMLH8300204F0,1W9DL31001461C,,,,,
2023-11-01,11:25:13.34 AM,0m 51.0s,51.0,33.8023808437364,-117.4663810892475,24.6,24.6,16.4,1288,215.0,5.241317,5.538403,-3.35541,0,-4.026492,1.342164,-0.447388,0,0.5,-1.6,1.6,-131.7,228.3,228.4,Tripod,Other,,20,5,True,,True,False,,Smart,RC,False,True,False,,,True,,False,False,False,False,False,False,False,False,False,False,0,Follow Yaw,-88.9,0,-139.6,220.4,False,False,False,False,False,,0,0,False,False,No Card,100,100,1024,1323,1270,1024,2,False,False,False,False,False,0,False,False,False,False,97,,47.664,,9742,,10044,,47.664,,True,3.97,3.97,3.97,3.97,3.97,3.97,3.97,3.97,3.97,3.97,3.97,3.97,0,,False,False,True,,,,,,,,,,,,,,,False,False,19.436,,79.3,,75.7,,79.3,,1802,41,2,16,7,148114.1,19748.55,,Idle,,20,,10,,,20,Go Home,False,False,False,False,False,False,False,False,False,False,False,False,33.8027920380556,-117.4659261431046,203.7,2972.0,1049.4,396.9,True,1,1,False,False,False,False,,True,False,False,Course Lock,196.8,67,16.4,93,E,SW,6.93,6.93,Calm,False,False,Android,7.0.2,M300 RTK,1ZN7L4R0H1D00F,1W9DL31001461C,1ZMLH8300204F0,1Z6PH74DAP0QN7,"Corona, CA",728.3,5.7,137.7,8.547347,2.013246,0,0,DJI Matrice 300 RTK,M300 RTK,1ZN7L4R0H1D00F,1W9DL31001461C,1ZMLH8300204F0,1Z6PH74DAP0QN7,DJI Pilot,Android,7.0.2,1EF72A62-B7C3-C88D-164E-CE6F8C8424AE,1ZN7L4R0H1D00F,1W9DL31001461C,,1ZMLH8300204F0,1W9DL31001461C,,,,,
2023-11-01,11:25:13.44 AM,0m 51.1s,51.1,33.8023793053234,-117.4663829985046,24.6,24.6,16.4,1288,215.8,5.241317,5.538403,-3.35541,0,-4.026492,1.342164,-0.447388,0,0.6,-1.9,1.9,-131.7,228.3,225.8,Tripod,Other,,20,5,True,,True,False,,Smart,RC,False,True,False,,,True,,False,False,False,False,False,False,False,False,False,False,0,Follow Yaw,-88.9,0,-139.6,220.4,False,False,False,False,False,,0,0,False,False,No Card,100,100,1024,1318,1244,1024,2,False,False,False,False,False,0,False,False,False,False,97,,47.664,,9742,,10044,,47.664,,True,3.97,3.97,3.97,3.97,3.97,3.97,3.97,3.97,3.97,3.97,3.97,3.97,0,,False,False,True,,,,,,,,,,,,,,,False,False,19.436,,79.3,,75.7,,79.3,,1802,41,2,16,7,148114.1,19748.55,,Idle,,20,,10,,,20,Go Home,False,False,False,False,False,False,False,False,False,False,False,False,33.8027920380556,-117.4659261431046,204.5,2972.0,1049.4,396.9,True,1,1,False,False,False,False,,True,False,False,Course Lock,196.8,67,16.4,93,E,SW,6.93,6.93,Calm,False,False,Android,7.0.2,M300 RTK,1ZN7L4R0H1D00F,1W9DL31001461C,1ZMLH8300204F0,1Z6PH74DAP0QN7,"Corona, CA",728.3,5.7,137.7,8.547347,2.013246,0,0,DJI Matrice 300 RTK,M300 RTK,1ZN7L4R0H1D00F,1W9DL31001461C,1ZMLH8300204F0,1Z6PH74DAP0QN7,DJI Pilot,Android,7.0.2,1EF72A62-B7C3-C88D-164E-CE6F8C8424AE,1ZN7L4R0H1D00F,1W9DL31001461C,,1ZMLH8300204F0,1W9DL31001461C,,,,,
2023-11-01,11:25:13.54 AM,0m 51.2s,51.2,33.802377835991,-117.4663849928667,24.9,24.9,16.7,1289,216.6,5.241317,5.538403,-3.35541,0,-4.026492,1.342164,-0.447388,0,0.9,-2.1,2.2,-131.7,228.3,228.4,Tripod,Other,,20,5,True,,True,False,,Smart,RC,False,True,False,,,True,,False,False,False,False,False,False,False,False,False,False,0,Follow Yaw,-88.9,0,-139.6,220.4,False,False,False,False,False,,0,0,False,False,No Card,100,100,1024,1318,1244,1024,2,False,False,False,False,False,0,False,False,False,False,97,,47.664,,9742,,10044,,47.664,,True,3.97,3.97,3.97,3.97,3.97,3.97,3.97,3.97,3.97,3.97,3.97,3.97,0,,False,False,True,,,,,,,,,,,,,,,False,False,19.436,,79.3,,75.7,,79.3,,1802,41,2,16,7,148114.1,19748.55,,Idle,,20,,10,,,20,Go Home,False,False,False,False,False,False,False,False,False,False,False,False,33.8027920380556,-117.4659261431046,205.3,2972.0,1049.4,396.9,True,1,1,False,False,False,False,,True,False,False,Course Lock,196.8,67,16.4,93,E,SW,6.93,6.93,Calm,False,False,Android,7.0.2,M300 RTK,1ZN7L4R0H1D00F,1W9DL31001461C,1ZMLH8300204F0,1Z6PH74DAP0QN7,"Corona, CA",728.3,5.7,137.7,8.547347,2.013246,0,0,DJI Matrice 300 RTK,M300 RTK,1ZN7L4R0H1D00F,1W9DL31001461C,1ZMLH8300204F0,1Z6PH74DAP0QN7,DJI Pilot,Android,7.0.2,1EF72A62-B7C3-C88D-164E-CE6F8C8424AE,1ZN7L4R0H1D00F,1W9DL31001461C,,1ZMLH8300204F0,1W9DL31001461C,,,,,
2023-11-01,11:25:13.64 AM,0m 51.3s,51.3,33.8023761824438,-117.4663872194536,24.9,24.9,16.7,1289,217.5,5.241317,5.538403,-3.35541,0,-4.026492,1.342164,-0.447388,0,1,-2,2.2,-131.6,228.4,228.2,Tripod,Other,,20,5,True,,True,False,,Smart,RC,False,True,False,,,True,,False,False,False,False,False,False,False,False,False,False,0,Follow Yaw,-88.9,0,-139.6,220.4,False,False,False,False,False,,0,0,False,False,No Card,100,100,1024,1315,1242,895,2,False,False,False,False,False,0,False,False,False,False,97,,47.664,,9742,,10044,,47.664,,True,3.972,3.972,3.972,3.972,3.972,3.972,3.972,3.972,3.972,3.972,3.972,3.972,0,,False,False,True,,,,,,,,,,,,,,,False,False,19.436,,79.3,,75.7,,79.3,,1799,41,2,16,7,148105.7,19747.43,,Idle,,20,,10,,,20,Go Home,False,False,False,False,False,False,False,False,False,False,False,False,33.8027920380556,-117.4659261431046,206.2,2972.0,1049.4,396.9,True,1,1,False,False,False,False,,True,False,False,Course Lock,196.8,67,16.4,93,E,SW,6.93,6.93,Calm,False,False,Android,7.0.2,M300 RTK,1ZN7L4R0H1D00F,1W9DL31001461C,1ZMLH8300204F0,1Z6PH74DAP0QN7,"Corona, CA",728.3,5.7,137.7,8.547347,2.013246,0,0,DJI Matrice 300 RTK,M300 RTK,1ZN7L4R0H1D00F,1W9DL31001461C,1ZMLH8300204F0,1Z6PH74DAP0QN7,DJI Pilot,Android,7.0.2,1EF72A62-B7C3-C88D-164E-CE6F8C8424AE,1ZN7L4R0H1D00F,1W9DL31001461C,,1ZMLH8300204F0,1W9DL31001461C,,,,,
2023-11-01,11:25:13.74 AM,0m 51.4s,51.4,33.8023747005014,-117.4663892250312,24.9,24.9,16.4,1289,218.3,5.241317,5.538403,-3.35541,0,-4.026492,1.342164,-0.447388,0,0.9,-2,2.1,-131.7,228.3,228.3,Tripod,Other,,20,5,True,,True,False,,Smart,RC,False,True,False,,,True,,False,False,False,False,False,False,False,False,False,False,0,Follow Yaw,-88.9,0,-139.7,220.3,False,False,False,False,False,,0,0,False,False,No Card,100,100,1024,1316,1246,860,2,False,False,False,False,False,0,False,False,False,False,97,,47.664,,9742,,10044,,47.664,,True,3.972,3.972,3.972,3.972,3.972,3.972,3.972,3.972,3.972,3.972,3.972,3.972,0,,False,False,True,,,,,,,,,,,,,,,False,False,19.436,,79.3,,75.7,,79.3,,1799,41,2,16,7,148105.7,19747.43,,Idle,,20,,10,,,20,Go Home,False,False,False,False,False,False,False,False,False,False,False,False,33.8027920380556,-117.4659261431046,207.0,2972.0,1049.4,396.9,True,1,1,False,False,False,False,,True,False,False,Course Lock,196.8,67,16.4,93,E,SW,6.93,6.93,Calm,False,False,Android,7.0.2,M300 RTK,1ZN7L4R0H1D00F,1W9DL31001461C,1ZMLH8300204F0,1Z6PH74DAP0QN7,"Corona, CA",728.3,5.7,137.7,8.547347,2.013246,0,0,DJI Matrice 300 RTK,M300 RTK,1ZN7L4R0H1D00F,1W9DL31001461C,1ZMLH8300204F0,1Z6PH74DAP0QN7,DJI Pilot,Android,7.0.2,1EF72A62-B7C3-C88D-164E-CE6F8C8424AE,1ZN7L4R0H1D00F,1W9DL31001461C,,1ZMLH8300204F0,1W9DL31001461C,,,,,
2023-11-01,11:25:13.84 AM,0m 51.5s,51.5,33.8023734526654,-117.4663911943237,24.9,24.9,16.4,1289,219.0,5.241317,5.538403,-3.35541,0,-4.026492,1.342164,-0.447388,0,0.9,-2.2,2.3,-131.8,228.2,232.6,Tripod,Other,,20,5,True,,True,False,,Smart,RC,False,True,False,,,True,,False,False,False,False,False,False,False,False,False,False,0,Follow Yaw,-88.9,0,-139.9,220.1,False,False,False,False,False,,0,0,False,False,No Card,100,100,1024,1316,1250,824,2,False,False,False,False,False,0,False,False,False,False,97,,47.664,,9742,,10044,,47.664,,True,3.972,3.972,3.972,3.972,3.972,3.972,3.972,3.972,3.972,3.972,3.972,3.972,0,,False,False,True,,,,,,,,,,,,,,,False,False,19.436,,79.3,,75.7,,79.3,,1799,41,2,16,7,148105.7,19747.43,,Idle,,20,,10,,,20,Go Home,False,False,False,False,False,False,False,False,False,False,False,False,33.8027920380556,-117.4659261431046,207.8,2972.0,1049.4,396.9,True,1,1,False,False,False,False,,True,False,False,Course Lock,196.8,67,16.4,93,E,SW,6.93,6.93,Calm,False,False,Android,7.0.2,M300 RTK,1ZN7L4R0H1D00F,1W9DL31001461C,1ZMLH8300204F0,1Z6PH74DAP0QN7,"Corona, CA",728.3,5.7,137.7,8.547347,2.013246,0,0,DJI Matrice 300 RTK,M300 RTK,1ZN7L4R0H1D00F,1W9DL31001461C,1ZMLH8300204F0,1Z6PH74DAP0QN7,DJI Pilot,Android,7.0.2,1EF72A62-B7C3-C88D-164E-CE6F8C8424AE,1ZN7L4R0H1D00F,1W9DL31001461C,,1ZMLH8300204F0,1W9DL31001461C,,,,,
2023-11-01,11:25:13.94 AM,0m 51.6s,51.6,33.802371985526,-117.4663931827482,24.9,24.9,16.4,1289,219.9,5.241317,5.538403,-3.35541,0,-4.026492,1.342164,-0.447388,0,0.9,-2.8,2.9,-132,228,228.3,Tripod,Other,,20,5,True,,True,False,,Smart,RC,False,True,False,,,True,,False,False,False,False,False,False,False,False,False,False,0,Follow Yaw,-88.9,0,-140.2,219.8,False,False,False,False,False,,0,0,False,False,No Card,100,100,1024,1316,1252,824,2,False,False,False,False,False,0,False,False,False,False,97,,47.664,,9742,,10044,,47.664,,True,3.972,3.972,3.972,3.972,3.972,3.972,3.972,3.972,3.972,3.972,3.972,3.972,0,,False,False,True,,,,,,,,,,,,,,,False,False,19.436,,79.3,,75.7,,79.3,,1799,41,2,16,7,148105.7,19747.43,,Idle,,20,,10,,,20,Go Home,False,False,False,False,False,False,False,False,False,False,False,False,33.8027920380556,-117.4659261431046,208.6,2972.0,1049.4,396.9,True,1,1,False,False,False,False,,True,False,False,Course Lock,196.8,67,16.4,93,E,SW,6.93,6.93,Calm,False,False,Android,7.0.2,M300 RTK,1ZN7L4R0H1D00F,1W9DL31001461C,1ZMLH8300204F0,1Z6PH74DAP0QN7,"Corona, CA",728.3,5.7,137.7,8.547347,2.013246,0,0,DJI Matrice 300 RTK,M300 RTK,1ZN7L4R0H1D00F,1W9DL31001461C,1ZMLH8300204F0,1Z6PH74DAP0QN7,DJI Pilot,Android,7.0.2,1EF72A62-B7C3-C88D-164E-CE6F8C8424AE,1ZN7L4R0H1D00F,1W9DL31001461C,,1ZMLH8300204F0,1W9DL31001461C,,,,,
2023-11-01,11:25:14.04 AM,0m 51.7s,51.7,33.8023704038006,-117.4663951263112,25.2,25.2,16.7,1289,220.7,5.071493,5.538403,-3.35541,0,-3.802798,1.342164,-0.447388,0,0.8,-3.5,3.5,-132.3,227.7,225.5,Tripod,Other,,20,5,True,,True,False,,Smart,RC,False,True,False,,,True,,False,False,False,False,False,False,False,False,False,False,0,Follow Yaw,-88.9,0,-140.7,219.3,False,False,False,False,False,,0,0,False,False,No Card,100,100,1024,1315,1253,823,2,False,False,False,False,False,0,False,False,False,False,97,,47.664,,9742,,10044,,47.664,,True,3.972,3.972,3.972,3.972,3.972,3.972,3.972,3.972,3.972,3.972,3.972,3.972,0,,False,False,True,,,,,,,,,,,,,,,False,False,19.436,,79.3,,75.7,,79.3,,1799,41,2,16,7,148105.7,19747.43,,Idle,,20,,10,,,20,Go Home,False,False,False,False,False,False,False,False,False,False,False,False,33.8027920380556,-117.4659261431046,209.4,2972.0,1049.4,396.9,True,1,1,False,False,False,False,,True,False,False,Course Lock,196.8,67,16.4,93,E,SW,6.93,6.93,Calm,False,False,Android,7.0.2,M300 RTK,1ZN7L4R0H1D00F,1W9DL31001461C,1ZMLH8300204F0,1Z6PH74DAP0QN7,"Corona, CA",728.3,5.7,137.7,8.547347,2.013246,0,0,DJI Matrice 300 RTK,M300 RTK,1ZN7L4R0H1D00F,1W9DL31001461C,1ZMLH8300204F0,1Z6PH74DAP0QN7,DJI Pilot,Android,7.0.2,1EF72A62-B7C3-C88D-164E-CE6F8C8424AE,1ZN7L4R0H1D00F,1W9DL31001461C,,1ZMLH8300204F0,1W9DL31001461C,,,,,
2023-11-01,11:25:14.14 AM,0m 51.8s,51.8,33.8023689054105,-117.4663970678949,25.2,25.2,16.7,1289,221.5,5.071493,5.538403,-3.35541,0,-3.802798,1.342164,-0.223694,0,0.8,-3.7,3.7,-132.7,227.3,227.1,Tripod,Other,,20,5,True,,True,False,,Smart,RC,False,True,False,,,True,,False,False,False,False,False,False,False,False,False,False,0,Follow Yaw,-88.9,0,-141.2,218.8,False,False,False,False,False,,0,0,False,False,No Card,100,100,1024,1315,1253,823,2,False,False,False,False,False,0,False,False,False,False,97,,47.664,,9742,,10044,,47.664,,True,3.972,3.972,3.972,3.972,3.972,3.972,3.972,3.972,3.972,3.972,3.972,3.972,0,,False,False,True,,,,,,,,,,,,,,,False,False,19.436,,79.3,,75.7,,79.3,,1799,41,2,16,7,148105.7,19747.43,,Idle,,20,,10,,,20,Go Home,False,False,False,False,False,False,False,False,False,False,False,False,33.8027920380556,-117.4659261431046,210.2,2972.0,1049.4,396.9,True,1,1,False,False,False,False,,True,False,False,Course Lock,196.8,67,16.4,93,E,SW,6.93,6.93,Calm,False,False,Android,7.0.2,M300 RTK,1ZN7L4R0H1D00F,1W9DL31001461C,1ZMLH8300204F0,1Z6PH74DAP0QN7,"Corona, CA",728.3,5.7,137.7,8.547347,2.013246,0,0,DJI Matrice 300 RTK,M300 RTK,1ZN7L4R0H1D00F,1W9DL31001461C,1ZMLH8300204F0,1Z6PH74DAP0QN7,DJI Pilot,Android,7.0.2,1EF72A62-B7C3-C88D-164E-CE6F8C8424AE,1ZN7L4R0H1D00F,1W9DL31001461C,,1ZMLH8300204F0,1W9DL31001461C,,,,,
2023-11-01,11:25:14.24 AM,0m 51.9s,51.9,33.8023675117378,-117.4663992733704,25.2,25.2,16.7,1289,222.3,5.222189,5.538403,-3.579104,0,-3.802798,1.342164,-0.223694,0,0.8,-3.4,3.4,-133.2,226.8,232.7,Tripod,Other,,20,5,True,,True,False,,Smart,RC,False,True,False,,,True,,False,False,False,False,False,False,False,False,False,False,0,Follow Yaw,-88.9,0,-141.6,218.4,False,False,False,False,False,,0,0,False,False,No Card,100,100,1024,1315,1254,824,2,False,False,False,False,False,0,False,False,False,False,97,,47.664,,9742,,10044,,47.664,,True,3.972,3.972,3.972,3.972,3.972,3.972,3.972,3.972,3.972,3.972,3.972,3.972,0,,False,False,True,,,,,,,,,,,,,,,False,False,19.436,,79.3,,75.7,,79.3,,1799,41,2,16,7,148105.7,19747.43,,Idle,,20,,10,,,20,Go Home,False,False,False,False,False,False,False,False,False,False,False,False,33.8027920380556,-117.4659261431046,211.0,2972.0,1049.4,396.9,True,1,1,False,False,False,False,,True,False,False,Course Lock,196.8,67,16.4,93,E,SW,6.93,6.93,Calm,False,False,Android,7.0.2,M300 RTK,1ZN7L4R0H1D00F,1W9DL31001461C,1ZMLH8300204F0,1Z6PH74DAP0QN7,"Corona, CA",728.3,5.7,137.7,8.547347,2.013246,0,0,DJI Matrice 300 RTK,M300 RTK,1ZN7L4R0H1D00F,1W9DL31001461C,1ZMLH8300204F0,1Z6PH74DAP0QN7,DJI Pilot,Android,7.0.2,1EF72A62-B7C3-C88D-164E-CE6F8C8424AE,1ZN7L4R0H1D00F,1W9DL31001461C,,1ZMLH8300204F0,1W9DL31001461C,,,,,
2023-11-01,11:25:14.34 AM,0m 52.0s,52.0,33.8023659897726,-117.4664011846066,25.2,25.2,16.7,1289,223.1,5.222189,5.538403,-3.579104,0,-3.802798,1.342164,-0.223694,0,0.6,-3.3,3.3,-133.7,226.3,226.2,Tripod,Other,,20,5,True,,True,False,,Smart,RC,False,True,False,,,True,,False,False,False,False,False,False,False,False,False,False,0,Follow Yaw,-88.9,0,-141.8,218.2,False,False,False,False,False,,0,0,False,False,No Card,100,100,1024,1316,1253,825,2,False,False,False,False,False,0,False,False,False,False,97,,47.652,,4836,,4986,,47.652,,True,3.972,3.972,3.972,3.972,3.972,3.972,3.972,3.972,3.972,3.972,3.972,3.972,0,,False,False,True,,,,,,,,,,,,,,,False,False,9.4,,78.4,,75.7,,79.3,,1799,41,2,16,7,148105.7,19747.43,,Idle,,20,,10,,,20,Go Home,False,False,False,False,False,False,False,False,False,False,False,False,33.8027920380556,-117.4659261431046,211.8,2972.0,1049.4,396.9,True,1,1,False,False,False,False,,True,False,False,Course Lock,196.8,67,16.4,93,E,SW,6.93,6.93,Calm,False,False,Android,7.0.2,M300 RTK,1ZN7L4R0H1D00F,1W9DL31001461C,1ZMLH8300204F0,1Z6PH74DAP0QN7,"Corona, CA",728.3,5.7,137.7,8.547347,2.013246,0,0,DJI Matrice 300 RTK,M300 RTK,1ZN7L4R0H1D00F,1W9DL31001461C,1ZMLH8300204F0,1Z6PH74DAP0QN7,DJI Pilot,Android,7.0.2,1EF72A62-B7C3-C88D-164E-CE6F8C8424AE,1ZN7L4R0H1D00F,1W9DL31001461C,,1ZMLH8300204F0,1W9DL31001461C,,,,,
2023-11-01,11:25:14.44 AM,0m 52.1s,52.1,33.802364358704,-117.466403000182,25.2,25.2,16.7,1289,223.9,5.061617,5.538403,-3.579104,0,-3.579104,1.342164,-0.223694,0,0.5,-3.3,3.3,-134.1,225.9,222.7,Tripod,Other,,20,5,True,,True,False,,Smart,RC,False,True,False,,,True,,False,False,False,False,False,False,False,False,False,False,0,Follow Yaw,-88.9,0,-142.5,217.5,False,False,False,False,False,,0,0,False,False,No Card,100,100,1024,1317,1253,833,2,False,False,False,False,False,0,False,False,False,False,97,,47.652,,4836,,4986,,47.652,,True,3.972,3.972,3.972,3.972,3.972,3.972,3.972,3.972,3.972,3.972,3.972,3.972,0,,False,False,True,,,,,,,,,,,,,,,False,False,9.4,,78.4,,75.7,,79.3,,1799,41,2,16,7,148105.7,19747.43,,Idle,,20,,10,,,20,Go Home,False,False,False,False,False,False,False,False,False,False,False,False,33.8027920380556,-117.4659261431046,212.6,2972.0,1049.4,396.9,True,1,1,False,False,False,False,,True,False,False,Course Lock,196.8,67,16.4,93,E,SW,6.93,6.93,Calm,False,False,Android,7.0.2,M300 RTK,1ZN7L4R0H1D00F,1W9DL31001461C,1ZMLH8300204F0,1Z6PH74DAP0QN7,"Corona, CA",728.3,5.7,137.7,8.547347,2.013246,0,0,DJI Matrice 300 RTK,M300 RTK,1ZN7L4R0H1D00F,1W9DL31001461C,1ZMLH8300204F0,1Z6PH74DAP0QN7,DJI Pilot,Android,7.0.2,1EF72A62-B7C3-C88D-164E-CE6F8C8424AE,1ZN7L4R0H1D00F,1W9DL31001461C,,1ZMLH8300204F0,1W9DL31001461C,,,,,
2023-11-01,11:25:14.54 AM,0m 52.2s,52.2,33.802362805488,-117.4664048441258,25.2,25.2,16.7,1289,224.7,5.061617,5.538403,-3.579104,0,-3.579104,1.342164,-0.447388,0,0.5,-3.3,3.3,-134.6,225.4,224.6,Tripod,Other,,20,5,True,,True,False,,Smart,RC,False,True,False,,,True,,False,False,False,False,False,False,False,False,False,False,0,Follow Yaw,-88.9,0,-143,217,False,False,False,False,False,,0,0,False,False,No Card,100,100,1024,1318,1257,841,2,False,False,False,False,False,0,False,False,False,False,97,,47.652,,4836,,4986,,47.652,,True,3.972,3.972,3.972,3.972,3.972,3.972,3.972,3.972,3.972,3.972,3.972,3.972,0,,False,False,True,,,,,,,,,,,,,,,False,False,9.4,,78.4,,75.7,,79.3,,1799,41,2,16,7,148105.7,19747.43,,Idle,,20,,10,,,20,Go Home,False,False,False,False,False,False,False,False,False,False,False,False,33.8027920380556,-117.4659261431046,213.4,2972.0,1049.4,396.9,True,1,1,False,False,False,False,,True,False,False,Course Lock,196.8,67,16.4,93,E,SW,6.93,6.93,Calm,False,False,Android,7.0.2,M300 RTK,1ZN7L4R0H1D00F,1W9DL31001461C,1ZMLH8300204F0,1Z6PH74DAP0QN7,"Corona, CA",728.3,5.7,137.7,8.547347,2.013246,0,0,DJI Matrice 300 RTK,M300 RTK,1ZN7L4R0H1D00F,1W9DL31001461C,1ZMLH8300204F0,1Z6PH74DAP0QN7,DJI Pilot,Android,7.0.2,1EF72A62-B7C3-C88D-164E-CE6F8C8424AE,1ZN7L4R0H1D00F,1W9DL31001461C,,1ZMLH8300204F0,1W9DL31001461C,,,,,
2023-11-01,11:25:14.62 AM,0m 52.3s,52.3,33.8023612402104,-117.466406545568,25.5,25.5,16.7,1289,225.5,5.061617,5.538403,-3.579104,0,-3.579104,1.342164,-0.447388,0,0.3,-3.2,3.2,-135,225,222.0,Tripod,Other,,20,5,True,,True,False,,Smart,RC,False,True,False,,,True,,False,False,False,False,False,False,False,False,False,False,0,Follow Yaw,-88.9,0,-143.4,216.6,False,False,False,False,False,,0,0,False,False,No Card,100,100,1024,1318,1257,841,2,False,False,False,False,False,0,False,False,False,False,97,,47.652,,4836,,4986,,47.652,,True,3.974,3.974,3.974,3.974,3.974,3.974,3.974,3.974,3.974,3.974,3.974,3.974,0,,False,False,True,,,,,,,,,,,,,,,False,False,9.4,,78.4,,75.7,,79.3,,1796,41,2,16,7,147904.6,19720.61,,Idle,,20,,10,,,20,Go Home,False,False,False,False,False,False,False,False,False,False,False,False,33.8027920380556,-117.4659261431046,214.2,2972.0,1049.4,396.9,True,1,1,False,False,False,False,,True,False,False,Course Lock,196.8,67,16.4,93,E,SW,6.93,6.93,Calm,False,False,Android,7.0.2,M300 RTK,1ZN7L4R0H1D00F,1W9DL31001461C,1ZMLH8300204F0,1Z6PH74DAP0QN7,"Corona, CA",728.3,5.7,137.7,8.547347,2.013246,0,0,DJI Matrice 300 RTK,M300 RTK,1ZN7L4R0H1D00F,1W9DL31001461C,1ZMLH8300204F0,1Z6PH74DAP0QN7,DJI Pilot,Android,7.0.2,1EF72A62-B7C3-C88D-164E-CE6F8C8424AE,1ZN7L4R0H1D00F,1W9DL31001461C,,1ZMLH8300204F0,1W9DL31001461C,,,,,
2023-11-01,11:25:14.73 AM,0m 52.4s,52.4,33.8023596546472,-117.4664083129832,25.5,25.5,16.7,1289,226.3,4.905992,5.538403,-3.579104,0,-3.35541,1.342164,-0.447388,0,0.1,-2.9,2.9,-135.3,224.7,222.8,Tripod,Other,,21,5,True,,True,False,,Smart,RC,False,True,False,,,True,,False,False,False,False,False,False,False,False,False,False,0,Follow Yaw,-88.9,0,-143.8,216.2,False,False,False,False,False,,0,0,False,False,No Card,100,100,1024,1317,1257,843,2,False,False,False,False,False,0,False,False,False,False,97,,47.652,,4836,,4986,,47.652,,True,3.974,3.974,3.974,3.974,3.974,3.974,3.974,3.974,3.974,3.974,3.974,3.974,0,,False,False,True,,,,,,,,,,,,,,,False,False,9.4,,78.4,,75.7,,79.3,,1796,41,2,16,7,147904.6,19720.61,,Idle,,20,,10,,,20,Go Home,False,False,False,False,False,False,False,False,False,False,False,False,33.8027920380556,-117.4659261431046,215.0,2972.0,1049.4,396.9,True,1,1,False,False,False,False,,True,False,False,Course Lock,196.8,67,16.4,93,E,SW,6.93,6.93,Calm,False,False,Android,7.0.2,M300 RTK,1ZN7L4R0H1D00F,1W9DL31001461C,1ZMLH8300204F0,1Z6PH74DAP0QN7,"Corona, CA",728.3,5.7,137.7,8.547347,2.013246,0,0,DJI Matrice 300 RTK,M300 RTK,1ZN7L4R0H1D00F,1W9DL31001461C,1ZMLH8300204F0,1Z6PH74DAP0QN7,DJI Pilot,Android,7.0.2,1EF72A62-B7C3-C88D-164E-CE6F8C8424AE,1ZN7L4R0H1D00F,1W9DL31001461C,,1ZMLH8300204F0,1W9DL31001461C,,,,,
2023-11-01,11:25:14.83 AM,0m 52.5s,52.5,33.8023580021965,-117.4664101166834,25.5,25.5,16.7,1289,227.1,5.071493,5.538403,-3.802798,0,-3.35541,1.342164,-0.447388,0,0,-2.7,2.7,-135.6,224.4,222.2,Tripod,Other,,21,5,True,,True,False,,Smart,RC,False,True,False,,,True,,False,False,False,False,False,False,False,False,False,False,0,Follow Yaw,-88.9,0,-144.2,215.8,False,False,False,False,False,,0,0,False,False,No Card,100,100,1024,1319,1255,842,2,False,False,False,False,False,0,False,False,False,False,97,,47.652,,4836,,4986,,47.652,,True,3.974,3.974,3.974,3.974,3.974,3.974,3.974,3.974,3.974,3.974,3.974,3.974,0,,False,False,True,,,,,,,,,,,,,,,False,False,9.4,,78.4,,75.7,,79.3,,1796,41,2,16,7,147904.6,19720.61,,Idle,,20,,10,,,20,Go Home,False,False,False,False,False,False,False,False,False,False,False,False,33.8027920380556,-117.4659261431046,215.8,2972.0,1049.4,396.9,True,1,1,False,False,False,False,,True,False,False,Course Lock,196.8,67,16.4,93,E,SW,6.93,6.93,Calm,False,False,Android,7.0.2,M300 RTK,1ZN7L4R0H1D00F,1W9DL31001461C,1ZMLH8300204F0,1Z6PH74DAP0QN7,"Corona, CA",728.3,5.7,137.7,8.547347,2.013246,0,0,DJI Matrice 300 RTK,M300 RTK,1ZN7L4R0H1D00F,1W9DL31001461C,1ZMLH8300204F0,1Z6PH74DAP0QN7,DJI Pilot,Android,7.0.2,1EF72A62-B7C3-C88D-164E-CE6F8C8424AE,1ZN7L4R0H1D00F,1W9DL31001461C,,1ZMLH8300204F0,1W9DL31001461C,,,,,
2023-11-01,11:25:14.94 AM,0m 52.6s,52.6,33.8023563826413,-117.466411839237,25.5,25.5,16.7,1289,227.9,5.071493,5.538403,-3.802798,0,-3.35541,1.342164,-0.447388,0,0,-2.6,2.6,-135.8,224.2,221.4,Tripod,Other,,21,5,True,,True,False,,Smart,RC,False,True,False,,,True,,False,False,False,False,False,False,False,False,False,False,0,Follow Yaw,-88.9,0,-144.6,215.4,False,False,False,False,False,,0,0,False,False,No Card,100,100,1024,1320,1253,851,2,False,False,False,False,False,0,False,False,False,False,97,,47.652,,4836,,4986,,47.652,,True,3.974,3.974,3.974,3.974,3.974,3.974,3.974,3.974,3.974,3.974,3.974,3.974,0,,False,False,True,,,,,,,,,,,,,,,False,False,9.4,,78.4,,75.7,,79.3,,1796,41,2,16,7,147904.6,19720.61,,Idle,,20,,10,,,20,Go Home,False,False,False,False,False,False,False,False,False,False,False,False,33.8027920380556,-117.4659261431046,216.6,2972.0,1049.4,396.9,True,1,1,False,False,False,False,,True,False,False,Course Lock,196.8,67,16.4,93,E,SW,6.93,6.93,Calm,False,False,Android,7.0.2,M300 RTK,1ZN7L4R0H1D00F,1W9DL31001461C,1ZMLH8300204F0,1Z6PH74DAP0QN7,"Corona, CA",728.3,5.7,137.7,8.547347,2.013246,0,0,DJI Matrice 300 RTK,M300 RTK,1ZN7L4R0H1D00F,1W9DL31001461C,1ZMLH8300204F0,1Z6PH74DAP0QN7,DJI Pilot,Android,7.0.2,1EF72A62-B7C3-C88D-164E-CE6F8C8424AE,1ZN7L4R0H1D00F,1W9DL31001461C,,1ZMLH8300204F0,1W9DL31001461C,,,,,
2023-11-01,11:25:15.04 AM,0m 52.7s,52.7,33.8023548025607,-117.4664134951579,25.5,25.5,16.7,1289,228.7,5.071493,5.538403,-3.802798,0,-3.35541,1.342164,-0.447388,0,0.1,-2.4,2.4,-136.1,223.9,221.0,Tripod,Other,,21,5,True,,True,False,,Smart,RC,False,True,False,,,True,,False,False,False,False,False,False,False,False,False,False,0,Follow Yaw,-88.9,0,-145,215,False,False,False,False,False,,0,0,False,False,No Card,100,100,1024,1319,1252,861,2,False,False,False,False,False,0,False,False,False,False,97,,47.652,,4836,,4986,,47.652,,True,3.974,3.974,3.974,3.974,3.974,3.974,3.974,3.974,3.974,3.974,3.974,3.974,0,,False,False,True,,,,,,,,,,,,,,,False,False,9.4,,78.4,,75.7,,79.3,,1796,41,2,16,7,147904.6,19720.61,,Idle,,20,,10,,,20,Go Home,False,False,False,False,False,False,False,False,False,False,False,False,33.8027920380556,-117.4659261431046,217.4,2972.0,1049.4,396.9,True,1,1,False,False,False,False,,True,False,False,Course Lock,196.8,67,16.4,93,E,SW,6.93,6.93,Calm,False,False,Android,7.0.2,M300 RTK,1ZN7L4R0H1D00F,1W9DL31001461C,1ZMLH8300204F0,1Z6PH74DAP0QN7,"Corona, CA",728.3,5.7,137.7,8.547347,2.013246,0,0,DJI Matrice 300 RTK,M300 RTK,1ZN7L4R0H1D00F,1W9DL31001461C,1ZMLH8300204F0,1Z6PH74DAP0QN7,DJI Pilot,Android,7.0.2,1EF72A62-B7C3-C88D-164E-CE6F8C8424AE,1ZN7L4R0H1D00F,1W9DL31001461C,,1ZMLH8300204F0,1W9DL31001461C,,,,,
2023-11-01,11:25:15.13 AM,0m 52.8s,52.8,33.8023531676543,-117.4664151741693,25.9,25.9,16.7,1290,229.4,5.071493,5.538403,-3.802798,0,-3.35541,1.342164,-0.447388,0,0.2,-2.2,2.2,-136.3,223.7,220.4,Tripod,Other,,21,5,True,,True,False,,Smart,RC,False,True,False,,,True,,False,False,False,False,False,False,False,False,False,False,0,Follow Yaw,-88.9,0,-145.4,214.6,False,False,False,False,False,,0,0,False,False,No Card,100,100,1024,1318,1252,861,2,False,False,False,False,False,0,False,False,False,False,97,,47.652,,4836,,4986,,47.652,,True,3.974,3.974,3.974,3.974,3.974,3.974,3.974,3.974,3.974,3.974,3.974,3.974,0,,False,False,True,,,,,,,,,,,,,,,False,False,9.4,,78.4,,75.7,,79.3,,1796,41,2,16,7,147904.6,19720.61,,Idle,,20,,10,,,20,Go Home,False,False,False,False,False,False,False,False,False,False,False,False,33.8027920380556,-117.4659261431046,218.1,2972.0,1049.4,396.9,True,1,1,False,False,False,False,,True,False,False,Course Lock,196.8,67,16.4,93,E,SW,6.93,6.93,Calm,False,False,Android,7.0.2,M300 RTK,1ZN7L4R0H1D00F,1W9DL31001461C,1ZMLH8300204F0,1Z6PH74DAP0QN7,"Corona, CA",728.3,5.7,137.7,8.547347,2.013246,0,0,DJI Matrice 300 RTK,M300 RTK,1ZN7L4R0H1D00F,1W9DL31001461C,1ZMLH8300204F0,1Z6PH74DAP0QN7,DJI Pilot,Android,7.0.2,1EF72A62-B7C3-C88D-164E-CE6F8C8424AE,1ZN7L4R0H1D00F,1W9DL31001461C,,1ZMLH8300204F0,1W9DL31001461C,,,,,
2023-11-01,11:25:15.24 AM,0m 52.9s,52.9,33.8023515031419,-117.4664168729726,25.9,25.9,16.7,1290,230.2,4.926349,5.538403,-3.802798,0,-3.131716,1.342164,-0.447388,0,0,-2.1,2.1,-136.6,223.4,220.3,Tripod,Other,,21,5,True,,True,False,,Smart,RC,False,True,False,,,True,,False,False,False,False,False,False,False,False,False,False,0,Follow Yaw,-88.9,0,-145.5,214.5,False,False,False,False,False,,0,0,False,False,No Card,100,100,1024,1317,1254,850,2,False,False,False,False,False,0,False,False,False,False,97,,47.652,,4836,,4986,,47.652,,True,3.974,3.974,3.974,3.974,3.974,3.974,3.974,3.974,3.974,3.974,3.974,3.974,0,,False,False,True,,,,,,,,,,,,,,,False,False,9.4,,78.4,,75.7,,79.3,,1796,41,2,16,7,147904.6,19720.61,,Idle,,20,,10,,,20,Go Home,False,False,False,False,False,False,False,False,False,False,False,False,33.8027920380556,-117.4659261431046,218.9,2972.0,1049.4,396.9,True,1,1,False,False,False,False,,True,False,False,Course Lock,196.8,67,16.4,93,E,SW,6.93,6.93,Calm,False,False,Android,7.0.2,M300 RTK,1ZN7L4R0H1D00F,1W9DL31001461C,1ZMLH8300204F0,1Z6PH74DAP0QN7,"Corona, CA",728.3,5.7,137.7,8.547347,2.013246,0,0,DJI Matrice 300 RTK,M300 RTK,1ZN7L4R0H1D00F,1W9DL31001461C,1ZMLH8300204F0,1Z6PH74DAP0QN7,DJI Pilot,Android,7.0.2,1EF72A62-B7C3-C88D-164E-CE6F8C8424AE,1ZN7L4R0H1D00F,1W9DL31001461C,,1ZMLH8300204F0,1W9DL31001461C,,,,,
2023-11-01,11:25:15.34 AM,0m 53.0s,53.0,33.8023498550773,-117.4664185315325,25.9,25.9,16.7,1290,231.0,4.926349,5.538403,-3.802798,0,-3.131716,1.342164,-0.447388,0,-0.1,-2,2,-136.9,223.1,219.9,Tripod,Other,,21,5,True,,True,False,,Smart,RC,False,True,False,,,True,,False,False,False,False,False,False,False,False,False,False,0,Follow Yaw,-88.9,0,-146.1,213.9,False,False,False,False,False,,0,0,False,False,No Card,100,100,1024,1319,1252,849,2,False,False,False,False,False,0,False,False,False,False,97,,47.676,,9742,,10044,,47.676,,True,3.974,3.974,3.974,3.974,3.974,3.974,3.974,3.974,3.974,3.974,3.974,3.974,0,,False,False,True,,,,,,,,,,,,,,,False,False,19.408,,79.5,,75.7,,79.5,,1796,41,2,16,7,147904.6,19720.61,,Idle,,20,,10,,,20,Go Home,False,False,False,False,False,False,False,False,False,False,False,False,33.8027920380556,-117.4659261431046,219.7,2972.0,1049.4,396.9,True,1,1,False,False,False,False,,True,False,False,Course Lock,196.8,67,16.4,93,E,SW,6.93,6.93,Calm,False,False,Android,7.0.2,M300 RTK,1ZN7L4R0H1D00F,1W9DL31001461C,1ZMLH8300204F0,1Z6PH74DAP0QN7,"Corona, CA",728.3,5.7,137.7,8.547347,2.013246,0,0,DJI Matrice 300 RTK,M300 RTK,1ZN7L4R0H1D00F,1W9DL31001461C,1ZMLH8300204F0,1Z6PH74DAP0QN7,DJI Pilot,Android,7.0.2,1EF72A62-B7C3-C88D-164E-CE6F8C8424AE,1ZN7L4R0H1D00F,1W9DL31001461C,,1ZMLH8300204F0,1W9DL31001461C,,,,,
2023-11-01,11:25:15.44 AM,0m 53.1s,53.1,33.8023482662245,-117.4664200726606,25.9,25.9,17.0,1290,231.8,4.926349,5.538403,-3.802798,0,-3.131716,1.342164,-0.447388,0,-0.3,-1.9,1.9,-137.2,222.8,218.8,Tripod,Other,,21,5,True,,True,False,,Smart,RC,False,True,False,,,True,,False,False,False,False,False,False,False,False,False,False,0,Follow Yaw,-88.9,0,-146.4,213.6,False,False,False,False,False,,0,0,False,False,No Card,100,100,1024,1320,1251,850,2,False,False,False,False,False,0,False,False,False,False,97,,47.676,,9742,,10044,,47.676,,True,3.974,3.974,3.974,3.974,3.974,3.974,3.974,3.974,3.974,3.974,3.974,3.974,0,,False,False,True,,,,,,,,,,,,,,,False,False,19.408,,79.5,,75.7,,79.5,,1796,41,2,16,7,147904.6,19720.61,,Idle,,20,,10,,,20,Go Home,False,False,False,False,False,False,False,False,False,False,False,False,33.8027920380556,-117.4659261431046,220.5,2972.0,1049.4,396.9,True,1,1,False,False,False,False,,True,False,False,Course Lock,196.8,67,16.4,93,E,SW,6.93,6.93,Calm,False,False,Android,7.0.2,M300 RTK,1ZN7L4R0H1D00F,1W9DL31001461C,1ZMLH8300204F0,1Z6PH74DAP0QN7,"Corona, CA",728.3,5.7,137.7,8.547347,2.013246,0,0,DJI Matrice 300 RTK,M300 RTK,1ZN7L4R0H1D00F,1W9DL31001461C,1ZMLH8300204F0,1Z6PH74DAP0QN7,DJI Pilot,Android,7.0.2,1EF72A62-B7C3-C88D-164E-CE6F8C8424AE,1ZN7L4R0H1D00F,1W9DL31001461C,,1ZMLH8300204F0,1W9DL31001461C,,,,,
2023-11-01,11:25:15.55 AM,0m 53.2s,53.2,33.8023466071947,-117.4664217101091,25.9,25.9,17.0,1290,232.5,4.926349,5.538403,-3.802798,0,-3.131716,1.342164,-0.223694,0,-0.3,-2,2,-137.6,222.4,219.3,Tripod,Other,,21,5,True,,True,False,,Smart,RC,False,True,False,,,True,,False,False,False,False,False,False,False,False,False,False,0,Follow Yaw,-88.9,0,-146.8,213.2,False,False,False,False,False,,0,0,False,False,No Card,100,100,1024,1321,1251,850,2,False,False,False,False,False,0,False,False,False,False,97,,47.676,,9742,,10044,,47.676,,True,3.974,3.974,3.974,3.974,3.974,3.974,3.974,3.974,3.974,3.974,3.974,3.974,0,,False,False,True,,,,,,,,,,,,,,,False,False,19.408,,79.5,,75.7,,79.5,,1796,41,2,16,7,147904.6,19720.61,,Idle,,20,,10,,,20,Go Home,False,False,False,False,False,False,False,False,False,False,False,False,33.8027920380556,-117.4659261431046,221.3,2972.0,1049.4,396.9,True,1,1,False,False,False,False,,True,False,False,Course Lock,196.8,67,16.4,93,E,SW,6.93,6.93,Calm,False,False,Android,7.0.2,M300 RTK,1ZN7L4R0H1D00F,1W9DL31001461C,1ZMLH8300204F0,1Z6PH74DAP0QN7,"Corona, CA",728.3,5.7,137.7,8.547347,2.013246,0,0,DJI Matrice 300 RTK,M300 RTK,1ZN7L4R0H1D00F,1W9DL31001461C,1ZMLH8300204F0,1Z6PH74DAP0QN7,DJI Pilot,Android,7.0.2,1EF72A62-B7C3-C88D-164E-CE6F8C8424AE,1ZN7L4R0H1D00F,1W9DL31001461C,,1ZMLH8300204F0,1W9DL31001461C,,,,,
2023-11-01,11:25:15.65 AM,0m 53.3s,53.3,33.8023447316029,-117.4664233798844,25.9,25.9,17.0,1290,233.4,4.926349,5.538403,-3.802798,0,-3.131716,1.342164,-0.223694,0,-0.1,-2,2,-138,222,216.4,Tripod,Other,,21,5,True,,True,False,,Smart,RC,False,True,False,,,True,,False,False,False,False,False,False,False,False,False,False,0,Follow Yaw,-88.9,0,-147.2,212.8,False,False,False,False,False,,0,0,False,False,No Card,100,100,1024,1321,1248,850,2,False,False,False,False,False,0,False,False,False,False,97,,47.676,,9742,,10044,,47.676,,True,3.977,3.977,3.977,3.977,3.977,3.977,3.977,3.977,3.977,3.977,3.977,3.977,0,,False,False,True,,,,,,,,,,,,,,,False,False,19.408,,79.5,,75.7,,79.5,,1794,41,2,16,7,147539.0,19671.87,,Idle,,20,,10,,,20,Go Home,False,False,False,False,False,False,False,False,False,False,False,False,33.8027920380556,-117.4659261431046,222.1,2972.0,1049.4,396.9,True,1,1,False,False,False,False,,True,False,False,Course Lock,196.8,67,16.4,93,E,SW,6.93,6.93,Calm,False,False,Android,7.0.2,M300 RTK,1ZN7L4R0H1D00F,1W9DL31001461C,1ZMLH8300204F0,1Z6PH74DAP0QN7,"Corona, CA",728.3,5.7,137.7,8.547347,2.013246,0,0,DJI Matrice 300 RTK,M300 RTK,1ZN7L4R0H1D00F,1W9DL31001461C,1ZMLH8300204F0,1Z6PH74DAP0QN7,DJI Pilot,Android,7.0.2,1EF72A62-B7C3-C88D-164E-CE6F8C8424AE,1ZN7L4R0H1D00F,1W9DL31001461C,,1ZMLH8300204F0,1W9DL31001461C,,,,,
2023-11-01,11:25:15.76 AM,0m 53.4s,53.4,33.802343034195,-117.4664250160134,26.2,26.2,17.0,1290,234.2,5.101008,5.538403,-4.026492,0,-3.131716,1.342164,-0.223694,0,0,-2.1,2.1,-138.4,221.6,218.6,Tripod,Other,,21,5,True,,True,False,,Smart,RC,False,True,False,,,True,,False,False,False,False,False,False,False,False,False,False,0,Follow Yaw,-88.9,0,-147.6,212.4,False,False,False,False,False,,0,0,False,False,No Card,100,100,1024,1321,1247,849,2,False,False,False,False,False,0,False,False,False,False,97,,47.676,,9742,,10044,,47.676,,True,3.977,3.977,3.977,3.977,3.977,3.977,3.977,3.977,3.977,3.977,3.977,3.977,0,,False,False,True,,,,,,,,,,,,,,,False,False,19.408,,79.5,,75.7,,79.5,,1794,41,2,16,7,147539.0,19671.87,,Idle,,20,,10,,,20,Go Home,False,False,False,False,False,False,False,False,False,False,False,False,33.8027920380556,-117.4659261431046,222.9,2972.0,1049.4,396.9,True,1,1,False,False,False,False,,True,False,False,Course Lock,196.8,67,16.4,93,E,SW,6.93,6.93,Calm,False,False,Android,7.0.2,M300 RTK,1ZN7L4R0H1D00F,1W9DL31001461C,1ZMLH8300204F0,1Z6PH74DAP0QN7,"Corona, CA",728.3,5.7,137.7,8.547347,2.013246,0,0,DJI Matrice 300 RTK,M300 RTK,1ZN7L4R0H1D00F,1W9DL31001461C,1ZMLH8300204F0,1Z6PH74DAP0QN7,DJI Pilot,Android,7.0.2,1EF72A62-B7C3-C88D-164E-CE6F8C8424AE,1ZN7L4R0H1D00F,1W9DL31001461C,,1ZMLH8300204F0,1W9DL31001461C,,,,,
2023-11-01,11:25:15.86 AM,0m 53.5s,53.5,33.8023413757134,-117.4664267319698,26.2,26.2,17.0,1290,235.0,5.101008,5.538403,-4.026492,0,-3.131716,1.342164,-0.223694,0,-0.1,-2.2,2.2,-138.8,221.2,220.6,Tripod,Other,,21,5,True,,True,False,,Smart,RC,False,True,False,,,True,,False,False,False,False,False,False,False,False,False,False,0,Follow Yaw,-88.9,0,-147.9,212.1,False,False,False,False,False,,0,0,False,False,No Card,100,100,1024,1317,1249,845,2,False,False,False,False,False,0,False,False,False,False,97,,47.676,,9742,,10044,,47.676,,True,3.977,3.977,3.977,3.977,3.977,3.977,3.977,3.977,3.977,3.977,3.977,3.977,0,,False,False,True,,,,,,,,,,,,,,,False,False,19.408,,79.5,,75.7,,79.5,,1794,41,2,16,7,147539.0,19671.87,,Idle,,20,,10,,,20,Go Home,False,False,False,False,False,False,False,False,False,False,False,False,33.8027920380556,-117.4659261431046,223.7,2972.0,1049.4,396.9,True,1,1,False,False,False,False,,True,False,False,Course Lock,196.8,67,16.4,93,E,SW,6.93,6.93,Calm,False,False,Android,7.0.2,M300 RTK,1ZN7L4R0H1D00F,1W9DL31001461C,1ZMLH8300204F0,1Z6PH74DAP0QN7,"Corona, CA",728.3,5.7,137.7,8.547347,2.013246,0,0,DJI Matrice 300 RTK,M300 RTK,1ZN7L4R0H1D00F,1W9DL31001461C,1ZMLH8300204F0,1Z6PH74DAP0QN7,DJI Pilot,Android,7.0.2,1EF72A62-B7C3-C88D-164E-CE6F8C8424AE,1ZN7L4R0H1D00F,1W9DL31001461C,,1ZMLH8300204F0,1W9DL31001461C,,,,,
2023-11-01,11:25:15.97 AM,0m 53.6s,53.6,33.8023396607613,-117.4664283661196,26.2,26.2,17.0,1290,235.8,5.101008,5.538403,-4.026492,0,-3.131716,1.342164,-0.223694,0,-0.1,-2.5,2.5,-139.3,220.7,218.3,Tripod,Other,,21,5,True,,True,False,,Smart,RC,False,True,False,,,True,,False,False,False,False,False,False,False,False,False,False,0,Follow Yaw,-88.9,0,-148.3,211.7,False,False,False,False,False,,0,0,False,False,No Card,100,100,1024,1318,1246,833,2,False,False,False,False,False,0,False,False,False,False,97,,47.676,,9742,,10044,,47.676,,True,3.977,3.977,3.977,3.977,3.977,3.977,3.977,3.977,3.977,3.977,3.977,3.977,0,,False,False,True,,,,,,,,,,,,,,,False,False,19.408,,79.5,,75.7,,79.5,,1794,41,2,16,7,147539.0,19671.87,,Idle,,20,,10,,,20,Go Home,False,False,False,False,False,False,False,False,False,False,False,False,33.8027920380556,-117.4659261431046,224.5,2972.0,1049.4,396.9,True,1,1,False,False,False,False,,True,False,False,Course Lock,196.8,67,16.4,93,E,SW,6.93,6.93,Calm,False,False,Android,7.0.2,M300 RTK,1ZN7L4R0H1D00F,1W9DL31001461C,1ZMLH8300204F0,1Z6PH74DAP0QN7,"Corona, CA",728.3,5.7,137.7,8.547347,2.013246,0,0,DJI Matrice 300 RTK,M300 RTK,1ZN7L4R0H1D00F,1W9DL31001461C,1ZMLH8300204F0,1Z6PH74DAP0QN7,DJI Pilot,Android,7.0.2,1EF72A62-B7C3-C88D-164E-CE6F8C8424AE,1ZN7L4R0H1D00F,1W9DL31001461C,,1ZMLH8300204F0,1W9DL31001461C,,,,,
2023-11-01,11:25:16.07 AM,0m 53.7s,53.7,33.8023380209205,-117.466430055027,26.2,26.2,17.0,1290,236.6,5.101008,5.538403,-4.026492,0,-3.131716,1.342164,-0.223694,0,0,-2.8,2.8,-139.8,220.2,220.5,Tripod,Other,,21,5,True,,True,False,,Smart,RC,False,True,False,,,True,,False,False,False,False,False,False,False,False,False,False,0,Follow Yaw,-88.9,0,-148.7,211.3,False,False,False,False,False,,0,0,False,False,No Card,100,100,1024,1318,1244,829,2,False,False,False,False,False,0,False,False,False,False,97,,47.676,,9742,,10044,,47.676,,True,3.977,3.977,3.977,3.977,3.977,3.977,3.977,3.977,3.977,3.977,3.977,3.977,0,,False,False,True,,,,,,,,,,,,,,,False,False,19.408,,79.5,,75.7,,79.5,,1794,41,2,16,7,147539.0,19671.87,,Idle,,20,,10,,,20,Go Home,False,False,False,False,False,False,False,False,False,False,False,False,33.8027920380556,-117.4659261431046,225.3,2972.0,1049.4,396.9,True,1,1,False,False,False,False,,True,False,False,Course Lock,196.8,67,16.4,93,E,SW,6.93,6.93,Calm,False,False,Android,7.0.2,M300 RTK,1ZN7L4R0H1D00F,1W9DL31001461C,1ZMLH8300204F0,1Z6PH74DAP0QN7,"Corona, CA",728.3,5.7,137.7,8.547347,2.013246,0,0,DJI Matrice 300 RTK,M300 RTK,1ZN7L4R0H1D00F,1W9DL31001461C,1ZMLH8300204F0,1Z6PH74DAP0QN7,DJI Pilot,Android,7.0.2,1EF72A62-B7C3-C88D-164E-CE6F8C8424AE,1ZN7L4R0H1D00F,1W9DL31001461C,,1ZMLH8300204F0,1W9DL31001461C,,,,,
2023-11-01,11:25:16.17 AM,0m 53.8s,53.8,33.802336281845,-117.4664316700447,26.2,26.2,16.7,1290,237.4,5.101008,5.538403,-4.026492,0,-3.131716,1.342164,-0.447388,0,0.2,-2.9,2.9,-140.2,219.8,217.6,Tripod,Other,,21,5,True,,True,False,,Smart,RC,False,True,False,,,True,,False,False,False,False,False,False,False,False,False,False,0,Follow Yaw,-88.9,0,-149.1,210.9,False,False,False,False,False,,0,0,False,False,No Card,100,100,1024,1320,1239,829,2,False,False,False,False,False,0,False,False,False,False,97,,47.64,,4836,,4986,,47.64,,True,3.977,3.977,3.977,3.977,3.977,3.977,3.977,3.977,3.977,3.977,3.977,3.977,0,,False,False,True,,,,,,,,,,,,,,,False,False,9.468,,78.6,,75.7,,79.5,,1794,41,2,16,7,147539.0,19671.87,,Idle,,20,,10,,,20,Go Home,False,False,False,False,False,False,False,False,False,False,False,False,33.8027920380556,-117.4659261431046,226.1,2972.0,1049.4,396.9,True,1,1,False,False,False,False,,True,False,False,Course Lock,196.8,67,16.4,93,E,SW,6.93,6.93,Calm,False,False,Android,7.0.2,M300 RTK,1ZN7L4R0H1D00F,1W9DL31001461C,1ZMLH8300204F0,1Z6PH74DAP0QN7,"Corona, CA",728.3,5.7,137.7,8.547347,2.013246,0,0,DJI Matrice 300 RTK,M300 RTK,1ZN7L4R0H1D00F,1W9DL31001461C,1ZMLH8300204F0,1Z6PH74DAP0QN7,DJI Pilot,Android,7.0.2,1EF72A62-B7C3-C88D-164E-CE6F8C8424AE,1ZN7L4R0H1D00F,1W9DL31001461C,,1ZMLH8300204F0,1W9DL31001461C,,,,,
2023-11-01,11:25:16.24 AM,0m 53.9s,53.9,33.8023345000053,-117.4664333140905,26.2,26.2,16.7,1290,238.2,5.101008,5.538403,-4.026492,0,-3.131716,1.342164,-0.447388,0,0.4,-2.9,2.9,-140.5,219.5,217.4,Tripod,Other,,21,5,True,,True,False,,Smart,RC,False,True,False,,,True,,False,False,False,False,False,False,False,False,False,False,0,Follow Yaw,-88.9,0,-149.6,210.4,False,False,False,False,False,,0,0,False,False,No Card,100,100,1024,1320,1239,829,2,False,False,False,False,False,0,False,False,False,False,97,,47.64,,4836,,4986,,47.64,,True,3.977,3.977,3.977,3.977,3.977,3.977,3.977,3.977,3.977,3.977,3.977,3.977,0,,False,False,True,,,,,,,,,,,,,,,False,False,9.468,,78.6,,75.7,,79.5,,1794,41,2,16,7,147539.0,19671.87,,Idle,,20,,10,,,20,Go Home,False,False,False,False,False,False,False,False,False,False,False,False,33.8027920380556,-117.4659261431046,226.9,2972.0,1049.4,396.9,True,1,1,False,False,False,False,,True,False,False,Course Lock,196.8,67,16.4,93,E,SW,6.93,6.93,Calm,False,False,Android,7.0.2,M300 RTK,1ZN7L4R0H1D00F,1W9DL31001461C,1ZMLH8300204F0,1Z6PH74DAP0QN7,"Corona, CA",728.3,5.7,137.7,8.547347,2.013246,0,0,DJI Matrice 300 RTK,M300 RTK,1ZN7L4R0H1D00F,1W9DL31001461C,1ZMLH8300204F0,1Z6PH74DAP0QN7,DJI Pilot,Android,7.0.2,1EF72A62-B7C3-C88D-164E-CE6F8C8424AE,1ZN7L4R0H1D00F,1W9DL31001461C,,1ZMLH8300204F0,1W9DL31001461C,,,,,
2023-11-01,11:25:16.34 AM,0m 54.0s,54.0,33.8023327280343,-117.4664348901841,26.5,26.5,16.7,1290,239.0,5.101008,5.538403,-4.026492,0,-3.131716,1.342164,-0.447388,0,0.5,-2.8,2.8,-140.9,219.1,216.4,Tripod,Other,,21,5,True,,True,False,,Smart,RC,False,True,False,,,True,,False,False,False,False,False,False,False,False,False,False,0,Follow Yaw,-88.9,0,-150,210,False,False,False,False,False,,0,0,False,False,No Card,100,100,1024,1318,1238,834,2,False,False,False,False,False,0,False,False,False,False,97,,47.676,,9742,,10044,,47.676,,True,3.977,3.977,3.977,3.977,3.977,3.977,3.977,3.977,3.977,3.977,3.977,3.977,0,,False,False,True,,,,,,,,,,,,,,,False,False,19.436,,79.5,,75.7,,79.5,,1794,41,2,16,7,147539.0,19671.87,,Idle,,20,,10,,,20,Go Home,False,False,False,False,False,False,False,False,False,False,False,False,33.8027920380556,-117.4659261431046,227.7,2972.0,1049.4,396.9,True,1,1,False,False,False,False,,True,False,False,Course Lock,196.8,67,16.4,93,E,SW,6.93,6.93,Calm,False,False,Android,7.0.2,M300 RTK,1ZN7L4R0H1D00F,1W9DL31001461C,1ZMLH8300204F0,1Z6PH74DAP0QN7,"Corona, CA",728.3,5.7,137.7,8.547347,2.013246,0,0,DJI Matrice 300 RTK,M300 RTK,1ZN7L4R0H1D00F,1W9DL31001461C,1ZMLH8300204F0,1Z6PH74DAP0QN7,DJI Pilot,Android,7.0.2,1EF72A62-B7C3-C88D-164E-CE6F8C8424AE,1ZN7L4R0H1D00F,1W9DL31001461C,,1ZMLH8300204F0,1W9DL31001461C,,,,,
2023-11-01,11:25:16.44 AM,0m 54.1s,54.1,33.8023310086961,-117.4664363481862,26.5,26.5,16.7,1290,239.8,5.279367,5.538403,-4.250186,0,-3.131716,1.342164,-0.223694,0,0.5,-2.8,2.8,-141.3,218.7,215.1,Tripod,Other,,21,5,True,,True,False,,Smart,RC,False,True,False,,,True,,False,False,False,False,False,False,False,False,False,False,0,Follow Yaw,-88.9,0,-150.4,209.6,False,False,False,False,False,,0,0,False,False,No Card,100,100,1024,1316,1240,833,2,False,False,False,False,False,0,False,False,False,False,97,,47.676,,9742,,10044,,47.676,,True,3.977,3.977,3.977,3.977,3.977,3.977,3.977,3.977,3.977,3.977,3.977,3.977,0,,False,False,True,,,,,,,,,,,,,,,False,False,19.436,,79.5,,75.7,,79.5,,1794,41,2,16,7,147539.0,19671.87,,Idle,,20,,10,,,20,Go Home,False,False,False,False,False,False,False,False,False,False,False,False,33.8027920380556,-117.4659261431046,228.4,2972.0,1049.4,396.9,True,1,1,False,False,False,False,,True,False,False,Course Lock,196.8,67,16.4,93,E,SW,6.93,6.93,Calm,False,False,Android,7.0.2,M300 RTK,1ZN7L4R0H1D00F,1W9DL31001461C,1ZMLH8300204F0,1Z6PH74DAP0QN7,"Corona, CA",728.3,5.7,137.7,8.547347,2.013246,0,0,DJI Matrice 300 RTK,M300 RTK,1ZN7L4R0H1D00F,1W9DL31001461C,1ZMLH8300204F0,1Z6PH74DAP0QN7,DJI Pilot,Android,7.0.2,1EF72A62-B7C3-C88D-164E-CE6F8C8424AE,1ZN7L4R0H1D00F,1W9DL31001461C,,1ZMLH8300204F0,1W9DL31001461C,,,,,
2023-11-01,11:25:16.54 AM,0m 54.2s,54.2,33.802329219729,-117.4664378761196,26.5,26.5,16.7,1290,240.6,5.149822,5.538403,-4.250186,0,-2.908022,1.342164,-0.223694,0,0.5,-2.8,2.8,-141.7,218.3,215.3,Tripod,Other,,21,5,True,,True,False,,Smart,RC,False,True,False,,,True,,False,False,False,False,False,False,False,False,False,False,0,Follow Yaw,-88.9,0,-150.9,209.1,False,False,False,False,False,,0,0,False,False,No Card,100,100,1024,1316,1240,833,2,False,False,False,False,False,0,False,False,False,False,97,,47.676,,9742,,10044,,47.676,,True,3.977,3.977,3.977,3.977,3.977,3.977,3.977,3.977,3.977,3.977,3.977,3.977,0,,False,False,True,,,,,,,,,,,,,,,False,False,19.436,,79.5,,75.7,,79.5,,1794,41,2,16,7,147539.0,19671.87,,Idle,,20,,10,,,20,Go Home,False,False,False,False,False,False,False,False,False,False,False,False,33.8027920380556,-117.4659261431046,229.2,2972.0,1049.4,396.9,True,1,1,False,False,False,False,,True,False,False,Course Lock,196.8,67,16.4,93,E,SW,6.93,6.93,Calm,False,False,Android,7.0.2,M300 RTK,1ZN7L4R0H1D00F,1W9DL31001461C,1ZMLH8300204F0,1Z6PH74DAP0QN7,"Corona, CA",728.3,5.7,137.7,8.547347,2.013246,0,0,DJI Matrice 300 RTK,M300 RTK,1ZN7L4R0H1D00F,1W9DL31001461C,1ZMLH8300204F0,1Z6PH74DAP0QN7,DJI Pilot,Android,7.0.2,1EF72A62-B7C3-C88D-164E-CE6F8C8424AE,1ZN7L4R0H1D00F,1W9DL31001461C,,1ZMLH8300204F0,1W9DL31001461C,,,,,
2023-11-01,11:25:16.64 AM,0m 54.3s,54.3,33.8023274077352,-117.4664392661695,26.5,26.5,17.0,1290,241.4,5.149822,5.538403,-4.250186,0,-2.908022,1.342164,-0.223694,0,0.6,-2.8,2.8,-142.1,217.9,212.5,Tripod,Other,,21,5,True,,True,False,,Smart,RC,False,True,False,,,True,,False,False,False,False,False,False,False,False,False,False,0,Follow Yaw,-88.9,0,-151.3,208.7,False,False,False,False,False,,0,0,False,False,No Card,100,100,1024,1320,1239,837,2,False,False,False,False,False,0,False,False,False,False,97,,47.676,,9742,,10044,,47.676,,True,3.973,3.973,3.973,3.973,3.973,3.973,3.973,3.973,3.973,3.973,3.973,3.973,0,,False,False,True,,,,,,,,,,,,,,,False,False,19.436,,79.5,,75.7,,79.5,,1793,41,2,16,7,147123.6,19616.48,,Idle,,20,,10,,,20,Go Home,False,False,False,False,False,False,False,False,False,False,False,False,33.8027920380556,-117.4659261431046,230.0,2972.0,1049.4,396.9,True,1,1,False,False,False,False,,True,False,False,Course Lock,196.8,67,16.4,93,E,SW,6.93,6.93,Calm,False,False,Android,7.0.2,M300 RTK,1ZN7L4R0H1D00F,1W9DL31001461C,1ZMLH8300204F0,1Z6PH74DAP0QN7,"Corona, CA",728.3,5.7,137.7,8.547347,2.013246,0,0,DJI Matrice 300 RTK,M300 RTK,1ZN7L4R0H1D00F,1W9DL31001461C,1ZMLH8300204F0,1Z6PH74DAP0QN7,DJI Pilot,Android,7.0.2,1EF72A62-B7C3-C88D-164E-CE6F8C8424AE,1ZN7L4R0H1D00F,1W9DL31001461C,,1ZMLH8300204F0,1W9DL31001461C,,,,,
2023-11-01,11:25:16.74 AM,0m 54.4s,54.4,33.8023255902587,-117.4664407433037,26.5,26.5,17.0,1290,242.2,5.149822,5.538403,-4.250186,0,-2.908022,1.342164,-0.223694,0,0.6,-2.7,2.7,-142.5,217.5,214.0,Tripod,Other,,21,5,True,,True,False,,Smart,RC,False,True,False,,,True,,False,False,False,False,False,False,False,False,False,False,0,Follow Yaw,-88.9,0,-151.7,208.3,False,False,False,False,False,,0,0,False,False,No Card,100,100,1024,1320,1239,837,2,False,False,False,False,False,0,False,False,False,False,97,,47.676,,9742,,10044,,47.676,,True,3.973,3.973,3.973,3.973,3.973,3.973,3.973,3.973,3.973,3.973,3.973,3.973,0,,False,False,True,,,,,,,,,,,,,,,False,False,19.436,,79.5,,75.7,,79.5,,1793,41,2,16,7,147123.6,19616.48,,Idle,,20,,10,,,20,Go Home,False,False,False,False,False,False,False,False,False,False,False,False,33.8027920380556,-117.4659261431046,230.8,2972.0,1049.4,396.9,True,1,1,False,False,False,False,,True,False,False,Course Lock,196.8,67,16.4,93,E,SW,6.93,6.93,Calm,False,False,Android,7.0.2,M300 RTK,1ZN7L4R0H1D00F,1W9DL31001461C,1ZMLH8300204F0,1Z6PH74DAP0QN7,"Corona, CA",728.3,5.7,137.7,8.547347,2.013246,0,0,DJI Matrice 300 RTK,M300 RTK,1ZN7L4R0H1D00F,1W9DL31001461C,1ZMLH8300204F0,1Z6PH74DAP0QN7,DJI Pilot,Android,7.0.2,1EF72A62-B7C3-C88D-164E-CE6F8C8424AE,1ZN7L4R0H1D00F,1W9DL31001461C,,1ZMLH8300204F0,1W9DL31001461C,,,,,
2023-11-01,11:25:16.84 AM,0m 54.5s,54.5,33.8023235178421,-117.4664422507855,26.9,26.9,17.0,1291,243.0,5.149822,5.538403,-4.250186,0,-2.908022,1.342164,-0.223694,0,0.7,-2.4,2.5,-143,217,211.1,Tripod,Other,,21,5,True,,True,False,,Smart,RC,False,True,False,,,True,,False,False,False,False,False,False,False,False,False,False,0,Follow Yaw,-88.9,0,-152.2,207.8,False,False,False,False,False,,0,0,False,False,No Card,100,100,1024,1317,1242,844,2,False,False,False,False,False,0,False,False,False,False,97,,47.676,,9742,,10044,,47.676,,True,3.973,3.973,3.973,3.973,3.973,3.973,3.973,3.973,3.973,3.973,3.973,3.973,0,,False,False,True,,,,,,,,,,,,,,,False,False,19.436,,79.5,,75.7,,79.5,,1793,41,2,16,7,147123.6,19616.48,,Idle,,20,,10,,,20,Go Home,False,False,False,False,False,False,False,False,False,False,False,False,33.8027920380556,-117.4659261431046,231.7,2972.0,1049.4,396.9,True,1,1,False,False,False,False,,True,False,False,Course Lock,196.8,67,16.4,93,E,SW,6.93,6.93,Calm,False,False,Android,7.0.2,M300 RTK,1ZN7L4R0H1D00F,1W9DL31001461C,1ZMLH8300204F0,1Z6PH74DAP0QN7,"Corona, CA",728.3,5.7,137.7,8.547347,2.013246,0,0,DJI Matrice 300 RTK,M300 RTK,1ZN7L4R0H1D00F,1W9DL31001461C,1ZMLH8300204F0,1Z6PH74DAP0QN7,DJI Pilot,Android,7.0.2,1EF72A62-B7C3-C88D-164E-CE6F8C8424AE,1ZN7L4R0H1D00F,1W9DL31001461C,,1ZMLH8300204F0,1W9DL31001461C,,,,,
2023-11-01,11:25:16.94 AM,0m 54.6s,54.6,33.8023216510224,-117.4664437008708,26.9,26.9,17.3,1291,243.8,5.149822,5.538403,-4.250186,0,-2.908022,1.342164,-0.223694,0,0.6,-2.3,2.3,-143.5,216.5,212.8,Tripod,Other,,21,5,True,,True,False,,Smart,RC,False,True,False,,,True,,False,False,False,False,False,False,False,False,False,False,0,Follow Yaw,-88.9,0,-152.6,207.4,False,False,False,False,False,,0,0,False,False,No Card,100,100,1024,1314,1242,844,2,False,False,False,False,False,0,False,False,False,False,97,,47.676,,9742,,10044,,47.676,,True,3.973,3.973,3.973,3.973,3.973,3.973,3.973,3.973,3.973,3.973,3.973,3.973,0,,False,False,True,,,,,,,,,,,,,,,False,False,19.436,,79.5,,75.7,,79.5,,1793,41,2,16,7,147123.6,19616.48,,Idle,,20,,10,,,20,Go Home,False,False,False,False,False,False,False,False,False,False,False,False,33.8027920380556,-117.4659261431046,232.5,2972.0,1049.4,396.9,True,1,1,False,False,False,False,,True,False,False,Course Lock,196.8,67,16.4,93,E,SW,6.93,6.93,Calm,False,False,Android,7.0.2,M300 RTK,1ZN7L4R0H1D00F,1W9DL31001461C,1ZMLH8300204F0,1Z6PH74DAP0QN7,"Corona, CA",728.3,5.7,137.7,8.547347,2.013246,0,0,DJI Matrice 300 RTK,M300 RTK,1ZN7L4R0H1D00F,1W9DL31001461C,1ZMLH8300204F0,1Z6PH74DAP0QN7,DJI Pilot,Android,7.0.2,1EF72A62-B7C3-C88D-164E-CE6F8C8424AE,1ZN7L4R0H1D00F,1W9DL31001461C,,1ZMLH8300204F0,1W9DL31001461C,,,,,
2023-11-01,11:25:17.04 AM,0m 54.7s,54.7,33.8023199799309,-117.4664451430394,26.9,26.9,17.3,1291,244.6,5.149822,5.538403,-4.250186,0,-2.908022,1.342164,-0.223694,0,0.5,-2.2,2.2,-144,216,215.6,Tripod,Other,,21,5,True,,True,False,,Smart,RC,False,True,False,,,True,,False,False,False,False,False,False,False,False,False,False,0,Follow Yaw,-88.9,0,-152.9,207.1,False,False,False,False,False,,0,0,False,False,No Card,100,100,1024,1315,1241,844,2,False,False,False,False,False,0,False,False,False,False,97,,47.676,,9742,,10044,,47.676,,True,3.973,3.973,3.973,3.973,3.973,3.973,3.973,3.973,3.973,3.973,3.973,3.973,0,,False,False,True,,,,,,,,,,,,,,,False,False,19.436,,79.5,,75.7,,79.5,,1793,41,2,16,7,147123.6,19616.48,,Idle,,20,,10,,,20,Go Home,False,False,False,False,False,False,False,False,False,False,False,False,33.8027920380556,-117.4659261431046,233.2,2972.0,1049.4,396.9,True,1,1,False,False,False,False,,True,False,False,Course Lock,196.8,67,16.4,93,E,SW,6.93,6.93,Calm,False,False,Android,7.0.2,M300 RTK,1ZN7L4R0H1D00F,1W9DL31001461C,1ZMLH8300204F0,1Z6PH74DAP0QN7,"Corona, CA",728.3,5.7,137.7,8.547347,2.013246,0,0,DJI Matrice 300 RTK,M300 RTK,1ZN7L4R0H1D00F,1W9DL31001461C,1ZMLH8300204F0,1Z6PH74DAP0QN7,DJI Pilot,Android,7.0.2,1EF72A62-B7C3-C88D-164E-CE6F8C8424AE,1ZN7L4R0H1D00F,1W9DL31001461C,,1ZMLH8300204F0,1W9DL31001461C,,,,,
2023-11-01,11:25:17.14 AM,0m 54.8s,54.8,33.8023181081768,-117.4664465693745,26.9,26.9,17.3,1291,245.4,5.217395,5.538403,-4.47388,0,-2.684328,1.342164,-0.223694,0,0.4,-2.1,2.1,-144.4,215.6,212.3,Tripod,Other,,21,5,True,,True,False,,Smart,RC,False,True,False,,,True,,False,False,False,False,False,False,False,False,False,False,0,Follow Yaw,-88.9,0,-153.3,206.7,False,False,False,False,False,,0,0,False,False,No Card,100,100,1024,1316,1241,843,2,False,False,False,False,False,0,False,False,False,False,97,,47.676,,9742,,10044,,47.676,,True,3.973,3.973,3.973,3.973,3.973,3.973,3.973,3.973,3.973,3.973,3.973,3.973,0,,False,False,True,,,,,,,,,,,,,,,False,False,19.436,,79.5,,75.7,,79.5,,1793,41,2,16,7,147123.6,19616.48,,Idle,,20,,10,,,20,Go Home,False,False,False,False,False,False,False,False,False,False,False,False,33.8027920380556,-117.4659261431046,234.0,2972.0,1049.4,396.9,True,1,1,False,False,False,False,,True,False,False,Course Lock,196.8,67,16.4,93,E,SW,6.71,6.93,Calm,False,False,Android,7.0.2,M300 RTK,1ZN7L4R0H1D00F,1W9DL31001461C,1ZMLH8300204F0,1Z6PH74DAP0QN7,"Corona, CA",728.3,5.7,137.7,8.547347,2.013246,0,0,DJI Matrice 300 RTK,M300 RTK,1ZN7L4R0H1D00F,1W9DL31001461C,1ZMLH8300204F0,1Z6PH74DAP0QN7,DJI Pilot,Android,7.0.2,1EF72A62-B7C3-C88D-164E-CE6F8C8424AE,1ZN7L4R0H1D00F,1W9DL31001461C,,1ZMLH8300204F0,1W9DL31001461C,,,,,
2023-11-01,11:25:17.21 AM,0m 54.9s,54.9,33.8023161744696,-117.4664479422715,26.9,26.9,17.3,1291,246.2,5.217395,5.538403,-4.47388,0,-2.684328,1.342164,-0.223694,0,0.5,-2.2,2.2,-144.8,215.2,210.5,Tripod,Other,,21,5,True,,True,False,,Smart,RC,False,True,False,,,True,,False,False,False,False,False,False,False,False,False,False,0,Follow Yaw,-88.9,0,-153.7,206.3,False,False,False,False,False,,0,0,False,False,No Card,100,100,1024,1316,1240,844,2,False,False,False,False,False,0,False,False,False,False,97,,47.664,,4836,,4986,,47.664,,True,3.973,3.973,3.973,3.973,3.973,3.973,3.973,3.973,3.973,3.973,3.973,3.973,0,,False,False,True,,,,,,,,,,,,,,,False,False,9.412,,78.8,,75.7,,79.5,,1793,41,2,16,7,147123.6,19616.48,,Idle,,20,,10,,,20,Go Home,False,False,False,False,False,False,False,False,False,False,False,False,33.8027920380556,-117.4659261431046,234.8,2972.0,1049.4,396.9,True,1,1,False,False,False,False,,True,False,False,Course Lock,196.8,67,16.4,93,E,SW,6.71,6.93,Calm,False,False,Android,7.0.2,M300 RTK,1ZN7L4R0H1D00F,1W9DL31001461C,1ZMLH8300204F0,1Z6PH74DAP0QN7,"Corona, CA",728.3,5.7,137.7,8.547347,2.013246,0,0,DJI Matrice 300 RTK,M300 RTK,1ZN7L4R0H1D00F,1W9DL31001461C,1ZMLH8300204F0,1Z6PH74DAP0QN7,DJI Pilot,Android,7.0.2,1EF72A62-B7C3-C88D-164E-CE6F8C8424AE,1ZN7L4R0H1D00F,1W9DL31001461C,,1ZMLH8300204F0,1W9DL31001461C,,,,,
2023-11-01,11:25:17.34 AM,0m 55.0s,55.0,33.8023142774957,-117.4664493428772,26.9,26.9,17.3,1291,247.0,5.217395,5.538403,-4.47388,0,-2.684328,1.342164,-0.223694,0,0.5,-2.2,2.2,-145.1,214.9,211.5,Tripod,Other,,21,5,True,,True,False,,Smart,RC,False,True,False,,,True,,False,False,False,False,False,False,False,False,False,False,0,Follow Yaw,-88.9,0,-154.1,205.9,False,False,False,False,False,,0,0,False,False,No Card,100,100,1024,1317,1239,844,2,False,False,False,False,False,0,False,False,False,False,97,,47.664,,9742,,10044,,47.664,,True,3.973,3.973,3.973,3.973,3.973,3.973,3.973,3.973,3.973,3.973,3.973,3.973,0,,False,False,True,,,,,,,,,,,,,,,False,False,19.292,,79.5,,75.7,,79.5,,1793,41,2,16,7,147123.6,19616.48,,Idle,,20,,10,,,20,Go Home,False,False,False,False,False,False,False,False,False,False,False,False,33.8027920380556,-117.4659261431046,235.6,2972.0,1049.4,396.9,True,1,1,False,False,False,False,,True,False,False,Course Lock,196.8,67,16.4,93,E,SW,6.71,6.93,Calm,False,False,Android,7.0.2,M300 RTK,1ZN7L4R0H1D00F,1W9DL31001461C,1ZMLH8300204F0,1Z6PH74DAP0QN7,"Corona, CA",728.3,5.7,137.7,8.547347,2.013246,0,0,DJI Matrice 300 RTK,M300 RTK,1ZN7L4R0H1D00F,1W9DL31001461C,1ZMLH8300204F0,1Z6PH74DAP0QN7,DJI Pilot,Android,7.0.2,1EF72A62-B7C3-C88D-164E-CE6F8C8424AE,1ZN7L4R0H1D00F,1W9DL31001461C,,1ZMLH8300204F0,1W9DL31001461C,,,,,
2023-11-01,11:25:17.44 AM,0m 55.1s,55.1,33.8023124188998,-117.4664506247314,27.2,27.2,17.3,1291,247.8,5.217395,5.538403,-4.47388,0,-2.684328,1.342164,-0.223694,0,0.4,-2.2,2.2,-145.5,214.5,209.8,Tripod,Other,,21,5,True,,True,False,,Smart,RC,False,True,False,,,True,,False,False,False,False,False,False,False,False,False,False,0,Follow Yaw,-88.9,0,-154.5,205.5,False,False,False,False,False,,0,0,False,False,No Card,100,100,1024,1316,1238,844,2,False,False,False,False,False,0,False,False,False,False,97,,47.664,,9742,,10044,,47.664,,True,3.973,3.973,3.973,3.973,3.973,3.973,3.973,3.973,3.973,3.973,3.973,3.973,0,,False,False,True,,,,,,,,,,,,,,,False,False,19.292,,79.5,,75.7,,79.5,,1793,41,2,16,7,147123.6,19616.48,,Idle,,20,,10,,,20,Go Home,False,False,False,False,False,False,False,False,False,False,False,False,33.8027920380556,-117.4659261431046,236.4,2972.0,1049.4,396.9,True,1,1,False,False,False,False,,True,False,False,Course Lock,196.8,67,16.4,93,E,SW,6.71,6.93,Calm,False,False,Android,7.0.2,M300 RTK,1ZN7L4R0H1D00F,1W9DL31001461C,1ZMLH8300204F0,1Z6PH74DAP0QN7,"Corona, CA",728.3,5.7,137.7,8.547347,2.013246,0,0,DJI Matrice 300 RTK,M300 RTK,1ZN7L4R0H1D00F,1W9DL31001461C,1ZMLH8300204F0,1Z6PH74DAP0QN7,DJI Pilot,Android,7.0.2,1EF72A62-B7C3-C88D-164E-CE6F8C8424AE,1ZN7L4R0H1D00F,1W9DL31001461C,,1ZMLH8300204F0,1W9DL31001461C,,,,,
2023-11-01,11:25:17.52 AM,0m 55.2s,55.2,33.8023105071229,-117.4664519949895,27.2,27.2,17.3,1291,248.6,5.217395,5.538403,-4.47388,0,-2.684328,1.342164,-0.447388,0,0.4,-2,2,-145.9,214.1,210.7,Tripod,Other,,21,5,True,,True,False,,Smart,RC,False,True,False,,,True,,False,False,False,False,False,False,False,False,False,False,0,Follow Yaw,-88.9,0,-154.9,205.1,False,False,False,False,False,,0,0,False,False,No Card,100,100,1024,1316,1238,844,2,False,False,False,False,False,0,False,False,False,False,97,,47.664,,9742,,10044,,47.664,,True,3.973,3.973,3.973,3.973,3.973,3.973,3.973,3.973,3.973,3.973,3.973,3.973,0,,False,False,True,,,,,,,,,,,,,,,False,False,19.292,,79.5,,75.7,,79.5,,1793,41,2,16,7,147123.6,19616.48,,Idle,,20,,10,,,20,Go Home,False,False,False,False,False,False,False,False,False,False,False,False,33.8027920380556,-117.4659261431046,237.2,2972.0,1049.4,396.9,True,1,1,False,False,False,False,,True,False,False,Course Lock,196.8,67,16.4,93,E,SW,6.71,6.93,Calm,False,False,Android,7.0.2,M300 RTK,1ZN7L4R0H1D00F,1W9DL31001461C,1ZMLH8300204F0,1Z6PH74DAP0QN7,"Corona, CA",728.3,5.7,137.7,8.547347,2.013246,0,0,DJI Matrice 300 RTK,M300 RTK,1ZN7L4R0H1D00F,1W9DL31001461C,1ZMLH8300204F0,1Z6PH74DAP0QN7,DJI Pilot,Android,7.0.2,1EF72A62-B7C3-C88D-164E-CE6F8C8424AE,1ZN7L4R0H1D00F,1W9DL31001461C,,1ZMLH8300204F0,1W9DL31001461C,,,,,
2023-11-01,11:25:17.64 AM,0m 55.3s,55.3,33.8023086863569,-117.4664536838969,27.2,27.2,17.7,1291,249.5,5.217395,5.538403,-4.47388,0,-2.684328,1.342164,-0.447388,0,0.4,-2.1,2.1,-146.3,213.7,217.6,Tripod,Other,,21,5,True,,True,False,,Smart,RC,False,True,False,,,True,,False,False,False,False,False,False,False,False,False,False,0,Follow Yaw,-88.9,0,-155.3,204.7,False,False,False,False,False,,0,0,False,False,No Card,100,100,1024,1316,1238,844,2,False,False,False,False,False,0,False,False,False,False,97,,47.664,,9742,,10044,,47.664,,True,3.972,3.972,3.972,3.972,3.972,3.972,3.972,3.972,3.972,3.972,3.972,3.972,0,,False,False,True,,,,,,,,,,,,,,,False,False,19.292,,79.5,,75.7,,79.5,,1792,42,2,16,7,146722.5,19563.00,,Idle,,20,,10,,,20,Go Home,False,False,False,False,False,False,False,False,False,False,False,False,33.8027920380556,-117.4659261431046,238.0,2972.0,1049.4,396.9,True,1,1,False,False,False,False,,True,False,False,Course Lock,196.8,67,16.4,93,E,SW,6.71,6.93,Calm,False,False,Android,7.0.2,M300 RTK,1ZN7L4R0H1D00F,1W9DL31001461C,1ZMLH8300204F0,1Z6PH74DAP0QN7,"Corona, CA",728.3,5.7,137.7,8.547347,2.013246,0,0,DJI Matrice 300 RTK,M300 RTK,1ZN7L4R0H1D00F,1W9DL31001461C,1ZMLH8300204F0,1Z6PH74DAP0QN7,DJI Pilot,Android,7.0.2,1EF72A62-B7C3-C88D-164E-CE6F8C8424AE,1ZN7L4R0H1D00F,1W9DL31001461C,,1ZMLH8300204F0,1W9DL31001461C,,,,,
2023-11-01,11:25:17.74 AM,0m 55.4s,55.4,33.8023067603253,-117.466455068669,27.2,27.2,17.3,1291,250.3,5.217395,5.538403,-4.47388,0,-2.684328,1.342164,-0.447388,0,0.5,-2.2,2.2,-146.8,213.2,210.8,Tripod,Other,,21,5,True,,True,False,,Smart,RC,False,True,False,,,True,,False,False,False,False,False,False,False,False,False,False,0,Follow Yaw,-88.9,0,-155.7,204.3,False,False,False,False,False,,0,0,False,False,No Card,100,100,1024,1317,1237,851,2,False,False,False,False,False,0,False,False,False,False,97,,47.664,,9742,,10044,,47.664,,True,3.972,3.972,3.972,3.972,3.972,3.972,3.972,3.972,3.972,3.972,3.972,3.972,0,,False,False,True,,,,,,,,,,,,,,,False,False,19.292,,79.5,,75.7,,79.5,,1792,42,2,16,7,146722.5,19563.00,,Idle,,20,,10,,,20,Go Home,False,False,False,False,False,False,False,False,False,False,False,False,33.8027920380556,-117.4659261431046,238.8,2972.0,1049.4,396.9,True,1,1,False,False,False,False,,True,False,False,Course Lock,196.8,67,16.4,93,E,SW,6.71,6.93,Calm,False,False,Android,7.0.2,M300 RTK,1ZN7L4R0H1D00F,1W9DL31001461C,1ZMLH8300204F0,1Z6PH74DAP0QN7,"Corona, CA",728.3,5.7,137.7,8.547347,2.013246,0,0,DJI Matrice 300 RTK,M300 RTK,1ZN7L4R0H1D00F,1W9DL31001461C,1ZMLH8300204F0,1Z6PH74DAP0QN7,DJI Pilot,Android,7.0.2,1EF72A62-B7C3-C88D-164E-CE6F8C8424AE,1ZN7L4R0H1D00F,1W9DL31001461C,,1ZMLH8300204F0,1W9DL31001461C,,,,,
2023-11-01,11:25:17.83 AM,0m 55.5s,55.5,33.802304805236,-117.4664563089604,27.2,27.2,17.7,1291,251.1,5.217395,5.538403,-4.47388,0,-2.684328,1.342164,-0.447388,0,0.7,-2.2,2.3,-147.2,212.8,207.7,Tripod,Other,,21,5,True,,True,False,,Smart,RC,False,True,False,,,True,,False,False,False,False,False,False,False,False,False,False,0,Follow Yaw,-88.9,0,-156.1,203.9,False,False,False,False,False,,0,0,False,False,No Card,100,100,1024,1317,1237,851,2,False,False,False,False,False,0,False,False,False,False,97,,47.664,,9742,,10044,,47.664,,True,3.972,3.972,3.972,3.972,3.972,3.972,3.972,3.972,3.972,3.972,3.972,3.972,0,,False,False,True,,,,,,,,,,,,,,,False,False,19.292,,79.5,,75.7,,79.5,,1792,42,2,16,7,146722.5,19563.00,,Idle,,20,,10,,,20,Go Home,False,False,False,False,False,False,False,False,False,False,False,False,33.8027920380556,-117.4659261431046,239.6,2972.0,1049.4,396.9,True,1,1,False,False,False,False,,True,False,False,Course Lock,196.8,67,16.4,93,E,SW,6.93,6.93,Calm,False,False,Android,7.0.2,M300 RTK,1ZN7L4R0H1D00F,1W9DL31001461C,1ZMLH8300204F0,1Z6PH74DAP0QN7,"Corona, CA",728.3,5.7,137.7,8.547347,2.013246,0,0,DJI Matrice 300 RTK,M300 RTK,1ZN7L4R0H1D00F,1W9DL31001461C,1ZMLH8300204F0,1Z6PH74DAP0QN7,DJI Pilot,Android,7.0.2,1EF72A62-B7C3-C88D-164E-CE6F8C8424AE,1ZN7L4R0H1D00F,1W9DL31001461C,,1ZMLH8300204F0,1W9DL31001461C,,,,,
2023-11-01,11:25:17.93 AM,0m 55.6s,55.6,33.8023028545327,-117.4664576594265,27.5,27.5,17.7,1291,251.9,5.217395,5.538403,-4.47388,0,-2.684328,1.342164,-0.447388,0,0.9,-2.2,2.3,-147.6,212.4,209.9,Tripod,Other,,21,5,True,,True,False,,Smart,RC,False,True,False,,,True,,False,False,False,False,False,False,False,False,False,False,0,Follow Yaw,-88.9,0,-156.5,203.5,False,False,False,False,False,,0,0,False,False,No Card,100,100,1024,1315,1236,870,2,False,False,False,False,False,0,False,False,False,False,97,,47.664,,9742,,10044,,47.664,,True,3.972,3.972,3.972,3.972,3.972,3.972,3.972,3.972,3.972,3.972,3.972,3.972,0,,False,False,True,,,,,,,,,,,,,,,False,False,19.292,,79.5,,75.7,,79.5,,1792,42,2,16,7,146722.5,19563.00,,Idle,,20,,10,,,20,Go Home,False,False,False,False,False,False,False,False,False,False,False,False,33.8027920380556,-117.4659261431046,240.4,2972.0,1049.4,396.9,True,1,1,False,False,False,False,,True,False,False,Course Lock,196.8,67,16.4,93,E,SW,6.93,6.93,Calm,False,False,Android,7.0.2,M300 RTK,1ZN7L4R0H1D00F,1W9DL31001461C,1ZMLH8300204F0,1Z6PH74DAP0QN7,"Corona, CA",728.3,5.7,137.7,8.547347,2.013246,0,0,DJI Matrice 300 RTK,M300 RTK,1ZN7L4R0H1D00F,1W9DL31001461C,1ZMLH8300204F0,1Z6PH74DAP0QN7,DJI Pilot,Android,7.0.2,1EF72A62-B7C3-C88D-164E-CE6F8C8424AE,1ZN7L4R0H1D00F,1W9DL31001461C,,1ZMLH8300204F0,1W9DL31001461C,,,,,
2023-11-01,11:25:18.04 AM,0m 55.7s,55.7,33.8023009476901,-117.4664591048938,27.5,27.5,17.3,1291,252.7,5.410436,5.538403,-4.697574,0,-2.684328,1.342164,-0.223694,0,1,-2.1,2.3,-147.9,212.1,212.2,Tripod,Other,,21,5,True,,True,False,,Smart,RC,False,True,False,,,True,,False,False,False,False,False,False,False,False,False,False,0,Follow Yaw,-88.9,0,-156.8,203.2,False,False,False,False,False,,0,0,False,False,No Card,100,100,1024,1314,1236,866,2,False,False,False,False,False,0,False,False,False,False,97,,47.664,,9742,,10044,,47.664,,True,3.972,3.972,3.972,3.972,3.972,3.972,3.972,3.972,3.972,3.972,3.972,3.972,0,,False,False,True,,,,,,,,,,,,,,,False,False,19.292,,79.5,,75.7,,79.5,,1792,42,2,16,7,146722.5,19563.00,,Idle,,20,,10,,,20,Go Home,False,False,False,False,False,False,False,False,False,False,False,False,33.8027920380556,-117.4659261431046,241.2,2972.0,1049.4,396.9,True,1,1,False,False,False,False,,True,False,False,Course Lock,196.8,67,16.4,93,E,SW,6.93,6.93,Calm,False,False,Android,7.0.2,M300 RTK,1ZN7L4R0H1D00F,1W9DL31001461C,1ZMLH8300204F0,1Z6PH74DAP0QN7,"Corona, CA",728.3,5.7,137.7,8.547347,2.013246,0,0,DJI Matrice 300 RTK,M300 RTK,1ZN7L4R0H1D00F,1W9DL31001461C,1ZMLH8300204F0,1Z6PH74DAP0QN7,DJI Pilot,Android,7.0.2,1EF72A62-B7C3-C88D-164E-CE6F8C8424AE,1ZN7L4R0H1D00F,1W9DL31001461C,,1ZMLH8300204F0,1W9DL31001461C,,,,,
2023-11-01,11:25:18.14 AM,0m 55.8s,55.8,33.8022989860217,-117.4664604401862,27.5,27.5,17.7,1291,253.6,5.410436,5.538403,-4.697574,0,-2.684328,1.342164,-0.223694,0,1,-2,2.2,-148.3,211.7,209.4,Tripod,Other,,21,5,True,,True,False,,Smart,RC,False,True,False,,,True,,False,False,False,False,False,False,False,False,False,False,0,Follow Yaw,-88.9,0,-157.1,202.9,False,False,False,False,False,,0,0,False,False,No Card,100,100,1024,1313,1237,858,2,False,False,False,False,False,0,False,False,False,False,97,,47.664,,9742,,10044,,47.664,,True,3.972,3.972,3.972,3.972,3.972,3.972,3.972,3.972,3.972,3.972,3.972,3.972,0,,False,False,True,,,,,,,,,,,,,,,False,False,19.292,,79.5,,75.7,,79.5,,1792,42,2,16,7,146722.5,19563.00,,Idle,,20,,10,,,20,Go Home,False,False,False,False,False,False,False,False,False,False,False,False,33.8027920380556,-117.4659261431046,242.0,2972.0,1049.4,396.9,True,1,1,False,False,False,False,,True,False,False,Course Lock,196.8,67,16.4,93,E,SW,6.93,6.93,Calm,False,False,Android,7.0.2,M300 RTK,1ZN7L4R0H1D00F,1W9DL31001461C,1ZMLH8300204F0,1Z6PH74DAP0QN7,"Corona, CA",728.3,5.7,137.7,8.547347,2.013246,0,0,DJI Matrice 300 RTK,M300 RTK,1ZN7L4R0H1D00F,1W9DL31001461C,1ZMLH8300204F0,1Z6PH74DAP0QN7,DJI Pilot,Android,7.0.2,1EF72A62-B7C3-C88D-164E-CE6F8C8424AE,1ZN7L4R0H1D00F,1W9DL31001461C,,1ZMLH8300204F0,1W9DL31001461C,,,,,
2023-11-01,11:25:18.24 AM,0m 55.9s,55.9,33.8022971312637,-117.4664618691602,27.5,27.5,17.7,1291,254.4,5.30301,5.538403,-4.697574,0,-2.460634,1.342164,-0.223694,0,1,-2.2,2.4,-148.6,211.4,212.6,Tripod,Other,,21,5,True,,True,False,,Smart,RC,False,True,False,,,True,,False,False,False,False,False,False,False,False,False,False,0,Follow Yaw,-88.9,0,-157.4,202.6,False,False,False,False,False,,0,0,False,False,No Card,100,100,1024,1315,1218,1015,2,False,False,False,False,False,0,False,False,False,False,97,,47.664,,9742,,10044,,47.664,,True,3.972,3.972,3.972,3.972,3.972,3.972,3.972,3.972,3.972,3.972,3.972,3.972,0,,False,False,True,,,,,,,,,,,,,,,False,False,19.292,,79.5,,75.7,,79.5,,1792,42,2,16,7,146722.5,19563.00,,Idle,,20,,10,,,20,Go Home,False,False,False,False,False,False,False,False,False,False,False,False,33.8027920380556,-117.4659261431046,242.8,2972.0,1049.4,396.9,True,1,1,False,False,False,False,,True,False,False,Course Lock,196.8,67,16.4,93,E,SW,6.93,6.93,Calm,False,False,Android,7.0.2,M300 RTK,1ZN7L4R0H1D00F,1W9DL31001461C,1ZMLH8300204F0,1Z6PH74DAP0QN7,"Corona, CA",728.3,5.7,137.7,8.547347,2.013246,0,0,DJI Matrice 300 RTK,M300 RTK,1ZN7L4R0H1D00F,1W9DL31001461C,1ZMLH8300204F0,1Z6PH74DAP0QN7,DJI Pilot,Android,7.0.2,1EF72A62-B7C3-C88D-164E-CE6F8C8424AE,1ZN7L4R0H1D00F,1W9DL31001461C,,1ZMLH8300204F0,1W9DL31001461C,,,,,
2023-11-01,11:25:18.34 AM,0m 56.0s,56.0,33.8022951674022,-117.466463181362,27.5,27.5,17.3,1291,255.2,5.30301,5.538403,-4.697574,0,-2.460634,1.342164,-0.223694,0,1.1,-2.5,2.7,-149,211,209.0,Tripod,Other,,21,5,True,,True,False,,Smart,RC,False,True,False,,,True,,False,False,False,False,False,False,False,False,False,False,0,Follow Yaw,-88.9,0,-157.8,202.2,False,False,False,False,False,,0,0,False,False,No Card,100,100,1024,1315,1218,1015,2,False,False,False,False,False,0,False,False,False,False,97,,47.712,,9742,,10044,,47.712,,True,3.972,3.972,3.972,3.972,3.972,3.972,3.972,3.972,3.972,3.972,3.972,3.972,0,,False,False,True,,,,,,,,,,,,,,,False,False,19.282,,79.7,,75.7,,79.7,,1792,42,2,16,7,146722.5,19563.00,,Idle,,20,,10,,,20,Go Home,False,False,False,False,False,False,False,False,False,False,False,False,33.8027920380556,-117.4659261431046,243.6,2972.0,1049.4,396.9,True,1,1,False,False,False,False,,True,False,False,Course Lock,196.8,67,16.4,93,E,SW,6.93,6.93,Calm,False,False,Android,7.0.2,M300 RTK,1ZN7L4R0H1D00F,1W9DL31001461C,1ZMLH8300204F0,1Z6PH74DAP0QN7,"Corona, CA",728.3,5.7,137.7,8.547347,2.013246,0,0,DJI Matrice 300 RTK,M300 RTK,1ZN7L4R0H1D00F,1W9DL31001461C,1ZMLH8300204F0,1Z6PH74DAP0QN7,DJI Pilot,Android,7.0.2,1EF72A62-B7C3-C88D-164E-CE6F8C8424AE,1ZN7L4R0H1D00F,1W9DL31001461C,,1ZMLH8300204F0,1W9DL31001461C,,,,,
2023-11-01,11:25:18.44 AM,0m 56.1s,56.1,33.8022931865448,-117.4664643319301,27.8,27.8,17.3,1292,256.0,5.30301,5.538403,-4.697574,0,-2.460634,1.342164,-0.223694,0,1.1,-2.6,2.8,-149.4,210.6,205.7,Tripod,Other,,21,5,True,,True,False,,Smart,RC,False,True,False,,,True,,False,False,False,False,False,False,False,False,False,False,0,Follow Yaw,-88.9,0,-157.9,202.1,False,False,False,False,False,,0,0,False,False,No Card,100,100,1024,1316,1224,1024,2,False,False,False,False,False,0,False,False,False,False,97,,47.712,,9742,,10044,,47.712,,True,3.972,3.972,3.972,3.972,3.972,3.972,3.972,3.972,3.972,3.972,3.972,3.972,0,,False,False,True,,,,,,,,,,,,,,,False,False,19.282,,79.7,,75.7,,79.7,,1792,42,2,16,7,146722.5,19563.00,,Idle,,20,,10,,,20,Go Home,False,False,False,False,False,False,False,False,False,False,False,False,33.8027920380556,-117.4659261431046,244.4,2972.0,1049.4,396.9,True,1,1,False,False,False,False,,True,False,False,Course Lock,196.8,67,16.4,93,E,SW,6.93,6.93,Calm,False,False,Android,7.0.2,M300 RTK,1ZN7L4R0H1D00F,1W9DL31001461C,1ZMLH8300204F0,1Z6PH74DAP0QN7,"Corona, CA",728.3,5.7,137.7,8.547347,2.013246,0,0,DJI Matrice 300 RTK,M300 RTK,1ZN7L4R0H1D00F,1W9DL31001461C,1ZMLH8300204F0,1Z6PH74DAP0QN7,DJI Pilot,Android,7.0.2,1EF72A62-B7C3-C88D-164E-CE6F8C8424AE,1ZN7L4R0H1D00F,1W9DL31001461C,,1ZMLH8300204F0,1W9DL31001461C,,,,,
2023-11-01,11:25:18.55 AM,0m 56.2s,56.2,33.8022912128147,-117.4664655794785,27.8,27.8,17.3,1292,256.8,5.30301,5.538403,-4.697574,0,-2.460634,1.342164,-0.223694,0,1,-1.5,1.8,-149.5,210.5,207.7,Tripod,Other,,21,5,True,,True,False,,Smart,RC,False,True,False,,,True,,False,False,False,False,False,False,False,False,False,False,0,Follow Yaw,-88.9,0,-157.9,202.1,False,False,False,False,False,,0,0,False,False,No Card,100,100,1024,1316,1217,1024,2,False,False,False,False,False,0,False,False,False,False,97,,47.712,,9742,,10044,,47.712,,True,3.972,3.972,3.972,3.972,3.972,3.972,3.972,3.972,3.972,3.972,3.972,3.972,0,,False,False,True,,,,,,,,,,,,,,,False,False,19.282,,79.7,,75.7,,79.7,,1792,42,2,16,7,146722.5,19563.00,,Idle,,20,,10,,,20,Go Home,False,False,False,False,False,False,False,False,False,False,False,False,33.8027920380556,-117.4659261431046,245.2,2972.0,1049.4,396.9,True,1,1,False,False,False,False,,True,False,False,Course Lock,196.8,67,16.4,93,E,SW,6.93,6.93,Calm,False,False,Android,7.0.2,M300 RTK,1ZN7L4R0H1D00F,1W9DL31001461C,1ZMLH8300204F0,1Z6PH74DAP0QN7,"Corona, CA",728.3,5.7,137.7,8.547347,2.013246,0,0,DJI Matrice 300 RTK,M300 RTK,1ZN7L4R0H1D00F,1W9DL31001461C,1ZMLH8300204F0,1Z6PH74DAP0QN7,DJI Pilot,Android,7.0.2,1EF72A62-B7C3-C88D-164E-CE6F8C8424AE,1ZN7L4R0H1D00F,1W9DL31001461C,,1ZMLH8300204F0,1W9DL31001461C,,,,,
2023-11-01,11:25:18.66 AM,0m 56.3s,56.3,33.8022891255951,-117.4664669484171,27.8,27.8,17.3,1292,257.7,5.30301,5.538403,-4.697574,0,-2.460634,1.342164,-0.223694,0,1,-0.8,1.2,-149.7,210.3,208.5,Tripod,Other,,21,5,True,,True,False,,Smart,RC,False,True,False,,,True,,False,False,False,False,False,False,False,False,False,False,0,Follow Yaw,-88.9,0,-157.9,202.1,False,False,False,False,False,,0,0,False,False,No Card,100,100,1024,1317,1213,1024,2,False,False,False,False,False,0,False,False,False,False,97,,47.712,,9742,,10044,,47.712,,True,3.975,3.975,3.975,3.975,3.975,3.975,3.975,3.975,3.975,3.975,3.975,3.975,0,,False,False,True,,,,,,,,,,,,,,,False,False,19.282,,79.7,,75.7,,79.7,,1792,42,2,16,7,146322.2,19509.62,,Idle,,20,,10,,,20,Go Home,False,False,False,False,False,False,False,False,False,False,False,False,33.8027920380556,-117.4659261431046,246.0,2972.0,1049.4,396.9,True,1,1,False,False,False,False,,True,False,False,Course Lock,196.8,67,16.4,93,E,SW,6.93,6.93,Calm,False,False,Android,7.0.2,M300 RTK,1ZN7L4R0H1D00F,1W9DL31001461C,1ZMLH8300204F0,1Z6PH74DAP0QN7,"Corona, CA",728.3,5.7,137.7,8.547347,2.013246,0,0,DJI Matrice 300 RTK,M300 RTK,1ZN7L4R0H1D00F,1W9DL31001461C,1ZMLH8300204F0,1Z6PH74DAP0QN7,DJI Pilot,Android,7.0.2,1EF72A62-B7C3-C88D-164E-CE6F8C8424AE,1ZN7L4R0H1D00F,1W9DL31001461C,,1ZMLH8300204F0,1W9DL31001461C,,,,,
2023-11-01,11:25:18.76 AM,0m 56.4s,56.4,33.8022871633784,-117.4664682005836,27.8,27.8,17.3,1292,258.5,5.30301,5.538403,-4.697574,0,-2.460634,1.342164,-0.223694,0,1,-0.7,1.2,-149.8,210.2,207.9,Tripod,Other,,21,5,True,,True,False,,Smart,RC,False,True,False,,,True,,False,False,False,False,False,False,False,False,False,False,0,Follow Yaw,-88.9,0,-157.9,202.1,False,False,False,False,False,,0,0,False,False,No Card,100,100,1024,1318,1205,1024,2,False,False,False,False,False,0,False,False,False,False,97,,47.712,,9742,,10044,,47.712,,True,3.975,3.975,3.975,3.975,3.975,3.975,3.975,3.975,3.975,3.975,3.975,3.975,0,,False,False,True,,,,,,,,,,,,,,,False,False,19.282,,79.7,,75.7,,79.7,,1792,42,2,16,7,146322.2,19509.62,,Idle,,20,,10,,,20,Go Home,False,False,False,False,False,False,False,False,False,False,False,False,33.8027920380556,-117.4659261431046,246.8,2972.0,1049.4,396.9,True,1,1,False,False,False,False,,True,False,False,Course Lock,196.8,67,16.4,93,E,SW,6.93,6.93,Calm,False,False,Android,7.0.2,M300 RTK,1ZN7L4R0H1D00F,1W9DL31001461C,1ZMLH8300204F0,1Z6PH74DAP0QN7,"Corona, CA",728.3,5.7,137.7,8.547347,2.013246,0,0,DJI Matrice 300 RTK,M300 RTK,1ZN7L4R0H1D00F,1W9DL31001461C,1ZMLH8300204F0,1Z6PH74DAP0QN7,DJI Pilot,Android,7.0.2,1EF72A62-B7C3-C88D-164E-CE6F8C8424AE,1ZN7L4R0H1D00F,1W9DL31001461C,,1ZMLH8300204F0,1W9DL31001461C,,,,,
2023-11-01,11:25:18.87 AM,0m 56.5s,56.5,33.8022853195856,-117.4664693544505,27.8,27.8,17.7,1292,259.2,5.10591,5.538403,-4.47388,0,-2.460634,1.342164,-0.223694,0,1.1,-0.8,1.3,-149.8,210.2,207.4,Tripod,Other,,21,5,True,,True,False,,Smart,RC,False,True,False,,,True,,False,False,False,False,False,False,False,False,False,False,0,Follow Yaw,-88.9,0,-157.9,202.1,False,False,False,False,False,,0,0,False,False,No Card,100,100,1024,1318,1205,1024,2,False,False,False,False,False,0,False,False,False,False,97,,47.712,,9742,,10044,,47.712,,True,3.975,3.975,3.975,3.975,3.975,3.975,3.975,3.975,3.975,3.975,3.975,3.975,0,,False,False,True,,,,,,,,,,,,,,,False,False,19.282,,79.7,,75.7,,79.7,,1792,42,2,16,7,146322.2,19509.62,,Idle,,20,,10,,,20,Go Home,False,False,False,False,False,False,False,False,False,False,False,False,33.8027920380556,-117.4659261431046,247.5,2972.0,1049.4,396.9,True,1,1,False,False,False,False,,True,False,False,Course Lock,196.8,67,16.4,93,E,SW,6.93,6.93,Calm,False,False,Android,7.0.2,M300 RTK,1ZN7L4R0H1D00F,1W9DL31001461C,1ZMLH8300204F0,1Z6PH74DAP0QN7,"Corona, CA",728.3,5.7,137.7,8.547347,2.013246,0,0,DJI Matrice 300 RTK,M300 RTK,1ZN7L4R0H1D00F,1W9DL31001461C,1ZMLH8300204F0,1Z6PH74DAP0QN7,DJI Pilot,Android,7.0.2,1EF72A62-B7C3-C88D-164E-CE6F8C8424AE,1ZN7L4R0H1D00F,1W9DL31001461C,,1ZMLH8300204F0,1W9DL31001461C,,,,,
2023-11-01,11:25:18.97 AM,0m 56.6s,56.6,33.8022833935539,-117.4664706046378,28.2,28.2,17.7,1292,260.0,5.10591,5.538403,-4.47388,0,-2.460634,1.342164,-0.223694,0,1.1,-1.1,1.5,-149.8,210.2,208.3,Tripod,Other,,21,5,True,,True,False,,Smart,RC,False,True,False,,,True,,False,False,False,False,False,False,False,False,False,False,0,Follow Yaw,-88.9,0,-157.9,202.1,False,False,False,False,False,,0,0,False,False,No Card,100,100,1024,1323,1209,1024,2,False,False,False,False,False,0,False,False,False,False,97,,47.712,,9742,,10044,,47.712,,True,3.975,3.975,3.975,3.975,3.975,3.975,3.975,3.975,3.975,3.975,3.975,3.975,0,,False,False,True,,,,,,,,,,,,,,,False,False,19.282,,79.7,,75.7,,79.7,,1792,42,2,16,7,146322.2,19509.62,,Idle,,20,,10,,,20,Go Home,False,False,False,False,False,False,False,False,False,False,False,False,33.8027920380556,-117.4659261431046,248.3,2972.0,1049.4,396.9,True,1,1,False,False,False,False,,True,False,False,Course Lock,196.8,67,16.4,93,E,SW,6.71,6.93,Calm,False,False,Android,7.0.2,M300 RTK,1ZN7L4R0H1D00F,1W9DL31001461C,1ZMLH8300204F0,1Z6PH74DAP0QN7,"Corona, CA",728.3,5.7,137.7,8.547347,2.013246,0,0,DJI Matrice 300 RTK,M300 RTK,1ZN7L4R0H1D00F,1W9DL31001461C,1ZMLH8300204F0,1Z6PH74DAP0QN7,DJI Pilot,Android,7.0.2,1EF72A62-B7C3-C88D-164E-CE6F8C8424AE,1ZN7L4R0H1D00F,1W9DL31001461C,,1ZMLH8300204F0,1W9DL31001461C,,,,,
2023-11-01,11:25:19.07 AM,0m 56.7s,56.7,33.8022815568884,-117.4664719709375,28.2,28.2,17.7,1292,260.8,5.10591,5.538403,-4.47388,0,-2.460634,1.342164,-0.223694,0,0.8,-1.4,1.6,-149.8,210.2,211.7,Tripod,Other,,21,5,True,,True,False,,Smart,RC,False,True,False,,,True,,False,False,False,False,False,False,False,False,False,False,0,Follow Yaw,-88.9,0,-157.9,202.1,False,False,False,False,False,,0,0,False,False,No Card,100,100,1024,1323,1209,1024,2,False,False,False,False,False,0,False,False,False,False,97,,47.664,,4836,,4986,,47.664,,True,3.975,3.975,3.975,3.975,3.975,3.975,3.975,3.975,3.975,3.975,3.975,3.975,0,,False,False,True,,,,,,,,,,,,,,,False,False,9.394,,78.8,,75.7,,79.7,,1792,42,2,16,7,146322.2,19509.62,,Idle,,20,,10,,,20,Go Home,False,False,False,False,False,False,False,False,False,False,False,False,33.8027920380556,-117.4659261431046,249.1,2972.0,1049.4,396.9,True,1,1,False,False,False,False,,True,False,False,Course Lock,196.8,67,16.4,93,E,SW,6.71,6.93,Calm,False,False,Android,7.0.2,M300 RTK,1ZN7L4R0H1D00F,1W9DL31001461C,1ZMLH8300204F0,1Z6PH74DAP0QN7,"Corona, CA",728.3,5.7,137.7,8.547347,2.013246,0,0,DJI Matrice 300 RTK,M300 RTK,1ZN7L4R0H1D00F,1W9DL31001461C,1ZMLH8300204F0,1Z6PH74DAP0QN7,DJI Pilot,Android,7.0.2,1EF72A62-B7C3-C88D-164E-CE6F8C8424AE,1ZN7L4R0H1D00F,1W9DL31001461C,,1ZMLH8300204F0,1W9DL31001461C,,,,,
2023-11-01,11:25:19.18 AM,0m 56.8s,56.8,33.8022796484011,-117.4664732323402,28.2,28.2,17.7,1292,261.6,5.10591,5.538403,-4.47388,0,-2.460634,1.342164,-0.223694,0,0.6,-1.5,1.6,-149.8,210.2,208.7,Tripod,Other,,21,5,True,,True,False,,Smart,RC,False,True,False,,,True,,False,False,False,False,False,False,False,False,False,False,0,Follow Yaw,-88.9,0,-157.9,202.1,False,False,False,False,False,,0,0,False,False,No Card,100,100,1024,1321,1210,1024,2,False,False,False,False,False,0,False,False,False,False,97,,47.664,,4836,,4986,,47.664,,True,3.975,3.975,3.975,3.975,3.975,3.975,3.975,3.975,3.975,3.975,3.975,3.975,0,,False,False,True,,,,,,,,,,,,,,,False,False,9.394,,78.8,,75.7,,79.7,,1792,42,2,16,7,146322.2,19509.62,,Idle,,20,,10,,,20,Go Home,False,False,False,False,False,False,False,False,False,False,False,False,33.8027920380556,-117.4659261431046,249.8,2972.0,1049.4,396.9,True,1,1,False,False,False,False,,True,False,False,Course Lock,196.8,67,16.4,93,E,SW,6.71,6.93,Calm,False,False,Android,7.0.2,M300 RTK,1ZN7L4R0H1D00F,1W9DL31001461C,1ZMLH8300204F0,1Z6PH74DAP0QN7,"Corona, CA",728.3,5.7,137.7,8.547347,2.013246,0,0,DJI Matrice 300 RTK,M300 RTK,1ZN7L4R0H1D00F,1W9DL31001461C,1ZMLH8300204F0,1Z6PH74DAP0QN7,DJI Pilot,Android,7.0.2,1EF72A62-B7C3-C88D-164E-CE6F8C8424AE,1ZN7L4R0H1D00F,1W9DL31001461C,,1ZMLH8300204F0,1W9DL31001461C,,,,,
2023-11-01,11:25:19.24 AM,0m 56.9s,56.9,33.8022775715984,-117.46647430572,28.2,28.2,17.7,1292,262.4,5.10591,5.538403,-4.47388,0,-2.460634,1.342164,-0.223694,0,0.6,-1.3,1.4,-149.8,210.2,203.2,Tripod,Other,,21,5,True,,True,False,,Smart,RC,False,True,False,,,True,,False,False,False,False,False,False,False,False,False,False,0,Follow Yaw,-88.9,0,-157.9,202.1,False,False,False,False,False,,0,0,False,False,No Card,100,100,1024,1322,1209,1024,2,False,False,False,False,False,0,False,False,False,False,97,,47.664,,4836,,4986,,47.664,,True,3.975,3.975,3.975,3.975,3.975,3.975,3.975,3.975,3.975,3.975,3.975,3.975,0,,False,False,True,,,,,,,,,,,,,,,False,False,9.394,,78.8,,75.7,,79.7,,1792,42,2,16,7,146322.2,19509.62,,Idle,,20,,10,,,20,Go Home,False,False,False,False,False,False,False,False,False,False,False,False,33.8027920380556,-117.4659261431046,250.6,2972.0,1049.4,396.9,True,1,1,False,False,False,False,,True,False,False,Course Lock,196.8,67,16.4,93,E,SW,6.71,6.93,Calm,False,False,Android,7.0.2,M300 RTK,1ZN7L4R0H1D00F,1W9DL31001461C,1ZMLH8300204F0,1Z6PH74DAP0QN7,"Corona, CA",728.3,5.7,137.7,8.547347,2.013246,0,0,DJI Matrice 300 RTK,M300 RTK,1ZN7L4R0H1D00F,1W9DL31001461C,1ZMLH8300204F0,1Z6PH74DAP0QN7,DJI Pilot,Android,7.0.2,1EF72A62-B7C3-C88D-164E-CE6F8C8424AE,1ZN7L4R0H1D00F,1W9DL31001461C,,1ZMLH8300204F0,1W9DL31001461C,,,,,
2023-11-01,11:25:19.34 AM,0m 57.0s,57.0,33.8022756537906,-117.4664755473309,28.2,28.2,17.7,1292,263.2,5.10591,5.538403,-4.47388,0,-2.460634,1.342164,-0.223694,0,0.5,-1.2,1.3,-149.8,210.2,208.2,Tripod,Other,,21,5,True,,True,False,,Smart,RC,False,True,False,,,True,,False,False,False,False,False,False,False,False,False,False,0,Follow Yaw,-88.9,0,-157.9,202.1,False,False,False,False,False,,0,0,False,False,No Card,100,100,1024,1322,1209,1024,2,False,False,False,False,False,0,False,False,False,False,97,,47.7,,9742,,10044,,47.7,,True,3.975,3.975,3.975,3.975,3.975,3.975,3.975,3.975,3.975,3.975,3.975,3.975,0,,False,False,True,,,,,,,,,,,,,,,False,False,19.264,,79.7,,75.7,,79.7,,1792,42,2,16,7,146322.2,19509.62,,Idle,,20,,10,,,20,Go Home,False,False,False,False,False,False,False,False,False,False,False,False,33.8027920380556,-117.4659261431046,251.4,2972.0,1049.4,396.9,True,1,1,False,False,False,False,,True,False,False,Course Lock,196.8,67,16.4,93,E,SW,6.71,6.93,Calm,False,False,Android,7.0.2,M300 RTK,1ZN7L4R0H1D00F,1W9DL31001461C,1ZMLH8300204F0,1Z6PH74DAP0QN7,"Corona, CA",728.3,5.7,137.7,8.547347,2.013246,0,0,DJI Matrice 300 RTK,M300 RTK,1ZN7L4R0H1D00F,1W9DL31001461C,1ZMLH8300204F0,1Z6PH74DAP0QN7,DJI Pilot,Android,7.0.2,1EF72A62-B7C3-C88D-164E-CE6F8C8424AE,1ZN7L4R0H1D00F,1W9DL31001461C,,1ZMLH8300204F0,1W9DL31001461C,,,,,
2023-11-01,11:25:19.44 AM,0m 57.1s,57.1,33.8022738374107,-117.4664768021364,28.2,28.2,17.7,1292,264.0,5.10591,5.538403,-4.47388,0,-2.460634,1.342164,-0.223694,0,0.4,-1.1,1.1,-149.8,210.2,209.8,Tripod,Other,,21,5,True,,True,False,,Smart,RC,False,True,False,,,True,,False,False,False,False,False,False,False,False,False,False,0,Follow Yaw,-88.9,0,-157.9,202.1,False,False,False,False,False,,0,0,False,False,No Card,100,100,1024,1322,1210,1024,2,False,False,False,False,False,0,False,False,False,False,97,,47.7,,9742,,10044,,47.7,,True,3.975,3.975,3.975,3.975,3.975,3.975,3.975,3.975,3.975,3.975,3.975,3.975,0,,False,False,True,,,,,,,,,,,,,,,False,False,19.264,,79.7,,75.7,,79.7,,1792,42,2,16,7,146322.2,19509.62,,Idle,,20,,10,,,20,Go Home,False,False,False,False,False,False,False,False,False,False,False,False,33.8027920380556,-117.4659261431046,252.1,2972.0,1049.4,396.9,True,1,1,False,False,False,False,,True,False,False,Course Lock,196.8,67,16.4,93,E,SW,6.93,6.93,Calm,False,False,Android,7.0.2,M300 RTK,1ZN7L4R0H1D00F,1W9DL31001461C,1ZMLH8300204F0,1Z6PH74DAP0QN7,"Corona, CA",728.3,5.7,137.7,8.547347,2.013246,0,0,DJI Matrice 300 RTK,M300 RTK,1ZN7L4R0H1D00F,1W9DL31001461C,1ZMLH8300204F0,1Z6PH74DAP0QN7,DJI Pilot,Android,7.0.2,1EF72A62-B7C3-C88D-164E-CE6F8C8424AE,1ZN7L4R0H1D00F,1W9DL31001461C,,1ZMLH8300204F0,1W9DL31001461C,,,,,
2023-11-01,11:25:19.54 AM,0m 57.2s,57.2,33.8022719289233,-117.4664780556224,28.5,28.5,17.7,1292,264.8,5.10591,5.538403,-4.47388,0,-2.460634,1.342164,-0.223694,0,0.4,-1.3,1.3,-149.9,210.1,208.6,Tripod,Other,,21,5,True,,True,False,,Smart,RC,False,True,False,,,True,,False,False,False,False,False,False,False,False,False,False,0,Follow Yaw,-88.9,0,-157.9,202.1,False,False,False,False,False,,0,0,False,False,No Card,100,100,1024,1323,1208,1024,2,False,False,False,False,False,0,False,False,False,False,97,,47.7,,9742,,10044,,47.7,,True,3.975,3.975,3.975,3.975,3.975,3.975,3.975,3.975,3.975,3.975,3.975,3.975,0,,False,False,True,,,,,,,,,,,,,,,False,False,19.264,,79.7,,75.7,,79.7,,1792,42,2,16,7,146322.2,19509.62,,Idle,,20,,10,,,20,Go Home,False,False,False,False,False,False,False,False,False,False,False,False,33.8027920380556,-117.4659261431046,252.9,2972.0,1049.4,396.9,True,1,1,False,False,False,False,,True,False,False,Course Lock,196.8,67,16.4,93,E,SW,6.93,6.93,Calm,False,False,Android,7.0.2,M300 RTK,1ZN7L4R0H1D00F,1W9DL31001461C,1ZMLH8300204F0,1Z6PH74DAP0QN7,"Corona, CA",728.3,5.7,137.7,8.547347,2.013246,0,0,DJI Matrice 300 RTK,M300 RTK,1ZN7L4R0H1D00F,1W9DL31001461C,1ZMLH8300204F0,1Z6PH74DAP0QN7,DJI Pilot,Android,7.0.2,1EF72A62-B7C3-C88D-164E-CE6F8C8424AE,1ZN7L4R0H1D00F,1W9DL31001461C,,1ZMLH8300204F0,1W9DL31001461C,,,,,
2023-11-01,11:25:19.64 AM,0m 57.3s,57.3,33.8022698926918,-117.466479165947,28.5,28.5,17.7,1292,265.6,5.10591,5.538403,-4.47388,0,-2.460634,1.342164,-0.223694,0,0.4,-1.5,1.5,-149.9,210.1,204.3,Tripod,Other,,21,5,True,,True,False,,Smart,RC,False,True,False,,,True,,False,False,False,False,False,False,False,False,False,False,0,Follow Yaw,-88.9,0,-157.9,202.1,False,False,False,False,False,,0,0,False,False,No Card,100,100,1024,1324,1206,1024,2,False,False,False,False,False,0,False,False,False,False,97,,47.7,,9742,,10044,,47.7,,True,3.976,3.976,3.976,3.976,3.976,3.976,3.976,3.976,3.976,3.976,3.976,3.976,0,,False,False,True,,,,,,,,,,,,,,,False,False,19.264,,79.7,,75.7,,79.7,,1793,42,2,16,7,145927.0,19456.94,,Idle,,20,,10,,,20,Go Home,False,False,False,False,False,False,False,False,False,False,False,False,33.8027920380556,-117.4659261431046,253.7,2972.0,1049.4,396.9,True,1,1,False,False,False,False,,True,False,False,Course Lock,196.8,67,16.4,93,E,SW,6.93,6.93,Calm,False,False,Android,7.0.2,M300 RTK,1ZN7L4R0H1D00F,1W9DL31001461C,1ZMLH8300204F0,1Z6PH74DAP0QN7,"Corona, CA",728.3,5.7,137.7,8.547347,2.013246,0,0,DJI Matrice 300 RTK,M300 RTK,1ZN7L4R0H1D00F,1W9DL31001461C,1ZMLH8300204F0,1Z6PH74DAP0QN7,DJI Pilot,Android,7.0.2,1EF72A62-B7C3-C88D-164E-CE6F8C8424AE,1ZN7L4R0H1D00F,1W9DL31001461C,,1ZMLH8300204F0,1W9DL31001461C,,,,,
2023-11-01,11:25:19.74 AM,0m 57.4s,57.4,33.8022679737875,-117.466480412176,28.5,28.5,17.7,1292,266.4,5.10591,5.538403,-4.47388,0,-2.460634,1.342164,-0.223694,0,0.6,-1.4,1.5,-149.9,210.1,208.3,Tripod,Other,,21,5,True,,True,False,,Smart,RC,False,True,False,,,True,,False,False,False,False,False,False,False,False,False,False,0,Follow Yaw,-88.9,0,-157.9,202.1,False,False,False,False,False,,0,0,False,False,No Card,100,100,1024,1328,1203,1024,2,False,False,False,False,False,0,False,False,False,False,97,,47.7,,9742,,10044,,47.7,,True,3.976,3.976,3.976,3.976,3.976,3.976,3.976,3.976,3.976,3.976,3.976,3.976,0,,False,False,True,,,,,,,,,,,,,,,False,False,19.264,,79.7,,75.7,,79.7,,1793,42,2,16,7,145927.0,19456.94,,Idle,,20,,10,,,20,Go Home,False,False,False,False,False,False,False,False,False,False,False,False,33.8027920380556,-117.4659261431046,254.5,2972.0,1049.4,396.9,True,1,1,False,False,False,False,,True,False,False,Course Lock,196.8,67,16.4,93,E,SW,6.93,6.93,Calm,False,False,Android,7.0.2,M300 RTK,1ZN7L4R0H1D00F,1W9DL31001461C,1ZMLH8300204F0,1Z6PH74DAP0QN7,"Corona, CA",728.3,5.7,137.7,8.547347,2.013246,0,0,DJI Matrice 300 RTK,M300 RTK,1ZN7L4R0H1D00F,1W9DL31001461C,1ZMLH8300204F0,1Z6PH74DAP0QN7,DJI Pilot,Android,7.0.2,1EF72A62-B7C3-C88D-164E-CE6F8C8424AE,1ZN7L4R0H1D00F,1W9DL31001461C,,1ZMLH8300204F0,1W9DL31001461C,,,,,
2023-11-01,11:25:19.84 AM,0m 57.5s,57.5,33.8022661075161,-117.466481546251,28.5,28.5,17.7,1292,267.2,5.10591,5.538403,-4.47388,0,-2.460634,1.342164,-0.223694,0,0.6,-1.1,1.2,-149.9,210.1,206.7,Tripod,Other,,21,5,True,,True,False,,Smart,RC,False,True,False,,,True,,False,False,False,False,False,False,False,False,False,False,0,Follow Yaw,-88.9,0,-157.9,202.1,False,False,False,False,False,,0,0,False,False,No Card,100,100,1024,1325,1206,1024,2,False,False,False,False,False,0,False,False,False,False,97,,47.7,,9742,,10044,,47.7,,True,3.976,3.976,3.976,3.976,3.976,3.976,3.976,3.976,3.976,3.976,3.976,3.976,0,,False,False,True,,,,,,,,,,,,,,,False,False,19.264,,79.7,,75.7,,79.7,,1793,42,2,16,7,145927.0,19456.94,,Idle,,20,,10,,,20,Go Home,False,False,False,False,False,False,False,False,False,False,False,False,33.8027920380556,-117.4659261431046,255.2,2972.0,1049.4,396.9,True,1,1,False,False,False,False,,True,False,False,Course Lock,196.8,67,16.4,93,E,SW,6.93,6.93,Calm,False,False,Android,7.0.2,M300 RTK,1ZN7L4R0H1D00F,1W9DL31001461C,1ZMLH8300204F0,1Z6PH74DAP0QN7,"Corona, CA",728.3,5.7,137.7,8.547347,2.013246,0,0,DJI Matrice 300 RTK,M300 RTK,1ZN7L4R0H1D00F,1W9DL31001461C,1ZMLH8300204F0,1Z6PH74DAP0QN7,DJI Pilot,Android,7.0.2,1EF72A62-B7C3-C88D-164E-CE6F8C8424AE,1ZN7L4R0H1D00F,1W9DL31001461C,,1ZMLH8300204F0,1W9DL31001461C,,,,,
2023-11-01,11:25:19.94 AM,0m 57.6s,57.6,33.8022641886118,-117.4664827865424,28.5,28.5,18.0,1292,268.0,5.10591,5.538403,-4.47388,0,-2.460634,1.342164,-0.223694,0,0.5,-1,1.1,-149.9,210.1,208.2,Tripod,Other,,21,5,True,,True,False,,Smart,RC,False,True,False,,,True,,False,False,False,False,False,False,False,False,False,False,0,Follow Yaw,-88.9,0,-157.9,202.1,False,False,False,False,False,,0,0,False,False,No Card,100,100,1024,1324,1206,1024,2,False,False,False,False,False,0,False,False,False,False,97,,47.7,,9742,,10044,,47.7,,True,3.976,3.976,3.976,3.976,3.976,3.976,3.976,3.976,3.976,3.976,3.976,3.976,0,,False,False,True,,,,,,,,,,,,,,,False,False,19.264,,79.7,,75.7,,79.7,,1793,42,2,16,7,145927.0,19456.94,,Idle,,20,,10,,,20,Go Home,False,False,False,False,False,False,False,False,False,False,False,False,33.8027920380556,-117.4659261431046,256.0,2972.0,1049.4,396.9,True,1,1,False,False,False,False,,True,False,False,Course Lock,196.8,67,16.4,93,E,SW,6.93,6.93,Calm,False,False,Android,7.0.2,M300 RTK,1ZN7L4R0H1D00F,1W9DL31001461C,1ZMLH8300204F0,1Z6PH74DAP0QN7,"Corona, CA",728.3,5.7,137.7,8.547347,2.013246,0,0,DJI Matrice 300 RTK,M300 RTK,1ZN7L4R0H1D00F,1W9DL31001461C,1ZMLH8300204F0,1Z6PH74DAP0QN7,DJI Pilot,Android,7.0.2,1EF72A62-B7C3-C88D-164E-CE6F8C8424AE,1ZN7L4R0H1D00F,1W9DL31001461C,,1ZMLH8300204F0,1W9DL31001461C,,,,,
2023-11-01,11:25:20.04 AM,0m 57.7s,57.7,33.8022623102786,-117.4664840789524,28.5,28.5,18.0,1292,268.7,5.10591,5.538403,-4.47388,0,-2.460634,1.342164,-0.223694,0,0.5,-1,1.1,-150,210,209.7,Tripod,Other,,21,5,True,,True,False,,Smart,RC,False,True,False,,,True,,False,False,False,False,False,False,False,False,False,False,0,Follow Yaw,-88.9,0,-157.9,202.1,False,False,False,False,False,,0,0,False,False,No Card,100,100,1024,1326,1206,1024,2,False,False,False,False,False,0,False,False,False,False,97,,47.7,,9742,,10044,,47.7,,True,3.976,3.976,3.976,3.976,3.976,3.976,3.976,3.976,3.976,3.976,3.976,3.976,0,,False,False,True,,,,,,,,,,,,,,,False,False,19.264,,79.7,,75.7,,79.7,,1793,42,2,16,7,145927.0,19456.94,,Idle,,20,,10,,,20,Go Home,False,False,False,False,False,False,False,False,False,False,False,False,33.8027920380556,-117.4659261431046,256.8,2972.0,1049.4,396.9,True,1,1,False,False,False,False,,True,False,False,Course Lock,196.8,67,16.4,93,E,SW,6.93,6.93,Calm,False,False,Android,7.0.2,M300 RTK,1ZN7L4R0H1D00F,1W9DL31001461C,1ZMLH8300204F0,1Z6PH74DAP0QN7,"Corona, CA",728.3,5.7,137.7,8.547347,2.013246,0,0,DJI Matrice 300 RTK,M300 RTK,1ZN7L4R0H1D00F,1W9DL31001461C,1ZMLH8300204F0,1Z6PH74DAP0QN7,DJI Pilot,Android,7.0.2,1EF72A62-B7C3-C88D-164E-CE6F8C8424AE,1ZN7L4R0H1D00F,1W9DL31001461C,,1ZMLH8300204F0,1W9DL31001461C,,,,,
2023-11-01,11:25:20.14 AM,0m 57.8s,57.8,33.8022603880848,-117.4664853410149,28.5,28.5,18.0,1292,269.5,5.10591,5.538403,-4.47388,0,-2.460634,1.342164,-0.223694,0,0.6,-1.1,1.2,-150,210,208.6,Tripod,Other,,21,5,True,,True,False,,Smart,RC,False,True,False,,,True,,False,False,False,False,False,False,False,False,False,False,0,Follow Yaw,-88.9,0,-157.9,202.1,False,False,False,False,False,,0,0,False,False,No Card,100,100,1024,1328,1206,1024,2,False,False,False,False,False,0,False,False,False,False,97,,47.7,,9742,,10044,,47.7,,True,3.976,3.976,3.976,3.976,3.976,3.976,3.976,3.976,3.976,3.976,3.976,3.976,0,,False,False,True,,,,,,,,,,,,,,,False,False,19.264,,79.7,,75.7,,79.7,,1793,42,2,16,7,145927.0,19456.94,,Idle,,20,,10,,,20,Go Home,False,False,False,False,False,False,False,False,False,False,False,False,33.8027920380556,-117.4659261431046,257.5,2972.0,1049.4,396.9,True,1,1,False,False,False,False,,True,False,False,Course Lock,196.8,67,16.4,93,E,SW,6.93,6.93,Calm,False,False,Android,7.0.2,M300 RTK,1ZN7L4R0H1D00F,1W9DL31001461C,1ZMLH8300204F0,1Z6PH74DAP0QN7,"Corona, CA",728.3,5.7,137.7,8.547347,2.013246,0,0,DJI Matrice 300 RTK,M300 RTK,1ZN7L4R0H1D00F,1W9DL31001461C,1ZMLH8300204F0,1Z6PH74DAP0QN7,DJI Pilot,Android,7.0.2,1EF72A62-B7C3-C88D-164E-CE6F8C8424AE,1ZN7L4R0H1D00F,1W9DL31001461C,,1ZMLH8300204F0,1W9DL31001461C,,,,,
2023-11-01,11:25:20.24 AM,0m 57.9s,57.9,33.8022585399059,-117.4664866373833,28.8,28.8,18.0,1293,270.3,5.10591,5.538403,-4.47388,0,-2.460634,1.342164,-0.223694,0,0.7,-1.2,1.3,-150,210,210.2,Tripod,Other,,21,5,True,,True,False,,Smart,RC,False,True,False,,,True,,False,False,False,False,False,False,False,False,False,False,0,Follow Yaw,-88.9,0,-157.9,202.1,False,False,False,False,False,,0,0,False,False,No Card,100,100,1024,1329,1204,1024,2,False,False,False,False,False,0,False,False,False,False,97,,47.7,,9742,,10044,,47.7,,True,3.976,3.976,3.976,3.976,3.976,3.976,3.976,3.976,3.976,3.976,3.976,3.976,0,,False,False,True,,,,,,,,,,,,,,,False,False,19.264,,79.7,,75.7,,79.7,,1793,42,2,16,7,145927.0,19456.94,,Idle,,20,,10,,,20,Go Home,False,False,False,False,False,False,False,False,False,False,False,False,33.8027920380556,-117.4659261431046,258.3,2972.0,1049.4,396.9,True,1,1,False,False,False,False,,True,False,False,Course Lock,196.8,67,16.4,93,E,SW,6.93,6.93,Calm,False,False,Android,7.0.2,M300 RTK,1ZN7L4R0H1D00F,1W9DL31001461C,1ZMLH8300204F0,1Z6PH74DAP0QN7,"Corona, CA",728.3,5.7,137.7,8.547347,2.013246,0,0,DJI Matrice 300 RTK,M300 RTK,1ZN7L4R0H1D00F,1W9DL31001461C,1ZMLH8300204F0,1Z6PH74DAP0QN7,DJI Pilot,Android,7.0.2,1EF72A62-B7C3-C88D-164E-CE6F8C8424AE,1ZN7L4R0H1D00F,1W9DL31001461C,,1ZMLH8300204F0,1W9DL31001461C,,,,,
2023-11-01,11:25:20.34 AM,0m 58.0s,58.0,33.8022566248394,-117.4664879172584,28.8,28.8,18.0,1293,271.1,5.10591,5.538403,-4.47388,0,-2.460634,1.342164,-0.223694,0,0.8,-1.2,1.4,-149.9,210.1,209.0,Tripod,Other,,21,5,True,,True,False,,Smart,RC,False,True,False,,,True,,False,False,False,False,False,False,False,False,False,False,0,Follow Yaw,-88.9,0,-157.9,202.1,False,False,False,False,False,,0,0,False,False,No Card,100,100,1024,1330,1203,1024,2,False,False,False,False,False,0,False,False,False,False,97,,47.652,,9742,,10044,,47.652,,True,3.976,3.976,3.976,3.976,3.976,3.976,3.976,3.976,3.976,3.976,3.976,3.976,0,,False,False,True,,,,,,,,,,,,,,,False,False,19.136,,79.8,,75.7,,79.8,,1793,42,2,16,7,145927.0,19456.94,,Idle,,20,,10,,,20,Go Home,False,False,False,False,False,False,False,False,False,False,False,False,33.8027920380556,-117.4659261431046,259.1,2972.0,1049.4,396.9,True,1,1,False,False,False,False,,True,False,False,Course Lock,196.8,67,16.4,93,E,SW,6.93,6.93,Calm,False,False,Android,7.0.2,M300 RTK,1ZN7L4R0H1D00F,1W9DL31001461C,1ZMLH8300204F0,1Z6PH74DAP0QN7,"Corona, CA",728.3,5.7,137.7,8.547347,2.013246,0,0,DJI Matrice 300 RTK,M300 RTK,1ZN7L4R0H1D00F,1W9DL31001461C,1ZMLH8300204F0,1Z6PH74DAP0QN7,DJI Pilot,Android,7.0.2,1EF72A62-B7C3-C88D-164E-CE6F8C8424AE,1ZN7L4R0H1D00F,1W9DL31001461C,,1ZMLH8300204F0,1W9DL31001461C,,,,,
2023-11-01,11:25:20.42 AM,0m 58.1s,58.1,33.8022547377342,-117.466489354809,28.8,28.8,18.0,1293,271.9,5.10591,5.538403,-4.47388,0,-2.460634,1.342164,-0.223694,0,0.6,-1.1,1.2,-149.9,210.1,212.3,Tripod,Other,,21,5,True,,True,False,,Smart,RC,False,True,False,,,True,,False,False,False,False,False,False,False,False,False,False,0,Follow Yaw,-88.9,0,-157.9,202.1,False,False,False,False,False,,0,0,False,False,No Card,100,100,1024,1329,1203,1024,2,False,False,False,False,False,0,False,False,False,False,97,,47.652,,9742,,10044,,47.652,,True,3.976,3.976,3.976,3.976,3.976,3.976,3.976,3.976,3.976,3.976,3.976,3.976,0,,False,False,True,,,,,,,,,,,,,,,False,False,19.136,,79.8,,75.7,,79.8,,1793,42,2,16,7,145927.0,19456.94,,Idle,,20,,10,,,20,Go Home,False,False,False,False,False,False,False,False,False,False,False,False,33.8027920380556,-117.4659261431046,259.9,2972.0,1049.4,396.9,True,1,1,False,False,False,False,,True,False,False,Course Lock,196.8,67,16.4,93,E,SW,6.93,6.93,Calm,False,False,Android,7.0.2,M300 RTK,1ZN7L4R0H1D00F,1W9DL31001461C,1ZMLH8300204F0,1Z6PH74DAP0QN7,"Corona, CA",728.3,5.7,137.7,8.547347,2.013246,0,0,DJI Matrice 300 RTK,M300 RTK,1ZN7L4R0H1D00F,1W9DL31001461C,1ZMLH8300204F0,1Z6PH74DAP0QN7,DJI Pilot,Android,7.0.2,1EF72A62-B7C3-C88D-164E-CE6F8C8424AE,1ZN7L4R0H1D00F,1W9DL31001461C,,1ZMLH8300204F0,1W9DL31001461C,,,,,
2023-11-01,11:25:20.53 AM,0m 58.2s,58.2,33.8022528199264,-117.4664906478787,28.8,28.8,18.0,1293,272.7,5.10591,5.538403,-4.47388,0,-2.460634,1.342164,-0.223694,0,0.4,-1.1,1.1,-149.8,210.2,209.2,Tripod,Other,,21,5,True,,True,False,,Smart,RC,False,True,False,,,True,,False,False,False,False,False,False,False,False,False,False,0,Follow Yaw,-88.9,0,-157.9,202.1,False,False,False,False,False,,0,0,False,False,No Card,100,100,1024,1327,1205,1024,2,False,False,False,False,False,0,False,False,False,False,97,,47.652,,9742,,10044,,47.652,,True,3.976,3.976,3.976,3.976,3.976,3.976,3.976,3.976,3.976,3.976,3.976,3.976,0,,False,False,True,,,,,,,,,,,,,,,False,False,19.136,,79.8,,75.7,,79.8,,1793,42,2,16,7,145927.0,19456.94,,Idle,,20,,10,,,20,Go Home,False,False,False,False,False,False,False,False,False,False,False,False,33.8027920380556,-117.4659261431046,260.7,2972.0,1049.4,396.9,True,1,1,False,False,False,False,,True,False,False,Course Lock,196.8,67,16.4,93,E,SW,6.93,6.93,Calm,False,False,Android,7.0.2,M300 RTK,1ZN7L4R0H1D00F,1W9DL31001461C,1ZMLH8300204F0,1Z6PH74DAP0QN7,"Corona, CA",728.3,5.7,137.7,8.547347,2.013246,0,0,DJI Matrice 300 RTK,M300 RTK,1ZN7L4R0H1D00F,1W9DL31001461C,1ZMLH8300204F0,1Z6PH74DAP0QN7,DJI Pilot,Android,7.0.2,1EF72A62-B7C3-C88D-164E-CE6F8C8424AE,1ZN7L4R0H1D00F,1W9DL31001461C,,1ZMLH8300204F0,1W9DL31001461C,,,,,
2023-11-01,11:25:20.64 AM,0m 58.3s,58.3,33.8022507716332,-117.4664916955291,28.8,28.8,17.7,1293,273.6,5.10591,5.538403,-4.47388,0,-2.460634,1.342164,-0.223694,0,0.3,-1.2,1.2,-149.7,210.3,203.0,Tripod,Other,,21,5,True,,True,False,,Smart,RC,False,True,False,,,True,,False,False,False,False,False,False,False,False,False,False,0,Follow Yaw,-88.9,0,-157.9,202.1,False,False,False,False,False,,0,0,False,False,No Card,100,100,1024,1327,1205,1024,2,False,False,False,False,False,0,False,False,False,False,97,,47.652,,9742,,10044,,47.652,,True,3.97,3.97,3.97,3.97,3.97,3.97,3.97,3.97,3.97,3.97,3.97,3.97,0,,False,False,True,,,,,,,,,,,,,,,False,False,19.136,,79.8,,75.7,,79.8,,1794,42,2,16,7,145540.8,19405.44,,Idle,,20,,10,,,20,Go Home,False,False,False,False,False,False,False,False,False,False,False,False,33.8027920380556,-117.4659261431046,261.5,2972.0,1049.4,396.9,True,1,1,False,False,False,False,,True,False,False,Course Lock,196.8,67,16.4,93,E,SW,6.93,6.93,Calm,False,False,Android,7.0.2,M300 RTK,1ZN7L4R0H1D00F,1W9DL31001461C,1ZMLH8300204F0,1Z6PH74DAP0QN7,"Corona, CA",728.3,5.7,137.7,8.547347,2.013246,0,0,DJI Matrice 300 RTK,M300 RTK,1ZN7L4R0H1D00F,1W9DL31001461C,1ZMLH8300204F0,1Z6PH74DAP0QN7,DJI Pilot,Android,7.0.2,1EF72A62-B7C3-C88D-164E-CE6F8C8424AE,1ZN7L4R0H1D00F,1W9DL31001461C,,1ZMLH8300204F0,1W9DL31001461C,,,,,
2023-11-01,11:25:20.73 AM,0m 58.4s,58.4,33.8022488412155,-117.4664929787029,28.8,28.8,17.7,1293,274.4,5.30301,5.538403,-4.697574,0,-2.460634,1.342164,-0.223694,0,0.4,-1.6,1.6,-149.7,210.3,208.9,Tripod,Other,,21,5,True,,True,False,,Smart,RC,False,True,False,,,True,,False,False,False,False,False,False,False,False,False,False,0,Follow Yaw,-88.9,0,-157.9,202.1,False,False,False,False,False,,0,0,False,False,No Card,100,100,1024,1326,1205,1024,2,False,False,False,False,False,0,False,False,False,False,97,,47.652,,9742,,10044,,47.652,,True,3.97,3.97,3.97,3.97,3.97,3.97,3.97,3.97,3.97,3.97,3.97,3.97,0,,False,False,True,,,,,,,,,,,,,,,False,False,19.136,,79.8,,75.7,,79.8,,1794,42,2,16,7,145540.8,19405.44,,Idle,,20,,10,,,20,Go Home,False,False,False,False,False,False,False,False,False,False,False,False,33.8027920380556,-117.4659261431046,262.2,2972.0,1049.4,396.9,True,1,1,False,False,False,False,,True,False,False,Course Lock,196.8,67,16.4,93,E,SW,6.93,6.93,Calm,False,False,Android,7.0.2,M300 RTK,1ZN7L4R0H1D00F,1W9DL31001461C,1ZMLH8300204F0,1Z6PH74DAP0QN7,"Corona, CA",728.3,5.7,137.7,8.547347,2.013246,0,0,DJI Matrice 300 RTK,M300 RTK,1ZN7L4R0H1D00F,1W9DL31001461C,1ZMLH8300204F0,1Z6PH74DAP0QN7,DJI Pilot,Android,7.0.2,1EF72A62-B7C3-C88D-164E-CE6F8C8424AE,1ZN7L4R0H1D00F,1W9DL31001461C,,1ZMLH8300204F0,1W9DL31001461C,,,,,
2023-11-01,11:25:20.84 AM,0m 58.5s,58.5,33.8022469689132,-117.4664942117373,28.8,28.8,18.0,1293,275.1,5.30301,5.538403,-4.697574,0,-2.460634,1.342164,-0.223694,0,0.7,-1.8,1.9,-149.7,210.3,208.6,Tripod,Other,,21,5,True,,True,False,,Smart,RC,False,True,False,,,True,,False,False,False,False,False,False,False,False,False,False,0,Follow Yaw,-88.9,0,-157.9,202.1,False,False,False,False,False,,0,0,False,False,No Card,100,100,1024,1325,1205,1024,2,False,False,False,False,False,0,False,False,False,False,97,,47.652,,9742,,10044,,47.652,,True,3.97,3.97,3.97,3.97,3.97,3.97,3.97,3.97,3.97,3.97,3.97,3.97,0,,False,False,True,,,,,,,,,,,,,,,False,False,19.136,,79.8,,75.7,,79.8,,1794,42,2,16,7,145540.8,19405.44,,Idle,,20,,10,,,20,Go Home,False,False,False,False,False,False,False,False,False,False,False,False,33.8027920380556,-117.4659261431046,263.0,2972.0,1049.4,396.9,True,1,1,False,False,False,False,,True,False,False,Course Lock,196.8,67,16.4,93,E,SW,6.93,6.93,Calm,False,False,Android,7.0.2,M300 RTK,1ZN7L4R0H1D00F,1W9DL31001461C,1ZMLH8300204F0,1Z6PH74DAP0QN7,"Corona, CA",728.3,5.7,137.7,8.547347,2.013246,0,0,DJI Matrice 300 RTK,M300 RTK,1ZN7L4R0H1D00F,1W9DL31001461C,1ZMLH8300204F0,1Z6PH74DAP0QN7,DJI Pilot,Android,7.0.2,1EF72A62-B7C3-C88D-164E-CE6F8C8424AE,1ZN7L4R0H1D00F,1W9DL31001461C,,1ZMLH8300204F0,1W9DL31001461C,,,,,
2023-11-01,11:25:20.94 AM,0m 58.6s,58.6,33.8022450346577,-117.4664954784178,28.8,28.8,18.0,1293,275.9,5.30301,5.538403,-4.697574,0,-2.460634,1.342164,-0.223694,0,1,-1.7,1.9,-149.7,210.3,208.5,Tripod,Other,,21,5,True,,True,False,,Smart,RC,False,True,False,,,True,,False,False,False,False,False,False,False,False,False,False,0,Follow Yaw,-88.9,0,-157.9,202.1,False,False,False,False,False,,0,0,False,False,No Card,100,100,1024,1326,1205,1024,2,False,False,False,False,False,0,False,False,False,False,97,,47.652,,9742,,10044,,47.652,,True,3.97,3.97,3.97,3.97,3.97,3.97,3.97,3.97,3.97,3.97,3.97,3.97,0,,False,False,True,,,,,,,,,,,,,,,False,False,19.136,,79.8,,75.7,,79.8,,1794,42,2,16,7,145540.8,19405.44,,Idle,,20,,10,,,20,Go Home,False,False,False,False,False,False,False,False,False,False,False,False,33.8027920380556,-117.4659261431046,263.8,2972.0,1049.4,396.9,True,1,1,False,False,False,False,,True,False,False,Course Lock,196.8,67,16.4,93,E,SW,6.71,6.93,Calm,False,False,Android,7.0.2,M300 RTK,1ZN7L4R0H1D00F,1W9DL31001461C,1ZMLH8300204F0,1Z6PH74DAP0QN7,"Corona, CA",728.3,5.7,137.7,8.547347,2.013246,0,0,DJI Matrice 300 RTK,M300 RTK,1ZN7L4R0H1D00F,1W9DL31001461C,1ZMLH8300204F0,1Z6PH74DAP0QN7,DJI Pilot,Android,7.0.2,1EF72A62-B7C3-C88D-164E-CE6F8C8424AE,1ZN7L4R0H1D00F,1W9DL31001461C,,1ZMLH8300204F0,1W9DL31001461C,,,,,
2023-11-01,11:25:21.03 AM,0m 58.7s,58.7,33.8022430055535,-117.4664966712086,29.1,29.1,18.0,1293,276.8,5.30301,5.538403,-4.697574,0,-2.460634,1.342164,-0.223694,0,1.2,-1.4,1.8,-149.7,210.3,206.0,Tripod,Other,,21,5,True,,True,False,,Smart,RC,False,True,False,,,True,,False,False,False,False,False,False,False,False,False,False,0,Follow Yaw,-88.9,0,-157.9,202.1,False,False,False,False,False,,0,0,False,False,No Card,100,100,1024,1328,1204,1024,2,False,False,False,False,False,0,False,False,False,False,97,,47.652,,9742,,10044,,47.652,,True,3.97,3.97,3.97,3.97,3.97,3.97,3.97,3.97,3.97,3.97,3.97,3.97,0,,False,False,True,,,,,,,,,,,,,,,False,False,19.136,,79.8,,75.7,,79.8,,1794,42,2,16,7,145540.8,19405.44,,Idle,,20,,10,,,20,Go Home,False,False,False,False,False,False,False,False,False,False,False,False,33.8027920380556,-117.4659261431046,264.6,2972.0,1049.4,396.9,True,1,1,False,False,False,False,,True,False,False,Course Lock,196.8,67,16.4,93,E,SW,6.71,6.93,Calm,False,False,Android,7.0.2,M300 RTK,1ZN7L4R0H1D00F,1W9DL31001461C,1ZMLH8300204F0,1Z6PH74DAP0QN7,"Corona, CA",728.3,5.7,137.7,8.547347,2.013246,0,0,DJI Matrice 300 RTK,M300 RTK,1ZN7L4R0H1D00F,1W9DL31001461C,1ZMLH8300204F0,1Z6PH74DAP0QN7,DJI Pilot,Android,7.0.2,1EF72A62-B7C3-C88D-164E-CE6F8C8424AE,1ZN7L4R0H1D00F,1W9DL31001461C,,1ZMLH8300204F0,1W9DL31001461C,,,,,
2023-11-01,11:25:21.14 AM,0m 58.8s,58.8,33.8022410718463,-117.4664979128195,29.1,29.1,18.0,1293,277.6,5.10591,5.538403,-4.47388,0,-2.460634,1.342164,-0.223694,0,1.2,-1.2,1.6,-149.8,210.2,208.0,Tripod,Other,,21,5,True,,True,False,,Smart,RC,False,True,False,,,True,,False,False,False,False,False,False,False,False,False,False,0,Follow Yaw,-88.9,0,-157.9,202.1,False,False,False,False,False,,0,0,False,False,No Card,100,100,1024,1330,1201,1024,2,False,False,False,False,False,0,False,False,False,False,97,,47.652,,9742,,10044,,47.652,,True,3.97,3.97,3.97,3.97,3.97,3.97,3.97,3.97,3.97,3.97,3.97,3.97,0,,False,False,True,,,,,,,,,,,,,,,False,False,19.136,,79.8,,75.7,,79.8,,1794,42,2,16,7,145540.8,19405.44,,Idle,,20,,10,,,20,Go Home,False,False,False,False,False,False,False,False,False,False,False,False,33.8027920380556,-117.4659261431046,265.4,2972.0,1049.4,396.9,True,1,1,False,False,False,False,,True,False,False,Course Lock,196.8,67,16.4,93,E,SW,6.71,6.93,Calm,False,False,Android,7.0.2,M300 RTK,1ZN7L4R0H1D00F,1W9DL31001461C,1ZMLH8300204F0,1Z6PH74DAP0QN7,"Corona, CA",728.3,5.7,137.7,8.547347,2.013246,0,0,DJI Matrice 300 RTK,M300 RTK,1ZN7L4R0H1D00F,1W9DL31001461C,1ZMLH8300204F0,1Z6PH74DAP0QN7,DJI Pilot,Android,7.0.2,1EF72A62-B7C3-C88D-164E-CE6F8C8424AE,1ZN7L4R0H1D00F,1W9DL31001461C,,1ZMLH8300204F0,1W9DL31001461C,,,,,
2023-11-01,11:25:21.24 AM,0m 58.9s,58.9,33.802239267528,-117.4664992448133,29.1,29.1,17.7,1293,278.3,5.10591,5.538403,-4.47388,0,-2.460634,1.342164,-0.223694,0,1.1,-1.2,1.6,-149.8,210.2,211.5,Tripod,Other,,21,5,True,,True,False,,Smart,RC,False,True,False,,,True,,False,False,False,False,False,False,False,False,False,False,0,Follow Yaw,-88.9,0,-157.9,202.1,False,False,False,False,False,,0,0,False,False,No Card,100,100,1024,1330,1203,1024,2,False,False,False,False,False,0,False,False,False,False,97,,47.652,,9742,,10044,,47.652,,True,3.97,3.97,3.97,3.97,3.97,3.97,3.97,3.97,3.97,3.97,3.97,3.97,0,,False,False,True,,,,,,,,,,,,,,,False,False,19.136,,79.8,,75.7,,79.8,,1794,42,2,16,7,145540.8,19405.44,,Idle,,20,,10,,,20,Go Home,False,False,False,False,False,False,False,False,False,False,False,False,33.8027920380556,-117.4659261431046,266.1,2972.0,1049.4,396.9,True,1,1,False,False,False,False,,True,False,False,Course Lock,196.8,67,16.4,93,E,SW,6.71,6.93,Calm,False,False,Android,7.0.2,M300 RTK,1ZN7L4R0H1D00F,1W9DL31001461C,1ZMLH8300204F0,1Z6PH74DAP0QN7,"Corona, CA",728.3,5.7,137.7,8.547347,2.013246,0,0,DJI Matrice 300 RTK,M300 RTK,1ZN7L4R0H1D00F,1W9DL31001461C,1ZMLH8300204F0,1Z6PH74DAP0QN7,DJI Pilot,Android,7.0.2,1EF72A62-B7C3-C88D-164E-CE6F8C8424AE,1ZN7L4R0H1D00F,1W9DL31001461C,,1ZMLH8300204F0,1W9DL31001461C,,,,,
2023-11-01,11:25:21.34 AM,0m 59.0s,59.0,33.8022373601372,-117.4665004851046,29.1,29.1,18.0,1293,279.1,5.10591,5.538403,-4.47388,0,-2.460634,1.342164,-0.223694,0,0.9,-1.4,1.6,-149.8,210.2,208.3,Tripod,Other,,21,5,True,,True,False,,Smart,RC,False,True,False,,,True,,False,False,False,False,False,False,False,False,False,False,0,Follow Yaw,-88.9,0,-157.9,202.1,False,False,False,False,False,,0,0,False,False,No Card,100,100,1024,1327,1204,1024,2,False,False,False,False,False,0,False,False,False,False,96,,47.676,,9691,,10044,,47.676,,True,3.97,3.97,3.97,3.97,3.97,3.97,3.97,3.97,3.97,3.97,3.97,3.97,0,,False,False,True,,,,,,,,,,,,,,,False,False,19.2,,79.8,,75.7,,79.8,,1794,42,2,16,7,145540.8,19405.44,,Idle,,20,,10,,,20,Go Home,False,False,False,False,False,False,False,False,False,False,False,False,33.8027920380556,-117.4659261431046,266.9,2972.0,1049.4,396.9,True,1,1,False,False,False,False,,True,False,False,Course Lock,196.8,67,16.4,93,NE,S,6.71,6.93,Calm,False,False,Android,7.0.2,M300 RTK,1ZN7L4R0H1D00F,1W9DL31001461C,1ZMLH8300204F0,1Z6PH74DAP0QN7,"Corona, CA",728.3,5.7,137.7,8.547347,2.013246,0,0,DJI Matrice 300 RTK,M300 RTK,1ZN7L4R0H1D00F,1W9DL31001461C,1ZMLH8300204F0,1Z6PH74DAP0QN7,DJI Pilot,Android,7.0.2,1EF72A62-B7C3-C88D-164E-CE6F8C8424AE,1ZN7L4R0H1D00F,1W9DL31001461C,,1ZMLH8300204F0,1W9DL31001461C,,,,,
2023-11-01,11:25:21.44 AM,0m 59.1s,59.1,33.8022355530776,-117.4665016745968,29.1,29.1,17.7,1293,279.9,5.10591,5.538403,-4.47388,0,-2.460634,1.342164,-0.223694,0,0.7,-1.5,1.6,-149.8,210.2,208.6,Tripod,Other,,21,5,True,,True,False,,Smart,RC,False,True,False,,,True,,False,False,False,False,False,False,False,False,False,False,0,Follow Yaw,-88.9,0,-157.9,202.1,False,False,False,False,False,,0,0,False,False,No Card,100,100,1024,1330,1201,1024,2,False,False,False,False,False,0,False,False,False,False,96,,47.676,,9691,,10044,,47.676,,True,3.97,3.97,3.97,3.97,3.97,3.97,3.97,3.97,3.97,3.97,3.97,3.97,0,,False,False,True,,,,,,,,,,,,,,,False,False,19.2,,79.8,,75.7,,79.8,,1794,42,2,16,7,145540.8,19405.44,,Idle,,20,,10,,,20,Go Home,False,False,False,False,False,False,False,False,False,False,False,False,33.8027920380556,-117.4659261431046,267.6,2972.0,1049.4,396.9,True,1,1,False,False,False,False,,True,False,False,Course Lock,196.8,67,16.4,93,NE,S,6.71,6.93,Calm,False,False,Android,7.0.2,M300 RTK,1ZN7L4R0H1D00F,1W9DL31001461C,1ZMLH8300204F0,1Z6PH74DAP0QN7,"Corona, CA",728.3,5.7,137.7,8.547347,2.013246,0,0,DJI Matrice 300 RTK,M300 RTK,1ZN7L4R0H1D00F,1W9DL31001461C,1ZMLH8300204F0,1Z6PH74DAP0QN7,DJI Pilot,Android,7.0.2,1EF72A62-B7C3-C88D-164E-CE6F8C8424AE,1ZN7L4R0H1D00F,1W9DL31001461C,,1ZMLH8300204F0,1W9DL31001461C,,,,,
2023-11-01,11:25:21.54 AM,0m 59.2s,59.2,33.8022336561037,-117.4665029003742,29.1,29.1,17.7,1293,280.7,5.10591,5.538403,-4.47388,0,-2.460634,1.342164,-0.223694,0,0.5,-1.3,1.3,-149.7,210.3,208.2,Tripod,Other,,21,5,True,,True,False,,Smart,RC,False,True,False,,,True,,False,False,False,False,False,False,False,False,False,False,0,Follow Yaw,-88.9,0,-157.9,202.1,False,False,False,False,False,,0,0,False,False,No Card,100,100,1024,1332,1200,1024,2,False,False,False,False,False,0,False,False,False,False,96,,47.676,,9691,,10044,,47.676,,True,3.97,3.97,3.97,3.97,3.97,3.97,3.97,3.97,3.97,3.97,3.97,3.97,0,,False,False,True,,,,,,,,,,,,,,,False,False,19.2,,79.8,,75.7,,79.8,,1794,42,2,16,7,145540.8,19405.44,,Idle,,20,,10,,,20,Go Home,False,False,False,False,False,False,False,False,False,False,False,False,33.8027920380556,-117.4659261431046,268.4,2972.0,1049.4,396.9,True,1,1,False,False,False,False,,True,False,False,Course Lock,196.8,67,16.4,93,NE,S,6.71,6.93,Calm,False,False,Android,7.0.2,M300 RTK,1ZN7L4R0H1D00F,1W9DL31001461C,1ZMLH8300204F0,1Z6PH74DAP0QN7,"Corona, CA",728.3,5.7,137.7,8.547347,2.013246,0,0,DJI Matrice 300 RTK,M300 RTK,1ZN7L4R0H1D00F,1W9DL31001461C,1ZMLH8300204F0,1Z6PH74DAP0QN7,DJI Pilot,Android,7.0.2,1EF72A62-B7C3-C88D-164E-CE6F8C8424AE,1ZN7L4R0H1D00F,1W9DL31001461C,,1ZMLH8300204F0,1W9DL31001461C,,,,,
2023-11-01,11:25:21.64 AM,0m 59.3s,59.3,33.8022316615397,-117.4665041340683,29.5,29.5,17.7,1293,281.5,5.10591,5.538403,-4.47388,0,-2.460634,1.342164,-0.223694,0,0.4,-1.2,1.2,-149.7,210.3,207.2,Tripod,Other,,21,5,True,,True,False,,Smart,RC,False,True,False,,,True,,False,False,False,False,False,False,False,False,False,False,0,Follow Yaw,-88.9,0,-157.9,202.1,False,False,False,False,False,,0,0,False,False,No Card,100,100,1024,1333,1199,1024,2,False,False,False,False,False,0,False,False,False,False,96,,47.676,,9691,,10044,,47.676,,True,3.971,3.971,3.971,3.971,3.971,3.971,3.971,3.971,3.971,3.971,3.971,3.971,0,,False,False,True,,,,,,,,,,,,,,,False,False,19.2,,79.8,,75.7,,79.8,,1796,42,3,16,7,145159.6,19354.62,,Idle,,20,,10,,,20,Go Home,False,False,False,False,False,False,False,False,False,False,False,False,33.8027920380556,-117.4659261431046,269.2,2972.0,1049.4,396.9,True,1,1,False,False,False,False,,True,False,False,Course Lock,196.8,67,16.4,93,NE,S,6.71,6.93,Calm,False,False,Android,7.0.2,M300 RTK,1ZN7L4R0H1D00F,1W9DL31001461C,1ZMLH8300204F0,1Z6PH74DAP0QN7,"Corona, CA",728.3,5.7,137.7,8.547347,2.013246,0,0,DJI Matrice 300 RTK,M300 RTK,1ZN7L4R0H1D00F,1W9DL31001461C,1ZMLH8300204F0,1Z6PH74DAP0QN7,DJI Pilot,Android,7.0.2,1EF72A62-B7C3-C88D-164E-CE6F8C8424AE,1ZN7L4R0H1D00F,1W9DL31001461C,,1ZMLH8300204F0,1W9DL31001461C,,,,,
2023-11-01,11:25:21.75 AM,0m 59.4s,59.4,33.802229762921,-117.4665053611651,29.5,29.5,17.7,1293,282.3,5.10591,5.538403,-4.47388,0,-2.460634,1.342164,-0.223694,0,0.3,-1.2,1.2,-149.7,210.3,208.2,Tripod,Other,,21,5,True,,True,False,,Smart,RC,False,True,False,,,True,,False,False,False,False,False,False,False,False,False,False,0,Follow Yaw,-88.9,0,-157.9,202.1,False,False,False,False,False,,0,0,False,False,No Card,100,100,1024,1332,1200,1024,2,False,False,False,False,False,0,False,False,False,False,96,,47.676,,9691,,10044,,47.676,,True,3.971,3.971,3.971,3.971,3.971,3.971,3.971,3.971,3.971,3.971,3.971,3.971,0,,False,False,True,,,,,,,,,,,,,,,False,False,19.2,,79.8,,75.7,,79.8,,1796,42,3,16,7,145159.6,19354.62,,Idle,,20,,10,,,20,Go Home,False,False,False,False,False,False,False,False,False,False,False,False,33.8027920380556,-117.4659261431046,270.0,2972.0,1049.4,396.9,True,1,1,False,False,False,False,,True,False,False,Course Lock,196.8,67,16.4,93,NE,S,6.71,6.93,Calm,False,False,Android,7.0.2,M300 RTK,1ZN7L4R0H1D00F,1W9DL31001461C,1ZMLH8300204F0,1Z6PH74DAP0QN7,"Corona, CA",728.3,5.7,137.7,8.547347,2.013246,0,0,DJI Matrice 300 RTK,M300 RTK,1ZN7L4R0H1D00F,1W9DL31001461C,1ZMLH8300204F0,1Z6PH74DAP0QN7,DJI Pilot,Android,7.0.2,1EF72A62-B7C3-C88D-164E-CE6F8C8424AE,1ZN7L4R0H1D00F,1W9DL31001461C,,1ZMLH8300204F0,1W9DL31001461C,,,,,
2023-11-01,11:25:21.85 AM,0m 59.5s,59.5,33.8022280282316,-117.466506795417,29.5,29.5,17.7,1293,283.0,5.10591,5.538403,-4.47388,0,-2.460634,1.342164,-0.223694,0,0.2,-1.1,1.1,-149.6,210.4,214.4,Tripod,Other,,21,5,True,,True,False,,Smart,RC,False,True,False,,,True,,False,False,False,False,False,False,False,False,False,False,0,Follow Yaw,-88.9,0,-157.9,202.1,False,False,False,False,False,,0,0,False,False,No Card,100,100,1024,1331,1202,1024,2,False,False,False,False,False,0,False,False,False,False,96,,47.676,,9691,,10044,,47.676,,True,3.971,3.971,3.971,3.971,3.971,3.971,3.971,3.971,3.971,3.971,3.971,3.971,0,,False,False,True,,,,,,,,,,,,,,,False,False,19.2,,79.8,,75.7,,79.8,,1796,42,3,16,7,145159.6,19354.62,,Idle,,20,,10,,,20,Go Home,False,False,False,False,False,False,False,False,False,False,False,False,33.8027920380556,-117.4659261431046,270.7,2972.0,1049.4,396.9,True,1,1,False,False,False,False,,True,False,False,Course Lock,196.8,67,16.4,93,NE,S,6.71,6.93,Calm,False,False,Android,7.0.2,M300 RTK,1ZN7L4R0H1D00F,1W9DL31001461C,1ZMLH8300204F0,1Z6PH74DAP0QN7,"Corona, CA",728.3,5.7,137.7,8.547347,2.013246,0,0,DJI Matrice 300 RTK,M300 RTK,1ZN7L4R0H1D00F,1W9DL31001461C,1ZMLH8300204F0,1Z6PH74DAP0QN7,DJI Pilot,Android,7.0.2,1EF72A62-B7C3-C88D-164E-CE6F8C8424AE,1ZN7L4R0H1D00F,1W9DL31001461C,,1ZMLH8300204F0,1W9DL31001461C,,,,,
2023-11-01,11:25:21.95 AM,0m 59.6s,59.6,33.8022261422228,-117.4665080548405,29.5,29.5,18.0,1293,283.8,5.10591,5.538403,-4.47388,0,-2.460634,1.342164,-0.223694,0,0.2,-1.2,1.2,-149.6,210.4,209.0,Tripod,Other,,21,5,True,,True,False,,Smart,RC,False,True,False,,,True,,False,False,False,False,False,False,False,False,False,False,0,Follow Yaw,-88.9,0,-157.9,202.1,False,False,False,False,False,,0,0,False,False,No Card,100,100,1024,1331,1204,1024,2,False,False,False,False,False,0,False,False,False,False,96,,47.676,,9691,,10044,,47.676,,True,3.971,3.971,3.971,3.971,3.971,3.971,3.971,3.971,3.971,3.971,3.971,3.971,0,,False,False,True,,,,,,,,,,,,,,,False,False,19.2,,79.8,,75.7,,79.8,,1796,42,3,16,7,145159.6,19354.62,,Idle,,20,,10,,,20,Go Home,False,False,False,False,False,False,False,False,False,False,False,False,33.8027920380556,-117.4659261431046,271.5,2972.0,1049.4,396.9,True,1,1,False,False,False,False,,True,False,False,Course Lock,196.8,67,16.4,93,NE,S,6.71,6.93,Calm,False,False,Android,7.0.2,M300 RTK,1ZN7L4R0H1D00F,1W9DL31001461C,1ZMLH8300204F0,1Z6PH74DAP0QN7,"Corona, CA",728.3,5.7,137.7,8.547347,2.013246,0,0,DJI Matrice 300 RTK,M300 RTK,1ZN7L4R0H1D00F,1W9DL31001461C,1ZMLH8300204F0,1Z6PH74DAP0QN7,DJI Pilot,Android,7.0.2,1EF72A62-B7C3-C88D-164E-CE6F8C8424AE,1ZN7L4R0H1D00F,1W9DL31001461C,,1ZMLH8300204F0,1W9DL31001461C,,,,,
2023-11-01,11:25:22.06 AM,0m 59.7s,59.7,33.8022243718966,-117.4665093644035,29.5,29.5,18.0,1293,284.6,5.10591,5.538403,-4.47388,0,-2.460634,1.342164,-0.223694,0,0.2,-1.2,1.2,-149.6,210.4,211.5,Tripod,Other,,21,5,True,,True,False,,Smart,RC,False,True,False,,,True,,False,False,False,False,False,False,False,False,False,False,0,Follow Yaw,-88.9,0,-157.9,202.1,False,False,False,False,False,,0,0,False,False,No Card,100,100,1024,1331,1205,1024,2,False,False,False,False,False,0,False,False,False,False,96,,47.676,,4786,,4986,,47.676,,True,3.971,3.971,3.971,3.971,3.971,3.971,3.971,3.971,3.971,3.971,3.971,3.971,0,,False,False,True,,,,,,,,,,,,,,,False,False,9.372,,78.9,,75.7,,79.8,,1796,42,3,16,7,145159.6,19354.62,,Idle,,20,,10,,,20,Go Home,False,False,False,False,False,False,False,False,False,False,False,False,33.8027920380556,-117.4659261431046,272.2,2972.0,1049.4,396.9,True,1,1,False,False,False,False,,True,False,False,Course Lock,196.8,67,16.4,93,NE,S,6.71,6.93,Calm,False,False,Android,7.0.2,M300 RTK,1ZN7L4R0H1D00F,1W9DL31001461C,1ZMLH8300204F0,1Z6PH74DAP0QN7,"Corona, CA",728.3,5.7,137.7,8.547347,2.013246,0,0,DJI Matrice 300 RTK,M300 RTK,1ZN7L4R0H1D00F,1W9DL31001461C,1ZMLH8300204F0,1Z6PH74DAP0QN7,DJI Pilot,Android,7.0.2,1EF72A62-B7C3-C88D-164E-CE6F8C8424AE,1ZN7L4R0H1D00F,1W9DL31001461C,,1ZMLH8300204F0,1W9DL31001461C,,,,,
2023-11-01,11:25:22.16 AM,0m 59.8s,59.8,33.8022224946599,-117.4665106436189,29.5,29.5,18.0,1293,285.4,5.10591,5.538403,-4.47388,0,-2.460634,1.342164,-0.223694,0,0.3,-1.1,1.1,-149.5,210.5,209.5,Tripod,Other,,21,5,True,,True,False,,Smart,RC,False,True,False,,,True,,False,False,False,False,False,False,False,False,False,False,0,Follow Yaw,-88.9,0,-157.9,202.1,False,False,False,False,False,,0,0,False,False,No Card,100,100,1024,1333,1206,1024,2,False,False,False,False,False,0,False,False,False,False,96,,47.676,,4786,,4986,,47.676,,True,3.971,3.971,3.971,3.971,3.971,3.971,3.971,3.971,3.971,3.971,3.971,3.971,0,,False,False,True,,,,,,,,,,,,,,,False,False,9.372,,78.9,,75.7,,79.8,,1796,42,3,16,7,145159.6,19354.62,,Idle,,20,,10,,,20,Go Home,False,False,False,False,False,False,False,False,False,False,False,False,33.8027920380556,-117.4659261431046,273.0,2972.0,1049.4,396.9,True,1,1,False,False,False,False,,True,False,False,Course Lock,196.8,67,16.4,93,NE,S,6.71,6.93,Calm,False,False,Android,7.0.2,M300 RTK,1ZN7L4R0H1D00F,1W9DL31001461C,1ZMLH8300204F0,1Z6PH74DAP0QN7,"Corona, CA",728.3,5.7,137.7,8.547347,2.013246,0,0,DJI Matrice 300 RTK,M300 RTK,1ZN7L4R0H1D00F,1W9DL31001461C,1ZMLH8300204F0,1Z6PH74DAP0QN7,DJI Pilot,Android,7.0.2,1EF72A62-B7C3-C88D-164E-CE6F8C8424AE,1ZN7L4R0H1D00F,1W9DL31001461C,,1ZMLH8300204F0,1W9DL31001461C,,,,,
2023-11-01,11:25:22.27 AM,0m 59.9s,59.9,33.802220546698,-117.4665119340498,29.5,29.5,18.0,1293,286.2,5.10591,5.538403,-4.47388,0,-2.460634,1.342164,-0.223694,0,0.5,-1.1,1.2,-149.5,210.5,208.8,Tripod,Other,,21,5,True,,True,False,,Smart,RC,False,True,False,,,True,,False,False,False,False,False,False,False,False,False,False,0,Follow Yaw,-88.9,0,-157.9,202.1,False,False,False,False,False,,0,0,False,False,No Card,100,100,1024,1332,1209,1024,2,False,False,False,False,False,0,False,False,False,False,96,,47.676,,4786,,4986,,47.676,,True,3.971,3.971,3.971,3.971,3.971,3.971,3.971,3.971,3.971,3.971,3.971,3.971,0,,False,False,True,,,,,,,,,,,,,,,False,False,9.372,,78.9,,75.7,,79.8,,1796,42,3,16,7,145159.6,19354.62,,Idle,,20,,10,,,20,Go Home,False,False,False,False,False,False,False,False,False,False,False,False,33.8027920380556,-117.4659261431046,273.8,2972.0,1049.4,396.9,True,1,1,False,False,False,False,,True,False,False,Course Lock,196.8,67,16.4,93,NE,S,6.71,6.93,Calm,False,False,Android,7.0.2,M300 RTK,1ZN7L4R0H1D00F,1W9DL31001461C,1ZMLH8300204F0,1Z6PH74DAP0QN7,"Corona, CA",728.3,5.7,137.7,8.547347,2.013246,0,0,DJI Matrice 300 RTK,M300 RTK,1ZN7L4R0H1D00F,1W9DL31001461C,1ZMLH8300204F0,1Z6PH74DAP0QN7,DJI Pilot,Android,7.0.2,1EF72A62-B7C3-C88D-164E-CE6F8C8424AE,1ZN7L4R0H1D00F,1W9DL31001461C,,1ZMLH8300204F0,1W9DL31001461C,,,,,
2023-11-01,11:25:22.37 AM,1m 0.0s,60.0,33.8022186606892,-117.4665132238209,29.5,29.5,18.0,1293,287.0,5.10591,5.538403,-4.47388,0,-2.460634,1.342164,-0.223694,0,0.6,-1.2,1.3,-149.6,210.4,209.6,Tripod,Other,,21,5,True,,True,False,,Smart,RC,False,True,False,,,True,,False,False,False,False,False,False,False,False,False,False,0,Follow Yaw,-88.9,0,-157.9,202.1,False,False,False,False,False,,0,0,False,False,No Card,100,100,1024,1332,1210,1024,2,False,False,False,False,False,0,False,False,False,False,96,,47.676,,9641,,10044,,47.676,,True,3.971,3.971,3.971,3.971,3.971,3.971,3.971,3.971,3.971,3.971,3.971,3.971,0,,False,False,True,,,,,,,,,,,,,,,False,False,19.154,,79.8,,75.7,,79.8,,1796,42,3,16,7,145159.6,19354.62,,Idle,,20,,10,,,20,Go Home,False,False,False,False,False,False,False,False,False,False,False,False,33.8027920380556,-117.4659261431046,274.6,2972.0,1049.4,396.9,True,1,1,False,False,False,False,,True,False,False,Course Lock,196.8,67,16.4,93,NE,S,6.71,6.93,Calm,False,False,Android,7.0.2,M300 RTK,1ZN7L4R0H1D00F,1W9DL31001461C,1ZMLH8300204F0,1Z6PH74DAP0QN7,"Corona, CA",728.3,5.7,137.7,8.547347,2.013246,0,0,DJI Matrice 300 RTK,M300 RTK,1ZN7L4R0H1D00F,1W9DL31001461C,1ZMLH8300204F0,1Z6PH74DAP0QN7,DJI Pilot,Android,7.0.2,1EF72A62-B7C3-C88D-164E-CE6F8C8424AE,1ZN7L4R0H1D00F,1W9DL31001461C,,1ZMLH8300204F0,1W9DL31001461C,,,,,
2023-11-01,11:25:22.47 AM,1m 0.1s,60.1,33.8022167242407,-117.4665144621331,29.8,29.8,18.0,1294,287.8,5.10591,5.538403,-4.47388,0,-2.460634,1.342164,-0.223694,0,0.6,-1.3,1.4,-149.6,210.4,207.9,Tripod,Other,,21,5,True,,True,False,,Smart,RC,False,True,False,,,True,,False,False,False,False,False,False,False,False,False,False,0,Follow Yaw,-88.9,0,-157.9,202.1,False,False,False,False,False,,0,0,False,False,No Card,100,100,1024,1332,1213,1024,2,False,False,False,False,False,0,False,False,False,False,96,,47.676,,9641,,10044,,47.676,,True,3.971,3.971,3.971,3.971,3.971,3.971,3.971,3.971,3.971,3.971,3.971,3.971,0,,False,False,True,,,,,,,,,,,,,,,False,False,19.154,,79.8,,75.7,,79.8,,1796,42,3,16,7,145159.6,19354.62,,Idle,,20,,10,,,20,Go Home,False,False,False,False,False,False,False,False,False,False,False,False,33.8027920380556,-117.4659261431046,275.4,2972.0,1049.4,396.9,True,1,1,False,False,False,False,,True,False,False,Course Lock,196.8,67,16.4,93,NE,S,6.71,6.93,Calm,False,False,Android,7.0.2,M300 RTK,1ZN7L4R0H1D00F,1W9DL31001461C,1ZMLH8300204F0,1Z6PH74DAP0QN7,"Corona, CA",728.3,5.7,137.7,8.547347,2.013246,0,0,DJI Matrice 300 RTK,M300 RTK,1ZN7L4R0H1D00F,1W9DL31001461C,1ZMLH8300204F0,1Z6PH74DAP0QN7,DJI Pilot,Android,7.0.2,1EF72A62-B7C3-C88D-164E-CE6F8C8424AE,1ZN7L4R0H1D00F,1W9DL31001461C,,1ZMLH8300204F0,1W9DL31001461C,,,,,
2023-11-01,11:25:22.57 AM,1m 0.2s,60.2,33.8022148382319,-117.466515752564,29.8,29.8,18.0,1294,288.6,5.10591,5.538403,-4.47388,0,-2.460634,1.342164,-0.223694,0,0.5,-1.4,1.4,-149.7,210.3,209.6,Tripod,Other,,20,5,True,,True,False,,Smart,RC,False,True,False,,,True,,False,False,False,False,False,False,False,False,False,False,0,Follow Yaw,-88.9,0,-157.9,202.1,False,False,False,False,False,,0,0,False,False,No Card,100,100,1024,1333,1214,1024,2,False,False,False,False,False,0,False,False,False,False,96,,47.676,,9641,,10044,,47.676,,True,3.971,3.971,3.971,3.971,3.971,3.971,3.971,3.971,3.971,3.971,3.971,3.971,0,,False,False,True,,,,,,,,,,,,,,,False,False,19.154,,79.8,,75.7,,79.8,,1796,42,3,16,7,145159.6,19354.62,,Idle,,20,,10,,,20,Go Home,False,False,False,False,False,False,False,False,False,False,False,False,33.8027920380556,-117.4659261431046,276.2,2972.0,1049.4,396.9,True,1,1,False,False,False,False,,True,False,False,Course Lock,196.8,67,16.4,93,NE,S,6.71,6.93,Calm,False,False,Android,7.0.2,M300 RTK,1ZN7L4R0H1D00F,1W9DL31001461C,1ZMLH8300204F0,1Z6PH74DAP0QN7,"Corona, CA",728.3,5.7,137.7,8.547347,2.013246,0,0,DJI Matrice 300 RTK,M300 RTK,1ZN7L4R0H1D00F,1W9DL31001461C,1ZMLH8300204F0,1Z6PH74DAP0QN7,DJI Pilot,Android,7.0.2,1EF72A62-B7C3-C88D-164E-CE6F8C8424AE,1ZN7L4R0H1D00F,1W9DL31001461C,,1ZMLH8300204F0,1W9DL31001461C,,,,,
2023-11-01,11:25:22.67 AM,1m 0.3s,60.3,33.8022129231655,-117.4665171142456,29.8,29.8,18.0,1294,289.4,5.10591,5.538403,-4.47388,0,-2.460634,1.342164,-0.223694,0,0.5,-1.4,1.4,-149.7,210.3,210.5,Tripod,Other,,20,5,True,,True,False,,Smart,RC,False,True,False,,,True,,False,False,False,False,False,False,False,False,False,False,0,Follow Yaw,-88.9,0,-157.9,202.1,False,False,False,False,False,,0,0,False,False,No Card,100,100,1024,1333,1214,1024,2,False,False,False,False,False,0,False,False,False,False,96,,47.676,,9641,,10044,,47.676,,True,3.972,3.972,3.972,3.972,3.972,3.972,3.972,3.972,3.972,3.972,3.972,3.972,0,,False,False,True,,,,,,,,,,,,,,,False,False,19.154,,79.8,,75.7,,79.8,,1796,42,3,16,7,144805.5,19307.40,,Idle,,20,,10,,,20,Go Home,False,False,False,False,False,False,False,False,False,False,False,False,33.8027920380556,-117.4659261431046,277.0,2972.0,1049.4,396.9,True,1,1,False,False,False,False,,True,False,False,Course Lock,196.8,67,16.4,93,NE,S,6.71,6.93,Calm,False,False,Android,7.0.2,M300 RTK,1ZN7L4R0H1D00F,1W9DL31001461C,1ZMLH8300204F0,1Z6PH74DAP0QN7,"Corona, CA",728.3,5.7,137.7,8.547347,2.013246,0,0,DJI Matrice 300 RTK,M300 RTK,1ZN7L4R0H1D00F,1W9DL31001461C,1ZMLH8300204F0,1Z6PH74DAP0QN7,DJI Pilot,Android,7.0.2,1EF72A62-B7C3-C88D-164E-CE6F8C8424AE,1ZN7L4R0H1D00F,1W9DL31001461C,,1ZMLH8300204F0,1W9DL31001461C,,,,,
2023-11-01,11:25:22.74 AM,1m 0.4s,60.4,33.8022110371567,-117.4665184073153,29.8,29.8,18.0,1294,290.2,5.10591,5.538403,-4.47388,0,-2.460634,1.342164,-0.223694,0,0.5,-1.2,1.3,-149.7,210.3,209.6,Tripod,Other,,20,5,True,,True,False,,Smart,RC,False,True,False,,,True,,False,False,False,False,False,False,False,False,False,False,0,Follow Yaw,-88.9,0,-157.9,202.1,False,False,False,False,False,,0,0,False,False,No Card,100,100,1024,1333,1214,1024,2,False,False,False,False,False,0,False,False,False,False,96,,47.676,,9641,,10044,,47.676,,True,3.972,3.972,3.972,3.972,3.972,3.972,3.972,3.972,3.972,3.972,3.972,3.972,0,,False,False,True,,,,,,,,,,,,,,,False,False,19.154,,79.8,,75.7,,79.8,,1796,42,3,16,7,144805.5,19307.40,,Idle,,20,,10,,,20,Go Home,False,False,False,False,False,False,False,False,False,False,False,False,33.8027920380556,-117.4659261431046,277.7,2972.0,1049.4,396.9,True,1,1,False,False,False,False,,True,False,False,Course Lock,196.8,67,16.4,93,NE,S,6.71,6.93,Calm,False,False,Android,7.0.2,M300 RTK,1ZN7L4R0H1D00F,1W9DL31001461C,1ZMLH8300204F0,1Z6PH74DAP0QN7,"Corona, CA",728.3,5.7,137.7,8.547347,2.013246,0,0,DJI Matrice 300 RTK,M300 RTK,1ZN7L4R0H1D00F,1W9DL31001461C,1ZMLH8300204F0,1Z6PH74DAP0QN7,DJI Pilot,Android,7.0.2,1EF72A62-B7C3-C88D-164E-CE6F8C8424AE,1ZN7L4R0H1D00F,1W9DL31001461C,,1ZMLH8300204F0,1W9DL31001461C,,,,,
2023-11-01,11:25:22.84 AM,1m 0.5s,60.5,33.8022091149629,-117.4665198211155,29.8,29.8,18.0,1294,291.0,5.10591,5.538403,-4.47388,0,-2.460634,1.342164,-0.223694,0,0.4,-1.1,1.1,-149.7,210.3,211.4,Tripod,Other,,20,5,True,,True,False,,Smart,RC,False,True,False,,,True,,False,False,False,False,False,False,False,False,False,False,0,Follow Yaw,-88.9,0,-157.9,202.1,False,False,False,False,False,,0,0,False,False,No Card,100,100,1024,1332,1214,1024,2,False,False,False,False,False,0,False,False,False,False,96,,47.676,,9641,,10044,,47.676,,True,3.972,3.972,3.972,3.972,3.972,3.972,3.972,3.972,3.972,3.972,3.972,3.972,0,,False,False,True,,,,,,,,,,,,,,,False,False,19.154,,79.8,,75.7,,79.8,,1796,42,3,16,7,144805.5,19307.40,,Idle,,20,,10,,,20,Go Home,False,False,False,False,False,False,False,False,False,False,False,False,33.8027920380556,-117.4659261431046,278.5,2972.0,1049.4,396.9,True,1,1,False,False,False,False,,True,False,False,Course Lock,196.8,67,16.4,93,NE,S,6.71,6.93,Calm,False,False,Android,7.0.2,M300 RTK,1ZN7L4R0H1D00F,1W9DL31001461C,1ZMLH8300204F0,1Z6PH74DAP0QN7,"Corona, CA",728.3,5.7,137.7,8.547347,2.013246,0,0,DJI Matrice 300 RTK,M300 RTK,1ZN7L4R0H1D00F,1W9DL31001461C,1ZMLH8300204F0,1Z6PH74DAP0QN7,DJI Pilot,Android,7.0.2,1EF72A62-B7C3-C88D-164E-CE6F8C8424AE,1ZN7L4R0H1D00F,1W9DL31001461C,,1ZMLH8300204F0,1W9DL31001461C,,,,,
2023-11-01,11:25:22.94 AM,1m 0.6s,60.6,33.8022072174407,-117.4665211254006,29.8,29.8,18.0,1294,291.8,5.10591,5.538403,-4.47388,0,-2.460634,1.342164,-0.223694,0,0.3,-1.2,1.2,-149.7,210.3,209.7,Tripod,Other,,21,5,True,,True,False,,Smart,RC,False,True,False,,,True,,False,False,False,False,False,False,False,False,False,False,0,Follow Yaw,-88.9,0,-157.9,202.1,False,False,False,False,False,,0,0,False,False,No Card,100,100,1024,1331,1213,1024,2,False,False,False,False,False,0,False,False,False,False,96,,47.676,,9641,,10044,,47.676,,True,3.972,3.972,3.972,3.972,3.972,3.972,3.972,3.972,3.972,3.972,3.972,3.972,0,,False,False,True,,,,,,,,,,,,,,,False,False,19.154,,79.8,,75.7,,79.8,,1796,42,3,16,7,144805.5,19307.40,,Idle,,20,,10,,,20,Go Home,False,False,False,False,False,False,False,False,False,False,False,False,33.8027920380556,-117.4659261431046,279.3,2972.0,1049.4,396.9,True,1,1,False,False,False,False,,True,False,False,Course Lock,196.8,67,16.4,93,NE,S,6.71,6.93,Calm,False,False,Android,7.0.2,M300 RTK,1ZN7L4R0H1D00F,1W9DL31001461C,1ZMLH8300204F0,1Z6PH74DAP0QN7,"Corona, CA",728.3,5.7,137.7,8.547347,2.013246,0,0,DJI Matrice 300 RTK,M300 RTK,1ZN7L4R0H1D00F,1W9DL31001461C,1ZMLH8300204F0,1Z6PH74DAP0QN7,DJI Pilot,Android,7.0.2,1EF72A62-B7C3-C88D-164E-CE6F8C8424AE,1ZN7L4R0H1D00F,1W9DL31001461C,,1ZMLH8300204F0,1W9DL31001461C,,,,,
2023-11-01,11:25:23.04 AM,1m 0.7s,60.7,33.8022052793474,-117.4665223016983,30.1,30.1,18.0,1294,292.6,5.10591,5.538403,-4.47388,0,-2.460634,1.342164,-0.223694,0,0.2,-1.3,1.3,-149.8,210.2,206.7,Tripod,Other,,21,5,True,,True,False,,Smart,RC,False,True,False,,,True,,False,False,False,False,False,False,False,False,False,False,0,Follow Yaw,-88.9,0,-157.9,202.1,False,False,False,False,False,,0,0,False,False,No Card,100,100,1024,1334,1212,1024,2,False,False,False,False,False,0,False,False,False,False,96,,47.676,,9641,,10044,,47.676,,True,3.972,3.972,3.972,3.972,3.972,3.972,3.972,3.972,3.972,3.972,3.972,3.972,0,,False,False,True,,,,,,,,,,,,,,,False,False,19.154,,79.8,,75.7,,79.8,,1796,42,3,16,7,144805.5,19307.40,,Idle,,20,,10,,,20,Go Home,False,False,False,False,False,False,False,False,False,False,False,False,33.8027920380556,-117.4659261431046,280.1,2972.0,1049.4,396.9,True,1,1,False,False,False,False,,True,False,False,Course Lock,196.8,67,16.4,93,NE,S,6.71,6.93,Calm,False,False,Android,7.0.2,M300 RTK,1ZN7L4R0H1D00F,1W9DL31001461C,1ZMLH8300204F0,1Z6PH74DAP0QN7,"Corona, CA",728.3,5.7,137.7,8.547347,2.013246,0,0,DJI Matrice 300 RTK,M300 RTK,1ZN7L4R0H1D00F,1W9DL31001461C,1ZMLH8300204F0,1Z6PH74DAP0QN7,DJI Pilot,Android,7.0.2,1EF72A62-B7C3-C88D-164E-CE6F8C8424AE,1ZN7L4R0H1D00F,1W9DL31001461C,,1ZMLH8300204F0,1W9DL31001461C,,,,,
2023-11-01,11:25:23.14 AM,1m 0.8s,60.8,33.8022033708601,-117.466523594768,30.1,30.1,18.0,1294,293.4,5.10591,5.538403,-4.47388,0,-2.460634,1.342164,-0.223694,0,0.2,-1.3,1.3,-149.8,210.2,209.3,Tripod,Other,,21,5,True,,True,False,,Smart,RC,False,True,False,,,True,,False,False,False,False,False,False,False,False,False,False,0,Follow Yaw,-88.9,0,-157.9,202.1,False,False,False,False,False,,0,0,False,False,No Card,100,100,1024,1336,1213,1024,2,False,False,False,False,False,0,False,False,False,False,96,,47.676,,9641,,10044,,47.676,,True,3.972,3.972,3.972,3.972,3.972,3.972,3.972,3.972,3.972,3.972,3.972,3.972,0,,False,False,True,,,,,,,,,,,,,,,False,False,19.154,,79.8,,75.7,,79.8,,1796,42,3,16,7,144805.5,19307.40,,Idle,,20,,10,,,20,Go Home,False,False,False,False,False,False,False,False,False,False,False,False,33.8027920380556,-117.4659261431046,280.9,2972.0,1049.4,396.9,True,1,1,False,False,False,False,,True,False,False,Course Lock,196.8,67,16.4,93,NE,S,6.71,6.93,Calm,False,False,Android,7.0.2,M300 RTK,1ZN7L4R0H1D00F,1W9DL31001461C,1ZMLH8300204F0,1Z6PH74DAP0QN7,"Corona, CA",728.3,5.7,137.7,8.547347,2.013246,0,0,DJI Matrice 300 RTK,M300 RTK,1ZN7L4R0H1D00F,1W9DL31001461C,1ZMLH8300204F0,1Z6PH74DAP0QN7,DJI Pilot,Android,7.0.2,1EF72A62-B7C3-C88D-164E-CE6F8C8424AE,1ZN7L4R0H1D00F,1W9DL31001461C,,1ZMLH8300204F0,1W9DL31001461C,,,,,
2023-11-01,11:25:23.24 AM,1m 0.9s,60.9,33.8022012808992,-117.4665248957545,30.1,30.1,18.0,1294,294.2,5.10591,5.538403,-4.47388,0,-2.460634,1.342164,-0.223694,0,0.3,-1.3,1.3,-149.9,210.1,207.3,Tripod,Other,,21,5,True,,True,False,,Smart,RC,False,True,False,,,True,,False,False,False,False,False,False,False,False,False,False,0,Follow Yaw,-88.9,0,-157.9,202.1,False,False,False,False,False,,0,0,False,False,No Card,100,100,1024,1336,1214,1024,2,False,False,False,False,False,0,False,False,False,False,96,,47.676,,9641,,10044,,47.676,,True,3.972,3.972,3.972,3.972,3.972,3.972,3.972,3.972,3.972,3.972,3.972,3.972,0,,False,False,True,,,,,,,,,,,,,,,False,False,19.154,,79.8,,75.7,,79.8,,1796,42,3,16,7,144805.5,19307.40,,Idle,,20,,10,,,20,Go Home,False,False,False,False,False,False,False,False,False,False,False,False,33.8027920380556,-117.4659261431046,281.7,2972.0,1049.4,396.9,True,1,1,False,False,False,False,,True,False,False,Course Lock,196.8,67,16.4,93,NE,S,6.71,6.93,Calm,False,False,Android,7.0.2,M300 RTK,1ZN7L4R0H1D00F,1W9DL31001461C,1ZMLH8300204F0,1Z6PH74DAP0QN7,"Corona, CA",728.3,5.7,137.7,8.547347,2.013246,0,0,DJI Matrice 300 RTK,M300 RTK,1ZN7L4R0H1D00F,1W9DL31001461C,1ZMLH8300204F0,1Z6PH74DAP0QN7,DJI Pilot,Android,7.0.2,1EF72A62-B7C3-C88D-164E-CE6F8C8424AE,1ZN7L4R0H1D00F,1W9DL31001461C,,1ZMLH8300204F0,1W9DL31001461C,,,,,
2023-11-01,11:25:23.34 AM,1m 1.0s,61.0,33.8021993510298,-117.4665261756296,30.1,30.1,18.0,1294,295.0,5.10591,5.538403,-4.47388,0,-2.460634,1.342164,-0.223694,0,0.4,-1.2,1.2,-149.9,210.1,208.8,Tripod,Other,,21,5,True,,True,False,,Smart,RC,False,True,False,,,True,,False,False,False,False,False,False,False,False,False,False,0,Follow Yaw,-88.9,0,-157.9,202.1,False,False,False,False,False,,0,0,False,False,No Card,100,100,1024,1338,1214,1024,2,False,False,False,False,False,0,False,False,False,False,96,,47.724,,9641,,10044,,47.724,,True,3.972,3.972,3.972,3.972,3.972,3.972,3.972,3.972,3.972,3.972,3.972,3.972,0,,False,False,True,,,,,,,,,,,,,,,False,False,19.176,,80.0,,75.7,,80.0,,1796,42,3,16,7,144805.5,19307.40,,Idle,,20,,10,,,20,Go Home,False,False,False,False,False,False,False,False,False,False,False,False,33.8027920380556,-117.4659261431046,282.5,2972.0,1049.4,396.9,True,1,1,False,False,False,False,,True,False,False,Course Lock,196.8,67,16.4,93,NE,S,6.71,6.93,Calm,False,False,Android,7.0.2,M300 RTK,1ZN7L4R0H1D00F,1W9DL31001461C,1ZMLH8300204F0,1Z6PH74DAP0QN7,"Corona, CA",728.3,5.7,137.7,8.547347,2.013246,0,0,DJI Matrice 300 RTK,M300 RTK,1ZN7L4R0H1D00F,1W9DL31001461C,1ZMLH8300204F0,1Z6PH74DAP0QN7,DJI Pilot,Android,7.0.2,1EF72A62-B7C3-C88D-164E-CE6F8C8424AE,1ZN7L4R0H1D00F,1W9DL31001461C,,1ZMLH8300204F0,1W9DL31001461C,,,,,
2023-11-01,11:25:23.44 AM,1m 1.1s,61.1,33.8021974666658,-117.4665274733175,30.1,30.1,18.0,1294,295.8,5.10591,5.538403,-4.47388,0,-2.460634,1.342164,-0.223694,0,0.3,-1,1,-149.9,210.1,209.7,Tripod,Other,,21,5,True,,True,False,,Smart,RC,False,True,False,,,True,,False,False,False,False,False,False,False,False,False,False,0,Follow Yaw,-88.9,0,-157.9,202.1,False,False,False,False,False,,0,0,False,False,No Card,100,100,1024,1338,1214,1024,2,False,False,False,False,False,0,False,False,False,False,96,,47.724,,9641,,10044,,47.724,,True,3.972,3.972,3.972,3.972,3.972,3.972,3.972,3.972,3.972,3.972,3.972,3.972,0,,False,False,True,,,,,,,,,,,,,,,False,False,19.176,,80.0,,75.7,,80.0,,1796,42,3,16,7,144805.5,19307.40,,Idle,,20,,10,,,20,Go Home,False,False,False,False,False,False,False,False,False,False,False,False,33.8027920380556,-117.4659261431046,283.3,2972.0,1049.4,396.9,True,1,1,False,False,False,False,,True,False,False,Course Lock,196.8,67,16.4,93,NE,S,6.71,6.93,Calm,False,False,Android,7.0.2,M300 RTK,1ZN7L4R0H1D00F,1W9DL31001461C,1ZMLH8300204F0,1Z6PH74DAP0QN7,"Corona, CA",728.3,5.7,137.7,8.547347,2.013246,0,0,DJI Matrice 300 RTK,M300 RTK,1ZN7L4R0H1D00F,1W9DL31001461C,1ZMLH8300204F0,1Z6PH74DAP0QN7,DJI Pilot,Android,7.0.2,1EF72A62-B7C3-C88D-164E-CE6F8C8424AE,1ZN7L4R0H1D00F,1W9DL31001461C,,1ZMLH8300204F0,1W9DL31001461C,,,,,
2023-11-01,11:25:23.54 AM,1m 1.2s,61.2,33.8021955367963,-117.4665287531926,30.1,30.1,18.0,1294,296.6,5.10591,5.538403,-4.47388,0,-2.460634,1.342164,-0.223694,0,0.1,-0.9,0.9,-149.9,210.1,208.8,Tripod,Other,,21,5,True,,True,False,,Smart,RC,False,True,False,,,True,,False,False,False,False,False,False,False,False,False,False,0,Follow Yaw,-88.9,0,-157.9,202.1,False,False,False,False,False,,0,0,False,False,No Card,100,100,1024,1340,1214,1024,2,False,False,False,False,False,0,False,False,False,False,96,,47.724,,9641,,10044,,47.724,,True,3.972,3.972,3.972,3.972,3.972,3.972,3.972,3.972,3.972,3.972,3.972,3.972,0,,False,False,True,,,,,,,,,,,,,,,False,False,19.176,,80.0,,75.7,,80.0,,1796,42,3,16,7,144805.5,19307.40,,Idle,,20,,10,,,20,Go Home,False,False,False,False,False,False,False,False,False,False,False,False,33.8027920380556,-117.4659261431046,284.1,2972.0,1049.4,396.9,True,1,1,False,False,False,False,,True,False,False,Course Lock,196.8,67,16.4,93,NE,S,6.71,6.93,Calm,False,False,Android,7.0.2,M300 RTK,1ZN7L4R0H1D00F,1W9DL31001461C,1ZMLH8300204F0,1Z6PH74DAP0QN7,"Corona, CA",728.3,5.7,137.7,8.547347,2.013246,0,0,DJI Matrice 300 RTK,M300 RTK,1ZN7L4R0H1D00F,1W9DL31001461C,1ZMLH8300204F0,1Z6PH74DAP0QN7,DJI Pilot,Android,7.0.2,1EF72A62-B7C3-C88D-164E-CE6F8C8424AE,1ZN7L4R0H1D00F,1W9DL31001461C,,1ZMLH8300204F0,1W9DL31001461C,,,,,
2023-11-01,11:25:23.64 AM,1m 1.3s,61.3,33.8021935065956,-117.4665298899065,30.5,30.5,18.0,1294,297.4,5.30301,5.538403,-4.697574,0,-2.460634,1.342164,-0.223694,0,0,-0.9,0.9,-149.9,210.1,204.9,Tripod,Other,,21,5,True,,True,False,,Smart,RC,False,True,False,,,True,,False,False,False,False,False,False,False,False,False,False,0,Follow Yaw,-88.9,0,-157.9,202.1,False,False,False,False,False,,0,0,False,False,No Card,100,100,1024,1344,1212,1024,2,False,False,False,False,False,0,False,False,False,False,96,,47.724,,9641,,10044,,47.724,,True,3.974,3.974,3.974,3.974,3.974,3.974,3.974,3.974,3.974,3.974,3.974,3.974,0,,False,False,True,,,,,,,,,,,,,,,False,False,19.176,,80.0,,75.7,,80.0,,1796,42,3,16,7,144496.1,19266.15,,Idle,,20,,10,,,20,Go Home,False,False,False,False,False,False,False,False,False,False,False,False,33.8027920380556,-117.4659261431046,284.9,2972.0,1049.4,396.9,True,1,1,False,False,False,False,,True,False,False,Course Lock,196.8,67,16.4,93,NE,S,6.71,6.93,Calm,False,False,Android,7.0.2,M300 RTK,1ZN7L4R0H1D00F,1W9DL31001461C,1ZMLH8300204F0,1Z6PH74DAP0QN7,"Corona, CA",728.3,5.7,137.7,8.547347,2.013246,0,0,DJI Matrice 300 RTK,M300 RTK,1ZN7L4R0H1D00F,1W9DL31001461C,1ZMLH8300204F0,1Z6PH74DAP0QN7,DJI Pilot,Android,7.0.2,1EF72A62-B7C3-C88D-164E-CE6F8C8424AE,1ZN7L4R0H1D00F,1W9DL31001461C,,1ZMLH8300204F0,1W9DL31001461C,,,,,
2023-11-01,11:25:23.70 AM,1m 1.4s,61.4,33.8021915619232,-117.4665311711012,30.5,30.5,18.0,1294,298.3,5.30301,5.538403,-4.697574,0,-2.460634,1.342164,-0.223694,0,0.1,-0.8,0.8,-149.8,210.2,208.6,Tripod,Other,,21,5,True,,True,False,,Smart,RC,False,True,False,,,True,,False,False,False,False,False,False,False,False,False,False,0,Follow Yaw,-88.9,0,-157.9,202.1,False,False,False,False,False,,0,0,False,False,No Card,100,100,1024,1344,1212,1024,2,False,False,False,False,False,0,False,False,False,False,96,,47.724,,9641,,10044,,47.724,,True,3.974,3.974,3.974,3.974,3.974,3.974,3.974,3.974,3.974,3.974,3.974,3.974,0,,False,False,True,,,,,,,,,,,,,,,False,False,19.176,,80.0,,75.7,,80.0,,1796,42,3,16,7,144496.1,19266.15,,Idle,,20,,10,,,20,Go Home,False,False,False,False,False,False,False,False,False,False,False,False,33.8027920380556,-117.4659261431046,285.7,2972.0,1049.4,396.9,True,1,1,False,False,False,False,,True,False,False,Course Lock,196.8,67,16.4,93,NE,S,6.71,6.93,Calm,False,False,Android,7.0.2,M300 RTK,1ZN7L4R0H1D00F,1W9DL31001461C,1ZMLH8300204F0,1Z6PH74DAP0QN7,"Corona, CA",728.3,5.7,137.7,8.547347,2.013246,0,0,DJI Matrice 300 RTK,M300 RTK,1ZN7L4R0H1D00F,1W9DL31001461C,1ZMLH8300204F0,1Z6PH74DAP0QN7,DJI Pilot,Android,7.0.2,1EF72A62-B7C3-C88D-164E-CE6F8C8424AE,1ZN7L4R0H1D00F,1W9DL31001461C,,1ZMLH8300204F0,1W9DL31001461C,,,,,
2023-11-01,11:25:23.84 AM,1m 1.5s,61.5,33.8021897290955,-117.4665323922604,30.5,30.5,18.0,1294,299.0,5.30301,5.538403,-4.697574,0,-2.460634,1.342164,-0.223694,0,0.1,-0.9,0.9,-149.8,210.2,208.9,Tripod,Other,,21,5,True,,True,False,,Smart,RC,False,True,False,,,True,,False,False,False,False,False,False,False,False,False,False,0,Follow Yaw,-88.9,0,-157.9,202.1,False,False,False,False,False,,0,0,False,False,No Card,100,100,1024,1345,1213,1024,2,False,False,False,False,False,0,False,False,False,False,96,,47.724,,9641,,10044,,47.724,,True,3.974,3.974,3.974,3.974,3.974,3.974,3.974,3.974,3.974,3.974,3.974,3.974,0,,False,False,True,,,,,,,,,,,,,,,False,False,19.176,,80.0,,75.7,,80.0,,1796,42,3,16,7,144496.1,19266.15,,Idle,,20,,10,,,20,Go Home,False,False,False,False,False,False,False,False,False,False,False,False,33.8027920380556,-117.4659261431046,286.4,2972.0,1049.4,396.9,True,1,1,False,False,False,False,,True,False,False,Course Lock,196.8,67,16.4,93,NE,S,6.71,6.93,Calm,False,False,Android,7.0.2,M300 RTK,1ZN7L4R0H1D00F,1W9DL31001461C,1ZMLH8300204F0,1Z6PH74DAP0QN7,"Corona, CA",728.3,5.7,137.7,8.547347,2.013246,0,0,DJI Matrice 300 RTK,M300 RTK,1ZN7L4R0H1D00F,1W9DL31001461C,1ZMLH8300204F0,1Z6PH74DAP0QN7,DJI Pilot,Android,7.0.2,1EF72A62-B7C3-C88D-164E-CE6F8C8424AE,1ZN7L4R0H1D00F,1W9DL31001461C,,1ZMLH8300204F0,1W9DL31001461C,,,,,
2023-11-01,11:25:23.94 AM,1m 1.6s,61.6,33.8021877871644,-117.4665336721356,30.5,30.5,17.7,1294,299.8,5.30301,5.538403,-4.697574,0,-2.460634,1.342164,-0.223694,0,0.1,-1,1,-149.8,210.2,208.7,Tripod,Other,,21,5,True,,True,False,,Smart,RC,False,True,False,,,True,,False,False,False,False,False,False,False,False,False,False,0,Follow Yaw,-88.9,0,-157.9,202.1,False,False,False,False,False,,0,0,False,False,No Card,100,100,1024,1345,1213,1024,2,False,False,False,False,False,0,False,False,False,False,96,,47.724,,9641,,10044,,47.724,,True,3.974,3.974,3.974,3.974,3.974,3.974,3.974,3.974,3.974,3.974,3.974,3.974,0,,False,False,True,,,,,,,,,,,,,,,False,False,19.176,,80.0,,75.7,,80.0,,1796,42,3,16,7,144496.1,19266.15,,Idle,,20,,10,,,20,Go Home,False,False,False,False,False,False,False,False,False,False,False,False,33.8027920380556,-117.4659261431046,287.2,2972.0,1049.4,396.9,True,1,1,False,False,False,False,,True,False,False,Course Lock,196.8,67,16.4,93,NE,S,6.71,6.93,Calm,False,False,Android,7.0.2,M300 RTK,1ZN7L4R0H1D00F,1W9DL31001461C,1ZMLH8300204F0,1Z6PH74DAP0QN7,"Corona, CA",728.3,5.7,137.7,8.547347,2.013246,0,0,DJI Matrice 300 RTK,M300 RTK,1ZN7L4R0H1D00F,1W9DL31001461C,1ZMLH8300204F0,1Z6PH74DAP0QN7,DJI Pilot,Android,7.0.2,1EF72A62-B7C3-C88D-164E-CE6F8C8424AE,1ZN7L4R0H1D00F,1W9DL31001461C,,1ZMLH8300204F0,1W9DL31001461C,,,,,
2023-11-01,11:25:24.04 AM,1m 1.7s,61.7,33.8021857860214,-117.4665350615258,30.5,30.5,17.7,1294,300.7,5.30301,5.538403,-4.697574,0,-2.460634,1.342164,-0.223694,0,0,-1.1,1.1,-149.7,210.3,209.9,Tripod,Other,,21,5,True,,True,False,,Smart,RC,False,True,False,,,True,,False,False,False,False,False,False,False,False,False,False,0,Follow Yaw,-88.9,0,-157.9,202.1,False,False,False,False,False,,0,0,False,False,No Card,100,100,1024,1343,1212,1024,2,False,False,False,False,False,0,False,False,False,False,96,,47.724,,9641,,10044,,47.724,,True,3.974,3.974,3.974,3.974,3.974,3.974,3.974,3.974,3.974,3.974,3.974,3.974,0,,False,False,True,,,,,,,,,,,,,,,False,False,19.176,,80.0,,75.7,,80.0,,1796,42,3,16,7,144496.1,19266.15,,Idle,,20,,10,,,20,Go Home,False,False,False,False,False,False,False,False,False,False,False,False,33.8027920380556,-117.4659261431046,288.0,2972.0,1049.4,396.9,True,1,1,False,False,False,False,,True,False,False,Course Lock,196.8,67,16.4,93,NE,S,6.71,6.93,Calm,False,False,Android,7.0.2,M300 RTK,1ZN7L4R0H1D00F,1W9DL31001461C,1ZMLH8300204F0,1Z6PH74DAP0QN7,"Corona, CA",728.3,5.7,137.7,8.547347,2.013246,0,0,DJI Matrice 300 RTK,M300 RTK,1ZN7L4R0H1D00F,1W9DL31001461C,1ZMLH8300204F0,1Z6PH74DAP0QN7,DJI Pilot,Android,7.0.2,1EF72A62-B7C3-C88D-164E-CE6F8C8424AE,1ZN7L4R0H1D00F,1W9DL31001461C,,1ZMLH8300204F0,1W9DL31001461C,,,,,
2023-11-01,11:25:24.14 AM,1m 1.8s,61.8,33.8021838298355,-117.4665363545956,30.5,30.5,18.0,1294,301.5,5.30301,5.538403,-4.697574,0,-2.460634,1.342164,-0.223694,0,0,-1.2,1.2,-149.7,210.3,208.7,Tripod,Other,,21,5,True,,True,False,,Smart,RC,False,True,False,,,True,,False,False,False,False,False,False,False,False,False,False,0,Follow Yaw,-88.9,0,-157.9,202.1,False,False,False,False,False,,0,0,False,False,No Card,100,100,1024,1344,1164,1210,2,False,False,False,False,False,0,False,False,False,False,96,,47.724,,9641,,10044,,47.724,,True,3.974,3.974,3.974,3.974,3.974,3.974,3.974,3.974,3.974,3.974,3.974,3.974,0,,False,False,True,,,,,,,,,,,,,,,False,False,19.176,,80.0,,75.7,,80.0,,1796,42,3,16,7,144496.1,19266.15,,Idle,,20,,10,,,20,Go Home,False,False,False,False,False,False,False,False,False,False,False,False,33.8027920380556,-117.4659261431046,288.8,2972.0,1049.4,396.9,True,1,1,False,False,False,False,,True,False,False,Course Lock,196.8,67,16.4,93,NE,S,6.71,6.93,Calm,False,False,Android,7.0.2,M300 RTK,1ZN7L4R0H1D00F,1W9DL31001461C,1ZMLH8300204F0,1Z6PH74DAP0QN7,"Corona, CA",728.3,5.7,137.7,8.547347,2.013246,0,0,DJI Matrice 300 RTK,M300 RTK,1ZN7L4R0H1D00F,1W9DL31001461C,1ZMLH8300204F0,1Z6PH74DAP0QN7,DJI Pilot,Android,7.0.2,1EF72A62-B7C3-C88D-164E-CE6F8C8424AE,1ZN7L4R0H1D00F,1W9DL31001461C,,1ZMLH8300204F0,1W9DL31001461C,,,,,
2023-11-01,11:25:24.22 AM,1m 1.9s,61.9,33.8021818369164,-117.4665375322126,30.8,30.8,18.0,1295,302.3,5.30301,5.538403,-4.697574,0,-2.460634,1.342164,-0.223694,0,0,-1.1,1.1,-149.7,210.3,206.1,Tripod,Other,,21,5,True,,True,False,,Smart,RC,False,True,False,,,True,,False,False,False,False,False,False,False,False,False,False,0,Follow Yaw,-88.9,0,-157.8,202.2,False,False,False,False,False,,0,0,False,False,No Card,100,100,1024,1343,1167,1183,2,False,False,False,False,False,0,False,False,False,False,96,,47.724,,9641,,10044,,47.724,,True,3.974,3.974,3.974,3.974,3.974,3.974,3.974,3.974,3.974,3.974,3.974,3.974,0,,False,False,True,,,,,,,,,,,,,,,False,False,19.176,,80.0,,75.7,,80.0,,1796,42,3,16,7,144496.1,19266.15,,Idle,,20,,10,,,20,Go Home,False,False,False,False,False,False,False,False,False,False,False,False,33.8027920380556,-117.4659261431046,289.6,2972.0,1049.4,396.9,True,1,1,False,False,False,False,,True,False,False,Course Lock,196.8,67,16.4,93,NE,S,6.71,6.93,Calm,False,False,Android,7.0.2,M300 RTK,1ZN7L4R0H1D00F,1W9DL31001461C,1ZMLH8300204F0,1Z6PH74DAP0QN7,"Corona, CA",728.3,5.7,137.7,8.547347,2.013246,0,0,DJI Matrice 300 RTK,M300 RTK,1ZN7L4R0H1D00F,1W9DL31001461C,1ZMLH8300204F0,1Z6PH74DAP0QN7,DJI Pilot,Android,7.0.2,1EF72A62-B7C3-C88D-164E-CE6F8C8424AE,1ZN7L4R0H1D00F,1W9DL31001461C,,1ZMLH8300204F0,1W9DL31001461C,,,,,
2023-11-01,11:25:24.34 AM,1m 2.0s,62.0,33.802179862638,-117.4665388120878,30.8,30.8,18.0,1295,303.1,5.30301,5.538403,-4.697574,0,-2.460634,1.342164,-0.223694,0,0,-0.4,0.4,-149.6,210.4,208.3,Tripod,Other,,21,5,True,,True,False,,Smart,RC,False,True,False,,,True,,False,False,False,False,False,False,False,False,False,False,0,Follow Yaw,-88.9,0,-157.5,202.5,False,False,False,False,False,,0,0,False,False,No Card,100,100,1024,1341,1196,1034,2,False,False,False,False,False,0,False,False,False,False,96,,47.664,,9641,,10044,,47.664,,True,3.974,3.974,3.974,3.974,3.974,3.974,3.974,3.974,3.974,3.974,3.974,3.974,0,,False,False,True,,,,,,,,,,,,,,,False,False,19.394,,80.0,,75.7,,80.0,,1796,42,3,16,7,144496.1,19266.15,,Idle,,20,,10,,,20,Go Home,False,False,False,False,False,False,False,False,False,False,False,False,33.8027920380556,-117.4659261431046,290.4,2972.0,1049.4,396.9,True,1,1,False,False,False,False,,True,False,False,Course Lock,196.8,67,16.4,93,NE,S,6.71,6.93,Calm,False,False,Android,7.0.2,M300 RTK,1ZN7L4R0H1D00F,1W9DL31001461C,1ZMLH8300204F0,1Z6PH74DAP0QN7,"Corona, CA",728.3,5.7,137.7,8.547347,2.013246,0,0,DJI Matrice 300 RTK,M300 RTK,1ZN7L4R0H1D00F,1W9DL31001461C,1ZMLH8300204F0,1Z6PH74DAP0QN7,DJI Pilot,Android,7.0.2,1EF72A62-B7C3-C88D-164E-CE6F8C8424AE,1ZN7L4R0H1D00F,1W9DL31001461C,,1ZMLH8300204F0,1W9DL31001461C,,,,,
2023-11-01,11:25:24.44 AM,1m 2.1s,62.1,33.80217772772,-117.4665402034573,30.8,30.8,17.7,1295,304.0,5.410436,5.538403,-4.697574,0,-2.684328,1.342164,-0.223694,0,0.1,0.3,0.3,-149.5,210.5,208.4,Tripod,Other,,21,5,True,,True,False,,Smart,RC,False,True,False,,,True,,False,False,False,False,False,False,False,False,False,False,0,Follow Yaw,-88.9,0,-157.3,202.7,False,False,False,False,False,,0,0,False,False,No Card,100,100,1024,1342,1202,1024,2,False,False,False,False,False,0,False,False,False,False,96,,47.664,,9641,,10044,,47.664,,True,3.974,3.974,3.974,3.974,3.974,3.974,3.974,3.974,3.974,3.974,3.974,3.974,0,,False,False,True,,,,,,,,,,,,,,,False,False,19.394,,80.0,,75.7,,80.0,,1796,42,3,16,7,144496.1,19266.15,,Idle,,20,,10,,,20,Go Home,False,False,False,False,False,False,False,False,False,False,False,False,33.8027920380556,-117.4659261431046,291.3,2972.0,1049.4,396.9,True,1,1,False,False,False,False,,True,False,False,Course Lock,196.8,67,16.4,93,NE,S,6.71,6.93,Calm,False,False,Android,7.0.2,M300 RTK,1ZN7L4R0H1D00F,1W9DL31001461C,1ZMLH8300204F0,1Z6PH74DAP0QN7,"Corona, CA",728.3,5.7,137.7,8.547347,2.013246,0,0,DJI Matrice 300 RTK,M300 RTK,1ZN7L4R0H1D00F,1W9DL31001461C,1ZMLH8300204F0,1Z6PH74DAP0QN7,DJI Pilot,Android,7.0.2,1EF72A62-B7C3-C88D-164E-CE6F8C8424AE,1ZN7L4R0H1D00F,1W9DL31001461C,,1ZMLH8300204F0,1W9DL31001461C,,,,,
2023-11-01,11:25:24.54 AM,1m 2.2s,62.2,33.802175743573,-117.4665415222566,30.8,30.8,17.7,1295,304.8,5.410436,5.538403,-4.697574,0,-2.684328,1.342164,-0.223694,0,0.2,0,0.2,-149.4,210.6,208.9,Tripod,Other,,21,5,True,,True,False,,Smart,RC,False,True,False,,,True,,False,False,False,False,False,False,False,False,False,False,0,Follow Yaw,-88.9,0,-157.2,202.8,False,False,False,False,False,,0,0,False,False,No Card,100,100,1024,1344,1206,1024,2,False,False,False,False,False,0,False,False,False,False,96,,47.664,,9641,,10044,,47.664,,True,3.974,3.974,3.974,3.974,3.974,3.974,3.974,3.974,3.974,3.974,3.974,3.974,0,,False,False,True,,,,,,,,,,,,,,,False,False,19.394,,80.0,,75.7,,80.0,,1796,42,3,16,7,144496.1,19266.15,,Idle,,20,,10,,,20,Go Home,False,False,False,False,False,False,False,False,False,False,False,False,33.8027920380556,-117.4659261431046,292.1,2972.0,1049.4,396.9,True,1,1,False,False,False,False,,True,False,False,Course Lock,196.8,67,16.4,93,NE,S,6.71,6.93,Calm,False,False,Android,7.0.2,M300 RTK,1ZN7L4R0H1D00F,1W9DL31001461C,1ZMLH8300204F0,1Z6PH74DAP0QN7,"Corona, CA",728.3,5.7,137.7,8.547347,2.013246,0,0,DJI Matrice 300 RTK,M300 RTK,1ZN7L4R0H1D00F,1W9DL31001461C,1ZMLH8300204F0,1Z6PH74DAP0QN7,DJI Pilot,Android,7.0.2,1EF72A62-B7C3-C88D-164E-CE6F8C8424AE,1ZN7L4R0H1D00F,1W9DL31001461C,,1ZMLH8300204F0,1W9DL31001461C,,,,,
2023-11-01,11:25:24.64 AM,1m 2.3s,62.3,33.8021736881524,-117.4665428799798,30.8,30.8,17.7,1295,305.7,5.410436,5.538403,-4.697574,0,-2.684328,1.342164,-0.223694,0,0.2,-0.5,0.5,-149.4,210.6,208.7,Tripod,Other,,21,5,True,,True,False,,Smart,RC,False,True,False,,,True,,False,False,False,False,False,False,False,False,False,False,0,Follow Yaw,-88.9,0,-157.2,202.8,False,False,False,False,False,,0,0,False,False,No Card,100,100,1024,1343,1207,1024,2,False,False,False,False,False,0,False,False,False,False,96,,47.664,,9641,,10044,,47.664,,True,3.974,3.974,3.974,3.974,3.974,3.974,3.974,3.974,3.974,3.974,3.974,3.974,0,,False,False,True,,,,,,,,,,,,,,,False,False,19.394,,80.0,,75.7,,80.0,,1797,42,3,16,7,144272.9,19236.39,,Idle,,20,,10,,,20,Go Home,False,False,False,False,False,False,False,False,False,False,False,False,33.8027920380556,-117.4659261431046,292.9,2972.0,1049.4,396.9,True,1,1,False,False,False,False,,True,False,False,Course Lock,196.8,67,16.4,93,NE,S,6.71,6.93,Calm,False,False,Android,7.0.2,M300 RTK,1ZN7L4R0H1D00F,1W9DL31001461C,1ZMLH8300204F0,1Z6PH74DAP0QN7,"Corona, CA",728.3,5.7,137.7,8.547347,2.013246,0,0,DJI Matrice 300 RTK,M300 RTK,1ZN7L4R0H1D00F,1W9DL31001461C,1ZMLH8300204F0,1Z6PH74DAP0QN7,DJI Pilot,Android,7.0.2,1EF72A62-B7C3-C88D-164E-CE6F8C8424AE,1ZN7L4R0H1D00F,1W9DL31001461C,,1ZMLH8300204F0,1W9DL31001461C,,,,,
2023-11-01,11:25:24.74 AM,1m 2.4s,62.4,33.8021717034571,-117.4665442264877,30.8,30.8,17.7,1295,306.5,5.410436,5.538403,-4.697574,0,-2.684328,1.342164,-0.223694,0,0.2,-0.8,0.8,-149.3,210.7,209.4,Tripod,Other,,21,5,True,,True,False,,Smart,RC,False,True,False,,,True,,False,False,False,False,False,False,False,False,False,False,0,Follow Yaw,-88.9,0,-157.2,202.8,False,False,False,False,False,,0,0,False,False,No Card,100,100,1024,1343,1206,1024,2,False,False,False,False,False,0,False,False,False,False,96,,47.664,,9641,,10044,,47.664,,True,3.974,3.974,3.974,3.974,3.974,3.974,3.974,3.974,3.974,3.974,3.974,3.974,0,,False,False,True,,,,,,,,,,,,,,,False,False,19.394,,80.0,,75.7,,80.0,,1797,42,3,16,7,144272.9,19236.39,,Idle,,20,,10,,,20,Go Home,False,False,False,False,False,False,False,False,False,False,False,False,33.8027920380556,-117.4659261431046,293.8,2972.0,1049.4,396.9,True,1,1,False,False,False,False,,True,False,False,Course Lock,196.8,67,16.4,93,NE,S,6.71,6.93,Calm,False,False,Android,7.0.2,M300 RTK,1ZN7L4R0H1D00F,1W9DL31001461C,1ZMLH8300204F0,1Z6PH74DAP0QN7,"Corona, CA",728.3,5.7,137.7,8.547347,2.013246,0,0,DJI Matrice 300 RTK,M300 RTK,1ZN7L4R0H1D00F,1W9DL31001461C,1ZMLH8300204F0,1Z6PH74DAP0QN7,DJI Pilot,Android,7.0.2,1EF72A62-B7C3-C88D-164E-CE6F8C8424AE,1ZN7L4R0H1D00F,1W9DL31001461C,,1ZMLH8300204F0,1W9DL31001461C,,,,,
2023-11-01,11:25:24.85 AM,1m 2.5s,62.5,33.8021698432165,-117.466545620496,30.8,30.8,17.7,1295,307.3,5.410436,5.538403,-4.697574,0,-2.684328,1.342164,-0.223694,0,0.3,-1,1,-149.2,210.8,211.9,Tripod,Other,,21,5,True,,True,False,,Smart,RC,False,True,False,,,True,,False,False,False,False,False,False,False,False,False,False,0,Follow Yaw,-88.9,0,-157.2,202.8,False,False,False,False,False,,0,0,False,False,No Card,100,100,1024,1343,1207,1024,2,False,False,False,False,False,0,False,False,False,False,96,,47.664,,9641,,10044,,47.664,,True,3.974,3.974,3.974,3.974,3.974,3.974,3.974,3.974,3.974,3.974,3.974,3.974,0,,False,False,True,,,,,,,,,,,,,,,False,False,19.394,,80.0,,75.7,,80.0,,1797,42,3,16,7,144272.9,19236.39,,Idle,,20,,10,,,20,Go Home,False,False,False,False,False,False,False,False,False,False,False,False,33.8027920380556,-117.4659261431046,294.5,2972.0,1049.4,396.9,True,1,1,False,False,False,False,,True,False,False,Course Lock,196.8,67,16.4,93,NE,S,6.71,6.93,Calm,False,False,Android,7.0.2,M300 RTK,1ZN7L4R0H1D00F,1W9DL31001461C,1ZMLH8300204F0,1Z6PH74DAP0QN7,"Corona, CA",728.3,5.7,137.7,8.547347,2.013246,0,0,DJI Matrice 300 RTK,M300 RTK,1ZN7L4R0H1D00F,1W9DL31001461C,1ZMLH8300204F0,1Z6PH74DAP0QN7,DJI Pilot,Android,7.0.2,1EF72A62-B7C3-C88D-164E-CE6F8C8424AE,1ZN7L4R0H1D00F,1W9DL31001461C,,1ZMLH8300204F0,1W9DL31001461C,,,,,
2023-11-01,11:25:24.94 AM,1m 2.6s,62.6,33.8021678563282,-117.466546968983,31.1,31.1,17.7,1295,308.1,5.410436,5.538403,-4.697574,0,-2.684328,1.342164,-0.223694,0,0.4,-1.1,1.1,-149.2,210.8,209.4,Tripod,Other,,21,5,True,,True,False,,Smart,RC,False,True,False,,,True,,False,False,False,False,False,False,False,False,False,False,0,Follow Yaw,-88.9,0,-157.2,202.8,False,False,False,False,False,,0,0,False,False,No Card,100,100,1024,1340,1210,1024,2,False,False,False,False,False,0,False,False,False,False,96,,47.664,,9641,,10044,,47.664,,True,3.974,3.974,3.974,3.974,3.974,3.974,3.974,3.974,3.974,3.974,3.974,3.974,0,,False,False,True,,,,,,,,,,,,,,,False,False,19.394,,80.0,,75.7,,80.0,,1797,42,3,16,7,144272.9,19236.39,,Idle,,20,,10,,,20,Go Home,False,False,False,False,False,False,False,False,False,False,False,False,33.8027920380556,-117.4659261431046,295.4,2972.0,1049.4,396.9,True,1,1,False,False,False,False,,True,False,False,Course Lock,196.8,67,16.4,93,NE,S,6.71,6.93,Calm,False,False,Android,7.0.2,M300 RTK,1ZN7L4R0H1D00F,1W9DL31001461C,1ZMLH8300204F0,1Z6PH74DAP0QN7,"Corona, CA",728.3,5.7,137.7,8.547347,2.013246,0,0,DJI Matrice 300 RTK,M300 RTK,1ZN7L4R0H1D00F,1W9DL31001461C,1ZMLH8300204F0,1Z6PH74DAP0QN7,DJI Pilot,Android,7.0.2,1EF72A62-B7C3-C88D-164E-CE6F8C8424AE,1ZN7L4R0H1D00F,1W9DL31001461C,,1ZMLH8300204F0,1W9DL31001461C,,,,,
2023-11-01,11:25:25.05 AM,1m 2.7s,62.7,33.8021659599025,-117.4665482422608,31.1,31.1,17.7,1295,308.9,5.410436,5.538403,-4.697574,0,-2.684328,1.342164,-0.223694,0,0.5,-1.3,1.3,-149.2,210.8,209.1,Tripod,Other,,21,5,True,,True,False,,Smart,RC,False,True,False,,,True,,False,False,False,False,False,False,False,False,False,False,0,Follow Yaw,-88.9,0,-157.2,202.8,False,False,False,False,False,,0,0,False,False,No Card,100,100,1024,1341,1210,1024,2,False,False,False,False,False,0,False,False,False,False,96,,47.628,,4786,,4986,,47.628,,True,3.974,3.974,3.974,3.974,3.974,3.974,3.974,3.974,3.974,3.974,3.974,3.974,0,,False,False,True,,,,,,,,,,,,,,,False,False,9.506,,79.3,,75.7,,80.0,,1797,42,3,16,7,144272.9,19236.39,,Idle,,20,,10,,,20,Go Home,False,False,False,False,False,False,False,False,False,False,False,False,33.8027920380556,-117.4659261431046,296.1,2972.0,1049.4,396.9,True,1,1,False,False,False,False,,True,False,False,Course Lock,196.8,67,16.4,93,NE,S,6.71,6.93,Calm,False,False,Android,7.0.2,M300 RTK,1ZN7L4R0H1D00F,1W9DL31001461C,1ZMLH8300204F0,1Z6PH74DAP0QN7,"Corona, CA",728.3,5.7,137.7,8.547347,2.013246,0,0,DJI Matrice 300 RTK,M300 RTK,1ZN7L4R0H1D00F,1W9DL31001461C,1ZMLH8300204F0,1Z6PH74DAP0QN7,DJI Pilot,Android,7.0.2,1EF72A62-B7C3-C88D-164E-CE6F8C8424AE,1ZN7L4R0H1D00F,1W9DL31001461C,,1ZMLH8300204F0,1W9DL31001461C,,,,,
2023-11-01,11:25:25.14 AM,1m 2.8s,62.8,33.8021639779485,-117.4665495768936,31.1,31.1,17.7,1295,309.8,5.410436,5.538403,-4.697574,0,-2.684328,1.342164,-0.223694,0,0.6,-1.5,1.6,-149.3,210.7,209.2,Tripod,Other,,21,5,True,,True,False,,Smart,RC,False,True,False,,,True,,False,False,False,False,False,False,False,False,False,False,0,Follow Yaw,-88.9,0,-157.2,202.8,False,False,False,False,False,,0,0,False,False,No Card,100,100,1024,1344,1209,1024,2,False,False,False,False,False,0,False,False,False,False,96,,47.628,,4786,,4986,,47.628,,True,3.974,3.974,3.974,3.974,3.974,3.974,3.974,3.974,3.974,3.974,3.974,3.974,0,,False,False,True,,,,,,,,,,,,,,,False,False,9.506,,79.3,,75.7,,80.0,,1797,42,3,16,7,144272.9,19236.39,,Idle,,20,,10,,,20,Go Home,False,False,False,False,False,False,False,False,False,False,False,False,33.8027920380556,-117.4659261431046,297.0,2972.0,1049.4,396.9,True,1,1,False,False,False,False,,True,False,False,Course Lock,196.8,67,16.4,93,NE,S,6.71,6.93,Calm,False,False,Android,7.0.2,M300 RTK,1ZN7L4R0H1D00F,1W9DL31001461C,1ZMLH8300204F0,1Z6PH74DAP0QN7,"Corona, CA",728.3,5.7,137.7,8.547347,2.013246,0,0,DJI Matrice 300 RTK,M300 RTK,1ZN7L4R0H1D00F,1W9DL31001461C,1ZMLH8300204F0,1Z6PH74DAP0QN7,DJI Pilot,Android,7.0.2,1EF72A62-B7C3-C88D-164E-CE6F8C8424AE,1ZN7L4R0H1D00F,1W9DL31001461C,,1ZMLH8300204F0,1W9DL31001461C,,,,,
2023-11-01,11:25:25.26 AM,1m 2.9s,62.9,33.8021620573995,-117.4665510837156,31.1,31.1,17.7,1295,310.6,5.410436,5.538403,-4.697574,0,-2.684328,1.342164,-0.223694,0,0.5,-1.3,1.3,-149.3,210.7,213.1,Tripod,Other,,21,5,True,,True,False,,Smart,RC,False,True,False,,,True,,False,False,False,False,False,False,False,False,False,False,0,Follow Yaw,-88.9,0,-157.2,202.8,False,False,False,False,False,,0,0,False,False,No Card,100,100,1024,1349,1208,1024,2,False,False,False,False,False,0,False,False,False,False,96,,47.628,,4786,,4986,,47.628,,True,3.974,3.974,3.974,3.974,3.974,3.974,3.974,3.974,3.974,3.974,3.974,3.974,0,,False,False,True,,,,,,,,,,,,,,,False,False,9.506,,79.3,,75.7,,80.0,,1797,42,3,16,7,144272.9,19236.39,,Idle,,20,,10,,,20,Go Home,False,False,False,False,False,False,False,False,False,False,False,False,33.8027920380556,-117.4659261431046,297.8,2972.0,1049.4,396.9,True,1,1,False,False,False,False,,True,False,False,Course Lock,196.8,67,16.4,93,NE,S,6.71,6.93,Calm,False,False,Android,7.0.2,M300 RTK,1ZN7L4R0H1D00F,1W9DL31001461C,1ZMLH8300204F0,1Z6PH74DAP0QN7,"Corona, CA",728.3,5.7,137.7,8.547347,2.013246,0,0,DJI Matrice 300 RTK,M300 RTK,1ZN7L4R0H1D00F,1W9DL31001461C,1ZMLH8300204F0,1Z6PH74DAP0QN7,DJI Pilot,Android,7.0.2,1EF72A62-B7C3-C88D-164E-CE6F8C8424AE,1ZN7L4R0H1D00F,1W9DL31001461C,,1ZMLH8300204F0,1W9DL31001461C,,,,,
2023-11-01,11:25:25.36 AM,1m 3.0s,63.0,33.802160076542,-117.4665524157094,31.1,31.1,17.7,1295,311.4,5.410436,5.538403,-4.697574,0,-2.684328,1.342164,-0.223694,0,0.1,-1.1,1.1,-149.3,210.7,209.1,Tripod,Other,,21,5,True,,True,False,,Smart,RC,False,True,False,,,True,,False,False,False,False,False,False,False,False,False,False,0,Follow Yaw,-88.9,0,-157.2,202.8,False,False,False,False,False,,0,0,False,False,No Card,100,100,1024,1349,1208,1024,2,False,False,False,False,False,0,False,False,False,False,96,,47.64,,9641,,10044,,47.64,,True,3.974,3.974,3.974,3.974,3.974,3.974,3.974,3.974,3.974,3.974,3.974,3.974,0,,False,False,True,,,,,,,,,,,,,,,False,False,19.474,,80.2,,75.7,,80.2,,1797,42,3,16,7,144272.9,19236.39,,Idle,,20,,10,,,20,Go Home,False,False,False,False,False,False,False,False,False,False,False,False,33.8027920380556,-117.4659261431046,298.6,2972.0,1049.4,396.9,True,1,1,False,False,False,False,,True,False,False,Course Lock,196.8,67,16.4,93,NE,S,6.71,6.93,Calm,False,False,Android,7.0.2,M300 RTK,1ZN7L4R0H1D00F,1W9DL31001461C,1ZMLH8300204F0,1Z6PH74DAP0QN7,"Corona, CA",728.3,5.7,137.7,8.547347,2.013246,0,0,DJI Matrice 300 RTK,M300 RTK,1ZN7L4R0H1D00F,1W9DL31001461C,1ZMLH8300204F0,1Z6PH74DAP0QN7,DJI Pilot,Android,7.0.2,1EF72A62-B7C3-C88D-164E-CE6F8C8424AE,1ZN7L4R0H1D00F,1W9DL31001461C,,1ZMLH8300204F0,1W9DL31001461C,,,,,
2023-11-01,11:25:25.46 AM,1m 3.1s,63.1,33.8021580002876,-117.4665537147167,31.1,31.1,17.7,1295,312.3,5.410436,5.538403,-4.697574,0,-2.684328,1.342164,-0.223694,0,-0.2,-0.9,0.9,-149.2,210.8,207.4,Tripod,Other,,21,5,True,,True,False,,Smart,RC,False,True,False,,,True,,False,False,False,False,False,False,False,False,False,False,0,Follow Yaw,-88.9,0,-157.2,202.8,False,False,False,False,False,,0,0,False,False,No Card,100,100,1024,1353,1209,1024,2,False,False,False,False,False,0,False,False,False,False,96,,47.64,,9641,,10044,,47.64,,True,3.974,3.974,3.974,3.974,3.974,3.974,3.974,3.974,3.974,3.974,3.974,3.974,0,,False,False,True,,,,,,,,,,,,,,,False,False,19.474,,80.2,,75.7,,80.2,,1797,42,3,16,7,144272.9,19236.39,,Idle,,20,,10,,,20,Go Home,False,False,False,False,False,False,False,False,False,False,False,False,33.8027920380556,-117.4659261431046,299.4,2972.0,1049.4,396.9,True,1,1,False,False,False,False,,True,False,False,Course Lock,196.8,67,16.4,93,NE,S,6.71,6.93,Calm,False,False,Android,7.0.2,M300 RTK,1ZN7L4R0H1D00F,1W9DL31001461C,1ZMLH8300204F0,1Z6PH74DAP0QN7,"Corona, CA",728.3,5.7,137.7,8.547347,2.013246,0,0,DJI Matrice 300 RTK,M300 RTK,1ZN7L4R0H1D00F,1W9DL31001461C,1ZMLH8300204F0,1Z6PH74DAP0QN7,DJI Pilot,Android,7.0.2,1EF72A62-B7C3-C88D-164E-CE6F8C8424AE,1ZN7L4R0H1D00F,1W9DL31001461C,,1ZMLH8300204F0,1W9DL31001461C,,,,,
2023-11-01,11:25:25.57 AM,1m 3.2s,63.2,33.8021559996929,-117.4665550361548,31.1,31.1,17.7,1295,313.1,5.410436,5.538403,-4.697574,0,-2.684328,1.342164,-0.223694,0,-0.3,-0.7,0.7,-149.2,210.8,208.7,Tripod,Other,,21,5,True,,True,False,,Smart,RC,False,True,False,,,True,,False,False,False,False,False,False,False,False,False,False,0,Follow Yaw,-88.9,0,-157.2,202.8,False,False,False,False,False,,0,0,False,False,No Card,100,100,1024,1355,1208,1024,2,False,False,False,False,False,0,False,False,False,False,96,,47.64,,9641,,10044,,47.64,,True,3.974,3.974,3.974,3.974,3.974,3.974,3.974,3.974,3.974,3.974,3.974,3.974,0,,False,False,True,,,,,,,,,,,,,,,False,False,19.474,,80.2,,75.7,,80.2,,1797,42,3,16,7,144272.9,19236.39,,Idle,,20,,10,,,20,Go Home,False,False,False,False,False,False,False,False,False,False,False,False,33.8027920380556,-117.4659261431046,300.3,2972.0,1049.4,396.9,True,1,1,False,False,False,False,,True,False,False,Course Lock,196.8,67,16.4,93,NE,S,6.71,6.93,Calm,False,False,Android,7.0.2,M300 RTK,1ZN7L4R0H1D00F,1W9DL31001461C,1ZMLH8300204F0,1Z6PH74DAP0QN7,"Corona, CA",728.3,5.7,137.7,8.547347,2.013246,0,0,DJI Matrice 300 RTK,M300 RTK,1ZN7L4R0H1D00F,1W9DL31001461C,1ZMLH8300204F0,1Z6PH74DAP0QN7,DJI Pilot,Android,7.0.2,1EF72A62-B7C3-C88D-164E-CE6F8C8424AE,1ZN7L4R0H1D00F,1W9DL31001461C,,1ZMLH8300204F0,1W9DL31001461C,,,,,
2023-11-01,11:25:25.67 AM,1m 3.3s,63.3,33.8021540928503,-117.4665562051954,31.4,31.4,17.7,1295,313.9,5.410436,5.538403,-4.697574,0,-2.684328,1.342164,-0.223694,0,-0.3,-0.5,0.5,-149.1,210.9,206.9,Tripod,Other,,21,5,True,,True,False,,Smart,RC,False,True,False,,,True,,False,False,False,False,False,False,False,False,False,False,0,Follow Yaw,-88.9,0,-157.2,202.8,False,False,False,False,False,,0,0,False,False,No Card,100,100,1024,1362,1207,1024,2,False,False,False,False,False,0,False,False,False,False,96,,47.64,,9641,,10044,,47.64,,True,3.973,3.973,3.973,3.973,3.973,3.973,3.973,3.973,3.973,3.973,3.973,3.973,0,,False,False,True,,,,,,,,,,,,,,,False,False,19.474,,80.2,,75.7,,80.2,,1798,42,3,16,7,144203.9,19227.19,,Idle,,20,,10,,,20,Go Home,False,False,False,False,False,False,False,False,False,False,False,False,33.8027920380556,-117.4659261431046,301.0,2972.0,1049.4,396.9,True,1,1,False,False,False,False,,True,False,False,Course Lock,196.8,67,16.4,93,NE,S,6.71,6.93,Calm,False,False,Android,7.0.2,M300 RTK,1ZN7L4R0H1D00F,1W9DL31001461C,1ZMLH8300204F0,1Z6PH74DAP0QN7,"Corona, CA",728.3,5.7,137.7,8.547347,2.013246,0,0,DJI Matrice 300 RTK,M300 RTK,1ZN7L4R0H1D00F,1W9DL31001461C,1ZMLH8300204F0,1Z6PH74DAP0QN7,DJI Pilot,Android,7.0.2,1EF72A62-B7C3-C88D-164E-CE6F8C8424AE,1ZN7L4R0H1D00F,1W9DL31001461C,,1ZMLH8300204F0,1W9DL31001461C,,,,,
2023-11-01,11:25:25.78 AM,1m 3.4s,63.4,33.802152086773,-117.4665575121194,31.4,31.4,17.7,1295,314.7,5.410436,5.538403,-4.697574,0,-2.684328,1.342164,-0.223694,0,-0.3,-0.4,0.5,-149,211,208.4,Tripod,Other,,21,5,True,,True,False,,Smart,RC,False,True,False,,,True,,False,False,False,False,False,False,False,False,False,False,0,Follow Yaw,-88.9,0,-157.2,202.8,False,False,False,False,False,,0,0,False,False,No Card,100,100,1024,1362,1206,1024,2,False,False,False,False,False,0,False,False,False,False,96,,47.64,,9641,,10044,,47.64,,True,3.973,3.973,3.973,3.973,3.973,3.973,3.973,3.973,3.973,3.973,3.973,3.973,0,,False,False,True,,,,,,,,,,,,,,,False,False,19.474,,80.2,,75.7,,80.2,,1798,42,3,16,7,144203.9,19227.19,,Idle,,20,,10,,,20,Go Home,False,False,False,False,False,False,False,False,False,False,False,False,33.8027920380556,-117.4659261431046,301.8,2972.0,1049.4,396.9,True,1,1,False,False,False,False,,True,False,False,Course Lock,196.8,67,16.4,93,NE,S,6.71,6.93,Calm,False,False,Android,7.0.2,M300 RTK,1ZN7L4R0H1D00F,1W9DL31001461C,1ZMLH8300204F0,1Z6PH74DAP0QN7,"Corona, CA",728.3,5.7,137.7,8.547347,2.013246,0,0,DJI Matrice 300 RTK,M300 RTK,1ZN7L4R0H1D00F,1W9DL31001461C,1ZMLH8300204F0,1Z6PH74DAP0QN7,DJI Pilot,Android,7.0.2,1EF72A62-B7C3-C88D-164E-CE6F8C8424AE,1ZN7L4R0H1D00F,1W9DL31001461C,,1ZMLH8300204F0,1W9DL31001461C,,,,,
2023-11-01,11:25:25.88 AM,1m 3.5s,63.5,33.8021501821234,-117.4665587919946,31.4,31.4,18.0,1295,315.5,5.410436,5.538403,-4.697574,0,-2.684328,1.342164,-0.223694,0,-0.3,-0.4,0.5,-148.9,211.1,209.1,Tripod,Other,,21,5,True,,True,False,,Smart,RC,False,True,False,,,True,,False,False,False,False,False,False,False,False,False,False,0,Follow Yaw,-88.9,0,-157.2,202.8,False,False,False,False,False,,0,0,False,False,No Card,100,100,1024,1362,1206,1024,2,False,False,False,False,False,0,False,False,False,False,96,,47.64,,9641,,10044,,47.64,,True,3.973,3.973,3.973,3.973,3.973,3.973,3.973,3.973,3.973,3.973,3.973,3.973,0,,False,False,True,,,,,,,,,,,,,,,False,False,19.474,,80.2,,75.7,,80.2,,1798,42,3,16,7,144203.9,19227.19,,Idle,,20,,10,,,20,Go Home,False,False,False,False,False,False,False,False,False,False,False,False,33.8027920380556,-117.4659261431046,302.6,2972.0,1049.4,396.9,True,1,1,False,False,False,False,,True,False,False,Course Lock,196.8,67,16.4,93,NE,S,6.71,6.93,Calm,False,False,Android,7.0.2,M300 RTK,1ZN7L4R0H1D00F,1W9DL31001461C,1ZMLH8300204F0,1Z6PH74DAP0QN7,"Corona, CA",728.3,5.7,137.7,8.547347,2.013246,0,0,DJI Matrice 300 RTK,M300 RTK,1ZN7L4R0H1D00F,1W9DL31001461C,1ZMLH8300204F0,1Z6PH74DAP0QN7,DJI Pilot,Android,7.0.2,1EF72A62-B7C3-C88D-164E-CE6F8C8424AE,1ZN7L4R0H1D00F,1W9DL31001461C,,1ZMLH8300204F0,1W9DL31001461C,,,,,
2023-11-01,11:25:25.94 AM,1m 3.6s,63.6,33.8021481754978,-117.4665601114536,31.4,31.4,18.0,1295,316.4,5.410436,5.538403,-4.697574,0,-2.684328,1.342164,-0.223694,0,-0.2,-0.4,0.4,-148.9,211.1,208.6,Tripod,Other,,20,5,True,,True,False,,Smart,RC,False,True,False,,,True,,False,False,False,False,False,False,False,False,False,False,0,Follow Yaw,-88.9,0,-157.2,202.8,False,False,False,False,False,,0,0,False,False,No Card,100,100,1024,1364,1205,1024,2,False,False,False,False,False,0,False,False,False,False,96,,47.64,,9641,,10044,,47.64,,True,3.973,3.973,3.973,3.973,3.973,3.973,3.973,3.973,3.973,3.973,3.973,3.973,0,,False,False,True,,,,,,,,,,,,,,,False,False,19.474,,80.2,,75.7,,80.2,,1798,42,3,16,7,144203.9,19227.19,,Idle,,20,,10,,,20,Go Home,False,False,False,False,False,False,False,False,False,False,False,False,33.8027920380556,-117.4659261431046,303.4,2972.0,1049.4,396.9,True,1,1,False,False,False,False,,True,False,False,Course Lock,196.8,67,16.4,93,NE,S,6.48,6.93,Calm,False,False,Android,7.0.2,M300 RTK,1ZN7L4R0H1D00F,1W9DL31001461C,1ZMLH8300204F0,1Z6PH74DAP0QN7,"Corona, CA",728.3,5.7,137.7,8.547347,2.013246,0,0,DJI Matrice 300 RTK,M300 RTK,1ZN7L4R0H1D00F,1W9DL31001461C,1ZMLH8300204F0,1Z6PH74DAP0QN7,DJI Pilot,Android,7.0.2,1EF72A62-B7C3-C88D-164E-CE6F8C8424AE,1ZN7L4R0H1D00F,1W9DL31001461C,,1ZMLH8300204F0,1W9DL31001461C,,,,,
2023-11-01,11:25:26.04 AM,1m 3.7s,63.7,33.802146123915,-117.466561432232,31.4,31.4,18.0,1295,317.2,5.410436,5.538403,-4.697574,0,-2.684328,1.342164,-0.223694,0,-0.2,-0.3,0.3,-148.9,211.1,208.1,Tripod,Other,,20,5,True,,True,False,,Smart,RC,False,True,False,,,True,,False,False,False,False,False,False,False,False,False,False,0,Follow Yaw,-88.9,0,-157.2,202.8,False,False,False,False,False,,0,0,False,False,No Card,100,100,1024,1365,1204,1024,2,False,False,False,False,False,0,False,False,False,False,96,,47.64,,9641,,10044,,47.64,,True,3.973,3.973,3.973,3.973,3.973,3.973,3.973,3.973,3.973,3.973,3.973,3.973,0,,False,False,True,,,,,,,,,,,,,,,False,False,19.474,,80.2,,75.7,,80.2,,1798,42,3,16,7,144203.9,19227.19,,Idle,,20,,10,,,20,Go Home,False,False,False,False,False,False,False,False,False,False,False,False,33.8027920380556,-117.4659261431046,304.3,2972.0,1049.4,396.9,True,1,1,False,False,False,False,,True,False,False,Course Lock,196.8,67,16.4,93,NE,S,6.48,6.93,Calm,False,False,Android,7.0.2,M300 RTK,1ZN7L4R0H1D00F,1W9DL31001461C,1ZMLH8300204F0,1Z6PH74DAP0QN7,"Corona, CA",728.3,5.7,137.7,8.547347,2.013246,0,0,DJI Matrice 300 RTK,M300 RTK,1ZN7L4R0H1D00F,1W9DL31001461C,1ZMLH8300204F0,1Z6PH74DAP0QN7,DJI Pilot,Android,7.0.2,1EF72A62-B7C3-C88D-164E-CE6F8C8424AE,1ZN7L4R0H1D00F,1W9DL31001461C,,1ZMLH8300204F0,1W9DL31001461C,,,,,
2023-11-01,11:25:26.14 AM,1m 3.8s,63.8,33.8021441052277,-117.4665627642258,31.4,31.4,18.0,1295,318.0,5.410436,5.538403,-4.697574,0,-2.684328,1.342164,-0.223694,0,-0.3,-0.4,0.5,-148.9,211.1,208.7,Tripod,Other,,21,5,True,,True,False,,Smart,RC,False,True,False,,,True,,False,False,False,False,False,False,False,False,False,False,0,Follow Yaw,-88.9,0,-157.2,202.8,False,False,False,False,False,,0,0,False,False,No Card,100,100,1024,1369,1203,1024,2,False,False,False,False,False,0,False,False,False,False,96,,47.64,,9641,,10044,,47.64,,True,3.973,3.973,3.973,3.973,3.973,3.973,3.973,3.973,3.973,3.973,3.973,3.973,0,,False,False,True,,,,,,,,,,,,,,,False,False,19.474,,80.2,,75.7,,80.2,,1798,42,3,16,7,144203.9,19227.19,,Idle,,20,,10,,,20,Go Home,False,False,False,False,False,False,False,False,False,False,False,False,33.8027920380556,-117.4659261431046,305.1,2972.0,1049.4,396.9,True,1,1,False,False,False,False,,True,False,False,Course Lock,196.8,67,16.4,93,NE,S,6.48,6.93,Calm,False,False,Android,7.0.2,M300 RTK,1ZN7L4R0H1D00F,1W9DL31001461C,1ZMLH8300204F0,1Z6PH74DAP0QN7,"Corona, CA",728.3,5.7,137.7,8.547347,2.013246,0,0,DJI Matrice 300 RTK,M300 RTK,1ZN7L4R0H1D00F,1W9DL31001461C,1ZMLH8300204F0,1Z6PH74DAP0QN7,DJI Pilot,Android,7.0.2,1EF72A62-B7C3-C88D-164E-CE6F8C8424AE,1ZN7L4R0H1D00F,1W9DL31001461C,,1ZMLH8300204F0,1W9DL31001461C,,,,,
2023-11-01,11:25:26.24 AM,1m 3.9s,63.9,33.8021420975056,-117.4665642624714,31.8,31.8,18.0,1296,318.9,5.410436,5.538403,-4.697574,0,-2.684328,1.342164,-0.223694,0,-0.4,-0.5,0.6,-148.8,211.2,211.8,Tripod,Other,,21,5,True,,True,False,,Smart,RC,False,True,False,,,True,,False,False,False,False,False,False,False,False,False,False,0,Follow Yaw,-88.9,0,-157.2,202.8,False,False,False,False,False,,0,0,False,False,No Card,100,100,1024,1369,1203,1024,2,False,False,False,False,False,0,False,False,False,False,96,,47.616,,4786,,4986,,47.616,,True,3.973,3.973,3.973,3.973,3.973,3.973,3.973,3.973,3.973,3.973,3.973,3.973,0,,False,False,True,,,,,,,,,,,,,,,False,False,9.602,,79.3,,75.7,,80.2,,1798,42,3,16,7,144203.9,19227.19,,Idle,,20,,10,,,20,Go Home,False,False,False,False,False,False,False,False,False,False,False,False,33.8027920380556,-117.4659261431046,306.0,2972.0,1049.4,396.9,True,1,1,False,False,False,False,,True,False,False,Course Lock,196.8,67,16.4,93,NE,S,6.48,6.93,Calm,False,False,Android,7.0.2,M300 RTK,1ZN7L4R0H1D00F,1W9DL31001461C,1ZMLH8300204F0,1Z6PH74DAP0QN7,"Corona, CA",728.3,5.7,137.7,8.547347,2.013246,0,0,DJI Matrice 300 RTK,M300 RTK,1ZN7L4R0H1D00F,1W9DL31001461C,1ZMLH8300204F0,1Z6PH74DAP0QN7,DJI Pilot,Android,7.0.2,1EF72A62-B7C3-C88D-164E-CE6F8C8424AE,1ZN7L4R0H1D00F,1W9DL31001461C,,1ZMLH8300204F0,1W9DL31001461C,,,,,
2023-11-01,11:25:26.34 AM,1m 4.0s,64.0,33.8021400788183,-117.4665656287711,31.8,31.8,18.0,1296,319.8,5.410436,5.538403,-4.697574,0,-2.684328,1.342164,-0.223694,0,-0.5,-0.6,0.7,-148.9,211.1,209.3,Tripod,Other,,20,5,True,,True,False,,Smart,RC,False,True,False,,,True,,False,False,False,False,False,False,False,False,False,False,0,Follow Yaw,-88.9,0,-157.2,202.8,False,False,False,False,False,,0,0,False,False,No Card,100,100,1024,1368,1203,1024,2,False,False,False,False,False,0,False,False,False,False,96,,47.664,,9641,,10044,,47.664,,True,3.973,3.973,3.973,3.973,3.973,3.973,3.973,3.973,3.973,3.973,3.973,3.973,0,,False,False,True,,,,,,,,,,,,,,,False,False,19.642,,80.2,,75.7,,80.2,,1798,42,3,16,7,144203.9,19227.19,,Idle,,20,,10,,,20,Go Home,False,False,False,False,False,False,False,False,False,False,False,False,33.8027920380556,-117.4659261431046,306.8,2972.0,1049.4,396.9,True,1,1,False,False,False,False,,True,False,False,Course Lock,196.8,67,16.4,93,NE,S,6.48,6.93,Calm,False,False,Android,7.0.2,M300 RTK,1ZN7L4R0H1D00F,1W9DL31001461C,1ZMLH8300204F0,1Z6PH74DAP0QN7,"Corona, CA",728.3,5.7,137.7,8.547347,2.013246,0,0,DJI Matrice 300 RTK,M300 RTK,1ZN7L4R0H1D00F,1W9DL31001461C,1ZMLH8300204F0,1Z6PH74DAP0QN7,DJI Pilot,Android,7.0.2,1EF72A62-B7C3-C88D-164E-CE6F8C8424AE,1ZN7L4R0H1D00F,1W9DL31001461C,,1ZMLH8300204F0,1W9DL31001461C,,,,,
2023-11-01,11:25:26.44 AM,1m 4.1s,64.1,33.8021380952196,-117.4665670729189,31.8,31.8,18.0,1296,320.6,5.410436,5.538403,-4.697574,0,-2.684328,1.342164,-0.223694,0,-0.6,-0.8,1,-148.9,211.1,211.1,Tripod,Other,,20,5,True,,True,False,,Smart,RC,False,True,False,,,True,,False,False,False,False,False,False,False,False,False,False,0,Follow Yaw,-88.9,0,-157.2,202.8,False,False,False,False,False,,0,0,False,False,No Card,100,100,1024,1368,1204,1024,2,False,False,False,False,False,0,False,False,False,False,96,,47.664,,9641,,10044,,47.664,,True,3.973,3.973,3.973,3.973,3.973,3.973,3.973,3.973,3.973,3.973,3.973,3.973,0,,False,False,True,,,,,,,,,,,,,,,False,False,19.642,,80.2,,75.7,,80.2,,1798,42,3,16,7,144203.9,19227.19,,Idle,,20,,10,,,20,Go Home,False,False,False,False,False,False,False,False,False,False,False,False,33.8027920380556,-117.4659261431046,307.6,2972.0,1049.4,396.9,True,1,1,False,False,False,False,,True,False,False,Course Lock,196.8,67,16.4,93,NE,S,6.48,6.93,Calm,False,False,Android,7.0.2,M300 RTK,1ZN7L4R0H1D00F,1W9DL31001461C,1ZMLH8300204F0,1Z6PH74DAP0QN7,"Corona, CA",728.3,5.7,137.7,8.547347,2.013246,0,0,DJI Matrice 300 RTK,M300 RTK,1ZN7L4R0H1D00F,1W9DL31001461C,1ZMLH8300204F0,1Z6PH74DAP0QN7,DJI Pilot,Android,7.0.2,1EF72A62-B7C3-C88D-164E-CE6F8C8424AE,1ZN7L4R0H1D00F,1W9DL31001461C,,1ZMLH8300204F0,1W9DL31001461C,,,,,
2023-11-01,11:25:26.54 AM,1m 4.2s,64.2,33.8021360710497,-117.46656846033,31.8,31.8,18.0,1296,321.4,5.410436,5.538403,-4.697574,0,-2.684328,1.342164,-0.223694,0,-0.6,-1,1.1,-149,211,209.6,Tripod,Other,,21,5,True,,True,False,,Smart,RC,False,True,False,,,True,,False,False,False,False,False,False,False,False,False,False,0,Follow Yaw,-88.9,0,-157.2,202.8,False,False,False,False,False,,0,0,False,False,No Card,100,100,1024,1369,1203,1024,2,False,False,False,False,False,0,False,False,False,False,96,,47.664,,9641,,10044,,47.664,,True,3.973,3.973,3.973,3.973,3.973,3.973,3.973,3.973,3.973,3.973,3.973,3.973,0,,False,False,True,,,,,,,,,,,,,,,False,False,19.642,,80.2,,75.7,,80.2,,1798,42,3,16,7,144203.9,19227.19,,Idle,,20,,10,,,20,Go Home,False,False,False,False,False,False,False,False,False,False,False,False,33.8027920380556,-117.4659261431046,308.5,2972.0,1049.4,396.9,True,1,1,False,False,False,False,,True,False,False,Course Lock,196.8,67,16.4,93,NE,S,6.48,6.93,Calm,False,False,Android,7.0.2,M300 RTK,1ZN7L4R0H1D00F,1W9DL31001461C,1ZMLH8300204F0,1Z6PH74DAP0QN7,"Corona, CA",728.3,5.7,137.7,8.547347,2.013246,0,0,DJI Matrice 300 RTK,M300 RTK,1ZN7L4R0H1D00F,1W9DL31001461C,1ZMLH8300204F0,1Z6PH74DAP0QN7,DJI Pilot,Android,7.0.2,1EF72A62-B7C3-C88D-164E-CE6F8C8424AE,1ZN7L4R0H1D00F,1W9DL31001461C,,1ZMLH8300204F0,1W9DL31001461C,,,,,
2023-11-01,11:25:26.64 AM,1m 4.3s,64.3,33.8021340660689,-117.4665696907255,31.8,31.8,18.0,1296,322.3,5.605755,5.605755,-4.921268,0,-2.684328,1.342164,-0.223694,0,-0.5,-1.1,1.2,-149,211,207.0,Tripod,Other,,21,5,True,,True,False,,Smart,RC,False,True,False,,,True,,False,False,False,False,False,False,False,False,False,False,0,Follow Yaw,-88.9,0,-157.2,202.8,False,False,False,False,False,,0,0,False,False,No Card,100,100,1024,1371,1201,1024,2,False,False,False,False,False,0,False,False,False,False,96,,47.664,,9641,,10044,,47.664,,True,3.97,3.97,3.97,3.97,3.97,3.97,3.97,3.97,3.97,3.97,3.97,3.97,0,,False,False,True,,,,,,,,,,,,,,,False,False,19.642,,80.2,,75.7,,80.2,,1798,43,3,16,7,144321.6,19242.88,,Idle,,20,,10,,,20,Go Home,False,False,False,False,False,False,False,False,False,False,False,False,33.8027920380556,-117.4659261431046,309.3,2972.0,1049.4,396.9,True,1,1,False,False,False,False,,True,False,False,Course Lock,196.8,67,16.4,93,NE,S,6.48,6.93,Calm,False,False,Android,7.0.2,M300 RTK,1ZN7L4R0H1D00F,1W9DL31001461C,1ZMLH8300204F0,1Z6PH74DAP0QN7,"Corona, CA",728.3,5.7,137.7,8.547347,2.013246,0,0,DJI Matrice 300 RTK,M300 RTK,1ZN7L4R0H1D00F,1W9DL31001461C,1ZMLH8300204F0,1Z6PH74DAP0QN7,DJI Pilot,Android,7.0.2,1EF72A62-B7C3-C88D-164E-CE6F8C8424AE,1ZN7L4R0H1D00F,1W9DL31001461C,,1ZMLH8300204F0,1W9DL31001461C,,,,,
2023-11-01,11:25:26.74 AM,1m 4.4s,64.4,33.8021320259995,-117.4665710768171,31.8,31.8,18.0,1296,323.1,5.605755,5.605755,-4.921268,0,-2.684328,1.342164,-0.223694,0,-0.4,-1.2,1.2,-149,211,209.4,Tripod,Other,,20,5,True,,True,False,,Smart,RC,False,True,False,,,True,,False,False,False,False,False,False,False,False,False,False,0,Follow Yaw,-88.9,0,-157.2,202.8,False,False,False,False,False,,0,0,False,False,No Card,100,100,1024,1371,1201,1024,2,False,False,False,False,False,0,False,False,False,False,96,,47.664,,9641,,10044,,47.664,,True,3.97,3.97,3.97,3.97,3.97,3.97,3.97,3.97,3.97,3.97,3.97,3.97,0,,False,False,True,,,,,,,,,,,,,,,False,False,19.642,,80.2,,75.7,,80.2,,1798,43,3,16,7,144321.6,19242.88,,Idle,,20,,10,,,20,Go Home,False,False,False,False,False,False,False,False,False,False,False,False,33.8027920380556,-117.4659261431046,310.1,2972.0,1049.4,396.9,True,1,1,False,False,False,False,,True,False,False,Course Lock,196.8,67,16.4,93,NE,S,6.48,6.93,Calm,False,False,Android,7.0.2,M300 RTK,1ZN7L4R0H1D00F,1W9DL31001461C,1ZMLH8300204F0,1Z6PH74DAP0QN7,"Corona, CA",728.3,5.7,137.7,8.547347,2.013246,0,0,DJI Matrice 300 RTK,M300 RTK,1ZN7L4R0H1D00F,1W9DL31001461C,1ZMLH8300204F0,1Z6PH74DAP0QN7,DJI Pilot,Android,7.0.2,1EF72A62-B7C3-C88D-164E-CE6F8C8424AE,1ZN7L4R0H1D00F,1W9DL31001461C,,1ZMLH8300204F0,1W9DL31001461C,,,,,
2023-11-01,11:25:26.84 AM,1m 4.5s,64.5,33.8021300204704,-117.4665725565903,32.1,32.1,18.0,1296,324.0,5.605755,5.605755,-4.921268,0,-2.684328,1.342164,-0.223694,0,-0.4,-1,1,-149,211,211.5,Tripod,Other,,20,5,True,,True,False,,Smart,RC,False,True,False,,,True,,False,False,False,False,False,False,False,False,False,False,0,Follow Yaw,-88.9,0,-157.2,202.8,False,False,False,False,False,,0,0,False,False,No Card,100,100,1024,1372,1198,1024,2,False,False,False,False,False,0,False,False,False,False,96,,47.664,,9641,,10044,,47.664,,True,3.97,3.97,3.97,3.97,3.97,3.97,3.97,3.97,3.97,3.97,3.97,3.97,0,,False,False,True,,,,,,,,,,,,,,,False,False,19.642,,80.2,,75.7,,80.2,,1798,43,3,16,7,144321.6,19242.88,,Idle,,20,,10,,,20,Go Home,False,False,False,False,False,False,False,False,False,False,False,False,33.8027920380556,-117.4659261431046,311.0,2972.0,1049.4,396.9,True,1,1,False,False,False,False,,True,False,False,Course Lock,196.8,67,16.4,93,NE,S,6.48,6.93,Calm,False,False,Android,7.0.2,M300 RTK,1ZN7L4R0H1D00F,1W9DL31001461C,1ZMLH8300204F0,1Z6PH74DAP0QN7,"Corona, CA",728.3,5.7,137.7,8.547347,2.013246,0,0,DJI Matrice 300 RTK,M300 RTK,1ZN7L4R0H1D00F,1W9DL31001461C,1ZMLH8300204F0,1Z6PH74DAP0QN7,DJI Pilot,Android,7.0.2,1EF72A62-B7C3-C88D-164E-CE6F8C8424AE,1ZN7L4R0H1D00F,1W9DL31001461C,,1ZMLH8300204F0,1W9DL31001461C,,,,,
2023-11-01,11:25:26.94 AM,1m 4.6s,64.6,33.8021279699842,-117.4665739446611,32.1,32.1,18.0,1296,324.8,5.605755,5.605755,-4.921268,0,-2.684328,1.342164,-0.223694,0,-0.5,-0.9,1,-149,211,209.3,Tripod,Other,,20,5,True,,True,False,,Smart,RC,False,True,False,,,True,,False,False,False,False,False,False,False,False,False,False,0,Follow Yaw,-88.9,0,-157.2,202.8,False,False,False,False,False,,0,0,False,False,No Card,100,100,1024,1371,1198,1024,2,False,False,False,False,False,0,False,False,False,False,96,,47.664,,9641,,10044,,47.664,,True,3.97,3.97,3.97,3.97,3.97,3.97,3.97,3.97,3.97,3.97,3.97,3.97,0,,False,False,True,,,,,,,,,,,,,,,False,False,19.642,,80.2,,75.7,,80.2,,1798,43,3,16,7,144321.6,19242.88,,Idle,,20,,10,,,20,Go Home,False,False,False,False,False,False,False,False,False,False,False,False,33.8027920380556,-117.4659261431046,311.8,2972.0,1049.4,396.9,True,1,1,False,False,False,False,,True,False,False,Course Lock,196.8,67,16.4,93,NE,S,6.48,6.93,Calm,False,False,Android,7.0.2,M300 RTK,1ZN7L4R0H1D00F,1W9DL31001461C,1ZMLH8300204F0,1Z6PH74DAP0QN7,"Corona, CA",728.3,5.7,137.7,8.547347,2.013246,0,0,DJI Matrice 300 RTK,M300 RTK,1ZN7L4R0H1D00F,1W9DL31001461C,1ZMLH8300204F0,1Z6PH74DAP0QN7,DJI Pilot,Android,7.0.2,1EF72A62-B7C3-C88D-164E-CE6F8C8424AE,1ZN7L4R0H1D00F,1W9DL31001461C,,1ZMLH8300204F0,1W9DL31001461C,,,,,
2023-11-01,11:25:27.04 AM,1m 4.7s,64.7,33.8021256733299,-117.4665752383905,32.1,32.1,18.0,1296,325.8,5.605755,5.605755,-4.921268,0,-2.684328,1.342164,-0.223694,0,-0.5,-0.9,1,-149,211,205.0,Tripod,Other,,20,5,True,,True,False,,Smart,RC,False,True,False,,,True,,False,False,False,False,False,False,False,False,False,False,0,Follow Yaw,-88.9,0,-157.2,202.8,False,False,False,False,False,,0,0,False,False,No Card,100,100,1024,1370,1200,1024,2,False,False,False,False,False,0,False,False,False,False,96,,47.664,,9641,,10044,,47.664,,True,3.97,3.97,3.97,3.97,3.97,3.97,3.97,3.97,3.97,3.97,3.97,3.97,0,,False,False,True,,,,,,,,,,,,,,,False,False,19.642,,80.2,,75.7,,80.2,,1798,43,3,16,7,144321.6,19242.88,,Idle,,20,,10,,,20,Go Home,False,False,False,False,False,False,False,False,False,False,False,False,33.8027920380556,-117.4659261431046,312.7,2972.0,1049.4,396.9,True,1,1,False,False,False,False,,True,False,False,Course Lock,196.8,67,16.4,93,NE,S,6.48,6.93,Calm,False,False,Android,7.0.2,M300 RTK,1ZN7L4R0H1D00F,1W9DL31001461C,1ZMLH8300204F0,1Z6PH74DAP0QN7,"Corona, CA",728.3,5.7,137.7,8.547347,2.013246,0,0,DJI Matrice 300 RTK,M300 RTK,1ZN7L4R0H1D00F,1W9DL31001461C,1ZMLH8300204F0,1Z6PH74DAP0QN7,DJI Pilot,Android,7.0.2,1EF72A62-B7C3-C88D-164E-CE6F8C8424AE,1ZN7L4R0H1D00F,1W9DL31001461C,,1ZMLH8300204F0,1W9DL31001461C,,,,,
2023-11-01,11:25:27.11 AM,1m 4.8s,64.8,33.8021235893998,-117.4665766238224,32.1,32.1,18.0,1296,326.6,5.605755,5.605755,-4.921268,0,-2.684328,1.342164,-0.223694,0,-0.6,-0.9,1,-149,211,208.9,Tripod,Other,,20,5,True,,True,False,,Smart,RC,False,True,False,,,True,,False,False,False,False,False,False,False,False,False,False,0,Follow Yaw,-88.9,0,-157.2,202.8,False,False,False,False,False,,0,0,False,False,No Card,100,100,1024,1367,1201,1024,2,False,False,False,False,False,0,False,False,False,False,96,,47.664,,9641,,10044,,47.664,,True,3.97,3.97,3.97,3.97,3.97,3.97,3.97,3.97,3.97,3.97,3.97,3.97,0,,False,False,True,,,,,,,,,,,,,,,False,False,19.642,,80.2,,75.7,,80.2,,1798,43,3,16,7,144321.6,19242.88,,Idle,,20,,10,,,20,Go Home,False,False,False,False,False,False,False,False,False,False,False,False,33.8027920380556,-117.4659261431046,313.6,2972.0,1049.4,396.9,True,1,1,False,False,False,False,,True,False,False,Course Lock,196.8,67,16.4,93,NE,S,6.48,6.93,Calm,False,False,Android,7.0.2,M300 RTK,1ZN7L4R0H1D00F,1W9DL31001461C,1ZMLH8300204F0,1Z6PH74DAP0QN7,"Corona, CA",728.3,5.7,137.7,8.547347,2.013246,0,0,DJI Matrice 300 RTK,M300 RTK,1ZN7L4R0H1D00F,1W9DL31001461C,1ZMLH8300204F0,1Z6PH74DAP0QN7,DJI Pilot,Android,7.0.2,1EF72A62-B7C3-C88D-164E-CE6F8C8424AE,1ZN7L4R0H1D00F,1W9DL31001461C,,1ZMLH8300204F0,1W9DL31001461C,,,,,
2023-11-01,11:25:27.24 AM,1m 4.9s,64.9,33.8021215208211,-117.4665780521367,32.1,32.1,17.7,1296,327.5,5.605755,5.605755,-4.921268,0,-2.684328,1.342164,-0.223694,0,-0.6,-0.9,1,-149.1,210.9,209.8,Tripod,Other,,20,5,True,,True,False,,Smart,RC,False,True,False,,,True,,False,False,False,False,False,False,False,False,False,False,0,Follow Yaw,-88.9,0,-157.2,202.8,False,False,False,False,False,,0,0,False,False,No Card,100,100,1024,1366,1202,1024,2,False,False,False,False,False,0,False,False,False,False,96,,47.664,,9641,,10044,,47.664,,True,3.97,3.97,3.97,3.97,3.97,3.97,3.97,3.97,3.97,3.97,3.97,3.97,0,,False,False,True,,,,,,,,,,,,,,,False,False,19.642,,80.2,,75.7,,80.2,,1798,43,3,16,7,144321.6,19242.88,,Idle,,20,,10,,,20,Go Home,False,False,False,False,False,False,False,False,False,False,False,False,33.8027920380556,-117.4659261431046,314.4,2972.0,1049.4,396.9,True,1,1,False,False,False,False,,True,False,False,Course Lock,196.8,67,16.4,93,NE,S,6.48,6.93,Calm,False,False,Android,7.0.2,M300 RTK,1ZN7L4R0H1D00F,1W9DL31001461C,1ZMLH8300204F0,1Z6PH74DAP0QN7,"Corona, CA",728.3,5.7,137.7,8.547347,2.013246,0,0,DJI Matrice 300 RTK,M300 RTK,1ZN7L4R0H1D00F,1W9DL31001461C,1ZMLH8300204F0,1Z6PH74DAP0QN7,DJI Pilot,Android,7.0.2,1EF72A62-B7C3-C88D-164E-CE6F8C8424AE,1ZN7L4R0H1D00F,1W9DL31001461C,,1ZMLH8300204F0,1W9DL31001461C,,,,,
2023-11-01,11:25:27.34 AM,1m 5.0s,65.0,33.8021194231846,-117.4665794501034,32.1,32.1,17.7,1296,328.4,5.716246,5.716246,-4.921268,0,-2.908022,1.342164,-0.223694,0,-0.6,-0.8,1,-149,211,208.9,Tripod,Other,,21,5,True,,True,False,,Smart,RC,False,True,False,,,True,,False,False,False,False,False,False,False,False,False,False,0,Follow Yaw,-88.9,0,-157.2,202.8,False,False,False,False,False,,0,0,False,False,No Card,100,100,1024,1368,1201,1024,2,False,False,False,False,False,0,False,False,False,False,96,,47.616,,9641,,10044,,47.616,,True,3.97,3.97,3.97,3.97,3.97,3.97,3.97,3.97,3.97,3.97,3.97,3.97,0,,False,False,True,,,,,,,,,,,,,,,False,False,19.46,,80.2,,75.7,,80.2,,1798,43,3,16,7,144321.6,19242.88,,Idle,,20,,10,,,20,Go Home,False,False,False,False,False,False,False,False,False,False,False,False,33.8027920380556,-117.4659261431046,315.3,2972.0,1049.4,396.9,True,1,1,False,False,False,False,,True,False,False,Course Lock,196.8,67,16.4,93,NE,S,6.48,6.93,Calm,False,False,Android,7.0.2,M300 RTK,1ZN7L4R0H1D00F,1W9DL31001461C,1ZMLH8300204F0,1Z6PH74DAP0QN7,"Corona, CA",728.3,5.7,137.7,8.547347,2.013246,0,0,DJI Matrice 300 RTK,M300 RTK,1ZN7L4R0H1D00F,1W9DL31001461C,1ZMLH8300204F0,1Z6PH74DAP0QN7,DJI Pilot,Android,7.0.2,1EF72A62-B7C3-C88D-164E-CE6F8C8424AE,1ZN7L4R0H1D00F,1W9DL31001461C,,1ZMLH8300204F0,1W9DL31001461C,,,,,
2023-11-01,11:25:27.43 AM,1m 5.1s,65.1,33.8021173836635,-117.4665809015083,32.1,32.1,17.7,1296,329.2,5.716246,5.716246,-4.921268,0,-2.908022,1.342164,-0.223694,0,-0.6,-0.7,0.9,-149,211,210.5,Tripod,Other,,21,5,True,,True,False,,Smart,RC,False,True,False,,,True,,False,False,False,False,False,False,False,False,False,False,0,Follow Yaw,-88.9,0,-157.2,202.8,False,False,False,False,False,,0,0,False,False,No Card,100,100,1024,1367,1201,1024,2,False,False,False,False,False,0,False,False,False,False,96,,47.616,,9641,,10044,,47.616,,True,3.97,3.97,3.97,3.97,3.97,3.97,3.97,3.97,3.97,3.97,3.97,3.97,0,,False,False,True,,,,,,,,,,,,,,,False,False,19.46,,80.2,,75.7,,80.2,,1798,43,3,16,7,144321.6,19242.88,,Idle,,20,,10,,,20,Go Home,False,False,False,False,False,False,False,False,False,False,False,False,33.8027920380556,-117.4659261431046,316.1,2972.0,1049.4,396.9,True,1,1,False,False,False,False,,True,False,False,Course Lock,196.8,67,16.4,93,NE,S,6.48,6.93,Calm,False,False,Android,7.0.2,M300 RTK,1ZN7L4R0H1D00F,1W9DL31001461C,1ZMLH8300204F0,1Z6PH74DAP0QN7,"Corona, CA",728.3,5.7,137.7,8.547347,2.013246,0,0,DJI Matrice 300 RTK,M300 RTK,1ZN7L4R0H1D00F,1W9DL31001461C,1ZMLH8300204F0,1Z6PH74DAP0QN7,DJI Pilot,Android,7.0.2,1EF72A62-B7C3-C88D-164E-CE6F8C8424AE,1ZN7L4R0H1D00F,1W9DL31001461C,,1ZMLH8300204F0,1W9DL31001461C,,,,,
2023-11-01,11:25:27.54 AM,1m 5.2s,65.2,33.8021152783514,-117.4665823126696,32.4,32.4,18.0,1296,330.1,5.716246,5.716246,-4.921268,0,-2.908022,1.342164,-0.223694,0,-0.5,-0.7,0.8,-149,211,209.1,Tripod,Other,,21,5,True,,True,False,,Smart,RC,False,True,False,,,True,,False,False,False,False,False,False,False,False,False,False,0,Follow Yaw,-88.9,0,-157.2,202.8,False,False,False,False,False,,0,0,False,False,No Card,100,100,1024,1366,1202,1024,2,False,False,False,False,False,0,False,False,False,False,96,,47.616,,9641,,10044,,47.616,,True,3.97,3.97,3.97,3.97,3.97,3.97,3.97,3.97,3.97,3.97,3.97,3.97,0,,False,False,True,,,,,,,,,,,,,,,False,False,19.46,,80.2,,75.7,,80.2,,1798,43,3,16,7,144321.6,19242.88,,Idle,,20,,10,,,20,Go Home,False,False,False,False,False,False,False,False,False,False,False,False,33.8027920380556,-117.4659261431046,317.0,2972.0,1049.4,396.9,True,1,1,False,False,False,False,,True,False,False,Course Lock,196.8,67,16.4,93,NE,S,6.48,6.93,Calm,False,False,Android,7.0.2,M300 RTK,1ZN7L4R0H1D00F,1W9DL31001461C,1ZMLH8300204F0,1Z6PH74DAP0QN7,"Corona, CA",728.3,5.7,137.7,8.547347,2.013246,0,0,DJI Matrice 300 RTK,M300 RTK,1ZN7L4R0H1D00F,1W9DL31001461C,1ZMLH8300204F0,1Z6PH74DAP0QN7,DJI Pilot,Android,7.0.2,1EF72A62-B7C3-C88D-164E-CE6F8C8424AE,1ZN7L4R0H1D00F,1W9DL31001461C,,1ZMLH8300204F0,1W9DL31001461C,,,,,
2023-11-01,11:25:27.64 AM,1m 5.3s,65.3,33.8021131034104,-117.4665837330672,32.4,32.4,17.7,1296,331.0,5.716246,5.716246,-4.921268,0,-2.908022,1.342164,-0.223694,0,-0.4,-0.7,0.8,-149,211,208.4,Tripod,Other,,21,5,True,,True,False,,Smart,RC,False,True,False,,,True,,False,False,False,False,False,False,False,False,False,False,0,Follow Yaw,-88.9,0,-157.2,202.8,False,False,False,False,False,,0,0,False,False,No Card,100,100,1024,1364,1203,1024,2,False,False,False,False,False,0,False,False,False,False,96,,47.616,,9641,,10044,,47.616,,True,3.97,3.97,3.97,3.97,3.97,3.97,3.97,3.97,3.97,3.97,3.97,3.97,0,,False,False,True,,,,,,,,,,,,,,,False,False,19.46,,80.2,,75.7,,80.2,,1799,43,3,16,7,144584.8,19277.98,,Idle,,20,,10,,,20,Go Home,False,False,False,False,False,False,False,False,False,False,False,False,33.8027920380556,-117.4659261431046,317.9,2972.0,1049.4,396.9,True,1,1,False,False,False,False,,True,False,False,Course Lock,196.8,67,16.4,93,NE,S,6.26,6.93,Calm,False,False,Android,7.0.2,M300 RTK,1ZN7L4R0H1D00F,1W9DL31001461C,1ZMLH8300204F0,1Z6PH74DAP0QN7,"Corona, CA",728.3,5.7,137.7,8.547347,2.013246,0,0,DJI Matrice 300 RTK,M300 RTK,1ZN7L4R0H1D00F,1W9DL31001461C,1ZMLH8300204F0,1Z6PH74DAP0QN7,DJI Pilot,Android,7.0.2,1EF72A62-B7C3-C88D-164E-CE6F8C8424AE,1ZN7L4R0H1D00F,1W9DL31001461C,,1ZMLH8300204F0,1W9DL31001461C,,,,,
2023-11-01,11:25:27.74 AM,1m 5.4s,65.4,33.8021109860366,-117.4665851580828,32.4,32.4,17.7,1296,331.9,5.716246,5.716246,-4.921268,0,-2.908022,1.342164,-0.223694,0,-0.3,-0.7,0.7,-149,211,209.2,Tripod,Other,,21,5,True,,True,False,,Smart,RC,False,True,False,,,True,,False,False,False,False,False,False,False,False,False,False,0,Follow Yaw,-88.9,0,-157.2,202.8,False,False,False,False,False,,0,0,False,False,No Card,100,100,1024,1364,1203,1024,2,False,False,False,False,False,0,False,False,False,False,96,,47.616,,9641,,10044,,47.616,,True,3.97,3.97,3.97,3.97,3.97,3.97,3.97,3.97,3.97,3.97,3.97,3.97,0,,False,False,True,,,,,,,,,,,,,,,False,False,19.46,,80.2,,75.7,,80.2,,1799,43,3,16,7,144584.8,19277.98,,Idle,,20,,10,,,20,Go Home,False,False,False,False,False,False,False,False,False,False,False,False,33.8027920380556,-117.4659261431046,318.8,2972.0,1049.4,396.9,True,1,1,False,False,False,False,,True,False,False,Course Lock,196.8,67,16.4,93,NE,S,6.26,6.93,Calm,False,False,Android,7.0.2,M300 RTK,1ZN7L4R0H1D00F,1W9DL31001461C,1ZMLH8300204F0,1Z6PH74DAP0QN7,"Corona, CA",728.3,5.7,137.7,8.547347,2.013246,0,0,DJI Matrice 300 RTK,M300 RTK,1ZN7L4R0H1D00F,1W9DL31001461C,1ZMLH8300204F0,1Z6PH74DAP0QN7,DJI Pilot,Android,7.0.2,1EF72A62-B7C3-C88D-164E-CE6F8C8424AE,1ZN7L4R0H1D00F,1W9DL31001461C,,1ZMLH8300204F0,1W9DL31001461C,,,,,
2023-11-01,11:25:27.84 AM,1m 5.5s,65.5,33.8021090243682,-117.4665869004283,32.4,32.4,17.7,1296,332.8,5.716246,5.716246,-4.921268,0,-2.908022,1.342164,-0.223694,0,-0.4,-0.7,0.8,-148.9,211.1,216.4,Tripod,Other,,21,5,True,,True,False,,Smart,RC,False,True,False,,,True,,False,False,False,False,False,False,False,False,False,False,0,Follow Yaw,-88.9,0,-157.2,202.8,False,False,False,False,False,,0,0,False,False,No Card,100,100,1024,1365,1202,1024,2,False,False,False,False,False,0,False,False,False,False,96,,47.616,,9641,,10044,,47.616,,True,3.97,3.97,3.97,3.97,3.97,3.97,3.97,3.97,3.97,3.97,3.97,3.97,0,,False,False,True,,,,,,,,,,,,,,,False,False,19.46,,80.2,,75.7,,80.2,,1799,43,3,16,7,144584.8,19277.98,,Idle,,20,,10,,,20,Go Home,False,False,False,False,False,False,False,False,False,False,False,False,33.8027920380556,-117.4659261431046,319.7,2972.0,1049.4,396.9,True,1,1,False,False,False,False,,True,False,False,Course Lock,196.8,67,16.4,93,NE,S,6.26,6.93,Calm,False,False,Android,7.0.2,M300 RTK,1ZN7L4R0H1D00F,1W9DL31001461C,1ZMLH8300204F0,1Z6PH74DAP0QN7,"Corona, CA",728.3,5.7,137.7,8.547347,2.013246,0,0,DJI Matrice 300 RTK,M300 RTK,1ZN7L4R0H1D00F,1W9DL31001461C,1ZMLH8300204F0,1Z6PH74DAP0QN7,DJI Pilot,Android,7.0.2,1EF72A62-B7C3-C88D-164E-CE6F8C8424AE,1ZN7L4R0H1D00F,1W9DL31001461C,,1ZMLH8300204F0,1W9DL31001461C,,,,,
2023-11-01,11:25:27.94 AM,1m 5.6s,65.6,33.8021069185078,-117.4665883656875,32.4,32.4,17.7,1296,333.7,5.716246,5.716246,-4.921268,0,-2.908022,1.342164,-0.223694,0,-0.6,-0.7,0.9,-149,211,210.0,Tripod,Other,,21,5,True,,True,False,,Smart,RC,False,True,False,,,True,,False,False,False,False,False,False,False,False,False,False,0,Follow Yaw,-88.9,0,-157.2,202.8,False,False,False,False,False,,0,0,False,False,No Card,100,100,1024,1367,1202,1024,2,False,False,False,False,False,0,False,False,False,False,96,,47.616,,9641,,10044,,47.616,,True,3.97,3.97,3.97,3.97,3.97,3.97,3.97,3.97,3.97,3.97,3.97,3.97,0,,False,False,True,,,,,,,,,,,,,,,False,False,19.46,,80.2,,75.7,,80.2,,1799,43,3,16,7,144584.8,19277.98,,Idle,,20,,10,,,20,Go Home,False,False,False,False,False,False,False,False,False,False,False,False,33.8027920380556,-117.4659261431046,320.5,2972.0,1049.4,396.9,True,1,1,False,False,False,False,,True,False,False,Course Lock,196.8,67,16.4,93,NE,S,6.26,6.93,Calm,False,False,Android,7.0.2,M300 RTK,1ZN7L4R0H1D00F,1W9DL31001461C,1ZMLH8300204F0,1Z6PH74DAP0QN7,"Corona, CA",728.3,5.7,137.7,8.547347,2.013246,0,0,DJI Matrice 300 RTK,M300 RTK,1ZN7L4R0H1D00F,1W9DL31001461C,1ZMLH8300204F0,1Z6PH74DAP0QN7,DJI Pilot,Android,7.0.2,1EF72A62-B7C3-C88D-164E-CE6F8C8424AE,1ZN7L4R0H1D00F,1W9DL31001461C,,1ZMLH8300204F0,1W9DL31001461C,,,,,
2023-11-01,11:25:28.04 AM,1m 5.7s,65.7,33.8021046476217,-117.4665897194523,32.4,32.4,18.0,1296,334.6,5.909926,5.909926,-5.144962,0,-2.908022,1.342164,-0.223694,0,-0.7,-0.8,1,-149,211,206.3,Tripod,Other,,21,5,True,,True,False,,Smart,RC,False,True,False,,,True,,False,False,False,False,False,False,False,False,False,False,0,Follow Yaw,-88.9,0,-157.2,202.8,False,False,False,False,False,,0,0,False,False,No Card,100,100,1024,1366,1202,1024,2,False,False,False,False,False,0,False,False,False,False,96,,47.604,,4786,,4986,,47.604,,True,3.97,3.97,3.97,3.97,3.97,3.97,3.97,3.97,3.97,3.97,3.97,3.97,0,,False,False,True,,,,,,,,,,,,,,,False,False,9.418,,79.5,,75.7,,80.2,,1799,43,3,16,7,144584.8,19277.98,,Idle,,20,,10,,,20,Go Home,False,False,False,False,False,False,False,False,False,False,False,False,33.8027920380556,-117.4659261431046,321.4,2972.0,1049.4,396.9,True,1,1,False,False,False,False,,True,False,False,Course Lock,196.8,67,16.4,93,NE,S,6.26,6.93,Calm,False,False,Android,7.0.2,M300 RTK,1ZN7L4R0H1D00F,1W9DL31001461C,1ZMLH8300204F0,1Z6PH74DAP0QN7,"Corona, CA",728.3,5.7,137.7,8.547347,2.013246,0,0,DJI Matrice 300 RTK,M300 RTK,1ZN7L4R0H1D00F,1W9DL31001461C,1ZMLH8300204F0,1Z6PH74DAP0QN7,DJI Pilot,Android,7.0.2,1EF72A62-B7C3-C88D-164E-CE6F8C8424AE,1ZN7L4R0H1D00F,1W9DL31001461C,,1ZMLH8300204F0,1W9DL31001461C,,,,,
2023-11-01,11:25:28.15 AM,1m 5.8s,65.8,33.8021025138002,-117.4665911952672,32.4,32.4,17.7,1296,335.5,5.909926,5.909926,-5.144962,0,-2.908022,1.342164,-0.223694,0,-0.6,-0.9,1,-148.9,211.1,209.8,Tripod,Other,,21,5,True,,True,False,,Smart,RC,False,True,False,,,True,,False,False,False,False,False,False,False,False,False,False,0,Follow Yaw,-88.9,0,-157.2,202.8,False,False,False,False,False,,0,0,False,False,No Card,100,100,1024,1364,1203,1024,2,False,False,False,False,False,0,False,False,False,False,96,,47.604,,4786,,4986,,47.604,,True,3.97,3.97,3.97,3.97,3.97,3.97,3.97,3.97,3.97,3.97,3.97,3.97,0,,False,False,True,,,,,,,,,,,,,,,False,False,9.418,,79.5,,75.7,,80.2,,1799,43,3,16,7,144584.8,19277.98,,Idle,,20,,10,,,20,Go Home,False,False,False,False,False,False,False,False,False,False,False,False,33.8027920380556,-117.4659261431046,322.3,2972.0,1049.4,396.9,True,1,1,False,False,False,False,,True,False,False,Course Lock,196.8,67,16.4,93,NE,S,6.26,6.93,Calm,False,False,Android,7.0.2,M300 RTK,1ZN7L4R0H1D00F,1W9DL31001461C,1ZMLH8300204F0,1Z6PH74DAP0QN7,"Corona, CA",728.3,5.7,137.7,8.547347,2.013246,0,0,DJI Matrice 300 RTK,M300 RTK,1ZN7L4R0H1D00F,1W9DL31001461C,1ZMLH8300204F0,1Z6PH74DAP0QN7,DJI Pilot,Android,7.0.2,1EF72A62-B7C3-C88D-164E-CE6F8C8424AE,1ZN7L4R0H1D00F,1W9DL31001461C,,1ZMLH8300204F0,1W9DL31001461C,,,,,
2023-11-01,11:25:28.25 AM,1m 5.9s,65.9,33.802100423291,-117.4665927020893,32.8,32.8,17.7,1297,336.4,5.909926,5.909926,-5.144962,0,-2.908022,1.342164,-0.223694,0,-0.5,-0.9,1,-148.9,211.1,210.9,Tripod,Other,,21,5,True,,True,False,,Smart,RC,False,True,False,,,True,,False,False,False,False,False,False,False,False,False,False,0,Follow Yaw,-88.9,0,-157.2,202.8,False,False,False,False,False,,0,0,False,False,No Card,100,100,1024,1362,1204,1024,2,False,False,False,False,False,0,False,False,False,False,96,,47.604,,4786,,4986,,47.604,,True,3.97,3.97,3.97,3.97,3.97,3.97,3.97,3.97,3.97,3.97,3.97,3.97,0,,False,False,True,,,,,,,,,,,,,,,False,False,9.418,,79.5,,75.7,,80.2,,1799,43,3,16,7,144584.8,19277.98,,Idle,,20,,10,,,20,Go Home,False,False,False,False,False,False,False,False,False,False,False,False,33.8027920380556,-117.4659261431046,323.2,2972.0,1049.4,396.9,True,1,1,False,False,False,False,,True,False,False,Course Lock,196.8,67,16.4,93,NE,S,6.26,6.93,Calm,False,False,Android,7.0.2,M300 RTK,1ZN7L4R0H1D00F,1W9DL31001461C,1ZMLH8300204F0,1Z6PH74DAP0QN7,"Corona, CA",728.3,5.7,137.7,8.547347,2.013246,0,0,DJI Matrice 300 RTK,M300 RTK,1ZN7L4R0H1D00F,1W9DL31001461C,1ZMLH8300204F0,1Z6PH74DAP0QN7,DJI Pilot,Android,7.0.2,1EF72A62-B7C3-C88D-164E-CE6F8C8424AE,1ZN7L4R0H1D00F,1W9DL31001461C,,1ZMLH8300204F0,1W9DL31001461C,,,,,
2023-11-01,11:25:28.35 AM,1m 6.0s,66.0,33.8020982850834,-117.4665941930779,32.8,32.8,17.7,1297,337.3,5.909926,5.909926,-5.144962,0,-2.908022,1.342164,-0.223694,0,-0.3,-0.9,0.9,-148.9,211.1,210.0,Tripod,Other,,21,5,True,,True,False,,Smart,RC,False,True,False,,,True,,False,False,False,False,False,False,False,False,False,False,0,Follow Yaw,-88.9,0,-157.2,202.8,False,False,False,False,False,,0,0,False,False,No Card,100,100,1024,1362,1204,1024,2,False,False,False,False,False,0,False,False,False,False,96,,47.628,,9641,,10044,,47.628,,True,3.97,3.97,3.97,3.97,3.97,3.97,3.97,3.97,3.97,3.97,3.97,3.97,0,,False,False,True,,,,,,,,,,,,,,,False,False,19.376,,80.4,,75.7,,80.4,,1799,43,3,16,7,144584.8,19277.98,,Idle,,20,,10,,,20,Go Home,False,False,False,False,False,False,False,False,False,False,False,False,33.8027920380556,-117.4659261431046,324.1,2972.0,1049.4,396.9,True,1,1,False,False,False,False,,True,False,False,Course Lock,196.8,67,16.4,93,NE,S,6.26,6.93,Calm,False,False,Android,7.0.2,M300 RTK,1ZN7L4R0H1D00F,1W9DL31001461C,1ZMLH8300204F0,1Z6PH74DAP0QN7,"Corona, CA",728.3,5.7,137.7,8.547347,2.013246,0,0,DJI Matrice 300 RTK,M300 RTK,1ZN7L4R0H1D00F,1W9DL31001461C,1ZMLH8300204F0,1Z6PH74DAP0QN7,DJI Pilot,Android,7.0.2,1EF72A62-B7C3-C88D-164E-CE6F8C8424AE,1ZN7L4R0H1D00F,1W9DL31001461C,,1ZMLH8300204F0,1W9DL31001461C,,,,,
2023-11-01,11:25:28.45 AM,1m 6.1s,66.1,33.8020960443515,-117.466595665594,32.8,32.8,17.7,1297,338.2,5.909926,5.909926,-5.144962,0,-2.908022,1.342164,-0.223694,0,-0.1,-0.9,0.9,-148.8,211.2,208.6,Tripod,Other,,21,5,True,,True,False,,Smart,RC,False,True,False,,,True,,False,False,False,False,False,False,False,False,False,False,0,Follow Yaw,-88.9,0,-157.2,202.8,False,False,False,False,False,,0,0,False,False,No Card,100,100,1024,1363,1204,1024,2,False,False,False,False,False,0,False,False,False,False,96,,47.628,,9641,,10044,,47.628,,True,3.97,3.97,3.97,3.97,3.97,3.97,3.97,3.97,3.97,3.97,3.97,3.97,0,,False,False,True,,,,,,,,,,,,,,,False,False,19.376,,80.4,,75.7,,80.4,,1799,43,3,16,7,144584.8,19277.98,,Idle,,20,,10,,,20,Go Home,False,False,False,False,False,False,False,False,False,False,False,False,33.8027920380556,-117.4659261431046,325.0,2972.0,1049.4,396.9,True,1,1,False,False,False,False,,True,False,False,Course Lock,196.8,67,16.4,93,NE,S,6.26,6.93,Calm,False,False,Android,7.0.2,M300 RTK,1ZN7L4R0H1D00F,1W9DL31001461C,1ZMLH8300204F0,1Z6PH74DAP0QN7,"Corona, CA",728.3,5.7,137.7,8.547347,2.013246,0,0,DJI Matrice 300 RTK,M300 RTK,1ZN7L4R0H1D00F,1W9DL31001461C,1ZMLH8300204F0,1Z6PH74DAP0QN7,DJI Pilot,Android,7.0.2,1EF72A62-B7C3-C88D-164E-CE6F8C8424AE,1ZN7L4R0H1D00F,1W9DL31001461C,,1ZMLH8300204F0,1W9DL31001461C,,,,,
2023-11-01,11:25:28.56 AM,1m 6.2s,66.2,33.8020938951788,-117.466597170437,32.8,32.8,17.7,1297,339.1,5.909926,5.909926,-5.144962,0,-2.908022,1.342164,-0.223694,0,-0.1,-1,1,-148.8,211.2,210.1,Tripod,Other,,21,5,True,,True,False,,Smart,RC,False,True,False,,,True,,False,False,False,False,False,False,False,False,False,False,0,Follow Yaw,-88.9,0,-157.2,202.8,False,False,False,False,False,,0,0,False,False,No Card,100,100,1024,1363,1204,1024,2,False,False,False,False,False,0,False,False,False,False,96,,47.628,,9641,,10044,,47.628,,True,3.97,3.97,3.97,3.97,3.97,3.97,3.97,3.97,3.97,3.97,3.97,3.97,0,,False,False,True,,,,,,,,,,,,,,,False,False,19.376,,80.4,,75.7,,80.4,,1799,43,3,16,7,144584.8,19277.98,,Idle,,20,,10,,,20,Go Home,False,False,False,False,False,False,False,False,False,False,False,False,33.8027920380556,-117.4659261431046,325.9,2972.0,1049.4,396.9,True,1,1,False,False,False,False,,True,False,False,Course Lock,196.8,67,16.4,93,NE,S,6.26,6.93,Calm,False,False,Android,7.0.2,M300 RTK,1ZN7L4R0H1D00F,1W9DL31001461C,1ZMLH8300204F0,1Z6PH74DAP0QN7,"Corona, CA",728.3,5.7,137.7,8.547347,2.013246,0,0,DJI Matrice 300 RTK,M300 RTK,1ZN7L4R0H1D00F,1W9DL31001461C,1ZMLH8300204F0,1Z6PH74DAP0QN7,DJI Pilot,Android,7.0.2,1EF72A62-B7C3-C88D-164E-CE6F8C8424AE,1ZN7L4R0H1D00F,1W9DL31001461C,,1ZMLH8300204F0,1W9DL31001461C,,,,,
2023-11-01,11:25:28.64 AM,1m 6.3s,66.3,33.8020918737502,-117.466598753128,32.8,32.8,17.7,1297,340.0,5.909926,5.909926,-5.144962,0,-2.908022,1.342164,-0.223694,0,-0.2,-1.1,1.1,-148.8,211.2,213.0,Tripod,Other,,21,5,True,,True,False,,Smart,RC,False,True,False,,,True,,False,False,False,False,False,False,False,False,False,False,0,Follow Yaw,-88.9,0,-157.2,202.8,False,False,False,False,False,,0,0,False,False,No Card,100,100,1024,1363,1205,1024,2,False,False,False,False,False,0,False,False,False,False,96,,47.628,,9641,,10044,,47.628,,True,3.968,3.968,3.968,3.968,3.968,3.968,3.968,3.968,3.968,3.968,3.968,3.968,0,,False,False,True,,,,,,,,,,,,,,,False,False,19.376,,80.4,,75.7,,80.4,,1799,43,3,16,7,144878.1,19317.08,,Idle,,20,,10,,,20,Go Home,False,False,False,False,False,False,False,False,False,False,False,False,33.8027920380556,-117.4659261431046,326.8,2972.0,1049.4,396.9,True,1,1,False,False,False,False,,True,False,False,Course Lock,196.8,67,16.4,93,NE,S,6.26,6.93,Calm,False,False,Android,7.0.2,M300 RTK,1ZN7L4R0H1D00F,1W9DL31001461C,1ZMLH8300204F0,1Z6PH74DAP0QN7,"Corona, CA",728.3,5.7,137.7,8.547347,2.013246,0,0,DJI Matrice 300 RTK,M300 RTK,1ZN7L4R0H1D00F,1W9DL31001461C,1ZMLH8300204F0,1Z6PH74DAP0QN7,DJI Pilot,Android,7.0.2,1EF72A62-B7C3-C88D-164E-CE6F8C8424AE,1ZN7L4R0H1D00F,1W9DL31001461C,,1ZMLH8300204F0,1W9DL31001461C,,,,,
2023-11-01,11:25:28.76 AM,1m 6.4s,66.4,33.8020897355426,-117.4666002711655,32.8,32.8,17.7,1297,340.9,5.909926,5.909926,-5.144962,0,-2.908022,1.342164,-0.223694,0,-0.2,-1.2,1.2,-148.8,211.2,210.5,Tripod,Other,,21,5,True,,True,False,,Smart,RC,False,True,False,,,True,,False,False,False,False,False,False,False,False,False,False,0,Follow Yaw,-88.9,0,-157.2,202.8,False,False,False,False,False,,0,0,False,False,No Card,100,100,1024,1362,1212,1024,2,False,False,False,False,False,0,False,False,False,False,96,,47.628,,9641,,10044,,47.628,,True,3.968,3.968,3.968,3.968,3.968,3.968,3.968,3.968,3.968,3.968,3.968,3.968,0,,False,False,True,,,,,,,,,,,,,,,False,False,19.376,,80.4,,75.7,,80.4,,1799,43,3,16,7,144878.1,19317.08,,Idle,,20,,10,,,20,Go Home,False,False,False,False,False,False,False,False,False,False,False,False,33.8027920380556,-117.4659261431046,327.7,2972.0,1049.4,396.9,True,1,1,False,False,False,False,,True,False,False,Course Lock,196.8,67,16.4,93,NE,S,6.26,6.93,Calm,False,False,Android,7.0.2,M300 RTK,1ZN7L4R0H1D00F,1W9DL31001461C,1ZMLH8300204F0,1Z6PH74DAP0QN7,"Corona, CA",728.3,5.7,137.7,8.547347,2.013246,0,0,DJI Matrice 300 RTK,M300 RTK,1ZN7L4R0H1D00F,1W9DL31001461C,1ZMLH8300204F0,1Z6PH74DAP0QN7,DJI Pilot,Android,7.0.2,1EF72A62-B7C3-C88D-164E-CE6F8C8424AE,1ZN7L4R0H1D00F,1W9DL31001461C,,1ZMLH8300204F0,1W9DL31001461C,,,,,
2023-11-01,11:25:28.87 AM,1m 6.5s,66.5,33.8020875430574,-117.4666019488575,32.8,32.8,17.7,1297,341.9,5.909926,5.909926,-5.144962,0,-2.908022,1.342164,-0.223694,0,-0.3,-1.2,1.2,-148.9,211.1,212.4,Tripod,Other,,21,5,True,,True,False,,Smart,RC,False,True,False,,,True,,False,False,False,False,False,False,False,False,False,False,0,Follow Yaw,-88.9,0,-157.2,202.8,False,False,False,False,False,,0,0,False,False,No Card,100,100,1024,1362,1212,1024,2,False,False,False,False,False,0,False,False,False,False,96,,47.628,,9641,,10044,,47.628,,True,3.968,3.968,3.968,3.968,3.968,3.968,3.968,3.968,3.968,3.968,3.968,3.968,0,,False,False,True,,,,,,,,,,,,,,,False,False,19.376,,80.4,,75.7,,80.4,,1799,43,3,16,7,144878.1,19317.08,,Idle,,20,,10,,,20,Go Home,False,False,False,False,False,False,False,False,False,False,False,False,33.8027920380556,-117.4659261431046,328.6,2972.0,1049.4,396.9,True,1,1,False,False,False,False,,True,False,False,Course Lock,196.8,67,16.4,93,NE,S,6.26,6.93,Calm,False,False,Android,7.0.2,M300 RTK,1ZN7L4R0H1D00F,1W9DL31001461C,1ZMLH8300204F0,1Z6PH74DAP0QN7,"Corona, CA",728.3,5.7,137.7,8.547347,2.013246,0,0,DJI Matrice 300 RTK,M300 RTK,1ZN7L4R0H1D00F,1W9DL31001461C,1ZMLH8300204F0,1Z6PH74DAP0QN7,DJI Pilot,Android,7.0.2,1EF72A62-B7C3-C88D-164E-CE6F8C8424AE,1ZN7L4R0H1D00F,1W9DL31001461C,,1ZMLH8300204F0,1W9DL31001461C,,,,,
2023-11-01,11:25:28.97 AM,1m 6.6s,66.6,33.8020853933363,-117.4666034800896,32.8,32.8,17.7,1297,342.8,5.909926,5.909926,-5.144962,0,-2.908022,1.342164,-0.223694,0,-0.3,-1.3,1.3,-148.9,211.1,210.6,Tripod,Other,,21,5,True,,True,False,,Smart,RC,False,True,False,,,True,,False,False,False,False,False,False,False,False,False,False,0,Follow Yaw,-88.9,0,-157.2,202.8,False,False,False,False,False,,0,0,False,False,No Card,100,100,1024,1354,1235,1024,2,False,False,False,False,False,0,False,False,False,False,96,,47.628,,9641,,10044,,47.628,,True,3.968,3.968,3.968,3.968,3.968,3.968,3.968,3.968,3.968,3.968,3.968,3.968,0,,False,False,True,,,,,,,,,,,,,,,False,False,19.376,,80.4,,75.7,,80.4,,1799,43,3,16,7,144878.1,19317.08,,Idle,,20,,10,,,20,Go Home,False,False,False,False,False,False,False,False,False,False,False,False,33.8027920380556,-117.4659261431046,329.5,2972.0,1049.4,396.9,True,1,1,False,False,False,False,,True,False,False,Course Lock,196.8,67,16.4,93,NE,S,6.26,6.93,Calm,False,False,Android,7.0.2,M300 RTK,1ZN7L4R0H1D00F,1W9DL31001461C,1ZMLH8300204F0,1Z6PH74DAP0QN7,"Corona, CA",728.3,5.7,137.7,8.547347,2.013246,0,0,DJI Matrice 300 RTK,M300 RTK,1ZN7L4R0H1D00F,1W9DL31001461C,1ZMLH8300204F0,1Z6PH74DAP0QN7,DJI Pilot,Android,7.0.2,1EF72A62-B7C3-C88D-164E-CE6F8C8424AE,1ZN7L4R0H1D00F,1W9DL31001461C,,1ZMLH8300204F0,1W9DL31001461C,,,,,
2023-11-01,11:25:29.07 AM,1m 6.7s,66.7,33.8020832107198,-117.4666049512863,33.1,33.1,17.7,1297,343.7,5.909926,5.909926,-5.144962,0,-2.908022,1.342164,-0.223694,0,-0.2,-1.3,1.3,-148.9,211.1,209.2,Tripod,Other,,21,5,True,,True,False,,Smart,RC,False,True,False,,,True,,False,False,False,False,False,False,False,False,False,False,0,Follow Yaw,-88.9,0,-157.2,202.8,False,False,False,False,False,,0,0,False,False,No Card,100,100,1024,1351,1236,1024,2,False,False,False,False,False,0,False,False,False,False,96,,47.628,,9641,,10044,,47.628,,True,3.968,3.968,3.968,3.968,3.968,3.968,3.968,3.968,3.968,3.968,3.968,3.968,0,,False,False,True,,,,,,,,,,,,,,,False,False,19.376,,80.4,,75.7,,80.4,,1799,43,3,16,7,144878.1,19317.08,,Idle,,20,,10,,,20,Go Home,False,False,False,False,False,False,False,False,False,False,False,False,33.8027920380556,-117.4659261431046,330.4,2972.0,1049.4,396.9,True,1,1,False,False,False,False,,True,False,False,Course Lock,196.8,67,16.4,93,NE,S,6.26,6.93,Calm,False,False,Android,7.0.2,M300 RTK,1ZN7L4R0H1D00F,1W9DL31001461C,1ZMLH8300204F0,1Z6PH74DAP0QN7,"Corona, CA",728.3,5.7,137.7,8.547347,2.013246,0,0,DJI Matrice 300 RTK,M300 RTK,1ZN7L4R0H1D00F,1W9DL31001461C,1ZMLH8300204F0,1Z6PH74DAP0QN7,DJI Pilot,Android,7.0.2,1EF72A62-B7C3-C88D-164E-CE6F8C8424AE,1ZN7L4R0H1D00F,1W9DL31001461C,,1ZMLH8300204F0,1W9DL31001461C,,,,,
2023-11-01,11:25:29.17 AM,1m 6.8s,66.8,33.8020810505819,-117.4666064818586,33.1,33.1,17.7,1297,344.6,5.909926,5.909926,-5.144962,0,-2.908022,1.342164,-0.223694,0,-0.1,-1.2,1.2,-148.9,211.1,210.4,Tripod,Other,,21,5,True,,True,False,,Smart,RC,False,True,False,,,True,,False,False,False,False,False,False,False,False,False,False,0,Follow Yaw,-88.9,0,-157.2,202.8,False,False,False,False,False,,0,0,False,False,No Card,100,100,1024,1350,1237,1024,2,False,False,False,False,False,0,False,False,False,False,96,,47.628,,9641,,10044,,47.628,,True,3.968,3.968,3.968,3.968,3.968,3.968,3.968,3.968,3.968,3.968,3.968,3.968,0,,False,False,True,,,,,,,,,,,,,,,False,False,19.376,,80.4,,75.7,,80.4,,1799,43,3,16,7,144878.1,19317.08,,Idle,,20,,10,,,20,Go Home,False,False,False,False,False,False,False,False,False,False,False,False,33.8027920380556,-117.4659261431046,331.3,2972.0,1049.4,396.9,True,1,1,False,False,False,False,,True,False,False,Course Lock,196.8,67,16.4,93,NE,S,6.26,6.93,Calm,False,False,Android,7.0.2,M300 RTK,1ZN7L4R0H1D00F,1W9DL31001461C,1ZMLH8300204F0,1Z6PH74DAP0QN7,"Corona, CA",728.3,5.7,137.7,8.547347,2.013246,0,0,DJI Matrice 300 RTK,M300 RTK,1ZN7L4R0H1D00F,1W9DL31001461C,1ZMLH8300204F0,1Z6PH74DAP0QN7,DJI Pilot,Android,7.0.2,1EF72A62-B7C3-C88D-164E-CE6F8C8424AE,1ZN7L4R0H1D00F,1W9DL31001461C,,1ZMLH8300204F0,1W9DL31001461C,,,,,
2023-11-01,11:25:29.24 AM,1m 6.9s,66.9,33.802078714453,-117.4666079260064,33.1,33.1,17.7,1297,345.6,5.909926,5.909926,-5.144962,0,-2.908022,1.342164,-0.223694,0,-0.1,-1.1,1.1,-148.9,211.1,207.1,Tripod,Other,,21,5,True,,True,False,,Smart,RC,False,True,False,,,True,,False,False,False,False,False,False,False,False,False,False,0,Follow Yaw,-88.9,0,-157.2,202.8,False,False,False,False,False,,0,0,False,False,No Card,100,100,1024,1349,1240,1024,2,False,False,False,False,False,0,False,False,False,False,96,,47.628,,9641,,10044,,47.628,,True,3.968,3.968,3.968,3.968,3.968,3.968,3.968,3.968,3.968,3.968,3.968,3.968,0,,False,False,True,,,,,,,,,,,,,,,False,False,19.376,,80.4,,75.7,,80.4,,1799,43,3,16,7,144878.1,19317.08,,Idle,,20,,10,,,20,Go Home,False,False,False,False,False,False,False,False,False,False,False,False,33.8027920380556,-117.4659261431046,332.3,2972.0,1049.4,396.9,True,1,1,False,False,False,False,,True,False,False,Course Lock,196.8,67,16.4,93,NE,S,6.26,6.93,Calm,False,False,Android,7.0.2,M300 RTK,1ZN7L4R0H1D00F,1W9DL31001461C,1ZMLH8300204F0,1Z6PH74DAP0QN7,"Corona, CA",728.3,5.7,137.7,8.547347,2.013246,0,0,DJI Matrice 300 RTK,M300 RTK,1ZN7L4R0H1D00F,1W9DL31001461C,1ZMLH8300204F0,1Z6PH74DAP0QN7,DJI Pilot,Android,7.0.2,1EF72A62-B7C3-C88D-164E-CE6F8C8424AE,1ZN7L4R0H1D00F,1W9DL31001461C,,1ZMLH8300204F0,1W9DL31001461C,,,,,
2023-11-01,11:25:29.34 AM,1m 7.0s,67.0,33.8020765323847,-117.4666094433842,33.1,33.1,17.7,1297,346.5,5.909926,5.909926,-5.144962,0,-2.908022,1.342164,-0.223694,0,-0.1,-1,1,-148.9,211.1,210.0,Tripod,Other,,21,5,True,,True,False,,Smart,RC,False,True,False,,,True,,False,False,False,False,False,False,False,False,False,False,0,Follow Yaw,-88.9,0,-157.2,202.8,False,False,False,False,False,,0,0,False,False,No Card,100,100,1024,1348,1240,1024,2,False,False,False,False,False,0,False,False,False,False,96,,47.64,,9641,,10044,,47.64,,True,3.968,3.968,3.968,3.968,3.968,3.968,3.968,3.968,3.968,3.968,3.968,3.968,0,,False,False,True,,,,,,,,,,,,,,,False,False,19.422,,80.6,,75.7,,80.6,,1799,43,3,16,7,144878.1,19317.08,,Idle,,20,,10,,,20,Go Home,False,False,False,False,False,False,False,False,False,False,False,False,33.8027920380556,-117.4659261431046,333.2,2972.0,1049.4,396.9,True,1,1,False,False,False,False,,True,False,False,Course Lock,196.8,67,16.4,93,NE,S,6.26,6.93,Calm,False,False,Android,7.0.2,M300 RTK,1ZN7L4R0H1D00F,1W9DL31001461C,1ZMLH8300204F0,1Z6PH74DAP0QN7,"Corona, CA",728.3,5.7,137.7,8.547347,2.013246,0,0,DJI Matrice 300 RTK,M300 RTK,1ZN7L4R0H1D00F,1W9DL31001461C,1ZMLH8300204F0,1Z6PH74DAP0QN7,DJI Pilot,Android,7.0.2,1EF72A62-B7C3-C88D-164E-CE6F8C8424AE,1ZN7L4R0H1D00F,1W9DL31001461C,,1ZMLH8300204F0,1W9DL31001461C,,,,,
2023-11-01,11:25:29.44 AM,1m 7.1s,67.1,33.8020743996597,-117.4666110445476,33.1,33.1,17.7,1297,347.4,5.909926,5.909926,-5.144962,0,-2.908022,1.342164,-0.223694,0,-0.1,-1,1,-148.9,211.1,211.9,Tripod,Other,,21,5,True,,True,False,,Smart,RC,False,True,False,,,True,,False,False,False,False,False,False,False,False,False,False,0,Follow Yaw,-88.9,0,-157.2,202.8,False,False,False,False,False,,0,0,False,False,No Card,100,100,1024,1349,1236,1024,2,False,False,False,False,False,0,False,False,False,False,96,,47.64,,9641,,10044,,47.64,,True,3.968,3.968,3.968,3.968,3.968,3.968,3.968,3.968,3.968,3.968,3.968,3.968,0,,False,False,True,,,,,,,,,,,,,,,False,False,19.422,,80.6,,75.7,,80.6,,1799,43,3,16,7,144878.1,19317.08,,Idle,,20,,10,,,20,Go Home,False,False,False,False,False,False,False,False,False,False,False,False,33.8027920380556,-117.4659261431046,334.1,2972.0,1049.4,396.9,True,1,1,False,False,False,False,,True,False,False,Course Lock,196.8,67,16.4,93,NE,S,6.26,6.93,Calm,False,False,Android,7.0.2,M300 RTK,1ZN7L4R0H1D00F,1W9DL31001461C,1ZMLH8300204F0,1Z6PH74DAP0QN7,"Corona, CA",728.3,5.7,137.7,8.547347,2.013246,0,0,DJI Matrice 300 RTK,M300 RTK,1ZN7L4R0H1D00F,1W9DL31001461C,1ZMLH8300204F0,1Z6PH74DAP0QN7,DJI Pilot,Android,7.0.2,1EF72A62-B7C3-C88D-164E-CE6F8C8424AE,1ZN7L4R0H1D00F,1W9DL31001461C,,1ZMLH8300204F0,1W9DL31001461C,,,,,
2023-11-01,11:25:29.54 AM,1m 7.2s,67.2,33.8020722203327,-117.4666125751199,33.1,33.1,17.7,1297,348.3,5.909926,5.909926,-5.144962,0,-2.908022,1.342164,-0.223694,0,-0.1,-0.9,0.9,-148.9,211.1,210.2,Tripod,Other,,21,5,True,,True,False,,Smart,RC,False,True,False,,,True,,False,False,False,False,False,False,False,False,False,False,0,Follow Yaw,-88.9,0,-157.2,202.8,False,False,False,False,False,,0,0,False,False,No Card,100,100,1024,1351,1231,1024,2,False,False,False,False,False,0,False,False,False,False,96,,47.64,,9641,,10044,,47.64,,True,3.968,3.968,3.968,3.968,3.968,3.968,3.968,3.968,3.968,3.968,3.968,3.968,0,,False,False,True,,,,,,,,,,,,,,,False,False,19.422,,80.6,,75.7,,80.6,,1799,43,3,16,7,144878.1,19317.08,,Idle,,20,,10,,,20,Go Home,False,False,False,False,False,False,False,False,False,False,False,False,33.8027920380556,-117.4659261431046,335.0,2972.0,1049.4,396.9,True,1,1,False,False,False,False,,True,False,False,Course Lock,196.8,67,16.4,93,NE,S,6.26,6.93,Calm,False,False,Android,7.0.2,M300 RTK,1ZN7L4R0H1D00F,1W9DL31001461C,1ZMLH8300204F0,1Z6PH74DAP0QN7,"Corona, CA",728.3,5.7,137.7,8.547347,2.013246,0,0,DJI Matrice 300 RTK,M300 RTK,1ZN7L4R0H1D00F,1W9DL31001461C,1ZMLH8300204F0,1Z6PH74DAP0QN7,DJI Pilot,Android,7.0.2,1EF72A62-B7C3-C88D-164E-CE6F8C8424AE,1ZN7L4R0H1D00F,1W9DL31001461C,,1ZMLH8300204F0,1W9DL31001461C,,,,,
2023-11-01,11:25:29.64 AM,1m 7.3s,67.3,33.8020698036098,-117.4666139968369,33.4,33.4,17.7,1297,349.3,5.909926,5.909926,-5.144962,0,-2.908022,1.342164,-0.223694,0,0,-1,1,-149,211,206.0,Tripod,Other,,21,5,True,,True,False,,Smart,RC,False,True,False,,,True,,False,False,False,False,False,False,False,False,False,False,0,Follow Yaw,-88.9,0,-157.2,202.8,False,False,False,False,False,,0,0,False,False,No Card,100,100,1024,1353,1229,1024,2,False,False,False,False,False,0,False,False,False,False,96,,47.64,,9641,,10044,,47.64,,True,3.971,3.971,3.971,3.971,3.971,3.971,3.971,3.971,3.971,3.971,3.971,3.971,0,,False,False,True,,,,,,,,,,,,,,,False,False,19.422,,80.6,,75.7,,80.6,,1798,43,3,16,7,145121.2,19349.50,,Idle,,20,,10,,,20,Go Home,False,False,False,False,False,False,False,False,False,False,False,False,33.8027920380556,-117.4659261431046,336.0,2972.0,1049.4,396.9,True,1,1,False,False,False,False,,True,False,False,Course Lock,196.8,67,16.4,93,NE,S,6.26,6.93,Calm,False,False,Android,7.0.2,M300 RTK,1ZN7L4R0H1D00F,1W9DL31001461C,1ZMLH8300204F0,1Z6PH74DAP0QN7,"Corona, CA",728.3,5.7,137.7,8.547347,2.013246,0,0,DJI Matrice 300 RTK,M300 RTK,1ZN7L4R0H1D00F,1W9DL31001461C,1ZMLH8300204F0,1Z6PH74DAP0QN7,DJI Pilot,Android,7.0.2,1EF72A62-B7C3-C88D-164E-CE6F8C8424AE,1ZN7L4R0H1D00F,1W9DL31001461C,,1ZMLH8300204F0,1W9DL31001461C,,,,,
2023-11-01,11:25:29.74 AM,1m 7.4s,67.4,33.8020676100281,-117.4666155161938,33.4,33.4,17.7,1297,350.2,5.909926,5.909926,-5.144962,0,-2.908022,1.342164,-0.223694,0,0,-1.1,1.1,-149,211,209.9,Tripod,Other,,21,5,True,,True,False,,Smart,RC,False,True,False,,,True,,False,False,False,False,False,False,False,False,False,False,0,Follow Yaw,-88.9,0,-157.2,202.8,False,False,False,False,False,,0,0,False,False,No Card,100,100,1024,1356,1227,1024,2,False,False,False,False,False,0,False,False,False,False,96,,47.64,,9641,,10044,,47.64,,True,3.971,3.971,3.971,3.971,3.971,3.971,3.971,3.971,3.971,3.971,3.971,3.971,0,,False,False,True,,,,,,,,,,,,,,,False,False,19.422,,80.6,,75.7,,80.6,,1798,43,3,16,7,145121.2,19349.50,,Idle,,20,,10,,,20,Go Home,False,False,False,False,False,False,False,False,False,False,False,False,33.8027920380556,-117.4659261431046,336.9,2972.0,1049.4,396.9,True,1,1,False,False,False,False,,True,False,False,Course Lock,196.8,67,16.4,93,NE,S,6.26,6.93,Calm,False,False,Android,7.0.2,M300 RTK,1ZN7L4R0H1D00F,1W9DL31001461C,1ZMLH8300204F0,1Z6PH74DAP0QN7,"Corona, CA",728.3,5.7,137.7,8.547347,2.013246,0,0,DJI Matrice 300 RTK,M300 RTK,1ZN7L4R0H1D00F,1W9DL31001461C,1ZMLH8300204F0,1Z6PH74DAP0QN7,DJI Pilot,Android,7.0.2,1EF72A62-B7C3-C88D-164E-CE6F8C8424AE,1ZN7L4R0H1D00F,1W9DL31001461C,,1ZMLH8300204F0,1W9DL31001461C,,,,,
2023-11-01,11:25:29.84 AM,1m 7.5s,67.5,33.8020655699588,-117.4666171404478,33.4,33.4,17.7,1297,351.1,5.909926,5.909926,-5.144962,0,-2.908022,1.342164,-0.223694,0,0,-1.1,1.1,-149,211,213.4,Tripod,Other,,21,5,True,,True,False,,Smart,RC,False,True,False,,,True,,False,False,False,False,False,False,False,False,False,False,0,Follow Yaw,-88.9,0,-157.2,202.8,False,False,False,False,False,,0,0,False,False,No Card,100,100,1024,1355,1228,1024,2,False,False,False,False,False,0,False,False,False,False,96,,47.64,,9641,,10044,,47.64,,True,3.971,3.971,3.971,3.971,3.971,3.971,3.971,3.971,3.971,3.971,3.971,3.971,0,,False,False,True,,,,,,,,,,,,,,,False,False,19.422,,80.6,,75.7,,80.6,,1798,43,3,16,7,145121.2,19349.50,,Idle,,20,,10,,,20,Go Home,False,False,False,False,False,False,False,False,False,False,False,False,33.8027920380556,-117.4659261431046,337.8,2972.0,1049.4,396.9,True,1,1,False,False,False,False,,True,False,False,Course Lock,196.8,67,16.4,93,NE,S,6.26,6.93,Calm,False,False,Android,7.0.2,M300 RTK,1ZN7L4R0H1D00F,1W9DL31001461C,1ZMLH8300204F0,1Z6PH74DAP0QN7,"Corona, CA",728.3,5.7,137.7,8.547347,2.013246,0,0,DJI Matrice 300 RTK,M300 RTK,1ZN7L4R0H1D00F,1W9DL31001461C,1ZMLH8300204F0,1Z6PH74DAP0QN7,DJI Pilot,Android,7.0.2,1EF72A62-B7C3-C88D-164E-CE6F8C8424AE,1ZN7L4R0H1D00F,1W9DL31001461C,,1ZMLH8300204F0,1W9DL31001461C,,,,,
2023-11-01,11:25:29.94 AM,1m 7.6s,67.6,33.8020633878905,-117.4666186710202,33.4,33.4,17.7,1297,352.0,5.909926,5.909926,-5.144962,0,-2.908022,1.342164,-0.223694,0,0,-1,1,-149,211,210.2,Tripod,Other,,21,5,True,,True,False,,Smart,RC,False,True,False,,,True,,False,False,False,False,False,False,False,False,False,False,0,Follow Yaw,-88.9,0,-157.2,202.8,False,False,False,False,False,,0,0,False,False,No Card,100,100,1024,1356,1229,1024,2,False,False,False,False,False,0,False,False,False,False,96,,47.64,,9641,,10044,,47.64,,True,3.971,3.971,3.971,3.971,3.971,3.971,3.971,3.971,3.971,3.971,3.971,3.971,0,,False,False,True,,,,,,,,,,,,,,,False,False,19.422,,80.6,,75.7,,80.6,,1798,43,3,16,7,145121.2,19349.50,,Idle,,20,,10,,,20,Go Home,False,False,False,False,False,False,False,False,False,False,False,False,33.8027920380556,-117.4659261431046,338.7,2972.0,1049.4,396.9,True,1,1,False,False,False,False,,True,False,False,Course Lock,196.8,67,16.4,93,NE,S,6.26,6.93,Calm,False,False,Android,7.0.2,M300 RTK,1ZN7L4R0H1D00F,1W9DL31001461C,1ZMLH8300204F0,1Z6PH74DAP0QN7,"Corona, CA",728.3,5.7,137.7,8.547347,2.013246,0,0,DJI Matrice 300 RTK,M300 RTK,1ZN7L4R0H1D00F,1W9DL31001461C,1ZMLH8300204F0,1Z6PH74DAP0QN7,DJI Pilot,Android,7.0.2,1EF72A62-B7C3-C88D-164E-CE6F8C8424AE,1ZN7L4R0H1D00F,1W9DL31001461C,,1ZMLH8300204F0,1W9DL31001461C,,,,,
2023-11-01,11:25:30.04 AM,1m 7.7s,67.7,33.8020611762163,-117.4666201032928,33.4,33.4,17.7,1297,353.0,5.909926,5.909926,-5.144962,0,-2.908022,1.342164,-0.223694,0,0,-0.9,0.9,-149,211,208.2,Tripod,Other,,21,5,True,,True,False,,Smart,RC,False,True,False,,,True,,False,False,False,False,False,False,False,False,False,False,0,Follow Yaw,-88.9,0,-157.2,202.8,False,False,False,False,False,,0,0,False,False,No Card,100,100,1024,1357,1229,1024,2,False,False,False,False,False,0,False,False,False,False,96,,47.64,,9641,,10044,,47.64,,True,3.971,3.971,3.971,3.971,3.971,3.971,3.971,3.971,3.971,3.971,3.971,3.971,0,,False,False,True,,,,,,,,,,,,,,,False,False,19.422,,80.6,,75.7,,80.6,,1798,43,3,16,7,145121.2,19349.50,,Idle,,20,,10,,,20,Go Home,False,False,False,False,False,False,False,False,False,False,False,False,33.8027920380556,-117.4659261431046,339.6,2972.0,1049.4,396.9,True,1,1,False,False,False,False,,True,False,False,Course Lock,196.8,67,16.4,93,NE,S,6.26,6.93,Calm,False,False,Android,7.0.2,M300 RTK,1ZN7L4R0H1D00F,1W9DL31001461C,1ZMLH8300204F0,1Z6PH74DAP0QN7,"Corona, CA",728.3,5.7,137.7,8.547347,2.013246,0,0,DJI Matrice 300 RTK,M300 RTK,1ZN7L4R0H1D00F,1W9DL31001461C,1ZMLH8300204F0,1Z6PH74DAP0QN7,DJI Pilot,Android,7.0.2,1EF72A62-B7C3-C88D-164E-CE6F8C8424AE,1ZN7L4R0H1D00F,1W9DL31001461C,,1ZMLH8300204F0,1W9DL31001461C,,,,,
2023-11-01,11:25:30.14 AM,1m 7.8s,67.8,33.802058994148,-117.4666216206706,33.7,33.7,17.7,1298,353.9,5.909926,5.909926,-5.144962,0,-2.908022,1.342164,-0.223694,0,0,-0.9,0.9,-149.1,210.9,210.0,Tripod,Other,,21,5,True,,True,False,,Smart,RC,False,True,False,,,True,,False,False,False,False,False,False,False,False,False,False,0,Follow Yaw,-88.9,0,-157.2,202.8,False,False,False,False,False,,0,0,False,False,No Card,100,100,1024,1356,1227,1024,2,False,False,False,False,False,0,False,False,False,False,96,,47.64,,9641,,10044,,47.64,,True,3.971,3.971,3.971,3.971,3.971,3.971,3.971,3.971,3.971,3.971,3.971,3.971,0,,False,False,True,,,,,,,,,,,,,,,False,False,19.422,,80.6,,75.7,,80.6,,1798,43,3,16,7,145121.2,19349.50,,Idle,,20,,10,,,20,Go Home,False,False,False,False,False,False,False,False,False,False,False,False,33.8027920380556,-117.4659261431046,340.5,2972.0,1049.4,396.9,True,1,1,False,False,False,False,,True,False,False,Course Lock,196.8,67,16.4,93,NE,S,6.26,6.93,Calm,False,False,Android,7.0.2,M300 RTK,1ZN7L4R0H1D00F,1W9DL31001461C,1ZMLH8300204F0,1Z6PH74DAP0QN7,"Corona, CA",728.3,5.7,137.7,8.547347,2.013246,0,0,DJI Matrice 300 RTK,M300 RTK,1ZN7L4R0H1D00F,1W9DL31001461C,1ZMLH8300204F0,1Z6PH74DAP0QN7,DJI Pilot,Android,7.0.2,1EF72A62-B7C3-C88D-164E-CE6F8C8424AE,1ZN7L4R0H1D00F,1W9DL31001461C,,1ZMLH8300204F0,1W9DL31001461C,,,,,
2023-11-01,11:25:30.24 AM,1m 7.9s,67.9,33.8020567726051,-117.4666230813116,33.7,33.7,17.7,1298,354.8,5.909926,5.909926,-5.144962,0,-2.908022,1.342164,-0.223694,0,0,-1,1,-149.1,210.9,208.6,Tripod,Other,,21,5,True,,True,False,,Smart,RC,False,True,False,,,True,,False,False,False,False,False,False,False,False,False,False,0,Follow Yaw,-88.9,0,-157.2,202.8,False,False,False,False,False,,0,0,False,False,No Card,100,100,1024,1357,1227,1024,2,False,False,False,False,False,0,False,False,False,False,96,,47.64,,9641,,10044,,47.64,,True,3.971,3.971,3.971,3.971,3.971,3.971,3.971,3.971,3.971,3.971,3.971,3.971,0,,False,False,True,,,,,,,,,,,,,,,False,False,19.422,,80.6,,75.7,,80.6,,1798,43,3,16,7,145121.2,19349.50,,Idle,,20,,10,,,20,Go Home,False,False,False,False,False,False,False,False,False,False,False,False,33.8027920380556,-117.4659261431046,341.4,2972.0,1049.4,396.9,True,1,1,False,False,False,False,,True,False,False,Course Lock,196.8,67,16.4,93,NE,S,6.26,6.93,Calm,False,False,Android,7.0.2,M300 RTK,1ZN7L4R0H1D00F,1W9DL31001461C,1ZMLH8300204F0,1Z6PH74DAP0QN7,"Corona, CA",728.3,5.7,137.7,8.547347,2.013246,0,0,DJI Matrice 300 RTK,M300 RTK,1ZN7L4R0H1D00F,1W9DL31001461C,1ZMLH8300204F0,1Z6PH74DAP0QN7,DJI Pilot,Android,7.0.2,1EF72A62-B7C3-C88D-164E-CE6F8C8424AE,1ZN7L4R0H1D00F,1W9DL31001461C,,1ZMLH8300204F0,1W9DL31001461C,,,,,
2023-11-01,11:25:30.31 AM,1m 8.0s,68.0,33.8020545982125,-117.4666245986894,33.7,33.7,17.7,1298,355.7,5.909926,5.909926,-5.144962,0,-2.908022,1.342164,-0.223694,0,-0.1,-1.1,1.1,-149.1,210.9,210.1,Tripod,Other,,21,5,True,,True,False,,Smart,RC,False,True,False,,,True,,False,False,False,False,False,False,False,False,False,False,0,Follow Yaw,-88.9,0,-157.2,202.8,False,False,False,False,False,,0,0,False,False,No Card,100,100,1024,1357,1227,1024,2,False,False,False,False,False,0,False,False,False,False,96,,47.64,,9641,,10044,,47.64,,True,3.971,3.971,3.971,3.971,3.971,3.971,3.971,3.971,3.971,3.971,3.971,3.971,0,,False,False,True,,,,,,,,,,,,,,,False,False,19.384,,80.6,,75.7,,80.6,,1798,43,3,16,7,145121.2,19349.50,,Idle,,20,,10,,,20,Go Home,False,False,False,False,False,False,False,False,False,False,False,False,33.8027920380556,-117.4659261431046,342.3,2972.0,1049.4,396.9,True,1,1,False,False,False,False,,True,False,False,Course Lock,196.8,67,16.4,93,NE,S,6.26,6.93,Calm,False,False,Android,7.0.2,M300 RTK,1ZN7L4R0H1D00F,1W9DL31001461C,1ZMLH8300204F0,1Z6PH74DAP0QN7,"Corona, CA",728.3,5.7,137.7,8.547347,2.013246,0,0,DJI Matrice 300 RTK,M300 RTK,1ZN7L4R0H1D00F,1W9DL31001461C,1ZMLH8300204F0,1Z6PH74DAP0QN7,DJI Pilot,Android,7.0.2,1EF72A62-B7C3-C88D-164E-CE6F8C8424AE,1ZN7L4R0H1D00F,1W9DL31001461C,,1ZMLH8300204F0,1W9DL31001461C,,,,,
2023-11-01,11:25:30.44 AM,1m 8.1s,68.1,33.8020523794109,-117.466626023705,33.7,33.7,17.7,1298,356.6,5.909926,5.909926,-5.144962,0,-2.908022,1.342164,-0.223694,0,-0.2,-1.2,1.2,-149.1,210.9,208.0,Tripod,Other,,21,5,True,,True,False,,Smart,RC,False,True,False,,,True,,False,False,False,False,False,False,False,False,False,False,0,Follow Yaw,-88.9,0,-157.2,202.8,False,False,False,False,False,,0,0,False,False,No Card,100,100,1024,1354,1228,1024,2,False,False,False,False,False,0,False,False,False,False,96,,47.64,,9641,,10044,,47.64,,True,3.971,3.971,3.971,3.971,3.971,3.971,3.971,3.971,3.971,3.971,3.971,3.971,0,,False,False,True,,,,,,,,,,,,,,,False,False,19.384,,80.6,,75.7,,80.6,,1798,43,3,16,7,145121.2,19349.50,,Idle,,20,,10,,,20,Go Home,False,False,False,False,False,False,False,False,False,False,False,False,33.8027920380556,-117.4659261431046,343.2,2972.0,1049.4,396.9,True,1,1,False,False,False,False,,True,False,False,Course Lock,196.8,67,16.4,93,NE,S,6.26,6.93,Calm,False,False,Android,7.0.2,M300 RTK,1ZN7L4R0H1D00F,1W9DL31001461C,1ZMLH8300204F0,1Z6PH74DAP0QN7,"Corona, CA",728.3,5.7,137.7,8.547347,2.013246,0,0,DJI Matrice 300 RTK,M300 RTK,1ZN7L4R0H1D00F,1W9DL31001461C,1ZMLH8300204F0,1Z6PH74DAP0QN7,DJI Pilot,Android,7.0.2,1EF72A62-B7C3-C88D-164E-CE6F8C8424AE,1ZN7L4R0H1D00F,1W9DL31001461C,,1ZMLH8300204F0,1W9DL31001461C,,,,,
2023-11-01,11:25:30.54 AM,1m 8.2s,68.2,33.8020501973426,-117.4666275278882,33.7,33.7,17.7,1298,357.6,5.909926,5.909926,-5.144962,0,-2.908022,1.342164,-0.223694,0,-0.2,-1.2,1.2,-149.2,210.8,209.8,Tripod,Other,,21,5,True,,True,False,,Smart,RC,False,True,False,,,True,,False,False,False,False,False,False,False,False,False,False,0,Follow Yaw,-88.9,0,-157.2,202.8,False,False,False,False,False,,0,0,False,False,No Card,100,100,1024,1350,1227,1024,2,False,False,False,False,False,0,False,False,False,False,96,,47.64,,9641,,10044,,47.64,,True,3.971,3.971,3.971,3.971,3.971,3.971,3.971,3.971,3.971,3.971,3.971,3.971,0,,False,False,True,,,,,,,,,,,,,,,False,False,19.384,,80.6,,75.7,,80.6,,1798,43,3,16,7,145121.2,19349.50,,Idle,,20,,10,,,20,Go Home,False,False,False,False,False,False,False,False,False,False,False,False,33.8027920380556,-117.4659261431046,344.1,2972.0,1049.4,396.9,True,1,1,False,False,False,False,,True,False,False,Course Lock,196.8,67,16.4,93,NE,S,6.26,6.93,Calm,False,False,Android,7.0.2,M300 RTK,1ZN7L4R0H1D00F,1W9DL31001461C,1ZMLH8300204F0,1Z6PH74DAP0QN7,"Corona, CA",728.3,5.7,137.7,8.547347,2.013246,0,0,DJI Matrice 300 RTK,M300 RTK,1ZN7L4R0H1D00F,1W9DL31001461C,1ZMLH8300204F0,1Z6PH74DAP0QN7,DJI Pilot,Android,7.0.2,1EF72A62-B7C3-C88D-164E-CE6F8C8424AE,1ZN7L4R0H1D00F,1W9DL31001461C,,1ZMLH8300204F0,1W9DL31001461C,,,,,
2023-11-01,11:25:30.64 AM,1m 8.3s,68.3,33.8020481413737,-117.4666291739132,34.1,34.1,17.7,1298,358.5,5.909926,5.909926,-5.144962,0,-2.908022,1.342164,-0.223694,0,-0.1,-1.1,1.1,-149.1,210.9,213.6,Tripod,Other,,21,5,True,,True,False,,Smart,RC,False,True,False,,,True,,False,False,False,False,False,False,False,False,False,False,0,Follow Yaw,-88.9,0,-157.2,202.8,False,False,False,False,False,,0,0,False,False,No Card,100,100,1024,1350,1231,1024,2,False,False,False,False,False,0,False,False,False,False,96,,47.64,,9641,,10044,,47.64,,True,3.972,3.972,3.972,3.972,3.972,3.972,3.972,3.972,3.972,3.972,3.972,3.972,0,,False,False,True,,,,,,,,,,,,,,,False,False,19.384,,80.6,,75.7,,80.6,,1797,43,3,16,7,145308.1,19374.42,,Idle,,20,,10,,,20,Go Home,False,False,False,False,False,False,False,False,False,False,False,False,33.8027920380556,-117.4659261431046,345.0,2972.0,1049.4,396.9,True,1,1,False,False,False,False,,True,False,False,Course Lock,196.8,67,16.4,93,NE,S,6.26,6.93,Calm,False,False,Android,7.0.2,M300 RTK,1ZN7L4R0H1D00F,1W9DL31001461C,1ZMLH8300204F0,1Z6PH74DAP0QN7,"Corona, CA",728.3,5.7,137.7,8.547347,2.013246,0,0,DJI Matrice 300 RTK,M300 RTK,1ZN7L4R0H1D00F,1W9DL31001461C,1ZMLH8300204F0,1Z6PH74DAP0QN7,DJI Pilot,Android,7.0.2,1EF72A62-B7C3-C88D-164E-CE6F8C8424AE,1ZN7L4R0H1D00F,1W9DL31001461C,,1ZMLH8300204F0,1W9DL31001461C,,,,,
2023-11-01,11:25:30.72 AM,1m 8.4s,68.4,33.8020459713671,-117.4666306912909,34.1,34.1,17.7,1298,359.4,5.909926,5.909926,-5.144962,0,-2.908022,1.342164,-0.223694,0,-0.1,-1,1,-149.1,210.9,210.1,Tripod,Other,,21,5,True,,True,False,,Smart,RC,False,True,False,,,True,,False,False,False,False,False,False,False,False,False,False,0,Follow Yaw,-88.9,0,-157.2,202.8,False,False,False,False,False,,0,0,False,False,No Card,100,100,1024,1367,1221,1024,2,False,False,False,False,False,0,False,False,False,False,96,,47.64,,9641,,10044,,47.64,,True,3.972,3.972,3.972,3.972,3.972,3.972,3.972,3.972,3.972,3.972,3.972,3.972,0,,False,False,True,,,,,,,,,,,,,,,False,False,19.384,,80.6,,75.7,,80.6,,1797,43,3,16,7,145308.1,19374.42,,Idle,,20,,10,,,20,Go Home,False,False,False,False,False,False,False,False,False,False,False,False,33.8027920380556,-117.4659261431046,345.9,2972.0,1049.4,396.9,True,1,1,False,False,False,False,,True,False,False,Course Lock,196.8,67,16.4,93,NE,S,6.26,6.93,Calm,False,False,Android,7.0.2,M300 RTK,1ZN7L4R0H1D00F,1W9DL31001461C,1ZMLH8300204F0,1Z6PH74DAP0QN7,"Corona, CA",728.3,5.7,137.7,8.547347,2.013246,0,0,DJI Matrice 300 RTK,M300 RTK,1ZN7L4R0H1D00F,1W9DL31001461C,1ZMLH8300204F0,1Z6PH74DAP0QN7,DJI Pilot,Android,7.0.2,1EF72A62-B7C3-C88D-164E-CE6F8C8424AE,1ZN7L4R0H1D00F,1W9DL31001461C,,1ZMLH8300204F0,1W9DL31001461C,,,,,
2023-11-01,11:25:30.84 AM,1m 8.5s,68.5,33.8020435579338,-117.4666321638071,34.1,34.1,17.7,1298,360.4,5.909926,5.909926,-5.144962,0,-2.908022,1.342164,-0.223694,0,-0.1,-0.9,0.9,-149.2,210.8,206.8,Tripod,Other,,21,5,True,,True,False,,Smart,RC,False,True,False,,,True,,False,False,False,False,False,False,False,False,False,False,0,Follow Yaw,-88.9,0,-157.2,202.8,False,False,False,False,False,,0,0,False,False,No Card,100,100,1024,1370,1217,1024,2,False,False,False,False,False,0,False,False,False,False,96,,47.64,,9641,,10044,,47.64,,True,3.972,3.972,3.972,3.972,3.972,3.972,3.972,3.972,3.972,3.972,3.972,3.972,0,,False,False,True,,,,,,,,,,,,,,,False,False,19.384,,80.6,,75.7,,80.6,,1797,43,3,16,7,145308.1,19374.42,,Idle,,20,,10,,,20,Go Home,False,False,False,False,False,False,False,False,False,False,False,False,33.8027920380556,-117.4659261431046,346.9,2972.0,1049.4,396.9,True,1,1,False,False,False,False,,True,False,False,Course Lock,196.8,67,16.4,93,NE,S,6.26,6.93,Calm,False,False,Android,7.0.2,M300 RTK,1ZN7L4R0H1D00F,1W9DL31001461C,1ZMLH8300204F0,1Z6PH74DAP0QN7,"Corona, CA",728.3,5.7,137.7,8.547347,2.013246,0,0,DJI Matrice 300 RTK,M300 RTK,1ZN7L4R0H1D00F,1W9DL31001461C,1ZMLH8300204F0,1Z6PH74DAP0QN7,DJI Pilot,Android,7.0.2,1EF72A62-B7C3-C88D-164E-CE6F8C8424AE,1ZN7L4R0H1D00F,1W9DL31001461C,,1ZMLH8300204F0,1W9DL31001461C,,,,,
2023-11-01,11:25:30.92 AM,1m 8.6s,68.6,33.8020413758656,-117.4666336785459,34.1,34.1,17.7,1298,361.3,5.909926,5.909926,-5.144962,0,-2.908022,1.342164,-0.223694,0,-0.3,-0.9,0.9,-149.2,210.8,209.9,Tripod,Other,,21,5,True,,True,False,,Smart,RC,False,True,False,,,True,,False,False,False,False,False,False,False,False,False,False,0,Follow Yaw,-88.9,0,-157.2,202.8,False,False,False,False,False,,0,0,False,False,No Card,100,100,1024,1364,1219,1024,2,False,False,False,False,False,0,False,False,False,False,96,,47.64,,9641,,10044,,47.64,,True,3.972,3.972,3.972,3.972,3.972,3.972,3.972,3.972,3.972,3.972,3.972,3.972,0,,False,False,True,,,,,,,,,,,,,,,False,False,19.384,,80.6,,75.7,,80.6,,1797,43,3,16,7,145308.1,19374.42,,Idle,,20,,10,,,20,Go Home,False,False,False,False,False,False,False,False,False,False,False,False,33.8027920380556,-117.4659261431046,347.8,2972.0,1049.4,396.9,True,1,1,False,False,False,False,,True,False,False,Course Lock,196.8,67,16.4,93,NE,S,6.26,6.93,Calm,False,False,Android,7.0.2,M300 RTK,1ZN7L4R0H1D00F,1W9DL31001461C,1ZMLH8300204F0,1Z6PH74DAP0QN7,"Corona, CA",728.3,5.7,137.7,8.547347,2.013246,0,0,DJI Matrice 300 RTK,M300 RTK,1ZN7L4R0H1D00F,1W9DL31001461C,1ZMLH8300204F0,1Z6PH74DAP0QN7,DJI Pilot,Android,7.0.2,1EF72A62-B7C3-C88D-164E-CE6F8C8424AE,1ZN7L4R0H1D00F,1W9DL31001461C,,1ZMLH8300204F0,1W9DL31001461C,,,,,
2023-11-01,11:25:31.04 AM,1m 8.7s,68.7,33.8020394717643,-117.466635114777,34.1,34.1,17.7,1298,362.1,5.909926,5.909926,-5.144962,0,-2.908022,1.342164,-0.223694,0,-0.5,-1,1.1,-149.2,210.8,212.0,Tripod,Other,,21,5,True,,True,False,,Smart,RC,False,True,False,,,True,,False,False,False,False,False,False,False,False,False,False,0,Follow Yaw,-88.9,0,-157.2,202.8,False,False,False,False,False,,0,0,False,False,No Card,100,100,1024,1350,1223,1024,2,False,False,False,False,False,0,False,False,False,False,96,,47.58,,4786,,4986,,47.58,,True,3.972,3.972,3.972,3.972,3.972,3.972,3.972,3.972,3.972,3.972,3.972,3.972,0,,False,False,True,,,,,,,,,,,,,,,False,False,9.472,,79.7,,75.7,,80.6,,1797,43,3,16,7,145308.1,19374.42,,Idle,,20,,10,,,20,Go Home,False,False,False,False,False,False,False,False,False,False,False,False,33.8027920380556,-117.4659261431046,348.6,2972.0,1049.4,396.9,True,1,1,False,False,False,False,,True,False,False,Course Lock,196.8,67,16.4,93,NE,S,6.26,6.93,Calm,False,False,Android,7.0.2,M300 RTK,1ZN7L4R0H1D00F,1W9DL31001461C,1ZMLH8300204F0,1Z6PH74DAP0QN7,"Corona, CA",728.3,5.7,137.7,8.547347,2.013246,0,0,DJI Matrice 300 RTK,M300 RTK,1ZN7L4R0H1D00F,1W9DL31001461C,1ZMLH8300204F0,1Z6PH74DAP0QN7,DJI Pilot,Android,7.0.2,1EF72A62-B7C3-C88D-164E-CE6F8C8424AE,1ZN7L4R0H1D00F,1W9DL31001461C,,1ZMLH8300204F0,1W9DL31001461C,,,,,
2023-11-01,11:25:31.13 AM,1m 8.8s,68.8,33.8020373121746,-117.466636631495,34.1,34.1,17.7,1298,363.0,5.909926,5.909926,-5.144962,0,-2.908022,1.342164,-0.223694,0,-0.6,-1.3,1.4,-149.3,210.7,210.2,Tripod,Other,,21,5,True,,True,False,,Smart,RC,False,True,False,,,True,,False,False,False,False,False,False,False,False,False,False,0,Follow Yaw,-88.9,0,-157.2,202.8,False,False,False,False,False,,0,0,False,False,No Card,100,100,1024,1343,1211,1100,2,False,False,False,False,False,0,False,False,False,False,96,,47.58,,4786,,4986,,47.58,,True,3.972,3.972,3.972,3.972,3.972,3.972,3.972,3.972,3.972,3.972,3.972,3.972,0,,False,False,True,,,,,,,,,,,,,,,False,False,9.472,,79.7,,75.7,,80.6,,1797,43,3,16,7,145308.1,19374.42,,Idle,,20,,10,,,20,Go Home,False,False,False,False,False,False,False,False,False,False,False,False,33.8027920380556,-117.4659261431046,349.5,2972.0,1049.4,396.9,True,1,1,False,False,False,False,,True,False,False,Course Lock,196.8,67,16.4,93,NE,S,6.26,6.93,Calm,False,False,Android,7.0.2,M300 RTK,1ZN7L4R0H1D00F,1W9DL31001461C,1ZMLH8300204F0,1Z6PH74DAP0QN7,"Corona, CA",728.3,5.7,137.7,8.547347,2.013246,0,0,DJI Matrice 300 RTK,M300 RTK,1ZN7L4R0H1D00F,1W9DL31001461C,1ZMLH8300204F0,1Z6PH74DAP0QN7,DJI Pilot,Android,7.0.2,1EF72A62-B7C3-C88D-164E-CE6F8C8424AE,1ZN7L4R0H1D00F,1W9DL31001461C,,1ZMLH8300204F0,1W9DL31001461C,,,,,
2023-11-01,11:25:31.24 AM,1m 8.9s,68.9,33.8020352134416,-117.4666381310601,34.4,34.4,17.7,1298,363.9,5.909926,5.909926,-5.144962,0,-2.908022,1.342164,-0.223694,0,-0.5,-1.4,1.4,-149.2,210.8,210.6,Tripod,Other,,21,5,True,,True,False,,Smart,RC,False,True,False,,,True,,False,False,False,False,False,False,False,False,False,False,0,Follow Yaw,-88.9,0,-157.2,202.8,False,False,False,False,False,,0,0,False,False,No Card,100,100,1024,1342,1196,1180,2,False,False,False,False,False,0,False,False,False,False,96,,47.58,,4786,,4986,,47.58,,True,3.972,3.972,3.972,3.972,3.972,3.972,3.972,3.972,3.972,3.972,3.972,3.972,0,,False,False,True,,,,,,,,,,,,,,,False,False,9.472,,79.7,,75.7,,80.6,,1797,43,3,16,7,145308.1,19374.42,,Idle,,20,,10,,,20,Go Home,False,False,False,False,False,False,False,False,False,False,False,False,33.8027920380556,-117.4659261431046,350.4,2972.0,1049.4,396.9,True,1,1,False,False,False,False,,True,False,False,Course Lock,196.8,67,16.4,93,NE,S,6.26,6.93,Calm,False,False,Android,7.0.2,M300 RTK,1ZN7L4R0H1D00F,1W9DL31001461C,1ZMLH8300204F0,1Z6PH74DAP0QN7,"Corona, CA",728.3,5.7,137.7,8.547347,2.013246,0,0,DJI Matrice 300 RTK,M300 RTK,1ZN7L4R0H1D00F,1W9DL31001461C,1ZMLH8300204F0,1Z6PH74DAP0QN7,DJI Pilot,Android,7.0.2,1EF72A62-B7C3-C88D-164E-CE6F8C8424AE,1ZN7L4R0H1D00F,1W9DL31001461C,,1ZMLH8300204F0,1W9DL31001461C,,,,,
2023-11-01,11:25:31.34 AM,1m 9.0s,69.0,33.8020330533036,-117.4666396484378,34.4,34.4,17.7,1298,364.8,5.909926,5.909926,-5.144962,0,-2.908022,1.342164,-0.223694,0,-0.4,-1.4,1.4,-149.2,210.8,210.2,Tripod,Other,,21,5,True,,True,False,,Smart,RC,False,True,False,,,True,,False,False,False,False,False,False,False,False,False,False,0,Follow Yaw,-88.9,0,-157.1,202.9,False,False,False,False,False,,0,0,False,False,No Card,100,100,1024,1346,1189,1214,2,False,False,False,False,False,0,False,False,False,False,96,,47.628,,9641,,10044,,47.628,,True,3.972,3.972,3.972,3.972,3.972,3.972,3.972,3.972,3.972,3.972,3.972,3.972,0,,False,False,True,,,,,,,,,,,,,,,False,False,19.158,,80.6,,75.7,,80.6,,1797,43,3,16,7,145308.1,19374.42,,Idle,,20,,10,,,20,Go Home,False,False,False,False,False,False,False,False,False,False,False,False,33.8027920380556,-117.4659261431046,351.3,2972.0,1049.4,396.9,True,1,1,False,False,False,False,,True,False,False,Course Lock,196.8,67,16.4,93,NE,S,6.26,6.93,Calm,False,False,Android,7.0.2,M300 RTK,1ZN7L4R0H1D00F,1W9DL31001461C,1ZMLH8300204F0,1Z6PH74DAP0QN7,"Corona, CA",728.3,5.7,137.7,8.547347,2.013246,0,0,DJI Matrice 300 RTK,M300 RTK,1ZN7L4R0H1D00F,1W9DL31001461C,1ZMLH8300204F0,1Z6PH74DAP0QN7,DJI Pilot,Android,7.0.2,1EF72A62-B7C3-C88D-164E-CE6F8C8424AE,1ZN7L4R0H1D00F,1W9DL31001461C,,1ZMLH8300204F0,1W9DL31001461C,,,,,
2023-11-01,11:25:31.44 AM,1m 9.1s,69.1,33.802031059288,-117.4666412984212,34.4,34.4,17.7,1298,365.7,5.909926,5.909926,-5.144962,0,-2.908022,1.342164,-0.223694,0,-0.3,-0.8,0.8,-149.1,210.9,214.5,Tripod,Other,,21,5,True,,True,False,,Smart,RC,False,True,False,,,True,,False,False,False,False,False,False,False,False,False,False,0,Follow Yaw,-88.9,0,-156.7,203.3,False,False,False,False,False,,0,0,False,False,No Card,100,100,1024,1347,1180,1250,2,False,False,False,False,False,0,False,False,False,False,96,,47.628,,9641,,10044,,47.628,,True,3.972,3.972,3.972,3.972,3.972,3.972,3.972,3.972,3.972,3.972,3.972,3.972,0,,False,False,True,,,,,,,,,,,,,,,False,False,19.158,,80.6,,75.7,,80.6,,1797,43,3,16,7,145308.1,19374.42,,Idle,,20,,10,,,20,Go Home,False,False,False,False,False,False,False,False,False,False,False,False,33.8027920380556,-117.4659261431046,352.2,2972.0,1049.4,396.9,True,1,1,False,False,False,False,,True,False,False,Course Lock,196.8,67,16.4,93,NE,S,6.26,6.93,Calm,False,False,Android,7.0.2,M300 RTK,1ZN7L4R0H1D00F,1W9DL31001461C,1ZMLH8300204F0,1Z6PH74DAP0QN7,"Corona, CA",728.3,5.7,137.7,8.547347,2.013246,0,0,DJI Matrice 300 RTK,M300 RTK,1ZN7L4R0H1D00F,1W9DL31001461C,1ZMLH8300204F0,1Z6PH74DAP0QN7,DJI Pilot,Android,7.0.2,1EF72A62-B7C3-C88D-164E-CE6F8C8424AE,1ZN7L4R0H1D00F,1W9DL31001461C,,1ZMLH8300204F0,1W9DL31001461C,,,,,
2023-11-01,11:25:31.54 AM,1m 9.2s,69.2,33.8020289101152,-117.4666428336117,34.4,34.4,17.7,1298,366.6,6.023145,6.023145,-5.144962,0,-3.131716,1.342164,-0.223694,0,-0.3,0,0.3,-148.9,211.1,210.6,Tripod,Other,,21,5,True,,True,False,,Smart,RC,False,True,False,,,True,,False,False,False,False,False,False,False,False,False,False,0,Follow Yaw,-88.9,0,-156.2,203.8,False,False,False,False,False,,0,0,False,False,No Card,100,100,1024,1335,1199,1174,2,False,False,False,False,False,0,False,False,False,False,96,,47.628,,9641,,10044,,47.628,,True,3.972,3.972,3.972,3.972,3.972,3.972,3.972,3.972,3.972,3.972,3.972,3.972,0,,False,False,True,,,,,,,,,,,,,,,False,False,19.158,,80.6,,75.7,,80.6,,1797,43,3,16,7,145308.1,19374.42,,Idle,,20,,10,,,20,Go Home,False,False,False,False,False,False,False,False,False,False,False,False,33.8027920380556,-117.4659261431046,353.1,2972.0,1049.4,396.9,True,1,1,False,False,False,False,,True,False,False,Course Lock,196.8,67,16.4,93,NE,S,6.26,6.93,Calm,False,False,Android,7.0.2,M300 RTK,1ZN7L4R0H1D00F,1W9DL31001461C,1ZMLH8300204F0,1Z6PH74DAP0QN7,"Corona, CA",728.3,5.7,137.7,8.547347,2.013246,0,0,DJI Matrice 300 RTK,M300 RTK,1ZN7L4R0H1D00F,1W9DL31001461C,1ZMLH8300204F0,1Z6PH74DAP0QN7,DJI Pilot,Android,7.0.2,1EF72A62-B7C3-C88D-164E-CE6F8C8424AE,1ZN7L4R0H1D00F,1W9DL31001461C,,1ZMLH8300204F0,1W9DL31001461C,,,,,
2023-11-01,11:25:31.65 AM,1m 9.3s,69.3,33.8020267406569,-117.4666444459906,34.4,34.4,17.7,1298,367.5,6.023145,6.023145,-5.144962,0,-3.131716,1.342164,-0.223694,0,-0.3,0.5,0.5,-148.7,211.3,211.6,Tripod,Other,,21,5,True,,True,False,,Smart,RC,False,True,False,,,True,,False,False,False,False,False,False,False,False,False,False,0,Follow Yaw,-88.9,0,-155.7,204.3,False,False,False,False,False,,0,0,False,False,No Card,100,100,1024,1335,1212,1098,2,False,False,False,False,False,0,False,False,False,False,96,,47.628,,9641,,10044,,47.628,,True,3.97,3.97,3.97,3.97,3.97,3.97,3.97,3.97,3.97,3.97,3.97,3.97,0,,False,False,True,,,,,,,,,,,,,,,False,False,19.158,,80.6,,75.7,,80.6,,1797,43,3,16,7,145405.5,19387.40,,Idle,,20,,10,,,20,Go Home,False,False,False,False,False,False,False,False,False,False,False,False,33.8027920380556,-117.4659261431046,354.0,2972.0,1049.4,396.9,True,1,1,False,False,False,False,,True,False,False,Course Lock,196.8,67,16.4,93,NE,S,6.26,6.93,Calm,False,False,Android,7.0.2,M300 RTK,1ZN7L4R0H1D00F,1W9DL31001461C,1ZMLH8300204F0,1Z6PH74DAP0QN7,"Corona, CA",728.3,5.7,137.7,8.547347,2.013246,0,0,DJI Matrice 300 RTK,M300 RTK,1ZN7L4R0H1D00F,1W9DL31001461C,1ZMLH8300204F0,1Z6PH74DAP0QN7,DJI Pilot,Android,7.0.2,1EF72A62-B7C3-C88D-164E-CE6F8C8424AE,1ZN7L4R0H1D00F,1W9DL31001461C,,1ZMLH8300204F0,1W9DL31001461C,,,,,
2023-11-01,11:25:31.75 AM,1m 9.4s,69.4,33.8020246073836,-117.4666460280219,34.4,34.4,17.7,1298,368.5,5.833225,6.023145,-4.921268,0,-3.131716,1.342164,-0.223694,0,-0.1,0.5,0.5,-148.3,211.7,211.6,Tripod,Other,,21,5,True,,True,False,,Smart,RC,False,True,False,,,True,,False,False,False,False,False,False,False,False,False,False,0,Follow Yaw,-88.9,0,-155.4,204.6,False,False,False,False,False,,0,0,False,False,No Card,100,100,1024,1339,1213,1058,2,False,False,False,False,False,0,False,False,False,False,96,,47.628,,9641,,10044,,47.628,,True,3.97,3.97,3.97,3.97,3.97,3.97,3.97,3.97,3.97,3.97,3.97,3.97,0,,False,False,True,,,,,,,,,,,,,,,False,False,19.158,,80.6,,75.7,,80.6,,1797,43,3,16,7,145405.5,19387.40,,Idle,,20,,10,,,20,Go Home,False,False,False,False,False,False,False,False,False,False,False,False,33.8027920380556,-117.4659261431046,354.9,2972.0,1049.4,396.9,True,1,1,False,False,False,False,,True,False,False,Course Lock,196.8,67,16.4,93,NE,S,6.26,6.93,Calm,False,False,Android,7.0.2,M300 RTK,1ZN7L4R0H1D00F,1W9DL31001461C,1ZMLH8300204F0,1Z6PH74DAP0QN7,"Corona, CA",728.3,5.7,137.7,8.547347,2.013246,0,0,DJI Matrice 300 RTK,M300 RTK,1ZN7L4R0H1D00F,1W9DL31001461C,1ZMLH8300204F0,1Z6PH74DAP0QN7,DJI Pilot,Android,7.0.2,1EF72A62-B7C3-C88D-164E-CE6F8C8424AE,1ZN7L4R0H1D00F,1W9DL31001461C,,1ZMLH8300204F0,1W9DL31001461C,,,,,
2023-11-01,11:25:31.85 AM,1m 9.5s,69.5,33.8020223178567,-117.466647408176,34.4,34.4,17.7,1298,369.4,5.833225,6.023145,-4.921268,0,-3.131716,1.342164,-0.223694,0,0,-0.2,0.2,-148,212,206.6,Tripod,Other,,21,5,True,,True,False,,Smart,RC,False,True,False,,,True,,False,False,False,False,False,False,False,False,False,False,0,Follow Yaw,-88.9,0,-155.3,204.7,False,False,False,False,False,,0,0,False,False,No Card,100,100,1024,1337,1224,1024,2,False,False,False,False,False,0,False,False,False,False,96,,47.628,,9641,,10044,,47.628,,True,3.97,3.97,3.97,3.97,3.97,3.97,3.97,3.97,3.97,3.97,3.97,3.97,0,,False,False,True,,,,,,,,,,,,,,,False,False,19.158,,80.6,,75.7,,80.6,,1797,43,3,16,7,145405.5,19387.40,,Idle,,20,,10,,,20,Go Home,False,False,False,False,False,False,False,False,False,False,False,False,33.8027920380556,-117.4659261431046,355.8,2972.0,1049.4,396.9,True,1,1,False,False,False,False,,True,False,False,Course Lock,196.8,67,16.4,93,NE,S,6.26,6.93,Calm,False,False,Android,7.0.2,M300 RTK,1ZN7L4R0H1D00F,1W9DL31001461C,1ZMLH8300204F0,1Z6PH74DAP0QN7,"Corona, CA",728.3,5.7,137.7,8.547347,2.013246,0,0,DJI Matrice 300 RTK,M300 RTK,1ZN7L4R0H1D00F,1W9DL31001461C,1ZMLH8300204F0,1Z6PH74DAP0QN7,DJI Pilot,Android,7.0.2,1EF72A62-B7C3-C88D-164E-CE6F8C8424AE,1ZN7L4R0H1D00F,1W9DL31001461C,,1ZMLH8300204F0,1W9DL31001461C,,,,,
2023-11-01,11:25:31.96 AM,1m 9.6s,69.6,33.8020201911625,-117.4666490034018,34.7,34.7,17.7,1299,370.3,5.833225,6.023145,-4.921268,0,-3.131716,1.342164,-0.223694,0,0.2,-1,1,-147.6,212.4,211.9,Tripod,Other,,21,5,True,,True,False,,Smart,RC,False,True,False,,,True,,False,False,False,False,False,False,False,False,False,False,0,Follow Yaw,-88.9,0,-155.3,204.7,False,False,False,False,False,,0,0,False,False,No Card,100,100,1024,1335,1232,1024,2,False,False,False,False,False,0,False,False,False,False,96,,47.628,,9641,,10044,,47.628,,True,3.97,3.97,3.97,3.97,3.97,3.97,3.97,3.97,3.97,3.97,3.97,3.97,0,,False,False,True,,,,,,,,,,,,,,,False,False,19.158,,80.6,,75.7,,80.6,,1797,43,3,16,7,145405.5,19387.40,,Idle,,20,,10,,,20,Go Home,False,False,False,False,False,False,False,False,False,False,False,False,33.8027920380556,-117.4659261431046,356.7,2972.0,1049.4,396.9,True,1,1,False,False,False,False,,True,False,False,Course Lock,196.8,67,16.4,93,NE,S,6.26,6.93,Calm,False,False,Android,7.0.2,M300 RTK,1ZN7L4R0H1D00F,1W9DL31001461C,1ZMLH8300204F0,1Z6PH74DAP0QN7,"Corona, CA",728.3,5.7,137.7,8.547347,2.013246,0,0,DJI Matrice 300 RTK,M300 RTK,1ZN7L4R0H1D00F,1W9DL31001461C,1ZMLH8300204F0,1Z6PH74DAP0QN7,DJI Pilot,Android,7.0.2,1EF72A62-B7C3-C88D-164E-CE6F8C8424AE,1ZN7L4R0H1D00F,1W9DL31001461C,,1ZMLH8300204F0,1W9DL31001461C,,,,,
2023-11-01,11:25:32.06 AM,1m 9.7s,69.7,33.802017930145,-117.4666505517868,34.7,34.7,17.7,1299,371.3,5.833225,6.023145,-4.921268,0,-3.131716,1.342164,-0.223694,0,0.3,-1.3,1.3,-147.4,212.6,209.6,Tripod,Other,,21,5,True,,True,False,,Smart,RC,False,True,False,,,True,,False,False,False,False,False,False,False,False,False,False,0,Follow Yaw,-88.9,0,-155.3,204.7,False,False,False,False,False,,0,0,False,False,No Card,100,100,1024,1338,1231,1024,2,False,False,False,False,False,0,False,False,False,False,96,,47.628,,9641,,10044,,47.628,,True,3.97,3.97,3.97,3.97,3.97,3.97,3.97,3.97,3.97,3.97,3.97,3.97,0,,False,False,True,,,,,,,,,,,,,,,False,False,19.158,,80.6,,75.7,,80.6,,1797,43,3,16,7,145405.5,19387.40,,Idle,,20,,10,,,20,Go Home,False,False,False,False,False,False,False,False,False,False,False,False,33.8027920380556,-117.4659261431046,357.7,2972.0,1049.4,396.9,True,1,1,False,False,False,False,,True,False,False,Course Lock,196.8,67,16.4,93,NE,S,6.26,6.93,Calm,False,False,Android,7.0.2,M300 RTK,1ZN7L4R0H1D00F,1W9DL31001461C,1ZMLH8300204F0,1Z6PH74DAP0QN7,"Corona, CA",728.3,5.7,137.7,8.547347,2.013246,0,0,DJI Matrice 300 RTK,M300 RTK,1ZN7L4R0H1D00F,1W9DL31001461C,1ZMLH8300204F0,1Z6PH74DAP0QN7,DJI Pilot,Android,7.0.2,1EF72A62-B7C3-C88D-164E-CE6F8C8424AE,1ZN7L4R0H1D00F,1W9DL31001461C,,1ZMLH8300204F0,1W9DL31001461C,,,,,
2023-11-01,11:25:32.16 AM,1m 9.8s,69.8,33.8020158007095,-117.466652116665,34.7,34.7,17.7,1299,372.2,5.833225,6.023145,-4.921268,0,-3.131716,1.342164,-0.223694,0,0.3,-1,1,-147.2,212.8,211.4,Tripod,Other,,21,5,True,,True,False,,Smart,RC,False,True,False,,,True,,False,False,False,False,False,False,False,False,False,False,0,Follow Yaw,-88.9,0,-155.3,204.7,False,False,False,False,False,,0,0,False,False,No Card,100,100,1024,1342,1230,1024,2,False,False,False,False,False,0,False,False,False,False,96,,47.628,,9641,,10044,,47.628,,True,3.97,3.97,3.97,3.97,3.97,3.97,3.97,3.97,3.97,3.97,3.97,3.97,0,,False,False,True,,,,,,,,,,,,,,,False,False,19.158,,80.6,,75.7,,80.6,,1797,43,3,16,7,145405.5,19387.40,,Idle,,20,,10,,,20,Go Home,False,False,False,False,False,False,False,False,False,False,False,False,33.8027920380556,-117.4659261431046,358.6,2972.0,1049.4,396.9,True,1,1,False,False,False,False,,True,False,False,Course Lock,196.8,67,16.4,93,NE,S,6.26,6.93,Calm,False,False,Android,7.0.2,M300 RTK,1ZN7L4R0H1D00F,1W9DL31001461C,1ZMLH8300204F0,1Z6PH74DAP0QN7,"Corona, CA",728.3,5.7,137.7,8.547347,2.013246,0,0,DJI Matrice 300 RTK,M300 RTK,1ZN7L4R0H1D00F,1W9DL31001461C,1ZMLH8300204F0,1Z6PH74DAP0QN7,DJI Pilot,Android,7.0.2,1EF72A62-B7C3-C88D-164E-CE6F8C8424AE,1ZN7L4R0H1D00F,1W9DL31001461C,,1ZMLH8300204F0,1W9DL31001461C,,,,,
2023-11-01,11:25:32.26 AM,1m 9.9s,69.9,33.8020135106344,-117.4666535509169,34.7,34.7,17.7,1299,373.1,5.833225,6.023145,-4.921268,0,-3.131716,1.342164,-0.223694,0,0.1,-0.7,0.7,-147.2,212.8,207.4,Tripod,Other,,21,5,True,,True,False,,Smart,RC,False,True,False,,,True,,False,False,False,False,False,False,False,False,False,False,0,Follow Yaw,-88.9,0,-155.3,204.7,False,False,False,False,False,,0,0,False,False,No Card,100,100,1024,1342,1230,1024,2,False,False,False,False,False,0,False,False,False,False,96,,47.628,,9641,,10044,,47.628,,True,3.97,3.97,3.97,3.97,3.97,3.97,3.97,3.97,3.97,3.97,3.97,3.97,0,,False,False,True,,,,,,,,,,,,,,,False,False,19.158,,80.6,,75.7,,80.6,,1797,43,3,16,7,145405.5,19387.40,,Idle,,20,,10,,,20,Go Home,False,False,False,False,False,False,False,False,False,False,False,False,33.8027920380556,-117.4659261431046,359.5,2972.0,1049.4,396.9,True,1,1,False,False,False,False,,True,False,False,Course Lock,196.8,67,16.4,93,NE,S,6.26,6.93,Calm,False,False,Android,7.0.2,M300 RTK,1ZN7L4R0H1D00F,1W9DL31001461C,1ZMLH8300204F0,1Z6PH74DAP0QN7,"Corona, CA",728.3,5.7,137.7,8.547347,2.013246,0,0,DJI Matrice 300 RTK,M300 RTK,1ZN7L4R0H1D00F,1W9DL31001461C,1ZMLH8300204F0,1Z6PH74DAP0QN7,DJI Pilot,Android,7.0.2,1EF72A62-B7C3-C88D-164E-CE6F8C8424AE,1ZN7L4R0H1D00F,1W9DL31001461C,,1ZMLH8300204F0,1W9DL31001461C,,,,,
2023-11-01,11:25:32.37 AM,1m 10.0s,70.0,33.8020113746198,-117.4666550887462,34.7,34.7,17.7,1299,374.0,5.833225,6.023145,-4.921268,0,-3.131716,1.342164,-0.223694,0,0,-0.7,0.7,-147.2,212.8,210.8,Tripod,Other,,21,5,True,,True,False,,Smart,RC,False,True,False,,,True,,False,False,False,False,False,False,False,False,False,False,0,Follow Yaw,-88.9,0,-155.3,204.7,False,False,False,False,False,,0,0,False,False,No Card,100,100,1024,1343,1229,1024,2,False,False,False,False,False,0,False,False,False,False,96,,47.676,,9641,,10044,,47.676,,True,3.97,3.97,3.97,3.97,3.97,3.97,3.97,3.97,3.97,3.97,3.97,3.97,0,,False,False,True,,,,,,,,,,,,,,,False,False,18.998,,80.6,,75.7,,80.6,,1797,43,3,16,7,145405.5,19387.40,,Idle,,20,,10,,,20,Go Home,False,False,False,False,False,False,False,False,False,False,False,False,33.8027920380556,-117.4659261431046,360.4,2972.0,1049.4,396.9,True,1,1,False,False,False,False,,True,False,False,Course Lock,196.8,67,16.4,93,NE,S,6.26,6.93,Calm,False,False,Android,7.0.2,M300 RTK,1ZN7L4R0H1D00F,1W9DL31001461C,1ZMLH8300204F0,1Z6PH74DAP0QN7,"Corona, CA",728.3,5.7,137.7,8.547347,2.013246,0,0,DJI Matrice 300 RTK,M300 RTK,1ZN7L4R0H1D00F,1W9DL31001461C,1ZMLH8300204F0,1Z6PH74DAP0QN7,DJI Pilot,Android,7.0.2,1EF72A62-B7C3-C88D-164E-CE6F8C8424AE,1ZN7L4R0H1D00F,1W9DL31001461C,,1ZMLH8300204F0,1W9DL31001461C,,,,,
2023-11-01,11:25:32.47 AM,1m 10.1s,70.1,33.8020093838937,-117.4666566015059,34.7,34.7,17.7,1299,374.9,5.833225,6.023145,-4.921268,0,-3.131716,1.342164,-0.223694,0,0,-0.8,0.8,-147.3,212.7,212.2,Tripod,Other,,21,5,True,,True,False,,Smart,RC,False,True,False,,,True,,False,False,False,False,False,False,False,False,False,False,0,Follow Yaw,-88.9,0,-155.3,204.7,False,False,False,False,False,,0,0,False,False,No Card,100,100,1024,1344,1228,1024,2,False,False,False,False,False,0,False,False,False,False,96,,47.676,,9641,,10044,,47.676,,True,3.97,3.97,3.97,3.97,3.97,3.97,3.97,3.97,3.97,3.97,3.97,3.97,0,,False,False,True,,,,,,,,,,,,,,,False,False,18.998,,80.6,,75.7,,80.6,,1797,43,3,16,7,145405.5,19387.40,,Idle,,20,,10,,,20,Go Home,False,False,False,False,False,False,False,False,False,False,False,False,33.8027920380556,-117.4659261431046,361.3,2972.0,1049.4,396.9,True,1,1,False,False,False,False,,True,False,False,Course Lock,196.8,67,16.4,93,NE,S,6.26,6.93,Calm,False,False,Android,7.0.2,M300 RTK,1ZN7L4R0H1D00F,1W9DL31001461C,1ZMLH8300204F0,1Z6PH74DAP0QN7,"Corona, CA",728.3,5.7,137.7,8.547347,2.013246,0,0,DJI Matrice 300 RTK,M300 RTK,1ZN7L4R0H1D00F,1W9DL31001461C,1ZMLH8300204F0,1Z6PH74DAP0QN7,DJI Pilot,Android,7.0.2,1EF72A62-B7C3-C88D-164E-CE6F8C8424AE,1ZN7L4R0H1D00F,1W9DL31001461C,,1ZMLH8300204F0,1W9DL31001461C,,,,,
2023-11-01,11:25:32.57 AM,1m 10.2s,70.2,33.8020072670681,-117.4666581248212,35.1,35.1,17.7,1299,375.8,5.833225,6.023145,-4.921268,0,-3.131716,1.342164,-0.223694,0,-0.2,-0.8,0.8,-147.2,212.8,210.8,Tripod,Other,,21,5,True,,True,False,,Smart,RC,False,True,False,,,True,,False,False,False,False,False,False,False,False,False,False,0,Follow Yaw,-88.9,0,-155.3,204.7,False,False,False,False,False,,0,0,False,False,No Card,100,100,1024,1344,1226,1024,2,False,False,False,False,False,0,False,False,False,False,96,,47.676,,9641,,10044,,47.676,,True,3.97,3.97,3.97,3.97,3.97,3.97,3.97,3.97,3.97,3.97,3.97,3.97,0,,False,False,True,,,,,,,,,,,,,,,False,False,18.998,,80.6,,75.7,,80.6,,1797,43,3,16,7,145405.5,19387.40,,Idle,,20,,10,,,20,Go Home,False,False,False,False,False,False,False,False,False,False,False,False,33.8027920380556,-117.4659261431046,362.2,2972.0,1049.4,396.9,True,1,1,False,False,False,False,,True,False,False,Course Lock,196.8,67,16.4,93,NE,S,6.26,6.93,Calm,False,False,Android,7.0.2,M300 RTK,1ZN7L4R0H1D00F,1W9DL31001461C,1ZMLH8300204F0,1Z6PH74DAP0QN7,"Corona, CA",728.3,5.7,137.7,8.547347,2.013246,0,0,DJI Matrice 300 RTK,M300 RTK,1ZN7L4R0H1D00F,1W9DL31001461C,1ZMLH8300204F0,1Z6PH74DAP0QN7,DJI Pilot,Android,7.0.2,1EF72A62-B7C3-C88D-164E-CE6F8C8424AE,1ZN7L4R0H1D00F,1W9DL31001461C,,1ZMLH8300204F0,1W9DL31001461C,,,,,
2023-11-01,11:25:32.64 AM,1m 10.3s,70.3,33.8020050811621,-117.4666595148712,35.1,35.1,17.7,1299,376.7,5.833225,6.023145,-4.921268,0,-3.131716,1.342164,-0.223694,0,-0.3,-0.7,0.7,-147.2,212.8,207.8,Tripod,Other,,21,5,True,,True,False,,Smart,RC,False,True,False,,,True,,False,False,False,False,False,False,False,False,False,False,0,Follow Yaw,-88.9,0,-155.3,204.7,False,False,False,False,False,,0,0,False,False,No Card,100,100,1024,1342,1228,1024,2,False,False,False,False,False,0,False,False,False,False,96,,47.676,,9641,,10044,,47.676,,True,3.973,3.973,3.973,3.973,3.973,3.973,3.973,3.973,3.973,3.973,3.973,3.973,0,,False,False,True,,,,,,,,,,,,,,,False,False,18.998,,80.6,,75.7,,80.6,,1796,43,3,16,7,145339.6,19378.62,,Idle,,20,,10,,,20,Go Home,False,False,False,False,False,False,False,False,False,False,False,False,33.8027920380556,-117.4659261431046,363.1,2972.0,1049.4,396.9,True,1,1,False,False,False,False,,True,False,False,Course Lock,196.8,67,16.4,93,NE,S,6.26,6.93,Calm,False,False,Android,7.0.2,M300 RTK,1ZN7L4R0H1D00F,1W9DL31001461C,1ZMLH8300204F0,1Z6PH74DAP0QN7,"Corona, CA",728.3,5.7,137.7,8.547347,2.013246,0,0,DJI Matrice 300 RTK,M300 RTK,1ZN7L4R0H1D00F,1W9DL31001461C,1ZMLH8300204F0,1Z6PH74DAP0QN7,DJI Pilot,Android,7.0.2,1EF72A62-B7C3-C88D-164E-CE6F8C8424AE,1ZN7L4R0H1D00F,1W9DL31001461C,,1ZMLH8300204F0,1W9DL31001461C,,,,,
2023-11-01,11:25:32.74 AM,1m 10.4s,70.4,33.8020029539196,-117.4666610183947,35.1,35.1,17.7,1299,377.6,5.833225,6.023145,-4.921268,0,-3.131716,1.342164,-0.223694,0,-0.3,-0.5,0.5,-147.1,212.9,210.4,Tripod,Other,,21,5,True,,True,False,,Smart,RC,False,True,False,,,True,,False,False,False,False,False,False,False,False,False,False,0,Follow Yaw,-88.9,0,-155.3,204.7,False,False,False,False,False,,0,0,False,False,No Card,100,100,1024,1348,1227,1024,2,False,False,False,False,False,0,False,False,False,False,96,,47.676,,9641,,10044,,47.676,,True,3.973,3.973,3.973,3.973,3.973,3.973,3.973,3.973,3.973,3.973,3.973,3.973,0,,False,False,True,,,,,,,,,,,,,,,False,False,18.998,,80.6,,75.7,,80.6,,1796,43,3,16,7,145339.6,19378.62,,Idle,,20,,10,,,20,Go Home,False,False,False,False,False,False,False,False,False,False,False,False,33.8027920380556,-117.4659261431046,364.0,2972.0,1049.4,396.9,True,1,1,False,False,False,False,,True,False,False,Course Lock,196.8,67,16.4,93,NE,S,6.26,6.93,Calm,False,False,Android,7.0.2,M300 RTK,1ZN7L4R0H1D00F,1W9DL31001461C,1ZMLH8300204F0,1Z6PH74DAP0QN7,"Corona, CA",728.3,5.7,137.7,8.547347,2.013246,0,0,DJI Matrice 300 RTK,M300 RTK,1ZN7L4R0H1D00F,1W9DL31001461C,1ZMLH8300204F0,1Z6PH74DAP0QN7,DJI Pilot,Android,7.0.2,1EF72A62-B7C3-C88D-164E-CE6F8C8424AE,1ZN7L4R0H1D00F,1W9DL31001461C,,1ZMLH8300204F0,1W9DL31001461C,,,,,
2023-11-01,11:25:32.84 AM,1m 10.5s,70.5,33.8020007433419,-117.4666626063635,35.1,35.1,17.7,1299,378.5,5.833225,6.023145,-4.921268,0,-3.131716,1.342164,-0.223694,0,-0.1,-0.4,0.4,-147.1,212.9,210.8,Tripod,Other,,21,5,True,,True,False,,Smart,RC,False,True,False,,,True,,False,False,False,False,False,False,False,False,False,False,0,Follow Yaw,-88.9,0,-155.3,204.7,False,False,False,False,False,,0,0,False,False,No Card,100,100,1024,1348,1231,1024,2,False,False,False,False,False,0,False,False,False,False,96,,47.676,,9641,,10044,,47.676,,True,3.973,3.973,3.973,3.973,3.973,3.973,3.973,3.973,3.973,3.973,3.973,3.973,0,,False,False,True,,,,,,,,,,,,,,,False,False,18.998,,80.6,,75.7,,80.6,,1796,43,3,16,7,145339.6,19378.62,,Idle,,20,,10,,,20,Go Home,False,False,False,False,False,False,False,False,False,False,False,False,33.8027920380556,-117.4659261431046,364.9,2972.0,1049.4,396.9,True,1,1,False,False,False,False,,True,False,False,Course Lock,196.8,67,16.4,93,NE,S,6.26,6.93,Calm,False,False,Android,7.0.2,M300 RTK,1ZN7L4R0H1D00F,1W9DL31001461C,1ZMLH8300204F0,1Z6PH74DAP0QN7,"Corona, CA",728.3,5.7,137.7,8.547347,2.013246,0,0,DJI Matrice 300 RTK,M300 RTK,1ZN7L4R0H1D00F,1W9DL31001461C,1ZMLH8300204F0,1Z6PH74DAP0QN7,DJI Pilot,Android,7.0.2,1EF72A62-B7C3-C88D-164E-CE6F8C8424AE,1ZN7L4R0H1D00F,1W9DL31001461C,,1ZMLH8300204F0,1W9DL31001461C,,,,,
2023-11-01,11:25:32.94 AM,1m 10.6s,70.6,33.8019986089721,-117.4666641237412,35.1,35.1,17.7,1299,379.4,5.833225,6.023145,-4.921268,0,-3.131716,1.342164,-0.223694,0,0,-0.4,0.4,-147.1,212.9,210.5,Tripod,Other,,21,5,True,,True,False,,Smart,RC,False,True,False,,,True,,False,False,False,False,False,False,False,False,False,False,0,Follow Yaw,-88.9,0,-155.3,204.7,False,False,False,False,False,,0,0,False,False,No Card,100,100,1024,1343,1252,1024,2,False,False,False,False,False,0,False,False,False,False,96,,47.676,,9641,,10044,,47.676,,True,3.973,3.973,3.973,3.973,3.973,3.973,3.973,3.973,3.973,3.973,3.973,3.973,0,,False,False,True,,,,,,,,,,,,,,,False,False,18.998,,80.6,,75.7,,80.6,,1796,43,3,16,7,145339.6,19378.62,,Idle,,20,,10,,,20,Go Home,False,False,False,False,False,False,False,False,False,False,False,False,33.8027920380556,-117.4659261431046,365.8,2972.0,1049.4,396.9,True,1,1,False,False,False,False,,True,False,False,Course Lock,196.8,67,16.4,93,NE,S,6.26,6.93,Calm,False,False,Android,7.0.2,M300 RTK,1ZN7L4R0H1D00F,1W9DL31001461C,1ZMLH8300204F0,1Z6PH74DAP0QN7,"Corona, CA",728.3,5.7,137.7,8.547347,2.013246,0,0,DJI Matrice 300 RTK,M300 RTK,1ZN7L4R0H1D00F,1W9DL31001461C,1ZMLH8300204F0,1Z6PH74DAP0QN7,DJI Pilot,Android,7.0.2,1EF72A62-B7C3-C88D-164E-CE6F8C8424AE,1ZN7L4R0H1D00F,1W9DL31001461C,,1ZMLH8300204F0,1W9DL31001461C,,,,,
2023-11-01,11:25:33.04 AM,1m 10.7s,70.7,33.8019965957674,-117.4666657578911,35.4,35.4,17.7,1299,380.3,5.833225,6.023145,-4.921268,0,-3.131716,1.342164,-0.223694,0,-0.1,-0.5,0.5,-147.2,212.8,213.9,Tripod,Other,,21,5,True,,True,False,,Smart,RC,False,True,False,,,True,,False,False,False,False,False,False,False,False,False,False,0,Follow Yaw,-88.9,0,-155.3,204.7,False,False,False,False,False,,0,0,False,False,No Card,100,100,1024,1343,1252,1024,2,False,False,False,False,False,0,False,False,False,False,96,,47.676,,9641,,10044,,47.676,,True,3.973,3.973,3.973,3.973,3.973,3.973,3.973,3.973,3.973,3.973,3.973,3.973,0,,False,False,True,,,,,,,,,,,,,,,False,False,18.998,,80.6,,75.7,,80.6,,1796,43,3,16,7,145339.6,19378.62,,Idle,,20,,10,,,20,Go Home,False,False,False,False,False,False,False,False,False,False,False,False,33.8027920380556,-117.4659261431046,366.7,2972.0,1049.4,396.9,True,1,1,False,False,False,False,,True,False,False,Course Lock,196.8,67,16.4,93,NE,S,6.26,6.93,Calm,False,False,Android,7.0.2,M300 RTK,1ZN7L4R0H1D00F,1W9DL31001461C,1ZMLH8300204F0,1Z6PH74DAP0QN7,"Corona, CA",728.3,5.7,137.7,8.547347,2.013246,0,0,DJI Matrice 300 RTK,M300 RTK,1ZN7L4R0H1D00F,1W9DL31001461C,1ZMLH8300204F0,1Z6PH74DAP0QN7,DJI Pilot,Android,7.0.2,1EF72A62-B7C3-C88D-164E-CE6F8C8424AE,1ZN7L4R0H1D00F,1W9DL31001461C,,1ZMLH8300204F0,1W9DL31001461C,,,,,
2023-11-01,11:25:33.14 AM,1m 10.8s,70.8,33.8019944783936,-117.466667287144,35.4,35.4,18.0,1299,381.2,5.833225,6.023145,-4.921268,0,-3.131716,1.342164,-0.223694,0,-0.2,-0.7,0.7,-147.2,212.8,210.9,Tripod,Other,,21,5,True,,True,False,,Smart,RC,False,True,False,,,True,,False,False,False,False,False,False,False,False,False,False,0,Follow Yaw,-88.9,0,-155.3,204.7,False,False,False,False,False,,0,0,False,False,No Card,100,100,1024,1343,1255,1024,2,False,False,False,False,False,0,False,False,False,False,96,,47.676,,9641,,10044,,47.676,,True,3.973,3.973,3.973,3.973,3.973,3.973,3.973,3.973,3.973,3.973,3.973,3.973,0,,False,False,True,,,,,,,,,,,,,,,False,False,18.998,,80.6,,75.7,,80.6,,1796,43,3,16,7,145339.6,19378.62,,Idle,,20,,10,,,20,Go Home,False,False,False,False,False,False,False,False,False,False,False,False,33.8027920380556,-117.4659261431046,367.6,2972.0,1049.4,396.9,True,1,1,False,False,False,False,,True,False,False,Course Lock,196.8,67,16.4,93,NE,S,6.26,6.93,Calm,False,False,Android,7.0.2,M300 RTK,1ZN7L4R0H1D00F,1W9DL31001461C,1ZMLH8300204F0,1Z6PH74DAP0QN7,"Corona, CA",728.3,5.7,137.7,8.547347,2.013246,0,0,DJI Matrice 300 RTK,M300 RTK,1ZN7L4R0H1D00F,1W9DL31001461C,1ZMLH8300204F0,1Z6PH74DAP0QN7,DJI Pilot,Android,7.0.2,1EF72A62-B7C3-C88D-164E-CE6F8C8424AE,1ZN7L4R0H1D00F,1W9DL31001461C,,1ZMLH8300204F0,1W9DL31001461C,,,,,
2023-11-01,11:25:33.24 AM,1m 10.9s,70.9,33.8019924290039,-117.4666689212939,35.4,35.4,18.0,1299,382.1,5.833225,6.023145,-4.921268,0,-3.131716,1.342164,-0.223694,0,-0.2,-0.9,0.9,-147.3,212.7,213.5,Tripod,Other,,21,5,True,,True,False,,Smart,RC,False,True,False,,,True,,False,False,False,False,False,False,False,False,False,False,0,Follow Yaw,-88.9,0,-155.3,204.7,False,False,False,False,False,,0,0,False,False,No Card,100,100,1024,1343,1251,1024,2,False,False,False,False,False,0,False,False,False,False,96,,47.676,,9641,,10044,,47.676,,True,3.973,3.973,3.973,3.973,3.973,3.973,3.973,3.973,3.973,3.973,3.973,3.973,0,,False,False,True,,,,,,,,,,,,,,,False,False,18.998,,80.6,,75.7,,80.6,,1796,43,3,16,7,145339.6,19378.62,,Idle,,20,,10,,,20,Go Home,False,False,False,False,False,False,False,False,False,False,False,False,33.8027920380556,-117.4659261431046,368.5,2972.0,1049.4,396.9,True,1,1,False,False,False,False,,True,False,False,Course Lock,196.8,67,16.4,93,NE,S,6.26,6.93,Calm,False,False,Android,7.0.2,M300 RTK,1ZN7L4R0H1D00F,1W9DL31001461C,1ZMLH8300204F0,1Z6PH74DAP0QN7,"Corona, CA",728.3,5.7,137.7,8.547347,2.013246,0,0,DJI Matrice 300 RTK,M300 RTK,1ZN7L4R0H1D00F,1W9DL31001461C,1ZMLH8300204F0,1Z6PH74DAP0QN7,DJI Pilot,Android,7.0.2,1EF72A62-B7C3-C88D-164E-CE6F8C8424AE,1ZN7L4R0H1D00F,1W9DL31001461C,,1ZMLH8300204F0,1W9DL31001461C,,,,,
2023-11-01,11:25:33.34 AM,1m 11.0s,71.0,33.8019903110818,-117.4666704531857,35.4,35.4,18.0,1299,383.0,5.833225,6.023145,-4.921268,0,-3.131716,1.342164,-0.223694,0,-0.1,-0.9,0.9,-147.2,212.8,211.0,Tripod,Other,,21,5,True,,True,False,,Smart,RC,False,True,False,,,True,,False,False,False,False,False,False,False,False,False,False,0,Follow Yaw,-88.9,0,-155.3,204.7,False,False,False,False,False,,0,0,False,False,No Card,100,100,1024,1344,1247,1024,2,False,False,False,False,False,0,False,False,False,False,96,,47.688,,9641,,10044,,47.688,,True,3.973,3.973,3.973,3.973,3.973,3.973,3.973,3.973,3.973,3.973,3.973,3.973,0,,False,False,True,,,,,,,,,,,,,,,False,False,18.724,,80.7,,75.7,,80.7,,1796,43,3,16,7,145339.6,19378.62,,Idle,,20,,10,,,20,Go Home,False,False,False,False,False,False,False,False,False,False,False,False,33.8027920380556,-117.4659261431046,369.3,2972.0,1049.4,396.9,True,1,1,False,False,False,False,,True,False,False,Course Lock,196.8,67,16.4,93,NE,S,6.26,6.93,Calm,False,False,Android,7.0.2,M300 RTK,1ZN7L4R0H1D00F,1W9DL31001461C,1ZMLH8300204F0,1Z6PH74DAP0QN7,"Corona, CA",728.3,5.7,137.7,8.547347,2.013246,0,0,DJI Matrice 300 RTK,M300 RTK,1ZN7L4R0H1D00F,1W9DL31001461C,1ZMLH8300204F0,1Z6PH74DAP0QN7,DJI Pilot,Android,7.0.2,1EF72A62-B7C3-C88D-164E-CE6F8C8424AE,1ZN7L4R0H1D00F,1W9DL31001461C,,1ZMLH8300204F0,1W9DL31001461C,,,,,
2023-11-01,11:25:33.44 AM,1m 11.1s,71.1,33.801988276495,-117.4666720180639,35.4,35.4,18.0,1299,383.9,5.833225,6.023145,-4.921268,0,-3.131716,1.342164,-0.447388,0,-0.1,-0.7,0.7,-147.2,212.8,212.5,Tripod,Other,,21,5,True,,True,False,,Smart,RC,False,True,False,,,True,,False,False,False,False,False,False,False,False,False,False,0,Follow Yaw,-88.9,0,-155.3,204.7,False,False,False,False,False,,0,0,False,False,No Card,100,100,1024,1343,1251,1024,2,False,False,False,False,False,0,False,False,False,False,96,,47.688,,9641,,10044,,47.688,,True,3.973,3.973,3.973,3.973,3.973,3.973,3.973,3.973,3.973,3.973,3.973,3.973,0,,False,False,True,,,,,,,,,,,,,,,False,False,18.724,,80.7,,75.7,,80.7,,1796,43,3,16,7,145339.6,19378.62,,Idle,,20,,10,,,20,Go Home,False,False,False,False,False,False,False,False,False,False,False,False,33.8027920380556,-117.4659261431046,370.2,2972.0,1049.4,396.9,True,1,1,False,False,False,False,,True,False,False,Course Lock,196.8,67,16.4,93,NE,S,6.26,6.93,Calm,False,False,Android,7.0.2,M300 RTK,1ZN7L4R0H1D00F,1W9DL31001461C,1ZMLH8300204F0,1Z6PH74DAP0QN7,"Corona, CA",728.3,5.7,137.7,8.547347,2.013246,0,0,DJI Matrice 300 RTK,M300 RTK,1ZN7L4R0H1D00F,1W9DL31001461C,1ZMLH8300204F0,1Z6PH74DAP0QN7,DJI Pilot,Android,7.0.2,1EF72A62-B7C3-C88D-164E-CE6F8C8424AE,1ZN7L4R0H1D00F,1W9DL31001461C,,1ZMLH8300204F0,1W9DL31001461C,,,,,
2023-11-01,11:25:33.54 AM,1m 11.2s,71.2,33.8019861711829,-117.4666735499558,35.7,35.7,18.0,1300,384.8,5.833225,6.023145,-4.921268,0,-3.131716,1.342164,-0.447388,0,-0.1,-0.6,0.6,-147.2,212.8,211.1,Tripod,Other,,20,5,True,,True,False,,Smart,RC,False,True,False,,,True,,False,False,False,False,False,False,False,False,False,False,0,Follow Yaw,-88.9,0,-155.3,204.7,False,False,False,False,False,,0,0,False,False,No Card,100,100,1024,1343,1251,1024,2,False,False,False,False,False,0,False,False,False,False,96,,47.688,,9641,,10044,,47.688,,True,3.973,3.973,3.973,3.973,3.973,3.973,3.973,3.973,3.973,3.973,3.973,3.973,0,,False,False,True,,,,,,,,,,,,,,,False,False,18.724,,80.7,,75.7,,80.7,,1796,43,3,16,7,145339.6,19378.62,,Idle,,20,,10,,,20,Go Home,False,False,False,False,False,False,False,False,False,False,False,False,33.8027920380556,-117.4659261431046,371.1,2972.0,1049.4,396.9,True,1,1,False,False,False,False,,True,False,False,Course Lock,196.8,67,16.4,93,NE,S,6.26,6.93,Calm,False,False,Android,7.0.2,M300 RTK,1ZN7L4R0H1D00F,1W9DL31001461C,1ZMLH8300204F0,1Z6PH74DAP0QN7,"Corona, CA",728.3,5.7,137.7,8.547347,2.013246,0,0,DJI Matrice 300 RTK,M300 RTK,1ZN7L4R0H1D00F,1W9DL31001461C,1ZMLH8300204F0,1Z6PH74DAP0QN7,DJI Pilot,Android,7.0.2,1EF72A62-B7C3-C88D-164E-CE6F8C8424AE,1ZN7L4R0H1D00F,1W9DL31001461C,,1ZMLH8300204F0,1W9DL31001461C,,,,,
2023-11-01,11:25:33.64 AM,1m 11.3s,71.3,33.8019839288062,-117.4666749327488,35.7,35.7,18.0,1300,385.7,5.833225,6.023145,-4.921268,0,-3.131716,1.342164,-0.447388,0,-0.1,-0.6,0.6,-147.2,212.8,207.1,Tripod,Other,,20,5,True,,True,False,,Smart,RC,False,True,False,,,True,,False,False,False,False,False,False,False,False,False,False,0,Follow Yaw,-88.9,0,-155.3,204.7,False,False,False,False,False,,0,0,False,False,No Card,100,100,1024,1341,1254,1024,2,False,False,False,False,False,0,False,False,False,False,96,,47.688,,9641,,10044,,47.688,,True,3.973,3.973,3.973,3.973,3.973,3.973,3.973,3.973,3.973,3.973,3.973,3.973,0,,False,False,True,,,,,,,,,,,,,,,False,False,18.724,,80.7,,75.7,,80.7,,1795,43,3,16,7,145050.9,19340.12,,Idle,,20,,10,,,20,Go Home,False,False,False,False,False,False,False,False,False,False,False,False,33.8027920380556,-117.4659261431046,372.0,2972.0,1049.4,396.9,True,1,1,False,False,False,False,,True,False,False,Course Lock,196.8,67,16.4,93,NE,S,6.26,6.93,Calm,False,False,Android,7.0.2,M300 RTK,1ZN7L4R0H1D00F,1W9DL31001461C,1ZMLH8300204F0,1Z6PH74DAP0QN7,"Corona, CA",728.3,5.7,137.7,8.547347,2.013246,0,0,DJI Matrice 300 RTK,M300 RTK,1ZN7L4R0H1D00F,1W9DL31001461C,1ZMLH8300204F0,1Z6PH74DAP0QN7,DJI Pilot,Android,7.0.2,1EF72A62-B7C3-C88D-164E-CE6F8C8424AE,1ZN7L4R0H1D00F,1W9DL31001461C,,1ZMLH8300204F0,1W9DL31001461C,,,,,
2023-11-01,11:25:33.70 AM,1m 11.4s,71.4,33.8019818119807,-117.4666764501265,35.7,35.7,18.0,1300,386.6,5.833225,6.023145,-4.921268,0,-3.131716,1.342164,-0.447388,0,0,-0.7,0.7,-147.2,212.8,210.7,Tripod,Other,,20,5,True,,True,False,,Smart,RC,False,True,False,,,True,,False,False,False,False,False,False,False,False,False,False,0,Follow Yaw,-88.9,0,-155.3,204.7,False,False,False,False,False,,0,0,False,False,No Card,100,100,1024,1342,1254,1024,2,False,False,False,False,False,0,False,False,False,False,96,,47.688,,9641,,10044,,47.688,,True,3.973,3.973,3.973,3.973,3.973,3.973,3.973,3.973,3.973,3.973,3.973,3.973,0,,False,False,True,,,,,,,,,,,,,,,False,False,18.724,,80.7,,75.7,,80.7,,1795,43,3,16,7,145050.9,19340.12,,Idle,,20,,10,,,20,Go Home,False,False,False,False,False,False,False,False,False,False,False,False,33.8027920380556,-117.4659261431046,372.9,2972.0,1049.4,396.9,True,1,1,False,False,False,False,,True,False,False,Course Lock,196.8,67,16.4,93,NE,S,6.26,6.93,Calm,False,False,Android,7.0.2,M300 RTK,1ZN7L4R0H1D00F,1W9DL31001461C,1ZMLH8300204F0,1Z6PH74DAP0QN7,"Corona, CA",728.3,5.7,137.7,8.547347,2.013246,0,0,DJI Matrice 300 RTK,M300 RTK,1ZN7L4R0H1D00F,1W9DL31001461C,1ZMLH8300204F0,1Z6PH74DAP0QN7,DJI Pilot,Android,7.0.2,1EF72A62-B7C3-C88D-164E-CE6F8C8424AE,1ZN7L4R0H1D00F,1W9DL31001461C,,1ZMLH8300204F0,1W9DL31001461C,,,,,
2023-11-01,11:25:33.81 AM,1m 11.5s,71.5,33.8019797439502,-117.4666780750402,35.7,35.7,18.0,1300,387.5,5.833225,6.023145,-4.921268,0,-3.131716,1.342164,-0.447388,0,0,-0.8,0.8,-147.2,212.8,213.1,Tripod,Other,,20,5,True,,True,False,,Smart,RC,False,True,False,,,True,,False,False,False,False,False,False,False,False,False,False,0,Follow Yaw,-88.9,0,-155.3,204.7,False,False,False,False,False,,0,0,False,False,No Card,100,100,1024,1342,1254,1024,2,False,False,False,False,False,0,False,False,False,False,96,,47.688,,9641,,10044,,47.688,,True,3.973,3.973,3.973,3.973,3.973,3.973,3.973,3.973,3.973,3.973,3.973,3.973,0,,False,False,True,,,,,,,,,,,,,,,False,False,18.724,,80.7,,75.7,,80.7,,1795,43,3,16,7,145050.9,19340.12,,Idle,,20,,10,,,20,Go Home,False,False,False,False,False,False,False,False,False,False,False,False,33.8027920380556,-117.4659261431046,373.8,2972.0,1049.4,396.9,True,1,1,False,False,False,False,,True,False,False,Course Lock,196.8,67,16.4,93,NE,S,6.26,6.93,Calm,False,False,Android,7.0.2,M300 RTK,1ZN7L4R0H1D00F,1W9DL31001461C,1ZMLH8300204F0,1Z6PH74DAP0QN7,"Corona, CA",728.3,5.7,137.7,8.547347,2.013246,0,0,DJI Matrice 300 RTK,M300 RTK,1ZN7L4R0H1D00F,1W9DL31001461C,1ZMLH8300204F0,1Z6PH74DAP0QN7,DJI Pilot,Android,7.0.2,1EF72A62-B7C3-C88D-164E-CE6F8C8424AE,1ZN7L4R0H1D00F,1W9DL31001461C,,1ZMLH8300204F0,1W9DL31001461C,,,,,
2023-11-01,11:25:33.94 AM,1m 11.6s,71.6,33.801977636445,-117.466679599675,35.7,35.7,18.0,1300,388.4,5.833225,6.023145,-4.921268,0,-3.131716,1.342164,-0.447388,0,-0.1,-1,1,-147.2,212.8,211.0,Tripod,Other,,20,5,True,,True,False,,Smart,RC,False,True,False,,,True,,False,False,False,False,False,False,False,False,False,False,0,Follow Yaw,-88.9,0,-155.3,204.7,False,False,False,False,False,,0,0,False,False,No Card,100,100,1024,1343,1243,1024,2,False,False,False,False,False,0,False,False,False,False,96,,47.688,,9641,,10044,,47.688,,True,3.973,3.973,3.973,3.973,3.973,3.973,3.973,3.973,3.973,3.973,3.973,3.973,0,,False,False,True,,,,,,,,,,,,,,,False,False,18.724,,80.7,,75.7,,80.7,,1795,43,3,16,7,145050.9,19340.12,,Idle,,20,,10,,,20,Go Home,False,False,False,False,False,False,False,False,False,False,False,False,33.8027920380556,-117.4659261431046,374.7,2972.0,1049.4,396.9,True,1,1,False,False,False,False,,True,False,False,Course Lock,196.8,67,16.4,93,NE,S,6.26,6.93,Calm,False,False,Android,7.0.2,M300 RTK,1ZN7L4R0H1D00F,1W9DL31001461C,1ZMLH8300204F0,1Z6PH74DAP0QN7,"Corona, CA",728.3,5.7,137.7,8.547347,2.013246,0,0,DJI Matrice 300 RTK,M300 RTK,1ZN7L4R0H1D00F,1W9DL31001461C,1ZMLH8300204F0,1Z6PH74DAP0QN7,DJI Pilot,Android,7.0.2,1EF72A62-B7C3-C88D-164E-CE6F8C8424AE,1ZN7L4R0H1D00F,1W9DL31001461C,,1ZMLH8300204F0,1W9DL31001461C,,,,,
2023-11-01,11:25:34.04 AM,1m 11.7s,71.7,33.8019753984544,-117.4666811830256,36.0,36.0,18.0,1300,389.3,5.833225,6.023145,-4.921268,0,-3.131716,1.342164,-0.447388,0,-0.1,-1.1,1.1,-147.1,212.9,210.4,Tripod,Other,,20,5,True,,True,False,,Smart,RC,False,True,False,,,True,,False,False,False,False,False,False,False,False,False,False,0,Follow Yaw,-88.9,0,-155.3,204.7,False,False,False,False,False,,0,0,False,False,No Card,100,100,1024,1347,1232,1024,2,False,False,False,False,False,0,False,False,False,False,96,,47.64,,4786,,4986,,47.64,,True,3.973,3.973,3.973,3.973,3.973,3.973,3.973,3.973,3.973,3.973,3.973,3.973,0,,False,False,True,,,,,,,,,,,,,,,False,False,9.144,,79.8,,75.7,,80.7,,1795,43,3,16,7,145050.9,19340.12,,Idle,,20,,10,,,20,Go Home,False,False,False,False,False,False,False,False,False,False,False,False,33.8027920380556,-117.4659261431046,375.6,2972.0,1049.4,396.9,True,1,1,False,False,False,False,,True,False,False,Course Lock,196.8,67,16.4,93,NE,S,6.26,6.93,Calm,False,False,Android,7.0.2,M300 RTK,1ZN7L4R0H1D00F,1W9DL31001461C,1ZMLH8300204F0,1Z6PH74DAP0QN7,"Corona, CA",728.3,5.7,137.7,8.547347,2.013246,0,0,DJI Matrice 300 RTK,M300 RTK,1ZN7L4R0H1D00F,1W9DL31001461C,1ZMLH8300204F0,1Z6PH74DAP0QN7,DJI Pilot,Android,7.0.2,1EF72A62-B7C3-C88D-164E-CE6F8C8424AE,1ZN7L4R0H1D00F,1W9DL31001461C,,1ZMLH8300204F0,1W9DL31001461C,,,,,
2023-11-01,11:25:34.14 AM,1m 11.8s,71.8,33.8019732712119,-117.4666827004034,36.0,36.0,18.0,1300,390.2,5.833225,6.023145,-4.921268,0,-3.131716,1.342164,-0.447388,0,0,-0.9,0.9,-147.1,212.9,210.6,Tripod,Other,,20,5,True,,True,False,,Smart,RC,False,True,False,,,True,,False,False,False,False,False,False,False,False,False,False,0,Follow Yaw,-88.9,0,-155.3,204.7,False,False,False,False,False,,0,0,False,False,No Card,100,100,1024,1346,1230,1024,2,False,False,False,False,False,0,False,False,False,False,96,,47.64,,4786,,4986,,47.64,,True,3.973,3.973,3.973,3.973,3.973,3.973,3.973,3.973,3.973,3.973,3.973,3.973,0,,False,False,True,,,,,,,,,,,,,,,False,False,9.144,,79.8,,75.7,,80.7,,1795,43,3,16,7,145050.9,19340.12,,Idle,,20,,10,,,20,Go Home,False,False,False,False,False,False,False,False,False,False,False,False,33.8027920380556,-117.4659261431046,376.5,2972.0,1049.4,396.9,True,1,1,False,False,False,False,,True,False,False,Course Lock,196.8,67,16.4,93,NE,S,6.26,6.93,Calm,False,False,Android,7.0.2,M300 RTK,1ZN7L4R0H1D00F,1W9DL31001461C,1ZMLH8300204F0,1Z6PH74DAP0QN7,"Corona, CA",728.3,5.7,137.7,8.547347,2.013246,0,0,DJI Matrice 300 RTK,M300 RTK,1ZN7L4R0H1D00F,1W9DL31001461C,1ZMLH8300204F0,1Z6PH74DAP0QN7,DJI Pilot,Android,7.0.2,1EF72A62-B7C3-C88D-164E-CE6F8C8424AE,1ZN7L4R0H1D00F,1W9DL31001461C,,1ZMLH8300204F0,1W9DL31001461C,,,,,
2023-11-01,11:25:34.22 AM,1m 11.9s,71.9,33.8019715348777,-117.4666844506656,36.0,36.0,18.0,1300,391.1,5.833225,6.023145,-4.921268,0,-3.131716,1.342164,-0.447388,0,0,-0.8,0.8,-147.1,212.9,219.9,Tripod,Other,,20,5,True,,True,False,,Smart,RC,False,True,False,,,True,,False,False,False,False,False,False,False,False,False,False,0,Follow Yaw,-88.9,0,-155.3,204.7,False,False,False,False,False,,0,0,False,False,No Card,100,100,1024,1346,1230,1024,2,False,False,False,False,False,0,False,False,False,False,96,,47.64,,4786,,4986,,47.64,,True,3.973,3.973,3.973,3.973,3.973,3.973,3.973,3.973,3.973,3.973,3.973,3.973,0,,False,False,True,,,,,,,,,,,,,,,False,False,9.144,,79.8,,75.7,,80.7,,1795,43,3,16,7,145050.9,19340.12,,Idle,,20,,10,,,20,Go Home,False,False,False,False,False,False,False,False,False,False,False,False,33.8027920380556,-117.4659261431046,377.4,2972.0,1049.4,396.9,True,1,1,False,False,False,False,,True,False,False,Course Lock,196.8,67,16.4,93,NE,S,6.26,6.93,Calm,False,False,Android,7.0.2,M300 RTK,1ZN7L4R0H1D00F,1W9DL31001461C,1ZMLH8300204F0,1Z6PH74DAP0QN7,"Corona, CA",728.3,5.7,137.7,8.547347,2.013246,0,0,DJI Matrice 300 RTK,M300 RTK,1ZN7L4R0H1D00F,1W9DL31001461C,1ZMLH8300204F0,1Z6PH74DAP0QN7,DJI Pilot,Android,7.0.2,1EF72A62-B7C3-C88D-164E-CE6F8C8424AE,1ZN7L4R0H1D00F,1W9DL31001461C,,1ZMLH8300204F0,1W9DL31001461C,,,,,
2023-11-01,11:25:34.32 AM,1m 12.0s,72.0,33.8019694405308,-117.466685981238,36.0,36.0,18.0,1300,392.0,5.833225,6.023145,-4.921268,0,-3.131716,1.342164,-0.447388,0,0,-0.7,0.7,-147,213,211.2,Tripod,Other,,20,5,True,,True,False,,Smart,RC,False,True,False,,,True,,False,False,False,False,False,False,False,False,False,False,0,Follow Yaw,-88.9,0,-155.3,204.7,False,False,False,False,False,,0,0,False,False,No Card,100,100,1024,1347,1230,1024,2,False,False,False,False,False,0,False,False,False,False,96,,47.712,,9641,,10044,,47.712,,True,3.973,3.973,3.973,3.973,3.973,3.973,3.973,3.973,3.973,3.973,3.973,3.973,0,,False,False,True,,,,,,,,,,,,,,,False,False,18.732,,80.7,,75.7,,80.7,,1795,43,3,16,7,145050.9,19340.12,,Idle,,20,,10,,,20,Go Home,False,False,False,False,False,False,False,False,False,False,False,False,33.8027920380556,-117.4659261431046,378.3,2972.0,1049.4,396.9,True,1,1,False,False,False,False,,True,False,False,Course Lock,196.8,67,16.4,93,NE,S,6.26,6.93,Calm,False,False,Android,7.0.2,M300 RTK,1ZN7L4R0H1D00F,1W9DL31001461C,1ZMLH8300204F0,1Z6PH74DAP0QN7,"Corona, CA",728.3,5.7,137.7,8.547347,2.013246,0,0,DJI Matrice 300 RTK,M300 RTK,1ZN7L4R0H1D00F,1W9DL31001461C,1ZMLH8300204F0,1Z6PH74DAP0QN7,DJI Pilot,Android,7.0.2,1EF72A62-B7C3-C88D-164E-CE6F8C8424AE,1ZN7L4R0H1D00F,1W9DL31001461C,,1ZMLH8300204F0,1W9DL31001461C,,,,,
2023-11-01,11:25:34.43 AM,1m 12.1s,72.1,33.8019673220605,-117.4666873679893,36.0,36.0,18.0,1300,392.8,5.833225,6.023145,-4.921268,0,-3.131716,1.342164,-0.223694,0,0,-0.5,0.5,-147,213,208.5,Tripod,Other,,20,5,True,,True,False,,Smart,RC,False,True,False,,,True,,False,False,False,False,False,False,False,False,False,False,0,Follow Yaw,-88.9,0,-155.3,204.7,False,False,False,False,False,,0,0,False,False,No Card,100,100,1024,1345,1231,1024,2,False,False,False,False,False,0,False,False,False,False,96,,47.712,,9641,,10044,,47.712,,True,3.973,3.973,3.973,3.973,3.973,3.973,3.973,3.973,3.973,3.973,3.973,3.973,0,,False,False,True,,,,,,,,,,,,,,,False,False,18.732,,80.7,,75.7,,80.7,,1795,43,3,16,7,145050.9,19340.12,,Idle,,20,,10,,,20,Go Home,False,False,False,False,False,False,False,False,False,False,False,False,33.8027920380556,-117.4659261431046,379.1,2972.0,1049.4,396.9,True,1,1,False,False,False,False,,True,False,False,Course Lock,196.8,67,16.4,93,NE,S,6.26,6.93,Calm,False,False,Android,7.0.2,M300 RTK,1ZN7L4R0H1D00F,1W9DL31001461C,1ZMLH8300204F0,1Z6PH74DAP0QN7,"Corona, CA",728.3,5.7,137.7,8.547347,2.013246,0,0,DJI Matrice 300 RTK,M300 RTK,1ZN7L4R0H1D00F,1W9DL31001461C,1ZMLH8300204F0,1Z6PH74DAP0QN7,DJI Pilot,Android,7.0.2,1EF72A62-B7C3-C88D-164E-CE6F8C8424AE,1ZN7L4R0H1D00F,1W9DL31001461C,,1ZMLH8300204F0,1W9DL31001461C,,,,,
2023-11-01,11:25:34.53 AM,1m 12.2s,72.2,33.8019652310031,-117.4666888919644,36.4,36.4,18.0,1300,393.7,5.833225,6.023145,-4.921268,0,-3.131716,1.342164,-0.223694,0,0,-0.4,0.4,-147,213,211.1,Tripod,Other,,20,5,True,,True,False,,Smart,RC,False,True,False,,,True,,False,False,False,False,False,False,False,False,False,False,0,Follow Yaw,-88.9,0,-155.3,204.7,False,False,False,False,False,,0,0,False,False,No Card,100,100,1024,1346,1231,1024,2,False,False,False,False,False,0,False,False,False,False,96,,47.712,,9641,,10044,,47.712,,True,3.973,3.973,3.973,3.973,3.973,3.973,3.973,3.973,3.973,3.973,3.973,3.973,0,,False,False,True,,,,,,,,,,,,,,,False,False,18.732,,80.7,,75.7,,80.7,,1795,43,3,16,7,145050.9,19340.12,,Idle,,20,,10,,,20,Go Home,False,False,False,False,False,False,False,False,False,False,False,False,33.8027920380556,-117.4659261431046,380.0,2972.0,1049.4,396.9,True,1,1,False,False,False,False,,True,False,False,Course Lock,196.8,67,16.4,93,NE,S,6.26,6.93,Calm,False,False,Android,7.0.2,M300 RTK,1ZN7L4R0H1D00F,1W9DL31001461C,1ZMLH8300204F0,1Z6PH74DAP0QN7,"Corona, CA",728.3,5.7,137.7,8.547347,2.013246,0,0,DJI Matrice 300 RTK,M300 RTK,1ZN7L4R0H1D00F,1W9DL31001461C,1ZMLH8300204F0,1Z6PH74DAP0QN7,DJI Pilot,Android,7.0.2,1EF72A62-B7C3-C88D-164E-CE6F8C8424AE,1ZN7L4R0H1D00F,1W9DL31001461C,,1ZMLH8300204F0,1W9DL31001461C,,,,,
2023-11-01,11:25:34.63 AM,1m 12.3s,72.3,33.8019631339148,-117.466690495107,36.4,36.4,18.3,1300,394.6,5.833225,6.023145,-4.921268,0,-3.131716,1.342164,-0.223694,0,0,-0.4,0.4,-147,213,212.4,Tripod,Other,,20,5,True,,True,False,,Smart,RC,False,True,False,,,True,,False,False,False,False,False,False,False,False,False,False,0,Follow Yaw,-88.9,0,-155.3,204.7,False,False,False,False,False,,0,0,False,False,No Card,100,100,1024,1346,1233,1024,2,False,False,False,False,False,0,False,False,False,False,96,,47.712,,9641,,10044,,47.712,,True,3.974,3.974,3.974,3.974,3.974,3.974,3.974,3.974,3.974,3.974,3.974,3.974,0,,False,False,True,,,,,,,,,,,,,,,False,False,18.732,,80.7,,75.7,,80.7,,1795,44,3,16,7,144537.0,19271.60,,Idle,,20,,10,,,20,Go Home,False,False,False,False,False,False,False,False,False,False,False,False,33.8027920380556,-117.4659261431046,380.9,2972.0,1049.4,396.9,True,1,1,False,False,False,False,,True,False,False,Course Lock,196.8,67,16.4,93,NE,S,6.26,6.93,Calm,False,False,Android,7.0.2,M300 RTK,1ZN7L4R0H1D00F,1W9DL31001461C,1ZMLH8300204F0,1Z6PH74DAP0QN7,"Corona, CA",728.3,5.7,137.7,8.547347,2.013246,0,0,DJI Matrice 300 RTK,M300 RTK,1ZN7L4R0H1D00F,1W9DL31001461C,1ZMLH8300204F0,1Z6PH74DAP0QN7,DJI Pilot,Android,7.0.2,1EF72A62-B7C3-C88D-164E-CE6F8C8424AE,1ZN7L4R0H1D00F,1W9DL31001461C,,1ZMLH8300204F0,1W9DL31001461C,,,,,
2023-11-01,11:25:34.73 AM,1m 12.4s,72.4,33.8019610499848,-117.4666920388739,36.4,36.4,18.3,1300,395.5,5.833225,6.023145,-4.921268,0,-3.131716,1.342164,-0.223694,0,0,-0.5,0.5,-147.1,212.9,211.6,Tripod,Other,,20,5,True,,True,False,,Smart,RC,False,True,False,,,True,,False,False,False,False,False,False,False,False,False,False,0,Follow Yaw,-88.9,0,-155.3,204.7,False,False,False,False,False,,0,0,False,False,No Card,100,100,1024,1349,1230,1024,2,False,False,False,False,False,0,False,False,False,False,96,,47.712,,9641,,10044,,47.712,,True,3.974,3.974,3.974,3.974,3.974,3.974,3.974,3.974,3.974,3.974,3.974,3.974,0,,False,False,True,,,,,,,,,,,,,,,False,False,18.732,,80.7,,75.7,,80.7,,1795,44,3,16,7,144537.0,19271.60,,Idle,,20,,10,,,20,Go Home,False,False,False,False,False,False,False,False,False,False,False,False,33.8027920380556,-117.4659261431046,381.8,2972.0,1049.4,396.9,True,1,1,False,False,False,False,,True,False,False,Course Lock,196.8,67,16.4,93,NE,S,6.26,6.93,Calm,False,False,Android,7.0.2,M300 RTK,1ZN7L4R0H1D00F,1W9DL31001461C,1ZMLH8300204F0,1Z6PH74DAP0QN7,"Corona, CA",728.3,5.7,137.7,8.547347,2.013246,0,0,DJI Matrice 300 RTK,M300 RTK,1ZN7L4R0H1D00F,1W9DL31001461C,1ZMLH8300204F0,1Z6PH74DAP0QN7,DJI Pilot,Android,7.0.2,1EF72A62-B7C3-C88D-164E-CE6F8C8424AE,1ZN7L4R0H1D00F,1W9DL31001461C,,1ZMLH8300204F0,1W9DL31001461C,,,,,
2023-11-01,11:25:34.84 AM,1m 12.5s,72.5,33.8019589507036,-117.4666935028136,36.4,36.4,18.0,1300,396.4,5.833225,6.023145,-4.921268,0,-3.131716,1.342164,-0.223694,0,0.1,-0.6,0.6,-147.1,212.9,210.0,Tripod,Other,,20,5,True,,True,False,,Smart,RC,False,True,False,,,True,,False,False,False,False,False,False,False,False,False,False,0,Follow Yaw,-88.9,0,-155.3,204.7,False,False,False,False,False,,0,0,False,False,No Card,100,100,1024,1349,1230,1024,2,False,False,False,False,False,0,False,False,False,False,96,,47.712,,9641,,10044,,47.712,,True,3.974,3.974,3.974,3.974,3.974,3.974,3.974,3.974,3.974,3.974,3.974,3.974,0,,False,False,True,,,,,,,,,,,,,,,False,False,18.732,,80.7,,75.7,,80.7,,1795,44,3,16,7,144537.0,19271.60,,Idle,,20,,10,,,20,Go Home,False,False,False,False,False,False,False,False,False,False,False,False,33.8027920380556,-117.4659261431046,382.7,2972.0,1049.4,396.9,True,1,1,False,False,False,False,,True,False,False,Course Lock,196.8,67,16.4,93,NE,S,6.26,6.93,Calm,False,False,Android,7.0.2,M300 RTK,1ZN7L4R0H1D00F,1W9DL31001461C,1ZMLH8300204F0,1Z6PH74DAP0QN7,"Corona, CA",728.3,5.7,137.7,8.547347,2.013246,0,0,DJI Matrice 300 RTK,M300 RTK,1ZN7L4R0H1D00F,1W9DL31001461C,1ZMLH8300204F0,1Z6PH74DAP0QN7,DJI Pilot,Android,7.0.2,1EF72A62-B7C3-C88D-164E-CE6F8C8424AE,1ZN7L4R0H1D00F,1W9DL31001461C,,1ZMLH8300204F0,1W9DL31001461C,,,,,
2023-11-01,11:25:34.94 AM,1m 12.6s,72.6,33.8019568673218,-117.4666950333859,36.4,36.4,18.0,1300,397.3,5.833225,6.023145,-4.921268,0,-3.131716,1.342164,-0.223694,0,0.2,-0.7,0.7,-147.2,212.8,211.4,Tripod,Other,,20,5,True,,True,False,,Smart,RC,False,True,False,,,True,,False,False,False,False,False,False,False,False,False,False,0,Follow Yaw,-88.9,0,-155.3,204.7,False,False,False,False,False,,0,0,False,False,No Card,100,100,1024,1346,1230,1024,2,False,False,False,False,False,0,False,False,False,False,96,,47.712,,9641,,10044,,47.712,,True,3.974,3.974,3.974,3.974,3.974,3.974,3.974,3.974,3.974,3.974,3.974,3.974,0,,False,False,True,,,,,,,,,,,,,,,False,False,18.732,,80.7,,75.7,,80.7,,1795,44,3,16,7,144537.0,19271.60,,Idle,,20,,10,,,20,Go Home,False,False,False,False,False,False,False,False,False,False,False,False,33.8027920380556,-117.4659261431046,383.6,2972.0,1049.4,396.9,True,1,1,False,False,False,False,,True,False,False,Course Lock,196.8,67,16.4,93,NE,S,6.26,6.93,Calm,False,False,Android,7.0.2,M300 RTK,1ZN7L4R0H1D00F,1W9DL31001461C,1ZMLH8300204F0,1Z6PH74DAP0QN7,"Corona, CA",728.3,5.7,137.7,8.547347,2.013246,0,0,DJI Matrice 300 RTK,M300 RTK,1ZN7L4R0H1D00F,1W9DL31001461C,1ZMLH8300204F0,1Z6PH74DAP0QN7,DJI Pilot,Android,7.0.2,1EF72A62-B7C3-C88D-164E-CE6F8C8424AE,1ZN7L4R0H1D00F,1W9DL31001461C,,1ZMLH8300204F0,1W9DL31001461C,,,,,
2023-11-01,11:25:35.04 AM,1m 12.7s,72.7,33.8019547609132,-117.4666964874296,36.7,36.7,18.3,1301,398.2,5.833225,6.023145,-4.921268,0,-3.131716,1.342164,-0.223694,0,0.2,-0.7,0.7,-147.2,212.8,209.8,Tripod,Other,,20,5,True,,True,False,,Smart,RC,False,True,False,,,True,,False,False,False,False,False,False,False,False,False,False,0,Follow Yaw,-88.9,0,-155.3,204.7,False,False,False,False,False,,0,0,False,False,No Card,100,100,1024,1346,1228,1024,2,False,False,False,False,False,0,False,False,False,False,96,,47.712,,9641,,10044,,47.712,,True,3.974,3.974,3.974,3.974,3.974,3.974,3.974,3.974,3.974,3.974,3.974,3.974,0,,False,False,True,,,,,,,,,,,,,,,False,False,18.732,,80.7,,75.7,,80.7,,1795,44,3,16,7,144537.0,19271.60,,Idle,,20,,10,,,20,Go Home,False,False,False,False,False,False,False,False,False,False,False,False,33.8027920380556,-117.4659261431046,384.4,2972.0,1049.4,396.9,True,1,1,False,False,False,False,,True,False,False,Course Lock,196.8,67,16.4,93,NE,S,6.26,6.93,Calm,False,False,Android,7.0.2,M300 RTK,1ZN7L4R0H1D00F,1W9DL31001461C,1ZMLH8300204F0,1Z6PH74DAP0QN7,"Corona, CA",728.3,5.7,137.7,8.547347,2.013246,0,0,DJI Matrice 300 RTK,M300 RTK,1ZN7L4R0H1D00F,1W9DL31001461C,1ZMLH8300204F0,1Z6PH74DAP0QN7,DJI Pilot,Android,7.0.2,1EF72A62-B7C3-C88D-164E-CE6F8C8424AE,1ZN7L4R0H1D00F,1W9DL31001461C,,1ZMLH8300204F0,1W9DL31001461C,,,,,
2023-11-01,11:25:35.15 AM,1m 12.8s,72.8,33.8019526786279,-117.4666980048074,36.7,36.7,18.3,1301,399.1,5.833225,6.023145,-4.921268,0,-3.131716,1.342164,-0.223694,0,0.1,-0.8,0.8,-147.3,212.7,211.1,Tripod,Other,,20,5,True,,True,False,,Smart,RC,False,True,False,,,True,,False,False,False,False,False,False,False,False,False,False,0,Follow Yaw,-88.9,0,-155.3,204.7,False,False,False,False,False,,0,0,False,False,No Card,100,100,1024,1346,1228,1024,2,False,False,False,False,False,0,False,False,False,False,96,,47.712,,9641,,10044,,47.712,,True,3.974,3.974,3.974,3.974,3.974,3.974,3.974,3.974,3.974,3.974,3.974,3.974,0,,False,False,True,,,,,,,,,,,,,,,False,False,18.732,,80.7,,75.7,,80.7,,1795,44,3,16,7,144537.0,19271.60,,Idle,,20,,10,,,20,Go Home,False,False,False,False,False,False,False,False,False,False,False,False,33.8027920380556,-117.4659261431046,385.3,2972.0,1049.4,396.9,True,1,1,False,False,False,False,,True,False,False,Course Lock,196.8,67,16.4,93,NE,S,6.26,6.93,Calm,False,False,Android,7.0.2,M300 RTK,1ZN7L4R0H1D00F,1W9DL31001461C,1ZMLH8300204F0,1Z6PH74DAP0QN7,"Corona, CA",728.3,5.7,137.7,8.547347,2.013246,0,0,DJI Matrice 300 RTK,M300 RTK,1ZN7L4R0H1D00F,1W9DL31001461C,1ZMLH8300204F0,1Z6PH74DAP0QN7,DJI Pilot,Android,7.0.2,1EF72A62-B7C3-C88D-164E-CE6F8C8424AE,1ZN7L4R0H1D00F,1W9DL31001461C,,1ZMLH8300204F0,1W9DL31001461C,,,,,
2023-11-01,11:25:35.25 AM,1m 12.9s,72.9,33.8019505645437,-117.4666995690259,36.7,36.7,18.3,1301,400.0,5.833225,6.023145,-4.921268,0,-3.131716,1.342164,-0.223694,0,0,-0.7,0.7,-147.3,212.7,211.5,Tripod,Other,,20,5,True,,True,False,,Smart,RC,False,True,False,,,True,,False,False,False,False,False,False,False,False,False,False,0,Follow Yaw,-88.9,0,-155.3,204.7,False,False,False,False,False,,0,0,False,False,No Card,100,100,1024,1346,1222,1024,2,False,False,False,False,False,0,False,False,False,False,96,,47.712,,9641,,10044,,47.712,,True,3.974,3.974,3.974,3.974,3.974,3.974,3.974,3.974,3.974,3.974,3.974,3.974,0,,False,False,True,,,,,,,,,,,,,,,False,False,18.732,,80.7,,75.7,,80.7,,1795,44,3,16,7,144537.0,19271.60,,Idle,,20,,10,,,20,Go Home,False,False,False,False,False,False,False,False,False,False,False,False,33.8027920380556,-117.4659261431046,386.2,2972.0,1049.4,396.9,True,1,1,False,False,False,False,,True,False,False,Course Lock,196.8,67,16.4,93,NE,S,6.26,6.93,Calm,False,False,Android,7.0.2,M300 RTK,1ZN7L4R0H1D00F,1W9DL31001461C,1ZMLH8300204F0,1Z6PH74DAP0QN7,"Corona, CA",728.3,5.7,137.7,8.547347,2.013246,0,0,DJI Matrice 300 RTK,M300 RTK,1ZN7L4R0H1D00F,1W9DL31001461C,1ZMLH8300204F0,1Z6PH74DAP0QN7,DJI Pilot,Android,7.0.2,1EF72A62-B7C3-C88D-164E-CE6F8C8424AE,1ZN7L4R0H1D00F,1W9DL31001461C,,1ZMLH8300204F0,1W9DL31001461C,,,,,
2023-11-01,11:25:35.35 AM,1m 13.0s,73.0,33.8019484811619,-117.4667010864037,36.7,36.7,18.3,1301,400.9,5.833225,6.023145,-4.921268,0,-3.131716,1.342164,-0.223694,0,0,-0.7,0.7,-147.3,212.7,211.1,Tripod,Other,,20,5,True,,True,False,,Smart,RC,False,True,False,,,True,,False,False,False,False,False,False,False,False,False,False,0,Follow Yaw,-88.9,0,-155.3,204.7,False,False,False,False,False,,0,0,False,False,No Card,100,100,1024,1347,1219,1024,2,False,False,False,False,False,0,False,False,False,False,96,,47.664,,4786,,4986,,47.664,,True,3.974,3.974,3.974,3.974,3.974,3.974,3.974,3.974,3.974,3.974,3.974,3.974,0,,False,False,True,,,,,,,,,,,,,,,False,False,9.242,,80.0,,75.7,,80.7,,1795,44,3,16,7,144537.0,19271.60,,Idle,,20,,10,,,20,Go Home,False,False,False,False,False,False,False,False,False,False,False,False,33.8027920380556,-117.4659261431046,387.1,2972.0,1049.4,396.9,True,1,1,False,False,False,False,,True,False,False,Course Lock,196.8,67,16.4,93,NE,S,6.26,6.93,Calm,False,False,Android,7.0.2,M300 RTK,1ZN7L4R0H1D00F,1W9DL31001461C,1ZMLH8300204F0,1Z6PH74DAP0QN7,"Corona, CA",728.3,5.7,137.7,8.547347,2.013246,0,0,DJI Matrice 300 RTK,M300 RTK,1ZN7L4R0H1D00F,1W9DL31001461C,1ZMLH8300204F0,1Z6PH74DAP0QN7,DJI Pilot,Android,7.0.2,1EF72A62-B7C3-C88D-164E-CE6F8C8424AE,1ZN7L4R0H1D00F,1W9DL31001461C,,1ZMLH8300204F0,1W9DL31001461C,,,,,
2023-11-01,11:25:35.45 AM,1m 13.1s,73.1,33.8019465134626,-117.4667024876691,36.7,36.7,18.3,1301,401.7,5.716246,6.023145,-4.921268,0,-2.908022,1.342164,-0.223694,0,0,-0.5,0.5,-147.3,212.7,210.6,Tripod,Other,,20,5,True,,True,False,,Smart,RC,False,True,False,,,True,,False,False,False,False,False,False,False,False,False,False,0,Follow Yaw,-88.9,0,-155.3,204.7,False,False,False,False,False,,0,0,False,False,No Card,100,100,1024,1348,1209,1024,2,False,False,False,False,False,0,False,False,False,False,96,,47.664,,4786,,4986,,47.664,,True,3.974,3.974,3.974,3.974,3.974,3.974,3.974,3.974,3.974,3.974,3.974,3.974,0,,False,False,True,,,,,,,,,,,,,,,False,False,9.242,,80.0,,75.7,,80.7,,1795,44,3,16,7,144537.0,19271.60,,Idle,,20,,10,,,20,Go Home,False,False,False,False,False,False,False,False,False,False,False,False,33.8027920380556,-117.4659261431046,387.9,2972.0,1049.4,396.9,True,1,1,False,False,False,False,,True,False,False,Course Lock,196.8,67,16.4,93,NE,S,6.26,6.93,Calm,False,False,Android,7.0.2,M300 RTK,1ZN7L4R0H1D00F,1W9DL31001461C,1ZMLH8300204F0,1Z6PH74DAP0QN7,"Corona, CA",728.3,5.7,137.7,8.547347,2.013246,0,0,DJI Matrice 300 RTK,M300 RTK,1ZN7L4R0H1D00F,1W9DL31001461C,1ZMLH8300204F0,1Z6PH74DAP0QN7,DJI Pilot,Android,7.0.2,1EF72A62-B7C3-C88D-164E-CE6F8C8424AE,1ZN7L4R0H1D00F,1W9DL31001461C,,1ZMLH8300204F0,1W9DL31001461C,,,,,
2023-11-01,11:25:35.56 AM,1m 13.2s,73.2,33.801944438853,-117.466703989873,36.7,36.7,18.3,1301,402.6,5.716246,6.023145,-4.921268,0,-2.908022,1.342164,-0.223694,0,0,-0.5,0.5,-147.3,212.7,211.0,Tripod,Other,,21,5,True,,True,False,,Smart,RC,False,True,False,,,True,,False,False,False,False,False,False,False,False,False,False,0,Follow Yaw,-88.9,0,-155.3,204.7,False,False,False,False,False,,0,0,False,False,No Card,100,100,1024,1349,1210,1024,2,False,False,False,False,False,0,False,False,False,False,96,,47.664,,4786,,4986,,47.664,,True,3.974,3.974,3.974,3.974,3.974,3.974,3.974,3.974,3.974,3.974,3.974,3.974,0,,False,False,True,,,,,,,,,,,,,,,False,False,9.242,,80.0,,75.7,,80.7,,1795,44,3,16,7,144537.0,19271.60,,Idle,,20,,10,,,20,Go Home,False,False,False,False,False,False,False,False,False,False,False,False,33.8027920380556,-117.4659261431046,388.8,2972.0,1049.4,396.9,True,1,1,False,False,False,False,,True,False,False,Course Lock,196.8,67,16.4,93,NE,S,6.26,6.93,Calm,False,False,Android,7.0.2,M300 RTK,1ZN7L4R0H1D00F,1W9DL31001461C,1ZMLH8300204F0,1Z6PH74DAP0QN7,"Corona, CA",728.3,5.7,137.7,8.547347,2.013246,0,0,DJI Matrice 300 RTK,M300 RTK,1ZN7L4R0H1D00F,1W9DL31001461C,1ZMLH8300204F0,1Z6PH74DAP0QN7,DJI Pilot,Android,7.0.2,1EF72A62-B7C3-C88D-164E-CE6F8C8424AE,1ZN7L4R0H1D00F,1W9DL31001461C,,1ZMLH8300204F0,1W9DL31001461C,,,,,
2023-11-01,11:25:35.66 AM,1m 13.3s,73.3,33.8019424267448,-117.4667055916962,37.0,37.0,18.3,1301,403.5,5.716246,6.023145,-4.921268,0,-2.908022,1.342164,-0.223694,0,0,-0.4,0.4,-147.3,212.7,213.4,Tripod,Other,,21,5,True,,True,False,,Smart,RC,False,True,False,,,True,,False,False,False,False,False,False,False,False,False,False,0,Follow Yaw,-88.9,0,-155.3,204.7,False,False,False,False,False,,0,0,False,False,No Card,100,100,1024,1349,1210,1024,2,False,False,False,False,False,0,False,False,False,False,96,,47.664,,4786,,4986,,47.664,,True,3.975,3.975,3.975,3.975,3.975,3.975,3.975,3.975,3.975,3.975,3.975,3.975,0,,False,False,True,,,,,,,,,,,,,,,False,False,9.242,,80.0,,75.7,,80.7,,1796,44,3,16,7,143906.9,19187.59,,Idle,,20,,10,,,20,Go Home,False,False,False,False,False,False,False,False,False,False,False,False,33.8027920380556,-117.4659261431046,389.7,2972.0,1049.4,396.9,True,1,1,False,False,False,False,,True,False,False,Course Lock,196.8,67,16.4,93,NE,S,6.26,6.93,Calm,False,False,Android,7.0.2,M300 RTK,1ZN7L4R0H1D00F,1W9DL31001461C,1ZMLH8300204F0,1Z6PH74DAP0QN7,"Corona, CA",728.3,5.7,137.7,8.547347,2.013246,0,0,DJI Matrice 300 RTK,M300 RTK,1ZN7L4R0H1D00F,1W9DL31001461C,1ZMLH8300204F0,1Z6PH74DAP0QN7,DJI Pilot,Android,7.0.2,1EF72A62-B7C3-C88D-164E-CE6F8C8424AE,1ZN7L4R0H1D00F,1W9DL31001461C,,1ZMLH8300204F0,1W9DL31001461C,,,,,
2023-11-01,11:25:35.76 AM,1m 13.4s,73.4,33.8019403543282,-117.4667071018169,37.0,37.0,18.3,1301,404.4,5.716246,6.023145,-4.921268,0,-2.908022,1.342164,-0.223694,0,0,-0.3,0.3,-147.3,212.7,211.1,Tripod,Other,,20,5,True,,True,False,,Smart,RC,False,True,False,,,True,,False,False,False,False,False,False,False,False,False,False,0,Follow Yaw,-88.9,0,-155.3,204.7,False,False,False,False,False,,0,0,False,False,No Card,100,100,1024,1352,1204,1032,2,False,False,False,False,False,0,False,False,False,False,96,,47.664,,4786,,4986,,47.664,,True,3.975,3.975,3.975,3.975,3.975,3.975,3.975,3.975,3.975,3.975,3.975,3.975,0,,False,False,True,,,,,,,,,,,,,,,False,False,9.242,,80.0,,75.7,,80.7,,1796,44,3,16,7,143906.9,19187.59,,Idle,,20,,10,,,20,Go Home,False,False,False,False,False,False,False,False,False,False,False,False,33.8027920380556,-117.4659261431046,390.6,2972.0,1049.4,396.9,True,1,1,False,False,False,False,,True,False,False,Course Lock,196.8,67,16.4,93,NE,S,6.26,6.93,Calm,False,False,Android,7.0.2,M300 RTK,1ZN7L4R0H1D00F,1W9DL31001461C,1ZMLH8300204F0,1Z6PH74DAP0QN7,"Corona, CA",728.3,5.7,137.7,8.547347,2.013246,0,0,DJI Matrice 300 RTK,M300 RTK,1ZN7L4R0H1D00F,1W9DL31001461C,1ZMLH8300204F0,1Z6PH74DAP0QN7,DJI Pilot,Android,7.0.2,1EF72A62-B7C3-C88D-164E-CE6F8C8424AE,1ZN7L4R0H1D00F,1W9DL31001461C,,1ZMLH8300204F0,1W9DL31001461C,,,,,
2023-11-01,11:25:35.87 AM,1m 13.5s,73.5,33.8019382073485,-117.4667087346473,37.0,37.0,18.3,1301,405.3,5.716246,6.023145,-4.921268,0,-2.908022,1.342164,-0.223694,0,0,-0.3,0.3,-147.3,212.7,212.2,Tripod,Other,,20,5,True,,True,False,,Smart,RC,False,True,False,,,True,,False,False,False,False,False,False,False,False,False,False,0,Follow Yaw,-88.9,0,-155.3,204.7,False,False,False,False,False,,0,0,False,False,No Card,100,100,1024,1353,1199,1066,2,False,False,False,False,False,0,False,False,False,False,96,,47.664,,4786,,4986,,47.664,,True,3.975,3.975,3.975,3.975,3.975,3.975,3.975,3.975,3.975,3.975,3.975,3.975,0,,False,False,True,,,,,,,,,,,,,,,False,False,9.242,,80.0,,75.7,,80.7,,1796,44,3,16,7,143906.9,19187.59,,Idle,,20,,10,,,20,Go Home,False,False,False,False,False,False,False,False,False,False,False,False,33.8027920380556,-117.4659261431046,391.5,2972.0,1049.4,396.9,True,1,1,False,False,False,False,,True,False,False,Course Lock,196.8,67,16.4,93,NE,S,6.26,6.93,Calm,False,False,Android,7.0.2,M300 RTK,1ZN7L4R0H1D00F,1W9DL31001461C,1ZMLH8300204F0,1Z6PH74DAP0QN7,"Corona, CA",728.3,5.7,137.7,8.547347,2.013246,0,0,DJI Matrice 300 RTK,M300 RTK,1ZN7L4R0H1D00F,1W9DL31001461C,1ZMLH8300204F0,1Z6PH74DAP0QN7,DJI Pilot,Android,7.0.2,1EF72A62-B7C3-C88D-164E-CE6F8C8424AE,1ZN7L4R0H1D00F,1W9DL31001461C,,1ZMLH8300204F0,1W9DL31001461C,,,,,
2023-11-01,11:25:35.97 AM,1m 13.6s,73.6,33.8019361349318,-117.4667102652197,37.0,37.0,18.3,1301,406.2,5.833225,6.023145,-4.921268,0,-3.131716,1.342164,-0.223694,0,0.1,-0.3,0.3,-147.3,212.7,211.5,Tripod,Other,,21,5,True,,True,False,,Smart,RC,False,True,False,,,True,,False,False,False,False,False,False,False,False,False,False,0,Follow Yaw,-88.9,0,-155.3,204.7,False,False,False,False,False,,0,0,False,False,No Card,100,100,1024,1353,1195,1090,2,False,False,False,False,False,0,False,False,False,False,96,,47.664,,4786,,4986,,47.664,,True,3.975,3.975,3.975,3.975,3.975,3.975,3.975,3.975,3.975,3.975,3.975,3.975,0,,False,False,True,,,,,,,,,,,,,,,False,False,9.242,,80.0,,75.7,,80.7,,1796,44,3,16,7,143906.9,19187.59,,Idle,,20,,10,,,20,Go Home,False,False,False,False,False,False,False,False,False,False,False,False,33.8027920380556,-117.4659261431046,392.4,2972.0,1049.4,396.9,True,1,1,False,False,False,False,,True,False,False,Course Lock,196.8,67,16.4,93,NE,S,6.26,6.93,Calm,False,False,Android,7.0.2,M300 RTK,1ZN7L4R0H1D00F,1W9DL31001461C,1ZMLH8300204F0,1Z6PH74DAP0QN7,"Corona, CA",728.3,5.7,137.7,8.547347,2.013246,0,0,DJI Matrice 300 RTK,M300 RTK,1ZN7L4R0H1D00F,1W9DL31001461C,1ZMLH8300204F0,1Z6PH74DAP0QN7,DJI Pilot,Android,7.0.2,1EF72A62-B7C3-C88D-164E-CE6F8C8424AE,1ZN7L4R0H1D00F,1W9DL31001461C,,1ZMLH8300204F0,1W9DL31001461C,,,,,
2023-11-01,11:25:36.07 AM,1m 13.7s,73.7,33.8019339731491,-117.4667117522499,37.0,37.0,18.3,1301,407.1,5.716246,6.023145,-4.921268,0,-2.908022,1.342164,-0.223694,0,0.2,-0.2,0.2,-147.3,212.7,209.7,Tripod,Other,,21,5,True,,True,False,,Smart,RC,False,True,False,,,True,,False,False,False,False,False,False,False,False,False,False,0,Follow Yaw,-88.9,0,-155.2,204.8,False,False,False,False,False,,0,0,False,False,No Card,100,100,1024,1354,1195,1089,2,False,False,False,False,False,0,False,False,False,False,96,,47.664,,4786,,4986,,47.664,,True,3.975,3.975,3.975,3.975,3.975,3.975,3.975,3.975,3.975,3.975,3.975,3.975,0,,False,False,True,,,,,,,,,,,,,,,False,False,9.242,,80.0,,75.7,,80.7,,1796,44,3,16,7,143906.9,19187.59,,Idle,,20,,10,,,20,Go Home,False,False,False,False,False,False,False,False,False,False,False,False,33.8027920380556,-117.4659261431046,393.3,2972.0,1049.4,396.9,True,1,1,False,False,False,False,,True,False,False,Course Lock,196.8,67,16.4,93,NE,S,6.26,6.93,Calm,False,False,Android,7.0.2,M300 RTK,1ZN7L4R0H1D00F,1W9DL31001461C,1ZMLH8300204F0,1Z6PH74DAP0QN7,"Corona, CA",728.3,5.7,137.7,8.547347,2.013246,0,0,DJI Matrice 300 RTK,M300 RTK,1ZN7L4R0H1D00F,1W9DL31001461C,1ZMLH8300204F0,1Z6PH74DAP0QN7,DJI Pilot,Android,7.0.2,1EF72A62-B7C3-C88D-164E-CE6F8C8424AE,1ZN7L4R0H1D00F,1W9DL31001461C,,1ZMLH8300204F0,1W9DL31001461C,,,,,
2023-11-01,11:25:36.14 AM,1m 13.8s,73.8,33.8019319001843,-117.4667132828222,37.0,37.0,18.3,1301,408.0,5.833225,6.023145,-4.921268,0,-3.131716,1.342164,-0.223694,0,0.2,0,0.2,-147.2,212.8,211.5,Tripod,Other,,21,5,True,,True,False,,Smart,RC,False,True,False,,,True,,False,False,False,False,False,False,False,False,False,False,0,Follow Yaw,-88.9,0,-155.1,204.9,False,False,False,False,False,,0,0,False,False,No Card,100,100,1024,1355,1197,1088,2,False,False,False,False,False,0,False,False,False,False,96,,47.664,,4786,,4986,,47.664,,True,3.975,3.975,3.975,3.975,3.975,3.975,3.975,3.975,3.975,3.975,3.975,3.975,0,,False,False,True,,,,,,,,,,,,,,,False,False,9.242,,80.0,,75.7,,80.7,,1796,44,3,16,7,143906.9,19187.59,,Idle,,20,,10,,,20,Go Home,False,False,False,False,False,False,False,False,False,False,False,False,33.8027920380556,-117.4659261431046,394.2,2972.0,1049.4,396.9,True,1,1,False,False,False,False,,True,False,False,Course Lock,196.8,67,16.4,93,NE,S,6.26,6.93,Calm,False,False,Android,7.0.2,M300 RTK,1ZN7L4R0H1D00F,1W9DL31001461C,1ZMLH8300204F0,1Z6PH74DAP0QN7,"Corona, CA",728.3,5.7,137.7,8.547347,2.013246,0,0,DJI Matrice 300 RTK,M300 RTK,1ZN7L4R0H1D00F,1W9DL31001461C,1ZMLH8300204F0,1Z6PH74DAP0QN7,DJI Pilot,Android,7.0.2,1EF72A62-B7C3-C88D-164E-CE6F8C8424AE,1ZN7L4R0H1D00F,1W9DL31001461C,,1ZMLH8300204F0,1W9DL31001461C,,,,,
2023-11-01,11:25:36.24 AM,1m 13.9s,73.9,33.8019297866483,-117.4667147658941,37.4,37.4,18.7,1301,408.9,5.833225,6.023145,-4.921268,0,-3.131716,1.342164,-0.223694,0,0,0.1,0.1,-147.2,212.8,210.2,Tripod,Other,,21,5,True,,True,False,,Smart,RC,False,True,False,,,True,,False,False,False,False,False,False,False,False,False,False,0,Follow Yaw,-88.9,0,-155,205,False,False,False,False,False,,0,0,False,False,No Card,100,100,1024,1356,1194,1127,2,False,False,False,False,False,0,False,False,False,False,96,,47.664,,4786,,4986,,47.664,,True,3.975,3.975,3.975,3.975,3.975,3.975,3.975,3.975,3.975,3.975,3.975,3.975,0,,False,False,True,,,,,,,,,,,,,,,False,False,9.242,,80.0,,75.7,,80.7,,1796,44,3,16,7,143906.9,19187.59,,Idle,,20,,10,,,20,Go Home,False,False,False,False,False,False,False,False,False,False,False,False,33.8027920380556,-117.4659261431046,395.0,2972.0,1049.4,396.9,True,1,1,False,False,False,False,,True,False,False,Course Lock,196.8,67,16.4,93,NE,S,6.26,6.93,Calm,False,False,Android,7.0.2,M300 RTK,1ZN7L4R0H1D00F,1W9DL31001461C,1ZMLH8300204F0,1Z6PH74DAP0QN7,"Corona, CA",728.3,5.7,137.7,8.547347,2.013246,0,0,DJI Matrice 300 RTK,M300 RTK,1ZN7L4R0H1D00F,1W9DL31001461C,1ZMLH8300204F0,1Z6PH74DAP0QN7,DJI Pilot,Android,7.0.2,1EF72A62-B7C3-C88D-164E-CE6F8C8424AE,1ZN7L4R0H1D00F,1W9DL31001461C,,1ZMLH8300204F0,1W9DL31001461C,,,,,
2023-11-01,11:25:36.34 AM,1m 14.0s,74.0,33.8019277251969,-117.4667163103208,37.4,37.4,18.3,1301,409.7,5.833225,6.023145,-4.921268,0,-3.131716,1.342164,-0.223694,0,-0.1,0,0.1,-147.1,212.9,211.9,Tripod,Other,,21,5,True,,True,False,,Smart,RC,False,True,False,,,True,,False,False,False,False,False,False,False,False,False,False,0,Follow Yaw,-88.9,0,-154.9,205.1,False,False,False,False,False,,0,0,False,False,No Card,100,100,1024,1357,1184,1176,2,False,False,False,False,False,0,False,False,False,False,96,,47.712,,9641,,10044,,47.712,,True,3.975,3.975,3.975,3.975,3.975,3.975,3.975,3.975,3.975,3.975,3.975,3.975,0,,False,False,True,,,,,,,,,,,,,,,False,False,18.844,,80.9,,75.7,,80.9,,1796,44,3,16,7,143906.9,19187.59,,Idle,,20,,10,,,20,Go Home,False,False,False,False,False,False,False,False,False,False,False,False,33.8027920380556,-117.4659261431046,395.9,2972.0,1049.4,396.9,True,1,1,False,False,False,False,,True,False,False,Course Lock,196.8,67,16.4,93,NE,S,6.26,6.93,Calm,False,False,Android,7.0.2,M300 RTK,1ZN7L4R0H1D00F,1W9DL31001461C,1ZMLH8300204F0,1Z6PH74DAP0QN7,"Corona, CA",728.3,5.7,137.7,8.547347,2.013246,0,0,DJI Matrice 300 RTK,M300 RTK,1ZN7L4R0H1D00F,1W9DL31001461C,1ZMLH8300204F0,1Z6PH74DAP0QN7,DJI Pilot,Android,7.0.2,1EF72A62-B7C3-C88D-164E-CE6F8C8424AE,1ZN7L4R0H1D00F,1W9DL31001461C,,1ZMLH8300204F0,1W9DL31001461C,,,,,
2023-11-01,11:25:36.44 AM,1m 14.1s,74.1,33.8019256193365,-117.4667179451304,37.4,37.4,18.3,1301,410.7,5.833225,6.023145,-4.921268,0,-3.131716,1.342164,-0.223694,0,-0.3,-0.1,0.3,-147,213,212.8,Tripod,Other,,21,5,True,,True,False,,Smart,RC,False,True,False,,,True,,False,False,False,False,False,False,False,False,False,False,0,Follow Yaw,-88.9,0,-154.7,205.3,False,False,False,False,False,,0,0,False,False,No Card,100,100,1024,1355,1187,1159,2,False,False,False,False,False,0,False,False,False,False,96,,47.712,,9641,,10044,,47.712,,True,3.975,3.975,3.975,3.975,3.975,3.975,3.975,3.975,3.975,3.975,3.975,3.975,0,,False,False,True,,,,,,,,,,,,,,,False,False,18.844,,80.9,,75.7,,80.9,,1796,44,3,16,7,143906.9,19187.59,,Idle,,20,,10,,,20,Go Home,False,False,False,False,False,False,False,False,False,False,False,False,33.8027920380556,-117.4659261431046,396.8,2972.0,1049.4,396.9,True,1,1,False,False,False,False,,True,False,False,Course Lock,196.8,67,16.4,93,NE,S,6.26,6.93,Calm,False,False,Android,7.0.2,M300 RTK,1ZN7L4R0H1D00F,1W9DL31001461C,1ZMLH8300204F0,1Z6PH74DAP0QN7,"Corona, CA",728.3,5.7,137.7,8.547347,2.013246,0,0,DJI Matrice 300 RTK,M300 RTK,1ZN7L4R0H1D00F,1W9DL31001461C,1ZMLH8300204F0,1Z6PH74DAP0QN7,DJI Pilot,Android,7.0.2,1EF72A62-B7C3-C88D-164E-CE6F8C8424AE,1ZN7L4R0H1D00F,1W9DL31001461C,,1ZMLH8300204F0,1W9DL31001461C,,,,,
2023-11-01,11:25:36.54 AM,1m 14.2s,74.2,33.8019235666572,-117.4667195185852,37.4,37.4,18.3,1301,411.5,5.833225,6.023145,-4.921268,0,-3.131716,1.342164,-0.223694,0,-0.4,0.1,0.4,-146.8,213.2,212.4,Tripod,Other,,21,5,True,,True,False,,Smart,RC,False,True,False,,,True,,False,False,False,False,False,False,False,False,False,False,0,Follow Yaw,-88.9,0,-154.5,205.5,False,False,False,False,False,,0,0,False,False,No Card,100,100,1024,1353,1205,1071,2,False,False,False,False,False,0,False,False,False,False,96,,47.712,,9641,,10044,,47.712,,True,3.975,3.975,3.975,3.975,3.975,3.975,3.975,3.975,3.975,3.975,3.975,3.975,0,,False,False,True,,,,,,,,,,,,,,,False,False,18.844,,80.9,,75.7,,80.9,,1796,44,3,16,7,143906.9,19187.59,,Idle,,20,,10,,,20,Go Home,False,False,False,False,False,False,False,False,False,False,False,False,33.8027920380556,-117.4659261431046,397.7,2972.0,1049.4,396.9,True,1,1,False,False,False,False,,True,False,False,Course Lock,196.8,67,16.4,93,NE,S,6.26,6.93,Calm,False,False,Android,7.0.2,M300 RTK,1ZN7L4R0H1D00F,1W9DL31001461C,1ZMLH8300204F0,1Z6PH74DAP0QN7,"Corona, CA",728.3,5.7,137.7,8.547347,2.013246,0,0,DJI Matrice 300 RTK,M300 RTK,1ZN7L4R0H1D00F,1W9DL31001461C,1ZMLH8300204F0,1Z6PH74DAP0QN7,DJI Pilot,Android,7.0.2,1EF72A62-B7C3-C88D-164E-CE6F8C8424AE,1ZN7L4R0H1D00F,1W9DL31001461C,,1ZMLH8300204F0,1W9DL31001461C,,,,,
2023-11-01,11:25:36.64 AM,1m 14.3s,74.3,33.8019217639837,-117.46672104322,37.4,37.4,18.7,1301,412.4,5.833225,6.023145,-4.921268,0,-3.131716,1.342164,-0.223694,0,-0.3,0.2,0.3,-146.6,213.4,215.0,Tripod,Other,,21,5,True,,True,False,,Smart,RC,False,True,False,,,True,,False,False,False,False,False,False,False,False,False,False,0,Follow Yaw,-88.9,0,-154.3,205.7,False,False,False,False,False,,0,0,False,False,No Card,100,100,1024,1355,1191,1168,2,False,False,False,False,False,0,False,False,False,False,96,,47.712,,9641,,10044,,47.712,,True,3.975,3.975,3.975,3.975,3.975,3.975,3.975,3.975,3.975,3.975,3.975,3.975,0,,False,False,True,,,,,,,,,,,,,,,False,False,18.844,,80.9,,75.7,,80.9,,1798,44,3,16,7,143297.0,19106.27,,Idle,,20,,10,,,20,Go Home,False,False,False,False,False,False,False,False,False,False,False,False,33.8027920380556,-117.4659261431046,398.5,2972.0,1049.4,396.9,True,1,1,False,False,False,False,,True,False,False,Course Lock,196.8,67,16.4,93,NE,S,6.26,6.93,Calm,False,False,Android,7.0.2,M300 RTK,1ZN7L4R0H1D00F,1W9DL31001461C,1ZMLH8300204F0,1Z6PH74DAP0QN7,"Corona, CA",728.3,5.7,137.7,8.547347,2.013246,0,0,DJI Matrice 300 RTK,M300 RTK,1ZN7L4R0H1D00F,1W9DL31001461C,1ZMLH8300204F0,1Z6PH74DAP0QN7,DJI Pilot,Android,7.0.2,1EF72A62-B7C3-C88D-164E-CE6F8C8424AE,1ZN7L4R0H1D00F,1W9DL31001461C,,1ZMLH8300204F0,1W9DL31001461C,,,,,
2023-11-01,11:25:36.74 AM,1m 14.4s,74.4,33.8019197392656,-117.4667226437238,37.4,37.4,18.7,1301,413.2,5.833225,6.023145,-4.921268,0,-3.131716,1.342164,-0.223694,0,-0.2,-0.2,0.2,-146.5,213.5,213.2,Tripod,Other,,21,5,True,,True,False,,Smart,RC,False,True,False,,,True,,False,False,False,False,False,False,False,False,False,False,0,Follow Yaw,-88.9,0,-154.3,205.7,False,False,False,False,False,,0,0,False,False,No Card,100,100,1024,1355,1191,1168,2,False,False,False,False,False,0,False,False,False,False,96,,47.712,,9641,,10044,,47.712,,True,3.975,3.975,3.975,3.975,3.975,3.975,3.975,3.975,3.975,3.975,3.975,3.975,0,,False,False,True,,,,,,,,,,,,,,,False,False,18.844,,80.9,,75.7,,80.9,,1798,44,3,16,7,143297.0,19106.27,,Idle,,20,,10,,,20,Go Home,False,False,False,False,False,False,False,False,False,False,False,False,33.8027920380556,-117.4659261431046,399.4,2972.0,1049.4,396.9,True,1,1,False,False,False,False,,True,False,False,Course Lock,196.8,67,16.4,93,NE,S,6.26,6.93,Calm,False,False,Android,7.0.2,M300 RTK,1ZN7L4R0H1D00F,1W9DL31001461C,1ZMLH8300204F0,1Z6PH74DAP0QN7,"Corona, CA",728.3,5.7,137.7,8.547347,2.013246,0,0,DJI Matrice 300 RTK,M300 RTK,1ZN7L4R0H1D00F,1W9DL31001461C,1ZMLH8300204F0,1Z6PH74DAP0QN7,DJI Pilot,Android,7.0.2,1EF72A62-B7C3-C88D-164E-CE6F8C8424AE,1ZN7L4R0H1D00F,1W9DL31001461C,,1ZMLH8300204F0,1W9DL31001461C,,,,,
2023-11-01,11:25:36.84 AM,1m 14.5s,74.5,33.8019175281396,-117.4667244019028,37.4,37.4,18.7,1301,414.2,5.833225,6.023145,-4.921268,0,-3.131716,1.342164,-0.223694,0,-0.3,-0.5,0.5,-146.3,213.7,213.4,Tripod,Other,,21,5,True,,True,False,,Smart,RC,False,True,False,,,True,,False,False,False,False,False,False,False,False,False,False,0,Follow Yaw,-88.9,0,-154,206,False,False,False,False,False,,0,0,False,False,No Card,100,100,1024,1355,1184,1200,2,False,False,False,False,False,0,False,False,False,False,96,,47.712,,9641,,10044,,47.712,,True,3.975,3.975,3.975,3.975,3.975,3.975,3.975,3.975,3.975,3.975,3.975,3.975,0,,False,False,True,,,,,,,,,,,,,,,False,False,18.844,,80.9,,75.7,,80.9,,1798,44,3,16,7,143297.0,19106.27,,Idle,,20,,10,,,20,Go Home,False,False,False,False,False,False,False,False,False,False,False,False,33.8027920380556,-117.4659261431046,400.4,2972.0,1049.4,396.9,True,1,1,False,False,False,False,,True,False,False,Course Lock,196.8,67,16.4,93,NE,S,6.26,6.93,Calm,False,False,Android,7.0.2,M300 RTK,1ZN7L4R0H1D00F,1W9DL31001461C,1ZMLH8300204F0,1Z6PH74DAP0QN7,"Corona, CA",728.3,5.7,137.7,8.547347,2.013246,0,0,DJI Matrice 300 RTK,M300 RTK,1ZN7L4R0H1D00F,1W9DL31001461C,1ZMLH8300204F0,1Z6PH74DAP0QN7,DJI Pilot,Android,7.0.2,1EF72A62-B7C3-C88D-164E-CE6F8C8424AE,1ZN7L4R0H1D00F,1W9DL31001461C,,1ZMLH8300204F0,1W9DL31001461C,,,,,
2023-11-01,11:25:36.94 AM,1m 14.6s,74.6,33.8019154886185,-117.4667260274762,37.7,37.7,18.7,1301,415.1,5.833225,6.023145,-4.921268,0,-3.131716,1.342164,-0.223694,0,-0.2,0,0.2,-146.1,213.9,213.5,Tripod,Other,,21,5,True,,True,False,,Smart,RC,False,True,False,,,True,,False,False,False,False,False,False,False,False,False,False,0,Follow Yaw,-88.9,0,-153.7,206.3,False,False,False,False,False,,0,0,False,False,No Card,100,100,1024,1353,1191,1174,2,False,False,False,False,False,0,False,False,False,False,96,,47.712,,9641,,10044,,47.712,,True,3.975,3.975,3.975,3.975,3.975,3.975,3.975,3.975,3.975,3.975,3.975,3.975,0,,False,False,True,,,,,,,,,,,,,,,False,False,18.844,,80.9,,75.7,,80.9,,1798,44,3,16,7,143297.0,19106.27,,Idle,,20,,10,,,20,Go Home,False,False,False,False,False,False,False,False,False,False,False,False,33.8027920380556,-117.4659261431046,401.3,2972.0,1049.4,396.9,True,1,1,False,False,False,False,,True,False,False,Course Lock,196.8,67,16.4,93,NE,S,6.26,6.93,Calm,False,False,Android,7.0.2,M300 RTK,1ZN7L4R0H1D00F,1W9DL31001461C,1ZMLH8300204F0,1Z6PH74DAP0QN7,"Corona, CA",728.3,5.7,137.7,8.547347,2.013246,0,0,DJI Matrice 300 RTK,M300 RTK,1ZN7L4R0H1D00F,1W9DL31001461C,1ZMLH8300204F0,1Z6PH74DAP0QN7,DJI Pilot,Android,7.0.2,1EF72A62-B7C3-C88D-164E-CE6F8C8424AE,1ZN7L4R0H1D00F,1W9DL31001461C,,1ZMLH8300204F0,1W9DL31001461C,,,,,
2023-11-01,11:25:37.00 AM,1m 14.7s,74.7,33.8019134414218,-117.4667273165876,37.7,37.7,18.7,1301,415.9,5.833225,6.023145,-4.921268,0,-3.131716,1.342164,-0.223694,0,-0.2,0.5,0.5,-145.8,214.2,207.6,Tripod,Other,,21,5,True,,True,False,,Smart,RC,False,True,False,,,True,,False,False,False,False,False,False,False,False,False,False,0,Follow Yaw,-88.9,0,-153.3,206.7,False,False,False,False,False,,0,0,False,False,No Card,100,100,1024,1353,1193,1161,2,False,False,False,False,False,0,False,False,False,False,96,,47.688,,4786,,4986,,47.688,,True,3.975,3.975,3.975,3.975,3.975,3.975,3.975,3.975,3.975,3.975,3.975,3.975,0,,False,False,True,,,,,,,,,,,,,,,False,False,9.178,,80.0,,75.7,,80.9,,1798,44,3,16,7,143297.0,19106.27,,Idle,,20,,10,,,20,Go Home,False,False,False,False,False,False,False,False,False,False,False,False,33.8027920380556,-117.4659261431046,402.1,2972.0,1049.4,396.9,True,1,1,False,False,False,False,,True,False,False,Course Lock,196.8,67,16.4,93,NE,S,6.26,6.93,Calm,False,False,Android,7.0.2,M300 RTK,1ZN7L4R0H1D00F,1W9DL31001461C,1ZMLH8300204F0,1Z6PH74DAP0QN7,"Corona, CA",728.3,5.7,137.7,8.547347,2.013246,0,0,DJI Matrice 300 RTK,M300 RTK,1ZN7L4R0H1D00F,1W9DL31001461C,1ZMLH8300204F0,1Z6PH74DAP0QN7,DJI Pilot,Android,7.0.2,1EF72A62-B7C3-C88D-164E-CE6F8C8424AE,1ZN7L4R0H1D00F,1W9DL31001461C,,1ZMLH8300204F0,1W9DL31001461C,,,,,
2023-11-01,11:25:37.14 AM,1m 14.8s,74.8,33.8019114117693,-117.4667289461194,37.7,37.7,18.7,1301,416.8,5.956312,6.023145,-4.921268,0,-3.35541,1.342164,-0.223694,0,-0.1,0.6,0.6,-145.6,214.4,213.7,Tripod,Other,,22,5,True,,True,False,,Smart,RC,False,True,False,,,True,,False,False,False,False,False,False,False,False,False,False,0,Follow Yaw,-88.9,0,-153,207,False,False,False,False,False,,0,0,False,False,No Card,100,100,1024,1353,1194,1150,2,False,False,False,False,False,0,False,False,False,False,96,,47.688,,4786,,4986,,47.688,,True,3.975,3.975,3.975,3.975,3.975,3.975,3.975,3.975,3.975,3.975,3.975,3.975,0,,False,False,True,,,,,,,,,,,,,,,False,False,9.178,,80.0,,75.7,,80.9,,1798,44,3,16,7,143297.0,19106.27,,Idle,,20,,10,,,20,Go Home,False,False,False,False,False,False,False,False,False,False,False,False,33.8027920380556,-117.4659261431046,403.0,2972.0,1049.4,396.9,True,1,1,False,False,False,False,,True,False,False,Course Lock,196.8,67,16.4,93,NE,S,6.26,6.93,Calm,False,False,Android,7.0.2,M300 RTK,1ZN7L4R0H1D00F,1W9DL31001461C,1ZMLH8300204F0,1Z6PH74DAP0QN7,"Corona, CA",728.3,5.7,137.7,8.547347,2.013246,0,0,DJI Matrice 300 RTK,M300 RTK,1ZN7L4R0H1D00F,1W9DL31001461C,1ZMLH8300204F0,1Z6PH74DAP0QN7,DJI Pilot,Android,7.0.2,1EF72A62-B7C3-C88D-164E-CE6F8C8424AE,1ZN7L4R0H1D00F,1W9DL31001461C,,1ZMLH8300204F0,1W9DL31001461C,,,,,
2023-11-01,11:25:37.24 AM,1m 14.9s,74.9,33.8019093508661,-117.4667305142964,37.7,37.7,18.7,1301,417.7,5.772865,6.023145,-4.697574,0,-3.35541,1.342164,-0.223694,0,0,0.4,0.4,-145.3,214.7,212.3,Tripod,Other,,22,5,True,,True,False,,Smart,RC,False,True,False,,,True,,False,False,False,False,False,False,False,False,False,False,0,Follow Yaw,-88.9,0,-152.8,207.2,False,False,False,False,False,,0,0,False,False,No Card,100,100,1024,1352,1200,1116,2,False,False,False,False,False,0,False,False,False,False,96,,47.688,,4786,,4986,,47.688,,True,3.975,3.975,3.975,3.975,3.975,3.975,3.975,3.975,3.975,3.975,3.975,3.975,0,,False,False,True,,,,,,,,,,,,,,,False,False,9.178,,80.0,,75.7,,80.9,,1798,44,3,16,7,143297.0,19106.27,,Idle,,20,,10,,,20,Go Home,False,False,False,False,False,False,False,False,False,False,False,False,33.8027920380556,-117.4659261431046,403.9,2972.0,1049.4,396.9,True,1,1,False,False,False,False,,True,False,False,Course Lock,196.8,67,16.4,93,NE,S,6.26,6.93,Calm,False,False,Android,7.0.2,M300 RTK,1ZN7L4R0H1D00F,1W9DL31001461C,1ZMLH8300204F0,1Z6PH74DAP0QN7,"Corona, CA",728.3,5.7,137.7,8.547347,2.013246,0,0,DJI Matrice 300 RTK,M300 RTK,1ZN7L4R0H1D00F,1W9DL31001461C,1ZMLH8300204F0,1Z6PH74DAP0QN7,DJI Pilot,Android,7.0.2,1EF72A62-B7C3-C88D-164E-CE6F8C8424AE,1ZN7L4R0H1D00F,1W9DL31001461C,,1ZMLH8300204F0,1W9DL31001461C,,,,,
2023-11-01,11:25:37.34 AM,1m 15.0s,75.0,33.8019073360167,-117.46673216362,37.7,37.7,18.7,1301,418.6,5.772865,6.023145,-4.697574,0,-3.35541,1.342164,-0.223694,0,0.1,0,0.1,-145,215,214.2,Tripod,Other,,21,5,True,,True,False,,Smart,RC,False,True,False,,,True,,False,False,False,False,False,False,False,False,False,False,0,Follow Yaw,-88.9,0,-152.6,207.4,False,False,False,False,False,,0,0,False,False,No Card,100,100,1024,1351,1202,1102,2,False,False,False,False,False,0,False,False,False,False,96,,47.688,,9641,,10044,,47.688,,True,3.975,3.975,3.975,3.975,3.975,3.975,3.975,3.975,3.975,3.975,3.975,3.975,0,,False,False,True,,,,,,,,,,,,,,,False,False,18.786,,80.9,,75.7,,80.9,,1798,44,3,16,7,143297.0,19106.27,,Idle,,20,,10,,,20,Go Home,False,False,False,False,False,False,False,False,False,False,False,False,33.8027920380556,-117.4659261431046,404.8,2972.0,1049.4,396.9,True,1,1,False,False,False,False,,True,False,False,Course Lock,196.8,67,16.4,93,NE,S,6.26,6.93,Calm,False,False,Android,7.0.2,M300 RTK,1ZN7L4R0H1D00F,1W9DL31001461C,1ZMLH8300204F0,1Z6PH74DAP0QN7,"Corona, CA",728.3,5.7,137.7,8.547347,2.013246,0,0,DJI Matrice 300 RTK,M300 RTK,1ZN7L4R0H1D00F,1W9DL31001461C,1ZMLH8300204F0,1Z6PH74DAP0QN7,DJI Pilot,Android,7.0.2,1EF72A62-B7C3-C88D-164E-CE6F8C8424AE,1ZN7L4R0H1D00F,1W9DL31001461C,,1ZMLH8300204F0,1W9DL31001461C,,,,,
2023-11-01,11:25:37.44 AM,1m 15.1s,75.1,33.8019052904647,-117.466734046488,37.7,37.7,18.3,1301,419.5,5.772865,6.023145,-4.697574,0,-3.35541,1.342164,-0.223694,0,0.1,-0.2,0.2,-144.8,215.2,217.4,Tripod,Other,,21,5,True,,True,False,,Smart,RC,False,True,False,,,True,,False,False,False,False,False,False,False,False,False,False,0,Follow Yaw,-88.9,0,-152.5,207.5,False,False,False,False,False,,0,0,False,False,No Card,100,100,1024,1351,1200,1115,2,False,False,False,False,False,0,False,False,False,False,96,,47.688,,9641,,10044,,47.688,,True,3.975,3.975,3.975,3.975,3.975,3.975,3.975,3.975,3.975,3.975,3.975,3.975,0,,False,False,True,,,,,,,,,,,,,,,False,False,18.786,,80.9,,75.7,,80.9,,1798,44,3,16,7,143297.0,19106.27,,Idle,,20,,10,,,20,Go Home,False,False,False,False,False,False,False,False,False,False,False,False,33.8027920380556,-117.4659261431046,405.7,2972.0,1049.4,396.9,True,1,1,False,False,False,False,,True,False,False,Course Lock,196.8,67,16.4,93,NE,S,6.26,6.93,Calm,False,False,Android,7.0.2,M300 RTK,1ZN7L4R0H1D00F,1W9DL31001461C,1ZMLH8300204F0,1Z6PH74DAP0QN7,"Corona, CA",728.3,5.7,137.7,8.547347,2.013246,0,0,DJI Matrice 300 RTK,M300 RTK,1ZN7L4R0H1D00F,1W9DL31001461C,1ZMLH8300204F0,1Z6PH74DAP0QN7,DJI Pilot,Android,7.0.2,1EF72A62-B7C3-C88D-164E-CE6F8C8424AE,1ZN7L4R0H1D00F,1W9DL31001461C,,1ZMLH8300204F0,1W9DL31001461C,,,,,
2023-11-01,11:25:37.51 AM,1m 15.2s,75.2,33.8019032832909,-117.4667357222008,37.7,37.7,18.3,1301,420.4,5.772865,6.023145,-4.697574,0,-3.35541,1.342164,-0.223694,0,0,-0.2,0.2,-144.5,215.5,214.7,Tripod,Other,,21,5,True,,True,False,,Smart,RC,False,True,False,,,True,,False,False,False,False,False,False,False,False,False,False,0,Follow Yaw,-88.9,0,-152.4,207.6,False,False,False,False,False,,0,0,False,False,No Card,100,100,1024,1349,1202,1113,2,False,False,False,False,False,0,False,False,False,False,96,,47.688,,9641,,10044,,47.688,,True,3.975,3.975,3.975,3.975,3.975,3.975,3.975,3.975,3.975,3.975,3.975,3.975,0,,False,False,True,,,,,,,,,,,,,,,False,False,18.786,,80.9,,75.7,,80.9,,1798,44,3,16,7,143297.0,19106.27,,Idle,,20,,10,,,20,Go Home,False,False,False,False,False,False,False,False,False,False,False,False,33.8027920380556,-117.4659261431046,406.6,2972.0,1049.4,396.9,True,1,1,False,False,False,False,,True,False,False,Course Lock,196.8,67,16.4,93,NE,S,6.26,6.93,Calm,False,False,Android,7.0.2,M300 RTK,1ZN7L4R0H1D00F,1W9DL31001461C,1ZMLH8300204F0,1Z6PH74DAP0QN7,"Corona, CA",728.3,5.7,137.7,8.547347,2.013246,0,0,DJI Matrice 300 RTK,M300 RTK,1ZN7L4R0H1D00F,1W9DL31001461C,1ZMLH8300204F0,1Z6PH74DAP0QN7,DJI Pilot,Android,7.0.2,1EF72A62-B7C3-C88D-164E-CE6F8C8424AE,1ZN7L4R0H1D00F,1W9DL31001461C,,1ZMLH8300204F0,1W9DL31001461C,,,,,
2023-11-01,11:25:37.64 AM,1m 15.3s,75.3,33.8019010442037,-117.4667374361779,38.0,38.0,18.3,1302,421.4,5.772865,6.023145,-4.697574,0,-3.35541,1.342164,-0.223694,0,-0.1,0,0.1,-144.3,215.7,212.4,Tripod,Other,,21,5,True,,True,False,,Smart,RC,False,True,False,,,True,,False,False,False,False,False,False,False,False,False,False,0,Follow Yaw,-88.9,0,-152.3,207.7,False,False,False,False,False,,0,0,False,False,No Card,100,100,1024,1349,1203,1104,2,False,False,False,False,False,0,False,False,False,False,96,,47.688,,9641,,10044,,47.688,,True,3.973,3.973,3.973,3.973,3.973,3.973,3.973,3.973,3.973,3.973,3.973,3.973,0,,False,False,True,,,,,,,,,,,,,,,False,False,18.786,,80.9,,75.7,,80.9,,1800,44,3,16,7,142748.1,19033.09,,Idle,,20,,10,,,20,Go Home,False,False,False,False,False,False,False,False,False,False,False,False,33.8027920380556,-117.4659261431046,407.6,2972.0,1049.4,396.9,True,1,1,False,False,False,False,,True,False,False,Course Lock,196.8,67,16.4,93,NE,S,6.26,6.93,Calm,False,False,Android,7.0.2,M300 RTK,1ZN7L4R0H1D00F,1W9DL31001461C,1ZMLH8300204F0,1Z6PH74DAP0QN7,"Corona, CA",728.3,5.7,137.7,8.547347,2.013246,0,0,DJI Matrice 300 RTK,M300 RTK,1ZN7L4R0H1D00F,1W9DL31001461C,1ZMLH8300204F0,1Z6PH74DAP0QN7,DJI Pilot,Android,7.0.2,1EF72A62-B7C3-C88D-164E-CE6F8C8424AE,1ZN7L4R0H1D00F,1W9DL31001461C,,1ZMLH8300204F0,1W9DL31001461C,,,,,
2023-11-01,11:25:37.74 AM,1m 15.4s,75.4,33.8018990260647,-117.4667391204672,38.0,38.0,18.3,1302,422.3,5.772865,6.023145,-4.697574,0,-3.35541,1.342164,-0.223694,0,0,0.3,0.3,-144.1,215.9,214.7,Tripod,Other,,21,5,True,,True,False,,Smart,RC,False,True,False,,,True,,False,False,False,False,False,False,False,False,False,False,0,Follow Yaw,-88.9,0,-152.1,207.9,False,False,False,False,False,,0,0,False,False,No Card,100,100,1024,1352,1193,1159,2,False,False,False,False,False,0,False,False,False,False,96,,47.688,,9641,,10044,,47.688,,True,3.973,3.973,3.973,3.973,3.973,3.973,3.973,3.973,3.973,3.973,3.973,3.973,0,,False,False,True,,,,,,,,,,,,,,,False,False,18.786,,80.9,,75.7,,80.9,,1800,44,3,16,7,142748.1,19033.09,,Idle,,20,,10,,,20,Go Home,False,False,False,False,False,False,False,False,False,False,False,False,33.8027920380556,-117.4659261431046,408.4,2972.0,1049.4,396.9,True,1,1,False,False,False,False,,True,False,False,Course Lock,196.8,67,16.4,93,NE,S,6.26,6.93,Calm,False,False,Android,7.0.2,M300 RTK,1ZN7L4R0H1D00F,1W9DL31001461C,1ZMLH8300204F0,1Z6PH74DAP0QN7,"Corona, CA",728.3,5.7,137.7,8.547347,2.013246,0,0,DJI Matrice 300 RTK,M300 RTK,1ZN7L4R0H1D00F,1W9DL31001461C,1ZMLH8300204F0,1Z6PH74DAP0QN7,DJI Pilot,Android,7.0.2,1EF72A62-B7C3-C88D-164E-CE6F8C8424AE,1ZN7L4R0H1D00F,1W9DL31001461C,,1ZMLH8300204F0,1W9DL31001461C,,,,,
2023-11-01,11:25:37.83 AM,1m 15.5s,75.5,33.80189711045,-117.4667405223923,38.0,38.0,18.3,1302,423.1,5.772865,6.023145,-4.697574,0,-3.35541,1.342164,-0.223694,0,0,0.3,0.3,-143.9,216.1,211.3,Tripod,Other,,21,5,True,,True,False,,Smart,RC,False,True,False,,,True,,False,False,False,False,False,False,False,False,False,False,0,Follow Yaw,-88.9,0,-152,208,False,False,False,False,False,,0,0,False,False,No Card,100,100,1024,1353,1186,1195,2,False,False,False,False,False,0,False,False,False,False,96,,47.688,,9641,,10044,,47.688,,True,3.973,3.973,3.973,3.973,3.973,3.973,3.973,3.973,3.973,3.973,3.973,3.973,0,,False,False,True,,,,,,,,,,,,,,,False,False,18.786,,80.9,,75.7,,80.9,,1800,44,3,16,7,142748.1,19033.09,,Idle,,20,,10,,,20,Go Home,False,False,False,False,False,False,False,False,False,False,False,False,33.8027920380556,-117.4659261431046,409.3,2972.0,1049.4,396.9,True,1,1,False,False,False,False,,True,False,False,Course Lock,196.8,67,16.4,93,NE,S,6.26,6.93,Calm,False,False,Android,7.0.2,M300 RTK,1ZN7L4R0H1D00F,1W9DL31001461C,1ZMLH8300204F0,1Z6PH74DAP0QN7,"Corona, CA",728.3,5.7,137.7,8.547347,2.013246,0,0,DJI Matrice 300 RTK,M300 RTK,1ZN7L4R0H1D00F,1W9DL31001461C,1ZMLH8300204F0,1Z6PH74DAP0QN7,DJI Pilot,Android,7.0.2,1EF72A62-B7C3-C88D-164E-CE6F8C8424AE,1ZN7L4R0H1D00F,1W9DL31001461C,,1ZMLH8300204F0,1W9DL31001461C,,,,,
2023-11-01,11:25:37.94 AM,1m 15.6s,75.6,33.8018951208204,-117.4667422007441,38.0,38.0,18.3,1302,424.0,5.772865,6.023145,-4.697574,0,-3.35541,1.342164,-0.223694,0,0.1,0.2,0.2,-143.8,216.2,215.0,Tripod,Other,,22,5,True,,True,False,,Smart,RC,False,True,False,,,True,,False,False,False,False,False,False,False,False,False,False,0,Follow Yaw,-88.9,0,-151.7,208.3,False,False,False,False,False,,0,0,False,False,No Card,100,100,1024,1351,1189,1195,2,False,False,False,False,False,0,False,False,False,False,96,,47.688,,9641,,10044,,47.688,,True,3.973,3.973,3.973,3.973,3.973,3.973,3.973,3.973,3.973,3.973,3.973,3.973,0,,False,False,True,,,,,,,,,,,,,,,False,False,18.786,,80.9,,75.7,,80.9,,1800,44,3,16,7,142748.1,19033.09,,Idle,,20,,10,,,20,Go Home,False,False,False,False,False,False,False,False,False,False,False,False,33.8027920380556,-117.4659261431046,410.1,2972.0,1049.4,396.9,True,1,1,False,False,False,False,,True,False,False,Course Lock,196.8,67,16.4,93,NE,S,6.26,6.93,Calm,False,False,Android,7.0.2,M300 RTK,1ZN7L4R0H1D00F,1W9DL31001461C,1ZMLH8300204F0,1Z6PH74DAP0QN7,"Corona, CA",728.3,5.7,137.7,8.547347,2.013246,0,0,DJI Matrice 300 RTK,M300 RTK,1ZN7L4R0H1D00F,1W9DL31001461C,1ZMLH8300204F0,1Z6PH74DAP0QN7,DJI Pilot,Android,7.0.2,1EF72A62-B7C3-C88D-164E-CE6F8C8424AE,1ZN7L4R0H1D00F,1W9DL31001461C,,1ZMLH8300204F0,1W9DL31001461C,,,,,
2023-11-01,11:25:38.03 AM,1m 15.7s,75.7,33.8018935040065,-117.4667439483675,38.0,38.0,18.3,1302,424.8,5.772865,6.023145,-4.697574,0,-3.35541,1.342164,-0.223694,0,0,0.6,0.6,-143.7,216.3,221.9,Tripod,Other,,22,5,True,,True,False,,Smart,RC,False,True,False,,,True,,False,False,False,False,False,False,False,False,False,False,0,Follow Yaw,-88.9,0,-151.4,208.6,False,False,False,False,False,,0,0,False,False,No Card,100,100,1024,1350,1191,1195,2,False,False,False,False,False,0,False,False,False,False,96,,47.688,,9641,,10044,,47.688,,True,3.973,3.973,3.973,3.973,3.973,3.973,3.973,3.973,3.973,3.973,3.973,3.973,0,,False,False,True,,,,,,,,,,,,,,,False,False,18.786,,80.9,,75.7,,80.9,,1800,44,3,16,7,142748.1,19033.09,,Idle,,20,,10,,,20,Go Home,False,False,False,False,False,False,False,False,False,False,False,False,33.8027920380556,-117.4659261431046,410.9,2972.0,1049.4,396.9,True,1,1,False,False,False,False,,True,False,False,Course Lock,196.8,67,16.4,93,NE,S,6.26,6.93,Calm,False,False,Android,7.0.2,M300 RTK,1ZN7L4R0H1D00F,1W9DL31001461C,1ZMLH8300204F0,1Z6PH74DAP0QN7,"Corona, CA",728.3,5.7,137.7,8.547347,2.013246,0,0,DJI Matrice 300 RTK,M300 RTK,1ZN7L4R0H1D00F,1W9DL31001461C,1ZMLH8300204F0,1Z6PH74DAP0QN7,DJI Pilot,Android,7.0.2,1EF72A62-B7C3-C88D-164E-CE6F8C8424AE,1ZN7L4R0H1D00F,1W9DL31001461C,,1ZMLH8300204F0,1W9DL31001461C,,,,,
2023-11-01,11:25:38.14 AM,1m 15.8s,75.8,33.8018915724923,-117.4667456498098,38.0,38.0,18.3,1302,425.7,5.772865,6.023145,-4.697574,0,-3.35541,1.342164,-0.223694,0,-0.2,0.7,0.7,-143.5,216.5,216.2,Tripod,Other,,21,5,True,,True,False,,Smart,RC,False,True,False,,,True,,False,False,False,False,False,False,False,False,False,False,0,Follow Yaw,-88.9,0,-151,209,False,False,False,False,False,,0,0,False,False,No Card,100,100,1024,1352,1182,1238,2,False,False,False,False,False,0,False,False,False,False,96,,47.688,,9641,,10044,,47.688,,True,3.973,3.973,3.973,3.973,3.973,3.973,3.973,3.973,3.973,3.973,3.973,3.973,0,,False,False,True,,,,,,,,,,,,,,,False,False,18.786,,80.9,,75.7,,80.9,,1800,44,3,16,7,142748.1,19033.09,,Idle,,20,,10,,,20,Go Home,False,False,False,False,False,False,False,False,False,False,False,False,33.8027920380556,-117.4659261431046,411.8,2972.0,1049.4,396.9,True,1,1,False,False,False,False,,True,False,False,Course Lock,196.8,67,16.4,93,NE,S,6.26,6.93,Calm,False,False,Android,7.0.2,M300 RTK,1ZN7L4R0H1D00F,1W9DL31001461C,1ZMLH8300204F0,1Z6PH74DAP0QN7,"Corona, CA",728.3,5.7,137.7,8.547347,2.013246,0,0,DJI Matrice 300 RTK,M300 RTK,1ZN7L4R0H1D00F,1W9DL31001461C,1ZMLH8300204F0,1Z6PH74DAP0QN7,DJI Pilot,Android,7.0.2,1EF72A62-B7C3-C88D-164E-CE6F8C8424AE,1ZN7L4R0H1D00F,1W9DL31001461C,,1ZMLH8300204F0,1W9DL31001461C,,,,,
2023-11-01,11:25:38.24 AM,1m 15.9s,75.9,33.801889585604,-117.4667472212854,38.0,38.0,18.3,1302,426.5,5.729361,6.023145,-4.47388,0,-3.579104,1.342164,-0.223694,0,-0.5,0.8,0.9,-143.2,216.8,213.3,Tripod,Other,,21,5,True,,True,False,,Smart,RC,False,True,False,,,True,,False,False,False,False,False,False,False,False,False,False,0,Follow Yaw,-88.9,0,-150.6,209.4,False,False,False,False,False,,0,0,False,False,No Card,100,100,1024,1353,1188,1198,2,False,False,False,False,False,0,False,False,False,False,96,,47.628,,4786,,4986,,47.628,,True,3.973,3.973,3.973,3.973,3.973,3.973,3.973,3.973,3.973,3.973,3.973,3.973,0,,False,False,True,,,,,,,,,,,,,,,False,False,9.164,,80.2,,75.7,,80.9,,1800,44,3,16,7,142748.1,19033.09,,Idle,,20,,10,,,20,Go Home,False,False,False,False,False,False,False,False,False,False,False,False,33.8027920380556,-117.4659261431046,412.7,2972.0,1049.4,396.9,True,1,1,False,False,False,False,,True,False,False,Course Lock,196.8,67,16.4,93,NE,S,6.26,6.93,Calm,False,False,Android,7.0.2,M300 RTK,1ZN7L4R0H1D00F,1W9DL31001461C,1ZMLH8300204F0,1Z6PH74DAP0QN7,"Corona, CA",728.3,5.7,137.7,8.547347,2.013246,0,0,DJI Matrice 300 RTK,M300 RTK,1ZN7L4R0H1D00F,1W9DL31001461C,1ZMLH8300204F0,1Z6PH74DAP0QN7,DJI Pilot,Android,7.0.2,1EF72A62-B7C3-C88D-164E-CE6F8C8424AE,1ZN7L4R0H1D00F,1W9DL31001461C,,1ZMLH8300204F0,1W9DL31001461C,,,,,
2023-11-01,11:25:38.34 AM,1m 16.0s,76.0,33.8018876754718,-117.466748943839,38.0,38.0,18.3,1302,427.4,5.729361,6.023145,-4.47388,0,-3.579104,1.342164,-0.223694,0,-0.4,1,1,-142.9,217.1,216.8,Tripod,Other,,21,5,True,,True,False,,Smart,RC,False,True,False,,,True,,False,False,False,False,False,False,False,False,False,False,0,Follow Yaw,-88.9,0,-150.2,209.8,False,False,False,False,False,,0,0,False,False,No Card,100,100,1024,1351,1209,1107,2,False,False,False,False,False,0,False,False,False,False,95,,47.688,,9591,,10044,,47.688,,True,3.973,3.973,3.973,3.973,3.973,3.973,3.973,3.973,3.973,3.973,3.973,3.973,0,,False,False,True,,,,,,,,,,,,,,,False,False,18.762,,81.1,,75.7,,81.1,,1800,44,3,16,7,142748.1,19033.09,,Idle,,20,,10,,,20,Go Home,False,False,False,False,False,False,False,False,False,False,False,False,33.8027920380556,-117.4659261431046,413.5,2972.0,1049.4,396.9,True,1,1,False,False,False,False,,True,False,False,Course Lock,196.8,67,16.4,93,NE,S,6.26,6.93,Calm,False,False,Android,7.0.2,M300 RTK,1ZN7L4R0H1D00F,1W9DL31001461C,1ZMLH8300204F0,1Z6PH74DAP0QN7,"Corona, CA",728.3,5.7,137.7,8.547347,2.013246,0,0,DJI Matrice 300 RTK,M300 RTK,1ZN7L4R0H1D00F,1W9DL31001461C,1ZMLH8300204F0,1Z6PH74DAP0QN7,DJI Pilot,Android,7.0.2,1EF72A62-B7C3-C88D-164E-CE6F8C8424AE,1ZN7L4R0H1D00F,1W9DL31001461C,,1ZMLH8300204F0,1W9DL31001461C,,,,,
2023-11-01,11:25:38.45 AM,1m 16.1s,76.1,33.8018853376982,-117.4667509058745,38.3,38.3,18.3,1302,428.4,5.729361,6.023145,-4.47388,0,-3.579104,1.342164,-0.223694,0,-0.2,0.5,0.5,-142.7,217.3,214.8,Tripod,Other,,21,5,True,,True,False,,Smart,RC,False,True,False,,,True,,False,False,False,False,False,False,False,False,False,False,0,Follow Yaw,-88.9,0,-150,210,False,False,False,False,False,,0,0,False,False,No Card,100,100,1024,1351,1201,1155,2,False,False,False,False,False,0,False,False,False,False,95,,47.688,,9591,,10044,,47.688,,True,3.973,3.973,3.973,3.973,3.973,3.973,3.973,3.973,3.973,3.973,3.973,3.973,0,,False,False,True,,,,,,,,,,,,,,,False,False,18.762,,81.1,,75.7,,81.1,,1800,44,3,16,7,142748.1,19033.09,,Idle,,20,,10,,,20,Go Home,False,False,False,False,False,False,False,False,False,False,False,False,33.8027920380556,-117.4659261431046,414.6,2972.0,1049.4,396.9,True,1,1,False,False,False,False,,True,False,False,Course Lock,196.8,67,16.4,93,NE,S,6.26,6.93,Calm,False,False,Android,7.0.2,M300 RTK,1ZN7L4R0H1D00F,1W9DL31001461C,1ZMLH8300204F0,1Z6PH74DAP0QN7,"Corona, CA",728.3,5.7,137.7,8.547347,2.013246,0,0,DJI Matrice 300 RTK,M300 RTK,1ZN7L4R0H1D00F,1W9DL31001461C,1ZMLH8300204F0,1Z6PH74DAP0QN7,DJI Pilot,Android,7.0.2,1EF72A62-B7C3-C88D-164E-CE6F8C8424AE,1ZN7L4R0H1D00F,1W9DL31001461C,,1ZMLH8300204F0,1W9DL31001461C,,,,,
2023-11-01,11:25:38.55 AM,1m 16.2s,76.2,33.8018834094735,-117.4667526732898,38.3,38.3,18.3,1302,429.3,5.729361,6.023145,-4.47388,0,-3.579104,1.342164,-0.223694,0,-0.2,-0.4,0.4,-142.5,217.5,217.2,Tripod,Other,,22,5,True,,True,False,,Smart,RC,False,True,False,,,True,,False,False,False,False,False,False,False,False,False,False,0,Follow Yaw,-88.9,0,-149.8,210.2,False,False,False,False,False,,0,0,False,False,No Card,100,100,1024,1351,1202,1155,2,False,False,False,False,False,0,False,False,False,False,95,,47.688,,9591,,10044,,47.688,,True,3.973,3.973,3.973,3.973,3.973,3.973,3.973,3.973,3.973,3.973,3.973,3.973,0,,False,False,True,,,,,,,,,,,,,,,False,False,18.762,,81.1,,75.7,,81.1,,1800,44,3,16,7,142748.1,19033.09,,Idle,,20,,10,,,20,Go Home,False,False,False,False,False,False,False,False,False,False,False,False,33.8027920380556,-117.4659261431046,415.5,2972.0,1049.4,396.9,True,1,1,False,False,False,False,,True,False,False,Course Lock,196.8,67,16.4,93,NE,S,6.26,6.93,Calm,False,False,Android,7.0.2,M300 RTK,1ZN7L4R0H1D00F,1W9DL31001461C,1ZMLH8300204F0,1Z6PH74DAP0QN7,"Corona, CA",728.3,5.7,137.7,8.547347,2.013246,0,0,DJI Matrice 300 RTK,M300 RTK,1ZN7L4R0H1D00F,1W9DL31001461C,1ZMLH8300204F0,1Z6PH74DAP0QN7,DJI Pilot,Android,7.0.2,1EF72A62-B7C3-C88D-164E-CE6F8C8424AE,1ZN7L4R0H1D00F,1W9DL31001461C,,1ZMLH8300204F0,1W9DL31001461C,,,,,
2023-11-01,11:25:38.66 AM,1m 16.3s,76.3,33.8018816813632,-117.4667543364677,38.3,38.3,18.3,1302,430.1,5.729361,6.023145,-4.47388,0,-3.579104,1.342164,-0.223694,0,-0.4,-0.7,0.8,-142.2,217.8,218.6,Tripod,Other,,22,5,True,,True,False,,Smart,RC,False,True,False,,,True,,False,False,False,False,False,False,False,False,False,False,0,Follow Yaw,-88.9,0,-149.6,210.4,False,False,False,False,False,,0,0,False,False,No Card,100,100,1024,1352,1201,1152,2,False,False,False,False,False,0,False,False,False,False,95,,47.688,,9591,,10044,,47.688,,True,3.973,3.973,3.973,3.973,3.973,3.973,3.973,3.973,3.973,3.973,3.973,3.973,0,,False,False,True,,,,,,,,,,,,,,,False,False,18.762,,81.1,,75.7,,81.1,,1803,44,3,16,7,142252.3,18966.98,,Idle,,20,,10,,,20,Go Home,False,False,False,False,False,False,False,False,False,False,False,False,33.8027920380556,-117.4659261431046,416.3,2972.0,1049.4,396.9,True,1,1,False,False,False,False,,True,False,False,Course Lock,196.8,67,16.4,93,NE,S,6.26,6.93,Calm,False,False,Android,7.0.2,M300 RTK,1ZN7L4R0H1D00F,1W9DL31001461C,1ZMLH8300204F0,1Z6PH74DAP0QN7,"Corona, CA",728.3,5.7,137.7,8.547347,2.013246,0,0,DJI Matrice 300 RTK,M300 RTK,1ZN7L4R0H1D00F,1W9DL31001461C,1ZMLH8300204F0,1Z6PH74DAP0QN7,DJI Pilot,Android,7.0.2,1EF72A62-B7C3-C88D-164E-CE6F8C8424AE,1ZN7L4R0H1D00F,1W9DL31001461C,,1ZMLH8300204F0,1W9DL31001461C,,,,,
2023-11-01,11:25:38.76 AM,1m 16.4s,76.4,33.8018797652002,-117.4667560860702,38.3,38.3,18.3,1302,431.0,5.729361,6.023145,-4.47388,0,-3.579104,1.342164,-0.223694,0,-0.5,-0.5,0.7,-141.9,218.1,217.1,Tripod,Other,,22,5,True,,True,False,,Smart,RC,False,True,False,,,True,,False,False,False,False,False,False,False,False,False,False,0,Follow Yaw,-88.9,0,-149.4,210.6,False,False,False,False,False,,0,0,False,False,No Card,100,100,1024,1352,1206,1119,2,False,False,False,False,False,0,False,False,False,False,95,,47.688,,9591,,10044,,47.688,,True,3.973,3.973,3.973,3.973,3.973,3.973,3.973,3.973,3.973,3.973,3.973,3.973,0,,False,False,True,,,,,,,,,,,,,,,False,False,18.762,,81.1,,75.7,,81.1,,1803,44,3,16,7,142252.3,18966.98,,Idle,,20,,10,,,20,Go Home,False,False,False,False,False,False,False,False,False,False,False,False,33.8027920380556,-117.4659261431046,417.2,2972.0,1049.4,396.9,True,1,1,False,False,False,False,,True,False,False,Course Lock,196.8,67,16.4,93,NE,S,6.26,6.93,Calm,False,False,Android,7.0.2,M300 RTK,1ZN7L4R0H1D00F,1W9DL31001461C,1ZMLH8300204F0,1Z6PH74DAP0QN7,"Corona, CA",728.3,5.7,137.7,8.547347,2.013246,0,0,DJI Matrice 300 RTK,M300 RTK,1ZN7L4R0H1D00F,1W9DL31001461C,1ZMLH8300204F0,1Z6PH74DAP0QN7,DJI Pilot,Android,7.0.2,1EF72A62-B7C3-C88D-164E-CE6F8C8424AE,1ZN7L4R0H1D00F,1W9DL31001461C,,1ZMLH8300204F0,1W9DL31001461C,,,,,
2023-11-01,11:25:38.87 AM,1m 16.5s,76.5,33.8018780705336,-117.4667577861931,38.3,38.3,18.3,1302,431.8,5.729361,6.023145,-4.47388,0,-3.579104,1.342164,-0.223694,0,-0.6,0,0.6,-141.7,218.3,219.8,Tripod,Other,,22,5,True,,True,False,,Smart,RC,False,True,False,,,True,,False,False,False,False,False,False,False,False,False,False,0,Follow Yaw,-88.9,0,-149.2,210.8,False,False,False,False,False,,0,0,False,False,No Card,100,100,1024,1352,1206,1112,2,False,False,False,False,False,0,False,False,False,False,95,,47.688,,9591,,10044,,47.688,,True,3.973,3.973,3.973,3.973,3.973,3.973,3.973,3.973,3.973,3.973,3.973,3.973,0,,False,False,True,,,,,,,,,,,,,,,False,False,18.762,,81.1,,75.7,,81.1,,1803,44,3,16,7,142252.3,18966.98,,Idle,,20,,10,,,20,Go Home,False,False,False,False,False,False,False,False,False,False,False,False,33.8027920380556,-117.4659261431046,418.0,2972.0,1049.4,396.9,True,1,1,False,False,False,False,,True,False,False,Course Lock,196.8,67,16.4,93,NE,S,6.26,6.93,Calm,False,False,Android,7.0.2,M300 RTK,1ZN7L4R0H1D00F,1W9DL31001461C,1ZMLH8300204F0,1Z6PH74DAP0QN7,"Corona, CA",728.3,5.7,137.7,8.547347,2.013246,0,0,DJI Matrice 300 RTK,M300 RTK,1ZN7L4R0H1D00F,1W9DL31001461C,1ZMLH8300204F0,1Z6PH74DAP0QN7,DJI Pilot,Android,7.0.2,1EF72A62-B7C3-C88D-164E-CE6F8C8424AE,1ZN7L4R0H1D00F,1W9DL31001461C,,1ZMLH8300204F0,1W9DL31001461C,,,,,
2023-11-01,11:25:38.97 AM,1m 16.6s,76.6,33.8018761735597,-117.4667595285386,38.3,38.3,18.3,1302,432.7,5.729361,6.023145,-4.47388,0,-3.579104,1.342164,-0.223694,0,-0.6,0,0.6,-141.4,218.6,217.3,Tripod,Other,,22,5,True,,True,False,,Smart,RC,False,True,False,,,True,,False,False,False,False,False,False,False,False,False,False,0,Follow Yaw,-88.9,0,-149,211,False,False,False,False,False,,0,0,False,False,No Card,100,100,1024,1351,1207,1111,2,False,False,False,False,False,0,False,False,False,False,95,,47.688,,9591,,10044,,47.688,,True,3.973,3.973,3.973,3.973,3.973,3.973,3.973,3.973,3.973,3.973,3.973,3.973,0,,False,False,True,,,,,,,,,,,,,,,False,False,18.762,,81.1,,75.7,,81.1,,1803,44,3,16,7,142252.3,18966.98,,Idle,,20,,10,,,20,Go Home,False,False,False,False,False,False,False,False,False,False,False,False,33.8027920380556,-117.4659261431046,418.8,2972.0,1049.4,396.9,True,1,1,False,False,False,False,,True,False,False,Course Lock,196.8,67,16.4,93,NE,S,6.26,6.93,Calm,False,False,Android,7.0.2,M300 RTK,1ZN7L4R0H1D00F,1W9DL31001461C,1ZMLH8300204F0,1Z6PH74DAP0QN7,"Corona, CA",728.3,5.7,137.7,8.547347,2.013246,0,0,DJI Matrice 300 RTK,M300 RTK,1ZN7L4R0H1D00F,1W9DL31001461C,1ZMLH8300204F0,1Z6PH74DAP0QN7,DJI Pilot,Android,7.0.2,1EF72A62-B7C3-C88D-164E-CE6F8C8424AE,1ZN7L4R0H1D00F,1W9DL31001461C,,1ZMLH8300204F0,1W9DL31001461C,,,,,
2023-11-01,11:25:39.07 AM,1m 16.7s,76.7,33.8018739383103,-117.4667614575876,38.3,38.3,18.3,1302,433.7,5.729361,6.023145,-4.47388,0,-3.579104,1.342164,-0.223694,0,-0.6,0.1,0.6,-141.2,218.8,215.6,Tripod,Other,,22,5,True,,True,False,,Smart,RC,False,True,False,,,True,,False,False,False,False,False,False,False,False,False,False,0,Follow Yaw,-88.9,0,-148.9,211.1,False,False,False,False,False,,0,0,False,False,No Card,100,100,1024,1351,1218,1044,2,False,False,False,False,False,0,False,False,False,False,95,,47.688,,9591,,10044,,47.688,,True,3.973,3.973,3.973,3.973,3.973,3.973,3.973,3.973,3.973,3.973,3.973,3.973,0,,False,False,True,,,,,,,,,,,,,,,False,False,18.762,,81.1,,75.7,,81.1,,1803,44,3,16,7,142252.3,18966.98,,Idle,,20,,10,,,20,Go Home,False,False,False,False,False,False,False,False,False,False,False,False,33.8027920380556,-117.4659261431046,419.8,2972.0,1049.4,396.9,True,1,1,False,False,False,False,,True,False,False,Course Lock,196.8,67,16.4,93,NE,S,6.26,6.93,Calm,False,False,Android,7.0.2,M300 RTK,1ZN7L4R0H1D00F,1W9DL31001461C,1ZMLH8300204F0,1Z6PH74DAP0QN7,"Corona, CA",728.3,5.7,137.7,8.547347,2.013246,0,0,DJI Matrice 300 RTK,M300 RTK,1ZN7L4R0H1D00F,1W9DL31001461C,1ZMLH8300204F0,1Z6PH74DAP0QN7,DJI Pilot,Android,7.0.2,1EF72A62-B7C3-C88D-164E-CE6F8C8424AE,1ZN7L4R0H1D00F,1W9DL31001461C,,1ZMLH8300204F0,1W9DL31001461C,,,,,
2023-11-01,11:25:39.18 AM,1m 16.8s,76.8,33.8018720194061,-117.4667632250028,38.7,38.7,18.3,1302,434.6,5.729361,6.023145,-4.47388,0,-3.579104,1.342164,-0.223694,0,-0.5,0.3,0.5,-141,219,217.4,Tripod,Other,,22,5,True,,True,False,,Smart,RC,False,True,False,,,True,,False,False,False,False,False,False,False,False,False,False,0,Follow Yaw,-88.9,0,-148.8,211.2,False,False,False,False,False,,0,0,False,False,No Card,100,100,1024,1352,1219,1033,2,False,False,False,False,False,0,False,False,False,False,95,,47.688,,9591,,10044,,47.688,,True,3.973,3.973,3.973,3.973,3.973,3.973,3.973,3.973,3.973,3.973,3.973,3.973,0,,False,False,True,,,,,,,,,,,,,,,False,False,18.762,,81.1,,75.7,,81.1,,1803,44,3,16,7,142252.3,18966.98,,Idle,,20,,10,,,20,Go Home,False,False,False,False,False,False,False,False,False,False,False,False,33.8027920380556,-117.4659261431046,420.7,2972.0,1049.4,396.9,True,1,1,False,False,False,False,,True,False,False,Course Lock,196.8,67,16.4,93,NE,S,6.26,6.93,Calm,False,False,Android,7.0.2,M300 RTK,1ZN7L4R0H1D00F,1W9DL31001461C,1ZMLH8300204F0,1Z6PH74DAP0QN7,"Corona, CA",728.3,5.7,137.7,8.547347,2.013246,0,0,DJI Matrice 300 RTK,M300 RTK,1ZN7L4R0H1D00F,1W9DL31001461C,1ZMLH8300204F0,1Z6PH74DAP0QN7,DJI Pilot,Android,7.0.2,1EF72A62-B7C3-C88D-164E-CE6F8C8424AE,1ZN7L4R0H1D00F,1W9DL31001461C,,1ZMLH8300204F0,1W9DL31001461C,,,,,
2023-11-01,11:25:39.24 AM,1m 16.9s,76.9,33.8018703313186,-117.4667650531132,38.7,38.7,18.0,1302,435.4,5.729361,6.023145,-4.47388,0,-3.579104,1.342164,-0.223694,0,-0.4,0.2,0.4,-140.8,219.2,221.9,Tripod,Other,,22,5,True,,True,False,,Smart,RC,False,True,False,,,True,,False,False,False,False,False,False,False,False,False,False,0,Follow Yaw,-88.9,0,-148.8,211.2,False,False,False,False,False,,0,0,False,False,No Card,100,100,1024,1353,1204,1130,2,False,False,False,False,False,0,False,False,False,False,95,,47.688,,9591,,10044,,47.688,,True,3.973,3.973,3.973,3.973,3.973,3.973,3.973,3.973,3.973,3.973,3.973,3.973,0,,False,False,True,,,,,,,,,,,,,,,False,False,18.762,,81.1,,75.7,,81.1,,1803,44,3,16,7,142252.3,18966.98,,Idle,,20,,10,,,20,Go Home,False,False,False,False,False,False,False,False,False,False,False,False,33.8027920380556,-117.4659261431046,421.5,2972.0,1049.4,396.9,True,1,1,False,False,False,False,,True,False,False,Course Lock,196.8,67,16.4,93,NE,S,6.26,6.93,Calm,False,False,Android,7.0.2,M300 RTK,1ZN7L4R0H1D00F,1W9DL31001461C,1ZMLH8300204F0,1Z6PH74DAP0QN7,"Corona, CA",728.3,5.7,137.7,8.547347,2.013246,0,0,DJI Matrice 300 RTK,M300 RTK,1ZN7L4R0H1D00F,1W9DL31001461C,1ZMLH8300204F0,1Z6PH74DAP0QN7,DJI Pilot,Android,7.0.2,1EF72A62-B7C3-C88D-164E-CE6F8C8424AE,1ZN7L4R0H1D00F,1W9DL31001461C,,1ZMLH8300204F0,1W9DL31001461C,,,,,
2023-11-01,11:25:39.34 AM,1m 17.0s,77.0,33.8018684420203,-117.4667668449384,38.7,38.7,18.0,1302,436.3,5.729361,6.023145,-4.47388,0,-3.579104,1.342164,-0.223694,0,-0.3,0,0.3,-140.7,219.3,218.2,Tripod,Other,,22,5,True,,True,False,,Smart,RC,False,True,False,,,True,,False,False,False,False,False,False,False,False,False,False,0,Follow Yaw,-88.9,0,-148.7,211.3,False,False,False,False,False,,0,0,False,False,No Card,100,100,1024,1352,1190,1198,2,False,False,False,False,False,0,False,False,False,False,95,,47.7,,9591,,10044,,47.7,,True,3.973,3.973,3.973,3.973,3.973,3.973,3.973,3.973,3.973,3.973,3.973,3.973,0,,False,False,True,,,,,,,,,,,,,,,False,False,18.946,,81.1,,75.7,,81.1,,1803,44,3,16,7,142252.3,18966.98,,Idle,,20,,10,,,20,Go Home,False,False,False,False,False,False,False,False,False,False,False,False,33.8027920380556,-117.4659261431046,422.4,2972.0,1049.4,396.9,True,1,1,False,False,False,False,,True,False,False,Course Lock,196.8,67,16.4,93,NE,S,6.26,6.93,Calm,False,False,Android,7.0.2,M300 RTK,1ZN7L4R0H1D00F,1W9DL31001461C,1ZMLH8300204F0,1Z6PH74DAP0QN7,"Corona, CA",728.3,5.7,137.7,8.547347,2.013246,0,0,DJI Matrice 300 RTK,M300 RTK,1ZN7L4R0H1D00F,1W9DL31001461C,1ZMLH8300204F0,1Z6PH74DAP0QN7,DJI Pilot,Android,7.0.2,1EF72A62-B7C3-C88D-164E-CE6F8C8424AE,1ZN7L4R0H1D00F,1W9DL31001461C,,1ZMLH8300204F0,1W9DL31001461C,,,,,
2023-11-01,11:25:39.44 AM,1m 17.1s,77.1,33.80186640853,-117.4667688122516,38.7,38.7,18.3,1302,437.2,5.729361,6.023145,-4.47388,0,-3.579104,1.342164,-0.223694,0,-0.3,0.1,0.3,-140.6,219.4,218.7,Tripod,Other,,22,5,True,,True,False,,Smart,RC,False,True,False,,,True,,False,False,False,False,False,False,False,False,False,False,0,Follow Yaw,-88.9,0,-148.5,211.5,False,False,False,False,False,,0,0,False,False,No Card,100,100,1024,1351,1189,1199,2,False,False,False,False,False,0,False,False,False,False,95,,47.7,,9591,,10044,,47.7,,True,3.973,3.973,3.973,3.973,3.973,3.973,3.973,3.973,3.973,3.973,3.973,3.973,0,,False,False,True,,,,,,,,,,,,,,,False,False,18.946,,81.1,,75.7,,81.1,,1803,44,3,16,7,142252.3,18966.98,,Idle,,20,,10,,,20,Go Home,False,False,False,False,False,False,False,False,False,False,False,False,33.8027920380556,-117.4659261431046,423.4,2972.0,1049.4,396.9,True,1,1,False,False,False,False,,True,False,False,Course Lock,196.8,67,16.4,93,NE,S,6.26,6.93,Calm,False,False,Android,7.0.2,M300 RTK,1ZN7L4R0H1D00F,1W9DL31001461C,1ZMLH8300204F0,1Z6PH74DAP0QN7,"Corona, CA",728.3,5.7,137.7,8.547347,2.013246,0,0,DJI Matrice 300 RTK,M300 RTK,1ZN7L4R0H1D00F,1W9DL31001461C,1ZMLH8300204F0,1Z6PH74DAP0QN7,DJI Pilot,Android,7.0.2,1EF72A62-B7C3-C88D-164E-CE6F8C8424AE,1ZN7L4R0H1D00F,1W9DL31001461C,,1ZMLH8300204F0,1W9DL31001461C,,,,,
2023-11-01,11:25:39.54 AM,1m 17.2s,77.2,33.8018645175869,-117.4667706218896,38.7,38.7,18.3,1302,438.1,5.729361,6.023145,-4.47388,0,-3.579104,1.342164,-0.223694,0,-0.5,0.7,0.8,-140.5,219.5,218.4,Tripod,Other,,21,5,True,,True,False,,Smart,RC,False,True,False,,,True,,False,False,False,False,False,False,False,False,False,False,0,Follow Yaw,-88.9,0,-148.1,211.9,False,False,False,False,False,,0,0,False,False,No Card,100,100,1024,1352,1190,1180,2,False,False,False,False,False,0,False,False,False,False,95,,47.7,,9591,,10044,,47.7,,True,3.973,3.973,3.973,3.973,3.973,3.973,3.973,3.973,3.973,3.973,3.973,3.973,0,,False,False,True,,,,,,,,,,,,,,,False,False,18.946,,81.1,,75.7,,81.1,,1803,44,3,16,7,142252.3,18966.98,,Idle,,20,,10,,,20,Go Home,False,False,False,False,False,False,False,False,False,False,False,False,33.8027920380556,-117.4659261431046,424.3,2972.0,1049.4,396.9,True,1,1,False,False,False,False,,True,False,False,Course Lock,196.8,67,16.4,93,NE,S,6.26,6.93,Calm,False,False,Android,7.0.2,M300 RTK,1ZN7L4R0H1D00F,1W9DL31001461C,1ZMLH8300204F0,1Z6PH74DAP0QN7,"Corona, CA",728.3,5.7,137.7,8.547347,2.013246,0,0,DJI Matrice 300 RTK,M300 RTK,1ZN7L4R0H1D00F,1W9DL31001461C,1ZMLH8300204F0,1Z6PH74DAP0QN7,DJI Pilot,Android,7.0.2,1EF72A62-B7C3-C88D-164E-CE6F8C8424AE,1ZN7L4R0H1D00F,1W9DL31001461C,,1ZMLH8300204F0,1W9DL31001461C,,,,,
2023-11-01,11:25:39.64 AM,1m 17.3s,77.3,33.8018626622806,-117.4667723708324,38.7,38.7,18.3,1302,439.0,5.729361,6.023145,-4.47388,0,-3.579104,1.342164,-0.223694,0,-0.6,1,1.1,-140.4,219.6,218.0,Tripod,Other,,21,5,True,,True,False,,Smart,RC,False,True,False,,,True,,False,False,False,False,False,False,False,False,False,False,0,Follow Yaw,-88.9,0,-147.7,212.3,False,False,False,False,False,,0,0,False,False,No Card,100,100,1024,1354,1196,1147,2,False,False,False,False,False,0,False,False,False,False,95,,47.7,,9591,,10044,,47.7,,True,3.973,3.973,3.973,3.973,3.973,3.973,3.973,3.973,3.973,3.973,3.973,3.973,0,,False,False,True,,,,,,,,,,,,,,,False,False,18.946,,81.1,,75.7,,81.1,,1805,44,3,16,7,141842.2,18912.30,,Idle,,20,,10,,,20,Go Home,False,False,False,False,False,False,False,False,False,False,False,False,33.8027920380556,-117.4659261431046,425.1,2972.0,1049.4,396.9,True,1,1,False,False,False,False,,True,False,False,Course Lock,196.8,67,16.4,93,NE,S,6.26,6.93,Calm,False,False,Android,7.0.2,M300 RTK,1ZN7L4R0H1D00F,1W9DL31001461C,1ZMLH8300204F0,1Z6PH74DAP0QN7,"Corona, CA",728.3,5.7,137.7,8.547347,2.013246,0,0,DJI Matrice 300 RTK,M300 RTK,1ZN7L4R0H1D00F,1W9DL31001461C,1ZMLH8300204F0,1Z6PH74DAP0QN7,DJI Pilot,Android,7.0.2,1EF72A62-B7C3-C88D-164E-CE6F8C8424AE,1ZN7L4R0H1D00F,1W9DL31001461C,,1ZMLH8300204F0,1W9DL31001461C,,,,,
2023-11-01,11:25:39.74 AM,1m 17.4s,77.4,33.8018607954609,-117.4667742141165,39.0,39.0,18.3,1303,439.9,5.729361,6.023145,-4.47388,0,-3.579104,1.342164,-0.223694,0,-0.6,0.8,1,-140.2,219.8,219.3,Tripod,Other,,21,5,True,,True,False,,Smart,RC,False,True,False,,,True,,False,False,False,False,False,False,False,False,False,False,0,Follow Yaw,-88.9,0,-147.5,212.5,False,False,False,False,False,,0,0,False,False,No Card,100,100,1024,1353,1194,1181,2,False,False,False,False,False,0,False,False,False,False,95,,47.7,,9591,,10044,,47.7,,True,3.973,3.973,3.973,3.973,3.973,3.973,3.973,3.973,3.973,3.973,3.973,3.973,0,,False,False,True,,,,,,,,,,,,,,,False,False,18.946,,81.1,,75.7,,81.1,,1805,44,3,16,7,141842.2,18912.30,,Idle,,20,,10,,,20,Go Home,False,False,False,False,False,False,False,False,False,False,False,False,33.8027920380556,-117.4659261431046,426.0,2972.0,1049.4,396.9,True,1,1,False,False,False,False,,True,False,False,Course Lock,196.8,67,16.4,93,NE,S,6.26,6.93,Calm,False,False,Android,7.0.2,M300 RTK,1ZN7L4R0H1D00F,1W9DL31001461C,1ZMLH8300204F0,1Z6PH74DAP0QN7,"Corona, CA",728.3,5.7,137.7,8.547347,2.013246,0,0,DJI Matrice 300 RTK,M300 RTK,1ZN7L4R0H1D00F,1W9DL31001461C,1ZMLH8300204F0,1Z6PH74DAP0QN7,DJI Pilot,Android,7.0.2,1EF72A62-B7C3-C88D-164E-CE6F8C8424AE,1ZN7L4R0H1D00F,1W9DL31001461C,,1ZMLH8300204F0,1W9DL31001461C,,,,,
2023-11-01,11:25:39.84 AM,1m 17.5s,77.5,33.8018589269964,-117.4667761088596,39.0,39.0,18.3,1303,440.8,5.871701,6.023145,-4.47388,0,-3.802798,1.342164,-0.223694,0,-0.6,0.3,0.6,-140,220,220.1,Tripod,Other,,21,5,True,,True,False,,Smart,RC,False,True,False,,,True,,False,False,False,False,False,False,False,False,False,False,0,Follow Yaw,-88.9,0,-147.2,212.8,False,False,False,False,False,,0,0,False,False,No Card,100,100,1024,1351,1194,1182,2,False,False,False,False,False,0,False,False,False,False,95,,47.7,,9591,,10044,,47.7,,True,3.973,3.973,3.973,3.973,3.973,3.973,3.973,3.973,3.973,3.973,3.973,3.973,0,,False,False,True,,,,,,,,,,,,,,,False,False,18.946,,81.1,,75.7,,81.1,,1805,44,3,16,7,141842.2,18912.30,,Idle,,20,,10,,,20,Go Home,False,False,False,False,False,False,False,False,False,False,False,False,33.8027920380556,-117.4659261431046,426.9,2972.0,1049.4,396.9,True,1,1,False,False,False,False,,True,False,False,Course Lock,196.8,67,16.4,93,NE,S,6.26,6.93,Calm,False,False,Android,7.0.2,M300 RTK,1ZN7L4R0H1D00F,1W9DL31001461C,1ZMLH8300204F0,1Z6PH74DAP0QN7,"Corona, CA",728.3,5.7,137.7,8.547347,2.013246,0,0,DJI Matrice 300 RTK,M300 RTK,1ZN7L4R0H1D00F,1W9DL31001461C,1ZMLH8300204F0,1Z6PH74DAP0QN7,DJI Pilot,Android,7.0.2,1EF72A62-B7C3-C88D-164E-CE6F8C8424AE,1ZN7L4R0H1D00F,1W9DL31001461C,,1ZMLH8300204F0,1W9DL31001461C,,,,,
2023-11-01,11:25:39.94 AM,1m 17.6s,77.6,33.8018570678523,-117.4667779791926,39.0,39.0,18.3,1303,441.6,5.871701,6.023145,-4.47388,0,-3.802798,1.342164,-0.223694,0,-0.5,0.2,0.5,-139.7,220.3,219.8,Tripod,Other,,22,5,True,,True,False,,Smart,RC,False,True,False,,,True,,False,False,False,False,False,False,False,False,False,False,0,Follow Yaw,-88.9,0,-146.9,213.1,False,False,False,False,False,,0,0,False,False,No Card,100,100,1024,1351,1194,1176,2,False,False,False,False,False,0,False,False,False,False,95,,47.7,,9591,,10044,,47.7,,True,3.973,3.973,3.973,3.973,3.973,3.973,3.973,3.973,3.973,3.973,3.973,3.973,0,,False,False,True,,,,,,,,,,,,,,,False,False,18.946,,81.1,,75.7,,81.1,,1805,44,3,16,7,141842.2,18912.30,,Idle,,20,,10,,,20,Go Home,False,False,False,False,False,False,False,False,False,False,False,False,33.8027920380556,-117.4659261431046,427.8,2972.0,1049.4,396.9,True,1,1,False,False,False,False,,True,False,False,Course Lock,196.8,67,16.4,93,NE,S,6.26,6.93,Calm,False,False,Android,7.0.2,M300 RTK,1ZN7L4R0H1D00F,1W9DL31001461C,1ZMLH8300204F0,1Z6PH74DAP0QN7,"Corona, CA",728.3,5.7,137.7,8.547347,2.013246,0,0,DJI Matrice 300 RTK,M300 RTK,1ZN7L4R0H1D00F,1W9DL31001461C,1ZMLH8300204F0,1Z6PH74DAP0QN7,DJI Pilot,Android,7.0.2,1EF72A62-B7C3-C88D-164E-CE6F8C8424AE,1ZN7L4R0H1D00F,1W9DL31001461C,,1ZMLH8300204F0,1W9DL31001461C,,,,,
2023-11-01,11:25:40.04 AM,1m 17.7s,77.7,33.8018553134256,-117.4667798383102,39.0,39.0,18.0,1303,442.5,5.871701,6.023145,-4.47388,0,-3.802798,1.342164,-0.223694,0,-0.6,0.4,0.7,-139.4,220.6,221.3,Tripod,Other,,22,5,True,,True,False,,Smart,RC,False,True,False,,,True,,False,False,False,False,False,False,False,False,False,False,0,Follow Yaw,-88.9,0,-146.5,213.5,False,False,False,False,False,,0,0,False,False,No Card,100,100,1024,1350,1196,1174,2,False,False,False,False,False,0,False,False,False,False,95,,47.7,,9591,,10044,,47.7,,True,3.973,3.973,3.973,3.973,3.973,3.973,3.973,3.973,3.973,3.973,3.973,3.973,0,,False,False,True,,,,,,,,,,,,,,,False,False,18.946,,81.1,,75.7,,81.1,,1805,44,3,16,7,141842.2,18912.30,,Idle,,20,,10,,,20,Go Home,False,False,False,False,False,False,False,False,False,False,False,False,33.8027920380556,-117.4659261431046,428.6,2972.0,1049.4,396.9,True,1,1,False,False,False,False,,True,False,False,Course Lock,196.8,67,16.4,93,NE,S,6.26,6.93,Calm,False,False,Android,7.0.2,M300 RTK,1ZN7L4R0H1D00F,1W9DL31001461C,1ZMLH8300204F0,1Z6PH74DAP0QN7,"Corona, CA",728.3,5.7,137.7,8.547347,2.013246,0,0,DJI Matrice 300 RTK,M300 RTK,1ZN7L4R0H1D00F,1W9DL31001461C,1ZMLH8300204F0,1Z6PH74DAP0QN7,DJI Pilot,Android,7.0.2,1EF72A62-B7C3-C88D-164E-CE6F8C8424AE,1ZN7L4R0H1D00F,1W9DL31001461C,,1ZMLH8300204F0,1W9DL31001461C,,,,,
2023-11-01,11:25:40.14 AM,1m 17.8s,77.8,33.8018534712775,-117.4667817224976,39.0,39.0,18.0,1303,443.4,5.7031,6.023145,-4.250186,0,-3.802798,1.342164,-0.223694,0,-0.6,0.6,0.8,-139,221,220.3,Tripod,Other,,22,5,True,,True,False,,Smart,RC,False,True,False,,,True,,False,False,False,False,False,False,False,False,False,False,0,Follow Yaw,-88.9,0,-146.2,213.8,False,False,False,False,False,,0,0,False,False,No Card,100,100,1024,1349,1197,1175,2,False,False,False,False,False,0,False,False,False,False,96,,47.652,,4786,,4986,,47.652,,True,3.973,3.973,3.973,3.973,3.973,3.973,3.973,3.973,3.973,3.973,3.973,3.973,0,,False,False,True,,,,,,,,,,,,,,,False,False,9.076,,80.4,,75.7,,81.1,,1805,44,3,16,7,141842.2,18912.30,,Idle,,20,,10,,,20,Go Home,False,False,False,False,False,False,False,False,False,False,False,False,33.8027920380556,-117.4659261431046,429.5,2972.0,1049.4,396.9,True,1,1,False,False,False,False,,True,False,False,Course Lock,196.8,67,16.4,93,NE,S,6.26,6.93,Calm,False,False,Android,7.0.2,M300 RTK,1ZN7L4R0H1D00F,1W9DL31001461C,1ZMLH8300204F0,1Z6PH74DAP0QN7,"Corona, CA",728.3,5.7,137.7,8.547347,2.013246,0,0,DJI Matrice 300 RTK,M300 RTK,1ZN7L4R0H1D00F,1W9DL31001461C,1ZMLH8300204F0,1Z6PH74DAP0QN7,DJI Pilot,Android,7.0.2,1EF72A62-B7C3-C88D-164E-CE6F8C8424AE,1ZN7L4R0H1D00F,1W9DL31001461C,,1ZMLH8300204F0,1W9DL31001461C,,,,,
2023-11-01,11:25:40.24 AM,1m 17.9s,77.9,33.8018516461254,-117.4667836673801,39.0,39.0,18.0,1303,444.3,5.7031,6.023145,-4.250186,0,-3.802798,1.342164,-0.223694,0,-0.7,0.7,0.9,-138.6,221.4,221.5,Tripod,Other,,22,5,True,,True,False,,Smart,RC,False,True,False,,,True,,False,False,False,False,False,False,False,False,False,False,0,Follow Yaw,-88.9,0,-145.9,214.1,False,False,False,False,False,,0,0,False,False,No Card,100,100,1024,1351,1194,1188,2,False,False,False,False,False,0,False,False,False,False,96,,47.652,,4786,,4986,,47.652,,True,3.973,3.973,3.973,3.973,3.973,3.973,3.973,3.973,3.973,3.973,3.973,3.973,0,,False,False,True,,,,,,,,,,,,,,,False,False,9.076,,80.4,,75.7,,81.1,,1805,44,3,16,7,141842.2,18912.30,,Idle,,20,,10,,,20,Go Home,False,False,False,False,False,False,False,False,False,False,False,False,33.8027920380556,-117.4659261431046,430.4,2972.0,1049.4,396.9,True,1,1,False,False,False,False,,True,False,False,Course Lock,196.8,67,16.4,93,NE,S,6.26,6.93,Calm,False,False,Android,7.0.2,M300 RTK,1ZN7L4R0H1D00F,1W9DL31001461C,1ZMLH8300204F0,1Z6PH74DAP0QN7,"Corona, CA",728.3,5.7,137.7,8.547347,2.013246,0,0,DJI Matrice 300 RTK,M300 RTK,1ZN7L4R0H1D00F,1W9DL31001461C,1ZMLH8300204F0,1Z6PH74DAP0QN7,DJI Pilot,Android,7.0.2,1EF72A62-B7C3-C88D-164E-CE6F8C8424AE,1ZN7L4R0H1D00F,1W9DL31001461C,,1ZMLH8300204F0,1W9DL31001461C,,,,,
2023-11-01,11:25:40.34 AM,1m 18.0s,78.0,33.8018498149425,-117.4667855838942,39.0,39.0,18.3,1303,445.1,5.7031,6.023145,-4.250186,0,-3.802798,1.342164,-0.223694,0,-0.7,0.7,0.9,-138.2,221.8,221.0,Tripod,Other,,22,5,True,,True,False,,Smart,RC,False,True,False,,,True,,False,False,False,False,False,False,False,False,False,False,0,Follow Yaw,-88.9,0,-145.6,214.4,False,False,False,False,False,,0,0,False,False,No Card,100,100,1024,1352,1211,1075,2,False,False,False,False,False,0,False,False,False,False,95,,47.724,,9591,,10044,,47.724,,True,3.973,3.973,3.973,3.973,3.973,3.973,3.973,3.973,3.973,3.973,3.973,3.973,0,,False,False,True,,,,,,,,,,,,,,,False,False,18.582,,81.1,,75.7,,81.1,,1805,44,3,16,7,141842.2,18912.30,,Idle,,20,,10,,,20,Go Home,False,False,False,False,False,False,False,False,False,False,False,False,33.8027920380556,-117.4659261431046,431.3,2972.0,1049.4,396.9,True,1,1,False,False,False,False,,True,False,False,Course Lock,196.8,67,16.4,93,NE,S,6.26,6.93,Calm,False,False,Android,7.0.2,M300 RTK,1ZN7L4R0H1D00F,1W9DL31001461C,1ZMLH8300204F0,1Z6PH74DAP0QN7,"Corona, CA",728.3,5.7,137.7,8.547347,2.013246,0,0,DJI Matrice 300 RTK,M300 RTK,1ZN7L4R0H1D00F,1W9DL31001461C,1ZMLH8300204F0,1Z6PH74DAP0QN7,DJI Pilot,Android,7.0.2,1EF72A62-B7C3-C88D-164E-CE6F8C8424AE,1ZN7L4R0H1D00F,1W9DL31001461C,,1ZMLH8300204F0,1W9DL31001461C,,,,,
2023-11-01,11:25:40.40 AM,1m 18.1s,78.1,33.8018479865008,-117.4667875096446,39.3,39.3,18.0,1303,446.0,5.7031,6.023145,-4.250186,0,-3.802798,1.342164,-0.223694,0,-0.6,0.8,1,-137.8,222.2,221.1,Tripod,Other,,22,5,True,,True,False,,Smart,RC,False,True,False,,,True,,False,False,False,False,False,False,False,False,False,False,0,Follow Yaw,-88.9,0,-145.3,214.7,False,False,False,False,False,,0,0,False,False,No Card,100,100,1024,1352,1211,1075,2,False,False,False,False,False,0,False,False,False,False,95,,47.724,,9591,,10044,,47.724,,True,3.973,3.973,3.973,3.973,3.973,3.973,3.973,3.973,3.973,3.973,3.973,3.973,0,,False,False,True,,,,,,,,,,,,,,,False,False,18.582,,81.1,,75.7,,81.1,,1805,44,3,16,7,141842.2,18912.30,,Idle,,20,,10,,,20,Go Home,False,False,False,False,False,False,False,False,False,False,False,False,33.8027920380556,-117.4659261431046,432.1,2972.0,1049.4,396.9,True,1,1,False,False,False,False,,True,False,False,Course Lock,196.8,67,16.4,93,NE,S,6.03,6.93,Calm,False,False,Android,7.0.2,M300 RTK,1ZN7L4R0H1D00F,1W9DL31001461C,1ZMLH8300204F0,1Z6PH74DAP0QN7,"Corona, CA",728.3,5.7,137.7,8.547347,2.013246,0,0,DJI Matrice 300 RTK,M300 RTK,1ZN7L4R0H1D00F,1W9DL31001461C,1ZMLH8300204F0,1Z6PH74DAP0QN7,DJI Pilot,Android,7.0.2,1EF72A62-B7C3-C88D-164E-CE6F8C8424AE,1ZN7L4R0H1D00F,1W9DL31001461C,,1ZMLH8300204F0,1W9DL31001461C,,,,,
2023-11-01,11:25:40.51 AM,1m 18.2s,78.2,33.8018461690244,-117.4667894551868,39.3,39.3,18.0,1303,446.9,5.7031,6.023145,-4.250186,0,-3.802798,1.342164,-0.223694,0,-0.6,0.7,0.9,-137.4,222.6,221.6,Tripod,Other,,22,5,True,,True,False,,Smart,RC,False,True,False,,,True,,False,False,False,False,False,False,False,False,False,False,0,Follow Yaw,-88.9,0,-145.2,214.8,False,False,False,False,False,,0,0,False,False,No Card,100,100,1024,1350,1219,1040,2,False,False,False,False,False,0,False,False,False,False,95,,47.724,,9591,,10044,,47.724,,True,3.973,3.973,3.973,3.973,3.973,3.973,3.973,3.973,3.973,3.973,3.973,3.973,0,,False,False,True,,,,,,,,,,,,,,,False,False,18.582,,81.1,,75.7,,81.1,,1805,44,3,16,7,141842.2,18912.30,,Idle,,20,,10,,,20,Go Home,False,False,False,False,False,False,False,False,False,False,False,False,33.8027920380556,-117.4659261431046,433.0,2972.0,1049.4,396.9,True,1,1,False,False,False,False,,True,False,False,Course Lock,196.8,67,16.4,93,NE,S,6.03,6.93,Calm,False,False,Android,7.0.2,M300 RTK,1ZN7L4R0H1D00F,1W9DL31001461C,1ZMLH8300204F0,1Z6PH74DAP0QN7,"Corona, CA",728.3,5.7,137.7,8.547347,2.013246,0,0,DJI Matrice 300 RTK,M300 RTK,1ZN7L4R0H1D00F,1W9DL31001461C,1ZMLH8300204F0,1Z6PH74DAP0QN7,DJI Pilot,Android,7.0.2,1EF72A62-B7C3-C88D-164E-CE6F8C8424AE,1ZN7L4R0H1D00F,1W9DL31001461C,,1ZMLH8300204F0,1W9DL31001461C,,,,,
2023-11-01,11:25:40.64 AM,1m 18.3s,78.3,33.801844324135,-117.4667913842358,39.3,39.3,18.3,1303,447.8,5.7031,6.023145,-4.250186,0,-3.802798,1.342164,-0.223694,0,-0.6,0.5,0.7,-137.1,222.9,220.9,Tripod,Other,,22,5,True,,True,False,,Smart,RC,False,True,False,,,True,,False,False,False,False,False,False,False,False,False,False,0,Follow Yaw,-88.9,0,-145.2,214.8,False,False,False,False,False,,0,0,False,False,No Card,100,100,1024,1349,1227,1024,2,False,False,False,False,False,0,False,False,False,False,95,,47.724,,9591,,10044,,47.724,,True,3.976,3.976,3.976,3.976,3.976,3.976,3.976,3.976,3.976,3.976,3.976,3.976,0,,False,False,True,,,,,,,,,,,,,,,False,False,18.582,,81.1,,75.7,,81.1,,1807,44,4,16,7,141516.9,18868.92,,Idle,,20,,10,,,20,Go Home,False,False,False,False,False,False,False,False,False,False,False,False,33.8027920380556,-117.4659261431046,433.9,2972.0,1049.4,396.9,True,1,1,False,False,False,False,,True,False,False,Course Lock,196.8,67,16.4,93,NE,S,6.03,6.93,Calm,False,False,Android,7.0.2,M300 RTK,1ZN7L4R0H1D00F,1W9DL31001461C,1ZMLH8300204F0,1Z6PH74DAP0QN7,"Corona, CA",728.3,5.7,137.7,8.547347,2.013246,0,0,DJI Matrice 300 RTK,M300 RTK,1ZN7L4R0H1D00F,1W9DL31001461C,1ZMLH8300204F0,1Z6PH74DAP0QN7,DJI Pilot,Android,7.0.2,1EF72A62-B7C3-C88D-164E-CE6F8C8424AE,1ZN7L4R0H1D00F,1W9DL31001461C,,1ZMLH8300204F0,1W9DL31001461C,,,,,
2023-11-01,11:25:40.71 AM,1m 18.4s,78.4,33.8018425209132,-117.4667933594658,39.3,39.3,18.3,1303,448.7,5.854632,6.023145,-4.250186,0,-4.026492,1.342164,-0.223694,0,-0.6,0.3,0.6,-136.9,223.1,222.3,Tripod,Other,,22,5,True,,True,False,,Smart,RC,False,True,False,,,True,,False,False,False,False,False,False,False,False,False,False,0,Follow Yaw,-88.9,0,-145.1,214.9,False,False,False,False,False,,0,0,False,False,No Card,100,100,1024,1349,1229,1024,2,False,False,False,False,False,0,False,False,False,False,95,,47.724,,9591,,10044,,47.724,,True,3.976,3.976,3.976,3.976,3.976,3.976,3.976,3.976,3.976,3.976,3.976,3.976,0,,False,False,True,,,,,,,,,,,,,,,False,False,18.582,,81.1,,75.7,,81.1,,1807,44,4,16,7,141516.9,18868.92,,Idle,,20,,10,,,20,Go Home,False,False,False,False,False,False,False,False,False,False,False,False,33.8027920380556,-117.4659261431046,434.8,2972.0,1049.4,396.9,True,1,1,False,False,False,False,,True,False,False,Course Lock,196.8,67,16.4,93,NE,S,6.03,6.93,Calm,False,False,Android,7.0.2,M300 RTK,1ZN7L4R0H1D00F,1W9DL31001461C,1ZMLH8300204F0,1Z6PH74DAP0QN7,"Corona, CA",728.3,5.7,137.7,8.547347,2.013246,0,0,DJI Matrice 300 RTK,M300 RTK,1ZN7L4R0H1D00F,1W9DL31001461C,1ZMLH8300204F0,1Z6PH74DAP0QN7,DJI Pilot,Android,7.0.2,1EF72A62-B7C3-C88D-164E-CE6F8C8424AE,1ZN7L4R0H1D00F,1W9DL31001461C,,1ZMLH8300204F0,1W9DL31001461C,,,,,
2023-11-01,11:25:40.82 AM,1m 18.5s,78.5,33.8018406519005,-117.4667953973702,39.3,39.3,18.3,1303,449.6,5.854632,6.023145,-4.250186,0,-4.026492,1.342164,-0.223694,0,-0.5,0,0.5,-136.8,223.2,222.1,Tripod,Other,,22,5,True,,True,False,,Smart,RC,False,True,False,,,True,,False,False,False,False,False,False,False,False,False,False,0,Follow Yaw,-88.9,0,-145.1,214.9,False,False,False,False,False,,0,0,False,False,No Card,100,100,1024,1349,1229,1024,2,False,False,False,False,False,0,False,False,False,False,95,,47.724,,9591,,10044,,47.724,,True,3.976,3.976,3.976,3.976,3.976,3.976,3.976,3.976,3.976,3.976,3.976,3.976,0,,False,False,True,,,,,,,,,,,,,,,False,False,18.582,,81.1,,75.7,,81.1,,1807,44,4,16,7,141516.9,18868.92,,Idle,,20,,10,,,20,Go Home,False,False,False,False,False,False,False,False,False,False,False,False,33.8027920380556,-117.4659261431046,435.7,2972.0,1049.4,396.9,True,1,1,False,False,False,False,,True,False,False,Course Lock,196.8,67,16.4,93,NE,S,6.03,6.93,Calm,False,False,Android,7.0.2,M300 RTK,1ZN7L4R0H1D00F,1W9DL31001461C,1ZMLH8300204F0,1Z6PH74DAP0QN7,"Corona, CA",728.3,5.7,137.7,8.547347,2.013246,0,0,DJI Matrice 300 RTK,M300 RTK,1ZN7L4R0H1D00F,1W9DL31001461C,1ZMLH8300204F0,1Z6PH74DAP0QN7,DJI Pilot,Android,7.0.2,1EF72A62-B7C3-C88D-164E-CE6F8C8424AE,1ZN7L4R0H1D00F,1W9DL31001461C,,1ZMLH8300204F0,1W9DL31001461C,,,,,
2023-11-01,11:25:40.94 AM,1m 18.6s,78.6,33.8018388464857,-117.4667974036074,39.3,39.3,18.3,1303,450.5,5.854632,6.023145,-4.250186,0,-4.026492,1.342164,-0.223694,0,-0.3,-0.3,0.4,-136.8,223.2,222.7,Tripod,Other,,22,5,True,,True,False,,Smart,RC,False,True,False,,,True,,False,False,False,False,False,False,False,False,False,False,0,Follow Yaw,-88.9,0,-145.1,214.9,False,False,False,False,False,,0,0,False,False,No Card,100,100,1024,1348,1230,1024,2,False,False,False,False,False,0,False,False,False,False,95,,47.724,,9591,,10044,,47.724,,True,3.976,3.976,3.976,3.976,3.976,3.976,3.976,3.976,3.976,3.976,3.976,3.976,0,,False,False,True,,,,,,,,,,,,,,,False,False,18.582,,81.1,,75.7,,81.1,,1807,44,4,16,7,141516.9,18868.92,,Idle,,20,,10,,,20,Go Home,False,False,False,False,False,False,False,False,False,False,False,False,33.8027920380556,-117.4659261431046,436.6,2972.0,1049.4,396.9,True,1,1,False,False,False,False,,True,False,False,Course Lock,196.8,67,16.4,93,NE,S,6.03,6.93,Calm,False,False,Android,7.0.2,M300 RTK,1ZN7L4R0H1D00F,1W9DL31001461C,1ZMLH8300204F0,1Z6PH74DAP0QN7,"Corona, CA",728.3,5.7,137.7,8.547347,2.013246,0,0,DJI Matrice 300 RTK,M300 RTK,1ZN7L4R0H1D00F,1W9DL31001461C,1ZMLH8300204F0,1Z6PH74DAP0QN7,DJI Pilot,Android,7.0.2,1EF72A62-B7C3-C88D-164E-CE6F8C8424AE,1ZN7L4R0H1D00F,1W9DL31001461C,,1ZMLH8300204F0,1W9DL31001461C,,,,,
2023-11-01,11:25:41.02 AM,1m 18.7s,78.7,33.8018369544461,-117.4667993570664,39.6,39.6,18.0,1303,451.4,5.854632,6.023145,-4.250186,0,-4.026492,1.342164,-0.223694,0,-0.2,-0.4,0.4,-136.8,223.2,220.6,Tripod,Other,,22,5,True,,True,False,,Smart,RC,False,True,False,,,True,,False,False,False,False,False,False,False,False,False,False,0,Follow Yaw,-88.9,0,-145.1,214.9,False,False,False,False,False,,0,0,False,False,No Card,100,100,1024,1350,1232,1024,2,False,False,False,False,False,0,False,False,False,False,95,,47.724,,9591,,10044,,47.724,,True,3.976,3.976,3.976,3.976,3.976,3.976,3.976,3.976,3.976,3.976,3.976,3.976,0,,False,False,True,,,,,,,,,,,,,,,False,False,18.582,,81.1,,75.7,,81.1,,1807,44,4,16,7,141516.9,18868.92,,Idle,,20,,10,,,20,Go Home,False,False,False,False,False,False,False,False,False,False,False,False,33.8027920380556,-117.4659261431046,437.5,2972.0,1049.4,396.9,True,1,1,False,False,False,False,,True,False,False,Course Lock,196.8,67,16.4,93,NE,S,6.26,6.93,Calm,False,False,Android,7.0.2,M300 RTK,1ZN7L4R0H1D00F,1W9DL31001461C,1ZMLH8300204F0,1Z6PH74DAP0QN7,"Corona, CA",728.3,5.7,137.7,8.547347,2.013246,0,0,DJI Matrice 300 RTK,M300 RTK,1ZN7L4R0H1D00F,1W9DL31001461C,1ZMLH8300204F0,1Z6PH74DAP0QN7,DJI Pilot,Android,7.0.2,1EF72A62-B7C3-C88D-164E-CE6F8C8424AE,1ZN7L4R0H1D00F,1W9DL31001461C,,1ZMLH8300204F0,1W9DL31001461C,,,,,
2023-11-01,11:25:41.13 AM,1m 18.8s,78.8,33.8018351457418,-117.466801362644,39.6,39.6,18.0,1303,452.3,5.854632,6.023145,-4.250186,0,-4.026492,1.342164,-0.223694,0,-0.1,-0.3,0.3,-136.8,223.2,222.6,Tripod,Other,,22,5,True,,True,False,,Smart,RC,False,True,False,,,True,,False,False,False,False,False,False,False,False,False,False,0,Follow Yaw,-88.9,0,-145.1,214.9,False,False,False,False,False,,0,0,False,False,No Card,100,100,1024,1350,1230,1024,2,False,False,False,False,False,0,False,False,False,False,95,,47.724,,9591,,10044,,47.724,,True,3.976,3.976,3.976,3.976,3.976,3.976,3.976,3.976,3.976,3.976,3.976,3.976,0,,False,False,True,,,,,,,,,,,,,,,False,False,18.582,,81.1,,75.7,,81.1,,1807,44,4,16,7,141516.9,18868.92,,Idle,,20,,10,,,20,Go Home,False,False,False,False,False,False,False,False,False,False,False,False,33.8027920380556,-117.4659261431046,438.4,2972.0,1049.4,396.9,True,1,1,False,False,False,False,,True,False,False,Course Lock,196.8,67,16.4,93,NE,S,6.26,6.93,Calm,False,False,Android,7.0.2,M300 RTK,1ZN7L4R0H1D00F,1W9DL31001461C,1ZMLH8300204F0,1Z6PH74DAP0QN7,"Corona, CA",728.3,5.7,137.7,8.547347,2.013246,0,0,DJI Matrice 300 RTK,M300 RTK,1ZN7L4R0H1D00F,1W9DL31001461C,1ZMLH8300204F0,1Z6PH74DAP0QN7,DJI Pilot,Android,7.0.2,1EF72A62-B7C3-C88D-164E-CE6F8C8424AE,1ZN7L4R0H1D00F,1W9DL31001461C,,1ZMLH8300204F0,1W9DL31001461C,,,,,
2023-11-01,11:25:41.23 AM,1m 18.9s,78.9,33.8018335091905,-117.4668031643651,39.6,39.6,18.0,1303,453.1,5.854632,6.023145,-4.250186,0,-4.026492,1.342164,-0.223694,0,-0.1,0,0.1,-136.8,223.2,222.4,Tripod,Other,,22,5,True,,True,False,,Smart,RC,False,True,False,,,True,,False,False,False,False,False,False,False,False,False,False,0,Follow Yaw,-88.9,0,-145.1,214.9,False,False,False,False,False,,0,0,False,False,No Card,100,100,1024,1348,1230,1024,2,False,False,False,False,False,0,False,False,False,False,95,,47.664,,4736,,4986,,47.664,,True,3.976,3.976,3.976,3.976,3.976,3.976,3.976,3.976,3.976,3.976,3.976,3.976,0,,False,False,True,,,,,,,,,,,,,,,False,False,9.2,,80.4,,75.7,,81.1,,1807,44,4,16,7,141516.9,18868.92,,Idle,,20,,10,,,20,Go Home,False,False,False,False,False,False,False,False,False,False,False,False,33.8027920380556,-117.4659261431046,439.2,2972.0,1049.4,396.9,True,1,1,False,False,False,False,,True,False,False,Course Lock,196.8,67,16.4,93,NE,S,6.26,6.93,Calm,False,False,Android,7.0.2,M300 RTK,1ZN7L4R0H1D00F,1W9DL31001461C,1ZMLH8300204F0,1Z6PH74DAP0QN7,"Corona, CA",728.3,5.7,137.7,8.547347,2.013246,0,0,DJI Matrice 300 RTK,M300 RTK,1ZN7L4R0H1D00F,1W9DL31001461C,1ZMLH8300204F0,1Z6PH74DAP0QN7,DJI Pilot,Android,7.0.2,1EF72A62-B7C3-C88D-164E-CE6F8C8424AE,1ZN7L4R0H1D00F,1W9DL31001461C,,1ZMLH8300204F0,1W9DL31001461C,,,,,
2023-11-01,11:25:41.34 AM,1m 19.0s,79.0,33.8018317196752,-117.466805159387,39.6,39.6,18.0,1303,454.0,5.854632,6.023145,-4.250186,0,-4.026492,1.342164,-0.223694,0,0,0,0,-136.9,223.1,222.8,Tripod,Other,,22,5,True,,True,False,,Smart,RC,False,True,False,,,True,,False,False,False,False,False,False,False,False,False,False,0,Follow Yaw,-88.9,0,-145.1,214.9,False,False,False,False,False,,0,0,False,False,No Card,100,100,1024,1348,1231,1024,2,False,False,False,False,False,0,False,False,False,False,95,,47.676,,9541,,10044,,47.676,,True,3.976,3.976,3.976,3.976,3.976,3.976,3.976,3.976,3.976,3.976,3.976,3.976,0,,False,False,True,,,,,,,,,,,,,,,False,False,18.834,,81.3,,75.7,,81.3,,1807,44,4,16,7,141516.9,18868.92,,Idle,,20,,10,,,20,Go Home,False,False,False,False,False,False,False,False,False,False,False,False,33.8027920380556,-117.4659261431046,440.1,2972.0,1049.4,396.9,True,1,1,False,False,False,False,,True,False,False,Course Lock,196.8,67,16.4,93,NE,S,6.26,6.93,Calm,False,False,Android,7.0.2,M300 RTK,1ZN7L4R0H1D00F,1W9DL31001461C,1ZMLH8300204F0,1Z6PH74DAP0QN7,"Corona, CA",728.3,5.7,137.7,8.547347,2.013246,0,0,DJI Matrice 300 RTK,M300 RTK,1ZN7L4R0H1D00F,1W9DL31001461C,1ZMLH8300204F0,1Z6PH74DAP0QN7,DJI Pilot,Android,7.0.2,1EF72A62-B7C3-C88D-164E-CE6F8C8424AE,1ZN7L4R0H1D00F,1W9DL31001461C,,1ZMLH8300204F0,1W9DL31001461C,,,,,
2023-11-01,11:25:41.44 AM,1m 19.1s,79.1,33.8018296379383,-117.4668073549667,39.6,39.6,18.0,1303,455.0,5.854632,6.023145,-4.250186,0,-4.026492,1.342164,-0.223694,0,0,-0.3,0.3,-136.9,223.1,221.2,Tripod,Other,,22,5,True,,True,False,,Smart,RC,False,True,False,,,True,,False,False,False,False,False,False,False,False,False,False,0,Follow Yaw,-88.9,0,-145.1,214.9,False,False,False,False,False,,0,0,False,False,No Card,100,100,1024,1347,1231,1024,2,False,False,False,False,False,0,False,False,False,False,95,,47.676,,9541,,10044,,47.676,,True,3.976,3.976,3.976,3.976,3.976,3.976,3.976,3.976,3.976,3.976,3.976,3.976,0,,False,False,True,,,,,,,,,,,,,,,False,False,18.834,,81.3,,75.7,,81.3,,1807,44,4,16,7,141516.9,18868.92,,Idle,,20,,10,,,20,Go Home,False,False,False,False,False,False,False,False,False,False,False,False,33.8027920380556,-117.4659261431046,441.1,2972.0,1049.4,396.9,True,1,1,False,False,False,False,,True,False,False,Course Lock,196.8,67,16.4,93,NE,S,6.26,6.93,Calm,False,False,Android,7.0.2,M300 RTK,1ZN7L4R0H1D00F,1W9DL31001461C,1ZMLH8300204F0,1Z6PH74DAP0QN7,"Corona, CA",728.3,5.7,137.7,8.547347,2.013246,0,0,DJI Matrice 300 RTK,M300 RTK,1ZN7L4R0H1D00F,1W9DL31001461C,1ZMLH8300204F0,1Z6PH74DAP0QN7,DJI Pilot,Android,7.0.2,1EF72A62-B7C3-C88D-164E-CE6F8C8424AE,1ZN7L4R0H1D00F,1W9DL31001461C,,1ZMLH8300204F0,1W9DL31001461C,,,,,
2023-11-01,11:25:41.54 AM,1m 19.2s,79.2,33.8018278303304,-117.4668093737389,39.6,39.6,18.0,1303,455.9,5.854632,6.023145,-4.250186,0,-4.026492,1.342164,-0.223694,0,0,-0.7,0.7,-137,223,222.8,Tripod,Other,,22,5,True,,True,False,,Smart,RC,False,True,False,,,True,,False,False,False,False,False,False,False,False,False,False,0,Follow Yaw,-88.9,0,-145.1,214.9,False,False,False,False,False,,0,0,False,False,No Card,100,100,1024,1348,1215,1024,2,False,False,False,False,False,0,False,False,False,False,95,,47.676,,9541,,10044,,47.676,,True,3.976,3.976,3.976,3.976,3.976,3.976,3.976,3.976,3.976,3.976,3.976,3.976,0,,False,False,True,,,,,,,,,,,,,,,False,False,18.834,,81.3,,75.7,,81.3,,1807,44,4,16,7,141516.9,18868.92,,Idle,,20,,10,,,20,Go Home,False,False,False,False,False,False,False,False,False,False,False,False,33.8027920380556,-117.4659261431046,442.0,2972.0,1049.4,396.9,True,1,1,False,False,False,False,,True,False,False,Course Lock,196.8,67,16.4,93,NE,S,6.26,6.93,Calm,False,False,Android,7.0.2,M300 RTK,1ZN7L4R0H1D00F,1W9DL31001461C,1ZMLH8300204F0,1Z6PH74DAP0QN7,"Corona, CA",728.3,5.7,137.7,8.547347,2.013246,0,0,DJI Matrice 300 RTK,M300 RTK,1ZN7L4R0H1D00F,1W9DL31001461C,1ZMLH8300204F0,1Z6PH74DAP0QN7,DJI Pilot,Android,7.0.2,1EF72A62-B7C3-C88D-164E-CE6F8C8424AE,1ZN7L4R0H1D00F,1W9DL31001461C,,1ZMLH8300204F0,1W9DL31001461C,,,,,
2023-11-01,11:25:41.64 AM,1m 19.3s,79.3,33.8018260627455,-117.4668110553893,40.0,40.0,18.0,1304,456.8,5.854632,6.023145,-4.250186,0,-4.026492,1.342164,-0.223694,0,0,-1.1,1.1,-137.1,222.9,218.3,Tripod,Other,,22,5,True,,True,False,,Smart,RC,False,True,False,,,True,,False,False,False,False,False,False,False,False,False,False,0,Follow Yaw,-88.9,0,-145.1,214.9,False,False,False,False,False,,0,0,False,False,No Card,100,100,1024,1347,1189,1024,2,False,False,False,False,False,0,False,False,False,False,95,,47.676,,9541,,10044,,47.676,,True,3.973,3.973,3.973,3.973,3.973,3.973,3.973,3.973,3.973,3.973,3.973,3.973,0,,False,False,True,,,,,,,,,,,,,,,False,False,18.834,,81.3,,75.7,,81.3,,1810,44,4,16,7,141228.2,18830.42,,Idle,,20,,10,,,20,Go Home,False,False,False,False,False,False,False,False,False,False,False,False,33.8027920380556,-117.4659261431046,442.8,2972.0,1049.4,396.9,True,1,1,False,False,False,False,,True,False,False,Course Lock,196.8,67,16.4,93,NE,S,6.26,6.93,Calm,False,False,Android,7.0.2,M300 RTK,1ZN7L4R0H1D00F,1W9DL31001461C,1ZMLH8300204F0,1Z6PH74DAP0QN7,"Corona, CA",728.3,5.7,137.7,8.547347,2.013246,0,0,DJI Matrice 300 RTK,M300 RTK,1ZN7L4R0H1D00F,1W9DL31001461C,1ZMLH8300204F0,1Z6PH74DAP0QN7,DJI Pilot,Android,7.0.2,1EF72A62-B7C3-C88D-164E-CE6F8C8424AE,1ZN7L4R0H1D00F,1W9DL31001461C,,1ZMLH8300204F0,1W9DL31001461C,,,,,
2023-11-01,11:25:41.74 AM,1m 19.4s,79.4,33.8018242523964,-117.4668130306192,40.0,40.0,18.3,1304,457.6,5.854632,6.023145,-4.250186,0,-4.026492,1.342164,-0.223694,0,0,-1.1,1.1,-137.1,222.9,222.1,Tripod,Other,,22,5,True,,True,False,,Smart,RC,False,True,False,,,True,,False,False,False,False,False,False,False,False,False,False,0,Follow Yaw,-88.9,0,-145.1,214.9,False,False,False,False,False,,0,0,False,False,No Card,100,100,1024,1349,1149,1024,2,False,False,False,False,False,0,False,False,False,False,95,,47.676,,9541,,10044,,47.676,,True,3.973,3.973,3.973,3.973,3.973,3.973,3.973,3.973,3.973,3.973,3.973,3.973,0,,False,False,True,,,,,,,,,,,,,,,False,False,18.834,,81.3,,75.7,,81.3,,1810,44,4,16,7,141228.2,18830.42,,Idle,,20,,10,,,20,Go Home,False,False,False,False,False,False,False,False,False,False,False,False,33.8027920380556,-117.4659261431046,443.7,2972.0,1049.4,396.9,True,1,1,False,False,False,False,,True,False,False,Course Lock,196.8,67,16.4,93,NE,S,6.26,6.93,Calm,False,False,Android,7.0.2,M300 RTK,1ZN7L4R0H1D00F,1W9DL31001461C,1ZMLH8300204F0,1Z6PH74DAP0QN7,"Corona, CA",728.3,5.7,137.7,8.547347,2.013246,0,0,DJI Matrice 300 RTK,M300 RTK,1ZN7L4R0H1D00F,1W9DL31001461C,1ZMLH8300204F0,1Z6PH74DAP0QN7,DJI Pilot,Android,7.0.2,1EF72A62-B7C3-C88D-164E-CE6F8C8424AE,1ZN7L4R0H1D00F,1W9DL31001461C,,1ZMLH8300204F0,1W9DL31001461C,,,,,
2023-11-01,11:25:41.84 AM,1m 19.5s,79.5,33.8018223219787,-117.4668153304361,40.0,40.0,18.0,1304,458.6,5.854632,6.023145,-4.250186,0,-4.026492,1.342164,-0.223694,0,-0.1,-0.8,0.8,-137.1,222.9,224.7,Tripod,Other,,22,5,True,,True,False,,Smart,RC,False,True,False,,,True,,False,False,False,False,False,False,False,False,False,False,0,Follow Yaw,-88.9,0,-145.1,214.9,False,False,False,False,False,,0,0,False,False,No Card,100,100,1024,1350,1142,1024,2,False,False,False,False,False,0,False,False,False,False,95,,47.676,,9541,,10044,,47.676,,True,3.973,3.973,3.973,3.973,3.973,3.973,3.973,3.973,3.973,3.973,3.973,3.973,0,,False,False,True,,,,,,,,,,,,,,,False,False,18.834,,81.3,,75.7,,81.3,,1810,44,4,16,7,141228.2,18830.42,,Idle,,20,,10,,,20,Go Home,False,False,False,False,False,False,False,False,False,False,False,False,33.8027920380556,-117.4659261431046,444.7,2972.0,1049.4,396.9,True,1,1,False,False,False,False,,True,False,False,Course Lock,196.8,67,16.4,93,NE,S,6.26,6.93,Calm,False,False,Android,7.0.2,M300 RTK,1ZN7L4R0H1D00F,1W9DL31001461C,1ZMLH8300204F0,1Z6PH74DAP0QN7,"Corona, CA",728.3,5.7,137.7,8.547347,2.013246,0,0,DJI Matrice 300 RTK,M300 RTK,1ZN7L4R0H1D00F,1W9DL31001461C,1ZMLH8300204F0,1Z6PH74DAP0QN7,DJI Pilot,Android,7.0.2,1EF72A62-B7C3-C88D-164E-CE6F8C8424AE,1ZN7L4R0H1D00F,1W9DL31001461C,,1ZMLH8300204F0,1W9DL31001461C,,,,,
2023-11-01,11:25:41.94 AM,1m 19.6s,79.6,33.8018204924405,-117.4668173175412,40.0,40.0,18.0,1304,459.5,5.854632,6.023145,-4.250186,0,-4.026492,1.342164,-0.223694,0,-0.2,-0.6,0.6,-137.1,222.9,222.0,Tripod,Other,,22,5,True,,True,False,,Smart,RC,False,True,False,,,True,,False,False,False,False,False,False,False,False,False,False,0,Follow Yaw,-88.9,0,-145.1,214.9,False,False,False,False,False,,0,0,False,False,No Card,100,100,1024,1344,1143,1024,2,False,False,False,False,False,0,False,False,False,False,95,,47.676,,9541,,10044,,47.676,,True,3.973,3.973,3.973,3.973,3.973,3.973,3.973,3.973,3.973,3.973,3.973,3.973,0,,False,False,True,,,,,,,,,,,,,,,False,False,18.834,,81.3,,75.7,,81.3,,1810,44,4,16,7,141228.2,18830.42,,Idle,,20,,10,,,20,Go Home,False,False,False,False,False,False,False,False,False,False,False,False,33.8027920380556,-117.4659261431046,445.6,2972.0,1049.4,396.9,True,1,1,False,False,False,False,,True,False,False,Course Lock,196.8,67,16.4,93,NE,S,6.26,6.93,Calm,False,False,Android,7.0.2,M300 RTK,1ZN7L4R0H1D00F,1W9DL31001461C,1ZMLH8300204F0,1Z6PH74DAP0QN7,"Corona, CA",728.3,5.7,137.7,8.547347,2.013246,0,0,DJI Matrice 300 RTK,M300 RTK,1ZN7L4R0H1D00F,1W9DL31001461C,1ZMLH8300204F0,1Z6PH74DAP0QN7,DJI Pilot,Android,7.0.2,1EF72A62-B7C3-C88D-164E-CE6F8C8424AE,1ZN7L4R0H1D00F,1W9DL31001461C,,1ZMLH8300204F0,1W9DL31001461C,,,,,
2023-11-01,11:25:42.05 AM,1m 19.7s,79.7,33.8018187226625,-117.4668192320762,40.0,40.0,18.3,1304,460.4,5.854632,6.023145,-4.250186,0,-4.026492,1.342164,-0.223694,0,-0.3,-0.5,0.5,-137.2,222.8,221.9,Tripod,Other,,22,5,True,,True,False,,Smart,RC,False,True,False,,,True,,False,False,False,False,False,False,False,False,False,False,0,Follow Yaw,-88.9,0,-145.1,214.9,False,False,False,False,False,,0,0,False,False,No Card,100,100,1024,1344,1143,1024,2,False,False,False,False,False,0,False,False,False,False,95,,47.676,,9541,,10044,,47.676,,True,3.973,3.973,3.973,3.973,3.973,3.973,3.973,3.973,3.973,3.973,3.973,3.973,0,,False,False,True,,,,,,,,,,,,,,,False,False,18.834,,81.3,,75.7,,81.3,,1810,44,4,16,7,141228.2,18830.42,,Idle,,20,,10,,,20,Go Home,False,False,False,False,False,False,False,False,False,False,False,False,33.8027920380556,-117.4659261431046,446.5,2972.0,1049.4,396.9,True,1,1,False,False,False,False,,True,False,False,Course Lock,196.8,67,16.4,93,NE,S,6.26,6.93,Calm,False,False,Android,7.0.2,M300 RTK,1ZN7L4R0H1D00F,1W9DL31001461C,1ZMLH8300204F0,1Z6PH74DAP0QN7,"Corona, CA",728.3,5.7,137.7,8.547347,2.013246,0,0,DJI Matrice 300 RTK,M300 RTK,1ZN7L4R0H1D00F,1W9DL31001461C,1ZMLH8300204F0,1Z6PH74DAP0QN7,DJI Pilot,Android,7.0.2,1EF72A62-B7C3-C88D-164E-CE6F8C8424AE,1ZN7L4R0H1D00F,1W9DL31001461C,,1ZMLH8300204F0,1W9DL31001461C,,,,,
2023-11-01,11:25:42.15 AM,1m 19.8s,79.8,33.8018168936726,-117.4668212112645,40.0,40.0,18.0,1304,461.3,5.854632,6.023145,-4.250186,0,-4.026492,1.342164,-0.223694,0,-0.4,-0.4,0.5,-137.2,222.8,221.9,Tripod,Other,,22,5,True,,True,False,,Smart,RC,False,True,False,,,True,,False,False,False,False,False,False,False,False,False,False,0,Follow Yaw,-88.9,0,-145.1,214.9,False,False,False,False,False,,0,0,False,False,No Card,100,100,1024,1348,1148,1024,2,False,False,False,False,False,0,False,False,False,False,95,,47.676,,9541,,10044,,47.676,,True,3.973,3.973,3.973,3.973,3.973,3.973,3.973,3.973,3.973,3.973,3.973,3.973,0,,False,False,True,,,,,,,,,,,,,,,False,False,18.834,,81.3,,75.7,,81.3,,1810,44,4,16,7,141228.2,18830.42,,Idle,,20,,10,,,20,Go Home,False,False,False,False,False,False,False,False,False,False,False,False,33.8027920380556,-117.4659261431046,447.4,2972.0,1049.4,396.9,True,1,1,False,False,False,False,,True,False,False,Course Lock,196.8,67,16.4,93,NE,S,6.26,6.93,Calm,False,False,Android,7.0.2,M300 RTK,1ZN7L4R0H1D00F,1W9DL31001461C,1ZMLH8300204F0,1Z6PH74DAP0QN7,"Corona, CA",728.3,5.7,137.7,8.547347,2.013246,0,0,DJI Matrice 300 RTK,M300 RTK,1ZN7L4R0H1D00F,1W9DL31001461C,1ZMLH8300204F0,1Z6PH74DAP0QN7,DJI Pilot,Android,7.0.2,1EF72A62-B7C3-C88D-164E-CE6F8C8424AE,1ZN7L4R0H1D00F,1W9DL31001461C,,1ZMLH8300204F0,1W9DL31001461C,,,,,
2023-11-01,11:25:42.26 AM,1m 19.9s,79.9,33.8018152768588,-117.4668231970502,40.0,40.0,18.0,1304,462.1,5.854632,6.023145,-4.250186,0,-4.026492,1.342164,0,0,-0.5,-0.4,0.6,-137.2,222.8,225.5,Tripod,Other,,22,5,True,,True,False,,Smart,RC,False,True,False,,,True,,False,False,False,False,False,False,False,False,False,False,0,Follow Yaw,-88.9,0,-145.1,214.9,False,False,False,False,False,,0,0,False,False,No Card,100,100,1024,1349,1148,1024,2,False,False,False,False,False,0,False,False,False,False,95,,47.676,,9541,,10044,,47.676,,True,3.973,3.973,3.973,3.973,3.973,3.973,3.973,3.973,3.973,3.973,3.973,3.973,0,,False,False,True,,,,,,,,,,,,,,,False,False,18.834,,81.3,,75.7,,81.3,,1810,44,4,16,7,141228.2,18830.42,,Idle,,20,,10,,,20,Go Home,False,False,False,False,False,False,False,False,False,False,False,False,33.8027920380556,-117.4659261431046,448.2,2972.0,1049.4,396.9,True,1,1,False,False,False,False,,True,False,False,Course Lock,196.8,67,16.4,93,NE,S,6.26,6.93,Calm,False,False,Android,7.0.2,M300 RTK,1ZN7L4R0H1D00F,1W9DL31001461C,1ZMLH8300204F0,1Z6PH74DAP0QN7,"Corona, CA",728.3,5.7,137.7,8.547347,2.013246,0,0,DJI Matrice 300 RTK,M300 RTK,1ZN7L4R0H1D00F,1W9DL31001461C,1ZMLH8300204F0,1Z6PH74DAP0QN7,DJI Pilot,Android,7.0.2,1EF72A62-B7C3-C88D-164E-CE6F8C8424AE,1ZN7L4R0H1D00F,1W9DL31001461C,,1ZMLH8300204F0,1W9DL31001461C,,,,,
2023-11-01,11:25:42.36 AM,1m 20.0s,80.0,33.8018134676062,-117.4668251762386,40.0,40.0,18.0,1304,463.0,5.854632,6.023145,-4.250186,0,-4.026492,1.342164,0,0,-0.4,-0.5,0.6,-137.2,222.8,222.2,Tripod,Other,,22,5,True,,True,False,,Smart,RC,False,True,False,,,True,,False,False,False,False,False,False,False,False,False,False,0,Follow Yaw,-88.9,0,-145.1,214.9,False,False,False,False,False,,0,0,False,False,No Card,100,100,1024,1349,1150,1024,2,False,False,False,False,False,0,False,False,False,False,95,,47.7,,9541,,10044,,47.7,,True,3.973,3.973,3.973,3.973,3.973,3.973,3.973,3.973,3.973,3.973,3.973,3.973,0,,False,False,True,,,,,,,,,,,,,,,False,False,18.752,,81.3,,75.7,,81.3,,1810,44,4,16,7,141228.2,18830.42,,Idle,,20,,10,,,20,Go Home,False,False,False,False,False,False,False,False,False,False,False,False,33.8027920380556,-117.4659261431046,449.1,2972.0,1049.4,396.9,True,1,1,False,False,False,False,,True,False,False,Course Lock,196.8,67,16.4,93,NE,S,6.26,6.93,Calm,False,False,Android,7.0.2,M300 RTK,1ZN7L4R0H1D00F,1W9DL31001461C,1ZMLH8300204F0,1Z6PH74DAP0QN7,"Corona, CA",728.3,5.7,137.7,8.547347,2.013246,0,0,DJI Matrice 300 RTK,M300 RTK,1ZN7L4R0H1D00F,1W9DL31001461C,1ZMLH8300204F0,1Z6PH74DAP0QN7,DJI Pilot,Android,7.0.2,1EF72A62-B7C3-C88D-164E-CE6F8C8424AE,1ZN7L4R0H1D00F,1W9DL31001461C,,1ZMLH8300204F0,1W9DL31001461C,,,,,
2023-11-01,11:25:42.46 AM,1m 20.1s,80.1,33.8018116660292,-117.46682705053,40.3,40.3,18.0,1304,463.9,5.854632,6.023145,-4.250186,0,-4.026492,1.342164,0,0,-0.2,-0.6,0.6,-137.3,222.7,220.8,Tripod,Other,,22,5,True,,True,False,,Smart,RC,False,True,False,,,True,,False,False,False,False,False,False,False,False,False,False,0,Follow Yaw,-88.9,0,-145.1,214.9,False,False,False,False,False,,0,0,False,False,No Card,100,100,1024,1348,1160,1024,2,False,False,False,False,False,0,False,False,False,False,95,,47.7,,9541,,10044,,47.7,,True,3.973,3.973,3.973,3.973,3.973,3.973,3.973,3.973,3.973,3.973,3.973,3.973,0,,False,False,True,,,,,,,,,,,,,,,False,False,18.752,,81.3,,75.7,,81.3,,1810,44,4,16,7,141228.2,18830.42,,Idle,,20,,10,,,20,Go Home,False,False,False,False,False,False,False,False,False,False,False,False,33.8027920380556,-117.4659261431046,450.0,2972.0,1049.4,396.9,True,1,1,False,False,False,False,,True,False,False,Course Lock,196.8,67,16.4,93,NE,S,6.26,6.93,Calm,False,False,Android,7.0.2,M300 RTK,1ZN7L4R0H1D00F,1W9DL31001461C,1ZMLH8300204F0,1Z6PH74DAP0QN7,"Corona, CA",728.3,5.7,137.7,8.547347,2.013246,0,0,DJI Matrice 300 RTK,M300 RTK,1ZN7L4R0H1D00F,1W9DL31001461C,1ZMLH8300204F0,1Z6PH74DAP0QN7,DJI Pilot,Android,7.0.2,1EF72A62-B7C3-C88D-164E-CE6F8C8424AE,1ZN7L4R0H1D00F,1W9DL31001461C,,1ZMLH8300204F0,1W9DL31001461C,,,,,
2023-11-01,11:25:42.56 AM,1m 20.2s,80.2,33.801809853487,-117.466829015864,40.3,40.3,18.0,1304,464.8,5.854632,6.023145,-4.250186,0,-4.026492,1.342164,0,0,-0.1,-0.7,0.7,-137.3,222.7,222.0,Tripod,Other,,22,5,True,,True,False,,Smart,RC,False,True,False,,,True,,False,False,False,False,False,False,False,False,False,False,0,Follow Yaw,-88.9,0,-145.1,214.9,False,False,False,False,False,,0,0,False,False,No Card,100,100,1024,1346,1166,1024,2,False,False,False,False,False,0,False,False,False,False,95,,47.7,,9541,,10044,,47.7,,True,3.973,3.973,3.973,3.973,3.973,3.973,3.973,3.973,3.973,3.973,3.973,3.973,0,,False,False,True,,,,,,,,,,,,,,,False,False,18.752,,81.3,,75.7,,81.3,,1810,44,4,16,7,141228.2,18830.42,,Idle,,20,,10,,,20,Go Home,False,False,False,False,False,False,False,False,False,False,False,False,33.8027920380556,-117.4659261431046,450.8,2972.0,1049.4,396.9,True,1,1,False,False,False,False,,True,False,False,Course Lock,196.8,67,16.4,93,NE,S,6.03,6.93,Calm,False,False,Android,7.0.2,M300 RTK,1ZN7L4R0H1D00F,1W9DL31001461C,1ZMLH8300204F0,1Z6PH74DAP0QN7,"Corona, CA",728.3,5.7,137.7,8.547347,2.013246,0,0,DJI Matrice 300 RTK,M300 RTK,1ZN7L4R0H1D00F,1W9DL31001461C,1ZMLH8300204F0,1Z6PH74DAP0QN7,DJI Pilot,Android,7.0.2,1EF72A62-B7C3-C88D-164E-CE6F8C8424AE,1ZN7L4R0H1D00F,1W9DL31001461C,,1ZMLH8300204F0,1W9DL31001461C,,,,,
2023-11-01,11:25:42.67 AM,1m 20.3s,80.3,33.8018079225211,-117.4668312345342,40.3,40.3,18.0,1304,465.8,5.854632,6.023145,-4.250186,0,-4.026492,1.342164,0,0,-0.1,-0.8,0.8,-137.3,222.7,223.6,Tripod,Other,,22,5,True,,True,False,,Smart,RC,False,True,False,,,True,,False,False,False,False,False,False,False,False,False,False,0,Follow Yaw,-88.9,0,-145.1,214.9,False,False,False,False,False,,0,0,False,False,No Card,100,100,1024,1344,1168,1024,2,False,False,False,False,False,0,False,False,False,False,95,,47.7,,9541,,10044,,47.7,,True,3.972,3.972,3.972,3.972,3.972,3.972,3.972,3.972,3.972,3.972,3.972,3.972,0,,False,False,True,,,,,,,,,,,,,,,False,False,18.752,,81.3,,75.7,,81.3,,1811,45,4,16,7,140994.8,18799.31,,Idle,,20,,10,,,20,Go Home,False,False,False,False,False,False,False,False,False,False,False,False,33.8027920380556,-117.4659261431046,451.8,2972.0,1049.4,396.9,True,1,1,False,False,False,False,,True,False,False,Course Lock,196.8,67,16.4,93,NE,S,6.03,6.93,Calm,False,False,Android,7.0.2,M300 RTK,1ZN7L4R0H1D00F,1W9DL31001461C,1ZMLH8300204F0,1Z6PH74DAP0QN7,"Corona, CA",728.3,5.7,137.7,8.547347,2.013246,0,0,DJI Matrice 300 RTK,M300 RTK,1ZN7L4R0H1D00F,1W9DL31001461C,1ZMLH8300204F0,1Z6PH74DAP0QN7,DJI Pilot,Android,7.0.2,1EF72A62-B7C3-C88D-164E-CE6F8C8424AE,1ZN7L4R0H1D00F,1W9DL31001461C,,1ZMLH8300204F0,1W9DL31001461C,,,,,
2023-11-01,11:25:42.77 AM,1m 20.4s,80.4,33.8018060907899,-117.4668332130628,40.3,40.3,18.0,1304,466.7,5.854632,6.023145,-4.250186,0,-4.026492,1.342164,0,0,-0.3,-0.7,0.7,-137.2,222.8,221.9,Tripod,Other,,22,5,True,,True,False,,Smart,RC,False,True,False,,,True,,False,False,False,False,False,False,False,False,False,False,0,Follow Yaw,-88.9,0,-145.1,214.9,False,False,False,False,False,,0,0,False,False,No Card,100,100,1024,1345,1168,1024,2,False,False,False,False,False,0,False,False,False,False,95,,47.7,,9541,,10044,,47.7,,True,3.972,3.972,3.972,3.972,3.972,3.972,3.972,3.972,3.972,3.972,3.972,3.972,0,,False,False,True,,,,,,,,,,,,,,,False,False,18.752,,81.3,,75.7,,81.3,,1811,45,4,16,7,140994.8,18799.31,,Idle,,20,,10,,,20,Go Home,False,False,False,False,False,False,False,False,False,False,False,False,33.8027920380556,-117.4659261431046,452.7,2972.0,1049.4,396.9,True,1,1,False,False,False,False,,True,False,False,Course Lock,196.8,67,16.4,93,NE,S,6.03,6.93,Calm,False,False,Android,7.0.2,M300 RTK,1ZN7L4R0H1D00F,1W9DL31001461C,1ZMLH8300204F0,1Z6PH74DAP0QN7,"Corona, CA",728.3,5.7,137.7,8.547347,2.013246,0,0,DJI Matrice 300 RTK,M300 RTK,1ZN7L4R0H1D00F,1W9DL31001461C,1ZMLH8300204F0,1Z6PH74DAP0QN7,DJI Pilot,Android,7.0.2,1EF72A62-B7C3-C88D-164E-CE6F8C8424AE,1ZN7L4R0H1D00F,1W9DL31001461C,,1ZMLH8300204F0,1W9DL31001461C,,,,,
2023-11-01,11:25:42.87 AM,1m 20.5s,80.5,33.8018043193671,-117.4668352107237,40.3,40.3,17.7,1304,467.6,5.854632,6.023145,-4.250186,0,-4.026492,1.342164,0,0,-0.4,-0.4,0.5,-137.1,222.9,223.1,Tripod,Other,,22,5,True,,True,False,,Smart,RC,False,True,False,,,True,,False,False,False,False,False,False,False,False,False,False,0,Follow Yaw,-88.9,0,-145.1,214.9,False,False,False,False,False,,0,0,False,False,No Card,100,100,1024,1348,1167,1024,2,False,False,False,False,False,0,False,False,False,False,95,,47.7,,9541,,10044,,47.7,,True,3.972,3.972,3.972,3.972,3.972,3.972,3.972,3.972,3.972,3.972,3.972,3.972,0,,False,False,True,,,,,,,,,,,,,,,False,False,18.752,,81.3,,75.7,,81.3,,1811,45,4,16,7,140994.8,18799.31,,Idle,,20,,10,,,20,Go Home,False,False,False,False,False,False,False,False,False,False,False,False,33.8027920380556,-117.4659261431046,453.6,2972.0,1049.4,396.9,True,1,1,False,False,False,False,,True,False,False,Course Lock,196.8,67,16.4,93,NE,S,6.03,6.93,Calm,False,False,Android,7.0.2,M300 RTK,1ZN7L4R0H1D00F,1W9DL31001461C,1ZMLH8300204F0,1Z6PH74DAP0QN7,"Corona, CA",728.3,5.7,137.7,8.547347,2.013246,0,0,DJI Matrice 300 RTK,M300 RTK,1ZN7L4R0H1D00F,1W9DL31001461C,1ZMLH8300204F0,1Z6PH74DAP0QN7,DJI Pilot,Android,7.0.2,1EF72A62-B7C3-C88D-164E-CE6F8C8424AE,1ZN7L4R0H1D00F,1W9DL31001461C,,1ZMLH8300204F0,1W9DL31001461C,,,,,
2023-11-01,11:25:42.94 AM,1m 20.6s,80.6,33.8018024881842,-117.4668371971691,40.3,40.3,17.7,1304,468.5,5.854632,6.023145,-4.250186,0,-4.026492,1.342164,0,0,-0.4,-0.3,0.5,-137.1,222.9,222.0,Tripod,Other,,22,5,True,,True,False,,Smart,RC,False,True,False,,,True,,False,False,False,False,False,False,False,False,False,False,0,Follow Yaw,-88.9,0,-145.1,214.9,False,False,False,False,False,,0,0,False,False,No Card,100,100,1024,1347,1168,1024,2,False,False,False,False,False,0,False,False,False,False,95,,47.7,,9541,,10044,,47.7,,True,3.972,3.972,3.972,3.972,3.972,3.972,3.972,3.972,3.972,3.972,3.972,3.972,0,,False,False,True,,,,,,,,,,,,,,,False,False,18.752,,81.3,,75.7,,81.3,,1811,45,4,16,7,140994.8,18799.31,,Idle,,20,,10,,,20,Go Home,False,False,False,False,False,False,False,False,False,False,False,False,33.8027920380556,-117.4659261431046,454.5,2972.0,1049.4,396.9,True,1,1,False,False,False,False,,True,False,False,Course Lock,196.8,67,16.4,93,NE,S,6.03,6.93,Calm,False,False,Android,7.0.2,M300 RTK,1ZN7L4R0H1D00F,1W9DL31001461C,1ZMLH8300204F0,1Z6PH74DAP0QN7,"Corona, CA",728.3,5.7,137.7,8.547347,2.013246,0,0,DJI Matrice 300 RTK,M300 RTK,1ZN7L4R0H1D00F,1W9DL31001461C,1ZMLH8300204F0,1Z6PH74DAP0QN7,DJI Pilot,Android,7.0.2,1EF72A62-B7C3-C88D-164E-CE6F8C8424AE,1ZN7L4R0H1D00F,1W9DL31001461C,,1ZMLH8300204F0,1W9DL31001461C,,,,,
2023-11-01,11:25:43.04 AM,1m 20.7s,80.7,33.8018004042542,-117.4668392198996,40.3,40.3,17.7,1304,469.4,5.854632,6.023145,-4.250186,0,-4.026492,1.342164,0,0,-0.3,-0.4,0.5,-137.2,222.8,218.8,Tripod,Other,,22,5,True,,True,False,,Smart,RC,False,True,False,,,True,,False,False,False,False,False,False,False,False,False,False,0,Follow Yaw,-88.9,0,-145.1,214.9,False,False,False,False,False,,0,0,False,False,No Card,100,100,1024,1352,1163,1024,2,False,False,False,False,False,0,False,False,False,False,95,,47.664,,4736,,4986,,47.664,,True,3.972,3.972,3.972,3.972,3.972,3.972,3.972,3.972,3.972,3.972,3.972,3.972,0,,False,False,True,,,,,,,,,,,,,,,False,False,9.158,,80.4,,75.7,,81.3,,1811,45,4,16,7,140994.8,18799.31,,Idle,,20,,10,,,20,Go Home,False,False,False,False,False,False,False,False,False,False,False,False,33.8027920380556,-117.4659261431046,455.5,2972.0,1049.4,396.9,True,1,1,False,False,False,False,,True,False,False,Course Lock,196.8,67,16.4,93,NE,S,6.03,6.93,Calm,False,False,Android,7.0.2,M300 RTK,1ZN7L4R0H1D00F,1W9DL31001461C,1ZMLH8300204F0,1Z6PH74DAP0QN7,"Corona, CA",728.3,5.7,137.7,8.547347,2.013246,0,0,DJI Matrice 300 RTK,M300 RTK,1ZN7L4R0H1D00F,1W9DL31001461C,1ZMLH8300204F0,1Z6PH74DAP0QN7,DJI Pilot,Android,7.0.2,1EF72A62-B7C3-C88D-164E-CE6F8C8424AE,1ZN7L4R0H1D00F,1W9DL31001461C,,1ZMLH8300204F0,1W9DL31001461C,,,,,
2023-11-01,11:25:43.14 AM,1m 20.8s,80.8,33.8017985527857,-117.4668412188799,40.3,40.3,17.7,1304,470.3,5.854632,6.023145,-4.250186,0,-4.026492,1.342164,0,0,-0.1,-0.5,0.5,-137.1,222.9,221.8,Tripod,Other,,22,5,True,,True,False,,Smart,RC,False,True,False,,,True,,False,False,False,False,False,False,False,False,False,False,0,Follow Yaw,-88.9,0,-145.1,214.9,False,False,False,False,False,,0,0,False,False,No Card,100,100,1024,1350,1165,1024,2,False,False,False,False,False,0,False,False,False,False,95,,47.664,,4736,,4986,,47.664,,True,3.972,3.972,3.972,3.972,3.972,3.972,3.972,3.972,3.972,3.972,3.972,3.972,0,,False,False,True,,,,,,,,,,,,,,,False,False,9.158,,80.4,,75.7,,81.3,,1811,45,4,16,7,140994.8,18799.31,,Idle,,20,,10,,,20,Go Home,False,False,False,False,False,False,False,False,False,False,False,False,33.8027920380556,-117.4659261431046,456.4,2972.0,1049.4,396.9,True,1,1,False,False,False,False,,True,False,False,Course Lock,196.8,67,16.4,93,NE,S,6.03,6.93,Calm,False,False,Android,7.0.2,M300 RTK,1ZN7L4R0H1D00F,1W9DL31001461C,1ZMLH8300204F0,1Z6PH74DAP0QN7,"Corona, CA",728.3,5.7,137.7,8.547347,2.013246,0,0,DJI Matrice 300 RTK,M300 RTK,1ZN7L4R0H1D00F,1W9DL31001461C,1ZMLH8300204F0,1Z6PH74DAP0QN7,DJI Pilot,Android,7.0.2,1EF72A62-B7C3-C88D-164E-CE6F8C8424AE,1ZN7L4R0H1D00F,1W9DL31001461C,,1ZMLH8300204F0,1W9DL31001461C,,,,,
2023-11-01,11:25:43.24 AM,1m 20.9s,80.9,33.801796853733,-117.4668432917499,40.3,40.3,17.7,1304,471.2,5.854632,6.023145,-4.250186,0,-4.026492,1.342164,0,0,0,-0.6,0.6,-137,223,225.3,Tripod,Other,,22,5,True,,True,False,,Smart,RC,False,True,False,,,True,,False,False,False,False,False,False,False,False,False,False,0,Follow Yaw,-88.9,0,-145.1,214.9,False,False,False,False,False,,0,0,False,False,No Card,100,100,1024,1349,1167,1024,2,False,False,False,False,False,0,False,False,False,False,95,,47.664,,4736,,4986,,47.664,,True,3.972,3.972,3.972,3.972,3.972,3.972,3.972,3.972,3.972,3.972,3.972,3.972,0,,False,False,True,,,,,,,,,,,,,,,False,False,9.158,,80.4,,75.7,,81.3,,1811,45,4,16,7,140994.8,18799.31,,Idle,,20,,10,,,20,Go Home,False,False,False,False,False,False,False,False,False,False,False,False,33.8027920380556,-117.4659261431046,457.2,2972.0,1049.4,396.9,True,1,1,False,False,False,False,,True,False,False,Course Lock,196.8,67,16.4,93,NE,S,6.03,6.93,Calm,False,False,Android,7.0.2,M300 RTK,1ZN7L4R0H1D00F,1W9DL31001461C,1ZMLH8300204F0,1Z6PH74DAP0QN7,"Corona, CA",728.3,5.7,137.7,8.547347,2.013246,0,0,DJI Matrice 300 RTK,M300 RTK,1ZN7L4R0H1D00F,1W9DL31001461C,1ZMLH8300204F0,1Z6PH74DAP0QN7,DJI Pilot,Android,7.0.2,1EF72A62-B7C3-C88D-164E-CE6F8C8424AE,1ZN7L4R0H1D00F,1W9DL31001461C,,1ZMLH8300204F0,1W9DL31001461C,,,,,
2023-11-01,11:25:43.34 AM,1m 21.0s,81.0,33.8017950220018,-117.4668452973274,40.3,40.3,17.7,1304,472.1,5.854632,6.023145,-4.250186,0,-4.026492,1.342164,0,0,-0.2,-0.6,0.6,-137,223,222.2,Tripod,Other,,22,5,True,,True,False,,Smart,RC,False,True,False,,,True,,False,False,False,False,False,False,False,False,False,False,0,Follow Yaw,-88.9,0,-145.1,214.9,False,False,False,False,False,,0,0,False,False,No Card,100,100,1024,1351,1167,1024,2,False,False,False,False,False,0,False,False,False,False,95,,47.688,,9541,,10044,,47.688,,True,3.972,3.972,3.972,3.972,3.972,3.972,3.972,3.972,3.972,3.972,3.972,3.972,0,,False,False,True,,,,,,,,,,,,,,,False,False,18.798,,81.5,,75.7,,81.5,,1811,45,4,16,7,140994.8,18799.31,,Idle,,20,,10,,,20,Go Home,False,False,False,False,False,False,False,False,False,False,False,False,33.8027920380556,-117.4659261431046,458.1,2972.0,1049.4,396.9,True,1,1,False,False,False,False,,True,False,False,Course Lock,196.8,67,16.4,93,NE,S,6.03,6.93,Calm,False,False,Android,7.0.2,M300 RTK,1ZN7L4R0H1D00F,1W9DL31001461C,1ZMLH8300204F0,1Z6PH74DAP0QN7,"Corona, CA",728.3,5.7,137.7,8.547347,2.013246,0,0,DJI Matrice 300 RTK,M300 RTK,1ZN7L4R0H1D00F,1W9DL31001461C,1ZMLH8300204F0,1Z6PH74DAP0QN7,DJI Pilot,Android,7.0.2,1EF72A62-B7C3-C88D-164E-CE6F8C8424AE,1ZN7L4R0H1D00F,1W9DL31001461C,,1ZMLH8300204F0,1W9DL31001461C,,,,,
2023-11-01,11:25:43.44 AM,1m 21.1s,81.1,33.8017931606647,-117.4668471452297,40.3,40.3,17.7,1304,473.0,5.854632,6.023145,-4.250186,0,-4.026492,1.342164,0,0,-0.3,-0.6,0.6,-136.9,223.1,219.5,Tripod,Other,,22,5,True,,True,False,,Smart,RC,False,True,False,,,True,,False,False,False,False,False,False,False,False,False,False,0,Follow Yaw,-88.9,0,-145.1,214.9,False,False,False,False,False,,0,0,False,False,No Card,100,100,1024,1351,1167,1024,2,False,False,False,False,False,0,False,False,False,False,95,,47.688,,9541,,10044,,47.688,,True,3.972,3.972,3.972,3.972,3.972,3.972,3.972,3.972,3.972,3.972,3.972,3.972,0,,False,False,True,,,,,,,,,,,,,,,False,False,18.798,,81.5,,75.7,,81.5,,1811,45,4,16,7,140994.8,18799.31,,Idle,,20,,10,,,20,Go Home,False,False,False,False,False,False,False,False,False,False,False,False,33.8027920380556,-117.4659261431046,459.0,2972.0,1049.4,396.9,True,1,1,False,False,False,False,,True,False,False,Course Lock,196.8,67,16.4,93,NE,S,6.03,6.93,Calm,False,False,Android,7.0.2,M300 RTK,1ZN7L4R0H1D00F,1W9DL31001461C,1ZMLH8300204F0,1Z6PH74DAP0QN7,"Corona, CA",728.3,5.7,137.7,8.547347,2.013246,0,0,DJI Matrice 300 RTK,M300 RTK,1ZN7L4R0H1D00F,1W9DL31001461C,1ZMLH8300204F0,1Z6PH74DAP0QN7,DJI Pilot,Android,7.0.2,1EF72A62-B7C3-C88D-164E-CE6F8C8424AE,1ZN7L4R0H1D00F,1W9DL31001461C,,1ZMLH8300204F0,1W9DL31001461C,,,,,
2023-11-01,11:25:43.54 AM,1m 21.2s,81.2,33.8017913294818,-117.4668491376126,40.3,40.3,17.7,1304,473.9,5.854632,6.023145,-4.250186,0,-4.026492,1.342164,0,0,-0.2,-0.6,0.6,-136.8,223.2,222.1,Tripod,Other,,22,5,True,,True,False,,Smart,RC,False,True,False,,,True,,False,False,False,False,False,False,False,False,False,False,0,Follow Yaw,-88.9,0,-145.1,214.9,False,False,False,False,False,,0,0,False,False,No Card,100,100,1024,1351,1167,1024,2,False,False,False,False,False,0,False,False,False,False,95,,47.688,,9541,,10044,,47.688,,True,3.972,3.972,3.972,3.972,3.972,3.972,3.972,3.972,3.972,3.972,3.972,3.972,0,,False,False,True,,,,,,,,,,,,,,,False,False,18.798,,81.5,,75.7,,81.5,,1811,45,4,16,7,140994.8,18799.31,,Idle,,20,,10,,,20,Go Home,False,False,False,False,False,False,False,False,False,False,False,False,33.8027920380556,-117.4659261431046,459.9,2972.0,1049.4,396.9,True,1,1,False,False,False,False,,True,False,False,Course Lock,196.8,67,16.4,93,NE,S,6.03,6.93,Calm,False,False,Android,7.0.2,M300 RTK,1ZN7L4R0H1D00F,1W9DL31001461C,1ZMLH8300204F0,1Z6PH74DAP0QN7,"Corona, CA",728.3,5.7,137.7,8.547347,2.013246,0,0,DJI Matrice 300 RTK,M300 RTK,1ZN7L4R0H1D00F,1W9DL31001461C,1ZMLH8300204F0,1Z6PH74DAP0QN7,DJI Pilot,Android,7.0.2,1EF72A62-B7C3-C88D-164E-CE6F8C8424AE,1ZN7L4R0H1D00F,1W9DL31001461C,,1ZMLH8300204F0,1W9DL31001461C,,,,,
2023-11-01,11:25:43.64 AM,1m 21.3s,81.3,33.8017895953406,-117.4668514928469,40.3,40.3,17.7,1304,474.9,5.854632,6.023145,-4.250186,0,-4.026492,1.342164,0,0,-0.2,-0.7,0.7,-136.8,223.2,228.4,Tripod,Other,,22,5,True,,True,False,,Smart,RC,False,True,False,,,True,,False,False,False,False,False,False,False,False,False,False,0,Follow Yaw,-88.9,0,-145.1,214.9,False,False,False,False,False,,0,0,False,False,No Card,100,100,1024,1351,1166,1024,2,False,False,False,False,False,0,False,False,False,False,95,,47.688,,9541,,10044,,47.688,,True,3.973,3.973,3.973,3.973,3.973,3.973,3.973,3.973,3.973,3.973,3.973,3.973,0,,False,False,True,,,,,,,,,,,,,,,False,False,18.798,,81.5,,75.7,,81.5,,1813,45,4,16,7,140835.9,18778.12,,Idle,,20,,10,,,20,Go Home,False,False,False,False,False,False,False,False,False,False,False,False,33.8027920380556,-117.4659261431046,460.8,2972.0,1049.4,396.9,True,1,1,False,False,False,False,,True,False,False,Course Lock,196.8,67,16.4,93,NE,S,6.03,6.93,Calm,False,False,Android,7.0.2,M300 RTK,1ZN7L4R0H1D00F,1W9DL31001461C,1ZMLH8300204F0,1Z6PH74DAP0QN7,"Corona, CA",728.3,5.7,137.7,8.547347,2.013246,0,0,DJI Matrice 300 RTK,M300 RTK,1ZN7L4R0H1D00F,1W9DL31001461C,1ZMLH8300204F0,1Z6PH74DAP0QN7,DJI Pilot,Android,7.0.2,1EF72A62-B7C3-C88D-164E-CE6F8C8424AE,1ZN7L4R0H1D00F,1W9DL31001461C,,1ZMLH8300204F0,1W9DL31001461C,,,,,
2023-11-01,11:25:43.74 AM,1m 21.4s,81.4,33.8017877674472,-117.4668535248136,40.6,40.6,17.7,1304,475.8,5.854632,6.023145,-4.250186,0,-4.026492,1.342164,0,0,-0.2,-0.7,0.7,-136.7,223.3,222.7,Tripod,Other,,22,5,True,,True,False,,Smart,RC,False,True,False,,,True,,False,False,False,False,False,False,False,False,False,False,0,Follow Yaw,-88.9,0,-145.1,214.9,False,False,False,False,False,,0,0,False,False,No Card,100,100,1024,1350,1165,1024,2,False,False,False,False,False,0,False,False,False,False,95,,47.688,,9541,,10044,,47.688,,True,3.973,3.973,3.973,3.973,3.973,3.973,3.973,3.973,3.973,3.973,3.973,3.973,0,,False,False,True,,,,,,,,,,,,,,,False,False,18.798,,81.5,,75.7,,81.5,,1813,45,4,16,7,140835.9,18778.12,,Idle,,20,,10,,,20,Go Home,False,False,False,False,False,False,False,False,False,False,False,False,33.8027920380556,-117.4659261431046,461.8,2972.0,1049.4,396.9,True,1,1,False,False,False,False,,True,False,False,Course Lock,196.8,67,16.4,93,NE,S,6.03,6.93,Calm,False,False,Android,7.0.2,M300 RTK,1ZN7L4R0H1D00F,1W9DL31001461C,1ZMLH8300204F0,1Z6PH74DAP0QN7,"Corona, CA",728.3,5.7,137.7,8.547347,2.013246,0,0,DJI Matrice 300 RTK,M300 RTK,1ZN7L4R0H1D00F,1W9DL31001461C,1ZMLH8300204F0,1Z6PH74DAP0QN7,DJI Pilot,Android,7.0.2,1EF72A62-B7C3-C88D-164E-CE6F8C8424AE,1ZN7L4R0H1D00F,1W9DL31001461C,,1ZMLH8300204F0,1W9DL31001461C,,,,,
2023-11-01,11:25:43.84 AM,1m 21.5s,81.5,33.801785886921,-117.4668553812923,40.6,40.6,17.3,1304,476.7,5.854632,6.023145,-4.250186,0,-4.026492,1.342164,0,0,-0.1,-0.6,0.6,-136.6,223.4,219.3,Tripod,Other,,22,5,True,,True,False,,Smart,RC,False,True,False,,,True,,False,False,False,False,False,False,False,False,False,False,0,Follow Yaw,-88.9,0,-145.1,214.9,False,False,False,False,False,,0,0,False,False,No Card,100,100,1024,1350,1165,1024,2,False,False,False,False,False,0,False,False,False,False,95,,47.688,,9541,,10044,,47.688,,True,3.973,3.973,3.973,3.973,3.973,3.973,3.973,3.973,3.973,3.973,3.973,3.973,0,,False,False,True,,,,,,,,,,,,,,,False,False,18.798,,81.5,,75.7,,81.5,,1813,45,4,16,7,140835.9,18778.12,,Idle,,20,,10,,,20,Go Home,False,False,False,False,False,False,False,False,False,False,False,False,33.8027920380556,-117.4659261431046,462.6,2972.0,1049.4,396.9,True,1,1,False,False,False,False,,True,False,False,Course Lock,196.8,67,16.4,93,NE,S,6.03,6.93,Calm,False,False,Android,7.0.2,M300 RTK,1ZN7L4R0H1D00F,1W9DL31001461C,1ZMLH8300204F0,1Z6PH74DAP0QN7,"Corona, CA",728.3,5.7,137.7,8.547347,2.013246,0,0,DJI Matrice 300 RTK,M300 RTK,1ZN7L4R0H1D00F,1W9DL31001461C,1ZMLH8300204F0,1Z6PH74DAP0QN7,DJI Pilot,Android,7.0.2,1EF72A62-B7C3-C88D-164E-CE6F8C8424AE,1ZN7L4R0H1D00F,1W9DL31001461C,,1ZMLH8300204F0,1W9DL31001461C,,,,,
2023-11-01,11:25:43.94 AM,1m 21.6s,81.6,33.8017840579311,-117.4668574139188,40.6,40.6,17.3,1304,477.6,5.854632,6.023145,-4.250186,0,-4.026492,1.342164,0,0,0,-0.4,0.4,-136.5,223.5,222.7,Tripod,Other,,22,5,True,,True,False,,Smart,RC,False,True,False,,,True,,False,False,False,False,False,False,False,False,False,False,0,Follow Yaw,-88.9,0,-145.1,214.9,False,False,False,False,False,,0,0,False,False,No Card,100,100,1024,1350,1166,1024,2,False,False,False,False,False,0,False,False,False,False,95,,47.688,,9541,,10044,,47.688,,True,3.973,3.973,3.973,3.973,3.973,3.973,3.973,3.973,3.973,3.973,3.973,3.973,0,,False,False,True,,,,,,,,,,,,,,,False,False,18.798,,81.5,,75.7,,81.5,,1813,45,4,16,7,140835.9,18778.12,,Idle,,20,,10,,,20,Go Home,False,False,False,False,False,False,False,False,False,False,False,False,33.8027920380556,-117.4659261431046,463.5,2972.0,1049.4,396.9,True,1,1,False,False,False,False,,True,False,False,Course Lock,196.8,67,16.4,93,NE,S,6.03,6.93,Calm,False,False,Android,7.0.2,M300 RTK,1ZN7L4R0H1D00F,1W9DL31001461C,1ZMLH8300204F0,1Z6PH74DAP0QN7,"Corona, CA",728.3,5.7,137.7,8.547347,2.013246,0,0,DJI Matrice 300 RTK,M300 RTK,1ZN7L4R0H1D00F,1W9DL31001461C,1ZMLH8300204F0,1Z6PH74DAP0QN7,DJI Pilot,Android,7.0.2,1EF72A62-B7C3-C88D-164E-CE6F8C8424AE,1ZN7L4R0H1D00F,1W9DL31001461C,,1ZMLH8300204F0,1W9DL31001461C,,,,,
2023-11-01,11:25:44.04 AM,1m 21.7s,81.7,33.8017821642468,-117.4668594307118,40.6,40.6,17.3,1304,478.5,5.854632,6.023145,-4.250186,0,-4.026492,1.342164,0,0,0,-0.3,0.3,-136.4,223.6,221.5,Tripod,Other,,22,5,True,,True,False,,Smart,RC,False,True,False,,,True,,False,False,False,False,False,False,False,False,False,False,0,Follow Yaw,-88.9,0,-145.1,214.9,False,False,False,False,False,,0,0,False,False,No Card,100,100,1024,1349,1165,1024,2,False,False,False,False,False,0,False,False,False,False,95,,47.688,,9541,,10044,,47.688,,True,3.973,3.973,3.973,3.973,3.973,3.973,3.973,3.973,3.973,3.973,3.973,3.973,0,,False,False,True,,,,,,,,,,,,,,,False,False,18.798,,81.5,,75.7,,81.5,,1813,45,4,16,7,140835.9,18778.12,,Idle,,20,,10,,,20,Go Home,False,False,False,False,False,False,False,False,False,False,False,False,33.8027920380556,-117.4659261431046,464.5,2972.0,1049.4,396.9,True,1,1,False,False,False,False,,True,False,False,Course Lock,196.8,67,16.4,93,NE,S,6.03,6.93,Calm,False,False,Android,7.0.2,M300 RTK,1ZN7L4R0H1D00F,1W9DL31001461C,1ZMLH8300204F0,1Z6PH74DAP0QN7,"Corona, CA",728.3,5.7,137.7,8.547347,2.013246,0,0,DJI Matrice 300 RTK,M300 RTK,1ZN7L4R0H1D00F,1W9DL31001461C,1ZMLH8300204F0,1Z6PH74DAP0QN7,DJI Pilot,Android,7.0.2,1EF72A62-B7C3-C88D-164E-CE6F8C8424AE,1ZN7L4R0H1D00F,1W9DL31001461C,,1ZMLH8300204F0,1W9DL31001461C,,,,,
2023-11-01,11:25:44.14 AM,1m 21.8s,81.8,33.8017803445773,-117.4668614804912,40.6,40.6,17.3,1304,479.4,5.854632,6.023145,-4.250186,0,-4.026492,1.342164,0,0,0.2,-0.3,0.3,-136.4,223.6,223.1,Tripod,Other,,22,5,True,,True,False,,Smart,RC,False,True,False,,,True,,False,False,False,False,False,False,False,False,False,False,0,Follow Yaw,-88.9,0,-145.1,214.9,False,False,False,False,False,,0,0,False,False,No Card,100,100,1024,1350,1165,1024,2,False,False,False,False,False,0,False,False,False,False,95,,47.688,,9541,,10044,,47.688,,True,3.973,3.973,3.973,3.973,3.973,3.973,3.973,3.973,3.973,3.973,3.973,3.973,0,,False,False,True,,,,,,,,,,,,,,,False,False,18.798,,81.5,,75.7,,81.5,,1813,45,4,16,7,140835.9,18778.12,,Idle,,20,,10,,,20,Go Home,False,False,False,False,False,False,False,False,False,False,False,False,33.8027920380556,-117.4659261431046,465.4,2972.0,1049.4,396.9,True,1,1,False,False,False,False,,True,False,False,Course Lock,196.8,67,16.4,93,NE,S,6.03,6.93,Calm,False,False,Android,7.0.2,M300 RTK,1ZN7L4R0H1D00F,1W9DL31001461C,1ZMLH8300204F0,1Z6PH74DAP0QN7,"Corona, CA",728.3,5.7,137.7,8.547347,2.013246,0,0,DJI Matrice 300 RTK,M300 RTK,1ZN7L4R0H1D00F,1W9DL31001461C,1ZMLH8300204F0,1Z6PH74DAP0QN7,DJI Pilot,Android,7.0.2,1EF72A62-B7C3-C88D-164E-CE6F8C8424AE,1ZN7L4R0H1D00F,1W9DL31001461C,,1ZMLH8300204F0,1W9DL31001461C,,,,,
2023-11-01,11:25:44.24 AM,1m 21.9s,81.9,33.8017784963983,-117.4668635032218,40.6,40.6,17.3,1304,480.3,5.854632,6.023145,-4.250186,0,-4.026492,1.342164,0,0,0.3,-0.4,0.5,-136.3,223.7,222.2,Tripod,Other,,22,5,True,,True,False,,Smart,RC,False,True,False,,,True,,False,False,False,False,False,False,False,False,False,False,0,Follow Yaw,-88.9,0,-145.1,214.9,False,False,False,False,False,,0,0,False,False,No Card,100,100,1024,1349,1165,1024,2,False,False,False,False,False,0,False,False,False,False,95,,47.688,,9541,,10044,,47.688,,True,3.973,3.973,3.973,3.973,3.973,3.973,3.973,3.973,3.973,3.973,3.973,3.973,0,,False,False,True,,,,,,,,,,,,,,,False,False,18.798,,81.5,,75.7,,81.5,,1813,45,4,16,7,140835.9,18778.12,,Idle,,20,,10,,,20,Go Home,False,False,False,False,False,False,False,False,False,False,False,False,33.8027920380556,-117.4659261431046,466.3,2972.0,1049.4,396.9,True,1,1,False,False,False,False,,True,False,False,Course Lock,196.8,67,16.4,93,NE,S,6.03,6.93,Calm,False,False,Android,7.0.2,M300 RTK,1ZN7L4R0H1D00F,1W9DL31001461C,1ZMLH8300204F0,1Z6PH74DAP0QN7,"Corona, CA",728.3,5.7,137.7,8.547347,2.013246,0,0,DJI Matrice 300 RTK,M300 RTK,1ZN7L4R0H1D00F,1W9DL31001461C,1ZMLH8300204F0,1Z6PH74DAP0QN7,DJI Pilot,Android,7.0.2,1EF72A62-B7C3-C88D-164E-CE6F8C8424AE,1ZN7L4R0H1D00F,1W9DL31001461C,,1ZMLH8300204F0,1W9DL31001461C,,,,,
2023-11-01,11:25:44.34 AM,1m 22.0s,82.0,33.8017766948214,-117.4668655628972,40.6,40.6,17.0,1304,481.2,5.854632,6.023145,-4.250186,0,-4.026492,1.342164,0,0,0.3,-0.7,0.7,-136.4,223.6,223.5,Tripod,Other,,22,5,True,,True,False,,Smart,RC,False,True,False,,,True,,False,False,False,False,False,False,False,False,False,False,0,Follow Yaw,-88.9,0,-145.1,214.9,False,False,False,False,False,,0,0,False,False,No Card,100,100,1024,1350,1163,1024,2,False,False,False,False,False,0,False,False,False,False,95,,47.676,,9541,,10044,,47.676,,True,3.973,3.973,3.973,3.973,3.973,3.973,3.973,3.973,3.973,3.973,3.973,3.973,0,,False,False,True,,,,,,,,,,,,,,,False,False,19.112,,81.5,,75.7,,81.5,,1813,45,4,16,7,140835.9,18778.12,,Idle,,20,,10,,,20,Go Home,False,False,False,False,False,False,False,False,False,False,False,False,33.8027920380556,-117.4659261431046,467.2,2972.0,1049.4,396.9,True,1,1,False,False,False,False,,True,False,False,Course Lock,196.8,67,16.4,93,NE,S,6.03,6.93,Calm,False,False,Android,7.0.2,M300 RTK,1ZN7L4R0H1D00F,1W9DL31001461C,1ZMLH8300204F0,1Z6PH74DAP0QN7,"Corona, CA",728.3,5.7,137.7,8.547347,2.013246,0,0,DJI Matrice 300 RTK,M300 RTK,1ZN7L4R0H1D00F,1W9DL31001461C,1ZMLH8300204F0,1Z6PH74DAP0QN7,DJI Pilot,Android,7.0.2,1EF72A62-B7C3-C88D-164E-CE6F8C8424AE,1ZN7L4R0H1D00F,1W9DL31001461C,,1ZMLH8300204F0,1W9DL31001461C,,,,,
2023-11-01,11:25:44.42 AM,1m 22.1s,82.1,33.8017748537698,-117.4668677122958,40.6,40.6,17.3,1304,482.1,5.854632,6.023145,-4.250186,0,-4.026492,1.342164,0,0,0.2,-1.1,1.1,-136.4,223.6,224.1,Tripod,Other,,22,5,True,,True,False,,Smart,RC,False,True,False,,,True,,False,False,False,False,False,False,False,False,False,False,0,Follow Yaw,-88.9,0,-145.1,214.9,False,False,False,False,False,,0,0,False,False,No Card,100,100,1024,1349,1165,1024,2,False,False,False,False,False,0,False,False,False,False,95,,47.676,,9541,,10044,,47.676,,True,3.973,3.973,3.973,3.973,3.973,3.973,3.973,3.973,3.973,3.973,3.973,3.973,0,,False,False,True,,,,,,,,,,,,,,,False,False,19.112,,81.5,,75.7,,81.5,,1813,45,4,16,7,140835.9,18778.12,,Idle,,20,,10,,,20,Go Home,False,False,False,False,False,False,False,False,False,False,False,False,33.8027920380556,-117.4659261431046,468.1,2972.0,1049.4,396.9,True,1,1,False,False,False,False,,True,False,False,Course Lock,196.8,67,16.4,93,NE,S,6.03,6.93,Calm,False,False,Android,7.0.2,M300 RTK,1ZN7L4R0H1D00F,1W9DL31001461C,1ZMLH8300204F0,1Z6PH74DAP0QN7,"Corona, CA",728.3,5.7,137.7,8.547347,2.013246,0,0,DJI Matrice 300 RTK,M300 RTK,1ZN7L4R0H1D00F,1W9DL31001461C,1ZMLH8300204F0,1Z6PH74DAP0QN7,DJI Pilot,Android,7.0.2,1EF72A62-B7C3-C88D-164E-CE6F8C8424AE,1ZN7L4R0H1D00F,1W9DL31001461C,,1ZMLH8300204F0,1W9DL31001461C,,,,,
2023-11-01,11:25:44.53 AM,1m 22.2s,82.2,33.8017730637062,-117.466869791763,40.6,40.6,17.3,1304,483.1,6.01067,6.023145,-4.250186,0,-4.250186,1.342164,0,0,0.1,-1.3,1.3,-136.5,223.5,223.9,Tripod,Other,,22,5,True,,True,False,,Smart,RC,False,True,False,,,True,,False,False,False,False,False,False,False,False,False,False,0,Follow Yaw,-88.9,0,-145.1,214.9,False,False,False,False,False,,0,0,False,False,No Card,100,100,1024,1349,1164,1024,2,False,False,False,False,False,0,False,False,False,False,95,,47.676,,9541,,10044,,47.676,,True,3.973,3.973,3.973,3.973,3.973,3.973,3.973,3.973,3.973,3.973,3.973,3.973,0,,False,False,True,,,,,,,,,,,,,,,False,False,19.112,,81.5,,75.7,,81.5,,1813,45,4,16,7,140835.9,18778.12,,Idle,,20,,10,,,20,Go Home,False,False,False,False,False,False,False,False,False,False,False,False,33.8027920380556,-117.4659261431046,469.0,2972.0,1049.4,396.9,True,1,1,False,False,False,False,,True,False,False,Course Lock,196.8,67,16.4,93,NE,S,6.03,6.93,Calm,False,False,Android,7.0.2,M300 RTK,1ZN7L4R0H1D00F,1W9DL31001461C,1ZMLH8300204F0,1Z6PH74DAP0QN7,"Corona, CA",728.3,5.7,137.7,8.547347,2.013246,0,0,DJI Matrice 300 RTK,M300 RTK,1ZN7L4R0H1D00F,1W9DL31001461C,1ZMLH8300204F0,1Z6PH74DAP0QN7,DJI Pilot,Android,7.0.2,1EF72A62-B7C3-C88D-164E-CE6F8C8424AE,1ZN7L4R0H1D00F,1W9DL31001461C,,1ZMLH8300204F0,1W9DL31001461C,,,,,
2023-11-01,11:25:44.64 AM,1m 22.3s,82.3,33.8017710318607,-117.4668718712304,40.6,40.6,17.0,1304,484.0,5.854632,6.023145,-4.250186,0,-4.026492,1.342164,0,0,0.1,-1.5,1.5,-136.6,223.4,220.3,Tripod,Other,,22,5,True,,True,False,,Smart,RC,False,True,False,,,True,,False,False,False,False,False,False,False,False,False,False,0,Follow Yaw,-88.9,0,-145.1,214.9,False,False,False,False,False,,0,0,False,False,No Card,100,100,1024,1347,1165,1024,2,False,False,False,False,False,0,False,False,False,False,95,,47.676,,9541,,10044,,47.676,,True,3.974,3.974,3.974,3.974,3.974,3.974,3.974,3.974,3.974,3.974,3.974,3.974,0,,False,False,True,,,,,,,,,,,,,,,False,False,19.112,,81.5,,75.7,,81.5,,1815,45,4,16,7,140786.3,18771.51,,Idle,,20,,10,,,20,Go Home,False,False,False,False,False,False,False,False,False,False,False,False,33.8027920380556,-117.4659261431046,470.0,2972.0,1049.4,396.9,True,1,1,False,False,False,False,,True,False,False,Course Lock,196.8,67,16.4,93,NE,S,6.03,6.93,Calm,False,False,Android,7.0.2,M300 RTK,1ZN7L4R0H1D00F,1W9DL31001461C,1ZMLH8300204F0,1Z6PH74DAP0QN7,"Corona, CA",728.3,5.7,137.7,8.547347,2.013246,0,0,DJI Matrice 300 RTK,M300 RTK,1ZN7L4R0H1D00F,1W9DL31001461C,1ZMLH8300204F0,1Z6PH74DAP0QN7,DJI Pilot,Android,7.0.2,1EF72A62-B7C3-C88D-164E-CE6F8C8424AE,1ZN7L4R0H1D00F,1W9DL31001461C,,1ZMLH8300204F0,1W9DL31001461C,,,,,
2023-11-01,11:25:44.73 AM,1m 22.4s,82.4,33.801769213836,-117.46687394476,40.6,40.6,17.0,1304,484.9,5.854632,6.023145,-4.250186,0,-4.026492,1.342164,0,0,0.1,-1.5,1.5,-136.7,223.3,223.4,Tripod,Other,,22,5,True,,True,False,,Smart,RC,False,True,False,,,True,,False,False,False,False,False,False,False,False,False,False,0,Follow Yaw,-88.9,0,-145.1,214.9,False,False,False,False,False,,0,0,False,False,No Card,100,100,1024,1348,1166,1024,2,False,False,False,False,False,0,False,False,False,False,95,,47.676,,9541,,10044,,47.676,,True,3.974,3.974,3.974,3.974,3.974,3.974,3.974,3.974,3.974,3.974,3.974,3.974,0,,False,False,True,,,,,,,,,,,,,,,False,False,19.112,,81.5,,75.7,,81.5,,1815,45,4,16,7,140786.3,18771.51,,Idle,,20,,10,,,20,Go Home,False,False,False,False,False,False,False,False,False,False,False,False,33.8027920380556,-117.4659261431046,470.9,2972.0,1049.4,396.9,True,1,1,False,False,False,False,,True,False,False,Course Lock,196.8,67,16.4,93,NE,S,6.03,6.93,Calm,False,False,Android,7.0.2,M300 RTK,1ZN7L4R0H1D00F,1W9DL31001461C,1ZMLH8300204F0,1Z6PH74DAP0QN7,"Corona, CA",728.3,5.7,137.7,8.547347,2.013246,0,0,DJI Matrice 300 RTK,M300 RTK,1ZN7L4R0H1D00F,1W9DL31001461C,1ZMLH8300204F0,1Z6PH74DAP0QN7,DJI Pilot,Android,7.0.2,1EF72A62-B7C3-C88D-164E-CE6F8C8424AE,1ZN7L4R0H1D00F,1W9DL31001461C,,1ZMLH8300204F0,1W9DL31001461C,,,,,
2023-11-01,11:25:44.84 AM,1m 22.5s,82.5,33.80176747805,-117.4668760895405,41.0,41.0,17.0,1305,485.8,5.854632,6.023145,-4.250186,0,-4.026492,1.342164,0,0,0.2,-1.4,1.4,-136.9,223.1,225.7,Tripod,Other,,22,5,True,,True,False,,Smart,RC,False,True,False,,,True,,False,False,False,False,False,False,False,False,False,False,0,Follow Yaw,-88.9,0,-145.1,214.9,False,False,False,False,False,,0,0,False,False,No Card,100,100,1024,1348,1165,1024,2,False,False,False,False,False,0,False,False,False,False,95,,47.676,,9541,,10044,,47.676,,True,3.974,3.974,3.974,3.974,3.974,3.974,3.974,3.974,3.974,3.974,3.974,3.974,0,,False,False,True,,,,,,,,,,,,,,,False,False,19.112,,81.5,,75.7,,81.5,,1815,45,4,16,7,140786.3,18771.51,,Idle,,20,,10,,,20,Go Home,False,False,False,False,False,False,False,False,False,False,False,False,33.8027920380556,-117.4659261431046,471.8,2972.0,1049.4,396.9,True,1,1,False,False,False,False,,True,False,False,Course Lock,196.8,67,16.4,93,NE,S,6.03,6.93,Calm,False,False,Android,7.0.2,M300 RTK,1ZN7L4R0H1D00F,1W9DL31001461C,1ZMLH8300204F0,1Z6PH74DAP0QN7,"Corona, CA",728.3,5.7,137.7,8.547347,2.013246,0,0,DJI Matrice 300 RTK,M300 RTK,1ZN7L4R0H1D00F,1W9DL31001461C,1ZMLH8300204F0,1Z6PH74DAP0QN7,DJI Pilot,Android,7.0.2,1EF72A62-B7C3-C88D-164E-CE6F8C8424AE,1ZN7L4R0H1D00F,1W9DL31001461C,,1ZMLH8300204F0,1W9DL31001461C,,,,,
2023-11-01,11:25:44.94 AM,1m 22.6s,82.6,33.8017656709905,-117.4668781736258,41.0,41.0,17.0,1305,486.8,5.854632,6.023145,-4.250186,0,-4.026492,1.342164,0,0,0.2,-1.5,1.5,-137.1,222.9,223.7,Tripod,Other,,22,5,True,,True,False,,Smart,RC,False,True,False,,,True,,False,False,False,False,False,False,False,False,False,False,0,Follow Yaw,-88.9,0,-145.1,214.9,False,False,False,False,False,,0,0,False,False,No Card,100,100,1024,1353,1162,1024,2,False,False,False,False,False,0,False,False,False,False,95,,47.676,,9541,,10044,,47.676,,True,3.974,3.974,3.974,3.974,3.974,3.974,3.974,3.974,3.974,3.974,3.974,3.974,0,,False,False,True,,,,,,,,,,,,,,,False,False,19.112,,81.5,,75.7,,81.5,,1815,45,4,16,7,140786.3,18771.51,,Idle,,20,,10,,,20,Go Home,False,False,False,False,False,False,False,False,False,False,False,False,33.8027920380556,-117.4659261431046,472.7,2972.0,1049.4,396.9,True,1,1,False,False,False,False,,True,False,False,Course Lock,196.8,67,16.4,93,NE,S,6.03,6.93,Calm,False,False,Android,7.0.2,M300 RTK,1ZN7L4R0H1D00F,1W9DL31001461C,1ZMLH8300204F0,1Z6PH74DAP0QN7,"Corona, CA",728.3,5.7,137.7,8.547347,2.013246,0,0,DJI Matrice 300 RTK,M300 RTK,1ZN7L4R0H1D00F,1W9DL31001461C,1ZMLH8300204F0,1Z6PH74DAP0QN7,DJI Pilot,Android,7.0.2,1EF72A62-B7C3-C88D-164E-CE6F8C8424AE,1ZN7L4R0H1D00F,1W9DL31001461C,,1ZMLH8300204F0,1W9DL31001461C,,,,,
2023-11-01,11:25:45.04 AM,1m 22.7s,82.7,33.8017640306015,-117.4668801422586,41.0,41.0,17.0,1305,487.6,5.854632,6.023145,-4.250186,0,-4.026492,1.342164,0,0,0.2,-1.6,1.6,-137.2,222.8,224.9,Tripod,Other,,22,5,True,,True,False,,Smart,RC,False,True,False,,,True,,False,False,False,False,False,False,False,False,False,False,0,Follow Yaw,-88.9,0,-145.1,214.9,False,False,False,False,False,,0,0,False,False,No Card,100,100,1024,1353,1162,1024,2,False,False,False,False,False,0,False,False,False,False,95,,47.676,,9541,,10044,,47.676,,True,3.974,3.974,3.974,3.974,3.974,3.974,3.974,3.974,3.974,3.974,3.974,3.974,0,,False,False,True,,,,,,,,,,,,,,,False,False,19.112,,81.5,,75.7,,81.5,,1815,45,4,16,7,140786.3,18771.51,,Idle,,20,,10,,,20,Go Home,False,False,False,False,False,False,False,False,False,False,False,False,33.8027920380556,-117.4659261431046,473.5,2972.0,1049.4,396.9,True,1,1,False,False,False,False,,True,False,False,Course Lock,196.8,67,16.4,93,NE,S,6.03,6.93,Calm,False,False,Android,7.0.2,M300 RTK,1ZN7L4R0H1D00F,1W9DL31001461C,1ZMLH8300204F0,1Z6PH74DAP0QN7,"Corona, CA",728.3,5.7,137.7,8.547347,2.013246,0,0,DJI Matrice 300 RTK,M300 RTK,1ZN7L4R0H1D00F,1W9DL31001461C,1ZMLH8300204F0,1Z6PH74DAP0QN7,DJI Pilot,Android,7.0.2,1EF72A62-B7C3-C88D-164E-CE6F8C8424AE,1ZN7L4R0H1D00F,1W9DL31001461C,,1ZMLH8300204F0,1W9DL31001461C,,,,,
2023-11-01,11:25:45.14 AM,1m 22.8s,82.8,33.801762232314,-117.4668822045728,41.0,41.0,17.0,1305,488.5,5.854632,6.023145,-4.250186,0,-4.026492,1.342164,0,0,0.1,-1.8,1.8,-137.3,222.7,223.6,Tripod,Other,,22,5,True,,True,False,,Smart,RC,False,True,False,,,True,,False,False,False,False,False,False,False,False,False,False,0,Follow Yaw,-88.9,0,-145.1,214.9,False,False,False,False,False,,0,0,False,False,No Card,100,100,1024,1353,1161,1024,2,False,False,False,False,False,0,False,False,False,False,95,,47.676,,9541,,10044,,47.676,,True,3.974,3.974,3.974,3.974,3.974,3.974,3.974,3.974,3.974,3.974,3.974,3.974,0,,False,False,True,,,,,,,,,,,,,,,False,False,19.112,,81.5,,75.7,,81.5,,1815,45,4,16,7,140786.3,18771.51,,Idle,,20,,10,,,20,Go Home,False,False,False,False,False,False,False,False,False,False,False,False,33.8027920380556,-117.4659261431046,474.4,2972.0,1049.4,396.9,True,1,1,False,False,False,False,,True,False,False,Course Lock,196.8,67,16.4,93,NE,S,6.03,6.93,Calm,False,False,Android,7.0.2,M300 RTK,1ZN7L4R0H1D00F,1W9DL31001461C,1ZMLH8300204F0,1Z6PH74DAP0QN7,"Corona, CA",728.3,5.7,137.7,8.547347,2.013246,0,0,DJI Matrice 300 RTK,M300 RTK,1ZN7L4R0H1D00F,1W9DL31001461C,1ZMLH8300204F0,1Z6PH74DAP0QN7,DJI Pilot,Android,7.0.2,1EF72A62-B7C3-C88D-164E-CE6F8C8424AE,1ZN7L4R0H1D00F,1W9DL31001461C,,1ZMLH8300204F0,1W9DL31001461C,,,,,
2023-11-01,11:25:45.25 AM,1m 22.9s,82.9,33.8017602399432,-117.4668842906373,41.0,41.0,17.0,1305,489.5,5.854632,6.023145,-4.250186,0,-4.026492,1.342164,0,0,0,-1.7,1.7,-137.3,222.7,221.0,Tripod,Other,,22,5,True,,True,False,,Smart,RC,False,True,False,,,True,,False,False,False,False,False,False,False,False,False,False,0,Follow Yaw,-88.9,0,-145.1,214.9,False,False,False,False,False,,0,0,False,False,No Card,100,100,1024,1350,1164,1024,2,False,False,False,False,False,0,False,False,False,False,95,,47.676,,9541,,10044,,47.676,,True,3.974,3.974,3.974,3.974,3.974,3.974,3.974,3.974,3.974,3.974,3.974,3.974,0,,False,False,True,,,,,,,,,,,,,,,False,False,19.112,,81.5,,75.7,,81.5,,1815,45,4,16,7,140786.3,18771.51,,Idle,,20,,10,,,20,Go Home,False,False,False,False,False,False,False,False,False,False,False,False,33.8027920380556,-117.4659261431046,475.4,2972.0,1049.4,396.9,True,1,1,False,False,False,False,,True,False,False,Course Lock,196.8,67,16.4,93,NE,S,6.03,6.93,Calm,False,False,Android,7.0.2,M300 RTK,1ZN7L4R0H1D00F,1W9DL31001461C,1ZMLH8300204F0,1Z6PH74DAP0QN7,"Corona, CA",728.3,5.7,137.7,8.547347,2.013246,0,0,DJI Matrice 300 RTK,M300 RTK,1ZN7L4R0H1D00F,1W9DL31001461C,1ZMLH8300204F0,1Z6PH74DAP0QN7,DJI Pilot,Android,7.0.2,1EF72A62-B7C3-C88D-164E-CE6F8C8424AE,1ZN7L4R0H1D00F,1W9DL31001461C,,1ZMLH8300204F0,1W9DL31001461C,,,,,
2023-11-01,11:25:45.35 AM,1m 23.0s,83.0,33.8017584093085,-117.466886335139,41.0,41.0,17.0,1305,490.4,5.854632,6.023145,-4.250186,0,-4.026492,1.342164,0,0,0,-1.5,1.5,-137.2,222.8,222.8,Tripod,Other,,22,5,True,,True,False,,Smart,RC,False,True,False,,,True,,False,False,False,False,False,False,False,False,False,False,0,Follow Yaw,-88.9,0,-145.1,214.9,False,False,False,False,False,,0,0,False,False,No Card,100,100,1024,1349,1165,1024,2,False,False,False,False,False,0,False,False,False,False,95,,47.64,,9541,,10044,,47.64,,True,3.974,3.974,3.974,3.974,3.974,3.974,3.974,3.974,3.974,3.974,3.974,3.974,0,,False,False,True,,,,,,,,,,,,,,,False,False,19.288,,81.5,,75.7,,81.5,,1815,45,4,16,7,140786.3,18771.51,,Idle,,20,,10,,,20,Go Home,False,False,False,False,False,False,False,False,False,False,False,False,33.8027920380556,-117.4659261431046,476.3,2972.0,1049.4,396.9,True,1,1,False,False,False,False,,True,False,False,Course Lock,196.8,67,16.4,93,NE,S,6.03,6.93,Calm,False,False,Android,7.0.2,M300 RTK,1ZN7L4R0H1D00F,1W9DL31001461C,1ZMLH8300204F0,1Z6PH74DAP0QN7,"Corona, CA",728.3,5.7,137.7,8.547347,2.013246,0,0,DJI Matrice 300 RTK,M300 RTK,1ZN7L4R0H1D00F,1W9DL31001461C,1ZMLH8300204F0,1Z6PH74DAP0QN7,DJI Pilot,Android,7.0.2,1EF72A62-B7C3-C88D-164E-CE6F8C8424AE,1ZN7L4R0H1D00F,1W9DL31001461C,,1ZMLH8300204F0,1W9DL31001461C,,,,,
2023-11-01,11:25:45.45 AM,1m 23.1s,83.1,33.801756625824,-117.4668882483544,41.0,41.0,17.0,1305,491.3,5.854632,6.023145,-4.250186,0,-4.026492,1.342164,0,0,0,-1.2,1.2,-137.1,222.9,221.7,Tripod,Other,,22,5,True,,True,False,,Smart,RC,False,True,False,,,True,,False,False,False,False,False,False,False,False,False,False,0,Follow Yaw,-88.9,0,-145.1,214.9,False,False,False,False,False,,0,0,False,False,No Card,100,100,1024,1352,1164,1024,2,False,False,False,False,False,0,False,False,False,False,95,,47.64,,9541,,10044,,47.64,,True,3.974,3.974,3.974,3.974,3.974,3.974,3.974,3.974,3.974,3.974,3.974,3.974,0,,False,False,True,,,,,,,,,,,,,,,False,False,19.288,,81.5,,75.7,,81.5,,1815,45,4,16,7,140786.3,18771.51,,Idle,,20,,10,,,20,Go Home,False,False,False,False,False,False,False,False,False,False,False,False,33.8027920380556,-117.4659261431046,477.2,2972.0,1049.4,396.9,True,1,1,False,False,False,False,,True,False,False,Course Lock,196.8,67,16.4,93,NE,S,6.03,6.93,Calm,False,False,Android,7.0.2,M300 RTK,1ZN7L4R0H1D00F,1W9DL31001461C,1ZMLH8300204F0,1Z6PH74DAP0QN7,"Corona, CA",728.3,5.7,137.7,8.547347,2.013246,0,0,DJI Matrice 300 RTK,M300 RTK,1ZN7L4R0H1D00F,1W9DL31001461C,1ZMLH8300204F0,1Z6PH74DAP0QN7,DJI Pilot,Android,7.0.2,1EF72A62-B7C3-C88D-164E-CE6F8C8424AE,1ZN7L4R0H1D00F,1W9DL31001461C,,1ZMLH8300204F0,1W9DL31001461C,,,,,
2023-11-01,11:25:45.56 AM,1m 23.2s,83.2,33.8017547957376,-117.4668902691057,41.0,41.0,17.0,1305,492.2,5.854632,6.023145,-4.250186,0,-4.026492,1.342164,0,0,0.2,-1,1,-137,223,222.5,Tripod,Other,,22,5,True,,True,False,,Smart,RC,False,True,False,,,True,,False,False,False,False,False,False,False,False,False,False,0,Follow Yaw,-88.9,0,-145.1,214.9,False,False,False,False,False,,0,0,False,False,No Card,100,100,1024,1352,1164,1024,2,False,False,False,False,False,0,False,False,False,False,95,,47.64,,9541,,10044,,47.64,,True,3.974,3.974,3.974,3.974,3.974,3.974,3.974,3.974,3.974,3.974,3.974,3.974,0,,False,False,True,,,,,,,,,,,,,,,False,False,19.288,,81.5,,75.7,,81.5,,1815,45,4,16,7,140786.3,18771.51,,Idle,,20,,10,,,20,Go Home,False,False,False,False,False,False,False,False,False,False,False,False,33.8027920380556,-117.4659261431046,478.1,2972.0,1049.4,396.9,True,1,1,False,False,False,False,,True,False,False,Course Lock,196.8,67,16.4,93,NE,S,6.03,6.93,Calm,False,False,Android,7.0.2,M300 RTK,1ZN7L4R0H1D00F,1W9DL31001461C,1ZMLH8300204F0,1Z6PH74DAP0QN7,"Corona, CA",728.3,5.7,137.7,8.547347,2.013246,0,0,DJI Matrice 300 RTK,M300 RTK,1ZN7L4R0H1D00F,1W9DL31001461C,1ZMLH8300204F0,1Z6PH74DAP0QN7,DJI Pilot,Android,7.0.2,1EF72A62-B7C3-C88D-164E-CE6F8C8424AE,1ZN7L4R0H1D00F,1W9DL31001461C,,1ZMLH8300204F0,1W9DL31001461C,,,,,
2023-11-01,11:25:45.66 AM,1m 23.3s,83.3,33.8017530336353,-117.4668922707249,41.0,41.0,17.0,1305,493.0,5.854632,6.023145,-4.250186,0,-4.026492,1.342164,0,0,0.1,-0.8,0.8,-137,223,223.3,Tripod,Other,,22,5,True,,True,False,,Smart,RC,False,True,False,,,True,,False,False,False,False,False,False,False,False,False,False,0,Follow Yaw,-88.9,0,-145.1,214.9,False,False,False,False,False,,0,0,False,False,No Card,100,100,1024,1354,1164,1024,2,False,False,False,False,False,0,False,False,False,False,95,,47.64,,9541,,10044,,47.64,,True,3.975,3.975,3.975,3.975,3.975,3.975,3.975,3.975,3.975,3.975,3.975,3.975,0,,False,False,True,,,,,,,,,,,,,,,False,False,19.288,,81.5,,75.7,,81.5,,1817,45,4,16,7,140938.9,18791.85,,Idle,,20,,10,,,20,Go Home,False,False,False,False,False,False,False,False,False,False,False,False,33.8027920380556,-117.4659261431046,479.0,2972.0,1049.4,396.9,True,1,1,False,False,False,False,,True,False,False,Course Lock,196.8,67,16.4,93,NE,S,6.03,6.93,Calm,False,False,Android,7.0.2,M300 RTK,1ZN7L4R0H1D00F,1W9DL31001461C,1ZMLH8300204F0,1Z6PH74DAP0QN7,"Corona, CA",728.3,5.7,137.7,8.547347,2.013246,0,0,DJI Matrice 300 RTK,M300 RTK,1ZN7L4R0H1D00F,1W9DL31001461C,1ZMLH8300204F0,1Z6PH74DAP0QN7,DJI Pilot,Android,7.0.2,1EF72A62-B7C3-C88D-164E-CE6F8C8424AE,1ZN7L4R0H1D00F,1W9DL31001461C,,1ZMLH8300204F0,1W9DL31001461C,,,,,
2023-11-01,11:25:45.76 AM,1m 23.4s,83.4,33.801751216707,-117.466894289497,41.0,41.0,16.7,1305,493.9,5.854632,6.023145,-4.250186,0,-4.026492,1.342164,0,0,0,-0.7,0.7,-137,223,222.7,Tripod,Other,,22,5,True,,True,False,,Smart,RC,False,True,False,,,True,,False,False,False,False,False,False,False,False,False,False,0,Follow Yaw,-88.9,0,-145.1,214.9,False,False,False,False,False,,0,0,False,False,No Card,100,100,1024,1354,1164,1024,2,False,False,False,False,False,0,False,False,False,False,95,,47.64,,9541,,10044,,47.64,,True,3.975,3.975,3.975,3.975,3.975,3.975,3.975,3.975,3.975,3.975,3.975,3.975,0,,False,False,True,,,,,,,,,,,,,,,False,False,19.288,,81.5,,75.7,,81.5,,1817,45,4,16,7,140938.9,18791.85,,Idle,,20,,10,,,20,Go Home,False,False,False,False,False,False,False,False,False,False,False,False,33.8027920380556,-117.4659261431046,479.9,2972.0,1049.4,396.9,True,1,1,False,False,False,False,,True,False,False,Course Lock,196.8,67,16.4,93,NE,S,6.03,6.93,Calm,False,False,Android,7.0.2,M300 RTK,1ZN7L4R0H1D00F,1W9DL31001461C,1ZMLH8300204F0,1Z6PH74DAP0QN7,"Corona, CA",728.3,5.7,137.7,8.547347,2.013246,0,0,DJI Matrice 300 RTK,M300 RTK,1ZN7L4R0H1D00F,1W9DL31001461C,1ZMLH8300204F0,1Z6PH74DAP0QN7,DJI Pilot,Android,7.0.2,1EF72A62-B7C3-C88D-164E-CE6F8C8424AE,1ZN7L4R0H1D00F,1W9DL31001461C,,1ZMLH8300204F0,1W9DL31001461C,,,,,
2023-11-01,11:25:45.87 AM,1m 23.5s,83.5,33.8017493126058,-117.4668962145876,41.3,41.3,16.7,1305,494.9,5.854632,6.023145,-4.250186,0,-4.026492,1.342164,0,0,-0.1,-0.8,0.8,-137,223,220.0,Tripod,Other,,22,5,True,,True,False,,Smart,RC,False,True,False,,,True,,False,False,False,False,False,False,False,False,False,False,0,Follow Yaw,-88.9,0,-145.1,214.9,False,False,False,False,False,,0,0,False,False,No Card,100,100,1024,1352,1167,1024,2,False,False,False,False,False,0,False,False,False,False,95,,47.64,,9541,,10044,,47.64,,True,3.975,3.975,3.975,3.975,3.975,3.975,3.975,3.975,3.975,3.975,3.975,3.975,0,,False,False,True,,,,,,,,,,,,,,,False,False,19.288,,81.5,,75.7,,81.5,,1817,45,4,16,7,140938.9,18791.85,,Idle,,20,,10,,,20,Go Home,False,False,False,False,False,False,False,False,False,False,False,False,33.8027920380556,-117.4659261431046,480.8,2972.0,1049.4,396.9,True,1,1,False,False,False,False,,True,False,False,Course Lock,196.8,67,16.4,93,NE,S,6.03,6.93,Calm,False,False,Android,7.0.2,M300 RTK,1ZN7L4R0H1D00F,1W9DL31001461C,1ZMLH8300204F0,1Z6PH74DAP0QN7,"Corona, CA",728.3,5.7,137.7,8.547347,2.013246,0,0,DJI Matrice 300 RTK,M300 RTK,1ZN7L4R0H1D00F,1W9DL31001461C,1ZMLH8300204F0,1Z6PH74DAP0QN7,DJI Pilot,Android,7.0.2,1EF72A62-B7C3-C88D-164E-CE6F8C8424AE,1ZN7L4R0H1D00F,1W9DL31001461C,,1ZMLH8300204F0,1W9DL31001461C,,,,,
2023-11-01,11:25:45.97 AM,1m 23.6s,83.6,33.8017474918397,-117.4668982201651,41.3,41.3,16.7,1305,495.8,5.854632,6.023145,-4.250186,0,-4.026492,1.342164,0,0,-0.2,-1,1,-137,223,222.4,Tripod,Other,,22,5,True,,True,False,,Smart,RC,False,True,False,,,True,,False,False,False,False,False,False,False,False,False,False,0,Follow Yaw,-88.9,0,-145.1,214.9,False,False,False,False,False,,0,0,False,False,No Card,100,100,1024,1352,1167,1024,2,False,False,False,False,False,0,False,False,False,False,95,,47.64,,9541,,10044,,47.64,,True,3.975,3.975,3.975,3.975,3.975,3.975,3.975,3.975,3.975,3.975,3.975,3.975,0,,False,False,True,,,,,,,,,,,,,,,False,False,19.288,,81.5,,75.7,,81.5,,1817,45,4,16,7,140938.9,18791.85,,Idle,,20,,10,,,20,Go Home,False,False,False,False,False,False,False,False,False,False,False,False,33.8027920380556,-117.4659261431046,481.7,2972.0,1049.4,396.9,True,1,1,False,False,False,False,,True,False,False,Course Lock,196.8,67,16.4,93,NE,S,6.03,6.93,Calm,False,False,Android,7.0.2,M300 RTK,1ZN7L4R0H1D00F,1W9DL31001461C,1ZMLH8300204F0,1Z6PH74DAP0QN7,"Corona, CA",728.3,5.7,137.7,8.547347,2.013246,0,0,DJI Matrice 300 RTK,M300 RTK,1ZN7L4R0H1D00F,1W9DL31001461C,1ZMLH8300204F0,1Z6PH74DAP0QN7,DJI Pilot,Android,7.0.2,1EF72A62-B7C3-C88D-164E-CE6F8C8424AE,1ZN7L4R0H1D00F,1W9DL31001461C,,1ZMLH8300204F0,1W9DL31001461C,,,,,
2023-11-01,11:25:46.07 AM,1m 23.7s,83.7,33.8017457664707,-117.4669002125481,41.3,41.3,16.7,1305,496.6,5.854632,6.023145,-4.250186,0,-4.026492,1.342164,0,0,-0.2,-1,1,-137,223,223.8,Tripod,Other,,22,5,True,,True,False,,Smart,RC,False,True,False,,,True,,False,False,False,False,False,False,False,False,False,False,0,Follow Yaw,-88.9,0,-145.1,214.9,False,False,False,False,False,,0,0,False,False,No Card,100,100,1024,1351,1167,1024,2,False,False,False,False,False,0,False,False,False,False,95,,47.616,,4736,,4986,,47.616,,True,3.975,3.975,3.975,3.975,3.975,3.975,3.975,3.975,3.975,3.975,3.975,3.975,0,,False,False,True,,,,,,,,,,,,,,,False,False,9.422,,80.7,,75.7,,81.5,,1817,45,4,16,7,140938.9,18791.85,,Idle,,20,,10,,,20,Go Home,False,False,False,False,False,False,False,False,False,False,False,False,33.8027920380556,-117.4659261431046,482.5,2972.0,1049.4,396.9,True,1,1,False,False,False,False,,True,False,False,Course Lock,196.8,67,16.4,93,NE,S,6.03,6.93,Calm,False,False,Android,7.0.2,M300 RTK,1ZN7L4R0H1D00F,1W9DL31001461C,1ZMLH8300204F0,1Z6PH74DAP0QN7,"Corona, CA",728.3,5.7,137.7,8.547347,2.013246,0,0,DJI Matrice 300 RTK,M300 RTK,1ZN7L4R0H1D00F,1W9DL31001461C,1ZMLH8300204F0,1Z6PH74DAP0QN7,DJI Pilot,Android,7.0.2,1EF72A62-B7C3-C88D-164E-CE6F8C8424AE,1ZN7L4R0H1D00F,1W9DL31001461C,,1ZMLH8300204F0,1W9DL31001461C,,,,,
2023-11-01,11:25:46.18 AM,1m 23.8s,83.8,33.8017439566698,-117.4669022187855,41.3,41.3,16.7,1305,497.5,5.854632,6.023145,-4.250186,0,-4.026492,1.342164,0,0,-0.2,-1,1,-137,223,222.6,Tripod,Other,,22,5,True,,True,False,,Smart,RC,False,True,False,,,True,,False,False,False,False,False,False,False,False,False,False,0,Follow Yaw,-88.9,0,-145.1,214.9,False,False,False,False,False,,0,0,False,False,No Card,100,100,1024,1350,1166,1024,2,False,False,False,False,False,0,False,False,False,False,95,,47.616,,4736,,4986,,47.616,,True,3.975,3.975,3.975,3.975,3.975,3.975,3.975,3.975,3.975,3.975,3.975,3.975,0,,False,False,True,,,,,,,,,,,,,,,False,False,9.422,,80.7,,75.7,,81.5,,1817,45,4,16,7,140938.9,18791.85,,Idle,,20,,10,,,20,Go Home,False,False,False,False,False,False,False,False,False,False,False,False,33.8027920380556,-117.4659261431046,483.4,2972.0,1049.4,396.9,True,1,1,False,False,False,False,,True,False,False,Course Lock,196.8,67,16.4,93,NE,S,6.03,6.93,Calm,False,False,Android,7.0.2,M300 RTK,1ZN7L4R0H1D00F,1W9DL31001461C,1ZMLH8300204F0,1Z6PH74DAP0QN7,"Corona, CA",728.3,5.7,137.7,8.547347,2.013246,0,0,DJI Matrice 300 RTK,M300 RTK,1ZN7L4R0H1D00F,1W9DL31001461C,1ZMLH8300204F0,1Z6PH74DAP0QN7,DJI Pilot,Android,7.0.2,1EF72A62-B7C3-C88D-164E-CE6F8C8424AE,1ZN7L4R0H1D00F,1W9DL31001461C,,1ZMLH8300204F0,1W9DL31001461C,,,,,
2023-11-01,11:25:46.24 AM,1m 23.9s,83.9,33.8017420262521,-117.4669042184254,41.3,41.3,17.0,1305,498.5,5.854632,6.023145,-4.250186,0,-4.026492,1.342164,0,0,-0.1,-1,1,-137,223,220.7,Tripod,Other,,22,5,True,,True,False,,Smart,RC,False,True,False,,,True,,False,False,False,False,False,False,False,False,False,False,0,Follow Yaw,-88.9,0,-145.1,214.9,False,False,False,False,False,,0,0,False,False,No Card,100,100,1024,1350,1165,1024,2,False,False,False,False,False,0,False,False,False,False,95,,47.616,,4736,,4986,,47.616,,True,3.975,3.975,3.975,3.975,3.975,3.975,3.975,3.975,3.975,3.975,3.975,3.975,0,,False,False,True,,,,,,,,,,,,,,,False,False,9.422,,80.7,,75.7,,81.5,,1817,45,4,16,7,140938.9,18791.85,,Idle,,20,,10,,,20,Go Home,False,False,False,False,False,False,False,False,False,False,False,False,33.8027920380556,-117.4659261431046,484.4,2972.0,1049.4,396.9,True,1,1,False,False,False,False,,True,False,False,Course Lock,196.8,67,16.4,93,NE,S,6.03,6.93,Calm,False,False,Android,7.0.2,M300 RTK,1ZN7L4R0H1D00F,1W9DL31001461C,1ZMLH8300204F0,1Z6PH74DAP0QN7,"Corona, CA",728.3,5.7,137.7,8.547347,2.013246,0,0,DJI Matrice 300 RTK,M300 RTK,1ZN7L4R0H1D00F,1W9DL31001461C,1ZMLH8300204F0,1Z6PH74DAP0QN7,DJI Pilot,Android,7.0.2,1EF72A62-B7C3-C88D-164E-CE6F8C8424AE,1ZN7L4R0H1D00F,1W9DL31001461C,,1ZMLH8300204F0,1W9DL31001461C,,,,,
2023-11-01,11:25:46.34 AM,1m 24.0s,84.0,33.8017402027448,-117.4669062273017,41.3,41.3,17.0,1305,499.4,5.854632,6.023145,-4.250186,0,-4.026492,1.342164,0,0,0,-1,1,-137,223,222.4,Tripod,Other,,22,5,True,,True,False,,Smart,RC,False,True,False,,,True,,False,False,False,False,False,False,False,False,False,False,0,Follow Yaw,-88.9,0,-145.1,214.9,False,False,False,False,False,,0,0,False,False,No Card,100,100,1024,1350,1164,1024,2,False,False,False,False,False,0,False,False,False,False,95,,47.616,,9541,,10044,,47.616,,True,3.975,3.975,3.975,3.975,3.975,3.975,3.975,3.975,3.975,3.975,3.975,3.975,0,,False,False,True,,,,,,,,,,,,,,,False,False,19.26,,81.6,,75.7,,81.6,,1817,45,4,16,7,140938.9,18791.85,,Idle,,20,,10,,,20,Go Home,False,False,False,False,False,False,False,False,False,False,False,False,33.8027920380556,-117.4659261431046,485.3,2972.0,1049.4,396.9,True,1,1,False,False,False,False,,True,False,False,Course Lock,196.8,67,16.4,93,NE,S,6.03,6.93,Calm,False,False,Android,7.0.2,M300 RTK,1ZN7L4R0H1D00F,1W9DL31001461C,1ZMLH8300204F0,1Z6PH74DAP0QN7,"Corona, CA",728.3,5.7,137.7,8.547347,2.013246,0,0,DJI Matrice 300 RTK,M300 RTK,1ZN7L4R0H1D00F,1W9DL31001461C,1ZMLH8300204F0,1Z6PH74DAP0QN7,DJI Pilot,Android,7.0.2,1EF72A62-B7C3-C88D-164E-CE6F8C8424AE,1ZN7L4R0H1D00F,1W9DL31001461C,,1ZMLH8300204F0,1W9DL31001461C,,,,,
2023-11-01,11:25:46.44 AM,1m 24.1s,84.1,33.8017384422872,-117.4669082177055,41.3,41.3,17.0,1305,500.2,5.854632,6.023145,-4.250186,0,-4.026492,1.342164,0,0,0,-1,1,-137,223,223.2,Tripod,Other,,22,5,True,,True,False,,Smart,RC,False,True,False,,,True,,False,False,False,False,False,False,False,False,False,False,0,Follow Yaw,-88.9,0,-145.1,214.9,False,False,False,False,False,,0,0,False,False,No Card,100,100,1024,1350,1165,1024,2,False,False,False,False,False,0,False,False,False,False,95,,47.616,,9541,,10044,,47.616,,True,3.975,3.975,3.975,3.975,3.975,3.975,3.975,3.975,3.975,3.975,3.975,3.975,0,,False,False,True,,,,,,,,,,,,,,,False,False,19.26,,81.6,,75.7,,81.6,,1817,45,4,16,7,140938.9,18791.85,,Idle,,20,,10,,,20,Go Home,False,False,False,False,False,False,False,False,False,False,False,False,33.8027920380556,-117.4659261431046,486.1,2972.0,1049.4,396.9,True,1,1,False,False,False,False,,True,False,False,Course Lock,196.8,67,16.4,93,NE,S,6.03,6.93,Calm,False,False,Android,7.0.2,M300 RTK,1ZN7L4R0H1D00F,1W9DL31001461C,1ZMLH8300204F0,1Z6PH74DAP0QN7,"Corona, CA",728.3,5.7,137.7,8.547347,2.013246,0,0,DJI Matrice 300 RTK,M300 RTK,1ZN7L4R0H1D00F,1W9DL31001461C,1ZMLH8300204F0,1Z6PH74DAP0QN7,DJI Pilot,Android,7.0.2,1EF72A62-B7C3-C88D-164E-CE6F8C8424AE,1ZN7L4R0H1D00F,1W9DL31001461C,,1ZMLH8300204F0,1W9DL31001461C,,,,,
2023-11-01,11:25:46.54 AM,1m 24.2s,84.2,33.8017366264554,-117.4669102246108,41.3,41.3,16.7,1305,501.1,5.854632,6.023145,-4.250186,0,-4.026492,1.342164,0,0,0,-1,1,-137,223,222.5,Tripod,Other,,22,5,True,,True,False,,Smart,RC,False,True,False,,,True,,False,False,False,False,False,False,False,False,False,False,0,Follow Yaw,-88.9,0,-145.1,214.9,False,False,False,False,False,,0,0,False,False,No Card,100,100,1024,1351,1163,1024,2,False,False,False,False,False,0,False,False,False,False,95,,47.616,,9541,,10044,,47.616,,True,3.975,3.975,3.975,3.975,3.975,3.975,3.975,3.975,3.975,3.975,3.975,3.975,0,,False,False,True,,,,,,,,,,,,,,,False,False,19.26,,81.6,,75.7,,81.6,,1817,45,4,16,7,140938.9,18791.85,,Idle,,20,,10,,,20,Go Home,False,False,False,False,False,False,False,False,False,False,False,False,33.8027920380556,-117.4659261431046,487.0,2972.0,1049.4,396.9,True,1,1,False,False,False,False,,True,False,False,Course Lock,196.8,67,16.4,93,NE,S,6.03,6.93,Calm,False,False,Android,7.0.2,M300 RTK,1ZN7L4R0H1D00F,1W9DL31001461C,1ZMLH8300204F0,1Z6PH74DAP0QN7,"Corona, CA",728.3,5.7,137.7,8.547347,2.013246,0,0,DJI Matrice 300 RTK,M300 RTK,1ZN7L4R0H1D00F,1W9DL31001461C,1ZMLH8300204F0,1Z6PH74DAP0QN7,DJI Pilot,Android,7.0.2,1EF72A62-B7C3-C88D-164E-CE6F8C8424AE,1ZN7L4R0H1D00F,1W9DL31001461C,,1ZMLH8300204F0,1W9DL31001461C,,,,,
2023-11-01,11:25:46.64 AM,1m 24.3s,84.3,33.8017348418746,-117.4669123720219,41.3,41.3,16.7,1305,502.1,5.854632,6.023145,-4.250186,0,-4.026492,1.342164,0,0,0,-1,1,-137,223,224.9,Tripod,Other,,22,5,True,,True,False,,Smart,RC,False,True,False,,,True,,False,False,False,False,False,False,False,False,False,False,0,Follow Yaw,-88.9,0,-145.1,214.9,False,False,False,False,False,,0,0,False,False,No Card,100,100,1024,1352,1162,1024,2,False,False,False,False,False,0,False,False,False,False,95,,47.616,,9541,,10044,,47.616,,True,3.969,3.969,3.969,3.969,3.969,3.969,3.969,3.969,3.969,3.969,3.969,3.969,0,,False,False,True,,,,,,,,,,,,,,,False,False,19.26,,81.6,,75.7,,81.6,,1818,45,4,16,7,141304.9,18840.66,,Idle,,20,,10,,,20,Go Home,False,False,False,False,False,False,False,False,False,False,False,False,33.8027920380556,-117.4659261431046,487.9,2972.0,1049.4,396.9,True,1,1,False,False,False,False,,True,False,False,Course Lock,196.8,67,16.4,93,NE,S,6.03,6.93,Calm,False,False,Android,7.0.2,M300 RTK,1ZN7L4R0H1D00F,1W9DL31001461C,1ZMLH8300204F0,1Z6PH74DAP0QN7,"Corona, CA",728.3,5.7,137.7,8.547347,2.013246,0,0,DJI Matrice 300 RTK,M300 RTK,1ZN7L4R0H1D00F,1W9DL31001461C,1ZMLH8300204F0,1Z6PH74DAP0QN7,DJI Pilot,Android,7.0.2,1EF72A62-B7C3-C88D-164E-CE6F8C8424AE,1ZN7L4R0H1D00F,1W9DL31001461C,,1ZMLH8300204F0,1W9DL31001461C,,,,,
2023-11-01,11:25:46.74 AM,1m 24.4s,84.4,33.8017330216568,-117.466914390794,41.3,41.3,16.7,1305,503.0,5.854632,6.023145,-4.250186,0,-4.026492,1.342164,0,0,0,-1,1,-137,223,222.6,Tripod,Other,,22,5,True,,True,False,,Smart,RC,False,True,False,,,True,,False,False,False,False,False,False,False,False,False,False,0,Follow Yaw,-88.9,0,-145.1,214.9,False,False,False,False,False,,0,0,False,False,No Card,100,100,1024,1351,1163,1024,2,False,False,False,False,False,0,False,False,False,False,95,,47.616,,9541,,10044,,47.616,,True,3.969,3.969,3.969,3.969,3.969,3.969,3.969,3.969,3.969,3.969,3.969,3.969,0,,False,False,True,,,,,,,,,,,,,,,False,False,19.26,,81.6,,75.7,,81.6,,1818,45,4,16,7,141304.9,18840.66,,Idle,,20,,10,,,20,Go Home,False,False,False,False,False,False,False,False,False,False,False,False,33.8027920380556,-117.4659261431046,488.8,2972.0,1049.4,396.9,True,1,1,False,False,False,False,,True,False,False,Course Lock,196.8,67,16.4,93,NE,S,6.03,6.93,Calm,False,False,Android,7.0.2,M300 RTK,1ZN7L4R0H1D00F,1W9DL31001461C,1ZMLH8300204F0,1Z6PH74DAP0QN7,"Corona, CA",728.3,5.7,137.7,8.547347,2.013246,0,0,DJI Matrice 300 RTK,M300 RTK,1ZN7L4R0H1D00F,1W9DL31001461C,1ZMLH8300204F0,1Z6PH74DAP0QN7,DJI Pilot,Android,7.0.2,1EF72A62-B7C3-C88D-164E-CE6F8C8424AE,1ZN7L4R0H1D00F,1W9DL31001461C,,1ZMLH8300204F0,1W9DL31001461C,,,,,
2023-11-01,11:25:46.84 AM,1m 24.5s,84.5,33.8017312392689,-117.4669162182446,41.3,41.3,16.7,1305,503.8,5.854632,6.023145,-4.250186,0,-4.026492,1.342164,0,0,-0.1,-1.1,1.1,-137,223,220.4,Tripod,Other,,22,5,True,,True,False,,Smart,RC,False,True,False,,,True,,False,False,False,False,False,False,False,False,False,False,0,Follow Yaw,-88.9,0,-145.1,214.9,False,False,False,False,False,,0,0,False,False,No Card,100,100,1024,1349,1164,1024,2,False,False,False,False,False,0,False,False,False,False,95,,47.616,,9541,,10044,,47.616,,True,3.969,3.969,3.969,3.969,3.969,3.969,3.969,3.969,3.969,3.969,3.969,3.969,0,,False,False,True,,,,,,,,,,,,,,,False,False,19.26,,81.6,,75.7,,81.6,,1818,45,4,16,7,141304.9,18840.66,,Idle,,20,,10,,,20,Go Home,False,False,False,False,False,False,False,False,False,False,False,False,33.8027920380556,-117.4659261431046,489.7,2972.0,1049.4,396.9,True,1,1,False,False,False,False,,True,False,False,Course Lock,196.8,67,16.4,93,NE,S,6.03,6.93,Calm,False,False,Android,7.0.2,M300 RTK,1ZN7L4R0H1D00F,1W9DL31001461C,1ZMLH8300204F0,1Z6PH74DAP0QN7,"Corona, CA",728.3,5.7,137.7,8.547347,2.013246,0,0,DJI Matrice 300 RTK,M300 RTK,1ZN7L4R0H1D00F,1W9DL31001461C,1ZMLH8300204F0,1Z6PH74DAP0QN7,DJI Pilot,Android,7.0.2,1EF72A62-B7C3-C88D-164E-CE6F8C8424AE,1ZN7L4R0H1D00F,1W9DL31001461C,,1ZMLH8300204F0,1W9DL31001461C,,,,,
2023-11-01,11:25:46.94 AM,1m 24.6s,84.6,33.8017294168581,-117.4669182238222,41.6,41.6,16.7,1305,504.7,5.854632,6.023145,-4.250186,0,-4.026492,1.342164,0,0,0,-1.2,1.2,-137.1,222.9,222.4,Tripod,Other,,22,5,True,,True,False,,Smart,RC,False,True,False,,,True,,False,False,False,False,False,False,False,False,False,False,0,Follow Yaw,-88.9,0,-145.1,214.9,False,False,False,False,False,,0,0,False,False,No Card,100,100,1024,1349,1164,1024,2,False,False,False,False,False,0,False,False,False,False,95,,47.616,,9541,,10044,,47.616,,True,3.969,3.969,3.969,3.969,3.969,3.969,3.969,3.969,3.969,3.969,3.969,3.969,0,,False,False,True,,,,,,,,,,,,,,,False,False,19.26,,81.6,,75.7,,81.6,,1818,45,4,16,7,141304.9,18840.66,,Idle,,20,,10,,,20,Go Home,False,False,False,False,False,False,False,False,False,False,False,False,33.8027920380556,-117.4659261431046,490.6,2972.0,1049.4,396.9,True,1,1,False,False,False,False,,True,False,False,Course Lock,196.8,67,16.4,93,NE,S,6.03,6.93,Calm,False,False,Android,7.0.2,M300 RTK,1ZN7L4R0H1D00F,1W9DL31001461C,1ZMLH8300204F0,1Z6PH74DAP0QN7,"Corona, CA",728.3,5.7,137.7,8.547347,2.013246,0,0,DJI Matrice 300 RTK,M300 RTK,1ZN7L4R0H1D00F,1W9DL31001461C,1ZMLH8300204F0,1Z6PH74DAP0QN7,DJI Pilot,Android,7.0.2,1EF72A62-B7C3-C88D-164E-CE6F8C8424AE,1ZN7L4R0H1D00F,1W9DL31001461C,,1ZMLH8300204F0,1W9DL31001461C,,,,,
2023-11-01,11:25:47.04 AM,1m 24.7s,84.7,33.8017275193359,-117.4669205229794,41.6,41.6,16.7,1305,505.7,5.854632,6.023145,-4.250186,0,-4.026492,1.342164,0,0,0,-1.2,1.2,-137.1,222.9,225.1,Tripod,Other,,22,5,True,,True,False,,Smart,RC,False,True,False,,,True,,False,False,False,False,False,False,False,False,False,False,0,Follow Yaw,-88.9,0,-145.1,214.9,False,False,False,False,False,,0,0,False,False,No Card,100,100,1024,1349,1165,1024,2,False,False,False,False,False,0,False,False,False,False,95,,47.616,,9541,,10044,,47.616,,True,3.969,3.969,3.969,3.969,3.969,3.969,3.969,3.969,3.969,3.969,3.969,3.969,0,,False,False,True,,,,,,,,,,,,,,,False,False,19.26,,81.6,,75.7,,81.6,,1818,45,4,16,7,141304.9,18840.66,,Idle,,20,,10,,,20,Go Home,False,False,False,False,False,False,False,False,False,False,False,False,33.8027920380556,-117.4659261431046,491.6,2972.0,1049.4,396.9,True,1,1,False,False,False,False,,True,False,False,Course Lock,196.8,67,16.4,93,NE,S,6.03,6.93,Calm,False,False,Android,7.0.2,M300 RTK,1ZN7L4R0H1D00F,1W9DL31001461C,1ZMLH8300204F0,1Z6PH74DAP0QN7,"Corona, CA",728.3,5.7,137.7,8.547347,2.013246,0,0,DJI Matrice 300 RTK,M300 RTK,1ZN7L4R0H1D00F,1W9DL31001461C,1ZMLH8300204F0,1Z6PH74DAP0QN7,DJI Pilot,Android,7.0.2,1EF72A62-B7C3-C88D-164E-CE6F8C8424AE,1ZN7L4R0H1D00F,1W9DL31001461C,,1ZMLH8300204F0,1W9DL31001461C,,,,,
2023-11-01,11:25:47.14 AM,1m 24.8s,84.8,33.801725688153,-117.4669225483488,41.6,41.6,16.7,1305,506.6,5.854632,6.023145,-4.250186,0,-4.026492,1.342164,0,0,0.1,-1.3,1.3,-137.1,222.9,222.5,Tripod,Other,,22,5,True,,True,False,,Smart,RC,False,True,False,,,True,,False,False,False,False,False,False,False,False,False,False,0,Follow Yaw,-88.9,0,-145.1,214.9,False,False,False,False,False,,0,0,False,False,No Card,100,100,1024,1348,1164,1024,2,False,False,False,False,False,0,False,False,False,False,95,,47.616,,9541,,10044,,47.616,,True,3.969,3.969,3.969,3.969,3.969,3.969,3.969,3.969,3.969,3.969,3.969,3.969,0,,False,False,True,,,,,,,,,,,,,,,False,False,19.26,,81.6,,75.7,,81.6,,1818,45,4,16,7,141304.9,18840.66,,Idle,,20,,10,,,20,Go Home,False,False,False,False,False,False,False,False,False,False,False,False,33.8027920380556,-117.4659261431046,492.5,2972.0,1049.4,396.9,True,1,1,False,False,False,False,,True,False,False,Course Lock,196.8,67,16.4,93,NE,S,6.03,6.93,Calm,False,False,Android,7.0.2,M300 RTK,1ZN7L4R0H1D00F,1W9DL31001461C,1ZMLH8300204F0,1Z6PH74DAP0QN7,"Corona, CA",728.3,5.7,137.7,8.547347,2.013246,0,0,DJI Matrice 300 RTK,M300 RTK,1ZN7L4R0H1D00F,1W9DL31001461C,1ZMLH8300204F0,1Z6PH74DAP0QN7,DJI Pilot,Android,7.0.2,1EF72A62-B7C3-C88D-164E-CE6F8C8424AE,1ZN7L4R0H1D00F,1W9DL31001461C,,1ZMLH8300204F0,1W9DL31001461C,,,,,
2023-11-01,11:25:47.24 AM,1m 24.9s,84.9,33.8017237473184,-117.4669244562864,41.6,41.6,16.7,1305,507.5,5.854632,6.023145,-4.250186,0,-4.026492,1.342164,0,0,0.1,-1.3,1.3,-137.1,222.9,219.2,Tripod,Other,,22,5,True,,True,False,,Smart,RC,False,True,False,,,True,,False,False,False,False,False,False,False,False,False,False,0,Follow Yaw,-88.9,0,-145.1,214.9,False,False,False,False,False,,0,0,False,False,No Card,100,100,1024,1349,1164,1024,2,False,False,False,False,False,0,False,False,False,False,95,,47.616,,9541,,10044,,47.616,,True,3.969,3.969,3.969,3.969,3.969,3.969,3.969,3.969,3.969,3.969,3.969,3.969,0,,False,False,True,,,,,,,,,,,,,,,False,False,19.26,,81.6,,75.7,,81.6,,1818,45,4,16,7,141304.9,18840.66,,Idle,,20,,10,,,20,Go Home,False,False,False,False,False,False,False,False,False,False,False,False,33.8027920380556,-117.4659261431046,493.4,2972.0,1049.4,396.9,True,1,1,False,False,False,False,,True,False,False,Course Lock,196.8,67,16.4,93,NE,S,6.03,6.93,Calm,False,False,Android,7.0.2,M300 RTK,1ZN7L4R0H1D00F,1W9DL31001461C,1ZMLH8300204F0,1Z6PH74DAP0QN7,"Corona, CA",728.3,5.7,137.7,8.547347,2.013246,0,0,DJI Matrice 300 RTK,M300 RTK,1ZN7L4R0H1D00F,1W9DL31001461C,1ZMLH8300204F0,1Z6PH74DAP0QN7,DJI Pilot,Android,7.0.2,1EF72A62-B7C3-C88D-164E-CE6F8C8424AE,1ZN7L4R0H1D00F,1W9DL31001461C,,1ZMLH8300204F0,1W9DL31001461C,,,,,
2023-11-01,11:25:47.34 AM,1m 25.0s,85.0,33.8017218936569,-117.466926461864,41.6,41.6,16.7,1305,508.4,5.854632,6.023145,-4.250186,0,-4.026492,1.342164,0,0,0.1,-1.1,1.1,-137.1,222.9,221.9,Tripod,Other,,22,5,True,,True,False,,Smart,RC,False,True,False,,,True,,False,False,False,False,False,False,False,False,False,False,0,Follow Yaw,-88.9,0,-145.1,214.9,False,False,False,False,False,,0,0,False,False,No Card,100,100,1024,1349,1165,1024,2,False,False,False,False,False,0,False,False,False,False,95,,47.592,,4736,,4986,,47.592,,True,3.969,3.969,3.969,3.969,3.969,3.969,3.969,3.969,3.969,3.969,3.969,3.969,0,,False,False,True,,,,,,,,,,,,,,,False,False,9.4,,80.7,,75.7,,81.6,,1818,45,4,16,7,141304.9,18840.66,,Idle,,20,,10,,,20,Go Home,False,False,False,False,False,False,False,False,False,False,False,False,33.8027920380556,-117.4659261431046,494.3,2972.0,1049.4,396.9,True,1,1,False,False,False,False,,True,False,False,Course Lock,196.8,67,16.4,93,NE,S,6.03,6.93,Calm,False,False,Android,7.0.2,M300 RTK,1ZN7L4R0H1D00F,1W9DL31001461C,1ZMLH8300204F0,1Z6PH74DAP0QN7,"Corona, CA",728.3,5.7,137.7,8.547347,2.013246,0,0,DJI Matrice 300 RTK,M300 RTK,1ZN7L4R0H1D00F,1W9DL31001461C,1ZMLH8300204F0,1Z6PH74DAP0QN7,DJI Pilot,Android,7.0.2,1EF72A62-B7C3-C88D-164E-CE6F8C8424AE,1ZN7L4R0H1D00F,1W9DL31001461C,,1ZMLH8300204F0,1W9DL31001461C,,,,,
2023-11-01,11:25:47.44 AM,1m 25.1s,85.1,33.801720162257,-117.4669285512272,41.6,41.6,16.7,1305,509.3,5.854632,6.023145,-4.250186,0,-4.026492,1.342164,0,0,0.1,-0.8,0.8,-137,223,225.0,Tripod,Other,,22,5,True,,True,False,,Smart,RC,False,True,False,,,True,,False,False,False,False,False,False,False,False,False,False,0,Follow Yaw,-88.9,0,-145.1,214.9,False,False,False,False,False,,0,0,False,False,No Card,100,100,1024,1349,1164,1024,2,False,False,False,False,False,0,False,False,False,False,95,,47.592,,4736,,4986,,47.592,,True,3.969,3.969,3.969,3.969,3.969,3.969,3.969,3.969,3.969,3.969,3.969,3.969,0,,False,False,True,,,,,,,,,,,,,,,False,False,9.4,,80.7,,75.7,,81.6,,1818,45,4,16,7,141304.9,18840.66,,Idle,,20,,10,,,20,Go Home,False,False,False,False,False,False,False,False,False,False,False,False,33.8027920380556,-117.4659261431046,495.2,2972.0,1049.4,396.9,True,1,1,False,False,False,False,,True,False,False,Course Lock,196.8,67,16.4,93,NE,S,6.03,6.93,Calm,False,False,Android,7.0.2,M300 RTK,1ZN7L4R0H1D00F,1W9DL31001461C,1ZMLH8300204F0,1Z6PH74DAP0QN7,"Corona, CA",728.3,5.7,137.7,8.547347,2.013246,0,0,DJI Matrice 300 RTK,M300 RTK,1ZN7L4R0H1D00F,1W9DL31001461C,1ZMLH8300204F0,1Z6PH74DAP0QN7,DJI Pilot,Android,7.0.2,1EF72A62-B7C3-C88D-164E-CE6F8C8424AE,1ZN7L4R0H1D00F,1W9DL31001461C,,1ZMLH8300204F0,1W9DL31001461C,,,,,
2023-11-01,11:25:47.54 AM,1m 25.2s,85.2,33.8017183206571,-117.4669305574645,41.6,41.6,16.7,1305,510.2,5.854632,6.023145,-4.250186,0,-4.026492,1.342164,0,0,0.2,-0.6,0.6,-137,223,222.1,Tripod,Other,,22,5,True,,True,False,,Smart,RC,False,True,False,,,True,,False,False,False,False,False,False,False,False,False,False,0,Follow Yaw,-88.9,0,-145.1,214.9,False,False,False,False,False,,0,0,False,False,No Card,100,100,1024,1349,1164,1024,2,False,False,False,False,False,0,False,False,False,False,95,,47.592,,4736,,4986,,47.592,,True,3.969,3.969,3.969,3.969,3.969,3.969,3.969,3.969,3.969,3.969,3.969,3.969,0,,False,False,True,,,,,,,,,,,,,,,False,False,9.4,,80.7,,75.7,,81.6,,1818,45,4,16,7,141304.9,18840.66,,Idle,,20,,10,,,20,Go Home,False,False,False,False,False,False,False,False,False,False,False,False,33.8027920380556,-117.4659261431046,496.1,2972.0,1049.4,396.9,True,1,1,False,False,False,False,,True,False,False,Course Lock,196.8,67,16.4,93,NE,S,6.03,6.93,Calm,False,False,Android,7.0.2,M300 RTK,1ZN7L4R0H1D00F,1W9DL31001461C,1ZMLH8300204F0,1Z6PH74DAP0QN7,"Corona, CA",728.3,5.7,137.7,8.547347,2.013246,0,0,DJI Matrice 300 RTK,M300 RTK,1ZN7L4R0H1D00F,1W9DL31001461C,1ZMLH8300204F0,1Z6PH74DAP0QN7,DJI Pilot,Android,7.0.2,1EF72A62-B7C3-C88D-164E-CE6F8C8424AE,1ZN7L4R0H1D00F,1W9DL31001461C,,1ZMLH8300204F0,1W9DL31001461C,,,,,
2023-11-01,11:25:47.64 AM,1m 25.3s,85.3,33.8017165941915,-117.4669325030066,41.6,41.6,16.7,1305,511.1,5.854632,6.023145,-4.250186,0,-4.026492,1.342164,0,0,0.3,-0.7,0.7,-137,223,223.1,Tripod,Other,,22,5,True,,True,False,,Smart,RC,False,True,False,,,True,,False,False,False,False,False,False,False,False,False,False,0,Follow Yaw,-88.9,0,-145.1,214.9,False,False,False,False,False,,0,0,False,False,No Card,100,100,1024,1348,1163,1024,2,False,False,False,False,False,0,False,False,False,False,95,,47.592,,4736,,4986,,47.592,,True,3.971,3.971,3.971,3.971,3.971,3.971,3.971,3.971,3.971,3.971,3.971,3.971,0,,False,False,True,,,,,,,,,,,,,,,False,False,9.4,,80.7,,75.7,,81.6,,1818,45,4,16,7,141789.6,18905.28,,Idle,,20,,10,,,20,Go Home,False,False,False,False,False,False,False,False,False,False,False,False,33.8027920380556,-117.4659261431046,496.9,2972.0,1049.4,396.9,True,1,1,False,False,False,False,,True,False,False,Course Lock,196.8,67,16.4,93,NE,S,6.03,6.93,Calm,False,False,Android,7.0.2,M300 RTK,1ZN7L4R0H1D00F,1W9DL31001461C,1ZMLH8300204F0,1Z6PH74DAP0QN7,"Corona, CA",728.3,5.7,137.7,8.547347,2.013246,0,0,DJI Matrice 300 RTK,M300 RTK,1ZN7L4R0H1D00F,1W9DL31001461C,1ZMLH8300204F0,1Z6PH74DAP0QN7,DJI Pilot,Android,7.0.2,1EF72A62-B7C3-C88D-164E-CE6F8C8424AE,1ZN7L4R0H1D00F,1W9DL31001461C,,1ZMLH8300204F0,1W9DL31001461C,,,,,
2023-11-01,11:25:47.73 AM,1m 25.4s,85.4,33.8017147728773,-117.4669345085842,41.6,41.6,16.4,1305,512.0,5.854632,6.023145,-4.250186,0,-4.026492,1.342164,0,0,0.3,-0.8,0.8,-136.9,223.1,222.4,Tripod,Other,,22,5,True,,True,False,,Smart,RC,False,True,False,,,True,,False,False,False,False,False,False,False,False,False,False,0,Follow Yaw,-88.9,0,-145.1,214.9,False,False,False,False,False,,0,0,False,False,No Card,100,100,1024,1348,1163,1024,2,False,False,False,False,False,0,False,False,False,False,95,,47.592,,4736,,4986,,47.592,,True,3.971,3.971,3.971,3.971,3.971,3.971,3.971,3.971,3.971,3.971,3.971,3.971,0,,False,False,True,,,,,,,,,,,,,,,False,False,9.4,,80.7,,75.7,,81.6,,1818,45,4,16,7,141789.6,18905.28,,Idle,,20,,10,,,20,Go Home,False,False,False,False,False,False,False,False,False,False,False,False,33.8027920380556,-117.4659261431046,497.8,2972.0,1049.4,396.9,True,1,1,False,False,False,False,,True,False,False,Course Lock,196.8,67,16.4,93,NE,S,6.03,6.93,Calm,False,False,Android,7.0.2,M300 RTK,1ZN7L4R0H1D00F,1W9DL31001461C,1ZMLH8300204F0,1Z6PH74DAP0QN7,"Corona, CA",728.3,5.7,137.7,8.547347,2.013246,0,0,DJI Matrice 300 RTK,M300 RTK,1ZN7L4R0H1D00F,1W9DL31001461C,1ZMLH8300204F0,1Z6PH74DAP0QN7,DJI Pilot,Android,7.0.2,1EF72A62-B7C3-C88D-164E-CE6F8C8424AE,1ZN7L4R0H1D00F,1W9DL31001461C,,1ZMLH8300204F0,1W9DL31001461C,,,,,
2023-11-01,11:25:47.84 AM,1m 25.5s,85.5,33.8017128994784,-117.4669366678788,41.6,41.6,16.4,1305,512.9,5.854632,6.023145,-4.250186,0,-4.026492,1.342164,0,0,0.1,-0.9,0.9,-136.9,223.1,223.7,Tripod,Other,,22,5,True,,True,False,,Smart,RC,False,True,False,,,True,,False,False,False,False,False,False,False,False,False,False,0,Follow Yaw,-88.9,0,-145.1,214.9,False,False,False,False,False,,0,0,False,False,No Card,100,100,1024,1346,1167,1024,2,False,False,False,False,False,0,False,False,False,False,95,,47.592,,4736,,4986,,47.592,,True,3.971,3.971,3.971,3.971,3.971,3.971,3.971,3.971,3.971,3.971,3.971,3.971,0,,False,False,True,,,,,,,,,,,,,,,False,False,9.4,,80.7,,75.7,,81.6,,1818,45,4,16,7,141789.6,18905.28,,Idle,,20,,10,,,20,Go Home,False,False,False,False,False,False,False,False,False,False,False,False,33.8027920380556,-117.4659261431046,498.8,2972.0,1049.4,396.9,True,1,1,False,False,False,False,,True,False,False,Course Lock,196.8,67,16.4,93,NE,S,6.03,6.93,Calm,False,False,Android,7.0.2,M300 RTK,1ZN7L4R0H1D00F,1W9DL31001461C,1ZMLH8300204F0,1Z6PH74DAP0QN7,"Corona, CA",728.3,5.7,137.7,8.547347,2.013246,0,0,DJI Matrice 300 RTK,M300 RTK,1ZN7L4R0H1D00F,1W9DL31001461C,1ZMLH8300204F0,1Z6PH74DAP0QN7,DJI Pilot,Android,7.0.2,1EF72A62-B7C3-C88D-164E-CE6F8C8424AE,1ZN7L4R0H1D00F,1W9DL31001461C,,1ZMLH8300204F0,1W9DL31001461C,,,,,
2023-11-01,11:25:47.94 AM,1m 25.6s,85.6,33.8017110803572,-117.4669386866509,41.6,41.6,16.4,1305,513.8,5.854632,6.023145,-4.250186,0,-4.026492,1.342164,0,0,0,-0.9,0.9,-136.8,223.2,222.6,Tripod,Other,,22,5,True,,True,False,,Smart,RC,False,True,False,,,True,,False,False,False,False,False,False,False,False,False,False,0,Follow Yaw,-88.9,0,-145.1,214.9,False,False,False,False,False,,0,0,False,False,No Card,100,100,1024,1346,1166,1024,2,False,False,False,False,False,0,False,False,False,False,95,,47.592,,4736,,4986,,47.592,,True,3.971,3.971,3.971,3.971,3.971,3.971,3.971,3.971,3.971,3.971,3.971,3.971,0,,False,False,True,,,,,,,,,,,,,,,False,False,9.4,,80.7,,75.7,,81.6,,1818,45,4,16,7,141789.6,18905.28,,Idle,,20,,10,,,20,Go Home,False,False,False,False,False,False,False,False,False,False,False,False,33.8027920380556,-117.4659261431046,499.7,2972.0,1049.4,396.9,True,1,1,False,False,False,False,,True,False,False,Course Lock,196.8,67,16.4,93,NE,S,6.03,6.93,Calm,False,False,Android,7.0.2,M300 RTK,1ZN7L4R0H1D00F,1W9DL31001461C,1ZMLH8300204F0,1Z6PH74DAP0QN7,"Corona, CA",728.3,5.7,137.7,8.547347,2.013246,0,0,DJI Matrice 300 RTK,M300 RTK,1ZN7L4R0H1D00F,1W9DL31001461C,1ZMLH8300204F0,1Z6PH74DAP0QN7,DJI Pilot,Android,7.0.2,1EF72A62-B7C3-C88D-164E-CE6F8C8424AE,1ZN7L4R0H1D00F,1W9DL31001461C,,1ZMLH8300204F0,1W9DL31001461C,,,,,
2023-11-01,11:25:48.05 AM,1m 25.7s,85.7,33.8017092223096,-117.4669406671588,41.6,41.6,16.4,1305,514.7,5.854632,6.023145,-4.250186,0,-4.026492,1.342164,0,0,0,-0.8,0.8,-136.8,223.2,221.5,Tripod,Other,,22,5,True,,True,False,,Smart,RC,False,True,False,,,True,,False,False,False,False,False,False,False,False,False,False,0,Follow Yaw,-88.9,0,-145.1,214.9,False,False,False,False,False,,0,0,False,False,No Card,100,100,1024,1348,1164,1024,2,False,False,False,False,False,0,False,False,False,False,95,,47.592,,4736,,4986,,47.592,,True,3.971,3.971,3.971,3.971,3.971,3.971,3.971,3.971,3.971,3.971,3.971,3.971,0,,False,False,True,,,,,,,,,,,,,,,False,False,9.4,,80.7,,75.7,,81.6,,1818,45,4,16,7,141789.6,18905.28,,Idle,,20,,10,,,20,Go Home,False,False,False,False,False,False,False,False,False,False,False,False,33.8027920380556,-117.4659261431046,500.6,2972.0,1049.4,396.9,True,1,1,False,False,False,False,,True,False,False,Course Lock,196.8,67,16.4,93,NE,S,6.03,6.93,Calm,False,False,Android,7.0.2,M300 RTK,1ZN7L4R0H1D00F,1W9DL31001461C,1ZMLH8300204F0,1Z6PH74DAP0QN7,"Corona, CA",728.3,5.7,137.7,8.547347,2.013246,0,0,DJI Matrice 300 RTK,M300 RTK,1ZN7L4R0H1D00F,1W9DL31001461C,1ZMLH8300204F0,1Z6PH74DAP0QN7,DJI Pilot,Android,7.0.2,1EF72A62-B7C3-C88D-164E-CE6F8C8424AE,1ZN7L4R0H1D00F,1W9DL31001461C,,1ZMLH8300204F0,1W9DL31001461C,,,,,
2023-11-01,11:25:48.15 AM,1m 25.8s,85.8,33.8017074125088,-117.4669426872504,41.9,41.9,16.4,1306,515.7,5.854632,6.023145,-4.250186,0,-4.026492,1.342164,0,0,0.1,-0.8,0.8,-136.8,223.2,222.8,Tripod,Other,,22,5,True,,True,False,,Smart,RC,False,True,False,,,True,,False,False,False,False,False,False,False,False,False,False,0,Follow Yaw,-88.9,0,-145.1,214.9,False,False,False,False,False,,0,0,False,False,No Card,100,100,1024,1347,1165,1024,2,False,False,False,False,False,0,False,False,False,False,95,,47.592,,4736,,4986,,47.592,,True,3.971,3.971,3.971,3.971,3.971,3.971,3.971,3.971,3.971,3.971,3.971,3.971,0,,False,False,True,,,,,,,,,,,,,,,False,False,9.4,,80.7,,75.7,,81.6,,1818,45,4,16,7,141789.6,18905.28,,Idle,,20,,10,,,20,Go Home,False,False,False,False,False,False,False,False,False,False,False,False,33.8027920380556,-117.4659261431046,501.5,2972.0,1049.4,396.9,True,1,1,False,False,False,False,,True,False,False,Course Lock,196.8,67,16.4,93,NE,S,6.03,6.93,Calm,False,False,Android,7.0.2,M300 RTK,1ZN7L4R0H1D00F,1W9DL31001461C,1ZMLH8300204F0,1Z6PH74DAP0QN7,"Corona, CA",728.3,5.7,137.7,8.547347,2.013246,0,0,DJI Matrice 300 RTK,M300 RTK,1ZN7L4R0H1D00F,1W9DL31001461C,1ZMLH8300204F0,1Z6PH74DAP0QN7,DJI Pilot,Android,7.0.2,1EF72A62-B7C3-C88D-164E-CE6F8C8424AE,1ZN7L4R0H1D00F,1W9DL31001461C,,1ZMLH8300204F0,1W9DL31001461C,,,,,
2023-11-01,11:25:48.25 AM,1m 25.9s,85.9,33.8017055330791,-117.4669446479664,41.9,41.9,16.4,1306,516.6,5.854632,6.023145,-4.250186,0,-4.026492,1.342164,0,0,0,-0.9,0.9,-136.8,223.2,220.9,Tripod,Other,,22,5,True,,True,False,,Smart,RC,False,True,False,,,True,,False,False,False,False,False,False,False,False,False,False,0,Follow Yaw,-88.9,0,-145.1,214.9,False,False,False,False,False,,0,0,False,False,No Card,100,100,1024,1348,1164,1024,2,False,False,False,False,False,0,False,False,False,False,95,,47.592,,4736,,4986,,47.592,,True,3.971,3.971,3.971,3.971,3.971,3.971,3.971,3.971,3.971,3.971,3.971,3.971,0,,False,False,True,,,,,,,,,,,,,,,False,False,9.4,,80.7,,75.7,,81.6,,1818,45,4,16,7,141789.6,18905.28,,Idle,,20,,10,,,20,Go Home,False,False,False,False,False,False,False,False,False,False,False,False,33.8027920380556,-117.4659261431046,502.4,2972.0,1049.4,396.9,True,1,1,False,False,False,False,,True,False,False,Course Lock,196.8,67,16.4,93,NE,S,6.26,6.93,Calm,False,False,Android,7.0.2,M300 RTK,1ZN7L4R0H1D00F,1W9DL31001461C,1ZMLH8300204F0,1Z6PH74DAP0QN7,"Corona, CA",728.3,5.7,137.7,8.547347,2.013246,0,0,DJI Matrice 300 RTK,M300 RTK,1ZN7L4R0H1D00F,1W9DL31001461C,1ZMLH8300204F0,1Z6PH74DAP0QN7,DJI Pilot,Android,7.0.2,1EF72A62-B7C3-C88D-164E-CE6F8C8424AE,1ZN7L4R0H1D00F,1W9DL31001461C,,1ZMLH8300204F0,1W9DL31001461C,,,,,
2023-11-01,11:25:48.35 AM,1m 26.0s,86.0,33.8017037309537,-117.4669466674065,41.9,41.9,16.0,1306,517.5,5.854632,6.023145,-4.250186,0,-4.026492,1.342164,0,0,0,-1,1,-136.9,223.1,222.9,Tripod,Other,,22,5,True,,True,False,,Smart,RC,False,True,False,,,True,,False,False,False,False,False,False,False,False,False,False,0,Follow Yaw,-88.9,0,-145.1,214.9,False,False,False,False,False,,0,0,False,False,No Card,100,100,1024,1348,1163,1024,2,False,False,False,False,False,0,False,False,False,False,95,,47.64,,9541,,10044,,47.64,,True,3.971,3.971,3.971,3.971,3.971,3.971,3.971,3.971,3.971,3.971,3.971,3.971,0,,False,False,True,,,,,,,,,,,,,,,False,False,19.206,,81.8,,75.7,,81.8,,1818,45,4,16,7,141789.6,18905.28,,Idle,,20,,10,,,20,Go Home,False,False,False,False,False,False,False,False,False,False,False,False,33.8027920380556,-117.4659261431046,503.3,2972.0,1049.4,396.9,True,1,1,False,False,False,False,,True,False,False,Course Lock,196.8,67,16.4,93,NE,S,6.26,6.93,Calm,False,False,Android,7.0.2,M300 RTK,1ZN7L4R0H1D00F,1W9DL31001461C,1ZMLH8300204F0,1Z6PH74DAP0QN7,"Corona, CA",728.3,5.7,137.7,8.547347,2.013246,0,0,DJI Matrice 300 RTK,M300 RTK,1ZN7L4R0H1D00F,1W9DL31001461C,1ZMLH8300204F0,1Z6PH74DAP0QN7,DJI Pilot,Android,7.0.2,1EF72A62-B7C3-C88D-164E-CE6F8C8424AE,1ZN7L4R0H1D00F,1W9DL31001461C,,1ZMLH8300204F0,1W9DL31001461C,,,,,
2023-11-01,11:25:48.46 AM,1m 26.1s,86.1,33.8017021722554,-117.4669488372484,41.9,41.9,16.0,1306,518.3,5.854632,6.023145,-4.250186,0,-4.026492,1.342164,0,0,-0.1,-1.3,1.3,-137,223,229.1,Tripod,Other,,22,5,True,,True,False,,Smart,RC,False,True,False,,,True,,False,False,False,False,False,False,False,False,False,False,0,Follow Yaw,-88.9,0,-145.1,214.9,False,False,False,False,False,,0,0,False,False,No Card,100,100,1024,1346,1164,1024,2,False,False,False,False,False,0,False,False,False,False,95,,47.64,,9541,,10044,,47.64,,True,3.971,3.971,3.971,3.971,3.971,3.971,3.971,3.971,3.971,3.971,3.971,3.971,0,,False,False,True,,,,,,,,,,,,,,,False,False,19.206,,81.8,,75.7,,81.8,,1818,45,4,16,7,141789.6,18905.28,,Idle,,20,,10,,,20,Go Home,False,False,False,False,False,False,False,False,False,False,False,False,33.8027920380556,-117.4659261431046,504.1,2972.0,1049.4,396.9,True,1,1,False,False,False,False,,True,False,False,Course Lock,196.8,67,16.4,93,NE,S,6.26,6.93,Calm,False,False,Android,7.0.2,M300 RTK,1ZN7L4R0H1D00F,1W9DL31001461C,1ZMLH8300204F0,1Z6PH74DAP0QN7,"Corona, CA",728.3,5.7,137.7,8.547347,2.013246,0,0,DJI Matrice 300 RTK,M300 RTK,1ZN7L4R0H1D00F,1W9DL31001461C,1ZMLH8300204F0,1Z6PH74DAP0QN7,DJI Pilot,Android,7.0.2,1EF72A62-B7C3-C88D-164E-CE6F8C8424AE,1ZN7L4R0H1D00F,1W9DL31001461C,,1ZMLH8300204F0,1W9DL31001461C,,,,,
2023-11-01,11:25:48.56 AM,1m 26.2s,86.2,33.801700393157,-117.466950864597,41.9,41.9,16.0,1306,519.2,5.854632,6.023145,-4.250186,0,-4.026492,1.342164,0,0,-0.1,-1.5,1.5,-137.1,222.9,223.4,Tripod,Other,,22,5,True,,True,False,,Smart,RC,False,True,False,,,True,,False,False,False,False,False,False,False,False,False,False,0,Follow Yaw,-88.9,0,-145.1,214.9,False,False,False,False,False,,0,0,False,False,No Card,100,100,1024,1346,1164,1024,2,False,False,False,False,False,0,False,False,False,False,95,,47.64,,9541,,10044,,47.64,,True,3.971,3.971,3.971,3.971,3.971,3.971,3.971,3.971,3.971,3.971,3.971,3.971,0,,False,False,True,,,,,,,,,,,,,,,False,False,19.206,,81.8,,75.7,,81.8,,1818,45,4,16,7,141789.6,18905.28,,Idle,,20,,10,,,20,Go Home,False,False,False,False,False,False,False,False,False,False,False,False,33.8027920380556,-117.4659261431046,505.0,2972.0,1049.4,396.9,True,1,1,False,False,False,False,,True,False,False,Course Lock,196.8,67,16.4,93,NE,S,6.26,6.93,Calm,False,False,Android,7.0.2,M300 RTK,1ZN7L4R0H1D00F,1W9DL31001461C,1ZMLH8300204F0,1Z6PH74DAP0QN7,"Corona, CA",728.3,5.7,137.7,8.547347,2.013246,0,0,DJI Matrice 300 RTK,M300 RTK,1ZN7L4R0H1D00F,1W9DL31001461C,1ZMLH8300204F0,1Z6PH74DAP0QN7,DJI Pilot,Android,7.0.2,1EF72A62-B7C3-C88D-164E-CE6F8C8424AE,1ZN7L4R0H1D00F,1W9DL31001461C,,1ZMLH8300204F0,1W9DL31001461C,,,,,
2023-11-01,11:25:48.66 AM,1m 26.3s,86.3,33.8016984292955,-117.4669527771528,41.9,41.9,16.0,1306,520.1,5.854632,6.023145,-4.250186,0,-4.026492,1.342164,0,0,-0.2,-1.7,1.7,-137.1,222.9,218.9,Tripod,Other,,22,5,True,,True,False,,Smart,RC,False,True,False,,,True,,False,False,False,False,False,False,False,False,False,False,0,Follow Yaw,-88.9,0,-145.1,214.9,False,False,False,False,False,,0,0,False,False,No Card,100,100,1024,1348,1164,1024,2,False,False,False,False,False,0,False,False,False,False,95,,47.64,,9541,,10044,,47.64,,True,3.971,3.971,3.971,3.971,3.971,3.971,3.971,3.971,3.971,3.971,3.971,3.971,0,,False,False,True,,,,,,,,,,,,,,,False,False,19.206,,81.8,,75.7,,81.8,,1817,46,4,16,7,142292.2,18972.29,,Idle,,20,,10,,,20,Go Home,False,False,False,False,False,False,False,False,False,False,False,False,33.8027920380556,-117.4659261431046,505.9,2972.0,1049.4,396.9,True,1,1,False,False,False,False,,True,False,False,Course Lock,196.8,67,16.4,93,NE,S,6.26,6.93,Calm,False,False,Android,7.0.2,M300 RTK,1ZN7L4R0H1D00F,1W9DL31001461C,1ZMLH8300204F0,1Z6PH74DAP0QN7,"Corona, CA",728.3,5.7,137.7,8.547347,2.013246,0,0,DJI Matrice 300 RTK,M300 RTK,1ZN7L4R0H1D00F,1W9DL31001461C,1ZMLH8300204F0,1Z6PH74DAP0QN7,DJI Pilot,Android,7.0.2,1EF72A62-B7C3-C88D-164E-CE6F8C8424AE,1ZN7L4R0H1D00F,1W9DL31001461C,,1ZMLH8300204F0,1W9DL31001461C,,,,,
2023-11-01,11:25:48.76 AM,1m 26.4s,86.4,33.8016966271701,-117.4669547827386,41.9,41.9,16.0,1306,521.0,5.854632,6.023145,-4.250186,0,-4.026492,1.342164,0,0,-0.2,-1.6,1.6,-137.2,222.8,222.7,Tripod,Other,,22,5,True,,True,False,,Smart,RC,False,True,False,,,True,,False,False,False,False,False,False,False,False,False,False,0,Follow Yaw,-88.9,0,-145.1,214.9,False,False,False,False,False,,0,0,False,False,No Card,100,100,1024,1347,1166,1024,2,False,False,False,False,False,0,False,False,False,False,95,,47.64,,9541,,10044,,47.64,,True,3.971,3.971,3.971,3.971,3.971,3.971,3.971,3.971,3.971,3.971,3.971,3.971,0,,False,False,True,,,,,,,,,,,,,,,False,False,19.206,,81.8,,75.7,,81.8,,1817,46,4,16,7,142292.2,18972.29,,Idle,,20,,10,,,20,Go Home,False,False,False,False,False,False,False,False,False,False,False,False,33.8027920380556,-117.4659261431046,506.8,2972.0,1049.4,396.9,True,1,1,False,False,False,False,,True,False,False,Course Lock,196.8,67,16.4,93,NE,S,6.26,6.93,Calm,False,False,Android,7.0.2,M300 RTK,1ZN7L4R0H1D00F,1W9DL31001461C,1ZMLH8300204F0,1Z6PH74DAP0QN7,"Corona, CA",728.3,5.7,137.7,8.547347,2.013246,0,0,DJI Matrice 300 RTK,M300 RTK,1ZN7L4R0H1D00F,1W9DL31001461C,1ZMLH8300204F0,1Z6PH74DAP0QN7,DJI Pilot,Android,7.0.2,1EF72A62-B7C3-C88D-164E-CE6F8C8424AE,1ZN7L4R0H1D00F,1W9DL31001461C,,1ZMLH8300204F0,1W9DL31001461C,,,,,
2023-11-01,11:25:48.87 AM,1m 26.5s,86.5,33.8016949599166,-117.466956870774,41.9,41.9,16.0,1306,521.9,5.854632,6.023145,-4.250186,0,-4.026492,1.342164,0,0,-0.2,-1.5,1.5,-137.2,222.8,226.1,Tripod,Other,,22,5,True,,True,False,,Smart,RC,False,True,False,,,True,,False,False,False,False,False,False,False,False,False,False,0,Follow Yaw,-88.9,0,-145.1,214.9,False,False,False,False,False,,0,0,False,False,No Card,100,100,1024,1348,1168,1024,2,False,False,False,False,False,0,False,False,False,False,95,,47.64,,9541,,10044,,47.64,,True,3.971,3.971,3.971,3.971,3.971,3.971,3.971,3.971,3.971,3.971,3.971,3.971,0,,False,False,True,,,,,,,,,,,,,,,False,False,19.206,,81.8,,75.7,,81.8,,1817,46,4,16,7,142292.2,18972.29,,Idle,,20,,10,,,20,Go Home,False,False,False,False,False,False,False,False,False,False,False,False,33.8027920380556,-117.4659261431046,507.7,2972.0,1049.4,396.9,True,1,1,False,False,False,False,,True,False,False,Course Lock,196.8,67,16.4,93,NE,S,6.26,6.93,Calm,False,False,Android,7.0.2,M300 RTK,1ZN7L4R0H1D00F,1W9DL31001461C,1ZMLH8300204F0,1Z6PH74DAP0QN7,"Corona, CA",728.3,5.7,137.7,8.547347,2.013246,0,0,DJI Matrice 300 RTK,M300 RTK,1ZN7L4R0H1D00F,1W9DL31001461C,1ZMLH8300204F0,1Z6PH74DAP0QN7,DJI Pilot,Android,7.0.2,1EF72A62-B7C3-C88D-164E-CE6F8C8424AE,1ZN7L4R0H1D00F,1W9DL31001461C,,1ZMLH8300204F0,1W9DL31001461C,,,,,
2023-11-01,11:25:48.97 AM,1m 26.6s,86.6,33.8016931599844,-117.4669588684348,41.9,41.9,16.0,1306,522.8,5.854632,6.023145,-4.250186,0,-4.026492,1.342164,0,0,0,-1.4,1.4,-137.2,222.8,222.6,Tripod,Other,,22,5,True,,True,False,,Smart,RC,False,True,False,,,True,,False,False,False,False,False,False,False,False,False,False,0,Follow Yaw,-88.9,0,-145.1,214.9,False,False,False,False,False,,0,0,False,False,No Card,100,100,1024,1348,1167,1024,2,False,False,False,False,False,0,False,False,False,False,95,,47.64,,9541,,10044,,47.64,,True,3.971,3.971,3.971,3.971,3.971,3.971,3.971,3.971,3.971,3.971,3.971,3.971,0,,False,False,True,,,,,,,,,,,,,,,False,False,19.206,,81.8,,75.7,,81.8,,1817,46,4,16,7,142292.2,18972.29,,Idle,,20,,10,,,20,Go Home,False,False,False,False,False,False,False,False,False,False,False,False,33.8027920380556,-117.4659261431046,508.6,2972.0,1049.4,396.9,True,1,1,False,False,False,False,,True,False,False,Course Lock,196.8,67,16.4,93,NE,S,6.03,6.93,Calm,False,False,Android,7.0.2,M300 RTK,1ZN7L4R0H1D00F,1W9DL31001461C,1ZMLH8300204F0,1Z6PH74DAP0QN7,"Corona, CA",728.3,5.7,137.7,8.547347,2.013246,0,0,DJI Matrice 300 RTK,M300 RTK,1ZN7L4R0H1D00F,1W9DL31001461C,1ZMLH8300204F0,1Z6PH74DAP0QN7,DJI Pilot,Android,7.0.2,1EF72A62-B7C3-C88D-164E-CE6F8C8424AE,1ZN7L4R0H1D00F,1W9DL31001461C,,1ZMLH8300204F0,1W9DL31001461C,,,,,
2023-11-01,11:25:49.07 AM,1m 26.7s,86.7,33.8016914538044,-117.4669606055025,41.9,41.9,16.0,1306,523.6,5.854632,6.023145,-4.250186,0,-4.026492,1.342164,0,0,0,-1.2,1.2,-137.1,222.9,220.2,Tripod,Other,,22,5,True,,True,False,,Smart,RC,False,True,False,,,True,,False,False,False,False,False,False,False,False,False,False,0,Follow Yaw,-88.9,0,-145.1,214.9,False,False,False,False,False,,0,0,False,False,No Card,100,100,1024,1348,1166,1024,2,False,False,False,False,False,0,False,False,False,False,95,,47.616,,4736,,4986,,47.616,,True,3.971,3.971,3.971,3.971,3.971,3.971,3.971,3.971,3.971,3.971,3.971,3.971,0,,False,False,True,,,,,,,,,,,,,,,False,False,9.386,,80.9,,75.7,,81.8,,1817,46,4,16,7,142292.2,18972.29,,Idle,,20,,10,,,20,Go Home,False,False,False,False,False,False,False,False,False,False,False,False,33.8027920380556,-117.4659261431046,509.4,2972.0,1049.4,396.9,True,1,1,False,False,False,False,,True,False,False,Course Lock,196.8,67,16.4,93,NE,S,6.03,6.93,Calm,False,False,Android,7.0.2,M300 RTK,1ZN7L4R0H1D00F,1W9DL31001461C,1ZMLH8300204F0,1Z6PH74DAP0QN7,"Corona, CA",728.3,5.7,137.7,8.547347,2.013246,0,0,DJI Matrice 300 RTK,M300 RTK,1ZN7L4R0H1D00F,1W9DL31001461C,1ZMLH8300204F0,1Z6PH74DAP0QN7,DJI Pilot,Android,7.0.2,1EF72A62-B7C3-C88D-164E-CE6F8C8424AE,1ZN7L4R0H1D00F,1W9DL31001461C,,1ZMLH8300204F0,1W9DL31001461C,,,,,
2023-11-01,11:25:49.18 AM,1m 26.8s,86.8,33.8016896604513,-117.4669625708365,41.9,41.9,16.0,1306,524.5,5.854632,6.023145,-4.250186,0,-4.026492,1.342164,-0.223694,0,0,-1,1,-137.1,222.9,222.3,Tripod,Other,,22,5,True,,True,False,,Smart,RC,False,True,False,,,True,,False,False,False,False,False,False,False,False,False,False,0,Follow Yaw,-88.9,0,-145.1,214.9,False,False,False,False,False,,0,0,False,False,No Card,100,100,1024,1347,1168,1024,2,False,False,False,False,False,0,False,False,False,False,95,,47.616,,4736,,4986,,47.616,,True,3.971,3.971,3.971,3.971,3.971,3.971,3.971,3.971,3.971,3.971,3.971,3.971,0,,False,False,True,,,,,,,,,,,,,,,False,False,9.386,,80.9,,75.7,,81.8,,1817,46,4,16,7,142292.2,18972.29,,Idle,,20,,10,,,20,Go Home,False,False,False,False,False,False,False,False,False,False,False,False,33.8027920380556,-117.4659261431046,510.3,2972.0,1049.4,396.9,True,1,1,False,False,False,False,,True,False,False,Course Lock,196.8,67,16.4,93,NE,S,6.03,6.93,Calm,False,False,Android,7.0.2,M300 RTK,1ZN7L4R0H1D00F,1W9DL31001461C,1ZMLH8300204F0,1Z6PH74DAP0QN7,"Corona, CA",728.3,5.7,137.7,8.547347,2.013246,0,0,DJI Matrice 300 RTK,M300 RTK,1ZN7L4R0H1D00F,1W9DL31001461C,1ZMLH8300204F0,1Z6PH74DAP0QN7,DJI Pilot,Android,7.0.2,1EF72A62-B7C3-C88D-164E-CE6F8C8424AE,1ZN7L4R0H1D00F,1W9DL31001461C,,1ZMLH8300204F0,1W9DL31001461C,,,,,
2023-11-01,11:25:49.24 AM,1m 26.9s,86.9,33.8016876916555,-117.4669647162767,42.3,42.3,16.0,1306,525.5,5.854632,6.023145,-4.250186,0,-4.026492,1.342164,-0.223694,0,-0.1,-1,1,-137,223,222.1,Tripod,Other,,22,5,True,,True,False,,Smart,RC,False,True,False,,,True,,False,False,False,False,False,False,False,False,False,False,0,Follow Yaw,-88.9,0,-145.1,214.9,False,False,False,False,False,,0,0,False,False,No Card,100,100,1024,1343,1172,1024,2,False,False,False,False,False,0,False,False,False,False,95,,47.616,,4736,,4986,,47.616,,True,3.971,3.971,3.971,3.971,3.971,3.971,3.971,3.971,3.971,3.971,3.971,3.971,0,,False,False,True,,,,,,,,,,,,,,,False,False,9.386,,80.9,,75.7,,81.8,,1817,46,4,16,7,142292.2,18972.29,,Idle,,20,,10,,,20,Go Home,False,False,False,False,False,False,False,False,False,False,False,False,33.8027920380556,-117.4659261431046,511.3,2972.0,1049.4,396.9,True,1,1,False,False,False,False,,True,False,False,Course Lock,196.8,67,16.4,93,NE,S,6.03,6.93,Calm,False,False,Android,7.0.2,M300 RTK,1ZN7L4R0H1D00F,1W9DL31001461C,1ZMLH8300204F0,1Z6PH74DAP0QN7,"Corona, CA",728.3,5.7,137.7,8.547347,2.013246,0,0,DJI Matrice 300 RTK,M300 RTK,1ZN7L4R0H1D00F,1W9DL31001461C,1ZMLH8300204F0,1Z6PH74DAP0QN7,DJI Pilot,Android,7.0.2,1EF72A62-B7C3-C88D-164E-CE6F8C8424AE,1ZN7L4R0H1D00F,1W9DL31001461C,,1ZMLH8300204F0,1W9DL31001461C,,,,,
2023-11-01,11:25:49.34 AM,1m 27.0s,87.0,33.8016858928198,-117.4669666954651,42.3,42.3,16.0,1306,526.4,5.854632,6.023145,-4.250186,0,-4.026492,1.342164,-0.223694,0,-0.2,-1,1,-137,223,222.4,Tripod,Other,,22,5,True,,True,False,,Smart,RC,False,True,False,,,True,,False,False,False,False,False,False,False,False,False,False,0,Follow Yaw,-88.9,0,-145.1,214.9,False,False,False,False,False,,0,0,False,False,No Card,100,100,1024,1349,1172,1024,2,False,False,False,False,False,0,False,False,False,False,95,,47.628,,9541,,10044,,47.628,,True,3.971,3.971,3.971,3.971,3.971,3.971,3.971,3.971,3.971,3.971,3.971,3.971,0,,False,False,True,,,,,,,,,,,,,,,False,False,19.2,,81.8,,75.7,,81.8,,1817,46,4,16,7,142292.2,18972.29,,Idle,,20,,10,,,20,Go Home,False,False,False,False,False,False,False,False,False,False,False,False,33.8027920380556,-117.4659261431046,512.1,2972.0,1049.4,396.9,True,1,1,False,False,False,False,,True,False,False,Course Lock,196.8,67,16.4,93,NE,S,6.03,6.93,Calm,False,False,Android,7.0.2,M300 RTK,1ZN7L4R0H1D00F,1W9DL31001461C,1ZMLH8300204F0,1Z6PH74DAP0QN7,"Corona, CA",728.3,5.7,137.7,8.547347,2.013246,0,0,DJI Matrice 300 RTK,M300 RTK,1ZN7L4R0H1D00F,1W9DL31001461C,1ZMLH8300204F0,1Z6PH74DAP0QN7,DJI Pilot,Android,7.0.2,1EF72A62-B7C3-C88D-164E-CE6F8C8424AE,1ZN7L4R0H1D00F,1W9DL31001461C,,1ZMLH8300204F0,1W9DL31001461C,,,,,
2023-11-01,11:25:49.44 AM,1m 27.1s,87.1,33.8016841137215,-117.4669688666348,42.3,42.3,16.0,1306,527.3,5.854632,6.023145,-4.250186,0,-4.026492,1.342164,-0.223694,0,-0.2,-1.1,1.1,-137,223,225.4,Tripod,Other,,22,5,True,,True,False,,Smart,RC,False,True,False,,,True,,False,False,False,False,False,False,False,False,False,False,0,Follow Yaw,-88.9,0,-145.1,214.9,False,False,False,False,False,,0,0,False,False,No Card,100,100,1024,1349,1179,1024,2,False,False,False,False,False,0,False,False,False,False,95,,47.628,,9541,,10044,,47.628,,True,3.971,3.971,3.971,3.971,3.971,3.971,3.971,3.971,3.971,3.971,3.971,3.971,0,,False,False,True,,,,,,,,,,,,,,,False,False,19.2,,81.8,,75.7,,81.8,,1817,46,4,16,7,142292.2,18972.29,,Idle,,20,,10,,,20,Go Home,False,False,False,False,False,False,False,False,False,False,False,False,33.8027920380556,-117.4659261431046,513.1,2972.0,1049.4,396.9,True,1,1,False,False,False,False,,True,False,False,Course Lock,196.8,67,16.4,93,NE,S,6.03,6.93,Calm,False,False,Android,7.0.2,M300 RTK,1ZN7L4R0H1D00F,1W9DL31001461C,1ZMLH8300204F0,1Z6PH74DAP0QN7,"Corona, CA",728.3,5.7,137.7,8.547347,2.013246,0,0,DJI Matrice 300 RTK,M300 RTK,1ZN7L4R0H1D00F,1W9DL31001461C,1ZMLH8300204F0,1Z6PH74DAP0QN7,DJI Pilot,Android,7.0.2,1EF72A62-B7C3-C88D-164E-CE6F8C8424AE,1ZN7L4R0H1D00F,1W9DL31001461C,,1ZMLH8300204F0,1W9DL31001461C,,,,,
2023-11-01,11:25:49.54 AM,1m 27.2s,87.2,33.801682315434,-117.466970858358,42.3,42.3,16.0,1306,528.2,5.854632,6.023145,-4.250186,0,-4.026492,1.342164,-0.223694,0,-0.2,-1.1,1.1,-137,223,222.6,Tripod,Other,,22,5,True,,True,False,,Smart,RC,False,True,False,,,True,,False,False,False,False,False,False,False,False,False,False,0,Follow Yaw,-88.9,0,-145.1,214.9,False,False,False,False,False,,0,0,False,False,No Card,100,100,1024,1348,1182,1024,2,False,False,False,False,False,0,False,False,False,False,95,,47.628,,9541,,10044,,47.628,,True,3.971,3.971,3.971,3.971,3.971,3.971,3.971,3.971,3.971,3.971,3.971,3.971,0,,False,False,True,,,,,,,,,,,,,,,False,False,19.2,,81.8,,75.7,,81.8,,1817,46,4,16,7,142292.2,18972.29,,Idle,,20,,10,,,20,Go Home,False,False,False,False,False,False,False,False,False,False,False,False,33.8027920380556,-117.4659261431046,513.9,2972.0,1049.4,396.9,True,1,1,False,False,False,False,,True,False,False,Course Lock,196.8,67,16.4,93,NE,S,6.03,6.93,Calm,False,False,Android,7.0.2,M300 RTK,1ZN7L4R0H1D00F,1W9DL31001461C,1ZMLH8300204F0,1Z6PH74DAP0QN7,"Corona, CA",728.3,5.7,137.7,8.547347,2.013246,0,0,DJI Matrice 300 RTK,M300 RTK,1ZN7L4R0H1D00F,1W9DL31001461C,1ZMLH8300204F0,1Z6PH74DAP0QN7,DJI Pilot,Android,7.0.2,1EF72A62-B7C3-C88D-164E-CE6F8C8424AE,1ZN7L4R0H1D00F,1W9DL31001461C,,1ZMLH8300204F0,1W9DL31001461C,,,,,
2023-11-01,11:25:49.64 AM,1m 27.3s,87.3,33.8016805314013,-117.4669728843872,42.3,42.3,16.0,1306,529.1,5.854632,6.023145,-4.250186,0,-4.026492,1.342164,-0.223694,0,-0.1,-1,1,-137.1,222.9,223.3,Tripod,Other,,22,5,True,,True,False,,Smart,RC,False,True,False,,,True,,False,False,False,False,False,False,False,False,False,False,0,Follow Yaw,-88.9,0,-145.1,214.9,False,False,False,False,False,,0,0,False,False,No Card,100,100,1024,1346,1182,1024,2,False,False,False,False,False,0,False,False,False,False,95,,47.628,,9541,,10044,,47.628,,True,3.969,3.969,3.969,3.969,3.969,3.969,3.969,3.969,3.969,3.969,3.969,3.969,0,,False,False,True,,,,,,,,,,,,,,,False,False,19.2,,81.8,,75.7,,81.8,,1816,46,4,16,7,142755.6,19034.08,,Idle,,20,,10,,,20,Go Home,False,False,False,False,False,False,False,False,False,False,False,False,33.8027920380556,-117.4659261431046,514.8,2972.0,1049.4,396.9,True,1,1,False,False,False,False,,True,False,False,Course Lock,196.8,67,16.4,93,NE,S,6.03,6.93,Calm,False,False,Android,7.0.2,M300 RTK,1ZN7L4R0H1D00F,1W9DL31001461C,1ZMLH8300204F0,1Z6PH74DAP0QN7,"Corona, CA",728.3,5.7,137.7,8.547347,2.013246,0,0,DJI Matrice 300 RTK,M300 RTK,1ZN7L4R0H1D00F,1W9DL31001461C,1ZMLH8300204F0,1Z6PH74DAP0QN7,DJI Pilot,Android,7.0.2,1EF72A62-B7C3-C88D-164E-CE6F8C8424AE,1ZN7L4R0H1D00F,1W9DL31001461C,,1ZMLH8300204F0,1W9DL31001461C,,,,,
2023-11-01,11:25:49.74 AM,1m 27.4s,87.4,33.8016787331139,-117.4669748767702,42.3,42.3,16.0,1306,530.0,5.854632,6.023145,-4.250186,0,-4.026492,1.342164,-0.223694,0,-0.1,-0.9,0.9,-137,223,222.6,Tripod,Other,,22,5,True,,True,False,,Smart,RC,False,True,False,,,True,,False,False,False,False,False,False,False,False,False,False,0,Follow Yaw,-88.9,0,-145.1,214.9,False,False,False,False,False,,0,0,False,False,No Card,100,100,1024,1349,1178,1024,2,False,False,False,False,False,0,False,False,False,False,95,,47.628,,9541,,10044,,47.628,,True,3.969,3.969,3.969,3.969,3.969,3.969,3.969,3.969,3.969,3.969,3.969,3.969,0,,False,False,True,,,,,,,,,,,,,,,False,False,19.2,,81.8,,75.7,,81.8,,1816,46,4,16,7,142755.6,19034.08,,Idle,,20,,10,,,20,Go Home,False,False,False,False,False,False,False,False,False,False,False,False,33.8027920380556,-117.4659261431046,515.7,2972.0,1049.4,396.9,True,1,1,False,False,False,False,,True,False,False,Course Lock,196.8,67,16.4,93,NE,S,6.03,6.93,Calm,False,False,Android,7.0.2,M300 RTK,1ZN7L4R0H1D00F,1W9DL31001461C,1ZMLH8300204F0,1Z6PH74DAP0QN7,"Corona, CA",728.3,5.7,137.7,8.547347,2.013246,0,0,DJI Matrice 300 RTK,M300 RTK,1ZN7L4R0H1D00F,1W9DL31001461C,1ZMLH8300204F0,1Z6PH74DAP0QN7,DJI Pilot,Android,7.0.2,1EF72A62-B7C3-C88D-164E-CE6F8C8424AE,1ZN7L4R0H1D00F,1W9DL31001461C,,1ZMLH8300204F0,1W9DL31001461C,,,,,
2023-11-01,11:25:49.84 AM,1m 27.5s,87.5,33.8016767588355,-117.4669768625558,42.3,42.3,16.0,1306,530.9,5.854632,6.023145,-4.250186,0,-4.026492,1.342164,-0.223694,0,-0.1,-0.8,0.8,-137,223,219.8,Tripod,Other,,22,5,True,,True,False,,Smart,RC,False,True,False,,,True,,False,False,False,False,False,False,False,False,False,False,0,Follow Yaw,-88.9,0,-145.1,214.9,False,False,False,False,False,,0,0,False,False,No Card,100,100,1024,1349,1178,1024,2,False,False,False,False,False,0,False,False,False,False,95,,47.628,,9541,,10044,,47.628,,True,3.969,3.969,3.969,3.969,3.969,3.969,3.969,3.969,3.969,3.969,3.969,3.969,0,,False,False,True,,,,,,,,,,,,,,,False,False,19.2,,81.8,,75.7,,81.8,,1816,46,4,16,7,142755.6,19034.08,,Idle,,20,,10,,,20,Go Home,False,False,False,False,False,False,False,False,False,False,False,False,33.8027920380556,-117.4659261431046,516.7,2972.0,1049.4,396.9,True,1,1,False,False,False,False,,True,False,False,Course Lock,196.8,67,16.4,93,NE,S,6.03,6.93,Calm,False,False,Android,7.0.2,M300 RTK,1ZN7L4R0H1D00F,1W9DL31001461C,1ZMLH8300204F0,1Z6PH74DAP0QN7,"Corona, CA",728.3,5.7,137.7,8.547347,2.013246,0,0,DJI Matrice 300 RTK,M300 RTK,1ZN7L4R0H1D00F,1W9DL31001461C,1ZMLH8300204F0,1Z6PH74DAP0QN7,DJI Pilot,Android,7.0.2,1EF72A62-B7C3-C88D-164E-CE6F8C8424AE,1ZN7L4R0H1D00F,1W9DL31001461C,,1ZMLH8300204F0,1W9DL31001461C,,,,,
2023-11-01,11:25:49.94 AM,1m 27.6s,87.6,33.8016749462934,-117.4669788549388,42.3,42.3,16.0,1306,531.8,5.854632,6.023145,-4.250186,0,-4.026492,1.342164,-0.223694,0,0,-0.7,0.7,-137,223,222.4,Tripod,Other,,22,5,True,,True,False,,Smart,RC,False,True,False,,,True,,False,False,False,False,False,False,False,False,False,False,0,Follow Yaw,-88.9,0,-145.1,214.9,False,False,False,False,False,,0,0,False,False,No Card,100,100,1024,1352,1176,1024,2,False,False,False,False,False,0,False,False,False,False,95,,47.628,,9541,,10044,,47.628,,True,3.969,3.969,3.969,3.969,3.969,3.969,3.969,3.969,3.969,3.969,3.969,3.969,0,,False,False,True,,,,,,,,,,,,,,,False,False,19.2,,81.8,,75.7,,81.8,,1816,46,4,16,7,142755.6,19034.08,,Idle,,20,,10,,,20,Go Home,False,False,False,False,False,False,False,False,False,False,False,False,33.8027920380556,-117.4659261431046,517.6,2972.0,1049.4,396.9,True,1,1,False,False,False,False,,True,False,False,Course Lock,196.8,67,16.4,93,NE,S,6.03,6.93,Calm,False,False,Android,7.0.2,M300 RTK,1ZN7L4R0H1D00F,1W9DL31001461C,1ZMLH8300204F0,1Z6PH74DAP0QN7,"Corona, CA",728.3,5.7,137.7,8.547347,2.013246,0,0,DJI Matrice 300 RTK,M300 RTK,1ZN7L4R0H1D00F,1W9DL31001461C,1ZMLH8300204F0,1Z6PH74DAP0QN7,DJI Pilot,Android,7.0.2,1EF72A62-B7C3-C88D-164E-CE6F8C8424AE,1ZN7L4R0H1D00F,1W9DL31001461C,,1ZMLH8300204F0,1W9DL31001461C,,,,,
2023-11-01,11:25:50.04 AM,1m 27.7s,87.7,33.8016731748706,-117.4669807002021,42.3,42.3,16.0,1306,532.7,5.854632,6.023145,-4.250186,0,-4.026492,1.342164,-0.223694,0,0,-0.8,0.8,-137,223,220.8,Tripod,Other,,22,5,True,,True,False,,Smart,RC,False,True,False,,,True,,False,False,False,False,False,False,False,False,False,False,0,Follow Yaw,-88.9,0,-145.1,214.9,False,False,False,False,False,,0,0,False,False,No Card,100,100,1024,1352,1177,1024,2,False,False,False,False,False,0,False,False,False,False,95,,47.628,,9541,,10044,,47.628,,True,3.969,3.969,3.969,3.969,3.969,3.969,3.969,3.969,3.969,3.969,3.969,3.969,0,,False,False,True,,,,,,,,,,,,,,,False,False,19.2,,81.8,,75.7,,81.8,,1816,46,4,16,7,142755.6,19034.08,,Idle,,20,,10,,,20,Go Home,False,False,False,False,False,False,False,False,False,False,False,False,33.8027920380556,-117.4659261431046,518.4,2972.0,1049.4,396.9,True,1,1,False,False,False,False,,True,False,False,Course Lock,196.8,67,16.4,93,NE,S,6.03,6.93,Calm,False,False,Android,7.0.2,M300 RTK,1ZN7L4R0H1D00F,1W9DL31001461C,1ZMLH8300204F0,1Z6PH74DAP0QN7,"Corona, CA",728.3,5.7,137.7,8.547347,2.013246,0,0,DJI Matrice 300 RTK,M300 RTK,1ZN7L4R0H1D00F,1W9DL31001461C,1ZMLH8300204F0,1Z6PH74DAP0QN7,DJI Pilot,Android,7.0.2,1EF72A62-B7C3-C88D-164E-CE6F8C8424AE,1ZN7L4R0H1D00F,1W9DL31001461C,,1ZMLH8300204F0,1W9DL31001461C,,,,,
2023-11-01,11:25:50.14 AM,1m 27.8s,87.8,33.8016713672628,-117.4669826793905,42.6,42.6,16.0,1306,533.5,5.854632,6.023145,-4.250186,0,-4.026492,1.342164,-0.223694,0,-0.1,-0.8,0.8,-137,223,222.2,Tripod,Other,,22,5,True,,True,False,,Smart,RC,False,True,False,,,True,,False,False,False,False,False,False,False,False,False,False,0,Follow Yaw,-88.9,0,-145.1,214.9,False,False,False,False,False,,0,0,False,False,No Card,100,100,1024,1350,1178,1024,2,False,False,False,False,False,0,False,False,False,False,95,,47.628,,9541,,10044,,47.628,,True,3.969,3.969,3.969,3.969,3.969,3.969,3.969,3.969,3.969,3.969,3.969,3.969,0,,False,False,True,,,,,,,,,,,,,,,False,False,19.2,,81.8,,75.7,,81.8,,1816,46,4,16,7,142755.6,19034.08,,Idle,,20,,10,,,20,Go Home,False,False,False,False,False,False,False,False,False,False,False,False,33.8027920380556,-117.4659261431046,519.3,2972.0,1049.4,396.9,True,1,1,False,False,False,False,,True,False,False,Course Lock,196.8,67,16.4,93,NE,S,6.03,6.93,Calm,False,False,Android,7.0.2,M300 RTK,1ZN7L4R0H1D00F,1W9DL31001461C,1ZMLH8300204F0,1Z6PH74DAP0QN7,"Corona, CA",728.3,5.7,137.7,8.547347,2.013246,0,0,DJI Matrice 300 RTK,M300 RTK,1ZN7L4R0H1D00F,1W9DL31001461C,1ZMLH8300204F0,1Z6PH74DAP0QN7,DJI Pilot,Android,7.0.2,1EF72A62-B7C3-C88D-164E-CE6F8C8424AE,1ZN7L4R0H1D00F,1W9DL31001461C,,1ZMLH8300204F0,1W9DL31001461C,,,,,
2023-11-01,11:25:50.24 AM,1m 27.9s,87.9,33.8016696040639,-117.4669846018422,42.6,42.6,16.0,1306,534.4,5.854632,6.023145,-4.250186,0,-4.026492,1.342164,-0.223694,0,-0.2,-0.8,0.8,-136.9,223.1,222.1,Tripod,Other,,22,5,True,,True,False,,Smart,RC,False,True,False,,,True,,False,False,False,False,False,False,False,False,False,False,0,Follow Yaw,-88.9,0,-145.1,214.9,False,False,False,False,False,,0,0,False,False,No Card,100,100,1024,1352,1177,1024,2,False,False,False,False,False,0,False,False,False,False,95,,47.592,,4736,,4986,,47.592,,True,3.969,3.969,3.969,3.969,3.969,3.969,3.969,3.969,3.969,3.969,3.969,3.969,0,,False,False,True,,,,,,,,,,,,,,,False,False,9.306,,81.1,,75.7,,81.8,,1816,46,4,16,7,142755.6,19034.08,,Idle,,20,,10,,,20,Go Home,False,False,False,False,False,False,False,False,False,False,False,False,33.8027920380556,-117.4659261431046,520.2,2972.0,1049.4,396.9,True,1,1,False,False,False,False,,True,False,False,Course Lock,196.8,67,16.4,93,NE,S,6.03,6.93,Calm,False,False,Android,7.0.2,M300 RTK,1ZN7L4R0H1D00F,1W9DL31001461C,1ZMLH8300204F0,1Z6PH74DAP0QN7,"Corona, CA",728.3,5.7,137.7,8.547347,2.013246,0,0,DJI Matrice 300 RTK,M300 RTK,1ZN7L4R0H1D00F,1W9DL31001461C,1ZMLH8300204F0,1Z6PH74DAP0QN7,DJI Pilot,Android,7.0.2,1EF72A62-B7C3-C88D-164E-CE6F8C8424AE,1ZN7L4R0H1D00F,1W9DL31001461C,,1ZMLH8300204F0,1W9DL31001461C,,,,,
2023-11-01,11:25:50.34 AM,1m 28.0s,88.0,33.8016678057765,-117.4669865810306,42.6,42.6,16.0,1306,535.3,5.854632,6.023145,-4.250186,0,-4.026492,1.342164,-0.223694,0,-0.2,-0.8,0.8,-136.9,223.1,222.4,Tripod,Other,,22,5,True,,True,False,,Smart,RC,False,True,False,,,True,,False,False,False,False,False,False,False,False,False,False,0,Follow Yaw,-88.9,0,-145.1,214.9,False,False,False,False,False,,0,0,False,False,No Card,100,100,1024,1352,1177,1024,2,False,False,False,False,False,0,False,False,False,False,95,,47.652,,9541,,10044,,47.652,,True,3.969,3.969,3.969,3.969,3.969,3.969,3.969,3.969,3.969,3.969,3.969,3.969,0,,False,False,True,,,,,,,,,,,,,,,False,False,19.048,,81.8,,75.7,,81.8,,1816,46,4,16,7,142755.6,19034.08,,Idle,,20,,10,,,20,Go Home,False,False,False,False,False,False,False,False,False,False,False,False,33.8027920380556,-117.4659261431046,521.1,2972.0,1049.4,396.9,True,1,1,False,False,False,False,,True,False,False,Course Lock,196.8,67,16.4,93,NE,S,6.03,6.93,Calm,False,False,Android,7.0.2,M300 RTK,1ZN7L4R0H1D00F,1W9DL31001461C,1ZMLH8300204F0,1Z6PH74DAP0QN7,"Corona, CA",728.3,5.7,137.7,8.547347,2.013246,0,0,DJI Matrice 300 RTK,M300 RTK,1ZN7L4R0H1D00F,1W9DL31001461C,1ZMLH8300204F0,1Z6PH74DAP0QN7,DJI Pilot,Android,7.0.2,1EF72A62-B7C3-C88D-164E-CE6F8C8424AE,1ZN7L4R0H1D00F,1W9DL31001461C,,1ZMLH8300204F0,1W9DL31001461C,,,,,
2023-11-01,11:25:50.44 AM,1m 28.1s,88.1,33.8016660283229,-117.4669884533427,42.6,42.6,16.0,1306,536.2,5.854632,6.023145,-4.250186,0,-4.026492,1.342164,-0.223694,0,-0.2,-0.8,0.8,-136.9,223.1,221.1,Tripod,Other,,22,5,True,,True,False,,Smart,RC,False,True,False,,,True,,False,False,False,False,False,False,False,False,False,False,0,Follow Yaw,-88.9,0,-145.1,214.9,False,False,False,False,False,,0,0,False,False,No Card,100,100,1024,1352,1175,1024,2,False,False,False,False,False,0,False,False,False,False,95,,47.652,,9541,,10044,,47.652,,True,3.969,3.969,3.969,3.969,3.969,3.969,3.969,3.969,3.969,3.969,3.969,3.969,0,,False,False,True,,,,,,,,,,,,,,,False,False,19.048,,81.8,,75.7,,81.8,,1816,46,4,16,7,142755.6,19034.08,,Idle,,20,,10,,,20,Go Home,False,False,False,False,False,False,False,False,False,False,False,False,33.8027920380556,-117.4659261431046,521.9,2972.0,1049.4,396.9,True,1,1,False,False,False,False,,True,False,False,Course Lock,196.8,67,16.4,93,NE,S,6.03,6.93,Calm,False,False,Android,7.0.2,M300 RTK,1ZN7L4R0H1D00F,1W9DL31001461C,1ZMLH8300204F0,1Z6PH74DAP0QN7,"Corona, CA",728.3,5.7,137.7,8.547347,2.013246,0,0,DJI Matrice 300 RTK,M300 RTK,1ZN7L4R0H1D00F,1W9DL31001461C,1ZMLH8300204F0,1Z6PH74DAP0QN7,DJI Pilot,Android,7.0.2,1EF72A62-B7C3-C88D-164E-CE6F8C8424AE,1ZN7L4R0H1D00F,1W9DL31001461C,,1ZMLH8300204F0,1W9DL31001461C,,,,,
2023-11-01,11:25:50.51 AM,1m 28.2s,88.2,33.8016642300355,-117.4669904193366,42.6,42.6,16.0,1306,537.1,5.854632,6.023145,-4.250186,0,-4.026492,1.342164,-0.223694,0,-0.1,-0.8,0.8,-137,223,222.2,Tripod,Other,,22,5,True,,True,False,,Smart,RC,False,True,False,,,True,,False,False,False,False,False,False,False,False,False,False,0,Follow Yaw,-88.9,0,-145.1,214.9,False,False,False,False,False,,0,0,False,False,No Card,100,100,1024,1352,1175,1024,2,False,False,False,False,False,0,False,False,False,False,95,,47.652,,9541,,10044,,47.652,,True,3.969,3.969,3.969,3.969,3.969,3.969,3.969,3.969,3.969,3.969,3.969,3.969,0,,False,False,True,,,,,,,,,,,,,,,False,False,19.048,,81.8,,75.7,,81.8,,1816,46,4,16,7,142755.6,19034.08,,Idle,,20,,10,,,20,Go Home,False,False,False,False,False,False,False,False,False,False,False,False,33.8027920380556,-117.4659261431046,522.8,2972.0,1049.4,396.9,True,1,1,False,False,False,False,,True,False,False,Course Lock,196.8,67,16.4,93,NE,S,6.03,6.93,Calm,False,False,Android,7.0.2,M300 RTK,1ZN7L4R0H1D00F,1W9DL31001461C,1ZMLH8300204F0,1Z6PH74DAP0QN7,"Corona, CA",728.3,5.7,137.7,8.547347,2.013246,0,0,DJI Matrice 300 RTK,M300 RTK,1ZN7L4R0H1D00F,1W9DL31001461C,1ZMLH8300204F0,1Z6PH74DAP0QN7,DJI Pilot,Android,7.0.2,1EF72A62-B7C3-C88D-164E-CE6F8C8424AE,1ZN7L4R0H1D00F,1W9DL31001461C,,1ZMLH8300204F0,1W9DL31001461C,,,,,
2023-11-01,11:25:50.64 AM,1m 28.3s,88.3,33.801662431748,-117.4669925093595,42.6,42.6,15.7,1306,538.0,5.854632,6.023145,-4.250186,0,-4.026492,1.342164,-0.223694,0,-0.2,-0.8,0.8,-137,223,224.0,Tripod,Other,,22,5,True,,True,False,,Smart,RC,False,True,False,,,True,,False,False,False,False,False,False,False,False,False,False,0,Follow Yaw,-88.9,0,-145.1,214.9,False,False,False,False,False,,0,0,False,False,No Card,100,100,1024,1352,1175,1024,2,False,False,False,False,False,0,False,False,False,False,95,,47.652,,9541,,10044,,47.652,,True,3.971,3.971,3.971,3.971,3.971,3.971,3.971,3.971,3.971,3.971,3.971,3.971,0,,False,False,True,,,,,,,,,,,,,,,False,False,19.048,,81.8,,75.7,,81.8,,1815,46,4,16,7,143130.8,19084.10,,Idle,,20,,10,,,20,Go Home,False,False,False,False,False,False,False,False,False,False,False,False,33.8027920380556,-117.4659261431046,523.7,2972.0,1049.4,396.9,True,1,1,False,False,False,False,,True,False,False,Course Lock,196.8,67,16.4,93,NE,S,6.03,6.93,Calm,False,False,Android,7.0.2,M300 RTK,1ZN7L4R0H1D00F,1W9DL31001461C,1ZMLH8300204F0,1Z6PH74DAP0QN7,"Corona, CA",728.3,5.7,137.7,8.547347,2.013246,0,0,DJI Matrice 300 RTK,M300 RTK,1ZN7L4R0H1D00F,1W9DL31001461C,1ZMLH8300204F0,1Z6PH74DAP0QN7,DJI Pilot,Android,7.0.2,1EF72A62-B7C3-C88D-164E-CE6F8C8424AE,1ZN7L4R0H1D00F,1W9DL31001461C,,1ZMLH8300204F0,1W9DL31001461C,,,,,
2023-11-01,11:25:50.72 AM,1m 28.4s,88.4,33.8016606329124,-117.466994476013,42.6,42.6,15.7,1306,538.9,5.7031,6.023145,-4.250186,0,-3.802798,1.342164,-0.223694,0,-0.2,-0.8,0.8,-137,223,222.2,Tripod,Other,,22,5,True,,True,False,,Smart,RC,False,True,False,,,True,,False,False,False,False,False,False,False,False,False,False,0,Follow Yaw,-88.9,0,-145.1,214.9,False,False,False,False,False,,0,0,False,False,No Card,100,100,1024,1352,1175,1024,2,False,False,False,False,False,0,False,False,False,False,95,,47.652,,9541,,10044,,47.652,,True,3.971,3.971,3.971,3.971,3.971,3.971,3.971,3.971,3.971,3.971,3.971,3.971,0,,False,False,True,,,,,,,,,,,,,,,False,False,19.048,,81.8,,75.7,,81.8,,1815,46,4,16,7,143130.8,19084.10,,Idle,,20,,10,,,20,Go Home,False,False,False,False,False,False,False,False,False,False,False,False,33.8027920380556,-117.4659261431046,524.6,2972.0,1049.4,396.9,True,1,1,False,False,False,False,,True,False,False,Course Lock,196.8,67,16.4,93,NE,S,6.03,6.93,Calm,False,False,Android,7.0.2,M300 RTK,1ZN7L4R0H1D00F,1W9DL31001461C,1ZMLH8300204F0,1Z6PH74DAP0QN7,"Corona, CA",728.3,5.7,137.7,8.547347,2.013246,0,0,DJI Matrice 300 RTK,M300 RTK,1ZN7L4R0H1D00F,1W9DL31001461C,1ZMLH8300204F0,1Z6PH74DAP0QN7,DJI Pilot,Android,7.0.2,1EF72A62-B7C3-C88D-164E-CE6F8C8424AE,1ZN7L4R0H1D00F,1W9DL31001461C,,1ZMLH8300204F0,1W9DL31001461C,,,,,
2023-11-01,11:25:50.84 AM,1m 28.5s,88.5,33.8016588307871,-117.4669963423876,42.6,42.6,15.7,1306,539.7,5.7031,6.023145,-4.250186,0,-3.802798,1.342164,-0.223694,0,-0.2,-0.8,0.8,-137.1,222.9,220.7,Tripod,Other,,22,5,True,,True,False,,Smart,RC,False,True,False,,,True,,False,False,False,False,False,False,False,False,False,False,0,Follow Yaw,-88.9,0,-145.1,214.9,False,False,False,False,False,,0,0,False,False,No Card,100,100,1024,1356,1172,1024,2,False,False,False,False,False,0,False,False,False,False,95,,47.652,,9541,,10044,,47.652,,True,3.971,3.971,3.971,3.971,3.971,3.971,3.971,3.971,3.971,3.971,3.971,3.971,0,,False,False,True,,,,,,,,,,,,,,,False,False,19.048,,81.8,,75.7,,81.8,,1815,46,4,16,7,143130.8,19084.10,,Idle,,20,,10,,,20,Go Home,False,False,False,False,False,False,False,False,False,False,False,False,33.8027920380556,-117.4659261431046,525.5,2972.0,1049.4,396.9,True,1,1,False,False,False,False,,True,False,False,Course Lock,196.8,67,16.4,93,NE,S,6.03,6.93,Calm,False,False,Android,7.0.2,M300 RTK,1ZN7L4R0H1D00F,1W9DL31001461C,1ZMLH8300204F0,1Z6PH74DAP0QN7,"Corona, CA",728.3,5.7,137.7,8.547347,2.013246,0,0,DJI Matrice 300 RTK,M300 RTK,1ZN7L4R0H1D00F,1W9DL31001461C,1ZMLH8300204F0,1Z6PH74DAP0QN7,DJI Pilot,Android,7.0.2,1EF72A62-B7C3-C88D-164E-CE6F8C8424AE,1ZN7L4R0H1D00F,1W9DL31001461C,,1ZMLH8300204F0,1W9DL31001461C,,,,,
2023-11-01,11:25:50.94 AM,1m 28.6s,88.6,33.8016570226311,-117.4669982951868,42.6,42.6,15.7,1306,540.6,5.7031,6.023145,-4.250186,0,-3.802798,1.342164,-0.223694,0,-0.3,-0.8,0.8,-137,223,221.9,Tripod,Other,,22,5,True,,True,False,,Smart,RC,False,True,False,,,True,,False,False,False,False,False,False,False,False,False,False,0,Follow Yaw,-88.9,0,-145.1,214.9,False,False,False,False,False,,0,0,False,False,No Card,100,100,1024,1355,1173,1024,2,False,False,False,False,False,0,False,False,False,False,95,,47.652,,9541,,10044,,47.652,,True,3.971,3.971,3.971,3.971,3.971,3.971,3.971,3.971,3.971,3.971,3.971,3.971,0,,False,False,True,,,,,,,,,,,,,,,False,False,19.048,,81.8,,75.7,,81.8,,1815,46,4,16,7,143130.8,19084.10,,Idle,,20,,10,,,20,Go Home,False,False,False,False,False,False,False,False,False,False,False,False,33.8027920380556,-117.4659261431046,526.3,2972.0,1049.4,396.9,True,1,1,False,False,False,False,,True,False,False,Course Lock,196.8,67,16.4,93,NE,S,6.03,6.93,Calm,False,False,Android,7.0.2,M300 RTK,1ZN7L4R0H1D00F,1W9DL31001461C,1ZMLH8300204F0,1Z6PH74DAP0QN7,"Corona, CA",728.3,5.7,137.7,8.547347,2.013246,0,0,DJI Matrice 300 RTK,M300 RTK,1ZN7L4R0H1D00F,1W9DL31001461C,1ZMLH8300204F0,1Z6PH74DAP0QN7,DJI Pilot,Android,7.0.2,1EF72A62-B7C3-C88D-164E-CE6F8C8424AE,1ZN7L4R0H1D00F,1W9DL31001461C,,1ZMLH8300204F0,1W9DL31001461C,,,,,
2023-11-01,11:25:51.04 AM,1m 28.7s,88.7,33.8016553625047,-117.4670003390286,42.9,42.9,15.7,1307,541.5,5.7031,6.023145,-4.250186,0,-3.802798,1.342164,-0.223694,0,-0.2,-0.6,0.6,-137,223,225.6,Tripod,Other,,22,5,True,,True,False,,Smart,RC,False,True,False,,,True,,False,False,False,False,False,False,False,False,False,False,0,Follow Yaw,-88.9,0,-145.1,214.9,False,False,False,False,False,,0,0,False,False,No Card,100,100,1024,1356,1173,1024,2,False,False,False,False,False,0,False,False,False,False,95,,47.652,,9541,,10044,,47.652,,True,3.971,3.971,3.971,3.971,3.971,3.971,3.971,3.971,3.971,3.971,3.971,3.971,0,,False,False,True,,,,,,,,,,,,,,,False,False,19.048,,81.8,,75.7,,81.8,,1815,46,4,16,7,143130.8,19084.10,,Idle,,20,,10,,,20,Go Home,False,False,False,False,False,False,False,False,False,False,False,False,33.8027920380556,-117.4659261431046,527.2,2972.0,1049.4,396.9,True,1,1,False,False,False,False,,True,False,False,Course Lock,196.8,67,16.4,93,NE,S,6.03,6.93,Calm,False,False,Android,7.0.2,M300 RTK,1ZN7L4R0H1D00F,1W9DL31001461C,1ZMLH8300204F0,1Z6PH74DAP0QN7,"Corona, CA",728.3,5.7,137.7,8.547347,2.013246,0,0,DJI Matrice 300 RTK,M300 RTK,1ZN7L4R0H1D00F,1W9DL31001461C,1ZMLH8300204F0,1Z6PH74DAP0QN7,DJI Pilot,Android,7.0.2,1EF72A62-B7C3-C88D-164E-CE6F8C8424AE,1ZN7L4R0H1D00F,1W9DL31001461C,,1ZMLH8300204F0,1W9DL31001461C,,,,,
2023-11-01,11:25:51.13 AM,1m 28.8s,88.8,33.8016535707964,-117.4670022852306,42.9,42.9,15.7,1307,542.4,5.7031,6.023145,-4.250186,0,-3.802798,1.342164,-0.223694,0,-0.3,-0.5,0.5,-137,223,222.0,Tripod,Other,,21,5,True,,True,False,,Smart,RC,False,True,False,,,True,,False,False,False,False,False,False,False,False,False,False,0,Follow Yaw,-88.9,0,-145.1,214.9,False,False,False,False,False,,0,0,False,False,No Card,100,100,1024,1356,1173,1024,2,False,False,False,False,False,0,False,False,False,False,95,,47.652,,9541,,10044,,47.652,,True,3.971,3.971,3.971,3.971,3.971,3.971,3.971,3.971,3.971,3.971,3.971,3.971,0,,False,False,True,,,,,,,,,,,,,,,False,False,19.048,,81.8,,75.7,,81.8,,1815,46,4,16,7,143130.8,19084.10,,Idle,,20,,10,,,20,Go Home,False,False,False,False,False,False,False,False,False,False,False,False,33.8027920380556,-117.4659261431046,528.1,2972.0,1049.4,396.9,True,1,1,False,False,False,False,,True,False,False,Course Lock,196.8,67,16.4,93,NE,S,6.03,6.93,Calm,False,False,Android,7.0.2,M300 RTK,1ZN7L4R0H1D00F,1W9DL31001461C,1ZMLH8300204F0,1Z6PH74DAP0QN7,"Corona, CA",728.3,5.7,137.7,8.547347,2.013246,0,0,DJI Matrice 300 RTK,M300 RTK,1ZN7L4R0H1D00F,1W9DL31001461C,1ZMLH8300204F0,1Z6PH74DAP0QN7,DJI Pilot,Android,7.0.2,1EF72A62-B7C3-C88D-164E-CE6F8C8424AE,1ZN7L4R0H1D00F,1W9DL31001461C,,1ZMLH8300204F0,1W9DL31001461C,,,,,
2023-11-01,11:25:51.23 AM,1m 28.9s,88.9,33.801651738517,-117.467004156883,42.9,42.9,15.7,1307,543.2,5.7031,6.023145,-4.250186,0,-3.802798,1.342164,-0.223694,0,-0.3,-0.4,0.5,-137,223,220.3,Tripod,Other,,21,5,True,,True,False,,Smart,RC,False,True,False,,,True,,False,False,False,False,False,False,False,False,False,False,0,Follow Yaw,-88.9,0,-145.1,214.9,False,False,False,False,False,,0,0,False,False,No Card,100,100,1024,1355,1172,1024,2,False,False,False,False,False,0,False,False,False,False,95,,47.652,,9541,,10044,,47.652,,True,3.971,3.971,3.971,3.971,3.971,3.971,3.971,3.971,3.971,3.971,3.971,3.971,0,,False,False,True,,,,,,,,,,,,,,,False,False,19.048,,81.8,,75.7,,81.8,,1815,46,4,16,7,143130.8,19084.10,,Idle,,20,,10,,,20,Go Home,False,False,False,False,False,False,False,False,False,False,False,False,33.8027920380556,-117.4659261431046,529.0,2972.0,1049.4,396.9,True,1,1,False,False,False,False,,True,False,False,Course Lock,196.8,67,16.4,93,NE,S,6.03,6.93,Calm,False,False,Android,7.0.2,M300 RTK,1ZN7L4R0H1D00F,1W9DL31001461C,1ZMLH8300204F0,1Z6PH74DAP0QN7,"Corona, CA",728.3,5.7,137.7,8.547347,2.013246,0,0,DJI Matrice 300 RTK,M300 RTK,1ZN7L4R0H1D00F,1W9DL31001461C,1ZMLH8300204F0,1Z6PH74DAP0QN7,DJI Pilot,Android,7.0.2,1EF72A62-B7C3-C88D-164E-CE6F8C8424AE,1ZN7L4R0H1D00F,1W9DL31001461C,,1ZMLH8300204F0,1W9DL31001461C,,,,,
2023-11-01,11:25:51.33 AM,1m 29.0s,89.0,33.8016499506465,-117.4670060839528,42.9,42.9,15.7,1307,544.1,5.7031,6.023145,-4.250186,0,-3.802798,1.342164,-0.223694,0,-0.3,-0.4,0.5,-137,223,221.8,Tripod,Other,,21,5,True,,True,False,,Smart,RC,False,True,False,,,True,,False,False,False,False,False,False,False,False,False,False,0,Follow Yaw,-88.9,0,-145.1,214.9,False,False,False,False,False,,0,0,False,False,No Card,100,100,1024,1355,1173,1024,2,False,False,False,False,False,0,False,False,False,False,95,,47.652,,9541,,10044,,47.652,,True,3.971,3.971,3.971,3.971,3.971,3.971,3.971,3.971,3.971,3.971,3.971,3.971,0,,False,False,True,,,,,,,,,,,,,,,False,False,19.01,,82.0,,75.7,,82.0,,1815,46,4,16,7,143130.8,19084.10,,Idle,,20,,10,,,20,Go Home,False,False,False,False,False,False,False,False,False,False,False,False,33.8027920380556,-117.4659261431046,529.8,2972.0,1049.4,396.9,True,1,1,False,False,False,False,,True,False,False,Course Lock,196.8,67,16.4,93,NE,S,6.03,6.93,Calm,False,False,Android,7.0.2,M300 RTK,1ZN7L4R0H1D00F,1W9DL31001461C,1ZMLH8300204F0,1Z6PH74DAP0QN7,"Corona, CA",728.3,5.7,137.7,8.547347,2.013246,0,0,DJI Matrice 300 RTK,M300 RTK,1ZN7L4R0H1D00F,1W9DL31001461C,1ZMLH8300204F0,1Z6PH74DAP0QN7,DJI Pilot,Android,7.0.2,1EF72A62-B7C3-C88D-164E-CE6F8C8424AE,1ZN7L4R0H1D00F,1W9DL31001461C,,1ZMLH8300204F0,1W9DL31001461C,,,,,
2023-11-01,11:25:51.44 AM,1m 29.1s,89.1,33.801648003781,-117.4670080176198,42.9,42.9,15.7,1307,545.0,5.7031,6.023145,-4.250186,0,-3.802798,1.342164,0,0,-0.5,-0.5,0.7,-137.1,222.9,219.5,Tripod,Other,,21,5,True,,True,False,,Smart,RC,False,True,False,,,True,,False,False,False,False,False,False,False,False,False,False,0,Follow Yaw,-88.9,0,-145.1,214.9,False,False,False,False,False,,0,0,False,False,No Card,100,100,1024,1355,1172,1024,2,False,False,False,False,False,0,False,False,False,False,95,,47.652,,9541,,10044,,47.652,,True,3.971,3.971,3.971,3.971,3.971,3.971,3.971,3.971,3.971,3.971,3.971,3.971,0,,False,False,True,,,,,,,,,,,,,,,False,False,19.01,,82.0,,75.7,,82.0,,1815,46,4,16,7,143130.8,19084.10,,Idle,,20,,10,,,20,Go Home,False,False,False,False,False,False,False,False,False,False,False,False,33.8027920380556,-117.4659261431046,530.8,2972.0,1049.4,396.9,True,1,1,False,False,False,False,,True,False,False,Course Lock,196.8,67,16.4,93,NE,S,5.81,6.93,Calm,False,False,Android,7.0.2,M300 RTK,1ZN7L4R0H1D00F,1W9DL31001461C,1ZMLH8300204F0,1Z6PH74DAP0QN7,"Corona, CA",728.3,5.7,137.7,8.547347,2.013246,0,0,DJI Matrice 300 RTK,M300 RTK,1ZN7L4R0H1D00F,1W9DL31001461C,1ZMLH8300204F0,1Z6PH74DAP0QN7,DJI Pilot,Android,7.0.2,1EF72A62-B7C3-C88D-164E-CE6F8C8424AE,1ZN7L4R0H1D00F,1W9DL31001461C,,1ZMLH8300204F0,1W9DL31001461C,,,,,
2023-11-01,11:25:51.54 AM,1m 29.2s,89.2,33.8016462043971,-117.4670099433701,42.9,42.9,15.7,1307,545.9,5.7031,6.023145,-4.250186,0,-3.802798,1.342164,0,0,-0.7,-0.7,0.9,-137.1,222.9,221.6,Tripod,Other,,21,5,True,,True,False,,Smart,RC,False,True,False,,,True,,False,False,False,False,False,False,False,False,False,False,0,Follow Yaw,-88.9,0,-145.1,214.9,False,False,False,False,False,,0,0,False,False,No Card,100,100,1024,1356,1172,1024,2,False,False,False,False,False,0,False,False,False,False,95,,47.652,,9541,,10044,,47.652,,True,3.971,3.971,3.971,3.971,3.971,3.971,3.971,3.971,3.971,3.971,3.971,3.971,0,,False,False,True,,,,,,,,,,,,,,,False,False,19.01,,82.0,,75.7,,82.0,,1815,46,4,16,7,143130.8,19084.10,,Idle,,20,,10,,,20,Go Home,False,False,False,False,False,False,False,False,False,False,False,False,33.8027920380556,-117.4659261431046,531.6,2972.0,1049.4,396.9,True,1,1,False,False,False,False,,True,False,False,Course Lock,196.8,67,16.4,93,NE,S,5.81,6.93,Calm,False,False,Android,7.0.2,M300 RTK,1ZN7L4R0H1D00F,1W9DL31001461C,1ZMLH8300204F0,1Z6PH74DAP0QN7,"Corona, CA",728.3,5.7,137.7,8.547347,2.013246,0,0,DJI Matrice 300 RTK,M300 RTK,1ZN7L4R0H1D00F,1W9DL31001461C,1ZMLH8300204F0,1Z6PH74DAP0QN7,DJI Pilot,Android,7.0.2,1EF72A62-B7C3-C88D-164E-CE6F8C8424AE,1ZN7L4R0H1D00F,1W9DL31001461C,,1ZMLH8300204F0,1W9DL31001461C,,,,,
2023-11-01,11:25:51.64 AM,1m 29.3s,89.3,33.8016442515008,-117.4670117470705,42.9,42.9,15.7,1307,546.8,5.7031,6.023145,-4.250186,0,-3.802798,1.342164,0,0,-0.6,-0.8,1,-137.1,222.9,217.5,Tripod,Other,,21,5,True,,True,False,,Smart,RC,False,True,False,,,True,,False,False,False,False,False,False,False,False,False,False,0,Follow Yaw,-88.9,0,-145.1,214.9,False,False,False,False,False,,0,0,False,False,No Card,100,100,1024,1356,1171,1024,2,False,False,False,False,False,0,False,False,False,False,95,,47.652,,9541,,10044,,47.652,,True,3.97,3.97,3.97,3.97,3.97,3.97,3.97,3.97,3.97,3.97,3.97,3.97,0,,False,False,True,,,,,,,,,,,,,,,False,False,19.01,,82.0,,75.7,,82.0,,1813,46,4,16,7,143366.8,19115.57,,Idle,,20,,10,,,20,Go Home,False,False,False,False,False,False,False,False,False,False,False,False,33.8027920380556,-117.4659261431046,532.5,2972.0,1049.4,396.9,True,1,1,False,False,False,False,,True,False,False,Course Lock,196.8,67,16.4,93,NE,S,5.81,6.93,Calm,False,False,Android,7.0.2,M300 RTK,1ZN7L4R0H1D00F,1W9DL31001461C,1ZMLH8300204F0,1Z6PH74DAP0QN7,"Corona, CA",728.3,5.7,137.7,8.547347,2.013246,0,0,DJI Matrice 300 RTK,M300 RTK,1ZN7L4R0H1D00F,1W9DL31001461C,1ZMLH8300204F0,1Z6PH74DAP0QN7,DJI Pilot,Android,7.0.2,1EF72A62-B7C3-C88D-164E-CE6F8C8424AE,1ZN7L4R0H1D00F,1W9DL31001461C,,1ZMLH8300204F0,1W9DL31001461C,,,,,
2023-11-01,11:25:51.74 AM,1m 29.4s,89.4,33.8016424214144,-117.4670136510497,42.9,42.9,15.7,1307,547.7,5.7031,6.023145,-4.250186,0,-3.802798,1.342164,0,0,-0.4,-0.9,0.9,-137.2,222.8,220.8,Tripod,Other,,21,5,True,,True,False,,Smart,RC,False,True,False,,,True,,False,False,False,False,False,False,False,False,False,False,0,Follow Yaw,-88.9,0,-145.1,214.9,False,False,False,False,False,,0,0,False,False,No Card,100,100,1024,1356,1170,1024,2,False,False,False,False,False,0,False,False,False,False,95,,47.652,,9541,,10044,,47.652,,True,3.97,3.97,3.97,3.97,3.97,3.97,3.97,3.97,3.97,3.97,3.97,3.97,0,,False,False,True,,,,,,,,,,,,,,,False,False,19.01,,82.0,,75.7,,82.0,,1813,46,4,16,7,143366.8,19115.57,,Idle,,20,,10,,,20,Go Home,False,False,False,False,False,False,False,False,False,False,False,False,33.8027920380556,-117.4659261431046,533.4,2972.0,1049.4,396.9,True,1,1,False,False,False,False,,True,False,False,Course Lock,196.8,67,16.4,93,NE,S,5.81,6.93,Calm,False,False,Android,7.0.2,M300 RTK,1ZN7L4R0H1D00F,1W9DL31001461C,1ZMLH8300204F0,1Z6PH74DAP0QN7,"Corona, CA",728.3,5.7,137.7,8.547347,2.013246,0,0,DJI Matrice 300 RTK,M300 RTK,1ZN7L4R0H1D00F,1W9DL31001461C,1ZMLH8300204F0,1Z6PH74DAP0QN7,DJI Pilot,Android,7.0.2,1EF72A62-B7C3-C88D-164E-CE6F8C8424AE,1ZN7L4R0H1D00F,1W9DL31001461C,,1ZMLH8300204F0,1W9DL31001461C,,,,,
2023-11-01,11:25:51.84 AM,1m 29.5s,89.5,33.8016406335439,-117.4670156308978,42.9,42.9,15.4,1307,548.6,5.7031,6.023145,-4.250186,0,-3.802798,1.342164,-0.223694,0,-0.3,-0.6,0.6,-137.2,222.8,222.6,Tripod,Other,,21,5,True,,True,False,,Smart,RC,False,True,False,,,True,,False,False,False,False,False,False,False,False,False,False,0,Follow Yaw,-88.9,0,-145.1,214.9,False,False,False,False,False,,0,0,False,False,No Card,100,100,1024,1357,1169,1024,2,False,False,False,False,False,0,False,False,False,False,95,,47.652,,9541,,10044,,47.652,,True,3.97,3.97,3.97,3.97,3.97,3.97,3.97,3.97,3.97,3.97,3.97,3.97,0,,False,False,True,,,,,,,,,,,,,,,False,False,19.01,,82.0,,75.7,,82.0,,1813,46,4,16,7,143366.8,19115.57,,Idle,,20,,10,,,20,Go Home,False,False,False,False,False,False,False,False,False,False,False,False,33.8027920380556,-117.4659261431046,534.3,2972.0,1049.4,396.9,True,1,1,False,False,False,False,,True,False,False,Course Lock,196.8,67,16.4,93,NE,S,5.81,6.93,Calm,False,False,Android,7.0.2,M300 RTK,1ZN7L4R0H1D00F,1W9DL31001461C,1ZMLH8300204F0,1Z6PH74DAP0QN7,"Corona, CA",728.3,5.7,137.7,8.547347,2.013246,0,0,DJI Matrice 300 RTK,M300 RTK,1ZN7L4R0H1D00F,1W9DL31001461C,1ZMLH8300204F0,1Z6PH74DAP0QN7,DJI Pilot,Android,7.0.2,1EF72A62-B7C3-C88D-164E-CE6F8C8424AE,1ZN7L4R0H1D00F,1W9DL31001461C,,1ZMLH8300204F0,1W9DL31001461C,,,,,
2023-11-01,11:25:51.95 AM,1m 29.6s,89.6,33.8016388001679,-117.4670175170643,43.3,43.3,15.4,1307,549.5,5.7031,6.023145,-4.250186,0,-3.802798,1.342164,-0.223694,0,-0.3,-0.1,0.3,-137.1,222.9,220.5,Tripod,Other,,21,5,True,,True,False,,Smart,RC,False,True,False,,,True,,False,False,False,False,False,False,False,False,False,False,0,Follow Yaw,-88.9,0,-145.1,214.9,False,False,False,False,False,,0,0,False,False,No Card,100,100,1024,1352,1173,1024,2,False,False,False,False,False,0,False,False,False,False,95,,47.652,,9541,,10044,,47.652,,True,3.97,3.97,3.97,3.97,3.97,3.97,3.97,3.97,3.97,3.97,3.97,3.97,0,,False,False,True,,,,,,,,,,,,,,,False,False,19.01,,82.0,,75.7,,82.0,,1813,46,4,16,7,143366.8,19115.57,,Idle,,20,,10,,,20,Go Home,False,False,False,False,False,False,False,False,False,False,False,False,33.8027920380556,-117.4659261431046,535.2,2972.0,1049.4,396.9,True,1,1,False,False,False,False,,True,False,False,Course Lock,196.8,67,16.4,93,NE,S,5.81,6.93,Calm,False,False,Android,7.0.2,M300 RTK,1ZN7L4R0H1D00F,1W9DL31001461C,1ZMLH8300204F0,1Z6PH74DAP0QN7,"Corona, CA",728.3,5.7,137.7,8.547347,2.013246,0,0,DJI Matrice 300 RTK,M300 RTK,1ZN7L4R0H1D00F,1W9DL31001461C,1ZMLH8300204F0,1Z6PH74DAP0QN7,DJI Pilot,Android,7.0.2,1EF72A62-B7C3-C88D-164E-CE6F8C8424AE,1ZN7L4R0H1D00F,1W9DL31001461C,,1ZMLH8300204F0,1W9DL31001461C,,,,,
2023-11-01,11:25:52.05 AM,1m 29.7s,89.7,33.8016370057183,-117.4670193168062,43.3,43.3,15.4,1307,550.3,5.7031,6.023145,-4.250186,0,-3.802798,1.342164,-0.223694,0,-0.5,0.2,0.5,-137.1,222.9,219.8,Tripod,Other,,21,5,True,,True,False,,Smart,RC,False,True,False,,,True,,False,False,False,False,False,False,False,False,False,False,0,Follow Yaw,-88.9,0,-145.1,214.9,False,False,False,False,False,,0,0,False,False,No Card,100,100,1024,1352,1174,1024,2,False,False,False,False,False,0,False,False,False,False,95,,47.652,,9541,,10044,,47.652,,True,3.97,3.97,3.97,3.97,3.97,3.97,3.97,3.97,3.97,3.97,3.97,3.97,0,,False,False,True,,,,,,,,,,,,,,,False,False,19.01,,82.0,,75.7,,82.0,,1813,46,4,16,7,143366.8,19115.57,,Idle,,20,,10,,,20,Go Home,False,False,False,False,False,False,False,False,False,False,False,False,33.8027920380556,-117.4659261431046,536.0,2972.0,1049.4,396.9,True,1,1,False,False,False,False,,True,False,False,Course Lock,196.8,67,16.4,93,NE,S,5.81,6.93,Calm,False,False,Android,7.0.2,M300 RTK,1ZN7L4R0H1D00F,1W9DL31001461C,1ZMLH8300204F0,1Z6PH74DAP0QN7,"Corona, CA",728.3,5.7,137.7,8.547347,2.013246,0,0,DJI Matrice 300 RTK,M300 RTK,1ZN7L4R0H1D00F,1W9DL31001461C,1ZMLH8300204F0,1Z6PH74DAP0QN7,DJI Pilot,Android,7.0.2,1EF72A62-B7C3-C88D-164E-CE6F8C8424AE,1ZN7L4R0H1D00F,1W9DL31001461C,,1ZMLH8300204F0,1W9DL31001461C,,,,,
2023-11-01,11:25:52.16 AM,1m 29.8s,89.8,33.801635182211,-117.4670211910976,43.3,43.3,15.4,1307,551.2,5.7031,6.023145,-4.250186,0,-3.802798,1.342164,-0.223694,0,-0.6,0.4,0.7,-137.1,222.9,220.5,Tripod,Other,,21,5,True,,True,False,,Smart,RC,False,True,False,,,True,,False,False,False,False,False,False,False,False,False,False,0,Follow Yaw,-88.9,0,-145.1,214.9,False,False,False,False,False,,0,0,False,False,No Card,100,100,1024,1351,1176,1024,2,False,False,False,False,False,0,False,False,False,False,95,,47.604,,4736,,4986,,47.604,,True,3.97,3.97,3.97,3.97,3.97,3.97,3.97,3.97,3.97,3.97,3.97,3.97,0,,False,False,True,,,,,,,,,,,,,,,False,False,9.158,,81.1,,75.7,,82.0,,1813,46,4,16,7,143366.8,19115.57,,Idle,,20,,10,,,20,Go Home,False,False,False,False,False,False,False,False,False,False,False,False,33.8027920380556,-117.4659261431046,536.9,2972.0,1049.4,396.9,True,1,1,False,False,False,False,,True,False,False,Course Lock,196.8,67,16.4,93,NE,S,5.81,6.93,Calm,False,False,Android,7.0.2,M300 RTK,1ZN7L4R0H1D00F,1W9DL31001461C,1ZMLH8300204F0,1Z6PH74DAP0QN7,"Corona, CA",728.3,5.7,137.7,8.547347,2.013246,0,0,DJI Matrice 300 RTK,M300 RTK,1ZN7L4R0H1D00F,1W9DL31001461C,1ZMLH8300204F0,1Z6PH74DAP0QN7,DJI Pilot,Android,7.0.2,1EF72A62-B7C3-C88D-164E-CE6F8C8424AE,1ZN7L4R0H1D00F,1W9DL31001461C,,1ZMLH8300204F0,1W9DL31001461C,,,,,
2023-11-01,11:25:52.26 AM,1m 29.9s,89.9,33.8016332792062,-117.4670232151477,43.3,43.3,15.4,1307,552.1,5.7031,6.023145,-4.250186,0,-3.802798,1.342164,-0.223694,0,-0.7,0.3,0.7,-137.1,222.9,221.4,Tripod,Other,,21,5,True,,True,False,,Smart,RC,False,True,False,,,True,,False,False,False,False,False,False,False,False,False,False,0,Follow Yaw,-88.9,0,-145.1,214.9,False,False,False,False,False,,0,0,False,False,No Card,100,100,1024,1351,1177,1024,2,False,False,False,False,False,0,False,False,False,False,95,,47.604,,4736,,4986,,47.604,,True,3.97,3.97,3.97,3.97,3.97,3.97,3.97,3.97,3.97,3.97,3.97,3.97,0,,False,False,True,,,,,,,,,,,,,,,False,False,9.158,,81.1,,75.7,,82.0,,1813,46,4,16,7,143366.8,19115.57,,Idle,,20,,10,,,20,Go Home,False,False,False,False,False,False,False,False,False,False,False,False,33.8027920380556,-117.4659261431046,537.8,2972.0,1049.4,396.9,True,1,1,False,False,False,False,,True,False,False,Course Lock,196.8,67,16.4,93,NE,S,5.81,6.93,Calm,False,False,Android,7.0.2,M300 RTK,1ZN7L4R0H1D00F,1W9DL31001461C,1ZMLH8300204F0,1Z6PH74DAP0QN7,"Corona, CA",728.3,5.7,137.7,8.547347,2.013246,0,0,DJI Matrice 300 RTK,M300 RTK,1ZN7L4R0H1D00F,1W9DL31001461C,1ZMLH8300204F0,1Z6PH74DAP0QN7,DJI Pilot,Android,7.0.2,1EF72A62-B7C3-C88D-164E-CE6F8C8424AE,1ZN7L4R0H1D00F,1W9DL31001461C,,1ZMLH8300204F0,1W9DL31001461C,,,,,
2023-11-01,11:25:52.36 AM,1m 30.0s,90.0,33.8016314573437,-117.4670251158283,43.3,43.3,15.4,1307,553.0,5.7031,6.023145,-4.250186,0,-3.802798,1.342164,-0.223694,0,-0.8,0.1,0.8,-137.1,222.9,220.9,Tripod,Other,,21,5,True,,True,False,,Smart,RC,False,True,False,,,True,,False,False,False,False,False,False,False,False,False,False,0,Follow Yaw,-88.9,0,-145.1,214.9,False,False,False,False,False,,0,0,False,False,No Card,100,100,1024,1352,1176,1024,2,False,False,False,False,False,0,False,False,False,False,95,,47.64,,9541,,10044,,47.64,,True,3.97,3.97,3.97,3.97,3.97,3.97,3.97,3.97,3.97,3.97,3.97,3.97,0,,False,False,True,,,,,,,,,,,,,,,False,False,18.752,,82.0,,75.7,,82.0,,1813,46,4,16,7,143366.8,19115.57,,Idle,,20,,10,,,20,Go Home,False,False,False,False,False,False,False,False,False,False,False,False,33.8027920380556,-117.4659261431046,538.7,2972.0,1049.4,396.9,True,1,1,False,False,False,False,,True,False,False,Course Lock,196.8,67,16.4,93,NE,S,5.81,6.93,Calm,False,False,Android,7.0.2,M300 RTK,1ZN7L4R0H1D00F,1W9DL31001461C,1ZMLH8300204F0,1Z6PH74DAP0QN7,"Corona, CA",728.3,5.7,137.7,8.547347,2.013246,0,0,DJI Matrice 300 RTK,M300 RTK,1ZN7L4R0H1D00F,1W9DL31001461C,1ZMLH8300204F0,1Z6PH74DAP0QN7,DJI Pilot,Android,7.0.2,1EF72A62-B7C3-C88D-164E-CE6F8C8424AE,1ZN7L4R0H1D00F,1W9DL31001461C,,1ZMLH8300204F0,1W9DL31001461C,,,,,
2023-11-01,11:25:52.47 AM,1m 30.1s,90.1,33.8016297604841,-117.4670270805026,43.3,43.3,15.4,1307,553.8,5.7031,6.023145,-4.250186,0,-3.802798,1.342164,-0.223694,0,-0.9,-0.2,0.9,-137.2,222.8,223.8,Tripod,Other,,21,5,True,,True,False,,Smart,RC,False,True,False,,,True,,False,False,False,False,False,False,False,False,False,False,0,Follow Yaw,-88.9,0,-145.1,214.9,False,False,False,False,False,,0,0,False,False,No Card,100,100,1024,1353,1176,1024,2,False,False,False,False,False,0,False,False,False,False,95,,47.64,,9541,,10044,,47.64,,True,3.97,3.97,3.97,3.97,3.97,3.97,3.97,3.97,3.97,3.97,3.97,3.97,0,,False,False,True,,,,,,,,,,,,,,,False,False,18.752,,82.0,,75.7,,82.0,,1813,46,4,16,7,143366.8,19115.57,,Idle,,20,,10,,,20,Go Home,False,False,False,False,False,False,False,False,False,False,False,False,33.8027920380556,-117.4659261431046,539.6,2972.0,1049.4,396.9,True,1,1,False,False,False,False,,True,False,False,Course Lock,196.8,67,16.4,93,NE,S,5.81,6.93,Calm,False,False,Android,7.0.2,M300 RTK,1ZN7L4R0H1D00F,1W9DL31001461C,1ZMLH8300204F0,1Z6PH74DAP0QN7,"Corona, CA",728.3,5.7,137.7,8.547347,2.013246,0,0,DJI Matrice 300 RTK,M300 RTK,1ZN7L4R0H1D00F,1W9DL31001461C,1ZMLH8300204F0,1Z6PH74DAP0QN7,DJI Pilot,Android,7.0.2,1EF72A62-B7C3-C88D-164E-CE6F8C8424AE,1ZN7L4R0H1D00F,1W9DL31001461C,,1ZMLH8300204F0,1W9DL31001461C,,,,,
2023-11-01,11:25:52.57 AM,1m 30.2s,90.2,33.8016279512315,-117.4670290055932,43.3,43.3,15.4,1307,554.7,5.7031,6.023145,-4.250186,0,-3.802798,1.342164,-0.223694,0,-0.8,-0.4,0.8,-137.2,222.8,221.4,Tripod,Other,,21,5,True,,True,False,,Smart,RC,False,True,False,,,True,,False,False,False,False,False,False,False,False,False,False,0,Follow Yaw,-88.9,0,-145.1,214.9,False,False,False,False,False,,0,0,False,False,No Card,100,100,1024,1353,1175,1024,2,False,False,False,False,False,0,False,False,False,False,95,,47.64,,9541,,10044,,47.64,,True,3.97,3.97,3.97,3.97,3.97,3.97,3.97,3.97,3.97,3.97,3.97,3.97,0,,False,False,True,,,,,,,,,,,,,,,False,False,18.752,,82.0,,75.7,,82.0,,1813,46,4,16,7,143366.8,19115.57,,Idle,,20,,10,,,20,Go Home,False,False,False,False,False,False,False,False,False,False,False,False,33.8027920380556,-117.4659261431046,540.4,2972.0,1049.4,396.9,True,1,1,False,False,False,False,,True,False,False,Course Lock,196.8,67,16.4,93,NE,S,5.81,6.93,Calm,False,False,Android,7.0.2,M300 RTK,1ZN7L4R0H1D00F,1W9DL31001461C,1ZMLH8300204F0,1Z6PH74DAP0QN7,"Corona, CA",728.3,5.7,137.7,8.547347,2.013246,0,0,DJI Matrice 300 RTK,M300 RTK,1ZN7L4R0H1D00F,1W9DL31001461C,1ZMLH8300204F0,1Z6PH74DAP0QN7,DJI Pilot,Android,7.0.2,1EF72A62-B7C3-C88D-164E-CE6F8C8424AE,1ZN7L4R0H1D00F,1W9DL31001461C,,1ZMLH8300204F0,1W9DL31001461C,,,,,
2023-11-01,11:25:52.67 AM,1m 30.3s,90.3,33.8016260427441,-117.4670309557535,43.3,43.3,15.4,1307,555.6,5.7031,6.023145,-4.250186,0,-3.802798,1.342164,-0.223694,0,-0.7,-0.6,0.9,-137.1,222.9,220.3,Tripod,Other,,21,5,True,,True,False,,Smart,RC,False,True,False,,,True,,False,False,False,False,False,False,False,False,False,False,0,Follow Yaw,-88.9,0,-145.1,214.9,False,False,False,False,False,,0,0,False,False,No Card,100,100,1024,1349,1177,1024,2,False,False,False,False,False,0,False,False,False,False,95,,47.64,,9541,,10044,,47.64,,True,3.969,3.969,3.969,3.969,3.969,3.969,3.969,3.969,3.969,3.969,3.969,3.969,0,,False,False,True,,,,,,,,,,,,,,,False,False,18.752,,82.0,,75.7,,82.0,,1811,46,4,16,7,143421.4,19122.85,,Idle,,20,,10,,,20,Go Home,False,False,False,False,False,False,False,False,False,False,False,False,33.8027920380556,-117.4659261431046,541.3,2972.0,1049.4,396.9,True,1,1,False,False,False,False,,True,False,False,Course Lock,196.8,67,16.4,93,NE,S,5.81,6.93,Calm,False,False,Android,7.0.2,M300 RTK,1ZN7L4R0H1D00F,1W9DL31001461C,1ZMLH8300204F0,1Z6PH74DAP0QN7,"Corona, CA",728.3,5.7,137.7,8.547347,2.013246,0,0,DJI Matrice 300 RTK,M300 RTK,1ZN7L4R0H1D00F,1W9DL31001461C,1ZMLH8300204F0,1Z6PH74DAP0QN7,DJI Pilot,Android,7.0.2,1EF72A62-B7C3-C88D-164E-CE6F8C8424AE,1ZN7L4R0H1D00F,1W9DL31001461C,,1ZMLH8300204F0,1W9DL31001461C,,,,,
2023-11-01,11:25:52.77 AM,1m 30.4s,90.4,33.8016242230746,-117.4670328821636,43.3,43.3,15.0,1307,556.5,5.7031,6.023145,-4.250186,0,-3.802798,1.342164,-0.223694,0,-0.7,-0.4,0.8,-137.1,222.9,221.3,Tripod,Other,,21,5,True,,True,False,,Smart,RC,False,True,False,,,True,,False,False,False,False,False,False,False,False,False,False,0,Follow Yaw,-88.9,0,-145.1,214.9,False,False,False,False,False,,0,0,False,False,No Card,100,100,1024,1349,1176,1024,2,False,False,False,False,False,0,False,False,False,False,95,,47.64,,9541,,10044,,47.64,,True,3.969,3.969,3.969,3.969,3.969,3.969,3.969,3.969,3.969,3.969,3.969,3.969,0,,False,False,True,,,,,,,,,,,,,,,False,False,18.752,,82.0,,75.7,,82.0,,1811,46,4,16,7,143421.4,19122.85,,Idle,,20,,10,,,20,Go Home,False,False,False,False,False,False,False,False,False,False,False,False,33.8027920380556,-117.4659261431046,542.2,2972.0,1049.4,396.9,True,1,1,False,False,False,False,,True,False,False,Course Lock,196.8,67,16.4,93,NE,S,5.81,6.93,Calm,False,False,Android,7.0.2,M300 RTK,1ZN7L4R0H1D00F,1W9DL31001461C,1ZMLH8300204F0,1Z6PH74DAP0QN7,"Corona, CA",728.3,5.7,137.7,8.547347,2.013246,0,0,DJI Matrice 300 RTK,M300 RTK,1ZN7L4R0H1D00F,1W9DL31001461C,1ZMLH8300204F0,1Z6PH74DAP0QN7,DJI Pilot,Android,7.0.2,1EF72A62-B7C3-C88D-164E-CE6F8C8424AE,1ZN7L4R0H1D00F,1W9DL31001461C,,1ZMLH8300204F0,1W9DL31001461C,,,,,
2023-11-01,11:25:52.87 AM,1m 30.5s,90.5,33.8016224554896,-117.4670347557952,43.3,43.3,15.0,1307,557.4,5.7031,6.023145,-4.250186,0,-3.802798,1.342164,-0.223694,0,-0.7,-0.2,0.7,-137,223,221.3,Tripod,Other,,21,5,True,,True,False,,Smart,RC,False,True,False,,,True,,False,False,False,False,False,False,False,False,False,False,0,Follow Yaw,-88.9,0,-145.1,214.9,False,False,False,False,False,,0,0,False,False,No Card,100,100,1024,1349,1178,1024,2,False,False,False,False,False,0,False,False,False,False,95,,47.64,,9541,,10044,,47.64,,True,3.969,3.969,3.969,3.969,3.969,3.969,3.969,3.969,3.969,3.969,3.969,3.969,0,,False,False,True,,,,,,,,,,,,,,,False,False,18.752,,82.0,,75.7,,82.0,,1811,46,4,16,7,143421.4,19122.85,,Idle,,20,,10,,,20,Go Home,False,False,False,False,False,False,False,False,False,False,False,False,33.8027920380556,-117.4659261431046,543.1,2972.0,1049.4,396.9,True,1,1,False,False,False,False,,True,False,False,Course Lock,196.8,67,16.4,93,NE,S,5.81,6.93,Calm,False,False,Android,7.0.2,M300 RTK,1ZN7L4R0H1D00F,1W9DL31001461C,1ZMLH8300204F0,1Z6PH74DAP0QN7,"Corona, CA",728.3,5.7,137.7,8.547347,2.013246,0,0,DJI Matrice 300 RTK,M300 RTK,1ZN7L4R0H1D00F,1W9DL31001461C,1ZMLH8300204F0,1Z6PH74DAP0QN7,DJI Pilot,Android,7.0.2,1EF72A62-B7C3-C88D-164E-CE6F8C8424AE,1ZN7L4R0H1D00F,1W9DL31001461C,,1ZMLH8300204F0,1W9DL31001461C,,,,,
2023-11-01,11:25:52.98 AM,1m 30.6s,90.6,33.8016206380132,-117.4670366888026,43.6,43.6,15.0,1307,558.3,5.7031,6.023145,-4.250186,0,-3.802798,1.342164,-0.223694,0,-0.6,-0.1,0.6,-137,223,221.4,Tripod,Other,,21,5,True,,True,False,,Smart,RC,False,True,False,,,True,,False,False,False,False,False,False,False,False,False,False,0,Follow Yaw,-88.9,0,-145.1,214.9,False,False,False,False,False,,0,0,False,False,No Card,100,100,1024,1351,1176,1024,2,False,False,False,False,False,0,False,False,False,False,95,,47.64,,9541,,10044,,47.64,,True,3.969,3.969,3.969,3.969,3.969,3.969,3.969,3.969,3.969,3.969,3.969,3.969,0,,False,False,True,,,,,,,,,,,,,,,False,False,18.752,,82.0,,75.7,,82.0,,1811,46,4,16,7,143421.4,19122.85,,Idle,,20,,10,,,20,Go Home,False,False,False,False,False,False,False,False,False,False,False,False,33.8027920380556,-117.4659261431046,544.0,2972.0,1049.4,396.9,True,1,1,False,False,False,False,,True,False,False,Course Lock,196.8,67,16.4,93,NE,S,5.81,6.93,Calm,False,False,Android,7.0.2,M300 RTK,1ZN7L4R0H1D00F,1W9DL31001461C,1ZMLH8300204F0,1Z6PH74DAP0QN7,"Corona, CA",728.3,5.7,137.7,8.547347,2.013246,0,0,DJI Matrice 300 RTK,M300 RTK,1ZN7L4R0H1D00F,1W9DL31001461C,1ZMLH8300204F0,1Z6PH74DAP0QN7,DJI Pilot,Android,7.0.2,1EF72A62-B7C3-C88D-164E-CE6F8C8424AE,1ZN7L4R0H1D00F,1W9DL31001461C,,1ZMLH8300204F0,1W9DL31001461C,,,,,
2023-11-01,11:25:53.08 AM,1m 30.7s,90.7,33.8016188654939,-117.4670386910815,43.6,43.6,15.0,1307,559.2,5.7031,6.023145,-4.250186,0,-3.802798,1.342164,-0.223694,0,-0.6,-0.2,0.6,-137,223,223.1,Tripod,Other,,21,5,True,,True,False,,Smart,RC,False,True,False,,,True,,False,False,False,False,False,False,False,False,False,False,0,Follow Yaw,-88.9,0,-145.1,214.9,False,False,False,False,False,,0,0,False,False,No Card,100,100,1024,1351,1177,1024,2,False,False,False,False,False,0,False,False,False,False,95,,47.64,,9541,,10044,,47.64,,True,3.969,3.969,3.969,3.969,3.969,3.969,3.969,3.969,3.969,3.969,3.969,3.969,0,,False,False,True,,,,,,,,,,,,,,,False,False,18.752,,82.0,,75.7,,82.0,,1811,46,4,16,7,143421.4,19122.85,,Idle,,20,,10,,,20,Go Home,False,False,False,False,False,False,False,False,False,False,False,False,33.8027920380556,-117.4659261431046,544.9,2972.0,1049.4,396.9,True,1,1,False,False,False,False,,True,False,False,Course Lock,196.8,67,16.4,93,NE,S,5.59,6.93,Calm,False,False,Android,7.0.2,M300 RTK,1ZN7L4R0H1D00F,1W9DL31001461C,1ZMLH8300204F0,1Z6PH74DAP0QN7,"Corona, CA",728.3,5.7,137.7,8.547347,2.013246,0,0,DJI Matrice 300 RTK,M300 RTK,1ZN7L4R0H1D00F,1W9DL31001461C,1ZMLH8300204F0,1Z6PH74DAP0QN7,DJI Pilot,Android,7.0.2,1EF72A62-B7C3-C88D-164E-CE6F8C8424AE,1ZN7L4R0H1D00F,1W9DL31001461C,,1ZMLH8300204F0,1W9DL31001461C,,,,,
2023-11-01,11:25:53.14 AM,1m 30.8s,90.8,33.8016170628204,-117.4670406313458,43.6,43.6,15.0,1307,560.0,5.7031,6.023145,-4.250186,0,-3.802798,1.342164,-0.223694,0,-0.7,-0.3,0.7,-137,223,221.8,Tripod,Other,,21,5,True,,True,False,,Smart,RC,False,True,False,,,True,,False,False,False,False,False,False,False,False,False,False,0,Follow Yaw,-88.9,0,-145.1,214.9,False,False,False,False,False,,0,0,False,False,No Card,100,100,1024,1349,1179,1024,2,False,False,False,False,False,0,False,False,False,False,95,,47.64,,9541,,10044,,47.64,,True,3.969,3.969,3.969,3.969,3.969,3.969,3.969,3.969,3.969,3.969,3.969,3.969,0,,False,False,True,,,,,,,,,,,,,,,False,False,18.752,,82.0,,75.7,,82.0,,1811,46,4,16,7,143421.4,19122.85,,Idle,,20,,10,,,20,Go Home,False,False,False,False,False,False,False,False,False,False,False,False,33.8027920380556,-117.4659261431046,545.7,2972.0,1049.4,396.9,True,1,1,False,False,False,False,,True,False,False,Course Lock,196.8,67,16.4,93,NE,S,5.59,6.93,Calm,False,False,Android,7.0.2,M300 RTK,1ZN7L4R0H1D00F,1W9DL31001461C,1ZMLH8300204F0,1Z6PH74DAP0QN7,"Corona, CA",728.3,5.7,137.7,8.547347,2.013246,0,0,DJI Matrice 300 RTK,M300 RTK,1ZN7L4R0H1D00F,1W9DL31001461C,1ZMLH8300204F0,1Z6PH74DAP0QN7,DJI Pilot,Android,7.0.2,1EF72A62-B7C3-C88D-164E-CE6F8C8424AE,1ZN7L4R0H1D00F,1W9DL31001461C,,1ZMLH8300204F0,1W9DL31001461C,,,,,
2023-11-01,11:25:53.24 AM,1m 30.9s,90.9,33.8016151598156,-117.4670425148734,43.6,43.6,15.0,1307,560.9,5.7031,6.023145,-4.250186,0,-3.802798,1.342164,-0.223694,0,-0.9,-0.3,0.9,-137,223,219.4,Tripod,Other,,21,5,True,,True,False,,Smart,RC,False,True,False,,,True,,False,False,False,False,False,False,False,False,False,False,0,Follow Yaw,-88.9,0,-145.1,214.9,False,False,False,False,False,,0,0,False,False,No Card,100,100,1024,1348,1180,1024,2,False,False,False,False,False,0,False,False,False,False,95,,47.64,,9541,,10044,,47.64,,True,3.969,3.969,3.969,3.969,3.969,3.969,3.969,3.969,3.969,3.969,3.969,3.969,0,,False,False,True,,,,,,,,,,,,,,,False,False,18.752,,82.0,,75.7,,82.0,,1811,46,4,16,7,143421.4,19122.85,,Idle,,20,,10,,,20,Go Home,False,False,False,False,False,False,False,False,False,False,False,False,33.8027920380556,-117.4659261431046,546.6,2972.0,1049.4,396.9,True,1,1,False,False,False,False,,True,False,False,Course Lock,196.8,67,16.4,93,NE,S,5.59,6.93,Calm,False,False,Android,7.0.2,M300 RTK,1ZN7L4R0H1D00F,1W9DL31001461C,1ZMLH8300204F0,1Z6PH74DAP0QN7,"Corona, CA",728.3,5.7,137.7,8.547347,2.013246,0,0,DJI Matrice 300 RTK,M300 RTK,1ZN7L4R0H1D00F,1W9DL31001461C,1ZMLH8300204F0,1Z6PH74DAP0QN7,DJI Pilot,Android,7.0.2,1EF72A62-B7C3-C88D-164E-CE6F8C8424AE,1ZN7L4R0H1D00F,1W9DL31001461C,,1ZMLH8300204F0,1W9DL31001461C,,,,,
2023-11-01,11:25:53.34 AM,1m 31.0s,91.0,33.8016133500148,-117.4670444551378,43.6,43.6,15.0,1307,561.8,5.7031,6.023145,-4.250186,0,-3.802798,1.342164,-0.223694,0,-0.9,-0.3,0.9,-137,223,221.6,Tripod,Other,,22,5,True,,True,False,,Smart,RC,False,True,False,,,True,,False,False,False,False,False,False,False,False,False,False,0,Follow Yaw,-88.9,0,-145.1,214.9,False,False,False,False,False,,0,0,False,False,No Card,100,100,1024,1350,1180,1024,2,False,False,False,False,False,0,False,False,False,False,95,,47.688,,9541,,10044,,47.688,,True,3.969,3.969,3.969,3.969,3.969,3.969,3.969,3.969,3.969,3.969,3.969,3.969,0,,False,False,True,,,,,,,,,,,,,,,False,False,18.554,,82.2,,75.7,,82.2,,1811,46,4,16,7,143421.4,19122.85,,Idle,,20,,10,,,20,Go Home,False,False,False,False,False,False,False,False,False,False,False,False,33.8027920380556,-117.4659261431046,547.5,2972.0,1049.4,396.9,True,1,1,False,False,False,False,,True,False,False,Course Lock,196.8,67,16.4,93,NE,S,5.59,6.93,Calm,False,False,Android,7.0.2,M300 RTK,1ZN7L4R0H1D00F,1W9DL31001461C,1ZMLH8300204F0,1Z6PH74DAP0QN7,"Corona, CA",728.3,5.7,137.7,8.547347,2.013246,0,0,DJI Matrice 300 RTK,M300 RTK,1ZN7L4R0H1D00F,1W9DL31001461C,1ZMLH8300204F0,1Z6PH74DAP0QN7,DJI Pilot,Android,7.0.2,1EF72A62-B7C3-C88D-164E-CE6F8C8424AE,1ZN7L4R0H1D00F,1W9DL31001461C,,1ZMLH8300204F0,1W9DL31001461C,,,,,
2023-11-01,11:25:53.44 AM,1m 31.1s,91.1,33.8016115862676,-117.4670463168944,43.6,43.6,14.7,1307,562.7,5.854632,6.023145,-4.250186,0,-4.026492,1.342164,-0.223694,0,-0.9,-0.4,0.9,-137.1,222.9,221.2,Tripod,Other,,22,5,True,,True,False,,Smart,RC,False,True,False,,,True,,False,False,False,False,False,False,False,False,False,False,0,Follow Yaw,-88.9,0,-145.1,214.9,False,False,False,False,False,,0,0,False,False,No Card,100,100,1024,1351,1179,1024,2,False,False,False,False,False,0,False,False,False,False,95,,47.688,,9541,,10044,,47.688,,True,3.969,3.969,3.969,3.969,3.969,3.969,3.969,3.969,3.969,3.969,3.969,3.969,0,,False,False,True,,,,,,,,,,,,,,,False,False,18.554,,82.2,,75.7,,82.2,,1811,46,4,16,7,143421.4,19122.85,,Idle,,20,,10,,,20,Go Home,False,False,False,False,False,False,False,False,False,False,False,False,33.8027920380556,-117.4659261431046,548.4,2972.0,1049.4,396.9,True,1,1,False,False,False,False,,True,False,False,Course Lock,196.8,67,16.4,93,NE,S,5.59,6.93,Calm,False,False,Android,7.0.2,M300 RTK,1ZN7L4R0H1D00F,1W9DL31001461C,1ZMLH8300204F0,1Z6PH74DAP0QN7,"Corona, CA",728.3,5.7,137.7,8.547347,2.013246,0,0,DJI Matrice 300 RTK,M300 RTK,1ZN7L4R0H1D00F,1W9DL31001461C,1ZMLH8300204F0,1Z6PH74DAP0QN7,DJI Pilot,Android,7.0.2,1EF72A62-B7C3-C88D-164E-CE6F8C8424AE,1ZN7L4R0H1D00F,1W9DL31001461C,,1ZMLH8300204F0,1W9DL31001461C,,,,,
2023-11-01,11:25:53.54 AM,1m 31.2s,91.2,33.801609777015,-117.467048256499,43.6,43.6,14.7,1307,563.6,5.854632,6.023145,-4.250186,0,-4.026492,1.342164,-0.223694,0,-0.9,-0.6,1,-137.1,222.9,221.6,Tripod,Other,,22,5,True,,True,False,,Smart,RC,False,True,False,,,True,,False,False,False,False,False,False,False,False,False,False,0,Follow Yaw,-88.9,0,-145.1,214.9,False,False,False,False,False,,0,0,False,False,No Card,100,100,1024,1347,1181,1024,2,False,False,False,False,False,0,False,False,False,False,95,,47.688,,9541,,10044,,47.688,,True,3.969,3.969,3.969,3.969,3.969,3.969,3.969,3.969,3.969,3.969,3.969,3.969,0,,False,False,True,,,,,,,,,,,,,,,False,False,18.554,,82.2,,75.7,,82.2,,1811,46,4,16,7,143421.4,19122.85,,Idle,,20,,10,,,20,Go Home,False,False,False,False,False,False,False,False,False,False,False,False,33.8027920380556,-117.4659261431046,549.3,2972.0,1049.4,396.9,True,1,1,False,False,False,False,,True,False,False,Course Lock,196.8,67,16.4,93,NE,S,5.59,6.93,Calm,False,False,Android,7.0.2,M300 RTK,1ZN7L4R0H1D00F,1W9DL31001461C,1ZMLH8300204F0,1Z6PH74DAP0QN7,"Corona, CA",728.3,5.7,137.7,8.547347,2.013246,0,0,DJI Matrice 300 RTK,M300 RTK,1ZN7L4R0H1D00F,1W9DL31001461C,1ZMLH8300204F0,1Z6PH74DAP0QN7,DJI Pilot,Android,7.0.2,1EF72A62-B7C3-C88D-164E-CE6F8C8424AE,1ZN7L4R0H1D00F,1W9DL31001461C,,1ZMLH8300204F0,1W9DL31001461C,,,,,
2023-11-01,11:25:53.64 AM,1m 31.3s,91.3,33.8016079869515,-117.4670502699933,43.6,43.6,14.7,1307,564.5,5.854632,6.023145,-4.250186,0,-4.026492,1.342164,-0.223694,0,-1,-0.7,1.2,-137.1,222.9,223.0,Tripod,Other,,22,5,True,,True,False,,Smart,RC,False,True,False,,,True,,False,False,False,False,False,False,False,False,False,False,0,Follow Yaw,-88.9,0,-145.1,214.9,False,False,False,False,False,,0,0,False,False,No Card,100,100,1024,1349,1178,1024,2,False,False,False,False,False,0,False,False,False,False,95,,47.688,,9541,,10044,,47.688,,True,3.972,3.972,3.972,3.972,3.972,3.972,3.972,3.972,3.972,3.972,3.972,3.972,0,,False,False,True,,,,,,,,,,,,,,,False,False,18.554,,82.2,,75.7,,82.2,,1809,46,4,16,7,143242.0,19098.93,,Idle,,20,,10,,,20,Go Home,False,False,False,False,False,False,False,False,False,False,False,False,33.8027920380556,-117.4659261431046,550.1,2972.0,1049.4,396.9,True,1,1,False,False,False,False,,True,False,False,Course Lock,196.8,67,16.4,93,NE,S,5.59,6.93,Calm,False,False,Android,7.0.2,M300 RTK,1ZN7L4R0H1D00F,1W9DL31001461C,1ZMLH8300204F0,1Z6PH74DAP0QN7,"Corona, CA",728.3,5.7,137.7,8.547347,2.013246,0,0,DJI Matrice 300 RTK,M300 RTK,1ZN7L4R0H1D00F,1W9DL31001461C,1ZMLH8300204F0,1Z6PH74DAP0QN7,DJI Pilot,Android,7.0.2,1EF72A62-B7C3-C88D-164E-CE6F8C8424AE,1ZN7L4R0H1D00F,1W9DL31001461C,,1ZMLH8300204F0,1W9DL31001461C,,,,,
2023-11-01,11:25:53.74 AM,1m 31.4s,91.4,33.8016061683785,-117.4670522227925,43.6,43.6,14.7,1307,565.3,5.854632,6.023145,-4.250186,0,-4.026492,1.342164,-0.223694,0,-0.9,-0.7,1.1,-137.1,222.9,221.7,Tripod,Other,,22,5,True,,True,False,,Smart,RC,False,True,False,,,True,,False,False,False,False,False,False,False,False,False,False,0,Follow Yaw,-88.9,0,-145.1,214.9,False,False,False,False,False,,0,0,False,False,No Card,100,100,1024,1347,1179,1024,2,False,False,False,False,False,0,False,False,False,False,95,,47.688,,9541,,10044,,47.688,,True,3.972,3.972,3.972,3.972,3.972,3.972,3.972,3.972,3.972,3.972,3.972,3.972,0,,False,False,True,,,,,,,,,,,,,,,False,False,18.554,,82.2,,75.7,,82.2,,1809,46,4,16,7,143242.0,19098.93,,Idle,,20,,10,,,20,Go Home,False,False,False,False,False,False,False,False,False,False,False,False,33.8027920380556,-117.4659261431046,551.0,2972.0,1049.4,396.9,True,1,1,False,False,False,False,,True,False,False,Course Lock,196.8,67,16.4,93,NE,S,5.59,6.93,Calm,False,False,Android,7.0.2,M300 RTK,1ZN7L4R0H1D00F,1W9DL31001461C,1ZMLH8300204F0,1Z6PH74DAP0QN7,"Corona, CA",728.3,5.7,137.7,8.547347,2.013246,0,0,DJI Matrice 300 RTK,M300 RTK,1ZN7L4R0H1D00F,1W9DL31001461C,1ZMLH8300204F0,1Z6PH74DAP0QN7,DJI Pilot,Android,7.0.2,1EF72A62-B7C3-C88D-164E-CE6F8C8424AE,1ZN7L4R0H1D00F,1W9DL31001461C,,1ZMLH8300204F0,1W9DL31001461C,,,,,
2023-11-01,11:25:53.84 AM,1m 31.5s,91.5,33.8016045362134,-117.4670543556979,43.9,43.9,14.7,1308,566.2,5.854632,6.023145,-4.250186,0,-4.026492,1.342164,-0.223694,0,-0.9,-0.6,1,-137.1,222.9,227.3,Tripod,Other,,22,5,True,,True,False,,Smart,RC,False,True,False,,,True,,False,False,False,False,False,False,False,False,False,False,0,Follow Yaw,-88.9,0,-145.1,214.9,False,False,False,False,False,,0,0,False,False,No Card,100,100,1024,1351,1171,1024,2,False,False,False,False,False,0,False,False,False,False,95,,47.688,,9541,,10044,,47.688,,True,3.972,3.972,3.972,3.972,3.972,3.972,3.972,3.972,3.972,3.972,3.972,3.972,0,,False,False,True,,,,,,,,,,,,,,,False,False,18.554,,82.2,,75.7,,82.2,,1809,46,4,16,7,143242.0,19098.93,,Idle,,20,,10,,,20,Go Home,False,False,False,False,False,False,False,False,False,False,False,False,33.8027920380556,-117.4659261431046,551.9,2972.0,1049.4,396.9,True,1,1,False,False,False,False,,True,False,False,Course Lock,196.8,67,16.4,93,NE,S,5.59,6.93,Calm,False,False,Android,7.0.2,M300 RTK,1ZN7L4R0H1D00F,1W9DL31001461C,1ZMLH8300204F0,1Z6PH74DAP0QN7,"Corona, CA",728.3,5.7,137.7,8.547347,2.013246,0,0,DJI Matrice 300 RTK,M300 RTK,1ZN7L4R0H1D00F,1W9DL31001461C,1ZMLH8300204F0,1Z6PH74DAP0QN7,DJI Pilot,Android,7.0.2,1EF72A62-B7C3-C88D-164E-CE6F8C8424AE,1ZN7L4R0H1D00F,1W9DL31001461C,,1ZMLH8300204F0,1W9DL31001461C,,,,,
2023-11-01,11:25:53.94 AM,1m 31.6s,91.6,33.8016027192852,-117.4670563362058,43.9,43.9,14.7,1308,567.1,5.854632,6.023145,-4.250186,0,-4.026492,1.342164,-0.223694,0,-0.8,-0.4,0.8,-137,223,222.1,Tripod,Other,,22,5,True,,True,False,,Smart,RC,False,True,False,,,True,,False,False,False,False,False,False,False,False,False,False,0,Follow Yaw,-88.9,0,-145.1,214.9,False,False,False,False,False,,0,0,False,False,No Card,100,100,1024,1352,1171,1024,2,False,False,False,False,False,0,False,False,False,False,95,,47.688,,9541,,10044,,47.688,,True,3.972,3.972,3.972,3.972,3.972,3.972,3.972,3.972,3.972,3.972,3.972,3.972,0,,False,False,True,,,,,,,,,,,,,,,False,False,18.554,,82.2,,75.7,,82.2,,1809,46,4,16,7,143242.0,19098.93,,Idle,,20,,10,,,20,Go Home,False,False,False,False,False,False,False,False,False,False,False,False,33.8027920380556,-117.4659261431046,552.8,2972.0,1049.4,396.9,True,1,1,False,False,False,False,,True,False,False,Course Lock,196.8,67,16.4,93,NE,S,5.59,6.93,Calm,False,False,Android,7.0.2,M300 RTK,1ZN7L4R0H1D00F,1W9DL31001461C,1ZMLH8300204F0,1Z6PH74DAP0QN7,"Corona, CA",728.3,5.7,137.7,8.547347,2.013246,0,0,DJI Matrice 300 RTK,M300 RTK,1ZN7L4R0H1D00F,1W9DL31001461C,1ZMLH8300204F0,1Z6PH74DAP0QN7,DJI Pilot,Android,7.0.2,1EF72A62-B7C3-C88D-164E-CE6F8C8424AE,1ZN7L4R0H1D00F,1W9DL31001461C,,1ZMLH8300204F0,1W9DL31001461C,,,,,
2023-11-01,11:25:54.04 AM,1m 31.7s,91.7,33.8016005531164,-117.467058103621,43.9,43.9,14.7,1308,568.1,5.854632,6.023145,-4.250186,0,-4.026492,1.342164,-0.223694,0,-0.5,-0.3,0.5,-136.9,223.1,214.1,Tripod,Other,,22,5,True,,True,False,,Smart,RC,False,True,False,,,True,,False,False,False,False,False,False,False,False,False,False,0,Follow Yaw,-88.9,0,-145.1,214.9,False,False,False,False,False,,0,0,False,False,No Card,100,100,1024,1347,1176,1024,2,False,False,False,False,False,0,False,False,False,False,95,,47.688,,9541,,10044,,47.688,,True,3.972,3.972,3.972,3.972,3.972,3.972,3.972,3.972,3.972,3.972,3.972,3.972,0,,False,False,True,,,,,,,,,,,,,,,False,False,18.554,,82.2,,75.7,,82.2,,1809,46,4,16,7,143242.0,19098.93,,Idle,,20,,10,,,20,Go Home,False,False,False,False,False,False,False,False,False,False,False,False,33.8027920380556,-117.4659261431046,553.7,2972.0,1049.4,396.9,True,1,1,False,False,False,False,,True,False,False,Course Lock,196.8,67,16.4,93,NE,S,5.59,6.93,Calm,False,False,Android,7.0.2,M300 RTK,1ZN7L4R0H1D00F,1W9DL31001461C,1ZMLH8300204F0,1Z6PH74DAP0QN7,"Corona, CA",728.3,5.7,137.7,8.547347,2.013246,0,0,DJI Matrice 300 RTK,M300 RTK,1ZN7L4R0H1D00F,1W9DL31001461C,1ZMLH8300204F0,1Z6PH74DAP0QN7,DJI Pilot,Android,7.0.2,1EF72A62-B7C3-C88D-164E-CE6F8C8424AE,1ZN7L4R0H1D00F,1W9DL31001461C,,1ZMLH8300204F0,1W9DL31001461C,,,,,
2023-11-01,11:25:54.14 AM,1m 31.8s,91.8,33.8015987000031,-117.4670600755524,43.9,43.9,14.7,1308,569.0,5.854632,6.023145,-4.250186,0,-4.026492,1.342164,-0.223694,0,-0.4,-0.6,0.7,-136.9,223.1,221.4,Tripod,Other,,22,5,True,,True,False,,Smart,RC,False,True,False,,,True,,False,False,False,False,False,False,False,False,False,False,0,Follow Yaw,-88.9,0,-145.1,214.9,False,False,False,False,False,,0,0,False,False,No Card,100,100,1024,1348,1177,1024,2,False,False,False,False,False,0,False,False,False,False,95,,47.688,,9541,,10044,,47.688,,True,3.972,3.972,3.972,3.972,3.972,3.972,3.972,3.972,3.972,3.972,3.972,3.972,0,,False,False,True,,,,,,,,,,,,,,,False,False,18.554,,82.2,,75.7,,82.2,,1809,46,4,16,7,143242.0,19098.93,,Idle,,20,,10,,,20,Go Home,False,False,False,False,False,False,False,False,False,False,False,False,33.8027920380556,-117.4659261431046,554.6,2972.0,1049.4,396.9,True,1,1,False,False,False,False,,True,False,False,Course Lock,196.8,67,16.4,93,NE,S,5.59,6.93,Calm,False,False,Android,7.0.2,M300 RTK,1ZN7L4R0H1D00F,1W9DL31001461C,1ZMLH8300204F0,1Z6PH74DAP0QN7,"Corona, CA",728.3,5.7,137.7,8.547347,2.013246,0,0,DJI Matrice 300 RTK,M300 RTK,1ZN7L4R0H1D00F,1W9DL31001461C,1ZMLH8300204F0,1Z6PH74DAP0QN7,DJI Pilot,Android,7.0.2,1EF72A62-B7C3-C88D-164E-CE6F8C8424AE,1ZN7L4R0H1D00F,1W9DL31001461C,,1ZMLH8300204F0,1W9DL31001461C,,,,,
2023-11-01,11:25:54.24 AM,1m 31.9s,91.9,33.8015968052222,-117.4670620527616,43.9,43.9,14.7,1308,569.9,5.854632,6.023145,-4.250186,0,-4.026492,1.342164,-0.223694,0,-0.4,-0.9,0.9,-136.9,223.1,220.9,Tripod,Other,,22,5,True,,True,False,,Smart,RC,False,True,False,,,True,,False,False,False,False,False,False,False,False,False,False,0,Follow Yaw,-88.9,0,-145.1,214.9,False,False,False,False,False,,0,0,False,False,No Card,100,100,1024,1348,1178,1024,2,False,False,False,False,False,0,False,False,False,False,95,,47.688,,9541,,10044,,47.688,,True,3.972,3.972,3.972,3.972,3.972,3.972,3.972,3.972,3.972,3.972,3.972,3.972,0,,False,False,True,,,,,,,,,,,,,,,False,False,18.554,,82.2,,75.7,,82.2,,1809,46,4,16,7,143242.0,19098.93,,Idle,,20,,10,,,20,Go Home,False,False,False,False,False,False,False,False,False,False,False,False,33.8027920380556,-117.4659261431046,555.6,2972.0,1049.4,396.9,True,1,1,False,False,False,False,,True,False,False,Course Lock,196.8,67,16.4,93,NE,S,5.59,6.93,Calm,False,False,Android,7.0.2,M300 RTK,1ZN7L4R0H1D00F,1W9DL31001461C,1ZMLH8300204F0,1Z6PH74DAP0QN7,"Corona, CA",728.3,5.7,137.7,8.547347,2.013246,0,0,DJI Matrice 300 RTK,M300 RTK,1ZN7L4R0H1D00F,1W9DL31001461C,1ZMLH8300204F0,1Z6PH74DAP0QN7,DJI Pilot,Android,7.0.2,1EF72A62-B7C3-C88D-164E-CE6F8C8424AE,1ZN7L4R0H1D00F,1W9DL31001461C,,1ZMLH8300204F0,1W9DL31001461C,,,,,
2023-11-01,11:25:54.34 AM,1m 32.0s,92.0,33.8015949389508,-117.467064022054,43.9,43.9,14.4,1308,570.8,5.854632,6.023145,-4.250186,0,-4.026492,1.342164,-0.223694,0,-0.5,-1,1.1,-136.8,223.2,221.2,Tripod,Other,,22,5,True,,True,False,,Smart,RC,False,True,False,,,True,,False,False,False,False,False,False,False,False,False,False,0,Follow Yaw,-88.9,0,-145.1,214.9,False,False,False,False,False,,0,0,False,False,No Card,100,100,1024,1350,1177,1024,2,False,False,False,False,False,0,False,False,False,False,95,,47.688,,9541,,10044,,47.688,,True,3.972,3.972,3.972,3.972,3.972,3.972,3.972,3.972,3.972,3.972,3.972,3.972,0,,False,False,True,,,,,,,,,,,,,,,False,False,18.558,,82.2,,75.7,,82.2,,1809,46,4,16,7,143242.0,19098.93,,Idle,,20,,10,,,20,Go Home,False,False,False,False,False,False,False,False,False,False,False,False,33.8027920380556,-117.4659261431046,556.5,2972.0,1049.4,396.9,True,1,1,False,False,False,False,,True,False,False,Course Lock,196.8,67,16.4,93,NE,S,5.59,6.93,Calm,False,False,Android,7.0.2,M300 RTK,1ZN7L4R0H1D00F,1W9DL31001461C,1ZMLH8300204F0,1Z6PH74DAP0QN7,"Corona, CA",728.3,5.7,137.7,8.547347,2.013246,0,0,DJI Matrice 300 RTK,M300 RTK,1ZN7L4R0H1D00F,1W9DL31001461C,1ZMLH8300204F0,1Z6PH74DAP0QN7,DJI Pilot,Android,7.0.2,1EF72A62-B7C3-C88D-164E-CE6F8C8424AE,1ZN7L4R0H1D00F,1W9DL31001461C,,1ZMLH8300204F0,1W9DL31001461C,,,,,
2023-11-01,11:25:54.44 AM,1m 32.1s,92.1,33.8015929027192,-117.4670659768324,43.9,43.9,14.4,1308,571.7,6.018989,6.023145,-4.47388,0,-4.026492,1.342164,0,0,-0.4,-0.7,0.8,-136.6,223.4,218.5,Tripod,Other,,22,5,True,,True,False,,Smart,RC,False,True,False,,,True,,False,False,False,False,False,False,False,False,False,False,0,Follow Yaw,-88.9,0,-145.1,214.9,False,False,False,False,False,,0,0,False,False,No Card,100,100,1024,1347,1178,1024,2,False,False,False,False,False,0,False,False,False,False,95,,47.688,,9541,,10044,,47.688,,True,3.972,3.972,3.972,3.972,3.972,3.972,3.972,3.972,3.972,3.972,3.972,3.972,0,,False,False,True,,,,,,,,,,,,,,,False,False,18.558,,82.2,,75.7,,82.2,,1809,46,4,16,7,143242.0,19098.93,,Idle,,20,,10,,,20,Go Home,False,False,False,False,False,False,False,False,False,False,False,False,33.8027920380556,-117.4659261431046,557.4,2972.0,1049.4,396.9,True,1,1,False,False,False,False,,True,False,False,Course Lock,196.8,67,16.4,93,NE,S,5.59,6.93,Calm,False,False,Android,7.0.2,M300 RTK,1ZN7L4R0H1D00F,1W9DL31001461C,1ZMLH8300204F0,1Z6PH74DAP0QN7,"Corona, CA",728.3,5.7,137.7,8.547347,2.013246,0,0,DJI Matrice 300 RTK,M300 RTK,1ZN7L4R0H1D00F,1W9DL31001461C,1ZMLH8300204F0,1Z6PH74DAP0QN7,DJI Pilot,Android,7.0.2,1EF72A62-B7C3-C88D-164E-CE6F8C8424AE,1ZN7L4R0H1D00F,1W9DL31001461C,,1ZMLH8300204F0,1W9DL31001461C,,,,,
2023-11-01,11:25:54.52 AM,1m 32.2s,92.2,33.8015910167104,-117.4670679441456,43.9,43.9,14.4,1308,572.7,6.018989,6.023145,-4.47388,0,-4.026492,1.342164,0,0,-0.3,-0.4,0.5,-136.5,223.5,220.9,Tripod,Other,,22,5,True,,True,False,,Smart,RC,False,True,False,,,True,,False,False,False,False,False,False,False,False,False,False,0,Follow Yaw,-88.9,0,-145.1,214.9,False,False,False,False,False,,0,0,False,False,No Card,100,100,1024,1347,1177,1024,2,False,False,False,False,False,0,False,False,False,False,95,,47.688,,9541,,10044,,47.688,,True,3.972,3.972,3.972,3.972,3.972,3.972,3.972,3.972,3.972,3.972,3.972,3.972,0,,False,False,True,,,,,,,,,,,,,,,False,False,18.558,,82.2,,75.7,,82.2,,1809,46,4,16,7,143242.0,19098.93,,Idle,,20,,10,,,20,Go Home,False,False,False,False,False,False,False,False,False,False,False,False,33.8027920380556,-117.4659261431046,558.3,2972.0,1049.4,396.9,True,1,1,False,False,False,False,,True,False,False,Course Lock,196.8,67,16.4,93,NE,S,5.59,6.93,Calm,False,False,Android,7.0.2,M300 RTK,1ZN7L4R0H1D00F,1W9DL31001461C,1ZMLH8300204F0,1Z6PH74DAP0QN7,"Corona, CA",728.3,5.7,137.7,8.547347,2.013246,0,0,DJI Matrice 300 RTK,M300 RTK,1ZN7L4R0H1D00F,1W9DL31001461C,1ZMLH8300204F0,1Z6PH74DAP0QN7,DJI Pilot,Android,7.0.2,1EF72A62-B7C3-C88D-164E-CE6F8C8424AE,1ZN7L4R0H1D00F,1W9DL31001461C,,1ZMLH8300204F0,1W9DL31001461C,,,,,
2023-11-01,11:25:54.62 AM,1m 32.3s,92.3,33.8015891860758,-117.4670698626389,43.9,43.9,14.4,1308,573.5,6.018989,6.023145,-4.47388,0,-4.026492,1.342164,0,0,-0.1,-0.2,0.2,-136.5,223.5,221.0,Tripod,Other,,22,5,True,,True,False,,Smart,RC,False,True,False,,,True,,False,False,False,False,False,False,False,False,False,False,0,Follow Yaw,-88.9,0,-145.1,214.9,False,False,False,False,False,,0,0,False,False,No Card,100,100,1024,1348,1177,1024,2,False,False,False,False,False,0,False,False,False,False,95,,47.688,,9541,,10044,,47.688,,True,3.974,3.974,3.974,3.974,3.974,3.974,3.974,3.974,3.974,3.974,3.974,3.974,0,,False,False,True,,,,,,,,,,,,,,,False,False,18.558,,82.2,,75.7,,82.2,,1808,46,4,16,7,142829.0,19043.87,,Idle,,20,,10,,,20,Go Home,False,False,False,False,False,False,False,False,False,False,False,False,33.8027920380556,-117.4659261431046,559.2,2972.0,1049.4,396.9,True,1,1,False,False,False,False,,True,False,False,Course Lock,196.8,67,16.4,93,NE,S,5.59,6.93,Calm,False,False,Android,7.0.2,M300 RTK,1ZN7L4R0H1D00F,1W9DL31001461C,1ZMLH8300204F0,1Z6PH74DAP0QN7,"Corona, CA",728.3,5.7,137.7,8.547347,2.013246,0,0,DJI Matrice 300 RTK,M300 RTK,1ZN7L4R0H1D00F,1W9DL31001461C,1ZMLH8300204F0,1Z6PH74DAP0QN7,DJI Pilot,Android,7.0.2,1EF72A62-B7C3-C88D-164E-CE6F8C8424AE,1ZN7L4R0H1D00F,1W9DL31001461C,,1ZMLH8300204F0,1W9DL31001461C,,,,,
2023-11-01,11:25:54.73 AM,1m 32.4s,92.4,33.8015873110322,-117.4670718411676,43.9,43.9,14.4,1308,574.4,6.018989,6.023145,-4.47388,0,-4.026492,1.342164,0,0,0,-0.2,0.2,-136.5,223.5,221.2,Tripod,Other,,22,5,True,,True,False,,Smart,RC,False,True,False,,,True,,False,False,False,False,False,False,False,False,False,False,0,Follow Yaw,-88.9,0,-145.1,214.9,False,False,False,False,False,,0,0,False,False,No Card,100,100,1024,1343,1180,1024,2,False,False,False,False,False,0,False,False,False,False,95,,47.688,,9541,,10044,,47.688,,True,3.974,3.974,3.974,3.974,3.974,3.974,3.974,3.974,3.974,3.974,3.974,3.974,0,,False,False,True,,,,,,,,,,,,,,,False,False,18.558,,82.2,,75.7,,82.2,,1808,46,4,16,7,142829.0,19043.87,,Idle,,20,,10,,,20,Go Home,False,False,False,False,False,False,False,False,False,False,False,False,33.8027920380556,-117.4659261431046,560.1,2972.0,1049.4,396.9,True,1,1,False,False,False,False,,True,False,False,Course Lock,196.8,67,16.4,93,NE,S,5.59,6.93,Calm,False,False,Android,7.0.2,M300 RTK,1ZN7L4R0H1D00F,1W9DL31001461C,1ZMLH8300204F0,1Z6PH74DAP0QN7,"Corona, CA",728.3,5.7,137.7,8.547347,2.013246,0,0,DJI Matrice 300 RTK,M300 RTK,1ZN7L4R0H1D00F,1W9DL31001461C,1ZMLH8300204F0,1Z6PH74DAP0QN7,DJI Pilot,Android,7.0.2,1EF72A62-B7C3-C88D-164E-CE6F8C8424AE,1ZN7L4R0H1D00F,1W9DL31001461C,,1ZMLH8300204F0,1W9DL31001461C,,,,,
2023-11-01,11:25:54.84 AM,1m 32.5s,92.5,33.8015856761257,-117.4670739549408,44.2,44.2,14.4,1308,575.3,5.854632,6.023145,-4.250186,0,-4.026492,1.342164,0,0,0,-0.3,0.3,-136.5,223.5,227.0,Tripod,Other,,22,5,True,,True,False,,Smart,RC,False,True,False,,,True,,False,False,False,False,False,False,False,False,False,False,0,Follow Yaw,-88.9,0,-145.1,214.9,False,False,False,False,False,,0,0,False,False,No Card,100,100,1024,1344,1179,1024,2,False,False,False,False,False,0,False,False,False,False,95,,47.688,,9541,,10044,,47.688,,True,3.974,3.974,3.974,3.974,3.974,3.974,3.974,3.974,3.974,3.974,3.974,3.974,0,,False,False,True,,,,,,,,,,,,,,,False,False,18.558,,82.2,,75.7,,82.2,,1808,46,4,16,7,142829.0,19043.87,,Idle,,20,,10,,,20,Go Home,False,False,False,False,False,False,False,False,False,False,False,False,33.8027920380556,-117.4659261431046,561.0,2972.0,1049.4,396.9,True,1,1,False,False,False,False,,True,False,False,Course Lock,196.8,67,16.4,93,NE,S,5.59,6.93,Calm,False,False,Android,7.0.2,M300 RTK,1ZN7L4R0H1D00F,1W9DL31001461C,1ZMLH8300204F0,1Z6PH74DAP0QN7,"Corona, CA",728.3,5.7,137.7,8.547347,2.013246,0,0,DJI Matrice 300 RTK,M300 RTK,1ZN7L4R0H1D00F,1W9DL31001461C,1ZMLH8300204F0,1Z6PH74DAP0QN7,DJI Pilot,Android,7.0.2,1EF72A62-B7C3-C88D-164E-CE6F8C8424AE,1ZN7L4R0H1D00F,1W9DL31001461C,,1ZMLH8300204F0,1W9DL31001461C,,,,,
2023-11-01,11:25:54.94 AM,1m 32.6s,92.6,33.8015838328811,-117.4670759473237,44.2,44.2,14.1,1308,576.2,5.854632,6.023145,-4.250186,0,-4.026492,1.342164,0,0,0,-0.5,0.5,-136.4,223.6,221.9,Tripod,Other,,22,5,True,,True,False,,Smart,RC,False,True,False,,,True,,False,False,False,False,False,False,False,False,False,False,0,Follow Yaw,-88.9,0,-145.1,214.9,False,False,False,False,False,,0,0,False,False,No Card,100,100,1024,1344,1180,1024,2,False,False,False,False,False,0,False,False,False,False,95,,47.688,,9541,,10044,,47.688,,True,3.974,3.974,3.974,3.974,3.974,3.974,3.974,3.974,3.974,3.974,3.974,3.974,0,,False,False,True,,,,,,,,,,,,,,,False,False,18.558,,82.2,,75.7,,82.2,,1808,46,4,16,7,142829.0,19043.87,,Idle,,20,,10,,,20,Go Home,False,False,False,False,False,False,False,False,False,False,False,False,33.8027920380556,-117.4659261431046,561.9,2972.0,1049.4,396.9,True,1,1,False,False,False,False,,True,False,False,Course Lock,196.8,67,16.4,93,NE,S,5.59,6.93,Calm,False,False,Android,7.0.2,M300 RTK,1ZN7L4R0H1D00F,1W9DL31001461C,1ZMLH8300204F0,1Z6PH74DAP0QN7,"Corona, CA",728.3,5.7,137.7,8.547347,2.013246,0,0,DJI Matrice 300 RTK,M300 RTK,1ZN7L4R0H1D00F,1W9DL31001461C,1ZMLH8300204F0,1Z6PH74DAP0QN7,DJI Pilot,Android,7.0.2,1EF72A62-B7C3-C88D-164E-CE6F8C8424AE,1ZN7L4R0H1D00F,1W9DL31001461C,,1ZMLH8300204F0,1W9DL31001461C,,,,,
2023-11-01,11:25:55.04 AM,1m 32.7s,92.7,33.8015820148564,-117.4670776969263,44.2,44.2,14.1,1308,577.1,5.854632,6.023145,-4.250186,0,-4.026492,1.342164,0,0,-0.2,-0.5,0.5,-136.4,223.6,218.6,Tripod,Other,,22,5,True,,True,False,,Smart,RC,False,True,False,,,True,,False,False,False,False,False,False,False,False,False,False,0,Follow Yaw,-88.9,0,-145.1,214.9,False,False,False,False,False,,0,0,False,False,No Card,100,100,1024,1349,1176,1024,2,False,False,False,False,False,0,False,False,False,False,95,,47.664,,4736,,4986,,47.664,,True,3.974,3.974,3.974,3.974,3.974,3.974,3.974,3.974,3.974,3.974,3.974,3.974,0,,False,False,True,,,,,,,,,,,,,,,False,False,8.974,,81.3,,75.7,,82.2,,1808,46,4,16,7,142829.0,19043.87,,Idle,,20,,10,,,20,Go Home,False,False,False,False,False,False,False,False,False,False,False,False,33.8027920380556,-117.4659261431046,562.7,2972.0,1049.4,396.9,True,1,1,False,False,False,False,,True,False,False,Course Lock,196.8,67,16.4,93,NE,S,5.59,6.93,Calm,False,False,Android,7.0.2,M300 RTK,1ZN7L4R0H1D00F,1W9DL31001461C,1ZMLH8300204F0,1Z6PH74DAP0QN7,"Corona, CA",728.3,5.7,137.7,8.547347,2.013246,0,0,DJI Matrice 300 RTK,M300 RTK,1ZN7L4R0H1D00F,1W9DL31001461C,1ZMLH8300204F0,1Z6PH74DAP0QN7,DJI Pilot,Android,7.0.2,1EF72A62-B7C3-C88D-164E-CE6F8C8424AE,1ZN7L4R0H1D00F,1W9DL31001461C,,1ZMLH8300204F0,1W9DL31001461C,,,,,
2023-11-01,11:25:55.15 AM,1m 32.8s,92.8,33.8015801787392,-117.4670796774342,44.2,44.2,14.1,1308,578.0,5.854632,6.023145,-4.250186,0,-4.026492,1.342164,0,0,-0.2,-0.4,0.4,-136.4,223.6,221.8,Tripod,Other,,22,5,True,,True,False,,Smart,RC,False,True,False,,,True,,False,False,False,False,False,False,False,False,False,False,0,Follow Yaw,-88.9,0,-145.1,214.9,False,False,False,False,False,,0,0,False,False,No Card,100,100,1024,1346,1177,1024,2,False,False,False,False,False,0,False,False,False,False,95,,47.664,,4736,,4986,,47.664,,True,3.974,3.974,3.974,3.974,3.974,3.974,3.974,3.974,3.974,3.974,3.974,3.974,0,,False,False,True,,,,,,,,,,,,,,,False,False,8.974,,81.3,,75.7,,82.2,,1808,46,4,16,7,142829.0,19043.87,,Idle,,20,,10,,,20,Go Home,False,False,False,False,False,False,False,False,False,False,False,False,33.8027920380556,-117.4659261431046,563.6,2972.0,1049.4,396.9,True,1,1,False,False,False,False,,True,False,False,Course Lock,196.8,67,16.4,93,NE,S,5.59,6.93,Calm,False,False,Android,7.0.2,M300 RTK,1ZN7L4R0H1D00F,1W9DL31001461C,1ZMLH8300204F0,1Z6PH74DAP0QN7,"Corona, CA",728.3,5.7,137.7,8.547347,2.013246,0,0,DJI Matrice 300 RTK,M300 RTK,1ZN7L4R0H1D00F,1W9DL31001461C,1ZMLH8300204F0,1Z6PH74DAP0QN7,DJI Pilot,Android,7.0.2,1EF72A62-B7C3-C88D-164E-CE6F8C8424AE,1ZN7L4R0H1D00F,1W9DL31001461C,,1ZMLH8300204F0,1W9DL31001461C,,,,,
2023-11-01,11:25:55.26 AM,1m 32.9s,92.9,33.8015782077504,-117.4670819185352,44.2,44.2,14.1,1308,579.0,5.854632,6.023145,-4.250186,0,-4.026492,1.342164,0,0,-0.3,-0.3,0.4,-136.4,223.6,223.3,Tripod,Other,,22,5,True,,True,False,,Smart,RC,False,True,False,,,True,,False,False,False,False,False,False,False,False,False,False,0,Follow Yaw,-88.9,0,-145.1,214.9,False,False,False,False,False,,0,0,False,False,No Card,100,100,1024,1344,1179,1024,2,False,False,False,False,False,0,False,False,False,False,95,,47.664,,4736,,4986,,47.664,,True,3.974,3.974,3.974,3.974,3.974,3.974,3.974,3.974,3.974,3.974,3.974,3.974,0,,False,False,True,,,,,,,,,,,,,,,False,False,8.974,,81.3,,75.7,,82.2,,1808,46,4,16,7,142829.0,19043.87,,Idle,,20,,10,,,20,Go Home,False,False,False,False,False,False,False,False,False,False,False,False,33.8027920380556,-117.4659261431046,564.6,2972.0,1049.4,396.9,True,1,1,False,False,False,False,,True,False,False,Course Lock,196.8,67,16.4,93,NE,S,5.59,6.93,Calm,False,False,Android,7.0.2,M300 RTK,1ZN7L4R0H1D00F,1W9DL31001461C,1ZMLH8300204F0,1Z6PH74DAP0QN7,"Corona, CA",728.3,5.7,137.7,8.547347,2.013246,0,0,DJI Matrice 300 RTK,M300 RTK,1ZN7L4R0H1D00F,1W9DL31001461C,1ZMLH8300204F0,1Z6PH74DAP0QN7,DJI Pilot,Android,7.0.2,1EF72A62-B7C3-C88D-164E-CE6F8C8424AE,1ZN7L4R0H1D00F,1W9DL31001461C,,1ZMLH8300204F0,1W9DL31001461C,,,,,
2023-11-01,11:25:55.36 AM,1m 33.0s,93.0,33.8015763656023,-117.46708393071,44.2,44.2,14.1,1308,579.9,5.854632,6.023145,-4.250186,0,-4.026492,1.342164,0,0,-0.3,-0.3,0.4,-136.5,223.5,222.2,Tripod,Other,,22,5,True,,True,False,,Smart,RC,False,True,False,,,True,,False,False,False,False,False,False,False,False,False,False,0,Follow Yaw,-88.9,0,-145.1,214.9,False,False,False,False,False,,0,0,False,False,No Card,100,100,1024,1345,1180,1024,2,False,False,False,False,False,0,False,False,False,False,95,,47.712,,9541,,10044,,47.712,,True,3.974,3.974,3.974,3.974,3.974,3.974,3.974,3.974,3.974,3.974,3.974,3.974,0,,False,False,True,,,,,,,,,,,,,,,False,False,18.378,,82.2,,75.7,,82.2,,1808,46,4,16,7,142829.0,19043.87,,Idle,,20,,10,,,20,Go Home,False,False,False,False,False,False,False,False,False,False,False,False,33.8027920380556,-117.4659261431046,565.5,2972.0,1049.4,396.9,True,1,1,False,False,False,False,,True,False,False,Course Lock,196.8,67,16.4,93,NE,S,5.59,6.93,Calm,False,False,Android,7.0.2,M300 RTK,1ZN7L4R0H1D00F,1W9DL31001461C,1ZMLH8300204F0,1Z6PH74DAP0QN7,"Corona, CA",728.3,5.7,137.7,8.547347,2.013246,0,0,DJI Matrice 300 RTK,M300 RTK,1ZN7L4R0H1D00F,1W9DL31001461C,1ZMLH8300204F0,1Z6PH74DAP0QN7,DJI Pilot,Android,7.0.2,1EF72A62-B7C3-C88D-164E-CE6F8C8424AE,1ZN7L4R0H1D00F,1W9DL31001461C,,1ZMLH8300204F0,1W9DL31001461C,,,,,
2023-11-01,11:25:55.47 AM,1m 33.1s,93.1,33.8015747054759,-117.4670860002814,44.2,44.2,14.1,1308,580.7,5.854632,6.023145,-4.250186,0,-4.026492,1.342164,0,0,-0.3,-0.6,0.6,-136.6,223.4,226.0,Tripod,Other,,22,5,True,,True,False,,Smart,RC,False,True,False,,,True,,False,False,False,False,False,False,False,False,False,False,0,Follow Yaw,-88.9,0,-145.1,214.9,False,False,False,False,False,,0,0,False,False,No Card,100,100,1024,1346,1180,1024,2,False,False,False,False,False,0,False,False,False,False,95,,47.712,,9541,,10044,,47.712,,True,3.974,3.974,3.974,3.974,3.974,3.974,3.974,3.974,3.974,3.974,3.974,3.974,0,,False,False,True,,,,,,,,,,,,,,,False,False,18.378,,82.2,,75.7,,82.2,,1808,46,4,16,7,142829.0,19043.87,,Idle,,20,,10,,,20,Go Home,False,False,False,False,False,False,False,False,False,False,False,False,33.8027920380556,-117.4659261431046,566.4,2972.0,1049.4,396.9,True,1,1,False,False,False,False,,True,False,False,Course Lock,196.8,67,16.4,93,NE,S,5.59,6.93,Calm,False,False,Android,7.0.2,M300 RTK,1ZN7L4R0H1D00F,1W9DL31001461C,1ZMLH8300204F0,1Z6PH74DAP0QN7,"Corona, CA",728.3,5.7,137.7,8.547347,2.013246,0,0,DJI Matrice 300 RTK,M300 RTK,1ZN7L4R0H1D00F,1W9DL31001461C,1ZMLH8300204F0,1Z6PH74DAP0QN7,DJI Pilot,Android,7.0.2,1EF72A62-B7C3-C88D-164E-CE6F8C8424AE,1ZN7L4R0H1D00F,1W9DL31001461C,,1ZMLH8300204F0,1W9DL31001461C,,,,,
2023-11-01,11:25:55.57 AM,1m 33.2s,93.2,33.8015728847099,-117.4670880342273,44.2,44.2,13.7,1308,581.7,5.854632,6.023145,-4.250186,0,-4.026492,1.342164,0,0,-0.1,-0.8,0.8,-136.6,223.4,222.8,Tripod,Other,,22,5,True,,True,False,,Smart,RC,False,True,False,,,True,,False,False,False,False,False,False,False,False,False,False,0,Follow Yaw,-88.9,0,-145.1,214.9,False,False,False,False,False,,0,0,False,False,No Card,100,100,1024,1346,1181,1024,2,False,False,False,False,False,0,False,False,False,False,95,,47.712,,9541,,10044,,47.712,,True,3.974,3.974,3.974,3.974,3.974,3.974,3.974,3.974,3.974,3.974,3.974,3.974,0,,False,False,True,,,,,,,,,,,,,,,False,False,18.378,,82.2,,75.7,,82.2,,1808,46,4,16,7,142829.0,19043.87,,Idle,,20,,10,,,20,Go Home,False,False,False,False,False,False,False,False,False,False,False,False,33.8027920380556,-117.4659261431046,567.3,2972.0,1049.4,396.9,True,1,1,False,False,False,False,,True,False,False,Course Lock,196.8,67,16.4,93,NE,S,5.59,6.93,Calm,False,False,Android,7.0.2,M300 RTK,1ZN7L4R0H1D00F,1W9DL31001461C,1ZMLH8300204F0,1Z6PH74DAP0QN7,"Corona, CA",728.3,5.7,137.7,8.547347,2.013246,0,0,DJI Matrice 300 RTK,M300 RTK,1ZN7L4R0H1D00F,1W9DL31001461C,1ZMLH8300204F0,1Z6PH74DAP0QN7,DJI Pilot,Android,7.0.2,1EF72A62-B7C3-C88D-164E-CE6F8C8424AE,1ZN7L4R0H1D00F,1W9DL31001461C,,1ZMLH8300204F0,1W9DL31001461C,,,,,
2023-11-01,11:25:55.67 AM,1m 33.3s,93.3,33.8015713112084,-117.4670899111576,44.2,44.2,13.7,1308,582.5,5.854632,6.023145,-4.250186,0,-4.026492,1.342164,0,0,0,-0.9,0.9,-136.7,223.3,224.7,Tripod,Other,,22,5,True,,True,False,,Smart,RC,False,True,False,,,True,,False,False,False,False,False,False,False,False,False,False,0,Follow Yaw,-88.9,0,-145.1,214.9,False,False,False,False,False,,0,0,False,False,No Card,100,100,1024,1346,1175,1024,2,False,False,False,False,False,0,False,False,False,False,95,,47.712,,9541,,10044,,47.712,,True,3.974,3.974,3.974,3.974,3.974,3.974,3.974,3.974,3.974,3.974,3.974,3.974,0,,False,False,True,,,,,,,,,,,,,,,False,False,18.378,,82.2,,75.7,,82.2,,1807,47,4,16,7,142243.7,18965.83,,Idle,,20,,10,,,20,Go Home,False,False,False,False,False,False,False,False,False,False,False,False,33.8027920380556,-117.4659261431046,568.1,2972.0,1049.4,396.9,True,1,1,False,False,False,False,,True,False,False,Course Lock,196.8,67,16.4,93,NE,S,5.59,6.93,Calm,False,False,Android,7.0.2,M300 RTK,1ZN7L4R0H1D00F,1W9DL31001461C,1ZMLH8300204F0,1Z6PH74DAP0QN7,"Corona, CA",728.3,5.7,137.7,8.547347,2.013246,0,0,DJI Matrice 300 RTK,M300 RTK,1ZN7L4R0H1D00F,1W9DL31001461C,1ZMLH8300204F0,1Z6PH74DAP0QN7,DJI Pilot,Android,7.0.2,1EF72A62-B7C3-C88D-164E-CE6F8C8424AE,1ZN7L4R0H1D00F,1W9DL31001461C,,1ZMLH8300204F0,1W9DL31001461C,,,,,
2023-11-01,11:25:55.77 AM,1m 33.4s,93.4,33.801569515114,-117.4670919444439,44.2,44.2,13.7,1308,583.4,5.854632,6.023145,-4.250186,0,-4.026492,1.342164,0,0,0.3,-0.9,0.9,-136.7,223.3,223.2,Tripod,Other,,21,5,True,,True,False,,Smart,RC,False,True,False,,,True,,False,False,False,False,False,False,False,False,False,False,0,Follow Yaw,-88.9,0,-145.1,214.9,False,False,False,False,False,,0,0,False,False,No Card,100,100,1024,1345,1175,1024,2,False,False,False,False,False,0,False,False,False,False,95,,47.712,,9541,,10044,,47.712,,True,3.974,3.974,3.974,3.974,3.974,3.974,3.974,3.974,3.974,3.974,3.974,3.974,0,,False,False,True,,,,,,,,,,,,,,,False,False,18.378,,82.2,,75.7,,82.2,,1807,47,4,16,7,142243.7,18965.83,,Idle,,20,,10,,,20,Go Home,False,False,False,False,False,False,False,False,False,False,False,False,33.8027920380556,-117.4659261431046,569.0,2972.0,1049.4,396.9,True,1,1,False,False,False,False,,True,False,False,Course Lock,196.8,67,16.4,93,NE,S,5.59,6.93,Calm,False,False,Android,7.0.2,M300 RTK,1ZN7L4R0H1D00F,1W9DL31001461C,1ZMLH8300204F0,1Z6PH74DAP0QN7,"Corona, CA",728.3,5.7,137.7,8.547347,2.013246,0,0,DJI Matrice 300 RTK,M300 RTK,1ZN7L4R0H1D00F,1W9DL31001461C,1ZMLH8300204F0,1Z6PH74DAP0QN7,DJI Pilot,Android,7.0.2,1EF72A62-B7C3-C88D-164E-CE6F8C8424AE,1ZN7L4R0H1D00F,1W9DL31001461C,,1ZMLH8300204F0,1W9DL31001461C,,,,,
2023-11-01,11:25:55.88 AM,1m 33.5s,93.5,33.8015675989511,-117.4670942554762,44.2,44.2,13.7,1308,584.4,5.854632,6.023145,-4.250186,0,-4.026492,1.342164,0,0,0.5,-1,1.1,-136.8,223.2,225.0,Tripod,Other,,21,5,True,,True,False,,Smart,RC,False,True,False,,,True,,False,False,False,False,False,False,False,False,False,False,0,Follow Yaw,-88.9,0,-145.1,214.9,False,False,False,False,False,,0,0,False,False,No Card,100,100,1024,1344,1177,1024,2,False,False,False,False,False,0,False,False,False,False,95,,47.712,,9541,,10044,,47.712,,True,3.974,3.974,3.974,3.974,3.974,3.974,3.974,3.974,3.974,3.974,3.974,3.974,0,,False,False,True,,,,,,,,,,,,,,,False,False,18.378,,82.2,,75.7,,82.2,,1807,47,4,16,7,142243.7,18965.83,,Idle,,20,,10,,,20,Go Home,False,False,False,False,False,False,False,False,False,False,False,False,33.8027920380556,-117.4659261431046,570.0,2972.0,1049.4,396.9,True,1,1,False,False,False,False,,True,False,False,Course Lock,196.8,67,16.4,93,NE,S,5.59,6.93,Calm,False,False,Android,7.0.2,M300 RTK,1ZN7L4R0H1D00F,1W9DL31001461C,1ZMLH8300204F0,1Z6PH74DAP0QN7,"Corona, CA",728.3,5.7,137.7,8.547347,2.013246,0,0,DJI Matrice 300 RTK,M300 RTK,1ZN7L4R0H1D00F,1W9DL31001461C,1ZMLH8300204F0,1Z6PH74DAP0QN7,DJI Pilot,Android,7.0.2,1EF72A62-B7C3-C88D-164E-CE6F8C8424AE,1ZN7L4R0H1D00F,1W9DL31001461C,,1ZMLH8300204F0,1W9DL31001461C,,,,,
2023-11-01,11:25:55.98 AM,1m 33.6s,93.6,33.8015658045014,-117.4670963138321,44.2,44.2,13.7,1308,585.3,5.854632,6.023145,-4.250186,0,-4.026492,1.342164,0,0,0.6,-1,1.1,-136.9,223.1,223.6,Tripod,Other,,21,5,True,,True,False,,Smart,RC,False,True,False,,,True,,False,False,False,False,False,False,False,False,False,False,0,Follow Yaw,-88.9,0,-145.1,214.9,False,False,False,False,False,,0,0,False,False,No Card,100,100,1024,1344,1177,1024,2,False,False,False,False,False,0,False,False,False,False,95,,47.712,,9541,,10044,,47.712,,True,3.974,3.974,3.974,3.974,3.974,3.974,3.974,3.974,3.974,3.974,3.974,3.974,0,,False,False,True,,,,,,,,,,,,,,,False,False,18.378,,82.2,,75.7,,82.2,,1807,47,4,16,7,142243.7,18965.83,,Idle,,20,,10,,,20,Go Home,False,False,False,False,False,False,False,False,False,False,False,False,33.8027920380556,-117.4659261431046,570.9,2972.0,1049.4,396.9,True,1,1,False,False,False,False,,True,False,False,Course Lock,196.8,67,16.4,93,NE,S,5.59,6.93,Calm,False,False,Android,7.0.2,M300 RTK,1ZN7L4R0H1D00F,1W9DL31001461C,1ZMLH8300204F0,1Z6PH74DAP0QN7,"Corona, CA",728.3,5.7,137.7,8.547347,2.013246,0,0,DJI Matrice 300 RTK,M300 RTK,1ZN7L4R0H1D00F,1W9DL31001461C,1ZMLH8300204F0,1Z6PH74DAP0QN7,DJI Pilot,Android,7.0.2,1EF72A62-B7C3-C88D-164E-CE6F8C8424AE,1ZN7L4R0H1D00F,1W9DL31001461C,,1ZMLH8300204F0,1W9DL31001461C,,,,,
2023-11-01,11:25:56.04 AM,1m 33.7s,93.7,33.8015638938211,-117.4670983629518,44.2,44.2,13.7,1308,586.2,5.854632,6.023145,-4.250186,0,-4.026492,1.342164,-0.223694,0,0.7,-1,1.2,-137,223,221.7,Tripod,Other,,21,5,True,,True,False,,Smart,RC,False,True,False,,,True,,False,False,False,False,False,False,False,False,False,False,0,Follow Yaw,-88.9,0,-145.1,214.9,False,False,False,False,False,,0,0,False,False,No Card,100,100,1024,1344,1177,1024,2,False,False,False,False,False,0,False,False,False,False,95,,47.712,,9541,,10044,,47.712,,True,3.974,3.974,3.974,3.974,3.974,3.974,3.974,3.974,3.974,3.974,3.974,3.974,0,,False,False,True,,,,,,,,,,,,,,,False,False,18.378,,82.2,,75.7,,82.2,,1807,47,4,16,7,142243.7,18965.83,,Idle,,20,,10,,,20,Go Home,False,False,False,False,False,False,False,False,False,False,False,False,33.8027920380556,-117.4659261431046,571.8,2972.0,1049.4,396.9,True,1,1,False,False,False,False,,True,False,False,Course Lock,196.8,67,16.4,93,NE,S,5.59,6.93,Calm,False,False,Android,7.0.2,M300 RTK,1ZN7L4R0H1D00F,1W9DL31001461C,1ZMLH8300204F0,1Z6PH74DAP0QN7,"Corona, CA",728.3,5.7,137.7,8.547347,2.013246,0,0,DJI Matrice 300 RTK,M300 RTK,1ZN7L4R0H1D00F,1W9DL31001461C,1ZMLH8300204F0,1Z6PH74DAP0QN7,DJI Pilot,Android,7.0.2,1EF72A62-B7C3-C88D-164E-CE6F8C8424AE,1ZN7L4R0H1D00F,1W9DL31001461C,,1ZMLH8300204F0,1W9DL31001461C,,,,,
2023-11-01,11:25:56.14 AM,1m 33.8s,93.8,33.8015621043058,-117.4671004213077,44.2,44.2,13.7,1308,587.1,5.854632,6.023145,-4.250186,0,-4.026492,1.342164,-0.223694,0,0.5,-1.1,1.2,-137.1,222.9,223.7,Tripod,Other,,21,5,True,,True,False,,Smart,RC,False,True,False,,,True,,False,False,False,False,False,False,False,False,False,False,0,Follow Yaw,-88.9,0,-145.1,214.9,False,False,False,False,False,,0,0,False,False,No Card,100,100,1024,1345,1189,1024,2,False,False,False,False,False,0,False,False,False,False,95,,47.712,,9541,,10044,,47.712,,True,3.974,3.974,3.974,3.974,3.974,3.974,3.974,3.974,3.974,3.974,3.974,3.974,0,,False,False,True,,,,,,,,,,,,,,,False,False,18.378,,82.2,,75.7,,82.2,,1807,47,4,16,7,142243.7,18965.83,,Idle,,20,,10,,,20,Go Home,False,False,False,False,False,False,False,False,False,False,False,False,33.8027920380556,-117.4659261431046,572.7,2972.0,1049.4,396.9,True,1,1,False,False,False,False,,True,False,False,Course Lock,196.8,67,16.4,93,NE,S,5.59,6.93,Calm,False,False,Android,7.0.2,M300 RTK,1ZN7L4R0H1D00F,1W9DL31001461C,1ZMLH8300204F0,1Z6PH74DAP0QN7,"Corona, CA",728.3,5.7,137.7,8.547347,2.013246,0,0,DJI Matrice 300 RTK,M300 RTK,1ZN7L4R0H1D00F,1W9DL31001461C,1ZMLH8300204F0,1Z6PH74DAP0QN7,DJI Pilot,Android,7.0.2,1EF72A62-B7C3-C88D-164E-CE6F8C8424AE,1ZN7L4R0H1D00F,1W9DL31001461C,,1ZMLH8300204F0,1W9DL31001461C,,,,,
2023-11-01,11:25:56.24 AM,1m 33.9s,93.9,33.8015601974632,-117.4671024479966,44.6,44.6,13.7,1308,588.0,5.854632,6.023145,-4.250186,0,-4.026492,1.342164,-0.223694,0,0.2,-1.4,1.4,-137.3,222.7,221.4,Tripod,Other,,21,5,True,,True,False,,Smart,RC,False,True,False,,,True,,False,False,False,False,False,False,False,False,False,False,0,Follow Yaw,-88.9,0,-145.1,214.9,False,False,False,False,False,,0,0,False,False,No Card,100,100,1024,1345,1239,1024,2,False,False,False,False,False,0,False,False,False,False,95,,47.688,,4736,,4986,,47.688,,True,3.974,3.974,3.974,3.974,3.974,3.974,3.974,3.974,3.974,3.974,3.974,3.974,0,,False,False,True,,,,,,,,,,,,,,,False,False,9.358,,81.5,,75.7,,82.2,,1807,47,4,16,7,142243.7,18965.83,,Idle,,20,,10,,,20,Go Home,False,False,False,False,False,False,False,False,False,False,False,False,33.8027920380556,-117.4659261431046,573.6,2972.0,1049.4,396.9,True,1,1,False,False,False,False,,True,False,False,Course Lock,196.8,67,16.4,93,NE,S,5.59,6.93,Calm,False,False,Android,7.0.2,M300 RTK,1ZN7L4R0H1D00F,1W9DL31001461C,1ZMLH8300204F0,1Z6PH74DAP0QN7,"Corona, CA",728.3,5.7,137.7,8.547347,2.013246,0,0,DJI Matrice 300 RTK,M300 RTK,1ZN7L4R0H1D00F,1W9DL31001461C,1ZMLH8300204F0,1Z6PH74DAP0QN7,DJI Pilot,Android,7.0.2,1EF72A62-B7C3-C88D-164E-CE6F8C8424AE,1ZN7L4R0H1D00F,1W9DL31001461C,,1ZMLH8300204F0,1W9DL31001461C,,,,,
2023-11-01,11:25:56.34 AM,1m 34.0s,94.0,33.801558395338,-117.4671044957968,44.6,44.6,13.7,1308,588.9,5.854632,6.023145,-4.250186,0,-4.026492,1.342164,-0.223694,0,0,-1.6,1.6,-137.4,222.6,223.3,Tripod,Other,,22,5,True,,True,False,,Smart,RC,False,True,False,,,True,,False,False,False,False,False,False,False,False,False,False,0,Follow Yaw,-88.9,0,-145.1,214.9,False,False,False,False,False,,0,0,False,False,No Card,100,100,1024,1347,1256,1024,2,False,False,False,False,False,0,False,False,False,False,95,,47.688,,9541,,10044,,47.688,,True,3.974,3.974,3.974,3.974,3.974,3.974,3.974,3.974,3.974,3.974,3.974,3.974,0,,False,False,True,,,,,,,,,,,,,,,False,False,19.168,,82.4,,75.7,,82.4,,1807,47,4,16,7,142243.7,18965.83,,Idle,,20,,10,,,20,Go Home,False,False,False,False,False,False,False,False,False,False,False,False,33.8027920380556,-117.4659261431046,574.5,2972.0,1049.4,396.9,True,1,1,False,False,False,False,,True,False,False,Course Lock,196.8,67,16.4,93,NE,S,5.81,6.93,Calm,False,False,Android,7.0.2,M300 RTK,1ZN7L4R0H1D00F,1W9DL31001461C,1ZMLH8300204F0,1Z6PH74DAP0QN7,"Corona, CA",728.3,5.7,137.7,8.547347,2.013246,0,0,DJI Matrice 300 RTK,M300 RTK,1ZN7L4R0H1D00F,1W9DL31001461C,1ZMLH8300204F0,1Z6PH74DAP0QN7,DJI Pilot,Android,7.0.2,1EF72A62-B7C3-C88D-164E-CE6F8C8424AE,1ZN7L4R0H1D00F,1W9DL31001461C,,1ZMLH8300204F0,1W9DL31001461C,,,,,
2023-11-01,11:25:56.44 AM,1m 34.1s,94.1,33.8015566206256,-117.4671064875201,44.6,44.6,13.7,1308,589.8,5.854632,6.023145,-4.250186,0,-4.026492,1.342164,-0.223694,0,0,-1.7,1.7,-137.5,222.5,223.0,Tripod,Other,,22,5,True,,True,False,,Smart,RC,False,True,False,,,True,,False,False,False,False,False,False,False,False,False,False,0,Follow Yaw,-88.9,0,-145.1,214.9,False,False,False,False,False,,0,0,False,False,No Card,100,100,1024,1349,1246,1024,2,False,False,False,False,False,0,False,False,False,False,95,,47.688,,9541,,10044,,47.688,,True,3.974,3.974,3.974,3.974,3.974,3.974,3.974,3.974,3.974,3.974,3.974,3.974,0,,False,False,True,,,,,,,,,,,,,,,False,False,19.168,,82.4,,75.7,,82.4,,1807,47,4,16,7,142243.7,18965.83,,Idle,,20,,10,,,20,Go Home,False,False,False,False,False,False,False,False,False,False,False,False,33.8027920380556,-117.4659261431046,575.4,2972.0,1049.4,396.9,True,1,1,False,False,False,False,,True,False,False,Course Lock,196.8,67,16.4,93,NE,S,5.81,6.93,Calm,False,False,Android,7.0.2,M300 RTK,1ZN7L4R0H1D00F,1W9DL31001461C,1ZMLH8300204F0,1Z6PH74DAP0QN7,"Corona, CA",728.3,5.7,137.7,8.547347,2.013246,0,0,DJI Matrice 300 RTK,M300 RTK,1ZN7L4R0H1D00F,1W9DL31001461C,1ZMLH8300204F0,1Z6PH74DAP0QN7,DJI Pilot,Android,7.0.2,1EF72A62-B7C3-C88D-164E-CE6F8C8424AE,1ZN7L4R0H1D00F,1W9DL31001461C,,1ZMLH8300204F0,1W9DL31001461C,,,,,
2023-11-01,11:25:56.50 AM,1m 34.2s,94.2,33.8015548020526,-117.467108521466,44.6,44.6,13.7,1308,590.7,5.854632,6.023145,-4.250186,0,-4.026492,1.342164,-0.223694,0,0.1,-1.7,1.7,-137.5,222.5,222.9,Tripod,Other,,22,5,True,,True,False,,Smart,RC,False,True,False,,,True,,False,False,False,False,False,False,False,False,False,False,0,Follow Yaw,-88.9,0,-145.1,214.9,False,False,False,False,False,,0,0,False,False,No Card,100,100,1024,1349,1245,1024,2,False,False,False,False,False,0,False,False,False,False,95,,47.688,,9541,,10044,,47.688,,True,3.974,3.974,3.974,3.974,3.974,3.974,3.974,3.974,3.974,3.974,3.974,3.974,0,,False,False,True,,,,,,,,,,,,,,,False,False,19.168,,82.4,,75.7,,82.4,,1807,47,4,16,7,142243.7,18965.83,,Idle,,20,,10,,,20,Go Home,False,False,False,False,False,False,False,False,False,False,False,False,33.8027920380556,-117.4659261431046,576.3,2972.0,1049.4,396.9,True,1,1,False,False,False,False,,True,False,False,Course Lock,196.8,67,16.4,93,NE,S,5.81,6.93,Calm,False,False,Android,7.0.2,M300 RTK,1ZN7L4R0H1D00F,1W9DL31001461C,1ZMLH8300204F0,1Z6PH74DAP0QN7,"Corona, CA",728.3,5.7,137.7,8.547347,2.013246,0,0,DJI Matrice 300 RTK,M300 RTK,1ZN7L4R0H1D00F,1W9DL31001461C,1ZMLH8300204F0,1Z6PH74DAP0QN7,DJI Pilot,Android,7.0.2,1EF72A62-B7C3-C88D-164E-CE6F8C8424AE,1ZN7L4R0H1D00F,1W9DL31001461C,,1ZMLH8300204F0,1W9DL31001461C,,,,,
2023-11-01,11:25:56.64 AM,1m 34.3s,94.3,33.8015531282199,-117.4671105197865,44.6,44.6,13.4,1308,591.6,5.854632,6.023145,-4.250186,0,-4.026492,1.342164,-0.223694,0,0.1,-1.6,1.6,-137.5,222.5,224.7,Tripod,Other,,22,5,True,,True,False,,Smart,RC,False,True,False,,,True,,False,False,False,False,False,False,False,False,False,False,0,Follow Yaw,-88.9,0,-145.1,214.9,False,False,False,False,False,,0,0,False,False,No Card,100,100,1024,1346,1252,1024,2,False,False,False,False,False,0,False,False,False,False,95,,47.688,,9541,,10044,,47.688,,True,3.975,3.975,3.975,3.975,3.975,3.975,3.975,3.975,3.975,3.975,3.975,3.975,0,,False,False,True,,,,,,,,,,,,,,,False,False,19.168,,82.4,,75.7,,82.4,,1808,47,4,16,7,141660.3,18888.04,,Idle,,20,,10,,,20,Go Home,False,False,False,False,False,False,False,False,False,False,False,False,33.8027920380556,-117.4659261431046,577.2,2972.0,1049.4,396.9,True,1,1,False,False,False,False,,True,False,False,Course Lock,196.8,67,16.4,93,NE,S,5.81,6.93,Calm,False,False,Android,7.0.2,M300 RTK,1ZN7L4R0H1D00F,1W9DL31001461C,1ZMLH8300204F0,1Z6PH74DAP0QN7,"Corona, CA",728.3,5.7,137.7,8.547347,2.013246,0,0,DJI Matrice 300 RTK,M300 RTK,1ZN7L4R0H1D00F,1W9DL31001461C,1ZMLH8300204F0,1Z6PH74DAP0QN7,DJI Pilot,Android,7.0.2,1EF72A62-B7C3-C88D-164E-CE6F8C8424AE,1ZN7L4R0H1D00F,1W9DL31001461C,,1ZMLH8300204F0,1W9DL31001461C,,,,,
2023-11-01,11:25:56.74 AM,1m 34.4s,94.4,33.8015513085504,-117.4671125346003,44.6,44.6,13.4,1308,592.5,5.854632,6.023145,-4.250186,0,-4.026492,1.342164,-0.223694,0,0.1,-1.4,1.4,-137.5,222.5,222.6,Tripod,Other,,22,5,True,,True,False,,Smart,RC,False,True,False,,,True,,False,False,False,False,False,False,False,False,False,False,0,Follow Yaw,-88.9,0,-145.1,214.9,False,False,False,False,False,,0,0,False,False,No Card,100,100,1024,1346,1250,1024,2,False,False,False,False,False,0,False,False,False,False,95,,47.688,,9541,,10044,,47.688,,True,3.975,3.975,3.975,3.975,3.975,3.975,3.975,3.975,3.975,3.975,3.975,3.975,0,,False,False,True,,,,,,,,,,,,,,,False,False,19.168,,82.4,,75.7,,82.4,,1808,47,4,16,7,141660.3,18888.04,,Idle,,20,,10,,,20,Go Home,False,False,False,False,False,False,False,False,False,False,False,False,33.8027920380556,-117.4659261431046,578.1,2972.0,1049.4,396.9,True,1,1,False,False,False,False,,True,False,False,Course Lock,196.8,67,16.4,93,NE,S,5.81,6.93,Calm,False,False,Android,7.0.2,M300 RTK,1ZN7L4R0H1D00F,1W9DL31001461C,1ZMLH8300204F0,1Z6PH74DAP0QN7,"Corona, CA",728.3,5.7,137.7,8.547347,2.013246,0,0,DJI Matrice 300 RTK,M300 RTK,1ZN7L4R0H1D00F,1W9DL31001461C,1ZMLH8300204F0,1Z6PH74DAP0QN7,DJI Pilot,Android,7.0.2,1EF72A62-B7C3-C88D-164E-CE6F8C8424AE,1ZN7L4R0H1D00F,1W9DL31001461C,,1ZMLH8300204F0,1W9DL31001461C,,,,,
2023-11-01,11:25:56.84 AM,1m 34.5s,94.5,33.8015494680471,-117.4671143726065,44.6,44.6,13.4,1308,593.3,5.854632,6.023145,-4.250186,0,-4.026492,1.342164,-0.447388,0,0,-1.2,1.2,-137.4,222.6,219.6,Tripod,Other,,22,5,True,,True,False,,Smart,RC,False,True,False,,,True,,False,False,False,False,False,False,False,False,False,False,0,Follow Yaw,-88.9,0,-145.1,214.9,False,False,False,False,False,,0,0,False,False,No Card,100,100,1024,1347,1245,1024,2,False,False,False,False,False,0,False,False,False,False,95,,47.688,,9541,,10044,,47.688,,True,3.975,3.975,3.975,3.975,3.975,3.975,3.975,3.975,3.975,3.975,3.975,3.975,0,,False,False,True,,,,,,,,,,,,,,,False,False,19.168,,82.4,,75.7,,82.4,,1808,47,4,16,7,141660.3,18888.04,,Idle,,20,,10,,,20,Go Home,False,False,False,False,False,False,False,False,False,False,False,False,33.8027920380556,-117.4659261431046,578.9,2972.0,1049.4,396.9,True,1,1,False,False,False,False,,True,False,False,Course Lock,196.8,67,16.4,93,NE,S,5.81,6.93,Calm,False,False,Android,7.0.2,M300 RTK,1ZN7L4R0H1D00F,1W9DL31001461C,1ZMLH8300204F0,1Z6PH74DAP0QN7,"Corona, CA",728.3,5.7,137.7,8.547347,2.013246,0,0,DJI Matrice 300 RTK,M300 RTK,1ZN7L4R0H1D00F,1W9DL31001461C,1ZMLH8300204F0,1Z6PH74DAP0QN7,DJI Pilot,Android,7.0.2,1EF72A62-B7C3-C88D-164E-CE6F8C8424AE,1ZN7L4R0H1D00F,1W9DL31001461C,,1ZMLH8300204F0,1W9DL31001461C,,,,,
2023-11-01,11:25:56.94 AM,1m 34.6s,94.6,33.8015476478293,-117.467116356413,44.9,44.9,13.4,1309,594.2,5.854632,6.023145,-4.250186,0,-4.026492,1.342164,-0.447388,0,0,-1,1,-137.3,222.7,222.1,Tripod,Other,,22,5,True,,True,False,,Smart,RC,False,True,False,,,True,,False,False,False,False,False,False,False,False,False,False,0,Follow Yaw,-88.9,0,-145.1,214.9,False,False,False,False,False,,0,0,False,False,No Card,100,100,1024,1347,1245,1024,2,False,False,False,False,False,0,False,False,False,False,95,,47.688,,9541,,10044,,47.688,,True,3.975,3.975,3.975,3.975,3.975,3.975,3.975,3.975,3.975,3.975,3.975,3.975,0,,False,False,True,,,,,,,,,,,,,,,False,False,19.168,,82.4,,75.7,,82.4,,1808,47,4,16,7,141660.3,18888.04,,Idle,,20,,10,,,20,Go Home,False,False,False,False,False,False,False,False,False,False,False,False,33.8027920380556,-117.4659261431046,579.8,2972.0,1049.4,396.9,True,1,1,False,False,False,False,,True,False,False,Course Lock,196.8,67,16.4,93,NE,S,5.81,6.93,Calm,False,False,Android,7.0.2,M300 RTK,1ZN7L4R0H1D00F,1W9DL31001461C,1ZMLH8300204F0,1Z6PH74DAP0QN7,"Corona, CA",728.3,5.7,137.7,8.547347,2.013246,0,0,DJI Matrice 300 RTK,M300 RTK,1ZN7L4R0H1D00F,1W9DL31001461C,1ZMLH8300204F0,1Z6PH74DAP0QN7,DJI Pilot,Android,7.0.2,1EF72A62-B7C3-C88D-164E-CE6F8C8424AE,1ZN7L4R0H1D00F,1W9DL31001461C,,1ZMLH8300204F0,1W9DL31001461C,,,,,
2023-11-01,11:25:57.04 AM,1m 34.7s,94.7,33.8015459915408,-117.4671182808438,44.9,44.9,13.4,1309,595.1,5.854632,6.023145,-4.250186,0,-4.026492,1.342164,-0.447388,0,-0.1,-0.9,0.9,-137.2,222.8,223.9,Tripod,Other,,22,5,True,,True,False,,Smart,RC,False,True,False,,,True,,False,False,False,False,False,False,False,False,False,False,0,Follow Yaw,-88.9,0,-145.1,214.9,False,False,False,False,False,,0,0,False,False,No Card,100,100,1024,1347,1245,1024,2,False,False,False,False,False,0,False,False,False,False,95,,47.688,,9541,,10044,,47.688,,True,3.975,3.975,3.975,3.975,3.975,3.975,3.975,3.975,3.975,3.975,3.975,3.975,0,,False,False,True,,,,,,,,,,,,,,,False,False,19.168,,82.4,,75.7,,82.4,,1808,47,4,16,7,141660.3,18888.04,,Idle,,20,,10,,,20,Go Home,False,False,False,False,False,False,False,False,False,False,False,False,33.8027920380556,-117.4659261431046,580.7,2972.0,1049.4,396.9,True,1,1,False,False,False,False,,True,False,False,Course Lock,196.8,67,16.4,93,NE,S,5.81,6.93,Calm,False,False,Android,7.0.2,M300 RTK,1ZN7L4R0H1D00F,1W9DL31001461C,1ZMLH8300204F0,1Z6PH74DAP0QN7,"Corona, CA",728.3,5.7,137.7,8.547347,2.013246,0,0,DJI Matrice 300 RTK,M300 RTK,1ZN7L4R0H1D00F,1W9DL31001461C,1ZMLH8300204F0,1Z6PH74DAP0QN7,DJI Pilot,Android,7.0.2,1EF72A62-B7C3-C88D-164E-CE6F8C8424AE,1ZN7L4R0H1D00F,1W9DL31001461C,,1ZMLH8300204F0,1W9DL31001461C,,,,,
2023-11-01,11:25:57.14 AM,1m 34.8s,94.8,33.8015441822882,-117.4671202534349,44.9,44.9,13.4,1309,596.0,5.854632,6.023145,-4.250186,0,-4.026492,1.342164,-0.447388,0,-0.1,-0.9,0.9,-137.2,222.8,222.1,Tripod,Other,,22,5,True,,True,False,,Smart,RC,False,True,False,,,True,,False,False,False,False,False,False,False,False,False,False,0,Follow Yaw,-88.9,0,-145.1,214.9,False,False,False,False,False,,0,0,False,False,No Card,100,100,1024,1348,1244,1024,2,False,False,False,False,False,0,False,False,False,False,95,,47.688,,9541,,10044,,47.688,,True,3.975,3.975,3.975,3.975,3.975,3.975,3.975,3.975,3.975,3.975,3.975,3.975,0,,False,False,True,,,,,,,,,,,,,,,False,False,19.168,,82.4,,75.7,,82.4,,1808,47,4,16,7,141660.3,18888.04,,Idle,,20,,10,,,20,Go Home,False,False,False,False,False,False,False,False,False,False,False,False,33.8027920380556,-117.4659261431046,581.6,2972.0,1049.4,396.9,True,1,1,False,False,False,False,,True,False,False,Course Lock,196.8,67,16.4,93,NE,S,5.81,6.93,Calm,False,False,Android,7.0.2,M300 RTK,1ZN7L4R0H1D00F,1W9DL31001461C,1ZMLH8300204F0,1Z6PH74DAP0QN7,"Corona, CA",728.3,5.7,137.7,8.547347,2.013246,0,0,DJI Matrice 300 RTK,M300 RTK,1ZN7L4R0H1D00F,1W9DL31001461C,1ZMLH8300204F0,1Z6PH74DAP0QN7,DJI Pilot,Android,7.0.2,1EF72A62-B7C3-C88D-164E-CE6F8C8424AE,1ZN7L4R0H1D00F,1W9DL31001461C,,1ZMLH8300204F0,1W9DL31001461C,,,,,
2023-11-01,11:25:57.24 AM,1m 34.9s,94.9,33.8015422436466,-117.4671224193268,44.9,44.9,13.4,1309,596.9,5.854632,6.023145,-4.250186,0,-4.026492,1.342164,-0.447388,0,0,-1,1,-137.1,222.9,222.8,Tripod,Other,,22,5,True,,True,False,,Smart,RC,False,True,False,,,True,,False,False,False,False,False,False,False,False,False,False,0,Follow Yaw,-88.9,0,-145.1,214.9,False,False,False,False,False,,0,0,False,False,No Card,100,100,1024,1347,1245,1024,2,False,False,False,False,False,0,False,False,False,False,95,,47.688,,9541,,10044,,47.688,,True,3.975,3.975,3.975,3.975,3.975,3.975,3.975,3.975,3.975,3.975,3.975,3.975,0,,False,False,True,,,,,,,,,,,,,,,False,False,19.168,,82.4,,75.7,,82.4,,1808,47,4,16,7,141660.3,18888.04,,Idle,,20,,10,,,20,Go Home,False,False,False,False,False,False,False,False,False,False,False,False,33.8027920380556,-117.4659261431046,582.5,2972.0,1049.4,396.9,True,1,1,False,False,False,False,,True,False,False,Course Lock,196.8,67,16.4,93,NE,S,5.81,6.93,Calm,False,False,Android,7.0.2,M300 RTK,1ZN7L4R0H1D00F,1W9DL31001461C,1ZMLH8300204F0,1Z6PH74DAP0QN7,"Corona, CA",728.3,5.7,137.7,8.547347,2.013246,0,0,DJI Matrice 300 RTK,M300 RTK,1ZN7L4R0H1D00F,1W9DL31001461C,1ZMLH8300204F0,1Z6PH74DAP0QN7,DJI Pilot,Android,7.0.2,1EF72A62-B7C3-C88D-164E-CE6F8C8424AE,1ZN7L4R0H1D00F,1W9DL31001461C,,1ZMLH8300204F0,1W9DL31001461C,,,,,
2023-11-01,11:25:57.34 AM,1m 35.0s,95.0,33.8015404223324,-117.4671243971956,44.9,44.9,13.4,1309,597.8,5.854632,6.023145,-4.250186,0,-4.026492,1.342164,-0.447388,0,0.2,-1,1,-137.1,222.9,222.0,Tripod,Other,,22,5,True,,True,False,,Smart,RC,False,True,False,,,True,,False,False,False,False,False,False,False,False,False,False,0,Follow Yaw,-88.9,0,-145.1,214.9,False,False,False,False,False,,0,0,False,False,No Card,100,100,1024,1347,1245,1024,2,False,False,False,False,False,0,False,False,False,False,94,,47.664,,9490,,10044,,47.664,,True,3.975,3.975,3.975,3.975,3.975,3.975,3.975,3.975,3.975,3.975,3.975,3.975,0,,False,False,True,,,,,,,,,,,,,,,False,False,19.648,,82.4,,75.7,,82.4,,1808,47,4,16,7,141660.3,18888.04,,Idle,,20,,10,,,20,Go Home,False,False,False,False,False,False,False,False,False,False,False,False,33.8027920380556,-117.4659261431046,583.4,2972.0,1049.4,396.9,True,1,1,False,False,False,False,,True,False,False,Course Lock,196.8,67,16.4,93,NE,S,5.81,6.93,Calm,False,False,Android,7.0.2,M300 RTK,1ZN7L4R0H1D00F,1W9DL31001461C,1ZMLH8300204F0,1Z6PH74DAP0QN7,"Corona, CA",728.3,5.7,137.7,8.547347,2.013246,0,0,DJI Matrice 300 RTK,M300 RTK,1ZN7L4R0H1D00F,1W9DL31001461C,1ZMLH8300204F0,1Z6PH74DAP0QN7,DJI Pilot,Android,7.0.2,1EF72A62-B7C3-C88D-164E-CE6F8C8424AE,1ZN7L4R0H1D00F,1W9DL31001461C,,1ZMLH8300204F0,1W9DL31001461C,,,,,
2023-11-01,11:25:57.44 AM,1m 35.1s,95.1,33.8015386536509,-117.4671262516951,45.2,45.2,13.4,1309,598.7,5.854632,6.023145,-4.250186,0,-4.026492,1.342164,-0.447388,0,0.2,-1,1,-137.1,222.9,221.0,Tripod,Other,,22,5,True,,True,False,,Smart,RC,False,True,False,,,True,,False,False,False,False,False,False,False,False,False,False,0,Follow Yaw,-88.9,0,-145.1,214.9,False,False,False,False,False,,0,0,False,False,No Card,100,100,1024,1348,1245,1024,2,False,False,False,False,False,0,False,False,False,False,94,,47.664,,9490,,10044,,47.664,,True,3.975,3.975,3.975,3.975,3.975,3.975,3.975,3.975,3.975,3.975,3.975,3.975,0,,False,False,True,,,,,,,,,,,,,,,False,False,19.648,,82.4,,75.7,,82.4,,1808,47,4,16,7,141660.3,18888.04,,Idle,,20,,10,,,20,Go Home,False,False,False,False,False,False,False,False,False,False,False,False,33.8027920380556,-117.4659261431046,584.3,2972.0,1049.4,396.9,True,1,1,False,False,False,False,,True,False,False,Course Lock,196.8,67,16.4,93,NE,S,5.81,6.93,Calm,False,False,Android,7.0.2,M300 RTK,1ZN7L4R0H1D00F,1W9DL31001461C,1ZMLH8300204F0,1Z6PH74DAP0QN7,"Corona, CA",728.3,5.7,137.7,8.547347,2.013246,0,0,DJI Matrice 300 RTK,M300 RTK,1ZN7L4R0H1D00F,1W9DL31001461C,1ZMLH8300204F0,1Z6PH74DAP0QN7,DJI Pilot,Android,7.0.2,1EF72A62-B7C3-C88D-164E-CE6F8C8424AE,1ZN7L4R0H1D00F,1W9DL31001461C,,1ZMLH8300204F0,1W9DL31001461C,,,,,
2023-11-01,11:25:57.53 AM,1m 35.2s,95.2,33.8015368334331,-117.4671282038346,45.2,45.2,13.4,1309,599.6,5.7031,6.023145,-4.250186,0,-3.802798,1.342164,-0.447388,0,0.1,-0.9,0.9,-137.1,222.9,221.7,Tripod,Other,,22,5,True,,True,False,,Smart,RC,False,True,False,,,True,,False,False,False,False,False,False,False,False,False,False,0,Follow Yaw,-88.9,0,-145.1,214.9,False,False,False,False,False,,0,0,False,False,No Card,100,100,1024,1347,1245,1024,2,False,False,False,False,False,0,False,False,False,False,94,,47.664,,9490,,10044,,47.664,,True,3.975,3.975,3.975,3.975,3.975,3.975,3.975,3.975,3.975,3.975,3.975,3.975,0,,False,False,True,,,,,,,,,,,,,,,False,False,19.648,,82.4,,75.7,,82.4,,1808,47,4,16,7,141660.3,18888.04,,Idle,,20,,10,,,20,Go Home,False,False,False,False,False,False,False,False,False,False,False,False,33.8027920380556,-117.4659261431046,585.2,2972.0,1049.4,396.9,True,1,1,False,False,False,False,,True,False,False,Course Lock,196.8,67,16.4,93,NE,S,5.81,6.93,Calm,False,False,Android,7.0.2,M300 RTK,1ZN7L4R0H1D00F,1W9DL31001461C,1ZMLH8300204F0,1Z6PH74DAP0QN7,"Corona, CA",728.3,5.7,137.7,8.547347,2.013246,0,0,DJI Matrice 300 RTK,M300 RTK,1ZN7L4R0H1D00F,1W9DL31001461C,1ZMLH8300204F0,1Z6PH74DAP0QN7,DJI Pilot,Android,7.0.2,1EF72A62-B7C3-C88D-164E-CE6F8C8424AE,1ZN7L4R0H1D00F,1W9DL31001461C,,1ZMLH8300204F0,1W9DL31001461C,,,,,
2023-11-01,11:25:57.64 AM,1m 35.3s,95.3,33.8015350685895,-117.4671300708689,45.2,45.2,13.4,1309,600.4,5.7031,6.023145,-4.250186,0,-3.802798,1.342164,-0.447388,0,0,-0.7,0.7,-137.1,222.9,221.3,Tripod,Other,,22,5,True,,True,False,,Smart,RC,False,True,False,,,True,,False,False,False,False,False,False,False,False,False,False,0,Follow Yaw,-88.9,0,-145.1,214.9,False,False,False,False,False,,0,0,False,False,No Card,100,100,1024,1350,1240,1024,2,False,False,False,False,False,0,False,False,False,False,94,,47.664,,9490,,10044,,47.664,,True,3.974,3.974,3.974,3.974,3.974,3.974,3.974,3.974,3.974,3.974,3.974,3.974,0,,False,False,True,,,,,,,,,,,,,,,False,False,19.648,,82.4,,75.7,,82.4,,1809,47,4,16,7,141408.0,18854.41,,Idle,,20,,10,,,20,Go Home,False,False,False,False,False,False,False,False,False,False,False,False,33.8027920380556,-117.4659261431046,586.0,2972.0,1049.4,396.9,True,1,1,False,False,False,False,,True,False,False,Course Lock,196.8,67,16.4,93,NE,S,5.81,6.93,Calm,False,False,Android,7.0.2,M300 RTK,1ZN7L4R0H1D00F,1W9DL31001461C,1ZMLH8300204F0,1Z6PH74DAP0QN7,"Corona, CA",728.3,5.7,137.7,8.547347,2.013246,0,0,DJI Matrice 300 RTK,M300 RTK,1ZN7L4R0H1D00F,1W9DL31001461C,1ZMLH8300204F0,1Z6PH74DAP0QN7,DJI Pilot,Android,7.0.2,1EF72A62-B7C3-C88D-164E-CE6F8C8424AE,1ZN7L4R0H1D00F,1W9DL31001461C,,1ZMLH8300204F0,1W9DL31001461C,,,,,
2023-11-01,11:25:57.74 AM,1m 35.4s,95.4,33.8015332478234,-117.4671319985984,45.2,45.2,13.4,1309,601.3,5.7031,6.023145,-4.250186,0,-3.802798,1.342164,-0.447388,0,0.1,-0.4,0.4,-137.1,222.9,221.3,Tripod,Other,,22,5,True,,True,False,,Smart,RC,False,True,False,,,True,,False,False,False,False,False,False,False,False,False,False,0,Follow Yaw,-88.9,0,-145.1,214.9,False,False,False,False,False,,0,0,False,False,No Card,100,100,1024,1350,1240,1024,2,False,False,False,False,False,0,False,False,False,False,94,,47.664,,9490,,10044,,47.664,,True,3.974,3.974,3.974,3.974,3.974,3.974,3.974,3.974,3.974,3.974,3.974,3.974,0,,False,False,True,,,,,,,,,,,,,,,False,False,19.648,,82.4,,75.7,,82.4,,1809,47,4,16,7,141408.0,18854.41,,Idle,,20,,10,,,20,Go Home,False,False,False,False,False,False,False,False,False,False,False,False,33.8027920380556,-117.4659261431046,586.9,2972.0,1049.4,396.9,True,1,1,False,False,False,False,,True,False,False,Course Lock,196.8,67,16.4,93,NE,S,5.81,6.93,Calm,False,False,Android,7.0.2,M300 RTK,1ZN7L4R0H1D00F,1W9DL31001461C,1ZMLH8300204F0,1Z6PH74DAP0QN7,"Corona, CA",728.3,5.7,137.7,8.547347,2.013246,0,0,DJI Matrice 300 RTK,M300 RTK,1ZN7L4R0H1D00F,1W9DL31001461C,1ZMLH8300204F0,1Z6PH74DAP0QN7,DJI Pilot,Android,7.0.2,1EF72A62-B7C3-C88D-164E-CE6F8C8424AE,1ZN7L4R0H1D00F,1W9DL31001461C,,1ZMLH8300204F0,1W9DL31001461C,,,,,
2023-11-01,11:25:57.84 AM,1m 35.5s,95.5,33.8015314802385,-117.4671340556349,45.6,45.6,13.4,1309,602.2,5.7031,6.023145,-4.250186,0,-3.802798,1.342164,-0.447388,0,0.1,-0.2,0.2,-137.1,222.9,224.0,Tripod,Other,,22,5,True,,True,False,,Smart,RC,False,True,False,,,True,,False,False,False,False,False,False,False,False,False,False,0,Follow Yaw,-88.9,0,-145.1,214.9,False,False,False,False,False,,0,0,False,False,No Card,100,100,1024,1347,1244,1024,2,False,False,False,False,False,0,False,False,False,False,94,,47.664,,9490,,10044,,47.664,,True,3.974,3.974,3.974,3.974,3.974,3.974,3.974,3.974,3.974,3.974,3.974,3.974,0,,False,False,True,,,,,,,,,,,,,,,False,False,19.648,,82.4,,75.7,,82.4,,1809,47,4,16,7,141408.0,18854.41,,Idle,,20,,10,,,20,Go Home,False,False,False,False,False,False,False,False,False,False,False,False,33.8027920380556,-117.4659261431046,587.8,2972.0,1049.4,396.9,True,1,1,False,False,False,False,,True,False,False,Course Lock,196.8,67,16.4,93,NE,S,5.81,6.93,Calm,False,False,Android,7.0.2,M300 RTK,1ZN7L4R0H1D00F,1W9DL31001461C,1ZMLH8300204F0,1Z6PH74DAP0QN7,"Corona, CA",728.3,5.7,137.7,8.547347,2.013246,0,0,DJI Matrice 300 RTK,M300 RTK,1ZN7L4R0H1D00F,1W9DL31001461C,1ZMLH8300204F0,1Z6PH74DAP0QN7,DJI Pilot,Android,7.0.2,1EF72A62-B7C3-C88D-164E-CE6F8C8424AE,1ZN7L4R0H1D00F,1W9DL31001461C,,1ZMLH8300204F0,1W9DL31001461C,,,,,
2023-11-01,11:25:57.94 AM,1m 35.6s,95.6,33.8015296704376,-117.4671360005174,45.6,45.6,13.4,1309,603.1,5.7031,6.023145,-4.250186,0,-3.802798,1.342164,-0.447388,0,0.2,-0.2,0.2,-137.2,222.8,221.7,Tripod,Other,,22,5,True,,True,False,,Smart,RC,False,True,False,,,True,,False,False,False,False,False,False,False,False,False,False,0,Follow Yaw,-88.9,0,-145.1,214.9,False,False,False,False,False,,0,0,False,False,No Card,100,100,1024,1348,1243,1024,2,False,False,False,False,False,0,False,False,False,False,94,,47.664,,9490,,10044,,47.664,,True,3.974,3.974,3.974,3.974,3.974,3.974,3.974,3.974,3.974,3.974,3.974,3.974,0,,False,False,True,,,,,,,,,,,,,,,False,False,19.648,,82.4,,75.7,,82.4,,1809,47,4,16,7,141408.0,18854.41,,Idle,,20,,10,,,20,Go Home,False,False,False,False,False,False,False,False,False,False,False,False,33.8027920380556,-117.4659261431046,588.7,2972.0,1049.4,396.9,True,1,1,False,False,False,False,,True,False,False,Course Lock,196.8,67,16.4,93,NE,S,5.81,6.93,Calm,False,False,Android,7.0.2,M300 RTK,1ZN7L4R0H1D00F,1W9DL31001461C,1ZMLH8300204F0,1Z6PH74DAP0QN7,"Corona, CA",728.3,5.7,137.7,8.547347,2.013246,0,0,DJI Matrice 300 RTK,M300 RTK,1ZN7L4R0H1D00F,1W9DL31001461C,1ZMLH8300204F0,1Z6PH74DAP0QN7,DJI Pilot,Android,7.0.2,1EF72A62-B7C3-C88D-164E-CE6F8C8424AE,1ZN7L4R0H1D00F,1W9DL31001461C,,1ZMLH8300204F0,1W9DL31001461C,,,,,
2023-11-01,11:25:58.05 AM,1m 35.7s,95.7,33.801527890791,-117.4671376359867,45.6,45.6,13.4,1309,603.9,5.7031,6.023145,-4.250186,0,-3.802798,1.342164,-0.223694,0,0.2,-0.3,0.3,-137.2,222.8,217.3,Tripod,Other,,22,5,True,,True,False,,Smart,RC,False,True,False,,,True,,False,False,False,False,False,False,False,False,False,False,0,Follow Yaw,-88.9,0,-145.1,214.9,False,False,False,False,False,,0,0,False,False,No Card,100,100,1024,1350,1242,1024,2,False,False,False,False,False,0,False,False,False,False,95,,47.664,,4736,,4986,,47.664,,True,3.974,3.974,3.974,3.974,3.974,3.974,3.974,3.974,3.974,3.974,3.974,3.974,0,,False,False,True,,,,,,,,,,,,,,,False,False,9.598,,81.5,,75.7,,82.4,,1809,47,4,16,7,141408.0,18854.41,,Idle,,20,,10,,,20,Go Home,False,False,False,False,False,False,False,False,False,False,False,False,33.8027920380556,-117.4659261431046,589.5,2972.0,1049.4,396.9,True,1,1,False,False,False,False,,True,False,False,Course Lock,196.8,67,16.4,93,NE,S,5.81,6.93,Calm,False,False,Android,7.0.2,M300 RTK,1ZN7L4R0H1D00F,1W9DL31001461C,1ZMLH8300204F0,1Z6PH74DAP0QN7,"Corona, CA",728.3,5.7,137.7,8.547347,2.013246,0,0,DJI Matrice 300 RTK,M300 RTK,1ZN7L4R0H1D00F,1W9DL31001461C,1ZMLH8300204F0,1Z6PH74DAP0QN7,DJI Pilot,Android,7.0.2,1EF72A62-B7C3-C88D-164E-CE6F8C8424AE,1ZN7L4R0H1D00F,1W9DL31001461C,,1ZMLH8300204F0,1W9DL31001461C,,,,,
2023-11-01,11:25:58.15 AM,1m 35.8s,95.8,33.8015260925036,-117.4671395551398,45.6,45.6,13.4,1309,604.8,5.7031,6.023145,-4.250186,0,-3.802798,1.342164,-0.223694,0,0.1,-0.4,0.4,-137.2,222.8,221.5,Tripod,Other,,22,5,True,,True,False,,Smart,RC,False,True,False,,,True,,False,False,False,False,False,False,False,False,False,False,0,Follow Yaw,-88.9,0,-145.1,214.9,False,False,False,False,False,,0,0,False,False,No Card,100,100,1024,1350,1241,1024,2,False,False,False,False,False,0,False,False,False,False,95,,47.664,,4736,,4986,,47.664,,True,3.974,3.974,3.974,3.974,3.974,3.974,3.974,3.974,3.974,3.974,3.974,3.974,0,,False,False,True,,,,,,,,,,,,,,,False,False,9.598,,81.5,,75.7,,82.4,,1809,47,4,16,7,141408.0,18854.41,,Idle,,20,,10,,,20,Go Home,False,False,False,False,False,False,False,False,False,False,False,False,33.8027920380556,-117.4659261431046,590.4,2972.0,1049.4,396.9,True,1,1,False,False,False,False,,True,False,False,Course Lock,196.8,67,16.4,93,NE,S,5.81,6.93,Calm,False,False,Android,7.0.2,M300 RTK,1ZN7L4R0H1D00F,1W9DL31001461C,1ZMLH8300204F0,1Z6PH74DAP0QN7,"Corona, CA",728.3,5.7,137.7,8.547347,2.013246,0,0,DJI Matrice 300 RTK,M300 RTK,1ZN7L4R0H1D00F,1W9DL31001461C,1ZMLH8300204F0,1Z6PH74DAP0QN7,DJI Pilot,Android,7.0.2,1EF72A62-B7C3-C88D-164E-CE6F8C8424AE,1ZN7L4R0H1D00F,1W9DL31001461C,,1ZMLH8300204F0,1W9DL31001461C,,,,,
2023-11-01,11:25:58.24 AM,1m 35.9s,95.9,33.8015241845645,-117.4671417302678,45.6,45.6,13.4,1309,605.8,5.7031,6.023145,-4.250186,0,-3.802798,1.342164,-0.223694,0,0,-0.5,0.5,-137.2,222.8,223.4,Tripod,Other,,22,5,True,,True,False,,Smart,RC,False,True,False,,,True,,False,False,False,False,False,False,False,False,False,False,0,Follow Yaw,-88.9,0,-145.1,214.9,False,False,False,False,False,,0,0,False,False,No Card,100,100,1024,1351,1238,1024,2,False,False,False,False,False,0,False,False,False,False,95,,47.664,,4736,,4986,,47.664,,True,3.974,3.974,3.974,3.974,3.974,3.974,3.974,3.974,3.974,3.974,3.974,3.974,0,,False,False,True,,,,,,,,,,,,,,,False,False,9.598,,81.5,,75.7,,82.4,,1809,47,4,16,7,141408.0,18854.41,,Idle,,20,,10,,,20,Go Home,False,False,False,False,False,False,False,False,False,False,False,False,33.8027920380556,-117.4659261431046,591.3,2972.0,1049.4,396.9,True,1,1,False,False,False,False,,True,False,False,Course Lock,196.8,67,16.4,93,NE,S,5.81,6.93,Calm,False,False,Android,7.0.2,M300 RTK,1ZN7L4R0H1D00F,1W9DL31001461C,1ZMLH8300204F0,1Z6PH74DAP0QN7,"Corona, CA",728.3,5.7,137.7,8.547347,2.013246,0,0,DJI Matrice 300 RTK,M300 RTK,1ZN7L4R0H1D00F,1W9DL31001461C,1ZMLH8300204F0,1Z6PH74DAP0QN7,DJI Pilot,Android,7.0.2,1EF72A62-B7C3-C88D-164E-CE6F8C8424AE,1ZN7L4R0H1D00F,1W9DL31001461C,,1ZMLH8300204F0,1W9DL31001461C,,,,,
2023-11-01,11:25:58.35 AM,1m 36.0s,96.0,33.8015223747636,-117.4671436698724,45.6,45.6,13.4,1309,606.6,5.7031,6.023145,-4.250186,0,-3.802798,1.342164,-0.223694,0,0,-0.6,0.6,-137.3,222.7,221.6,Tripod,Other,,22,5,True,,True,False,,Smart,RC,False,True,False,,,True,,False,False,False,False,False,False,False,False,False,False,0,Follow Yaw,-88.9,0,-145.1,214.9,False,False,False,False,False,,0,0,False,False,No Card,100,100,1024,1350,1239,1024,2,False,False,False,False,False,0,False,False,False,False,94,,47.652,,9490,,10044,,47.652,,True,3.974,3.974,3.974,3.974,3.974,3.974,3.974,3.974,3.974,3.974,3.974,3.974,0,,False,False,True,,,,,,,,,,,,,,,False,False,19.126,,82.5,,75.7,,82.5,,1809,47,4,16,7,141408.0,18854.41,,Idle,,20,,10,,,20,Go Home,False,False,False,False,False,False,False,False,False,False,False,False,33.8027920380556,-117.4659261431046,592.2,2972.0,1049.4,396.9,True,1,1,False,False,False,False,,True,False,False,Course Lock,196.8,67,16.4,93,NE,S,5.81,6.93,Calm,False,False,Android,7.0.2,M300 RTK,1ZN7L4R0H1D00F,1W9DL31001461C,1ZMLH8300204F0,1Z6PH74DAP0QN7,"Corona, CA",728.3,5.7,137.7,8.547347,2.013246,0,0,DJI Matrice 300 RTK,M300 RTK,1ZN7L4R0H1D00F,1W9DL31001461C,1ZMLH8300204F0,1Z6PH74DAP0QN7,DJI Pilot,Android,7.0.2,1EF72A62-B7C3-C88D-164E-CE6F8C8424AE,1ZN7L4R0H1D00F,1W9DL31001461C,,1ZMLH8300204F0,1W9DL31001461C,,,,,
2023-11-01,11:25:58.46 AM,1m 36.1s,96.1,33.8015206236264,-117.4671456253104,45.9,45.9,13.4,1310,607.5,5.7031,6.023145,-4.250186,0,-3.802798,1.342164,-0.223694,0,0.1,-0.6,0.6,-137.3,222.7,222.8,Tripod,Other,,22,5,True,,True,False,,Smart,RC,False,True,False,,,True,,False,False,False,False,False,False,False,False,False,False,0,Follow Yaw,-88.9,0,-145.1,214.9,False,False,False,False,False,,0,0,False,False,No Card,100,100,1024,1350,1239,1024,2,False,False,False,False,False,0,False,False,False,False,94,,47.652,,9490,,10044,,47.652,,True,3.974,3.974,3.974,3.974,3.974,3.974,3.974,3.974,3.974,3.974,3.974,3.974,0,,False,False,True,,,,,,,,,,,,,,,False,False,19.126,,82.5,,75.7,,82.5,,1809,47,4,16,7,141408.0,18854.41,,Idle,,20,,10,,,20,Go Home,False,False,False,False,False,False,False,False,False,False,False,False,33.8027920380556,-117.4659261431046,593.1,2972.0,1049.4,396.9,True,1,1,False,False,False,False,,True,False,False,Course Lock,196.8,67,16.4,93,NE,S,5.81,6.93,Calm,False,False,Android,7.0.2,M300 RTK,1ZN7L4R0H1D00F,1W9DL31001461C,1ZMLH8300204F0,1Z6PH74DAP0QN7,"Corona, CA",728.3,5.7,137.7,8.547347,2.013246,0,0,DJI Matrice 300 RTK,M300 RTK,1ZN7L4R0H1D00F,1W9DL31001461C,1ZMLH8300204F0,1Z6PH74DAP0QN7,DJI Pilot,Android,7.0.2,1EF72A62-B7C3-C88D-164E-CE6F8C8424AE,1ZN7L4R0H1D00F,1W9DL31001461C,,1ZMLH8300204F0,1W9DL31001461C,,,,,
2023-11-01,11:25:58.56 AM,1m 36.2s,96.2,33.8015188149221,-117.4671475629359,45.9,45.9,13.4,1310,608.4,5.7031,6.023145,-4.250186,0,-3.802798,1.342164,-0.223694,0,0.1,-0.5,0.5,-137.3,222.7,221.6,Tripod,Other,,22,5,True,,True,False,,Smart,RC,False,True,False,,,True,,False,False,False,False,False,False,False,False,False,False,0,Follow Yaw,-88.9,0,-145.1,214.9,False,False,False,False,False,,0,0,False,False,No Card,100,100,1024,1349,1241,1024,2,False,False,False,False,False,0,False,False,False,False,94,,47.652,,9490,,10044,,47.652,,True,3.974,3.974,3.974,3.974,3.974,3.974,3.974,3.974,3.974,3.974,3.974,3.974,0,,False,False,True,,,,,,,,,,,,,,,False,False,19.126,,82.5,,75.7,,82.5,,1809,47,4,16,7,141408.0,18854.41,,Idle,,20,,10,,,20,Go Home,False,False,False,False,False,False,False,False,False,False,False,False,33.8027920380556,-117.4659261431046,594.0,2972.0,1049.4,396.9,True,1,1,False,False,False,False,,True,False,False,Course Lock,196.8,67,16.4,93,NE,S,5.81,6.93,Calm,False,False,Android,7.0.2,M300 RTK,1ZN7L4R0H1D00F,1W9DL31001461C,1ZMLH8300204F0,1Z6PH74DAP0QN7,"Corona, CA",728.3,5.7,137.7,8.547347,2.013246,0,0,DJI Matrice 300 RTK,M300 RTK,1ZN7L4R0H1D00F,1W9DL31001461C,1ZMLH8300204F0,1Z6PH74DAP0QN7,DJI Pilot,Android,7.0.2,1EF72A62-B7C3-C88D-164E-CE6F8C8424AE,1ZN7L4R0H1D00F,1W9DL31001461C,,1ZMLH8300204F0,1W9DL31001461C,,,,,
2023-11-01,11:25:58.66 AM,1m 36.3s,96.3,33.8015168494159,-117.4671495130962,45.9,45.9,13.4,1310,609.3,5.7031,6.023145,-4.250186,0,-3.802798,1.342164,-0.223694,0,0,-0.4,0.4,-137.3,222.7,219.5,Tripod,Other,,22,5,True,,True,False,,Smart,RC,False,True,False,,,True,,False,False,False,False,False,False,False,False,False,False,0,Follow Yaw,-88.9,0,-145.1,214.9,False,False,False,False,False,,0,0,False,False,No Card,100,100,1024,1351,1242,1024,2,False,False,False,False,False,0,False,False,False,False,94,,47.652,,9490,,10044,,47.652,,True,3.973,3.973,3.973,3.973,3.973,3.973,3.973,3.973,3.973,3.973,3.973,3.973,0,,False,False,True,,,,,,,,,,,,,,,False,False,19.126,,82.5,,75.7,,82.5,,1809,47,4,16,7,141573.5,18876.46,,Idle,,20,,10,,,20,Go Home,False,False,False,False,False,False,False,False,False,False,False,False,33.8027920380556,-117.4659261431046,594.9,2972.0,1049.4,396.9,True,1,1,False,False,False,False,,True,False,False,Course Lock,196.8,67,16.4,93,NE,S,5.81,6.93,Calm,False,False,Android,7.0.2,M300 RTK,1ZN7L4R0H1D00F,1W9DL31001461C,1ZMLH8300204F0,1Z6PH74DAP0QN7,"Corona, CA",728.3,5.7,137.7,8.547347,2.013246,0,0,DJI Matrice 300 RTK,M300 RTK,1ZN7L4R0H1D00F,1W9DL31001461C,1ZMLH8300204F0,1Z6PH74DAP0QN7,DJI Pilot,Android,7.0.2,1EF72A62-B7C3-C88D-164E-CE6F8C8424AE,1ZN7L4R0H1D00F,1W9DL31001461C,,1ZMLH8300204F0,1W9DL31001461C,,,,,
2023-11-01,11:25:58.77 AM,1m 36.4s,96.4,33.8015150231673,-117.4671514395062,45.9,45.9,13.4,1310,610.2,5.7031,6.023145,-4.250186,0,-3.802798,1.342164,-0.223694,0,0,-0.4,0.4,-137.4,222.6,221.2,Tripod,Other,,22,5,True,,True,False,,Smart,RC,False,True,False,,,True,,False,False,False,False,False,False,False,False,False,False,0,Follow Yaw,-88.9,0,-145.1,214.9,False,False,False,False,False,,0,0,False,False,No Card,100,100,1024,1350,1243,1024,2,False,False,False,False,False,0,False,False,False,False,94,,47.652,,9490,,10044,,47.652,,True,3.973,3.973,3.973,3.973,3.973,3.973,3.973,3.973,3.973,3.973,3.973,3.973,0,,False,False,True,,,,,,,,,,,,,,,False,False,19.126,,82.5,,75.7,,82.5,,1809,47,4,16,7,141573.5,18876.46,,Idle,,20,,10,,,20,Go Home,False,False,False,False,False,False,False,False,False,False,False,False,33.8027920380556,-117.4659261431046,595.8,2972.0,1049.4,396.9,True,1,1,False,False,False,False,,True,False,False,Course Lock,196.8,67,16.4,93,NE,S,5.81,6.93,Calm,False,False,Android,7.0.2,M300 RTK,1ZN7L4R0H1D00F,1W9DL31001461C,1ZMLH8300204F0,1Z6PH74DAP0QN7,"Corona, CA",728.3,5.7,137.7,8.547347,2.013246,0,0,DJI Matrice 300 RTK,M300 RTK,1ZN7L4R0H1D00F,1W9DL31001461C,1ZMLH8300204F0,1Z6PH74DAP0QN7,DJI Pilot,Android,7.0.2,1EF72A62-B7C3-C88D-164E-CE6F8C8424AE,1ZN7L4R0H1D00F,1W9DL31001461C,,1ZMLH8300204F0,1W9DL31001461C,,,,,
2023-11-01,11:25:58.87 AM,1m 36.5s,96.5,33.8015132363933,-117.467153390986,45.9,45.9,13.4,1310,611.1,5.7031,6.023145,-4.250186,0,-3.802798,1.342164,-0.223694,0,-0.1,-0.5,0.5,-137.5,222.5,222.2,Tripod,Other,,22,5,True,,True,False,,Smart,RC,False,True,False,,,True,,False,False,False,False,False,False,False,False,False,False,0,Follow Yaw,-88.9,0,-145.1,214.9,False,False,False,False,False,,0,0,False,False,No Card,100,100,1024,1352,1239,1024,2,False,False,False,False,False,0,False,False,False,False,94,,47.652,,9490,,10044,,47.652,,True,3.973,3.973,3.973,3.973,3.973,3.973,3.973,3.973,3.973,3.973,3.973,3.973,0,,False,False,True,,,,,,,,,,,,,,,False,False,19.126,,82.5,,75.7,,82.5,,1809,47,4,16,7,141573.5,18876.46,,Idle,,20,,10,,,20,Go Home,False,False,False,False,False,False,False,False,False,False,False,False,33.8027920380556,-117.4659261431046,596.7,2972.0,1049.4,396.9,True,1,1,False,False,False,False,,True,False,False,Course Lock,196.8,67,16.4,93,NE,S,5.81,6.93,Calm,False,False,Android,7.0.2,M300 RTK,1ZN7L4R0H1D00F,1W9DL31001461C,1ZMLH8300204F0,1Z6PH74DAP0QN7,"Corona, CA",728.3,5.7,137.7,8.547347,2.013246,0,0,DJI Matrice 300 RTK,M300 RTK,1ZN7L4R0H1D00F,1W9DL31001461C,1ZMLH8300204F0,1Z6PH74DAP0QN7,DJI Pilot,Android,7.0.2,1EF72A62-B7C3-C88D-164E-CE6F8C8424AE,1ZN7L4R0H1D00F,1W9DL31001461C,,1ZMLH8300204F0,1W9DL31001461C,,,,,
2023-11-01,11:25:58.94 AM,1m 36.6s,96.6,33.8015114052103,-117.467155317396,46.2,46.2,13.4,1310,612.0,5.7031,6.023145,-4.250186,0,-3.802798,1.342164,-0.223694,0,0,-0.5,0.5,-137.5,222.5,221.1,Tripod,Other,,22,5,True,,True,False,,Smart,RC,False,True,False,,,True,,False,False,False,False,False,False,False,False,False,False,0,Follow Yaw,-88.9,0,-145.1,214.9,False,False,False,False,False,,0,0,False,False,No Card,100,100,1024,1351,1239,1024,2,False,False,False,False,False,0,False,False,False,False,94,,47.652,,9490,,10044,,47.652,,True,3.973,3.973,3.973,3.973,3.973,3.973,3.973,3.973,3.973,3.973,3.973,3.973,0,,False,False,True,,,,,,,,,,,,,,,False,False,19.126,,82.5,,75.7,,82.5,,1809,47,4,16,7,141573.5,18876.46,,Idle,,20,,10,,,20,Go Home,False,False,False,False,False,False,False,False,False,False,False,False,33.8027920380556,-117.4659261431046,597.5,2972.0,1049.4,396.9,True,1,1,False,False,False,False,,True,False,False,Course Lock,196.8,67,16.4,93,NE,S,5.81,6.93,Calm,False,False,Android,7.0.2,M300 RTK,1ZN7L4R0H1D00F,1W9DL31001461C,1ZMLH8300204F0,1Z6PH74DAP0QN7,"Corona, CA",728.3,5.7,137.7,8.547347,2.013246,0,0,DJI Matrice 300 RTK,M300 RTK,1ZN7L4R0H1D00F,1W9DL31001461C,1ZMLH8300204F0,1Z6PH74DAP0QN7,DJI Pilot,Android,7.0.2,1EF72A62-B7C3-C88D-164E-CE6F8C8424AE,1ZN7L4R0H1D00F,1W9DL31001461C,,1ZMLH8300204F0,1W9DL31001461C,,,,,
2023-11-01,11:25:59.04 AM,1m 36.7s,96.7,33.8015094731479,-117.4671571059225,46.2,46.2,13.4,1310,612.9,5.7031,6.023145,-4.250186,0,-3.802798,1.342164,-0.223694,0,0.1,-0.4,0.4,-137.4,222.6,217.5,Tripod,Other,,22,5,True,,True,False,,Smart,RC,False,True,False,,,True,,False,False,False,False,False,False,False,False,False,False,0,Follow Yaw,-88.9,0,-145.1,214.9,False,False,False,False,False,,0,0,False,False,No Card,100,100,1024,1351,1240,1024,2,False,False,False,False,False,0,False,False,False,False,94,,47.652,,9490,,10044,,47.652,,True,3.973,3.973,3.973,3.973,3.973,3.973,3.973,3.973,3.973,3.973,3.973,3.973,0,,False,False,True,,,,,,,,,,,,,,,False,False,19.126,,82.5,,75.7,,82.5,,1809,47,4,16,7,141573.5,18876.46,,Idle,,20,,10,,,20,Go Home,False,False,False,False,False,False,False,False,False,False,False,False,33.8027920380556,-117.4659261431046,598.4,2972.0,1049.4,396.9,True,1,1,False,False,False,False,,True,False,False,Course Lock,196.8,67,16.4,93,NE,S,5.81,6.93,Calm,False,False,Android,7.0.2,M300 RTK,1ZN7L4R0H1D00F,1W9DL31001461C,1ZMLH8300204F0,1Z6PH74DAP0QN7,"Corona, CA",728.3,5.7,137.7,8.547347,2.013246,0,0,DJI Matrice 300 RTK,M300 RTK,1ZN7L4R0H1D00F,1W9DL31001461C,1ZMLH8300204F0,1Z6PH74DAP0QN7,DJI Pilot,Android,7.0.2,1EF72A62-B7C3-C88D-164E-CE6F8C8424AE,1ZN7L4R0H1D00F,1W9DL31001461C,,1ZMLH8300204F0,1W9DL31001461C,,,,,
2023-11-01,11:25:59.14 AM,1m 36.8s,96.8,33.8015076282585,-117.4671590039642,46.2,46.2,13.4,1310,613.8,5.7031,6.023145,-4.250186,0,-3.802798,1.342164,-0.223694,0,0,-0.2,0.2,-137.4,222.6,220.5,Tripod,Other,,22,5,True,,True,False,,Smart,RC,False,True,False,,,True,,False,False,False,False,False,False,False,False,False,False,0,Follow Yaw,-88.9,0,-145.1,214.9,False,False,False,False,False,,0,0,False,False,No Card,100,100,1024,1349,1243,1024,2,False,False,False,False,False,0,False,False,False,False,94,,47.652,,9490,,10044,,47.652,,True,3.973,3.973,3.973,3.973,3.973,3.973,3.973,3.973,3.973,3.973,3.973,3.973,0,,False,False,True,,,,,,,,,,,,,,,False,False,19.126,,82.5,,75.7,,82.5,,1809,47,4,16,7,141573.5,18876.46,,Idle,,20,,10,,,20,Go Home,False,False,False,False,False,False,False,False,False,False,False,False,33.8027920380556,-117.4659261431046,599.3,2972.0,1049.4,396.9,True,1,1,False,False,False,False,,True,False,False,Course Lock,196.8,67,16.4,93,NE,S,5.81,6.93,Calm,False,False,Android,7.0.2,M300 RTK,1ZN7L4R0H1D00F,1W9DL31001461C,1ZMLH8300204F0,1Z6PH74DAP0QN7,"Corona, CA",728.3,5.7,137.7,8.547347,2.013246,0,0,DJI Matrice 300 RTK,M300 RTK,1ZN7L4R0H1D00F,1W9DL31001461C,1ZMLH8300204F0,1Z6PH74DAP0QN7,DJI Pilot,Android,7.0.2,1EF72A62-B7C3-C88D-164E-CE6F8C8424AE,1ZN7L4R0H1D00F,1W9DL31001461C,,1ZMLH8300204F0,1W9DL31001461C,,,,,
2023-11-01,11:25:59.24 AM,1m 36.9s,96.9,33.8015057203194,-117.4671609712774,46.2,46.2,13.4,1310,614.7,5.7031,6.023145,-4.250186,0,-3.802798,1.342164,-0.223694,0,-0.1,-0.1,0.1,-137.4,222.6,220.5,Tripod,Other,,22,5,True,,True,False,,Smart,RC,False,True,False,,,True,,False,False,False,False,False,False,False,False,False,False,0,Follow Yaw,-88.9,0,-145.1,214.9,False,False,False,False,False,,0,0,False,False,No Card,100,100,1024,1350,1242,1024,2,False,False,False,False,False,0,False,False,False,False,94,,47.652,,9490,,10044,,47.652,,True,3.973,3.973,3.973,3.973,3.973,3.973,3.973,3.973,3.973,3.973,3.973,3.973,0,,False,False,True,,,,,,,,,,,,,,,False,False,19.126,,82.5,,75.7,,82.5,,1809,47,4,16,7,141573.5,18876.46,,Idle,,20,,10,,,20,Go Home,False,False,False,False,False,False,False,False,False,False,False,False,33.8027920380556,-117.4659261431046,600.2,2972.0,1049.4,396.9,True,1,1,False,False,False,False,,True,False,False,Course Lock,196.8,67,16.4,93,NE,S,5.81,6.93,Calm,False,False,Android,7.0.2,M300 RTK,1ZN7L4R0H1D00F,1W9DL31001461C,1ZMLH8300204F0,1Z6PH74DAP0QN7,"Corona, CA",728.3,5.7,137.7,8.547347,2.013246,0,0,DJI Matrice 300 RTK,M300 RTK,1ZN7L4R0H1D00F,1W9DL31001461C,1ZMLH8300204F0,1Z6PH74DAP0QN7,DJI Pilot,Android,7.0.2,1EF72A62-B7C3-C88D-164E-CE6F8C8424AE,1ZN7L4R0H1D00F,1W9DL31001461C,,1ZMLH8300204F0,1W9DL31001461C,,,,,
2023-11-01,11:25:59.34 AM,1m 37.0s,97.0,33.8015038672061,-117.4671628699788,46.2,46.2,13.4,1310,615.6,5.7031,6.023145,-4.250186,0,-3.802798,1.342164,-0.223694,0,-0.2,0.1,0.2,-137.3,222.7,220.4,Tripod,Other,,22,5,True,,True,False,,Smart,RC,False,True,False,,,True,,False,False,False,False,False,False,False,False,False,False,0,Follow Yaw,-88.9,0,-145.1,214.9,False,False,False,False,False,,0,0,False,False,No Card,100,100,1024,1350,1242,1024,2,False,False,False,False,False,0,False,False,False,False,95,,47.616,,4736,,4986,,47.616,,True,3.973,3.973,3.973,3.973,3.973,3.973,3.973,3.973,3.973,3.973,3.973,3.973,0,,False,False,True,,,,,,,,,,,,,,,False,False,9.232,,81.6,,75.7,,82.5,,1809,47,4,16,7,141573.5,18876.46,,Idle,,20,,10,,,20,Go Home,False,False,False,False,False,False,False,False,False,False,False,False,33.8027920380556,-117.4659261431046,601.1,2972.0,1049.4,396.9,True,1,1,False,False,False,False,,True,False,False,Course Lock,196.8,67,16.4,93,NE,S,5.59,6.93,Calm,False,False,Android,7.0.2,M300 RTK,1ZN7L4R0H1D00F,1W9DL31001461C,1ZMLH8300204F0,1Z6PH74DAP0QN7,"Corona, CA",728.3,5.7,137.7,8.547347,2.013246,0,0,DJI Matrice 300 RTK,M300 RTK,1ZN7L4R0H1D00F,1W9DL31001461C,1ZMLH8300204F0,1Z6PH74DAP0QN7,DJI Pilot,Android,7.0.2,1EF72A62-B7C3-C88D-164E-CE6F8C8424AE,1ZN7L4R0H1D00F,1W9DL31001461C,,1ZMLH8300204F0,1W9DL31001461C,,,,,
2023-11-01,11:25:59.44 AM,1m 37.1s,97.1,33.8015019861317,-117.4671645456916,46.5,46.5,13.4,1310,616.4,5.7031,6.023145,-4.250186,0,-3.802798,1.342164,-0.223694,0,-0.2,0.2,0.2,-137.2,222.8,216.5,Tripod,Other,,22,5,True,,True,False,,Smart,RC,False,True,False,,,True,,False,False,False,False,False,False,False,False,False,False,0,Follow Yaw,-88.9,0,-145.1,214.9,False,False,False,False,False,,0,0,False,False,No Card,100,100,1024,1349,1242,1024,2,False,False,False,False,False,0,False,False,False,False,95,,47.616,,4736,,4986,,47.616,,True,3.973,3.973,3.973,3.973,3.973,3.973,3.973,3.973,3.973,3.973,3.973,3.973,0,,False,False,True,,,,,,,,,,,,,,,False,False,9.232,,81.6,,75.7,,82.5,,1809,47,4,16,7,141573.5,18876.46,,Idle,,20,,10,,,20,Go Home,False,False,False,False,False,False,False,False,False,False,False,False,33.8027920380556,-117.4659261431046,602.0,2972.0,1049.4,396.9,True,1,1,False,False,False,False,,True,False,False,Course Lock,196.8,67,16.4,93,NE,S,5.59,6.93,Calm,False,False,Android,7.0.2,M300 RTK,1ZN7L4R0H1D00F,1W9DL31001461C,1ZMLH8300204F0,1Z6PH74DAP0QN7,"Corona, CA",728.3,5.7,137.7,8.547347,2.013246,0,0,DJI Matrice 300 RTK,M300 RTK,1ZN7L4R0H1D00F,1W9DL31001461C,1ZMLH8300204F0,1Z6PH74DAP0QN7,DJI Pilot,Android,7.0.2,1EF72A62-B7C3-C88D-164E-CE6F8C8424AE,1ZN7L4R0H1D00F,1W9DL31001461C,,1ZMLH8300204F0,1W9DL31001461C,,,,,
2023-11-01,11:25:59.54 AM,1m 37.2s,97.2,33.8015001209567,-117.4671664311984,46.5,46.5,13.4,1310,617.3,5.7031,6.023145,-4.250186,0,-3.802798,1.342164,-0.223694,0,-0.1,0.3,0.3,-137.1,222.9,220.0,Tripod,Other,,22,5,True,,True,False,,Smart,RC,False,True,False,,,True,,False,False,False,False,False,False,False,False,False,False,0,Follow Yaw,-88.9,0,-145.1,214.9,False,False,False,False,False,,0,0,False,False,No Card,100,100,1024,1347,1242,1024,2,False,False,False,False,False,0,False,False,False,False,95,,47.616,,4736,,4986,,47.616,,True,3.973,3.973,3.973,3.973,3.973,3.973,3.973,3.973,3.973,3.973,3.973,3.973,0,,False,False,True,,,,,,,,,,,,,,,False,False,9.232,,81.6,,75.7,,82.5,,1809,47,4,16,7,141573.5,18876.46,,Idle,,20,,10,,,20,Go Home,False,False,False,False,False,False,False,False,False,False,False,False,33.8027920380556,-117.4659261431046,602.9,2972.0,1049.4,396.9,True,1,1,False,False,False,False,,True,False,False,Course Lock,196.8,67,16.4,93,NE,S,5.59,6.93,Calm,False,False,Android,7.0.2,M300 RTK,1ZN7L4R0H1D00F,1W9DL31001461C,1ZMLH8300204F0,1Z6PH74DAP0QN7,"Corona, CA",728.3,5.7,137.7,8.547347,2.013246,0,0,DJI Matrice 300 RTK,M300 RTK,1ZN7L4R0H1D00F,1W9DL31001461C,1ZMLH8300204F0,1Z6PH74DAP0QN7,DJI Pilot,Android,7.0.2,1EF72A62-B7C3-C88D-164E-CE6F8C8424AE,1ZN7L4R0H1D00F,1W9DL31001461C,,1ZMLH8300204F0,1W9DL31001461C,,,,,
2023-11-01,11:25:59.64 AM,1m 37.3s,97.3,33.8014982683917,-117.4671683826782,46.5,46.5,13.4,1310,618.2,5.7031,6.023145,-4.250186,0,-3.802798,1.342164,-0.223694,0,-0.2,0.4,0.4,-137,223,221.1,Tripod,Other,,22,5,True,,True,False,,Smart,RC,False,True,False,,,True,,False,False,False,False,False,False,False,False,False,False,0,Follow Yaw,-88.9,0,-145.1,214.9,False,False,False,False,False,,0,0,False,False,No Card,100,100,1024,1349,1242,1024,2,False,False,False,False,False,0,False,False,False,False,95,,47.616,,4736,,4986,,47.616,,True,3.973,3.973,3.973,3.973,3.973,3.973,3.973,3.973,3.973,3.973,3.973,3.973,0,,False,False,True,,,,,,,,,,,,,,,False,False,9.232,,81.6,,75.7,,82.5,,1809,47,4,16,7,141873.0,18916.40,,Idle,,20,,10,,,20,Go Home,False,False,False,False,False,False,False,False,False,False,False,False,33.8027920380556,-117.4659261431046,603.8,2972.0,1049.4,396.9,True,1,1,False,False,False,False,,True,False,False,Course Lock,196.8,67,16.4,93,NE,S,5.59,6.93,Calm,False,False,Android,7.0.2,M300 RTK,1ZN7L4R0H1D00F,1W9DL31001461C,1ZMLH8300204F0,1Z6PH74DAP0QN7,"Corona, CA",728.3,5.7,137.7,8.547347,2.013246,0,0,DJI Matrice 300 RTK,M300 RTK,1ZN7L4R0H1D00F,1W9DL31001461C,1ZMLH8300204F0,1Z6PH74DAP0QN7,DJI Pilot,Android,7.0.2,1EF72A62-B7C3-C88D-164E-CE6F8C8424AE,1ZN7L4R0H1D00F,1W9DL31001461C,,1ZMLH8300204F0,1W9DL31001461C,,,,,
2023-11-01,11:25:59.74 AM,1m 37.4s,97.4,33.8014964152785,-117.4671702820393,46.5,46.5,13.4,1310,619.1,5.7031,6.023145,-4.250186,0,-3.802798,1.342164,-0.223694,0,-0.2,0.4,0.4,-136.9,223.1,220.4,Tripod,Other,,22,5,True,,True,False,,Smart,RC,False,True,False,,,True,,False,False,False,False,False,False,False,False,False,False,0,Follow Yaw,-88.9,0,-145.1,214.9,False,False,False,False,False,,0,0,False,False,No Card,100,100,1024,1352,1240,1024,2,False,False,False,False,False,0,False,False,False,False,95,,47.616,,4736,,4986,,47.616,,True,3.973,3.973,3.973,3.973,3.973,3.973,3.973,3.973,3.973,3.973,3.973,3.973,0,,False,False,True,,,,,,,,,,,,,,,False,False,9.232,,81.6,,75.7,,82.5,,1809,47,4,16,7,141873.0,18916.40,,Idle,,20,,10,,,20,Go Home,False,False,False,False,False,False,False,False,False,False,False,False,33.8027920380556,-117.4659261431046,604.6,2972.0,1049.4,396.9,True,1,1,False,False,False,False,,True,False,False,Course Lock,196.8,67,16.4,93,NE,S,5.59,6.93,Calm,False,False,Android,7.0.2,M300 RTK,1ZN7L4R0H1D00F,1W9DL31001461C,1ZMLH8300204F0,1Z6PH74DAP0QN7,"Corona, CA",728.3,5.7,137.7,8.547347,2.013246,0,0,DJI Matrice 300 RTK,M300 RTK,1ZN7L4R0H1D00F,1W9DL31001461C,1ZMLH8300204F0,1Z6PH74DAP0QN7,DJI Pilot,Android,7.0.2,1EF72A62-B7C3-C88D-164E-CE6F8C8424AE,1ZN7L4R0H1D00F,1W9DL31001461C,,1ZMLH8300204F0,1W9DL31001461C,,,,,
2023-11-01,11:25:59.84 AM,1m 37.5s,97.5,33.8014945928677,-117.467172277721,46.5,46.5,13.4,1310,620.0,5.7031,6.023145,-4.250186,0,-3.802798,1.342164,-0.223694,0,-0.3,0.3,0.4,-136.9,223.1,222.3,Tripod,Other,,22,5,True,,True,False,,Smart,RC,False,True,False,,,True,,False,False,False,False,False,False,False,False,False,False,0,Follow Yaw,-88.9,0,-145.1,214.9,False,False,False,False,False,,0,0,False,False,No Card,100,100,1024,1349,1242,1024,2,False,False,False,False,False,0,False,False,False,False,95,,47.616,,4736,,4986,,47.616,,True,3.973,3.973,3.973,3.973,3.973,3.973,3.973,3.973,3.973,3.973,3.973,3.973,0,,False,False,True,,,,,,,,,,,,,,,False,False,9.232,,81.6,,75.7,,82.5,,1809,47,4,16,7,141873.0,18916.40,,Idle,,20,,10,,,20,Go Home,False,False,False,False,False,False,False,False,False,False,False,False,33.8027920380556,-117.4659261431046,605.5,2972.0,1049.4,396.9,True,1,1,False,False,False,False,,True,False,False,Course Lock,196.8,67,16.4,93,NE,S,5.59,6.93,Calm,False,False,Android,7.0.2,M300 RTK,1ZN7L4R0H1D00F,1W9DL31001461C,1ZMLH8300204F0,1Z6PH74DAP0QN7,"Corona, CA",728.3,5.7,137.7,8.547347,2.013246,0,0,DJI Matrice 300 RTK,M300 RTK,1ZN7L4R0H1D00F,1W9DL31001461C,1ZMLH8300204F0,1Z6PH74DAP0QN7,DJI Pilot,Android,7.0.2,1EF72A62-B7C3-C88D-164E-CE6F8C8424AE,1ZN7L4R0H1D00F,1W9DL31001461C,,1ZMLH8300204F0,1W9DL31001461C,,,,,
2023-11-01,11:25:59.94 AM,1m 37.6s,97.6,33.8014927435922,-117.4671742034713,46.5,46.5,13.4,1310,620.9,5.7031,6.023145,-4.250186,0,-3.802798,1.342164,-0.223694,0,-0.3,0,0.3,-136.9,223.1,220.8,Tripod,Other,,22,5,True,,True,False,,Smart,RC,False,True,False,,,True,,False,False,False,False,False,False,False,False,False,False,0,Follow Yaw,-88.9,0,-145.1,214.9,False,False,False,False,False,,0,0,False,False,No Card,100,100,1024,1349,1242,1024,2,False,False,False,False,False,0,False,False,False,False,95,,47.616,,4736,,4986,,47.616,,True,3.973,3.973,3.973,3.973,3.973,3.973,3.973,3.973,3.973,3.973,3.973,3.973,0,,False,False,True,,,,,,,,,,,,,,,False,False,9.232,,81.6,,75.7,,82.5,,1809,47,4,16,7,141873.0,18916.40,,Idle,,20,,10,,,20,Go Home,False,False,False,False,False,False,False,False,False,False,False,False,33.8027920380556,-117.4659261431046,606.4,2972.0,1049.4,396.9,True,1,1,False,False,False,False,,True,False,False,Course Lock,196.8,67,16.4,93,NE,S,5.59,6.93,Calm,False,False,Android,7.0.2,M300 RTK,1ZN7L4R0H1D00F,1W9DL31001461C,1ZMLH8300204F0,1Z6PH74DAP0QN7,"Corona, CA",728.3,5.7,137.7,8.547347,2.013246,0,0,DJI Matrice 300 RTK,M300 RTK,1ZN7L4R0H1D00F,1W9DL31001461C,1ZMLH8300204F0,1Z6PH74DAP0QN7,DJI Pilot,Android,7.0.2,1EF72A62-B7C3-C88D-164E-CE6F8C8424AE,1ZN7L4R0H1D00F,1W9DL31001461C,,1ZMLH8300204F0,1W9DL31001461C,,,,,
2023-11-01,11:26:00.04 AM,1m 37.7s,97.7,33.8014909305018,-117.4671760243246,46.9,46.9,13.4,1311,621.7,5.7031,6.023145,-4.250186,0,-3.802798,1.342164,-0.223694,0,-0.1,-0.1,0.1,-136.8,223.2,219.8,Tripod,Other,,22,5,True,,True,False,,Smart,RC,False,True,False,,,True,,False,False,False,False,False,False,False,False,False,False,0,Follow Yaw,-88.9,0,-145.1,214.9,False,False,False,False,False,,0,0,False,False,No Card,100,100,1024,1348,1243,1024,2,False,False,False,False,False,0,False,False,False,False,95,,47.616,,4736,,4986,,47.616,,True,3.973,3.973,3.973,3.973,3.973,3.973,3.973,3.973,3.973,3.973,3.973,3.973,0,,False,False,True,,,,,,,,,,,,,,,False,False,9.232,,81.6,,75.7,,82.5,,1809,47,4,16,7,141873.0,18916.40,,Idle,,20,,10,,,20,Go Home,False,False,False,False,False,False,False,False,False,False,False,False,33.8027920380556,-117.4659261431046,607.3,2972.0,1049.4,396.9,True,1,1,False,False,False,False,,True,False,False,Course Lock,196.8,67,16.4,93,NE,S,5.59,6.93,Calm,False,False,Android,7.0.2,M300 RTK,1ZN7L4R0H1D00F,1W9DL31001461C,1ZMLH8300204F0,1Z6PH74DAP0QN7,"Corona, CA",728.3,5.7,137.7,8.547347,2.013246,0,0,DJI Matrice 300 RTK,M300 RTK,1ZN7L4R0H1D00F,1W9DL31001461C,1ZMLH8300204F0,1Z6PH74DAP0QN7,DJI Pilot,Android,7.0.2,1EF72A62-B7C3-C88D-164E-CE6F8C8424AE,1ZN7L4R0H1D00F,1W9DL31001461C,,1ZMLH8300204F0,1W9DL31001461C,,,,,
2023-11-01,11:26:00.14 AM,1m 37.8s,97.8,33.8014890812264,-117.4671779507346,46.9,46.9,13.4,1311,622.6,5.7031,6.023145,-4.250186,0,-3.802798,1.342164,-0.223694,0,0,-0.1,0.1,-136.8,223.2,220.8,Tripod,Other,,22,5,True,,True,False,,Smart,RC,False,True,False,,,True,,False,False,False,False,False,False,False,False,False,False,0,Follow Yaw,-88.9,0,-145.1,214.9,False,False,False,False,False,,0,0,False,False,No Card,100,100,1024,1350,1240,1024,2,False,False,False,False,False,0,False,False,False,False,95,,47.616,,4736,,4986,,47.616,,True,3.973,3.973,3.973,3.973,3.973,3.973,3.973,3.973,3.973,3.973,3.973,3.973,0,,False,False,True,,,,,,,,,,,,,,,False,False,9.232,,81.6,,75.7,,82.5,,1809,47,4,16,7,141873.0,18916.40,,Idle,,20,,10,,,20,Go Home,False,False,False,False,False,False,False,False,False,False,False,False,33.8027920380556,-117.4659261431046,608.2,2972.0,1049.4,396.9,True,1,1,False,False,False,False,,True,False,False,Course Lock,196.8,67,16.4,93,NE,S,5.59,6.93,Calm,False,False,Android,7.0.2,M300 RTK,1ZN7L4R0H1D00F,1W9DL31001461C,1ZMLH8300204F0,1Z6PH74DAP0QN7,"Corona, CA",728.3,5.7,137.7,8.547347,2.013246,0,0,DJI Matrice 300 RTK,M300 RTK,1ZN7L4R0H1D00F,1W9DL31001461C,1ZMLH8300204F0,1Z6PH74DAP0QN7,DJI Pilot,Android,7.0.2,1EF72A62-B7C3-C88D-164E-CE6F8C8424AE,1ZN7L4R0H1D00F,1W9DL31001461C,,1ZMLH8300204F0,1W9DL31001461C,,,,,
2023-11-01,11:26:00.21 AM,1m 37.9s,97.9,33.8014873953319,-117.4671798778044,46.9,46.9,13.4,1311,623.5,5.7031,6.023145,-4.250186,0,-3.802798,1.342164,-0.223694,0,0.1,0,0.1,-136.7,223.3,223.5,Tripod,Other,,22,5,True,,True,False,,Smart,RC,False,True,False,,,True,,False,False,False,False,False,False,False,False,False,False,0,Follow Yaw,-88.9,0,-145.1,214.9,False,False,False,False,False,,0,0,False,False,No Card,100,100,1024,1351,1240,1024,2,False,False,False,False,False,0,False,False,False,False,95,,47.616,,4736,,4986,,47.616,,True,3.973,3.973,3.973,3.973,3.973,3.973,3.973,3.973,3.973,3.973,3.973,3.973,0,,False,False,True,,,,,,,,,,,,,,,False,False,9.232,,81.6,,75.7,,82.5,,1809,47,4,16,7,141873.0,18916.40,,Idle,,20,,10,,,20,Go Home,False,False,False,False,False,False,False,False,False,False,False,False,33.8027920380556,-117.4659261431046,609.0,2972.0,1049.4,396.9,True,1,1,False,False,False,False,,True,False,False,Course Lock,196.8,67,16.4,93,NE,S,5.59,6.93,Calm,False,False,Android,7.0.2,M300 RTK,1ZN7L4R0H1D00F,1W9DL31001461C,1ZMLH8300204F0,1Z6PH74DAP0QN7,"Corona, CA",728.3,5.7,137.7,8.547347,2.013246,0,0,DJI Matrice 300 RTK,M300 RTK,1ZN7L4R0H1D00F,1W9DL31001461C,1ZMLH8300204F0,1Z6PH74DAP0QN7,DJI Pilot,Android,7.0.2,1EF72A62-B7C3-C88D-164E-CE6F8C8424AE,1ZN7L4R0H1D00F,1W9DL31001461C,,1ZMLH8300204F0,1W9DL31001461C,,,,,
2023-11-01,11:26:00.34 AM,1m 38.0s,98.0,33.8014855696316,-117.4671818042144,46.9,46.9,13.4,1311,624.4,5.7031,6.023145,-4.250186,0,-3.802798,1.342164,-0.223694,0,0.1,0.2,0.2,-136.7,223.3,221.2,Tripod,Other,,22,5,True,,True,False,,Smart,RC,False,True,False,,,True,,False,False,False,False,False,False,False,False,False,False,0,Follow Yaw,-88.9,0,-145.1,214.9,False,False,False,False,False,,0,0,False,False,No Card,100,100,1024,1349,1241,1024,2,False,False,False,False,False,0,False,False,False,False,94,,47.652,,9440,,10044,,47.652,,True,3.973,3.973,3.973,3.973,3.973,3.973,3.973,3.973,3.973,3.973,3.973,3.973,0,,False,False,True,,,,,,,,,,,,,,,False,False,18.97,,82.5,,75.7,,82.5,,1809,47,4,16,7,141873.0,18916.40,,Idle,,20,,10,,,20,Go Home,False,False,False,False,False,False,False,False,False,False,False,False,33.8027920380556,-117.4659261431046,609.9,2972.0,1049.4,396.9,True,1,1,False,False,False,False,,True,False,False,Course Lock,196.8,67,16.4,93,NE,S,5.59,6.93,Calm,False,False,Android,7.0.2,M300 RTK,1ZN7L4R0H1D00F,1W9DL31001461C,1ZMLH8300204F0,1Z6PH74DAP0QN7,"Corona, CA",728.3,5.7,137.7,8.547347,2.013246,0,0,DJI Matrice 300 RTK,M300 RTK,1ZN7L4R0H1D00F,1W9DL31001461C,1ZMLH8300204F0,1Z6PH74DAP0QN7,DJI Pilot,Android,7.0.2,1EF72A62-B7C3-C88D-164E-CE6F8C8424AE,1ZN7L4R0H1D00F,1W9DL31001461C,,1ZMLH8300204F0,1W9DL31001461C,,,,,
2023-11-01,11:26:00.44 AM,1m 38.1s,98.1,33.801483692395,-117.4671836712488,46.9,46.9,13.4,1311,625.3,5.7031,6.023145,-4.250186,0,-3.802798,1.342164,-0.223694,0,0,0.3,0.3,-136.8,223.2,219.5,Tripod,Other,,22,5,True,,True,False,,Smart,RC,False,True,False,,,True,,False,False,False,False,False,False,False,False,False,False,0,Follow Yaw,-88.9,0,-145.1,214.9,False,False,False,False,False,,0,0,False,False,No Card,100,100,1024,1349,1242,1024,2,False,False,False,False,False,0,False,False,False,False,94,,47.652,,9440,,10044,,47.652,,True,3.973,3.973,3.973,3.973,3.973,3.973,3.973,3.973,3.973,3.973,3.973,3.973,0,,False,False,True,,,,,,,,,,,,,,,False,False,18.97,,82.5,,75.7,,82.5,,1809,47,4,16,7,141873.0,18916.40,,Idle,,20,,10,,,20,Go Home,False,False,False,False,False,False,False,False,False,False,False,False,33.8027920380556,-117.4659261431046,610.8,2972.0,1049.4,396.9,True,1,1,False,False,False,False,,True,False,False,Course Lock,196.8,67,16.4,93,NE,S,5.59,6.93,Calm,False,False,Android,7.0.2,M300 RTK,1ZN7L4R0H1D00F,1W9DL31001461C,1ZMLH8300204F0,1Z6PH74DAP0QN7,"Corona, CA",728.3,5.7,137.7,8.547347,2.013246,0,0,DJI Matrice 300 RTK,M300 RTK,1ZN7L4R0H1D00F,1W9DL31001461C,1ZMLH8300204F0,1Z6PH74DAP0QN7,DJI Pilot,Android,7.0.2,1EF72A62-B7C3-C88D-164E-CE6F8C8424AE,1ZN7L4R0H1D00F,1W9DL31001461C,,1ZMLH8300204F0,1W9DL31001461C,,,,,
2023-11-01,11:26:00.54 AM,1m 38.2s,98.2,33.8014818809493,-117.4671856068951,47.2,47.2,13.4,1311,626.1,5.854632,6.023145,-4.250186,0,-4.026492,1.342164,-0.223694,0,0,0.3,0.3,-136.9,223.1,221.6,Tripod,Other,,22,5,True,,True,False,,Smart,RC,False,True,False,,,True,,False,False,False,False,False,False,False,False,False,False,0,Follow Yaw,-88.9,0,-145.1,214.9,False,False,False,False,False,,0,0,False,False,No Card,100,100,1024,1349,1243,1024,2,False,False,False,False,False,0,False,False,False,False,94,,47.652,,9440,,10044,,47.652,,True,3.973,3.973,3.973,3.973,3.973,3.973,3.973,3.973,3.973,3.973,3.973,3.973,0,,False,False,True,,,,,,,,,,,,,,,False,False,18.97,,82.5,,75.7,,82.5,,1809,47,4,16,7,141873.0,18916.40,,Idle,,20,,10,,,20,Go Home,False,False,False,False,False,False,False,False,False,False,False,False,33.8027920380556,-117.4659261431046,611.7,2972.0,1049.4,396.9,True,1,1,False,False,False,False,,True,False,False,Course Lock,196.8,67,16.4,93,NE,S,5.59,6.93,Calm,False,False,Android,7.0.2,M300 RTK,1ZN7L4R0H1D00F,1W9DL31001461C,1ZMLH8300204F0,1Z6PH74DAP0QN7,"Corona, CA",728.3,5.7,137.7,8.547347,2.013246,0,0,DJI Matrice 300 RTK,M300 RTK,1ZN7L4R0H1D00F,1W9DL31001461C,1ZMLH8300204F0,1Z6PH74DAP0QN7,DJI Pilot,Android,7.0.2,1EF72A62-B7C3-C88D-164E-CE6F8C8424AE,1ZN7L4R0H1D00F,1W9DL31001461C,,1ZMLH8300204F0,1W9DL31001461C,,,,,
2023-11-01,11:26:00.64 AM,1m 38.3s,98.3,33.8014798798063,-117.4671875029576,47.2,47.2,13.4,1311,627.1,5.854632,6.023145,-4.250186,0,-4.026492,1.342164,-0.223694,0,0,0,0,-137.1,222.9,218.2,Tripod,Other,,22,5,True,,True,False,,Smart,RC,False,True,False,,,True,,False,False,False,False,False,False,False,False,False,False,0,Follow Yaw,-88.9,0,-145.1,214.9,False,False,False,False,False,,0,0,False,False,No Card,100,100,1024,1350,1243,1024,2,False,False,False,False,False,0,False,False,False,False,94,,47.652,,9440,,10044,,47.652,,True,3.972,3.972,3.972,3.972,3.972,3.972,3.972,3.972,3.972,3.972,3.972,3.972,0,,False,False,True,,,,,,,,,,,,,,,False,False,18.97,,82.5,,75.7,,82.5,,1808,47,4,16,7,142096.7,18946.23,,Idle,,20,,10,,,20,Go Home,False,False,False,False,False,False,False,False,False,False,False,False,33.8027920380556,-117.4659261431046,612.6,2972.0,1049.4,396.9,True,1,1,False,False,False,False,,True,False,False,Course Lock,196.8,67,16.4,93,NE,S,5.59,6.93,Calm,False,False,Android,7.0.2,M300 RTK,1ZN7L4R0H1D00F,1W9DL31001461C,1ZMLH8300204F0,1Z6PH74DAP0QN7,"Corona, CA",728.3,5.7,137.7,8.547347,2.013246,0,0,DJI Matrice 300 RTK,M300 RTK,1ZN7L4R0H1D00F,1W9DL31001461C,1ZMLH8300204F0,1Z6PH74DAP0QN7,DJI Pilot,Android,7.0.2,1EF72A62-B7C3-C88D-164E-CE6F8C8424AE,1ZN7L4R0H1D00F,1W9DL31001461C,,1ZMLH8300204F0,1W9DL31001461C,,,,,
2023-11-01,11:26:00.74 AM,1m 38.4s,98.4,33.8014780595886,-117.4671894333259,47.2,47.2,13.4,1311,628.0,5.7031,6.023145,-4.250186,0,-3.802798,1.342164,-0.223694,0,0.2,-0.2,0.2,-137.2,222.8,221.3,Tripod,Other,,22,5,True,,True,False,,Smart,RC,False,True,False,,,True,,False,False,False,False,False,False,False,False,False,False,0,Follow Yaw,-88.9,0,-145.1,214.9,False,False,False,False,False,,0,0,False,False,No Card,100,100,1024,1349,1246,1024,2,False,False,False,False,False,0,False,False,False,False,94,,47.652,,9440,,10044,,47.652,,True,3.972,3.972,3.972,3.972,3.972,3.972,3.972,3.972,3.972,3.972,3.972,3.972,0,,False,False,True,,,,,,,,,,,,,,,False,False,18.97,,82.5,,75.7,,82.5,,1808,47,4,16,7,142096.7,18946.23,,Idle,,20,,10,,,20,Go Home,False,False,False,False,False,False,False,False,False,False,False,False,33.8027920380556,-117.4659261431046,613.5,2972.0,1049.4,396.9,True,1,1,False,False,False,False,,True,False,False,Course Lock,196.8,67,16.4,93,NE,S,5.59,6.93,Calm,False,False,Android,7.0.2,M300 RTK,1ZN7L4R0H1D00F,1W9DL31001461C,1ZMLH8300204F0,1Z6PH74DAP0QN7,"Corona, CA",728.3,5.7,137.7,8.547347,2.013246,0,0,DJI Matrice 300 RTK,M300 RTK,1ZN7L4R0H1D00F,1W9DL31001461C,1ZMLH8300204F0,1Z6PH74DAP0QN7,DJI Pilot,Android,7.0.2,1EF72A62-B7C3-C88D-164E-CE6F8C8424AE,1ZN7L4R0H1D00F,1W9DL31001461C,,1ZMLH8300204F0,1W9DL31001461C,,,,,
2023-11-01,11:26:00.84 AM,1m 38.5s,98.5,33.8014763835627,-117.4671914389034,47.2,47.2,13.4,1311,628.8,5.7031,6.023145,-4.250186,0,-3.802798,1.342164,-0.223694,0,0.2,-0.5,0.5,-137.3,222.7,224.8,Tripod,Other,,22,5,True,,True,False,,Smart,RC,False,True,False,,,True,,False,False,False,False,False,False,False,False,False,False,0,Follow Yaw,-88.9,0,-145.1,214.9,False,False,False,False,False,,0,0,False,False,No Card,100,100,1024,1349,1253,1024,2,False,False,False,False,False,0,False,False,False,False,94,,47.652,,9440,,10044,,47.652,,True,3.972,3.972,3.972,3.972,3.972,3.972,3.972,3.972,3.972,3.972,3.972,3.972,0,,False,False,True,,,,,,,,,,,,,,,False,False,18.97,,82.5,,75.7,,82.5,,1808,47,4,16,7,142096.7,18946.23,,Idle,,20,,10,,,20,Go Home,False,False,False,False,False,False,False,False,False,False,False,False,33.8027920380556,-117.4659261431046,614.4,2972.0,1049.4,396.9,True,1,1,False,False,False,False,,True,False,False,Course Lock,196.8,67,16.4,93,NE,S,5.59,6.93,Calm,False,False,Android,7.0.2,M300 RTK,1ZN7L4R0H1D00F,1W9DL31001461C,1ZMLH8300204F0,1Z6PH74DAP0QN7,"Corona, CA",728.3,5.7,137.7,8.547347,2.013246,0,0,DJI Matrice 300 RTK,M300 RTK,1ZN7L4R0H1D00F,1W9DL31001461C,1ZMLH8300204F0,1Z6PH74DAP0QN7,DJI Pilot,Android,7.0.2,1EF72A62-B7C3-C88D-164E-CE6F8C8424AE,1ZN7L4R0H1D00F,1W9DL31001461C,,1ZMLH8300204F0,1W9DL31001461C,,,,,
2023-11-01,11:26:00.94 AM,1m 38.6s,98.6,33.8014745852753,-117.4671933547578,47.2,47.2,13.4,1311,629.7,5.7031,6.023145,-4.250186,0,-3.802798,1.342164,-0.447388,0,0,-0.6,0.6,-137.3,222.7,221.5,Tripod,Other,,22,5,True,,True,False,,Smart,RC,False,True,False,,,True,,False,False,False,False,False,False,False,False,False,False,0,Follow Yaw,-88.9,0,-145.1,214.9,False,False,False,False,False,,0,0,False,False,No Card,100,100,1024,1347,1263,1024,2,False,False,False,False,False,0,False,False,False,False,94,,47.652,,9440,,10044,,47.652,,True,3.972,3.972,3.972,3.972,3.972,3.972,3.972,3.972,3.972,3.972,3.972,3.972,0,,False,False,True,,,,,,,,,,,,,,,False,False,18.97,,82.5,,75.7,,82.5,,1808,47,4,16,7,142096.7,18946.23,,Idle,,20,,10,,,20,Go Home,False,False,False,False,False,False,False,False,False,False,False,False,33.8027920380556,-117.4659261431046,615.2,2972.0,1049.4,396.9,True,1,1,False,False,False,False,,True,False,False,Course Lock,196.8,67,16.4,93,NE,S,5.59,6.93,Calm,False,False,Android,7.0.2,M300 RTK,1ZN7L4R0H1D00F,1W9DL31001461C,1ZMLH8300204F0,1Z6PH74DAP0QN7,"Corona, CA",728.3,5.7,137.7,8.547347,2.013246,0,0,DJI Matrice 300 RTK,M300 RTK,1ZN7L4R0H1D00F,1W9DL31001461C,1ZMLH8300204F0,1Z6PH74DAP0QN7,DJI Pilot,Android,7.0.2,1EF72A62-B7C3-C88D-164E-CE6F8C8424AE,1ZN7L4R0H1D00F,1W9DL31001461C,,1ZMLH8300204F0,1W9DL31001461C,,,,,
2023-11-01,11:26:01.03 AM,1m 38.7s,98.7,33.8014729662684,-117.4671952567578,47.5,47.5,13.4,1311,630.5,5.7031,6.023145,-4.250186,0,-3.802798,1.342164,-0.447388,0,-0.2,-0.5,0.5,-137.3,222.7,224.3,Tripod,Other,,22,5,True,,True,False,,Smart,RC,False,True,False,,,True,,False,False,False,False,False,False,False,False,False,False,0,Follow Yaw,-88.9,0,-145.1,214.9,False,False,False,False,False,,0,0,False,False,No Card,100,100,1024,1346,1259,1024,2,False,False,False,False,False,0,False,False,False,False,94,,47.628,,4686,,4986,,47.628,,True,3.972,3.972,3.972,3.972,3.972,3.972,3.972,3.972,3.972,3.972,3.972,3.972,0,,False,False,True,,,,,,,,,,,,,,,False,False,9.27,,81.8,,75.7,,82.5,,1808,47,4,16,7,142096.7,18946.23,,Idle,,20,,10,,,20,Go Home,False,False,False,False,False,False,False,False,False,False,False,False,33.8027920380556,-117.4659261431046,616.1,2972.0,1049.4,396.9,True,1,1,False,False,False,False,,True,False,False,Course Lock,196.8,67,16.4,93,NE,S,5.59,6.93,Calm,False,False,Android,7.0.2,M300 RTK,1ZN7L4R0H1D00F,1W9DL31001461C,1ZMLH8300204F0,1Z6PH74DAP0QN7,"Corona, CA",728.3,5.7,137.7,8.547347,2.013246,0,0,DJI Matrice 300 RTK,M300 RTK,1ZN7L4R0H1D00F,1W9DL31001461C,1ZMLH8300204F0,1Z6PH74DAP0QN7,DJI Pilot,Android,7.0.2,1EF72A62-B7C3-C88D-164E-CE6F8C8424AE,1ZN7L4R0H1D00F,1W9DL31001461C,,1ZMLH8300204F0,1W9DL31001461C,,,,,
2023-11-01,11:26:01.13 AM,1m 38.8s,98.8,33.8014711783979,-117.4671971449035,47.5,47.5,13.4,1311,631.4,5.7031,6.023145,-4.250186,0,-3.802798,1.342164,-0.447388,0,-0.5,-0.4,0.6,-137.3,222.7,221.2,Tripod,Other,,22,5,True,,True,False,,Smart,RC,False,True,False,,,True,,False,False,False,False,False,False,False,False,False,False,0,Follow Yaw,-88.9,0,-145.1,214.9,False,False,False,False,False,,0,0,False,False,No Card,100,100,1024,1344,1254,1024,2,False,False,False,False,False,0,False,False,False,False,94,,47.628,,4686,,4986,,47.628,,True,3.972,3.972,3.972,3.972,3.972,3.972,3.972,3.972,3.972,3.972,3.972,3.972,0,,False,False,True,,,,,,,,,,,,,,,False,False,9.27,,81.8,,75.7,,82.5,,1808,47,4,16,7,142096.7,18946.23,,Idle,,20,,10,,,20,Go Home,False,False,False,False,False,False,False,False,False,False,False,False,33.8027920380556,-117.4659261431046,616.9,2972.0,1049.4,396.9,True,1,1,False,False,False,False,,True,False,False,Course Lock,196.8,67,16.4,93,NE,S,5.59,6.93,Calm,False,False,Android,7.0.2,M300 RTK,1ZN7L4R0H1D00F,1W9DL31001461C,1ZMLH8300204F0,1Z6PH74DAP0QN7,"Corona, CA",728.3,5.7,137.7,8.547347,2.013246,0,0,DJI Matrice 300 RTK,M300 RTK,1ZN7L4R0H1D00F,1W9DL31001461C,1ZMLH8300204F0,1Z6PH74DAP0QN7,DJI Pilot,Android,7.0.2,1EF72A62-B7C3-C88D-164E-CE6F8C8424AE,1ZN7L4R0H1D00F,1W9DL31001461C,,1ZMLH8300204F0,1W9DL31001461C,,,,,
2023-11-01,11:26:01.24 AM,1m 38.9s,98.9,33.8014690676032,-117.4671990376673,47.5,47.5,13.4,1311,632.3,5.7031,6.023145,-4.250186,0,-3.802798,1.342164,-0.447388,0,-0.5,-0.1,0.5,-137.2,222.8,216.6,Tripod,Other,,22,5,True,,True,False,,Smart,RC,False,True,False,,,True,,False,False,False,False,False,False,False,False,False,False,0,Follow Yaw,-88.9,0,-145.1,214.9,False,False,False,False,False,,0,0,False,False,No Card,100,100,1024,1337,1253,1024,2,False,False,False,False,False,0,False,False,False,False,94,,47.628,,4686,,4986,,47.628,,True,3.972,3.972,3.972,3.972,3.972,3.972,3.972,3.972,3.972,3.972,3.972,3.972,0,,False,False,True,,,,,,,,,,,,,,,False,False,9.27,,81.8,,75.7,,82.5,,1808,47,4,16,7,142096.7,18946.23,,Idle,,20,,10,,,20,Go Home,False,False,False,False,False,False,False,False,False,False,False,False,33.8027920380556,-117.4659261431046,617.9,2972.0,1049.4,396.9,True,1,1,False,False,False,False,,True,False,False,Course Lock,196.8,67,16.4,93,NE,S,5.59,6.93,Calm,False,False,Android,7.0.2,M300 RTK,1ZN7L4R0H1D00F,1W9DL31001461C,1ZMLH8300204F0,1Z6PH74DAP0QN7,"Corona, CA",728.3,5.7,137.7,8.547347,2.013246,0,0,DJI Matrice 300 RTK,M300 RTK,1ZN7L4R0H1D00F,1W9DL31001461C,1ZMLH8300204F0,1Z6PH74DAP0QN7,DJI Pilot,Android,7.0.2,1EF72A62-B7C3-C88D-164E-CE6F8C8424AE,1ZN7L4R0H1D00F,1W9DL31001461C,,1ZMLH8300204F0,1W9DL31001461C,,,,,
2023-11-01,11:26:01.33 AM,1m 39.0s,99.0,33.8014672484819,-117.4672009198754,47.5,47.5,13.4,1311,633.2,5.7031,6.023145,-4.250186,0,-3.802798,1.342164,-0.447388,0,-0.5,0.2,0.5,-137.2,222.8,220.6,Tripod,Other,,22,5,True,,True,False,,Smart,RC,False,True,False,,,True,,False,False,False,False,False,False,False,False,False,False,0,Follow Yaw,-88.9,0,-145.1,214.9,False,False,False,False,False,,0,0,False,False,No Card,100,100,1024,1335,1253,1024,2,False,False,False,False,False,0,False,False,False,False,94,,47.64,,9440,,10044,,47.64,,True,3.972,3.972,3.972,3.972,3.972,3.972,3.972,3.972,3.972,3.972,3.972,3.972,0,,False,False,True,,,,,,,,,,,,,,,False,False,19.024,,82.7,,75.7,,82.7,,1808,47,4,16,7,142096.7,18946.23,,Idle,,20,,10,,,20,Go Home,False,False,False,False,False,False,False,False,False,False,False,False,33.8027920380556,-117.4659261431046,618.8,2972.0,1049.4,396.9,True,1,1,False,False,False,False,,True,False,False,Course Lock,196.8,67,16.4,93,NE,S,5.59,6.93,Calm,False,False,Android,7.0.2,M300 RTK,1ZN7L4R0H1D00F,1W9DL31001461C,1ZMLH8300204F0,1Z6PH74DAP0QN7,"Corona, CA",728.3,5.7,137.7,8.547347,2.013246,0,0,DJI Matrice 300 RTK,M300 RTK,1ZN7L4R0H1D00F,1W9DL31001461C,1ZMLH8300204F0,1Z6PH74DAP0QN7,DJI Pilot,Android,7.0.2,1EF72A62-B7C3-C88D-164E-CE6F8C8424AE,1ZN7L4R0H1D00F,1W9DL31001461C,,1ZMLH8300204F0,1W9DL31001461C,,,,,
2023-11-01,11:26:01.44 AM,1m 39.1s,99.1,33.801465616865,-117.4672029261128,47.9,47.9,13.4,1312,634.1,5.7031,6.023145,-4.250186,0,-3.802798,1.342164,-0.447388,0,-0.5,0.1,0.5,-137.2,222.8,225.6,Tripod,Other,,22,5,True,,True,False,,Smart,RC,False,True,False,,,True,,False,False,False,False,False,False,False,False,False,False,0,Follow Yaw,-88.9,0,-145.1,214.9,False,False,False,False,False,,0,0,False,False,No Card,100,100,1024,1337,1282,1024,2,False,False,False,False,False,0,False,False,False,False,94,,47.64,,9440,,10044,,47.64,,True,3.972,3.972,3.972,3.972,3.972,3.972,3.972,3.972,3.972,3.972,3.972,3.972,0,,False,False,True,,,,,,,,,,,,,,,False,False,19.024,,82.7,,75.7,,82.7,,1808,47,4,16,7,142096.7,18946.23,,Idle,,20,,10,,,20,Go Home,False,False,False,False,False,False,False,False,False,False,False,False,33.8027920380556,-117.4659261431046,619.6,2972.0,1049.4,396.9,True,1,1,False,False,False,False,,True,False,False,Course Lock,196.8,67,16.4,93,NE,S,5.59,6.93,Calm,False,False,Android,7.0.2,M300 RTK,1ZN7L4R0H1D00F,1W9DL31001461C,1ZMLH8300204F0,1Z6PH74DAP0QN7,"Corona, CA",728.3,5.7,137.7,8.547347,2.013246,0,0,DJI Matrice 300 RTK,M300 RTK,1ZN7L4R0H1D00F,1W9DL31001461C,1ZMLH8300204F0,1Z6PH74DAP0QN7,DJI Pilot,Android,7.0.2,1EF72A62-B7C3-C88D-164E-CE6F8C8424AE,1ZN7L4R0H1D00F,1W9DL31001461C,,1ZMLH8300204F0,1W9DL31001461C,,,,,
2023-11-01,11:26:01.54 AM,1m 39.2s,99.2,33.8014638191259,-117.4672048254739,47.9,47.9,13.4,1312,634.9,5.7031,6.023145,-4.250186,0,-3.802798,1.342164,-0.447388,0,-0.4,-0.1,0.4,-137.1,222.9,221.2,Tripod,Other,,22,5,True,,True,False,,Smart,RC,False,True,False,,,True,,False,False,False,False,False,False,False,False,False,False,0,Follow Yaw,-88.9,0,-145.1,214.9,False,False,False,False,False,,0,0,False,False,No Card,100,100,1024,1338,1299,1024,2,False,False,False,False,False,0,False,False,False,False,94,,47.64,,9440,,10044,,47.64,,True,3.972,3.972,3.972,3.972,3.972,3.972,3.972,3.972,3.972,3.972,3.972,3.972,0,,False,False,True,,,,,,,,,,,,,,,False,False,19.024,,82.7,,75.7,,82.7,,1808,47,4,16,7,142096.7,18946.23,,Idle,,20,,10,,,20,Go Home,False,False,False,False,False,False,False,False,False,False,False,False,33.8027920380556,-117.4659261431046,620.5,2972.0,1049.4,396.9,True,1,1,False,False,False,False,,True,False,False,Course Lock,196.8,67,16.4,93,NE,S,5.59,6.93,Calm,False,False,Android,7.0.2,M300 RTK,1ZN7L4R0H1D00F,1W9DL31001461C,1ZMLH8300204F0,1Z6PH74DAP0QN7,"Corona, CA",728.3,5.7,137.7,8.547347,2.013246,0,0,DJI Matrice 300 RTK,M300 RTK,1ZN7L4R0H1D00F,1W9DL31001461C,1ZMLH8300204F0,1Z6PH74DAP0QN7,DJI Pilot,Android,7.0.2,1EF72A62-B7C3-C88D-164E-CE6F8C8424AE,1ZN7L4R0H1D00F,1W9DL31001461C,,1ZMLH8300204F0,1W9DL31001461C,,,,,
2023-11-01,11:26:01.64 AM,1m 39.3s,99.3,33.8014620252245,-117.4672067525436,47.9,47.9,13.1,1312,635.8,5.7031,6.023145,-4.250186,0,-3.802798,1.342164,-0.447388,0,-0.3,-0.1,0.3,-137.1,222.9,221.7,Tripod,Other,,22,5,True,,True,False,,Smart,RC,False,True,False,,,True,,False,False,False,False,False,False,False,False,False,False,0,Follow Yaw,-88.9,0,-145.1,214.9,False,False,False,False,False,,0,0,False,False,No Card,100,100,1024,1339,1317,1024,2,False,False,False,False,False,0,False,False,False,False,94,,47.64,,9440,,10044,,47.64,,True,3.971,3.971,3.971,3.971,3.971,3.971,3.971,3.971,3.971,3.971,3.971,3.971,0,,False,False,True,,,,,,,,,,,,,,,False,False,19.024,,82.7,,75.7,,82.7,,1806,47,4,16,7,142250.6,18966.75,,Idle,,20,,10,,,20,Go Home,False,False,False,False,False,False,False,False,False,False,False,False,33.8027920380556,-117.4659261431046,621.3,2972.0,1049.4,396.9,True,1,1,False,False,False,False,,True,False,False,Course Lock,196.8,67,16.4,93,NE,S,5.59,6.93,Calm,False,False,Android,7.0.2,M300 RTK,1ZN7L4R0H1D00F,1W9DL31001461C,1ZMLH8300204F0,1Z6PH74DAP0QN7,"Corona, CA",728.3,5.7,137.7,8.547347,2.013246,0,0,DJI Matrice 300 RTK,M300 RTK,1ZN7L4R0H1D00F,1W9DL31001461C,1ZMLH8300204F0,1Z6PH74DAP0QN7,DJI Pilot,Android,7.0.2,1EF72A62-B7C3-C88D-164E-CE6F8C8424AE,1ZN7L4R0H1D00F,1W9DL31001461C,,1ZMLH8300204F0,1W9DL31001461C,,,,,
2023-11-01,11:26:01.75 AM,1m 39.4s,99.4,33.8014602280336,-117.4672086650994,47.9,47.9,13.4,1312,636.7,5.7031,6.023145,-4.250186,0,-3.802798,1.342164,-0.447388,0,-0.5,-0.1,0.5,-137,223,221.4,Tripod,Other,,22,5,True,,True,False,,Smart,RC,False,True,False,,,True,,False,False,False,False,False,False,False,False,False,False,0,Follow Yaw,-88.9,0,-145.1,214.9,False,False,False,False,False,,0,0,False,False,No Card,100,100,1024,1343,1326,1024,2,False,False,False,False,False,0,False,False,False,False,94,,47.64,,9440,,10044,,47.64,,True,3.971,3.971,3.971,3.971,3.971,3.971,3.971,3.971,3.971,3.971,3.971,3.971,0,,False,False,True,,,,,,,,,,,,,,,False,False,19.024,,82.7,,75.7,,82.7,,1806,47,4,16,7,142250.6,18966.75,,Idle,,20,,10,,,20,Go Home,False,False,False,False,False,False,False,False,False,False,False,False,33.8027920380556,-117.4659261431046,622.2,2972.0,1049.4,396.9,True,1,1,False,False,False,False,,True,False,False,Course Lock,196.8,67,16.4,93,NE,S,5.59,6.93,Calm,False,False,Android,7.0.2,M300 RTK,1ZN7L4R0H1D00F,1W9DL31001461C,1ZMLH8300204F0,1Z6PH74DAP0QN7,"Corona, CA",728.3,5.7,137.7,8.547347,2.013246,0,0,DJI Matrice 300 RTK,M300 RTK,1ZN7L4R0H1D00F,1W9DL31001461C,1ZMLH8300204F0,1Z6PH74DAP0QN7,DJI Pilot,Android,7.0.2,1EF72A62-B7C3-C88D-164E-CE6F8C8424AE,1ZN7L4R0H1D00F,1W9DL31001461C,,1ZMLH8300204F0,1W9DL31001461C,,,,,
2023-11-01,11:26:01.85 AM,1m 39.5s,99.5,33.8014582943264,-117.4672106086624,48.2,48.2,13.4,1312,637.6,5.7031,6.023145,-4.250186,0,-3.802798,1.342164,-0.447388,0,-0.5,-0.1,0.5,-136.9,223.1,219.8,Tripod,Other,,22,5,True,,True,False,,Smart,RC,False,True,False,,,True,,False,False,False,False,False,False,False,False,False,False,0,Follow Yaw,-88.9,0,-145.1,214.9,False,False,False,False,False,,0,0,False,False,No Card,100,100,1024,1344,1324,1024,2,False,False,False,False,False,0,False,False,False,False,94,,47.64,,9440,,10044,,47.64,,True,3.971,3.971,3.971,3.971,3.971,3.971,3.971,3.971,3.971,3.971,3.971,3.971,0,,False,False,True,,,,,,,,,,,,,,,False,False,19.024,,82.7,,75.7,,82.7,,1806,47,4,16,7,142250.6,18966.75,,Idle,,20,,10,,,20,Go Home,False,False,False,False,False,False,False,False,False,False,False,False,33.8027920380556,-117.4659261431046,623.1,2972.0,1049.4,396.9,True,1,1,False,False,False,False,,True,False,False,Course Lock,196.8,67,16.4,93,NE,S,5.59,6.93,Calm,False,False,Android,7.0.2,M300 RTK,1ZN7L4R0H1D00F,1W9DL31001461C,1ZMLH8300204F0,1Z6PH74DAP0QN7,"Corona, CA",728.3,5.7,137.7,8.547347,2.013246,0,0,DJI Matrice 300 RTK,M300 RTK,1ZN7L4R0H1D00F,1W9DL31001461C,1ZMLH8300204F0,1Z6PH74DAP0QN7,DJI Pilot,Android,7.0.2,1EF72A62-B7C3-C88D-164E-CE6F8C8424AE,1ZN7L4R0H1D00F,1W9DL31001461C,,1ZMLH8300204F0,1W9DL31001461C,,,,,
2023-11-01,11:26:01.95 AM,1m 39.6s,99.6,33.801456496039,-117.4672125324336,48.2,48.2,13.4,1312,638.5,5.7031,6.023145,-4.250186,0,-3.802798,1.342164,-0.447388,0,-0.3,-0.3,0.4,-136.8,223.2,221.6,Tripod,Other,,22,5,True,,True,False,,Smart,RC,False,True,False,,,True,,False,False,False,False,False,False,False,False,False,False,0,Follow Yaw,-88.9,0,-145.1,214.9,False,False,False,False,False,,0,0,False,False,No Card,100,100,1024,1348,1319,1024,2,False,False,False,False,False,0,False,False,False,False,94,,47.64,,9440,,10044,,47.64,,True,3.971,3.971,3.971,3.971,3.971,3.971,3.971,3.971,3.971,3.971,3.971,3.971,0,,False,False,True,,,,,,,,,,,,,,,False,False,19.024,,82.7,,75.7,,82.7,,1806,47,4,16,7,142250.6,18966.75,,Idle,,20,,10,,,20,Go Home,False,False,False,False,False,False,False,False,False,False,False,False,33.8027920380556,-117.4659261431046,624.0,2972.0,1049.4,396.9,True,1,1,False,False,False,False,,True,False,False,Course Lock,196.8,67,16.4,93,NE,S,5.59,6.93,Calm,False,False,Android,7.0.2,M300 RTK,1ZN7L4R0H1D00F,1W9DL31001461C,1ZMLH8300204F0,1Z6PH74DAP0QN7,"Corona, CA",728.3,5.7,137.7,8.547347,2.013246,0,0,DJI Matrice 300 RTK,M300 RTK,1ZN7L4R0H1D00F,1W9DL31001461C,1ZMLH8300204F0,1Z6PH74DAP0QN7,DJI Pilot,Android,7.0.2,1EF72A62-B7C3-C88D-164E-CE6F8C8424AE,1ZN7L4R0H1D00F,1W9DL31001461C,,1ZMLH8300204F0,1W9DL31001461C,,,,,
2023-11-01,11:26:02.05 AM,1m 39.7s,99.7,33.8014547251645,-117.4672144397114,48.2,48.2,13.4,1312,639.4,5.7031,6.023145,-4.250186,0,-3.802798,1.342164,-0.447388,0,-0.3,-0.9,0.9,-136.9,223.1,221.8,Tripod,Other,,22,5,True,,True,False,,Smart,RC,False,True,False,,,True,,False,False,False,False,False,False,False,False,False,False,0,Follow Yaw,-88.9,0,-145.1,214.9,False,False,False,False,False,,0,0,False,False,No Card,100,100,1024,1354,1310,1024,2,False,False,False,False,False,0,False,False,False,False,94,,47.64,,9440,,10044,,47.64,,True,3.971,3.971,3.971,3.971,3.971,3.971,3.971,3.971,3.971,3.971,3.971,3.971,0,,False,False,True,,,,,,,,,,,,,,,False,False,19.024,,82.7,,75.7,,82.7,,1806,47,4,16,7,142250.6,18966.75,,Idle,,20,,10,,,20,Go Home,False,False,False,False,False,False,False,False,False,False,False,False,33.8027920380556,-117.4659261431046,624.9,2972.0,1049.4,396.9,True,1,1,False,False,False,False,,True,False,False,Course Lock,196.8,67,16.4,93,NE,S,5.59,6.93,Calm,False,False,Android,7.0.2,M300 RTK,1ZN7L4R0H1D00F,1W9DL31001461C,1ZMLH8300204F0,1Z6PH74DAP0QN7,"Corona, CA",728.3,5.7,137.7,8.547347,2.013246,0,0,DJI Matrice 300 RTK,M300 RTK,1ZN7L4R0H1D00F,1W9DL31001461C,1ZMLH8300204F0,1Z6PH74DAP0QN7,DJI Pilot,Android,7.0.2,1EF72A62-B7C3-C88D-164E-CE6F8C8424AE,1ZN7L4R0H1D00F,1W9DL31001461C,,1ZMLH8300204F0,1W9DL31001461C,,,,,
2023-11-01,11:26:02.16 AM,1m 39.8s,99.8,33.8014529307148,-117.4672163463295,48.2,48.2,13.4,1312,640.2,5.7031,6.023145,-4.250186,0,-3.802798,1.342164,-0.447388,0,-0.6,-1.1,1.2,-136.8,223.2,221.4,Tripod,Other,,22,5,True,,True,False,,Smart,RC,False,True,False,,,True,,False,False,False,False,False,False,False,False,False,False,0,Follow Yaw,-88.9,0,-145.1,214.9,False,False,False,False,False,,0,0,False,False,No Card,100,100,1024,1356,1299,1024,2,False,False,False,False,False,0,False,False,False,False,94,,47.64,,9440,,10044,,47.64,,True,3.971,3.971,3.971,3.971,3.971,3.971,3.971,3.971,3.971,3.971,3.971,3.971,0,,False,False,True,,,,,,,,,,,,,,,False,False,19.024,,82.7,,75.7,,82.7,,1806,47,4,16,7,142250.6,18966.75,,Idle,,20,,10,,,20,Go Home,False,False,False,False,False,False,False,False,False,False,False,False,33.8027920380556,-117.4659261431046,625.8,2972.0,1049.4,396.9,True,1,1,False,False,False,False,,True,False,False,Course Lock,196.8,67,16.4,93,NE,S,5.59,6.93,Calm,False,False,Android,7.0.2,M300 RTK,1ZN7L4R0H1D00F,1W9DL31001461C,1ZMLH8300204F0,1Z6PH74DAP0QN7,"Corona, CA",728.3,5.7,137.7,8.547347,2.013246,0,0,DJI Matrice 300 RTK,M300 RTK,1ZN7L4R0H1D00F,1W9DL31001461C,1ZMLH8300204F0,1Z6PH74DAP0QN7,DJI Pilot,Android,7.0.2,1EF72A62-B7C3-C88D-164E-CE6F8C8424AE,1ZN7L4R0H1D00F,1W9DL31001461C,,1ZMLH8300204F0,1W9DL31001461C,,,,,
2023-11-01,11:26:02.26 AM,1m 39.9s,99.9,33.8014511450374,-117.4672182305168,48.5,48.5,13.4,1312,641.1,5.7031,6.023145,-4.250186,0,-3.802798,1.342164,-0.447388,0,-1,-0.9,1.3,-136.7,223.3,221.2,Tripod,Other,,22,5,True,,True,False,,Smart,RC,False,True,False,,,True,,False,False,False,False,False,False,False,False,False,False,0,Follow Yaw,-88.9,0,-145.1,214.9,False,False,False,False,False,,0,0,False,False,No Card,100,100,1024,1356,1295,1024,2,False,False,False,False,False,0,False,False,False,False,94,,47.64,,9440,,10044,,47.64,,True,3.971,3.971,3.971,3.971,3.971,3.971,3.971,3.971,3.971,3.971,3.971,3.971,0,,False,False,True,,,,,,,,,,,,,,,False,False,19.024,,82.7,,75.7,,82.7,,1806,47,4,16,7,142250.6,18966.75,,Idle,,20,,10,,,20,Go Home,False,False,False,False,False,False,False,False,False,False,False,False,33.8027920380556,-117.4659261431046,626.6,2972.0,1049.4,396.9,True,1,1,False,False,False,False,,True,False,False,Course Lock,196.8,67,16.4,93,NE,S,5.59,6.93,Calm,False,False,Android,7.0.2,M300 RTK,1ZN7L4R0H1D00F,1W9DL31001461C,1ZMLH8300204F0,1Z6PH74DAP0QN7,"Corona, CA",728.3,5.7,137.7,8.547347,2.013246,0,0,DJI Matrice 300 RTK,M300 RTK,1ZN7L4R0H1D00F,1W9DL31001461C,1ZMLH8300204F0,1Z6PH74DAP0QN7,DJI Pilot,Android,7.0.2,1EF72A62-B7C3-C88D-164E-CE6F8C8424AE,1ZN7L4R0H1D00F,1W9DL31001461C,,1ZMLH8300204F0,1W9DL31001461C,,,,,
2023-11-01,11:26:02.36 AM,1m 40.0s,100.0,33.8014493286574,-117.4672201213015,48.5,48.5,13.4,1312,642.0,5.7031,6.023145,-4.250186,0,-3.802798,1.342164,-0.447388,0,-1,-0.1,1,-136.5,223.5,220.8,Tripod,Other,,22,5,True,,True,False,,Smart,RC,False,True,False,,,True,,False,False,False,False,False,False,False,False,False,False,0,Follow Yaw,-88.9,0,-145.1,214.9,False,False,False,False,False,,0,0,False,False,No Card,100,100,1024,1353,1295,1024,2,False,False,False,False,False,0,False,False,False,False,94,,47.616,,4686,,4986,,47.616,,True,3.971,3.971,3.971,3.971,3.971,3.971,3.971,3.971,3.971,3.971,3.971,3.971,0,,False,False,True,,,,,,,,,,,,,,,False,False,9.312,,81.8,,75.7,,82.7,,1806,47,4,16,7,142250.6,18966.75,,Idle,,20,,10,,,20,Go Home,False,False,False,False,False,False,False,False,False,False,False,False,33.8027920380556,-117.4659261431046,627.5,2972.0,1049.4,396.9,True,1,1,False,False,False,False,,True,False,False,Course Lock,196.8,67,16.4,93,NE,S,5.59,6.93,Calm,False,False,Android,7.0.2,M300 RTK,1ZN7L4R0H1D00F,1W9DL31001461C,1ZMLH8300204F0,1Z6PH74DAP0QN7,"Corona, CA",728.3,5.7,137.7,8.547347,2.013246,0,0,DJI Matrice 300 RTK,M300 RTK,1ZN7L4R0H1D00F,1W9DL31001461C,1ZMLH8300204F0,1Z6PH74DAP0QN7,DJI Pilot,Android,7.0.2,1EF72A62-B7C3-C88D-164E-CE6F8C8424AE,1ZN7L4R0H1D00F,1W9DL31001461C,,1ZMLH8300204F0,1W9DL31001461C,,,,,
2023-11-01,11:26:02.47 AM,1m 40.1s,100.1,33.8014476416664,-117.4672219659051,48.5,48.5,13.4,1312,642.8,5.7031,6.023145,-4.250186,0,-3.802798,1.342164,-0.447388,0,-0.7,0.4,0.8,-136.5,223.5,222.2,Tripod,Other,,22,5,True,,True,False,,Smart,RC,False,True,False,,,True,,False,False,False,False,False,False,False,False,False,False,0,Follow Yaw,-88.9,0,-145.1,214.9,False,False,False,False,False,,0,0,False,False,No Card,100,100,1024,1353,1299,1024,2,False,False,False,False,False,0,False,False,False,False,94,,47.616,,4686,,4986,,47.616,,True,3.971,3.971,3.971,3.971,3.971,3.971,3.971,3.971,3.971,3.971,3.971,3.971,0,,False,False,True,,,,,,,,,,,,,,,False,False,9.312,,81.8,,75.7,,82.7,,1806,47,4,16,7,142250.6,18966.75,,Idle,,20,,10,,,20,Go Home,False,False,False,False,False,False,False,False,False,False,False,False,33.8027920380556,-117.4659261431046,628.3,2972.0,1049.4,396.9,True,1,1,False,False,False,False,,True,False,False,Course Lock,196.8,67,16.4,93,NE,S,5.59,6.93,Calm,False,False,Android,7.0.2,M300 RTK,1ZN7L4R0H1D00F,1W9DL31001461C,1ZMLH8300204F0,1Z6PH74DAP0QN7,"Corona, CA",728.3,5.7,137.7,8.547347,2.013246,0,0,DJI Matrice 300 RTK,M300 RTK,1ZN7L4R0H1D00F,1W9DL31001461C,1ZMLH8300204F0,1Z6PH74DAP0QN7,DJI Pilot,Android,7.0.2,1EF72A62-B7C3-C88D-164E-CE6F8C8424AE,1ZN7L4R0H1D00F,1W9DL31001461C,,1ZMLH8300204F0,1W9DL31001461C,,,,,
2023-11-01,11:26:02.57 AM,1m 40.2s,100.2,33.8014458324138,-117.4672238857179,48.8,48.8,13.4,1313,643.7,5.7031,6.023145,-4.250186,0,-3.802798,1.342164,-0.447388,0,-0.5,0.5,0.7,-136.6,223.4,221.4,Tripod,Other,,22,5,True,,True,False,,Smart,RC,False,True,False,,,True,,False,False,False,False,False,False,False,False,False,False,0,Follow Yaw,-88.9,0,-145.1,214.9,False,False,False,False,False,,0,0,False,False,No Card,100,100,1024,1353,1299,1024,2,False,False,False,False,False,0,False,False,False,False,94,,47.616,,4686,,4986,,47.616,,True,3.971,3.971,3.971,3.971,3.971,3.971,3.971,3.971,3.971,3.971,3.971,3.971,0,,False,False,True,,,,,,,,,,,,,,,False,False,9.312,,81.8,,75.7,,82.7,,1806,47,4,16,7,142250.6,18966.75,,Idle,,20,,10,,,20,Go Home,False,False,False,False,False,False,False,False,False,False,False,False,33.8027920380556,-117.4659261431046,629.2,2972.0,1049.4,396.9,True,1,1,False,False,False,False,,True,False,False,Course Lock,196.8,67,16.4,93,NE,S,5.59,6.93,Calm,False,False,Android,7.0.2,M300 RTK,1ZN7L4R0H1D00F,1W9DL31001461C,1ZMLH8300204F0,1Z6PH74DAP0QN7,"Corona, CA",728.3,5.7,137.7,8.547347,2.013246,0,0,DJI Matrice 300 RTK,M300 RTK,1ZN7L4R0H1D00F,1W9DL31001461C,1ZMLH8300204F0,1Z6PH74DAP0QN7,DJI Pilot,Android,7.0.2,1EF72A62-B7C3-C88D-164E-CE6F8C8424AE,1ZN7L4R0H1D00F,1W9DL31001461C,,1ZMLH8300204F0,1W9DL31001461C,,,,,
2023-11-01,11:26:02.68 AM,1m 40.3s,100.3,33.8014439809453,-117.4672258616077,48.8,48.8,13.4,1313,644.6,5.854632,6.023145,-4.250186,0,-4.026492,1.342164,-0.447388,0,-0.5,0.3,0.5,-136.7,223.3,221.5,Tripod,Other,,22,5,True,,True,False,,Smart,RC,False,True,False,,,True,,False,False,False,False,False,False,False,False,False,False,0,Follow Yaw,-88.9,0,-145.1,214.9,False,False,False,False,False,,0,0,False,False,No Card,100,100,1024,1356,1300,1024,2,False,False,False,False,False,0,False,False,False,False,94,,47.616,,4686,,4986,,47.616,,True,3.968,3.968,3.968,3.968,3.968,3.968,3.968,3.968,3.968,3.968,3.968,3.968,0,,False,False,True,,,,,,,,,,,,,,,False,False,9.312,,81.8,,75.7,,82.7,,1804,47,4,16,7,142376.6,18983.55,,Idle,,20,,10,,,20,Go Home,False,False,False,False,False,False,False,False,False,False,False,False,33.8027920380556,-117.4659261431046,630.1,2972.0,1049.4,396.9,True,1,1,False,False,False,False,,True,False,False,Course Lock,196.8,67,16.4,93,NE,S,5.59,6.93,Calm,False,False,Android,7.0.2,M300 RTK,1ZN7L4R0H1D00F,1W9DL31001461C,1ZMLH8300204F0,1Z6PH74DAP0QN7,"Corona, CA",728.3,5.7,137.7,8.547347,2.013246,0,0,DJI Matrice 300 RTK,M300 RTK,1ZN7L4R0H1D00F,1W9DL31001461C,1ZMLH8300204F0,1Z6PH74DAP0QN7,DJI Pilot,Android,7.0.2,1EF72A62-B7C3-C88D-164E-CE6F8C8424AE,1ZN7L4R0H1D00F,1W9DL31001461C,,1ZMLH8300204F0,1W9DL31001461C,,,,,
2023-11-01,11:26:02.78 AM,1m 40.4s,100.4,33.8014421826579,-117.4672278236431,48.8,48.8,13.7,1313,645.5,5.854632,6.023145,-4.250186,0,-4.026492,1.342164,-0.447388,0,-0.3,0,0.3,-136.7,223.3,222.1,Tripod,Other,,22,5,True,,True,False,,Smart,RC,False,True,False,,,True,,False,False,False,False,False,False,False,False,False,False,0,Follow Yaw,-88.9,0,-145.1,214.9,False,False,False,False,False,,0,0,False,False,No Card,100,100,1024,1355,1301,1024,2,False,False,False,False,False,0,False,False,False,False,94,,47.616,,4686,,4986,,47.616,,True,3.968,3.968,3.968,3.968,3.968,3.968,3.968,3.968,3.968,3.968,3.968,3.968,0,,False,False,True,,,,,,,,,,,,,,,False,False,9.312,,81.8,,75.7,,82.7,,1804,47,4,16,7,142376.6,18983.55,,Idle,,20,,10,,,20,Go Home,False,False,False,False,False,False,False,False,False,False,False,False,33.8027920380556,-117.4659261431046,631.0,2972.0,1049.4,396.9,True,1,1,False,False,False,False,,True,False,False,Course Lock,196.8,67,16.4,93,NE,S,5.36,6.93,Calm,False,False,Android,7.0.2,M300 RTK,1ZN7L4R0H1D00F,1W9DL31001461C,1ZMLH8300204F0,1Z6PH74DAP0QN7,"Corona, CA",728.3,5.7,137.7,8.547347,2.013246,0,0,DJI Matrice 300 RTK,M300 RTK,1ZN7L4R0H1D00F,1W9DL31001461C,1ZMLH8300204F0,1Z6PH74DAP0QN7,DJI Pilot,Android,7.0.2,1EF72A62-B7C3-C88D-164E-CE6F8C8424AE,1ZN7L4R0H1D00F,1W9DL31001461C,,1ZMLH8300204F0,1W9DL31001461C,,,,,
2023-11-01,11:26:02.84 AM,1m 40.5s,100.5,33.8014402599159,-117.4672298443945,48.8,48.8,13.4,1313,646.4,5.854632,6.023145,-4.250186,0,-4.026492,1.342164,-0.447388,0,-0.1,-0.3,0.3,-136.8,223.2,221.1,Tripod,Other,,22,5,True,,True,False,,Smart,RC,False,True,False,,,True,,False,False,False,False,False,False,False,False,False,False,0,Follow Yaw,-88.9,0,-145.1,214.9,False,False,False,False,False,,0,0,False,False,No Card,100,100,1024,1355,1302,1024,2,False,False,False,False,False,0,False,False,False,False,94,,47.616,,4686,,4986,,47.616,,True,3.968,3.968,3.968,3.968,3.968,3.968,3.968,3.968,3.968,3.968,3.968,3.968,0,,False,False,True,,,,,,,,,,,,,,,False,False,9.312,,81.8,,75.7,,82.7,,1804,47,4,16,7,142376.6,18983.55,,Idle,,20,,10,,,20,Go Home,False,False,False,False,False,False,False,False,False,False,False,False,33.8027920380556,-117.4659261431046,631.9,2972.0,1049.4,396.9,True,1,1,False,False,False,False,,True,False,False,Course Lock,196.8,67,16.4,93,NE,S,5.36,6.93,Calm,False,False,Android,7.0.2,M300 RTK,1ZN7L4R0H1D00F,1W9DL31001461C,1ZMLH8300204F0,1Z6PH74DAP0QN7,"Corona, CA",728.3,5.7,137.7,8.547347,2.013246,0,0,DJI Matrice 300 RTK,M300 RTK,1ZN7L4R0H1D00F,1W9DL31001461C,1ZMLH8300204F0,1Z6PH74DAP0QN7,DJI Pilot,Android,7.0.2,1EF72A62-B7C3-C88D-164E-CE6F8C8424AE,1ZN7L4R0H1D00F,1W9DL31001461C,,1ZMLH8300204F0,1W9DL31001461C,,,,,
2023-11-01,11:26:02.94 AM,1m 40.6s,100.6,33.8014384566941,-117.4672318367774,49.2,49.2,13.7,1313,647.3,5.854632,6.023145,-4.250186,0,-4.026492,1.342164,-0.447388,0,0,-0.5,0.5,-136.8,223.2,222.5,Tripod,Other,,22,5,True,,True,False,,Smart,RC,False,True,False,,,True,,False,False,False,False,False,False,False,False,False,False,0,Follow Yaw,-88.9,0,-145.1,214.9,False,False,False,False,False,,0,0,False,False,No Card,100,100,1024,1355,1304,1024,2,False,False,False,False,False,0,False,False,False,False,94,,47.616,,4686,,4986,,47.616,,True,3.968,3.968,3.968,3.968,3.968,3.968,3.968,3.968,3.968,3.968,3.968,3.968,0,,False,False,True,,,,,,,,,,,,,,,False,False,9.312,,81.8,,75.7,,82.7,,1804,47,4,16,7,142376.6,18983.55,,Idle,,20,,10,,,20,Go Home,False,False,False,False,False,False,False,False,False,False,False,False,33.8027920380556,-117.4659261431046,632.8,2972.0,1049.4,396.9,True,1,1,False,False,False,False,,True,False,False,Course Lock,196.8,67,16.4,93,NE,S,5.36,6.93,Calm,False,False,Android,7.0.2,M300 RTK,1ZN7L4R0H1D00F,1W9DL31001461C,1ZMLH8300204F0,1Z6PH74DAP0QN7,"Corona, CA",728.3,5.7,137.7,8.547347,2.013246,0,0,DJI Matrice 300 RTK,M300 RTK,1ZN7L4R0H1D00F,1W9DL31001461C,1ZMLH8300204F0,1Z6PH74DAP0QN7,DJI Pilot,Android,7.0.2,1EF72A62-B7C3-C88D-164E-CE6F8C8424AE,1ZN7L4R0H1D00F,1W9DL31001461C,,1ZMLH8300204F0,1W9DL31001461C,,,,,
2023-11-01,11:26:03.04 AM,1m 40.7s,100.7,33.8014367225529,-117.467233852251,49.2,49.2,13.4,1313,648.2,5.854632,6.023145,-4.250186,0,-4.026492,1.342164,-0.447388,0,0,-0.6,0.6,-136.8,223.2,224.0,Tripod,Other,,22,5,True,,True,False,,Smart,RC,False,True,False,,,True,,False,False,False,False,False,False,False,False,False,False,0,Follow Yaw,-88.9,0,-145.1,214.9,False,False,False,False,False,,0,0,False,False,No Card,100,100,1024,1353,1310,1024,2,False,False,False,False,False,0,False,False,False,False,94,,47.616,,4686,,4986,,47.616,,True,3.968,3.968,3.968,3.968,3.968,3.968,3.968,3.968,3.968,3.968,3.968,3.968,0,,False,False,True,,,,,,,,,,,,,,,False,False,9.312,,81.8,,75.7,,82.7,,1804,47,4,16,7,142376.6,18983.55,,Idle,,20,,10,,,20,Go Home,False,False,False,False,False,False,False,False,False,False,False,False,33.8027920380556,-117.4659261431046,633.7,2972.0,1049.4,396.9,True,1,1,False,False,False,False,,True,False,False,Course Lock,196.8,67,16.4,93,NE,S,5.36,6.93,Calm,False,False,Android,7.0.2,M300 RTK,1ZN7L4R0H1D00F,1W9DL31001461C,1ZMLH8300204F0,1Z6PH74DAP0QN7,"Corona, CA",728.3,5.7,137.7,8.547347,2.013246,0,0,DJI Matrice 300 RTK,M300 RTK,1ZN7L4R0H1D00F,1W9DL31001461C,1ZMLH8300204F0,1Z6PH74DAP0QN7,DJI Pilot,Android,7.0.2,1EF72A62-B7C3-C88D-164E-CE6F8C8424AE,1ZN7L4R0H1D00F,1W9DL31001461C,,1ZMLH8300204F0,1W9DL31001461C,,,,,
2023-11-01,11:26:03.14 AM,1m 40.8s,100.8,33.8014349352306,-117.467235844634,49.2,49.2,13.4,1313,649.1,5.854632,6.023145,-4.250186,0,-4.026492,1.342164,-0.447388,0,0,-0.7,0.7,-136.9,223.1,222.8,Tripod,Other,,21,5,True,,True,False,,Smart,RC,False,True,False,,,True,,False,False,False,False,False,False,False,False,False,False,0,Follow Yaw,-88.9,0,-145.1,214.9,False,False,False,False,False,,0,0,False,False,No Card,100,100,1024,1354,1311,1024,2,False,False,False,False,False,0,False,False,False,False,94,,47.616,,4686,,4986,,47.616,,True,3.968,3.968,3.968,3.968,3.968,3.968,3.968,3.968,3.968,3.968,3.968,3.968,0,,False,False,True,,,,,,,,,,,,,,,False,False,9.312,,81.8,,75.7,,82.7,,1804,47,4,16,7,142376.6,18983.55,,Idle,,20,,10,,,20,Go Home,False,False,False,False,False,False,False,False,False,False,False,False,33.8027920380556,-117.4659261431046,634.6,2972.0,1049.4,396.9,True,1,1,False,False,False,False,,True,False,False,Course Lock,196.8,67,16.4,93,NE,S,5.59,6.93,Calm,False,False,Android,7.0.2,M300 RTK,1ZN7L4R0H1D00F,1W9DL31001461C,1ZMLH8300204F0,1Z6PH74DAP0QN7,"Corona, CA",728.3,5.7,137.7,8.547347,2.013246,0,0,DJI Matrice 300 RTK,M300 RTK,1ZN7L4R0H1D00F,1W9DL31001461C,1ZMLH8300204F0,1Z6PH74DAP0QN7,DJI Pilot,Android,7.0.2,1EF72A62-B7C3-C88D-164E-CE6F8C8424AE,1ZN7L4R0H1D00F,1W9DL31001461C,,1ZMLH8300204F0,1W9DL31001461C,,,,,
2023-11-01,11:26:03.24 AM,1m 40.9s,100.9,33.8014331665492,-117.4672377604883,49.2,49.2,13.7,1313,649.9,5.854632,6.023145,-4.250186,0,-4.026492,1.342164,-0.447388,0,-0.2,-0.8,0.8,-136.9,223.1,221.9,Tripod,Other,,21,5,True,,True,False,,Smart,RC,False,True,False,,,True,,False,False,False,False,False,False,False,False,False,False,0,Follow Yaw,-88.9,0,-145.1,214.9,False,False,False,False,False,,0,0,False,False,No Card,100,100,1024,1355,1310,1024,2,False,False,False,False,False,0,False,False,False,False,94,,47.616,,4686,,4986,,47.616,,True,3.968,3.968,3.968,3.968,3.968,3.968,3.968,3.968,3.968,3.968,3.968,3.968,0,,False,False,True,,,,,,,,,,,,,,,False,False,9.312,,81.8,,75.7,,82.7,,1804,47,4,16,7,142376.6,18983.55,,Idle,,20,,10,,,20,Go Home,False,False,False,False,False,False,False,False,False,False,False,False,33.8027920380556,-117.4659261431046,635.4,2972.0,1049.4,396.9,True,1,1,False,False,False,False,,True,False,False,Course Lock,196.8,67,16.4,93,NE,S,5.59,6.93,Calm,False,False,Android,7.0.2,M300 RTK,1ZN7L4R0H1D00F,1W9DL31001461C,1ZMLH8300204F0,1Z6PH74DAP0QN7,"Corona, CA",728.3,5.7,137.7,8.547347,2.013246,0,0,DJI Matrice 300 RTK,M300 RTK,1ZN7L4R0H1D00F,1W9DL31001461C,1ZMLH8300204F0,1Z6PH74DAP0QN7,DJI Pilot,Android,7.0.2,1EF72A62-B7C3-C88D-164E-CE6F8C8424AE,1ZN7L4R0H1D00F,1W9DL31001461C,,1ZMLH8300204F0,1W9DL31001461C,,,,,
2023-11-01,11:26:03.34 AM,1m 41.0s,101.0,33.8014313830647,-117.4672397416559,49.5,49.5,13.4,1313,650.8,5.854632,6.023145,-4.250186,0,-4.026492,1.342164,-0.447388,0,-0.2,-0.8,0.8,-136.9,223.1,222.7,Tripod,Other,,21,5,True,,True,False,,Smart,RC,False,True,False,,,True,,False,False,False,False,False,False,False,False,False,False,0,Follow Yaw,-88.9,0,-145.1,214.9,False,False,False,False,False,,0,0,False,False,No Card,100,100,1024,1355,1310,1024,2,False,False,False,False,False,0,False,False,False,False,94,,47.712,,9440,,10044,,47.712,,True,3.968,3.968,3.968,3.968,3.968,3.968,3.968,3.968,3.968,3.968,3.968,3.968,0,,False,False,True,,,,,,,,,,,,,,,False,False,18.604,,82.7,,75.7,,82.7,,1804,47,4,16,7,142376.6,18983.55,,Idle,,20,,10,,,20,Go Home,False,False,False,False,False,False,False,False,False,False,False,False,33.8027920380556,-117.4659261431046,636.3,2972.0,1049.4,396.9,True,1,1,False,False,False,False,,True,False,False,Course Lock,196.8,67,16.4,93,NE,S,5.59,6.93,Calm,False,False,Android,7.0.2,M300 RTK,1ZN7L4R0H1D00F,1W9DL31001461C,1ZMLH8300204F0,1Z6PH74DAP0QN7,"Corona, CA",728.3,5.7,137.7,8.547347,2.013246,0,0,DJI Matrice 300 RTK,M300 RTK,1ZN7L4R0H1D00F,1W9DL31001461C,1ZMLH8300204F0,1Z6PH74DAP0QN7,DJI Pilot,Android,7.0.2,1EF72A62-B7C3-C88D-164E-CE6F8C8424AE,1ZN7L4R0H1D00F,1W9DL31001461C,,1ZMLH8300204F0,1W9DL31001461C,,,,,
2023-11-01,11:26:03.44 AM,1m 41.1s,101.1,33.801429579843,-117.4672417610878,49.5,49.5,13.7,1313,651.7,5.854632,6.023145,-4.250186,0,-4.026492,1.342164,-0.447388,0,-0.2,-0.8,0.8,-137,223,222.9,Tripod,Other,,21,5,True,,True,False,,Smart,RC,False,True,False,,,True,,False,False,False,False,False,False,False,False,False,False,0,Follow Yaw,-88.9,0,-145.1,214.9,False,False,False,False,False,,0,0,False,False,No Card,100,100,1024,1354,1312,1024,2,False,False,False,False,False,0,False,False,False,False,94,,47.712,,9440,,10044,,47.712,,True,3.968,3.968,3.968,3.968,3.968,3.968,3.968,3.968,3.968,3.968,3.968,3.968,0,,False,False,True,,,,,,,,,,,,,,,False,False,18.604,,82.7,,75.7,,82.7,,1804,47,4,16,7,142376.6,18983.55,,Idle,,20,,10,,,20,Go Home,False,False,False,False,False,False,False,False,False,False,False,False,33.8027920380556,-117.4659261431046,637.2,2972.0,1049.4,396.9,True,1,1,False,False,False,False,,True,False,False,Course Lock,196.8,67,16.4,93,NE,S,5.59,6.93,Calm,False,False,Android,7.0.2,M300 RTK,1ZN7L4R0H1D00F,1W9DL31001461C,1ZMLH8300204F0,1Z6PH74DAP0QN7,"Corona, CA",728.3,5.7,137.7,8.547347,2.013246,0,0,DJI Matrice 300 RTK,M300 RTK,1ZN7L4R0H1D00F,1W9DL31001461C,1ZMLH8300204F0,1Z6PH74DAP0QN7,DJI Pilot,Android,7.0.2,1EF72A62-B7C3-C88D-164E-CE6F8C8424AE,1ZN7L4R0H1D00F,1W9DL31001461C,,1ZMLH8300204F0,1W9DL31001461C,,,,,
2023-11-01,11:26:03.54 AM,1m 41.2s,101.2,33.8014277925207,-117.4672437415956,49.5,49.5,13.7,1313,652.6,5.854632,6.023145,-4.250186,0,-4.026492,1.342164,-0.447388,0,-0.1,-0.8,0.8,-137,223,222.6,Tripod,Other,,22,5,True,,True,False,,Smart,RC,False,True,False,,,True,,False,False,False,False,False,False,False,False,False,False,0,Follow Yaw,-88.9,0,-145.1,214.9,False,False,False,False,False,,0,0,False,False,No Card,100,100,1024,1354,1314,1024,2,False,False,False,False,False,0,False,False,False,False,94,,47.712,,9440,,10044,,47.712,,True,3.968,3.968,3.968,3.968,3.968,3.968,3.968,3.968,3.968,3.968,3.968,3.968,0,,False,False,True,,,,,,,,,,,,,,,False,False,18.604,,82.7,,75.7,,82.7,,1804,47,4,16,7,142376.6,18983.55,,Idle,,20,,10,,,20,Go Home,False,False,False,False,False,False,False,False,False,False,False,False,33.8027920380556,-117.4659261431046,638.1,2972.0,1049.4,396.9,True,1,1,False,False,False,False,,True,False,False,Course Lock,196.8,67,16.4,93,NE,S,5.59,6.93,Calm,False,False,Android,7.0.2,M300 RTK,1ZN7L4R0H1D00F,1W9DL31001461C,1ZMLH8300204F0,1Z6PH74DAP0QN7,"Corona, CA",728.3,5.7,137.7,8.547347,2.013246,0,0,DJI Matrice 300 RTK,M300 RTK,1ZN7L4R0H1D00F,1W9DL31001461C,1ZMLH8300204F0,1Z6PH74DAP0QN7,DJI Pilot,Android,7.0.2,1EF72A62-B7C3-C88D-164E-CE6F8C8424AE,1ZN7L4R0H1D00F,1W9DL31001461C,,1ZMLH8300204F0,1W9DL31001461C,,,,,
2023-11-01,11:26:03.64 AM,1m 41.3s,101.3,33.8014261236223,-117.467245889015,49.8,49.8,13.7,1314,653.5,5.854632,6.023145,-4.250186,0,-4.026492,1.342164,-0.447388,0,-0.1,-0.9,0.9,-137,223,226.9,Tripod,Other,,22,5,True,,True,False,,Smart,RC,False,True,False,,,True,,False,False,False,False,False,False,False,False,False,False,0,Follow Yaw,-88.9,0,-145.1,214.9,False,False,False,False,False,,0,0,False,False,No Card,100,100,1024,1355,1315,1024,2,False,False,False,False,False,0,False,False,False,False,94,,47.712,,9440,,10044,,47.712,,True,3.975,3.975,3.975,3.975,3.975,3.975,3.975,3.975,3.975,3.975,3.975,3.975,0,,False,False,True,,,,,,,,,,,,,,,False,False,18.604,,82.7,,75.7,,82.7,,1802,47,5,16,7,142420.3,18989.37,,Idle,,20,,10,,,20,Go Home,False,False,False,False,False,False,False,False,False,False,False,False,33.8027920380556,-117.4659261431046,639.0,2972.0,1049.4,396.9,True,1,1,False,False,False,False,,True,False,False,Course Lock,196.8,67,16.4,93,NE,S,5.59,6.93,Calm,False,False,Android,7.0.2,M300 RTK,1ZN7L4R0H1D00F,1W9DL31001461C,1ZMLH8300204F0,1Z6PH74DAP0QN7,"Corona, CA",728.3,5.7,137.7,8.547347,2.013246,0,0,DJI Matrice 300 RTK,M300 RTK,1ZN7L4R0H1D00F,1W9DL31001461C,1ZMLH8300204F0,1Z6PH74DAP0QN7,DJI Pilot,Android,7.0.2,1EF72A62-B7C3-C88D-164E-CE6F8C8424AE,1ZN7L4R0H1D00F,1W9DL31001461C,,1ZMLH8300204F0,1W9DL31001461C,,,,,
2023-11-01,11:26:03.71 AM,1m 41.4s,101.4,33.8014243500065,-117.4672478728214,49.8,49.8,13.7,1314,654.4,5.854632,6.023145,-4.250186,0,-4.026492,1.342164,-0.447388,0,-0.1,-0.8,0.8,-137,223,222.9,Tripod,Other,,22,5,True,,True,False,,Smart,RC,False,True,False,,,True,,False,False,False,False,False,False,False,False,False,False,0,Follow Yaw,-88.9,0,-145.1,214.9,False,False,False,False,False,,0,0,False,False,No Card,100,100,1024,1355,1314,1024,2,False,False,False,False,False,0,False,False,False,False,94,,47.712,,9440,,10044,,47.712,,True,3.975,3.975,3.975,3.975,3.975,3.975,3.975,3.975,3.975,3.975,3.975,3.975,0,,False,False,True,,,,,,,,,,,,,,,False,False,18.604,,82.7,,75.7,,82.7,,1802,47,5,16,7,142420.3,18989.37,,Idle,,20,,10,,,20,Go Home,False,False,False,False,False,False,False,False,False,False,False,False,33.8027920380556,-117.4659261431046,639.9,2972.0,1049.4,396.9,True,1,1,False,False,False,False,,True,False,False,Course Lock,196.8,67,16.4,93,NE,S,5.59,6.93,Calm,False,False,Android,7.0.2,M300 RTK,1ZN7L4R0H1D00F,1W9DL31001461C,1ZMLH8300204F0,1Z6PH74DAP0QN7,"Corona, CA",728.3,5.7,137.7,8.547347,2.013246,0,0,DJI Matrice 300 RTK,M300 RTK,1ZN7L4R0H1D00F,1W9DL31001461C,1ZMLH8300204F0,1Z6PH74DAP0QN7,DJI Pilot,Android,7.0.2,1EF72A62-B7C3-C88D-164E-CE6F8C8424AE,1ZN7L4R0H1D00F,1W9DL31001461C,,1ZMLH8300204F0,1W9DL31001461C,,,,,
2023-11-01,11:26:03.84 AM,1m 41.5s,101.5,33.8014225237579,-117.4672498374958,49.8,49.8,13.7,1314,655.3,5.854632,6.023145,-4.250186,0,-4.026492,1.342164,-0.671082,0,-0.1,-0.6,0.6,-137,223,221.7,Tripod,Other,,22,5,True,,True,False,,Smart,RC,False,True,False,,,True,,False,False,False,False,False,False,False,False,False,False,0,Follow Yaw,-88.9,0,-145.1,214.9,False,False,False,False,False,,0,0,False,False,No Card,100,100,1024,1355,1313,1024,2,False,False,False,False,False,0,False,False,False,False,94,,47.712,,9440,,10044,,47.712,,True,3.975,3.975,3.975,3.975,3.975,3.975,3.975,3.975,3.975,3.975,3.975,3.975,0,,False,False,True,,,,,,,,,,,,,,,False,False,18.604,,82.7,,75.7,,82.7,,1802,47,5,16,7,142420.3,18989.37,,Idle,,20,,10,,,20,Go Home,False,False,False,False,False,False,False,False,False,False,False,False,33.8027920380556,-117.4659261431046,640.8,2972.0,1049.4,396.9,True,1,1,False,False,False,False,,True,False,False,Course Lock,196.8,67,16.4,93,NE,S,5.59,6.93,Calm,False,False,Android,7.0.2,M300 RTK,1ZN7L4R0H1D00F,1W9DL31001461C,1ZMLH8300204F0,1Z6PH74DAP0QN7,"Corona, CA",728.3,5.7,137.7,8.547347,2.013246,0,0,DJI Matrice 300 RTK,M300 RTK,1ZN7L4R0H1D00F,1W9DL31001461C,1ZMLH8300204F0,1Z6PH74DAP0QN7,DJI Pilot,Android,7.0.2,1EF72A62-B7C3-C88D-164E-CE6F8C8424AE,1ZN7L4R0H1D00F,1W9DL31001461C,,1ZMLH8300204F0,1W9DL31001461C,,,,,
2023-11-01,11:26:03.94 AM,1m 41.6s,101.6,33.8014207474008,-117.4672518054687,50.1,50.1,13.7,1314,656.2,5.854632,6.023145,-4.250186,0,-4.026492,1.342164,-0.671082,0,-0.3,-0.6,0.6,-137.1,222.9,222.6,Tripod,Other,,22,5,True,,True,False,,Smart,RC,False,True,False,,,True,,False,False,False,False,False,False,False,False,False,False,0,Follow Yaw,-88.9,0,-145.1,214.9,False,False,False,False,False,,0,0,False,False,No Card,100,100,1024,1354,1312,1031,2,False,False,False,False,False,0,False,False,False,False,94,,47.712,,9440,,10044,,47.712,,True,3.975,3.975,3.975,3.975,3.975,3.975,3.975,3.975,3.975,3.975,3.975,3.975,0,,False,False,True,,,,,,,,,,,,,,,False,False,18.604,,82.7,,75.7,,82.7,,1802,47,5,16,7,142420.3,18989.37,,Idle,,20,,10,,,20,Go Home,False,False,False,False,False,False,False,False,False,False,False,False,33.8027920380556,-117.4659261431046,641.6,2972.0,1049.4,396.9,True,1,1,False,False,False,False,,True,False,False,Course Lock,196.8,67,16.4,93,NE,S,5.59,6.93,Calm,False,False,Android,7.0.2,M300 RTK,1ZN7L4R0H1D00F,1W9DL31001461C,1ZMLH8300204F0,1Z6PH74DAP0QN7,"Corona, CA",728.3,5.7,137.7,8.547347,2.013246,0,0,DJI Matrice 300 RTK,M300 RTK,1ZN7L4R0H1D00F,1W9DL31001461C,1ZMLH8300204F0,1Z6PH74DAP0QN7,DJI Pilot,Android,7.0.2,1EF72A62-B7C3-C88D-164E-CE6F8C8424AE,1ZN7L4R0H1D00F,1W9DL31001461C,,1ZMLH8300204F0,1W9DL31001461C,,,,,
2023-11-01,11:26:04.04 AM,1m 41.7s,101.7,33.8014189058009,-117.4672536461139,50.1,50.1,13.7,1314,657.0,5.854632,6.023145,-4.250186,0,-4.026492,1.342164,-0.671082,0,-0.6,-0.7,0.9,-137.1,222.9,219.7,Tripod,Other,,22,5,True,,True,False,,Smart,RC,False,True,False,,,True,,False,False,False,False,False,False,False,False,False,False,0,Follow Yaw,-88.9,0,-145.1,214.9,False,False,False,False,False,,0,0,False,False,No Card,100,100,1024,1354,1306,1079,2,False,False,False,False,False,0,False,False,False,False,94,,47.712,,9440,,10044,,47.712,,True,3.975,3.975,3.975,3.975,3.975,3.975,3.975,3.975,3.975,3.975,3.975,3.975,0,,False,False,True,,,,,,,,,,,,,,,False,False,18.604,,82.7,,75.7,,82.7,,1802,47,5,16,7,142420.3,18989.37,,Idle,,20,,10,,,20,Go Home,False,False,False,False,False,False,False,False,False,False,False,False,33.8027920380556,-117.4659261431046,642.5,2972.0,1049.4,396.9,True,1,1,False,False,False,False,,True,False,False,Course Lock,196.8,67,16.4,93,NE,S,5.59,6.93,Calm,False,False,Android,7.0.2,M300 RTK,1ZN7L4R0H1D00F,1W9DL31001461C,1ZMLH8300204F0,1Z6PH74DAP0QN7,"Corona, CA",728.3,5.7,137.7,8.547347,2.013246,0,0,DJI Matrice 300 RTK,M300 RTK,1ZN7L4R0H1D00F,1W9DL31001461C,1ZMLH8300204F0,1Z6PH74DAP0QN7,DJI Pilot,Android,7.0.2,1EF72A62-B7C3-C88D-164E-CE6F8C8424AE,1ZN7L4R0H1D00F,1W9DL31001461C,,1ZMLH8300204F0,1W9DL31001461C,,,,,
2023-11-01,11:26:04.14 AM,1m 41.8s,101.8,33.8014171228648,-117.4672556002326,50.1,50.1,14.1,1314,657.9,5.854632,6.023145,-4.250186,0,-4.026492,1.342164,-0.671082,0,-0.9,-0.9,1.2,-137.1,222.9,222.3,Tripod,Other,,22,5,True,,True,False,,Smart,RC,False,True,False,,,True,,False,False,False,False,False,False,False,False,False,False,0,Follow Yaw,-88.9,0,-145.1,214.9,False,False,False,False,False,,0,0,False,False,No Card,100,100,1024,1355,1291,1162,2,False,False,False,False,False,0,False,False,False,False,94,,47.676,,4686,,4986,,47.676,,True,3.975,3.975,3.975,3.975,3.975,3.975,3.975,3.975,3.975,3.975,3.975,3.975,0,,False,False,True,,,,,,,,,,,,,,,False,False,9.08,,82.0,,75.7,,82.7,,1802,47,5,16,7,142420.3,18989.37,,Idle,,20,,10,,,20,Go Home,False,False,False,False,False,False,False,False,False,False,False,False,33.8027920380556,-117.4659261431046,643.4,2972.0,1049.4,396.9,True,1,1,False,False,False,False,,True,False,False,Course Lock,196.8,67,16.4,93,NE,S,5.59,6.93,Calm,False,False,Android,7.0.2,M300 RTK,1ZN7L4R0H1D00F,1W9DL31001461C,1ZMLH8300204F0,1Z6PH74DAP0QN7,"Corona, CA",728.3,5.7,137.7,8.547347,2.013246,0,0,DJI Matrice 300 RTK,M300 RTK,1ZN7L4R0H1D00F,1W9DL31001461C,1ZMLH8300204F0,1Z6PH74DAP0QN7,DJI Pilot,Android,7.0.2,1EF72A62-B7C3-C88D-164E-CE6F8C8424AE,1ZN7L4R0H1D00F,1W9DL31001461C,,1ZMLH8300204F0,1W9DL31001461C,,,,,
2023-11-01,11:26:04.22 AM,1m 41.9s,101.9,33.801415270848,-117.4672578050485,50.5,50.5,14.1,1314,658.9,5.854632,6.023145,-4.250186,0,-4.026492,1.342164,-0.671082,0,-0.8,-0.7,1,-137,223,224.6,Tripod,Other,,22,5,True,,True,False,,Smart,RC,False,True,False,,,True,,False,False,False,False,False,False,False,False,False,False,0,Follow Yaw,-88.9,0,-145.1,214.9,False,False,False,False,False,,0,0,False,False,No Card,100,100,1024,1356,1279,1205,2,False,False,False,False,False,0,False,False,False,False,94,,47.676,,4686,,4986,,47.676,,True,3.975,3.975,3.975,3.975,3.975,3.975,3.975,3.975,3.975,3.975,3.975,3.975,0,,False,False,True,,,,,,,,,,,,,,,False,False,9.08,,82.0,,75.7,,82.7,,1802,47,5,16,7,142420.3,18989.37,,Idle,,20,,10,,,20,Go Home,False,False,False,False,False,False,False,False,False,False,False,False,33.8027920380556,-117.4659261431046,644.3,2972.0,1049.4,396.9,True,1,1,False,False,False,False,,True,False,False,Course Lock,196.8,67,16.4,93,NE,S,5.59,6.93,Calm,False,False,Android,7.0.2,M300 RTK,1ZN7L4R0H1D00F,1W9DL31001461C,1ZMLH8300204F0,1Z6PH74DAP0QN7,"Corona, CA",728.3,5.7,137.7,8.547347,2.013246,0,0,DJI Matrice 300 RTK,M300 RTK,1ZN7L4R0H1D00F,1W9DL31001461C,1ZMLH8300204F0,1Z6PH74DAP0QN7,DJI Pilot,Android,7.0.2,1EF72A62-B7C3-C88D-164E-CE6F8C8424AE,1ZN7L4R0H1D00F,1W9DL31001461C,,1ZMLH8300204F0,1W9DL31001461C,,,,,
2023-11-01,11:26:04.34 AM,1m 42.0s,102.0,33.8014134725606,-117.4672597842369,50.5,50.5,14.1,1314,659.7,5.854632,6.023145,-4.250186,0,-4.026492,1.342164,-0.447388,0,-0.6,-0.3,0.6,-136.9,223.1,222.4,Tripod,Other,,22,5,True,,True,False,,Smart,RC,False,True,False,,,True,,False,False,False,False,False,False,False,False,False,False,0,Follow Yaw,-88.9,0,-144.8,215.2,False,False,False,False,False,,0,0,False,False,No Card,100,100,1024,1356,1277,1211,2,False,False,False,False,False,0,False,False,False,False,94,,47.676,,9440,,10044,,47.676,,True,3.975,3.975,3.975,3.975,3.975,3.975,3.975,3.975,3.975,3.975,3.975,3.975,0,,False,False,True,,,,,,,,,,,,,,,False,False,18.848,,82.9,,75.7,,82.9,,1802,47,5,16,7,142420.3,18989.37,,Idle,,20,,10,,,20,Go Home,False,False,False,False,False,False,False,False,False,False,False,False,33.8027920380556,-117.4659261431046,645.2,2972.0,1049.4,396.9,True,1,1,False,False,False,False,,True,False,False,Course Lock,196.8,67,16.4,93,NE,S,5.59,6.93,Calm,False,False,Android,7.0.2,M300 RTK,1ZN7L4R0H1D00F,1W9DL31001461C,1ZMLH8300204F0,1Z6PH74DAP0QN7,"Corona, CA",728.3,5.7,137.7,8.547347,2.013246,0,0,DJI Matrice 300 RTK,M300 RTK,1ZN7L4R0H1D00F,1W9DL31001461C,1ZMLH8300204F0,1Z6PH74DAP0QN7,DJI Pilot,Android,7.0.2,1EF72A62-B7C3-C88D-164E-CE6F8C8424AE,1ZN7L4R0H1D00F,1W9DL31001461C,,1ZMLH8300204F0,1W9DL31001461C,,,,,
2023-11-01,11:26:04.44 AM,1m 42.1s,102.1,33.8014117932452,-117.467261844572,50.5,50.5,14.4,1314,660.6,5.854632,6.023145,-4.250186,0,-4.026492,1.342164,-0.447388,0,-0.6,0.2,0.6,-136.9,223.1,225.5,Tripod,Other,,22,5,True,,True,False,,Smart,RC,False,True,False,,,True,,False,False,False,False,False,False,False,False,False,False,0,Follow Yaw,-88.9,0,-144.5,215.5,False,False,False,False,False,,0,0,False,False,No Card,100,100,1024,1355,1276,1211,2,False,False,False,False,False,0,False,False,False,False,94,,47.676,,9440,,10044,,47.676,,True,3.975,3.975,3.975,3.975,3.975,3.975,3.975,3.975,3.975,3.975,3.975,3.975,0,,False,False,True,,,,,,,,,,,,,,,False,False,18.848,,82.9,,75.7,,82.9,,1802,47,5,16,7,142420.3,18989.37,,Idle,,20,,10,,,20,Go Home,False,False,False,False,False,False,False,False,False,False,False,False,33.8027920380556,-117.4659261431046,646.1,2972.0,1049.4,396.9,True,1,1,False,False,False,False,,True,False,False,Course Lock,196.8,67,16.4,93,NE,S,5.59,6.93,Calm,False,False,Android,7.0.2,M300 RTK,1ZN7L4R0H1D00F,1W9DL31001461C,1ZMLH8300204F0,1Z6PH74DAP0QN7,"Corona, CA",728.3,5.7,137.7,8.547347,2.013246,0,0,DJI Matrice 300 RTK,M300 RTK,1ZN7L4R0H1D00F,1W9DL31001461C,1ZMLH8300204F0,1Z6PH74DAP0QN7,DJI Pilot,Android,7.0.2,1EF72A62-B7C3-C88D-164E-CE6F8C8424AE,1ZN7L4R0H1D00F,1W9DL31001461C,,1ZMLH8300204F0,1W9DL31001461C,,,,,
2023-11-01,11:26:04.53 AM,1m 42.2s,102.2,33.8014100125021,-117.4672638488302,50.5,50.5,14.4,1314,661.5,5.854632,6.023145,-4.250186,0,-4.026492,1.342164,-0.447388,0,-0.5,0.6,0.7,-136.7,223.3,223.0,Tripod,Other,,22,5,True,,True,False,,Smart,RC,False,True,False,,,True,,False,False,False,False,False,False,False,False,False,False,0,Follow Yaw,-88.9,0,-144,216,False,False,False,False,False,,0,0,False,False,No Card,100,100,1024,1355,1276,1211,2,False,False,False,False,False,0,False,False,False,False,94,,47.676,,9440,,10044,,47.676,,True,3.975,3.975,3.975,3.975,3.975,3.975,3.975,3.975,3.975,3.975,3.975,3.975,0,,False,False,True,,,,,,,,,,,,,,,False,False,18.848,,82.9,,75.7,,82.9,,1802,47,5,16,7,142420.3,18989.37,,Idle,,20,,10,,,20,Go Home,False,False,False,False,False,False,False,False,False,False,False,False,33.8027920380556,-117.4659261431046,647.0,2972.0,1049.4,396.9,True,1,1,False,False,False,False,,True,False,False,Course Lock,196.8,67,16.4,93,NE,S,5.59,6.93,Calm,False,False,Android,7.0.2,M300 RTK,1ZN7L4R0H1D00F,1W9DL31001461C,1ZMLH8300204F0,1Z6PH74DAP0QN7,"Corona, CA",728.3,5.7,137.7,8.547347,2.013246,0,0,DJI Matrice 300 RTK,M300 RTK,1ZN7L4R0H1D00F,1W9DL31001461C,1ZMLH8300204F0,1Z6PH74DAP0QN7,DJI Pilot,Android,7.0.2,1EF72A62-B7C3-C88D-164E-CE6F8C8424AE,1ZN7L4R0H1D00F,1W9DL31001461C,,1ZMLH8300204F0,1W9DL31001461C,,,,,
2023-11-01,11:26:04.64 AM,1m 42.3s,102.3,33.8014083452484,-117.4672657607261,50.8,50.8,14.4,1315,662.4,5.854632,6.023145,-4.250186,0,-4.026492,1.342164,-0.447388,0,-0.5,0.7,0.8,-136.4,223.6,223.6,Tripod,Other,,22,5,True,,True,False,,Smart,RC,False,True,False,,,True,,False,False,False,False,False,False,False,False,False,False,0,Follow Yaw,-88.9,0,-143.6,216.4,False,False,False,False,False,,0,0,False,False,No Card,100,100,1024,1353,1278,1194,2,False,False,False,False,False,0,False,False,False,False,94,,47.676,,9440,,10044,,47.676,,True,3.976,3.976,3.976,3.976,3.976,3.976,3.976,3.976,3.976,3.976,3.976,3.976,0,,False,False,True,,,,,,,,,,,,,,,False,False,18.848,,82.9,,75.7,,82.9,,1801,47,5,16,7,142317.0,18975.60,,Idle,,20,,10,,,20,Go Home,False,False,False,False,False,False,False,False,False,False,False,False,33.8027920380556,-117.4659261431046,647.8,2972.0,1049.4,396.9,True,1,1,False,False,False,False,,True,False,False,Course Lock,196.8,67,16.4,93,NE,S,5.59,6.93,Calm,False,False,Android,7.0.2,M300 RTK,1ZN7L4R0H1D00F,1W9DL31001461C,1ZMLH8300204F0,1Z6PH74DAP0QN7,"Corona, CA",728.3,5.7,137.7,8.547347,2.013246,0,0,DJI Matrice 300 RTK,M300 RTK,1ZN7L4R0H1D00F,1W9DL31001461C,1ZMLH8300204F0,1Z6PH74DAP0QN7,DJI Pilot,Android,7.0.2,1EF72A62-B7C3-C88D-164E-CE6F8C8424AE,1ZN7L4R0H1D00F,1W9DL31001461C,,1ZMLH8300204F0,1W9DL31001461C,,,,,
2023-11-01,11:26:04.73 AM,1m 42.4s,102.4,33.801406595756,-117.4672677992902,50.8,50.8,14.4,1315,663.2,5.694319,6.023145,-4.026492,0,-4.026492,1.342164,-0.447388,0,-0.4,0.6,0.7,-136,224,224.0,Tripod,Other,,22,5,True,,True,False,,Smart,RC,False,True,False,,,True,,False,False,False,False,False,False,False,False,False,False,0,Follow Yaw,-88.9,0,-143.2,216.8,False,False,False,False,False,,0,0,False,False,No Card,100,100,1024,1355,1278,1191,2,False,False,False,False,False,0,False,False,False,False,94,,47.676,,9440,,10044,,47.676,,True,3.976,3.976,3.976,3.976,3.976,3.976,3.976,3.976,3.976,3.976,3.976,3.976,0,,False,False,True,,,,,,,,,,,,,,,False,False,18.848,,82.9,,75.7,,82.9,,1801,47,5,16,7,142317.0,18975.60,,Idle,,20,,10,,,20,Go Home,False,False,False,False,False,False,False,False,False,False,False,False,33.8027920380556,-117.4659261431046,648.7,2972.0,1049.4,396.9,True,1,1,False,False,False,False,,True,False,False,Course Lock,196.8,67,16.4,93,NE,S,5.59,6.93,Calm,False,False,Android,7.0.2,M300 RTK,1ZN7L4R0H1D00F,1W9DL31001461C,1ZMLH8300204F0,1Z6PH74DAP0QN7,"Corona, CA",728.3,5.7,137.7,8.547347,2.013246,0,0,DJI Matrice 300 RTK,M300 RTK,1ZN7L4R0H1D00F,1W9DL31001461C,1ZMLH8300204F0,1Z6PH74DAP0QN7,DJI Pilot,Android,7.0.2,1EF72A62-B7C3-C88D-164E-CE6F8C8424AE,1ZN7L4R0H1D00F,1W9DL31001461C,,1ZMLH8300204F0,1W9DL31001461C,,,,,
2023-11-01,11:26:04.84 AM,1m 42.5s,102.5,33.8014047859551,-117.4672697863954,50.8,50.8,14.4,1315,664.1,5.694319,6.023145,-4.026492,0,-4.026492,1.342164,-0.447388,0,-0.3,0.5,0.5,-135.6,224.4,222.3,Tripod,Other,,22,5,True,,True,False,,Smart,RC,False,True,False,,,True,,False,False,False,False,False,False,False,False,False,False,0,Follow Yaw,-88.9,0,-142.9,217.1,False,False,False,False,False,,0,0,False,False,No Card,100,100,1024,1356,1278,1191,2,False,False,False,False,False,0,False,False,False,False,94,,47.676,,9440,,10044,,47.676,,True,3.976,3.976,3.976,3.976,3.976,3.976,3.976,3.976,3.976,3.976,3.976,3.976,0,,False,False,True,,,,,,,,,,,,,,,False,False,18.848,,82.9,,75.7,,82.9,,1801,47,5,16,7,142317.0,18975.60,,Idle,,20,,10,,,20,Go Home,False,False,False,False,False,False,False,False,False,False,False,False,33.8027920380556,-117.4659261431046,649.6,2972.0,1049.4,396.9,True,1,1,False,False,False,False,,True,False,False,Course Lock,196.8,67,16.4,93,NE,S,5.59,6.93,Calm,False,False,Android,7.0.2,M300 RTK,1ZN7L4R0H1D00F,1W9DL31001461C,1ZMLH8300204F0,1Z6PH74DAP0QN7,"Corona, CA",728.3,5.7,137.7,8.547347,2.013246,0,0,DJI Matrice 300 RTK,M300 RTK,1ZN7L4R0H1D00F,1W9DL31001461C,1ZMLH8300204F0,1Z6PH74DAP0QN7,DJI Pilot,Android,7.0.2,1EF72A62-B7C3-C88D-164E-CE6F8C8424AE,1ZN7L4R0H1D00F,1W9DL31001461C,,1ZMLH8300204F0,1W9DL31001461C,,,,,
2023-11-01,11:26:04.94 AM,1m 42.6s,102.6,33.8014030567482,-117.4672718572862,50.8,50.8,14.4,1315,665.0,5.854632,6.023145,-4.026492,0,-4.250186,1.342164,-0.447388,0,-0.4,0.4,0.5,-135.1,224.9,224.8,Tripod,Other,,22,5,True,,True,False,,Smart,RC,False,True,False,,,True,,False,False,False,False,False,False,False,False,False,False,0,Follow Yaw,-88.9,0,-142.5,217.5,False,False,False,False,False,,0,0,False,False,No Card,100,100,1024,1356,1278,1192,2,False,False,False,False,False,0,False,False,False,False,94,,47.676,,9440,,10044,,47.676,,True,3.976,3.976,3.976,3.976,3.976,3.976,3.976,3.976,3.976,3.976,3.976,3.976,0,,False,False,True,,,,,,,,,,,,,,,False,False,18.848,,82.9,,75.7,,82.9,,1801,47,5,16,7,142317.0,18975.60,,Idle,,20,,10,,,20,Go Home,False,False,False,False,False,False,False,False,False,False,False,False,33.8027920380556,-117.4659261431046,650.5,2972.0,1049.4,396.9,True,1,1,False,False,False,False,,True,False,False,Course Lock,196.8,67,16.4,93,NE,S,5.59,6.93,Calm,False,False,Android,7.0.2,M300 RTK,1ZN7L4R0H1D00F,1W9DL31001461C,1ZMLH8300204F0,1Z6PH74DAP0QN7,"Corona, CA",728.3,5.7,137.7,8.547347,2.013246,0,0,DJI Matrice 300 RTK,M300 RTK,1ZN7L4R0H1D00F,1W9DL31001461C,1ZMLH8300204F0,1Z6PH74DAP0QN7,DJI Pilot,Android,7.0.2,1EF72A62-B7C3-C88D-164E-CE6F8C8424AE,1ZN7L4R0H1D00F,1W9DL31001461C,,1ZMLH8300204F0,1W9DL31001461C,,,,,
2023-11-01,11:26:05.04 AM,1m 42.7s,102.7,33.8014012573643,-117.4672736926536,51.1,51.1,14.1,1315,665.9,5.854632,6.023145,-4.026492,0,-4.250186,1.342164,-0.447388,0,-0.3,0.4,0.5,-134.6,225.4,220.2,Tripod,Other,,22,5,True,,True,False,,Smart,RC,False,True,False,,,True,,False,False,False,False,False,False,False,False,False,False,0,Follow Yaw,-88.9,0,-142.2,217.8,False,False,False,False,False,,0,0,False,False,No Card,100,100,1024,1356,1278,1191,2,False,False,False,False,False,0,False,False,False,False,94,,47.676,,9440,,10044,,47.676,,True,3.976,3.976,3.976,3.976,3.976,3.976,3.976,3.976,3.976,3.976,3.976,3.976,0,,False,False,True,,,,,,,,,,,,,,,False,False,18.848,,82.9,,75.7,,82.9,,1801,47,5,16,7,142317.0,18975.60,,Idle,,20,,10,,,20,Go Home,False,False,False,False,False,False,False,False,False,False,False,False,33.8027920380556,-117.4659261431046,651.3,2972.0,1049.4,396.9,True,1,1,False,False,False,False,,True,False,False,Course Lock,196.8,67,16.4,93,NE,S,5.59,6.93,Calm,False,False,Android,7.0.2,M300 RTK,1ZN7L4R0H1D00F,1W9DL31001461C,1ZMLH8300204F0,1Z6PH74DAP0QN7,"Corona, CA",728.3,5.7,137.7,8.547347,2.013246,0,0,DJI Matrice 300 RTK,M300 RTK,1ZN7L4R0H1D00F,1W9DL31001461C,1ZMLH8300204F0,1Z6PH74DAP0QN7,DJI Pilot,Android,7.0.2,1EF72A62-B7C3-C88D-164E-CE6F8C8424AE,1ZN7L4R0H1D00F,1W9DL31001461C,,1ZMLH8300204F0,1W9DL31001461C,,,,,
2023-11-01,11:26:05.14 AM,1m 42.8s,102.8,33.8013995457017,-117.4672757773988,51.1,51.1,14.1,1315,666.8,5.854632,6.023145,-4.026492,0,-4.250186,1.342164,-0.447388,0,-0.2,0.6,0.6,-134.1,225.9,225.3,Tripod,Other,,22,5,True,,True,False,,Smart,RC,False,True,False,,,True,,False,False,False,False,False,False,False,False,False,False,0,Follow Yaw,-88.9,0,-141.8,218.2,False,False,False,False,False,,0,0,False,False,No Card,100,100,1024,1355,1279,1191,2,False,False,False,False,False,0,False,False,False,False,94,,47.676,,9440,,10044,,47.676,,True,3.976,3.976,3.976,3.976,3.976,3.976,3.976,3.976,3.976,3.976,3.976,3.976,0,,False,False,True,,,,,,,,,,,,,,,False,False,18.848,,82.9,,75.7,,82.9,,1801,47,5,16,7,142317.0,18975.60,,Idle,,20,,10,,,20,Go Home,False,False,False,False,False,False,False,False,False,False,False,False,33.8027920380556,-117.4659261431046,652.2,2972.0,1049.4,396.9,True,1,1,False,False,False,False,,True,False,False,Course Lock,196.8,67,16.4,93,NE,S,5.59,6.93,Calm,False,False,Android,7.0.2,M300 RTK,1ZN7L4R0H1D00F,1W9DL31001461C,1ZMLH8300204F0,1Z6PH74DAP0QN7,"Corona, CA",728.3,5.7,137.7,8.547347,2.013246,0,0,DJI Matrice 300 RTK,M300 RTK,1ZN7L4R0H1D00F,1W9DL31001461C,1ZMLH8300204F0,1Z6PH74DAP0QN7,DJI Pilot,Android,7.0.2,1EF72A62-B7C3-C88D-164E-CE6F8C8424AE,1ZN7L4R0H1D00F,1W9DL31001461C,,1ZMLH8300204F0,1W9DL31001461C,,,,,
2023-11-01,11:26:05.25 AM,1m 42.9s,102.9,33.801397863645,-117.4672779254779,51.1,51.1,14.1,1315,667.7,5.854632,6.023145,-4.026492,0,-4.250186,1.342164,-0.447388,0,-0.1,0.8,0.8,-133.7,226.3,226.7,Tripod,Other,,22,5,True,,True,False,,Smart,RC,False,True,False,,,True,,False,False,False,False,False,False,False,False,False,False,0,Follow Yaw,-88.9,0,-141.5,218.5,False,False,False,False,False,,0,0,False,False,No Card,100,100,1024,1354,1279,1191,2,False,False,False,False,False,0,False,False,False,False,94,,47.616,,4686,,4986,,47.616,,True,3.976,3.976,3.976,3.976,3.976,3.976,3.976,3.976,3.976,3.976,3.976,3.976,0,,False,False,True,,,,,,,,,,,,,,,False,False,9.242,,82.0,,75.7,,82.9,,1801,47,5,16,7,142317.0,18975.60,,Idle,,20,,10,,,20,Go Home,False,False,False,False,False,False,False,False,False,False,False,False,33.8027920380556,-117.4659261431046,653.1,2972.0,1049.4,396.9,True,1,1,False,False,False,False,,True,False,False,Course Lock,196.8,67,16.4,93,NE,S,5.59,6.93,Calm,False,False,Android,7.0.2,M300 RTK,1ZN7L4R0H1D00F,1W9DL31001461C,1ZMLH8300204F0,1Z6PH74DAP0QN7,"Corona, CA",728.3,5.7,137.7,8.547347,2.013246,0,0,DJI Matrice 300 RTK,M300 RTK,1ZN7L4R0H1D00F,1W9DL31001461C,1ZMLH8300204F0,1Z6PH74DAP0QN7,DJI Pilot,Android,7.0.2,1EF72A62-B7C3-C88D-164E-CE6F8C8424AE,1ZN7L4R0H1D00F,1W9DL31001461C,,1ZMLH8300204F0,1W9DL31001461C,,,,,
2023-11-01,11:26:05.35 AM,1m 43.0s,103.0,33.8013961925536,-117.4672800564042,51.1,51.1,14.1,1315,668.6,5.854632,6.023145,-4.026492,0,-4.250186,1.342164,-0.447388,0,-0.1,0.8,0.8,-133.4,226.6,226.6,Tripod,Other,,22,5,True,,True,False,,Smart,RC,False,True,False,,,True,,False,False,False,False,False,False,False,False,False,False,0,Follow Yaw,-88.9,0,-141.1,218.9,False,False,False,False,False,,0,0,False,False,No Card,100,100,1024,1356,1278,1191,2,False,False,False,False,False,0,False,False,False,False,94,,47.64,,9440,,10044,,47.64,,True,3.976,3.976,3.976,3.976,3.976,3.976,3.976,3.976,3.976,3.976,3.976,3.976,0,,False,False,True,,,,,,,,,,,,,,,False,False,18.896,,82.9,,75.7,,82.9,,1801,47,5,16,7,142317.0,18975.60,,Idle,,20,,10,,,20,Go Home,False,False,False,False,False,False,False,False,False,False,False,False,33.8027920380556,-117.4659261431046,654.0,2972.0,1049.4,396.9,True,1,1,False,False,False,False,,True,False,False,Course Lock,196.8,67,16.4,93,NE,S,5.59,6.93,Calm,False,False,Android,7.0.2,M300 RTK,1ZN7L4R0H1D00F,1W9DL31001461C,1ZMLH8300204F0,1Z6PH74DAP0QN7,"Corona, CA",728.3,5.7,137.7,8.547347,2.013246,0,0,DJI Matrice 300 RTK,M300 RTK,1ZN7L4R0H1D00F,1W9DL31001461C,1ZMLH8300204F0,1Z6PH74DAP0QN7,DJI Pilot,Android,7.0.2,1EF72A62-B7C3-C88D-164E-CE6F8C8424AE,1ZN7L4R0H1D00F,1W9DL31001461C,,1ZMLH8300204F0,1W9DL31001461C,,,,,
2023-11-01,11:26:05.46 AM,1m 43.1s,103.1,33.8013946371446,-117.4672821503855,51.5,51.5,14.1,1315,669.4,5.871701,6.023145,-3.802798,0,-4.47388,1.342164,-0.447388,0,-0.2,0.6,0.6,-133.1,226.9,228.2,Tripod,Other,,22,5,True,,True,False,,Smart,RC,False,True,False,,,True,,False,False,False,False,False,False,False,False,False,False,0,Follow Yaw,-88.9,0,-140.7,219.3,False,False,False,False,False,,0,0,False,False,No Card,100,100,1024,1358,1277,1192,2,False,False,False,False,False,0,False,False,False,False,94,,47.64,,9440,,10044,,47.64,,True,3.976,3.976,3.976,3.976,3.976,3.976,3.976,3.976,3.976,3.976,3.976,3.976,0,,False,False,True,,,,,,,,,,,,,,,False,False,18.896,,82.9,,75.7,,82.9,,1801,47,5,16,7,142317.0,18975.60,,Idle,,20,,10,,,20,Go Home,False,False,False,False,False,False,False,False,False,False,False,False,33.8027920380556,-117.4659261431046,654.8,2972.0,1049.4,396.9,True,1,1,False,False,False,False,,True,False,False,Course Lock,196.8,67,16.4,93,NE,S,5.59,6.93,Calm,False,False,Android,7.0.2,M300 RTK,1ZN7L4R0H1D00F,1W9DL31001461C,1ZMLH8300204F0,1Z6PH74DAP0QN7,"Corona, CA",728.3,5.7,137.7,8.547347,2.013246,0,0,DJI Matrice 300 RTK,M300 RTK,1ZN7L4R0H1D00F,1W9DL31001461C,1ZMLH8300204F0,1Z6PH74DAP0QN7,DJI Pilot,Android,7.0.2,1EF72A62-B7C3-C88D-164E-CE6F8C8424AE,1ZN7L4R0H1D00F,1W9DL31001461C,,1ZMLH8300204F0,1W9DL31001461C,,,,,
2023-11-01,11:26:05.56 AM,1m 43.2s,103.2,33.8013930142998,-117.4672843208954,51.5,51.5,14.1,1315,670.3,5.871701,6.023145,-3.802798,0,-4.47388,1.342164,-0.447388,0,-0.3,0.2,0.3,-132.8,227.2,228.0,Tripod,Other,,22,5,True,,True,False,,Smart,RC,False,True,False,,,True,,False,False,False,False,False,False,False,False,False,False,0,Follow Yaw,-88.9,0,-140.4,219.6,False,False,False,False,False,,0,0,False,False,No Card,100,100,1024,1357,1278,1194,2,False,False,False,False,False,0,False,False,False,False,94,,47.64,,9440,,10044,,47.64,,True,3.976,3.976,3.976,3.976,3.976,3.976,3.976,3.976,3.976,3.976,3.976,3.976,0,,False,False,True,,,,,,,,,,,,,,,False,False,18.896,,82.9,,75.7,,82.9,,1801,47,5,16,7,142317.0,18975.60,,Idle,,20,,10,,,20,Go Home,False,False,False,False,False,False,False,False,False,False,False,False,33.8027920380556,-117.4659261431046,655.7,2972.0,1049.4,396.9,True,1,1,False,False,False,False,,True,False,False,Course Lock,196.8,67,16.4,93,NE,S,5.59,6.93,Calm,False,False,Android,7.0.2,M300 RTK,1ZN7L4R0H1D00F,1W9DL31001461C,1ZMLH8300204F0,1Z6PH74DAP0QN7,"Corona, CA",728.3,5.7,137.7,8.547347,2.013246,0,0,DJI Matrice 300 RTK,M300 RTK,1ZN7L4R0H1D00F,1W9DL31001461C,1ZMLH8300204F0,1Z6PH74DAP0QN7,DJI Pilot,Android,7.0.2,1EF72A62-B7C3-C88D-164E-CE6F8C8424AE,1ZN7L4R0H1D00F,1W9DL31001461C,,1ZMLH8300204F0,1W9DL31001461C,,,,,
2023-11-01,11:26:05.66 AM,1m 43.3s,103.3,33.8013913947447,-117.4672866530391,51.5,51.5,14.4,1315,671.2,5.871701,6.023145,-3.802798,0,-4.47388,1.342164,-0.447388,0,-0.6,0,0.6,-132.5,227.5,230.1,Tripod,Other,,22,5,True,,True,False,,Smart,RC,False,True,False,,,True,,False,False,False,False,False,False,False,False,False,False,0,Follow Yaw,-88.9,0,-140,220,False,False,False,False,False,,0,0,False,False,No Card,100,100,1024,1358,1278,1200,2,False,False,False,False,False,0,False,False,False,False,94,,47.64,,9440,,10044,,47.64,,True,3.972,3.972,3.972,3.972,3.972,3.972,3.972,3.972,3.972,3.972,3.972,3.972,0,,False,False,True,,,,,,,,,,,,,,,False,False,18.896,,82.9,,75.7,,82.9,,1800,48,5,16,7,142144.4,18952.58,,Idle,,20,,10,,,20,Go Home,False,False,False,False,False,False,False,False,False,False,False,False,33.8027920380556,-117.4659261431046,656.6,2972.0,1049.4,396.9,True,1,1,False,False,False,False,,True,False,False,Course Lock,196.8,67,16.4,93,NE,S,5.59,6.93,Calm,False,False,Android,7.0.2,M300 RTK,1ZN7L4R0H1D00F,1W9DL31001461C,1ZMLH8300204F0,1Z6PH74DAP0QN7,"Corona, CA",728.3,5.7,137.7,8.547347,2.013246,0,0,DJI Matrice 300 RTK,M300 RTK,1ZN7L4R0H1D00F,1W9DL31001461C,1ZMLH8300204F0,1Z6PH74DAP0QN7,DJI Pilot,Android,7.0.2,1EF72A62-B7C3-C88D-164E-CE6F8C8424AE,1ZN7L4R0H1D00F,1W9DL31001461C,,1ZMLH8300204F0,1W9DL31001461C,,,,,
2023-11-01,11:26:05.77 AM,1m 43.4s,103.4,33.801389797668,-117.4672888723691,51.5,51.5,14.4,1315,672.1,5.871701,6.023145,-3.802798,0,-4.47388,1.342164,-0.447388,0,-0.8,-0.2,0.8,-132.1,227.9,229.1,Tripod,Other,,22,5,True,,True,False,,Smart,RC,False,True,False,,,True,,False,False,False,False,False,False,False,False,False,False,0,Follow Yaw,-88.9,0,-139.7,220.3,False,False,False,False,False,,0,0,False,False,No Card,100,100,1024,1357,1279,1200,2,False,False,False,False,False,0,False,False,False,False,94,,47.64,,9440,,10044,,47.64,,True,3.972,3.972,3.972,3.972,3.972,3.972,3.972,3.972,3.972,3.972,3.972,3.972,0,,False,False,True,,,,,,,,,,,,,,,False,False,18.896,,82.9,,75.7,,82.9,,1800,48,5,16,7,142144.4,18952.58,,Idle,,20,,10,,,20,Go Home,False,False,False,False,False,False,False,False,False,False,False,False,33.8027920380556,-117.4659261431046,657.5,2972.0,1049.4,396.9,True,1,1,False,False,False,False,,True,False,False,Course Lock,196.8,67,16.4,93,NE,S,5.59,6.93,Calm,False,False,Android,7.0.2,M300 RTK,1ZN7L4R0H1D00F,1W9DL31001461C,1ZMLH8300204F0,1Z6PH74DAP0QN7,"Corona, CA",728.3,5.7,137.7,8.547347,2.013246,0,0,DJI Matrice 300 RTK,M300 RTK,1ZN7L4R0H1D00F,1W9DL31001461C,1ZMLH8300204F0,1Z6PH74DAP0QN7,DJI Pilot,Android,7.0.2,1EF72A62-B7C3-C88D-164E-CE6F8C8424AE,1ZN7L4R0H1D00F,1W9DL31001461C,,1ZMLH8300204F0,1W9DL31001461C,,,,,
2023-11-01,11:26:05.87 AM,1m 43.5s,103.5,33.8013880739438,-117.4672910547542,51.8,51.8,14.4,1316,673.0,5.871701,6.023145,-3.802798,0,-4.47388,1.342164,-0.447388,0,-0.7,-0.2,0.7,-131.7,228.3,226.4,Tripod,Other,,22,5,True,,True,False,,Smart,RC,False,True,False,,,True,,False,False,False,False,False,False,False,False,False,False,0,Follow Yaw,-88.9,0,-139.3,220.7,False,False,False,False,False,,0,0,False,False,No Card,100,100,1024,1356,1279,1197,2,False,False,False,False,False,0,False,False,False,False,94,,47.64,,9440,,10044,,47.64,,True,3.972,3.972,3.972,3.972,3.972,3.972,3.972,3.972,3.972,3.972,3.972,3.972,0,,False,False,True,,,,,,,,,,,,,,,False,False,18.896,,82.9,,75.7,,82.9,,1800,48,5,16,7,142144.4,18952.58,,Idle,,20,,10,,,20,Go Home,False,False,False,False,False,False,False,False,False,False,False,False,33.8027920380556,-117.4659261431046,658.4,2972.0,1049.4,396.9,True,1,1,False,False,False,False,,True,False,False,Course Lock,196.8,67,16.4,93,NE,S,5.59,6.93,Calm,False,False,Android,7.0.2,M300 RTK,1ZN7L4R0H1D00F,1W9DL31001461C,1ZMLH8300204F0,1Z6PH74DAP0QN7,"Corona, CA",728.3,5.7,137.7,8.547347,2.013246,0,0,DJI Matrice 300 RTK,M300 RTK,1ZN7L4R0H1D00F,1W9DL31001461C,1ZMLH8300204F0,1Z6PH74DAP0QN7,DJI Pilot,Android,7.0.2,1EF72A62-B7C3-C88D-164E-CE6F8C8424AE,1ZN7L4R0H1D00F,1W9DL31001461C,,1ZMLH8300204F0,1W9DL31001461C,,,,,
2023-11-01,11:26:05.97 AM,1m 43.6s,103.6,33.8013864818015,-117.4672933097095,51.8,51.8,14.4,1316,673.9,6.043879,6.043879,-3.802798,0,-4.697574,1.342164,-0.447388,0,-0.5,0,0.5,-131.3,228.7,229.6,Tripod,Other,,22,5,True,,True,False,,Smart,RC,False,True,False,,,True,,False,False,False,False,False,False,False,False,False,False,0,Follow Yaw,-88.9,0,-138.9,221.1,False,False,False,False,False,,0,0,False,False,No Card,100,100,1024,1357,1279,1194,2,False,False,False,False,False,0,False,False,False,False,94,,47.64,,9440,,10044,,47.64,,True,3.972,3.972,3.972,3.972,3.972,3.972,3.972,3.972,3.972,3.972,3.972,3.972,0,,False,False,True,,,,,,,,,,,,,,,False,False,18.896,,82.9,,75.7,,82.9,,1800,48,5,16,7,142144.4,18952.58,,Idle,,20,,10,,,20,Go Home,False,False,False,False,False,False,False,False,False,False,False,False,33.8027920380556,-117.4659261431046,659.3,2972.0,1049.4,396.9,True,1,1,False,False,False,False,,True,False,False,Course Lock,196.8,67,16.4,93,NE,S,5.59,6.93,Calm,False,False,Android,7.0.2,M300 RTK,1ZN7L4R0H1D00F,1W9DL31001461C,1ZMLH8300204F0,1Z6PH74DAP0QN7,"Corona, CA",728.3,5.7,137.7,8.547347,2.013246,0,0,DJI Matrice 300 RTK,M300 RTK,1ZN7L4R0H1D00F,1W9DL31001461C,1ZMLH8300204F0,1Z6PH74DAP0QN7,DJI Pilot,Android,7.0.2,1EF72A62-B7C3-C88D-164E-CE6F8C8424AE,1ZN7L4R0H1D00F,1W9DL31001461C,,1ZMLH8300204F0,1W9DL31001461C,,,,,
2023-11-01,11:26:06.07 AM,1m 43.7s,103.7,33.8013849856044,-117.467295566644,51.8,51.8,14.4,1316,674.8,6.043879,6.043879,-3.802798,0,-4.697574,1.342164,-0.447388,0,-0.3,0,0.3,-131,229,231.4,Tripod,Other,,22,5,True,,True,False,,Smart,RC,False,True,False,,,True,,False,False,False,False,False,False,False,False,False,False,0,Follow Yaw,-88.9,0,-138.5,221.5,False,False,False,False,False,,0,0,False,False,No Card,100,100,1024,1358,1278,1195,2,False,False,False,False,False,0,False,False,False,False,94,,47.64,,9440,,10044,,47.64,,True,3.972,3.972,3.972,3.972,3.972,3.972,3.972,3.972,3.972,3.972,3.972,3.972,0,,False,False,True,,,,,,,,,,,,,,,False,False,18.896,,82.9,,75.7,,82.9,,1800,48,5,16,7,142144.4,18952.58,,Idle,,20,,10,,,20,Go Home,False,False,False,False,False,False,False,False,False,False,False,False,33.8027920380556,-117.4659261431046,660.1,2972.0,1049.4,396.9,True,1,1,False,False,False,False,,True,False,False,Course Lock,196.8,67,16.4,93,NE,S,5.81,6.93,Calm,False,False,Android,7.0.2,M300 RTK,1ZN7L4R0H1D00F,1W9DL31001461C,1ZMLH8300204F0,1Z6PH74DAP0QN7,"Corona, CA",728.3,5.7,137.7,8.547347,2.013246,0,0,DJI Matrice 300 RTK,M300 RTK,1ZN7L4R0H1D00F,1W9DL31001461C,1ZMLH8300204F0,1Z6PH74DAP0QN7,DJI Pilot,Android,7.0.2,1EF72A62-B7C3-C88D-164E-CE6F8C8424AE,1ZN7L4R0H1D00F,1W9DL31001461C,,1ZMLH8300204F0,1W9DL31001461C,,,,,
2023-11-01,11:26:06.18 AM,1m 43.8s,103.8,33.8013834263576,-117.4672978638221,51.8,51.8,14.1,1316,675.7,5.905691,6.043879,-3.579104,0,-4.697574,1.342164,-0.447388,0,-0.3,-0.1,0.3,-130.8,229.2,230.7,Tripod,Other,,22,5,True,,True,False,,Smart,RC,False,True,False,,,True,,False,False,False,False,False,False,False,False,False,False,0,Follow Yaw,-88.9,0,-138.2,221.8,False,False,False,False,False,,0,0,False,False,No Card,100,100,1024,1358,1278,1195,2,False,False,False,False,False,0,False,False,False,False,94,,47.64,,9440,,10044,,47.64,,True,3.972,3.972,3.972,3.972,3.972,3.972,3.972,3.972,3.972,3.972,3.972,3.972,0,,False,False,True,,,,,,,,,,,,,,,False,False,18.896,,82.9,,75.7,,82.9,,1800,48,5,16,7,142144.4,18952.58,,Idle,,20,,10,,,20,Go Home,False,False,False,False,False,False,False,False,False,False,False,False,33.8027920380556,-117.4659261431046,661.0,2972.0,1049.4,396.9,True,1,1,False,False,False,False,,True,False,False,Course Lock,196.8,67,16.4,93,NE,S,5.81,6.93,Calm,False,False,Android,7.0.2,M300 RTK,1ZN7L4R0H1D00F,1W9DL31001461C,1ZMLH8300204F0,1Z6PH74DAP0QN7,"Corona, CA",728.3,5.7,137.7,8.547347,2.013246,0,0,DJI Matrice 300 RTK,M300 RTK,1ZN7L4R0H1D00F,1W9DL31001461C,1ZMLH8300204F0,1Z6PH74DAP0QN7,DJI Pilot,Android,7.0.2,1EF72A62-B7C3-C88D-164E-CE6F8C8424AE,1ZN7L4R0H1D00F,1W9DL31001461C,,1ZMLH8300204F0,1W9DL31001461C,,,,,
2023-11-01,11:26:06.24 AM,1m 43.9s,103.9,33.8013817185328,-117.4673002164174,52.1,52.1,14.4,1316,676.6,5.905691,6.043879,-3.579104,0,-4.697574,1.342164,-0.447388,0,-0.3,-0.5,0.5,-130.5,229.5,228.8,Tripod,Other,,22,5,True,,True,False,,Smart,RC,False,True,False,,,True,,False,False,False,False,False,False,False,False,False,False,0,Follow Yaw,-88.9,0,-137.8,222.2,False,False,False,False,False,,0,0,False,False,No Card,100,100,1024,1357,1281,1196,2,False,False,False,False,False,0,False,False,False,False,94,,47.64,,9440,,10044,,47.64,,True,3.972,3.972,3.972,3.972,3.972,3.972,3.972,3.972,3.972,3.972,3.972,3.972,0,,False,False,True,,,,,,,,,,,,,,,False,False,18.896,,82.9,,75.7,,82.9,,1800,48,5,16,7,142144.4,18952.58,,Idle,,20,,10,,,20,Go Home,False,False,False,False,False,False,False,False,False,False,False,False,33.8027920380556,-117.4659261431046,661.9,2972.0,1049.4,396.9,True,1,1,False,False,False,False,,True,False,False,Course Lock,196.8,67,16.4,93,NE,S,5.81,6.93,Calm,False,False,Android,7.0.2,M300 RTK,1ZN7L4R0H1D00F,1W9DL31001461C,1ZMLH8300204F0,1Z6PH74DAP0QN7,"Corona, CA",728.3,5.7,137.7,8.547347,2.013246,0,0,DJI Matrice 300 RTK,M300 RTK,1ZN7L4R0H1D00F,1W9DL31001461C,1ZMLH8300204F0,1Z6PH74DAP0QN7,DJI Pilot,Android,7.0.2,1EF72A62-B7C3-C88D-164E-CE6F8C8424AE,1ZN7L4R0H1D00F,1W9DL31001461C,,1ZMLH8300204F0,1W9DL31001461C,,,,,
2023-11-01,11:26:06.34 AM,1m 44.0s,104.0,33.8013801669617,-117.4673025459221,52.1,52.1,14.4,1316,677.5,5.905691,6.043879,-3.579104,0,-4.697574,1.342164,-0.447388,0,-0.1,-0.5,0.5,-130.1,229.9,231.2,Tripod,Other,,22,5,True,,True,False,,Smart,RC,False,True,False,,,True,,False,False,False,False,False,False,False,False,False,False,0,Follow Yaw,-88.9,0,-137.4,222.6,False,False,False,False,False,,0,0,False,False,No Card,100,100,1024,1356,1281,1195,2,False,False,False,False,False,0,False,False,False,False,94,,47.676,,9440,,10044,,47.676,,True,3.972,3.972,3.972,3.972,3.972,3.972,3.972,3.972,3.972,3.972,3.972,3.972,0,,False,False,True,,,,,,,,,,,,,,,False,False,18.992,,82.9,,75.7,,82.9,,1800,48,5,16,7,142144.4,18952.58,,Idle,,20,,10,,,20,Go Home,False,False,False,False,False,False,False,False,False,False,False,False,33.8027920380556,-117.4659261431046,662.8,2972.0,1049.4,396.9,True,1,1,False,False,False,False,,True,False,False,Course Lock,196.8,67,16.4,93,NE,S,5.81,6.93,Calm,False,False,Android,7.0.2,M300 RTK,1ZN7L4R0H1D00F,1W9DL31001461C,1ZMLH8300204F0,1Z6PH74DAP0QN7,"Corona, CA",728.3,5.7,137.7,8.547347,2.013246,0,0,DJI Matrice 300 RTK,M300 RTK,1ZN7L4R0H1D00F,1W9DL31001461C,1ZMLH8300204F0,1Z6PH74DAP0QN7,DJI Pilot,Android,7.0.2,1EF72A62-B7C3-C88D-164E-CE6F8C8424AE,1ZN7L4R0H1D00F,1W9DL31001461C,,1ZMLH8300204F0,1W9DL31001461C,,,,,
2023-11-01,11:26:06.44 AM,1m 44.1s,104.1,33.8013788895197,-117.467304757995,52.1,52.1,14.1,1316,678.4,5.905691,6.043879,-3.579104,0,-4.697574,1.342164,-0.447388,0,0,-0.4,0.4,-129.8,230.2,235.2,Tripod,Other,,22,5,True,,True,False,,Smart,RC,False,True,False,,,True,,False,False,False,False,False,False,False,False,False,False,0,Follow Yaw,-88.9,0,-137.1,222.9,False,False,False,False,False,,0,0,False,False,No Card,100,100,1024,1356,1283,1193,2,False,False,False,False,False,0,False,False,False,False,94,,47.676,,9440,,10044,,47.676,,True,3.972,3.972,3.972,3.972,3.972,3.972,3.972,3.972,3.972,3.972,3.972,3.972,0,,False,False,True,,,,,,,,,,,,,,,False,False,18.992,,82.9,,75.7,,82.9,,1800,48,5,16,7,142144.4,18952.58,,Idle,,20,,10,,,20,Go Home,False,False,False,False,False,False,False,False,False,False,False,False,33.8027920380556,-117.4659261431046,663.6,2972.0,1049.4,396.9,True,1,1,False,False,False,False,,True,False,False,Course Lock,196.8,67,16.4,93,NE,S,5.81,6.93,Calm,False,False,Android,7.0.2,M300 RTK,1ZN7L4R0H1D00F,1W9DL31001461C,1ZMLH8300204F0,1Z6PH74DAP0QN7,"Corona, CA",728.3,5.7,137.7,8.547347,2.013246,0,0,DJI Matrice 300 RTK,M300 RTK,1ZN7L4R0H1D00F,1W9DL31001461C,1ZMLH8300204F0,1Z6PH74DAP0QN7,DJI Pilot,Android,7.0.2,1EF72A62-B7C3-C88D-164E-CE6F8C8424AE,1ZN7L4R0H1D00F,1W9DL31001461C,,1ZMLH8300204F0,1W9DL31001461C,,,,,
2023-11-01,11:26:06.54 AM,1m 44.2s,104.2,33.8013773850988,-117.4673070947568,52.1,52.1,14.1,1316,679.3,5.905691,6.043879,-3.579104,0,-4.697574,1.342164,-0.447388,0,0,-0.3,0.3,-129.4,230.6,232.2,Tripod,Other,,22,5,True,,True,False,,Smart,RC,False,True,False,,,True,,False,False,False,False,False,False,False,False,False,False,0,Follow Yaw,-88.9,0,-136.7,223.3,False,False,False,False,False,,0,0,False,False,No Card,100,100,1024,1358,1304,1187,2,False,False,False,False,False,0,False,False,False,False,94,,47.676,,9440,,10044,,47.676,,True,3.972,3.972,3.972,3.972,3.972,3.972,3.972,3.972,3.972,3.972,3.972,3.972,0,,False,False,True,,,,,,,,,,,,,,,False,False,18.992,,82.9,,75.7,,82.9,,1800,48,5,16,7,142144.4,18952.58,,Idle,,20,,10,,,20,Go Home,False,False,False,False,False,False,False,False,False,False,False,False,33.8027920380556,-117.4659261431046,664.5,2972.0,1049.4,396.9,True,1,1,False,False,False,False,,True,False,False,Course Lock,196.8,67,16.4,93,NE,S,5.81,6.93,Calm,False,False,Android,7.0.2,M300 RTK,1ZN7L4R0H1D00F,1W9DL31001461C,1ZMLH8300204F0,1Z6PH74DAP0QN7,"Corona, CA",728.3,5.7,137.7,8.547347,2.013246,0,0,DJI Matrice 300 RTK,M300 RTK,1ZN7L4R0H1D00F,1W9DL31001461C,1ZMLH8300204F0,1Z6PH74DAP0QN7,DJI Pilot,Android,7.0.2,1EF72A62-B7C3-C88D-164E-CE6F8C8424AE,1ZN7L4R0H1D00F,1W9DL31001461C,,1ZMLH8300204F0,1W9DL31001461C,,,,,
2023-11-01,11:26:06.64 AM,1m 44.3s,104.3,33.8013757370341,-117.4673095219015,52.4,52.4,14.1,1316,680.2,6.085134,6.085134,-3.579104,0,-4.921268,1.342164,-0.447388,0,0,-0.2,0.2,-129.1,230.9,230.7,Tripod,Other,,22,5,True,,True,False,,Smart,RC,False,True,False,,,True,,False,False,False,False,False,False,False,False,False,False,0,Follow Yaw,-88.9,0,-136.4,223.6,False,False,False,False,False,,0,0,False,False,No Card,100,100,1024,1357,1312,1187,2,False,False,False,False,False,0,False,False,False,False,94,,47.676,,9440,,10044,,47.676,,True,3.971,3.971,3.971,3.971,3.971,3.971,3.971,3.971,3.971,3.971,3.971,3.971,0,,False,False,True,,,,,,,,,,,,,,,False,False,18.992,,82.9,,75.7,,82.9,,1799,48,5,16,7,142006.8,18934.24,,Idle,,20,,10,,,20,Go Home,False,False,False,False,False,False,False,False,False,False,False,False,33.8027920380556,-117.4659261431046,665.4,2972.0,1049.4,396.9,True,1,1,False,False,False,False,,True,False,False,Course Lock,196.8,67,16.4,93,NE,S,5.81,6.93,Calm,False,False,Android,7.0.2,M300 RTK,1ZN7L4R0H1D00F,1W9DL31001461C,1ZMLH8300204F0,1Z6PH74DAP0QN7,"Corona, CA",728.3,5.7,137.7,8.547347,2.013246,0,0,DJI Matrice 300 RTK,M300 RTK,1ZN7L4R0H1D00F,1W9DL31001461C,1ZMLH8300204F0,1Z6PH74DAP0QN7,DJI Pilot,Android,7.0.2,1EF72A62-B7C3-C88D-164E-CE6F8C8424AE,1ZN7L4R0H1D00F,1W9DL31001461C,,1ZMLH8300204F0,1W9DL31001461C,,,,,
2023-11-01,11:26:06.74 AM,1m 44.4s,104.4,33.8013742539952,-117.4673118896706,52.4,52.4,14.1,1316,681.1,6.085134,6.085134,-3.579104,0,-4.921268,1.342164,-0.447388,0,0.1,-0.2,0.2,-128.7,231.3,232.9,Tripod,Other,,22,5,True,,True,False,,Smart,RC,False,True,False,,,True,,False,False,False,False,False,False,False,False,False,False,0,Follow Yaw,-88.9,0,-136,224,False,False,False,False,False,,0,0,False,False,No Card,100,100,1024,1357,1324,1178,2,False,False,False,False,False,0,False,False,False,False,94,,47.676,,9440,,10044,,47.676,,True,3.971,3.971,3.971,3.971,3.971,3.971,3.971,3.971,3.971,3.971,3.971,3.971,0,,False,False,True,,,,,,,,,,,,,,,False,False,18.992,,82.9,,75.7,,82.9,,1799,48,5,16,7,142006.8,18934.24,,Idle,,20,,10,,,20,Go Home,False,False,False,False,False,False,False,False,False,False,False,False,33.8027920380556,-117.4659261431046,666.3,2972.0,1049.4,396.9,True,1,1,False,False,False,False,,True,False,False,Course Lock,196.8,67,16.4,93,NE,S,5.81,6.93,Calm,False,False,Android,7.0.2,M300 RTK,1ZN7L4R0H1D00F,1W9DL31001461C,1ZMLH8300204F0,1Z6PH74DAP0QN7,"Corona, CA",728.3,5.7,137.7,8.547347,2.013246,0,0,DJI Matrice 300 RTK,M300 RTK,1ZN7L4R0H1D00F,1W9DL31001461C,1ZMLH8300204F0,1Z6PH74DAP0QN7,DJI Pilot,Android,7.0.2,1EF72A62-B7C3-C88D-164E-CE6F8C8424AE,1ZN7L4R0H1D00F,1W9DL31001461C,,1ZMLH8300204F0,1W9DL31001461C,,,,,
2023-11-01,11:26:06.84 AM,1m 44.5s,104.5,33.8013727556052,-117.467314271294,52.4,52.4,14.1,1316,682.0,5.956312,6.085134,-3.35541,0,-4.921268,1.342164,-0.447388,0,0,-0.3,0.3,-128.4,231.6,232.8,Tripod,Other,,22,5,True,,True,False,,Smart,RC,False,True,False,,,True,,False,False,False,False,False,False,False,False,False,False,0,Follow Yaw,-88.9,0,-135.7,224.3,False,False,False,False,False,,0,0,False,False,No Card,100,100,1024,1357,1329,1165,2,False,False,False,False,False,0,False,False,False,False,94,,47.676,,9440,,10044,,47.676,,True,3.971,3.971,3.971,3.971,3.971,3.971,3.971,3.971,3.971,3.971,3.971,3.971,0,,False,False,True,,,,,,,,,,,,,,,False,False,18.992,,82.9,,75.7,,82.9,,1799,48,5,16,7,142006.8,18934.24,,Idle,,20,,10,,,20,Go Home,False,False,False,False,False,False,False,False,False,False,False,False,33.8027920380556,-117.4659261431046,667.2,2972.0,1049.4,396.9,True,1,1,False,False,False,False,,True,False,False,Course Lock,196.8,67,16.4,93,NE,S,5.81,6.93,Calm,False,False,Android,7.0.2,M300 RTK,1ZN7L4R0H1D00F,1W9DL31001461C,1ZMLH8300204F0,1Z6PH74DAP0QN7,"Corona, CA",728.3,5.7,137.7,8.547347,2.013246,0,0,DJI Matrice 300 RTK,M300 RTK,1ZN7L4R0H1D00F,1W9DL31001461C,1ZMLH8300204F0,1Z6PH74DAP0QN7,DJI Pilot,Android,7.0.2,1EF72A62-B7C3-C88D-164E-CE6F8C8424AE,1ZN7L4R0H1D00F,1W9DL31001461C,,1ZMLH8300204F0,1W9DL31001461C,,,,,
2023-11-01,11:26:06.94 AM,1m 44.6s,104.6,33.8013713021722,-117.4673166628133,52.4,52.4,14.1,1316,682.9,5.956312,6.085134,-3.35541,0,-4.921268,1.342164,-0.447388,0,-0.1,-0.5,0.5,-128,232,233.8,Tripod,Other,,22,5,True,,True,False,,Smart,RC,False,True,False,,,True,,False,False,False,False,False,False,False,False,False,False,0,Follow Yaw,-88.9,0,-135.4,224.6,False,False,False,False,False,,0,0,False,False,No Card,100,100,1024,1357,1329,1155,2,False,False,False,False,False,0,False,False,False,False,94,,47.676,,9440,,10044,,47.676,,True,3.971,3.971,3.971,3.971,3.971,3.971,3.971,3.971,3.971,3.971,3.971,3.971,0,,False,False,True,,,,,,,,,,,,,,,False,False,18.992,,82.9,,75.7,,82.9,,1799,48,5,16,7,142006.8,18934.24,,Idle,,20,,10,,,20,Go Home,False,False,False,False,False,False,False,False,False,False,False,False,33.8027920380556,-117.4659261431046,668.0,2972.0,1049.4,396.9,True,1,1,False,False,False,False,,True,False,False,Course Lock,196.8,67,16.4,93,NE,S,5.59,6.93,Calm,False,False,Android,7.0.2,M300 RTK,1ZN7L4R0H1D00F,1W9DL31001461C,1ZMLH8300204F0,1Z6PH74DAP0QN7,"Corona, CA",728.3,5.7,137.7,8.547347,2.013246,0,0,DJI Matrice 300 RTK,M300 RTK,1ZN7L4R0H1D00F,1W9DL31001461C,1ZMLH8300204F0,1Z6PH74DAP0QN7,DJI Pilot,Android,7.0.2,1EF72A62-B7C3-C88D-164E-CE6F8C8424AE,1ZN7L4R0H1D00F,1W9DL31001461C,,1ZMLH8300204F0,1W9DL31001461C,,,,,
2023-11-01,11:26:07.04 AM,1m 44.7s,104.7,33.8013699046617,-117.4673191618685,52.8,52.8,14.4,1317,683.8,5.956312,6.085134,-3.35541,0,-4.921268,1.342164,-0.447388,0,-0.1,-0.8,0.8,-127.7,232.3,236.0,Tripod,Other,,22,5,True,,True,False,,Smart,RC,False,True,False,,,True,,False,False,False,False,False,False,False,False,False,False,0,Follow Yaw,-88.9,0,-135.1,224.9,False,False,False,False,False,,0,0,False,False,No Card,100,100,1024,1357,1329,1150,2,False,False,False,False,False,0,False,False,False,False,94,,47.628,,4686,,4986,,47.628,,True,3.971,3.971,3.971,3.971,3.971,3.971,3.971,3.971,3.971,3.971,3.971,3.971,0,,False,False,True,,,,,,,,,,,,,,,False,False,9.312,,82.2,,75.7,,82.9,,1799,48,5,16,7,142006.8,18934.24,,Idle,,20,,10,,,20,Go Home,False,False,False,False,False,False,False,False,False,False,False,False,33.8027920380556,-117.4659261431046,668.9,2972.0,1049.4,396.9,True,1,1,False,False,False,False,,True,False,False,Course Lock,196.8,67,16.4,93,NE,S,5.59,6.93,Calm,False,False,Android,7.0.2,M300 RTK,1ZN7L4R0H1D00F,1W9DL31001461C,1ZMLH8300204F0,1Z6PH74DAP0QN7,"Corona, CA",728.3,5.7,137.7,8.547347,2.013246,0,0,DJI Matrice 300 RTK,M300 RTK,1ZN7L4R0H1D00F,1W9DL31001461C,1ZMLH8300204F0,1Z6PH74DAP0QN7,DJI Pilot,Android,7.0.2,1EF72A62-B7C3-C88D-164E-CE6F8C8424AE,1ZN7L4R0H1D00F,1W9DL31001461C,,1ZMLH8300204F0,1W9DL31001461C,,,,,
2023-11-01,11:26:07.14 AM,1m 44.8s,104.8,33.8013684753521,-117.4673215824159,52.8,52.8,14.4,1317,684.7,5.956312,6.085134,-3.35541,0,-4.921268,1.342164,-0.447388,0,-0.1,-1.1,1.1,-127.4,232.6,234.6,Tripod,Other,,22,5,True,,True,False,,Smart,RC,False,True,False,,,True,,False,False,False,False,False,False,False,False,False,False,0,Follow Yaw,-88.9,0,-134.9,225.1,False,False,False,False,False,,0,0,False,False,No Card,100,100,1024,1357,1329,1150,2,False,False,False,False,False,0,False,False,False,False,94,,47.628,,4686,,4986,,47.628,,True,3.971,3.971,3.971,3.971,3.971,3.971,3.971,3.971,3.971,3.971,3.971,3.971,0,,False,False,True,,,,,,,,,,,,,,,False,False,9.312,,82.2,,75.7,,82.9,,1799,48,5,16,7,142006.8,18934.24,,Idle,,20,,10,,,20,Go Home,False,False,False,False,False,False,False,False,False,False,False,False,33.8027920380556,-117.4659261431046,669.8,2972.0,1049.4,396.9,True,1,1,False,False,False,False,,True,False,False,Course Lock,196.8,67,16.4,93,NE,S,5.59,6.93,Calm,False,False,Android,7.0.2,M300 RTK,1ZN7L4R0H1D00F,1W9DL31001461C,1ZMLH8300204F0,1Z6PH74DAP0QN7,"Corona, CA",728.3,5.7,137.7,8.547347,2.013246,0,0,DJI Matrice 300 RTK,M300 RTK,1ZN7L4R0H1D00F,1W9DL31001461C,1ZMLH8300204F0,1Z6PH74DAP0QN7,DJI Pilot,Android,7.0.2,1EF72A62-B7C3-C88D-164E-CE6F8C8424AE,1ZN7L4R0H1D00F,1W9DL31001461C,,1ZMLH8300204F0,1W9DL31001461C,,,,,
2023-11-01,11:26:07.24 AM,1m 44.9s,104.9,33.8013669720277,-117.4673240240746,52.8,52.8,14.4,1317,685.6,5.956312,6.085134,-3.35541,0,-4.921268,1.342164,-0.671082,0,-0.2,-1.4,1.4,-127.3,232.7,233.4,Tripod,Other,,22,5,True,,True,False,,Smart,RC,False,True,False,,,True,,False,False,False,False,False,False,False,False,False,False,0,Follow Yaw,-88.9,0,-134.7,225.3,False,False,False,False,False,,0,0,False,False,No Card,100,100,1024,1357,1354,1024,2,False,False,False,False,False,0,False,False,False,False,94,,47.628,,4686,,4986,,47.628,,True,3.971,3.971,3.971,3.971,3.971,3.971,3.971,3.971,3.971,3.971,3.971,3.971,0,,False,False,True,,,,,,,,,,,,,,,False,False,9.312,,82.2,,75.7,,82.9,,1799,48,5,16,7,142006.8,18934.24,,Idle,,20,,10,,,20,Go Home,False,False,False,False,False,False,False,False,False,False,False,False,33.8027920380556,-117.4659261431046,670.7,2972.0,1049.4,396.9,True,1,1,False,False,False,False,,True,False,False,Course Lock,196.8,67,16.4,93,NE,S,5.59,6.93,Calm,False,False,Android,7.0.2,M300 RTK,1ZN7L4R0H1D00F,1W9DL31001461C,1ZMLH8300204F0,1Z6PH74DAP0QN7,"Corona, CA",728.3,5.7,137.7,8.547347,2.013246,0,0,DJI Matrice 300 RTK,M300 RTK,1ZN7L4R0H1D00F,1W9DL31001461C,1ZMLH8300204F0,1Z6PH74DAP0QN7,DJI Pilot,Android,7.0.2,1EF72A62-B7C3-C88D-164E-CE6F8C8424AE,1ZN7L4R0H1D00F,1W9DL31001461C,,1ZMLH8300204F0,1W9DL31001461C,,,,,
2023-11-01,11:26:07.32 AM,1m 45.0s,105.0,33.8013655355908,-117.467326451879,53.1,53.1,14.4,1317,686.5,5.956312,6.085134,-3.35541,0,-4.921268,1.342164,-0.671082,0,-0.2,-1.4,1.4,-127,233,234.5,Tripod,Other,,22,5,True,,True,False,,Smart,RC,False,True,False,,,True,,False,False,False,False,False,False,False,False,False,False,0,Follow Yaw,-88.9,0,-134.5,225.5,False,False,False,False,False,,0,0,False,False,No Card,100,100,1024,1356,1355,1024,2,False,False,False,False,False,0,False,False,False,False,94,,47.64,,9440,,10044,,47.64,,True,3.971,3.971,3.971,3.971,3.971,3.971,3.971,3.971,3.971,3.971,3.971,3.971,0,,False,False,True,,,,,,,,,,,,,,,False,False,19.072,,83.1,,75.7,,83.1,,1799,48,5,16,7,142006.8,18934.24,,Idle,,20,,10,,,20,Go Home,False,False,False,False,False,False,False,False,False,False,False,False,33.8027920380556,-117.4659261431046,671.5,2972.0,1049.4,396.9,True,1,1,False,False,False,False,,True,False,False,Course Lock,196.8,67,16.4,93,NE,S,5.59,6.93,Calm,False,False,Android,7.0.2,M300 RTK,1ZN7L4R0H1D00F,1W9DL31001461C,1ZMLH8300204F0,1Z6PH74DAP0QN7,"Corona, CA",728.3,5.7,137.7,8.547347,2.013246,0,0,DJI Matrice 300 RTK,M300 RTK,1ZN7L4R0H1D00F,1W9DL31001461C,1ZMLH8300204F0,1Z6PH74DAP0QN7,DJI Pilot,Android,7.0.2,1EF72A62-B7C3-C88D-164E-CE6F8C8424AE,1ZN7L4R0H1D00F,1W9DL31001461C,,1ZMLH8300204F0,1W9DL31001461C,,,,,
2023-11-01,11:26:07.44 AM,1m 45.1s,105.1,33.8013641068295,-117.4673289535732,53.1,53.1,14.4,1317,687.5,5.956312,6.085134,-3.35541,0,-4.921268,1.342164,-0.671082,0,-0.1,-1.6,1.6,-126.7,233.3,235.4,Tripod,Other,,22,5,True,,True,False,,Smart,RC,False,True,False,,,True,,False,False,False,False,False,False,False,False,False,False,0,Follow Yaw,-88.9,0,-134.5,225.5,False,False,False,False,False,,0,0,False,False,No Card,100,100,1024,1357,1356,1024,2,False,False,False,False,False,0,False,False,False,False,94,,47.64,,9440,,10044,,47.64,,True,3.971,3.971,3.971,3.971,3.971,3.971,3.971,3.971,3.971,3.971,3.971,3.971,0,,False,False,True,,,,,,,,,,,,,,,False,False,19.072,,83.1,,75.7,,83.1,,1799,48,5,16,7,142006.8,18934.24,,Idle,,20,,10,,,20,Go Home,False,False,False,False,False,False,False,False,False,False,False,False,33.8027920380556,-117.4659261431046,672.4,2972.0,1049.4,396.9,True,1,1,False,False,False,False,,True,False,False,Course Lock,196.8,67,16.4,93,NE,S,5.59,6.93,Calm,False,False,Android,7.0.2,M300 RTK,1ZN7L4R0H1D00F,1W9DL31001461C,1ZMLH8300204F0,1Z6PH74DAP0QN7,"Corona, CA",728.3,5.7,137.7,8.547347,2.013246,0,0,DJI Matrice 300 RTK,M300 RTK,1ZN7L4R0H1D00F,1W9DL31001461C,1ZMLH8300204F0,1Z6PH74DAP0QN7,DJI Pilot,Android,7.0.2,1EF72A62-B7C3-C88D-164E-CE6F8C8424AE,1ZN7L4R0H1D00F,1W9DL31001461C,,1ZMLH8300204F0,1W9DL31001461C,,,,,
2023-11-01,11:26:07.54 AM,1m 45.2s,105.2,33.801362667103,-117.4673313945722,53.1,53.1,14.4,1317,688.4,5.956312,6.085134,-3.35541,0,-4.921268,1.342164,-0.671082,0,0,-1.8,1.8,-126.5,233.5,234.6,Tripod,Other,,22,5,True,,True,False,,Smart,RC,False,True,False,,,True,,False,False,False,False,False,False,False,False,False,False,0,Follow Yaw,-88.9,0,-134.5,225.5,False,False,False,False,False,,0,0,False,False,No Card,100,100,1024,1354,1359,1024,2,False,False,False,False,False,0,False,False,False,False,94,,47.64,,9440,,10044,,47.64,,True,3.971,3.971,3.971,3.971,3.971,3.971,3.971,3.971,3.971,3.971,3.971,3.971,0,,False,False,True,,,,,,,,,,,,,,,False,False,19.072,,83.1,,75.7,,83.1,,1799,48,5,16,7,142006.8,18934.24,,Idle,,20,,10,,,20,Go Home,False,False,False,False,False,False,False,False,False,False,False,False,33.8027920380556,-117.4659261431046,673.3,2972.0,1049.4,396.9,True,1,1,False,False,False,False,,True,False,False,Course Lock,196.8,67,16.4,93,NE,S,5.59,6.93,Calm,False,False,Android,7.0.2,M300 RTK,1ZN7L4R0H1D00F,1W9DL31001461C,1ZMLH8300204F0,1Z6PH74DAP0QN7,"Corona, CA",728.3,5.7,137.7,8.547347,2.013246,0,0,DJI Matrice 300 RTK,M300 RTK,1ZN7L4R0H1D00F,1W9DL31001461C,1ZMLH8300204F0,1Z6PH74DAP0QN7,DJI Pilot,Android,7.0.2,1EF72A62-B7C3-C88D-164E-CE6F8C8424AE,1ZN7L4R0H1D00F,1W9DL31001461C,,1ZMLH8300204F0,1W9DL31001461C,,,,,
2023-11-01,11:26:07.62 AM,1m 45.3s,105.3,33.8013613397696,-117.4673338065431,53.4,53.4,14.7,1317,689.2,5.956312,6.085134,-3.35541,0,-4.921268,1.342164,-0.671082,0,0,-1.7,1.7,-126.3,233.7,236.4,Tripod,Other,,22,5,True,,True,False,,Smart,RC,False,True,False,,,True,,False,False,False,False,False,False,False,False,False,False,0,Follow Yaw,-88.9,0,-134.5,225.5,False,False,False,False,False,,0,0,False,False,No Card,100,100,1024,1354,1359,1024,2,False,False,False,False,False,0,False,False,False,False,94,,47.64,,9440,,10044,,47.64,,True,3.973,3.973,3.973,3.973,3.973,3.973,3.973,3.973,3.973,3.973,3.973,3.973,0,,False,False,True,,,,,,,,,,,,,,,False,False,19.072,,83.1,,75.7,,83.1,,1798,48,5,16,7,141950.9,18926.79,,Idle,,20,,10,,,20,Go Home,False,False,False,False,False,False,False,False,False,False,False,False,33.8027920380556,-117.4659261431046,674.1,2972.0,1049.4,396.9,True,1,1,False,False,False,False,,True,False,False,Course Lock,196.8,67,16.4,93,NE,S,5.59,6.93,Calm,False,False,Android,7.0.2,M300 RTK,1ZN7L4R0H1D00F,1W9DL31001461C,1ZMLH8300204F0,1Z6PH74DAP0QN7,"Corona, CA",728.3,5.7,137.7,8.547347,2.013246,0,0,DJI Matrice 300 RTK,M300 RTK,1ZN7L4R0H1D00F,1W9DL31001461C,1ZMLH8300204F0,1Z6PH74DAP0QN7,DJI Pilot,Android,7.0.2,1EF72A62-B7C3-C88D-164E-CE6F8C8424AE,1ZN7L4R0H1D00F,1W9DL31001461C,,1ZMLH8300204F0,1W9DL31001461C,,,,,
2023-11-01,11:26:07.73 AM,1m 45.4s,105.4,33.8013599027844,-117.467336242924,53.4,53.4,14.7,1317,690.2,5.956312,6.085134,-3.35541,0,-4.921268,1.342164,-0.671082,0,0,-1.5,1.5,-126.1,233.9,234.6,Tripod,Other,,22,5,True,,True,False,,Smart,RC,False,True,False,,,True,,False,False,False,False,False,False,False,False,False,False,0,Follow Yaw,-88.9,0,-134.5,225.5,False,False,False,False,False,,0,0,False,False,No Card,100,100,1024,1357,1358,1024,2,False,False,False,False,False,0,False,False,False,False,94,,47.64,,9440,,10044,,47.64,,True,3.973,3.973,3.973,3.973,3.973,3.973,3.973,3.973,3.973,3.973,3.973,3.973,0,,False,False,True,,,,,,,,,,,,,,,False,False,19.072,,83.1,,75.7,,83.1,,1798,48,5,16,7,141950.9,18926.79,,Idle,,20,,10,,,20,Go Home,False,False,False,False,False,False,False,False,False,False,False,False,33.8027920380556,-117.4659261431046,675.0,2972.0,1049.4,396.9,True,1,1,False,False,False,False,,True,False,False,Course Lock,196.8,67,16.4,93,NE,S,5.59,6.93,Calm,False,False,Android,7.0.2,M300 RTK,1ZN7L4R0H1D00F,1W9DL31001461C,1ZMLH8300204F0,1Z6PH74DAP0QN7,"Corona, CA",728.3,5.7,137.7,8.547347,2.013246,0,0,DJI Matrice 300 RTK,M300 RTK,1ZN7L4R0H1D00F,1W9DL31001461C,1ZMLH8300204F0,1Z6PH74DAP0QN7,DJI Pilot,Android,7.0.2,1EF72A62-B7C3-C88D-164E-CE6F8C8424AE,1ZN7L4R0H1D00F,1W9DL31001461C,,1ZMLH8300204F0,1W9DL31001461C,,,,,
2023-11-01,11:26:07.83 AM,1m 45.5s,105.5,33.8013582371755,-117.4673388165286,53.4,53.4,14.7,1317,691.1,5.956312,6.085134,-3.35541,0,-4.921268,1.342164,-0.671082,0,0,-1.3,1.3,-126.1,233.9,232.0,Tripod,Other,,22,5,True,,True,False,,Smart,RC,False,True,False,,,True,,False,False,False,False,False,False,False,False,False,False,0,Follow Yaw,-88.9,0,-134.5,225.5,False,False,False,False,False,,0,0,False,False,No Card,100,100,1024,1357,1352,1024,2,False,False,False,False,False,0,False,False,False,False,94,,47.64,,9440,,10044,,47.64,,True,3.973,3.973,3.973,3.973,3.973,3.973,3.973,3.973,3.973,3.973,3.973,3.973,0,,False,False,True,,,,,,,,,,,,,,,False,False,19.072,,83.1,,75.7,,83.1,,1798,48,5,16,7,141950.9,18926.79,,Idle,,20,,10,,,20,Go Home,False,False,False,False,False,False,False,False,False,False,False,False,33.8027920380556,-117.4659261431046,676.0,2972.0,1049.4,396.9,True,1,1,False,False,False,False,,True,False,False,Course Lock,196.8,67,16.4,93,NE,S,5.59,6.93,Calm,False,False,Android,7.0.2,M300 RTK,1ZN7L4R0H1D00F,1W9DL31001461C,1ZMLH8300204F0,1Z6PH74DAP0QN7,"Corona, CA",728.3,5.7,137.7,8.547347,2.013246,0,0,DJI Matrice 300 RTK,M300 RTK,1ZN7L4R0H1D00F,1W9DL31001461C,1ZMLH8300204F0,1Z6PH74DAP0QN7,DJI Pilot,Android,7.0.2,1EF72A62-B7C3-C88D-164E-CE6F8C8424AE,1ZN7L4R0H1D00F,1W9DL31001461C,,1ZMLH8300204F0,1W9DL31001461C,,,,,
2023-11-01,11:26:07.93 AM,1m 45.6s,105.6,33.8013567788083,-117.4673412720417,53.8,53.8,14.7,1318,692.1,5.956312,6.085134,-3.35541,0,-4.921268,1.342164,-0.671082,0,0,-1.2,1.2,-126.2,233.8,234.4,Tripod,Other,,22,5,True,,True,False,,Smart,RC,False,True,False,,,True,,False,False,False,False,False,False,False,False,False,False,0,Follow Yaw,-88.9,0,-134.5,225.5,False,False,False,False,False,,0,0,False,False,No Card,100,100,1024,1356,1350,1024,2,False,False,False,False,False,0,False,False,False,False,94,,47.64,,9440,,10044,,47.64,,True,3.973,3.973,3.973,3.973,3.973,3.973,3.973,3.973,3.973,3.973,3.973,3.973,0,,False,False,True,,,,,,,,,,,,,,,False,False,19.072,,83.1,,75.7,,83.1,,1798,48,5,16,7,141950.9,18926.79,,Idle,,20,,10,,,20,Go Home,False,False,False,False,False,False,False,False,False,False,False,False,33.8027920380556,-117.4659261431046,676.8,2972.0,1049.4,396.9,True,1,1,False,False,False,False,,True,False,False,Course Lock,196.8,67,16.4,93,NE,S,5.59,6.93,Calm,False,False,Android,7.0.2,M300 RTK,1ZN7L4R0H1D00F,1W9DL31001461C,1ZMLH8300204F0,1Z6PH74DAP0QN7,"Corona, CA",728.3,5.7,137.7,8.547347,2.013246,0,0,DJI Matrice 300 RTK,M300 RTK,1ZN7L4R0H1D00F,1W9DL31001461C,1ZMLH8300204F0,1Z6PH74DAP0QN7,DJI Pilot,Android,7.0.2,1EF72A62-B7C3-C88D-164E-CE6F8C8424AE,1ZN7L4R0H1D00F,1W9DL31001461C,,1ZMLH8300204F0,1W9DL31001461C,,,,,
2023-11-01,11:26:08.03 AM,1m 45.7s,105.7,33.8013553303097,-117.4673436305746,53.8,53.8,14.7,1318,692.9,5.956312,6.085134,-3.35541,0,-4.921268,1.342164,-0.671082,0,0,-1.4,1.4,-126.3,233.7,233.5,Tripod,Other,,22,5,True,,True,False,,Smart,RC,False,True,False,,,True,,False,False,False,False,False,False,False,False,False,False,0,Follow Yaw,-88.9,0,-134.5,225.5,False,False,False,False,False,,0,0,False,False,No Card,100,100,1024,1329,1351,1024,2,False,False,False,False,False,0,False,False,False,False,94,,47.64,,9440,,10044,,47.64,,True,3.973,3.973,3.973,3.973,3.973,3.973,3.973,3.973,3.973,3.973,3.973,3.973,0,,False,False,True,,,,,,,,,,,,,,,False,False,19.072,,83.1,,75.7,,83.1,,1798,48,5,16,7,141950.9,18926.79,,Idle,,20,,10,,,20,Go Home,False,False,False,False,False,False,False,False,False,False,False,False,33.8027920380556,-117.4659261431046,677.7,2972.0,1049.4,396.9,True,1,1,False,False,False,False,,True,False,False,Course Lock,196.8,67,16.4,93,NE,S,5.59,6.93,Calm,False,False,Android,7.0.2,M300 RTK,1ZN7L4R0H1D00F,1W9DL31001461C,1ZMLH8300204F0,1Z6PH74DAP0QN7,"Corona, CA",728.3,5.7,137.7,8.547347,2.013246,0,0,DJI Matrice 300 RTK,M300 RTK,1ZN7L4R0H1D00F,1W9DL31001461C,1ZMLH8300204F0,1Z6PH74DAP0QN7,DJI Pilot,Android,7.0.2,1EF72A62-B7C3-C88D-164E-CE6F8C8424AE,1ZN7L4R0H1D00F,1W9DL31001461C,,1ZMLH8300204F0,1W9DL31001461C,,,,,
2023-11-01,11:26:08.14 AM,1m 45.8s,105.8,33.8013538719424,-117.4673460841084,53.8,53.8,14.7,1318,693.9,5.956312,6.085134,-3.35541,0,-4.921268,1.342164,-0.671082,0,0,-1.5,1.5,-126.3,233.7,234.4,Tripod,Other,,22,5,True,,True,False,,Smart,RC,False,True,False,,,True,,False,False,False,False,False,False,False,False,False,False,0,Follow Yaw,-88.9,0,-134.5,225.5,False,False,False,False,False,,0,0,False,False,No Card,100,100,1024,1316,1350,1024,2,False,False,False,False,False,0,False,False,False,False,94,,47.64,,9440,,10044,,47.64,,True,3.973,3.973,3.973,3.973,3.973,3.973,3.973,3.973,3.973,3.973,3.973,3.973,0,,False,False,True,,,,,,,,,,,,,,,False,False,19.072,,83.1,,75.7,,83.1,,1798,48,5,16,7,141950.9,18926.79,,Idle,,20,,10,,,20,Go Home,False,False,False,False,False,False,False,False,False,False,False,False,33.8027920380556,-117.4659261431046,678.6,2972.0,1049.4,396.9,True,1,1,False,False,False,False,,True,False,False,Course Lock,196.8,67,16.4,93,NE,S,5.59,6.93,Calm,False,False,Android,7.0.2,M300 RTK,1ZN7L4R0H1D00F,1W9DL31001461C,1ZMLH8300204F0,1Z6PH74DAP0QN7,"Corona, CA",728.3,5.7,137.7,8.547347,2.013246,0,0,DJI Matrice 300 RTK,M300 RTK,1ZN7L4R0H1D00F,1W9DL31001461C,1ZMLH8300204F0,1Z6PH74DAP0QN7,DJI Pilot,Android,7.0.2,1EF72A62-B7C3-C88D-164E-CE6F8C8424AE,1ZN7L4R0H1D00F,1W9DL31001461C,,1ZMLH8300204F0,1W9DL31001461C,,,,,
2023-11-01,11:26:08.24 AM,1m 45.9s,105.9,33.8013522545803,-117.4673484531969,54.1,54.1,14.7,1318,694.8,5.956312,6.085134,-3.35541,0,-4.921268,1.342164,-0.671082,0,0,-1.6,1.6,-126.3,233.7,230.5,Tripod,Other,,22,5,True,,True,False,,Smart,RC,False,True,False,,,True,,False,False,False,False,False,False,False,False,False,False,0,Follow Yaw,-88.9,0,-134.5,225.5,False,False,False,False,False,,0,0,False,False,No Card,100,100,1024,1316,1349,1024,2,False,False,False,False,False,0,False,False,False,False,94,,47.64,,9440,,10044,,47.64,,True,3.973,3.973,3.973,3.973,3.973,3.973,3.973,3.973,3.973,3.973,3.973,3.973,0,,False,False,True,,,,,,,,,,,,,,,False,False,19.072,,83.1,,75.7,,83.1,,1798,48,5,16,7,141950.9,18926.79,,Idle,,20,,10,,,20,Go Home,False,False,False,False,False,False,False,False,False,False,False,False,33.8027920380556,-117.4659261431046,679.5,2972.0,1049.4,396.9,True,1,1,False,False,False,False,,True,False,False,Course Lock,196.8,67,16.4,93,NE,S,5.59,6.93,Calm,False,False,Android,7.0.2,M300 RTK,1ZN7L4R0H1D00F,1W9DL31001461C,1ZMLH8300204F0,1Z6PH74DAP0QN7,"Corona, CA",728.3,5.7,137.7,8.547347,2.013246,0,0,DJI Matrice 300 RTK,M300 RTK,1ZN7L4R0H1D00F,1W9DL31001461C,1ZMLH8300204F0,1Z6PH74DAP0QN7,DJI Pilot,Android,7.0.2,1EF72A62-B7C3-C88D-164E-CE6F8C8424AE,1ZN7L4R0H1D00F,1W9DL31001461C,,1ZMLH8300204F0,1W9DL31001461C,,,,,
2023-11-01,11:26:08.35 AM,1m 46.0s,106.0,33.8013507742827,-117.4673509073905,54.1,54.1,14.7,1318,695.7,5.956312,6.085134,-3.35541,0,-4.921268,1.342164,-0.671082,0,0.3,-1.6,1.6,-126.4,233.6,234.0,Tripod,Other,,22,5,True,,True,False,,Smart,RC,False,True,False,,,True,,False,False,False,False,False,False,False,False,False,False,0,Follow Yaw,-88.9,0,-134.5,225.5,False,False,False,False,False,,0,0,False,False,No Card,100,100,1024,1299,1350,1024,2,False,False,False,False,False,0,False,False,False,False,94,,47.616,,4686,,4986,,47.616,,True,3.973,3.973,3.973,3.973,3.973,3.973,3.973,3.973,3.973,3.973,3.973,3.973,0,,False,False,True,,,,,,,,,,,,,,,False,False,9.486,,82.2,,75.7,,83.1,,1798,48,5,16,7,141950.9,18926.79,,Idle,,20,,10,,,20,Go Home,False,False,False,False,False,False,False,False,False,False,False,False,33.8027920380556,-117.4659261431046,680.4,2972.0,1049.4,396.9,True,1,1,False,False,False,False,,True,False,False,Course Lock,196.8,67,16.4,93,NE,S,5.59,6.93,Calm,False,False,Android,7.0.2,M300 RTK,1ZN7L4R0H1D00F,1W9DL31001461C,1ZMLH8300204F0,1Z6PH74DAP0QN7,"Corona, CA",728.3,5.7,137.7,8.547347,2.013246,0,0,DJI Matrice 300 RTK,M300 RTK,1ZN7L4R0H1D00F,1W9DL31001461C,1ZMLH8300204F0,1Z6PH74DAP0QN7,DJI Pilot,Android,7.0.2,1EF72A62-B7C3-C88D-164E-CE6F8C8424AE,1ZN7L4R0H1D00F,1W9DL31001461C,,1ZMLH8300204F0,1W9DL31001461C,,,,,
2023-11-01,11:26:08.45 AM,1m 46.1s,106.1,33.8013493159154,-117.4673531768598,54.4,54.4,14.7,1318,696.6,5.956312,6.085134,-3.35541,0,-4.921268,1.342164,-0.671082,0,0.6,-1.5,1.6,-126.5,233.5,232.2,Tripod,Other,,22,5,True,,True,False,,Smart,RC,False,True,False,,,True,,False,False,False,False,False,False,False,False,False,False,0,Follow Yaw,-88.9,0,-134.5,225.5,False,False,False,False,False,,0,0,False,False,No Card,100,100,1024,1299,1350,1024,2,False,False,False,False,False,0,False,False,False,False,94,,47.616,,4686,,4986,,47.616,,True,3.973,3.973,3.973,3.973,3.973,3.973,3.973,3.973,3.973,3.973,3.973,3.973,0,,False,False,True,,,,,,,,,,,,,,,False,False,9.486,,82.2,,75.7,,83.1,,1798,48,5,16,7,141950.9,18926.79,,Idle,,20,,10,,,20,Go Home,False,False,False,False,False,False,False,False,False,False,False,False,33.8027920380556,-117.4659261431046,681.2,2972.0,1049.4,396.9,True,1,1,False,False,False,False,,True,False,False,Course Lock,196.8,67,16.4,93,NE,S,5.59,6.93,Calm,False,False,Android,7.0.2,M300 RTK,1ZN7L4R0H1D00F,1W9DL31001461C,1ZMLH8300204F0,1Z6PH74DAP0QN7,"Corona, CA",728.3,5.7,137.7,8.547347,2.013246,0,0,DJI Matrice 300 RTK,M300 RTK,1ZN7L4R0H1D00F,1W9DL31001461C,1ZMLH8300204F0,1Z6PH74DAP0QN7,DJI Pilot,Android,7.0.2,1EF72A62-B7C3-C88D-164E-CE6F8C8424AE,1ZN7L4R0H1D00F,1W9DL31001461C,,1ZMLH8300204F0,1W9DL31001461C,,,,,
2023-11-01,11:26:08.55 AM,1m 46.2s,106.2,33.8013478378109,-117.4673556073032,54.4,54.4,14.7,1318,697.5,5.956312,6.085134,-3.35541,0,-4.921268,1.342164,-0.671082,0,0.9,-1.5,1.7,-126.5,233.5,233.8,Tripod,Other,,22,5,True,,True,False,,Smart,RC,False,True,False,,,True,,False,False,False,False,False,False,False,False,False,False,0,Follow Yaw,-88.9,0,-134.5,225.5,False,False,False,False,False,,0,0,False,False,No Card,100,100,1024,1297,1352,1024,2,False,False,False,False,False,0,False,False,False,False,94,,47.616,,4686,,4986,,47.616,,True,3.973,3.973,3.973,3.973,3.973,3.973,3.973,3.973,3.973,3.973,3.973,3.973,0,,False,False,True,,,,,,,,,,,,,,,False,False,9.486,,82.2,,75.7,,83.1,,1798,48,5,16,7,141950.9,18926.79,,Idle,,20,,10,,,20,Go Home,False,False,False,False,False,False,False,False,False,False,False,False,33.8027920380556,-117.4659261431046,682.1,2972.0,1049.4,396.9,True,1,1,False,False,False,False,,True,False,False,Course Lock,196.8,67,16.4,93,NE,S,5.59,6.93,Calm,False,False,Android,7.0.2,M300 RTK,1ZN7L4R0H1D00F,1W9DL31001461C,1ZMLH8300204F0,1Z6PH74DAP0QN7,"Corona, CA",728.3,5.7,137.7,8.547347,2.013246,0,0,DJI Matrice 300 RTK,M300 RTK,1ZN7L4R0H1D00F,1W9DL31001461C,1ZMLH8300204F0,1Z6PH74DAP0QN7,DJI Pilot,Android,7.0.2,1EF72A62-B7C3-C88D-164E-CE6F8C8424AE,1ZN7L4R0H1D00F,1W9DL31001461C,,1ZMLH8300204F0,1W9DL31001461C,,,,,
2023-11-01,11:26:08.64 AM,1m 46.3s,106.3,33.801346286788,-117.467358214554,54.4,54.4,15.0,1318,698.5,5.956312,6.085134,-3.35541,0,-4.921268,1.342164,-0.671082,0,1.1,-1.4,1.7,-126.5,233.5,234.4,Tripod,Other,,22,5,True,,True,False,,Smart,RC,False,True,False,,,True,,False,False,False,False,False,False,False,False,False,False,0,Follow Yaw,-88.9,0,-134.5,225.5,False,False,False,False,False,,0,0,False,False,No Card,100,100,1024,1290,1354,1024,2,False,False,False,False,False,0,False,False,False,False,94,,47.616,,4686,,4986,,47.616,,True,3.97,3.97,3.97,3.97,3.97,3.97,3.97,3.97,3.97,3.97,3.97,3.97,0,,False,False,True,,,,,,,,,,,,,,,False,False,9.486,,82.2,,75.7,,83.1,,1798,48,5,16,7,142040.8,18938.78,,Idle,,20,,10,,,20,Go Home,False,False,False,False,False,False,False,False,False,False,False,False,33.8027920380556,-117.4659261431046,683.1,2972.0,1049.4,396.9,True,1,1,False,False,False,False,,True,False,False,Course Lock,196.8,67,16.4,93,NE,S,5.59,6.93,Calm,False,False,Android,7.0.2,M300 RTK,1ZN7L4R0H1D00F,1W9DL31001461C,1ZMLH8300204F0,1Z6PH74DAP0QN7,"Corona, CA",728.3,5.7,137.7,8.547347,2.013246,0,0,DJI Matrice 300 RTK,M300 RTK,1ZN7L4R0H1D00F,1W9DL31001461C,1ZMLH8300204F0,1Z6PH74DAP0QN7,DJI Pilot,Android,7.0.2,1EF72A62-B7C3-C88D-164E-CE6F8C8424AE,1ZN7L4R0H1D00F,1W9DL31001461C,,1ZMLH8300204F0,1W9DL31001461C,,,,,
2023-11-01,11:26:08.76 AM,1m 46.4s,106.4,33.8013448169073,-117.4673606390597,54.7,54.7,15.0,1319,699.4,5.956312,6.085134,-3.35541,0,-4.921268,1.342164,-0.671082,0,1.3,-1.4,1.9,-126.6,233.4,233.8,Tripod,Other,,22,5,True,,True,False,,Smart,RC,False,True,False,,,True,,False,False,False,False,False,False,False,False,False,False,0,Follow Yaw,-88.9,0,-134.5,225.5,False,False,False,False,False,,0,0,False,False,No Card,100,100,1024,1269,1354,1024,2,False,False,False,False,False,0,False,False,False,False,94,,47.616,,4686,,4986,,47.616,,True,3.97,3.97,3.97,3.97,3.97,3.97,3.97,3.97,3.97,3.97,3.97,3.97,0,,False,False,True,,,,,,,,,,,,,,,False,False,9.486,,82.2,,75.7,,83.1,,1798,48,5,16,7,142040.8,18938.78,,Idle,,20,,10,,,20,Go Home,False,False,False,False,False,False,False,False,False,False,False,False,33.8027920380556,-117.4659261431046,683.9,2972.0,1049.4,396.9,True,1,1,False,False,False,False,,True,False,False,Course Lock,196.8,67,16.4,93,NE,S,5.59,6.93,Calm,False,False,Android,7.0.2,M300 RTK,1ZN7L4R0H1D00F,1W9DL31001461C,1ZMLH8300204F0,1Z6PH74DAP0QN7,"Corona, CA",728.3,5.7,137.7,8.547347,2.013246,0,0,DJI Matrice 300 RTK,M300 RTK,1ZN7L4R0H1D00F,1W9DL31001461C,1ZMLH8300204F0,1Z6PH74DAP0QN7,DJI Pilot,Android,7.0.2,1EF72A62-B7C3-C88D-164E-CE6F8C8424AE,1ZN7L4R0H1D00F,1W9DL31001461C,,1ZMLH8300204F0,1W9DL31001461C,,,,,
2023-11-01,11:26:08.86 AM,1m 46.5s,106.5,33.8013434654505,-117.467363020683,54.7,54.7,15.0,1319,700.3,5.956312,6.085134,-3.35541,0,-4.921268,1.342164,-0.671082,0,1.3,-1.5,1.9,-126.6,233.4,235.6,Tripod,Other,,22,5,True,,True,False,,Smart,RC,False,True,False,,,True,,False,False,False,False,False,False,False,False,False,False,0,Follow Yaw,-88.9,0,-134.5,225.5,False,False,False,False,False,,0,0,False,False,No Card,100,100,1024,1270,1354,1024,2,False,False,False,False,False,0,False,False,False,False,94,,47.616,,4686,,4986,,47.616,,True,3.97,3.97,3.97,3.97,3.97,3.97,3.97,3.97,3.97,3.97,3.97,3.97,0,,False,False,True,,,,,,,,,,,,,,,False,False,9.486,,82.2,,75.7,,83.1,,1798,48,5,16,7,142040.8,18938.78,,Idle,,20,,10,,,20,Go Home,False,False,False,False,False,False,False,False,False,False,False,False,33.8027920380556,-117.4659261431046,684.8,2972.0,1049.4,396.9,True,1,1,False,False,False,False,,True,False,False,Course Lock,196.8,67,16.4,93,NE,S,5.59,6.93,Calm,False,False,Android,7.0.2,M300 RTK,1ZN7L4R0H1D00F,1W9DL31001461C,1ZMLH8300204F0,1Z6PH74DAP0QN7,"Corona, CA",728.3,5.7,137.7,8.547347,2.013246,0,0,DJI Matrice 300 RTK,M300 RTK,1ZN7L4R0H1D00F,1W9DL31001461C,1ZMLH8300204F0,1Z6PH74DAP0QN7,DJI Pilot,Android,7.0.2,1EF72A62-B7C3-C88D-164E-CE6F8C8424AE,1ZN7L4R0H1D00F,1W9DL31001461C,,1ZMLH8300204F0,1W9DL31001461C,,,,,
2023-11-01,11:26:08.96 AM,1m 46.6s,106.6,33.8013420240792,-117.4673654075842,55.1,55.1,15.0,1319,701.1,5.956312,6.085134,-3.35541,0,-4.921268,1.342164,-0.671082,0,1.4,-1.6,2.1,-126.6,233.4,233.9,Tripod,Other,,22,5,True,,True,False,,Smart,RC,False,True,False,,,True,,False,False,False,False,False,False,False,False,False,False,0,Follow Yaw,-88.9,0,-134.5,225.5,False,False,False,False,False,,0,0,False,False,No Card,100,100,1024,1266,1355,1024,2,False,False,False,False,False,0,False,False,False,False,94,,47.616,,4686,,4986,,47.616,,True,3.97,3.97,3.97,3.97,3.97,3.97,3.97,3.97,3.97,3.97,3.97,3.97,0,,False,False,True,,,,,,,,,,,,,,,False,False,9.486,,82.2,,75.7,,83.1,,1798,48,5,16,7,142040.8,18938.78,,Idle,,20,,10,,,20,Go Home,False,False,False,False,False,False,False,False,False,False,False,False,33.8027920380556,-117.4659261431046,685.7,2972.0,1049.4,396.9,True,1,1,False,False,False,False,,True,False,False,Course Lock,196.8,67,16.4,93,NE,S,5.59,6.93,Calm,False,False,Android,7.0.2,M300 RTK,1ZN7L4R0H1D00F,1W9DL31001461C,1ZMLH8300204F0,1Z6PH74DAP0QN7,"Corona, CA",728.3,5.7,137.7,8.547347,2.013246,0,0,DJI Matrice 300 RTK,M300 RTK,1ZN7L4R0H1D00F,1W9DL31001461C,1ZMLH8300204F0,1Z6PH74DAP0QN7,DJI Pilot,Android,7.0.2,1EF72A62-B7C3-C88D-164E-CE6F8C8424AE,1ZN7L4R0H1D00F,1W9DL31001461C,,1ZMLH8300204F0,1W9DL31001461C,,,,,
2023-11-01,11:26:09.06 AM,1m 46.7s,106.7,33.8013406643985,-117.4673676354905,55.1,55.1,15.0,1319,702.0,5.772865,6.085134,-3.35541,0,-4.697574,1.342164,-0.671082,0,1.7,-1.5,2.2,-126.6,233.4,233.7,Tripod,Other,,22,5,True,,True,False,,Smart,RC,False,True,False,,,True,,False,False,False,False,False,False,False,False,False,False,0,Follow Yaw,-88.9,0,-134.5,225.5,False,False,False,False,False,,0,0,False,False,No Card,100,100,1024,1264,1356,1024,2,False,False,False,False,False,0,False,False,False,False,94,,47.616,,4686,,4986,,47.616,,True,3.97,3.97,3.97,3.97,3.97,3.97,3.97,3.97,3.97,3.97,3.97,3.97,0,,False,False,True,,,,,,,,,,,,,,,False,False,9.486,,82.2,,75.7,,83.1,,1798,48,5,16,7,142040.8,18938.78,,Idle,,20,,10,,,20,Go Home,False,False,False,False,False,False,False,False,False,False,False,False,33.8027920380556,-117.4659261431046,686.5,2972.0,1049.4,396.9,True,1,1,False,False,False,False,,True,False,False,Course Lock,196.8,67,16.4,93,NE,S,5.59,6.93,Calm,False,False,Android,7.0.2,M300 RTK,1ZN7L4R0H1D00F,1W9DL31001461C,1ZMLH8300204F0,1Z6PH74DAP0QN7,"Corona, CA",728.3,5.7,137.7,8.547347,2.013246,0,0,DJI Matrice 300 RTK,M300 RTK,1ZN7L4R0H1D00F,1W9DL31001461C,1ZMLH8300204F0,1Z6PH74DAP0QN7,DJI Pilot,Android,7.0.2,1EF72A62-B7C3-C88D-164E-CE6F8C8424AE,1ZN7L4R0H1D00F,1W9DL31001461C,,1ZMLH8300204F0,1W9DL31001461C,,,,,
2023-11-01,11:26:09.16 AM,1m 46.8s,106.8,33.8013392482472,-117.4673699649952,55.1,55.1,15.0,1319,702.9,5.772865,6.085134,-3.35541,0,-4.697574,1.342164,-0.671082,0,1.8,-1.6,2.4,-126.6,233.4,233.8,Tripod,Other,,22,5,True,,True,False,,Smart,RC,False,True,False,,,True,,False,False,False,False,False,False,False,False,False,False,0,Follow Yaw,-88.9,0,-134.5,225.5,False,False,False,False,False,,0,0,False,False,No Card,100,100,1024,1265,1356,1024,2,False,False,False,False,False,0,False,False,False,False,94,,47.616,,4686,,4986,,47.616,,True,3.97,3.97,3.97,3.97,3.97,3.97,3.97,3.97,3.97,3.97,3.97,3.97,0,,False,False,True,,,,,,,,,,,,,,,False,False,9.486,,82.2,,75.7,,83.1,,1798,48,5,16,7,142040.8,18938.78,,Idle,,20,,10,,,20,Go Home,False,False,False,False,False,False,False,False,False,False,False,False,33.8027920380556,-117.4659261431046,687.3,2972.0,1049.4,396.9,True,1,1,False,False,False,False,,True,False,False,Course Lock,196.8,67,16.4,93,NE,S,5.59,6.93,Calm,False,False,Android,7.0.2,M300 RTK,1ZN7L4R0H1D00F,1W9DL31001461C,1ZMLH8300204F0,1Z6PH74DAP0QN7,"Corona, CA",728.3,5.7,137.7,8.547347,2.013246,0,0,DJI Matrice 300 RTK,M300 RTK,1ZN7L4R0H1D00F,1W9DL31001461C,1ZMLH8300204F0,1Z6PH74DAP0QN7,DJI Pilot,Android,7.0.2,1EF72A62-B7C3-C88D-164E-CE6F8C8424AE,1ZN7L4R0H1D00F,1W9DL31001461C,,1ZMLH8300204F0,1W9DL31001461C,,,,,
2023-11-01,11:26:09.27 AM,1m 46.9s,106.9,33.8013376895486,-117.4673723993969,55.4,55.4,15.0,1319,703.8,5.772865,6.085134,-3.35541,0,-4.697574,1.342164,-0.671082,0,1.8,-1.6,2.4,-126.7,233.3,232.3,Tripod,Other,,22,5,True,,True,False,,Smart,RC,False,True,False,,,True,,False,False,False,False,False,False,False,False,False,False,0,Follow Yaw,-88.9,0,-134.5,225.5,False,False,False,False,False,,0,0,False,False,No Card,100,100,1024,1266,1356,1024,2,False,False,False,False,False,0,False,False,False,False,94,,47.616,,4686,,4986,,47.616,,True,3.97,3.97,3.97,3.97,3.97,3.97,3.97,3.97,3.97,3.97,3.97,3.97,0,,False,False,True,,,,,,,,,,,,,,,False,False,9.486,,82.2,,75.7,,83.1,,1798,48,5,16,7,142040.8,18938.78,,Idle,,20,,10,,,20,Go Home,False,False,False,False,False,False,False,False,False,False,False,False,33.8027920380556,-117.4659261431046,688.2,2972.0,1049.4,396.9,True,1,1,False,False,False,False,,True,False,False,Course Lock,196.8,67,16.4,93,NE,S,5.59,6.93,Calm,False,False,Android,7.0.2,M300 RTK,1ZN7L4R0H1D00F,1W9DL31001461C,1ZMLH8300204F0,1Z6PH74DAP0QN7,"Corona, CA",728.3,5.7,137.7,8.547347,2.013246,0,0,DJI Matrice 300 RTK,M300 RTK,1ZN7L4R0H1D00F,1W9DL31001461C,1ZMLH8300204F0,1Z6PH74DAP0QN7,DJI Pilot,Android,7.0.2,1EF72A62-B7C3-C88D-164E-CE6F8C8424AE,1ZN7L4R0H1D00F,1W9DL31001461C,,1ZMLH8300204F0,1W9DL31001461C,,,,,
2023-11-01,11:26:09.37 AM,1m 47.0s,107.0,33.8013362827177,-117.4673746879984,55.4,55.4,15.0,1319,704.7,5.645781,6.085134,-3.131716,0,-4.697574,1.342164,-0.671082,0,1.6,-1.6,2.2,-126.7,233.3,233.5,Tripod,Other,,22,5,True,,True,False,,Smart,RC,False,True,False,,,True,,False,False,False,False,False,False,False,False,False,False,0,Follow Yaw,-88.9,0,-134.5,225.5,False,False,False,False,False,,0,0,False,False,No Card,100,100,1024,1270,1356,1024,2,False,False,False,False,False,0,False,False,False,False,94,,47.58,,9440,,10044,,47.58,,True,3.97,3.97,3.97,3.97,3.97,3.97,3.97,3.97,3.97,3.97,3.97,3.97,0,,False,False,True,,,,,,,,,,,,,,,False,False,19.348,,83.1,,75.7,,83.1,,1798,48,5,16,7,142040.8,18938.78,,Idle,,20,,10,,,20,Go Home,False,False,False,False,False,False,False,False,False,False,False,False,33.8027920380556,-117.4659261431046,689.1,2972.0,1049.4,396.9,True,1,1,False,False,False,False,,True,False,False,Course Lock,196.8,67,16.4,93,NE,S,5.59,6.93,Calm,False,False,Android,7.0.2,M300 RTK,1ZN7L4R0H1D00F,1W9DL31001461C,1ZMLH8300204F0,1Z6PH74DAP0QN7,"Corona, CA",728.3,5.7,137.7,8.547347,2.013246,0,0,DJI Matrice 300 RTK,M300 RTK,1ZN7L4R0H1D00F,1W9DL31001461C,1ZMLH8300204F0,1Z6PH74DAP0QN7,DJI Pilot,Android,7.0.2,1EF72A62-B7C3-C88D-164E-CE6F8C8424AE,1ZN7L4R0H1D00F,1W9DL31001461C,,1ZMLH8300204F0,1W9DL31001461C,,,,,
2023-11-01,11:26:09.47 AM,1m 47.1s,107.1,33.8013350200787,-117.4673771877133,55.4,55.4,15.0,1319,705.5,5.461066,6.085134,-3.131716,0,-4.47388,1.342164,-0.671082,0,1.4,-1.5,2,-126.7,233.3,238.7,Tripod,Other,,22,5,True,,True,False,,Smart,RC,False,True,False,,,True,,False,False,False,False,False,False,False,False,False,False,0,Follow Yaw,-88.9,0,-134.5,225.5,False,False,False,False,False,,0,0,False,False,No Card,100,100,1024,1278,1354,1024,2,False,False,False,False,False,0,False,False,False,False,94,,47.58,,9440,,10044,,47.58,,True,3.97,3.97,3.97,3.97,3.97,3.97,3.97,3.97,3.97,3.97,3.97,3.97,0,,False,False,True,,,,,,,,,,,,,,,False,False,19.348,,83.1,,75.7,,83.1,,1798,48,5,16,7,142040.8,18938.78,,Idle,,20,,10,,,20,Go Home,False,False,False,False,False,False,False,False,False,False,False,False,33.8027920380556,-117.4659261431046,689.9,2972.0,1049.4,396.9,True,1,1,False,False,False,False,,True,False,False,Course Lock,196.8,67,16.4,93,NE,S,5.59,6.93,Calm,False,False,Android,7.0.2,M300 RTK,1ZN7L4R0H1D00F,1W9DL31001461C,1ZMLH8300204F0,1Z6PH74DAP0QN7,"Corona, CA",728.3,5.7,137.7,8.547347,2.013246,0,0,DJI Matrice 300 RTK,M300 RTK,1ZN7L4R0H1D00F,1W9DL31001461C,1ZMLH8300204F0,1Z6PH74DAP0QN7,DJI Pilot,Android,7.0.2,1EF72A62-B7C3-C88D-164E-CE6F8C8424AE,1ZN7L4R0H1D00F,1W9DL31001461C,,1ZMLH8300204F0,1W9DL31001461C,,,,,
2023-11-01,11:26:09.57 AM,1m 47.2s,107.2,33.8013336428537,-117.4673794532242,55.7,55.7,15.0,1320,706.4,5.461066,6.085134,-3.131716,0,-4.47388,1.342164,-0.671082,0,1.3,-1.4,1.9,-126.6,233.4,233.8,Tripod,Other,,22,5,True,,True,False,,Smart,RC,False,True,False,,,True,,False,False,False,False,False,False,False,False,False,False,0,Follow Yaw,-88.9,0,-134.5,225.5,False,False,False,False,False,,0,0,False,False,No Card,100,100,1024,1279,1354,1024,2,False,False,False,False,False,0,False,False,False,False,94,,47.58,,9440,,10044,,47.58,,True,3.97,3.97,3.97,3.97,3.97,3.97,3.97,3.97,3.97,3.97,3.97,3.97,0,,False,False,True,,,,,,,,,,,,,,,False,False,19.348,,83.1,,75.7,,83.1,,1798,48,5,16,7,142040.8,18938.78,,Idle,,20,,10,,,20,Go Home,False,False,False,False,False,False,False,False,False,False,False,False,33.8027920380556,-117.4659261431046,690.7,2972.0,1049.4,396.9,True,1,1,False,False,False,False,,True,False,False,Course Lock,196.8,67,16.4,93,NE,S,5.59,6.93,Calm,False,False,Android,7.0.2,M300 RTK,1ZN7L4R0H1D00F,1W9DL31001461C,1ZMLH8300204F0,1Z6PH74DAP0QN7,"Corona, CA",728.3,5.7,137.7,8.547347,2.013246,0,0,DJI Matrice 300 RTK,M300 RTK,1ZN7L4R0H1D00F,1W9DL31001461C,1ZMLH8300204F0,1Z6PH74DAP0QN7,DJI Pilot,Android,7.0.2,1EF72A62-B7C3-C88D-164E-CE6F8C8424AE,1ZN7L4R0H1D00F,1W9DL31001461C,,1ZMLH8300204F0,1W9DL31001461C,,,,,
2023-11-01,11:26:09.64 AM,1m 47.3s,107.3,33.8013323116824,-117.4673817075197,55.7,55.7,15.0,1320,707.2,5.461066,6.085134,-3.131716,0,-4.47388,1.342164,-0.671082,0,1.3,-1.5,1.9,-126.5,233.5,234.6,Tripod,Other,,22,5,True,,True,False,,Smart,RC,False,True,False,,,True,,False,False,False,False,False,False,False,False,False,False,0,Follow Yaw,-88.9,0,-134.5,225.5,False,False,False,False,False,,0,0,False,False,No Card,100,100,1024,1279,1354,1024,2,False,False,False,False,False,0,False,False,False,False,94,,47.58,,9440,,10044,,47.58,,True,3.966,3.966,3.966,3.966,3.966,3.966,3.966,3.966,3.966,3.966,3.966,3.966,0,,False,False,True,,,,,,,,,,,,,,,False,False,19.348,,83.1,,75.7,,83.1,,1797,48,5,16,7,142320.9,18976.12,,Idle,,20,,10,,,20,Go Home,False,False,False,False,False,False,False,False,False,False,False,False,33.8027920380556,-117.4659261431046,691.5,2972.0,1049.4,396.9,True,1,1,False,False,False,False,,True,False,False,Course Lock,196.8,67,16.4,93,NE,S,5.59,6.93,Calm,False,False,Android,7.0.2,M300 RTK,1ZN7L4R0H1D00F,1W9DL31001461C,1ZMLH8300204F0,1Z6PH74DAP0QN7,"Corona, CA",728.3,5.7,137.7,8.547347,2.013246,0,0,DJI Matrice 300 RTK,M300 RTK,1ZN7L4R0H1D00F,1W9DL31001461C,1ZMLH8300204F0,1Z6PH74DAP0QN7,DJI Pilot,Android,7.0.2,1EF72A62-B7C3-C88D-164E-CE6F8C8424AE,1ZN7L4R0H1D00F,1W9DL31001461C,,1ZMLH8300204F0,1W9DL31001461C,,,,,
2023-11-01,11:26:09.74 AM,1m 47.4s,107.4,33.8013309520016,-117.4673839440026,55.7,55.7,15.4,1320,708.1,5.461066,6.085134,-3.131716,0,-4.47388,1.342164,-0.671082,0,1.3,-1.5,1.9,-126.5,233.5,233.8,Tripod,Other,,22,5,True,,True,False,,Smart,RC,False,True,False,,,True,,False,False,False,False,False,False,False,False,False,False,0,Follow Yaw,-88.9,0,-134.5,225.5,False,False,False,False,False,,0,0,False,False,No Card,100,100,1024,1278,1355,1024,2,False,False,False,False,False,0,False,False,False,False,94,,47.58,,9440,,10044,,47.58,,True,3.966,3.966,3.966,3.966,3.966,3.966,3.966,3.966,3.966,3.966,3.966,3.966,0,,False,False,True,,,,,,,,,,,,,,,False,False,19.348,,83.1,,75.7,,83.1,,1797,48,5,16,7,142320.9,18976.12,,Idle,,20,,10,,,20,Go Home,False,False,False,False,False,False,False,False,False,False,False,False,33.8027920380556,-117.4659261431046,692.3,2972.0,1049.4,396.9,True,1,1,False,False,False,False,,True,False,False,Course Lock,196.8,67,16.4,93,NE,S,5.59,6.93,Calm,False,False,Android,7.0.2,M300 RTK,1ZN7L4R0H1D00F,1W9DL31001461C,1ZMLH8300204F0,1Z6PH74DAP0QN7,"Corona, CA",728.3,5.7,137.7,8.547347,2.013246,0,0,DJI Matrice 300 RTK,M300 RTK,1ZN7L4R0H1D00F,1W9DL31001461C,1ZMLH8300204F0,1Z6PH74DAP0QN7,DJI Pilot,Android,7.0.2,1EF72A62-B7C3-C88D-164E-CE6F8C8424AE,1ZN7L4R0H1D00F,1W9DL31001461C,,1ZMLH8300204F0,1W9DL31001461C,,,,,
2023-11-01,11:26:09.84 AM,1m 47.5s,107.5,33.8013297167756,-117.4673861758673,56.1,56.1,15.0,1320,708.9,5.461066,6.085134,-3.131716,0,-4.47388,1.342164,-0.671082,0,1.4,-1.5,2,-126.5,233.5,236.3,Tripod,Other,,22,5,True,,True,False,,Smart,RC,False,True,False,,,True,,False,False,False,False,False,False,False,False,False,False,0,Follow Yaw,-88.9,0,-134.5,225.5,False,False,False,False,False,,0,0,False,False,No Card,100,100,1024,1279,1355,1024,2,False,False,False,False,False,0,False,False,False,False,94,,47.58,,9440,,10044,,47.58,,True,3.966,3.966,3.966,3.966,3.966,3.966,3.966,3.966,3.966,3.966,3.966,3.966,0,,False,False,True,,,,,,,,,,,,,,,False,False,19.348,,83.1,,75.7,,83.1,,1797,48,5,16,7,142320.9,18976.12,,Idle,,20,,10,,,20,Go Home,False,False,False,False,False,False,False,False,False,False,False,False,33.8027920380556,-117.4659261431046,693.1,2972.0,1049.4,396.9,True,1,1,False,False,False,False,,True,False,False,Course Lock,196.8,67,16.4,93,NE,S,5.59,6.93,Calm,False,False,Android,7.0.2,M300 RTK,1ZN7L4R0H1D00F,1W9DL31001461C,1ZMLH8300204F0,1Z6PH74DAP0QN7,"Corona, CA",728.3,5.7,137.7,8.547347,2.013246,0,0,DJI Matrice 300 RTK,M300 RTK,1ZN7L4R0H1D00F,1W9DL31001461C,1ZMLH8300204F0,1Z6PH74DAP0QN7,DJI Pilot,Android,7.0.2,1EF72A62-B7C3-C88D-164E-CE6F8C8424AE,1ZN7L4R0H1D00F,1W9DL31001461C,,1ZMLH8300204F0,1W9DL31001461C,,,,,
2023-11-01,11:26:09.94 AM,1m 47.6s,107.6,33.8013283806699,-117.4673883833221,56.1,56.1,15.4,1320,709.7,5.461066,6.085134,-3.131716,0,-4.47388,1.342164,-0.671082,0,1.4,-1.4,1.9,-126.5,233.5,233.9,Tripod,Other,,22,5,True,,True,False,,Smart,RC,False,True,False,,,True,,False,False,False,False,False,False,False,False,False,False,0,Follow Yaw,-88.9,0,-134.5,225.5,False,False,False,False,False,,0,0,False,False,No Card,100,100,1024,1279,1354,1024,2,False,False,False,False,False,0,False,False,False,False,94,,47.58,,9440,,10044,,47.58,,True,3.966,3.966,3.966,3.966,3.966,3.966,3.966,3.966,3.966,3.966,3.966,3.966,0,,False,False,True,,,,,,,,,,,,,,,False,False,19.348,,83.1,,75.7,,83.1,,1797,48,5,16,7,142320.9,18976.12,,Idle,,20,,10,,,20,Go Home,False,False,False,False,False,False,False,False,False,False,False,False,33.8027920380556,-117.4659261431046,693.9,2972.0,1049.4,396.9,True,1,1,False,False,False,False,,True,False,False,Course Lock,196.8,67,16.4,93,NE,S,5.59,6.93,Calm,False,False,Android,7.0.2,M300 RTK,1ZN7L4R0H1D00F,1W9DL31001461C,1ZMLH8300204F0,1Z6PH74DAP0QN7,"Corona, CA",728.3,5.7,137.7,8.547347,2.013246,0,0,DJI Matrice 300 RTK,M300 RTK,1ZN7L4R0H1D00F,1W9DL31001461C,1ZMLH8300204F0,1Z6PH74DAP0QN7,DJI Pilot,Android,7.0.2,1EF72A62-B7C3-C88D-164E-CE6F8C8424AE,1ZN7L4R0H1D00F,1W9DL31001461C,,1ZMLH8300204F0,1W9DL31001461C,,,,,
2023-11-01,11:26:10.04 AM,1m 47.7s,107.7,33.8013272474199,-117.4673905544917,56.4,56.4,15.4,1320,710.5,5.461066,6.085134,-3.131716,0,-4.47388,1.342164,-0.671082,0,1.5,-1.3,1.9,-126.5,233.5,237.8,Tripod,Other,,22,5,True,,True,False,,Smart,RC,False,True,False,,,True,,False,False,False,False,False,False,False,False,False,False,0,Follow Yaw,-88.9,0,-134.5,225.5,False,False,False,False,False,,0,0,False,False,No Card,100,100,1024,1279,1340,1039,2,False,False,False,False,False,0,False,False,False,False,94,,47.58,,4686,,4986,,47.58,,True,3.966,3.966,3.966,3.966,3.966,3.966,3.966,3.966,3.966,3.966,3.966,3.966,0,,False,False,True,,,,,,,,,,,,,,,False,False,9.386,,82.4,,75.7,,83.1,,1797,48,5,16,7,142320.9,18976.12,,Idle,,20,,10,,,20,Go Home,False,False,False,False,False,False,False,False,False,False,False,False,33.8027920380556,-117.4659261431046,694.7,2972.0,1049.4,396.9,True,1,1,False,False,False,False,,True,False,False,Course Lock,196.8,67,16.4,93,NE,S,5.59,6.93,Calm,False,False,Android,7.0.2,M300 RTK,1ZN7L4R0H1D00F,1W9DL31001461C,1ZMLH8300204F0,1Z6PH74DAP0QN7,"Corona, CA",728.3,5.7,137.7,8.547347,2.013246,0,0,DJI Matrice 300 RTK,M300 RTK,1ZN7L4R0H1D00F,1W9DL31001461C,1ZMLH8300204F0,1Z6PH74DAP0QN7,DJI Pilot,Android,7.0.2,1EF72A62-B7C3-C88D-164E-CE6F8C8424AE,1ZN7L4R0H1D00F,1W9DL31001461C,,1ZMLH8300204F0,1W9DL31001461C,,,,,
2023-11-01,11:26:10.14 AM,1m 47.8s,107.8,33.8013259442098,-117.4673927256613,56.4,56.4,15.7,1320,711.3,5.279367,6.085134,-3.131716,0,-4.250186,1.342164,-0.671082,0,1.5,-1.3,1.9,-126.5,233.5,234.1,Tripod,Other,,22,5,True,,True,False,,Smart,RC,False,True,False,,,True,,False,False,False,False,False,False,False,False,False,False,0,Follow Yaw,-88.9,0,-134.5,225.5,False,False,False,False,False,,0,0,False,False,No Card,100,100,1024,1279,1338,1051,2,False,False,False,False,False,0,False,False,False,False,94,,47.58,,4686,,4986,,47.58,,True,3.966,3.966,3.966,3.966,3.966,3.966,3.966,3.966,3.966,3.966,3.966,3.966,0,,False,False,True,,,,,,,,,,,,,,,False,False,9.386,,82.4,,75.7,,83.1,,1797,48,5,16,7,142320.9,18976.12,,Idle,,20,,10,,,20,Go Home,False,False,False,False,False,False,False,False,False,False,False,False,33.8027920380556,-117.4659261431046,695.5,2972.0,1049.4,396.9,True,1,1,False,False,False,False,,True,False,False,Course Lock,196.8,67,16.4,93,NE,S,5.59,6.93,Calm,False,False,Android,7.0.2,M300 RTK,1ZN7L4R0H1D00F,1W9DL31001461C,1ZMLH8300204F0,1Z6PH74DAP0QN7,"Corona, CA",728.3,5.7,137.7,8.547347,2.013246,0,0,DJI Matrice 300 RTK,M300 RTK,1ZN7L4R0H1D00F,1W9DL31001461C,1ZMLH8300204F0,1Z6PH74DAP0QN7,DJI Pilot,Android,7.0.2,1EF72A62-B7C3-C88D-164E-CE6F8C8424AE,1ZN7L4R0H1D00F,1W9DL31001461C,,1ZMLH8300204F0,1W9DL31001461C,,,,,
2023-11-01,11:26:10.24 AM,1m 47.9s,107.9,33.8013243345232,-117.4673951330141,56.4,56.4,15.7,1320,712.2,5.279367,6.085134,-3.131716,0,-4.250186,1.342164,-0.671082,0,1.5,-1.4,2,-126.7,233.3,231.1,Tripod,Other,,22,5,True,,True,False,,Smart,RC,False,True,False,,,True,,False,False,False,False,False,False,False,False,False,False,0,Follow Yaw,-88.9,0,-134.5,225.5,False,False,False,False,False,,0,0,False,False,No Card,100,100,1024,1279,1338,1049,2,False,False,False,False,False,0,False,False,False,False,94,,47.58,,4686,,4986,,47.58,,True,3.966,3.966,3.966,3.966,3.966,3.966,3.966,3.966,3.966,3.966,3.966,3.966,0,,False,False,True,,,,,,,,,,,,,,,False,False,9.386,,82.4,,75.7,,83.1,,1797,48,5,16,7,142320.9,18976.12,,Idle,,20,,10,,,20,Go Home,False,False,False,False,False,False,False,False,False,False,False,False,33.8027920380556,-117.4659261431046,696.4,2972.0,1049.4,396.9,True,1,1,False,False,False,False,,True,False,False,Course Lock,196.8,67,16.4,93,NE,S,5.59,6.93,Calm,False,False,Android,7.0.2,M300 RTK,1ZN7L4R0H1D00F,1W9DL31001461C,1ZMLH8300204F0,1Z6PH74DAP0QN7,"Corona, CA",728.3,5.7,137.7,8.547347,2.013246,0,0,DJI Matrice 300 RTK,M300 RTK,1ZN7L4R0H1D00F,1W9DL31001461C,1ZMLH8300204F0,1Z6PH74DAP0QN7,DJI Pilot,Android,7.0.2,1EF72A62-B7C3-C88D-164E-CE6F8C8424AE,1ZN7L4R0H1D00F,1W9DL31001461C,,1ZMLH8300204F0,1W9DL31001461C,,,,,
2023-11-01,11:26:10.34 AM,1m 48.0s,108.0,33.8013230241857,-117.4673972883502,56.7,56.7,16.0,1321,713.0,5.279367,6.085134,-3.131716,0,-4.250186,1.342164,-0.671082,0,1.5,-1.6,2.1,-126.8,233.2,233.8,Tripod,Other,,22,5,True,,True,False,,Smart,RC,False,True,False,,,True,,False,False,False,False,False,False,False,False,False,False,0,Follow Yaw,-88.9,0,-134.5,225.5,False,False,False,False,False,,0,0,False,False,No Card,100,100,1024,1280,1339,1038,2,False,False,False,False,False,0,False,False,False,False,94,,47.616,,9440,,10044,,47.616,,True,3.966,3.966,3.966,3.966,3.966,3.966,3.966,3.966,3.966,3.966,3.966,3.966,0,,False,False,True,,,,,,,,,,,,,,,False,False,19.206,,83.3,,75.7,,83.3,,1797,48,5,16,7,142320.9,18976.12,,Idle,,20,,10,,,20,Go Home,False,False,False,False,False,False,False,False,False,False,False,False,33.8027920380556,-117.4659261431046,697.2,2972.0,1049.4,396.9,True,1,1,False,False,False,False,,True,False,False,Course Lock,196.8,67,16.4,93,NE,S,5.59,6.93,Calm,False,False,Android,7.0.2,M300 RTK,1ZN7L4R0H1D00F,1W9DL31001461C,1ZMLH8300204F0,1Z6PH74DAP0QN7,"Corona, CA",728.3,5.7,137.7,8.547347,2.013246,0,0,DJI Matrice 300 RTK,M300 RTK,1ZN7L4R0H1D00F,1W9DL31001461C,1ZMLH8300204F0,1Z6PH74DAP0QN7,DJI Pilot,Android,7.0.2,1EF72A62-B7C3-C88D-164E-CE6F8C8424AE,1ZN7L4R0H1D00F,1W9DL31001461C,,1ZMLH8300204F0,1W9DL31001461C,,,,,
2023-11-01,11:26:10.44 AM,1m 48.1s,108.1,33.8013219583715,-117.4673991870515,56.7,56.7,15.7,1321,713.7,5.279367,6.085134,-3.131716,0,-4.250186,1.342164,-0.671082,0,1.5,-1.6,2.1,-126.8,233.2,235.9,Tripod,Other,,22,5,True,,True,False,,Smart,RC,False,True,False,,,True,,False,False,False,False,False,False,False,False,False,False,0,Follow Yaw,-88.9,0,-134.5,225.5,False,False,False,False,False,,0,0,False,False,No Card,100,100,1024,1282,1338,1038,2,False,False,False,False,False,0,False,False,False,False,94,,47.616,,9440,,10044,,47.616,,True,3.966,3.966,3.966,3.966,3.966,3.966,3.966,3.966,3.966,3.966,3.966,3.966,0,,False,False,True,,,,,,,,,,,,,,,False,False,19.206,,83.3,,75.7,,83.3,,1797,48,5,16,7,142320.9,18976.12,,Idle,,20,,10,,,20,Go Home,False,False,False,False,False,False,False,False,False,False,False,False,33.8027920380556,-117.4659261431046,697.8,2972.0,1049.4,396.9,True,1,1,False,False,False,False,,True,False,False,Course Lock,196.8,67,16.4,93,NE,S,5.59,6.93,Calm,False,False,Android,7.0.2,M300 RTK,1ZN7L4R0H1D00F,1W9DL31001461C,1ZMLH8300204F0,1Z6PH74DAP0QN7,"Corona, CA",728.3,5.7,137.7,8.547347,2.013246,0,0,DJI Matrice 300 RTK,M300 RTK,1ZN7L4R0H1D00F,1W9DL31001461C,1ZMLH8300204F0,1Z6PH74DAP0QN7,DJI Pilot,Android,7.0.2,1EF72A62-B7C3-C88D-164E-CE6F8C8424AE,1ZN7L4R0H1D00F,1W9DL31001461C,,1ZMLH8300204F0,1W9DL31001461C,,,,,
2023-11-01,11:26:10.54 AM,1m 48.2s,108.2,33.8013206754469,-117.4674012711368,56.7,56.7,16.0,1321,714.5,5.149822,6.085134,-2.908022,0,-4.250186,1.342164,-0.671082,0,1.4,-1.5,2,-126.8,233.2,233.4,Tripod,Other,,22,5,True,,True,False,,Smart,RC,False,True,False,,,True,,False,False,False,False,False,False,False,False,False,False,0,Follow Yaw,-88.9,0,-134.5,225.5,False,False,False,False,False,,0,0,False,False,No Card,100,100,1024,1282,1338,1039,2,False,False,False,False,False,0,False,False,False,False,94,,47.616,,9440,,10044,,47.616,,True,3.966,3.966,3.966,3.966,3.966,3.966,3.966,3.966,3.966,3.966,3.966,3.966,0,,False,False,True,,,,,,,,,,,,,,,False,False,19.206,,83.3,,75.7,,83.3,,1797,48,5,16,7,142320.9,18976.12,,Idle,,20,,10,,,20,Go Home,False,False,False,False,False,False,False,False,False,False,False,False,33.8027920380556,-117.4659261431046,698.6,2972.0,1049.4,396.9,True,1,1,False,False,False,False,,True,False,False,Course Lock,196.8,67,16.4,93,NE,S,5.59,6.93,Calm,False,False,Android,7.0.2,M300 RTK,1ZN7L4R0H1D00F,1W9DL31001461C,1ZMLH8300204F0,1Z6PH74DAP0QN7,"Corona, CA",728.3,5.7,137.7,8.547347,2.013246,0,0,DJI Matrice 300 RTK,M300 RTK,1ZN7L4R0H1D00F,1W9DL31001461C,1ZMLH8300204F0,1Z6PH74DAP0QN7,DJI Pilot,Android,7.0.2,1EF72A62-B7C3-C88D-164E-CE6F8C8424AE,1ZN7L4R0H1D00F,1W9DL31001461C,,1ZMLH8300204F0,1W9DL31001461C,,,,,
2023-11-01,11:26:10.64 AM,1m 48.3s,108.3,33.8013193119284,-117.4674034277924,57.0,57.0,16.0,1321,715.3,4.966812,6.085134,-2.908022,0,-4.026492,1.342164,-0.671082,0,1.1,-1.3,1.7,-126.7,233.3,232.7,Tripod,Other,,22,5,True,,True,False,,Smart,RC,False,True,False,,,True,,False,False,False,False,False,False,False,False,False,False,0,Follow Yaw,-88.9,0,-134.5,225.5,False,False,False,False,False,,0,0,False,False,No Card,100,100,1024,1281,1340,1040,2,False,False,False,False,False,0,False,False,False,False,94,,47.616,,9440,,10044,,47.616,,True,3.967,3.967,3.967,3.967,3.967,3.967,3.967,3.967,3.967,3.967,3.967,3.967,0,,False,False,True,,,,,,,,,,,,,,,False,False,19.206,,83.3,,75.7,,83.3,,1796,48,5,16,7,142712.0,19028.26,,Idle,,20,,10,,,20,Go Home,False,False,False,False,False,False,False,False,False,False,False,False,33.8027920380556,-117.4659261431046,699.4,2972.0,1049.4,396.9,True,1,1,False,False,False,False,,True,False,False,Course Lock,196.8,67,16.4,93,NE,S,5.36,6.93,Calm,False,False,Android,7.0.2,M300 RTK,1ZN7L4R0H1D00F,1W9DL31001461C,1ZMLH8300204F0,1Z6PH74DAP0QN7,"Corona, CA",728.3,5.7,137.7,8.547347,2.013246,0,0,DJI Matrice 300 RTK,M300 RTK,1ZN7L4R0H1D00F,1W9DL31001461C,1ZMLH8300204F0,1Z6PH74DAP0QN7,DJI Pilot,Android,7.0.2,1EF72A62-B7C3-C88D-164E-CE6F8C8424AE,1ZN7L4R0H1D00F,1W9DL31001461C,,1ZMLH8300204F0,1W9DL31001461C,,,,,
2023-11-01,11:26:10.74 AM,1m 48.4s,108.4,33.8013180322934,-117.4674054848289,57.0,57.0,16.0,1321,716.1,4.966812,6.085134,-2.908022,0,-4.026492,1.342164,-0.671082,0,0.9,-1.1,1.4,-126.5,233.5,233.1,Tripod,Other,,21,5,True,,True,False,,Smart,RC,False,True,False,,,True,,False,False,False,False,False,False,False,False,False,False,0,Follow Yaw,-88.9,0,-134.5,225.5,False,False,False,False,False,,0,0,False,False,No Card,100,100,1024,1281,1340,1040,2,False,False,False,False,False,0,False,False,False,False,94,,47.616,,9440,,10044,,47.616,,True,3.967,3.967,3.967,3.967,3.967,3.967,3.967,3.967,3.967,3.967,3.967,3.967,0,,False,False,True,,,,,,,,,,,,,,,False,False,19.206,,83.3,,75.7,,83.3,,1796,48,5,16,7,142712.0,19028.26,,Idle,,20,,10,,,20,Go Home,False,False,False,False,False,False,False,False,False,False,False,False,33.8027920380556,-117.4659261431046,700.1,2972.0,1049.4,396.9,True,1,1,False,False,False,False,,True,False,False,Course Lock,196.8,67,16.4,93,NE,S,5.36,6.93,Calm,False,False,Android,7.0.2,M300 RTK,1ZN7L4R0H1D00F,1W9DL31001461C,1ZMLH8300204F0,1Z6PH74DAP0QN7,"Corona, CA",728.3,5.7,137.7,8.547347,2.013246,0,0,DJI Matrice 300 RTK,M300 RTK,1ZN7L4R0H1D00F,1W9DL31001461C,1ZMLH8300204F0,1Z6PH74DAP0QN7,DJI Pilot,Android,7.0.2,1EF72A62-B7C3-C88D-164E-CE6F8C8424AE,1ZN7L4R0H1D00F,1W9DL31001461C,,1ZMLH8300204F0,1W9DL31001461C,,,,,
2023-11-01,11:26:10.84 AM,1m 48.5s,108.5,33.801316745531,-117.4674075629766,57.0,57.0,16.0,1321,716.9,4.966812,6.085134,-2.908022,0,-4.026492,1.342164,-0.671082,0,0.8,-0.9,1.2,-126.3,233.7,233.3,Tripod,Other,,21,5,True,,True,False,,Smart,RC,False,True,False,,,True,,False,False,False,False,False,False,False,False,False,False,0,Follow Yaw,-88.9,0,-134.5,225.5,False,False,False,False,False,,0,0,False,False,No Card,100,100,1024,1281,1338,1037,2,False,False,False,False,False,0,False,False,False,False,94,,47.616,,9440,,10044,,47.616,,True,3.967,3.967,3.967,3.967,3.967,3.967,3.967,3.967,3.967,3.967,3.967,3.967,0,,False,False,True,,,,,,,,,,,,,,,False,False,19.206,,83.3,,75.7,,83.3,,1796,48,5,16,7,142712.0,19028.26,,Idle,,20,,10,,,20,Go Home,False,False,False,False,False,False,False,False,False,False,False,False,33.8027920380556,-117.4659261431046,700.9,2972.0,1049.4,396.9,True,1,1,False,False,False,False,,True,False,False,Course Lock,196.8,67,16.4,93,NE,S,5.36,6.93,Calm,False,False,Android,7.0.2,M300 RTK,1ZN7L4R0H1D00F,1W9DL31001461C,1ZMLH8300204F0,1Z6PH74DAP0QN7,"Corona, CA",728.3,5.7,137.7,8.547347,2.013246,0,0,DJI Matrice 300 RTK,M300 RTK,1ZN7L4R0H1D00F,1W9DL31001461C,1ZMLH8300204F0,1Z6PH74DAP0QN7,DJI Pilot,Android,7.0.2,1EF72A62-B7C3-C88D-164E-CE6F8C8424AE,1ZN7L4R0H1D00F,1W9DL31001461C,,1ZMLH8300204F0,1W9DL31001461C,,,,,
2023-11-01,11:26:10.94 AM,1m 48.6s,108.6,33.801315480699,-117.467409608138,57.4,57.4,16.4,1321,717.7,4.966812,6.085134,-2.908022,0,-4.026492,1.342164,-0.671082,0,0.8,-0.7,1,-126.2,233.8,233.3,Tripod,Other,,20,5,True,,True,False,,Smart,RC,False,True,False,,,True,,False,False,False,False,False,False,False,False,False,False,0,Follow Yaw,-88.9,0,-134.5,225.5,False,False,False,False,False,,0,0,False,False,No Card,100,100,1024,1281,1337,1037,2,False,False,False,False,False,0,False,False,False,False,94,,47.616,,9440,,10044,,47.616,,True,3.967,3.967,3.967,3.967,3.967,3.967,3.967,3.967,3.967,3.967,3.967,3.967,0,,False,False,True,,,,,,,,,,,,,,,False,False,19.206,,83.3,,75.7,,83.3,,1796,48,5,16,7,142712.0,19028.26,,Idle,,20,,10,,,20,Go Home,False,False,False,False,False,False,False,False,False,False,False,False,33.8027920380556,-117.4659261431046,701.7,2972.0,1049.4,396.9,True,1,1,False,False,False,False,,True,False,False,Course Lock,196.8,67,16.4,93,NE,S,5.36,6.93,Calm,False,False,Android,7.0.2,M300 RTK,1ZN7L4R0H1D00F,1W9DL31001461C,1ZMLH8300204F0,1Z6PH74DAP0QN7,"Corona, CA",728.3,5.7,137.7,8.547347,2.013246,0,0,DJI Matrice 300 RTK,M300 RTK,1ZN7L4R0H1D00F,1W9DL31001461C,1ZMLH8300204F0,1Z6PH74DAP0QN7,DJI Pilot,Android,7.0.2,1EF72A62-B7C3-C88D-164E-CE6F8C8424AE,1ZN7L4R0H1D00F,1W9DL31001461C,,1ZMLH8300204F0,1W9DL31001461C,,,,,
2023-11-01,11:26:11.04 AM,1m 48.7s,108.7,33.8013141879057,-117.4674117021193,57.4,57.4,16.4,1321,718.5,4.966812,6.085134,-2.908022,0,-4.026492,1.342164,-0.671082,0,0.9,-0.6,1,-126.1,233.9,233.3,Tripod,Other,,20,5,True,,True,False,,Smart,RC,False,True,False,,,True,,False,False,False,False,False,False,False,False,False,False,0,Follow Yaw,-88.9,0,-134.5,225.5,False,False,False,False,False,,0,0,False,False,No Card,100,100,1024,1281,1324,1038,2,False,False,False,False,False,0,False,False,False,False,94,,47.616,,9440,,10044,,47.616,,True,3.967,3.967,3.967,3.967,3.967,3.967,3.967,3.967,3.967,3.967,3.967,3.967,0,,False,False,True,,,,,,,,,,,,,,,False,False,19.206,,83.3,,75.7,,83.3,,1796,48,5,16,7,142712.0,19028.26,,Idle,,20,,10,,,20,Go Home,False,False,False,False,False,False,False,False,False,False,False,False,33.8027920380556,-117.4659261431046,702.4,2972.0,1049.4,396.9,True,1,1,False,False,False,False,,True,False,False,Course Lock,196.8,67,16.4,93,NE,S,5.36,6.93,Calm,False,False,Android,7.0.2,M300 RTK,1ZN7L4R0H1D00F,1W9DL31001461C,1ZMLH8300204F0,1Z6PH74DAP0QN7,"Corona, CA",728.3,5.7,137.7,8.547347,2.013246,0,0,DJI Matrice 300 RTK,M300 RTK,1ZN7L4R0H1D00F,1W9DL31001461C,1ZMLH8300204F0,1Z6PH74DAP0QN7,DJI Pilot,Android,7.0.2,1EF72A62-B7C3-C88D-164E-CE6F8C8424AE,1ZN7L4R0H1D00F,1W9DL31001461C,,1ZMLH8300204F0,1W9DL31001461C,,,,,
2023-11-01,11:26:11.14 AM,1m 48.8s,108.8,33.8013129433593,-117.4674137453014,57.7,57.7,16.4,1322,719.2,4.966812,6.085134,-2.908022,0,-4.026492,1.342164,-0.671082,0,1.1,-0.6,1.2,-126,234,233.7,Tripod,Other,,20,5,True,,True,False,,Smart,RC,False,True,False,,,True,,False,False,False,False,False,False,False,False,False,False,0,Follow Yaw,-88.9,0,-134.5,225.5,False,False,False,False,False,,0,0,False,False,No Card,100,100,1024,1282,1312,1032,2,False,False,False,False,False,0,False,False,False,False,94,,47.616,,9440,,10044,,47.616,,True,3.967,3.967,3.967,3.967,3.967,3.967,3.967,3.967,3.967,3.967,3.967,3.967,0,,False,False,True,,,,,,,,,,,,,,,False,False,19.206,,83.3,,75.7,,83.3,,1796,48,5,16,7,142712.0,19028.26,,Idle,,20,,10,,,20,Go Home,False,False,False,False,False,False,False,False,False,False,False,False,33.8027920380556,-117.4659261431046,703.2,2972.0,1049.4,396.9,True,1,1,False,False,False,False,,True,False,False,Course Lock,196.8,67,16.4,93,NE,S,5.36,6.93,Calm,False,False,Android,7.0.2,M300 RTK,1ZN7L4R0H1D00F,1W9DL31001461C,1ZMLH8300204F0,1Z6PH74DAP0QN7,"Corona, CA",728.3,5.7,137.7,8.547347,2.013246,0,0,DJI Matrice 300 RTK,M300 RTK,1ZN7L4R0H1D00F,1W9DL31001461C,1ZMLH8300204F0,1Z6PH74DAP0QN7,DJI Pilot,Android,7.0.2,1EF72A62-B7C3-C88D-164E-CE6F8C8424AE,1ZN7L4R0H1D00F,1W9DL31001461C,,1ZMLH8300204F0,1W9DL31001461C,,,,,
2023-11-01,11:26:11.23 AM,1m 48.9s,108.9,33.8013116516626,-117.4674154869872,57.7,57.7,16.4,1322,720.0,4.966812,6.085134,-2.908022,0,-4.026492,1.342164,-0.671082,0,1.2,-0.7,1.3,-126,234,228.2,Tripod,Other,,20,5,True,,True,False,,Smart,RC,False,True,False,,,True,,False,False,False,False,False,False,False,False,False,False,0,Follow Yaw,-88.9,0,-134.5,225.5,False,False,False,False,False,,0,0,False,False,No Card,100,100,1024,1283,1301,1032,2,False,False,False,False,False,0,False,False,False,False,94,,47.616,,9440,,10044,,47.616,,True,3.967,3.967,3.967,3.967,3.967,3.967,3.967,3.967,3.967,3.967,3.967,3.967,0,,False,False,True,,,,,,,,,,,,,,,False,False,19.206,,83.3,,75.7,,83.3,,1796,48,5,16,7,142712.0,19028.26,,Idle,,20,,10,,,20,Go Home,False,False,False,False,False,False,False,False,False,False,False,False,33.8027920380556,-117.4659261431046,703.9,2972.0,1049.4,396.9,True,1,1,False,False,False,False,,True,False,False,Course Lock,196.8,67,16.4,93,NE,S,5.36,6.93,Calm,False,False,Android,7.0.2,M300 RTK,1ZN7L4R0H1D00F,1W9DL31001461C,1ZMLH8300204F0,1Z6PH74DAP0QN7,"Corona, CA",728.3,5.7,137.7,8.547347,2.013246,0,0,DJI Matrice 300 RTK,M300 RTK,1ZN7L4R0H1D00F,1W9DL31001461C,1ZMLH8300204F0,1Z6PH74DAP0QN7,DJI Pilot,Android,7.0.2,1EF72A62-B7C3-C88D-164E-CE6F8C8424AE,1ZN7L4R0H1D00F,1W9DL31001461C,,1ZMLH8300204F0,1W9DL31001461C,,,,,
2023-11-01,11:26:11.34 AM,1m 49.0s,109.0,33.8013104252086,-117.4674175057594,57.7,57.7,16.4,1322,720.7,4.966812,6.085134,-2.908022,0,-4.026492,1.342164,-0.671082,0,1.2,-0.9,1.5,-126,234,233.8,Tripod,Other,,21,5,True,,True,False,,Smart,RC,False,True,False,,,True,,False,False,False,False,False,False,False,False,False,False,0,Follow Yaw,-88.9,0,-134.5,225.5,False,False,False,False,False,,0,0,False,False,No Card,100,100,1024,1283,1295,1043,2,False,False,False,False,False,0,False,False,False,False,94,,47.568,,4686,,4986,,47.568,,True,3.967,3.967,3.967,3.967,3.967,3.967,3.967,3.967,3.967,3.967,3.967,3.967,0,,False,False,True,,,,,,,,,,,,,,,False,False,9.394,,82.5,,75.7,,83.3,,1796,48,5,16,7,142712.0,19028.26,,Idle,,20,,10,,,20,Go Home,False,False,False,False,False,False,False,False,False,False,False,False,33.8027920380556,-117.4659261431046,704.6,2972.0,1049.4,396.9,True,1,1,False,False,False,False,,True,False,False,Course Lock,196.8,67,16.4,93,NE,S,5.36,6.93,Calm,False,False,Android,7.0.2,M300 RTK,1ZN7L4R0H1D00F,1W9DL31001461C,1ZMLH8300204F0,1Z6PH74DAP0QN7,"Corona, CA",728.3,5.7,137.7,8.547347,2.013246,0,0,DJI Matrice 300 RTK,M300 RTK,1ZN7L4R0H1D00F,1W9DL31001461C,1ZMLH8300204F0,1Z6PH74DAP0QN7,DJI Pilot,Android,7.0.2,1EF72A62-B7C3-C88D-164E-CE6F8C8424AE,1ZN7L4R0H1D00F,1W9DL31001461C,,1ZMLH8300204F0,1W9DL31001461C,,,,,
2023-11-01,11:26:11.44 AM,1m 49.1s,109.1,33.8013092705765,-117.4674195027604,58.0,58.0,16.4,1322,721.4,4.966812,6.085134,-2.908022,0,-4.026492,1.342164,-0.671082,0,1.1,-1.2,1.6,-126.1,233.9,235.1,Tripod,Other,,21,5,True,,True,False,,Smart,RC,False,True,False,,,True,,False,False,False,False,False,False,False,False,False,False,0,Follow Yaw,-88.9,0,-134.5,225.5,False,False,False,False,False,,0,0,False,False,No Card,100,100,1024,1283,1296,1048,2,False,False,False,False,False,0,False,False,False,False,94,,47.568,,4686,,4986,,47.568,,True,3.967,3.967,3.967,3.967,3.967,3.967,3.967,3.967,3.967,3.967,3.967,3.967,0,,False,False,True,,,,,,,,,,,,,,,False,False,9.394,,82.5,,75.7,,83.3,,1796,48,5,16,7,142712.0,19028.26,,Idle,,20,,10,,,20,Go Home,False,False,False,False,False,False,False,False,False,False,False,False,33.8027920380556,-117.4659261431046,705.3,2972.0,1049.4,396.9,True,1,1,False,False,False,False,,True,False,False,Course Lock,196.8,67,16.4,93,NE,S,5.36,6.93,Calm,False,False,Android,7.0.2,M300 RTK,1ZN7L4R0H1D00F,1W9DL31001461C,1ZMLH8300204F0,1Z6PH74DAP0QN7,"Corona, CA",728.3,5.7,137.7,8.547347,2.013246,0,0,DJI Matrice 300 RTK,M300 RTK,1ZN7L4R0H1D00F,1W9DL31001461C,1ZMLH8300204F0,1Z6PH74DAP0QN7,DJI Pilot,Android,7.0.2,1EF72A62-B7C3-C88D-164E-CE6F8C8424AE,1ZN7L4R0H1D00F,1W9DL31001461C,,1ZMLH8300204F0,1W9DL31001461C,,,,,
2023-11-01,11:26:11.54 AM,1m 49.2s,109.2,33.8013080638598,-117.4674215109768,58.0,58.0,16.4,1322,722.2,4.966812,6.085134,-2.908022,0,-4.026492,1.342164,-0.671082,0,1.1,-1.5,1.8,-126.2,233.8,234.1,Tripod,Other,,22,5,True,,True,False,,Smart,RC,False,True,False,,,True,,False,False,False,False,False,False,False,False,False,False,0,Follow Yaw,-88.9,0,-134.5,225.5,False,False,False,False,False,,0,0,False,False,No Card,100,100,1024,1283,1297,1048,2,False,False,False,False,False,0,False,False,False,False,94,,47.568,,4686,,4986,,47.568,,True,3.967,3.967,3.967,3.967,3.967,3.967,3.967,3.967,3.967,3.967,3.967,3.967,0,,False,False,True,,,,,,,,,,,,,,,False,False,9.394,,82.5,,75.7,,83.3,,1796,48,5,16,7,142712.0,19028.26,,Idle,,20,,10,,,20,Go Home,False,False,False,False,False,False,False,False,False,False,False,False,33.8027920380556,-117.4659261431046,706.1,2972.0,1049.4,396.9,True,1,1,False,False,False,False,,True,False,False,Course Lock,196.8,67,16.4,93,NE,S,5.36,6.93,Calm,False,False,Android,7.0.2,M300 RTK,1ZN7L4R0H1D00F,1W9DL31001461C,1ZMLH8300204F0,1Z6PH74DAP0QN7,"Corona, CA",728.3,5.7,137.7,8.547347,2.013246,0,0,DJI Matrice 300 RTK,M300 RTK,1ZN7L4R0H1D00F,1W9DL31001461C,1ZMLH8300204F0,1Z6PH74DAP0QN7,DJI Pilot,Android,7.0.2,1EF72A62-B7C3-C88D-164E-CE6F8C8424AE,1ZN7L4R0H1D00F,1W9DL31001461C,,1ZMLH8300204F0,1W9DL31001461C,,,,,
2023-11-01,11:26:11.65 AM,1m 49.3s,109.3,33.8013068335681,-117.4674236214514,58.0,58.0,16.4,1322,723.0,4.966812,6.085134,-2.908022,0,-4.026492,1.342164,-0.447388,0,1.1,-1.7,2,-126.3,233.7,234.9,Tripod,Other,,22,5,True,,True,False,,Smart,RC,False,True,False,,,True,,False,False,False,False,False,False,False,False,False,False,0,Follow Yaw,-88.9,0,-134.5,225.5,False,False,False,False,False,,0,0,False,False,No Card,100,100,1024,1284,1300,1046,2,False,False,False,False,False,0,False,False,False,False,94,,47.568,,4686,,4986,,47.568,,True,3.969,3.969,3.969,3.969,3.969,3.969,3.969,3.969,3.969,3.969,3.969,3.969,0,,False,False,True,,,,,,,,,,,,,,,False,False,9.394,,82.5,,75.7,,83.3,,1794,48,5,16,7,143093.0,19079.07,,Idle,,20,,10,,,20,Go Home,False,False,False,False,False,False,False,False,False,False,False,False,33.8027920380556,-117.4659261431046,706.8,2972.0,1049.4,396.9,True,1,1,False,False,False,False,,True,False,False,Course Lock,196.8,67,16.4,93,NE,S,5.36,6.93,Calm,False,False,Android,7.0.2,M300 RTK,1ZN7L4R0H1D00F,1W9DL31001461C,1ZMLH8300204F0,1Z6PH74DAP0QN7,"Corona, CA",728.3,5.7,137.7,8.547347,2.013246,0,0,DJI Matrice 300 RTK,M300 RTK,1ZN7L4R0H1D00F,1W9DL31001461C,1ZMLH8300204F0,1Z6PH74DAP0QN7,DJI Pilot,Android,7.0.2,1EF72A62-B7C3-C88D-164E-CE6F8C8424AE,1ZN7L4R0H1D00F,1W9DL31001461C,,1ZMLH8300204F0,1W9DL31001461C,,,,,
2023-11-01,11:26:11.75 AM,1m 49.4s,109.4,33.8013056273997,-117.4674256257095,58.0,58.0,16.7,1322,723.7,4.966812,6.085134,-2.908022,0,-4.026492,1.342164,-0.447388,0,1.2,-1.7,2,-126.3,233.7,234.0,Tripod,Other,,22,5,True,,True,False,,Smart,RC,False,True,False,,,True,,False,False,False,False,False,False,False,False,False,False,0,Follow Yaw,-88.9,0,-134.4,225.6,False,False,False,False,False,,0,0,False,False,No Card,100,100,1024,1284,1305,1040,2,False,False,False,False,False,0,False,False,False,False,94,,47.568,,4686,,4986,,47.568,,True,3.969,3.969,3.969,3.969,3.969,3.969,3.969,3.969,3.969,3.969,3.969,3.969,0,,False,False,True,,,,,,,,,,,,,,,False,False,9.394,,82.5,,75.7,,83.3,,1794,48,5,16,7,143093.0,19079.07,,Idle,,20,,10,,,20,Go Home,False,False,False,False,False,False,False,False,False,False,False,False,33.8027920380556,-117.4659261431046,707.5,2972.0,1049.4,396.9,True,1,1,False,False,False,False,,True,False,False,Course Lock,196.8,67,16.4,93,NE,S,5.36,6.93,Calm,False,False,Android,7.0.2,M300 RTK,1ZN7L4R0H1D00F,1W9DL31001461C,1ZMLH8300204F0,1Z6PH74DAP0QN7,"Corona, CA",728.3,5.7,137.7,8.547347,2.013246,0,0,DJI Matrice 300 RTK,M300 RTK,1ZN7L4R0H1D00F,1W9DL31001461C,1ZMLH8300204F0,1Z6PH74DAP0QN7,DJI Pilot,Android,7.0.2,1EF72A62-B7C3-C88D-164E-CE6F8C8424AE,1ZN7L4R0H1D00F,1W9DL31001461C,,1ZMLH8300204F0,1W9DL31001461C,,,,,
2023-11-01,11:26:11.84 AM,1m 49.5s,109.5,33.8013044749606,-117.4674276867043,58.3,58.3,16.4,1322,724.5,4.966812,6.085134,-2.908022,0,-4.026492,1.342164,-0.447388,0,1.2,-1.6,2,-126.3,233.7,236.0,Tripod,Other,,22,5,True,,True,False,,Smart,RC,False,True,False,,,True,,False,False,False,False,False,False,False,False,False,False,0,Follow Yaw,-88.9,0,-134.4,225.6,False,False,False,False,False,,0,0,False,False,No Card,100,100,1024,1285,1307,1041,2,False,False,False,False,False,0,False,False,False,False,94,,47.568,,4686,,4986,,47.568,,True,3.969,3.969,3.969,3.969,3.969,3.969,3.969,3.969,3.969,3.969,3.969,3.969,0,,False,False,True,,,,,,,,,,,,,,,False,False,9.394,,82.5,,75.7,,83.3,,1794,48,5,16,7,143093.0,19079.07,,Idle,,20,,10,,,20,Go Home,False,False,False,False,False,False,False,False,False,False,False,False,33.8027920380556,-117.4659261431046,708.3,2972.0,1049.4,396.9,True,1,1,False,False,False,False,,True,False,False,Course Lock,196.8,67,16.4,93,NE,S,5.36,6.93,Calm,False,False,Android,7.0.2,M300 RTK,1ZN7L4R0H1D00F,1W9DL31001461C,1ZMLH8300204F0,1Z6PH74DAP0QN7,"Corona, CA",728.3,5.7,137.7,8.547347,2.013246,0,0,DJI Matrice 300 RTK,M300 RTK,1ZN7L4R0H1D00F,1W9DL31001461C,1ZMLH8300204F0,1Z6PH74DAP0QN7,DJI Pilot,Android,7.0.2,1EF72A62-B7C3-C88D-164E-CE6F8C8424AE,1ZN7L4R0H1D00F,1W9DL31001461C,,1ZMLH8300204F0,1W9DL31001461C,,,,,
2023-11-01,11:26:11.96 AM,1m 49.6s,109.6,33.8013032720818,-117.4674296764484,58.3,58.3,16.4,1322,725.2,4.966812,6.085134,-2.908022,0,-4.026492,1.342164,-0.447388,0,1.2,-1.5,1.9,-126.3,233.7,233.9,Tripod,Other,,22,5,True,,True,False,,Smart,RC,False,True,False,,,True,,False,False,False,False,False,False,False,False,False,False,0,Follow Yaw,-88.9,0,-134.4,225.6,False,False,False,False,False,,0,0,False,False,No Card,100,100,1024,1285,1307,1041,2,False,False,False,False,False,0,False,False,False,False,94,,47.568,,4686,,4986,,47.568,,True,3.969,3.969,3.969,3.969,3.969,3.969,3.969,3.969,3.969,3.969,3.969,3.969,0,,False,False,True,,,,,,,,,,,,,,,False,False,9.394,,82.5,,75.7,,83.3,,1794,48,5,16,7,143093.0,19079.07,,Idle,,20,,10,,,20,Go Home,False,False,False,False,False,False,False,False,False,False,False,False,33.8027920380556,-117.4659261431046,709.0,2972.0,1049.4,396.9,True,1,1,False,False,False,False,,True,False,False,Course Lock,196.8,67,16.4,93,NE,S,5.36,6.93,Calm,False,False,Android,7.0.2,M300 RTK,1ZN7L4R0H1D00F,1W9DL31001461C,1ZMLH8300204F0,1Z6PH74DAP0QN7,"Corona, CA",728.3,5.7,137.7,8.547347,2.013246,0,0,DJI Matrice 300 RTK,M300 RTK,1ZN7L4R0H1D00F,1W9DL31001461C,1ZMLH8300204F0,1Z6PH74DAP0QN7,DJI Pilot,Android,7.0.2,1EF72A62-B7C3-C88D-164E-CE6F8C8424AE,1ZN7L4R0H1D00F,1W9DL31001461C,,1ZMLH8300204F0,1W9DL31001461C,,,,,
2023-11-01,11:26:12.06 AM,1m 49.7s,109.7,33.8013021656964,-117.4674314069187,58.3,58.3,16.7,1322,725.9,4.78726,6.085134,-2.908022,0,-3.802798,1.342164,-0.447388,0,1.2,-1.5,1.9,-126.3,233.7,232.4,Tripod,Other,,22,5,True,,True,False,,Smart,RC,False,True,False,,,True,,False,False,False,False,False,False,False,False,False,False,0,Follow Yaw,-88.9,0,-134.4,225.6,False,False,False,False,False,,0,0,False,False,No Card,100,100,1024,1282,1308,1041,2,False,False,False,False,False,0,False,False,False,False,94,,47.568,,4686,,4986,,47.568,,True,3.969,3.969,3.969,3.969,3.969,3.969,3.969,3.969,3.969,3.969,3.969,3.969,0,,False,False,True,,,,,,,,,,,,,,,False,False,9.394,,82.5,,75.7,,83.3,,1794,48,5,16,7,143093.0,19079.07,,Idle,,20,,10,,,20,Go Home,False,False,False,False,False,False,False,False,False,False,False,False,33.8027920380556,-117.4659261431046,709.6,2972.0,1049.4,396.9,True,1,1,False,False,False,False,,True,False,False,Course Lock,196.8,67,16.4,93,NE,S,5.36,6.93,Calm,False,False,Android,7.0.2,M300 RTK,1ZN7L4R0H1D00F,1W9DL31001461C,1ZMLH8300204F0,1Z6PH74DAP0QN7,"Corona, CA",728.3,5.7,137.7,8.547347,2.013246,0,0,DJI Matrice 300 RTK,M300 RTK,1ZN7L4R0H1D00F,1W9DL31001461C,1ZMLH8300204F0,1Z6PH74DAP0QN7,DJI Pilot,Android,7.0.2,1EF72A62-B7C3-C88D-164E-CE6F8C8424AE,1ZN7L4R0H1D00F,1W9DL31001461C,,1ZMLH8300204F0,1W9DL31001461C,,,,,
2023-11-01,11:26:12.16 AM,1m 49.8s,109.8,33.8013009814583,-117.467433357079,58.7,58.7,16.7,1322,726.6,4.78726,6.085134,-2.908022,0,-3.802798,1.342164,-0.447388,0,1.2,-1.5,1.9,-126.2,233.8,233.8,Tripod,Other,,22,5,True,,True,False,,Smart,RC,False,True,False,,,True,,False,False,False,False,False,False,False,False,False,False,0,Follow Yaw,-88.9,0,-134.4,225.6,False,False,False,False,False,,0,0,False,False,No Card,100,100,1024,1282,1309,1040,2,False,False,False,False,False,0,False,False,False,False,94,,47.568,,4686,,4986,,47.568,,True,3.969,3.969,3.969,3.969,3.969,3.969,3.969,3.969,3.969,3.969,3.969,3.969,0,,False,False,True,,,,,,,,,,,,,,,False,False,9.394,,82.5,,75.7,,83.3,,1794,48,5,16,7,143093.0,19079.07,,Idle,,20,,10,,,20,Go Home,False,False,False,False,False,False,False,False,False,False,False,False,33.8027920380556,-117.4659261431046,710.3,2972.0,1049.4,396.9,True,1,1,False,False,False,False,,True,False,False,Course Lock,196.8,67,16.4,93,NE,S,5.36,6.93,Calm,False,False,Android,7.0.2,M300 RTK,1ZN7L4R0H1D00F,1W9DL31001461C,1ZMLH8300204F0,1Z6PH74DAP0QN7,"Corona, CA",728.3,5.7,137.7,8.547347,2.013246,0,0,DJI Matrice 300 RTK,M300 RTK,1ZN7L4R0H1D00F,1W9DL31001461C,1ZMLH8300204F0,1Z6PH74DAP0QN7,DJI Pilot,Android,7.0.2,1EF72A62-B7C3-C88D-164E-CE6F8C8424AE,1ZN7L4R0H1D00F,1W9DL31001461C,,1ZMLH8300204F0,1W9DL31001461C,,,,,
2023-11-01,11:26:12.26 AM,1m 49.9s,109.9,33.8012997001785,-117.467435654257,58.7,58.7,16.7,1322,727.5,4.78726,6.085134,-2.908022,0,-3.802798,1.342164,-0.447388,0,1.2,-1.4,1.8,-126.3,233.7,236.1,Tripod,Other,,22,5,True,,True,False,,Smart,RC,False,True,False,,,True,,False,False,False,False,False,False,False,False,False,False,0,Follow Yaw,-88.9,0,-134.4,225.6,False,False,False,False,False,,0,0,False,False,No Card,100,100,1024,1281,1324,1040,2,False,False,False,False,False,0,False,False,False,False,94,,47.568,,4686,,4986,,47.568,,True,3.969,3.969,3.969,3.969,3.969,3.969,3.969,3.969,3.969,3.969,3.969,3.969,0,,False,False,True,,,,,,,,,,,,,,,False,False,9.394,,82.5,,75.7,,83.3,,1794,48,5,16,7,143093.0,19079.07,,Idle,,20,,10,,,20,Go Home,False,False,False,False,False,False,False,False,False,False,False,False,33.8027920380556,-117.4659261431046,711.1,2972.0,1049.4,396.9,True,1,1,False,False,False,False,,True,False,False,Course Lock,196.8,67,16.4,93,NE,S,5.36,6.93,Calm,False,False,Android,7.0.2,M300 RTK,1ZN7L4R0H1D00F,1W9DL31001461C,1ZMLH8300204F0,1Z6PH74DAP0QN7,"Corona, CA",728.3,5.7,137.7,8.547347,2.013246,0,0,DJI Matrice 300 RTK,M300 RTK,1ZN7L4R0H1D00F,1W9DL31001461C,1ZMLH8300204F0,1Z6PH74DAP0QN7,DJI Pilot,Android,7.0.2,1EF72A62-B7C3-C88D-164E-CE6F8C8424AE,1ZN7L4R0H1D00F,1W9DL31001461C,,1ZMLH8300204F0,1W9DL31001461C,,,,,
2023-11-01,11:26:12.37 AM,1m 50.0s,110.0,33.8012985049753,-117.4674376156326,58.7,58.7,16.7,1322,728.2,4.78726,6.085134,-2.908022,0,-3.802798,1.342164,-0.447388,0,1.3,-1.4,1.9,-126.3,233.7,233.7,Tripod,Other,,22,5,True,,True,False,,Smart,RC,False,True,False,,,True,,False,False,False,False,False,False,False,False,False,False,0,Follow Yaw,-88.9,0,-134.4,225.6,False,False,False,False,False,,0,0,False,False,No Card,100,100,1024,1282,1352,1039,2,False,False,False,False,False,0,False,False,False,False,94,,47.616,,9440,,10044,,47.616,,True,3.969,3.969,3.969,3.969,3.969,3.969,3.969,3.969,3.969,3.969,3.969,3.969,0,,False,False,True,,,,,,,,,,,,,,,False,False,19.088,,83.4,,75.7,,83.4,,1794,48,5,16,7,143093.0,19079.07,,Idle,,20,,10,,,20,Go Home,False,False,False,False,False,False,False,False,False,False,False,False,33.8027920380556,-117.4659261431046,711.9,2972.0,1049.4,396.9,True,1,1,False,False,False,False,,True,False,False,Course Lock,196.8,67,16.4,93,NE,S,5.59,6.93,Calm,False,False,Android,7.0.2,M300 RTK,1ZN7L4R0H1D00F,1W9DL31001461C,1ZMLH8300204F0,1Z6PH74DAP0QN7,"Corona, CA",728.3,5.7,137.7,8.547347,2.013246,0,0,DJI Matrice 300 RTK,M300 RTK,1ZN7L4R0H1D00F,1W9DL31001461C,1ZMLH8300204F0,1Z6PH74DAP0QN7,DJI Pilot,Android,7.0.2,1EF72A62-B7C3-C88D-164E-CE6F8C8424AE,1ZN7L4R0H1D00F,1W9DL31001461C,,1ZMLH8300204F0,1W9DL31001461C,,,,,
2023-11-01,11:26:12.48 AM,1m 50.1s,110.1,33.8012972439811,-117.4674392788106,58.7,58.7,17.0,1322,728.9,4.78726,6.085134,-2.908022,0,-3.802798,1.342164,-0.447388,0,1.5,-1.4,2,-126.3,233.7,227.6,Tripod,Other,,22,5,True,,True,False,,Smart,RC,False,True,False,,,True,,False,False,False,False,False,False,False,False,False,False,0,Follow Yaw,-88.9,0,-134.4,225.6,False,False,False,False,False,,0,0,False,False,No Card,100,100,1024,1282,1358,1039,2,False,False,False,False,False,0,False,False,False,False,94,,47.616,,9440,,10044,,47.616,,True,3.969,3.969,3.969,3.969,3.969,3.969,3.969,3.969,3.969,3.969,3.969,3.969,0,,False,False,True,,,,,,,,,,,,,,,False,False,19.088,,83.4,,75.7,,83.4,,1794,48,5,16,7,143093.0,19079.07,,Idle,,20,,10,,,20,Go Home,False,False,False,False,False,False,False,False,False,False,False,False,33.8027920380556,-117.4659261431046,712.5,2972.0,1049.4,396.9,True,1,1,False,False,False,False,,True,False,False,Course Lock,196.8,67,16.4,93,NE,S,5.59,6.93,Calm,False,False,Android,7.0.2,M300 RTK,1ZN7L4R0H1D00F,1W9DL31001461C,1ZMLH8300204F0,1Z6PH74DAP0QN7,"Corona, CA",728.3,5.7,137.7,8.547347,2.013246,0,0,DJI Matrice 300 RTK,M300 RTK,1ZN7L4R0H1D00F,1W9DL31001461C,1ZMLH8300204F0,1Z6PH74DAP0QN7,DJI Pilot,Android,7.0.2,1EF72A62-B7C3-C88D-164E-CE6F8C8424AE,1ZN7L4R0H1D00F,1W9DL31001461C,,1ZMLH8300204F0,1W9DL31001461C,,,,,
2023-11-01,11:26:12.57 AM,1m 50.2s,110.2,33.8012960487779,-117.4674411900468,59.0,59.0,17.0,1323,729.6,4.78726,6.085134,-2.908022,0,-3.802798,1.342164,-0.671082,0,1.5,-1.2,1.9,-126.3,233.7,233.0,Tripod,Other,,22,5,True,,True,False,,Smart,RC,False,True,False,,,True,,False,False,False,False,False,False,False,False,False,False,0,Follow Yaw,-88.9,0,-134.4,225.6,False,False,False,False,False,,0,0,False,False,No Card,100,100,1024,1282,1358,1040,2,False,False,False,False,False,0,False,False,False,False,94,,47.616,,9440,,10044,,47.616,,True,3.969,3.969,3.969,3.969,3.969,3.969,3.969,3.969,3.969,3.969,3.969,3.969,0,,False,False,True,,,,,,,,,,,,,,,False,False,19.088,,83.4,,75.7,,83.4,,1794,48,5,16,7,143093.0,19079.07,,Idle,,20,,10,,,20,Go Home,False,False,False,False,False,False,False,False,False,False,False,False,33.8027920380556,-117.4659261431046,713.2,2972.0,1049.4,396.9,True,1,1,False,False,False,False,,True,False,False,Course Lock,196.8,67,16.4,93,NE,S,5.59,6.93,Calm,False,False,Android,7.0.2,M300 RTK,1ZN7L4R0H1D00F,1W9DL31001461C,1ZMLH8300204F0,1Z6PH74DAP0QN7,"Corona, CA",728.3,5.7,137.7,8.547347,2.013246,0,0,DJI Matrice 300 RTK,M300 RTK,1ZN7L4R0H1D00F,1W9DL31001461C,1ZMLH8300204F0,1Z6PH74DAP0QN7,DJI Pilot,Android,7.0.2,1EF72A62-B7C3-C88D-164E-CE6F8C8424AE,1ZN7L4R0H1D00F,1W9DL31001461C,,1ZMLH8300204F0,1W9DL31001461C,,,,,
2023-11-01,11:26:12.68 AM,1m 50.3s,110.3,33.8012947762702,-117.4674432338886,59.0,59.0,17.0,1323,730.4,4.65477,6.085134,-2.684328,0,-3.802798,1.342164,-0.671082,0,1.4,-1.1,1.7,-126.2,233.8,233.1,Tripod,Other,,22,5,True,,True,False,,Smart,RC,False,True,False,,,True,,False,False,False,False,False,False,False,False,False,False,0,Follow Yaw,-88.9,0,-134.4,225.6,False,False,False,False,False,,0,0,False,False,No Card,100,100,1024,1280,1357,1040,2,False,False,False,False,False,0,False,False,False,False,94,,47.616,,9440,,10044,,47.616,,True,3.964,3.964,3.964,3.964,3.964,3.964,3.964,3.964,3.964,3.964,3.964,3.964,0,,False,False,True,,,,,,,,,,,,,,,False,False,19.088,,83.4,,75.7,,83.4,,1793,48,6,16,7,143399.7,19119.96,,Idle,,20,,10,,,20,Go Home,False,False,False,False,False,False,False,False,False,False,False,False,33.8027920380556,-117.4659261431046,714.0,2972.0,1049.4,396.9,True,1,1,False,False,False,False,,True,False,False,Course Lock,196.8,67,16.4,93,NE,S,5.59,6.93,Calm,False,False,Android,7.0.2,M300 RTK,1ZN7L4R0H1D00F,1W9DL31001461C,1ZMLH8300204F0,1Z6PH74DAP0QN7,"Corona, CA",728.3,5.7,137.7,8.547347,2.013246,0,0,DJI Matrice 300 RTK,M300 RTK,1ZN7L4R0H1D00F,1W9DL31001461C,1ZMLH8300204F0,1Z6PH74DAP0QN7,DJI Pilot,Android,7.0.2,1EF72A62-B7C3-C88D-164E-CE6F8C8424AE,1ZN7L4R0H1D00F,1W9DL31001461C,,1ZMLH8300204F0,1W9DL31001461C,,,,,
2023-11-01,11:26:12.74 AM,1m 50.4s,110.4,33.8012935860013,-117.4674451339095,59.0,59.0,17.0,1323,731.1,4.65477,6.085134,-2.684328,0,-3.802798,1.342164,-0.671082,0,1.3,-0.9,1.5,-126.2,233.8,232.9,Tripod,Other,,22,5,True,,True,False,,Smart,RC,False,True,False,,,True,,False,False,False,False,False,False,False,False,False,False,0,Follow Yaw,-88.9,0,-134.4,225.6,False,False,False,False,False,,0,0,False,False,No Card,100,100,1024,1279,1354,1039,2,False,False,False,False,False,0,False,False,False,False,94,,47.616,,9440,,10044,,47.616,,True,3.964,3.964,3.964,3.964,3.964,3.964,3.964,3.964,3.964,3.964,3.964,3.964,0,,False,False,True,,,,,,,,,,,,,,,False,False,19.088,,83.4,,75.7,,83.4,,1793,48,6,16,7,143399.7,19119.96,,Idle,,20,,10,,,20,Go Home,False,False,False,False,False,False,False,False,False,False,False,False,33.8027920380556,-117.4659261431046,714.7,2972.0,1049.4,396.9,True,1,1,False,False,False,False,,True,False,False,Course Lock,196.8,67,16.4,93,NE,S,5.59,6.93,Calm,False,False,Android,7.0.2,M300 RTK,1ZN7L4R0H1D00F,1W9DL31001461C,1ZMLH8300204F0,1Z6PH74DAP0QN7,"Corona, CA",728.3,5.7,137.7,8.547347,2.013246,0,0,DJI Matrice 300 RTK,M300 RTK,1ZN7L4R0H1D00F,1W9DL31001461C,1ZMLH8300204F0,1Z6PH74DAP0QN7,DJI Pilot,Android,7.0.2,1EF72A62-B7C3-C88D-164E-CE6F8C8424AE,1ZN7L4R0H1D00F,1W9DL31001461C,,1ZMLH8300204F0,1W9DL31001461C,,,,,
2023-11-01,11:26:12.84 AM,1m 50.5s,110.5,33.8012923535165,-117.4674468986858,59.3,59.3,17.0,1323,731.8,4.65477,6.085134,-2.684328,0,-3.802798,1.342164,-0.671082,0,1.1,-0.8,1.3,-126.2,233.8,229.9,Tripod,Other,,22,5,True,,True,False,,Smart,RC,False,True,False,,,True,,False,False,False,False,False,False,False,False,False,False,0,Follow Yaw,-88.9,0,-134.4,225.6,False,False,False,False,False,,0,0,False,False,No Card,100,100,1024,1278,1343,1038,2,False,False,False,False,False,0,False,False,False,False,94,,47.616,,9440,,10044,,47.616,,True,3.964,3.964,3.964,3.964,3.964,3.964,3.964,3.964,3.964,3.964,3.964,3.964,0,,False,False,True,,,,,,,,,,,,,,,False,False,19.088,,83.4,,75.7,,83.4,,1793,48,6,16,7,143399.7,19119.96,,Idle,,20,,10,,,20,Go Home,False,False,False,False,False,False,False,False,False,False,False,False,33.8027920380556,-117.4659261431046,715.4,2972.0,1049.4,396.9,True,1,1,False,False,False,False,,True,False,False,Course Lock,196.8,67,16.4,93,NE,S,5.59,6.93,Calm,False,False,Android,7.0.2,M300 RTK,1ZN7L4R0H1D00F,1W9DL31001461C,1ZMLH8300204F0,1Z6PH74DAP0QN7,"Corona, CA",728.3,5.7,137.7,8.547347,2.013246,0,0,DJI Matrice 300 RTK,M300 RTK,1ZN7L4R0H1D00F,1W9DL31001461C,1ZMLH8300204F0,1Z6PH74DAP0QN7,DJI Pilot,Android,7.0.2,1EF72A62-B7C3-C88D-164E-CE6F8C8424AE,1ZN7L4R0H1D00F,1W9DL31001461C,,1ZMLH8300204F0,1W9DL31001461C,,,,,
2023-11-01,11:26:12.94 AM,1m 50.6s,110.6,33.8012911698267,-117.4674487822134,59.3,59.3,17.0,1323,732.5,4.65477,6.085134,-2.684328,0,-3.802798,1.342164,-0.671082,0,1.2,-0.8,1.4,-126.2,233.8,232.9,Tripod,Other,,22,5,True,,True,False,,Smart,RC,False,True,False,,,True,,False,False,False,False,False,False,False,False,False,False,0,Follow Yaw,-88.9,0,-134.4,225.6,False,False,False,False,False,,0,0,False,False,No Card,100,100,1024,1277,1292,1024,2,False,False,False,False,False,0,False,False,False,False,94,,47.616,,9440,,10044,,47.616,,True,3.964,3.964,3.964,3.964,3.964,3.964,3.964,3.964,3.964,3.964,3.964,3.964,0,,False,False,True,,,,,,,,,,,,,,,False,False,19.088,,83.4,,75.7,,83.4,,1793,48,6,16,7,143399.7,19119.96,,Idle,,20,,10,,,20,Go Home,False,False,False,False,False,False,False,False,False,False,False,False,33.8027920380556,-117.4659261431046,716.1,2972.0,1049.4,396.9,True,1,1,False,False,False,False,,True,False,False,Course Lock,196.8,67,16.4,93,NE,S,5.59,6.93,Calm,False,False,Android,7.0.2,M300 RTK,1ZN7L4R0H1D00F,1W9DL31001461C,1ZMLH8300204F0,1Z6PH74DAP0QN7,"Corona, CA",728.3,5.7,137.7,8.547347,2.013246,0,0,DJI Matrice 300 RTK,M300 RTK,1ZN7L4R0H1D00F,1W9DL31001461C,1ZMLH8300204F0,1Z6PH74DAP0QN7,DJI Pilot,Android,7.0.2,1EF72A62-B7C3-C88D-164E-CE6F8C8424AE,1ZN7L4R0H1D00F,1W9DL31001461C,,1ZMLH8300204F0,1W9DL31001461C,,,,,
2023-11-01,11:26:13.04 AM,1m 50.7s,110.7,33.8012901588383,-117.4674506360532,59.3,59.3,17.0,1323,733.2,4.65477,6.085134,-2.684328,0,-3.802798,1.342164,-0.671082,0,1.2,-0.9,1.5,-126.1,233.9,236.7,Tripod,Other,,22,5,True,,True,False,,Smart,RC,False,True,False,,,True,,False,False,False,False,False,False,False,False,False,False,0,Follow Yaw,-88.9,0,-134.4,225.6,False,False,False,False,False,,0,0,False,False,No Card,100,100,1024,1277,1274,1024,2,False,False,False,False,False,0,False,False,False,False,94,,47.58,,4686,,4986,,47.58,,True,3.964,3.964,3.964,3.964,3.964,3.964,3.964,3.964,3.964,3.964,3.964,3.964,0,,False,False,True,,,,,,,,,,,,,,,False,False,9.338,,82.5,,75.7,,83.4,,1793,48,6,16,7,143399.7,19119.96,,Idle,,20,,10,,,20,Go Home,False,False,False,False,False,False,False,False,False,False,False,False,33.8027920380556,-117.4659261431046,716.7,2972.0,1049.4,396.9,True,1,1,False,False,False,False,,True,False,False,Course Lock,196.8,67,16.4,93,NE,S,5.59,6.93,Calm,False,False,Android,7.0.2,M300 RTK,1ZN7L4R0H1D00F,1W9DL31001461C,1ZMLH8300204F0,1Z6PH74DAP0QN7,"Corona, CA",728.3,5.7,137.7,8.547347,2.013246,0,0,DJI Matrice 300 RTK,M300 RTK,1ZN7L4R0H1D00F,1W9DL31001461C,1ZMLH8300204F0,1Z6PH74DAP0QN7,DJI Pilot,Android,7.0.2,1EF72A62-B7C3-C88D-164E-CE6F8C8424AE,1ZN7L4R0H1D00F,1W9DL31001461C,,1ZMLH8300204F0,1W9DL31001461C,,,,,
2023-11-01,11:26:13.14 AM,1m 50.8s,110.8,33.8012890053027,-117.4674525077056,59.7,59.7,17.0,1323,733.9,4.65477,6.085134,-2.684328,0,-3.802798,1.342164,-0.671082,0,1.2,-0.9,1.5,-126.1,233.9,233.4,Tripod,Other,,22,5,True,,True,False,,Smart,RC,False,True,False,,,True,,False,False,False,False,False,False,False,False,False,False,0,Follow Yaw,-88.9,0,-134.4,225.6,False,False,False,False,False,,0,0,False,False,No Card,100,100,1024,1278,1273,1024,2,False,False,False,False,False,0,False,False,False,False,94,,47.58,,4686,,4986,,47.58,,True,3.964,3.964,3.964,3.964,3.964,3.964,3.964,3.964,3.964,3.964,3.964,3.964,0,,False,False,True,,,,,,,,,,,,,,,False,False,9.338,,82.5,,75.7,,83.4,,1793,48,6,16,7,143399.7,19119.96,,Idle,,20,,10,,,20,Go Home,False,False,False,False,False,False,False,False,False,False,False,False,33.8027920380556,-117.4659261431046,717.4,2972.0,1049.4,396.9,True,1,1,False,False,False,False,,True,False,False,Course Lock,196.8,67,16.4,93,NE,S,5.59,6.93,Calm,False,False,Android,7.0.2,M300 RTK,1ZN7L4R0H1D00F,1W9DL31001461C,1ZMLH8300204F0,1Z6PH74DAP0QN7,"Corona, CA",728.3,5.7,137.7,8.547347,2.013246,0,0,DJI Matrice 300 RTK,M300 RTK,1ZN7L4R0H1D00F,1W9DL31001461C,1ZMLH8300204F0,1Z6PH74DAP0QN7,DJI Pilot,Android,7.0.2,1EF72A62-B7C3-C88D-164E-CE6F8C8424AE,1ZN7L4R0H1D00F,1W9DL31001461C,,1ZMLH8300204F0,1W9DL31001461C,,,,,
2023-11-01,11:26:13.24 AM,1m 50.9s,110.9,33.8012875452907,-117.4674545667213,59.7,59.7,17.0,1323,734.7,4.65477,6.085134,-2.684328,0,-3.802798,1.342164,-0.671082,0,1.2,-0.9,1.5,-126.1,233.9,229.5,Tripod,Other,,22,5,True,,True,False,,Smart,RC,False,True,False,,,True,,False,False,False,False,False,False,False,False,False,False,0,Follow Yaw,-88.9,0,-134.4,225.6,False,False,False,False,False,,0,0,False,False,No Card,100,100,1024,1279,1274,1024,2,False,False,False,False,False,0,False,False,False,False,94,,47.58,,4686,,4986,,47.58,,True,3.964,3.964,3.964,3.964,3.964,3.964,3.964,3.964,3.964,3.964,3.964,3.964,0,,False,False,True,,,,,,,,,,,,,,,False,False,9.338,,82.5,,75.7,,83.4,,1793,48,6,16,7,143399.7,19119.96,,Idle,,20,,10,,,20,Go Home,False,False,False,False,False,False,False,False,False,False,False,False,33.8027920380556,-117.4659261431046,718.2,2972.0,1049.4,396.9,True,1,1,False,False,False,False,,True,False,False,Course Lock,196.8,67,16.4,93,NE,S,5.59,6.93,Calm,False,False,Android,7.0.2,M300 RTK,1ZN7L4R0H1D00F,1W9DL31001461C,1ZMLH8300204F0,1Z6PH74DAP0QN7,"Corona, CA",728.3,5.7,137.7,8.547347,2.013246,0,0,DJI Matrice 300 RTK,M300 RTK,1ZN7L4R0H1D00F,1W9DL31001461C,1ZMLH8300204F0,1Z6PH74DAP0QN7,DJI Pilot,Android,7.0.2,1EF72A62-B7C3-C88D-164E-CE6F8C8424AE,1ZN7L4R0H1D00F,1W9DL31001461C,,1ZMLH8300204F0,1W9DL31001461C,,,,,
2023-11-01,11:26:13.34 AM,1m 51.0s,111.0,33.8012863813382,-117.467456440353,59.7,59.7,17.3,1323,735.4,4.47388,6.085134,-2.684328,0,-3.579104,1.342164,-0.671082,0,1.1,-0.9,1.4,-126.1,233.9,233.2,Tripod,Other,,21,5,True,,True,False,,Smart,RC,False,True,False,,,True,,False,False,False,False,False,False,False,False,False,False,0,Follow Yaw,-88.9,0,-134.4,225.6,False,False,False,False,False,,0,0,False,False,No Card,100,100,1024,1282,1276,1024,2,False,False,False,False,False,0,False,False,False,False,94,,47.616,,9440,,10044,,47.616,,True,3.964,3.964,3.964,3.964,3.964,3.964,3.964,3.964,3.964,3.964,3.964,3.964,0,,False,False,True,,,,,,,,,,,,,,,False,False,19.264,,83.4,,75.7,,83.4,,1793,48,6,16,7,143399.7,19119.96,,Idle,,20,,10,,,20,Go Home,False,False,False,False,False,False,False,False,False,False,False,False,33.8027920380556,-117.4659261431046,718.9,2972.0,1049.4,396.9,True,1,1,False,False,False,False,,True,False,False,Course Lock,196.8,67,16.4,93,NE,S,5.59,6.93,Calm,False,False,Android,7.0.2,M300 RTK,1ZN7L4R0H1D00F,1W9DL31001461C,1ZMLH8300204F0,1Z6PH74DAP0QN7,"Corona, CA",728.3,5.7,137.7,8.547347,2.013246,0,0,DJI Matrice 300 RTK,M300 RTK,1ZN7L4R0H1D00F,1W9DL31001461C,1ZMLH8300204F0,1Z6PH74DAP0QN7,DJI Pilot,Android,7.0.2,1EF72A62-B7C3-C88D-164E-CE6F8C8424AE,1ZN7L4R0H1D00F,1W9DL31001461C,,1ZMLH8300204F0,1W9DL31001461C,,,,,
2023-11-01,11:26:13.44 AM,1m 51.1s,111.1,33.8012852486364,-117.4674584980491,60.0,60.0,17.3,1324,736.2,4.47388,6.085134,-2.684328,0,-3.579104,1.342164,-0.447388,0,1.1,-0.9,1.4,-126.2,233.8,236.4,Tripod,Other,,21,5,True,,True,False,,Smart,RC,False,True,False,,,True,,False,False,False,False,False,False,False,False,False,False,0,Follow Yaw,-88.9,0,-134.4,225.6,False,False,False,False,False,,0,0,False,False,No Card,100,100,1024,1310,1269,1024,2,False,False,False,False,False,0,False,False,False,False,94,,47.616,,9440,,10044,,47.616,,True,3.964,3.964,3.964,3.964,3.964,3.964,3.964,3.964,3.964,3.964,3.964,3.964,0,,False,False,True,,,,,,,,,,,,,,,False,False,19.264,,83.4,,75.7,,83.4,,1793,48,6,16,7,143399.7,19119.96,,Idle,,20,,10,,,20,Go Home,False,False,False,False,False,False,False,False,False,False,False,False,33.8027920380556,-117.4659261431046,719.6,2972.0,1049.4,396.9,True,1,1,False,False,False,False,,True,False,False,Course Lock,196.8,67,16.4,93,NE,S,5.59,6.93,Calm,False,False,Android,7.0.2,M300 RTK,1ZN7L4R0H1D00F,1W9DL31001461C,1ZMLH8300204F0,1Z6PH74DAP0QN7,"Corona, CA",728.3,5.7,137.7,8.547347,2.013246,0,0,DJI Matrice 300 RTK,M300 RTK,1ZN7L4R0H1D00F,1W9DL31001461C,1ZMLH8300204F0,1Z6PH74DAP0QN7,DJI Pilot,Android,7.0.2,1EF72A62-B7C3-C88D-164E-CE6F8C8424AE,1ZN7L4R0H1D00F,1W9DL31001461C,,1ZMLH8300204F0,1W9DL31001461C,,,,,
2023-11-01,11:26:13.50 AM,1m 51.2s,111.2,33.8012840972938,-117.4674603848754,60.0,60.0,17.3,1324,736.9,4.47388,6.085134,-2.684328,0,-3.579104,1.342164,-0.447388,0,1,-0.9,1.3,-126.2,233.8,233.7,Tripod,Other,,21,5,True,,True,False,,Smart,RC,False,True,False,,,True,,False,False,False,False,False,False,False,False,False,False,0,Follow Yaw,-88.9,0,-134.4,225.6,False,False,False,False,False,,0,0,False,False,No Card,100,100,1024,1310,1269,1024,2,False,False,False,False,False,0,False,False,False,False,94,,47.616,,9440,,10044,,47.616,,True,3.964,3.964,3.964,3.964,3.964,3.964,3.964,3.964,3.964,3.964,3.964,3.964,0,,False,False,True,,,,,,,,,,,,,,,False,False,19.264,,83.4,,75.7,,83.4,,1793,48,6,16,7,143399.7,19119.96,,Idle,,20,,10,,,20,Go Home,False,False,False,False,False,False,False,False,False,False,False,False,33.8027920380556,-117.4659261431046,720.3,2972.0,1049.4,396.9,True,1,1,False,False,False,False,,True,False,False,Course Lock,196.8,67,16.4,93,NE,S,5.59,6.93,Calm,False,False,Android,7.0.2,M300 RTK,1ZN7L4R0H1D00F,1W9DL31001461C,1ZMLH8300204F0,1Z6PH74DAP0QN7,"Corona, CA",728.3,5.7,137.7,8.547347,2.013246,0,0,DJI Matrice 300 RTK,M300 RTK,1ZN7L4R0H1D00F,1W9DL31001461C,1ZMLH8300204F0,1Z6PH74DAP0QN7,DJI Pilot,Android,7.0.2,1EF72A62-B7C3-C88D-164E-CE6F8C8424AE,1ZN7L4R0H1D00F,1W9DL31001461C,,1ZMLH8300204F0,1W9DL31001461C,,,,,
2023-11-01,11:26:13.64 AM,1m 51.3s,111.3,33.801282962399,-117.4674619576704,60.0,60.0,17.3,1324,737.5,4.47388,6.085134,-2.684328,0,-3.579104,1.342164,-0.447388,0,0.9,-0.9,1.2,-126.2,233.8,229.0,Tripod,Other,,21,5,True,,True,False,,Smart,RC,False,True,False,,,True,,False,False,False,False,False,False,False,False,False,False,0,Follow Yaw,-88.9,0,-134.4,225.6,False,False,False,False,False,,0,0,False,False,No Card,100,100,1024,1310,1263,1024,2,False,False,False,False,False,0,False,False,False,False,94,,47.616,,9440,,10044,,47.616,,True,3.968,3.968,3.968,3.968,3.968,3.968,3.968,3.968,3.968,3.968,3.968,3.968,0,,False,False,True,,,,,,,,,,,,,,,False,False,19.264,,83.4,,75.7,,83.4,,1791,48,6,16,7,143623.2,19149.76,,Idle,,20,,10,,,20,Go Home,False,False,False,False,False,False,False,False,False,False,False,False,33.8027920380556,-117.4659261431046,721.0,2972.0,1049.4,396.9,True,1,1,False,False,False,False,,True,False,False,Course Lock,196.8,67,16.4,93,NE,S,5.59,6.93,Calm,False,False,Android,7.0.2,M300 RTK,1ZN7L4R0H1D00F,1W9DL31001461C,1ZMLH8300204F0,1Z6PH74DAP0QN7,"Corona, CA",728.3,5.7,137.7,8.547347,2.013246,0,0,DJI Matrice 300 RTK,M300 RTK,1ZN7L4R0H1D00F,1W9DL31001461C,1ZMLH8300204F0,1Z6PH74DAP0QN7,DJI Pilot,Android,7.0.2,1EF72A62-B7C3-C88D-164E-CE6F8C8424AE,1ZN7L4R0H1D00F,1W9DL31001461C,,1ZMLH8300204F0,1W9DL31001461C,,,,,
2023-11-01,11:26:13.74 AM,1m 51.4s,111.4,33.8012818220217,-117.4674638055726,60.0,60.0,17.3,1324,738.2,4.47388,6.085134,-2.684328,0,-3.579104,1.342164,-0.447388,0,0.8,-1,1.2,-126.2,233.8,233.4,Tripod,Other,,21,5,True,,True,False,,Smart,RC,False,True,False,,,True,,False,False,False,False,False,False,False,False,False,False,0,Follow Yaw,-88.9,0,-134.4,225.6,False,False,False,False,False,,0,0,False,False,No Card,100,100,1024,1312,1261,1024,2,False,False,False,False,False,0,False,False,False,False,94,,47.616,,9440,,10044,,47.616,,True,3.968,3.968,3.968,3.968,3.968,3.968,3.968,3.968,3.968,3.968,3.968,3.968,0,,False,False,True,,,,,,,,,,,,,,,False,False,19.264,,83.4,,75.7,,83.4,,1791,48,6,16,7,143623.2,19149.76,,Idle,,20,,10,,,20,Go Home,False,False,False,False,False,False,False,False,False,False,False,False,33.8027920380556,-117.4659261431046,721.6,2972.0,1049.4,396.9,True,1,1,False,False,False,False,,True,False,False,Course Lock,196.8,67,16.4,93,NE,S,5.59,6.93,Calm,False,False,Android,7.0.2,M300 RTK,1ZN7L4R0H1D00F,1W9DL31001461C,1ZMLH8300204F0,1Z6PH74DAP0QN7,"Corona, CA",728.3,5.7,137.7,8.547347,2.013246,0,0,DJI Matrice 300 RTK,M300 RTK,1ZN7L4R0H1D00F,1W9DL31001461C,1ZMLH8300204F0,1Z6PH74DAP0QN7,DJI Pilot,Android,7.0.2,1EF72A62-B7C3-C88D-164E-CE6F8C8424AE,1ZN7L4R0H1D00F,1W9DL31001461C,,1ZMLH8300204F0,1W9DL31001461C,,,,,
2023-11-01,11:26:13.84 AM,1m 51.5s,111.5,33.8012806180463,-117.4674659021929,60.3,60.3,17.3,1324,739.0,4.47388,6.085134,-2.684328,0,-3.579104,1.342164,-0.447388,0,0.6,-1.1,1.2,-126.2,233.8,235.3,Tripod,Other,,21,5,True,,True,False,,Smart,RC,False,True,False,,,True,,False,False,False,False,False,False,False,False,False,False,0,Follow Yaw,-88.9,0,-134.4,225.6,False,False,False,False,False,,0,0,False,False,No Card,100,100,1024,1314,1261,1024,2,False,False,False,False,False,0,False,False,False,False,94,,47.616,,9440,,10044,,47.616,,True,3.968,3.968,3.968,3.968,3.968,3.968,3.968,3.968,3.968,3.968,3.968,3.968,0,,False,False,True,,,,,,,,,,,,,,,False,False,19.264,,83.4,,75.7,,83.4,,1791,48,6,16,7,143623.2,19149.76,,Idle,,20,,10,,,20,Go Home,False,False,False,False,False,False,False,False,False,False,False,False,33.8027920380556,-117.4659261431046,722.4,2972.0,1049.4,396.9,True,1,1,False,False,False,False,,True,False,False,Course Lock,196.8,67,16.4,93,NE,S,5.59,6.93,Calm,False,False,Android,7.0.2,M300 RTK,1ZN7L4R0H1D00F,1W9DL31001461C,1ZMLH8300204F0,1Z6PH74DAP0QN7,"Corona, CA",728.3,5.7,137.7,8.547347,2.013246,0,0,DJI Matrice 300 RTK,M300 RTK,1ZN7L4R0H1D00F,1W9DL31001461C,1ZMLH8300204F0,1Z6PH74DAP0QN7,DJI Pilot,Android,7.0.2,1EF72A62-B7C3-C88D-164E-CE6F8C8424AE,1ZN7L4R0H1D00F,1W9DL31001461C,,1ZMLH8300204F0,1W9DL31001461C,,,,,
2023-11-01,11:26:13.94 AM,1m 51.6s,111.6,33.8012794776689,-117.4674677758245,60.3,60.3,17.7,1324,739.7,4.47388,6.085134,-2.684328,0,-3.579104,1.342164,-0.447388,0,0.5,-1.2,1.3,-126.2,233.8,233.7,Tripod,Other,,21,5,True,,True,False,,Smart,RC,False,True,False,,,True,,False,False,False,False,False,False,False,False,False,False,0,Follow Yaw,-88.9,0,-134.4,225.6,False,False,False,False,False,,0,0,False,False,No Card,100,100,1024,1317,1263,1024,2,False,False,False,False,False,0,False,False,False,False,94,,47.616,,9440,,10044,,47.616,,True,3.968,3.968,3.968,3.968,3.968,3.968,3.968,3.968,3.968,3.968,3.968,3.968,0,,False,False,True,,,,,,,,,,,,,,,False,False,19.264,,83.4,,75.7,,83.4,,1791,48,6,16,7,143623.2,19149.76,,Idle,,20,,10,,,20,Go Home,False,False,False,False,False,False,False,False,False,False,False,False,33.8027920380556,-117.4659261431046,723.1,2972.0,1049.4,396.9,True,1,1,False,False,False,False,,True,False,False,Course Lock,196.8,67,16.4,93,NE,S,5.59,6.93,Calm,False,False,Android,7.0.2,M300 RTK,1ZN7L4R0H1D00F,1W9DL31001461C,1ZMLH8300204F0,1Z6PH74DAP0QN7,"Corona, CA",728.3,5.7,137.7,8.547347,2.013246,0,0,DJI Matrice 300 RTK,M300 RTK,1ZN7L4R0H1D00F,1W9DL31001461C,1ZMLH8300204F0,1Z6PH74DAP0QN7,DJI Pilot,Android,7.0.2,1EF72A62-B7C3-C88D-164E-CE6F8C8424AE,1ZN7L4R0H1D00F,1W9DL31001461C,,1ZMLH8300204F0,1W9DL31001461C,,,,,
2023-11-01,11:26:14.04 AM,1m 51.7s,111.7,33.8012784272059,-117.4674694106341,60.3,60.3,17.7,1324,740.3,4.47388,6.085134,-2.684328,0,-3.579104,1.342164,-0.447388,0,0.6,-1.3,1.4,-126.2,233.8,232.2,Tripod,Other,,21,5,True,,True,False,,Smart,RC,False,True,False,,,True,,False,False,False,False,False,False,False,False,False,False,0,Follow Yaw,-88.9,0,-134.4,225.6,False,False,False,False,False,,0,0,False,False,No Card,100,100,1024,1317,1263,1024,2,False,False,False,False,False,0,False,False,False,False,94,,47.616,,9440,,10044,,47.616,,True,3.968,3.968,3.968,3.968,3.968,3.968,3.968,3.968,3.968,3.968,3.968,3.968,0,,False,False,True,,,,,,,,,,,,,,,False,False,19.264,,83.4,,75.7,,83.4,,1791,48,6,16,7,143623.2,19149.76,,Idle,,20,,10,,,20,Go Home,False,False,False,False,False,False,False,False,False,False,False,False,33.8027920380556,-117.4659261431046,723.7,2972.0,1049.4,396.9,True,1,1,False,False,False,False,,True,False,False,Course Lock,196.8,67,16.4,93,NE,S,5.59,6.93,Calm,False,False,Android,7.0.2,M300 RTK,1ZN7L4R0H1D00F,1W9DL31001461C,1ZMLH8300204F0,1Z6PH74DAP0QN7,"Corona, CA",728.3,5.7,137.7,8.547347,2.013246,0,0,DJI Matrice 300 RTK,M300 RTK,1ZN7L4R0H1D00F,1W9DL31001461C,1ZMLH8300204F0,1Z6PH74DAP0QN7,DJI Pilot,Android,7.0.2,1EF72A62-B7C3-C88D-164E-CE6F8C8424AE,1ZN7L4R0H1D00F,1W9DL31001461C,,1ZMLH8300204F0,1W9DL31001461C,,,,,
2023-11-01,11:26:14.12 AM,1m 51.8s,111.8,33.8012772868285,-117.467471271731,60.3,60.3,17.7,1324,741.0,4.47388,6.085134,-2.684328,0,-3.579104,1.342164,-0.447388,0,0.5,-1.2,1.3,-126.2,233.8,233.5,Tripod,Other,,21,5,True,,True,False,,Smart,RC,False,True,False,,,True,,False,False,False,False,False,False,False,False,False,False,0,Follow Yaw,-88.9,0,-134.4,225.6,False,False,False,False,False,,0,0,False,False,No Card,100,100,1024,1316,1243,1117,2,False,False,False,False,False,0,False,False,False,False,94,,47.616,,9440,,10044,,47.616,,True,3.968,3.968,3.968,3.968,3.968,3.968,3.968,3.968,3.968,3.968,3.968,3.968,0,,False,False,True,,,,,,,,,,,,,,,False,False,19.264,,83.4,,75.7,,83.4,,1791,48,6,16,7,143623.2,19149.76,,Idle,,20,,10,,,20,Go Home,False,False,False,False,False,False,False,False,False,False,False,False,33.8027920380556,-117.4659261431046,724.4,2972.0,1049.4,396.9,True,1,1,False,False,False,False,,True,False,False,Course Lock,196.8,67,16.4,93,NE,S,5.59,6.93,Calm,False,False,Android,7.0.2,M300 RTK,1ZN7L4R0H1D00F,1W9DL31001461C,1ZMLH8300204F0,1Z6PH74DAP0QN7,"Corona, CA",728.3,5.7,137.7,8.547347,2.013246,0,0,DJI Matrice 300 RTK,M300 RTK,1ZN7L4R0H1D00F,1W9DL31001461C,1ZMLH8300204F0,1Z6PH74DAP0QN7,DJI Pilot,Android,7.0.2,1EF72A62-B7C3-C88D-164E-CE6F8C8424AE,1ZN7L4R0H1D00F,1W9DL31001461C,,1ZMLH8300204F0,1W9DL31001461C,,,,,
2023-11-01,11:26:14.24 AM,1m 51.9s,111.9,33.8012761700262,-117.4674732938018,60.3,60.3,17.7,1324,741.8,4.47388,6.085134,-2.684328,0,-3.579104,1.342164,-0.447388,0,0.5,-1.1,1.2,-126.2,233.8,236.3,Tripod,Other,,21,5,True,,True,False,,Smart,RC,False,True,False,,,True,,False,False,False,False,False,False,False,False,False,False,0,Follow Yaw,-88.9,0,-134.3,225.7,False,False,False,False,False,,0,0,False,False,No Card,100,100,1024,1316,1246,1107,2,False,False,False,False,False,0,False,False,False,False,94,,47.604,,4686,,4986,,47.604,,True,3.968,3.968,3.968,3.968,3.968,3.968,3.968,3.968,3.968,3.968,3.968,3.968,0,,False,False,True,,,,,,,,,,,,,,,False,False,9.386,,82.7,,75.7,,83.4,,1791,48,6,16,7,143623.2,19149.76,,Idle,,20,,10,,,20,Go Home,False,False,False,False,False,False,False,False,False,False,False,False,33.8027920380556,-117.4659261431046,725.1,2972.0,1049.4,396.9,True,1,1,False,False,False,False,,True,False,False,Course Lock,196.8,67,16.4,93,NE,S,5.59,6.93,Calm,False,False,Android,7.0.2,M300 RTK,1ZN7L4R0H1D00F,1W9DL31001461C,1ZMLH8300204F0,1Z6PH74DAP0QN7,"Corona, CA",728.3,5.7,137.7,8.547347,2.013246,0,0,DJI Matrice 300 RTK,M300 RTK,1ZN7L4R0H1D00F,1W9DL31001461C,1ZMLH8300204F0,1Z6PH74DAP0QN7,DJI Pilot,Android,7.0.2,1EF72A62-B7C3-C88D-164E-CE6F8C8424AE,1ZN7L4R0H1D00F,1W9DL31001461C,,1ZMLH8300204F0,1W9DL31001461C,,,,,
2023-11-01,11:26:14.33 AM,1m 52.0s,112.0,33.8012750296488,-117.4674751674335,60.6,60.6,17.7,1324,742.5,4.65477,6.085134,-2.684328,0,-3.802798,1.342164,-0.223694,0,0.4,-0.9,0.9,-126.1,233.9,233.7,Tripod,Other,,21,5,True,,True,False,,Smart,RC,False,True,False,,,True,,False,False,False,False,False,False,False,False,False,False,0,Follow Yaw,-88.9,0,-134.2,225.8,False,False,False,False,False,,0,0,False,False,No Card,100,100,1024,1316,1246,1107,2,False,False,False,False,False,0,False,False,False,False,94,,47.64,,9440,,10044,,47.64,,True,3.968,3.968,3.968,3.968,3.968,3.968,3.968,3.968,3.968,3.968,3.968,3.968,0,,False,False,True,,,,,,,,,,,,,,,False,False,19.132,,83.4,,75.7,,83.4,,1791,48,6,16,7,143623.2,19149.76,,Idle,,20,,10,,,20,Go Home,False,False,False,False,False,False,False,False,False,False,False,False,33.8027920380556,-117.4659261431046,725.7,2972.0,1049.4,396.9,True,1,1,False,False,False,False,,True,False,False,Course Lock,196.8,67,16.4,93,NE,S,5.59,6.93,Calm,False,False,Android,7.0.2,M300 RTK,1ZN7L4R0H1D00F,1W9DL31001461C,1ZMLH8300204F0,1Z6PH74DAP0QN7,"Corona, CA",728.3,5.7,137.7,8.547347,2.013246,0,0,DJI Matrice 300 RTK,M300 RTK,1ZN7L4R0H1D00F,1W9DL31001461C,1ZMLH8300204F0,1Z6PH74DAP0QN7,DJI Pilot,Android,7.0.2,1EF72A62-B7C3-C88D-164E-CE6F8C8424AE,1ZN7L4R0H1D00F,1W9DL31001461C,,1ZMLH8300204F0,1W9DL31001461C,,,,,
2023-11-01,11:26:14.44 AM,1m 52.1s,112.1,33.8012740137261,-117.4674768154376,60.6,60.6,17.7,1324,743.1,4.65477,6.085134,-2.684328,0,-3.802798,1.342164,-0.223694,0,0.4,-0.8,0.8,-126.1,233.9,233.4,Tripod,Other,,21,5,True,,True,False,,Smart,RC,False,True,False,,,True,,False,False,False,False,False,False,False,False,False,False,0,Follow Yaw,-88.9,0,-134.1,225.9,False,False,False,False,False,,0,0,False,False,No Card,100,100,1024,1313,1251,1096,2,False,False,False,False,False,0,False,False,False,False,94,,47.64,,9440,,10044,,47.64,,True,3.968,3.968,3.968,3.968,3.968,3.968,3.968,3.968,3.968,3.968,3.968,3.968,0,,False,False,True,,,,,,,,,,,,,,,False,False,19.132,,83.4,,75.7,,83.4,,1791,48,6,16,7,143623.2,19149.76,,Idle,,20,,10,,,20,Go Home,False,False,False,False,False,False,False,False,False,False,False,False,33.8027920380556,-117.4659261431046,726.4,2972.0,1049.4,396.9,True,1,1,False,False,False,False,,True,False,False,Course Lock,196.8,67,16.4,93,NE,S,5.59,6.93,Calm,False,False,Android,7.0.2,M300 RTK,1ZN7L4R0H1D00F,1W9DL31001461C,1ZMLH8300204F0,1Z6PH74DAP0QN7,"Corona, CA",728.3,5.7,137.7,8.547347,2.013246,0,0,DJI Matrice 300 RTK,M300 RTK,1ZN7L4R0H1D00F,1W9DL31001461C,1ZMLH8300204F0,1Z6PH74DAP0QN7,DJI Pilot,Android,7.0.2,1EF72A62-B7C3-C88D-164E-CE6F8C8424AE,1ZN7L4R0H1D00F,1W9DL31001461C,,1ZMLH8300204F0,1W9DL31001461C,,,,,
2023-11-01,11:26:14.54 AM,1m 52.2s,112.2,33.8012728843138,-117.4674786844512,60.6,60.6,17.7,1324,743.8,4.65477,6.085134,-2.684328,0,-3.802798,1.342164,-0.223694,0,0.5,-0.8,0.9,-126,234,233.9,Tripod,Other,,21,5,True,,True,False,,Smart,RC,False,True,False,,,True,,False,False,False,False,False,False,False,False,False,False,0,Follow Yaw,-88.9,0,-133.9,226.1,False,False,False,False,False,,0,0,False,False,No Card,100,100,1024,1315,1252,1093,2,False,False,False,False,False,0,False,False,False,False,94,,47.64,,9440,,10044,,47.64,,True,3.968,3.968,3.968,3.968,3.968,3.968,3.968,3.968,3.968,3.968,3.968,3.968,0,,False,False,True,,,,,,,,,,,,,,,False,False,19.132,,83.4,,75.7,,83.4,,1791,48,6,16,7,143623.2,19149.76,,Idle,,20,,10,,,20,Go Home,False,False,False,False,False,False,False,False,False,False,False,False,33.8027920380556,-117.4659261431046,727.0,2972.0,1049.4,396.9,True,1,1,False,False,False,False,,True,False,False,Course Lock,196.8,67,16.4,93,NE,S,5.59,6.93,Calm,False,False,Android,7.0.2,M300 RTK,1ZN7L4R0H1D00F,1W9DL31001461C,1ZMLH8300204F0,1Z6PH74DAP0QN7,"Corona, CA",728.3,5.7,137.7,8.547347,2.013246,0,0,DJI Matrice 300 RTK,M300 RTK,1ZN7L4R0H1D00F,1W9DL31001461C,1ZMLH8300204F0,1Z6PH74DAP0QN7,DJI Pilot,Android,7.0.2,1EF72A62-B7C3-C88D-164E-CE6F8C8424AE,1ZN7L4R0H1D00F,1W9DL31001461C,,1ZMLH8300204F0,1W9DL31001461C,,,,,
2023-11-01,11:26:14.64 AM,1m 52.3s,112.3,33.8012716715664,-117.4674805666594,60.6,60.6,17.3,1324,744.5,4.65477,6.085134,-2.684328,0,-3.802798,1.342164,-0.223694,0,0.6,-0.9,1,-126,234,232.2,Tripod,Other,,21,5,True,,True,False,,Smart,RC,False,True,False,,,True,,False,False,False,False,False,False,False,False,False,False,0,Follow Yaw,-88.9,0,-133.8,226.2,False,False,False,False,False,,0,0,False,False,No Card,100,100,1024,1317,1251,1094,2,False,False,False,False,False,0,False,False,False,False,94,,47.64,,9440,,10044,,47.64,,True,3.97,3.97,3.97,3.97,3.97,3.97,3.97,3.97,3.97,3.97,3.97,3.97,0,,False,False,True,,,,,,,,,,,,,,,False,False,19.132,,83.4,,75.7,,83.4,,1789,48,6,16,7,143789.0,19171.87,,Idle,,20,,10,,,20,Go Home,False,False,False,False,False,False,False,False,False,False,False,False,33.8027920380556,-117.4659261431046,727.7,2972.0,1049.4,396.9,True,1,1,False,False,False,False,,True,False,False,Course Lock,196.8,67,16.4,93,NE,S,5.59,6.93,Calm,False,False,Android,7.0.2,M300 RTK,1ZN7L4R0H1D00F,1W9DL31001461C,1ZMLH8300204F0,1Z6PH74DAP0QN7,"Corona, CA",728.3,5.7,137.7,8.547347,2.013246,0,0,DJI Matrice 300 RTK,M300 RTK,1ZN7L4R0H1D00F,1W9DL31001461C,1ZMLH8300204F0,1Z6PH74DAP0QN7,DJI Pilot,Android,7.0.2,1EF72A62-B7C3-C88D-164E-CE6F8C8424AE,1ZN7L4R0H1D00F,1W9DL31001461C,,1ZMLH8300204F0,1W9DL31001461C,,,,,
2023-11-01,11:26:14.74 AM,1m 52.4s,112.4,33.8012705306407,-117.467482440291,60.6,60.6,17.3,1324,745.2,4.65477,6.085134,-2.684328,0,-3.802798,1.342164,-0.223694,0,0.5,-0.9,1,-125.8,234.2,233.7,Tripod,Other,,21,5,True,,True,False,,Smart,RC,False,True,False,,,True,,False,False,False,False,False,False,False,False,False,False,0,Follow Yaw,-88.9,0,-133.7,226.3,False,False,False,False,False,,0,0,False,False,No Card,100,100,1024,1316,1252,1094,2,False,False,False,False,False,0,False,False,False,False,94,,47.64,,9440,,10044,,47.64,,True,3.97,3.97,3.97,3.97,3.97,3.97,3.97,3.97,3.97,3.97,3.97,3.97,0,,False,False,True,,,,,,,,,,,,,,,False,False,19.132,,83.4,,75.7,,83.4,,1789,48,6,16,7,143789.0,19171.87,,Idle,,20,,10,,,20,Go Home,False,False,False,False,False,False,False,False,False,False,False,False,33.8027920380556,-117.4659261431046,728.4,2972.0,1049.4,396.9,True,1,1,False,False,False,False,,True,False,False,Course Lock,196.8,67,16.4,93,NE,S,5.59,6.93,Calm,False,False,Android,7.0.2,M300 RTK,1ZN7L4R0H1D00F,1W9DL31001461C,1ZMLH8300204F0,1Z6PH74DAP0QN7,"Corona, CA",728.3,5.7,137.7,8.547347,2.013246,0,0,DJI Matrice 300 RTK,M300 RTK,1ZN7L4R0H1D00F,1W9DL31001461C,1ZMLH8300204F0,1Z6PH74DAP0QN7,DJI Pilot,Android,7.0.2,1EF72A62-B7C3-C88D-164E-CE6F8C8424AE,1ZN7L4R0H1D00F,1W9DL31001461C,,1ZMLH8300204F0,1W9DL31001461C,,,,,
2023-11-01,11:26:14.84 AM,1m 52.5s,112.5,33.801269351337,-117.4674842980892,61.0,61.0,17.3,1325,745.9,4.65477,6.085134,-2.684328,0,-3.802798,1.342164,-0.223694,0,0.5,-0.7,0.8,-125.7,234.3,232.6,Tripod,Other,,21,5,True,,True,False,,Smart,RC,False,True,False,,,True,,False,False,False,False,False,False,False,False,False,False,0,Follow Yaw,-88.9,0,-133.6,226.4,False,False,False,False,False,,0,0,False,False,No Card,100,100,1024,1315,1254,1094,2,False,False,False,False,False,0,False,False,False,False,94,,47.64,,9440,,10044,,47.64,,True,3.97,3.97,3.97,3.97,3.97,3.97,3.97,3.97,3.97,3.97,3.97,3.97,0,,False,False,True,,,,,,,,,,,,,,,False,False,19.132,,83.4,,75.7,,83.4,,1789,48,6,16,7,143789.0,19171.87,,Idle,,20,,10,,,20,Go Home,False,False,False,False,False,False,False,False,False,False,False,False,33.8027920380556,-117.4659261431046,729.1,2972.0,1049.4,396.9,True,1,1,False,False,False,False,,True,False,False,Course Lock,196.8,67,16.4,93,NE,S,5.59,6.93,Calm,False,False,Android,7.0.2,M300 RTK,1ZN7L4R0H1D00F,1W9DL31001461C,1ZMLH8300204F0,1Z6PH74DAP0QN7,"Corona, CA",728.3,5.7,137.7,8.547347,2.013246,0,0,DJI Matrice 300 RTK,M300 RTK,1ZN7L4R0H1D00F,1W9DL31001461C,1ZMLH8300204F0,1Z6PH74DAP0QN7,DJI Pilot,Android,7.0.2,1EF72A62-B7C3-C88D-164E-CE6F8C8424AE,1ZN7L4R0H1D00F,1W9DL31001461C,,1ZMLH8300204F0,1W9DL31001461C,,,,,
2023-11-01,11:26:14.95 AM,1m 52.6s,112.6,33.8012681994462,-117.4674861849155,61.0,61.0,17.3,1325,746.6,4.65477,6.085134,-2.684328,0,-3.802798,1.342164,-0.447388,0,0.5,-0.6,0.7,-125.6,234.4,233.6,Tripod,Other,,21,5,True,,True,False,,Smart,RC,False,True,False,,,True,,False,False,False,False,False,False,False,False,False,False,0,Follow Yaw,-88.9,0,-133.5,226.5,False,False,False,False,False,,0,0,False,False,No Card,100,100,1024,1315,1254,1095,2,False,False,False,False,False,0,False,False,False,False,94,,47.64,,9440,,10044,,47.64,,True,3.97,3.97,3.97,3.97,3.97,3.97,3.97,3.97,3.97,3.97,3.97,3.97,0,,False,False,True,,,,,,,,,,,,,,,False,False,19.132,,83.4,,75.7,,83.4,,1789,48,6,16,7,143789.0,19171.87,,Idle,,20,,10,,,20,Go Home,False,False,False,False,False,False,False,False,False,False,False,False,33.8027920380556,-117.4659261431046,729.8,2972.0,1049.4,396.9,True,1,1,False,False,False,False,,True,False,False,Course Lock,196.8,67,16.4,93,NE,S,5.59,6.93,Calm,False,False,Android,7.0.2,M300 RTK,1ZN7L4R0H1D00F,1W9DL31001461C,1ZMLH8300204F0,1Z6PH74DAP0QN7,"Corona, CA",728.3,5.7,137.7,8.547347,2.013246,0,0,DJI Matrice 300 RTK,M300 RTK,1ZN7L4R0H1D00F,1W9DL31001461C,1ZMLH8300204F0,1Z6PH74DAP0QN7,DJI Pilot,Android,7.0.2,1EF72A62-B7C3-C88D-164E-CE6F8C8424AE,1ZN7L4R0H1D00F,1W9DL31001461C,,1ZMLH8300204F0,1W9DL31001461C,,,,,
2023-11-01,11:26:15.05 AM,1m 52.7s,112.7,33.8012671731065,-117.4674881997293,61.0,61.0,17.3,1325,747.3,4.65477,6.085134,-2.684328,0,-3.802798,1.342164,-0.447388,0,0.3,-0.7,0.7,-125.5,234.5,238.4,Tripod,Other,,21,5,True,,True,False,,Smart,RC,False,True,False,,,True,,False,False,False,False,False,False,False,False,False,False,0,Follow Yaw,-88.9,0,-133.4,226.6,False,False,False,False,False,,0,0,False,False,No Card,100,100,1024,1315,1257,1119,2,False,False,False,False,False,0,False,False,False,False,94,,47.64,,9440,,10044,,47.64,,True,3.97,3.97,3.97,3.97,3.97,3.97,3.97,3.97,3.97,3.97,3.97,3.97,0,,False,False,True,,,,,,,,,,,,,,,False,False,19.132,,83.4,,75.7,,83.4,,1789,48,6,16,7,143789.0,19171.87,,Idle,,20,,10,,,20,Go Home,False,False,False,False,False,False,False,False,False,False,False,False,33.8027920380556,-117.4659261431046,730.5,2972.0,1049.4,396.9,True,1,1,False,False,False,False,,True,False,False,Course Lock,196.8,67,16.4,93,NE,S,5.59,6.93,Calm,False,False,Android,7.0.2,M300 RTK,1ZN7L4R0H1D00F,1W9DL31001461C,1ZMLH8300204F0,1Z6PH74DAP0QN7,"Corona, CA",728.3,5.7,137.7,8.547347,2.013246,0,0,DJI Matrice 300 RTK,M300 RTK,1ZN7L4R0H1D00F,1W9DL31001461C,1ZMLH8300204F0,1Z6PH74DAP0QN7,DJI Pilot,Android,7.0.2,1EF72A62-B7C3-C88D-164E-CE6F8C8424AE,1ZN7L4R0H1D00F,1W9DL31001461C,,1ZMLH8300204F0,1W9DL31001461C,,,,,
2023-11-01,11:26:15.16 AM,1m 52.8s,112.8,33.8012660327291,-117.4674901175629,61.0,61.0,17.3,1325,748.1,4.65477,6.085134,-2.684328,0,-3.802798,1.342164,-0.447388,0,0.1,-0.8,0.8,-125.4,234.6,234.4,Tripod,Other,,21,5,True,,True,False,,Smart,RC,False,True,False,,,True,,False,False,False,False,False,False,False,False,False,False,0,Follow Yaw,-88.9,0,-133.3,226.7,False,False,False,False,False,,0,0,False,False,No Card,100,100,1024,1315,1258,1123,2,False,False,False,False,False,0,False,False,False,False,94,,47.64,,9440,,10044,,47.64,,True,3.97,3.97,3.97,3.97,3.97,3.97,3.97,3.97,3.97,3.97,3.97,3.97,0,,False,False,True,,,,,,,,,,,,,,,False,False,19.132,,83.4,,75.7,,83.4,,1789,48,6,16,7,143789.0,19171.87,,Idle,,20,,10,,,20,Go Home,False,False,False,False,False,False,False,False,False,False,False,False,33.8027920380556,-117.4659261431046,731.2,2972.0,1049.4,396.9,True,1,1,False,False,False,False,,True,False,False,Course Lock,196.8,67,16.4,93,NE,S,5.59,6.93,Calm,False,False,Android,7.0.2,M300 RTK,1ZN7L4R0H1D00F,1W9DL31001461C,1ZMLH8300204F0,1Z6PH74DAP0QN7,"Corona, CA",728.3,5.7,137.7,8.547347,2.013246,0,0,DJI Matrice 300 RTK,M300 RTK,1ZN7L4R0H1D00F,1W9DL31001461C,1ZMLH8300204F0,1Z6PH74DAP0QN7,DJI Pilot,Android,7.0.2,1EF72A62-B7C3-C88D-164E-CE6F8C8424AE,1ZN7L4R0H1D00F,1W9DL31001461C,,1ZMLH8300204F0,1W9DL31001461C,,,,,
2023-11-01,11:26:15.26 AM,1m 52.9s,112.9,33.8012647103299,-117.4674918044911,61.3,61.3,17.3,1325,748.8,4.65477,6.085134,-2.684328,0,-3.802798,1.342164,-0.447388,0,0.1,-0.7,0.7,-125.4,234.6,226.6,Tripod,Other,,21,5,True,,True,False,,Smart,RC,False,True,False,,,True,,False,False,False,False,False,False,False,False,False,False,0,Follow Yaw,-88.9,0,-133.1,226.9,False,False,False,False,False,,0,0,False,False,No Card,100,100,1024,1316,1255,1139,2,False,False,False,False,False,0,False,False,False,False,94,,47.64,,9440,,10044,,47.64,,True,3.97,3.97,3.97,3.97,3.97,3.97,3.97,3.97,3.97,3.97,3.97,3.97,0,,False,False,True,,,,,,,,,,,,,,,False,False,19.132,,83.4,,75.7,,83.4,,1789,48,6,16,7,143789.0,19171.87,,Idle,,20,,10,,,20,Go Home,False,False,False,False,False,False,False,False,False,False,False,False,33.8027920380556,-117.4659261431046,731.9,2972.0,1049.4,396.9,True,1,1,False,False,False,False,,True,False,False,Course Lock,196.8,67,16.4,93,NE,S,5.59,6.93,Calm,False,False,Android,7.0.2,M300 RTK,1ZN7L4R0H1D00F,1W9DL31001461C,1ZMLH8300204F0,1Z6PH74DAP0QN7,"Corona, CA",728.3,5.7,137.7,8.547347,2.013246,0,0,DJI Matrice 300 RTK,M300 RTK,1ZN7L4R0H1D00F,1W9DL31001461C,1ZMLH8300204F0,1Z6PH74DAP0QN7,DJI Pilot,Android,7.0.2,1EF72A62-B7C3-C88D-164E-CE6F8C8424AE,1ZN7L4R0H1D00F,1W9DL31001461C,,1ZMLH8300204F0,1W9DL31001461C,,,,,
2023-11-01,11:26:15.36 AM,1m 53.0s,113.0,33.8012635408949,-117.4674937282623,61.3,61.3,17.3,1325,749.5,4.65477,6.085134,-2.684328,0,-3.802798,1.342164,-0.447388,0,0.3,-0.5,0.5,-125.2,234.8,233.8,Tripod,Other,,20,5,True,,True,False,,Smart,RC,False,True,False,,,True,,False,False,False,False,False,False,False,False,False,False,0,Follow Yaw,-88.9,0,-132.9,227.1,False,False,False,False,False,,0,0,False,False,No Card,100,100,1024,1317,1252,1145,2,False,False,False,False,False,0,False,False,False,False,94,,47.616,,9440,,10044,,47.616,,True,3.97,3.97,3.97,3.97,3.97,3.97,3.97,3.97,3.97,3.97,3.97,3.97,0,,False,False,True,,,,,,,,,,,,,,,False,False,19.228,,83.6,,75.7,,83.6,,1789,48,6,16,7,143789.0,19171.87,,Idle,,20,,10,,,20,Go Home,False,False,False,False,False,False,False,False,False,False,False,False,33.8027920380556,-117.4659261431046,732.6,2972.0,1049.4,396.9,True,1,1,False,False,False,False,,True,False,False,Course Lock,196.8,67,16.4,93,NE,S,5.59,6.93,Calm,False,False,Android,7.0.2,M300 RTK,1ZN7L4R0H1D00F,1W9DL31001461C,1ZMLH8300204F0,1Z6PH74DAP0QN7,"Corona, CA",728.3,5.7,137.7,8.547347,2.013246,0,0,DJI Matrice 300 RTK,M300 RTK,1ZN7L4R0H1D00F,1W9DL31001461C,1ZMLH8300204F0,1Z6PH74DAP0QN7,DJI Pilot,Android,7.0.2,1EF72A62-B7C3-C88D-164E-CE6F8C8424AE,1ZN7L4R0H1D00F,1W9DL31001461C,,1ZMLH8300204F0,1W9DL31001461C,,,,,
2023-11-01,11:26:15.47 AM,1m 53.1s,113.1,33.8012625414199,-117.4674955952966,61.3,61.3,17.7,1325,750.2,4.65477,6.085134,-2.684328,0,-3.802798,1.342164,-0.447388,0,0.6,-0.3,0.6,-125.1,234.9,237.2,Tripod,Other,,20,5,True,,True,False,,Smart,RC,False,True,False,,,True,,False,False,False,False,False,False,False,False,False,False,0,Follow Yaw,-88.9,0,-132.7,227.3,False,False,False,False,False,,0,0,False,False,No Card,100,100,1024,1316,1251,1152,2,False,False,False,False,False,0,False,False,False,False,94,,47.616,,9440,,10044,,47.616,,True,3.97,3.97,3.97,3.97,3.97,3.97,3.97,3.97,3.97,3.97,3.97,3.97,0,,False,False,True,,,,,,,,,,,,,,,False,False,19.228,,83.6,,75.7,,83.6,,1789,48,6,16,7,143789.0,19171.87,,Idle,,20,,10,,,20,Go Home,False,False,False,False,False,False,False,False,False,False,False,False,33.8027920380556,-117.4659261431046,733.2,2972.0,1049.4,396.9,True,1,1,False,False,False,False,,True,False,False,Course Lock,196.8,67,16.4,93,NE,S,5.59,6.93,Calm,False,False,Android,7.0.2,M300 RTK,1ZN7L4R0H1D00F,1W9DL31001461C,1ZMLH8300204F0,1Z6PH74DAP0QN7,"Corona, CA",728.3,5.7,137.7,8.547347,2.013246,0,0,DJI Matrice 300 RTK,M300 RTK,1ZN7L4R0H1D00F,1W9DL31001461C,1ZMLH8300204F0,1Z6PH74DAP0QN7,DJI Pilot,Android,7.0.2,1EF72A62-B7C3-C88D-164E-CE6F8C8424AE,1ZN7L4R0H1D00F,1W9DL31001461C,,1ZMLH8300204F0,1W9DL31001461C,,,,,
2023-11-01,11:26:15.57 AM,1m 53.2s,113.2,33.8012613906256,-117.467497535561,61.3,61.3,17.7,1325,750.9,4.65477,6.085134,-2.684328,0,-3.802798,1.342164,-0.447388,0,0.8,-0.1,0.8,-124.8,235.2,234.4,Tripod,Other,,21,5,True,,True,False,,Smart,RC,False,True,False,,,True,,False,False,False,False,False,False,False,False,False,False,0,Follow Yaw,-88.9,0,-132.6,227.4,False,False,False,False,False,,0,0,False,False,No Card,100,100,1024,1313,1251,1157,2,False,False,False,False,False,0,False,False,False,False,94,,47.616,,9440,,10044,,47.616,,True,3.97,3.97,3.97,3.97,3.97,3.97,3.97,3.97,3.97,3.97,3.97,3.97,0,,False,False,True,,,,,,,,,,,,,,,False,False,19.228,,83.6,,75.7,,83.6,,1789,48,6,16,7,143789.0,19171.87,,Idle,,20,,10,,,20,Go Home,False,False,False,False,False,False,False,False,False,False,False,False,33.8027920380556,-117.4659261431046,733.9,2972.0,1049.4,396.9,True,1,1,False,False,False,False,,True,False,False,Course Lock,196.8,67,16.4,93,NE,S,5.59,6.93,Calm,False,False,Android,7.0.2,M300 RTK,1ZN7L4R0H1D00F,1W9DL31001461C,1ZMLH8300204F0,1Z6PH74DAP0QN7,"Corona, CA",728.3,5.7,137.7,8.547347,2.013246,0,0,DJI Matrice 300 RTK,M300 RTK,1ZN7L4R0H1D00F,1W9DL31001461C,1ZMLH8300204F0,1Z6PH74DAP0QN7,DJI Pilot,Android,7.0.2,1EF72A62-B7C3-C88D-164E-CE6F8C8424AE,1ZN7L4R0H1D00F,1W9DL31001461C,,1ZMLH8300204F0,1W9DL31001461C,,,,,
2023-11-01,11:26:15.67 AM,1m 53.3s,113.3,33.8012602316074,-117.46749951343,61.3,61.3,17.7,1325,751.6,4.839241,6.085134,-2.684328,0,-4.026492,1.342164,-0.447388,0,0.9,-0.1,0.9,-124.6,235.4,234.8,Tripod,Other,,21,5,True,,True,False,,Smart,RC,False,True,False,,,True,,False,False,False,False,False,False,False,False,False,False,0,Follow Yaw,-88.9,0,-132.3,227.7,False,False,False,False,False,,0,0,False,False,No Card,100,100,1024,1312,1252,1157,2,False,False,False,False,False,0,False,False,False,False,94,,47.616,,9440,,10044,,47.616,,True,3.968,3.968,3.968,3.968,3.968,3.968,3.968,3.968,3.968,3.968,3.968,3.968,0,,False,False,True,,,,,,,,,,,,,,,False,False,19.228,,83.6,,75.7,,83.6,,1787,48,6,16,7,143905.6,19187.42,,Idle,,20,,10,,,20,Go Home,False,False,False,False,False,False,False,False,False,False,False,False,33.8027920380556,-117.4659261431046,734.6,2972.0,1049.4,396.9,True,1,1,False,False,False,False,,True,False,False,Course Lock,196.8,67,16.4,93,NE,S,5.81,6.93,Calm,False,False,Android,7.0.2,M300 RTK,1ZN7L4R0H1D00F,1W9DL31001461C,1ZMLH8300204F0,1Z6PH74DAP0QN7,"Corona, CA",728.3,5.7,137.7,8.547347,2.013246,0,0,DJI Matrice 300 RTK,M300 RTK,1ZN7L4R0H1D00F,1W9DL31001461C,1ZMLH8300204F0,1Z6PH74DAP0QN7,DJI Pilot,Android,7.0.2,1EF72A62-B7C3-C88D-164E-CE6F8C8424AE,1ZN7L4R0H1D00F,1W9DL31001461C,,1ZMLH8300204F0,1W9DL31001461C,,,,,
2023-11-01,11:26:15.77 AM,1m 53.4s,113.4,33.8012590989056,-117.4675014675486,61.6,61.6,17.7,1325,752.3,4.839241,6.085134,-2.684328,0,-4.026492,1.342164,-0.447388,0,1,-0.1,1,-124.4,235.6,235.1,Tripod,Other,,21,5,True,,True,False,,Smart,RC,False,True,False,,,True,,False,False,False,False,False,False,False,False,False,False,0,Follow Yaw,-88.9,0,-132,228,False,False,False,False,False,,0,0,False,False,No Card,100,100,1024,1311,1252,1157,2,False,False,False,False,False,0,False,False,False,False,94,,47.616,,9440,,10044,,47.616,,True,3.968,3.968,3.968,3.968,3.968,3.968,3.968,3.968,3.968,3.968,3.968,3.968,0,,False,False,True,,,,,,,,,,,,,,,False,False,19.228,,83.6,,75.7,,83.6,,1787,48,6,16,7,143905.6,19187.42,,Idle,,20,,10,,,20,Go Home,False,False,False,False,False,False,False,False,False,False,False,False,33.8027920380556,-117.4659261431046,735.3,2972.0,1049.4,396.9,True,1,1,False,False,False,False,,True,False,False,Course Lock,196.8,67,16.4,93,NE,S,5.81,6.93,Calm,False,False,Android,7.0.2,M300 RTK,1ZN7L4R0H1D00F,1W9DL31001461C,1ZMLH8300204F0,1Z6PH74DAP0QN7,"Corona, CA",728.3,5.7,137.7,8.547347,2.013246,0,0,DJI Matrice 300 RTK,M300 RTK,1ZN7L4R0H1D00F,1W9DL31001461C,1ZMLH8300204F0,1Z6PH74DAP0QN7,DJI Pilot,Android,7.0.2,1EF72A62-B7C3-C88D-164E-CE6F8C8424AE,1ZN7L4R0H1D00F,1W9DL31001461C,,1ZMLH8300204F0,1W9DL31001461C,,,,,
2023-11-01,11:26:15.88 AM,1m 53.5s,113.5,33.8012578406527,-117.4675035522938,61.6,61.6,17.7,1325,753.1,4.839241,6.085134,-2.684328,0,-4.026492,1.342164,-0.447388,0,0.9,-0.3,0.9,-124.1,235.9,234.0,Tripod,Other,,21,5,True,,True,False,,Smart,RC,False,True,False,,,True,,False,False,False,False,False,False,False,False,False,False,0,Follow Yaw,-88.9,0,-131.8,228.2,False,False,False,False,False,,0,0,False,False,No Card,100,100,1024,1314,1250,1157,2,False,False,False,False,False,0,False,False,False,False,94,,47.616,,9440,,10044,,47.616,,True,3.968,3.968,3.968,3.968,3.968,3.968,3.968,3.968,3.968,3.968,3.968,3.968,0,,False,False,True,,,,,,,,,,,,,,,False,False,19.228,,83.6,,75.7,,83.6,,1787,48,6,16,7,143905.6,19187.42,,Idle,,20,,10,,,20,Go Home,False,False,False,False,False,False,False,False,False,False,False,False,33.8027920380556,-117.4659261431046,736.1,2972.0,1049.4,396.9,True,1,1,False,False,False,False,,True,False,False,Course Lock,196.8,67,16.4,93,NE,S,5.81,6.93,Calm,False,False,Android,7.0.2,M300 RTK,1ZN7L4R0H1D00F,1W9DL31001461C,1ZMLH8300204F0,1Z6PH74DAP0QN7,"Corona, CA",728.3,5.7,137.7,8.547347,2.013246,0,0,DJI Matrice 300 RTK,M300 RTK,1ZN7L4R0H1D00F,1W9DL31001461C,1ZMLH8300204F0,1Z6PH74DAP0QN7,DJI Pilot,Android,7.0.2,1EF72A62-B7C3-C88D-164E-CE6F8C8424AE,1ZN7L4R0H1D00F,1W9DL31001461C,,1ZMLH8300204F0,1W9DL31001461C,,,,,
2023-11-01,11:26:15.94 AM,1m 53.6s,113.6,33.8012567106922,-117.4675055328016,61.6,61.6,17.7,1325,753.8,4.839241,6.085134,-2.684328,0,-4.026492,1.342164,-0.447388,0,0.9,-0.4,0.9,-123.9,236.1,235.5,Tripod,Other,,21,5,True,,True,False,,Smart,RC,False,True,False,,,True,,False,False,False,False,False,False,False,False,False,False,0,Follow Yaw,-88.9,0,-131.6,228.4,False,False,False,False,False,,0,0,False,False,No Card,100,100,1024,1314,1250,1157,2,False,False,False,False,False,0,False,False,False,False,94,,47.616,,9440,,10044,,47.616,,True,3.968,3.968,3.968,3.968,3.968,3.968,3.968,3.968,3.968,3.968,3.968,3.968,0,,False,False,True,,,,,,,,,,,,,,,False,False,19.228,,83.6,,75.7,,83.6,,1787,48,6,16,7,143905.6,19187.42,,Idle,,20,,10,,,20,Go Home,False,False,False,False,False,False,False,False,False,False,False,False,33.8027920380556,-117.4659261431046,736.8,2972.0,1049.4,396.9,True,1,1,False,False,False,False,,True,False,False,Course Lock,196.8,67,16.4,93,NE,S,5.81,6.93,Calm,False,False,Android,7.0.2,M300 RTK,1ZN7L4R0H1D00F,1W9DL31001461C,1ZMLH8300204F0,1Z6PH74DAP0QN7,"Corona, CA",728.3,5.7,137.7,8.547347,2.013246,0,0,DJI Matrice 300 RTK,M300 RTK,1ZN7L4R0H1D00F,1W9DL31001461C,1ZMLH8300204F0,1Z6PH74DAP0QN7,DJI Pilot,Android,7.0.2,1EF72A62-B7C3-C88D-164E-CE6F8C8424AE,1ZN7L4R0H1D00F,1W9DL31001461C,,1ZMLH8300204F0,1W9DL31001461C,,,,,
2023-11-01,11:26:16.04 AM,1m 53.7s,113.7,33.8012557802978,-117.4675075647684,61.6,61.6,17.7,1325,754.5,4.839241,6.085134,-2.684328,0,-4.026492,1.342164,-0.447388,0,0.8,-0.4,0.8,-123.6,236.4,241.1,Tripod,Other,,21,5,True,,True,False,,Smart,RC,False,True,False,,,True,,False,False,False,False,False,False,False,False,False,False,0,Follow Yaw,-88.9,0,-131.3,228.7,False,False,False,False,False,,0,0,False,False,No Card,100,100,1024,1312,1252,1157,2,False,False,False,False,False,0,False,False,False,False,94,,47.616,,9440,,10044,,47.616,,True,3.968,3.968,3.968,3.968,3.968,3.968,3.968,3.968,3.968,3.968,3.968,3.968,0,,False,False,True,,,,,,,,,,,,,,,False,False,19.228,,83.6,,75.7,,83.6,,1787,48,6,16,7,143905.6,19187.42,,Idle,,20,,10,,,20,Go Home,False,False,False,False,False,False,False,False,False,False,False,False,33.8027920380556,-117.4659261431046,737.5,2972.0,1049.4,396.9,True,1,1,False,False,False,False,,True,False,False,Course Lock,196.8,67,16.4,93,NE,S,5.81,6.93,Calm,False,False,Android,7.0.2,M300 RTK,1ZN7L4R0H1D00F,1W9DL31001461C,1ZMLH8300204F0,1Z6PH74DAP0QN7,"Corona, CA",728.3,5.7,137.7,8.547347,2.013246,0,0,DJI Matrice 300 RTK,M300 RTK,1ZN7L4R0H1D00F,1W9DL31001461C,1ZMLH8300204F0,1Z6PH74DAP0QN7,DJI Pilot,Android,7.0.2,1EF72A62-B7C3-C88D-164E-CE6F8C8424AE,1ZN7L4R0H1D00F,1W9DL31001461C,,1ZMLH8300204F0,1W9DL31001461C,,,,,
2023-11-01,11:26:16.14 AM,1m 53.8s,113.8,33.8012546821363,-117.4675095644084,61.6,61.6,17.7,1325,755.3,4.71883,6.085134,-2.460634,0,-4.026492,1.342164,-0.447388,0,0.7,-0.3,0.7,-123.4,236.6,236.5,Tripod,Other,,21,5,True,,True,False,,Smart,RC,False,True,False,,,True,,False,False,False,False,False,False,False,False,False,False,0,Follow Yaw,-88.9,0,-131.1,228.9,False,False,False,False,False,,0,0,False,False,No Card,100,100,1024,1312,1252,1158,2,False,False,False,False,False,0,False,False,False,False,94,,47.544,,4686,,4986,,47.544,,True,3.968,3.968,3.968,3.968,3.968,3.968,3.968,3.968,3.968,3.968,3.968,3.968,0,,False,False,True,,,,,,,,,,,,,,,False,False,9.654,,82.7,,75.7,,83.6,,1787,48,6,16,7,143905.6,19187.42,,Idle,,20,,10,,,20,Go Home,False,False,False,False,False,False,False,False,False,False,False,False,33.8027920380556,-117.4659261431046,738.2,2972.0,1049.4,396.9,True,1,1,False,False,False,False,,True,False,False,Course Lock,196.8,67,16.4,93,NE,S,5.81,6.93,Calm,False,False,Android,7.0.2,M300 RTK,1ZN7L4R0H1D00F,1W9DL31001461C,1ZMLH8300204F0,1Z6PH74DAP0QN7,"Corona, CA",728.3,5.7,137.7,8.547347,2.013246,0,0,DJI Matrice 300 RTK,M300 RTK,1ZN7L4R0H1D00F,1W9DL31001461C,1ZMLH8300204F0,1Z6PH74DAP0QN7,DJI Pilot,Android,7.0.2,1EF72A62-B7C3-C88D-164E-CE6F8C8424AE,1ZN7L4R0H1D00F,1W9DL31001461C,,1ZMLH8300204F0,1W9DL31001461C,,,,,
2023-11-01,11:26:16.24 AM,1m 53.9s,113.9,33.8012535209251,-117.4675115660276,62.0,62.0,17.7,1326,756.0,4.71883,6.085134,-2.460634,0,-4.026492,1.342164,-0.447388,0,0.8,-0.2,0.8,-123.2,236.8,235.0,Tripod,Other,,21,5,True,,True,False,,Smart,RC,False,True,False,,,True,,False,False,False,False,False,False,False,False,False,False,0,Follow Yaw,-88.9,0,-130.8,229.2,False,False,False,False,False,,0,0,False,False,No Card,100,100,1024,1311,1250,1157,2,False,False,False,False,False,0,False,False,False,False,94,,47.544,,4686,,4986,,47.544,,True,3.968,3.968,3.968,3.968,3.968,3.968,3.968,3.968,3.968,3.968,3.968,3.968,0,,False,False,True,,,,,,,,,,,,,,,False,False,9.654,,82.7,,75.7,,83.6,,1787,48,6,16,7,143905.6,19187.42,,Idle,,20,,10,,,20,Go Home,False,False,False,False,False,False,False,False,False,False,False,False,33.8027920380556,-117.4659261431046,738.9,2972.0,1049.4,396.9,True,1,1,False,False,False,False,,True,False,False,Course Lock,196.8,67,16.4,93,NE,S,5.81,6.93,Calm,False,False,Android,7.0.2,M300 RTK,1ZN7L4R0H1D00F,1W9DL31001461C,1ZMLH8300204F0,1Z6PH74DAP0QN7,"Corona, CA",728.3,5.7,137.7,8.547347,2.013246,0,0,DJI Matrice 300 RTK,M300 RTK,1ZN7L4R0H1D00F,1W9DL31001461C,1ZMLH8300204F0,1Z6PH74DAP0QN7,DJI Pilot,Android,7.0.2,1EF72A62-B7C3-C88D-164E-CE6F8C8424AE,1ZN7L4R0H1D00F,1W9DL31001461C,,1ZMLH8300204F0,1W9DL31001461C,,,,,
2023-11-01,11:26:16.34 AM,1m 54.0s,114.0,33.8012524353735,-117.4675135861192,62.0,62.0,17.7,1326,756.7,4.71883,6.085134,-2.460634,0,-4.026492,1.342164,-0.447388,0,0.8,-0.2,0.8,-123,237,237.1,Tripod,Other,,20,5,True,,True,False,,Smart,RC,False,True,False,,,True,,False,False,False,False,False,False,False,False,False,False,0,Follow Yaw,-88.9,0,-130.6,229.4,False,False,False,False,False,,0,0,False,False,No Card,100,100,1024,1311,1250,1157,2,False,False,False,False,False,0,False,False,False,False,93,,47.556,,9389,,10044,,47.556,,True,3.968,3.968,3.968,3.968,3.968,3.968,3.968,3.968,3.968,3.968,3.968,3.968,0,,False,False,True,,,,,,,,,,,,,,,False,False,19.764,,83.6,,75.7,,83.6,,1787,48,6,16,7,143905.6,19187.42,,Idle,,20,,10,,,20,Go Home,False,False,False,False,False,False,False,False,False,False,False,False,33.8027920380556,-117.4659261431046,739.6,2972.0,1049.4,396.9,True,1,1,False,False,False,False,,True,False,False,Course Lock,196.8,67,16.4,93,NE,S,5.81,6.93,Calm,False,False,Android,7.0.2,M300 RTK,1ZN7L4R0H1D00F,1W9DL31001461C,1ZMLH8300204F0,1Z6PH74DAP0QN7,"Corona, CA",728.3,5.7,137.7,8.547347,2.013246,0,0,DJI Matrice 300 RTK,M300 RTK,1ZN7L4R0H1D00F,1W9DL31001461C,1ZMLH8300204F0,1Z6PH74DAP0QN7,DJI Pilot,Android,7.0.2,1EF72A62-B7C3-C88D-164E-CE6F8C8424AE,1ZN7L4R0H1D00F,1W9DL31001461C,,1ZMLH8300204F0,1W9DL31001461C,,,,,
2023-11-01,11:26:16.44 AM,1m 54.1s,114.1,33.8012512621006,-117.4675157374971,62.0,62.0,17.7,1326,757.5,4.71883,6.085134,-2.460634,0,-4.026492,1.342164,-0.447388,0,0.8,-0.3,0.8,-122.8,237.2,236.7,Tripod,Other,,20,5,True,,True,False,,Smart,RC,False,True,False,,,True,,False,False,False,False,False,False,False,False,False,False,0,Follow Yaw,-88.9,0,-130.3,229.7,False,False,False,False,False,,0,0,False,False,No Card,100,100,1024,1311,1250,1157,2,False,False,False,False,False,0,False,False,False,False,93,,47.556,,9389,,10044,,47.556,,True,3.968,3.968,3.968,3.968,3.968,3.968,3.968,3.968,3.968,3.968,3.968,3.968,0,,False,False,True,,,,,,,,,,,,,,,False,False,19.764,,83.6,,75.7,,83.6,,1787,48,6,16,7,143905.6,19187.42,,Idle,,20,,10,,,20,Go Home,False,False,False,False,False,False,False,False,False,False,False,False,33.8027920380556,-117.4659261431046,740.3,2972.0,1049.4,396.9,True,1,1,False,False,False,False,,True,False,False,Course Lock,196.8,67,16.4,93,NE,S,5.81,6.93,Calm,False,False,Android,7.0.2,M300 RTK,1ZN7L4R0H1D00F,1W9DL31001461C,1ZMLH8300204F0,1Z6PH74DAP0QN7,"Corona, CA",728.3,5.7,137.7,8.547347,2.013246,0,0,DJI Matrice 300 RTK,M300 RTK,1ZN7L4R0H1D00F,1W9DL31001461C,1ZMLH8300204F0,1Z6PH74DAP0QN7,DJI Pilot,Android,7.0.2,1EF72A62-B7C3-C88D-164E-CE6F8C8424AE,1ZN7L4R0H1D00F,1W9DL31001461C,,1ZMLH8300204F0,1W9DL31001461C,,,,,
2023-11-01,11:26:16.54 AM,1m 54.2s,114.2,33.8012501886107,-117.4675177918946,62.0,62.0,17.7,1326,758.3,4.71883,6.085134,-2.460634,0,-4.026492,1.342164,-0.447388,0,0.7,-0.4,0.8,-122.6,237.4,237.8,Tripod,Other,,20,5,True,,True,False,,Smart,RC,False,True,False,,,True,,False,False,False,False,False,False,False,False,False,False,0,Follow Yaw,-88.9,0,-130.1,229.9,False,False,False,False,False,,0,0,False,False,No Card,100,100,1024,1310,1247,1158,2,False,False,False,False,False,0,False,False,False,False,93,,47.556,,9389,,10044,,47.556,,True,3.968,3.968,3.968,3.968,3.968,3.968,3.968,3.968,3.968,3.968,3.968,3.968,0,,False,False,True,,,,,,,,,,,,,,,False,False,19.764,,83.6,,75.7,,83.6,,1787,48,6,16,7,143905.6,19187.42,,Idle,,20,,10,,,20,Go Home,False,False,False,False,False,False,False,False,False,False,False,False,33.8027920380556,-117.4659261431046,741.0,2972.0,1049.4,396.9,True,1,1,False,False,False,False,,True,False,False,Course Lock,196.8,67,16.4,93,NE,S,5.81,6.93,Calm,False,False,Android,7.0.2,M300 RTK,1ZN7L4R0H1D00F,1W9DL31001461C,1ZMLH8300204F0,1Z6PH74DAP0QN7,"Corona, CA",728.3,5.7,137.7,8.547347,2.013246,0,0,DJI Matrice 300 RTK,M300 RTK,1ZN7L4R0H1D00F,1W9DL31001461C,1ZMLH8300204F0,1Z6PH74DAP0QN7,DJI Pilot,Android,7.0.2,1EF72A62-B7C3-C88D-164E-CE6F8C8424AE,1ZN7L4R0H1D00F,1W9DL31001461C,,1ZMLH8300204F0,1W9DL31001461C,,,,,
2023-11-01,11:26:16.64 AM,1m 54.3s,114.3,33.8012491644641,-117.4675198819176,62.3,62.3,17.7,1326,759.0,4.71883,6.085134,-2.460634,0,-4.026492,1.342164,-0.447388,0,0.8,-0.5,0.9,-122.4,237.6,239.4,Tripod,Other,,20,5,True,,True,False,,Smart,RC,False,True,False,,,True,,False,False,False,False,False,False,False,False,False,False,0,Follow Yaw,-88.9,0,-129.8,230.2,False,False,False,False,False,,0,0,False,False,No Card,100,100,1024,1309,1221,1203,2,False,False,False,False,False,0,False,False,False,False,93,,47.556,,9389,,10044,,47.556,,True,3.964,3.964,3.964,3.964,3.964,3.964,3.964,3.964,3.964,3.964,3.964,3.964,0,,False,False,True,,,,,,,,,,,,,,,False,False,19.764,,83.6,,75.7,,83.6,,1784,48,6,16,7,144071.1,19209.49,,Idle,,20,,10,,,20,Go Home,False,False,False,False,False,False,False,False,False,False,False,False,33.8027920380556,-117.4659261431046,741.7,2972.0,1049.4,396.9,True,1,1,False,False,False,False,,True,False,False,Course Lock,196.8,67,16.4,93,NE,S,5.81,6.93,Calm,False,False,Android,7.0.2,M300 RTK,1ZN7L4R0H1D00F,1W9DL31001461C,1ZMLH8300204F0,1Z6PH74DAP0QN7,"Corona, CA",728.3,5.7,137.7,8.547347,2.013246,0,0,DJI Matrice 300 RTK,M300 RTK,1ZN7L4R0H1D00F,1W9DL31001461C,1ZMLH8300204F0,1Z6PH74DAP0QN7,DJI Pilot,Android,7.0.2,1EF72A62-B7C3-C88D-164E-CE6F8C8424AE,1ZN7L4R0H1D00F,1W9DL31001461C,,1ZMLH8300204F0,1W9DL31001461C,,,,,
2023-11-01,11:26:16.74 AM,1m 54.4s,114.4,33.8012481112598,-117.4675219594057,62.3,62.3,17.7,1326,759.7,4.911089,6.085134,-2.460634,0,-4.250186,1.342164,-0.447388,0,0.8,-0.4,0.8,-122.1,237.9,238.6,Tripod,Other,,20,5,True,,True,False,,Smart,RC,False,True,False,,,True,,False,False,False,False,False,False,False,False,False,False,0,Follow Yaw,-88.9,0,-129.5,230.5,False,False,False,False,False,,0,0,False,False,No Card,100,100,1024,1310,1221,1205,2,False,False,False,False,False,0,False,False,False,False,93,,47.556,,9389,,10044,,47.556,,True,3.964,3.964,3.964,3.964,3.964,3.964,3.964,3.964,3.964,3.964,3.964,3.964,0,,False,False,True,,,,,,,,,,,,,,,False,False,19.764,,83.6,,75.7,,83.6,,1784,48,6,16,7,144071.1,19209.49,,Idle,,20,,10,,,20,Go Home,False,False,False,False,False,False,False,False,False,False,False,False,33.8027920380556,-117.4659261431046,742.4,2972.0,1049.4,396.9,True,1,1,False,False,False,False,,True,False,False,Course Lock,196.8,67,16.4,93,NE,S,5.81,6.93,Calm,False,False,Android,7.0.2,M300 RTK,1ZN7L4R0H1D00F,1W9DL31001461C,1ZMLH8300204F0,1Z6PH74DAP0QN7,"Corona, CA",728.3,5.7,137.7,8.547347,2.013246,0,0,DJI Matrice 300 RTK,M300 RTK,1ZN7L4R0H1D00F,1W9DL31001461C,1ZMLH8300204F0,1Z6PH74DAP0QN7,DJI Pilot,Android,7.0.2,1EF72A62-B7C3-C88D-164E-CE6F8C8424AE,1ZN7L4R0H1D00F,1W9DL31001461C,,1ZMLH8300204F0,1W9DL31001461C,,,,,
2023-11-01,11:26:16.84 AM,1m 54.5s,114.5,33.8012470322874,-117.4675239748792,62.3,62.3,17.7,1326,760.5,4.911089,6.085134,-2.460634,0,-4.250186,1.342164,-0.447388,0,0.8,-0.2,0.8,-121.9,238.1,237.2,Tripod,Other,,20,5,True,,True,False,,Smart,RC,False,True,False,,,True,,False,False,False,False,False,False,False,False,False,False,0,Follow Yaw,-88.9,0,-129.1,230.9,False,False,False,False,False,,0,0,False,False,No Card,100,100,1024,1309,1221,1205,2,False,False,False,False,False,0,False,False,False,False,93,,47.556,,9389,,10044,,47.556,,True,3.964,3.964,3.964,3.964,3.964,3.964,3.964,3.964,3.964,3.964,3.964,3.964,0,,False,False,True,,,,,,,,,,,,,,,False,False,19.764,,83.6,,75.7,,83.6,,1784,48,6,16,7,144071.1,19209.49,,Idle,,20,,10,,,20,Go Home,False,False,False,False,False,False,False,False,False,False,False,False,33.8027920380556,-117.4659261431046,743.1,2972.0,1049.4,396.9,True,1,1,False,False,False,False,,True,False,False,Course Lock,196.8,67,16.4,93,NE,S,5.81,6.93,Calm,False,False,Android,7.0.2,M300 RTK,1ZN7L4R0H1D00F,1W9DL31001461C,1ZMLH8300204F0,1Z6PH74DAP0QN7,"Corona, CA",728.3,5.7,137.7,8.547347,2.013246,0,0,DJI Matrice 300 RTK,M300 RTK,1ZN7L4R0H1D00F,1W9DL31001461C,1ZMLH8300204F0,1Z6PH74DAP0QN7,DJI Pilot,Android,7.0.2,1EF72A62-B7C3-C88D-164E-CE6F8C8424AE,1ZN7L4R0H1D00F,1W9DL31001461C,,1ZMLH8300204F0,1W9DL31001461C,,,,,
2023-11-01,11:26:16.94 AM,1m 54.6s,114.6,33.801245996079,-117.4675260655618,62.3,62.3,17.7,1326,761.2,4.911089,6.085134,-2.460634,0,-4.250186,1.342164,-0.223694,0,0.9,-0.2,0.9,-121.6,238.4,239.1,Tripod,Other,,20,5,True,,True,False,,Smart,RC,False,True,False,,,True,,False,False,False,False,False,False,False,False,False,False,0,Follow Yaw,-88.9,0,-128.7,231.3,False,False,False,False,False,,0,0,False,False,No Card,100,100,1024,1308,1221,1204,2,False,False,False,False,False,0,False,False,False,False,93,,47.556,,9389,,10044,,47.556,,True,3.964,3.964,3.964,3.964,3.964,3.964,3.964,3.964,3.964,3.964,3.964,3.964,0,,False,False,True,,,,,,,,,,,,,,,False,False,19.764,,83.6,,75.7,,83.6,,1784,48,6,16,7,144071.1,19209.49,,Idle,,20,,10,,,20,Go Home,False,False,False,False,False,False,False,False,False,False,False,False,33.8027920380556,-117.4659261431046,743.8,2972.0,1049.4,396.9,True,1,1,False,False,False,False,,True,False,False,Course Lock,196.8,67,16.4,93,E,SW,5.81,6.93,Calm,False,False,Android,7.0.2,M300 RTK,1ZN7L4R0H1D00F,1W9DL31001461C,1ZMLH8300204F0,1Z6PH74DAP0QN7,"Corona, CA",728.3,5.7,137.7,8.547347,2.013246,0,0,DJI Matrice 300 RTK,M300 RTK,1ZN7L4R0H1D00F,1W9DL31001461C,1ZMLH8300204F0,1Z6PH74DAP0QN7,DJI Pilot,Android,7.0.2,1EF72A62-B7C3-C88D-164E-CE6F8C8424AE,1ZN7L4R0H1D00F,1W9DL31001461C,,1ZMLH8300204F0,1W9DL31001461C,,,,,
2023-11-01,11:26:17.04 AM,1m 54.7s,114.7,33.8012452005562,-117.4675282044048,62.3,62.3,17.7,1326,761.9,4.802913,6.085134,-2.23694,0,-4.250186,1.342164,-0.223694,0,1,-0.2,1,-121.3,238.7,245.8,Tripod,Other,,20,5,True,,True,False,,Smart,RC,False,True,False,,,True,,False,False,False,False,False,False,False,False,False,False,0,Follow Yaw,-88.9,0,-128.3,231.7,False,False,False,False,False,,0,0,False,False,No Card,100,100,1024,1309,1221,1204,2,False,False,False,False,False,0,False,False,False,False,93,,47.556,,9389,,10044,,47.556,,True,3.964,3.964,3.964,3.964,3.964,3.964,3.964,3.964,3.964,3.964,3.964,3.964,0,,False,False,True,,,,,,,,,,,,,,,False,False,19.764,,83.6,,75.7,,83.6,,1784,48,6,16,7,144071.1,19209.49,,Idle,,20,,10,,,20,Go Home,False,False,False,False,False,False,False,False,False,False,False,False,33.8027920380556,-117.4659261431046,744.5,2972.0,1049.4,396.9,True,1,1,False,False,False,False,,True,False,False,Course Lock,196.8,67,16.4,93,E,SW,5.81,6.93,Calm,False,False,Android,7.0.2,M300 RTK,1ZN7L4R0H1D00F,1W9DL31001461C,1ZMLH8300204F0,1Z6PH74DAP0QN7,"Corona, CA",728.3,5.7,137.7,8.547347,2.013246,0,0,DJI Matrice 300 RTK,M300 RTK,1ZN7L4R0H1D00F,1W9DL31001461C,1ZMLH8300204F0,1Z6PH74DAP0QN7,DJI Pilot,Android,7.0.2,1EF72A62-B7C3-C88D-164E-CE6F8C8424AE,1ZN7L4R0H1D00F,1W9DL31001461C,,1ZMLH8300204F0,1W9DL31001461C,,,,,
2023-11-01,11:26:17.12 AM,1m 54.8s,114.8,33.8012442120463,-117.4675303161988,62.6,62.6,17.7,1326,762.6,4.802913,6.085134,-2.23694,0,-4.250186,1.342164,-0.223694,0,1.1,-0.3,1.1,-120.9,239.1,240.6,Tripod,Other,,21,5,True,,True,False,,Smart,RC,False,True,False,,,True,,False,False,False,False,False,False,False,False,False,False,0,Follow Yaw,-88.9,0,-128,232,False,False,False,False,False,,0,0,False,False,No Card,100,100,1024,1308,1218,1202,2,False,False,False,False,False,0,False,False,False,False,93,,47.556,,9389,,10044,,47.556,,True,3.964,3.964,3.964,3.964,3.964,3.964,3.964,3.964,3.964,3.964,3.964,3.964,0,,False,False,True,,,,,,,,,,,,,,,False,False,19.764,,83.6,,75.7,,83.6,,1784,48,6,16,7,144071.1,19209.49,,Idle,,20,,10,,,20,Go Home,False,False,False,False,False,False,False,False,False,False,False,False,33.8027920380556,-117.4659261431046,745.2,2972.0,1049.4,396.9,True,1,1,False,False,False,False,,True,False,False,Course Lock,196.8,67,16.4,93,E,SW,5.81,6.93,Calm,False,False,Android,7.0.2,M300 RTK,1ZN7L4R0H1D00F,1W9DL31001461C,1ZMLH8300204F0,1Z6PH74DAP0QN7,"Corona, CA",728.3,5.7,137.7,8.547347,2.013246,0,0,DJI Matrice 300 RTK,M300 RTK,1ZN7L4R0H1D00F,1W9DL31001461C,1ZMLH8300204F0,1Z6PH74DAP0QN7,DJI Pilot,Android,7.0.2,1EF72A62-B7C3-C88D-164E-CE6F8C8424AE,1ZN7L4R0H1D00F,1W9DL31001461C,,1ZMLH8300204F0,1W9DL31001461C,,,,,
2023-11-01,11:26:17.22 AM,1m 54.9s,114.9,33.8012430480938,-117.467532566536,62.6,62.6,17.3,1326,763.4,4.802913,6.085134,-2.23694,0,-4.250186,1.342164,-0.223694,0,1.1,-0.3,1.1,-120.5,239.5,238.1,Tripod,Other,,21,5,True,,True,False,,Smart,RC,False,True,False,,,True,,False,False,False,False,False,False,False,False,False,False,0,Follow Yaw,-88.9,0,-127.6,232.4,False,False,False,False,False,,0,0,False,False,No Card,100,100,1024,1307,1153,1141,2,False,False,False,False,False,0,False,False,False,False,93,,47.556,,9389,,10044,,47.556,,True,3.964,3.964,3.964,3.964,3.964,3.964,3.964,3.964,3.964,3.964,3.964,3.964,0,,False,False,True,,,,,,,,,,,,,,,False,False,19.764,,83.6,,75.7,,83.6,,1784,48,6,16,7,144071.1,19209.49,,Idle,,20,,10,,,20,Go Home,False,False,False,False,False,False,False,False,False,False,False,False,33.8027920380556,-117.4659261431046,745.9,2972.0,1049.4,396.9,True,1,1,False,False,False,False,,True,False,False,Course Lock,196.8,67,16.4,93,E,SW,5.81,6.93,Calm,False,False,Android,7.0.2,M300 RTK,1ZN7L4R0H1D00F,1W9DL31001461C,1ZMLH8300204F0,1Z6PH74DAP0QN7,"Corona, CA",728.3,5.7,137.7,8.547347,2.013246,0,0,DJI Matrice 300 RTK,M300 RTK,1ZN7L4R0H1D00F,1W9DL31001461C,1ZMLH8300204F0,1Z6PH74DAP0QN7,DJI Pilot,Android,7.0.2,1EF72A62-B7C3-C88D-164E-CE6F8C8424AE,1ZN7L4R0H1D00F,1W9DL31001461C,,1ZMLH8300204F0,1W9DL31001461C,,,,,
2023-11-01,11:26:17.33 AM,1m 55.0s,115.0,33.8012420710974,-117.4675346908649,62.6,62.6,17.3,1326,764.2,4.802913,6.085134,-2.23694,0,-4.250186,1.342164,-0.223694,0,0.9,-0.2,0.9,-120.1,239.9,241.0,Tripod,Other,,21,5,True,,True,False,,Smart,RC,False,True,False,,,True,,False,False,False,False,False,False,False,False,False,False,0,Follow Yaw,-88.9,0,-127.2,232.8,False,False,False,False,False,,0,0,False,False,No Card,100,100,1024,1309,1146,1135,2,False,False,False,False,False,0,False,False,False,False,93,,47.52,,9389,,10044,,47.52,,True,3.964,3.964,3.964,3.964,3.964,3.964,3.964,3.964,3.964,3.964,3.964,3.964,0,,False,False,True,,,,,,,,,,,,,,,False,False,19.712,,83.6,,75.7,,83.6,,1784,48,6,16,7,144071.1,19209.49,,Idle,,20,,10,,,20,Go Home,False,False,False,False,False,False,False,False,False,False,False,False,33.8027920380556,-117.4659261431046,746.6,2972.0,1049.4,396.9,True,1,1,False,False,False,False,,True,False,False,Course Lock,196.8,67,16.4,93,E,SW,5.81,6.93,Calm,False,False,Android,7.0.2,M300 RTK,1ZN7L4R0H1D00F,1W9DL31001461C,1ZMLH8300204F0,1Z6PH74DAP0QN7,"Corona, CA",728.3,5.7,137.7,8.547347,2.013246,0,0,DJI Matrice 300 RTK,M300 RTK,1ZN7L4R0H1D00F,1W9DL31001461C,1ZMLH8300204F0,1Z6PH74DAP0QN7,DJI Pilot,Android,7.0.2,1EF72A62-B7C3-C88D-164E-CE6F8C8424AE,1ZN7L4R0H1D00F,1W9DL31001461C,,1ZMLH8300204F0,1W9DL31001461C,,,,,
2023-11-01,11:26:17.43 AM,1m 55.1s,115.1,33.8012412048492,-117.4675368653332,62.6,62.6,17.3,1326,764.9,4.802913,6.085134,-2.23694,0,-4.250186,1.342164,-0.223694,0,0.7,-0.4,0.8,-119.7,240.3,244.3,Tripod,Other,,21,5,True,,True,False,,Smart,RC,False,True,False,,,True,,False,False,False,False,False,False,False,False,False,False,0,Follow Yaw,-88.9,0,-127.1,232.9,False,False,False,False,False,,0,0,False,False,No Card,100,100,1024,1308,1154,1133,2,False,False,False,False,False,0,False,False,False,False,93,,47.52,,9389,,10044,,47.52,,True,3.964,3.964,3.964,3.964,3.964,3.964,3.964,3.964,3.964,3.964,3.964,3.964,0,,False,False,True,,,,,,,,,,,,,,,False,False,19.712,,83.6,,75.7,,83.6,,1784,48,6,16,7,144071.1,19209.49,,Idle,,20,,10,,,20,Go Home,False,False,False,False,False,False,False,False,False,False,False,False,33.8027920380556,-117.4659261431046,747.3,2972.0,1049.4,396.9,True,1,1,False,False,False,False,,True,False,False,Course Lock,196.8,67,16.4,93,E,SW,5.81,6.93,Calm,False,False,Android,7.0.2,M300 RTK,1ZN7L4R0H1D00F,1W9DL31001461C,1ZMLH8300204F0,1Z6PH74DAP0QN7,"Corona, CA",728.3,5.7,137.7,8.547347,2.013246,0,0,DJI Matrice 300 RTK,M300 RTK,1ZN7L4R0H1D00F,1W9DL31001461C,1ZMLH8300204F0,1Z6PH74DAP0QN7,DJI Pilot,Android,7.0.2,1EF72A62-B7C3-C88D-164E-CE6F8C8424AE,1ZN7L4R0H1D00F,1W9DL31001461C,,1ZMLH8300204F0,1W9DL31001461C,,,,,
2023-11-01,11:26:17.54 AM,1m 55.2s,115.2,33.8012402618449,-117.4675390087942,62.6,62.6,17.7,1326,765.6,4.802913,6.085134,-2.23694,0,-4.250186,1.342164,-0.223694,0,0.6,-0.7,0.9,-119.4,240.6,242.1,Tripod,Other,,21,5,True,,True,False,,Smart,RC,False,True,False,,,True,,False,False,False,False,False,False,False,False,False,False,0,Follow Yaw,-88.9,0,-126.8,233.2,False,False,False,False,False,,0,0,False,False,No Card,100,100,1024,1309,1159,1133,2,False,False,False,False,False,0,False,False,False,False,93,,47.52,,9389,,10044,,47.52,,True,3.964,3.964,3.964,3.964,3.964,3.964,3.964,3.964,3.964,3.964,3.964,3.964,0,,False,False,True,,,,,,,,,,,,,,,False,False,19.712,,83.6,,75.7,,83.6,,1784,48,6,16,7,144071.1,19209.49,,Idle,,20,,10,,,20,Go Home,False,False,False,False,False,False,False,False,False,False,False,False,33.8027920380556,-117.4659261431046,748.0,2972.0,1049.4,396.9,True,1,1,False,False,False,False,,True,False,False,Course Lock,196.8,67,16.4,93,E,SW,5.81,6.93,Calm,False,False,Android,7.0.2,M300 RTK,1ZN7L4R0H1D00F,1W9DL31001461C,1ZMLH8300204F0,1Z6PH74DAP0QN7,"Corona, CA",728.3,5.7,137.7,8.547347,2.013246,0,0,DJI Matrice 300 RTK,M300 RTK,1ZN7L4R0H1D00F,1W9DL31001461C,1ZMLH8300204F0,1Z6PH74DAP0QN7,DJI Pilot,Android,7.0.2,1EF72A62-B7C3-C88D-164E-CE6F8C8424AE,1ZN7L4R0H1D00F,1W9DL31001461C,,1ZMLH8300204F0,1W9DL31001461C,,,,,
2023-11-01,11:26:17.64 AM,1m 55.3s,115.3,33.8012394767389,-117.467541033504,62.6,62.6,17.7,1326,766.3,4.802913,6.085134,-2.23694,0,-4.250186,1.342164,-0.223694,0,0.7,-0.8,1,-119.1,240.9,244.9,Tripod,Other,,21,5,True,,True,False,,Smart,RC,False,True,False,,,True,,False,False,False,False,False,False,False,False,False,False,0,Follow Yaw,-88.9,0,-126.6,233.4,False,False,False,False,False,,0,0,False,False,No Card,100,100,1024,1309,1158,1144,2,False,False,False,False,False,0,False,False,False,False,93,,47.52,,9389,,10044,,47.52,,True,3.96,3.96,3.96,3.96,3.96,3.96,3.96,3.96,3.96,3.96,3.96,3.96,0,,False,False,True,,,,,,,,,,,,,,,False,False,19.712,,83.6,,75.7,,83.6,,1781,48,6,16,7,144422.8,19256.38,,Idle,,20,,10,,,20,Go Home,False,False,False,False,False,False,False,False,False,False,False,False,33.8027920380556,-117.4659261431046,748.6,2972.0,1049.4,396.9,True,1,1,False,False,False,False,,True,False,False,Course Lock,196.8,67,16.4,93,E,SW,5.81,6.93,Calm,False,False,Android,7.0.2,M300 RTK,1ZN7L4R0H1D00F,1W9DL31001461C,1ZMLH8300204F0,1Z6PH74DAP0QN7,"Corona, CA",728.3,5.7,137.7,8.547347,2.013246,0,0,DJI Matrice 300 RTK,M300 RTK,1ZN7L4R0H1D00F,1W9DL31001461C,1ZMLH8300204F0,1Z6PH74DAP0QN7,DJI Pilot,Android,7.0.2,1EF72A62-B7C3-C88D-164E-CE6F8C8424AE,1ZN7L4R0H1D00F,1W9DL31001461C,,1ZMLH8300204F0,1W9DL31001461C,,,,,
2023-11-01,11:26:17.74 AM,1m 55.4s,115.4,33.8012385562131,-117.4675431723469,62.6,62.6,17.7,1326,767.1,4.802913,6.085134,-2.23694,0,-4.250186,1.342164,0,0,0.8,-0.8,1.1,-118.9,241.1,242.6,Tripod,Other,,21,5,True,,True,False,,Smart,RC,False,True,False,,,True,,False,False,False,False,False,False,False,False,False,False,0,Follow Yaw,-88.9,0,-126.4,233.6,False,False,False,False,False,,0,0,False,False,No Card,100,100,1024,1311,1152,1250,2,False,False,False,False,False,0,False,False,False,False,93,,47.52,,9389,,10044,,47.52,,True,3.96,3.96,3.96,3.96,3.96,3.96,3.96,3.96,3.96,3.96,3.96,3.96,0,,False,False,True,,,,,,,,,,,,,,,False,False,19.712,,83.6,,75.7,,83.6,,1781,48,6,16,7,144422.8,19256.38,,Idle,,20,,10,,,20,Go Home,False,False,False,False,False,False,False,False,False,False,False,False,33.8027920380556,-117.4659261431046,749.3,2972.0,1049.4,396.9,True,1,1,False,False,False,False,,True,False,False,Course Lock,196.8,67,16.4,93,E,SW,5.81,6.93,Calm,False,False,Android,7.0.2,M300 RTK,1ZN7L4R0H1D00F,1W9DL31001461C,1ZMLH8300204F0,1Z6PH74DAP0QN7,"Corona, CA",728.3,5.7,137.7,8.547347,2.013246,0,0,DJI Matrice 300 RTK,M300 RTK,1ZN7L4R0H1D00F,1W9DL31001461C,1ZMLH8300204F0,1Z6PH74DAP0QN7,DJI Pilot,Android,7.0.2,1EF72A62-B7C3-C88D-164E-CE6F8C8424AE,1ZN7L4R0H1D00F,1W9DL31001461C,,1ZMLH8300204F0,1W9DL31001461C,,,,,
2023-11-01,11:26:17.84 AM,1m 55.5s,115.5,33.8012374997192,-117.4675453573709,62.6,62.6,17.3,1326,767.8,4.802913,6.085134,-2.23694,0,-4.250186,1.342164,0,0,0.8,-0.5,0.9,-118.7,241.3,239.8,Tripod,Other,,21,5,True,,True,False,,Smart,RC,False,True,False,,,True,,False,False,False,False,False,False,False,False,False,False,0,Follow Yaw,-88.9,0,-126,234,False,False,False,False,False,,0,0,False,False,No Card,100,100,1024,1311,1153,1249,2,False,False,False,False,False,0,False,False,False,False,93,,47.52,,9389,,10044,,47.52,,True,3.96,3.96,3.96,3.96,3.96,3.96,3.96,3.96,3.96,3.96,3.96,3.96,0,,False,False,True,,,,,,,,,,,,,,,False,False,19.712,,83.6,,75.7,,83.6,,1781,48,6,16,7,144422.8,19256.38,,Idle,,20,,10,,,20,Go Home,False,False,False,False,False,False,False,False,False,False,False,False,33.8027920380556,-117.4659261431046,750.0,2972.0,1049.4,396.9,True,1,1,False,False,False,False,,True,False,False,Course Lock,196.8,67,16.4,93,E,SW,5.81,6.93,Calm,False,False,Android,7.0.2,M300 RTK,1ZN7L4R0H1D00F,1W9DL31001461C,1ZMLH8300204F0,1Z6PH74DAP0QN7,"Corona, CA",728.3,5.7,137.7,8.547347,2.013246,0,0,DJI Matrice 300 RTK,M300 RTK,1ZN7L4R0H1D00F,1W9DL31001461C,1ZMLH8300204F0,1Z6PH74DAP0QN7,DJI Pilot,Android,7.0.2,1EF72A62-B7C3-C88D-164E-CE6F8C8424AE,1ZN7L4R0H1D00F,1W9DL31001461C,,1ZMLH8300204F0,1W9DL31001461C,,,,,
2023-11-01,11:26:17.94 AM,1m 55.6s,115.6,33.8012365791934,-117.4675475087486,62.9,62.9,17.7,1327,768.6,4.702897,6.085134,-2.013246,0,-4.250186,1.342164,0,0,0.7,0,0.7,-118.5,241.5,242.7,Tripod,Other,,21,5,True,,True,False,,Smart,RC,False,True,False,,,True,,False,False,False,False,False,False,False,False,False,False,0,Follow Yaw,-88.9,0,-125.5,234.5,False,False,False,False,False,,0,0,False,False,No Card,100,100,1024,1311,1158,1241,2,False,False,False,False,False,0,False,False,False,False,93,,47.52,,9389,,10044,,47.52,,True,3.96,3.96,3.96,3.96,3.96,3.96,3.96,3.96,3.96,3.96,3.96,3.96,0,,False,False,True,,,,,,,,,,,,,,,False,False,19.712,,83.6,,75.7,,83.6,,1781,48,6,16,7,144422.8,19256.38,,Idle,,20,,10,,,20,Go Home,False,False,False,False,False,False,False,False,False,False,False,False,33.8027920380556,-117.4659261431046,750.7,2972.0,1049.4,396.9,True,1,1,False,False,False,False,,True,False,False,Course Lock,196.8,67,16.4,93,E,SW,5.81,6.93,Calm,False,False,Android,7.0.2,M300 RTK,1ZN7L4R0H1D00F,1W9DL31001461C,1ZMLH8300204F0,1Z6PH74DAP0QN7,"Corona, CA",728.3,5.7,137.7,8.547347,2.013246,0,0,DJI Matrice 300 RTK,M300 RTK,1ZN7L4R0H1D00F,1W9DL31001461C,1ZMLH8300204F0,1Z6PH74DAP0QN7,DJI Pilot,Android,7.0.2,1EF72A62-B7C3-C88D-164E-CE6F8C8424AE,1ZN7L4R0H1D00F,1W9DL31001461C,,1ZMLH8300204F0,1W9DL31001461C,,,,,
2023-11-01,11:26:18.05 AM,1m 55.7s,115.7,33.8012356537333,-117.4675497993294,62.9,62.9,17.3,1327,769.3,4.702897,6.085134,-2.013246,0,-4.250186,1.342164,0,0,0.5,0.4,0.6,-118.2,241.8,244.0,Tripod,Other,,21,5,True,,True,False,,Smart,RC,False,True,False,,,True,,False,False,False,False,False,False,False,False,False,False,0,Follow Yaw,-88.9,0,-125,235,False,False,False,False,False,,0,0,False,False,No Card,100,100,1024,1312,1159,1240,2,False,False,False,False,False,0,False,False,False,False,93,,47.52,,9389,,10044,,47.52,,True,3.96,3.96,3.96,3.96,3.96,3.96,3.96,3.96,3.96,3.96,3.96,3.96,0,,False,False,True,,,,,,,,,,,,,,,False,False,19.712,,83.6,,75.7,,83.6,,1781,48,6,16,7,144422.8,19256.38,,Idle,,20,,10,,,20,Go Home,False,False,False,False,False,False,False,False,False,False,False,False,33.8027920380556,-117.4659261431046,751.4,2972.0,1049.4,396.9,True,1,1,False,False,False,False,,True,False,False,Course Lock,196.8,67,16.4,93,E,SW,5.81,6.93,Calm,False,False,Android,7.0.2,M300 RTK,1ZN7L4R0H1D00F,1W9DL31001461C,1ZMLH8300204F0,1Z6PH74DAP0QN7,"Corona, CA",728.3,5.7,137.7,8.547347,2.013246,0,0,DJI Matrice 300 RTK,M300 RTK,1ZN7L4R0H1D00F,1W9DL31001461C,1ZMLH8300204F0,1Z6PH74DAP0QN7,DJI Pilot,Android,7.0.2,1EF72A62-B7C3-C88D-164E-CE6F8C8424AE,1ZN7L4R0H1D00F,1W9DL31001461C,,1ZMLH8300204F0,1W9DL31001461C,,,,,
2023-11-01,11:26:18.15 AM,1m 55.8s,115.8,33.80123476391,-117.4675519949091,62.9,62.9,17.3,1327,770.1,4.702897,6.085134,-2.013246,0,-4.250186,1.342164,0,0,0.4,0.3,0.5,-117.8,242.2,244.0,Tripod,Other,,21,5,True,,True,False,,Smart,RC,False,True,False,,,True,,False,False,False,False,False,False,False,False,False,False,0,Follow Yaw,-88.9,0,-124.4,235.6,False,False,False,False,False,,0,0,False,False,No Card,100,100,1024,1312,1177,1222,2,False,False,False,False,False,0,False,False,False,False,93,,47.52,,9389,,10044,,47.52,,True,3.96,3.96,3.96,3.96,3.96,3.96,3.96,3.96,3.96,3.96,3.96,3.96,0,,False,False,True,,,,,,,,,,,,,,,False,False,19.712,,83.6,,75.7,,83.6,,1781,48,6,16,7,144422.8,19256.38,,Idle,,20,,10,,,20,Go Home,False,False,False,False,False,False,False,False,False,False,False,False,33.8027920380556,-117.4659261431046,752.1,2972.0,1049.4,396.9,True,1,1,False,False,False,False,,True,False,False,Course Lock,196.8,67,16.4,93,E,SW,5.81,6.93,Calm,False,False,Android,7.0.2,M300 RTK,1ZN7L4R0H1D00F,1W9DL31001461C,1ZMLH8300204F0,1Z6PH74DAP0QN7,"Corona, CA",728.3,5.7,137.7,8.547347,2.013246,0,0,DJI Matrice 300 RTK,M300 RTK,1ZN7L4R0H1D00F,1W9DL31001461C,1ZMLH8300204F0,1Z6PH74DAP0QN7,DJI Pilot,Android,7.0.2,1EF72A62-B7C3-C88D-164E-CE6F8C8424AE,1ZN7L4R0H1D00F,1W9DL31001461C,,1ZMLH8300204F0,1W9DL31001461C,,,,,
2023-11-01,11:26:18.25 AM,1m 55.9s,115.9,33.8012338461255,-117.4675542300725,62.9,62.9,17.3,1327,770.8,4.905992,6.085134,-2.013246,0,-4.47388,1.342164,0,0,0.3,0.1,0.3,-117.3,242.7,243.7,Tripod,Other,,21,5,True,,True,False,,Smart,RC,False,True,False,,,True,,False,False,False,False,False,False,False,False,False,False,0,Follow Yaw,-88.9,0,-124,236,False,False,False,False,False,,0,0,False,False,No Card,100,100,1024,1312,1195,1197,2,False,False,False,False,False,0,False,False,False,False,93,,47.52,,9389,,10044,,47.52,,True,3.96,3.96,3.96,3.96,3.96,3.96,3.96,3.96,3.96,3.96,3.96,3.96,0,,False,False,True,,,,,,,,,,,,,,,False,False,19.712,,83.6,,75.7,,83.6,,1781,48,6,16,7,144422.8,19256.38,,Idle,,20,,10,,,20,Go Home,False,False,False,False,False,False,False,False,False,False,False,False,33.8027920380556,-117.4659261431046,752.8,2972.0,1049.4,396.9,True,1,1,False,False,False,False,,True,False,False,Course Lock,196.8,67,16.4,93,E,SW,5.81,6.93,Calm,False,False,Android,7.0.2,M300 RTK,1ZN7L4R0H1D00F,1W9DL31001461C,1ZMLH8300204F0,1Z6PH74DAP0QN7,"Corona, CA",728.3,5.7,137.7,8.547347,2.013246,0,0,DJI Matrice 300 RTK,M300 RTK,1ZN7L4R0H1D00F,1W9DL31001461C,1ZMLH8300204F0,1Z6PH74DAP0QN7,DJI Pilot,Android,7.0.2,1EF72A62-B7C3-C88D-164E-CE6F8C8424AE,1ZN7L4R0H1D00F,1W9DL31001461C,,1ZMLH8300204F0,1W9DL31001461C,,,,,
2023-11-01,11:26:18.36 AM,1m 56.0s,116.0,33.8012329853599,-117.4675564678749,62.9,62.9,17.3,1327,771.6,4.905992,6.085134,-2.013246,0,-4.47388,1.342164,0,0,0.6,0,0.6,-116.7,243.3,245.1,Tripod,Other,,21,5,True,,True,False,,Smart,RC,False,True,False,,,True,,False,False,False,False,False,False,False,False,False,False,0,Follow Yaw,-88.9,0,-123.6,236.4,False,False,False,False,False,,0,0,False,False,No Card,100,100,1024,1314,1189,1196,2,False,False,False,False,False,0,False,False,False,False,93,,47.544,,9389,,10044,,47.544,,True,3.96,3.96,3.96,3.96,3.96,3.96,3.96,3.96,3.96,3.96,3.96,3.96,0,,False,False,True,,,,,,,,,,,,,,,False,False,19.582,,83.8,,75.7,,83.8,,1781,48,6,16,7,144422.8,19256.38,,Idle,,20,,10,,,20,Go Home,False,False,False,False,False,False,False,False,False,False,False,False,33.8027920380556,-117.4659261431046,753.4,2972.0,1049.4,396.9,True,1,1,False,False,False,False,,True,False,False,Course Lock,196.8,67,16.4,93,E,SW,5.81,6.93,Calm,False,False,Android,7.0.2,M300 RTK,1ZN7L4R0H1D00F,1W9DL31001461C,1ZMLH8300204F0,1Z6PH74DAP0QN7,"Corona, CA",728.3,5.7,137.7,8.547347,2.013246,0,0,DJI Matrice 300 RTK,M300 RTK,1ZN7L4R0H1D00F,1W9DL31001461C,1ZMLH8300204F0,1Z6PH74DAP0QN7,DJI Pilot,Android,7.0.2,1EF72A62-B7C3-C88D-164E-CE6F8C8424AE,1ZN7L4R0H1D00F,1W9DL31001461C,,1ZMLH8300204F0,1W9DL31001461C,,,,,
2023-11-01,11:26:18.46 AM,1m 56.1s,116.1,33.8012320653824,-117.4675587327262,62.9,62.9,17.3,1327,772.3,4.905992,6.085134,-2.013246,0,-4.47388,1.342164,0,0,0.9,-0.4,0.9,-116.2,243.8,243.9,Tripod,Other,,21,5,True,,True,False,,Smart,RC,False,True,False,,,True,,False,False,False,False,False,False,False,False,False,False,0,Follow Yaw,-88.9,0,-123.2,236.8,False,False,False,False,False,,0,0,False,False,No Card,100,100,1024,1313,1189,1192,2,False,False,False,False,False,0,False,False,False,False,93,,47.544,,9389,,10044,,47.544,,True,3.96,3.96,3.96,3.96,3.96,3.96,3.96,3.96,3.96,3.96,3.96,3.96,0,,False,False,True,,,,,,,,,,,,,,,False,False,19.582,,83.8,,75.7,,83.8,,1781,48,6,16,7,144422.8,19256.38,,Idle,,20,,10,,,20,Go Home,False,False,False,False,False,False,False,False,False,False,False,False,33.8027920380556,-117.4659261431046,754.1,2972.0,1049.4,396.9,True,1,1,False,False,False,False,,True,False,False,Course Lock,196.8,67,16.4,93,E,SW,5.81,6.93,Calm,False,False,Android,7.0.2,M300 RTK,1ZN7L4R0H1D00F,1W9DL31001461C,1ZMLH8300204F0,1Z6PH74DAP0QN7,"Corona, CA",728.3,5.7,137.7,8.547347,2.013246,0,0,DJI Matrice 300 RTK,M300 RTK,1ZN7L4R0H1D00F,1W9DL31001461C,1ZMLH8300204F0,1Z6PH74DAP0QN7,DJI Pilot,Android,7.0.2,1EF72A62-B7C3-C88D-164E-CE6F8C8424AE,1ZN7L4R0H1D00F,1W9DL31001461C,,1ZMLH8300204F0,1W9DL31001461C,,,,,
2023-11-01,11:26:18.56 AM,1m 56.2s,116.2,33.801231224354,-117.4675610008761,62.9,62.9,17.3,1327,773.1,4.905992,6.085134,-2.013246,0,-4.47388,1.342164,-0.223694,0,1.2,-0.6,1.3,-115.7,244.3,245.9,Tripod,Other,,21,5,True,,True,False,,Smart,RC,False,True,False,,,True,,False,False,False,False,False,False,False,False,False,False,0,Follow Yaw,-88.9,0,-122.8,237.2,False,False,False,False,False,,0,0,False,False,No Card,100,100,1024,1314,1194,1158,2,False,False,False,False,False,0,False,False,False,False,93,,47.544,,9389,,10044,,47.544,,True,3.96,3.96,3.96,3.96,3.96,3.96,3.96,3.96,3.96,3.96,3.96,3.96,0,,False,False,True,,,,,,,,,,,,,,,False,False,19.582,,83.8,,75.7,,83.8,,1781,48,6,16,7,144422.8,19256.38,,Idle,,20,,10,,,20,Go Home,False,False,False,False,False,False,False,False,False,False,False,False,33.8027920380556,-117.4659261431046,754.8,2972.0,1049.4,396.9,True,1,1,False,False,False,False,,True,False,False,Course Lock,196.8,67,16.4,93,E,SW,5.81,6.93,Calm,False,False,Android,7.0.2,M300 RTK,1ZN7L4R0H1D00F,1W9DL31001461C,1ZMLH8300204F0,1Z6PH74DAP0QN7,"Corona, CA",728.3,5.7,137.7,8.547347,2.013246,0,0,DJI Matrice 300 RTK,M300 RTK,1ZN7L4R0H1D00F,1W9DL31001461C,1ZMLH8300204F0,1Z6PH74DAP0QN7,DJI Pilot,Android,7.0.2,1EF72A62-B7C3-C88D-164E-CE6F8C8424AE,1ZN7L4R0H1D00F,1W9DL31001461C,,1ZMLH8300204F0,1W9DL31001461C,,,,,
2023-11-01,11:26:18.67 AM,1m 56.3s,116.3,33.8012303910013,-117.467563354131,62.9,62.9,17.3,1327,773.9,4.818516,6.085134,-1.789552,0,-4.47388,1.342164,-0.223694,0,1.3,-0.6,1.4,-115.3,244.7,246.9,Tripod,Other,,21,5,True,,True,False,,Smart,RC,False,True,False,,,True,,False,False,False,False,False,False,False,False,False,False,0,Follow Yaw,-88.9,0,-122.5,237.5,False,False,False,False,False,,0,0,False,False,No Card,100,100,1024,1314,1193,1158,2,False,False,False,False,False,0,False,False,False,False,93,,47.544,,9389,,10044,,47.544,,True,3.96,3.96,3.96,3.96,3.96,3.96,3.96,3.96,3.96,3.96,3.96,3.96,0,,False,False,True,,,,,,,,,,,,,,,False,False,19.582,,83.8,,75.7,,83.8,,1778,48,6,16,7,144911.1,19321.48,,Idle,,20,,10,,,20,Go Home,False,False,False,False,False,False,False,False,False,False,False,False,33.8027920380556,-117.4659261431046,755.5,2972.0,1049.4,396.9,True,1,1,False,False,False,False,,True,False,False,Course Lock,196.8,67,16.4,93,E,SW,5.81,6.93,Calm,False,False,Android,7.0.2,M300 RTK,1ZN7L4R0H1D00F,1W9DL31001461C,1ZMLH8300204F0,1Z6PH74DAP0QN7,"Corona, CA",728.3,5.7,137.7,8.547347,2.013246,0,0,DJI Matrice 300 RTK,M300 RTK,1ZN7L4R0H1D00F,1W9DL31001461C,1ZMLH8300204F0,1Z6PH74DAP0QN7,DJI Pilot,Android,7.0.2,1EF72A62-B7C3-C88D-164E-CE6F8C8424AE,1ZN7L4R0H1D00F,1W9DL31001461C,,1ZMLH8300204F0,1W9DL31001461C,,,,,
2023-11-01,11:26:18.77 AM,1m 56.4s,116.4,33.801229569162,-117.4675656262393,62.9,62.9,17.3,1327,774.6,4.818516,6.085134,-1.789552,0,-4.47388,1.342164,-0.223694,0,1.2,-0.6,1.3,-114.9,245.1,246.4,Tripod,Other,,20,5,True,,True,False,,Smart,RC,False,True,False,,,True,,False,False,False,False,False,False,False,False,False,False,0,Follow Yaw,-88.9,0,-122.3,237.7,False,False,False,False,False,,0,0,False,False,No Card,100,100,1024,1312,1195,1158,2,False,False,False,False,False,0,False,False,False,False,93,,47.544,,9389,,10044,,47.544,,True,3.96,3.96,3.96,3.96,3.96,3.96,3.96,3.96,3.96,3.96,3.96,3.96,0,,False,False,True,,,,,,,,,,,,,,,False,False,19.582,,83.8,,75.7,,83.8,,1778,48,6,16,7,144911.1,19321.48,,Idle,,20,,10,,,20,Go Home,False,False,False,False,False,False,False,False,False,False,False,False,33.8027920380556,-117.4659261431046,756.2,2972.0,1049.4,396.9,True,1,1,False,False,False,False,,True,False,False,Course Lock,196.8,67,16.4,93,E,SW,5.81,6.93,Calm,False,False,Android,7.0.2,M300 RTK,1ZN7L4R0H1D00F,1W9DL31001461C,1ZMLH8300204F0,1Z6PH74DAP0QN7,"Corona, CA",728.3,5.7,137.7,8.547347,2.013246,0,0,DJI Matrice 300 RTK,M300 RTK,1ZN7L4R0H1D00F,1W9DL31001461C,1ZMLH8300204F0,1Z6PH74DAP0QN7,DJI Pilot,Android,7.0.2,1EF72A62-B7C3-C88D-164E-CE6F8C8424AE,1ZN7L4R0H1D00F,1W9DL31001461C,,1ZMLH8300204F0,1W9DL31001461C,,,,,
2023-11-01,11:26:18.87 AM,1m 56.5s,116.5,33.8012286694701,-117.4675678818544,63.3,63.3,17.3,1327,775.4,4.818516,6.085134,-1.789552,0,-4.47388,1.342164,-0.223694,0,1,-0.5,1.1,-114.7,245.3,244.3,Tripod,Other,,20,5,True,,True,False,,Smart,RC,False,True,False,,,True,,False,False,False,False,False,False,False,False,False,False,0,Follow Yaw,-88.9,0,-122,238,False,False,False,False,False,,0,0,False,False,No Card,100,100,1024,1314,1203,1115,2,False,False,False,False,False,0,False,False,False,False,93,,47.544,,9389,,10044,,47.544,,True,3.96,3.96,3.96,3.96,3.96,3.96,3.96,3.96,3.96,3.96,3.96,3.96,0,,False,False,True,,,,,,,,,,,,,,,False,False,19.582,,83.8,,75.7,,83.8,,1778,48,6,16,7,144911.1,19321.48,,Idle,,20,,10,,,20,Go Home,False,False,False,False,False,False,False,False,False,False,False,False,33.8027920380556,-117.4659261431046,756.9,2972.0,1049.4,396.9,True,1,1,False,False,False,False,,True,False,False,Course Lock,196.8,67,16.4,93,E,SW,5.81,6.93,Calm,False,False,Android,7.0.2,M300 RTK,1ZN7L4R0H1D00F,1W9DL31001461C,1ZMLH8300204F0,1Z6PH74DAP0QN7,"Corona, CA",728.3,5.7,137.7,8.547347,2.013246,0,0,DJI Matrice 300 RTK,M300 RTK,1ZN7L4R0H1D00F,1W9DL31001461C,1ZMLH8300204F0,1Z6PH74DAP0QN7,DJI Pilot,Android,7.0.2,1EF72A62-B7C3-C88D-164E-CE6F8C8424AE,1ZN7L4R0H1D00F,1W9DL31001461C,,1ZMLH8300204F0,1W9DL31001461C,,,,,
2023-11-01,11:26:18.97 AM,1m 56.6s,116.6,33.8012278558547,-117.4675701519834,63.3,63.3,17.3,1327,776.1,4.818516,6.085134,-1.789552,0,-4.47388,1.342164,-0.223694,0,0.9,-0.5,1,-114.4,245.6,246.6,Tripod,Other,,20,5,True,,True,False,,Smart,RC,False,True,False,,,True,,False,False,False,False,False,False,False,False,False,False,0,Follow Yaw,-88.9,0,-121.8,238.2,False,False,False,False,False,,0,0,False,False,No Card,100,100,1024,1315,1209,1060,2,False,False,False,False,False,0,False,False,False,False,93,,47.544,,9389,,10044,,47.544,,True,3.96,3.96,3.96,3.96,3.96,3.96,3.96,3.96,3.96,3.96,3.96,3.96,0,,False,False,True,,,,,,,,,,,,,,,False,False,19.582,,83.8,,75.7,,83.8,,1778,48,6,16,7,144911.1,19321.48,,Idle,,20,,10,,,20,Go Home,False,False,False,False,False,False,False,False,False,False,False,False,33.8027920380556,-117.4659261431046,757.6,2972.0,1049.4,396.9,True,1,1,False,False,False,False,,True,False,False,Course Lock,196.8,67,16.4,93,E,SW,5.81,6.93,Calm,False,False,Android,7.0.2,M300 RTK,1ZN7L4R0H1D00F,1W9DL31001461C,1ZMLH8300204F0,1Z6PH74DAP0QN7,"Corona, CA",728.3,5.7,137.7,8.547347,2.013246,0,0,DJI Matrice 300 RTK,M300 RTK,1ZN7L4R0H1D00F,1W9DL31001461C,1ZMLH8300204F0,1Z6PH74DAP0QN7,DJI Pilot,Android,7.0.2,1EF72A62-B7C3-C88D-164E-CE6F8C8424AE,1ZN7L4R0H1D00F,1W9DL31001461C,,1ZMLH8300204F0,1W9DL31001461C,,,,,
2023-11-01,11:26:19.04 AM,1m 56.7s,116.7,33.8012269029816,-117.4675723020417,63.3,63.3,17.0,1327,776.9,4.818516,6.085134,-1.789552,0,-4.47388,1.342164,-0.223694,0,0.8,-0.7,1,-114.2,245.8,241.9,Tripod,Other,,20,5,True,,True,False,,Smart,RC,False,True,False,,,True,,False,False,False,False,False,False,False,False,False,False,0,Follow Yaw,-88.9,0,-121.7,238.3,False,False,False,False,False,,0,0,False,False,No Card,100,100,1024,1316,1217,1024,2,False,False,False,False,False,0,False,False,False,False,93,,47.544,,4636,,4986,,47.544,,True,3.96,3.96,3.96,3.96,3.96,3.96,3.96,3.96,3.96,3.96,3.96,3.96,0,,False,False,True,,,,,,,,,,,,,,,False,False,9.454,,83.1,,75.7,,83.8,,1778,48,6,16,7,144911.1,19321.48,,Idle,,20,,10,,,20,Go Home,False,False,False,False,False,False,False,False,False,False,False,False,33.8027920380556,-117.4659261431046,758.3,2972.0,1049.4,396.9,True,1,1,False,False,False,False,,True,False,False,Course Lock,196.8,67,16.4,93,E,SW,5.81,6.93,Calm,False,False,Android,7.0.2,M300 RTK,1ZN7L4R0H1D00F,1W9DL31001461C,1ZMLH8300204F0,1Z6PH74DAP0QN7,"Corona, CA",728.3,5.7,137.7,8.547347,2.013246,0,0,DJI Matrice 300 RTK,M300 RTK,1ZN7L4R0H1D00F,1W9DL31001461C,1ZMLH8300204F0,1Z6PH74DAP0QN7,DJI Pilot,Android,7.0.2,1EF72A62-B7C3-C88D-164E-CE6F8C8424AE,1ZN7L4R0H1D00F,1W9DL31001461C,,1ZMLH8300204F0,1W9DL31001461C,,,,,
2023-11-01,11:26:19.14 AM,1m 56.8s,116.8,33.8012260805941,-117.467574559636,63.3,63.3,17.0,1327,777.6,4.818516,6.085134,-1.789552,0,-4.47388,1.342164,-0.223694,0,0.9,-1.1,1.4,-113.9,246.1,246.3,Tripod,Other,,20,5,True,,True,False,,Smart,RC,False,True,False,,,True,,False,False,False,False,False,False,False,False,False,False,0,Follow Yaw,-88.9,0,-121.6,238.4,False,False,False,False,False,,0,0,False,False,No Card,100,100,1024,1315,1218,1024,2,False,False,False,False,False,0,False,False,False,False,93,,47.544,,4636,,4986,,47.544,,True,3.96,3.96,3.96,3.96,3.96,3.96,3.96,3.96,3.96,3.96,3.96,3.96,0,,False,False,True,,,,,,,,,,,,,,,False,False,9.454,,83.1,,75.7,,83.8,,1778,48,6,16,7,144911.1,19321.48,,Idle,,20,,10,,,20,Go Home,False,False,False,False,False,False,False,False,False,False,False,False,33.8027920380556,-117.4659261431046,758.9,2972.0,1049.4,396.9,True,1,1,False,False,False,False,,True,False,False,Course Lock,196.8,67,16.4,93,E,SW,5.81,6.93,Calm,False,False,Android,7.0.2,M300 RTK,1ZN7L4R0H1D00F,1W9DL31001461C,1ZMLH8300204F0,1Z6PH74DAP0QN7,"Corona, CA",728.3,5.7,137.7,8.547347,2.013246,0,0,DJI Matrice 300 RTK,M300 RTK,1ZN7L4R0H1D00F,1W9DL31001461C,1ZMLH8300204F0,1Z6PH74DAP0QN7,DJI Pilot,Android,7.0.2,1EF72A62-B7C3-C88D-164E-CE6F8C8424AE,1ZN7L4R0H1D00F,1W9DL31001461C,,1ZMLH8300204F0,1W9DL31001461C,,,,,
2023-11-01,11:26:19.24 AM,1m 56.9s,116.9,33.8012253980124,-117.4675768917796,63.3,63.3,17.0,1327,778.4,4.818516,6.085134,-1.789552,0,-4.47388,1.342164,-0.223694,0,0.9,-1.4,1.6,-113.8,246.2,250.5,Tripod,Other,,20,5,True,,True,False,,Smart,RC,False,True,False,,,True,,False,False,False,False,False,False,False,False,False,False,0,Follow Yaw,-88.9,0,-121.6,238.4,False,False,False,False,False,,0,0,False,False,No Card,100,100,1024,1312,1230,1024,2,False,False,False,False,False,0,False,False,False,False,93,,47.544,,4636,,4986,,47.544,,True,3.96,3.96,3.96,3.96,3.96,3.96,3.96,3.96,3.96,3.96,3.96,3.96,0,,False,False,True,,,,,,,,,,,,,,,False,False,9.454,,83.1,,75.7,,83.8,,1778,48,6,16,7,144911.1,19321.48,,Idle,,20,,10,,,20,Go Home,False,False,False,False,False,False,False,False,False,False,False,False,33.8027920380556,-117.4659261431046,759.6,2972.0,1049.4,396.9,True,1,1,False,False,False,False,,True,False,False,Course Lock,196.8,67,16.4,93,E,SW,5.81,6.93,Calm,False,False,Android,7.0.2,M300 RTK,1ZN7L4R0H1D00F,1W9DL31001461C,1ZMLH8300204F0,1Z6PH74DAP0QN7,"Corona, CA",728.3,5.7,137.7,8.547347,2.013246,0,0,DJI Matrice 300 RTK,M300 RTK,1ZN7L4R0H1D00F,1W9DL31001461C,1ZMLH8300204F0,1Z6PH74DAP0QN7,DJI Pilot,Android,7.0.2,1EF72A62-B7C3-C88D-164E-CE6F8C8424AE,1ZN7L4R0H1D00F,1W9DL31001461C,,1ZMLH8300204F0,1W9DL31001461C,,,,,
2023-11-01,11:26:19.34 AM,1m 57.0s,117.0,33.8012245789144,-117.467579161249,63.3,63.3,17.0,1327,779.1,4.818516,6.085134,-1.789552,0,-4.47388,1.342164,-0.223694,0,0.9,-1.3,1.5,-113.6,246.4,246.5,Tripod,Other,,20,5,True,,True,False,,Smart,RC,False,True,False,,,True,,False,False,False,False,False,False,False,False,False,False,0,Follow Yaw,-88.9,0,-121.6,238.4,False,False,False,False,False,,0,0,False,False,No Card,100,100,1024,1312,1230,1024,2,False,False,False,False,False,0,False,False,False,False,93,,47.64,,9339,,10044,,47.64,,True,3.96,3.96,3.96,3.96,3.96,3.96,3.96,3.96,3.96,3.96,3.96,3.96,0,,False,False,True,,,,,,,,,,,,,,,False,False,19.356,,83.8,,75.7,,83.8,,1778,48,6,16,7,144911.1,19321.48,,Idle,,20,,10,,,20,Go Home,False,False,False,False,False,False,False,False,False,False,False,False,33.8027920380556,-117.4659261431046,760.3,2972.0,1049.4,396.9,True,1,1,False,False,False,False,,True,False,False,Course Lock,196.8,67,16.4,93,E,SW,5.81,6.93,Calm,False,False,Android,7.0.2,M300 RTK,1ZN7L4R0H1D00F,1W9DL31001461C,1ZMLH8300204F0,1Z6PH74DAP0QN7,"Corona, CA",728.3,5.7,137.7,8.547347,2.013246,0,0,DJI Matrice 300 RTK,M300 RTK,1ZN7L4R0H1D00F,1W9DL31001461C,1ZMLH8300204F0,1Z6PH74DAP0QN7,DJI Pilot,Android,7.0.2,1EF72A62-B7C3-C88D-164E-CE6F8C8424AE,1ZN7L4R0H1D00F,1W9DL31001461C,,1ZMLH8300204F0,1W9DL31001461C,,,,,
2023-11-01,11:26:19.44 AM,1m 57.1s,117.1,33.8012236583886,-117.4675814366558,63.3,63.3,17.0,1327,779.9,4.818516,6.085134,-1.789552,0,-4.47388,1.342164,-0.223694,0,0.7,-1,1.2,-113.5,246.5,244.0,Tripod,Other,,20,5,True,,True,False,,Smart,RC,False,True,False,,,True,,False,False,False,False,False,False,False,False,False,False,0,Follow Yaw,-88.9,0,-121.6,238.4,False,False,False,False,False,,0,0,False,False,No Card,100,100,1024,1315,1231,1024,2,False,False,False,False,False,0,False,False,False,False,93,,47.64,,9339,,10044,,47.64,,True,3.96,3.96,3.96,3.96,3.96,3.96,3.96,3.96,3.96,3.96,3.96,3.96,0,,False,False,True,,,,,,,,,,,,,,,False,False,19.356,,83.8,,75.7,,83.8,,1778,48,6,16,7,144911.1,19321.48,,Idle,,20,,10,,,20,Go Home,False,False,False,False,False,False,False,False,False,False,False,False,33.8027920380556,-117.4659261431046,761.0,2972.0,1049.4,396.9,True,1,1,False,False,False,False,,True,False,False,Course Lock,196.8,67,16.4,93,E,SW,5.81,6.93,Calm,False,False,Android,7.0.2,M300 RTK,1ZN7L4R0H1D00F,1W9DL31001461C,1ZMLH8300204F0,1Z6PH74DAP0QN7,"Corona, CA",728.3,5.7,137.7,8.547347,2.013246,0,0,DJI Matrice 300 RTK,M300 RTK,1ZN7L4R0H1D00F,1W9DL31001461C,1ZMLH8300204F0,1Z6PH74DAP0QN7,DJI Pilot,Android,7.0.2,1EF72A62-B7C3-C88D-164E-CE6F8C8424AE,1ZN7L4R0H1D00F,1W9DL31001461C,,1ZMLH8300204F0,1W9DL31001461C,,,,,
2023-11-01,11:26:19.54 AM,1m 57.2s,117.2,33.8012228244877,-117.4675837061252,63.6,63.6,17.0,1327,780.6,4.818516,6.085134,-1.789552,0,-4.47388,1.342164,-0.223694,0,0.7,-0.7,0.9,-113.4,246.6,246.1,Tripod,Other,,21,5,True,,True,False,,Smart,RC,False,True,False,,,True,,False,False,False,False,False,False,False,False,False,False,0,Follow Yaw,-88.9,0,-121.6,238.4,False,False,False,False,False,,0,0,False,False,No Card,100,100,1024,1315,1231,1024,2,False,False,False,False,False,0,False,False,False,False,93,,47.64,,9339,,10044,,47.64,,True,3.96,3.96,3.96,3.96,3.96,3.96,3.96,3.96,3.96,3.96,3.96,3.96,0,,False,False,True,,,,,,,,,,,,,,,False,False,19.356,,83.8,,75.7,,83.8,,1778,48,6,16,7,144911.1,19321.48,,Idle,,20,,10,,,20,Go Home,False,False,False,False,False,False,False,False,False,False,False,False,33.8027920380556,-117.4659261431046,761.7,2972.0,1049.4,396.9,True,1,1,False,False,False,False,,True,False,False,Course Lock,196.8,67,16.4,93,E,SW,5.81,6.93,Calm,False,False,Android,7.0.2,M300 RTK,1ZN7L4R0H1D00F,1W9DL31001461C,1ZMLH8300204F0,1Z6PH74DAP0QN7,"Corona, CA",728.3,5.7,137.7,8.547347,2.013246,0,0,DJI Matrice 300 RTK,M300 RTK,1ZN7L4R0H1D00F,1W9DL31001461C,1ZMLH8300204F0,1Z6PH74DAP0QN7,DJI Pilot,Android,7.0.2,1EF72A62-B7C3-C88D-164E-CE6F8C8424AE,1ZN7L4R0H1D00F,1W9DL31001461C,,1ZMLH8300204F0,1W9DL31001461C,,,,,
2023-11-01,11:26:19.64 AM,1m 57.3s,117.3,33.801222203311,-117.4675859775738,63.6,63.6,17.0,1327,781.4,4.818516,6.085134,-1.789552,0,-4.47388,1.342164,-0.223694,0,0.7,-0.7,0.9,-113.4,246.6,251.7,Tripod,Other,,21,5,True,,True,False,,Smart,RC,False,True,False,,,True,,False,False,False,False,False,False,False,False,False,False,0,Follow Yaw,-88.9,0,-121.6,238.4,False,False,False,False,False,,0,0,False,False,No Card,100,100,1024,1315,1231,1024,2,False,False,False,False,False,0,False,False,False,False,93,,47.64,,9339,,10044,,47.64,,True,3.966,3.966,3.966,3.966,3.966,3.966,3.966,3.966,3.966,3.966,3.966,3.966,0,,False,False,True,,,,,,,,,,,,,,,False,False,19.356,,83.8,,75.7,,83.8,,1774,49,6,16,7,145366.8,19382.24,,Idle,,20,,10,,,20,Go Home,False,False,False,False,False,False,False,False,False,False,False,False,33.8027920380556,-117.4659261431046,762.3,2972.0,1049.4,396.9,True,1,1,False,False,False,False,,True,False,False,Course Lock,196.8,67,16.4,93,E,SW,5.81,6.93,Calm,False,False,Android,7.0.2,M300 RTK,1ZN7L4R0H1D00F,1W9DL31001461C,1ZMLH8300204F0,1Z6PH74DAP0QN7,"Corona, CA",728.3,5.7,137.7,8.547347,2.013246,0,0,DJI Matrice 300 RTK,M300 RTK,1ZN7L4R0H1D00F,1W9DL31001461C,1ZMLH8300204F0,1Z6PH74DAP0QN7,DJI Pilot,Android,7.0.2,1EF72A62-B7C3-C88D-164E-CE6F8C8424AE,1ZN7L4R0H1D00F,1W9DL31001461C,,1ZMLH8300204F0,1W9DL31001461C,,,,,
2023-11-01,11:26:19.74 AM,1m 57.4s,117.4,33.8012213809234,-117.4675882615572,63.6,63.6,17.0,1327,782.1,4.818516,6.085134,-1.789552,0,-4.47388,1.342164,-0.223694,0,0.7,-0.7,0.9,-113.3,246.7,246.5,Tripod,Other,,21,5,True,,True,False,,Smart,RC,False,True,False,,,True,,False,False,False,False,False,False,False,False,False,False,0,Follow Yaw,-88.9,0,-121.6,238.4,False,False,False,False,False,,0,0,False,False,No Card,100,100,1024,1315,1229,1024,2,False,False,False,False,False,0,False,False,False,False,93,,47.64,,9339,,10044,,47.64,,True,3.966,3.966,3.966,3.966,3.966,3.966,3.966,3.966,3.966,3.966,3.966,3.966,0,,False,False,True,,,,,,,,,,,,,,,False,False,19.356,,83.8,,75.7,,83.8,,1774,49,6,16,7,145366.8,19382.24,,Idle,,20,,10,,,20,Go Home,False,False,False,False,False,False,False,False,False,False,False,False,33.8027920380556,-117.4659261431046,763.0,2972.0,1049.4,396.9,True,1,1,False,False,False,False,,True,False,False,Course Lock,196.8,67,16.4,93,E,SW,5.81,6.93,Calm,False,False,Android,7.0.2,M300 RTK,1ZN7L4R0H1D00F,1W9DL31001461C,1ZMLH8300204F0,1Z6PH74DAP0QN7,"Corona, CA",728.3,5.7,137.7,8.547347,2.013246,0,0,DJI Matrice 300 RTK,M300 RTK,1ZN7L4R0H1D00F,1W9DL31001461C,1ZMLH8300204F0,1Z6PH74DAP0QN7,DJI Pilot,Android,7.0.2,1EF72A62-B7C3-C88D-164E-CE6F8C8424AE,1ZN7L4R0H1D00F,1W9DL31001461C,,1ZMLH8300204F0,1W9DL31001461C,,,,,
2023-11-01,11:26:19.84 AM,1m 57.5s,117.5,33.8012204576563,-117.4675905303668,63.6,63.6,17.0,1327,782.9,4.818516,6.085134,-1.789552,0,-4.47388,1.342164,-0.223694,0,0.7,-0.7,0.9,-113.3,246.7,243.9,Tripod,Other,,21,5,True,,True,False,,Smart,RC,False,True,False,,,True,,False,False,False,False,False,False,False,False,False,False,0,Follow Yaw,-88.9,0,-121.6,238.4,False,False,False,False,False,,0,0,False,False,No Card,100,100,1024,1315,1230,1024,2,False,False,False,False,False,0,False,False,False,False,93,,47.64,,9339,,10044,,47.64,,True,3.966,3.966,3.966,3.966,3.966,3.966,3.966,3.966,3.966,3.966,3.966,3.966,0,,False,False,True,,,,,,,,,,,,,,,False,False,19.356,,83.8,,75.7,,83.8,,1774,49,6,16,7,145366.8,19382.24,,Idle,,20,,10,,,20,Go Home,False,False,False,False,False,False,False,False,False,False,False,False,33.8027920380556,-117.4659261431046,763.7,2972.0,1049.4,396.9,True,1,1,False,False,False,False,,True,False,False,Course Lock,196.8,67,16.4,93,E,SW,5.81,6.93,Calm,False,False,Android,7.0.2,M300 RTK,1ZN7L4R0H1D00F,1W9DL31001461C,1ZMLH8300204F0,1Z6PH74DAP0QN7,"Corona, CA",728.3,5.7,137.7,8.547347,2.013246,0,0,DJI Matrice 300 RTK,M300 RTK,1ZN7L4R0H1D00F,1W9DL31001461C,1ZMLH8300204F0,1Z6PH74DAP0QN7,DJI Pilot,Android,7.0.2,1EF72A62-B7C3-C88D-164E-CE6F8C8424AE,1ZN7L4R0H1D00F,1W9DL31001461C,,1ZMLH8300204F0,1W9DL31001461C,,,,,
2023-11-01,11:26:19.94 AM,1m 57.6s,117.6,33.8012196237554,-117.4675928249059,63.6,63.6,17.0,1327,783.6,4.818516,6.085134,-1.789552,0,-4.47388,1.342164,-0.223694,0,0.8,-0.6,1,-113.2,246.8,246.3,Tripod,Other,,21,5,True,,True,False,,Smart,RC,False,True,False,,,True,,False,False,False,False,False,False,False,False,False,False,0,Follow Yaw,-88.9,0,-121.6,238.4,False,False,False,False,False,,0,0,False,False,No Card,100,100,1024,1315,1230,1024,2,False,False,False,False,False,0,False,False,False,False,93,,47.64,,9339,,10044,,47.64,,True,3.966,3.966,3.966,3.966,3.966,3.966,3.966,3.966,3.966,3.966,3.966,3.966,0,,False,False,True,,,,,,,,,,,,,,,False,False,19.356,,83.8,,75.7,,83.8,,1774,49,6,16,7,145366.8,19382.24,,Idle,,20,,10,,,20,Go Home,False,False,False,False,False,False,False,False,False,False,False,False,33.8027920380556,-117.4659261431046,764.4,2972.0,1049.4,396.9,True,1,1,False,False,False,False,,True,False,False,Course Lock,196.8,67,16.4,93,E,SW,5.81,6.93,Calm,False,False,Android,7.0.2,M300 RTK,1ZN7L4R0H1D00F,1W9DL31001461C,1ZMLH8300204F0,1Z6PH74DAP0QN7,"Corona, CA",728.3,5.7,137.7,8.547347,2.013246,0,0,DJI Matrice 300 RTK,M300 RTK,1ZN7L4R0H1D00F,1W9DL31001461C,1ZMLH8300204F0,1Z6PH74DAP0QN7,DJI Pilot,Android,7.0.2,1EF72A62-B7C3-C88D-164E-CE6F8C8424AE,1ZN7L4R0H1D00F,1W9DL31001461C,,1ZMLH8300204F0,1W9DL31001461C,,,,,
2023-11-01,11:26:20.04 AM,1m 57.7s,117.7,33.80121889512,-117.4675950765626,63.9,63.9,17.0,1328,784.4,4.818516,6.085134,-1.789552,0,-4.47388,1.342164,-0.223694,0,1,-0.5,1.1,-113.2,246.8,248.7,Tripod,Other,,21,5,True,,True,False,,Smart,RC,False,True,False,,,True,,False,False,False,False,False,False,False,False,False,False,0,Follow Yaw,-88.9,0,-121.6,238.4,False,False,False,False,False,,0,0,False,False,No Card,100,100,1024,1315,1229,1024,2,False,False,False,False,False,0,False,False,False,False,93,,47.64,,9339,,10044,,47.64,,True,3.966,3.966,3.966,3.966,3.966,3.966,3.966,3.966,3.966,3.966,3.966,3.966,0,,False,False,True,,,,,,,,,,,,,,,False,False,19.356,,83.8,,75.7,,83.8,,1774,49,6,16,7,145366.8,19382.24,,Idle,,20,,10,,,20,Go Home,False,False,False,False,False,False,False,False,False,False,False,False,33.8027920380556,-117.4659261431046,765.0,2972.0,1049.4,396.9,True,1,1,False,False,False,False,,True,False,False,Course Lock,196.8,67,16.4,93,E,SW,5.81,6.93,Calm,False,False,Android,7.0.2,M300 RTK,1ZN7L4R0H1D00F,1W9DL31001461C,1ZMLH8300204F0,1Z6PH74DAP0QN7,"Corona, CA",728.3,5.7,137.7,8.547347,2.013246,0,0,DJI Matrice 300 RTK,M300 RTK,1ZN7L4R0H1D00F,1W9DL31001461C,1ZMLH8300204F0,1Z6PH74DAP0QN7,DJI Pilot,Android,7.0.2,1EF72A62-B7C3-C88D-164E-CE6F8C8424AE,1ZN7L4R0H1D00F,1W9DL31001461C,,1ZMLH8300204F0,1W9DL31001461C,,,,,
2023-11-01,11:26:20.14 AM,1m 57.8s,117.8,33.8012180727325,-117.4675973737406,63.9,63.9,17.0,1328,785.1,4.818516,6.085134,-1.789552,0,-4.47388,1.342164,-0.223694,0,1.1,-0.5,1.2,-113.2,246.8,246.6,Tripod,Other,,20,5,True,,True,False,,Smart,RC,False,True,False,,,True,,False,False,False,False,False,False,False,False,False,False,0,Follow Yaw,-88.9,0,-121.6,238.4,False,False,False,False,False,,0,0,False,False,No Card,100,100,1024,1315,1231,1024,2,False,False,False,False,False,0,False,False,False,False,93,,47.64,,9339,,10044,,47.64,,True,3.966,3.966,3.966,3.966,3.966,3.966,3.966,3.966,3.966,3.966,3.966,3.966,0,,False,False,True,,,,,,,,,,,,,,,False,False,19.356,,83.8,,75.7,,83.8,,1774,49,6,16,7,145366.8,19382.24,,Idle,,20,,10,,,20,Go Home,False,False,False,False,False,False,False,False,False,False,False,False,33.8027920380556,-117.4659261431046,765.7,2972.0,1049.4,396.9,True,1,1,False,False,False,False,,True,False,False,Course Lock,196.8,67,16.4,93,E,SW,5.81,6.93,Calm,False,False,Android,7.0.2,M300 RTK,1ZN7L4R0H1D00F,1W9DL31001461C,1ZMLH8300204F0,1Z6PH74DAP0QN7,"Corona, CA",728.3,5.7,137.7,8.547347,2.013246,0,0,DJI Matrice 300 RTK,M300 RTK,1ZN7L4R0H1D00F,1W9DL31001461C,1ZMLH8300204F0,1Z6PH74DAP0QN7,DJI Pilot,Android,7.0.2,1EF72A62-B7C3-C88D-164E-CE6F8C8424AE,1ZN7L4R0H1D00F,1W9DL31001461C,,1ZMLH8300204F0,1W9DL31001461C,,,,,
2023-11-01,11:26:20.21 AM,1m 57.9s,117.9,33.801217171944,-117.4675995983483,63.9,63.9,17.0,1328,785.9,4.818516,6.085134,-1.789552,0,-4.47388,1.342164,-0.223694,0,1.1,-0.5,1.2,-113.2,246.8,244.0,Tripod,Other,,20,5,True,,True,False,,Smart,RC,False,True,False,,,True,,False,False,False,False,False,False,False,False,False,False,0,Follow Yaw,-88.9,0,-121.6,238.4,False,False,False,False,False,,0,0,False,False,No Card,100,100,1024,1314,1233,1024,2,False,False,False,False,False,0,False,False,False,False,93,,47.64,,9339,,10044,,47.64,,True,3.966,3.966,3.966,3.966,3.966,3.966,3.966,3.966,3.966,3.966,3.966,3.966,0,,False,False,True,,,,,,,,,,,,,,,False,False,19.356,,83.8,,75.7,,83.8,,1774,49,6,16,7,145366.8,19382.24,,Idle,,20,,10,,,20,Go Home,False,False,False,False,False,False,False,False,False,False,False,False,33.8027920380556,-117.4659261431046,766.4,2972.0,1049.4,396.9,True,1,1,False,False,False,False,,True,False,False,Course Lock,196.8,67,16.4,93,E,SW,5.81,6.93,Calm,False,False,Android,7.0.2,M300 RTK,1ZN7L4R0H1D00F,1W9DL31001461C,1ZMLH8300204F0,1Z6PH74DAP0QN7,"Corona, CA",728.3,5.7,137.7,8.547347,2.013246,0,0,DJI Matrice 300 RTK,M300 RTK,1ZN7L4R0H1D00F,1W9DL31001461C,1ZMLH8300204F0,1Z6PH74DAP0QN7,DJI Pilot,Android,7.0.2,1EF72A62-B7C3-C88D-164E-CE6F8C8424AE,1ZN7L4R0H1D00F,1W9DL31001461C,,1ZMLH8300204F0,1W9DL31001461C,,,,,
2023-11-01,11:26:20.32 AM,1m 58.0s,118.0,33.8012163561355,-117.4676018961861,63.9,63.9,17.0,1328,786.6,5.026897,6.085134,-1.789552,0,-4.697574,1.342164,-0.223694,0,1,-0.6,1.1,-113.3,246.7,246.8,Tripod,Other,,20,5,True,,True,False,,Smart,RC,False,True,False,,,True,,False,False,False,False,False,False,False,False,False,False,0,Follow Yaw,-88.9,0,-121.6,238.4,False,False,False,False,False,,0,0,False,False,No Card,100,100,1024,1314,1233,1024,2,False,False,False,False,False,0,False,False,False,False,93,,47.544,,9339,,10044,,47.544,,True,3.966,3.966,3.966,3.966,3.966,3.966,3.966,3.966,3.966,3.966,3.966,3.966,0,,False,False,True,,,,,,,,,,,,,,,False,False,19.464,,83.8,,75.7,,83.8,,1774,49,6,16,7,145366.8,19382.24,,Idle,,20,,10,,,20,Go Home,False,False,False,False,False,False,False,False,False,False,False,False,33.8027920380556,-117.4659261431046,767.1,2972.0,1049.4,396.9,True,1,1,False,False,False,False,,True,False,False,Course Lock,196.8,67,16.4,93,E,SW,5.81,6.93,Calm,False,False,Android,7.0.2,M300 RTK,1ZN7L4R0H1D00F,1W9DL31001461C,1ZMLH8300204F0,1Z6PH74DAP0QN7,"Corona, CA",728.3,5.7,137.7,8.547347,2.013246,0,0,DJI Matrice 300 RTK,M300 RTK,1ZN7L4R0H1D00F,1W9DL31001461C,1ZMLH8300204F0,1Z6PH74DAP0QN7,DJI Pilot,Android,7.0.2,1EF72A62-B7C3-C88D-164E-CE6F8C8424AE,1ZN7L4R0H1D00F,1W9DL31001461C,,1ZMLH8300204F0,1W9DL31001461C,,,,,
2023-11-01,11:26:20.42 AM,1m 58.1s,118.1,33.8012154833082,-117.4676044222902,63.9,63.9,17.0,1328,787.5,5.026897,6.085134,-1.789552,0,-4.697574,1.342164,-0.223694,0,0.9,-0.9,1.2,-113.4,246.6,247.4,Tripod,Other,,20,5,True,,True,False,,Smart,RC,False,True,False,,,True,,False,False,False,False,False,False,False,False,False,False,0,Follow Yaw,-88.9,0,-121.6,238.4,False,False,False,False,False,,0,0,False,False,No Card,100,100,1024,1314,1231,1024,2,False,False,False,False,False,0,False,False,False,False,93,,47.544,,9339,,10044,,47.544,,True,3.966,3.966,3.966,3.966,3.966,3.966,3.966,3.966,3.966,3.966,3.966,3.966,0,,False,False,True,,,,,,,,,,,,,,,False,False,19.464,,83.8,,75.7,,83.8,,1774,49,6,16,7,145366.8,19382.24,,Idle,,20,,10,,,20,Go Home,False,False,False,False,False,False,False,False,False,False,False,False,33.8027920380556,-117.4659261431046,767.8,2972.0,1049.4,396.9,True,1,1,False,False,False,False,,True,False,False,Course Lock,196.8,67,16.4,93,E,SW,5.81,6.93,Calm,False,False,Android,7.0.2,M300 RTK,1ZN7L4R0H1D00F,1W9DL31001461C,1ZMLH8300204F0,1Z6PH74DAP0QN7,"Corona, CA",728.3,5.7,137.7,8.547347,2.013246,0,0,DJI Matrice 300 RTK,M300 RTK,1ZN7L4R0H1D00F,1W9DL31001461C,1ZMLH8300204F0,1Z6PH74DAP0QN7,DJI Pilot,Android,7.0.2,1EF72A62-B7C3-C88D-164E-CE6F8C8424AE,1ZN7L4R0H1D00F,1W9DL31001461C,,1ZMLH8300204F0,1W9DL31001461C,,,,,
2023-11-01,11:26:20.54 AM,1m 58.2s,118.2,33.801214661469,-117.4676067498158,63.9,63.9,16.7,1328,788.2,5.026897,6.085134,-1.789552,0,-4.697574,1.342164,-0.223694,0,1,-1.1,1.4,-113.4,246.6,246.9,Tripod,Other,,20,5,True,,True,False,,Smart,RC,False,True,False,,,True,,False,False,False,False,False,False,False,False,False,False,0,Follow Yaw,-88.9,0,-121.6,238.4,False,False,False,False,False,,0,0,False,False,No Card,100,100,1024,1313,1229,1024,2,False,False,False,False,False,0,False,False,False,False,93,,47.544,,9339,,10044,,47.544,,True,3.966,3.966,3.966,3.966,3.966,3.966,3.966,3.966,3.966,3.966,3.966,3.966,0,,False,False,True,,,,,,,,,,,,,,,False,False,19.464,,83.8,,75.7,,83.8,,1774,49,6,16,7,145366.8,19382.24,,Idle,,20,,10,,,20,Go Home,False,False,False,False,False,False,False,False,False,False,False,False,33.8027920380556,-117.4659261431046,768.5,2972.0,1049.4,396.9,True,1,1,False,False,False,False,,True,False,False,Course Lock,196.8,67,16.4,93,E,SW,5.81,6.93,Calm,False,False,Android,7.0.2,M300 RTK,1ZN7L4R0H1D00F,1W9DL31001461C,1ZMLH8300204F0,1Z6PH74DAP0QN7,"Corona, CA",728.3,5.7,137.7,8.547347,2.013246,0,0,DJI Matrice 300 RTK,M300 RTK,1ZN7L4R0H1D00F,1W9DL31001461C,1ZMLH8300204F0,1Z6PH74DAP0QN7,DJI Pilot,Android,7.0.2,1EF72A62-B7C3-C88D-164E-CE6F8C8424AE,1ZN7L4R0H1D00F,1W9DL31001461C,,1ZMLH8300204F0,1W9DL31001461C,,,,,
2023-11-01,11:26:20.64 AM,1m 58.3s,118.3,33.8012137798695,-117.4676092106066,64.3,64.3,17.0,1328,789.0,5.026897,6.085134,-1.789552,0,-4.697574,1.342164,-0.223694,0,1.1,-1.2,1.6,-113.5,246.5,246.6,Tripod,Other,,20,5,True,,True,False,,Smart,RC,False,True,False,,,True,,False,False,False,False,False,False,False,False,False,False,0,Follow Yaw,-88.9,0,-121.6,238.4,False,False,False,False,False,,0,0,False,False,No Card,100,100,1024,1313,1230,1024,2,False,False,False,False,False,0,False,False,False,False,93,,47.544,,9339,,10044,,47.544,,True,3.964,3.964,3.964,3.964,3.964,3.964,3.964,3.964,3.964,3.964,3.964,3.964,0,,False,False,True,,,,,,,,,,,,,,,False,False,19.464,,83.8,,75.7,,83.8,,1769,49,6,16,7,145693.5,19425.80,,Idle,,20,,10,,,20,Go Home,False,False,False,False,False,False,False,False,False,False,False,False,33.8027920380556,-117.4659261431046,769.3,2972.0,1049.4,396.9,True,1,1,False,False,False,False,,True,False,False,Course Lock,196.8,67,16.4,93,E,SW,5.81,6.93,Calm,False,False,Android,7.0.2,M300 RTK,1ZN7L4R0H1D00F,1W9DL31001461C,1ZMLH8300204F0,1Z6PH74DAP0QN7,"Corona, CA",728.3,5.7,137.7,8.547347,2.013246,0,0,DJI Matrice 300 RTK,M300 RTK,1ZN7L4R0H1D00F,1W9DL31001461C,1ZMLH8300204F0,1Z6PH74DAP0QN7,DJI Pilot,Android,7.0.2,1EF72A62-B7C3-C88D-164E-CE6F8C8424AE,1ZN7L4R0H1D00F,1W9DL31001461C,,1ZMLH8300204F0,1W9DL31001461C,,,,,
2023-11-01,11:26:20.73 AM,1m 58.4s,118.4,33.8012129465168,-117.4676115526462,64.3,64.3,16.7,1328,789.8,5.026897,6.085134,-1.789552,0,-4.697574,1.342164,-0.223694,0,1.1,-1.2,1.6,-113.5,246.5,246.8,Tripod,Other,,21,5,True,,True,False,,Smart,RC,False,True,False,,,True,,False,False,False,False,False,False,False,False,False,False,0,Follow Yaw,-88.9,0,-121.6,238.4,False,False,False,False,False,,0,0,False,False,No Card,100,100,1024,1313,1231,1024,2,False,False,False,False,False,0,False,False,False,False,93,,47.544,,9339,,10044,,47.544,,True,3.964,3.964,3.964,3.964,3.964,3.964,3.964,3.964,3.964,3.964,3.964,3.964,0,,False,False,True,,,,,,,,,,,,,,,False,False,19.464,,83.8,,75.7,,83.8,,1769,49,6,16,7,145693.5,19425.80,,Idle,,20,,10,,,20,Go Home,False,False,False,False,False,False,False,False,False,False,False,False,33.8027920380556,-117.4659261431046,770.0,2972.0,1049.4,396.9,True,1,1,False,False,False,False,,True,False,False,Course Lock,196.8,67,16.4,93,E,SW,6.03,6.93,Calm,False,False,Android,7.0.2,M300 RTK,1ZN7L4R0H1D00F,1W9DL31001461C,1ZMLH8300204F0,1Z6PH74DAP0QN7,"Corona, CA",728.3,5.7,137.7,8.547347,2.013246,0,0,DJI Matrice 300 RTK,M300 RTK,1ZN7L4R0H1D00F,1W9DL31001461C,1ZMLH8300204F0,1Z6PH74DAP0QN7,DJI Pilot,Android,7.0.2,1EF72A62-B7C3-C88D-164E-CE6F8C8424AE,1ZN7L4R0H1D00F,1W9DL31001461C,,1ZMLH8300204F0,1W9DL31001461C,,,,,
2023-11-01,11:26:20.83 AM,1m 58.5s,118.5,33.8012123341122,-117.4676134711395,64.3,64.3,16.7,1328,790.4,5.026897,6.085134,-1.789552,0,-4.697574,1.342164,-0.223694,0,1.2,-1.2,1.6,-113.6,246.4,248.9,Tripod,Other,,21,5,True,,True,False,,Smart,RC,False,True,False,,,True,,False,False,False,False,False,False,False,False,False,False,0,Follow Yaw,-88.9,0,-121.6,238.4,False,False,False,False,False,,0,0,False,False,No Card,100,100,1024,1311,1233,1024,2,False,False,False,False,False,0,False,False,False,False,93,,47.544,,9339,,10044,,47.544,,True,3.964,3.964,3.964,3.964,3.964,3.964,3.964,3.964,3.964,3.964,3.964,3.964,0,,False,False,True,,,,,,,,,,,,,,,False,False,19.464,,83.8,,75.7,,83.8,,1769,49,6,16,7,145693.5,19425.80,,Idle,,20,,10,,,20,Go Home,False,False,False,False,False,False,False,False,False,False,False,False,33.8027920380556,-117.4659261431046,770.5,2972.0,1049.4,396.9,True,1,1,False,False,False,False,,True,False,False,Course Lock,196.8,67,16.4,93,E,SW,6.03,6.93,Calm,False,False,Android,7.0.2,M300 RTK,1ZN7L4R0H1D00F,1W9DL31001461C,1ZMLH8300204F0,1Z6PH74DAP0QN7,"Corona, CA",728.3,5.7,137.7,8.547347,2.013246,0,0,DJI Matrice 300 RTK,M300 RTK,1ZN7L4R0H1D00F,1W9DL31001461C,1ZMLH8300204F0,1Z6PH74DAP0QN7,DJI Pilot,Android,7.0.2,1EF72A62-B7C3-C88D-164E-CE6F8C8424AE,1ZN7L4R0H1D00F,1W9DL31001461C,,1ZMLH8300204F0,1W9DL31001461C,,,,,
2023-11-01,11:26:20.94 AM,1m 58.6s,118.6,33.8012115073386,-117.4676157683175,64.3,64.3,16.7,1328,791.2,5.026897,6.085134,-1.789552,0,-4.697574,1.342164,-0.223694,0,1.2,-1.1,1.6,-113.6,246.4,246.5,Tripod,Other,,21,5,True,,True,False,,Smart,RC,False,True,False,,,True,,False,False,False,False,False,False,False,False,False,False,0,Follow Yaw,-88.9,0,-121.6,238.4,False,False,False,False,False,,0,0,False,False,No Card,100,100,1024,1312,1242,1000,2,False,False,False,False,False,0,False,False,False,False,93,,47.544,,9339,,10044,,47.544,,True,3.964,3.964,3.964,3.964,3.964,3.964,3.964,3.964,3.964,3.964,3.964,3.964,0,,False,False,True,,,,,,,,,,,,,,,False,False,19.464,,83.8,,75.7,,83.8,,1769,49,6,16,7,145693.5,19425.80,,Idle,,20,,10,,,20,Go Home,False,False,False,False,False,False,False,False,False,False,False,False,33.8027920380556,-117.4659261431046,771.2,2972.0,1049.4,396.9,True,1,1,False,False,False,False,,True,False,False,Course Lock,196.8,67,16.4,93,E,SW,6.03,6.93,Calm,False,False,Android,7.0.2,M300 RTK,1ZN7L4R0H1D00F,1W9DL31001461C,1ZMLH8300204F0,1Z6PH74DAP0QN7,"Corona, CA",728.3,5.7,137.7,8.547347,2.013246,0,0,DJI Matrice 300 RTK,M300 RTK,1ZN7L4R0H1D00F,1W9DL31001461C,1ZMLH8300204F0,1Z6PH74DAP0QN7,DJI Pilot,Android,7.0.2,1EF72A62-B7C3-C88D-164E-CE6F8C8424AE,1ZN7L4R0H1D00F,1W9DL31001461C,,1ZMLH8300204F0,1W9DL31001461C,,,,,
2023-11-01,11:26:21.04 AM,1m 58.7s,118.7,33.8012103812159,-117.4676183333456,64.3,64.3,17.0,1328,792.1,5.110808,6.085134,-2.013246,0,-4.697574,1.342164,-0.223694,0,1.2,-0.9,1.5,-113.6,246.4,242.1,Tripod,Other,,21,5,True,,True,False,,Smart,RC,False,True,False,,,True,,False,False,False,False,False,False,False,False,False,False,0,Follow Yaw,-88.9,0,-121.6,238.4,False,False,False,False,False,,0,0,False,False,No Card,100,100,1024,1311,1239,985,2,False,False,False,False,False,0,False,False,False,False,93,,47.544,,9339,,10044,,47.544,,True,3.964,3.964,3.964,3.964,3.964,3.964,3.964,3.964,3.964,3.964,3.964,3.964,0,,False,False,True,,,,,,,,,,,,,,,False,False,19.464,,83.8,,75.7,,83.8,,1769,49,6,16,7,145693.5,19425.80,,Idle,,20,,10,,,20,Go Home,False,False,False,False,False,False,False,False,False,False,False,False,33.8027920380556,-117.4659261431046,772.0,2972.0,1049.4,396.9,True,1,1,False,False,False,False,,True,False,False,Course Lock,196.8,67,16.4,93,E,SW,6.03,6.93,Calm,False,False,Android,7.0.2,M300 RTK,1ZN7L4R0H1D00F,1W9DL31001461C,1ZMLH8300204F0,1Z6PH74DAP0QN7,"Corona, CA",728.3,5.7,137.7,8.547347,2.013246,0,0,DJI Matrice 300 RTK,M300 RTK,1ZN7L4R0H1D00F,1W9DL31001461C,1ZMLH8300204F0,1Z6PH74DAP0QN7,DJI Pilot,Android,7.0.2,1EF72A62-B7C3-C88D-164E-CE6F8C8424AE,1ZN7L4R0H1D00F,1W9DL31001461C,,1ZMLH8300204F0,1W9DL31001461C,,,,,
2023-11-01,11:26:21.15 AM,1m 58.8s,118.8,33.8012095259329,-117.4676206555934,64.3,64.3,16.7,1328,792.8,5.110808,6.085134,-2.013246,0,-4.697574,1.342164,-0.223694,0,1.3,-0.7,1.4,-113.6,246.4,246.0,Tripod,Other,,22,5,True,,True,False,,Smart,RC,False,True,False,,,True,,False,False,False,False,False,False,False,False,False,False,0,Follow Yaw,-88.9,0,-121.7,238.3,False,False,False,False,False,,0,0,False,False,No Card,100,100,1024,1311,1239,989,2,False,False,False,False,False,0,False,False,False,False,93,,47.544,,9339,,10044,,47.544,,True,3.964,3.964,3.964,3.964,3.964,3.964,3.964,3.964,3.964,3.964,3.964,3.964,0,,False,False,True,,,,,,,,,,,,,,,False,False,19.464,,83.8,,75.7,,83.8,,1769,49,6,16,7,145693.5,19425.80,,Idle,,20,,10,,,20,Go Home,False,False,False,False,False,False,False,False,False,False,False,False,33.8027920380556,-117.4659261431046,772.7,2972.0,1049.4,396.9,True,1,1,False,False,False,False,,True,False,False,Course Lock,196.8,67,16.4,93,E,SW,6.03,6.93,Calm,False,False,Android,7.0.2,M300 RTK,1ZN7L4R0H1D00F,1W9DL31001461C,1ZMLH8300204F0,1Z6PH74DAP0QN7,"Corona, CA",728.3,5.7,137.7,8.547347,2.013246,0,0,DJI Matrice 300 RTK,M300 RTK,1ZN7L4R0H1D00F,1W9DL31001461C,1ZMLH8300204F0,1Z6PH74DAP0QN7,DJI Pilot,Android,7.0.2,1EF72A62-B7C3-C88D-164E-CE6F8C8424AE,1ZN7L4R0H1D00F,1W9DL31001461C,,1ZMLH8300204F0,1W9DL31001461C,,,,,
2023-11-01,11:26:21.25 AM,1m 58.9s,118.9,33.8012087956527,-117.4676227383593,64.6,64.6,17.0,1328,793.5,5.110808,6.085134,-2.013246,0,-4.697574,1.342164,-0.223694,0,1.4,-0.8,1.6,-113.6,246.4,247.1,Tripod,Other,,22,5,True,,True,False,,Smart,RC,False,True,False,,,True,,False,False,False,False,False,False,False,False,False,False,0,Follow Yaw,-88.9,0,-121.7,238.3,False,False,False,False,False,,0,0,False,False,No Card,100,100,1024,1312,1237,1024,2,False,False,False,False,False,0,False,False,False,False,93,,47.544,,9339,,10044,,47.544,,True,3.964,3.964,3.964,3.964,3.964,3.964,3.964,3.964,3.964,3.964,3.964,3.964,0,,False,False,True,,,,,,,,,,,,,,,False,False,19.464,,83.8,,75.7,,83.8,,1769,49,6,16,7,145693.5,19425.80,,Idle,,20,,10,,,20,Go Home,False,False,False,False,False,False,False,False,False,False,False,False,33.8027920380556,-117.4659261431046,773.3,2972.0,1049.4,396.9,True,1,1,False,False,False,False,,True,False,False,Course Lock,196.8,67,16.4,93,E,SW,6.03,6.93,Calm,False,False,Android,7.0.2,M300 RTK,1ZN7L4R0H1D00F,1W9DL31001461C,1ZMLH8300204F0,1Z6PH74DAP0QN7,"Corona, CA",728.3,5.7,137.7,8.547347,2.013246,0,0,DJI Matrice 300 RTK,M300 RTK,1ZN7L4R0H1D00F,1W9DL31001461C,1ZMLH8300204F0,1Z6PH74DAP0QN7,DJI Pilot,Android,7.0.2,1EF72A62-B7C3-C88D-164E-CE6F8C8424AE,1ZN7L4R0H1D00F,1W9DL31001461C,,1ZMLH8300204F0,1W9DL31001461C,,,,,
2023-11-01,11:26:21.35 AM,1m 59.0s,119.0,33.8012079507866,-117.4676250348774,64.6,64.6,16.7,1328,794.3,5.110808,6.085134,-2.013246,0,-4.697574,1.342164,-0.223694,0,1.4,-1,1.7,-113.7,246.3,246.1,Tripod,Other,,22,5,True,,True,False,,Smart,RC,False,True,False,,,True,,False,False,False,False,False,False,False,False,False,False,0,Follow Yaw,-88.9,0,-121.7,238.3,False,False,False,False,False,,0,0,False,False,No Card,100,100,1024,1312,1236,1024,2,False,False,False,False,False,0,False,False,False,False,93,,47.556,,9339,,10044,,47.556,,True,3.964,3.964,3.964,3.964,3.964,3.964,3.964,3.964,3.964,3.964,3.964,3.964,0,,False,False,True,,,,,,,,,,,,,,,False,False,19.778,,84.0,,75.7,,84.0,,1769,49,6,16,7,145693.5,19425.80,,Idle,,20,,10,,,20,Go Home,False,False,False,False,False,False,False,False,False,False,False,False,33.8027920380556,-117.4659261431046,774.0,2972.0,1049.4,396.9,True,1,1,False,False,False,False,,True,False,False,Course Lock,196.8,67,16.4,93,E,SW,6.03,6.93,Calm,False,False,Android,7.0.2,M300 RTK,1ZN7L4R0H1D00F,1W9DL31001461C,1ZMLH8300204F0,1Z6PH74DAP0QN7,"Corona, CA",728.3,5.7,137.7,8.547347,2.013246,0,0,DJI Matrice 300 RTK,M300 RTK,1ZN7L4R0H1D00F,1W9DL31001461C,1ZMLH8300204F0,1Z6PH74DAP0QN7,DJI Pilot,Android,7.0.2,1EF72A62-B7C3-C88D-164E-CE6F8C8424AE,1ZN7L4R0H1D00F,1W9DL31001461C,,1ZMLH8300204F0,1W9DL31001461C,,,,,
2023-11-01,11:26:21.44 AM,1m 59.1s,119.1,33.8012072391472,-117.4676272865341,64.6,64.6,16.7,1328,795.0,5.110808,6.085134,-2.013246,0,-4.697574,1.342164,-0.223694,0,1.4,-1,1.7,-113.7,246.3,249.1,Tripod,Other,,22,5,True,,True,False,,Smart,RC,False,True,False,,,True,,False,False,False,False,False,False,False,False,False,False,0,Follow Yaw,-88.9,0,-121.7,238.3,False,False,False,False,False,,0,0,False,False,No Card,100,100,1024,1312,1234,1024,2,False,False,False,False,False,0,False,False,False,False,93,,47.556,,9339,,10044,,47.556,,True,3.964,3.964,3.964,3.964,3.964,3.964,3.964,3.964,3.964,3.964,3.964,3.964,0,,False,False,True,,,,,,,,,,,,,,,False,False,19.778,,84.0,,75.7,,84.0,,1769,49,6,16,7,145693.5,19425.80,,Idle,,20,,10,,,20,Go Home,False,False,False,False,False,False,False,False,False,False,False,False,33.8027920380556,-117.4659261431046,774.7,2972.0,1049.4,396.9,True,1,1,False,False,False,False,,True,False,False,Course Lock,196.8,67,16.4,93,E,SW,6.03,6.93,Calm,False,False,Android,7.0.2,M300 RTK,1ZN7L4R0H1D00F,1W9DL31001461C,1ZMLH8300204F0,1Z6PH74DAP0QN7,"Corona, CA",728.3,5.7,137.7,8.547347,2.013246,0,0,DJI Matrice 300 RTK,M300 RTK,1ZN7L4R0H1D00F,1W9DL31001461C,1ZMLH8300204F0,1Z6PH74DAP0QN7,DJI Pilot,Android,7.0.2,1EF72A62-B7C3-C88D-164E-CE6F8C8424AE,1ZN7L4R0H1D00F,1W9DL31001461C,,1ZMLH8300204F0,1W9DL31001461C,,,,,
2023-11-01,11:26:21.56 AM,1m 59.2s,119.2,33.8012063997637,-117.467629569198,64.6,64.6,16.7,1328,795.8,5.110808,6.085134,-2.013246,0,-4.697574,1.342164,-0.223694,0,1.4,-1,1.7,-113.7,246.3,246.1,Tripod,Other,,21,5,True,,True,False,,Smart,RC,False,True,False,,,True,,False,False,False,False,False,False,False,False,False,False,0,Follow Yaw,-88.9,0,-121.7,238.3,False,False,False,False,False,,0,0,False,False,No Card,100,100,1024,1311,1233,1024,2,False,False,False,False,False,0,False,False,False,False,93,,47.556,,9339,,10044,,47.556,,True,3.964,3.964,3.964,3.964,3.964,3.964,3.964,3.964,3.964,3.964,3.964,3.964,0,,False,False,True,,,,,,,,,,,,,,,False,False,19.778,,84.0,,75.7,,84.0,,1769,49,6,16,7,145693.5,19425.80,,Idle,,20,,10,,,20,Go Home,False,False,False,False,False,False,False,False,False,False,False,False,33.8027920380556,-117.4659261431046,775.4,2972.0,1049.4,396.9,True,1,1,False,False,False,False,,True,False,False,Course Lock,196.8,67,16.4,93,E,SW,6.03,6.93,Calm,False,False,Android,7.0.2,M300 RTK,1ZN7L4R0H1D00F,1W9DL31001461C,1ZMLH8300204F0,1Z6PH74DAP0QN7,"Corona, CA",728.3,5.7,137.7,8.547347,2.013246,0,0,DJI Matrice 300 RTK,M300 RTK,1ZN7L4R0H1D00F,1W9DL31001461C,1ZMLH8300204F0,1Z6PH74DAP0QN7,DJI Pilot,Android,7.0.2,1EF72A62-B7C3-C88D-164E-CE6F8C8424AE,1ZN7L4R0H1D00F,1W9DL31001461C,,1ZMLH8300204F0,1W9DL31001461C,,,,,
2023-11-01,11:26:21.66 AM,1m 59.3s,119.3,33.8012053493007,-117.4676321678724,64.6,64.6,16.7,1328,796.7,5.110808,6.085134,-2.013246,0,-4.697574,1.342164,-0.223694,0,1.4,-1,1.7,-113.7,246.3,244.0,Tripod,Other,,21,5,True,,True,False,,Smart,RC,False,True,False,,,True,,False,False,False,False,False,False,False,False,False,False,0,Follow Yaw,-88.9,0,-121.7,238.3,False,False,False,False,False,,0,0,False,False,No Card,100,100,1024,1312,1235,1024,2,False,False,False,False,False,0,False,False,False,False,93,,47.556,,9339,,10044,,47.556,,True,3.962,3.962,3.962,3.962,3.962,3.962,3.962,3.962,3.962,3.962,3.962,3.962,0,,False,False,True,,,,,,,,,,,,,,,False,False,19.778,,84.0,,75.7,,84.0,,1764,49,6,16,7,145957.1,19460.94,,Idle,,20,,10,,,20,Go Home,False,False,False,False,False,False,False,False,False,False,False,False,33.8027920380556,-117.4659261431046,776.2,2972.0,1049.4,396.9,True,1,1,False,False,False,False,,True,False,False,Course Lock,196.8,67,16.4,93,E,SW,6.03,6.93,Calm,False,False,Android,7.0.2,M300 RTK,1ZN7L4R0H1D00F,1W9DL31001461C,1ZMLH8300204F0,1Z6PH74DAP0QN7,"Corona, CA",728.3,5.7,137.7,8.547347,2.013246,0,0,DJI Matrice 300 RTK,M300 RTK,1ZN7L4R0H1D00F,1W9DL31001461C,1ZMLH8300204F0,1Z6PH74DAP0QN7,DJI Pilot,Android,7.0.2,1EF72A62-B7C3-C88D-164E-CE6F8C8424AE,1ZN7L4R0H1D00F,1W9DL31001461C,,1ZMLH8300204F0,1W9DL31001461C,,,,,
2023-11-01,11:26:21.77 AM,1m 59.4s,119.4,33.801204484149,-117.4676344696685,64.9,64.9,16.7,1329,797.4,5.110808,6.085134,-2.013246,0,-4.697574,1.342164,-0.223694,0,1.4,-0.9,1.6,-113.6,246.4,245.6,Tripod,Other,,21,5,True,,True,False,,Smart,RC,False,True,False,,,True,,False,False,False,False,False,False,False,False,False,False,0,Follow Yaw,-88.9,0,-121.7,238.3,False,False,False,False,False,,0,0,False,False,No Card,100,100,1024,1312,1234,1024,2,False,False,False,False,False,0,False,False,False,False,93,,47.556,,9339,,10044,,47.556,,True,3.962,3.962,3.962,3.962,3.962,3.962,3.962,3.962,3.962,3.962,3.962,3.962,0,,False,False,True,,,,,,,,,,,,,,,False,False,19.778,,84.0,,75.7,,84.0,,1764,49,6,16,7,145957.1,19460.94,,Idle,,20,,10,,,20,Go Home,False,False,False,False,False,False,False,False,False,False,False,False,33.8027920380556,-117.4659261431046,776.9,2972.0,1049.4,396.9,True,1,1,False,False,False,False,,True,False,False,Course Lock,196.8,67,16.4,93,E,SW,6.03,6.93,Calm,False,False,Android,7.0.2,M300 RTK,1ZN7L4R0H1D00F,1W9DL31001461C,1ZMLH8300204F0,1Z6PH74DAP0QN7,"Corona, CA",728.3,5.7,137.7,8.547347,2.013246,0,0,DJI Matrice 300 RTK,M300 RTK,1ZN7L4R0H1D00F,1W9DL31001461C,1ZMLH8300204F0,1Z6PH74DAP0QN7,DJI Pilot,Android,7.0.2,1EF72A62-B7C3-C88D-164E-CE6F8C8424AE,1ZN7L4R0H1D00F,1W9DL31001461C,,1ZMLH8300204F0,1W9DL31001461C,,,,,
2023-11-01,11:26:21.87 AM,1m 59.5s,119.5,33.8012039391802,-117.4676365563928,64.9,64.9,16.7,1329,798.1,4.905992,6.085134,-2.013246,0,-4.47388,1.342164,-0.223694,0,1.4,-0.9,1.6,-113.6,246.4,252.5,Tripod,Other,,21,5,True,,True,False,,Smart,RC,False,True,False,,,True,,False,False,False,False,False,False,False,False,False,False,0,Follow Yaw,-88.9,0,-121.7,238.3,False,False,False,False,False,,0,0,False,False,No Card,100,100,1024,1309,1220,1024,2,False,False,False,False,False,0,False,False,False,False,93,,47.556,,9339,,10044,,47.556,,True,3.962,3.962,3.962,3.962,3.962,3.962,3.962,3.962,3.962,3.962,3.962,3.962,0,,False,False,True,,,,,,,,,,,,,,,False,False,19.778,,84.0,,75.7,,84.0,,1764,49,6,16,7,145957.1,19460.94,,Idle,,20,,10,,,20,Go Home,False,False,False,False,False,False,False,False,False,False,False,False,33.8027920380556,-117.4659261431046,777.4,2972.0,1049.4,396.9,True,1,1,False,False,False,False,,True,False,False,Course Lock,196.8,67,16.4,93,E,SW,6.03,6.93,Calm,False,False,Android,7.0.2,M300 RTK,1ZN7L4R0H1D00F,1W9DL31001461C,1ZMLH8300204F0,1Z6PH74DAP0QN7,"Corona, CA",728.3,5.7,137.7,8.547347,2.013246,0,0,DJI Matrice 300 RTK,M300 RTK,1ZN7L4R0H1D00F,1W9DL31001461C,1ZMLH8300204F0,1Z6PH74DAP0QN7,DJI Pilot,Android,7.0.2,1EF72A62-B7C3-C88D-164E-CE6F8C8424AE,1ZN7L4R0H1D00F,1W9DL31001461C,,1ZMLH8300204F0,1W9DL31001461C,,,,,
2023-11-01,11:26:21.98 AM,1m 59.6s,119.6,33.8012030965071,-117.4676388344386,64.9,64.9,16.7,1329,798.8,4.905992,6.085134,-2.013246,0,-4.47388,1.342164,-0.223694,0,1.3,-0.8,1.5,-113.5,246.5,246.0,Tripod,Other,,20,5,True,,True,False,,Smart,RC,False,True,False,,,True,,False,False,False,False,False,False,False,False,False,False,0,Follow Yaw,-88.9,0,-121.7,238.3,False,False,False,False,False,,0,0,False,False,No Card,100,100,1024,1310,1210,1024,2,False,False,False,False,False,0,False,False,False,False,93,,47.556,,9339,,10044,,47.556,,True,3.962,3.962,3.962,3.962,3.962,3.962,3.962,3.962,3.962,3.962,3.962,3.962,0,,False,False,True,,,,,,,,,,,,,,,False,False,19.778,,84.0,,75.7,,84.0,,1764,49,6,16,7,145957.1,19460.94,,Idle,,20,,10,,,20,Go Home,False,False,False,False,False,False,False,False,False,False,False,False,33.8027920380556,-117.4659261431046,778.1,2972.0,1049.4,396.9,True,1,1,False,False,False,False,,True,False,False,Course Lock,196.8,67,16.4,93,E,SW,6.03,6.93,Calm,False,False,Android,7.0.2,M300 RTK,1ZN7L4R0H1D00F,1W9DL31001461C,1ZMLH8300204F0,1Z6PH74DAP0QN7,"Corona, CA",728.3,5.7,137.7,8.547347,2.013246,0,0,DJI Matrice 300 RTK,M300 RTK,1ZN7L4R0H1D00F,1W9DL31001461C,1ZMLH8300204F0,1Z6PH74DAP0QN7,DJI Pilot,Android,7.0.2,1EF72A62-B7C3-C88D-164E-CE6F8C8424AE,1ZN7L4R0H1D00F,1W9DL31001461C,,1ZMLH8300204F0,1W9DL31001461C,,,,,
2023-11-01,11:26:22.04 AM,1m 59.7s,119.7,33.8012023667752,-117.4676409726218,64.9,64.9,16.7,1329,799.5,4.905992,6.085134,-2.013246,0,-4.47388,1.342164,-0.223694,0,1.2,-0.8,1.4,-113.5,246.5,247.6,Tripod,Other,,20,5,True,,True,False,,Smart,RC,False,True,False,,,True,,False,False,False,False,False,False,False,False,False,False,0,Follow Yaw,-88.9,0,-121.7,238.3,False,False,False,False,False,,0,0,False,False,No Card,100,100,1024,1310,1207,1024,2,False,False,False,False,False,0,False,False,False,False,93,,47.46,,4636,,4986,,47.46,,True,3.962,3.962,3.962,3.962,3.962,3.962,3.962,3.962,3.962,3.962,3.962,3.962,0,,False,False,True,,,,,,,,,,,,,,,False,False,9.76,,83.1,,75.7,,84.0,,1764,49,6,16,7,145957.1,19460.94,,Idle,,20,,10,,,20,Go Home,False,False,False,False,False,False,False,False,False,False,False,False,33.8027920380556,-117.4659261431046,778.8,2972.0,1049.4,396.9,True,1,1,False,False,False,False,,True,False,False,Course Lock,196.8,67,16.4,93,E,SW,6.03,6.93,Calm,False,False,Android,7.0.2,M300 RTK,1ZN7L4R0H1D00F,1W9DL31001461C,1ZMLH8300204F0,1Z6PH74DAP0QN7,"Corona, CA",728.3,5.7,137.7,8.547347,2.013246,0,0,DJI Matrice 300 RTK,M300 RTK,1ZN7L4R0H1D00F,1W9DL31001461C,1ZMLH8300204F0,1Z6PH74DAP0QN7,DJI Pilot,Android,7.0.2,1EF72A62-B7C3-C88D-164E-CE6F8C8424AE,1ZN7L4R0H1D00F,1W9DL31001461C,,1ZMLH8300204F0,1W9DL31001461C,,,,,
2023-11-01,11:26:22.14 AM,1m 59.8s,119.8,33.801201532326,-117.467643232855,64.9,64.9,16.7,1329,800.3,4.905992,6.085134,-2.013246,0,-4.47388,1.342164,-0.223694,0,1.2,-0.8,1.4,-113.5,246.5,246.0,Tripod,Other,,21,5,True,,True,False,,Smart,RC,False,True,False,,,True,,False,False,False,False,False,False,False,False,False,False,0,Follow Yaw,-88.9,0,-121.7,238.3,False,False,False,False,False,,0,0,False,False,No Card,100,100,1024,1308,1208,1024,2,False,False,False,False,False,0,False,False,False,False,93,,47.46,,4636,,4986,,47.46,,True,3.962,3.962,3.962,3.962,3.962,3.962,3.962,3.962,3.962,3.962,3.962,3.962,0,,False,False,True,,,,,,,,,,,,,,,False,False,9.76,,83.1,,75.7,,84.0,,1764,49,6,16,7,145957.1,19460.94,,Idle,,20,,10,,,20,Go Home,False,False,False,False,False,False,False,False,False,False,False,False,33.8027920380556,-117.4659261431046,779.5,2972.0,1049.4,396.9,True,1,1,False,False,False,False,,True,False,False,Course Lock,196.8,67,16.4,93,E,SW,6.03,6.93,Calm,False,False,Android,7.0.2,M300 RTK,1ZN7L4R0H1D00F,1W9DL31001461C,1ZMLH8300204F0,1Z6PH74DAP0QN7,"Corona, CA",728.3,5.7,137.7,8.547347,2.013246,0,0,DJI Matrice 300 RTK,M300 RTK,1ZN7L4R0H1D00F,1W9DL31001461C,1ZMLH8300204F0,1Z6PH74DAP0QN7,DJI Pilot,Android,7.0.2,1EF72A62-B7C3-C88D-164E-CE6F8C8424AE,1ZN7L4R0H1D00F,1W9DL31001461C,,1ZMLH8300204F0,1W9DL31001461C,,,,,
2023-11-01,11:26:22.24 AM,1m 59.9s,119.9,33.8012004857007,-117.4676457437939,65.2,65.2,16.7,1329,801.1,4.905992,6.085134,-2.013246,0,-4.47388,1.342164,-0.223694,0,1.2,-0.7,1.3,-113.6,246.4,243.3,Tripod,Other,,21,5,True,,True,False,,Smart,RC,False,True,False,,,True,,False,False,False,False,False,False,False,False,False,False,0,Follow Yaw,-88.9,0,-121.7,238.3,False,False,False,False,False,,0,0,False,False,No Card,100,100,1024,1306,1210,1024,2,False,False,False,False,False,0,False,False,False,False,93,,47.46,,4636,,4986,,47.46,,True,3.962,3.962,3.962,3.962,3.962,3.962,3.962,3.962,3.962,3.962,3.962,3.962,0,,False,False,True,,,,,,,,,,,,,,,False,False,9.76,,83.1,,75.7,,84.0,,1764,49,6,16,7,145957.1,19460.94,,Idle,,20,,10,,,20,Go Home,False,False,False,False,False,False,False,False,False,False,False,False,33.8027920380556,-117.4659261431046,780.2,2972.0,1049.4,396.9,True,1,1,False,False,False,False,,True,False,False,Course Lock,196.8,67,16.4,93,E,SW,6.03,6.93,Calm,False,False,Android,7.0.2,M300 RTK,1ZN7L4R0H1D00F,1W9DL31001461C,1ZMLH8300204F0,1Z6PH74DAP0QN7,"Corona, CA",728.3,5.7,137.7,8.547347,2.013246,0,0,DJI Matrice 300 RTK,M300 RTK,1ZN7L4R0H1D00F,1W9DL31001461C,1ZMLH8300204F0,1Z6PH74DAP0QN7,DJI Pilot,Android,7.0.2,1EF72A62-B7C3-C88D-164E-CE6F8C8424AE,1ZN7L4R0H1D00F,1W9DL31001461C,,1ZMLH8300204F0,1W9DL31001461C,,,,,
2023-11-01,11:26:22.34 AM,2m 0.0s,120.0,33.8011996293212,-117.467648027109,65.2,65.2,16.7,1329,801.9,4.905992,6.085134,-2.013246,0,-4.47388,1.342164,-0.223694,0,1.3,-0.7,1.4,-113.6,246.4,245.7,Tripod,Other,,21,5,True,,True,False,,Smart,RC,False,True,False,,,True,,False,False,False,False,False,False,False,False,False,False,0,Follow Yaw,-88.9,0,-121.7,238.3,False,False,False,False,False,,0,0,False,False,No Card,100,100,1024,1307,1212,1024,2,False,False,False,False,False,0,False,False,False,False,93,,47.508,,9339,,10044,,47.508,,True,3.962,3.962,3.962,3.962,3.962,3.962,3.962,3.962,3.962,3.962,3.962,3.962,0,,False,False,True,,,,,,,,,,,,,,,False,False,19.944,,84.0,,75.7,,84.0,,1764,49,6,16,7,145957.1,19460.94,,Idle,,20,,10,,,20,Go Home,False,False,False,False,False,False,False,False,False,False,False,False,33.8027920380556,-117.4659261431046,780.9,2972.0,1049.4,396.9,True,1,1,False,False,False,False,,True,False,False,Course Lock,196.8,67,16.4,93,E,SW,6.03,6.93,Calm,False,False,Android,7.0.2,M300 RTK,1ZN7L4R0H1D00F,1W9DL31001461C,1ZMLH8300204F0,1Z6PH74DAP0QN7,"Corona, CA",728.3,5.7,137.7,8.547347,2.013246,0,0,DJI Matrice 300 RTK,M300 RTK,1ZN7L4R0H1D00F,1W9DL31001461C,1ZMLH8300204F0,1Z6PH74DAP0QN7,DJI Pilot,Android,7.0.2,1EF72A62-B7C3-C88D-164E-CE6F8C8424AE,1ZN7L4R0H1D00F,1W9DL31001461C,,1ZMLH8300204F0,1W9DL31001461C,,,,,
2023-11-01,11:26:22.44 AM,2m 0.1s,120.1,33.8011989467395,-117.4676503816834,65.2,65.2,16.7,1329,802.7,4.905992,6.085134,-2.013246,0,-4.47388,1.342164,-0.223694,0,1.5,-0.7,1.6,-113.7,246.3,250.7,Tripod,Other,,21,5,True,,True,False,,Smart,RC,False,True,False,,,True,,False,False,False,False,False,False,False,False,False,False,0,Follow Yaw,-88.9,0,-121.7,238.3,False,False,False,False,False,,0,0,False,False,No Card,100,100,1024,1308,1211,1024,2,False,False,False,False,False,0,False,False,False,False,93,,47.508,,9339,,10044,,47.508,,True,3.962,3.962,3.962,3.962,3.962,3.962,3.962,3.962,3.962,3.962,3.962,3.962,0,,False,False,True,,,,,,,,,,,,,,,False,False,19.944,,84.0,,75.7,,84.0,,1764,49,6,16,7,145957.1,19460.94,,Idle,,20,,10,,,20,Go Home,False,False,False,False,False,False,False,False,False,False,False,False,33.8027920380556,-117.4659261431046,781.6,2972.0,1049.4,396.9,True,1,1,False,False,False,False,,True,False,False,Course Lock,196.8,67,16.4,93,E,SW,6.03,6.93,Calm,False,False,Android,7.0.2,M300 RTK,1ZN7L4R0H1D00F,1W9DL31001461C,1ZMLH8300204F0,1Z6PH74DAP0QN7,"Corona, CA",728.3,5.7,137.7,8.547347,2.013246,0,0,DJI Matrice 300 RTK,M300 RTK,1ZN7L4R0H1D00F,1W9DL31001461C,1ZMLH8300204F0,1Z6PH74DAP0QN7,DJI Pilot,Android,7.0.2,1EF72A62-B7C3-C88D-164E-CE6F8C8424AE,1ZN7L4R0H1D00F,1W9DL31001461C,,1ZMLH8300204F0,1W9DL31001461C,,,,,
2023-11-01,11:26:22.54 AM,2m 0.2s,120.2,33.8011981133868,-117.4676526557708,65.2,65.2,16.4,1329,803.4,4.905992,6.085134,-2.013246,0,-4.47388,1.342164,-0.223694,0,1.5,-0.7,1.6,-113.7,246.3,246.2,Tripod,Other,,21,5,True,,True,False,,Smart,RC,False,True,False,,,True,,False,False,False,False,False,False,False,False,False,False,0,Follow Yaw,-88.9,0,-121.7,238.3,False,False,False,False,False,,0,0,False,False,No Card,100,100,1024,1309,1208,1024,2,False,False,False,False,False,0,False,False,False,False,93,,47.508,,9339,,10044,,47.508,,True,3.962,3.962,3.962,3.962,3.962,3.962,3.962,3.962,3.962,3.962,3.962,3.962,0,,False,False,True,,,,,,,,,,,,,,,False,False,19.944,,84.0,,75.7,,84.0,,1764,49,6,16,7,145957.1,19460.94,,Idle,,20,,10,,,20,Go Home,False,False,False,False,False,False,False,False,False,False,False,False,33.8027920380556,-117.4659261431046,782.3,2972.0,1049.4,396.9,True,1,1,False,False,False,False,,True,False,False,Course Lock,196.8,67,16.4,93,E,SW,6.03,6.93,Calm,False,False,Android,7.0.2,M300 RTK,1ZN7L4R0H1D00F,1W9DL31001461C,1ZMLH8300204F0,1Z6PH74DAP0QN7,"Corona, CA",728.3,5.7,137.7,8.547347,2.013246,0,0,DJI Matrice 300 RTK,M300 RTK,1ZN7L4R0H1D00F,1W9DL31001461C,1ZMLH8300204F0,1Z6PH74DAP0QN7,DJI Pilot,Android,7.0.2,1EF72A62-B7C3-C88D-164E-CE6F8C8424AE,1ZN7L4R0H1D00F,1W9DL31001461C,,1ZMLH8300204F0,1W9DL31001461C,,,,,
2023-11-01,11:26:22.64 AM,2m 0.3s,120.3,33.8011972093088,-117.467654935136,65.2,65.2,16.7,1329,804.2,4.905992,6.085134,-2.013246,0,-4.47388,1.342164,-0.223694,0,1.5,-0.7,1.6,-113.7,246.3,244.4,Tripod,Other,,21,5,True,,True,False,,Smart,RC,False,True,False,,,True,,False,False,False,False,False,False,False,False,False,False,0,Follow Yaw,-88.9,0,-121.7,238.3,False,False,False,False,False,,0,0,False,False,No Card,100,100,1024,1310,1208,1024,2,False,False,False,False,False,0,False,False,False,False,93,,47.508,,9339,,10044,,47.508,,True,3.961,3.961,3.961,3.961,3.961,3.961,3.961,3.961,3.961,3.961,3.961,3.961,0,,False,False,True,,,,,,,,,,,,,,,False,False,19.944,,84.0,,75.7,,84.0,,1759,49,6,16,7,146294.8,19505.98,,Idle,,20,,10,,,20,Go Home,False,False,False,False,False,False,False,False,False,False,False,False,33.8027920380556,-117.4659261431046,783.0,2972.0,1049.4,396.9,True,1,1,False,False,False,False,,True,False,False,Course Lock,196.8,67,16.4,93,E,SW,6.26,6.93,Calm,False,False,Android,7.0.2,M300 RTK,1ZN7L4R0H1D00F,1W9DL31001461C,1ZMLH8300204F0,1Z6PH74DAP0QN7,"Corona, CA",728.3,5.7,137.7,8.547347,2.013246,0,0,DJI Matrice 300 RTK,M300 RTK,1ZN7L4R0H1D00F,1W9DL31001461C,1ZMLH8300204F0,1Z6PH74DAP0QN7,DJI Pilot,Android,7.0.2,1EF72A62-B7C3-C88D-164E-CE6F8C8424AE,1ZN7L4R0H1D00F,1W9DL31001461C,,1ZMLH8300204F0,1W9DL31001461C,,,,,
2023-11-01,11:26:22.74 AM,2m 0.4s,120.4,33.8011963633461,-117.4676571920706,65.2,65.2,16.4,1329,804.9,4.905992,6.085134,-2.013246,0,-4.47388,1.342164,-0.223694,0,1.3,-0.7,1.4,-113.8,246.2,245.7,Tripod,Other,,21,5,True,,True,False,,Smart,RC,False,True,False,,,True,,False,False,False,False,False,False,False,False,False,False,0,Follow Yaw,-88.9,0,-121.7,238.3,False,False,False,False,False,,0,0,False,False,No Card,100,100,1024,1308,1209,1024,2,False,False,False,False,False,0,False,False,False,False,93,,47.508,,9339,,10044,,47.508,,True,3.961,3.961,3.961,3.961,3.961,3.961,3.961,3.961,3.961,3.961,3.961,3.961,0,,False,False,True,,,,,,,,,,,,,,,False,False,19.944,,84.0,,75.7,,84.0,,1759,49,6,16,7,146294.8,19505.98,,Idle,,20,,10,,,20,Go Home,False,False,False,False,False,False,False,False,False,False,False,False,33.8027920380556,-117.4659261431046,783.7,2972.0,1049.4,396.9,True,1,1,False,False,False,False,,True,False,False,Course Lock,196.8,67,16.4,93,E,SW,6.26,6.93,Calm,False,False,Android,7.0.2,M300 RTK,1ZN7L4R0H1D00F,1W9DL31001461C,1ZMLH8300204F0,1Z6PH74DAP0QN7,"Corona, CA",728.3,5.7,137.7,8.547347,2.013246,0,0,DJI Matrice 300 RTK,M300 RTK,1ZN7L4R0H1D00F,1W9DL31001461C,1ZMLH8300204F0,1Z6PH74DAP0QN7,DJI Pilot,Android,7.0.2,1EF72A62-B7C3-C88D-164E-CE6F8C8424AE,1ZN7L4R0H1D00F,1W9DL31001461C,,1ZMLH8300204F0,1W9DL31001461C,,,,,
2023-11-01,11:26:22.84 AM,2m 0.5s,120.5,33.8011955009357,-117.4676594753942,65.6,65.6,16.4,1329,805.7,4.905992,6.085134,-2.013246,0,-4.47388,1.342164,-0.223694,0,1.1,-0.7,1.3,-113.8,246.2,245.5,Tripod,Other,,21,5,True,,True,False,,Smart,RC,False,True,False,,,True,,False,False,False,False,False,False,False,False,False,False,0,Follow Yaw,-88.9,0,-121.7,238.3,False,False,False,False,False,,0,0,False,False,No Card,100,100,1024,1307,1209,1024,2,False,False,False,False,False,0,False,False,False,False,93,,47.508,,9339,,10044,,47.508,,True,3.961,3.961,3.961,3.961,3.961,3.961,3.961,3.961,3.961,3.961,3.961,3.961,0,,False,False,True,,,,,,,,,,,,,,,False,False,19.944,,84.0,,75.7,,84.0,,1759,49,6,16,7,146294.8,19505.98,,Idle,,20,,10,,,20,Go Home,False,False,False,False,False,False,False,False,False,False,False,False,33.8027920380556,-117.4659261431046,784.4,2972.0,1049.4,396.9,True,1,1,False,False,False,False,,True,False,False,Course Lock,196.8,67,16.4,93,E,SW,6.26,6.93,Calm,False,False,Android,7.0.2,M300 RTK,1ZN7L4R0H1D00F,1W9DL31001461C,1ZMLH8300204F0,1Z6PH74DAP0QN7,"Corona, CA",728.3,5.7,137.7,8.547347,2.013246,0,0,DJI Matrice 300 RTK,M300 RTK,1ZN7L4R0H1D00F,1W9DL31001461C,1ZMLH8300204F0,1Z6PH74DAP0QN7,DJI Pilot,Android,7.0.2,1EF72A62-B7C3-C88D-164E-CE6F8C8424AE,1ZN7L4R0H1D00F,1W9DL31001461C,,1ZMLH8300204F0,1W9DL31001461C,,,,,
2023-11-01,11:26:22.94 AM,2m 0.6s,120.6,33.8011946544248,-117.4676617178146,65.6,65.6,16.4,1329,806.4,4.905992,6.085134,-2.013246,0,-4.47388,1.342164,-0.223694,0,0.9,-0.5,1,-113.8,246.2,245.5,Tripod,Other,,21,5,True,,True,False,,Smart,RC,False,True,False,,,True,,False,False,False,False,False,False,False,False,False,False,0,Follow Yaw,-88.9,0,-121.7,238.3,False,False,False,False,False,,0,0,False,False,No Card,100,100,1024,1307,1211,1024,2,False,False,False,False,False,0,False,False,False,False,93,,47.508,,9339,,10044,,47.508,,True,3.961,3.961,3.961,3.961,3.961,3.961,3.961,3.961,3.961,3.961,3.961,3.961,0,,False,False,True,,,,,,,,,,,,,,,False,False,19.944,,84.0,,75.7,,84.0,,1759,49,6,16,7,146294.8,19505.98,,Idle,,20,,10,,,20,Go Home,False,False,False,False,False,False,False,False,False,False,False,False,33.8027920380556,-117.4659261431046,785.1,2972.0,1049.4,396.9,True,1,1,False,False,False,False,,True,False,False,Course Lock,196.8,67,16.4,93,E,SW,6.26,6.93,Calm,False,False,Android,7.0.2,M300 RTK,1ZN7L4R0H1D00F,1W9DL31001461C,1ZMLH8300204F0,1Z6PH74DAP0QN7,"Corona, CA",728.3,5.7,137.7,8.547347,2.013246,0,0,DJI Matrice 300 RTK,M300 RTK,1ZN7L4R0H1D00F,1W9DL31001461C,1ZMLH8300204F0,1Z6PH74DAP0QN7,DJI Pilot,Android,7.0.2,1EF72A62-B7C3-C88D-164E-CE6F8C8424AE,1ZN7L4R0H1D00F,1W9DL31001461C,,1ZMLH8300204F0,1W9DL31001461C,,,,,
2023-11-01,11:26:23.04 AM,2m 0.7s,120.7,33.8011937733736,-117.4676638757896,65.6,65.6,16.4,1329,807.2,4.905992,6.085134,-2.013246,0,-4.47388,1.342164,-0.223694,0,1,-0.4,1,-113.8,246.2,243.8,Tripod,Other,,21,5,True,,True,False,,Smart,RC,False,True,False,,,True,,False,False,False,False,False,False,False,False,False,False,0,Follow Yaw,-88.9,0,-121.7,238.3,False,False,False,False,False,,0,0,False,False,No Card,100,100,1024,1307,1212,1024,2,False,False,False,False,False,0,False,False,False,False,93,,47.508,,9339,,10044,,47.508,,True,3.961,3.961,3.961,3.961,3.961,3.961,3.961,3.961,3.961,3.961,3.961,3.961,0,,False,False,True,,,,,,,,,,,,,,,False,False,19.944,,84.0,,75.7,,84.0,,1759,49,6,16,7,146294.8,19505.98,,Idle,,20,,10,,,20,Go Home,False,False,False,False,False,False,False,False,False,False,False,False,33.8027920380556,-117.4659261431046,785.7,2972.0,1049.4,396.9,True,1,1,False,False,False,False,,True,False,False,Course Lock,196.8,67,16.4,93,E,SW,6.26,6.93,Calm,False,False,Android,7.0.2,M300 RTK,1ZN7L4R0H1D00F,1W9DL31001461C,1ZMLH8300204F0,1Z6PH74DAP0QN7,"Corona, CA",728.3,5.7,137.7,8.547347,2.013246,0,0,DJI Matrice 300 RTK,M300 RTK,1ZN7L4R0H1D00F,1W9DL31001461C,1ZMLH8300204F0,1Z6PH74DAP0QN7,DJI Pilot,Android,7.0.2,1EF72A62-B7C3-C88D-164E-CE6F8C8424AE,1ZN7L4R0H1D00F,1W9DL31001461C,,1ZMLH8300204F0,1W9DL31001461C,,,,,
2023-11-01,11:26:23.14 AM,2m 0.8s,120.8,33.8011929180906,-117.4676661056752,65.6,65.6,16.4,1329,807.9,4.905992,6.085134,-2.013246,0,-4.47388,1.342164,-0.223694,0,1,-0.4,1,-113.9,246.1,245.2,Tripod,Other,,21,5,True,,True,False,,Smart,RC,False,True,False,,,True,,False,False,False,False,False,False,False,False,False,False,0,Follow Yaw,-88.9,0,-121.7,238.3,False,False,False,False,False,,0,0,False,False,No Card,100,100,1024,1308,1209,1024,2,False,False,False,False,False,0,False,False,False,False,93,,47.508,,9339,,10044,,47.508,,True,3.961,3.961,3.961,3.961,3.961,3.961,3.961,3.961,3.961,3.961,3.961,3.961,0,,False,False,True,,,,,,,,,,,,,,,False,False,19.944,,84.0,,75.7,,84.0,,1759,49,6,16,7,146294.8,19505.98,,Idle,,20,,10,,,20,Go Home,False,False,False,False,False,False,False,False,False,False,False,False,33.8027920380556,-117.4659261431046,786.4,2972.0,1049.4,396.9,True,1,1,False,False,False,False,,True,False,False,Course Lock,196.8,67,16.4,93,E,SW,6.26,6.93,Calm,False,False,Android,7.0.2,M300 RTK,1ZN7L4R0H1D00F,1W9DL31001461C,1ZMLH8300204F0,1Z6PH74DAP0QN7,"Corona, CA",728.3,5.7,137.7,8.547347,2.013246,0,0,DJI Matrice 300 RTK,M300 RTK,1ZN7L4R0H1D00F,1W9DL31001461C,1ZMLH8300204F0,1Z6PH74DAP0QN7,DJI Pilot,Android,7.0.2,1EF72A62-B7C3-C88D-164E-CE6F8C8424AE,1ZN7L4R0H1D00F,1W9DL31001461C,,1ZMLH8300204F0,1W9DL31001461C,,,,,
2023-11-01,11:26:23.24 AM,2m 0.9s,120.9,33.8011920501976,-117.467668330283,65.6,65.6,16.4,1329,808.6,4.905992,6.085134,-2.013246,0,-4.47388,1.342164,-0.223694,0,1,-0.4,1,-113.9,246.1,244.8,Tripod,Other,,21,5,True,,True,False,,Smart,RC,False,True,False,,,True,,False,False,False,False,False,False,False,False,False,False,0,Follow Yaw,-88.9,0,-121.7,238.3,False,False,False,False,False,,0,0,False,False,No Card,100,100,1024,1308,1209,1024,2,False,False,False,False,False,0,False,False,False,False,93,,47.508,,9339,,10044,,47.508,,True,3.961,3.961,3.961,3.961,3.961,3.961,3.961,3.961,3.961,3.961,3.961,3.961,0,,False,False,True,,,,,,,,,,,,,,,False,False,19.944,,84.0,,75.7,,84.0,,1759,49,6,16,7,146294.8,19505.98,,Idle,,20,,10,,,20,Go Home,False,False,False,False,False,False,False,False,False,False,False,False,33.8027920380556,-117.4659261431046,787.1,2972.0,1049.4,396.9,True,1,1,False,False,False,False,,True,False,False,Course Lock,196.8,67,16.4,93,E,SW,6.26,6.93,Calm,False,False,Android,7.0.2,M300 RTK,1ZN7L4R0H1D00F,1W9DL31001461C,1ZMLH8300204F0,1Z6PH74DAP0QN7,"Corona, CA",728.3,5.7,137.7,8.547347,2.013246,0,0,DJI Matrice 300 RTK,M300 RTK,1ZN7L4R0H1D00F,1W9DL31001461C,1ZMLH8300204F0,1Z6PH74DAP0QN7,DJI Pilot,Android,7.0.2,1EF72A62-B7C3-C88D-164E-CE6F8C8424AE,1ZN7L4R0H1D00F,1W9DL31001461C,,1ZMLH8300204F0,1W9DL31001461C,,,,,
2023-11-01,11:26:23.31 AM,2m 1.0s,121.0,33.8011911949146,-117.4676705555505,65.6,65.6,16.4,1329,809.4,4.905992,6.085134,-2.013246,0,-4.47388,1.342164,-0.223694,0,1,-0.4,1,-113.8,246.2,245.1,Tripod,Other,,22,5,True,,True,False,,Smart,RC,False,True,False,,,True,,False,False,False,False,False,False,False,False,False,False,0,Follow Yaw,-88.9,0,-121.7,238.3,False,False,False,False,False,,0,0,False,False,No Card,100,100,1024,1307,1210,1024,2,False,False,False,False,False,0,False,False,False,False,93,,47.52,,9339,,10044,,47.52,,True,3.961,3.961,3.961,3.961,3.961,3.961,3.961,3.961,3.961,3.961,3.961,3.961,0,,False,False,True,,,,,,,,,,,,,,,False,False,19.528,,84.2,,75.7,,84.2,,1759,49,6,16,7,146294.8,19505.98,,Idle,,20,,10,,,20,Go Home,False,False,False,False,False,False,False,False,False,False,False,False,33.8027920380556,-117.4659261431046,787.8,2972.0,1049.4,396.9,True,1,1,False,False,False,False,,True,False,False,Course Lock,196.8,67,16.4,93,E,SW,6.26,6.93,Calm,False,False,Android,7.0.2,M300 RTK,1ZN7L4R0H1D00F,1W9DL31001461C,1ZMLH8300204F0,1Z6PH74DAP0QN7,"Corona, CA",728.3,5.7,137.7,8.547347,2.013246,0,0,DJI Matrice 300 RTK,M300 RTK,1ZN7L4R0H1D00F,1W9DL31001461C,1ZMLH8300204F0,1Z6PH74DAP0QN7,DJI Pilot,Android,7.0.2,1EF72A62-B7C3-C88D-164E-CE6F8C8424AE,1ZN7L4R0H1D00F,1W9DL31001461C,,1ZMLH8300204F0,1W9DL31001461C,,,,,
2023-11-01,11:26:23.42 AM,2m 1.1s,121.1,33.8011903495002,-117.4676728085266,65.6,65.6,16.4,1329,810.1,4.905992,6.085134,-2.013246,0,-4.47388,1.342164,-0.223694,0,0.9,-0.4,0.9,-113.8,246.2,245.6,Tripod,Other,,22,5,True,,True,False,,Smart,RC,False,True,False,,,True,,False,False,False,False,False,False,False,False,False,False,0,Follow Yaw,-88.9,0,-121.7,238.3,False,False,False,False,False,,0,0,False,False,No Card,100,100,1024,1307,1208,1024,2,False,False,False,False,False,0,False,False,False,False,93,,47.52,,9339,,10044,,47.52,,True,3.961,3.961,3.961,3.961,3.961,3.961,3.961,3.961,3.961,3.961,3.961,3.961,0,,False,False,True,,,,,,,,,,,,,,,False,False,19.528,,84.2,,75.7,,84.2,,1759,49,6,16,7,146294.8,19505.98,,Idle,,20,,10,,,20,Go Home,False,False,False,False,False,False,False,False,False,False,False,False,33.8027920380556,-117.4659261431046,788.5,2972.0,1049.4,396.9,True,1,1,False,False,False,False,,True,False,False,Course Lock,196.8,67,16.4,93,E,SW,6.26,6.93,Calm,False,False,Android,7.0.2,M300 RTK,1ZN7L4R0H1D00F,1W9DL31001461C,1ZMLH8300204F0,1Z6PH74DAP0QN7,"Corona, CA",728.3,5.7,137.7,8.547347,2.013246,0,0,DJI Matrice 300 RTK,M300 RTK,1ZN7L4R0H1D00F,1W9DL31001461C,1ZMLH8300204F0,1Z6PH74DAP0QN7,DJI Pilot,Android,7.0.2,1EF72A62-B7C3-C88D-164E-CE6F8C8424AE,1ZN7L4R0H1D00F,1W9DL31001461C,,1ZMLH8300204F0,1W9DL31001461C,,,,,
2023-11-01,11:26:23.54 AM,2m 1.2s,121.2,33.8011894991515,-117.4676750324746,65.6,65.6,16.4,1329,810.9,4.905992,6.085134,-2.013246,0,-4.47388,1.342164,-0.223694,0,0.8,-0.3,0.8,-113.7,246.3,245.2,Tripod,Other,,22,5,True,,True,False,,Smart,RC,False,True,False,,,True,,False,False,False,False,False,False,False,False,False,False,0,Follow Yaw,-88.9,0,-121.7,238.3,False,False,False,False,False,,0,0,False,False,No Card,100,100,1024,1305,1208,1024,2,False,False,False,False,False,0,False,False,False,False,93,,47.52,,9339,,10044,,47.52,,True,3.961,3.961,3.961,3.961,3.961,3.961,3.961,3.961,3.961,3.961,3.961,3.961,0,,False,False,True,,,,,,,,,,,,,,,False,False,19.528,,84.2,,75.7,,84.2,,1759,49,6,16,7,146294.8,19505.98,,Idle,,20,,10,,,20,Go Home,False,False,False,False,False,False,False,False,False,False,False,False,33.8027920380556,-117.4659261431046,789.2,2972.0,1049.4,396.9,True,1,1,False,False,False,False,,True,False,False,Course Lock,196.8,67,16.4,93,E,SW,6.26,6.93,Calm,False,False,Android,7.0.2,M300 RTK,1ZN7L4R0H1D00F,1W9DL31001461C,1ZMLH8300204F0,1Z6PH74DAP0QN7,"Corona, CA",728.3,5.7,137.7,8.547347,2.013246,0,0,DJI Matrice 300 RTK,M300 RTK,1ZN7L4R0H1D00F,1W9DL31001461C,1ZMLH8300204F0,1Z6PH74DAP0QN7,DJI Pilot,Android,7.0.2,1EF72A62-B7C3-C88D-164E-CE6F8C8424AE,1ZN7L4R0H1D00F,1W9DL31001461C,,1ZMLH8300204F0,1W9DL31001461C,,,,,
2023-11-01,11:26:23.63 AM,2m 1.3s,121.3,33.8011886910186,-117.4676771475672,65.9,65.9,16.4,1330,811.6,4.905992,6.085134,-2.013246,0,-4.47388,1.342164,-0.223694,0,0.9,-0.3,0.9,-113.7,246.3,245.3,Tripod,Other,,22,5,True,,True,False,,Smart,RC,False,True,False,,,True,,False,False,False,False,False,False,False,False,False,False,0,Follow Yaw,-88.9,0,-121.7,238.3,False,False,False,False,False,,0,0,False,False,No Card,100,100,1024,1305,1210,1024,2,False,False,False,False,False,0,False,False,False,False,93,,47.52,,9339,,10044,,47.52,,True,3.96,3.96,3.96,3.96,3.96,3.96,3.96,3.96,3.96,3.96,3.96,3.96,0,,False,False,True,,,,,,,,,,,,,,,False,False,19.528,,84.2,,75.7,,84.2,,1755,49,6,16,7,146687.7,19558.36,,Idle,,20,,10,,,20,Go Home,False,False,False,False,False,False,False,False,False,False,False,False,33.8027920380556,-117.4659261431046,789.8,2972.0,1049.4,396.9,True,1,1,False,False,False,False,,True,False,False,Course Lock,196.8,67,16.4,93,E,SW,6.26,6.93,Calm,False,False,Android,7.0.2,M300 RTK,1ZN7L4R0H1D00F,1W9DL31001461C,1ZMLH8300204F0,1Z6PH74DAP0QN7,"Corona, CA",728.3,5.7,137.7,8.547347,2.013246,0,0,DJI Matrice 300 RTK,M300 RTK,1ZN7L4R0H1D00F,1W9DL31001461C,1ZMLH8300204F0,1Z6PH74DAP0QN7,DJI Pilot,Android,7.0.2,1EF72A62-B7C3-C88D-164E-CE6F8C8424AE,1ZN7L4R0H1D00F,1W9DL31001461C,,1ZMLH8300204F0,1W9DL31001461C,,,,,
2023-11-01,11:26:23.74 AM,2m 1.4s,121.4,33.801187847249,-117.4676793642582,65.9,65.9,16.4,1330,812.3,4.905992,6.085134,-2.013246,0,-4.47388,1.342164,-0.223694,0,0.9,-0.2,0.9,-113.7,246.3,245.3,Tripod,Other,,22,5,True,,True,False,,Smart,RC,False,True,False,,,True,,False,False,False,False,False,False,False,False,False,False,0,Follow Yaw,-88.9,0,-121.7,238.3,False,False,False,False,False,,0,0,False,False,No Card,100,100,1024,1306,1211,1024,2,False,False,False,False,False,0,False,False,False,False,93,,47.52,,9339,,10044,,47.52,,True,3.96,3.96,3.96,3.96,3.96,3.96,3.96,3.96,3.96,3.96,3.96,3.96,0,,False,False,True,,,,,,,,,,,,,,,False,False,19.528,,84.2,,75.7,,84.2,,1755,49,6,16,7,146687.7,19558.36,,Idle,,20,,10,,,20,Go Home,False,False,False,False,False,False,False,False,False,False,False,False,33.8027920380556,-117.4659261431046,790.5,2972.0,1049.4,396.9,True,1,1,False,False,False,False,,True,False,False,Course Lock,196.8,67,16.4,93,E,SW,6.26,6.93,Calm,False,False,Android,7.0.2,M300 RTK,1ZN7L4R0H1D00F,1W9DL31001461C,1ZMLH8300204F0,1Z6PH74DAP0QN7,"Corona, CA",728.3,5.7,137.7,8.547347,2.013246,0,0,DJI Matrice 300 RTK,M300 RTK,1ZN7L4R0H1D00F,1W9DL31001461C,1ZMLH8300204F0,1Z6PH74DAP0QN7,DJI Pilot,Android,7.0.2,1EF72A62-B7C3-C88D-164E-CE6F8C8424AE,1ZN7L4R0H1D00F,1W9DL31001461C,,1ZMLH8300204F0,1W9DL31001461C,,,,,
2023-11-01,11:26:23.83 AM,2m 1.5s,121.5,33.8011869947073,-117.4676813678566,65.9,65.9,16.4,1330,813.0,4.905992,6.085134,-2.013246,0,-4.47388,1.342164,-0.223694,0,0.9,-0.2,0.9,-113.7,246.3,242.8,Tripod,Other,,22,5,True,,True,False,,Smart,RC,False,True,False,,,True,,False,False,False,False,False,False,False,False,False,False,0,Follow Yaw,-88.9,0,-121.7,238.3,False,False,False,False,False,,0,0,False,False,No Card,100,100,1024,1306,1211,1024,2,False,False,False,False,False,0,False,False,False,False,93,,47.52,,9339,,10044,,47.52,,True,3.96,3.96,3.96,3.96,3.96,3.96,3.96,3.96,3.96,3.96,3.96,3.96,0,,False,False,True,,,,,,,,,,,,,,,False,False,19.528,,84.2,,75.7,,84.2,,1755,49,6,16,7,146687.7,19558.36,,Idle,,20,,10,,,20,Go Home,False,False,False,False,False,False,False,False,False,False,False,False,33.8027920380556,-117.4659261431046,791.1,2972.0,1049.4,396.9,True,1,1,False,False,False,False,,True,False,False,Course Lock,196.8,67,16.4,93,E,SW,6.26,6.93,Calm,False,False,Android,7.0.2,M300 RTK,1ZN7L4R0H1D00F,1W9DL31001461C,1ZMLH8300204F0,1Z6PH74DAP0QN7,"Corona, CA",728.3,5.7,137.7,8.547347,2.013246,0,0,DJI Matrice 300 RTK,M300 RTK,1ZN7L4R0H1D00F,1W9DL31001461C,1ZMLH8300204F0,1Z6PH74DAP0QN7,DJI Pilot,Android,7.0.2,1EF72A62-B7C3-C88D-164E-CE6F8C8424AE,1ZN7L4R0H1D00F,1W9DL31001461C,,1ZMLH8300204F0,1W9DL31001461C,,,,,
2023-11-01,11:26:23.93 AM,2m 1.6s,121.6,33.8011861591615,-117.4676835581584,65.9,65.9,16.4,1330,813.7,4.905992,6.085134,-2.013246,0,-4.47388,1.342164,-0.223694,0,0.9,-0.3,0.9,-113.8,246.2,245.3,Tripod,Other,,22,5,True,,True,False,,Smart,RC,False,True,False,,,True,,False,False,False,False,False,False,False,False,False,False,0,Follow Yaw,-88.9,0,-121.7,238.3,False,False,False,False,False,,0,0,False,False,No Card,100,100,1024,1309,1209,1024,2,False,False,False,False,False,0,False,False,False,False,93,,47.52,,9339,,10044,,47.52,,True,3.96,3.96,3.96,3.96,3.96,3.96,3.96,3.96,3.96,3.96,3.96,3.96,0,,False,False,True,,,,,,,,,,,,,,,False,False,19.528,,84.2,,75.7,,84.2,,1755,49,6,16,7,146687.7,19558.36,,Idle,,20,,10,,,20,Go Home,False,False,False,False,False,False,False,False,False,False,False,False,33.8027920380556,-117.4659261431046,791.8,2972.0,1049.4,396.9,True,1,1,False,False,False,False,,True,False,False,Course Lock,196.8,67,16.4,93,E,SW,6.26,6.93,Calm,False,False,Android,7.0.2,M300 RTK,1ZN7L4R0H1D00F,1W9DL31001461C,1ZMLH8300204F0,1Z6PH74DAP0QN7,"Corona, CA",728.3,5.7,137.7,8.547347,2.013246,0,0,DJI Matrice 300 RTK,M300 RTK,1ZN7L4R0H1D00F,1W9DL31001461C,1ZMLH8300204F0,1Z6PH74DAP0QN7,DJI Pilot,Android,7.0.2,1EF72A62-B7C3-C88D-164E-CE6F8C8424AE,1ZN7L4R0H1D00F,1W9DL31001461C,,1ZMLH8300204F0,1W9DL31001461C,,,,,
2023-11-01,11:26:24.04 AM,2m 1.7s,121.7,33.801185143787,-117.467685746481,65.9,65.9,16.4,1330,814.5,4.905992,6.085134,-2.013246,0,-4.47388,1.342164,-0.223694,0,0.9,-0.6,1,-113.8,246.2,240.8,Tripod,Other,,22,5,True,,True,False,,Smart,RC,False,True,False,,,True,,False,False,False,False,False,False,False,False,False,False,0,Follow Yaw,-88.9,0,-121.7,238.3,False,False,False,False,False,,0,0,False,False,No Card,100,100,1024,1309,1209,1024,2,False,False,False,False,False,0,False,False,False,False,93,,47.52,,9339,,10044,,47.52,,True,3.96,3.96,3.96,3.96,3.96,3.96,3.96,3.96,3.96,3.96,3.96,3.96,0,,False,False,True,,,,,,,,,,,,,,,False,False,19.528,,84.2,,75.7,,84.2,,1755,49,6,16,7,146687.7,19558.36,,Idle,,20,,10,,,20,Go Home,False,False,False,False,False,False,False,False,False,False,False,False,33.8027920380556,-117.4659261431046,792.5,2972.0,1049.4,396.9,True,1,1,False,False,False,False,,True,False,False,Course Lock,196.8,67,16.4,93,E,SW,6.26,6.93,Calm,False,False,Android,7.0.2,M300 RTK,1ZN7L4R0H1D00F,1W9DL31001461C,1ZMLH8300204F0,1Z6PH74DAP0QN7,"Corona, CA",728.3,5.7,137.7,8.547347,2.013246,0,0,DJI Matrice 300 RTK,M300 RTK,1ZN7L4R0H1D00F,1W9DL31001461C,1ZMLH8300204F0,1Z6PH74DAP0QN7,DJI Pilot,Android,7.0.2,1EF72A62-B7C3-C88D-164E-CE6F8C8424AE,1ZN7L4R0H1D00F,1W9DL31001461C,,1ZMLH8300204F0,1W9DL31001461C,,,,,
2023-11-01,11:26:24.14 AM,2m 1.8s,121.8,33.8011842978244,-117.467687924248,65.9,65.9,16.4,1330,815.2,4.905992,6.085134,-2.013246,0,-4.47388,1.342164,-0.223694,0,0.9,-0.7,1.1,-113.8,246.2,244.9,Tripod,Other,,22,5,True,,True,False,,Smart,RC,False,True,False,,,True,,False,False,False,False,False,False,False,False,False,False,0,Follow Yaw,-88.9,0,-121.7,238.3,False,False,False,False,False,,0,0,False,False,No Card,100,100,1024,1308,1210,1024,2,False,False,False,False,False,0,False,False,False,False,93,,47.52,,9339,,10044,,47.52,,True,3.96,3.96,3.96,3.96,3.96,3.96,3.96,3.96,3.96,3.96,3.96,3.96,0,,False,False,True,,,,,,,,,,,,,,,False,False,19.528,,84.2,,75.7,,84.2,,1755,49,6,16,7,146687.7,19558.36,,Idle,,20,,10,,,20,Go Home,False,False,False,False,False,False,False,False,False,False,False,False,33.8027920380556,-117.4659261431046,793.2,2972.0,1049.4,396.9,True,1,1,False,False,False,False,,True,False,False,Course Lock,196.8,67,16.4,93,E,SW,6.26,6.93,Calm,False,False,Android,7.0.2,M300 RTK,1ZN7L4R0H1D00F,1W9DL31001461C,1ZMLH8300204F0,1Z6PH74DAP0QN7,"Corona, CA",728.3,5.7,137.7,8.547347,2.013246,0,0,DJI Matrice 300 RTK,M300 RTK,1ZN7L4R0H1D00F,1W9DL31001461C,1ZMLH8300204F0,1Z6PH74DAP0QN7,DJI Pilot,Android,7.0.2,1EF72A62-B7C3-C88D-164E-CE6F8C8424AE,1ZN7L4R0H1D00F,1W9DL31001461C,,1ZMLH8300204F0,1W9DL31001461C,,,,,
2023-11-01,11:26:24.25 AM,2m 1.9s,121.9,33.801183488595,-117.4676902649681,66.2,66.2,16.4,1330,816.0,4.702897,6.085134,-2.013246,0,-4.250186,1.342164,-0.223694,0,0.8,-0.6,1,-113.7,246.3,247.4,Tripod,Other,,22,5,True,,True,False,,Smart,RC,False,True,False,,,True,,False,False,False,False,False,False,False,False,False,False,0,Follow Yaw,-88.9,0,-121.7,238.3,False,False,False,False,False,,0,0,False,False,No Card,100,100,1024,1307,1212,1024,2,False,False,False,False,False,0,False,False,False,False,93,,47.52,,9339,,10044,,47.52,,True,3.96,3.96,3.96,3.96,3.96,3.96,3.96,3.96,3.96,3.96,3.96,3.96,0,,False,False,True,,,,,,,,,,,,,,,False,False,19.528,,84.2,,75.7,,84.2,,1755,49,6,16,7,146687.7,19558.36,,Idle,,20,,10,,,20,Go Home,False,False,False,False,False,False,False,False,False,False,False,False,33.8027920380556,-117.4659261431046,793.9,2972.0,1049.4,396.9,True,1,1,False,False,False,False,,True,False,False,Course Lock,196.8,67,16.4,93,E,SW,6.26,6.93,Calm,False,False,Android,7.0.2,M300 RTK,1ZN7L4R0H1D00F,1W9DL31001461C,1ZMLH8300204F0,1Z6PH74DAP0QN7,"Corona, CA",728.3,5.7,137.7,8.547347,2.013246,0,0,DJI Matrice 300 RTK,M300 RTK,1ZN7L4R0H1D00F,1W9DL31001461C,1ZMLH8300204F0,1Z6PH74DAP0QN7,DJI Pilot,Android,7.0.2,1EF72A62-B7C3-C88D-164E-CE6F8C8424AE,1ZN7L4R0H1D00F,1W9DL31001461C,,1ZMLH8300204F0,1W9DL31001461C,,,,,
2023-11-01,11:26:24.35 AM,2m 2.0s,122.0,33.8011826442772,-117.4676924387766,66.2,66.2,16.4,1330,816.7,4.702897,6.085134,-2.013246,0,-4.250186,1.342164,-0.223694,0,0.7,-0.4,0.8,-113.7,246.3,244.9,Tripod,Other,,21,5,True,,True,False,,Smart,RC,False,True,False,,,True,,False,False,False,False,False,False,False,False,False,False,0,Follow Yaw,-88.9,0,-121.7,238.3,False,False,False,False,False,,0,0,False,False,No Card,100,100,1024,1307,1212,1024,2,False,False,False,False,False,0,False,False,False,False,93,,47.544,,9339,,10044,,47.544,,True,3.96,3.96,3.96,3.96,3.96,3.96,3.96,3.96,3.96,3.96,3.96,3.96,0,,False,False,True,,,,,,,,,,,,,,,False,False,19.448,,84.2,,75.7,,84.2,,1755,49,6,16,7,146687.7,19558.36,,Idle,,20,,10,,,20,Go Home,False,False,False,False,False,False,False,False,False,False,False,False,33.8027920380556,-117.4659261431046,794.6,2972.0,1049.4,396.9,True,1,1,False,False,False,False,,True,False,False,Course Lock,196.8,67,16.4,93,E,SW,6.26,6.93,Calm,False,False,Android,7.0.2,M300 RTK,1ZN7L4R0H1D00F,1W9DL31001461C,1ZMLH8300204F0,1Z6PH74DAP0QN7,"Corona, CA",728.3,5.7,137.7,8.547347,2.013246,0,0,DJI Matrice 300 RTK,M300 RTK,1ZN7L4R0H1D00F,1W9DL31001461C,1ZMLH8300204F0,1Z6PH74DAP0QN7,DJI Pilot,Android,7.0.2,1EF72A62-B7C3-C88D-164E-CE6F8C8424AE,1ZN7L4R0H1D00F,1W9DL31001461C,,1ZMLH8300204F0,1W9DL31001461C,,,,,
2023-11-01,11:26:24.45 AM,2m 2.1s,122.1,33.8011817961215,-117.4676947504686,66.2,66.2,16.4,1330,817.5,4.702897,6.085134,-2.013246,0,-4.250186,1.342164,-0.223694,0,0.5,-0.4,0.6,-113.8,246.2,246.1,Tripod,Other,,21,5,True,,True,False,,Smart,RC,False,True,False,,,True,,False,False,False,False,False,False,False,False,False,False,0,Follow Yaw,-88.9,0,-121.7,238.3,False,False,False,False,False,,0,0,False,False,No Card,100,100,1024,1308,1212,1024,2,False,False,False,False,False,0,False,False,False,False,93,,47.544,,9339,,10044,,47.544,,True,3.96,3.96,3.96,3.96,3.96,3.96,3.96,3.96,3.96,3.96,3.96,3.96,0,,False,False,True,,,,,,,,,,,,,,,False,False,19.448,,84.2,,75.7,,84.2,,1755,49,6,16,7,146687.7,19558.36,,Idle,,20,,10,,,20,Go Home,False,False,False,False,False,False,False,False,False,False,False,False,33.8027920380556,-117.4659261431046,795.3,2972.0,1049.4,396.9,True,1,1,False,False,False,False,,True,False,False,Course Lock,196.8,67,16.4,93,E,SW,6.26,6.93,Calm,False,False,Android,7.0.2,M300 RTK,1ZN7L4R0H1D00F,1W9DL31001461C,1ZMLH8300204F0,1Z6PH74DAP0QN7,"Corona, CA",728.3,5.7,137.7,8.547347,2.013246,0,0,DJI Matrice 300 RTK,M300 RTK,1ZN7L4R0H1D00F,1W9DL31001461C,1ZMLH8300204F0,1Z6PH74DAP0QN7,DJI Pilot,Android,7.0.2,1EF72A62-B7C3-C88D-164E-CE6F8C8424AE,1ZN7L4R0H1D00F,1W9DL31001461C,,1ZMLH8300204F0,1W9DL31001461C,,,,,
2023-11-01,11:26:24.55 AM,2m 2.2s,122.2,33.8011809518036,-117.4676969275759,66.2,66.2,16.4,1330,818.2,4.702897,6.085134,-2.013246,0,-4.250186,1.342164,-0.223694,0,0.4,-0.4,0.5,-113.7,246.3,244.9,Tripod,Other,,21,5,True,,True,False,,Smart,RC,False,True,False,,,True,,False,False,False,False,False,False,False,False,False,False,0,Follow Yaw,-88.9,0,-121.7,238.3,False,False,False,False,False,,0,0,False,False,No Card,100,100,1024,1309,1215,1024,2,False,False,False,False,False,0,False,False,False,False,93,,47.544,,9339,,10044,,47.544,,True,3.96,3.96,3.96,3.96,3.96,3.96,3.96,3.96,3.96,3.96,3.96,3.96,0,,False,False,True,,,,,,,,,,,,,,,False,False,19.448,,84.2,,75.7,,84.2,,1755,49,6,16,7,146687.7,19558.36,,Idle,,20,,10,,,20,Go Home,False,False,False,False,False,False,False,False,False,False,False,False,33.8027920380556,-117.4659261431046,795.9,2972.0,1049.4,396.9,True,1,1,False,False,False,False,,True,False,False,Course Lock,196.8,67,16.4,93,E,SW,6.26,6.93,Calm,False,False,Android,7.0.2,M300 RTK,1ZN7L4R0H1D00F,1W9DL31001461C,1ZMLH8300204F0,1Z6PH74DAP0QN7,"Corona, CA",728.3,5.7,137.7,8.547347,2.013246,0,0,DJI Matrice 300 RTK,M300 RTK,1ZN7L4R0H1D00F,1W9DL31001461C,1ZMLH8300204F0,1Z6PH74DAP0QN7,DJI Pilot,Android,7.0.2,1EF72A62-B7C3-C88D-164E-CE6F8C8424AE,1ZN7L4R0H1D00F,1W9DL31001461C,,1ZMLH8300204F0,1W9DL31001461C,,,,,
2023-11-01,11:26:24.66 AM,2m 2.3s,122.3,33.8011800893932,-117.4676989562439,66.2,66.2,16.4,1330,818.9,4.702897,6.085134,-2.013246,0,-4.250186,1.342164,-0.223694,0,0.4,-0.4,0.5,-113.7,246.3,242.9,Tripod,Other,,21,5,True,,True,False,,Smart,RC,False,True,False,,,True,,False,False,False,False,False,False,False,False,False,False,0,Follow Yaw,-88.9,0,-121.7,238.3,False,False,False,False,False,,0,0,False,False,No Card,100,100,1024,1308,1215,1024,2,False,False,False,False,False,0,False,False,False,False,93,,47.544,,9339,,10044,,47.544,,True,3.963,3.963,3.963,3.963,3.963,3.963,3.963,3.963,3.963,3.963,3.963,3.963,0,,False,False,True,,,,,,,,,,,,,,,False,False,19.448,,84.2,,75.7,,84.2,,1750,49,6,16,7,146972.0,19596.26,,Idle,,20,,10,,,20,Go Home,False,False,False,False,False,False,False,False,False,False,False,False,33.8027920380556,-117.4659261431046,796.6,2972.0,1049.4,396.9,True,1,1,False,False,False,False,,True,False,False,Course Lock,196.8,67,16.4,93,E,SW,6.26,6.93,Calm,False,False,Android,7.0.2,M300 RTK,1ZN7L4R0H1D00F,1W9DL31001461C,1ZMLH8300204F0,1Z6PH74DAP0QN7,"Corona, CA",728.3,5.7,137.7,8.547347,2.013246,0,0,DJI Matrice 300 RTK,M300 RTK,1ZN7L4R0H1D00F,1W9DL31001461C,1ZMLH8300204F0,1Z6PH74DAP0QN7,DJI Pilot,Android,7.0.2,1EF72A62-B7C3-C88D-164E-CE6F8C8424AE,1ZN7L4R0H1D00F,1W9DL31001461C,,1ZMLH8300204F0,1W9DL31001461C,,,,,
2023-11-01,11:26:24.76 AM,2m 2.4s,122.4,33.8011792450753,-117.4677011201566,66.2,66.2,16.4,1330,819.6,4.702897,6.085134,-2.013246,0,-4.250186,1.342164,-0.223694,0,0.4,-0.4,0.5,-113.6,246.4,244.8,Tripod,Other,,21,5,True,,True,False,,Smart,RC,False,True,False,,,True,,False,False,False,False,False,False,False,False,False,False,0,Follow Yaw,-88.9,0,-121.7,238.3,False,False,False,False,False,,0,0,False,False,No Card,100,100,1024,1308,1215,1024,2,False,False,False,False,False,0,False,False,False,False,93,,47.544,,9339,,10044,,47.544,,True,3.963,3.963,3.963,3.963,3.963,3.963,3.963,3.963,3.963,3.963,3.963,3.963,0,,False,False,True,,,,,,,,,,,,,,,False,False,19.448,,84.2,,75.7,,84.2,,1750,49,6,16,7,146972.0,19596.26,,Idle,,20,,10,,,20,Go Home,False,False,False,False,False,False,False,False,False,False,False,False,33.8027920380556,-117.4659261431046,797.3,2972.0,1049.4,396.9,True,1,1,False,False,False,False,,True,False,False,Course Lock,196.8,67,16.4,93,E,SW,6.26,6.93,Calm,False,False,Android,7.0.2,M300 RTK,1ZN7L4R0H1D00F,1W9DL31001461C,1ZMLH8300204F0,1Z6PH74DAP0QN7,"Corona, CA",728.3,5.7,137.7,8.547347,2.013246,0,0,DJI Matrice 300 RTK,M300 RTK,1ZN7L4R0H1D00F,1W9DL31001461C,1ZMLH8300204F0,1Z6PH74DAP0QN7,DJI Pilot,Android,7.0.2,1EF72A62-B7C3-C88D-164E-CE6F8C8424AE,1ZN7L4R0H1D00F,1W9DL31001461C,,1ZMLH8300204F0,1W9DL31001461C,,,,,
2023-11-01,11:26:24.86 AM,2m 2.5s,122.5,33.8011783958231,-117.4677032240338,66.6,66.6,16.4,1330,820.3,4.702897,6.085134,-2.013246,0,-4.250186,1.342164,-0.223694,0,0.5,-0.4,0.6,-113.6,246.4,244.0,Tripod,Other,,21,5,True,,True,False,,Smart,RC,False,True,False,,,True,,False,False,False,False,False,False,False,False,False,False,0,Follow Yaw,-88.9,0,-121.7,238.3,False,False,False,False,False,,0,0,False,False,No Card,100,100,1024,1307,1215,1024,2,False,False,False,False,False,0,False,False,False,False,93,,47.544,,9339,,10044,,47.544,,True,3.963,3.963,3.963,3.963,3.963,3.963,3.963,3.963,3.963,3.963,3.963,3.963,0,,False,False,True,,,,,,,,,,,,,,,False,False,19.448,,84.2,,75.7,,84.2,,1750,49,6,16,7,146972.0,19596.26,,Idle,,20,,10,,,20,Go Home,False,False,False,False,False,False,False,False,False,False,False,False,33.8027920380556,-117.4659261431046,797.9,2972.0,1049.4,396.9,True,1,1,False,False,False,False,,True,False,False,Course Lock,196.8,67,16.4,93,E,SW,6.26,6.93,Calm,False,False,Android,7.0.2,M300 RTK,1ZN7L4R0H1D00F,1W9DL31001461C,1ZMLH8300204F0,1Z6PH74DAP0QN7,"Corona, CA",728.3,5.7,137.7,8.547347,2.013246,0,0,DJI Matrice 300 RTK,M300 RTK,1ZN7L4R0H1D00F,1W9DL31001461C,1ZMLH8300204F0,1Z6PH74DAP0QN7,DJI Pilot,Android,7.0.2,1EF72A62-B7C3-C88D-164E-CE6F8C8424AE,1ZN7L4R0H1D00F,1W9DL31001461C,,1ZMLH8300204F0,1W9DL31001461C,,,,,
2023-11-01,11:26:24.97 AM,2m 2.6s,122.6,33.8011775515052,-117.4677053740922,66.6,66.6,16.4,1330,821.1,4.702897,6.085134,-2.013246,0,-4.250186,1.342164,-0.223694,0,0.5,-0.4,0.6,-113.5,246.5,244.7,Tripod,Other,,21,5,True,,True,False,,Smart,RC,False,True,False,,,True,,False,False,False,False,False,False,False,False,False,False,0,Follow Yaw,-88.9,0,-121.7,238.3,False,False,False,False,False,,0,0,False,False,No Card,100,100,1024,1307,1214,1024,2,False,False,False,False,False,0,False,False,False,False,93,,47.544,,9339,,10044,,47.544,,True,3.963,3.963,3.963,3.963,3.963,3.963,3.963,3.963,3.963,3.963,3.963,3.963,0,,False,False,True,,,,,,,,,,,,,,,False,False,19.448,,84.2,,75.7,,84.2,,1750,49,6,16,7,146972.0,19596.26,,Idle,,20,,10,,,20,Go Home,False,False,False,False,False,False,False,False,False,False,False,False,33.8027920380556,-117.4659261431046,798.6,2972.0,1049.4,396.9,True,1,1,False,False,False,False,,True,False,False,Course Lock,196.8,67,16.4,93,E,SW,6.26,6.93,Calm,False,False,Android,7.0.2,M300 RTK,1ZN7L4R0H1D00F,1W9DL31001461C,1ZMLH8300204F0,1Z6PH74DAP0QN7,"Corona, CA",728.3,5.7,137.7,8.547347,2.013246,0,0,DJI Matrice 300 RTK,M300 RTK,1ZN7L4R0H1D00F,1W9DL31001461C,1ZMLH8300204F0,1Z6PH74DAP0QN7,DJI Pilot,Android,7.0.2,1EF72A62-B7C3-C88D-164E-CE6F8C8424AE,1ZN7L4R0H1D00F,1W9DL31001461C,,1ZMLH8300204F0,1W9DL31001461C,,,,,
2023-11-01,11:26:25.07 AM,2m 2.7s,122.7,33.8011768563136,-117.4677076455407,66.6,66.6,16.0,1330,821.8,4.611569,6.085134,-1.789552,0,-4.250186,1.342164,-0.223694,0,0.4,-0.3,0.5,-113.5,246.5,249.7,Tripod,Other,,21,5,True,,True,False,,Smart,RC,False,True,False,,,True,,False,False,False,False,False,False,False,False,False,False,0,Follow Yaw,-88.9,0,-121.7,238.3,False,False,False,False,False,,0,0,False,False,No Card,100,100,1024,1307,1214,1024,2,False,False,False,False,False,0,False,False,False,False,93,,47.532,,4636,,4986,,47.532,,True,3.963,3.963,3.963,3.963,3.963,3.963,3.963,3.963,3.963,3.963,3.963,3.963,0,,False,False,True,,,,,,,,,,,,,,,False,False,9.514,,83.1,,75.7,,84.2,,1750,49,6,16,7,146972.0,19596.26,,Idle,,20,,10,,,20,Go Home,False,False,False,False,False,False,False,False,False,False,False,False,33.8027920380556,-117.4659261431046,799.2,2972.0,1049.4,396.9,True,1,1,False,False,False,False,,True,False,False,Course Lock,196.8,67,16.4,93,E,SW,6.26,6.93,Calm,False,False,Android,7.0.2,M300 RTK,1ZN7L4R0H1D00F,1W9DL31001461C,1ZMLH8300204F0,1Z6PH74DAP0QN7,"Corona, CA",728.3,5.7,137.7,8.547347,2.013246,0,0,DJI Matrice 300 RTK,M300 RTK,1ZN7L4R0H1D00F,1W9DL31001461C,1ZMLH8300204F0,1Z6PH74DAP0QN7,DJI Pilot,Android,7.0.2,1EF72A62-B7C3-C88D-164E-CE6F8C8424AE,1ZN7L4R0H1D00F,1W9DL31001461C,,1ZMLH8300204F0,1W9DL31001461C,,,,,
2023-11-01,11:26:25.17 AM,2m 2.8s,122.8,33.8011760333778,-117.4677098094533,66.6,66.6,16.4,1330,822.5,4.611569,6.085134,-1.789552,0,-4.250186,1.342164,-0.223694,0,0.3,-0.4,0.5,-113.5,246.5,245.4,Tripod,Other,,21,5,True,,True,False,,Smart,RC,False,True,False,,,True,,False,False,False,False,False,False,False,False,False,False,0,Follow Yaw,-88.9,0,-121.7,238.3,False,False,False,False,False,,0,0,False,False,No Card,100,100,1024,1307,1215,1024,2,False,False,False,False,False,0,False,False,False,False,93,,47.532,,4636,,4986,,47.532,,True,3.963,3.963,3.963,3.963,3.963,3.963,3.963,3.963,3.963,3.963,3.963,3.963,0,,False,False,True,,,,,,,,,,,,,,,False,False,9.514,,83.1,,75.7,,84.2,,1750,49,6,16,7,146972.0,19596.26,,Idle,,20,,10,,,20,Go Home,False,False,False,False,False,False,False,False,False,False,False,False,33.8027920380556,-117.4659261431046,799.9,2972.0,1049.4,396.9,True,1,1,False,False,False,False,,True,False,False,Course Lock,196.8,67,16.4,93,E,SW,6.26,6.93,Calm,False,False,Android,7.0.2,M300 RTK,1ZN7L4R0H1D00F,1W9DL31001461C,1ZMLH8300204F0,1Z6PH74DAP0QN7,"Corona, CA",728.3,5.7,137.7,8.547347,2.013246,0,0,DJI Matrice 300 RTK,M300 RTK,1ZN7L4R0H1D00F,1W9DL31001461C,1ZMLH8300204F0,1Z6PH74DAP0QN7,DJI Pilot,Android,7.0.2,1EF72A62-B7C3-C88D-164E-CE6F8C8424AE,1ZN7L4R0H1D00F,1W9DL31001461C,,1ZMLH8300204F0,1W9DL31001461C,,,,,
2023-11-01,11:26:25.28 AM,2m 2.9s,122.9,33.8011751660331,-117.4677119482962,66.6,66.6,16.4,1330,823.2,4.611569,6.085134,-1.789552,0,-4.250186,1.342164,-0.223694,0,0.2,-0.5,0.5,-113.5,246.5,243.9,Tripod,Other,,21,5,True,,True,False,,Smart,RC,False,True,False,,,True,,False,False,False,False,False,False,False,False,False,False,0,Follow Yaw,-88.9,0,-121.7,238.3,False,False,False,False,False,,0,0,False,False,No Card,100,100,1024,1307,1214,1024,2,False,False,False,False,False,0,False,False,False,False,93,,47.532,,4636,,4986,,47.532,,True,3.963,3.963,3.963,3.963,3.963,3.963,3.963,3.963,3.963,3.963,3.963,3.963,0,,False,False,True,,,,,,,,,,,,,,,False,False,9.514,,83.1,,75.7,,84.2,,1750,49,6,16,7,146972.0,19596.26,,Idle,,20,,10,,,20,Go Home,False,False,False,False,False,False,False,False,False,False,False,False,33.8027920380556,-117.4659261431046,800.6,2972.0,1049.4,396.9,True,1,1,False,False,False,False,,True,False,False,Course Lock,196.8,67,16.4,93,E,SW,6.26,6.93,Calm,False,False,Android,7.0.2,M300 RTK,1ZN7L4R0H1D00F,1W9DL31001461C,1ZMLH8300204F0,1Z6PH74DAP0QN7,"Corona, CA",728.3,5.7,137.7,8.547347,2.013246,0,0,DJI Matrice 300 RTK,M300 RTK,1ZN7L4R0H1D00F,1W9DL31001461C,1ZMLH8300204F0,1Z6PH74DAP0QN7,DJI Pilot,Android,7.0.2,1EF72A62-B7C3-C88D-164E-CE6F8C8424AE,1ZN7L4R0H1D00F,1W9DL31001461C,,1ZMLH8300204F0,1W9DL31001461C,,,,,
2023-11-01,11:26:25.38 AM,2m 3.0s,123.0,33.8011743436456,-117.4677141122089,66.6,66.6,16.0,1330,824.0,4.611569,6.085134,-1.789552,0,-4.250186,1.342164,-0.223694,0,0.3,-0.5,0.5,-113.4,246.6,245.4,Tripod,Other,,21,5,True,,True,False,,Smart,RC,False,True,False,,,True,,False,False,False,False,False,False,False,False,False,False,0,Follow Yaw,-88.9,0,-121.7,238.3,False,False,False,False,False,,0,0,False,False,No Card,100,100,1024,1307,1214,1024,2,False,False,False,False,False,0,False,False,False,False,93,,47.592,,9339,,10044,,47.592,,True,3.963,3.963,3.963,3.963,3.963,3.963,3.963,3.963,3.963,3.963,3.963,3.963,0,,False,False,True,,,,,,,,,,,,,,,False,False,18.84,,84.2,,75.7,,84.2,,1750,49,6,16,7,146972.0,19596.26,,Idle,,20,,10,,,20,Go Home,False,False,False,False,False,False,False,False,False,False,False,False,33.8027920380556,-117.4659261431046,801.2,2972.0,1049.4,396.9,True,1,1,False,False,False,False,,True,False,False,Course Lock,196.8,67,16.4,93,E,SW,6.26,6.93,Calm,False,False,Android,7.0.2,M300 RTK,1ZN7L4R0H1D00F,1W9DL31001461C,1ZMLH8300204F0,1Z6PH74DAP0QN7,"Corona, CA",728.3,5.7,137.7,8.547347,2.013246,0,0,DJI Matrice 300 RTK,M300 RTK,1ZN7L4R0H1D00F,1W9DL31001461C,1ZMLH8300204F0,1Z6PH74DAP0QN7,DJI Pilot,Android,7.0.2,1EF72A62-B7C3-C88D-164E-CE6F8C8424AE,1ZN7L4R0H1D00F,1W9DL31001461C,,1ZMLH8300204F0,1W9DL31001461C,,,,,
2023-11-01,11:26:25.44 AM,2m 3.1s,123.1,33.8011736270719,-117.4677163764004,66.6,66.6,16.0,1330,824.7,4.702897,6.085134,-2.013246,0,-4.250186,1.342164,-0.223694,0,0.3,-0.6,0.6,-113.4,246.6,249.1,Tripod,Other,,21,5,True,,True,False,,Smart,RC,False,True,False,,,True,,False,False,False,False,False,False,False,False,False,False,0,Follow Yaw,-88.9,0,-121.7,238.3,False,False,False,False,False,,0,0,False,False,No Card,100,100,1024,1307,1214,1024,2,False,False,False,False,False,0,False,False,False,False,93,,47.592,,9339,,10044,,47.592,,True,3.963,3.963,3.963,3.963,3.963,3.963,3.963,3.963,3.963,3.963,3.963,3.963,0,,False,False,True,,,,,,,,,,,,,,,False,False,18.84,,84.2,,75.7,,84.2,,1750,49,6,16,7,146972.0,19596.26,,Idle,,20,,10,,,20,Go Home,False,False,False,False,False,False,False,False,False,False,False,False,33.8027920380556,-117.4659261431046,801.9,2972.0,1049.4,396.9,True,1,1,False,False,False,False,,True,False,False,Course Lock,196.8,67,16.4,93,E,SW,6.26,6.93,Calm,False,False,Android,7.0.2,M300 RTK,1ZN7L4R0H1D00F,1W9DL31001461C,1ZMLH8300204F0,1Z6PH74DAP0QN7,"Corona, CA",728.3,5.7,137.7,8.547347,2.013246,0,0,DJI Matrice 300 RTK,M300 RTK,1ZN7L4R0H1D00F,1W9DL31001461C,1ZMLH8300204F0,1Z6PH74DAP0QN7,DJI Pilot,Android,7.0.2,1EF72A62-B7C3-C88D-164E-CE6F8C8424AE,1ZN7L4R0H1D00F,1W9DL31001461C,,1ZMLH8300204F0,1W9DL31001461C,,,,,
2023-11-01,11:26:25.54 AM,2m 3.2s,123.2,33.8011728156495,-117.467718550209,66.9,66.9,16.0,1331,825.4,4.702897,6.085134,-2.013246,0,-4.250186,1.342164,-0.223694,0,0.3,-0.5,0.5,-113.4,246.6,245.8,Tripod,Other,,21,5,True,,True,False,,Smart,RC,False,True,False,,,True,,False,False,False,False,False,False,False,False,False,False,0,Follow Yaw,-88.9,0,-121.7,238.3,False,False,False,False,False,,0,0,False,False,No Card,100,100,1024,1307,1214,1024,2,False,False,False,False,False,0,False,False,False,False,93,,47.592,,9339,,10044,,47.592,,True,3.963,3.963,3.963,3.963,3.963,3.963,3.963,3.963,3.963,3.963,3.963,3.963,0,,False,False,True,,,,,,,,,,,,,,,False,False,18.84,,84.2,,75.7,,84.2,,1750,49,6,16,7,146972.0,19596.26,,Idle,,20,,10,,,20,Go Home,False,False,False,False,False,False,False,False,False,False,False,False,33.8027920380556,-117.4659261431046,802.6,2972.0,1049.4,396.9,True,1,1,False,False,False,False,,True,False,False,Course Lock,196.8,67,16.4,93,E,SW,6.26,6.93,Calm,False,False,Android,7.0.2,M300 RTK,1ZN7L4R0H1D00F,1W9DL31001461C,1ZMLH8300204F0,1Z6PH74DAP0QN7,"Corona, CA",728.3,5.7,137.7,8.547347,2.013246,0,0,DJI Matrice 300 RTK,M300 RTK,1ZN7L4R0H1D00F,1W9DL31001461C,1ZMLH8300204F0,1Z6PH74DAP0QN7,DJI Pilot,Android,7.0.2,1EF72A62-B7C3-C88D-164E-CE6F8C8424AE,1ZN7L4R0H1D00F,1W9DL31001461C,,1ZMLH8300204F0,1W9DL31001461C,,,,,
2023-11-01,11:26:25.64 AM,2m 3.3s,123.3,33.8011718923824,-117.4677206580446,66.9,66.9,16.0,1331,826.1,4.702897,6.085134,-2.013246,0,-4.250186,1.342164,-0.223694,0,0.4,-0.5,0.6,-113.4,246.6,242.2,Tripod,Other,,21,5,True,,True,False,,Smart,RC,False,True,False,,,True,,False,False,False,False,False,False,False,False,False,False,0,Follow Yaw,-88.9,0,-121.7,238.3,False,False,False,False,False,,0,0,False,False,No Card,100,100,1024,1307,1213,1024,2,False,False,False,False,False,0,False,False,False,False,93,,47.592,,9339,,10044,,47.592,,True,3.963,3.963,3.963,3.963,3.963,3.963,3.963,3.963,3.963,3.963,3.963,3.963,0,,False,False,True,,,,,,,,,,,,,,,False,False,18.84,,84.2,,75.7,,84.2,,1746,49,6,16,7,146985.4,19598.05,,Idle,,20,,10,,,20,Go Home,False,False,False,False,False,False,False,False,False,False,False,False,33.8027920380556,-117.4659261431046,803.2,2972.0,1049.4,396.9,True,1,1,False,False,False,False,,True,False,False,Course Lock,196.8,67,16.4,93,E,SW,6.26,6.93,Calm,False,False,Android,7.0.2,M300 RTK,1ZN7L4R0H1D00F,1W9DL31001461C,1ZMLH8300204F0,1Z6PH74DAP0QN7,"Corona, CA",728.3,5.7,137.7,8.547347,2.013246,0,0,DJI Matrice 300 RTK,M300 RTK,1ZN7L4R0H1D00F,1W9DL31001461C,1ZMLH8300204F0,1Z6PH74DAP0QN7,DJI Pilot,Android,7.0.2,1EF72A62-B7C3-C88D-164E-CE6F8C8424AE,1ZN7L4R0H1D00F,1W9DL31001461C,,1ZMLH8300204F0,1W9DL31001461C,,,,,
2023-11-01,11:26:25.74 AM,2m 3.4s,123.4,33.8011710699949,-117.4677228219572,66.9,66.9,16.0,1331,826.9,4.702897,6.085134,-2.013246,0,-4.250186,1.342164,-0.223694,0,0.4,-0.5,0.6,-113.4,246.6,245.4,Tripod,Other,,21,5,True,,True,False,,Smart,RC,False,True,False,,,True,,False,False,False,False,False,False,False,False,False,False,0,Follow Yaw,-88.9,0,-121.7,238.3,False,False,False,False,False,,0,0,False,False,No Card,100,100,1024,1307,1215,1024,2,False,False,False,False,False,0,False,False,False,False,93,,47.592,,9339,,10044,,47.592,,True,3.963,3.963,3.963,3.963,3.963,3.963,3.963,3.963,3.963,3.963,3.963,3.963,0,,False,False,True,,,,,,,,,,,,,,,False,False,18.84,,84.2,,75.7,,84.2,,1746,49,6,16,7,146985.4,19598.05,,Idle,,20,,10,,,20,Go Home,False,False,False,False,False,False,False,False,False,False,False,False,33.8027920380556,-117.4659261431046,803.9,2972.0,1049.4,396.9,True,1,1,False,False,False,False,,True,False,False,Course Lock,196.8,67,16.4,93,E,SW,6.26,6.93,Calm,False,False,Android,7.0.2,M300 RTK,1ZN7L4R0H1D00F,1W9DL31001461C,1ZMLH8300204F0,1Z6PH74DAP0QN7,"Corona, CA",728.3,5.7,137.7,8.547347,2.013246,0,0,DJI Matrice 300 RTK,M300 RTK,1ZN7L4R0H1D00F,1W9DL31001461C,1ZMLH8300204F0,1Z6PH74DAP0QN7,DJI Pilot,Android,7.0.2,1EF72A62-B7C3-C88D-164E-CE6F8C8424AE,1ZN7L4R0H1D00F,1W9DL31001461C,,1ZMLH8300204F0,1W9DL31001461C,,,,,
2023-11-01,11:26:25.84 AM,2m 3.5s,123.5,33.8011703397148,-117.4677249621196,66.9,66.9,16.0,1331,827.6,4.702897,6.085134,-2.013246,0,-4.250186,1.342164,-0.223694,0,0.4,-0.4,0.5,-113.4,246.6,247.6,Tripod,Other,,21,5,True,,True,False,,Smart,RC,False,True,False,,,True,,False,False,False,False,False,False,False,False,False,False,0,Follow Yaw,-88.9,0,-121.7,238.3,False,False,False,False,False,,0,0,False,False,No Card,100,100,1024,1308,1214,1024,2,False,False,False,False,False,0,False,False,False,False,93,,47.592,,9339,,10044,,47.592,,True,3.963,3.963,3.963,3.963,3.963,3.963,3.963,3.963,3.963,3.963,3.963,3.963,0,,False,False,True,,,,,,,,,,,,,,,False,False,18.84,,84.2,,75.7,,84.2,,1746,49,6,16,7,146985.4,19598.05,,Idle,,20,,10,,,20,Go Home,False,False,False,False,False,False,False,False,False,False,False,False,33.8027920380556,-117.4659261431046,804.5,2972.0,1049.4,396.9,True,1,1,False,False,False,False,,True,False,False,Course Lock,196.8,67,16.4,93,E,SW,6.26,6.93,Calm,False,False,Android,7.0.2,M300 RTK,1ZN7L4R0H1D00F,1W9DL31001461C,1ZMLH8300204F0,1Z6PH74DAP0QN7,"Corona, CA",728.3,5.7,137.7,8.547347,2.013246,0,0,DJI Matrice 300 RTK,M300 RTK,1ZN7L4R0H1D00F,1W9DL31001461C,1ZMLH8300204F0,1Z6PH74DAP0QN7,DJI Pilot,Android,7.0.2,1EF72A62-B7C3-C88D-164E-CE6F8C8424AE,1ZN7L4R0H1D00F,1W9DL31001461C,,1ZMLH8300204F0,1W9DL31001461C,,,,,
2023-11-01,11:26:25.94 AM,2m 3.6s,123.6,33.8011695282924,-117.4677271121779,66.9,66.9,16.0,1331,828.3,4.702897,6.085134,-2.013246,0,-4.250186,1.342164,-0.223694,0,0.3,-0.4,0.5,-113.4,246.6,245.5,Tripod,Other,,21,5,True,,True,False,,Smart,RC,False,True,False,,,True,,False,False,False,False,False,False,False,False,False,False,0,Follow Yaw,-88.9,0,-121.7,238.3,False,False,False,False,False,,0,0,False,False,No Card,100,100,1024,1309,1214,1024,2,False,False,False,False,False,0,False,False,False,False,93,,47.592,,9339,,10044,,47.592,,True,3.963,3.963,3.963,3.963,3.963,3.963,3.963,3.963,3.963,3.963,3.963,3.963,0,,False,False,True,,,,,,,,,,,,,,,False,False,18.84,,84.2,,75.7,,84.2,,1746,49,6,16,7,146985.4,19598.05,,Idle,,20,,10,,,20,Go Home,False,False,False,False,False,False,False,False,False,False,False,False,33.8027920380556,-117.4659261431046,805.2,2972.0,1049.4,396.9,True,1,1,False,False,False,False,,True,False,False,Course Lock,196.8,67,16.4,93,E,SW,6.26,6.93,Calm,False,False,Android,7.0.2,M300 RTK,1ZN7L4R0H1D00F,1W9DL31001461C,1ZMLH8300204F0,1Z6PH74DAP0QN7,"Corona, CA",728.3,5.7,137.7,8.547347,2.013246,0,0,DJI Matrice 300 RTK,M300 RTK,1ZN7L4R0H1D00F,1W9DL31001461C,1ZMLH8300204F0,1Z6PH74DAP0QN7,DJI Pilot,Android,7.0.2,1EF72A62-B7C3-C88D-164E-CE6F8C8424AE,1ZN7L4R0H1D00F,1W9DL31001461C,,1ZMLH8300204F0,1W9DL31001461C,,,,,
2023-11-01,11:26:26.04 AM,2m 3.7s,123.7,33.8011684416443,-117.4677293842862,66.9,66.9,16.0,1331,829.1,4.702897,6.085134,-2.013246,0,-4.250186,1.342164,-0.223694,0,0.3,-0.3,0.4,-113.4,246.6,240.0,Tripod,Other,,21,5,True,,True,False,,Smart,RC,False,True,False,,,True,,False,False,False,False,False,False,False,False,False,False,0,Follow Yaw,-88.9,0,-121.7,238.3,False,False,False,False,False,,0,0,False,False,No Card,100,100,1024,1308,1216,1024,2,False,False,False,False,False,0,False,False,False,False,93,,47.592,,9339,,10044,,47.592,,True,3.963,3.963,3.963,3.963,3.963,3.963,3.963,3.963,3.963,3.963,3.963,3.963,0,,False,False,True,,,,,,,,,,,,,,,False,False,18.84,,84.2,,75.7,,84.2,,1746,49,6,16,7,146985.4,19598.05,,Idle,,20,,10,,,20,Go Home,False,False,False,False,False,False,False,False,False,False,False,False,33.8027920380556,-117.4659261431046,806.0,2972.0,1049.4,396.9,True,1,1,False,False,False,False,,True,False,False,Course Lock,196.8,67,16.4,93,E,SW,6.26,6.93,Calm,False,False,Android,7.0.2,M300 RTK,1ZN7L4R0H1D00F,1W9DL31001461C,1ZMLH8300204F0,1Z6PH74DAP0QN7,"Corona, CA",728.3,5.7,137.7,8.547347,2.013246,0,0,DJI Matrice 300 RTK,M300 RTK,1ZN7L4R0H1D00F,1W9DL31001461C,1ZMLH8300204F0,1Z6PH74DAP0QN7,DJI Pilot,Android,7.0.2,1EF72A62-B7C3-C88D-164E-CE6F8C8424AE,1ZN7L4R0H1D00F,1W9DL31001461C,,1ZMLH8300204F0,1W9DL31001461C,,,,,
2023-11-01,11:26:26.14 AM,2m 3.8s,123.8,33.8011676082916,-117.4677315481988,67.2,67.2,16.0,1331,829.8,4.702897,6.085134,-2.013246,0,-4.250186,1.342164,-0.223694,0,0.2,-0.2,0.2,-113.4,246.6,245.1,Tripod,Other,,21,5,True,,True,False,,Smart,RC,False,True,False,,,True,,False,False,False,False,False,False,False,False,False,False,0,Follow Yaw,-88.9,0,-121.7,238.3,False,False,False,False,False,,0,0,False,False,No Card,100,100,1024,1308,1216,1024,2,False,False,False,False,False,0,False,False,False,False,93,,47.592,,9339,,10044,,47.592,,True,3.963,3.963,3.963,3.963,3.963,3.963,3.963,3.963,3.963,3.963,3.963,3.963,0,,False,False,True,,,,,,,,,,,,,,,False,False,18.84,,84.2,,75.7,,84.2,,1746,49,6,16,7,146985.4,19598.05,,Idle,,20,,10,,,20,Go Home,False,False,False,False,False,False,False,False,False,False,False,False,33.8027920380556,-117.4659261431046,806.6,2972.0,1049.4,396.9,True,1,1,False,False,False,False,,True,False,False,Course Lock,196.8,67,16.4,93,E,SW,6.26,6.93,Calm,False,False,Android,7.0.2,M300 RTK,1ZN7L4R0H1D00F,1W9DL31001461C,1ZMLH8300204F0,1Z6PH74DAP0QN7,"Corona, CA",728.3,5.7,137.7,8.547347,2.013246,0,0,DJI Matrice 300 RTK,M300 RTK,1ZN7L4R0H1D00F,1W9DL31001461C,1ZMLH8300204F0,1Z6PH74DAP0QN7,DJI Pilot,Android,7.0.2,1EF72A62-B7C3-C88D-164E-CE6F8C8424AE,1ZN7L4R0H1D00F,1W9DL31001461C,,1ZMLH8300204F0,1W9DL31001461C,,,,,
2023-11-01,11:26:26.24 AM,2m 3.9s,123.9,33.8011668840423,-117.4677336646109,67.2,67.2,16.0,1331,830.5,4.611569,6.085134,-1.789552,0,-4.250186,1.342164,-0.223694,0,0.2,-0.2,0.2,-113.3,246.7,247.6,Tripod,Other,,21,5,True,,True,False,,Smart,RC,False,True,False,,,True,,False,False,False,False,False,False,False,False,False,False,0,Follow Yaw,-88.9,0,-121.7,238.3,False,False,False,False,False,,0,0,False,False,No Card,100,100,1024,1311,1227,1024,2,False,False,False,False,False,0,False,False,False,False,93,,47.592,,9339,,10044,,47.592,,True,3.963,3.963,3.963,3.963,3.963,3.963,3.963,3.963,3.963,3.963,3.963,3.963,0,,False,False,True,,,,,,,,,,,,,,,False,False,18.84,,84.2,,75.7,,84.2,,1746,49,6,16,7,146985.4,19598.05,,Idle,,20,,10,,,20,Go Home,False,False,False,False,False,False,False,False,False,False,False,False,33.8027920380556,-117.4659261431046,807.3,2972.0,1049.4,396.9,True,1,1,False,False,False,False,,True,False,False,Course Lock,196.8,67,16.4,93,E,SW,6.26,6.93,Calm,False,False,Android,7.0.2,M300 RTK,1ZN7L4R0H1D00F,1W9DL31001461C,1ZMLH8300204F0,1Z6PH74DAP0QN7,"Corona, CA",728.3,5.7,137.7,8.547347,2.013246,0,0,DJI Matrice 300 RTK,M300 RTK,1ZN7L4R0H1D00F,1W9DL31001461C,1ZMLH8300204F0,1Z6PH74DAP0QN7,DJI Pilot,Android,7.0.2,1EF72A62-B7C3-C88D-164E-CE6F8C8424AE,1ZN7L4R0H1D00F,1W9DL31001461C,,1ZMLH8300204F0,1W9DL31001461C,,,,,
2023-11-01,11:26:26.34 AM,2m 4.0s,124.0,33.8011660665891,-117.4677358291833,67.2,67.2,16.0,1331,831.2,4.611569,6.085134,-1.789552,0,-4.250186,1.342164,-0.223694,0,0.1,-0.1,0.1,-113.3,246.7,245.5,Tripod,Other,,21,5,True,,True,False,,Smart,RC,False,True,False,,,True,,False,False,False,False,False,False,False,False,False,False,0,Follow Yaw,-88.9,0,-121.7,238.3,False,False,False,False,False,,0,0,False,False,No Card,100,100,1024,1311,1213,1040,2,False,False,False,False,False,0,False,False,False,False,93,,47.652,,9339,,10044,,47.652,,True,3.963,3.963,3.963,3.963,3.963,3.963,3.963,3.963,3.963,3.963,3.963,3.963,0,,False,False,True,,,,,,,,,,,,,,,False,False,18.664,,84.3,,75.7,,84.3,,1746,49,6,16,7,146985.4,19598.05,,Idle,,20,,10,,,20,Go Home,False,False,False,False,False,False,False,False,False,False,False,False,33.8027920380556,-117.4659261431046,807.9,2972.0,1049.4,396.9,True,1,1,False,False,False,False,,True,False,False,Course Lock,196.8,67,16.4,93,E,SW,6.26,6.93,Calm,False,False,Android,7.0.2,M300 RTK,1ZN7L4R0H1D00F,1W9DL31001461C,1ZMLH8300204F0,1Z6PH74DAP0QN7,"Corona, CA",728.3,5.7,137.7,8.547347,2.013246,0,0,DJI Matrice 300 RTK,M300 RTK,1ZN7L4R0H1D00F,1W9DL31001461C,1ZMLH8300204F0,1Z6PH74DAP0QN7,DJI Pilot,Android,7.0.2,1EF72A62-B7C3-C88D-164E-CE6F8C8424AE,1ZN7L4R0H1D00F,1W9DL31001461C,,1ZMLH8300204F0,1W9DL31001461C,,,,,
2023-11-01,11:26:26.41 AM,2m 4.1s,124.1,33.8011651762175,-117.4677379429565,67.2,67.2,16.0,1331,831.9,4.611569,6.085134,-1.789552,0,-4.250186,1.342164,-0.223694,0,0.2,0,0.2,-113.3,246.7,243.1,Tripod,Other,,21,5,True,,True,False,,Smart,RC,False,True,False,,,True,,False,False,False,False,False,False,False,False,False,False,0,Follow Yaw,-88.9,0,-121.7,238.3,False,False,False,False,False,,0,0,False,False,No Card,100,100,1024,1310,1212,1048,2,False,False,False,False,False,0,False,False,False,False,93,,47.604,,4636,,4986,,47.604,,True,3.963,3.963,3.963,3.963,3.963,3.963,3.963,3.963,3.963,3.963,3.963,3.963,0,,False,False,True,,,,,,,,,,,,,,,False,False,9.122,,83.3,,75.7,,84.3,,1746,49,6,16,7,146985.4,19598.05,,Idle,,20,,10,,,20,Go Home,False,False,False,False,False,False,False,False,False,False,False,False,33.8027920380556,-117.4659261431046,808.6,2972.0,1049.4,396.9,True,1,1,False,False,False,False,,True,False,False,Course Lock,196.8,67,16.4,93,E,SW,6.26,6.93,Calm,False,False,Android,7.0.2,M300 RTK,1ZN7L4R0H1D00F,1W9DL31001461C,1ZMLH8300204F0,1Z6PH74DAP0QN7,"Corona, CA",728.3,5.7,137.7,8.547347,2.013246,0,0,DJI Matrice 300 RTK,M300 RTK,1ZN7L4R0H1D00F,1W9DL31001461C,1ZMLH8300204F0,1Z6PH74DAP0QN7,DJI Pilot,Android,7.0.2,1EF72A62-B7C3-C88D-164E-CE6F8C8424AE,1ZN7L4R0H1D00F,1W9DL31001461C,,1ZMLH8300204F0,1W9DL31001461C,,,,,
2023-11-01,11:26:26.54 AM,2m 4.2s,124.2,33.8011643604091,-117.4677401062094,67.2,67.2,16.0,1331,832.7,4.611569,6.085134,-1.789552,0,-4.250186,1.342164,-0.223694,0,0.2,0,0.2,-113.3,246.7,245.5,Tripod,Other,,21,5,True,,True,False,,Smart,RC,False,True,False,,,True,,False,False,False,False,False,False,False,False,False,False,0,Follow Yaw,-88.9,0,-121.7,238.3,False,False,False,False,False,,0,0,False,False,No Card,100,100,1024,1310,1212,1043,2,False,False,False,False,False,0,False,False,False,False,93,,47.604,,4636,,4986,,47.604,,True,3.963,3.963,3.963,3.963,3.963,3.963,3.963,3.963,3.963,3.963,3.963,3.963,0,,False,False,True,,,,,,,,,,,,,,,False,False,9.122,,83.3,,75.7,,84.3,,1746,49,6,16,7,146985.4,19598.05,,Idle,,20,,10,,,20,Go Home,False,False,False,False,False,False,False,False,False,False,False,False,33.8027920380556,-117.4659261431046,809.3,2972.0,1049.4,396.9,True,1,1,False,False,False,False,,True,False,False,Course Lock,196.8,67,16.4,93,E,SW,6.26,6.93,Calm,False,False,Android,7.0.2,M300 RTK,1ZN7L4R0H1D00F,1W9DL31001461C,1ZMLH8300204F0,1Z6PH74DAP0QN7,"Corona, CA",728.3,5.7,137.7,8.547347,2.013246,0,0,DJI Matrice 300 RTK,M300 RTK,1ZN7L4R0H1D00F,1W9DL31001461C,1ZMLH8300204F0,1Z6PH74DAP0QN7,DJI Pilot,Android,7.0.2,1EF72A62-B7C3-C88D-164E-CE6F8C8424AE,1ZN7L4R0H1D00F,1W9DL31001461C,,1ZMLH8300204F0,1W9DL31001461C,,,,,
2023-11-01,11:26:26.64 AM,2m 4.3s,124.3,33.8011634810027,-117.4677421183843,67.2,67.2,16.0,1331,833.3,4.611569,6.085134,-1.789552,0,-4.250186,1.342164,-0.223694,0,0.1,-0.1,0.1,-113.3,246.7,242.2,Tripod,Other,,21,5,True,,True,False,,Smart,RC,False,True,False,,,True,,False,False,False,False,False,False,False,False,False,False,0,Follow Yaw,-88.9,0,-121.7,238.3,False,False,False,False,False,,0,0,False,False,No Card,100,100,1024,1310,1214,1024,2,False,False,False,False,False,0,False,False,False,False,93,,47.604,,4636,,4986,,47.604,,True,3.969,3.969,3.969,3.969,3.969,3.969,3.969,3.969,3.969,3.969,3.969,3.969,0,,False,False,True,,,,,,,,,,,,,,,False,False,9.122,,83.3,,75.7,,84.3,,1743,49,6,16,7,146602.3,19546.98,,Idle,,20,,10,,,20,Go Home,False,False,False,False,False,False,False,False,False,False,False,False,33.8027920380556,-117.4659261431046,809.9,2972.0,1049.4,396.9,True,1,1,False,False,False,False,,True,False,False,Course Lock,196.8,67,16.4,93,E,SW,6.26,6.93,Calm,False,False,Android,7.0.2,M300 RTK,1ZN7L4R0H1D00F,1W9DL31001461C,1ZMLH8300204F0,1Z6PH74DAP0QN7,"Corona, CA",728.3,5.7,137.7,8.547347,2.013246,0,0,DJI Matrice 300 RTK,M300 RTK,1ZN7L4R0H1D00F,1W9DL31001461C,1ZMLH8300204F0,1Z6PH74DAP0QN7,DJI Pilot,Android,7.0.2,1EF72A62-B7C3-C88D-164E-CE6F8C8424AE,1ZN7L4R0H1D00F,1W9DL31001461C,,1ZMLH8300204F0,1W9DL31001461C,,,,,
2023-11-01,11:26:26.72 AM,2m 4.4s,124.4,33.801162669032,-117.4677442704218,67.5,67.5,16.0,1331,834.1,4.611569,6.085134,-1.789552,0,-4.250186,1.342164,-0.223694,0,0,-0.2,0.2,-113.3,246.7,245.5,Tripod,Other,,21,5,True,,True,False,,Smart,RC,False,True,False,,,True,,False,False,False,False,False,False,False,False,False,False,0,Follow Yaw,-88.9,0,-121.7,238.3,False,False,False,False,False,,0,0,False,False,No Card,100,100,1024,1309,1221,1024,2,False,False,False,False,False,0,False,False,False,False,93,,47.604,,4636,,4986,,47.604,,True,3.969,3.969,3.969,3.969,3.969,3.969,3.969,3.969,3.969,3.969,3.969,3.969,0,,False,False,True,,,,,,,,,,,,,,,False,False,9.122,,83.3,,75.7,,84.3,,1743,49,6,16,7,146602.3,19546.98,,Idle,,20,,10,,,20,Go Home,False,False,False,False,False,False,False,False,False,False,False,False,33.8027920380556,-117.4659261431046,810.6,2972.0,1049.4,396.9,True,1,1,False,False,False,False,,True,False,False,Course Lock,196.8,67,16.4,93,E,SW,6.26,6.93,Calm,False,False,Android,7.0.2,M300 RTK,1ZN7L4R0H1D00F,1W9DL31001461C,1ZMLH8300204F0,1Z6PH74DAP0QN7,"Corona, CA",728.3,5.7,137.7,8.547347,2.013246,0,0,DJI Matrice 300 RTK,M300 RTK,1ZN7L4R0H1D00F,1W9DL31001461C,1ZMLH8300204F0,1Z6PH74DAP0QN7,DJI Pilot,Android,7.0.2,1EF72A62-B7C3-C88D-164E-CE6F8C8424AE,1ZN7L4R0H1D00F,1W9DL31001461C,,1ZMLH8300204F0,1W9DL31001461C,,,,,
2023-11-01,11:26:26.82 AM,2m 4.5s,124.5,33.8011619464275,-117.467746433015,67.5,67.5,16.0,1331,834.8,4.611569,6.085134,-1.789552,0,-4.250186,1.342164,-0.223694,0,0.1,-0.2,0.2,-113.3,246.7,248.0,Tripod,Other,,21,5,True,,True,False,,Smart,RC,False,True,False,,,True,,False,False,False,False,False,False,False,False,False,False,0,Follow Yaw,-88.9,0,-121.7,238.3,False,False,False,False,False,,0,0,False,False,No Card,100,100,1024,1309,1223,1024,2,False,False,False,False,False,0,False,False,False,False,93,,47.604,,4636,,4986,,47.604,,True,3.969,3.969,3.969,3.969,3.969,3.969,3.969,3.969,3.969,3.969,3.969,3.969,0,,False,False,True,,,,,,,,,,,,,,,False,False,9.122,,83.3,,75.7,,84.3,,1743,49,6,16,7,146602.3,19546.98,,Idle,,20,,10,,,20,Go Home,False,False,False,False,False,False,False,False,False,False,False,False,33.8027920380556,-117.4659261431046,811.2,2972.0,1049.4,396.9,True,1,1,False,False,False,False,,True,False,False,Course Lock,196.8,67,16.4,93,E,SW,6.26,6.93,Calm,False,False,Android,7.0.2,M300 RTK,1ZN7L4R0H1D00F,1W9DL31001461C,1ZMLH8300204F0,1Z6PH74DAP0QN7,"Corona, CA",728.3,5.7,137.7,8.547347,2.013246,0,0,DJI Matrice 300 RTK,M300 RTK,1ZN7L4R0H1D00F,1W9DL31001461C,1ZMLH8300204F0,1Z6PH74DAP0QN7,DJI Pilot,Android,7.0.2,1EF72A62-B7C3-C88D-164E-CE6F8C8424AE,1ZN7L4R0H1D00F,1W9DL31001461C,,1ZMLH8300204F0,1W9DL31001461C,,,,,
2023-11-01,11:26:26.93 AM,2m 4.6s,124.6,33.8011611448738,-117.4677485969276,67.5,67.5,15.7,1331,835.5,4.611569,6.085134,-1.789552,0,-4.250186,1.342164,-0.223694,0,0.1,-0.3,0.3,-113.2,246.8,245.9,Tripod,Other,,21,5,True,,True,False,,Smart,RC,False,True,False,,,True,,False,False,False,False,False,False,False,False,False,False,0,Follow Yaw,-88.9,0,-121.7,238.3,False,False,False,False,False,,0,0,False,False,No Card,100,100,1024,1309,1215,1024,2,False,False,False,False,False,0,False,False,False,False,93,,47.604,,4636,,4986,,47.604,,True,3.969,3.969,3.969,3.969,3.969,3.969,3.969,3.969,3.969,3.969,3.969,3.969,0,,False,False,True,,,,,,,,,,,,,,,False,False,9.122,,83.3,,75.7,,84.3,,1743,49,6,16,7,146602.3,19546.98,,Idle,,20,,10,,,20,Go Home,False,False,False,False,False,False,False,False,False,False,False,False,33.8027920380556,-117.4659261431046,811.9,2972.0,1049.4,396.9,True,1,1,False,False,False,False,,True,False,False,Course Lock,196.8,67,16.4,93,E,SW,6.26,6.93,Calm,False,False,Android,7.0.2,M300 RTK,1ZN7L4R0H1D00F,1W9DL31001461C,1ZMLH8300204F0,1Z6PH74DAP0QN7,"Corona, CA",728.3,5.7,137.7,8.547347,2.013246,0,0,DJI Matrice 300 RTK,M300 RTK,1ZN7L4R0H1D00F,1W9DL31001461C,1ZMLH8300204F0,1Z6PH74DAP0QN7,DJI Pilot,Android,7.0.2,1EF72A62-B7C3-C88D-164E-CE6F8C8424AE,1ZN7L4R0H1D00F,1W9DL31001461C,,1ZMLH8300204F0,1W9DL31001461C,,,,,
2023-11-01,11:26:27.03 AM,2m 4.7s,124.7,33.8011604507787,-117.4677507423678,67.5,67.5,15.7,1331,836.2,4.611569,6.085134,-1.789552,0,-4.250186,1.342164,-0.223694,0,0.2,-0.4,0.4,-113.3,246.7,248.7,Tripod,Other,,21,5,True,,True,False,,Smart,RC,False,True,False,,,True,,False,False,False,False,False,False,False,False,False,False,0,Follow Yaw,-88.9,0,-121.7,238.3,False,False,False,False,False,,0,0,False,False,No Card,100,100,1024,1310,1207,1033,2,False,False,False,False,False,0,False,False,False,False,93,,47.604,,4636,,4986,,47.604,,True,3.969,3.969,3.969,3.969,3.969,3.969,3.969,3.969,3.969,3.969,3.969,3.969,0,,False,False,True,,,,,,,,,,,,,,,False,False,9.122,,83.3,,75.7,,84.3,,1743,49,6,16,7,146602.3,19546.98,,Idle,,20,,10,,,20,Go Home,False,False,False,False,False,False,False,False,False,False,False,False,33.8027920380556,-117.4659261431046,812.5,2972.0,1049.4,396.9,True,1,1,False,False,False,False,,True,False,False,Course Lock,196.8,67,16.4,93,E,SW,6.26,6.93,Calm,False,False,Android,7.0.2,M300 RTK,1ZN7L4R0H1D00F,1W9DL31001461C,1ZMLH8300204F0,1Z6PH74DAP0QN7,"Corona, CA",728.3,5.7,137.7,8.547347,2.013246,0,0,DJI Matrice 300 RTK,M300 RTK,1ZN7L4R0H1D00F,1W9DL31001461C,1ZMLH8300204F0,1Z6PH74DAP0QN7,DJI Pilot,Android,7.0.2,1EF72A62-B7C3-C88D-164E-CE6F8C8424AE,1ZN7L4R0H1D00F,1W9DL31001461C,,1ZMLH8300204F0,1W9DL31001461C,,,,,
2023-11-01,11:26:27.13 AM,2m 4.8s,124.8,33.8011596618349,-117.4677529161764,67.5,67.5,15.7,1331,836.9,4.611569,6.085134,-1.789552,0,-4.250186,1.342164,-0.223694,0,0.2,-0.5,0.5,-113.2,246.8,246.4,Tripod,Other,,22,5,True,,True,False,,Smart,RC,False,True,False,,,True,,False,False,False,False,False,False,False,False,False,False,0,Follow Yaw,-88.9,0,-121.7,238.3,False,False,False,False,False,,0,0,False,False,No Card,100,100,1024,1310,1214,1037,2,False,False,False,False,False,0,False,False,False,False,93,,47.604,,4636,,4986,,47.604,,True,3.969,3.969,3.969,3.969,3.969,3.969,3.969,3.969,3.969,3.969,3.969,3.969,0,,False,False,True,,,,,,,,,,,,,,,False,False,9.122,,83.3,,75.7,,84.3,,1743,49,6,16,7,146602.3,19546.98,,Idle,,20,,10,,,20,Go Home,False,False,False,False,False,False,False,False,False,False,False,False,33.8027920380556,-117.4659261431046,813.2,2972.0,1049.4,396.9,True,1,1,False,False,False,False,,True,False,False,Course Lock,196.8,67,16.4,93,E,SW,6.26,6.93,Calm,False,False,Android,7.0.2,M300 RTK,1ZN7L4R0H1D00F,1W9DL31001461C,1ZMLH8300204F0,1Z6PH74DAP0QN7,"Corona, CA",728.3,5.7,137.7,8.547347,2.013246,0,0,DJI Matrice 300 RTK,M300 RTK,1ZN7L4R0H1D00F,1W9DL31001461C,1ZMLH8300204F0,1Z6PH74DAP0QN7,DJI Pilot,Android,7.0.2,1EF72A62-B7C3-C88D-164E-CE6F8C8424AE,1ZN7L4R0H1D00F,1W9DL31001461C,,1ZMLH8300204F0,1W9DL31001461C,,,,,
2023-11-01,11:26:27.24 AM,2m 4.9s,124.9,33.8011586442674,-117.467755258216,67.5,67.5,15.7,1331,837.7,4.611569,6.085134,-1.789552,0,-4.250186,1.342164,-0.223694,0,0.3,-0.5,0.5,-113.2,246.8,242.3,Tripod,Other,,22,5,True,,True,False,,Smart,RC,False,True,False,,,True,,False,False,False,False,False,False,False,False,False,False,0,Follow Yaw,-88.9,0,-121.7,238.3,False,False,False,False,False,,0,0,False,False,No Card,100,100,1024,1311,1211,1039,2,False,False,False,False,False,0,False,False,False,False,93,,47.604,,4636,,4986,,47.604,,True,3.969,3.969,3.969,3.969,3.969,3.969,3.969,3.969,3.969,3.969,3.969,3.969,0,,False,False,True,,,,,,,,,,,,,,,False,False,9.122,,83.3,,75.7,,84.3,,1743,49,6,16,7,146602.3,19546.98,,Idle,,20,,10,,,20,Go Home,False,False,False,False,False,False,False,False,False,False,False,False,33.8027920380556,-117.4659261431046,813.9,2972.0,1049.4,396.9,True,1,1,False,False,False,False,,True,False,False,Course Lock,196.8,67,16.4,93,E,SW,6.26,6.93,Calm,False,False,Android,7.0.2,M300 RTK,1ZN7L4R0H1D00F,1W9DL31001461C,1ZMLH8300204F0,1Z6PH74DAP0QN7,"Corona, CA",728.3,5.7,137.7,8.547347,2.013246,0,0,DJI Matrice 300 RTK,M300 RTK,1ZN7L4R0H1D00F,1W9DL31001461C,1ZMLH8300204F0,1Z6PH74DAP0QN7,DJI Pilot,Android,7.0.2,1EF72A62-B7C3-C88D-164E-CE6F8C8424AE,1ZN7L4R0H1D00F,1W9DL31001461C,,1ZMLH8300204F0,1W9DL31001461C,,,,,
2023-11-01,11:26:27.34 AM,2m 5.0s,125.0,33.8011578372311,-117.4677574511568,67.9,67.9,15.7,1332,838.4,4.818516,6.085134,-1.789552,0,-4.47388,1.342164,-0.223694,0,0.2,-0.5,0.5,-113.2,246.8,246.1,Tripod,Other,,22,5,True,,True,False,,Smart,RC,False,True,False,,,True,,False,False,False,False,False,False,False,False,False,False,0,Follow Yaw,-88.9,0,-121.7,238.3,False,False,False,False,False,,0,0,False,False,No Card,100,100,1024,1312,1211,1038,2,False,False,False,False,False,0,False,False,False,False,93,,47.64,,9339,,10044,,47.64,,True,3.969,3.969,3.969,3.969,3.969,3.969,3.969,3.969,3.969,3.969,3.969,3.969,0,,False,False,True,,,,,,,,,,,,,,,False,False,18.78,,84.3,,75.7,,84.3,,1743,49,6,16,7,146602.3,19546.98,,Idle,,20,,10,,,20,Go Home,False,False,False,False,False,False,False,False,False,False,False,False,33.8027920380556,-117.4659261431046,814.6,2972.0,1049.4,396.9,True,1,1,False,False,False,False,,True,False,False,Course Lock,196.8,67,16.4,93,E,SW,6.26,6.93,Calm,False,False,Android,7.0.2,M300 RTK,1ZN7L4R0H1D00F,1W9DL31001461C,1ZMLH8300204F0,1Z6PH74DAP0QN7,"Corona, CA",728.3,5.7,137.7,8.547347,2.013246,0,0,DJI Matrice 300 RTK,M300 RTK,1ZN7L4R0H1D00F,1W9DL31001461C,1ZMLH8300204F0,1Z6PH74DAP0QN7,DJI Pilot,Android,7.0.2,1EF72A62-B7C3-C88D-164E-CE6F8C8424AE,1ZN7L4R0H1D00F,1W9DL31001461C,,1ZMLH8300204F0,1W9DL31001461C,,,,,
2023-11-01,11:26:27.44 AM,2m 5.1s,125.1,33.8011572352434,-117.467759572187,67.9,67.9,15.7,1332,839.1,4.818516,6.085134,-1.789552,0,-4.47388,1.342164,-0.223694,0,0.2,-0.5,0.5,-113.3,246.7,251.1,Tripod,Other,,22,5,True,,True,False,,Smart,RC,False,True,False,,,True,,False,False,False,False,False,False,False,False,False,False,0,Follow Yaw,-88.9,0,-121.7,238.3,False,False,False,False,False,,0,0,False,False,No Card,100,100,1024,1310,1217,1024,2,False,False,False,False,False,0,False,False,False,False,93,,47.64,,9339,,10044,,47.64,,True,3.969,3.969,3.969,3.969,3.969,3.969,3.969,3.969,3.969,3.969,3.969,3.969,0,,False,False,True,,,,,,,,,,,,,,,False,False,18.78,,84.3,,75.7,,84.3,,1743,49,6,16,7,146602.3,19546.98,,Idle,,20,,10,,,20,Go Home,False,False,False,False,False,False,False,False,False,False,False,False,33.8027920380556,-117.4659261431046,815.2,2972.0,1049.4,396.9,True,1,1,False,False,False,False,,True,False,False,Course Lock,196.8,67,16.4,93,E,SW,6.26,6.93,Calm,False,False,Android,7.0.2,M300 RTK,1ZN7L4R0H1D00F,1W9DL31001461C,1ZMLH8300204F0,1Z6PH74DAP0QN7,"Corona, CA",728.3,5.7,137.7,8.547347,2.013246,0,0,DJI Matrice 300 RTK,M300 RTK,1ZN7L4R0H1D00F,1W9DL31001461C,1ZMLH8300204F0,1Z6PH74DAP0QN7,DJI Pilot,Android,7.0.2,1EF72A62-B7C3-C88D-164E-CE6F8C8424AE,1ZN7L4R0H1D00F,1W9DL31001461C,,1ZMLH8300204F0,1W9DL31001461C,,,,,
2023-11-01,11:26:27.54 AM,2m 5.2s,125.2,33.8011564457514,-117.4677617730444,67.9,67.9,15.7,1332,839.8,4.818516,6.085134,-1.789552,0,-4.47388,1.342164,-0.223694,0,0.2,-0.5,0.5,-113.3,246.7,246.6,Tripod,Other,,20,5,True,,True,False,,Smart,RC,False,True,False,,,True,,False,False,False,False,False,False,False,False,False,False,0,Follow Yaw,-88.9,0,-121.7,238.3,False,False,False,False,False,,0,0,False,False,No Card,100,100,1024,1311,1211,1040,2,False,False,False,False,False,0,False,False,False,False,93,,47.64,,9339,,10044,,47.64,,True,3.969,3.969,3.969,3.969,3.969,3.969,3.969,3.969,3.969,3.969,3.969,3.969,0,,False,False,True,,,,,,,,,,,,,,,False,False,18.78,,84.3,,75.7,,84.3,,1743,49,6,16,7,146602.3,19546.98,,Idle,,20,,10,,,20,Go Home,False,False,False,False,False,False,False,False,False,False,False,False,33.8027920380556,-117.4659261431046,815.8,2972.0,1049.4,396.9,True,1,1,False,False,False,False,,True,False,False,Course Lock,196.8,67,16.4,93,E,SW,6.26,6.93,Calm,False,False,Android,7.0.2,M300 RTK,1ZN7L4R0H1D00F,1W9DL31001461C,1ZMLH8300204F0,1Z6PH74DAP0QN7,"Corona, CA",728.3,5.7,137.7,8.547347,2.013246,0,0,DJI Matrice 300 RTK,M300 RTK,1ZN7L4R0H1D00F,1W9DL31001461C,1ZMLH8300204F0,1Z6PH74DAP0QN7,DJI Pilot,Android,7.0.2,1EF72A62-B7C3-C88D-164E-CE6F8C8424AE,1ZN7L4R0H1D00F,1W9DL31001461C,,1ZMLH8300204F0,1W9DL31001461C,,,,,
2023-11-01,11:26:27.65 AM,2m 5.3s,125.3,33.8011556326842,-117.4677640326179,67.9,67.9,15.7,1332,840.6,4.818516,6.085134,-1.789552,0,-4.47388,1.342164,-0.223694,0,0.2,-0.6,0.6,-113.3,246.7,246.5,Tripod,Other,,20,5,True,,True,False,,Smart,RC,False,True,False,,,True,,False,False,False,False,False,False,False,False,False,False,0,Follow Yaw,-88.9,0,-121.7,238.3,False,False,False,False,False,,0,0,False,False,No Card,100,100,1024,1311,1211,1040,2,False,False,False,False,False,0,False,False,False,False,93,,47.64,,9339,,10044,,47.64,,True,3.971,3.971,3.971,3.971,3.971,3.971,3.971,3.971,3.971,3.971,3.971,3.971,0,,False,False,True,,,,,,,,,,,,,,,False,False,18.78,,84.3,,75.7,,84.3,,1740,49,6,16,7,145868.6,19449.15,,Idle,,20,,10,,,20,Go Home,False,False,False,False,False,False,False,False,False,False,False,False,33.8027920380556,-117.4659261431046,816.5,2972.0,1049.4,396.9,True,1,1,False,False,False,False,,True,False,False,Course Lock,196.8,67,16.4,93,E,SW,6.26,6.93,Calm,False,False,Android,7.0.2,M300 RTK,1ZN7L4R0H1D00F,1W9DL31001461C,1ZMLH8300204F0,1Z6PH74DAP0QN7,"Corona, CA",728.3,5.7,137.7,8.547347,2.013246,0,0,DJI Matrice 300 RTK,M300 RTK,1ZN7L4R0H1D00F,1W9DL31001461C,1ZMLH8300204F0,1Z6PH74DAP0QN7,DJI Pilot,Android,7.0.2,1EF72A62-B7C3-C88D-164E-CE6F8C8424AE,1ZN7L4R0H1D00F,1W9DL31001461C,,1ZMLH8300204F0,1W9DL31001461C,,,,,
2023-11-01,11:26:27.75 AM,2m 5.4s,125.4,33.8011548431922,-117.4677662479894,67.9,67.9,15.7,1332,841.3,4.818516,6.085134,-1.789552,0,-4.47388,1.342164,-0.223694,0,0.2,-0.7,0.7,-113.4,246.6,246.7,Tripod,Other,,20,5,True,,True,False,,Smart,RC,False,True,False,,,True,,False,False,False,False,False,False,False,False,False,False,0,Follow Yaw,-88.9,0,-121.7,238.3,False,False,False,False,False,,0,0,False,False,No Card,100,100,1024,1311,1213,1039,2,False,False,False,False,False,0,False,False,False,False,93,,47.64,,9339,,10044,,47.64,,True,3.971,3.971,3.971,3.971,3.971,3.971,3.971,3.971,3.971,3.971,3.971,3.971,0,,False,False,True,,,,,,,,,,,,,,,False,False,18.78,,84.3,,75.7,,84.3,,1740,49,6,16,7,145868.6,19449.15,,Idle,,20,,10,,,20,Go Home,False,False,False,False,False,False,False,False,False,False,False,False,33.8027920380556,-117.4659261431046,817.2,2972.0,1049.4,396.9,True,1,1,False,False,False,False,,True,False,False,Course Lock,196.8,67,16.4,93,E,SW,6.26,6.93,Calm,False,False,Android,7.0.2,M300 RTK,1ZN7L4R0H1D00F,1W9DL31001461C,1ZMLH8300204F0,1Z6PH74DAP0QN7,"Corona, CA",728.3,5.7,137.7,8.547347,2.013246,0,0,DJI Matrice 300 RTK,M300 RTK,1ZN7L4R0H1D00F,1W9DL31001461C,1ZMLH8300204F0,1Z6PH74DAP0QN7,DJI Pilot,Android,7.0.2,1EF72A62-B7C3-C88D-164E-CE6F8C8424AE,1ZN7L4R0H1D00F,1W9DL31001461C,,1ZMLH8300204F0,1W9DL31001461C,,,,,
2023-11-01,11:26:27.86 AM,2m 5.5s,125.5,33.8011541803478,-117.4677684752361,67.9,67.9,15.7,1332,842.0,4.818516,6.085134,-1.789552,0,-4.47388,1.342164,-0.223694,0,0.2,-0.7,0.7,-113.4,246.6,250.2,Tripod,Other,,20,5,True,,True,False,,Smart,RC,False,True,False,,,True,,False,False,False,False,False,False,False,False,False,False,0,Follow Yaw,-88.9,0,-121.7,238.3,False,False,False,False,False,,0,0,False,False,No Card,100,100,1024,1313,1199,1111,2,False,False,False,False,False,0,False,False,False,False,93,,47.64,,9339,,10044,,47.64,,True,3.971,3.971,3.971,3.971,3.971,3.971,3.971,3.971,3.971,3.971,3.971,3.971,0,,False,False,True,,,,,,,,,,,,,,,False,False,18.78,,84.3,,75.7,,84.3,,1740,49,6,16,7,145868.6,19449.15,,Idle,,20,,10,,,20,Go Home,False,False,False,False,False,False,False,False,False,False,False,False,33.8027920380556,-117.4659261431046,817.8,2972.0,1049.4,396.9,True,1,1,False,False,False,False,,True,False,False,Course Lock,196.8,67,16.4,93,E,SW,6.26,6.93,Calm,False,False,Android,7.0.2,M300 RTK,1ZN7L4R0H1D00F,1W9DL31001461C,1ZMLH8300204F0,1Z6PH74DAP0QN7,"Corona, CA",728.3,5.7,137.7,8.547347,2.013246,0,0,DJI Matrice 300 RTK,M300 RTK,1ZN7L4R0H1D00F,1W9DL31001461C,1ZMLH8300204F0,1Z6PH74DAP0QN7,DJI Pilot,Android,7.0.2,1EF72A62-B7C3-C88D-164E-CE6F8C8424AE,1ZN7L4R0H1D00F,1W9DL31001461C,,1ZMLH8300204F0,1W9DL31001461C,,,,,
2023-11-01,11:26:27.96 AM,2m 5.6s,125.6,33.801153401821,-117.4677706985244,67.9,67.9,15.7,1332,842.8,4.818516,6.085134,-1.789552,0,-4.47388,1.342164,-0.223694,0,0.3,-0.7,0.7,-113.5,246.5,247.1,Tripod,Other,,20,5,True,,True,False,,Smart,RC,False,True,False,,,True,,False,False,False,False,False,False,False,False,False,False,0,Follow Yaw,-88.9,0,-121.6,238.4,False,False,False,False,False,,0,0,False,False,No Card,100,100,1024,1313,1195,1132,2,False,False,False,False,False,0,False,False,False,False,93,,47.64,,9339,,10044,,47.64,,True,3.971,3.971,3.971,3.971,3.971,3.971,3.971,3.971,3.971,3.971,3.971,3.971,0,,False,False,True,,,,,,,,,,,,,,,False,False,18.78,,84.3,,75.7,,84.3,,1740,49,6,16,7,145868.6,19449.15,,Idle,,20,,10,,,20,Go Home,False,False,False,False,False,False,False,False,False,False,False,False,33.8027920380556,-117.4659261431046,818.5,2972.0,1049.4,396.9,True,1,1,False,False,False,False,,True,False,False,Course Lock,196.8,67,16.4,93,E,SW,6.26,6.93,Calm,False,False,Android,7.0.2,M300 RTK,1ZN7L4R0H1D00F,1W9DL31001461C,1ZMLH8300204F0,1Z6PH74DAP0QN7,"Corona, CA",728.3,5.7,137.7,8.547347,2.013246,0,0,DJI Matrice 300 RTK,M300 RTK,1ZN7L4R0H1D00F,1W9DL31001461C,1ZMLH8300204F0,1Z6PH74DAP0QN7,DJI Pilot,Android,7.0.2,1EF72A62-B7C3-C88D-164E-CE6F8C8424AE,1ZN7L4R0H1D00F,1W9DL31001461C,,1ZMLH8300204F0,1W9DL31001461C,,,,,
2023-11-01,11:26:28.06 AM,2m 5.7s,125.7,33.8011525783369,-117.4677729059792,68.2,68.2,15.7,1332,843.5,4.818516,6.085134,-1.789552,0,-4.47388,1.342164,-0.223694,0,0.3,-0.6,0.6,-113.5,246.5,245.8,Tripod,Other,,20,5,True,,True,False,,Smart,RC,False,True,False,,,True,,False,False,False,False,False,False,False,False,False,False,0,Follow Yaw,-88.9,0,-121.5,238.5,False,False,False,False,False,,0,0,False,False,No Card,100,100,1024,1311,1199,1129,2,False,False,False,False,False,0,False,False,False,False,93,,47.604,,4636,,4986,,47.604,,True,3.971,3.971,3.971,3.971,3.971,3.971,3.971,3.971,3.971,3.971,3.971,3.971,0,,False,False,True,,,,,,,,,,,,,,,False,False,9.172,,83.4,,75.7,,84.3,,1740,49,6,16,7,145868.6,19449.15,,Idle,,20,,10,,,20,Go Home,False,False,False,False,False,False,False,False,False,False,False,False,33.8027920380556,-117.4659261431046,819.2,2972.0,1049.4,396.9,True,1,1,False,False,False,False,,True,False,False,Course Lock,196.8,67,16.4,93,E,SW,6.26,6.93,Calm,False,False,Android,7.0.2,M300 RTK,1ZN7L4R0H1D00F,1W9DL31001461C,1ZMLH8300204F0,1Z6PH74DAP0QN7,"Corona, CA",728.3,5.7,137.7,8.547347,2.013246,0,0,DJI Matrice 300 RTK,M300 RTK,1ZN7L4R0H1D00F,1W9DL31001461C,1ZMLH8300204F0,1Z6PH74DAP0QN7,DJI Pilot,Android,7.0.2,1EF72A62-B7C3-C88D-164E-CE6F8C8424AE,1ZN7L4R0H1D00F,1W9DL31001461C,,1ZMLH8300204F0,1W9DL31001461C,,,,,
2023-11-01,11:26:28.16 AM,2m 5.8s,125.8,33.80115179981,-117.4677751358648,68.2,68.2,15.7,1332,844.2,4.818516,6.085134,-1.789552,0,-4.47388,1.342164,-0.223694,0,0.4,-0.4,0.5,-113.5,246.5,247.2,Tripod,Other,,20,5,True,,True,False,,Smart,RC,False,True,False,,,True,,False,False,False,False,False,False,False,False,False,False,0,Follow Yaw,-88.9,0,-121.3,238.7,False,False,False,False,False,,0,0,False,False,No Card,100,100,1024,1310,1204,1124,2,False,False,False,False,False,0,False,False,False,False,93,,47.604,,4636,,4986,,47.604,,True,3.971,3.971,3.971,3.971,3.971,3.971,3.971,3.971,3.971,3.971,3.971,3.971,0,,False,False,True,,,,,,,,,,,,,,,False,False,9.172,,83.4,,75.7,,84.3,,1740,49,6,16,7,145868.6,19449.15,,Idle,,20,,10,,,20,Go Home,False,False,False,False,False,False,False,False,False,False,False,False,33.8027920380556,-117.4659261431046,819.9,2972.0,1049.4,396.9,True,1,1,False,False,False,False,,True,False,False,Course Lock,196.8,67,16.4,93,E,SW,6.26,6.93,Calm,False,False,Android,7.0.2,M300 RTK,1ZN7L4R0H1D00F,1W9DL31001461C,1ZMLH8300204F0,1Z6PH74DAP0QN7,"Corona, CA",728.3,5.7,137.7,8.547347,2.013246,0,0,DJI Matrice 300 RTK,M300 RTK,1ZN7L4R0H1D00F,1W9DL31001461C,1ZMLH8300204F0,1Z6PH74DAP0QN7,DJI Pilot,Android,7.0.2,1EF72A62-B7C3-C88D-164E-CE6F8C8424AE,1ZN7L4R0H1D00F,1W9DL31001461C,,1ZMLH8300204F0,1W9DL31001461C,,,,,
2023-11-01,11:26:28.26 AM,2m 5.9s,125.9,33.8011510980393,-117.4677773169304,68.2,68.2,15.7,1332,844.9,4.818516,6.085134,-1.789552,0,-4.47388,1.342164,-0.223694,0,0.5,-0.3,0.5,-113.4,246.6,248.8,Tripod,Other,,20,5,True,,True,False,,Smart,RC,False,True,False,,,True,,False,False,False,False,False,False,False,False,False,False,0,Follow Yaw,-88.9,0,-121.1,238.9,False,False,False,False,False,,0,0,False,False,No Card,100,100,1024,1311,1204,1117,2,False,False,False,False,False,0,False,False,False,False,93,,47.604,,4636,,4986,,47.604,,True,3.971,3.971,3.971,3.971,3.971,3.971,3.971,3.971,3.971,3.971,3.971,3.971,0,,False,False,True,,,,,,,,,,,,,,,False,False,9.172,,83.4,,75.7,,84.3,,1740,49,6,16,7,145868.6,19449.15,,Idle,,20,,10,,,20,Go Home,False,False,False,False,False,False,False,False,False,False,False,False,33.8027920380556,-117.4659261431046,820.5,2972.0,1049.4,396.9,True,1,1,False,False,False,False,,True,False,False,Course Lock,196.8,67,16.4,93,E,SW,6.26,6.93,Calm,False,False,Android,7.0.2,M300 RTK,1ZN7L4R0H1D00F,1W9DL31001461C,1ZMLH8300204F0,1Z6PH74DAP0QN7,"Corona, CA",728.3,5.7,137.7,8.547347,2.013246,0,0,DJI Matrice 300 RTK,M300 RTK,1ZN7L4R0H1D00F,1W9DL31001461C,1ZMLH8300204F0,1Z6PH74DAP0QN7,DJI Pilot,Android,7.0.2,1EF72A62-B7C3-C88D-164E-CE6F8C8424AE,1ZN7L4R0H1D00F,1W9DL31001461C,,1ZMLH8300204F0,1W9DL31001461C,,,,,
2023-11-01,11:26:28.37 AM,2m 6.0s,126.0,33.8011503348637,-117.4677795501146,68.2,68.2,15.4,1332,845.7,4.818516,6.085134,-1.789552,0,-4.47388,1.342164,-0.223694,0,0.4,-0.3,0.5,-113.3,246.7,247.6,Tripod,Other,,21,5,True,,True,False,,Smart,RC,False,True,False,,,True,,False,False,False,False,False,False,False,False,False,False,0,Follow Yaw,-88.9,0,-121,239,False,False,False,False,False,,0,0,False,False,No Card,100,100,1024,1310,1208,1100,2,False,False,False,False,False,0,False,False,False,False,93,,47.64,,9339,,10044,,47.64,,True,3.971,3.971,3.971,3.971,3.971,3.971,3.971,3.971,3.971,3.971,3.971,3.971,0,,False,False,True,,,,,,,,,,,,,,,False,False,18.914,,84.3,,75.7,,84.3,,1740,49,6,16,7,145868.6,19449.15,,Idle,,20,,10,,,20,Go Home,False,False,False,False,False,False,False,False,False,False,False,False,33.8027920380556,-117.4659261431046,821.2,2972.0,1049.4,396.9,True,1,1,False,False,False,False,,True,False,False,Course Lock,196.8,67,16.4,93,E,SW,6.26,6.93,Calm,False,False,Android,7.0.2,M300 RTK,1ZN7L4R0H1D00F,1W9DL31001461C,1ZMLH8300204F0,1Z6PH74DAP0QN7,"Corona, CA",728.3,5.7,137.7,8.547347,2.013246,0,0,DJI Matrice 300 RTK,M300 RTK,1ZN7L4R0H1D00F,1W9DL31001461C,1ZMLH8300204F0,1Z6PH74DAP0QN7,DJI Pilot,Android,7.0.2,1EF72A62-B7C3-C88D-164E-CE6F8C8424AE,1ZN7L4R0H1D00F,1W9DL31001461C,,1ZMLH8300204F0,1W9DL31001461C,,,,,
2023-11-01,11:26:28.47 AM,2m 6.1s,126.1,33.8011496572164,-117.4677817133675,68.2,68.2,15.4,1332,846.4,4.818516,6.085134,-1.789552,0,-4.47388,1.342164,-0.223694,0,0.2,-0.3,0.3,-113.1,246.9,249.3,Tripod,Other,,21,5,True,,True,False,,Smart,RC,False,True,False,,,True,,False,False,False,False,False,False,False,False,False,False,0,Follow Yaw,-88.9,0,-120.8,239.2,False,False,False,False,False,,0,0,False,False,No Card,100,100,1024,1309,1211,1086,2,False,False,False,False,False,0,False,False,False,False,93,,47.64,,9339,,10044,,47.64,,True,3.971,3.971,3.971,3.971,3.971,3.971,3.971,3.971,3.971,3.971,3.971,3.971,0,,False,False,True,,,,,,,,,,,,,,,False,False,18.914,,84.3,,75.7,,84.3,,1740,49,6,16,7,145868.6,19449.15,,Idle,,20,,10,,,20,Go Home,False,False,False,False,False,False,False,False,False,False,False,False,33.8027920380556,-117.4659261431046,821.8,2972.0,1049.4,396.9,True,1,1,False,False,False,False,,True,False,False,Course Lock,196.8,67,16.4,93,E,SW,6.26,6.93,Calm,False,False,Android,7.0.2,M300 RTK,1ZN7L4R0H1D00F,1W9DL31001461C,1ZMLH8300204F0,1Z6PH74DAP0QN7,"Corona, CA",728.3,5.7,137.7,8.547347,2.013246,0,0,DJI Matrice 300 RTK,M300 RTK,1ZN7L4R0H1D00F,1W9DL31001461C,1ZMLH8300204F0,1Z6PH74DAP0QN7,DJI Pilot,Android,7.0.2,1EF72A62-B7C3-C88D-164E-CE6F8C8424AE,1ZN7L4R0H1D00F,1W9DL31001461C,,1ZMLH8300204F0,1W9DL31001461C,,,,,
2023-11-01,11:26:28.57 AM,2m 6.2s,126.2,33.8011489110367,-117.4677839564477,68.2,68.2,15.4,1332,847.1,4.818516,6.085134,-1.789552,0,-4.47388,1.342164,-0.223694,0,0.1,-0.3,0.3,-113,247,248.1,Tripod,Other,,21,5,True,,True,False,,Smart,RC,False,True,False,,,True,,False,False,False,False,False,False,False,False,False,False,0,Follow Yaw,-88.9,0,-120.7,239.3,False,False,False,False,False,,0,0,False,False,No Card,100,100,1024,1309,1213,1079,2,False,False,False,False,False,0,False,False,False,False,93,,47.64,,9339,,10044,,47.64,,True,3.971,3.971,3.971,3.971,3.971,3.971,3.971,3.971,3.971,3.971,3.971,3.971,0,,False,False,True,,,,,,,,,,,,,,,False,False,18.914,,84.3,,75.7,,84.3,,1740,49,6,16,7,145868.6,19449.15,,Idle,,20,,10,,,20,Go Home,False,False,False,False,False,False,False,False,False,False,False,False,33.8027920380556,-117.4659261431046,822.4,2972.0,1049.4,396.9,True,1,1,False,False,False,False,,True,False,False,Course Lock,196.8,67,16.4,93,E,SW,6.26,6.93,Calm,False,False,Android,7.0.2,M300 RTK,1ZN7L4R0H1D00F,1W9DL31001461C,1ZMLH8300204F0,1Z6PH74DAP0QN7,"Corona, CA",728.3,5.7,137.7,8.547347,2.013246,0,0,DJI Matrice 300 RTK,M300 RTK,1ZN7L4R0H1D00F,1W9DL31001461C,1ZMLH8300204F0,1Z6PH74DAP0QN7,DJI Pilot,Android,7.0.2,1EF72A62-B7C3-C88D-164E-CE6F8C8424AE,1ZN7L4R0H1D00F,1W9DL31001461C,,1ZMLH8300204F0,1W9DL31001461C,,,,,
2023-11-01,11:26:28.64 AM,2m 6.3s,126.3,33.8011480623328,-117.4677863097028,68.5,68.5,15.4,1332,847.9,4.818516,6.085134,-1.789552,0,-4.47388,1.342164,-0.223694,0,0.1,-0.4,0.4,-112.9,247.1,246.5,Tripod,Other,,21,5,True,,True,False,,Smart,RC,False,True,False,,,True,,False,False,False,False,False,False,False,False,False,False,0,Follow Yaw,-88.9,0,-120.6,239.4,False,False,False,False,False,,0,0,False,False,No Card,100,100,1024,1310,1212,1094,2,False,False,False,False,False,0,False,False,False,False,93,,47.64,,9339,,10044,,47.64,,True,3.969,3.969,3.969,3.969,3.969,3.969,3.969,3.969,3.969,3.969,3.969,3.969,0,,False,False,True,,,,,,,,,,,,,,,False,False,18.914,,84.3,,75.7,,84.3,,1739,49,6,16,7,144997.6,19333.01,,Idle,,20,,10,,,20,Go Home,False,False,False,False,False,False,False,False,False,False,False,False,33.8027920380556,-117.4659261431046,823.2,2972.0,1049.4,396.9,True,1,1,False,False,False,False,,True,False,False,Course Lock,196.8,67,16.4,93,E,SW,6.26,6.93,Calm,False,False,Android,7.0.2,M300 RTK,1ZN7L4R0H1D00F,1W9DL31001461C,1ZMLH8300204F0,1Z6PH74DAP0QN7,"Corona, CA",728.3,5.7,137.7,8.547347,2.013246,0,0,DJI Matrice 300 RTK,M300 RTK,1ZN7L4R0H1D00F,1W9DL31001461C,1ZMLH8300204F0,1Z6PH74DAP0QN7,DJI Pilot,Android,7.0.2,1EF72A62-B7C3-C88D-164E-CE6F8C8424AE,1ZN7L4R0H1D00F,1W9DL31001461C,,1ZMLH8300204F0,1W9DL31001461C,,,,,
2023-11-01,11:26:28.74 AM,2m 6.4s,126.4,33.8011473156049,-117.4677885765332,68.5,68.5,15.4,1332,848.6,4.818516,6.085134,-1.789552,0,-4.47388,1.342164,-0.223694,0,0.2,-0.6,0.6,-112.8,247.2,248.3,Tripod,Other,,21,5,True,,True,False,,Smart,RC,False,True,False,,,True,,False,False,False,False,False,False,False,False,False,False,0,Follow Yaw,-88.9,0,-120.5,239.5,False,False,False,False,False,,0,0,False,False,No Card,100,100,1024,1310,1211,1102,2,False,False,False,False,False,0,False,False,False,False,93,,47.64,,9339,,10044,,47.64,,True,3.969,3.969,3.969,3.969,3.969,3.969,3.969,3.969,3.969,3.969,3.969,3.969,0,,False,False,True,,,,,,,,,,,,,,,False,False,18.914,,84.3,,75.7,,84.3,,1739,49,6,16,7,144997.6,19333.01,,Idle,,20,,10,,,20,Go Home,False,False,False,False,False,False,False,False,False,False,False,False,33.8027920380556,-117.4659261431046,823.8,2972.0,1049.4,396.9,True,1,1,False,False,False,False,,True,False,False,Course Lock,196.8,67,16.4,93,E,SW,6.26,6.93,Calm,False,False,Android,7.0.2,M300 RTK,1ZN7L4R0H1D00F,1W9DL31001461C,1ZMLH8300204F0,1Z6PH74DAP0QN7,"Corona, CA",728.3,5.7,137.7,8.547347,2.013246,0,0,DJI Matrice 300 RTK,M300 RTK,1ZN7L4R0H1D00F,1W9DL31001461C,1ZMLH8300204F0,1Z6PH74DAP0QN7,DJI Pilot,Android,7.0.2,1EF72A62-B7C3-C88D-164E-CE6F8C8424AE,1ZN7L4R0H1D00F,1W9DL31001461C,,1ZMLH8300204F0,1W9DL31001461C,,,,,
2023-11-01,11:26:28.84 AM,2m 6.5s,126.5,33.8011466165755,-117.4677908994406,68.5,68.5,15.4,1332,849.4,4.818516,6.085134,-1.789552,0,-4.47388,1.342164,-0.223694,0,0.4,-0.6,0.7,-112.7,247.3,250.0,Tripod,Other,,21,5,True,,True,False,,Smart,RC,False,True,False,,,True,,False,False,False,False,False,False,False,False,False,False,0,Follow Yaw,-88.9,0,-120.4,239.6,False,False,False,False,False,,0,0,False,False,No Card,100,100,1024,1310,1212,1103,2,False,False,False,False,False,0,False,False,False,False,93,,47.64,,9339,,10044,,47.64,,True,3.969,3.969,3.969,3.969,3.969,3.969,3.969,3.969,3.969,3.969,3.969,3.969,0,,False,False,True,,,,,,,,,,,,,,,False,False,18.914,,84.3,,75.7,,84.3,,1739,49,6,16,7,144997.6,19333.01,,Idle,,20,,10,,,20,Go Home,False,False,False,False,False,False,False,False,False,False,False,False,33.8027920380556,-117.4659261431046,824.5,2972.0,1049.4,396.9,True,1,1,False,False,False,False,,True,False,False,Course Lock,196.8,67,16.4,93,E,SW,6.26,6.93,Calm,False,False,Android,7.0.2,M300 RTK,1ZN7L4R0H1D00F,1W9DL31001461C,1ZMLH8300204F0,1Z6PH74DAP0QN7,"Corona, CA",728.3,5.7,137.7,8.547347,2.013246,0,0,DJI Matrice 300 RTK,M300 RTK,1ZN7L4R0H1D00F,1W9DL31001461C,1ZMLH8300204F0,1Z6PH74DAP0QN7,DJI Pilot,Android,7.0.2,1EF72A62-B7C3-C88D-164E-CE6F8C8424AE,1ZN7L4R0H1D00F,1W9DL31001461C,,1ZMLH8300204F0,1W9DL31001461C,,,,,
2023-11-01,11:26:28.94 AM,2m 6.6s,126.6,33.8011458709441,-117.4677931748475,68.5,68.5,15.4,1332,850.1,4.818516,6.085134,-1.789552,0,-4.47388,1.342164,-0.223694,0,0.6,-0.5,0.7,-112.7,247.3,248.4,Tripod,Other,,21,5,True,,True,False,,Smart,RC,False,True,False,,,True,,False,False,False,False,False,False,False,False,False,False,0,Follow Yaw,-88.9,0,-120.3,239.7,False,False,False,False,False,,0,0,False,False,No Card,100,100,1024,1310,1212,1103,2,False,False,False,False,False,0,False,False,False,False,93,,47.64,,9339,,10044,,47.64,,True,3.969,3.969,3.969,3.969,3.969,3.969,3.969,3.969,3.969,3.969,3.969,3.969,0,,False,False,True,,,,,,,,,,,,,,,False,False,18.914,,84.3,,75.7,,84.3,,1739,49,6,16,7,144997.6,19333.01,,Idle,,20,,10,,,20,Go Home,False,False,False,False,False,False,False,False,False,False,False,False,33.8027920380556,-117.4659261431046,825.2,2972.0,1049.4,396.9,True,1,1,False,False,False,False,,True,False,False,Course Lock,196.8,67,16.4,93,E,SW,6.03,6.93,Calm,False,False,Android,7.0.2,M300 RTK,1ZN7L4R0H1D00F,1W9DL31001461C,1ZMLH8300204F0,1Z6PH74DAP0QN7,"Corona, CA",728.3,5.7,137.7,8.547347,2.013246,0,0,DJI Matrice 300 RTK,M300 RTK,1ZN7L4R0H1D00F,1W9DL31001461C,1ZMLH8300204F0,1Z6PH74DAP0QN7,DJI Pilot,Android,7.0.2,1EF72A62-B7C3-C88D-164E-CE6F8C8424AE,1ZN7L4R0H1D00F,1W9DL31001461C,,1ZMLH8300204F0,1W9DL31001461C,,,,,
2023-11-01,11:26:29.04 AM,2m 6.7s,126.7,33.8011451335366,-117.467795466088,68.5,68.5,15.4,1332,850.9,4.818516,6.085134,-1.789552,0,-4.47388,1.342164,-0.223694,0,0.6,-0.4,0.7,-112.6,247.4,248.8,Tripod,Other,,21,5,True,,True,False,,Smart,RC,False,True,False,,,True,,False,False,False,False,False,False,False,False,False,False,0,Follow Yaw,-88.9,0,-120.2,239.8,False,False,False,False,False,,0,0,False,False,No Card,100,100,1024,1310,1214,1099,2,False,False,False,False,False,0,False,False,False,False,93,,47.64,,9339,,10044,,47.64,,True,3.969,3.969,3.969,3.969,3.969,3.969,3.969,3.969,3.969,3.969,3.969,3.969,0,,False,False,True,,,,,,,,,,,,,,,False,False,18.914,,84.3,,75.7,,84.3,,1739,49,6,16,7,144997.6,19333.01,,Idle,,20,,10,,,20,Go Home,False,False,False,False,False,False,False,False,False,False,False,False,33.8027920380556,-117.4659261431046,825.8,2972.0,1049.4,396.9,True,1,1,False,False,False,False,,True,False,False,Course Lock,196.8,67,16.4,93,E,SW,6.03,6.93,Calm,False,False,Android,7.0.2,M300 RTK,1ZN7L4R0H1D00F,1W9DL31001461C,1ZMLH8300204F0,1Z6PH74DAP0QN7,"Corona, CA",728.3,5.7,137.7,8.547347,2.013246,0,0,DJI Matrice 300 RTK,M300 RTK,1ZN7L4R0H1D00F,1W9DL31001461C,1ZMLH8300204F0,1Z6PH74DAP0QN7,DJI Pilot,Android,7.0.2,1EF72A62-B7C3-C88D-164E-CE6F8C8424AE,1ZN7L4R0H1D00F,1W9DL31001461C,,1ZMLH8300204F0,1W9DL31001461C,,,,,
2023-11-01,11:26:29.14 AM,2m 6.8s,126.8,33.8011443999669,-117.467797746113,68.5,68.5,15.4,1332,851.6,4.818516,6.085134,-1.789552,0,-4.47388,1.342164,-0.223694,0,0.6,-0.4,0.7,-112.5,247.5,248.8,Tripod,Other,,21,5,True,,True,False,,Smart,RC,False,True,False,,,True,,False,False,False,False,False,False,False,False,False,False,0,Follow Yaw,-88.9,0,-120.1,239.9,False,False,False,False,False,,0,0,False,False,No Card,100,100,1024,1310,1215,1094,2,False,False,False,False,False,0,False,False,False,False,93,,47.64,,9339,,10044,,47.64,,True,3.969,3.969,3.969,3.969,3.969,3.969,3.969,3.969,3.969,3.969,3.969,3.969,0,,False,False,True,,,,,,,,,,,,,,,False,False,18.914,,84.3,,75.7,,84.3,,1739,49,6,16,7,144997.6,19333.01,,Idle,,20,,10,,,20,Go Home,False,False,False,False,False,False,False,False,False,False,False,False,33.8027920380556,-117.4659261431046,826.5,2972.0,1049.4,396.9,True,1,1,False,False,False,False,,True,False,False,Course Lock,196.8,67,16.4,93,E,S,6.03,6.93,Calm,False,False,Android,7.0.2,M300 RTK,1ZN7L4R0H1D00F,1W9DL31001461C,1ZMLH8300204F0,1Z6PH74DAP0QN7,"Corona, CA",728.3,5.7,137.7,8.547347,2.013246,0,0,DJI Matrice 300 RTK,M300 RTK,1ZN7L4R0H1D00F,1W9DL31001461C,1ZMLH8300204F0,1Z6PH74DAP0QN7,DJI Pilot,Android,7.0.2,1EF72A62-B7C3-C88D-164E-CE6F8C8424AE,1ZN7L4R0H1D00F,1W9DL31001461C,,1ZMLH8300204F0,1W9DL31001461C,,,,,
2023-11-01,11:26:29.24 AM,2m 6.9s,126.9,33.8011436718798,-117.467799960165,68.8,68.8,15.4,1333,852.3,4.818516,6.085134,-1.789552,0,-4.47388,1.342164,-0.223694,0,0.5,-0.4,0.6,-112.3,247.7,248.4,Tripod,Other,,21,5,True,,True,False,,Smart,RC,False,True,False,,,True,,False,False,False,False,False,False,False,False,False,False,0,Follow Yaw,-88.9,0,-120,240,False,False,False,False,False,,0,0,False,False,No Card,100,100,1024,1312,1199,1161,2,False,False,False,False,False,0,False,False,False,False,93,,47.64,,9339,,10044,,47.64,,True,3.969,3.969,3.969,3.969,3.969,3.969,3.969,3.969,3.969,3.969,3.969,3.969,0,,False,False,True,,,,,,,,,,,,,,,False,False,18.914,,84.3,,75.7,,84.3,,1739,49,6,16,7,144997.6,19333.01,,Idle,,20,,10,,,20,Go Home,False,False,False,False,False,False,False,False,False,False,False,False,33.8027920380556,-117.4659261431046,827.2,2972.0,1049.4,396.9,True,1,1,False,False,False,False,,True,False,False,Course Lock,196.8,67,16.4,93,E,S,6.03,6.93,Calm,False,False,Android,7.0.2,M300 RTK,1ZN7L4R0H1D00F,1W9DL31001461C,1ZMLH8300204F0,1Z6PH74DAP0QN7,"Corona, CA",728.3,5.7,137.7,8.547347,2.013246,0,0,DJI Matrice 300 RTK,M300 RTK,1ZN7L4R0H1D00F,1W9DL31001461C,1ZMLH8300204F0,1Z6PH74DAP0QN7,DJI Pilot,Android,7.0.2,1EF72A62-B7C3-C88D-164E-CE6F8C8424AE,1ZN7L4R0H1D00F,1W9DL31001461C,,1ZMLH8300204F0,1W9DL31001461C,,,,,
2023-11-01,11:26:29.34 AM,2m 7.0s,127.0,33.8011429481788,-117.4678022448082,68.8,68.8,15.4,1333,853.1,4.818516,6.085134,-1.789552,0,-4.47388,1.342164,-0.223694,0,0.4,-0.4,0.5,-112.2,247.8,249.1,Tripod,Other,,21,5,True,,True,False,,Smart,RC,False,True,False,,,True,,False,False,False,False,False,False,False,False,False,False,0,Follow Yaw,-88.9,0,-119.8,240.2,False,False,False,False,False,,0,0,False,False,No Card,100,100,1024,1309,1203,1155,2,False,False,False,False,False,0,False,False,False,False,93,,47.64,,9339,,10044,,47.64,,True,3.969,3.969,3.969,3.969,3.969,3.969,3.969,3.969,3.969,3.969,3.969,3.969,0,,False,False,True,,,,,,,,,,,,,,,False,False,18.928,,84.3,,75.7,,84.3,,1739,49,6,16,7,144997.6,19333.01,,Idle,,20,,10,,,20,Go Home,False,False,False,False,False,False,False,False,False,False,False,False,33.8027920380556,-117.4659261431046,827.8,2972.0,1049.4,396.9,True,1,1,False,False,False,False,,True,False,False,Course Lock,196.8,67,16.4,93,E,S,6.03,6.93,Calm,False,False,Android,7.0.2,M300 RTK,1ZN7L4R0H1D00F,1W9DL31001461C,1ZMLH8300204F0,1Z6PH74DAP0QN7,"Corona, CA",728.3,5.7,137.7,8.547347,2.013246,0,0,DJI Matrice 300 RTK,M300 RTK,1ZN7L4R0H1D00F,1W9DL31001461C,1ZMLH8300204F0,1Z6PH74DAP0QN7,DJI Pilot,Android,7.0.2,1EF72A62-B7C3-C88D-164E-CE6F8C8424AE,1ZN7L4R0H1D00F,1W9DL31001461C,,1ZMLH8300204F0,1W9DL31001461C,,,,,
2023-11-01,11:26:29.44 AM,2m 7.1s,127.1,33.8011422030957,-117.4678044826105,68.8,68.8,15.4,1333,853.8,4.73999,6.085134,-1.565858,0,-4.47388,1.342164,-0.223694,0,0.5,-0.3,0.5,-112,248,248.1,Tripod,Other,,21,5,True,,True,False,,Smart,RC,False,True,False,,,True,,False,False,False,False,False,False,False,False,False,False,0,Follow Yaw,-88.9,0,-119.6,240.4,False,False,False,False,False,,0,0,False,False,No Card,100,100,1024,1309,1209,1131,2,False,False,False,False,False,0,False,False,False,False,93,,47.64,,9339,,10044,,47.64,,True,3.969,3.969,3.969,3.969,3.969,3.969,3.969,3.969,3.969,3.969,3.969,3.969,0,,False,False,True,,,,,,,,,,,,,,,False,False,18.928,,84.3,,75.7,,84.3,,1739,49,6,16,7,144997.6,19333.01,,Idle,,20,,10,,,20,Go Home,False,False,False,False,False,False,False,False,False,False,False,False,33.8027920380556,-117.4659261431046,828.5,2972.0,1049.4,396.9,True,1,1,False,False,False,False,,True,False,False,Course Lock,196.8,67,16.4,93,E,S,6.03,6.93,Calm,False,False,Android,7.0.2,M300 RTK,1ZN7L4R0H1D00F,1W9DL31001461C,1ZMLH8300204F0,1Z6PH74DAP0QN7,"Corona, CA",728.3,5.7,137.7,8.547347,2.013246,0,0,DJI Matrice 300 RTK,M300 RTK,1ZN7L4R0H1D00F,1W9DL31001461C,1ZMLH8300204F0,1Z6PH74DAP0QN7,DJI Pilot,Android,7.0.2,1EF72A62-B7C3-C88D-164E-CE6F8C8424AE,1ZN7L4R0H1D00F,1W9DL31001461C,,1ZMLH8300204F0,1W9DL31001461C,,,,,
2023-11-01,11:26:29.54 AM,2m 7.2s,127.2,33.8011414837807,-117.4678067659342,68.8,68.8,15.4,1333,854.5,4.73999,6.085134,-1.565858,0,-4.47388,1.342164,-0.223694,0,0.6,-0.1,0.6,-111.8,248.2,249.2,Tripod,Other,,21,5,True,,True,False,,Smart,RC,False,True,False,,,True,,False,False,False,False,False,False,False,False,False,False,0,Follow Yaw,-88.9,0,-119.4,240.6,False,False,False,False,False,,0,0,False,False,No Card,100,100,1024,1310,1207,1133,2,False,False,False,False,False,0,False,False,False,False,93,,47.64,,9339,,10044,,47.64,,True,3.969,3.969,3.969,3.969,3.969,3.969,3.969,3.969,3.969,3.969,3.969,3.969,0,,False,False,True,,,,,,,,,,,,,,,False,False,18.928,,84.3,,75.7,,84.3,,1739,49,6,16,7,144997.6,19333.01,,Idle,,20,,10,,,20,Go Home,False,False,False,False,False,False,False,False,False,False,False,False,33.8027920380556,-117.4659261431046,829.2,2972.0,1049.4,396.9,True,1,1,False,False,False,False,,True,False,False,Course Lock,196.8,67,16.4,93,E,S,6.03,6.93,Calm,False,False,Android,7.0.2,M300 RTK,1ZN7L4R0H1D00F,1W9DL31001461C,1ZMLH8300204F0,1Z6PH74DAP0QN7,"Corona, CA",728.3,5.7,137.7,8.547347,2.013246,0,0,DJI Matrice 300 RTK,M300 RTK,1ZN7L4R0H1D00F,1W9DL31001461C,1ZMLH8300204F0,1Z6PH74DAP0QN7,DJI Pilot,Android,7.0.2,1EF72A62-B7C3-C88D-164E-CE6F8C8424AE,1ZN7L4R0H1D00F,1W9DL31001461C,,1ZMLH8300204F0,1W9DL31001461C,,,,,
2023-11-01,11:26:29.64 AM,2m 7.3s,127.3,33.8011408878239,-117.4678091765857,68.8,68.8,15.4,1333,855.3,4.73999,6.085134,-1.565858,0,-4.47388,1.342164,-0.223694,0,0.7,-0.3,0.7,-111.6,248.4,253.4,Tripod,Other,,21,5,True,,True,False,,Smart,RC,False,True,False,,,True,,False,False,False,False,False,False,False,False,False,False,0,Follow Yaw,-88.9,0,-119.2,240.8,False,False,False,False,False,,0,0,False,False,No Card,100,100,1024,1310,1207,1140,2,False,False,False,False,False,0,False,False,False,False,93,,47.64,,9339,,10044,,47.64,,True,3.97,3.97,3.97,3.97,3.97,3.97,3.97,3.97,3.97,3.97,3.97,3.97,0,,False,False,True,,,,,,,,,,,,,,,False,False,18.928,,84.3,,75.7,,84.3,,1739,49,7,16,7,144168.4,19222.45,,Idle,,20,,10,,,20,Go Home,False,False,False,False,False,False,False,False,False,False,False,False,33.8027920380556,-117.4659261431046,829.8,2972.0,1049.4,396.9,True,1,1,False,False,False,False,,True,False,False,Course Lock,196.8,67,16.4,93,E,S,6.03,6.93,Calm,False,False,Android,7.0.2,M300 RTK,1ZN7L4R0H1D00F,1W9DL31001461C,1ZMLH8300204F0,1Z6PH74DAP0QN7,"Corona, CA",728.3,5.7,137.7,8.547347,2.013246,0,0,DJI Matrice 300 RTK,M300 RTK,1ZN7L4R0H1D00F,1W9DL31001461C,1ZMLH8300204F0,1Z6PH74DAP0QN7,DJI Pilot,Android,7.0.2,1EF72A62-B7C3-C88D-164E-CE6F8C8424AE,1ZN7L4R0H1D00F,1W9DL31001461C,,1ZMLH8300204F0,1W9DL31001461C,,,,,
2023-11-01,11:26:29.74 AM,2m 7.4s,127.4,33.801140194277,-117.4678114724442,68.8,68.8,15.4,1333,856.0,4.73999,6.085134,-1.565858,0,-4.47388,1.342164,-0.223694,0,0.7,-0.4,0.8,-111.4,248.6,250.0,Tripod,Other,,21,5,True,,True,False,,Smart,RC,False,True,False,,,True,,False,False,False,False,False,False,False,False,False,False,0,Follow Yaw,-88.9,0,-118.9,241.1,False,False,False,False,False,,0,0,False,False,No Card,100,100,1024,1311,1202,1140,2,False,False,False,False,False,0,False,False,False,False,93,,47.64,,9339,,10044,,47.64,,True,3.97,3.97,3.97,3.97,3.97,3.97,3.97,3.97,3.97,3.97,3.97,3.97,0,,False,False,True,,,,,,,,,,,,,,,False,False,18.928,,84.3,,75.7,,84.3,,1739,49,7,16,7,144168.4,19222.45,,Idle,,20,,10,,,20,Go Home,False,False,False,False,False,False,False,False,False,False,False,False,33.8027920380556,-117.4659261431046,830.5,2972.0,1049.4,396.9,True,1,1,False,False,False,False,,True,False,False,Course Lock,196.8,67,16.4,93,E,S,6.03,6.93,Calm,False,False,Android,7.0.2,M300 RTK,1ZN7L4R0H1D00F,1W9DL31001461C,1ZMLH8300204F0,1Z6PH74DAP0QN7,"Corona, CA",728.3,5.7,137.7,8.547347,2.013246,0,0,DJI Matrice 300 RTK,M300 RTK,1ZN7L4R0H1D00F,1W9DL31001461C,1ZMLH8300204F0,1Z6PH74DAP0QN7,DJI Pilot,Android,7.0.2,1EF72A62-B7C3-C88D-164E-CE6F8C8424AE,1ZN7L4R0H1D00F,1W9DL31001461C,,1ZMLH8300204F0,1W9DL31001461C,,,,,
2023-11-01,11:26:29.84 AM,2m 7.5s,127.5,33.8011392474349,-117.4678138679219,68.8,68.8,15.0,1333,856.8,4.73999,6.085134,-1.565858,0,-4.47388,1.342164,-0.223694,0,0.7,-0.4,0.8,-111.3,248.7,244.5,Tripod,Other,,21,5,True,,True,False,,Smart,RC,False,True,False,,,True,,False,False,False,False,False,False,False,False,False,False,0,Follow Yaw,-88.9,0,-118.8,241.2,False,False,False,False,False,,0,0,False,False,No Card,100,100,1024,1311,1202,1140,2,False,False,False,False,False,0,False,False,False,False,93,,47.64,,9339,,10044,,47.64,,True,3.97,3.97,3.97,3.97,3.97,3.97,3.97,3.97,3.97,3.97,3.97,3.97,0,,False,False,True,,,,,,,,,,,,,,,False,False,18.928,,84.3,,75.7,,84.3,,1739,49,7,16,7,144168.4,19222.45,,Idle,,20,,10,,,20,Go Home,False,False,False,False,False,False,False,False,False,False,False,False,33.8027920380556,-117.4659261431046,831.2,2972.0,1049.4,396.9,True,1,1,False,False,False,False,,True,False,False,Course Lock,196.8,67,16.4,93,E,S,6.03,6.93,Calm,False,False,Android,7.0.2,M300 RTK,1ZN7L4R0H1D00F,1W9DL31001461C,1ZMLH8300204F0,1Z6PH74DAP0QN7,"Corona, CA",728.3,5.7,137.7,8.547347,2.013246,0,0,DJI Matrice 300 RTK,M300 RTK,1ZN7L4R0H1D00F,1W9DL31001461C,1ZMLH8300204F0,1Z6PH74DAP0QN7,DJI Pilot,Android,7.0.2,1EF72A62-B7C3-C88D-164E-CE6F8C8424AE,1ZN7L4R0H1D00F,1W9DL31001461C,,1ZMLH8300204F0,1W9DL31001461C,,,,,
2023-11-01,11:26:29.94 AM,2m 7.6s,127.6,33.8011385418264,-117.4678161710374,68.8,68.8,15.0,1333,857.6,4.73999,6.085134,-1.565858,0,-4.47388,1.342164,-0.223694,0,0.6,-0.3,0.6,-111.1,248.9,249.7,Tripod,Other,,21,5,True,,True,False,,Smart,RC,False,True,False,,,True,,False,False,False,False,False,False,False,False,False,False,0,Follow Yaw,-88.9,0,-118.6,241.4,False,False,False,False,False,,0,0,False,False,No Card,100,100,1024,1312,1203,1140,2,False,False,False,False,False,0,False,False,False,False,93,,47.64,,9339,,10044,,47.64,,True,3.97,3.97,3.97,3.97,3.97,3.97,3.97,3.97,3.97,3.97,3.97,3.97,0,,False,False,True,,,,,,,,,,,,,,,False,False,18.928,,84.3,,75.7,,84.3,,1739,49,7,16,7,144168.4,19222.45,,Idle,,20,,10,,,20,Go Home,False,False,False,False,False,False,False,False,False,False,False,False,33.8027920380556,-117.4659261431046,831.9,2972.0,1049.4,396.9,True,1,1,False,False,False,False,,True,False,False,Course Lock,196.8,67,16.4,93,E,S,6.03,6.93,Calm,False,False,Android,7.0.2,M300 RTK,1ZN7L4R0H1D00F,1W9DL31001461C,1ZMLH8300204F0,1Z6PH74DAP0QN7,"Corona, CA",728.3,5.7,137.7,8.547347,2.013246,0,0,DJI Matrice 300 RTK,M300 RTK,1ZN7L4R0H1D00F,1W9DL31001461C,1ZMLH8300204F0,1Z6PH74DAP0QN7,DJI Pilot,Android,7.0.2,1EF72A62-B7C3-C88D-164E-CE6F8C8424AE,1ZN7L4R0H1D00F,1W9DL31001461C,,1ZMLH8300204F0,1W9DL31001461C,,,,,
2023-11-01,11:26:30.04 AM,2m 7.7s,127.7,33.8011379414834,-117.4678185038408,69.2,69.2,15.0,1333,858.3,4.73999,6.085134,-1.565858,0,-4.47388,1.342164,-0.223694,0,0.5,-0.2,0.5,-110.9,249.1,252.7,Tripod,Other,,21,5,True,,True,False,,Smart,RC,False,True,False,,,True,,False,False,False,False,False,False,False,False,False,False,0,Follow Yaw,-88.9,0,-118.4,241.6,False,False,False,False,False,,0,0,False,False,No Card,100,100,1024,1312,1203,1136,2,False,False,False,False,False,0,False,False,False,False,93,,47.64,,9339,,10044,,47.64,,True,3.97,3.97,3.97,3.97,3.97,3.97,3.97,3.97,3.97,3.97,3.97,3.97,0,,False,False,True,,,,,,,,,,,,,,,False,False,18.928,,84.3,,75.7,,84.3,,1739,49,7,16,7,144168.4,19222.45,,Idle,,20,,10,,,20,Go Home,False,False,False,False,False,False,False,False,False,False,False,False,33.8027920380556,-117.4659261431046,832.6,2972.0,1049.4,396.9,True,1,1,False,False,False,False,,True,False,False,Course Lock,196.8,67,16.4,93,E,S,6.03,6.93,Calm,False,False,Android,7.0.2,M300 RTK,1ZN7L4R0H1D00F,1W9DL31001461C,1ZMLH8300204F0,1Z6PH74DAP0QN7,"Corona, CA",728.3,5.7,137.7,8.547347,2.013246,0,0,DJI Matrice 300 RTK,M300 RTK,1ZN7L4R0H1D00F,1W9DL31001461C,1ZMLH8300204F0,1Z6PH74DAP0QN7,DJI Pilot,Android,7.0.2,1EF72A62-B7C3-C88D-164E-CE6F8C8424AE,1ZN7L4R0H1D00F,1W9DL31001461C,,1ZMLH8300204F0,1W9DL31001461C,,,,,
2023-11-01,11:26:30.12 AM,2m 7.8s,127.8,33.8011372523227,-117.4678208135536,69.2,69.2,15.0,1333,859.1,4.73999,6.085134,-1.565858,0,-4.47388,1.342164,-0.223694,0,0.4,0,0.4,-110.7,249.3,250.2,Tripod,Other,,22,5,True,,True,False,,Smart,RC,False,True,False,,,True,,False,False,False,False,False,False,False,False,False,False,0,Follow Yaw,-88.9,0,-118.2,241.8,False,False,False,False,False,,0,0,False,False,No Card,100,100,1024,1314,1211,1098,2,False,False,False,False,False,0,False,False,False,False,93,,47.64,,9339,,10044,,47.64,,True,3.97,3.97,3.97,3.97,3.97,3.97,3.97,3.97,3.97,3.97,3.97,3.97,0,,False,False,True,,,,,,,,,,,,,,,False,False,18.928,,84.3,,75.7,,84.3,,1739,49,7,16,7,144168.4,19222.45,,Idle,,20,,10,,,20,Go Home,False,False,False,False,False,False,False,False,False,False,False,False,33.8027920380556,-117.4659261431046,833.2,2972.0,1049.4,396.9,True,1,1,False,False,False,False,,True,False,False,Course Lock,196.8,67,16.4,93,E,S,6.03,6.93,Calm,False,False,Android,7.0.2,M300 RTK,1ZN7L4R0H1D00F,1W9DL31001461C,1ZMLH8300204F0,1Z6PH74DAP0QN7,"Corona, CA",728.3,5.7,137.7,8.547347,2.013246,0,0,DJI Matrice 300 RTK,M300 RTK,1ZN7L4R0H1D00F,1W9DL31001461C,1ZMLH8300204F0,1Z6PH74DAP0QN7,DJI Pilot,Android,7.0.2,1EF72A62-B7C3-C88D-164E-CE6F8C8424AE,1ZN7L4R0H1D00F,1W9DL31001461C,,1ZMLH8300204F0,1W9DL31001461C,,,,,
2023-11-01,11:26:30.23 AM,2m 7.9s,127.9,33.8011366114086,-117.4678231522946,69.2,69.2,15.0,1333,859.8,4.73999,6.085134,-1.565858,0,-4.47388,1.342164,-0.223694,0,0.5,0,0.5,-110.5,249.5,251.7,Tripod,Other,,22,5,True,,True,False,,Smart,RC,False,True,False,,,True,,False,False,False,False,False,False,False,False,False,False,0,Follow Yaw,-88.9,0,-118,242,False,False,False,False,False,,0,0,False,False,No Card,100,100,1024,1313,1226,1056,2,False,False,False,False,False,0,False,False,False,False,93,,47.64,,9339,,10044,,47.64,,True,3.97,3.97,3.97,3.97,3.97,3.97,3.97,3.97,3.97,3.97,3.97,3.97,0,,False,False,True,,,,,,,,,,,,,,,False,False,18.928,,84.3,,75.7,,84.3,,1739,49,7,16,7,144168.4,19222.45,,Idle,,20,,10,,,20,Go Home,False,False,False,False,False,False,False,False,False,False,False,False,33.8027920380556,-117.4659261431046,833.9,2972.0,1049.4,396.9,True,1,1,False,False,False,False,,True,False,False,Course Lock,196.8,67,16.4,93,E,S,6.03,6.93,Calm,False,False,Android,7.0.2,M300 RTK,1ZN7L4R0H1D00F,1W9DL31001461C,1ZMLH8300204F0,1Z6PH74DAP0QN7,"Corona, CA",728.3,5.7,137.7,8.547347,2.013246,0,0,DJI Matrice 300 RTK,M300 RTK,1ZN7L4R0H1D00F,1W9DL31001461C,1ZMLH8300204F0,1Z6PH74DAP0QN7,DJI Pilot,Android,7.0.2,1EF72A62-B7C3-C88D-164E-CE6F8C8424AE,1ZN7L4R0H1D00F,1W9DL31001461C,,1ZMLH8300204F0,1W9DL31001461C,,,,,
2023-11-01,11:26:30.33 AM,2m 8.0s,128.0,33.8011359425334,-117.4678254758618,69.2,69.2,15.0,1333,860.6,4.951677,6.085134,-1.565858,0,-4.697574,1.342164,-0.223694,0,0.5,-0.2,0.5,-110.3,249.7,250.8,Tripod,Other,,22,5,True,,True,False,,Smart,RC,False,True,False,,,True,,False,False,False,False,False,False,False,False,False,False,0,Follow Yaw,-88.9,0,-118,242,False,False,False,False,False,,0,0,False,False,No Card,100,100,1024,1312,1234,1051,2,False,False,False,False,False,0,False,False,False,False,93,,47.604,,9339,,10044,,47.604,,True,3.97,3.97,3.97,3.97,3.97,3.97,3.97,3.97,3.97,3.97,3.97,3.97,0,,False,False,True,,,,,,,,,,,,,,,False,False,19.058,,84.5,,75.7,,84.5,,1739,49,7,16,7,144168.4,19222.45,,Idle,,20,,10,,,20,Go Home,False,False,False,False,False,False,False,False,False,False,False,False,33.8027920380556,-117.4659261431046,834.5,2972.0,1049.4,396.9,True,1,1,False,False,False,False,,True,False,False,Course Lock,196.8,67,16.4,93,E,S,6.03,6.93,Calm,False,False,Android,7.0.2,M300 RTK,1ZN7L4R0H1D00F,1W9DL31001461C,1ZMLH8300204F0,1Z6PH74DAP0QN7,"Corona, CA",728.3,5.7,137.7,8.547347,2.013246,0,0,DJI Matrice 300 RTK,M300 RTK,1ZN7L4R0H1D00F,1W9DL31001461C,1ZMLH8300204F0,1Z6PH74DAP0QN7,DJI Pilot,Android,7.0.2,1EF72A62-B7C3-C88D-164E-CE6F8C8424AE,1ZN7L4R0H1D00F,1W9DL31001461C,,1ZMLH8300204F0,1W9DL31001461C,,,,,
2023-11-01,11:26:30.43 AM,2m 8.1s,128.1,33.8011352698204,-117.4678278396724,69.2,69.2,15.0,1333,861.3,4.951677,6.085134,-1.565858,0,-4.697574,1.342164,-0.223694,0,0.5,-0.6,0.7,-110.1,249.9,251.0,Tripod,Other,,22,5,True,,True,False,,Smart,RC,False,True,False,,,True,,False,False,False,False,False,False,False,False,False,False,0,Follow Yaw,-88.9,0,-118,242,False,False,False,False,False,,0,0,False,False,No Card,100,100,1024,1312,1232,1052,2,False,False,False,False,False,0,False,False,False,False,93,,47.604,,9339,,10044,,47.604,,True,3.97,3.97,3.97,3.97,3.97,3.97,3.97,3.97,3.97,3.97,3.97,3.97,0,,False,False,True,,,,,,,,,,,,,,,False,False,19.058,,84.5,,75.7,,84.5,,1739,49,7,16,7,144168.4,19222.45,,Idle,,20,,10,,,20,Go Home,False,False,False,False,False,False,False,False,False,False,False,False,33.8027920380556,-117.4659261431046,835.2,2972.0,1049.4,396.9,True,1,1,False,False,False,False,,True,False,False,Course Lock,196.8,67,16.4,93,E,S,6.03,6.93,Calm,False,False,Android,7.0.2,M300 RTK,1ZN7L4R0H1D00F,1W9DL31001461C,1ZMLH8300204F0,1Z6PH74DAP0QN7,"Corona, CA",728.3,5.7,137.7,8.547347,2.013246,0,0,DJI Matrice 300 RTK,M300 RTK,1ZN7L4R0H1D00F,1W9DL31001461C,1ZMLH8300204F0,1Z6PH74DAP0QN7,DJI Pilot,Android,7.0.2,1EF72A62-B7C3-C88D-164E-CE6F8C8424AE,1ZN7L4R0H1D00F,1W9DL31001461C,,1ZMLH8300204F0,1W9DL31001461C,,,,,
2023-11-01,11:26:30.53 AM,2m 8.2s,128.2,33.8011346042348,-117.4678301751147,69.2,69.2,15.0,1333,862.1,4.951677,6.085134,-1.565858,0,-4.697574,1.342164,-0.223694,0,0.5,-0.9,1,-110,250,251.0,Tripod,Other,,22,5,True,,True,False,,Smart,RC,False,True,False,,,True,,False,False,False,False,False,False,False,False,False,False,0,Follow Yaw,-88.9,0,-117.9,242.1,False,False,False,False,False,,0,0,False,False,No Card,100,100,1024,1312,1228,1060,2,False,False,False,False,False,0,False,False,False,False,93,,47.604,,9339,,10044,,47.604,,True,3.97,3.97,3.97,3.97,3.97,3.97,3.97,3.97,3.97,3.97,3.97,3.97,0,,False,False,True,,,,,,,,,,,,,,,False,False,19.058,,84.5,,75.7,,84.5,,1739,49,7,16,7,144168.4,19222.45,,Idle,,20,,10,,,20,Go Home,False,False,False,False,False,False,False,False,False,False,False,False,33.8027920380556,-117.4659261431046,835.9,2972.0,1049.4,396.9,True,1,1,False,False,False,False,,True,False,False,Course Lock,196.8,67,16.4,93,E,S,6.26,6.93,Calm,False,False,Android,7.0.2,M300 RTK,1ZN7L4R0H1D00F,1W9DL31001461C,1ZMLH8300204F0,1Z6PH74DAP0QN7,"Corona, CA",728.3,5.7,137.7,8.547347,2.013246,0,0,DJI Matrice 300 RTK,M300 RTK,1ZN7L4R0H1D00F,1W9DL31001461C,1ZMLH8300204F0,1Z6PH74DAP0QN7,DJI Pilot,Android,7.0.2,1EF72A62-B7C3-C88D-164E-CE6F8C8424AE,1ZN7L4R0H1D00F,1W9DL31001461C,,1ZMLH8300204F0,1W9DL31001461C,,,,,
2023-11-01,11:26:30.64 AM,2m 8.3s,128.3,33.8011338969815,-117.4678325000013,69.2,69.2,15.0,1333,862.8,4.951677,6.085134,-1.565858,0,-4.697574,1.342164,-0.223694,0,0.6,-1,1.1,-110,250,249.8,Tripod,Other,,22,5,True,,True,False,,Smart,RC,False,True,False,,,True,,False,False,False,False,False,False,False,False,False,False,0,Follow Yaw,-88.9,0,-117.9,242.1,False,False,False,False,False,,0,0,False,False,No Card,100,100,1024,1314,1209,1125,2,False,False,False,False,False,0,False,False,False,False,93,,47.604,,9339,,10044,,47.604,,True,3.969,3.969,3.969,3.969,3.969,3.969,3.969,3.969,3.969,3.969,3.969,3.969,0,,False,False,True,,,,,,,,,,,,,,,False,False,19.058,,84.5,,75.7,,84.5,,1741,49,7,16,7,143476.7,19130.22,,Idle,,20,,10,,,20,Go Home,False,False,False,False,False,False,False,False,False,False,False,False,33.8027920380556,-117.4659261431046,836.5,2972.0,1049.4,396.9,True,1,1,False,False,False,False,,True,False,False,Course Lock,196.8,67,16.4,93,E,S,6.26,6.93,Calm,False,False,Android,7.0.2,M300 RTK,1ZN7L4R0H1D00F,1W9DL31001461C,1ZMLH8300204F0,1Z6PH74DAP0QN7,"Corona, CA",728.3,5.7,137.7,8.547347,2.013246,0,0,DJI Matrice 300 RTK,M300 RTK,1ZN7L4R0H1D00F,1W9DL31001461C,1ZMLH8300204F0,1Z6PH74DAP0QN7,DJI Pilot,Android,7.0.2,1EF72A62-B7C3-C88D-164E-CE6F8C8424AE,1ZN7L4R0H1D00F,1W9DL31001461C,,1ZMLH8300204F0,1W9DL31001461C,,,,,
2023-11-01,11:26:30.74 AM,2m 8.4s,128.4,33.8011332165929,-117.4678348354436,69.5,69.5,15.0,1333,863.6,4.951677,6.085134,-1.565858,0,-4.697574,1.342164,-0.223694,0,0.7,-1.1,1.3,-109.9,250.1,250.6,Tripod,Other,,22,5,True,,True,False,,Smart,RC,False,True,False,,,True,,False,False,False,False,False,False,False,False,False,False,0,Follow Yaw,-88.9,0,-117.8,242.2,False,False,False,False,False,,0,0,False,False,No Card,100,100,1024,1316,1205,1129,2,False,False,False,False,False,0,False,False,False,False,93,,47.604,,9339,,10044,,47.604,,True,3.969,3.969,3.969,3.969,3.969,3.969,3.969,3.969,3.969,3.969,3.969,3.969,0,,False,False,True,,,,,,,,,,,,,,,False,False,19.058,,84.5,,75.7,,84.5,,1741,49,7,16,7,143476.7,19130.22,,Idle,,20,,10,,,20,Go Home,False,False,False,False,False,False,False,False,False,False,False,False,33.8027920380556,-117.4659261431046,837.2,2972.0,1049.4,396.9,True,1,1,False,False,False,False,,True,False,False,Course Lock,196.8,67,16.4,93,E,S,6.26,6.93,Calm,False,False,Android,7.0.2,M300 RTK,1ZN7L4R0H1D00F,1W9DL31001461C,1ZMLH8300204F0,1Z6PH74DAP0QN7,"Corona, CA",728.3,5.7,137.7,8.547347,2.013246,0,0,DJI Matrice 300 RTK,M300 RTK,1ZN7L4R0H1D00F,1W9DL31001461C,1ZMLH8300204F0,1Z6PH74DAP0QN7,DJI Pilot,Android,7.0.2,1EF72A62-B7C3-C88D-164E-CE6F8C8424AE,1ZN7L4R0H1D00F,1W9DL31001461C,,1ZMLH8300204F0,1W9DL31001461C,,,,,
2023-11-01,11:26:30.84 AM,2m 8.5s,128.5,33.8011324638342,-117.4678371233854,69.5,69.5,15.0,1333,864.3,4.951677,6.085134,-1.565858,0,-4.697574,1.342164,-0.223694,0,0.8,-0.8,1.1,-109.8,250.2,248.3,Tripod,Other,,22,5,True,,True,False,,Smart,RC,False,True,False,,,True,,False,False,False,False,False,False,False,False,False,False,0,Follow Yaw,-88.9,0,-117.6,242.4,False,False,False,False,False,,0,0,False,False,No Card,100,100,1024,1314,1214,1081,2,False,False,False,False,False,0,False,False,False,False,93,,47.604,,9339,,10044,,47.604,,True,3.969,3.969,3.969,3.969,3.969,3.969,3.969,3.969,3.969,3.969,3.969,3.969,0,,False,False,True,,,,,,,,,,,,,,,False,False,19.058,,84.5,,75.7,,84.5,,1741,49,7,16,7,143476.7,19130.22,,Idle,,20,,10,,,20,Go Home,False,False,False,False,False,False,False,False,False,False,False,False,33.8027920380556,-117.4659261431046,837.9,2972.0,1049.4,396.9,True,1,1,False,False,False,False,,True,False,False,Course Lock,196.8,67,16.4,93,E,S,6.26,6.93,Calm,False,False,Android,7.0.2,M300 RTK,1ZN7L4R0H1D00F,1W9DL31001461C,1ZMLH8300204F0,1Z6PH74DAP0QN7,"Corona, CA",728.3,5.7,137.7,8.547347,2.013246,0,0,DJI Matrice 300 RTK,M300 RTK,1ZN7L4R0H1D00F,1W9DL31001461C,1ZMLH8300204F0,1Z6PH74DAP0QN7,DJI Pilot,Android,7.0.2,1EF72A62-B7C3-C88D-164E-CE6F8C8424AE,1ZN7L4R0H1D00F,1W9DL31001461C,,1ZMLH8300204F0,1W9DL31001461C,,,,,
2023-11-01,11:26:30.94 AM,2m 8.6s,128.6,33.8011317730286,-117.4678394456331,69.5,69.5,15.0,1333,865.1,4.951677,6.085134,-1.565858,0,-4.697574,1.342164,-0.223694,0,0.7,-0.5,0.8,-109.8,250.2,250.3,Tripod,Other,,22,5,True,,True,False,,Smart,RC,False,True,False,,,True,,False,False,False,False,False,False,False,False,False,False,0,Follow Yaw,-88.9,0,-117.5,242.5,False,False,False,False,False,,0,0,False,False,No Card,100,100,1024,1312,1228,1041,2,False,False,False,False,False,0,False,False,False,False,93,,47.604,,9339,,10044,,47.604,,True,3.969,3.969,3.969,3.969,3.969,3.969,3.969,3.969,3.969,3.969,3.969,3.969,0,,False,False,True,,,,,,,,,,,,,,,False,False,19.058,,84.5,,75.7,,84.5,,1741,49,7,16,7,143476.7,19130.22,,Idle,,20,,10,,,20,Go Home,False,False,False,False,False,False,False,False,False,False,False,False,33.8027920380556,-117.4659261431046,838.6,2972.0,1049.4,396.9,True,1,1,False,False,False,False,,True,False,False,Course Lock,196.8,67,16.4,93,E,S,6.26,6.93,Calm,False,False,Android,7.0.2,M300 RTK,1ZN7L4R0H1D00F,1W9DL31001461C,1ZMLH8300204F0,1Z6PH74DAP0QN7,"Corona, CA",728.3,5.7,137.7,8.547347,2.013246,0,0,DJI Matrice 300 RTK,M300 RTK,1ZN7L4R0H1D00F,1W9DL31001461C,1ZMLH8300204F0,1Z6PH74DAP0QN7,DJI Pilot,Android,7.0.2,1EF72A62-B7C3-C88D-164E-CE6F8C8424AE,1ZN7L4R0H1D00F,1W9DL31001461C,,1ZMLH8300204F0,1W9DL31001461C,,,,,
2023-11-01,11:26:31.04 AM,2m 8.7s,128.7,33.801131175427,-117.4678418589235,69.5,69.5,15.0,1333,865.8,4.951677,6.085134,-1.565858,0,-4.697574,1.342164,-0.223694,0,0.6,-0.5,0.7,-109.7,250.3,253.4,Tripod,Other,,22,5,True,,True,False,,Smart,RC,False,True,False,,,True,,False,False,False,False,False,False,False,False,False,False,0,Follow Yaw,-88.9,0,-117.5,242.5,False,False,False,False,False,,0,0,False,False,No Card,100,100,1024,1316,1226,1038,2,False,False,False,False,False,0,False,False,False,False,93,,47.568,,4636,,4986,,47.568,,True,3.969,3.969,3.969,3.969,3.969,3.969,3.969,3.969,3.969,3.969,3.969,3.969,0,,False,False,True,,,,,,,,,,,,,,,False,False,9.26,,83.6,,75.7,,84.5,,1741,49,7,16,7,143476.7,19130.22,,Idle,,20,,10,,,20,Go Home,False,False,False,False,False,False,False,False,False,False,False,False,33.8027920380556,-117.4659261431046,839.2,2972.0,1049.4,396.9,True,1,1,False,False,False,False,,True,False,False,Course Lock,196.8,67,16.4,93,E,S,6.26,6.93,Calm,False,False,Android,7.0.2,M300 RTK,1ZN7L4R0H1D00F,1W9DL31001461C,1ZMLH8300204F0,1Z6PH74DAP0QN7,"Corona, CA",728.3,5.7,137.7,8.547347,2.013246,0,0,DJI Matrice 300 RTK,M300 RTK,1ZN7L4R0H1D00F,1W9DL31001461C,1ZMLH8300204F0,1Z6PH74DAP0QN7,DJI Pilot,Android,7.0.2,1EF72A62-B7C3-C88D-164E-CE6F8C8424AE,1ZN7L4R0H1D00F,1W9DL31001461C,,1ZMLH8300204F0,1W9DL31001461C,,,,,
2023-11-01,11:26:31.15 AM,2m 8.8s,128.8,33.8011304955866,-117.4678441943658,69.5,69.5,14.7,1333,866.6,4.951677,6.085134,-1.565858,0,-4.697574,1.342164,-0.223694,0,0.4,-0.6,0.7,-109.7,250.3,250.6,Tripod,Other,,22,5,True,,True,False,,Smart,RC,False,True,False,,,True,,False,False,False,False,False,False,False,False,False,False,0,Follow Yaw,-88.9,0,-117.5,242.5,False,False,False,False,False,,0,0,False,False,No Card,100,100,1024,1320,1221,1038,2,False,False,False,False,False,0,False,False,False,False,93,,47.568,,4636,,4986,,47.568,,True,3.969,3.969,3.969,3.969,3.969,3.969,3.969,3.969,3.969,3.969,3.969,3.969,0,,False,False,True,,,,,,,,,,,,,,,False,False,9.26,,83.6,,75.7,,84.5,,1741,49,7,16,7,143476.7,19130.22,,Idle,,20,,10,,,20,Go Home,False,False,False,False,False,False,False,False,False,False,False,False,33.8027920380556,-117.4659261431046,839.9,2972.0,1049.4,396.9,True,1,1,False,False,False,False,,True,False,False,Course Lock,196.8,67,16.4,93,E,S,6.26,6.93,Calm,False,False,Android,7.0.2,M300 RTK,1ZN7L4R0H1D00F,1W9DL31001461C,1ZMLH8300204F0,1Z6PH74DAP0QN7,"Corona, CA",728.3,5.7,137.7,8.547347,2.013246,0,0,DJI Matrice 300 RTK,M300 RTK,1ZN7L4R0H1D00F,1W9DL31001461C,1ZMLH8300204F0,1Z6PH74DAP0QN7,DJI Pilot,Android,7.0.2,1EF72A62-B7C3-C88D-164E-CE6F8C8424AE,1ZN7L4R0H1D00F,1W9DL31001461C,,1ZMLH8300204F0,1W9DL31001461C,,,,,
2023-11-01,11:26:31.25 AM,2m 8.9s,128.9,33.801129732411,-117.467846405779,69.5,69.5,14.7,1333,867.3,4.951677,6.085134,-1.565858,0,-4.697574,1.342164,-0.223694,0,0.3,-0.7,0.7,-109.6,250.4,247.4,Tripod,Other,,22,5,True,,True,False,,Smart,RC,False,True,False,,,True,,False,False,False,False,False,False,False,False,False,False,0,Follow Yaw,-88.9,0,-117.5,242.5,False,False,False,False,False,,0,0,False,False,No Card,100,100,1024,1322,1219,1042,2,False,False,False,False,False,0,False,False,False,False,93,,47.568,,4636,,4986,,47.568,,True,3.969,3.969,3.969,3.969,3.969,3.969,3.969,3.969,3.969,3.969,3.969,3.969,0,,False,False,True,,,,,,,,,,,,,,,False,False,9.26,,83.6,,75.7,,84.5,,1741,49,7,16,7,143476.7,19130.22,,Idle,,20,,10,,,20,Go Home,False,False,False,False,False,False,False,False,False,False,False,False,33.8027920380556,-117.4659261431046,840.6,2972.0,1049.4,396.9,True,1,1,False,False,False,False,,True,False,False,Course Lock,196.8,67,16.4,93,E,S,6.26,6.93,Calm,False,False,Android,7.0.2,M300 RTK,1ZN7L4R0H1D00F,1W9DL31001461C,1ZMLH8300204F0,1Z6PH74DAP0QN7,"Corona, CA",728.3,5.7,137.7,8.547347,2.013246,0,0,DJI Matrice 300 RTK,M300 RTK,1ZN7L4R0H1D00F,1W9DL31001461C,1ZMLH8300204F0,1Z6PH74DAP0QN7,DJI Pilot,Android,7.0.2,1EF72A62-B7C3-C88D-164E-CE6F8C8424AE,1ZN7L4R0H1D00F,1W9DL31001461C,,1ZMLH8300204F0,1W9DL31001461C,,,,,
2023-11-01,11:26:31.35 AM,2m 9.0s,129.0,33.8011290388642,-117.4678487385824,69.8,69.8,14.7,1334,868.0,4.951677,6.085134,-1.565858,0,-4.697574,1.342164,-0.223694,0,0.2,-0.8,0.8,-109.6,250.4,250.3,Tripod,Other,,22,5,True,,True,False,,Smart,RC,False,True,False,,,True,,False,False,False,False,False,False,False,False,False,False,0,Follow Yaw,-88.9,0,-117.5,242.5,False,False,False,False,False,,0,0,False,False,No Card,100,100,1024,1320,1214,1084,2,False,False,False,False,False,0,False,False,False,False,93,,47.616,,9339,,10044,,47.616,,True,3.969,3.969,3.969,3.969,3.969,3.969,3.969,3.969,3.969,3.969,3.969,3.969,0,,False,False,True,,,,,,,,,,,,,,,False,False,18.982,,84.7,,75.7,,84.7,,1741,49,7,16,7,143476.7,19130.22,,Idle,,20,,10,,,20,Go Home,False,False,False,False,False,False,False,False,False,False,False,False,33.8027920380556,-117.4659261431046,841.2,2972.0,1049.4,396.9,True,1,1,False,False,False,False,,True,False,False,Course Lock,196.8,67,16.4,93,E,S,6.26,6.93,Calm,False,False,Android,7.0.2,M300 RTK,1ZN7L4R0H1D00F,1W9DL31001461C,1ZMLH8300204F0,1Z6PH74DAP0QN7,"Corona, CA",728.3,5.7,137.7,8.547347,2.013246,0,0,DJI Matrice 300 RTK,M300 RTK,1ZN7L4R0H1D00F,1W9DL31001461C,1ZMLH8300204F0,1Z6PH74DAP0QN7,DJI Pilot,Android,7.0.2,1EF72A62-B7C3-C88D-164E-CE6F8C8424AE,1ZN7L4R0H1D00F,1W9DL31001461C,,1ZMLH8300204F0,1W9DL31001461C,,,,,
2023-11-01,11:26:31.45 AM,2m 9.1s,129.1,33.8011281567165,-117.4678511749633,69.8,69.8,14.7,1334,868.9,4.951677,6.085134,-1.565858,0,-4.697574,1.342164,-0.223694,0,0.2,-0.6,0.6,-109.5,250.5,246.4,Tripod,Other,,22,5,True,,True,False,,Smart,RC,False,True,False,,,True,,False,False,False,False,False,False,False,False,False,False,0,Follow Yaw,-88.9,0,-117.4,242.6,False,False,False,False,False,,0,0,False,False,No Card,100,100,1024,1320,1201,1129,2,False,False,False,False,False,0,False,False,False,False,93,,47.616,,9339,,10044,,47.616,,True,3.969,3.969,3.969,3.969,3.969,3.969,3.969,3.969,3.969,3.969,3.969,3.969,0,,False,False,True,,,,,,,,,,,,,,,False,False,18.982,,84.7,,75.7,,84.7,,1741,49,7,16,7,143476.7,19130.22,,Idle,,20,,10,,,20,Go Home,False,False,False,False,False,False,False,False,False,False,False,False,33.8027920380556,-117.4659261431046,842.0,2972.0,1049.4,396.9,True,1,1,False,False,False,False,,True,False,False,Course Lock,196.8,67,16.4,93,E,S,6.26,6.93,Calm,False,False,Android,7.0.2,M300 RTK,1ZN7L4R0H1D00F,1W9DL31001461C,1ZMLH8300204F0,1Z6PH74DAP0QN7,"Corona, CA",728.3,5.7,137.7,8.547347,2.013246,0,0,DJI Matrice 300 RTK,M300 RTK,1ZN7L4R0H1D00F,1W9DL31001461C,1ZMLH8300204F0,1Z6PH74DAP0QN7,DJI Pilot,Android,7.0.2,1EF72A62-B7C3-C88D-164E-CE6F8C8424AE,1ZN7L4R0H1D00F,1W9DL31001461C,,1ZMLH8300204F0,1W9DL31001461C,,,,,
2023-11-01,11:26:31.56 AM,2m 9.2s,129.2,33.801127440691,-117.4678535236002,69.8,69.8,14.7,1334,869.6,4.951677,6.085134,-1.565858,0,-4.697574,1.342164,-0.223694,0,0.3,-0.3,0.4,-109.4,250.6,249.8,Tripod,Other,,22,5,True,,True,False,,Smart,RC,False,True,False,,,True,,False,False,False,False,False,False,False,False,False,False,0,Follow Yaw,-88.9,0,-117.3,242.7,False,False,False,False,False,,0,0,False,False,No Card,100,100,1024,1321,1204,1104,2,False,False,False,False,False,0,False,False,False,False,93,,47.616,,9339,,10044,,47.616,,True,3.969,3.969,3.969,3.969,3.969,3.969,3.969,3.969,3.969,3.969,3.969,3.969,0,,False,False,True,,,,,,,,,,,,,,,False,False,18.982,,84.7,,75.7,,84.7,,1741,49,7,16,7,143476.7,19130.22,,Idle,,20,,10,,,20,Go Home,False,False,False,False,False,False,False,False,False,False,False,False,33.8027920380556,-117.4659261431046,842.7,2972.0,1049.4,396.9,True,1,1,False,False,False,False,,True,False,False,Course Lock,196.8,67,16.4,93,E,S,6.26,6.93,Calm,False,False,Android,7.0.2,M300 RTK,1ZN7L4R0H1D00F,1W9DL31001461C,1ZMLH8300204F0,1Z6PH74DAP0QN7,"Corona, CA",728.3,5.7,137.7,8.547347,2.013246,0,0,DJI Matrice 300 RTK,M300 RTK,1ZN7L4R0H1D00F,1W9DL31001461C,1ZMLH8300204F0,1Z6PH74DAP0QN7,DJI Pilot,Android,7.0.2,1EF72A62-B7C3-C88D-164E-CE6F8C8424AE,1ZN7L4R0H1D00F,1W9DL31001461C,,1ZMLH8300204F0,1W9DL31001461C,,,,,
2023-11-01,11:26:31.66 AM,2m 9.3s,129.3,33.8011270486863,-117.4678559553629,69.8,69.8,14.7,1334,870.4,4.951677,6.085134,-1.565858,0,-4.697574,1.342164,-0.223694,0,0.4,0,0.4,-109.4,250.6,259.0,Tripod,Other,,22,5,True,,True,False,,Smart,RC,False,True,False,,,True,,False,False,False,False,False,False,False,False,False,False,0,Follow Yaw,-88.9,0,-117.1,242.9,False,False,False,False,False,,0,0,False,False,No Card,100,100,1024,1320,1195,1188,2,False,False,False,False,False,0,False,False,False,False,93,,47.616,,9339,,10044,,47.616,,True,3.968,3.968,3.968,3.968,3.968,3.968,3.968,3.968,3.968,3.968,3.968,3.968,0,,False,False,True,,,,,,,,,,,,,,,False,False,18.982,,84.7,,75.7,,84.7,,1743,50,7,16,7,142958.5,19061.13,,Idle,,20,,10,,,20,Go Home,False,False,False,False,False,False,False,False,False,False,False,False,33.8027920380556,-117.4659261431046,843.3,2972.0,1049.4,396.9,True,1,1,False,False,False,False,,True,False,False,Course Lock,196.8,67,16.4,93,E,S,6.26,6.93,Calm,False,False,Android,7.0.2,M300 RTK,1ZN7L4R0H1D00F,1W9DL31001461C,1ZMLH8300204F0,1Z6PH74DAP0QN7,"Corona, CA",728.3,5.7,137.7,8.547347,2.013246,0,0,DJI Matrice 300 RTK,M300 RTK,1ZN7L4R0H1D00F,1W9DL31001461C,1ZMLH8300204F0,1Z6PH74DAP0QN7,DJI Pilot,Android,7.0.2,1EF72A62-B7C3-C88D-164E-CE6F8C8424AE,1ZN7L4R0H1D00F,1W9DL31001461C,,1ZMLH8300204F0,1W9DL31001461C,,,,,
2023-11-01,11:26:31.76 AM,2m 9.4s,129.4,33.8011263622668,-117.4678583171944,69.8,69.8,14.7,1334,871.1,4.951677,6.085134,-1.565858,0,-4.697574,1.342164,-0.223694,0,0.4,0.2,0.4,-109.3,250.7,250.7,Tripod,Other,,22,5,True,,True,False,,Smart,RC,False,True,False,,,True,,False,False,False,False,False,False,False,False,False,False,0,Follow Yaw,-88.9,0,-116.9,243.1,False,False,False,False,False,,0,0,False,False,No Card,100,100,1024,1316,1185,1230,2,False,False,False,False,False,0,False,False,False,False,93,,47.616,,9339,,10044,,47.616,,True,3.968,3.968,3.968,3.968,3.968,3.968,3.968,3.968,3.968,3.968,3.968,3.968,0,,False,False,True,,,,,,,,,,,,,,,False,False,18.982,,84.7,,75.7,,84.7,,1743,50,7,16,7,142958.5,19061.13,,Idle,,20,,10,,,20,Go Home,False,False,False,False,False,False,False,False,False,False,False,False,33.8027920380556,-117.4659261431046,843.9,2972.0,1049.4,396.9,True,1,1,False,False,False,False,,True,False,False,Course Lock,196.8,67,16.4,93,E,S,6.26,6.93,Calm,False,False,Android,7.0.2,M300 RTK,1ZN7L4R0H1D00F,1W9DL31001461C,1ZMLH8300204F0,1Z6PH74DAP0QN7,"Corona, CA",728.3,5.7,137.7,8.547347,2.013246,0,0,DJI Matrice 300 RTK,M300 RTK,1ZN7L4R0H1D00F,1W9DL31001461C,1ZMLH8300204F0,1Z6PH74DAP0QN7,DJI Pilot,Android,7.0.2,1EF72A62-B7C3-C88D-164E-CE6F8C8424AE,1ZN7L4R0H1D00F,1W9DL31001461C,,1ZMLH8300204F0,1W9DL31001461C,,,,,
2023-11-01,11:26:31.87 AM,2m 9.5s,129.5,33.8011256555618,-117.4678604025993,70.2,70.2,15.0,1334,871.8,4.951677,6.085134,-1.565858,0,-4.697574,1.342164,-0.223694,0,0.4,0.5,0.6,-109.1,250.9,247.8,Tripod,Other,,22,5,True,,True,False,,Smart,RC,False,True,False,,,True,,False,False,False,False,False,False,False,False,False,False,0,Follow Yaw,-88.9,0,-116.5,243.5,False,False,False,False,False,,0,0,False,False,No Card,100,100,1024,1317,1208,1105,2,False,False,False,False,False,0,False,False,False,False,93,,47.616,,9339,,10044,,47.616,,True,3.968,3.968,3.968,3.968,3.968,3.968,3.968,3.968,3.968,3.968,3.968,3.968,0,,False,False,True,,,,,,,,,,,,,,,False,False,18.982,,84.7,,75.7,,84.7,,1743,50,7,16,7,142958.5,19061.13,,Idle,,20,,10,,,20,Go Home,False,False,False,False,False,False,False,False,False,False,False,False,33.8027920380556,-117.4659261431046,844.6,2972.0,1049.4,396.9,True,1,1,False,False,False,False,,True,False,False,Course Lock,196.8,67,16.4,93,E,S,6.26,6.93,Calm,False,False,Android,7.0.2,M300 RTK,1ZN7L4R0H1D00F,1W9DL31001461C,1ZMLH8300204F0,1Z6PH74DAP0QN7,"Corona, CA",728.3,5.7,137.7,8.547347,2.013246,0,0,DJI Matrice 300 RTK,M300 RTK,1ZN7L4R0H1D00F,1W9DL31001461C,1ZMLH8300204F0,1Z6PH74DAP0QN7,DJI Pilot,Android,7.0.2,1EF72A62-B7C3-C88D-164E-CE6F8C8424AE,1ZN7L4R0H1D00F,1W9DL31001461C,,1ZMLH8300204F0,1W9DL31001461C,,,,,
2023-11-01,11:26:31.97 AM,2m 9.6s,129.6,33.8011249877832,-117.4678627545348,70.2,70.2,14.7,1334,872.6,4.951677,6.085134,-1.565858,0,-4.697574,1.342164,-0.223694,0,0.4,0.9,0.9,-108.8,251.2,251.1,Tripod,Other,,21,5,True,,True,False,,Smart,RC,False,True,False,,,True,,False,False,False,False,False,False,False,False,False,False,0,Follow Yaw,-88.9,0,-116.2,243.8,False,False,False,False,False,,0,0,False,False,No Card,100,100,1024,1317,1212,1088,2,False,False,False,False,False,0,False,False,False,False,93,,47.616,,9339,,10044,,47.616,,True,3.968,3.968,3.968,3.968,3.968,3.968,3.968,3.968,3.968,3.968,3.968,3.968,0,,False,False,True,,,,,,,,,,,,,,,False,False,18.982,,84.7,,75.7,,84.7,,1743,50,7,16,7,142958.5,19061.13,,Idle,,20,,10,,,20,Go Home,False,False,False,False,False,False,False,False,False,False,False,False,33.8027920380556,-117.4659261431046,845.2,2972.0,1049.4,396.9,True,1,1,False,False,False,False,,True,False,False,Course Lock,196.8,67,16.4,93,E,S,6.26,6.93,Calm,False,False,Android,7.0.2,M300 RTK,1ZN7L4R0H1D00F,1W9DL31001461C,1ZMLH8300204F0,1Z6PH74DAP0QN7,"Corona, CA",728.3,5.7,137.7,8.547347,2.013246,0,0,DJI Matrice 300 RTK,M300 RTK,1ZN7L4R0H1D00F,1W9DL31001461C,1ZMLH8300204F0,1Z6PH74DAP0QN7,DJI Pilot,Android,7.0.2,1EF72A62-B7C3-C88D-164E-CE6F8C8424AE,1ZN7L4R0H1D00F,1W9DL31001461C,,1ZMLH8300204F0,1W9DL31001461C,,,,,
2023-11-01,11:26:32.07 AM,2m 9.7s,129.7,33.8011243172632,-117.4678651803601,70.2,70.2,15.0,1334,873.3,4.951677,6.085134,-1.565858,0,-4.697574,1.342164,-0.223694,0,0.4,0.4,0.5,-108.6,251.4,251.6,Tripod,Other,,21,5,True,,True,False,,Smart,RC,False,True,False,,,True,,False,False,False,False,False,False,False,False,False,False,0,Follow Yaw,-88.9,0,-116.1,243.9,False,False,False,False,False,,0,0,False,False,No Card,100,100,1024,1318,1208,1106,2,False,False,False,False,False,0,False,False,False,False,93,,47.616,,9339,,10044,,47.616,,True,3.968,3.968,3.968,3.968,3.968,3.968,3.968,3.968,3.968,3.968,3.968,3.968,0,,False,False,True,,,,,,,,,,,,,,,False,False,18.982,,84.7,,75.7,,84.7,,1743,50,7,16,7,142958.5,19061.13,,Idle,,20,,10,,,20,Go Home,False,False,False,False,False,False,False,False,False,False,False,False,33.8027920380556,-117.4659261431046,845.9,2972.0,1049.4,396.9,True,1,1,False,False,False,False,,True,False,False,Course Lock,196.8,67,16.4,93,E,S,6.26,6.93,Calm,False,False,Android,7.0.2,M300 RTK,1ZN7L4R0H1D00F,1W9DL31001461C,1ZMLH8300204F0,1Z6PH74DAP0QN7,"Corona, CA",728.3,5.7,137.7,8.547347,2.013246,0,0,DJI Matrice 300 RTK,M300 RTK,1ZN7L4R0H1D00F,1W9DL31001461C,1ZMLH8300204F0,1Z6PH74DAP0QN7,DJI Pilot,Android,7.0.2,1EF72A62-B7C3-C88D-164E-CE6F8C8424AE,1ZN7L4R0H1D00F,1W9DL31001461C,,1ZMLH8300204F0,1W9DL31001461C,,,,,
2023-11-01,11:26:32.14 AM,2m 9.8s,129.8,33.8011236747044,-117.4678675560459,70.2,70.2,15.0,1334,874.1,4.951677,6.085134,-1.565858,0,-4.697574,1.342164,-0.223694,0,0.5,0,0.5,-108.3,251.7,251.9,Tripod,Other,,21,5,True,,True,False,,Smart,RC,False,True,False,,,True,,False,False,False,False,False,False,False,False,False,False,0,Follow Yaw,-88.9,0,-115.9,244.1,False,False,False,False,False,,0,0,False,False,No Card,100,100,1024,1319,1203,1121,2,False,False,False,False,False,0,False,False,False,False,93,,47.616,,9339,,10044,,47.616,,True,3.968,3.968,3.968,3.968,3.968,3.968,3.968,3.968,3.968,3.968,3.968,3.968,0,,False,False,True,,,,,,,,,,,,,,,False,False,18.982,,84.7,,75.7,,84.7,,1743,50,7,16,7,142958.5,19061.13,,Idle,,20,,10,,,20,Go Home,False,False,False,False,False,False,False,False,False,False,False,False,33.8027920380556,-117.4659261431046,846.6,2972.0,1049.4,396.9,True,1,1,False,False,False,False,,True,False,False,Course Lock,196.8,67,16.4,93,E,S,6.26,6.93,Calm,False,False,Android,7.0.2,M300 RTK,1ZN7L4R0H1D00F,1W9DL31001461C,1ZMLH8300204F0,1Z6PH74DAP0QN7,"Corona, CA",728.3,5.7,137.7,8.547347,2.013246,0,0,DJI Matrice 300 RTK,M300 RTK,1ZN7L4R0H1D00F,1W9DL31001461C,1ZMLH8300204F0,1Z6PH74DAP0QN7,DJI Pilot,Android,7.0.2,1EF72A62-B7C3-C88D-164E-CE6F8C8424AE,1ZN7L4R0H1D00F,1W9DL31001461C,,1ZMLH8300204F0,1W9DL31001461C,,,,,
2023-11-01,11:26:32.24 AM,2m 9.9s,129.9,33.8011230091187,-117.4678702985413,70.2,70.2,14.7,1334,875.0,4.951677,6.085134,-1.565858,0,-4.697574,1.342164,-0.223694,0,0.5,-0.1,0.5,-108.1,251.9,253.7,Tripod,Other,,21,5,True,,True,False,,Smart,RC,False,True,False,,,True,,False,False,False,False,False,False,False,False,False,False,0,Follow Yaw,-88.9,0,-115.8,244.2,False,False,False,False,False,,0,0,False,False,No Card,100,100,1024,1319,1199,1124,2,False,False,False,False,False,0,False,False,False,False,93,,47.616,,9339,,10044,,47.616,,True,3.968,3.968,3.968,3.968,3.968,3.968,3.968,3.968,3.968,3.968,3.968,3.968,0,,False,False,True,,,,,,,,,,,,,,,False,False,18.982,,84.7,,75.7,,84.7,,1743,50,7,16,7,142958.5,19061.13,,Idle,,20,,10,,,20,Go Home,False,False,False,False,False,False,False,False,False,False,False,False,33.8027920380556,-117.4659261431046,847.4,2972.0,1049.4,396.9,True,1,1,False,False,False,False,,True,False,False,Course Lock,196.8,67,16.4,93,E,S,6.26,6.93,Calm,False,False,Android,7.0.2,M300 RTK,1ZN7L4R0H1D00F,1W9DL31001461C,1ZMLH8300204F0,1Z6PH74DAP0QN7,"Corona, CA",728.3,5.7,137.7,8.547347,2.013246,0,0,DJI Matrice 300 RTK,M300 RTK,1ZN7L4R0H1D00F,1W9DL31001461C,1ZMLH8300204F0,1Z6PH74DAP0QN7,DJI Pilot,Android,7.0.2,1EF72A62-B7C3-C88D-164E-CE6F8C8424AE,1ZN7L4R0H1D00F,1W9DL31001461C,,1ZMLH8300204F0,1W9DL31001461C,,,,,
2023-11-01,11:26:32.34 AM,2m 10.0s,130.0,33.8011223720425,-117.4678727091927,70.2,70.2,14.7,1334,875.7,4.951677,6.085134,-1.565858,0,-4.697574,1.342164,-0.223694,0,0.6,0,0.6,-107.8,252.2,252.3,Tripod,Other,,21,5,True,,True,False,,Smart,RC,False,True,False,,,True,,False,False,False,False,False,False,False,False,False,False,0,Follow Yaw,-88.9,0,-115.6,244.4,False,False,False,False,False,,0,0,False,False,No Card,100,100,1024,1317,1201,1114,2,False,False,False,False,False,0,False,False,False,False,93,,47.592,,9339,,10044,,47.592,,True,3.968,3.968,3.968,3.968,3.968,3.968,3.968,3.968,3.968,3.968,3.968,3.968,0,,False,False,True,,,,,,,,,,,,,,,False,False,18.914,,84.7,,75.7,,84.7,,1743,50,7,16,7,142958.5,19061.13,,Idle,,20,,10,,,20,Go Home,False,False,False,False,False,False,False,False,False,False,False,False,33.8027920380556,-117.4659261431046,848.0,2972.0,1049.4,396.9,True,1,1,False,False,False,False,,True,False,False,Course Lock,196.8,67,16.4,93,E,S,6.26,6.93,Calm,False,False,Android,7.0.2,M300 RTK,1ZN7L4R0H1D00F,1W9DL31001461C,1ZMLH8300204F0,1Z6PH74DAP0QN7,"Corona, CA",728.3,5.7,137.7,8.547347,2.013246,0,0,DJI Matrice 300 RTK,M300 RTK,1ZN7L4R0H1D00F,1W9DL31001461C,1ZMLH8300204F0,1Z6PH74DAP0QN7,DJI Pilot,Android,7.0.2,1EF72A62-B7C3-C88D-164E-CE6F8C8424AE,1ZN7L4R0H1D00F,1W9DL31001461C,,1ZMLH8300204F0,1W9DL31001461C,,,,,
2023-11-01,11:26:32.44 AM,2m 10.1s,130.1,33.8011218133672,-117.4678750532115,70.2,70.2,14.7,1334,876.5,4.88555,6.085134,-1.342164,0,-4.697574,1.342164,-0.223694,0,0.6,0.1,0.6,-107.6,252.4,253.9,Tripod,Other,,21,5,True,,True,False,,Smart,RC,False,True,False,,,True,,False,False,False,False,False,False,False,False,False,False,0,Follow Yaw,-88.9,0,-115.5,244.5,False,False,False,False,False,,0,0,False,False,No Card,100,100,1024,1314,1214,1072,2,False,False,False,False,False,0,False,False,False,False,93,,47.592,,9339,,10044,,47.592,,True,3.968,3.968,3.968,3.968,3.968,3.968,3.968,3.968,3.968,3.968,3.968,3.968,0,,False,False,True,,,,,,,,,,,,,,,False,False,18.914,,84.7,,75.7,,84.7,,1743,50,7,16,7,142958.5,19061.13,,Idle,,20,,10,,,20,Go Home,False,False,False,False,False,False,False,False,False,False,False,False,33.8027920380556,-117.4659261431046,848.7,2972.0,1049.4,396.9,True,1,1,False,False,False,False,,True,False,False,Course Lock,196.8,67,16.4,93,E,S,6.26,6.93,Calm,False,False,Android,7.0.2,M300 RTK,1ZN7L4R0H1D00F,1W9DL31001461C,1ZMLH8300204F0,1Z6PH74DAP0QN7,"Corona, CA",728.3,5.7,137.7,8.547347,2.013246,0,0,DJI Matrice 300 RTK,M300 RTK,1ZN7L4R0H1D00F,1W9DL31001461C,1ZMLH8300204F0,1Z6PH74DAP0QN7,DJI Pilot,Android,7.0.2,1EF72A62-B7C3-C88D-164E-CE6F8C8424AE,1ZN7L4R0H1D00F,1W9DL31001461C,,1ZMLH8300204F0,1W9DL31001461C,,,,,
2023-11-01,11:26:32.54 AM,2m 10.2s,130.2,33.8011211976731,-117.4678774566059,70.2,70.2,14.7,1334,877.2,4.88555,6.085134,-1.342164,0,-4.697574,1.342164,-0.223694,0,0.5,0.1,0.5,-107.5,252.5,252.8,Tripod,Other,,21,5,True,,True,False,,Smart,RC,False,True,False,,,True,,False,False,False,False,False,False,False,False,False,False,0,Follow Yaw,-88.9,0,-115.4,244.6,False,False,False,False,False,,0,0,False,False,No Card,100,100,1024,1316,1226,1046,2,False,False,False,False,False,0,False,False,False,False,93,,47.592,,9339,,10044,,47.592,,True,3.968,3.968,3.968,3.968,3.968,3.968,3.968,3.968,3.968,3.968,3.968,3.968,0,,False,False,True,,,,,,,,,,,,,,,False,False,18.914,,84.7,,75.7,,84.7,,1743,50,7,16,7,142958.5,19061.13,,Idle,,20,,10,,,20,Go Home,False,False,False,False,False,False,False,False,False,False,False,False,33.8027920380556,-117.4659261431046,849.3,2972.0,1049.4,396.9,True,1,1,False,False,False,False,,True,False,False,Course Lock,196.8,67,16.4,93,E,S,6.26,6.93,Calm,False,False,Android,7.0.2,M300 RTK,1ZN7L4R0H1D00F,1W9DL31001461C,1ZMLH8300204F0,1Z6PH74DAP0QN7,"Corona, CA",728.3,5.7,137.7,8.547347,2.013246,0,0,DJI Matrice 300 RTK,M300 RTK,1ZN7L4R0H1D00F,1W9DL31001461C,1ZMLH8300204F0,1Z6PH74DAP0QN7,DJI Pilot,Android,7.0.2,1EF72A62-B7C3-C88D-164E-CE6F8C8424AE,1ZN7L4R0H1D00F,1W9DL31001461C,,1ZMLH8300204F0,1W9DL31001461C,,,,,
2023-11-01,11:26:32.64 AM,2m 10.3s,130.3,33.8011205775929,-117.467879765659,70.5,70.5,14.7,1334,878.0,4.88555,6.085134,-1.342164,0,-4.697574,1.342164,-0.223694,0,0.5,-0.2,0.5,-107.4,252.6,252.0,Tripod,Other,,21,5,True,,True,False,,Smart,RC,False,True,False,,,True,,False,False,False,False,False,False,False,False,False,False,0,Follow Yaw,-88.9,0,-115.4,244.6,False,False,False,False,False,,0,0,False,False,No Card,100,100,1024,1319,1220,1055,2,False,False,False,False,False,0,False,False,False,False,93,,47.592,,9339,,10044,,47.592,,True,3.968,3.968,3.968,3.968,3.968,3.968,3.968,3.968,3.968,3.968,3.968,3.968,0,,False,False,True,,,,,,,,,,,,,,,False,False,18.914,,84.7,,75.7,,84.7,,1745,50,7,16,7,142579.6,19010.62,,Idle,,20,,10,,,20,Go Home,False,False,False,False,False,False,False,False,False,False,False,False,33.8027920380556,-117.4659261431046,850.0,2972.0,1049.4,396.9,True,1,1,False,False,False,False,,True,False,False,Course Lock,196.8,67,16.4,93,E,S,6.26,6.93,Calm,False,False,Android,7.0.2,M300 RTK,1ZN7L4R0H1D00F,1W9DL31001461C,1ZMLH8300204F0,1Z6PH74DAP0QN7,"Corona, CA",728.3,5.7,137.7,8.547347,2.013246,0,0,DJI Matrice 300 RTK,M300 RTK,1ZN7L4R0H1D00F,1W9DL31001461C,1ZMLH8300204F0,1Z6PH74DAP0QN7,DJI Pilot,Android,7.0.2,1EF72A62-B7C3-C88D-164E-CE6F8C8424AE,1ZN7L4R0H1D00F,1W9DL31001461C,,1ZMLH8300204F0,1W9DL31001461C,,,,,
2023-11-01,11:26:32.74 AM,2m 10.4s,130.4,33.8011199745087,-117.4678821545394,70.5,70.5,14.7,1334,878.7,4.88555,6.085134,-1.342164,0,-4.697574,1.342164,-0.223694,0,0.5,-0.4,0.6,-107.4,252.6,253.1,Tripod,Other,,21,5,True,,True,False,,Smart,RC,False,True,False,,,True,,False,False,False,False,False,False,False,False,False,False,0,Follow Yaw,-88.9,0,-115.4,244.6,False,False,False,False,False,,0,0,False,False,No Card,100,100,1024,1319,1219,1060,2,False,False,False,False,False,0,False,False,False,False,93,,47.592,,9339,,10044,,47.592,,True,3.968,3.968,3.968,3.968,3.968,3.968,3.968,3.968,3.968,3.968,3.968,3.968,0,,False,False,True,,,,,,,,,,,,,,,False,False,18.914,,84.7,,75.7,,84.7,,1745,50,7,16,7,142579.6,19010.62,,Idle,,20,,10,,,20,Go Home,False,False,False,False,False,False,False,False,False,False,False,False,33.8027920380556,-117.4659261431046,850.6,2972.0,1049.4,396.9,True,1,1,False,False,False,False,,True,False,False,Course Lock,196.8,67,16.4,93,E,S,6.26,6.93,Calm,False,False,Android,7.0.2,M300 RTK,1ZN7L4R0H1D00F,1W9DL31001461C,1ZMLH8300204F0,1Z6PH74DAP0QN7,"Corona, CA",728.3,5.7,137.7,8.547347,2.013246,0,0,DJI Matrice 300 RTK,M300 RTK,1ZN7L4R0H1D00F,1W9DL31001461C,1ZMLH8300204F0,1Z6PH74DAP0QN7,DJI Pilot,Android,7.0.2,1EF72A62-B7C3-C88D-164E-CE6F8C8424AE,1ZN7L4R0H1D00F,1W9DL31001461C,,1ZMLH8300204F0,1W9DL31001461C,,,,,
2023-11-01,11:26:32.84 AM,2m 10.5s,130.5,33.8011193050852,-117.467884594219,70.5,70.5,14.7,1334,879.5,4.88555,6.085134,-1.342164,0,-4.697574,1.342164,-0.223694,0,0.4,-0.4,0.5,-107.4,252.6,251.7,Tripod,Other,,21,5,True,,True,False,,Smart,RC,False,True,False,,,True,,False,False,False,False,False,False,False,False,False,False,0,Follow Yaw,-88.9,0,-115.4,244.6,False,False,False,False,False,,0,0,False,False,No Card,100,100,1024,1320,1218,1066,2,False,False,False,False,False,0,False,False,False,False,93,,47.592,,9339,,10044,,47.592,,True,3.968,3.968,3.968,3.968,3.968,3.968,3.968,3.968,3.968,3.968,3.968,3.968,0,,False,False,True,,,,,,,,,,,,,,,False,False,18.914,,84.7,,75.7,,84.7,,1745,50,7,16,7,142579.6,19010.62,,Idle,,20,,10,,,20,Go Home,False,False,False,False,False,False,False,False,False,False,False,False,33.8027920380556,-117.4659261431046,851.3,2972.0,1049.4,396.9,True,1,1,False,False,False,False,,True,False,False,Course Lock,196.8,67,16.4,93,E,S,6.26,6.93,Calm,False,False,Android,7.0.2,M300 RTK,1ZN7L4R0H1D00F,1W9DL31001461C,1ZMLH8300204F0,1Z6PH74DAP0QN7,"Corona, CA",728.3,5.7,137.7,8.547347,2.013246,0,0,DJI Matrice 300 RTK,M300 RTK,1ZN7L4R0H1D00F,1W9DL31001461C,1ZMLH8300204F0,1Z6PH74DAP0QN7,DJI Pilot,Android,7.0.2,1EF72A62-B7C3-C88D-164E-CE6F8C8424AE,1ZN7L4R0H1D00F,1W9DL31001461C,,1ZMLH8300204F0,1W9DL31001461C,,,,,
2023-11-01,11:26:32.94 AM,2m 10.6s,130.6,33.8011186910359,-117.4678869824396,70.5,70.5,14.7,1334,880.3,4.88555,6.085134,-1.342164,0,-4.697574,1.342164,-0.223694,0,0.4,-0.3,0.5,-107.4,252.6,252.8,Tripod,Other,,21,5,True,,True,False,,Smart,RC,False,True,False,,,True,,False,False,False,False,False,False,False,False,False,False,0,Follow Yaw,-88.9,0,-115.3,244.7,False,False,False,False,False,,0,0,False,False,No Card,100,100,1024,1318,1215,1077,2,False,False,False,False,False,0,False,False,False,False,93,,47.592,,9339,,10044,,47.592,,True,3.968,3.968,3.968,3.968,3.968,3.968,3.968,3.968,3.968,3.968,3.968,3.968,0,,False,False,True,,,,,,,,,,,,,,,False,False,18.914,,84.7,,75.7,,84.7,,1745,50,7,16,7,142579.6,19010.62,,Idle,,20,,10,,,20,Go Home,False,False,False,False,False,False,False,False,False,False,False,False,33.8027920380556,-117.4659261431046,852.0,2972.0,1049.4,396.9,True,1,1,False,False,False,False,,True,False,False,Course Lock,196.8,67,16.4,93,E,S,6.26,6.93,Calm,False,False,Android,7.0.2,M300 RTK,1ZN7L4R0H1D00F,1W9DL31001461C,1ZMLH8300204F0,1Z6PH74DAP0QN7,"Corona, CA",728.3,5.7,137.7,8.547347,2.013246,0,0,DJI Matrice 300 RTK,M300 RTK,1ZN7L4R0H1D00F,1W9DL31001461C,1ZMLH8300204F0,1Z6PH74DAP0QN7,DJI Pilot,Android,7.0.2,1EF72A62-B7C3-C88D-164E-CE6F8C8424AE,1ZN7L4R0H1D00F,1W9DL31001461C,,1ZMLH8300204F0,1W9DL31001461C,,,,,
2023-11-01,11:26:33.04 AM,2m 10.7s,130.7,33.801118158677,-117.4678894076051,70.5,70.5,14.7,1334,881.0,4.88555,6.085134,-1.342164,0,-4.697574,1.342164,-0.223694,0,0.4,-0.1,0.4,-107.4,252.6,255.2,Tripod,Other,,21,5,True,,True,False,,Smart,RC,False,True,False,,,True,,False,False,False,False,False,False,False,False,False,False,0,Follow Yaw,-88.9,0,-115.3,244.7,False,False,False,False,False,,0,0,False,False,No Card,100,100,1024,1318,1217,1077,2,False,False,False,False,False,0,False,False,False,False,93,,47.592,,9339,,10044,,47.592,,True,3.968,3.968,3.968,3.968,3.968,3.968,3.968,3.968,3.968,3.968,3.968,3.968,0,,False,False,True,,,,,,,,,,,,,,,False,False,18.914,,84.7,,75.7,,84.7,,1745,50,7,16,7,142579.6,19010.62,,Idle,,20,,10,,,20,Go Home,False,False,False,False,False,False,False,False,False,False,False,False,33.8027920380556,-117.4659261431046,852.7,2972.0,1049.4,396.9,True,1,1,False,False,False,False,,True,False,False,Course Lock,196.8,67,16.4,93,E,S,6.26,6.93,Calm,False,False,Android,7.0.2,M300 RTK,1ZN7L4R0H1D00F,1W9DL31001461C,1ZMLH8300204F0,1Z6PH74DAP0QN7,"Corona, CA",728.3,5.7,137.7,8.547347,2.013246,0,0,DJI Matrice 300 RTK,M300 RTK,1ZN7L4R0H1D00F,1W9DL31001461C,1ZMLH8300204F0,1Z6PH74DAP0QN7,DJI Pilot,Android,7.0.2,1EF72A62-B7C3-C88D-164E-CE6F8C8424AE,1ZN7L4R0H1D00F,1W9DL31001461C,,1ZMLH8300204F0,1W9DL31001461C,,,,,
2023-11-01,11:26:33.14 AM,2m 10.8s,130.8,33.8011175528515,-117.4678917964855,70.5,70.5,14.7,1334,881.8,4.88555,6.085134,-1.342164,0,-4.697574,1.342164,-0.223694,0,0.5,0,0.5,-107.4,252.6,253.0,Tripod,Other,,21,5,True,,True,False,,Smart,RC,False,True,False,,,True,,False,False,False,False,False,False,False,False,False,False,0,Follow Yaw,-88.9,0,-115.2,244.8,False,False,False,False,False,,0,0,False,False,No Card,100,100,1024,1316,1220,1073,2,False,False,False,False,False,0,False,False,False,False,93,,47.592,,9339,,10044,,47.592,,True,3.968,3.968,3.968,3.968,3.968,3.968,3.968,3.968,3.968,3.968,3.968,3.968,0,,False,False,True,,,,,,,,,,,,,,,False,False,18.914,,84.7,,75.7,,84.7,,1745,50,7,16,7,142579.6,19010.62,,Idle,,20,,10,,,20,Go Home,False,False,False,False,False,False,False,False,False,False,False,False,33.8027920380556,-117.4659261431046,853.3,2972.0,1049.4,396.9,True,1,1,False,False,False,False,,True,False,False,Course Lock,196.8,67,16.4,93,E,S,6.26,6.93,Calm,False,False,Android,7.0.2,M300 RTK,1ZN7L4R0H1D00F,1W9DL31001461C,1ZMLH8300204F0,1Z6PH74DAP0QN7,"Corona, CA",728.3,5.7,137.7,8.547347,2.013246,0,0,DJI Matrice 300 RTK,M300 RTK,1ZN7L4R0H1D00F,1W9DL31001461C,1ZMLH8300204F0,1Z6PH74DAP0QN7,DJI Pilot,Android,7.0.2,1EF72A62-B7C3-C88D-164E-CE6F8C8424AE,1ZN7L4R0H1D00F,1W9DL31001461C,,1ZMLH8300204F0,1W9DL31001461C,,,,,
2023-11-01,11:26:33.24 AM,2m 10.9s,130.9,33.8011167874828,-117.467894046163,70.8,70.8,14.7,1335,882.5,4.88555,6.085134,-1.342164,0,-4.697574,1.342164,-0.223694,0,0.5,0,0.5,-107.3,252.7,247.7,Tripod,Other,,21,5,True,,True,False,,Smart,RC,False,True,False,,,True,,False,False,False,False,False,False,False,False,False,False,0,Follow Yaw,-88.9,0,-115.1,244.9,False,False,False,False,False,,0,0,False,False,No Card,100,100,1024,1316,1221,1072,2,False,False,False,False,False,0,False,False,False,False,93,,47.592,,9339,,10044,,47.592,,True,3.968,3.968,3.968,3.968,3.968,3.968,3.968,3.968,3.968,3.968,3.968,3.968,0,,False,False,True,,,,,,,,,,,,,,,False,False,18.914,,84.7,,75.7,,84.7,,1745,50,7,16,7,142579.6,19010.62,,Idle,,20,,10,,,20,Go Home,False,False,False,False,False,False,False,False,False,False,False,False,33.8027920380556,-117.4659261431046,854.0,2972.0,1049.4,396.9,True,1,1,False,False,False,False,,True,False,False,Course Lock,196.8,67,16.4,93,E,S,6.26,6.93,Calm,False,False,Android,7.0.2,M300 RTK,1ZN7L4R0H1D00F,1W9DL31001461C,1ZMLH8300204F0,1Z6PH74DAP0QN7,"Corona, CA",728.3,5.7,137.7,8.547347,2.013246,0,0,DJI Matrice 300 RTK,M300 RTK,1ZN7L4R0H1D00F,1W9DL31001461C,1ZMLH8300204F0,1Z6PH74DAP0QN7,DJI Pilot,Android,7.0.2,1EF72A62-B7C3-C88D-164E-CE6F8C8424AE,1ZN7L4R0H1D00F,1W9DL31001461C,,1ZMLH8300204F0,1W9DL31001461C,,,,,
2023-11-01,11:26:33.31 AM,2m 11.0s,131.0,33.8011161701439,-117.4678964218488,70.8,70.8,14.7,1335,883.3,4.88555,6.085134,-1.342164,0,-4.697574,1.342164,-0.223694,0,0.4,0,0.4,-107.2,252.8,252.6,Tripod,Other,,21,5,True,,True,False,,Smart,RC,False,True,False,,,True,,False,False,False,False,False,False,False,False,False,False,0,Follow Yaw,-88.9,0,-115.1,244.9,False,False,False,False,False,,0,0,False,False,No Card,100,100,1024,1318,1218,1090,2,False,False,False,False,False,0,False,False,False,False,93,,47.664,,9339,,10044,,47.664,,True,3.968,3.968,3.968,3.968,3.968,3.968,3.968,3.968,3.968,3.968,3.968,3.968,0,,False,False,True,,,,,,,,,,,,,,,False,False,18.6,,84.7,,75.7,,84.7,,1745,50,7,16,7,142579.6,19010.62,,Idle,,20,,10,,,20,Go Home,False,False,False,False,False,False,False,False,False,False,False,False,33.8027920380556,-117.4659261431046,854.7,2972.0,1049.4,396.9,True,1,1,False,False,False,False,,True,False,False,Course Lock,196.8,67,16.4,93,E,S,6.26,6.93,Calm,False,False,Android,7.0.2,M300 RTK,1ZN7L4R0H1D00F,1W9DL31001461C,1ZMLH8300204F0,1Z6PH74DAP0QN7,"Corona, CA",728.3,5.7,137.7,8.547347,2.013246,0,0,DJI Matrice 300 RTK,M300 RTK,1ZN7L4R0H1D00F,1W9DL31001461C,1ZMLH8300204F0,1Z6PH74DAP0QN7,DJI Pilot,Android,7.0.2,1EF72A62-B7C3-C88D-164E-CE6F8C8424AE,1ZN7L4R0H1D00F,1W9DL31001461C,,1ZMLH8300204F0,1W9DL31001461C,,,,,
2023-11-01,11:26:33.44 AM,2m 11.1s,131.1,33.8011156213373,-117.4678990218426,70.8,70.8,14.7,1335,884.1,4.88555,6.085134,-1.342164,0,-4.697574,1.342164,-0.223694,0,0.4,0,0.4,-107.1,252.9,255.7,Tripod,Other,,21,5,True,,True,False,,Smart,RC,False,True,False,,,True,,False,False,False,False,False,False,False,False,False,False,0,Follow Yaw,-88.9,0,-115,245,False,False,False,False,False,,0,0,False,False,No Card,100,100,1024,1321,1193,1190,2,False,False,False,False,False,0,False,False,False,False,93,,47.664,,9339,,10044,,47.664,,True,3.968,3.968,3.968,3.968,3.968,3.968,3.968,3.968,3.968,3.968,3.968,3.968,0,,False,False,True,,,,,,,,,,,,,,,False,False,18.6,,84.7,,75.7,,84.7,,1745,50,7,16,7,142579.6,19010.62,,Idle,,20,,10,,,20,Go Home,False,False,False,False,False,False,False,False,False,False,False,False,33.8027920380556,-117.4659261431046,855.4,2972.0,1049.4,396.9,True,1,1,False,False,False,False,,True,False,False,Course Lock,196.8,67,16.4,93,E,S,6.26,6.93,Calm,False,False,Android,7.0.2,M300 RTK,1ZN7L4R0H1D00F,1W9DL31001461C,1ZMLH8300204F0,1Z6PH74DAP0QN7,"Corona, CA",728.3,5.7,137.7,8.547347,2.013246,0,0,DJI Matrice 300 RTK,M300 RTK,1ZN7L4R0H1D00F,1W9DL31001461C,1ZMLH8300204F0,1Z6PH74DAP0QN7,DJI Pilot,Android,7.0.2,1EF72A62-B7C3-C88D-164E-CE6F8C8424AE,1ZN7L4R0H1D00F,1W9DL31001461C,,1ZMLH8300204F0,1W9DL31001461C,,,,,
2023-11-01,11:26:33.52 AM,2m 11.2s,131.2,33.8011150072879,-117.4679014232578,70.8,70.8,14.7,1335,884.8,4.88555,6.085134,-1.342164,0,-4.697574,1.342164,-0.223694,0,0.5,0.4,0.6,-106.9,253.1,252.8,Tripod,Other,,22,5,True,,True,False,,Smart,RC,False,True,False,,,True,,False,False,False,False,False,False,False,False,False,False,0,Follow Yaw,-88.9,0,-114.7,245.3,False,False,False,False,False,,0,0,False,False,No Card,100,100,1024,1319,1198,1180,2,False,False,False,False,False,0,False,False,False,False,93,,47.664,,9339,,10044,,47.664,,True,3.968,3.968,3.968,3.968,3.968,3.968,3.968,3.968,3.968,3.968,3.968,3.968,0,,False,False,True,,,,,,,,,,,,,,,False,False,18.6,,84.7,,75.7,,84.7,,1745,50,7,16,7,142579.6,19010.62,,Idle,,20,,10,,,20,Go Home,False,False,False,False,False,False,False,False,False,False,False,False,33.8027920380556,-117.4659261431046,856.0,2972.0,1049.4,396.9,True,1,1,False,False,False,False,,True,False,False,Course Lock,196.8,67,16.4,93,E,S,6.26,6.93,Calm,False,False,Android,7.0.2,M300 RTK,1ZN7L4R0H1D00F,1W9DL31001461C,1ZMLH8300204F0,1Z6PH74DAP0QN7,"Corona, CA",728.3,5.7,137.7,8.547347,2.013246,0,0,DJI Matrice 300 RTK,M300 RTK,1ZN7L4R0H1D00F,1W9DL31001461C,1ZMLH8300204F0,1Z6PH74DAP0QN7,DJI Pilot,Android,7.0.2,1EF72A62-B7C3-C88D-164E-CE6F8C8424AE,1ZN7L4R0H1D00F,1W9DL31001461C,,1ZMLH8300204F0,1W9DL31001461C,,,,,
2023-11-01,11:26:33.64 AM,2m 11.3s,131.3,33.8011144546435,-117.4679036749144,70.8,70.8,14.4,1335,885.5,4.88555,6.085134,-1.342164,0,-4.697574,1.342164,-0.223694,0,0.5,0.9,1,-106.8,253.2,253.5,Tripod,Other,,22,5,True,,True,False,,Smart,RC,False,True,False,,,True,,False,False,False,False,False,False,False,False,False,False,0,Follow Yaw,-88.9,0,-114.4,245.6,False,False,False,False,False,,0,0,False,False,No Card,100,100,1024,1316,1202,1162,2,False,False,False,False,False,0,False,False,False,False,93,,47.664,,9339,,10044,,47.664,,True,3.969,3.969,3.969,3.969,3.969,3.969,3.969,3.969,3.969,3.969,3.969,3.969,0,,False,False,True,,,,,,,,,,,,,,,False,False,18.6,,84.7,,75.7,,84.7,,1748,50,7,16,7,142241.4,18965.52,,Idle,,20,,10,,,20,Go Home,False,False,False,False,False,False,False,False,False,False,False,False,33.8027920380556,-117.4659261431046,856.6,2972.0,1049.4,396.9,True,1,1,False,False,False,False,,True,False,False,Course Lock,196.8,67,16.4,93,E,S,6.26,6.93,Calm,False,False,Android,7.0.2,M300 RTK,1ZN7L4R0H1D00F,1W9DL31001461C,1ZMLH8300204F0,1Z6PH74DAP0QN7,"Corona, CA",728.3,5.7,137.7,8.547347,2.013246,0,0,DJI Matrice 300 RTK,M300 RTK,1ZN7L4R0H1D00F,1W9DL31001461C,1ZMLH8300204F0,1Z6PH74DAP0QN7,DJI Pilot,Android,7.0.2,1EF72A62-B7C3-C88D-164E-CE6F8C8424AE,1ZN7L4R0H1D00F,1W9DL31001461C,,1ZMLH8300204F0,1W9DL31001461C,,,,,
2023-11-01,11:26:33.73 AM,2m 11.4s,131.4,33.8011138712966,-117.4679060664338,70.8,70.8,14.4,1335,886.3,4.88555,6.085134,-1.342164,0,-4.697574,1.342164,-0.223694,0,0.5,1.1,1.2,-106.6,253.4,253.6,Tripod,Other,,21,5,True,,True,False,,Smart,RC,False,True,False,,,True,,False,False,False,False,False,False,False,False,False,False,0,Follow Yaw,-88.9,0,-114.1,245.9,False,False,False,False,False,,0,0,False,False,No Card,100,100,1024,1316,1204,1152,2,False,False,False,False,False,0,False,False,False,False,93,,47.664,,9339,,10044,,47.664,,True,3.969,3.969,3.969,3.969,3.969,3.969,3.969,3.969,3.969,3.969,3.969,3.969,0,,False,False,True,,,,,,,,,,,,,,,False,False,18.6,,84.7,,75.7,,84.7,,1748,50,7,16,7,142241.4,18965.52,,Idle,,20,,10,,,20,Go Home,False,False,False,False,False,False,False,False,False,False,False,False,33.8027920380556,-117.4659261431046,857.3,2972.0,1049.4,396.9,True,1,1,False,False,False,False,,True,False,False,Course Lock,196.8,67,16.4,93,E,S,6.26,6.93,Calm,False,False,Android,7.0.2,M300 RTK,1ZN7L4R0H1D00F,1W9DL31001461C,1ZMLH8300204F0,1Z6PH74DAP0QN7,"Corona, CA",728.3,5.7,137.7,8.547347,2.013246,0,0,DJI Matrice 300 RTK,M300 RTK,1ZN7L4R0H1D00F,1W9DL31001461C,1ZMLH8300204F0,1Z6PH74DAP0QN7,DJI Pilot,Android,7.0.2,1EF72A62-B7C3-C88D-164E-CE6F8C8424AE,1ZN7L4R0H1D00F,1W9DL31001461C,,1ZMLH8300204F0,1W9DL31001461C,,,,,
2023-11-01,11:26:33.83 AM,2m 11.5s,131.5,33.8011133526442,-117.4679083886815,70.8,70.8,14.4,1335,887.0,4.88555,6.085134,-1.342164,0,-4.697574,1.342164,-0.223694,0,0.5,0.9,1,-106.3,253.7,254.9,Tripod,Other,,21,5,True,,True,False,,Smart,RC,False,True,False,,,True,,False,False,False,False,False,False,False,False,False,False,0,Follow Yaw,-88.9,0,-113.8,246.2,False,False,False,False,False,,0,0,False,False,No Card,100,100,1024,1315,1214,1094,2,False,False,False,False,False,0,False,False,False,False,93,,47.664,,9339,,10044,,47.664,,True,3.969,3.969,3.969,3.969,3.969,3.969,3.969,3.969,3.969,3.969,3.969,3.969,0,,False,False,True,,,,,,,,,,,,,,,False,False,18.6,,84.7,,75.7,,84.7,,1748,50,7,16,7,142241.4,18965.52,,Idle,,20,,10,,,20,Go Home,False,False,False,False,False,False,False,False,False,False,False,False,33.8027920380556,-117.4659261431046,857.9,2972.0,1049.4,396.9,True,1,1,False,False,False,False,,True,False,False,Course Lock,196.8,67,16.4,93,E,S,6.26,6.93,Calm,False,False,Android,7.0.2,M300 RTK,1ZN7L4R0H1D00F,1W9DL31001461C,1ZMLH8300204F0,1Z6PH74DAP0QN7,"Corona, CA",728.3,5.7,137.7,8.547347,2.013246,0,0,DJI Matrice 300 RTK,M300 RTK,1ZN7L4R0H1D00F,1W9DL31001461C,1ZMLH8300204F0,1Z6PH74DAP0QN7,DJI Pilot,Android,7.0.2,1EF72A62-B7C3-C88D-164E-CE6F8C8424AE,1ZN7L4R0H1D00F,1W9DL31001461C,,1ZMLH8300204F0,1W9DL31001461C,,,,,
2023-11-01,11:26:33.94 AM,2m 11.6s,131.6,33.8011128093202,-117.4679107881176,71.1,71.1,14.4,1335,887.8,4.88555,6.085134,-1.342164,0,-4.697574,1.342164,-0.223694,0,0.4,0.6,0.7,-106,254,254.7,Tripod,Other,,21,5,True,,True,False,,Smart,RC,False,True,False,,,True,,False,False,False,False,False,False,False,False,False,False,0,Follow Yaw,-88.9,0,-113.7,246.3,False,False,False,False,False,,0,0,False,False,No Card,100,100,1024,1316,1231,1024,2,False,False,False,False,False,0,False,False,False,False,93,,47.664,,9339,,10044,,47.664,,True,3.969,3.969,3.969,3.969,3.969,3.969,3.969,3.969,3.969,3.969,3.969,3.969,0,,False,False,True,,,,,,,,,,,,,,,False,False,18.6,,84.7,,75.7,,84.7,,1748,50,7,16,7,142241.4,18965.52,,Idle,,20,,10,,,20,Go Home,False,False,False,False,False,False,False,False,False,False,False,False,33.8027920380556,-117.4659261431046,858.6,2972.0,1049.4,396.9,True,1,1,False,False,False,False,,True,False,False,Course Lock,196.8,67,16.4,93,E,S,6.26,6.93,Calm,False,False,Android,7.0.2,M300 RTK,1ZN7L4R0H1D00F,1W9DL31001461C,1ZMLH8300204F0,1Z6PH74DAP0QN7,"Corona, CA",728.3,5.7,137.7,8.547347,2.013246,0,0,DJI Matrice 300 RTK,M300 RTK,1ZN7L4R0H1D00F,1W9DL31001461C,1ZMLH8300204F0,1Z6PH74DAP0QN7,DJI Pilot,Android,7.0.2,1EF72A62-B7C3-C88D-164E-CE6F8C8424AE,1ZN7L4R0H1D00F,1W9DL31001461C,,1ZMLH8300204F0,1W9DL31001461C,,,,,
2023-11-01,11:26:34.04 AM,2m 11.7s,131.7,33.8011121305763,-117.4679132680406,71.1,71.1,14.4,1335,888.6,4.88555,6.085134,-1.342164,0,-4.697574,1.342164,-0.223694,0,0.3,0.1,0.3,-105.7,254.3,251.7,Tripod,Other,,21,5,True,,True,False,,Smart,RC,False,True,False,,,True,,False,False,False,False,False,False,False,False,False,False,0,Follow Yaw,-88.9,0,-113.7,246.3,False,False,False,False,False,,0,0,False,False,No Card,100,100,1024,1315,1227,1030,2,False,False,False,False,False,0,False,False,False,False,93,,47.604,,4636,,4986,,47.604,,True,3.969,3.969,3.969,3.969,3.969,3.969,3.969,3.969,3.969,3.969,3.969,3.969,0,,False,False,True,,,,,,,,,,,,,,,False,False,9.154,,83.8,,75.7,,84.7,,1748,50,7,16,7,142241.4,18965.52,,Idle,,20,,10,,,20,Go Home,False,False,False,False,False,False,False,False,False,False,False,False,33.8027920380556,-117.4659261431046,859.3,2972.0,1049.4,396.9,True,1,1,False,False,False,False,,True,False,False,Course Lock,196.8,67,16.4,93,E,S,6.26,6.93,Calm,False,False,Android,7.0.2,M300 RTK,1ZN7L4R0H1D00F,1W9DL31001461C,1ZMLH8300204F0,1Z6PH74DAP0QN7,"Corona, CA",728.3,5.7,137.7,8.547347,2.013246,0,0,DJI Matrice 300 RTK,M300 RTK,1ZN7L4R0H1D00F,1W9DL31001461C,1ZMLH8300204F0,1Z6PH74DAP0QN7,DJI Pilot,Android,7.0.2,1EF72A62-B7C3-C88D-164E-CE6F8C8424AE,1ZN7L4R0H1D00F,1W9DL31001461C,,1ZMLH8300204F0,1W9DL31001461C,,,,,
2023-11-01,11:26:34.15 AM,2m 11.8s,131.8,33.801111582318,-117.4679156826504,71.1,71.1,14.4,1335,889.3,4.88555,6.085134,-1.342164,0,-4.697574,1.342164,-0.223694,0,0.3,0,0.3,-105.6,254.4,254.7,Tripod,Other,,22,5,True,,True,False,,Smart,RC,False,True,False,,,True,,False,False,False,False,False,False,False,False,False,False,0,Follow Yaw,-88.9,0,-113.7,246.3,False,False,False,False,False,,0,0,False,False,No Card,100,100,1024,1316,1225,1039,2,False,False,False,False,False,0,False,False,False,False,93,,47.604,,4636,,4986,,47.604,,True,3.969,3.969,3.969,3.969,3.969,3.969,3.969,3.969,3.969,3.969,3.969,3.969,0,,False,False,True,,,,,,,,,,,,,,,False,False,9.154,,83.8,,75.7,,84.7,,1748,50,7,16,7,142241.4,18965.52,,Idle,,20,,10,,,20,Go Home,False,False,False,False,False,False,False,False,False,False,False,False,33.8027920380556,-117.4659261431046,859.9,2972.0,1049.4,396.9,True,1,1,False,False,False,False,,True,False,False,Course Lock,196.8,67,16.4,93,E,S,6.26,6.93,Calm,False,False,Android,7.0.2,M300 RTK,1ZN7L4R0H1D00F,1W9DL31001461C,1ZMLH8300204F0,1Z6PH74DAP0QN7,"Corona, CA",728.3,5.7,137.7,8.547347,2.013246,0,0,DJI Matrice 300 RTK,M300 RTK,1ZN7L4R0H1D00F,1W9DL31001461C,1ZMLH8300204F0,1Z6PH74DAP0QN7,DJI Pilot,Android,7.0.2,1EF72A62-B7C3-C88D-164E-CE6F8C8424AE,1ZN7L4R0H1D00F,1W9DL31001461C,,1ZMLH8300204F0,1W9DL31001461C,,,,,
2023-11-01,11:26:34.25 AM,2m 11.9s,131.9,33.801111172769,-117.4679183242072,71.1,71.1,14.4,1335,890.2,4.88555,6.085134,-1.342164,0,-4.697574,1.342164,-0.223694,0,0.3,-0.1,0.3,-105.4,254.6,259.4,Tripod,Other,,22,5,True,,True,False,,Smart,RC,False,True,False,,,True,,False,False,False,False,False,False,False,False,False,False,0,Follow Yaw,-88.9,0,-113.7,246.3,False,False,False,False,False,,0,0,False,False,No Card,100,100,1024,1316,1213,1090,2,False,False,False,False,False,0,False,False,False,False,93,,47.604,,4636,,4986,,47.604,,True,3.969,3.969,3.969,3.969,3.969,3.969,3.969,3.969,3.969,3.969,3.969,3.969,0,,False,False,True,,,,,,,,,,,,,,,False,False,9.154,,83.8,,75.7,,84.7,,1748,50,7,16,7,142241.4,18965.52,,Idle,,20,,10,,,20,Go Home,False,False,False,False,False,False,False,False,False,False,False,False,33.8027920380556,-117.4659261431046,860.6,2972.0,1049.4,396.9,True,1,1,False,False,False,False,,True,False,False,Course Lock,196.8,67,16.4,93,E,S,6.26,6.93,Calm,False,False,Android,7.0.2,M300 RTK,1ZN7L4R0H1D00F,1W9DL31001461C,1ZMLH8300204F0,1Z6PH74DAP0QN7,"Corona, CA",728.3,5.7,137.7,8.547347,2.013246,0,0,DJI Matrice 300 RTK,M300 RTK,1ZN7L4R0H1D00F,1W9DL31001461C,1ZMLH8300204F0,1Z6PH74DAP0QN7,DJI Pilot,Android,7.0.2,1EF72A62-B7C3-C88D-164E-CE6F8C8424AE,1ZN7L4R0H1D00F,1W9DL31001461C,,1ZMLH8300204F0,1W9DL31001461C,,,,,
2023-11-01,11:26:34.35 AM,2m 12.0s,132.0,33.8011106393136,-117.4679207665257,71.1,71.1,14.1,1335,890.9,4.88555,6.085134,-1.342164,0,-4.697574,1.342164,-0.223694,0,0.4,0,0.4,-105.3,254.7,255.2,Tripod,Other,,22,5,True,,True,False,,Smart,RC,False,True,False,,,True,,False,False,False,False,False,False,False,False,False,False,0,Follow Yaw,-88.9,0,-113.6,246.4,False,False,False,False,False,,0,0,False,False,No Card,100,100,1024,1316,1207,1111,2,False,False,False,False,False,0,False,False,False,False,92,,47.64,,9289,,10044,,47.64,,True,3.969,3.969,3.969,3.969,3.969,3.969,3.969,3.969,3.969,3.969,3.969,3.969,0,,False,False,True,,,,,,,,,,,,,,,False,False,18.724,,84.7,,75.7,,84.7,,1748,50,7,16,7,142241.4,18965.52,,Idle,,20,,10,,,20,Go Home,False,False,False,False,False,False,False,False,False,False,False,False,33.8027920380556,-117.4659261431046,861.3,2972.0,1049.4,396.9,True,1,1,False,False,False,False,,True,False,False,Course Lock,196.8,67,16.4,93,E,S,6.26,6.93,Calm,False,False,Android,7.0.2,M300 RTK,1ZN7L4R0H1D00F,1W9DL31001461C,1ZMLH8300204F0,1Z6PH74DAP0QN7,"Corona, CA",728.3,5.7,137.7,8.547347,2.013246,0,0,DJI Matrice 300 RTK,M300 RTK,1ZN7L4R0H1D00F,1W9DL31001461C,1ZMLH8300204F0,1Z6PH74DAP0QN7,DJI Pilot,Android,7.0.2,1EF72A62-B7C3-C88D-164E-CE6F8C8424AE,1ZN7L4R0H1D00F,1W9DL31001461C,,1ZMLH8300204F0,1W9DL31001461C,,,,,
2023-11-01,11:26:34.46 AM,2m 12.1s,132.1,33.8011101343676,-117.4679230498494,71.1,71.1,14.1,1335,891.6,4.88555,6.085134,-1.342164,0,-4.697574,1.342164,-0.223694,0,0.4,0.1,0.4,-105.3,254.7,255.0,Tripod,Other,,22,5,True,,True,False,,Smart,RC,False,True,False,,,True,,False,False,False,False,False,False,False,False,False,False,0,Follow Yaw,-88.9,0,-113.5,246.5,False,False,False,False,False,,0,0,False,False,No Card,100,100,1024,1315,1208,1114,2,False,False,False,False,False,0,False,False,False,False,92,,47.64,,9289,,10044,,47.64,,True,3.969,3.969,3.969,3.969,3.969,3.969,3.969,3.969,3.969,3.969,3.969,3.969,0,,False,False,True,,,,,,,,,,,,,,,False,False,18.724,,84.7,,75.7,,84.7,,1748,50,7,16,7,142241.4,18965.52,,Idle,,20,,10,,,20,Go Home,False,False,False,False,False,False,False,False,False,False,False,False,33.8027920380556,-117.4659261431046,861.9,2972.0,1049.4,396.9,True,1,1,False,False,False,False,,True,False,False,Course Lock,196.8,67,16.4,93,E,S,6.26,6.93,Calm,False,False,Android,7.0.2,M300 RTK,1ZN7L4R0H1D00F,1W9DL31001461C,1ZMLH8300204F0,1Z6PH74DAP0QN7,"Corona, CA",728.3,5.7,137.7,8.547347,2.013246,0,0,DJI Matrice 300 RTK,M300 RTK,1ZN7L4R0H1D00F,1W9DL31001461C,1ZMLH8300204F0,1Z6PH74DAP0QN7,DJI Pilot,Android,7.0.2,1EF72A62-B7C3-C88D-164E-CE6F8C8424AE,1ZN7L4R0H1D00F,1W9DL31001461C,,1ZMLH8300204F0,1W9DL31001461C,,,,,
2023-11-01,11:26:34.56 AM,2m 12.2s,132.2,33.8011096085878,-117.4679254776538,71.5,71.5,14.1,1335,892.4,4.828889,6.085134,-1.11847,0,-4.697574,1.342164,-0.223694,0,0.4,0.3,0.5,-105.3,254.7,255.3,Tripod,Other,,22,5,True,,True,False,,Smart,RC,False,True,False,,,True,,False,False,False,False,False,False,False,False,False,False,0,Follow Yaw,-88.9,0,-113.4,246.6,False,False,False,False,False,,0,0,False,False,No Card,100,100,1024,1314,1210,1106,2,False,False,False,False,False,0,False,False,False,False,92,,47.64,,9289,,10044,,47.64,,True,3.969,3.969,3.969,3.969,3.969,3.969,3.969,3.969,3.969,3.969,3.969,3.969,0,,False,False,True,,,,,,,,,,,,,,,False,False,18.724,,84.7,,75.7,,84.7,,1748,50,7,16,7,142241.4,18965.52,,Idle,,20,,10,,,20,Go Home,False,False,False,False,False,False,False,False,False,False,False,False,33.8027920380556,-117.4659261431046,862.5,2972.0,1049.4,396.9,True,1,1,False,False,False,False,,True,False,False,Course Lock,196.8,67,16.4,93,E,S,6.26,6.93,Calm,False,False,Android,7.0.2,M300 RTK,1ZN7L4R0H1D00F,1W9DL31001461C,1ZMLH8300204F0,1Z6PH74DAP0QN7,"Corona, CA",728.3,5.7,137.7,8.547347,2.013246,0,0,DJI Matrice 300 RTK,M300 RTK,1ZN7L4R0H1D00F,1W9DL31001461C,1ZMLH8300204F0,1Z6PH74DAP0QN7,DJI Pilot,Android,7.0.2,1EF72A62-B7C3-C88D-164E-CE6F8C8424AE,1ZN7L4R0H1D00F,1W9DL31001461C,,1ZMLH8300204F0,1W9DL31001461C,,,,,
2023-11-01,11:26:34.67 AM,2m 12.3s,132.3,33.8011090219514,-117.4679280374041,71.5,71.5,14.1,1335,893.2,4.828889,6.085134,-1.11847,0,-4.697574,1.342164,-0.223694,0,0.3,0.2,0.3,-105.3,254.7,254.5,Tripod,Other,,22,5,True,,True,False,,Smart,RC,False,True,False,,,True,,False,False,False,False,False,False,False,False,False,False,0,Follow Yaw,-88.9,0,-113.2,246.8,False,False,False,False,False,,0,0,False,False,No Card,100,100,1024,1316,1212,1080,2,False,False,False,False,False,0,False,False,False,False,92,,47.64,,9289,,10044,,47.64,,True,3.973,3.973,3.973,3.973,3.973,3.973,3.973,3.973,3.973,3.973,3.973,3.973,0,,False,False,True,,,,,,,,,,,,,,,False,False,18.724,,84.7,,75.7,,84.7,,1751,50,7,16,7,141870.2,18916.02,,Idle,,20,,10,,,20,Go Home,False,False,False,False,False,False,False,False,False,False,False,False,33.8027920380556,-117.4659261431046,863.2,2972.0,1049.4,396.9,True,1,1,False,False,False,False,,True,False,False,Course Lock,196.8,67,16.4,93,E,S,6.26,6.93,Calm,False,False,Android,7.0.2,M300 RTK,1ZN7L4R0H1D00F,1W9DL31001461C,1ZMLH8300204F0,1Z6PH74DAP0QN7,"Corona, CA",728.3,5.7,137.7,8.547347,2.013246,0,0,DJI Matrice 300 RTK,M300 RTK,1ZN7L4R0H1D00F,1W9DL31001461C,1ZMLH8300204F0,1Z6PH74DAP0QN7,DJI Pilot,Android,7.0.2,1EF72A62-B7C3-C88D-164E-CE6F8C8424AE,1ZN7L4R0H1D00F,1W9DL31001461C,,1ZMLH8300204F0,1W9DL31001461C,,,,,
2023-11-01,11:26:34.77 AM,2m 12.4s,132.4,33.8011085016542,-117.467930481042,71.5,71.5,14.1,1335,894.0,5.046766,6.085134,-1.11847,0,-4.921268,1.342164,-0.223694,0,0.2,0.1,0.2,-105.2,254.8,255.6,Tripod,Other,,22,5,True,,True,False,,Smart,RC,False,True,False,,,True,,False,False,False,False,False,False,False,False,False,False,0,Follow Yaw,-88.9,0,-113.1,246.9,False,False,False,False,False,,0,0,False,False,No Card,100,100,1024,1316,1219,1051,2,False,False,False,False,False,0,False,False,False,False,92,,47.64,,9289,,10044,,47.64,,True,3.973,3.973,3.973,3.973,3.973,3.973,3.973,3.973,3.973,3.973,3.973,3.973,0,,False,False,True,,,,,,,,,,,,,,,False,False,18.724,,84.7,,75.7,,84.7,,1751,50,7,16,7,141870.2,18916.02,,Idle,,20,,10,,,20,Go Home,False,False,False,False,False,False,False,False,False,False,False,False,33.8027920380556,-117.4659261431046,863.9,2972.0,1049.4,396.9,True,1,1,False,False,False,False,,True,False,False,Course Lock,196.8,67,16.4,93,E,S,6.26,6.93,Calm,False,False,Android,7.0.2,M300 RTK,1ZN7L4R0H1D00F,1W9DL31001461C,1ZMLH8300204F0,1Z6PH74DAP0QN7,"Corona, CA",728.3,5.7,137.7,8.547347,2.013246,0,0,DJI Matrice 300 RTK,M300 RTK,1ZN7L4R0H1D00F,1W9DL31001461C,1ZMLH8300204F0,1Z6PH74DAP0QN7,DJI Pilot,Android,7.0.2,1EF72A62-B7C3-C88D-164E-CE6F8C8424AE,1ZN7L4R0H1D00F,1W9DL31001461C,,1ZMLH8300204F0,1W9DL31001461C,,,,,
2023-11-01,11:26:34.87 AM,2m 12.5s,132.5,33.8011079407859,-117.4679329998892,71.5,71.5,14.1,1335,894.8,5.046766,6.085134,-1.11847,0,-4.921268,1.342164,-0.223694,0,0.2,0,0.2,-105.2,254.8,254.9,Tripod,Other,,22,5,True,,True,False,,Smart,RC,False,True,False,,,True,,False,False,False,False,False,False,False,False,False,False,0,Follow Yaw,-88.9,0,-113.1,246.9,False,False,False,False,False,,0,0,False,False,No Card,100,100,1024,1316,1216,1055,2,False,False,False,False,False,0,False,False,False,False,92,,47.64,,9289,,10044,,47.64,,True,3.973,3.973,3.973,3.973,3.973,3.973,3.973,3.973,3.973,3.973,3.973,3.973,0,,False,False,True,,,,,,,,,,,,,,,False,False,18.724,,84.7,,75.7,,84.7,,1751,50,7,16,7,141870.2,18916.02,,Idle,,20,,10,,,20,Go Home,False,False,False,False,False,False,False,False,False,False,False,False,33.8027920380556,-117.4659261431046,864.6,2972.0,1049.4,396.9,True,1,1,False,False,False,False,,True,False,False,Course Lock,196.8,67,16.4,93,E,S,6.26,6.93,Calm,False,False,Android,7.0.2,M300 RTK,1ZN7L4R0H1D00F,1W9DL31001461C,1ZMLH8300204F0,1Z6PH74DAP0QN7,"Corona, CA",728.3,5.7,137.7,8.547347,2.013246,0,0,DJI Matrice 300 RTK,M300 RTK,1ZN7L4R0H1D00F,1W9DL31001461C,1ZMLH8300204F0,1Z6PH74DAP0QN7,DJI Pilot,Android,7.0.2,1EF72A62-B7C3-C88D-164E-CE6F8C8424AE,1ZN7L4R0H1D00F,1W9DL31001461C,,1ZMLH8300204F0,1W9DL31001461C,,,,,
2023-11-01,11:26:34.98 AM,2m 12.6s,132.6,33.8011074144579,-117.4679354652982,71.5,71.5,13.7,1335,895.5,5.046766,6.085134,-1.11847,0,-4.921268,1.342164,-0.223694,0,0.3,-0.1,0.3,-105.1,254.9,255.5,Tripod,Other,,21,5,True,,True,False,,Smart,RC,False,True,False,,,True,,False,False,False,False,False,False,False,False,False,False,0,Follow Yaw,-88.9,0,-113,247,False,False,False,False,False,,0,0,False,False,No Card,100,100,1024,1317,1208,1130,2,False,False,False,False,False,0,False,False,False,False,92,,47.64,,9289,,10044,,47.64,,True,3.973,3.973,3.973,3.973,3.973,3.973,3.973,3.973,3.973,3.973,3.973,3.973,0,,False,False,True,,,,,,,,,,,,,,,False,False,18.724,,84.7,,75.7,,84.7,,1751,50,7,16,7,141870.2,18916.02,,Idle,,20,,10,,,20,Go Home,False,False,False,False,False,False,False,False,False,False,False,False,33.8027920380556,-117.4659261431046,865.2,2972.0,1049.4,396.9,True,1,1,False,False,False,False,,True,False,False,Course Lock,196.8,67,16.4,93,E,S,6.26,6.93,Calm,False,False,Android,7.0.2,M300 RTK,1ZN7L4R0H1D00F,1W9DL31001461C,1ZMLH8300204F0,1Z6PH74DAP0QN7,"Corona, CA",728.3,5.7,137.7,8.547347,2.013246,0,0,DJI Matrice 300 RTK,M300 RTK,1ZN7L4R0H1D00F,1W9DL31001461C,1ZMLH8300204F0,1Z6PH74DAP0QN7,DJI Pilot,Android,7.0.2,1EF72A62-B7C3-C88D-164E-CE6F8C8424AE,1ZN7L4R0H1D00F,1W9DL31001461C,,1ZMLH8300204F0,1W9DL31001461C,,,,,
2023-11-01,11:26:35.07 AM,2m 12.7s,132.7,33.8011069955885,-117.4679377783096,71.5,71.5,13.7,1335,896.2,5.046766,6.085134,-1.11847,0,-4.921268,1.342164,-0.223694,0,0.3,-0.1,0.3,-105.1,254.9,257.7,Tripod,Other,,21,5,True,,True,False,,Smart,RC,False,True,False,,,True,,False,False,False,False,False,False,False,False,False,False,0,Follow Yaw,-88.9,0,-113,247,False,False,False,False,False,,0,0,False,False,No Card,100,100,1024,1316,1201,1161,2,False,False,False,False,False,0,False,False,False,False,92,,47.64,,9289,,10044,,47.64,,True,3.973,3.973,3.973,3.973,3.973,3.973,3.973,3.973,3.973,3.973,3.973,3.973,0,,False,False,True,,,,,,,,,,,,,,,False,False,18.724,,84.7,,75.7,,84.7,,1751,50,7,16,7,141870.2,18916.02,,Idle,,20,,10,,,20,Go Home,False,False,False,False,False,False,False,False,False,False,False,False,33.8027920380556,-117.4659261431046,865.8,2972.0,1049.4,396.9,True,1,1,False,False,False,False,,True,False,False,Course Lock,196.8,67,16.4,93,E,S,6.26,6.93,Calm,False,False,Android,7.0.2,M300 RTK,1ZN7L4R0H1D00F,1W9DL31001461C,1ZMLH8300204F0,1Z6PH74DAP0QN7,"Corona, CA",728.3,5.7,137.7,8.547347,2.013246,0,0,DJI Matrice 300 RTK,M300 RTK,1ZN7L4R0H1D00F,1W9DL31001461C,1ZMLH8300204F0,1Z6PH74DAP0QN7,DJI Pilot,Android,7.0.2,1EF72A62-B7C3-C88D-164E-CE6F8C8424AE,1ZN7L4R0H1D00F,1W9DL31001461C,,1ZMLH8300204F0,1W9DL31001461C,,,,,
2023-11-01,11:26:35.14 AM,2m 12.8s,132.8,33.8011064752913,-117.4679402325032,71.8,71.8,13.7,1336,897.0,5.046766,6.085134,-1.11847,0,-4.921268,1.342164,-0.223694,0,0.4,0,0.4,-105.1,254.9,255.6,Tripod,Other,,22,5,True,,True,False,,Smart,RC,False,True,False,,,True,,False,False,False,False,False,False,False,False,False,False,0,Follow Yaw,-88.9,0,-112.8,247.2,False,False,False,False,False,,0,0,False,False,No Card,100,100,1024,1316,1201,1169,2,False,False,False,False,False,0,False,False,False,False,92,,47.64,,9289,,10044,,47.64,,True,3.973,3.973,3.973,3.973,3.973,3.973,3.973,3.973,3.973,3.973,3.973,3.973,0,,False,False,True,,,,,,,,,,,,,,,False,False,18.724,,84.7,,75.7,,84.7,,1751,50,7,16,7,141870.2,18916.02,,Idle,,20,,10,,,20,Go Home,False,False,False,False,False,False,False,False,False,False,False,False,33.8027920380556,-117.4659261431046,866.5,2972.0,1049.4,396.9,True,1,1,False,False,False,False,,True,False,False,Course Lock,196.8,67,16.4,93,E,S,6.26,6.93,Calm,False,False,Android,7.0.2,M300 RTK,1ZN7L4R0H1D00F,1W9DL31001461C,1ZMLH8300204F0,1Z6PH74DAP0QN7,"Corona, CA",728.3,5.7,137.7,8.547347,2.013246,0,0,DJI Matrice 300 RTK,M300 RTK,1ZN7L4R0H1D00F,1W9DL31001461C,1ZMLH8300204F0,1Z6PH74DAP0QN7,DJI Pilot,Android,7.0.2,1EF72A62-B7C3-C88D-164E-CE6F8C8424AE,1ZN7L4R0H1D00F,1W9DL31001461C,,1ZMLH8300204F0,1W9DL31001461C,,,,,
2023-11-01,11:26:35.24 AM,2m 12.9s,132.9,33.8011058557594,-117.4679427111068,71.8,71.8,13.7,1336,897.8,5.046766,6.085134,-1.11847,0,-4.921268,1.342164,-0.223694,0,0.3,0.5,0.5,-105,255,253.2,Tripod,Other,,22,5,True,,True,False,,Smart,RC,False,True,False,,,True,,False,False,False,False,False,False,False,False,False,False,0,Follow Yaw,-88.9,0,-112.6,247.4,False,False,False,False,False,,0,0,False,False,No Card,100,100,1024,1316,1197,1180,2,False,False,False,False,False,0,False,False,False,False,92,,47.64,,9289,,10044,,47.64,,True,3.973,3.973,3.973,3.973,3.973,3.973,3.973,3.973,3.973,3.973,3.973,3.973,0,,False,False,True,,,,,,,,,,,,,,,False,False,18.724,,84.7,,75.7,,84.7,,1751,50,7,16,7,141870.2,18916.02,,Idle,,20,,10,,,20,Go Home,False,False,False,False,False,False,False,False,False,False,False,False,33.8027920380556,-117.4659261431046,867.2,2972.0,1049.4,396.9,True,1,1,False,False,False,False,,True,False,False,Course Lock,196.8,67,16.4,93,E,S,6.26,6.93,Calm,False,False,Android,7.0.2,M300 RTK,1ZN7L4R0H1D00F,1W9DL31001461C,1ZMLH8300204F0,1Z6PH74DAP0QN7,"Corona, CA",728.3,5.7,137.7,8.547347,2.013246,0,0,DJI Matrice 300 RTK,M300 RTK,1ZN7L4R0H1D00F,1W9DL31001461C,1ZMLH8300204F0,1Z6PH74DAP0QN7,DJI Pilot,Android,7.0.2,1EF72A62-B7C3-C88D-164E-CE6F8C8424AE,1ZN7L4R0H1D00F,1W9DL31001461C,,1ZMLH8300204F0,1W9DL31001461C,,,,,
2023-11-01,11:26:35.34 AM,2m 13.0s,133.0,33.8011053316244,-117.4679451692588,71.8,71.8,13.7,1336,898.6,5.046766,6.085134,-1.11847,0,-4.921268,1.342164,-0.223694,0,0.2,1,1,-104.8,255.2,255.6,Tripod,Other,,22,5,True,,True,False,,Smart,RC,False,True,False,,,True,,False,False,False,False,False,False,False,False,False,False,0,Follow Yaw,-88.9,0,-112.3,247.7,False,False,False,False,False,,0,0,False,False,No Card,100,100,1024,1317,1197,1173,2,False,False,False,False,False,0,False,False,False,False,93,,47.604,,4636,,4986,,47.604,,True,3.973,3.973,3.973,3.973,3.973,3.973,3.973,3.973,3.973,3.973,3.973,3.973,0,,False,False,True,,,,,,,,,,,,,,,False,False,9.172,,84.0,,75.7,,84.7,,1751,50,7,16,7,141870.2,18916.02,,Idle,,20,,10,,,20,Go Home,False,False,False,False,False,False,False,False,False,False,False,False,33.8027920380556,-117.4659261431046,867.9,2972.0,1049.4,396.9,True,1,1,False,False,False,False,,True,False,False,Course Lock,196.8,67,16.4,93,E,S,6.26,6.93,Calm,False,False,Android,7.0.2,M300 RTK,1ZN7L4R0H1D00F,1W9DL31001461C,1ZMLH8300204F0,1Z6PH74DAP0QN7,"Corona, CA",728.3,5.7,137.7,8.547347,2.013246,0,0,DJI Matrice 300 RTK,M300 RTK,1ZN7L4R0H1D00F,1W9DL31001461C,1ZMLH8300204F0,1Z6PH74DAP0QN7,DJI Pilot,Android,7.0.2,1EF72A62-B7C3-C88D-164E-CE6F8C8424AE,1ZN7L4R0H1D00F,1W9DL31001461C,,1ZMLH8300204F0,1W9DL31001461C,,,,,
2023-11-01,11:26:35.44 AM,2m 13.1s,133.1,33.8011047427949,-117.4679474849092,71.8,71.8,13.7,1336,899.3,5.046766,6.085134,-1.11847,0,-4.921268,1.342164,-0.223694,0,0.2,1.3,1.3,-104.7,255.3,252.9,Tripod,Other,,22,5,True,,True,False,,Smart,RC,False,True,False,,,True,,False,False,False,False,False,False,False,False,False,False,0,Follow Yaw,-88.9,0,-112,248,False,False,False,False,False,,0,0,False,False,No Card,100,100,1024,1316,1206,1128,2,False,False,False,False,False,0,False,False,False,False,93,,47.604,,4636,,4986,,47.604,,True,3.973,3.973,3.973,3.973,3.973,3.973,3.973,3.973,3.973,3.973,3.973,3.973,0,,False,False,True,,,,,,,,,,,,,,,False,False,9.172,,84.0,,75.7,,84.7,,1751,50,7,16,7,141870.2,18916.02,,Idle,,20,,10,,,20,Go Home,False,False,False,False,False,False,False,False,False,False,False,False,33.8027920380556,-117.4659261431046,868.5,2972.0,1049.4,396.9,True,1,1,False,False,False,False,,True,False,False,Course Lock,196.8,67,16.4,93,E,S,6.26,6.93,Calm,False,False,Android,7.0.2,M300 RTK,1ZN7L4R0H1D00F,1W9DL31001461C,1ZMLH8300204F0,1Z6PH74DAP0QN7,"Corona, CA",728.3,5.7,137.7,8.547347,2.013246,0,0,DJI Matrice 300 RTK,M300 RTK,1ZN7L4R0H1D00F,1W9DL31001461C,1ZMLH8300204F0,1Z6PH74DAP0QN7,DJI Pilot,Android,7.0.2,1EF72A62-B7C3-C88D-164E-CE6F8C8424AE,1ZN7L4R0H1D00F,1W9DL31001461C,,1ZMLH8300204F0,1W9DL31001461C,,,,,
2023-11-01,11:26:35.54 AM,2m 13.2s,133.2,33.8011042455246,-117.4679499529572,71.8,71.8,13.4,1336,900.1,5.046766,6.085134,-1.11847,0,-4.921268,1.342164,-0.223694,0,0.2,1.1,1.1,-104.5,255.5,256.3,Tripod,Other,,22,5,True,,True,False,,Smart,RC,False,True,False,,,True,,False,False,False,False,False,False,False,False,False,False,0,Follow Yaw,-88.9,0,-111.8,248.2,False,False,False,False,False,,0,0,False,False,No Card,100,100,1024,1315,1210,1138,2,False,False,False,False,False,0,False,False,False,False,93,,47.604,,4636,,4986,,47.604,,True,3.973,3.973,3.973,3.973,3.973,3.973,3.973,3.973,3.973,3.973,3.973,3.973,0,,False,False,True,,,,,,,,,,,,,,,False,False,9.172,,84.0,,75.7,,84.7,,1751,50,7,16,7,141870.2,18916.02,,Idle,,20,,10,,,20,Go Home,False,False,False,False,False,False,False,False,False,False,False,False,33.8027920380556,-117.4659261431046,869.2,2972.0,1049.4,396.9,True,1,1,False,False,False,False,,True,False,False,Course Lock,196.8,67,16.4,93,E,S,6.26,6.93,Calm,False,False,Android,7.0.2,M300 RTK,1ZN7L4R0H1D00F,1W9DL31001461C,1ZMLH8300204F0,1Z6PH74DAP0QN7,"Corona, CA",728.3,5.7,137.7,8.547347,2.013246,0,0,DJI Matrice 300 RTK,M300 RTK,1ZN7L4R0H1D00F,1W9DL31001461C,1ZMLH8300204F0,1Z6PH74DAP0QN7,DJI Pilot,Android,7.0.2,1EF72A62-B7C3-C88D-164E-CE6F8C8424AE,1ZN7L4R0H1D00F,1W9DL31001461C,,1ZMLH8300204F0,1W9DL31001461C,,,,,
2023-11-01,11:26:35.64 AM,2m 13.3s,133.3,33.8011037285169,-117.4679524731237,71.8,71.8,13.4,1336,900.9,5.046766,6.085134,-1.11847,0,-4.921268,1.342164,-0.223694,0,0.3,0.5,0.5,-104.4,255.6,256.1,Tripod,Other,,22,5,True,,True,False,,Smart,RC,False,True,False,,,True,,False,False,False,False,False,False,False,False,False,False,0,Follow Yaw,-88.9,0,-111.6,248.4,False,False,False,False,False,,0,0,False,False,No Card,100,100,1024,1315,1209,1134,2,False,False,False,False,False,0,False,False,False,False,93,,47.604,,4636,,4986,,47.604,,True,3.975,3.975,3.975,3.975,3.975,3.975,3.975,3.975,3.975,3.975,3.975,3.975,0,,False,False,True,,,,,,,,,,,,,,,False,False,9.172,,84.0,,75.7,,84.7,,1753,50,7,16,7,141499.2,18866.56,,Idle,,20,,10,,,20,Go Home,False,False,False,False,False,False,False,False,False,False,False,False,33.8027920380556,-117.4659261431046,869.8,2972.0,1049.4,396.9,True,1,1,False,False,False,False,,True,False,False,Course Lock,196.8,67,16.4,93,E,S,6.26,6.93,Calm,False,False,Android,7.0.2,M300 RTK,1ZN7L4R0H1D00F,1W9DL31001461C,1ZMLH8300204F0,1Z6PH74DAP0QN7,"Corona, CA",728.3,5.7,137.7,8.547347,2.013246,0,0,DJI Matrice 300 RTK,M300 RTK,1ZN7L4R0H1D00F,1W9DL31001461C,1ZMLH8300204F0,1Z6PH74DAP0QN7,DJI Pilot,Android,7.0.2,1EF72A62-B7C3-C88D-164E-CE6F8C8424AE,1ZN7L4R0H1D00F,1W9DL31001461C,,1ZMLH8300204F0,1W9DL31001461C,,,,,
2023-11-01,11:26:35.74 AM,2m 13.4s,133.4,33.8011032465978,-117.4679549537065,72.1,72.1,13.4,1336,901.6,5.046766,6.085134,-1.11847,0,-4.921268,1.342164,-0.223694,0,0.4,0.2,0.4,-104.2,255.8,256.8,Tripod,Other,,22,5,True,,True,False,,Smart,RC,False,True,False,,,True,,False,False,False,False,False,False,False,False,False,False,0,Follow Yaw,-88.9,0,-111.4,248.6,False,False,False,False,False,,0,0,False,False,No Card,100,100,1024,1315,1230,1024,2,False,False,False,False,False,0,False,False,False,False,93,,47.604,,4636,,4986,,47.604,,True,3.975,3.975,3.975,3.975,3.975,3.975,3.975,3.975,3.975,3.975,3.975,3.975,0,,False,False,True,,,,,,,,,,,,,,,False,False,9.172,,84.0,,75.7,,84.7,,1753,50,7,16,7,141499.2,18866.56,,Idle,,20,,10,,,20,Go Home,False,False,False,False,False,False,False,False,False,False,False,False,33.8027920380556,-117.4659261431046,870.5,2972.0,1049.4,396.9,True,1,1,False,False,False,False,,True,False,False,Course Lock,196.8,67,16.4,93,E,S,6.26,6.93,Calm,False,False,Android,7.0.2,M300 RTK,1ZN7L4R0H1D00F,1W9DL31001461C,1ZMLH8300204F0,1Z6PH74DAP0QN7,"Corona, CA",728.3,5.7,137.7,8.547347,2.013246,0,0,DJI Matrice 300 RTK,M300 RTK,1ZN7L4R0H1D00F,1W9DL31001461C,1ZMLH8300204F0,1Z6PH74DAP0QN7,DJI Pilot,Android,7.0.2,1EF72A62-B7C3-C88D-164E-CE6F8C8424AE,1ZN7L4R0H1D00F,1W9DL31001461C,,1ZMLH8300204F0,1W9DL31001461C,,,,,
2023-11-01,11:26:35.84 AM,2m 13.5s,133.5,33.8011028655583,-117.4679572904683,72.1,72.1,13.4,1336,902.4,5.046766,6.085134,-1.11847,0,-4.921268,1.342164,-0.223694,0,0.4,0.2,0.4,-104,256,258.8,Tripod,Other,,22,5,True,,True,False,,Smart,RC,False,True,False,,,True,,False,False,False,False,False,False,False,False,False,False,0,Follow Yaw,-88.9,0,-111.3,248.7,False,False,False,False,False,,0,0,False,False,No Card,100,100,1024,1315,1235,1024,2,False,False,False,False,False,0,False,False,False,False,93,,47.604,,4636,,4986,,47.604,,True,3.975,3.975,3.975,3.975,3.975,3.975,3.975,3.975,3.975,3.975,3.975,3.975,0,,False,False,True,,,,,,,,,,,,,,,False,False,9.172,,84.0,,75.7,,84.7,,1753,50,7,16,7,141499.2,18866.56,,Idle,,20,,10,,,20,Go Home,False,False,False,False,False,False,False,False,False,False,False,False,33.8027920380556,-117.4659261431046,871.1,2972.0,1049.4,396.9,True,1,1,False,False,False,False,,True,False,False,Course Lock,196.8,67,16.4,93,E,S,6.26,6.93,Calm,False,False,Android,7.0.2,M300 RTK,1ZN7L4R0H1D00F,1W9DL31001461C,1ZMLH8300204F0,1Z6PH74DAP0QN7,"Corona, CA",728.3,5.7,137.7,8.547347,2.013246,0,0,DJI Matrice 300 RTK,M300 RTK,1ZN7L4R0H1D00F,1W9DL31001461C,1ZMLH8300204F0,1Z6PH74DAP0QN7,DJI Pilot,Android,7.0.2,1EF72A62-B7C3-C88D-164E-CE6F8C8424AE,1ZN7L4R0H1D00F,1W9DL31001461C,,1ZMLH8300204F0,1W9DL31001461C,,,,,
2023-11-01,11:26:35.94 AM,2m 13.6s,133.6,33.8011023946043,-117.4679597604954,72.1,72.1,13.1,1336,903.1,5.046766,6.085134,-1.11847,0,-4.921268,1.342164,-0.223694,0,0.5,0,0.5,-103.9,256.1,257.0,Tripod,Other,,22,5,True,,True,False,,Smart,RC,False,True,False,,,True,,False,False,False,False,False,False,False,False,False,False,0,Follow Yaw,-88.9,0,-111.3,248.7,False,False,False,False,False,,0,0,False,False,No Card,100,100,1024,1315,1228,1050,2,False,False,False,False,False,0,False,False,False,False,93,,47.604,,4636,,4986,,47.604,,True,3.975,3.975,3.975,3.975,3.975,3.975,3.975,3.975,3.975,3.975,3.975,3.975,0,,False,False,True,,,,,,,,,,,,,,,False,False,9.172,,84.0,,75.7,,84.7,,1753,50,7,16,7,141499.2,18866.56,,Idle,,20,,10,,,20,Go Home,False,False,False,False,False,False,False,False,False,False,False,False,33.8027920380556,-117.4659261431046,871.7,2972.0,1049.4,396.9,True,1,1,False,False,False,False,,True,False,False,Course Lock,196.8,67,16.4,93,E,S,6.26,6.93,Calm,False,False,Android,7.0.2,M300 RTK,1ZN7L4R0H1D00F,1W9DL31001461C,1ZMLH8300204F0,1Z6PH74DAP0QN7,"Corona, CA",728.3,5.7,137.7,8.547347,2.013246,0,0,DJI Matrice 300 RTK,M300 RTK,1ZN7L4R0H1D00F,1W9DL31001461C,1ZMLH8300204F0,1Z6PH74DAP0QN7,DJI Pilot,Android,7.0.2,1EF72A62-B7C3-C88D-164E-CE6F8C8424AE,1ZN7L4R0H1D00F,1W9DL31001461C,,1ZMLH8300204F0,1W9DL31001461C,,,,,
2023-11-01,11:26:36.04 AM,2m 13.7s,133.7,33.8011019033648,-117.4679625808388,72.1,72.1,13.1,1336,904.0,5.046766,6.085134,-1.11847,0,-4.921268,1.342164,-0.223694,0,0.6,-0.1,0.6,-103.9,256.1,258.1,Tripod,Other,,22,5,True,,True,False,,Smart,RC,False,True,False,,,True,,False,False,False,False,False,False,False,False,False,False,0,Follow Yaw,-88.9,0,-111.2,248.8,False,False,False,False,False,,0,0,False,False,No Card,100,100,1024,1314,1216,1108,2,False,False,False,False,False,0,False,False,False,False,93,,47.604,,4636,,4986,,47.604,,True,3.975,3.975,3.975,3.975,3.975,3.975,3.975,3.975,3.975,3.975,3.975,3.975,0,,False,False,True,,,,,,,,,,,,,,,False,False,9.172,,84.0,,75.7,,84.7,,1753,50,7,16,7,141499.2,18866.56,,Idle,,20,,10,,,20,Go Home,False,False,False,False,False,False,False,False,False,False,False,False,33.8027920380556,-117.4659261431046,872.5,2972.0,1049.4,396.9,True,1,1,False,False,False,False,,True,False,False,Course Lock,196.8,67,16.4,93,E,S,6.26,6.93,Calm,False,False,Android,7.0.2,M300 RTK,1ZN7L4R0H1D00F,1W9DL31001461C,1ZMLH8300204F0,1Z6PH74DAP0QN7,"Corona, CA",728.3,5.7,137.7,8.547347,2.013246,0,0,DJI Matrice 300 RTK,M300 RTK,1ZN7L4R0H1D00F,1W9DL31001461C,1ZMLH8300204F0,1Z6PH74DAP0QN7,DJI Pilot,Android,7.0.2,1EF72A62-B7C3-C88D-164E-CE6F8C8424AE,1ZN7L4R0H1D00F,1W9DL31001461C,,1ZMLH8300204F0,1W9DL31001461C,,,,,
2023-11-01,11:26:36.14 AM,2m 13.8s,133.8,33.8011014247353,-117.4679650772551,72.1,72.1,12.7,1336,904.8,5.046766,6.085134,-1.11847,0,-4.921268,1.342164,-0.223694,0,0.6,-0.1,0.6,-103.8,256.2,257.0,Tripod,Other,,22,5,True,,True,False,,Smart,RC,False,True,False,,,True,,False,False,False,False,False,False,False,False,False,False,0,Follow Yaw,-88.9,0,-111.1,248.9,False,False,False,False,False,,0,0,False,False,No Card,100,100,1024,1315,1214,1115,2,False,False,False,False,False,0,False,False,False,False,93,,47.604,,4636,,4986,,47.604,,True,3.975,3.975,3.975,3.975,3.975,3.975,3.975,3.975,3.975,3.975,3.975,3.975,0,,False,False,True,,,,,,,,,,,,,,,False,False,9.172,,84.0,,75.7,,84.7,,1753,50,7,16,7,141499.2,18866.56,,Idle,,20,,10,,,20,Go Home,False,False,False,False,False,False,False,False,False,False,False,False,33.8027920380556,-117.4659261431046,873.1,2972.0,1049.4,396.9,True,1,1,False,False,False,False,,True,False,False,Course Lock,196.8,67,16.4,93,E,S,6.26,6.93,Calm,False,False,Android,7.0.2,M300 RTK,1ZN7L4R0H1D00F,1W9DL31001461C,1ZMLH8300204F0,1Z6PH74DAP0QN7,"Corona, CA",728.3,5.7,137.7,8.547347,2.013246,0,0,DJI Matrice 300 RTK,M300 RTK,1ZN7L4R0H1D00F,1W9DL31001461C,1ZMLH8300204F0,1Z6PH74DAP0QN7,DJI Pilot,Android,7.0.2,1EF72A62-B7C3-C88D-164E-CE6F8C8424AE,1ZN7L4R0H1D00F,1W9DL31001461C,,1ZMLH8300204F0,1W9DL31001461C,,,,,
2023-11-01,11:26:36.20 AM,2m 13.9s,133.9,33.8011008611257,-117.4679674549201,72.1,72.1,12.7,1336,905.5,5.046766,6.085134,-1.11847,0,-4.921268,1.342164,-0.223694,0,0.6,0,0.6,-103.7,256.3,254.0,Tripod,Other,,22,5,True,,True,False,,Smart,RC,False,True,False,,,True,,False,False,False,False,False,False,False,False,False,False,0,Follow Yaw,-88.9,0,-111,249,False,False,False,False,False,,0,0,False,False,No Card,100,100,1024,1316,1215,1115,2,False,False,False,False,False,0,False,False,False,False,93,,47.604,,4636,,4986,,47.604,,True,3.975,3.975,3.975,3.975,3.975,3.975,3.975,3.975,3.975,3.975,3.975,3.975,0,,False,False,True,,,,,,,,,,,,,,,False,False,9.172,,84.0,,75.7,,84.7,,1753,50,7,16,7,141499.2,18866.56,,Idle,,20,,10,,,20,Go Home,False,False,False,False,False,False,False,False,False,False,False,False,33.8027920380556,-117.4659261431046,873.8,2972.0,1049.4,396.9,True,1,1,False,False,False,False,,True,False,False,Course Lock,196.8,67,16.4,93,E,S,6.26,6.93,Calm,False,False,Android,7.0.2,M300 RTK,1ZN7L4R0H1D00F,1W9DL31001461C,1ZMLH8300204F0,1Z6PH74DAP0QN7,"Corona, CA",728.3,5.7,137.7,8.547347,2.013246,0,0,DJI Matrice 300 RTK,M300 RTK,1ZN7L4R0H1D00F,1W9DL31001461C,1ZMLH8300204F0,1Z6PH74DAP0QN7,DJI Pilot,Android,7.0.2,1EF72A62-B7C3-C88D-164E-CE6F8C8424AE,1ZN7L4R0H1D00F,1W9DL31001461C,,1ZMLH8300204F0,1W9DL31001461C,,,,,
2023-11-01,11:26:36.34 AM,2m 14.0s,134.0,33.8011003583728,-117.4679699368223,72.1,72.1,12.7,1336,906.3,5.046766,6.085134,-1.11847,0,-4.921268,1.342164,-0.223694,0,0.5,0.3,0.5,-103.6,256.4,256.3,Tripod,Other,,22,5,True,,True,False,,Smart,RC,False,True,False,,,True,,False,False,False,False,False,False,False,False,False,False,0,Follow Yaw,-88.9,0,-110.8,249.2,False,False,False,False,False,,0,0,False,False,No Card,100,100,1024,1314,1219,1115,2,False,False,False,False,False,0,False,False,False,False,92,,47.664,,9289,,10044,,47.664,,True,3.975,3.975,3.975,3.975,3.975,3.975,3.975,3.975,3.975,3.975,3.975,3.975,0,,False,False,True,,,,,,,,,,,,,,,False,False,18.636,,84.9,,75.7,,84.9,,1753,50,7,16,7,141499.2,18866.56,,Idle,,20,,10,,,20,Go Home,False,False,False,False,False,False,False,False,False,False,False,False,33.8027920380556,-117.4659261431046,874.4,2972.0,1049.4,396.9,True,1,1,False,False,False,False,,True,False,False,Course Lock,196.8,67,16.4,93,E,S,6.26,6.93,Calm,False,False,Android,7.0.2,M300 RTK,1ZN7L4R0H1D00F,1W9DL31001461C,1ZMLH8300204F0,1Z6PH74DAP0QN7,"Corona, CA",728.3,5.7,137.7,8.547347,2.013246,0,0,DJI Matrice 300 RTK,M300 RTK,1ZN7L4R0H1D00F,1W9DL31001461C,1ZMLH8300204F0,1Z6PH74DAP0QN7,DJI Pilot,Android,7.0.2,1EF72A62-B7C3-C88D-164E-CE6F8C8424AE,1ZN7L4R0H1D00F,1W9DL31001461C,,1ZMLH8300204F0,1W9DL31001461C,,,,,
2023-11-01,11:26:36.44 AM,2m 14.1s,134.1,33.8010998040836,-117.4679723072303,72.5,72.5,12.4,1336,907.0,5.046766,6.085134,-1.11847,0,-4.921268,1.342164,-0.223694,0,0.4,0.4,0.5,-103.5,256.5,254.2,Tripod,Other,,22,5,True,,True,False,,Smart,RC,False,True,False,,,True,,False,False,False,False,False,False,False,False,False,False,0,Follow Yaw,-88.9,0,-110.7,249.3,False,False,False,False,False,,0,0,False,False,No Card,100,100,1024,1314,1248,1036,2,False,False,False,False,False,0,False,False,False,False,92,,47.664,,9289,,10044,,47.664,,True,3.975,3.975,3.975,3.975,3.975,3.975,3.975,3.975,3.975,3.975,3.975,3.975,0,,False,False,True,,,,,,,,,,,,,,,False,False,18.636,,84.9,,75.7,,84.9,,1753,50,7,16,7,141499.2,18866.56,,Idle,,20,,10,,,20,Go Home,False,False,False,False,False,False,False,False,False,False,False,False,33.8027920380556,-117.4659261431046,875.1,2972.0,1049.4,396.9,True,1,1,False,False,False,False,,True,False,False,Course Lock,196.8,67,16.4,93,E,S,6.26,6.93,Calm,False,False,Android,7.0.2,M300 RTK,1ZN7L4R0H1D00F,1W9DL31001461C,1ZMLH8300204F0,1Z6PH74DAP0QN7,"Corona, CA",728.3,5.7,137.7,8.547347,2.013246,0,0,DJI Matrice 300 RTK,M300 RTK,1ZN7L4R0H1D00F,1W9DL31001461C,1ZMLH8300204F0,1Z6PH74DAP0QN7,DJI Pilot,Android,7.0.2,1EF72A62-B7C3-C88D-164E-CE6F8C8424AE,1ZN7L4R0H1D00F,1W9DL31001461C,,1ZMLH8300204F0,1W9DL31001461C,,,,,
2023-11-01,11:26:36.54 AM,2m 14.2s,134.2,33.8010992996859,-117.4679747897923,72.5,72.5,12.1,1336,907.8,5.046766,6.085134,-1.11847,0,-4.921268,1.342164,-0.223694,0,0.5,0.5,0.7,-103.4,256.6,256.2,Tripod,Other,,21,5,True,,True,False,,Smart,RC,False,True,False,,,True,,False,False,False,False,False,False,False,False,False,False,0,Follow Yaw,-88.9,0,-110.6,249.4,False,False,False,False,False,,0,0,False,False,No Card,100,100,1024,1314,1248,1036,2,False,False,False,False,False,0,False,False,False,False,92,,47.664,,9289,,10044,,47.664,,True,3.975,3.975,3.975,3.975,3.975,3.975,3.975,3.975,3.975,3.975,3.975,3.975,0,,False,False,True,,,,,,,,,,,,,,,False,False,18.636,,84.9,,75.7,,84.9,,1753,50,7,16,7,141499.2,18866.56,,Idle,,20,,10,,,20,Go Home,False,False,False,False,False,False,False,False,False,False,False,False,33.8027920380556,-117.4659261431046,875.8,2972.0,1049.4,396.9,True,1,1,False,False,False,False,,True,False,False,Course Lock,196.8,67,16.4,93,E,S,6.26,6.93,Calm,False,False,Android,7.0.2,M300 RTK,1ZN7L4R0H1D00F,1W9DL31001461C,1ZMLH8300204F0,1Z6PH74DAP0QN7,"Corona, CA",728.3,5.7,137.7,8.547347,2.013246,0,0,DJI Matrice 300 RTK,M300 RTK,1ZN7L4R0H1D00F,1W9DL31001461C,1ZMLH8300204F0,1Z6PH74DAP0QN7,DJI Pilot,Android,7.0.2,1EF72A62-B7C3-C88D-164E-CE6F8C8424AE,1ZN7L4R0H1D00F,1W9DL31001461C,,1ZMLH8300204F0,1W9DL31001461C,,,,,
2023-11-01,11:26:36.64 AM,2m 14.3s,134.3,33.8010986341002,-117.467977336348,72.5,72.5,12.1,1336,908.6,5.046766,6.085134,-1.11847,0,-4.921268,1.342164,-0.223694,0,0.6,0.4,0.7,-103.2,256.8,252.5,Tripod,Other,,21,5,True,,True,False,,Smart,RC,False,True,False,,,True,,False,False,False,False,False,False,False,False,False,False,0,Follow Yaw,-88.9,0,-110.5,249.5,False,False,False,False,False,,0,0,False,False,No Card,100,100,1024,1313,1231,1067,2,False,False,False,False,False,0,False,False,False,False,92,,47.664,,9289,,10044,,47.664,,True,3.971,3.971,3.971,3.971,3.971,3.971,3.971,3.971,3.971,3.971,3.971,3.971,0,,False,False,True,,,,,,,,,,,,,,,False,False,18.636,,84.9,,75.7,,84.9,,1755,50,7,16,7,141165.2,18822.02,,Idle,,20,,10,,,20,Go Home,False,False,False,False,False,False,False,False,False,False,False,False,33.8027920380556,-117.4659261431046,876.5,2972.0,1049.4,396.9,True,1,1,False,False,False,False,,True,False,False,Course Lock,196.8,67,16.4,93,E,S,6.26,6.93,Calm,False,False,Android,7.0.2,M300 RTK,1ZN7L4R0H1D00F,1W9DL31001461C,1ZMLH8300204F0,1Z6PH74DAP0QN7,"Corona, CA",728.3,5.7,137.7,8.547347,2.013246,0,0,DJI Matrice 300 RTK,M300 RTK,1ZN7L4R0H1D00F,1W9DL31001461C,1ZMLH8300204F0,1Z6PH74DAP0QN7,DJI Pilot,Android,7.0.2,1EF72A62-B7C3-C88D-164E-CE6F8C8424AE,1ZN7L4R0H1D00F,1W9DL31001461C,,1ZMLH8300204F0,1W9DL31001461C,,,,,
2023-11-01,11:26:36.73 AM,2m 14.4s,134.4,33.8010981148996,-117.4679798202294,72.5,72.5,11.8,1336,909.4,5.046766,6.085134,-1.11847,0,-4.921268,1.342164,-0.223694,0,0.8,0.1,0.8,-103.1,256.9,255.8,Tripod,Other,,22,5,True,,True,False,,Smart,RC,False,True,False,,,True,,False,False,False,False,False,False,False,False,False,False,0,Follow Yaw,-88.9,0,-110.5,249.5,False,False,False,False,False,,0,0,False,False,No Card,100,100,1024,1313,1231,1083,2,False,False,False,False,False,0,False,False,False,False,92,,47.664,,9289,,10044,,47.664,,True,3.971,3.971,3.971,3.971,3.971,3.971,3.971,3.971,3.971,3.971,3.971,3.971,0,,False,False,True,,,,,,,,,,,,,,,False,False,18.636,,84.9,,75.7,,84.9,,1755,50,7,16,7,141165.2,18822.02,,Idle,,20,,10,,,20,Go Home,False,False,False,False,False,False,False,False,False,False,False,False,33.8027920380556,-117.4659261431046,877.1,2972.0,1049.4,396.9,True,1,1,False,False,False,False,,True,False,False,Course Lock,196.8,67,16.4,93,E,S,6.26,6.93,Calm,False,False,Android,7.0.2,M300 RTK,1ZN7L4R0H1D00F,1W9DL31001461C,1ZMLH8300204F0,1Z6PH74DAP0QN7,"Corona, CA",728.3,5.7,137.7,8.547347,2.013246,0,0,DJI Matrice 300 RTK,M300 RTK,1ZN7L4R0H1D00F,1W9DL31001461C,1ZMLH8300204F0,1Z6PH74DAP0QN7,DJI Pilot,Android,7.0.2,1EF72A62-B7C3-C88D-164E-CE6F8C8424AE,1ZN7L4R0H1D00F,1W9DL31001461C,,1ZMLH8300204F0,1W9DL31001461C,,,,,
2023-11-01,11:26:36.83 AM,2m 14.5s,134.5,33.8010976592969,-117.4679822374782,72.5,72.5,11.8,1336,910.2,5.046766,6.085134,-1.11847,0,-4.921268,1.342164,-0.223694,0,1,0,1,-102.9,257.1,257.2,Tripod,Other,,22,5,True,,True,False,,Smart,RC,False,True,False,,,True,,False,False,False,False,False,False,False,False,False,False,0,Follow Yaw,-88.9,0,-110.5,249.5,False,False,False,False,False,,0,0,False,False,No Card,100,100,1024,1314,1214,1159,2,False,False,False,False,False,0,False,False,False,False,92,,47.664,,9289,,10044,,47.664,,True,3.971,3.971,3.971,3.971,3.971,3.971,3.971,3.971,3.971,3.971,3.971,3.971,0,,False,False,True,,,,,,,,,,,,,,,False,False,18.636,,84.9,,75.7,,84.9,,1755,50,7,16,7,141165.2,18822.02,,Idle,,20,,10,,,20,Go Home,False,False,False,False,False,False,False,False,False,False,False,False,33.8027920380556,-117.4659261431046,877.8,2972.0,1049.4,396.9,True,1,1,False,False,False,False,,True,False,False,Course Lock,196.8,67,16.4,93,E,S,6.26,6.93,Calm,False,False,Android,7.0.2,M300 RTK,1ZN7L4R0H1D00F,1W9DL31001461C,1ZMLH8300204F0,1Z6PH74DAP0QN7,"Corona, CA",728.3,5.7,137.7,8.547347,2.013246,0,0,DJI Matrice 300 RTK,M300 RTK,1ZN7L4R0H1D00F,1W9DL31001461C,1ZMLH8300204F0,1Z6PH74DAP0QN7,DJI Pilot,Android,7.0.2,1EF72A62-B7C3-C88D-164E-CE6F8C8424AE,1ZN7L4R0H1D00F,1W9DL31001461C,,1ZMLH8300204F0,1W9DL31001461C,,,,,
2023-11-01,11:26:36.94 AM,2m 14.6s,134.6,33.801097141741,-117.4679847048664,72.5,72.5,11.8,1336,910.9,5.046766,6.085134,-1.11847,0,-4.921268,1.342164,-0.223694,0,1,0,1,-102.8,257.2,255.8,Tripod,Other,,22,5,True,,True,False,,Smart,RC,False,True,False,,,True,,False,False,False,False,False,False,False,False,False,False,0,Follow Yaw,-88.9,0,-110.4,249.6,False,False,False,False,False,,0,0,False,False,No Card,100,100,1024,1313,1230,1071,2,False,False,False,False,False,0,False,False,False,False,92,,47.664,,9289,,10044,,47.664,,True,3.971,3.971,3.971,3.971,3.971,3.971,3.971,3.971,3.971,3.971,3.971,3.971,0,,False,False,True,,,,,,,,,,,,,,,False,False,18.636,,84.9,,75.7,,84.9,,1755,50,7,16,7,141165.2,18822.02,,Idle,,20,,10,,,20,Go Home,False,False,False,False,False,False,False,False,False,False,False,False,33.8027920380556,-117.4659261431046,878.4,2972.0,1049.4,396.9,True,1,1,False,False,False,False,,True,False,False,Course Lock,196.8,67,16.4,93,E,S,6.26,6.93,Calm,False,False,Android,7.0.2,M300 RTK,1ZN7L4R0H1D00F,1W9DL31001461C,1ZMLH8300204F0,1Z6PH74DAP0QN7,"Corona, CA",728.3,5.7,137.7,8.547347,2.013246,0,0,DJI Matrice 300 RTK,M300 RTK,1ZN7L4R0H1D00F,1W9DL31001461C,1ZMLH8300204F0,1Z6PH74DAP0QN7,DJI Pilot,Android,7.0.2,1EF72A62-B7C3-C88D-164E-CE6F8C8424AE,1ZN7L4R0H1D00F,1W9DL31001461C,,1ZMLH8300204F0,1W9DL31001461C,,,,,
2023-11-01,11:26:37.03 AM,2m 14.7s,134.7,33.801096556201,-117.4679870660381,72.8,72.8,11.8,1337,911.7,5.046766,6.085134,-1.11847,0,-4.921268,1.342164,-0.223694,0,1,0.4,1,-102.7,257.3,253.3,Tripod,Other,,22,5,True,,True,False,,Smart,RC,False,True,False,,,True,,False,False,False,False,False,False,False,False,False,False,0,Follow Yaw,-88.9,0,-110.1,249.9,False,False,False,False,False,,0,0,False,False,No Card,100,100,1024,1313,1230,1071,2,False,False,False,False,False,0,False,False,False,False,93,,47.616,,4636,,4986,,47.616,,True,3.971,3.971,3.971,3.971,3.971,3.971,3.971,3.971,3.971,3.971,3.971,3.971,0,,False,False,True,,,,,,,,,,,,,,,False,False,9.21,,84.0,,75.7,,84.9,,1755,50,7,16,7,141165.2,18822.02,,Idle,,20,,10,,,20,Go Home,False,False,False,False,False,False,False,False,False,False,False,False,33.8027920380556,-117.4659261431046,879.1,2972.0,1049.4,396.9,True,1,1,False,False,False,False,,True,False,False,Course Lock,196.8,67,16.4,93,E,S,6.26,6.93,Calm,False,False,Android,7.0.2,M300 RTK,1ZN7L4R0H1D00F,1W9DL31001461C,1ZMLH8300204F0,1Z6PH74DAP0QN7,"Corona, CA",728.3,5.7,137.7,8.547347,2.013246,0,0,DJI Matrice 300 RTK,M300 RTK,1ZN7L4R0H1D00F,1W9DL31001461C,1ZMLH8300204F0,1Z6PH74DAP0QN7,DJI Pilot,Android,7.0.2,1EF72A62-B7C3-C88D-164E-CE6F8C8424AE,1ZN7L4R0H1D00F,1W9DL31001461C,,1ZMLH8300204F0,1W9DL31001461C,,,,,
2023-11-01,11:26:37.14 AM,2m 14.8s,134.8,33.801096029873,-117.4679895083566,72.8,72.8,11.8,1337,912.4,5.046766,6.085134,-1.11847,0,-4.921268,1.342164,-0.223694,0,1,0.9,1.3,-102.5,257.5,255.4,Tripod,Other,,22,5,True,,True,False,,Smart,RC,False,True,False,,,True,,False,False,False,False,False,False,False,False,False,False,0,Follow Yaw,-88.9,0,-110,250,False,False,False,False,False,,0,0,False,False,No Card,100,100,1024,1313,1234,1054,2,False,False,False,False,False,0,False,False,False,False,93,,47.616,,4636,,4986,,47.616,,True,3.971,3.971,3.971,3.971,3.971,3.971,3.971,3.971,3.971,3.971,3.971,3.971,0,,False,False,True,,,,,,,,,,,,,,,False,False,9.21,,84.0,,75.7,,84.9,,1755,50,7,16,7,141165.2,18822.02,,Idle,,20,,10,,,20,Go Home,False,False,False,False,False,False,False,False,False,False,False,False,33.8027920380556,-117.4659261431046,879.8,2972.0,1049.4,396.9,True,1,1,False,False,False,False,,True,False,False,Course Lock,196.8,67,16.4,93,E,S,6.26,6.93,Calm,False,False,Android,7.0.2,M300 RTK,1ZN7L4R0H1D00F,1W9DL31001461C,1ZMLH8300204F0,1Z6PH74DAP0QN7,"Corona, CA",728.3,5.7,137.7,8.547347,2.013246,0,0,DJI Matrice 300 RTK,M300 RTK,1ZN7L4R0H1D00F,1W9DL31001461C,1ZMLH8300204F0,1Z6PH74DAP0QN7,DJI Pilot,Android,7.0.2,1EF72A62-B7C3-C88D-164E-CE6F8C8424AE,1ZN7L4R0H1D00F,1W9DL31001461C,,1ZMLH8300204F0,1W9DL31001461C,,,,,
2023-11-01,11:26:37.24 AM,2m 14.9s,134.9,33.801095422951,-117.4679917699092,72.8,72.8,11.8,1337,913.2,5.046766,6.085134,-1.11847,0,-4.921268,1.342164,-0.223694,0,1,0.9,1.3,-102.4,257.6,252.1,Tripod,Other,,22,5,True,,True,False,,Smart,RC,False,True,False,,,True,,False,False,False,False,False,False,False,False,False,False,0,Follow Yaw,-88.9,0,-110,250,False,False,False,False,False,,0,0,False,False,No Card,100,100,1024,1313,1233,1054,2,False,False,False,False,False,0,False,False,False,False,93,,47.616,,4636,,4986,,47.616,,True,3.971,3.971,3.971,3.971,3.971,3.971,3.971,3.971,3.971,3.971,3.971,3.971,0,,False,False,True,,,,,,,,,,,,,,,False,False,9.21,,84.0,,75.7,,84.9,,1755,50,7,16,7,141165.2,18822.02,,Idle,,20,,10,,,20,Go Home,False,False,False,False,False,False,False,False,False,False,False,False,33.8027920380556,-117.4659261431046,880.4,2972.0,1049.4,396.9,True,1,1,False,False,False,False,,True,False,False,Course Lock,196.8,67,16.4,93,E,S,6.26,6.93,Calm,False,False,Android,7.0.2,M300 RTK,1ZN7L4R0H1D00F,1W9DL31001461C,1ZMLH8300204F0,1Z6PH74DAP0QN7,"Corona, CA",728.3,5.7,137.7,8.547347,2.013246,0,0,DJI Matrice 300 RTK,M300 RTK,1ZN7L4R0H1D00F,1W9DL31001461C,1ZMLH8300204F0,1Z6PH74DAP0QN7,DJI Pilot,Android,7.0.2,1EF72A62-B7C3-C88D-164E-CE6F8C8424AE,1ZN7L4R0H1D00F,1W9DL31001461C,,1ZMLH8300204F0,1W9DL31001461C,,,,,
2023-11-01,11:26:37.34 AM,2m 15.0s,135.0,33.8010949010091,-117.4679941977136,72.8,72.8,11.8,1337,913.9,5.046766,6.085134,-1.11847,0,-4.921268,1.342164,-0.223694,0,1,0.7,1.2,-102.2,257.8,255.4,Tripod,Other,,22,5,True,,True,False,,Smart,RC,False,True,False,,,True,,False,False,False,False,False,False,False,False,False,False,0,Follow Yaw,-88.9,0,-109.9,250.1,False,False,False,False,False,,0,0,False,False,No Card,100,100,1024,1313,1237,1053,2,False,False,False,False,False,0,False,False,False,False,92,,47.652,,9289,,10044,,47.652,,True,3.971,3.971,3.971,3.971,3.971,3.971,3.971,3.971,3.971,3.971,3.971,3.971,0,,False,False,True,,,,,,,,,,,,,,,False,False,18.872,,84.9,,75.7,,84.9,,1755,50,7,16,7,141165.2,18822.02,,Idle,,20,,10,,,20,Go Home,False,False,False,False,False,False,False,False,False,False,False,False,33.8027920380556,-117.4659261431046,881.1,2972.0,1049.4,396.9,True,1,1,False,False,False,False,,True,False,False,Course Lock,196.8,67,16.4,93,E,S,6.26,6.93,Calm,False,False,Android,7.0.2,M300 RTK,1ZN7L4R0H1D00F,1W9DL31001461C,1ZMLH8300204F0,1Z6PH74DAP0QN7,"Corona, CA",728.3,5.7,137.7,8.547347,2.013246,0,0,DJI Matrice 300 RTK,M300 RTK,1ZN7L4R0H1D00F,1W9DL31001461C,1ZMLH8300204F0,1Z6PH74DAP0QN7,DJI Pilot,Android,7.0.2,1EF72A62-B7C3-C88D-164E-CE6F8C8424AE,1ZN7L4R0H1D00F,1W9DL31001461C,,1ZMLH8300204F0,1W9DL31001461C,,,,,
2023-11-01,11:26:37.44 AM,2m 15.1s,135.1,33.8010943368512,-117.4679968234368,72.8,72.8,11.8,1337,914.7,5.046766,6.085134,-1.11847,0,-4.921268,1.342164,-0.223694,0,0.9,0.6,1,-102.1,257.9,255.5,Tripod,Other,,22,5,True,,True,False,,Smart,RC,False,True,False,,,True,,False,False,False,False,False,False,False,False,False,False,0,Follow Yaw,-88.9,0,-109.9,250.1,False,False,False,False,False,,0,0,False,False,No Card,100,100,1024,1313,1235,1054,2,False,False,False,False,False,0,False,False,False,False,92,,47.652,,9289,,10044,,47.652,,True,3.971,3.971,3.971,3.971,3.971,3.971,3.971,3.971,3.971,3.971,3.971,3.971,0,,False,False,True,,,,,,,,,,,,,,,False,False,18.872,,84.9,,75.7,,84.9,,1755,50,7,16,7,141165.2,18822.02,,Idle,,20,,10,,,20,Go Home,False,False,False,False,False,False,False,False,False,False,False,False,33.8027920380556,-117.4659261431046,881.8,2972.0,1049.4,396.9,True,1,1,False,False,False,False,,True,False,False,Course Lock,196.8,67,16.4,93,E,S,6.26,6.93,Calm,False,False,Android,7.0.2,M300 RTK,1ZN7L4R0H1D00F,1W9DL31001461C,1ZMLH8300204F0,1Z6PH74DAP0QN7,"Corona, CA",728.3,5.7,137.7,8.547347,2.013246,0,0,DJI Matrice 300 RTK,M300 RTK,1ZN7L4R0H1D00F,1W9DL31001461C,1ZMLH8300204F0,1Z6PH74DAP0QN7,DJI Pilot,Android,7.0.2,1EF72A62-B7C3-C88D-164E-CE6F8C8424AE,1ZN7L4R0H1D00F,1W9DL31001461C,,1ZMLH8300204F0,1W9DL31001461C,,,,,
2023-11-01,11:26:37.54 AM,2m 15.2s,135.2,33.8010938138127,-117.4679992644358,73.1,73.1,11.8,1337,915.5,5.046766,6.085134,-1.11847,0,-4.921268,1.342164,-0.223694,0,0.8,0.6,1,-102.1,257.9,255.5,Tripod,Other,,22,5,True,,True,False,,Smart,RC,False,True,False,,,True,,False,False,False,False,False,False,False,False,False,False,0,Follow Yaw,-88.9,0,-109.9,250.1,False,False,False,False,False,,0,0,False,False,No Card,100,100,1024,1314,1235,1056,2,False,False,False,False,False,0,False,False,False,False,92,,47.652,,9289,,10044,,47.652,,True,3.971,3.971,3.971,3.971,3.971,3.971,3.971,3.971,3.971,3.971,3.971,3.971,0,,False,False,True,,,,,,,,,,,,,,,False,False,18.872,,84.9,,75.7,,84.9,,1755,50,7,16,7,141165.2,18822.02,,Idle,,20,,10,,,20,Go Home,False,False,False,False,False,False,False,False,False,False,False,False,33.8027920380556,-117.4659261431046,882.4,2972.0,1049.4,396.9,True,1,1,False,False,False,False,,True,False,False,Course Lock,196.8,67,16.4,93,E,S,6.26,6.93,Calm,False,False,Android,7.0.2,M300 RTK,1ZN7L4R0H1D00F,1W9DL31001461C,1ZMLH8300204F0,1Z6PH74DAP0QN7,"Corona, CA",728.3,5.7,137.7,8.547347,2.013246,0,0,DJI Matrice 300 RTK,M300 RTK,1ZN7L4R0H1D00F,1W9DL31001461C,1ZMLH8300204F0,1Z6PH74DAP0QN7,DJI Pilot,Android,7.0.2,1EF72A62-B7C3-C88D-164E-CE6F8C8424AE,1ZN7L4R0H1D00F,1W9DL31001461C,,1ZMLH8300204F0,1W9DL31001461C,,,,,
2023-11-01,11:26:37.65 AM,2m 15.3s,135.3,33.80109327323,-117.468001909951,73.1,73.1,11.8,1337,916.3,5.046766,6.085134,-1.11847,0,-4.921268,1.342164,-0.223694,0,0.7,0.6,0.9,-102,258,256.1,Tripod,Other,,22,5,True,,True,False,,Smart,RC,False,True,False,,,True,,False,False,False,False,False,False,False,False,False,False,0,Follow Yaw,-88.9,0,-109.9,250.1,False,False,False,False,False,,0,0,False,False,No Card,100,100,1024,1314,1235,1056,2,False,False,False,False,False,0,False,False,False,False,92,,47.652,,9289,,10044,,47.652,,True,3.973,3.973,3.973,3.973,3.973,3.973,3.973,3.973,3.973,3.973,3.973,3.973,0,,False,False,True,,,,,,,,,,,,,,,False,False,18.872,,84.9,,75.7,,84.9,,1758,50,7,16,7,140889.2,18785.22,,Idle,,20,,10,,,20,Go Home,False,False,False,False,False,False,False,False,False,False,False,False,33.8027920380556,-117.4659261431046,883.1,2972.0,1049.4,396.9,True,1,1,False,False,False,False,,True,False,False,Course Lock,196.8,67,16.4,93,E,S,6.26,6.93,Calm,False,False,Android,7.0.2,M300 RTK,1ZN7L4R0H1D00F,1W9DL31001461C,1ZMLH8300204F0,1Z6PH74DAP0QN7,"Corona, CA",728.3,5.7,137.7,8.547347,2.013246,0,0,DJI Matrice 300 RTK,M300 RTK,1ZN7L4R0H1D00F,1W9DL31001461C,1ZMLH8300204F0,1Z6PH74DAP0QN7,DJI Pilot,Android,7.0.2,1EF72A62-B7C3-C88D-164E-CE6F8C8424AE,1ZN7L4R0H1D00F,1W9DL31001461C,,1ZMLH8300204F0,1W9DL31001461C,,,,,
2023-11-01,11:26:37.76 AM,2m 15.4s,135.4,33.8010927534811,-117.46800437536,73.1,73.1,12.1,1337,917.1,5.046766,6.085134,-1.11847,0,-4.921268,1.342164,-0.223694,0,0.8,0.7,1,-102,258,255.7,Tripod,Other,,22,5,True,,True,False,,Smart,RC,False,True,False,,,True,,False,False,False,False,False,False,False,False,False,False,0,Follow Yaw,-88.9,0,-109.8,250.2,False,False,False,False,False,,0,0,False,False,No Card,100,100,1024,1312,1236,1055,2,False,False,False,False,False,0,False,False,False,False,92,,47.652,,9289,,10044,,47.652,,True,3.973,3.973,3.973,3.973,3.973,3.973,3.973,3.973,3.973,3.973,3.973,3.973,0,,False,False,True,,,,,,,,,,,,,,,False,False,18.872,,84.9,,75.7,,84.9,,1758,50,7,16,7,140889.2,18785.22,,Idle,,20,,10,,,20,Go Home,False,False,False,False,False,False,False,False,False,False,False,False,33.8027920380556,-117.4659261431046,883.8,2972.0,1049.4,396.9,True,1,1,False,False,False,False,,True,False,False,Course Lock,196.8,67,16.4,93,E,S,6.26,6.93,Calm,False,False,Android,7.0.2,M300 RTK,1ZN7L4R0H1D00F,1W9DL31001461C,1ZMLH8300204F0,1Z6PH74DAP0QN7,"Corona, CA",728.3,5.7,137.7,8.547347,2.013246,0,0,DJI Matrice 300 RTK,M300 RTK,1ZN7L4R0H1D00F,1W9DL31001461C,1ZMLH8300204F0,1Z6PH74DAP0QN7,DJI Pilot,Android,7.0.2,1EF72A62-B7C3-C88D-164E-CE6F8C8424AE,1ZN7L4R0H1D00F,1W9DL31001461C,,1ZMLH8300204F0,1W9DL31001461C,,,,,
2023-11-01,11:26:37.86 AM,2m 15.5s,135.5,33.8010924936066,-117.4680066956285,73.1,73.1,12.1,1337,917.8,5.046766,6.085134,-1.11847,0,-4.921268,1.342164,-0.223694,0,0.9,0.8,1.2,-102,258,262.3,Tripod,Other,,22,5,True,,True,False,,Smart,RC,False,True,False,,,True,,False,False,False,False,False,False,False,False,False,False,0,Follow Yaw,-88.9,0,-109.8,250.2,False,False,False,False,False,,0,0,False,False,No Card,100,100,1024,1313,1243,1049,2,False,False,False,False,False,0,False,False,False,False,92,,47.652,,9289,,10044,,47.652,,True,3.973,3.973,3.973,3.973,3.973,3.973,3.973,3.973,3.973,3.973,3.973,3.973,0,,False,False,True,,,,,,,,,,,,,,,False,False,18.872,,84.9,,75.7,,84.9,,1758,50,7,16,7,140889.2,18785.22,,Idle,,20,,10,,,20,Go Home,False,False,False,False,False,False,False,False,False,False,False,False,33.8027920380556,-117.4659261431046,884.4,2972.0,1049.4,396.9,True,1,1,False,False,False,False,,True,False,False,Course Lock,196.8,67,16.4,93,E,S,6.48,6.93,Calm,False,False,Android,7.0.2,M300 RTK,1ZN7L4R0H1D00F,1W9DL31001461C,1ZMLH8300204F0,1Z6PH74DAP0QN7,"Corona, CA",728.3,5.7,137.7,8.547347,2.013246,0,0,DJI Matrice 300 RTK,M300 RTK,1ZN7L4R0H1D00F,1W9DL31001461C,1ZMLH8300204F0,1Z6PH74DAP0QN7,DJI Pilot,Android,7.0.2,1EF72A62-B7C3-C88D-164E-CE6F8C8424AE,1ZN7L4R0H1D00F,1W9DL31001461C,,1ZMLH8300204F0,1W9DL31001461C,,,,,
2023-11-01,11:26:37.96 AM,2m 15.6s,135.6,33.8010920012706,-117.4680091498221,73.1,73.1,12.1,1337,918.6,5.046766,6.085134,-1.11847,0,-4.921268,1.342164,-0.223694,0,0.9,0.9,1.2,-102,258,256.4,Tripod,Other,,22,5,True,,True,False,,Smart,RC,False,True,False,,,True,,False,False,False,False,False,False,False,False,False,False,0,Follow Yaw,-88.9,0,-109.8,250.2,False,False,False,False,False,,0,0,False,False,No Card,100,100,1024,1313,1258,1036,2,False,False,False,False,False,0,False,False,False,False,92,,47.652,,9289,,10044,,47.652,,True,3.973,3.973,3.973,3.973,3.973,3.973,3.973,3.973,3.973,3.973,3.973,3.973,0,,False,False,True,,,,,,,,,,,,,,,False,False,18.872,,84.9,,75.7,,84.9,,1758,50,7,16,7,140889.2,18785.22,,Idle,,20,,10,,,20,Go Home,False,False,False,False,False,False,False,False,False,False,False,False,33.8027920380556,-117.4659261431046,885.0,2972.0,1049.4,396.9,True,1,1,False,False,False,False,,True,False,False,Course Lock,196.8,67,16.4,93,E,S,6.48,6.93,Calm,False,False,Android,7.0.2,M300 RTK,1ZN7L4R0H1D00F,1W9DL31001461C,1ZMLH8300204F0,1Z6PH74DAP0QN7,"Corona, CA",728.3,5.7,137.7,8.547347,2.013246,0,0,DJI Matrice 300 RTK,M300 RTK,1ZN7L4R0H1D00F,1W9DL31001461C,1ZMLH8300204F0,1Z6PH74DAP0QN7,DJI Pilot,Android,7.0.2,1EF72A62-B7C3-C88D-164E-CE6F8C8424AE,1ZN7L4R0H1D00F,1W9DL31001461C,,1ZMLH8300204F0,1W9DL31001461C,,,,,
2023-11-01,11:26:38.06 AM,2m 15.7s,135.7,33.8010915368958,-117.46801164228,73.4,73.4,12.1,1337,919.3,5.046766,6.085134,-1.11847,0,-4.921268,1.342164,-0.223694,0,0.9,0.7,1.1,-102,258,257.3,Tripod,Other,,22,5,True,,True,False,,Smart,RC,False,True,False,,,True,,False,False,False,False,False,False,False,False,False,False,0,Follow Yaw,-88.9,0,-109.8,250.2,False,False,False,False,False,,0,0,False,False,No Card,100,100,1024,1314,1315,1024,2,False,False,False,False,False,0,False,False,False,False,92,,47.652,,9289,,10044,,47.652,,True,3.973,3.973,3.973,3.973,3.973,3.973,3.973,3.973,3.973,3.973,3.973,3.973,0,,False,False,True,,,,,,,,,,,,,,,False,False,18.872,,84.9,,75.7,,84.9,,1758,50,7,16,7,140889.2,18785.22,,Idle,,20,,10,,,20,Go Home,False,False,False,False,False,False,False,False,False,False,False,False,33.8027920380556,-117.4659261431046,885.7,2972.0,1049.4,396.9,True,1,1,False,False,False,False,,True,False,False,Course Lock,196.8,67,16.4,93,E,S,6.48,6.93,Calm,False,False,Android,7.0.2,M300 RTK,1ZN7L4R0H1D00F,1W9DL31001461C,1ZMLH8300204F0,1Z6PH74DAP0QN7,"Corona, CA",728.3,5.7,137.7,8.547347,2.013246,0,0,DJI Matrice 300 RTK,M300 RTK,1ZN7L4R0H1D00F,1W9DL31001461C,1ZMLH8300204F0,1Z6PH74DAP0QN7,DJI Pilot,Android,7.0.2,1EF72A62-B7C3-C88D-164E-CE6F8C8424AE,1ZN7L4R0H1D00F,1W9DL31001461C,,1ZMLH8300204F0,1W9DL31001461C,,,,,
2023-11-01,11:26:38.17 AM,2m 15.8s,135.8,33.8010910549766,-117.4680141109877,73.4,73.4,12.4,1337,920.1,5.046766,6.085134,-1.11847,0,-4.921268,1.342164,-0.223694,0,1,0.5,1.1,-101.9,258.1,256.7,Tripod,Other,,22,5,True,,True,False,,Smart,RC,False,True,False,,,True,,False,False,False,False,False,False,False,False,False,False,0,Follow Yaw,-88.9,0,-109.8,250.2,False,False,False,False,False,,0,0,False,False,No Card,100,100,1024,1314,1315,1024,2,False,False,False,False,False,0,False,False,False,False,92,,47.652,,9289,,10044,,47.652,,True,3.973,3.973,3.973,3.973,3.973,3.973,3.973,3.973,3.973,3.973,3.973,3.973,0,,False,False,True,,,,,,,,,,,,,,,False,False,18.872,,84.9,,75.7,,84.9,,1758,50,7,16,7,140889.2,18785.22,,Idle,,20,,10,,,20,Go Home,False,False,False,False,False,False,False,False,False,False,False,False,33.8027920380556,-117.4659261431046,886.4,2972.0,1049.4,396.9,True,1,1,False,False,False,False,,True,False,False,Course Lock,196.8,67,16.4,93,E,S,6.48,6.93,Calm,False,False,Android,7.0.2,M300 RTK,1ZN7L4R0H1D00F,1W9DL31001461C,1ZMLH8300204F0,1Z6PH74DAP0QN7,"Corona, CA",728.3,5.7,137.7,8.547347,2.013246,0,0,DJI Matrice 300 RTK,M300 RTK,1ZN7L4R0H1D00F,1W9DL31001461C,1ZMLH8300204F0,1Z6PH74DAP0QN7,DJI Pilot,Android,7.0.2,1EF72A62-B7C3-C88D-164E-CE6F8C8424AE,1ZN7L4R0H1D00F,1W9DL31001461C,,1ZMLH8300204F0,1W9DL31001461C,,,,,
2023-11-01,11:26:38.27 AM,2m 15.9s,135.9,33.8010905341312,-117.4680170738327,73.4,73.4,12.4,1337,921.0,5.046766,6.085134,-1.11847,0,-4.921268,1.342164,-0.223694,0,1.1,0.2,1.1,-101.9,258.1,258.0,Tripod,Other,,22,5,True,,True,False,,Smart,RC,False,True,False,,,True,,False,False,False,False,False,False,False,False,False,False,0,Follow Yaw,-88.9,0,-109.8,250.2,False,False,False,False,False,,0,0,False,False,No Card,100,100,1024,1315,1338,1024,2,False,False,False,False,False,0,False,False,False,False,92,,47.652,,9289,,10044,,47.652,,True,3.973,3.973,3.973,3.973,3.973,3.973,3.973,3.973,3.973,3.973,3.973,3.973,0,,False,False,True,,,,,,,,,,,,,,,False,False,18.872,,84.9,,75.7,,84.9,,1758,50,7,16,7,140889.2,18785.22,,Idle,,20,,10,,,20,Go Home,False,False,False,False,False,False,False,False,False,False,False,False,33.8027920380556,-117.4659261431046,887.1,2972.0,1049.4,396.9,True,1,1,False,False,False,False,,True,False,False,Course Lock,196.8,67,16.4,93,E,S,6.48,6.93,Calm,False,False,Android,7.0.2,M300 RTK,1ZN7L4R0H1D00F,1W9DL31001461C,1ZMLH8300204F0,1Z6PH74DAP0QN7,"Corona, CA",728.3,5.7,137.7,8.547347,2.013246,0,0,DJI Matrice 300 RTK,M300 RTK,1ZN7L4R0H1D00F,1W9DL31001461C,1ZMLH8300204F0,1Z6PH74DAP0QN7,DJI Pilot,Android,7.0.2,1EF72A62-B7C3-C88D-164E-CE6F8C8424AE,1ZN7L4R0H1D00F,1W9DL31001461C,,1ZMLH8300204F0,1W9DL31001461C,,,,,
2023-11-01,11:26:38.37 AM,2m 16.0s,136.0,33.8010900516638,-117.4680195808047,73.4,73.4,12.4,1337,921.8,5.046766,6.085134,-1.11847,0,-4.921268,1.342164,-0.447388,0,1.2,0.1,1.2,-101.8,258.2,256.9,Tripod,Other,,22,5,True,,True,False,,Smart,RC,False,True,False,,,True,,False,False,False,False,False,False,False,False,False,False,0,Follow Yaw,-88.9,0,-109.8,250.2,False,False,False,False,False,,0,0,False,False,No Card,100,100,1024,1314,1345,1024,2,False,False,False,False,False,0,False,False,False,False,92,,47.604,,9240,,10044,,47.604,,True,3.973,3.973,3.973,3.973,3.973,3.973,3.973,3.973,3.973,3.973,3.973,3.973,0,,False,False,True,,,,,,,,,,,,,,,False,False,18.96,,85.1,,75.7,,85.1,,1758,50,7,16,7,140889.2,18785.22,,Idle,,20,,10,,,20,Go Home,False,False,False,False,False,False,False,False,False,False,False,False,33.8027920380556,-117.4659261431046,887.8,2972.0,1049.4,396.9,True,1,1,False,False,False,False,,True,False,False,Course Lock,196.8,67,16.4,93,E,S,6.48,6.93,Calm,False,False,Android,7.0.2,M300 RTK,1ZN7L4R0H1D00F,1W9DL31001461C,1ZMLH8300204F0,1Z6PH74DAP0QN7,"Corona, CA",728.3,5.7,137.7,8.547347,2.013246,0,0,DJI Matrice 300 RTK,M300 RTK,1ZN7L4R0H1D00F,1W9DL31001461C,1ZMLH8300204F0,1Z6PH74DAP0QN7,DJI Pilot,Android,7.0.2,1EF72A62-B7C3-C88D-164E-CE6F8C8424AE,1ZN7L4R0H1D00F,1W9DL31001461C,,1ZMLH8300204F0,1W9DL31001461C,,,,,
2023-11-01,11:26:38.48 AM,2m 16.1s,136.1,33.8010897199675,-117.4680217368005,73.4,73.4,12.4,1337,922.5,5.046766,6.085134,-1.11847,0,-4.921268,1.342164,-0.447388,0,1.3,0.1,1.3,-101.7,258.3,259.5,Tripod,Other,,22,5,True,,True,False,,Smart,RC,False,True,False,,,True,,False,False,False,False,False,False,False,False,False,False,0,Follow Yaw,-88.9,0,-109.8,250.2,False,False,False,False,False,,0,0,False,False,No Card,100,100,1024,1311,1353,1024,2,False,False,False,False,False,0,False,False,False,False,92,,47.604,,9240,,10044,,47.604,,True,3.973,3.973,3.973,3.973,3.973,3.973,3.973,3.973,3.973,3.973,3.973,3.973,0,,False,False,True,,,,,,,,,,,,,,,False,False,18.96,,85.1,,75.7,,85.1,,1758,50,7,16,7,140889.2,18785.22,,Idle,,20,,10,,,20,Go Home,False,False,False,False,False,False,False,False,False,False,False,False,33.8027920380556,-117.4659261431046,888.3,2972.0,1049.4,396.9,True,1,1,False,False,False,False,,True,False,False,Course Lock,196.8,67,16.4,93,E,S,6.48,6.93,Calm,False,False,Android,7.0.2,M300 RTK,1ZN7L4R0H1D00F,1W9DL31001461C,1ZMLH8300204F0,1Z6PH74DAP0QN7,"Corona, CA",728.3,5.7,137.7,8.547347,2.013246,0,0,DJI Matrice 300 RTK,M300 RTK,1ZN7L4R0H1D00F,1W9DL31001461C,1ZMLH8300204F0,1Z6PH74DAP0QN7,DJI Pilot,Android,7.0.2,1EF72A62-B7C3-C88D-164E-CE6F8C8424AE,1ZN7L4R0H1D00F,1W9DL31001461C,,1ZMLH8300204F0,1W9DL31001461C,,,,,
2023-11-01,11:26:38.54 AM,2m 16.2s,136.2,33.8010892418862,-117.4680242140846,73.8,73.8,12.7,1338,923.3,5.046766,6.085134,-1.11847,0,-4.921268,1.342164,-0.447388,0,1.3,0.2,1.3,-101.7,258.3,256.9,Tripod,Other,,22,5,True,,True,False,,Smart,RC,False,True,False,,,True,,False,False,False,False,False,False,False,False,False,False,0,Follow Yaw,-88.9,0,-109.8,250.2,False,False,False,False,False,,0,0,False,False,No Card,100,100,1024,1313,1346,1024,2,False,False,False,False,False,0,False,False,False,False,92,,47.604,,9240,,10044,,47.604,,True,3.973,3.973,3.973,3.973,3.973,3.973,3.973,3.973,3.973,3.973,3.973,3.973,0,,False,False,True,,,,,,,,,,,,,,,False,False,18.96,,85.1,,75.7,,85.1,,1758,50,7,16,7,140889.2,18785.22,,Idle,,20,,10,,,20,Go Home,False,False,False,False,False,False,False,False,False,False,False,False,33.8027920380556,-117.4659261431046,889.0,2972.0,1049.4,396.9,True,1,1,False,False,False,False,,True,False,False,Course Lock,196.8,67,16.4,93,E,S,6.48,6.93,Calm,False,False,Android,7.0.2,M300 RTK,1ZN7L4R0H1D00F,1W9DL31001461C,1ZMLH8300204F0,1Z6PH74DAP0QN7,"Corona, CA",728.3,5.7,137.7,8.547347,2.013246,0,0,DJI Matrice 300 RTK,M300 RTK,1ZN7L4R0H1D00F,1W9DL31001461C,1ZMLH8300204F0,1Z6PH74DAP0QN7,DJI Pilot,Android,7.0.2,1EF72A62-B7C3-C88D-164E-CE6F8C8424AE,1ZN7L4R0H1D00F,1W9DL31001461C,,1ZMLH8300204F0,1W9DL31001461C,,,,,
2023-11-01,11:26:38.64 AM,2m 16.3s,136.3,33.801088685404,-117.4680267744946,73.8,73.8,12.7,1338,924.1,5.046766,6.085134,-1.11847,0,-4.921268,1.342164,-0.671082,0,1.1,0.3,1.1,-101.6,258.4,255.3,Tripod,Other,,22,5,True,,True,False,,Smart,RC,False,True,False,,,True,,False,False,False,False,False,False,False,False,False,False,0,Follow Yaw,-88.9,0,-109.8,250.2,False,False,False,False,False,,0,0,False,False,No Card,100,100,1024,1316,1336,1024,2,False,False,False,False,False,0,False,False,False,False,92,,47.604,,9240,,10044,,47.604,,True,3.966,3.966,3.966,3.966,3.966,3.966,3.966,3.966,3.966,3.966,3.966,3.966,0,,False,False,True,,,,,,,,,,,,,,,False,False,18.96,,85.1,,75.7,,85.1,,1760,50,7,16,7,140742.1,18765.61,,Idle,,20,,10,,,20,Go Home,False,False,False,False,False,False,False,False,False,False,False,False,33.8027920380556,-117.4659261431046,889.7,2972.0,1049.4,396.9,True,1,1,False,False,False,False,,True,False,False,Course Lock,196.8,67,16.4,93,E,S,6.48,6.93,Calm,False,False,Android,7.0.2,M300 RTK,1ZN7L4R0H1D00F,1W9DL31001461C,1ZMLH8300204F0,1Z6PH74DAP0QN7,"Corona, CA",728.3,5.7,137.7,8.547347,2.013246,0,0,DJI Matrice 300 RTK,M300 RTK,1ZN7L4R0H1D00F,1W9DL31001461C,1ZMLH8300204F0,1Z6PH74DAP0QN7,DJI Pilot,Android,7.0.2,1EF72A62-B7C3-C88D-164E-CE6F8C8424AE,1ZN7L4R0H1D00F,1W9DL31001461C,,1ZMLH8300204F0,1W9DL31001461C,,,,,
2023-11-01,11:26:38.74 AM,2m 16.4s,136.4,33.8010881919715,-117.4680292557372,73.8,73.8,12.7,1338,924.8,5.046766,6.085134,-1.11847,0,-4.921268,1.342164,-0.671082,0,1,0.3,1,-101.6,258.4,256.5,Tripod,Other,,22,5,True,,True,False,,Smart,RC,False,True,False,,,True,,False,False,False,False,False,False,False,False,False,False,0,Follow Yaw,-88.9,0,-109.8,250.2,False,False,False,False,False,,0,0,False,False,No Card,100,100,1024,1316,1344,1024,2,False,False,False,False,False,0,False,False,False,False,92,,47.604,,9240,,10044,,47.604,,True,3.966,3.966,3.966,3.966,3.966,3.966,3.966,3.966,3.966,3.966,3.966,3.966,0,,False,False,True,,,,,,,,,,,,,,,False,False,18.96,,85.1,,75.7,,85.1,,1760,50,7,16,7,140742.1,18765.61,,Idle,,20,,10,,,20,Go Home,False,False,False,False,False,False,False,False,False,False,False,False,33.8027920380556,-117.4659261431046,890.4,2972.0,1049.4,396.9,True,1,1,False,False,False,False,,True,False,False,Course Lock,196.8,67,16.4,93,E,S,6.48,6.93,Calm,False,False,Android,7.0.2,M300 RTK,1ZN7L4R0H1D00F,1W9DL31001461C,1ZMLH8300204F0,1Z6PH74DAP0QN7,"Corona, CA",728.3,5.7,137.7,8.547347,2.013246,0,0,DJI Matrice 300 RTK,M300 RTK,1ZN7L4R0H1D00F,1W9DL31001461C,1ZMLH8300204F0,1Z6PH74DAP0QN7,DJI Pilot,Android,7.0.2,1EF72A62-B7C3-C88D-164E-CE6F8C8424AE,1ZN7L4R0H1D00F,1W9DL31001461C,,1ZMLH8300204F0,1W9DL31001461C,,,,,
2023-11-01,11:26:38.84 AM,2m 16.5s,136.5,33.8010877911946,-117.4680317785426,74.1,74.1,12.7,1338,925.6,5.046766,6.085134,-1.11847,0,-4.921268,1.342164,-0.671082,0,0.8,0.4,0.8,-101.5,258.5,259.1,Tripod,Other,,22,5,True,,True,False,,Smart,RC,False,True,False,,,True,,False,False,False,False,False,False,False,False,False,False,0,Follow Yaw,-88.9,0,-109.8,250.2,False,False,False,False,False,,0,0,False,False,No Card,100,100,1024,1317,1345,1024,2,False,False,False,False,False,0,False,False,False,False,92,,47.604,,9240,,10044,,47.604,,True,3.966,3.966,3.966,3.966,3.966,3.966,3.966,3.966,3.966,3.966,3.966,3.966,0,,False,False,True,,,,,,,,,,,,,,,False,False,18.96,,85.1,,75.7,,85.1,,1760,50,7,16,7,140742.1,18765.61,,Idle,,20,,10,,,20,Go Home,False,False,False,False,False,False,False,False,False,False,False,False,33.8027920380556,-117.4659261431046,891.0,2972.0,1049.4,396.9,True,1,1,False,False,False,False,,True,False,False,Course Lock,196.8,67,16.4,93,E,S,6.48,6.93,Calm,False,False,Android,7.0.2,M300 RTK,1ZN7L4R0H1D00F,1W9DL31001461C,1ZMLH8300204F0,1Z6PH74DAP0QN7,"Corona, CA",728.3,5.7,137.7,8.547347,2.013246,0,0,DJI Matrice 300 RTK,M300 RTK,1ZN7L4R0H1D00F,1W9DL31001461C,1ZMLH8300204F0,1Z6PH74DAP0QN7,DJI Pilot,Android,7.0.2,1EF72A62-B7C3-C88D-164E-CE6F8C8424AE,1ZN7L4R0H1D00F,1W9DL31001461C,,1ZMLH8300204F0,1W9DL31001461C,,,,,
2023-11-01,11:26:38.94 AM,2m 16.6s,136.6,33.8010873087273,-117.4680342670422,74.1,74.1,12.7,1338,926.4,5.046766,6.085134,-1.11847,0,-4.921268,1.342164,-0.671082,0,0.7,0.5,0.8,-101.4,258.6,256.8,Tripod,Other,,22,5,True,,True,False,,Smart,RC,False,True,False,,,True,,False,False,False,False,False,False,False,False,False,False,0,Follow Yaw,-88.9,0,-109.8,250.2,False,False,False,False,False,,0,0,False,False,No Card,100,100,1024,1316,1347,1024,2,False,False,False,False,False,0,False,False,False,False,92,,47.604,,9240,,10044,,47.604,,True,3.966,3.966,3.966,3.966,3.966,3.966,3.966,3.966,3.966,3.966,3.966,3.966,0,,False,False,True,,,,,,,,,,,,,,,False,False,18.96,,85.1,,75.7,,85.1,,1760,50,7,16,7,140742.1,18765.61,,Idle,,20,,10,,,20,Go Home,False,False,False,False,False,False,False,False,False,False,False,False,33.8027920380556,-117.4659261431046,891.7,2972.0,1049.4,396.9,True,1,1,False,False,False,False,,True,False,False,Course Lock,196.8,67,16.4,93,E,S,6.48,6.93,Calm,False,False,Android,7.0.2,M300 RTK,1ZN7L4R0H1D00F,1W9DL31001461C,1ZMLH8300204F0,1Z6PH74DAP0QN7,"Corona, CA",728.3,5.7,137.7,8.547347,2.013246,0,0,DJI Matrice 300 RTK,M300 RTK,1ZN7L4R0H1D00F,1W9DL31001461C,1ZMLH8300204F0,1Z6PH74DAP0QN7,DJI Pilot,Android,7.0.2,1EF72A62-B7C3-C88D-164E-CE6F8C8424AE,1ZN7L4R0H1D00F,1W9DL31001461C,,1ZMLH8300204F0,1W9DL31001461C,,,,,
2023-11-01,11:26:39.04 AM,2m 16.7s,136.7,33.8010867506003,-117.4680366638393,74.1,74.1,12.7,1338,927.1,5.046766,6.085134,-1.11847,0,-4.921268,1.342164,-0.671082,0,0.8,0.5,0.9,-101.4,258.6,254.3,Tripod,Other,,22,5,True,,True,False,,Smart,RC,False,True,False,,,True,,False,False,False,False,False,False,False,False,False,False,0,Follow Yaw,-88.9,0,-109.8,250.2,False,False,False,False,False,,0,0,False,False,No Card,100,100,1024,1315,1348,1024,2,False,False,False,False,False,0,False,False,False,False,92,,47.604,,9240,,10044,,47.604,,True,3.966,3.966,3.966,3.966,3.966,3.966,3.966,3.966,3.966,3.966,3.966,3.966,0,,False,False,True,,,,,,,,,,,,,,,False,False,18.96,,85.1,,75.7,,85.1,,1760,50,7,16,7,140742.1,18765.61,,Idle,,20,,10,,,20,Go Home,False,False,False,False,False,False,False,False,False,False,False,False,33.8027920380556,-117.4659261431046,892.3,2972.0,1049.4,396.9,True,1,1,False,False,False,False,,True,False,False,Course Lock,196.8,67,16.4,93,E,S,6.48,6.93,Calm,False,False,Android,7.0.2,M300 RTK,1ZN7L4R0H1D00F,1W9DL31001461C,1ZMLH8300204F0,1Z6PH74DAP0QN7,"Corona, CA",728.3,5.7,137.7,8.547347,2.013246,0,0,DJI Matrice 300 RTK,M300 RTK,1ZN7L4R0H1D00F,1W9DL31001461C,1ZMLH8300204F0,1Z6PH74DAP0QN7,DJI Pilot,Android,7.0.2,1EF72A62-B7C3-C88D-164E-CE6F8C8424AE,1ZN7L4R0H1D00F,1W9DL31001461C,,1ZMLH8300204F0,1W9DL31001461C,,,,,
2023-11-01,11:26:39.14 AM,2m 16.8s,136.8,33.8010862571677,-117.4680391562972,74.4,74.4,12.7,1338,927.9,5.046766,6.085134,-1.11847,0,-4.921268,1.342164,-0.671082,0,1,0.6,1.1,-101.4,258.6,256.5,Tripod,Other,,22,5,True,,True,False,,Smart,RC,False,True,False,,,True,,False,False,False,False,False,False,False,False,False,False,0,Follow Yaw,-88.9,0,-109.8,250.2,False,False,False,False,False,,0,0,False,False,No Card,100,100,1024,1315,1345,1024,2,False,False,False,False,False,0,False,False,False,False,92,,47.604,,9240,,10044,,47.604,,True,3.966,3.966,3.966,3.966,3.966,3.966,3.966,3.966,3.966,3.966,3.966,3.966,0,,False,False,True,,,,,,,,,,,,,,,False,False,18.96,,85.1,,75.7,,85.1,,1760,50,7,16,7,140742.1,18765.61,,Idle,,20,,10,,,20,Go Home,False,False,False,False,False,False,False,False,False,False,False,False,33.8027920380556,-117.4659261431046,893.0,2972.0,1049.4,396.9,True,1,1,False,False,False,False,,True,False,False,Course Lock,196.8,67,16.4,93,E,S,6.48,6.93,Calm,False,False,Android,7.0.2,M300 RTK,1ZN7L4R0H1D00F,1W9DL31001461C,1ZMLH8300204F0,1Z6PH74DAP0QN7,"Corona, CA",728.3,5.7,137.7,8.547347,2.013246,0,0,DJI Matrice 300 RTK,M300 RTK,1ZN7L4R0H1D00F,1W9DL31001461C,1ZMLH8300204F0,1Z6PH74DAP0QN7,DJI Pilot,Android,7.0.2,1EF72A62-B7C3-C88D-164E-CE6F8C8424AE,1ZN7L4R0H1D00F,1W9DL31001461C,,1ZMLH8300204F0,1W9DL31001461C,,,,,
2023-11-01,11:26:39.24 AM,2m 16.9s,136.9,33.8010858942207,-117.468041724624,74.4,74.4,12.7,1338,928.7,5.046766,6.085134,-1.11847,0,-4.921268,1.342164,-0.671082,0,1.2,0.6,1.3,-101.4,258.6,260.3,Tripod,Other,,22,5,True,,True,False,,Smart,RC,False,True,False,,,True,,False,False,False,False,False,False,False,False,False,False,0,Follow Yaw,-88.9,0,-109.8,250.2,False,False,False,False,False,,0,0,False,False,No Card,100,100,1024,1316,1344,1024,2,False,False,False,False,False,0,False,False,False,False,92,,47.604,,9240,,10044,,47.604,,True,3.966,3.966,3.966,3.966,3.966,3.966,3.966,3.966,3.966,3.966,3.966,3.966,0,,False,False,True,,,,,,,,,,,,,,,False,False,18.96,,85.1,,75.7,,85.1,,1760,50,7,16,7,140742.1,18765.61,,Idle,,20,,10,,,20,Go Home,False,False,False,False,False,False,False,False,False,False,False,False,33.8027920380556,-117.4659261431046,893.7,2972.0,1049.4,396.9,True,1,1,False,False,False,False,,True,False,False,Course Lock,196.8,67,16.4,93,E,S,6.48,6.93,Calm,False,False,Android,7.0.2,M300 RTK,1ZN7L4R0H1D00F,1W9DL31001461C,1ZMLH8300204F0,1Z6PH74DAP0QN7,"Corona, CA",728.3,5.7,137.7,8.547347,2.013246,0,0,DJI Matrice 300 RTK,M300 RTK,1ZN7L4R0H1D00F,1W9DL31001461C,1ZMLH8300204F0,1Z6PH74DAP0QN7,DJI Pilot,Android,7.0.2,1EF72A62-B7C3-C88D-164E-CE6F8C8424AE,1ZN7L4R0H1D00F,1W9DL31001461C,,1ZMLH8300204F0,1W9DL31001461C,,,,,
2023-11-01,11:26:39.34 AM,2m 17.0s,137.0,33.8010854232668,-117.4680442184014,74.4,74.4,12.7,1338,929.5,5.046766,6.085134,-1.11847,0,-4.921268,1.342164,-0.671082,0,1.2,0.6,1.3,-101.4,258.6,257.1,Tripod,Other,,22,5,True,,True,False,,Smart,RC,False,True,False,,,True,,False,False,False,False,False,False,False,False,False,False,0,Follow Yaw,-88.9,0,-109.8,250.2,False,False,False,False,False,,0,0,False,False,No Card,100,100,1024,1312,1345,1024,2,False,False,False,False,False,0,False,False,False,False,92,,47.628,,9240,,10044,,47.628,,True,3.966,3.966,3.966,3.966,3.966,3.966,3.966,3.966,3.966,3.966,3.966,3.966,0,,False,False,True,,,,,,,,,,,,,,,False,False,19.2,,85.1,,75.7,,85.1,,1760,50,7,16,7,140742.1,18765.61,,Idle,,20,,10,,,20,Go Home,False,False,False,False,False,False,False,False,False,False,False,False,33.8027920380556,-117.4659261431046,894.3,2972.0,1049.4,396.9,True,1,1,False,False,False,False,,True,False,False,Course Lock,196.8,67,16.4,93,E,S,6.48,6.93,Calm,False,False,Android,7.0.2,M300 RTK,1ZN7L4R0H1D00F,1W9DL31001461C,1ZMLH8300204F0,1Z6PH74DAP0QN7,"Corona, CA",728.3,5.7,137.7,8.547347,2.013246,0,0,DJI Matrice 300 RTK,M300 RTK,1ZN7L4R0H1D00F,1W9DL31001461C,1ZMLH8300204F0,1Z6PH74DAP0QN7,DJI Pilot,Android,7.0.2,1EF72A62-B7C3-C88D-164E-CE6F8C8424AE,1ZN7L4R0H1D00F,1W9DL31001461C,,1ZMLH8300204F0,1W9DL31001461C,,,,,
2023-11-01,11:26:39.44 AM,2m 17.1s,137.1,33.8010850307138,-117.4680468078396,74.8,74.8,12.7,1339,930.3,5.046766,6.085134,-1.11847,0,-4.921268,1.342164,-0.671082,0,1.1,0.6,1.2,-101.4,258.6,259.6,Tripod,Other,,22,5,True,,True,False,,Smart,RC,False,True,False,,,True,,False,False,False,False,False,False,False,False,False,False,0,Follow Yaw,-88.9,0,-109.8,250.2,False,False,False,False,False,,0,0,False,False,No Card,100,100,1024,1310,1346,1024,2,False,False,False,False,False,0,False,False,False,False,92,,47.628,,9240,,10044,,47.628,,True,3.966,3.966,3.966,3.966,3.966,3.966,3.966,3.966,3.966,3.966,3.966,3.966,0,,False,False,True,,,,,,,,,,,,,,,False,False,19.2,,85.1,,75.7,,85.1,,1760,50,7,16,7,140742.1,18765.61,,Idle,,20,,10,,,20,Go Home,False,False,False,False,False,False,False,False,False,False,False,False,33.8027920380556,-117.4659261431046,895.0,2972.0,1049.4,396.9,True,1,1,False,False,False,False,,True,False,False,Course Lock,196.8,67,16.4,93,E,S,6.48,6.93,Calm,False,False,Android,7.0.2,M300 RTK,1ZN7L4R0H1D00F,1W9DL31001461C,1ZMLH8300204F0,1Z6PH74DAP0QN7,"Corona, CA",728.3,5.7,137.7,8.547347,2.013246,0,0,DJI Matrice 300 RTK,M300 RTK,1ZN7L4R0H1D00F,1W9DL31001461C,1ZMLH8300204F0,1Z6PH74DAP0QN7,DJI Pilot,Android,7.0.2,1EF72A62-B7C3-C88D-164E-CE6F8C8424AE,1ZN7L4R0H1D00F,1W9DL31001461C,,1ZMLH8300204F0,1W9DL31001461C,,,,,
2023-11-01,11:26:39.54 AM,2m 17.2s,137.2,33.8010845701768,-117.4680493068948,74.8,74.8,12.7,1339,931.1,5.046766,6.085134,-1.11847,0,-4.921268,1.342164,-0.671082,0,1.1,0.4,1.1,-101.3,258.7,257.4,Tripod,Other,,22,5,True,,True,False,,Smart,RC,False,True,False,,,True,,False,False,False,False,False,False,False,False,False,False,0,Follow Yaw,-88.9,0,-109.8,250.2,False,False,False,False,False,,0,0,False,False,No Card,100,100,1024,1310,1348,1024,2,False,False,False,False,False,0,False,False,False,False,92,,47.628,,9240,,10044,,47.628,,True,3.966,3.966,3.966,3.966,3.966,3.966,3.966,3.966,3.966,3.966,3.966,3.966,0,,False,False,True,,,,,,,,,,,,,,,False,False,19.2,,85.1,,75.7,,85.1,,1760,50,7,16,7,140742.1,18765.61,,Idle,,20,,10,,,20,Go Home,False,False,False,False,False,False,False,False,False,False,False,False,33.8027920380556,-117.4659261431046,895.6,2972.0,1049.4,396.9,True,1,1,False,False,False,False,,True,False,False,Course Lock,196.8,67,16.4,93,E,S,6.48,6.93,Calm,False,False,Android,7.0.2,M300 RTK,1ZN7L4R0H1D00F,1W9DL31001461C,1ZMLH8300204F0,1Z6PH74DAP0QN7,"Corona, CA",728.3,5.7,137.7,8.547347,2.013246,0,0,DJI Matrice 300 RTK,M300 RTK,1ZN7L4R0H1D00F,1W9DL31001461C,1ZMLH8300204F0,1Z6PH74DAP0QN7,DJI Pilot,Android,7.0.2,1EF72A62-B7C3-C88D-164E-CE6F8C8424AE,1ZN7L4R0H1D00F,1W9DL31001461C,,1ZMLH8300204F0,1W9DL31001461C,,,,,
2023-11-01,11:26:39.61 AM,2m 17.3s,137.3,33.8010840559104,-117.4680514345223,74.8,74.8,13.1,1339,931.7,5.046766,6.085134,-1.11847,0,-4.921268,1.342164,-0.671082,0,1,0.5,1.1,-101.3,258.7,253.7,Tripod,Other,,22,5,True,,True,False,,Smart,RC,False,True,False,,,True,,False,False,False,False,False,False,False,False,False,False,0,Follow Yaw,-88.9,0,-109.8,250.2,False,False,False,False,False,,0,0,False,False,No Card,100,100,1024,1311,1350,1024,2,False,False,False,False,False,0,False,False,False,False,92,,47.628,,9240,,10044,,47.628,,True,3.969,3.969,3.969,3.969,3.969,3.969,3.969,3.969,3.969,3.969,3.969,3.969,0,,False,False,True,,,,,,,,,,,,,,,False,False,19.2,,85.1,,75.7,,85.1,,1761,50,7,16,7,140787.8,18771.71,,Idle,,20,,10,,,20,Go Home,False,False,False,False,False,False,False,False,False,False,False,False,33.8027920380556,-117.4659261431046,896.2,2972.0,1049.4,396.9,True,1,1,False,False,False,False,,True,False,False,Course Lock,196.8,67,16.4,93,E,S,6.48,6.93,Calm,False,False,Android,7.0.2,M300 RTK,1ZN7L4R0H1D00F,1W9DL31001461C,1ZMLH8300204F0,1Z6PH74DAP0QN7,"Corona, CA",728.3,5.7,137.7,8.547347,2.013246,0,0,DJI Matrice 300 RTK,M300 RTK,1ZN7L4R0H1D00F,1W9DL31001461C,1ZMLH8300204F0,1Z6PH74DAP0QN7,DJI Pilot,Android,7.0.2,1EF72A62-B7C3-C88D-164E-CE6F8C8424AE,1ZN7L4R0H1D00F,1W9DL31001461C,,1ZMLH8300204F0,1W9DL31001461C,,,,,
2023-11-01,11:26:39.74 AM,2m 17.4s,137.4,33.8010835844082,-117.4680539019105,75.1,75.1,13.1,1339,932.5,5.046766,6.085134,-1.11847,0,-4.921268,1.342164,-0.671082,0,0.9,0.5,1,-101.3,258.7,257.0,Tripod,Other,,22,5,True,,True,False,,Smart,RC,False,True,False,,,True,,False,False,False,False,False,False,False,False,False,False,0,Follow Yaw,-88.9,0,-109.8,250.2,False,False,False,False,False,,0,0,False,False,No Card,100,100,1024,1313,1350,1024,2,False,False,False,False,False,0,False,False,False,False,92,,47.628,,9240,,10044,,47.628,,True,3.969,3.969,3.969,3.969,3.969,3.969,3.969,3.969,3.969,3.969,3.969,3.969,0,,False,False,True,,,,,,,,,,,,,,,False,False,19.2,,85.1,,75.7,,85.1,,1761,50,7,16,7,140787.8,18771.71,,Idle,,20,,10,,,20,Go Home,False,False,False,False,False,False,False,False,False,False,False,False,33.8027920380556,-117.4659261431046,896.9,2972.0,1049.4,396.9,True,1,1,False,False,False,False,,True,False,False,Course Lock,196.8,67,16.4,93,E,S,6.48,6.93,Calm,False,False,Android,7.0.2,M300 RTK,1ZN7L4R0H1D00F,1W9DL31001461C,1ZMLH8300204F0,1Z6PH74DAP0QN7,"Corona, CA",728.3,5.7,137.7,8.547347,2.013246,0,0,DJI Matrice 300 RTK,M300 RTK,1ZN7L4R0H1D00F,1W9DL31001461C,1ZMLH8300204F0,1Z6PH74DAP0QN7,DJI Pilot,Android,7.0.2,1EF72A62-B7C3-C88D-164E-CE6F8C8424AE,1ZN7L4R0H1D00F,1W9DL31001461C,,1ZMLH8300204F0,1W9DL31001461C,,,,,
2023-11-01,11:26:39.84 AM,2m 17.5s,137.5,33.8010830443737,-117.4680564840916,75.1,75.1,13.4,1339,933.3,5.046766,6.085134,-1.11847,0,-4.921268,1.342164,-0.671082,0,0.9,0.5,1,-101.4,258.6,255.8,Tripod,Other,,22,5,True,,True,False,,Smart,RC,False,True,False,,,True,,False,False,False,False,False,False,False,False,False,False,0,Follow Yaw,-88.9,0,-109.8,250.2,False,False,False,False,False,,0,0,False,False,No Card,100,100,1024,1316,1348,1024,2,False,False,False,False,False,0,False,False,False,False,92,,47.628,,9240,,10044,,47.628,,True,3.969,3.969,3.969,3.969,3.969,3.969,3.969,3.969,3.969,3.969,3.969,3.969,0,,False,False,True,,,,,,,,,,,,,,,False,False,19.2,,85.1,,75.7,,85.1,,1761,50,7,16,7,140787.8,18771.71,,Idle,,20,,10,,,20,Go Home,False,False,False,False,False,False,False,False,False,False,False,False,33.8027920380556,-117.4659261431046,897.6,2972.0,1049.4,396.9,True,1,1,False,False,False,False,,True,False,False,Course Lock,196.8,67,16.4,93,E,S,6.48,6.93,Calm,False,False,Android,7.0.2,M300 RTK,1ZN7L4R0H1D00F,1W9DL31001461C,1ZMLH8300204F0,1Z6PH74DAP0QN7,"Corona, CA",728.3,5.7,137.7,8.547347,2.013246,0,0,DJI Matrice 300 RTK,M300 RTK,1ZN7L4R0H1D00F,1W9DL31001461C,1ZMLH8300204F0,1Z6PH74DAP0QN7,DJI Pilot,Android,7.0.2,1EF72A62-B7C3-C88D-164E-CE6F8C8424AE,1ZN7L4R0H1D00F,1W9DL31001461C,,1ZMLH8300204F0,1W9DL31001461C,,,,,
2023-11-01,11:26:39.94 AM,2m 17.6s,137.6,33.8010825728716,-117.4680589646744,75.4,75.4,13.4,1339,934.1,5.046766,6.085134,-1.11847,0,-4.921268,1.342164,-0.671082,0,1,0.6,1.1,-101.4,258.6,257.1,Tripod,Other,,22,5,True,,True,False,,Smart,RC,False,True,False,,,True,,False,False,False,False,False,False,False,False,False,False,0,Follow Yaw,-88.9,0,-109.8,250.2,False,False,False,False,False,,0,0,False,False,No Card,100,100,1024,1316,1348,1024,2,False,False,False,False,False,0,False,False,False,False,92,,47.628,,9240,,10044,,47.628,,True,3.969,3.969,3.969,3.969,3.969,3.969,3.969,3.969,3.969,3.969,3.969,3.969,0,,False,False,True,,,,,,,,,,,,,,,False,False,19.2,,85.1,,75.7,,85.1,,1761,50,7,16,7,140787.8,18771.71,,Idle,,20,,10,,,20,Go Home,False,False,False,False,False,False,False,False,False,False,False,False,33.8027920380556,-117.4659261431046,898.3,2972.0,1049.4,396.9,True,1,1,False,False,False,False,,True,False,False,Course Lock,196.8,67,16.4,93,E,S,6.48,6.93,Calm,False,False,Android,7.0.2,M300 RTK,1ZN7L4R0H1D00F,1W9DL31001461C,1ZMLH8300204F0,1Z6PH74DAP0QN7,"Corona, CA",728.3,5.7,137.7,8.547347,2.013246,0,0,DJI Matrice 300 RTK,M300 RTK,1ZN7L4R0H1D00F,1W9DL31001461C,1ZMLH8300204F0,1Z6PH74DAP0QN7,DJI Pilot,Android,7.0.2,1EF72A62-B7C3-C88D-164E-CE6F8C8424AE,1ZN7L4R0H1D00F,1W9DL31001461C,,1ZMLH8300204F0,1W9DL31001461C,,,,,
2023-11-01,11:26:40.02 AM,2m 17.7s,137.7,33.8010823343792,-117.4680613621312,75.4,75.4,13.4,1339,934.8,5.046766,6.085134,-1.11847,0,-4.921268,1.342164,-0.671082,0,1.1,0.6,1.2,-101.4,258.6,263.1,Tripod,Other,,22,5,True,,True,False,,Smart,RC,False,True,False,,,True,,False,False,False,False,False,False,False,False,False,False,0,Follow Yaw,-88.9,0,-109.8,250.2,False,False,False,False,False,,0,0,False,False,No Card,100,100,1024,1317,1344,1024,2,False,False,False,False,False,0,False,False,False,False,92,,47.616,,4587,,4986,,47.616,,True,3.969,3.969,3.969,3.969,3.969,3.969,3.969,3.969,3.969,3.969,3.969,3.969,0,,False,False,True,,,,,,,,,,,,,,,False,False,9.334,,84.0,,75.7,,85.1,,1761,50,7,16,7,140787.8,18771.71,,Idle,,20,,10,,,20,Go Home,False,False,False,False,False,False,False,False,False,False,False,False,33.8027920380556,-117.4659261431046,898.8,2972.0,1049.4,396.9,True,1,1,False,False,False,False,,True,False,False,Course Lock,196.8,67,16.4,93,E,S,6.48,6.93,Calm,False,False,Android,7.0.2,M300 RTK,1ZN7L4R0H1D00F,1W9DL31001461C,1ZMLH8300204F0,1Z6PH74DAP0QN7,"Corona, CA",728.3,5.7,137.7,8.547347,2.013246,0,0,DJI Matrice 300 RTK,M300 RTK,1ZN7L4R0H1D00F,1W9DL31001461C,1ZMLH8300204F0,1Z6PH74DAP0QN7,DJI Pilot,Android,7.0.2,1EF72A62-B7C3-C88D-164E-CE6F8C8424AE,1ZN7L4R0H1D00F,1W9DL31001461C,,1ZMLH8300204F0,1W9DL31001461C,,,,,
2023-11-01,11:26:40.14 AM,2m 17.8s,137.8,33.8010818848073,-117.4680638334778,75.4,75.4,13.4,1339,935.6,5.046766,6.085134,-1.11847,0,-4.921268,1.342164,-0.671082,0,1.3,0.5,1.3,-101.4,258.6,257.6,Tripod,Other,,22,5,True,,True,False,,Smart,RC,False,True,False,,,True,,False,False,False,False,False,False,False,False,False,False,0,Follow Yaw,-88.9,0,-109.8,250.2,False,False,False,False,False,,0,0,False,False,No Card,100,100,1024,1321,1342,1024,2,False,False,False,False,False,0,False,False,False,False,92,,47.616,,4587,,4986,,47.616,,True,3.969,3.969,3.969,3.969,3.969,3.969,3.969,3.969,3.969,3.969,3.969,3.969,0,,False,False,True,,,,,,,,,,,,,,,False,False,9.334,,84.0,,75.7,,85.1,,1761,50,7,16,7,140787.8,18771.71,,Idle,,20,,10,,,20,Go Home,False,False,False,False,False,False,False,False,False,False,False,False,33.8027920380556,-117.4659261431046,899.5,2972.0,1049.4,396.9,True,1,1,False,False,False,False,,True,False,False,Course Lock,196.8,67,16.4,93,E,S,6.48,6.93,Calm,False,False,Android,7.0.2,M300 RTK,1ZN7L4R0H1D00F,1W9DL31001461C,1ZMLH8300204F0,1Z6PH74DAP0QN7,"Corona, CA",728.3,5.7,137.7,8.547347,2.013246,0,0,DJI Matrice 300 RTK,M300 RTK,1ZN7L4R0H1D00F,1W9DL31001461C,1ZMLH8300204F0,1Z6PH74DAP0QN7,DJI Pilot,Android,7.0.2,1EF72A62-B7C3-C88D-164E-CE6F8C8424AE,1ZN7L4R0H1D00F,1W9DL31001461C,,1ZMLH8300204F0,1W9DL31001461C,,,,,
2023-11-01,11:26:40.23 AM,2m 17.9s,137.9,33.801081287754,-117.4680663773946,75.7,75.7,13.4,1340,936.4,5.046766,6.085134,-1.11847,0,-4.921268,1.342164,-0.671082,0,1.4,0.3,1.4,-101.4,258.6,254.2,Tripod,Other,,22,5,True,,True,False,,Smart,RC,False,True,False,,,True,,False,False,False,False,False,False,False,False,False,False,0,Follow Yaw,-88.9,0,-109.8,250.2,False,False,False,False,False,,0,0,False,False,No Card,100,100,1024,1321,1342,1024,2,False,False,False,False,False,0,False,False,False,False,92,,47.616,,4587,,4986,,47.616,,True,3.969,3.969,3.969,3.969,3.969,3.969,3.969,3.969,3.969,3.969,3.969,3.969,0,,False,False,True,,,,,,,,,,,,,,,False,False,9.334,,84.0,,75.7,,85.1,,1761,50,7,16,7,140787.8,18771.71,,Idle,,20,,10,,,20,Go Home,False,False,False,False,False,False,False,False,False,False,False,False,33.8027920380556,-117.4659261431046,900.2,2972.0,1049.4,396.9,True,1,1,False,False,False,False,,True,False,False,Course Lock,196.8,67,16.4,93,E,S,6.48,6.93,Calm,False,False,Android,7.0.2,M300 RTK,1ZN7L4R0H1D00F,1W9DL31001461C,1ZMLH8300204F0,1Z6PH74DAP0QN7,"Corona, CA",728.3,5.7,137.7,8.547347,2.013246,0,0,DJI Matrice 300 RTK,M300 RTK,1ZN7L4R0H1D00F,1W9DL31001461C,1ZMLH8300204F0,1Z6PH74DAP0QN7,DJI Pilot,Android,7.0.2,1EF72A62-B7C3-C88D-164E-CE6F8C8424AE,1ZN7L4R0H1D00F,1W9DL31001461C,,1ZMLH8300204F0,1W9DL31001461C,,,,,
2023-11-01,11:26:40.34 AM,2m 18.0s,138.0,33.8010808272169,-117.468068844123,75.7,75.7,13.4,1340,937.1,5.046766,6.085134,-1.11847,0,-4.921268,1.342164,-0.671082,0,1.5,0.2,1.5,-101.4,258.6,257.3,Tripod,Other,,22,5,True,,True,False,,Smart,RC,False,True,False,,,True,,False,False,False,False,False,False,False,False,False,False,0,Follow Yaw,-88.9,0,-109.8,250.2,False,False,False,False,False,,0,0,False,False,No Card,100,100,1024,1321,1337,1024,2,False,False,False,False,False,0,False,False,False,False,92,,47.532,,9240,,10044,,47.532,,True,3.969,3.969,3.969,3.969,3.969,3.969,3.969,3.969,3.969,3.969,3.969,3.969,0,,False,False,True,,,,,,,,,,,,,,,False,False,19.264,,85.1,,75.7,,85.1,,1761,50,7,16,7,140787.8,18771.71,,Idle,,20,,10,,,20,Go Home,False,False,False,False,False,False,False,False,False,False,False,False,33.8027920380556,-117.4659261431046,900.9,2972.0,1049.4,396.9,True,1,1,False,False,False,False,,True,False,False,Course Lock,196.8,67,16.4,93,E,S,6.48,6.93,Calm,False,False,Android,7.0.2,M300 RTK,1ZN7L4R0H1D00F,1W9DL31001461C,1ZMLH8300204F0,1Z6PH74DAP0QN7,"Corona, CA",728.3,5.7,137.7,8.547347,2.013246,0,0,DJI Matrice 300 RTK,M300 RTK,1ZN7L4R0H1D00F,1W9DL31001461C,1ZMLH8300204F0,1Z6PH74DAP0QN7,DJI Pilot,Android,7.0.2,1EF72A62-B7C3-C88D-164E-CE6F8C8424AE,1ZN7L4R0H1D00F,1W9DL31001461C,,1ZMLH8300204F0,1W9DL31001461C,,,,,
2023-11-01,11:26:40.44 AM,2m 18.1s,138.1,33.801080241677,-117.4680712000169,75.7,75.7,13.4,1340,937.9,5.046766,6.085134,-1.11847,0,-4.921268,1.342164,-0.671082,0,1.4,0.3,1.4,-101.4,258.6,253.3,Tripod,Other,,22,5,True,,True,False,,Smart,RC,False,True,False,,,True,,False,False,False,False,False,False,False,False,False,False,0,Follow Yaw,-88.9,0,-109.8,250.2,False,False,False,False,False,,0,0,False,False,No Card,100,100,1024,1321,1336,1024,2,False,False,False,False,False,0,False,False,False,False,92,,47.532,,9240,,10044,,47.532,,True,3.969,3.969,3.969,3.969,3.969,3.969,3.969,3.969,3.969,3.969,3.969,3.969,0,,False,False,True,,,,,,,,,,,,,,,False,False,19.264,,85.1,,75.7,,85.1,,1761,50,7,16,7,140787.8,18771.71,,Idle,,20,,10,,,20,Go Home,False,False,False,False,False,False,False,False,False,False,False,False,33.8027920380556,-117.4659261431046,901.5,2972.0,1049.4,396.9,True,1,1,False,False,False,False,,True,False,False,Course Lock,196.8,67,16.4,93,E,S,6.48,6.93,Calm,False,False,Android,7.0.2,M300 RTK,1ZN7L4R0H1D00F,1W9DL31001461C,1ZMLH8300204F0,1Z6PH74DAP0QN7,"Corona, CA",728.3,5.7,137.7,8.547347,2.013246,0,0,DJI Matrice 300 RTK,M300 RTK,1ZN7L4R0H1D00F,1W9DL31001461C,1ZMLH8300204F0,1Z6PH74DAP0QN7,DJI Pilot,Android,7.0.2,1EF72A62-B7C3-C88D-164E-CE6F8C8424AE,1ZN7L4R0H1D00F,1W9DL31001461C,,1ZMLH8300204F0,1W9DL31001461C,,,,,
2023-11-01,11:26:40.53 AM,2m 18.2s,138.2,33.8010797652405,-117.4680736410159,76.1,76.1,13.4,1340,938.6,5.046766,6.085134,-1.11847,0,-4.921268,1.342164,-0.671082,0,1.1,0.4,1.1,-101.3,258.7,256.7,Tripod,Other,,22,5,True,,True,False,,Smart,RC,False,True,False,,,True,,False,False,False,False,False,False,False,False,False,False,0,Follow Yaw,-88.9,0,-109.8,250.2,False,False,False,False,False,,0,0,False,False,No Card,100,100,1024,1321,1336,1024,2,False,False,False,False,False,0,False,False,False,False,92,,47.532,,9240,,10044,,47.532,,True,3.969,3.969,3.969,3.969,3.969,3.969,3.969,3.969,3.969,3.969,3.969,3.969,0,,False,False,True,,,,,,,,,,,,,,,False,False,19.264,,85.1,,75.7,,85.1,,1761,50,7,16,7,140787.8,18771.71,,Idle,,20,,10,,,20,Go Home,False,False,False,False,False,False,False,False,False,False,False,False,33.8027920380556,-117.4659261431046,902.2,2972.0,1049.4,396.9,True,1,1,False,False,False,False,,True,False,False,Course Lock,196.8,67,16.4,93,E,S,6.48,6.93,Calm,False,False,Android,7.0.2,M300 RTK,1ZN7L4R0H1D00F,1W9DL31001461C,1ZMLH8300204F0,1Z6PH74DAP0QN7,"Corona, CA",728.3,5.7,137.7,8.547347,2.013246,0,0,DJI Matrice 300 RTK,M300 RTK,1ZN7L4R0H1D00F,1W9DL31001461C,1ZMLH8300204F0,1Z6PH74DAP0QN7,DJI Pilot,Android,7.0.2,1EF72A62-B7C3-C88D-164E-CE6F8C8424AE,1ZN7L4R0H1D00F,1W9DL31001461C,,1ZMLH8300204F0,1W9DL31001461C,,,,,
2023-11-01,11:26:40.64 AM,2m 18.3s,138.3,33.8010793496606,-117.468076342608,76.1,76.1,13.4,1340,939.5,5.046766,6.085134,-1.11847,0,-4.921268,1.342164,-0.671082,0,0.9,0.5,1,-101.3,258.7,259.5,Tripod,Other,,22,5,True,,True,False,,Smart,RC,False,True,False,,,True,,False,False,False,False,False,False,False,False,False,False,0,Follow Yaw,-88.9,0,-109.8,250.2,False,False,False,False,False,,0,0,False,False,No Card,100,100,1024,1320,1335,1024,2,False,False,False,False,False,0,False,False,False,False,92,,47.532,,9240,,10044,,47.532,,True,3.967,3.967,3.967,3.967,3.967,3.967,3.967,3.967,3.967,3.967,3.967,3.967,0,,False,False,True,,,,,,,,,,,,,,,False,False,19.264,,85.1,,75.7,,85.1,,1762,50,7,16,7,141048.6,18806.49,,Idle,,20,,10,,,20,Go Home,False,False,False,False,False,False,False,False,False,False,False,False,33.8027920380556,-117.4659261431046,902.9,2972.0,1049.4,396.9,True,1,1,False,False,False,False,,True,False,False,Course Lock,196.8,67,16.4,93,E,S,6.48,6.93,Calm,False,False,Android,7.0.2,M300 RTK,1ZN7L4R0H1D00F,1W9DL31001461C,1ZMLH8300204F0,1Z6PH74DAP0QN7,"Corona, CA",728.3,5.7,137.7,8.547347,2.013246,0,0,DJI Matrice 300 RTK,M300 RTK,1ZN7L4R0H1D00F,1W9DL31001461C,1ZMLH8300204F0,1Z6PH74DAP0QN7,DJI Pilot,Android,7.0.2,1EF72A62-B7C3-C88D-164E-CE6F8C8424AE,1ZN7L4R0H1D00F,1W9DL31001461C,,1ZMLH8300204F0,1W9DL31001461C,,,,,
2023-11-01,11:26:40.74 AM,2m 18.4s,138.4,33.8010788781585,-117.4680788099962,76.4,76.4,13.4,1340,940.2,5.046766,6.085134,-1.11847,0,-4.921268,1.342164,-0.671082,0,0.8,0.6,1,-101.4,258.6,257.0,Tripod,Other,,22,5,True,,True,False,,Smart,RC,False,True,False,,,True,,False,False,False,False,False,False,False,False,False,False,0,Follow Yaw,-88.9,0,-109.8,250.2,False,False,False,False,False,,0,0,False,False,No Card,100,100,1024,1318,1336,1024,2,False,False,False,False,False,0,False,False,False,False,92,,47.532,,9240,,10044,,47.532,,True,3.967,3.967,3.967,3.967,3.967,3.967,3.967,3.967,3.967,3.967,3.967,3.967,0,,False,False,True,,,,,,,,,,,,,,,False,False,19.264,,85.1,,75.7,,85.1,,1762,50,7,16,7,141048.6,18806.49,,Idle,,20,,10,,,20,Go Home,False,False,False,False,False,False,False,False,False,False,False,False,33.8027920380556,-117.4659261431046,903.5,2972.0,1049.4,396.9,True,1,1,False,False,False,False,,True,False,False,Course Lock,196.8,67,16.4,93,E,S,6.48,6.93,Calm,False,False,Android,7.0.2,M300 RTK,1ZN7L4R0H1D00F,1W9DL31001461C,1ZMLH8300204F0,1Z6PH74DAP0QN7,"Corona, CA",728.3,5.7,137.7,8.547347,2.013246,0,0,DJI Matrice 300 RTK,M300 RTK,1ZN7L4R0H1D00F,1W9DL31001461C,1ZMLH8300204F0,1Z6PH74DAP0QN7,DJI Pilot,Android,7.0.2,1EF72A62-B7C3-C88D-164E-CE6F8C8424AE,1ZN7L4R0H1D00F,1W9DL31001461C,,1ZMLH8300204F0,1W9DL31001461C,,,,,
2023-11-01,11:26:40.84 AM,2m 18.5s,138.5,33.8010782750743,-117.4680814066914,76.4,76.4,13.4,1340,941.1,5.046766,6.085134,-1.11847,0,-4.921268,1.342164,-0.671082,0,0.7,0.6,0.9,-101.4,258.6,254.3,Tripod,Other,,22,5,True,,True,False,,Smart,RC,False,True,False,,,True,,False,False,False,False,False,False,False,False,False,False,0,Follow Yaw,-88.9,0,-109.8,250.2,False,False,False,False,False,,0,0,False,False,No Card,100,100,1024,1320,1331,1024,2,False,False,False,False,False,0,False,False,False,False,92,,47.532,,9240,,10044,,47.532,,True,3.967,3.967,3.967,3.967,3.967,3.967,3.967,3.967,3.967,3.967,3.967,3.967,0,,False,False,True,,,,,,,,,,,,,,,False,False,19.264,,85.1,,75.7,,85.1,,1762,50,7,16,7,141048.6,18806.49,,Idle,,20,,10,,,20,Go Home,False,False,False,False,False,False,False,False,False,False,False,False,33.8027920380556,-117.4659261431046,904.3,2972.0,1049.4,396.9,True,1,1,False,False,False,False,,True,False,False,Course Lock,196.8,67,16.4,93,E,S,6.71,6.93,Calm,False,False,Android,7.0.2,M300 RTK,1ZN7L4R0H1D00F,1W9DL31001461C,1ZMLH8300204F0,1Z6PH74DAP0QN7,"Corona, CA",728.3,5.7,137.7,8.547347,2.013246,0,0,DJI Matrice 300 RTK,M300 RTK,1ZN7L4R0H1D00F,1W9DL31001461C,1ZMLH8300204F0,1Z6PH74DAP0QN7,DJI Pilot,Android,7.0.2,1EF72A62-B7C3-C88D-164E-CE6F8C8424AE,1ZN7L4R0H1D00F,1W9DL31001461C,,1ZMLH8300204F0,1W9DL31001461C,,,,,
2023-11-01,11:26:40.94 AM,2m 18.6s,138.6,33.8010778002825,-117.4680838984896,76.4,76.4,13.1,1340,941.8,5.046766,6.085134,-1.11847,0,-4.921268,1.342164,-0.671082,0,0.8,0.6,1,-101.5,258.5,257.0,Tripod,Other,,22,5,True,,True,False,,Smart,RC,False,True,False,,,True,,False,False,False,False,False,False,False,False,False,False,0,Follow Yaw,-88.9,0,-109.8,250.2,False,False,False,False,False,,0,0,False,False,No Card,100,100,1024,1323,1327,1024,2,False,False,False,False,False,0,False,False,False,False,92,,47.532,,9240,,10044,,47.532,,True,3.967,3.967,3.967,3.967,3.967,3.967,3.967,3.967,3.967,3.967,3.967,3.967,0,,False,False,True,,,,,,,,,,,,,,,False,False,19.264,,85.1,,75.7,,85.1,,1762,50,7,16,7,141048.6,18806.49,,Idle,,20,,10,,,20,Go Home,False,False,False,False,False,False,False,False,False,False,False,False,33.8027920380556,-117.4659261431046,904.9,2972.0,1049.4,396.9,True,1,1,False,False,False,False,,True,False,False,Course Lock,196.8,67,16.4,93,E,S,6.71,6.93,Calm,False,False,Android,7.0.2,M300 RTK,1ZN7L4R0H1D00F,1W9DL31001461C,1ZMLH8300204F0,1Z6PH74DAP0QN7,"Corona, CA",728.3,5.7,137.7,8.547347,2.013246,0,0,DJI Matrice 300 RTK,M300 RTK,1ZN7L4R0H1D00F,1W9DL31001461C,1ZMLH8300204F0,1Z6PH74DAP0QN7,DJI Pilot,Android,7.0.2,1EF72A62-B7C3-C88D-164E-CE6F8C8424AE,1ZN7L4R0H1D00F,1W9DL31001461C,,1ZMLH8300204F0,1W9DL31001461C,,,,,
2023-11-01,11:26:41.05 AM,2m 18.7s,138.7,33.8010774674897,-117.4680862834116,76.4,76.4,13.4,1340,942.6,5.046766,6.085134,-1.11847,0,-4.921268,1.342164,-0.671082,0,0.9,0.4,0.9,-101.5,258.5,260.4,Tripod,Other,,22,5,True,,True,False,,Smart,RC,False,True,False,,,True,,False,False,False,False,False,False,False,False,False,False,0,Follow Yaw,-88.9,0,-109.8,250.2,False,False,False,False,False,,0,0,False,False,No Card,100,100,1024,1321,1328,1026,2,False,False,False,False,False,0,False,False,False,False,92,,47.532,,9240,,10044,,47.532,,True,3.967,3.967,3.967,3.967,3.967,3.967,3.967,3.967,3.967,3.967,3.967,3.967,0,,False,False,True,,,,,,,,,,,,,,,False,False,19.264,,85.1,,75.7,,85.1,,1762,50,7,16,7,141048.6,18806.49,,Idle,,20,,10,,,20,Go Home,False,False,False,False,False,False,False,False,False,False,False,False,33.8027920380556,-117.4659261431046,905.5,2972.0,1049.4,396.9,True,1,1,False,False,False,False,,True,False,False,Course Lock,196.8,67,16.4,93,E,S,6.71,6.93,Calm,False,False,Android,7.0.2,M300 RTK,1ZN7L4R0H1D00F,1W9DL31001461C,1ZMLH8300204F0,1Z6PH74DAP0QN7,"Corona, CA",728.3,5.7,137.7,8.547347,2.013246,0,0,DJI Matrice 300 RTK,M300 RTK,1ZN7L4R0H1D00F,1W9DL31001461C,1ZMLH8300204F0,1Z6PH74DAP0QN7,DJI Pilot,Android,7.0.2,1EF72A62-B7C3-C88D-164E-CE6F8C8424AE,1ZN7L4R0H1D00F,1W9DL31001461C,,1ZMLH8300204F0,1W9DL31001461C,,,,,
2023-11-01,11:26:41.16 AM,2m 18.8s,138.8,33.8010770069527,-117.4680887758696,76.7,76.7,13.4,1341,943.3,5.046766,6.085134,-1.11847,0,-4.921268,1.342164,-0.671082,0,0.9,0.3,0.9,-101.6,258.4,257.4,Tripod,Other,,22,5,True,,True,False,,Smart,RC,False,True,False,,,True,,False,False,False,False,False,False,False,False,False,False,0,Follow Yaw,-88.9,0,-109.8,250.2,False,False,False,False,False,,0,0,False,False,No Card,100,100,1024,1320,1328,1025,2,False,False,False,False,False,0,False,False,False,False,92,,47.532,,9240,,10044,,47.532,,True,3.967,3.967,3.967,3.967,3.967,3.967,3.967,3.967,3.967,3.967,3.967,3.967,0,,False,False,True,,,,,,,,,,,,,,,False,False,19.264,,85.1,,75.7,,85.1,,1762,50,7,16,7,141048.6,18806.49,,Idle,,20,,10,,,20,Go Home,False,False,False,False,False,False,False,False,False,False,False,False,33.8027920380556,-117.4659261431046,906.2,2972.0,1049.4,396.9,True,1,1,False,False,False,False,,True,False,False,Course Lock,196.8,67,16.4,93,E,S,6.71,6.93,Calm,False,False,Android,7.0.2,M300 RTK,1ZN7L4R0H1D00F,1W9DL31001461C,1ZMLH8300204F0,1Z6PH74DAP0QN7,"Corona, CA",728.3,5.7,137.7,8.547347,2.013246,0,0,DJI Matrice 300 RTK,M300 RTK,1ZN7L4R0H1D00F,1W9DL31001461C,1ZMLH8300204F0,1Z6PH74DAP0QN7,DJI Pilot,Android,7.0.2,1EF72A62-B7C3-C88D-164E-CE6F8C8424AE,1ZN7L4R0H1D00F,1W9DL31001461C,,1ZMLH8300204F0,1W9DL31001461C,,,,,
2023-11-01,11:26:41.26 AM,2m 18.9s,138.9,33.8010764433431,-117.4680912076323,76.7,76.7,13.4,1341,944.1,5.046766,6.085134,-1.11847,0,-4.921268,1.342164,-0.671082,0,1,0.5,1.1,-101.6,258.4,254.4,Tripod,Other,,22,5,True,,True,False,,Smart,RC,False,True,False,,,True,,False,False,False,False,False,False,False,False,False,False,0,Follow Yaw,-88.9,0,-109.8,250.2,False,False,False,False,False,,0,0,False,False,No Card,100,100,1024,1320,1328,1024,2,False,False,False,False,False,0,False,False,False,False,92,,47.532,,9240,,10044,,47.532,,True,3.967,3.967,3.967,3.967,3.967,3.967,3.967,3.967,3.967,3.967,3.967,3.967,0,,False,False,True,,,,,,,,,,,,,,,False,False,19.264,,85.1,,75.7,,85.1,,1762,50,7,16,7,141048.6,18806.49,,Idle,,20,,10,,,20,Go Home,False,False,False,False,False,False,False,False,False,False,False,False,33.8027920380556,-117.4659261431046,906.9,2972.0,1049.4,396.9,True,1,1,False,False,False,False,,True,False,False,Course Lock,196.8,67,16.4,93,E,S,6.71,6.93,Calm,False,False,Android,7.0.2,M300 RTK,1ZN7L4R0H1D00F,1W9DL31001461C,1ZMLH8300204F0,1Z6PH74DAP0QN7,"Corona, CA",728.3,5.7,137.7,8.547347,2.013246,0,0,DJI Matrice 300 RTK,M300 RTK,1ZN7L4R0H1D00F,1W9DL31001461C,1ZMLH8300204F0,1Z6PH74DAP0QN7,DJI Pilot,Android,7.0.2,1EF72A62-B7C3-C88D-164E-CE6F8C8424AE,1ZN7L4R0H1D00F,1W9DL31001461C,,1ZMLH8300204F0,1W9DL31001461C,,,,,
2023-11-01,11:26:41.36 AM,2m 19.0s,139.0,33.8010759718409,-117.4680937020694,76.7,76.7,13.7,1341,944.9,5.046766,6.085134,-1.11847,0,-4.921268,1.342164,-0.671082,0,1.2,0.7,1.3,-101.6,258.4,257.1,Tripod,Other,,22,5,True,,True,False,,Smart,RC,False,True,False,,,True,,False,False,False,False,False,False,False,False,False,False,0,Follow Yaw,-88.9,0,-109.8,250.2,False,False,False,False,False,,0,0,False,False,No Card,100,100,1024,1319,1329,1024,2,False,False,False,False,False,0,False,False,False,False,92,,47.568,,9240,,10044,,47.568,,True,3.967,3.967,3.967,3.967,3.967,3.967,3.967,3.967,3.967,3.967,3.967,3.967,0,,False,False,True,,,,,,,,,,,,,,,False,False,18.996,,85.1,,75.7,,85.1,,1762,50,7,16,7,141048.6,18806.49,,Idle,,20,,10,,,20,Go Home,False,False,False,False,False,False,False,False,False,False,False,False,33.8027920380556,-117.4659261431046,907.5,2972.0,1049.4,396.9,True,1,1,False,False,False,False,,True,False,False,Course Lock,196.8,67,16.4,93,E,S,6.71,6.93,Calm,False,False,Android,7.0.2,M300 RTK,1ZN7L4R0H1D00F,1W9DL31001461C,1ZMLH8300204F0,1Z6PH74DAP0QN7,"Corona, CA",728.3,5.7,137.7,8.547347,2.013246,0,0,DJI Matrice 300 RTK,M300 RTK,1ZN7L4R0H1D00F,1W9DL31001461C,1ZMLH8300204F0,1Z6PH74DAP0QN7,DJI Pilot,Android,7.0.2,1EF72A62-B7C3-C88D-164E-CE6F8C8424AE,1ZN7L4R0H1D00F,1W9DL31001461C,,1ZMLH8300204F0,1W9DL31001461C,,,,,
2023-11-01,11:26:41.47 AM,2m 19.1s,139.1,33.8010755738053,-117.4680962235554,77.0,77.0,13.7,1341,945.7,5.046766,6.085134,-1.11847,0,-4.921268,1.342164,-0.671082,0,1.3,0.8,1.5,-101.6,258.4,259.2,Tripod,Other,,22,5,True,,True,False,,Smart,RC,False,True,False,,,True,,False,False,False,False,False,False,False,False,False,False,0,Follow Yaw,-88.9,0,-109.8,250.2,False,False,False,False,False,,0,0,False,False,No Card,100,100,1024,1320,1326,1024,2,False,False,False,False,False,0,False,False,False,False,92,,47.568,,9240,,10044,,47.568,,True,3.967,3.967,3.967,3.967,3.967,3.967,3.967,3.967,3.967,3.967,3.967,3.967,0,,False,False,True,,,,,,,,,,,,,,,False,False,18.996,,85.1,,75.7,,85.1,,1762,50,7,16,7,141048.6,18806.49,,Idle,,20,,10,,,20,Go Home,False,False,False,False,False,False,False,False,False,False,False,False,33.8027920380556,-117.4659261431046,908.2,2972.0,1049.4,396.9,True,1,1,False,False,False,False,,True,False,False,Course Lock,196.8,67,16.4,93,E,S,6.71,6.93,Calm,False,False,Android,7.0.2,M300 RTK,1ZN7L4R0H1D00F,1W9DL31001461C,1ZMLH8300204F0,1Z6PH74DAP0QN7,"Corona, CA",728.3,5.7,137.7,8.547347,2.013246,0,0,DJI Matrice 300 RTK,M300 RTK,1ZN7L4R0H1D00F,1W9DL31001461C,1ZMLH8300204F0,1Z6PH74DAP0QN7,DJI Pilot,Android,7.0.2,1EF72A62-B7C3-C88D-164E-CE6F8C8424AE,1ZN7L4R0H1D00F,1W9DL31001461C,,1ZMLH8300204F0,1W9DL31001461C,,,,,
2023-11-01,11:26:41.57 AM,2m 19.2s,139.2,33.8010751192991,-117.4680987173328,77.0,77.0,13.7,1341,946.4,5.046766,6.085134,-1.11847,0,-4.921268,1.342164,-0.671082,0,1.3,0.8,1.5,-101.6,258.4,257.6,Tripod,Other,,21,5,True,,True,False,,Smart,RC,False,True,False,,,True,,False,False,False,False,False,False,False,False,False,False,0,Follow Yaw,-88.9,0,-109.8,250.2,False,False,False,False,False,,0,0,False,False,No Card,100,100,1024,1322,1326,1024,2,False,False,False,False,False,0,False,False,False,False,92,,47.568,,9240,,10044,,47.568,,True,3.967,3.967,3.967,3.967,3.967,3.967,3.967,3.967,3.967,3.967,3.967,3.967,0,,False,False,True,,,,,,,,,,,,,,,False,False,18.996,,85.1,,75.7,,85.1,,1762,50,7,16,7,141048.6,18806.49,,Idle,,20,,10,,,20,Go Home,False,False,False,False,False,False,False,False,False,False,False,False,33.8027920380556,-117.4659261431046,908.8,2972.0,1049.4,396.9,True,1,1,False,False,False,False,,True,False,False,Course Lock,196.8,67,16.4,93,E,S,6.71,6.93,Calm,False,False,Android,7.0.2,M300 RTK,1ZN7L4R0H1D00F,1W9DL31001461C,1ZMLH8300204F0,1Z6PH74DAP0QN7,"Corona, CA",728.3,5.7,137.7,8.547347,2.013246,0,0,DJI Matrice 300 RTK,M300 RTK,1ZN7L4R0H1D00F,1W9DL31001461C,1ZMLH8300204F0,1Z6PH74DAP0QN7,DJI Pilot,Android,7.0.2,1EF72A62-B7C3-C88D-164E-CE6F8C8424AE,1ZN7L4R0H1D00F,1W9DL31001461C,,1ZMLH8300204F0,1W9DL31001461C,,,,,
2023-11-01,11:26:41.67 AM,2m 19.3s,139.3,33.8010745474657,-117.468101062671,77.0,77.0,13.7,1341,947.2,5.001949,6.085134,-0.894776,0,-4.921268,1.342164,-0.671082,0,1.1,0.9,1.4,-101.6,258.4,253.6,Tripod,Other,,21,5,True,,True,False,,Smart,RC,False,True,False,,,True,,False,False,False,False,False,False,False,False,False,False,0,Follow Yaw,-88.9,0,-109.8,250.2,False,False,False,False,False,,0,0,False,False,No Card,100,100,1024,1321,1326,1024,2,False,False,False,False,False,0,False,False,False,False,92,,47.568,,9240,,10044,,47.568,,True,3.962,3.962,3.962,3.962,3.962,3.962,3.962,3.962,3.962,3.962,3.962,3.962,0,,False,False,True,,,,,,,,,,,,,,,False,False,18.996,,85.1,,75.7,,85.1,,1763,50,7,16,7,141441.5,18858.87,,Idle,,20,,10,,,20,Go Home,False,False,False,False,False,False,False,False,False,False,False,False,33.8027920380556,-117.4659261431046,909.5,2972.0,1049.4,396.9,True,1,1,False,False,False,False,,True,False,False,Course Lock,196.8,67,16.4,93,E,S,6.71,6.93,Calm,False,False,Android,7.0.2,M300 RTK,1ZN7L4R0H1D00F,1W9DL31001461C,1ZMLH8300204F0,1Z6PH74DAP0QN7,"Corona, CA",728.3,5.7,137.7,8.547347,2.013246,0,0,DJI Matrice 300 RTK,M300 RTK,1ZN7L4R0H1D00F,1W9DL31001461C,1ZMLH8300204F0,1Z6PH74DAP0QN7,DJI Pilot,Android,7.0.2,1EF72A62-B7C3-C88D-164E-CE6F8C8424AE,1ZN7L4R0H1D00F,1W9DL31001461C,,1ZMLH8300204F0,1W9DL31001461C,,,,,
2023-11-01,11:26:41.77 AM,2m 19.4s,139.4,33.8010741006351,-117.4681035445733,77.4,77.4,13.7,1341,947.9,5.001949,6.085134,-0.894776,0,-4.921268,1.342164,-0.671082,0,0.9,0.9,1.2,-101.6,258.4,257.7,Tripod,Other,,22,5,True,,True,False,,Smart,RC,False,True,False,,,True,,False,False,False,False,False,False,False,False,False,False,0,Follow Yaw,-88.9,0,-109.8,250.2,False,False,False,False,False,,0,0,False,False,No Card,100,100,1024,1321,1307,1117,2,False,False,False,False,False,0,False,False,False,False,92,,47.568,,9240,,10044,,47.568,,True,3.962,3.962,3.962,3.962,3.962,3.962,3.962,3.962,3.962,3.962,3.962,3.962,0,,False,False,True,,,,,,,,,,,,,,,False,False,18.996,,85.1,,75.7,,85.1,,1763,50,7,16,7,141441.5,18858.87,,Idle,,20,,10,,,20,Go Home,False,False,False,False,False,False,False,False,False,False,False,False,33.8027920380556,-117.4659261431046,910.2,2972.0,1049.4,396.9,True,1,1,False,False,False,False,,True,False,False,Course Lock,196.8,67,16.4,93,E,S,6.71,6.93,Calm,False,False,Android,7.0.2,M300 RTK,1ZN7L4R0H1D00F,1W9DL31001461C,1ZMLH8300204F0,1Z6PH74DAP0QN7,"Corona, CA",728.3,5.7,137.7,8.547347,2.013246,0,0,DJI Matrice 300 RTK,M300 RTK,1ZN7L4R0H1D00F,1W9DL31001461C,1ZMLH8300204F0,1Z6PH74DAP0QN7,DJI Pilot,Android,7.0.2,1EF72A62-B7C3-C88D-164E-CE6F8C8424AE,1ZN7L4R0H1D00F,1W9DL31001461C,,1ZMLH8300204F0,1W9DL31001461C,,,,,
2023-11-01,11:26:41.88 AM,2m 19.5s,139.5,33.801073701503,-117.4681061063028,77.4,77.4,13.7,1341,948.7,5.001949,6.085134,-0.894776,0,-4.921268,1.342164,-0.671082,0,0.8,0.9,1.2,-101.6,258.4,259.3,Tripod,Other,,22,5,True,,True,False,,Smart,RC,False,True,False,,,True,,False,False,False,False,False,False,False,False,False,False,0,Follow Yaw,-88.9,0,-109.8,250.2,False,False,False,False,False,,0,0,False,False,No Card,100,100,1024,1320,1305,1139,2,False,False,False,False,False,0,False,False,False,False,92,,47.568,,9240,,10044,,47.568,,True,3.962,3.962,3.962,3.962,3.962,3.962,3.962,3.962,3.962,3.962,3.962,3.962,0,,False,False,True,,,,,,,,,,,,,,,False,False,18.996,,85.1,,75.7,,85.1,,1763,50,7,16,7,141441.5,18858.87,,Idle,,20,,10,,,20,Go Home,False,False,False,False,False,False,False,False,False,False,False,False,33.8027920380556,-117.4659261431046,910.8,2972.0,1049.4,396.9,True,1,1,False,False,False,False,,True,False,False,Course Lock,196.8,67,16.4,93,E,S,6.71,6.93,Calm,False,False,Android,7.0.2,M300 RTK,1ZN7L4R0H1D00F,1W9DL31001461C,1ZMLH8300204F0,1Z6PH74DAP0QN7,"Corona, CA",728.3,5.7,137.7,8.547347,2.013246,0,0,DJI Matrice 300 RTK,M300 RTK,1ZN7L4R0H1D00F,1W9DL31001461C,1ZMLH8300204F0,1Z6PH74DAP0QN7,DJI Pilot,Android,7.0.2,1EF72A62-B7C3-C88D-164E-CE6F8C8424AE,1ZN7L4R0H1D00F,1W9DL31001461C,,1ZMLH8300204F0,1W9DL31001461C,,,,,
2023-11-01,11:26:41.94 AM,2m 19.6s,139.6,33.8010732766028,-117.4681086027191,77.4,77.4,13.7,1341,949.5,5.001949,6.085134,-0.894776,0,-4.921268,1.342164,-0.671082,0,0.8,0.9,1.2,-101.5,258.5,258.4,Tripod,Other,,22,5,True,,True,False,,Smart,RC,False,True,False,,,True,,False,False,False,False,False,False,False,False,False,False,0,Follow Yaw,-88.9,0,-109.6,250.4,False,False,False,False,False,,0,0,False,False,No Card,100,100,1024,1319,1298,1159,2,False,False,False,False,False,0,False,False,False,False,92,,47.568,,9240,,10044,,47.568,,True,3.962,3.962,3.962,3.962,3.962,3.962,3.962,3.962,3.962,3.962,3.962,3.962,0,,False,False,True,,,,,,,,,,,,,,,False,False,18.996,,85.1,,75.7,,85.1,,1763,50,7,16,7,141441.5,18858.87,,Idle,,20,,10,,,20,Go Home,False,False,False,False,False,False,False,False,False,False,False,False,33.8027920380556,-117.4659261431046,911.5,2972.0,1049.4,396.9,True,1,1,False,False,False,False,,True,False,False,Course Lock,196.8,67,16.4,93,E,S,6.71,6.93,Calm,False,False,Android,7.0.2,M300 RTK,1ZN7L4R0H1D00F,1W9DL31001461C,1ZMLH8300204F0,1Z6PH74DAP0QN7,"Corona, CA",728.3,5.7,137.7,8.547347,2.013246,0,0,DJI Matrice 300 RTK,M300 RTK,1ZN7L4R0H1D00F,1W9DL31001461C,1ZMLH8300204F0,1Z6PH74DAP0QN7,DJI Pilot,Android,7.0.2,1EF72A62-B7C3-C88D-164E-CE6F8C8424AE,1ZN7L4R0H1D00F,1W9DL31001461C,,1ZMLH8300204F0,1W9DL31001461C,,,,,
2023-11-01,11:26:42.04 AM,2m 19.7s,139.7,33.801072929007,-117.4681109539948,77.7,77.7,13.7,1342,950.2,5.001949,6.085134,-0.894776,0,-4.921268,1.342164,-0.447388,0,0.9,1,1.3,-101.5,258.5,259.9,Tripod,Other,,22,5,True,,True,False,,Smart,RC,False,True,False,,,True,,False,False,False,False,False,False,False,False,False,False,0,Follow Yaw,-88.9,0,-109.4,250.6,False,False,False,False,False,,0,0,False,False,No Card,100,100,1024,1319,1297,1159,2,False,False,False,False,False,0,False,False,False,False,92,,47.568,,9240,,10044,,47.568,,True,3.962,3.962,3.962,3.962,3.962,3.962,3.962,3.962,3.962,3.962,3.962,3.962,0,,False,False,True,,,,,,,,,,,,,,,False,False,18.996,,85.1,,75.7,,85.1,,1763,50,7,16,7,141441.5,18858.87,,Idle,,20,,10,,,20,Go Home,False,False,False,False,False,False,False,False,False,False,False,False,33.8027920380556,-117.4659261431046,912.1,2972.0,1049.4,396.9,True,1,1,False,False,False,False,,True,False,False,Course Lock,196.8,67,16.4,93,E,S,6.71,6.93,Calm,False,False,Android,7.0.2,M300 RTK,1ZN7L4R0H1D00F,1W9DL31001461C,1ZMLH8300204F0,1Z6PH74DAP0QN7,"Corona, CA",728.3,5.7,137.7,8.547347,2.013246,0,0,DJI Matrice 300 RTK,M300 RTK,1ZN7L4R0H1D00F,1W9DL31001461C,1ZMLH8300204F0,1Z6PH74DAP0QN7,DJI Pilot,Android,7.0.2,1EF72A62-B7C3-C88D-164E-CE6F8C8424AE,1ZN7L4R0H1D00F,1W9DL31001461C,,1ZMLH8300204F0,1W9DL31001461C,,,,,
2023-11-01,11:26:42.14 AM,2m 19.8s,139.8,33.8010725298749,-117.4681134464528,77.7,77.7,14.1,1342,951.0,5.001949,6.085134,-0.894776,0,-4.921268,1.342164,-0.447388,0,1,1,1.4,-101.3,258.7,259.0,Tripod,Other,,22,5,True,,True,False,,Smart,RC,False,True,False,,,True,,False,False,False,False,False,False,False,False,False,False,0,Follow Yaw,-88.9,0,-109.3,250.7,False,False,False,False,False,,0,0,False,False,No Card,100,100,1024,1320,1297,1160,2,False,False,False,False,False,0,False,False,False,False,92,,47.568,,9240,,10044,,47.568,,True,3.962,3.962,3.962,3.962,3.962,3.962,3.962,3.962,3.962,3.962,3.962,3.962,0,,False,False,True,,,,,,,,,,,,,,,False,False,18.996,,85.1,,75.7,,85.1,,1763,50,7,16,7,141441.5,18858.87,,Idle,,20,,10,,,20,Go Home,False,False,False,False,False,False,False,False,False,False,False,False,33.8027920380556,-117.4659261431046,912.7,2972.0,1049.4,396.9,True,1,1,False,False,False,False,,True,False,False,Course Lock,196.8,67,16.4,93,E,S,6.71,6.93,Calm,False,False,Android,7.0.2,M300 RTK,1ZN7L4R0H1D00F,1W9DL31001461C,1ZMLH8300204F0,1Z6PH74DAP0QN7,"Corona, CA",728.3,5.7,137.7,8.547347,2.013246,0,0,DJI Matrice 300 RTK,M300 RTK,1ZN7L4R0H1D00F,1W9DL31001461C,1ZMLH8300204F0,1Z6PH74DAP0QN7,DJI Pilot,Android,7.0.2,1EF72A62-B7C3-C88D-164E-CE6F8C8424AE,1ZN7L4R0H1D00F,1W9DL31001461C,,1ZMLH8300204F0,1W9DL31001461C,,,,,
2023-11-01,11:26:42.24 AM,2m 19.9s,139.9,33.8010722590353,-117.4681158683196,77.7,77.7,14.1,1342,951.7,5.001949,6.085134,-0.894776,0,-4.921268,1.342164,-0.447388,0,1,0.9,1.3,-101.2,258.8,262.3,Tripod,Other,,22,5,True,,True,False,,Smart,RC,False,True,False,,,True,,False,False,False,False,False,False,False,False,False,False,0,Follow Yaw,-88.9,0,-108.9,251.1,False,False,False,False,False,,0,0,False,False,No Card,100,100,1024,1319,1297,1159,2,False,False,False,False,False,0,False,False,False,False,92,,47.568,,9240,,10044,,47.568,,True,3.962,3.962,3.962,3.962,3.962,3.962,3.962,3.962,3.962,3.962,3.962,3.962,0,,False,False,True,,,,,,,,,,,,,,,False,False,18.996,,85.1,,75.7,,85.1,,1763,50,7,16,7,141441.5,18858.87,,Idle,,20,,10,,,20,Go Home,False,False,False,False,False,False,False,False,False,False,False,False,33.8027920380556,-117.4659261431046,913.3,2972.0,1049.4,396.9,True,1,1,False,False,False,False,,True,False,False,Course Lock,196.8,67,16.4,93,E,S,6.71,6.93,Calm,False,False,Android,7.0.2,M300 RTK,1ZN7L4R0H1D00F,1W9DL31001461C,1ZMLH8300204F0,1Z6PH74DAP0QN7,"Corona, CA",728.3,5.7,137.7,8.547347,2.013246,0,0,DJI Matrice 300 RTK,M300 RTK,1ZN7L4R0H1D00F,1W9DL31001461C,1ZMLH8300204F0,1Z6PH74DAP0QN7,DJI Pilot,Android,7.0.2,1EF72A62-B7C3-C88D-164E-CE6F8C8424AE,1ZN7L4R0H1D00F,1W9DL31001461C,,1ZMLH8300204F0,1W9DL31001461C,,,,,
2023-11-01,11:26:42.34 AM,2m 20.0s,140.0,33.8010718927987,-117.468118362097,77.7,77.7,14.1,1342,952.5,5.001949,6.085134,-0.894776,0,-4.921268,1.342164,-0.447388,0,1,0.9,1.3,-101,259,259.9,Tripod,Other,,22,5,True,,True,False,,Smart,RC,False,True,False,,,True,,False,False,False,False,False,False,False,False,False,False,0,Follow Yaw,-88.9,0,-108.7,251.3,False,False,False,False,False,,0,0,False,False,No Card,100,100,1024,1319,1297,1159,2,False,False,False,False,False,0,False,False,False,False,92,,47.616,,9240,,10044,,47.616,,True,3.962,3.962,3.962,3.962,3.962,3.962,3.962,3.962,3.962,3.962,3.962,3.962,0,,False,False,True,,,,,,,,,,,,,,,False,False,18.628,,85.2,,75.7,,85.2,,1763,50,7,16,7,141441.5,18858.87,,Idle,,20,,10,,,20,Go Home,False,False,False,False,False,False,False,False,False,False,False,False,33.8027920380556,-117.4659261431046,914.0,2972.0,1049.4,396.9,True,1,1,False,False,False,False,,True,False,False,Course Lock,196.8,67,16.4,93,E,S,6.93,6.93,Calm,False,False,Android,7.0.2,M300 RTK,1ZN7L4R0H1D00F,1W9DL31001461C,1ZMLH8300204F0,1Z6PH74DAP0QN7,"Corona, CA",728.3,5.7,137.7,8.547347,2.013246,0,0,DJI Matrice 300 RTK,M300 RTK,1ZN7L4R0H1D00F,1W9DL31001461C,1ZMLH8300204F0,1Z6PH74DAP0QN7,DJI Pilot,Android,7.0.2,1EF72A62-B7C3-C88D-164E-CE6F8C8424AE,1ZN7L4R0H1D00F,1W9DL31001461C,,1ZMLH8300204F0,1W9DL31001461C,,,,,
2023-11-01,11:26:42.44 AM,2m 20.1s,140.1,33.8010713938836,-117.4681207859431,78.0,78.0,14.1,1342,953.3,5.001949,6.085134,-0.894776,0,-4.921268,1.342164,-0.447388,0,1.1,0.8,1.3,-100.7,259.3,256.0,Tripod,Other,,22,5,True,,True,False,,Smart,RC,False,True,False,,,True,,False,False,False,False,False,False,False,False,False,False,0,Follow Yaw,-88.9,0,-108.6,251.4,False,False,False,False,False,,0,0,False,False,No Card,100,100,1024,1319,1297,1156,2,False,False,False,False,False,0,False,False,False,False,92,,47.616,,9240,,10044,,47.616,,True,3.962,3.962,3.962,3.962,3.962,3.962,3.962,3.962,3.962,3.962,3.962,3.962,0,,False,False,True,,,,,,,,,,,,,,,False,False,18.628,,85.2,,75.7,,85.2,,1763,50,7,16,7,141441.5,18858.87,,Idle,,20,,10,,,20,Go Home,False,False,False,False,False,False,False,False,False,False,False,False,33.8027920380556,-117.4659261431046,914.6,2972.0,1049.4,396.9,True,1,1,False,False,False,False,,True,False,False,Course Lock,196.8,67,16.4,93,E,S,6.93,6.93,Calm,False,False,Android,7.0.2,M300 RTK,1ZN7L4R0H1D00F,1W9DL31001461C,1ZMLH8300204F0,1Z6PH74DAP0QN7,"Corona, CA",728.3,5.7,137.7,8.547347,2.013246,0,0,DJI Matrice 300 RTK,M300 RTK,1ZN7L4R0H1D00F,1W9DL31001461C,1ZMLH8300204F0,1Z6PH74DAP0QN7,DJI Pilot,Android,7.0.2,1EF72A62-B7C3-C88D-164E-CE6F8C8424AE,1ZN7L4R0H1D00F,1W9DL31001461C,,1ZMLH8300204F0,1W9DL31001461C,,,,,
2023-11-01,11:26:42.54 AM,2m 20.2s,140.2,33.8010710320331,-117.4681232797204,78.0,78.0,14.1,1342,954.0,5.188543,6.085134,-0.671082,0,-5.144962,1.342164,-0.447388,0,1.1,0.9,1.4,-100.5,259.5,260.0,Tripod,Other,,22,5,True,,True,False,,Smart,RC,False,True,False,,,True,,False,False,False,False,False,False,False,False,False,False,0,Follow Yaw,-88.9,0,-108.2,251.8,False,False,False,False,False,,0,0,False,False,No Card,100,100,1024,1320,1296,1157,2,False,False,False,False,False,0,False,False,False,False,92,,47.616,,9240,,10044,,47.616,,True,3.962,3.962,3.962,3.962,3.962,3.962,3.962,3.962,3.962,3.962,3.962,3.962,0,,False,False,True,,,,,,,,,,,,,,,False,False,18.628,,85.2,,75.7,,85.2,,1763,50,7,16,7,141441.5,18858.87,,Idle,,20,,10,,,20,Go Home,False,False,False,False,False,False,False,False,False,False,False,False,33.8027920380556,-117.4659261431046,915.3,2972.0,1049.4,396.9,True,1,1,False,False,False,False,,True,False,False,Course Lock,196.8,67,16.4,93,E,S,6.93,6.93,Calm,False,False,Android,7.0.2,M300 RTK,1ZN7L4R0H1D00F,1W9DL31001461C,1ZMLH8300204F0,1Z6PH74DAP0QN7,"Corona, CA",728.3,5.7,137.7,8.547347,2.013246,0,0,DJI Matrice 300 RTK,M300 RTK,1ZN7L4R0H1D00F,1W9DL31001461C,1ZMLH8300204F0,1Z6PH74DAP0QN7,DJI Pilot,Android,7.0.2,1EF72A62-B7C3-C88D-164E-CE6F8C8424AE,1ZN7L4R0H1D00F,1W9DL31001461C,,1ZMLH8300204F0,1W9DL31001461C,,,,,
2023-11-01,11:26:42.64 AM,2m 20.3s,140.3,33.80107083466,-117.4681260208964,78.0,78.0,14.1,1342,954.9,5.188543,6.085134,-0.671082,0,-5.144962,1.342164,-0.447388,0,1.1,0.9,1.4,-100.2,259.8,265.0,Tripod,Other,,22,5,True,,True,False,,Smart,RC,False,True,False,,,True,,False,False,False,False,False,False,False,False,False,False,0,Follow Yaw,-88.9,0,-107.9,252.1,False,False,False,False,False,,0,0,False,False,No Card,100,100,1024,1318,1296,1165,2,False,False,False,False,False,0,False,False,False,False,92,,47.616,,9240,,10044,,47.616,,True,3.965,3.965,3.965,3.965,3.965,3.965,3.965,3.965,3.965,3.965,3.965,3.965,0,,False,False,True,,,,,,,,,,,,,,,False,False,18.628,,85.2,,75.7,,85.2,,1763,50,7,16,7,141761.1,18901.48,,Idle,,20,,10,,,20,Go Home,False,False,False,False,False,False,False,False,False,False,False,False,33.8027920380556,-117.4659261431046,915.9,2972.0,1049.4,396.9,True,1,1,False,False,False,False,,True,False,False,Course Lock,196.8,67,16.4,93,E,S,6.93,6.93,Calm,False,False,Android,7.0.2,M300 RTK,1ZN7L4R0H1D00F,1W9DL31001461C,1ZMLH8300204F0,1Z6PH74DAP0QN7,"Corona, CA",728.3,5.7,137.7,8.547347,2.013246,0,0,DJI Matrice 300 RTK,M300 RTK,1ZN7L4R0H1D00F,1W9DL31001461C,1ZMLH8300204F0,1Z6PH74DAP0QN7,DJI Pilot,Android,7.0.2,1EF72A62-B7C3-C88D-164E-CE6F8C8424AE,1ZN7L4R0H1D00F,1W9DL31001461C,,1ZMLH8300204F0,1W9DL31001461C,,,,,
2023-11-01,11:26:42.74 AM,2m 20.4s,140.4,33.8010705068015,-117.4681285417227,78.0,78.0,14.1,1342,955.6,5.188543,6.085134,-0.671082,0,-5.144962,1.342164,-0.447388,0,1.1,0.8,1.3,-100,260,261.1,Tripod,Other,,21,5,True,,True,False,,Smart,RC,False,True,False,,,True,,False,False,False,False,False,False,False,False,False,False,0,Follow Yaw,-88.9,0,-107.7,252.3,False,False,False,False,False,,0,0,False,False,No Card,100,100,1024,1315,1298,1166,2,False,False,False,False,False,0,False,False,False,False,92,,47.616,,9240,,10044,,47.616,,True,3.965,3.965,3.965,3.965,3.965,3.965,3.965,3.965,3.965,3.965,3.965,3.965,0,,False,False,True,,,,,,,,,,,,,,,False,False,18.628,,85.2,,75.7,,85.2,,1763,50,7,16,7,141761.1,18901.48,,Idle,,20,,10,,,20,Go Home,False,False,False,False,False,False,False,False,False,False,False,False,33.8027920380556,-117.4659261431046,916.6,2972.0,1049.4,396.9,True,1,1,False,False,False,False,,True,False,False,Course Lock,196.8,67,16.4,93,E,S,6.93,6.93,Calm,False,False,Android,7.0.2,M300 RTK,1ZN7L4R0H1D00F,1W9DL31001461C,1ZMLH8300204F0,1Z6PH74DAP0QN7,"Corona, CA",728.3,5.7,137.7,8.547347,2.013246,0,0,DJI Matrice 300 RTK,M300 RTK,1ZN7L4R0H1D00F,1W9DL31001461C,1ZMLH8300204F0,1Z6PH74DAP0QN7,DJI Pilot,Android,7.0.2,1EF72A62-B7C3-C88D-164E-CE6F8C8424AE,1ZN7L4R0H1D00F,1W9DL31001461C,,1ZMLH8300204F0,1W9DL31001461C,,,,,
2023-11-01,11:26:42.84 AM,2m 20.5s,140.5,33.8010702546027,-117.4681310988341,78.4,78.4,14.1,1342,956.4,5.188543,6.085134,-0.671082,0,-5.144962,1.342164,-0.447388,0,1.1,0.9,1.4,-99.8,260.2,263.2,Tripod,Other,,21,5,True,,True,False,,Smart,RC,False,True,False,,,True,,False,False,False,False,False,False,False,False,False,False,0,Follow Yaw,-88.9,0,-107.4,252.6,False,False,False,False,False,,0,0,False,False,No Card,100,100,1024,1315,1298,1166,2,False,False,False,False,False,0,False,False,False,False,92,,47.616,,9240,,10044,,47.616,,True,3.965,3.965,3.965,3.965,3.965,3.965,3.965,3.965,3.965,3.965,3.965,3.965,0,,False,False,True,,,,,,,,,,,,,,,False,False,18.628,,85.2,,75.7,,85.2,,1763,50,7,16,7,141761.1,18901.48,,Idle,,20,,10,,,20,Go Home,False,False,False,False,False,False,False,False,False,False,False,False,33.8027920380556,-117.4659261431046,917.2,2972.0,1049.4,396.9,True,1,1,False,False,False,False,,True,False,False,Course Lock,196.8,67,16.4,93,E,S,6.93,6.93,Calm,False,False,Android,7.0.2,M300 RTK,1ZN7L4R0H1D00F,1W9DL31001461C,1ZMLH8300204F0,1Z6PH74DAP0QN7,"Corona, CA",728.3,5.7,137.7,8.547347,2.013246,0,0,DJI Matrice 300 RTK,M300 RTK,1ZN7L4R0H1D00F,1W9DL31001461C,1ZMLH8300204F0,1Z6PH74DAP0QN7,DJI Pilot,Android,7.0.2,1EF72A62-B7C3-C88D-164E-CE6F8C8424AE,1ZN7L4R0H1D00F,1W9DL31001461C,,1ZMLH8300204F0,1W9DL31001461C,,,,,
2023-11-01,11:26:42.94 AM,2m 20.6s,140.6,33.8010699481263,-117.4681336321952,78.4,78.4,14.1,1342,957.2,5.188543,6.085134,-0.671082,0,-5.144962,1.342164,-0.447388,0,1.1,1,1.4,-99.6,260.4,261.7,Tripod,Other,,22,5,True,,True,False,,Smart,RC,False,True,False,,,True,,False,False,False,False,False,False,False,False,False,False,0,Follow Yaw,-88.9,0,-107.1,252.9,False,False,False,False,False,,0,0,False,False,No Card,100,100,1024,1314,1298,1163,2,False,False,False,False,False,0,False,False,False,False,92,,47.616,,9240,,10044,,47.616,,True,3.965,3.965,3.965,3.965,3.965,3.965,3.965,3.965,3.965,3.965,3.965,3.965,0,,False,False,True,,,,,,,,,,,,,,,False,False,18.628,,85.2,,75.7,,85.2,,1763,50,7,16,7,141761.1,18901.48,,Idle,,20,,10,,,20,Go Home,False,False,False,False,False,False,False,False,False,False,False,False,33.8027920380556,-117.4659261431046,917.8,2972.0,1049.4,396.9,True,1,1,False,False,False,False,,True,False,False,Course Lock,196.8,67,16.4,93,E,S,6.93,6.93,Calm,False,False,Android,7.0.2,M300 RTK,1ZN7L4R0H1D00F,1W9DL31001461C,1ZMLH8300204F0,1Z6PH74DAP0QN7,"Corona, CA",728.3,5.7,137.7,8.547347,2.013246,0,0,DJI Matrice 300 RTK,M300 RTK,1ZN7L4R0H1D00F,1W9DL31001461C,1ZMLH8300204F0,1Z6PH74DAP0QN7,DJI Pilot,Android,7.0.2,1EF72A62-B7C3-C88D-164E-CE6F8C8424AE,1ZN7L4R0H1D00F,1W9DL31001461C,,1ZMLH8300204F0,1W9DL31001461C,,,,,
2023-11-01,11:26:43.04 AM,2m 20.7s,140.7,33.8010694853962,-117.4681363153149,78.4,78.4,14.1,1342,958.0,5.188543,6.085134,-0.671082,0,-5.144962,1.342164,-0.447388,0,1.4,0.9,1.6,-99.3,260.7,258.2,Tripod,Other,,22,5,True,,True,False,,Smart,RC,False,True,False,,,True,,False,False,False,False,False,False,False,False,False,False,0,Follow Yaw,-88.9,0,-106.9,253.1,False,False,False,False,False,,0,0,False,False,No Card,100,100,1024,1317,1296,1165,2,False,False,False,False,False,0,False,False,False,False,92,,47.604,,4587,,4986,,47.604,,True,3.965,3.965,3.965,3.965,3.965,3.965,3.965,3.965,3.965,3.965,3.965,3.965,0,,False,False,True,,,,,,,,,,,,,,,False,False,9.066,,84.2,,75.7,,85.2,,1763,50,7,16,7,141761.1,18901.48,,Idle,,20,,10,,,20,Go Home,False,False,False,False,False,False,False,False,False,False,False,False,33.8027920380556,-117.4659261431046,918.5,2972.0,1049.4,396.9,True,1,1,False,False,False,False,,True,False,False,Course Lock,196.8,67,16.4,93,E,S,6.93,6.93,Calm,False,False,Android,7.0.2,M300 RTK,1ZN7L4R0H1D00F,1W9DL31001461C,1ZMLH8300204F0,1Z6PH74DAP0QN7,"Corona, CA",728.3,5.7,137.7,8.547347,2.013246,0,0,DJI Matrice 300 RTK,M300 RTK,1ZN7L4R0H1D00F,1W9DL31001461C,1ZMLH8300204F0,1Z6PH74DAP0QN7,DJI Pilot,Android,7.0.2,1EF72A62-B7C3-C88D-164E-CE6F8C8424AE,1ZN7L4R0H1D00F,1W9DL31001461C,,1ZMLH8300204F0,1W9DL31001461C,,,,,
2023-11-01,11:26:43.14 AM,2m 20.8s,140.8,33.8010691833059,-117.4681388618706,78.7,78.7,14.1,1343,958.8,5.188543,6.085134,-0.671082,0,-5.144962,1.342164,-0.447388,0,1.6,0.8,1.7,-99,261,261.8,Tripod,Other,,22,5,True,,True,False,,Smart,RC,False,True,False,,,True,,False,False,False,False,False,False,False,False,False,False,0,Follow Yaw,-88.9,0,-106.6,253.4,False,False,False,False,False,,0,0,False,False,No Card,100,100,1024,1318,1292,1185,2,False,False,False,False,False,0,False,False,False,False,92,,47.604,,4587,,4986,,47.604,,True,3.965,3.965,3.965,3.965,3.965,3.965,3.965,3.965,3.965,3.965,3.965,3.965,0,,False,False,True,,,,,,,,,,,,,,,False,False,9.066,,84.2,,75.7,,85.2,,1763,50,7,16,7,141761.1,18901.48,,Idle,,20,,10,,,20,Go Home,False,False,False,False,False,False,False,False,False,False,False,False,33.8027920380556,-117.4659261431046,919.2,2972.0,1049.4,396.9,True,1,1,False,False,False,False,,True,False,False,Course Lock,196.8,67,16.4,93,E,S,6.93,6.93,Calm,False,False,Android,7.0.2,M300 RTK,1ZN7L4R0H1D00F,1W9DL31001461C,1ZMLH8300204F0,1Z6PH74DAP0QN7,"Corona, CA",728.3,5.7,137.7,8.547347,2.013246,0,0,DJI Matrice 300 RTK,M300 RTK,1ZN7L4R0H1D00F,1W9DL31001461C,1ZMLH8300204F0,1Z6PH74DAP0QN7,DJI Pilot,Android,7.0.2,1EF72A62-B7C3-C88D-164E-CE6F8C8424AE,1ZN7L4R0H1D00F,1W9DL31001461C,,1ZMLH8300204F0,1W9DL31001461C,,,,,
2023-11-01,11:26:43.21 AM,2m 20.9s,140.9,33.8010688625747,-117.4681413417937,78.7,78.7,14.4,1343,959.6,5.188543,6.085134,-0.671082,0,-5.144962,1.342164,-0.447388,0,1.7,0.7,1.8,-98.7,261.3,261.1,Tripod,Other,,22,5,True,,True,False,,Smart,RC,False,True,False,,,True,,False,False,False,False,False,False,False,False,False,False,0,Follow Yaw,-88.9,0,-106.3,253.7,False,False,False,False,False,,0,0,False,False,No Card,100,100,1024,1314,1293,1197,2,False,False,False,False,False,0,False,False,False,False,92,,47.604,,4587,,4986,,47.604,,True,3.965,3.965,3.965,3.965,3.965,3.965,3.965,3.965,3.965,3.965,3.965,3.965,0,,False,False,True,,,,,,,,,,,,,,,False,False,9.066,,84.2,,75.7,,85.2,,1763,50,7,16,7,141761.1,18901.48,,Idle,,20,,10,,,20,Go Home,False,False,False,False,False,False,False,False,False,False,False,False,33.8027920380556,-117.4659261431046,919.8,2972.0,1049.4,396.9,True,1,1,False,False,False,False,,True,False,False,Course Lock,196.8,67,16.4,93,E,S,6.93,6.93,Calm,False,False,Android,7.0.2,M300 RTK,1ZN7L4R0H1D00F,1W9DL31001461C,1ZMLH8300204F0,1Z6PH74DAP0QN7,"Corona, CA",728.3,5.7,137.7,8.547347,2.013246,0,0,DJI Matrice 300 RTK,M300 RTK,1ZN7L4R0H1D00F,1W9DL31001461C,1ZMLH8300204F0,1Z6PH74DAP0QN7,DJI Pilot,Android,7.0.2,1EF72A62-B7C3-C88D-164E-CE6F8C8424AE,1ZN7L4R0H1D00F,1W9DL31001461C,,1ZMLH8300204F0,1W9DL31001461C,,,,,
2023-11-01,11:26:43.34 AM,2m 21.0s,141.0,33.8010685736426,-117.4681438711964,78.7,78.7,14.4,1343,960.3,5.188543,6.085134,-0.671082,0,-5.144962,1.342164,-0.447388,0,1.5,0.9,1.7,-98.3,261.7,262.1,Tripod,Other,,22,5,True,,True,False,,Smart,RC,False,True,False,,,True,,False,False,False,False,False,False,False,False,False,False,0,Follow Yaw,-88.9,0,-106,254,False,False,False,False,False,,0,0,False,False,No Card,100,100,1024,1310,1298,1196,2,False,False,False,False,False,0,False,False,False,False,92,,47.652,,9240,,10044,,47.652,,True,3.965,3.965,3.965,3.965,3.965,3.965,3.965,3.965,3.965,3.965,3.965,3.965,0,,False,False,True,,,,,,,,,,,,,,,False,False,18.576,,85.2,,75.7,,85.2,,1763,50,7,16,7,141761.1,18901.48,,Idle,,20,,10,,,20,Go Home,False,False,False,False,False,False,False,False,False,False,False,False,33.8027920380556,-117.4659261431046,920.4,2972.0,1049.4,396.9,True,1,1,False,False,False,False,,True,False,False,Course Lock,196.8,67,16.4,93,E,S,6.93,6.93,Calm,False,False,Android,7.0.2,M300 RTK,1ZN7L4R0H1D00F,1W9DL31001461C,1ZMLH8300204F0,1Z6PH74DAP0QN7,"Corona, CA",728.3,5.7,137.7,8.547347,2.013246,0,0,DJI Matrice 300 RTK,M300 RTK,1ZN7L4R0H1D00F,1W9DL31001461C,1ZMLH8300204F0,1Z6PH74DAP0QN7,DJI Pilot,Android,7.0.2,1EF72A62-B7C3-C88D-164E-CE6F8C8424AE,1ZN7L4R0H1D00F,1W9DL31001461C,,1ZMLH8300204F0,1W9DL31001461C,,,,,
2023-11-01,11:26:43.42 AM,2m 21.1s,141.1,33.8010683592735,-117.4681465206699,78.7,78.7,14.4,1343,961.2,5.164377,6.085134,-0.447388,0,-5.144962,1.342164,-0.447388,0,1.3,1.3,1.8,-98,262,264.4,Tripod,Other,,22,5,True,,True,False,,Smart,RC,False,True,False,,,True,,False,False,False,False,False,False,False,False,False,False,0,Follow Yaw,-88.9,0,-105.6,254.4,False,False,False,False,False,,0,0,False,False,No Card,100,100,1024,1310,1298,1196,2,False,False,False,False,False,0,False,False,False,False,92,,47.652,,9240,,10044,,47.652,,True,3.965,3.965,3.965,3.965,3.965,3.965,3.965,3.965,3.965,3.965,3.965,3.965,0,,False,False,True,,,,,,,,,,,,,,,False,False,18.576,,85.2,,75.7,,85.2,,1763,50,7,16,7,141761.1,18901.48,,Idle,,20,,10,,,20,Go Home,False,False,False,False,False,False,False,False,False,False,False,False,33.8027920380556,-117.4659261431046,921.1,2972.0,1049.4,396.9,True,1,1,False,False,False,False,,True,False,False,Course Lock,196.8,67,16.4,93,E,S,7.15,7.15,Calm,False,False,Android,7.0.2,M300 RTK,1ZN7L4R0H1D00F,1W9DL31001461C,1ZMLH8300204F0,1Z6PH74DAP0QN7,"Corona, CA",728.3,5.7,137.7,8.547347,2.013246,0,0,DJI Matrice 300 RTK,M300 RTK,1ZN7L4R0H1D00F,1W9DL31001461C,1ZMLH8300204F0,1Z6PH74DAP0QN7,DJI Pilot,Android,7.0.2,1EF72A62-B7C3-C88D-164E-CE6F8C8424AE,1ZN7L4R0H1D00F,1W9DL31001461C,,1ZMLH8300204F0,1W9DL31001461C,,,,,
2023-11-01,11:26:43.54 AM,2m 21.2s,141.2,33.8010681054299,-117.4681490553505,79.0,79.0,14.4,1343,961.9,5.164377,6.085134,-0.447388,0,-5.144962,1.342164,-0.447388,0,1.2,1.4,1.8,-97.7,262.3,263.1,Tripod,Other,,22,5,True,,True,False,,Smart,RC,False,True,False,,,True,,False,False,False,False,False,False,False,False,False,False,0,Follow Yaw,-88.9,0,-105.2,254.8,False,False,False,False,False,,0,0,False,False,No Card,100,100,1024,1312,1296,1168,2,False,False,False,False,False,0,False,False,False,False,92,,47.652,,9240,,10044,,47.652,,True,3.965,3.965,3.965,3.965,3.965,3.965,3.965,3.965,3.965,3.965,3.965,3.965,0,,False,False,True,,,,,,,,,,,,,,,False,False,18.576,,85.2,,75.7,,85.2,,1763,50,7,16,7,141761.1,18901.48,,Idle,,20,,10,,,20,Go Home,False,False,False,False,False,False,False,False,False,False,False,False,33.8027920380556,-117.4659261431046,921.7,2972.0,1049.4,396.9,True,1,1,False,False,False,False,,True,False,False,Course Lock,196.8,67,16.4,93,E,S,7.15,7.15,Calm,False,False,Android,7.0.2,M300 RTK,1ZN7L4R0H1D00F,1W9DL31001461C,1ZMLH8300204F0,1Z6PH74DAP0QN7,"Corona, CA",728.3,5.7,137.7,8.547347,2.013246,0,0,DJI Matrice 300 RTK,M300 RTK,1ZN7L4R0H1D00F,1W9DL31001461C,1ZMLH8300204F0,1Z6PH74DAP0QN7,DJI Pilot,Android,7.0.2,1EF72A62-B7C3-C88D-164E-CE6F8C8424AE,1ZN7L4R0H1D00F,1W9DL31001461C,,1ZMLH8300204F0,1W9DL31001461C,,,,,
2023-11-01,11:26:43.63 AM,2m 21.3s,141.3,33.8010679256012,-117.4681513096461,79.0,79.0,14.4,1343,962.6,5.164377,6.085134,-0.447388,0,-5.144962,1.342164,-0.447388,0,1.2,1.3,1.7,-97.3,262.7,264.5,Tripod,Other,,22,5,True,,True,False,,Smart,RC,False,True,False,,,True,,False,False,False,False,False,False,False,False,False,False,0,Follow Yaw,-88.9,0,-104.9,255.1,False,False,False,False,False,,0,0,False,False,No Card,100,100,1024,1313,1292,1156,2,False,False,False,False,False,0,False,False,False,False,92,,47.652,,9240,,10044,,47.652,,True,3.971,3.971,3.971,3.971,3.971,3.971,3.971,3.971,3.971,3.971,3.971,3.971,0,,False,False,True,,,,,,,,,,,,,,,False,False,18.576,,85.2,,75.7,,85.2,,1762,50,8,16,7,141848.8,18913.18,,Idle,,20,,10,,,20,Go Home,False,False,False,False,False,False,False,False,False,False,False,False,33.8027920380556,-117.4659261431046,922.2,2972.0,1049.4,396.9,True,1,1,False,False,False,False,,True,False,False,Course Lock,196.8,67,16.4,93,E,S,7.15,7.15,Calm,False,False,Android,7.0.2,M300 RTK,1ZN7L4R0H1D00F,1W9DL31001461C,1ZMLH8300204F0,1Z6PH74DAP0QN7,"Corona, CA",728.3,5.7,137.7,8.547347,2.013246,0,0,DJI Matrice 300 RTK,M300 RTK,1ZN7L4R0H1D00F,1W9DL31001461C,1ZMLH8300204F0,1Z6PH74DAP0QN7,DJI Pilot,Android,7.0.2,1EF72A62-B7C3-C88D-164E-CE6F8C8424AE,1ZN7L4R0H1D00F,1W9DL31001461C,,1ZMLH8300204F0,1W9DL31001461C,,,,,
2023-11-01,11:26:43.74 AM,2m 21.4s,141.4,33.8010677134252,-117.4681538232153,79.0,79.0,14.7,1343,963.4,5.164377,6.085134,-0.447388,0,-5.144962,1.342164,-0.447388,0,1.3,1,1.6,-96.9,263.1,264.1,Tripod,Other,,22,5,True,,True,False,,Smart,RC,False,True,False,,,True,,False,False,False,False,False,False,False,False,False,False,0,Follow Yaw,-88.9,0,-104.6,255.4,False,False,False,False,False,,0,0,False,False,No Card,100,100,1024,1313,1288,1141,2,False,False,False,False,False,0,False,False,False,False,92,,47.652,,9240,,10044,,47.652,,True,3.971,3.971,3.971,3.971,3.971,3.971,3.971,3.971,3.971,3.971,3.971,3.971,0,,False,False,True,,,,,,,,,,,,,,,False,False,18.576,,85.2,,75.7,,85.2,,1762,50,8,16,7,141848.8,18913.18,,Idle,,20,,10,,,20,Go Home,False,False,False,False,False,False,False,False,False,False,False,False,33.8027920380556,-117.4659261431046,922.9,2972.0,1049.4,396.9,True,1,1,False,False,False,False,,True,False,False,Course Lock,196.8,67,16.4,93,E,S,7.15,7.15,Calm,False,False,Android,7.0.2,M300 RTK,1ZN7L4R0H1D00F,1W9DL31001461C,1ZMLH8300204F0,1Z6PH74DAP0QN7,"Corona, CA",728.3,5.7,137.7,8.547347,2.013246,0,0,DJI Matrice 300 RTK,M300 RTK,1ZN7L4R0H1D00F,1W9DL31001461C,1ZMLH8300204F0,1Z6PH74DAP0QN7,DJI Pilot,Android,7.0.2,1EF72A62-B7C3-C88D-164E-CE6F8C8424AE,1ZN7L4R0H1D00F,1W9DL31001461C,,1ZMLH8300204F0,1W9DL31001461C,,,,,
2023-11-01,11:26:43.84 AM,2m 21.5s,141.5,33.8010674771258,-117.4681563618543,79.3,79.3,14.7,1343,964.2,5.164377,6.085134,-0.447388,0,-5.144962,1.342164,-0.447388,0,1.2,0.9,1.5,-96.6,263.4,263.6,Tripod,Other,,22,5,True,,True,False,,Smart,RC,False,True,False,,,True,,False,False,False,False,False,False,False,False,False,False,0,Follow Yaw,-88.9,0,-104.4,255.6,False,False,False,False,False,,0,0,False,False,No Card,100,100,1024,1312,1296,1123,2,False,False,False,False,False,0,False,False,False,False,92,,47.652,,9240,,10044,,47.652,,True,3.971,3.971,3.971,3.971,3.971,3.971,3.971,3.971,3.971,3.971,3.971,3.971,0,,False,False,True,,,,,,,,,,,,,,,False,False,18.576,,85.2,,75.7,,85.2,,1762,50,8,16,7,141848.8,18913.18,,Idle,,20,,10,,,20,Go Home,False,False,False,False,False,False,False,False,False,False,False,False,33.8027920380556,-117.4659261431046,923.5,2972.0,1049.4,396.9,True,1,1,False,False,False,False,,True,False,False,Course Lock,196.8,67,16.4,93,E,S,7.15,7.15,Calm,False,False,Android,7.0.2,M300 RTK,1ZN7L4R0H1D00F,1W9DL31001461C,1ZMLH8300204F0,1Z6PH74DAP0QN7,"Corona, CA",728.3,5.7,137.7,8.547347,2.013246,0,0,DJI Matrice 300 RTK,M300 RTK,1ZN7L4R0H1D00F,1W9DL31001461C,1ZMLH8300204F0,1Z6PH74DAP0QN7,DJI Pilot,Android,7.0.2,1EF72A62-B7C3-C88D-164E-CE6F8C8424AE,1ZN7L4R0H1D00F,1W9DL31001461C,,1ZMLH8300204F0,1W9DL31001461C,,,,,
2023-11-01,11:26:43.93 AM,2m 21.6s,141.6,33.8010672868802,-117.4681588727846,79.3,79.3,14.7,1343,964.9,5.149822,6.085134,-0.223694,0,-5.144962,1.342164,-0.447388,0,1.2,0.7,1.3,-96.3,263.7,264.7,Tripod,Other,,21,5,True,,True,False,,Smart,RC,False,True,False,,,True,,False,False,False,False,False,False,False,False,False,False,0,Follow Yaw,-88.9,0,-104.2,255.8,False,False,False,False,False,,0,0,False,False,No Card,100,100,1024,1310,1297,1123,2,False,False,False,False,False,0,False,False,False,False,92,,47.652,,9240,,10044,,47.652,,True,3.971,3.971,3.971,3.971,3.971,3.971,3.971,3.971,3.971,3.971,3.971,3.971,0,,False,False,True,,,,,,,,,,,,,,,False,False,18.576,,85.2,,75.7,,85.2,,1762,50,8,16,7,141848.8,18913.18,,Idle,,20,,10,,,20,Go Home,False,False,False,False,False,False,False,False,False,False,False,False,33.8027920380556,-117.4659261431046,924.1,2972.0,1049.4,396.9,True,1,1,False,False,False,False,,True,False,False,Course Lock,196.8,67,16.4,93,E,S,7.15,7.15,Calm,False,False,Android,7.0.2,M300 RTK,1ZN7L4R0H1D00F,1W9DL31001461C,1ZMLH8300204F0,1Z6PH74DAP0QN7,"Corona, CA",728.3,5.7,137.7,8.547347,2.013246,0,0,DJI Matrice 300 RTK,M300 RTK,1ZN7L4R0H1D00F,1W9DL31001461C,1ZMLH8300204F0,1Z6PH74DAP0QN7,DJI Pilot,Android,7.0.2,1EF72A62-B7C3-C88D-164E-CE6F8C8424AE,1ZN7L4R0H1D00F,1W9DL31001461C,,1ZMLH8300204F0,1W9DL31001461C,,,,,
2023-11-01,11:26:44.04 AM,2m 21.7s,141.7,33.8010671317231,-117.4681615803144,79.3,79.3,14.7,1343,965.7,5.149822,6.085134,-0.223694,0,-5.144962,1.342164,-0.447388,0,1.2,0.5,1.3,-96,264,266.0,Tripod,Other,,21,5,True,,True,False,,Smart,RC,False,True,False,,,True,,False,False,False,False,False,False,False,False,False,False,0,Follow Yaw,-88.9,0,-104,256,False,False,False,False,False,,0,0,False,False,No Card,100,100,1024,1310,1303,1096,2,False,False,False,False,False,0,False,False,False,False,92,,47.652,,9240,,10044,,47.652,,True,3.971,3.971,3.971,3.971,3.971,3.971,3.971,3.971,3.971,3.971,3.971,3.971,0,,False,False,True,,,,,,,,,,,,,,,False,False,18.576,,85.2,,75.7,,85.2,,1762,50,8,16,7,141848.8,18913.18,,Idle,,20,,10,,,20,Go Home,False,False,False,False,False,False,False,False,False,False,False,False,33.8027920380556,-117.4659261431046,924.7,2972.0,1049.4,396.9,True,1,1,False,False,False,False,,True,False,False,Course Lock,196.8,67,16.4,93,E,S,7.15,7.15,Calm,False,False,Android,7.0.2,M300 RTK,1ZN7L4R0H1D00F,1W9DL31001461C,1ZMLH8300204F0,1Z6PH74DAP0QN7,"Corona, CA",728.3,5.7,137.7,8.547347,2.013246,0,0,DJI Matrice 300 RTK,M300 RTK,1ZN7L4R0H1D00F,1W9DL31001461C,1ZMLH8300204F0,1Z6PH74DAP0QN7,DJI Pilot,Android,7.0.2,1EF72A62-B7C3-C88D-164E-CE6F8C8424AE,1ZN7L4R0H1D00F,1W9DL31001461C,,1ZMLH8300204F0,1W9DL31001461C,,,,,
2023-11-01,11:26:44.14 AM,2m 21.8s,141.8,33.8010669568287,-117.4681641136755,79.3,79.3,14.7,1343,966.5,5.149822,6.085134,-0.223694,0,-5.144962,1.342164,-0.447388,0,1.3,0.4,1.3,-95.8,264.2,265.2,Tripod,Other,,22,5,True,,True,False,,Smart,RC,False,True,False,,,True,,False,False,False,False,False,False,False,False,False,False,0,Follow Yaw,-88.9,0,-103.9,256.1,False,False,False,False,False,,0,0,False,False,No Card,100,100,1024,1309,1310,1061,2,False,False,False,False,False,0,False,False,False,False,92,,47.652,,9240,,10044,,47.652,,True,3.971,3.971,3.971,3.971,3.971,3.971,3.971,3.971,3.971,3.971,3.971,3.971,0,,False,False,True,,,,,,,,,,,,,,,False,False,18.576,,85.2,,75.7,,85.2,,1762,50,8,16,7,141848.8,18913.18,,Idle,,20,,10,,,20,Go Home,False,False,False,False,False,False,False,False,False,False,False,False,33.8027920380556,-117.4659261431046,925.3,2972.0,1049.4,396.9,True,1,1,False,False,False,False,,True,False,False,Course Lock,196.8,67,16.4,93,E,S,7.15,7.15,Calm,False,False,Android,7.0.2,M300 RTK,1ZN7L4R0H1D00F,1W9DL31001461C,1ZMLH8300204F0,1Z6PH74DAP0QN7,"Corona, CA",728.3,5.7,137.7,8.547347,2.013246,0,0,DJI Matrice 300 RTK,M300 RTK,1ZN7L4R0H1D00F,1W9DL31001461C,1ZMLH8300204F0,1Z6PH74DAP0QN7,DJI Pilot,Android,7.0.2,1EF72A62-B7C3-C88D-164E-CE6F8C8424AE,1ZN7L4R0H1D00F,1W9DL31001461C,,1ZMLH8300204F0,1W9DL31001461C,,,,,
2023-11-01,11:26:44.24 AM,2m 21.9s,141.9,33.8010668521113,-117.4681666595715,79.7,79.7,15.0,1343,967.3,4.926349,6.085134,-0.223694,0,-4.921268,1.342164,-0.447388,0,1.3,0.3,1.3,-95.6,264.4,267.1,Tripod,Other,,22,5,True,,True,False,,Smart,RC,False,True,False,,,True,,False,False,False,False,False,False,False,False,False,False,0,Follow Yaw,-88.9,0,-103.8,256.2,False,False,False,False,False,,0,0,False,False,No Card,100,100,1024,1310,1307,1063,2,False,False,False,False,False,0,False,False,False,False,92,,47.592,,4587,,4986,,47.592,,True,3.971,3.971,3.971,3.971,3.971,3.971,3.971,3.971,3.971,3.971,3.971,3.971,0,,False,False,True,,,,,,,,,,,,,,,False,False,9.242,,84.3,,75.7,,85.2,,1762,50,8,16,7,141848.8,18913.18,,Idle,,20,,10,,,20,Go Home,False,False,False,False,False,False,False,False,False,False,False,False,33.8027920380556,-117.4659261431046,925.9,2972.0,1049.4,396.9,True,1,1,False,False,False,False,,True,False,False,Course Lock,196.8,67,16.4,93,E,S,7.15,7.15,Calm,False,False,Android,7.0.2,M300 RTK,1ZN7L4R0H1D00F,1W9DL31001461C,1ZMLH8300204F0,1Z6PH74DAP0QN7,"Corona, CA",728.3,5.7,137.7,8.547347,2.013246,0,0,DJI Matrice 300 RTK,M300 RTK,1ZN7L4R0H1D00F,1W9DL31001461C,1ZMLH8300204F0,1Z6PH74DAP0QN7,DJI Pilot,Android,7.0.2,1EF72A62-B7C3-C88D-164E-CE6F8C8424AE,1ZN7L4R0H1D00F,1W9DL31001461C,,1ZMLH8300204F0,1W9DL31001461C,,,,,
2023-11-01,11:26:44.34 AM,2m 22.0s,142.0,33.8010666991472,-117.4681691883145,79.7,79.7,15.0,1343,968.1,4.926349,6.085134,-0.223694,0,-4.921268,1.342164,-0.447388,0,1.3,0.2,1.3,-95.4,264.6,265.8,Tripod,Other,,22,5,True,,True,False,,Smart,RC,False,True,False,,,True,,False,False,False,False,False,False,False,False,False,False,0,Follow Yaw,-88.9,0,-103.7,256.3,False,False,False,False,False,,0,0,False,False,No Card,100,100,1024,1309,1288,1150,2,False,False,False,False,False,0,False,False,False,False,92,,47.616,,9240,,10044,,47.616,,True,3.971,3.971,3.971,3.971,3.971,3.971,3.971,3.971,3.971,3.971,3.971,3.971,0,,False,False,True,,,,,,,,,,,,,,,False,False,18.854,,85.4,,75.7,,85.4,,1762,50,8,16,7,141848.8,18913.18,,Idle,,20,,10,,,20,Go Home,False,False,False,False,False,False,False,False,False,False,False,False,33.8027920380556,-117.4659261431046,926.5,2972.0,1049.4,396.9,True,1,1,False,False,False,False,,True,False,False,Course Lock,196.8,67,16.4,93,E,S,7.15,7.15,Calm,False,False,Android,7.0.2,M300 RTK,1ZN7L4R0H1D00F,1W9DL31001461C,1ZMLH8300204F0,1Z6PH74DAP0QN7,"Corona, CA",728.3,5.7,137.7,8.547347,2.013246,0,0,DJI Matrice 300 RTK,M300 RTK,1ZN7L4R0H1D00F,1W9DL31001461C,1ZMLH8300204F0,1Z6PH74DAP0QN7,DJI Pilot,Android,7.0.2,1EF72A62-B7C3-C88D-164E-CE6F8C8424AE,1ZN7L4R0H1D00F,1W9DL31001461C,,1ZMLH8300204F0,1W9DL31001461C,,,,,
2023-11-01,11:26:44.45 AM,2m 22.1s,142.1,33.8010663625166,-117.468171998762,79.7,79.7,15.0,1343,968.9,4.926349,6.085134,-0.223694,0,-4.921268,1.342164,-0.447388,0,1.3,0.2,1.3,-95.3,264.7,261.7,Tripod,Other,,22,5,True,,True,False,,Smart,RC,False,True,False,,,True,,False,False,False,False,False,False,False,False,False,False,0,Follow Yaw,-88.9,0,-103.6,256.4,False,False,False,False,False,,0,0,False,False,No Card,100,100,1024,1309,1288,1152,2,False,False,False,False,False,0,False,False,False,False,92,,47.616,,9240,,10044,,47.616,,True,3.971,3.971,3.971,3.971,3.971,3.971,3.971,3.971,3.971,3.971,3.971,3.971,0,,False,False,True,,,,,,,,,,,,,,,False,False,18.854,,85.4,,75.7,,85.4,,1762,50,8,16,7,141848.8,18913.18,,Idle,,20,,10,,,20,Go Home,False,False,False,False,False,False,False,False,False,False,False,False,33.8027920380556,-117.4659261431046,927.2,2972.0,1049.4,396.9,True,1,1,False,False,False,False,,True,False,False,Course Lock,196.8,67,16.4,93,E,S,7.15,7.15,Calm,False,False,Android,7.0.2,M300 RTK,1ZN7L4R0H1D00F,1W9DL31001461C,1ZMLH8300204F0,1Z6PH74DAP0QN7,"Corona, CA",728.3,5.7,137.7,8.547347,2.013246,0,0,DJI Matrice 300 RTK,M300 RTK,1ZN7L4R0H1D00F,1W9DL31001461C,1ZMLH8300204F0,1Z6PH74DAP0QN7,DJI Pilot,Android,7.0.2,1EF72A62-B7C3-C88D-164E-CE6F8C8424AE,1ZN7L4R0H1D00F,1W9DL31001461C,,1ZMLH8300204F0,1W9DL31001461C,,,,,
2023-11-01,11:26:44.55 AM,2m 22.2s,142.2,33.8010661980391,-117.4681745453177,80.0,80.0,15.0,1344,969.7,4.926349,6.085134,-0.223694,0,-4.921268,1.342164,-0.447388,0,1.2,0.5,1.3,-95.2,264.8,265.5,Tripod,Other,,22,5,True,,True,False,,Smart,RC,False,True,False,,,True,,False,False,False,False,False,False,False,False,False,False,0,Follow Yaw,-88.9,0,-103.4,256.6,False,False,False,False,False,,0,0,False,False,No Card,100,100,1024,1309,1289,1140,2,False,False,False,False,False,0,False,False,False,False,92,,47.616,,9240,,10044,,47.616,,True,3.971,3.971,3.971,3.971,3.971,3.971,3.971,3.971,3.971,3.971,3.971,3.971,0,,False,False,True,,,,,,,,,,,,,,,False,False,18.854,,85.4,,75.7,,85.4,,1762,50,8,16,7,141848.8,18913.18,,Idle,,20,,10,,,20,Go Home,False,False,False,False,False,False,False,False,False,False,False,False,33.8027920380556,-117.4659261431046,927.8,2972.0,1049.4,396.9,True,1,1,False,False,False,False,,True,False,False,Course Lock,196.8,67,16.4,93,E,S,7.38,7.38,Calm,False,False,Android,7.0.2,M300 RTK,1ZN7L4R0H1D00F,1W9DL31001461C,1ZMLH8300204F0,1Z6PH74DAP0QN7,"Corona, CA",728.3,5.7,137.7,8.547347,2.013246,0,0,DJI Matrice 300 RTK,M300 RTK,1ZN7L4R0H1D00F,1W9DL31001461C,1ZMLH8300204F0,1Z6PH74DAP0QN7,DJI Pilot,Android,7.0.2,1EF72A62-B7C3-C88D-164E-CE6F8C8424AE,1ZN7L4R0H1D00F,1W9DL31001461C,,1ZMLH8300204F0,1W9DL31001461C,,,,,
2023-11-01,11:26:44.65 AM,2m 22.3s,142.3,33.8010661684331,-117.4681768233636,80.0,80.0,15.0,1344,970.4,4.926349,6.085134,-0.223694,0,-4.921268,1.342164,-0.447388,0,1.1,0.6,1.2,-95.1,264.9,269.1,Tripod,Other,,22,5,True,,True,False,,Smart,RC,False,True,False,,,True,,False,False,False,False,False,False,False,False,False,False,0,Follow Yaw,-88.9,0,-103.1,256.9,False,False,False,False,False,,0,0,False,False,No Card,100,100,1024,1307,1292,1137,2,False,False,False,False,False,0,False,False,False,False,92,,47.616,,9240,,10044,,47.616,,True,3.97,3.97,3.97,3.97,3.97,3.97,3.97,3.97,3.97,3.97,3.97,3.97,0,,False,False,True,,,,,,,,,,,,,,,False,False,18.854,,85.4,,75.7,,85.4,,1762,50,8,16,7,141751.7,18900.22,,Idle,,20,,10,,,20,Go Home,False,False,False,False,False,False,False,False,False,False,False,False,33.8027920380556,-117.4659261431046,928.4,2972.0,1049.4,396.9,True,1,1,False,False,False,False,,True,False,False,Course Lock,196.8,67,16.4,93,E,S,7.38,7.38,Calm,False,False,Android,7.0.2,M300 RTK,1ZN7L4R0H1D00F,1W9DL31001461C,1ZMLH8300204F0,1Z6PH74DAP0QN7,"Corona, CA",728.3,5.7,137.7,8.547347,2.013246,0,0,DJI Matrice 300 RTK,M300 RTK,1ZN7L4R0H1D00F,1W9DL31001461C,1ZMLH8300204F0,1Z6PH74DAP0QN7,DJI Pilot,Android,7.0.2,1EF72A62-B7C3-C88D-164E-CE6F8C8424AE,1ZN7L4R0H1D00F,1W9DL31001461C,,1ZMLH8300204F0,1W9DL31001461C,,,,,
2023-11-01,11:26:44.76 AM,2m 22.4s,142.4,33.8010660330133,-117.4681793554052,80.0,80.0,15.4,1344,971.1,4.926349,6.085134,-0.223694,0,-4.921268,1.342164,-0.447388,0,1.1,0.6,1.2,-94.9,265.1,266.3,Tripod,Other,,22,5,True,,True,False,,Smart,RC,False,True,False,,,True,,False,False,False,False,False,False,False,False,False,False,0,Follow Yaw,-88.9,0,-102.9,257.1,False,False,False,False,False,,0,0,False,False,No Card,100,100,1024,1306,1295,1117,2,False,False,False,False,False,0,False,False,False,False,92,,47.616,,9240,,10044,,47.616,,True,3.97,3.97,3.97,3.97,3.97,3.97,3.97,3.97,3.97,3.97,3.97,3.97,0,,False,False,True,,,,,,,,,,,,,,,False,False,18.854,,85.4,,75.7,,85.4,,1762,50,8,16,7,141751.7,18900.22,,Idle,,20,,10,,,20,Go Home,False,False,False,False,False,False,False,False,False,False,False,False,33.8027920380556,-117.4659261431046,929.0,2972.0,1049.4,396.9,True,1,1,False,False,False,False,,True,False,False,Course Lock,196.8,67,16.4,93,E,S,7.38,7.38,Calm,False,False,Android,7.0.2,M300 RTK,1ZN7L4R0H1D00F,1W9DL31001461C,1ZMLH8300204F0,1Z6PH74DAP0QN7,"Corona, CA",728.3,5.7,137.7,8.547347,2.013246,0,0,DJI Matrice 300 RTK,M300 RTK,1ZN7L4R0H1D00F,1W9DL31001461C,1ZMLH8300204F0,1Z6PH74DAP0QN7,DJI Pilot,Android,7.0.2,1EF72A62-B7C3-C88D-164E-CE6F8C8424AE,1ZN7L4R0H1D00F,1W9DL31001461C,,1ZMLH8300204F0,1W9DL31001461C,,,,,
2023-11-01,11:26:44.86 AM,2m 22.5s,142.5,33.8010657917796,-117.468181797064,80.0,80.0,15.4,1344,971.9,5.149822,6.085134,-0.223694,0,-5.144962,1.342164,-0.447388,0,1.1,0.4,1.1,-94.7,265.3,263.2,Tripod,Other,,22,5,True,,True,False,,Smart,RC,False,True,False,,,True,,False,False,False,False,False,False,False,False,False,False,0,Follow Yaw,-88.9,0,-102.8,257.2,False,False,False,False,False,,0,0,False,False,No Card,100,100,1024,1307,1310,1043,2,False,False,False,False,False,0,False,False,False,False,92,,47.616,,9240,,10044,,47.616,,True,3.97,3.97,3.97,3.97,3.97,3.97,3.97,3.97,3.97,3.97,3.97,3.97,0,,False,False,True,,,,,,,,,,,,,,,False,False,18.854,,85.4,,75.7,,85.4,,1762,50,8,16,7,141751.7,18900.22,,Idle,,20,,10,,,20,Go Home,False,False,False,False,False,False,False,False,False,False,False,False,33.8027920380556,-117.4659261431046,929.6,2972.0,1049.4,396.9,True,1,1,False,False,False,False,,True,False,False,Course Lock,196.8,67,16.4,93,E,S,7.38,7.38,Calm,False,False,Android,7.0.2,M300 RTK,1ZN7L4R0H1D00F,1W9DL31001461C,1ZMLH8300204F0,1Z6PH74DAP0QN7,"Corona, CA",728.3,5.7,137.7,8.547347,2.013246,0,0,DJI Matrice 300 RTK,M300 RTK,1ZN7L4R0H1D00F,1W9DL31001461C,1ZMLH8300204F0,1Z6PH74DAP0QN7,DJI Pilot,Android,7.0.2,1EF72A62-B7C3-C88D-164E-CE6F8C8424AE,1ZN7L4R0H1D00F,1W9DL31001461C,,1ZMLH8300204F0,1W9DL31001461C,,,,,
2023-11-01,11:26:44.96 AM,2m 22.6s,142.6,33.8010656596494,-117.4681843251473,80.3,80.3,15.4,1344,972.7,5.149822,6.085134,-0.223694,0,-5.144962,1.342164,-0.447388,0,1.2,0.1,1.2,-94.5,265.5,266.4,Tripod,Other,,22,5,True,,True,False,,Smart,RC,False,True,False,,,True,,False,False,False,False,False,False,False,False,False,False,0,Follow Yaw,-88.9,0,-102.7,257.3,False,False,False,False,False,,0,0,False,False,No Card,100,100,1024,1306,1298,1024,2,False,False,False,False,False,0,False,False,False,False,92,,47.616,,9240,,10044,,47.616,,True,3.97,3.97,3.97,3.97,3.97,3.97,3.97,3.97,3.97,3.97,3.97,3.97,0,,False,False,True,,,,,,,,,,,,,,,False,False,18.854,,85.4,,75.7,,85.4,,1762,50,8,16,7,141751.7,18900.22,,Idle,,20,,10,,,20,Go Home,False,False,False,False,False,False,False,False,False,False,False,False,33.8027920380556,-117.4659261431046,930.2,2972.0,1049.4,396.9,True,1,1,False,False,False,False,,True,False,False,Course Lock,196.8,67,16.4,93,E,S,7.38,7.38,Calm,False,False,Android,7.0.2,M300 RTK,1ZN7L4R0H1D00F,1W9DL31001461C,1ZMLH8300204F0,1Z6PH74DAP0QN7,"Corona, CA",728.3,5.7,137.7,8.547347,2.013246,0,0,DJI Matrice 300 RTK,M300 RTK,1ZN7L4R0H1D00F,1W9DL31001461C,1ZMLH8300204F0,1Z6PH74DAP0QN7,DJI Pilot,Android,7.0.2,1EF72A62-B7C3-C88D-164E-CE6F8C8424AE,1ZN7L4R0H1D00F,1W9DL31001461C,,1ZMLH8300204F0,1W9DL31001461C,,,,,
2023-11-01,11:26:45.07 AM,2m 22.7s,142.7,33.8010654249948,-117.4681866315615,80.3,80.3,15.4,1344,973.4,5.149822,6.085134,-0.223694,0,-5.144962,1.342164,-0.447388,0,1.2,-0.3,1.2,-94.4,265.6,263.0,Tripod,Other,,22,5,True,,True,False,,Smart,RC,False,True,False,,,True,,False,False,False,False,False,False,False,False,False,False,0,Follow Yaw,-88.9,0,-102.7,257.3,False,False,False,False,False,,0,0,False,False,No Card,100,100,1024,1305,1298,1024,2,False,False,False,False,False,0,False,False,False,False,92,,47.616,,9240,,10044,,47.616,,True,3.97,3.97,3.97,3.97,3.97,3.97,3.97,3.97,3.97,3.97,3.97,3.97,0,,False,False,True,,,,,,,,,,,,,,,False,False,18.854,,85.4,,75.7,,85.4,,1762,50,8,16,7,141751.7,18900.22,,Idle,,20,,10,,,20,Go Home,False,False,False,False,False,False,False,False,False,False,False,False,33.8027920380556,-117.4659261431046,930.7,2972.0,1049.4,396.9,True,1,1,False,False,False,False,,True,False,False,Course Lock,196.8,67,16.4,93,E,S,7.38,7.38,Calm,False,False,Android,7.0.2,M300 RTK,1ZN7L4R0H1D00F,1W9DL31001461C,1ZMLH8300204F0,1Z6PH74DAP0QN7,"Corona, CA",728.3,5.7,137.7,8.547347,2.013246,0,0,DJI Matrice 300 RTK,M300 RTK,1ZN7L4R0H1D00F,1W9DL31001461C,1ZMLH8300204F0,1Z6PH74DAP0QN7,DJI Pilot,Android,7.0.2,1EF72A62-B7C3-C88D-164E-CE6F8C8424AE,1ZN7L4R0H1D00F,1W9DL31001461C,,1ZMLH8300204F0,1W9DL31001461C,,,,,
2023-11-01,11:26:45.17 AM,2m 22.8s,142.8,33.8010652818994,-117.4681891385334,80.3,80.3,15.4,1344,974.1,5.149822,6.085134,-0.223694,0,-5.144962,1.342164,-0.447388,0,1.2,-0.4,1.2,-94.2,265.8,266.0,Tripod,Other,,22,5,True,,True,False,,Smart,RC,False,True,False,,,True,,False,False,False,False,False,False,False,False,False,False,0,Follow Yaw,-88.9,0,-102.7,257.3,False,False,False,False,False,,0,0,False,False,No Card,100,100,1024,1306,1301,1024,2,False,False,False,False,False,0,False,False,False,False,92,,47.616,,9240,,10044,,47.616,,True,3.97,3.97,3.97,3.97,3.97,3.97,3.97,3.97,3.97,3.97,3.97,3.97,0,,False,False,True,,,,,,,,,,,,,,,False,False,18.854,,85.4,,75.7,,85.4,,1762,50,8,16,7,141751.7,18900.22,,Idle,,20,,10,,,20,Go Home,False,False,False,False,False,False,False,False,False,False,False,False,33.8027920380556,-117.4659261431046,931.3,2972.0,1049.4,396.9,True,1,1,False,False,False,False,,True,False,False,Course Lock,196.8,67,16.4,93,E,S,7.38,7.38,Calm,False,False,Android,7.0.2,M300 RTK,1ZN7L4R0H1D00F,1W9DL31001461C,1ZMLH8300204F0,1Z6PH74DAP0QN7,"Corona, CA",728.3,5.7,137.7,8.547347,2.013246,0,0,DJI Matrice 300 RTK,M300 RTK,1ZN7L4R0H1D00F,1W9DL31001461C,1ZMLH8300204F0,1Z6PH74DAP0QN7,DJI Pilot,Android,7.0.2,1EF72A62-B7C3-C88D-164E-CE6F8C8424AE,1ZN7L4R0H1D00F,1W9DL31001461C,,1ZMLH8300204F0,1W9DL31001461C,,,,,
2023-11-01,11:26:45.27 AM,2m 22.9s,142.9,33.8010651415452,-117.4681920261693,80.3,80.3,15.4,1344,975.0,5.149822,6.085134,-0.223694,0,-5.144962,1.342164,-0.447388,0,1.3,-0.3,1.3,-94.1,265.9,266.6,Tripod,Other,,22,5,True,,True,False,,Smart,RC,False,True,False,,,True,,False,False,False,False,False,False,False,False,False,False,0,Follow Yaw,-88.9,0,-102.7,257.3,False,False,False,False,False,,0,0,False,False,No Card,100,100,1024,1305,1302,1024,2,False,False,False,False,False,0,False,False,False,False,92,,47.616,,9240,,10044,,47.616,,True,3.97,3.97,3.97,3.97,3.97,3.97,3.97,3.97,3.97,3.97,3.97,3.97,0,,False,False,True,,,,,,,,,,,,,,,False,False,18.854,,85.4,,75.7,,85.4,,1762,50,8,16,7,141751.7,18900.22,,Idle,,20,,10,,,20,Go Home,False,False,False,False,False,False,False,False,False,False,False,False,33.8027920380556,-117.4659261431046,932.0,2972.0,1049.4,396.9,True,1,1,False,False,False,False,,True,False,False,Course Lock,196.8,67,16.4,93,E,S,7.38,7.38,Calm,False,False,Android,7.0.2,M300 RTK,1ZN7L4R0H1D00F,1W9DL31001461C,1ZMLH8300204F0,1Z6PH74DAP0QN7,"Corona, CA",728.3,5.7,137.7,8.547347,2.013246,0,0,DJI Matrice 300 RTK,M300 RTK,1ZN7L4R0H1D00F,1W9DL31001461C,1ZMLH8300204F0,1Z6PH74DAP0QN7,DJI Pilot,Android,7.0.2,1EF72A62-B7C3-C88D-164E-CE6F8C8424AE,1ZN7L4R0H1D00F,1W9DL31001461C,,1ZMLH8300204F0,1W9DL31001461C,,,,,
2023-11-01,11:26:45.37 AM,2m 23.0s,143.0,33.8010649836468,-117.4681945595304,80.7,80.7,15.4,1344,975.8,4.926349,6.085134,-0.223694,0,-4.921268,1.342164,-0.447388,0,1.4,-0.1,1.4,-94.1,265.9,265.7,Tripod,Other,,22,5,True,,True,False,,Smart,RC,False,True,False,,,True,,False,False,False,False,False,False,False,False,False,False,0,Follow Yaw,-88.9,0,-102.7,257.3,False,False,False,False,False,,0,0,False,False,No Card,100,100,1024,1307,1302,1024,2,False,False,False,False,False,0,False,False,False,False,92,,47.652,,9240,,10044,,47.652,,True,3.97,3.97,3.97,3.97,3.97,3.97,3.97,3.97,3.97,3.97,3.97,3.97,0,,False,False,True,,,,,,,,,,,,,,,False,False,18.618,,85.4,,75.7,,85.4,,1762,50,8,16,7,141751.7,18900.22,,Idle,,20,,10,,,20,Go Home,False,False,False,False,False,False,False,False,False,False,False,False,33.8027920380556,-117.4659261431046,932.6,2972.0,1049.4,396.9,True,1,1,False,False,False,False,,True,False,False,Course Lock,196.8,67,16.4,93,E,S,7.38,7.38,Calm,False,False,Android,7.0.2,M300 RTK,1ZN7L4R0H1D00F,1W9DL31001461C,1ZMLH8300204F0,1Z6PH74DAP0QN7,"Corona, CA",728.3,5.7,137.7,8.547347,2.013246,0,0,DJI Matrice 300 RTK,M300 RTK,1ZN7L4R0H1D00F,1W9DL31001461C,1ZMLH8300204F0,1Z6PH74DAP0QN7,DJI Pilot,Android,7.0.2,1EF72A62-B7C3-C88D-164E-CE6F8C8424AE,1ZN7L4R0H1D00F,1W9DL31001461C,,1ZMLH8300204F0,1W9DL31001461C,,,,,
2023-11-01,11:26:45.48 AM,2m 23.1s,143.1,33.8010648158798,-117.4681970097656,80.7,80.7,15.4,1344,976.5,4.926349,6.085134,-0.223694,0,-4.921268,1.342164,-0.447388,0,1.5,0,1.5,-94.1,265.9,265.2,Tripod,Other,,22,5,True,,True,False,,Smart,RC,False,True,False,,,True,,False,False,False,False,False,False,False,False,False,False,0,Follow Yaw,-88.9,0,-102.7,257.3,False,False,False,False,False,,0,0,False,False,No Card,100,100,1024,1307,1301,1024,2,False,False,False,False,False,0,False,False,False,False,92,,47.652,,9240,,10044,,47.652,,True,3.97,3.97,3.97,3.97,3.97,3.97,3.97,3.97,3.97,3.97,3.97,3.97,0,,False,False,True,,,,,,,,,,,,,,,False,False,18.618,,85.4,,75.7,,85.4,,1762,50,8,16,7,141751.7,18900.22,,Idle,,20,,10,,,20,Go Home,False,False,False,False,False,False,False,False,False,False,False,False,33.8027920380556,-117.4659261431046,933.2,2972.0,1049.4,396.9,True,1,1,False,False,False,False,,True,False,False,Course Lock,196.8,67,16.4,93,E,S,7.38,7.38,Calm,False,False,Android,7.0.2,M300 RTK,1ZN7L4R0H1D00F,1W9DL31001461C,1ZMLH8300204F0,1Z6PH74DAP0QN7,"Corona, CA",728.3,5.7,137.7,8.547347,2.013246,0,0,DJI Matrice 300 RTK,M300 RTK,1ZN7L4R0H1D00F,1W9DL31001461C,1ZMLH8300204F0,1Z6PH74DAP0QN7,DJI Pilot,Android,7.0.2,1EF72A62-B7C3-C88D-164E-CE6F8C8424AE,1ZN7L4R0H1D00F,1W9DL31001461C,,1ZMLH8300204F0,1W9DL31001461C,,,,,
2023-11-01,11:26:45.54 AM,2m 23.2s,143.2,33.8010646524988,-117.4681995305919,80.7,80.7,15.4,1344,977.3,4.926349,6.085134,-0.223694,0,-4.921268,1.342164,-0.447388,0,1.5,0,1.5,-94,266,265.5,Tripod,Other,,21,5,True,,True,False,,Smart,RC,False,True,False,,,True,,False,False,False,False,False,False,False,False,False,False,0,Follow Yaw,-88.9,0,-102.7,257.3,False,False,False,False,False,,0,0,False,False,No Card,100,100,1024,1301,1305,1024,2,False,False,False,False,False,0,False,False,False,False,92,,47.652,,9240,,10044,,47.652,,True,3.97,3.97,3.97,3.97,3.97,3.97,3.97,3.97,3.97,3.97,3.97,3.97,0,,False,False,True,,,,,,,,,,,,,,,False,False,18.618,,85.4,,75.7,,85.4,,1762,50,8,16,7,141751.7,18900.22,,Idle,,20,,10,,,20,Go Home,False,False,False,False,False,False,False,False,False,False,False,False,33.8027920380556,-117.4659261431046,933.8,2972.0,1049.4,396.9,True,1,1,False,False,False,False,,True,False,False,Course Lock,196.8,67,16.4,93,E,S,7.38,7.38,Calm,False,False,Android,7.0.2,M300 RTK,1ZN7L4R0H1D00F,1W9DL31001461C,1ZMLH8300204F0,1Z6PH74DAP0QN7,"Corona, CA",728.3,5.7,137.7,8.547347,2.013246,0,0,DJI Matrice 300 RTK,M300 RTK,1ZN7L4R0H1D00F,1W9DL31001461C,1ZMLH8300204F0,1Z6PH74DAP0QN7,DJI Pilot,Android,7.0.2,1EF72A62-B7C3-C88D-164E-CE6F8C8424AE,1ZN7L4R0H1D00F,1W9DL31001461C,,1ZMLH8300204F0,1W9DL31001461C,,,,,
2023-11-01,11:26:45.64 AM,2m 23.3s,143.3,33.8010644962451,-117.4682021418011,80.7,80.7,15.4,1344,978.1,4.926349,6.085134,-0.223694,0,-4.921268,1.342164,-0.447388,0,1.4,0,1.4,-94,266,265.8,Tripod,Other,,21,5,True,,True,False,,Smart,RC,False,True,False,,,True,,False,False,False,False,False,False,False,False,False,False,0,Follow Yaw,-88.9,0,-102.7,257.3,False,False,False,False,False,,0,0,False,False,No Card,100,100,1024,1302,1305,1024,2,False,False,False,False,False,0,False,False,False,False,92,,47.652,,9240,,10044,,47.652,,True,3.967,3.967,3.967,3.967,3.967,3.967,3.967,3.967,3.967,3.967,3.967,3.967,0,,False,False,True,,,,,,,,,,,,,,,False,False,18.618,,85.4,,75.7,,85.4,,1761,50,8,16,7,141584.0,18877.87,,Idle,,20,,10,,,20,Go Home,False,False,False,False,False,False,False,False,False,False,False,False,33.8027920380556,-117.4659261431046,934.4,2972.0,1049.4,396.9,True,1,1,False,False,False,False,,True,False,False,Course Lock,196.8,67,16.4,93,E,S,7.38,7.38,Calm,False,False,Android,7.0.2,M300 RTK,1ZN7L4R0H1D00F,1W9DL31001461C,1ZMLH8300204F0,1Z6PH74DAP0QN7,"Corona, CA",728.3,5.7,137.7,8.547347,2.013246,0,0,DJI Matrice 300 RTK,M300 RTK,1ZN7L4R0H1D00F,1W9DL31001461C,1ZMLH8300204F0,1Z6PH74DAP0QN7,DJI Pilot,Android,7.0.2,1EF72A62-B7C3-C88D-164E-CE6F8C8424AE,1ZN7L4R0H1D00F,1W9DL31001461C,,1ZMLH8300204F0,1W9DL31001461C,,,,,
2023-11-01,11:26:45.74 AM,2m 23.4s,143.4,33.8010643312194,-117.4682046619677,81.0,81.0,15.4,1345,978.8,4.926349,6.085134,-0.223694,0,-4.921268,1.342164,-0.447388,0,1.3,0,1.3,-94,266,265.4,Tripod,Other,,21,5,True,,True,False,,Smart,RC,False,True,False,,,True,,False,False,False,False,False,False,False,False,False,False,0,Follow Yaw,-88.9,0,-102.7,257.3,False,False,False,False,False,,0,0,False,False,No Card,100,100,1024,1305,1303,1024,2,False,False,False,False,False,0,False,False,False,False,92,,47.652,,9240,,10044,,47.652,,True,3.967,3.967,3.967,3.967,3.967,3.967,3.967,3.967,3.967,3.967,3.967,3.967,0,,False,False,True,,,,,,,,,,,,,,,False,False,18.618,,85.4,,75.7,,85.4,,1761,50,8,16,7,141584.0,18877.87,,Idle,,20,,10,,,20,Go Home,False,False,False,False,False,False,False,False,False,False,False,False,33.8027920380556,-117.4659261431046,935.0,2972.0,1049.4,396.9,True,1,1,False,False,False,False,,True,False,False,Course Lock,196.8,67,16.4,93,E,S,7.38,7.38,Calm,False,False,Android,7.0.2,M300 RTK,1ZN7L4R0H1D00F,1W9DL31001461C,1ZMLH8300204F0,1Z6PH74DAP0QN7,"Corona, CA",728.3,5.7,137.7,8.547347,2.013246,0,0,DJI Matrice 300 RTK,M300 RTK,1ZN7L4R0H1D00F,1W9DL31001461C,1ZMLH8300204F0,1Z6PH74DAP0QN7,DJI Pilot,Android,7.0.2,1EF72A62-B7C3-C88D-164E-CE6F8C8424AE,1ZN7L4R0H1D00F,1W9DL31001461C,,1ZMLH8300204F0,1W9DL31001461C,,,,,
2023-11-01,11:26:45.84 AM,2m 23.5s,143.5,33.8010641919617,-117.468207085154,81.0,81.0,15.4,1345,979.6,4.926349,6.085134,-0.223694,0,-4.921268,1.342164,-0.447388,0,1.4,0.2,1.4,-93.9,266.1,266.0,Tripod,Other,,21,5,True,,True,False,,Smart,RC,False,True,False,,,True,,False,False,False,False,False,False,False,False,False,False,0,Follow Yaw,-88.9,0,-102.7,257.3,False,False,False,False,False,,0,0,False,False,No Card,100,100,1024,1305,1296,1034,2,False,False,False,False,False,0,False,False,False,False,92,,47.652,,9240,,10044,,47.652,,True,3.967,3.967,3.967,3.967,3.967,3.967,3.967,3.967,3.967,3.967,3.967,3.967,0,,False,False,True,,,,,,,,,,,,,,,False,False,18.618,,85.4,,75.7,,85.4,,1761,50,8,16,7,141584.0,18877.87,,Idle,,20,,10,,,20,Go Home,False,False,False,False,False,False,False,False,False,False,False,False,33.8027920380556,-117.4659261431046,935.6,2972.0,1049.4,396.9,True,1,1,False,False,False,False,,True,False,False,Course Lock,196.8,67,16.4,93,E,S,7.38,7.38,Calm,False,False,Android,7.0.2,M300 RTK,1ZN7L4R0H1D00F,1W9DL31001461C,1ZMLH8300204F0,1Z6PH74DAP0QN7,"Corona, CA",728.3,5.7,137.7,8.547347,2.013246,0,0,DJI Matrice 300 RTK,M300 RTK,1ZN7L4R0H1D00F,1W9DL31001461C,1ZMLH8300204F0,1Z6PH74DAP0QN7,DJI Pilot,Android,7.0.2,1EF72A62-B7C3-C88D-164E-CE6F8C8424AE,1ZN7L4R0H1D00F,1W9DL31001461C,,1ZMLH8300204F0,1W9DL31001461C,,,,,
2023-11-01,11:26:45.94 AM,2m 23.6s,143.6,33.8010640340633,-117.4682096053205,81.0,81.0,15.4,1345,980.3,4.926349,6.085134,-0.223694,0,-4.921268,1.342164,-0.447388,0,1.5,0.4,1.5,-93.9,266.1,265.6,Tripod,Other,,21,5,True,,True,False,,Smart,RC,False,True,False,,,True,,False,False,False,False,False,False,False,False,False,False,0,Follow Yaw,-88.9,0,-102.7,257.3,False,False,False,False,False,,0,0,False,False,No Card,100,100,1024,1304,1277,1147,2,False,False,False,False,False,0,False,False,False,False,92,,47.652,,9240,,10044,,47.652,,True,3.967,3.967,3.967,3.967,3.967,3.967,3.967,3.967,3.967,3.967,3.967,3.967,0,,False,False,True,,,,,,,,,,,,,,,False,False,18.618,,85.4,,75.7,,85.4,,1761,50,8,16,7,141584.0,18877.87,,Idle,,20,,10,,,20,Go Home,False,False,False,False,False,False,False,False,False,False,False,False,33.8027920380556,-117.4659261431046,936.2,2972.0,1049.4,396.9,True,1,1,False,False,False,False,,True,False,False,Course Lock,196.8,67,16.4,93,E,S,7.38,7.38,Calm,False,False,Android,7.0.2,M300 RTK,1ZN7L4R0H1D00F,1W9DL31001461C,1ZMLH8300204F0,1Z6PH74DAP0QN7,"Corona, CA",728.3,5.7,137.7,8.547347,2.013246,0,0,DJI Matrice 300 RTK,M300 RTK,1ZN7L4R0H1D00F,1W9DL31001461C,1ZMLH8300204F0,1Z6PH74DAP0QN7,DJI Pilot,Android,7.0.2,1EF72A62-B7C3-C88D-164E-CE6F8C8424AE,1ZN7L4R0H1D00F,1W9DL31001461C,,1ZMLH8300204F0,1W9DL31001461C,,,,,
2023-11-01,11:26:46.04 AM,2m 23.7s,143.7,33.8010637708993,-117.4682122204882,81.0,81.0,15.7,1345,981.1,4.926349,6.085134,-0.223694,0,-4.921268,1.342164,-0.447388,0,1.4,0.6,1.5,-94,266,263.0,Tripod,Other,,21,5,True,,True,False,,Smart,RC,False,True,False,,,True,,False,False,False,False,False,False,False,False,False,False,0,Follow Yaw,-88.9,0,-102.6,257.4,False,False,False,False,False,,0,0,False,False,No Card,100,100,1024,1304,1277,1147,2,False,False,False,False,False,0,False,False,False,False,92,,47.592,,4587,,4986,,47.592,,True,3.967,3.967,3.967,3.967,3.967,3.967,3.967,3.967,3.967,3.967,3.967,3.967,0,,False,False,True,,,,,,,,,,,,,,,False,False,9.204,,84.5,,75.7,,85.4,,1761,50,8,16,7,141584.0,18877.87,,Idle,,20,,10,,,20,Go Home,False,False,False,False,False,False,False,False,False,False,False,False,33.8027920380556,-117.4659261431046,936.9,2972.0,1049.4,396.9,True,1,1,False,False,False,False,,True,False,False,Course Lock,196.8,67,16.4,93,E,S,7.38,7.38,Calm,False,False,Android,7.0.2,M300 RTK,1ZN7L4R0H1D00F,1W9DL31001461C,1ZMLH8300204F0,1Z6PH74DAP0QN7,"Corona, CA",728.3,5.7,137.7,8.547347,2.013246,0,0,DJI Matrice 300 RTK,M300 RTK,1ZN7L4R0H1D00F,1W9DL31001461C,1ZMLH8300204F0,1Z6PH74DAP0QN7,DJI Pilot,Android,7.0.2,1EF72A62-B7C3-C88D-164E-CE6F8C8424AE,1ZN7L4R0H1D00F,1W9DL31001461C,,1ZMLH8300204F0,1W9DL31001461C,,,,,
2023-11-01,11:26:46.14 AM,2m 23.8s,143.8,33.80106361958,-117.4682147406547,81.3,81.3,15.7,1345,981.9,4.926349,6.085134,-0.223694,0,-4.921268,1.342164,-0.447388,0,1.3,0.9,1.5,-94,266,265.8,Tripod,Other,,22,5,True,,True,False,,Smart,RC,False,True,False,,,True,,False,False,False,False,False,False,False,False,False,False,0,Follow Yaw,-88.9,0,-102.4,257.6,False,False,False,False,False,,0,0,False,False,No Card,100,100,1024,1305,1278,1124,2,False,False,False,False,False,0,False,False,False,False,92,,47.592,,4587,,4986,,47.592,,True,3.967,3.967,3.967,3.967,3.967,3.967,3.967,3.967,3.967,3.967,3.967,3.967,0,,False,False,True,,,,,,,,,,,,,,,False,False,9.204,,84.5,,75.7,,85.4,,1761,50,8,16,7,141584.0,18877.87,,Idle,,20,,10,,,20,Go Home,False,False,False,False,False,False,False,False,False,False,False,False,33.8027920380556,-117.4659261431046,937.5,2972.0,1049.4,396.9,True,1,1,False,False,False,False,,True,False,False,Course Lock,196.8,67,16.4,93,E,S,7.38,7.38,Calm,False,False,Android,7.0.2,M300 RTK,1ZN7L4R0H1D00F,1W9DL31001461C,1ZMLH8300204F0,1Z6PH74DAP0QN7,"Corona, CA",728.3,5.7,137.7,8.547347,2.013246,0,0,DJI Matrice 300 RTK,M300 RTK,1ZN7L4R0H1D00F,1W9DL31001461C,1ZMLH8300204F0,1Z6PH74DAP0QN7,DJI Pilot,Android,7.0.2,1EF72A62-B7C3-C88D-164E-CE6F8C8424AE,1ZN7L4R0H1D00F,1W9DL31001461C,,1ZMLH8300204F0,1W9DL31001461C,,,,,
2023-11-01,11:26:46.24 AM,2m 23.9s,143.9,33.8010635543373,-117.4682174996433,81.3,81.3,15.7,1345,982.7,4.926349,6.085134,-0.223694,0,-4.921268,1.342164,-0.447388,0,1.2,0.9,1.5,-94,266,268.3,Tripod,Other,,22,5,True,,True,False,,Smart,RC,False,True,False,,,True,,False,False,False,False,False,False,False,False,False,False,0,Follow Yaw,-88.9,0,-102.2,257.8,False,False,False,False,False,,0,0,False,False,No Card,100,100,1024,1305,1280,1099,2,False,False,False,False,False,0,False,False,False,False,92,,47.592,,4587,,4986,,47.592,,True,3.967,3.967,3.967,3.967,3.967,3.967,3.967,3.967,3.967,3.967,3.967,3.967,0,,False,False,True,,,,,,,,,,,,,,,False,False,9.204,,84.5,,75.7,,85.4,,1761,50,8,16,7,141584.0,18877.87,,Idle,,20,,10,,,20,Go Home,False,False,False,False,False,False,False,False,False,False,False,False,33.8027920380556,-117.4659261431046,938.1,2972.0,1049.4,396.9,True,1,1,False,False,False,False,,True,False,False,Course Lock,196.8,67,16.4,93,E,S,7.38,7.38,Calm,False,False,Android,7.0.2,M300 RTK,1ZN7L4R0H1D00F,1W9DL31001461C,1ZMLH8300204F0,1Z6PH74DAP0QN7,"Corona, CA",728.3,5.7,137.7,8.547347,2.013246,0,0,DJI Matrice 300 RTK,M300 RTK,1ZN7L4R0H1D00F,1W9DL31001461C,1ZMLH8300204F0,1Z6PH74DAP0QN7,DJI Pilot,Android,7.0.2,1EF72A62-B7C3-C88D-164E-CE6F8C8424AE,1ZN7L4R0H1D00F,1W9DL31001461C,,1ZMLH8300204F0,1W9DL31001461C,,,,,
2023-11-01,11:26:46.34 AM,2m 24.0s,144.0,33.8010634353652,-117.468220046199,81.3,81.3,15.7,1345,983.5,4.926349,6.085134,-0.223694,0,-4.921268,1.342164,-0.447388,0,1.1,0.7,1.3,-93.9,266.1,266.7,Tripod,Other,,22,5,True,,True,False,,Smart,RC,False,True,False,,,True,,False,False,False,False,False,False,False,False,False,False,0,Follow Yaw,-88.9,0,-102,258,False,False,False,False,False,,0,0,False,False,No Card,100,100,1024,1305,1285,1079,2,False,False,False,False,False,0,False,False,False,False,92,,47.64,,9240,,10044,,47.64,,True,3.967,3.967,3.967,3.967,3.967,3.967,3.967,3.967,3.967,3.967,3.967,3.967,0,,False,False,True,,,,,,,,,,,,,,,False,False,18.886,,85.6,,75.7,,85.6,,1761,50,8,16,7,141584.0,18877.87,,Idle,,20,,10,,,20,Go Home,False,False,False,False,False,False,False,False,False,False,False,False,33.8027920380556,-117.4659261431046,938.7,2972.0,1049.4,396.9,True,1,1,False,False,False,False,,True,False,False,Course Lock,196.8,67,16.4,93,E,S,7.38,7.38,Calm,False,False,Android,7.0.2,M300 RTK,1ZN7L4R0H1D00F,1W9DL31001461C,1ZMLH8300204F0,1Z6PH74DAP0QN7,"Corona, CA",728.3,5.7,137.7,8.547347,2.013246,0,0,DJI Matrice 300 RTK,M300 RTK,1ZN7L4R0H1D00F,1W9DL31001461C,1ZMLH8300204F0,1Z6PH74DAP0QN7,DJI Pilot,Android,7.0.2,1EF72A62-B7C3-C88D-164E-CE6F8C8424AE,1ZN7L4R0H1D00F,1W9DL31001461C,,1ZMLH8300204F0,1W9DL31001461C,,,,,
2023-11-01,11:26:46.44 AM,2m 24.1s,144.1,33.8010631957763,-117.4682222985154,81.3,81.3,15.7,1345,984.2,4.926349,6.085134,-0.223694,0,-4.921268,1.342164,-0.447388,0,1.1,0.4,1.1,-93.8,266.2,262.7,Tripod,Other,,22,5,True,,True,False,,Smart,RC,False,True,False,,,True,,False,False,False,False,False,False,False,False,False,False,0,Follow Yaw,-88.9,0,-101.9,258.1,False,False,False,False,False,,0,0,False,False,No Card,100,100,1024,1305,1285,1078,2,False,False,False,False,False,0,False,False,False,False,92,,47.64,,9240,,10044,,47.64,,True,3.967,3.967,3.967,3.967,3.967,3.967,3.967,3.967,3.967,3.967,3.967,3.967,0,,False,False,True,,,,,,,,,,,,,,,False,False,18.886,,85.6,,75.7,,85.6,,1761,50,8,16,7,141584.0,18877.87,,Idle,,20,,10,,,20,Go Home,False,False,False,False,False,False,False,False,False,False,False,False,33.8027920380556,-117.4659261431046,939.3,2972.0,1049.4,396.9,True,1,1,False,False,False,False,,True,False,False,Course Lock,196.8,67,16.4,93,E,S,7.38,7.38,Calm,False,False,Android,7.0.2,M300 RTK,1ZN7L4R0H1D00F,1W9DL31001461C,1ZMLH8300204F0,1Z6PH74DAP0QN7,"Corona, CA",728.3,5.7,137.7,8.547347,2.013246,0,0,DJI Matrice 300 RTK,M300 RTK,1ZN7L4R0H1D00F,1W9DL31001461C,1ZMLH8300204F0,1Z6PH74DAP0QN7,DJI Pilot,Android,7.0.2,1EF72A62-B7C3-C88D-164E-CE6F8C8424AE,1ZN7L4R0H1D00F,1W9DL31001461C,,1ZMLH8300204F0,1W9DL31001461C,,,,,
2023-11-01,11:26:46.54 AM,2m 24.2s,144.2,33.8010630751595,-117.4682248325363,81.6,81.6,15.7,1345,985.0,4.926349,6.085134,-0.223694,0,-4.921268,1.342164,-0.447388,0,1.2,0.1,1.2,-93.7,266.3,266.7,Tripod,Other,,22,5,True,,True,False,,Smart,RC,False,True,False,,,True,,False,False,False,False,False,False,False,False,False,False,0,Follow Yaw,-88.9,0,-101.9,258.1,False,False,False,False,False,,0,0,False,False,No Card,100,100,1024,1305,1287,1076,2,False,False,False,False,False,0,False,False,False,False,92,,47.64,,9240,,10044,,47.64,,True,3.967,3.967,3.967,3.967,3.967,3.967,3.967,3.967,3.967,3.967,3.967,3.967,0,,False,False,True,,,,,,,,,,,,,,,False,False,18.886,,85.6,,75.7,,85.6,,1761,50,8,16,7,141584.0,18877.87,,Idle,,20,,10,,,20,Go Home,False,False,False,False,False,False,False,False,False,False,False,False,33.8027920380556,-117.4659261431046,939.9,2972.0,1049.4,396.9,True,1,1,False,False,False,False,,True,False,False,Course Lock,196.8,67,16.4,93,E,S,7.38,7.38,Calm,False,False,Android,7.0.2,M300 RTK,1ZN7L4R0H1D00F,1W9DL31001461C,1ZMLH8300204F0,1Z6PH74DAP0QN7,"Corona, CA",728.3,5.7,137.7,8.547347,2.013246,0,0,DJI Matrice 300 RTK,M300 RTK,1ZN7L4R0H1D00F,1W9DL31001461C,1ZMLH8300204F0,1Z6PH74DAP0QN7,DJI Pilot,Android,7.0.2,1EF72A62-B7C3-C88D-164E-CE6F8C8424AE,1ZN7L4R0H1D00F,1W9DL31001461C,,1ZMLH8300204F0,1W9DL31001461C,,,,,
2023-11-01,11:26:46.61 AM,2m 24.3s,144.3,33.8010631283405,-117.4682276185738,81.6,81.6,15.7,1345,985.8,4.926349,6.085134,-0.223694,0,-4.921268,1.342164,-0.447388,0,1.4,0,1.4,-93.6,266.4,271.3,Tripod,Other,,22,5,True,,True,False,,Smart,RC,False,True,False,,,True,,False,False,False,False,False,False,False,False,False,False,0,Follow Yaw,-88.9,0,-101.8,258.2,False,False,False,False,False,,0,0,False,False,No Card,100,100,1024,1305,1286,1076,2,False,False,False,False,False,0,False,False,False,False,92,,47.64,,9240,,10044,,47.64,,True,3.97,3.97,3.97,3.97,3.97,3.97,3.97,3.97,3.97,3.97,3.97,3.97,0,,False,False,True,,,,,,,,,,,,,,,False,False,18.886,,85.6,,75.7,,85.6,,1761,50,8,16,7,141395.9,18852.79,,Idle,,20,,10,,,20,Go Home,False,False,False,False,False,False,False,False,False,False,False,False,33.8027920380556,-117.4659261431046,940.5,2972.0,1049.4,396.9,True,1,1,False,False,False,False,,True,False,False,Course Lock,196.8,67,16.4,93,E,S,7.38,7.38,Calm,False,False,Android,7.0.2,M300 RTK,1ZN7L4R0H1D00F,1W9DL31001461C,1ZMLH8300204F0,1Z6PH74DAP0QN7,"Corona, CA",728.3,5.7,137.7,8.547347,2.013246,0,0,DJI Matrice 300 RTK,M300 RTK,1ZN7L4R0H1D00F,1W9DL31001461C,1ZMLH8300204F0,1Z6PH74DAP0QN7,DJI Pilot,Android,7.0.2,1EF72A62-B7C3-C88D-164E-CE6F8C8424AE,1ZN7L4R0H1D00F,1W9DL31001461C,,1ZMLH8300204F0,1W9DL31001461C,,,,,
2023-11-01,11:26:46.72 AM,2m 24.4s,144.4,33.801063029654,-117.4682301677684,81.6,81.6,15.7,1345,986.6,4.926349,6.085134,-0.223694,0,-4.921268,1.342164,-0.447388,0,1.6,0.1,1.6,-93.5,266.5,267.3,Tripod,Other,,22,5,True,,True,False,,Smart,RC,False,True,False,,,True,,False,False,False,False,False,False,False,False,False,False,0,Follow Yaw,-88.9,0,-101.8,258.2,False,False,False,False,False,,0,0,False,False,No Card,100,100,1024,1307,1286,1077,2,False,False,False,False,False,0,False,False,False,False,92,,47.64,,9240,,10044,,47.64,,True,3.97,3.97,3.97,3.97,3.97,3.97,3.97,3.97,3.97,3.97,3.97,3.97,0,,False,False,True,,,,,,,,,,,,,,,False,False,18.886,,85.6,,75.7,,85.6,,1761,50,8,16,7,141395.9,18852.79,,Idle,,20,,10,,,20,Go Home,False,False,False,False,False,False,False,False,False,False,False,False,33.8027920380556,-117.4659261431046,941.1,2972.0,1049.4,396.9,True,1,1,False,False,False,False,,True,False,False,Course Lock,196.8,67,16.4,93,E,S,7.38,7.38,Calm,False,False,Android,7.0.2,M300 RTK,1ZN7L4R0H1D00F,1W9DL31001461C,1ZMLH8300204F0,1Z6PH74DAP0QN7,"Corona, CA",728.3,5.7,137.7,8.547347,2.013246,0,0,DJI Matrice 300 RTK,M300 RTK,1ZN7L4R0H1D00F,1W9DL31001461C,1ZMLH8300204F0,1Z6PH74DAP0QN7,DJI Pilot,Android,7.0.2,1EF72A62-B7C3-C88D-164E-CE6F8C8424AE,1ZN7L4R0H1D00F,1W9DL31001461C,,1ZMLH8300204F0,1W9DL31001461C,,,,,
2023-11-01,11:26:46.82 AM,2m 24.5s,144.5,33.8010628262502,-117.468232436578,82.0,82.0,15.7,1346,987.3,4.926349,6.085134,-0.223694,0,-4.921268,1.342164,-0.447388,0,1.7,0.1,1.7,-93.5,266.5,263.8,Tripod,Other,,22,5,True,,True,False,,Smart,RC,False,True,False,,,True,,False,False,False,False,False,False,False,False,False,False,0,Follow Yaw,-88.9,0,-101.7,258.3,False,False,False,False,False,,0,0,False,False,No Card,100,100,1024,1307,1286,1077,2,False,False,False,False,False,0,False,False,False,False,92,,47.64,,9240,,10044,,47.64,,True,3.97,3.97,3.97,3.97,3.97,3.97,3.97,3.97,3.97,3.97,3.97,3.97,0,,False,False,True,,,,,,,,,,,,,,,False,False,18.886,,85.6,,75.7,,85.6,,1761,50,8,16,7,141395.9,18852.79,,Idle,,20,,10,,,20,Go Home,False,False,False,False,False,False,False,False,False,False,False,False,33.8027920380556,-117.4659261431046,941.6,2972.0,1049.4,396.9,True,1,1,False,False,False,False,,True,False,False,Course Lock,196.8,67,16.4,93,E,S,7.38,7.38,Calm,False,False,Android,7.0.2,M300 RTK,1ZN7L4R0H1D00F,1W9DL31001461C,1ZMLH8300204F0,1Z6PH74DAP0QN7,"Corona, CA",728.3,5.7,137.7,8.547347,2.013246,0,0,DJI Matrice 300 RTK,M300 RTK,1ZN7L4R0H1D00F,1W9DL31001461C,1ZMLH8300204F0,1Z6PH74DAP0QN7,DJI Pilot,Android,7.0.2,1EF72A62-B7C3-C88D-164E-CE6F8C8424AE,1ZN7L4R0H1D00F,1W9DL31001461C,,1ZMLH8300204F0,1W9DL31001461C,,,,,
2023-11-01,11:26:46.94 AM,2m 24.6s,144.6,33.8010627281119,-117.4682349461889,82.0,82.0,15.7,1346,988.1,4.926349,6.085134,-0.223694,0,-4.921268,1.342164,-0.447388,0,1.7,0,1.7,-93.4,266.6,267.3,Tripod,Other,,22,5,True,,True,False,,Smart,RC,False,True,False,,,True,,False,False,False,False,False,False,False,False,False,False,0,Follow Yaw,-88.9,0,-101.6,258.4,False,False,False,False,False,,0,0,False,False,No Card,100,100,1024,1306,1288,1082,2,False,False,False,False,False,0,False,False,False,False,92,,47.64,,9240,,10044,,47.64,,True,3.97,3.97,3.97,3.97,3.97,3.97,3.97,3.97,3.97,3.97,3.97,3.97,0,,False,False,True,,,,,,,,,,,,,,,False,False,18.886,,85.6,,75.7,,85.6,,1761,50,8,16,7,141395.9,18852.79,,Idle,,20,,10,,,20,Go Home,False,False,False,False,False,False,False,False,False,False,False,False,33.8027920380556,-117.4659261431046,942.2,2972.0,1049.4,396.9,True,1,1,False,False,False,False,,True,False,False,Course Lock,196.8,67,16.4,93,E,S,7.38,7.38,Calm,False,False,Android,7.0.2,M300 RTK,1ZN7L4R0H1D00F,1W9DL31001461C,1ZMLH8300204F0,1Z6PH74DAP0QN7,"Corona, CA",728.3,5.7,137.7,8.547347,2.013246,0,0,DJI Matrice 300 RTK,M300 RTK,1ZN7L4R0H1D00F,1W9DL31001461C,1ZMLH8300204F0,1Z6PH74DAP0QN7,DJI Pilot,Android,7.0.2,1EF72A62-B7C3-C88D-164E-CE6F8C8424AE,1ZN7L4R0H1D00F,1W9DL31001461C,,1ZMLH8300204F0,1W9DL31001461C,,,,,
2023-11-01,11:26:47.02 AM,2m 24.7s,144.7,33.8010626716413,-117.4682375343075,82.0,82.0,16.0,1346,988.8,4.921268,6.085134,0,0,-4.921268,1.342164,-0.447388,0,1.5,0,1.5,-93.4,266.6,268.4,Tripod,Other,,22,5,True,,True,False,,Smart,RC,False,True,False,,,True,,False,False,False,False,False,False,False,False,False,False,0,Follow Yaw,-88.9,0,-101.5,258.5,False,False,False,False,False,,0,0,False,False,No Card,100,100,1024,1305,1287,1097,2,False,False,False,False,False,0,False,False,False,False,92,,47.64,,9240,,10044,,47.64,,True,3.97,3.97,3.97,3.97,3.97,3.97,3.97,3.97,3.97,3.97,3.97,3.97,0,,False,False,True,,,,,,,,,,,,,,,False,False,18.886,,85.6,,75.7,,85.6,,1761,50,8,16,7,141395.9,18852.79,,Idle,,20,,10,,,20,Go Home,False,False,False,False,False,False,False,False,False,False,False,False,33.8027920380556,-117.4659261431046,942.8,2972.0,1049.4,396.9,True,1,1,False,False,False,False,,True,False,False,Course Lock,196.8,67,16.4,93,E,S,7.38,7.38,Calm,False,False,Android,7.0.2,M300 RTK,1ZN7L4R0H1D00F,1W9DL31001461C,1ZMLH8300204F0,1Z6PH74DAP0QN7,"Corona, CA",728.3,5.7,137.7,8.547347,2.013246,0,0,DJI Matrice 300 RTK,M300 RTK,1ZN7L4R0H1D00F,1W9DL31001461C,1ZMLH8300204F0,1Z6PH74DAP0QN7,DJI Pilot,Android,7.0.2,1EF72A62-B7C3-C88D-164E-CE6F8C8424AE,1ZN7L4R0H1D00F,1W9DL31001461C,,1ZMLH8300204F0,1W9DL31001461C,,,,,
2023-11-01,11:26:47.12 AM,2m 24.8s,144.8,33.8010625762444,-117.4682400412795,82.0,82.0,15.7,1346,989.6,4.921268,6.085134,0,0,-4.921268,1.342164,-0.447388,0,1.4,0,1.4,-93.2,266.8,267.3,Tripod,Other,,22,5,True,,True,False,,Smart,RC,False,True,False,,,True,,False,False,False,False,False,False,False,False,False,False,0,Follow Yaw,-88.9,0,-101.4,258.6,False,False,False,False,False,,0,0,False,False,No Card,100,100,1024,1307,1276,1149,2,False,False,False,False,False,0,False,False,False,False,92,,47.64,,9240,,10044,,47.64,,True,3.97,3.97,3.97,3.97,3.97,3.97,3.97,3.97,3.97,3.97,3.97,3.97,0,,False,False,True,,,,,,,,,,,,,,,False,False,18.886,,85.6,,75.7,,85.6,,1761,50,8,16,7,141395.9,18852.79,,Idle,,20,,10,,,20,Go Home,False,False,False,False,False,False,False,False,False,False,False,False,33.8027920380556,-117.4659261431046,943.4,2972.0,1049.4,396.9,True,1,1,False,False,False,False,,True,False,False,Course Lock,196.8,67,16.4,93,E,S,7.38,7.38,Calm,False,False,Android,7.0.2,M300 RTK,1ZN7L4R0H1D00F,1W9DL31001461C,1ZMLH8300204F0,1Z6PH74DAP0QN7,"Corona, CA",728.3,5.7,137.7,8.547347,2.013246,0,0,DJI Matrice 300 RTK,M300 RTK,1ZN7L4R0H1D00F,1W9DL31001461C,1ZMLH8300204F0,1Z6PH74DAP0QN7,DJI Pilot,Android,7.0.2,1EF72A62-B7C3-C88D-164E-CE6F8C8424AE,1ZN7L4R0H1D00F,1W9DL31001461C,,1ZMLH8300204F0,1W9DL31001461C,,,,,
2023-11-01,11:26:47.23 AM,2m 24.9s,144.9,33.8010625142912,-117.4682424446738,82.0,82.0,15.7,1346,990.3,4.921268,6.085134,0,0,-4.921268,1.342164,-0.447388,0,1.3,0.3,1.3,-93.1,266.9,268.2,Tripod,Other,,22,5,True,,True,False,,Smart,RC,False,True,False,,,True,,False,False,False,False,False,False,False,False,False,False,0,Follow Yaw,-88.9,0,-101.3,258.7,False,False,False,False,False,,0,0,False,False,No Card,100,100,1024,1308,1272,1156,2,False,False,False,False,False,0,False,False,False,False,92,,47.64,,9240,,10044,,47.64,,True,3.97,3.97,3.97,3.97,3.97,3.97,3.97,3.97,3.97,3.97,3.97,3.97,0,,False,False,True,,,,,,,,,,,,,,,False,False,18.886,,85.6,,75.7,,85.6,,1761,50,8,16,7,141395.9,18852.79,,Idle,,20,,10,,,20,Go Home,False,False,False,False,False,False,False,False,False,False,False,False,33.8027920380556,-117.4659261431046,944.0,2972.0,1049.4,396.9,True,1,1,False,False,False,False,,True,False,False,Course Lock,196.8,67,16.4,93,E,S,7.38,7.38,Calm,False,False,Android,7.0.2,M300 RTK,1ZN7L4R0H1D00F,1W9DL31001461C,1ZMLH8300204F0,1Z6PH74DAP0QN7,"Corona, CA",728.3,5.7,137.7,8.547347,2.013246,0,0,DJI Matrice 300 RTK,M300 RTK,1ZN7L4R0H1D00F,1W9DL31001461C,1ZMLH8300204F0,1Z6PH74DAP0QN7,DJI Pilot,Android,7.0.2,1EF72A62-B7C3-C88D-164E-CE6F8C8424AE,1ZN7L4R0H1D00F,1W9DL31001461C,,1ZMLH8300204F0,1W9DL31001461C,,,,,
2023-11-01,11:26:47.34 AM,2m 25.0s,145.0,33.801062435342,-117.4682449384512,82.3,82.3,15.7,1346,991.1,4.921268,6.085134,0,0,-4.921268,1.342164,-0.447388,0,1.2,0.7,1.3,-93.1,266.9,267.8,Tripod,Other,,22,5,True,,True,False,,Smart,RC,False,True,False,,,True,,False,False,False,False,False,False,False,False,False,False,0,Follow Yaw,-88.9,0,-100.9,259.1,False,False,False,False,False,,0,0,False,False,No Card,100,100,1024,1309,1272,1158,2,False,False,False,False,False,0,False,False,False,False,92,,47.592,,9240,,10044,,47.592,,True,3.97,3.97,3.97,3.97,3.97,3.97,3.97,3.97,3.97,3.97,3.97,3.97,0,,False,False,True,,,,,,,,,,,,,,,False,False,19.034,,85.6,,75.7,,85.6,,1761,50,8,16,7,141395.9,18852.79,,Idle,,20,,10,,,20,Go Home,False,False,False,False,False,False,False,False,False,False,False,False,33.8027920380556,-117.4659261431046,944.5,2972.0,1049.4,396.9,True,1,1,False,False,False,False,,True,False,False,Course Lock,196.8,67,16.4,93,E,S,7.38,7.38,Calm,False,False,Android,7.0.2,M300 RTK,1ZN7L4R0H1D00F,1W9DL31001461C,1ZMLH8300204F0,1Z6PH74DAP0QN7,"Corona, CA",728.3,5.7,137.7,8.547347,2.013246,0,0,DJI Matrice 300 RTK,M300 RTK,1ZN7L4R0H1D00F,1W9DL31001461C,1ZMLH8300204F0,1Z6PH74DAP0QN7,DJI Pilot,Android,7.0.2,1EF72A62-B7C3-C88D-164E-CE6F8C8424AE,1ZN7L4R0H1D00F,1W9DL31001461C,,1ZMLH8300204F0,1W9DL31001461C,,,,,
2023-11-01,11:26:47.44 AM,2m 25.1s,145.1,33.8010623629719,-117.4682474097978,82.3,82.3,16.0,1346,991.8,4.921268,6.085134,0,0,-4.921268,1.342164,-0.447388,0,1.1,0.8,1.3,-93.1,266.9,267.9,Tripod,Other,,22,5,True,,True,False,,Smart,RC,False,True,False,,,True,,False,False,False,False,False,False,False,False,False,False,0,Follow Yaw,-88.9,0,-100.8,259.2,False,False,False,False,False,,0,0,False,False,No Card,100,100,1024,1307,1272,1158,2,False,False,False,False,False,0,False,False,False,False,92,,47.592,,9240,,10044,,47.592,,True,3.97,3.97,3.97,3.97,3.97,3.97,3.97,3.97,3.97,3.97,3.97,3.97,0,,False,False,True,,,,,,,,,,,,,,,False,False,19.034,,85.6,,75.7,,85.6,,1761,50,8,16,7,141395.9,18852.79,,Idle,,20,,10,,,20,Go Home,False,False,False,False,False,False,False,False,False,False,False,False,33.8027920380556,-117.4659261431046,945.1,2972.0,1049.4,396.9,True,1,1,False,False,False,False,,True,False,False,Course Lock,196.8,67,16.4,93,E,S,7.38,7.38,Calm,False,False,Android,7.0.2,M300 RTK,1ZN7L4R0H1D00F,1W9DL31001461C,1ZMLH8300204F0,1Z6PH74DAP0QN7,"Corona, CA",728.3,5.7,137.7,8.547347,2.013246,0,0,DJI Matrice 300 RTK,M300 RTK,1ZN7L4R0H1D00F,1W9DL31001461C,1ZMLH8300204F0,1Z6PH74DAP0QN7,DJI Pilot,Android,7.0.2,1EF72A62-B7C3-C88D-164E-CE6F8C8424AE,1ZN7L4R0H1D00F,1W9DL31001461C,,1ZMLH8300204F0,1W9DL31001461C,,,,,
2023-11-01,11:26:47.54 AM,2m 25.2s,145.2,33.8010623141769,-117.4682498936793,82.3,82.3,15.7,1346,992.6,4.921268,6.085134,0,0,-4.921268,1.342164,-0.447388,0,1,0.8,1.2,-93,267,268.6,Tripod,Other,,22,5,True,,True,False,,Smart,RC,False,True,False,,,True,,False,False,False,False,False,False,False,False,False,False,0,Follow Yaw,-88.9,0,-100.6,259.4,False,False,False,False,False,,0,0,False,False,No Card,100,100,1024,1307,1278,1139,2,False,False,False,False,False,0,False,False,False,False,92,,47.592,,9240,,10044,,47.592,,True,3.97,3.97,3.97,3.97,3.97,3.97,3.97,3.97,3.97,3.97,3.97,3.97,0,,False,False,True,,,,,,,,,,,,,,,False,False,19.034,,85.6,,75.7,,85.6,,1761,50,8,16,7,141395.9,18852.79,,Idle,,20,,10,,,20,Go Home,False,False,False,False,False,False,False,False,False,False,False,False,33.8027920380556,-117.4659261431046,945.7,2972.0,1049.4,396.9,True,1,1,False,False,False,False,,True,False,False,Course Lock,196.8,67,16.4,93,E,S,7.38,7.38,Calm,False,False,Android,7.0.2,M300 RTK,1ZN7L4R0H1D00F,1W9DL31001461C,1ZMLH8300204F0,1Z6PH74DAP0QN7,"Corona, CA",728.3,5.7,137.7,8.547347,2.013246,0,0,DJI Matrice 300 RTK,M300 RTK,1ZN7L4R0H1D00F,1W9DL31001461C,1ZMLH8300204F0,1Z6PH74DAP0QN7,DJI Pilot,Android,7.0.2,1EF72A62-B7C3-C88D-164E-CE6F8C8424AE,1ZN7L4R0H1D00F,1W9DL31001461C,,1ZMLH8300204F0,1W9DL31001461C,,,,,
2023-11-01,11:26:47.64 AM,2m 25.3s,145.3,33.8010622620923,-117.4682524342974,82.6,82.6,16.0,1346,993.4,4.921268,6.085134,0,0,-4.921268,1.342164,-0.447388,0,1,0.5,1.1,-92.8,267.2,268.5,Tripod,Other,,22,5,True,,True,False,,Smart,RC,False,True,False,,,True,,False,False,False,False,False,False,False,False,False,False,0,Follow Yaw,-88.9,0,-100.4,259.6,False,False,False,False,False,,0,0,False,False,No Card,100,100,1024,1307,1278,1139,2,False,False,False,False,False,0,False,False,False,False,92,,47.592,,9240,,10044,,47.592,,True,3.968,3.968,3.968,3.968,3.968,3.968,3.968,3.968,3.968,3.968,3.968,3.968,0,,False,False,True,,,,,,,,,,,,,,,False,False,19.034,,85.6,,75.7,,85.6,,1762,50,8,16,7,141277.1,18836.95,,Idle,,20,,10,,,20,Go Home,False,False,False,False,False,False,False,False,False,False,False,False,33.8027920380556,-117.4659261431046,946.3,2972.0,1049.4,396.9,True,1,1,False,False,False,False,,True,False,False,Course Lock,196.8,67,16.4,93,E,S,7.38,7.38,Calm,False,False,Android,7.0.2,M300 RTK,1ZN7L4R0H1D00F,1W9DL31001461C,1ZMLH8300204F0,1Z6PH74DAP0QN7,"Corona, CA",728.3,5.7,137.7,8.547347,2.013246,0,0,DJI Matrice 300 RTK,M300 RTK,1ZN7L4R0H1D00F,1W9DL31001461C,1ZMLH8300204F0,1Z6PH74DAP0QN7,DJI Pilot,Android,7.0.2,1EF72A62-B7C3-C88D-164E-CE6F8C8424AE,1ZN7L4R0H1D00F,1W9DL31001461C,,1ZMLH8300204F0,1W9DL31001461C,,,,,
2023-11-01,11:26:47.74 AM,2m 25.4s,145.4,33.8010622352277,-117.4682549280748,82.6,82.6,16.0,1346,994.1,4.921268,6.085134,0,0,-4.921268,1.342164,-0.447388,0,1,0.3,1,-92.6,267.4,269.2,Tripod,Other,,22,5,True,,True,False,,Smart,RC,False,True,False,,,True,,False,False,False,False,False,False,False,False,False,False,0,Follow Yaw,-88.9,0,-100.1,259.9,False,False,False,False,False,,0,0,False,False,No Card,100,100,1024,1307,1295,1070,2,False,False,False,False,False,0,False,False,False,False,92,,47.592,,9240,,10044,,47.592,,True,3.968,3.968,3.968,3.968,3.968,3.968,3.968,3.968,3.968,3.968,3.968,3.968,0,,False,False,True,,,,,,,,,,,,,,,False,False,19.034,,85.6,,75.7,,85.6,,1762,50,8,16,7,141277.1,18836.95,,Idle,,20,,10,,,20,Go Home,False,False,False,False,False,False,False,False,False,False,False,False,33.8027920380556,-117.4659261431046,946.8,2972.0,1049.4,396.9,True,1,1,False,False,False,False,,True,False,False,Course Lock,196.8,67,16.4,93,E,S,7.38,7.38,Calm,False,False,Android,7.0.2,M300 RTK,1ZN7L4R0H1D00F,1W9DL31001461C,1ZMLH8300204F0,1Z6PH74DAP0QN7,"Corona, CA",728.3,5.7,137.7,8.547347,2.013246,0,0,DJI Matrice 300 RTK,M300 RTK,1ZN7L4R0H1D00F,1W9DL31001461C,1ZMLH8300204F0,1Z6PH74DAP0QN7,DJI Pilot,Android,7.0.2,1EF72A62-B7C3-C88D-164E-CE6F8C8424AE,1ZN7L4R0H1D00F,1W9DL31001461C,,1ZMLH8300204F0,1W9DL31001461C,,,,,
2023-11-01,11:26:47.85 AM,2m 25.5s,145.5,33.8010621524406,-117.4682572925452,82.6,82.6,16.0,1346,994.8,4.921268,6.085134,0,0,-4.921268,1.342164,-0.447388,0,1,0,1,-92.4,267.6,267.5,Tripod,Other,,22,5,True,,True,False,,Smart,RC,False,True,False,,,True,,False,False,False,False,False,False,False,False,False,False,0,Follow Yaw,-88.9,0,-100,260,False,False,False,False,False,,0,0,False,False,No Card,100,100,1024,1308,1295,1070,2,False,False,False,False,False,0,False,False,False,False,92,,47.592,,9240,,10044,,47.592,,True,3.968,3.968,3.968,3.968,3.968,3.968,3.968,3.968,3.968,3.968,3.968,3.968,0,,False,False,True,,,,,,,,,,,,,,,False,False,19.034,,85.6,,75.7,,85.6,,1762,50,8,16,7,141277.1,18836.95,,Idle,,20,,10,,,20,Go Home,False,False,False,False,False,False,False,False,False,False,False,False,33.8027920380556,-117.4659261431046,947.4,2972.0,1049.4,396.9,True,1,1,False,False,False,False,,True,False,False,Course Lock,196.8,67,16.4,93,E,S,7.38,7.38,Calm,False,False,Android,7.0.2,M300 RTK,1ZN7L4R0H1D00F,1W9DL31001461C,1ZMLH8300204F0,1Z6PH74DAP0QN7,"Corona, CA",728.3,5.7,137.7,8.547347,2.013246,0,0,DJI Matrice 300 RTK,M300 RTK,1ZN7L4R0H1D00F,1W9DL31001461C,1ZMLH8300204F0,1Z6PH74DAP0QN7,DJI Pilot,Android,7.0.2,1EF72A62-B7C3-C88D-164E-CE6F8C8424AE,1ZN7L4R0H1D00F,1W9DL31001461C,,1ZMLH8300204F0,1W9DL31001461C,,,,,
2023-11-01,11:26:47.95 AM,2m 25.6s,145.6,33.8010621316068,-117.4682597856718,82.6,82.6,16.0,1346,995.6,4.921268,6.085134,0,0,-4.921268,1.342164,-0.447388,0,1.2,-0.2,1.2,-92.2,267.8,269.4,Tripod,Other,,22,5,True,,True,False,,Smart,RC,False,True,False,,,True,,False,False,False,False,False,False,False,False,False,False,0,Follow Yaw,-88.9,0,-100,260,False,False,False,False,False,,0,0,False,False,No Card,100,100,1024,1309,1295,1071,2,False,False,False,False,False,0,False,False,False,False,92,,47.592,,9240,,10044,,47.592,,True,3.968,3.968,3.968,3.968,3.968,3.968,3.968,3.968,3.968,3.968,3.968,3.968,0,,False,False,True,,,,,,,,,,,,,,,False,False,19.034,,85.6,,75.7,,85.6,,1762,50,8,16,7,141277.1,18836.95,,Idle,,20,,10,,,20,Go Home,False,False,False,False,False,False,False,False,False,False,False,False,33.8027920380556,-117.4659261431046,948.0,2972.0,1049.4,396.9,True,1,1,False,False,False,False,,True,False,False,Course Lock,196.8,67,16.4,93,E,S,7.38,7.38,Calm,False,False,Android,7.0.2,M300 RTK,1ZN7L4R0H1D00F,1W9DL31001461C,1ZMLH8300204F0,1Z6PH74DAP0QN7,"Corona, CA",728.3,5.7,137.7,8.547347,2.013246,0,0,DJI Matrice 300 RTK,M300 RTK,1ZN7L4R0H1D00F,1W9DL31001461C,1ZMLH8300204F0,1Z6PH74DAP0QN7,DJI Pilot,Android,7.0.2,1EF72A62-B7C3-C88D-164E-CE6F8C8424AE,1ZN7L4R0H1D00F,1W9DL31001461C,,1ZMLH8300204F0,1W9DL31001461C,,,,,
2023-11-01,11:26:48.05 AM,2m 25.7s,145.7,33.8010621244795,-117.4682621996129,83.0,83.0,16.0,1347,996.3,4.921268,6.085134,0,0,-4.921268,1.342164,-0.447388,0,1.3,-0.4,1.3,-92.1,267.9,269.7,Tripod,Other,,22,5,True,,True,False,,Smart,RC,False,True,False,,,True,,False,False,False,False,False,False,False,False,False,False,0,Follow Yaw,-88.9,0,-99.9,260.1,False,False,False,False,False,,0,0,False,False,No Card,100,100,1024,1308,1297,1071,2,False,False,False,False,False,0,False,False,False,False,92,,47.592,,9240,,10044,,47.592,,True,3.968,3.968,3.968,3.968,3.968,3.968,3.968,3.968,3.968,3.968,3.968,3.968,0,,False,False,True,,,,,,,,,,,,,,,False,False,19.034,,85.6,,75.7,,85.6,,1762,50,8,16,7,141277.1,18836.95,,Idle,,20,,10,,,20,Go Home,False,False,False,False,False,False,False,False,False,False,False,False,33.8027920380556,-117.4659261431046,948.5,2972.0,1049.4,396.9,True,1,1,False,False,False,False,,True,False,False,Course Lock,196.8,67,16.4,93,E,S,7.38,7.38,Calm,False,False,Android,7.0.2,M300 RTK,1ZN7L4R0H1D00F,1W9DL31001461C,1ZMLH8300204F0,1Z6PH74DAP0QN7,"Corona, CA",728.3,5.7,137.7,8.547347,2.013246,0,0,DJI Matrice 300 RTK,M300 RTK,1ZN7L4R0H1D00F,1W9DL31001461C,1ZMLH8300204F0,1Z6PH74DAP0QN7,DJI Pilot,Android,7.0.2,1EF72A62-B7C3-C88D-164E-CE6F8C8424AE,1ZN7L4R0H1D00F,1W9DL31001461C,,1ZMLH8300204F0,1W9DL31001461C,,,,,
2023-11-01,11:26:48.16 AM,2m 25.8s,145.8,33.8010621025491,-117.4682646801957,83.0,83.0,16.0,1347,997.1,4.921268,6.085134,0,0,-4.921268,1.342164,-0.447388,0,1.2,-0.4,1.2,-91.9,268.1,269.3,Tripod,Other,,22,5,True,,True,False,,Smart,RC,False,True,False,,,True,,False,False,False,False,False,False,False,False,False,False,0,Follow Yaw,-88.9,0,-99.8,260.2,False,False,False,False,False,,0,0,False,False,No Card,100,100,1024,1308,1297,1069,2,False,False,False,False,False,0,False,False,False,False,92,,47.592,,9240,,10044,,47.592,,True,3.968,3.968,3.968,3.968,3.968,3.968,3.968,3.968,3.968,3.968,3.968,3.968,0,,False,False,True,,,,,,,,,,,,,,,False,False,19.034,,85.6,,75.7,,85.6,,1762,50,8,16,7,141277.1,18836.95,,Idle,,20,,10,,,20,Go Home,False,False,False,False,False,False,False,False,False,False,False,False,33.8027920380556,-117.4659261431046,949.1,2972.0,1049.4,396.9,True,1,1,False,False,False,False,,True,False,False,Course Lock,196.8,67,16.4,93,E,S,7.38,7.38,Calm,False,False,Android,7.0.2,M300 RTK,1ZN7L4R0H1D00F,1W9DL31001461C,1ZMLH8300204F0,1Z6PH74DAP0QN7,"Corona, CA",728.3,5.7,137.7,8.547347,2.013246,0,0,DJI Matrice 300 RTK,M300 RTK,1ZN7L4R0H1D00F,1W9DL31001461C,1ZMLH8300204F0,1Z6PH74DAP0QN7,DJI Pilot,Android,7.0.2,1EF72A62-B7C3-C88D-164E-CE6F8C8424AE,1ZN7L4R0H1D00F,1W9DL31001461C,,1ZMLH8300204F0,1W9DL31001461C,,,,,
2023-11-01,11:26:48.26 AM,2m 25.9s,145.9,33.8010621919152,-117.4682672808492,83.0,83.0,16.0,1347,997.9,4.921268,6.085134,0,0,-4.921268,1.342164,-0.447388,0,1.1,-0.5,1.2,-91.8,268.2,272.3,Tripod,Other,,22,5,True,,True,False,,Smart,RC,False,True,False,,,True,,False,False,False,False,False,False,False,False,False,False,0,Follow Yaw,-88.9,0,-99.8,260.2,False,False,False,False,False,,0,0,False,False,No Card,100,100,1024,1307,1300,1068,2,False,False,False,False,False,0,False,False,False,False,92,,47.592,,9240,,10044,,47.592,,True,3.968,3.968,3.968,3.968,3.968,3.968,3.968,3.968,3.968,3.968,3.968,3.968,0,,False,False,True,,,,,,,,,,,,,,,False,False,19.034,,85.6,,75.7,,85.6,,1762,50,8,16,7,141277.1,18836.95,,Idle,,20,,10,,,20,Go Home,False,False,False,False,False,False,False,False,False,False,False,False,33.8027920380556,-117.4659261431046,949.7,2972.0,1049.4,396.9,True,1,1,False,False,False,False,,True,False,False,Course Lock,196.8,67,16.4,93,E,S,7.38,7.38,Calm,False,False,Android,7.0.2,M300 RTK,1ZN7L4R0H1D00F,1W9DL31001461C,1ZMLH8300204F0,1Z6PH74DAP0QN7,"Corona, CA",728.3,5.7,137.7,8.547347,2.013246,0,0,DJI Matrice 300 RTK,M300 RTK,1ZN7L4R0H1D00F,1W9DL31001461C,1ZMLH8300204F0,1Z6PH74DAP0QN7,DJI Pilot,Android,7.0.2,1EF72A62-B7C3-C88D-164E-CE6F8C8424AE,1ZN7L4R0H1D00F,1W9DL31001461C,,1ZMLH8300204F0,1W9DL31001461C,,,,,
2023-11-01,11:26:48.36 AM,2m 26.0s,146.0,33.8010621688884,-117.4682697746266,83.0,83.0,16.0,1347,998.6,4.921268,6.085134,0,0,-4.921268,1.342164,-0.447388,0,1.1,-0.5,1.2,-91.7,268.3,269.3,Tripod,Other,,22,5,True,,True,False,,Smart,RC,False,True,False,,,True,,False,False,False,False,False,False,False,False,False,False,0,Follow Yaw,-88.9,0,-99.7,260.3,False,False,False,False,False,,0,0,False,False,No Card,100,100,1024,1309,1299,1069,2,False,False,False,False,False,0,False,False,False,False,92,,47.604,,9240,,10044,,47.604,,True,3.968,3.968,3.968,3.968,3.968,3.968,3.968,3.968,3.968,3.968,3.968,3.968,0,,False,False,True,,,,,,,,,,,,,,,False,False,19.182,,85.6,,75.7,,85.6,,1762,50,8,16,7,141277.1,18836.95,,Idle,,20,,10,,,20,Go Home,False,False,False,False,False,False,False,False,False,False,False,False,33.8027920380556,-117.4659261431046,950.2,2972.0,1049.4,396.9,True,1,1,False,False,False,False,,True,False,False,Course Lock,196.8,67,16.4,93,E,S,7.38,7.38,Calm,False,False,Android,7.0.2,M300 RTK,1ZN7L4R0H1D00F,1W9DL31001461C,1ZMLH8300204F0,1Z6PH74DAP0QN7,"Corona, CA",728.3,5.7,137.7,8.547347,2.013246,0,0,DJI Matrice 300 RTK,M300 RTK,1ZN7L4R0H1D00F,1W9DL31001461C,1ZMLH8300204F0,1Z6PH74DAP0QN7,DJI Pilot,Android,7.0.2,1EF72A62-B7C3-C88D-164E-CE6F8C8424AE,1ZN7L4R0H1D00F,1W9DL31001461C,,1ZMLH8300204F0,1W9DL31001461C,,,,,
2023-11-01,11:26:48.47 AM,2m 26.1s,146.1,33.8010620362099,-117.4682723046891,83.3,83.3,16.0,1347,999.4,4.921268,6.085134,0,0,-4.921268,1.342164,-0.447388,0,1.1,-0.6,1.2,-91.6,268.4,266.3,Tripod,Other,,22,5,True,,True,False,,Smart,RC,False,True,False,,,True,,False,False,False,False,False,False,False,False,False,False,0,Follow Yaw,-88.9,0,-99.7,260.3,False,False,False,False,False,,0,0,False,False,No Card,100,100,1024,1309,1298,1069,2,False,False,False,False,False,0,False,False,False,False,92,,47.604,,9240,,10044,,47.604,,True,3.968,3.968,3.968,3.968,3.968,3.968,3.968,3.968,3.968,3.968,3.968,3.968,0,,False,False,True,,,,,,,,,,,,,,,False,False,19.182,,85.6,,75.7,,85.6,,1762,50,8,16,7,141277.1,18836.95,,Idle,,20,,10,,,20,Go Home,False,False,False,False,False,False,False,False,False,False,False,False,33.8027920380556,-117.4659261431046,950.8,2972.0,1049.4,396.9,True,1,1,False,False,False,False,,True,False,False,Course Lock,196.8,67,16.4,93,E,S,7.38,7.38,Calm,False,False,Android,7.0.2,M300 RTK,1ZN7L4R0H1D00F,1W9DL31001461C,1ZMLH8300204F0,1Z6PH74DAP0QN7,"Corona, CA",728.3,5.7,137.7,8.547347,2.013246,0,0,DJI Matrice 300 RTK,M300 RTK,1ZN7L4R0H1D00F,1W9DL31001461C,1ZMLH8300204F0,1Z6PH74DAP0QN7,DJI Pilot,Android,7.0.2,1EF72A62-B7C3-C88D-164E-CE6F8C8424AE,1ZN7L4R0H1D00F,1W9DL31001461C,,1ZMLH8300204F0,1W9DL31001461C,,,,,
2023-11-01,11:26:48.57 AM,2m 26.2s,146.2,33.8010619923492,-117.4682747984665,83.3,83.3,16.0,1347,1000.1,4.921268,6.085134,0,0,-4.921268,1.342164,-0.447388,0,1.3,-0.4,1.3,-91.5,268.5,268.7,Tripod,Other,,21,5,True,,True,False,,Smart,RC,False,True,False,,,True,,False,False,False,False,False,False,False,False,False,False,0,Follow Yaw,-88.9,0,-99.6,260.4,False,False,False,False,False,,0,0,False,False,No Card,100,100,1024,1309,1298,1069,2,False,False,False,False,False,0,False,False,False,False,92,,47.604,,9240,,10044,,47.604,,True,3.968,3.968,3.968,3.968,3.968,3.968,3.968,3.968,3.968,3.968,3.968,3.968,0,,False,False,True,,,,,,,,,,,,,,,False,False,19.182,,85.6,,75.7,,85.6,,1762,50,8,16,7,141277.1,18836.95,,Idle,,20,,10,,,20,Go Home,False,False,False,False,False,False,False,False,False,False,False,False,33.8027920380556,-117.4659261431046,951.4,2972.0,1049.4,396.9,True,1,1,False,False,False,False,,True,False,False,Course Lock,196.8,67,16.4,93,E,S,7.38,7.38,Calm,False,False,Android,7.0.2,M300 RTK,1ZN7L4R0H1D00F,1W9DL31001461C,1ZMLH8300204F0,1Z6PH74DAP0QN7,"Corona, CA",728.3,5.7,137.7,8.547347,2.013246,0,0,DJI Matrice 300 RTK,M300 RTK,1ZN7L4R0H1D00F,1W9DL31001461C,1ZMLH8300204F0,1Z6PH74DAP0QN7,DJI Pilot,Android,7.0.2,1EF72A62-B7C3-C88D-164E-CE6F8C8424AE,1ZN7L4R0H1D00F,1W9DL31001461C,,1ZMLH8300204F0,1W9DL31001461C,,,,,
2023-11-01,11:26:48.67 AM,2m 26.3s,146.3,33.8010621968496,-117.4682771682147,83.3,83.3,16.0,1347,1000.9,4.921268,6.085134,0,0,-4.921268,1.342164,-0.447388,0,1.5,-0.2,1.5,-91.5,268.5,275.9,Tripod,Other,,21,5,True,,True,False,,Smart,RC,False,True,False,,,True,,False,False,False,False,False,False,False,False,False,False,0,Follow Yaw,-88.9,0,-99.6,260.4,False,False,False,False,False,,0,0,False,False,No Card,100,100,1024,1308,1289,1101,2,False,False,False,False,False,0,False,False,False,False,92,,47.604,,9240,,10044,,47.604,,True,3.967,3.967,3.967,3.967,3.967,3.967,3.967,3.967,3.967,3.967,3.967,3.967,0,,False,False,True,,,,,,,,,,,,,,,False,False,19.182,,85.6,,75.7,,85.6,,1762,50,8,16,7,141319.7,18842.62,,Idle,,20,,10,,,20,Go Home,False,False,False,False,False,False,False,False,False,False,False,False,33.8027920380556,-117.4659261431046,951.9,2972.0,1049.4,396.9,True,1,1,False,False,False,False,,True,False,False,Course Lock,196.8,67,16.4,93,E,S,7.38,7.38,Calm,False,False,Android,7.0.2,M300 RTK,1ZN7L4R0H1D00F,1W9DL31001461C,1ZMLH8300204F0,1Z6PH74DAP0QN7,"Corona, CA",728.3,5.7,137.7,8.547347,2.013246,0,0,DJI Matrice 300 RTK,M300 RTK,1ZN7L4R0H1D00F,1W9DL31001461C,1ZMLH8300204F0,1Z6PH74DAP0QN7,DJI Pilot,Android,7.0.2,1EF72A62-B7C3-C88D-164E-CE6F8C8424AE,1ZN7L4R0H1D00F,1W9DL31001461C,,1ZMLH8300204F0,1W9DL31001461C,,,,,
2023-11-01,11:26:48.74 AM,2m 26.4s,146.4,33.8010621634058,-117.4682796487975,83.6,83.6,16.0,1347,1001.6,4.921268,6.085134,0,0,-4.921268,1.342164,-0.447388,0,1.5,0.1,1.5,-91.4,268.6,269.0,Tripod,Other,,21,5,True,,True,False,,Smart,RC,False,True,False,,,True,,False,False,False,False,False,False,False,False,False,False,0,Follow Yaw,-88.9,0,-99.5,260.5,False,False,False,False,False,,0,0,False,False,No Card,100,100,1024,1308,1289,1103,2,False,False,False,False,False,0,False,False,False,False,92,,47.604,,9240,,10044,,47.604,,True,3.967,3.967,3.967,3.967,3.967,3.967,3.967,3.967,3.967,3.967,3.967,3.967,0,,False,False,True,,,,,,,,,,,,,,,False,False,19.182,,85.6,,75.7,,85.6,,1762,50,8,16,7,141319.7,18842.62,,Idle,,20,,10,,,20,Go Home,False,False,False,False,False,False,False,False,False,False,False,False,33.8027920380556,-117.4659261431046,952.5,2972.0,1049.4,396.9,True,1,1,False,False,False,False,,True,False,False,Course Lock,196.8,67,16.4,93,E,S,7.38,7.38,Calm,False,False,Android,7.0.2,M300 RTK,1ZN7L4R0H1D00F,1W9DL31001461C,1ZMLH8300204F0,1Z6PH74DAP0QN7,"Corona, CA",728.3,5.7,137.7,8.547347,2.013246,0,0,DJI Matrice 300 RTK,M300 RTK,1ZN7L4R0H1D00F,1W9DL31001461C,1ZMLH8300204F0,1Z6PH74DAP0QN7,DJI Pilot,Android,7.0.2,1EF72A62-B7C3-C88D-164E-CE6F8C8424AE,1ZN7L4R0H1D00F,1W9DL31001461C,,1ZMLH8300204F0,1W9DL31001461C,,,,,
2023-11-01,11:26:48.84 AM,2m 26.5s,146.5,33.8010618898249,-117.4682823668828,83.6,83.6,16.0,1347,1002.4,4.921268,6.085134,0,0,-4.921268,1.342164,-0.447388,0,1.5,0.3,1.5,-91.3,268.7,263.0,Tripod,Other,,21,5,True,,True,False,,Smart,RC,False,True,False,,,True,,False,False,False,False,False,False,False,False,False,False,0,Follow Yaw,-88.9,0,-99.4,260.6,False,False,False,False,False,,0,0,False,False,No Card,100,100,1024,1308,1288,1104,2,False,False,False,False,False,0,False,False,False,False,92,,47.604,,9240,,10044,,47.604,,True,3.967,3.967,3.967,3.967,3.967,3.967,3.967,3.967,3.967,3.967,3.967,3.967,0,,False,False,True,,,,,,,,,,,,,,,False,False,19.182,,85.6,,75.7,,85.6,,1762,50,8,16,7,141319.7,18842.62,,Idle,,20,,10,,,20,Go Home,False,False,False,False,False,False,False,False,False,False,False,False,33.8027920380556,-117.4659261431046,953.1,2972.0,1049.4,396.9,True,1,1,False,False,False,False,,True,False,False,Course Lock,196.8,67,16.4,93,E,S,7.38,7.38,Calm,False,False,Android,7.0.2,M300 RTK,1ZN7L4R0H1D00F,1W9DL31001461C,1ZMLH8300204F0,1Z6PH74DAP0QN7,"Corona, CA",728.3,5.7,137.7,8.547347,2.013246,0,0,DJI Matrice 300 RTK,M300 RTK,1ZN7L4R0H1D00F,1W9DL31001461C,1ZMLH8300204F0,1Z6PH74DAP0QN7,DJI Pilot,Android,7.0.2,1EF72A62-B7C3-C88D-164E-CE6F8C8424AE,1ZN7L4R0H1D00F,1W9DL31001461C,,1ZMLH8300204F0,1W9DL31001461C,,,,,
2023-11-01,11:26:48.94 AM,2m 26.6s,146.6,33.8010618536398,-117.4682848626394,83.6,83.6,16.0,1347,1003.2,4.921268,6.085134,0,0,-4.921268,1.342164,-0.447388,0,1.6,0.4,1.6,-91.3,268.7,269.0,Tripod,Other,,21,5,True,,True,False,,Smart,RC,False,True,False,,,True,,False,False,False,False,False,False,False,False,False,False,0,Follow Yaw,-88.9,0,-99.3,260.7,False,False,False,False,False,,0,0,False,False,No Card,100,100,1024,1309,1286,1108,2,False,False,False,False,False,0,False,False,False,False,92,,47.604,,9240,,10044,,47.604,,True,3.967,3.967,3.967,3.967,3.967,3.967,3.967,3.967,3.967,3.967,3.967,3.967,0,,False,False,True,,,,,,,,,,,,,,,False,False,19.182,,85.6,,75.7,,85.6,,1762,50,8,16,7,141319.7,18842.62,,Idle,,20,,10,,,20,Go Home,False,False,False,False,False,False,False,False,False,False,False,False,33.8027920380556,-117.4659261431046,953.7,2972.0,1049.4,396.9,True,1,1,False,False,False,False,,True,False,False,Course Lock,196.8,67,16.4,93,E,S,7.38,7.38,Calm,False,False,Android,7.0.2,M300 RTK,1ZN7L4R0H1D00F,1W9DL31001461C,1ZMLH8300204F0,1Z6PH74DAP0QN7,"Corona, CA",728.3,5.7,137.7,8.547347,2.013246,0,0,DJI Matrice 300 RTK,M300 RTK,1ZN7L4R0H1D00F,1W9DL31001461C,1ZMLH8300204F0,1Z6PH74DAP0QN7,DJI Pilot,Android,7.0.2,1EF72A62-B7C3-C88D-164E-CE6F8C8424AE,1ZN7L4R0H1D00F,1W9DL31001461C,,1ZMLH8300204F0,1W9DL31001461C,,,,,
2023-11-01,11:26:49.04 AM,2m 26.7s,146.7,33.8010618201961,-117.468287358396,83.6,83.6,16.0,1347,1004.0,4.921268,6.085134,0,0,-4.921268,1.342164,-0.447388,0,1.8,0.5,1.8,-91.3,268.7,269.0,Tripod,Other,,21,5,True,,True,False,,Smart,RC,False,True,False,,,True,,False,False,False,False,False,False,False,False,False,False,0,Follow Yaw,-88.9,0,-99.2,260.8,False,False,False,False,False,,0,0,False,False,No Card,100,100,1024,1309,1285,1111,2,False,False,False,False,False,0,False,False,False,False,92,,47.568,,4587,,4986,,47.568,,True,3.967,3.967,3.967,3.967,3.967,3.967,3.967,3.967,3.967,3.967,3.967,3.967,0,,False,False,True,,,,,,,,,,,,,,,False,False,9.394,,84.7,,75.7,,85.6,,1762,50,8,16,7,141319.7,18842.62,,Idle,,20,,10,,,20,Go Home,False,False,False,False,False,False,False,False,False,False,False,False,33.8027920380556,-117.4659261431046,954.3,2972.0,1049.4,396.9,True,1,1,False,False,False,False,,True,False,False,Course Lock,196.8,67,16.4,93,E,S,7.38,7.38,Calm,False,False,Android,7.0.2,M300 RTK,1ZN7L4R0H1D00F,1W9DL31001461C,1ZMLH8300204F0,1Z6PH74DAP0QN7,"Corona, CA",728.3,5.7,137.7,8.547347,2.013246,0,0,DJI Matrice 300 RTK,M300 RTK,1ZN7L4R0H1D00F,1W9DL31001461C,1ZMLH8300204F0,1Z6PH74DAP0QN7,DJI Pilot,Android,7.0.2,1EF72A62-B7C3-C88D-164E-CE6F8C8424AE,1ZN7L4R0H1D00F,1W9DL31001461C,,1ZMLH8300204F0,1W9DL31001461C,,,,,
2023-11-01,11:26:49.14 AM,2m 26.8s,146.8,33.8010618004588,-117.468289840958,83.9,83.9,16.0,1348,1004.7,4.921268,6.085134,0,0,-4.921268,1.342164,-0.447388,0,2,0.5,2,-91.3,268.7,269.4,Tripod,Other,,21,5,True,,True,False,,Smart,RC,False,True,False,,,True,,False,False,False,False,False,False,False,False,False,False,0,Follow Yaw,-88.9,0,-99,261,False,False,False,False,False,,0,0,False,False,No Card,100,100,1024,1307,1286,1111,2,False,False,False,False,False,0,False,False,False,False,92,,47.568,,4587,,4986,,47.568,,True,3.967,3.967,3.967,3.967,3.967,3.967,3.967,3.967,3.967,3.967,3.967,3.967,0,,False,False,True,,,,,,,,,,,,,,,False,False,9.394,,84.7,,75.7,,85.6,,1762,50,8,16,7,141319.7,18842.62,,Idle,,20,,10,,,20,Go Home,False,False,False,False,False,False,False,False,False,False,False,False,33.8027920380556,-117.4659261431046,954.9,2972.0,1049.4,396.9,True,1,1,False,False,False,False,,True,False,False,Course Lock,196.8,67,16.4,93,E,S,7.38,7.38,Calm,False,False,Android,7.0.2,M300 RTK,1ZN7L4R0H1D00F,1W9DL31001461C,1ZMLH8300204F0,1Z6PH74DAP0QN7,"Corona, CA",728.3,5.7,137.7,8.547347,2.013246,0,0,DJI Matrice 300 RTK,M300 RTK,1ZN7L4R0H1D00F,1W9DL31001461C,1ZMLH8300204F0,1Z6PH74DAP0QN7,DJI Pilot,Android,7.0.2,1EF72A62-B7C3-C88D-164E-CE6F8C8424AE,1ZN7L4R0H1D00F,1W9DL31001461C,,1ZMLH8300204F0,1W9DL31001461C,,,,,
2023-11-01,11:26:49.24 AM,2m 26.9s,146.9,33.8010618032001,-117.4682924851536,83.9,83.9,15.7,1348,1005.5,4.921268,6.085134,0,0,-4.921268,1.342164,-0.447388,0,1.8,0.4,1.8,-91.2,268.8,270.0,Tripod,Other,,21,5,True,,True,False,,Smart,RC,False,True,False,,,True,,False,False,False,False,False,False,False,False,False,False,0,Follow Yaw,-88.9,0,-98.9,261.1,False,False,False,False,False,,0,0,False,False,No Card,100,100,1024,1308,1286,1109,2,False,False,False,False,False,0,False,False,False,False,92,,47.568,,4587,,4986,,47.568,,True,3.967,3.967,3.967,3.967,3.967,3.967,3.967,3.967,3.967,3.967,3.967,3.967,0,,False,False,True,,,,,,,,,,,,,,,False,False,9.394,,84.7,,75.7,,85.6,,1762,50,8,16,7,141319.7,18842.62,,Idle,,20,,10,,,20,Go Home,False,False,False,False,False,False,False,False,False,False,False,False,33.8027920380556,-117.4659261431046,955.5,2972.0,1049.4,396.9,True,1,1,False,False,False,False,,True,False,False,Course Lock,196.8,67,16.4,93,E,S,7.38,7.38,Calm,False,False,Android,7.0.2,M300 RTK,1ZN7L4R0H1D00F,1W9DL31001461C,1ZMLH8300204F0,1Z6PH74DAP0QN7,"Corona, CA",728.3,5.7,137.7,8.547347,2.013246,0,0,DJI Matrice 300 RTK,M300 RTK,1ZN7L4R0H1D00F,1W9DL31001461C,1ZMLH8300204F0,1Z6PH74DAP0QN7,DJI Pilot,Android,7.0.2,1EF72A62-B7C3-C88D-164E-CE6F8C8424AE,1ZN7L4R0H1D00F,1W9DL31001461C,,1ZMLH8300204F0,1W9DL31001461C,,,,,
2023-11-01,11:26:49.34 AM,2m 27.0s,147.0,33.8010618064896,-117.468294966396,83.9,83.9,16.0,1348,1006.3,4.921268,6.085134,0,0,-4.921268,1.342164,-0.447388,0,1.5,0.2,1.5,-91.2,268.8,270.0,Tripod,Other,,20,5,True,,True,False,,Smart,RC,False,True,False,,,True,,False,False,False,False,False,False,False,False,False,False,0,Follow Yaw,-88.9,0,-98.7,261.3,False,False,False,False,False,,0,0,False,False,No Card,100,100,1024,1308,1285,1109,2,False,False,False,False,False,0,False,False,False,False,92,,47.592,,9240,,10044,,47.592,,True,3.967,3.967,3.967,3.967,3.967,3.967,3.967,3.967,3.967,3.967,3.967,3.967,0,,False,False,True,,,,,,,,,,,,,,,False,False,19.246,,85.8,,75.7,,85.8,,1762,50,8,16,7,141319.7,18842.62,,Idle,,20,,10,,,20,Go Home,False,False,False,False,False,False,False,False,False,False,False,False,33.8027920380556,-117.4659261431046,956.0,2972.0,1049.4,396.9,True,1,1,False,False,False,False,,True,False,False,Course Lock,196.8,67,16.4,93,E,S,7.38,7.38,Calm,False,False,Android,7.0.2,M300 RTK,1ZN7L4R0H1D00F,1W9DL31001461C,1ZMLH8300204F0,1Z6PH74DAP0QN7,"Corona, CA",728.3,5.7,137.7,8.547347,2.013246,0,0,DJI Matrice 300 RTK,M300 RTK,1ZN7L4R0H1D00F,1W9DL31001461C,1ZMLH8300204F0,1Z6PH74DAP0QN7,DJI Pilot,Android,7.0.2,1EF72A62-B7C3-C88D-164E-CE6F8C8424AE,1ZN7L4R0H1D00F,1W9DL31001461C,,1ZMLH8300204F0,1W9DL31001461C,,,,,
2023-11-01,11:26:49.44 AM,2m 27.1s,147.1,33.8010617697563,-117.4682974285064,84.3,84.3,16.0,1348,1007.0,4.921268,6.085134,0,0,-4.921268,1.342164,-0.447388,0,1.2,0,1.2,-91,269,268.9,Tripod,Other,,20,5,True,,True,False,,Smart,RC,False,True,False,,,True,,False,False,False,False,False,False,False,False,False,False,0,Follow Yaw,-88.9,0,-98.6,261.4,False,False,False,False,False,,0,0,False,False,No Card,100,100,1024,1309,1284,1109,2,False,False,False,False,False,0,False,False,False,False,92,,47.592,,9240,,10044,,47.592,,True,3.967,3.967,3.967,3.967,3.967,3.967,3.967,3.967,3.967,3.967,3.967,3.967,0,,False,False,True,,,,,,,,,,,,,,,False,False,19.246,,85.8,,75.7,,85.8,,1762,50,8,16,7,141319.7,18842.62,,Idle,,20,,10,,,20,Go Home,False,False,False,False,False,False,False,False,False,False,False,False,33.8027920380556,-117.4659261431046,956.6,2972.0,1049.4,396.9,True,1,1,False,False,False,False,,True,False,False,Course Lock,196.8,67,16.4,93,E,S,7.38,7.38,Calm,False,False,Android,7.0.2,M300 RTK,1ZN7L4R0H1D00F,1W9DL31001461C,1ZMLH8300204F0,1Z6PH74DAP0QN7,"Corona, CA",728.3,5.7,137.7,8.547347,2.013246,0,0,DJI Matrice 300 RTK,M300 RTK,1ZN7L4R0H1D00F,1W9DL31001461C,1ZMLH8300204F0,1Z6PH74DAP0QN7,DJI Pilot,Android,7.0.2,1EF72A62-B7C3-C88D-164E-CE6F8C8424AE,1ZN7L4R0H1D00F,1W9DL31001461C,,1ZMLH8300204F0,1W9DL31001461C,,,,,
2023-11-01,11:26:49.54 AM,2m 27.2s,147.2,33.8010617807215,-117.4682999117281,84.3,84.3,16.0,1348,1007.8,4.921268,6.085134,0,0,-4.921268,1.342164,-0.447388,0,1,-0.1,1,-90.9,269.1,270.3,Tripod,Other,,20,5,True,,True,False,,Smart,RC,False,True,False,,,True,,False,False,False,False,False,False,False,False,False,False,0,Follow Yaw,-88.9,0,-98.5,261.5,False,False,False,False,False,,0,0,False,False,No Card,100,100,1024,1308,1284,1110,2,False,False,False,False,False,0,False,False,False,False,92,,47.592,,9240,,10044,,47.592,,True,3.967,3.967,3.967,3.967,3.967,3.967,3.967,3.967,3.967,3.967,3.967,3.967,0,,False,False,True,,,,,,,,,,,,,,,False,False,19.246,,85.8,,75.7,,85.8,,1762,50,8,16,7,141319.7,18842.62,,Idle,,20,,10,,,20,Go Home,False,False,False,False,False,False,False,False,False,False,False,False,33.8027920380556,-117.4659261431046,957.2,2972.0,1049.4,396.9,True,1,1,False,False,False,False,,True,False,False,Course Lock,196.8,67,16.4,93,E,S,7.38,7.38,Calm,False,False,Android,7.0.2,M300 RTK,1ZN7L4R0H1D00F,1W9DL31001461C,1ZMLH8300204F0,1Z6PH74DAP0QN7,"Corona, CA",728.3,5.7,137.7,8.547347,2.013246,0,0,DJI Matrice 300 RTK,M300 RTK,1ZN7L4R0H1D00F,1W9DL31001461C,1ZMLH8300204F0,1Z6PH74DAP0QN7,DJI Pilot,Android,7.0.2,1EF72A62-B7C3-C88D-164E-CE6F8C8424AE,1ZN7L4R0H1D00F,1W9DL31001461C,,1ZMLH8300204F0,1W9DL31001461C,,,,,
2023-11-01,11:26:49.61 AM,2m 27.3s,147.3,33.8010618388368,-117.4683022583858,84.3,84.3,16.0,1348,1008.5,4.921268,6.085134,0,0,-4.921268,1.342164,-0.447388,0,1,0,1,-90.7,269.3,271.7,Tripod,Other,,20,5,True,,True,False,,Smart,RC,False,True,False,,,True,,False,False,False,False,False,False,False,False,False,False,0,Follow Yaw,-88.9,0,-98.3,261.7,False,False,False,False,False,,0,0,False,False,No Card,100,100,1024,1306,1284,1110,2,False,False,False,False,False,0,False,False,False,False,92,,47.592,,9240,,10044,,47.592,,True,3.967,3.967,3.967,3.967,3.967,3.967,3.967,3.967,3.967,3.967,3.967,3.967,0,,False,False,True,,,,,,,,,,,,,,,False,False,19.246,,85.8,,75.7,,85.8,,1762,50,8,16,7,141538.8,18871.84,,Idle,,20,,10,,,20,Go Home,False,False,False,False,False,False,False,False,False,False,False,False,33.8027920380556,-117.4659261431046,957.7,2972.0,1049.4,396.9,True,1,1,False,False,False,False,,True,False,False,Course Lock,196.8,67,16.4,93,E,S,7.38,7.38,Calm,False,False,Android,7.0.2,M300 RTK,1ZN7L4R0H1D00F,1W9DL31001461C,1ZMLH8300204F0,1Z6PH74DAP0QN7,"Corona, CA",728.3,5.7,137.7,8.547347,2.013246,0,0,DJI Matrice 300 RTK,M300 RTK,1ZN7L4R0H1D00F,1W9DL31001461C,1ZMLH8300204F0,1Z6PH74DAP0QN7,DJI Pilot,Android,7.0.2,1EF72A62-B7C3-C88D-164E-CE6F8C8424AE,1ZN7L4R0H1D00F,1W9DL31001461C,,1ZMLH8300204F0,1W9DL31001461C,,,,,
2023-11-01,11:26:49.74 AM,2m 27.4s,147.4,33.8010618569294,-117.4683047396284,84.3,84.3,16.0,1348,1009.2,4.921268,6.085134,0,0,-4.921268,1.342164,-0.447388,0,1,0,1,-90.5,269.5,270.5,Tripod,Other,,20,5,True,,True,False,,Smart,RC,False,True,False,,,True,,False,False,False,False,False,False,False,False,False,False,0,Follow Yaw,-88.9,0,-98.2,261.8,False,False,False,False,False,,0,0,False,False,No Card,100,100,1024,1308,1280,1120,2,False,False,False,False,False,0,False,False,False,False,92,,47.592,,9240,,10044,,47.592,,True,3.967,3.967,3.967,3.967,3.967,3.967,3.967,3.967,3.967,3.967,3.967,3.967,0,,False,False,True,,,,,,,,,,,,,,,False,False,19.246,,85.8,,75.7,,85.8,,1762,50,8,16,7,141538.8,18871.84,,Idle,,20,,10,,,20,Go Home,False,False,False,False,False,False,False,False,False,False,False,False,33.8027920380556,-117.4659261431046,958.2,2972.0,1049.4,396.9,True,1,1,False,False,False,False,,True,False,False,Course Lock,196.8,67,16.4,93,E,S,7.38,7.38,Calm,False,False,Android,7.0.2,M300 RTK,1ZN7L4R0H1D00F,1W9DL31001461C,1ZMLH8300204F0,1Z6PH74DAP0QN7,"Corona, CA",728.3,5.7,137.7,8.547347,2.013246,0,0,DJI Matrice 300 RTK,M300 RTK,1ZN7L4R0H1D00F,1W9DL31001461C,1ZMLH8300204F0,1Z6PH74DAP0QN7,DJI Pilot,Android,7.0.2,1EF72A62-B7C3-C88D-164E-CE6F8C8424AE,1ZN7L4R0H1D00F,1W9DL31001461C,,1ZMLH8300204F0,1W9DL31001461C,,,,,
2023-11-01,11:26:49.84 AM,2m 27.5s,147.5,33.8010617193165,-117.4683071944817,84.6,84.6,16.0,1348,1010.0,4.921268,6.085134,0,0,-4.921268,1.342164,-0.447388,0,1.2,0.1,1.2,-90.4,269.6,266.1,Tripod,Other,,20,5,True,,True,False,,Smart,RC,False,True,False,,,True,,False,False,False,False,False,False,False,False,False,False,0,Follow Yaw,-88.9,0,-98.1,261.9,False,False,False,False,False,,0,0,False,False,No Card,100,100,1024,1308,1278,1128,2,False,False,False,False,False,0,False,False,False,False,92,,47.592,,9240,,10044,,47.592,,True,3.967,3.967,3.967,3.967,3.967,3.967,3.967,3.967,3.967,3.967,3.967,3.967,0,,False,False,True,,,,,,,,,,,,,,,False,False,19.246,,85.8,,75.7,,85.8,,1762,50,8,16,7,141538.8,18871.84,,Idle,,20,,10,,,20,Go Home,False,False,False,False,False,False,False,False,False,False,False,False,33.8027920380556,-117.4659261431046,958.8,2972.0,1049.4,396.9,True,1,1,False,False,False,False,,True,False,False,Course Lock,196.8,67,16.4,93,E,S,7.38,7.38,Calm,False,False,Android,7.0.2,M300 RTK,1ZN7L4R0H1D00F,1W9DL31001461C,1ZMLH8300204F0,1Z6PH74DAP0QN7,"Corona, CA",728.3,5.7,137.7,8.547347,2.013246,0,0,DJI Matrice 300 RTK,M300 RTK,1ZN7L4R0H1D00F,1W9DL31001461C,1ZMLH8300204F0,1Z6PH74DAP0QN7,DJI Pilot,Android,7.0.2,1EF72A62-B7C3-C88D-164E-CE6F8C8424AE,1ZN7L4R0H1D00F,1W9DL31001461C,,1ZMLH8300204F0,1W9DL31001461C,,,,,
2023-11-01,11:26:49.94 AM,2m 27.6s,147.6,33.8010617313782,-117.4683096849604,84.6,84.6,16.0,1348,1010.7,4.921268,6.085134,0,0,-4.921268,1.342164,-0.447388,0,1.3,0.1,1.3,-90.3,269.7,270.3,Tripod,Other,,20,5,True,,True,False,,Smart,RC,False,True,False,,,True,,False,False,False,False,False,False,False,False,False,False,0,Follow Yaw,-88.9,0,-97.9,262.1,False,False,False,False,False,,0,0,False,False,No Card,100,100,1024,1306,1277,1130,2,False,False,False,False,False,0,False,False,False,False,92,,47.592,,9240,,10044,,47.592,,True,3.967,3.967,3.967,3.967,3.967,3.967,3.967,3.967,3.967,3.967,3.967,3.967,0,,False,False,True,,,,,,,,,,,,,,,False,False,19.246,,85.8,,75.7,,85.8,,1762,50,8,16,7,141538.8,18871.84,,Idle,,20,,10,,,20,Go Home,False,False,False,False,False,False,False,False,False,False,False,False,33.8027920380556,-117.4659261431046,959.4,2972.0,1049.4,396.9,True,1,1,False,False,False,False,,True,False,False,Course Lock,196.8,67,16.4,93,E,S,7.38,7.38,Calm,False,False,Android,7.0.2,M300 RTK,1ZN7L4R0H1D00F,1W9DL31001461C,1ZMLH8300204F0,1Z6PH74DAP0QN7,"Corona, CA",728.3,5.7,137.7,8.547347,2.013246,0,0,DJI Matrice 300 RTK,M300 RTK,1ZN7L4R0H1D00F,1W9DL31001461C,1ZMLH8300204F0,1Z6PH74DAP0QN7,DJI Pilot,Android,7.0.2,1EF72A62-B7C3-C88D-164E-CE6F8C8424AE,1ZN7L4R0H1D00F,1W9DL31001461C,,1ZMLH8300204F0,1W9DL31001461C,,,,,
2023-11-01,11:26:50.04 AM,2m 27.7s,147.7,33.8010619243652,-117.4683123205796,84.6,84.6,16.0,1348,1011.5,4.921268,6.085134,0,0,-4.921268,1.342164,-0.447388,0,1.4,0.2,1.4,-90.1,269.9,275.0,Tripod,Other,,20,5,True,,True,False,,Smart,RC,False,True,False,,,True,,False,False,False,False,False,False,False,False,False,False,0,Follow Yaw,-88.9,0,-97.7,262.3,False,False,False,False,False,,0,0,False,False,No Card,100,100,1024,1306,1266,1158,2,False,False,False,False,False,0,False,False,False,False,92,,47.592,,9240,,10044,,47.592,,True,3.967,3.967,3.967,3.967,3.967,3.967,3.967,3.967,3.967,3.967,3.967,3.967,0,,False,False,True,,,,,,,,,,,,,,,False,False,19.246,,85.8,,75.7,,85.8,,1762,50,8,16,7,141538.8,18871.84,,Idle,,20,,10,,,20,Go Home,False,False,False,False,False,False,False,False,False,False,False,False,33.8027920380556,-117.4659261431046,960.0,2972.0,1049.4,396.9,True,1,1,False,False,False,False,,True,False,False,Course Lock,196.8,67,16.4,93,E,S,7.38,7.38,Calm,False,False,Android,7.0.2,M300 RTK,1ZN7L4R0H1D00F,1W9DL31001461C,1ZMLH8300204F0,1Z6PH74DAP0QN7,"Corona, CA",728.3,5.7,137.7,8.547347,2.013246,0,0,DJI Matrice 300 RTK,M300 RTK,1ZN7L4R0H1D00F,1W9DL31001461C,1ZMLH8300204F0,1Z6PH74DAP0QN7,DJI Pilot,Android,7.0.2,1EF72A62-B7C3-C88D-164E-CE6F8C8424AE,1ZN7L4R0H1D00F,1W9DL31001461C,,1ZMLH8300204F0,1W9DL31001461C,,,,,
2023-11-01,11:26:50.13 AM,2m 27.8s,147.8,33.801061960002,-117.4683148275516,84.6,84.6,16.0,1348,1012.3,4.921268,6.085134,0,0,-4.921268,1.342164,-0.447388,0,1.6,0.3,1.6,-90,270,270.9,Tripod,Other,,21,5,True,,True,False,,Smart,RC,False,True,False,,,True,,False,False,False,False,False,False,False,False,False,False,0,Follow Yaw,-88.9,0,-97.5,262.5,False,False,False,False,False,,0,0,False,False,No Card,100,100,1024,1306,1258,1180,2,False,False,False,False,False,0,False,False,False,False,92,,47.592,,9240,,10044,,47.592,,True,3.967,3.967,3.967,3.967,3.967,3.967,3.967,3.967,3.967,3.967,3.967,3.967,0,,False,False,True,,,,,,,,,,,,,,,False,False,19.246,,85.8,,75.7,,85.8,,1762,50,8,16,7,141538.8,18871.84,,Idle,,20,,10,,,20,Go Home,False,False,False,False,False,False,False,False,False,False,False,False,33.8027920380556,-117.4659261431046,960.5,2972.0,1049.4,396.9,True,1,1,False,False,False,False,,True,False,False,Course Lock,196.8,67,16.4,93,E,S,7.38,7.38,Calm,False,False,Android,7.0.2,M300 RTK,1ZN7L4R0H1D00F,1W9DL31001461C,1ZMLH8300204F0,1Z6PH74DAP0QN7,"Corona, CA",728.3,5.7,137.7,8.547347,2.013246,0,0,DJI Matrice 300 RTK,M300 RTK,1ZN7L4R0H1D00F,1W9DL31001461C,1ZMLH8300204F0,1Z6PH74DAP0QN7,DJI Pilot,Android,7.0.2,1EF72A62-B7C3-C88D-164E-CE6F8C8424AE,1ZN7L4R0H1D00F,1W9DL31001461C,,1ZMLH8300204F0,1W9DL31001461C,,,,,
2023-11-01,11:26:50.24 AM,2m 27.9s,147.9,33.8010619704189,-117.4683172118138,84.9,84.9,16.0,1349,1013.0,4.921268,6.085134,0,0,-4.921268,1.342164,-0.447388,0,1.8,0.4,1.8,-89.9,270.1,270.3,Tripod,Other,,21,5,True,,True,False,,Smart,RC,False,True,False,,,True,,False,False,False,False,False,False,False,False,False,False,0,Follow Yaw,-88.9,0,-97.2,262.8,False,False,False,False,False,,0,0,False,False,No Card,100,100,1024,1307,1254,1189,2,False,False,False,False,False,0,False,False,False,False,92,,47.592,,9240,,10044,,47.592,,True,3.967,3.967,3.967,3.967,3.967,3.967,3.967,3.967,3.967,3.967,3.967,3.967,0,,False,False,True,,,,,,,,,,,,,,,False,False,19.246,,85.8,,75.7,,85.8,,1762,50,8,16,7,141538.8,18871.84,,Idle,,20,,10,,,20,Go Home,False,False,False,False,False,False,False,False,False,False,False,False,33.8027920380556,-117.4659261431046,961.1,2972.0,1049.4,396.9,True,1,1,False,False,False,False,,True,False,False,Course Lock,196.8,67,16.4,93,E,S,7.38,7.38,Calm,False,False,Android,7.0.2,M300 RTK,1ZN7L4R0H1D00F,1W9DL31001461C,1ZMLH8300204F0,1Z6PH74DAP0QN7,"Corona, CA",728.3,5.7,137.7,8.547347,2.013246,0,0,DJI Matrice 300 RTK,M300 RTK,1ZN7L4R0H1D00F,1W9DL31001461C,1ZMLH8300204F0,1Z6PH74DAP0QN7,DJI Pilot,Android,7.0.2,1EF72A62-B7C3-C88D-164E-CE6F8C8424AE,1ZN7L4R0H1D00F,1W9DL31001461C,,1ZMLH8300204F0,1W9DL31001461C,,,,,
2023-11-01,11:26:50.34 AM,2m 28.0s,148.0,33.8010620230517,-117.468319700973,84.9,84.9,16.0,1349,1013.8,4.926349,6.085134,0.223694,0.223694,-4.921268,1.342164,-0.447388,0,2,0.5,2,-89.7,270.3,271.4,Tripod,Other,,22,5,True,,True,False,,Smart,RC,False,True,False,,,True,,False,False,False,False,False,False,False,False,False,False,0,Follow Yaw,-88.9,0,-96.9,263.1,False,False,False,False,False,,0,0,False,False,No Card,100,100,1024,1307,1255,1185,2,False,False,False,False,False,0,False,False,False,False,92,,47.532,,4587,,4986,,47.532,,True,3.967,3.967,3.967,3.967,3.967,3.967,3.967,3.967,3.967,3.967,3.967,3.967,0,,False,False,True,,,,,,,,,,,,,,,False,False,9.468,,84.7,,75.7,,85.8,,1762,50,8,16,7,141538.8,18871.84,,Idle,,20,,10,,,20,Go Home,False,False,False,False,False,False,False,False,False,False,False,False,33.8027920380556,-117.4659261431046,961.6,2972.0,1049.4,396.9,True,1,1,False,False,False,False,,True,False,False,Course Lock,196.8,67,16.4,93,E,S,7.38,7.38,Calm,False,False,Android,7.0.2,M300 RTK,1ZN7L4R0H1D00F,1W9DL31001461C,1ZMLH8300204F0,1Z6PH74DAP0QN7,"Corona, CA",728.3,5.7,137.7,8.547347,2.013246,0,0,DJI Matrice 300 RTK,M300 RTK,1ZN7L4R0H1D00F,1W9DL31001461C,1ZMLH8300204F0,1Z6PH74DAP0QN7,DJI Pilot,Android,7.0.2,1EF72A62-B7C3-C88D-164E-CE6F8C8424AE,1ZN7L4R0H1D00F,1W9DL31001461C,,1ZMLH8300204F0,1W9DL31001461C,,,,,
2023-11-01,11:26:50.44 AM,2m 28.1s,148.1,33.8010623487171,-117.468321913046,84.9,84.9,16.0,1349,1014.4,4.926349,6.085134,0.223694,0.223694,-4.921268,1.342164,-0.447388,0,2,0.5,2,-89.5,270.5,280.0,Tripod,Other,,22,5,True,,True,False,,Smart,RC,False,True,False,,,True,,False,False,False,False,False,False,False,False,False,False,0,Follow Yaw,-88.9,0,-96.6,263.4,False,False,False,False,False,,0,0,False,False,No Card,100,100,1024,1306,1270,1121,2,False,False,False,False,False,0,False,False,False,False,92,,47.532,,4587,,4986,,47.532,,True,3.967,3.967,3.967,3.967,3.967,3.967,3.967,3.967,3.967,3.967,3.967,3.967,0,,False,False,True,,,,,,,,,,,,,,,False,False,9.468,,84.7,,75.7,,85.8,,1762,50,8,16,7,141538.8,18871.84,,Idle,,20,,10,,,20,Go Home,False,False,False,False,False,False,False,False,False,False,False,False,33.8027920380556,-117.4659261431046,962.1,2972.0,1049.4,396.9,True,1,1,False,False,False,False,,True,False,False,Course Lock,196.8,67,16.4,93,E,S,7.38,7.38,Calm,False,False,Android,7.0.2,M300 RTK,1ZN7L4R0H1D00F,1W9DL31001461C,1ZMLH8300204F0,1Z6PH74DAP0QN7,"Corona, CA",728.3,5.7,137.7,8.547347,2.013246,0,0,DJI Matrice 300 RTK,M300 RTK,1ZN7L4R0H1D00F,1W9DL31001461C,1ZMLH8300204F0,1Z6PH74DAP0QN7,DJI Pilot,Android,7.0.2,1EF72A62-B7C3-C88D-164E-CE6F8C8424AE,1ZN7L4R0H1D00F,1W9DL31001461C,,1ZMLH8300204F0,1W9DL31001461C,,,,,
2023-11-01,11:26:50.55 AM,2m 28.2s,148.2,33.8010624446624,-117.4683243573436,84.9,84.9,16.0,1349,1015.2,4.926349,6.085134,0.223694,0.223694,-4.921268,1.342164,-0.447388,0,2,0.5,2,-89.2,270.8,272.7,Tripod,Other,,21,5,True,,True,False,,Smart,RC,False,True,False,,,True,,False,False,False,False,False,False,False,False,False,False,0,Follow Yaw,-88.9,0,-96.2,263.8,False,False,False,False,False,,0,0,False,False,No Card,100,100,1024,1307,1274,1097,2,False,False,False,False,False,0,False,False,False,False,92,,47.532,,4587,,4986,,47.532,,True,3.967,3.967,3.967,3.967,3.967,3.967,3.967,3.967,3.967,3.967,3.967,3.967,0,,False,False,True,,,,,,,,,,,,,,,False,False,9.468,,84.7,,75.7,,85.8,,1762,50,8,16,7,141538.8,18871.84,,Idle,,20,,10,,,20,Go Home,False,False,False,False,False,False,False,False,False,False,False,False,33.8027920380556,-117.4659261431046,962.6,2972.0,1049.4,396.9,True,1,1,False,False,False,False,,True,False,False,Course Lock,196.8,67,16.4,93,E,S,7.38,7.38,Calm,False,False,Android,7.0.2,M300 RTK,1ZN7L4R0H1D00F,1W9DL31001461C,1ZMLH8300204F0,1Z6PH74DAP0QN7,"Corona, CA",728.3,5.7,137.7,8.547347,2.013246,0,0,DJI Matrice 300 RTK,M300 RTK,1ZN7L4R0H1D00F,1W9DL31001461C,1ZMLH8300204F0,1Z6PH74DAP0QN7,DJI Pilot,Android,7.0.2,1EF72A62-B7C3-C88D-164E-CE6F8C8424AE,1ZN7L4R0H1D00F,1W9DL31001461C,,1ZMLH8300204F0,1W9DL31001461C,,,,,
2023-11-01,11:26:50.65 AM,2m 28.3s,148.3,33.8010623898365,-117.468326904559,85.3,85.3,16.4,1349,1016.0,4.926349,6.085134,0.223694,0.223694,-4.921268,1.342164,-0.447388,0,1.9,0.4,1.9,-89,271,268.5,Tripod,Other,,21,5,True,,True,False,,Smart,RC,False,True,False,,,True,,False,False,False,False,False,False,False,False,False,False,0,Follow Yaw,-88.9,0,-96.1,263.9,False,False,False,False,False,,0,0,False,False,No Card,100,100,1024,1307,1274,1107,2,False,False,False,False,False,0,False,False,False,False,92,,47.532,,4587,,4986,,47.532,,True,3.968,3.968,3.968,3.968,3.968,3.968,3.968,3.968,3.968,3.968,3.968,3.968,0,,False,False,True,,,,,,,,,,,,,,,False,False,9.468,,84.7,,75.7,,85.8,,1762,50,8,16,7,141902.6,18920.35,,Idle,,20,,10,,,20,Go Home,False,False,False,False,False,False,False,False,False,False,False,False,33.8027920380556,-117.4659261431046,963.2,2972.0,1049.4,396.9,True,1,1,False,False,False,False,,True,False,False,Course Lock,196.8,67,16.4,93,E,S,7.38,7.38,Calm,False,False,Android,7.0.2,M300 RTK,1ZN7L4R0H1D00F,1W9DL31001461C,1ZMLH8300204F0,1Z6PH74DAP0QN7,"Corona, CA",728.3,5.7,137.7,8.547347,2.013246,0,0,DJI Matrice 300 RTK,M300 RTK,1ZN7L4R0H1D00F,1W9DL31001461C,1ZMLH8300204F0,1Z6PH74DAP0QN7,DJI Pilot,Android,7.0.2,1EF72A62-B7C3-C88D-164E-CE6F8C8424AE,1ZN7L4R0H1D00F,1W9DL31001461C,,1ZMLH8300204F0,1W9DL31001461C,,,,,
2023-11-01,11:26:50.75 AM,2m 28.4s,148.4,33.8010624896195,-117.4683293396204,85.3,85.3,16.4,1349,1016.7,4.926349,6.085134,0.223694,0.223694,-4.921268,1.342164,-0.447388,0,1.8,0.2,1.8,-88.9,271.1,272.8,Tripod,Other,,21,5,True,,True,False,,Smart,RC,False,True,False,,,True,,False,False,False,False,False,False,False,False,False,False,0,Follow Yaw,-88.9,0,-96,264,False,False,False,False,False,,0,0,False,False,No Card,100,100,1024,1309,1270,1111,2,False,False,False,False,False,0,False,False,False,False,92,,47.532,,4587,,4986,,47.532,,True,3.968,3.968,3.968,3.968,3.968,3.968,3.968,3.968,3.968,3.968,3.968,3.968,0,,False,False,True,,,,,,,,,,,,,,,False,False,9.468,,84.7,,75.7,,85.8,,1762,50,8,16,7,141902.6,18920.35,,Idle,,20,,10,,,20,Go Home,False,False,False,False,False,False,False,False,False,False,False,False,33.8027920380556,-117.4659261431046,963.7,2972.0,1049.4,396.9,True,1,1,False,False,False,False,,True,False,False,Course Lock,196.8,67,16.4,93,E,S,7.38,7.38,Calm,False,False,Android,7.0.2,M300 RTK,1ZN7L4R0H1D00F,1W9DL31001461C,1ZMLH8300204F0,1Z6PH74DAP0QN7,"Corona, CA",728.3,5.7,137.7,8.547347,2.013246,0,0,DJI Matrice 300 RTK,M300 RTK,1ZN7L4R0H1D00F,1W9DL31001461C,1ZMLH8300204F0,1Z6PH74DAP0QN7,DJI Pilot,Android,7.0.2,1EF72A62-B7C3-C88D-164E-CE6F8C8424AE,1ZN7L4R0H1D00F,1W9DL31001461C,,1ZMLH8300204F0,1W9DL31001461C,,,,,
2023-11-01,11:26:50.85 AM,2m 28.5s,148.5,33.8010625789856,-117.4683317344384,85.3,85.3,16.4,1349,1017.4,4.926349,6.085134,0.223694,0.223694,-4.921268,1.342164,-0.447388,0,1.7,0.2,1.7,-88.8,271.2,272.5,Tripod,Other,,21,5,True,,True,False,,Smart,RC,False,True,False,,,True,,False,False,False,False,False,False,False,False,False,False,0,Follow Yaw,-88.9,0,-95.8,264.2,False,False,False,False,False,,0,0,False,False,No Card,100,100,1024,1311,1268,1115,2,False,False,False,False,False,0,False,False,False,False,92,,47.532,,4587,,4986,,47.532,,True,3.968,3.968,3.968,3.968,3.968,3.968,3.968,3.968,3.968,3.968,3.968,3.968,0,,False,False,True,,,,,,,,,,,,,,,False,False,9.468,,84.7,,75.7,,85.8,,1762,50,8,16,7,141902.6,18920.35,,Idle,,20,,10,,,20,Go Home,False,False,False,False,False,False,False,False,False,False,False,False,33.8027920380556,-117.4659261431046,964.2,2972.0,1049.4,396.9,True,1,1,False,False,False,False,,True,False,False,Course Lock,196.8,67,16.4,93,E,S,7.38,7.38,Calm,False,False,Android,7.0.2,M300 RTK,1ZN7L4R0H1D00F,1W9DL31001461C,1ZMLH8300204F0,1Z6PH74DAP0QN7,"Corona, CA",728.3,5.7,137.7,8.547347,2.013246,0,0,DJI Matrice 300 RTK,M300 RTK,1ZN7L4R0H1D00F,1W9DL31001461C,1ZMLH8300204F0,1Z6PH74DAP0QN7,DJI Pilot,Android,7.0.2,1EF72A62-B7C3-C88D-164E-CE6F8C8424AE,1ZN7L4R0H1D00F,1W9DL31001461C,,1ZMLH8300204F0,1W9DL31001461C,,,,,
2023-11-01,11:26:50.95 AM,2m 28.6s,148.6,33.8010626913786,-117.4683341497079,85.3,85.3,16.4,1349,1018.2,4.926349,6.085134,0.223694,0.223694,-4.921268,1.342164,-0.447388,0,1.5,0.2,1.5,-88.7,271.3,273.2,Tripod,Other,,21,5,True,,True,False,,Smart,RC,False,True,False,,,True,,False,False,False,False,False,False,False,False,False,False,0,Follow Yaw,-88.9,0,-95.7,264.3,False,False,False,False,False,,0,0,False,False,No Card,100,100,1024,1312,1268,1118,2,False,False,False,False,False,0,False,False,False,False,92,,47.532,,4587,,4986,,47.532,,True,3.968,3.968,3.968,3.968,3.968,3.968,3.968,3.968,3.968,3.968,3.968,3.968,0,,False,False,True,,,,,,,,,,,,,,,False,False,9.468,,84.7,,75.7,,85.8,,1762,50,8,16,7,141902.6,18920.35,,Idle,,20,,10,,,20,Go Home,False,False,False,False,False,False,False,False,False,False,False,False,33.8027920380556,-117.4659261431046,964.8,2972.0,1049.4,396.9,True,1,1,False,False,False,False,,True,False,False,Course Lock,196.8,67,16.4,93,E,S,7.38,7.38,Calm,False,False,Android,7.0.2,M300 RTK,1ZN7L4R0H1D00F,1W9DL31001461C,1ZMLH8300204F0,1Z6PH74DAP0QN7,"Corona, CA",728.3,5.7,137.7,8.547347,2.013246,0,0,DJI Matrice 300 RTK,M300 RTK,1ZN7L4R0H1D00F,1W9DL31001461C,1ZMLH8300204F0,1Z6PH74DAP0QN7,DJI Pilot,Android,7.0.2,1EF72A62-B7C3-C88D-164E-CE6F8C8424AE,1ZN7L4R0H1D00F,1W9DL31001461C,,1ZMLH8300204F0,1W9DL31001461C,,,,,
2023-11-01,11:26:51.06 AM,2m 28.7s,148.7,33.8010627330462,-117.4683366276518,85.6,85.6,16.4,1349,1018.9,4.926349,6.085134,0.223694,0.223694,-4.921268,1.342164,-0.447388,0,1.3,0.1,1.3,-88.6,271.4,271.1,Tripod,Other,,21,5,True,,True,False,,Smart,RC,False,True,False,,,True,,False,False,False,False,False,False,False,False,False,False,0,Follow Yaw,-88.9,0,-95.5,264.5,False,False,False,False,False,,0,0,False,False,No Card,100,100,1024,1313,1269,1122,2,False,False,False,False,False,0,False,False,False,False,92,,47.532,,4587,,4986,,47.532,,True,3.968,3.968,3.968,3.968,3.968,3.968,3.968,3.968,3.968,3.968,3.968,3.968,0,,False,False,True,,,,,,,,,,,,,,,False,False,9.468,,84.7,,75.7,,85.8,,1762,50,8,16,7,141902.6,18920.35,,Idle,,20,,10,,,20,Go Home,False,False,False,False,False,False,False,False,False,False,False,False,33.8027920380556,-117.4659261431046,965.3,2972.0,1049.4,396.9,True,1,1,False,False,False,False,,True,False,False,Course Lock,196.8,67,16.4,93,E,S,7.38,7.38,Calm,False,False,Android,7.0.2,M300 RTK,1ZN7L4R0H1D00F,1W9DL31001461C,1ZMLH8300204F0,1Z6PH74DAP0QN7,"Corona, CA",728.3,5.7,137.7,8.547347,2.013246,0,0,DJI Matrice 300 RTK,M300 RTK,1ZN7L4R0H1D00F,1W9DL31001461C,1ZMLH8300204F0,1Z6PH74DAP0QN7,DJI Pilot,Android,7.0.2,1EF72A62-B7C3-C88D-164E-CE6F8C8424AE,1ZN7L4R0H1D00F,1W9DL31001461C,,1ZMLH8300204F0,1W9DL31001461C,,,,,
2023-11-01,11:26:51.16 AM,2m 28.8s,148.8,33.8010628542113,-117.468339056116,85.6,85.6,16.4,1349,1019.6,4.926349,6.085134,0.223694,0.223694,-4.921268,1.342164,-0.447388,0,1.2,0.1,1.2,-88.4,271.6,273.4,Tripod,Other,,22,5,True,,True,False,,Smart,RC,False,True,False,,,True,,False,False,False,False,False,False,False,False,False,False,0,Follow Yaw,-88.9,0,-95.4,264.6,False,False,False,False,False,,0,0,False,False,No Card,100,100,1024,1313,1269,1123,2,False,False,False,False,False,0,False,False,False,False,92,,47.532,,4587,,4986,,47.532,,True,3.968,3.968,3.968,3.968,3.968,3.968,3.968,3.968,3.968,3.968,3.968,3.968,0,,False,False,True,,,,,,,,,,,,,,,False,False,9.468,,84.7,,75.7,,85.8,,1762,50,8,16,7,141902.6,18920.35,,Idle,,20,,10,,,20,Go Home,False,False,False,False,False,False,False,False,False,False,False,False,33.8027920380556,-117.4659261431046,965.9,2972.0,1049.4,396.9,True,1,1,False,False,False,False,,True,False,False,Course Lock,196.8,67,16.4,93,E,S,7.38,7.38,Calm,False,False,Android,7.0.2,M300 RTK,1ZN7L4R0H1D00F,1W9DL31001461C,1ZMLH8300204F0,1Z6PH74DAP0QN7,"Corona, CA",728.3,5.7,137.7,8.547347,2.013246,0,0,DJI Matrice 300 RTK,M300 RTK,1ZN7L4R0H1D00F,1W9DL31001461C,1ZMLH8300204F0,1Z6PH74DAP0QN7,DJI Pilot,Android,7.0.2,1EF72A62-B7C3-C88D-164E-CE6F8C8424AE,1ZN7L4R0H1D00F,1W9DL31001461C,,1ZMLH8300204F0,1W9DL31001461C,,,,,
2023-11-01,11:26:51.26 AM,2m 28.9s,148.9,33.8010631705564,-117.4683415512128,85.6,85.6,16.4,1349,1020.4,4.926349,6.085134,0.223694,0.223694,-4.921268,1.342164,-0.447388,0,1.2,0,1.2,-88.1,271.9,278.6,Tripod,Other,,22,5,True,,True,False,,Smart,RC,False,True,False,,,True,,False,False,False,False,False,False,False,False,False,False,0,Follow Yaw,-88.9,0,-95.2,264.8,False,False,False,False,False,,0,0,False,False,No Card,100,100,1024,1312,1270,1127,2,False,False,False,False,False,0,False,False,False,False,92,,47.532,,4587,,4986,,47.532,,True,3.968,3.968,3.968,3.968,3.968,3.968,3.968,3.968,3.968,3.968,3.968,3.968,0,,False,False,True,,,,,,,,,,,,,,,False,False,9.468,,84.7,,75.7,,85.8,,1762,50,8,16,7,141902.6,18920.35,,Idle,,20,,10,,,20,Go Home,False,False,False,False,False,False,False,False,False,False,False,False,33.8027920380556,-117.4659261431046,966.4,2972.0,1049.4,396.9,True,1,1,False,False,False,False,,True,False,False,Course Lock,196.8,67,16.4,93,E,S,7.38,7.38,Calm,False,False,Android,7.0.2,M300 RTK,1ZN7L4R0H1D00F,1W9DL31001461C,1ZMLH8300204F0,1Z6PH74DAP0QN7,"Corona, CA",728.3,5.7,137.7,8.547347,2.013246,0,0,DJI Matrice 300 RTK,M300 RTK,1ZN7L4R0H1D00F,1W9DL31001461C,1ZMLH8300204F0,1Z6PH74DAP0QN7,DJI Pilot,Android,7.0.2,1EF72A62-B7C3-C88D-164E-CE6F8C8424AE,1ZN7L4R0H1D00F,1W9DL31001461C,,1ZMLH8300204F0,1W9DL31001461C,,,,,
2023-11-01,11:26:51.37 AM,2m 29.0s,149.0,33.8010633125553,-117.4683439928716,85.6,85.6,16.4,1349,1021.2,4.926349,6.085134,0.223694,0.223694,-4.921268,1.342164,-0.447388,0,1.2,0,1.2,-87.9,272.1,274.0,Tripod,Other,,22,5,True,,True,False,,Smart,RC,False,True,False,,,True,,False,False,False,False,False,False,False,False,False,False,0,Follow Yaw,-88.9,0,-95,265,False,False,False,False,False,,0,0,False,False,No Card,100,100,1024,1310,1264,1160,2,False,False,False,False,False,0,False,False,False,False,92,,47.556,,9240,,10044,,47.556,,True,3.968,3.968,3.968,3.968,3.968,3.968,3.968,3.968,3.968,3.968,3.968,3.968,0,,False,False,True,,,,,,,,,,,,,,,False,False,18.896,,85.8,,75.7,,85.8,,1762,50,8,16,7,141902.6,18920.35,,Idle,,20,,10,,,20,Go Home,False,False,False,False,False,False,False,False,False,False,False,False,33.8027920380556,-117.4659261431046,966.9,2972.0,1049.4,396.9,True,1,1,False,False,False,False,,True,False,False,Course Lock,196.8,67,16.4,93,E,S,7.38,7.38,Calm,False,False,Android,7.0.2,M300 RTK,1ZN7L4R0H1D00F,1W9DL31001461C,1ZMLH8300204F0,1Z6PH74DAP0QN7,"Corona, CA",728.3,5.7,137.7,8.547347,2.013246,0,0,DJI Matrice 300 RTK,M300 RTK,1ZN7L4R0H1D00F,1W9DL31001461C,1ZMLH8300204F0,1Z6PH74DAP0QN7,DJI Pilot,Android,7.0.2,1EF72A62-B7C3-C88D-164E-CE6F8C8424AE,1ZN7L4R0H1D00F,1W9DL31001461C,,1ZMLH8300204F0,1W9DL31001461C,,,,,
2023-11-01,11:26:51.47 AM,2m 29.1s,149.1,33.8010632297683,-117.468346225396,85.9,85.9,16.4,1350,1021.8,4.926349,6.085134,0.223694,0.223694,-4.921268,1.342164,-0.447388,0,1.2,0.2,1.2,-87.7,272.3,267.4,Tripod,Other,,22,5,True,,True,False,,Smart,RC,False,True,False,,,True,,False,False,False,False,False,False,False,False,False,False,0,Follow Yaw,-88.9,0,-94.8,265.2,False,False,False,False,False,,0,0,False,False,No Card,100,100,1024,1309,1264,1159,2,False,False,False,False,False,0,False,False,False,False,92,,47.556,,9240,,10044,,47.556,,True,3.968,3.968,3.968,3.968,3.968,3.968,3.968,3.968,3.968,3.968,3.968,3.968,0,,False,False,True,,,,,,,,,,,,,,,False,False,18.896,,85.8,,75.7,,85.8,,1762,50,8,16,7,141902.6,18920.35,,Idle,,20,,10,,,20,Go Home,False,False,False,False,False,False,False,False,False,False,False,False,33.8027920380556,-117.4659261431046,967.4,2972.0,1049.4,396.9,True,1,1,False,False,False,False,,True,False,False,Course Lock,196.8,67,16.4,93,E,S,7.38,7.38,Calm,False,False,Android,7.0.2,M300 RTK,1ZN7L4R0H1D00F,1W9DL31001461C,1ZMLH8300204F0,1Z6PH74DAP0QN7,"Corona, CA",728.3,5.7,137.7,8.547347,2.013246,0,0,DJI Matrice 300 RTK,M300 RTK,1ZN7L4R0H1D00F,1W9DL31001461C,1ZMLH8300204F0,1Z6PH74DAP0QN7,DJI Pilot,Android,7.0.2,1EF72A62-B7C3-C88D-164E-CE6F8C8424AE,1ZN7L4R0H1D00F,1W9DL31001461C,,1ZMLH8300204F0,1W9DL31001461C,,,,,
2023-11-01,11:26:51.58 AM,2m 29.2s,149.2,33.8010633618986,-117.4683486657353,85.9,85.9,16.4,1350,1022.6,4.926349,6.085134,0.223694,0.223694,-4.921268,1.342164,-0.447388,0,1.3,0.6,1.4,-87.4,272.6,273.7,Tripod,Other,,22,5,True,,True,False,,Smart,RC,False,True,False,,,True,,False,False,False,False,False,False,False,False,False,False,0,Follow Yaw,-88.9,0,-94.6,265.4,False,False,False,False,False,,0,0,False,False,No Card,100,100,1024,1309,1264,1151,2,False,False,False,False,False,0,False,False,False,False,92,,47.556,,9240,,10044,,47.556,,True,3.968,3.968,3.968,3.968,3.968,3.968,3.968,3.968,3.968,3.968,3.968,3.968,0,,False,False,True,,,,,,,,,,,,,,,False,False,18.896,,85.8,,75.7,,85.8,,1762,50,8,16,7,141902.6,18920.35,,Idle,,20,,10,,,20,Go Home,False,False,False,False,False,False,False,False,False,False,False,False,33.8027920380556,-117.4659261431046,968.0,2972.0,1049.4,396.9,True,1,1,False,False,False,False,,True,False,False,Course Lock,196.8,67,16.4,93,E,S,7.38,7.38,Calm,False,False,Android,7.0.2,M300 RTK,1ZN7L4R0H1D00F,1W9DL31001461C,1ZMLH8300204F0,1Z6PH74DAP0QN7,"Corona, CA",728.3,5.7,137.7,8.547347,2.013246,0,0,DJI Matrice 300 RTK,M300 RTK,1ZN7L4R0H1D00F,1W9DL31001461C,1ZMLH8300204F0,1Z6PH74DAP0QN7,DJI Pilot,Android,7.0.2,1EF72A62-B7C3-C88D-164E-CE6F8C8424AE,1ZN7L4R0H1D00F,1W9DL31001461C,,1ZMLH8300204F0,1W9DL31001461C,,,,,
2023-11-01,11:26:51.64 AM,2m 29.3s,149.3,33.8010634726468,-117.4683512525345,85.9,85.9,16.4,1350,1023.4,4.926349,6.085134,0.223694,0.223694,-4.921268,1.342164,-0.447388,0,1.5,0.8,1.7,-87.2,272.8,272.9,Tripod,Other,,22,5,True,,True,False,,Smart,RC,False,True,False,,,True,,False,False,False,False,False,False,False,False,False,False,0,Follow Yaw,-88.9,0,-94.3,265.7,False,False,False,False,False,,0,0,False,False,No Card,100,100,1024,1310,1268,1124,2,False,False,False,False,False,0,False,False,False,False,92,,47.556,,9240,,10044,,47.556,,True,3.962,3.962,3.962,3.962,3.962,3.962,3.962,3.962,3.962,3.962,3.962,3.962,0,,False,False,True,,,,,,,,,,,,,,,False,False,18.896,,85.8,,75.7,,85.8,,1761,50,8,16,7,142294.5,18972.60,,Idle,,20,,10,,,20,Go Home,False,False,False,False,False,False,False,False,False,False,False,False,33.8027920380556,-117.4659261431046,968.5,2972.0,1049.4,396.9,True,1,1,False,False,False,False,,True,False,False,Course Lock,196.8,67,16.4,93,E,S,7.38,7.38,Calm,False,False,Android,7.0.2,M300 RTK,1ZN7L4R0H1D00F,1W9DL31001461C,1ZMLH8300204F0,1Z6PH74DAP0QN7,"Corona, CA",728.3,5.7,137.7,8.547347,2.013246,0,0,DJI Matrice 300 RTK,M300 RTK,1ZN7L4R0H1D00F,1W9DL31001461C,1ZMLH8300204F0,1Z6PH74DAP0QN7,DJI Pilot,Android,7.0.2,1EF72A62-B7C3-C88D-164E-CE6F8C8424AE,1ZN7L4R0H1D00F,1W9DL31001461C,,1ZMLH8300204F0,1W9DL31001461C,,,,,
2023-11-01,11:26:51.74 AM,2m 29.4s,149.4,33.8010636206765,-117.4683537073879,85.9,85.9,16.7,1350,1024.1,4.941561,6.085134,0.447388,0.447388,-4.921268,1.342164,-0.447388,0,1.5,0.9,1.7,-87,273,274.1,Tripod,Other,,22,5,True,,True,False,,Smart,RC,False,True,False,,,True,,False,False,False,False,False,False,False,False,False,False,0,Follow Yaw,-88.9,0,-94.1,265.9,False,False,False,False,False,,0,0,False,False,No Card,100,100,1024,1311,1268,1109,2,False,False,False,False,False,0,False,False,False,False,92,,47.556,,9240,,10044,,47.556,,True,3.962,3.962,3.962,3.962,3.962,3.962,3.962,3.962,3.962,3.962,3.962,3.962,0,,False,False,True,,,,,,,,,,,,,,,False,False,18.896,,85.8,,75.7,,85.8,,1761,50,8,16,7,142294.5,18972.60,,Idle,,20,,10,,,20,Go Home,False,False,False,False,False,False,False,False,False,False,False,False,33.8027920380556,-117.4659261431046,969.0,2972.0,1049.4,396.9,True,1,1,False,False,False,False,,True,False,False,Course Lock,196.8,67,16.4,93,E,S,7.38,7.38,Calm,False,False,Android,7.0.2,M300 RTK,1ZN7L4R0H1D00F,1W9DL31001461C,1ZMLH8300204F0,1Z6PH74DAP0QN7,"Corona, CA",728.3,5.7,137.7,8.547347,2.013246,0,0,DJI Matrice 300 RTK,M300 RTK,1ZN7L4R0H1D00F,1W9DL31001461C,1ZMLH8300204F0,1Z6PH74DAP0QN7,DJI Pilot,Android,7.0.2,1EF72A62-B7C3-C88D-164E-CE6F8C8424AE,1ZN7L4R0H1D00F,1W9DL31001461C,,1ZMLH8300204F0,1W9DL31001461C,,,,,
2023-11-01,11:26:51.84 AM,2m 29.5s,149.5,33.8010637522585,-117.4683562466866,85.9,85.9,16.7,1350,1024.9,4.941561,6.085134,0.447388,0.447388,-4.921268,1.342164,-0.447388,0,1.4,0.7,1.5,-86.8,273.2,273.5,Tripod,Other,,22,5,True,,True,False,,Smart,RC,False,True,False,,,True,,False,False,False,False,False,False,False,False,False,False,0,Follow Yaw,-88.9,0,-94,266,False,False,False,False,False,,0,0,False,False,No Card,100,100,1024,1309,1270,1108,2,False,False,False,False,False,0,False,False,False,False,92,,47.556,,9240,,10044,,47.556,,True,3.962,3.962,3.962,3.962,3.962,3.962,3.962,3.962,3.962,3.962,3.962,3.962,0,,False,False,True,,,,,,,,,,,,,,,False,False,18.896,,85.8,,75.7,,85.8,,1761,50,8,16,7,142294.5,18972.60,,Idle,,20,,10,,,20,Go Home,False,False,False,False,False,False,False,False,False,False,False,False,33.8027920380556,-117.4659261431046,969.6,2972.0,1049.4,396.9,True,1,1,False,False,False,False,,True,False,False,Course Lock,196.8,67,16.4,93,E,S,7.38,7.38,Calm,False,False,Android,7.0.2,M300 RTK,1ZN7L4R0H1D00F,1W9DL31001461C,1ZMLH8300204F0,1Z6PH74DAP0QN7,"Corona, CA",728.3,5.7,137.7,8.547347,2.013246,0,0,DJI Matrice 300 RTK,M300 RTK,1ZN7L4R0H1D00F,1W9DL31001461C,1ZMLH8300204F0,1Z6PH74DAP0QN7,DJI Pilot,Android,7.0.2,1EF72A62-B7C3-C88D-164E-CE6F8C8424AE,1ZN7L4R0H1D00F,1W9DL31001461C,,1ZMLH8300204F0,1W9DL31001461C,,,,,
2023-11-01,11:26:51.94 AM,2m 29.6s,149.6,33.8010639189291,-117.4683587101164,86.2,86.2,16.7,1350,1025.6,4.941561,6.085134,0.447388,0.447388,-4.921268,1.342164,-0.447388,0,1.2,0.5,1.3,-86.5,273.5,274.6,Tripod,Other,,22,5,True,,True,False,,Smart,RC,False,True,False,,,True,,False,False,False,False,False,False,False,False,False,False,0,Follow Yaw,-88.9,0,-93.8,266.2,False,False,False,False,False,,0,0,False,False,No Card,100,100,1024,1309,1272,1106,2,False,False,False,False,False,0,False,False,False,False,92,,47.556,,9240,,10044,,47.556,,True,3.962,3.962,3.962,3.962,3.962,3.962,3.962,3.962,3.962,3.962,3.962,3.962,0,,False,False,True,,,,,,,,,,,,,,,False,False,18.896,,85.8,,75.7,,85.8,,1761,50,8,16,7,142294.5,18972.60,,Idle,,20,,10,,,20,Go Home,False,False,False,False,False,False,False,False,False,False,False,False,33.8027920380556,-117.4659261431046,970.1,2972.0,1049.4,396.9,True,1,1,False,False,False,False,,True,False,False,Course Lock,196.8,67,16.4,93,E,S,7.38,7.38,Calm,False,False,Android,7.0.2,M300 RTK,1ZN7L4R0H1D00F,1W9DL31001461C,1ZMLH8300204F0,1Z6PH74DAP0QN7,"Corona, CA",728.3,5.7,137.7,8.547347,2.013246,0,0,DJI Matrice 300 RTK,M300 RTK,1ZN7L4R0H1D00F,1W9DL31001461C,1ZMLH8300204F0,1Z6PH74DAP0QN7,DJI Pilot,Android,7.0.2,1EF72A62-B7C3-C88D-164E-CE6F8C8424AE,1ZN7L4R0H1D00F,1W9DL31001461C,,1ZMLH8300204F0,1W9DL31001461C,,,,,
2023-11-01,11:26:52.04 AM,2m 29.7s,149.7,33.8010640433837,-117.4683611946576,86.2,86.2,16.7,1350,1026.4,4.941561,6.085134,0.447388,0.447388,-4.921268,1.342164,-0.447388,0,1.2,0.4,1.2,-86.3,273.7,273.4,Tripod,Other,,22,5,True,,True,False,,Smart,RC,False,True,False,,,True,,False,False,False,False,False,False,False,False,False,False,0,Follow Yaw,-88.9,0,-93.7,266.3,False,False,False,False,False,,0,0,False,False,No Card,100,100,1024,1308,1273,1106,2,False,False,False,False,False,0,False,False,False,False,92,,47.556,,9240,,10044,,47.556,,True,3.962,3.962,3.962,3.962,3.962,3.962,3.962,3.962,3.962,3.962,3.962,3.962,0,,False,False,True,,,,,,,,,,,,,,,False,False,18.896,,85.8,,75.7,,85.8,,1761,50,8,16,7,142294.5,18972.60,,Idle,,20,,10,,,20,Go Home,False,False,False,False,False,False,False,False,False,False,False,False,33.8027920380556,-117.4659261431046,970.7,2972.0,1049.4,396.9,True,1,1,False,False,False,False,,True,False,False,Course Lock,196.8,67,16.4,93,E,S,7.38,7.38,Calm,False,False,Android,7.0.2,M300 RTK,1ZN7L4R0H1D00F,1W9DL31001461C,1ZMLH8300204F0,1Z6PH74DAP0QN7,"Corona, CA",728.3,5.7,137.7,8.547347,2.013246,0,0,DJI Matrice 300 RTK,M300 RTK,1ZN7L4R0H1D00F,1W9DL31001461C,1ZMLH8300204F0,1Z6PH74DAP0QN7,DJI Pilot,Android,7.0.2,1EF72A62-B7C3-C88D-164E-CE6F8C8424AE,1ZN7L4R0H1D00F,1W9DL31001461C,,1ZMLH8300204F0,1W9DL31001461C,,,,,
2023-11-01,11:26:52.14 AM,2m 29.8s,149.8,33.8010642188264,-117.4683636646847,86.2,86.2,16.7,1350,1027.1,4.941561,6.085134,0.447388,0.447388,-4.921268,1.342164,-0.447388,0,1.4,0.3,1.4,-85.9,274.1,274.8,Tripod,Other,,22,5,True,,True,False,,Smart,RC,False,True,False,,,True,,False,False,False,False,False,False,False,False,False,False,0,Follow Yaw,-88.9,0,-93.6,266.4,False,False,False,False,False,,0,0,False,False,No Card,100,100,1024,1308,1274,1107,2,False,False,False,False,False,0,False,False,False,False,92,,47.604,,4587,,4986,,47.604,,True,3.962,3.962,3.962,3.962,3.962,3.962,3.962,3.962,3.962,3.962,3.962,3.962,0,,False,False,True,,,,,,,,,,,,,,,False,False,9.126,,84.9,,75.7,,85.8,,1761,50,8,16,7,142294.5,18972.60,,Idle,,20,,10,,,20,Go Home,False,False,False,False,False,False,False,False,False,False,False,False,33.8027920380556,-117.4659261431046,971.2,2972.0,1049.4,396.9,True,1,1,False,False,False,False,,True,False,False,Course Lock,196.8,67,16.4,93,E,S,7.38,7.38,Calm,False,False,Android,7.0.2,M300 RTK,1ZN7L4R0H1D00F,1W9DL31001461C,1ZMLH8300204F0,1Z6PH74DAP0QN7,"Corona, CA",728.3,5.7,137.7,8.547347,2.013246,0,0,DJI Matrice 300 RTK,M300 RTK,1ZN7L4R0H1D00F,1W9DL31001461C,1ZMLH8300204F0,1Z6PH74DAP0QN7,DJI Pilot,Android,7.0.2,1EF72A62-B7C3-C88D-164E-CE6F8C8424AE,1ZN7L4R0H1D00F,1W9DL31001461C,,1ZMLH8300204F0,1W9DL31001461C,,,,,
2023-11-01,11:26:52.24 AM,2m 29.9s,149.9,33.801064440871,-117.468366136691,86.2,86.2,16.7,1350,1027.9,4.941561,6.085134,0.447388,0.447388,-4.921268,1.342164,-0.447388,0,1.6,0.3,1.6,-85.7,274.3,276.1,Tripod,Other,,22,5,True,,True,False,,Smart,RC,False,True,False,,,True,,False,False,False,False,False,False,False,False,False,False,0,Follow Yaw,-88.9,0,-93.4,266.6,False,False,False,False,False,,0,0,False,False,No Card,100,100,1024,1310,1272,1119,2,False,False,False,False,False,0,False,False,False,False,92,,47.604,,4587,,4986,,47.604,,True,3.962,3.962,3.962,3.962,3.962,3.962,3.962,3.962,3.962,3.962,3.962,3.962,0,,False,False,True,,,,,,,,,,,,,,,False,False,9.126,,84.9,,75.7,,85.8,,1761,50,8,16,7,142294.5,18972.60,,Idle,,20,,10,,,20,Go Home,False,False,False,False,False,False,False,False,False,False,False,False,33.8027920380556,-117.4659261431046,971.7,2972.0,1049.4,396.9,True,1,1,False,False,False,False,,True,False,False,Course Lock,196.8,67,16.4,93,E,S,7.38,7.38,Calm,False,False,Android,7.0.2,M300 RTK,1ZN7L4R0H1D00F,1W9DL31001461C,1ZMLH8300204F0,1Z6PH74DAP0QN7,"Corona, CA",728.3,5.7,137.7,8.547347,2.013246,0,0,DJI Matrice 300 RTK,M300 RTK,1ZN7L4R0H1D00F,1W9DL31001461C,1ZMLH8300204F0,1Z6PH74DAP0QN7,DJI Pilot,Android,7.0.2,1EF72A62-B7C3-C88D-164E-CE6F8C8424AE,1ZN7L4R0H1D00F,1W9DL31001461C,,1ZMLH8300204F0,1W9DL31001461C,,,,,
2023-11-01,11:26:52.34 AM,2m 30.0s,150.0,33.8010646278271,-117.4683686146348,86.2,86.2,16.7,1350,1028.6,4.941561,6.085134,0.447388,0.447388,-4.921268,1.342164,-0.447388,0,1.8,0.2,1.8,-85.4,274.6,275.1,Tripod,Other,,22,5,True,,True,False,,Smart,RC,False,True,False,,,True,,False,False,False,False,False,False,False,False,False,False,0,Follow Yaw,-88.9,0,-93.3,266.7,False,False,False,False,False,,0,0,False,False,No Card,100,100,1024,1311,1263,1149,2,False,False,False,False,False,0,False,False,False,False,92,,47.628,,9240,,10044,,47.628,,True,3.962,3.962,3.962,3.962,3.962,3.962,3.962,3.962,3.962,3.962,3.962,3.962,0,,False,False,True,,,,,,,,,,,,,,,False,False,18.664,,85.8,,75.7,,85.8,,1761,50,8,16,7,142294.5,18972.60,,Idle,,20,,10,,,20,Go Home,False,False,False,False,False,False,False,False,False,False,False,False,33.8027920380556,-117.4659261431046,972.2,2972.0,1049.4,396.9,True,1,1,False,False,False,False,,True,False,False,Course Lock,196.8,67,16.4,93,E,S,7.38,7.38,Calm,False,False,Android,7.0.2,M300 RTK,1ZN7L4R0H1D00F,1W9DL31001461C,1ZMLH8300204F0,1Z6PH74DAP0QN7,"Corona, CA",728.3,5.7,137.7,8.547347,2.013246,0,0,DJI Matrice 300 RTK,M300 RTK,1ZN7L4R0H1D00F,1W9DL31001461C,1ZMLH8300204F0,1Z6PH74DAP0QN7,DJI Pilot,Android,7.0.2,1EF72A62-B7C3-C88D-164E-CE6F8C8424AE,1ZN7L4R0H1D00F,1W9DL31001461C,,1ZMLH8300204F0,1W9DL31001461C,,,,,
2023-11-01,11:26:52.44 AM,2m 30.1s,150.1,33.8010646311167,-117.4683709276463,86.6,86.6,16.7,1350,1029.3,4.941561,6.085134,0.447388,0.447388,-4.921268,1.342164,-0.447388,0,1.7,0.1,1.7,-85.1,274.9,270.0,Tripod,Other,,22,5,True,,True,False,,Smart,RC,False,True,False,,,True,,False,False,False,False,False,False,False,False,False,False,0,Follow Yaw,-88.9,0,-93.1,266.9,False,False,False,False,False,,0,0,False,False,No Card,100,100,1024,1309,1263,1149,2,False,False,False,False,False,0,False,False,False,False,92,,47.628,,9240,,10044,,47.628,,True,3.962,3.962,3.962,3.962,3.962,3.962,3.962,3.962,3.962,3.962,3.962,3.962,0,,False,False,True,,,,,,,,,,,,,,,False,False,18.664,,85.8,,75.7,,85.8,,1761,50,8,16,7,142294.5,18972.60,,Idle,,20,,10,,,20,Go Home,False,False,False,False,False,False,False,False,False,False,False,False,33.8027920380556,-117.4659261431046,972.8,2972.0,1049.4,396.9,True,1,1,False,False,False,False,,True,False,False,Course Lock,196.8,67,16.4,93,E,S,7.38,7.38,Calm,False,False,Android,7.0.2,M300 RTK,1ZN7L4R0H1D00F,1W9DL31001461C,1ZMLH8300204F0,1Z6PH74DAP0QN7,"Corona, CA",728.3,5.7,137.7,8.547347,2.013246,0,0,DJI Matrice 300 RTK,M300 RTK,1ZN7L4R0H1D00F,1W9DL31001461C,1ZMLH8300204F0,1Z6PH74DAP0QN7,DJI Pilot,Android,7.0.2,1EF72A62-B7C3-C88D-164E-CE6F8C8424AE,1ZN7L4R0H1D00F,1W9DL31001461C,,1ZMLH8300204F0,1W9DL31001461C,,,,,
2023-11-01,11:26:52.54 AM,2m 30.2s,150.2,33.8010648038181,-117.4683733824997,86.6,86.6,16.7,1350,1030.1,4.941561,6.085134,0.447388,0.447388,-4.921268,1.342164,-0.447388,0,1.7,0.2,1.7,-84.8,275.2,274.8,Tripod,Other,,22,5,True,,True,False,,Smart,RC,False,True,False,,,True,,False,False,False,False,False,False,False,False,False,False,0,Follow Yaw,-88.9,0,-92.9,267.1,False,False,False,False,False,,0,0,False,False,No Card,100,100,1024,1308,1263,1148,2,False,False,False,False,False,0,False,False,False,False,92,,47.628,,9240,,10044,,47.628,,True,3.962,3.962,3.962,3.962,3.962,3.962,3.962,3.962,3.962,3.962,3.962,3.962,0,,False,False,True,,,,,,,,,,,,,,,False,False,18.664,,85.8,,75.7,,85.8,,1761,50,8,16,7,142294.5,18972.60,,Idle,,20,,10,,,20,Go Home,False,False,False,False,False,False,False,False,False,False,False,False,33.8027920380556,-117.4659261431046,973.3,2972.0,1049.4,396.9,True,1,1,False,False,False,False,,True,False,False,Course Lock,196.8,67,16.4,93,E,S,7.38,7.38,Calm,False,False,Android,7.0.2,M300 RTK,1ZN7L4R0H1D00F,1W9DL31001461C,1ZMLH8300204F0,1Z6PH74DAP0QN7,"Corona, CA",728.3,5.7,137.7,8.547347,2.013246,0,0,DJI Matrice 300 RTK,M300 RTK,1ZN7L4R0H1D00F,1W9DL31001461C,1ZMLH8300204F0,1Z6PH74DAP0QN7,DJI Pilot,Android,7.0.2,1EF72A62-B7C3-C88D-164E-CE6F8C8424AE,1ZN7L4R0H1D00F,1W9DL31001461C,,1ZMLH8300204F0,1W9DL31001461C,,,,,
2023-11-01,11:26:52.64 AM,2m 30.3s,150.3,33.801065124001,-117.4683758564852,86.6,86.6,17.0,1350,1030.8,4.941561,6.085134,0.447388,0.447388,-4.921268,1.342164,-0.447388,0,1.8,0.3,1.8,-84.6,275.4,278.8,Tripod,Other,,22,5,True,,True,False,,Smart,RC,False,True,False,,,True,,False,False,False,False,False,False,False,False,False,False,0,Follow Yaw,-88.9,0,-92.6,267.4,False,False,False,False,False,,0,0,False,False,No Card,100,100,1024,1309,1261,1148,2,False,False,False,False,False,0,False,False,False,False,92,,47.628,,9240,,10044,,47.628,,True,3.966,3.966,3.966,3.966,3.966,3.966,3.966,3.966,3.966,3.966,3.966,3.966,0,,False,False,True,,,,,,,,,,,,,,,False,False,18.664,,85.8,,75.7,,85.8,,1760,50,8,16,7,142525.0,19003.33,,Idle,,20,,10,,,20,Go Home,False,False,False,False,False,False,False,False,False,False,False,False,33.8027920380556,-117.4659261431046,973.8,2972.0,1049.4,396.9,True,1,1,False,False,False,False,,True,False,False,Course Lock,196.8,67,16.4,93,E,S,7.38,7.38,Calm,False,False,Android,7.0.2,M300 RTK,1ZN7L4R0H1D00F,1W9DL31001461C,1ZMLH8300204F0,1Z6PH74DAP0QN7,"Corona, CA",728.3,5.7,137.7,8.547347,2.013246,0,0,DJI Matrice 300 RTK,M300 RTK,1ZN7L4R0H1D00F,1W9DL31001461C,1ZMLH8300204F0,1Z6PH74DAP0QN7,DJI Pilot,Android,7.0.2,1EF72A62-B7C3-C88D-164E-CE6F8C8424AE,1ZN7L4R0H1D00F,1W9DL31001461C,,1ZMLH8300204F0,1W9DL31001461C,,,,,
2023-11-01,11:26:52.74 AM,2m 30.4s,150.4,33.8010653104088,-117.4683783146371,86.6,86.6,17.0,1350,1031.6,4.941561,6.085134,0.447388,0.447388,-4.921268,1.342164,-0.447388,0,1.8,0.4,1.8,-84.3,275.7,275.2,Tripod,Other,,22,5,True,,True,False,,Smart,RC,False,True,False,,,True,,False,False,False,False,False,False,False,False,False,False,0,Follow Yaw,-88.9,0,-92.4,267.6,False,False,False,False,False,,0,0,False,False,No Card,100,100,1024,1313,1258,1150,2,False,False,False,False,False,0,False,False,False,False,92,,47.628,,9240,,10044,,47.628,,True,3.966,3.966,3.966,3.966,3.966,3.966,3.966,3.966,3.966,3.966,3.966,3.966,0,,False,False,True,,,,,,,,,,,,,,,False,False,18.664,,85.8,,75.7,,85.8,,1760,50,8,16,7,142525.0,19003.33,,Idle,,20,,10,,,20,Go Home,False,False,False,False,False,False,False,False,False,False,False,False,33.8027920380556,-117.4659261431046,974.3,2972.0,1049.4,396.9,True,1,1,False,False,False,False,,True,False,False,Course Lock,196.8,67,16.4,93,E,S,7.38,7.38,Calm,False,False,Android,7.0.2,M300 RTK,1ZN7L4R0H1D00F,1W9DL31001461C,1ZMLH8300204F0,1Z6PH74DAP0QN7,"Corona, CA",728.3,5.7,137.7,8.547347,2.013246,0,0,DJI Matrice 300 RTK,M300 RTK,1ZN7L4R0H1D00F,1W9DL31001461C,1ZMLH8300204F0,1Z6PH74DAP0QN7,DJI Pilot,Android,7.0.2,1EF72A62-B7C3-C88D-164E-CE6F8C8424AE,1ZN7L4R0H1D00F,1W9DL31001461C,,1ZMLH8300204F0,1W9DL31001461C,,,,,
2023-11-01,11:26:52.81 AM,2m 30.5s,150.5,33.8010654589868,-117.4683807727891,86.9,86.9,17.0,1351,1032.3,4.941561,6.085134,0.447388,0.447388,-4.921268,1.342164,-0.447388,0,1.7,0.6,1.8,-84.1,275.9,274.1,Tripod,Other,,22,5,True,,True,False,,Smart,RC,False,True,False,,,True,,False,False,False,False,False,False,False,False,False,False,0,Follow Yaw,-88.9,0,-92.2,267.8,False,False,False,False,False,,0,0,False,False,No Card,100,100,1024,1311,1256,1152,2,False,False,False,False,False,0,False,False,False,False,92,,47.628,,9240,,10044,,47.628,,True,3.966,3.966,3.966,3.966,3.966,3.966,3.966,3.966,3.966,3.966,3.966,3.966,0,,False,False,True,,,,,,,,,,,,,,,False,False,18.664,,85.8,,75.7,,85.8,,1760,50,8,16,7,142525.0,19003.33,,Idle,,20,,10,,,20,Go Home,False,False,False,False,False,False,False,False,False,False,False,False,33.8027920380556,-117.4659261431046,974.9,2972.0,1049.4,396.9,True,1,1,False,False,False,False,,True,False,False,Course Lock,196.8,67,16.4,93,E,S,7.38,7.38,Calm,False,False,Android,7.0.2,M300 RTK,1ZN7L4R0H1D00F,1W9DL31001461C,1ZMLH8300204F0,1Z6PH74DAP0QN7,"Corona, CA",728.3,5.7,137.7,8.547347,2.013246,0,0,DJI Matrice 300 RTK,M300 RTK,1ZN7L4R0H1D00F,1W9DL31001461C,1ZMLH8300204F0,1Z6PH74DAP0QN7,DJI Pilot,Android,7.0.2,1EF72A62-B7C3-C88D-164E-CE6F8C8424AE,1ZN7L4R0H1D00F,1W9DL31001461C,,1ZMLH8300204F0,1W9DL31001461C,,,,,
2023-11-01,11:26:52.94 AM,2m 30.6s,150.6,33.8010656563598,-117.4683832276424,86.9,86.9,17.0,1351,1033.1,4.941561,6.085134,0.447388,0.447388,-4.921268,1.342164,-0.223694,0,1.6,0.6,1.7,-83.8,276.2,275.5,Tripod,Other,,22,5,True,,True,False,,Smart,RC,False,True,False,,,True,,False,False,False,False,False,False,False,False,False,False,0,Follow Yaw,-88.9,0,-92,268,False,False,False,False,False,,0,0,False,False,No Card,100,100,1024,1309,1249,1151,2,False,False,False,False,False,0,False,False,False,False,92,,47.628,,9240,,10044,,47.628,,True,3.966,3.966,3.966,3.966,3.966,3.966,3.966,3.966,3.966,3.966,3.966,3.966,0,,False,False,True,,,,,,,,,,,,,,,False,False,18.664,,85.8,,75.7,,85.8,,1760,50,8,16,7,142525.0,19003.33,,Idle,,20,,10,,,20,Go Home,False,False,False,False,False,False,False,False,False,False,False,False,33.8027920380556,-117.4659261431046,975.4,2972.0,1049.4,396.9,True,1,1,False,False,False,False,,True,False,False,Course Lock,196.8,67,16.4,93,E,S,7.38,7.38,Calm,False,False,Android,7.0.2,M300 RTK,1ZN7L4R0H1D00F,1W9DL31001461C,1ZMLH8300204F0,1Z6PH74DAP0QN7,"Corona, CA",728.3,5.7,137.7,8.547347,2.013246,0,0,DJI Matrice 300 RTK,M300 RTK,1ZN7L4R0H1D00F,1W9DL31001461C,1ZMLH8300204F0,1Z6PH74DAP0QN7,DJI Pilot,Android,7.0.2,1EF72A62-B7C3-C88D-164E-CE6F8C8424AE,1ZN7L4R0H1D00F,1W9DL31001461C,,1ZMLH8300204F0,1W9DL31001461C,,,,,
2023-11-01,11:26:53.02 AM,2m 30.7s,150.7,33.8010659688671,-117.4683857049265,86.9,86.9,17.0,1351,1033.9,4.941561,6.085134,0.447388,0.447388,-4.921268,1.342164,-0.223694,0,1.5,0.6,1.6,-83.7,276.3,278.6,Tripod,Other,,22,5,True,,True,False,,Smart,RC,False,True,False,,,True,,False,False,False,False,False,False,False,False,False,False,0,Follow Yaw,-88.9,0,-91.8,268.2,False,False,False,False,False,,0,0,False,False,No Card,100,100,1024,1308,1184,1148,2,False,False,False,False,False,0,False,False,False,False,92,,47.628,,9240,,10044,,47.628,,True,3.966,3.966,3.966,3.966,3.966,3.966,3.966,3.966,3.966,3.966,3.966,3.966,0,,False,False,True,,,,,,,,,,,,,,,False,False,18.664,,85.8,,75.7,,85.8,,1760,50,8,16,7,142525.0,19003.33,,Idle,,20,,10,,,20,Go Home,False,False,False,False,False,False,False,False,False,False,False,False,33.8027920380556,-117.4659261431046,975.9,2972.0,1049.4,396.9,True,1,1,False,False,False,False,,True,False,False,Course Lock,196.8,67,16.4,93,E,S,7.38,7.38,Calm,False,False,Android,7.0.2,M300 RTK,1ZN7L4R0H1D00F,1W9DL31001461C,1ZMLH8300204F0,1Z6PH74DAP0QN7,"Corona, CA",728.3,5.7,137.7,8.547347,2.013246,0,0,DJI Matrice 300 RTK,M300 RTK,1ZN7L4R0H1D00F,1W9DL31001461C,1ZMLH8300204F0,1Z6PH74DAP0QN7,DJI Pilot,Android,7.0.2,1EF72A62-B7C3-C88D-164E-CE6F8C8424AE,1ZN7L4R0H1D00F,1W9DL31001461C,,1ZMLH8300204F0,1W9DL31001461C,,,,,
2023-11-01,11:26:53.12 AM,2m 30.8s,150.8,33.8010661876222,-117.4683881597799,86.9,86.9,17.0,1351,1034.6,4.941561,6.085134,0.447388,0.447388,-4.921268,1.342164,-0.223694,0,1.7,0.7,1.8,-83.4,276.6,276.1,Tripod,Other,,22,5,True,,True,False,,Smart,RC,False,True,False,,,True,,False,False,False,False,False,False,False,False,False,False,0,Follow Yaw,-88.9,0,-91.5,268.5,False,False,False,False,False,,0,0,False,False,No Card,100,100,1024,1310,1172,1147,2,False,False,False,False,False,0,False,False,False,False,92,,47.628,,9240,,10044,,47.628,,True,3.966,3.966,3.966,3.966,3.966,3.966,3.966,3.966,3.966,3.966,3.966,3.966,0,,False,False,True,,,,,,,,,,,,,,,False,False,18.664,,85.8,,75.7,,85.8,,1760,50,8,16,7,142525.0,19003.33,,Idle,,20,,10,,,20,Go Home,False,False,False,False,False,False,False,False,False,False,False,False,33.8027920380556,-117.4659261431046,976.4,2972.0,1049.4,396.9,True,1,1,False,False,False,False,,True,False,False,Course Lock,196.8,67,16.4,93,E,S,7.15,7.38,Calm,False,False,Android,7.0.2,M300 RTK,1ZN7L4R0H1D00F,1W9DL31001461C,1ZMLH8300204F0,1Z6PH74DAP0QN7,"Corona, CA",728.3,5.7,137.7,8.547347,2.013246,0,0,DJI Matrice 300 RTK,M300 RTK,1ZN7L4R0H1D00F,1W9DL31001461C,1ZMLH8300204F0,1Z6PH74DAP0QN7,DJI Pilot,Android,7.0.2,1EF72A62-B7C3-C88D-164E-CE6F8C8424AE,1ZN7L4R0H1D00F,1W9DL31001461C,,1ZMLH8300204F0,1W9DL31001461C,,,,,
2023-11-01,11:26:53.23 AM,2m 30.9s,150.9,33.801066637194,-117.4683906423418,86.9,86.9,17.0,1351,1035.4,4.941561,6.085134,0.447388,0.447388,-4.921268,1.342164,-0.223694,0,1.8,0.6,1.8,-83.2,276.8,282.2,Tripod,Other,,22,5,True,,True,False,,Smart,RC,False,True,False,,,True,,False,False,False,False,False,False,False,False,False,False,0,Follow Yaw,-88.9,0,-91.3,268.7,False,False,False,False,False,,0,0,False,False,No Card,100,100,1024,1310,1190,1146,2,False,False,False,False,False,0,False,False,False,False,92,,47.604,,4587,,4986,,47.604,,True,3.966,3.966,3.966,3.966,3.966,3.966,3.966,3.966,3.966,3.966,3.966,3.966,0,,False,False,True,,,,,,,,,,,,,,,False,False,9.07,,84.9,,75.7,,85.8,,1760,50,8,16,7,142525.0,19003.33,,Idle,,20,,10,,,20,Go Home,False,False,False,False,False,False,False,False,False,False,False,False,33.8027920380556,-117.4659261431046,976.9,2972.0,1049.4,396.9,True,1,1,False,False,False,False,,True,False,False,Course Lock,196.8,67,16.4,93,E,S,7.15,7.38,Calm,False,False,Android,7.0.2,M300 RTK,1ZN7L4R0H1D00F,1W9DL31001461C,1ZMLH8300204F0,1Z6PH74DAP0QN7,"Corona, CA",728.3,5.7,137.7,8.547347,2.013246,0,0,DJI Matrice 300 RTK,M300 RTK,1ZN7L4R0H1D00F,1W9DL31001461C,1ZMLH8300204F0,1Z6PH74DAP0QN7,DJI Pilot,Android,7.0.2,1EF72A62-B7C3-C88D-164E-CE6F8C8424AE,1ZN7L4R0H1D00F,1W9DL31001461C,,1ZMLH8300204F0,1W9DL31001461C,,,,,
2023-11-01,11:26:53.33 AM,2m 31.0s,151.0,33.8010668937789,-117.4683930958757,86.9,86.9,17.0,1351,1036.1,4.966812,6.085134,0.671082,0.671082,-4.921268,1.342164,-0.223694,0,1.8,0.6,1.8,-83,277,277.1,Tripod,Other,,22,5,True,,True,False,,Smart,RC,False,True,False,,,True,,False,False,False,False,False,False,False,False,False,False,0,Follow Yaw,-88.9,0,-91.1,268.9,False,False,False,False,False,,0,0,False,False,No Card,100,100,1024,1308,1199,1147,2,False,False,False,False,False,0,False,False,False,False,92,,47.652,,9240,,10044,,47.652,,True,3.966,3.966,3.966,3.966,3.966,3.966,3.966,3.966,3.966,3.966,3.966,3.966,0,,False,False,True,,,,,,,,,,,,,,,False,False,18.524,,86.0,,75.7,,86.0,,1760,50,8,16,7,142525.0,19003.33,,Idle,,20,,10,,,20,Go Home,False,False,False,False,False,False,False,False,False,False,False,False,33.8027920380556,-117.4659261431046,977.4,2972.0,1049.4,396.9,True,1,1,False,False,False,False,,True,False,False,Course Lock,196.8,67,16.4,93,E,S,7.15,7.38,Calm,False,False,Android,7.0.2,M300 RTK,1ZN7L4R0H1D00F,1W9DL31001461C,1ZMLH8300204F0,1Z6PH74DAP0QN7,"Corona, CA",728.3,5.7,137.7,8.547347,2.013246,0,0,DJI Matrice 300 RTK,M300 RTK,1ZN7L4R0H1D00F,1W9DL31001461C,1ZMLH8300204F0,1Z6PH74DAP0QN7,DJI Pilot,Android,7.0.2,1EF72A62-B7C3-C88D-164E-CE6F8C8424AE,1ZN7L4R0H1D00F,1W9DL31001461C,,1ZMLH8300204F0,1W9DL31001461C,,,,,
2023-11-01,11:26:53.44 AM,2m 31.1s,151.1,33.8010671141788,-117.4683955784377,87.2,87.2,17.0,1351,1036.9,4.966812,6.085134,0.671082,0.671082,-4.921268,1.342164,-0.223694,0,1.8,0.5,1.8,-82.7,277.3,276.0,Tripod,Other,,22,5,True,,True,False,,Smart,RC,False,True,False,,,True,,False,False,False,False,False,False,False,False,False,False,0,Follow Yaw,-88.9,0,-90.9,269.1,False,False,False,False,False,,0,0,False,False,No Card,100,100,1024,1309,1205,1146,2,False,False,False,False,False,0,False,False,False,False,92,,47.652,,9240,,10044,,47.652,,True,3.966,3.966,3.966,3.966,3.966,3.966,3.966,3.966,3.966,3.966,3.966,3.966,0,,False,False,True,,,,,,,,,,,,,,,False,False,18.524,,86.0,,75.7,,86.0,,1760,50,8,16,7,142525.0,19003.33,,Idle,,20,,10,,,20,Go Home,False,False,False,False,False,False,False,False,False,False,False,False,33.8027920380556,-117.4659261431046,977.9,2972.0,1049.4,396.9,True,1,1,False,False,False,False,,True,False,False,Course Lock,196.8,67,16.4,93,E,S,7.15,7.38,Calm,False,False,Android,7.0.2,M300 RTK,1ZN7L4R0H1D00F,1W9DL31001461C,1ZMLH8300204F0,1Z6PH74DAP0QN7,"Corona, CA",728.3,5.7,137.7,8.547347,2.013246,0,0,DJI Matrice 300 RTK,M300 RTK,1ZN7L4R0H1D00F,1W9DL31001461C,1ZMLH8300204F0,1Z6PH74DAP0QN7,DJI Pilot,Android,7.0.2,1EF72A62-B7C3-C88D-164E-CE6F8C8424AE,1ZN7L4R0H1D00F,1W9DL31001461C,,1ZMLH8300204F0,1W9DL31001461C,,,,,
2023-11-01,11:26:53.54 AM,2m 31.2s,151.2,33.8010673828254,-117.4683980253743,87.2,87.2,17.0,1351,1037.6,4.966812,6.085134,0.671082,0.671082,-4.921268,1.342164,-0.223694,0,1.7,0.4,1.7,-82.4,277.6,277.5,Tripod,Other,,22,5,True,,True,False,,Smart,RC,False,True,False,,,True,,False,False,False,False,False,False,False,False,False,False,0,Follow Yaw,-88.9,0,-90.7,269.3,False,False,False,False,False,,0,0,False,False,No Card,100,100,1024,1311,1214,1147,2,False,False,False,False,False,0,False,False,False,False,92,,47.652,,9240,,10044,,47.652,,True,3.966,3.966,3.966,3.966,3.966,3.966,3.966,3.966,3.966,3.966,3.966,3.966,0,,False,False,True,,,,,,,,,,,,,,,False,False,18.524,,86.0,,75.7,,86.0,,1760,50,8,16,7,142525.0,19003.33,,Idle,,20,,10,,,20,Go Home,False,False,False,False,False,False,False,False,False,False,False,False,33.8027920380556,-117.4659261431046,978.4,2972.0,1049.4,396.9,True,1,1,False,False,False,False,,True,False,False,Course Lock,196.8,67,16.4,93,E,S,7.15,7.38,Calm,False,False,Android,7.0.2,M300 RTK,1ZN7L4R0H1D00F,1W9DL31001461C,1ZMLH8300204F0,1Z6PH74DAP0QN7,"Corona, CA",728.3,5.7,137.7,8.547347,2.013246,0,0,DJI Matrice 300 RTK,M300 RTK,1ZN7L4R0H1D00F,1W9DL31001461C,1ZMLH8300204F0,1Z6PH74DAP0QN7,DJI Pilot,Android,7.0.2,1EF72A62-B7C3-C88D-164E-CE6F8C8424AE,1ZN7L4R0H1D00F,1W9DL31001461C,,1ZMLH8300204F0,1W9DL31001461C,,,,,
2023-11-01,11:26:53.64 AM,2m 31.3s,151.3,33.8010677293247,-117.4684006161318,87.2,87.2,17.0,1351,1038.4,4.966812,6.085134,0.671082,0.671082,-4.921268,1.342164,-0.223694,0,1.6,0.4,1.6,-82.2,277.8,279.1,Tripod,Other,,22,5,True,,True,False,,Smart,RC,False,True,False,,,True,,False,False,False,False,False,False,False,False,False,False,0,Follow Yaw,-88.9,0,-90.4,269.6,False,False,False,False,False,,0,0,False,False,No Card,100,100,1024,1312,1216,1156,2,False,False,False,False,False,0,False,False,False,False,92,,47.652,,9240,,10044,,47.652,,True,3.971,3.971,3.971,3.971,3.971,3.971,3.971,3.971,3.971,3.971,3.971,3.971,0,,False,False,True,,,,,,,,,,,,,,,False,False,18.524,,86.0,,75.7,,86.0,,1759,51,8,16,7,142482.2,18997.63,,Idle,,20,,10,,,20,Go Home,False,False,False,False,False,False,False,False,False,False,False,False,33.8027920380556,-117.4659261431046,978.9,2972.0,1049.4,396.9,True,1,1,False,False,False,False,,True,False,False,Course Lock,196.8,67,16.4,93,E,S,7.15,7.38,Calm,False,False,Android,7.0.2,M300 RTK,1ZN7L4R0H1D00F,1W9DL31001461C,1ZMLH8300204F0,1Z6PH74DAP0QN7,"Corona, CA",728.3,5.7,137.7,8.547347,2.013246,0,0,DJI Matrice 300 RTK,M300 RTK,1ZN7L4R0H1D00F,1W9DL31001461C,1ZMLH8300204F0,1Z6PH74DAP0QN7,DJI Pilot,Android,7.0.2,1EF72A62-B7C3-C88D-164E-CE6F8C8424AE,1ZN7L4R0H1D00F,1W9DL31001461C,,1ZMLH8300204F0,1W9DL31001461C,,,,,
2023-11-01,11:26:53.74 AM,2m 31.4s,151.4,33.8010680116777,-117.4684030696656,87.2,87.2,17.0,1351,1039.2,4.966812,6.085134,0.671082,0.671082,-4.921268,1.342164,-0.223694,0,1.4,0.6,1.5,-82,278,277.8,Tripod,Other,,22,5,True,,True,False,,Smart,RC,False,True,False,,,True,,False,False,False,False,False,False,False,False,False,False,0,Follow Yaw,-88.9,0,-90.2,269.8,False,False,False,False,False,,0,0,False,False,No Card,100,100,1024,1312,1219,1174,2,False,False,False,False,False,0,False,False,False,False,92,,47.652,,9240,,10044,,47.652,,True,3.971,3.971,3.971,3.971,3.971,3.971,3.971,3.971,3.971,3.971,3.971,3.971,0,,False,False,True,,,,,,,,,,,,,,,False,False,18.524,,86.0,,75.7,,86.0,,1759,51,8,16,7,142482.2,18997.63,,Idle,,20,,10,,,20,Go Home,False,False,False,False,False,False,False,False,False,False,False,False,33.8027920380556,-117.4659261431046,979.4,2972.0,1049.4,396.9,True,1,1,False,False,False,False,,True,False,False,Course Lock,196.8,67,16.4,93,E,S,7.15,7.38,Calm,False,False,Android,7.0.2,M300 RTK,1ZN7L4R0H1D00F,1W9DL31001461C,1ZMLH8300204F0,1Z6PH74DAP0QN7,"Corona, CA",728.3,5.7,137.7,8.547347,2.013246,0,0,DJI Matrice 300 RTK,M300 RTK,1ZN7L4R0H1D00F,1W9DL31001461C,1ZMLH8300204F0,1Z6PH74DAP0QN7,DJI Pilot,Android,7.0.2,1EF72A62-B7C3-C88D-164E-CE6F8C8424AE,1ZN7L4R0H1D00F,1W9DL31001461C,,1ZMLH8300204F0,1W9DL31001461C,,,,,
2023-11-01,11:26:53.85 AM,2m 31.5s,151.5,33.8010684711183,-117.4684053516699,87.2,87.2,17.0,1351,1039.9,4.966812,6.085134,0.671082,0.671082,-4.921268,1.342164,-0.223694,0,1.3,0.7,1.4,-81.8,278.2,283.6,Tripod,Other,,22,5,True,,True,False,,Smart,RC,False,True,False,,,True,,False,False,False,False,False,False,False,False,False,False,0,Follow Yaw,-88.9,0,-90,270,False,False,False,False,False,,0,0,False,False,No Card,100,100,1024,1311,1221,1180,2,False,False,False,False,False,0,False,False,False,False,92,,47.652,,9240,,10044,,47.652,,True,3.971,3.971,3.971,3.971,3.971,3.971,3.971,3.971,3.971,3.971,3.971,3.971,0,,False,False,True,,,,,,,,,,,,,,,False,False,18.524,,86.0,,75.7,,86.0,,1759,51,8,16,7,142482.2,18997.63,,Idle,,20,,10,,,20,Go Home,False,False,False,False,False,False,False,False,False,False,False,False,33.8027920380556,-117.4659261431046,979.9,2972.0,1049.4,396.9,True,1,1,False,False,False,False,,True,False,False,Course Lock,196.8,67,16.4,93,E,S,7.15,7.38,Calm,False,False,Android,7.0.2,M300 RTK,1ZN7L4R0H1D00F,1W9DL31001461C,1ZMLH8300204F0,1Z6PH74DAP0QN7,"Corona, CA",728.3,5.7,137.7,8.547347,2.013246,0,0,DJI Matrice 300 RTK,M300 RTK,1ZN7L4R0H1D00F,1W9DL31001461C,1ZMLH8300204F0,1Z6PH74DAP0QN7,DJI Pilot,Android,7.0.2,1EF72A62-B7C3-C88D-164E-CE6F8C8424AE,1ZN7L4R0H1D00F,1W9DL31001461C,,1ZMLH8300204F0,1W9DL31001461C,,,,,
2023-11-01,11:26:53.95 AM,2m 31.6s,151.6,33.8010687792394,-117.4684077933287,87.2,87.2,17.3,1351,1040.6,4.966812,6.085134,0.671082,0.671082,-4.921268,1.342164,-0.223694,0,1.2,0.8,1.4,-81.6,278.4,278.6,Tripod,Other,,22,5,True,,True,False,,Smart,RC,False,True,False,,,True,,False,False,False,False,False,False,False,False,False,False,0,Follow Yaw,-88.9,0,-89.7,270.3,False,False,False,False,False,,0,0,False,False,No Card,100,100,1024,1308,1225,1179,2,False,False,False,False,False,0,False,False,False,False,92,,47.652,,9240,,10044,,47.652,,True,3.971,3.971,3.971,3.971,3.971,3.971,3.971,3.971,3.971,3.971,3.971,3.971,0,,False,False,True,,,,,,,,,,,,,,,False,False,18.524,,86.0,,75.7,,86.0,,1759,51,8,16,7,142482.2,18997.63,,Idle,,20,,10,,,20,Go Home,False,False,False,False,False,False,False,False,False,False,False,False,33.8027920380556,-117.4659261431046,980.3,2972.0,1049.4,396.9,True,1,1,False,False,False,False,,True,False,False,Course Lock,196.8,67,16.4,93,E,S,7.15,7.38,Calm,False,False,Android,7.0.2,M300 RTK,1ZN7L4R0H1D00F,1W9DL31001461C,1ZMLH8300204F0,1Z6PH74DAP0QN7,"Corona, CA",728.3,5.7,137.7,8.547347,2.013246,0,0,DJI Matrice 300 RTK,M300 RTK,1ZN7L4R0H1D00F,1W9DL31001461C,1ZMLH8300204F0,1Z6PH74DAP0QN7,DJI Pilot,Android,7.0.2,1EF72A62-B7C3-C88D-164E-CE6F8C8424AE,1ZN7L4R0H1D00F,1W9DL31001461C,,1ZMLH8300204F0,1W9DL31001461C,,,,,
2023-11-01,11:26:54.05 AM,2m 31.7s,151.7,33.8010690237627,-117.4684101215139,87.5,87.5,17.3,1351,1041.3,4.966812,6.085134,0.671082,0.671082,-4.921268,1.342164,-0.223694,0,1.2,0.9,1.5,-81.4,278.6,277.2,Tripod,Other,,22,5,True,,True,False,,Smart,RC,False,True,False,,,True,,False,False,False,False,False,False,False,False,False,False,0,Follow Yaw,-88.9,0,-89.3,270.7,False,False,False,False,False,,0,0,False,False,No Card,100,100,1024,1308,1225,1180,2,False,False,False,False,False,0,False,False,False,False,92,,47.652,,9240,,10044,,47.652,,True,3.971,3.971,3.971,3.971,3.971,3.971,3.971,3.971,3.971,3.971,3.971,3.971,0,,False,False,True,,,,,,,,,,,,,,,False,False,18.524,,86.0,,75.7,,86.0,,1759,51,8,16,7,142482.2,18997.63,,Idle,,20,,10,,,20,Go Home,False,False,False,False,False,False,False,False,False,False,False,False,33.8027920380556,-117.4659261431046,980.8,2972.0,1049.4,396.9,True,1,1,False,False,False,False,,True,False,False,Course Lock,196.8,67,16.4,93,E,S,7.15,7.38,Calm,False,False,Android,7.0.2,M300 RTK,1ZN7L4R0H1D00F,1W9DL31001461C,1ZMLH8300204F0,1Z6PH74DAP0QN7,"Corona, CA",728.3,5.7,137.7,8.547347,2.013246,0,0,DJI Matrice 300 RTK,M300 RTK,1ZN7L4R0H1D00F,1W9DL31001461C,1ZMLH8300204F0,1Z6PH74DAP0QN7,DJI Pilot,Android,7.0.2,1EF72A62-B7C3-C88D-164E-CE6F8C8424AE,1ZN7L4R0H1D00F,1W9DL31001461C,,1ZMLH8300204F0,1W9DL31001461C,,,,,
2023-11-01,11:26:54.16 AM,2m 31.8s,151.8,33.8010693450421,-117.4684125519573,87.5,87.5,17.3,1351,1042.1,4.966812,6.085134,0.671082,0.671082,-4.921268,1.342164,-0.223694,0,1.3,1,1.6,-81.2,278.8,279.0,Tripod,Other,,22,5,True,,True,False,,Smart,RC,False,True,False,,,True,,False,False,False,False,False,False,False,False,False,False,0,Follow Yaw,-88.9,0,-89,271,False,False,False,False,False,,0,0,False,False,No Card,100,100,1024,1307,1224,1181,2,False,False,False,False,False,0,False,False,False,False,92,,47.652,,9240,,10044,,47.652,,True,3.971,3.971,3.971,3.971,3.971,3.971,3.971,3.971,3.971,3.971,3.971,3.971,0,,False,False,True,,,,,,,,,,,,,,,False,False,18.524,,86.0,,75.7,,86.0,,1759,51,8,16,7,142482.2,18997.63,,Idle,,20,,10,,,20,Go Home,False,False,False,False,False,False,False,False,False,False,False,False,33.8027920380556,-117.4659261431046,981.3,2972.0,1049.4,396.9,True,1,1,False,False,False,False,,True,False,False,Course Lock,196.8,67,16.4,93,E,S,7.15,7.38,Calm,False,False,Android,7.0.2,M300 RTK,1ZN7L4R0H1D00F,1W9DL31001461C,1ZMLH8300204F0,1Z6PH74DAP0QN7,"Corona, CA",728.3,5.7,137.7,8.547347,2.013246,0,0,DJI Matrice 300 RTK,M300 RTK,1ZN7L4R0H1D00F,1W9DL31001461C,1ZMLH8300204F0,1Z6PH74DAP0QN7,DJI Pilot,Android,7.0.2,1EF72A62-B7C3-C88D-164E-CE6F8C8424AE,1ZN7L4R0H1D00F,1W9DL31001461C,,1ZMLH8300204F0,1W9DL31001461C,,,,,
2023-11-01,11:26:54.26 AM,2m 31.9s,151.9,33.8010697381433,-117.468415098513,87.5,87.5,17.3,1351,1042.9,4.966812,6.085134,0.671082,0.671082,-4.921268,1.342164,-0.223694,0,1.4,1.2,1.8,-80.9,279.1,280.5,Tripod,Other,,22,5,True,,True,False,,Smart,RC,False,True,False,,,True,,False,False,False,False,False,False,False,False,False,False,0,Follow Yaw,-88.9,0,-88.7,271.3,False,False,False,False,False,,0,0,False,False,No Card,100,100,1024,1307,1226,1181,2,False,False,False,False,False,0,False,False,False,False,92,,47.652,,9240,,10044,,47.652,,True,3.971,3.971,3.971,3.971,3.971,3.971,3.971,3.971,3.971,3.971,3.971,3.971,0,,False,False,True,,,,,,,,,,,,,,,False,False,18.524,,86.0,,75.7,,86.0,,1759,51,8,16,7,142482.2,18997.63,,Idle,,20,,10,,,20,Go Home,False,False,False,False,False,False,False,False,False,False,False,False,33.8027920380556,-117.4659261431046,981.8,2972.0,1049.4,396.9,True,1,1,False,False,False,False,,True,False,False,Course Lock,196.8,67,16.4,93,E,S,7.15,7.38,Calm,False,False,Android,7.0.2,M300 RTK,1ZN7L4R0H1D00F,1W9DL31001461C,1ZMLH8300204F0,1Z6PH74DAP0QN7,"Corona, CA",728.3,5.7,137.7,8.547347,2.013246,0,0,DJI Matrice 300 RTK,M300 RTK,1ZN7L4R0H1D00F,1W9DL31001461C,1ZMLH8300204F0,1Z6PH74DAP0QN7,DJI Pilot,Android,7.0.2,1EF72A62-B7C3-C88D-164E-CE6F8C8424AE,1ZN7L4R0H1D00F,1W9DL31001461C,,1ZMLH8300204F0,1W9DL31001461C,,,,,
2023-11-01,11:26:54.36 AM,2m 32.0s,152.0,33.8010700890287,-117.468417539512,87.5,87.5,17.3,1351,1043.6,4.966812,6.085134,0.671082,0.671082,-4.921268,1.342164,-0.223694,0,1.5,1.3,1.9,-80.6,279.4,279.8,Tripod,Other,,22,5,True,,True,False,,Smart,RC,False,True,False,,,True,,False,False,False,False,False,False,False,False,False,False,0,Follow Yaw,-88.9,0,-88.4,271.6,False,False,False,False,False,,0,0,False,False,No Card,100,100,1024,1309,1230,1168,2,False,False,False,False,False,0,False,False,False,False,91,,47.64,,9189,,10044,,47.64,,True,3.971,3.971,3.971,3.971,3.971,3.971,3.971,3.971,3.971,3.971,3.971,3.971,0,,False,False,True,,,,,,,,,,,,,,,False,False,18.604,,86.0,,75.7,,86.0,,1759,51,8,16,7,142482.2,18997.63,,Idle,,20,,10,,,20,Go Home,False,False,False,False,False,False,False,False,False,False,False,False,33.8027920380556,-117.4659261431046,982.3,2972.0,1049.4,396.9,True,1,1,False,False,False,False,,True,False,False,Course Lock,196.8,67,16.4,93,E,S,7.15,7.38,Calm,False,False,Android,7.0.2,M300 RTK,1ZN7L4R0H1D00F,1W9DL31001461C,1ZMLH8300204F0,1Z6PH74DAP0QN7,"Corona, CA",728.3,5.7,137.7,8.547347,2.013246,0,0,DJI Matrice 300 RTK,M300 RTK,1ZN7L4R0H1D00F,1W9DL31001461C,1ZMLH8300204F0,1Z6PH74DAP0QN7,DJI Pilot,Android,7.0.2,1EF72A62-B7C3-C88D-164E-CE6F8C8424AE,1ZN7L4R0H1D00F,1W9DL31001461C,,1ZMLH8300204F0,1W9DL31001461C,,,,,
2023-11-01,11:26:54.46 AM,2m 32.1s,152.1,33.8010706115189,-117.4684198703362,87.5,87.5,17.3,1351,1044.4,5.001949,6.085134,0.894776,0.894776,-4.921268,1.342164,-0.223694,0,1.7,1.4,2.2,-80.2,279.8,285.0,Tripod,Other,,22,5,True,,True,False,,Smart,RC,False,True,False,,,True,,False,False,False,False,False,False,False,False,False,False,0,Follow Yaw,-88.9,0,-88.1,271.9,False,False,False,False,False,,0,0,False,False,No Card,100,100,1024,1309,1230,1167,2,False,False,False,False,False,0,False,False,False,False,91,,47.64,,9189,,10044,,47.64,,True,3.971,3.971,3.971,3.971,3.971,3.971,3.971,3.971,3.971,3.971,3.971,3.971,0,,False,False,True,,,,,,,,,,,,,,,False,False,18.604,,86.0,,75.7,,86.0,,1759,51,8,16,7,142482.2,18997.63,,Idle,,20,,10,,,20,Go Home,False,False,False,False,False,False,False,False,False,False,False,False,33.8027920380556,-117.4659261431046,982.7,2972.0,1049.4,396.9,True,1,1,False,False,False,False,,True,False,False,Course Lock,196.8,67,16.4,93,E,S,7.15,7.38,Calm,False,False,Android,7.0.2,M300 RTK,1ZN7L4R0H1D00F,1W9DL31001461C,1ZMLH8300204F0,1Z6PH74DAP0QN7,"Corona, CA",728.3,5.7,137.7,8.547347,2.013246,0,0,DJI Matrice 300 RTK,M300 RTK,1ZN7L4R0H1D00F,1W9DL31001461C,1ZMLH8300204F0,1Z6PH74DAP0QN7,DJI Pilot,Android,7.0.2,1EF72A62-B7C3-C88D-164E-CE6F8C8424AE,1ZN7L4R0H1D00F,1W9DL31001461C,,1ZMLH8300204F0,1W9DL31001461C,,,,,
2023-11-01,11:26:54.56 AM,2m 32.2s,152.2,33.8010710046201,-117.4684222935225,87.5,87.5,17.3,1351,1045.1,5.001949,6.085134,0.894776,0.894776,-4.921268,1.342164,-0.223694,0,1.8,1.3,2.2,-79.9,280.1,281.0,Tripod,Other,,22,5,True,,True,False,,Smart,RC,False,True,False,,,True,,False,False,False,False,False,False,False,False,False,False,0,Follow Yaw,-88.9,0,-87.8,272.2,False,False,False,False,False,,0,0,False,False,No Card,100,100,1024,1309,1230,1168,2,False,False,False,False,False,0,False,False,False,False,91,,47.64,,9189,,10044,,47.64,,True,3.971,3.971,3.971,3.971,3.971,3.971,3.971,3.971,3.971,3.971,3.971,3.971,0,,False,False,True,,,,,,,,,,,,,,,False,False,18.604,,86.0,,75.7,,86.0,,1759,51,8,16,7,142482.2,18997.63,,Idle,,20,,10,,,20,Go Home,False,False,False,False,False,False,False,False,False,False,False,False,33.8027920380556,-117.4659261431046,983.2,2972.0,1049.4,396.9,True,1,1,False,False,False,False,,True,False,False,Course Lock,196.8,67,16.4,93,E,S,7.15,7.38,Calm,False,False,Android,7.0.2,M300 RTK,1ZN7L4R0H1D00F,1W9DL31001461C,1ZMLH8300204F0,1Z6PH74DAP0QN7,"Corona, CA",728.3,5.7,137.7,8.547347,2.013246,0,0,DJI Matrice 300 RTK,M300 RTK,1ZN7L4R0H1D00F,1W9DL31001461C,1ZMLH8300204F0,1Z6PH74DAP0QN7,DJI Pilot,Android,7.0.2,1EF72A62-B7C3-C88D-164E-CE6F8C8424AE,1ZN7L4R0H1D00F,1W9DL31001461C,,1ZMLH8300204F0,1W9DL31001461C,,,,,
2023-11-01,11:26:54.67 AM,2m 32.3s,152.3,33.8010711564877,-117.4684248143487,87.9,87.9,17.0,1352,1045.9,5.001949,6.085134,0.894776,0.894776,-4.921268,1.342164,-0.223694,0,1.8,0.9,2,-79.6,280.4,274.1,Tripod,Other,,22,5,True,,True,False,,Smart,RC,False,True,False,,,True,,False,False,False,False,False,False,False,False,False,False,0,Follow Yaw,-88.9,0,-87.5,272.5,False,False,False,False,False,,0,0,False,False,No Card,100,100,1024,1309,1228,1171,2,False,False,False,False,False,0,False,False,False,False,91,,47.64,,9189,,10044,,47.64,,True,3.97,3.97,3.97,3.97,3.97,3.97,3.97,3.97,3.97,3.97,3.97,3.97,0,,False,False,True,,,,,,,,,,,,,,,False,False,18.604,,86.0,,75.7,,86.0,,1758,51,8,16,7,142202.5,18960.34,,Idle,,20,,10,,,20,Go Home,False,False,False,False,False,False,False,False,False,False,False,False,33.8027920380556,-117.4659261431046,983.8,2972.0,1049.4,396.9,True,1,1,False,False,False,False,,True,False,False,Course Lock,196.8,67,16.4,93,E,S,7.15,7.38,Calm,False,False,Android,7.0.2,M300 RTK,1ZN7L4R0H1D00F,1W9DL31001461C,1ZMLH8300204F0,1Z6PH74DAP0QN7,"Corona, CA",728.3,5.7,137.7,8.547347,2.013246,0,0,DJI Matrice 300 RTK,M300 RTK,1ZN7L4R0H1D00F,1W9DL31001461C,1ZMLH8300204F0,1Z6PH74DAP0QN7,DJI Pilot,Android,7.0.2,1EF72A62-B7C3-C88D-164E-CE6F8C8424AE,1ZN7L4R0H1D00F,1W9DL31001461C,,1ZMLH8300204F0,1W9DL31001461C,,,,,
2023-11-01,11:26:54.77 AM,2m 32.4s,152.4,33.8010715506855,-117.468427230278,87.9,87.9,17.0,1352,1046.6,5.001949,6.085134,0.894776,0.894776,-4.921268,1.342164,-0.223694,0,1.9,0.5,1.9,-79.3,280.7,281.1,Tripod,Other,,22,5,True,,True,False,,Smart,RC,False,True,False,,,True,,False,False,False,False,False,False,False,False,False,False,0,Follow Yaw,-88.9,0,-87.2,272.8,False,False,False,False,False,,0,0,False,False,No Card,100,100,1024,1310,1224,1175,2,False,False,False,False,False,0,False,False,False,False,91,,47.64,,9189,,10044,,47.64,,True,3.97,3.97,3.97,3.97,3.97,3.97,3.97,3.97,3.97,3.97,3.97,3.97,0,,False,False,True,,,,,,,,,,,,,,,False,False,18.604,,86.0,,75.7,,86.0,,1758,51,8,16,7,142202.5,18960.34,,Idle,,20,,10,,,20,Go Home,False,False,False,False,False,False,False,False,False,False,False,False,33.8027920380556,-117.4659261431046,984.2,2972.0,1049.4,396.9,True,1,1,False,False,False,False,,True,False,False,Course Lock,196.8,67,16.4,93,E,S,7.15,7.38,Calm,False,False,Android,7.0.2,M300 RTK,1ZN7L4R0H1D00F,1W9DL31001461C,1ZMLH8300204F0,1Z6PH74DAP0QN7,"Corona, CA",728.3,5.7,137.7,8.547347,2.013246,0,0,DJI Matrice 300 RTK,M300 RTK,1ZN7L4R0H1D00F,1W9DL31001461C,1ZMLH8300204F0,1Z6PH74DAP0QN7,DJI Pilot,Android,7.0.2,1EF72A62-B7C3-C88D-164E-CE6F8C8424AE,1ZN7L4R0H1D00F,1W9DL31001461C,,1ZMLH8300204F0,1W9DL31001461C,,,,,
2023-11-01,11:26:54.88 AM,2m 32.5s,152.5,33.8010719898404,-117.4684297194372,87.9,87.9,17.0,1352,1047.4,5.001949,6.085134,0.894776,0.894776,-4.921268,1.342164,-0.223694,0,1.8,0.3,1.8,-79,281,281.9,Tripod,Other,,22,5,True,,True,False,,Smart,RC,False,True,False,,,True,,False,False,False,False,False,False,False,False,False,False,0,Follow Yaw,-88.9,0,-86.9,273.1,False,False,False,False,False,,0,0,False,False,No Card,100,100,1024,1309,1225,1174,2,False,False,False,False,False,0,False,False,False,False,91,,47.64,,9189,,10044,,47.64,,True,3.97,3.97,3.97,3.97,3.97,3.97,3.97,3.97,3.97,3.97,3.97,3.97,0,,False,False,True,,,,,,,,,,,,,,,False,False,18.604,,86.0,,75.7,,86.0,,1758,51,8,16,7,142202.5,18960.34,,Idle,,20,,10,,,20,Go Home,False,False,False,False,False,False,False,False,False,False,False,False,33.8027920380556,-117.4659261431046,984.7,2972.0,1049.4,396.9,True,1,1,False,False,False,False,,True,False,False,Course Lock,196.8,67,16.4,93,E,S,7.15,7.38,Calm,False,False,Android,7.0.2,M300 RTK,1ZN7L4R0H1D00F,1W9DL31001461C,1ZMLH8300204F0,1Z6PH74DAP0QN7,"Corona, CA",728.3,5.7,137.7,8.547347,2.013246,0,0,DJI Matrice 300 RTK,M300 RTK,1ZN7L4R0H1D00F,1W9DL31001461C,1ZMLH8300204F0,1Z6PH74DAP0QN7,DJI Pilot,Android,7.0.2,1EF72A62-B7C3-C88D-164E-CE6F8C8424AE,1ZN7L4R0H1D00F,1W9DL31001461C,,1ZMLH8300204F0,1W9DL31001461C,,,,,
2023-11-01,11:26:54.98 AM,2m 32.6s,152.6,33.8010723823934,-117.4684321340471,87.9,87.9,17.0,1352,1048.1,5.001949,6.085134,0.894776,0.894776,-4.921268,1.342164,-0.223694,0,1.6,0.4,1.6,-78.7,281.3,281.0,Tripod,Other,,22,5,True,,True,False,,Smart,RC,False,True,False,,,True,,False,False,False,False,False,False,False,False,False,False,0,Follow Yaw,-88.9,0,-86.6,273.4,False,False,False,False,False,,0,0,False,False,No Card,100,100,1024,1308,1230,1166,2,False,False,False,False,False,0,False,False,False,False,91,,47.64,,9189,,10044,,47.64,,True,3.97,3.97,3.97,3.97,3.97,3.97,3.97,3.97,3.97,3.97,3.97,3.97,0,,False,False,True,,,,,,,,,,,,,,,False,False,18.604,,86.0,,75.7,,86.0,,1758,51,8,16,7,142202.5,18960.34,,Idle,,20,,10,,,20,Go Home,False,False,False,False,False,False,False,False,False,False,False,False,33.8027920380556,-117.4659261431046,985.2,2972.0,1049.4,396.9,True,1,1,False,False,False,False,,True,False,False,Course Lock,196.8,67,16.4,93,E,S,7.38,7.38,Calm,False,False,Android,7.0.2,M300 RTK,1ZN7L4R0H1D00F,1W9DL31001461C,1ZMLH8300204F0,1Z6PH74DAP0QN7,"Corona, CA",728.3,5.7,137.7,8.547347,2.013246,0,0,DJI Matrice 300 RTK,M300 RTK,1ZN7L4R0H1D00F,1W9DL31001461C,1ZMLH8300204F0,1Z6PH74DAP0QN7,DJI Pilot,Android,7.0.2,1EF72A62-B7C3-C88D-164E-CE6F8C8424AE,1ZN7L4R0H1D00F,1W9DL31001461C,,1ZMLH8300204F0,1W9DL31001461C,,,,,
2023-11-01,11:26:55.04 AM,2m 32.7s,152.7,33.8010727299892,-117.4684346403593,87.9,87.9,17.0,1352,1048.9,5.001949,6.085134,0.894776,0.894776,-4.921268,1.342164,-0.223694,0,1.5,0.6,1.6,-78.5,281.5,279.4,Tripod,Other,,22,5,True,,True,False,,Smart,RC,False,True,False,,,True,,False,False,False,False,False,False,False,False,False,False,0,Follow Yaw,-88.9,0,-86.3,273.7,False,False,False,False,False,,0,0,False,False,No Card,100,100,1024,1307,1231,1166,2,False,False,False,False,False,0,False,False,False,False,92,,47.628,,4587,,4986,,47.628,,True,3.97,3.97,3.97,3.97,3.97,3.97,3.97,3.97,3.97,3.97,3.97,3.97,0,,False,False,True,,,,,,,,,,,,,,,False,False,9.07,,84.9,,75.7,,86.0,,1758,51,8,16,7,142202.5,18960.34,,Idle,,20,,10,,,20,Go Home,False,False,False,False,False,False,False,False,False,False,False,False,33.8027920380556,-117.4659261431046,985.7,2972.0,1049.4,396.9,True,1,1,False,False,False,False,,True,False,False,Course Lock,196.8,67,16.4,93,E,S,7.38,7.38,Calm,False,False,Android,7.0.2,M300 RTK,1ZN7L4R0H1D00F,1W9DL31001461C,1ZMLH8300204F0,1Z6PH74DAP0QN7,"Corona, CA",728.3,5.7,137.7,8.547347,2.013246,0,0,DJI Matrice 300 RTK,M300 RTK,1ZN7L4R0H1D00F,1W9DL31001461C,1ZMLH8300204F0,1Z6PH74DAP0QN7,DJI Pilot,Android,7.0.2,1EF72A62-B7C3-C88D-164E-CE6F8C8424AE,1ZN7L4R0H1D00F,1W9DL31001461C,,1ZMLH8300204F0,1W9DL31001461C,,,,,
2023-11-01,11:26:55.14 AM,2m 32.8s,152.8,33.8010731148666,-117.4684370556289,87.9,87.9,17.0,1352,1049.7,5.001949,6.085134,0.894776,0.894776,-4.921268,1.342164,-0.223694,0,1.3,0.8,1.5,-78.3,281.7,280.8,Tripod,Other,,22,5,True,,True,False,,Smart,RC,False,True,False,,,True,,False,False,False,False,False,False,False,False,False,False,0,Follow Yaw,-88.9,0,-86.1,273.9,False,False,False,False,False,,0,0,False,False,No Card,100,100,1024,1307,1230,1168,2,False,False,False,False,False,0,False,False,False,False,92,,47.628,,4587,,4986,,47.628,,True,3.97,3.97,3.97,3.97,3.97,3.97,3.97,3.97,3.97,3.97,3.97,3.97,0,,False,False,True,,,,,,,,,,,,,,,False,False,9.07,,84.9,,75.7,,86.0,,1758,51,8,16,7,142202.5,18960.34,,Idle,,20,,10,,,20,Go Home,False,False,False,False,False,False,False,False,False,False,False,False,33.8027920380556,-117.4659261431046,986.2,2972.0,1049.4,396.9,True,1,1,False,False,False,False,,True,False,False,Course Lock,196.8,67,16.4,93,E,S,7.38,7.38,Calm,False,False,Android,7.0.2,M300 RTK,1ZN7L4R0H1D00F,1W9DL31001461C,1ZMLH8300204F0,1Z6PH74DAP0QN7,"Corona, CA",728.3,5.7,137.7,8.547347,2.013246,0,0,DJI Matrice 300 RTK,M300 RTK,1ZN7L4R0H1D00F,1W9DL31001461C,1ZMLH8300204F0,1Z6PH74DAP0QN7,DJI Pilot,Android,7.0.2,1EF72A62-B7C3-C88D-164E-CE6F8C8424AE,1ZN7L4R0H1D00F,1W9DL31001461C,,1ZMLH8300204F0,1W9DL31001461C,,,,,
2023-11-01,11:26:55.24 AM,2m 32.9s,152.9,33.8010735858205,-117.4684394438496,88.2,88.2,17.0,1352,1050.4,5.001949,6.085134,0.894776,0.894776,-4.921268,1.342164,-0.223694,0,1.1,0.9,1.4,-78.1,281.9,283.3,Tripod,Other,,22,5,True,,True,False,,Smart,RC,False,True,False,,,True,,False,False,False,False,False,False,False,False,False,False,0,Follow Yaw,-88.9,0,-85.8,274.2,False,False,False,False,False,,0,0,False,False,No Card,100,100,1024,1307,1226,1197,2,False,False,False,False,False,0,False,False,False,False,92,,47.628,,4587,,4986,,47.628,,True,3.97,3.97,3.97,3.97,3.97,3.97,3.97,3.97,3.97,3.97,3.97,3.97,0,,False,False,True,,,,,,,,,,,,,,,False,False,9.07,,84.9,,75.7,,86.0,,1758,51,8,16,7,142202.5,18960.34,,Idle,,20,,10,,,20,Go Home,False,False,False,False,False,False,False,False,False,False,False,False,33.8027920380556,-117.4659261431046,986.6,2972.0,1049.4,396.9,True,1,1,False,False,False,False,,True,False,False,Course Lock,196.8,67,16.4,93,E,S,7.38,7.38,Calm,False,False,Android,7.0.2,M300 RTK,1ZN7L4R0H1D00F,1W9DL31001461C,1ZMLH8300204F0,1Z6PH74DAP0QN7,"Corona, CA",728.3,5.7,137.7,8.547347,2.013246,0,0,DJI Matrice 300 RTK,M300 RTK,1ZN7L4R0H1D00F,1W9DL31001461C,1ZMLH8300204F0,1Z6PH74DAP0QN7,DJI Pilot,Android,7.0.2,1EF72A62-B7C3-C88D-164E-CE6F8C8424AE,1ZN7L4R0H1D00F,1W9DL31001461C,,1ZMLH8300204F0,1W9DL31001461C,,,,,
2023-11-01,11:26:55.34 AM,2m 33.0s,153.0,33.8010739805665,-117.468441871654,88.2,88.2,17.0,1352,1051.1,5.001949,6.085134,0.894776,0.894776,-4.921268,1.342164,-0.223694,0,1,1,1.4,-77.8,282.2,281.0,Tripod,Other,,22,5,True,,True,False,,Smart,RC,False,True,False,,,True,,False,False,False,False,False,False,False,False,False,False,0,Follow Yaw,-88.9,0,-85.5,274.5,False,False,False,False,False,,0,0,False,False,No Card,100,100,1024,1309,1220,1213,2,False,False,False,False,False,0,False,False,False,False,91,,47.64,,9189,,10044,,47.64,,True,3.97,3.97,3.97,3.97,3.97,3.97,3.97,3.97,3.97,3.97,3.97,3.97,0,,False,False,True,,,,,,,,,,,,,,,False,False,18.832,,86.0,,75.7,,86.0,,1758,51,8,16,7,142202.5,18960.34,,Idle,,20,,10,,,20,Go Home,False,False,False,False,False,False,False,False,False,False,False,False,33.8027920380556,-117.4659261431046,987.1,2972.0,1049.4,396.9,True,1,1,False,False,False,False,,True,False,False,Course Lock,196.8,67,16.4,93,E,S,7.38,7.38,Calm,False,False,Android,7.0.2,M300 RTK,1ZN7L4R0H1D00F,1W9DL31001461C,1ZMLH8300204F0,1Z6PH74DAP0QN7,"Corona, CA",728.3,5.7,137.7,8.547347,2.013246,0,0,DJI Matrice 300 RTK,M300 RTK,1ZN7L4R0H1D00F,1W9DL31001461C,1ZMLH8300204F0,1Z6PH74DAP0QN7,DJI Pilot,Android,7.0.2,1EF72A62-B7C3-C88D-164E-CE6F8C8424AE,1ZN7L4R0H1D00F,1W9DL31001461C,,1ZMLH8300204F0,1W9DL31001461C,,,,,
2023-11-01,11:26:55.44 AM,2m 33.1s,153.1,33.8010744389105,-117.4684444637311,88.2,88.2,17.0,1352,1051.9,5.001949,6.085134,0.894776,0.894776,-4.921268,1.342164,-0.223694,0,1.2,1.3,1.7,-77.6,282.4,282.0,Tripod,Other,,22,5,True,,True,False,,Smart,RC,False,True,False,,,True,,False,False,False,False,False,False,False,False,False,False,0,Follow Yaw,-88.9,0,-85.1,274.9,False,False,False,False,False,,0,0,False,False,No Card,100,100,1024,1308,1221,1213,2,False,False,False,False,False,0,False,False,False,False,91,,47.64,,9189,,10044,,47.64,,True,3.97,3.97,3.97,3.97,3.97,3.97,3.97,3.97,3.97,3.97,3.97,3.97,0,,False,False,True,,,,,,,,,,,,,,,False,False,18.832,,86.0,,75.7,,86.0,,1758,51,8,16,7,142202.5,18960.34,,Idle,,20,,10,,,20,Go Home,False,False,False,False,False,False,False,False,False,False,False,False,33.8027920380556,-117.4659261431046,987.6,2972.0,1049.4,396.9,True,1,1,False,False,False,False,,True,False,False,Course Lock,196.8,67,16.4,93,E,S,7.38,7.38,Calm,False,False,Android,7.0.2,M300 RTK,1ZN7L4R0H1D00F,1W9DL31001461C,1ZMLH8300204F0,1Z6PH74DAP0QN7,"Corona, CA",728.3,5.7,137.7,8.547347,2.013246,0,0,DJI Matrice 300 RTK,M300 RTK,1ZN7L4R0H1D00F,1W9DL31001461C,1ZMLH8300204F0,1Z6PH74DAP0QN7,DJI Pilot,Android,7.0.2,1EF72A62-B7C3-C88D-164E-CE6F8C8424AE,1ZN7L4R0H1D00F,1W9DL31001461C,,1ZMLH8300204F0,1W9DL31001461C,,,,,
2023-11-01,11:26:55.54 AM,2m 33.2s,153.2,33.8010748501043,-117.4684469179247,88.2,88.2,17.0,1352,1052.7,5.001949,6.085134,0.894776,0.894776,-4.921268,1.342164,-0.223694,0,1.6,1.8,2.4,-77.2,282.8,281.3,Tripod,Other,,22,5,True,,True,False,,Smart,RC,False,True,False,,,True,,False,False,False,False,False,False,False,False,False,False,0,Follow Yaw,-88.9,0,-84.7,275.3,False,False,False,False,False,,0,0,False,False,No Card,100,100,1024,1304,1224,1208,2,False,False,False,False,False,0,False,False,False,False,91,,47.64,,9189,,10044,,47.64,,True,3.97,3.97,3.97,3.97,3.97,3.97,3.97,3.97,3.97,3.97,3.97,3.97,0,,False,False,True,,,,,,,,,,,,,,,False,False,18.832,,86.0,,75.7,,86.0,,1758,51,8,16,7,142202.5,18960.34,,Idle,,20,,10,,,20,Go Home,False,False,False,False,False,False,False,False,False,False,False,False,33.8027920380556,-117.4659261431046,988.1,2972.0,1049.4,396.9,True,1,1,False,False,False,False,,True,False,False,Course Lock,196.8,67,16.4,93,E,S,7.38,7.38,Calm,False,False,Android,7.0.2,M300 RTK,1ZN7L4R0H1D00F,1W9DL31001461C,1ZMLH8300204F0,1Z6PH74DAP0QN7,"Corona, CA",728.3,5.7,137.7,8.547347,2.013246,0,0,DJI Matrice 300 RTK,M300 RTK,1ZN7L4R0H1D00F,1W9DL31001461C,1ZMLH8300204F0,1Z6PH74DAP0QN7,DJI Pilot,Android,7.0.2,1EF72A62-B7C3-C88D-164E-CE6F8C8424AE,1ZN7L4R0H1D00F,1W9DL31001461C,,1ZMLH8300204F0,1W9DL31001461C,,,,,
2023-11-01,11:26:55.64 AM,2m 33.3s,153.3,33.8010751746732,-117.4684494770152,88.2,88.2,17.0,1352,1053.5,5.001949,6.085134,0.894776,0.894776,-4.921268,1.342164,-0.223694,0,2,2.1,2.9,-76.9,283.1,278.6,Tripod,Other,,22,5,True,,True,False,,Smart,RC,False,True,False,,,True,,False,False,False,False,False,False,False,False,False,False,0,Follow Yaw,-88.9,0,-84.2,275.8,False,False,False,False,False,,0,0,False,False,No Card,100,100,1024,1307,1224,1209,2,False,False,False,False,False,0,False,False,False,False,91,,47.64,,9189,,10044,,47.64,,True,3.968,3.968,3.968,3.968,3.968,3.968,3.968,3.968,3.968,3.968,3.968,3.968,0,,False,False,True,,,,,,,,,,,,,,,False,False,18.832,,86.0,,75.7,,86.0,,1756,51,8,16,7,141830.7,18910.77,,Idle,,20,,10,,,20,Go Home,False,False,False,False,False,False,False,False,False,False,False,False,33.8027920380556,-117.4659261431046,988.6,2972.0,1049.4,396.9,True,1,1,False,False,False,False,,True,False,False,Course Lock,196.8,67,16.4,93,E,S,7.38,7.38,Calm,False,False,Android,7.0.2,M300 RTK,1ZN7L4R0H1D00F,1W9DL31001461C,1ZMLH8300204F0,1Z6PH74DAP0QN7,"Corona, CA",728.3,5.7,137.7,8.547347,2.013246,0,0,DJI Matrice 300 RTK,M300 RTK,1ZN7L4R0H1D00F,1W9DL31001461C,1ZMLH8300204F0,1Z6PH74DAP0QN7,DJI Pilot,Android,7.0.2,1EF72A62-B7C3-C88D-164E-CE6F8C8424AE,1ZN7L4R0H1D00F,1W9DL31001461C,,1ZMLH8300204F0,1W9DL31001461C,,,,,
2023-11-01,11:26:55.74 AM,2m 33.4s,153.4,33.8010756067008,-117.4684519252712,88.2,88.2,17.0,1352,1054.3,5.001949,6.085134,0.894776,0.894776,-4.921268,1.342164,-0.223694,0,2.2,2.3,3.1,-76.5,283.5,281.9,Tripod,Other,,22,5,True,,True,False,,Smart,RC,False,True,False,,,True,,False,False,False,False,False,False,False,False,False,False,0,Follow Yaw,-88.9,0,-83.8,276.2,False,False,False,False,False,,0,0,False,False,No Card,100,100,1024,1306,1226,1212,2,False,False,False,False,False,0,False,False,False,False,91,,47.64,,9189,,10044,,47.64,,True,3.968,3.968,3.968,3.968,3.968,3.968,3.968,3.968,3.968,3.968,3.968,3.968,0,,False,False,True,,,,,,,,,,,,,,,False,False,18.832,,86.0,,75.7,,86.0,,1756,51,8,16,7,141830.7,18910.77,,Idle,,20,,10,,,20,Go Home,False,False,False,False,False,False,False,False,False,False,False,False,33.8027920380556,-117.4659261431046,989.1,2972.0,1049.4,396.9,True,1,1,False,False,False,False,,True,False,False,Course Lock,196.8,67,16.4,93,E,S,7.38,7.38,Calm,False,False,Android,7.0.2,M300 RTK,1ZN7L4R0H1D00F,1W9DL31001461C,1ZMLH8300204F0,1Z6PH74DAP0QN7,"Corona, CA",728.3,5.7,137.7,8.547347,2.013246,0,0,DJI Matrice 300 RTK,M300 RTK,1ZN7L4R0H1D00F,1W9DL31001461C,1ZMLH8300204F0,1Z6PH74DAP0QN7,DJI Pilot,Android,7.0.2,1EF72A62-B7C3-C88D-164E-CE6F8C8424AE,1ZN7L4R0H1D00F,1W9DL31001461C,,1ZMLH8300204F0,1W9DL31001461C,,,,,
2023-11-01,11:26:55.84 AM,2m 33.5s,153.5,33.8010759625205,-117.4684540561974,88.2,88.2,17.0,1352,1054.9,4.782031,6.085134,0.894776,0.894776,-4.697574,1.342164,-0.223694,0,2.1,2.4,3.1,-76,284,281.3,Tripod,Other,,22,5,True,,True,False,,Smart,RC,False,True,False,,,True,,False,False,False,False,False,False,False,False,False,False,0,Follow Yaw,-88.9,0,-83.4,276.6,False,False,False,False,False,,0,0,False,False,No Card,100,100,1024,1302,1230,1212,2,False,False,False,False,False,0,False,False,False,False,91,,47.64,,9189,,10044,,47.64,,True,3.968,3.968,3.968,3.968,3.968,3.968,3.968,3.968,3.968,3.968,3.968,3.968,0,,False,False,True,,,,,,,,,,,,,,,False,False,18.832,,86.0,,75.7,,86.0,,1756,51,8,16,7,141830.7,18910.77,,Idle,,20,,10,,,20,Go Home,False,False,False,False,False,False,False,False,False,False,False,False,33.8027920380556,-117.4659261431046,989.5,2972.0,1049.4,396.9,True,1,1,False,False,False,False,,True,False,False,Course Lock,196.8,67,16.4,93,E,S,7.38,7.38,Calm,False,False,Android,7.0.2,M300 RTK,1ZN7L4R0H1D00F,1W9DL31001461C,1ZMLH8300204F0,1Z6PH74DAP0QN7,"Corona, CA",728.3,5.7,137.7,8.547347,2.013246,0,0,DJI Matrice 300 RTK,M300 RTK,1ZN7L4R0H1D00F,1W9DL31001461C,1ZMLH8300204F0,1Z6PH74DAP0QN7,DJI Pilot,Android,7.0.2,1EF72A62-B7C3-C88D-164E-CE6F8C8424AE,1ZN7L4R0H1D00F,1W9DL31001461C,,1ZMLH8300204F0,1W9DL31001461C,,,,,
2023-11-01,11:26:55.94 AM,2m 33.6s,153.6,33.8010764186714,-117.4684564391402,88.5,88.5,17.0,1352,1055.7,4.828889,6.085134,1.11847,1.11847,-4.697574,1.342164,-0.223694,0,1.9,2.5,3.1,-75.6,284.4,282.9,Tripod,Other,,22,5,True,,True,False,,Smart,RC,False,True,False,,,True,,False,False,False,False,False,False,False,False,False,False,0,Follow Yaw,-88.9,0,-83,277,False,False,False,False,False,,0,0,False,False,No Card,100,100,1024,1303,1232,1184,2,False,False,False,False,False,0,False,False,False,False,91,,47.64,,9189,,10044,,47.64,,True,3.968,3.968,3.968,3.968,3.968,3.968,3.968,3.968,3.968,3.968,3.968,3.968,0,,False,False,True,,,,,,,,,,,,,,,False,False,18.832,,86.0,,75.7,,86.0,,1756,51,8,16,7,141830.7,18910.77,,Idle,,20,,10,,,20,Go Home,False,False,False,False,False,False,False,False,False,False,False,False,33.8027920380556,-117.4659261431046,989.9,2972.0,1049.4,396.9,True,1,1,False,False,False,False,,True,False,False,Course Lock,196.8,67,16.4,93,E,S,7.38,7.38,Calm,False,False,Android,7.0.2,M300 RTK,1ZN7L4R0H1D00F,1W9DL31001461C,1ZMLH8300204F0,1Z6PH74DAP0QN7,"Corona, CA",728.3,5.7,137.7,8.547347,2.013246,0,0,DJI Matrice 300 RTK,M300 RTK,1ZN7L4R0H1D00F,1W9DL31001461C,1ZMLH8300204F0,1Z6PH74DAP0QN7,DJI Pilot,Android,7.0.2,1EF72A62-B7C3-C88D-164E-CE6F8C8424AE,1ZN7L4R0H1D00F,1W9DL31001461C,,1ZMLH8300204F0,1W9DL31001461C,,,,,
2023-11-01,11:26:56.02 AM,2m 33.7s,153.7,33.8010767892941,-117.4684588893754,88.5,88.5,17.3,1352,1056.4,4.828889,6.085134,1.11847,1.11847,-4.697574,1.342164,-0.223694,0,1.6,2.5,2.9,-75.2,284.8,280.3,Tripod,Other,,22,5,True,,True,False,,Smart,RC,False,True,False,,,True,,False,False,False,False,False,False,False,False,False,False,0,Follow Yaw,-88.9,0,-82.6,277.4,False,False,False,False,False,,0,0,False,False,No Card,100,100,1024,1304,1234,1156,2,False,False,False,False,False,0,False,False,False,False,91,,47.64,,9189,,10044,,47.64,,True,3.968,3.968,3.968,3.968,3.968,3.968,3.968,3.968,3.968,3.968,3.968,3.968,0,,False,False,True,,,,,,,,,,,,,,,False,False,18.832,,86.0,,75.7,,86.0,,1756,51,8,16,7,141830.7,18910.77,,Idle,,20,,10,,,20,Go Home,False,False,False,False,False,False,False,False,False,False,False,False,33.8027920380556,-117.4659261431046,990.4,2972.0,1049.4,396.9,True,1,1,False,False,False,False,,True,False,False,Course Lock,196.8,67,16.4,93,E,S,7.38,7.38,Calm,False,False,Android,7.0.2,M300 RTK,1ZN7L4R0H1D00F,1W9DL31001461C,1ZMLH8300204F0,1Z6PH74DAP0QN7,"Corona, CA",728.3,5.7,137.7,8.547347,2.013246,0,0,DJI Matrice 300 RTK,M300 RTK,1ZN7L4R0H1D00F,1W9DL31001461C,1ZMLH8300204F0,1Z6PH74DAP0QN7,DJI Pilot,Android,7.0.2,1EF72A62-B7C3-C88D-164E-CE6F8C8424AE,1ZN7L4R0H1D00F,1W9DL31001461C,,1ZMLH8300204F0,1W9DL31001461C,,,,,
2023-11-01,11:26:56.14 AM,2m 33.8s,153.8,33.801077272858,-117.4684612479082,88.5,88.5,17.0,1352,1057.1,4.828889,6.085134,1.11847,1.11847,-4.697574,1.342164,-0.223694,0,1.5,2.2,2.6,-74.7,285.3,283.8,Tripod,Other,,22,5,True,,True,False,,Smart,RC,False,True,False,,,True,,False,False,False,False,False,False,False,False,False,False,0,Follow Yaw,-88.9,0,-82.2,277.8,False,False,False,False,False,,0,0,False,False,No Card,100,100,1024,1305,1238,1135,2,False,False,False,False,False,0,False,False,False,False,91,,47.64,,9189,,10044,,47.64,,True,3.968,3.968,3.968,3.968,3.968,3.968,3.968,3.968,3.968,3.968,3.968,3.968,0,,False,False,True,,,,,,,,,,,,,,,False,False,18.832,,86.0,,75.7,,86.0,,1756,51,8,16,7,141830.7,18910.77,,Idle,,20,,10,,,20,Go Home,False,False,False,False,False,False,False,False,False,False,False,False,33.8027920380556,-117.4659261431046,990.9,2972.0,1049.4,396.9,True,1,1,False,False,False,False,,True,False,False,Course Lock,196.8,67,16.4,93,E,S,7.38,7.38,Calm,False,False,Android,7.0.2,M300 RTK,1ZN7L4R0H1D00F,1W9DL31001461C,1ZMLH8300204F0,1Z6PH74DAP0QN7,"Corona, CA",728.3,5.7,137.7,8.547347,2.013246,0,0,DJI Matrice 300 RTK,M300 RTK,1ZN7L4R0H1D00F,1W9DL31001461C,1ZMLH8300204F0,1Z6PH74DAP0QN7,DJI Pilot,Android,7.0.2,1EF72A62-B7C3-C88D-164E-CE6F8C8424AE,1ZN7L4R0H1D00F,1W9DL31001461C,,1ZMLH8300204F0,1W9DL31001461C,,,,,
2023-11-01,11:26:56.22 AM,2m 33.9s,153.9,33.8010777805452,-117.4684635780726,88.5,88.5,17.0,1352,1057.9,4.828889,6.085134,1.11847,1.11847,-4.697574,1.342164,-0.223694,0,1.4,1.9,2.3,-74.4,285.6,284.6,Tripod,Other,,22,5,True,,True,False,,Smart,RC,False,True,False,,,True,,False,False,False,False,False,False,False,False,False,False,0,Follow Yaw,-88.9,0,-82,278,False,False,False,False,False,,0,0,False,False,No Card,100,100,1024,1304,1241,1123,2,False,False,False,False,False,0,False,False,False,False,91,,47.64,,9189,,10044,,47.64,,True,3.968,3.968,3.968,3.968,3.968,3.968,3.968,3.968,3.968,3.968,3.968,3.968,0,,False,False,True,,,,,,,,,,,,,,,False,False,18.832,,86.0,,75.7,,86.0,,1756,51,8,16,7,141830.7,18910.77,,Idle,,20,,10,,,20,Go Home,False,False,False,False,False,False,False,False,False,False,False,False,33.8027920380556,-117.4659261431046,991.3,2972.0,1049.4,396.9,True,1,1,False,False,False,False,,True,False,False,Course Lock,196.8,67,16.4,93,E,S,7.38,7.38,Calm,False,False,Android,7.0.2,M300 RTK,1ZN7L4R0H1D00F,1W9DL31001461C,1ZMLH8300204F0,1Z6PH74DAP0QN7,"Corona, CA",728.3,5.7,137.7,8.547347,2.013246,0,0,DJI Matrice 300 RTK,M300 RTK,1ZN7L4R0H1D00F,1W9DL31001461C,1ZMLH8300204F0,1Z6PH74DAP0QN7,DJI Pilot,Android,7.0.2,1EF72A62-B7C3-C88D-164E-CE6F8C8424AE,1ZN7L4R0H1D00F,1W9DL31001461C,,1ZMLH8300204F0,1W9DL31001461C,,,,,
2023-11-01,11:26:56.34 AM,2m 34.0s,154.0,33.8010782882325,-117.4684659121954,88.5,88.5,17.3,1352,1058.6,4.828889,6.085134,1.11847,1.11847,-4.697574,1.342164,-0.223694,0,1.3,1.6,2,-74.1,285.9,284.6,Tripod,Other,,22,5,True,,True,False,,Smart,RC,False,True,False,,,True,,False,False,False,False,False,False,False,False,False,False,0,Follow Yaw,-88.9,0,-81.8,278.2,False,False,False,False,False,,0,0,False,False,No Card,100,100,1024,1304,1242,1114,2,False,False,False,False,False,0,False,False,False,False,91,,47.616,,9189,,10044,,47.616,,True,3.968,3.968,3.968,3.968,3.968,3.968,3.968,3.968,3.968,3.968,3.968,3.968,0,,False,False,True,,,,,,,,,,,,,,,False,False,19.228,,86.0,,75.7,,86.0,,1756,51,8,16,7,141830.7,18910.77,,Idle,,20,,10,,,20,Go Home,False,False,False,False,False,False,False,False,False,False,False,False,33.8027920380556,-117.4659261431046,991.7,2972.0,1049.4,396.9,True,1,1,False,False,False,False,,True,False,False,Course Lock,196.8,67,16.4,93,E,S,7.38,7.38,Calm,False,False,Android,7.0.2,M300 RTK,1ZN7L4R0H1D00F,1W9DL31001461C,1ZMLH8300204F0,1Z6PH74DAP0QN7,"Corona, CA",728.3,5.7,137.7,8.547347,2.013246,0,0,DJI Matrice 300 RTK,M300 RTK,1ZN7L4R0H1D00F,1W9DL31001461C,1ZMLH8300204F0,1Z6PH74DAP0QN7,DJI Pilot,Android,7.0.2,1EF72A62-B7C3-C88D-164E-CE6F8C8424AE,1ZN7L4R0H1D00F,1W9DL31001461C,,1ZMLH8300204F0,1W9DL31001461C,,,,,
2023-11-01,11:26:56.43 AM,2m 34.1s,154.1,33.8010790338638,-117.4684682014566,88.9,88.9,17.3,1353,1059.3,4.828889,6.085134,1.11847,1.11847,-4.697574,1.342164,-0.223694,0,1.4,1.6,2.1,-73.8,286.2,291.4,Tripod,Other,,22,5,True,,True,False,,Smart,RC,False,True,False,,,True,,False,False,False,False,False,False,False,False,False,False,0,Follow Yaw,-88.9,0,-81.6,278.4,False,False,False,False,False,,0,0,False,False,No Card,100,100,1024,1305,1244,1110,2,False,False,False,False,False,0,False,False,False,False,91,,47.616,,9189,,10044,,47.616,,True,3.968,3.968,3.968,3.968,3.968,3.968,3.968,3.968,3.968,3.968,3.968,3.968,0,,False,False,True,,,,,,,,,,,,,,,False,False,19.228,,86.0,,75.7,,86.0,,1756,51,8,16,7,141830.7,18910.77,,Idle,,20,,10,,,20,Go Home,False,False,False,False,False,False,False,False,False,False,False,False,33.8027920380556,-117.4659261431046,992.1,2972.0,1049.4,396.9,True,1,1,False,False,False,False,,True,False,False,Course Lock,196.8,67,16.4,93,E,S,7.38,7.38,Calm,False,False,Android,7.0.2,M300 RTK,1ZN7L4R0H1D00F,1W9DL31001461C,1ZMLH8300204F0,1Z6PH74DAP0QN7,"Corona, CA",728.3,5.7,137.7,8.547347,2.013246,0,0,DJI Matrice 300 RTK,M300 RTK,1ZN7L4R0H1D00F,1W9DL31001461C,1ZMLH8300204F0,1Z6PH74DAP0QN7,DJI Pilot,Android,7.0.2,1EF72A62-B7C3-C88D-164E-CE6F8C8424AE,1ZN7L4R0H1D00F,1W9DL31001461C,,1ZMLH8300204F0,1W9DL31001461C,,,,,
2023-11-01,11:26:56.53 AM,2m 34.2s,154.2,33.8010795755431,-117.4684705157876,88.9,88.9,17.3,1353,1060.1,4.828889,6.085134,1.11847,1.11847,-4.697574,1.342164,-0.223694,0,1.5,1.5,2.1,-73.6,286.4,285.7,Tripod,Other,,22,5,True,,True,False,,Smart,RC,False,True,False,,,True,,False,False,False,False,False,False,False,False,False,False,0,Follow Yaw,-88.9,0,-81.5,278.5,False,False,False,False,False,,0,0,False,False,No Card,100,100,1024,1304,1268,1024,2,False,False,False,False,False,0,False,False,False,False,91,,47.616,,9189,,10044,,47.616,,True,3.968,3.968,3.968,3.968,3.968,3.968,3.968,3.968,3.968,3.968,3.968,3.968,0,,False,False,True,,,,,,,,,,,,,,,False,False,19.228,,86.0,,75.7,,86.0,,1756,51,8,16,7,141830.7,18910.77,,Idle,,20,,10,,,20,Go Home,False,False,False,False,False,False,False,False,False,False,False,False,33.8027920380556,-117.4659261431046,992.5,2972.0,1049.4,396.9,True,1,1,False,False,False,False,,True,False,False,Course Lock,196.8,67,16.4,93,E,S,7.38,7.38,Calm,False,False,Android,7.0.2,M300 RTK,1ZN7L4R0H1D00F,1W9DL31001461C,1ZMLH8300204F0,1Z6PH74DAP0QN7,"Corona, CA",728.3,5.7,137.7,8.547347,2.013246,0,0,DJI Matrice 300 RTK,M300 RTK,1ZN7L4R0H1D00F,1W9DL31001461C,1ZMLH8300204F0,1Z6PH74DAP0QN7,DJI Pilot,Android,7.0.2,1EF72A62-B7C3-C88D-164E-CE6F8C8424AE,1ZN7L4R0H1D00F,1W9DL31001461C,,1ZMLH8300204F0,1W9DL31001461C,,,,,
2023-11-01,11:26:56.64 AM,2m 34.3s,154.3,33.8010800163428,-117.4684728809176,88.9,88.9,17.3,1353,1060.8,4.828889,6.085134,1.11847,1.11847,-4.697574,1.342164,-0.223694,0,1.4,1.4,1.9,-73.4,286.6,282.6,Tripod,Other,,22,5,True,,True,False,,Smart,RC,False,True,False,,,True,,False,False,False,False,False,False,False,False,False,False,0,Follow Yaw,-88.9,0,-81.4,278.6,False,False,False,False,False,,0,0,False,False,No Card,100,100,1024,1304,1271,1024,2,False,False,False,False,False,0,False,False,False,False,91,,47.616,,9189,,10044,,47.616,,True,3.97,3.97,3.97,3.97,3.97,3.97,3.97,3.97,3.97,3.97,3.97,3.97,0,,False,False,True,,,,,,,,,,,,,,,False,False,19.228,,86.0,,75.7,,86.0,,1755,51,9,16,7,141570.1,18876.02,,Idle,,20,,10,,,20,Go Home,False,False,False,False,False,False,False,False,False,False,False,False,33.8027920380556,-117.4659261431046,993.0,2972.0,1049.4,396.9,True,1,1,False,False,False,False,,True,False,False,Course Lock,196.8,67,16.4,93,E,S,7.38,7.38,Calm,False,False,Android,7.0.2,M300 RTK,1ZN7L4R0H1D00F,1W9DL31001461C,1ZMLH8300204F0,1Z6PH74DAP0QN7,"Corona, CA",728.3,5.7,137.7,8.547347,2.013246,0,0,DJI Matrice 300 RTK,M300 RTK,1ZN7L4R0H1D00F,1W9DL31001461C,1ZMLH8300204F0,1Z6PH74DAP0QN7,DJI Pilot,Android,7.0.2,1EF72A62-B7C3-C88D-164E-CE6F8C8424AE,1ZN7L4R0H1D00F,1W9DL31001461C,,1ZMLH8300204F0,1W9DL31001461C,,,,,
2023-11-01,11:26:56.74 AM,2m 34.4s,154.4,33.8010805541843,-117.4684751873318,88.9,88.9,17.3,1353,1061.5,4.611569,6.085134,1.11847,1.11847,-4.47388,1.342164,-0.223694,0,1.3,1.1,1.7,-73.2,286.8,285.6,Tripod,Other,,22,5,True,,True,False,,Smart,RC,False,True,False,,,True,,False,False,False,False,False,False,False,False,False,False,0,Follow Yaw,-88.9,0,-81.4,278.6,False,False,False,False,False,,0,0,False,False,No Card,100,100,1024,1305,1276,1024,2,False,False,False,False,False,0,False,False,False,False,91,,47.616,,9189,,10044,,47.616,,True,3.97,3.97,3.97,3.97,3.97,3.97,3.97,3.97,3.97,3.97,3.97,3.97,0,,False,False,True,,,,,,,,,,,,,,,False,False,19.228,,86.0,,75.7,,86.0,,1755,51,9,16,7,141570.1,18876.02,,Idle,,20,,10,,,20,Go Home,False,False,False,False,False,False,False,False,False,False,False,False,33.8027920380556,-117.4659261431046,993.4,2972.0,1049.4,396.9,True,1,1,False,False,False,False,,True,False,False,Course Lock,196.8,67,16.4,93,E,S,7.38,7.38,Calm,False,False,Android,7.0.2,M300 RTK,1ZN7L4R0H1D00F,1W9DL31001461C,1ZMLH8300204F0,1Z6PH74DAP0QN7,"Corona, CA",728.3,5.7,137.7,8.547347,2.013246,0,0,DJI Matrice 300 RTK,M300 RTK,1ZN7L4R0H1D00F,1W9DL31001461C,1ZMLH8300204F0,1Z6PH74DAP0QN7,DJI Pilot,Android,7.0.2,1EF72A62-B7C3-C88D-164E-CE6F8C8424AE,1ZN7L4R0H1D00F,1W9DL31001461C,,1ZMLH8300204F0,1W9DL31001461C,,,,,
2023-11-01,11:26:56.84 AM,2m 34.5s,154.5,33.8010810788675,-117.468477430412,88.9,88.9,17.3,1353,1062.2,4.88555,6.085134,1.342164,1.342164,-4.697574,1.342164,-0.447388,0,1.2,1,1.5,-73.1,286.9,285.7,Tripod,Other,,22,5,True,,True,False,,Smart,RC,False,True,False,,,True,,False,False,False,False,False,False,False,False,False,False,0,Follow Yaw,-88.9,0,-81.4,278.6,False,False,False,False,False,,0,0,False,False,No Card,100,100,1024,1309,1277,1024,2,False,False,False,False,False,0,False,False,False,False,91,,47.616,,9189,,10044,,47.616,,True,3.97,3.97,3.97,3.97,3.97,3.97,3.97,3.97,3.97,3.97,3.97,3.97,0,,False,False,True,,,,,,,,,,,,,,,False,False,19.228,,86.0,,75.7,,86.0,,1755,51,9,16,7,141570.1,18876.02,,Idle,,20,,10,,,20,Go Home,False,False,False,False,False,False,False,False,False,False,False,False,33.8027920380556,-117.4659261431046,993.8,2972.0,1049.4,396.9,True,1,1,False,False,False,False,,True,False,False,Course Lock,196.8,67,16.4,93,E,S,7.38,7.38,Calm,False,False,Android,7.0.2,M300 RTK,1ZN7L4R0H1D00F,1W9DL31001461C,1ZMLH8300204F0,1Z6PH74DAP0QN7,"Corona, CA",728.3,5.7,137.7,8.547347,2.013246,0,0,DJI Matrice 300 RTK,M300 RTK,1ZN7L4R0H1D00F,1W9DL31001461C,1ZMLH8300204F0,1Z6PH74DAP0QN7,DJI Pilot,Android,7.0.2,1EF72A62-B7C3-C88D-164E-CE6F8C8424AE,1ZN7L4R0H1D00F,1W9DL31001461C,,1ZMLH8300204F0,1W9DL31001461C,,,,,
2023-11-01,11:26:56.94 AM,2m 34.6s,154.6,33.8010816161607,-117.4684797262706,88.9,88.9,17.3,1353,1063.0,4.828889,6.085134,1.11847,1.342164,-4.697574,1.342164,-0.447388,0,1.1,1.1,1.5,-73.1,286.9,285.7,Tripod,Other,,22,5,True,,True,False,,Smart,RC,False,True,False,,,True,,False,False,False,False,False,False,False,False,False,False,0,Follow Yaw,-88.9,0,-81.4,278.6,False,False,False,False,False,,0,0,False,False,No Card,100,100,1024,1311,1277,1024,2,False,False,False,False,False,0,False,False,False,False,91,,47.616,,9189,,10044,,47.616,,True,3.97,3.97,3.97,3.97,3.97,3.97,3.97,3.97,3.97,3.97,3.97,3.97,0,,False,False,True,,,,,,,,,,,,,,,False,False,19.228,,86.0,,75.7,,86.0,,1755,51,9,16,7,141570.1,18876.02,,Idle,,20,,10,,,20,Go Home,False,False,False,False,False,False,False,False,False,False,False,False,33.8027920380556,-117.4659261431046,994.2,2972.0,1049.4,396.9,True,1,1,False,False,False,False,,True,False,False,Course Lock,196.8,67,16.4,93,E,S,7.38,7.38,Calm,False,False,Android,7.0.2,M300 RTK,1ZN7L4R0H1D00F,1W9DL31001461C,1ZMLH8300204F0,1Z6PH74DAP0QN7,"Corona, CA",728.3,5.7,137.7,8.547347,2.013246,0,0,DJI Matrice 300 RTK,M300 RTK,1ZN7L4R0H1D00F,1W9DL31001461C,1ZMLH8300204F0,1Z6PH74DAP0QN7,DJI Pilot,Android,7.0.2,1EF72A62-B7C3-C88D-164E-CE6F8C8424AE,1ZN7L4R0H1D00F,1W9DL31001461C,,1ZMLH8300204F0,1W9DL31001461C,,,,,
2023-11-01,11:26:57.04 AM,2m 34.7s,154.7,33.8010821035624,-117.4684821705682,89.2,89.2,17.3,1353,1063.7,4.88555,6.085134,1.342164,1.342164,-4.697574,1.342164,-0.447388,0,1,1.2,1.5,-73.1,286.9,283.4,Tripod,Other,,22,5,True,,True,False,,Smart,RC,False,True,False,,,True,,False,False,False,False,False,False,False,False,False,False,0,Follow Yaw,-88.9,0,-81.4,278.6,False,False,False,False,False,,0,0,False,False,No Card,100,100,1024,1314,1279,1024,2,False,False,False,False,False,0,False,False,False,False,91,,47.616,,9189,,10044,,47.616,,True,3.97,3.97,3.97,3.97,3.97,3.97,3.97,3.97,3.97,3.97,3.97,3.97,0,,False,False,True,,,,,,,,,,,,,,,False,False,19.228,,86.0,,75.7,,86.0,,1755,51,9,16,7,141570.1,18876.02,,Idle,,20,,10,,,20,Go Home,False,False,False,False,False,False,False,False,False,False,False,False,33.8027920380556,-117.4659261431046,994.7,2972.0,1049.4,396.9,True,1,1,False,False,False,False,,True,False,False,Course Lock,196.8,67,16.4,93,E,S,7.38,7.38,Calm,False,False,Android,7.0.2,M300 RTK,1ZN7L4R0H1D00F,1W9DL31001461C,1ZMLH8300204F0,1Z6PH74DAP0QN7,"Corona, CA",728.3,5.7,137.7,8.547347,2.013246,0,0,DJI Matrice 300 RTK,M300 RTK,1ZN7L4R0H1D00F,1W9DL31001461C,1ZMLH8300204F0,1Z6PH74DAP0QN7,DJI Pilot,Android,7.0.2,1EF72A62-B7C3-C88D-164E-CE6F8C8424AE,1ZN7L4R0H1D00F,1W9DL31001461C,,1ZMLH8300204F0,1W9DL31001461C,,,,,
2023-11-01,11:26:57.15 AM,2m 34.8s,154.8,33.8010826430486,-117.4684844796214,89.2,89.2,17.3,1353,1064.5,4.88555,6.085134,1.342164,1.342164,-4.697574,1.342164,-0.447388,0,1.1,1.4,1.7,-73.1,286.9,285.7,Tripod,Other,,22,5,True,,True,False,,Smart,RC,False,True,False,,,True,,False,False,False,False,False,False,False,False,False,False,0,Follow Yaw,-88.9,0,-81.4,278.6,False,False,False,False,False,,0,0,False,False,No Card,100,100,1024,1324,1280,1024,2,False,False,False,False,False,0,False,False,False,False,91,,47.616,,9189,,10044,,47.616,,True,3.97,3.97,3.97,3.97,3.97,3.97,3.97,3.97,3.97,3.97,3.97,3.97,0,,False,False,True,,,,,,,,,,,,,,,False,False,19.228,,86.0,,75.7,,86.0,,1755,51,9,16,7,141570.1,18876.02,,Idle,,20,,10,,,20,Go Home,False,False,False,False,False,False,False,False,False,False,False,False,33.8027920380556,-117.4659261431046,995.1,2972.0,1049.4,396.9,True,1,1,False,False,False,False,,True,False,False,Course Lock,196.8,67,16.4,93,E,S,7.38,7.38,Calm,False,False,Android,7.0.2,M300 RTK,1ZN7L4R0H1D00F,1W9DL31001461C,1ZMLH8300204F0,1Z6PH74DAP0QN7,"Corona, CA",728.3,5.7,137.7,8.547347,2.013246,0,0,DJI Matrice 300 RTK,M300 RTK,1ZN7L4R0H1D00F,1W9DL31001461C,1ZMLH8300204F0,1Z6PH74DAP0QN7,DJI Pilot,Android,7.0.2,1EF72A62-B7C3-C88D-164E-CE6F8C8424AE,1ZN7L4R0H1D00F,1W9DL31001461C,,1ZMLH8300204F0,1W9DL31001461C,,,,,
2023-11-01,11:26:57.25 AM,2m 34.9s,154.9,33.8010830405359,-117.468486601971,89.2,89.2,17.7,1353,1065.1,4.88555,6.085134,1.342164,1.342164,-4.697574,1.342164,-0.447388,0,1.1,1.4,1.7,-73.2,286.8,282.7,Tripod,Other,,22,5,True,,True,False,,Smart,RC,False,True,False,,,True,,False,False,False,False,False,False,False,False,False,False,0,Follow Yaw,-88.9,0,-81.4,278.6,False,False,False,False,False,,0,0,False,False,No Card,100,100,1024,1328,1280,1024,2,False,False,False,False,False,0,False,False,False,False,91,,47.616,,9189,,10044,,47.616,,True,3.97,3.97,3.97,3.97,3.97,3.97,3.97,3.97,3.97,3.97,3.97,3.97,0,,False,False,True,,,,,,,,,,,,,,,False,False,19.228,,86.0,,75.7,,86.0,,1755,51,9,16,7,141570.1,18876.02,,Idle,,20,,10,,,20,Go Home,False,False,False,False,False,False,False,False,False,False,False,False,33.8027920380556,-117.4659261431046,995.5,2972.0,1049.4,396.9,True,1,1,False,False,False,False,,True,False,False,Course Lock,196.8,67,16.4,93,E,S,7.38,7.38,Calm,False,False,Android,7.0.2,M300 RTK,1ZN7L4R0H1D00F,1W9DL31001461C,1ZMLH8300204F0,1Z6PH74DAP0QN7,"Corona, CA",728.3,5.7,137.7,8.547347,2.013246,0,0,DJI Matrice 300 RTK,M300 RTK,1ZN7L4R0H1D00F,1W9DL31001461C,1ZMLH8300204F0,1Z6PH74DAP0QN7,DJI Pilot,Android,7.0.2,1EF72A62-B7C3-C88D-164E-CE6F8C8424AE,1ZN7L4R0H1D00F,1W9DL31001461C,,1ZMLH8300204F0,1W9DL31001461C,,,,,
2023-11-01,11:26:57.36 AM,2m 35.0s,155.0,33.801083566864,-117.468488884635,89.2,89.2,17.7,1353,1065.8,4.88555,6.085134,1.342164,1.342164,-4.697574,1.342164,-0.447388,0,1.1,1.4,1.7,-73.2,286.8,285.5,Tripod,Other,,22,5,True,,True,False,,Smart,RC,False,True,False,,,True,,False,False,False,False,False,False,False,False,False,False,0,Follow Yaw,-88.9,0,-81.4,278.6,False,False,False,False,False,,0,0,False,False,No Card,100,100,1024,1329,1279,1024,2,False,False,False,False,False,0,False,False,False,False,91,,47.616,,9189,,10044,,47.616,,True,3.97,3.97,3.97,3.97,3.97,3.97,3.97,3.97,3.97,3.97,3.97,3.97,0,,False,False,True,,,,,,,,,,,,,,,False,False,19.422,,86.1,,75.7,,86.1,,1755,51,9,16,7,141570.1,18876.02,,Idle,,20,,10,,,20,Go Home,False,False,False,False,False,False,False,False,False,False,False,False,33.8027920380556,-117.4659261431046,996.0,2972.0,1049.4,396.9,True,1,1,False,False,False,False,,True,False,False,Course Lock,196.8,67,16.4,93,E,S,7.38,7.38,Calm,False,False,Android,7.0.2,M300 RTK,1ZN7L4R0H1D00F,1W9DL31001461C,1ZMLH8300204F0,1Z6PH74DAP0QN7,"Corona, CA",728.3,5.7,137.7,8.547347,2.013246,0,0,DJI Matrice 300 RTK,M300 RTK,1ZN7L4R0H1D00F,1W9DL31001461C,1ZMLH8300204F0,1Z6PH74DAP0QN7,DJI Pilot,Android,7.0.2,1EF72A62-B7C3-C88D-164E-CE6F8C8424AE,1ZN7L4R0H1D00F,1W9DL31001461C,,1ZMLH8300204F0,1W9DL31001461C,,,,,
2023-11-01,11:26:57.44 AM,2m 35.1s,155.1,33.8010842329979,-117.4684913737942,89.5,89.5,17.7,1353,1066.6,4.88555,6.085134,1.342164,1.342164,-4.697574,1.342164,-0.447388,0,1.2,1.4,1.8,-73.3,286.7,287.8,Tripod,Other,,22,5,True,,True,False,,Smart,RC,False,True,False,,,True,,False,False,False,False,False,False,False,False,False,False,0,Follow Yaw,-88.9,0,-81.4,278.6,False,False,False,False,False,,0,0,False,False,No Card,100,100,1024,1329,1279,1024,2,False,False,False,False,False,0,False,False,False,False,91,,47.616,,9189,,10044,,47.616,,True,3.97,3.97,3.97,3.97,3.97,3.97,3.97,3.97,3.97,3.97,3.97,3.97,0,,False,False,True,,,,,,,,,,,,,,,False,False,19.422,,86.1,,75.7,,86.1,,1755,51,9,16,7,141570.1,18876.02,,Idle,,20,,10,,,20,Go Home,False,False,False,False,False,False,False,False,False,False,False,False,33.8027920380556,-117.4659261431046,996.4,2972.0,1049.4,396.9,True,1,1,False,False,False,False,,True,False,False,Course Lock,196.8,67,16.4,93,E,S,7.38,7.38,Calm,False,False,Android,7.0.2,M300 RTK,1ZN7L4R0H1D00F,1W9DL31001461C,1ZMLH8300204F0,1Z6PH74DAP0QN7,"Corona, CA",728.3,5.7,137.7,8.547347,2.013246,0,0,DJI Matrice 300 RTK,M300 RTK,1ZN7L4R0H1D00F,1W9DL31001461C,1ZMLH8300204F0,1Z6PH74DAP0QN7,DJI Pilot,Android,7.0.2,1EF72A62-B7C3-C88D-164E-CE6F8C8424AE,1ZN7L4R0H1D00F,1W9DL31001461C,,1ZMLH8300204F0,1W9DL31001461C,,,,,
2023-11-01,11:26:57.56 AM,2m 35.2s,155.2,33.8010847801597,-117.4684936703125,89.5,89.5,17.7,1353,1067.4,4.670867,6.085134,1.342164,1.342164,-4.47388,1.342164,-0.447388,0,1.2,1.2,1.6,-73.3,286.7,285.9,Tripod,Other,,22,5,True,,True,False,,Smart,RC,False,True,False,,,True,,False,False,False,False,False,False,False,False,False,False,0,Follow Yaw,-88.9,0,-81.4,278.6,False,False,False,False,False,,0,0,False,False,No Card,100,100,1024,1325,1282,1024,2,False,False,False,False,False,0,False,False,False,False,91,,47.616,,9189,,10044,,47.616,,True,3.97,3.97,3.97,3.97,3.97,3.97,3.97,3.97,3.97,3.97,3.97,3.97,0,,False,False,True,,,,,,,,,,,,,,,False,False,19.422,,86.1,,75.7,,86.1,,1755,51,9,16,7,141570.1,18876.02,,Idle,,20,,10,,,20,Go Home,False,False,False,False,False,False,False,False,False,False,False,False,33.8027920380556,-117.4659261431046,996.8,2972.0,1049.4,396.9,True,1,1,False,False,False,False,,True,False,False,Course Lock,196.8,67,16.4,93,E,S,7.38,7.38,Calm,False,False,Android,7.0.2,M300 RTK,1ZN7L4R0H1D00F,1W9DL31001461C,1ZMLH8300204F0,1Z6PH74DAP0QN7,"Corona, CA",728.3,5.7,137.7,8.547347,2.013246,0,0,DJI Matrice 300 RTK,M300 RTK,1ZN7L4R0H1D00F,1W9DL31001461C,1ZMLH8300204F0,1Z6PH74DAP0QN7,DJI Pilot,Android,7.0.2,1EF72A62-B7C3-C88D-164E-CE6F8C8424AE,1ZN7L4R0H1D00F,1W9DL31001461C,,1ZMLH8300204F0,1W9DL31001461C,,,,,
2023-11-01,11:26:57.66 AM,2m 35.3s,155.3,33.8010853602171,-117.4684959450596,89.5,89.5,18.0,1353,1068.1,4.670867,6.085134,1.342164,1.342164,-4.47388,1.342164,-0.447388,0,1,1.1,1.4,-73.2,286.8,287.0,Tripod,Other,,22,5,True,,True,False,,Smart,RC,False,True,False,,,True,,False,False,False,False,False,False,False,False,False,False,0,Follow Yaw,-88.9,0,-81.4,278.6,False,False,False,False,False,,0,0,False,False,No Card,100,100,1024,1324,1283,1024,2,False,False,False,False,False,0,False,False,False,False,91,,47.616,,9189,,10044,,47.616,,True,3.967,3.967,3.967,3.967,3.967,3.967,3.967,3.967,3.967,3.967,3.967,3.967,0,,False,False,True,,,,,,,,,,,,,,,False,False,19.422,,86.1,,75.7,,86.1,,1755,51,9,16,7,141584.6,18877.95,,Idle,,20,,10,,,20,Go Home,False,False,False,False,False,False,False,False,False,False,False,False,33.8027920380556,-117.4659261431046,997.2,2972.0,1049.4,396.9,True,1,1,False,False,False,False,,True,False,False,Course Lock,196.8,67,16.4,93,E,S,7.38,7.38,Calm,False,False,Android,7.0.2,M300 RTK,1ZN7L4R0H1D00F,1W9DL31001461C,1ZMLH8300204F0,1Z6PH74DAP0QN7,"Corona, CA",728.3,5.7,137.7,8.547347,2.013246,0,0,DJI Matrice 300 RTK,M300 RTK,1ZN7L4R0H1D00F,1W9DL31001461C,1ZMLH8300204F0,1Z6PH74DAP0QN7,DJI Pilot,Android,7.0.2,1EF72A62-B7C3-C88D-164E-CE6F8C8424AE,1ZN7L4R0H1D00F,1W9DL31001461C,,1ZMLH8300204F0,1W9DL31001461C,,,,,
2023-11-01,11:26:57.77 AM,2m 35.4s,155.4,33.8010859084754,-117.4684982409182,89.8,89.8,18.0,1354,1068.8,4.670867,6.085134,1.342164,1.342164,-4.47388,1.342164,-0.447388,0,0.9,1.1,1.4,-73.2,286.8,286.0,Tripod,Other,,22,5,True,,True,False,,Smart,RC,False,True,False,,,True,,False,False,False,False,False,False,False,False,False,False,0,Follow Yaw,-88.9,0,-81.4,278.6,False,False,False,False,False,,0,0,False,False,No Card,100,100,1024,1325,1282,1024,2,False,False,False,False,False,0,False,False,False,False,91,,47.616,,9189,,10044,,47.616,,True,3.967,3.967,3.967,3.967,3.967,3.967,3.967,3.967,3.967,3.967,3.967,3.967,0,,False,False,True,,,,,,,,,,,,,,,False,False,19.422,,86.1,,75.7,,86.1,,1755,51,9,16,7,141584.6,18877.95,,Idle,,20,,10,,,20,Go Home,False,False,False,False,False,False,False,False,False,False,False,False,33.8027920380556,-117.4659261431046,997.6,2972.0,1049.4,396.9,True,1,1,False,False,False,False,,True,False,False,Course Lock,196.8,67,16.4,93,E,S,7.38,7.38,Calm,False,False,Android,7.0.2,M300 RTK,1ZN7L4R0H1D00F,1W9DL31001461C,1ZMLH8300204F0,1Z6PH74DAP0QN7,"Corona, CA",728.3,5.7,137.7,8.547347,2.013246,0,0,DJI Matrice 300 RTK,M300 RTK,1ZN7L4R0H1D00F,1W9DL31001461C,1ZMLH8300204F0,1Z6PH74DAP0QN7,DJI Pilot,Android,7.0.2,1EF72A62-B7C3-C88D-164E-CE6F8C8424AE,1ZN7L4R0H1D00F,1W9DL31001461C,,1ZMLH8300204F0,1W9DL31001461C,,,,,
2023-11-01,11:26:57.87 AM,2m 35.5s,155.5,33.8010864671507,-117.4685006713615,89.8,89.8,18.0,1354,1069.6,4.670867,6.085134,1.342164,1.342164,-4.47388,1.342164,-0.447388,0,0.6,1.1,1.2,-73.2,286.8,285.4,Tripod,Other,,22,5,True,,True,False,,Smart,RC,False,True,False,,,True,,False,False,False,False,False,False,False,False,False,False,0,Follow Yaw,-88.9,0,-81.4,278.6,False,False,False,False,False,,0,0,False,False,No Card,100,100,1024,1327,1280,1024,2,False,False,False,False,False,0,False,False,False,False,91,,47.616,,9189,,10044,,47.616,,True,3.967,3.967,3.967,3.967,3.967,3.967,3.967,3.967,3.967,3.967,3.967,3.967,0,,False,False,True,,,,,,,,,,,,,,,False,False,19.422,,86.1,,75.7,,86.1,,1755,51,9,16,7,141584.6,18877.95,,Idle,,20,,10,,,20,Go Home,False,False,False,False,False,False,False,False,False,False,False,False,33.8027920380556,-117.4659261431046,998.1,2972.0,1049.4,396.9,True,1,1,False,False,False,False,,True,False,False,Course Lock,196.8,67,16.4,93,E,S,7.38,7.38,Calm,False,False,Android,7.0.2,M300 RTK,1ZN7L4R0H1D00F,1W9DL31001461C,1ZMLH8300204F0,1Z6PH74DAP0QN7,"Corona, CA",728.3,5.7,137.7,8.547347,2.013246,0,0,DJI Matrice 300 RTK,M300 RTK,1ZN7L4R0H1D00F,1W9DL31001461C,1ZMLH8300204F0,1Z6PH74DAP0QN7,DJI Pilot,Android,7.0.2,1EF72A62-B7C3-C88D-164E-CE6F8C8424AE,1ZN7L4R0H1D00F,1W9DL31001461C,,1ZMLH8300204F0,1W9DL31001461C,,,,,
2023-11-01,11:26:57.97 AM,2m 35.6s,155.6,33.801087015409,-117.4685029804146,89.8,89.8,18.0,1354,1070.3,4.88555,6.085134,1.342164,1.342164,-4.697574,1.342164,-0.447388,0,0.4,1,1,-73.2,286.8,285.9,Tripod,Other,,22,5,True,,True,False,,Smart,RC,False,True,False,,,True,,False,False,False,False,False,False,False,False,False,False,0,Follow Yaw,-88.9,0,-81.4,278.6,False,False,False,False,False,,0,0,False,False,No Card,100,100,1024,1327,1276,1024,2,False,False,False,False,False,0,False,False,False,False,91,,47.616,,9189,,10044,,47.616,,True,3.967,3.967,3.967,3.967,3.967,3.967,3.967,3.967,3.967,3.967,3.967,3.967,0,,False,False,True,,,,,,,,,,,,,,,False,False,19.422,,86.1,,75.7,,86.1,,1755,51,9,16,7,141584.6,18877.95,,Idle,,20,,10,,,20,Go Home,False,False,False,False,False,False,False,False,False,False,False,False,33.8027920380556,-117.4659261431046,998.5,2972.0,1049.4,396.9,True,1,1,False,False,False,False,,True,False,False,Course Lock,196.8,67,16.4,93,E,S,7.38,7.38,Calm,False,False,Android,7.0.2,M300 RTK,1ZN7L4R0H1D00F,1W9DL31001461C,1ZMLH8300204F0,1Z6PH74DAP0QN7,"Corona, CA",728.3,5.7,137.7,8.547347,2.013246,0,0,DJI Matrice 300 RTK,M300 RTK,1ZN7L4R0H1D00F,1W9DL31001461C,1ZMLH8300204F0,1Z6PH74DAP0QN7,DJI Pilot,Android,7.0.2,1EF72A62-B7C3-C88D-164E-CE6F8C8424AE,1ZN7L4R0H1D00F,1W9DL31001461C,,1ZMLH8300204F0,1W9DL31001461C,,,,,
2023-11-01,11:26:58.07 AM,2m 35.7s,155.7,33.801087717728,-117.4685052762732,89.8,89.8,18.0,1354,1071.0,4.88555,6.085134,1.342164,1.342164,-4.697574,1.342164,-0.447388,0,0.3,1.1,1.1,-73.2,286.8,290.2,Tripod,Other,,22,5,True,,True,False,,Smart,RC,False,True,False,,,True,,False,False,False,False,False,False,False,False,False,False,0,Follow Yaw,-88.9,0,-81.4,278.6,False,False,False,False,False,,0,0,False,False,No Card,100,100,1024,1326,1275,1024,2,False,False,False,False,False,0,False,False,False,False,92,,47.508,,4587,,4986,,47.508,,True,3.967,3.967,3.967,3.967,3.967,3.967,3.967,3.967,3.967,3.967,3.967,3.967,0,,False,False,True,,,,,,,,,,,,,,,False,False,9.534,,85.2,,75.7,,86.1,,1755,51,9,16,7,141584.6,18877.95,,Idle,,20,,10,,,20,Go Home,False,False,False,False,False,False,False,False,False,False,False,False,33.8027920380556,-117.4659261431046,998.9,2972.0,1049.4,396.9,True,1,1,False,False,False,False,,True,False,False,Course Lock,196.8,67,16.4,93,E,S,7.38,7.38,Calm,False,False,Android,7.0.2,M300 RTK,1ZN7L4R0H1D00F,1W9DL31001461C,1ZMLH8300204F0,1Z6PH74DAP0QN7,"Corona, CA",728.3,5.7,137.7,8.547347,2.013246,0,0,DJI Matrice 300 RTK,M300 RTK,1ZN7L4R0H1D00F,1W9DL31001461C,1ZMLH8300204F0,1Z6PH74DAP0QN7,DJI Pilot,Android,7.0.2,1EF72A62-B7C3-C88D-164E-CE6F8C8424AE,1ZN7L4R0H1D00F,1W9DL31001461C,,1ZMLH8300204F0,1W9DL31001461C,,,,,
2023-11-01,11:26:58.18 AM,2m 35.8s,155.8,33.8010882774998,-117.4685075991806,90.2,90.2,18.0,1354,1071.8,4.88555,6.085134,1.342164,1.342164,-4.697574,1.342164,-0.447388,0,0.1,1,1,-73.2,286.8,286.1,Tripod,Other,,22,5,True,,True,False,,Smart,RC,False,True,False,,,True,,False,False,False,False,False,False,False,False,False,False,0,Follow Yaw,-88.9,0,-81.4,278.6,False,False,False,False,False,,0,0,False,False,No Card,100,100,1024,1324,1276,1024,2,False,False,False,False,False,0,False,False,False,False,92,,47.508,,4587,,4986,,47.508,,True,3.967,3.967,3.967,3.967,3.967,3.967,3.967,3.967,3.967,3.967,3.967,3.967,0,,False,False,True,,,,,,,,,,,,,,,False,False,9.534,,85.2,,75.7,,86.1,,1755,51,9,16,7,141584.6,18877.95,,Idle,,20,,10,,,20,Go Home,False,False,False,False,False,False,False,False,False,False,False,False,33.8027920380556,-117.4659261431046,999.3,2972.0,1049.4,396.9,True,1,1,False,False,False,False,,True,False,False,Course Lock,196.8,67,16.4,93,E,S,7.38,7.38,Calm,False,False,Android,7.0.2,M300 RTK,1ZN7L4R0H1D00F,1W9DL31001461C,1ZMLH8300204F0,1Z6PH74DAP0QN7,"Corona, CA",728.3,5.7,137.7,8.547347,2.013246,0,0,DJI Matrice 300 RTK,M300 RTK,1ZN7L4R0H1D00F,1W9DL31001461C,1ZMLH8300204F0,1Z6PH74DAP0QN7,DJI Pilot,Android,7.0.2,1EF72A62-B7C3-C88D-164E-CE6F8C8424AE,1ZN7L4R0H1D00F,1W9DL31001461C,,1ZMLH8300204F0,1W9DL31001461C,,,,,
2023-11-01,11:26:58.24 AM,2m 35.9s,155.9,33.8010888323373,-117.468509763753,90.2,90.2,18.0,1354,1072.5,4.88555,6.085134,1.342164,1.342164,-4.697574,1.342164,-0.447388,0,0.2,1,1,-73.2,286.8,287.1,Tripod,Other,,22,5,True,,True,False,,Smart,RC,False,True,False,,,True,,False,False,False,False,False,False,False,False,False,False,0,Follow Yaw,-88.9,0,-81.4,278.6,False,False,False,False,False,,0,0,False,False,No Card,100,100,1024,1324,1278,1024,2,False,False,False,False,False,0,False,False,False,False,92,,47.508,,4587,,4986,,47.508,,True,3.967,3.967,3.967,3.967,3.967,3.967,3.967,3.967,3.967,3.967,3.967,3.967,0,,False,False,True,,,,,,,,,,,,,,,False,False,9.534,,85.2,,75.7,,86.1,,1755,51,9,16,7,141584.6,18877.95,,Idle,,20,,10,,,20,Go Home,False,False,False,False,False,False,False,False,False,False,False,False,33.8027920380556,-117.4659261431046,999.7,2972.0,1049.4,396.9,True,1,1,False,False,False,False,,True,False,False,Course Lock,196.8,67,16.4,93,E,S,7.38,7.38,Calm,False,False,Android,7.0.2,M300 RTK,1ZN7L4R0H1D00F,1W9DL31001461C,1ZMLH8300204F0,1Z6PH74DAP0QN7,"Corona, CA",728.3,5.7,137.7,8.547347,2.013246,0,0,DJI Matrice 300 RTK,M300 RTK,1ZN7L4R0H1D00F,1W9DL31001461C,1ZMLH8300204F0,1Z6PH74DAP0QN7,DJI Pilot,Android,7.0.2,1EF72A62-B7C3-C88D-164E-CE6F8C8424AE,1ZN7L4R0H1D00F,1W9DL31001461C,,1ZMLH8300204F0,1W9DL31001461C,,,,,
2023-11-01,11:26:58.34 AM,2m 36.0s,156.0,33.8010893964951,-117.4685120879799,90.2,90.2,17.7,1354,1073.2,4.88555,6.085134,1.342164,1.342164,-4.697574,1.342164,-0.447388,0,0.4,1,1,-73.2,286.8,286.2,Tripod,Other,,22,5,True,,True,False,,Smart,RC,False,True,False,,,True,,False,False,False,False,False,False,False,False,False,False,0,Follow Yaw,-88.9,0,-81.4,278.6,False,False,False,False,False,,0,0,False,False,No Card,100,100,1024,1324,1278,1024,2,False,False,False,False,False,0,False,False,False,False,91,,47.544,,9189,,10044,,47.544,,True,3.967,3.967,3.967,3.967,3.967,3.967,3.967,3.967,3.967,3.967,3.967,3.967,0,,False,False,True,,,,,,,,,,,,,,,False,False,19.436,,86.1,,75.7,,86.1,,1755,51,9,16,7,141584.6,18877.95,,Idle,,20,,10,,,20,Go Home,False,False,False,False,False,False,False,False,False,False,False,False,33.8027920380556,-117.4659261431046,1000.1,2972.0,1049.4,396.9,True,1,1,False,False,False,False,,True,False,False,Course Lock,196.8,67,16.4,93,E,S,7.38,7.38,Calm,False,False,Android,7.0.2,M300 RTK,1ZN7L4R0H1D00F,1W9DL31001461C,1ZMLH8300204F0,1Z6PH74DAP0QN7,"Corona, CA",728.3,5.7,137.7,8.547347,2.013246,0,0,DJI Matrice 300 RTK,M300 RTK,1ZN7L4R0H1D00F,1W9DL31001461C,1ZMLH8300204F0,1Z6PH74DAP0QN7,DJI Pilot,Android,7.0.2,1EF72A62-B7C3-C88D-164E-CE6F8C8424AE,1ZN7L4R0H1D00F,1W9DL31001461C,,1ZMLH8300204F0,1W9DL31001461C,,,,,
2023-11-01,11:26:58.44 AM,2m 36.1s,156.1,33.8010901064897,-117.4685144372765,90.2,90.2,17.7,1354,1073.9,4.88555,6.085134,1.342164,1.342164,-4.697574,1.342164,-0.447388,0,0.6,1.1,1.2,-73.2,286.8,289.9,Tripod,Other,,22,5,True,,True,False,,Smart,RC,False,True,False,,,True,,False,False,False,False,False,False,False,False,False,False,0,Follow Yaw,-88.9,0,-81.4,278.6,False,False,False,False,False,,0,0,False,False,No Card,100,100,1024,1324,1278,1024,2,False,False,False,False,False,0,False,False,False,False,91,,47.544,,9189,,10044,,47.544,,True,3.967,3.967,3.967,3.967,3.967,3.967,3.967,3.967,3.967,3.967,3.967,3.967,0,,False,False,True,,,,,,,,,,,,,,,False,False,19.436,,86.1,,75.7,,86.1,,1755,51,9,16,7,141584.6,18877.95,,Idle,,20,,10,,,20,Go Home,False,False,False,False,False,False,False,False,False,False,False,False,33.8027920380556,-117.4659261431046,1000.5,2972.0,1049.4,396.9,True,1,1,False,False,False,False,,True,False,False,Course Lock,196.8,67,16.4,93,E,S,7.38,7.38,Calm,False,False,Android,7.0.2,M300 RTK,1ZN7L4R0H1D00F,1W9DL31001461C,1ZMLH8300204F0,1Z6PH74DAP0QN7,"Corona, CA",728.3,5.7,137.7,8.547347,2.013246,0,0,DJI Matrice 300 RTK,M300 RTK,1ZN7L4R0H1D00F,1W9DL31001461C,1ZMLH8300204F0,1Z6PH74DAP0QN7,DJI Pilot,Android,7.0.2,1EF72A62-B7C3-C88D-164E-CE6F8C8424AE,1ZN7L4R0H1D00F,1W9DL31001461C,,1ZMLH8300204F0,1W9DL31001461C,,,,,
2023-11-01,11:26:58.54 AM,2m 36.2s,156.2,33.8010906881918,-117.4685167727188,90.5,90.5,17.7,1354,1074.7,4.88555,6.085134,1.342164,1.342164,-4.697574,1.342164,-0.447388,0,0.7,1.2,1.3,-73.2,286.8,286.6,Tripod,Other,,22,5,True,,True,False,,Smart,RC,False,True,False,,,True,,False,False,False,False,False,False,False,False,False,False,0,Follow Yaw,-88.9,0,-81.4,278.6,False,False,False,False,False,,0,0,False,False,No Card,100,100,1024,1325,1276,1024,2,False,False,False,False,False,0,False,False,False,False,91,,47.544,,9189,,10044,,47.544,,True,3.967,3.967,3.967,3.967,3.967,3.967,3.967,3.967,3.967,3.967,3.967,3.967,0,,False,False,True,,,,,,,,,,,,,,,False,False,19.436,,86.1,,75.7,,86.1,,1755,51,9,16,7,141584.6,18877.95,,Idle,,20,,10,,,20,Go Home,False,False,False,False,False,False,False,False,False,False,False,False,33.8027920380556,-117.4659261431046,1000.9,2972.0,1049.4,396.9,True,1,1,False,False,False,False,,True,False,False,Course Lock,196.8,67,16.4,93,E,S,7.38,7.38,Calm,False,False,Android,7.0.2,M300 RTK,1ZN7L4R0H1D00F,1W9DL31001461C,1ZMLH8300204F0,1Z6PH74DAP0QN7,"Corona, CA",728.3,5.7,137.7,8.547347,2.013246,0,0,DJI Matrice 300 RTK,M300 RTK,1ZN7L4R0H1D00F,1W9DL31001461C,1ZMLH8300204F0,1Z6PH74DAP0QN7,DJI Pilot,Android,7.0.2,1EF72A62-B7C3-C88D-164E-CE6F8C8424AE,1ZN7L4R0H1D00F,1W9DL31001461C,,1ZMLH8300204F0,1W9DL31001461C,,,,,
2023-11-01,11:26:58.64 AM,2m 36.3s,156.3,33.8010913214302,-117.4685192130581,90.5,90.5,17.7,1354,1075.5,4.88555,6.085134,1.342164,1.342164,-4.697574,1.342164,-0.447388,0,0.9,1.3,1.5,-73.2,286.8,287.3,Tripod,Other,,22,5,True,,True,False,,Smart,RC,False,True,False,,,True,,False,False,False,False,False,False,False,False,False,False,0,Follow Yaw,-88.9,0,-81.4,278.6,False,False,False,False,False,,0,0,False,False,No Card,100,100,1024,1325,1276,1024,2,False,False,False,False,False,0,False,False,False,False,91,,47.544,,9189,,10044,,47.544,,True,3.966,3.966,3.966,3.966,3.966,3.966,3.966,3.966,3.966,3.966,3.966,3.966,0,,False,False,True,,,,,,,,,,,,,,,False,False,19.436,,86.1,,75.7,,86.1,,1754,51,9,16,7,141894.6,18919.28,,Idle,,20,,10,,,20,Go Home,False,False,False,False,False,False,False,False,False,False,False,False,33.8027920380556,-117.4659261431046,1001.4,2972.0,1049.4,396.9,True,1,1,False,False,False,False,,True,False,False,Course Lock,196.8,67,16.4,93,E,S,7.38,7.38,Calm,False,False,Android,7.0.2,M300 RTK,1ZN7L4R0H1D00F,1W9DL31001461C,1ZMLH8300204F0,1Z6PH74DAP0QN7,"Corona, CA",728.3,5.7,137.7,8.547347,2.013246,0,0,DJI Matrice 300 RTK,M300 RTK,1ZN7L4R0H1D00F,1W9DL31001461C,1ZMLH8300204F0,1Z6PH74DAP0QN7,DJI Pilot,Android,7.0.2,1EF72A62-B7C3-C88D-164E-CE6F8C8424AE,1ZN7L4R0H1D00F,1W9DL31001461C,,1ZMLH8300204F0,1W9DL31001461C,,,,,
2023-11-01,11:26:58.74 AM,2m 36.4s,156.4,33.8010919064219,-117.4685215498199,90.5,90.5,17.7,1354,1076.2,4.88555,6.085134,1.342164,1.342164,-4.697574,1.342164,-0.447388,0,0.7,1.2,1.3,-73.3,286.7,286.7,Tripod,Other,,20,5,True,,True,False,,Smart,RC,False,True,False,,,True,,False,False,False,False,False,False,False,False,False,False,0,Follow Yaw,-88.9,0,-81.4,278.6,False,False,False,False,False,,0,0,False,False,No Card,100,100,1024,1323,1275,1024,2,False,False,False,False,False,0,False,False,False,False,91,,47.544,,9189,,10044,,47.544,,True,3.966,3.966,3.966,3.966,3.966,3.966,3.966,3.966,3.966,3.966,3.966,3.966,0,,False,False,True,,,,,,,,,,,,,,,False,False,19.436,,86.1,,75.7,,86.1,,1754,51,9,16,7,141894.6,18919.28,,Idle,,20,,10,,,20,Go Home,False,False,False,False,False,False,False,False,False,False,False,False,33.8027920380556,-117.4659261431046,1001.8,2972.0,1049.4,396.9,True,1,1,False,False,False,False,,True,False,False,Course Lock,196.8,67,16.4,93,E,S,7.38,7.38,Calm,False,False,Android,7.0.2,M300 RTK,1ZN7L4R0H1D00F,1W9DL31001461C,1ZMLH8300204F0,1Z6PH74DAP0QN7,"Corona, CA",728.3,5.7,137.7,8.547347,2.013246,0,0,DJI Matrice 300 RTK,M300 RTK,1ZN7L4R0H1D00F,1W9DL31001461C,1ZMLH8300204F0,1Z6PH74DAP0QN7,DJI Pilot,Android,7.0.2,1EF72A62-B7C3-C88D-164E-CE6F8C8424AE,1ZN7L4R0H1D00F,1W9DL31001461C,,1ZMLH8300204F0,1W9DL31001461C,,,,,
2023-11-01,11:26:58.84 AM,2m 36.5s,156.5,33.8010925489807,-117.4685239281446,90.5,90.5,17.7,1354,1077.0,4.88555,6.085134,1.342164,1.342164,-4.697574,1.342164,-0.447388,0,0.4,1.2,1.2,-73.3,286.7,288.0,Tripod,Other,,20,5,True,,True,False,,Smart,RC,False,True,False,,,True,,False,False,False,False,False,False,False,False,False,False,0,Follow Yaw,-88.9,0,-81.4,278.6,False,False,False,False,False,,0,0,False,False,No Card,100,100,1024,1323,1276,1024,2,False,False,False,False,False,0,False,False,False,False,91,,47.544,,9189,,10044,,47.544,,True,3.966,3.966,3.966,3.966,3.966,3.966,3.966,3.966,3.966,3.966,3.966,3.966,0,,False,False,True,,,,,,,,,,,,,,,False,False,19.436,,86.1,,75.7,,86.1,,1754,51,9,16,7,141894.6,18919.28,,Idle,,20,,10,,,20,Go Home,False,False,False,False,False,False,False,False,False,False,False,False,33.8027920380556,-117.4659261431046,1002.2,2972.0,1049.4,396.9,True,1,1,False,False,False,False,,True,False,False,Course Lock,196.8,67,16.4,93,E,S,7.38,7.38,Calm,False,False,Android,7.0.2,M300 RTK,1ZN7L4R0H1D00F,1W9DL31001461C,1ZMLH8300204F0,1Z6PH74DAP0QN7,"Corona, CA",728.3,5.7,137.7,8.547347,2.013246,0,0,DJI Matrice 300 RTK,M300 RTK,1ZN7L4R0H1D00F,1W9DL31001461C,1ZMLH8300204F0,1Z6PH74DAP0QN7,DJI Pilot,Android,7.0.2,1EF72A62-B7C3-C88D-164E-CE6F8C8424AE,1ZN7L4R0H1D00F,1W9DL31001461C,,1ZMLH8300204F0,1W9DL31001461C,,,,,
2023-11-01,11:26:58.94 AM,2m 36.6s,156.6,33.8010931493236,-117.4685262767814,90.8,90.8,17.7,1355,1077.7,4.88555,6.085134,1.342164,1.342164,-4.697574,1.342164,-0.447388,0,0.3,1.2,1.2,-73.4,286.6,287.0,Tripod,Other,,21,5,True,,True,False,,Smart,RC,False,True,False,,,True,,False,False,False,False,False,False,False,False,False,False,0,Follow Yaw,-88.9,0,-81.4,278.6,False,False,False,False,False,,0,0,False,False,No Card,100,100,1024,1323,1276,1024,2,False,False,False,False,False,0,False,False,False,False,91,,47.544,,9189,,10044,,47.544,,True,3.966,3.966,3.966,3.966,3.966,3.966,3.966,3.966,3.966,3.966,3.966,3.966,0,,False,False,True,,,,,,,,,,,,,,,False,False,19.436,,86.1,,75.7,,86.1,,1754,51,9,16,7,141894.6,18919.28,,Idle,,20,,10,,,20,Go Home,False,False,False,False,False,False,False,False,False,False,False,False,33.8027920380556,-117.4659261431046,1002.7,2972.0,1049.4,396.9,True,1,1,False,False,False,False,,True,False,False,Course Lock,196.8,67,16.4,93,E,S,7.38,7.38,Calm,False,False,Android,7.0.2,M300 RTK,1ZN7L4R0H1D00F,1W9DL31001461C,1ZMLH8300204F0,1Z6PH74DAP0QN7,"Corona, CA",728.3,5.7,137.7,8.547347,2.013246,0,0,DJI Matrice 300 RTK,M300 RTK,1ZN7L4R0H1D00F,1W9DL31001461C,1ZMLH8300204F0,1Z6PH74DAP0QN7,DJI Pilot,Android,7.0.2,1EF72A62-B7C3-C88D-164E-CE6F8C8424AE,1ZN7L4R0H1D00F,1W9DL31001461C,,1ZMLH8300204F0,1W9DL31001461C,,,,,
2023-11-01,11:26:59.04 AM,2m 36.7s,156.7,33.8010935347492,-117.4685286735786,90.8,90.8,17.7,1355,1078.4,4.88555,6.085134,1.342164,1.342164,-4.697574,1.342164,-0.447388,0,0.2,1,1,-73.5,286.5,280.9,Tripod,Other,,21,5,True,,True,False,,Smart,RC,False,True,False,,,True,,False,False,False,False,False,False,False,False,False,False,0,Follow Yaw,-88.9,0,-81.4,278.6,False,False,False,False,False,,0,0,False,False,No Card,100,100,1024,1322,1276,1024,2,False,False,False,False,False,0,False,False,False,False,91,,47.544,,9189,,10044,,47.544,,True,3.966,3.966,3.966,3.966,3.966,3.966,3.966,3.966,3.966,3.966,3.966,3.966,0,,False,False,True,,,,,,,,,,,,,,,False,False,19.436,,86.1,,75.7,,86.1,,1754,51,9,16,7,141894.6,18919.28,,Idle,,20,,10,,,20,Go Home,False,False,False,False,False,False,False,False,False,False,False,False,33.8027920380556,-117.4659261431046,1003.1,2972.0,1049.4,396.9,True,1,1,False,False,False,False,,True,False,False,Course Lock,196.8,67,16.4,93,E,S,7.38,7.38,Calm,False,False,Android,7.0.2,M300 RTK,1ZN7L4R0H1D00F,1W9DL31001461C,1ZMLH8300204F0,1Z6PH74DAP0QN7,"Corona, CA",728.3,5.7,137.7,8.547347,2.013246,0,0,DJI Matrice 300 RTK,M300 RTK,1ZN7L4R0H1D00F,1W9DL31001461C,1ZMLH8300204F0,1Z6PH74DAP0QN7,DJI Pilot,Android,7.0.2,1EF72A62-B7C3-C88D-164E-CE6F8C8424AE,1ZN7L4R0H1D00F,1W9DL31001461C,,1ZMLH8300204F0,1W9DL31001461C,,,,,
2023-11-01,11:26:59.14 AM,2m 36.8s,156.8,33.8010941164513,-117.4685310532228,90.8,90.8,18.0,1355,1079.2,4.88555,6.085134,1.342164,1.342164,-4.697574,1.342164,-0.447388,0,0.2,0.7,0.7,-73.5,286.5,286.3,Tripod,Other,,22,5,True,,True,False,,Smart,RC,False,True,False,,,True,,False,False,False,False,False,False,False,False,False,False,0,Follow Yaw,-88.9,0,-81.4,278.6,False,False,False,False,False,,0,0,False,False,No Card,100,100,1024,1323,1276,1024,2,False,False,False,False,False,0,False,False,False,False,91,,47.544,,9189,,10044,,47.544,,True,3.966,3.966,3.966,3.966,3.966,3.966,3.966,3.966,3.966,3.966,3.966,3.966,0,,False,False,True,,,,,,,,,,,,,,,False,False,19.436,,86.1,,75.7,,86.1,,1754,51,9,16,7,141894.6,18919.28,,Idle,,20,,10,,,20,Go Home,False,False,False,False,False,False,False,False,False,False,False,False,33.8027920380556,-117.4659261431046,1003.6,2972.0,1049.4,396.9,True,1,1,False,False,False,False,,True,False,False,Course Lock,196.8,67,16.4,93,E,S,7.38,7.38,Calm,False,False,Android,7.0.2,M300 RTK,1ZN7L4R0H1D00F,1W9DL31001461C,1ZMLH8300204F0,1Z6PH74DAP0QN7,"Corona, CA",728.3,5.7,137.7,8.547347,2.013246,0,0,DJI Matrice 300 RTK,M300 RTK,1ZN7L4R0H1D00F,1W9DL31001461C,1ZMLH8300204F0,1Z6PH74DAP0QN7,DJI Pilot,Android,7.0.2,1EF72A62-B7C3-C88D-164E-CE6F8C8424AE,1ZN7L4R0H1D00F,1W9DL31001461C,,1ZMLH8300204F0,1W9DL31001461C,,,,,
2023-11-01,11:26:59.20 AM,2m 36.9s,156.9,33.8010948845613,-117.4685334295684,90.8,90.8,18.0,1355,1080.0,4.88555,6.085134,1.342164,1.342164,-4.697574,1.342164,-0.447388,0,0.4,0.7,0.8,-73.5,286.5,291.2,Tripod,Other,,22,5,True,,True,False,,Smart,RC,False,True,False,,,True,,False,False,False,False,False,False,False,False,False,False,0,Follow Yaw,-88.9,0,-81.4,278.6,False,False,False,False,False,,0,0,False,False,No Card,100,100,1024,1324,1275,1024,2,False,False,False,False,False,0,False,False,False,False,91,,47.544,,9189,,10044,,47.544,,True,3.966,3.966,3.966,3.966,3.966,3.966,3.966,3.966,3.966,3.966,3.966,3.966,0,,False,False,True,,,,,,,,,,,,,,,False,False,19.436,,86.1,,75.7,,86.1,,1754,51,9,16,7,141894.6,18919.28,,Idle,,20,,10,,,20,Go Home,False,False,False,False,False,False,False,False,False,False,False,False,33.8027920380556,-117.4659261431046,1004.0,2972.0,1049.4,396.9,True,1,1,False,False,False,False,,True,False,False,Course Lock,196.8,67,16.4,93,E,S,7.38,7.38,Calm,False,False,Android,7.0.2,M300 RTK,1ZN7L4R0H1D00F,1W9DL31001461C,1ZMLH8300204F0,1Z6PH74DAP0QN7,"Corona, CA",728.3,5.7,137.7,8.547347,2.013246,0,0,DJI Matrice 300 RTK,M300 RTK,1ZN7L4R0H1D00F,1W9DL31001461C,1ZMLH8300204F0,1Z6PH74DAP0QN7,DJI Pilot,Android,7.0.2,1EF72A62-B7C3-C88D-164E-CE6F8C8424AE,1ZN7L4R0H1D00F,1W9DL31001461C,,1ZMLH8300204F0,1W9DL31001461C,,,,,
2023-11-01,11:26:59.34 AM,2m 37.0s,157.0,33.8010954766803,-117.4685358309836,91.2,91.2,18.0,1355,1080.7,4.88555,6.085134,1.342164,1.342164,-4.697574,1.342164,-0.447388,0,0.6,0.9,1,-73.5,286.5,286.5,Tripod,Other,,22,5,True,,True,False,,Smart,RC,False,True,False,,,True,,False,False,False,False,False,False,False,False,False,False,0,Follow Yaw,-88.9,0,-81.4,278.6,False,False,False,False,False,,0,0,False,False,No Card,100,100,1024,1322,1277,1024,2,False,False,False,False,False,0,False,False,False,False,91,,47.556,,9139,,10044,,47.556,,True,3.966,3.966,3.966,3.966,3.966,3.966,3.966,3.966,3.966,3.966,3.966,3.966,0,,False,False,True,,,,,,,,,,,,,,,False,False,19.172,,86.1,,75.7,,86.1,,1754,51,9,16,7,141894.6,18919.28,,Idle,,20,,10,,,20,Go Home,False,False,False,False,False,False,False,False,False,False,False,False,33.8027920380556,-117.4659261431046,1004.4,2972.0,1049.4,396.9,True,1,1,False,False,False,False,,True,False,False,Course Lock,196.8,67,16.4,93,E,S,7.38,7.38,Calm,False,False,Android,7.0.2,M300 RTK,1ZN7L4R0H1D00F,1W9DL31001461C,1ZMLH8300204F0,1Z6PH74DAP0QN7,"Corona, CA",728.3,5.7,137.7,8.547347,2.013246,0,0,DJI Matrice 300 RTK,M300 RTK,1ZN7L4R0H1D00F,1W9DL31001461C,1ZMLH8300204F0,1Z6PH74DAP0QN7,DJI Pilot,Android,7.0.2,1EF72A62-B7C3-C88D-164E-CE6F8C8424AE,1ZN7L4R0H1D00F,1W9DL31001461C,,1ZMLH8300204F0,1W9DL31001461C,,,,,
2023-11-01,11:26:59.40 AM,2m 37.1s,157.1,33.8010959098044,-117.4685382172251,91.2,91.2,18.0,1355,1081.5,4.88555,6.085134,1.342164,1.342164,-4.697574,1.342164,-0.447388,0,0.7,1.1,1.3,-73.5,286.5,282.3,Tripod,Other,,22,5,True,,True,False,,Smart,RC,False,True,False,,,True,,False,False,False,False,False,False,False,False,False,False,0,Follow Yaw,-88.9,0,-81.4,278.6,False,False,False,False,False,,0,0,False,False,No Card,100,100,1024,1322,1278,1024,2,False,False,False,False,False,0,False,False,False,False,91,,47.556,,9139,,10044,,47.556,,True,3.966,3.966,3.966,3.966,3.966,3.966,3.966,3.966,3.966,3.966,3.966,3.966,0,,False,False,True,,,,,,,,,,,,,,,False,False,19.172,,86.1,,75.7,,86.1,,1754,51,9,16,7,141894.6,18919.28,,Idle,,20,,10,,,20,Go Home,False,False,False,False,False,False,False,False,False,False,False,False,33.8027920380556,-117.4659261431046,1004.9,2972.0,1049.4,396.9,True,1,1,False,False,False,False,,True,False,False,Course Lock,196.8,67,16.4,93,E,S,7.38,7.38,Calm,False,False,Android,7.0.2,M300 RTK,1ZN7L4R0H1D00F,1W9DL31001461C,1ZMLH8300204F0,1Z6PH74DAP0QN7,"Corona, CA",728.3,5.7,137.7,8.547347,2.013246,0,0,DJI Matrice 300 RTK,M300 RTK,1ZN7L4R0H1D00F,1W9DL31001461C,1ZMLH8300204F0,1Z6PH74DAP0QN7,DJI Pilot,Android,7.0.2,1EF72A62-B7C3-C88D-164E-CE6F8C8424AE,1ZN7L4R0H1D00F,1W9DL31001461C,,1ZMLH8300204F0,1W9DL31001461C,,,,,
2023-11-01,11:26:59.54 AM,2m 37.2s,157.2,33.8010964909583,-117.468540631835,91.2,91.2,18.0,1355,1082.2,4.88555,6.085134,1.342164,1.342164,-4.697574,1.342164,-0.447388,0,0.6,1.2,1.3,-73.5,286.5,286.1,Tripod,Other,,22,5,True,,True,False,,Smart,RC,False,True,False,,,True,,False,False,False,False,False,False,False,False,False,False,0,Follow Yaw,-88.9,0,-81.4,278.6,False,False,False,False,False,,0,0,False,False,No Card,100,100,1024,1322,1277,1024,2,False,False,False,False,False,0,False,False,False,False,91,,47.556,,9139,,10044,,47.556,,True,3.966,3.966,3.966,3.966,3.966,3.966,3.966,3.966,3.966,3.966,3.966,3.966,0,,False,False,True,,,,,,,,,,,,,,,False,False,19.172,,86.1,,75.7,,86.1,,1754,51,9,16,7,141894.6,18919.28,,Idle,,20,,10,,,20,Go Home,False,False,False,False,False,False,False,False,False,False,False,False,33.8027920380556,-117.4659261431046,1005.3,2972.0,1049.4,396.9,True,1,1,False,False,False,False,,True,False,False,Course Lock,196.8,67,16.4,93,E,S,7.38,7.38,Calm,False,False,Android,7.0.2,M300 RTK,1ZN7L4R0H1D00F,1W9DL31001461C,1ZMLH8300204F0,1Z6PH74DAP0QN7,"Corona, CA",728.3,5.7,137.7,8.547347,2.013246,0,0,DJI Matrice 300 RTK,M300 RTK,1ZN7L4R0H1D00F,1W9DL31001461C,1ZMLH8300204F0,1Z6PH74DAP0QN7,DJI Pilot,Android,7.0.2,1EF72A62-B7C3-C88D-164E-CE6F8C8424AE,1ZN7L4R0H1D00F,1W9DL31001461C,,1ZMLH8300204F0,1W9DL31001461C,,,,,
2023-11-01,11:26:59.64 AM,2m 37.3s,157.3,33.801097090753,-117.4685431130774,91.2,91.2,18.3,1355,1083.0,4.88555,6.085134,1.342164,1.342164,-4.697574,1.342164,-0.447388,0,0.6,1.2,1.3,-73.6,286.4,286.2,Tripod,Other,,22,5,True,,True,False,,Smart,RC,False,True,False,,,True,,False,False,False,False,False,False,False,False,False,False,0,Follow Yaw,-88.9,0,-81.4,278.6,False,False,False,False,False,,0,0,False,False,No Card,100,100,1024,1321,1277,1024,2,False,False,False,False,False,0,False,False,False,False,91,,47.556,,9139,,10044,,47.556,,True,3.964,3.964,3.964,3.964,3.964,3.964,3.964,3.964,3.964,3.964,3.964,3.964,0,,False,False,True,,,,,,,,,,,,,,,False,False,19.172,,86.1,,75.7,,86.1,,1753,51,9,16,7,142362.8,18981.71,,Idle,,20,,10,,,20,Go Home,False,False,False,False,False,False,False,False,False,False,False,False,33.8027920380556,-117.4659261431046,1005.8,2972.0,1049.4,396.9,True,1,1,False,False,False,False,,True,False,False,Course Lock,196.8,67,16.4,93,E,S,7.38,7.38,Calm,False,False,Android,7.0.2,M300 RTK,1ZN7L4R0H1D00F,1W9DL31001461C,1ZMLH8300204F0,1Z6PH74DAP0QN7,"Corona, CA",728.3,5.7,137.7,8.547347,2.013246,0,0,DJI Matrice 300 RTK,M300 RTK,1ZN7L4R0H1D00F,1W9DL31001461C,1ZMLH8300204F0,1Z6PH74DAP0QN7,DJI Pilot,Android,7.0.2,1EF72A62-B7C3-C88D-164E-CE6F8C8424AE,1ZN7L4R0H1D00F,1W9DL31001461C,,1ZMLH8300204F0,1W9DL31001461C,,,,,
2023-11-01,11:26:59.74 AM,2m 37.4s,157.4,33.8010976719068,-117.4685455415416,91.2,91.2,18.3,1355,1083.8,4.88555,6.085134,1.342164,1.342164,-4.697574,1.342164,-0.447388,0,0.5,0.9,1,-73.7,286.3,286.0,Tripod,Other,,22,5,True,,True,False,,Smart,RC,False,True,False,,,True,,False,False,False,False,False,False,False,False,False,False,0,Follow Yaw,-88.9,0,-81.4,278.6,False,False,False,False,False,,0,0,False,False,No Card,100,100,1024,1322,1261,1024,2,False,False,False,False,False,0,False,False,False,False,91,,47.556,,9139,,10044,,47.556,,True,3.964,3.964,3.964,3.964,3.964,3.964,3.964,3.964,3.964,3.964,3.964,3.964,0,,False,False,True,,,,,,,,,,,,,,,False,False,19.172,,86.1,,75.7,,86.1,,1753,51,9,16,7,142362.8,18981.71,,Idle,,20,,10,,,20,Go Home,False,False,False,False,False,False,False,False,False,False,False,False,33.8027920380556,-117.4659261431046,1006.2,2972.0,1049.4,396.9,True,1,1,False,False,False,False,,True,False,False,Course Lock,196.8,67,16.4,93,E,S,7.38,7.38,Calm,False,False,Android,7.0.2,M300 RTK,1ZN7L4R0H1D00F,1W9DL31001461C,1ZMLH8300204F0,1Z6PH74DAP0QN7,"Corona, CA",728.3,5.7,137.7,8.547347,2.013246,0,0,DJI Matrice 300 RTK,M300 RTK,1ZN7L4R0H1D00F,1W9DL31001461C,1ZMLH8300204F0,1Z6PH74DAP0QN7,DJI Pilot,Android,7.0.2,1EF72A62-B7C3-C88D-164E-CE6F8C8424AE,1ZN7L4R0H1D00F,1W9DL31001461C,,1ZMLH8300204F0,1W9DL31001461C,,,,,
2023-11-01,11:26:59.84 AM,2m 37.5s,157.5,33.8010979975723,-117.4685481164657,91.5,91.5,18.3,1355,1084.6,5.101008,6.085134,1.342164,1.342164,-4.921268,1.342164,-0.447388,0,0.4,0.6,0.7,-73.7,286.3,278.6,Tripod,Other,,22,5,True,,True,False,,Smart,RC,False,True,False,,,True,,False,False,False,False,False,False,False,False,False,False,0,Follow Yaw,-88.9,0,-81.4,278.6,False,False,False,False,False,,0,0,False,False,No Card,100,100,1024,1321,1250,954,2,False,False,False,False,False,0,False,False,False,False,91,,47.556,,9139,,10044,,47.556,,True,3.964,3.964,3.964,3.964,3.964,3.964,3.964,3.964,3.964,3.964,3.964,3.964,0,,False,False,True,,,,,,,,,,,,,,,False,False,19.172,,86.1,,75.7,,86.1,,1753,51,9,16,7,142362.8,18981.71,,Idle,,20,,10,,,20,Go Home,False,False,False,False,False,False,False,False,False,False,False,False,33.8027920380556,-117.4659261431046,1006.8,2972.0,1049.4,396.9,True,1,1,False,False,False,False,,True,False,False,Course Lock,196.8,67,16.4,93,E,S,7.38,7.38,Calm,False,False,Android,7.0.2,M300 RTK,1ZN7L4R0H1D00F,1W9DL31001461C,1ZMLH8300204F0,1Z6PH74DAP0QN7,"Corona, CA",728.3,5.7,137.7,8.547347,2.013246,0,0,DJI Matrice 300 RTK,M300 RTK,1ZN7L4R0H1D00F,1W9DL31001461C,1ZMLH8300204F0,1Z6PH74DAP0QN7,DJI Pilot,Android,7.0.2,1EF72A62-B7C3-C88D-164E-CE6F8C8424AE,1ZN7L4R0H1D00F,1W9DL31001461C,,1ZMLH8300204F0,1W9DL31001461C,,,,,
2023-11-01,11:26:59.94 AM,2m 37.6s,157.6,33.8010985463789,-117.4685505713191,91.5,91.5,18.3,1355,1085.3,5.046766,6.085134,1.11847,1.342164,-4.921268,1.342164,-0.447388,0,0.5,0.9,1,-73.6,286.4,285.0,Tripod,Other,,22,5,True,,True,False,,Smart,RC,False,True,False,,,True,,False,False,False,False,False,False,False,False,False,False,0,Follow Yaw,-88.9,0,-81.5,278.5,False,False,False,False,False,,0,0,False,False,No Card,100,100,1024,1319,1261,1003,2,False,False,False,False,False,0,False,False,False,False,91,,47.556,,9139,,10044,,47.556,,True,3.964,3.964,3.964,3.964,3.964,3.964,3.964,3.964,3.964,3.964,3.964,3.964,0,,False,False,True,,,,,,,,,,,,,,,False,False,19.172,,86.1,,75.7,,86.1,,1753,51,9,16,7,142362.8,18981.71,,Idle,,20,,10,,,20,Go Home,False,False,False,False,False,False,False,False,False,False,False,False,33.8027920380556,-117.4659261431046,1007.2,2972.0,1049.4,396.9,True,1,1,False,False,False,False,,True,False,False,Course Lock,196.8,67,16.4,93,E,S,7.38,7.38,Calm,False,False,Android,7.0.2,M300 RTK,1ZN7L4R0H1D00F,1W9DL31001461C,1ZMLH8300204F0,1Z6PH74DAP0QN7,"Corona, CA",728.3,5.7,137.7,8.547347,2.013246,0,0,DJI Matrice 300 RTK,M300 RTK,1ZN7L4R0H1D00F,1W9DL31001461C,1ZMLH8300204F0,1Z6PH74DAP0QN7,DJI Pilot,Android,7.0.2,1EF72A62-B7C3-C88D-164E-CE6F8C8424AE,1ZN7L4R0H1D00F,1W9DL31001461C,,1ZMLH8300204F0,1W9DL31001461C,,,,,
2023-11-01,11:27:00.04 AM,2m 37.7s,157.7,33.8010992081268,-117.4685525966885,91.5,91.5,18.3,1355,1086.0,5.046766,6.085134,1.11847,1.342164,-4.921268,1.342164,-0.447388,0,0.8,1.5,1.7,-73.7,286.3,291.4,Tripod,Other,,22,5,True,,True,False,,Smart,RC,False,True,False,,,True,,False,False,False,False,False,False,False,False,False,False,0,Follow Yaw,-88.9,0,-81.6,278.4,False,False,False,False,False,,0,0,False,False,No Card,100,100,1024,1319,1268,1024,2,False,False,False,False,False,0,False,False,False,False,91,,47.556,,9139,,10044,,47.556,,True,3.964,3.964,3.964,3.964,3.964,3.964,3.964,3.964,3.964,3.964,3.964,3.964,0,,False,False,True,,,,,,,,,,,,,,,False,False,19.172,,86.1,,75.7,,86.1,,1753,51,9,16,7,142362.8,18981.71,,Idle,,20,,10,,,20,Go Home,False,False,False,False,False,False,False,False,False,False,False,False,33.8027920380556,-117.4659261431046,1007.6,2972.0,1049.4,396.9,True,1,1,False,False,False,False,,True,False,False,Course Lock,196.8,67,16.4,93,E,S,7.38,7.38,Calm,False,False,Android,7.0.2,M300 RTK,1ZN7L4R0H1D00F,1W9DL31001461C,1ZMLH8300204F0,1Z6PH74DAP0QN7,"Corona, CA",728.3,5.7,137.7,8.547347,2.013246,0,0,DJI Matrice 300 RTK,M300 RTK,1ZN7L4R0H1D00F,1W9DL31001461C,1ZMLH8300204F0,1Z6PH74DAP0QN7,DJI Pilot,Android,7.0.2,1EF72A62-B7C3-C88D-164E-CE6F8C8424AE,1ZN7L4R0H1D00F,1W9DL31001461C,,1ZMLH8300204F0,1W9DL31001461C,,,,,
2023-11-01,11:27:00.13 AM,2m 37.8s,157.8,33.8010997678985,-117.468555011958,91.5,91.5,18.3,1355,1086.8,5.101008,6.085134,1.342164,1.342164,-4.921268,1.342164,-0.447388,0,1.1,2,2.2,-73.8,286.2,285.5,Tripod,Other,,22,5,True,,True,False,,Smart,RC,False,True,False,,,True,,False,False,False,False,False,False,False,False,False,False,0,Follow Yaw,-88.9,0,-81.6,278.4,False,False,False,False,False,,0,0,False,False,No Card,100,100,1024,1314,1270,1024,2,False,False,False,False,False,0,False,False,False,False,91,,47.556,,9139,,10044,,47.556,,True,3.964,3.964,3.964,3.964,3.964,3.964,3.964,3.964,3.964,3.964,3.964,3.964,0,,False,False,True,,,,,,,,,,,,,,,False,False,19.172,,86.1,,75.7,,86.1,,1753,51,9,16,7,142362.8,18981.71,,Idle,,20,,10,,,20,Go Home,False,False,False,False,False,False,False,False,False,False,False,False,33.8027920380556,-117.4659261431046,1008.0,2972.0,1049.4,396.9,True,1,1,False,False,False,False,,True,False,False,Course Lock,196.8,67,16.4,93,E,S,7.38,7.38,Calm,False,False,Android,7.0.2,M300 RTK,1ZN7L4R0H1D00F,1W9DL31001461C,1ZMLH8300204F0,1Z6PH74DAP0QN7,"Corona, CA",728.3,5.7,137.7,8.547347,2.013246,0,0,DJI Matrice 300 RTK,M300 RTK,1ZN7L4R0H1D00F,1W9DL31001461C,1ZMLH8300204F0,1Z6PH74DAP0QN7,DJI Pilot,Android,7.0.2,1EF72A62-B7C3-C88D-164E-CE6F8C8424AE,1ZN7L4R0H1D00F,1W9DL31001461C,,1ZMLH8300204F0,1W9DL31001461C,,,,,
2023-11-01,11:27:00.23 AM,2m 37.9s,157.9,33.8011004060713,-117.4685576911194,91.8,91.8,18.0,1356,1087.6,5.101008,6.085134,1.342164,1.342164,-4.921268,1.342164,-0.447388,0,1.3,1.9,2.3,-74,286,285.9,Tripod,Other,,22,5,True,,True,False,,Smart,RC,False,True,False,,,True,,False,False,False,False,False,False,False,False,False,False,0,Follow Yaw,-88.9,0,-81.6,278.4,False,False,False,False,False,,0,0,False,False,No Card,100,100,1024,1318,1263,1024,2,False,False,False,False,False,0,False,False,False,False,91,,47.556,,9139,,10044,,47.556,,True,3.964,3.964,3.964,3.964,3.964,3.964,3.964,3.964,3.964,3.964,3.964,3.964,0,,False,False,True,,,,,,,,,,,,,,,False,False,19.172,,86.1,,75.7,,86.1,,1753,51,9,16,7,142362.8,18981.71,,Idle,,20,,10,,,20,Go Home,False,False,False,False,False,False,False,False,False,False,False,False,33.8027920380556,-117.4659261431046,1008.5,2972.0,1049.4,396.9,True,1,1,False,False,False,False,,True,False,False,Course Lock,196.8,67,16.4,93,E,S,7.38,7.38,Calm,False,False,Android,7.0.2,M300 RTK,1ZN7L4R0H1D00F,1W9DL31001461C,1ZMLH8300204F0,1Z6PH74DAP0QN7,"Corona, CA",728.3,5.7,137.7,8.547347,2.013246,0,0,DJI Matrice 300 RTK,M300 RTK,1ZN7L4R0H1D00F,1W9DL31001461C,1ZMLH8300204F0,1Z6PH74DAP0QN7,DJI Pilot,Android,7.0.2,1EF72A62-B7C3-C88D-164E-CE6F8C8424AE,1ZN7L4R0H1D00F,1W9DL31001461C,,1ZMLH8300204F0,1W9DL31001461C,,,,,
2023-11-01,11:27:00.33 AM,2m 38.0s,158.0,33.8011009828391,-117.4685601162849,91.8,91.8,18.0,1356,1088.4,4.88555,6.085134,1.342164,1.342164,-4.697574,1.342164,-0.447388,0,1.2,1.5,1.9,-74,286,285.9,Tripod,Other,,22,5,True,,True,False,,Smart,RC,False,True,False,,,True,,False,False,False,False,False,False,False,False,False,False,0,Follow Yaw,-88.9,0,-81.6,278.4,False,False,False,False,False,,0,0,False,False,No Card,100,100,1024,1319,1263,1024,2,False,False,False,False,False,0,False,False,False,False,91,,47.58,,9139,,10044,,47.58,,True,3.964,3.964,3.964,3.964,3.964,3.964,3.964,3.964,3.964,3.964,3.964,3.964,0,,False,False,True,,,,,,,,,,,,,,,False,False,19.054,,86.3,,75.7,,86.3,,1753,51,9,16,7,142362.8,18981.71,,Idle,,20,,10,,,20,Go Home,False,False,False,False,False,False,False,False,False,False,False,False,33.8027920380556,-117.4659261431046,1009.0,2972.0,1049.4,396.9,True,1,1,False,False,False,False,,True,False,False,Course Lock,196.8,67,16.4,93,E,S,7.38,7.38,Calm,False,False,Android,7.0.2,M300 RTK,1ZN7L4R0H1D00F,1W9DL31001461C,1ZMLH8300204F0,1Z6PH74DAP0QN7,"Corona, CA",728.3,5.7,137.7,8.547347,2.013246,0,0,DJI Matrice 300 RTK,M300 RTK,1ZN7L4R0H1D00F,1W9DL31001461C,1ZMLH8300204F0,1Z6PH74DAP0QN7,DJI Pilot,Android,7.0.2,1EF72A62-B7C3-C88D-164E-CE6F8C8424AE,1ZN7L4R0H1D00F,1W9DL31001461C,,1ZMLH8300204F0,1W9DL31001461C,,,,,
2023-11-01,11:27:00.44 AM,2m 38.1s,158.1,33.8011013748438,-117.4685625770758,91.8,91.8,17.7,1356,1089.1,4.88555,6.085134,1.342164,1.342164,-4.697574,1.342164,-0.447388,0,0.8,1.1,1.3,-74,286,280.8,Tripod,Other,,22,5,True,,True,False,,Smart,RC,False,True,False,,,True,,False,False,False,False,False,False,False,False,False,False,0,Follow Yaw,-88.9,0,-81.6,278.4,False,False,False,False,False,,0,0,False,False,No Card,100,100,1024,1318,1265,1024,2,False,False,False,False,False,0,False,False,False,False,91,,47.58,,9139,,10044,,47.58,,True,3.964,3.964,3.964,3.964,3.964,3.964,3.964,3.964,3.964,3.964,3.964,3.964,0,,False,False,True,,,,,,,,,,,,,,,False,False,19.054,,86.3,,75.7,,86.3,,1753,51,9,16,7,142362.8,18981.71,,Idle,,20,,10,,,20,Go Home,False,False,False,False,False,False,False,False,False,False,False,False,33.8027920380556,-117.4659261431046,1009.5,2972.0,1049.4,396.9,True,1,1,False,False,False,False,,True,False,False,Course Lock,196.8,67,16.4,93,E,S,7.38,7.38,Calm,False,False,Android,7.0.2,M300 RTK,1ZN7L4R0H1D00F,1W9DL31001461C,1ZMLH8300204F0,1Z6PH74DAP0QN7,"Corona, CA",728.3,5.7,137.7,8.547347,2.013246,0,0,DJI Matrice 300 RTK,M300 RTK,1ZN7L4R0H1D00F,1W9DL31001461C,1ZMLH8300204F0,1Z6PH74DAP0QN7,DJI Pilot,Android,7.0.2,1EF72A62-B7C3-C88D-164E-CE6F8C8424AE,1ZN7L4R0H1D00F,1W9DL31001461C,,1ZMLH8300204F0,1W9DL31001461C,,,,,
2023-11-01,11:27:00.54 AM,2m 38.2s,158.2,33.8011019324225,-117.4685649910258,91.8,91.8,17.7,1356,1089.9,4.88555,6.085134,1.342164,1.342164,-4.697574,1.342164,-0.447388,0,0.8,1.4,1.6,-73.9,286.1,285.5,Tripod,Other,,22,5,True,,True,False,,Smart,RC,False,True,False,,,True,,False,False,False,False,False,False,False,False,False,False,0,Follow Yaw,-88.9,0,-81.6,278.4,False,False,False,False,False,,0,0,False,False,No Card,100,100,1024,1319,1264,1024,2,False,False,False,False,False,0,False,False,False,False,91,,47.58,,9139,,10044,,47.58,,True,3.964,3.964,3.964,3.964,3.964,3.964,3.964,3.964,3.964,3.964,3.964,3.964,0,,False,False,True,,,,,,,,,,,,,,,False,False,19.054,,86.3,,75.7,,86.3,,1753,51,9,16,7,142362.8,18981.71,,Idle,,20,,10,,,20,Go Home,False,False,False,False,False,False,False,False,False,False,False,False,33.8027920380556,-117.4659261431046,1009.9,2972.0,1049.4,396.9,True,1,1,False,False,False,False,,True,False,False,Course Lock,196.8,67,16.4,93,E,S,7.38,7.38,Calm,False,False,Android,7.0.2,M300 RTK,1ZN7L4R0H1D00F,1W9DL31001461C,1ZMLH8300204F0,1Z6PH74DAP0QN7,"Corona, CA",728.3,5.7,137.7,8.547347,2.013246,0,0,DJI Matrice 300 RTK,M300 RTK,1ZN7L4R0H1D00F,1W9DL31001461C,1ZMLH8300204F0,1Z6PH74DAP0QN7,DJI Pilot,Android,7.0.2,1EF72A62-B7C3-C88D-164E-CE6F8C8424AE,1ZN7L4R0H1D00F,1W9DL31001461C,,1ZMLH8300204F0,1W9DL31001461C,,,,,
2023-11-01,11:27:00.64 AM,2m 38.3s,158.3,33.801102582657,-117.4685670474026,92.1,92.1,17.7,1356,1090.6,4.88555,6.085134,1.342164,1.342164,-4.697574,1.342164,-0.447388,0,0.7,1.3,1.4,-73.9,286.1,290.8,Tripod,Other,,22,5,True,,True,False,,Smart,RC,False,True,False,,,True,,False,False,False,False,False,False,False,False,False,False,0,Follow Yaw,-88.9,0,-81.6,278.4,False,False,False,False,False,,0,0,False,False,No Card,100,100,1024,1320,1264,1024,2,False,False,False,False,False,0,False,False,False,False,91,,47.58,,9139,,10044,,47.58,,True,3.964,3.964,3.964,3.964,3.964,3.964,3.964,3.964,3.964,3.964,3.964,3.964,0,,False,False,True,,,,,,,,,,,,,,,False,False,19.054,,86.3,,75.7,,86.3,,1750,51,9,17,7,142799.7,19039.97,,Idle,,20,,10,,,20,Go Home,False,False,False,False,False,False,False,False,False,False,False,False,33.8027920380556,-117.4659261431046,1010.3,2972.0,1049.4,396.9,True,1,1,False,False,False,False,,True,False,False,Course Lock,196.8,67,16.4,93,E,S,7.38,7.38,Calm,False,False,Android,7.0.2,M300 RTK,1ZN7L4R0H1D00F,1W9DL31001461C,1ZMLH8300204F0,1Z6PH74DAP0QN7,"Corona, CA",728.3,5.7,137.7,8.547347,2.013246,0,0,DJI Matrice 300 RTK,M300 RTK,1ZN7L4R0H1D00F,1W9DL31001461C,1ZMLH8300204F0,1Z6PH74DAP0QN7,DJI Pilot,Android,7.0.2,1EF72A62-B7C3-C88D-164E-CE6F8C8424AE,1ZN7L4R0H1D00F,1W9DL31001461C,,1ZMLH8300204F0,1W9DL31001461C,,,,,
2023-11-01,11:27:00.75 AM,2m 38.4s,158.4,33.8011031528457,-117.4685694224286,92.1,92.1,17.3,1356,1091.3,4.88555,6.085134,1.342164,1.342164,-4.697574,1.342164,-0.447388,0,0.6,1,1.1,-73.8,286.2,286.1,Tripod,Other,,22,5,True,,True,False,,Smart,RC,False,True,False,,,True,,False,False,False,False,False,False,False,False,False,False,0,Follow Yaw,-88.9,0,-81.6,278.4,False,False,False,False,False,,0,0,False,False,No Card,100,100,1024,1320,1265,1024,2,False,False,False,False,False,0,False,False,False,False,91,,47.58,,9139,,10044,,47.58,,True,3.964,3.964,3.964,3.964,3.964,3.964,3.964,3.964,3.964,3.964,3.964,3.964,0,,False,False,True,,,,,,,,,,,,,,,False,False,19.054,,86.3,,75.7,,86.3,,1750,51,9,17,7,142799.7,19039.97,,Idle,,20,,10,,,20,Go Home,False,False,False,False,False,False,False,False,False,False,False,False,33.8027920380556,-117.4659261431046,1010.7,2972.0,1049.4,396.9,True,1,1,False,False,False,False,,True,False,False,Course Lock,196.8,67,16.4,93,E,S,7.38,7.38,Calm,False,False,Android,7.0.2,M300 RTK,1ZN7L4R0H1D00F,1W9DL31001461C,1ZMLH8300204F0,1Z6PH74DAP0QN7,"Corona, CA",728.3,5.7,137.7,8.547347,2.013246,0,0,DJI Matrice 300 RTK,M300 RTK,1ZN7L4R0H1D00F,1W9DL31001461C,1ZMLH8300204F0,1Z6PH74DAP0QN7,DJI Pilot,Android,7.0.2,1EF72A62-B7C3-C88D-164E-CE6F8C8424AE,1ZN7L4R0H1D00F,1W9DL31001461C,,1ZMLH8300204F0,1W9DL31001461C,,,,,
2023-11-01,11:27:00.85 AM,2m 38.5s,158.5,33.8011035459469,-117.468571989436,92.1,92.1,17.3,1356,1092.1,4.88555,6.085134,1.342164,1.342164,-4.697574,1.342164,-0.447388,0,0.3,1,1,-73.7,286.3,280.4,Tripod,Other,,22,5,True,,True,False,,Smart,RC,False,True,False,,,True,,False,False,False,False,False,False,False,False,False,False,0,Follow Yaw,-88.9,0,-81.6,278.4,False,False,False,False,False,,0,0,False,False,No Card,100,100,1024,1319,1265,1024,2,False,False,False,False,False,0,False,False,False,False,91,,47.58,,9139,,10044,,47.58,,True,3.964,3.964,3.964,3.964,3.964,3.964,3.964,3.964,3.964,3.964,3.964,3.964,0,,False,False,True,,,,,,,,,,,,,,,False,False,19.054,,86.3,,75.7,,86.3,,1750,51,9,17,7,142799.7,19039.97,,Idle,,20,,10,,,20,Go Home,False,False,False,False,False,False,False,False,False,False,False,False,33.8027920380556,-117.4659261431046,1011.3,2972.0,1049.4,396.9,True,1,1,False,False,False,False,,True,False,False,Course Lock,196.8,67,16.4,93,E,S,7.38,7.38,Calm,False,False,Android,7.0.2,M300 RTK,1ZN7L4R0H1D00F,1W9DL31001461C,1ZMLH8300204F0,1Z6PH74DAP0QN7,"Corona, CA",728.3,5.7,137.7,8.547347,2.013246,0,0,DJI Matrice 300 RTK,M300 RTK,1ZN7L4R0H1D00F,1W9DL31001461C,1ZMLH8300204F0,1Z6PH74DAP0QN7,DJI Pilot,Android,7.0.2,1EF72A62-B7C3-C88D-164E-CE6F8C8424AE,1ZN7L4R0H1D00F,1W9DL31001461C,,1ZMLH8300204F0,1W9DL31001461C,,,,,
2023-11-01,11:27:00.95 AM,2m 38.6s,158.6,33.80110409585,-117.4685743638022,92.1,92.1,17.3,1356,1092.8,4.88555,6.085134,1.342164,1.342164,-4.697574,1.342164,-0.447388,0,-0.1,1.1,1.1,-73.7,286.3,285.5,Tripod,Other,,22,5,True,,True,False,,Smart,RC,False,True,False,,,True,,False,False,False,False,False,False,False,False,False,False,0,Follow Yaw,-88.9,0,-81.6,278.4,False,False,False,False,False,,0,0,False,False,No Card,100,100,1024,1320,1264,1024,2,False,False,False,False,False,0,False,False,False,False,91,,47.58,,9139,,10044,,47.58,,True,3.964,3.964,3.964,3.964,3.964,3.964,3.964,3.964,3.964,3.964,3.964,3.964,0,,False,False,True,,,,,,,,,,,,,,,False,False,19.054,,86.3,,75.7,,86.3,,1750,51,9,17,7,142799.7,19039.97,,Idle,,20,,10,,,20,Go Home,False,False,False,False,False,False,False,False,False,False,False,False,33.8027920380556,-117.4659261431046,1011.7,2972.0,1049.4,396.9,True,1,1,False,False,False,False,,True,False,False,Course Lock,196.8,67,16.4,93,E,S,7.38,7.38,Calm,False,False,Android,7.0.2,M300 RTK,1ZN7L4R0H1D00F,1W9DL31001461C,1ZMLH8300204F0,1Z6PH74DAP0QN7,"Corona, CA",728.3,5.7,137.7,8.547347,2.013246,0,0,DJI Matrice 300 RTK,M300 RTK,1ZN7L4R0H1D00F,1W9DL31001461C,1ZMLH8300204F0,1Z6PH74DAP0QN7,DJI Pilot,Android,7.0.2,1EF72A62-B7C3-C88D-164E-CE6F8C8424AE,1ZN7L4R0H1D00F,1W9DL31001461C,,1ZMLH8300204F0,1W9DL31001461C,,,,,
2023-11-01,11:27:01.06 AM,2m 38.7s,158.7,33.8011048162615,-117.4685769070594,92.5,92.5,17.3,1356,1093.7,4.88555,6.085134,1.342164,1.342164,-4.697574,1.342164,-0.447388,0,-0.2,0.7,0.7,-73.7,286.3,288.8,Tripod,Other,,22,5,True,,True,False,,Smart,RC,False,True,False,,,True,,False,False,False,False,False,False,False,False,False,False,0,Follow Yaw,-88.9,0,-81.6,278.4,False,False,False,False,False,,0,0,False,False,No Card,100,100,1024,1321,1263,1024,2,False,False,False,False,False,0,False,False,False,False,91,,47.568,,4537,,4986,,47.568,,True,3.964,3.964,3.964,3.964,3.964,3.964,3.964,3.964,3.964,3.964,3.964,3.964,0,,False,False,True,,,,,,,,,,,,,,,False,False,9.192,,85.4,,75.7,,86.3,,1750,51,9,17,7,142799.7,19039.97,,Idle,,20,,10,,,20,Go Home,False,False,False,False,False,False,False,False,False,False,False,False,33.8027920380556,-117.4659261431046,1012.2,2972.0,1049.4,396.9,True,1,1,False,False,False,False,,True,False,False,Course Lock,196.8,67,16.4,93,E,S,7.38,7.38,Calm,False,False,Android,7.0.2,M300 RTK,1ZN7L4R0H1D00F,1W9DL31001461C,1ZMLH8300204F0,1Z6PH74DAP0QN7,"Corona, CA",728.3,5.7,137.7,8.547347,2.013246,0,0,DJI Matrice 300 RTK,M300 RTK,1ZN7L4R0H1D00F,1W9DL31001461C,1ZMLH8300204F0,1Z6PH74DAP0QN7,DJI Pilot,Android,7.0.2,1EF72A62-B7C3-C88D-164E-CE6F8C8424AE,1ZN7L4R0H1D00F,1W9DL31001461C,,1ZMLH8300204F0,1W9DL31001461C,,,,,
2023-11-01,11:27:01.16 AM,2m 38.8s,158.8,33.801105385902,-117.4685793071552,92.5,92.5,17.0,1356,1094.4,4.88555,6.085134,1.342164,1.342164,-4.697574,1.342164,-0.447388,0,0,0.4,0.4,-73.7,286.3,285.9,Tripod,Other,,22,5,True,,True,False,,Smart,RC,False,True,False,,,True,,False,False,False,False,False,False,False,False,False,False,0,Follow Yaw,-88.9,0,-81.6,278.4,False,False,False,False,False,,0,0,False,False,No Card,100,100,1024,1320,1264,1024,2,False,False,False,False,False,0,False,False,False,False,91,,47.568,,4537,,4986,,47.568,,True,3.964,3.964,3.964,3.964,3.964,3.964,3.964,3.964,3.964,3.964,3.964,3.964,0,,False,False,True,,,,,,,,,,,,,,,False,False,9.192,,85.4,,75.7,,86.3,,1750,51,9,17,7,142799.7,19039.97,,Idle,,20,,10,,,20,Go Home,False,False,False,False,False,False,False,False,False,False,False,False,33.8027920380556,-117.4659261431046,1012.6,2972.0,1049.4,396.9,True,1,1,False,False,False,False,,True,False,False,Course Lock,196.8,67,16.4,93,E,S,7.38,7.38,Calm,False,False,Android,7.0.2,M300 RTK,1ZN7L4R0H1D00F,1W9DL31001461C,1ZMLH8300204F0,1Z6PH74DAP0QN7,"Corona, CA",728.3,5.7,137.7,8.547347,2.013246,0,0,DJI Matrice 300 RTK,M300 RTK,1ZN7L4R0H1D00F,1W9DL31001461C,1ZMLH8300204F0,1Z6PH74DAP0QN7,DJI Pilot,Android,7.0.2,1EF72A62-B7C3-C88D-164E-CE6F8C8424AE,1ZN7L4R0H1D00F,1W9DL31001461C,,1ZMLH8300204F0,1W9DL31001461C,,,,,
2023-11-01,11:27:01.27 AM,2m 38.9s,158.9,33.8011058930409,-117.468581738918,92.5,92.5,17.0,1356,1095.2,4.88555,6.085134,1.342164,1.342164,-4.697574,1.342164,-0.447388,0,0.1,0.7,0.7,-73.9,286.1,284.0,Tripod,Other,,22,5,True,,True,False,,Smart,RC,False,True,False,,,True,,False,False,False,False,False,False,False,False,False,False,0,Follow Yaw,-88.9,0,-81.6,278.4,False,False,False,False,False,,0,0,False,False,No Card,100,100,1024,1320,1265,1024,2,False,False,False,False,False,0,False,False,False,False,91,,47.568,,4537,,4986,,47.568,,True,3.964,3.964,3.964,3.964,3.964,3.964,3.964,3.964,3.964,3.964,3.964,3.964,0,,False,False,True,,,,,,,,,,,,,,,False,False,9.192,,85.4,,75.7,,86.3,,1750,51,9,17,7,142799.7,19039.97,,Idle,,20,,10,,,20,Go Home,False,False,False,False,False,False,False,False,False,False,False,False,33.8027920380556,-117.4659261431046,1013.1,2972.0,1049.4,396.9,True,1,1,False,False,False,False,,True,False,False,Course Lock,196.8,67,16.4,93,E,S,7.38,7.38,Calm,False,False,Android,7.0.2,M300 RTK,1ZN7L4R0H1D00F,1W9DL31001461C,1ZMLH8300204F0,1Z6PH74DAP0QN7,"Corona, CA",728.3,5.7,137.7,8.547347,2.013246,0,0,DJI Matrice 300 RTK,M300 RTK,1ZN7L4R0H1D00F,1W9DL31001461C,1ZMLH8300204F0,1Z6PH74DAP0QN7,DJI Pilot,Android,7.0.2,1EF72A62-B7C3-C88D-164E-CE6F8C8424AE,1ZN7L4R0H1D00F,1W9DL31001461C,,1ZMLH8300204F0,1W9DL31001461C,,,,,
2023-11-01,11:27:01.37 AM,2m 39.0s,159.0,33.801106440751,-117.4685841535278,92.5,92.5,17.0,1356,1095.9,4.88555,6.085134,1.342164,1.342164,-4.697574,1.342164,-0.447388,0,0.3,1.1,1.1,-74.1,285.9,285.2,Tripod,Other,,22,5,True,,True,False,,Smart,RC,False,True,False,,,True,,False,False,False,False,False,False,False,False,False,False,0,Follow Yaw,-88.9,0,-81.6,278.4,False,False,False,False,False,,0,0,False,False,No Card,100,100,1024,1321,1264,1024,2,False,False,False,False,False,0,False,False,False,False,91,,47.58,,9139,,10044,,47.58,,True,3.964,3.964,3.964,3.964,3.964,3.964,3.964,3.964,3.964,3.964,3.964,3.964,0,,False,False,True,,,,,,,,,,,,,,,False,False,18.9,,86.3,,75.7,,86.3,,1750,51,9,17,7,142799.7,19039.97,,Idle,,20,,10,,,20,Go Home,False,False,False,False,False,False,False,False,False,False,False,False,33.8027920380556,-117.4659261431046,1013.6,2972.0,1049.4,396.9,True,1,1,False,False,False,False,,True,False,False,Course Lock,196.8,67,16.4,93,E,S,7.38,7.38,Calm,False,False,Android,7.0.2,M300 RTK,1ZN7L4R0H1D00F,1W9DL31001461C,1ZMLH8300204F0,1Z6PH74DAP0QN7,"Corona, CA",728.3,5.7,137.7,8.547347,2.013246,0,0,DJI Matrice 300 RTK,M300 RTK,1ZN7L4R0H1D00F,1W9DL31001461C,1ZMLH8300204F0,1Z6PH74DAP0QN7,DJI Pilot,Android,7.0.2,1EF72A62-B7C3-C88D-164E-CE6F8C8424AE,1ZN7L4R0H1D00F,1W9DL31001461C,,1ZMLH8300204F0,1W9DL31001461C,,,,,
2023-11-01,11:27:01.47 AM,2m 39.1s,159.1,33.8011069500831,-117.468586418379,92.5,92.5,17.0,1356,1096.6,4.828889,6.085134,1.11847,1.342164,-4.697574,1.342164,-0.447388,0,0.3,0.9,0.9,-74.4,285.6,285.1,Tripod,Other,,22,5,True,,True,False,,Smart,RC,False,True,False,,,True,,False,False,False,False,False,False,False,False,False,False,0,Follow Yaw,-88.9,0,-81.6,278.4,False,False,False,False,False,,0,0,False,False,No Card,100,100,1024,1321,1263,1024,2,False,False,False,False,False,0,False,False,False,False,91,,47.58,,9139,,10044,,47.58,,True,3.964,3.964,3.964,3.964,3.964,3.964,3.964,3.964,3.964,3.964,3.964,3.964,0,,False,False,True,,,,,,,,,,,,,,,False,False,18.9,,86.3,,75.7,,86.3,,1750,51,9,17,7,142799.7,19039.97,,Idle,,20,,10,,,20,Go Home,False,False,False,False,False,False,False,False,False,False,False,False,33.8027920380556,-117.4659261431046,1014.0,2972.0,1049.4,396.9,True,1,1,False,False,False,False,,True,False,False,Course Lock,196.8,67,16.4,93,E,S,7.38,7.38,Calm,False,False,Android,7.0.2,M300 RTK,1ZN7L4R0H1D00F,1W9DL31001461C,1ZMLH8300204F0,1Z6PH74DAP0QN7,"Corona, CA",728.3,5.7,137.7,8.547347,2.013246,0,0,DJI Matrice 300 RTK,M300 RTK,1ZN7L4R0H1D00F,1W9DL31001461C,1ZMLH8300204F0,1Z6PH74DAP0QN7,DJI Pilot,Android,7.0.2,1EF72A62-B7C3-C88D-164E-CE6F8C8424AE,1ZN7L4R0H1D00F,1W9DL31001461C,,1ZMLH8300204F0,1W9DL31001461C,,,,,
2023-11-01,11:27:01.57 AM,2m 39.2s,159.2,33.8011074884728,-117.4685888310097,92.8,92.8,17.3,1357,1097.4,4.828889,6.085134,1.11847,1.342164,-4.697574,1.342164,-0.447388,0,0.3,1,1,-74.4,285.6,285.0,Tripod,Other,,22,5,True,,True,False,,Smart,RC,False,True,False,,,True,,False,False,False,False,False,False,False,False,False,False,0,Follow Yaw,-88.9,0,-81.6,278.4,False,False,False,False,False,,0,0,False,False,No Card,100,100,1024,1322,1263,1024,2,False,False,False,False,False,0,False,False,False,False,91,,47.58,,9139,,10044,,47.58,,True,3.964,3.964,3.964,3.964,3.964,3.964,3.964,3.964,3.964,3.964,3.964,3.964,0,,False,False,True,,,,,,,,,,,,,,,False,False,18.9,,86.3,,75.7,,86.3,,1750,51,9,17,7,142799.7,19039.97,,Idle,,20,,10,,,20,Go Home,False,False,False,False,False,False,False,False,False,False,False,False,33.8027920380556,-117.4659261431046,1014.5,2972.0,1049.4,396.9,True,1,1,False,False,False,False,,True,False,False,Course Lock,196.8,67,16.4,93,E,S,7.38,7.38,Calm,False,False,Android,7.0.2,M300 RTK,1ZN7L4R0H1D00F,1W9DL31001461C,1ZMLH8300204F0,1Z6PH74DAP0QN7,"Corona, CA",728.3,5.7,137.7,8.547347,2.013246,0,0,DJI Matrice 300 RTK,M300 RTK,1ZN7L4R0H1D00F,1W9DL31001461C,1ZMLH8300204F0,1Z6PH74DAP0QN7,DJI Pilot,Android,7.0.2,1EF72A62-B7C3-C88D-164E-CE6F8C8424AE,1ZN7L4R0H1D00F,1W9DL31001461C,,1ZMLH8300204F0,1W9DL31001461C,,,,,
2023-11-01,11:27:01.64 AM,2m 39.3s,159.3,33.8011079736814,-117.4685914389203,92.8,92.8,17.3,1357,1098.2,5.046766,6.085134,1.11847,1.342164,-4.921268,1.342164,-0.447388,0,0.3,1.1,1.1,-74.2,285.8,282.6,Tripod,Other,,22,5,True,,True,False,,Smart,RC,False,True,False,,,True,,False,False,False,False,False,False,False,False,False,False,0,Follow Yaw,-88.9,0,-81.6,278.4,False,False,False,False,False,,0,0,False,False,No Card,100,100,1024,1322,1262,1024,2,False,False,False,False,False,0,False,False,False,False,91,,47.58,,9139,,10044,,47.58,,True,3.965,3.965,3.965,3.965,3.965,3.965,3.965,3.965,3.965,3.965,3.965,3.965,0,,False,False,True,,,,,,,,,,,,,,,False,False,18.9,,86.3,,75.7,,86.3,,1747,51,9,17,7,143083.0,19077.73,,Idle,,20,,10,,,20,Go Home,False,False,False,False,False,False,False,False,False,False,False,False,33.8027920380556,-117.4659261431046,1015.0,2972.0,1049.4,396.9,True,1,1,False,False,False,False,,True,False,False,Course Lock,196.8,67,16.4,93,E,S,7.38,7.38,Calm,False,False,Android,7.0.2,M300 RTK,1ZN7L4R0H1D00F,1W9DL31001461C,1ZMLH8300204F0,1Z6PH74DAP0QN7,"Corona, CA",728.3,5.7,137.7,8.547347,2.013246,0,0,DJI Matrice 300 RTK,M300 RTK,1ZN7L4R0H1D00F,1W9DL31001461C,1ZMLH8300204F0,1Z6PH74DAP0QN7,DJI Pilot,Android,7.0.2,1EF72A62-B7C3-C88D-164E-CE6F8C8424AE,1ZN7L4R0H1D00F,1W9DL31001461C,,1ZMLH8300204F0,1W9DL31001461C,,,,,
2023-11-01,11:27:01.74 AM,2m 39.4s,159.4,33.8011085000095,-117.4685938812388,92.8,92.8,17.3,1357,1099.0,5.046766,6.085134,1.11847,1.342164,-4.921268,1.342164,-0.447388,0,0.4,1.1,1.1,-73.9,286.1,284.5,Tripod,Other,,22,5,True,,True,False,,Smart,RC,False,True,False,,,True,,False,False,False,False,False,False,False,False,False,False,0,Follow Yaw,-88.9,0,-81.6,278.4,False,False,False,False,False,,0,0,False,False,No Card,100,100,1024,1322,1263,1024,2,False,False,False,False,False,0,False,False,False,False,91,,47.58,,9139,,10044,,47.58,,True,3.965,3.965,3.965,3.965,3.965,3.965,3.965,3.965,3.965,3.965,3.965,3.965,0,,False,False,True,,,,,,,,,,,,,,,False,False,18.9,,86.3,,75.7,,86.3,,1747,51,9,17,7,143083.0,19077.73,,Idle,,20,,10,,,20,Go Home,False,False,False,False,False,False,False,False,False,False,False,False,33.8027920380556,-117.4659261431046,1015.4,2972.0,1049.4,396.9,True,1,1,False,False,False,False,,True,False,False,Course Lock,196.8,67,16.4,93,E,S,7.38,7.38,Calm,False,False,Android,7.0.2,M300 RTK,1ZN7L4R0H1D00F,1W9DL31001461C,1ZMLH8300204F0,1Z6PH74DAP0QN7,"Corona, CA",728.3,5.7,137.7,8.547347,2.013246,0,0,DJI Matrice 300 RTK,M300 RTK,1ZN7L4R0H1D00F,1W9DL31001461C,1ZMLH8300204F0,1Z6PH74DAP0QN7,DJI Pilot,Android,7.0.2,1EF72A62-B7C3-C88D-164E-CE6F8C8424AE,1ZN7L4R0H1D00F,1W9DL31001461C,,1ZMLH8300204F0,1W9DL31001461C,,,,,
2023-11-01,11:27:01.84 AM,2m 39.5s,159.5,33.8011091661434,-117.4685962061254,92.8,92.8,17.7,1357,1099.7,5.101008,6.085134,1.342164,1.342164,-4.921268,1.342164,-0.447388,0,0.7,1.6,1.7,-73.6,286.4,289.0,Tripod,Other,,22,5,True,,True,False,,Smart,RC,False,True,False,,,True,,False,False,False,False,False,False,False,False,False,False,0,Follow Yaw,-88.9,0,-81.6,278.4,False,False,False,False,False,,0,0,False,False,No Card,100,100,1024,1322,1263,1024,2,False,False,False,False,False,0,False,False,False,False,91,,47.58,,9139,,10044,,47.58,,True,3.965,3.965,3.965,3.965,3.965,3.965,3.965,3.965,3.965,3.965,3.965,3.965,0,,False,False,True,,,,,,,,,,,,,,,False,False,18.9,,86.3,,75.7,,86.3,,1747,51,9,17,7,143083.0,19077.73,,Idle,,20,,10,,,20,Go Home,False,False,False,False,False,False,False,False,False,False,False,False,33.8027920380556,-117.4659261431046,1015.9,2972.0,1049.4,396.9,True,1,1,False,False,False,False,,True,False,False,Course Lock,196.8,67,16.4,93,E,S,7.38,7.38,Calm,False,False,Android,7.0.2,M300 RTK,1ZN7L4R0H1D00F,1W9DL31001461C,1ZMLH8300204F0,1Z6PH74DAP0QN7,"Corona, CA",728.3,5.7,137.7,8.547347,2.013246,0,0,DJI Matrice 300 RTK,M300 RTK,1ZN7L4R0H1D00F,1W9DL31001461C,1ZMLH8300204F0,1Z6PH74DAP0QN7,DJI Pilot,Android,7.0.2,1EF72A62-B7C3-C88D-164E-CE6F8C8424AE,1ZN7L4R0H1D00F,1W9DL31001461C,,1ZMLH8300204F0,1W9DL31001461C,,,,,
2023-11-01,11:27:01.94 AM,2m 39.6s,159.6,33.8011097111122,-117.46859863327,92.8,92.8,17.7,1357,1100.5,5.101008,6.085134,1.342164,1.342164,-4.921268,1.342164,-0.223694,0,0.6,1.7,1.8,-73.4,286.6,285.1,Tripod,Other,,22,5,True,,True,False,,Smart,RC,False,True,False,,,True,,False,False,False,False,False,False,False,False,False,False,0,Follow Yaw,-88.9,0,-81.6,278.4,False,False,False,False,False,,0,0,False,False,No Card,100,100,1024,1323,1262,1024,2,False,False,False,False,False,0,False,False,False,False,91,,47.58,,9139,,10044,,47.58,,True,3.965,3.965,3.965,3.965,3.965,3.965,3.965,3.965,3.965,3.965,3.965,3.965,0,,False,False,True,,,,,,,,,,,,,,,False,False,18.9,,86.3,,75.7,,86.3,,1747,51,9,17,7,143083.0,19077.73,,Idle,,20,,10,,,20,Go Home,False,False,False,False,False,False,False,False,False,False,False,False,33.8027920380556,-117.4659261431046,1016.3,2972.0,1049.4,396.9,True,1,1,False,False,False,False,,True,False,False,Course Lock,196.8,67,16.4,93,E,S,7.15,7.38,Calm,False,False,Android,7.0.2,M300 RTK,1ZN7L4R0H1D00F,1W9DL31001461C,1ZMLH8300204F0,1Z6PH74DAP0QN7,"Corona, CA",728.3,5.7,137.7,8.547347,2.013246,0,0,DJI Matrice 300 RTK,M300 RTK,1ZN7L4R0H1D00F,1W9DL31001461C,1ZMLH8300204F0,1Z6PH74DAP0QN7,DJI Pilot,Android,7.0.2,1EF72A62-B7C3-C88D-164E-CE6F8C8424AE,1ZN7L4R0H1D00F,1W9DL31001461C,,1ZMLH8300204F0,1W9DL31001461C,,,,,
2023-11-01,11:27:02.04 AM,2m 39.7s,159.7,33.8011101420432,-117.4686009865251,93.1,93.1,17.7,1357,1101.2,4.88555,6.085134,1.342164,1.342164,-4.697574,1.342164,-0.223694,0,0.5,1.7,1.7,-73.2,286.8,282.4,Tripod,Other,,22,5,True,,True,False,,Smart,RC,False,True,False,,,True,,False,False,False,False,False,False,False,False,False,False,0,Follow Yaw,-88.9,0,-81.6,278.4,False,False,False,False,False,,0,0,False,False,No Card,100,100,1024,1323,1262,1024,2,False,False,False,False,False,0,False,False,False,False,91,,47.58,,9139,,10044,,47.58,,True,3.965,3.965,3.965,3.965,3.965,3.965,3.965,3.965,3.965,3.965,3.965,3.965,0,,False,False,True,,,,,,,,,,,,,,,False,False,18.9,,86.3,,75.7,,86.3,,1747,51,9,17,7,143083.0,19077.73,,Idle,,20,,10,,,20,Go Home,False,False,False,False,False,False,False,False,False,False,False,False,33.8027920380556,-117.4659261431046,1016.8,2972.0,1049.4,396.9,True,1,1,False,False,False,False,,True,False,False,Course Lock,196.8,67,16.4,93,E,S,7.15,7.38,Calm,False,False,Android,7.0.2,M300 RTK,1ZN7L4R0H1D00F,1W9DL31001461C,1ZMLH8300204F0,1Z6PH74DAP0QN7,"Corona, CA",728.3,5.7,137.7,8.547347,2.013246,0,0,DJI Matrice 300 RTK,M300 RTK,1ZN7L4R0H1D00F,1W9DL31001461C,1ZMLH8300204F0,1Z6PH74DAP0QN7,DJI Pilot,Android,7.0.2,1EF72A62-B7C3-C88D-164E-CE6F8C8424AE,1ZN7L4R0H1D00F,1W9DL31001461C,,1ZMLH8300204F0,1W9DL31001461C,,,,,
2023-11-01,11:27:02.14 AM,2m 39.8s,159.8,33.8011107078459,-117.4686033866208,93.1,93.1,17.7,1357,1102.0,4.88555,6.085134,1.342164,1.342164,-4.697574,1.342164,-0.447388,0,0.5,1.5,1.5,-73.1,286.9,285.8,Tripod,Other,,22,5,True,,True,False,,Smart,RC,False,True,False,,,True,,False,False,False,False,False,False,False,False,False,False,0,Follow Yaw,-88.9,0,-81.6,278.4,False,False,False,False,False,,0,0,False,False,No Card,100,100,1024,1323,1261,1024,2,False,False,False,False,False,0,False,False,False,False,91,,47.58,,9139,,10044,,47.58,,True,3.965,3.965,3.965,3.965,3.965,3.965,3.965,3.965,3.965,3.965,3.965,3.965,0,,False,False,True,,,,,,,,,,,,,,,False,False,18.9,,86.3,,75.7,,86.3,,1747,51,9,17,7,143083.0,19077.73,,Idle,,20,,10,,,20,Go Home,False,False,False,False,False,False,False,False,False,False,False,False,33.8027920380556,-117.4659261431046,1017.3,2972.0,1049.4,396.9,True,1,1,False,False,False,False,,True,False,False,Course Lock,196.8,67,16.4,93,E,S,7.15,7.38,Calm,False,False,Android,7.0.2,M300 RTK,1ZN7L4R0H1D00F,1W9DL31001461C,1ZMLH8300204F0,1Z6PH74DAP0QN7,"Corona, CA",728.3,5.7,137.7,8.547347,2.013246,0,0,DJI Matrice 300 RTK,M300 RTK,1ZN7L4R0H1D00F,1W9DL31001461C,1ZMLH8300204F0,1Z6PH74DAP0QN7,DJI Pilot,Android,7.0.2,1EF72A62-B7C3-C88D-164E-CE6F8C8424AE,1ZN7L4R0H1D00F,1W9DL31001461C,,1ZMLH8300204F0,1W9DL31001461C,,,,,
2023-11-01,11:27:02.24 AM,2m 39.9s,159.9,33.8011112610386,-117.468605724702,93.1,93.1,17.7,1357,1102.7,4.88555,6.085134,1.342164,1.342164,-4.697574,1.342164,-0.447388,0,0.4,1.2,1.2,-73.1,286.9,285.8,Tripod,Other,,22,5,True,,True,False,,Smart,RC,False,True,False,,,True,,False,False,False,False,False,False,False,False,False,False,0,Follow Yaw,-88.9,0,-81.6,278.4,False,False,False,False,False,,0,0,False,False,No Card,100,100,1024,1322,1262,1024,2,False,False,False,False,False,0,False,False,False,False,91,,47.604,,4537,,4986,,47.604,,True,3.965,3.965,3.965,3.965,3.965,3.965,3.965,3.965,3.965,3.965,3.965,3.965,0,,False,False,True,,,,,,,,,,,,,,,False,False,8.918,,85.4,,75.7,,86.3,,1747,51,9,17,7,143083.0,19077.73,,Idle,,20,,10,,,20,Go Home,False,False,False,False,False,False,False,False,False,False,False,False,33.8027920380556,-117.4659261431046,1017.7,2972.0,1049.4,396.9,True,1,1,False,False,False,False,,True,False,False,Course Lock,196.8,67,16.4,93,E,S,7.15,7.38,Calm,False,False,Android,7.0.2,M300 RTK,1ZN7L4R0H1D00F,1W9DL31001461C,1ZMLH8300204F0,1Z6PH74DAP0QN7,"Corona, CA",728.3,5.7,137.7,8.547347,2.013246,0,0,DJI Matrice 300 RTK,M300 RTK,1ZN7L4R0H1D00F,1W9DL31001461C,1ZMLH8300204F0,1Z6PH74DAP0QN7,DJI Pilot,Android,7.0.2,1EF72A62-B7C3-C88D-164E-CE6F8C8424AE,1ZN7L4R0H1D00F,1W9DL31001461C,,1ZMLH8300204F0,1W9DL31001461C,,,,,
2023-11-01,11:27:02.34 AM,2m 40.0s,160.0,33.8011118449337,-117.4686080931308,93.1,93.1,17.7,1357,1103.5,4.88555,6.085134,1.342164,1.342164,-4.697574,1.342164,-0.447388,0,0.3,1.2,1.2,-73.2,286.8,286.5,Tripod,Other,,22,5,True,,True,False,,Smart,RC,False,True,False,,,True,,False,False,False,False,False,False,False,False,False,False,0,Follow Yaw,-88.9,0,-81.6,278.4,False,False,False,False,False,,0,0,False,False,No Card,100,100,1024,1321,1264,1024,2,False,False,False,False,False,0,False,False,False,False,91,,47.604,,9139,,10044,,47.604,,True,3.965,3.965,3.965,3.965,3.965,3.965,3.965,3.965,3.965,3.965,3.965,3.965,0,,False,False,True,,,,,,,,,,,,,,,False,False,18.244,,86.3,,75.7,,86.3,,1747,51,9,17,7,143083.0,19077.73,,Idle,,20,,10,,,20,Go Home,False,False,False,False,False,False,False,False,False,False,False,False,33.8027920380556,-117.4659261431046,1018.1,2972.0,1049.4,396.9,True,1,1,False,False,False,False,,True,False,False,Course Lock,196.8,67,16.4,93,E,S,7.15,7.38,Calm,False,False,Android,7.0.2,M300 RTK,1ZN7L4R0H1D00F,1W9DL31001461C,1ZMLH8300204F0,1Z6PH74DAP0QN7,"Corona, CA",728.3,5.7,137.7,8.547347,2.013246,0,0,DJI Matrice 300 RTK,M300 RTK,1ZN7L4R0H1D00F,1W9DL31001461C,1ZMLH8300204F0,1Z6PH74DAP0QN7,DJI Pilot,Android,7.0.2,1EF72A62-B7C3-C88D-164E-CE6F8C8424AE,1ZN7L4R0H1D00F,1W9DL31001461C,,1ZMLH8300204F0,1W9DL31001461C,,,,,
2023-11-01,11:27:02.44 AM,2m 40.1s,160.1,33.8011126826725,-117.4686106080195,93.1,93.1,17.7,1357,1104.3,4.88555,6.085134,1.342164,1.342164,-4.697574,1.342164,-0.447388,0,0.3,1,1,-73.4,286.6,291.8,Tripod,Other,,22,5,True,,True,False,,Smart,RC,False,True,False,,,True,,False,False,False,False,False,False,False,False,False,False,0,Follow Yaw,-88.9,0,-81.6,278.4,False,False,False,False,False,,0,0,False,False,No Card,100,100,1024,1322,1263,1024,2,False,False,False,False,False,0,False,False,False,False,91,,47.604,,9139,,10044,,47.604,,True,3.965,3.965,3.965,3.965,3.965,3.965,3.965,3.965,3.965,3.965,3.965,3.965,0,,False,False,True,,,,,,,,,,,,,,,False,False,18.244,,86.3,,75.7,,86.3,,1747,51,9,17,7,143083.0,19077.73,,Idle,,20,,10,,,20,Go Home,False,False,False,False,False,False,False,False,False,False,False,False,33.8027920380556,-117.4659261431046,1018.6,2972.0,1049.4,396.9,True,1,1,False,False,False,False,,True,False,False,Course Lock,196.8,67,16.4,93,E,S,7.15,7.38,Calm,False,False,Android,7.0.2,M300 RTK,1ZN7L4R0H1D00F,1W9DL31001461C,1ZMLH8300204F0,1Z6PH74DAP0QN7,"Corona, CA",728.3,5.7,137.7,8.547347,2.013246,0,0,DJI Matrice 300 RTK,M300 RTK,1ZN7L4R0H1D00F,1W9DL31001461C,1ZMLH8300204F0,1Z6PH74DAP0QN7,DJI Pilot,Android,7.0.2,1EF72A62-B7C3-C88D-164E-CE6F8C8424AE,1ZN7L4R0H1D00F,1W9DL31001461C,,1ZMLH8300204F0,1W9DL31001461C,,,,,
2023-11-01,11:27:02.54 AM,2m 40.2s,160.2,33.8011133087835,-117.4686129724899,93.5,93.5,17.7,1357,1105.0,4.951677,6.085134,1.565858,1.565858,-4.697574,1.342164,-0.447388,0,0.2,0.6,0.6,-73.6,286.4,287.6,Tripod,Other,,22,5,True,,True,False,,Smart,RC,False,True,False,,,True,,False,False,False,False,False,False,False,False,False,False,0,Follow Yaw,-88.9,0,-81.6,278.4,False,False,False,False,False,,0,0,False,False,No Card,100,100,1024,1323,1263,1024,2,False,False,False,False,False,0,False,False,False,False,91,,47.604,,9139,,10044,,47.604,,True,3.965,3.965,3.965,3.965,3.965,3.965,3.965,3.965,3.965,3.965,3.965,3.965,0,,False,False,True,,,,,,,,,,,,,,,False,False,18.244,,86.3,,75.7,,86.3,,1747,51,9,17,7,143083.0,19077.73,,Idle,,20,,10,,,20,Go Home,False,False,False,False,False,False,False,False,False,False,False,False,33.8027920380556,-117.4659261431046,1019.0,2972.0,1049.4,396.9,True,1,1,False,False,False,False,,True,False,False,Course Lock,196.8,67,16.4,93,E,S,7.15,7.38,Calm,False,False,Android,7.0.2,M300 RTK,1ZN7L4R0H1D00F,1W9DL31001461C,1ZMLH8300204F0,1Z6PH74DAP0QN7,"Corona, CA",728.3,5.7,137.7,8.547347,2.013246,0,0,DJI Matrice 300 RTK,M300 RTK,1ZN7L4R0H1D00F,1W9DL31001461C,1ZMLH8300204F0,1Z6PH74DAP0QN7,DJI Pilot,Android,7.0.2,1EF72A62-B7C3-C88D-164E-CE6F8C8424AE,1ZN7L4R0H1D00F,1W9DL31001461C,,1ZMLH8300204F0,1W9DL31001461C,,,,,
2023-11-01,11:27:02.64 AM,2m 40.3s,160.3,33.8011139957513,-117.4686152003963,93.5,93.5,17.7,1357,1105.7,4.951677,6.085134,1.565858,1.565858,-4.697574,1.342164,-0.447388,0,0.1,0.3,0.3,-73.8,286.2,290.3,Tripod,Other,,22,5,True,,True,False,,Smart,RC,False,True,False,,,True,,False,False,False,False,False,False,False,False,False,False,0,Follow Yaw,-88.9,0,-81.6,278.4,False,False,False,False,False,,0,0,False,False,No Card,100,100,1024,1323,1263,1024,2,False,False,False,False,False,0,False,False,False,False,91,,47.604,,9139,,10044,,47.604,,True,3.969,3.969,3.969,3.969,3.969,3.969,3.969,3.969,3.969,3.969,3.969,3.969,0,,False,False,True,,,,,,,,,,,,,,,False,False,18.244,,86.3,,75.7,,86.3,,1745,51,9,17,7,143081.9,19077.59,,Idle,,20,,10,,,20,Go Home,False,False,False,False,False,False,False,False,False,False,False,False,33.8027920380556,-117.4659261431046,1019.4,2972.0,1049.4,396.9,True,1,1,False,False,False,False,,True,False,False,Course Lock,196.8,67,16.4,93,E,S,7.15,7.38,Calm,False,False,Android,7.0.2,M300 RTK,1ZN7L4R0H1D00F,1W9DL31001461C,1ZMLH8300204F0,1Z6PH74DAP0QN7,"Corona, CA",728.3,5.7,137.7,8.547347,2.013246,0,0,DJI Matrice 300 RTK,M300 RTK,1ZN7L4R0H1D00F,1W9DL31001461C,1ZMLH8300204F0,1Z6PH74DAP0QN7,DJI Pilot,Android,7.0.2,1EF72A62-B7C3-C88D-164E-CE6F8C8424AE,1ZN7L4R0H1D00F,1W9DL31001461C,,1ZMLH8300204F0,1W9DL31001461C,,,,,
2023-11-01,11:27:02.71 AM,2m 40.4s,160.4,33.8011146207658,-117.4686175622278,93.5,93.5,17.7,1357,1106.5,4.88555,6.085134,1.342164,1.565858,-4.697574,1.342164,-0.447388,0,0.1,0.1,0.1,-74,286,287.6,Tripod,Other,,22,5,True,,True,False,,Smart,RC,False,True,False,,,True,,False,False,False,False,False,False,False,False,False,False,0,Follow Yaw,-88.9,0,-81.6,278.4,False,False,False,False,False,,0,0,False,False,No Card,100,100,1024,1324,1261,1024,2,False,False,False,False,False,0,False,False,False,False,91,,47.604,,9139,,10044,,47.604,,True,3.969,3.969,3.969,3.969,3.969,3.969,3.969,3.969,3.969,3.969,3.969,3.969,0,,False,False,True,,,,,,,,,,,,,,,False,False,18.244,,86.3,,75.7,,86.3,,1745,51,9,17,7,143081.9,19077.59,,Idle,,20,,10,,,20,Go Home,False,False,False,False,False,False,False,False,False,False,False,False,33.8027920380556,-117.4659261431046,1019.8,2972.0,1049.4,396.9,True,1,1,False,False,False,False,,True,False,False,Course Lock,196.8,67,16.4,93,E,S,7.15,7.38,Calm,False,False,Android,7.0.2,M300 RTK,1ZN7L4R0H1D00F,1W9DL31001461C,1ZMLH8300204F0,1Z6PH74DAP0QN7,"Corona, CA",728.3,5.7,137.7,8.547347,2.013246,0,0,DJI Matrice 300 RTK,M300 RTK,1ZN7L4R0H1D00F,1W9DL31001461C,1ZMLH8300204F0,1Z6PH74DAP0QN7,DJI Pilot,Android,7.0.2,1EF72A62-B7C3-C88D-164E-CE6F8C8424AE,1ZN7L4R0H1D00F,1W9DL31001461C,,1ZMLH8300204F0,1W9DL31001461C,,,,,
2023-11-01,11:27:02.84 AM,2m 40.5s,160.5,33.8011153324051,-117.4686200276367,93.5,93.5,17.7,1357,1107.3,4.88555,6.085134,1.342164,1.565858,-4.697574,1.342164,-0.447388,0,0.1,0.5,0.5,-74.1,285.9,289.1,Tripod,Other,,22,5,True,,True,False,,Smart,RC,False,True,False,,,True,,False,False,False,False,False,False,False,False,False,False,0,Follow Yaw,-88.9,0,-81.6,278.4,False,False,False,False,False,,0,0,False,False,No Card,100,100,1024,1324,1261,1024,2,False,False,False,False,False,0,False,False,False,False,91,,47.604,,9139,,10044,,47.604,,True,3.969,3.969,3.969,3.969,3.969,3.969,3.969,3.969,3.969,3.969,3.969,3.969,0,,False,False,True,,,,,,,,,,,,,,,False,False,18.244,,86.3,,75.7,,86.3,,1745,51,9,17,7,143081.9,19077.59,,Idle,,20,,10,,,20,Go Home,False,False,False,False,False,False,False,False,False,False,False,False,33.8027920380556,-117.4659261431046,1020.3,2972.0,1049.4,396.9,True,1,1,False,False,False,False,,True,False,False,Course Lock,196.8,67,16.4,93,E,S,7.15,7.38,Calm,False,False,Android,7.0.2,M300 RTK,1ZN7L4R0H1D00F,1W9DL31001461C,1ZMLH8300204F0,1Z6PH74DAP0QN7,"Corona, CA",728.3,5.7,137.7,8.547347,2.013246,0,0,DJI Matrice 300 RTK,M300 RTK,1ZN7L4R0H1D00F,1W9DL31001461C,1ZMLH8300204F0,1Z6PH74DAP0QN7,DJI Pilot,Android,7.0.2,1EF72A62-B7C3-C88D-164E-CE6F8C8424AE,1ZN7L4R0H1D00F,1W9DL31001461C,,1ZMLH8300204F0,1W9DL31001461C,,,,,
2023-11-01,11:27:02.94 AM,2m 40.6s,160.6,33.8011159579679,-117.468622421795,93.8,93.8,17.7,1358,1108.1,4.88555,6.085134,1.342164,1.565858,-4.697574,1.342164,-0.447388,0,0.1,0.6,0.6,-74.2,285.8,287.4,Tripod,Other,,22,5,True,,True,False,,Smart,RC,False,True,False,,,True,,False,False,False,False,False,False,False,False,False,False,0,Follow Yaw,-88.9,0,-81.6,278.4,False,False,False,False,False,,0,0,False,False,No Card,100,100,1024,1323,1262,1024,2,False,False,False,False,False,0,False,False,False,False,91,,47.604,,9139,,10044,,47.604,,True,3.969,3.969,3.969,3.969,3.969,3.969,3.969,3.969,3.969,3.969,3.969,3.969,0,,False,False,True,,,,,,,,,,,,,,,False,False,18.244,,86.3,,75.7,,86.3,,1745,51,9,17,7,143081.9,19077.59,,Idle,,20,,10,,,20,Go Home,False,False,False,False,False,False,False,False,False,False,False,False,33.8027920380556,-117.4659261431046,1020.7,2972.0,1049.4,396.9,True,1,1,False,False,False,False,,True,False,False,Course Lock,196.8,67,16.4,93,E,S,7.15,7.38,Calm,False,False,Android,7.0.2,M300 RTK,1ZN7L4R0H1D00F,1W9DL31001461C,1ZMLH8300204F0,1Z6PH74DAP0QN7,"Corona, CA",728.3,5.7,137.7,8.547347,2.013246,0,0,DJI Matrice 300 RTK,M300 RTK,1ZN7L4R0H1D00F,1W9DL31001461C,1ZMLH8300204F0,1Z6PH74DAP0QN7,DJI Pilot,Android,7.0.2,1EF72A62-B7C3-C88D-164E-CE6F8C8424AE,1ZN7L4R0H1D00F,1W9DL31001461C,,1ZMLH8300204F0,1W9DL31001461C,,,,,
2023-11-01,11:27:03.04 AM,2m 40.7s,160.7,33.8011167353983,-117.4686249102946,93.8,93.8,18.0,1358,1108.9,5.101008,6.085134,1.342164,1.565858,-4.921268,1.342164,-0.223694,0,0.3,0.8,0.8,-74.2,285.8,290.6,Tripod,Other,,22,5,True,,True,False,,Smart,RC,False,True,False,,,True,,False,False,False,False,False,False,False,False,False,False,0,Follow Yaw,-88.9,0,-81.6,278.4,False,False,False,False,False,,0,0,False,False,No Card,100,100,1024,1322,1263,1024,2,False,False,False,False,False,0,False,False,False,False,91,,47.604,,9139,,10044,,47.604,,True,3.969,3.969,3.969,3.969,3.969,3.969,3.969,3.969,3.969,3.969,3.969,3.969,0,,False,False,True,,,,,,,,,,,,,,,False,False,18.244,,86.3,,75.7,,86.3,,1745,51,9,17,7,143081.9,19077.59,,Idle,,20,,10,,,20,Go Home,False,False,False,False,False,False,False,False,False,False,False,False,33.8027920380556,-117.4659261431046,1021.2,2972.0,1049.4,396.9,True,1,1,False,False,False,False,,True,False,False,Course Lock,196.8,67,16.4,93,E,S,7.15,7.38,Calm,False,False,Android,7.0.2,M300 RTK,1ZN7L4R0H1D00F,1W9DL31001461C,1ZMLH8300204F0,1Z6PH74DAP0QN7,"Corona, CA",728.3,5.7,137.7,8.547347,2.013246,0,0,DJI Matrice 300 RTK,M300 RTK,1ZN7L4R0H1D00F,1W9DL31001461C,1ZMLH8300204F0,1Z6PH74DAP0QN7,DJI Pilot,Android,7.0.2,1EF72A62-B7C3-C88D-164E-CE6F8C8424AE,1ZN7L4R0H1D00F,1W9DL31001461C,,1ZMLH8300204F0,1W9DL31001461C,,,,,
2023-11-01,11:27:03.14 AM,2m 40.8s,160.8,33.801117371378,-117.468627347995,93.8,93.8,18.0,1358,1109.6,5.101008,6.085134,1.342164,1.565858,-4.921268,1.342164,-0.223694,0,0.6,0.9,1,-74.2,285.8,287.4,Tripod,Other,,22,5,True,,True,False,,Smart,RC,False,True,False,,,True,,False,False,False,False,False,False,False,False,False,False,0,Follow Yaw,-88.9,0,-81.6,278.4,False,False,False,False,False,,0,0,False,False,No Card,100,100,1024,1323,1263,1024,2,False,False,False,False,False,0,False,False,False,False,91,,47.604,,9139,,10044,,47.604,,True,3.969,3.969,3.969,3.969,3.969,3.969,3.969,3.969,3.969,3.969,3.969,3.969,0,,False,False,True,,,,,,,,,,,,,,,False,False,18.244,,86.3,,75.7,,86.3,,1745,51,9,17,7,143081.9,19077.59,,Idle,,20,,10,,,20,Go Home,False,False,False,False,False,False,False,False,False,False,False,False,33.8027920380556,-117.4659261431046,1021.6,2972.0,1049.4,396.9,True,1,1,False,False,False,False,,True,False,False,Course Lock,196.8,67,16.4,93,E,S,7.15,7.38,Calm,False,False,Android,7.0.2,M300 RTK,1ZN7L4R0H1D00F,1W9DL31001461C,1ZMLH8300204F0,1Z6PH74DAP0QN7,"Corona, CA",728.3,5.7,137.7,8.547347,2.013246,0,0,DJI Matrice 300 RTK,M300 RTK,1ZN7L4R0H1D00F,1W9DL31001461C,1ZMLH8300204F0,1Z6PH74DAP0QN7,DJI Pilot,Android,7.0.2,1EF72A62-B7C3-C88D-164E-CE6F8C8424AE,1ZN7L4R0H1D00F,1W9DL31001461C,,1ZMLH8300204F0,1W9DL31001461C,,,,,
2023-11-01,11:27:03.24 AM,2m 40.9s,160.9,33.8011179985856,-117.4686298417724,93.8,93.8,17.7,1358,1110.4,5.101008,6.085134,1.342164,1.565858,-4.921268,1.342164,-0.223694,0,0.6,0.9,1,-74.3,285.7,286.8,Tripod,Other,,22,5,True,,True,False,,Smart,RC,False,True,False,,,True,,False,False,False,False,False,False,False,False,False,False,0,Follow Yaw,-88.9,0,-81.6,278.4,False,False,False,False,False,,0,0,False,False,No Card,100,100,1024,1324,1263,1024,2,False,False,False,False,False,0,False,False,False,False,91,,47.604,,9139,,10044,,47.604,,True,3.969,3.969,3.969,3.969,3.969,3.969,3.969,3.969,3.969,3.969,3.969,3.969,0,,False,False,True,,,,,,,,,,,,,,,False,False,18.244,,86.3,,75.7,,86.3,,1745,51,9,17,7,143081.9,19077.59,,Idle,,20,,10,,,20,Go Home,False,False,False,False,False,False,False,False,False,False,False,False,33.8027920380556,-117.4659261431046,1022.1,2972.0,1049.4,396.9,True,1,1,False,False,False,False,,True,False,False,Course Lock,196.8,67,16.4,93,E,S,7.15,7.38,Calm,False,False,Android,7.0.2,M300 RTK,1ZN7L4R0H1D00F,1W9DL31001461C,1ZMLH8300204F0,1Z6PH74DAP0QN7,"Corona, CA",728.3,5.7,137.7,8.547347,2.013246,0,0,DJI Matrice 300 RTK,M300 RTK,1ZN7L4R0H1D00F,1W9DL31001461C,1ZMLH8300204F0,1Z6PH74DAP0QN7,DJI Pilot,Android,7.0.2,1EF72A62-B7C3-C88D-164E-CE6F8C8424AE,1ZN7L4R0H1D00F,1W9DL31001461C,,1ZMLH8300204F0,1W9DL31001461C,,,,,
2023-11-01,11:27:03.34 AM,2m 41.0s,161.0,33.8011186274379,-117.4686323038828,93.8,93.8,18.0,1358,1111.2,5.101008,6.085134,1.342164,1.565858,-4.921268,1.342164,-0.223694,0,0.3,0.8,0.8,-74.5,285.5,287.0,Tripod,Other,,22,5,True,,True,False,,Smart,RC,False,True,False,,,True,,False,False,False,False,False,False,False,False,False,False,0,Follow Yaw,-88.9,0,-81.6,278.4,False,False,False,False,False,,0,0,False,False,No Card,100,100,1024,1325,1260,1024,2,False,False,False,False,False,0,False,False,False,False,91,,47.64,,9139,,10044,,47.64,,True,3.969,3.969,3.969,3.969,3.969,3.969,3.969,3.969,3.969,3.969,3.969,3.969,0,,False,False,True,,,,,,,,,,,,,,,False,False,18.318,,86.5,,75.7,,86.5,,1745,51,9,17,7,143081.9,19077.59,,Idle,,20,,10,,,20,Go Home,False,False,False,False,False,False,False,False,False,False,False,False,33.8027920380556,-117.4659261431046,1022.5,2972.0,1049.4,396.9,True,1,1,False,False,False,False,,True,False,False,Course Lock,196.8,67,16.4,93,E,S,7.15,7.38,Calm,False,False,Android,7.0.2,M300 RTK,1ZN7L4R0H1D00F,1W9DL31001461C,1ZMLH8300204F0,1Z6PH74DAP0QN7,"Corona, CA",728.3,5.7,137.7,8.547347,2.013246,0,0,DJI Matrice 300 RTK,M300 RTK,1ZN7L4R0H1D00F,1W9DL31001461C,1ZMLH8300204F0,1Z6PH74DAP0QN7,DJI Pilot,Android,7.0.2,1EF72A62-B7C3-C88D-164E-CE6F8C8424AE,1ZN7L4R0H1D00F,1W9DL31001461C,,1ZMLH8300204F0,1W9DL31001461C,,,,,
2023-11-01,11:27:03.43 AM,2m 41.1s,161.1,33.801119274931,-117.4686348972793,94.1,94.1,18.0,1358,1112.0,5.101008,6.085134,1.342164,1.565858,-4.921268,1.342164,-0.447388,0,0.1,1.1,1.1,-74.6,285.4,286.7,Tripod,Other,,22,5,True,,True,False,,Smart,RC,False,True,False,,,True,,False,False,False,False,False,False,False,False,False,False,0,Follow Yaw,-88.9,0,-81.6,278.4,False,False,False,False,False,,0,0,False,False,No Card,100,100,1024,1325,1260,1024,2,False,False,False,False,False,0,False,False,False,False,91,,47.64,,9139,,10044,,47.64,,True,3.969,3.969,3.969,3.969,3.969,3.969,3.969,3.969,3.969,3.969,3.969,3.969,0,,False,False,True,,,,,,,,,,,,,,,False,False,18.318,,86.5,,75.7,,86.5,,1745,51,9,17,7,143081.9,19077.59,,Idle,,20,,10,,,20,Go Home,False,False,False,False,False,False,False,False,False,False,False,False,33.8027920380556,-117.4659261431046,1023.0,2972.0,1049.4,396.9,True,1,1,False,False,False,False,,True,False,False,Course Lock,196.8,67,16.4,93,E,S,7.15,7.38,Calm,False,False,Android,7.0.2,M300 RTK,1ZN7L4R0H1D00F,1W9DL31001461C,1ZMLH8300204F0,1Z6PH74DAP0QN7,"Corona, CA",728.3,5.7,137.7,8.547347,2.013246,0,0,DJI Matrice 300 RTK,M300 RTK,1ZN7L4R0H1D00F,1W9DL31001461C,1ZMLH8300204F0,1Z6PH74DAP0QN7,DJI Pilot,Android,7.0.2,1EF72A62-B7C3-C88D-164E-CE6F8C8424AE,1ZN7L4R0H1D00F,1W9DL31001461C,,1ZMLH8300204F0,1W9DL31001461C,,,,,
2023-11-01,11:27:03.54 AM,2m 41.2s,161.2,33.8011198884321,-117.4686374154667,94.1,94.1,18.0,1358,1112.8,5.101008,6.085134,1.342164,1.565858,-4.921268,1.342164,-0.447388,0,0.3,1.4,1.4,-74.8,285.2,286.3,Tripod,Other,,22,5,True,,True,False,,Smart,RC,False,True,False,,,True,,False,False,False,False,False,False,False,False,False,False,0,Follow Yaw,-88.9,0,-81.6,278.4,False,False,False,False,False,,0,0,False,False,No Card,100,100,1024,1324,1262,1024,2,False,False,False,False,False,0,False,False,False,False,91,,47.64,,9139,,10044,,47.64,,True,3.969,3.969,3.969,3.969,3.969,3.969,3.969,3.969,3.969,3.969,3.969,3.969,0,,False,False,True,,,,,,,,,,,,,,,False,False,18.318,,86.5,,75.7,,86.5,,1745,51,9,17,7,143081.9,19077.59,,Idle,,20,,10,,,20,Go Home,False,False,False,False,False,False,False,False,False,False,False,False,33.8027920380556,-117.4659261431046,1023.5,2972.0,1049.4,396.9,True,1,1,False,False,False,False,,True,False,False,Course Lock,196.8,67,16.4,93,E,S,7.15,7.38,Calm,False,False,Android,7.0.2,M300 RTK,1ZN7L4R0H1D00F,1W9DL31001461C,1ZMLH8300204F0,1Z6PH74DAP0QN7,"Corona, CA",728.3,5.7,137.7,8.547347,2.013246,0,0,DJI Matrice 300 RTK,M300 RTK,1ZN7L4R0H1D00F,1W9DL31001461C,1ZMLH8300204F0,1Z6PH74DAP0QN7,DJI Pilot,Android,7.0.2,1EF72A62-B7C3-C88D-164E-CE6F8C8424AE,1ZN7L4R0H1D00F,1W9DL31001461C,,1ZMLH8300204F0,1W9DL31001461C,,,,,
2023-11-01,11:27:03.64 AM,2m 41.3s,161.3,33.801120374189,-117.4686399356333,94.1,94.1,18.3,1358,1113.6,5.317145,6.085134,1.342164,1.565858,-5.144962,1.342164,-0.447388,0,0.8,1.3,1.5,-74.9,285.1,283.0,Tripod,Other,,22,5,True,,True,False,,Smart,RC,False,True,False,,,True,,False,False,False,False,False,False,False,False,False,False,0,Follow Yaw,-88.9,0,-81.6,278.4,False,False,False,False,False,,0,0,False,False,No Card,100,100,1024,1325,1261,1024,2,False,False,False,False,False,0,False,False,False,False,91,,47.64,,9139,,10044,,47.64,,True,3.965,3.965,3.965,3.965,3.965,3.965,3.965,3.965,3.965,3.965,3.965,3.965,0,,False,False,True,,,,,,,,,,,,,,,False,False,18.318,,86.5,,75.7,,86.5,,1742,51,9,17,7,142689.0,19025.20,,Idle,,20,,10,,,20,Go Home,False,False,False,False,False,False,False,False,False,False,False,False,33.8027920380556,-117.4659261431046,1024.0,2972.0,1049.4,396.9,True,1,1,False,False,False,False,,True,False,False,Course Lock,196.8,67,16.4,93,E,S,7.15,7.38,Calm,False,False,Android,7.0.2,M300 RTK,1ZN7L4R0H1D00F,1W9DL31001461C,1ZMLH8300204F0,1Z6PH74DAP0QN7,"Corona, CA",728.3,5.7,137.7,8.547347,2.013246,0,0,DJI Matrice 300 RTK,M300 RTK,1ZN7L4R0H1D00F,1W9DL31001461C,1ZMLH8300204F0,1Z6PH74DAP0QN7,DJI Pilot,Android,7.0.2,1EF72A62-B7C3-C88D-164E-CE6F8C8424AE,1ZN7L4R0H1D00F,1W9DL31001461C,,1ZMLH8300204F0,1W9DL31001461C,,,,,
2023-11-01,11:27:03.74 AM,2m 41.4s,161.4,33.8011209772732,-117.4686424881266,94.1,94.1,18.3,1358,1114.4,5.317145,6.085134,1.342164,1.565858,-5.144962,1.342164,-0.447388,0,1.2,1.2,1.6,-74.8,285.2,285.8,Tripod,Other,,22,5,True,,True,False,,Smart,RC,False,True,False,,,True,,False,False,False,False,False,False,False,False,False,False,0,Follow Yaw,-88.9,0,-81.6,278.4,False,False,False,False,False,,0,0,False,False,No Card,100,100,1024,1328,1260,1024,2,False,False,False,False,False,0,False,False,False,False,91,,47.64,,9139,,10044,,47.64,,True,3.965,3.965,3.965,3.965,3.965,3.965,3.965,3.965,3.965,3.965,3.965,3.965,0,,False,False,True,,,,,,,,,,,,,,,False,False,18.318,,86.5,,75.7,,86.5,,1742,51,9,17,7,142689.0,19025.20,,Idle,,20,,10,,,20,Go Home,False,False,False,False,False,False,False,False,False,False,False,False,33.8027920380556,-117.4659261431046,1024.5,2972.0,1049.4,396.9,True,1,1,False,False,False,False,,True,False,False,Course Lock,196.8,67,16.4,93,E,S,7.15,7.38,Calm,False,False,Android,7.0.2,M300 RTK,1ZN7L4R0H1D00F,1W9DL31001461C,1ZMLH8300204F0,1Z6PH74DAP0QN7,"Corona, CA",728.3,5.7,137.7,8.547347,2.013246,0,0,DJI Matrice 300 RTK,M300 RTK,1ZN7L4R0H1D00F,1W9DL31001461C,1ZMLH8300204F0,1Z6PH74DAP0QN7,DJI Pilot,Android,7.0.2,1EF72A62-B7C3-C88D-164E-CE6F8C8424AE,1ZN7L4R0H1D00F,1W9DL31001461C,,1ZMLH8300204F0,1W9DL31001461C,,,,,
2023-11-01,11:27:03.84 AM,2m 41.5s,161.5,33.8011214970222,-117.4686449383618,94.4,94.4,18.3,1358,1115.2,5.317145,6.085134,1.342164,1.565858,-5.144962,1.342164,-0.447388,0,1.6,1.2,2,-74.6,285.4,284.3,Tripod,Other,,22,5,True,,True,False,,Smart,RC,False,True,False,,,True,,False,False,False,False,False,False,False,False,False,False,0,Follow Yaw,-88.9,0,-81.6,278.4,False,False,False,False,False,,0,0,False,False,No Card,100,100,1024,1335,1245,1024,2,False,False,False,False,False,0,False,False,False,False,91,,47.64,,9139,,10044,,47.64,,True,3.965,3.965,3.965,3.965,3.965,3.965,3.965,3.965,3.965,3.965,3.965,3.965,0,,False,False,True,,,,,,,,,,,,,,,False,False,18.318,,86.5,,75.7,,86.5,,1742,51,9,17,7,142689.0,19025.20,,Idle,,20,,10,,,20,Go Home,False,False,False,False,False,False,False,False,False,False,False,False,33.8027920380556,-117.4659261431046,1025.0,2972.0,1049.4,396.9,True,1,1,False,False,False,False,,True,False,False,Course Lock,196.8,67,16.4,93,E,S,7.15,7.38,Calm,False,False,Android,7.0.2,M300 RTK,1ZN7L4R0H1D00F,1W9DL31001461C,1ZMLH8300204F0,1Z6PH74DAP0QN7,"Corona, CA",728.3,5.7,137.7,8.547347,2.013246,0,0,DJI Matrice 300 RTK,M300 RTK,1ZN7L4R0H1D00F,1W9DL31001461C,1ZMLH8300204F0,1Z6PH74DAP0QN7,DJI Pilot,Android,7.0.2,1EF72A62-B7C3-C88D-164E-CE6F8C8424AE,1ZN7L4R0H1D00F,1W9DL31001461C,,1ZMLH8300204F0,1W9DL31001461C,,,,,
2023-11-01,11:27:03.95 AM,2m 41.6s,161.6,33.801122078176,-117.468647496133,94.4,94.4,18.3,1358,1116.0,5.317145,6.085134,1.342164,1.565858,-5.144962,1.342164,-0.223694,0,1.8,1.4,2.2,-74.4,285.6,285.2,Tripod,Other,,22,5,True,,True,False,,Smart,RC,False,True,False,,,True,,False,False,False,False,False,False,False,False,False,False,0,Follow Yaw,-88.9,0,-81.6,278.4,False,False,False,False,False,,0,0,False,False,No Card,100,100,1024,1336,1236,1024,2,False,False,False,False,False,0,False,False,False,False,91,,47.64,,9139,,10044,,47.64,,True,3.965,3.965,3.965,3.965,3.965,3.965,3.965,3.965,3.965,3.965,3.965,3.965,0,,False,False,True,,,,,,,,,,,,,,,False,False,18.318,,86.5,,75.7,,86.5,,1742,51,9,17,7,142689.0,19025.20,,Idle,,20,,10,,,20,Go Home,False,False,False,False,False,False,False,False,False,False,False,False,33.8027920380556,-117.4659261431046,1025.5,2972.0,1049.4,396.9,True,1,1,False,False,False,False,,True,False,False,Course Lock,196.8,67,16.4,93,E,S,7.15,7.38,Calm,False,False,Android,7.0.2,M300 RTK,1ZN7L4R0H1D00F,1W9DL31001461C,1ZMLH8300204F0,1Z6PH74DAP0QN7,"Corona, CA",728.3,5.7,137.7,8.547347,2.013246,0,0,DJI Matrice 300 RTK,M300 RTK,1ZN7L4R0H1D00F,1W9DL31001461C,1ZMLH8300204F0,1Z6PH74DAP0QN7,DJI Pilot,Android,7.0.2,1EF72A62-B7C3-C88D-164E-CE6F8C8424AE,1ZN7L4R0H1D00F,1W9DL31001461C,,1ZMLH8300204F0,1W9DL31001461C,,,,,
2023-11-01,11:27:04.05 AM,2m 41.7s,161.7,33.8011225655777,-117.468649783415,94.4,94.4,18.3,1358,1116.7,5.317145,6.085134,1.342164,1.565858,-5.144962,1.342164,-0.447388,0,1.5,1.7,2.2,-74.1,285.9,284.3,Tripod,Other,,22,5,True,,True,False,,Smart,RC,False,True,False,,,True,,False,False,False,False,False,False,False,False,False,False,0,Follow Yaw,-88.9,0,-81.6,278.4,False,False,False,False,False,,0,0,False,False,No Card,100,100,1024,1327,1246,1024,2,False,False,False,False,False,0,False,False,False,False,91,,47.7,,4537,,4986,,47.7,,True,3.965,3.965,3.965,3.965,3.965,3.965,3.965,3.965,3.965,3.965,3.965,3.965,0,,False,False,True,,,,,,,,,,,,,,,False,False,8.882,,85.4,,75.7,,86.5,,1742,51,9,17,7,142689.0,19025.20,,Idle,,20,,10,,,20,Go Home,False,False,False,False,False,False,False,False,False,False,False,False,33.8027920380556,-117.4659261431046,1025.9,2972.0,1049.4,396.9,True,1,1,False,False,False,False,,True,False,False,Course Lock,196.8,67,16.4,93,E,S,7.15,7.38,Calm,False,False,Android,7.0.2,M300 RTK,1ZN7L4R0H1D00F,1W9DL31001461C,1ZMLH8300204F0,1Z6PH74DAP0QN7,"Corona, CA",728.3,5.7,137.7,8.547347,2.013246,0,0,DJI Matrice 300 RTK,M300 RTK,1ZN7L4R0H1D00F,1W9DL31001461C,1ZMLH8300204F0,1Z6PH74DAP0QN7,DJI Pilot,Android,7.0.2,1EF72A62-B7C3-C88D-164E-CE6F8C8424AE,1ZN7L4R0H1D00F,1W9DL31001461C,,1ZMLH8300204F0,1W9DL31001461C,,,,,
2023-11-01,11:27:04.14 AM,2m 41.8s,161.8,33.8011231357664,-117.4686523167762,94.4,94.4,18.3,1358,1117.5,5.317145,6.085134,1.342164,1.565858,-5.144962,1.342164,-0.447388,0,1,1.9,2.1,-73.8,286.2,285.1,Tripod,Other,,22,5,True,,True,False,,Smart,RC,False,True,False,,,True,,False,False,False,False,False,False,False,False,False,False,0,Follow Yaw,-88.9,0,-81.6,278.4,False,False,False,False,False,,0,0,False,False,No Card,100,100,1024,1324,1245,1024,2,False,False,False,False,False,0,False,False,False,False,91,,47.7,,4537,,4986,,47.7,,True,3.965,3.965,3.965,3.965,3.965,3.965,3.965,3.965,3.965,3.965,3.965,3.965,0,,False,False,True,,,,,,,,,,,,,,,False,False,8.882,,85.4,,75.7,,86.5,,1742,51,9,17,7,142689.0,19025.20,,Idle,,20,,10,,,20,Go Home,False,False,False,False,False,False,False,False,False,False,False,False,33.8027920380556,-117.4659261431046,1026.4,2972.0,1049.4,396.9,True,1,1,False,False,False,False,,True,False,False,Course Lock,196.8,67,16.4,93,E,S,7.15,7.38,Calm,False,False,Android,7.0.2,M300 RTK,1ZN7L4R0H1D00F,1W9DL31001461C,1ZMLH8300204F0,1Z6PH74DAP0QN7,"Corona, CA",728.3,5.7,137.7,8.547347,2.013246,0,0,DJI Matrice 300 RTK,M300 RTK,1ZN7L4R0H1D00F,1W9DL31001461C,1ZMLH8300204F0,1Z6PH74DAP0QN7,DJI Pilot,Android,7.0.2,1EF72A62-B7C3-C88D-164E-CE6F8C8424AE,1ZN7L4R0H1D00F,1W9DL31001461C,,1ZMLH8300204F0,1W9DL31001461C,,,,,
2023-11-01,11:27:04.25 AM,2m 41.9s,161.9,33.8011236681253,-117.4686551390988,94.4,94.4,18.7,1358,1118.4,5.317145,6.085134,1.342164,1.565858,-5.144962,1.342164,-0.447388,0,0.9,2,2.1,-73.6,286.4,282.7,Tripod,Other,,22,5,True,,True,False,,Smart,RC,False,True,False,,,True,,False,False,False,False,False,False,False,False,False,False,0,Follow Yaw,-88.9,0,-81.6,278.4,False,False,False,False,False,,0,0,False,False,No Card,100,100,1024,1324,1245,1024,2,False,False,False,False,False,0,False,False,False,False,91,,47.7,,4537,,4986,,47.7,,True,3.965,3.965,3.965,3.965,3.965,3.965,3.965,3.965,3.965,3.965,3.965,3.965,0,,False,False,True,,,,,,,,,,,,,,,False,False,8.882,,85.4,,75.7,,86.5,,1742,51,9,17,7,142689.0,19025.20,,Idle,,20,,10,,,20,Go Home,False,False,False,False,False,False,False,False,False,False,False,False,33.8027920380556,-117.4659261431046,1027.0,2972.0,1049.4,396.9,True,1,1,False,False,False,False,,True,False,False,Course Lock,196.8,67,16.4,93,E,S,7.15,7.38,Calm,False,False,Android,7.0.2,M300 RTK,1ZN7L4R0H1D00F,1W9DL31001461C,1ZMLH8300204F0,1Z6PH74DAP0QN7,"Corona, CA",728.3,5.7,137.7,8.547347,2.013246,0,0,DJI Matrice 300 RTK,M300 RTK,1ZN7L4R0H1D00F,1W9DL31001461C,1ZMLH8300204F0,1Z6PH74DAP0QN7,DJI Pilot,Android,7.0.2,1EF72A62-B7C3-C88D-164E-CE6F8C8424AE,1ZN7L4R0H1D00F,1W9DL31001461C,,1ZMLH8300204F0,1W9DL31001461C,,,,,
2023-11-01,11:27:04.35 AM,2m 42.0s,162.0,33.8011242377657,-117.4686577087451,94.8,94.8,18.7,1359,1119.2,5.317145,6.085134,1.342164,1.565858,-5.144962,1.342164,-0.447388,0,1.1,2,2.2,-73.4,286.6,284.9,Tripod,Other,,22,5,True,,True,False,,Smart,RC,False,True,False,,,True,,False,False,False,False,False,False,False,False,False,False,0,Follow Yaw,-88.9,0,-81.6,278.4,False,False,False,False,False,,0,0,False,False,No Card,100,100,1024,1310,1262,1024,2,False,False,False,False,False,0,False,False,False,False,91,,47.7,,9139,,10044,,47.7,,True,3.965,3.965,3.965,3.965,3.965,3.965,3.965,3.965,3.965,3.965,3.965,3.965,0,,False,False,True,,,,,,,,,,,,,,,False,False,18.318,,86.5,,75.7,,86.5,,1742,51,9,17,7,142689.0,19025.20,,Idle,,20,,10,,,20,Go Home,False,False,False,False,False,False,False,False,False,False,False,False,33.8027920380556,-117.4659261431046,1027.5,2972.0,1049.4,396.9,True,1,1,False,False,False,False,,True,False,False,Course Lock,196.8,67,16.4,93,E,S,7.15,7.38,Calm,False,False,Android,7.0.2,M300 RTK,1ZN7L4R0H1D00F,1W9DL31001461C,1ZMLH8300204F0,1Z6PH74DAP0QN7,"Corona, CA",728.3,5.7,137.7,8.547347,2.013246,0,0,DJI Matrice 300 RTK,M300 RTK,1ZN7L4R0H1D00F,1W9DL31001461C,1ZMLH8300204F0,1Z6PH74DAP0QN7,DJI Pilot,Android,7.0.2,1EF72A62-B7C3-C88D-164E-CE6F8C8424AE,1ZN7L4R0H1D00F,1W9DL31001461C,,1ZMLH8300204F0,1W9DL31001461C,,,,,
2023-11-01,11:27:04.46 AM,2m 42.1s,162.1,33.8011247821863,-117.4686601372092,94.8,94.8,19.0,1359,1119.9,5.317145,6.085134,1.342164,1.565858,-5.144962,1.342164,-0.447388,0,1.5,1.9,2.4,-73.2,286.8,285.0,Tripod,Other,,22,5,True,,True,False,,Smart,RC,False,True,False,,,True,,False,False,False,False,False,False,False,False,False,False,0,Follow Yaw,-88.9,0,-81.6,278.4,False,False,False,False,False,,0,0,False,False,No Card,100,100,1024,1317,1256,1024,2,False,False,False,False,False,0,False,False,False,False,91,,47.7,,9139,,10044,,47.7,,True,3.965,3.965,3.965,3.965,3.965,3.965,3.965,3.965,3.965,3.965,3.965,3.965,0,,False,False,True,,,,,,,,,,,,,,,False,False,18.318,,86.5,,75.7,,86.5,,1742,51,9,17,7,142689.0,19025.20,,Idle,,20,,10,,,20,Go Home,False,False,False,False,False,False,False,False,False,False,False,False,33.8027920380556,-117.4659261431046,1028.0,2972.0,1049.4,396.9,True,1,1,False,False,False,False,,True,False,False,Course Lock,196.8,67,16.4,93,E,S,7.15,7.38,Calm,False,False,Android,7.0.2,M300 RTK,1ZN7L4R0H1D00F,1W9DL31001461C,1ZMLH8300204F0,1Z6PH74DAP0QN7,"Corona, CA",728.3,5.7,137.7,8.547347,2.013246,0,0,DJI Matrice 300 RTK,M300 RTK,1ZN7L4R0H1D00F,1W9DL31001461C,1ZMLH8300204F0,1Z6PH74DAP0QN7,DJI Pilot,Android,7.0.2,1EF72A62-B7C3-C88D-164E-CE6F8C8424AE,1ZN7L4R0H1D00F,1W9DL31001461C,,1ZMLH8300204F0,1W9DL31001461C,,,,,
2023-11-01,11:27:04.56 AM,2m 42.2s,162.2,33.8011253507302,-117.4686626804662,94.8,94.8,19.0,1359,1120.7,5.317145,6.085134,1.342164,1.565858,-5.144962,1.342164,-0.447388,0,1.7,2.1,2.7,-73,287,285.0,Tripod,Other,,22,5,True,,True,False,,Smart,RC,False,True,False,,,True,,False,False,False,False,False,False,False,False,False,False,0,Follow Yaw,-88.9,0,-81.6,278.4,False,False,False,False,False,,0,0,False,False,No Card,100,100,1024,1327,1248,1024,2,False,False,False,False,False,0,False,False,False,False,91,,47.7,,9139,,10044,,47.7,,True,3.965,3.965,3.965,3.965,3.965,3.965,3.965,3.965,3.965,3.965,3.965,3.965,0,,False,False,True,,,,,,,,,,,,,,,False,False,18.318,,86.5,,75.7,,86.5,,1742,51,9,17,7,142689.0,19025.20,,Idle,,20,,10,,,20,Go Home,False,False,False,False,False,False,False,False,False,False,False,False,33.8027920380556,-117.4659261431046,1028.5,2972.0,1049.4,396.9,True,1,1,False,False,False,False,,True,False,False,Course Lock,196.8,67,16.4,93,E,S,7.15,7.38,Calm,False,False,Android,7.0.2,M300 RTK,1ZN7L4R0H1D00F,1W9DL31001461C,1ZMLH8300204F0,1Z6PH74DAP0QN7,"Corona, CA",728.3,5.7,137.7,8.547347,2.013246,0,0,DJI Matrice 300 RTK,M300 RTK,1ZN7L4R0H1D00F,1W9DL31001461C,1ZMLH8300204F0,1Z6PH74DAP0QN7,DJI Pilot,Android,7.0.2,1EF72A62-B7C3-C88D-164E-CE6F8C8424AE,1ZN7L4R0H1D00F,1W9DL31001461C,,1ZMLH8300204F0,1W9DL31001461C,,,,,
2023-11-01,11:27:04.64 AM,2m 42.3s,162.3,33.8011257383488,-117.4686650442769,94.8,94.8,18.7,1359,1121.5,5.317145,6.085134,1.342164,1.565858,-5.144962,1.342164,-0.447388,0,1.8,2.1,2.7,-72.8,287.2,281.1,Tripod,Other,,22,5,True,,True,False,,Smart,RC,False,True,False,,,True,,False,False,False,False,False,False,False,False,False,False,0,Follow Yaw,-88.9,0,-81.6,278.4,False,False,False,False,False,,0,0,False,False,No Card,100,100,1024,1332,1240,1024,2,False,False,False,False,False,0,False,False,False,False,91,,47.7,,9139,,10044,,47.7,,True,3.972,3.972,3.972,3.972,3.972,3.972,3.972,3.972,3.972,3.972,3.972,3.972,0,,False,False,True,,,,,,,,,,,,,,,False,False,18.318,,86.5,,75.7,,86.5,,1741,51,9,16,7,141999.7,18933.29,,Idle,,20,,10,,,20,Go Home,False,False,False,False,False,False,False,False,False,False,False,False,33.8027920380556,-117.4659261431046,1029.0,2972.0,1049.4,396.9,True,1,1,False,False,False,False,,True,False,False,Course Lock,196.8,67,16.4,93,E,S,7.15,7.38,Calm,False,False,Android,7.0.2,M300 RTK,1ZN7L4R0H1D00F,1W9DL31001461C,1ZMLH8300204F0,1Z6PH74DAP0QN7,"Corona, CA",728.3,5.7,137.7,8.547347,2.013246,0,0,DJI Matrice 300 RTK,M300 RTK,1ZN7L4R0H1D00F,1W9DL31001461C,1ZMLH8300204F0,1Z6PH74DAP0QN7,DJI Pilot,Android,7.0.2,1EF72A62-B7C3-C88D-164E-CE6F8C8424AE,1ZN7L4R0H1D00F,1W9DL31001461C,,1ZMLH8300204F0,1W9DL31001461C,,,,,
2023-11-01,11:27:04.76 AM,2m 42.4s,162.4,33.8011262975724,-117.468667543332,95.1,95.1,18.7,1359,1122.3,5.101008,6.085134,1.342164,1.565858,-4.921268,1.342164,-0.447388,0,1.3,2,2.3,-72.8,287.2,285.0,Tripod,Other,,22,5,True,,True,False,,Smart,RC,False,True,False,,,True,,False,False,False,False,False,False,False,False,False,False,0,Follow Yaw,-88.9,0,-81.6,278.4,False,False,False,False,False,,0,0,False,False,No Card,100,100,1024,1330,1239,1024,2,False,False,False,False,False,0,False,False,False,False,91,,47.7,,9139,,10044,,47.7,,True,3.972,3.972,3.972,3.972,3.972,3.972,3.972,3.972,3.972,3.972,3.972,3.972,0,,False,False,True,,,,,,,,,,,,,,,False,False,18.318,,86.5,,75.7,,86.5,,1741,51,9,16,7,141999.7,18933.29,,Idle,,20,,10,,,20,Go Home,False,False,False,False,False,False,False,False,False,False,False,False,33.8027920380556,-117.4659261431046,1029.5,2972.0,1049.4,396.9,True,1,1,False,False,False,False,,True,False,False,Course Lock,196.8,67,16.4,93,E,S,7.15,7.38,Calm,False,False,Android,7.0.2,M300 RTK,1ZN7L4R0H1D00F,1W9DL31001461C,1ZMLH8300204F0,1Z6PH74DAP0QN7,"Corona, CA",728.3,5.7,137.7,8.547347,2.013246,0,0,DJI Matrice 300 RTK,M300 RTK,1ZN7L4R0H1D00F,1W9DL31001461C,1ZMLH8300204F0,1Z6PH74DAP0QN7,DJI Pilot,Android,7.0.2,1EF72A62-B7C3-C88D-164E-CE6F8C8424AE,1ZN7L4R0H1D00F,1W9DL31001461C,,1ZMLH8300204F0,1W9DL31001461C,,,,,
2023-11-01,11:27:04.87 AM,2m 42.5s,162.5,33.8011269330038,-117.4686702983623,95.1,95.1,19.0,1359,1123.1,5.101008,6.085134,1.342164,1.565858,-4.921268,1.342164,-0.447388,0,0.9,1.8,2,-72.9,287.1,285.5,Tripod,Other,,22,5,True,,True,False,,Smart,RC,False,True,False,,,True,,False,False,False,False,False,False,False,False,False,False,0,Follow Yaw,-88.9,0,-81.6,278.4,False,False,False,False,False,,0,0,False,False,No Card,100,100,1024,1329,1240,1024,2,False,False,False,False,False,0,False,False,False,False,91,,47.7,,9139,,10044,,47.7,,True,3.972,3.972,3.972,3.972,3.972,3.972,3.972,3.972,3.972,3.972,3.972,3.972,0,,False,False,True,,,,,,,,,,,,,,,False,False,18.318,,86.5,,75.7,,86.5,,1741,51,9,16,7,141999.7,18933.29,,Idle,,20,,10,,,20,Go Home,False,False,False,False,False,False,False,False,False,False,False,False,33.8027920380556,-117.4659261431046,1030.0,2972.0,1049.4,396.9,True,1,1,False,False,False,False,,True,False,False,Course Lock,196.8,67,16.4,93,E,S,7.15,7.38,Calm,False,False,Android,7.0.2,M300 RTK,1ZN7L4R0H1D00F,1W9DL31001461C,1ZMLH8300204F0,1Z6PH74DAP0QN7,"Corona, CA",728.3,5.7,137.7,8.547347,2.013246,0,0,DJI Matrice 300 RTK,M300 RTK,1ZN7L4R0H1D00F,1W9DL31001461C,1ZMLH8300204F0,1Z6PH74DAP0QN7,DJI Pilot,Android,7.0.2,1EF72A62-B7C3-C88D-164E-CE6F8C8424AE,1ZN7L4R0H1D00F,1W9DL31001461C,,1ZMLH8300204F0,1W9DL31001461C,,,,,
2023-11-01,11:27:04.97 AM,2m 42.6s,162.6,33.8011275031925,-117.4686728165496,95.1,95.1,19.0,1359,1123.9,5.101008,6.085134,1.342164,1.565858,-4.921268,1.342164,-0.447388,0,0.7,1.5,1.6,-73,287,285.2,Tripod,Other,,22,5,True,,True,False,,Smart,RC,False,True,False,,,True,,False,False,False,False,False,False,False,False,False,False,0,Follow Yaw,-88.9,0,-81.6,278.4,False,False,False,False,False,,0,0,False,False,No Card,100,100,1024,1304,1253,1024,2,False,False,False,False,False,0,False,False,False,False,91,,47.7,,9139,,10044,,47.7,,True,3.972,3.972,3.972,3.972,3.972,3.972,3.972,3.972,3.972,3.972,3.972,3.972,0,,False,False,True,,,,,,,,,,,,,,,False,False,18.318,,86.5,,75.7,,86.5,,1741,51,9,16,7,141999.7,18933.29,,Idle,,20,,10,,,20,Go Home,False,False,False,False,False,False,False,False,False,False,False,False,33.8027920380556,-117.4659261431046,1030.5,2972.0,1049.4,396.9,True,1,1,False,False,False,False,,True,False,False,Course Lock,196.8,67,16.4,93,E,S,7.15,7.38,Calm,False,False,Android,7.0.2,M300 RTK,1ZN7L4R0H1D00F,1W9DL31001461C,1ZMLH8300204F0,1Z6PH74DAP0QN7,"Corona, CA",728.3,5.7,137.7,8.547347,2.013246,0,0,DJI Matrice 300 RTK,M300 RTK,1ZN7L4R0H1D00F,1W9DL31001461C,1ZMLH8300204F0,1Z6PH74DAP0QN7,DJI Pilot,Android,7.0.2,1EF72A62-B7C3-C88D-164E-CE6F8C8424AE,1ZN7L4R0H1D00F,1W9DL31001461C,,1ZMLH8300204F0,1W9DL31001461C,,,,,
2023-11-01,11:27:05.07 AM,2m 42.7s,162.7,33.8011280728329,-117.4686753644248,95.1,95.1,19.0,1359,1124.7,5.317145,6.085134,1.342164,1.565858,-5.144962,1.342164,-0.447388,0,0.9,1.5,1.7,-73,287,285.0,Tripod,Other,,22,5,True,,True,False,,Smart,RC,False,True,False,,,True,,False,False,False,False,False,False,False,False,False,False,0,Follow Yaw,-88.9,0,-81.6,278.4,False,False,False,False,False,,0,0,False,False,No Card,100,100,1024,1298,1254,1024,2,False,False,False,False,False,0,False,False,False,False,91,,47.7,,9139,,10044,,47.7,,True,3.972,3.972,3.972,3.972,3.972,3.972,3.972,3.972,3.972,3.972,3.972,3.972,0,,False,False,True,,,,,,,,,,,,,,,False,False,18.318,,86.5,,75.7,,86.5,,1741,51,9,16,7,141999.7,18933.29,,Idle,,20,,10,,,20,Go Home,False,False,False,False,False,False,False,False,False,False,False,False,33.8027920380556,-117.4659261431046,1031.0,2972.0,1049.4,396.9,True,1,1,False,False,False,False,,True,False,False,Course Lock,196.8,67,16.4,93,E,S,7.15,7.38,Calm,False,False,Android,7.0.2,M300 RTK,1ZN7L4R0H1D00F,1W9DL31001461C,1ZMLH8300204F0,1Z6PH74DAP0QN7,"Corona, CA",728.3,5.7,137.7,8.547347,2.013246,0,0,DJI Matrice 300 RTK,M300 RTK,1ZN7L4R0H1D00F,1W9DL31001461C,1ZMLH8300204F0,1Z6PH74DAP0QN7,DJI Pilot,Android,7.0.2,1EF72A62-B7C3-C88D-164E-CE6F8C8424AE,1ZN7L4R0H1D00F,1W9DL31001461C,,1ZMLH8300204F0,1W9DL31001461C,,,,,
2023-11-01,11:27:05.18 AM,2m 42.8s,162.8,33.8011286430216,-117.4686778971262,95.4,95.4,19.0,1359,1125.5,5.317145,6.085134,1.342164,1.565858,-5.144962,1.342164,-0.223694,0,1,1.6,1.8,-73,287,285.1,Tripod,Other,,22,5,True,,True,False,,Smart,RC,False,True,False,,,True,,False,False,False,False,False,False,False,False,False,False,0,Follow Yaw,-88.9,0,-81.6,278.4,False,False,False,False,False,,0,0,False,False,No Card,100,100,1024,1301,1262,1024,2,False,False,False,False,False,0,False,False,False,False,91,,47.7,,9139,,10044,,47.7,,True,3.972,3.972,3.972,3.972,3.972,3.972,3.972,3.972,3.972,3.972,3.972,3.972,0,,False,False,True,,,,,,,,,,,,,,,False,False,18.318,,86.5,,75.7,,86.5,,1741,51,9,16,7,141999.7,18933.29,,Idle,,20,,10,,,20,Go Home,False,False,False,False,False,False,False,False,False,False,False,False,33.8027920380556,-117.4659261431046,1031.5,2972.0,1049.4,396.9,True,1,1,False,False,False,False,,True,False,False,Course Lock,196.8,67,16.4,93,E,S,7.15,7.38,Calm,False,False,Android,7.0.2,M300 RTK,1ZN7L4R0H1D00F,1W9DL31001461C,1ZMLH8300204F0,1Z6PH74DAP0QN7,"Corona, CA",728.3,5.7,137.7,8.547347,2.013246,0,0,DJI Matrice 300 RTK,M300 RTK,1ZN7L4R0H1D00F,1W9DL31001461C,1ZMLH8300204F0,1Z6PH74DAP0QN7,DJI Pilot,Android,7.0.2,1EF72A62-B7C3-C88D-164E-CE6F8C8424AE,1ZN7L4R0H1D00F,1W9DL31001461C,,1ZMLH8300204F0,1W9DL31001461C,,,,,
2023-11-01,11:27:05.24 AM,2m 42.9s,162.9,33.8011293135416,-117.4686803559379,95.4,95.4,19.0,1359,1126.3,5.317145,6.085134,1.342164,1.565858,-5.144962,1.342164,-0.223694,0,1.2,1.6,2,-73.1,286.9,288.1,Tripod,Other,,22,5,True,,True,False,,Smart,RC,False,True,False,,,True,,False,False,False,False,False,False,False,False,False,False,0,Follow Yaw,-88.9,0,-81.6,278.4,False,False,False,False,False,,0,0,False,False,No Card,100,100,1024,1312,1257,1024,2,False,False,False,False,False,0,False,False,False,False,91,,47.7,,9139,,10044,,47.7,,True,3.972,3.972,3.972,3.972,3.972,3.972,3.972,3.972,3.972,3.972,3.972,3.972,0,,False,False,True,,,,,,,,,,,,,,,False,False,18.318,,86.5,,75.7,,86.5,,1741,51,9,16,7,141999.7,18933.29,,Idle,,20,,10,,,20,Go Home,False,False,False,False,False,False,False,False,False,False,False,False,33.8027920380556,-117.4659261431046,1032.0,2972.0,1049.4,396.9,True,1,1,False,False,False,False,,True,False,False,Course Lock,196.8,67,16.4,93,E,S,7.15,7.38,Calm,False,False,Android,7.0.2,M300 RTK,1ZN7L4R0H1D00F,1W9DL31001461C,1ZMLH8300204F0,1Z6PH74DAP0QN7,"Corona, CA",728.3,5.7,137.7,8.547347,2.013246,0,0,DJI Matrice 300 RTK,M300 RTK,1ZN7L4R0H1D00F,1W9DL31001461C,1ZMLH8300204F0,1Z6PH74DAP0QN7,DJI Pilot,Android,7.0.2,1EF72A62-B7C3-C88D-164E-CE6F8C8424AE,1ZN7L4R0H1D00F,1W9DL31001461C,,1ZMLH8300204F0,1W9DL31001461C,,,,,
2023-11-01,11:27:05.34 AM,2m 43.0s,163.0,33.8011298842786,-117.4686828780837,95.4,95.4,19.0,1359,1127.1,5.101008,6.085134,1.342164,1.565858,-4.921268,1.342164,-0.447388,0,1.3,1.7,2.1,-73.1,286.9,285.2,Tripod,Other,,22,5,True,,True,False,,Smart,RC,False,True,False,,,True,,False,False,False,False,False,False,False,False,False,False,0,Follow Yaw,-88.9,0,-81.6,278.4,False,False,False,False,False,,0,0,False,False,No Card,100,100,1024,1343,1245,1024,2,False,False,False,False,False,0,False,False,False,False,91,,47.736,,9139,,10044,,47.736,,True,3.972,3.972,3.972,3.972,3.972,3.972,3.972,3.972,3.972,3.972,3.972,3.972,0,,False,False,True,,,,,,,,,,,,,,,False,False,19.094,,86.5,,75.7,,86.5,,1741,51,9,16,7,141999.7,18933.29,,Idle,,20,,10,,,20,Go Home,False,False,False,False,False,False,False,False,False,False,False,False,33.8027920380556,-117.4659261431046,1032.5,2972.0,1049.4,396.9,True,1,1,False,False,False,False,,True,False,False,Course Lock,196.8,67,16.4,93,E,S,7.15,7.38,Calm,False,False,Android,7.0.2,M300 RTK,1ZN7L4R0H1D00F,1W9DL31001461C,1ZMLH8300204F0,1Z6PH74DAP0QN7,"Corona, CA",728.3,5.7,137.7,8.547347,2.013246,0,0,DJI Matrice 300 RTK,M300 RTK,1ZN7L4R0H1D00F,1W9DL31001461C,1ZMLH8300204F0,1Z6PH74DAP0QN7,DJI Pilot,Android,7.0.2,1EF72A62-B7C3-C88D-164E-CE6F8C8424AE,1ZN7L4R0H1D00F,1W9DL31001461C,,1ZMLH8300204F0,1W9DL31001461C,,,,,
2023-11-01,11:27:05.44 AM,2m 43.1s,163.1,33.8011303382365,-117.4686853520692,95.4,95.4,19.0,1359,1127.8,5.101008,6.085134,1.342164,1.565858,-4.921268,1.342164,-0.447388,0,1.3,1.9,2.3,-73.1,286.9,282.4,Tripod,Other,,22,5,True,,True,False,,Smart,RC,False,True,False,,,True,,False,False,False,False,False,False,False,False,False,False,0,Follow Yaw,-88.9,0,-81.6,278.4,False,False,False,False,False,,0,0,False,False,No Card,100,100,1024,1337,1253,1024,2,False,False,False,False,False,0,False,False,False,False,91,,47.736,,9139,,10044,,47.736,,True,3.972,3.972,3.972,3.972,3.972,3.972,3.972,3.972,3.972,3.972,3.972,3.972,0,,False,False,True,,,,,,,,,,,,,,,False,False,19.094,,86.5,,75.7,,86.5,,1741,51,9,16,7,141999.7,18933.29,,Idle,,20,,10,,,20,Go Home,False,False,False,False,False,False,False,False,False,False,False,False,33.8027920380556,-117.4659261431046,1033.0,2972.0,1049.4,396.9,True,1,1,False,False,False,False,,True,False,False,Course Lock,196.8,67,16.4,93,E,S,7.15,7.38,Calm,False,False,Android,7.0.2,M300 RTK,1ZN7L4R0H1D00F,1W9DL31001461C,1ZMLH8300204F0,1Z6PH74DAP0QN7,"Corona, CA",728.3,5.7,137.7,8.547347,2.013246,0,0,DJI Matrice 300 RTK,M300 RTK,1ZN7L4R0H1D00F,1W9DL31001461C,1ZMLH8300204F0,1Z6PH74DAP0QN7,DJI Pilot,Android,7.0.2,1EF72A62-B7C3-C88D-164E-CE6F8C8424AE,1ZN7L4R0H1D00F,1W9DL31001461C,,1ZMLH8300204F0,1W9DL31001461C,,,,,
2023-11-01,11:27:05.54 AM,2m 43.2s,163.2,33.80113089746,-117.4686878629994,95.4,95.4,19.0,1359,1128.6,5.101008,6.085134,1.342164,1.565858,-4.921268,1.342164,-0.223694,0,1.1,2.1,2.3,-73,287,285.0,Tripod,Other,,21,5,True,,True,False,,Smart,RC,False,True,False,,,True,,False,False,False,False,False,False,False,False,False,False,0,Follow Yaw,-88.9,0,-81.6,278.4,False,False,False,False,False,,0,0,False,False,No Card,100,100,1024,1340,1241,1024,2,False,False,False,False,False,0,False,False,False,False,91,,47.736,,9139,,10044,,47.736,,True,3.972,3.972,3.972,3.972,3.972,3.972,3.972,3.972,3.972,3.972,3.972,3.972,0,,False,False,True,,,,,,,,,,,,,,,False,False,19.094,,86.5,,75.7,,86.5,,1741,51,9,16,7,141999.7,18933.29,,Idle,,20,,10,,,20,Go Home,False,False,False,False,False,False,False,False,False,False,False,False,33.8027920380556,-117.4659261431046,1033.5,2972.0,1049.4,396.9,True,1,1,False,False,False,False,,True,False,False,Course Lock,196.8,67,16.4,93,E,S,7.38,7.38,Calm,False,False,Android,7.0.2,M300 RTK,1ZN7L4R0H1D00F,1W9DL31001461C,1ZMLH8300204F0,1Z6PH74DAP0QN7,"Corona, CA",728.3,5.7,137.7,8.547347,2.013246,0,0,DJI Matrice 300 RTK,M300 RTK,1ZN7L4R0H1D00F,1W9DL31001461C,1ZMLH8300204F0,1Z6PH74DAP0QN7,DJI Pilot,Android,7.0.2,1EF72A62-B7C3-C88D-164E-CE6F8C8424AE,1ZN7L4R0H1D00F,1W9DL31001461C,,1ZMLH8300204F0,1W9DL31001461C,,,,,
2023-11-01,11:27:05.64 AM,2m 43.3s,163.3,33.8011315729143,-117.4686903105958,95.4,95.4,19.0,1359,1129.4,5.101008,6.085134,1.342164,1.565858,-4.921268,1.342164,-0.223694,0,0.9,2,2.1,-73,287,288.3,Tripod,Other,,21,5,True,,True,False,,Smart,RC,False,True,False,,,True,,False,False,False,False,False,False,False,False,False,False,0,Follow Yaw,-88.9,0,-81.6,278.4,False,False,False,False,False,,0,0,False,False,No Card,100,100,1024,1344,1231,1024,2,False,False,False,False,False,0,False,False,False,False,91,,47.736,,9139,,10044,,47.736,,True,3.975,3.975,3.975,3.975,3.975,3.975,3.975,3.975,3.975,3.975,3.975,3.975,0,,False,False,True,,,,,,,,,,,,,,,False,False,19.094,,86.5,,75.7,,86.5,,1741,51,9,16,7,141303.8,18840.50,,Idle,,20,,10,,,20,Go Home,False,False,False,False,False,False,False,False,False,False,False,False,33.8027920380556,-117.4659261431046,1033.9,2972.0,1049.4,396.9,True,1,1,False,False,False,False,,True,False,False,Course Lock,196.8,67,16.4,93,E,S,7.38,7.38,Calm,False,False,Android,7.0.2,M300 RTK,1ZN7L4R0H1D00F,1W9DL31001461C,1ZMLH8300204F0,1Z6PH74DAP0QN7,"Corona, CA",728.3,5.7,137.7,8.547347,2.013246,0,0,DJI Matrice 300 RTK,M300 RTK,1ZN7L4R0H1D00F,1W9DL31001461C,1ZMLH8300204F0,1Z6PH74DAP0QN7,DJI Pilot,Android,7.0.2,1EF72A62-B7C3-C88D-164E-CE6F8C8424AE,1ZN7L4R0H1D00F,1W9DL31001461C,,1ZMLH8300204F0,1W9DL31001461C,,,,,
2023-11-01,11:27:05.74 AM,2m 43.4s,163.4,33.8011321540682,-117.4686928155886,95.8,95.8,19.0,1360,1130.2,5.101008,6.085134,1.342164,1.565858,-4.921268,1.342164,-0.223694,0,0.8,1.7,1.8,-73,287,285.5,Tripod,Other,,21,5,True,,True,False,,Smart,RC,False,True,False,,,True,,False,False,False,False,False,False,False,False,False,False,0,Follow Yaw,-88.9,0,-81.6,278.4,False,False,False,False,False,,0,0,False,False,No Card,100,100,1024,1328,1237,1024,2,False,False,False,False,False,0,False,False,False,False,91,,47.736,,9139,,10044,,47.736,,True,3.975,3.975,3.975,3.975,3.975,3.975,3.975,3.975,3.975,3.975,3.975,3.975,0,,False,False,True,,,,,,,,,,,,,,,False,False,19.094,,86.5,,75.7,,86.5,,1741,51,9,16,7,141303.8,18840.50,,Idle,,20,,10,,,20,Go Home,False,False,False,False,False,False,False,False,False,False,False,False,33.8027920380556,-117.4659261431046,1034.4,2972.0,1049.4,396.9,True,1,1,False,False,False,False,,True,False,False,Course Lock,196.8,67,16.4,93,E,S,7.38,7.38,Calm,False,False,Android,7.0.2,M300 RTK,1ZN7L4R0H1D00F,1W9DL31001461C,1ZMLH8300204F0,1Z6PH74DAP0QN7,"Corona, CA",728.3,5.7,137.7,8.547347,2.013246,0,0,DJI Matrice 300 RTK,M300 RTK,1ZN7L4R0H1D00F,1W9DL31001461C,1ZMLH8300204F0,1Z6PH74DAP0QN7,DJI Pilot,Android,7.0.2,1EF72A62-B7C3-C88D-164E-CE6F8C8424AE,1ZN7L4R0H1D00F,1W9DL31001461C,,1ZMLH8300204F0,1W9DL31001461C,,,,,
2023-11-01,11:27:05.84 AM,2m 43.5s,163.5,33.8011326683345,-117.4686954142629,95.8,95.8,18.7,1360,1131.0,5.101008,6.085134,1.342164,1.565858,-4.921268,1.342164,-0.223694,0,0.9,1.3,1.5,-73,287,283.3,Tripod,Other,,21,5,True,,True,False,,Smart,RC,False,True,False,,,True,,False,False,False,False,False,False,False,False,False,False,0,Follow Yaw,-88.9,0,-81.6,278.4,False,False,False,False,False,,0,0,False,False,No Card,100,100,1024,1325,1244,1024,2,False,False,False,False,False,0,False,False,False,False,91,,47.736,,9139,,10044,,47.736,,True,3.975,3.975,3.975,3.975,3.975,3.975,3.975,3.975,3.975,3.975,3.975,3.975,0,,False,False,True,,,,,,,,,,,,,,,False,False,19.094,,86.5,,75.7,,86.5,,1741,51,9,16,7,141303.8,18840.50,,Idle,,20,,10,,,20,Go Home,False,False,False,False,False,False,False,False,False,False,False,False,33.8027920380556,-117.4659261431046,1034.9,2972.0,1049.4,396.9,True,1,1,False,False,False,False,,True,False,False,Course Lock,196.8,67,16.4,93,E,S,7.38,7.38,Calm,False,False,Android,7.0.2,M300 RTK,1ZN7L4R0H1D00F,1W9DL31001461C,1ZMLH8300204F0,1Z6PH74DAP0QN7,"Corona, CA",728.3,5.7,137.7,8.547347,2.013246,0,0,DJI Matrice 300 RTK,M300 RTK,1ZN7L4R0H1D00F,1W9DL31001461C,1ZMLH8300204F0,1Z6PH74DAP0QN7,DJI Pilot,Android,7.0.2,1EF72A62-B7C3-C88D-164E-CE6F8C8424AE,1ZN7L4R0H1D00F,1W9DL31001461C,,1ZMLH8300204F0,1W9DL31001461C,,,,,
2023-11-01,11:27:05.94 AM,2m 43.6s,163.6,33.8011332363302,-117.4686979344294,95.8,95.8,19.0,1360,1131.8,5.317145,6.085134,1.342164,1.565858,-5.144962,1.342164,-0.223694,0,0.9,1.2,1.5,-73,287,285.1,Tripod,Other,,22,5,True,,True,False,,Smart,RC,False,True,False,,,True,,False,False,False,False,False,False,False,False,False,False,0,Follow Yaw,-88.9,0,-81.6,278.4,False,False,False,False,False,,0,0,False,False,No Card,100,100,1024,1332,1250,1024,2,False,False,False,False,False,0,False,False,False,False,91,,47.736,,9139,,10044,,47.736,,True,3.975,3.975,3.975,3.975,3.975,3.975,3.975,3.975,3.975,3.975,3.975,3.975,0,,False,False,True,,,,,,,,,,,,,,,False,False,19.094,,86.5,,75.7,,86.5,,1741,51,9,16,7,141303.8,18840.50,,Idle,,20,,10,,,20,Go Home,False,False,False,False,False,False,False,False,False,False,False,False,33.8027920380556,-117.4659261431046,1035.4,2972.0,1049.4,396.9,True,1,1,False,False,False,False,,True,False,False,Course Lock,196.8,67,16.4,93,E,S,7.38,7.38,Calm,False,False,Android,7.0.2,M300 RTK,1ZN7L4R0H1D00F,1W9DL31001461C,1ZMLH8300204F0,1Z6PH74DAP0QN7,"Corona, CA",728.3,5.7,137.7,8.547347,2.013246,0,0,DJI Matrice 300 RTK,M300 RTK,1ZN7L4R0H1D00F,1W9DL31001461C,1ZMLH8300204F0,1Z6PH74DAP0QN7,DJI Pilot,Android,7.0.2,1EF72A62-B7C3-C88D-164E-CE6F8C8424AE,1ZN7L4R0H1D00F,1W9DL31001461C,,1ZMLH8300204F0,1W9DL31001461C,,,,,
2023-11-01,11:27:06.04 AM,2m 43.7s,163.7,33.8011339172671,-117.4687004301861,95.8,95.8,19.0,1360,1132.6,5.317145,6.085134,1.342164,1.565858,-5.144962,1.342164,-0.223694,0,0.9,1.2,1.5,-73,287,288.1,Tripod,Other,,22,5,True,,True,False,,Smart,RC,False,True,False,,,True,,False,False,False,False,False,False,False,False,False,False,0,Follow Yaw,-88.9,0,-81.6,278.4,False,False,False,False,False,,0,0,False,False,No Card,100,100,1024,1340,1244,1024,2,False,False,False,False,False,0,False,False,False,False,91,,47.736,,9139,,10044,,47.736,,True,3.975,3.975,3.975,3.975,3.975,3.975,3.975,3.975,3.975,3.975,3.975,3.975,0,,False,False,True,,,,,,,,,,,,,,,False,False,19.094,,86.5,,75.7,,86.5,,1741,51,9,16,7,141303.8,18840.50,,Idle,,20,,10,,,20,Go Home,False,False,False,False,False,False,False,False,False,False,False,False,33.8027920380556,-117.4659261431046,1035.9,2972.0,1049.4,396.9,True,1,1,False,False,False,False,,True,False,False,Course Lock,196.8,67,16.4,93,E,S,7.38,7.38,Calm,False,False,Android,7.0.2,M300 RTK,1ZN7L4R0H1D00F,1W9DL31001461C,1ZMLH8300204F0,1Z6PH74DAP0QN7,"Corona, CA",728.3,5.7,137.7,8.547347,2.013246,0,0,DJI Matrice 300 RTK,M300 RTK,1ZN7L4R0H1D00F,1W9DL31001461C,1ZMLH8300204F0,1Z6PH74DAP0QN7,DJI Pilot,Android,7.0.2,1EF72A62-B7C3-C88D-164E-CE6F8C8424AE,1ZN7L4R0H1D00F,1W9DL31001461C,,1ZMLH8300204F0,1W9DL31001461C,,,,,
2023-11-01,11:27:06.14 AM,2m 43.8s,163.8,33.8011344869075,-117.4687029635472,95.8,95.8,19.0,1360,1133.4,5.317145,6.085134,1.342164,1.565858,-5.144962,1.342164,-0.223694,0,1,1.4,1.7,-73,287,285.1,Tripod,Other,,22,5,True,,True,False,,Smart,RC,False,True,False,,,True,,False,False,False,False,False,False,False,False,False,False,0,Follow Yaw,-88.9,0,-81.6,278.4,False,False,False,False,False,,0,0,False,False,No Card,100,100,1024,1349,1237,1024,2,False,False,False,False,False,0,False,False,False,False,91,,47.736,,9139,,10044,,47.736,,True,3.975,3.975,3.975,3.975,3.975,3.975,3.975,3.975,3.975,3.975,3.975,3.975,0,,False,False,True,,,,,,,,,,,,,,,False,False,19.094,,86.5,,75.7,,86.5,,1741,51,9,16,7,141303.8,18840.50,,Idle,,20,,10,,,20,Go Home,False,False,False,False,False,False,False,False,False,False,False,False,33.8027920380556,-117.4659261431046,1036.4,2972.0,1049.4,396.9,True,1,1,False,False,False,False,,True,False,False,Course Lock,196.8,67,16.4,93,E,S,7.38,7.38,Calm,False,False,Android,7.0.2,M300 RTK,1ZN7L4R0H1D00F,1W9DL31001461C,1ZMLH8300204F0,1Z6PH74DAP0QN7,"Corona, CA",728.3,5.7,137.7,8.547347,2.013246,0,0,DJI Matrice 300 RTK,M300 RTK,1ZN7L4R0H1D00F,1W9DL31001461C,1ZMLH8300204F0,1Z6PH74DAP0QN7,DJI Pilot,Android,7.0.2,1EF72A62-B7C3-C88D-164E-CE6F8C8424AE,1ZN7L4R0H1D00F,1W9DL31001461C,,1ZMLH8300204F0,1W9DL31001461C,,,,,
2023-11-01,11:27:06.24 AM,2m 43.9s,163.9,33.8011349183868,-117.4687052778782,96.1,96.1,19.0,1360,1134.1,5.317145,6.085134,1.342164,1.565858,-5.144962,1.342164,-0.223694,0,1.1,1.5,1.8,-72.9,287.1,282.6,Tripod,Other,,22,5,True,,True,False,,Smart,RC,False,True,False,,,True,,False,False,False,False,False,False,False,False,False,False,0,Follow Yaw,-88.9,0,-81.6,278.4,False,False,False,False,False,,0,0,False,False,No Card,100,100,1024,1352,1236,1024,2,False,False,False,False,False,0,False,False,False,False,91,,47.736,,9139,,10044,,47.736,,True,3.975,3.975,3.975,3.975,3.975,3.975,3.975,3.975,3.975,3.975,3.975,3.975,0,,False,False,True,,,,,,,,,,,,,,,False,False,19.094,,86.5,,75.7,,86.5,,1741,51,9,16,7,141303.8,18840.50,,Idle,,20,,10,,,20,Go Home,False,False,False,False,False,False,False,False,False,False,False,False,33.8027920380556,-117.4659261431046,1036.9,2972.0,1049.4,396.9,True,1,1,False,False,False,False,,True,False,False,Course Lock,196.8,67,16.4,93,E,S,7.38,7.38,Calm,False,False,Android,7.0.2,M300 RTK,1ZN7L4R0H1D00F,1W9DL31001461C,1ZMLH8300204F0,1Z6PH74DAP0QN7,"Corona, CA",728.3,5.7,137.7,8.547347,2.013246,0,0,DJI Matrice 300 RTK,M300 RTK,1ZN7L4R0H1D00F,1W9DL31001461C,1ZMLH8300204F0,1Z6PH74DAP0QN7,DJI Pilot,Android,7.0.2,1EF72A62-B7C3-C88D-164E-CE6F8C8424AE,1ZN7L4R0H1D00F,1W9DL31001461C,,1ZMLH8300204F0,1W9DL31001461C,,,,,
2023-11-01,11:27:06.34 AM,2m 44.0s,164.0,33.8011354781586,-117.4687077987044,96.1,96.1,19.0,1360,1134.9,5.317145,6.085134,1.342164,1.565858,-5.144962,1.342164,-0.223694,0,1.1,1.6,1.9,-73,287,284.9,Tripod,Other,,22,5,True,,True,False,,Smart,RC,False,True,False,,,True,,False,False,False,False,False,False,False,False,False,False,0,Follow Yaw,-88.9,0,-81.6,278.4,False,False,False,False,False,,0,0,False,False,No Card,100,100,1024,1349,1240,1024,2,False,False,False,False,False,0,False,False,False,False,91,,47.568,,9139,,10044,,47.568,,True,3.975,3.975,3.975,3.975,3.975,3.975,3.975,3.975,3.975,3.975,3.975,3.975,0,,False,False,True,,,,,,,,,,,,,,,False,False,19.016,,86.7,,75.7,,86.7,,1741,51,9,16,7,141303.8,18840.50,,Idle,,20,,10,,,20,Go Home,False,False,False,False,False,False,False,False,False,False,False,False,33.8027920380556,-117.4659261431046,1037.4,2972.0,1049.4,396.9,True,1,1,False,False,False,False,,True,False,False,Course Lock,196.8,67,16.4,93,E,S,7.38,7.38,Calm,False,False,Android,7.0.2,M300 RTK,1ZN7L4R0H1D00F,1W9DL31001461C,1ZMLH8300204F0,1Z6PH74DAP0QN7,"Corona, CA",728.3,5.7,137.7,8.547347,2.013246,0,0,DJI Matrice 300 RTK,M300 RTK,1ZN7L4R0H1D00F,1W9DL31001461C,1ZMLH8300204F0,1Z6PH74DAP0QN7,DJI Pilot,Android,7.0.2,1EF72A62-B7C3-C88D-164E-CE6F8C8424AE,1ZN7L4R0H1D00F,1W9DL31001461C,,1ZMLH8300204F0,1W9DL31001461C,,,,,
2023-11-01,11:27:06.44 AM,2m 44.1s,164.1,33.8011360220309,-117.4687106612706,96.1,96.1,19.0,1360,1135.8,5.317145,6.085134,1.342164,1.565858,-5.144962,1.342164,-0.223694,0,0.9,1.9,2.1,-73.1,286.9,282.8,Tripod,Other,,22,5,True,,True,False,,Smart,RC,False,True,False,,,True,,False,False,False,False,False,False,False,False,False,False,0,Follow Yaw,-88.9,0,-81.6,278.4,False,False,False,False,False,,0,0,False,False,No Card,100,100,1024,1348,1243,1024,2,False,False,False,False,False,0,False,False,False,False,91,,47.568,,9139,,10044,,47.568,,True,3.975,3.975,3.975,3.975,3.975,3.975,3.975,3.975,3.975,3.975,3.975,3.975,0,,False,False,True,,,,,,,,,,,,,,,False,False,19.016,,86.7,,75.7,,86.7,,1741,51,9,16,7,141303.8,18840.50,,Idle,,20,,10,,,20,Go Home,False,False,False,False,False,False,False,False,False,False,False,False,33.8027920380556,-117.4659261431046,1038.0,2972.0,1049.4,396.9,True,1,1,False,False,False,False,,True,False,False,Course Lock,196.8,67,16.4,93,E,S,7.38,7.38,Calm,False,False,Android,7.0.2,M300 RTK,1ZN7L4R0H1D00F,1W9DL31001461C,1ZMLH8300204F0,1Z6PH74DAP0QN7,"Corona, CA",728.3,5.7,137.7,8.547347,2.013246,0,0,DJI Matrice 300 RTK,M300 RTK,1ZN7L4R0H1D00F,1W9DL31001461C,1ZMLH8300204F0,1Z6PH74DAP0QN7,DJI Pilot,Android,7.0.2,1EF72A62-B7C3-C88D-164E-CE6F8C8424AE,1ZN7L4R0H1D00F,1W9DL31001461C,,1ZMLH8300204F0,1W9DL31001461C,,,,,
2023-11-01,11:27:06.54 AM,2m 44.2s,164.2,33.8011365812544,-117.4687132170626,96.1,96.1,19.0,1360,1136.6,5.317145,6.085134,1.342164,1.565858,-5.144962,1.342164,-0.447388,0,0.7,2.2,2.3,-73.2,286.8,284.7,Tripod,Other,,22,5,True,,True,False,,Smart,RC,False,True,False,,,True,,False,False,False,False,False,False,False,False,False,False,0,Follow Yaw,-88.9,0,-81.6,278.4,False,False,False,False,False,,0,0,False,False,No Card,100,100,1024,1340,1249,1024,2,False,False,False,False,False,0,False,False,False,False,91,,47.568,,9139,,10044,,47.568,,True,3.975,3.975,3.975,3.975,3.975,3.975,3.975,3.975,3.975,3.975,3.975,3.975,0,,False,False,True,,,,,,,,,,,,,,,False,False,19.016,,86.7,,75.7,,86.7,,1741,51,9,16,7,141303.8,18840.50,,Idle,,20,,10,,,20,Go Home,False,False,False,False,False,False,False,False,False,False,False,False,33.8027920380556,-117.4659261431046,1038.5,2972.0,1049.4,396.9,True,1,1,False,False,False,False,,True,False,False,Course Lock,196.8,67,16.4,93,E,S,7.38,7.38,Calm,False,False,Android,7.0.2,M300 RTK,1ZN7L4R0H1D00F,1W9DL31001461C,1ZMLH8300204F0,1Z6PH74DAP0QN7,"Corona, CA",728.3,5.7,137.7,8.547347,2.013246,0,0,DJI Matrice 300 RTK,M300 RTK,1ZN7L4R0H1D00F,1W9DL31001461C,1ZMLH8300204F0,1Z6PH74DAP0QN7,DJI Pilot,Android,7.0.2,1EF72A62-B7C3-C88D-164E-CE6F8C8424AE,1ZN7L4R0H1D00F,1W9DL31001461C,,1ZMLH8300204F0,1W9DL31001461C,,,,,
2023-11-01,11:27:06.62 AM,2m 44.3s,164.3,33.8011372830252,-117.4687158018826,96.1,96.1,19.0,1360,1137.4,5.317145,6.085134,1.342164,1.565858,-5.144962,1.342164,-0.447388,0,0.6,2.3,2.3,-73.3,286.7,288.0,Tripod,Other,,22,5,True,,True,False,,Smart,RC,False,True,False,,,True,,False,False,False,False,False,False,False,False,False,False,0,Follow Yaw,-88.9,0,-81.6,278.4,False,False,False,False,False,,0,0,False,False,No Card,100,100,1024,1329,1254,1024,2,False,False,False,False,False,0,False,False,False,False,91,,47.568,,9139,,10044,,47.568,,True,3.972,3.972,3.972,3.972,3.972,3.972,3.972,3.972,3.972,3.972,3.972,3.972,0,,False,False,True,,,,,,,,,,,,,,,False,False,19.016,,86.7,,75.7,,86.7,,1741,51,9,16,7,140881.5,18784.20,,Idle,,20,,10,,,20,Go Home,False,False,False,False,False,False,False,False,False,False,False,False,33.8027920380556,-117.4659261431046,1039.0,2972.0,1049.4,396.9,True,1,1,False,False,False,False,,True,False,False,Course Lock,196.8,67,16.4,93,E,S,7.38,7.38,Calm,False,False,Android,7.0.2,M300 RTK,1ZN7L4R0H1D00F,1W9DL31001461C,1ZMLH8300204F0,1Z6PH74DAP0QN7,"Corona, CA",728.3,5.7,137.7,8.547347,2.013246,0,0,DJI Matrice 300 RTK,M300 RTK,1ZN7L4R0H1D00F,1W9DL31001461C,1ZMLH8300204F0,1Z6PH74DAP0QN7,DJI Pilot,Android,7.0.2,1EF72A62-B7C3-C88D-164E-CE6F8C8424AE,1ZN7L4R0H1D00F,1W9DL31001461C,,1ZMLH8300204F0,1W9DL31001461C,,,,,
2023-11-01,11:27:06.74 AM,2m 44.4s,164.4,33.801137878982,-117.4687183748275,96.4,96.4,19.0,1360,1138.2,5.317145,6.085134,1.342164,1.565858,-5.144962,1.342164,-0.447388,0,0.6,2.2,2.2,-73.3,286.7,285.5,Tripod,Other,,22,5,True,,True,False,,Smart,RC,False,True,False,,,True,,False,False,False,False,False,False,False,False,False,False,0,Follow Yaw,-88.9,0,-81.6,278.4,False,False,False,False,False,,0,0,False,False,No Card,100,100,1024,1333,1258,1024,2,False,False,False,False,False,0,False,False,False,False,91,,47.568,,9139,,10044,,47.568,,True,3.972,3.972,3.972,3.972,3.972,3.972,3.972,3.972,3.972,3.972,3.972,3.972,0,,False,False,True,,,,,,,,,,,,,,,False,False,19.016,,86.7,,75.7,,86.7,,1741,51,9,16,7,140881.5,18784.20,,Idle,,20,,10,,,20,Go Home,False,False,False,False,False,False,False,False,False,False,False,False,33.8027920380556,-117.4659261431046,1039.5,2972.0,1049.4,396.9,True,1,1,False,False,False,False,,True,False,False,Course Lock,196.8,67,16.4,93,E,S,7.38,7.38,Calm,False,False,Android,7.0.2,M300 RTK,1ZN7L4R0H1D00F,1W9DL31001461C,1ZMLH8300204F0,1Z6PH74DAP0QN7,"Corona, CA",728.3,5.7,137.7,8.547347,2.013246,0,0,DJI Matrice 300 RTK,M300 RTK,1ZN7L4R0H1D00F,1W9DL31001461C,1ZMLH8300204F0,1Z6PH74DAP0QN7,DJI Pilot,Android,7.0.2,1EF72A62-B7C3-C88D-164E-CE6F8C8424AE,1ZN7L4R0H1D00F,1W9DL31001461C,,1ZMLH8300204F0,1W9DL31001461C,,,,,
2023-11-01,11:27:06.84 AM,2m 44.5s,164.5,33.8011387348133,-117.4687209603072,96.4,96.4,19.0,1360,1139.1,5.317145,6.085134,1.342164,1.565858,-5.144962,1.342164,-0.447388,0,0.8,2,2.1,-73.3,286.7,291.7,Tripod,Other,,22,5,True,,True,False,,Smart,RC,False,True,False,,,True,,False,False,False,False,False,False,False,False,False,False,0,Follow Yaw,-88.9,0,-81.6,278.4,False,False,False,False,False,,0,0,False,False,No Card,100,100,1024,1347,1260,1024,2,False,False,False,False,False,0,False,False,False,False,91,,47.568,,9139,,10044,,47.568,,True,3.972,3.972,3.972,3.972,3.972,3.972,3.972,3.972,3.972,3.972,3.972,3.972,0,,False,False,True,,,,,,,,,,,,,,,False,False,19.016,,86.7,,75.7,,86.7,,1741,51,9,16,7,140881.5,18784.20,,Idle,,20,,10,,,20,Go Home,False,False,False,False,False,False,False,False,False,False,False,False,33.8027920380556,-117.4659261431046,1039.9,2972.0,1049.4,396.9,True,1,1,False,False,False,False,,True,False,False,Course Lock,196.8,67,16.4,93,E,S,7.38,7.38,Calm,False,False,Android,7.0.2,M300 RTK,1ZN7L4R0H1D00F,1W9DL31001461C,1ZMLH8300204F0,1Z6PH74DAP0QN7,"Corona, CA",728.3,5.7,137.7,8.547347,2.013246,0,0,DJI Matrice 300 RTK,M300 RTK,1ZN7L4R0H1D00F,1W9DL31001461C,1ZMLH8300204F0,1Z6PH74DAP0QN7,DJI Pilot,Android,7.0.2,1EF72A62-B7C3-C88D-164E-CE6F8C8424AE,1ZN7L4R0H1D00F,1W9DL31001461C,,1ZMLH8300204F0,1W9DL31001461C,,,,,
2023-11-01,11:27:06.94 AM,2m 44.6s,164.6,33.8011393702447,-117.4687235451273,96.4,96.4,19.0,1360,1139.9,5.317145,6.085134,1.342164,1.565858,-5.144962,1.342164,-0.447388,0,1.1,1.8,2.1,-73.3,286.7,286.4,Tripod,Other,,22,5,True,,True,False,,Smart,RC,False,True,False,,,True,,False,False,False,False,False,False,False,False,False,False,0,Follow Yaw,-88.9,0,-81.6,278.4,False,False,False,False,False,,0,0,False,False,No Card,100,100,1024,1346,1259,1024,2,False,False,False,False,False,0,False,False,False,False,91,,47.568,,9139,,10044,,47.568,,True,3.972,3.972,3.972,3.972,3.972,3.972,3.972,3.972,3.972,3.972,3.972,3.972,0,,False,False,True,,,,,,,,,,,,,,,False,False,19.016,,86.7,,75.7,,86.7,,1741,51,9,16,7,140881.5,18784.20,,Idle,,20,,10,,,20,Go Home,False,False,False,False,False,False,False,False,False,False,False,False,33.8027920380556,-117.4659261431046,1040.5,2972.0,1049.4,396.9,True,1,1,False,False,False,False,,True,False,False,Course Lock,196.8,67,16.4,93,E,S,7.38,7.38,Calm,False,False,Android,7.0.2,M300 RTK,1ZN7L4R0H1D00F,1W9DL31001461C,1ZMLH8300204F0,1Z6PH74DAP0QN7,"Corona, CA",728.3,5.7,137.7,8.547347,2.013246,0,0,DJI Matrice 300 RTK,M300 RTK,1ZN7L4R0H1D00F,1W9DL31001461C,1ZMLH8300204F0,1Z6PH74DAP0QN7,DJI Pilot,Android,7.0.2,1EF72A62-B7C3-C88D-164E-CE6F8C8424AE,1ZN7L4R0H1D00F,1W9DL31001461C,,1ZMLH8300204F0,1W9DL31001461C,,,,,
2023-11-01,11:27:07.03 AM,2m 44.7s,164.7,33.8011396558874,-117.4687257123386,96.4,96.4,19.0,1360,1140.6,5.317145,6.085134,1.342164,1.565858,-5.144962,1.342164,-0.447388,0,1.2,1.7,2,-73.3,286.7,279.0,Tripod,Other,,22,5,True,,True,False,,Smart,RC,False,True,False,,,True,,False,False,False,False,False,False,False,False,False,False,0,Follow Yaw,-88.9,0,-81.6,278.4,False,False,False,False,False,,0,0,False,False,No Card,100,100,1024,1333,1259,1024,2,False,False,False,False,False,0,False,False,False,False,91,,47.568,,4537,,4986,,47.568,,True,3.972,3.972,3.972,3.972,3.972,3.972,3.972,3.972,3.972,3.972,3.972,3.972,0,,False,False,True,,,,,,,,,,,,,,,False,False,9.432,,85.8,,75.7,,86.7,,1741,51,9,16,7,140881.5,18784.20,,Idle,,20,,10,,,20,Go Home,False,False,False,False,False,False,False,False,False,False,False,False,33.8027920380556,-117.4659261431046,1040.9,2972.0,1049.4,396.9,True,1,1,False,False,False,False,,True,False,False,Course Lock,196.8,67,16.4,93,E,S,7.38,7.38,Calm,False,False,Android,7.0.2,M300 RTK,1ZN7L4R0H1D00F,1W9DL31001461C,1ZMLH8300204F0,1Z6PH74DAP0QN7,"Corona, CA",728.3,5.7,137.7,8.547347,2.013246,0,0,DJI Matrice 300 RTK,M300 RTK,1ZN7L4R0H1D00F,1W9DL31001461C,1ZMLH8300204F0,1Z6PH74DAP0QN7,DJI Pilot,Android,7.0.2,1EF72A62-B7C3-C88D-164E-CE6F8C8424AE,1ZN7L4R0H1D00F,1W9DL31001461C,,1ZMLH8300204F0,1W9DL31001461C,,,,,
2023-11-01,11:27:07.13 AM,2m 44.8s,164.8,33.8011402699367,-117.4687282588943,96.4,96.4,18.7,1360,1141.4,5.317145,6.085134,1.342164,1.565858,-5.144962,1.342164,-0.447388,0,1.1,1.5,1.8,-73.3,286.7,286.1,Tripod,Other,,22,5,True,,True,False,,Smart,RC,False,True,False,,,True,,False,False,False,False,False,False,False,False,False,False,0,Follow Yaw,-88.9,0,-81.6,278.4,False,False,False,False,False,,0,0,False,False,No Card,100,100,1024,1342,1254,1024,2,False,False,False,False,False,0,False,False,False,False,91,,47.568,,4537,,4986,,47.568,,True,3.972,3.972,3.972,3.972,3.972,3.972,3.972,3.972,3.972,3.972,3.972,3.972,0,,False,False,True,,,,,,,,,,,,,,,False,False,9.432,,85.8,,75.7,,86.7,,1741,51,9,16,7,140881.5,18784.20,,Idle,,20,,10,,,20,Go Home,False,False,False,False,False,False,False,False,False,False,False,False,33.8027920380556,-117.4659261431046,1041.4,2972.0,1049.4,396.9,True,1,1,False,False,False,False,,True,False,False,Course Lock,196.8,67,16.4,93,E,S,7.38,7.38,Calm,False,False,Android,7.0.2,M300 RTK,1ZN7L4R0H1D00F,1W9DL31001461C,1ZMLH8300204F0,1Z6PH74DAP0QN7,"Corona, CA",728.3,5.7,137.7,8.547347,2.013246,0,0,DJI Matrice 300 RTK,M300 RTK,1ZN7L4R0H1D00F,1W9DL31001461C,1ZMLH8300204F0,1Z6PH74DAP0QN7,DJI Pilot,Android,7.0.2,1EF72A62-B7C3-C88D-164E-CE6F8C8424AE,1ZN7L4R0H1D00F,1W9DL31001461C,,1ZMLH8300204F0,1W9DL31001461C,,,,,
2023-11-01,11:27:07.24 AM,2m 44.9s,164.9,33.8011410490118,-117.4687311438912,96.4,96.4,19.0,1360,1142.3,5.317145,6.085134,1.342164,1.565858,-5.144962,1.342164,-0.447388,0,1.1,1.3,1.7,-73.2,286.8,288.0,Tripod,Other,,22,5,True,,True,False,,Smart,RC,False,True,False,,,True,,False,False,False,False,False,False,False,False,False,False,0,Follow Yaw,-88.9,0,-81.6,278.4,False,False,False,False,False,,0,0,False,False,No Card,100,100,1024,1341,1254,1024,2,False,False,False,False,False,0,False,False,False,False,91,,47.568,,4537,,4986,,47.568,,True,3.972,3.972,3.972,3.972,3.972,3.972,3.972,3.972,3.972,3.972,3.972,3.972,0,,False,False,True,,,,,,,,,,,,,,,False,False,9.432,,85.8,,75.7,,86.7,,1741,51,9,16,7,140881.5,18784.20,,Idle,,20,,10,,,20,Go Home,False,False,False,False,False,False,False,False,False,False,False,False,33.8027920380556,-117.4659261431046,1042.0,2972.0,1049.4,396.9,True,1,1,False,False,False,False,,True,False,False,Course Lock,196.8,67,16.4,93,E,S,7.38,7.38,Calm,False,False,Android,7.0.2,M300 RTK,1ZN7L4R0H1D00F,1W9DL31001461C,1ZMLH8300204F0,1Z6PH74DAP0QN7,"Corona, CA",728.3,5.7,137.7,8.547347,2.013246,0,0,DJI Matrice 300 RTK,M300 RTK,1ZN7L4R0H1D00F,1W9DL31001461C,1ZMLH8300204F0,1Z6PH74DAP0QN7,DJI Pilot,Android,7.0.2,1EF72A62-B7C3-C88D-164E-CE6F8C8424AE,1ZN7L4R0H1D00F,1W9DL31001461C,,1ZMLH8300204F0,1W9DL31001461C,,,,,
2023-11-01,11:27:07.34 AM,2m 45.0s,165.0,33.8011416718333,-117.46873373201,96.7,96.7,18.7,1361,1143.1,5.317145,6.085134,1.342164,1.565858,-5.144962,1.342164,-0.447388,0,1.1,1.3,1.7,-73.3,286.7,286.1,Tripod,Other,,22,5,True,,True,False,,Smart,RC,False,True,False,,,True,,False,False,False,False,False,False,False,False,False,False,0,Follow Yaw,-88.9,0,-81.6,278.4,False,False,False,False,False,,0,0,False,False,No Card,100,100,1024,1344,1253,1024,2,False,False,False,False,False,0,False,False,False,False,91,,47.58,,9139,,10044,,47.58,,True,3.972,3.972,3.972,3.972,3.972,3.972,3.972,3.972,3.972,3.972,3.972,3.972,0,,False,False,True,,,,,,,,,,,,,,,False,False,19.21,,86.7,,75.7,,86.7,,1741,51,9,16,7,140881.5,18784.20,,Idle,,20,,10,,,20,Go Home,False,False,False,False,False,False,False,False,False,False,False,False,33.8027920380556,-117.4659261431046,1042.5,2972.0,1049.4,396.9,True,1,1,False,False,False,False,,True,False,False,Course Lock,196.8,67,16.4,93,E,S,7.38,7.38,Calm,False,False,Android,7.0.2,M300 RTK,1ZN7L4R0H1D00F,1W9DL31001461C,1ZMLH8300204F0,1Z6PH74DAP0QN7,"Corona, CA",728.3,5.7,137.7,8.547347,2.013246,0,0,DJI Matrice 300 RTK,M300 RTK,1ZN7L4R0H1D00F,1W9DL31001461C,1ZMLH8300204F0,1Z6PH74DAP0QN7,DJI Pilot,Android,7.0.2,1EF72A62-B7C3-C88D-164E-CE6F8C8424AE,1ZN7L4R0H1D00F,1W9DL31001461C,,1ZMLH8300204F0,1W9DL31001461C,,,,,
2023-11-01,11:27:07.44 AM,2m 45.1s,165.1,33.8011422294121,-117.4687360760287,96.7,96.7,18.7,1361,1143.8,5.317145,6.085134,1.342164,1.565858,-5.144962,1.342164,-0.447388,0,1,1.3,1.6,-73.3,286.7,285.9,Tripod,Other,,22,5,True,,True,False,,Smart,RC,False,True,False,,,True,,False,False,False,False,False,False,False,False,False,False,0,Follow Yaw,-88.9,0,-81.6,278.4,False,False,False,False,False,,0,0,False,False,No Card,100,100,1024,1339,1257,1024,2,False,False,False,False,False,0,False,False,False,False,91,,47.58,,9139,,10044,,47.58,,True,3.972,3.972,3.972,3.972,3.972,3.972,3.972,3.972,3.972,3.972,3.972,3.972,0,,False,False,True,,,,,,,,,,,,,,,False,False,19.21,,86.7,,75.7,,86.7,,1741,51,9,16,7,140881.5,18784.20,,Idle,,20,,10,,,20,Go Home,False,False,False,False,False,False,False,False,False,False,False,False,33.8027920380556,-117.4659261431046,1043.0,2972.0,1049.4,396.9,True,1,1,False,False,False,False,,True,False,False,Course Lock,196.8,67,16.4,93,E,S,7.38,7.38,Calm,False,False,Android,7.0.2,M300 RTK,1ZN7L4R0H1D00F,1W9DL31001461C,1ZMLH8300204F0,1Z6PH74DAP0QN7,"Corona, CA",728.3,5.7,137.7,8.547347,2.013246,0,0,DJI Matrice 300 RTK,M300 RTK,1ZN7L4R0H1D00F,1W9DL31001461C,1ZMLH8300204F0,1Z6PH74DAP0QN7,DJI Pilot,Android,7.0.2,1EF72A62-B7C3-C88D-164E-CE6F8C8424AE,1ZN7L4R0H1D00F,1W9DL31001461C,,1ZMLH8300204F0,1W9DL31001461C,,,,,
2023-11-01,11:27:07.55 AM,2m 45.2s,165.2,33.8011428357858,-117.4687386463347,96.7,96.7,18.7,1361,1144.7,5.317145,6.085134,1.342164,1.565858,-5.144962,1.342164,-0.223694,0,1,1.3,1.6,-73.3,286.7,285.8,Tripod,Other,,22,5,True,,True,False,,Smart,RC,False,True,False,,,True,,False,False,False,False,False,False,False,False,False,False,0,Follow Yaw,-88.9,0,-81.6,278.4,False,False,False,False,False,,0,0,False,False,No Card,100,100,1024,1341,1258,1024,2,False,False,False,False,False,0,False,False,False,False,91,,47.58,,9139,,10044,,47.58,,True,3.972,3.972,3.972,3.972,3.972,3.972,3.972,3.972,3.972,3.972,3.972,3.972,0,,False,False,True,,,,,,,,,,,,,,,False,False,19.21,,86.7,,75.7,,86.7,,1741,51,9,16,7,140881.5,18784.20,,Idle,,20,,10,,,20,Go Home,False,False,False,False,False,False,False,False,False,False,False,False,33.8027920380556,-117.4659261431046,1043.5,2972.0,1049.4,396.9,True,1,1,False,False,False,False,,True,False,False,Course Lock,196.8,67,16.4,93,E,S,7.38,7.38,Calm,False,False,Android,7.0.2,M300 RTK,1ZN7L4R0H1D00F,1W9DL31001461C,1ZMLH8300204F0,1Z6PH74DAP0QN7,"Corona, CA",728.3,5.7,137.7,8.547347,2.013246,0,0,DJI Matrice 300 RTK,M300 RTK,1ZN7L4R0H1D00F,1W9DL31001461C,1ZMLH8300204F0,1Z6PH74DAP0QN7,DJI Pilot,Android,7.0.2,1EF72A62-B7C3-C88D-164E-CE6F8C8424AE,1ZN7L4R0H1D00F,1W9DL31001461C,,1ZMLH8300204F0,1W9DL31001461C,,,,,
2023-11-01,11:27:07.65 AM,2m 45.3s,165.3,33.8011434783446,-117.4687411447302,96.7,96.7,18.7,1361,1145.4,5.317145,6.085134,1.342164,1.565858,-5.144962,1.342164,-0.447388,0,1.1,1.4,1.7,-73.3,286.7,287.1,Tripod,Other,,22,5,True,,True,False,,Smart,RC,False,True,False,,,True,,False,False,False,False,False,False,False,False,False,False,0,Follow Yaw,-88.9,0,-81.6,278.4,False,False,False,False,False,,0,0,False,False,No Card,100,100,1024,1342,1257,1024,2,False,False,False,False,False,0,False,False,False,False,91,,47.58,,9139,,10044,,47.58,,True,3.964,3.964,3.964,3.964,3.964,3.964,3.964,3.964,3.964,3.964,3.964,3.964,0,,False,False,True,,,,,,,,,,,,,,,False,False,19.21,,86.7,,75.7,,86.7,,1743,51,9,16,7,140791.3,18772.18,,Idle,,20,,10,,,20,Go Home,False,False,False,False,False,False,False,False,False,False,False,False,33.8027920380556,-117.4659261431046,1043.9,2972.0,1049.4,396.9,True,1,1,False,False,False,False,,True,False,False,Course Lock,196.8,67,16.4,93,E,S,7.38,7.38,Calm,False,False,Android,7.0.2,M300 RTK,1ZN7L4R0H1D00F,1W9DL31001461C,1ZMLH8300204F0,1Z6PH74DAP0QN7,"Corona, CA",728.3,5.7,137.7,8.547347,2.013246,0,0,DJI Matrice 300 RTK,M300 RTK,1ZN7L4R0H1D00F,1W9DL31001461C,1ZMLH8300204F0,1Z6PH74DAP0QN7,DJI Pilot,Android,7.0.2,1EF72A62-B7C3-C88D-164E-CE6F8C8424AE,1ZN7L4R0H1D00F,1W9DL31001461C,,1ZMLH8300204F0,1W9DL31001461C,,,,,
2023-11-01,11:27:07.75 AM,2m 45.4s,165.4,33.8011440814288,-117.4687437183348,96.7,96.7,19.0,1361,1146.3,5.317145,6.085134,1.342164,1.565858,-5.144962,1.342164,-0.447388,0,1.1,1.4,1.7,-73.4,286.6,285.7,Tripod,Other,,22,5,True,,True,False,,Smart,RC,False,True,False,,,True,,False,False,False,False,False,False,False,False,False,False,0,Follow Yaw,-88.9,0,-81.6,278.4,False,False,False,False,False,,0,0,False,False,No Card,100,100,1024,1343,1257,1024,2,False,False,False,False,False,0,False,False,False,False,91,,47.58,,9139,,10044,,47.58,,True,3.964,3.964,3.964,3.964,3.964,3.964,3.964,3.964,3.964,3.964,3.964,3.964,0,,False,False,True,,,,,,,,,,,,,,,False,False,19.21,,86.7,,75.7,,86.7,,1743,51,9,16,7,140791.3,18772.18,,Idle,,20,,10,,,20,Go Home,False,False,False,False,False,False,False,False,False,False,False,False,33.8027920380556,-117.4659261431046,1044.5,2972.0,1049.4,396.9,True,1,1,False,False,False,False,,True,False,False,Course Lock,196.8,67,16.4,93,E,S,7.38,7.38,Calm,False,False,Android,7.0.2,M300 RTK,1ZN7L4R0H1D00F,1W9DL31001461C,1ZMLH8300204F0,1Z6PH74DAP0QN7,"Corona, CA",728.3,5.7,137.7,8.547347,2.013246,0,0,DJI Matrice 300 RTK,M300 RTK,1ZN7L4R0H1D00F,1W9DL31001461C,1ZMLH8300204F0,1Z6PH74DAP0QN7,DJI Pilot,Android,7.0.2,1EF72A62-B7C3-C88D-164E-CE6F8C8424AE,1ZN7L4R0H1D00F,1W9DL31001461C,,1ZMLH8300204F0,1W9DL31001461C,,,,,
2023-11-01,11:27:07.86 AM,2m 45.5s,165.5,33.8011446795787,-117.4687464628094,97.1,97.1,19.0,1361,1147.1,5.317145,6.085134,1.342164,1.565858,-5.144962,1.342164,-0.447388,0,1.1,1.5,1.8,-73.4,286.6,284.6,Tripod,Other,,22,5,True,,True,False,,Smart,RC,False,True,False,,,True,,False,False,False,False,False,False,False,False,False,False,0,Follow Yaw,-88.9,0,-81.6,278.4,False,False,False,False,False,,0,0,False,False,No Card,100,100,1024,1345,1257,1024,2,False,False,False,False,False,0,False,False,False,False,91,,47.58,,9139,,10044,,47.58,,True,3.964,3.964,3.964,3.964,3.964,3.964,3.964,3.964,3.964,3.964,3.964,3.964,0,,False,False,True,,,,,,,,,,,,,,,False,False,19.21,,86.7,,75.7,,86.7,,1743,51,9,16,7,140791.3,18772.18,,Idle,,20,,10,,,20,Go Home,False,False,False,False,False,False,False,False,False,False,False,False,33.8027920380556,-117.4659261431046,1045.0,2972.0,1049.4,396.9,True,1,1,False,False,False,False,,True,False,False,Course Lock,196.8,67,16.4,93,E,S,7.38,7.38,Calm,False,False,Android,7.0.2,M300 RTK,1ZN7L4R0H1D00F,1W9DL31001461C,1ZMLH8300204F0,1Z6PH74DAP0QN7,"Corona, CA",728.3,5.7,137.7,8.547347,2.013246,0,0,DJI Matrice 300 RTK,M300 RTK,1ZN7L4R0H1D00F,1W9DL31001461C,1ZMLH8300204F0,1Z6PH74DAP0QN7,DJI Pilot,Android,7.0.2,1EF72A62-B7C3-C88D-164E-CE6F8C8424AE,1ZN7L4R0H1D00F,1W9DL31001461C,,1ZMLH8300204F0,1W9DL31001461C,,,,,
2023-11-01,11:27:07.96 AM,2m 45.6s,165.6,33.8011452826629,-117.4687490515878,97.1,97.1,19.0,1361,1147.9,5.317145,6.085134,1.342164,1.565858,-5.144962,1.342164,-0.447388,0,1,1.6,1.8,-73.4,286.6,285.6,Tripod,Other,,22,5,True,,True,False,,Smart,RC,False,True,False,,,True,,False,False,False,False,False,False,False,False,False,False,0,Follow Yaw,-88.9,0,-81.6,278.4,False,False,False,False,False,,0,0,False,False,No Card,100,100,1024,1345,1259,1024,2,False,False,False,False,False,0,False,False,False,False,91,,47.58,,9139,,10044,,47.58,,True,3.964,3.964,3.964,3.964,3.964,3.964,3.964,3.964,3.964,3.964,3.964,3.964,0,,False,False,True,,,,,,,,,,,,,,,False,False,19.21,,86.7,,75.7,,86.7,,1743,51,9,16,7,140791.3,18772.18,,Idle,,20,,10,,,20,Go Home,False,False,False,False,False,False,False,False,False,False,False,False,33.8027920380556,-117.4659261431046,1045.5,2972.0,1049.4,396.9,True,1,1,False,False,False,False,,True,False,False,Course Lock,196.8,67,16.4,93,E,S,7.38,7.38,Calm,False,False,Android,7.0.2,M300 RTK,1ZN7L4R0H1D00F,1W9DL31001461C,1ZMLH8300204F0,1Z6PH74DAP0QN7,"Corona, CA",728.3,5.7,137.7,8.547347,2.013246,0,0,DJI Matrice 300 RTK,M300 RTK,1ZN7L4R0H1D00F,1W9DL31001461C,1ZMLH8300204F0,1Z6PH74DAP0QN7,DJI Pilot,Android,7.0.2,1EF72A62-B7C3-C88D-164E-CE6F8C8424AE,1ZN7L4R0H1D00F,1W9DL31001461C,,1ZMLH8300204F0,1W9DL31001461C,,,,,
2023-11-01,11:27:08.06 AM,2m 45.7s,165.7,33.8011458435312,-117.4687518765494,97.1,97.1,19.0,1361,1148.8,5.317145,6.085134,1.342164,1.565858,-5.144962,1.342164,-0.447388,0,1,1.7,1.9,-73.4,286.6,283.4,Tripod,Other,,22,5,True,,True,False,,Smart,RC,False,True,False,,,True,,False,False,False,False,False,False,False,False,False,False,0,Follow Yaw,-88.9,0,-81.6,278.4,False,False,False,False,False,,0,0,False,False,No Card,100,100,1024,1342,1261,1024,2,False,False,False,False,False,0,False,False,False,False,91,,47.58,,9139,,10044,,47.58,,True,3.964,3.964,3.964,3.964,3.964,3.964,3.964,3.964,3.964,3.964,3.964,3.964,0,,False,False,True,,,,,,,,,,,,,,,False,False,19.21,,86.7,,75.7,,86.7,,1743,51,9,16,7,140791.3,18772.18,,Idle,,20,,10,,,20,Go Home,False,False,False,False,False,False,False,False,False,False,False,False,33.8027920380556,-117.4659261431046,1046.1,2972.0,1049.4,396.9,True,1,1,False,False,False,False,,True,False,False,Course Lock,196.8,67,16.4,93,E,S,7.38,7.38,Calm,False,False,Android,7.0.2,M300 RTK,1ZN7L4R0H1D00F,1W9DL31001461C,1ZMLH8300204F0,1Z6PH74DAP0QN7,"Corona, CA",728.3,5.7,137.7,8.547347,2.013246,0,0,DJI Matrice 300 RTK,M300 RTK,1ZN7L4R0H1D00F,1W9DL31001461C,1ZMLH8300204F0,1Z6PH74DAP0QN7,DJI Pilot,Android,7.0.2,1EF72A62-B7C3-C88D-164E-CE6F8C8424AE,1ZN7L4R0H1D00F,1W9DL31001461C,,1ZMLH8300204F0,1W9DL31001461C,,,,,
2023-11-01,11:27:08.14 AM,2m 45.8s,165.8,33.8011464356502,-117.468754489078,97.1,97.1,18.7,1361,1149.6,5.317145,6.085134,1.342164,1.565858,-5.144962,1.342164,-0.447388,0,0.9,1.7,1.9,-73.4,286.6,285.2,Tripod,Other,,22,5,True,,True,False,,Smart,RC,False,True,False,,,True,,False,False,False,False,False,False,False,False,False,False,0,Follow Yaw,-88.9,0,-81.6,278.4,False,False,False,False,False,,0,0,False,False,No Card,100,100,1024,1342,1259,1024,2,False,False,False,False,False,0,False,False,False,False,91,,47.58,,9139,,10044,,47.58,,True,3.964,3.964,3.964,3.964,3.964,3.964,3.964,3.964,3.964,3.964,3.964,3.964,0,,False,False,True,,,,,,,,,,,,,,,False,False,19.21,,86.7,,75.7,,86.7,,1743,51,9,16,7,140791.3,18772.18,,Idle,,20,,10,,,20,Go Home,False,False,False,False,False,False,False,False,False,False,False,False,33.8027920380556,-117.4659261431046,1046.6,2972.0,1049.4,396.9,True,1,1,False,False,False,False,,True,False,False,Course Lock,196.8,67,16.4,93,E,S,7.38,7.38,Calm,False,False,Android,7.0.2,M300 RTK,1ZN7L4R0H1D00F,1W9DL31001461C,1ZMLH8300204F0,1Z6PH74DAP0QN7,"Corona, CA",728.3,5.7,137.7,8.547347,2.013246,0,0,DJI Matrice 300 RTK,M300 RTK,1ZN7L4R0H1D00F,1W9DL31001461C,1ZMLH8300204F0,1Z6PH74DAP0QN7,DJI Pilot,Android,7.0.2,1EF72A62-B7C3-C88D-164E-CE6F8C8424AE,1ZN7L4R0H1D00F,1W9DL31001461C,,1ZMLH8300204F0,1W9DL31001461C,,,,,
2023-11-01,11:27:08.27 AM,2m 45.9s,165.9,33.8011470179006,-117.4687570976483,97.1,97.1,18.7,1361,1150.4,5.317145,6.085134,1.342164,1.565858,-5.144962,1.342164,-0.447388,0,0.9,1.8,2,-73.4,286.6,285.0,Tripod,Other,,22,5,True,,True,False,,Smart,RC,False,True,False,,,True,,False,False,False,False,False,False,False,False,False,False,0,Follow Yaw,-88.9,0,-81.6,278.4,False,False,False,False,False,,0,0,False,False,No Card,100,100,1024,1343,1258,1024,2,False,False,False,False,False,0,False,False,False,False,91,,47.58,,9139,,10044,,47.58,,True,3.964,3.964,3.964,3.964,3.964,3.964,3.964,3.964,3.964,3.964,3.964,3.964,0,,False,False,True,,,,,,,,,,,,,,,False,False,19.21,,86.7,,75.7,,86.7,,1743,51,9,16,7,140791.3,18772.18,,Idle,,20,,10,,,20,Go Home,False,False,False,False,False,False,False,False,False,False,False,False,33.8027920380556,-117.4659261431046,1047.2,2972.0,1049.4,396.9,True,1,1,False,False,False,False,,True,False,False,Course Lock,196.8,67,16.4,93,E,S,7.38,7.38,Calm,False,False,Android,7.0.2,M300 RTK,1ZN7L4R0H1D00F,1W9DL31001461C,1ZMLH8300204F0,1Z6PH74DAP0QN7,"Corona, CA",728.3,5.7,137.7,8.547347,2.013246,0,0,DJI Matrice 300 RTK,M300 RTK,1ZN7L4R0H1D00F,1W9DL31001461C,1ZMLH8300204F0,1Z6PH74DAP0QN7,DJI Pilot,Android,7.0.2,1EF72A62-B7C3-C88D-164E-CE6F8C8424AE,1ZN7L4R0H1D00F,1W9DL31001461C,,1ZMLH8300204F0,1W9DL31001461C,,,,,
2023-11-01,11:27:08.37 AM,2m 46.0s,166.0,33.8011476209848,-117.4687597246911,97.4,97.4,18.7,1361,1151.3,5.317145,6.085134,1.342164,1.565858,-5.144962,1.342164,-0.447388,0,1,1.9,2.1,-73.4,286.6,285.4,Tripod,Other,,22,5,True,,True,False,,Smart,RC,False,True,False,,,True,,False,False,False,False,False,False,False,False,False,False,0,Follow Yaw,-88.9,0,-81.6,278.4,False,False,False,False,False,,0,0,False,False,No Card,100,100,1024,1344,1261,1024,2,False,False,False,False,False,0,False,False,False,False,91,,47.568,,4537,,4986,,47.568,,True,3.964,3.964,3.964,3.964,3.964,3.964,3.964,3.964,3.964,3.964,3.964,3.964,0,,False,False,True,,,,,,,,,,,,,,,False,False,9.412,,85.8,,75.7,,86.7,,1743,51,9,16,7,140791.3,18772.18,,Idle,,20,,10,,,20,Go Home,False,False,False,False,False,False,False,False,False,False,False,False,33.8027920380556,-117.4659261431046,1047.7,2972.0,1049.4,396.9,True,1,1,False,False,False,False,,True,False,False,Course Lock,196.8,67,16.4,93,E,S,7.38,7.38,Calm,False,False,Android,7.0.2,M300 RTK,1ZN7L4R0H1D00F,1W9DL31001461C,1ZMLH8300204F0,1Z6PH74DAP0QN7,"Corona, CA",728.3,5.7,137.7,8.547347,2.013246,0,0,DJI Matrice 300 RTK,M300 RTK,1ZN7L4R0H1D00F,1W9DL31001461C,1ZMLH8300204F0,1Z6PH74DAP0QN7,DJI Pilot,Android,7.0.2,1EF72A62-B7C3-C88D-164E-CE6F8C8424AE,1ZN7L4R0H1D00F,1W9DL31001461C,,1ZMLH8300204F0,1W9DL31001461C,,,,,
2023-11-01,11:27:08.48 AM,2m 46.1s,166.1,33.8011482547715,-117.4687623200668,97.4,97.4,18.7,1361,1152.1,5.377968,6.085134,1.565858,1.565858,-5.144962,1.342164,-0.447388,0,1.1,1.8,2.1,-73.3,286.7,286.3,Tripod,Other,,22,5,True,,True,False,,Smart,RC,False,True,False,,,True,,False,False,False,False,False,False,False,False,False,False,0,Follow Yaw,-88.9,0,-81.6,278.4,False,False,False,False,False,,0,0,False,False,No Card,100,100,1024,1342,1256,1046,2,False,False,False,False,False,0,False,False,False,False,91,,47.568,,4537,,4986,,47.568,,True,3.964,3.964,3.964,3.964,3.964,3.964,3.964,3.964,3.964,3.964,3.964,3.964,0,,False,False,True,,,,,,,,,,,,,,,False,False,9.412,,85.8,,75.7,,86.7,,1743,51,9,16,7,140791.3,18772.18,,Idle,,20,,10,,,20,Go Home,False,False,False,False,False,False,False,False,False,False,False,False,33.8027920380556,-117.4659261431046,1048.2,2972.0,1049.4,396.9,True,1,1,False,False,False,False,,True,False,False,Course Lock,196.8,67,16.4,93,E,S,7.38,7.38,Calm,False,False,Android,7.0.2,M300 RTK,1ZN7L4R0H1D00F,1W9DL31001461C,1ZMLH8300204F0,1Z6PH74DAP0QN7,"Corona, CA",728.3,5.7,137.7,8.547347,2.013246,0,0,DJI Matrice 300 RTK,M300 RTK,1ZN7L4R0H1D00F,1W9DL31001461C,1ZMLH8300204F0,1Z6PH74DAP0QN7,DJI Pilot,Android,7.0.2,1EF72A62-B7C3-C88D-164E-CE6F8C8424AE,1ZN7L4R0H1D00F,1W9DL31001461C,,1ZMLH8300204F0,1W9DL31001461C,,,,,
2023-11-01,11:27:08.54 AM,2m 46.2s,166.2,33.8011488688208,-117.46876494579,97.4,97.4,18.7,1361,1152.9,5.59235,6.085134,1.565858,1.565858,-5.368656,1.342164,-0.447388,0,1.3,1.5,1.9,-73.3,286.7,285.7,Tripod,Other,,22,5,True,,True,False,,Smart,RC,False,True,False,,,True,,False,False,False,False,False,False,False,False,False,False,0,Follow Yaw,-88.9,0,-81.6,278.4,False,False,False,False,False,,0,0,False,False,No Card,100,100,1024,1341,1242,1107,2,False,False,False,False,False,0,False,False,False,False,91,,47.568,,4537,,4986,,47.568,,True,3.964,3.964,3.964,3.964,3.964,3.964,3.964,3.964,3.964,3.964,3.964,3.964,0,,False,False,True,,,,,,,,,,,,,,,False,False,9.412,,85.8,,75.7,,86.7,,1743,51,9,16,7,140791.3,18772.18,,Idle,,20,,10,,,20,Go Home,False,False,False,False,False,False,False,False,False,False,False,False,33.8027920380556,-117.4659261431046,1048.7,2972.0,1049.4,396.9,True,1,1,False,False,False,False,,True,False,False,Course Lock,196.8,67,16.4,93,E,S,7.6,7.6,Calm,False,False,Android,7.0.2,M300 RTK,1ZN7L4R0H1D00F,1W9DL31001461C,1ZMLH8300204F0,1Z6PH74DAP0QN7,"Corona, CA",728.3,5.7,137.7,8.547347,2.013246,0,0,DJI Matrice 300 RTK,M300 RTK,1ZN7L4R0H1D00F,1W9DL31001461C,1ZMLH8300204F0,1Z6PH74DAP0QN7,DJI Pilot,Android,7.0.2,1EF72A62-B7C3-C88D-164E-CE6F8C8424AE,1ZN7L4R0H1D00F,1W9DL31001461C,,1ZMLH8300204F0,1W9DL31001461C,,,,,
2023-11-01,11:27:08.64 AM,2m 46.3s,166.3,33.8011494532643,-117.4687673076215,97.4,97.4,18.7,1361,1153.7,5.59235,6.085134,1.565858,1.565858,-5.368656,1.342164,-0.447388,0,1.3,1.3,1.8,-73.2,286.8,286.5,Tripod,Other,,22,5,True,,True,False,,Smart,RC,False,True,False,,,True,,False,False,False,False,False,False,False,False,False,False,0,Follow Yaw,-88.9,0,-81.5,278.5,False,False,False,False,False,,0,0,False,False,No Card,100,100,1024,1342,1241,1090,2,False,False,False,False,False,0,False,False,False,False,91,,47.568,,4537,,4986,,47.568,,True,3.965,3.965,3.965,3.965,3.965,3.965,3.965,3.965,3.965,3.965,3.965,3.965,0,,False,False,True,,,,,,,,,,,,,,,False,False,9.412,,85.8,,75.7,,86.7,,1744,51,9,16,7,140981.0,18797.46,,Idle,,20,,10,,,20,Go Home,False,False,False,False,False,False,False,False,False,False,False,False,33.8027920380556,-117.4659261431046,1049.2,2972.0,1049.4,396.9,True,1,1,False,False,False,False,,True,False,False,Course Lock,196.8,67,16.4,93,E,S,7.6,7.6,Calm,False,False,Android,7.0.2,M300 RTK,1ZN7L4R0H1D00F,1W9DL31001461C,1ZMLH8300204F0,1Z6PH74DAP0QN7,"Corona, CA",728.3,5.7,137.7,8.547347,2.013246,0,0,DJI Matrice 300 RTK,M300 RTK,1ZN7L4R0H1D00F,1W9DL31001461C,1ZMLH8300204F0,1Z6PH74DAP0QN7,DJI Pilot,Android,7.0.2,1EF72A62-B7C3-C88D-164E-CE6F8C8424AE,1ZN7L4R0H1D00F,1W9DL31001461C,,1ZMLH8300204F0,1W9DL31001461C,,,,,
2023-11-01,11:27:08.74 AM,2m 46.4s,166.4,33.8011500579932,-117.4687699201502,97.7,97.7,18.7,1362,1154.5,5.533883,6.085134,1.342164,1.565858,-5.368656,1.342164,-0.447388,0,1.1,1.6,1.9,-73.1,286.9,285.5,Tripod,Other,,22,5,True,,True,False,,Smart,RC,False,True,False,,,True,,False,False,False,False,False,False,False,False,False,False,0,Follow Yaw,-88.9,0,-81.4,278.6,False,False,False,False,False,,0,0,False,False,No Card,100,100,1024,1337,1250,1059,2,False,False,False,False,False,0,False,False,False,False,91,,47.568,,4537,,4986,,47.568,,True,3.965,3.965,3.965,3.965,3.965,3.965,3.965,3.965,3.965,3.965,3.965,3.965,0,,False,False,True,,,,,,,,,,,,,,,False,False,9.412,,85.8,,75.7,,86.7,,1744,51,9,16,7,140981.0,18797.46,,Idle,,20,,10,,,20,Go Home,False,False,False,False,False,False,False,False,False,False,False,False,33.8027920380556,-117.4659261431046,1049.7,2972.0,1049.4,396.9,True,1,1,False,False,False,False,,True,False,False,Course Lock,196.8,67,16.4,93,E,S,7.6,7.6,Calm,False,False,Android,7.0.2,M300 RTK,1ZN7L4R0H1D00F,1W9DL31001461C,1ZMLH8300204F0,1Z6PH74DAP0QN7,"Corona, CA",728.3,5.7,137.7,8.547347,2.013246,0,0,DJI Matrice 300 RTK,M300 RTK,1ZN7L4R0H1D00F,1W9DL31001461C,1ZMLH8300204F0,1Z6PH74DAP0QN7,DJI Pilot,Android,7.0.2,1EF72A62-B7C3-C88D-164E-CE6F8C8424AE,1ZN7L4R0H1D00F,1W9DL31001461C,,1ZMLH8300204F0,1W9DL31001461C,,,,,
2023-11-01,11:27:08.84 AM,2m 46.5s,166.5,33.8011508529678,-117.4687728948704,97.7,97.7,18.7,1362,1155.4,5.533883,6.085134,1.342164,1.565858,-5.368656,1.342164,-0.447388,0,1,1.9,2.1,-73,287,287.8,Tripod,Other,,22,5,True,,True,False,,Smart,RC,False,True,False,,,True,,False,False,False,False,False,False,False,False,False,False,0,Follow Yaw,-88.9,0,-81.3,278.7,False,False,False,False,False,,0,0,False,False,No Card,100,100,1024,1339,1261,1024,2,False,False,False,False,False,0,False,False,False,False,91,,47.568,,4537,,4986,,47.568,,True,3.965,3.965,3.965,3.965,3.965,3.965,3.965,3.965,3.965,3.965,3.965,3.965,0,,False,False,True,,,,,,,,,,,,,,,False,False,9.412,,85.8,,75.7,,86.7,,1744,51,9,16,7,140981.0,18797.46,,Idle,,20,,10,,,20,Go Home,False,False,False,False,False,False,False,False,False,False,False,False,33.8027920380556,-117.4659261431046,1050.3,2972.0,1049.4,396.9,True,1,1,False,False,False,False,,True,False,False,Course Lock,196.8,67,16.4,93,E,S,7.6,7.6,Calm,False,False,Android,7.0.2,M300 RTK,1ZN7L4R0H1D00F,1W9DL31001461C,1ZMLH8300204F0,1Z6PH74DAP0QN7,"Corona, CA",728.3,5.7,137.7,8.547347,2.013246,0,0,DJI Matrice 300 RTK,M300 RTK,1ZN7L4R0H1D00F,1W9DL31001461C,1ZMLH8300204F0,1Z6PH74DAP0QN7,DJI Pilot,Android,7.0.2,1EF72A62-B7C3-C88D-164E-CE6F8C8424AE,1ZN7L4R0H1D00F,1W9DL31001461C,,1ZMLH8300204F0,1W9DL31001461C,,,,,
2023-11-01,11:27:08.94 AM,2m 46.6s,166.6,33.8011514785306,-117.4687755463231,97.7,97.7,18.7,1362,1156.3,5.59235,6.085134,1.565858,1.565858,-5.368656,1.342164,-0.447388,0,0.9,2,2.1,-72.9,287.1,285.8,Tripod,Other,,22,5,True,,True,False,,Smart,RC,False,True,False,,,True,,False,False,False,False,False,False,False,False,False,False,0,Follow Yaw,-88.9,0,-81.3,278.7,False,False,False,False,False,,0,0,False,False,No Card,100,100,1024,1343,1264,1024,2,False,False,False,False,False,0,False,False,False,False,91,,47.568,,4537,,4986,,47.568,,True,3.965,3.965,3.965,3.965,3.965,3.965,3.965,3.965,3.965,3.965,3.965,3.965,0,,False,False,True,,,,,,,,,,,,,,,False,False,9.412,,85.8,,75.7,,86.7,,1744,51,9,16,7,140981.0,18797.46,,Idle,,20,,10,,,20,Go Home,False,False,False,False,False,False,False,False,False,False,False,False,33.8027920380556,-117.4659261431046,1050.8,2972.0,1049.4,396.9,True,1,1,False,False,False,False,,True,False,False,Course Lock,196.8,67,16.4,93,E,S,7.6,7.6,Calm,False,False,Android,7.0.2,M300 RTK,1ZN7L4R0H1D00F,1W9DL31001461C,1ZMLH8300204F0,1Z6PH74DAP0QN7,"Corona, CA",728.3,5.7,137.7,8.547347,2.013246,0,0,DJI Matrice 300 RTK,M300 RTK,1ZN7L4R0H1D00F,1W9DL31001461C,1ZMLH8300204F0,1Z6PH74DAP0QN7,DJI Pilot,Android,7.0.2,1EF72A62-B7C3-C88D-164E-CE6F8C8424AE,1ZN7L4R0H1D00F,1W9DL31001461C,,1ZMLH8300204F0,1W9DL31001461C,,,,,
2023-11-01,11:27:09.04 AM,2m 46.7s,166.7,33.8011518793075,-117.4687782538528,97.7,97.7,18.7,1362,1157.1,5.59235,6.085134,1.565858,1.565858,-5.368656,1.342164,-0.223694,0,0.9,1.9,2.1,-72.9,287.1,280.1,Tripod,Other,,22,5,True,,True,False,,Smart,RC,False,True,False,,,True,,False,False,False,False,False,False,False,False,False,False,0,Follow Yaw,-88.9,0,-81.3,278.7,False,False,False,False,False,,0,0,False,False,No Card,100,100,1024,1340,1266,1024,2,False,False,False,False,False,0,False,False,False,False,91,,47.568,,4537,,4986,,47.568,,True,3.965,3.965,3.965,3.965,3.965,3.965,3.965,3.965,3.965,3.965,3.965,3.965,0,,False,False,True,,,,,,,,,,,,,,,False,False,9.412,,85.8,,75.7,,86.7,,1744,51,9,16,7,140981.0,18797.46,,Idle,,20,,10,,,20,Go Home,False,False,False,False,False,False,False,False,False,False,False,False,33.8027920380556,-117.4659261431046,1051.4,2972.0,1049.4,396.9,True,1,1,False,False,False,False,,True,False,False,Course Lock,196.8,67,16.4,93,E,S,7.6,7.6,Calm,False,False,Android,7.0.2,M300 RTK,1ZN7L4R0H1D00F,1W9DL31001461C,1ZMLH8300204F0,1Z6PH74DAP0QN7,"Corona, CA",728.3,5.7,137.7,8.547347,2.013246,0,0,DJI Matrice 300 RTK,M300 RTK,1ZN7L4R0H1D00F,1W9DL31001461C,1ZMLH8300204F0,1Z6PH74DAP0QN7,DJI Pilot,Android,7.0.2,1EF72A62-B7C3-C88D-164E-CE6F8C8424AE,1ZN7L4R0H1D00F,1W9DL31001461C,,1ZMLH8300204F0,1W9DL31001461C,,,,,
2023-11-01,11:27:09.14 AM,2m 46.8s,166.8,33.8011524966464,-117.4687809191598,97.7,97.7,19.0,1362,1157.9,5.59235,6.085134,1.565858,1.565858,-5.368656,1.342164,-0.223694,0,1.1,1.9,2.1,-72.9,287.1,285.5,Tripod,Other,,22,5,True,,True,False,,Smart,RC,False,True,False,,,True,,False,False,False,False,False,False,False,False,False,False,0,Follow Yaw,-88.9,0,-81.3,278.7,False,False,False,False,False,,0,0,False,False,No Card,100,100,1024,1339,1267,1024,2,False,False,False,False,False,0,False,False,False,False,91,,47.568,,4537,,4986,,47.568,,True,3.965,3.965,3.965,3.965,3.965,3.965,3.965,3.965,3.965,3.965,3.965,3.965,0,,False,False,True,,,,,,,,,,,,,,,False,False,9.412,,85.8,,75.7,,86.7,,1744,51,9,16,7,140981.0,18797.46,,Idle,,20,,10,,,20,Go Home,False,False,False,False,False,False,False,False,False,False,False,False,33.8027920380556,-117.4659261431046,1051.9,2972.0,1049.4,396.9,True,1,1,False,False,False,False,,True,False,False,Course Lock,196.8,67,16.4,93,E,S,7.6,7.6,Calm,False,False,Android,7.0.2,M300 RTK,1ZN7L4R0H1D00F,1W9DL31001461C,1ZMLH8300204F0,1Z6PH74DAP0QN7,"Corona, CA",728.3,5.7,137.7,8.547347,2.013246,0,0,DJI Matrice 300 RTK,M300 RTK,1ZN7L4R0H1D00F,1W9DL31001461C,1ZMLH8300204F0,1Z6PH74DAP0QN7,DJI Pilot,Android,7.0.2,1EF72A62-B7C3-C88D-164E-CE6F8C8424AE,1ZN7L4R0H1D00F,1W9DL31001461C,,1ZMLH8300204F0,1W9DL31001461C,,,,,
2023-11-01,11:27:09.24 AM,2m 46.9s,166.9,33.8011532883315,-117.4687836148144,97.7,97.7,18.7,1362,1158.8,5.59235,6.085134,1.565858,1.565858,-5.368656,1.342164,-0.223694,0,1.1,1.9,2.1,-72.9,287.1,289.4,Tripod,Other,,22,5,True,,True,False,,Smart,RC,False,True,False,,,True,,False,False,False,False,False,False,False,False,False,False,0,Follow Yaw,-88.9,0,-81.3,278.7,False,False,False,False,False,,0,0,False,False,No Card,100,100,1024,1339,1269,1024,2,False,False,False,False,False,0,False,False,False,False,91,,47.568,,4537,,4986,,47.568,,True,3.965,3.965,3.965,3.965,3.965,3.965,3.965,3.965,3.965,3.965,3.965,3.965,0,,False,False,True,,,,,,,,,,,,,,,False,False,9.412,,85.8,,75.7,,86.7,,1744,51,9,16,7,140981.0,18797.46,,Idle,,20,,10,,,20,Go Home,False,False,False,False,False,False,False,False,False,False,False,False,33.8027920380556,-117.4659261431046,1052.5,2972.0,1049.4,396.9,True,1,1,False,False,False,False,,True,False,False,Course Lock,196.8,67,16.4,93,E,S,7.6,7.6,Calm,False,False,Android,7.0.2,M300 RTK,1ZN7L4R0H1D00F,1W9DL31001461C,1ZMLH8300204F0,1Z6PH74DAP0QN7,"Corona, CA",728.3,5.7,137.7,8.547347,2.013246,0,0,DJI Matrice 300 RTK,M300 RTK,1ZN7L4R0H1D00F,1W9DL31001461C,1ZMLH8300204F0,1Z6PH74DAP0QN7,DJI Pilot,Android,7.0.2,1EF72A62-B7C3-C88D-164E-CE6F8C8424AE,1ZN7L4R0H1D00F,1W9DL31001461C,,1ZMLH8300204F0,1W9DL31001461C,,,,,
2023-11-01,11:27:09.34 AM,2m 47.0s,167.0,33.8011539336316,-117.4687862827604,98.0,98.0,19.0,1362,1159.7,5.59235,6.085134,1.565858,1.565858,-5.368656,1.342164,-0.223694,0,1,1.8,2,-72.9,287.1,286.2,Tripod,Other,,22,5,True,,True,False,,Smart,RC,False,True,False,,,True,,False,False,False,False,False,False,False,False,False,False,0,Follow Yaw,-88.9,0,-81.3,278.7,False,False,False,False,False,,0,0,False,False,No Card,100,100,1024,1340,1269,1024,2,False,False,False,False,False,0,False,False,False,False,91,,47.568,,9139,,10044,,47.568,,True,3.965,3.965,3.965,3.965,3.965,3.965,3.965,3.965,3.965,3.965,3.965,3.965,0,,False,False,True,,,,,,,,,,,,,,,False,False,19.196,,86.9,,75.7,,86.9,,1744,51,9,16,7,140981.0,18797.46,,Idle,,20,,10,,,20,Go Home,False,False,False,False,False,False,False,False,False,False,False,False,33.8027920380556,-117.4659261431046,1053.0,2972.0,1049.4,396.9,True,1,1,False,False,False,False,,True,False,False,Course Lock,196.8,67,16.4,93,E,S,7.6,7.6,Calm,False,False,Android,7.0.2,M300 RTK,1ZN7L4R0H1D00F,1W9DL31001461C,1ZMLH8300204F0,1Z6PH74DAP0QN7,"Corona, CA",728.3,5.7,137.7,8.547347,2.013246,0,0,DJI Matrice 300 RTK,M300 RTK,1ZN7L4R0H1D00F,1W9DL31001461C,1ZMLH8300204F0,1Z6PH74DAP0QN7,DJI Pilot,Android,7.0.2,1EF72A62-B7C3-C88D-164E-CE6F8C8424AE,1ZN7L4R0H1D00F,1W9DL31001461C,,1ZMLH8300204F0,1W9DL31001461C,,,,,
2023-11-01,11:27:09.44 AM,2m 47.1s,167.1,33.8011545191715,-117.4687889361923,98.0,98.0,19.0,1362,1160.5,5.59235,6.085134,1.565858,1.565858,-5.368656,1.342164,-0.447388,0,1.1,1.6,1.9,-72.9,287.1,284.8,Tripod,Other,,22,5,True,,True,False,,Smart,RC,False,True,False,,,True,,False,False,False,False,False,False,False,False,False,False,0,Follow Yaw,-88.9,0,-81.3,278.7,False,False,False,False,False,,0,0,False,False,No Card,100,100,1024,1340,1271,1024,2,False,False,False,False,False,0,False,False,False,False,91,,47.568,,9139,,10044,,47.568,,True,3.965,3.965,3.965,3.965,3.965,3.965,3.965,3.965,3.965,3.965,3.965,3.965,0,,False,False,True,,,,,,,,,,,,,,,False,False,19.196,,86.9,,75.7,,86.9,,1744,51,9,16,7,140981.0,18797.46,,Idle,,20,,10,,,20,Go Home,False,False,False,False,False,False,False,False,False,False,False,False,33.8027920380556,-117.4659261431046,1053.5,2972.0,1049.4,396.9,True,1,1,False,False,False,False,,True,False,False,Course Lock,196.8,67,16.4,93,E,S,7.6,7.6,Calm,False,False,Android,7.0.2,M300 RTK,1ZN7L4R0H1D00F,1W9DL31001461C,1ZMLH8300204F0,1Z6PH74DAP0QN7,"Corona, CA",728.3,5.7,137.7,8.547347,2.013246,0,0,DJI Matrice 300 RTK,M300 RTK,1ZN7L4R0H1D00F,1W9DL31001461C,1ZMLH8300204F0,1Z6PH74DAP0QN7,DJI Pilot,Android,7.0.2,1EF72A62-B7C3-C88D-164E-CE6F8C8424AE,1ZN7L4R0H1D00F,1W9DL31001461C,,1ZMLH8300204F0,1W9DL31001461C,,,,,
2023-11-01,11:27:09.54 AM,2m 47.2s,167.2,33.8011551666646,-117.4687916160134,98.0,98.0,18.7,1362,1161.3,5.59235,6.085134,1.565858,1.565858,-5.368656,1.342164,-0.447388,0,1.1,1.3,1.7,-72.8,287.2,286.2,Tripod,Other,,22,5,True,,True,False,,Smart,RC,False,True,False,,,True,,False,False,False,False,False,False,False,False,False,False,0,Follow Yaw,-88.9,0,-81.3,278.7,False,False,False,False,False,,0,0,False,False,No Card,100,100,1024,1340,1270,1024,2,False,False,False,False,False,0,False,False,False,False,91,,47.568,,9139,,10044,,47.568,,True,3.965,3.965,3.965,3.965,3.965,3.965,3.965,3.965,3.965,3.965,3.965,3.965,0,,False,False,True,,,,,,,,,,,,,,,False,False,19.196,,86.9,,75.7,,86.9,,1744,51,9,16,7,140981.0,18797.46,,Idle,,20,,10,,,20,Go Home,False,False,False,False,False,False,False,False,False,False,False,False,33.8027920380556,-117.4659261431046,1054.1,2972.0,1049.4,396.9,True,1,1,False,False,False,False,,True,False,False,Course Lock,196.8,67,16.4,93,E,S,7.6,7.6,Calm,False,False,Android,7.0.2,M300 RTK,1ZN7L4R0H1D00F,1W9DL31001461C,1ZMLH8300204F0,1Z6PH74DAP0QN7,"Corona, CA",728.3,5.7,137.7,8.547347,2.013246,0,0,DJI Matrice 300 RTK,M300 RTK,1ZN7L4R0H1D00F,1W9DL31001461C,1ZMLH8300204F0,1Z6PH74DAP0QN7,DJI Pilot,Android,7.0.2,1EF72A62-B7C3-C88D-164E-CE6F8C8424AE,1ZN7L4R0H1D00F,1W9DL31001461C,,1ZMLH8300204F0,1W9DL31001461C,,,,,
2023-11-01,11:27:09.64 AM,2m 47.3s,167.3,33.8011558130612,-117.4687943743423,98.0,98.0,18.7,1362,1162.2,5.59235,6.085134,1.565858,1.565858,-5.368656,1.342164,-0.447388,0,1.2,1.4,1.8,-72.8,287.2,285.7,Tripod,Other,,22,5,True,,True,False,,Smart,RC,False,True,False,,,True,,False,False,False,False,False,False,False,False,False,False,0,Follow Yaw,-88.9,0,-81.3,278.7,False,False,False,False,False,,0,0,False,False,No Card,100,100,1024,1337,1273,1024,2,False,False,False,False,False,0,False,False,False,False,91,,47.568,,9139,,10044,,47.568,,True,3.965,3.965,3.965,3.965,3.965,3.965,3.965,3.965,3.965,3.965,3.965,3.965,0,,False,False,True,,,,,,,,,,,,,,,False,False,19.196,,86.9,,75.7,,86.9,,1744,51,9,17,7,141375.0,18850.00,,Idle,,20,,10,,,20,Go Home,False,False,False,False,False,False,False,False,False,False,False,False,33.8027920380556,-117.4659261431046,1054.6,2972.0,1049.4,396.9,True,1,1,False,False,False,False,,True,False,False,Course Lock,196.8,67,16.4,93,E,S,7.6,7.6,Calm,False,False,Android,7.0.2,M300 RTK,1ZN7L4R0H1D00F,1W9DL31001461C,1ZMLH8300204F0,1Z6PH74DAP0QN7,"Corona, CA",728.3,5.7,137.7,8.547347,2.013246,0,0,DJI Matrice 300 RTK,M300 RTK,1ZN7L4R0H1D00F,1W9DL31001461C,1ZMLH8300204F0,1Z6PH74DAP0QN7,DJI Pilot,Android,7.0.2,1EF72A62-B7C3-C88D-164E-CE6F8C8424AE,1ZN7L4R0H1D00F,1W9DL31001461C,,1ZMLH8300204F0,1W9DL31001461C,,,,,
2023-11-01,11:27:09.74 AM,2m 47.4s,167.4,33.8011564452031,-117.4687970798928,98.4,98.4,18.7,1362,1163.1,5.59235,6.085134,1.565858,1.565858,-5.368656,1.342164,-0.447388,0,1.2,1.5,1.9,-72.7,287.3,285.7,Tripod,Other,,22,5,True,,True,False,,Smart,RC,False,True,False,,,True,,False,False,False,False,False,False,False,False,False,False,0,Follow Yaw,-88.9,0,-81.3,278.7,False,False,False,False,False,,0,0,False,False,No Card,100,100,1024,1339,1239,1024,2,False,False,False,False,False,0,False,False,False,False,91,,47.568,,9139,,10044,,47.568,,True,3.965,3.965,3.965,3.965,3.965,3.965,3.965,3.965,3.965,3.965,3.965,3.965,0,,False,False,True,,,,,,,,,,,,,,,False,False,19.196,,86.9,,75.7,,86.9,,1744,51,9,17,7,141375.0,18850.00,,Idle,,20,,10,,,20,Go Home,False,False,False,False,False,False,False,False,False,False,False,False,33.8027920380556,-117.4659261431046,1055.2,2972.0,1049.4,396.9,True,1,1,False,False,False,False,,True,False,False,Course Lock,196.8,67,16.4,93,E,S,7.6,7.6,Calm,False,False,Android,7.0.2,M300 RTK,1ZN7L4R0H1D00F,1W9DL31001461C,1ZMLH8300204F0,1Z6PH74DAP0QN7,"Corona, CA",728.3,5.7,137.7,8.547347,2.013246,0,0,DJI Matrice 300 RTK,M300 RTK,1ZN7L4R0H1D00F,1W9DL31001461C,1ZMLH8300204F0,1Z6PH74DAP0QN7,DJI Pilot,Android,7.0.2,1EF72A62-B7C3-C88D-164E-CE6F8C8424AE,1ZN7L4R0H1D00F,1W9DL31001461C,,1ZMLH8300204F0,1W9DL31001461C,,,,,
2023-11-01,11:27:09.84 AM,2m 47.5s,167.5,33.8011571053062,-117.4687997062758,98.4,98.4,18.7,1362,1163.9,5.59235,6.085134,1.565858,1.565858,-5.368656,1.342164,-0.447388,0,1.1,1.7,2,-72.8,287.2,286.8,Tripod,Other,,22,5,True,,True,False,,Smart,RC,False,True,False,,,True,,False,False,False,False,False,False,False,False,False,False,0,Follow Yaw,-88.9,0,-81.3,278.7,False,False,False,False,False,,0,0,False,False,No Card,100,100,1024,1340,1231,1045,2,False,False,False,False,False,0,False,False,False,False,91,,47.568,,9139,,10044,,47.568,,True,3.965,3.965,3.965,3.965,3.965,3.965,3.965,3.965,3.965,3.965,3.965,3.965,0,,False,False,True,,,,,,,,,,,,,,,False,False,19.196,,86.9,,75.7,,86.9,,1744,51,9,17,7,141375.0,18850.00,,Idle,,20,,10,,,20,Go Home,False,False,False,False,False,False,False,False,False,False,False,False,33.8027920380556,-117.4659261431046,1055.7,2972.0,1049.4,396.9,True,1,1,False,False,False,False,,True,False,False,Course Lock,196.8,67,16.4,93,E,S,7.6,7.6,Calm,False,False,Android,7.0.2,M300 RTK,1ZN7L4R0H1D00F,1W9DL31001461C,1ZMLH8300204F0,1Z6PH74DAP0QN7,"Corona, CA",728.3,5.7,137.7,8.547347,2.013246,0,0,DJI Matrice 300 RTK,M300 RTK,1ZN7L4R0H1D00F,1W9DL31001461C,1ZMLH8300204F0,1Z6PH74DAP0QN7,DJI Pilot,Android,7.0.2,1EF72A62-B7C3-C88D-164E-CE6F8C8424AE,1ZN7L4R0H1D00F,1W9DL31001461C,,1ZMLH8300204F0,1W9DL31001461C,,,,,
2023-11-01,11:27:09.94 AM,2m 47.6s,167.6,33.801157730869,-117.4688024118263,98.4,98.4,19.0,1362,1164.7,5.59235,6.085134,1.565858,1.565858,-5.368656,1.342164,-0.447388,0,1.1,1.8,2.1,-72.8,287.2,285.5,Tripod,Other,,22,5,True,,True,False,,Smart,RC,False,True,False,,,True,,False,False,False,False,False,False,False,False,False,False,0,Follow Yaw,-88.9,0,-81.3,278.7,False,False,False,False,False,,0,0,False,False,No Card,100,100,1024,1339,1230,1049,2,False,False,False,False,False,0,False,False,False,False,91,,47.568,,9139,,10044,,47.568,,True,3.965,3.965,3.965,3.965,3.965,3.965,3.965,3.965,3.965,3.965,3.965,3.965,0,,False,False,True,,,,,,,,,,,,,,,False,False,19.196,,86.9,,75.7,,86.9,,1744,51,9,17,7,141375.0,18850.00,,Idle,,20,,10,,,20,Go Home,False,False,False,False,False,False,False,False,False,False,False,False,33.8027920380556,-117.4659261431046,1056.2,2972.0,1049.4,396.9,True,1,1,False,False,False,False,,True,False,False,Course Lock,196.8,67,16.4,93,E,S,7.6,7.6,Calm,False,False,Android,7.0.2,M300 RTK,1ZN7L4R0H1D00F,1W9DL31001461C,1ZMLH8300204F0,1Z6PH74DAP0QN7,"Corona, CA",728.3,5.7,137.7,8.547347,2.013246,0,0,DJI Matrice 300 RTK,M300 RTK,1ZN7L4R0H1D00F,1W9DL31001461C,1ZMLH8300204F0,1Z6PH74DAP0QN7,DJI Pilot,Android,7.0.2,1EF72A62-B7C3-C88D-164E-CE6F8C8424AE,1ZN7L4R0H1D00F,1W9DL31001461C,,1ZMLH8300204F0,1W9DL31001461C,,,,,
2023-11-01,11:27:10.02 AM,2m 47.7s,167.7,33.801158435381,-117.4688052282114,98.4,98.4,19.0,1362,1165.6,5.59235,6.085134,1.565858,1.565858,-5.368656,1.342164,-0.447388,0,1.1,1.9,2.1,-72.9,287.1,286.7,Tripod,Other,,22,5,True,,True,False,,Smart,RC,False,True,False,,,True,,False,False,False,False,False,False,False,False,False,False,0,Follow Yaw,-88.9,0,-81.2,278.8,False,False,False,False,False,,0,0,False,False,No Card,100,100,1024,1339,1230,1048,2,False,False,False,False,False,0,False,False,False,False,91,,47.508,,4537,,4986,,47.508,,True,3.965,3.965,3.965,3.965,3.965,3.965,3.965,3.965,3.965,3.965,3.965,3.965,0,,False,False,True,,,,,,,,,,,,,,,False,False,9.436,,86.0,,75.7,,86.9,,1744,51,9,17,7,141375.0,18850.00,,Idle,,20,,10,,,20,Go Home,False,False,False,False,False,False,False,False,False,False,False,False,33.8027920380556,-117.4659261431046,1056.8,2972.0,1049.4,396.9,True,1,1,False,False,False,False,,True,False,False,Course Lock,196.8,67,16.4,93,E,S,7.6,7.6,Calm,False,False,Android,7.0.2,M300 RTK,1ZN7L4R0H1D00F,1W9DL31001461C,1ZMLH8300204F0,1Z6PH74DAP0QN7,"Corona, CA",728.3,5.7,137.7,8.547347,2.013246,0,0,DJI Matrice 300 RTK,M300 RTK,1ZN7L4R0H1D00F,1W9DL31001461C,1ZMLH8300204F0,1Z6PH74DAP0QN7,DJI Pilot,Android,7.0.2,1EF72A62-B7C3-C88D-164E-CE6F8C8424AE,1ZN7L4R0H1D00F,1W9DL31001461C,,1ZMLH8300204F0,1W9DL31001461C,,,,,
2023-11-01,11:27:10.12 AM,2m 47.8s,167.8,33.8011590724572,-117.4688079601512,98.4,98.4,19.0,1362,1166.5,5.59235,6.085134,1.565858,1.565858,-5.368656,1.342164,-0.447388,0,1.2,1.9,2.2,-73,287,285.6,Tripod,Other,,22,5,True,,True,False,,Smart,RC,False,True,False,,,True,,False,False,False,False,False,False,False,False,False,False,0,Follow Yaw,-88.9,0,-81.2,278.8,False,False,False,False,False,,0,0,False,False,No Card,100,100,1024,1340,1233,1033,2,False,False,False,False,False,0,False,False,False,False,91,,47.508,,4537,,4986,,47.508,,True,3.965,3.965,3.965,3.965,3.965,3.965,3.965,3.965,3.965,3.965,3.965,3.965,0,,False,False,True,,,,,,,,,,,,,,,False,False,9.436,,86.0,,75.7,,86.9,,1744,51,9,17,7,141375.0,18850.00,,Idle,,20,,10,,,20,Go Home,False,False,False,False,False,False,False,False,False,False,False,False,33.8027920380556,-117.4659261431046,1057.3,2972.0,1049.4,396.9,True,1,1,False,False,False,False,,True,False,False,Course Lock,196.8,67,16.4,93,E,S,7.6,7.6,Calm,False,False,Android,7.0.2,M300 RTK,1ZN7L4R0H1D00F,1W9DL31001461C,1ZMLH8300204F0,1Z6PH74DAP0QN7,"Corona, CA",728.3,5.7,137.7,8.547347,2.013246,0,0,DJI Matrice 300 RTK,M300 RTK,1ZN7L4R0H1D00F,1W9DL31001461C,1ZMLH8300204F0,1Z6PH74DAP0QN7,DJI Pilot,Android,7.0.2,1EF72A62-B7C3-C88D-164E-CE6F8C8424AE,1ZN7L4R0H1D00F,1W9DL31001461C,,1ZMLH8300204F0,1W9DL31001461C,,,,,
2023-11-01,11:27:10.24 AM,2m 47.9s,167.9,33.8011597681971,-117.4688108326132,98.7,98.7,19.0,1363,1167.4,5.59235,6.085134,1.565858,1.565858,-5.368656,1.342164,-0.223694,0,1.3,1.9,2.3,-73.1,286.9,286.2,Tripod,Other,,22,5,True,,True,False,,Smart,RC,False,True,False,,,True,,False,False,False,False,False,False,False,False,False,False,0,Follow Yaw,-88.9,0,-81.2,278.8,False,False,False,False,False,,0,0,False,False,No Card,100,100,1024,1339,1252,1024,2,False,False,False,False,False,0,False,False,False,False,91,,47.508,,4537,,4986,,47.508,,True,3.965,3.965,3.965,3.965,3.965,3.965,3.965,3.965,3.965,3.965,3.965,3.965,0,,False,False,True,,,,,,,,,,,,,,,False,False,9.436,,86.0,,75.7,,86.9,,1744,51,9,17,7,141375.0,18850.00,,Idle,,20,,10,,,20,Go Home,False,False,False,False,False,False,False,False,False,False,False,False,33.8027920380556,-117.4659261431046,1057.9,2972.0,1049.4,396.9,True,1,1,False,False,False,False,,True,False,False,Course Lock,196.8,67,16.4,93,E,S,7.6,7.6,Calm,False,False,Android,7.0.2,M300 RTK,1ZN7L4R0H1D00F,1W9DL31001461C,1ZMLH8300204F0,1Z6PH74DAP0QN7,"Corona, CA",728.3,5.7,137.7,8.547347,2.013246,0,0,DJI Matrice 300 RTK,M300 RTK,1ZN7L4R0H1D00F,1W9DL31001461C,1ZMLH8300204F0,1Z6PH74DAP0QN7,DJI Pilot,Android,7.0.2,1EF72A62-B7C3-C88D-164E-CE6F8C8424AE,1ZN7L4R0H1D00F,1W9DL31001461C,,1ZMLH8300204F0,1W9DL31001461C,,,,,
2023-11-01,11:27:10.34 AM,2m 48.0s,168.0,33.8011604151419,-117.4688135902824,98.7,98.7,18.7,1363,1168.3,5.59235,6.085134,1.565858,1.565858,-5.368656,1.342164,-0.223694,0,1.5,1.8,2.3,-73.1,286.9,285.7,Tripod,Other,,22,5,True,,True,False,,Smart,RC,False,True,False,,,True,,False,False,False,False,False,False,False,False,False,False,0,Follow Yaw,-88.9,0,-81.2,278.8,False,False,False,False,False,,0,0,False,False,No Card,100,100,1024,1339,1252,1024,2,False,False,False,False,False,0,False,False,False,False,91,,47.568,,9139,,10044,,47.568,,True,3.965,3.965,3.965,3.965,3.965,3.965,3.965,3.965,3.965,3.965,3.965,3.965,0,,False,False,True,,,,,,,,,,,,,,,False,False,19.182,,86.9,,75.7,,86.9,,1744,51,9,17,7,141375.0,18850.00,,Idle,,20,,10,,,20,Go Home,False,False,False,False,False,False,False,False,False,False,False,False,33.8027920380556,-117.4659261431046,1058.5,2972.0,1049.4,396.9,True,1,1,False,False,False,False,,True,False,False,Course Lock,196.8,67,16.4,93,E,S,7.6,7.6,Calm,False,False,Android,7.0.2,M300 RTK,1ZN7L4R0H1D00F,1W9DL31001461C,1ZMLH8300204F0,1Z6PH74DAP0QN7,"Corona, CA",728.3,5.7,137.7,8.547347,2.013246,0,0,DJI Matrice 300 RTK,M300 RTK,1ZN7L4R0H1D00F,1W9DL31001461C,1ZMLH8300204F0,1Z6PH74DAP0QN7,DJI Pilot,Android,7.0.2,1EF72A62-B7C3-C88D-164E-CE6F8C8424AE,1ZN7L4R0H1D00F,1W9DL31001461C,,1ZMLH8300204F0,1W9DL31001461C,,,,,
2023-11-01,11:27:10.43 AM,2m 48.1s,168.1,33.8011610357704,-117.4688158795436,98.7,98.7,18.7,1363,1169.0,5.59235,6.085134,1.565858,1.565858,-5.368656,1.342164,-0.223694,0,1.7,1.8,2.4,-73.2,286.8,288.0,Tripod,Other,,22,5,True,,True,False,,Smart,RC,False,True,False,,,True,,False,False,False,False,False,False,False,False,False,False,0,Follow Yaw,-88.9,0,-81.2,278.8,False,False,False,False,False,,0,0,False,False,No Card,100,100,1024,1339,1250,1024,2,False,False,False,False,False,0,False,False,False,False,91,,47.568,,9139,,10044,,47.568,,True,3.965,3.965,3.965,3.965,3.965,3.965,3.965,3.965,3.965,3.965,3.965,3.965,0,,False,False,True,,,,,,,,,,,,,,,False,False,19.182,,86.9,,75.7,,86.9,,1744,51,9,17,7,141375.0,18850.00,,Idle,,20,,10,,,20,Go Home,False,False,False,False,False,False,False,False,False,False,False,False,33.8027920380556,-117.4659261431046,1058.9,2972.0,1049.4,396.9,True,1,1,False,False,False,False,,True,False,False,Course Lock,196.8,67,16.4,93,E,S,7.6,7.6,Calm,False,False,Android,7.0.2,M300 RTK,1ZN7L4R0H1D00F,1W9DL31001461C,1ZMLH8300204F0,1Z6PH74DAP0QN7,"Corona, CA",728.3,5.7,137.7,8.547347,2.013246,0,0,DJI Matrice 300 RTK,M300 RTK,1ZN7L4R0H1D00F,1W9DL31001461C,1ZMLH8300204F0,1Z6PH74DAP0QN7,DJI Pilot,Android,7.0.2,1EF72A62-B7C3-C88D-164E-CE6F8C8424AE,1ZN7L4R0H1D00F,1W9DL31001461C,,1ZMLH8300204F0,1W9DL31001461C,,,,,
2023-11-01,11:27:10.54 AM,2m 48.2s,168.2,33.8011616827153,-117.4688185969692,98.7,98.7,18.7,1363,1169.9,5.59235,6.085134,1.565858,1.565858,-5.368656,1.342164,-0.223694,0,1.8,1.8,2.5,-73.2,286.8,285.9,Tripod,Other,,22,5,True,,True,False,,Smart,RC,False,True,False,,,True,,False,False,False,False,False,False,False,False,False,False,0,Follow Yaw,-88.9,0,-81.2,278.8,False,False,False,False,False,,0,0,False,False,No Card,100,100,1024,1338,1251,1024,2,False,False,False,False,False,0,False,False,False,False,91,,47.568,,9139,,10044,,47.568,,True,3.965,3.965,3.965,3.965,3.965,3.965,3.965,3.965,3.965,3.965,3.965,3.965,0,,False,False,True,,,,,,,,,,,,,,,False,False,19.182,,86.9,,75.7,,86.9,,1744,51,9,17,7,141375.0,18850.00,,Idle,,20,,10,,,20,Go Home,False,False,False,False,False,False,False,False,False,False,False,False,33.8027920380556,-117.4659261431046,1059.5,2972.0,1049.4,396.9,True,1,1,False,False,False,False,,True,False,False,Course Lock,196.8,67,16.4,93,E,S,7.6,7.6,Calm,False,False,Android,7.0.2,M300 RTK,1ZN7L4R0H1D00F,1W9DL31001461C,1ZMLH8300204F0,1Z6PH74DAP0QN7,"Corona, CA",728.3,5.7,137.7,8.547347,2.013246,0,0,DJI Matrice 300 RTK,M300 RTK,1ZN7L4R0H1D00F,1W9DL31001461C,1ZMLH8300204F0,1Z6PH74DAP0QN7,DJI Pilot,Android,7.0.2,1EF72A62-B7C3-C88D-164E-CE6F8C8424AE,1ZN7L4R0H1D00F,1W9DL31001461C,,1ZMLH8300204F0,1W9DL31001461C,,,,,
2023-11-01,11:27:10.64 AM,2m 48.3s,168.3,33.8011624009337,-117.4688216356832,98.7,98.7,18.7,1363,1170.8,5.59235,6.085134,1.565858,1.565858,-5.368656,1.342164,-0.447388,0,1.7,1.7,2.4,-73.2,286.8,285.8,Tripod,Other,,22,5,True,,True,False,,Smart,RC,False,True,False,,,True,,False,False,False,False,False,False,False,False,False,False,0,Follow Yaw,-88.9,0,-81.2,278.8,False,False,False,False,False,,0,0,False,False,No Card,100,100,1024,1338,1251,1024,2,False,False,False,False,False,0,False,False,False,False,91,,47.568,,9139,,10044,,47.568,,True,3.964,3.964,3.964,3.964,3.964,3.964,3.964,3.964,3.964,3.964,3.964,3.964,0,,False,False,True,,,,,,,,,,,,,,,False,False,19.182,,86.9,,75.7,,86.9,,1744,51,10,17,7,141849.0,18913.21,,Idle,,20,,10,,,20,Go Home,False,False,False,False,False,False,False,False,False,False,False,False,33.8027920380556,-117.4659261431046,1060.1,2972.0,1049.4,396.9,True,1,1,False,False,False,False,,True,False,False,Course Lock,196.8,67,16.4,93,E,S,7.6,7.6,Calm,False,False,Android,7.0.2,M300 RTK,1ZN7L4R0H1D00F,1W9DL31001461C,1ZMLH8300204F0,1Z6PH74DAP0QN7,"Corona, CA",728.3,5.7,137.7,8.547347,2.013246,0,0,DJI Matrice 300 RTK,M300 RTK,1ZN7L4R0H1D00F,1W9DL31001461C,1ZMLH8300204F0,1Z6PH74DAP0QN7,DJI Pilot,Android,7.0.2,1EF72A62-B7C3-C88D-164E-CE6F8C8424AE,1ZN7L4R0H1D00F,1W9DL31001461C,,1ZMLH8300204F0,1W9DL31001461C,,,,,
2023-11-01,11:27:10.74 AM,2m 48.4s,168.4,33.8011630561025,-117.4688243808175,99.0,99.0,18.7,1363,1171.7,5.59235,6.085134,1.565858,1.565858,-5.368656,1.342164,-0.447388,0,1.5,1.7,2.2,-73.2,286.8,286.0,Tripod,Other,,22,5,True,,True,False,,Smart,RC,False,True,False,,,True,,False,False,False,False,False,False,False,False,False,False,0,Follow Yaw,-88.9,0,-81.2,278.8,False,False,False,False,False,,0,0,False,False,No Card,100,100,1024,1339,1251,1024,2,False,False,False,False,False,0,False,False,False,False,91,,47.568,,9139,,10044,,47.568,,True,3.964,3.964,3.964,3.964,3.964,3.964,3.964,3.964,3.964,3.964,3.964,3.964,0,,False,False,True,,,,,,,,,,,,,,,False,False,19.182,,86.9,,75.7,,86.9,,1744,51,10,17,7,141849.0,18913.21,,Idle,,20,,10,,,20,Go Home,False,False,False,False,False,False,False,False,False,False,False,False,33.8027920380556,-117.4659261431046,1060.6,2972.0,1049.4,396.9,True,1,1,False,False,False,False,,True,False,False,Course Lock,196.8,67,16.4,93,E,S,7.6,7.6,Calm,False,False,Android,7.0.2,M300 RTK,1ZN7L4R0H1D00F,1W9DL31001461C,1ZMLH8300204F0,1Z6PH74DAP0QN7,"Corona, CA",728.3,5.7,137.7,8.547347,2.013246,0,0,DJI Matrice 300 RTK,M300 RTK,1ZN7L4R0H1D00F,1W9DL31001461C,1ZMLH8300204F0,1Z6PH74DAP0QN7,DJI Pilot,Android,7.0.2,1EF72A62-B7C3-C88D-164E-CE6F8C8424AE,1ZN7L4R0H1D00F,1W9DL31001461C,,1ZMLH8300204F0,1W9DL31001461C,,,,,
2023-11-01,11:27:10.84 AM,2m 48.5s,168.5,33.8011636125847,-117.4688269260537,99.0,99.0,18.7,1363,1172.5,5.59235,6.085134,1.565858,1.565858,-5.368656,1.342164,-0.447388,0,1.4,1.8,2.2,-73.2,286.8,284.7,Tripod,Other,,22,5,True,,True,False,,Smart,RC,False,True,False,,,True,,False,False,False,False,False,False,False,False,False,False,0,Follow Yaw,-88.9,0,-81.2,278.8,False,False,False,False,False,,0,0,False,False,No Card,100,100,1024,1339,1251,1024,2,False,False,False,False,False,0,False,False,False,False,91,,47.568,,9139,,10044,,47.568,,True,3.964,3.964,3.964,3.964,3.964,3.964,3.964,3.964,3.964,3.964,3.964,3.964,0,,False,False,True,,,,,,,,,,,,,,,False,False,19.182,,86.9,,75.7,,86.9,,1744,51,10,17,7,141849.0,18913.21,,Idle,,20,,10,,,20,Go Home,False,False,False,False,False,False,False,False,False,False,False,False,33.8027920380556,-117.4659261431046,1061.2,2972.0,1049.4,396.9,True,1,1,False,False,False,False,,True,False,False,Course Lock,196.8,67,16.4,93,E,S,7.6,7.6,Calm,False,False,Android,7.0.2,M300 RTK,1ZN7L4R0H1D00F,1W9DL31001461C,1ZMLH8300204F0,1Z6PH74DAP0QN7,"Corona, CA",728.3,5.7,137.7,8.547347,2.013246,0,0,DJI Matrice 300 RTK,M300 RTK,1ZN7L4R0H1D00F,1W9DL31001461C,1ZMLH8300204F0,1Z6PH74DAP0QN7,DJI Pilot,Android,7.0.2,1EF72A62-B7C3-C88D-164E-CE6F8C8424AE,1ZN7L4R0H1D00F,1W9DL31001461C,,1ZMLH8300204F0,1W9DL31001461C,,,,,
2023-11-01,11:27:10.94 AM,2m 48.6s,168.6,33.8011642639156,-117.4688296586532,99.0,99.0,18.7,1363,1173.3,5.59235,6.085134,1.565858,1.565858,-5.368656,1.342164,-0.447388,0,1.3,1.9,2.3,-73.1,286.9,286.0,Tripod,Other,,22,5,True,,True,False,,Smart,RC,False,True,False,,,True,,False,False,False,False,False,False,False,False,False,False,0,Follow Yaw,-88.9,0,-81.2,278.8,False,False,False,False,False,,0,0,False,False,No Card,100,100,1024,1339,1251,1024,2,False,False,False,False,False,0,False,False,False,False,91,,47.568,,9139,,10044,,47.568,,True,3.964,3.964,3.964,3.964,3.964,3.964,3.964,3.964,3.964,3.964,3.964,3.964,0,,False,False,True,,,,,,,,,,,,,,,False,False,19.182,,86.9,,75.7,,86.9,,1744,51,10,17,7,141849.0,18913.21,,Idle,,20,,10,,,20,Go Home,False,False,False,False,False,False,False,False,False,False,False,False,33.8027920380556,-117.4659261431046,1061.7,2972.0,1049.4,396.9,True,1,1,False,False,False,False,,True,False,False,Course Lock,196.8,67,16.4,93,E,S,7.6,7.6,Calm,False,False,Android,7.0.2,M300 RTK,1ZN7L4R0H1D00F,1W9DL31001461C,1ZMLH8300204F0,1Z6PH74DAP0QN7,"Corona, CA",728.3,5.7,137.7,8.547347,2.013246,0,0,DJI Matrice 300 RTK,M300 RTK,1ZN7L4R0H1D00F,1W9DL31001461C,1ZMLH8300204F0,1Z6PH74DAP0QN7,DJI Pilot,Android,7.0.2,1EF72A62-B7C3-C88D-164E-CE6F8C8424AE,1ZN7L4R0H1D00F,1W9DL31001461C,,1ZMLH8300204F0,1W9DL31001461C,,,,,
2023-11-01,11:27:11.04 AM,2m 48.7s,168.7,33.8011650934305,-117.4688324565658,99.0,99.0,18.7,1363,1174.2,5.59235,6.085134,1.565858,1.565858,-5.368656,1.342164,-0.447388,0,1.3,1.8,2.2,-73.1,286.9,289.6,Tripod,Other,,22,5,True,,True,False,,Smart,RC,False,True,False,,,True,,False,False,False,False,False,False,False,False,False,False,0,Follow Yaw,-88.9,0,-81.2,278.8,False,False,False,False,False,,0,0,False,False,No Card,100,100,1024,1337,1251,1024,2,False,False,False,False,False,0,False,False,False,False,91,,47.568,,9139,,10044,,47.568,,True,3.964,3.964,3.964,3.964,3.964,3.964,3.964,3.964,3.964,3.964,3.964,3.964,0,,False,False,True,,,,,,,,,,,,,,,False,False,19.182,,86.9,,75.7,,86.9,,1744,51,10,17,7,141849.0,18913.21,,Idle,,20,,10,,,20,Go Home,False,False,False,False,False,False,False,False,False,False,False,False,33.8027920380556,-117.4659261431046,1062.3,2972.0,1049.4,396.9,True,1,1,False,False,False,False,,True,False,False,Course Lock,196.8,67,16.4,93,E,S,7.6,7.6,Calm,False,False,Android,7.0.2,M300 RTK,1ZN7L4R0H1D00F,1W9DL31001461C,1ZMLH8300204F0,1Z6PH74DAP0QN7,"Corona, CA",728.3,5.7,137.7,8.547347,2.013246,0,0,DJI Matrice 300 RTK,M300 RTK,1ZN7L4R0H1D00F,1W9DL31001461C,1ZMLH8300204F0,1Z6PH74DAP0QN7,DJI Pilot,Android,7.0.2,1EF72A62-B7C3-C88D-164E-CE6F8C8424AE,1ZN7L4R0H1D00F,1W9DL31001461C,,1ZMLH8300204F0,1W9DL31001461C,,,,,
2023-11-01,11:27:11.15 AM,2m 48.8s,168.8,33.8011657623057,-117.4688352010404,99.0,99.0,18.7,1363,1175.1,5.59235,6.085134,1.565858,1.565858,-5.368656,1.342164,-0.447388,0,1.4,1.7,2.2,-73.1,286.9,286.3,Tripod,Other,,22,5,True,,True,False,,Smart,RC,False,True,False,,,True,,False,False,False,False,False,False,False,False,False,False,0,Follow Yaw,-88.9,0,-81.2,278.8,False,False,False,False,False,,0,0,False,False,No Card,100,100,1024,1335,1251,1024,2,False,False,False,False,False,0,False,False,False,False,91,,47.568,,9139,,10044,,47.568,,True,3.964,3.964,3.964,3.964,3.964,3.964,3.964,3.964,3.964,3.964,3.964,3.964,0,,False,False,True,,,,,,,,,,,,,,,False,False,19.182,,86.9,,75.7,,86.9,,1744,51,10,17,7,141849.0,18913.21,,Idle,,20,,10,,,20,Go Home,False,False,False,False,False,False,False,False,False,False,False,False,33.8027920380556,-117.4659261431046,1062.8,2972.0,1049.4,396.9,True,1,1,False,False,False,False,,True,False,False,Course Lock,196.8,67,16.4,93,E,S,7.6,7.6,Calm,False,False,Android,7.0.2,M300 RTK,1ZN7L4R0H1D00F,1W9DL31001461C,1ZMLH8300204F0,1Z6PH74DAP0QN7,"Corona, CA",728.3,5.7,137.7,8.547347,2.013246,0,0,DJI Matrice 300 RTK,M300 RTK,1ZN7L4R0H1D00F,1W9DL31001461C,1ZMLH8300204F0,1Z6PH74DAP0QN7,DJI Pilot,Android,7.0.2,1EF72A62-B7C3-C88D-164E-CE6F8C8424AE,1ZN7L4R0H1D00F,1W9DL31001461C,,1ZMLH8300204F0,1W9DL31001461C,,,,,
2023-11-01,11:27:11.25 AM,2m 48.9s,168.9,33.8011664048645,-117.4688380227033,99.4,99.4,18.7,1363,1176.0,5.59235,6.085134,1.565858,1.565858,-5.368656,1.342164,-0.447388,0,1.6,1.7,2.3,-73.1,286.9,285.3,Tripod,Other,,22,5,True,,True,False,,Smart,RC,False,True,False,,,True,,False,False,False,False,False,False,False,False,False,False,0,Follow Yaw,-88.9,0,-81.2,278.8,False,False,False,False,False,,0,0,False,False,No Card,100,100,1024,1332,1252,1024,2,False,False,False,False,False,0,False,False,False,False,91,,47.568,,9139,,10044,,47.568,,True,3.964,3.964,3.964,3.964,3.964,3.964,3.964,3.964,3.964,3.964,3.964,3.964,0,,False,False,True,,,,,,,,,,,,,,,False,False,19.182,,86.9,,75.7,,86.9,,1744,51,10,17,7,141849.0,18913.21,,Idle,,20,,10,,,20,Go Home,False,False,False,False,False,False,False,False,False,False,False,False,33.8027920380556,-117.4659261431046,1063.4,2972.0,1049.4,396.9,True,1,1,False,False,False,False,,True,False,False,Course Lock,196.8,67,16.4,93,E,S,7.82,7.82,Calm,False,False,Android,7.0.2,M300 RTK,1ZN7L4R0H1D00F,1W9DL31001461C,1ZMLH8300204F0,1Z6PH74DAP0QN7,"Corona, CA",728.3,5.7,137.7,8.547347,2.013246,0,0,DJI Matrice 300 RTK,M300 RTK,1ZN7L4R0H1D00F,1W9DL31001461C,1ZMLH8300204F0,1Z6PH74DAP0QN7,DJI Pilot,Android,7.0.2,1EF72A62-B7C3-C88D-164E-CE6F8C8424AE,1ZN7L4R0H1D00F,1W9DL31001461C,,1ZMLH8300204F0,1W9DL31001461C,,,,,
2023-11-01,11:27:11.35 AM,2m 49.0s,169.0,33.8011670737397,-117.4688407803724,99.4,99.4,18.7,1363,1176.9,5.59235,6.085134,1.565858,1.565858,-5.368656,1.342164,-0.447388,0,1.8,1.7,2.4,-73.1,286.9,286.2,Tripod,Other,,22,5,True,,True,False,,Smart,RC,False,True,False,,,True,,False,False,False,False,False,False,False,False,False,False,0,Follow Yaw,-88.9,0,-81.2,278.8,False,False,False,False,False,,0,0,False,False,No Card,100,100,1024,1331,1252,1024,2,False,False,False,False,False,0,False,False,False,False,91,,47.52,,9139,,10044,,47.52,,True,3.964,3.964,3.964,3.964,3.964,3.964,3.964,3.964,3.964,3.964,3.964,3.964,0,,False,False,True,,,,,,,,,,,,,,,False,False,19.292,,86.9,,75.7,,86.9,,1744,51,10,17,7,141849.0,18913.21,,Idle,,20,,10,,,20,Go Home,False,False,False,False,False,False,False,False,False,False,False,False,33.8027920380556,-117.4659261431046,1064.0,2972.0,1049.4,396.9,True,1,1,False,False,False,False,,True,False,False,Course Lock,196.8,67,16.4,93,E,S,7.82,7.82,Calm,False,False,Android,7.0.2,M300 RTK,1ZN7L4R0H1D00F,1W9DL31001461C,1ZMLH8300204F0,1Z6PH74DAP0QN7,"Corona, CA",728.3,5.7,137.7,8.547347,2.013246,0,0,DJI Matrice 300 RTK,M300 RTK,1ZN7L4R0H1D00F,1W9DL31001461C,1ZMLH8300204F0,1Z6PH74DAP0QN7,DJI Pilot,Android,7.0.2,1EF72A62-B7C3-C88D-164E-CE6F8C8424AE,1ZN7L4R0H1D00F,1W9DL31001461C,,1ZMLH8300204F0,1W9DL31001461C,,,,,
2023-11-01,11:27:11.46 AM,2m 49.1s,169.1,33.8011677091712,-117.4688435551946,99.4,99.4,18.7,1363,1177.7,5.59235,6.085134,1.565858,1.565858,-5.368656,1.342164,-0.447388,0,1.9,1.9,2.6,-73.1,286.9,285.4,Tripod,Other,,22,5,True,,True,False,,Smart,RC,False,True,False,,,True,,False,False,False,False,False,False,False,False,False,False,0,Follow Yaw,-88.9,0,-81.2,278.8,False,False,False,False,False,,0,0,False,False,No Card,100,100,1024,1331,1253,1024,2,False,False,False,False,False,0,False,False,False,False,91,,47.52,,9139,,10044,,47.52,,True,3.964,3.964,3.964,3.964,3.964,3.964,3.964,3.964,3.964,3.964,3.964,3.964,0,,False,False,True,,,,,,,,,,,,,,,False,False,19.292,,86.9,,75.7,,86.9,,1744,51,10,17,7,141849.0,18913.21,,Idle,,20,,10,,,20,Go Home,False,False,False,False,False,False,False,False,False,False,False,False,33.8027920380556,-117.4659261431046,1064.5,2972.0,1049.4,396.9,True,1,1,False,False,False,False,,True,False,False,Course Lock,196.8,67,16.4,93,E,S,7.82,7.82,Calm,False,False,Android,7.0.2,M300 RTK,1ZN7L4R0H1D00F,1W9DL31001461C,1ZMLH8300204F0,1Z6PH74DAP0QN7,"Corona, CA",728.3,5.7,137.7,8.547347,2.013246,0,0,DJI Matrice 300 RTK,M300 RTK,1ZN7L4R0H1D00F,1W9DL31001461C,1ZMLH8300204F0,1Z6PH74DAP0QN7,DJI Pilot,Android,7.0.2,1EF72A62-B7C3-C88D-164E-CE6F8C8424AE,1ZN7L4R0H1D00F,1W9DL31001461C,,1ZMLH8300204F0,1W9DL31001461C,,,,,
2023-11-01,11:27:11.56 AM,2m 49.2s,169.2,33.8011683780464,-117.4688463089053,99.4,99.4,18.7,1363,1178.6,5.59235,6.085134,1.565858,1.565858,-5.368656,1.342164,-0.447388,0,2,2,2.8,-73,287,286.2,Tripod,Other,,22,5,True,,True,False,,Smart,RC,False,True,False,,,True,,False,False,False,False,False,False,False,False,False,False,0,Follow Yaw,-88.9,0,-81.2,278.8,False,False,False,False,False,,0,0,False,False,No Card,100,100,1024,1332,1248,1024,2,False,False,False,False,False,0,False,False,False,False,91,,47.52,,9139,,10044,,47.52,,True,3.964,3.964,3.964,3.964,3.964,3.964,3.964,3.964,3.964,3.964,3.964,3.964,0,,False,False,True,,,,,,,,,,,,,,,False,False,19.292,,86.9,,75.7,,86.9,,1744,51,10,17,7,141849.0,18913.21,,Idle,,20,,10,,,20,Go Home,False,False,False,False,False,False,False,False,False,False,False,False,33.8027920380556,-117.4659261431046,1065.1,2972.0,1049.4,396.9,True,1,1,False,False,False,False,,True,False,False,Course Lock,196.8,67,16.4,93,E,S,7.82,7.82,Calm,False,False,Android,7.0.2,M300 RTK,1ZN7L4R0H1D00F,1W9DL31001461C,1ZMLH8300204F0,1Z6PH74DAP0QN7,"Corona, CA",728.3,5.7,137.7,8.547347,2.013246,0,0,DJI Matrice 300 RTK,M300 RTK,1ZN7L4R0H1D00F,1W9DL31001461C,1ZMLH8300204F0,1Z6PH74DAP0QN7,DJI Pilot,Android,7.0.2,1EF72A62-B7C3-C88D-164E-CE6F8C8424AE,1ZN7L4R0H1D00F,1W9DL31001461C,,1ZMLH8300204F0,1W9DL31001461C,,,,,
2023-11-01,11:27:11.66 AM,2m 49.3s,169.3,33.8011690019644,-117.4688490375464,99.7,99.7,18.7,1363,1179.5,5.59235,6.085134,1.565858,1.565858,-5.368656,1.342164,-0.447388,0,2,2,2.8,-72.9,287.1,285.3,Tripod,Other,,22,5,True,,True,False,,Smart,RC,False,True,False,,,True,,False,False,False,False,False,False,False,False,False,False,0,Follow Yaw,-88.9,0,-81.2,278.8,False,False,False,False,False,,0,0,False,False,No Card,100,100,1024,1331,1219,1024,2,False,False,False,False,False,0,False,False,False,False,91,,47.52,,9139,,10044,,47.52,,True,3.961,3.961,3.961,3.961,3.961,3.961,3.961,3.961,3.961,3.961,3.961,3.961,0,,False,False,True,,,,,,,,,,,,,,,False,False,19.292,,86.9,,75.7,,86.9,,1743,51,10,17,7,142333.7,18977.83,,Idle,,20,,10,,,20,Go Home,False,False,False,False,False,False,False,False,False,False,False,False,33.8027920380556,-117.4659261431046,1065.6,2972.0,1049.4,396.9,True,1,1,False,False,False,False,,True,False,False,Course Lock,196.8,67,16.4,93,E,S,7.82,7.82,Calm,False,False,Android,7.0.2,M300 RTK,1ZN7L4R0H1D00F,1W9DL31001461C,1ZMLH8300204F0,1Z6PH74DAP0QN7,"Corona, CA",728.3,5.7,137.7,8.547347,2.013246,0,0,DJI Matrice 300 RTK,M300 RTK,1ZN7L4R0H1D00F,1W9DL31001461C,1ZMLH8300204F0,1Z6PH74DAP0QN7,DJI Pilot,Android,7.0.2,1EF72A62-B7C3-C88D-164E-CE6F8C8424AE,1ZN7L4R0H1D00F,1W9DL31001461C,,1ZMLH8300204F0,1W9DL31001461C,,,,,
2023-11-01,11:27:11.77 AM,2m 49.4s,169.4,33.8011696708396,-117.4688517708055,99.7,99.7,18.7,1363,1180.3,5.59235,6.085134,1.565858,1.565858,-5.368656,1.342164,-0.447388,0,1.9,2,2.7,-72.9,287.1,286.4,Tripod,Other,,22,5,True,,True,False,,Smart,RC,False,True,False,,,True,,False,False,False,False,False,False,False,False,False,False,0,Follow Yaw,-88.9,0,-81.2,278.8,False,False,False,False,False,,0,0,False,False,No Card,100,100,1024,1325,1135,1024,2,False,False,False,False,False,0,False,False,False,False,91,,47.52,,9139,,10044,,47.52,,True,3.961,3.961,3.961,3.961,3.961,3.961,3.961,3.961,3.961,3.961,3.961,3.961,0,,False,False,True,,,,,,,,,,,,,,,False,False,19.292,,86.9,,75.7,,86.9,,1743,51,10,17,7,142333.7,18977.83,,Idle,,20,,10,,,20,Go Home,False,False,False,False,False,False,False,False,False,False,False,False,33.8027920380556,-117.4659261431046,1066.2,2972.0,1049.4,396.9,True,1,1,False,False,False,False,,True,False,False,Course Lock,196.8,67,16.4,93,E,S,7.82,7.82,Calm,False,False,Android,7.0.2,M300 RTK,1ZN7L4R0H1D00F,1W9DL31001461C,1ZMLH8300204F0,1Z6PH74DAP0QN7,"Corona, CA",728.3,5.7,137.7,8.547347,2.013246,0,0,DJI Matrice 300 RTK,M300 RTK,1ZN7L4R0H1D00F,1W9DL31001461C,1ZMLH8300204F0,1Z6PH74DAP0QN7,DJI Pilot,Android,7.0.2,1EF72A62-B7C3-C88D-164E-CE6F8C8424AE,1ZN7L4R0H1D00F,1W9DL31001461C,,1ZMLH8300204F0,1W9DL31001461C,,,,,
2023-11-01,11:27:11.87 AM,2m 49.5s,169.5,33.8011702662482,-117.46885463733,99.7,99.7,18.7,1363,1181.2,5.59235,6.085134,1.565858,1.565858,-5.368656,1.342164,-0.447388,0,1.5,1.9,2.4,-73,287,284.0,Tripod,Other,,22,5,True,,True,False,,Smart,RC,False,True,False,,,True,,False,False,False,False,False,False,False,False,False,False,0,Follow Yaw,-88.9,0,-81.2,278.8,False,False,False,False,False,,0,0,False,False,No Card,100,100,1024,1322,1123,1024,2,False,False,False,False,False,0,False,False,False,False,91,,47.52,,9139,,10044,,47.52,,True,3.961,3.961,3.961,3.961,3.961,3.961,3.961,3.961,3.961,3.961,3.961,3.961,0,,False,False,True,,,,,,,,,,,,,,,False,False,19.292,,86.9,,75.7,,86.9,,1743,51,10,17,7,142333.7,18977.83,,Idle,,20,,10,,,20,Go Home,False,False,False,False,False,False,False,False,False,False,False,False,33.8027920380556,-117.4659261431046,1066.8,2972.0,1049.4,396.9,True,1,1,False,False,False,False,,True,False,False,Course Lock,196.8,67,16.4,93,E,S,7.82,7.82,Calm,False,False,Android,7.0.2,M300 RTK,1ZN7L4R0H1D00F,1W9DL31001461C,1ZMLH8300204F0,1Z6PH74DAP0QN7,"Corona, CA",728.3,5.7,137.7,8.547347,2.013246,0,0,DJI Matrice 300 RTK,M300 RTK,1ZN7L4R0H1D00F,1W9DL31001461C,1ZMLH8300204F0,1Z6PH74DAP0QN7,DJI Pilot,Android,7.0.2,1EF72A62-B7C3-C88D-164E-CE6F8C8424AE,1ZN7L4R0H1D00F,1W9DL31001461C,,1ZMLH8300204F0,1W9DL31001461C,,,,,
2023-11-01,11:27:11.98 AM,2m 49.6s,169.6,33.8011709241582,-117.4688573699295,99.7,99.7,18.7,1363,1182.1,5.59235,6.085134,1.565858,1.565858,-5.368656,1.342164,-0.223694,0,1.2,1.8,2.1,-73,287,286.1,Tripod,Other,,22,5,True,,True,False,,Smart,RC,False,True,False,,,True,,False,False,False,False,False,False,False,False,False,False,0,Follow Yaw,-88.9,0,-81.2,278.8,False,False,False,False,False,,0,0,False,False,No Card,100,100,1024,1320,1117,1024,2,False,False,False,False,False,0,False,False,False,False,91,,47.52,,9139,,10044,,47.52,,True,3.961,3.961,3.961,3.961,3.961,3.961,3.961,3.961,3.961,3.961,3.961,3.961,0,,False,False,True,,,,,,,,,,,,,,,False,False,19.292,,86.9,,75.7,,86.9,,1743,51,10,17,7,142333.7,18977.83,,Idle,,20,,10,,,20,Go Home,False,False,False,False,False,False,False,False,False,False,False,False,33.8027920380556,-117.4659261431046,1067.4,2972.0,1049.4,396.9,True,1,1,False,False,False,False,,True,False,False,Course Lock,196.8,67,16.4,93,E,S,7.82,7.82,Calm,False,False,Android,7.0.2,M300 RTK,1ZN7L4R0H1D00F,1W9DL31001461C,1ZMLH8300204F0,1Z6PH74DAP0QN7,"Corona, CA",728.3,5.7,137.7,8.547347,2.013246,0,0,DJI Matrice 300 RTK,M300 RTK,1ZN7L4R0H1D00F,1W9DL31001461C,1ZMLH8300204F0,1Z6PH74DAP0QN7,DJI Pilot,Android,7.0.2,1EF72A62-B7C3-C88D-164E-CE6F8C8424AE,1ZN7L4R0H1D00F,1W9DL31001461C,,1ZMLH8300204F0,1W9DL31001461C,,,,,
2023-11-01,11:27:12.04 AM,2m 49.7s,169.7,33.8011716434731,-117.468860301777,99.7,99.7,18.7,1363,1183.0,5.59235,6.085134,1.565858,1.565858,-5.368656,1.342164,-0.223694,0,1.3,1.8,2.2,-73.1,286.9,286.4,Tripod,Other,,22,5,True,,True,False,,Smart,RC,False,True,False,,,True,,False,False,False,False,False,False,False,False,False,False,0,Follow Yaw,-88.9,0,-81.2,278.8,False,False,False,False,False,,0,0,False,False,No Card,100,100,1024,1320,1109,1024,2,False,False,False,False,False,0,False,False,False,False,91,,47.52,,9139,,10044,,47.52,,True,3.961,3.961,3.961,3.961,3.961,3.961,3.961,3.961,3.961,3.961,3.961,3.961,0,,False,False,True,,,,,,,,,,,,,,,False,False,19.292,,86.9,,75.7,,86.9,,1743,51,10,17,7,142333.7,18977.83,,Idle,,20,,10,,,20,Go Home,False,False,False,False,False,False,False,False,False,False,False,False,33.8027920380556,-117.4659261431046,1067.9,2972.0,1049.4,396.9,True,1,1,False,False,False,False,,True,False,False,Course Lock,196.8,67,16.4,93,E,S,7.82,7.82,Calm,False,False,Android,7.0.2,M300 RTK,1ZN7L4R0H1D00F,1W9DL31001461C,1ZMLH8300204F0,1Z6PH74DAP0QN7,"Corona, CA",728.3,5.7,137.7,8.547347,2.013246,0,0,DJI Matrice 300 RTK,M300 RTK,1ZN7L4R0H1D00F,1W9DL31001461C,1ZMLH8300204F0,1Z6PH74DAP0QN7,DJI Pilot,Android,7.0.2,1EF72A62-B7C3-C88D-164E-CE6F8C8424AE,1ZN7L4R0H1D00F,1W9DL31001461C,,1ZMLH8300204F0,1W9DL31001461C,,,,,
2023-11-01,11:27:12.14 AM,2m 49.8s,169.8,33.8011723024797,-117.4688630686725,99.7,99.7,18.7,1363,1183.9,5.59235,6.085134,1.565858,1.565858,-5.368656,1.342164,-0.223694,0,1.6,2,2.5,-73.1,286.9,285.9,Tripod,Other,,22,5,True,,True,False,,Smart,RC,False,True,False,,,True,,False,False,False,False,False,False,False,False,False,False,0,Follow Yaw,-88.9,0,-81.2,278.8,False,False,False,False,False,,0,0,False,False,No Card,100,100,1024,1319,1124,1024,2,False,False,False,False,False,0,False,False,False,False,91,,47.52,,9139,,10044,,47.52,,True,3.961,3.961,3.961,3.961,3.961,3.961,3.961,3.961,3.961,3.961,3.961,3.961,0,,False,False,True,,,,,,,,,,,,,,,False,False,19.292,,86.9,,75.7,,86.9,,1743,51,10,17,7,142333.7,18977.83,,Idle,,20,,10,,,20,Go Home,False,False,False,False,False,False,False,False,False,False,False,False,33.8027920380556,-117.4659261431046,1068.5,2972.0,1049.4,396.9,True,1,1,False,False,False,False,,True,False,False,Course Lock,196.8,67,16.4,93,E,S,7.82,7.82,Calm,False,False,Android,7.0.2,M300 RTK,1ZN7L4R0H1D00F,1W9DL31001461C,1ZMLH8300204F0,1Z6PH74DAP0QN7,"Corona, CA",728.3,5.7,137.7,8.547347,2.013246,0,0,DJI Matrice 300 RTK,M300 RTK,1ZN7L4R0H1D00F,1W9DL31001461C,1ZMLH8300204F0,1Z6PH74DAP0QN7,DJI Pilot,Android,7.0.2,1EF72A62-B7C3-C88D-164E-CE6F8C8424AE,1ZN7L4R0H1D00F,1W9DL31001461C,,1ZMLH8300204F0,1W9DL31001461C,,,,,
2023-11-01,11:27:12.24 AM,2m 49.9s,169.9,33.801172865541,-117.4688654496362,100.0,100.0,18.3,1364,1184.6,5.59235,6.085134,1.565858,1.565858,-5.368656,1.342164,0,0,1.9,2,2.7,-73.2,286.8,285.8,Tripod,Other,,22,5,True,,True,False,,Smart,RC,False,True,False,,,True,,False,False,False,False,False,False,False,False,False,False,0,Follow Yaw,-87.6,0,-81.2,278.8,False,False,False,False,False,,0,0,False,False,No Card,100,100,1024,1319,1124,1024,2,False,False,False,False,False,0,False,False,False,False,91,,47.52,,9139,,10044,,47.52,,True,3.961,3.961,3.961,3.961,3.961,3.961,3.961,3.961,3.961,3.961,3.961,3.961,0,,False,False,True,,,,,,,,,,,,,,,False,False,19.292,,86.9,,75.7,,86.9,,1743,51,10,17,7,142333.7,18977.83,,Idle,,20,,10,,,20,Go Home,False,False,False,False,False,False,False,False,False,False,False,False,33.8027920380556,-117.4659261431046,1069.0,2972.0,1049.4,396.9,True,1,1,False,False,False,False,,True,False,False,Course Lock,196.8,67,16.4,93,E,S,7.82,7.82,Calm,False,False,Android,7.0.2,M300 RTK,1ZN7L4R0H1D00F,1W9DL31001461C,1ZMLH8300204F0,1Z6PH74DAP0QN7,"Corona, CA",728.3,5.7,137.7,8.547347,2.013246,0,0,DJI Matrice 300 RTK,M300 RTK,1ZN7L4R0H1D00F,1W9DL31001461C,1ZMLH8300204F0,1Z6PH74DAP0QN7,DJI Pilot,Android,7.0.2,1EF72A62-B7C3-C88D-164E-CE6F8C8424AE,1ZN7L4R0H1D00F,1W9DL31001461C,,1ZMLH8300204F0,1W9DL31001461C,,,,,
2023-11-01,11:27:12.34 AM,2m 50.0s,170.0,33.8011735119377,-117.468868169041,100.0,100.0,18.3,1364,1185.5,5.59235,6.085134,1.565858,1.565858,-5.368656,1.342164,0,0,2,1.9,2.7,-73.3,286.7,285.9,Tripod,Other,,22,5,True,,True,False,,Smart,RC,False,True,False,,,True,,False,False,False,False,False,False,False,False,False,False,0,Follow Yaw,-86.4,0,-81.2,278.8,False,False,False,False,False,,0,0,False,False,No Card,100,100,1024,1320,1122,1024,2,False,False,False,False,False,0,False,False,False,False,91,,47.592,,9139,,10044,,47.592,,True,3.961,3.961,3.961,3.961,3.961,3.961,3.961,3.961,3.961,3.961,3.961,3.961,0,,False,False,True,,,,,,,,,,,,,,,False,False,19.204,,86.9,,75.7,,86.9,,1743,51,10,17,7,142333.7,18977.83,,Idle,,20,,10,,,20,Go Home,False,False,False,False,False,False,False,False,False,False,False,False,33.8027920380556,-117.4659261431046,1069.6,2972.0,1049.4,396.9,True,1,1,False,False,False,False,,True,False,False,Course Lock,196.8,67,16.4,93,E,S,7.82,7.82,Calm,False,False,Android,7.0.2,M300 RTK,1ZN7L4R0H1D00F,1W9DL31001461C,1ZMLH8300204F0,1Z6PH74DAP0QN7,"Corona, CA",728.3,5.7,137.7,8.547347,2.013246,0,0,DJI Matrice 300 RTK,M300 RTK,1ZN7L4R0H1D00F,1W9DL31001461C,1ZMLH8300204F0,1Z6PH74DAP0QN7,DJI Pilot,Android,7.0.2,1EF72A62-B7C3-C88D-164E-CE6F8C8424AE,1ZN7L4R0H1D00F,1W9DL31001461C,,1ZMLH8300204F0,1W9DL31001461C,,,,,
2023-11-01,11:27:12.44 AM,2m 50.1s,170.1,33.8011741128288,-117.4688707776112,100.0,100.0,18.3,1364,1186.3,5.533883,6.085134,1.342164,1.565858,-5.368656,1.342164,0,0,2,1.9,2.7,-73.4,286.6,285.4,Tripod,Other,,22,5,True,,True,False,,Smart,RC,False,True,False,,,True,,False,False,False,False,False,False,False,False,False,False,0,Follow Yaw,-82.9,0,-81.2,278.8,False,False,False,False,False,,0,0,False,False,No Card,100,100,1024,1321,1119,1024,2,False,False,False,False,False,0,False,False,False,False,91,,47.592,,9139,,10044,,47.592,,True,3.961,3.961,3.961,3.961,3.961,3.961,3.961,3.961,3.961,3.961,3.961,3.961,0,,False,False,True,,,,,,,,,,,,,,,False,False,19.204,,86.9,,75.7,,86.9,,1743,51,10,17,7,142333.7,18977.83,,Idle,,20,,10,,,20,Go Home,False,False,False,False,False,False,False,False,False,False,False,False,33.8027920380556,-117.4659261431046,1070.1,2972.0,1049.4,396.9,True,1,1,False,False,False,False,,True,False,False,Course Lock,196.8,67,16.4,93,E,S,7.82,7.82,Calm,False,False,Android,7.0.2,M300 RTK,1ZN7L4R0H1D00F,1W9DL31001461C,1ZMLH8300204F0,1Z6PH74DAP0QN7,"Corona, CA",728.3,5.7,137.7,8.547347,2.013246,0,0,DJI Matrice 300 RTK,M300 RTK,1ZN7L4R0H1D00F,1W9DL31001461C,1ZMLH8300204F0,1Z6PH74DAP0QN7,DJI Pilot,Android,7.0.2,1EF72A62-B7C3-C88D-164E-CE6F8C8424AE,1ZN7L4R0H1D00F,1W9DL31001461C,,1ZMLH8300204F0,1W9DL31001461C,,,,,
2023-11-01,11:27:12.54 AM,2m 50.2s,170.2,33.8011747488085,-117.4688734838215,100.0,100.0,18.3,1364,1187.2,5.533883,6.085134,1.342164,1.565858,-5.368656,1.342164,0,0,1.9,2,2.7,-73.5,286.5,285.7,Tripod,Other,,22,5,True,,True,False,,Smart,RC,False,True,False,,,True,,False,False,False,False,False,False,False,False,False,False,0,Follow Yaw,-82.9,0,-81.2,278.8,False,False,False,False,False,,0,0,False,False,No Card,100,100,1024,1321,1118,1024,2,False,False,False,False,False,0,False,False,False,False,91,,47.592,,9139,,10044,,47.592,,True,3.961,3.961,3.961,3.961,3.961,3.961,3.961,3.961,3.961,3.961,3.961,3.961,0,,False,False,True,,,,,,,,,,,,,,,False,False,19.204,,86.9,,75.7,,86.9,,1743,51,10,17,7,142333.7,18977.83,,Idle,,20,,10,,,20,Go Home,False,False,False,False,False,False,False,False,False,False,False,False,33.8027920380556,-117.4659261431046,1070.7,2972.0,1049.4,396.9,True,1,1,False,False,False,False,,True,False,False,Course Lock,196.8,67,16.4,93,E,S,7.82,7.82,Calm,False,False,Android,7.0.2,M300 RTK,1ZN7L4R0H1D00F,1W9DL31001461C,1ZMLH8300204F0,1Z6PH74DAP0QN7,"Corona, CA",728.3,5.7,137.7,8.547347,2.013246,0,0,DJI Matrice 300 RTK,M300 RTK,1ZN7L4R0H1D00F,1W9DL31001461C,1ZMLH8300204F0,1Z6PH74DAP0QN7,DJI Pilot,Android,7.0.2,1EF72A62-B7C3-C88D-164E-CE6F8C8424AE,1ZN7L4R0H1D00F,1W9DL31001461C,,1ZMLH8300204F0,1W9DL31001461C,,,,,
2023-11-01,11:27:12.64 AM,2m 50.3s,170.3,33.8011754281006,-117.4688764961462,100.0,100.0,18.0,1364,1188.1,5.533883,6.085134,1.342164,1.565858,-5.368656,1.342164,0,0,1.8,2,2.6,-73.5,286.5,285.1,Tripod,Other,,22,5,True,,True,False,,Smart,RC,False,True,False,,,True,,False,False,False,False,False,False,False,False,False,False,0,Follow Yaw,-82.9,0,-81.2,278.8,False,False,False,False,False,,0,0,False,False,No Card,100,100,1024,1321,1117,1024,2,False,False,False,False,False,0,False,False,False,False,91,,47.592,,9139,,10044,,47.592,,True,3.962,3.962,3.962,3.962,3.962,3.962,3.962,3.962,3.962,3.962,3.962,3.962,0,,False,False,True,,,,,,,,,,,,,,,False,False,19.204,,86.9,,75.7,,86.9,,1742,51,10,17,7,142804.0,19040.54,,Idle,,20,,10,,,20,Go Home,False,False,False,False,False,False,False,False,False,False,False,False,33.8027920380556,-117.4659261431046,1071.3,2972.0,1049.4,396.9,True,1,1,False,False,False,False,,True,False,False,Course Lock,196.8,67,16.4,93,E,S,7.82,7.82,Calm,False,False,Android,7.0.2,M300 RTK,1ZN7L4R0H1D00F,1W9DL31001461C,1ZMLH8300204F0,1Z6PH74DAP0QN7,"Corona, CA",728.3,5.7,137.7,8.547347,2.013246,0,0,DJI Matrice 300 RTK,M300 RTK,1ZN7L4R0H1D00F,1W9DL31001461C,1ZMLH8300204F0,1Z6PH74DAP0QN7,DJI Pilot,Android,7.0.2,1EF72A62-B7C3-C88D-164E-CE6F8C8424AE,1ZN7L4R0H1D00F,1W9DL31001461C,,1ZMLH8300204F0,1W9DL31001461C,,,,,
2023-11-01,11:27:12.74 AM,2m 50.4s,170.4,33.8011760640803,-117.4688792412806,100.0,100.0,18.0,1364,1189.0,5.533883,6.085134,1.342164,1.565858,-5.368656,1.342164,0,0,1.8,1.9,2.6,-73.6,286.4,285.5,Tripod,Other,,22,5,True,,True,False,,Smart,RC,False,True,False,,,True,,False,False,False,False,False,False,False,False,False,False,0,Follow Yaw,-82.9,0,-81.2,278.8,False,False,False,False,False,,0,0,False,False,No Card,100,100,1024,1321,1111,1024,2,False,False,False,False,False,0,False,False,False,False,91,,47.592,,9139,,10044,,47.592,,True,3.962,3.962,3.962,3.962,3.962,3.962,3.962,3.962,3.962,3.962,3.962,3.962,0,,False,False,True,,,,,,,,,,,,,,,False,False,19.204,,86.9,,75.7,,86.9,,1742,51,10,17,7,142804.0,19040.54,,Idle,,20,,10,,,20,Go Home,False,False,False,False,False,False,False,False,False,False,False,False,33.8027920380556,-117.4659261431046,1071.8,2972.0,1049.4,396.9,True,1,1,False,False,False,False,,True,False,False,Course Lock,196.8,67,16.4,93,E,S,7.82,7.82,Calm,False,False,Android,7.0.2,M300 RTK,1ZN7L4R0H1D00F,1W9DL31001461C,1ZMLH8300204F0,1Z6PH74DAP0QN7,"Corona, CA",728.3,5.7,137.7,8.547347,2.013246,0,0,DJI Matrice 300 RTK,M300 RTK,1ZN7L4R0H1D00F,1W9DL31001461C,1ZMLH8300204F0,1Z6PH74DAP0QN7,DJI Pilot,Android,7.0.2,1EF72A62-B7C3-C88D-164E-CE6F8C8424AE,1ZN7L4R0H1D00F,1W9DL31001461C,,1ZMLH8300204F0,1W9DL31001461C,,,,,
2023-11-01,11:27:12.84 AM,2m 50.5s,170.5,33.8011768415107,-117.4688818656844,100.0,100.0,18.0,1364,1189.8,5.533883,6.085134,1.342164,1.565858,-5.368656,1.342164,0,0,1.9,2.1,2.8,-73.6,286.4,289.6,Tripod,Other,,22,5,True,,True,False,,Smart,RC,False,True,False,,,True,,False,False,False,False,False,False,False,False,False,False,0,Follow Yaw,-82.9,0,-81.2,278.8,False,False,False,False,False,,0,0,False,False,No Card,100,100,1024,1320,1108,1024,2,False,False,False,False,False,0,False,False,False,False,91,,47.592,,9139,,10044,,47.592,,True,3.962,3.962,3.962,3.962,3.962,3.962,3.962,3.962,3.962,3.962,3.962,3.962,0,,False,False,True,,,,,,,,,,,,,,,False,False,19.204,,86.9,,75.7,,86.9,,1742,51,10,17,7,142804.0,19040.54,,Idle,,20,,10,,,20,Go Home,False,False,False,False,False,False,False,False,False,False,False,False,33.8027920380556,-117.4659261431046,1072.4,2972.0,1049.4,396.9,True,1,1,False,False,False,False,,True,False,False,Course Lock,196.8,67,16.4,93,E,S,7.82,7.82,Calm,False,False,Android,7.0.2,M300 RTK,1ZN7L4R0H1D00F,1W9DL31001461C,1ZMLH8300204F0,1Z6PH74DAP0QN7,"Corona, CA",728.3,5.7,137.7,8.547347,2.013246,0,0,DJI Matrice 300 RTK,M300 RTK,1ZN7L4R0H1D00F,1W9DL31001461C,1ZMLH8300204F0,1Z6PH74DAP0QN7,DJI Pilot,Android,7.0.2,1EF72A62-B7C3-C88D-164E-CE6F8C8424AE,1ZN7L4R0H1D00F,1W9DL31001461C,,1ZMLH8300204F0,1W9DL31001461C,,,,,
2023-11-01,11:27:12.94 AM,2m 50.6s,170.6,33.8011774884556,-117.4688845969644,100.0,100.0,18.0,1364,1190.7,5.533883,6.085134,1.342164,1.565858,-5.368656,1.342164,0,0,2.4,2.6,3.5,-73.4,286.6,285.9,Tripod,Other,,23,5,True,,True,False,,Smart,RC,False,True,False,,,True,,False,False,False,False,False,False,False,False,False,False,0,Follow Yaw,-82.9,0,-81.2,278.8,False,False,False,False,False,,0,0,False,False,No Card,100,100,1024,1320,1105,1024,2,False,False,False,False,False,0,False,False,False,False,91,,47.592,,9139,,10044,,47.592,,True,3.962,3.962,3.962,3.962,3.962,3.962,3.962,3.962,3.962,3.962,3.962,3.962,0,,False,False,True,,,,,,,,,,,,,,,False,False,19.204,,86.9,,75.7,,86.9,,1742,51,10,17,7,142804.0,19040.54,,Idle,,20,,10,,,20,Go Home,False,False,False,False,False,False,False,False,False,False,False,False,33.8027920380556,-117.4659261431046,1072.9,2972.0,1049.4,396.9,True,1,1,False,False,False,False,,True,False,False,Course Lock,196.8,67,16.4,93,E,S,7.82,7.82,Calm,False,False,Android,7.0.2,M300 RTK,1ZN7L4R0H1D00F,1W9DL31001461C,1ZMLH8300204F0,1Z6PH74DAP0QN7,"Corona, CA",728.3,5.7,137.7,8.547347,2.013246,0,0,DJI Matrice 300 RTK,M300 RTK,1ZN7L4R0H1D00F,1W9DL31001461C,1ZMLH8300204F0,1Z6PH74DAP0QN7,DJI Pilot,Android,7.0.2,1EF72A62-B7C3-C88D-164E-CE6F8C8424AE,1ZN7L4R0H1D00F,1W9DL31001461C,,1ZMLH8300204F0,1W9DL31001461C,,,,,
2023-11-01,11:27:13.04 AM,2m 50.7s,170.7,33.801177990112,-117.4688872253265,100.0,100.0,18.0,1364,1191.5,5.59235,6.085134,1.565858,1.565858,-5.368656,1.342164,0,0,2.8,3,4.1,-73.3,286.7,282.9,Tripod,Other,,23,5,True,,True,False,,Smart,RC,False,True,False,,,True,,False,False,False,False,False,False,False,False,False,False,0,Follow Yaw,-82.4,0,-81.2,278.8,False,False,False,False,False,,0,0,False,False,No Card,100,100,1024,1319,1111,1024,2,False,False,False,False,False,0,False,False,False,False,91,,47.532,,4537,,4986,,47.532,,True,3.962,3.962,3.962,3.962,3.962,3.962,3.962,3.962,3.962,3.962,3.962,3.962,0,,False,False,True,,,,,,,,,,,,,,,False,False,9.528,,86.0,,75.7,,86.9,,1742,51,10,17,7,142804.0,19040.54,,Idle,,20,,10,,,20,Go Home,False,False,False,False,False,False,False,False,False,False,False,False,33.8027920380556,-117.4659261431046,1073.5,2972.0,1049.4,396.9,True,1,1,False,False,False,False,,True,False,False,Course Lock,196.8,67,16.4,93,E,S,8.05,8.05,Calm,False,False,Android,7.0.2,M300 RTK,1ZN7L4R0H1D00F,1W9DL31001461C,1ZMLH8300204F0,1Z6PH74DAP0QN7,"Corona, CA",728.3,5.7,137.7,8.547347,2.013246,0,0,DJI Matrice 300 RTK,M300 RTK,1ZN7L4R0H1D00F,1W9DL31001461C,1ZMLH8300204F0,1Z6PH74DAP0QN7,DJI Pilot,Android,7.0.2,1EF72A62-B7C3-C88D-164E-CE6F8C8424AE,1ZN7L4R0H1D00F,1W9DL31001461C,,1ZMLH8300204F0,1W9DL31001461C,,,,,
2023-11-01,11:27:13.14 AM,2m 50.8s,170.8,33.801178645829,-117.4688899196616,100.0,100.0,17.7,1364,1192.3,5.59235,6.085134,1.565858,1.565858,-5.368656,1.342164,0,0,2.7,2.5,3.6,-73.1,286.9,286.3,Tripod,Other,,22,5,True,,True,False,,Smart,RC,False,True,False,,,True,,False,False,False,False,False,False,False,False,False,False,0,Follow Yaw,-79.2,0,-81.2,278.8,False,False,False,False,False,,0,0,False,False,No Card,100,100,1024,1320,1110,1024,2,False,False,False,False,False,0,False,False,False,False,91,,47.532,,4537,,4986,,47.532,,True,3.962,3.962,3.962,3.962,3.962,3.962,3.962,3.962,3.962,3.962,3.962,3.962,0,,False,False,True,,,,,,,,,,,,,,,False,False,9.528,,86.0,,75.7,,86.9,,1742,51,10,17,7,142804.0,19040.54,,Idle,,20,,10,,,20,Go Home,False,False,False,False,False,False,False,False,False,False,False,False,33.8027920380556,-117.4659261431046,1074.0,2972.0,1049.4,396.9,True,1,1,False,False,False,False,,True,False,False,Course Lock,196.8,67,16.4,93,E,S,8.05,8.05,Calm,False,False,Android,7.0.2,M300 RTK,1ZN7L4R0H1D00F,1W9DL31001461C,1ZMLH8300204F0,1Z6PH74DAP0QN7,"Corona, CA",728.3,5.7,137.7,8.547347,2.013246,0,0,DJI Matrice 300 RTK,M300 RTK,1ZN7L4R0H1D00F,1W9DL31001461C,1ZMLH8300204F0,1Z6PH74DAP0QN7,DJI Pilot,Android,7.0.2,1EF72A62-B7C3-C88D-164E-CE6F8C8424AE,1ZN7L4R0H1D00F,1W9DL31001461C,,1ZMLH8300204F0,1W9DL31001461C,,,,,
2023-11-01,11:27:13.24 AM,2m 50.9s,170.9,33.8011795005637,-117.4688926687542,100.0,100.0,17.7,1364,1193.2,5.59235,6.085134,1.565858,1.565858,-5.368656,1.342164,0,0,2.2,1.9,2.9,-73.1,286.9,290.5,Tripod,Other,,22,5,True,,True,False,,Smart,RC,False,True,False,,,True,,False,False,False,False,False,False,False,False,False,False,0,Follow Yaw,-77.9,0,-81.2,278.8,False,False,False,False,False,,0,0,False,False,No Card,100,100,1024,1319,1109,1024,2,False,False,False,False,False,0,False,False,False,False,91,,47.532,,4537,,4986,,47.532,,True,3.962,3.962,3.962,3.962,3.962,3.962,3.962,3.962,3.962,3.962,3.962,3.962,0,,False,False,True,,,,,,,,,,,,,,,False,False,9.528,,86.0,,75.7,,86.9,,1742,51,10,17,7,142804.0,19040.54,,Idle,,20,,10,,,20,Go Home,False,False,False,False,False,False,False,False,False,False,False,False,33.8027920380556,-117.4659261431046,1074.6,2972.0,1049.4,396.9,True,1,1,False,False,False,False,,True,False,False,Course Lock,196.8,67,16.4,93,E,S,8.05,8.05,Calm,False,False,Android,7.0.2,M300 RTK,1ZN7L4R0H1D00F,1W9DL31001461C,1ZMLH8300204F0,1Z6PH74DAP0QN7,"Corona, CA",728.3,5.7,137.7,8.547347,2.013246,0,0,DJI Matrice 300 RTK,M300 RTK,1ZN7L4R0H1D00F,1W9DL31001461C,1ZMLH8300204F0,1Z6PH74DAP0QN7,DJI Pilot,Android,7.0.2,1EF72A62-B7C3-C88D-164E-CE6F8C8424AE,1ZN7L4R0H1D00F,1W9DL31001461C,,1ZMLH8300204F0,1W9DL31001461C,,,,,
2023-11-01,11:27:13.34 AM,2m 51.0s,171.0,33.8011801804041,-117.4688953413183,100.0,100.0,17.7,1364,1194.1,5.59235,6.085134,1.565858,1.565858,-5.368656,1.342164,0,0,1.9,1.6,2.4,-73,287,287.0,Tripod,Other,,23,5,True,,True,False,,Smart,RC,False,True,False,,,True,,False,False,False,False,False,False,False,False,False,False,0,Follow Yaw,-77.9,0,-81.2,278.8,False,False,False,False,False,,0,0,False,False,No Card,100,100,1024,1319,1105,1024,2,False,False,False,False,False,0,False,False,False,False,90,,47.532,,9089,,10044,,47.532,,True,3.962,3.962,3.962,3.962,3.962,3.962,3.962,3.962,3.962,3.962,3.962,3.962,0,,False,False,True,,,,,,,,,,,,,,,False,False,19.444,,87.0,,75.7,,87.0,,1742,51,10,17,7,142804.0,19040.54,,Idle,,20,,10,,,20,Go Home,False,False,False,False,False,False,False,False,False,False,False,False,33.8027920380556,-117.4659261431046,1075.1,2972.0,1049.4,396.9,True,1,1,False,False,False,False,,True,False,False,Course Lock,196.8,67,16.4,93,E,S,8.05,8.05,Calm,False,False,Android,7.0.2,M300 RTK,1ZN7L4R0H1D00F,1W9DL31001461C,1ZMLH8300204F0,1Z6PH74DAP0QN7,"Corona, CA",728.3,5.7,137.7,8.547347,2.013246,0,0,DJI Matrice 300 RTK,M300 RTK,1ZN7L4R0H1D00F,1W9DL31001461C,1ZMLH8300204F0,1Z6PH74DAP0QN7,DJI Pilot,Android,7.0.2,1EF72A62-B7C3-C88D-164E-CE6F8C8424AE,1ZN7L4R0H1D00F,1W9DL31001461C,,1ZMLH8300204F0,1W9DL31001461C,,,,,
2023-11-01,11:27:13.44 AM,2m 51.1s,171.1,33.8011807182456,-117.4688977816575,100.0,100.0,17.7,1364,1194.9,5.59235,6.085134,1.565858,1.565858,-5.368656,1.342164,0,0,2,1.5,2.5,-72.9,287.1,284.8,Tripod,Other,,23,5,True,,True,False,,Smart,RC,False,True,False,,,True,,False,False,False,False,False,False,False,False,False,False,0,Follow Yaw,-77.9,0,-81.2,278.8,False,False,False,False,False,,0,0,False,False,No Card,100,100,1024,1319,1104,1024,2,False,False,False,False,False,0,False,False,False,False,90,,47.532,,9089,,10044,,47.532,,True,3.962,3.962,3.962,3.962,3.962,3.962,3.962,3.962,3.962,3.962,3.962,3.962,0,,False,False,True,,,,,,,,,,,,,,,False,False,19.444,,87.0,,75.7,,87.0,,1742,51,10,17,7,142804.0,19040.54,,Idle,,20,,10,,,20,Go Home,False,False,False,False,False,False,False,False,False,False,False,False,33.8027920380556,-117.4659261431046,1075.6,2972.0,1049.4,396.9,True,1,1,False,False,False,False,,True,False,False,Course Lock,196.8,67,16.4,93,E,S,8.05,8.05,Calm,False,False,Android,7.0.2,M300 RTK,1ZN7L4R0H1D00F,1W9DL31001461C,1ZMLH8300204F0,1Z6PH74DAP0QN7,"Corona, CA",728.3,5.7,137.7,8.547347,2.013246,0,0,DJI Matrice 300 RTK,M300 RTK,1ZN7L4R0H1D00F,1W9DL31001461C,1ZMLH8300204F0,1Z6PH74DAP0QN7,DJI Pilot,Android,7.0.2,1EF72A62-B7C3-C88D-164E-CE6F8C8424AE,1ZN7L4R0H1D00F,1W9DL31001461C,,1ZMLH8300204F0,1W9DL31001461C,,,,,
2023-11-01,11:27:13.52 AM,2m 51.2s,171.2,33.8011813745108,-117.4689004205754,100.0,100.0,17.3,1364,1195.7,5.377968,6.085134,1.565858,1.565858,-5.144962,1.342164,0,0,2.1,1.3,2.4,-72.8,287.2,286.6,Tripod,Other,,23,5,True,,True,False,,Smart,RC,False,True,False,,,True,,False,False,False,False,False,False,False,False,False,False,0,Follow Yaw,-77.9,0,-81.2,278.8,False,False,False,False,False,,0,0,False,False,No Card,100,100,1024,1319,1102,1024,2,False,False,False,False,False,0,False,False,False,False,90,,47.532,,9089,,10044,,47.532,,True,3.962,3.962,3.962,3.962,3.962,3.962,3.962,3.962,3.962,3.962,3.962,3.962,0,,False,False,True,,,,,,,,,,,,,,,False,False,19.444,,87.0,,75.7,,87.0,,1742,51,10,17,7,142804.0,19040.54,,Idle,,20,,10,,,20,Go Home,False,False,False,False,False,False,False,False,False,False,False,False,33.8027920380556,-117.4659261431046,1076.2,2972.0,1049.4,396.9,True,1,1,False,False,False,False,,True,False,False,Course Lock,196.8,67,16.4,93,E,S,8.05,8.05,Calm,False,False,Android,7.0.2,M300 RTK,1ZN7L4R0H1D00F,1W9DL31001461C,1ZMLH8300204F0,1Z6PH74DAP0QN7,"Corona, CA",728.3,5.7,137.7,8.547347,2.013246,0,0,DJI Matrice 300 RTK,M300 RTK,1ZN7L4R0H1D00F,1W9DL31001461C,1ZMLH8300204F0,1Z6PH74DAP0QN7,DJI Pilot,Android,7.0.2,1EF72A62-B7C3-C88D-164E-CE6F8C8424AE,1ZN7L4R0H1D00F,1W9DL31001461C,,1ZMLH8300204F0,1W9DL31001461C,,,,,
2023-11-01,11:27:13.64 AM,2m 51.3s,171.3,33.8011820998566,-117.4689029387627,100.0,100.0,17.3,1364,1196.5,5.317145,6.085134,1.342164,1.565858,-5.144962,1.342164,0,0,2.2,1,2.4,-72.7,287.3,289.1,Tripod,Other,,23,5,True,,True,False,,Smart,RC,False,True,False,,,True,,False,False,False,False,False,False,False,False,False,False,0,Follow Yaw,-77.9,0,-81.2,278.8,False,False,False,False,False,,0,0,False,False,No Card,100,100,1024,1319,1102,1024,2,False,False,False,False,False,0,False,False,False,False,90,,47.532,,9089,,10044,,47.532,,True,3.961,3.961,3.961,3.961,3.961,3.961,3.961,3.961,3.961,3.961,3.961,3.961,0,,False,False,True,,,,,,,,,,,,,,,False,False,19.444,,87.0,,75.7,,87.0,,1739,51,10,17,7,143253.5,19100.47,,Idle,,20,,10,,,20,Go Home,False,False,False,False,False,False,False,False,False,False,False,False,33.8027920380556,-117.4659261431046,1076.7,2972.0,1049.4,396.9,True,1,1,False,False,False,False,,True,False,False,Course Lock,196.8,67,16.4,93,E,S,8.05,8.05,Calm,False,False,Android,7.0.2,M300 RTK,1ZN7L4R0H1D00F,1W9DL31001461C,1ZMLH8300204F0,1Z6PH74DAP0QN7,"Corona, CA",728.3,5.7,137.7,8.547347,2.013246,0,0,DJI Matrice 300 RTK,M300 RTK,1ZN7L4R0H1D00F,1W9DL31001461C,1ZMLH8300204F0,1Z6PH74DAP0QN7,DJI Pilot,Android,7.0.2,1EF72A62-B7C3-C88D-164E-CE6F8C8424AE,1ZN7L4R0H1D00F,1W9DL31001461C,,1ZMLH8300204F0,1W9DL31001461C,,,,,
2023-11-01,11:27:13.72 AM,2m 51.4s,171.4,33.8011827341916,-117.4689055506316,100.0,100.0,17.3,1364,1197.3,5.317145,6.085134,1.342164,1.565858,-5.144962,1.342164,0,0,2,1,2.2,-72.7,287.3,286.2,Tripod,Other,,23,5,True,,True,False,,Smart,RC,False,True,False,,,True,,False,False,False,False,False,False,False,False,False,False,0,Follow Yaw,-77.9,0,-81.2,278.8,False,False,False,False,False,,0,0,False,False,No Card,100,100,1024,1317,1104,1024,2,False,False,False,False,False,0,False,False,False,False,90,,47.532,,9089,,10044,,47.532,,True,3.961,3.961,3.961,3.961,3.961,3.961,3.961,3.961,3.961,3.961,3.961,3.961,0,,False,False,True,,,,,,,,,,,,,,,False,False,19.444,,87.0,,75.7,,87.0,,1739,51,10,17,7,143253.5,19100.47,,Idle,,20,,10,,,20,Go Home,False,False,False,False,False,False,False,False,False,False,False,False,33.8027920380556,-117.4659261431046,1077.2,2972.0,1049.4,396.9,True,1,1,False,False,False,False,,True,False,False,Course Lock,196.8,67,16.4,93,E,S,8.05,8.05,Calm,False,False,Android,7.0.2,M300 RTK,1ZN7L4R0H1D00F,1W9DL31001461C,1ZMLH8300204F0,1Z6PH74DAP0QN7,"Corona, CA",728.3,5.7,137.7,8.547347,2.013246,0,0,DJI Matrice 300 RTK,M300 RTK,1ZN7L4R0H1D00F,1W9DL31001461C,1ZMLH8300204F0,1Z6PH74DAP0QN7,DJI Pilot,Android,7.0.2,1EF72A62-B7C3-C88D-164E-CE6F8C8424AE,1ZN7L4R0H1D00F,1W9DL31001461C,,1ZMLH8300204F0,1W9DL31001461C,,,,,
2023-11-01,11:27:13.83 AM,2m 51.5s,171.5,33.8011831322271,-117.4689081902092,100.0,100.0,17.3,1364,1198.1,5.317145,6.085134,1.342164,1.565858,-5.144962,1.342164,0,0,1.7,1.4,2.2,-72.8,287.2,280.2,Tripod,Other,,23,5,True,,True,False,,Smart,RC,False,True,False,,,True,,False,False,False,False,False,False,False,False,False,False,0,Follow Yaw,-77.9,0,-81.2,278.8,False,False,False,False,False,,0,0,False,False,No Card,100,100,1024,1318,1116,1024,2,False,False,False,False,False,0,False,False,False,False,90,,47.532,,9089,,10044,,47.532,,True,3.961,3.961,3.961,3.961,3.961,3.961,3.961,3.961,3.961,3.961,3.961,3.961,0,,False,False,True,,,,,,,,,,,,,,,False,False,19.444,,87.0,,75.7,,87.0,,1739,51,10,17,7,143253.5,19100.47,,Idle,,20,,10,,,20,Go Home,False,False,False,False,False,False,False,False,False,False,False,False,33.8027920380556,-117.4659261431046,1077.8,2972.0,1049.4,396.9,True,1,1,False,False,False,False,,True,False,False,Course Lock,196.8,67,16.4,93,E,S,8.05,8.05,Calm,False,False,Android,7.0.2,M300 RTK,1ZN7L4R0H1D00F,1W9DL31001461C,1ZMLH8300204F0,1Z6PH74DAP0QN7,"Corona, CA",728.3,5.7,137.7,8.547347,2.013246,0,0,DJI Matrice 300 RTK,M300 RTK,1ZN7L4R0H1D00F,1W9DL31001461C,1ZMLH8300204F0,1Z6PH74DAP0QN7,DJI Pilot,Android,7.0.2,1EF72A62-B7C3-C88D-164E-CE6F8C8424AE,1ZN7L4R0H1D00F,1W9DL31001461C,,1ZMLH8300204F0,1W9DL31001461C,,,,,
2023-11-01,11:27:13.94 AM,2m 51.6s,171.6,33.8011837139292,-117.468910790203,100.0,100.0,17.0,1364,1198.9,5.317145,6.085134,1.342164,1.565858,-5.144962,1.342164,0,0,1.5,1.9,2.4,-72.9,287.1,285.0,Tripod,Other,,23,5,True,,True,False,,Smart,RC,False,True,False,,,True,,False,False,False,False,False,False,False,False,False,False,0,Follow Yaw,-77.9,0,-81.2,278.8,False,False,False,False,False,,0,0,False,False,No Card,100,100,1024,1322,1132,1024,2,False,False,False,False,False,0,False,False,False,False,90,,47.532,,9089,,10044,,47.532,,True,3.961,3.961,3.961,3.961,3.961,3.961,3.961,3.961,3.961,3.961,3.961,3.961,0,,False,False,True,,,,,,,,,,,,,,,False,False,19.444,,87.0,,75.7,,87.0,,1739,51,10,17,7,143253.5,19100.47,,Idle,,20,,10,,,20,Go Home,False,False,False,False,False,False,False,False,False,False,False,False,33.8027920380556,-117.4659261431046,1078.3,2972.0,1049.4,396.9,True,1,1,False,False,False,False,,True,False,False,Course Lock,196.8,67,16.4,93,E,S,8.05,8.05,Calm,False,False,Android,7.0.2,M300 RTK,1ZN7L4R0H1D00F,1W9DL31001461C,1ZMLH8300204F0,1Z6PH74DAP0QN7,"Corona, CA",728.3,5.7,137.7,8.547347,2.013246,0,0,DJI Matrice 300 RTK,M300 RTK,1ZN7L4R0H1D00F,1W9DL31001461C,1ZMLH8300204F0,1Z6PH74DAP0QN7,DJI Pilot,Android,7.0.2,1EF72A62-B7C3-C88D-164E-CE6F8C8424AE,1ZN7L4R0H1D00F,1W9DL31001461C,,1ZMLH8300204F0,1W9DL31001461C,,,,,
2023-11-01,11:27:14.04 AM,2m 51.7s,171.7,33.801184551668,-117.4689136692624,100.3,100.3,17.0,1364,1199.9,5.317145,6.085134,1.342164,1.565858,-5.144962,1.342164,0,0,1.5,2.4,2.8,-73.2,286.8,289.2,Tripod,Other,,23,5,True,,True,False,,Smart,RC,False,True,False,,,True,,False,False,False,False,False,False,False,False,False,False,0,Follow Yaw,-77.9,0,-81.2,278.8,False,False,False,False,False,,0,0,False,False,No Card,100,100,1024,1321,1130,1024,2,False,False,False,False,False,0,False,False,False,False,90,,47.532,,9089,,10044,,47.532,,True,3.961,3.961,3.961,3.961,3.961,3.961,3.961,3.961,3.961,3.961,3.961,3.961,0,,False,False,True,,,,,,,,,,,,,,,False,False,19.444,,87.0,,75.7,,87.0,,1739,51,10,17,7,143253.5,19100.47,,Idle,,20,,10,,,20,Go Home,False,False,False,False,False,False,False,False,False,False,False,False,33.8027920380556,-117.4659261431046,1078.9,2972.0,1049.4,396.9,True,1,1,False,False,False,False,,True,False,False,Course Lock,196.8,67,16.4,93,E,S,8.05,8.05,Calm,False,False,Android,7.0.2,M300 RTK,1ZN7L4R0H1D00F,1W9DL31001461C,1ZMLH8300204F0,1Z6PH74DAP0QN7,"Corona, CA",728.3,5.7,137.7,8.547347,2.013246,0,0,DJI Matrice 300 RTK,M300 RTK,1ZN7L4R0H1D00F,1W9DL31001461C,1ZMLH8300204F0,1Z6PH74DAP0QN7,DJI Pilot,Android,7.0.2,1EF72A62-B7C3-C88D-164E-CE6F8C8424AE,1ZN7L4R0H1D00F,1W9DL31001461C,,1ZMLH8300204F0,1W9DL31001461C,,,,,
2023-11-01,11:27:14.14 AM,2m 51.8s,171.8,33.8011851547522,-117.468916281791,100.3,100.3,17.0,1364,1200.7,5.317145,6.085134,1.342164,1.565858,-5.144962,1.342164,0,0,1.6,2.7,3.1,-73.3,286.7,285.5,Tripod,Other,,23,5,True,,True,False,,Smart,RC,False,True,False,,,True,,False,False,False,False,False,False,False,False,False,False,0,Follow Yaw,-77.9,0,-81.2,278.8,False,False,False,False,False,,0,0,False,False,No Card,100,100,1024,1320,1127,1024,2,False,False,False,False,False,0,False,False,False,False,90,,47.532,,9089,,10044,,47.532,,True,3.961,3.961,3.961,3.961,3.961,3.961,3.961,3.961,3.961,3.961,3.961,3.961,0,,False,False,True,,,,,,,,,,,,,,,False,False,19.444,,87.0,,75.7,,87.0,,1739,51,10,17,7,143253.5,19100.47,,Idle,,20,,10,,,20,Go Home,False,False,False,False,False,False,False,False,False,False,False,False,33.8027920380556,-117.4659261431046,1079.4,2972.0,1049.4,396.9,True,1,1,False,False,False,False,,True,False,False,Course Lock,196.8,67,16.4,93,E,S,8.05,8.05,Calm,False,False,Android,7.0.2,M300 RTK,1ZN7L4R0H1D00F,1W9DL31001461C,1ZMLH8300204F0,1Z6PH74DAP0QN7,"Corona, CA",728.3,5.7,137.7,8.547347,2.013246,0,0,DJI Matrice 300 RTK,M300 RTK,1ZN7L4R0H1D00F,1W9DL31001461C,1ZMLH8300204F0,1Z6PH74DAP0QN7,DJI Pilot,Android,7.0.2,1EF72A62-B7C3-C88D-164E-CE6F8C8424AE,1ZN7L4R0H1D00F,1W9DL31001461C,,1ZMLH8300204F0,1W9DL31001461C,,,,,
2023-11-01,11:27:14.24 AM,2m 51.9s,171.9,33.8011855226336,-117.4689187973395,100.3,100.3,17.0,1364,1201.5,5.317145,6.085134,1.342164,1.565858,-5.144962,1.342164,0,0,1.7,2.8,3.2,-73.4,286.6,279.9,Tripod,Other,,23,5,True,,True,False,,Smart,RC,False,True,False,,,True,,False,False,False,False,False,False,False,False,False,False,0,Follow Yaw,-77.9,0,-81.2,278.8,False,False,False,False,False,,0,0,False,False,No Card,100,100,1024,1319,1126,1024,2,False,False,False,False,False,0,False,False,False,False,90,,47.532,,9089,,10044,,47.532,,True,3.961,3.961,3.961,3.961,3.961,3.961,3.961,3.961,3.961,3.961,3.961,3.961,0,,False,False,True,,,,,,,,,,,,,,,False,False,19.444,,87.0,,75.7,,87.0,,1739,51,10,17,7,143253.5,19100.47,,Idle,,20,,10,,,20,Go Home,False,False,False,False,False,False,False,False,False,False,False,False,33.8027920380556,-117.4659261431046,1080.0,2972.0,1049.4,396.9,True,1,1,False,False,False,False,,True,False,False,Course Lock,196.8,67,16.4,93,E,S,8.05,8.05,Calm,False,False,Android,7.0.2,M300 RTK,1ZN7L4R0H1D00F,1W9DL31001461C,1ZMLH8300204F0,1Z6PH74DAP0QN7,"Corona, CA",728.3,5.7,137.7,8.547347,2.013246,0,0,DJI Matrice 300 RTK,M300 RTK,1ZN7L4R0H1D00F,1W9DL31001461C,1ZMLH8300204F0,1Z6PH74DAP0QN7,DJI Pilot,Android,7.0.2,1EF72A62-B7C3-C88D-164E-CE6F8C8424AE,1ZN7L4R0H1D00F,1W9DL31001461C,,1ZMLH8300204F0,1W9DL31001461C,,,,,
2023-11-01,11:27:14.35 AM,2m 52.0s,172.0,33.8011861279108,-117.4689213966736,100.3,100.3,17.0,1364,1202.3,5.317145,6.085134,1.342164,1.565858,-5.144962,1.342164,0,0,1.6,2.5,2.9,-73.5,286.5,285.6,Tripod,Other,,23,5,True,,True,False,,Smart,RC,False,True,False,,,True,,False,False,False,False,False,False,False,False,False,False,0,Follow Yaw,-77.9,0,-81.2,278.8,False,False,False,False,False,,0,0,False,False,No Card,100,100,1024,1318,1126,1024,2,False,False,False,False,False,0,False,False,False,False,91,,47.544,,4537,,4986,,47.544,,True,3.961,3.961,3.961,3.961,3.961,3.961,3.961,3.961,3.961,3.961,3.961,3.961,0,,False,False,True,,,,,,,,,,,,,,,False,False,9.546,,86.1,,75.7,,87.0,,1739,51,10,17,7,143253.5,19100.47,,Idle,,20,,10,,,20,Go Home,False,False,False,False,False,False,False,False,False,False,False,False,33.8027920380556,-117.4659261431046,1080.5,2972.0,1049.4,396.9,True,1,1,False,False,False,False,,True,False,False,Course Lock,196.8,67,16.4,93,E,S,8.05,8.05,Calm,False,False,Android,7.0.2,M300 RTK,1ZN7L4R0H1D00F,1W9DL31001461C,1ZMLH8300204F0,1Z6PH74DAP0QN7,"Corona, CA",728.3,5.7,137.7,8.547347,2.013246,0,0,DJI Matrice 300 RTK,M300 RTK,1ZN7L4R0H1D00F,1W9DL31001461C,1ZMLH8300204F0,1Z6PH74DAP0QN7,DJI Pilot,Android,7.0.2,1EF72A62-B7C3-C88D-164E-CE6F8C8424AE,1ZN7L4R0H1D00F,1W9DL31001461C,,1ZMLH8300204F0,1W9DL31001461C,,,,,
2023-11-01,11:27:14.45 AM,2m 52.1s,172.1,33.8011867578597,-117.4689239201388,100.3,100.3,17.0,1364,1203.1,5.317145,6.085134,1.342164,1.565858,-5.144962,1.342164,0,0,1.5,2.1,2.5,-73.6,286.4,286.7,Tripod,Other,,23,5,True,,True,False,,Smart,RC,False,True,False,,,True,,False,False,False,False,False,False,False,False,False,False,0,Follow Yaw,-77.9,0,-81.2,278.8,False,False,False,False,False,,0,0,False,False,No Card,100,100,1024,1318,1125,1024,2,False,False,False,False,False,0,False,False,False,False,91,,47.544,,4537,,4986,,47.544,,True,3.961,3.961,3.961,3.961,3.961,3.961,3.961,3.961,3.961,3.961,3.961,3.961,0,,False,False,True,,,,,,,,,,,,,,,False,False,9.546,,86.1,,75.7,,87.0,,1739,51,10,17,7,143253.5,19100.47,,Idle,,20,,10,,,20,Go Home,False,False,False,False,False,False,False,False,False,False,False,False,33.8027920380556,-117.4659261431046,1081.1,2972.0,1049.4,396.9,True,1,1,False,False,False,False,,True,False,False,Course Lock,196.8,67,16.4,93,E,S,8.27,8.27,Calm,False,False,Android,7.0.2,M300 RTK,1ZN7L4R0H1D00F,1W9DL31001461C,1ZMLH8300204F0,1Z6PH74DAP0QN7,"Corona, CA",728.3,5.7,137.7,8.547347,2.013246,0,0,DJI Matrice 300 RTK,M300 RTK,1ZN7L4R0H1D00F,1W9DL31001461C,1ZMLH8300204F0,1Z6PH74DAP0QN7,DJI Pilot,Android,7.0.2,1EF72A62-B7C3-C88D-164E-CE6F8C8424AE,1ZN7L4R0H1D00F,1W9DL31001461C,,1ZMLH8300204F0,1W9DL31001461C,,,,,
2023-11-01,11:27:14.56 AM,2m 52.2s,172.2,33.8011873823259,-117.4689265207923,100.3,100.3,17.0,1364,1203.9,5.317145,6.085134,1.342164,1.565858,-5.144962,1.342164,0,0,1.4,1.9,2.3,-73.7,286.3,286.1,Tripod,Other,,23,5,True,,True,False,,Smart,RC,False,True,False,,,True,,False,False,False,False,False,False,False,False,False,False,0,Follow Yaw,-77.9,0,-81.2,278.8,False,False,False,False,False,,0,0,False,False,No Card,100,100,1024,1318,1126,1024,2,False,False,False,False,False,0,False,False,False,False,91,,47.544,,4537,,4986,,47.544,,True,3.961,3.961,3.961,3.961,3.961,3.961,3.961,3.961,3.961,3.961,3.961,3.961,0,,False,False,True,,,,,,,,,,,,,,,False,False,9.546,,86.1,,75.7,,87.0,,1739,51,10,17,7,143253.5,19100.47,,Idle,,20,,10,,,20,Go Home,False,False,False,False,False,False,False,False,False,False,False,False,33.8027920380556,-117.4659261431046,1081.6,2972.0,1049.4,396.9,True,1,1,False,False,False,False,,True,False,False,Course Lock,196.8,67,16.4,93,E,S,8.27,8.27,Calm,False,False,Android,7.0.2,M300 RTK,1ZN7L4R0H1D00F,1W9DL31001461C,1ZMLH8300204F0,1Z6PH74DAP0QN7,"Corona, CA",728.3,5.7,137.7,8.547347,2.013246,0,0,DJI Matrice 300 RTK,M300 RTK,1ZN7L4R0H1D00F,1W9DL31001461C,1ZMLH8300204F0,1Z6PH74DAP0QN7,DJI Pilot,Android,7.0.2,1EF72A62-B7C3-C88D-164E-CE6F8C8424AE,1ZN7L4R0H1D00F,1W9DL31001461C,,1ZMLH8300204F0,1W9DL31001461C,,,,,
2023-11-01,11:27:14.66 AM,2m 52.3s,172.3,33.8011880561355,-117.4689293239828,100.3,100.3,16.7,1364,1204.8,5.317145,6.085134,1.342164,1.565858,-5.144962,1.342164,0,0,1.4,1.7,2.2,-73.8,286.2,286.1,Tripod,Other,,23,5,True,,True,False,,Smart,RC,False,True,False,,,True,,False,False,False,False,False,False,False,False,False,False,0,Follow Yaw,-77.9,0,-81.2,278.8,False,False,False,False,False,,0,0,False,False,No Card,100,100,1024,1319,1131,1024,2,False,False,False,False,False,0,False,False,False,False,91,,47.544,,4537,,4986,,47.544,,True,3.964,3.964,3.964,3.964,3.964,3.964,3.964,3.964,3.964,3.964,3.964,3.964,0,,False,False,True,,,,,,,,,,,,,,,False,False,9.546,,86.1,,75.7,,87.0,,1736,51,10,17,7,143678.0,19157.07,,Idle,,20,,10,,,20,Go Home,False,False,False,False,False,False,False,False,False,False,False,False,33.8027920380556,-117.4659261431046,1082.2,2972.0,1049.4,396.9,True,1,1,False,False,False,False,,True,False,False,Course Lock,196.8,67,16.4,93,E,S,8.27,8.27,Calm,False,False,Android,7.0.2,M300 RTK,1ZN7L4R0H1D00F,1W9DL31001461C,1ZMLH8300204F0,1Z6PH74DAP0QN7,"Corona, CA",728.3,5.7,137.7,8.547347,2.013246,0,0,DJI Matrice 300 RTK,M300 RTK,1ZN7L4R0H1D00F,1W9DL31001461C,1ZMLH8300204F0,1Z6PH74DAP0QN7,DJI Pilot,Android,7.0.2,1EF72A62-B7C3-C88D-164E-CE6F8C8424AE,1ZN7L4R0H1D00F,1W9DL31001461C,,1ZMLH8300204F0,1W9DL31001461C,,,,,
2023-11-01,11:27:14.76 AM,2m 52.4s,172.4,33.80118868115,-117.4689319629007,100.3,100.3,16.7,1364,1205.6,5.317145,6.085134,1.342164,1.565858,-5.144962,1.342164,0,0,1.5,1.9,2.4,-73.8,286.2,285.9,Tripod,Other,,23,5,True,,True,False,,Smart,RC,False,True,False,,,True,,False,False,False,False,False,False,False,False,False,False,0,Follow Yaw,-77.9,0,-81.2,278.8,False,False,False,False,False,,0,0,False,False,No Card,100,100,1024,1321,1136,1024,2,False,False,False,False,False,0,False,False,False,False,91,,47.544,,4537,,4986,,47.544,,True,3.964,3.964,3.964,3.964,3.964,3.964,3.964,3.964,3.964,3.964,3.964,3.964,0,,False,False,True,,,,,,,,,,,,,,,False,False,9.546,,86.1,,75.7,,87.0,,1736,51,10,17,7,143678.0,19157.07,,Idle,,20,,10,,,20,Go Home,False,False,False,False,False,False,False,False,False,False,False,False,33.8027920380556,-117.4659261431046,1082.7,2972.0,1049.4,396.9,True,1,1,False,False,False,False,,True,False,False,Course Lock,196.8,67,16.4,93,E,S,8.27,8.27,Calm,False,False,Android,7.0.2,M300 RTK,1ZN7L4R0H1D00F,1W9DL31001461C,1ZMLH8300204F0,1Z6PH74DAP0QN7,"Corona, CA",728.3,5.7,137.7,8.547347,2.013246,0,0,DJI Matrice 300 RTK,M300 RTK,1ZN7L4R0H1D00F,1W9DL31001461C,1ZMLH8300204F0,1Z6PH74DAP0QN7,DJI Pilot,Android,7.0.2,1EF72A62-B7C3-C88D-164E-CE6F8C8424AE,1ZN7L4R0H1D00F,1W9DL31001461C,,1ZMLH8300204F0,1W9DL31001461C,,,,,
2023-11-01,11:27:14.86 AM,2m 52.5s,172.5,33.801189334674,-117.468934200703,100.3,100.3,16.7,1364,1206.3,5.533883,6.085134,1.342164,1.565858,-5.368656,1.342164,0,0,1.7,1.9,2.5,-73.9,286.1,289.3,Tripod,Other,,23,5,True,,True,False,,Smart,RC,False,True,False,,,True,,False,False,False,False,False,False,False,False,False,False,0,Follow Yaw,-77.9,0,-81.2,278.8,False,False,False,False,False,,0,0,False,False,No Card,100,100,1024,1321,1147,1024,2,False,False,False,False,False,0,False,False,False,False,91,,47.544,,4537,,4986,,47.544,,True,3.964,3.964,3.964,3.964,3.964,3.964,3.964,3.964,3.964,3.964,3.964,3.964,0,,False,False,True,,,,,,,,,,,,,,,False,False,9.546,,86.1,,75.7,,87.0,,1736,51,10,17,7,143678.0,19157.07,,Idle,,20,,10,,,20,Go Home,False,False,False,False,False,False,False,False,False,False,False,False,33.8027920380556,-117.4659261431046,1083.2,2972.0,1049.4,396.9,True,1,1,False,False,False,False,,True,False,False,Course Lock,196.8,67,16.4,93,E,S,8.27,8.27,Calm,False,False,Android,7.0.2,M300 RTK,1ZN7L4R0H1D00F,1W9DL31001461C,1ZMLH8300204F0,1Z6PH74DAP0QN7,"Corona, CA",728.3,5.7,137.7,8.547347,2.013246,0,0,DJI Matrice 300 RTK,M300 RTK,1ZN7L4R0H1D00F,1W9DL31001461C,1ZMLH8300204F0,1Z6PH74DAP0QN7,DJI Pilot,Android,7.0.2,1EF72A62-B7C3-C88D-164E-CE6F8C8424AE,1ZN7L4R0H1D00F,1W9DL31001461C,,1ZMLH8300204F0,1W9DL31001461C,,,,,
2023-11-01,11:27:14.97 AM,2m 52.6s,172.6,33.8011899602368,-117.4689368264263,100.3,100.3,16.7,1364,1207.2,5.533883,6.085134,1.342164,1.565858,-5.368656,1.342164,0,0,1.9,1.8,2.6,-73.8,286.2,285.9,Tripod,Other,,23,5,True,,True,False,,Smart,RC,False,True,False,,,True,,False,False,False,False,False,False,False,False,False,False,0,Follow Yaw,-77.9,0,-81.2,278.8,False,False,False,False,False,,0,0,False,False,No Card,100,100,1024,1319,1170,1024,2,False,False,False,False,False,0,False,False,False,False,91,,47.544,,4537,,4986,,47.544,,True,3.964,3.964,3.964,3.964,3.964,3.964,3.964,3.964,3.964,3.964,3.964,3.964,0,,False,False,True,,,,,,,,,,,,,,,False,False,9.546,,86.1,,75.7,,87.0,,1736,51,10,17,7,143678.0,19157.07,,Idle,,20,,10,,,20,Go Home,False,False,False,False,False,False,False,False,False,False,False,False,33.8027920380556,-117.4659261431046,1083.7,2972.0,1049.4,396.9,True,1,1,False,False,False,False,,True,False,False,Course Lock,196.8,67,16.4,93,E,S,8.27,8.27,Calm,False,False,Android,7.0.2,M300 RTK,1ZN7L4R0H1D00F,1W9DL31001461C,1ZMLH8300204F0,1Z6PH74DAP0QN7,"Corona, CA",728.3,5.7,137.7,8.547347,2.013246,0,0,DJI Matrice 300 RTK,M300 RTK,1ZN7L4R0H1D00F,1W9DL31001461C,1ZMLH8300204F0,1Z6PH74DAP0QN7,DJI Pilot,Android,7.0.2,1EF72A62-B7C3-C88D-164E-CE6F8C8424AE,1ZN7L4R0H1D00F,1W9DL31001461C,,1ZMLH8300204F0,1W9DL31001461C,,,,,
2023-11-01,11:27:15.07 AM,2m 52.7s,172.7,33.8011905479697,-117.4689396995481,100.3,100.3,16.7,1364,1208.1,5.533883,6.085134,1.342164,1.565858,-5.368656,1.342164,0,0,2.1,2,2.9,-73.7,286.3,283.8,Tripod,Other,,23,5,True,,True,False,,Smart,RC,False,True,False,,,True,,False,False,False,False,False,False,False,False,False,False,0,Follow Yaw,-77.9,0,-81.2,278.8,False,False,False,False,False,,0,0,False,False,No Card,100,100,1024,1316,1172,1024,2,False,False,False,False,False,0,False,False,False,False,91,,47.544,,4537,,4986,,47.544,,True,3.964,3.964,3.964,3.964,3.964,3.964,3.964,3.964,3.964,3.964,3.964,3.964,0,,False,False,True,,,,,,,,,,,,,,,False,False,9.546,,86.1,,75.7,,87.0,,1736,51,10,17,7,143678.0,19157.07,,Idle,,20,,10,,,20,Go Home,False,False,False,False,False,False,False,False,False,False,False,False,33.8027920380556,-117.4659261431046,1084.3,2972.0,1049.4,396.9,True,1,1,False,False,False,False,,True,False,False,Course Lock,196.8,67,16.4,93,E,S,8.27,8.27,Calm,False,False,Android,7.0.2,M300 RTK,1ZN7L4R0H1D00F,1W9DL31001461C,1ZMLH8300204F0,1Z6PH74DAP0QN7,"Corona, CA",728.3,5.7,137.7,8.547347,2.013246,0,0,DJI Matrice 300 RTK,M300 RTK,1ZN7L4R0H1D00F,1W9DL31001461C,1ZMLH8300204F0,1Z6PH74DAP0QN7,DJI Pilot,Android,7.0.2,1EF72A62-B7C3-C88D-164E-CE6F8C8424AE,1ZN7L4R0H1D00F,1W9DL31001461C,,1ZMLH8300204F0,1W9DL31001461C,,,,,
2023-11-01,11:27:15.17 AM,2m 52.8s,172.8,33.8011911609226,-117.4689423470424,100.3,100.3,16.7,1364,1208.9,5.533883,6.085134,1.342164,1.565858,-5.368656,1.342164,0,0,2.3,2.4,3.3,-73.6,286.4,285.5,Tripod,Other,,22,5,True,,True,False,,Smart,RC,False,True,False,,,True,,False,False,False,False,False,False,False,False,False,False,0,Follow Yaw,-77.9,0,-81.2,278.8,False,False,False,False,False,,0,0,False,False,No Card,100,100,1024,1316,1171,1024,2,False,False,False,False,False,0,False,False,False,False,91,,47.544,,4537,,4986,,47.544,,True,3.964,3.964,3.964,3.964,3.964,3.964,3.964,3.964,3.964,3.964,3.964,3.964,0,,False,False,True,,,,,,,,,,,,,,,False,False,9.546,,86.1,,75.7,,87.0,,1736,51,10,17,7,143678.0,19157.07,,Idle,,20,,10,,,20,Go Home,False,False,False,False,False,False,False,False,False,False,False,False,33.8027920380556,-117.4659261431046,1084.9,2972.0,1049.4,396.9,True,1,1,False,False,False,False,,True,False,False,Course Lock,196.8,67,16.4,93,E,S,8.27,8.27,Calm,False,False,Android,7.0.2,M300 RTK,1ZN7L4R0H1D00F,1W9DL31001461C,1ZMLH8300204F0,1Z6PH74DAP0QN7,"Corona, CA",728.3,5.7,137.7,8.547347,2.013246,0,0,DJI Matrice 300 RTK,M300 RTK,1ZN7L4R0H1D00F,1W9DL31001461C,1ZMLH8300204F0,1Z6PH74DAP0QN7,DJI Pilot,Android,7.0.2,1EF72A62-B7C3-C88D-164E-CE6F8C8424AE,1ZN7L4R0H1D00F,1W9DL31001461C,,1ZMLH8300204F0,1W9DL31001461C,,,,,
2023-11-01,11:27:15.24 AM,2m 52.9s,172.9,33.8011918297978,-117.4689447260268,100.3,100.3,16.4,1364,1209.7,5.317145,6.085134,1.342164,1.565858,-5.144962,1.342164,0,0,2.6,2.5,3.6,-73.5,286.5,288.6,Tripod,Other,,22,5,True,,True,False,,Smart,RC,False,True,False,,,True,,False,False,False,False,False,False,False,False,False,False,0,Follow Yaw,-77.9,0,-81.2,278.8,False,False,False,False,False,,0,0,False,False,No Card,100,100,1024,1316,1165,1024,2,False,False,False,False,False,0,False,False,False,False,91,,47.544,,4537,,4986,,47.544,,True,3.964,3.964,3.964,3.964,3.964,3.964,3.964,3.964,3.964,3.964,3.964,3.964,0,,False,False,True,,,,,,,,,,,,,,,False,False,9.546,,86.1,,75.7,,87.0,,1736,51,10,17,7,143678.0,19157.07,,Idle,,20,,10,,,20,Go Home,False,False,False,False,False,False,False,False,False,False,False,False,33.8027920380556,-117.4659261431046,1085.4,2972.0,1049.4,396.9,True,1,1,False,False,False,False,,True,False,False,Course Lock,196.8,67,16.4,93,E,S,8.27,8.27,Calm,False,False,Android,7.0.2,M300 RTK,1ZN7L4R0H1D00F,1W9DL31001461C,1ZMLH8300204F0,1Z6PH74DAP0QN7,"Corona, CA",728.3,5.7,137.7,8.547347,2.013246,0,0,DJI Matrice 300 RTK,M300 RTK,1ZN7L4R0H1D00F,1W9DL31001461C,1ZMLH8300204F0,1Z6PH74DAP0QN7,DJI Pilot,Android,7.0.2,1EF72A62-B7C3-C88D-164E-CE6F8C8424AE,1ZN7L4R0H1D00F,1W9DL31001461C,,1ZMLH8300204F0,1W9DL31001461C,,,,,
2023-11-01,11:27:15.34 AM,2m 53.0s,173.0,33.8011924438471,-117.4689473141455,100.3,100.3,16.4,1364,1210.5,5.317145,6.085134,1.342164,1.565858,-5.144962,1.342164,0,0,2.8,2.4,3.6,-73.3,286.7,285.9,Tripod,Other,,23,5,True,,True,False,,Smart,RC,False,True,False,,,True,,False,False,False,False,False,False,False,False,False,False,0,Follow Yaw,-77.9,0,-81.2,278.8,False,False,False,False,False,,0,0,False,False,No Card,100,100,1024,1319,1161,1024,2,False,False,False,False,False,0,False,False,False,False,90,,47.508,,9089,,10044,,47.508,,True,3.964,3.964,3.964,3.964,3.964,3.964,3.964,3.964,3.964,3.964,3.964,3.964,0,,False,False,True,,,,,,,,,,,,,,,False,False,19.616,,87.2,,75.7,,87.2,,1736,51,10,17,7,143678.0,19157.07,,Idle,,20,,10,,,20,Go Home,False,False,False,False,False,False,False,False,False,False,False,False,33.8027920380556,-117.4659261431046,1085.9,2972.0,1049.4,396.9,True,1,1,False,False,False,False,,True,False,False,Course Lock,196.8,67,16.4,93,E,S,8.27,8.27,Calm,False,False,Android,7.0.2,M300 RTK,1ZN7L4R0H1D00F,1W9DL31001461C,1ZMLH8300204F0,1Z6PH74DAP0QN7,"Corona, CA",728.3,5.7,137.7,8.547347,2.013246,0,0,DJI Matrice 300 RTK,M300 RTK,1ZN7L4R0H1D00F,1W9DL31001461C,1ZMLH8300204F0,1Z6PH74DAP0QN7,DJI Pilot,Android,7.0.2,1EF72A62-B7C3-C88D-164E-CE6F8C8424AE,1ZN7L4R0H1D00F,1W9DL31001461C,,1ZMLH8300204F0,1W9DL31001461C,,,,,
2023-11-01,11:27:15.44 AM,2m 53.1s,173.1,33.8011930074567,-117.4689499471257,100.3,100.3,16.4,1364,1211.3,5.317145,6.085134,1.342164,1.565858,-5.144962,1.342164,0,0,2.9,2.3,3.7,-73.2,286.8,284.4,Tripod,Other,,23,5,True,,True,False,,Smart,RC,False,True,False,,,True,,False,False,False,False,False,False,False,False,False,False,0,Follow Yaw,-77.9,0,-81.2,278.8,False,False,False,False,False,,0,0,False,False,No Card,100,100,1024,1317,1171,1024,2,False,False,False,False,False,0,False,False,False,False,90,,47.508,,9089,,10044,,47.508,,True,3.964,3.964,3.964,3.964,3.964,3.964,3.964,3.964,3.964,3.964,3.964,3.964,0,,False,False,True,,,,,,,,,,,,,,,False,False,19.616,,87.2,,75.7,,87.2,,1736,51,10,17,7,143678.0,19157.07,,Idle,,20,,10,,,20,Go Home,False,False,False,False,False,False,False,False,False,False,False,False,33.8027920380556,-117.4659261431046,1086.5,2972.0,1049.4,396.9,True,1,1,False,False,False,False,,True,False,False,Course Lock,196.8,67,16.4,93,E,S,8.27,8.27,Calm,False,False,Android,7.0.2,M300 RTK,1ZN7L4R0H1D00F,1W9DL31001461C,1ZMLH8300204F0,1Z6PH74DAP0QN7,"Corona, CA",728.3,5.7,137.7,8.547347,2.013246,0,0,DJI Matrice 300 RTK,M300 RTK,1ZN7L4R0H1D00F,1W9DL31001461C,1ZMLH8300204F0,1Z6PH74DAP0QN7,DJI Pilot,Android,7.0.2,1EF72A62-B7C3-C88D-164E-CE6F8C8424AE,1ZN7L4R0H1D00F,1W9DL31001461C,,1ZMLH8300204F0,1W9DL31001461C,,,,,
2023-11-01,11:27:15.54 AM,2m 53.2s,173.2,33.8011936088961,-117.4689524785169,100.3,100.3,16.4,1364,1212.1,5.317145,6.085134,1.342164,1.565858,-5.144962,1.342164,-0.223694,0,2.6,2.5,3.6,-73,287,285.9,Tripod,Other,,23,5,True,,True,False,,Smart,RC,False,True,False,,,True,,False,False,False,False,False,False,False,False,False,False,0,Follow Yaw,-77.9,0,-81.2,278.8,False,False,False,False,False,,0,0,False,False,No Card,100,100,1024,1318,1177,1024,2,False,False,False,False,False,0,False,False,False,False,90,,47.508,,9089,,10044,,47.508,,True,3.964,3.964,3.964,3.964,3.964,3.964,3.964,3.964,3.964,3.964,3.964,3.964,0,,False,False,True,,,,,,,,,,,,,,,False,False,19.616,,87.2,,75.7,,87.2,,1736,51,10,17,7,143678.0,19157.07,,Idle,,20,,10,,,20,Go Home,False,False,False,False,False,False,False,False,False,False,False,False,33.8027920380556,-117.4659261431046,1087.0,2972.0,1049.4,396.9,True,1,1,False,False,False,False,,True,False,False,Course Lock,196.8,67,16.4,93,E,S,8.27,8.27,Calm,False,False,Android,7.0.2,M300 RTK,1ZN7L4R0H1D00F,1W9DL31001461C,1ZMLH8300204F0,1Z6PH74DAP0QN7,"Corona, CA",728.3,5.7,137.7,8.547347,2.013246,0,0,DJI Matrice 300 RTK,M300 RTK,1ZN7L4R0H1D00F,1W9DL31001461C,1ZMLH8300204F0,1Z6PH74DAP0QN7,DJI Pilot,Android,7.0.2,1EF72A62-B7C3-C88D-164E-CE6F8C8424AE,1ZN7L4R0H1D00F,1W9DL31001461C,,1ZMLH8300204F0,1W9DL31001461C,,,,,
2023-11-01,11:27:15.64 AM,2m 53.3s,173.3,33.8011941319346,-117.4689548693672,100.7,100.7,16.4,1364,1212.9,5.101008,6.085134,1.342164,1.565858,-4.921268,1.342164,0,0,1.8,2.5,3,-72.9,287.1,284.7,Tripod,Other,,23,5,True,,True,False,,Smart,RC,False,True,False,,,True,,False,False,False,False,False,False,False,False,False,False,0,Follow Yaw,-77.9,0,-81.2,278.8,False,False,False,False,False,,0,0,False,False,No Card,100,100,1024,1319,1216,1024,2,False,False,False,False,False,0,False,False,False,False,90,,47.508,,9089,,10044,,47.508,,True,3.959,3.959,3.959,3.959,3.959,3.959,3.959,3.959,3.959,3.959,3.959,3.959,0,,False,False,True,,,,,,,,,,,,,,,False,False,19.616,,87.2,,75.7,,87.2,,1732,51,10,17,7,144079.7,19210.63,,Idle,,20,,10,,,20,Go Home,False,False,False,False,False,False,False,False,False,False,False,False,33.8027920380556,-117.4659261431046,1087.5,2972.0,1049.4,396.9,True,1,1,False,False,False,False,,True,False,False,Course Lock,196.8,67,16.4,93,E,S,8.27,8.27,Calm,False,False,Android,7.0.2,M300 RTK,1ZN7L4R0H1D00F,1W9DL31001461C,1ZMLH8300204F0,1Z6PH74DAP0QN7,"Corona, CA",728.3,5.7,137.7,8.547347,2.013246,0,0,DJI Matrice 300 RTK,M300 RTK,1ZN7L4R0H1D00F,1W9DL31001461C,1ZMLH8300204F0,1Z6PH74DAP0QN7,DJI Pilot,Android,7.0.2,1EF72A62-B7C3-C88D-164E-CE6F8C8424AE,1ZN7L4R0H1D00F,1W9DL31001461C,,1ZMLH8300204F0,1W9DL31001461C,,,,,
2023-11-01,11:27:15.74 AM,2m 53.4s,173.4,33.8011947251502,-117.4689573499499,100.7,100.7,16.4,1364,1213.6,5.101008,6.085134,1.342164,1.565858,-4.921268,1.342164,0,0,1.3,2.5,2.8,-72.9,287.1,286.0,Tripod,Other,,23,5,True,,True,False,,Smart,RC,False,True,False,,,True,,False,False,False,False,False,False,False,False,False,False,0,Follow Yaw,-77.9,0,-81.2,278.8,False,False,False,False,False,,0,0,False,False,No Card,100,100,1024,1319,1240,1024,2,False,False,False,False,False,0,False,False,False,False,90,,47.508,,9089,,10044,,47.508,,True,3.959,3.959,3.959,3.959,3.959,3.959,3.959,3.959,3.959,3.959,3.959,3.959,0,,False,False,True,,,,,,,,,,,,,,,False,False,19.616,,87.2,,75.7,,87.2,,1732,51,10,17,7,144079.7,19210.63,,Idle,,20,,10,,,20,Go Home,False,False,False,False,False,False,False,False,False,False,False,False,33.8027920380556,-117.4659261431046,1088.0,2972.0,1049.4,396.9,True,1,1,False,False,False,False,,True,False,False,Course Lock,196.8,67,16.4,93,E,S,8.27,8.27,Calm,False,False,Android,7.0.2,M300 RTK,1ZN7L4R0H1D00F,1W9DL31001461C,1ZMLH8300204F0,1Z6PH74DAP0QN7,"Corona, CA",728.3,5.7,137.7,8.547347,2.013246,0,0,DJI Matrice 300 RTK,M300 RTK,1ZN7L4R0H1D00F,1W9DL31001461C,1ZMLH8300204F0,1Z6PH74DAP0QN7,DJI Pilot,Android,7.0.2,1EF72A62-B7C3-C88D-164E-CE6F8C8424AE,1ZN7L4R0H1D00F,1W9DL31001461C,,1ZMLH8300204F0,1W9DL31001461C,,,,,
2023-11-01,11:27:15.84 AM,2m 53.5s,173.5,33.8011955398621,-117.468960124772,100.7,100.7,16.4,1364,1214.5,5.101008,6.085134,1.342164,1.565858,-4.921268,1.342164,-0.223694,0,1.3,2.5,2.8,-72.9,287.1,289.4,Tripod,Other,,23,5,True,,True,False,,Smart,RC,False,True,False,,,True,,False,False,False,False,False,False,False,False,False,False,0,Follow Yaw,-77.9,0,-81.2,278.8,False,False,False,False,False,,0,0,False,False,No Card,100,100,1024,1319,1246,1024,2,False,False,False,False,False,0,False,False,False,False,90,,47.508,,9089,,10044,,47.508,,True,3.959,3.959,3.959,3.959,3.959,3.959,3.959,3.959,3.959,3.959,3.959,3.959,0,,False,False,True,,,,,,,,,,,,,,,False,False,19.616,,87.2,,75.7,,87.2,,1732,51,10,17,7,144079.7,19210.63,,Idle,,20,,10,,,20,Go Home,False,False,False,False,False,False,False,False,False,False,False,False,33.8027920380556,-117.4659261431046,1088.6,2972.0,1049.4,396.9,True,1,1,False,False,False,False,,True,False,False,Course Lock,196.8,67,16.4,93,E,S,8.27,8.27,Calm,False,False,Android,7.0.2,M300 RTK,1ZN7L4R0H1D00F,1W9DL31001461C,1ZMLH8300204F0,1Z6PH74DAP0QN7,"Corona, CA",728.3,5.7,137.7,8.547347,2.013246,0,0,DJI Matrice 300 RTK,M300 RTK,1ZN7L4R0H1D00F,1W9DL31001461C,1ZMLH8300204F0,1Z6PH74DAP0QN7,DJI Pilot,Android,7.0.2,1EF72A62-B7C3-C88D-164E-CE6F8C8424AE,1ZN7L4R0H1D00F,1W9DL31001461C,,1ZMLH8300204F0,1W9DL31001461C,,,,,
2023-11-01,11:27:15.94 AM,2m 53.6s,173.6,33.8011961539115,-117.4689626251466,100.7,100.7,16.4,1364,1215.3,5.101008,6.085134,1.342164,1.565858,-4.921268,1.342164,-0.223694,0,1.5,2.5,2.9,-73,287,286.4,Tripod,Other,,23,5,True,,True,False,,Smart,RC,False,True,False,,,True,,False,False,False,False,False,False,False,False,False,False,0,Follow Yaw,-77.9,0,-81.2,278.8,False,False,False,False,False,,0,0,False,False,No Card,100,100,1024,1319,1246,1036,2,False,False,False,False,False,0,False,False,False,False,90,,47.508,,9089,,10044,,47.508,,True,3.959,3.959,3.959,3.959,3.959,3.959,3.959,3.959,3.959,3.959,3.959,3.959,0,,False,False,True,,,,,,,,,,,,,,,False,False,19.616,,87.2,,75.7,,87.2,,1732,51,10,17,7,144079.7,19210.63,,Idle,,20,,10,,,20,Go Home,False,False,False,False,False,False,False,False,False,False,False,False,33.8027920380556,-117.4659261431046,1089.1,2972.0,1049.4,396.9,True,1,1,False,False,False,False,,True,False,False,Course Lock,196.8,67,16.4,93,E,S,8.27,8.27,Calm,False,False,Android,7.0.2,M300 RTK,1ZN7L4R0H1D00F,1W9DL31001461C,1ZMLH8300204F0,1Z6PH74DAP0QN7,"Corona, CA",728.3,5.7,137.7,8.547347,2.013246,0,0,DJI Matrice 300 RTK,M300 RTK,1ZN7L4R0H1D00F,1W9DL31001461C,1ZMLH8300204F0,1Z6PH74DAP0QN7,DJI Pilot,Android,7.0.2,1EF72A62-B7C3-C88D-164E-CE6F8C8424AE,1ZN7L4R0H1D00F,1W9DL31001461C,,1ZMLH8300204F0,1W9DL31001461C,,,,,
2023-11-01,11:27:16.04 AM,2m 53.7s,173.7,33.801196598549,-117.4689650430551,100.7,100.7,16.0,1364,1216.1,5.101008,6.085134,1.342164,1.565858,-4.921268,1.342164,-0.223694,0,1.4,2,2.4,-73.2,286.8,282.4,Tripod,Other,,23,5,True,,True,False,,Smart,RC,False,True,False,,,True,,False,False,False,False,False,False,False,False,False,False,0,Follow Yaw,-77.9,0,-81.2,278.8,False,False,False,False,False,,0,0,False,False,No Card,100,100,1024,1319,1247,1043,2,False,False,False,False,False,0,False,False,False,False,91,,47.556,,4537,,4986,,47.556,,True,3.959,3.959,3.959,3.959,3.959,3.959,3.959,3.959,3.959,3.959,3.959,3.959,0,,False,False,True,,,,,,,,,,,,,,,False,False,9.348,,86.3,,75.7,,87.2,,1732,51,10,17,7,144079.7,19210.63,,Idle,,20,,10,,,20,Go Home,False,False,False,False,False,False,False,False,False,False,False,False,33.8027920380556,-117.4659261431046,1089.6,2972.0,1049.4,396.9,True,1,1,False,False,False,False,,True,False,False,Course Lock,196.8,67,16.4,93,E,S,8.27,8.27,Calm,False,False,Android,7.0.2,M300 RTK,1ZN7L4R0H1D00F,1W9DL31001461C,1ZMLH8300204F0,1Z6PH74DAP0QN7,"Corona, CA",728.3,5.7,137.7,8.547347,2.013246,0,0,DJI Matrice 300 RTK,M300 RTK,1ZN7L4R0H1D00F,1W9DL31001461C,1ZMLH8300204F0,1Z6PH74DAP0QN7,DJI Pilot,Android,7.0.2,1EF72A62-B7C3-C88D-164E-CE6F8C8424AE,1ZN7L4R0H1D00F,1W9DL31001461C,,1ZMLH8300204F0,1W9DL31001461C,,,,,
2023-11-01,11:27:16.14 AM,2m 53.8s,173.8,33.8011972005367,-117.4689675388117,100.7,100.7,16.0,1364,1216.9,5.101008,6.085134,1.342164,1.565858,-4.921268,1.342164,-0.223694,0,1.3,1.7,2.1,-73.3,286.7,286.1,Tripod,Other,,23,5,True,,True,False,,Smart,RC,False,True,False,,,True,,False,False,False,False,False,False,False,False,False,False,0,Follow Yaw,-77.9,0,-81.2,278.8,False,False,False,False,False,,0,0,False,False,No Card,100,100,1024,1319,1250,1040,2,False,False,False,False,False,0,False,False,False,False,91,,47.556,,4537,,4986,,47.556,,True,3.959,3.959,3.959,3.959,3.959,3.959,3.959,3.959,3.959,3.959,3.959,3.959,0,,False,False,True,,,,,,,,,,,,,,,False,False,9.348,,86.3,,75.7,,87.2,,1732,51,10,17,7,144079.7,19210.63,,Idle,,20,,10,,,20,Go Home,False,False,False,False,False,False,False,False,False,False,False,False,33.8027920380556,-117.4659261431046,1090.2,2972.0,1049.4,396.9,True,1,1,False,False,False,False,,True,False,False,Course Lock,196.8,67,16.4,93,E,S,8.27,8.27,Calm,False,False,Android,7.0.2,M300 RTK,1ZN7L4R0H1D00F,1W9DL31001461C,1ZMLH8300204F0,1Z6PH74DAP0QN7,"Corona, CA",728.3,5.7,137.7,8.547347,2.013246,0,0,DJI Matrice 300 RTK,M300 RTK,1ZN7L4R0H1D00F,1W9DL31001461C,1ZMLH8300204F0,1Z6PH74DAP0QN7,DJI Pilot,Android,7.0.2,1EF72A62-B7C3-C88D-164E-CE6F8C8424AE,1ZN7L4R0H1D00F,1W9DL31001461C,,1ZMLH8300204F0,1W9DL31001461C,,,,,
2023-11-01,11:27:16.24 AM,2m 53.9s,173.9,33.8011978173273,-117.4689700688742,100.7,100.7,16.0,1364,1217.7,5.101008,6.085134,1.342164,1.565858,-4.921268,1.342164,-0.223694,0,1.4,1.7,2.2,-73.4,286.6,286.3,Tripod,Other,,23,5,True,,True,False,,Smart,RC,False,True,False,,,True,,False,False,False,False,False,False,False,False,False,False,0,Follow Yaw,-77.9,0,-81.2,278.8,False,False,False,False,False,,0,0,False,False,No Card,100,100,1024,1318,1257,1031,2,False,False,False,False,False,0,False,False,False,False,91,,47.556,,4537,,4986,,47.556,,True,3.959,3.959,3.959,3.959,3.959,3.959,3.959,3.959,3.959,3.959,3.959,3.959,0,,False,False,True,,,,,,,,,,,,,,,False,False,9.348,,86.3,,75.7,,87.2,,1732,51,10,17,7,144079.7,19210.63,,Idle,,20,,10,,,20,Go Home,False,False,False,False,False,False,False,False,False,False,False,False,33.8027920380556,-117.4659261431046,1090.7,2972.0,1049.4,396.9,True,1,1,False,False,False,False,,True,False,False,Course Lock,196.8,67,16.4,93,E,S,8.5,8.5,Calm,False,False,Android,7.0.2,M300 RTK,1ZN7L4R0H1D00F,1W9DL31001461C,1ZMLH8300204F0,1Z6PH74DAP0QN7,"Corona, CA",728.3,5.7,137.7,8.547347,2.013246,0,0,DJI Matrice 300 RTK,M300 RTK,1ZN7L4R0H1D00F,1W9DL31001461C,1ZMLH8300204F0,1Z6PH74DAP0QN7,DJI Pilot,Android,7.0.2,1EF72A62-B7C3-C88D-164E-CE6F8C8424AE,1ZN7L4R0H1D00F,1W9DL31001461C,,1ZMLH8300204F0,1W9DL31001461C,,,,,
2023-11-01,11:27:16.34 AM,2m 54.0s,174.0,33.8011984028672,-117.4689725936589,100.7,100.7,16.0,1364,1218.4,5.317145,6.085134,1.342164,1.565858,-5.144962,1.342164,-0.223694,0,1.7,1.8,2.4,-73.3,286.7,285.5,Tripod,Other,,23,5,True,,True,False,,Smart,RC,False,True,False,,,True,,False,False,False,False,False,False,False,False,False,False,0,Follow Yaw,-77.9,0,-81.2,278.8,False,False,False,False,False,,0,0,False,False,No Card,100,100,1024,1317,1261,1025,2,False,False,False,False,False,0,False,False,False,False,90,,47.556,,9089,,10044,,47.556,,True,3.959,3.959,3.959,3.959,3.959,3.959,3.959,3.959,3.959,3.959,3.959,3.959,0,,False,False,True,,,,,,,,,,,,,,,False,False,19.186,,87.2,,75.7,,87.2,,1732,51,10,17,7,144079.7,19210.63,,Idle,,20,,10,,,20,Go Home,False,False,False,False,False,False,False,False,False,False,False,False,33.8027920380556,-117.4659261431046,1091.2,2972.0,1049.4,396.9,True,1,1,False,False,False,False,,True,False,False,Course Lock,196.8,67,16.4,93,E,S,8.5,8.5,Calm,False,False,Android,7.0.2,M300 RTK,1ZN7L4R0H1D00F,1W9DL31001461C,1ZMLH8300204F0,1Z6PH74DAP0QN7,"Corona, CA",728.3,5.7,137.7,8.547347,2.013246,0,0,DJI Matrice 300 RTK,M300 RTK,1ZN7L4R0H1D00F,1W9DL31001461C,1ZMLH8300204F0,1Z6PH74DAP0QN7,DJI Pilot,Android,7.0.2,1EF72A62-B7C3-C88D-164E-CE6F8C8424AE,1ZN7L4R0H1D00F,1W9DL31001461C,,1ZMLH8300204F0,1W9DL31001461C,,,,,
2023-11-01,11:27:16.41 AM,2m 54.1s,174.1,33.8011992658259,-117.4689752899732,101.0,101.0,16.0,1365,1219.3,5.317145,6.085134,1.342164,1.565858,-5.144962,1.342164,-0.223694,0,1.8,2.2,2.8,-73.3,286.7,291.0,Tripod,Other,,23,5,True,,True,False,,Smart,RC,False,True,False,,,True,,False,False,False,False,False,False,False,False,False,False,0,Follow Yaw,-77.9,0,-81.2,278.8,False,False,False,False,False,,0,0,False,False,No Card,100,100,1024,1317,1261,1024,2,False,False,False,False,False,0,False,False,False,False,90,,47.556,,9089,,10044,,47.556,,True,3.959,3.959,3.959,3.959,3.959,3.959,3.959,3.959,3.959,3.959,3.959,3.959,0,,False,False,True,,,,,,,,,,,,,,,False,False,19.186,,87.2,,75.7,,87.2,,1732,51,10,17,7,144079.7,19210.63,,Idle,,20,,10,,,20,Go Home,False,False,False,False,False,False,False,False,False,False,False,False,33.8027920380556,-117.4659261431046,1091.8,2972.0,1049.4,396.9,True,1,1,False,False,False,False,,True,False,False,Course Lock,196.8,67,16.4,93,E,S,8.5,8.5,Calm,False,False,Android,7.0.2,M300 RTK,1ZN7L4R0H1D00F,1W9DL31001461C,1ZMLH8300204F0,1Z6PH74DAP0QN7,"Corona, CA",728.3,5.7,137.7,8.547347,2.013246,0,0,DJI Matrice 300 RTK,M300 RTK,1ZN7L4R0H1D00F,1W9DL31001461C,1ZMLH8300204F0,1Z6PH74DAP0QN7,DJI Pilot,Android,7.0.2,1EF72A62-B7C3-C88D-164E-CE6F8C8424AE,1ZN7L4R0H1D00F,1W9DL31001461C,,1ZMLH8300204F0,1W9DL31001461C,,,,,
2023-11-01,11:27:16.52 AM,2m 54.2s,174.2,33.8011998700066,-117.468977841147,101.0,101.0,16.0,1365,1220.1,5.317145,6.085134,1.342164,1.565858,-5.144962,1.342164,-0.447388,0,1.5,2.6,3,-73.3,286.7,285.9,Tripod,Other,,23,5,True,,True,False,,Smart,RC,False,True,False,,,True,,False,False,False,False,False,False,False,False,False,False,0,Follow Yaw,-77.9,0,-81.2,278.8,False,False,False,False,False,,0,0,False,False,No Card,100,100,1024,1315,1252,1024,2,False,False,False,False,False,0,False,False,False,False,90,,47.556,,9089,,10044,,47.556,,True,3.959,3.959,3.959,3.959,3.959,3.959,3.959,3.959,3.959,3.959,3.959,3.959,0,,False,False,True,,,,,,,,,,,,,,,False,False,19.186,,87.2,,75.7,,87.2,,1732,51,10,17,7,144079.7,19210.63,,Idle,,20,,10,,,20,Go Home,False,False,False,False,False,False,False,False,False,False,False,False,33.8027920380556,-117.4659261431046,1092.3,2972.0,1049.4,396.9,True,1,1,False,False,False,False,,True,False,False,Course Lock,196.8,67,16.4,93,E,S,8.5,8.5,Calm,False,False,Android,7.0.2,M300 RTK,1ZN7L4R0H1D00F,1W9DL31001461C,1ZMLH8300204F0,1Z6PH74DAP0QN7,"Corona, CA",728.3,5.7,137.7,8.547347,2.013246,0,0,DJI Matrice 300 RTK,M300 RTK,1ZN7L4R0H1D00F,1W9DL31001461C,1ZMLH8300204F0,1Z6PH74DAP0QN7,DJI Pilot,Android,7.0.2,1EF72A62-B7C3-C88D-164E-CE6F8C8424AE,1ZN7L4R0H1D00F,1W9DL31001461C,,1ZMLH8300204F0,1W9DL31001461C,,,,,
2023-11-01,11:27:16.64 AM,2m 54.3s,174.3,33.8012003596013,-117.4689803514177,101.0,101.0,16.0,1365,1220.9,5.317145,6.085134,1.342164,1.565858,-5.144962,1.342164,-0.447388,0,1.3,2.9,3.1,-73.3,286.7,283.2,Tripod,Other,,23,5,True,,True,False,,Smart,RC,False,True,False,,,True,,False,False,False,False,False,False,False,False,False,False,0,Follow Yaw,-77.9,0,-81.2,278.8,False,False,False,False,False,,0,0,False,False,No Card,100,100,1024,1314,1251,1024,2,False,False,False,False,False,0,False,False,False,False,90,,47.556,,9089,,10044,,47.556,,True,3.961,3.961,3.961,3.961,3.961,3.961,3.961,3.961,3.961,3.961,3.961,3.961,0,,False,False,True,,,,,,,,,,,,,,,False,False,19.186,,87.2,,75.7,,87.2,,1729,51,10,17,7,144456.2,19260.83,,Idle,,20,,10,,,20,Go Home,False,False,False,False,False,False,False,False,False,False,False,False,33.8027920380556,-117.4659261431046,1092.8,2972.0,1049.4,396.9,True,1,1,False,False,False,False,,True,False,False,Course Lock,196.8,67,16.4,93,E,S,8.5,8.5,Calm,False,False,Android,7.0.2,M300 RTK,1ZN7L4R0H1D00F,1W9DL31001461C,1ZMLH8300204F0,1Z6PH74DAP0QN7,"Corona, CA",728.3,5.7,137.7,8.547347,2.013246,0,0,DJI Matrice 300 RTK,M300 RTK,1ZN7L4R0H1D00F,1W9DL31001461C,1ZMLH8300204F0,1Z6PH74DAP0QN7,DJI Pilot,Android,7.0.2,1EF72A62-B7C3-C88D-164E-CE6F8C8424AE,1ZN7L4R0H1D00F,1W9DL31001461C,,1ZMLH8300204F0,1W9DL31001461C,,,,,
2023-11-01,11:27:16.73 AM,2m 54.4s,174.4,33.8012009676199,-117.4689829395364,101.0,101.0,16.0,1365,1221.7,5.317145,6.085134,1.342164,1.565858,-5.144962,1.342164,-0.447388,0,1.4,3,3.3,-73.3,286.7,285.7,Tripod,Other,,23,5,True,,True,False,,Smart,RC,False,True,False,,,True,,False,False,False,False,False,False,False,False,False,False,0,Follow Yaw,-77.9,0,-81.2,278.8,False,False,False,False,False,,0,0,False,False,No Card,100,100,1024,1314,1252,1024,2,False,False,False,False,False,0,False,False,False,False,90,,47.556,,9089,,10044,,47.556,,True,3.961,3.961,3.961,3.961,3.961,3.961,3.961,3.961,3.961,3.961,3.961,3.961,0,,False,False,True,,,,,,,,,,,,,,,False,False,19.186,,87.2,,75.7,,87.2,,1729,51,10,17,7,144456.2,19260.83,,Idle,,20,,10,,,20,Go Home,False,False,False,False,False,False,False,False,False,False,False,False,33.8027920380556,-117.4659261431046,1093.4,2972.0,1049.4,396.9,True,1,1,False,False,False,False,,True,False,False,Course Lock,196.8,67,16.4,93,E,S,8.5,8.5,Calm,False,False,Android,7.0.2,M300 RTK,1ZN7L4R0H1D00F,1W9DL31001461C,1ZMLH8300204F0,1Z6PH74DAP0QN7,"Corona, CA",728.3,5.7,137.7,8.547347,2.013246,0,0,DJI Matrice 300 RTK,M300 RTK,1ZN7L4R0H1D00F,1W9DL31001461C,1ZMLH8300204F0,1Z6PH74DAP0QN7,DJI Pilot,Android,7.0.2,1EF72A62-B7C3-C88D-164E-CE6F8C8424AE,1ZN7L4R0H1D00F,1W9DL31001461C,,1ZMLH8300204F0,1W9DL31001461C,,,,,
2023-11-01,11:27:16.83 AM,2m 54.5s,174.5,33.8012017143478,-117.4689852251692,101.0,101.0,16.0,1365,1222.5,5.317145,6.085134,1.342164,1.565858,-5.144962,1.342164,-0.447388,0,1.6,2.8,3.2,-73.4,286.6,291.4,Tripod,Other,,23,5,True,,True,False,,Smart,RC,False,True,False,,,True,,False,False,False,False,False,False,False,False,False,False,0,Follow Yaw,-77.9,0,-81.2,278.8,False,False,False,False,False,,0,0,False,False,No Card,100,100,1024,1314,1247,1024,2,False,False,False,False,False,0,False,False,False,False,90,,47.556,,9089,,10044,,47.556,,True,3.961,3.961,3.961,3.961,3.961,3.961,3.961,3.961,3.961,3.961,3.961,3.961,0,,False,False,True,,,,,,,,,,,,,,,False,False,19.186,,87.2,,75.7,,87.2,,1729,51,10,17,7,144456.2,19260.83,,Idle,,20,,10,,,20,Go Home,False,False,False,False,False,False,False,False,False,False,False,False,33.8027920380556,-117.4659261431046,1093.8,2972.0,1049.4,396.9,True,1,1,False,False,False,False,,True,False,False,Course Lock,196.8,67,16.4,93,E,S,8.5,8.5,Calm,False,False,Android,7.0.2,M300 RTK,1ZN7L4R0H1D00F,1W9DL31001461C,1ZMLH8300204F0,1Z6PH74DAP0QN7,"Corona, CA",728.3,5.7,137.7,8.547347,2.013246,0,0,DJI Matrice 300 RTK,M300 RTK,1ZN7L4R0H1D00F,1W9DL31001461C,1ZMLH8300204F0,1Z6PH74DAP0QN7,DJI Pilot,Android,7.0.2,1EF72A62-B7C3-C88D-164E-CE6F8C8424AE,1ZN7L4R0H1D00F,1W9DL31001461C,,1ZMLH8300204F0,1W9DL31001461C,,,,,
2023-11-01,11:27:16.93 AM,2m 54.6s,174.6,33.8012023470379,-117.4689878172462,101.3,101.3,16.0,1365,1223.3,5.317145,6.085134,1.342164,1.565858,-5.144962,1.342164,-0.447388,0,2.2,2.5,3.3,-73.3,286.7,286.3,Tripod,Other,,23,5,True,,True,False,,Smart,RC,False,True,False,,,True,,False,False,False,False,False,False,False,False,False,False,0,Follow Yaw,-77.9,0,-81.2,278.8,False,False,False,False,False,,0,0,False,False,No Card,100,100,1024,1311,1221,1024,2,False,False,False,False,False,0,False,False,False,False,90,,47.556,,9089,,10044,,47.556,,True,3.961,3.961,3.961,3.961,3.961,3.961,3.961,3.961,3.961,3.961,3.961,3.961,0,,False,False,True,,,,,,,,,,,,,,,False,False,19.186,,87.2,,75.7,,87.2,,1729,51,10,17,7,144456.2,19260.83,,Idle,,20,,10,,,20,Go Home,False,False,False,False,False,False,False,False,False,False,False,False,33.8027920380556,-117.4659261431046,1094.4,2972.0,1049.4,396.9,True,1,1,False,False,False,False,,True,False,False,Course Lock,196.8,67,16.4,93,E,S,8.5,8.5,Calm,False,False,Android,7.0.2,M300 RTK,1ZN7L4R0H1D00F,1W9DL31001461C,1ZMLH8300204F0,1Z6PH74DAP0QN7,"Corona, CA",728.3,5.7,137.7,8.547347,2.013246,0,0,DJI Matrice 300 RTK,M300 RTK,1ZN7L4R0H1D00F,1W9DL31001461C,1ZMLH8300204F0,1Z6PH74DAP0QN7,DJI Pilot,Android,7.0.2,1EF72A62-B7C3-C88D-164E-CE6F8C8424AE,1ZN7L4R0H1D00F,1W9DL31001461C,,1ZMLH8300204F0,1W9DL31001461C,,,,,
2023-11-01,11:27:17.04 AM,2m 54.7s,174.7,33.8012028256674,-117.4689904591329,101.3,101.3,16.0,1365,1224.1,5.317145,6.085134,1.342164,1.565858,-5.144962,1.342164,-0.447388,0,2.7,2.5,3.6,-73.2,286.8,282.2,Tripod,Other,,23,5,True,,True,False,,Smart,RC,False,True,False,,,True,,False,False,False,False,False,False,False,False,False,False,0,Follow Yaw,-77.9,0,-81.2,278.8,False,False,False,False,False,,0,0,False,False,No Card,100,100,1024,1310,1221,1024,2,False,False,False,False,False,0,False,False,False,False,90,,47.556,,9089,,10044,,47.556,,True,3.961,3.961,3.961,3.961,3.961,3.961,3.961,3.961,3.961,3.961,3.961,3.961,0,,False,False,True,,,,,,,,,,,,,,,False,False,19.186,,87.2,,75.7,,87.2,,1729,51,10,17,7,144456.2,19260.83,,Idle,,20,,10,,,20,Go Home,False,False,False,False,False,False,False,False,False,False,False,False,33.8027920380556,-117.4659261431046,1095.0,2972.0,1049.4,396.9,True,1,1,False,False,False,False,,True,False,False,Course Lock,196.8,67,16.4,93,E,S,8.5,8.5,Calm,False,False,Android,7.0.2,M300 RTK,1ZN7L4R0H1D00F,1W9DL31001461C,1ZMLH8300204F0,1Z6PH74DAP0QN7,"Corona, CA",728.3,5.7,137.7,8.547347,2.013246,0,0,DJI Matrice 300 RTK,M300 RTK,1ZN7L4R0H1D00F,1W9DL31001461C,1ZMLH8300204F0,1Z6PH74DAP0QN7,DJI Pilot,Android,7.0.2,1EF72A62-B7C3-C88D-164E-CE6F8C8424AE,1ZN7L4R0H1D00F,1W9DL31001461C,,1ZMLH8300204F0,1W9DL31001461C,,,,,
2023-11-01,11:27:17.14 AM,2m 54.8s,174.8,33.8012034501337,-117.468993048571,101.3,101.3,16.0,1365,1224.9,5.317145,6.085134,1.342164,1.565858,-5.144962,1.342164,-0.447388,0,2.9,2.5,3.8,-73.1,286.9,286.1,Tripod,Other,,23,5,True,,True,False,,Smart,RC,False,True,False,,,True,,False,False,False,False,False,False,False,False,False,False,0,Follow Yaw,-77.9,0,-81.2,278.8,False,False,False,False,False,,0,0,False,False,No Card,100,100,1024,1311,1217,1024,2,False,False,False,False,False,0,False,False,False,False,90,,47.556,,9089,,10044,,47.556,,True,3.961,3.961,3.961,3.961,3.961,3.961,3.961,3.961,3.961,3.961,3.961,3.961,0,,False,False,True,,,,,,,,,,,,,,,False,False,19.186,,87.2,,75.7,,87.2,,1729,51,10,17,7,144456.2,19260.83,,Idle,,20,,10,,,20,Go Home,False,False,False,False,False,False,False,False,False,False,False,False,33.8027920380556,-117.4659261431046,1095.5,2972.0,1049.4,396.9,True,1,1,False,False,False,False,,True,False,False,Course Lock,196.8,67,16.4,93,E,S,8.5,8.5,Calm,False,False,Android,7.0.2,M300 RTK,1ZN7L4R0H1D00F,1W9DL31001461C,1ZMLH8300204F0,1Z6PH74DAP0QN7,"Corona, CA",728.3,5.7,137.7,8.547347,2.013246,0,0,DJI Matrice 300 RTK,M300 RTK,1ZN7L4R0H1D00F,1W9DL31001461C,1ZMLH8300204F0,1Z6PH74DAP0QN7,DJI Pilot,Android,7.0.2,1EF72A62-B7C3-C88D-164E-CE6F8C8424AE,1ZN7L4R0H1D00F,1W9DL31001461C,,1ZMLH8300204F0,1W9DL31001461C,,,,,
2023-11-01,11:27:17.25 AM,2m 54.9s,174.9,33.8012040740517,-117.4689959147656,101.3,101.3,16.0,1365,1225.8,5.317145,6.085134,1.342164,1.565858,-5.144962,1.342164,-0.223694,0,3,2.4,3.8,-73,287,284.6,Tripod,Other,,23,5,True,,True,False,,Smart,RC,False,True,False,,,True,,False,False,False,False,False,False,False,False,False,False,0,Follow Yaw,-77.9,0,-81.2,278.8,False,False,False,False,False,,0,0,False,False,No Card,100,100,1024,1314,1219,1024,2,False,False,False,False,False,0,False,False,False,False,90,,47.556,,4487,,4986,,47.556,,True,3.961,3.961,3.961,3.961,3.961,3.961,3.961,3.961,3.961,3.961,3.961,3.961,0,,False,False,True,,,,,,,,,,,,,,,False,False,9.612,,86.3,,75.7,,87.2,,1729,51,10,17,7,144456.2,19260.83,,Idle,,20,,10,,,20,Go Home,False,False,False,False,False,False,False,False,False,False,False,False,33.8027920380556,-117.4659261431046,1096.1,2972.0,1049.4,396.9,True,1,1,False,False,False,False,,True,False,False,Course Lock,196.8,67,16.4,93,E,S,8.72,8.72,Calm,False,False,Android,7.0.2,M300 RTK,1ZN7L4R0H1D00F,1W9DL31001461C,1ZMLH8300204F0,1Z6PH74DAP0QN7,"Corona, CA",728.3,5.7,137.7,8.547347,2.013246,0,0,DJI Matrice 300 RTK,M300 RTK,1ZN7L4R0H1D00F,1W9DL31001461C,1ZMLH8300204F0,1Z6PH74DAP0QN7,DJI Pilot,Android,7.0.2,1EF72A62-B7C3-C88D-164E-CE6F8C8424AE,1ZN7L4R0H1D00F,1W9DL31001461C,,1ZMLH8300204F0,1W9DL31001461C,,,,,
2023-11-01,11:27:17.35 AM,2m 55.0s,175.0,33.8012046864563,-117.4689985022246,101.7,101.7,16.0,1365,1226.6,5.317145,6.085134,1.342164,1.565858,-5.144962,1.342164,-0.223694,0,3,2.4,3.8,-72.9,287.1,285.8,Tripod,Other,,23,5,True,,True,False,,Smart,RC,False,True,False,,,True,,False,False,False,False,False,False,False,False,False,False,0,Follow Yaw,-77.9,0,-81.2,278.8,False,False,False,False,False,,0,0,False,False,No Card,100,100,1024,1316,1225,1024,2,False,False,False,False,False,0,False,False,False,False,90,,47.568,,9039,,10044,,47.568,,True,3.961,3.961,3.961,3.961,3.961,3.961,3.961,3.961,3.961,3.961,3.961,3.961,0,,False,False,True,,,,,,,,,,,,,,,False,False,19.68,,87.2,,75.7,,87.2,,1729,51,10,17,7,144456.2,19260.83,,Idle,,20,,10,,,20,Go Home,False,False,False,False,False,False,False,False,False,False,False,False,33.8027920380556,-117.4659261431046,1096.7,2972.0,1049.4,396.9,True,1,1,False,False,False,False,,True,False,False,Course Lock,196.8,67,16.4,93,E,S,8.72,8.72,Calm,False,False,Android,7.0.2,M300 RTK,1ZN7L4R0H1D00F,1W9DL31001461C,1ZMLH8300204F0,1Z6PH74DAP0QN7,"Corona, CA",728.3,5.7,137.7,8.547347,2.013246,0,0,DJI Matrice 300 RTK,M300 RTK,1ZN7L4R0H1D00F,1W9DL31001461C,1ZMLH8300204F0,1Z6PH74DAP0QN7,DJI Pilot,Android,7.0.2,1EF72A62-B7C3-C88D-164E-CE6F8C8424AE,1ZN7L4R0H1D00F,1W9DL31001461C,,1ZMLH8300204F0,1W9DL31001461C,,,,,
2023-11-01,11:27:17.46 AM,2m 55.1s,175.1,33.8012051711167,-117.4690008132568,101.7,101.7,16.0,1365,1227.4,5.317145,6.085134,1.342164,1.565858,-5.144962,1.342164,-0.223694,0,3.1,2.8,4.1,-72.9,287.1,284.1,Tripod,Other,,23,5,True,,True,False,,Smart,RC,False,True,False,,,True,,False,False,False,False,False,False,False,False,False,False,0,Follow Yaw,-77.9,0,-81.2,278.8,False,False,False,False,False,,0,0,False,False,No Card,100,100,1024,1311,1216,1120,2,False,False,False,False,False,0,False,False,False,False,90,,47.568,,9039,,10044,,47.568,,True,3.961,3.961,3.961,3.961,3.961,3.961,3.961,3.961,3.961,3.961,3.961,3.961,0,,False,False,True,,,,,,,,,,,,,,,False,False,19.68,,87.2,,75.7,,87.2,,1729,51,10,17,7,144456.2,19260.83,,Idle,,20,,10,,,20,Go Home,False,False,False,False,False,False,False,False,False,False,False,False,33.8027920380556,-117.4659261431046,1097.2,2972.0,1049.4,396.9,True,1,1,False,False,False,False,,True,False,False,Course Lock,196.8,67,16.4,93,E,S,8.72,8.72,Calm,False,False,Android,7.0.2,M300 RTK,1ZN7L4R0H1D00F,1W9DL31001461C,1ZMLH8300204F0,1Z6PH74DAP0QN7,"Corona, CA",728.3,5.7,137.7,8.547347,2.013246,0,0,DJI Matrice 300 RTK,M300 RTK,1ZN7L4R0H1D00F,1W9DL31001461C,1ZMLH8300204F0,1Z6PH74DAP0QN7,DJI Pilot,Android,7.0.2,1EF72A62-B7C3-C88D-164E-CE6F8C8424AE,1ZN7L4R0H1D00F,1W9DL31001461C,,1ZMLH8300204F0,1W9DL31001461C,,,,,
2023-11-01,11:27:17.56 AM,2m 55.2s,175.2,33.8012057533671,-117.4690033396908,101.7,101.7,16.0,1365,1228.2,5.317145,6.085134,1.342164,1.565858,-5.144962,1.342164,-0.223694,0,3,3,4.2,-73,287,285.5,Tripod,Other,,23,5,True,,True,False,,Smart,RC,False,True,False,,,True,,False,False,False,False,False,False,False,False,False,False,0,Follow Yaw,-77.9,0,-81.2,278.8,False,False,False,False,False,,0,0,False,False,No Card,100,100,1024,1311,1216,1120,2,False,False,False,False,False,0,False,False,False,False,90,,47.568,,9039,,10044,,47.568,,True,3.961,3.961,3.961,3.961,3.961,3.961,3.961,3.961,3.961,3.961,3.961,3.961,0,,False,False,True,,,,,,,,,,,,,,,False,False,19.68,,87.2,,75.7,,87.2,,1729,51,10,17,7,144456.2,19260.83,,Idle,,20,,10,,,20,Go Home,False,False,False,False,False,False,False,False,False,False,False,False,33.8027920380556,-117.4659261431046,1097.7,2972.0,1049.4,396.9,True,1,1,False,False,False,False,,True,False,False,Course Lock,196.8,67,16.4,93,E,S,8.72,8.72,Calm,False,False,Android,7.0.2,M300 RTK,1ZN7L4R0H1D00F,1W9DL31001461C,1ZMLH8300204F0,1Z6PH74DAP0QN7,"Corona, CA",728.3,5.7,137.7,8.547347,2.013246,0,0,DJI Matrice 300 RTK,M300 RTK,1ZN7L4R0H1D00F,1W9DL31001461C,1ZMLH8300204F0,1Z6PH74DAP0QN7,DJI Pilot,Android,7.0.2,1EF72A62-B7C3-C88D-164E-CE6F8C8424AE,1ZN7L4R0H1D00F,1W9DL31001461C,,1ZMLH8300204F0,1W9DL31001461C,,,,,
2023-11-01,11:27:17.67 AM,2m 55.3s,175.3,33.8012063586443,-117.4690062576741,101.7,101.7,16.0,1365,1229.1,5.317145,6.085134,1.342164,1.565858,-5.144962,1.342164,-0.223694,0,2.6,3.1,4,-73.1,286.9,284.0,Tripod,Other,,23,5,True,,True,False,,Smart,RC,False,True,False,,,True,,False,False,False,False,False,False,False,False,False,False,0,Follow Yaw,-77.9,0,-81.1,278.9,False,False,False,False,False,,0,0,False,False,No Card,100,100,1024,1316,1214,1108,2,False,False,False,False,False,0,False,False,False,False,90,,47.568,,9039,,10044,,47.568,,True,3.962,3.962,3.962,3.962,3.962,3.962,3.962,3.962,3.962,3.962,3.962,3.962,0,,False,False,True,,,,,,,,,,,,,,,False,False,19.68,,87.2,,75.7,,87.2,,1725,51,10,17,7,144791.8,19305.58,,Idle,,20,,10,,,20,Go Home,False,False,False,False,False,False,False,False,False,False,False,False,33.8027920380556,-117.4659261431046,1098.3,2972.0,1049.4,396.9,True,1,1,False,False,False,False,,True,False,False,Course Lock,196.8,67,16.4,93,E,S,8.72,8.72,Calm,False,False,Android,7.0.2,M300 RTK,1ZN7L4R0H1D00F,1W9DL31001461C,1ZMLH8300204F0,1Z6PH74DAP0QN7,"Corona, CA",728.3,5.7,137.7,8.547347,2.013246,0,0,DJI Matrice 300 RTK,M300 RTK,1ZN7L4R0H1D00F,1W9DL31001461C,1ZMLH8300204F0,1Z6PH74DAP0QN7,DJI Pilot,Android,7.0.2,1EF72A62-B7C3-C88D-164E-CE6F8C8424AE,1ZN7L4R0H1D00F,1W9DL31001461C,,1ZMLH8300204F0,1W9DL31001461C,,,,,
2023-11-01,11:27:17.77 AM,2m 55.4s,175.4,33.8012069419912,-117.4690087827886,101.7,101.7,16.0,1365,1229.9,5.101008,6.085134,1.342164,1.565858,-4.921268,1.342164,-0.223694,0,2.1,3.5,4,-73.3,286.7,285.5,Tripod,Other,,23,5,True,,True,False,,Smart,RC,False,True,False,,,True,,False,False,False,False,False,False,False,False,False,False,0,Follow Yaw,-77.9,0,-80.9,279.1,False,False,False,False,False,,0,0,False,False,No Card,100,100,1024,1315,1238,1025,2,False,False,False,False,False,0,False,False,False,False,90,,47.568,,9039,,10044,,47.568,,True,3.962,3.962,3.962,3.962,3.962,3.962,3.962,3.962,3.962,3.962,3.962,3.962,0,,False,False,True,,,,,,,,,,,,,,,False,False,19.68,,87.2,,75.7,,87.2,,1725,51,10,17,7,144791.8,19305.58,,Idle,,20,,10,,,20,Go Home,False,False,False,False,False,False,False,False,False,False,False,False,33.8027920380556,-117.4659261431046,1098.9,2972.0,1049.4,396.9,True,1,1,False,False,False,False,,True,False,False,Course Lock,196.8,67,16.4,93,E,S,8.72,8.72,Calm,False,False,Android,7.0.2,M300 RTK,1ZN7L4R0H1D00F,1W9DL31001461C,1ZMLH8300204F0,1Z6PH74DAP0QN7,"Corona, CA",728.3,5.7,137.7,8.547347,2.013246,0,0,DJI Matrice 300 RTK,M300 RTK,1ZN7L4R0H1D00F,1W9DL31001461C,1ZMLH8300204F0,1Z6PH74DAP0QN7,DJI Pilot,Android,7.0.2,1EF72A62-B7C3-C88D-164E-CE6F8C8424AE,1ZN7L4R0H1D00F,1W9DL31001461C,,1ZMLH8300204F0,1W9DL31001461C,,,,,
2023-11-01,11:27:17.87 AM,2m 55.5s,175.5,33.8012073948526,-117.4690111723287,101.7,101.7,16.0,1365,1230.6,5.101008,6.085134,1.342164,1.565858,-4.921268,1.342164,-0.223694,0,1.7,3.5,3.8,-73.4,286.6,282.8,Tripod,Other,,23,5,True,,True,False,,Smart,RC,False,True,False,,,True,,False,False,False,False,False,False,False,False,False,False,0,Follow Yaw,-77.9,0,-80.8,279.2,False,False,False,False,False,,0,0,False,False,No Card,100,100,1024,1314,1267,1024,2,False,False,False,False,False,0,False,False,False,False,90,,47.568,,9039,,10044,,47.568,,True,3.962,3.962,3.962,3.962,3.962,3.962,3.962,3.962,3.962,3.962,3.962,3.962,0,,False,False,True,,,,,,,,,,,,,,,False,False,19.68,,87.2,,75.7,,87.2,,1725,51,10,17,7,144791.8,19305.58,,Idle,,20,,10,,,20,Go Home,False,False,False,False,False,False,False,False,False,False,False,False,33.8027920380556,-117.4659261431046,1099.4,2972.0,1049.4,396.9,True,1,1,False,False,False,False,,True,False,False,Course Lock,196.8,67,16.4,93,E,S,8.72,8.72,Calm,False,False,Android,7.0.2,M300 RTK,1ZN7L4R0H1D00F,1W9DL31001461C,1ZMLH8300204F0,1Z6PH74DAP0QN7,"Corona, CA",728.3,5.7,137.7,8.547347,2.013246,0,0,DJI Matrice 300 RTK,M300 RTK,1ZN7L4R0H1D00F,1W9DL31001461C,1ZMLH8300204F0,1Z6PH74DAP0QN7,DJI Pilot,Android,7.0.2,1EF72A62-B7C3-C88D-164E-CE6F8C8424AE,1ZN7L4R0H1D00F,1W9DL31001461C,,1ZMLH8300204F0,1W9DL31001461C,,,,,
2023-11-01,11:27:17.94 AM,2m 55.6s,175.6,33.8012079924542,-117.4690136703943,102.0,102.0,16.0,1366,1231.4,5.101008,6.085134,1.342164,1.565858,-4.921268,1.342164,-0.223694,0,1.9,2.5,3.1,-73.4,286.6,286.0,Tripod,Other,,23,5,True,,True,False,,Smart,RC,False,True,False,,,True,,False,False,False,False,False,False,False,False,False,False,0,Follow Yaw,-77.9,0,-80.8,279.2,False,False,False,False,False,,0,0,False,False,No Card,100,100,1024,1317,1343,1024,2,False,False,False,False,False,0,False,False,False,False,90,,47.568,,9039,,10044,,47.568,,True,3.962,3.962,3.962,3.962,3.962,3.962,3.962,3.962,3.962,3.962,3.962,3.962,0,,False,False,True,,,,,,,,,,,,,,,False,False,19.68,,87.2,,75.7,,87.2,,1725,51,10,17,7,144791.8,19305.58,,Idle,,20,,10,,,20,Go Home,False,False,False,False,False,False,False,False,False,False,False,False,33.8027920380556,-117.4659261431046,1099.9,2972.0,1049.4,396.9,True,1,1,False,False,False,False,,True,False,False,Course Lock,196.8,67,16.4,93,E,S,8.72,8.72,Calm,False,False,Android,7.0.2,M300 RTK,1ZN7L4R0H1D00F,1W9DL31001461C,1ZMLH8300204F0,1Z6PH74DAP0QN7,"Corona, CA",728.3,5.7,137.7,8.547347,2.013246,0,0,DJI Matrice 300 RTK,M300 RTK,1ZN7L4R0H1D00F,1W9DL31001461C,1ZMLH8300204F0,1Z6PH74DAP0QN7,DJI Pilot,Android,7.0.2,1EF72A62-B7C3-C88D-164E-CE6F8C8424AE,1ZN7L4R0H1D00F,1W9DL31001461C,,1ZMLH8300204F0,1W9DL31001461C,,,,,
2023-11-01,11:27:18.04 AM,2m 55.7s,175.7,33.8012088296448,-117.4690160203507,102.0,102.0,16.0,1366,1232.2,5.101008,6.085134,1.342164,1.565858,-4.921268,1.342164,-0.223694,0,2.1,2,2.9,-73.1,286.9,293.2,Tripod,Other,,23,5,True,,True,False,,Smart,RC,False,True,False,,,True,,False,False,False,False,False,False,False,False,False,False,0,Follow Yaw,-77.9,0,-80.8,279.2,False,False,False,False,False,,0,0,False,False,No Card,100,100,1024,1317,1343,1024,2,False,False,False,False,False,0,False,False,False,False,90,,47.568,,9039,,10044,,47.568,,True,3.962,3.962,3.962,3.962,3.962,3.962,3.962,3.962,3.962,3.962,3.962,3.962,0,,False,False,True,,,,,,,,,,,,,,,False,False,19.68,,87.2,,75.7,,87.2,,1725,51,10,17,7,144791.8,19305.58,,Idle,,20,,10,,,20,Go Home,False,False,False,False,False,False,False,False,False,False,False,False,33.8027920380556,-117.4659261431046,1100.4,2972.0,1049.4,396.9,True,1,1,False,False,False,False,,True,False,False,Course Lock,196.8,67,16.4,93,E,S,8.72,8.72,Calm,False,False,Android,7.0.2,M300 RTK,1ZN7L4R0H1D00F,1W9DL31001461C,1ZMLH8300204F0,1Z6PH74DAP0QN7,"Corona, CA",728.3,5.7,137.7,8.547347,2.013246,0,0,DJI Matrice 300 RTK,M300 RTK,1ZN7L4R0H1D00F,1W9DL31001461C,1ZMLH8300204F0,1Z6PH74DAP0QN7,DJI Pilot,Android,7.0.2,1EF72A62-B7C3-C88D-164E-CE6F8C8424AE,1ZN7L4R0H1D00F,1W9DL31001461C,,1ZMLH8300204F0,1W9DL31001461C,,,,,
2023-11-01,11:27:18.14 AM,2m 55.8s,175.8,33.8012094420494,-117.4690185002737,102.0,102.0,16.0,1366,1233.0,5.101008,6.085134,1.342164,1.565858,-4.921268,1.342164,-0.447388,0,2.5,2,3.2,-72.7,287.3,286.5,Tripod,Other,,23,5,True,,True,False,,Smart,RC,False,True,False,,,True,,False,False,False,False,False,False,False,False,False,False,0,Follow Yaw,-77.9,0,-80.8,279.2,False,False,False,False,False,,0,0,False,False,No Card,100,100,1024,1315,1338,1050,2,False,False,False,False,False,0,False,False,False,False,90,,47.568,,9039,,10044,,47.568,,True,3.962,3.962,3.962,3.962,3.962,3.962,3.962,3.962,3.962,3.962,3.962,3.962,0,,False,False,True,,,,,,,,,,,,,,,False,False,19.68,,87.2,,75.7,,87.2,,1725,51,10,17,7,144791.8,19305.58,,Idle,,20,,10,,,20,Go Home,False,False,False,False,False,False,False,False,False,False,False,False,33.8027920380556,-117.4659261431046,1100.9,2972.0,1049.4,396.9,True,1,1,False,False,False,False,,True,False,False,Course Lock,196.8,67,16.4,93,E,S,8.72,8.72,Calm,False,False,Android,7.0.2,M300 RTK,1ZN7L4R0H1D00F,1W9DL31001461C,1ZMLH8300204F0,1Z6PH74DAP0QN7,"Corona, CA",728.3,5.7,137.7,8.547347,2.013246,0,0,DJI Matrice 300 RTK,M300 RTK,1ZN7L4R0H1D00F,1W9DL31001461C,1ZMLH8300204F0,1Z6PH74DAP0QN7,DJI Pilot,Android,7.0.2,1EF72A62-B7C3-C88D-164E-CE6F8C8424AE,1ZN7L4R0H1D00F,1W9DL31001461C,,1ZMLH8300204F0,1W9DL31001461C,,,,,
2023-11-01,11:27:18.24 AM,2m 55.9s,175.9,33.8012100264928,-117.4690211147815,102.0,102.0,15.7,1366,1233.8,5.101008,6.085134,1.342164,1.565858,-4.921268,1.342164,-0.447388,0,2.6,2.3,3.4,-72.5,287.5,285.0,Tripod,Other,,23,5,True,,True,False,,Smart,RC,False,True,False,,,True,,False,False,False,False,False,False,False,False,False,False,0,Follow Yaw,-77.9,0,-80.8,279.2,False,False,False,False,False,,0,0,False,False,No Card,100,100,1024,1314,1326,1075,2,False,False,False,False,False,0,False,False,False,False,90,,47.568,,9039,,10044,,47.568,,True,3.962,3.962,3.962,3.962,3.962,3.962,3.962,3.962,3.962,3.962,3.962,3.962,0,,False,False,True,,,,,,,,,,,,,,,False,False,19.68,,87.2,,75.7,,87.2,,1725,51,10,17,7,144791.8,19305.58,,Idle,,20,,10,,,20,Go Home,False,False,False,False,False,False,False,False,False,False,False,False,33.8027920380556,-117.4659261431046,1101.5,2972.0,1049.4,396.9,True,1,1,False,False,False,False,,True,False,False,Course Lock,196.8,67,16.4,93,E,S,8.72,8.72,Calm,False,False,Android,7.0.2,M300 RTK,1ZN7L4R0H1D00F,1W9DL31001461C,1ZMLH8300204F0,1Z6PH74DAP0QN7,"Corona, CA",728.3,5.7,137.7,8.547347,2.013246,0,0,DJI Matrice 300 RTK,M300 RTK,1ZN7L4R0H1D00F,1W9DL31001461C,1ZMLH8300204F0,1Z6PH74DAP0QN7,DJI Pilot,Android,7.0.2,1EF72A62-B7C3-C88D-164E-CE6F8C8424AE,1ZN7L4R0H1D00F,1W9DL31001461C,,1ZMLH8300204F0,1W9DL31001461C,,,,,
2023-11-01,11:27:18.34 AM,2m 56.0s,176.0,33.8012106312217,-117.4690235867878,102.0,102.0,15.7,1366,1234.6,5.101008,6.085134,1.342164,1.565858,-4.921268,1.342164,-0.447388,0,2.3,2.3,3.2,-72.4,287.6,286.4,Tripod,Other,,23,5,True,,True,False,,Smart,RC,False,True,False,,,True,,False,False,False,False,False,False,False,False,False,False,0,Follow Yaw,-77.9,0,-80.8,279.2,False,False,False,False,False,,0,0,False,False,No Card,100,100,1024,1313,1299,1146,2,False,False,False,False,False,0,False,False,False,False,90,,47.508,,9039,,10044,,47.508,,True,3.962,3.962,3.962,3.962,3.962,3.962,3.962,3.962,3.962,3.962,3.962,3.962,0,,False,False,True,,,,,,,,,,,,,,,False,False,19.284,,87.2,,75.7,,87.2,,1725,51,10,17,7,144791.8,19305.58,,Idle,,20,,10,,,20,Go Home,False,False,False,False,False,False,False,False,False,False,False,False,33.8027920380556,-117.4659261431046,1102.0,2972.0,1049.4,396.9,True,1,1,False,False,False,False,,True,False,False,Course Lock,196.8,67,16.4,93,E,S,8.72,8.72,Calm,False,False,Android,7.0.2,M300 RTK,1ZN7L4R0H1D00F,1W9DL31001461C,1ZMLH8300204F0,1Z6PH74DAP0QN7,"Corona, CA",728.3,5.7,137.7,8.547347,2.013246,0,0,DJI Matrice 300 RTK,M300 RTK,1ZN7L4R0H1D00F,1W9DL31001461C,1ZMLH8300204F0,1Z6PH74DAP0QN7,DJI Pilot,Android,7.0.2,1EF72A62-B7C3-C88D-164E-CE6F8C8424AE,1ZN7L4R0H1D00F,1W9DL31001461C,,1ZMLH8300204F0,1W9DL31001461C,,,,,
2023-11-01,11:27:18.44 AM,2m 56.1s,176.1,33.8012112085378,-117.4690260818846,102.3,102.3,16.0,1366,1235.3,5.101008,6.085134,1.342164,1.565858,-4.921268,1.342164,-0.671082,0,2,2.6,3.2,-72.4,287.6,285.5,Tripod,Other,,23,5,True,,True,False,,Smart,RC,False,True,False,,,True,,False,False,False,False,False,False,False,False,False,False,0,Follow Yaw,-77.9,0,-80.7,279.3,False,False,False,False,False,,0,0,False,False,No Card,100,100,1024,1314,1295,1173,2,False,False,False,False,False,0,False,False,False,False,90,,47.508,,9039,,10044,,47.508,,True,3.962,3.962,3.962,3.962,3.962,3.962,3.962,3.962,3.962,3.962,3.962,3.962,0,,False,False,True,,,,,,,,,,,,,,,False,False,19.284,,87.2,,75.7,,87.2,,1725,51,10,17,7,144791.8,19305.58,,Idle,,20,,10,,,20,Go Home,False,False,False,False,False,False,False,False,False,False,False,False,33.8027920380556,-117.4659261431046,1102.5,2972.0,1049.4,396.9,True,1,1,False,False,False,False,,True,False,False,Course Lock,196.8,67,16.4,93,E,S,8.72,8.72,Calm,False,False,Android,7.0.2,M300 RTK,1ZN7L4R0H1D00F,1W9DL31001461C,1ZMLH8300204F0,1Z6PH74DAP0QN7,"Corona, CA",728.3,5.7,137.7,8.547347,2.013246,0,0,DJI Matrice 300 RTK,M300 RTK,1ZN7L4R0H1D00F,1W9DL31001461C,1ZMLH8300204F0,1Z6PH74DAP0QN7,DJI Pilot,Android,7.0.2,1EF72A62-B7C3-C88D-164E-CE6F8C8424AE,1ZN7L4R0H1D00F,1W9DL31001461C,,1ZMLH8300204F0,1W9DL31001461C,,,,,
2023-11-01,11:27:18.54 AM,2m 56.2s,176.2,33.8012118192976,-117.4690285542208,102.3,102.3,16.0,1366,1236.1,5.101008,6.085134,1.342164,1.565858,-4.921268,1.342164,-0.671082,0,1.7,3.1,3.5,-72.3,287.7,286.5,Tripod,Other,,23,5,True,,True,False,,Smart,RC,False,True,False,,,True,,False,False,False,False,False,False,False,False,False,False,0,Follow Yaw,-77.9,0,-80.4,279.6,False,False,False,False,False,,0,0,False,False,No Card,100,100,1024,1310,1299,1189,2,False,False,False,False,False,0,False,False,False,False,90,,47.508,,9039,,10044,,47.508,,True,3.962,3.962,3.962,3.962,3.962,3.962,3.962,3.962,3.962,3.962,3.962,3.962,0,,False,False,True,,,,,,,,,,,,,,,False,False,19.284,,87.2,,75.7,,87.2,,1725,51,10,17,7,144791.8,19305.58,,Idle,,20,,10,,,20,Go Home,False,False,False,False,False,False,False,False,False,False,False,False,33.8027920380556,-117.4659261431046,1103.1,2972.0,1049.4,396.9,True,1,1,False,False,False,False,,True,False,False,Course Lock,196.8,67,16.4,93,E,S,8.72,8.72,Calm,False,False,Android,7.0.2,M300 RTK,1ZN7L4R0H1D00F,1W9DL31001461C,1ZMLH8300204F0,1Z6PH74DAP0QN7,"Corona, CA",728.3,5.7,137.7,8.547347,2.013246,0,0,DJI Matrice 300 RTK,M300 RTK,1ZN7L4R0H1D00F,1W9DL31001461C,1ZMLH8300204F0,1Z6PH74DAP0QN7,DJI Pilot,Android,7.0.2,1EF72A62-B7C3-C88D-164E-CE6F8C8424AE,1ZN7L4R0H1D00F,1W9DL31001461C,,1ZMLH8300204F0,1W9DL31001461C,,,,,
2023-11-01,11:27:18.64 AM,2m 56.3s,176.3,33.8012124974932,-117.4690309437609,102.3,102.3,16.0,1366,1236.9,5.101008,6.085134,1.342164,1.565858,-4.921268,1.342164,-0.671082,0,1.6,3.4,3.7,-72.2,287.8,288.8,Tripod,Other,,23,5,True,,True,False,,Smart,RC,False,True,False,,,True,,False,False,False,False,False,False,False,False,False,False,0,Follow Yaw,-77.9,0,-80.1,279.9,False,False,False,False,False,,0,0,False,False,No Card,100,100,1024,1313,1295,1196,2,False,False,False,False,False,0,False,False,False,False,90,,47.508,,9039,,10044,,47.508,,True,3.964,3.964,3.964,3.964,3.964,3.964,3.964,3.964,3.964,3.964,3.964,3.964,0,,False,False,True,,,,,,,,,,,,,,,False,False,19.284,,87.2,,75.7,,87.2,,1720,52,10,17,7,145098.6,19346.48,,Idle,,20,,10,,,20,Go Home,False,False,False,False,False,False,False,False,False,False,False,False,33.8027920380556,-117.4659261431046,1103.5,2972.0,1049.4,396.9,True,1,1,False,False,False,False,,True,False,False,Course Lock,196.8,67,16.4,93,E,S,8.72,8.72,Calm,False,False,Android,7.0.2,M300 RTK,1ZN7L4R0H1D00F,1W9DL31001461C,1ZMLH8300204F0,1Z6PH74DAP0QN7,"Corona, CA",728.3,5.7,137.7,8.547347,2.013246,0,0,DJI Matrice 300 RTK,M300 RTK,1ZN7L4R0H1D00F,1W9DL31001461C,1ZMLH8300204F0,1Z6PH74DAP0QN7,DJI Pilot,Android,7.0.2,1EF72A62-B7C3-C88D-164E-CE6F8C8424AE,1ZN7L4R0H1D00F,1W9DL31001461C,,1ZMLH8300204F0,1W9DL31001461C,,,,,
2023-11-01,11:27:18.74 AM,2m 56.4s,176.4,33.8012131559515,-117.4690334164269,102.6,102.6,16.0,1366,1237.7,5.164377,6.085134,1.565858,1.565858,-4.921268,1.342164,-0.671082,0,1.6,3.4,3.7,-71.9,288.1,287.7,Tripod,Other,,23,5,True,,True,False,,Smart,RC,False,True,False,,,True,,False,False,False,False,False,False,False,False,False,False,0,Follow Yaw,-77.9,0,-79.8,280.2,False,False,False,False,False,,0,0,False,False,No Card,100,100,1024,1315,1294,1195,2,False,False,False,False,False,0,False,False,False,False,90,,47.508,,9039,,10044,,47.508,,True,3.964,3.964,3.964,3.964,3.964,3.964,3.964,3.964,3.964,3.964,3.964,3.964,0,,False,False,True,,,,,,,,,,,,,,,False,False,19.284,,87.2,,75.7,,87.2,,1720,52,10,17,7,145098.6,19346.48,,Idle,,20,,10,,,20,Go Home,False,False,False,False,False,False,False,False,False,False,False,False,33.8027920380556,-117.4659261431046,1104.1,2972.0,1049.4,396.9,True,1,1,False,False,False,False,,True,False,False,Course Lock,196.8,67,16.4,93,E,S,8.94,8.94,Calm,False,False,Android,7.0.2,M300 RTK,1ZN7L4R0H1D00F,1W9DL31001461C,1ZMLH8300204F0,1Z6PH74DAP0QN7,"Corona, CA",728.3,5.7,137.7,8.547347,2.013246,0,0,DJI Matrice 300 RTK,M300 RTK,1ZN7L4R0H1D00F,1W9DL31001461C,1ZMLH8300204F0,1Z6PH74DAP0QN7,DJI Pilot,Android,7.0.2,1EF72A62-B7C3-C88D-164E-CE6F8C8424AE,1ZN7L4R0H1D00F,1W9DL31001461C,,1ZMLH8300204F0,1W9DL31001461C,,,,,
2023-11-01,11:27:18.84 AM,2m 56.5s,176.5,33.8012138346953,-117.4690360111429,102.6,102.6,16.0,1366,1238.5,5.164377,6.085134,1.565858,1.565858,-4.921268,1.342164,-0.671082,0,1.9,3.1,3.6,-71.6,288.4,287.4,Tripod,Other,,23,5,True,,True,False,,Smart,RC,False,True,False,,,True,,False,False,False,False,False,False,False,False,False,False,0,Follow Yaw,-77.9,0,-79.4,280.6,False,False,False,False,False,,0,0,False,False,No Card,100,100,1024,1316,1298,1196,2,False,False,False,False,False,0,False,False,False,False,90,,47.508,,9039,,10044,,47.508,,True,3.964,3.964,3.964,3.964,3.964,3.964,3.964,3.964,3.964,3.964,3.964,3.964,0,,False,False,True,,,,,,,,,,,,,,,False,False,19.284,,87.2,,75.7,,87.2,,1720,52,10,17,7,145098.6,19346.48,,Idle,,20,,10,,,20,Go Home,False,False,False,False,False,False,False,False,False,False,False,False,33.8027920380556,-117.4659261431046,1104.6,2972.0,1049.4,396.9,True,1,1,False,False,False,False,,True,False,False,Course Lock,196.8,67,16.4,93,E,S,8.94,8.94,Calm,False,False,Android,7.0.2,M300 RTK,1ZN7L4R0H1D00F,1W9DL31001461C,1ZMLH8300204F0,1Z6PH74DAP0QN7,"Corona, CA",728.3,5.7,137.7,8.547347,2.013246,0,0,DJI Matrice 300 RTK,M300 RTK,1ZN7L4R0H1D00F,1W9DL31001461C,1ZMLH8300204F0,1Z6PH74DAP0QN7,DJI Pilot,Android,7.0.2,1EF72A62-B7C3-C88D-164E-CE6F8C8424AE,1ZN7L4R0H1D00F,1W9DL31001461C,,1ZMLH8300204F0,1W9DL31001461C,,,,,
2023-11-01,11:27:18.94 AM,2m 56.6s,176.6,33.801214536466,-117.4690384970035,102.6,102.6,16.4,1366,1239.3,5.164377,6.085134,1.565858,1.565858,-4.921268,1.342164,-0.447388,0,2.2,2.9,3.6,-71.2,288.8,288.7,Tripod,Other,,23,5,True,,True,False,,Smart,RC,False,True,False,,,True,,False,False,False,False,False,False,False,False,False,False,0,Follow Yaw,-77.9,0,-79,281,False,False,False,False,False,,0,0,False,False,No Card,100,100,1024,1313,1299,1218,2,False,False,False,False,False,0,False,False,False,False,90,,47.508,,9039,,10044,,47.508,,True,3.964,3.964,3.964,3.964,3.964,3.964,3.964,3.964,3.964,3.964,3.964,3.964,0,,False,False,True,,,,,,,,,,,,,,,False,False,19.284,,87.2,,75.7,,87.2,,1720,52,10,17,7,145098.6,19346.48,,Idle,,20,,10,,,20,Go Home,False,False,False,False,False,False,False,False,False,False,False,False,33.8027920380556,-117.4659261431046,1105.1,2972.0,1049.4,396.9,True,1,1,False,False,False,False,,True,False,False,Course Lock,196.8,67,16.4,93,E,S,8.94,8.94,Calm,False,False,Android,7.0.2,M300 RTK,1ZN7L4R0H1D00F,1W9DL31001461C,1ZMLH8300204F0,1Z6PH74DAP0QN7,"Corona, CA",728.3,5.7,137.7,8.547347,2.013246,0,0,DJI Matrice 300 RTK,M300 RTK,1ZN7L4R0H1D00F,1W9DL31001461C,1ZMLH8300204F0,1Z6PH74DAP0QN7,DJI Pilot,Android,7.0.2,1EF72A62-B7C3-C88D-164E-CE6F8C8424AE,1ZN7L4R0H1D00F,1W9DL31001461C,,1ZMLH8300204F0,1W9DL31001461C,,,,,
2023-11-01,11:27:19.04 AM,2m 56.7s,176.7,33.8012151455811,-117.4690405497518,102.6,102.6,16.4,1366,1240.0,5.164377,6.085134,1.565858,1.565858,-4.921268,1.342164,-0.447388,0,2.4,3,3.8,-70.8,289.2,289.6,Tripod,Other,,23,5,True,,True,False,,Smart,RC,False,True,False,,,True,,False,False,False,False,False,False,False,False,False,False,0,Follow Yaw,-77.9,0,-78.6,281.4,False,False,False,False,False,,0,0,False,False,No Card,100,100,1024,1312,1300,1215,2,False,False,False,False,False,0,False,False,False,False,90,,47.508,,4487,,4986,,47.508,,True,3.964,3.964,3.964,3.964,3.964,3.964,3.964,3.964,3.964,3.964,3.964,3.964,0,,False,False,True,,,,,,,,,,,,,,,False,False,10,,86.5,,75.7,,87.2,,1720,52,10,17,7,145098.6,19346.48,,Idle,,20,,10,,,20,Go Home,False,False,False,False,False,False,False,False,False,False,False,False,33.8027920380556,-117.4659261431046,1105.5,2972.0,1049.4,396.9,True,1,1,False,False,False,False,,True,False,False,Course Lock,196.8,67,16.4,93,E,S,8.94,8.94,Calm,False,False,Android,7.0.2,M300 RTK,1ZN7L4R0H1D00F,1W9DL31001461C,1ZMLH8300204F0,1Z6PH74DAP0QN7,"Corona, CA",728.3,5.7,137.7,8.547347,2.013246,0,0,DJI Matrice 300 RTK,M300 RTK,1ZN7L4R0H1D00F,1W9DL31001461C,1ZMLH8300204F0,1Z6PH74DAP0QN7,DJI Pilot,Android,7.0.2,1EF72A62-B7C3-C88D-164E-CE6F8C8424AE,1ZN7L4R0H1D00F,1W9DL31001461C,,1ZMLH8300204F0,1W9DL31001461C,,,,,
2023-11-01,11:27:19.11 AM,2m 56.8s,176.8,33.8012158659926,-117.4690429825041,103.0,103.0,16.4,1367,1240.7,5.164377,6.085134,1.565858,1.565858,-4.921268,1.342164,-0.447388,0,2.5,3.3,4.1,-70.4,289.6,289.6,Tripod,Other,,23,5,True,,True,False,,Smart,RC,False,True,False,,,True,,False,False,False,False,False,False,False,False,False,False,0,Follow Yaw,-77.9,0,-78.2,281.8,False,False,False,False,False,,0,0,False,False,No Card,100,100,1024,1313,1303,1172,2,False,False,False,False,False,0,False,False,False,False,90,,47.508,,4487,,4986,,47.508,,True,3.964,3.964,3.964,3.964,3.964,3.964,3.964,3.964,3.964,3.964,3.964,3.964,0,,False,False,True,,,,,,,,,,,,,,,False,False,10,,86.5,,75.7,,87.2,,1720,52,10,17,7,145098.6,19346.48,,Idle,,20,,10,,,20,Go Home,False,False,False,False,False,False,False,False,False,False,False,False,33.8027920380556,-117.4659261431046,1106.0,2972.0,1049.4,396.9,True,1,1,False,False,False,False,,True,False,False,Course Lock,196.8,67,16.4,93,E,S,8.94,8.94,Calm,False,False,Android,7.0.2,M300 RTK,1ZN7L4R0H1D00F,1W9DL31001461C,1ZMLH8300204F0,1Z6PH74DAP0QN7,"Corona, CA",728.3,5.7,137.7,8.547347,2.013246,0,0,DJI Matrice 300 RTK,M300 RTK,1ZN7L4R0H1D00F,1W9DL31001461C,1ZMLH8300204F0,1Z6PH74DAP0QN7,DJI Pilot,Android,7.0.2,1EF72A62-B7C3-C88D-164E-CE6F8C8424AE,1ZN7L4R0H1D00F,1W9DL31001461C,,1ZMLH8300204F0,1W9DL31001461C,,,,,
2023-11-01,11:27:19.22 AM,2m 56.9s,176.9,33.8012166823493,-117.4690456323075,103.0,103.0,16.4,1367,1241.6,5.236542,6.085134,1.789552,1.789552,-4.921268,1.342164,-0.447388,0,2.5,3.4,4.2,-70,290,290.3,Tripod,Other,,23,5,True,,True,False,,Smart,RC,False,True,False,,,True,,False,False,False,False,False,False,False,False,False,False,0,Follow Yaw,-77.9,0,-77.8,282.2,False,False,False,False,False,,0,0,False,False,No Card,100,100,1024,1313,1319,1114,2,False,False,False,False,False,0,False,False,False,False,90,,47.508,,4487,,4986,,47.508,,True,3.964,3.964,3.964,3.964,3.964,3.964,3.964,3.964,3.964,3.964,3.964,3.964,0,,False,False,True,,,,,,,,,,,,,,,False,False,10,,86.5,,75.7,,87.2,,1720,52,10,17,7,145098.6,19346.48,,Idle,,20,,10,,,20,Go Home,False,False,False,False,False,False,False,False,False,False,False,False,33.8027920380556,-117.4659261431046,1106.6,2972.0,1049.4,396.9,True,1,1,False,False,False,False,,True,False,False,Course Lock,196.8,67,16.4,93,E,S,8.94,8.94,Calm,False,False,Android,7.0.2,M300 RTK,1ZN7L4R0H1D00F,1W9DL31001461C,1ZMLH8300204F0,1Z6PH74DAP0QN7,"Corona, CA",728.3,5.7,137.7,8.547347,2.013246,0,0,DJI Matrice 300 RTK,M300 RTK,1ZN7L4R0H1D00F,1W9DL31001461C,1ZMLH8300204F0,1Z6PH74DAP0QN7,DJI Pilot,Android,7.0.2,1EF72A62-B7C3-C88D-164E-CE6F8C8424AE,1ZN7L4R0H1D00F,1W9DL31001461C,,1ZMLH8300204F0,1W9DL31001461C,,,,,
2023-11-01,11:27:19.34 AM,2m 57.0s,177.0,33.8012174504592,-117.4690480578028,103.0,103.0,16.4,1367,1242.4,5.236542,6.085134,1.789552,1.789552,-4.921268,1.342164,-0.447388,0,2.4,3.2,4,-69.7,290.3,290.8,Tripod,Other,,23,5,True,,True,False,,Smart,RC,False,True,False,,,True,,False,False,False,False,False,False,False,False,False,False,0,Follow Yaw,-77.9,0,-77.5,282.5,False,False,False,False,False,,0,0,False,False,No Card,100,100,1024,1312,1322,1092,2,False,False,False,False,False,0,False,False,False,False,90,,47.52,,9039,,10044,,47.52,,True,3.964,3.964,3.964,3.964,3.964,3.964,3.964,3.964,3.964,3.964,3.964,3.964,0,,False,False,True,,,,,,,,,,,,,,,False,False,19.838,,87.4,,75.7,,87.4,,1720,52,10,17,7,145098.6,19346.48,,Idle,,20,,10,,,20,Go Home,False,False,False,False,False,False,False,False,False,False,False,False,33.8027920380556,-117.4659261431046,1107.0,2972.0,1049.4,396.9,True,1,1,False,False,False,False,,True,False,False,Course Lock,196.8,67,16.4,93,E,S,8.94,8.94,Calm,False,False,Android,7.0.2,M300 RTK,1ZN7L4R0H1D00F,1W9DL31001461C,1ZMLH8300204F0,1Z6PH74DAP0QN7,"Corona, CA",728.3,5.7,137.7,8.547347,2.013246,0,0,DJI Matrice 300 RTK,M300 RTK,1ZN7L4R0H1D00F,1W9DL31001461C,1ZMLH8300204F0,1Z6PH74DAP0QN7,DJI Pilot,Android,7.0.2,1EF72A62-B7C3-C88D-164E-CE6F8C8424AE,1ZN7L4R0H1D00F,1W9DL31001461C,,1ZMLH8300204F0,1W9DL31001461C,,,,,
2023-11-01,11:27:19.44 AM,2m 57.1s,177.1,33.801218303001,-117.4690506356956,103.3,103.3,16.4,1367,1243.2,5.026897,6.085134,1.789552,1.789552,-4.697574,1.342164,-0.447388,0,2.3,2.6,3.4,-69.4,290.6,291.7,Tripod,Other,,23,5,True,,True,False,,Smart,RC,False,True,False,,,True,,False,False,False,False,False,False,False,False,False,False,0,Follow Yaw,-77.9,0,-77.4,282.6,False,False,False,False,False,,0,0,False,False,No Card,100,100,1024,1313,1319,1085,2,False,False,False,False,False,0,False,False,False,False,90,,47.52,,9039,,10044,,47.52,,True,3.964,3.964,3.964,3.964,3.964,3.964,3.964,3.964,3.964,3.964,3.964,3.964,0,,False,False,True,,,,,,,,,,,,,,,False,False,19.838,,87.4,,75.7,,87.4,,1720,52,10,17,7,145098.6,19346.48,,Idle,,20,,10,,,20,Go Home,False,False,False,False,False,False,False,False,False,False,False,False,33.8027920380556,-117.4659261431046,1107.5,2972.0,1049.4,396.9,True,1,1,False,False,False,False,,True,False,False,Course Lock,196.8,67,16.4,93,E,S,8.94,8.94,Calm,False,False,Android,7.0.2,M300 RTK,1ZN7L4R0H1D00F,1W9DL31001461C,1ZMLH8300204F0,1Z6PH74DAP0QN7,"Corona, CA",728.3,5.7,137.7,8.547347,2.013246,0,0,DJI Matrice 300 RTK,M300 RTK,1ZN7L4R0H1D00F,1W9DL31001461C,1ZMLH8300204F0,1Z6PH74DAP0QN7,DJI Pilot,Android,7.0.2,1EF72A62-B7C3-C88D-164E-CE6F8C8424AE,1ZN7L4R0H1D00F,1W9DL31001461C,,1ZMLH8300204F0,1W9DL31001461C,,,,,
2023-11-01,11:27:19.53 AM,2m 57.2s,177.2,33.8012191018134,-117.469053061191,103.3,103.3,16.4,1367,1244.0,5.026897,6.085134,1.789552,1.789552,-4.697574,1.342164,-0.671082,0,2.3,2,3,-69.1,290.9,291.6,Tripod,Other,,23,5,True,,True,False,,Smart,RC,False,True,False,,,True,,False,False,False,False,False,False,False,False,False,False,0,Follow Yaw,-77.9,0,-77.3,282.7,False,False,False,False,False,,0,0,False,False,No Card,100,100,1024,1311,1321,1061,2,False,False,False,False,False,0,False,False,False,False,90,,47.52,,9039,,10044,,47.52,,True,3.964,3.964,3.964,3.964,3.964,3.964,3.964,3.964,3.964,3.964,3.964,3.964,0,,False,False,True,,,,,,,,,,,,,,,False,False,19.838,,87.4,,75.7,,87.4,,1720,52,10,17,7,145098.6,19346.48,,Idle,,20,,10,,,20,Go Home,False,False,False,False,False,False,False,False,False,False,False,False,33.8027920380556,-117.4659261431046,1108.0,2972.0,1049.4,396.9,True,1,1,False,False,False,False,,True,False,False,Course Lock,196.8,67,16.4,93,E,S,8.94,8.94,Calm,False,False,Android,7.0.2,M300 RTK,1ZN7L4R0H1D00F,1W9DL31001461C,1ZMLH8300204F0,1Z6PH74DAP0QN7,"Corona, CA",728.3,5.7,137.7,8.547347,2.013246,0,0,DJI Matrice 300 RTK,M300 RTK,1ZN7L4R0H1D00F,1W9DL31001461C,1ZMLH8300204F0,1Z6PH74DAP0QN7,DJI Pilot,Android,7.0.2,1EF72A62-B7C3-C88D-164E-CE6F8C8424AE,1ZN7L4R0H1D00F,1W9DL31001461C,,1ZMLH8300204F0,1W9DL31001461C,,,,,
2023-11-01,11:27:19.63 AM,2m 57.3s,177.3,33.8012196846121,-117.4690553385771,103.3,103.3,16.7,1367,1244.7,5.026897,6.085134,1.789552,1.789552,-4.697574,1.342164,-0.671082,0,2.4,1.8,3,-68.9,291.1,287.1,Tripod,Other,,23,5,True,,True,False,,Smart,RC,False,True,False,,,True,,False,False,False,False,False,False,False,False,False,False,0,Follow Yaw,-77.9,0,-77.2,282.8,False,False,False,False,False,,0,0,False,False,No Card,100,100,1024,1311,1331,1026,2,False,False,False,False,False,0,False,False,False,False,90,,47.52,,9039,,10044,,47.52,,True,3.958,3.958,3.958,3.958,3.958,3.958,3.958,3.958,3.958,3.958,3.958,3.958,0,,False,False,True,,,,,,,,,,,,,,,False,False,19.838,,87.4,,75.7,,87.4,,1715,52,10,17,7,145400.7,19386.76,,Idle,,20,,10,,,20,Go Home,False,False,False,False,False,False,False,False,False,False,False,False,33.8027920380556,-117.4659261431046,1108.5,2972.0,1049.4,396.9,True,1,1,False,False,False,False,,True,False,False,Course Lock,196.8,67,16.4,93,E,S,8.94,8.94,Calm,False,False,Android,7.0.2,M300 RTK,1ZN7L4R0H1D00F,1W9DL31001461C,1ZMLH8300204F0,1Z6PH74DAP0QN7,"Corona, CA",728.3,5.7,137.7,8.547347,2.013246,0,0,DJI Matrice 300 RTK,M300 RTK,1ZN7L4R0H1D00F,1W9DL31001461C,1ZMLH8300204F0,1Z6PH74DAP0QN7,DJI Pilot,Android,7.0.2,1EF72A62-B7C3-C88D-164E-CE6F8C8424AE,1ZN7L4R0H1D00F,1W9DL31001461C,,1ZMLH8300204F0,1W9DL31001461C,,,,,
2023-11-01,11:27:19.73 AM,2m 57.4s,177.4,33.8012204631389,-117.4690577409819,103.3,103.3,16.7,1367,1245.5,5.026897,6.085134,1.789552,1.789552,-4.697574,1.342164,-0.671082,0,2.4,1.8,3,-68.8,291.2,291.3,Tripod,Other,,23,5,True,,True,False,,Smart,RC,False,True,False,,,True,,False,False,False,False,False,False,False,False,False,False,0,Follow Yaw,-77.9,0,-77.2,282.8,False,False,False,False,False,,0,0,False,False,No Card,100,100,1024,1310,1334,1024,2,False,False,False,False,False,0,False,False,False,False,90,,47.52,,9039,,10044,,47.52,,True,3.958,3.958,3.958,3.958,3.958,3.958,3.958,3.958,3.958,3.958,3.958,3.958,0,,False,False,True,,,,,,,,,,,,,,,False,False,19.838,,87.4,,75.7,,87.4,,1715,52,10,17,7,145400.7,19386.76,,Idle,,20,,10,,,20,Go Home,False,False,False,False,False,False,False,False,False,False,False,False,33.8027920380556,-117.4659261431046,1109.0,2972.0,1049.4,396.9,True,1,1,False,False,False,False,,True,False,False,Course Lock,196.8,67,16.4,93,E,S,8.94,8.94,Calm,False,False,Android,7.0.2,M300 RTK,1ZN7L4R0H1D00F,1W9DL31001461C,1ZMLH8300204F0,1Z6PH74DAP0QN7,"Corona, CA",728.3,5.7,137.7,8.547347,2.013246,0,0,DJI Matrice 300 RTK,M300 RTK,1ZN7L4R0H1D00F,1W9DL31001461C,1ZMLH8300204F0,1Z6PH74DAP0QN7,DJI Pilot,Android,7.0.2,1EF72A62-B7C3-C88D-164E-CE6F8C8424AE,1ZN7L4R0H1D00F,1W9DL31001461C,,1ZMLH8300204F0,1W9DL31001461C,,,,,
2023-11-01,11:27:19.84 AM,2m 57.5s,177.5,33.8012214346527,-117.469060108751,103.6,103.6,16.7,1367,1246.3,5.026897,6.085134,1.789552,1.789552,-4.697574,1.342164,-0.671082,0,2.4,2,3.1,-68.8,291.2,296.2,Tripod,Other,,23,5,True,,True,False,,Smart,RC,False,True,False,,,True,,False,False,False,False,False,False,False,False,False,False,0,Follow Yaw,-77.9,0,-77.2,282.8,False,False,False,False,False,,0,0,False,False,No Card,100,100,1024,1311,1332,1024,2,False,False,False,False,False,0,False,False,False,False,90,,47.52,,9039,,10044,,47.52,,True,3.958,3.958,3.958,3.958,3.958,3.958,3.958,3.958,3.958,3.958,3.958,3.958,0,,False,False,True,,,,,,,,,,,,,,,False,False,19.838,,87.4,,75.7,,87.4,,1715,52,10,17,7,145400.7,19386.76,,Idle,,20,,10,,,20,Go Home,False,False,False,False,False,False,False,False,False,False,False,False,33.8027920380556,-117.4659261431046,1109.4,2972.0,1049.4,396.9,True,1,1,False,False,False,False,,True,False,False,Course Lock,196.8,67,16.4,93,E,S,8.94,8.94,Calm,False,False,Android,7.0.2,M300 RTK,1ZN7L4R0H1D00F,1W9DL31001461C,1ZMLH8300204F0,1Z6PH74DAP0QN7,"Corona, CA",728.3,5.7,137.7,8.547347,2.013246,0,0,DJI Matrice 300 RTK,M300 RTK,1ZN7L4R0H1D00F,1W9DL31001461C,1ZMLH8300204F0,1Z6PH74DAP0QN7,DJI Pilot,Android,7.0.2,1EF72A62-B7C3-C88D-164E-CE6F8C8424AE,1ZN7L4R0H1D00F,1W9DL31001461C,,1ZMLH8300204F0,1W9DL31001461C,,,,,
2023-11-01,11:27:19.94 AM,2m 57.6s,177.6,33.801222224693,-117.4690624976314,103.6,103.6,16.7,1367,1247.1,5.026897,6.085134,1.789552,1.789552,-4.697574,1.342164,-0.671082,0,2.3,2.1,3.1,-68.7,291.3,291.7,Tripod,Other,,23,5,True,,True,False,,Smart,RC,False,True,False,,,True,,False,False,False,False,False,False,False,False,False,False,0,Follow Yaw,-77.9,0,-77.2,282.8,False,False,False,False,False,,0,0,False,False,No Card,100,100,1024,1311,1331,1024,2,False,False,False,False,False,0,False,False,False,False,90,,47.52,,9039,,10044,,47.52,,True,3.958,3.958,3.958,3.958,3.958,3.958,3.958,3.958,3.958,3.958,3.958,3.958,0,,False,False,True,,,,,,,,,,,,,,,False,False,19.838,,87.4,,75.7,,87.4,,1715,52,10,17,7,145400.7,19386.76,,Idle,,20,,10,,,20,Go Home,False,False,False,False,False,False,False,False,False,False,False,False,33.8027920380556,-117.4659261431046,1109.9,2972.0,1049.4,396.9,True,1,1,False,False,False,False,,True,False,False,Course Lock,196.8,67,16.4,93,E,S,8.94,8.94,Calm,False,False,Android,7.0.2,M300 RTK,1ZN7L4R0H1D00F,1W9DL31001461C,1ZMLH8300204F0,1Z6PH74DAP0QN7,"Corona, CA",728.3,5.7,137.7,8.547347,2.013246,0,0,DJI Matrice 300 RTK,M300 RTK,1ZN7L4R0H1D00F,1W9DL31001461C,1ZMLH8300204F0,1Z6PH74DAP0QN7,DJI Pilot,Android,7.0.2,1EF72A62-B7C3-C88D-164E-CE6F8C8424AE,1ZN7L4R0H1D00F,1W9DL31001461C,,1ZMLH8300204F0,1W9DL31001461C,,,,,
2023-11-01,11:27:20.04 AM,2m 57.7s,177.7,33.8012230032199,-117.4690646902422,103.6,103.6,17.0,1367,1247.8,5.026897,6.085134,1.789552,1.789552,-4.697574,1.342164,-0.671082,0,2.3,2.2,3.1,-68.7,291.3,293.1,Tripod,Other,,23,5,True,,True,False,,Smart,RC,False,True,False,,,True,,False,False,False,False,False,False,False,False,False,False,0,Follow Yaw,-77.9,0,-77.2,282.8,False,False,False,False,False,,0,0,False,False,No Card,100,100,1024,1310,1341,1024,2,False,False,False,False,False,0,False,False,False,False,90,,47.52,,9039,,10044,,47.52,,True,3.958,3.958,3.958,3.958,3.958,3.958,3.958,3.958,3.958,3.958,3.958,3.958,0,,False,False,True,,,,,,,,,,,,,,,False,False,19.838,,87.4,,75.7,,87.4,,1715,52,10,17,7,145400.7,19386.76,,Idle,,20,,10,,,20,Go Home,False,False,False,False,False,False,False,False,False,False,False,False,33.8027920380556,-117.4659261431046,1110.3,2972.0,1049.4,396.9,True,1,1,False,False,False,False,,True,False,False,Course Lock,196.8,67,16.4,93,E,S,8.94,8.94,Calm,False,False,Android,7.0.2,M300 RTK,1ZN7L4R0H1D00F,1W9DL31001461C,1ZMLH8300204F0,1Z6PH74DAP0QN7,"Corona, CA",728.3,5.7,137.7,8.547347,2.013246,0,0,DJI Matrice 300 RTK,M300 RTK,1ZN7L4R0H1D00F,1W9DL31001461C,1ZMLH8300204F0,1Z6PH74DAP0QN7,DJI Pilot,Android,7.0.2,1EF72A62-B7C3-C88D-164E-CE6F8C8424AE,1ZN7L4R0H1D00F,1W9DL31001461C,,1ZMLH8300204F0,1W9DL31001461C,,,,,
2023-11-01,11:27:20.15 AM,2m 57.8s,177.8,33.801223792712,-117.4690670520736,104.0,104.0,17.0,1368,1248.6,5.026897,6.085134,1.789552,1.789552,-4.697574,1.342164,-0.671082,0,2.2,2.2,3.1,-68.7,291.3,291.9,Tripod,Other,,23,5,True,,True,False,,Smart,RC,False,True,False,,,True,,False,False,False,False,False,False,False,False,False,False,0,Follow Yaw,-77.9,0,-77.2,282.8,False,False,False,False,False,,0,0,False,False,No Card,100,100,1024,1308,1347,1024,2,False,False,False,False,False,0,False,False,False,False,90,,47.52,,9039,,10044,,47.52,,True,3.958,3.958,3.958,3.958,3.958,3.958,3.958,3.958,3.958,3.958,3.958,3.958,0,,False,False,True,,,,,,,,,,,,,,,False,False,19.838,,87.4,,75.7,,87.4,,1715,52,10,17,7,145400.7,19386.76,,Idle,,20,,10,,,20,Go Home,False,False,False,False,False,False,False,False,False,False,False,False,33.8027920380556,-117.4659261431046,1110.8,2972.0,1049.4,396.9,True,1,1,False,False,False,False,,True,False,False,Course Lock,196.8,67,16.4,93,E,S,8.94,8.94,Calm,False,False,Android,7.0.2,M300 RTK,1ZN7L4R0H1D00F,1W9DL31001461C,1ZMLH8300204F0,1Z6PH74DAP0QN7,"Corona, CA",728.3,5.7,137.7,8.547347,2.013246,0,0,DJI Matrice 300 RTK,M300 RTK,1ZN7L4R0H1D00F,1W9DL31001461C,1ZMLH8300204F0,1Z6PH74DAP0QN7,DJI Pilot,Android,7.0.2,1EF72A62-B7C3-C88D-164E-CE6F8C8424AE,1ZN7L4R0H1D00F,1W9DL31001461C,,1ZMLH8300204F0,1W9DL31001461C,,,,,
2023-11-01,11:27:20.25 AM,2m 57.9s,177.9,33.8012245213473,-117.4690696652621,104.0,104.0,17.0,1368,1249.4,5.026897,6.085134,1.789552,1.789552,-4.697574,1.342164,-0.671082,0,2.1,2.1,2.9,-68.7,291.3,288.5,Tripod,Other,,23,5,True,,True,False,,Smart,RC,False,True,False,,,True,,False,False,False,False,False,False,False,False,False,False,0,Follow Yaw,-77.9,0,-77.2,282.8,False,False,False,False,False,,0,0,False,False,No Card,100,100,1024,1309,1355,1024,2,False,False,False,False,False,0,False,False,False,False,90,,47.52,,9039,,10044,,47.52,,True,3.958,3.958,3.958,3.958,3.958,3.958,3.958,3.958,3.958,3.958,3.958,3.958,0,,False,False,True,,,,,,,,,,,,,,,False,False,19.838,,87.4,,75.7,,87.4,,1715,52,10,17,7,145400.7,19386.76,,Idle,,20,,10,,,20,Go Home,False,False,False,False,False,False,False,False,False,False,False,False,33.8027920380556,-117.4659261431046,1111.3,2972.0,1049.4,396.9,True,1,1,False,False,False,False,,True,False,False,Course Lock,196.8,67,16.4,93,E,S,8.94,8.94,Calm,False,False,Android,7.0.2,M300 RTK,1ZN7L4R0H1D00F,1W9DL31001461C,1ZMLH8300204F0,1Z6PH74DAP0QN7,"Corona, CA",728.3,5.7,137.7,8.547347,2.013246,0,0,DJI Matrice 300 RTK,M300 RTK,1ZN7L4R0H1D00F,1W9DL31001461C,1ZMLH8300204F0,1Z6PH74DAP0QN7,DJI Pilot,Android,7.0.2,1EF72A62-B7C3-C88D-164E-CE6F8C8424AE,1ZN7L4R0H1D00F,1W9DL31001461C,,1ZMLH8300204F0,1W9DL31001461C,,,,,
2023-11-01,11:27:20.35 AM,2m 58.0s,178.0,33.8012253091946,-117.4690720462256,104.0,104.0,17.0,1368,1250.2,5.026897,6.085134,1.789552,1.789552,-4.697574,1.342164,-0.671082,0,2.1,1.9,2.8,-68.7,291.3,291.7,Tripod,Other,,23,5,True,,True,False,,Smart,RC,False,True,False,,,True,,False,False,False,False,False,False,False,False,False,False,0,Follow Yaw,-77.9,0,-77.2,282.8,False,False,False,False,False,,0,0,False,False,No Card,100,100,1024,1310,1359,1024,2,False,False,False,False,False,0,False,False,False,False,90,,47.496,,9039,,10044,,47.496,,True,3.958,3.958,3.958,3.958,3.958,3.958,3.958,3.958,3.958,3.958,3.958,3.958,0,,False,False,True,,,,,,,,,,,,,,,False,False,19.952,,87.4,,75.7,,87.4,,1715,52,10,17,7,145400.7,19386.76,,Idle,,20,,10,,,20,Go Home,False,False,False,False,False,False,False,False,False,False,False,False,33.8027920380556,-117.4659261431046,1111.8,2972.0,1049.4,396.9,True,1,1,False,False,False,False,,True,False,False,Course Lock,196.8,67,16.4,93,E,S,8.94,8.94,Calm,False,False,Android,7.0.2,M300 RTK,1ZN7L4R0H1D00F,1W9DL31001461C,1ZMLH8300204F0,1Z6PH74DAP0QN7,"Corona, CA",728.3,5.7,137.7,8.547347,2.013246,0,0,DJI Matrice 300 RTK,M300 RTK,1ZN7L4R0H1D00F,1W9DL31001461C,1ZMLH8300204F0,1Z6PH74DAP0QN7,DJI Pilot,Android,7.0.2,1EF72A62-B7C3-C88D-164E-CE6F8C8424AE,1ZN7L4R0H1D00F,1W9DL31001461C,,1ZMLH8300204F0,1W9DL31001461C,,,,,
2023-11-01,11:27:20.46 AM,2m 58.1s,178.1,33.8012261529642,-117.469074464464,104.3,104.3,17.0,1368,1251.0,5.026897,6.085134,1.789552,1.789552,-4.697574,1.342164,-0.671082,0,2.2,1.8,2.8,-68.7,291.3,292.7,Tripod,Other,,23,5,True,,True,False,,Smart,RC,False,True,False,,,True,,False,False,False,False,False,False,False,False,False,False,0,Follow Yaw,-77.9,0,-77.2,282.8,False,False,False,False,False,,0,0,False,False,No Card,100,100,1024,1309,1358,1024,2,False,False,False,False,False,0,False,False,False,False,90,,47.496,,9039,,10044,,47.496,,True,3.958,3.958,3.958,3.958,3.958,3.958,3.958,3.958,3.958,3.958,3.958,3.958,0,,False,False,True,,,,,,,,,,,,,,,False,False,19.952,,87.4,,75.7,,87.4,,1715,52,10,17,7,145400.7,19386.76,,Idle,,20,,10,,,20,Go Home,False,False,False,False,False,False,False,False,False,False,False,False,33.8027920380556,-117.4659261431046,1112.3,2972.0,1049.4,396.9,True,1,1,False,False,False,False,,True,False,False,Course Lock,196.8,67,16.4,93,E,S,9.17,9.17,Calm,False,False,Android,7.0.2,M300 RTK,1ZN7L4R0H1D00F,1W9DL31001461C,1ZMLH8300204F0,1Z6PH74DAP0QN7,"Corona, CA",728.3,5.7,137.7,8.547347,2.013246,0,0,DJI Matrice 300 RTK,M300 RTK,1ZN7L4R0H1D00F,1W9DL31001461C,1ZMLH8300204F0,1Z6PH74DAP0QN7,DJI Pilot,Android,7.0.2,1EF72A62-B7C3-C88D-164E-CE6F8C8424AE,1ZN7L4R0H1D00F,1W9DL31001461C,,1ZMLH8300204F0,1W9DL31001461C,,,,,
2023-11-01,11:27:20.56 AM,2m 58.2s,178.2,33.8012269424562,-117.4690768490562,104.3,104.3,17.0,1368,1251.8,5.026897,6.085134,1.789552,1.789552,-4.697574,1.342164,-0.671082,0,2.2,1.8,2.8,-68.7,291.3,291.7,Tripod,Other,,23,5,True,,True,False,,Smart,RC,False,True,False,,,True,,False,False,False,False,False,False,False,False,False,False,0,Follow Yaw,-77.9,0,-77.2,282.8,False,False,False,False,False,,0,0,False,False,No Card,100,100,1024,1308,1359,1024,2,False,False,False,False,False,0,False,False,False,False,90,,47.496,,9039,,10044,,47.496,,True,3.958,3.958,3.958,3.958,3.958,3.958,3.958,3.958,3.958,3.958,3.958,3.958,0,,False,False,True,,,,,,,,,,,,,,,False,False,19.952,,87.4,,75.7,,87.4,,1715,52,10,17,7,145400.7,19386.76,,Idle,,20,,10,,,20,Go Home,False,False,False,False,False,False,False,False,False,False,False,False,33.8027920380556,-117.4659261431046,1112.7,2972.0,1049.4,396.9,True,1,1,False,False,False,False,,True,False,False,Course Lock,196.8,67,16.4,93,E,S,9.17,9.17,Calm,False,False,Android,7.0.2,M300 RTK,1ZN7L4R0H1D00F,1W9DL31001461C,1ZMLH8300204F0,1Z6PH74DAP0QN7,"Corona, CA",728.3,5.7,137.7,8.547347,2.013246,0,0,DJI Matrice 300 RTK,M300 RTK,1ZN7L4R0H1D00F,1W9DL31001461C,1ZMLH8300204F0,1Z6PH74DAP0QN7,DJI Pilot,Android,7.0.2,1EF72A62-B7C3-C88D-164E-CE6F8C8424AE,1ZN7L4R0H1D00F,1W9DL31001461C,,1ZMLH8300204F0,1W9DL31001461C,,,,,
2023-11-01,11:27:20.66 AM,2m 58.3s,178.3,33.8012277626507,-117.4690794371749,104.6,104.6,17.0,1368,1252.6,5.026897,6.085134,1.789552,1.789552,-4.697574,1.342164,-0.671082,0,2.3,1.9,2.9,-68.8,291.2,290.8,Tripod,Other,,23,5,True,,True,False,,Smart,RC,False,True,False,,,True,,False,False,False,False,False,False,False,False,False,False,0,Follow Yaw,-77.9,0,-77.2,282.8,False,False,False,False,False,,0,0,False,False,No Card,100,100,1024,1308,1359,1024,2,False,False,False,False,False,0,False,False,False,False,90,,47.496,,9039,,10044,,47.496,,True,3.961,3.961,3.961,3.961,3.961,3.961,3.961,3.961,3.961,3.961,3.961,3.961,0,,False,False,True,,,,,,,,,,,,,,,False,False,19.952,,87.4,,75.7,,87.4,,1710,52,10,17,7,145800.1,19440.01,,Idle,,20,,10,,,20,Go Home,False,False,False,False,False,False,False,False,False,False,False,False,33.8027920380556,-117.4659261431046,1113.2,2972.0,1049.4,396.9,True,1,1,False,False,False,False,,True,False,False,Course Lock,196.8,67,16.4,93,E,S,9.17,9.17,Calm,False,False,Android,7.0.2,M300 RTK,1ZN7L4R0H1D00F,1W9DL31001461C,1ZMLH8300204F0,1Z6PH74DAP0QN7,"Corona, CA",728.3,5.7,137.7,8.547347,2.013246,0,0,DJI Matrice 300 RTK,M300 RTK,1ZN7L4R0H1D00F,1W9DL31001461C,1ZMLH8300204F0,1Z6PH74DAP0QN7,DJI Pilot,Android,7.0.2,1EF72A62-B7C3-C88D-164E-CE6F8C8424AE,1ZN7L4R0H1D00F,1W9DL31001461C,,1ZMLH8300204F0,1W9DL31001461C,,,,,
2023-11-01,11:27:20.76 AM,2m 58.4s,178.4,33.8012285439189,-117.469081833972,104.6,104.6,17.3,1368,1253.4,5.026897,6.085134,1.789552,1.789552,-4.697574,1.342164,-0.671082,0,2.2,1.9,2.9,-68.8,291.2,291.4,Tripod,Other,,23,5,True,,True,False,,Smart,RC,False,True,False,,,True,,False,False,False,False,False,False,False,False,False,False,0,Follow Yaw,-77.9,0,-77.2,282.8,False,False,False,False,False,,0,0,False,False,No Card,100,100,1024,1308,1358,1024,2,False,False,False,False,False,0,False,False,False,False,90,,47.496,,9039,,10044,,47.496,,True,3.961,3.961,3.961,3.961,3.961,3.961,3.961,3.961,3.961,3.961,3.961,3.961,0,,False,False,True,,,,,,,,,,,,,,,False,False,19.952,,87.4,,75.7,,87.4,,1710,52,10,17,7,145800.1,19440.01,,Idle,,20,,10,,,20,Go Home,False,False,False,False,False,False,False,False,False,False,False,False,33.8027920380556,-117.4659261431046,1113.7,2972.0,1049.4,396.9,True,1,1,False,False,False,False,,True,False,False,Course Lock,196.8,67,16.4,93,E,S,9.17,9.17,Calm,False,False,Android,7.0.2,M300 RTK,1ZN7L4R0H1D00F,1W9DL31001461C,1ZMLH8300204F0,1Z6PH74DAP0QN7,"Corona, CA",728.3,5.7,137.7,8.547347,2.013246,0,0,DJI Matrice 300 RTK,M300 RTK,1ZN7L4R0H1D00F,1W9DL31001461C,1ZMLH8300204F0,1Z6PH74DAP0QN7,DJI Pilot,Android,7.0.2,1EF72A62-B7C3-C88D-164E-CE6F8C8424AE,1ZN7L4R0H1D00F,1W9DL31001461C,,1ZMLH8300204F0,1W9DL31001461C,,,,,
2023-11-01,11:27:20.87 AM,2m 58.5s,178.5,33.8012291908638,-117.4690840714444,104.6,104.6,17.3,1368,1254.1,5.026897,6.085134,1.789552,1.789552,-4.697574,1.342164,-0.671082,0,2.2,1.9,2.9,-68.8,291.2,289.1,Tripod,Other,,23,5,True,,True,False,,Smart,RC,False,True,False,,,True,,False,False,False,False,False,False,False,False,False,False,0,Follow Yaw,-77.9,0,-77.2,282.8,False,False,False,False,False,,0,0,False,False,No Card,100,100,1024,1307,1362,1024,2,False,False,False,False,False,0,False,False,False,False,90,,47.496,,9039,,10044,,47.496,,True,3.961,3.961,3.961,3.961,3.961,3.961,3.961,3.961,3.961,3.961,3.961,3.961,0,,False,False,True,,,,,,,,,,,,,,,False,False,19.952,,87.4,,75.7,,87.4,,1710,52,10,17,7,145800.1,19440.01,,Idle,,20,,10,,,20,Go Home,False,False,False,False,False,False,False,False,False,False,False,False,33.8027920380556,-117.4659261431046,1114.2,2972.0,1049.4,396.9,True,1,1,False,False,False,False,,True,False,False,Course Lock,196.8,67,16.4,93,E,S,9.17,9.17,Calm,False,False,Android,7.0.2,M300 RTK,1ZN7L4R0H1D00F,1W9DL31001461C,1ZMLH8300204F0,1Z6PH74DAP0QN7,"Corona, CA",728.3,5.7,137.7,8.547347,2.013246,0,0,DJI Matrice 300 RTK,M300 RTK,1ZN7L4R0H1D00F,1W9DL31001461C,1ZMLH8300204F0,1Z6PH74DAP0QN7,DJI Pilot,Android,7.0.2,1EF72A62-B7C3-C88D-164E-CE6F8C8424AE,1ZN7L4R0H1D00F,1W9DL31001461C,,1ZMLH8300204F0,1W9DL31001461C,,,,,
2023-11-01,11:27:20.97 AM,2m 58.6s,178.6,33.801229959522,-117.4690864537275,104.9,104.9,17.3,1369,1254.9,5.026897,6.085134,1.789552,1.789552,-4.697574,1.342164,-0.671082,0,2.1,1.9,2.8,-68.9,291.1,291.2,Tripod,Other,,23,5,True,,True,False,,Smart,RC,False,True,False,,,True,,False,False,False,False,False,False,False,False,False,False,0,Follow Yaw,-77.9,0,-77.2,282.8,False,False,False,False,False,,0,0,False,False,No Card,100,100,1024,1307,1362,1024,2,False,False,False,False,False,0,False,False,False,False,90,,47.496,,9039,,10044,,47.496,,True,3.961,3.961,3.961,3.961,3.961,3.961,3.961,3.961,3.961,3.961,3.961,3.961,0,,False,False,True,,,,,,,,,,,,,,,False,False,19.952,,87.4,,75.7,,87.4,,1710,52,10,17,7,145800.1,19440.01,,Idle,,20,,10,,,20,Go Home,False,False,False,False,False,False,False,False,False,False,False,False,33.8027920380556,-117.4659261431046,1114.7,2972.0,1049.4,396.9,True,1,1,False,False,False,False,,True,False,False,Course Lock,196.8,67,16.4,93,E,S,9.17,9.17,Calm,False,False,Android,7.0.2,M300 RTK,1ZN7L4R0H1D00F,1W9DL31001461C,1ZMLH8300204F0,1Z6PH74DAP0QN7,"Corona, CA",728.3,5.7,137.7,8.547347,2.013246,0,0,DJI Matrice 300 RTK,M300 RTK,1ZN7L4R0H1D00F,1W9DL31001461C,1ZMLH8300204F0,1Z6PH74DAP0QN7,DJI Pilot,Android,7.0.2,1EF72A62-B7C3-C88D-164E-CE6F8C8424AE,1ZN7L4R0H1D00F,1W9DL31001461C,,1ZMLH8300204F0,1W9DL31001461C,,,,,
2023-11-01,11:27:21.07 AM,2m 58.7s,178.7,33.8012308065812,-117.4690888607504,104.9,104.9,17.3,1369,1255.7,5.026897,6.085134,1.789552,1.789552,-4.697574,1.342164,-0.671082,0,2,1.9,2.7,-68.8,291.2,292.9,Tripod,Other,,23,5,True,,True,False,,Smart,RC,False,True,False,,,True,,False,False,False,False,False,False,False,False,False,False,0,Follow Yaw,-77.9,0,-77.2,282.8,False,False,False,False,False,,0,0,False,False,No Card,100,100,1024,1308,1362,1024,2,False,False,False,False,False,0,False,False,False,False,90,,47.496,,9039,,10044,,47.496,,True,3.961,3.961,3.961,3.961,3.961,3.961,3.961,3.961,3.961,3.961,3.961,3.961,0,,False,False,True,,,,,,,,,,,,,,,False,False,19.952,,87.4,,75.7,,87.4,,1710,52,10,17,7,145800.1,19440.01,,Idle,,20,,10,,,20,Go Home,False,False,False,False,False,False,False,False,False,False,False,False,33.8027920380556,-117.4659261431046,1115.1,2972.0,1049.4,396.9,True,1,1,False,False,False,False,,True,False,False,Course Lock,196.8,67,16.4,93,E,S,9.17,9.17,Calm,False,False,Android,7.0.2,M300 RTK,1ZN7L4R0H1D00F,1W9DL31001461C,1ZMLH8300204F0,1Z6PH74DAP0QN7,"Corona, CA",728.3,5.7,137.7,8.547347,2.013246,0,0,DJI Matrice 300 RTK,M300 RTK,1ZN7L4R0H1D00F,1W9DL31001461C,1ZMLH8300204F0,1Z6PH74DAP0QN7,DJI Pilot,Android,7.0.2,1EF72A62-B7C3-C88D-164E-CE6F8C8424AE,1ZN7L4R0H1D00F,1W9DL31001461C,,1ZMLH8300204F0,1W9DL31001461C,,,,,
2023-11-01,11:27:21.18 AM,2m 58.8s,178.8,33.801231585108,-117.4690912427037,105.3,105.3,17.7,1369,1256.5,5.026897,6.085134,1.789552,1.789552,-4.697574,1.342164,-0.671082,0,2,2,2.8,-68.9,291.1,291.4,Tripod,Other,,23,5,True,,True,False,,Smart,RC,False,True,False,,,True,,False,False,False,False,False,False,False,False,False,False,0,Follow Yaw,-77.9,0,-77.2,282.8,False,False,False,False,False,,0,0,False,False,No Card,100,100,1024,1306,1365,1024,2,False,False,False,False,False,0,False,False,False,False,90,,47.496,,9039,,10044,,47.496,,True,3.961,3.961,3.961,3.961,3.961,3.961,3.961,3.961,3.961,3.961,3.961,3.961,0,,False,False,True,,,,,,,,,,,,,,,False,False,19.952,,87.4,,75.7,,87.4,,1710,52,10,17,7,145800.1,19440.01,,Idle,,20,,10,,,20,Go Home,False,False,False,False,False,False,False,False,False,False,False,False,33.8027920380556,-117.4659261431046,1115.6,2972.0,1049.4,396.9,True,1,1,False,False,False,False,,True,False,False,Course Lock,196.8,67,16.4,93,E,S,9.17,9.17,Calm,False,False,Android,7.0.2,M300 RTK,1ZN7L4R0H1D00F,1W9DL31001461C,1ZMLH8300204F0,1Z6PH74DAP0QN7,"Corona, CA",728.3,5.7,137.7,8.547347,2.013246,0,0,DJI Matrice 300 RTK,M300 RTK,1ZN7L4R0H1D00F,1W9DL31001461C,1ZMLH8300204F0,1Z6PH74DAP0QN7,DJI Pilot,Android,7.0.2,1EF72A62-B7C3-C88D-164E-CE6F8C8424AE,1ZN7L4R0H1D00F,1W9DL31001461C,,1ZMLH8300204F0,1W9DL31001461C,,,,,
2023-11-01,11:27:21.24 AM,2m 58.9s,178.9,33.8012322583693,-117.4690938189472,105.3,105.3,17.7,1369,1257.3,5.026897,6.085134,1.789552,1.789552,-4.697574,1.342164,-0.671082,0,2.1,1.9,2.8,-68.9,291.1,287.4,Tripod,Other,,23,5,True,,True,False,,Smart,RC,False,True,False,,,True,,False,False,False,False,False,False,False,False,False,False,0,Follow Yaw,-77.9,0,-77.2,282.8,False,False,False,False,False,,0,0,False,False,No Card,100,100,1024,1306,1365,1024,2,False,False,False,False,False,0,False,False,False,False,90,,47.496,,9039,,10044,,47.496,,True,3.961,3.961,3.961,3.961,3.961,3.961,3.961,3.961,3.961,3.961,3.961,3.961,0,,False,False,True,,,,,,,,,,,,,,,False,False,19.952,,87.4,,75.7,,87.4,,1710,52,10,17,7,145800.1,19440.01,,Idle,,20,,10,,,20,Go Home,False,False,False,False,False,False,False,False,False,False,False,False,33.8027920380556,-117.4659261431046,1116.2,2972.0,1049.4,396.9,True,1,1,False,False,False,False,,True,False,False,Course Lock,196.8,67,16.4,93,E,S,9.17,9.17,Calm,False,False,Android,7.0.2,M300 RTK,1ZN7L4R0H1D00F,1W9DL31001461C,1ZMLH8300204F0,1Z6PH74DAP0QN7,"Corona, CA",728.3,5.7,137.7,8.547347,2.013246,0,0,DJI Matrice 300 RTK,M300 RTK,1ZN7L4R0H1D00F,1W9DL31001461C,1ZMLH8300204F0,1Z6PH74DAP0QN7,DJI Pilot,Android,7.0.2,1EF72A62-B7C3-C88D-164E-CE6F8C8424AE,1ZN7L4R0H1D00F,1W9DL31001461C,,1ZMLH8300204F0,1W9DL31001461C,,,,,
2023-11-01,11:27:21.34 AM,2m 59.0s,179.0,33.8012330368962,-117.4690962127756,105.3,105.3,17.7,1369,1258.1,5.026897,6.085134,1.789552,1.789552,-4.697574,1.342164,-0.671082,0,2.2,2,2.9,-68.9,291.1,291.3,Tripod,Other,,23,5,True,,True,False,,Smart,RC,False,True,False,,,True,,False,False,False,False,False,False,False,False,False,False,0,Follow Yaw,-77.9,0,-77.2,282.8,False,False,False,False,False,,0,0,False,False,No Card,100,100,1024,1306,1365,1024,2,False,False,False,False,False,0,False,False,False,False,90,,47.448,,9039,,10044,,47.448,,True,3.961,3.961,3.961,3.961,3.961,3.961,3.961,3.961,3.961,3.961,3.961,3.961,0,,False,False,True,,,,,,,,,,,,,,,False,False,19.698,,87.4,,75.7,,87.4,,1710,52,10,17,7,145800.1,19440.01,,Idle,,20,,10,,,20,Go Home,False,False,False,False,False,False,False,False,False,False,False,False,33.8027920380556,-117.4659261431046,1116.6,2972.0,1049.4,396.9,True,1,1,False,False,False,False,,True,False,False,Course Lock,196.8,67,16.4,93,E,S,9.17,9.17,Calm,False,False,Android,7.0.2,M300 RTK,1ZN7L4R0H1D00F,1W9DL31001461C,1ZMLH8300204F0,1Z6PH74DAP0QN7,"Corona, CA",728.3,5.7,137.7,8.547347,2.013246,0,0,DJI Matrice 300 RTK,M300 RTK,1ZN7L4R0H1D00F,1W9DL31001461C,1ZMLH8300204F0,1Z6PH74DAP0QN7,DJI Pilot,Android,7.0.2,1EF72A62-B7C3-C88D-164E-CE6F8C8424AE,1ZN7L4R0H1D00F,1W9DL31001461C,,1ZMLH8300204F0,1W9DL31001461C,,,,,
2023-11-01,11:27:21.44 AM,2m 59.1s,179.1,33.8012337567594,-117.4690984505779,105.6,105.6,17.7,1369,1258.8,5.026897,6.085134,1.789552,1.789552,-4.697574,1.342164,-0.671082,0,2.4,2.1,3.1,-68.9,291.1,291.1,Tripod,Other,,23,5,True,,True,False,,Smart,RC,False,True,False,,,True,,False,False,False,False,False,False,False,False,False,False,0,Follow Yaw,-77.9,0,-77.2,282.8,False,False,False,False,False,,0,0,False,False,No Card,100,100,1024,1308,1363,1024,2,False,False,False,False,False,0,False,False,False,False,90,,47.448,,9039,,10044,,47.448,,True,3.961,3.961,3.961,3.961,3.961,3.961,3.961,3.961,3.961,3.961,3.961,3.961,0,,False,False,True,,,,,,,,,,,,,,,False,False,19.698,,87.4,,75.7,,87.4,,1710,52,10,17,7,145800.1,19440.01,,Idle,,20,,10,,,20,Go Home,False,False,False,False,False,False,False,False,False,False,False,False,33.8027920380556,-117.4659261431046,1117.1,2972.0,1049.4,396.9,True,1,1,False,False,False,False,,True,False,False,Course Lock,196.8,67,16.4,93,E,S,9.17,9.17,Calm,False,False,Android,7.0.2,M300 RTK,1ZN7L4R0H1D00F,1W9DL31001461C,1ZMLH8300204F0,1Z6PH74DAP0QN7,"Corona, CA",728.3,5.7,137.7,8.547347,2.013246,0,0,DJI Matrice 300 RTK,M300 RTK,1ZN7L4R0H1D00F,1W9DL31001461C,1ZMLH8300204F0,1Z6PH74DAP0QN7,DJI Pilot,Android,7.0.2,1EF72A62-B7C3-C88D-164E-CE6F8C8424AE,1ZN7L4R0H1D00F,1W9DL31001461C,,1ZMLH8300204F0,1W9DL31001461C,,,,,
2023-11-01,11:27:21.54 AM,2m 59.2s,179.2,33.8012345243211,-117.4691008163677,105.6,105.6,18.0,1369,1259.6,5.026897,6.085134,1.789552,1.789552,-4.697574,1.342164,-0.671082,0,2.3,2.2,3.1,-68.9,291.1,291.3,Tripod,Other,,22,5,True,,True,False,,Smart,RC,False,True,False,,,True,,False,False,False,False,False,False,False,False,False,False,0,Follow Yaw,-77.9,0,-77.2,282.8,False,False,False,False,False,,0,0,False,False,No Card,100,100,1024,1324,1325,1024,2,False,False,False,False,False,0,False,False,False,False,90,,47.448,,9039,,10044,,47.448,,True,3.961,3.961,3.961,3.961,3.961,3.961,3.961,3.961,3.961,3.961,3.961,3.961,0,,False,False,True,,,,,,,,,,,,,,,False,False,19.698,,87.4,,75.7,,87.4,,1710,52,10,17,7,145800.1,19440.01,,Idle,,20,,10,,,20,Go Home,False,False,False,False,False,False,False,False,False,False,False,False,33.8027920380556,-117.4659261431046,1117.6,2972.0,1049.4,396.9,True,1,1,False,False,False,False,,True,False,False,Course Lock,196.8,67,16.4,93,E,S,9.17,9.17,Calm,False,False,Android,7.0.2,M300 RTK,1ZN7L4R0H1D00F,1W9DL31001461C,1ZMLH8300204F0,1Z6PH74DAP0QN7,"Corona, CA",728.3,5.7,137.7,8.547347,2.013246,0,0,DJI Matrice 300 RTK,M300 RTK,1ZN7L4R0H1D00F,1W9DL31001461C,1ZMLH8300204F0,1Z6PH74DAP0QN7,DJI Pilot,Android,7.0.2,1EF72A62-B7C3-C88D-164E-CE6F8C8424AE,1ZN7L4R0H1D00F,1W9DL31001461C,,1ZMLH8300204F0,1W9DL31001461C,,,,,
2023-11-01,11:27:21.64 AM,2m 59.3s,179.3,33.8012352255436,-117.469103059118,105.6,105.6,18.0,1369,1260.3,5.026897,6.085134,1.789552,1.789552,-4.697574,1.342164,-0.671082,0,2.2,2.3,3.1,-68.9,291.1,290.6,Tripod,Other,,22,5,True,,True,False,,Smart,RC,False,True,False,,,True,,False,False,False,False,False,False,False,False,False,False,0,Follow Yaw,-77.9,0,-77.2,282.8,False,False,False,False,False,,0,0,False,False,No Card,100,100,1024,1338,1305,1024,2,False,False,False,False,False,0,False,False,False,False,90,,47.448,,9039,,10044,,47.448,,True,3.954,3.954,3.954,3.954,3.954,3.954,3.954,3.954,3.954,3.954,3.954,3.954,0,,False,False,True,,,,,,,,,,,,,,,False,False,19.698,,87.4,,75.7,,87.4,,1706,51,10,17,7,146309.2,19507.90,,Idle,,20,,10,,,20,Go Home,False,False,False,False,False,False,False,False,False,False,False,False,33.8027920380556,-117.4659261431046,1118.0,2972.0,1049.4,396.9,True,1,1,False,False,False,False,,True,False,False,Course Lock,196.8,67,16.4,93,E,S,9.17,9.17,Calm,False,False,Android,7.0.2,M300 RTK,1ZN7L4R0H1D00F,1W9DL31001461C,1ZMLH8300204F0,1Z6PH74DAP0QN7,"Corona, CA",728.3,5.7,137.7,8.547347,2.013246,0,0,DJI Matrice 300 RTK,M300 RTK,1ZN7L4R0H1D00F,1W9DL31001461C,1ZMLH8300204F0,1Z6PH74DAP0QN7,DJI Pilot,Android,7.0.2,1EF72A62-B7C3-C88D-164E-CE6F8C8424AE,1ZN7L4R0H1D00F,1W9DL31001461C,,1ZMLH8300204F0,1W9DL31001461C,,,,,
2023-11-01,11:27:21.74 AM,2m 59.4s,179.4,33.8012359936535,-117.4691053962096,105.9,105.9,18.0,1370,1261.0,5.026897,6.085134,1.789552,1.789552,-4.697574,1.342164,-0.671082,0,2,2.1,2.9,-68.9,291.1,291.5,Tripod,Other,,22,5,True,,True,False,,Smart,RC,False,True,False,,,True,,False,False,False,False,False,False,False,False,False,False,0,Follow Yaw,-77.9,0,-77.2,282.8,False,False,False,False,False,,0,0,False,False,No Card,100,100,1024,1337,1316,1024,2,False,False,False,False,False,0,False,False,False,False,90,,47.448,,9039,,10044,,47.448,,True,3.954,3.954,3.954,3.954,3.954,3.954,3.954,3.954,3.954,3.954,3.954,3.954,0,,False,False,True,,,,,,,,,,,,,,,False,False,19.698,,87.4,,75.7,,87.4,,1706,51,10,17,7,146309.2,19507.90,,Idle,,20,,10,,,20,Go Home,False,False,False,False,False,False,False,False,False,False,False,False,33.8027920380556,-117.4659261431046,1118.5,2972.0,1049.4,396.9,True,1,1,False,False,False,False,,True,False,False,Course Lock,196.8,67,16.4,93,E,S,9.17,9.17,Calm,False,False,Android,7.0.2,M300 RTK,1ZN7L4R0H1D00F,1W9DL31001461C,1ZMLH8300204F0,1Z6PH74DAP0QN7,"Corona, CA",728.3,5.7,137.7,8.547347,2.013246,0,0,DJI Matrice 300 RTK,M300 RTK,1ZN7L4R0H1D00F,1W9DL31001461C,1ZMLH8300204F0,1Z6PH74DAP0QN7,DJI Pilot,Android,7.0.2,1EF72A62-B7C3-C88D-164E-CE6F8C8424AE,1ZN7L4R0H1D00F,1W9DL31001461C,,1ZMLH8300204F0,1W9DL31001461C,,,,,
2023-11-01,11:27:21.84 AM,2m 59.5s,179.5,33.8012368829286,-117.4691078137883,105.9,105.9,18.0,1370,1261.8,5.026897,6.085134,1.789552,1.789552,-4.697574,1.342164,-0.671082,0,1.9,1.9,2.6,-68.9,291.1,293.8,Tripod,Other,,22,5,True,,True,False,,Smart,RC,False,True,False,,,True,,False,False,False,False,False,False,False,False,False,False,0,Follow Yaw,-77.9,0,-77.2,282.8,False,False,False,False,False,,0,0,False,False,No Card,100,100,1024,1341,1320,1024,2,False,False,False,False,False,0,False,False,False,False,90,,47.448,,9039,,10044,,47.448,,True,3.954,3.954,3.954,3.954,3.954,3.954,3.954,3.954,3.954,3.954,3.954,3.954,0,,False,False,True,,,,,,,,,,,,,,,False,False,19.698,,87.4,,75.7,,87.4,,1706,51,10,17,7,146309.2,19507.90,,Idle,,20,,10,,,20,Go Home,False,False,False,False,False,False,False,False,False,False,False,False,33.8027920380556,-117.4659261431046,1118.9,2972.0,1049.4,396.9,True,1,1,False,False,False,False,,True,False,False,Course Lock,196.8,67,16.4,93,E,S,9.17,9.17,Calm,False,False,Android,7.0.2,M300 RTK,1ZN7L4R0H1D00F,1W9DL31001461C,1ZMLH8300204F0,1Z6PH74DAP0QN7,"Corona, CA",728.3,5.7,137.7,8.547347,2.013246,0,0,DJI Matrice 300 RTK,M300 RTK,1ZN7L4R0H1D00F,1W9DL31001461C,1ZMLH8300204F0,1Z6PH74DAP0QN7,DJI Pilot,Android,7.0.2,1EF72A62-B7C3-C88D-164E-CE6F8C8424AE,1ZN7L4R0H1D00F,1W9DL31001461C,,1ZMLH8300204F0,1W9DL31001461C,,,,,
2023-11-01,11:27:21.94 AM,2m 59.6s,179.6,33.801237662552,-117.4691101528591,106.2,106.2,18.3,1370,1262.6,5.026897,6.085134,1.789552,1.789552,-4.697574,1.342164,-0.671082,0,1.6,1.7,2.3,-68.9,291.1,291.8,Tripod,Other,,22,5,True,,True,False,,Smart,RC,False,True,False,,,True,,False,False,False,False,False,False,False,False,False,False,0,Follow Yaw,-77.9,0,-77.2,282.8,False,False,False,False,False,,0,0,False,False,No Card,100,100,1024,1351,1322,1024,2,False,False,False,False,False,0,False,False,False,False,90,,47.448,,9039,,10044,,47.448,,True,3.954,3.954,3.954,3.954,3.954,3.954,3.954,3.954,3.954,3.954,3.954,3.954,0,,False,False,True,,,,,,,,,,,,,,,False,False,19.698,,87.4,,75.7,,87.4,,1706,51,10,17,7,146309.2,19507.90,,Idle,,20,,10,,,20,Go Home,False,False,False,False,False,False,False,False,False,False,False,False,33.8027920380556,-117.4659261431046,1119.4,2972.0,1049.4,396.9,True,1,1,False,False,False,False,,True,False,False,Course Lock,196.8,67,16.4,93,E,S,9.17,9.17,Calm,False,False,Android,7.0.2,M300 RTK,1ZN7L4R0H1D00F,1W9DL31001461C,1ZMLH8300204F0,1Z6PH74DAP0QN7,"Corona, CA",728.3,5.7,137.7,8.547347,2.013246,0,0,DJI Matrice 300 RTK,M300 RTK,1ZN7L4R0H1D00F,1W9DL31001461C,1ZMLH8300204F0,1Z6PH74DAP0QN7,DJI Pilot,Android,7.0.2,1EF72A62-B7C3-C88D-164E-CE6F8C8424AE,1ZN7L4R0H1D00F,1W9DL31001461C,,1ZMLH8300204F0,1W9DL31001461C,,,,,
2023-11-01,11:27:22.00 AM,2m 59.7s,179.7,33.8012385408619,-117.4691124635615,106.2,106.2,18.0,1370,1263.4,5.026897,6.085134,1.789552,1.789552,-4.697574,1.342164,-0.671082,0,1.5,1.4,2,-68.9,291.1,294.5,Tripod,Other,,22,5,True,,True,False,,Smart,RC,False,True,False,,,True,,False,False,False,False,False,False,False,False,False,False,0,Follow Yaw,-77.9,0,-77.2,282.8,False,False,False,False,False,,0,0,False,False,No Card,100,100,1024,1357,1321,1024,2,False,False,False,False,False,0,False,False,False,False,90,,47.424,,4487,,4986,,47.424,,True,3.954,3.954,3.954,3.954,3.954,3.954,3.954,3.954,3.954,3.954,3.954,3.954,0,,False,False,True,,,,,,,,,,,,,,,False,False,9.676,,86.7,,75.7,,87.4,,1706,51,10,17,7,146309.2,19507.90,,Idle,,20,,10,,,20,Go Home,False,False,False,False,False,False,False,False,False,False,False,False,33.8027920380556,-117.4659261431046,1119.9,2972.0,1049.4,396.9,True,1,1,False,False,False,False,,True,False,False,Course Lock,196.8,67,16.4,93,E,S,9.17,9.17,Calm,False,False,Android,7.0.2,M300 RTK,1ZN7L4R0H1D00F,1W9DL31001461C,1ZMLH8300204F0,1Z6PH74DAP0QN7,"Corona, CA",728.3,5.7,137.7,8.547347,2.013246,0,0,DJI Matrice 300 RTK,M300 RTK,1ZN7L4R0H1D00F,1W9DL31001461C,1ZMLH8300204F0,1Z6PH74DAP0QN7,DJI Pilot,Android,7.0.2,1EF72A62-B7C3-C88D-164E-CE6F8C8424AE,1ZN7L4R0H1D00F,1W9DL31001461C,,1ZMLH8300204F0,1W9DL31001461C,,,,,
2023-11-01,11:27:22.14 AM,2m 59.8s,179.8,33.8012393303539,-117.4691148151672,106.2,106.2,18.0,1370,1264.1,5.026897,6.085134,1.789552,1.789552,-4.697574,1.342164,-0.671082,0,1.4,1.5,2,-68.8,291.2,291.9,Tripod,Other,,23,5,True,,True,False,,Smart,RC,False,True,False,,,True,,False,False,False,False,False,False,False,False,False,False,0,Follow Yaw,-77.9,0,-77.2,282.8,False,False,False,False,False,,0,0,False,False,No Card,100,100,1024,1360,1319,1024,2,False,False,False,False,False,0,False,False,False,False,90,,47.424,,4487,,4986,,47.424,,True,3.954,3.954,3.954,3.954,3.954,3.954,3.954,3.954,3.954,3.954,3.954,3.954,0,,False,False,True,,,,,,,,,,,,,,,False,False,9.676,,86.7,,75.7,,87.4,,1706,51,10,17,7,146309.2,19507.90,,Idle,,20,,10,,,20,Go Home,False,False,False,False,False,False,False,False,False,False,False,False,33.8027920380556,-117.4659261431046,1120.3,2972.0,1049.4,396.9,True,1,1,False,False,False,False,,True,False,False,Course Lock,196.8,67,16.4,93,E,S,9.17,9.17,Calm,False,False,Android,7.0.2,M300 RTK,1ZN7L4R0H1D00F,1W9DL31001461C,1ZMLH8300204F0,1Z6PH74DAP0QN7,"Corona, CA",728.3,5.7,137.7,8.547347,2.013246,0,0,DJI Matrice 300 RTK,M300 RTK,1ZN7L4R0H1D00F,1W9DL31001461C,1ZMLH8300204F0,1Z6PH74DAP0QN7,DJI Pilot,Android,7.0.2,1EF72A62-B7C3-C88D-164E-CE6F8C8424AE,1ZN7L4R0H1D00F,1W9DL31001461C,,1ZMLH8300204F0,1W9DL31001461C,,,,,
2023-11-01,11:27:22.24 AM,2m 59.9s,179.9,33.801239994843,-117.4691170595668,106.2,106.2,18.3,1370,1264.9,5.026897,6.085134,1.789552,1.789552,-4.697574,1.342164,-0.671082,0,1.3,1.7,2.1,-68.8,291.2,289.6,Tripod,Other,,23,5,True,,True,False,,Smart,RC,False,True,False,,,True,,False,False,False,False,False,False,False,False,False,False,0,Follow Yaw,-77.9,0,-77.2,282.8,False,False,False,False,False,,0,0,False,False,No Card,100,100,1024,1362,1302,1024,2,False,False,False,False,False,0,False,False,False,False,90,,47.424,,4487,,4986,,47.424,,True,3.954,3.954,3.954,3.954,3.954,3.954,3.954,3.954,3.954,3.954,3.954,3.954,0,,False,False,True,,,,,,,,,,,,,,,False,False,9.676,,86.7,,75.7,,87.4,,1706,51,10,17,7,146309.2,19507.90,,Idle,,20,,10,,,20,Go Home,False,False,False,False,False,False,False,False,False,False,False,False,33.8027920380556,-117.4659261431046,1120.8,2972.0,1049.4,396.9,True,1,1,False,False,False,False,,True,False,False,Course Lock,196.8,67,16.4,93,E,S,9.17,9.17,Calm,False,False,Android,7.0.2,M300 RTK,1ZN7L4R0H1D00F,1W9DL31001461C,1ZMLH8300204F0,1Z6PH74DAP0QN7,"Corona, CA",728.3,5.7,137.7,8.547347,2.013246,0,0,DJI Matrice 300 RTK,M300 RTK,1ZN7L4R0H1D00F,1W9DL31001461C,1ZMLH8300204F0,1Z6PH74DAP0QN7,DJI Pilot,Android,7.0.2,1EF72A62-B7C3-C88D-164E-CE6F8C8424AE,1ZN7L4R0H1D00F,1W9DL31001461C,,1ZMLH8300204F0,1W9DL31001461C,,,,,
2023-11-01,11:27:22.32 AM,3m 0.0s,180.0,33.8012407733699,-117.4691194230476,106.6,106.6,18.3,1370,1265.6,5.026897,6.085134,1.789552,1.789552,-4.697574,1.342164,-0.671082,0,1.3,1.8,2.2,-68.8,291.2,291.6,Tripod,Other,,23,5,True,,True,False,,Smart,RC,False,True,False,,,True,,False,False,False,False,False,False,False,False,False,False,0,Follow Yaw,-77.9,0,-77.2,282.8,False,False,False,False,False,,0,0,False,False,No Card,100,100,1024,1362,1299,1024,2,False,False,False,False,False,0,False,False,False,False,90,,47.46,,9039,,10044,,47.46,,True,3.954,3.954,3.954,3.954,3.954,3.954,3.954,3.954,3.954,3.954,3.954,3.954,0,,False,False,True,,,,,,,,,,,,,,,False,False,19.528,,87.6,,75.7,,87.6,,1706,51,10,17,7,146309.2,19507.90,,Idle,,20,,10,,,20,Go Home,False,False,False,False,False,False,False,False,False,False,False,False,33.8027920380556,-117.4659261431046,1121.3,2972.0,1049.4,396.9,True,1,1,False,False,False,False,,True,False,False,Course Lock,196.8,67,16.4,93,E,S,9.17,9.17,Calm,False,False,Android,7.0.2,M300 RTK,1ZN7L4R0H1D00F,1W9DL31001461C,1ZMLH8300204F0,1Z6PH74DAP0QN7,"Corona, CA",728.3,5.7,137.7,8.547347,2.013246,0,0,DJI Matrice 300 RTK,M300 RTK,1ZN7L4R0H1D00F,1W9DL31001461C,1ZMLH8300204F0,1Z6PH74DAP0QN7,DJI Pilot,Android,7.0.2,1EF72A62-B7C3-C88D-164E-CE6F8C8424AE,1ZN7L4R0H1D00F,1W9DL31001461C,,1ZMLH8300204F0,1W9DL31001461C,,,,,
2023-11-01,11:27:22.42 AM,3m 0.1s,180.1,33.8012416122052,-117.4691218709739,106.6,106.6,18.3,1370,1266.4,5.026897,6.085134,1.789552,1.789552,-4.697574,1.342164,-0.447388,0,1.2,1.8,2.1,-68.8,291.2,292.4,Tripod,Other,,23,5,True,,True,False,,Smart,RC,False,True,False,,,True,,False,False,False,False,False,False,False,False,False,False,0,Follow Yaw,-77.9,0,-77.2,282.8,False,False,False,False,False,,0,0,False,False,No Card,100,100,1024,1363,1299,1024,2,False,False,False,False,False,0,False,False,False,False,90,,47.46,,9039,,10044,,47.46,,True,3.954,3.954,3.954,3.954,3.954,3.954,3.954,3.954,3.954,3.954,3.954,3.954,0,,False,False,True,,,,,,,,,,,,,,,False,False,19.528,,87.6,,75.7,,87.6,,1706,51,10,17,7,146309.2,19507.90,,Idle,,20,,10,,,20,Go Home,False,False,False,False,False,False,False,False,False,False,False,False,33.8027920380556,-117.4659261431046,1121.8,2972.0,1049.4,396.9,True,1,1,False,False,False,False,,True,False,False,Course Lock,196.8,67,16.4,93,E,S,9.17,9.17,Calm,False,False,Android,7.0.2,M300 RTK,1ZN7L4R0H1D00F,1W9DL31001461C,1ZMLH8300204F0,1Z6PH74DAP0QN7,"Corona, CA",728.3,5.7,137.7,8.547347,2.013246,0,0,DJI Matrice 300 RTK,M300 RTK,1ZN7L4R0H1D00F,1W9DL31001461C,1ZMLH8300204F0,1Z6PH74DAP0QN7,DJI Pilot,Android,7.0.2,1EF72A62-B7C3-C88D-164E-CE6F8C8424AE,1ZN7L4R0H1D00F,1W9DL31001461C,,1ZMLH8300204F0,1W9DL31001461C,,,,,
2023-11-01,11:27:22.54 AM,3m 0.2s,180.2,33.8012424077281,-117.4691242638126,106.6,106.6,18.3,1370,1267.2,5.026897,6.085134,1.789552,1.789552,-4.697574,1.342164,-0.447388,0,1.1,1.8,2.1,-68.8,291.2,291.8,Tripod,Other,,23,5,True,,True,False,,Smart,RC,False,True,False,,,True,,False,False,False,False,False,False,False,False,False,False,0,Follow Yaw,-77.9,0,-77.2,282.8,False,False,False,False,False,,0,0,False,False,No Card,100,100,1024,1366,1303,1024,2,False,False,False,False,False,0,False,False,False,False,90,,47.46,,9039,,10044,,47.46,,True,3.954,3.954,3.954,3.954,3.954,3.954,3.954,3.954,3.954,3.954,3.954,3.954,0,,False,False,True,,,,,,,,,,,,,,,False,False,19.528,,87.6,,75.7,,87.6,,1706,51,10,17,7,146309.2,19507.90,,Idle,,20,,10,,,20,Go Home,False,False,False,False,False,False,False,False,False,False,False,False,33.8027920380556,-117.4659261431046,1122.2,2972.0,1049.4,396.9,True,1,1,False,False,False,False,,True,False,False,Course Lock,196.8,67,16.4,93,E,S,9.17,9.17,Calm,False,False,Android,7.0.2,M300 RTK,1ZN7L4R0H1D00F,1W9DL31001461C,1ZMLH8300204F0,1Z6PH74DAP0QN7,"Corona, CA",728.3,5.7,137.7,8.547347,2.013246,0,0,DJI Matrice 300 RTK,M300 RTK,1ZN7L4R0H1D00F,1W9DL31001461C,1ZMLH8300204F0,1Z6PH74DAP0QN7,DJI Pilot,Android,7.0.2,1EF72A62-B7C3-C88D-164E-CE6F8C8424AE,1ZN7L4R0H1D00F,1W9DL31001461C,,1ZMLH8300204F0,1W9DL31001461C,,,,,
2023-11-01,11:27:22.64 AM,3m 0.3s,180.3,33.8012429636621,-117.4691265131603,106.9,106.9,18.3,1371,1267.9,5.026897,6.085134,1.789552,1.789552,-4.697574,1.342164,-0.447388,0,1.2,1.7,2,-68.7,291.3,286.5,Tripod,Other,,23,5,True,,True,False,,Smart,RC,False,True,False,,,True,,False,False,False,False,False,False,False,False,False,False,0,Follow Yaw,-77.9,0,-77.2,282.8,False,False,False,False,False,,0,0,False,False,No Card,100,100,1024,1367,1305,1024,2,False,False,False,False,False,0,False,False,False,False,90,,47.46,,9039,,10044,,47.46,,True,3.955,3.955,3.955,3.955,3.955,3.955,3.955,3.955,3.955,3.955,3.955,3.955,0,,False,False,True,,,,,,,,,,,,,,,False,False,19.528,,87.6,,75.7,,87.6,,1701,51,10,17,7,146763.0,19568.40,,Idle,,20,,10,,,20,Go Home,False,False,False,False,False,False,False,False,False,False,False,False,33.8027920380556,-117.4659261431046,1122.7,2972.0,1049.4,396.9,True,1,1,False,False,False,False,,True,False,False,Course Lock,196.8,67,16.4,93,E,S,9.17,9.17,Calm,False,False,Android,7.0.2,M300 RTK,1ZN7L4R0H1D00F,1W9DL31001461C,1ZMLH8300204F0,1Z6PH74DAP0QN7,"Corona, CA",728.3,5.7,137.7,8.547347,2.013246,0,0,DJI Matrice 300 RTK,M300 RTK,1ZN7L4R0H1D00F,1W9DL31001461C,1ZMLH8300204F0,1Z6PH74DAP0QN7,DJI Pilot,Android,7.0.2,1EF72A62-B7C3-C88D-164E-CE6F8C8424AE,1ZN7L4R0H1D00F,1W9DL31001461C,,1ZMLH8300204F0,1W9DL31001461C,,,,,
2023-11-01,11:27:22.73 AM,3m 0.4s,180.4,33.8012437432855,-117.4691289215027,106.9,106.9,18.3,1371,1268.7,5.236542,6.085134,1.789552,1.789552,-4.921268,1.342164,-0.447388,0,1.4,1.7,2.2,-68.7,291.3,291.2,Tripod,Other,,23,5,True,,True,False,,Smart,RC,False,True,False,,,True,,False,False,False,False,False,False,False,False,False,False,0,Follow Yaw,-77.9,0,-77.2,282.8,False,False,False,False,False,,0,0,False,False,No Card,100,100,1024,1369,1305,1024,2,False,False,False,False,False,0,False,False,False,False,90,,47.46,,9039,,10044,,47.46,,True,3.955,3.955,3.955,3.955,3.955,3.955,3.955,3.955,3.955,3.955,3.955,3.955,0,,False,False,True,,,,,,,,,,,,,,,False,False,19.528,,87.6,,75.7,,87.6,,1701,51,10,17,7,146763.0,19568.40,,Idle,,20,,10,,,20,Go Home,False,False,False,False,False,False,False,False,False,False,False,False,33.8027920380556,-117.4659261431046,1123.2,2972.0,1049.4,396.9,True,1,1,False,False,False,False,,True,False,False,Course Lock,196.8,67,16.4,93,E,S,9.17,9.17,Calm,False,False,Android,7.0.2,M300 RTK,1ZN7L4R0H1D00F,1W9DL31001461C,1ZMLH8300204F0,1Z6PH74DAP0QN7,"Corona, CA",728.3,5.7,137.7,8.547347,2.013246,0,0,DJI Matrice 300 RTK,M300 RTK,1ZN7L4R0H1D00F,1W9DL31001461C,1ZMLH8300204F0,1Z6PH74DAP0QN7,DJI Pilot,Android,7.0.2,1EF72A62-B7C3-C88D-164E-CE6F8C8424AE,1ZN7L4R0H1D00F,1W9DL31001461C,,1ZMLH8300204F0,1W9DL31001461C,,,,,
2023-11-01,11:27:22.83 AM,3m 0.5s,180.5,33.8012446396879,-117.4691314660793,106.9,106.9,18.7,1371,1269.6,5.236542,6.085134,1.789552,1.789552,-4.921268,1.342164,-0.447388,0,1.4,1.8,2.2,-68.7,291.3,292.9,Tripod,Other,,23,5,True,,True,False,,Smart,RC,False,True,False,,,True,,False,False,False,False,False,False,False,False,False,False,0,Follow Yaw,-77.9,0,-77.2,282.8,False,False,False,False,False,,0,0,False,False,No Card,100,100,1024,1368,1308,1024,2,False,False,False,False,False,0,False,False,False,False,90,,47.46,,9039,,10044,,47.46,,True,3.955,3.955,3.955,3.955,3.955,3.955,3.955,3.955,3.955,3.955,3.955,3.955,0,,False,False,True,,,,,,,,,,,,,,,False,False,19.528,,87.6,,75.7,,87.6,,1701,51,10,17,7,146763.0,19568.40,,Idle,,20,,10,,,20,Go Home,False,False,False,False,False,False,False,False,False,False,False,False,33.8027920380556,-117.4659261431046,1123.7,2972.0,1049.4,396.9,True,1,1,False,False,False,False,,True,False,False,Course Lock,196.8,67,16.4,93,E,S,9.17,9.17,Calm,False,False,Android,7.0.2,M300 RTK,1ZN7L4R0H1D00F,1W9DL31001461C,1ZMLH8300204F0,1Z6PH74DAP0QN7,"Corona, CA",728.3,5.7,137.7,8.547347,2.013246,0,0,DJI Matrice 300 RTK,M300 RTK,1ZN7L4R0H1D00F,1W9DL31001461C,1ZMLH8300204F0,1Z6PH74DAP0QN7,DJI Pilot,Android,7.0.2,1EF72A62-B7C3-C88D-164E-CE6F8C8424AE,1ZN7L4R0H1D00F,1W9DL31001461C,,1ZMLH8300204F0,1W9DL31001461C,,,,,
2023-11-01,11:27:22.93 AM,3m 0.6s,180.6,33.8012454401451,-117.4691339113665,106.9,106.9,18.7,1371,1270.4,5.236542,6.085134,1.789552,1.789552,-4.921268,1.342164,-0.447388,0,1.4,1.9,2.3,-68.8,291.2,291.5,Tripod,Other,,23,5,True,,True,False,,Smart,RC,False,True,False,,,True,,False,False,False,False,False,False,False,False,False,False,0,Follow Yaw,-77.9,0,-77.2,282.8,False,False,False,False,False,,0,0,False,False,No Card,100,100,1024,1368,1309,1024,2,False,False,False,False,False,0,False,False,False,False,90,,47.46,,9039,,10044,,47.46,,True,3.955,3.955,3.955,3.955,3.955,3.955,3.955,3.955,3.955,3.955,3.955,3.955,0,,False,False,True,,,,,,,,,,,,,,,False,False,19.528,,87.6,,75.7,,87.6,,1701,51,10,17,7,146763.0,19568.40,,Idle,,20,,10,,,20,Go Home,False,False,False,False,False,False,False,False,False,False,False,False,33.8027920380556,-117.4659261431046,1124.2,2972.0,1049.4,396.9,True,1,1,False,False,False,False,,True,False,False,Course Lock,196.8,67,16.4,93,E,S,9.17,9.17,Calm,False,False,Android,7.0.2,M300 RTK,1ZN7L4R0H1D00F,1W9DL31001461C,1ZMLH8300204F0,1Z6PH74DAP0QN7,"Corona, CA",728.3,5.7,137.7,8.547347,2.013246,0,0,DJI Matrice 300 RTK,M300 RTK,1ZN7L4R0H1D00F,1W9DL31001461C,1ZMLH8300204F0,1Z6PH74DAP0QN7,DJI Pilot,Android,7.0.2,1EF72A62-B7C3-C88D-164E-CE6F8C8424AE,1ZN7L4R0H1D00F,1W9DL31001461C,,1ZMLH8300204F0,1W9DL31001461C,,,,,
2023-11-01,11:27:23.04 AM,3m 0.7s,180.7,33.8012460947656,-117.4691361986486,107.2,107.2,18.7,1371,1271.1,5.236542,6.085134,1.789552,1.789552,-4.921268,1.342164,-0.447388,0,1.3,1.8,2.2,-68.9,291.1,289.0,Tripod,Other,,23,5,True,,True,False,,Smart,RC,False,True,False,,,True,,False,False,False,False,False,False,False,False,False,False,0,Follow Yaw,-77.9,0,-77.2,282.8,False,False,False,False,False,,0,0,False,False,No Card,100,100,1024,1369,1310,1024,2,False,False,False,False,False,0,False,False,False,False,90,,47.46,,9039,,10044,,47.46,,True,3.955,3.955,3.955,3.955,3.955,3.955,3.955,3.955,3.955,3.955,3.955,3.955,0,,False,False,True,,,,,,,,,,,,,,,False,False,19.528,,87.6,,75.7,,87.6,,1701,51,10,17,7,146763.0,19568.40,,Idle,,20,,10,,,20,Go Home,False,False,False,False,False,False,False,False,False,False,False,False,33.8027920380556,-117.4659261431046,1124.7,2972.0,1049.4,396.9,True,1,1,False,False,False,False,,True,False,False,Course Lock,196.8,67,16.4,93,E,S,9.17,9.17,Calm,False,False,Android,7.0.2,M300 RTK,1ZN7L4R0H1D00F,1W9DL31001461C,1ZMLH8300204F0,1Z6PH74DAP0QN7,"Corona, CA",728.3,5.7,137.7,8.547347,2.013246,0,0,DJI Matrice 300 RTK,M300 RTK,1ZN7L4R0H1D00F,1W9DL31001461C,1ZMLH8300204F0,1Z6PH74DAP0QN7,DJI Pilot,Android,7.0.2,1EF72A62-B7C3-C88D-164E-CE6F8C8424AE,1ZN7L4R0H1D00F,1W9DL31001461C,,1ZMLH8300204F0,1W9DL31001461C,,,,,
2023-11-01,11:27:23.14 AM,3m 0.8s,180.8,33.8012468952228,-117.4691386561409,107.2,107.2,18.7,1371,1271.9,5.317145,6.085134,2.013246,2.013246,-4.921268,1.342164,-0.447388,0,1.2,1.6,2,-68.9,291.1,291.4,Tripod,Other,,23,5,True,,True,False,,Smart,RC,False,True,False,,,True,,False,False,False,False,False,False,False,False,False,False,0,Follow Yaw,-77.9,0,-77.2,282.8,False,False,False,False,False,,0,0,False,False,No Card,100,100,1024,1369,1309,1024,2,False,False,False,False,False,0,False,False,False,False,90,,47.46,,9039,,10044,,47.46,,True,3.955,3.955,3.955,3.955,3.955,3.955,3.955,3.955,3.955,3.955,3.955,3.955,0,,False,False,True,,,,,,,,,,,,,,,False,False,19.528,,87.6,,75.7,,87.6,,1701,51,10,17,7,146763.0,19568.40,,Idle,,20,,10,,,20,Go Home,False,False,False,False,False,False,False,False,False,False,False,False,33.8027920380556,-117.4659261431046,1125.2,2972.0,1049.4,396.9,True,1,1,False,False,False,False,,True,False,False,Course Lock,196.8,67,16.4,93,E,S,9.17,9.17,Calm,False,False,Android,7.0.2,M300 RTK,1ZN7L4R0H1D00F,1W9DL31001461C,1ZMLH8300204F0,1Z6PH74DAP0QN7,"Corona, CA",728.3,5.7,137.7,8.547347,2.013246,0,0,DJI Matrice 300 RTK,M300 RTK,1ZN7L4R0H1D00F,1W9DL31001461C,1ZMLH8300204F0,1Z6PH74DAP0QN7,DJI Pilot,Android,7.0.2,1EF72A62-B7C3-C88D-164E-CE6F8C8424AE,1ZN7L4R0H1D00F,1W9DL31001461C,,1ZMLH8300204F0,1W9DL31001461C,,,,,
2023-11-01,11:27:23.24 AM,3m 0.9s,180.9,33.8012478212311,-117.4691412812044,107.2,107.2,18.7,1371,1272.8,5.317145,6.085134,2.013246,2.013246,-4.921268,1.342164,-0.447388,0,1.2,1.5,1.9,-69,291,293.0,Tripod,Other,,23,5,True,,True,False,,Smart,RC,False,True,False,,,True,,False,False,False,False,False,False,False,False,False,False,0,Follow Yaw,-77.9,0,-77.2,282.8,False,False,False,False,False,,0,0,False,False,No Card,100,100,1024,1368,1309,1024,2,False,False,False,False,False,0,False,False,False,False,90,,47.46,,9039,,10044,,47.46,,True,3.955,3.955,3.955,3.955,3.955,3.955,3.955,3.955,3.955,3.955,3.955,3.955,0,,False,False,True,,,,,,,,,,,,,,,False,False,19.528,,87.6,,75.7,,87.6,,1701,51,10,17,7,146763.0,19568.40,,Idle,,20,,10,,,20,Go Home,False,False,False,False,False,False,False,False,False,False,False,False,33.8027920380556,-117.4659261431046,1125.7,2972.0,1049.4,396.9,True,1,1,False,False,False,False,,True,False,False,Course Lock,196.8,67,16.4,93,E,S,9.17,9.17,Calm,False,False,Android,7.0.2,M300 RTK,1ZN7L4R0H1D00F,1W9DL31001461C,1ZMLH8300204F0,1Z6PH74DAP0QN7,"Corona, CA",728.3,5.7,137.7,8.547347,2.013246,0,0,DJI Matrice 300 RTK,M300 RTK,1ZN7L4R0H1D00F,1W9DL31001461C,1ZMLH8300204F0,1Z6PH74DAP0QN7,DJI Pilot,Android,7.0.2,1EF72A62-B7C3-C88D-164E-CE6F8C8424AE,1ZN7L4R0H1D00F,1W9DL31001461C,,1ZMLH8300204F0,1W9DL31001461C,,,,,
2023-11-01,11:27:23.34 AM,3m 1.0s,181.0,33.8012486436187,-117.4691437881764,107.6,107.6,18.7,1371,1273.6,5.317145,6.085134,2.013246,2.013246,-4.921268,1.342164,-0.447388,0,1.3,1.4,1.9,-68.9,291.1,291.5,Tripod,Other,,23,5,True,,True,False,,Smart,RC,False,True,False,,,True,,False,False,False,False,False,False,False,False,False,False,0,Follow Yaw,-77.9,0,-77.2,282.8,False,False,False,False,False,,0,0,False,False,No Card,100,100,1024,1366,1308,1024,2,False,False,False,False,False,0,False,False,False,False,90,,47.472,,9039,,10044,,47.472,,True,3.955,3.955,3.955,3.955,3.955,3.955,3.955,3.955,3.955,3.955,3.955,3.955,0,,False,False,True,,,,,,,,,,,,,,,False,False,19.562,,87.6,,75.7,,87.6,,1701,51,10,17,7,146763.0,19568.40,,Idle,,20,,10,,,20,Go Home,False,False,False,False,False,False,False,False,False,False,False,False,33.8027920380556,-117.4659261431046,1126.2,2972.0,1049.4,396.9,True,1,1,False,False,False,False,,True,False,False,Course Lock,196.8,67,16.4,93,E,S,9.17,9.17,Calm,False,False,Android,7.0.2,M300 RTK,1ZN7L4R0H1D00F,1W9DL31001461C,1ZMLH8300204F0,1Z6PH74DAP0QN7,"Corona, CA",728.3,5.7,137.7,8.547347,2.013246,0,0,DJI Matrice 300 RTK,M300 RTK,1ZN7L4R0H1D00F,1W9DL31001461C,1ZMLH8300204F0,1Z6PH74DAP0QN7,DJI Pilot,Android,7.0.2,1EF72A62-B7C3-C88D-164E-CE6F8C8424AE,1ZN7L4R0H1D00F,1W9DL31001461C,,1ZMLH8300204F0,1W9DL31001461C,,,,,
2023-11-01,11:27:23.44 AM,3m 1.1s,181.1,33.8012494550411,-117.4691463188987,107.6,107.6,18.7,1371,1274.4,5.524834,6.085134,2.013246,2.013246,-5.144962,1.342164,-0.447388,0,1.4,1.4,1.9,-68.8,291.2,291.0,Tripod,Other,,23,5,True,,True,False,,Smart,RC,False,True,False,,,True,,False,False,False,False,False,False,False,False,False,False,0,Follow Yaw,-77.9,0,-77.2,282.8,False,False,False,False,False,,0,0,False,False,No Card,100,100,1024,1365,1308,1024,2,False,False,False,False,False,0,False,False,False,False,90,,47.472,,9039,,10044,,47.472,,True,3.955,3.955,3.955,3.955,3.955,3.955,3.955,3.955,3.955,3.955,3.955,3.955,0,,False,False,True,,,,,,,,,,,,,,,False,False,19.562,,87.6,,75.7,,87.6,,1701,51,10,17,7,146763.0,19568.40,,Idle,,20,,10,,,20,Go Home,False,False,False,False,False,False,False,False,False,False,False,False,33.8027920380556,-117.4659261431046,1126.7,2972.0,1049.4,396.9,True,1,1,False,False,False,False,,True,False,False,Course Lock,196.8,67,16.4,93,E,S,9.17,9.17,Calm,False,False,Android,7.0.2,M300 RTK,1ZN7L4R0H1D00F,1W9DL31001461C,1ZMLH8300204F0,1Z6PH74DAP0QN7,"Corona, CA",728.3,5.7,137.7,8.547347,2.013246,0,0,DJI Matrice 300 RTK,M300 RTK,1ZN7L4R0H1D00F,1W9DL31001461C,1ZMLH8300204F0,1Z6PH74DAP0QN7,DJI Pilot,Android,7.0.2,1EF72A62-B7C3-C88D-164E-CE6F8C8424AE,1ZN7L4R0H1D00F,1W9DL31001461C,,1ZMLH8300204F0,1W9DL31001461C,,,,,
2023-11-01,11:27:23.55 AM,3m 1.2s,181.2,33.8012502730425,-117.4691488621558,107.6,107.6,18.7,1371,1275.2,5.524834,6.085134,2.013246,2.013246,-5.144962,1.342164,-0.447388,0,1.4,1.6,2.1,-68.8,291.2,291.1,Tripod,Other,,23,5,True,,True,False,,Smart,RC,False,True,False,,,True,,False,False,False,False,False,False,False,False,False,False,0,Follow Yaw,-77.9,0,-77.2,282.8,False,False,False,False,False,,0,0,False,False,No Card,100,100,1024,1365,1308,1024,2,False,False,False,False,False,0,False,False,False,False,90,,47.472,,9039,,10044,,47.472,,True,3.955,3.955,3.955,3.955,3.955,3.955,3.955,3.955,3.955,3.955,3.955,3.955,0,,False,False,True,,,,,,,,,,,,,,,False,False,19.562,,87.6,,75.7,,87.6,,1701,51,10,17,7,146763.0,19568.40,,Idle,,20,,10,,,20,Go Home,False,False,False,False,False,False,False,False,False,False,False,False,33.8027920380556,-117.4659261431046,1127.2,2972.0,1049.4,396.9,True,1,1,False,False,False,False,,True,False,False,Course Lock,196.8,67,16.4,93,E,S,9.17,9.17,Calm,False,False,Android,7.0.2,M300 RTK,1ZN7L4R0H1D00F,1W9DL31001461C,1ZMLH8300204F0,1Z6PH74DAP0QN7,"Corona, CA",728.3,5.7,137.7,8.547347,2.013246,0,0,DJI Matrice 300 RTK,M300 RTK,1ZN7L4R0H1D00F,1W9DL31001461C,1ZMLH8300204F0,1Z6PH74DAP0QN7,DJI Pilot,Android,7.0.2,1EF72A62-B7C3-C88D-164E-CE6F8C8424AE,1ZN7L4R0H1D00F,1W9DL31001461C,,1ZMLH8300204F0,1W9DL31001461C,,,,,
2023-11-01,11:27:23.65 AM,3m 1.3s,181.3,33.8012510296391,-117.4691516521518,107.9,107.9,18.7,1372,1276.1,5.524834,6.085134,2.013246,2.013246,-5.144962,1.342164,-0.447388,0,1.5,1.9,2.4,-68.8,291.2,288.0,Tripod,Other,,23,5,True,,True,False,,Smart,RC,False,True,False,,,True,,False,False,False,False,False,False,False,False,False,False,0,Follow Yaw,-77.9,0,-77.2,282.8,False,False,False,False,False,,0,0,False,False,No Card,100,100,1024,1366,1306,1024,2,False,False,False,False,False,0,False,False,False,False,90,,47.472,,9039,,10044,,47.472,,True,3.955,3.955,3.955,3.955,3.955,3.955,3.955,3.955,3.955,3.955,3.955,3.955,0,,False,False,True,,,,,,,,,,,,,,,False,False,19.562,,87.6,,75.7,,87.6,,1696,51,10,17,7,147060.3,19608.05,,Idle,,20,,10,,,20,Go Home,False,False,False,False,False,False,False,False,False,False,False,False,33.8027920380556,-117.4659261431046,1127.8,2972.0,1049.4,396.9,True,1,1,False,False,False,False,,True,False,False,Course Lock,196.8,67,16.4,93,E,S,9.17,9.17,Calm,False,False,Android,7.0.2,M300 RTK,1ZN7L4R0H1D00F,1W9DL31001461C,1ZMLH8300204F0,1Z6PH74DAP0QN7,"Corona, CA",728.3,5.7,137.7,8.547347,2.013246,0,0,DJI Matrice 300 RTK,M300 RTK,1ZN7L4R0H1D00F,1W9DL31001461C,1ZMLH8300204F0,1Z6PH74DAP0QN7,DJI Pilot,Android,7.0.2,1EF72A62-B7C3-C88D-164E-CE6F8C8424AE,1ZN7L4R0H1D00F,1W9DL31001461C,,1ZMLH8300204F0,1W9DL31001461C,,,,,
2023-11-01,11:27:23.75 AM,3m 1.4s,181.4,33.8012518492853,-117.4691542471976,107.9,107.9,18.7,1372,1277.0,5.524834,6.085134,2.013246,2.013246,-5.144962,1.342164,-0.447388,0,1.6,1.9,2.4,-68.8,291.2,290.8,Tripod,Other,,23,5,True,,True,False,,Smart,RC,False,True,False,,,True,,False,False,False,False,False,False,False,False,False,False,0,Follow Yaw,-77.9,0,-77.2,282.8,False,False,False,False,False,,0,0,False,False,No Card,100,100,1024,1367,1303,1024,2,False,False,False,False,False,0,False,False,False,False,90,,47.472,,9039,,10044,,47.472,,True,3.955,3.955,3.955,3.955,3.955,3.955,3.955,3.955,3.955,3.955,3.955,3.955,0,,False,False,True,,,,,,,,,,,,,,,False,False,19.562,,87.6,,75.7,,87.6,,1696,51,10,17,7,147060.3,19608.05,,Idle,,20,,10,,,20,Go Home,False,False,False,False,False,False,False,False,False,False,False,False,33.8027920380556,-117.4659261431046,1128.4,2972.0,1049.4,396.9,True,1,1,False,False,False,False,,True,False,False,Course Lock,196.8,67,16.4,93,E,S,9.17,9.17,Calm,False,False,Android,7.0.2,M300 RTK,1ZN7L4R0H1D00F,1W9DL31001461C,1ZMLH8300204F0,1Z6PH74DAP0QN7,"Corona, CA",728.3,5.7,137.7,8.547347,2.013246,0,0,DJI Matrice 300 RTK,M300 RTK,1ZN7L4R0H1D00F,1W9DL31001461C,1ZMLH8300204F0,1Z6PH74DAP0QN7,DJI Pilot,Android,7.0.2,1EF72A62-B7C3-C88D-164E-CE6F8C8424AE,1ZN7L4R0H1D00F,1W9DL31001461C,,1ZMLH8300204F0,1W9DL31001461C,,,,,
2023-11-01,11:27:23.85 AM,3m 1.5s,181.5,33.801252646453,-117.4691567561488,107.9,107.9,18.7,1372,1277.8,5.524834,6.085134,2.013246,2.013246,-5.144962,1.342164,-0.447388,0,1.6,1.6,2.2,-68.8,291.2,290.9,Tripod,Other,,23,5,True,,True,False,,Smart,RC,False,True,False,,,True,,False,False,False,False,False,False,False,False,False,False,0,Follow Yaw,-77.9,0,-77.2,282.8,False,False,False,False,False,,0,0,False,False,No Card,100,100,1024,1366,1300,1024,2,False,False,False,False,False,0,False,False,False,False,90,,47.472,,9039,,10044,,47.472,,True,3.955,3.955,3.955,3.955,3.955,3.955,3.955,3.955,3.955,3.955,3.955,3.955,0,,False,False,True,,,,,,,,,,,,,,,False,False,19.562,,87.6,,75.7,,87.6,,1696,51,10,17,7,147060.3,19608.05,,Idle,,20,,10,,,20,Go Home,False,False,False,False,False,False,False,False,False,False,False,False,33.8027920380556,-117.4659261431046,1128.9,2972.0,1049.4,396.9,True,1,1,False,False,False,False,,True,False,False,Course Lock,196.8,67,16.4,93,E,S,9.17,9.17,Calm,False,False,Android,7.0.2,M300 RTK,1ZN7L4R0H1D00F,1W9DL31001461C,1ZMLH8300204F0,1Z6PH74DAP0QN7,"Corona, CA",728.3,5.7,137.7,8.547347,2.013246,0,0,DJI Matrice 300 RTK,M300 RTK,1ZN7L4R0H1D00F,1W9DL31001461C,1ZMLH8300204F0,1Z6PH74DAP0QN7,DJI Pilot,Android,7.0.2,1EF72A62-B7C3-C88D-164E-CE6F8C8424AE,1ZN7L4R0H1D00F,1W9DL31001461C,,1ZMLH8300204F0,1W9DL31001461C,,,,,
2023-11-01,11:27:23.96 AM,3m 1.6s,181.6,33.8012534688405,-117.4691593637294,107.9,107.9,18.7,1372,1278.6,5.524834,6.085134,2.013246,2.013246,-5.144962,1.342164,-0.447388,0,1.6,1.5,2.1,-68.8,291.2,290.7,Tripod,Other,,23,5,True,,True,False,,Smart,RC,False,True,False,,,True,,False,False,False,False,False,False,False,False,False,False,0,Follow Yaw,-77.9,0,-77.2,282.8,False,False,False,False,False,,0,0,False,False,No Card,100,100,1024,1364,1300,1024,2,False,False,False,False,False,0,False,False,False,False,90,,47.472,,9039,,10044,,47.472,,True,3.955,3.955,3.955,3.955,3.955,3.955,3.955,3.955,3.955,3.955,3.955,3.955,0,,False,False,True,,,,,,,,,,,,,,,False,False,19.562,,87.6,,75.7,,87.6,,1696,51,10,17,7,147060.3,19608.05,,Idle,,20,,10,,,20,Go Home,False,False,False,False,False,False,False,False,False,False,False,False,33.8027920380556,-117.4659261431046,1129.4,2972.0,1049.4,396.9,True,1,1,False,False,False,False,,True,False,False,Course Lock,196.8,67,16.4,93,E,S,9.17,9.17,Calm,False,False,Android,7.0.2,M300 RTK,1ZN7L4R0H1D00F,1W9DL31001461C,1ZMLH8300204F0,1Z6PH74DAP0QN7,"Corona, CA",728.3,5.7,137.7,8.547347,2.013246,0,0,DJI Matrice 300 RTK,M300 RTK,1ZN7L4R0H1D00F,1W9DL31001461C,1ZMLH8300204F0,1Z6PH74DAP0QN7,DJI Pilot,Android,7.0.2,1EF72A62-B7C3-C88D-164E-CE6F8C8424AE,1ZN7L4R0H1D00F,1W9DL31001461C,,1ZMLH8300204F0,1W9DL31001461C,,,,,
2023-11-01,11:27:24.06 AM,3m 1.7s,181.7,33.8012542517535,-117.4691620999574,108.2,108.2,19.0,1372,1279.5,5.524834,6.085134,2.013246,2.013246,-5.144962,1.342164,-0.447388,0,1.6,1.6,2.2,-68.8,291.2,289.0,Tripod,Other,,23,5,True,,True,False,,Smart,RC,False,True,False,,,True,,False,False,False,False,False,False,False,False,False,False,0,Follow Yaw,-77.9,0,-77.2,282.8,False,False,False,False,False,,0,0,False,False,No Card,100,100,1024,1364,1300,1024,2,False,False,False,False,False,0,False,False,False,False,90,,47.472,,9039,,10044,,47.472,,True,3.955,3.955,3.955,3.955,3.955,3.955,3.955,3.955,3.955,3.955,3.955,3.955,0,,False,False,True,,,,,,,,,,,,,,,False,False,19.562,,87.6,,75.7,,87.6,,1696,51,10,17,7,147060.3,19608.05,,Idle,,20,,10,,,20,Go Home,False,False,False,False,False,False,False,False,False,False,False,False,33.8027920380556,-117.4659261431046,1130.0,2972.0,1049.4,396.9,True,1,1,False,False,False,False,,True,False,False,Course Lock,196.8,67,16.4,93,E,S,9.17,9.17,Calm,False,False,Android,7.0.2,M300 RTK,1ZN7L4R0H1D00F,1W9DL31001461C,1ZMLH8300204F0,1Z6PH74DAP0QN7,"Corona, CA",728.3,5.7,137.7,8.547347,2.013246,0,0,DJI Matrice 300 RTK,M300 RTK,1ZN7L4R0H1D00F,1W9DL31001461C,1ZMLH8300204F0,1Z6PH74DAP0QN7,DJI Pilot,Android,7.0.2,1EF72A62-B7C3-C88D-164E-CE6F8C8424AE,1ZN7L4R0H1D00F,1W9DL31001461C,,1ZMLH8300204F0,1W9DL31001461C,,,,,
2023-11-01,11:27:24.17 AM,3m 1.8s,181.8,33.8012550637241,-117.4691647316183,108.2,108.2,19.0,1372,1280.3,5.524834,6.085134,2.013246,2.013246,-5.144962,1.342164,-0.447388,0,1.6,1.7,2.3,-68.9,291.1,290.3,Tripod,Other,,23,5,True,,True,False,,Smart,RC,False,True,False,,,True,,False,False,False,False,False,False,False,False,False,False,0,Follow Yaw,-77.9,0,-77.2,282.8,False,False,False,False,False,,0,0,False,False,No Card,100,100,1024,1364,1300,1024,2,False,False,False,False,False,0,False,False,False,False,90,,47.472,,9039,,10044,,47.472,,True,3.955,3.955,3.955,3.955,3.955,3.955,3.955,3.955,3.955,3.955,3.955,3.955,0,,False,False,True,,,,,,,,,,,,,,,False,False,19.562,,87.6,,75.7,,87.6,,1696,51,10,17,7,147060.3,19608.05,,Idle,,20,,10,,,20,Go Home,False,False,False,False,False,False,False,False,False,False,False,False,33.8027920380556,-117.4659261431046,1130.6,2972.0,1049.4,396.9,True,1,1,False,False,False,False,,True,False,False,Course Lock,196.8,67,16.4,93,E,S,9.17,9.17,Calm,False,False,Android,7.0.2,M300 RTK,1ZN7L4R0H1D00F,1W9DL31001461C,1ZMLH8300204F0,1Z6PH74DAP0QN7,"Corona, CA",728.3,5.7,137.7,8.547347,2.013246,0,0,DJI Matrice 300 RTK,M300 RTK,1ZN7L4R0H1D00F,1W9DL31001461C,1ZMLH8300204F0,1Z6PH74DAP0QN7,DJI Pilot,Android,7.0.2,1EF72A62-B7C3-C88D-164E-CE6F8C8424AE,1ZN7L4R0H1D00F,1W9DL31001461C,,1ZMLH8300204F0,1W9DL31001461C,,,,,
2023-11-01,11:27:24.27 AM,3m 1.9s,181.9,33.801255990829,-117.4691672059336,108.2,108.2,19.0,1372,1281.2,5.524834,6.085134,2.013246,2.013246,-5.144962,1.342164,-0.447388,0,1.5,1.7,2.2,-69,291,294.2,Tripod,Other,,23,5,True,,True,False,,Smart,RC,False,True,False,,,True,,False,False,False,False,False,False,False,False,False,False,0,Follow Yaw,-77.9,0,-77.2,282.8,False,False,False,False,False,,0,0,False,False,No Card,100,100,1024,1365,1299,1024,2,False,False,False,False,False,0,False,False,False,False,90,,47.472,,9039,,10044,,47.472,,True,3.955,3.955,3.955,3.955,3.955,3.955,3.955,3.955,3.955,3.955,3.955,3.955,0,,False,False,True,,,,,,,,,,,,,,,False,False,19.562,,87.6,,75.7,,87.6,,1696,51,10,17,7,147060.3,19608.05,,Idle,,20,,10,,,20,Go Home,False,False,False,False,False,False,False,False,False,False,False,False,33.8027920380556,-117.4659261431046,1131.0,2972.0,1049.4,396.9,True,1,1,False,False,False,False,,True,False,False,Course Lock,196.8,67,16.4,93,E,S,9.39,9.39,Calm,False,False,Android,7.0.2,M300 RTK,1ZN7L4R0H1D00F,1W9DL31001461C,1ZMLH8300204F0,1Z6PH74DAP0QN7,"Corona, CA",728.3,5.7,137.7,8.547347,2.013246,0,0,DJI Matrice 300 RTK,M300 RTK,1ZN7L4R0H1D00F,1W9DL31001461C,1ZMLH8300204F0,1Z6PH74DAP0QN7,DJI Pilot,Android,7.0.2,1EF72A62-B7C3-C88D-164E-CE6F8C8424AE,1ZN7L4R0H1D00F,1W9DL31001461C,,1ZMLH8300204F0,1W9DL31001461C,,,,,
2023-11-01,11:27:24.37 AM,3m 2.0s,182.0,33.8012568241817,-117.4691698319868,108.2,108.2,19.0,1372,1282.0,5.524834,6.085134,2.013246,2.013246,-5.144962,1.342164,-0.447388,0,1.5,1.7,2.2,-69,291,290.9,Tripod,Other,,23,5,True,,True,False,,Smart,RC,False,True,False,,,True,,False,False,False,False,False,False,False,False,False,False,0,Follow Yaw,-77.9,0,-77.2,282.8,False,False,False,False,False,,0,0,False,False,No Card,100,100,1024,1366,1298,1024,2,False,False,False,False,False,0,False,False,False,False,90,,47.472,,9039,,10044,,47.472,,True,3.955,3.955,3.955,3.955,3.955,3.955,3.955,3.955,3.955,3.955,3.955,3.955,0,,False,False,True,,,,,,,,,,,,,,,False,False,19.584,,87.6,,75.7,,87.6,,1696,51,10,17,7,147060.3,19608.05,,Idle,,20,,10,,,20,Go Home,False,False,False,False,False,False,False,False,False,False,False,False,33.8027920380556,-117.4659261431046,1131.6,2972.0,1049.4,396.9,True,1,1,False,False,False,False,,True,False,False,Course Lock,196.8,67,16.4,93,E,S,9.39,9.39,Calm,False,False,Android,7.0.2,M300 RTK,1ZN7L4R0H1D00F,1W9DL31001461C,1ZMLH8300204F0,1Z6PH74DAP0QN7,"Corona, CA",728.3,5.7,137.7,8.547347,2.013246,0,0,DJI Matrice 300 RTK,M300 RTK,1ZN7L4R0H1D00F,1W9DL31001461C,1ZMLH8300204F0,1Z6PH74DAP0QN7,DJI Pilot,Android,7.0.2,1EF72A62-B7C3-C88D-164E-CE6F8C8424AE,1ZN7L4R0H1D00F,1W9DL31001461C,,1ZMLH8300204F0,1W9DL31001461C,,,,,
2023-11-01,11:27:24.48 AM,3m 2.1s,182.1,33.8012575807782,-117.4691725913052,108.5,108.5,19.0,1372,1282.9,5.524834,6.085134,2.013246,2.013246,-5.144962,1.342164,-0.447388,0,1.6,1.7,2.3,-69,291,288.2,Tripod,Other,,23,5,True,,True,False,,Smart,RC,False,True,False,,,True,,False,False,False,False,False,False,False,False,False,False,0,Follow Yaw,-77.9,0,-77.2,282.8,False,False,False,False,False,,0,0,False,False,No Card,100,100,1024,1364,1298,1024,2,False,False,False,False,False,0,False,False,False,False,90,,47.472,,9039,,10044,,47.472,,True,3.955,3.955,3.955,3.955,3.955,3.955,3.955,3.955,3.955,3.955,3.955,3.955,0,,False,False,True,,,,,,,,,,,,,,,False,False,19.584,,87.6,,75.7,,87.6,,1696,51,10,17,7,147060.3,19608.05,,Idle,,20,,10,,,20,Go Home,False,False,False,False,False,False,False,False,False,False,False,False,33.8027920380556,-117.4659261431046,1132.2,2972.0,1049.4,396.9,True,1,1,False,False,False,False,,True,False,False,Course Lock,196.8,67,16.4,93,E,S,9.39,9.39,Calm,False,False,Android,7.0.2,M300 RTK,1ZN7L4R0H1D00F,1W9DL31001461C,1ZMLH8300204F0,1Z6PH74DAP0QN7,"Corona, CA",728.3,5.7,137.7,8.547347,2.013246,0,0,DJI Matrice 300 RTK,M300 RTK,1ZN7L4R0H1D00F,1W9DL31001461C,1ZMLH8300204F0,1Z6PH74DAP0QN7,DJI Pilot,Android,7.0.2,1EF72A62-B7C3-C88D-164E-CE6F8C8424AE,1ZN7L4R0H1D00F,1W9DL31001461C,,1ZMLH8300204F0,1W9DL31001461C,,,,,
2023-11-01,11:27:24.58 AM,3m 2.2s,182.2,33.8012584146792,-117.4691752381399,108.5,108.5,19.3,1372,1283.8,5.733727,6.085134,2.013246,2.013246,-5.368656,1.342164,-0.447388,0,1.6,1.5,2.1,-69,291,290.7,Tripod,Other,,23,5,True,,True,False,,Smart,RC,False,True,False,,,True,,False,False,False,False,False,False,False,False,False,False,0,Follow Yaw,-77.9,0,-77.2,282.8,False,False,False,False,False,,0,0,False,False,No Card,100,100,1024,1364,1298,1024,2,False,False,False,False,False,0,False,False,False,False,90,,47.472,,9039,,10044,,47.472,,True,3.955,3.955,3.955,3.955,3.955,3.955,3.955,3.955,3.955,3.955,3.955,3.955,0,,False,False,True,,,,,,,,,,,,,,,False,False,19.584,,87.6,,75.7,,87.6,,1696,51,10,17,7,147060.3,19608.05,,Idle,,20,,10,,,20,Go Home,False,False,False,False,False,False,False,False,False,False,False,False,33.8027920380556,-117.4659261431046,1132.7,2972.0,1049.4,396.9,True,1,1,False,False,False,False,,True,False,False,Course Lock,196.8,67,16.4,93,E,S,9.39,9.39,Calm,False,False,Android,7.0.2,M300 RTK,1ZN7L4R0H1D00F,1W9DL31001461C,1ZMLH8300204F0,1Z6PH74DAP0QN7,"Corona, CA",728.3,5.7,137.7,8.547347,2.013246,0,0,DJI Matrice 300 RTK,M300 RTK,1ZN7L4R0H1D00F,1W9DL31001461C,1ZMLH8300204F0,1Z6PH74DAP0QN7,DJI Pilot,Android,7.0.2,1EF72A62-B7C3-C88D-164E-CE6F8C8424AE,1ZN7L4R0H1D00F,1W9DL31001461C,,1ZMLH8300204F0,1W9DL31001461C,,,,,
2023-11-01,11:27:24.64 AM,3m 2.3s,182.3,33.8012593187572,-117.4691779459994,108.5,108.5,19.3,1372,1284.6,5.733727,6.085134,2.013246,2.013246,-5.368656,1.342164,-0.447388,0,1.6,1.6,2.2,-69,291,291.8,Tripod,Other,,23,5,True,,True,False,,Smart,RC,False,True,False,,,True,,False,False,False,False,False,False,False,False,False,False,0,Follow Yaw,-77.9,0,-77.2,282.8,False,False,False,False,False,,0,0,False,False,No Card,100,100,1024,1363,1299,1024,2,False,False,False,False,False,0,False,False,False,False,90,,47.472,,9039,,10044,,47.472,,True,3.956,3.956,3.956,3.956,3.956,3.956,3.956,3.956,3.956,3.956,3.956,3.956,0,,False,False,True,,,,,,,,,,,,,,,False,False,19.584,,87.6,,75.7,,87.6,,1692,51,11,17,7,147221.5,19629.53,,Idle,,20,,10,,,20,Go Home,False,False,False,False,False,False,False,False,False,False,False,False,33.8027920380556,-117.4659261431046,1133.3,2972.0,1049.4,396.9,True,1,1,False,False,False,False,,True,False,False,Course Lock,196.8,67,16.4,93,E,S,9.39,9.39,Calm,False,False,Android,7.0.2,M300 RTK,1ZN7L4R0H1D00F,1W9DL31001461C,1ZMLH8300204F0,1Z6PH74DAP0QN7,"Corona, CA",728.3,5.7,137.7,8.547347,2.013246,0,0,DJI Matrice 300 RTK,M300 RTK,1ZN7L4R0H1D00F,1W9DL31001461C,1ZMLH8300204F0,1Z6PH74DAP0QN7,DJI Pilot,Android,7.0.2,1EF72A62-B7C3-C88D-164E-CE6F8C8424AE,1ZN7L4R0H1D00F,1W9DL31001461C,,1ZMLH8300204F0,1W9DL31001461C,,,,,
2023-11-01,11:27:24.74 AM,3m 2.4s,182.4,33.801260154303,-117.4691806024001,108.9,108.9,19.3,1373,1285.5,5.733727,6.085134,2.013246,2.013246,-5.368656,1.342164,-0.447388,0,1.6,1.6,2.2,-69,291,290.7,Tripod,Other,,22,5,True,,True,False,,Smart,RC,False,True,False,,,True,,False,False,False,False,False,False,False,False,False,False,0,Follow Yaw,-77.9,0,-77.2,282.8,False,False,False,False,False,,0,0,False,False,No Card,100,100,1024,1363,1299,1024,2,False,False,False,False,False,0,False,False,False,False,90,,47.472,,9039,,10044,,47.472,,True,3.956,3.956,3.956,3.956,3.956,3.956,3.956,3.956,3.956,3.956,3.956,3.956,0,,False,False,True,,,,,,,,,,,,,,,False,False,19.584,,87.6,,75.7,,87.6,,1692,51,11,17,7,147221.5,19629.53,,Idle,,20,,10,,,20,Go Home,False,False,False,False,False,False,False,False,False,False,False,False,33.8027920380556,-117.4659261431046,1133.8,2972.0,1049.4,396.9,True,1,1,False,False,False,False,,True,False,False,Course Lock,196.8,67,16.4,93,E,S,9.39,9.39,Calm,False,False,Android,7.0.2,M300 RTK,1ZN7L4R0H1D00F,1W9DL31001461C,1ZMLH8300204F0,1Z6PH74DAP0QN7,"Corona, CA",728.3,5.7,137.7,8.547347,2.013246,0,0,DJI Matrice 300 RTK,M300 RTK,1ZN7L4R0H1D00F,1W9DL31001461C,1ZMLH8300204F0,1Z6PH74DAP0QN7,DJI Pilot,Android,7.0.2,1EF72A62-B7C3-C88D-164E-CE6F8C8424AE,1ZN7L4R0H1D00F,1W9DL31001461C,,1ZMLH8300204F0,1W9DL31001461C,,,,,
2023-11-01,11:27:24.84 AM,3m 2.5s,182.5,33.8012610649601,-117.469183282881,108.9,108.9,19.3,1373,1286.4,5.733727,6.085134,2.013246,2.013246,-5.368656,1.342164,-0.447388,0,1.4,1.7,2.2,-69,291,292.2,Tripod,Other,,22,5,True,,True,False,,Smart,RC,False,True,False,,,True,,False,False,False,False,False,False,False,False,False,False,0,Follow Yaw,-77.9,0,-77.2,282.8,False,False,False,False,False,,0,0,False,False,No Card,100,100,1024,1363,1299,1024,2,False,False,False,False,False,0,False,False,False,False,90,,47.472,,9039,,10044,,47.472,,True,3.956,3.956,3.956,3.956,3.956,3.956,3.956,3.956,3.956,3.956,3.956,3.956,0,,False,False,True,,,,,,,,,,,,,,,False,False,19.584,,87.6,,75.7,,87.6,,1692,51,11,17,7,147221.5,19629.53,,Idle,,20,,10,,,20,Go Home,False,False,False,False,False,False,False,False,False,False,False,False,33.8027920380556,-117.4659261431046,1134.4,2972.0,1049.4,396.9,True,1,1,False,False,False,False,,True,False,False,Course Lock,196.8,67,16.4,93,E,S,9.39,9.39,Calm,False,False,Android,7.0.2,M300 RTK,1ZN7L4R0H1D00F,1W9DL31001461C,1ZMLH8300204F0,1Z6PH74DAP0QN7,"Corona, CA",728.3,5.7,137.7,8.547347,2.013246,0,0,DJI Matrice 300 RTK,M300 RTK,1ZN7L4R0H1D00F,1W9DL31001461C,1ZMLH8300204F0,1Z6PH74DAP0QN7,DJI Pilot,Android,7.0.2,1EF72A62-B7C3-C88D-164E-CE6F8C8424AE,1ZN7L4R0H1D00F,1W9DL31001461C,,1ZMLH8300204F0,1W9DL31001461C,,,,,
2023-11-01,11:27:24.94 AM,3m 2.6s,182.6,33.8012619131158,-117.4691859485178,108.9,108.9,19.3,1373,1287.2,5.733727,6.085134,2.013246,2.013246,-5.368656,1.342164,-0.447388,0,1.2,1.8,2.1,-69,291,290.9,Tripod,Other,,22,5,True,,True,False,,Smart,RC,False,True,False,,,True,,False,False,False,False,False,False,False,False,False,False,0,Follow Yaw,-77.9,0,-77.2,282.8,False,False,False,False,False,,0,0,False,False,No Card,100,100,1024,1363,1299,1024,2,False,False,False,False,False,0,False,False,False,False,90,,47.472,,9039,,10044,,47.472,,True,3.956,3.956,3.956,3.956,3.956,3.956,3.956,3.956,3.956,3.956,3.956,3.956,0,,False,False,True,,,,,,,,,,,,,,,False,False,19.584,,87.6,,75.7,,87.6,,1692,51,11,17,7,147221.5,19629.53,,Idle,,20,,10,,,20,Go Home,False,False,False,False,False,False,False,False,False,False,False,False,33.8027920380556,-117.4659261431046,1134.9,2972.0,1049.4,396.9,True,1,1,False,False,False,False,,True,False,False,Course Lock,196.8,67,16.4,93,E,S,9.39,9.39,Calm,False,False,Android,7.0.2,M300 RTK,1ZN7L4R0H1D00F,1W9DL31001461C,1ZMLH8300204F0,1Z6PH74DAP0QN7,"Corona, CA",728.3,5.7,137.7,8.547347,2.013246,0,0,DJI Matrice 300 RTK,M300 RTK,1ZN7L4R0H1D00F,1W9DL31001461C,1ZMLH8300204F0,1Z6PH74DAP0QN7,DJI Pilot,Android,7.0.2,1EF72A62-B7C3-C88D-164E-CE6F8C8424AE,1ZN7L4R0H1D00F,1W9DL31001461C,,1ZMLH8300204F0,1W9DL31001461C,,,,,
2023-11-01,11:27:25.04 AM,3m 2.7s,182.7,33.8012626340755,-117.4691886072276,108.9,108.9,19.3,1373,1288.1,5.733727,6.085134,2.013246,2.013246,-5.368656,1.342164,-0.447388,0,1.1,1.8,2.1,-69.1,290.9,288.0,Tripod,Other,,22,5,True,,True,False,,Smart,RC,False,True,False,,,True,,False,False,False,False,False,False,False,False,False,False,0,Follow Yaw,-77.9,0,-77.2,282.8,False,False,False,False,False,,0,0,False,False,No Card,100,100,1024,1364,1299,1024,2,False,False,False,False,False,0,False,False,False,False,90,,47.46,,4487,,4986,,47.46,,True,3.956,3.956,3.956,3.956,3.956,3.956,3.956,3.956,3.956,3.956,3.956,3.956,0,,False,False,True,,,,,,,,,,,,,,,False,False,9.616,,86.9,,75.7,,87.6,,1692,51,11,17,7,147221.5,19629.53,,Idle,,20,,10,,,20,Go Home,False,False,False,False,False,False,False,False,False,False,False,False,33.8027920380556,-117.4659261431046,1135.5,2972.0,1049.4,396.9,True,1,1,False,False,False,False,,True,False,False,Course Lock,196.8,67,16.4,93,E,S,9.39,9.39,Calm,False,False,Android,7.0.2,M300 RTK,1ZN7L4R0H1D00F,1W9DL31001461C,1ZMLH8300204F0,1Z6PH74DAP0QN7,"Corona, CA",728.3,5.7,137.7,8.547347,2.013246,0,0,DJI Matrice 300 RTK,M300 RTK,1ZN7L4R0H1D00F,1W9DL31001461C,1ZMLH8300204F0,1Z6PH74DAP0QN7,DJI Pilot,Android,7.0.2,1EF72A62-B7C3-C88D-164E-CE6F8C8424AE,1ZN7L4R0H1D00F,1W9DL31001461C,,1ZMLH8300204F0,1W9DL31001461C,,,,,
2023-11-01,11:27:25.14 AM,3m 2.8s,182.8,33.801263486069,-117.4691912870487,109.2,109.2,19.6,1373,1289.0,5.733727,6.085134,2.013246,2.013246,-5.368656,1.342164,-0.447388,0,1.1,1.8,2.1,-69.2,290.8,290.9,Tripod,Other,,23,5,True,,True,False,,Smart,RC,False,True,False,,,True,,False,False,False,False,False,False,False,False,False,False,0,Follow Yaw,-77.9,0,-77.2,282.8,False,False,False,False,False,,0,0,False,False,No Card,100,100,1024,1363,1299,1024,2,False,False,False,False,False,0,False,False,False,False,90,,47.46,,4487,,4986,,47.46,,True,3.956,3.956,3.956,3.956,3.956,3.956,3.956,3.956,3.956,3.956,3.956,3.956,0,,False,False,True,,,,,,,,,,,,,,,False,False,9.616,,86.9,,75.7,,87.6,,1692,51,11,17,7,147221.5,19629.53,,Idle,,20,,10,,,20,Go Home,False,False,False,False,False,False,False,False,False,False,False,False,33.8027920380556,-117.4659261431046,1136.0,2972.0,1049.4,396.9,True,1,1,False,False,False,False,,True,False,False,Course Lock,196.8,67,16.4,93,E,S,9.39,9.39,Calm,False,False,Android,7.0.2,M300 RTK,1ZN7L4R0H1D00F,1W9DL31001461C,1ZMLH8300204F0,1Z6PH74DAP0QN7,"Corona, CA",728.3,5.7,137.7,8.547347,2.013246,0,0,DJI Matrice 300 RTK,M300 RTK,1ZN7L4R0H1D00F,1W9DL31001461C,1ZMLH8300204F0,1Z6PH74DAP0QN7,DJI Pilot,Android,7.0.2,1EF72A62-B7C3-C88D-164E-CE6F8C8424AE,1ZN7L4R0H1D00F,1W9DL31001461C,,1ZMLH8300204F0,1W9DL31001461C,,,,,
2023-11-01,11:27:25.24 AM,3m 2.9s,182.9,33.8012643912436,-117.4691941116804,109.2,109.2,19.6,1373,1289.9,5.733727,6.085134,2.013246,2.013246,-5.368656,1.342164,-0.447388,0,1.1,1.7,2,-69.3,290.7,291.0,Tripod,Other,,23,5,True,,True,False,,Smart,RC,False,True,False,,,True,,False,False,False,False,False,False,False,False,False,False,0,Follow Yaw,-77.9,0,-77.2,282.8,False,False,False,False,False,,0,0,False,False,No Card,100,100,1024,1363,1299,1024,2,False,False,False,False,False,0,False,False,False,False,90,,47.46,,4487,,4986,,47.46,,True,3.956,3.956,3.956,3.956,3.956,3.956,3.956,3.956,3.956,3.956,3.956,3.956,0,,False,False,True,,,,,,,,,,,,,,,False,False,9.616,,86.9,,75.7,,87.6,,1692,51,11,17,7,147221.5,19629.53,,Idle,,20,,10,,,20,Go Home,False,False,False,False,False,False,False,False,False,False,False,False,33.8027920380556,-117.4659261431046,1136.6,2972.0,1049.4,396.9,True,1,1,False,False,False,False,,True,False,False,Course Lock,196.8,67,16.4,93,E,S,9.39,9.39,Calm,False,False,Android,7.0.2,M300 RTK,1ZN7L4R0H1D00F,1W9DL31001461C,1ZMLH8300204F0,1Z6PH74DAP0QN7,"Corona, CA",728.3,5.7,137.7,8.547347,2.013246,0,0,DJI Matrice 300 RTK,M300 RTK,1ZN7L4R0H1D00F,1W9DL31001461C,1ZMLH8300204F0,1Z6PH74DAP0QN7,DJI Pilot,Android,7.0.2,1EF72A62-B7C3-C88D-164E-CE6F8C8424AE,1ZN7L4R0H1D00F,1W9DL31001461C,,1ZMLH8300204F0,1W9DL31001461C,,,,,
2023-11-01,11:27:25.34 AM,3m 3.0s,183.0,33.8012652695535,-117.4691968271269,109.2,109.2,19.6,1373,1290.8,5.816044,6.085134,2.23694,2.23694,-5.368656,1.342164,-0.447388,0,1.3,1.6,2,-69.3,290.7,291.2,Tripod,Other,,23,5,True,,True,False,,Smart,RC,False,True,False,,,True,,False,False,False,False,False,False,False,False,False,False,0,Follow Yaw,-77.9,0,-77.2,282.8,False,False,False,False,False,,0,0,False,False,No Card,100,100,1024,1363,1299,1024,2,False,False,False,False,False,0,False,False,False,False,90,,47.544,,9039,,10044,,47.544,,True,3.956,3.956,3.956,3.956,3.956,3.956,3.956,3.956,3.956,3.956,3.956,3.956,0,,False,False,True,,,,,,,,,,,,,,,False,False,19.468,,87.6,,75.7,,87.6,,1692,51,11,17,7,147221.5,19629.53,,Idle,,20,,10,,,20,Go Home,False,False,False,False,False,False,False,False,False,False,False,False,33.8027920380556,-117.4659261431046,1137.2,2972.0,1049.4,396.9,True,1,1,False,False,False,False,,True,False,False,Course Lock,196.8,67,16.4,93,E,S,9.39,9.39,Calm,False,False,Android,7.0.2,M300 RTK,1ZN7L4R0H1D00F,1W9DL31001461C,1ZMLH8300204F0,1Z6PH74DAP0QN7,"Corona, CA",728.3,5.7,137.7,8.547347,2.013246,0,0,DJI Matrice 300 RTK,M300 RTK,1ZN7L4R0H1D00F,1W9DL31001461C,1ZMLH8300204F0,1Z6PH74DAP0QN7,DJI Pilot,Android,7.0.2,1EF72A62-B7C3-C88D-164E-CE6F8C8424AE,1ZN7L4R0H1D00F,1W9DL31001461C,,1ZMLH8300204F0,1W9DL31001461C,,,,,
2023-11-01,11:27:25.44 AM,3m 3.1s,183.1,33.8012663304334,-117.4691994690135,109.2,109.2,19.6,1373,1291.6,5.816044,6.085134,2.23694,2.23694,-5.368656,1.342164,-0.447388,0,1.5,1.4,2,-69.3,290.7,295.7,Tripod,Other,,23,5,True,,True,False,,Smart,RC,False,True,False,,,True,,False,False,False,False,False,False,False,False,False,False,0,Follow Yaw,-77.9,0,-77.2,282.8,False,False,False,False,False,,0,0,False,False,No Card,100,100,1024,1362,1299,1024,2,False,False,False,False,False,0,False,False,False,False,90,,47.544,,9039,,10044,,47.544,,True,3.956,3.956,3.956,3.956,3.956,3.956,3.956,3.956,3.956,3.956,3.956,3.956,0,,False,False,True,,,,,,,,,,,,,,,False,False,19.468,,87.6,,75.7,,87.6,,1692,51,11,17,7,147221.5,19629.53,,Idle,,20,,10,,,20,Go Home,False,False,False,False,False,False,False,False,False,False,False,False,33.8027920380556,-117.4659261431046,1137.7,2972.0,1049.4,396.9,True,1,1,False,False,False,False,,True,False,False,Course Lock,196.8,67,16.4,93,E,S,9.39,9.39,Calm,False,False,Android,7.0.2,M300 RTK,1ZN7L4R0H1D00F,1W9DL31001461C,1ZMLH8300204F0,1Z6PH74DAP0QN7,"Corona, CA",728.3,5.7,137.7,8.547347,2.013246,0,0,DJI Matrice 300 RTK,M300 RTK,1ZN7L4R0H1D00F,1W9DL31001461C,1ZMLH8300204F0,1Z6PH74DAP0QN7,DJI Pilot,Android,7.0.2,1EF72A62-B7C3-C88D-164E-CE6F8C8424AE,1ZN7L4R0H1D00F,1W9DL31001461C,,1ZMLH8300204F0,1W9DL31001461C,,,,,
2023-11-01,11:27:25.54 AM,3m 3.2s,183.2,33.801267239994,-117.4692021979844,109.5,109.5,19.6,1373,1292.5,5.816044,6.085134,2.23694,2.23694,-5.368656,1.342164,-0.447388,0,1.7,1.2,2,-69.2,290.8,291.8,Tripod,Other,,23,5,True,,True,False,,Smart,RC,False,True,False,,,True,,False,False,False,False,False,False,False,False,False,False,0,Follow Yaw,-77.9,0,-77.2,282.8,False,False,False,False,False,,0,0,False,False,No Card,100,100,1024,1363,1298,1024,2,False,False,False,False,False,0,False,False,False,False,90,,47.544,,9039,,10044,,47.544,,True,3.956,3.956,3.956,3.956,3.956,3.956,3.956,3.956,3.956,3.956,3.956,3.956,0,,False,False,True,,,,,,,,,,,,,,,False,False,19.468,,87.6,,75.7,,87.6,,1692,51,11,17,7,147221.5,19629.53,,Idle,,20,,10,,,20,Go Home,False,False,False,False,False,False,False,False,False,False,False,False,33.8027920380556,-117.4659261431046,1138.3,2972.0,1049.4,396.9,True,1,1,False,False,False,False,,True,False,False,Course Lock,196.8,67,16.4,93,E,S,9.39,9.39,Calm,False,False,Android,7.0.2,M300 RTK,1ZN7L4R0H1D00F,1W9DL31001461C,1ZMLH8300204F0,1Z6PH74DAP0QN7,"Corona, CA",728.3,5.7,137.7,8.547347,2.013246,0,0,DJI Matrice 300 RTK,M300 RTK,1ZN7L4R0H1D00F,1W9DL31001461C,1ZMLH8300204F0,1Z6PH74DAP0QN7,DJI Pilot,Android,7.0.2,1EF72A62-B7C3-C88D-164E-CE6F8C8424AE,1ZN7L4R0H1D00F,1W9DL31001461C,,1ZMLH8300204F0,1W9DL31001461C,,,,,
2023-11-01,11:27:25.64 AM,3m 3.3s,183.3,33.8012680530612,-117.4692051179471,109.5,109.5,19.6,1373,1293.5,5.816044,6.085134,2.23694,2.23694,-5.368656,1.342164,-0.447388,0,1.9,1.1,2.1,-69.1,290.9,288.5,Tripod,Other,,23,5,True,,True,False,,Smart,RC,False,True,False,,,True,,False,False,False,False,False,False,False,False,False,False,0,Follow Yaw,-77.9,0,-77.2,282.8,False,False,False,False,False,,0,0,False,False,No Card,100,100,1024,1363,1297,1024,2,False,False,False,False,False,0,False,False,False,False,90,,47.544,,9039,,10044,,47.544,,True,3.959,3.959,3.959,3.959,3.959,3.959,3.959,3.959,3.959,3.959,3.959,3.959,0,,False,False,True,,,,,,,,,,,,,,,False,False,19.468,,87.6,,75.7,,87.6,,1688,52,11,17,7,147276.6,19636.88,,Idle,,20,,10,,,20,Go Home,False,False,False,False,False,False,False,False,False,False,False,False,33.8027920380556,-117.4659261431046,1138.9,2972.0,1049.4,396.9,True,1,1,False,False,False,False,,True,False,False,Course Lock,196.8,67,16.4,93,E,S,9.39,9.39,Calm,False,False,Android,7.0.2,M300 RTK,1ZN7L4R0H1D00F,1W9DL31001461C,1ZMLH8300204F0,1Z6PH74DAP0QN7,"Corona, CA",728.3,5.7,137.7,8.547347,2.013246,0,0,DJI Matrice 300 RTK,M300 RTK,1ZN7L4R0H1D00F,1W9DL31001461C,1ZMLH8300204F0,1Z6PH74DAP0QN7,DJI Pilot,Android,7.0.2,1EF72A62-B7C3-C88D-164E-CE6F8C8424AE,1ZN7L4R0H1D00F,1W9DL31001461C,,1ZMLH8300204F0,1W9DL31001461C,,,,,
2023-11-01,11:27:25.74 AM,3m 3.4s,183.4,33.8012689522049,-117.469207878585,109.5,109.5,20.0,1373,1294.4,5.816044,6.085134,2.23694,2.23694,-5.368656,1.342164,-0.447388,0,2,1,2.2,-69,291,291.4,Tripod,Other,,23,5,True,,True,False,,Smart,RC,False,True,False,,,True,,False,False,False,False,False,False,False,False,False,False,0,Follow Yaw,-77.9,0,-77.2,282.8,False,False,False,False,False,,0,0,False,False,No Card,100,100,1024,1362,1297,1024,2,False,False,False,False,False,0,False,False,False,False,90,,47.544,,9039,,10044,,47.544,,True,3.959,3.959,3.959,3.959,3.959,3.959,3.959,3.959,3.959,3.959,3.959,3.959,0,,False,False,True,,,,,,,,,,,,,,,False,False,19.468,,87.6,,75.7,,87.6,,1688,52,11,17,7,147276.6,19636.88,,Idle,,20,,10,,,20,Go Home,False,False,False,False,False,False,False,False,False,False,False,False,33.8027920380556,-117.4659261431046,1139.4,2972.0,1049.4,396.9,True,1,1,False,False,False,False,,True,False,False,Course Lock,196.8,67,16.4,93,E,S,9.39,9.39,Calm,False,False,Android,7.0.2,M300 RTK,1ZN7L4R0H1D00F,1W9DL31001461C,1ZMLH8300204F0,1Z6PH74DAP0QN7,"Corona, CA",728.3,5.7,137.7,8.547347,2.013246,0,0,DJI Matrice 300 RTK,M300 RTK,1ZN7L4R0H1D00F,1W9DL31001461C,1ZMLH8300204F0,1Z6PH74DAP0QN7,DJI Pilot,Android,7.0.2,1EF72A62-B7C3-C88D-164E-CE6F8C8424AE,1ZN7L4R0H1D00F,1W9DL31001461C,,1ZMLH8300204F0,1W9DL31001461C,,,,,
2023-11-01,11:27:25.84 AM,3m 3.5s,183.5,33.8012699714172,-117.4692103423447,109.9,109.9,20.0,1374,1295.2,5.816044,6.085134,2.23694,2.23694,-5.368656,1.342164,-0.447388,0,2,1,2.2,-69,291,296.4,Tripod,Other,,23,5,True,,True,False,,Smart,RC,False,True,False,,,True,,False,False,False,False,False,False,False,False,False,False,0,Follow Yaw,-77.9,0,-77.2,282.8,False,False,False,False,False,,0,0,False,False,No Card,100,100,1024,1362,1295,1024,2,False,False,False,False,False,0,False,False,False,False,90,,47.544,,9039,,10044,,47.544,,True,3.959,3.959,3.959,3.959,3.959,3.959,3.959,3.959,3.959,3.959,3.959,3.959,0,,False,False,True,,,,,,,,,,,,,,,False,False,19.468,,87.6,,75.7,,87.6,,1688,52,11,17,7,147276.6,19636.88,,Idle,,20,,10,,,20,Go Home,False,False,False,False,False,False,False,False,False,False,False,False,33.8027920380556,-117.4659261431046,1139.9,2972.0,1049.4,396.9,True,1,1,False,False,False,False,,True,False,False,Course Lock,196.8,67,16.4,93,E,S,9.39,9.39,Calm,False,False,Android,7.0.2,M300 RTK,1ZN7L4R0H1D00F,1W9DL31001461C,1ZMLH8300204F0,1Z6PH74DAP0QN7,"Corona, CA",728.3,5.7,137.7,8.547347,2.013246,0,0,DJI Matrice 300 RTK,M300 RTK,1ZN7L4R0H1D00F,1W9DL31001461C,1ZMLH8300204F0,1Z6PH74DAP0QN7,DJI Pilot,Android,7.0.2,1EF72A62-B7C3-C88D-164E-CE6F8C8424AE,1ZN7L4R0H1D00F,1W9DL31001461C,,1ZMLH8300204F0,1W9DL31001461C,,,,,
2023-11-01,11:27:25.94 AM,3m 3.6s,183.6,33.8012708733022,-117.4692130871492,109.9,109.9,20.0,1374,1296.1,5.816044,6.085134,2.23694,2.23694,-5.368656,1.342164,-0.447388,0,1.9,1.1,2.1,-69,291,291.5,Tripod,Other,,23,5,True,,True,False,,Smart,RC,False,True,False,,,True,,False,False,False,False,False,False,False,False,False,False,0,Follow Yaw,-77.9,0,-77.2,282.8,False,False,False,False,False,,0,0,False,False,No Card,100,100,1024,1360,1276,1024,2,False,False,False,False,False,0,False,False,False,False,90,,47.544,,9039,,10044,,47.544,,True,3.959,3.959,3.959,3.959,3.959,3.959,3.959,3.959,3.959,3.959,3.959,3.959,0,,False,False,True,,,,,,,,,,,,,,,False,False,19.468,,87.6,,75.7,,87.6,,1688,52,11,17,7,147276.6,19636.88,,Idle,,20,,10,,,20,Go Home,False,False,False,False,False,False,False,False,False,False,False,False,33.8027920380556,-117.4659261431046,1140.5,2972.0,1049.4,396.9,True,1,1,False,False,False,False,,True,False,False,Course Lock,196.8,67,16.4,93,E,S,9.39,9.39,Calm,False,False,Android,7.0.2,M300 RTK,1ZN7L4R0H1D00F,1W9DL31001461C,1ZMLH8300204F0,1Z6PH74DAP0QN7,"Corona, CA",728.3,5.7,137.7,8.547347,2.013246,0,0,DJI Matrice 300 RTK,M300 RTK,1ZN7L4R0H1D00F,1W9DL31001461C,1ZMLH8300204F0,1Z6PH74DAP0QN7,DJI Pilot,Android,7.0.2,1EF72A62-B7C3-C88D-164E-CE6F8C8424AE,1ZN7L4R0H1D00F,1W9DL31001461C,,1ZMLH8300204F0,1W9DL31001461C,,,,,
2023-11-01,11:27:26.03 AM,3m 3.7s,183.7,33.8012717614807,-117.4692157666404,109.9,109.9,20.0,1374,1297.0,6.023145,6.085134,2.23694,2.23694,-5.59235,1.342164,-0.447388,0,1.8,1.1,2.1,-69,291,291.7,Tripod,Other,,23,5,True,,True,False,,Smart,RC,False,True,False,,,True,,False,False,False,False,False,False,False,False,False,False,0,Follow Yaw,-77.9,0,-77.2,282.8,False,False,False,False,False,,0,0,False,False,No Card,100,100,1024,1358,1278,1024,2,False,False,False,False,False,0,False,False,False,False,90,,47.544,,9039,,10044,,47.544,,True,3.959,3.959,3.959,3.959,3.959,3.959,3.959,3.959,3.959,3.959,3.959,3.959,0,,False,False,True,,,,,,,,,,,,,,,False,False,19.468,,87.6,,75.7,,87.6,,1688,52,11,17,7,147276.6,19636.88,,Idle,,20,,10,,,20,Go Home,False,False,False,False,False,False,False,False,False,False,False,False,33.8027920380556,-117.4659261431046,1141.0,2972.0,1049.4,396.9,True,1,1,False,False,False,False,,True,False,False,Course Lock,196.8,67,16.4,93,E,S,9.39,9.39,Calm,False,False,Android,7.0.2,M300 RTK,1ZN7L4R0H1D00F,1W9DL31001461C,1ZMLH8300204F0,1Z6PH74DAP0QN7,"Corona, CA",728.3,5.7,137.7,8.547347,2.013246,0,0,DJI Matrice 300 RTK,M300 RTK,1ZN7L4R0H1D00F,1W9DL31001461C,1ZMLH8300204F0,1Z6PH74DAP0QN7,DJI Pilot,Android,7.0.2,1EF72A62-B7C3-C88D-164E-CE6F8C8424AE,1ZN7L4R0H1D00F,1W9DL31001461C,,1ZMLH8300204F0,1W9DL31001461C,,,,,
2023-11-01,11:27:26.13 AM,3m 3.8s,183.8,33.8012726606244,-117.4692185193616,109.9,109.9,20.0,1374,1297.9,6.023145,6.085134,2.23694,2.23694,-5.59235,1.342164,-0.447388,0,1.7,1.2,2,-69,291,291.4,Tripod,Other,,23,5,True,,True,False,,Smart,RC,False,True,False,,,True,,False,False,False,False,False,False,False,False,False,False,0,Follow Yaw,-77.9,0,-77.2,282.8,False,False,False,False,False,,0,0,False,False,No Card,100,100,1024,1356,1283,1024,2,False,False,False,False,False,0,False,False,False,False,90,,47.544,,9039,,10044,,47.544,,True,3.959,3.959,3.959,3.959,3.959,3.959,3.959,3.959,3.959,3.959,3.959,3.959,0,,False,False,True,,,,,,,,,,,,,,,False,False,19.468,,87.6,,75.7,,87.6,,1688,52,11,17,7,147276.6,19636.88,,Idle,,20,,10,,,20,Go Home,False,False,False,False,False,False,False,False,False,False,False,False,33.8027920380556,-117.4659261431046,1141.6,2972.0,1049.4,396.9,True,1,1,False,False,False,False,,True,False,False,Course Lock,196.8,67,16.4,93,E,S,9.39,9.39,Calm,False,False,Android,7.0.2,M300 RTK,1ZN7L4R0H1D00F,1W9DL31001461C,1ZMLH8300204F0,1Z6PH74DAP0QN7,"Corona, CA",728.3,5.7,137.7,8.547347,2.013246,0,0,DJI Matrice 300 RTK,M300 RTK,1ZN7L4R0H1D00F,1W9DL31001461C,1ZMLH8300204F0,1Z6PH74DAP0QN7,DJI Pilot,Android,7.0.2,1EF72A62-B7C3-C88D-164E-CE6F8C8424AE,1ZN7L4R0H1D00F,1W9DL31001461C,,1ZMLH8300204F0,1W9DL31001461C,,,,,
2023-11-01,11:27:26.24 AM,3m 3.9s,183.9,33.8012736151423,-117.4692217141015,110.2,110.2,20.0,1374,1298.9,6.023145,6.085134,2.23694,2.23694,-5.59235,1.342164,-0.447388,0,1.7,1.3,2.1,-69,291,289.7,Tripod,Other,,23,5,True,,True,False,,Smart,RC,False,True,False,,,True,,False,False,False,False,False,False,False,False,False,False,0,Follow Yaw,-77.9,0,-77.2,282.8,False,False,False,False,False,,0,0,False,False,No Card,100,100,1024,1356,1286,1024,2,False,False,False,False,False,0,False,False,False,False,90,,47.46,,4487,,4986,,47.46,,True,3.959,3.959,3.959,3.959,3.959,3.959,3.959,3.959,3.959,3.959,3.959,3.959,0,,False,False,True,,,,,,,,,,,,,,,False,False,9.482,,86.9,,75.7,,87.6,,1688,52,11,17,7,147276.6,19636.88,,Idle,,20,,10,,,20,Go Home,False,False,False,False,False,False,False,False,False,False,False,False,33.8027920380556,-117.4659261431046,1142.3,2972.0,1049.4,396.9,True,1,1,False,False,False,False,,True,False,False,Course Lock,196.8,67,16.4,93,E,S,9.39,9.39,Calm,False,False,Android,7.0.2,M300 RTK,1ZN7L4R0H1D00F,1W9DL31001461C,1ZMLH8300204F0,1Z6PH74DAP0QN7,"Corona, CA",728.3,5.7,137.7,8.547347,2.013246,0,0,DJI Matrice 300 RTK,M300 RTK,1ZN7L4R0H1D00F,1W9DL31001461C,1ZMLH8300204F0,1Z6PH74DAP0QN7,DJI Pilot,Android,7.0.2,1EF72A62-B7C3-C88D-164E-CE6F8C8424AE,1ZN7L4R0H1D00F,1W9DL31001461C,,1ZMLH8300204F0,1W9DL31001461C,,,,,
2023-11-01,11:27:26.34 AM,3m 4.0s,184.0,33.8012745192203,-117.4692245219101,110.2,110.2,20.0,1374,1299.8,6.023145,6.085134,2.23694,2.23694,-5.59235,1.342164,-0.447388,0,1.8,1.4,2.2,-69.1,290.9,291.1,Tripod,Other,,23,5,True,,True,False,,Smart,RC,False,True,False,,,True,,False,False,False,False,False,False,False,False,False,False,0,Follow Yaw,-77.9,0,-77.2,282.8,False,False,False,False,False,,0,0,False,False,No Card,100,100,1024,1357,1287,1024,2,False,False,False,False,False,0,False,False,False,False,90,,47.472,,9039,,10044,,47.472,,True,3.959,3.959,3.959,3.959,3.959,3.959,3.959,3.959,3.959,3.959,3.959,3.959,0,,False,False,True,,,,,,,,,,,,,,,False,False,19.27,,87.8,,75.7,,87.8,,1688,52,11,17,7,147276.6,19636.88,,Idle,,20,,10,,,20,Go Home,False,False,False,False,False,False,False,False,False,False,False,False,33.8027920380556,-117.4659261431046,1142.9,2972.0,1049.4,396.9,True,1,1,False,False,False,False,,True,False,False,Course Lock,196.8,67,16.4,93,E,S,9.39,9.39,Calm,False,False,Android,7.0.2,M300 RTK,1ZN7L4R0H1D00F,1W9DL31001461C,1ZMLH8300204F0,1Z6PH74DAP0QN7,"Corona, CA",728.3,5.7,137.7,8.547347,2.013246,0,0,DJI Matrice 300 RTK,M300 RTK,1ZN7L4R0H1D00F,1W9DL31001461C,1ZMLH8300204F0,1Z6PH74DAP0QN7,DJI Pilot,Android,7.0.2,1EF72A62-B7C3-C88D-164E-CE6F8C8424AE,1ZN7L4R0H1D00F,1W9DL31001461C,,1ZMLH8300204F0,1W9DL31001461C,,,,,
2023-11-01,11:27:26.44 AM,3m 4.1s,184.1,33.8012753470904,-117.4692270410871,110.2,110.2,20.0,1374,1300.6,6.023145,6.085134,2.23694,2.23694,-5.59235,1.342164,-0.447388,0,2,1.4,2.4,-69.2,290.8,291.5,Tripod,Other,,23,5,True,,True,False,,Smart,RC,False,True,False,,,True,,False,False,False,False,False,False,False,False,False,False,0,Follow Yaw,-77.9,0,-77.2,282.8,False,False,False,False,False,,0,0,False,False,No Card,100,100,1024,1356,1287,1024,2,False,False,False,False,False,0,False,False,False,False,90,,47.472,,9039,,10044,,47.472,,True,3.959,3.959,3.959,3.959,3.959,3.959,3.959,3.959,3.959,3.959,3.959,3.959,0,,False,False,True,,,,,,,,,,,,,,,False,False,19.27,,87.8,,75.7,,87.8,,1688,52,11,17,7,147276.6,19636.88,,Idle,,20,,10,,,20,Go Home,False,False,False,False,False,False,False,False,False,False,False,False,33.8027920380556,-117.4659261431046,1143.4,2972.0,1049.4,396.9,True,1,1,False,False,False,False,,True,False,False,Course Lock,196.8,67,16.4,93,E,S,9.39,9.39,Calm,False,False,Android,7.0.2,M300 RTK,1ZN7L4R0H1D00F,1W9DL31001461C,1ZMLH8300204F0,1Z6PH74DAP0QN7,"Corona, CA",728.3,5.7,137.7,8.547347,2.013246,0,0,DJI Matrice 300 RTK,M300 RTK,1ZN7L4R0H1D00F,1W9DL31001461C,1ZMLH8300204F0,1Z6PH74DAP0QN7,DJI Pilot,Android,7.0.2,1EF72A62-B7C3-C88D-164E-CE6F8C8424AE,1ZN7L4R0H1D00F,1W9DL31001461C,,1ZMLH8300204F0,1W9DL31001461C,,,,,
2023-11-01,11:27:26.54 AM,3m 4.2s,184.2,33.8012762462341,-117.4692298320726,110.2,110.2,20.3,1374,1301.5,6.023145,6.085134,2.23694,2.23694,-5.59235,1.342164,-0.447388,0,2.1,1.5,2.5,-69.2,290.8,291.1,Tripod,Other,,23,5,True,,True,False,,Smart,RC,False,True,False,,,True,,False,False,False,False,False,False,False,False,False,False,0,Follow Yaw,-77.9,0,-77.2,282.8,False,False,False,False,False,,0,0,False,False,No Card,100,100,1024,1355,1287,1024,2,False,False,False,False,False,0,False,False,False,False,90,,47.472,,9039,,10044,,47.472,,True,3.959,3.959,3.959,3.959,3.959,3.959,3.959,3.959,3.959,3.959,3.959,3.959,0,,False,False,True,,,,,,,,,,,,,,,False,False,19.27,,87.8,,75.7,,87.8,,1688,52,11,17,7,147276.6,19636.88,,Idle,,20,,10,,,20,Go Home,False,False,False,False,False,False,False,False,False,False,False,False,33.8027920380556,-117.4659261431046,1144.0,2972.0,1049.4,396.9,True,1,1,False,False,False,False,,True,False,False,Course Lock,196.8,67,16.4,93,E,S,9.39,9.39,Calm,False,False,Android,7.0.2,M300 RTK,1ZN7L4R0H1D00F,1W9DL31001461C,1ZMLH8300204F0,1Z6PH74DAP0QN7,"Corona, CA",728.3,5.7,137.7,8.547347,2.013246,0,0,DJI Matrice 300 RTK,M300 RTK,1ZN7L4R0H1D00F,1W9DL31001461C,1ZMLH8300204F0,1Z6PH74DAP0QN7,DJI Pilot,Android,7.0.2,1EF72A62-B7C3-C88D-164E-CE6F8C8424AE,1ZN7L4R0H1D00F,1W9DL31001461C,,1ZMLH8300204F0,1W9DL31001461C,,,,,
2023-11-01,11:27:26.64 AM,3m 4.3s,184.3,33.8012773115001,-117.4692325544462,110.5,110.5,20.3,1374,1302.5,6.023145,6.085134,2.23694,2.23694,-5.59235,1.342164,-0.447388,0,2.2,1.4,2.6,-69.2,290.8,295.2,Tripod,Other,,23,5,True,,True,False,,Smart,RC,False,True,False,,,True,,False,False,False,False,False,False,False,False,False,False,0,Follow Yaw,-77.9,0,-77.2,282.8,False,False,False,False,False,,0,0,False,False,No Card,100,100,1024,1354,1288,1024,2,False,False,False,False,False,0,False,False,False,False,90,,47.472,,9039,,10044,,47.472,,True,3.959,3.959,3.959,3.959,3.959,3.959,3.959,3.959,3.959,3.959,3.959,3.959,0,,False,False,True,,,,,,,,,,,,,,,False,False,19.27,,87.8,,75.7,,87.8,,1684,52,11,17,7,147197.8,19626.38,,Idle,,20,,10,,,20,Go Home,False,False,False,False,False,False,False,False,False,False,False,False,33.8027920380556,-117.4659261431046,1144.5,2972.0,1049.4,396.9,True,1,1,False,False,False,False,,True,False,False,Course Lock,196.8,67,16.4,93,E,S,9.39,9.39,Calm,False,False,Android,7.0.2,M300 RTK,1ZN7L4R0H1D00F,1W9DL31001461C,1ZMLH8300204F0,1Z6PH74DAP0QN7,"Corona, CA",728.3,5.7,137.7,8.547347,2.013246,0,0,DJI Matrice 300 RTK,M300 RTK,1ZN7L4R0H1D00F,1W9DL31001461C,1ZMLH8300204F0,1Z6PH74DAP0QN7,DJI Pilot,Android,7.0.2,1EF72A62-B7C3-C88D-164E-CE6F8C8424AE,1ZN7L4R0H1D00F,1W9DL31001461C,,1ZMLH8300204F0,1W9DL31001461C,,,,,
2023-11-01,11:27:26.75 AM,3m 4.4s,184.4,33.8012782309294,-117.4692353381747,110.5,110.5,20.3,1374,1303.4,6.023145,6.085134,2.23694,2.23694,-5.59235,1.342164,-0.447388,0,2.2,1.3,2.5,-69.1,290.9,291.6,Tripod,Other,,23,5,True,,True,False,,Smart,RC,False,True,False,,,True,,False,False,False,False,False,False,False,False,False,False,0,Follow Yaw,-77.9,0,-77.2,282.8,False,False,False,False,False,,0,0,False,False,No Card,100,100,1024,1352,1288,1024,2,False,False,False,False,False,0,False,False,False,False,90,,47.472,,9039,,10044,,47.472,,True,3.959,3.959,3.959,3.959,3.959,3.959,3.959,3.959,3.959,3.959,3.959,3.959,0,,False,False,True,,,,,,,,,,,,,,,False,False,19.27,,87.8,,75.7,,87.8,,1684,52,11,17,7,147197.8,19626.38,,Idle,,20,,10,,,20,Go Home,False,False,False,False,False,False,False,False,False,False,False,False,33.8027920380556,-117.4659261431046,1145.1,2972.0,1049.4,396.9,True,1,1,False,False,False,False,,True,False,False,Course Lock,196.8,67,16.4,93,E,S,9.39,9.39,Calm,False,False,Android,7.0.2,M300 RTK,1ZN7L4R0H1D00F,1W9DL31001461C,1ZMLH8300204F0,1Z6PH74DAP0QN7,"Corona, CA",728.3,5.7,137.7,8.547347,2.013246,0,0,DJI Matrice 300 RTK,M300 RTK,1ZN7L4R0H1D00F,1W9DL31001461C,1ZMLH8300204F0,1Z6PH74DAP0QN7,DJI Pilot,Android,7.0.2,1EF72A62-B7C3-C88D-164E-CE6F8C8424AE,1ZN7L4R0H1D00F,1W9DL31001461C,,1ZMLH8300204F0,1W9DL31001461C,,,,,
2023-11-01,11:27:26.85 AM,3m 4.5s,184.5,33.8012791108841,-117.4692381727023,110.5,110.5,20.3,1374,1304.3,6.023145,6.085134,2.23694,2.23694,-5.59235,1.342164,-0.447388,0,2.1,1.2,2.4,-69.2,290.8,290.4,Tripod,Other,,23,5,True,,True,False,,Smart,RC,False,True,False,,,True,,False,False,False,False,False,False,False,False,False,False,0,Follow Yaw,-77.9,0,-77.2,282.8,False,False,False,False,False,,0,0,False,False,No Card,100,100,1024,1352,1287,1024,2,False,False,False,False,False,0,False,False,False,False,90,,47.472,,9039,,10044,,47.472,,True,3.959,3.959,3.959,3.959,3.959,3.959,3.959,3.959,3.959,3.959,3.959,3.959,0,,False,False,True,,,,,,,,,,,,,,,False,False,19.27,,87.8,,75.7,,87.8,,1684,52,11,17,7,147197.8,19626.38,,Idle,,20,,10,,,20,Go Home,False,False,False,False,False,False,False,False,False,False,False,False,33.8027920380556,-117.4659261431046,1145.7,2972.0,1049.4,396.9,True,1,1,False,False,False,False,,True,False,False,Course Lock,196.8,67,16.4,93,E,S,9.39,9.39,Calm,False,False,Android,7.0.2,M300 RTK,1ZN7L4R0H1D00F,1W9DL31001461C,1ZMLH8300204F0,1Z6PH74DAP0QN7,"Corona, CA",728.3,5.7,137.7,8.547347,2.013246,0,0,DJI Matrice 300 RTK,M300 RTK,1ZN7L4R0H1D00F,1W9DL31001461C,1ZMLH8300204F0,1Z6PH74DAP0QN7,DJI Pilot,Android,7.0.2,1EF72A62-B7C3-C88D-164E-CE6F8C8424AE,1ZN7L4R0H1D00F,1W9DL31001461C,,1ZMLH8300204F0,1W9DL31001461C,,,,,
2023-11-01,11:27:26.95 AM,3m 4.6s,184.6,33.8012800319581,-117.4692409567607,110.5,110.5,20.3,1374,1305.2,6.023145,6.085134,2.23694,2.23694,-5.59235,1.342164,-0.447388,0,2,0.9,2.1,-69.2,290.8,291.7,Tripod,Other,,23,5,True,,True,False,,Smart,RC,False,True,False,,,True,,False,False,False,False,False,False,False,False,False,False,0,Follow Yaw,-77.9,0,-77.2,282.8,False,False,False,False,False,,0,0,False,False,No Card,100,100,1024,1353,1287,1024,2,False,False,False,False,False,0,False,False,False,False,90,,47.472,,9039,,10044,,47.472,,True,3.959,3.959,3.959,3.959,3.959,3.959,3.959,3.959,3.959,3.959,3.959,3.959,0,,False,False,True,,,,,,,,,,,,,,,False,False,19.27,,87.8,,75.7,,87.8,,1684,52,11,17,7,147197.8,19626.38,,Idle,,20,,10,,,20,Go Home,False,False,False,False,False,False,False,False,False,False,False,False,33.8027920380556,-117.4659261431046,1146.3,2972.0,1049.4,396.9,True,1,1,False,False,False,False,,True,False,False,Course Lock,196.8,67,16.4,93,E,S,9.39,9.39,Calm,False,False,Android,7.0.2,M300 RTK,1ZN7L4R0H1D00F,1W9DL31001461C,1ZMLH8300204F0,1Z6PH74DAP0QN7,"Corona, CA",728.3,5.7,137.7,8.547347,2.013246,0,0,DJI Matrice 300 RTK,M300 RTK,1ZN7L4R0H1D00F,1W9DL31001461C,1ZMLH8300204F0,1Z6PH74DAP0QN7,DJI Pilot,Android,7.0.2,1EF72A62-B7C3-C88D-164E-CE6F8C8424AE,1ZN7L4R0H1D00F,1W9DL31001461C,,1ZMLH8300204F0,1W9DL31001461C,,,,,
2023-11-01,11:27:27.05 AM,3m 4.7s,184.7,33.8012809113645,-117.4692436247066,110.8,110.8,20.3,1375,1306.1,6.023145,6.085134,2.23694,2.23694,-5.59235,1.342164,-0.447388,0,2.1,0.9,2.2,-69.2,290.8,291.6,Tripod,Other,,23,5,True,,True,False,,Smart,RC,False,True,False,,,True,,False,False,False,False,False,False,False,False,False,False,0,Follow Yaw,-77.9,0,-77.2,282.8,False,False,False,False,False,,0,0,False,False,No Card,100,100,1024,1353,1285,1024,2,False,False,False,False,False,0,False,False,False,False,90,,47.472,,9039,,10044,,47.472,,True,3.959,3.959,3.959,3.959,3.959,3.959,3.959,3.959,3.959,3.959,3.959,3.959,0,,False,False,True,,,,,,,,,,,,,,,False,False,19.27,,87.8,,75.7,,87.8,,1684,52,11,17,7,147197.8,19626.38,,Idle,,20,,10,,,20,Go Home,False,False,False,False,False,False,False,False,False,False,False,False,33.8027920380556,-117.4659261431046,1146.8,2972.0,1049.4,396.9,True,1,1,False,False,False,False,,True,False,False,Course Lock,196.8,67,16.4,93,E,S,9.39,9.39,Calm,False,False,Android,7.0.2,M300 RTK,1ZN7L4R0H1D00F,1W9DL31001461C,1ZMLH8300204F0,1Z6PH74DAP0QN7,"Corona, CA",728.3,5.7,137.7,8.547347,2.013246,0,0,DJI Matrice 300 RTK,M300 RTK,1ZN7L4R0H1D00F,1W9DL31001461C,1ZMLH8300204F0,1Z6PH74DAP0QN7,DJI Pilot,Android,7.0.2,1EF72A62-B7C3-C88D-164E-CE6F8C8424AE,1ZN7L4R0H1D00F,1W9DL31001461C,,1ZMLH8300204F0,1W9DL31001461C,,,,,
2023-11-01,11:27:27.16 AM,3m 4.8s,184.8,33.8012818209252,-117.469246411074,110.8,110.8,20.0,1375,1307.0,6.023145,6.085134,2.23694,2.23694,-5.59235,1.342164,-0.447388,0,2.1,1,2.3,-69.1,290.9,291.4,Tripod,Other,,23,5,True,,True,False,,Smart,RC,False,True,False,,,True,,False,False,False,False,False,False,False,False,False,False,0,Follow Yaw,-77.9,0,-77.2,282.8,False,False,False,False,False,,0,0,False,False,No Card,100,100,1024,1353,1285,1024,2,False,False,False,False,False,0,False,False,False,False,90,,47.472,,9039,,10044,,47.472,,True,3.959,3.959,3.959,3.959,3.959,3.959,3.959,3.959,3.959,3.959,3.959,3.959,0,,False,False,True,,,,,,,,,,,,,,,False,False,19.27,,87.8,,75.7,,87.8,,1684,52,11,17,7,147197.8,19626.38,,Idle,,20,,10,,,20,Go Home,False,False,False,False,False,False,False,False,False,False,False,False,33.8027920380556,-117.4659261431046,1147.4,2972.0,1049.4,396.9,True,1,1,False,False,False,False,,True,False,False,Course Lock,196.8,67,16.4,93,E,S,9.39,9.39,Calm,False,False,Android,7.0.2,M300 RTK,1ZN7L4R0H1D00F,1W9DL31001461C,1ZMLH8300204F0,1Z6PH74DAP0QN7,"Corona, CA",728.3,5.7,137.7,8.547347,2.013246,0,0,DJI Matrice 300 RTK,M300 RTK,1ZN7L4R0H1D00F,1W9DL31001461C,1ZMLH8300204F0,1Z6PH74DAP0QN7,DJI Pilot,Android,7.0.2,1EF72A62-B7C3-C88D-164E-CE6F8C8424AE,1ZN7L4R0H1D00F,1W9DL31001461C,,1ZMLH8300204F0,1W9DL31001461C,,,,,
2023-11-01,11:27:27.26 AM,3m 4.9s,184.9,33.8012826625017,-117.4692494319752,110.8,110.8,20.0,1375,1307.9,6.023145,6.085134,2.23694,2.23694,-5.59235,1.342164,-0.447388,0,2.2,1,2.4,-69.1,290.9,288.5,Tripod,Other,,23,5,True,,True,False,,Smart,RC,False,True,False,,,True,,False,False,False,False,False,False,False,False,False,False,0,Follow Yaw,-77.9,0,-77.2,282.8,False,False,False,False,False,,0,0,False,False,No Card,100,100,1024,1353,1285,1024,2,False,False,False,False,False,0,False,False,False,False,90,,47.472,,9039,,10044,,47.472,,True,3.959,3.959,3.959,3.959,3.959,3.959,3.959,3.959,3.959,3.959,3.959,3.959,0,,False,False,True,,,,,,,,,,,,,,,False,False,19.27,,87.8,,75.7,,87.8,,1684,52,11,17,7,147197.8,19626.38,,Idle,,20,,10,,,20,Go Home,False,False,False,False,False,False,False,False,False,False,False,False,33.8027920380556,-117.4659261431046,1148.1,2972.0,1049.4,396.9,True,1,1,False,False,False,False,,True,False,False,Course Lock,196.8,67,16.4,93,E,S,9.39,9.39,Calm,False,False,Android,7.0.2,M300 RTK,1ZN7L4R0H1D00F,1W9DL31001461C,1ZMLH8300204F0,1Z6PH74DAP0QN7,"Corona, CA",728.3,5.7,137.7,8.547347,2.013246,0,0,DJI Matrice 300 RTK,M300 RTK,1ZN7L4R0H1D00F,1W9DL31001461C,1ZMLH8300204F0,1Z6PH74DAP0QN7,DJI Pilot,Android,7.0.2,1EF72A62-B7C3-C88D-164E-CE6F8C8424AE,1ZN7L4R0H1D00F,1W9DL31001461C,,1ZMLH8300204F0,1W9DL31001461C,,,,,
2023-11-01,11:27:27.36 AM,3m 5.0s,185.0,33.8012835616454,-117.4692522434124,110.8,110.8,20.3,1375,1308.8,6.023145,6.085134,2.23694,2.23694,-5.59235,1.342164,-0.447388,0,2.1,1.2,2.4,-69.1,290.9,291.0,Tripod,Other,,23,5,True,,True,False,,Smart,RC,False,True,False,,,True,,False,False,False,False,False,False,False,False,False,False,0,Follow Yaw,-77.9,0,-77.2,282.8,False,False,False,False,False,,0,0,False,False,No Card,100,100,1024,1353,1285,1024,2,False,False,False,False,False,0,False,False,False,False,90,,47.508,,9039,,10044,,47.508,,True,3.959,3.959,3.959,3.959,3.959,3.959,3.959,3.959,3.959,3.959,3.959,3.959,0,,False,False,True,,,,,,,,,,,,,,,False,False,19.218,,87.8,,75.7,,87.8,,1684,52,11,17,7,147197.8,19626.38,,Idle,,20,,10,,,20,Go Home,False,False,False,False,False,False,False,False,False,False,False,False,33.8027920380556,-117.4659261431046,1148.6,2972.0,1049.4,396.9,True,1,1,False,False,False,False,,True,False,False,Course Lock,196.8,67,16.4,93,E,S,9.39,9.39,Calm,False,False,Android,7.0.2,M300 RTK,1ZN7L4R0H1D00F,1W9DL31001461C,1ZMLH8300204F0,1Z6PH74DAP0QN7,"Corona, CA",728.3,5.7,137.7,8.547347,2.013246,0,0,DJI Matrice 300 RTK,M300 RTK,1ZN7L4R0H1D00F,1W9DL31001461C,1ZMLH8300204F0,1Z6PH74DAP0QN7,DJI Pilot,Android,7.0.2,1EF72A62-B7C3-C88D-164E-CE6F8C8424AE,1ZN7L4R0H1D00F,1W9DL31001461C,,1ZMLH8300204F0,1W9DL31001461C,,,,,
2023-11-01,11:27:27.46 AM,3m 5.1s,185.1,33.801284503005,-117.4692553012584,111.2,111.2,20.3,1375,1309.8,5.943697,6.085134,2.013246,2.23694,-5.59235,1.342164,-0.447388,0,2.1,1.3,2.4,-69.1,290.9,290.3,Tripod,Other,,23,5,True,,True,False,,Smart,RC,False,True,False,,,True,,False,False,False,False,False,False,False,False,False,False,0,Follow Yaw,-77.9,0,-77.2,282.8,False,False,False,False,False,,0,0,False,False,No Card,100,100,1024,1353,1285,1024,2,False,False,False,False,False,0,False,False,False,False,90,,47.508,,9039,,10044,,47.508,,True,3.959,3.959,3.959,3.959,3.959,3.959,3.959,3.959,3.959,3.959,3.959,3.959,0,,False,False,True,,,,,,,,,,,,,,,False,False,19.218,,87.8,,75.7,,87.8,,1684,52,11,17,7,147197.8,19626.38,,Idle,,20,,10,,,20,Go Home,False,False,False,False,False,False,False,False,False,False,False,False,33.8027920380556,-117.4659261431046,1149.3,2972.0,1049.4,396.9,True,1,1,False,False,False,False,,True,False,False,Course Lock,196.8,67,16.4,93,E,S,9.39,9.39,Calm,False,False,Android,7.0.2,M300 RTK,1ZN7L4R0H1D00F,1W9DL31001461C,1ZMLH8300204F0,1Z6PH74DAP0QN7,"Corona, CA",728.3,5.7,137.7,8.547347,2.013246,0,0,DJI Matrice 300 RTK,M300 RTK,1ZN7L4R0H1D00F,1W9DL31001461C,1ZMLH8300204F0,1Z6PH74DAP0QN7,DJI Pilot,Android,7.0.2,1EF72A62-B7C3-C88D-164E-CE6F8C8424AE,1ZN7L4R0H1D00F,1W9DL31001461C,,1ZMLH8300204F0,1W9DL31001461C,,,,,
2023-11-01,11:27:27.57 AM,3m 5.2s,185.2,33.8012854021488,-117.4692581390847,111.2,111.2,20.3,1375,1310.8,5.943697,6.085134,2.013246,2.23694,-5.59235,1.342164,-0.447388,0,2.1,1.4,2.5,-69.1,290.9,290.8,Tripod,Other,,23,5,True,,True,False,,Smart,RC,False,True,False,,,True,,False,False,False,False,False,False,False,False,False,False,0,Follow Yaw,-77.9,0,-77.2,282.8,False,False,False,False,False,,0,0,False,False,No Card,100,100,1024,1355,1285,1024,2,False,False,False,False,False,0,False,False,False,False,90,,47.508,,9039,,10044,,47.508,,True,3.959,3.959,3.959,3.959,3.959,3.959,3.959,3.959,3.959,3.959,3.959,3.959,0,,False,False,True,,,,,,,,,,,,,,,False,False,19.218,,87.8,,75.7,,87.8,,1684,52,11,17,7,147197.8,19626.38,,Idle,,20,,10,,,20,Go Home,False,False,False,False,False,False,False,False,False,False,False,False,33.8027920380556,-117.4659261431046,1149.9,2972.0,1049.4,396.9,True,1,1,False,False,False,False,,True,False,False,Course Lock,196.8,67,16.4,93,E,S,9.39,9.39,Calm,False,False,Android,7.0.2,M300 RTK,1ZN7L4R0H1D00F,1W9DL31001461C,1ZMLH8300204F0,1Z6PH74DAP0QN7,"Corona, CA",728.3,5.7,137.7,8.547347,2.013246,0,0,DJI Matrice 300 RTK,M300 RTK,1ZN7L4R0H1D00F,1W9DL31001461C,1ZMLH8300204F0,1Z6PH74DAP0QN7,DJI Pilot,Android,7.0.2,1EF72A62-B7C3-C88D-164E-CE6F8C8424AE,1ZN7L4R0H1D00F,1W9DL31001461C,,1ZMLH8300204F0,1W9DL31001461C,,,,,
2023-11-01,11:27:27.67 AM,3m 5.3s,185.3,33.8012862848447,-117.4692609026914,111.2,111.2,20.3,1375,1311.7,6.023145,6.085134,2.23694,2.23694,-5.59235,1.342164,-0.447388,0,2.1,1.4,2.5,-69.2,290.8,291.0,Tripod,Other,,23,5,True,,True,False,,Smart,RC,False,True,False,,,True,,False,False,False,False,False,False,False,False,False,False,0,Follow Yaw,-77.9,0,-77.2,282.8,False,False,False,False,False,,0,0,False,False,No Card,100,100,1024,1354,1286,1024,2,False,False,False,False,False,0,False,False,False,False,90,,47.508,,9039,,10044,,47.508,,True,3.961,3.961,3.961,3.961,3.961,3.961,3.961,3.961,3.961,3.961,3.961,3.961,0,,False,False,True,,,,,,,,,,,,,,,False,False,19.218,,87.8,,75.7,,87.8,,1681,52,11,17,7,146954.6,19593.94,,Idle,,20,,10,,,20,Go Home,False,False,False,False,False,False,False,False,False,False,False,False,33.8027920380556,-117.4659261431046,1150.5,2972.0,1049.4,396.9,True,1,1,False,False,False,False,,True,False,False,Course Lock,196.8,67,16.4,93,E,S,9.61,9.61,Calm,False,False,Android,7.0.2,M300 RTK,1ZN7L4R0H1D00F,1W9DL31001461C,1ZMLH8300204F0,1Z6PH74DAP0QN7,"Corona, CA",728.3,5.7,137.7,8.547347,2.013246,0,0,DJI Matrice 300 RTK,M300 RTK,1ZN7L4R0H1D00F,1W9DL31001461C,1ZMLH8300204F0,1Z6PH74DAP0QN7,DJI Pilot,Android,7.0.2,1EF72A62-B7C3-C88D-164E-CE6F8C8424AE,1ZN7L4R0H1D00F,1W9DL31001461C,,1ZMLH8300204F0,1W9DL31001461C,,,,,
2023-11-01,11:27:27.77 AM,3m 5.4s,185.4,33.8012871933088,-117.4692637395281,111.2,111.2,20.3,1375,1312.6,6.023145,6.085134,2.23694,2.23694,-5.59235,1.342164,-0.447388,0,2.1,1.4,2.5,-69.2,290.8,291.0,Tripod,Other,,23,5,True,,True,False,,Smart,RC,False,True,False,,,True,,False,False,False,False,False,False,False,False,False,False,0,Follow Yaw,-77.9,0,-77.2,282.8,False,False,False,False,False,,0,0,False,False,No Card,100,100,1024,1349,1286,1024,2,False,False,False,False,False,0,False,False,False,False,90,,47.508,,9039,,10044,,47.508,,True,3.961,3.961,3.961,3.961,3.961,3.961,3.961,3.961,3.961,3.961,3.961,3.961,0,,False,False,True,,,,,,,,,,,,,,,False,False,19.218,,87.8,,75.7,,87.8,,1681,52,11,17,7,146954.6,19593.94,,Idle,,20,,10,,,20,Go Home,False,False,False,False,False,False,False,False,False,False,False,False,33.8027920380556,-117.4659261431046,1151.1,2972.0,1049.4,396.9,True,1,1,False,False,False,False,,True,False,False,Course Lock,196.8,67,16.4,93,E,S,9.61,9.61,Calm,False,False,Android,7.0.2,M300 RTK,1ZN7L4R0H1D00F,1W9DL31001461C,1ZMLH8300204F0,1Z6PH74DAP0QN7,"Corona, CA",728.3,5.7,137.7,8.547347,2.013246,0,0,DJI Matrice 300 RTK,M300 RTK,1ZN7L4R0H1D00F,1W9DL31001461C,1ZMLH8300204F0,1Z6PH74DAP0QN7,DJI Pilot,Android,7.0.2,1EF72A62-B7C3-C88D-164E-CE6F8C8424AE,1ZN7L4R0H1D00F,1W9DL31001461C,,1ZMLH8300204F0,1W9DL31001461C,,,,,
2023-11-01,11:27:27.87 AM,3m 5.5s,185.5,33.8012881094485,-117.4692664853221,111.5,111.5,20.3,1375,1313.5,6.023145,6.085134,2.23694,2.23694,-5.59235,1.342164,-0.447388,0,2.3,1.5,2.7,-69.2,290.8,291.8,Tripod,Other,,23,5,True,,True,False,,Smart,RC,False,True,False,,,True,,False,False,False,False,False,False,False,False,False,False,0,Follow Yaw,-77.9,0,-77.2,282.8,False,False,False,False,False,,0,0,False,False,No Card,100,100,1010,1336,1287,1024,2,False,False,False,False,False,0,False,False,False,False,90,,47.508,,9039,,10044,,47.508,,True,3.961,3.961,3.961,3.961,3.961,3.961,3.961,3.961,3.961,3.961,3.961,3.961,0,,False,False,True,,,,,,,,,,,,,,,False,False,19.218,,87.8,,75.7,,87.8,,1681,52,11,17,7,146954.6,19593.94,,Idle,,20,,10,,,20,Go Home,False,False,False,False,False,False,False,False,False,False,False,False,33.8027920380556,-117.4659261431046,1151.6,2972.0,1049.4,396.9,True,1,1,False,False,False,False,,True,False,False,Course Lock,196.8,67,16.4,93,E,S,9.61,9.61,Calm,False,False,Android,7.0.2,M300 RTK,1ZN7L4R0H1D00F,1W9DL31001461C,1ZMLH8300204F0,1Z6PH74DAP0QN7,"Corona, CA",728.3,5.7,137.7,8.547347,2.013246,0,0,DJI Matrice 300 RTK,M300 RTK,1ZN7L4R0H1D00F,1W9DL31001461C,1ZMLH8300204F0,1Z6PH74DAP0QN7,DJI Pilot,Android,7.0.2,1EF72A62-B7C3-C88D-164E-CE6F8C8424AE,1ZN7L4R0H1D00F,1W9DL31001461C,,1ZMLH8300204F0,1W9DL31001461C,,,,,
2023-11-01,11:27:27.98 AM,3m 5.6s,185.6,33.80128902504,-117.4692693125927,111.5,111.5,20.3,1375,1314.4,6.023145,6.085134,2.23694,2.23694,-5.59235,1.342164,-0.447388,0,2.3,1.6,2.8,-69.1,290.9,291.2,Tripod,Other,,23,5,True,,True,False,,Smart,RC,False,True,False,,,True,,False,False,False,False,False,False,False,False,False,False,0,Follow Yaw,-77.9,0,-77.2,282.8,False,False,False,False,False,,0,0,False,False,No Card,100,100,976,1330,1284,1024,2,False,False,False,False,False,0,False,False,False,False,90,,47.508,,9039,,10044,,47.508,,True,3.961,3.961,3.961,3.961,3.961,3.961,3.961,3.961,3.961,3.961,3.961,3.961,0,,False,False,True,,,,,,,,,,,,,,,False,False,19.218,,87.8,,75.7,,87.8,,1681,52,11,17,7,146954.6,19593.94,,Idle,,20,,10,,,20,Go Home,False,False,False,False,False,False,False,False,False,False,False,False,33.8027920380556,-117.4659261431046,1152.2,2972.0,1049.4,396.9,True,1,1,False,False,False,False,,True,False,False,Course Lock,196.8,67,16.4,93,E,S,9.61,9.61,Calm,False,False,Android,7.0.2,M300 RTK,1ZN7L4R0H1D00F,1W9DL31001461C,1ZMLH8300204F0,1Z6PH74DAP0QN7,"Corona, CA",728.3,5.7,137.7,8.547347,2.013246,0,0,DJI Matrice 300 RTK,M300 RTK,1ZN7L4R0H1D00F,1W9DL31001461C,1ZMLH8300204F0,1Z6PH74DAP0QN7,DJI Pilot,Android,7.0.2,1EF72A62-B7C3-C88D-164E-CE6F8C8424AE,1ZN7L4R0H1D00F,1W9DL31001461C,,1ZMLH8300204F0,1W9DL31001461C,,,,,
2023-11-01,11:27:28.04 AM,3m 5.7s,185.7,33.8012897098147,-117.4692719808685,111.5,111.5,20.3,1375,1315.2,6.023145,6.085134,2.23694,2.23694,-5.59235,1.342164,-0.447388,0,2.3,1.7,2.8,-69.1,290.9,287.1,Tripod,Other,,23,5,True,,True,False,,Smart,RC,False,True,False,,,True,,False,False,False,False,False,False,False,False,False,False,0,Follow Yaw,-77.9,0,-77.2,282.8,False,False,False,False,False,,0,0,False,False,No Card,100,100,986,1332,1280,1024,2,False,False,False,False,False,0,False,False,False,False,90,,47.508,,9039,,10044,,47.508,,True,3.961,3.961,3.961,3.961,3.961,3.961,3.961,3.961,3.961,3.961,3.961,3.961,0,,False,False,True,,,,,,,,,,,,,,,False,False,19.218,,87.8,,75.7,,87.8,,1681,52,11,17,7,146954.6,19593.94,,Idle,,20,,10,,,20,Go Home,False,False,False,False,False,False,False,False,False,False,False,False,33.8027920380556,-117.4659261431046,1152.8,2972.0,1049.4,396.9,True,1,1,False,False,False,False,,True,False,False,Course Lock,196.8,67,16.4,93,E,S,9.61,9.61,Calm,False,False,Android,7.0.2,M300 RTK,1ZN7L4R0H1D00F,1W9DL31001461C,1ZMLH8300204F0,1Z6PH74DAP0QN7,"Corona, CA",728.3,5.7,137.7,8.547347,2.013246,0,0,DJI Matrice 300 RTK,M300 RTK,1ZN7L4R0H1D00F,1W9DL31001461C,1ZMLH8300204F0,1Z6PH74DAP0QN7,DJI Pilot,Android,7.0.2,1EF72A62-B7C3-C88D-164E-CE6F8C8424AE,1ZN7L4R0H1D00F,1W9DL31001461C,,1ZMLH8300204F0,1W9DL31001461C,,,,,
2023-11-01,11:27:28.14 AM,3m 5.8s,185.8,33.8012906133445,-117.469274779111,111.5,111.5,20.3,1375,1316.1,6.023145,6.085134,2.23694,2.23694,-5.59235,1.342164,-0.447388,0,2.4,1.6,2.8,-69.1,290.9,291.2,Tripod,Other,,23,5,True,,True,False,,Smart,RC,False,True,False,,,True,,False,False,False,False,False,False,False,False,False,False,0,Follow Yaw,-77.9,0,-77.2,282.8,False,False,False,False,False,,0,0,False,False,No Card,100,100,999,1329,1279,1024,2,False,False,False,False,False,0,False,False,False,False,90,,47.484,,4487,,4986,,47.484,,True,3.961,3.961,3.961,3.961,3.961,3.961,3.961,3.961,3.961,3.961,3.961,3.961,0,,False,False,True,,,,,,,,,,,,,,,False,False,9.404,,87.0,,75.7,,87.8,,1681,52,11,17,7,146954.6,19593.94,,Idle,,20,,10,,,20,Go Home,False,False,False,False,False,False,False,False,False,False,False,False,33.8027920380556,-117.4659261431046,1153.4,2972.0,1049.4,396.9,True,1,1,False,False,False,False,,True,False,False,Course Lock,196.8,67,16.4,93,E,S,9.61,9.61,Calm,False,False,Android,7.0.2,M300 RTK,1ZN7L4R0H1D00F,1W9DL31001461C,1ZMLH8300204F0,1Z6PH74DAP0QN7,"Corona, CA",728.3,5.7,137.7,8.547347,2.013246,0,0,DJI Matrice 300 RTK,M300 RTK,1ZN7L4R0H1D00F,1W9DL31001461C,1ZMLH8300204F0,1Z6PH74DAP0QN7,DJI Pilot,Android,7.0.2,1EF72A62-B7C3-C88D-164E-CE6F8C8424AE,1ZN7L4R0H1D00F,1W9DL31001461C,,1ZMLH8300204F0,1W9DL31001461C,,,,,
2023-11-01,11:27:28.24 AM,3m 5.9s,185.9,33.80129177949,-117.4692777317302,111.8,111.8,20.3,1376,1317.1,6.023145,6.085134,2.23694,2.23694,-5.59235,1.342164,-0.447388,0,2.6,1.3,2.9,-69,291,295.4,Tripod,Other,,23,5,True,,True,False,,Smart,RC,False,True,False,,,True,,False,False,False,False,False,False,False,False,False,False,0,Follow Yaw,-77.9,0,-77.2,282.8,False,False,False,False,False,,0,0,False,False,No Card,100,100,1001,1328,1278,1024,2,False,False,False,False,False,0,False,False,False,False,90,,47.484,,4487,,4986,,47.484,,True,3.961,3.961,3.961,3.961,3.961,3.961,3.961,3.961,3.961,3.961,3.961,3.961,0,,False,False,True,,,,,,,,,,,,,,,False,False,9.404,,87.0,,75.7,,87.8,,1681,52,11,17,7,146954.6,19593.94,,Idle,,20,,10,,,20,Go Home,False,False,False,False,False,False,False,False,False,False,False,False,33.8027920380556,-117.4659261431046,1154.0,2972.0,1049.4,396.9,True,1,1,False,False,False,False,,True,False,False,Course Lock,196.8,67,16.4,93,E,S,9.61,9.61,Calm,False,False,Android,7.0.2,M300 RTK,1ZN7L4R0H1D00F,1W9DL31001461C,1ZMLH8300204F0,1Z6PH74DAP0QN7,"Corona, CA",728.3,5.7,137.7,8.547347,2.013246,0,0,DJI Matrice 300 RTK,M300 RTK,1ZN7L4R0H1D00F,1W9DL31001461C,1ZMLH8300204F0,1Z6PH74DAP0QN7,DJI Pilot,Android,7.0.2,1EF72A62-B7C3-C88D-164E-CE6F8C8424AE,1ZN7L4R0H1D00F,1W9DL31001461C,,1ZMLH8300204F0,1W9DL31001461C,,,,,
2023-11-01,11:27:28.34 AM,3m 6.0s,186.0,33.801292710981,-117.469280522056,111.8,111.8,20.3,1376,1318.1,6.023145,6.085134,2.23694,2.23694,-5.59235,1.342164,-0.447388,0,2.7,1,2.8,-69,291,291.8,Tripod,Other,,23,5,True,,True,False,,Smart,RC,False,True,False,,,True,,False,False,False,False,False,False,False,False,False,False,0,Follow Yaw,-77.9,0,-77.2,282.8,False,False,False,False,False,,0,0,False,False,No Card,100,100,984,1320,1285,1024,2,False,False,False,False,False,0,False,False,False,False,90,,47.52,,9039,,10044,,47.52,,True,3.961,3.961,3.961,3.961,3.961,3.961,3.961,3.961,3.961,3.961,3.961,3.961,0,,False,False,True,,,,,,,,,,,,,,,False,False,19.182,,87.8,,75.7,,87.8,,1681,52,11,17,7,146954.6,19593.94,,Idle,,20,,10,,,20,Go Home,False,False,False,False,False,False,False,False,False,False,False,False,33.8027920380556,-117.4659261431046,1154.6,2972.0,1049.4,396.9,True,1,1,False,False,False,False,,True,False,False,Course Lock,196.8,67,16.4,93,E,S,9.61,9.61,Calm,False,False,Android,7.0.2,M300 RTK,1ZN7L4R0H1D00F,1W9DL31001461C,1ZMLH8300204F0,1Z6PH74DAP0QN7,"Corona, CA",728.3,5.7,137.7,8.547347,2.013246,0,0,DJI Matrice 300 RTK,M300 RTK,1ZN7L4R0H1D00F,1W9DL31001461C,1ZMLH8300204F0,1Z6PH74DAP0QN7,DJI Pilot,Android,7.0.2,1EF72A62-B7C3-C88D-164E-CE6F8C8424AE,1ZN7L4R0H1D00F,1W9DL31001461C,,1ZMLH8300204F0,1W9DL31001461C,,,,,
2023-11-01,11:27:28.44 AM,3m 6.1s,186.1,33.8012934220721,-117.4692830636636,111.8,111.8,20.3,1376,1318.9,6.023145,6.085134,2.23694,2.23694,-5.59235,1.342164,-0.447388,0,2.7,0.8,2.8,-68.9,291.1,288.6,Tripod,Other,,23,5,True,,True,False,,Smart,RC,False,True,False,,,True,,False,False,False,False,False,False,False,False,False,False,0,Follow Yaw,-77.9,0,-77.2,282.8,False,False,False,False,False,,0,0,False,False,No Card,100,100,989,1327,1283,1024,2,False,False,False,False,False,0,False,False,False,False,90,,47.52,,9039,,10044,,47.52,,True,3.961,3.961,3.961,3.961,3.961,3.961,3.961,3.961,3.961,3.961,3.961,3.961,0,,False,False,True,,,,,,,,,,,,,,,False,False,19.182,,87.8,,75.7,,87.8,,1681,52,11,17,7,146954.6,19593.94,,Idle,,20,,10,,,20,Go Home,False,False,False,False,False,False,False,False,False,False,False,False,33.8027920380556,-117.4659261431046,1155.1,2972.0,1049.4,396.9,True,1,1,False,False,False,False,,True,False,False,Course Lock,196.8,67,16.4,93,E,S,9.61,9.61,Calm,False,False,Android,7.0.2,M300 RTK,1ZN7L4R0H1D00F,1W9DL31001461C,1ZMLH8300204F0,1Z6PH74DAP0QN7,"Corona, CA",728.3,5.7,137.7,8.547347,2.013246,0,0,DJI Matrice 300 RTK,M300 RTK,1ZN7L4R0H1D00F,1W9DL31001461C,1ZMLH8300204F0,1Z6PH74DAP0QN7,DJI Pilot,Android,7.0.2,1EF72A62-B7C3-C88D-164E-CE6F8C8424AE,1ZN7L4R0H1D00F,1W9DL31001461C,,1ZMLH8300204F0,1W9DL31001461C,,,,,
2023-11-01,11:27:28.54 AM,3m 6.2s,186.2,33.8012943212158,-117.4692858124264,111.8,111.8,20.3,1376,1319.8,6.023145,6.085134,2.23694,2.23694,-5.59235,1.342164,-0.447388,0,2.7,0.7,2.7,-68.9,291.1,291.4,Tripod,Other,,23,5,True,,True,False,,Smart,RC,False,True,False,,,True,,False,False,False,False,False,False,False,False,False,False,0,Follow Yaw,-77.9,0,-77.2,282.8,False,False,False,False,False,,0,0,False,False,No Card,100,100,996,1325,1282,1024,2,False,False,False,False,False,0,False,False,False,False,90,,47.52,,9039,,10044,,47.52,,True,3.961,3.961,3.961,3.961,3.961,3.961,3.961,3.961,3.961,3.961,3.961,3.961,0,,False,False,True,,,,,,,,,,,,,,,False,False,19.182,,87.8,,75.7,,87.8,,1681,52,11,17,7,146954.6,19593.94,,Idle,,20,,10,,,20,Go Home,False,False,False,False,False,False,False,False,False,False,False,False,33.8027920380556,-117.4659261431046,1155.7,2972.0,1049.4,396.9,True,1,1,False,False,False,False,,True,False,False,Course Lock,196.8,67,16.4,93,E,S,9.61,9.61,Calm,False,False,Android,7.0.2,M300 RTK,1ZN7L4R0H1D00F,1W9DL31001461C,1ZMLH8300204F0,1Z6PH74DAP0QN7,"Corona, CA",728.3,5.7,137.7,8.547347,2.013246,0,0,DJI Matrice 300 RTK,M300 RTK,1ZN7L4R0H1D00F,1W9DL31001461C,1ZMLH8300204F0,1Z6PH74DAP0QN7,DJI Pilot,Android,7.0.2,1EF72A62-B7C3-C88D-164E-CE6F8C8424AE,1ZN7L4R0H1D00F,1W9DL31001461C,,1ZMLH8300204F0,1W9DL31001461C,,,,,
2023-11-01,11:27:28.64 AM,3m 6.3s,186.3,33.8012951819814,-117.4692887485524,112.2,112.2,20.3,1376,1320.7,5.943697,6.085134,2.013246,2.23694,-5.59235,1.342164,-0.447388,0,2.6,0.7,2.6,-68.8,291.2,289.4,Tripod,Other,,23,5,True,,True,False,,Smart,RC,False,True,False,,,True,,False,False,False,False,False,False,False,False,False,False,0,Follow Yaw,-77.9,0,-77.2,282.8,False,False,False,False,False,,0,0,False,False,No Card,100,100,1010,1326,1279,1024,2,False,False,False,False,False,0,False,False,False,False,90,,47.52,,9039,,10044,,47.52,,True,3.961,3.961,3.961,3.961,3.961,3.961,3.961,3.961,3.961,3.961,3.961,3.961,0,,False,False,True,,,,,,,,,,,,,,,False,False,19.182,,87.8,,75.7,,87.8,,1678,52,11,17,7,146574.4,19543.26,,Idle,,20,,10,,,20,Go Home,False,False,False,False,False,False,False,False,False,False,False,False,33.8027920380556,-117.4659261431046,1156.4,2972.0,1049.4,396.9,True,1,1,False,False,False,False,,True,False,False,Course Lock,196.8,67,16.4,93,E,S,9.61,9.61,Calm,False,False,Android,7.0.2,M300 RTK,1ZN7L4R0H1D00F,1W9DL31001461C,1ZMLH8300204F0,1Z6PH74DAP0QN7,"Corona, CA",728.3,5.7,137.7,8.547347,2.013246,0,0,DJI Matrice 300 RTK,M300 RTK,1ZN7L4R0H1D00F,1W9DL31001461C,1ZMLH8300204F0,1Z6PH74DAP0QN7,DJI Pilot,Android,7.0.2,1EF72A62-B7C3-C88D-164E-CE6F8C8424AE,1ZN7L4R0H1D00F,1W9DL31001461C,,1ZMLH8300204F0,1W9DL31001461C,,,,,
2023-11-01,11:27:28.70 AM,3m 6.4s,186.4,33.801296059743,-117.4692914963357,112.2,112.2,20.3,1376,1321.6,5.733727,6.085134,2.013246,2.23694,-5.368656,1.342164,-0.447388,0,2.4,0.6,2.4,-68.8,291.2,291.0,Tripod,Other,,23,5,True,,True,False,,Smart,RC,False,True,False,,,True,,False,False,False,False,False,False,False,False,False,False,0,Follow Yaw,-77.9,0,-77.2,282.8,False,False,False,False,False,,0,0,False,False,No Card,100,100,1014,1327,1281,1024,2,False,False,False,False,False,0,False,False,False,False,90,,47.52,,9039,,10044,,47.52,,True,3.961,3.961,3.961,3.961,3.961,3.961,3.961,3.961,3.961,3.961,3.961,3.961,0,,False,False,True,,,,,,,,,,,,,,,False,False,19.182,,87.8,,75.7,,87.8,,1678,52,11,17,7,146574.4,19543.26,,Idle,,20,,10,,,20,Go Home,False,False,False,False,False,False,False,False,False,False,False,False,33.8027920380556,-117.4659261431046,1156.9,2972.0,1049.4,396.9,True,1,1,False,False,False,False,,True,False,False,Course Lock,196.8,67,16.4,93,E,S,9.61,9.61,Calm,False,False,Android,7.0.2,M300 RTK,1ZN7L4R0H1D00F,1W9DL31001461C,1ZMLH8300204F0,1Z6PH74DAP0QN7,"Corona, CA",728.3,5.7,137.7,8.547347,2.013246,0,0,DJI Matrice 300 RTK,M300 RTK,1ZN7L4R0H1D00F,1W9DL31001461C,1ZMLH8300204F0,1Z6PH74DAP0QN7,DJI Pilot,Android,7.0.2,1EF72A62-B7C3-C88D-164E-CE6F8C8424AE,1ZN7L4R0H1D00F,1W9DL31001461C,,1ZMLH8300204F0,1W9DL31001461C,,,,,
2023-11-01,11:27:28.84 AM,3m 6.5s,186.5,33.8012969188639,-117.4692941576742,112.2,112.2,20.3,1376,1322.5,5.733727,6.085134,2.013246,2.23694,-5.368656,1.342164,-0.447388,0,2.3,0.7,2.4,-68.7,291.3,291.2,Tripod,Other,,23,5,True,,True,False,,Smart,RC,False,True,False,,,True,,False,False,False,False,False,False,False,False,False,False,0,Follow Yaw,-77.9,0,-77.2,282.8,False,False,False,False,False,,0,0,False,False,No Card,100,100,1014,1327,1283,1024,2,False,False,False,False,False,0,False,False,False,False,90,,47.52,,9039,,10044,,47.52,,True,3.961,3.961,3.961,3.961,3.961,3.961,3.961,3.961,3.961,3.961,3.961,3.961,0,,False,False,True,,,,,,,,,,,,,,,False,False,19.182,,87.8,,75.7,,87.8,,1678,52,11,17,7,146574.4,19543.26,,Idle,,20,,10,,,20,Go Home,False,False,False,False,False,False,False,False,False,False,False,False,33.8027920380556,-117.4659261431046,1157.5,2972.0,1049.4,396.9,True,1,1,False,False,False,False,,True,False,False,Course Lock,196.8,67,16.4,93,E,S,9.61,9.61,Calm,False,False,Android,7.0.2,M300 RTK,1ZN7L4R0H1D00F,1W9DL31001461C,1ZMLH8300204F0,1Z6PH74DAP0QN7,"Corona, CA",728.3,5.7,137.7,8.547347,2.013246,0,0,DJI Matrice 300 RTK,M300 RTK,1ZN7L4R0H1D00F,1W9DL31001461C,1ZMLH8300204F0,1Z6PH74DAP0QN7,DJI Pilot,Android,7.0.2,1EF72A62-B7C3-C88D-164E-CE6F8C8424AE,1ZN7L4R0H1D00F,1W9DL31001461C,,1ZMLH8300204F0,1W9DL31001461C,,,,,
2023-11-01,11:27:28.94 AM,3m 6.6s,186.6,33.8012977746952,-117.4692968962112,112.2,112.2,20.3,1376,1323.3,5.733727,6.085134,2.013246,2.23694,-5.368656,1.342164,-0.447388,0,2.2,0.8,2.3,-68.6,291.4,290.6,Tripod,Other,,23,5,True,,True,False,,Smart,RC,False,True,False,,,True,,False,False,False,False,False,False,False,False,False,False,0,Follow Yaw,-77.9,0,-77.2,282.8,False,False,False,False,False,,0,0,False,False,No Card,100,100,1014,1328,1282,1024,2,False,False,False,False,False,0,False,False,False,False,90,,47.52,,9039,,10044,,47.52,,True,3.961,3.961,3.961,3.961,3.961,3.961,3.961,3.961,3.961,3.961,3.961,3.961,0,,False,False,True,,,,,,,,,,,,,,,False,False,19.182,,87.8,,75.7,,87.8,,1678,52,11,17,7,146574.4,19543.26,,Idle,,20,,10,,,20,Go Home,False,False,False,False,False,False,False,False,False,False,False,False,33.8027920380556,-117.4659261431046,1158.1,2972.0,1049.4,396.9,True,1,1,False,False,False,False,,True,False,False,Course Lock,196.8,67,16.4,93,E,S,9.61,9.61,Calm,False,False,Android,7.0.2,M300 RTK,1ZN7L4R0H1D00F,1W9DL31001461C,1ZMLH8300204F0,1Z6PH74DAP0QN7,"Corona, CA",728.3,5.7,137.7,8.547347,2.013246,0,0,DJI Matrice 300 RTK,M300 RTK,1ZN7L4R0H1D00F,1W9DL31001461C,1ZMLH8300204F0,1Z6PH74DAP0QN7,DJI Pilot,Android,7.0.2,1EF72A62-B7C3-C88D-164E-CE6F8C8424AE,1ZN7L4R0H1D00F,1W9DL31001461C,,1ZMLH8300204F0,1W9DL31001461C,,,,,
2023-11-01,11:27:29.01 AM,3m 6.7s,186.7,33.8012985877623,-117.4692992494662,112.5,112.5,20.6,1376,1324.1,5.733727,6.085134,2.013246,2.23694,-5.368656,1.342164,-0.447388,0,2.2,0.9,2.3,-68.6,291.4,292.5,Tripod,Other,,23,5,True,,True,False,,Smart,RC,False,True,False,,,True,,False,False,False,False,False,False,False,False,False,False,0,Follow Yaw,-77.9,0,-77.2,282.8,False,False,False,False,False,,0,0,False,False,No Card,100,100,1017,1329,1281,1024,2,False,False,False,False,False,0,False,False,False,False,90,,47.52,,9039,,10044,,47.52,,True,3.961,3.961,3.961,3.961,3.961,3.961,3.961,3.961,3.961,3.961,3.961,3.961,0,,False,False,True,,,,,,,,,,,,,,,False,False,19.182,,87.8,,75.7,,87.8,,1678,52,11,17,7,146574.4,19543.26,,Idle,,20,,10,,,20,Go Home,False,False,False,False,False,False,False,False,False,False,False,False,33.8027920380556,-117.4659261431046,1158.6,2972.0,1049.4,396.9,True,1,1,False,False,False,False,,True,False,False,Course Lock,196.8,67,16.4,93,E,S,9.61,9.61,Calm,False,False,Android,7.0.2,M300 RTK,1ZN7L4R0H1D00F,1W9DL31001461C,1ZMLH8300204F0,1Z6PH74DAP0QN7,"Corona, CA",728.3,5.7,137.7,8.547347,2.013246,0,0,DJI Matrice 300 RTK,M300 RTK,1ZN7L4R0H1D00F,1W9DL31001461C,1ZMLH8300204F0,1Z6PH74DAP0QN7,DJI Pilot,Android,7.0.2,1EF72A62-B7C3-C88D-164E-CE6F8C8424AE,1ZN7L4R0H1D00F,1W9DL31001461C,,1ZMLH8300204F0,1W9DL31001461C,,,,,
2023-11-01,11:27:29.14 AM,3m 6.8s,186.8,33.8012994260494,-117.469301954357,112.5,112.5,20.3,1376,1325.0,5.733727,6.085134,2.013246,2.23694,-5.368656,1.342164,-0.447388,0,2.3,1,2.5,-68.6,291.4,290.4,Tripod,Other,,23,5,True,,True,False,,Smart,RC,False,True,False,,,True,,False,False,False,False,False,False,False,False,False,False,0,Follow Yaw,-77.9,0,-77.2,282.8,False,False,False,False,False,,0,0,False,False,No Card,100,100,1024,1333,1280,1024,2,False,False,False,False,False,0,False,False,False,False,90,,47.52,,9039,,10044,,47.52,,True,3.961,3.961,3.961,3.961,3.961,3.961,3.961,3.961,3.961,3.961,3.961,3.961,0,,False,False,True,,,,,,,,,,,,,,,False,False,19.182,,87.8,,75.7,,87.8,,1678,52,11,17,7,146574.4,19543.26,,Idle,,20,,10,,,20,Go Home,False,False,False,False,False,False,False,False,False,False,False,False,33.8027920380556,-117.4659261431046,1159.2,2972.0,1049.4,396.9,True,1,1,False,False,False,False,,True,False,False,Course Lock,196.8,67,16.4,93,E,S,9.61,9.61,Calm,False,False,Android,7.0.2,M300 RTK,1ZN7L4R0H1D00F,1W9DL31001461C,1ZMLH8300204F0,1Z6PH74DAP0QN7,"Corona, CA",728.3,5.7,137.7,8.547347,2.013246,0,0,DJI Matrice 300 RTK,M300 RTK,1ZN7L4R0H1D00F,1W9DL31001461C,1ZMLH8300204F0,1Z6PH74DAP0QN7,DJI Pilot,Android,7.0.2,1EF72A62-B7C3-C88D-164E-CE6F8C8424AE,1ZN7L4R0H1D00F,1W9DL31001461C,,1ZMLH8300204F0,1W9DL31001461C,,,,,
2023-11-01,11:27:29.21 AM,3m 6.9s,186.9,33.8013003685055,-117.4693047935028,112.5,112.5,20.3,1376,1325.9,5.733727,6.085134,2.013246,2.23694,-5.368656,1.342164,-0.447388,0,2.5,1.1,2.7,-68.7,291.3,291.7,Tripod,Other,,23,5,True,,True,False,,Smart,RC,False,True,False,,,True,,False,False,False,False,False,False,False,False,False,False,0,Follow Yaw,-77.9,0,-77.2,282.8,False,False,False,False,False,,0,0,False,False,No Card,100,100,1024,1331,1281,1024,2,False,False,False,False,False,0,False,False,False,False,90,,47.52,,9039,,10044,,47.52,,True,3.961,3.961,3.961,3.961,3.961,3.961,3.961,3.961,3.961,3.961,3.961,3.961,0,,False,False,True,,,,,,,,,,,,,,,False,False,19.182,,87.8,,75.7,,87.8,,1678,52,11,17,7,146574.4,19543.26,,Idle,,20,,10,,,20,Go Home,False,False,False,False,False,False,False,False,False,False,False,False,33.8027920380556,-117.4659261431046,1159.8,2972.0,1049.4,396.9,True,1,1,False,False,False,False,,True,False,False,Course Lock,196.8,67,16.4,93,E,S,9.61,9.61,Calm,False,False,Android,7.0.2,M300 RTK,1ZN7L4R0H1D00F,1W9DL31001461C,1ZMLH8300204F0,1Z6PH74DAP0QN7,"Corona, CA",728.3,5.7,137.7,8.547347,2.013246,0,0,DJI Matrice 300 RTK,M300 RTK,1ZN7L4R0H1D00F,1W9DL31001461C,1ZMLH8300204F0,1Z6PH74DAP0QN7,DJI Pilot,Android,7.0.2,1EF72A62-B7C3-C88D-164E-CE6F8C8424AE,1ZN7L4R0H1D00F,1W9DL31001461C,,1ZMLH8300204F0,1W9DL31001461C,,,,,
2023-11-01,11:27:29.32 AM,3m 7.0s,187.0,33.8013012002134,-117.4693075013623,112.5,112.5,20.6,1376,1326.8,5.733727,6.085134,2.013246,2.23694,-5.368656,1.342164,-0.447388,0,2.6,1.2,2.8,-68.7,291.3,290.2,Tripod,Other,,23,5,True,,True,False,,Smart,RC,False,True,False,,,True,,False,False,False,False,False,False,False,False,False,False,0,Follow Yaw,-77.9,0,-77.2,282.8,False,False,False,False,False,,0,0,False,False,No Card,100,100,1024,1331,1281,1024,2,False,False,False,False,False,0,False,False,False,False,90,,47.496,,9039,,10044,,47.496,,True,3.961,3.961,3.961,3.961,3.961,3.961,3.961,3.961,3.961,3.961,3.961,3.961,0,,False,False,True,,,,,,,,,,,,,,,False,False,19.232,,87.9,,75.7,,87.9,,1678,52,11,17,7,146574.4,19543.26,,Idle,,20,,10,,,20,Go Home,False,False,False,False,False,False,False,False,False,False,False,False,33.8027920380556,-117.4659261431046,1160.3,2972.0,1049.4,396.9,True,1,1,False,False,False,False,,True,False,False,Course Lock,196.8,67,16.4,93,E,S,9.61,9.61,Calm,False,False,Android,7.0.2,M300 RTK,1ZN7L4R0H1D00F,1W9DL31001461C,1ZMLH8300204F0,1Z6PH74DAP0QN7,"Corona, CA",728.3,5.7,137.7,8.547347,2.013246,0,0,DJI Matrice 300 RTK,M300 RTK,1ZN7L4R0H1D00F,1W9DL31001461C,1ZMLH8300204F0,1Z6PH74DAP0QN7,DJI Pilot,Android,7.0.2,1EF72A62-B7C3-C88D-164E-CE6F8C8424AE,1ZN7L4R0H1D00F,1W9DL31001461C,,1ZMLH8300204F0,1W9DL31001461C,,,,,
2023-11-01,11:27:29.44 AM,3m 7.1s,187.1,33.801302075782,-117.4693103596402,112.8,112.8,20.3,1377,1327.7,5.733727,6.085134,2.013246,2.23694,-5.368656,1.342164,-0.447388,0,2.5,1.3,2.8,-68.7,291.3,290.2,Tripod,Other,,23,5,True,,True,False,,Smart,RC,False,True,False,,,True,,False,False,False,False,False,False,False,False,False,False,0,Follow Yaw,-77.9,0,-77.2,282.8,False,False,False,False,False,,0,0,False,False,No Card,100,100,1024,1331,1281,1024,2,False,False,False,False,False,0,False,False,False,False,90,,47.496,,9039,,10044,,47.496,,True,3.961,3.961,3.961,3.961,3.961,3.961,3.961,3.961,3.961,3.961,3.961,3.961,0,,False,False,True,,,,,,,,,,,,,,,False,False,19.232,,87.9,,75.7,,87.9,,1678,52,11,17,7,146574.4,19543.26,,Idle,,20,,10,,,20,Go Home,False,False,False,False,False,False,False,False,False,False,False,False,33.8027920380556,-117.4659261431046,1161.0,2972.0,1049.4,396.9,True,1,1,False,False,False,False,,True,False,False,Course Lock,196.8,67,16.4,93,E,S,9.61,9.61,Calm,False,False,Android,7.0.2,M300 RTK,1ZN7L4R0H1D00F,1W9DL31001461C,1ZMLH8300204F0,1Z6PH74DAP0QN7,"Corona, CA",728.3,5.7,137.7,8.547347,2.013246,0,0,DJI Matrice 300 RTK,M300 RTK,1ZN7L4R0H1D00F,1W9DL31001461C,1ZMLH8300204F0,1Z6PH74DAP0QN7,DJI Pilot,Android,7.0.2,1EF72A62-B7C3-C88D-164E-CE6F8C8424AE,1ZN7L4R0H1D00F,1W9DL31001461C,,1ZMLH8300204F0,1W9DL31001461C,,,,,
2023-11-01,11:27:29.54 AM,3m 7.2s,187.2,33.8013028970731,-117.4693130622219,112.8,112.8,20.3,1377,1328.6,5.733727,6.085134,2.013246,2.23694,-5.368656,1.342164,-0.447388,0,2.4,1.3,2.7,-68.8,291.2,290.0,Tripod,Other,,23,5,True,,True,False,,Smart,RC,False,True,False,,,True,,False,False,False,False,False,False,False,False,False,False,0,Follow Yaw,-77.9,0,-77.2,282.8,False,False,False,False,False,,0,0,False,False,No Card,100,100,1024,1332,1281,1024,2,False,False,False,False,False,0,False,False,False,False,90,,47.496,,9039,,10044,,47.496,,True,3.961,3.961,3.961,3.961,3.961,3.961,3.961,3.961,3.961,3.961,3.961,3.961,0,,False,False,True,,,,,,,,,,,,,,,False,False,19.232,,87.9,,75.7,,87.9,,1678,52,11,17,7,146574.4,19543.26,,Idle,,20,,10,,,20,Go Home,False,False,False,False,False,False,False,False,False,False,False,False,33.8027920380556,-117.4659261431046,1161.5,2972.0,1049.4,396.9,True,1,1,False,False,False,False,,True,False,False,Course Lock,196.8,67,16.4,93,E,S,9.61,9.61,Calm,False,False,Android,7.0.2,M300 RTK,1ZN7L4R0H1D00F,1W9DL31001461C,1ZMLH8300204F0,1Z6PH74DAP0QN7,"Corona, CA",728.3,5.7,137.7,8.547347,2.013246,0,0,DJI Matrice 300 RTK,M300 RTK,1ZN7L4R0H1D00F,1W9DL31001461C,1ZMLH8300204F0,1Z6PH74DAP0QN7,DJI Pilot,Android,7.0.2,1EF72A62-B7C3-C88D-164E-CE6F8C8424AE,1ZN7L4R0H1D00F,1W9DL31001461C,,1ZMLH8300204F0,1W9DL31001461C,,,,,
2023-11-01,11:27:29.64 AM,3m 7.3s,187.3,33.8013035566279,-117.4693158264884,112.8,112.8,20.3,1377,1329.5,5.733727,6.085134,2.013246,2.23694,-5.368656,1.342164,-0.447388,0,2.3,1.5,2.7,-68.8,291.2,286.0,Tripod,Other,,23,5,True,,True,False,,Smart,RC,False,True,False,,,True,,False,False,False,False,False,False,False,False,False,False,0,Follow Yaw,-77.9,0,-77.2,282.8,False,False,False,False,False,,0,0,False,False,No Card,100,100,1024,1332,1282,1024,2,False,False,False,False,False,0,False,False,False,False,90,,47.496,,9039,,10044,,47.496,,True,3.96,3.96,3.96,3.96,3.96,3.96,3.96,3.96,3.96,3.96,3.96,3.96,0,,False,False,True,,,,,,,,,,,,,,,False,False,19.232,,87.9,,75.7,,87.9,,1677,52,11,17,7,146125.9,19483.46,,Idle,,20,,10,,,20,Go Home,False,False,False,False,False,False,False,False,False,False,False,False,33.8027920380556,-117.4659261431046,1162.2,2972.0,1049.4,396.9,True,1,1,False,False,False,False,,True,False,False,Course Lock,196.8,67,16.4,93,E,S,9.61,9.61,Calm,False,False,Android,7.0.2,M300 RTK,1ZN7L4R0H1D00F,1W9DL31001461C,1ZMLH8300204F0,1Z6PH74DAP0QN7,"Corona, CA",728.3,5.7,137.7,8.547347,2.013246,0,0,DJI Matrice 300 RTK,M300 RTK,1ZN7L4R0H1D00F,1W9DL31001461C,1ZMLH8300204F0,1Z6PH74DAP0QN7,DJI Pilot,Android,7.0.2,1EF72A62-B7C3-C88D-164E-CE6F8C8424AE,1ZN7L4R0H1D00F,1W9DL31001461C,,1ZMLH8300204F0,1W9DL31001461C,,,,,
2023-11-01,11:27:29.73 AM,3m 7.4s,187.4,33.8013043570851,-117.4693185254416,112.8,112.8,20.3,1377,1330.3,5.733727,6.085134,2.013246,2.23694,-5.368656,1.342164,-0.447388,0,2.2,1.6,2.7,-68.9,291.1,289.6,Tripod,Other,,23,5,True,,True,False,,Smart,RC,False,True,False,,,True,,False,False,False,False,False,False,False,False,False,False,0,Follow Yaw,-77.9,0,-77.2,282.8,False,False,False,False,False,,0,0,False,False,No Card,100,100,1019,1331,1282,1024,2,False,False,False,False,False,0,False,False,False,False,90,,47.496,,9039,,10044,,47.496,,True,3.96,3.96,3.96,3.96,3.96,3.96,3.96,3.96,3.96,3.96,3.96,3.96,0,,False,False,True,,,,,,,,,,,,,,,False,False,19.232,,87.9,,75.7,,87.9,,1677,52,11,17,7,146125.9,19483.46,,Idle,,20,,10,,,20,Go Home,False,False,False,False,False,False,False,False,False,False,False,False,33.8027920380556,-117.4659261431046,1162.8,2972.0,1049.4,396.9,True,1,1,False,False,False,False,,True,False,False,Course Lock,196.8,67,16.4,93,E,S,9.61,9.61,Calm,False,False,Android,7.0.2,M300 RTK,1ZN7L4R0H1D00F,1W9DL31001461C,1ZMLH8300204F0,1Z6PH74DAP0QN7,"Corona, CA",728.3,5.7,137.7,8.547347,2.013246,0,0,DJI Matrice 300 RTK,M300 RTK,1ZN7L4R0H1D00F,1W9DL31001461C,1ZMLH8300204F0,1Z6PH74DAP0QN7,DJI Pilot,Android,7.0.2,1EF72A62-B7C3-C88D-164E-CE6F8C8424AE,1ZN7L4R0H1D00F,1W9DL31001461C,,1ZMLH8300204F0,1W9DL31001461C,,,,,
2023-11-01,11:27:29.83 AM,3m 7.5s,187.5,33.801305415772,-117.4693211445676,113.1,113.1,20.3,1377,1331.2,5.733727,6.085134,2.013246,2.23694,-5.368656,1.342164,-0.447388,0,2.2,1.6,2.7,-68.9,291.1,295.9,Tripod,Other,,23,5,True,,True,False,,Smart,RC,False,True,False,,,True,,False,False,False,False,False,False,False,False,False,False,0,Follow Yaw,-77.9,0,-77.2,282.8,False,False,False,False,False,,0,0,False,False,No Card,100,100,1017,1331,1281,1024,2,False,False,False,False,False,0,False,False,False,False,90,,47.496,,9039,,10044,,47.496,,True,3.96,3.96,3.96,3.96,3.96,3.96,3.96,3.96,3.96,3.96,3.96,3.96,0,,False,False,True,,,,,,,,,,,,,,,False,False,19.232,,87.9,,75.7,,87.9,,1677,52,11,17,7,146125.9,19483.46,,Idle,,20,,10,,,20,Go Home,False,False,False,False,False,False,False,False,False,False,False,False,33.8027920380556,-117.4659261431046,1163.3,2972.0,1049.4,396.9,True,1,1,False,False,False,False,,True,False,False,Course Lock,196.8,67,16.4,93,E,S,9.61,9.61,Calm,False,False,Android,7.0.2,M300 RTK,1ZN7L4R0H1D00F,1W9DL31001461C,1ZMLH8300204F0,1Z6PH74DAP0QN7,"Corona, CA",728.3,5.7,137.7,8.547347,2.013246,0,0,DJI Matrice 300 RTK,M300 RTK,1ZN7L4R0H1D00F,1W9DL31001461C,1ZMLH8300204F0,1Z6PH74DAP0QN7,DJI Pilot,Android,7.0.2,1EF72A62-B7C3-C88D-164E-CE6F8C8424AE,1ZN7L4R0H1D00F,1W9DL31001461C,,1ZMLH8300204F0,1W9DL31001461C,,,,,
2023-11-01,11:27:29.93 AM,3m 7.6s,187.6,33.8013062485764,-117.4693238266976,113.1,113.1,20.3,1377,1332.1,5.733727,6.085134,2.013246,2.23694,-5.368656,1.342164,-0.447388,0,2.3,1.6,2.8,-69,291,290.4,Tripod,Other,,23,5,True,,True,False,,Smart,RC,False,True,False,,,True,,False,False,False,False,False,False,False,False,False,False,0,Follow Yaw,-77.9,0,-77.2,282.8,False,False,False,False,False,,0,0,False,False,No Card,100,100,1010,1330,1281,1024,2,False,False,False,False,False,0,False,False,False,False,90,,47.496,,9039,,10044,,47.496,,True,3.96,3.96,3.96,3.96,3.96,3.96,3.96,3.96,3.96,3.96,3.96,3.96,0,,False,False,True,,,,,,,,,,,,,,,False,False,19.232,,87.9,,75.7,,87.9,,1677,52,11,17,7,146125.9,19483.46,,Idle,,20,,10,,,20,Go Home,False,False,False,False,False,False,False,False,False,False,False,False,33.8027920380556,-117.4659261431046,1163.9,2972.0,1049.4,396.9,True,1,1,False,False,False,False,,True,False,False,Course Lock,196.8,67,16.4,93,E,S,9.61,9.61,Calm,False,False,Android,7.0.2,M300 RTK,1ZN7L4R0H1D00F,1W9DL31001461C,1ZMLH8300204F0,1Z6PH74DAP0QN7,"Corona, CA",728.3,5.7,137.7,8.547347,2.013246,0,0,DJI Matrice 300 RTK,M300 RTK,1ZN7L4R0H1D00F,1W9DL31001461C,1ZMLH8300204F0,1Z6PH74DAP0QN7,DJI Pilot,Android,7.0.2,1EF72A62-B7C3-C88D-164E-CE6F8C8424AE,1ZN7L4R0H1D00F,1W9DL31001461C,,1ZMLH8300204F0,1W9DL31001461C,,,,,
2023-11-01,11:27:30.04 AM,3m 7.7s,187.7,33.8013069207412,-117.4693264369173,113.1,113.1,20.3,1377,1332.9,5.733727,6.085134,2.013246,2.23694,-5.368656,1.342164,-0.447388,0,2.3,1.5,2.7,-69.1,290.9,287.2,Tripod,Other,,23,5,True,,True,False,,Smart,RC,False,True,False,,,True,,False,False,False,False,False,False,False,False,False,False,0,Follow Yaw,-77.9,0,-77.2,282.8,False,False,False,False,False,,0,0,False,False,No Card,100,100,1004,1329,1281,1024,2,False,False,False,False,False,0,False,False,False,False,90,,47.496,,9039,,10044,,47.496,,True,3.96,3.96,3.96,3.96,3.96,3.96,3.96,3.96,3.96,3.96,3.96,3.96,0,,False,False,True,,,,,,,,,,,,,,,False,False,19.232,,87.9,,75.7,,87.9,,1677,52,11,17,7,146125.9,19483.46,,Idle,,20,,10,,,20,Go Home,False,False,False,False,False,False,False,False,False,False,False,False,33.8027920380556,-117.4659261431046,1164.4,2972.0,1049.4,396.9,True,1,1,False,False,False,False,,True,False,False,Course Lock,196.8,67,16.4,93,E,S,9.61,9.61,Calm,False,False,Android,7.0.2,M300 RTK,1ZN7L4R0H1D00F,1W9DL31001461C,1ZMLH8300204F0,1Z6PH74DAP0QN7,"Corona, CA",728.3,5.7,137.7,8.547347,2.013246,0,0,DJI Matrice 300 RTK,M300 RTK,1ZN7L4R0H1D00F,1W9DL31001461C,1ZMLH8300204F0,1Z6PH74DAP0QN7,DJI Pilot,Android,7.0.2,1EF72A62-B7C3-C88D-164E-CE6F8C8424AE,1ZN7L4R0H1D00F,1W9DL31001461C,,1ZMLH8300204F0,1W9DL31001461C,,,,,
2023-11-01,11:27:30.14 AM,3m 7.8s,187.8,33.8013077431287,-117.4693291061826,113.1,113.1,20.6,1377,1333.8,5.733727,6.085134,2.013246,2.23694,-5.368656,1.342164,-0.447388,0,2.4,1.5,2.8,-69.1,290.9,290.3,Tripod,Other,,23,5,True,,True,False,,Smart,RC,False,True,False,,,True,,False,False,False,False,False,False,False,False,False,False,0,Follow Yaw,-77.9,0,-77.2,282.8,False,False,False,False,False,,0,0,False,False,No Card,100,100,1001,1328,1279,1024,2,False,False,False,False,False,0,False,False,False,False,90,,47.496,,9039,,10044,,47.496,,True,3.96,3.96,3.96,3.96,3.96,3.96,3.96,3.96,3.96,3.96,3.96,3.96,0,,False,False,True,,,,,,,,,,,,,,,False,False,19.232,,87.9,,75.7,,87.9,,1677,52,11,17,7,146125.9,19483.46,,Idle,,20,,10,,,20,Go Home,False,False,False,False,False,False,False,False,False,False,False,False,33.8027920380556,-117.4659261431046,1165.0,2972.0,1049.4,396.9,True,1,1,False,False,False,False,,True,False,False,Course Lock,196.8,67,16.4,93,E,S,9.61,9.61,Calm,False,False,Android,7.0.2,M300 RTK,1ZN7L4R0H1D00F,1W9DL31001461C,1ZMLH8300204F0,1Z6PH74DAP0QN7,"Corona, CA",728.3,5.7,137.7,8.547347,2.013246,0,0,DJI Matrice 300 RTK,M300 RTK,1ZN7L4R0H1D00F,1W9DL31001461C,1ZMLH8300204F0,1Z6PH74DAP0QN7,DJI Pilot,Android,7.0.2,1EF72A62-B7C3-C88D-164E-CE6F8C8424AE,1ZN7L4R0H1D00F,1W9DL31001461C,,1ZMLH8300204F0,1W9DL31001461C,,,,,
2023-11-01,11:27:30.24 AM,3m 7.9s,187.9,33.8013087371211,-117.469332026805,113.5,113.5,20.6,1377,1334.7,5.733727,6.085134,2.013246,2.23694,-5.368656,1.342164,-0.447388,0,2.4,1.5,2.8,-69.1,290.9,292.2,Tripod,Other,,23,5,True,,True,False,,Smart,RC,False,True,False,,,True,,False,False,False,False,False,False,False,False,False,False,0,Follow Yaw,-77.9,0,-77.2,282.8,False,False,False,False,False,,0,0,False,False,No Card,100,100,916,1297,1281,1024,2,False,False,False,False,False,0,False,False,False,False,90,,47.496,,9039,,10044,,47.496,,True,3.96,3.96,3.96,3.96,3.96,3.96,3.96,3.96,3.96,3.96,3.96,3.96,0,,False,False,True,,,,,,,,,,,,,,,False,False,19.232,,87.9,,75.7,,87.9,,1677,52,11,17,7,146125.9,19483.46,,Idle,,20,,10,,,20,Go Home,False,False,False,False,False,False,False,False,False,False,False,False,33.8027920380556,-117.4659261431046,1165.6,2972.0,1049.4,396.9,True,1,1,False,False,False,False,,True,False,False,Course Lock,196.8,67,16.4,93,E,S,9.61,9.61,Calm,False,False,Android,7.0.2,M300 RTK,1ZN7L4R0H1D00F,1W9DL31001461C,1ZMLH8300204F0,1Z6PH74DAP0QN7,"Corona, CA",728.3,5.7,137.7,8.547347,2.013246,0,0,DJI Matrice 300 RTK,M300 RTK,1ZN7L4R0H1D00F,1W9DL31001461C,1ZMLH8300204F0,1Z6PH74DAP0QN7,DJI Pilot,Android,7.0.2,1EF72A62-B7C3-C88D-164E-CE6F8C8424AE,1ZN7L4R0H1D00F,1W9DL31001461C,,1ZMLH8300204F0,1W9DL31001461C,,,,,
2023-11-01,11:27:30.35 AM,3m 8.0s,188.0,33.801309581439,-117.4693347105844,113.5,113.5,20.9,1377,1335.6,5.733727,6.085134,2.013246,2.23694,-5.368656,1.342164,-0.447388,0,2.3,1.5,2.7,-69.1,290.9,290.7,Tripod,Other,,23,5,True,,True,False,,Smart,RC,False,True,False,,,True,,False,False,False,False,False,False,False,False,False,False,0,Follow Yaw,-77.9,0,-77.2,282.8,False,False,False,False,False,,0,0,False,False,No Card,100,100,917,1295,1283,1024,2,False,False,False,False,False,0,False,False,False,False,90,,47.52,,9039,,10044,,47.52,,True,3.96,3.96,3.96,3.96,3.96,3.96,3.96,3.96,3.96,3.96,3.96,3.96,0,,False,False,True,,,,,,,,,,,,,,,False,False,19.284,,87.9,,75.7,,87.9,,1677,52,11,17,7,146125.9,19483.46,,Idle,,20,,10,,,20,Go Home,False,False,False,False,False,False,False,False,False,False,False,False,33.8027920380556,-117.4659261431046,1166.2,2972.0,1049.4,396.9,True,1,1,False,False,False,False,,True,False,False,Course Lock,196.8,67,16.4,93,E,S,9.84,9.84,Calm,False,False,Android,7.0.2,M300 RTK,1ZN7L4R0H1D00F,1W9DL31001461C,1ZMLH8300204F0,1Z6PH74DAP0QN7,"Corona, CA",728.3,5.7,137.7,8.547347,2.013246,0,0,DJI Matrice 300 RTK,M300 RTK,1ZN7L4R0H1D00F,1W9DL31001461C,1ZMLH8300204F0,1Z6PH74DAP0QN7,DJI Pilot,Android,7.0.2,1EF72A62-B7C3-C88D-164E-CE6F8C8424AE,1ZN7L4R0H1D00F,1W9DL31001461C,,1ZMLH8300204F0,1W9DL31001461C,,,,,
2023-11-01,11:27:30.45 AM,3m 8.1s,188.1,33.8013104624902,-117.469337238008,113.5,113.5,20.6,1377,1336.4,5.733727,6.085134,2.013246,2.23694,-5.368656,1.342164,-0.447388,0,2.4,1.3,2.7,-69.1,290.9,292.7,Tripod,Other,,23,5,True,,True,False,,Smart,RC,False,True,False,,,True,,False,False,False,False,False,False,False,False,False,False,0,Follow Yaw,-77.9,0,-77.2,282.8,False,False,False,False,False,,0,0,False,False,No Card,100,100,916,1297,1283,1024,2,False,False,False,False,False,0,False,False,False,False,90,,47.52,,9039,,10044,,47.52,,True,3.96,3.96,3.96,3.96,3.96,3.96,3.96,3.96,3.96,3.96,3.96,3.96,0,,False,False,True,,,,,,,,,,,,,,,False,False,19.284,,87.9,,75.7,,87.9,,1677,52,11,17,7,146125.9,19483.46,,Idle,,20,,10,,,20,Go Home,False,False,False,False,False,False,False,False,False,False,False,False,33.8027920380556,-117.4659261431046,1166.7,2972.0,1049.4,396.9,True,1,1,False,False,False,False,,True,False,False,Course Lock,196.8,67,16.4,93,E,S,9.84,9.84,Calm,False,False,Android,7.0.2,M300 RTK,1ZN7L4R0H1D00F,1W9DL31001461C,1ZMLH8300204F0,1Z6PH74DAP0QN7,"Corona, CA",728.3,5.7,137.7,8.547347,2.013246,0,0,DJI Matrice 300 RTK,M300 RTK,1ZN7L4R0H1D00F,1W9DL31001461C,1ZMLH8300204F0,1Z6PH74DAP0QN7,DJI Pilot,Android,7.0.2,1EF72A62-B7C3-C88D-164E-CE6F8C8424AE,1ZN7L4R0H1D00F,1W9DL31001461C,,1ZMLH8300204F0,1W9DL31001461C,,,,,
2023-11-01,11:27:30.55 AM,3m 8.2s,188.2,33.8013113062598,-117.4693398996865,113.5,113.5,20.9,1377,1337.3,5.733727,6.085134,2.013246,2.23694,-5.368656,1.342164,-0.447388,0,2.5,1,2.6,-69.2,290.8,290.8,Tripod,Other,,23,5,True,,True,False,,Smart,RC,False,True,False,,,True,,False,False,False,False,False,False,False,False,False,False,0,Follow Yaw,-77.9,0,-77.2,282.8,False,False,False,False,False,,0,0,False,False,No Card,100,100,930,1301,1282,1024,2,False,False,False,False,False,0,False,False,False,False,90,,47.52,,9039,,10044,,47.52,,True,3.96,3.96,3.96,3.96,3.96,3.96,3.96,3.96,3.96,3.96,3.96,3.96,0,,False,False,True,,,,,,,,,,,,,,,False,False,19.284,,87.9,,75.7,,87.9,,1677,52,11,17,7,146125.9,19483.46,,Idle,,20,,10,,,20,Go Home,False,False,False,False,False,False,False,False,False,False,False,False,33.8027920380556,-117.4659261431046,1167.3,2972.0,1049.4,396.9,True,1,1,False,False,False,False,,True,False,False,Course Lock,196.8,67,16.4,93,E,S,9.84,9.84,Calm,False,False,Android,7.0.2,M300 RTK,1ZN7L4R0H1D00F,1W9DL31001461C,1ZMLH8300204F0,1Z6PH74DAP0QN7,"Corona, CA",728.3,5.7,137.7,8.547347,2.013246,0,0,DJI Matrice 300 RTK,M300 RTK,1ZN7L4R0H1D00F,1W9DL31001461C,1ZMLH8300204F0,1Z6PH74DAP0QN7,DJI Pilot,Android,7.0.2,1EF72A62-B7C3-C88D-164E-CE6F8C8424AE,1ZN7L4R0H1D00F,1W9DL31001461C,,1ZMLH8300204F0,1W9DL31001461C,,,,,
2023-11-01,11:27:30.66 AM,3m 8.3s,188.3,33.8013120107718,-117.4693426240393,113.8,113.8,20.9,1378,1338.2,5.733727,6.085134,2.013246,2.23694,-5.368656,1.342164,-0.447388,0,2.7,0.7,2.7,-69.1,290.9,287.2,Tripod,Other,,23,5,True,,True,False,,Smart,RC,False,True,False,,,True,,False,False,False,False,False,False,False,False,False,False,0,Follow Yaw,-77.9,0,-77.2,282.8,False,False,False,False,False,,0,0,False,False,No Card,100,100,993,1321,1280,1024,2,False,False,False,False,False,0,False,False,False,False,90,,47.52,,9039,,10044,,47.52,,True,3.959,3.959,3.959,3.959,3.959,3.959,3.959,3.959,3.959,3.959,3.959,3.959,0,,False,False,True,,,,,,,,,,,,,,,False,False,19.284,,87.9,,75.7,,87.9,,1676,52,11,17,7,145687.1,19424.94,,Idle,,20,,10,,,20,Go Home,False,False,False,False,False,False,False,False,False,False,False,False,33.8027920380556,-117.4659261431046,1167.9,2972.0,1049.4,396.9,True,1,1,False,False,False,False,,True,False,False,Course Lock,196.8,67,16.4,93,E,S,9.84,9.84,Calm,False,False,Android,7.0.2,M300 RTK,1ZN7L4R0H1D00F,1W9DL31001461C,1ZMLH8300204F0,1Z6PH74DAP0QN7,"Corona, CA",728.3,5.7,137.7,8.547347,2.013246,0,0,DJI Matrice 300 RTK,M300 RTK,1ZN7L4R0H1D00F,1W9DL31001461C,1ZMLH8300204F0,1Z6PH74DAP0QN7,DJI Pilot,Android,7.0.2,1EF72A62-B7C3-C88D-164E-CE6F8C8424AE,1ZN7L4R0H1D00F,1W9DL31001461C,,1ZMLH8300204F0,1W9DL31001461C,,,,,
2023-11-01,11:27:30.76 AM,3m 8.4s,188.4,33.8013128298698,-117.4693452810997,113.8,113.8,20.9,1378,1339.0,5.733727,6.085134,2.013246,2.23694,-5.368656,1.342164,-0.447388,0,2.9,0.6,2.9,-69.1,290.9,290.3,Tripod,Other,,23,5,True,,True,False,,Smart,RC,False,True,False,,,True,,False,False,False,False,False,False,False,False,False,False,0,Follow Yaw,-77.9,0,-77.2,282.8,False,False,False,False,False,,0,0,False,False,No Card,100,100,996,1321,1282,1024,2,False,False,False,False,False,0,False,False,False,False,90,,47.52,,9039,,10044,,47.52,,True,3.959,3.959,3.959,3.959,3.959,3.959,3.959,3.959,3.959,3.959,3.959,3.959,0,,False,False,True,,,,,,,,,,,,,,,False,False,19.284,,87.9,,75.7,,87.9,,1676,52,11,17,7,145687.1,19424.94,,Idle,,20,,10,,,20,Go Home,False,False,False,False,False,False,False,False,False,False,False,False,33.8027920380556,-117.4659261431046,1168.5,2972.0,1049.4,396.9,True,1,1,False,False,False,False,,True,False,False,Course Lock,196.8,67,16.4,93,E,S,9.84,9.84,Calm,False,False,Android,7.0.2,M300 RTK,1ZN7L4R0H1D00F,1W9DL31001461C,1ZMLH8300204F0,1Z6PH74DAP0QN7,"Corona, CA",728.3,5.7,137.7,8.547347,2.013246,0,0,DJI Matrice 300 RTK,M300 RTK,1ZN7L4R0H1D00F,1W9DL31001461C,1ZMLH8300204F0,1Z6PH74DAP0QN7,DJI Pilot,Android,7.0.2,1EF72A62-B7C3-C88D-164E-CE6F8C8424AE,1ZN7L4R0H1D00F,1W9DL31001461C,,1ZMLH8300204F0,1W9DL31001461C,,,,,
2023-11-01,11:27:30.86 AM,3m 8.5s,188.5,33.8013135299957,-117.469347855364,113.8,113.8,20.6,1378,1339.8,5.733727,6.085134,2.013246,2.23694,-5.368656,1.342164,-0.447388,0,3,0.7,3,-69.2,290.8,288.1,Tripod,Other,,23,5,True,,True,False,,Smart,RC,False,True,False,,,True,,False,False,False,False,False,False,False,False,False,False,0,Follow Yaw,-77.9,0,-77.2,282.8,False,False,False,False,False,,0,0,False,False,No Card,100,100,967,1322,1283,1024,2,False,False,False,False,False,0,False,False,False,False,90,,47.52,,9039,,10044,,47.52,,True,3.959,3.959,3.959,3.959,3.959,3.959,3.959,3.959,3.959,3.959,3.959,3.959,0,,False,False,True,,,,,,,,,,,,,,,False,False,19.284,,87.9,,75.7,,87.9,,1676,52,11,17,7,145687.1,19424.94,,Idle,,20,,10,,,20,Go Home,False,False,False,False,False,False,False,False,False,False,False,False,33.8027920380556,-117.4659261431046,1169.1,2972.0,1049.4,396.9,True,1,1,False,False,False,False,,True,False,False,Course Lock,196.8,67,16.4,93,E,S,9.84,9.84,Calm,False,False,Android,7.0.2,M300 RTK,1ZN7L4R0H1D00F,1W9DL31001461C,1ZMLH8300204F0,1Z6PH74DAP0QN7,"Corona, CA",728.3,5.7,137.7,8.547347,2.013246,0,0,DJI Matrice 300 RTK,M300 RTK,1ZN7L4R0H1D00F,1W9DL31001461C,1ZMLH8300204F0,1Z6PH74DAP0QN7,DJI Pilot,Android,7.0.2,1EF72A62-B7C3-C88D-164E-CE6F8C8424AE,1ZN7L4R0H1D00F,1W9DL31001461C,,1ZMLH8300204F0,1W9DL31001461C,,,,,
2023-11-01,11:27:30.97 AM,3m 8.6s,188.6,33.801314320036,-117.4693504886742,113.8,113.8,20.9,1378,1340.7,5.524834,6.085134,2.013246,2.23694,-5.144962,1.342164,-0.447388,0,3,1,3.1,-69.2,290.8,289.8,Tripod,Other,,23,5,True,,True,False,,Smart,RC,False,True,False,,,True,,False,False,False,False,False,False,False,False,False,False,0,Follow Yaw,-77.9,0,-77.2,282.8,False,False,False,False,False,,0,0,False,False,No Card,100,100,927,1308,1284,1024,2,False,False,False,False,False,0,False,False,False,False,90,,47.52,,9039,,10044,,47.52,,True,3.959,3.959,3.959,3.959,3.959,3.959,3.959,3.959,3.959,3.959,3.959,3.959,0,,False,False,True,,,,,,,,,,,,,,,False,False,19.284,,87.9,,75.7,,87.9,,1676,52,11,17,7,145687.1,19424.94,,Idle,,20,,10,,,20,Go Home,False,False,False,False,False,False,False,False,False,False,False,False,33.8027920380556,-117.4659261431046,1169.7,2972.0,1049.4,396.9,True,1,1,False,False,False,False,,True,False,False,Course Lock,196.8,67,16.4,93,E,S,9.84,9.84,Calm,False,False,Android,7.0.2,M300 RTK,1ZN7L4R0H1D00F,1W9DL31001461C,1ZMLH8300204F0,1Z6PH74DAP0QN7,"Corona, CA",728.3,5.7,137.7,8.547347,2.013246,0,0,DJI Matrice 300 RTK,M300 RTK,1ZN7L4R0H1D00F,1W9DL31001461C,1ZMLH8300204F0,1Z6PH74DAP0QN7,DJI Pilot,Android,7.0.2,1EF72A62-B7C3-C88D-164E-CE6F8C8424AE,1ZN7L4R0H1D00F,1W9DL31001461C,,1ZMLH8300204F0,1W9DL31001461C,,,,,
2023-11-01,11:27:31.07 AM,3m 8.7s,188.7,33.8013151824464,-117.4693530791019,114.1,114.1,20.6,1378,1341.5,5.524834,6.085134,2.013246,2.23694,-5.144962,1.342164,-0.447388,0,2.8,1.1,3,-69.2,290.8,291.8,Tripod,Other,,23,5,True,,True,False,,Smart,RC,False,True,False,,,True,,False,False,False,False,False,False,False,False,False,False,0,Follow Yaw,-77.9,0,-77.2,282.8,False,False,False,False,False,,0,0,False,False,No Card,100,100,962,1315,1283,1024,2,False,False,False,False,False,0,False,False,False,False,90,,47.472,,4487,,4986,,47.472,,True,3.959,3.959,3.959,3.959,3.959,3.959,3.959,3.959,3.959,3.959,3.959,3.959,0,,False,False,True,,,,,,,,,,,,,,,False,False,9.506,,87.4,,75.7,,87.9,,1676,52,11,17,7,145687.1,19424.94,,Idle,,20,,10,,,20,Go Home,False,False,False,False,False,False,False,False,False,False,False,False,33.8027920380556,-117.4659261431046,1170.2,2972.0,1049.4,396.9,True,1,1,False,False,False,False,,True,False,False,Course Lock,196.8,67,16.4,93,E,S,9.84,9.84,Calm,False,False,Android,7.0.2,M300 RTK,1ZN7L4R0H1D00F,1W9DL31001461C,1ZMLH8300204F0,1Z6PH74DAP0QN7,"Corona, CA",728.3,5.7,137.7,8.547347,2.013246,0,0,DJI Matrice 300 RTK,M300 RTK,1ZN7L4R0H1D00F,1W9DL31001461C,1ZMLH8300204F0,1Z6PH74DAP0QN7,DJI Pilot,Android,7.0.2,1EF72A62-B7C3-C88D-164E-CE6F8C8424AE,1ZN7L4R0H1D00F,1W9DL31001461C,,1ZMLH8300204F0,1W9DL31001461C,,,,,
2023-11-01,11:27:31.17 AM,3m 8.8s,188.8,33.8013159724867,-117.4693556873423,114.1,114.1,20.6,1378,1342.4,5.524834,6.085134,2.013246,2.23694,-5.144962,1.342164,-0.447388,0,2.7,0.9,2.8,-69.3,290.7,290.0,Tripod,Other,,23,5,True,,True,False,,Smart,RC,False,True,False,,,True,,False,False,False,False,False,False,False,False,False,False,0,Follow Yaw,-77.9,0,-77.2,282.8,False,False,False,False,False,,0,0,False,False,No Card,100,100,962,1315,1283,1024,2,False,False,False,False,False,0,False,False,False,False,90,,47.472,,4487,,4986,,47.472,,True,3.959,3.959,3.959,3.959,3.959,3.959,3.959,3.959,3.959,3.959,3.959,3.959,0,,False,False,True,,,,,,,,,,,,,,,False,False,9.506,,87.4,,75.7,,87.9,,1676,52,11,17,7,145687.1,19424.94,,Idle,,20,,10,,,20,Go Home,False,False,False,False,False,False,False,False,False,False,False,False,33.8027920380556,-117.4659261431046,1170.8,2972.0,1049.4,396.9,True,1,1,False,False,False,False,,True,False,False,Course Lock,196.8,67,16.4,93,E,S,9.84,9.84,Calm,False,False,Android,7.0.2,M300 RTK,1ZN7L4R0H1D00F,1W9DL31001461C,1ZMLH8300204F0,1Z6PH74DAP0QN7,"Corona, CA",728.3,5.7,137.7,8.547347,2.013246,0,0,DJI Matrice 300 RTK,M300 RTK,1ZN7L4R0H1D00F,1W9DL31001461C,1ZMLH8300204F0,1Z6PH74DAP0QN7,DJI Pilot,Android,7.0.2,1EF72A62-B7C3-C88D-164E-CE6F8C8424AE,1ZN7L4R0H1D00F,1W9DL31001461C,,1ZMLH8300204F0,1W9DL31001461C,,,,,
2023-11-01,11:27:31.27 AM,3m 8.9s,188.9,33.8013167082494,-117.4693583008606,114.1,114.1,20.6,1378,1343.2,5.524834,6.085134,2.013246,2.23694,-5.144962,1.342164,-0.447388,0,2.7,0.7,2.7,-69.4,290.6,288.7,Tripod,Other,,23,5,True,,True,False,,Smart,RC,False,True,False,,,True,,False,False,False,False,False,False,False,False,False,False,0,Follow Yaw,-77.9,0,-77.2,282.8,False,False,False,False,False,,0,0,False,False,No Card,100,100,964,1318,1285,1024,2,False,False,False,False,False,0,False,False,False,False,90,,47.472,,4487,,4986,,47.472,,True,3.959,3.959,3.959,3.959,3.959,3.959,3.959,3.959,3.959,3.959,3.959,3.959,0,,False,False,True,,,,,,,,,,,,,,,False,False,9.506,,87.4,,75.7,,87.9,,1676,52,11,17,7,145687.1,19424.94,,Idle,,20,,10,,,20,Go Home,False,False,False,False,False,False,False,False,False,False,False,False,33.8027920380556,-117.4659261431046,1171.4,2972.0,1049.4,396.9,True,1,1,False,False,False,False,,True,False,False,Course Lock,196.8,67,16.4,93,E,S,9.84,9.84,Calm,False,False,Android,7.0.2,M300 RTK,1ZN7L4R0H1D00F,1W9DL31001461C,1ZMLH8300204F0,1Z6PH74DAP0QN7,"Corona, CA",728.3,5.7,137.7,8.547347,2.013246,0,0,DJI Matrice 300 RTK,M300 RTK,1ZN7L4R0H1D00F,1W9DL31001461C,1ZMLH8300204F0,1Z6PH74DAP0QN7,DJI Pilot,Android,7.0.2,1EF72A62-B7C3-C88D-164E-CE6F8C8424AE,1ZN7L4R0H1D00F,1W9DL31001461C,,1ZMLH8300204F0,1W9DL31001461C,,,,,
2023-11-01,11:27:31.38 AM,3m 9.0s,189.0,33.8013174801972,-117.4693609067919,114.1,114.1,20.6,1378,1344.1,5.447304,6.085134,1.789552,2.23694,-5.144962,1.342164,-0.447388,0,2.7,0.6,2.7,-69.3,290.7,289.6,Tripod,Other,,23,5,True,,True,False,,Smart,RC,False,True,False,,,True,,False,False,False,False,False,False,False,False,False,False,0,Follow Yaw,-77.9,0,-77.2,282.8,False,False,False,False,False,,0,0,False,False,No Card,100,100,970,1319,1285,1024,2,False,False,False,False,False,0,False,False,False,False,89,,47.496,,8988,,10044,,47.496,,True,3.959,3.959,3.959,3.959,3.959,3.959,3.959,3.959,3.959,3.959,3.959,3.959,0,,False,False,True,,,,,,,,,,,,,,,False,False,19.334,,88.1,,75.7,,88.1,,1676,52,11,17,7,145687.1,19424.94,,Idle,,20,,10,,,20,Go Home,False,False,False,False,False,False,False,False,False,False,False,False,33.8027920380556,-117.4659261431046,1171.9,2972.0,1049.4,396.9,True,1,1,False,False,False,False,,True,False,False,Course Lock,196.8,67,16.4,93,E,S,9.84,9.84,Calm,False,False,Android,7.0.2,M300 RTK,1ZN7L4R0H1D00F,1W9DL31001461C,1ZMLH8300204F0,1Z6PH74DAP0QN7,"Corona, CA",728.3,5.7,137.7,8.547347,2.013246,0,0,DJI Matrice 300 RTK,M300 RTK,1ZN7L4R0H1D00F,1W9DL31001461C,1ZMLH8300204F0,1Z6PH74DAP0QN7,DJI Pilot,Android,7.0.2,1EF72A62-B7C3-C88D-164E-CE6F8C8424AE,1ZN7L4R0H1D00F,1W9DL31001461C,,1ZMLH8300204F0,1W9DL31001461C,,,,,
2023-11-01,11:27:31.48 AM,3m 9.1s,189.1,33.8013184314255,-117.4693634173924,114.5,114.5,20.6,1378,1344.9,5.447304,6.085134,1.789552,2.23694,-5.144962,1.342164,-0.447388,0,2.7,0.6,2.7,-69.3,290.7,294.5,Tripod,Other,,23,5,True,,True,False,,Smart,RC,False,True,False,,,True,,False,False,False,False,False,False,False,False,False,False,0,Follow Yaw,-77.9,0,-77.2,282.8,False,False,False,False,False,,0,0,False,False,No Card,100,100,976,1318,1286,1024,2,False,False,False,False,False,0,False,False,False,False,89,,47.496,,8988,,10044,,47.496,,True,3.959,3.959,3.959,3.959,3.959,3.959,3.959,3.959,3.959,3.959,3.959,3.959,0,,False,False,True,,,,,,,,,,,,,,,False,False,19.334,,88.1,,75.7,,88.1,,1676,52,11,17,7,145687.1,19424.94,,Idle,,20,,10,,,20,Go Home,False,False,False,False,False,False,False,False,False,False,False,False,33.8027920380556,-117.4659261431046,1172.5,2972.0,1049.4,396.9,True,1,1,False,False,False,False,,True,False,False,Course Lock,196.8,67,16.4,93,E,S,9.84,9.84,Calm,False,False,Android,7.0.2,M300 RTK,1ZN7L4R0H1D00F,1W9DL31001461C,1ZMLH8300204F0,1Z6PH74DAP0QN7,"Corona, CA",728.3,5.7,137.7,8.547347,2.013246,0,0,DJI Matrice 300 RTK,M300 RTK,1ZN7L4R0H1D00F,1W9DL31001461C,1ZMLH8300204F0,1Z6PH74DAP0QN7,DJI Pilot,Android,7.0.2,1EF72A62-B7C3-C88D-164E-CE6F8C8424AE,1ZN7L4R0H1D00F,1W9DL31001461C,,1ZMLH8300204F0,1W9DL31001461C,,,,,
2023-11-01,11:27:31.54 AM,3m 9.2s,189.2,33.8013192044698,-117.4693660101292,114.5,114.5,20.6,1378,1345.7,5.447304,6.085134,1.789552,2.23694,-5.144962,1.342164,-0.447388,0,2.7,0.7,2.7,-69.3,290.7,289.7,Tripod,Other,,23,5,True,,True,False,,Smart,RC,False,True,False,,,True,,False,False,False,False,False,False,False,False,False,False,0,Follow Yaw,-77.9,0,-77.2,282.8,False,False,False,False,False,,0,0,False,False,No Card,100,100,980,1319,1286,1024,2,False,False,False,False,False,0,False,False,False,False,89,,47.496,,8988,,10044,,47.496,,True,3.959,3.959,3.959,3.959,3.959,3.959,3.959,3.959,3.959,3.959,3.959,3.959,0,,False,False,True,,,,,,,,,,,,,,,False,False,19.334,,88.1,,75.7,,88.1,,1676,52,11,17,7,145687.1,19424.94,,Idle,,20,,10,,,20,Go Home,False,False,False,False,False,False,False,False,False,False,False,False,33.8027920380556,-117.4659261431046,1173.0,2972.0,1049.4,396.9,True,1,1,False,False,False,False,,True,False,False,Course Lock,196.8,67,16.4,93,E,S,9.84,9.84,Calm,False,False,Android,7.0.2,M300 RTK,1ZN7L4R0H1D00F,1W9DL31001461C,1ZMLH8300204F0,1Z6PH74DAP0QN7,"Corona, CA",728.3,5.7,137.7,8.547347,2.013246,0,0,DJI Matrice 300 RTK,M300 RTK,1ZN7L4R0H1D00F,1W9DL31001461C,1ZMLH8300204F0,1Z6PH74DAP0QN7,DJI Pilot,Android,7.0.2,1EF72A62-B7C3-C88D-164E-CE6F8C8424AE,1ZN7L4R0H1D00F,1W9DL31001461C,,1ZMLH8300204F0,1W9DL31001461C,,,,,
2023-11-01,11:27:31.64 AM,3m 9.3s,189.3,33.8013199643558,-117.4693685932999,114.5,114.5,20.9,1378,1346.6,5.447304,6.085134,1.789552,2.23694,-5.144962,1.342164,-0.447388,0,2.8,0.7,2.8,-69.3,290.7,289.4,Tripod,Other,,23,5,True,,True,False,,Smart,RC,False,True,False,,,True,,False,False,False,False,False,False,False,False,False,False,0,Follow Yaw,-77.9,0,-77.2,282.8,False,False,False,False,False,,0,0,False,False,No Card,100,100,983,1318,1286,1024,2,False,False,False,False,False,0,False,False,False,False,89,,47.496,,8988,,10044,,47.496,,True,3.958,3.958,3.958,3.958,3.958,3.958,3.958,3.958,3.958,3.958,3.958,3.958,0,,False,False,True,,,,,,,,,,,,,,,False,False,19.334,,88.1,,75.7,,88.1,,1676,52,11,17,7,145320.4,19376.05,,Idle,,20,,10,,,20,Go Home,False,False,False,False,False,False,False,False,False,False,False,False,33.8027920380556,-117.4659261431046,1173.6,2972.0,1049.4,396.9,True,1,1,False,False,False,False,,True,False,False,Course Lock,196.8,67,16.4,93,E,S,9.84,9.84,Calm,False,False,Android,7.0.2,M300 RTK,1ZN7L4R0H1D00F,1W9DL31001461C,1ZMLH8300204F0,1Z6PH74DAP0QN7,"Corona, CA",728.3,5.7,137.7,8.547347,2.013246,0,0,DJI Matrice 300 RTK,M300 RTK,1ZN7L4R0H1D00F,1W9DL31001461C,1ZMLH8300204F0,1Z6PH74DAP0QN7,DJI Pilot,Android,7.0.2,1EF72A62-B7C3-C88D-164E-CE6F8C8424AE,1ZN7L4R0H1D00F,1W9DL31001461C,,1ZMLH8300204F0,1W9DL31001461C,,,,,
2023-11-01,11:27:31.74 AM,3m 9.4s,189.4,33.8013207215006,-117.4693711774602,114.8,114.8,20.9,1379,1347.4,5.447304,6.085134,1.789552,2.23694,-5.144962,1.342164,-0.447388,0,3,0.8,3.1,-69.3,290.7,289.4,Tripod,Other,,23,5,True,,True,False,,Smart,RC,False,True,False,,,True,,False,False,False,False,False,False,False,False,False,False,0,Follow Yaw,-77.9,0,-77.2,282.8,False,False,False,False,False,,0,0,False,False,No Card,100,100,983,1318,1288,1024,2,False,False,False,False,False,0,False,False,False,False,89,,47.496,,8988,,10044,,47.496,,True,3.958,3.958,3.958,3.958,3.958,3.958,3.958,3.958,3.958,3.958,3.958,3.958,0,,False,False,True,,,,,,,,,,,,,,,False,False,19.334,,88.1,,75.7,,88.1,,1676,52,11,17,7,145320.4,19376.05,,Idle,,20,,10,,,20,Go Home,False,False,False,False,False,False,False,False,False,False,False,False,33.8027920380556,-117.4659261431046,1174.2,2972.0,1049.4,396.9,True,1,1,False,False,False,False,,True,False,False,Course Lock,196.8,67,16.4,93,E,S,9.84,9.84,Calm,False,False,Android,7.0.2,M300 RTK,1ZN7L4R0H1D00F,1W9DL31001461C,1ZMLH8300204F0,1Z6PH74DAP0QN7,"Corona, CA",728.3,5.7,137.7,8.547347,2.013246,0,0,DJI Matrice 300 RTK,M300 RTK,1ZN7L4R0H1D00F,1W9DL31001461C,1ZMLH8300204F0,1Z6PH74DAP0QN7,DJI Pilot,Android,7.0.2,1EF72A62-B7C3-C88D-164E-CE6F8C8424AE,1ZN7L4R0H1D00F,1W9DL31001461C,,1ZMLH8300204F0,1W9DL31001461C,,,,,
2023-11-01,11:27:31.84 AM,3m 9.5s,189.5,33.8013213711868,-117.4693737734956,114.8,114.8,20.9,1379,1348.2,5.447304,6.085134,1.789552,2.23694,-5.144962,1.342164,-0.447388,0,2.9,0.8,3,-69.3,290.7,286.7,Tripod,Other,,23,5,True,,True,False,,Smart,RC,False,True,False,,,True,,False,False,False,False,False,False,False,False,False,False,0,Follow Yaw,-77.9,0,-77.2,282.8,False,False,False,False,False,,0,0,False,False,No Card,100,100,992,1314,1287,1024,2,False,False,False,False,False,0,False,False,False,False,89,,47.496,,8988,,10044,,47.496,,True,3.958,3.958,3.958,3.958,3.958,3.958,3.958,3.958,3.958,3.958,3.958,3.958,0,,False,False,True,,,,,,,,,,,,,,,False,False,19.334,,88.1,,75.7,,88.1,,1676,52,11,17,7,145320.4,19376.05,,Idle,,20,,10,,,20,Go Home,False,False,False,False,False,False,False,False,False,False,False,False,33.8027920380556,-117.4659261431046,1174.8,2972.0,1049.4,396.9,True,1,1,False,False,False,False,,True,False,False,Course Lock,196.8,67,16.4,93,E,S,9.84,9.84,Calm,False,False,Android,7.0.2,M300 RTK,1ZN7L4R0H1D00F,1W9DL31001461C,1ZMLH8300204F0,1Z6PH74DAP0QN7,"Corona, CA",728.3,5.7,137.7,8.547347,2.013246,0,0,DJI Matrice 300 RTK,M300 RTK,1ZN7L4R0H1D00F,1W9DL31001461C,1ZMLH8300204F0,1Z6PH74DAP0QN7,DJI Pilot,Android,7.0.2,1EF72A62-B7C3-C88D-164E-CE6F8C8424AE,1ZN7L4R0H1D00F,1W9DL31001461C,,1ZMLH8300204F0,1W9DL31001461C,,,,,
2023-11-01,11:27:31.94 AM,3m 9.6s,189.6,33.8013221069495,-117.469376345121,114.8,114.8,20.9,1379,1349.0,5.447304,6.085134,1.789552,2.23694,-5.144962,1.342164,-0.447388,0,2.7,0.9,2.8,-69.2,290.8,288.9,Tripod,Other,,23,5,True,,True,False,,Smart,RC,False,True,False,,,True,,False,False,False,False,False,False,False,False,False,False,0,Follow Yaw,-77.9,0,-77.2,282.8,False,False,False,False,False,,0,0,False,False,No Card,100,100,1024,1313,1285,1024,2,False,False,False,False,False,0,False,False,False,False,89,,47.496,,8988,,10044,,47.496,,True,3.958,3.958,3.958,3.958,3.958,3.958,3.958,3.958,3.958,3.958,3.958,3.958,0,,False,False,True,,,,,,,,,,,,,,,False,False,19.334,,88.1,,75.7,,88.1,,1676,52,11,17,7,145320.4,19376.05,,Idle,,20,,10,,,20,Go Home,False,False,False,False,False,False,False,False,False,False,False,False,33.8027920380556,-117.4659261431046,1175.3,2972.0,1049.4,396.9,True,1,1,False,False,False,False,,True,False,False,Course Lock,196.8,67,16.4,93,E,S,9.84,9.84,Calm,False,False,Android,7.0.2,M300 RTK,1ZN7L4R0H1D00F,1W9DL31001461C,1ZMLH8300204F0,1Z6PH74DAP0QN7,"Corona, CA",728.3,5.7,137.7,8.547347,2.013246,0,0,DJI Matrice 300 RTK,M300 RTK,1ZN7L4R0H1D00F,1W9DL31001461C,1ZMLH8300204F0,1Z6PH74DAP0QN7,DJI Pilot,Android,7.0.2,1EF72A62-B7C3-C88D-164E-CE6F8C8424AE,1ZN7L4R0H1D00F,1W9DL31001461C,,1ZMLH8300204F0,1W9DL31001461C,,,,,
2023-11-01,11:27:32.04 AM,3m 9.7s,189.7,33.8013229649739,-117.4693787732553,115.1,115.1,20.9,1379,1349.8,5.447304,6.085134,1.789552,2.23694,-5.144962,1.342164,-0.447388,0,2.6,0.8,2.7,-69.2,290.8,293.0,Tripod,Other,,23,5,True,,True,False,,Smart,RC,False,True,False,,,True,,False,False,False,False,False,False,False,False,False,False,0,Follow Yaw,-77.9,0,-77.2,282.8,False,False,False,False,False,,0,0,False,False,No Card,100,100,1024,1309,1285,1024,2,False,False,False,False,False,0,False,False,False,False,89,,47.496,,8988,,10044,,47.496,,True,3.958,3.958,3.958,3.958,3.958,3.958,3.958,3.958,3.958,3.958,3.958,3.958,0,,False,False,True,,,,,,,,,,,,,,,False,False,19.334,,88.1,,75.7,,88.1,,1676,52,11,17,7,145320.4,19376.05,,Idle,,20,,10,,,20,Go Home,False,False,False,False,False,False,False,False,False,False,False,False,33.8027920380556,-117.4659261431046,1175.8,2972.0,1049.4,396.9,True,1,1,False,False,False,False,,True,False,False,Course Lock,196.8,67,16.4,93,E,S,9.84,9.84,Calm,False,False,Android,7.0.2,M300 RTK,1ZN7L4R0H1D00F,1W9DL31001461C,1ZMLH8300204F0,1Z6PH74DAP0QN7,"Corona, CA",728.3,5.7,137.7,8.547347,2.013246,0,0,DJI Matrice 300 RTK,M300 RTK,1ZN7L4R0H1D00F,1W9DL31001461C,1ZMLH8300204F0,1Z6PH74DAP0QN7,DJI Pilot,Android,7.0.2,1EF72A62-B7C3-C88D-164E-CE6F8C8424AE,1ZN7L4R0H1D00F,1W9DL31001461C,,1ZMLH8300204F0,1W9DL31001461C,,,,,
2023-11-01,11:27:32.14 AM,3m 9.8s,189.8,33.8013237073157,-117.4693813254187,115.1,115.1,20.9,1379,1350.7,5.447304,6.085134,1.789552,2.23694,-5.144962,1.342164,-0.447388,0,2.7,0.8,2.8,-69.1,290.9,289.2,Tripod,Other,,23,5,True,,True,False,,Smart,RC,False,True,False,,,True,,False,False,False,False,False,False,False,False,False,False,0,Follow Yaw,-77.9,0,-77.2,282.8,False,False,False,False,False,,0,0,False,False,No Card,100,100,1024,1303,1284,1024,2,False,False,False,False,False,0,False,False,False,False,89,,47.496,,8988,,10044,,47.496,,True,3.958,3.958,3.958,3.958,3.958,3.958,3.958,3.958,3.958,3.958,3.958,3.958,0,,False,False,True,,,,,,,,,,,,,,,False,False,19.334,,88.1,,75.7,,88.1,,1676,52,11,17,7,145320.4,19376.05,,Idle,,20,,10,,,20,Go Home,False,False,False,False,False,False,False,False,False,False,False,False,33.8027920380556,-117.4659261431046,1176.4,2972.0,1049.4,396.9,True,1,1,False,False,False,False,,True,False,False,Course Lock,196.8,67,16.4,93,E,S,9.84,9.84,Calm,False,False,Android,7.0.2,M300 RTK,1ZN7L4R0H1D00F,1W9DL31001461C,1ZMLH8300204F0,1Z6PH74DAP0QN7,"Corona, CA",728.3,5.7,137.7,8.547347,2.013246,0,0,DJI Matrice 300 RTK,M300 RTK,1ZN7L4R0H1D00F,1W9DL31001461C,1ZMLH8300204F0,1Z6PH74DAP0QN7,DJI Pilot,Android,7.0.2,1EF72A62-B7C3-C88D-164E-CE6F8C8424AE,1ZN7L4R0H1D00F,1W9DL31001461C,,1ZMLH8300204F0,1W9DL31001461C,,,,,
2023-11-01,11:27:32.24 AM,3m 9.9s,189.9,33.8013244244376,-117.4693839600483,115.1,115.1,20.9,1379,1351.5,5.447304,6.085134,1.789552,2.23694,-5.144962,1.342164,-0.447388,0,2.9,0.8,3,-69,291,288.1,Tripod,Other,,23,5,True,,True,False,,Smart,RC,False,True,False,,,True,,False,False,False,False,False,False,False,False,False,False,0,Follow Yaw,-77.9,0,-77.2,282.8,False,False,False,False,False,,0,0,False,False,No Card,100,100,1024,1309,1281,1024,2,False,False,False,False,False,0,False,False,False,False,89,,47.496,,8988,,10044,,47.496,,True,3.958,3.958,3.958,3.958,3.958,3.958,3.958,3.958,3.958,3.958,3.958,3.958,0,,False,False,True,,,,,,,,,,,,,,,False,False,19.334,,88.1,,75.7,,88.1,,1676,52,11,17,7,145320.4,19376.05,,Idle,,20,,10,,,20,Go Home,False,False,False,False,False,False,False,False,False,False,False,False,33.8027920380556,-117.4659261431046,1177.0,2972.0,1049.4,396.9,True,1,1,False,False,False,False,,True,False,False,Course Lock,196.8,67,16.4,93,E,S,9.84,9.84,Calm,False,False,Android,7.0.2,M300 RTK,1ZN7L4R0H1D00F,1W9DL31001461C,1ZMLH8300204F0,1Z6PH74DAP0QN7,"Corona, CA",728.3,5.7,137.7,8.547347,2.013246,0,0,DJI Matrice 300 RTK,M300 RTK,1ZN7L4R0H1D00F,1W9DL31001461C,1ZMLH8300204F0,1Z6PH74DAP0QN7,DJI Pilot,Android,7.0.2,1EF72A62-B7C3-C88D-164E-CE6F8C8424AE,1ZN7L4R0H1D00F,1W9DL31001461C,,1ZMLH8300204F0,1W9DL31001461C,,,,,
2023-11-01,11:27:32.34 AM,3m 10.0s,190.0,33.8013251563625,-117.4693865046248,115.1,115.1,20.9,1379,1352.3,5.447304,6.085134,1.789552,2.23694,-5.144962,1.342164,-0.447388,0,3,0.7,3,-69,291,289.0,Tripod,Other,,23,5,True,,True,False,,Smart,RC,False,True,False,,,True,,False,False,False,False,False,False,False,False,False,False,0,Follow Yaw,-77.9,0,-77.2,282.8,False,False,False,False,False,,0,0,False,False,No Card,100,100,1024,1290,1281,1024,2,False,False,False,False,False,0,False,False,False,False,89,,47.508,,8988,,10044,,47.508,,True,3.958,3.958,3.958,3.958,3.958,3.958,3.958,3.958,3.958,3.958,3.958,3.958,0,,False,False,True,,,,,,,,,,,,,,,False,False,19.26,,88.1,,75.7,,88.1,,1676,52,11,17,7,145320.4,19376.05,,Idle,,20,,10,,,20,Go Home,False,False,False,False,False,False,False,False,False,False,False,False,33.8027920380556,-117.4659261431046,1177.6,2972.0,1049.4,396.9,True,1,1,False,False,False,False,,True,False,False,Course Lock,196.8,67,16.4,93,E,S,9.84,9.84,Calm,False,False,Android,7.0.2,M300 RTK,1ZN7L4R0H1D00F,1W9DL31001461C,1ZMLH8300204F0,1Z6PH74DAP0QN7,"Corona, CA",728.3,5.7,137.7,8.547347,2.013246,0,0,DJI Matrice 300 RTK,M300 RTK,1ZN7L4R0H1D00F,1W9DL31001461C,1ZMLH8300204F0,1Z6PH74DAP0QN7,DJI Pilot,Android,7.0.2,1EF72A62-B7C3-C88D-164E-CE6F8C8424AE,1ZN7L4R0H1D00F,1W9DL31001461C,,1ZMLH8300204F0,1W9DL31001461C,,,,,
2023-11-01,11:27:32.40 AM,3m 10.1s,190.1,33.8013259025422,-117.4693888417164,115.4,115.4,20.9,1379,1353.1,5.447304,6.085134,1.789552,2.23694,-5.144962,1.342164,-0.447388,0,2.9,0.8,3,-68.9,291.1,291.0,Tripod,Other,,23,5,True,,True,False,,Smart,RC,False,True,False,,,True,,False,False,False,False,False,False,False,False,False,False,0,Follow Yaw,-77.9,0,-77.2,282.8,False,False,False,False,False,,0,0,False,False,No Card,100,100,1024,1301,1281,1024,2,False,False,False,False,False,0,False,False,False,False,89,,47.508,,8988,,10044,,47.508,,True,3.958,3.958,3.958,3.958,3.958,3.958,3.958,3.958,3.958,3.958,3.958,3.958,0,,False,False,True,,,,,,,,,,,,,,,False,False,19.26,,88.1,,75.7,,88.1,,1676,52,11,17,7,145320.4,19376.05,,Idle,,20,,10,,,20,Go Home,False,False,False,False,False,False,False,False,False,False,False,False,33.8027920380556,-117.4659261431046,1178.1,2972.0,1049.4,396.9,True,1,1,False,False,False,False,,True,False,False,Course Lock,196.8,67,16.4,93,E,S,10.06,10.06,Calm,False,False,Android,7.0.2,M300 RTK,1ZN7L4R0H1D00F,1W9DL31001461C,1ZMLH8300204F0,1Z6PH74DAP0QN7,"Corona, CA",728.3,5.7,137.7,8.547347,2.013246,0,0,DJI Matrice 300 RTK,M300 RTK,1ZN7L4R0H1D00F,1W9DL31001461C,1ZMLH8300204F0,1Z6PH74DAP0QN7,DJI Pilot,Android,7.0.2,1EF72A62-B7C3-C88D-164E-CE6F8C8424AE,1ZN7L4R0H1D00F,1W9DL31001461C,,1ZMLH8300204F0,1W9DL31001461C,,,,,
2023-11-01,11:27:32.54 AM,3m 10.2s,190.2,33.8013266262432,-117.4693913559454,115.4,115.4,20.9,1379,1353.9,5.447304,6.085134,1.789552,2.23694,-5.144962,1.342164,-0.447388,0,2.9,0.9,3,-68.9,291.1,289.1,Tripod,Other,,23,5,True,,True,False,,Smart,RC,False,True,False,,,True,,False,False,False,False,False,False,False,False,False,False,0,Follow Yaw,-77.9,0,-77.2,282.8,False,False,False,False,False,,0,0,False,False,No Card,100,100,1024,1339,1284,1024,2,False,False,False,False,False,0,False,True,False,False,89,,47.508,,8988,,10044,,47.508,,True,3.958,3.958,3.958,3.958,3.958,3.958,3.958,3.958,3.958,3.958,3.958,3.958,0,,False,False,True,,,,,,,,,,,,,,,False,False,19.26,,88.1,,75.7,,88.1,,1676,52,11,17,7,145320.4,19376.05,,Idle,,20,,10,,,20,Go Home,False,False,False,False,False,False,False,False,False,False,False,False,33.8027920380556,-117.4659261431046,1178.6,2972.0,1049.4,396.9,True,1,1,False,False,False,False,,True,False,False,Course Lock,196.8,67,16.4,93,E,S,10.06,10.06,Calm,False,False,Android,7.0.2,M300 RTK,1ZN7L4R0H1D00F,1W9DL31001461C,1ZMLH8300204F0,1Z6PH74DAP0QN7,"Corona, CA",728.3,5.7,137.7,8.547347,2.013246,0,0,DJI Matrice 300 RTK,M300 RTK,1ZN7L4R0H1D00F,1W9DL31001461C,1ZMLH8300204F0,1Z6PH74DAP0QN7,DJI Pilot,Android,7.0.2,1EF72A62-B7C3-C88D-164E-CE6F8C8424AE,1ZN7L4R0H1D00F,1W9DL31001461C,,1ZMLH8300204F0,1W9DL31001461C,,,,,
2023-11-01,11:27:32.64 AM,3m 10.3s,190.3,33.8013273899671,-117.4693940595167,115.4,115.4,20.9,1379,1354.7,5.447304,6.085134,1.789552,2.23694,-5.144962,1.342164,-0.447388,0,2.9,0.9,3,-68.9,291.1,288.7,Tripod,Other,,23,5,True,,True,False,,Smart,RC,False,True,False,,,True,,False,False,False,False,False,False,False,False,False,False,0,Follow Yaw,-77.9,0,-77.2,282.8,False,False,False,False,False,,0,0,False,False,No Card,100,100,1024,1385,1287,1024,2,False,False,False,False,False,0,False,True,False,False,89,,47.508,,8988,,10044,,47.508,,True,3.959,3.959,3.959,3.959,3.959,3.959,3.959,3.959,3.959,3.959,3.959,3.959,0,,False,False,True,,,,,,,,,,,,,,,False,False,19.26,,88.1,,75.7,,88.1,,1675,52,11,17,7,145041.2,19338.82,,Idle,,20,,10,,,20,Go Home,False,False,False,False,False,False,False,False,False,False,False,False,33.8027920380556,-117.4659261431046,1179.2,2972.0,1049.4,396.9,True,1,1,False,False,False,False,,True,False,False,Course Lock,196.8,67,16.4,93,E,S,10.06,10.06,Calm,False,False,Android,7.0.2,M300 RTK,1ZN7L4R0H1D00F,1W9DL31001461C,1ZMLH8300204F0,1Z6PH74DAP0QN7,"Corona, CA",728.3,5.7,137.7,8.547347,2.013246,0,0,DJI Matrice 300 RTK,M300 RTK,1ZN7L4R0H1D00F,1W9DL31001461C,1ZMLH8300204F0,1Z6PH74DAP0QN7,DJI Pilot,Android,7.0.2,1EF72A62-B7C3-C88D-164E-CE6F8C8424AE,1ZN7L4R0H1D00F,1W9DL31001461C,,1ZMLH8300204F0,1W9DL31001461C,,,,,
2023-11-01,11:27:32.74 AM,3m 10.4s,190.4,33.8013281103786,-117.4693965793534,115.4,115.4,20.9,1379,1355.6,5.236542,6.085134,1.789552,2.23694,-4.921268,1.342164,-0.447388,0,2.9,1,3,-68.9,291.1,288.9,Tripod,Other,,23,5,True,,True,False,,Smart,RC,False,True,False,,,True,,False,False,False,False,False,False,False,False,False,False,0,Follow Yaw,-77.9,0,-77.2,282.8,False,False,False,False,False,,0,0,False,False,No Card,100,100,1024,1327,1285,1024,2,False,False,False,False,False,0,False,False,False,False,89,,47.508,,8988,,10044,,47.508,,True,3.959,3.959,3.959,3.959,3.959,3.959,3.959,3.959,3.959,3.959,3.959,3.959,0,,False,False,True,,,,,,,,,,,,,,,False,False,19.26,,88.1,,75.7,,88.1,,1675,52,11,17,7,145041.2,19338.82,,Idle,,20,,10,,,20,Go Home,False,False,False,False,False,False,False,False,False,False,False,False,33.8027920380556,-117.4659261431046,1179.8,2972.0,1049.4,396.9,True,1,1,False,False,False,False,,True,False,False,Course Lock,196.8,67,16.4,93,E,S,10.06,10.06,Calm,False,False,Android,7.0.2,M300 RTK,1ZN7L4R0H1D00F,1W9DL31001461C,1ZMLH8300204F0,1Z6PH74DAP0QN7,"Corona, CA",728.3,5.7,137.7,8.547347,2.013246,0,0,DJI Matrice 300 RTK,M300 RTK,1ZN7L4R0H1D00F,1W9DL31001461C,1ZMLH8300204F0,1Z6PH74DAP0QN7,DJI Pilot,Android,7.0.2,1EF72A62-B7C3-C88D-164E-CE6F8C8424AE,1ZN7L4R0H1D00F,1W9DL31001461C,,1ZMLH8300204F0,1W9DL31001461C,,,,,
2023-11-01,11:27:32.82 AM,3m 10.5s,190.5,33.8013288889054,-117.4693989712026,115.8,115.8,20.9,1380,1356.3,5.236542,6.085134,1.789552,2.23694,-4.921268,1.342164,-0.447388,0,2.6,0.9,2.7,-68.9,291.1,291.3,Tripod,Other,,23,5,True,,True,False,,Smart,RC,False,True,False,,,True,,False,False,False,False,False,False,False,False,False,False,0,Follow Yaw,-77.9,0,-77.2,282.8,False,False,False,False,False,,0,0,False,False,No Card,100,100,1024,1313,1285,1024,2,False,False,False,False,False,0,False,False,False,False,89,,47.508,,8988,,10044,,47.508,,True,3.959,3.959,3.959,3.959,3.959,3.959,3.959,3.959,3.959,3.959,3.959,3.959,0,,False,False,True,,,,,,,,,,,,,,,False,False,19.26,,88.1,,75.7,,88.1,,1675,52,11,17,7,145041.2,19338.82,,Idle,,20,,10,,,20,Go Home,False,False,False,False,False,False,False,False,False,False,False,False,33.8027920380556,-117.4659261431046,1180.3,2972.0,1049.4,396.9,True,1,1,False,False,False,False,,True,False,False,Course Lock,196.8,67,16.4,93,E,S,10.06,10.06,Calm,False,False,Android,7.0.2,M300 RTK,1ZN7L4R0H1D00F,1W9DL31001461C,1ZMLH8300204F0,1Z6PH74DAP0QN7,"Corona, CA",728.3,5.7,137.7,8.547347,2.013246,0,0,DJI Matrice 300 RTK,M300 RTK,1ZN7L4R0H1D00F,1W9DL31001461C,1ZMLH8300204F0,1Z6PH74DAP0QN7,DJI Pilot,Android,7.0.2,1EF72A62-B7C3-C88D-164E-CE6F8C8424AE,1ZN7L4R0H1D00F,1W9DL31001461C,,1ZMLH8300204F0,1W9DL31001461C,,,,,
2023-11-01,11:27:32.94 AM,3m 10.6s,190.6,33.8013296126065,-117.4694014715772,115.8,115.8,20.6,1380,1357.1,5.236542,6.085134,1.789552,2.23694,-4.921268,1.342164,-0.447388,0,2.2,0.9,2.3,-69,291,289.2,Tripod,Other,,23,5,True,,True,False,,Smart,RC,False,True,False,,,True,,False,False,False,False,False,False,False,False,False,False,0,Follow Yaw,-77.9,0,-77.2,282.8,False,False,False,False,False,,0,0,False,False,No Card,100,100,1024,1307,1285,1024,2,False,False,False,False,False,0,False,False,False,False,89,,47.508,,8988,,10044,,47.508,,True,3.959,3.959,3.959,3.959,3.959,3.959,3.959,3.959,3.959,3.959,3.959,3.959,0,,False,False,True,,,,,,,,,,,,,,,False,False,19.26,,88.1,,75.7,,88.1,,1675,52,11,17,7,145041.2,19338.82,,Idle,,20,,10,,,20,Go Home,False,False,False,False,False,False,False,False,False,False,False,False,33.8027920380556,-117.4659261431046,1180.9,2972.0,1049.4,396.9,True,1,1,False,False,False,False,,True,False,False,Course Lock,196.8,67,16.4,93,E,S,10.06,10.06,Calm,False,False,Android,7.0.2,M300 RTK,1ZN7L4R0H1D00F,1W9DL31001461C,1ZMLH8300204F0,1Z6PH74DAP0QN7,"Corona, CA",728.3,5.7,137.7,8.547347,2.013246,0,0,DJI Matrice 300 RTK,M300 RTK,1ZN7L4R0H1D00F,1W9DL31001461C,1ZMLH8300204F0,1Z6PH74DAP0QN7,DJI Pilot,Android,7.0.2,1EF72A62-B7C3-C88D-164E-CE6F8C8424AE,1ZN7L4R0H1D00F,1W9DL31001461C,,1ZMLH8300204F0,1W9DL31001461C,,,,,
2023-11-01,11:27:33.02 AM,3m 10.7s,190.7,33.8013302387175,-117.4694042365034,115.8,115.8,20.9,1380,1358.0,5.447304,6.085134,1.789552,2.23694,-5.144962,1.342164,-0.447388,0,2,0.9,2.1,-69,291,285.2,Tripod,Other,,23,5,True,,True,False,,Smart,RC,False,True,False,,,True,,False,False,False,False,False,False,False,False,False,False,0,Follow Yaw,-77.9,0,-77.2,282.8,False,False,False,False,False,,0,0,False,False,No Card,100,100,1024,1305,1286,1024,2,False,False,False,False,False,0,False,False,False,False,89,,47.508,,8988,,10044,,47.508,,True,3.959,3.959,3.959,3.959,3.959,3.959,3.959,3.959,3.959,3.959,3.959,3.959,0,,False,False,True,,,,,,,,,,,,,,,False,False,19.26,,88.1,,75.7,,88.1,,1675,52,11,17,7,145041.2,19338.82,,Idle,,20,,10,,,20,Go Home,False,False,False,False,False,False,False,False,False,False,False,False,33.8027920380556,-117.4659261431046,1181.5,2972.0,1049.4,396.9,True,1,1,False,False,False,False,,True,False,False,Course Lock,196.8,67,16.4,93,E,S,10.06,10.06,Calm,False,False,Android,7.0.2,M300 RTK,1ZN7L4R0H1D00F,1W9DL31001461C,1ZMLH8300204F0,1Z6PH74DAP0QN7,"Corona, CA",728.3,5.7,137.7,8.547347,2.013246,0,0,DJI Matrice 300 RTK,M300 RTK,1ZN7L4R0H1D00F,1W9DL31001461C,1ZMLH8300204F0,1Z6PH74DAP0QN7,DJI Pilot,Android,7.0.2,1EF72A62-B7C3-C88D-164E-CE6F8C8424AE,1ZN7L4R0H1D00F,1W9DL31001461C,,1ZMLH8300204F0,1W9DL31001461C,,,,,
2023-11-01,11:27:33.13 AM,3m 10.8s,190.8,33.8013309520017,-117.4694067744827,115.8,115.8,20.9,1380,1358.8,5.447304,6.085134,1.789552,2.23694,-5.144962,1.342164,-0.447388,0,2.2,0.9,2.3,-69.1,290.9,288.6,Tripod,Other,,23,5,True,,True,False,,Smart,RC,False,True,False,,,True,,False,False,False,False,False,False,False,False,False,False,0,Follow Yaw,-77.9,0,-77.2,282.8,False,False,False,False,False,,0,0,False,False,No Card,100,100,1024,1306,1287,1024,2,False,False,False,False,False,0,False,False,False,False,89,,47.508,,8988,,10044,,47.508,,True,3.959,3.959,3.959,3.959,3.959,3.959,3.959,3.959,3.959,3.959,3.959,3.959,0,,False,False,True,,,,,,,,,,,,,,,False,False,19.26,,88.1,,75.7,,88.1,,1675,52,11,17,7,145041.2,19338.82,,Idle,,20,,10,,,20,Go Home,False,False,False,False,False,False,False,False,False,False,False,False,33.8027920380556,-117.4659261431046,1182.1,2972.0,1049.4,396.9,True,1,1,False,False,False,False,,True,False,False,Course Lock,196.8,67,16.4,93,E,S,10.06,10.06,Calm,False,False,Android,7.0.2,M300 RTK,1ZN7L4R0H1D00F,1W9DL31001461C,1ZMLH8300204F0,1Z6PH74DAP0QN7,"Corona, CA",728.3,5.7,137.7,8.547347,2.013246,0,0,DJI Matrice 300 RTK,M300 RTK,1ZN7L4R0H1D00F,1W9DL31001461C,1ZMLH8300204F0,1Z6PH74DAP0QN7,DJI Pilot,Android,7.0.2,1EF72A62-B7C3-C88D-164E-CE6F8C8424AE,1ZN7L4R0H1D00F,1W9DL31001461C,,1ZMLH8300204F0,1W9DL31001461C,,,,,
2023-11-01,11:27:33.24 AM,3m 10.9s,190.9,33.801331629649,-117.4694092346138,116.1,116.1,20.9,1380,1359.6,5.447304,6.085134,1.789552,2.23694,-5.144962,1.342164,-0.447388,0,2.7,1.1,2.9,-69.1,290.9,288.3,Tripod,Other,,23,5,True,,True,False,,Smart,RC,False,True,False,,,True,,False,False,False,False,False,False,False,False,False,False,0,Follow Yaw,-77.9,0,-77.2,282.8,False,False,False,False,False,,0,0,False,False,No Card,100,100,1024,1302,1288,1024,2,False,False,False,False,False,0,False,False,False,False,89,,47.508,,8988,,10044,,47.508,,True,3.959,3.959,3.959,3.959,3.959,3.959,3.959,3.959,3.959,3.959,3.959,3.959,0,,False,False,True,,,,,,,,,,,,,,,False,False,19.26,,88.1,,75.7,,88.1,,1675,52,11,17,7,145041.2,19338.82,,Idle,,20,,10,,,20,Go Home,False,False,False,False,False,False,False,False,False,False,False,False,33.8027920380556,-117.4659261431046,1182.6,2972.0,1049.4,396.9,True,1,1,False,False,False,False,,True,False,False,Course Lock,196.8,67,16.4,93,E,S,10.06,10.06,Calm,False,False,Android,7.0.2,M300 RTK,1ZN7L4R0H1D00F,1W9DL31001461C,1ZMLH8300204F0,1Z6PH74DAP0QN7,"Corona, CA",728.3,5.7,137.7,8.547347,2.013246,0,0,DJI Matrice 300 RTK,M300 RTK,1ZN7L4R0H1D00F,1W9DL31001461C,1ZMLH8300204F0,1Z6PH74DAP0QN7,DJI Pilot,Android,7.0.2,1EF72A62-B7C3-C88D-164E-CE6F8C8424AE,1ZN7L4R0H1D00F,1W9DL31001461C,,1ZMLH8300204F0,1W9DL31001461C,,,,,
2023-11-01,11:27:33.33 AM,3m 11.0s,191.0,33.8013323451262,-117.4694117692944,116.1,116.1,20.9,1380,1360.4,5.447304,6.085134,1.789552,2.23694,-5.144962,1.342164,-0.447388,0,3.1,1.4,3.4,-69.1,290.9,288.7,Tripod,Other,,22,5,True,,True,False,,Smart,RC,False,True,False,,,True,,False,False,False,False,False,False,False,False,False,False,0,Follow Yaw,-77.9,0,-77.2,282.8,False,False,False,False,False,,0,0,False,False,No Card,100,100,1024,1305,1289,1024,2,False,False,False,False,False,0,False,False,False,False,89,,47.496,,8988,,10044,,47.496,,True,3.959,3.959,3.959,3.959,3.959,3.959,3.959,3.959,3.959,3.959,3.959,3.959,0,,False,False,True,,,,,,,,,,,,,,,False,False,19.342,,88.1,,75.7,,88.1,,1675,52,11,17,7,145041.2,19338.82,,Idle,,20,,10,,,20,Go Home,False,False,False,False,False,False,False,False,False,False,False,False,33.8027920380556,-117.4659261431046,1183.2,2972.0,1049.4,396.9,True,1,1,False,False,False,False,,True,False,False,Course Lock,196.8,67,16.4,93,E,S,10.06,10.06,Calm,False,False,Android,7.0.2,M300 RTK,1ZN7L4R0H1D00F,1W9DL31001461C,1ZMLH8300204F0,1Z6PH74DAP0QN7,"Corona, CA",728.3,5.7,137.7,8.547347,2.013246,0,0,DJI Matrice 300 RTK,M300 RTK,1ZN7L4R0H1D00F,1W9DL31001461C,1ZMLH8300204F0,1Z6PH74DAP0QN7,DJI Pilot,Android,7.0.2,1EF72A62-B7C3-C88D-164E-CE6F8C8424AE,1ZN7L4R0H1D00F,1W9DL31001461C,,1ZMLH8300204F0,1W9DL31001461C,,,,,
2023-11-01,11:27:33.44 AM,3m 11.1s,191.1,33.8013330277078,-117.4694142337138,116.1,116.1,20.9,1380,1361.2,5.236542,6.085134,1.789552,2.23694,-4.921268,1.342164,-0.447388,0,3.3,1.6,3.6,-69.1,290.9,288.4,Tripod,Other,,22,5,True,,True,False,,Smart,RC,False,True,False,,,True,,False,False,False,False,False,False,False,False,False,False,0,Follow Yaw,-77.9,0,-77.2,282.8,False,False,False,False,False,,0,0,False,False,No Card,100,100,1024,1305,1291,1024,2,False,False,False,False,False,0,False,False,False,False,89,,47.496,,8988,,10044,,47.496,,True,3.959,3.959,3.959,3.959,3.959,3.959,3.959,3.959,3.959,3.959,3.959,3.959,0,,False,False,True,,,,,,,,,,,,,,,False,False,19.342,,88.1,,75.7,,88.1,,1675,52,11,17,7,145041.2,19338.82,,Idle,,20,,10,,,20,Go Home,False,False,False,False,False,False,False,False,False,False,False,False,33.8027920380556,-117.4659261431046,1183.8,2972.0,1049.4,396.9,True,1,1,False,False,False,False,,True,False,False,Course Lock,196.8,67,16.4,93,E,S,10.06,10.06,Calm,False,False,Android,7.0.2,M300 RTK,1ZN7L4R0H1D00F,1W9DL31001461C,1ZMLH8300204F0,1Z6PH74DAP0QN7,"Corona, CA",728.3,5.7,137.7,8.547347,2.013246,0,0,DJI Matrice 300 RTK,M300 RTK,1ZN7L4R0H1D00F,1W9DL31001461C,1ZMLH8300204F0,1Z6PH74DAP0QN7,DJI Pilot,Android,7.0.2,1EF72A62-B7C3-C88D-164E-CE6F8C8424AE,1ZN7L4R0H1D00F,1W9DL31001461C,,1ZMLH8300204F0,1W9DL31001461C,,,,,
2023-11-01,11:27:33.54 AM,3m 11.2s,191.2,33.8013337519571,-117.4694167314494,116.4,116.4,20.9,1380,1362.0,5.236542,6.085134,1.789552,2.23694,-4.921268,1.342164,-0.447388,0,3.3,1.5,3.6,-69.1,290.9,289.2,Tripod,Other,,22,5,True,,True,False,,Smart,RC,False,True,False,,,True,,False,False,False,False,False,False,False,False,False,False,0,Follow Yaw,-77.9,0,-77.2,282.8,False,False,False,False,False,,0,0,False,False,No Card,100,100,1024,1309,1295,1024,2,False,False,False,False,False,0,False,False,False,False,89,,47.496,,8988,,10044,,47.496,,True,3.959,3.959,3.959,3.959,3.959,3.959,3.959,3.959,3.959,3.959,3.959,3.959,0,,False,False,True,,,,,,,,,,,,,,,False,False,19.342,,88.1,,75.7,,88.1,,1675,52,11,17,7,145041.2,19338.82,,Idle,,20,,10,,,20,Go Home,False,False,False,False,False,False,False,False,False,False,False,False,33.8027920380556,-117.4659261431046,1184.3,2972.0,1049.4,396.9,True,1,1,False,False,False,False,,True,False,False,Course Lock,196.8,67,16.4,93,E,S,10.06,10.06,Calm,False,False,Android,7.0.2,M300 RTK,1ZN7L4R0H1D00F,1W9DL31001461C,1ZMLH8300204F0,1Z6PH74DAP0QN7,"Corona, CA",728.3,5.7,137.7,8.547347,2.013246,0,0,DJI Matrice 300 RTK,M300 RTK,1ZN7L4R0H1D00F,1W9DL31001461C,1ZMLH8300204F0,1Z6PH74DAP0QN7,DJI Pilot,Android,7.0.2,1EF72A62-B7C3-C88D-164E-CE6F8C8424AE,1ZN7L4R0H1D00F,1W9DL31001461C,,1ZMLH8300204F0,1W9DL31001461C,,,,,
2023-11-01,11:27:33.65 AM,3m 11.3s,191.3,33.8013344323457,-117.4694192690988,116.4,116.4,20.9,1380,1362.8,5.236542,6.085134,1.789552,2.23694,-4.921268,1.342164,-0.447388,0,3.1,1.4,3.4,-69.2,290.8,287.8,Tripod,Other,,22,5,True,,True,False,,Smart,RC,False,True,False,,,True,,False,False,False,False,False,False,False,False,False,False,0,Follow Yaw,-77.9,0,-77.2,282.8,False,False,False,False,False,,0,0,False,False,No Card,100,100,1024,1303,1296,1024,2,False,False,False,False,False,0,False,False,False,False,89,,47.496,,8988,,10044,,47.496,,True,3.96,3.96,3.96,3.96,3.96,3.96,3.96,3.96,3.96,3.96,3.96,3.96,0,,False,False,True,,,,,,,,,,,,,,,False,False,19.342,,88.1,,75.7,,88.1,,1675,52,11,17,7,144838.1,19311.74,,Idle,,20,,10,,,20,Go Home,False,False,False,False,False,False,False,False,False,False,False,False,33.8027920380556,-117.4659261431046,1184.9,2972.0,1049.4,396.9,True,1,1,False,False,False,False,,True,False,False,Course Lock,196.8,67,16.4,93,E,S,10.06,10.06,Calm,False,False,Android,7.0.2,M300 RTK,1ZN7L4R0H1D00F,1W9DL31001461C,1ZMLH8300204F0,1Z6PH74DAP0QN7,"Corona, CA",728.3,5.7,137.7,8.547347,2.013246,0,0,DJI Matrice 300 RTK,M300 RTK,1ZN7L4R0H1D00F,1W9DL31001461C,1ZMLH8300204F0,1Z6PH74DAP0QN7,DJI Pilot,Android,7.0.2,1EF72A62-B7C3-C88D-164E-CE6F8C8424AE,1ZN7L4R0H1D00F,1W9DL31001461C,,1ZMLH8300204F0,1W9DL31001461C,,,,,
2023-11-01,11:27:33.75 AM,3m 11.4s,191.4,33.8013351620776,-117.4694217417648,116.4,116.4,20.9,1380,1363.6,5.236542,6.085134,1.789552,2.23694,-4.921268,1.342164,-0.447388,0,2.8,1.1,3,-69.2,290.8,289.5,Tripod,Other,,22,5,True,,True,False,,Smart,RC,False,True,False,,,True,,False,False,False,False,False,False,False,False,False,False,0,Follow Yaw,-77.9,0,-77.2,282.8,False,False,False,False,False,,0,0,False,False,No Card,100,100,1024,1298,1298,1024,2,False,False,False,False,False,0,False,False,False,False,89,,47.496,,8988,,10044,,47.496,,True,3.96,3.96,3.96,3.96,3.96,3.96,3.96,3.96,3.96,3.96,3.96,3.96,0,,False,False,True,,,,,,,,,,,,,,,False,False,19.342,,88.1,,75.7,,88.1,,1675,52,11,17,7,144838.1,19311.74,,Idle,,20,,10,,,20,Go Home,False,False,False,False,False,False,False,False,False,False,False,False,33.8027920380556,-117.4659261431046,1185.4,2972.0,1049.4,396.9,True,1,1,False,False,False,False,,True,False,False,Course Lock,196.8,67,16.4,93,E,S,10.06,10.06,Calm,False,False,Android,7.0.2,M300 RTK,1ZN7L4R0H1D00F,1W9DL31001461C,1ZMLH8300204F0,1Z6PH74DAP0QN7,"Corona, CA",728.3,5.7,137.7,8.547347,2.013246,0,0,DJI Matrice 300 RTK,M300 RTK,1ZN7L4R0H1D00F,1W9DL31001461C,1ZMLH8300204F0,1Z6PH74DAP0QN7,DJI Pilot,Android,7.0.2,1EF72A62-B7C3-C88D-164E-CE6F8C8424AE,1ZN7L4R0H1D00F,1W9DL31001461C,,1ZMLH8300204F0,1W9DL31001461C,,,,,
2023-11-01,11:27:33.86 AM,3m 11.5s,191.5,33.801336007492,-117.4694239469106,116.4,116.4,20.9,1380,1364.3,5.236542,6.085134,1.789552,2.23694,-4.921268,1.342164,-0.447388,0,2.7,0.8,2.8,-69.2,290.8,294.7,Tripod,Other,,22,5,True,,True,False,,Smart,RC,False,True,False,,,True,,False,False,False,False,False,False,False,False,False,False,0,Follow Yaw,-77.9,0,-77.2,282.8,False,False,False,False,False,,0,0,False,False,No Card,100,100,1024,1299,1298,1024,2,False,False,False,False,False,0,False,False,False,False,89,,47.496,,8988,,10044,,47.496,,True,3.96,3.96,3.96,3.96,3.96,3.96,3.96,3.96,3.96,3.96,3.96,3.96,0,,False,False,True,,,,,,,,,,,,,,,False,False,19.342,,88.1,,75.7,,88.1,,1675,52,11,17,7,144838.1,19311.74,,Idle,,20,,10,,,20,Go Home,False,False,False,False,False,False,False,False,False,False,False,False,33.8027920380556,-117.4659261431046,1185.9,2972.0,1049.4,396.9,True,1,1,False,False,False,False,,True,False,False,Course Lock,196.8,67,16.4,93,E,S,10.06,10.06,Calm,False,False,Android,7.0.2,M300 RTK,1ZN7L4R0H1D00F,1W9DL31001461C,1ZMLH8300204F0,1Z6PH74DAP0QN7,"Corona, CA",728.3,5.7,137.7,8.547347,2.013246,0,0,DJI Matrice 300 RTK,M300 RTK,1ZN7L4R0H1D00F,1W9DL31001461C,1ZMLH8300204F0,1Z6PH74DAP0QN7,DJI Pilot,Android,7.0.2,1EF72A62-B7C3-C88D-164E-CE6F8C8424AE,1ZN7L4R0H1D00F,1W9DL31001461C,,1ZMLH8300204F0,1W9DL31001461C,,,,,
2023-11-01,11:27:33.96 AM,3m 11.6s,191.6,33.8013367509304,-117.4694263879096,116.7,116.7,21.3,1381,1365.1,5.236542,6.085134,1.789552,2.23694,-4.921268,1.342164,-0.447388,0,2.7,0.7,2.7,-69.1,290.9,290.1,Tripod,Other,,22,5,True,,True,False,,Smart,RC,False,True,False,,,True,,False,False,False,False,False,False,False,False,False,False,0,Follow Yaw,-77.9,0,-77.2,282.8,False,False,False,False,False,,0,0,False,False,No Card,100,100,1024,1337,1301,1024,2,False,False,False,False,False,0,False,True,False,False,89,,47.496,,8988,,10044,,47.496,,True,3.96,3.96,3.96,3.96,3.96,3.96,3.96,3.96,3.96,3.96,3.96,3.96,0,,False,False,True,,,,,,,,,,,,,,,False,False,19.342,,88.1,,75.7,,88.1,,1675,52,11,17,7,144838.1,19311.74,,Idle,,20,,10,,,20,Go Home,False,False,False,False,False,False,False,False,False,False,False,False,33.8027920380556,-117.4659261431046,1186.4,2972.0,1049.4,396.9,True,1,1,False,False,False,False,,True,False,False,Course Lock,196.8,67,16.4,93,E,S,10.06,10.06,Calm,False,False,Android,7.0.2,M300 RTK,1ZN7L4R0H1D00F,1W9DL31001461C,1ZMLH8300204F0,1Z6PH74DAP0QN7,"Corona, CA",728.3,5.7,137.7,8.547347,2.013246,0,0,DJI Matrice 300 RTK,M300 RTK,1ZN7L4R0H1D00F,1W9DL31001461C,1ZMLH8300204F0,1Z6PH74DAP0QN7,DJI Pilot,Android,7.0.2,1EF72A62-B7C3-C88D-164E-CE6F8C8424AE,1ZN7L4R0H1D00F,1W9DL31001461C,,1ZMLH8300204F0,1W9DL31001461C,,,,,
2023-11-01,11:27:34.06 AM,3m 11.7s,191.7,33.801337548098,-117.4694289004892,116.7,116.7,21.3,1381,1365.9,5.236542,6.085134,1.789552,2.23694,-4.921268,1.342164,-0.447388,0,2.7,0.7,2.7,-69.1,290.9,290.8,Tripod,Other,,22,5,True,,True,False,,Smart,RC,False,True,False,,,True,,False,False,False,False,False,False,False,False,False,False,0,Follow Yaw,-77.9,0,-77.2,282.8,False,False,False,False,False,,0,0,False,False,No Card,100,100,1024,1331,1302,1024,2,False,False,False,False,False,0,False,True,False,False,90,,47.472,,4487,,4986,,47.472,,True,3.96,3.96,3.96,3.96,3.96,3.96,3.96,3.96,3.96,3.96,3.96,3.96,0,,False,False,True,,,,,,,,,,,,,,,False,False,9.482,,87.4,,75.7,,88.1,,1675,52,11,17,7,144838.1,19311.74,,Idle,,20,,10,,,20,Go Home,False,False,False,False,False,False,False,False,False,False,False,False,33.8027920380556,-117.4659261431046,1187.0,2972.0,1049.4,396.9,True,1,1,False,False,False,False,,True,False,False,Course Lock,196.8,67,16.4,93,E,S,10.06,10.06,Calm,False,False,Android,7.0.2,M300 RTK,1ZN7L4R0H1D00F,1W9DL31001461C,1ZMLH8300204F0,1Z6PH74DAP0QN7,"Corona, CA",728.3,5.7,137.7,8.547347,2.013246,0,0,DJI Matrice 300 RTK,M300 RTK,1ZN7L4R0H1D00F,1W9DL31001461C,1ZMLH8300204F0,1Z6PH74DAP0QN7,DJI Pilot,Android,7.0.2,1EF72A62-B7C3-C88D-164E-CE6F8C8424AE,1ZN7L4R0H1D00F,1W9DL31001461C,,1ZMLH8300204F0,1W9DL31001461C,,,,,
2023-11-01,11:27:34.17 AM,3m 11.8s,191.8,33.8013382937294,-117.4694313388493,116.7,116.7,21.3,1381,1366.7,5.236542,6.085134,1.789552,2.23694,-4.921268,1.342164,-0.447388,0,2.7,0.6,2.7,-69,291,290.2,Tripod,Other,,22,5,True,,True,False,,Smart,RC,False,True,False,,,True,,False,False,False,False,False,False,False,False,False,False,0,Follow Yaw,-77.9,0,-77.2,282.8,False,False,False,False,False,,0,0,False,False,No Card,100,100,1024,1292,1301,1024,2,False,False,False,False,False,0,False,False,False,False,90,,47.472,,4487,,4986,,47.472,,True,3.96,3.96,3.96,3.96,3.96,3.96,3.96,3.96,3.96,3.96,3.96,3.96,0,,False,False,True,,,,,,,,,,,,,,,False,False,9.482,,87.4,,75.7,,88.1,,1675,52,11,17,7,144838.1,19311.74,,Idle,,20,,10,,,20,Go Home,False,False,False,False,False,False,False,False,False,False,False,False,33.8027920380556,-117.4659261431046,1187.5,2972.0,1049.4,396.9,True,1,1,False,False,False,False,,True,False,False,Course Lock,196.8,67,16.4,93,E,S,10.06,10.06,Calm,False,False,Android,7.0.2,M300 RTK,1ZN7L4R0H1D00F,1W9DL31001461C,1ZMLH8300204F0,1Z6PH74DAP0QN7,"Corona, CA",728.3,5.7,137.7,8.547347,2.013246,0,0,DJI Matrice 300 RTK,M300 RTK,1ZN7L4R0H1D00F,1W9DL31001461C,1ZMLH8300204F0,1Z6PH74DAP0QN7,DJI Pilot,Android,7.0.2,1EF72A62-B7C3-C88D-164E-CE6F8C8424AE,1ZN7L4R0H1D00F,1W9DL31001461C,,1ZMLH8300204F0,1W9DL31001461C,,,,,
2023-11-01,11:27:34.27 AM,3m 11.9s,191.9,33.8013390459399,-117.4694339315861,116.7,116.7,21.3,1381,1367.6,5.236542,6.085134,1.789552,2.23694,-4.921268,1.342164,-0.447388,0,2.6,0.6,2.6,-69,291,289.2,Tripod,Other,,22,5,True,,True,False,,Smart,RC,False,True,False,,,True,,False,False,False,False,False,False,False,False,False,False,0,Follow Yaw,-77.9,0,-77.2,282.8,False,False,False,False,False,,0,0,False,False,No Card,100,100,1024,1283,1297,1024,2,False,False,False,False,False,0,False,False,False,False,90,,47.472,,4487,,4986,,47.472,,True,3.96,3.96,3.96,3.96,3.96,3.96,3.96,3.96,3.96,3.96,3.96,3.96,0,,False,False,True,,,,,,,,,,,,,,,False,False,9.482,,87.4,,75.7,,88.1,,1675,52,11,17,7,144838.1,19311.74,,Idle,,20,,10,,,20,Go Home,False,False,False,False,False,False,False,False,False,False,False,False,33.8027920380556,-117.4659261431046,1188.1,2972.0,1049.4,396.9,True,1,1,False,False,False,False,,True,False,False,Course Lock,196.8,67,16.4,93,E,S,10.06,10.06,Calm,False,False,Android,7.0.2,M300 RTK,1ZN7L4R0H1D00F,1W9DL31001461C,1ZMLH8300204F0,1Z6PH74DAP0QN7,"Corona, CA",728.3,5.7,137.7,8.547347,2.013246,0,0,DJI Matrice 300 RTK,M300 RTK,1ZN7L4R0H1D00F,1W9DL31001461C,1ZMLH8300204F0,1Z6PH74DAP0QN7,DJI Pilot,Android,7.0.2,1EF72A62-B7C3-C88D-164E-CE6F8C8424AE,1ZN7L4R0H1D00F,1W9DL31001461C,,1ZMLH8300204F0,1W9DL31001461C,,,,,
2023-11-01,11:27:34.38 AM,3m 12.0s,192.0,33.8013397860886,-117.4694363788526,117.1,117.1,21.3,1381,1368.4,5.236542,6.085134,1.789552,2.23694,-4.921268,1.342164,-0.447388,0,2.6,0.8,2.7,-69,291,289.9,Tripod,Other,,23,5,True,,True,False,,Smart,RC,False,True,False,,,True,,False,False,False,False,False,False,False,False,False,False,0,Follow Yaw,-77.9,0,-77.2,282.8,False,False,False,False,False,,0,0,False,False,No Card,100,100,1024,1281,1296,1024,2,False,False,False,False,False,0,False,False,False,False,89,,47.472,,8988,,10044,,47.472,,True,3.96,3.96,3.96,3.96,3.96,3.96,3.96,3.96,3.96,3.96,3.96,3.96,0,,False,False,True,,,,,,,,,,,,,,,False,False,19.288,,88.3,,75.7,,88.3,,1675,52,11,17,7,144838.1,19311.74,,Idle,,20,,10,,,20,Go Home,False,False,False,False,False,False,False,False,False,False,False,False,33.8027920380556,-117.4659261431046,1188.7,2972.0,1049.4,396.9,True,1,1,False,False,False,False,,True,False,False,Course Lock,196.8,67,16.4,93,E,S,10.06,10.06,Calm,False,False,Android,7.0.2,M300 RTK,1ZN7L4R0H1D00F,1W9DL31001461C,1ZMLH8300204F0,1Z6PH74DAP0QN7,"Corona, CA",728.3,5.7,137.7,8.547347,2.013246,0,0,DJI Matrice 300 RTK,M300 RTK,1ZN7L4R0H1D00F,1W9DL31001461C,1ZMLH8300204F0,1Z6PH74DAP0QN7,DJI Pilot,Android,7.0.2,1EF72A62-B7C3-C88D-164E-CE6F8C8424AE,1ZN7L4R0H1D00F,1W9DL31001461C,,1ZMLH8300204F0,1W9DL31001461C,,,,,
2023-11-01,11:27:34.44 AM,3m 12.1s,192.1,33.8013405520056,-117.4694386562386,117.1,117.1,21.3,1381,1369.1,5.236542,6.085134,1.789552,2.23694,-4.921268,1.342164,-0.447388,0,2.8,1,2.9,-69.1,290.9,292.0,Tripod,Other,,23,5,True,,True,False,,Smart,RC,False,True,False,,,True,,False,False,False,False,False,False,False,False,False,False,0,Follow Yaw,-77.9,0,-77.2,282.8,False,False,False,False,False,,0,0,False,False,No Card,100,100,1024,1283,1293,1024,2,False,False,False,False,False,0,False,False,False,False,89,,47.472,,8988,,10044,,47.472,,True,3.96,3.96,3.96,3.96,3.96,3.96,3.96,3.96,3.96,3.96,3.96,3.96,0,,False,False,True,,,,,,,,,,,,,,,False,False,19.288,,88.3,,75.7,,88.3,,1675,52,11,17,7,144838.1,19311.74,,Idle,,20,,10,,,20,Go Home,False,False,False,False,False,False,False,False,False,False,False,False,33.8027920380556,-117.4659261431046,1189.2,2972.0,1049.4,396.9,True,1,1,False,False,False,False,,True,False,False,Course Lock,196.8,67,16.4,93,E,S,10.06,10.06,Calm,False,False,Android,7.0.2,M300 RTK,1ZN7L4R0H1D00F,1W9DL31001461C,1ZMLH8300204F0,1Z6PH74DAP0QN7,"Corona, CA",728.3,5.7,137.7,8.547347,2.013246,0,0,DJI Matrice 300 RTK,M300 RTK,1ZN7L4R0H1D00F,1W9DL31001461C,1ZMLH8300204F0,1Z6PH74DAP0QN7,DJI Pilot,Android,7.0.2,1EF72A62-B7C3-C88D-164E-CE6F8C8424AE,1ZN7L4R0H1D00F,1W9DL31001461C,,1ZMLH8300204F0,1W9DL31001461C,,,,,
2023-11-01,11:27:34.54 AM,3m 12.2s,192.2,33.8013412937991,-117.4694410853625,117.1,117.1,21.3,1381,1369.9,5.236542,6.085134,1.789552,2.23694,-4.921268,1.342164,-0.447388,0,3.1,1.1,3.2,-69.1,290.9,290.1,Tripod,Other,,23,5,True,,True,False,,Smart,RC,False,True,False,,,True,,False,False,False,False,False,False,False,False,False,False,0,Follow Yaw,-77.9,0,-77.2,282.8,False,False,False,False,False,,0,0,False,False,No Card,100,100,1024,1283,1291,1024,2,False,False,False,False,False,0,False,False,False,False,89,,47.472,,8988,,10044,,47.472,,True,3.96,3.96,3.96,3.96,3.96,3.96,3.96,3.96,3.96,3.96,3.96,3.96,0,,False,False,True,,,,,,,,,,,,,,,False,False,19.288,,88.3,,75.7,,88.3,,1675,52,11,17,7,144838.1,19311.74,,Idle,,20,,10,,,20,Go Home,False,False,False,False,False,False,False,False,False,False,False,False,33.8027920380556,-117.4659261431046,1189.7,2972.0,1049.4,396.9,True,1,1,False,False,False,False,,True,False,False,Course Lock,196.8,67,16.4,93,E,S,10.06,10.06,Calm,False,False,Android,7.0.2,M300 RTK,1ZN7L4R0H1D00F,1W9DL31001461C,1ZMLH8300204F0,1Z6PH74DAP0QN7,"Corona, CA",728.3,5.7,137.7,8.547347,2.013246,0,0,DJI Matrice 300 RTK,M300 RTK,1ZN7L4R0H1D00F,1W9DL31001461C,1ZMLH8300204F0,1Z6PH74DAP0QN7,DJI Pilot,Android,7.0.2,1EF72A62-B7C3-C88D-164E-CE6F8C8424AE,1ZN7L4R0H1D00F,1W9DL31001461C,,1ZMLH8300204F0,1W9DL31001461C,,,,,
2023-11-01,11:27:34.64 AM,3m 12.3s,192.3,33.8013420580713,-117.4694435415352,117.1,117.1,21.3,1381,1370.7,5.236542,6.085134,1.789552,2.23694,-4.921268,1.342164,-0.447388,0,3.3,1.2,3.5,-69.1,290.9,290.5,Tripod,Other,,23,5,True,,True,False,,Smart,RC,False,True,False,,,True,,False,False,False,False,False,False,False,False,False,False,0,Follow Yaw,-77.9,0,-77.2,282.8,False,False,False,False,False,,0,0,False,False,No Card,100,100,1024,1288,1287,1024,2,False,False,False,False,False,0,False,False,False,False,89,,47.472,,8988,,10044,,47.472,,True,3.961,3.961,3.961,3.961,3.961,3.961,3.961,3.961,3.961,3.961,3.961,3.961,0,,False,False,True,,,,,,,,,,,,,,,False,False,19.288,,88.3,,75.7,,88.3,,1675,52,11,17,7,144705.5,19294.07,,Idle,,20,,10,,,20,Go Home,False,False,False,False,False,False,False,False,False,False,False,False,33.8027920380556,-117.4659261431046,1190.2,2972.0,1049.4,396.9,True,1,1,False,False,False,False,,True,False,False,Course Lock,196.8,67,16.4,93,E,S,10.06,10.06,Calm,False,False,Android,7.0.2,M300 RTK,1ZN7L4R0H1D00F,1W9DL31001461C,1ZMLH8300204F0,1Z6PH74DAP0QN7,"Corona, CA",728.3,5.7,137.7,8.547347,2.013246,0,0,DJI Matrice 300 RTK,M300 RTK,1ZN7L4R0H1D00F,1W9DL31001461C,1ZMLH8300204F0,1Z6PH74DAP0QN7,DJI Pilot,Android,7.0.2,1EF72A62-B7C3-C88D-164E-CE6F8C8424AE,1ZN7L4R0H1D00F,1W9DL31001461C,,1ZMLH8300204F0,1W9DL31001461C,,,,,
2023-11-01,11:27:34.74 AM,3m 12.4s,192.4,33.8013428037027,-117.4694459472387,117.4,117.4,21.3,1381,1371.5,5.236542,6.085134,1.789552,2.23694,-4.921268,1.342164,-0.447388,0,3.4,1.2,3.6,-69.1,290.9,290.4,Tripod,Other,,23,5,True,,True,False,,Smart,RC,False,True,False,,,True,,False,False,False,False,False,False,False,False,False,False,0,Follow Yaw,-77.9,0,-77.2,282.8,False,False,False,False,False,,0,0,False,False,No Card,100,100,1024,1290,1287,1024,2,False,False,False,False,False,0,False,False,False,False,89,,47.472,,8988,,10044,,47.472,,True,3.961,3.961,3.961,3.961,3.961,3.961,3.961,3.961,3.961,3.961,3.961,3.961,0,,False,False,True,,,,,,,,,,,,,,,False,False,19.288,,88.3,,75.7,,88.3,,1675,52,11,17,7,144705.5,19294.07,,Idle,,20,,10,,,20,Go Home,False,False,False,False,False,False,False,False,False,False,False,False,33.8027920380556,-117.4659261431046,1190.8,2972.0,1049.4,396.9,True,1,1,False,False,False,False,,True,False,False,Course Lock,196.8,67,16.4,93,E,S,10.06,10.06,Calm,False,False,Android,7.0.2,M300 RTK,1ZN7L4R0H1D00F,1W9DL31001461C,1ZMLH8300204F0,1Z6PH74DAP0QN7,"Corona, CA",728.3,5.7,137.7,8.547347,2.013246,0,0,DJI Matrice 300 RTK,M300 RTK,1ZN7L4R0H1D00F,1W9DL31001461C,1ZMLH8300204F0,1Z6PH74DAP0QN7,DJI Pilot,Android,7.0.2,1EF72A62-B7C3-C88D-164E-CE6F8C8424AE,1ZN7L4R0H1D00F,1W9DL31001461C,,1ZMLH8300204F0,1W9DL31001461C,,,,,
2023-11-01,11:27:34.84 AM,3m 12.5s,192.5,33.8013435690713,-117.4694485310691,117.4,117.4,21.3,1381,1372.3,5.026897,6.085134,1.789552,2.23694,-4.697574,1.342164,-0.447388,0,3.4,1.1,3.5,-69.1,290.9,289.6,Tripod,Other,,23,5,True,,True,False,,Smart,RC,False,True,False,,,True,,False,False,False,False,False,False,False,False,False,False,0,Follow Yaw,-77.9,0,-77.2,282.8,False,False,False,False,False,,0,0,False,False,No Card,100,100,1024,1290,1287,1024,2,False,False,False,False,False,0,False,False,False,False,89,,47.472,,8988,,10044,,47.472,,True,3.961,3.961,3.961,3.961,3.961,3.961,3.961,3.961,3.961,3.961,3.961,3.961,0,,False,False,True,,,,,,,,,,,,,,,False,False,19.288,,88.3,,75.7,,88.3,,1675,52,11,17,7,144705.5,19294.07,,Idle,,20,,10,,,20,Go Home,False,False,False,False,False,False,False,False,False,False,False,False,33.8027920380556,-117.4659261431046,1191.3,2972.0,1049.4,396.9,True,1,1,False,False,False,False,,True,False,False,Course Lock,196.8,67,16.4,93,E,S,10.06,10.06,Calm,False,False,Android,7.0.2,M300 RTK,1ZN7L4R0H1D00F,1W9DL31001461C,1ZMLH8300204F0,1Z6PH74DAP0QN7,"Corona, CA",728.3,5.7,137.7,8.547347,2.013246,0,0,DJI Matrice 300 RTK,M300 RTK,1ZN7L4R0H1D00F,1W9DL31001461C,1ZMLH8300204F0,1Z6PH74DAP0QN7,DJI Pilot,Android,7.0.2,1EF72A62-B7C3-C88D-164E-CE6F8C8424AE,1ZN7L4R0H1D00F,1W9DL31001461C,,1ZMLH8300204F0,1W9DL31001461C,,,,,
2023-11-01,11:27:34.94 AM,3m 12.6s,192.6,33.8013443256679,-117.4694509202794,117.4,117.4,21.3,1381,1373.1,5.026897,6.085134,1.789552,2.23694,-4.697574,1.342164,-0.447388,0,3.3,0.9,3.4,-69.1,290.9,290.8,Tripod,Other,,23,5,True,,True,False,,Smart,RC,False,True,False,,,True,,False,False,False,False,False,False,False,False,False,False,0,Follow Yaw,-77.9,0,-77.2,282.8,False,False,False,False,False,,0,0,False,False,No Card,100,100,1024,1291,1287,1024,2,False,False,False,False,False,0,False,False,False,False,89,,47.472,,8988,,10044,,47.472,,True,3.961,3.961,3.961,3.961,3.961,3.961,3.961,3.961,3.961,3.961,3.961,3.961,0,,False,False,True,,,,,,,,,,,,,,,False,False,19.288,,88.3,,75.7,,88.3,,1675,52,11,17,7,144705.5,19294.07,,Idle,,20,,10,,,20,Go Home,False,False,False,False,False,False,False,False,False,False,False,False,33.8027920380556,-117.4659261431046,1191.9,2972.0,1049.4,396.9,True,1,1,False,False,False,False,,True,False,False,Course Lock,196.8,67,16.4,93,E,S,10.06,10.06,Calm,False,False,Android,7.0.2,M300 RTK,1ZN7L4R0H1D00F,1W9DL31001461C,1ZMLH8300204F0,1Z6PH74DAP0QN7,"Corona, CA",728.3,5.7,137.7,8.547347,2.013246,0,0,DJI Matrice 300 RTK,M300 RTK,1ZN7L4R0H1D00F,1W9DL31001461C,1ZMLH8300204F0,1Z6PH74DAP0QN7,DJI Pilot,Android,7.0.2,1EF72A62-B7C3-C88D-164E-CE6F8C8424AE,1ZN7L4R0H1D00F,1W9DL31001461C,,1ZMLH8300204F0,1W9DL31001461C,,,,,
2023-11-01,11:27:35.04 AM,3m 12.7s,192.7,33.8013450449828,-117.4694531105812,117.4,117.4,21.3,1381,1373.8,5.026897,6.085134,1.789552,2.23694,-4.697574,1.342164,-0.447388,0,3.1,0.8,3.2,-69.2,290.8,291.5,Tripod,Other,,23,5,True,,True,False,,Smart,RC,False,True,False,,,True,,False,False,False,False,False,False,False,False,False,False,0,Follow Yaw,-77.9,0,-77.2,282.8,False,False,False,False,False,,0,0,False,False,No Card,100,100,1024,1293,1289,1024,2,False,False,False,False,False,0,False,False,False,False,89,,47.472,,8988,,10044,,47.472,,True,3.961,3.961,3.961,3.961,3.961,3.961,3.961,3.961,3.961,3.961,3.961,3.961,0,,False,False,True,,,,,,,,,,,,,,,False,False,19.288,,88.3,,75.7,,88.3,,1675,52,11,17,7,144705.5,19294.07,,Idle,,20,,10,,,20,Go Home,False,False,False,False,False,False,False,False,False,False,False,False,33.8027920380556,-117.4659261431046,1192.4,2972.0,1049.4,396.9,True,1,1,False,False,False,False,,True,False,False,Course Lock,196.8,67,16.4,93,E,S,10.06,10.06,Calm,False,False,Android,7.0.2,M300 RTK,1ZN7L4R0H1D00F,1W9DL31001461C,1ZMLH8300204F0,1Z6PH74DAP0QN7,"Corona, CA",728.3,5.7,137.7,8.547347,2.013246,0,0,DJI Matrice 300 RTK,M300 RTK,1ZN7L4R0H1D00F,1W9DL31001461C,1ZMLH8300204F0,1Z6PH74DAP0QN7,DJI Pilot,Android,7.0.2,1EF72A62-B7C3-C88D-164E-CE6F8C8424AE,1ZN7L4R0H1D00F,1W9DL31001461C,,1ZMLH8300204F0,1W9DL31001461C,,,,,
2023-11-01,11:27:35.14 AM,3m 12.8s,192.8,33.8013458015794,-117.469455456909,117.7,117.7,21.3,1382,1374.5,5.026897,6.085134,1.789552,2.23694,-4.697574,1.342164,-0.447388,0,3,0.7,3,-69.2,290.8,291.2,Tripod,Other,,23,5,True,,True,False,,Smart,RC,False,True,False,,,True,,False,False,False,False,False,False,False,False,False,False,0,Follow Yaw,-77.9,0,-77.2,282.8,False,False,False,False,False,,0,0,False,False,No Card,100,100,1024,1292,1289,1024,2,False,False,False,False,False,0,False,False,False,False,89,,47.472,,8988,,10044,,47.472,,True,3.961,3.961,3.961,3.961,3.961,3.961,3.961,3.961,3.961,3.961,3.961,3.961,0,,False,False,True,,,,,,,,,,,,,,,False,False,19.288,,88.3,,75.7,,88.3,,1675,52,11,17,7,144705.5,19294.07,,Idle,,20,,10,,,20,Go Home,False,False,False,False,False,False,False,False,False,False,False,False,33.8027920380556,-117.4659261431046,1192.9,2972.0,1049.4,396.9,True,1,1,False,False,False,False,,True,False,False,Course Lock,196.8,67,16.4,93,E,S,10.06,10.06,Calm,False,False,Android,7.0.2,M300 RTK,1ZN7L4R0H1D00F,1W9DL31001461C,1ZMLH8300204F0,1Z6PH74DAP0QN7,"Corona, CA",728.3,5.7,137.7,8.547347,2.013246,0,0,DJI Matrice 300 RTK,M300 RTK,1ZN7L4R0H1D00F,1W9DL31001461C,1ZMLH8300204F0,1Z6PH74DAP0QN7,DJI Pilot,Android,7.0.2,1EF72A62-B7C3-C88D-164E-CE6F8C8424AE,1ZN7L4R0H1D00F,1W9DL31001461C,,1ZMLH8300204F0,1W9DL31001461C,,,,,
2023-11-01,11:27:35.20 AM,3m 12.9s,192.9,33.801346450169,-117.4694579816936,117.7,117.7,21.3,1382,1375.3,5.026897,6.085134,1.789552,2.23694,-4.697574,1.342164,-0.447388,0,2.9,0.7,2.9,-69.2,290.8,287.1,Tripod,Other,,23,5,True,,True,False,,Smart,RC,False,True,False,,,True,,False,False,False,False,False,False,False,False,False,False,0,Follow Yaw,-77.9,0,-77.2,282.8,False,False,False,False,False,,0,0,False,False,No Card,100,100,1024,1291,1286,1024,2,False,False,False,False,False,0,False,False,False,False,89,,47.472,,8988,,10044,,47.472,,True,3.961,3.961,3.961,3.961,3.961,3.961,3.961,3.961,3.961,3.961,3.961,3.961,0,,False,False,True,,,,,,,,,,,,,,,False,False,19.288,,88.3,,75.7,,88.3,,1675,52,11,17,7,144705.5,19294.07,,Idle,,20,,10,,,20,Go Home,False,False,False,False,False,False,False,False,False,False,False,False,33.8027920380556,-117.4659261431046,1193.4,2972.0,1049.4,396.9,True,1,1,False,False,False,False,,True,False,False,Course Lock,196.8,67,16.4,93,E,S,10.06,10.06,Calm,False,False,Android,7.0.2,M300 RTK,1ZN7L4R0H1D00F,1W9DL31001461C,1ZMLH8300204F0,1Z6PH74DAP0QN7,"Corona, CA",728.3,5.7,137.7,8.547347,2.013246,0,0,DJI Matrice 300 RTK,M300 RTK,1ZN7L4R0H1D00F,1W9DL31001461C,1ZMLH8300204F0,1Z6PH74DAP0QN7,DJI Pilot,Android,7.0.2,1EF72A62-B7C3-C88D-164E-CE6F8C8424AE,1ZN7L4R0H1D00F,1W9DL31001461C,,1ZMLH8300204F0,1W9DL31001461C,,,,,
2023-11-01,11:27:35.34 AM,3m 13.0s,193.0,33.8013471958004,-117.4694603286812,117.7,117.7,21.3,1382,1376.1,5.026897,6.085134,1.789552,2.23694,-4.697574,1.342164,-0.447388,0,2.9,0.8,3,-69.2,290.8,290.9,Tripod,Other,,23,5,True,,True,False,,Smart,RC,False,True,False,,,True,,False,False,False,False,False,False,False,False,False,False,0,Follow Yaw,-77.9,0,-77.2,282.8,False,False,False,False,False,,0,0,False,False,No Card,100,100,1024,1291,1286,1024,2,False,False,False,False,False,0,False,False,False,False,89,,47.496,,8988,,10044,,47.496,,True,3.961,3.961,3.961,3.961,3.961,3.961,3.961,3.961,3.961,3.961,3.961,3.961,0,,False,False,True,,,,,,,,,,,,,,,False,False,19.252,,88.3,,75.7,,88.3,,1675,52,11,17,7,144705.5,19294.07,,Idle,,20,,10,,,20,Go Home,False,False,False,False,False,False,False,False,False,False,False,False,33.8027920380556,-117.4659261431046,1194.0,2972.0,1049.4,396.9,True,1,1,False,False,False,False,,True,False,False,Course Lock,196.8,67,16.4,93,E,S,10.06,10.06,Calm,False,False,Android,7.0.2,M300 RTK,1ZN7L4R0H1D00F,1W9DL31001461C,1ZMLH8300204F0,1Z6PH74DAP0QN7,"Corona, CA",728.3,5.7,137.7,8.547347,2.013246,0,0,DJI Matrice 300 RTK,M300 RTK,1ZN7L4R0H1D00F,1W9DL31001461C,1ZMLH8300204F0,1Z6PH74DAP0QN7,DJI Pilot,Android,7.0.2,1EF72A62-B7C3-C88D-164E-CE6F8C8424AE,1ZN7L4R0H1D00F,1W9DL31001461C,,1ZMLH8300204F0,1W9DL31001461C,,,,,
2023-11-01,11:27:35.41 AM,3m 13.1s,193.1,33.8013479469143,-117.4694627271276,117.7,117.7,21.3,1382,1376.9,5.026897,6.085134,1.789552,2.23694,-4.697574,1.342164,-0.447388,0,3,0.7,3,-69.2,290.8,290.6,Tripod,Other,,23,5,True,,True,False,,Smart,RC,False,True,False,,,True,,False,False,False,False,False,False,False,False,False,False,0,Follow Yaw,-77.9,0,-77.2,282.8,False,False,False,False,False,,0,0,False,False,No Card,100,100,1024,1291,1286,1024,2,False,False,False,False,False,0,False,False,False,False,89,,47.496,,8988,,10044,,47.496,,True,3.961,3.961,3.961,3.961,3.961,3.961,3.961,3.961,3.961,3.961,3.961,3.961,0,,False,False,True,,,,,,,,,,,,,,,False,False,19.252,,88.3,,75.7,,88.3,,1675,52,11,17,7,144705.5,19294.07,,Idle,,20,,10,,,20,Go Home,False,False,False,False,False,False,False,False,False,False,False,False,33.8027920380556,-117.4659261431046,1194.5,2972.0,1049.4,396.9,True,1,1,False,False,False,False,,True,False,False,Course Lock,196.8,67,16.4,93,E,S,10.06,10.06,Calm,False,False,Android,7.0.2,M300 RTK,1ZN7L4R0H1D00F,1W9DL31001461C,1ZMLH8300204F0,1Z6PH74DAP0QN7,"Corona, CA",728.3,5.7,137.7,8.547347,2.013246,0,0,DJI Matrice 300 RTK,M300 RTK,1ZN7L4R0H1D00F,1W9DL31001461C,1ZMLH8300204F0,1Z6PH74DAP0QN7,DJI Pilot,Android,7.0.2,1EF72A62-B7C3-C88D-164E-CE6F8C8424AE,1ZN7L4R0H1D00F,1W9DL31001461C,,1ZMLH8300204F0,1W9DL31001461C,,,,,
2023-11-01,11:27:35.54 AM,3m 13.2s,193.2,33.8013486925457,-117.4694650628997,118.1,118.1,21.3,1382,1377.6,5.026897,6.085134,1.789552,2.23694,-4.697574,1.342164,-0.447388,0,3.1,0.7,3.1,-69.2,290.8,291.0,Tripod,Other,,23,5,True,,True,False,,Smart,RC,False,True,False,,,True,,False,False,False,False,False,False,False,False,False,False,0,Follow Yaw,-77.9,0,-77.2,282.8,False,False,False,False,False,,0,0,False,False,No Card,100,100,1024,1291,1286,1024,2,False,False,False,False,False,0,False,False,False,False,89,,47.496,,8988,,10044,,47.496,,True,3.961,3.961,3.961,3.961,3.961,3.961,3.961,3.961,3.961,3.961,3.961,3.961,0,,False,False,True,,,,,,,,,,,,,,,False,False,19.252,,88.3,,75.7,,88.3,,1675,52,11,17,7,144705.5,19294.07,,Idle,,20,,10,,,20,Go Home,False,False,False,False,False,False,False,False,False,False,False,False,33.8027920380556,-117.4659261431046,1195.0,2972.0,1049.4,396.9,True,1,1,False,False,False,False,,True,False,False,Course Lock,196.8,67,16.4,93,E,S,10.06,10.06,Calm,False,False,Android,7.0.2,M300 RTK,1ZN7L4R0H1D00F,1W9DL31001461C,1ZMLH8300204F0,1Z6PH74DAP0QN7,"Corona, CA",728.3,5.7,137.7,8.547347,2.013246,0,0,DJI Matrice 300 RTK,M300 RTK,1ZN7L4R0H1D00F,1W9DL31001461C,1ZMLH8300204F0,1Z6PH74DAP0QN7,DJI Pilot,Android,7.0.2,1EF72A62-B7C3-C88D-164E-CE6F8C8424AE,1ZN7L4R0H1D00F,1W9DL31001461C,,1ZMLH8300204F0,1W9DL31001461C,,,,,
2023-11-01,11:27:35.64 AM,3m 13.3s,193.3,33.8013494442079,-117.4694675052182,118.1,118.1,21.3,1382,1378.4,5.026897,6.085134,1.789552,2.23694,-4.697574,1.342164,-0.447388,0,3.2,0.6,3.2,-69.1,290.9,290.3,Tripod,Other,,23,5,True,,True,False,,Smart,RC,False,True,False,,,True,,False,False,False,False,False,False,False,False,False,False,0,Follow Yaw,-77.9,0,-77.2,282.8,False,False,False,False,False,,0,0,False,False,No Card,100,100,1024,1292,1285,1024,2,False,False,False,False,False,0,False,False,False,False,89,,47.496,,8988,,10044,,47.496,,True,3.955,3.955,3.955,3.955,3.955,3.955,3.955,3.955,3.955,3.955,3.955,3.955,0,,False,False,True,,,,,,,,,,,,,,,False,False,19.252,,88.3,,75.7,,88.3,,1675,52,12,17,7,144619.6,19282.61,,Idle,,20,,10,,,20,Go Home,False,False,False,False,False,False,False,False,False,False,False,False,33.8027920380556,-117.4659261431046,1195.6,2972.0,1049.4,396.9,True,1,1,False,False,False,False,,True,False,False,Course Lock,196.8,67,16.4,93,E,S,10.06,10.06,Calm,False,False,Android,7.0.2,M300 RTK,1ZN7L4R0H1D00F,1W9DL31001461C,1ZMLH8300204F0,1Z6PH74DAP0QN7,"Corona, CA",728.3,5.7,137.7,8.547347,2.013246,0,0,DJI Matrice 300 RTK,M300 RTK,1ZN7L4R0H1D00F,1W9DL31001461C,1ZMLH8300204F0,1Z6PH74DAP0QN7,DJI Pilot,Android,7.0.2,1EF72A62-B7C3-C88D-164E-CE6F8C8424AE,1ZN7L4R0H1D00F,1W9DL31001461C,,1ZMLH8300204F0,1W9DL31001461C,,,,,
2023-11-01,11:27:35.74 AM,3m 13.4s,193.4,33.801350189291,-117.4694698301048,118.1,118.1,21.3,1382,1379.2,5.026897,6.085134,1.789552,2.23694,-4.697574,1.342164,-0.447388,0,3.2,0.6,3.2,-69,291,291.0,Tripod,Other,,22,5,True,,True,False,,Smart,RC,False,True,False,,,True,,False,False,False,False,False,False,False,False,False,False,0,Follow Yaw,-77.9,0,-77.2,282.8,False,False,False,False,False,,0,0,False,False,No Card,100,100,1024,1296,1284,1024,2,False,False,False,False,False,0,False,False,False,False,89,,47.496,,8988,,10044,,47.496,,True,3.955,3.955,3.955,3.955,3.955,3.955,3.955,3.955,3.955,3.955,3.955,3.955,0,,False,False,True,,,,,,,,,,,,,,,False,False,19.252,,88.3,,75.7,,88.3,,1675,52,12,17,7,144619.6,19282.61,,Idle,,20,,10,,,20,Go Home,False,False,False,False,False,False,False,False,False,False,False,False,33.8027920380556,-117.4659261431046,1196.1,2972.0,1049.4,396.9,True,1,1,False,False,False,False,,True,False,False,Course Lock,196.8,67,16.4,93,E,S,10.06,10.06,Calm,False,False,Android,7.0.2,M300 RTK,1ZN7L4R0H1D00F,1W9DL31001461C,1ZMLH8300204F0,1Z6PH74DAP0QN7,"Corona, CA",728.3,5.7,137.7,8.547347,2.013246,0,0,DJI Matrice 300 RTK,M300 RTK,1ZN7L4R0H1D00F,1W9DL31001461C,1ZMLH8300204F0,1Z6PH74DAP0QN7,DJI Pilot,Android,7.0.2,1EF72A62-B7C3-C88D-164E-CE6F8C8424AE,1ZN7L4R0H1D00F,1W9DL31001461C,,1ZMLH8300204F0,1W9DL31001461C,,,,,
2023-11-01,11:27:35.84 AM,3m 13.5s,193.5,33.8013507984061,-117.469472278031,118.1,118.1,21.6,1382,1380.0,5.026897,6.085134,1.789552,2.23694,-4.697574,1.342164,-0.447388,0,3.1,0.6,3.1,-69,291,286.6,Tripod,Other,,22,5,True,,True,False,,Smart,RC,False,True,False,,,True,,False,False,False,False,False,False,False,False,False,False,0,Follow Yaw,-77.9,0,-77.2,282.8,False,False,False,False,False,,0,0,False,False,No Card,100,100,1024,1319,1284,1024,2,False,False,False,False,False,0,False,False,False,False,89,,47.496,,8988,,10044,,47.496,,True,3.955,3.955,3.955,3.955,3.955,3.955,3.955,3.955,3.955,3.955,3.955,3.955,0,,False,False,True,,,,,,,,,,,,,,,False,False,19.252,,88.3,,75.7,,88.3,,1675,52,12,17,7,144619.6,19282.61,,Idle,,20,,10,,,20,Go Home,False,False,False,False,False,False,False,False,False,False,False,False,33.8027920380556,-117.4659261431046,1196.6,2972.0,1049.4,396.9,True,1,1,False,False,False,False,,True,False,False,Course Lock,196.8,67,16.4,93,E,S,10.06,10.06,Calm,False,False,Android,7.0.2,M300 RTK,1ZN7L4R0H1D00F,1W9DL31001461C,1ZMLH8300204F0,1Z6PH74DAP0QN7,"Corona, CA",728.3,5.7,137.7,8.547347,2.013246,0,0,DJI Matrice 300 RTK,M300 RTK,1ZN7L4R0H1D00F,1W9DL31001461C,1ZMLH8300204F0,1Z6PH74DAP0QN7,DJI Pilot,Android,7.0.2,1EF72A62-B7C3-C88D-164E-CE6F8C8424AE,1ZN7L4R0H1D00F,1W9DL31001461C,,1ZMLH8300204F0,1W9DL31001461C,,,,,
2023-11-01,11:27:35.94 AM,3m 13.6s,193.6,33.8013515237519,-117.4694745930216,118.4,118.4,21.6,1382,1380.7,5.026897,6.085134,1.789552,2.23694,-4.697574,1.342164,-0.447388,0,3.1,0.6,3.1,-68.9,291.1,290.6,Tripod,Other,,22,5,True,,True,False,,Smart,RC,False,True,False,,,True,,False,False,False,False,False,False,False,False,False,False,0,Follow Yaw,-77.9,0,-77.2,282.8,False,False,False,False,False,,0,0,False,False,No Card,100,100,1024,1333,1283,1024,2,False,False,False,False,False,0,False,False,False,False,89,,47.496,,8988,,10044,,47.496,,True,3.955,3.955,3.955,3.955,3.955,3.955,3.955,3.955,3.955,3.955,3.955,3.955,0,,False,False,True,,,,,,,,,,,,,,,False,False,19.252,,88.3,,75.7,,88.3,,1675,52,12,17,7,144619.6,19282.61,,Idle,,20,,10,,,20,Go Home,False,False,False,False,False,False,False,False,False,False,False,False,33.8027920380556,-117.4659261431046,1197.2,2972.0,1049.4,396.9,True,1,1,False,False,False,False,,True,False,False,Course Lock,196.8,67,16.4,93,E,S,10.06,10.06,Calm,False,False,Android,7.0.2,M300 RTK,1ZN7L4R0H1D00F,1W9DL31001461C,1ZMLH8300204F0,1Z6PH74DAP0QN7,"Corona, CA",728.3,5.7,137.7,8.547347,2.013246,0,0,DJI Matrice 300 RTK,M300 RTK,1ZN7L4R0H1D00F,1W9DL31001461C,1ZMLH8300204F0,1Z6PH74DAP0QN7,DJI Pilot,Android,7.0.2,1EF72A62-B7C3-C88D-164E-CE6F8C8424AE,1ZN7L4R0H1D00F,1W9DL31001461C,,1ZMLH8300204F0,1W9DL31001461C,,,,,
2023-11-01,11:27:36.04 AM,3m 13.7s,193.7,33.8013522995375,-117.4694768971268,118.4,118.4,21.6,1382,1381.5,4.818516,6.085134,1.789552,2.23694,-4.47388,1.342164,-0.447388,0,2.9,0.5,2.9,-68.9,291.1,292.0,Tripod,Other,,22,5,True,,True,False,,Smart,RC,False,True,False,,,True,,False,False,False,False,False,False,False,False,False,False,0,Follow Yaw,-77.9,0,-77.2,282.8,False,False,False,False,False,,0,0,False,False,No Card,100,100,1024,1332,1279,1024,2,False,False,False,False,False,0,False,False,False,False,89,,47.496,,8988,,10044,,47.496,,True,3.955,3.955,3.955,3.955,3.955,3.955,3.955,3.955,3.955,3.955,3.955,3.955,0,,False,False,True,,,,,,,,,,,,,,,False,False,19.252,,88.3,,75.7,,88.3,,1675,52,12,17,7,144619.6,19282.61,,Idle,,20,,10,,,20,Go Home,False,False,False,False,False,False,False,False,False,False,False,False,33.8027920380556,-117.4659261431046,1197.7,2972.0,1049.4,396.9,True,1,1,False,False,False,False,,True,False,False,Course Lock,196.8,67,16.4,93,E,S,10.06,10.06,Calm,False,False,Android,7.0.2,M300 RTK,1ZN7L4R0H1D00F,1W9DL31001461C,1ZMLH8300204F0,1Z6PH74DAP0QN7,"Corona, CA",728.3,5.7,137.7,8.547347,2.013246,0,0,DJI Matrice 300 RTK,M300 RTK,1ZN7L4R0H1D00F,1W9DL31001461C,1ZMLH8300204F0,1Z6PH74DAP0QN7,DJI Pilot,Android,7.0.2,1EF72A62-B7C3-C88D-164E-CE6F8C8424AE,1ZN7L4R0H1D00F,1W9DL31001461C,,1ZMLH8300204F0,1W9DL31001461C,,,,,
2023-11-01,11:27:36.13 AM,3m 13.8s,193.8,33.8013530232385,-117.4694791992527,118.4,118.4,21.6,1382,1382.2,4.818516,6.085134,1.789552,2.23694,-4.47388,1.342164,-0.447388,0,2.8,0.6,2.8,-68.9,291.1,290.7,Tripod,Other,,22,5,True,,True,False,,Smart,RC,False,True,False,,,True,,False,False,False,False,False,False,False,False,False,False,0,Follow Yaw,-77.9,0,-77.2,282.8,False,False,False,False,False,,0,0,False,False,No Card,100,100,1024,1320,1264,1024,2,False,False,False,False,False,0,False,False,False,False,89,,47.496,,8988,,10044,,47.496,,True,3.955,3.955,3.955,3.955,3.955,3.955,3.955,3.955,3.955,3.955,3.955,3.955,0,,False,False,True,,,,,,,,,,,,,,,False,False,19.252,,88.3,,75.7,,88.3,,1675,52,12,17,7,144619.6,19282.61,,Idle,,20,,10,,,20,Go Home,False,False,False,False,False,False,False,False,False,False,False,False,33.8027920380556,-117.4659261431046,1198.2,2972.0,1049.4,396.9,True,1,1,False,False,False,False,,True,False,False,Course Lock,196.8,67,16.4,93,E,S,10.06,10.06,Calm,False,False,Android,7.0.2,M300 RTK,1ZN7L4R0H1D00F,1W9DL31001461C,1ZMLH8300204F0,1Z6PH74DAP0QN7,"Corona, CA",728.3,5.7,137.7,8.547347,2.013246,0,0,DJI Matrice 300 RTK,M300 RTK,1ZN7L4R0H1D00F,1W9DL31001461C,1ZMLH8300204F0,1Z6PH74DAP0QN7,DJI Pilot,Android,7.0.2,1EF72A62-B7C3-C88D-164E-CE6F8C8424AE,1ZN7L4R0H1D00F,1W9DL31001461C,,1ZMLH8300204F0,1W9DL31001461C,,,,,
2023-11-01,11:27:36.23 AM,3m 13.9s,193.9,33.8013539651464,-117.4694815666918,118.4,118.4,21.6,1382,1383.0,4.73999,6.085134,1.565858,2.23694,-4.47388,1.342164,-0.447388,0,2.6,0.6,2.6,-68.9,291.1,295.5,Tripod,Other,,22,5,True,,True,False,,Smart,RC,False,True,False,,,True,,False,False,False,False,False,False,False,False,False,False,0,Follow Yaw,-77.9,0,-77.2,282.8,False,False,False,False,False,,0,0,False,False,No Card,100,100,1024,1317,1181,1024,2,False,False,False,False,False,0,False,False,False,False,89,,47.496,,8988,,10044,,47.496,,True,3.955,3.955,3.955,3.955,3.955,3.955,3.955,3.955,3.955,3.955,3.955,3.955,0,,False,False,True,,,,,,,,,,,,,,,False,False,19.252,,88.3,,75.7,,88.3,,1675,52,12,17,7,144619.6,19282.61,,Idle,,20,,10,,,20,Go Home,False,False,False,False,False,False,False,False,False,False,False,False,33.8027920380556,-117.4659261431046,1198.7,2972.0,1049.4,396.9,True,1,1,False,False,False,False,,True,False,False,Course Lock,196.8,67,16.4,93,E,S,10.06,10.06,Calm,False,False,Android,7.0.2,M300 RTK,1ZN7L4R0H1D00F,1W9DL31001461C,1ZMLH8300204F0,1Z6PH74DAP0QN7,"Corona, CA",728.3,5.7,137.7,8.547347,2.013246,0,0,DJI Matrice 300 RTK,M300 RTK,1ZN7L4R0H1D00F,1W9DL31001461C,1ZMLH8300204F0,1Z6PH74DAP0QN7,DJI Pilot,Android,7.0.2,1EF72A62-B7C3-C88D-164E-CE6F8C8424AE,1ZN7L4R0H1D00F,1W9DL31001461C,,1ZMLH8300204F0,1W9DL31001461C,,,,,
2023-11-01,11:27:36.34 AM,3m 14.0s,194.0,33.8013547020056,-117.469483875745,118.7,118.7,21.6,1383,1383.8,4.73999,6.085134,1.565858,2.23694,-4.47388,1.342164,-0.447388,0,2.5,0.8,2.6,-68.9,291.1,291.0,Tripod,Other,,23,5,True,,True,False,,Smart,RC,False,True,False,,,True,,False,False,False,False,False,False,False,False,False,False,0,Follow Yaw,-77.9,0,-77.2,282.8,False,False,False,False,False,,0,0,False,False,No Card,100,100,1024,1317,1136,1024,2,False,False,False,False,False,0,False,False,False,False,89,,47.508,,8938,,10044,,47.508,,True,3.955,3.955,3.955,3.955,3.955,3.955,3.955,3.955,3.955,3.955,3.955,3.955,0,,False,False,True,,,,,,,,,,,,,,,False,False,19.274,,88.3,,75.7,,88.3,,1675,52,12,17,7,144619.6,19282.61,,Idle,,20,,10,,,20,Go Home,False,False,False,False,False,False,False,False,False,False,False,False,33.8027920380556,-117.4659261431046,1199.2,2972.0,1049.4,396.9,True,1,1,False,False,False,False,,True,False,False,Course Lock,196.8,67,16.4,93,E,S,10.06,10.06,Calm,False,False,Android,7.0.2,M300 RTK,1ZN7L4R0H1D00F,1W9DL31001461C,1ZMLH8300204F0,1Z6PH74DAP0QN7,"Corona, CA",728.3,5.7,137.7,8.547347,2.013246,0,0,DJI Matrice 300 RTK,M300 RTK,1ZN7L4R0H1D00F,1W9DL31001461C,1ZMLH8300204F0,1Z6PH74DAP0QN7,DJI Pilot,Android,7.0.2,1EF72A62-B7C3-C88D-164E-CE6F8C8424AE,1ZN7L4R0H1D00F,1W9DL31001461C,,1ZMLH8300204F0,1W9DL31001461C,,,,,
2023-11-01,11:27:36.43 AM,3m 14.1s,194.1,33.8013552946729,-117.4694861429053,118.7,118.7,21.6,1383,1384.5,4.73999,6.085134,1.565858,2.23694,-4.47388,1.342164,-0.447388,0,2.5,0.8,2.6,-69,291,287.4,Tripod,Other,,23,5,True,,True,False,,Smart,RC,False,True,False,,,True,,False,False,False,False,False,False,False,False,False,False,0,Follow Yaw,-77.9,0,-77.2,282.8,False,False,False,False,False,,0,0,False,False,No Card,100,100,1024,1322,1160,1024,2,False,False,False,False,False,0,False,False,False,False,89,,47.508,,8938,,10044,,47.508,,True,3.955,3.955,3.955,3.955,3.955,3.955,3.955,3.955,3.955,3.955,3.955,3.955,0,,False,False,True,,,,,,,,,,,,,,,False,False,19.274,,88.3,,75.7,,88.3,,1675,52,12,17,7,144619.6,19282.61,,Idle,,20,,10,,,20,Go Home,False,False,False,False,False,False,False,False,False,False,False,False,33.8027920380556,-117.4659261431046,1199.7,2972.0,1049.4,396.9,True,1,1,False,False,False,False,,True,False,False,Course Lock,196.8,67,16.4,93,E,S,10.06,10.06,Calm,False,False,Android,7.0.2,M300 RTK,1ZN7L4R0H1D00F,1W9DL31001461C,1ZMLH8300204F0,1Z6PH74DAP0QN7,"Corona, CA",728.3,5.7,137.7,8.547347,2.013246,0,0,DJI Matrice 300 RTK,M300 RTK,1ZN7L4R0H1D00F,1W9DL31001461C,1ZMLH8300204F0,1Z6PH74DAP0QN7,DJI Pilot,Android,7.0.2,1EF72A62-B7C3-C88D-164E-CE6F8C8424AE,1ZN7L4R0H1D00F,1W9DL31001461C,,1ZMLH8300204F0,1W9DL31001461C,,,,,
2023-11-01,11:27:36.53 AM,3m 14.2s,194.2,33.8013560287908,-117.4694884555869,118.7,118.7,21.6,1383,1385.2,4.73999,6.085134,1.565858,2.23694,-4.47388,1.342164,-0.223694,0,2.6,0.8,2.7,-69,291,290.9,Tripod,Other,,23,5,True,,True,False,,Smart,RC,False,True,False,,,True,,False,False,False,False,False,False,False,False,False,False,0,Follow Yaw,-77.9,0,-77.2,282.8,False,False,False,False,False,,0,0,False,False,No Card,100,100,1024,1329,1172,1024,2,False,False,False,False,False,0,False,False,False,False,89,,47.508,,8938,,10044,,47.508,,True,3.955,3.955,3.955,3.955,3.955,3.955,3.955,3.955,3.955,3.955,3.955,3.955,0,,False,False,True,,,,,,,,,,,,,,,False,False,19.274,,88.3,,75.7,,88.3,,1675,52,12,17,7,144619.6,19282.61,,Idle,,20,,10,,,20,Go Home,False,False,False,False,False,False,False,False,False,False,False,False,33.8027920380556,-117.4659261431046,1200.2,2972.0,1049.4,396.9,True,1,1,False,False,False,False,,True,False,False,Course Lock,196.8,67,16.4,93,E,S,10.06,10.06,Calm,False,False,Android,7.0.2,M300 RTK,1ZN7L4R0H1D00F,1W9DL31001461C,1ZMLH8300204F0,1Z6PH74DAP0QN7,"Corona, CA",728.3,5.7,137.7,8.547347,2.013246,0,0,DJI Matrice 300 RTK,M300 RTK,1ZN7L4R0H1D00F,1W9DL31001461C,1ZMLH8300204F0,1Z6PH74DAP0QN7,DJI Pilot,Android,7.0.2,1EF72A62-B7C3-C88D-164E-CE6F8C8424AE,1ZN7L4R0H1D00F,1W9DL31001461C,,1ZMLH8300204F0,1W9DL31001461C,,,,,
2023-11-01,11:27:36.64 AM,3m 14.3s,194.3,33.8013568254102,-117.4694907590324,118.7,118.7,21.6,1383,1386.0,4.73999,6.085134,1.565858,2.23694,-4.47388,1.342164,-0.223694,0,2.7,0.8,2.8,-69.1,290.9,292.5,Tripod,Other,,23,5,True,,True,False,,Smart,RC,False,True,False,,,True,,False,False,False,False,False,False,False,False,False,False,0,Follow Yaw,-77.9,0,-77.2,282.8,False,False,False,False,False,,0,0,False,False,No Card,100,100,1024,1334,1174,1024,2,False,False,False,False,False,0,False,False,False,False,89,,47.508,,8938,,10044,,47.508,,True,3.962,3.962,3.962,3.962,3.962,3.962,3.962,3.962,3.962,3.962,3.962,3.962,0,,False,False,True,,,,,,,,,,,,,,,False,False,19.274,,88.3,,75.7,,88.3,,1675,52,12,17,8,144554.8,19273.97,,Idle,,20,,10,,,20,Go Home,False,False,False,False,False,False,False,False,False,False,False,False,33.8027920380556,-117.4659261431046,1200.7,2972.0,1049.4,396.9,True,1,1,False,False,False,False,,True,False,False,Course Lock,196.8,67,16.4,93,E,S,10.06,10.06,Calm,False,False,Android,7.0.2,M300 RTK,1ZN7L4R0H1D00F,1W9DL31001461C,1ZMLH8300204F0,1Z6PH74DAP0QN7,"Corona, CA",728.3,5.7,137.7,8.547347,2.013246,0,0,DJI Matrice 300 RTK,M300 RTK,1ZN7L4R0H1D00F,1W9DL31001461C,1ZMLH8300204F0,1Z6PH74DAP0QN7,DJI Pilot,Android,7.0.2,1EF72A62-B7C3-C88D-164E-CE6F8C8424AE,1ZN7L4R0H1D00F,1W9DL31001461C,,1ZMLH8300204F0,1W9DL31001461C,,,,,
2023-11-01,11:27:36.74 AM,3m 14.4s,194.4,33.8013575699451,-117.4694930733633,118.7,118.7,21.6,1383,1386.7,4.951677,6.085134,1.565858,2.23694,-4.697574,1.342164,-0.223694,0,2.6,0.8,2.7,-69.1,290.9,291.1,Tripod,Other,,23,5,True,,True,False,,Smart,RC,False,True,False,,,True,,False,False,False,False,False,False,False,False,False,False,0,Follow Yaw,-77.9,0,-77.2,282.8,False,False,False,False,False,,0,0,False,False,No Card,100,100,1024,1344,1177,1024,2,False,False,False,False,False,0,False,False,False,False,89,,47.508,,8938,,10044,,47.508,,True,3.962,3.962,3.962,3.962,3.962,3.962,3.962,3.962,3.962,3.962,3.962,3.962,0,,False,False,True,,,,,,,,,,,,,,,False,False,19.274,,88.3,,75.7,,88.3,,1675,52,12,17,8,144554.8,19273.97,,Idle,,20,,10,,,20,Go Home,False,False,False,False,False,False,False,False,False,False,False,False,33.8027920380556,-117.4659261431046,1201.2,2972.0,1049.4,396.9,True,1,1,False,False,False,False,,True,False,False,Course Lock,196.8,67,16.4,93,E,S,10.06,10.06,Calm,False,False,Android,7.0.2,M300 RTK,1ZN7L4R0H1D00F,1W9DL31001461C,1ZMLH8300204F0,1Z6PH74DAP0QN7,"Corona, CA",728.3,5.7,137.7,8.547347,2.013246,0,0,DJI Matrice 300 RTK,M300 RTK,1ZN7L4R0H1D00F,1W9DL31001461C,1ZMLH8300204F0,1Z6PH74DAP0QN7,DJI Pilot,Android,7.0.2,1EF72A62-B7C3-C88D-164E-CE6F8C8424AE,1ZN7L4R0H1D00F,1W9DL31001461C,,1ZMLH8300204F0,1W9DL31001461C,,,,,
2023-11-01,11:27:36.84 AM,3m 14.5s,194.5,33.801358299677,-117.4694951729524,118.7,118.7,21.6,1383,1387.4,4.73999,6.085134,1.565858,2.23694,-4.47388,1.342164,-0.223694,0,2.5,0.8,2.6,-69.1,290.9,292.6,Tripod,Other,,23,5,True,,True,False,,Smart,RC,False,True,False,,,True,,False,False,False,False,False,False,False,False,False,False,0,Follow Yaw,-77.9,0,-77.2,282.8,False,False,False,False,False,,0,0,False,False,No Card,100,100,1024,1349,1178,1024,2,False,False,False,False,False,0,False,False,False,False,89,,47.508,,8938,,10044,,47.508,,True,3.962,3.962,3.962,3.962,3.962,3.962,3.962,3.962,3.962,3.962,3.962,3.962,0,,False,False,True,,,,,,,,,,,,,,,False,False,19.274,,88.3,,75.7,,88.3,,1675,52,12,17,8,144554.8,19273.97,,Idle,,20,,10,,,20,Go Home,False,False,False,False,False,False,False,False,False,False,False,False,33.8027920380556,-117.4659261431046,1201.7,2972.0,1049.4,396.9,True,1,1,False,False,False,False,,True,False,False,Course Lock,196.8,67,16.4,93,E,S,10.06,10.06,Calm,False,False,Android,7.0.2,M300 RTK,1ZN7L4R0H1D00F,1W9DL31001461C,1ZMLH8300204F0,1Z6PH74DAP0QN7,"Corona, CA",728.3,5.7,137.7,8.547347,2.013246,0,0,DJI Matrice 300 RTK,M300 RTK,1ZN7L4R0H1D00F,1W9DL31001461C,1ZMLH8300204F0,1Z6PH74DAP0QN7,DJI Pilot,Android,7.0.2,1EF72A62-B7C3-C88D-164E-CE6F8C8424AE,1ZN7L4R0H1D00F,1W9DL31001461C,,1ZMLH8300204F0,1W9DL31001461C,,,,,
2023-11-01,11:27:36.94 AM,3m 14.6s,194.6,33.8013590453083,-117.4694974694706,119.0,119.0,21.6,1383,1388.2,5.026897,6.085134,1.789552,2.23694,-4.697574,1.342164,0,0,2.3,0.8,2.4,-69,291,291.3,Tripod,Other,,23,5,True,,True,False,,Smart,RC,False,True,False,,,True,,False,False,False,False,False,False,False,False,False,False,0,Follow Yaw,-77.9,0,-77.2,282.8,False,False,False,False,False,,0,0,False,False,No Card,100,100,1024,1351,1181,1024,2,False,False,False,False,False,0,False,False,False,False,89,,47.508,,8938,,10044,,47.508,,True,3.962,3.962,3.962,3.962,3.962,3.962,3.962,3.962,3.962,3.962,3.962,3.962,0,,False,False,True,,,,,,,,,,,,,,,False,False,19.274,,88.3,,75.7,,88.3,,1675,52,12,17,8,144554.8,19273.97,,Idle,,20,,10,,,20,Go Home,False,False,False,False,False,False,False,False,False,False,False,False,33.8027920380556,-117.4659261431046,1202.2,2972.0,1049.4,396.9,True,1,1,False,False,False,False,,True,False,False,Course Lock,196.8,67,16.4,93,E,S,10.06,10.06,Calm,False,False,Android,7.0.2,M300 RTK,1ZN7L4R0H1D00F,1W9DL31001461C,1ZMLH8300204F0,1Z6PH74DAP0QN7,"Corona, CA",728.3,5.7,137.7,8.547347,2.013246,0,0,DJI Matrice 300 RTK,M300 RTK,1ZN7L4R0H1D00F,1W9DL31001461C,1ZMLH8300204F0,1Z6PH74DAP0QN7,DJI Pilot,Android,7.0.2,1EF72A62-B7C3-C88D-164E-CE6F8C8424AE,1ZN7L4R0H1D00F,1W9DL31001461C,,1ZMLH8300204F0,1W9DL31001461C,,,,,
2023-11-01,11:27:37.05 AM,3m 14.7s,194.7,33.8013598287695,-117.4694997739056,119.0,119.0,21.6,1383,1388.9,5.026897,6.085134,1.789552,2.23694,-4.697574,1.342164,0,0,2.1,0.7,2.2,-69,291,292.2,Tripod,Other,,23,5,True,,True,False,,Smart,RC,False,True,False,,,True,,False,False,False,False,False,False,False,False,False,False,0,Follow Yaw,-77.9,0,-77.2,282.8,False,False,False,False,False,,0,0,False,False,No Card,100,100,1024,1350,1182,1024,2,False,False,False,False,False,0,False,False,False,False,89,,47.496,,4437,,4986,,47.496,,True,3.962,3.962,3.962,3.962,3.962,3.962,3.962,3.962,3.962,3.962,3.962,3.962,0,,False,False,True,,,,,,,,,,,,,,,False,False,9.45,,87.6,,75.7,,88.3,,1675,52,12,17,8,144554.8,19273.97,,Idle,,20,,10,,,20,Go Home,False,False,False,False,False,False,False,False,False,False,False,False,33.8027920380556,-117.4659261431046,1202.7,2972.0,1049.4,396.9,True,1,1,False,False,False,False,,True,False,False,Course Lock,196.8,67,16.4,93,E,S,10.06,10.06,Calm,False,False,Android,7.0.2,M300 RTK,1ZN7L4R0H1D00F,1W9DL31001461C,1ZMLH8300204F0,1Z6PH74DAP0QN7,"Corona, CA",728.3,5.7,137.7,8.547347,2.013246,0,0,DJI Matrice 300 RTK,M300 RTK,1ZN7L4R0H1D00F,1W9DL31001461C,1ZMLH8300204F0,1Z6PH74DAP0QN7,DJI Pilot,Android,7.0.2,1EF72A62-B7C3-C88D-164E-CE6F8C8424AE,1ZN7L4R0H1D00F,1W9DL31001461C,,1ZMLH8300204F0,1W9DL31001461C,,,,,
2023-11-01,11:27:37.15 AM,3m 14.8s,194.8,33.8013605848178,-117.4695020855977,119.0,119.0,21.6,1383,1389.7,5.026897,6.085134,1.789552,2.23694,-4.697574,1.342164,0,0,1.9,0.7,2,-69,291,291.4,Tripod,Other,,23,5,True,,True,False,,Smart,RC,False,True,False,,,True,,False,False,False,False,False,False,False,False,False,False,0,Follow Yaw,-77.9,0,-77.2,282.8,False,False,False,False,False,,0,0,False,False,No Card,100,100,1024,1348,1182,1024,2,False,False,False,False,False,0,False,False,False,False,89,,47.496,,4437,,4986,,47.496,,True,3.962,3.962,3.962,3.962,3.962,3.962,3.962,3.962,3.962,3.962,3.962,3.962,0,,False,False,True,,,,,,,,,,,,,,,False,False,9.45,,87.6,,75.7,,88.3,,1675,52,12,17,8,144554.8,19273.97,,Idle,,20,,10,,,20,Go Home,False,False,False,False,False,False,False,False,False,False,False,False,33.8027920380556,-117.4659261431046,1203.2,2972.0,1049.4,396.9,True,1,1,False,False,False,False,,True,False,False,Course Lock,196.8,67,16.4,93,E,S,10.06,10.06,Calm,False,False,Android,7.0.2,M300 RTK,1ZN7L4R0H1D00F,1W9DL31001461C,1ZMLH8300204F0,1Z6PH74DAP0QN7,"Corona, CA",728.3,5.7,137.7,8.547347,2.013246,0,0,DJI Matrice 300 RTK,M300 RTK,1ZN7L4R0H1D00F,1W9DL31001461C,1ZMLH8300204F0,1Z6PH74DAP0QN7,DJI Pilot,Android,7.0.2,1EF72A62-B7C3-C88D-164E-CE6F8C8424AE,1ZN7L4R0H1D00F,1W9DL31001461C,,1ZMLH8300204F0,1W9DL31001461C,,,,,
2023-11-01,11:27:37.25 AM,3m 14.9s,194.9,33.8013612081876,-117.4695044253282,119.0,119.0,21.6,1383,1390.4,5.026897,6.085134,1.789552,2.23694,-4.697574,1.342164,0,0,1.9,0.7,2,-69,291,287.7,Tripod,Other,,23,5,True,,True,False,,Smart,RC,False,True,False,,,True,,False,False,False,False,False,False,False,False,False,False,0,Follow Yaw,-77.9,0,-77.2,282.8,False,False,False,False,False,,0,0,False,False,No Card,100,100,1023,1334,1181,1024,2,False,False,False,False,False,0,False,False,False,False,89,,47.496,,4437,,4986,,47.496,,True,3.962,3.962,3.962,3.962,3.962,3.962,3.962,3.962,3.962,3.962,3.962,3.962,0,,False,False,True,,,,,,,,,,,,,,,False,False,9.45,,87.6,,75.7,,88.3,,1675,52,12,17,8,144554.8,19273.97,,Idle,,20,,10,,,20,Go Home,False,False,False,False,False,False,False,False,False,False,False,False,33.8027920380556,-117.4659261431046,1203.8,2972.0,1049.4,396.9,True,1,1,False,False,False,False,,True,False,False,Course Lock,196.8,67,16.4,93,E,S,10.28,10.28,Calm,False,False,Android,7.0.2,M300 RTK,1ZN7L4R0H1D00F,1W9DL31001461C,1ZMLH8300204F0,1Z6PH74DAP0QN7,"Corona, CA",728.3,5.7,137.7,8.547347,2.013246,0,0,DJI Matrice 300 RTK,M300 RTK,1ZN7L4R0H1D00F,1W9DL31001461C,1ZMLH8300204F0,1Z6PH74DAP0QN7,DJI Pilot,Android,7.0.2,1EF72A62-B7C3-C88D-164E-CE6F8C8424AE,1ZN7L4R0H1D00F,1W9DL31001461C,,1ZMLH8300204F0,1W9DL31001461C,,,,,
2023-11-01,11:27:37.35 AM,3m 15.0s,195.0,33.8013619642359,-117.4695067617602,119.0,119.0,21.6,1383,1391.2,5.026897,6.085134,1.789552,2.23694,-4.697574,1.342164,0,0,2,0.8,2.1,-68.9,291.1,291.2,Tripod,Other,,23,5,True,,True,False,,Smart,RC,False,True,False,,,True,,False,False,False,False,False,False,False,False,False,False,0,Follow Yaw,-77.9,0,-77.2,282.8,False,False,False,False,False,,0,0,False,False,No Card,100,100,938,1314,1182,1024,2,False,False,False,False,False,0,False,False,False,False,89,,47.472,,8938,,10044,,47.472,,True,3.962,3.962,3.962,3.962,3.962,3.962,3.962,3.962,3.962,3.962,3.962,3.962,0,,False,False,True,,,,,,,,,,,,,,,False,False,18.978,,88.5,,75.7,,88.5,,1675,52,12,17,8,144554.8,19273.97,,Idle,,20,,10,,,20,Go Home,False,False,False,False,False,False,False,False,False,False,False,False,33.8027920380556,-117.4659261431046,1204.3,2972.0,1049.4,396.9,True,1,1,False,False,False,False,,True,False,False,Course Lock,196.8,67,16.4,93,E,S,10.28,10.28,Calm,False,False,Android,7.0.2,M300 RTK,1ZN7L4R0H1D00F,1W9DL31001461C,1ZMLH8300204F0,1Z6PH74DAP0QN7,"Corona, CA",728.3,5.7,137.7,8.547347,2.013246,0,0,DJI Matrice 300 RTK,M300 RTK,1ZN7L4R0H1D00F,1W9DL31001461C,1ZMLH8300204F0,1Z6PH74DAP0QN7,DJI Pilot,Android,7.0.2,1EF72A62-B7C3-C88D-164E-CE6F8C8424AE,1ZN7L4R0H1D00F,1W9DL31001461C,,1ZMLH8300204F0,1W9DL31001461C,,,,,
2023-11-01,11:27:37.46 AM,3m 15.1s,195.1,33.8013627570174,-117.469509269062,119.0,119.0,21.3,1383,1392.0,5.026897,6.085134,1.789552,2.23694,-4.697574,1.342164,0,0,2.2,0.8,2.3,-68.9,291.1,290.8,Tripod,Other,,23,5,True,,True,False,,Smart,RC,False,True,False,,,True,,False,False,False,False,False,False,False,False,False,False,0,Follow Yaw,-77.9,0,-77.2,282.8,False,False,False,False,False,,0,0,False,False,No Card,100,100,929,1306,1184,1024,2,False,False,False,False,False,0,False,False,False,False,89,,47.472,,8938,,10044,,47.472,,True,3.962,3.962,3.962,3.962,3.962,3.962,3.962,3.962,3.962,3.962,3.962,3.962,0,,False,False,True,,,,,,,,,,,,,,,False,False,18.978,,88.5,,75.7,,88.5,,1675,52,12,17,8,144554.8,19273.97,,Idle,,20,,10,,,20,Go Home,False,False,False,False,False,False,False,False,False,False,False,False,33.8027920380556,-117.4659261431046,1204.8,2972.0,1049.4,396.9,True,1,1,False,False,False,False,,True,False,False,Course Lock,196.8,67,16.4,93,E,S,10.28,10.28,Calm,False,False,Android,7.0.2,M300 RTK,1ZN7L4R0H1D00F,1W9DL31001461C,1ZMLH8300204F0,1Z6PH74DAP0QN7,"Corona, CA",728.3,5.7,137.7,8.547347,2.013246,0,0,DJI Matrice 300 RTK,M300 RTK,1ZN7L4R0H1D00F,1W9DL31001461C,1ZMLH8300204F0,1Z6PH74DAP0QN7,DJI Pilot,Android,7.0.2,1EF72A62-B7C3-C88D-164E-CE6F8C8424AE,1ZN7L4R0H1D00F,1W9DL31001461C,,1ZMLH8300204F0,1W9DL31001461C,,,,,
2023-11-01,11:27:37.56 AM,3m 15.2s,195.2,33.8013635245792,-117.4695116358414,119.0,119.0,21.3,1383,1392.8,5.026897,6.085134,1.789552,2.23694,-4.697574,1.342164,0,0,2.4,0.8,2.5,-68.9,291.1,291.3,Tripod,Other,,23,5,True,,True,False,,Smart,RC,False,True,False,,,True,,False,False,False,False,False,False,False,False,False,False,0,Follow Yaw,-77.9,0,-77.2,282.8,False,False,False,False,False,,0,0,False,False,No Card,100,100,929,1305,1187,1024,2,False,False,False,False,False,0,False,False,False,False,89,,47.472,,8938,,10044,,47.472,,True,3.962,3.962,3.962,3.962,3.962,3.962,3.962,3.962,3.962,3.962,3.962,3.962,0,,False,False,True,,,,,,,,,,,,,,,False,False,18.978,,88.5,,75.7,,88.5,,1675,52,12,17,8,144554.8,19273.97,,Idle,,20,,10,,,20,Go Home,False,False,False,False,False,False,False,False,False,False,False,False,33.8027920380556,-117.4659261431046,1205.4,2972.0,1049.4,396.9,True,1,1,False,False,False,False,,True,False,False,Course Lock,196.8,67,16.4,93,E,S,10.28,10.28,Calm,False,False,Android,7.0.2,M300 RTK,1ZN7L4R0H1D00F,1W9DL31001461C,1ZMLH8300204F0,1Z6PH74DAP0QN7,"Corona, CA",728.3,5.7,137.7,8.547347,2.013246,0,0,DJI Matrice 300 RTK,M300 RTK,1ZN7L4R0H1D00F,1W9DL31001461C,1ZMLH8300204F0,1Z6PH74DAP0QN7,DJI Pilot,Android,7.0.2,1EF72A62-B7C3-C88D-164E-CE6F8C8424AE,1ZN7L4R0H1D00F,1W9DL31001461C,,1ZMLH8300204F0,1W9DL31001461C,,,,,
2023-11-01,11:27:37.66 AM,3m 15.3s,195.3,33.8013642981717,-117.4695139155366,119.0,119.0,21.3,1383,1393.5,5.026897,6.085134,1.789552,2.23694,-4.697574,1.342164,-0.223694,0,2.6,0.7,2.6,-68.9,291.1,292.2,Tripod,Other,,23,5,True,,True,False,,Smart,RC,False,True,False,,,True,,False,False,False,False,False,False,False,False,False,False,0,Follow Yaw,-77.9,0,-77.2,282.8,False,False,False,False,False,,0,0,False,False,No Card,100,100,927,1303,1196,1024,2,False,False,False,False,False,0,False,False,False,False,89,,47.472,,8938,,10044,,47.472,,True,3.955,3.955,3.955,3.955,3.955,3.955,3.955,3.955,3.955,3.955,3.955,3.955,0,,False,False,True,,,,,,,,,,,,,,,False,False,18.978,,88.5,,75.7,,88.5,,1674,52,12,17,8,144465.3,19262.04,,Idle,,20,,10,,,20,Go Home,False,False,False,False,False,False,False,False,False,False,False,False,33.8027920380556,-117.4659261431046,1205.9,2972.0,1049.4,396.9,True,1,1,False,False,False,False,,True,False,False,Course Lock,196.8,67,16.4,93,E,S,10.28,10.28,Calm,False,False,Android,7.0.2,M300 RTK,1ZN7L4R0H1D00F,1W9DL31001461C,1ZMLH8300204F0,1Z6PH74DAP0QN7,"Corona, CA",728.3,5.7,137.7,8.547347,2.013246,0,0,DJI Matrice 300 RTK,M300 RTK,1ZN7L4R0H1D00F,1W9DL31001461C,1ZMLH8300204F0,1Z6PH74DAP0QN7,DJI Pilot,Android,7.0.2,1EF72A62-B7C3-C88D-164E-CE6F8C8424AE,1ZN7L4R0H1D00F,1W9DL31001461C,,1ZMLH8300204F0,1W9DL31001461C,,,,,
2023-11-01,11:27:37.77 AM,3m 15.4s,195.4,33.8013650657334,-117.4695162793472,119.0,119.0,21.3,1383,1394.3,5.026897,6.085134,1.789552,2.23694,-4.697574,1.342164,-0.223694,0,2.7,0.3,2.7,-68.9,291.1,291.3,Tripod,Other,,23,5,True,,True,False,,Smart,RC,False,True,False,,,True,,False,False,False,False,False,False,False,False,False,False,0,Follow Yaw,-77.9,0,-77.2,282.8,False,False,False,False,False,,0,0,False,False,No Card,100,100,927,1303,1197,1024,2,False,False,False,False,False,0,False,False,False,False,89,,47.472,,8938,,10044,,47.472,,True,3.955,3.955,3.955,3.955,3.955,3.955,3.955,3.955,3.955,3.955,3.955,3.955,0,,False,False,True,,,,,,,,,,,,,,,False,False,18.978,,88.5,,75.7,,88.5,,1674,52,12,17,8,144465.3,19262.04,,Idle,,20,,10,,,20,Go Home,False,False,False,False,False,False,False,False,False,False,False,False,33.8027920380556,-117.4659261431046,1206.4,2972.0,1049.4,396.9,True,1,1,False,False,False,False,,True,False,False,Course Lock,196.8,67,16.4,93,E,S,10.28,10.28,Calm,False,False,Android,7.0.2,M300 RTK,1ZN7L4R0H1D00F,1W9DL31001461C,1ZMLH8300204F0,1Z6PH74DAP0QN7,"Corona, CA",728.3,5.7,137.7,8.547347,2.013246,0,0,DJI Matrice 300 RTK,M300 RTK,1ZN7L4R0H1D00F,1W9DL31001461C,1ZMLH8300204F0,1Z6PH74DAP0QN7,DJI Pilot,Android,7.0.2,1EF72A62-B7C3-C88D-164E-CE6F8C8424AE,1ZN7L4R0H1D00F,1W9DL31001461C,,1ZMLH8300204F0,1W9DL31001461C,,,,,
2023-11-01,11:27:37.87 AM,3m 15.5s,195.5,33.8013656468873,-117.4695186609706,119.0,119.0,21.3,1383,1395.0,5.026897,6.085134,1.789552,2.23694,-4.697574,1.342164,-0.223694,0,2.8,0.2,2.8,-68.9,291.1,286.3,Tripod,Other,,23,5,True,,True,False,,Smart,RC,False,True,False,,,True,,False,False,False,False,False,False,False,False,False,False,0,Follow Yaw,-77.9,0,-77.2,282.8,False,False,False,False,False,,0,0,False,False,No Card,100,100,939,1306,1196,1024,2,False,False,False,False,False,0,False,False,False,False,89,,47.472,,8938,,10044,,47.472,,True,3.955,3.955,3.955,3.955,3.955,3.955,3.955,3.955,3.955,3.955,3.955,3.955,0,,False,False,True,,,,,,,,,,,,,,,False,False,18.978,,88.5,,75.7,,88.5,,1674,52,12,17,8,144465.3,19262.04,,Idle,,20,,10,,,20,Go Home,False,False,False,False,False,False,False,False,False,False,False,False,33.8027920380556,-117.4659261431046,1206.9,2972.0,1049.4,396.9,True,1,1,False,False,False,False,,True,False,False,Course Lock,196.8,67,16.4,93,E,S,10.28,10.28,Calm,False,False,Android,7.0.2,M300 RTK,1ZN7L4R0H1D00F,1W9DL31001461C,1ZMLH8300204F0,1Z6PH74DAP0QN7,"Corona, CA",728.3,5.7,137.7,8.547347,2.013246,0,0,DJI Matrice 300 RTK,M300 RTK,1ZN7L4R0H1D00F,1W9DL31001461C,1ZMLH8300204F0,1Z6PH74DAP0QN7,DJI Pilot,Android,7.0.2,1EF72A62-B7C3-C88D-164E-CE6F8C8424AE,1ZN7L4R0H1D00F,1W9DL31001461C,,1ZMLH8300204F0,1W9DL31001461C,,,,,
2023-11-01,11:27:37.97 AM,3m 15.6s,195.6,33.8013663875843,-117.4695210293994,119.0,119.0,21.3,1383,1395.8,5.026897,6.085134,1.789552,2.23694,-4.697574,1.342164,-0.223694,0,2.8,0.2,2.8,-68.9,291.1,290.6,Tripod,Other,,23,5,True,,True,False,,Smart,RC,False,True,False,,,True,,False,False,False,False,False,False,False,False,False,False,0,Follow Yaw,-77.9,0,-77.2,282.8,False,False,False,False,False,,0,0,False,False,No Card,100,100,967,1317,1195,1024,2,False,False,False,False,False,0,False,False,False,False,89,,47.472,,8938,,10044,,47.472,,True,3.955,3.955,3.955,3.955,3.955,3.955,3.955,3.955,3.955,3.955,3.955,3.955,0,,False,False,True,,,,,,,,,,,,,,,False,False,18.978,,88.5,,75.7,,88.5,,1674,52,12,17,8,144465.3,19262.04,,Idle,,20,,10,,,20,Go Home,False,False,False,False,False,False,False,False,False,False,False,False,33.8027920380556,-117.4659261431046,1207.5,2972.0,1049.4,396.9,True,1,1,False,False,False,False,,True,False,False,Course Lock,196.8,67,16.4,93,E,S,10.28,10.28,Calm,False,False,Android,7.0.2,M300 RTK,1ZN7L4R0H1D00F,1W9DL31001461C,1ZMLH8300204F0,1Z6PH74DAP0QN7,"Corona, CA",728.3,5.7,137.7,8.547347,2.013246,0,0,DJI Matrice 300 RTK,M300 RTK,1ZN7L4R0H1D00F,1W9DL31001461C,1ZMLH8300204F0,1Z6PH74DAP0QN7,DJI Pilot,Android,7.0.2,1EF72A62-B7C3-C88D-164E-CE6F8C8424AE,1ZN7L4R0H1D00F,1W9DL31001461C,,1ZMLH8300204F0,1W9DL31001461C,,,,,
2023-11-01,11:27:38.07 AM,3m 15.7s,195.7,33.8013671079958,-117.4695233678104,119.4,119.4,21.3,1383,1396.6,4.951677,6.085134,1.565858,2.23694,-4.697574,1.342164,-0.223694,0,2.9,0.1,2.9,-69,291,290.3,Tripod,Other,,23,5,True,,True,False,,Smart,RC,False,True,False,,,True,,False,False,False,False,False,False,False,False,False,False,0,Follow Yaw,-77.9,0,-77.2,282.8,False,False,False,False,False,,0,0,False,False,No Card,100,100,968,1316,1198,1024,2,False,False,False,False,False,0,False,False,False,False,89,,47.472,,8938,,10044,,47.472,,True,3.955,3.955,3.955,3.955,3.955,3.955,3.955,3.955,3.955,3.955,3.955,3.955,0,,False,False,True,,,,,,,,,,,,,,,False,False,18.978,,88.5,,75.7,,88.5,,1674,52,12,17,8,144465.3,19262.04,,Idle,,20,,10,,,20,Go Home,False,False,False,False,False,False,False,False,False,False,False,False,33.8027920380556,-117.4659261431046,1208.0,2972.0,1049.4,396.9,True,1,1,False,False,False,False,,True,False,False,Course Lock,196.8,67,16.4,93,E,S,10.28,10.28,Calm,False,False,Android,7.0.2,M300 RTK,1ZN7L4R0H1D00F,1W9DL31001461C,1ZMLH8300204F0,1Z6PH74DAP0QN7,"Corona, CA",728.3,5.7,137.7,8.547347,2.013246,0,0,DJI Matrice 300 RTK,M300 RTK,1ZN7L4R0H1D00F,1W9DL31001461C,1ZMLH8300204F0,1Z6PH74DAP0QN7,DJI Pilot,Android,7.0.2,1EF72A62-B7C3-C88D-164E-CE6F8C8424AE,1ZN7L4R0H1D00F,1W9DL31001461C,,1ZMLH8300204F0,1W9DL31001461C,,,,,
2023-11-01,11:27:38.18 AM,3m 15.8s,195.8,33.8013678267625,-117.4695257362392,119.4,119.4,20.9,1383,1397.3,4.951677,6.085134,1.565858,2.23694,-4.697574,1.342164,-0.223694,0,2.8,0.1,2.8,-69,291,290.0,Tripod,Other,,23,5,True,,True,False,,Smart,RC,False,True,False,,,True,,False,False,False,False,False,False,False,False,False,False,0,Follow Yaw,-77.9,0,-77.2,282.8,False,False,False,False,False,,0,0,False,False,No Card,100,100,968,1314,1199,1024,2,False,False,False,False,False,0,False,False,False,False,89,,47.472,,8938,,10044,,47.472,,True,3.955,3.955,3.955,3.955,3.955,3.955,3.955,3.955,3.955,3.955,3.955,3.955,0,,False,False,True,,,,,,,,,,,,,,,False,False,18.978,,88.5,,75.7,,88.5,,1674,52,12,17,8,144465.3,19262.04,,Idle,,20,,10,,,20,Go Home,False,False,False,False,False,False,False,False,False,False,False,False,33.8027920380556,-117.4659261431046,1208.5,2972.0,1049.4,396.9,True,1,1,False,False,False,False,,True,False,False,Course Lock,196.8,67,16.4,93,E,S,10.28,10.28,Calm,False,False,Android,7.0.2,M300 RTK,1ZN7L4R0H1D00F,1W9DL31001461C,1ZMLH8300204F0,1Z6PH74DAP0QN7,"Corona, CA",728.3,5.7,137.7,8.547347,2.013246,0,0,DJI Matrice 300 RTK,M300 RTK,1ZN7L4R0H1D00F,1W9DL31001461C,1ZMLH8300204F0,1Z6PH74DAP0QN7,DJI Pilot,Android,7.0.2,1EF72A62-B7C3-C88D-164E-CE6F8C8424AE,1ZN7L4R0H1D00F,1W9DL31001461C,,1ZMLH8300204F0,1W9DL31001461C,,,,,
2023-11-01,11:27:38.28 AM,3m 15.9s,195.9,33.8013683169055,-117.4695278605681,119.4,119.4,21.3,1383,1398.0,4.951677,6.085134,1.565858,2.23694,-4.697574,1.342164,-0.223694,0,2.7,0.2,2.7,-69,291,285.5,Tripod,Other,,23,5,True,,True,False,,Smart,RC,False,True,False,,,True,,False,False,False,False,False,False,False,False,False,False,0,Follow Yaw,-77.9,0,-77.2,282.8,False,False,False,False,False,,0,0,False,False,No Card,100,100,967,1306,1194,1024,2,False,False,False,False,False,0,False,False,False,False,89,,47.544,,4437,,4986,,47.544,,True,3.955,3.955,3.955,3.955,3.955,3.955,3.955,3.955,3.955,3.955,3.955,3.955,0,,False,False,True,,,,,,,,,,,,,,,False,False,9.45,,87.8,,75.7,,88.5,,1674,52,12,17,8,144465.3,19262.04,,Idle,,20,,10,,,20,Go Home,False,False,False,False,False,False,False,False,False,False,False,False,33.8027920380556,-117.4659261431046,1209.0,2972.0,1049.4,396.9,True,1,1,False,False,False,False,,True,False,False,Course Lock,196.8,67,16.4,93,E,S,10.28,10.28,Calm,False,False,Android,7.0.2,M300 RTK,1ZN7L4R0H1D00F,1W9DL31001461C,1ZMLH8300204F0,1Z6PH74DAP0QN7,"Corona, CA",728.3,5.7,137.7,8.547347,2.013246,0,0,DJI Matrice 300 RTK,M300 RTK,1ZN7L4R0H1D00F,1W9DL31001461C,1ZMLH8300204F0,1Z6PH74DAP0QN7,DJI Pilot,Android,7.0.2,1EF72A62-B7C3-C88D-164E-CE6F8C8424AE,1ZN7L4R0H1D00F,1W9DL31001461C,,1ZMLH8300204F0,1W9DL31001461C,,,,,
2023-11-01,11:27:38.34 AM,3m 16.0s,196.0,33.8013689967459,-117.4695302039271,119.4,119.4,21.3,1383,1398.7,4.951677,6.085134,1.565858,2.23694,-4.697574,1.342164,-0.223694,0,2.6,0.3,2.6,-69,291,289.2,Tripod,Other,,23,5,True,,True,False,,Smart,RC,False,True,False,,,True,,False,False,False,False,False,False,False,False,False,False,0,Follow Yaw,-77.9,0,-77.2,282.8,False,False,False,False,False,,0,0,False,False,No Card,100,100,967,1306,1196,1024,2,False,False,False,False,False,0,False,False,False,False,89,,47.544,,8938,,10044,,47.544,,True,3.955,3.955,3.955,3.955,3.955,3.955,3.955,3.955,3.955,3.955,3.955,3.955,0,,False,False,True,,,,,,,,,,,,,,,False,False,19.09,,88.5,,75.7,,88.5,,1674,52,12,17,8,144465.3,19262.04,,Idle,,20,,10,,,20,Go Home,False,False,False,False,False,False,False,False,False,False,False,False,33.8027920380556,-117.4659261431046,1209.6,2972.0,1049.4,396.9,True,1,1,False,False,False,False,,True,False,False,Course Lock,196.8,67,16.4,93,E,S,10.28,10.28,Calm,False,False,Android,7.0.2,M300 RTK,1ZN7L4R0H1D00F,1W9DL31001461C,1ZMLH8300204F0,1Z6PH74DAP0QN7,"Corona, CA",728.3,5.7,137.7,8.547347,2.013246,0,0,DJI Matrice 300 RTK,M300 RTK,1ZN7L4R0H1D00F,1W9DL31001461C,1ZMLH8300204F0,1Z6PH74DAP0QN7,DJI Pilot,Android,7.0.2,1EF72A62-B7C3-C88D-164E-CE6F8C8424AE,1ZN7L4R0H1D00F,1W9DL31001461C,,1ZMLH8300204F0,1W9DL31001461C,,,,,
2023-11-01,11:27:38.44 AM,3m 16.1s,196.1,33.8013697670489,-117.4695325459668,119.4,119.4,21.3,1383,1399.5,4.951677,6.085134,1.565858,2.23694,-4.697574,1.342164,-0.223694,0,2.5,0.3,2.5,-69,291,291.5,Tripod,Other,,23,5,True,,True,False,,Smart,RC,False,True,False,,,True,,False,False,False,False,False,False,False,False,False,False,0,Follow Yaw,-77.9,0,-77.2,282.8,False,False,False,False,False,,0,0,False,False,No Card,100,100,966,1306,1197,1024,2,False,False,False,False,False,0,False,False,False,False,89,,47.544,,8938,,10044,,47.544,,True,3.955,3.955,3.955,3.955,3.955,3.955,3.955,3.955,3.955,3.955,3.955,3.955,0,,False,False,True,,,,,,,,,,,,,,,False,False,19.09,,88.5,,75.7,,88.5,,1674,52,12,17,8,144465.3,19262.04,,Idle,,20,,10,,,20,Go Home,False,False,False,False,False,False,False,False,False,False,False,False,33.8027920380556,-117.4659261431046,1210.1,2972.0,1049.4,396.9,True,1,1,False,False,False,False,,True,False,False,Course Lock,196.8,67,16.4,93,E,S,10.28,10.28,Calm,False,False,Android,7.0.2,M300 RTK,1ZN7L4R0H1D00F,1W9DL31001461C,1ZMLH8300204F0,1Z6PH74DAP0QN7,"Corona, CA",728.3,5.7,137.7,8.547347,2.013246,0,0,DJI Matrice 300 RTK,M300 RTK,1ZN7L4R0H1D00F,1W9DL31001461C,1ZMLH8300204F0,1Z6PH74DAP0QN7,DJI Pilot,Android,7.0.2,1EF72A62-B7C3-C88D-164E-CE6F8C8424AE,1ZN7L4R0H1D00F,1W9DL31001461C,,1ZMLH8300204F0,1W9DL31001461C,,,,,
2023-11-01,11:27:38.54 AM,3m 16.2s,196.2,33.8013704468892,-117.469534891305,119.4,119.4,21.3,1383,1400.3,4.951677,6.085134,1.565858,2.23694,-4.697574,1.342164,-0.223694,0,2.5,0.2,2.5,-69,291,289.2,Tripod,Other,,23,5,True,,True,False,,Smart,RC,False,True,False,,,True,,False,False,False,False,False,False,False,False,False,False,0,Follow Yaw,-77.9,0,-77.2,282.8,False,False,False,False,False,,0,0,False,False,No Card,100,100,973,1311,1192,1024,2,False,False,False,False,False,0,False,False,False,False,89,,47.544,,8938,,10044,,47.544,,True,3.955,3.955,3.955,3.955,3.955,3.955,3.955,3.955,3.955,3.955,3.955,3.955,0,,False,False,True,,,,,,,,,,,,,,,False,False,19.09,,88.5,,75.7,,88.5,,1674,52,12,17,8,144465.3,19262.04,,Idle,,20,,10,,,20,Go Home,False,False,False,False,False,False,False,False,False,False,False,False,33.8027920380556,-117.4659261431046,1210.6,2972.0,1049.4,396.9,True,1,1,False,False,False,False,,True,False,False,Course Lock,196.8,67,16.4,93,E,S,10.28,10.28,Calm,False,False,Android,7.0.2,M300 RTK,1ZN7L4R0H1D00F,1W9DL31001461C,1ZMLH8300204F0,1Z6PH74DAP0QN7,"Corona, CA",728.3,5.7,137.7,8.547347,2.013246,0,0,DJI Matrice 300 RTK,M300 RTK,1ZN7L4R0H1D00F,1W9DL31001461C,1ZMLH8300204F0,1Z6PH74DAP0QN7,DJI Pilot,Android,7.0.2,1EF72A62-B7C3-C88D-164E-CE6F8C8424AE,1ZN7L4R0H1D00F,1W9DL31001461C,,1ZMLH8300204F0,1W9DL31001461C,,,,,
2023-11-01,11:27:38.64 AM,3m 16.3s,196.3,33.8013711102818,-117.4695372551156,119.4,119.4,21.3,1383,1401.0,4.951677,6.085134,1.565858,2.23694,-4.697574,1.342164,-0.223694,0,2.5,0.2,2.5,-69,291,288.6,Tripod,Other,,23,5,True,,True,False,,Smart,RC,False,True,False,,,True,,False,False,False,False,False,False,False,False,False,False,0,Follow Yaw,-77.9,0,-77.2,282.8,False,False,False,False,False,,0,0,False,False,No Card,100,100,983,1312,1197,1024,2,False,False,False,False,False,0,False,False,False,False,89,,47.544,,8938,,10044,,47.544,,True,3.96,3.96,3.96,3.96,3.96,3.96,3.96,3.96,3.96,3.96,3.96,3.96,0,,False,False,True,,,,,,,,,,,,,,,False,False,19.09,,88.5,,75.7,,88.5,,1674,52,12,17,8,144298.2,19239.76,,Idle,,20,,10,,,20,Go Home,False,False,False,False,False,False,False,False,False,False,False,False,33.8027920380556,-117.4659261431046,1211.2,2972.0,1049.4,396.9,True,1,1,False,False,False,False,,True,False,False,Course Lock,196.8,67,16.4,93,E,S,10.28,10.28,Calm,False,False,Android,7.0.2,M300 RTK,1ZN7L4R0H1D00F,1W9DL31001461C,1ZMLH8300204F0,1Z6PH74DAP0QN7,"Corona, CA",728.3,5.7,137.7,8.547347,2.013246,0,0,DJI Matrice 300 RTK,M300 RTK,1ZN7L4R0H1D00F,1W9DL31001461C,1ZMLH8300204F0,1Z6PH74DAP0QN7,DJI Pilot,Android,7.0.2,1EF72A62-B7C3-C88D-164E-CE6F8C8424AE,1ZN7L4R0H1D00F,1W9DL31001461C,,1ZMLH8300204F0,1W9DL31001461C,,,,,
2023-11-01,11:27:38.74 AM,3m 16.4s,196.4,33.8013717709332,-117.4695396040824,119.4,119.4,21.3,1383,1401.8,4.951677,6.085134,1.565858,2.23694,-4.697574,1.342164,-0.223694,0,2.5,0.3,2.5,-69,291,288.6,Tripod,Other,,23,5,True,,True,False,,Smart,RC,False,True,False,,,True,,False,False,False,False,False,False,False,False,False,False,0,Follow Yaw,-77.9,0,-77.2,282.8,False,False,False,False,False,,0,0,False,False,No Card,100,100,980,1309,1207,1024,2,False,False,False,False,False,0,False,False,False,False,89,,47.544,,8938,,10044,,47.544,,True,3.96,3.96,3.96,3.96,3.96,3.96,3.96,3.96,3.96,3.96,3.96,3.96,0,,False,False,True,,,,,,,,,,,,,,,False,False,19.09,,88.5,,75.7,,88.5,,1674,52,12,17,8,144298.2,19239.76,,Idle,,20,,10,,,20,Go Home,False,False,False,False,False,False,False,False,False,False,False,False,33.8027920380556,-117.4659261431046,1211.7,2972.0,1049.4,396.9,True,1,1,False,False,False,False,,True,False,False,Course Lock,196.8,67,16.4,93,E,S,10.28,10.28,Calm,False,False,Android,7.0.2,M300 RTK,1ZN7L4R0H1D00F,1W9DL31001461C,1ZMLH8300204F0,1Z6PH74DAP0QN7,"Corona, CA",728.3,5.7,137.7,8.547347,2.013246,0,0,DJI Matrice 300 RTK,M300 RTK,1ZN7L4R0H1D00F,1W9DL31001461C,1ZMLH8300204F0,1Z6PH74DAP0QN7,DJI Pilot,Android,7.0.2,1EF72A62-B7C3-C88D-164E-CE6F8C8424AE,1ZN7L4R0H1D00F,1W9DL31001461C,,1ZMLH8300204F0,1W9DL31001461C,,,,,
2023-11-01,11:27:38.84 AM,3m 16.5s,196.5,33.8013723093229,-117.4695419764696,119.7,119.7,20.9,1384,1402.5,4.951677,6.085134,1.565858,2.23694,-4.697574,1.342164,-0.223694,0,2.6,0.4,2.6,-69.1,290.9,285.2,Tripod,Other,,23,5,True,,True,False,,Smart,RC,False,True,False,,,True,,False,False,False,False,False,False,False,False,False,False,0,Follow Yaw,-77.9,0,-77.2,282.8,False,False,False,False,False,,0,0,False,False,No Card,100,100,965,1306,1214,1024,2,False,False,False,False,False,0,False,False,False,False,89,,47.544,,8938,,10044,,47.544,,True,3.96,3.96,3.96,3.96,3.96,3.96,3.96,3.96,3.96,3.96,3.96,3.96,0,,False,False,True,,,,,,,,,,,,,,,False,False,19.09,,88.5,,75.7,,88.5,,1674,52,12,17,8,144298.2,19239.76,,Idle,,20,,10,,,20,Go Home,False,False,False,False,False,False,False,False,False,False,False,False,33.8027920380556,-117.4659261431046,1212.3,2972.0,1049.4,396.9,True,1,1,False,False,False,False,,True,False,False,Course Lock,196.8,67,16.4,93,E,S,10.28,10.28,Calm,False,False,Android,7.0.2,M300 RTK,1ZN7L4R0H1D00F,1W9DL31001461C,1ZMLH8300204F0,1Z6PH74DAP0QN7,"Corona, CA",728.3,5.7,137.7,8.547347,2.013246,0,0,DJI Matrice 300 RTK,M300 RTK,1ZN7L4R0H1D00F,1W9DL31001461C,1ZMLH8300204F0,1Z6PH74DAP0QN7,DJI Pilot,Android,7.0.2,1EF72A62-B7C3-C88D-164E-CE6F8C8424AE,1ZN7L4R0H1D00F,1W9DL31001461C,,1ZMLH8300204F0,1W9DL31001461C,,,,,
2023-11-01,11:27:38.94 AM,3m 16.6s,196.6,33.8013729458508,-117.4695443313739,119.7,119.7,20.9,1384,1403.3,4.951677,6.085134,1.565858,2.23694,-4.697574,1.342164,-0.223694,0,2.6,0.4,2.6,-69.1,290.9,288.0,Tripod,Other,,23,5,True,,True,False,,Smart,RC,False,True,False,,,True,,False,False,False,False,False,False,False,False,False,False,0,Follow Yaw,-77.9,0,-77.2,282.8,False,False,False,False,False,,0,0,False,False,No Card,100,100,959,1309,1214,1024,2,False,False,False,False,False,0,False,False,False,False,89,,47.544,,8938,,10044,,47.544,,True,3.96,3.96,3.96,3.96,3.96,3.96,3.96,3.96,3.96,3.96,3.96,3.96,0,,False,False,True,,,,,,,,,,,,,,,False,False,19.09,,88.5,,75.7,,88.5,,1674,52,12,17,8,144298.2,19239.76,,Idle,,20,,10,,,20,Go Home,False,False,False,False,False,False,False,False,False,False,False,False,33.8027920380556,-117.4659261431046,1212.8,2972.0,1049.4,396.9,True,1,1,False,False,False,False,,True,False,False,Course Lock,196.8,67,16.4,93,E,S,10.28,10.28,Calm,False,False,Android,7.0.2,M300 RTK,1ZN7L4R0H1D00F,1W9DL31001461C,1ZMLH8300204F0,1Z6PH74DAP0QN7,"Corona, CA",728.3,5.7,137.7,8.547347,2.013246,0,0,DJI Matrice 300 RTK,M300 RTK,1ZN7L4R0H1D00F,1W9DL31001461C,1ZMLH8300204F0,1Z6PH74DAP0QN7,DJI Pilot,Android,7.0.2,1EF72A62-B7C3-C88D-164E-CE6F8C8424AE,1ZN7L4R0H1D00F,1W9DL31001461C,,1ZMLH8300204F0,1W9DL31001461C,,,,,
2023-11-01,11:27:39.04 AM,3m 16.7s,196.7,33.8013735927957,-117.4695468710024,119.7,119.7,20.9,1384,1404.1,4.951677,6.085134,1.565858,2.23694,-4.697574,1.342164,-0.223694,0,2.6,0.4,2.6,-69.1,290.9,287.0,Tripod,Other,,23,5,True,,True,False,,Smart,RC,False,True,False,,,True,,False,False,False,False,False,False,False,False,False,False,0,Follow Yaw,-77.9,0,-77.2,282.8,False,False,False,False,False,,0,0,False,False,No Card,100,100,955,1307,1224,1024,2,False,False,False,False,False,0,False,False,False,False,89,,47.544,,8938,,10044,,47.544,,True,3.96,3.96,3.96,3.96,3.96,3.96,3.96,3.96,3.96,3.96,3.96,3.96,0,,False,False,True,,,,,,,,,,,,,,,False,False,19.09,,88.5,,75.7,,88.5,,1674,52,12,17,8,144298.2,19239.76,,Idle,,20,,10,,,20,Go Home,False,False,False,False,False,False,False,False,False,False,False,False,33.8027920380556,-117.4659261431046,1213.4,2972.0,1049.4,396.9,True,1,1,False,False,False,False,,True,False,False,Course Lock,196.8,67,16.4,93,E,S,10.28,10.28,Calm,False,False,Android,7.0.2,M300 RTK,1ZN7L4R0H1D00F,1W9DL31001461C,1ZMLH8300204F0,1Z6PH74DAP0QN7,"Corona, CA",728.3,5.7,137.7,8.547347,2.013246,0,0,DJI Matrice 300 RTK,M300 RTK,1ZN7L4R0H1D00F,1W9DL31001461C,1ZMLH8300204F0,1Z6PH74DAP0QN7,DJI Pilot,Android,7.0.2,1EF72A62-B7C3-C88D-164E-CE6F8C8424AE,1ZN7L4R0H1D00F,1W9DL31001461C,,1ZMLH8300204F0,1W9DL31001461C,,,,,
2023-11-01,11:27:39.14 AM,3m 16.8s,196.8,33.8013742178102,-117.4695492466882,119.7,119.7,20.9,1384,1404.8,4.951677,6.085134,1.565858,2.23694,-4.697574,1.342164,-0.223694,0,2.5,0.4,2.5,-69.2,290.8,287.5,Tripod,Other,,23,5,True,,True,False,,Smart,RC,False,True,False,,,True,,False,False,False,False,False,False,False,False,False,False,0,Follow Yaw,-77.9,0,-77.2,282.8,False,False,False,False,False,,0,0,False,False,No Card,100,100,953,1302,1225,1024,2,False,False,False,False,False,0,False,False,False,False,89,,47.544,,8938,,10044,,47.544,,True,3.96,3.96,3.96,3.96,3.96,3.96,3.96,3.96,3.96,3.96,3.96,3.96,0,,False,False,True,,,,,,,,,,,,,,,False,False,19.09,,88.5,,75.7,,88.5,,1674,52,12,17,8,144298.2,19239.76,,Idle,,20,,10,,,20,Go Home,False,False,False,False,False,False,False,False,False,False,False,False,33.8027920380556,-117.4659261431046,1214.0,2972.0,1049.4,396.9,True,1,1,False,False,False,False,,True,False,False,Course Lock,196.8,67,16.4,93,E,S,10.28,10.28,Calm,False,False,Android,7.0.2,M300 RTK,1ZN7L4R0H1D00F,1W9DL31001461C,1ZMLH8300204F0,1Z6PH74DAP0QN7,"Corona, CA",728.3,5.7,137.7,8.547347,2.013246,0,0,DJI Matrice 300 RTK,M300 RTK,1ZN7L4R0H1D00F,1W9DL31001461C,1ZMLH8300204F0,1Z6PH74DAP0QN7,DJI Pilot,Android,7.0.2,1EF72A62-B7C3-C88D-164E-CE6F8C8424AE,1ZN7L4R0H1D00F,1W9DL31001461C,,1ZMLH8300204F0,1W9DL31001461C,,,,,
2023-11-01,11:27:39.21 AM,3m 16.9s,196.9,33.801374838987,-117.4695515728944,119.7,119.7,20.9,1384,1405.6,4.951677,6.085134,1.565858,2.23694,-4.697574,1.342164,-0.223694,0,2.6,0.4,2.6,-69.2,290.8,287.8,Tripod,Other,,23,5,True,,True,False,,Smart,RC,False,True,False,,,True,,False,False,False,False,False,False,False,False,False,False,0,Follow Yaw,-77.9,0,-77.2,282.8,False,False,False,False,False,,0,0,False,False,No Card,100,100,972,1314,1221,1024,2,False,False,False,False,False,0,False,False,False,False,89,,47.544,,8938,,10044,,47.544,,True,3.96,3.96,3.96,3.96,3.96,3.96,3.96,3.96,3.96,3.96,3.96,3.96,0,,False,False,True,,,,,,,,,,,,,,,False,False,19.09,,88.5,,75.7,,88.5,,1674,52,12,17,8,144298.2,19239.76,,Idle,,20,,10,,,20,Go Home,False,False,False,False,False,False,False,False,False,False,False,False,33.8027920380556,-117.4659261431046,1214.5,2972.0,1049.4,396.9,True,1,1,False,False,False,False,,True,False,False,Course Lock,196.8,67,16.4,93,E,S,10.28,10.28,Calm,False,False,Android,7.0.2,M300 RTK,1ZN7L4R0H1D00F,1W9DL31001461C,1ZMLH8300204F0,1Z6PH74DAP0QN7,"Corona, CA",728.3,5.7,137.7,8.547347,2.013246,0,0,DJI Matrice 300 RTK,M300 RTK,1ZN7L4R0H1D00F,1W9DL31001461C,1ZMLH8300204F0,1Z6PH74DAP0QN7,DJI Pilot,Android,7.0.2,1EF72A62-B7C3-C88D-164E-CE6F8C8424AE,1ZN7L4R0H1D00F,1W9DL31001461C,,1ZMLH8300204F0,1W9DL31001461C,,,,,
2023-11-01,11:27:39.34 AM,3m 17.0s,197.0,33.8013754530363,-117.4695539541878,119.7,119.7,20.9,1384,1406.3,4.951677,6.085134,1.565858,2.23694,-4.697574,1.342164,-0.223694,0,2.6,0.3,2.6,-69.1,290.9,287.2,Tripod,Other,,23,5,True,,True,False,,Smart,RC,False,True,False,,,True,,False,False,False,False,False,False,False,False,False,False,0,Follow Yaw,-77.9,0,-77.2,282.8,False,False,False,False,False,,0,0,False,False,No Card,100,100,983,1318,1221,1024,2,False,False,False,False,False,0,False,False,False,False,89,,47.508,,8938,,10044,,47.508,,True,3.96,3.96,3.96,3.96,3.96,3.96,3.96,3.96,3.96,3.96,3.96,3.96,0,,False,False,True,,,,,,,,,,,,,,,False,False,19.324,,88.5,,75.7,,88.5,,1674,52,12,17,8,144298.2,19239.76,,Idle,,20,,10,,,20,Go Home,False,False,False,False,False,False,False,False,False,False,False,False,33.8027920380556,-117.4659261431046,1215.1,2972.0,1049.4,396.9,True,1,1,False,False,False,False,,True,False,False,Course Lock,196.8,67,16.4,93,E,S,10.28,10.28,Calm,False,False,Android,7.0.2,M300 RTK,1ZN7L4R0H1D00F,1W9DL31001461C,1ZMLH8300204F0,1Z6PH74DAP0QN7,"Corona, CA",728.3,5.7,137.7,8.547347,2.013246,0,0,DJI Matrice 300 RTK,M300 RTK,1ZN7L4R0H1D00F,1W9DL31001461C,1ZMLH8300204F0,1Z6PH74DAP0QN7,DJI Pilot,Android,7.0.2,1EF72A62-B7C3-C88D-164E-CE6F8C8424AE,1ZN7L4R0H1D00F,1W9DL31001461C,,1ZMLH8300204F0,1W9DL31001461C,,,,,
2023-11-01,11:27:39.44 AM,3m 17.1s,197.1,33.8013760906608,-117.4695562810536,120.0,120.0,20.9,1384,1407.1,4.951677,6.085134,1.565858,2.23694,-4.697574,1.342164,-0.223694,0,2.7,0.3,2.7,-69.1,290.9,288.2,Tripod,Other,,23,5,True,,True,False,,Smart,RC,False,True,False,,,True,,False,False,False,False,False,False,False,False,False,False,0,Follow Yaw,-77.9,0,-77.2,282.8,False,False,False,False,False,,0,0,False,False,No Card,100,100,982,1312,1223,1024,2,False,False,False,False,False,0,False,False,False,False,89,,47.508,,8938,,10044,,47.508,,True,3.96,3.96,3.96,3.96,3.96,3.96,3.96,3.96,3.96,3.96,3.96,3.96,0,,False,False,True,,,,,,,,,,,,,,,False,False,19.324,,88.5,,75.7,,88.5,,1674,52,12,17,8,144298.2,19239.76,,Idle,,20,,10,,,20,Go Home,False,False,False,False,False,False,False,False,False,False,False,False,33.8027920380556,-117.4659261431046,1215.6,2972.0,1049.4,396.9,True,1,1,False,False,False,False,,True,False,False,Course Lock,196.8,67,16.4,93,E,S,10.28,10.28,Calm,False,False,Android,7.0.2,M300 RTK,1ZN7L4R0H1D00F,1W9DL31001461C,1ZMLH8300204F0,1Z6PH74DAP0QN7,"Corona, CA",728.3,5.7,137.7,8.547347,2.013246,0,0,DJI Matrice 300 RTK,M300 RTK,1ZN7L4R0H1D00F,1W9DL31001461C,1ZMLH8300204F0,1Z6PH74DAP0QN7,DJI Pilot,Android,7.0.2,1EF72A62-B7C3-C88D-164E-CE6F8C8424AE,1ZN7L4R0H1D00F,1W9DL31001461C,,1ZMLH8300204F0,1W9DL31001461C,,,,,
2023-11-01,11:27:39.54 AM,3m 17.2s,197.2,33.801376693745,-117.469558662677,120.0,120.0,20.9,1384,1407.8,4.951677,6.085134,1.565858,2.23694,-4.697574,1.342164,-0.223694,0,2.8,0.5,2.8,-69.1,290.9,286.9,Tripod,Other,,23,5,True,,True,False,,Smart,RC,False,True,False,,,True,,False,False,False,False,False,False,False,False,False,False,0,Follow Yaw,-77.9,0,-77.2,282.8,False,False,False,False,False,,0,0,False,False,No Card,100,100,980,1313,1226,1024,2,False,False,False,False,False,0,False,False,False,False,89,,47.508,,8938,,10044,,47.508,,True,3.96,3.96,3.96,3.96,3.96,3.96,3.96,3.96,3.96,3.96,3.96,3.96,0,,False,False,True,,,,,,,,,,,,,,,False,False,19.324,,88.5,,75.7,,88.5,,1674,52,12,17,8,144298.2,19239.76,,Idle,,20,,10,,,20,Go Home,False,False,False,False,False,False,False,False,False,False,False,False,33.8027920380556,-117.4659261431046,1216.2,2972.0,1049.4,396.9,True,1,1,False,False,False,False,,True,False,False,Course Lock,196.8,67,16.4,93,E,S,10.28,10.28,Calm,False,False,Android,7.0.2,M300 RTK,1ZN7L4R0H1D00F,1W9DL31001461C,1ZMLH8300204F0,1Z6PH74DAP0QN7,"Corona, CA",728.3,5.7,137.7,8.547347,2.013246,0,0,DJI Matrice 300 RTK,M300 RTK,1ZN7L4R0H1D00F,1W9DL31001461C,1ZMLH8300204F0,1Z6PH74DAP0QN7,DJI Pilot,Android,7.0.2,1EF72A62-B7C3-C88D-164E-CE6F8C8424AE,1ZN7L4R0H1D00F,1W9DL31001461C,,1ZMLH8300204F0,1W9DL31001461C,,,,,
2023-11-01,11:27:39.62 AM,3m 17.3s,197.3,33.8013774695306,-117.4695609479799,120.0,120.0,20.9,1384,1408.6,4.951677,6.085134,1.565858,2.23694,-4.697574,1.342164,-0.223694,0,2.8,0.8,2.9,-69.1,290.9,292.2,Tripod,Other,,23,5,True,,True,False,,Smart,RC,False,True,False,,,True,,False,False,False,False,False,False,False,False,False,False,0,Follow Yaw,-77.9,0,-77.2,282.8,False,False,False,False,False,,0,0,False,False,No Card,100,100,980,1313,1226,1024,2,False,False,False,False,False,0,False,False,False,False,89,,47.508,,8938,,10044,,47.508,,True,3.962,3.962,3.962,3.962,3.962,3.962,3.962,3.962,3.962,3.962,3.962,3.962,0,,False,False,True,,,,,,,,,,,,,,,False,False,19.324,,88.5,,75.7,,88.5,,1674,52,12,17,8,144119.2,19215.89,,Idle,,20,,10,,,20,Go Home,False,False,False,False,False,False,False,False,False,False,False,False,33.8027920380556,-117.4659261431046,1216.7,2972.0,1049.4,396.9,True,1,1,False,False,False,False,,True,False,False,Course Lock,196.8,67,16.4,93,E,S,10.28,10.28,Calm,False,False,Android,7.0.2,M300 RTK,1ZN7L4R0H1D00F,1W9DL31001461C,1ZMLH8300204F0,1Z6PH74DAP0QN7,"Corona, CA",728.3,5.7,137.7,8.547347,2.013246,0,0,DJI Matrice 300 RTK,M300 RTK,1ZN7L4R0H1D00F,1W9DL31001461C,1ZMLH8300204F0,1Z6PH74DAP0QN7,DJI Pilot,Android,7.0.2,1EF72A62-B7C3-C88D-164E-CE6F8C8424AE,1ZN7L4R0H1D00F,1W9DL31001461C,,1ZMLH8300204F0,1W9DL31001461C,,,,,
2023-11-01,11:27:39.73 AM,3m 17.4s,197.4,33.8013780835799,-117.4695633140996,120.0,120.0,20.6,1384,1409.3,4.951677,6.085134,1.565858,2.23694,-4.697574,1.342164,-0.223694,0,2.7,0.8,2.8,-69.2,290.8,287.3,Tripod,Other,,23,5,True,,True,False,,Smart,RC,False,True,False,,,True,,False,False,False,False,False,False,False,False,False,False,0,Follow Yaw,-77.9,0,-77.2,282.8,False,False,False,False,False,,0,0,False,False,No Card,100,100,961,1294,1236,1024,2,False,False,False,False,False,0,False,False,False,False,89,,47.508,,8938,,10044,,47.508,,True,3.962,3.962,3.962,3.962,3.962,3.962,3.962,3.962,3.962,3.962,3.962,3.962,0,,False,False,True,,,,,,,,,,,,,,,False,False,19.324,,88.5,,75.7,,88.5,,1674,52,12,17,8,144119.2,19215.89,,Idle,,20,,10,,,20,Go Home,False,False,False,False,False,False,False,False,False,False,False,False,33.8027920380556,-117.4659261431046,1217.2,2972.0,1049.4,396.9,True,1,1,False,False,False,False,,True,False,False,Course Lock,196.8,67,16.4,93,E,S,10.28,10.28,Calm,False,False,Android,7.0.2,M300 RTK,1ZN7L4R0H1D00F,1W9DL31001461C,1ZMLH8300204F0,1Z6PH74DAP0QN7,"Corona, CA",728.3,5.7,137.7,8.547347,2.013246,0,0,DJI Matrice 300 RTK,M300 RTK,1ZN7L4R0H1D00F,1W9DL31001461C,1ZMLH8300204F0,1Z6PH74DAP0QN7,DJI Pilot,Android,7.0.2,1EF72A62-B7C3-C88D-164E-CE6F8C8424AE,1ZN7L4R0H1D00F,1W9DL31001461C,,1ZMLH8300204F0,1W9DL31001461C,,,,,
2023-11-01,11:27:39.84 AM,3m 17.5s,197.5,33.8013786543169,-117.4695659579654,120.0,120.0,20.9,1384,1410.1,4.951677,6.085134,1.565858,2.23694,-4.697574,1.342164,-0.223694,0,2.8,0.7,2.8,-69.2,290.8,284.5,Tripod,Other,,23,5,True,,True,False,,Smart,RC,False,True,False,,,True,,False,False,False,False,False,False,False,False,False,False,0,Follow Yaw,-77.9,0,-77.2,282.8,False,False,False,False,False,,0,0,False,False,No Card,100,100,958,1291,1235,1024,2,False,False,False,False,False,0,False,False,False,False,89,,47.508,,8938,,10044,,47.508,,True,3.962,3.962,3.962,3.962,3.962,3.962,3.962,3.962,3.962,3.962,3.962,3.962,0,,False,False,True,,,,,,,,,,,,,,,False,False,19.324,,88.5,,75.7,,88.5,,1674,52,12,17,8,144119.2,19215.89,,Idle,,20,,10,,,20,Go Home,False,False,False,False,False,False,False,False,False,False,False,False,33.8027920380556,-117.4659261431046,1217.9,2972.0,1049.4,396.9,True,1,1,False,False,False,False,,True,False,False,Course Lock,196.8,67,16.4,93,E,S,10.28,10.28,Calm,False,False,Android,7.0.2,M300 RTK,1ZN7L4R0H1D00F,1W9DL31001461C,1ZMLH8300204F0,1Z6PH74DAP0QN7,"Corona, CA",728.3,5.7,137.7,8.547347,2.013246,0,0,DJI Matrice 300 RTK,M300 RTK,1ZN7L4R0H1D00F,1W9DL31001461C,1ZMLH8300204F0,1Z6PH74DAP0QN7,DJI Pilot,Android,7.0.2,1EF72A62-B7C3-C88D-164E-CE6F8C8424AE,1ZN7L4R0H1D00F,1W9DL31001461C,,1ZMLH8300204F0,1W9DL31001461C,,,,,
2023-11-01,11:27:39.93 AM,3m 17.6s,197.6,33.8013792672697,-117.4695683402485,120.0,120.0,20.6,1384,1410.9,4.951677,6.085134,1.565858,2.23694,-4.697574,1.342164,-0.223694,0,2.8,0.5,2.8,-69.2,290.8,287.2,Tripod,Other,,23,5,True,,True,False,,Smart,RC,False,True,False,,,True,,False,False,False,False,False,False,False,False,False,False,0,Follow Yaw,-77.9,0,-77.2,282.8,False,False,False,False,False,,0,0,False,False,No Card,100,100,961,1297,1229,1024,2,False,False,False,False,False,0,False,False,False,False,89,,47.508,,8938,,10044,,47.508,,True,3.962,3.962,3.962,3.962,3.962,3.962,3.962,3.962,3.962,3.962,3.962,3.962,0,,False,False,True,,,,,,,,,,,,,,,False,False,19.324,,88.5,,75.7,,88.5,,1674,52,12,17,8,144119.2,19215.89,,Idle,,20,,10,,,20,Go Home,False,False,False,False,False,False,False,False,False,False,False,False,33.8027920380556,-117.4659261431046,1218.4,2972.0,1049.4,396.9,True,1,1,False,False,False,False,,True,False,False,Course Lock,196.8,67,16.4,93,E,S,10.28,10.28,Calm,False,False,Android,7.0.2,M300 RTK,1ZN7L4R0H1D00F,1W9DL31001461C,1ZMLH8300204F0,1Z6PH74DAP0QN7,"Corona, CA",728.3,5.7,137.7,8.547347,2.013246,0,0,DJI Matrice 300 RTK,M300 RTK,1ZN7L4R0H1D00F,1W9DL31001461C,1ZMLH8300204F0,1Z6PH74DAP0QN7,DJI Pilot,Android,7.0.2,1EF72A62-B7C3-C88D-164E-CE6F8C8424AE,1ZN7L4R0H1D00F,1W9DL31001461C,,1ZMLH8300204F0,1W9DL31001461C,,,,,
2023-11-01,11:27:40.04 AM,3m 17.7s,197.7,33.8013799843917,-117.4695707479312,120.4,120.4,20.9,1384,1411.7,4.951677,6.085134,1.565858,2.23694,-4.697574,1.342164,-0.223694,0,2.9,0.2,2.9,-69.1,290.9,289.7,Tripod,Other,,23,5,True,,True,False,,Smart,RC,False,True,False,,,True,,False,False,False,False,False,False,False,False,False,False,0,Follow Yaw,-77.9,0,-77.2,282.8,False,False,False,False,False,,0,0,False,False,No Card,100,100,984,1306,1223,1024,2,False,False,False,False,False,0,False,False,False,False,89,,47.472,,4437,,4986,,47.472,,True,3.962,3.962,3.962,3.962,3.962,3.962,3.962,3.962,3.962,3.962,3.962,3.962,0,,False,False,True,,,,,,,,,,,,,,,False,False,9.464,,87.8,,75.7,,88.5,,1674,52,12,17,8,144119.2,19215.89,,Idle,,20,,10,,,20,Go Home,False,False,False,False,False,False,False,False,False,False,False,False,33.8027920380556,-117.4659261431046,1219.0,2972.0,1049.4,396.9,True,1,1,False,False,False,False,,True,False,False,Course Lock,196.8,67,16.4,93,E,S,10.28,10.28,Calm,False,False,Android,7.0.2,M300 RTK,1ZN7L4R0H1D00F,1W9DL31001461C,1ZMLH8300204F0,1Z6PH74DAP0QN7,"Corona, CA",728.3,5.7,137.7,8.547347,2.013246,0,0,DJI Matrice 300 RTK,M300 RTK,1ZN7L4R0H1D00F,1W9DL31001461C,1ZMLH8300204F0,1Z6PH74DAP0QN7,DJI Pilot,Android,7.0.2,1EF72A62-B7C3-C88D-164E-CE6F8C8424AE,1ZN7L4R0H1D00F,1W9DL31001461C,,1ZMLH8300204F0,1W9DL31001461C,,,,,
2023-11-01,11:27:40.14 AM,3m 17.8s,197.8,33.8013805935067,-117.4695731348324,120.4,120.4,20.9,1384,1412.4,4.88555,6.085134,1.342164,2.23694,-4.697574,1.342164,-0.223694,0,3.2,0,3.2,-69.1,290.9,287.0,Tripod,Other,,23,5,True,,True,False,,Smart,RC,False,True,False,,,True,,False,False,False,False,False,False,False,False,False,False,0,Follow Yaw,-77.9,0,-77.2,282.8,False,False,False,False,False,,0,0,False,False,No Card,100,100,990,1310,1224,1024,2,False,False,False,False,False,0,False,False,False,False,89,,47.472,,4437,,4986,,47.472,,True,3.962,3.962,3.962,3.962,3.962,3.962,3.962,3.962,3.962,3.962,3.962,3.962,0,,False,False,True,,,,,,,,,,,,,,,False,False,9.464,,87.8,,75.7,,88.5,,1674,52,12,17,8,144119.2,19215.89,,Idle,,20,,10,,,20,Go Home,False,False,False,False,False,False,False,False,False,False,False,False,33.8027920380556,-117.4659261431046,1219.6,2972.0,1049.4,396.9,True,1,1,False,False,False,False,,True,False,False,Course Lock,196.8,67,16.4,93,E,S,10.28,10.28,Calm,False,False,Android,7.0.2,M300 RTK,1ZN7L4R0H1D00F,1W9DL31001461C,1ZMLH8300204F0,1Z6PH74DAP0QN7,"Corona, CA",728.3,5.7,137.7,8.547347,2.013246,0,0,DJI Matrice 300 RTK,M300 RTK,1ZN7L4R0H1D00F,1W9DL31001461C,1ZMLH8300204F0,1Z6PH74DAP0QN7,DJI Pilot,Android,7.0.2,1EF72A62-B7C3-C88D-164E-CE6F8C8424AE,1ZN7L4R0H1D00F,1W9DL31001461C,,1ZMLH8300204F0,1W9DL31001461C,,,,,
2023-11-01,11:27:40.24 AM,3m 17.9s,197.9,33.8013812991152,-117.4695755441643,120.4,120.4,20.9,1384,1413.2,4.88555,6.085134,1.342164,2.23694,-4.697574,1.342164,-0.223694,0,3.2,0.2,3.2,-69,291,289.4,Tripod,Other,,23,5,True,,True,False,,Smart,RC,False,True,False,,,True,,False,False,False,False,False,False,False,False,False,False,0,Follow Yaw,-77.9,0,-77.2,282.8,False,False,False,False,False,,0,0,False,False,No Card,100,100,929,1295,1232,1024,2,False,False,False,False,False,0,False,False,False,False,89,,47.472,,4437,,4986,,47.472,,True,3.962,3.962,3.962,3.962,3.962,3.962,3.962,3.962,3.962,3.962,3.962,3.962,0,,False,False,True,,,,,,,,,,,,,,,False,False,9.464,,87.8,,75.7,,88.5,,1674,52,12,17,8,144119.2,19215.89,,Idle,,20,,10,,,20,Go Home,False,False,False,False,False,False,False,False,False,False,False,False,33.8027920380556,-117.4659261431046,1220.1,2972.0,1049.4,396.9,True,1,1,False,False,False,False,,True,False,False,Course Lock,196.8,67,16.4,93,E,S,10.28,10.28,Calm,False,False,Android,7.0.2,M300 RTK,1ZN7L4R0H1D00F,1W9DL31001461C,1ZMLH8300204F0,1Z6PH74DAP0QN7,"Corona, CA",728.3,5.7,137.7,8.547347,2.013246,0,0,DJI Matrice 300 RTK,M300 RTK,1ZN7L4R0H1D00F,1W9DL31001461C,1ZMLH8300204F0,1Z6PH74DAP0QN7,DJI Pilot,Android,7.0.2,1EF72A62-B7C3-C88D-164E-CE6F8C8424AE,1ZN7L4R0H1D00F,1W9DL31001461C,,1ZMLH8300204F0,1W9DL31001461C,,,,,
2023-11-01,11:27:40.35 AM,3m 18.0s,198.0,33.8013818983616,-117.4695779313954,120.4,120.4,20.9,1384,1414.0,4.88555,6.085134,1.342164,2.23694,-4.697574,1.342164,-0.223694,0,2.9,0.5,2.9,-69.1,290.9,286.8,Tripod,Other,,23,5,True,,True,False,,Smart,RC,False,True,False,,,True,,False,False,False,False,False,False,False,False,False,False,0,Follow Yaw,-77.9,0,-77.2,282.8,False,False,False,False,False,,0,0,False,False,No Card,100,100,820,1253,1234,1024,2,False,False,False,False,False,0,False,False,False,False,89,,47.484,,8938,,10044,,47.484,,True,3.962,3.962,3.962,3.962,3.962,3.962,3.962,3.962,3.962,3.962,3.962,3.962,0,,False,False,True,,,,,,,,,,,,,,,False,False,19.26,,88.5,,75.7,,88.5,,1674,52,12,17,8,144119.2,19215.89,,Idle,,20,,10,,,20,Go Home,False,False,False,False,False,False,False,False,False,False,False,False,33.8027920380556,-117.4659261431046,1220.7,2972.0,1049.4,396.9,True,1,1,False,False,False,False,,True,False,False,Course Lock,196.8,67,16.4,93,E,S,10.28,10.28,Calm,False,False,Android,7.0.2,M300 RTK,1ZN7L4R0H1D00F,1W9DL31001461C,1ZMLH8300204F0,1Z6PH74DAP0QN7,"Corona, CA",728.3,5.7,137.7,8.547347,2.013246,0,0,DJI Matrice 300 RTK,M300 RTK,1ZN7L4R0H1D00F,1W9DL31001461C,1ZMLH8300204F0,1Z6PH74DAP0QN7,DJI Pilot,Android,7.0.2,1EF72A62-B7C3-C88D-164E-CE6F8C8424AE,1ZN7L4R0H1D00F,1W9DL31001461C,,1ZMLH8300204F0,1W9DL31001461C,,,,,
2023-11-01,11:27:40.45 AM,3m 18.1s,198.1,33.8013825831363,-117.4695803605193,120.4,120.4,20.9,1384,1414.7,4.88555,6.085134,1.342164,2.23694,-4.697574,1.342164,-0.223694,0,2.8,0.7,2.8,-69.2,290.8,288.7,Tripod,Other,,23,5,True,,True,False,,Smart,RC,False,True,False,,,True,,False,False,False,False,False,False,False,False,False,False,0,Follow Yaw,-77.9,0,-77.2,282.8,False,False,False,False,False,,0,0,False,False,No Card,100,100,814,1251,1232,1024,2,False,False,False,False,False,0,False,False,False,False,89,,47.484,,8938,,10044,,47.484,,True,3.962,3.962,3.962,3.962,3.962,3.962,3.962,3.962,3.962,3.962,3.962,3.962,0,,False,False,True,,,,,,,,,,,,,,,False,False,19.26,,88.5,,75.7,,88.5,,1674,52,12,17,8,144119.2,19215.89,,Idle,,20,,10,,,20,Go Home,False,False,False,False,False,False,False,False,False,False,False,False,33.8027920380556,-117.4659261431046,1221.2,2972.0,1049.4,396.9,True,1,1,False,False,False,False,,True,False,False,Course Lock,196.8,67,16.4,93,E,S,10.28,10.28,Calm,False,False,Android,7.0.2,M300 RTK,1ZN7L4R0H1D00F,1W9DL31001461C,1ZMLH8300204F0,1Z6PH74DAP0QN7,"Corona, CA",728.3,5.7,137.7,8.547347,2.013246,0,0,DJI Matrice 300 RTK,M300 RTK,1ZN7L4R0H1D00F,1W9DL31001461C,1ZMLH8300204F0,1Z6PH74DAP0QN7,DJI Pilot,Android,7.0.2,1EF72A62-B7C3-C88D-164E-CE6F8C8424AE,1ZN7L4R0H1D00F,1W9DL31001461C,,1ZMLH8300204F0,1W9DL31001461C,,,,,
2023-11-01,11:27:40.55 AM,3m 18.2s,198.2,33.8013831862205,-117.4695827569866,120.7,120.7,20.9,1384,1415.5,4.88555,6.085134,1.342164,2.23694,-4.697574,1.342164,-0.223694,0,2.9,0.6,2.9,-69.2,290.8,286.8,Tripod,Other,,23,5,True,,True,False,,Smart,RC,False,True,False,,,True,,False,False,False,False,False,False,False,False,False,False,0,Follow Yaw,-77.9,0,-77.2,282.8,False,False,False,False,False,,0,0,False,False,No Card,100,100,812,1246,1233,1024,2,False,False,False,False,False,0,False,False,False,False,89,,47.484,,8938,,10044,,47.484,,True,3.962,3.962,3.962,3.962,3.962,3.962,3.962,3.962,3.962,3.962,3.962,3.962,0,,False,False,True,,,,,,,,,,,,,,,False,False,19.26,,88.5,,75.7,,88.5,,1674,52,12,17,8,144119.2,19215.89,,Idle,,20,,10,,,20,Go Home,False,False,False,False,False,False,False,False,False,False,False,False,33.8027920380556,-117.4659261431046,1221.8,2972.0,1049.4,396.9,True,1,1,False,False,False,False,,True,False,False,Course Lock,196.8,67,16.4,93,E,S,10.28,10.28,Calm,False,False,Android,7.0.2,M300 RTK,1ZN7L4R0H1D00F,1W9DL31001461C,1ZMLH8300204F0,1Z6PH74DAP0QN7,"Corona, CA",728.3,5.7,137.7,8.547347,2.013246,0,0,DJI Matrice 300 RTK,M300 RTK,1ZN7L4R0H1D00F,1W9DL31001461C,1ZMLH8300204F0,1Z6PH74DAP0QN7,DJI Pilot,Android,7.0.2,1EF72A62-B7C3-C88D-164E-CE6F8C8424AE,1ZN7L4R0H1D00F,1W9DL31001461C,,1ZMLH8300204F0,1W9DL31001461C,,,,,
2023-11-01,11:27:40.65 AM,3m 18.3s,198.3,33.801384038214,-117.4695851871,120.7,120.7,20.9,1384,1416.3,4.88555,6.085134,1.342164,2.23694,-4.697574,1.342164,-0.223694,0,3.3,0,3.3,-69.3,290.7,292.8,Tripod,Other,,23,5,True,,True,False,,Smart,RC,False,True,False,,,True,,False,False,False,False,False,False,False,False,False,False,0,Follow Yaw,-77.9,0,-77.2,282.8,False,False,False,False,False,,0,0,False,False,No Card,100,100,811,1244,1234,1024,2,False,False,False,False,False,0,False,False,False,False,89,,47.484,,8938,,10044,,47.484,,True,3.959,3.959,3.959,3.959,3.959,3.959,3.959,3.959,3.959,3.959,3.959,3.959,0,,False,False,True,,,,,,,,,,,,,,,False,False,19.26,,88.5,,75.7,,88.5,,1674,52,12,17,8,144024.6,19203.28,,Idle,,20,,10,,,20,Go Home,False,False,False,False,False,False,False,False,False,False,False,False,33.8027920380556,-117.4659261431046,1222.3,2972.0,1049.4,396.9,True,1,1,False,False,False,False,,True,False,False,Course Lock,196.8,67,16.4,93,E,S,10.28,10.28,Calm,False,False,Android,7.0.2,M300 RTK,1ZN7L4R0H1D00F,1W9DL31001461C,1ZMLH8300204F0,1Z6PH74DAP0QN7,"Corona, CA",728.3,5.7,137.7,8.547347,2.013246,0,0,DJI Matrice 300 RTK,M300 RTK,1ZN7L4R0H1D00F,1W9DL31001461C,1ZMLH8300204F0,1Z6PH74DAP0QN7,DJI Pilot,Android,7.0.2,1EF72A62-B7C3-C88D-164E-CE6F8C8424AE,1ZN7L4R0H1D00F,1W9DL31001461C,,1ZMLH8300204F0,1W9DL31001461C,,,,,
2023-11-01,11:27:40.76 AM,3m 18.4s,198.4,33.8013846462325,-117.4695875947827,120.7,120.7,21.3,1384,1417.1,4.88555,6.085134,1.342164,2.23694,-4.697574,1.342164,-0.223694,0,3.7,-0.7,3.7,-69.2,290.8,286.9,Tripod,Other,,23,5,True,,True,False,,Smart,RC,False,True,False,,,True,,False,False,False,False,False,False,False,False,False,False,0,Follow Yaw,-77.9,0,-77.2,282.8,False,False,False,False,False,,0,0,False,False,No Card,100,100,810,1239,1235,1024,2,False,False,False,False,False,0,False,False,False,False,89,,47.484,,8938,,10044,,47.484,,True,3.959,3.959,3.959,3.959,3.959,3.959,3.959,3.959,3.959,3.959,3.959,3.959,0,,False,False,True,,,,,,,,,,,,,,,False,False,19.26,,88.5,,75.7,,88.5,,1674,52,12,17,8,144024.6,19203.28,,Idle,,20,,10,,,20,Go Home,False,False,False,False,False,False,False,False,False,False,False,False,33.8027920380556,-117.4659261431046,1222.9,2972.0,1049.4,396.9,True,1,1,False,False,False,False,,True,False,False,Course Lock,196.8,67,16.4,93,E,S,10.28,10.28,Calm,False,False,Android,7.0.2,M300 RTK,1ZN7L4R0H1D00F,1W9DL31001461C,1ZMLH8300204F0,1Z6PH74DAP0QN7,"Corona, CA",728.3,5.7,137.7,8.547347,2.013246,0,0,DJI Matrice 300 RTK,M300 RTK,1ZN7L4R0H1D00F,1W9DL31001461C,1ZMLH8300204F0,1Z6PH74DAP0QN7,DJI Pilot,Android,7.0.2,1EF72A62-B7C3-C88D-164E-CE6F8C8424AE,1ZN7L4R0H1D00F,1W9DL31001461C,,1ZMLH8300204F0,1W9DL31001461C,,,,,
2023-11-01,11:27:40.86 AM,3m 18.5s,198.5,33.8013850947079,-117.4695898322552,120.7,120.7,21.3,1384,1417.8,4.88555,6.085134,1.342164,2.23694,-4.697574,1.342164,-0.223694,0,3.9,-1,4,-69.2,290.8,283.5,Tripod,Other,,23,5,True,,True,False,,Smart,RC,False,True,False,,,True,,False,False,False,False,False,False,False,False,False,False,0,Follow Yaw,-77.9,0,-77.2,282.8,False,False,False,False,False,,0,0,False,False,No Card,100,100,811,1235,1238,1024,2,False,False,False,False,False,0,False,False,False,False,89,,47.484,,8938,,10044,,47.484,,True,3.959,3.959,3.959,3.959,3.959,3.959,3.959,3.959,3.959,3.959,3.959,3.959,0,,False,False,True,,,,,,,,,,,,,,,False,False,19.26,,88.5,,75.7,,88.5,,1674,52,12,17,8,144024.6,19203.28,,Idle,,20,,10,,,20,Go Home,False,False,False,False,False,False,False,False,False,False,False,False,33.8027920380556,-117.4659261431046,1223.5,2972.0,1049.4,396.9,True,1,1,False,False,False,False,,True,False,False,Course Lock,196.8,67,16.4,93,E,S,10.28,10.28,Calm,False,False,Android,7.0.2,M300 RTK,1ZN7L4R0H1D00F,1W9DL31001461C,1ZMLH8300204F0,1Z6PH74DAP0QN7,"Corona, CA",728.3,5.7,137.7,8.547347,2.013246,0,0,DJI Matrice 300 RTK,M300 RTK,1ZN7L4R0H1D00F,1W9DL31001461C,1ZMLH8300204F0,1Z6PH74DAP0QN7,DJI Pilot,Android,7.0.2,1EF72A62-B7C3-C88D-164E-CE6F8C8424AE,1ZN7L4R0H1D00F,1W9DL31001461C,,1ZMLH8300204F0,1W9DL31001461C,,,,,
2023-11-01,11:27:40.96 AM,3m 18.6s,198.6,33.8013856292598,-117.4695922264134,120.7,120.7,21.3,1384,1418.5,4.828889,6.085134,1.11847,2.23694,-4.697574,1.342164,-0.223694,0,4.1,-1.2,4.2,-69.1,290.9,285.0,Tripod,Other,,23,5,True,,True,False,,Smart,RC,False,True,False,,,True,,False,False,False,False,False,False,False,False,False,False,0,Follow Yaw,-77.9,0,-77.2,282.8,False,False,False,False,False,,0,0,False,False,No Card,100,100,810,1240,1236,1024,2,False,False,False,False,False,0,False,False,False,False,89,,47.484,,8938,,10044,,47.484,,True,3.959,3.959,3.959,3.959,3.959,3.959,3.959,3.959,3.959,3.959,3.959,3.959,0,,False,False,True,,,,,,,,,,,,,,,False,False,19.26,,88.5,,75.7,,88.5,,1674,52,12,17,8,144024.6,19203.28,,Idle,,20,,10,,,20,Go Home,False,False,False,False,False,False,False,False,False,False,False,False,33.8027920380556,-117.4659261431046,1224.0,2972.0,1049.4,396.9,True,1,1,False,False,False,False,,True,False,False,Course Lock,196.8,67,16.4,93,E,S,10.28,10.28,Calm,False,False,Android,7.0.2,M300 RTK,1ZN7L4R0H1D00F,1W9DL31001461C,1ZMLH8300204F0,1Z6PH74DAP0QN7,"Corona, CA",728.3,5.7,137.7,8.547347,2.013246,0,0,DJI Matrice 300 RTK,M300 RTK,1ZN7L4R0H1D00F,1W9DL31001461C,1ZMLH8300204F0,1Z6PH74DAP0QN7,DJI Pilot,Android,7.0.2,1EF72A62-B7C3-C88D-164E-CE6F8C8424AE,1ZN7L4R0H1D00F,1W9DL31001461C,,1ZMLH8300204F0,1W9DL31001461C,,,,,
2023-11-01,11:27:41.06 AM,3m 18.7s,198.7,33.8013861215958,-117.4695948432303,120.7,120.7,20.9,1384,1419.3,4.828889,6.085134,1.11847,2.23694,-4.697574,1.342164,-0.223694,0,4.2,-1.2,4.3,-69,291,282.7,Tripod,Other,,23,5,True,,True,False,,Smart,RC,False,True,False,,,True,,False,False,False,False,False,False,False,False,False,False,0,Follow Yaw,-77.9,0,-77.2,282.8,False,False,False,False,False,,0,0,False,False,No Card,100,100,824,1248,1235,1024,2,False,False,False,False,False,0,False,False,False,False,89,,47.484,,8938,,10044,,47.484,,True,3.959,3.959,3.959,3.959,3.959,3.959,3.959,3.959,3.959,3.959,3.959,3.959,0,,False,False,True,,,,,,,,,,,,,,,False,False,19.26,,88.5,,75.7,,88.5,,1674,52,12,17,8,144024.6,19203.28,,Idle,,20,,10,,,20,Go Home,False,False,False,False,False,False,False,False,False,False,False,False,33.8027920380556,-117.4659261431046,1224.7,2972.0,1049.4,396.9,True,1,1,False,False,False,False,,True,False,False,Course Lock,196.8,67,16.4,93,E,S,10.28,10.28,Calm,False,False,Android,7.0.2,M300 RTK,1ZN7L4R0H1D00F,1W9DL31001461C,1ZMLH8300204F0,1Z6PH74DAP0QN7,"Corona, CA",728.3,5.7,137.7,8.547347,2.013246,0,0,DJI Matrice 300 RTK,M300 RTK,1ZN7L4R0H1D00F,1W9DL31001461C,1ZMLH8300204F0,1Z6PH74DAP0QN7,DJI Pilot,Android,7.0.2,1EF72A62-B7C3-C88D-164E-CE6F8C8424AE,1ZN7L4R0H1D00F,1W9DL31001461C,,1ZMLH8300204F0,1W9DL31001461C,,,,,
2023-11-01,11:27:41.17 AM,3m 18.8s,198.8,33.8013865810363,-117.4695972535519,121.0,121.0,20.9,1385,1420.1,4.782031,6.085134,0.894776,2.23694,-4.697574,1.342164,-0.223694,0,4.3,-1,4.4,-69,291,282.9,Tripod,Other,,23,5,True,,True,False,,Smart,RC,False,True,False,,,True,,False,False,False,False,False,False,False,False,False,False,0,Follow Yaw,-77.9,0,-77.2,282.8,False,False,False,False,False,,0,0,False,False,No Card,100,100,868,1260,1232,1024,2,False,False,False,False,False,0,False,False,False,False,89,,47.484,,8938,,10044,,47.484,,True,3.959,3.959,3.959,3.959,3.959,3.959,3.959,3.959,3.959,3.959,3.959,3.959,0,,False,False,True,,,,,,,,,,,,,,,False,False,19.26,,88.5,,75.7,,88.5,,1674,52,12,17,8,144024.6,19203.28,,Idle,,20,,10,,,20,Go Home,False,False,False,False,False,False,False,False,False,False,False,False,33.8027920380556,-117.4659261431046,1225.3,2972.0,1049.4,396.9,True,1,1,False,False,False,False,,True,False,False,Course Lock,196.8,67,16.4,93,E,S,10.28,10.28,Calm,False,False,Android,7.0.2,M300 RTK,1ZN7L4R0H1D00F,1W9DL31001461C,1ZMLH8300204F0,1Z6PH74DAP0QN7,"Corona, CA",728.3,5.7,137.7,8.547347,2.013246,0,0,DJI Matrice 300 RTK,M300 RTK,1ZN7L4R0H1D00F,1W9DL31001461C,1ZMLH8300204F0,1Z6PH74DAP0QN7,DJI Pilot,Android,7.0.2,1EF72A62-B7C3-C88D-164E-CE6F8C8424AE,1ZN7L4R0H1D00F,1W9DL31001461C,,1ZMLH8300204F0,1W9DL31001461C,,,,,
2023-11-01,11:27:41.27 AM,3m 18.9s,198.9,33.8013869067018,-117.4695997928506,121.0,121.0,20.9,1385,1420.9,4.782031,6.085134,0.894776,2.23694,-4.697574,1.342164,-0.223694,0,4.3,-0.8,4.3,-69,291,278.7,Tripod,Other,,23,5,True,,True,False,,Smart,RC,False,True,False,,,True,,False,False,False,False,False,False,False,False,False,False,0,Follow Yaw,-77.9,0,-77.2,282.8,False,False,False,False,False,,0,0,False,False,No Card,100,100,869,1263,1232,1024,2,False,False,False,False,False,0,False,False,False,False,89,,47.484,,4437,,4986,,47.484,,True,3.959,3.959,3.959,3.959,3.959,3.959,3.959,3.959,3.959,3.959,3.959,3.959,0,,False,False,True,,,,,,,,,,,,,,,False,False,9.45,,87.8,,75.7,,88.5,,1674,52,12,17,8,144024.6,19203.28,,Idle,,20,,10,,,20,Go Home,False,False,False,False,False,False,False,False,False,False,False,False,33.8027920380556,-117.4659261431046,1225.9,2972.0,1049.4,396.9,True,1,1,False,False,False,False,,True,False,False,Course Lock,196.8,67,16.4,93,E,S,10.51,10.51,Calm,False,False,Android,7.0.2,M300 RTK,1ZN7L4R0H1D00F,1W9DL31001461C,1ZMLH8300204F0,1Z6PH74DAP0QN7,"Corona, CA",728.3,5.7,137.7,8.547347,2.013246,0,0,DJI Matrice 300 RTK,M300 RTK,1ZN7L4R0H1D00F,1W9DL31001461C,1ZMLH8300204F0,1Z6PH74DAP0QN7,DJI Pilot,Android,7.0.2,1EF72A62-B7C3-C88D-164E-CE6F8C8424AE,1ZN7L4R0H1D00F,1W9DL31001461C,,1ZMLH8300204F0,1W9DL31001461C,,,,,
2023-11-01,11:27:41.37 AM,3m 19.0s,199.0,33.8013872893861,-117.4696022068007,121.0,121.0,21.3,1385,1421.6,4.782031,6.085134,0.894776,2.23694,-4.697574,1.342164,-0.223694,0,4.2,-0.6,4.2,-69.1,290.9,280.8,Tripod,Other,,23,5,True,,True,False,,Smart,RC,False,True,False,,,True,,False,False,False,False,False,False,False,False,False,False,0,Follow Yaw,-77.9,0,-77.2,282.8,False,False,False,False,False,,0,0,False,False,No Card,100,100,841,1255,1237,1024,2,False,False,False,False,False,0,False,False,False,False,89,,47.508,,8938,,10044,,47.508,,True,3.959,3.959,3.959,3.959,3.959,3.959,3.959,3.959,3.959,3.959,3.959,3.959,0,,False,False,True,,,,,,,,,,,,,,,False,False,19.264,,88.5,,75.7,,88.5,,1674,52,12,17,8,144024.6,19203.28,,Idle,,20,,10,,,20,Go Home,False,False,False,False,False,False,False,False,False,False,False,False,33.8027920380556,-117.4659261431046,1226.5,2972.0,1049.4,396.9,True,1,1,False,False,False,False,,True,False,False,Course Lock,196.8,67,16.4,93,E,S,10.51,10.51,Calm,False,False,Android,7.0.2,M300 RTK,1ZN7L4R0H1D00F,1W9DL31001461C,1ZMLH8300204F0,1Z6PH74DAP0QN7,"Corona, CA",728.3,5.7,137.7,8.547347,2.013246,0,0,DJI Matrice 300 RTK,M300 RTK,1ZN7L4R0H1D00F,1W9DL31001461C,1ZMLH8300204F0,1Z6PH74DAP0QN7,DJI Pilot,Android,7.0.2,1EF72A62-B7C3-C88D-164E-CE6F8C8424AE,1ZN7L4R0H1D00F,1W9DL31001461C,,1ZMLH8300204F0,1W9DL31001461C,,,,,
2023-11-01,11:27:41.48 AM,3m 19.1s,199.1,33.8013875848974,-117.4696042071004,121.0,121.0,20.9,1385,1422.2,4.745266,6.085134,0.671082,2.23694,-4.697574,1.342164,-0.223694,0,4.1,-0.5,4.1,-69.1,290.9,280.0,Tripod,Other,,23,5,True,,True,False,,Smart,RC,False,True,False,,,True,,False,False,False,False,False,False,False,False,False,False,0,Follow Yaw,-77.9,0,-77.2,282.8,False,False,False,False,False,,0,0,False,False,No Card,100,100,788,1240,1238,1024,2,False,False,False,False,False,0,False,False,False,False,89,,47.508,,8938,,10044,,47.508,,True,3.959,3.959,3.959,3.959,3.959,3.959,3.959,3.959,3.959,3.959,3.959,3.959,0,,False,False,True,,,,,,,,,,,,,,,False,False,19.264,,88.5,,75.7,,88.5,,1674,52,12,17,8,144024.6,19203.28,,Idle,,20,,10,,,20,Go Home,False,False,False,False,False,False,False,False,False,False,False,False,33.8027920380556,-117.4659261431046,1227.0,2972.0,1049.4,396.9,True,1,1,False,False,False,False,,True,False,False,Course Lock,196.8,67,16.4,93,E,S,10.51,10.51,Calm,False,False,Android,7.0.2,M300 RTK,1ZN7L4R0H1D00F,1W9DL31001461C,1ZMLH8300204F0,1Z6PH74DAP0QN7,"Corona, CA",728.3,5.7,137.7,8.547347,2.013246,0,0,DJI Matrice 300 RTK,M300 RTK,1ZN7L4R0H1D00F,1W9DL31001461C,1ZMLH8300204F0,1Z6PH74DAP0QN7,DJI Pilot,Android,7.0.2,1EF72A62-B7C3-C88D-164E-CE6F8C8424AE,1ZN7L4R0H1D00F,1W9DL31001461C,,1ZMLH8300204F0,1W9DL31001461C,,,,,
2023-11-01,11:27:41.54 AM,3m 19.2s,199.2,33.8013879028872,-117.4696065761889,121.0,121.0,20.9,1385,1422.9,4.745266,6.085134,0.671082,2.23694,-4.697574,1.342164,-0.223694,0,4,-0.3,4,-69.1,290.9,279.1,Tripod,Other,,23,5,True,,True,False,,Smart,RC,False,True,False,,,True,,False,False,False,False,False,False,False,False,False,False,0,Follow Yaw,-77.9,0,-77.2,282.8,False,False,False,False,False,,0,0,False,False,No Card,100,100,781,1239,1237,1024,2,False,False,False,False,False,0,False,False,False,False,89,,47.508,,8938,,10044,,47.508,,True,3.959,3.959,3.959,3.959,3.959,3.959,3.959,3.959,3.959,3.959,3.959,3.959,0,,False,False,True,,,,,,,,,,,,,,,False,False,19.264,,88.5,,75.7,,88.5,,1674,52,12,17,8,144024.6,19203.28,,Idle,,20,,10,,,20,Go Home,False,False,False,False,False,False,False,False,False,False,False,False,33.8027920380556,-117.4659261431046,1227.6,2972.0,1049.4,396.9,True,1,1,False,False,False,False,,True,False,False,Course Lock,196.8,67,16.4,93,E,S,10.51,10.51,Calm,False,False,Android,7.0.2,M300 RTK,1ZN7L4R0H1D00F,1W9DL31001461C,1ZMLH8300204F0,1Z6PH74DAP0QN7,"Corona, CA",728.3,5.7,137.7,8.547347,2.013246,0,0,DJI Matrice 300 RTK,M300 RTK,1ZN7L4R0H1D00F,1W9DL31001461C,1ZMLH8300204F0,1Z6PH74DAP0QN7,DJI Pilot,Android,7.0.2,1EF72A62-B7C3-C88D-164E-CE6F8C8424AE,1ZN7L4R0H1D00F,1W9DL31001461C,,1ZMLH8300204F0,1W9DL31001461C,,,,,
2023-11-01,11:27:41.64 AM,3m 19.3s,199.3,33.8013882839268,-117.4696093180245,121.3,121.3,20.9,1385,1423.8,4.745266,6.085134,0.671082,2.23694,-4.697574,1.342164,-0.223694,0,3.9,-0.3,3.9,-69.1,290.9,279.4,Tripod,Other,,23,5,True,,True,False,,Smart,RC,False,True,False,,,True,,False,False,False,False,False,False,False,False,False,False,0,Follow Yaw,-77.9,0,-77.2,282.8,False,False,False,False,False,,0,0,False,False,No Card,100,100,784,1241,1236,1024,2,False,False,False,False,False,0,False,False,False,False,89,,47.508,,8938,,10044,,47.508,,True,3.959,3.959,3.959,3.959,3.959,3.959,3.959,3.959,3.959,3.959,3.959,3.959,0,,False,False,True,,,,,,,,,,,,,,,False,False,19.264,,88.5,,75.7,,88.5,,1674,52,12,17,8,144008.3,19201.11,,Idle,,20,,10,,,20,Go Home,False,False,False,False,False,False,False,False,False,False,False,False,33.8027920380556,-117.4659261431046,1228.3,2972.0,1049.4,396.9,True,1,1,False,False,False,False,,True,False,False,Course Lock,196.8,67,16.4,93,E,S,10.51,10.51,Calm,False,False,Android,7.0.2,M300 RTK,1ZN7L4R0H1D00F,1W9DL31001461C,1ZMLH8300204F0,1Z6PH74DAP0QN7,"Corona, CA",728.3,5.7,137.7,8.547347,2.013246,0,0,DJI Matrice 300 RTK,M300 RTK,1ZN7L4R0H1D00F,1W9DL31001461C,1ZMLH8300204F0,1Z6PH74DAP0QN7,DJI Pilot,Android,7.0.2,1EF72A62-B7C3-C88D-164E-CE6F8C8424AE,1ZN7L4R0H1D00F,1W9DL31001461C,,1ZMLH8300204F0,1W9DL31001461C,,,,,
2023-11-01,11:27:41.74 AM,3m 19.4s,199.4,33.801388560249,-117.4696117128425,121.3,121.3,20.9,1385,1424.5,4.71883,6.085134,0.447388,2.23694,-4.697574,1.342164,-0.223694,0,3.9,-0.7,3.9,-69.1,290.9,277.9,Tripod,Other,,23,5,True,,True,False,,Smart,RC,False,True,False,,,True,,False,False,False,False,False,False,False,False,False,False,0,Follow Yaw,-77.9,0,-77.2,282.8,False,False,False,False,False,,0,0,False,False,No Card,100,100,797,1245,1234,1024,2,False,False,False,False,False,0,False,False,False,False,89,,47.508,,8938,,10044,,47.508,,True,3.959,3.959,3.959,3.959,3.959,3.959,3.959,3.959,3.959,3.959,3.959,3.959,0,,False,False,True,,,,,,,,,,,,,,,False,False,19.264,,88.5,,75.7,,88.5,,1674,52,12,17,8,144008.3,19201.11,,Idle,,20,,10,,,20,Go Home,False,False,False,False,False,False,False,False,False,False,False,False,33.8027920380556,-117.4659261431046,1228.9,2972.0,1049.4,396.9,True,1,1,False,False,False,False,,True,False,False,Course Lock,196.8,67,16.4,93,E,S,10.51,10.51,Calm,False,False,Android,7.0.2,M300 RTK,1ZN7L4R0H1D00F,1W9DL31001461C,1ZMLH8300204F0,1Z6PH74DAP0QN7,"Corona, CA",728.3,5.7,137.7,8.547347,2.013246,0,0,DJI Matrice 300 RTK,M300 RTK,1ZN7L4R0H1D00F,1W9DL31001461C,1ZMLH8300204F0,1Z6PH74DAP0QN7,DJI Pilot,Android,7.0.2,1EF72A62-B7C3-C88D-164E-CE6F8C8424AE,1ZN7L4R0H1D00F,1W9DL31001461C,,1ZMLH8300204F0,1W9DL31001461C,,,,,
2023-11-01,11:27:41.84 AM,3m 19.5s,199.5,33.8013888979761,-117.4696139229362,121.3,121.3,20.9,1385,1425.2,4.71883,6.085134,0.447388,2.23694,-4.697574,1.342164,-0.223694,0,4.1,-1.1,4.2,-69.1,290.9,280.4,Tripod,Other,,23,5,True,,True,False,,Smart,RC,False,True,False,,,True,,False,False,False,False,False,False,False,False,False,False,0,Follow Yaw,-77.9,0,-77.2,282.8,False,False,False,False,False,,0,0,False,False,No Card,100,100,791,1235,1246,1024,2,False,False,False,False,False,0,False,False,False,False,89,,47.508,,8938,,10044,,47.508,,True,3.959,3.959,3.959,3.959,3.959,3.959,3.959,3.959,3.959,3.959,3.959,3.959,0,,False,False,True,,,,,,,,,,,,,,,False,False,19.264,,88.5,,75.7,,88.5,,1674,52,12,17,8,144008.3,19201.11,,Idle,,20,,10,,,20,Go Home,False,False,False,False,False,False,False,False,False,False,False,False,33.8027920380556,-117.4659261431046,1229.5,2972.0,1049.4,396.9,True,1,1,False,False,False,False,,True,False,False,Course Lock,196.8,67,16.4,93,E,S,10.51,10.51,Calm,False,False,Android,7.0.2,M300 RTK,1ZN7L4R0H1D00F,1W9DL31001461C,1ZMLH8300204F0,1Z6PH74DAP0QN7,"Corona, CA",728.3,5.7,137.7,8.547347,2.013246,0,0,DJI Matrice 300 RTK,M300 RTK,1ZN7L4R0H1D00F,1W9DL31001461C,1ZMLH8300204F0,1Z6PH74DAP0QN7,DJI Pilot,Android,7.0.2,1EF72A62-B7C3-C88D-164E-CE6F8C8424AE,1ZN7L4R0H1D00F,1W9DL31001461C,,1ZMLH8300204F0,1W9DL31001461C,,,,,
2023-11-01,11:27:41.94 AM,3m 19.6s,199.6,33.8013891167312,-117.4696162989518,121.3,121.3,20.9,1385,1425.9,4.71883,6.085134,0.447388,2.23694,-4.697574,1.342164,-0.223694,0,4.2,-1.2,4.3,-69.1,290.9,276.3,Tripod,Other,,23,5,True,,True,False,,Smart,RC,False,True,False,,,True,,False,False,False,False,False,False,False,False,False,False,0,Follow Yaw,-77.9,0,-77.2,282.8,False,False,False,False,False,,0,0,False,False,No Card,100,100,791,1241,1242,1024,2,False,False,False,False,False,0,False,False,False,False,89,,47.508,,8938,,10044,,47.508,,True,3.959,3.959,3.959,3.959,3.959,3.959,3.959,3.959,3.959,3.959,3.959,3.959,0,,False,False,True,,,,,,,,,,,,,,,False,False,19.264,,88.5,,75.7,,88.5,,1674,52,12,17,8,144008.3,19201.11,,Idle,,20,,10,,,20,Go Home,False,False,False,False,False,False,False,False,False,False,False,False,33.8027920380556,-117.4659261431046,1230.1,2972.0,1049.4,396.9,True,1,1,False,False,False,False,,True,False,False,Course Lock,196.8,67,16.4,93,E,S,10.51,10.51,Calm,False,False,Android,7.0.2,M300 RTK,1ZN7L4R0H1D00F,1W9DL31001461C,1ZMLH8300204F0,1Z6PH74DAP0QN7,"Corona, CA",728.3,5.7,137.7,8.547347,2.013246,0,0,DJI Matrice 300 RTK,M300 RTK,1ZN7L4R0H1D00F,1W9DL31001461C,1ZMLH8300204F0,1Z6PH74DAP0QN7,DJI Pilot,Android,7.0.2,1EF72A62-B7C3-C88D-164E-CE6F8C8424AE,1ZN7L4R0H1D00F,1W9DL31001461C,,1ZMLH8300204F0,1W9DL31001461C,,,,,
2023-11-01,11:27:42.04 AM,3m 19.7s,199.7,33.8013890657432,-117.4696187237874,121.3,121.3,20.6,1385,1426.7,4.702897,6.085134,0.223694,2.23694,-4.697574,1.342164,-0.223694,0,4.4,-1,4.5,-69,291,268.5,Tripod,Other,,23,5,True,,True,False,,Smart,RC,False,True,False,,,True,,False,False,False,False,False,False,False,False,False,False,0,Follow Yaw,-77.9,0,-77.2,282.8,False,False,False,False,False,,0,0,False,False,No Card,100,100,800,1249,1237,1024,2,False,False,False,False,False,0,False,False,False,False,89,,47.508,,8938,,10044,,47.508,,True,3.959,3.959,3.959,3.959,3.959,3.959,3.959,3.959,3.959,3.959,3.959,3.959,0,,False,False,True,,,,,,,,,,,,,,,False,False,19.264,,88.5,,75.7,,88.5,,1674,52,12,17,8,144008.3,19201.11,,Idle,,20,,10,,,20,Go Home,False,False,False,False,False,False,False,False,False,False,False,False,33.8027920380556,-117.4659261431046,1230.8,2972.0,1049.4,396.9,True,1,1,False,False,False,False,,True,False,False,Course Lock,196.8,67,16.4,93,E,S,10.51,10.51,Calm,False,False,Android,7.0.2,M300 RTK,1ZN7L4R0H1D00F,1W9DL31001461C,1ZMLH8300204F0,1Z6PH74DAP0QN7,"Corona, CA",728.3,5.7,137.7,8.547347,2.013246,0,0,DJI Matrice 300 RTK,M300 RTK,1ZN7L4R0H1D00F,1W9DL31001461C,1ZMLH8300204F0,1Z6PH74DAP0QN7,DJI Pilot,Android,7.0.2,1EF72A62-B7C3-C88D-164E-CE6F8C8424AE,1ZN7L4R0H1D00F,1W9DL31001461C,,1ZMLH8300204F0,1W9DL31001461C,,,,,
2023-11-01,11:27:42.14 AM,3m 19.8s,199.8,33.8013891912944,-117.4696210988135,121.3,121.3,20.6,1385,1427.4,4.702897,6.085134,0.223694,2.23694,-4.697574,1.342164,-0.223694,0,4.4,-0.8,4.4,-69,291,273.6,Tripod,Other,,22,5,True,,True,False,,Smart,RC,False,True,False,,,True,,False,False,False,False,False,False,False,False,False,False,0,Follow Yaw,-77.9,0,-77.2,282.8,False,False,False,False,False,,0,0,False,False,No Card,100,100,836,1257,1235,1024,2,False,False,False,False,False,0,False,False,False,False,89,,47.508,,8938,,10044,,47.508,,True,3.959,3.959,3.959,3.959,3.959,3.959,3.959,3.959,3.959,3.959,3.959,3.959,0,,False,False,True,,,,,,,,,,,,,,,False,False,19.264,,88.5,,75.7,,88.5,,1674,52,12,17,8,144008.3,19201.11,,Idle,,20,,10,,,20,Go Home,False,False,False,False,False,False,False,False,False,False,False,False,33.8027920380556,-117.4659261431046,1231.4,2972.0,1049.4,396.9,True,1,1,False,False,False,False,,True,False,False,Course Lock,196.8,67,16.4,93,E,S,10.51,10.51,Calm,False,False,Android,7.0.2,M300 RTK,1ZN7L4R0H1D00F,1W9DL31001461C,1ZMLH8300204F0,1Z6PH74DAP0QN7,"Corona, CA",728.3,5.7,137.7,8.547347,2.013246,0,0,DJI Matrice 300 RTK,M300 RTK,1ZN7L4R0H1D00F,1W9DL31001461C,1ZMLH8300204F0,1Z6PH74DAP0QN7,DJI Pilot,Android,7.0.2,1EF72A62-B7C3-C88D-164E-CE6F8C8424AE,1ZN7L4R0H1D00F,1W9DL31001461C,,1ZMLH8300204F0,1W9DL31001461C,,,,,
2023-11-01,11:27:42.24 AM,3m 19.9s,199.9,33.8013894330763,-117.4696235249686,121.7,121.7,20.6,1385,1428.1,4.697574,6.085134,0,2.23694,-4.697574,1.342164,-0.223694,0,4.3,-0.5,4.3,-69,291,276.8,Tripod,Other,,22,5,True,,True,False,,Smart,RC,False,True,False,,,True,,False,False,False,False,False,False,False,False,False,False,0,Follow Yaw,-77.9,0,-77.2,282.8,False,False,False,False,False,,0,0,False,False,No Card,100,100,906,1281,1239,1024,2,False,False,False,False,False,0,False,False,False,False,89,,47.508,,8938,,10044,,47.508,,True,3.959,3.959,3.959,3.959,3.959,3.959,3.959,3.959,3.959,3.959,3.959,3.959,0,,False,False,True,,,,,,,,,,,,,,,False,False,19.264,,88.5,,75.7,,88.5,,1674,52,12,17,8,144008.3,19201.11,,Idle,,20,,10,,,20,Go Home,False,False,False,False,False,False,False,False,False,False,False,False,33.8027920380556,-117.4659261431046,1232.1,2972.0,1049.4,396.9,True,1,1,False,False,False,False,,True,False,False,Course Lock,196.8,67,16.4,93,E,S,10.51,10.51,Calm,False,False,Android,7.0.2,M300 RTK,1ZN7L4R0H1D00F,1W9DL31001461C,1ZMLH8300204F0,1Z6PH74DAP0QN7,"Corona, CA",728.3,5.7,137.7,8.547347,2.013246,0,0,DJI Matrice 300 RTK,M300 RTK,1ZN7L4R0H1D00F,1W9DL31001461C,1ZMLH8300204F0,1Z6PH74DAP0QN7,DJI Pilot,Android,7.0.2,1EF72A62-B7C3-C88D-164E-CE6F8C8424AE,1ZN7L4R0H1D00F,1W9DL31001461C,,1ZMLH8300204F0,1W9DL31001461C,,,,,
2023-11-01,11:27:42.34 AM,3m 20.0s,200.0,33.8013895098325,-117.4696258904286,121.7,121.7,20.6,1385,1428.8,4.697574,6.085134,0,2.23694,-4.697574,1.342164,-0.447388,0,4.2,-0.4,4.2,-69,291,272.2,Tripod,Other,,22,5,True,,True,False,,Smart,RC,False,True,False,,,True,,False,False,False,False,False,False,False,False,False,False,0,Follow Yaw,-77.9,0,-77.2,282.8,False,False,False,False,False,,0,0,False,False,No Card,100,100,970,1303,1241,1024,2,False,False,False,False,False,0,False,False,False,False,89,,47.496,,8938,,10044,,47.496,,True,3.959,3.959,3.959,3.959,3.959,3.959,3.959,3.959,3.959,3.959,3.959,3.959,0,,False,False,True,,,,,,,,,,,,,,,False,False,19.14,,88.7,,75.7,,88.7,,1674,52,12,17,8,144008.3,19201.11,,Idle,,20,,10,,,20,Go Home,False,False,False,False,False,False,False,False,False,False,False,False,33.8027920380556,-117.4659261431046,1232.7,2972.0,1049.4,396.9,True,1,1,False,False,False,False,,True,False,False,Course Lock,196.8,67,16.4,93,E,S,10.51,10.51,Calm,False,False,Android,7.0.2,M300 RTK,1ZN7L4R0H1D00F,1W9DL31001461C,1ZMLH8300204F0,1Z6PH74DAP0QN7,"Corona, CA",728.3,5.7,137.7,8.547347,2.013246,0,0,DJI Matrice 300 RTK,M300 RTK,1ZN7L4R0H1D00F,1W9DL31001461C,1ZMLH8300204F0,1Z6PH74DAP0QN7,DJI Pilot,Android,7.0.2,1EF72A62-B7C3-C88D-164E-CE6F8C8424AE,1ZN7L4R0H1D00F,1W9DL31001461C,,1ZMLH8300204F0,1W9DL31001461C,,,,,
2023-11-01,11:27:42.44 AM,3m 20.1s,200.1,33.8013895904264,-117.4696283017397,121.7,121.7,20.6,1385,1429.6,4.697574,6.085134,0,2.23694,-4.697574,1.342164,-0.223694,0,4.1,-0.1,4.1,-69,291,272.3,Tripod,Other,,22,5,True,,True,False,,Smart,RC,False,True,False,,,True,,False,False,False,False,False,False,False,False,False,False,0,Follow Yaw,-77.9,0,-77.2,282.8,False,False,False,False,False,,0,0,False,False,No Card,100,100,1024,1362,1239,1024,2,False,False,False,False,False,0,False,False,False,False,89,,47.496,,8938,,10044,,47.496,,True,3.959,3.959,3.959,3.959,3.959,3.959,3.959,3.959,3.959,3.959,3.959,3.959,0,,False,False,True,,,,,,,,,,,,,,,False,False,19.14,,88.7,,75.7,,88.7,,1674,52,12,17,8,144008.3,19201.11,,Idle,,20,,10,,,20,Go Home,False,False,False,False,False,False,False,False,False,False,False,False,33.8027920380556,-117.4659261431046,1233.4,2972.0,1049.4,396.9,True,1,1,False,False,False,False,,True,False,False,Course Lock,196.8,67,16.4,93,E,S,10.51,10.51,Calm,False,False,Android,7.0.2,M300 RTK,1ZN7L4R0H1D00F,1W9DL31001461C,1ZMLH8300204F0,1Z6PH74DAP0QN7,"Corona, CA",728.3,5.7,137.7,8.547347,2.013246,0,0,DJI Matrice 300 RTK,M300 RTK,1ZN7L4R0H1D00F,1W9DL31001461C,1ZMLH8300204F0,1Z6PH74DAP0QN7,DJI Pilot,Android,7.0.2,1EF72A62-B7C3-C88D-164E-CE6F8C8424AE,1ZN7L4R0H1D00F,1W9DL31001461C,,1ZMLH8300204F0,1W9DL31001461C,,,,,
2023-11-01,11:27:42.51 AM,3m 20.2s,200.2,33.801389623322,-117.4696306582934,121.7,121.7,20.6,1385,1430.3,4.697574,6.085134,0,2.23694,-4.697574,1.342164,-0.223694,0,3.8,0.3,3.8,-69,291,270.9,Tripod,Other,,22,5,True,,True,False,,Smart,RC,False,True,False,,,True,,False,False,False,False,False,False,False,False,False,False,0,Follow Yaw,-77.9,0,-77.2,282.8,False,False,False,False,False,,0,0,False,False,No Card,100,100,1024,1353,1237,1024,2,False,False,False,False,False,0,False,False,False,False,89,,47.496,,8938,,10044,,47.496,,True,3.959,3.959,3.959,3.959,3.959,3.959,3.959,3.959,3.959,3.959,3.959,3.959,0,,False,False,True,,,,,,,,,,,,,,,False,False,19.14,,88.7,,75.7,,88.7,,1674,52,12,17,8,144008.3,19201.11,,Idle,,20,,10,,,20,Go Home,False,False,False,False,False,False,False,False,False,False,False,False,33.8027920380556,-117.4659261431046,1234.0,2972.0,1049.4,396.9,True,1,1,False,False,False,False,,True,False,False,Course Lock,196.8,67,16.4,93,E,S,10.73,10.73,Calm,False,False,Android,7.0.2,M300 RTK,1ZN7L4R0H1D00F,1W9DL31001461C,1ZMLH8300204F0,1Z6PH74DAP0QN7,"Corona, CA",728.3,5.7,137.7,8.547347,2.013246,0,0,DJI Matrice 300 RTK,M300 RTK,1ZN7L4R0H1D00F,1W9DL31001461C,1ZMLH8300204F0,1Z6PH74DAP0QN7,DJI Pilot,Android,7.0.2,1EF72A62-B7C3-C88D-164E-CE6F8C8424AE,1ZN7L4R0H1D00F,1W9DL31001461C,,1ZMLH8300204F0,1W9DL31001461C,,,,,
2023-11-01,11:27:42.62 AM,3m 20.3s,200.3,33.8013895591757,-117.4696329053319,121.7,121.7,20.6,1385,1431.0,4.697574,6.085134,0,2.23694,-4.697574,1.342164,-0.223694,0,3.3,1,3.4,-69,291,268.0,Tripod,Other,,22,5,True,,True,False,,Smart,RC,False,True,False,,,True,,False,False,False,False,False,False,False,False,False,False,0,Follow Yaw,-77.9,0,-77.2,282.8,False,False,False,False,False,,0,0,False,False,No Card,100,100,1024,1350,1233,1024,2,False,False,False,False,False,0,False,False,False,False,89,,47.496,,8938,,10044,,47.496,,True,3.961,3.961,3.961,3.961,3.961,3.961,3.961,3.961,3.961,3.961,3.961,3.961,0,,False,False,True,,,,,,,,,,,,,,,False,False,19.14,,88.7,,75.7,,88.7,,1674,52,12,17,8,144016.5,19202.20,,Idle,,20,,10,,,20,Go Home,False,False,False,False,False,False,False,False,False,False,False,False,33.8027920380556,-117.4659261431046,1234.6,2972.0,1049.4,396.9,True,1,1,False,False,False,False,,True,False,False,Course Lock,196.8,67,16.4,93,E,S,10.73,10.73,Calm,False,False,Android,7.0.2,M300 RTK,1ZN7L4R0H1D00F,1W9DL31001461C,1ZMLH8300204F0,1Z6PH74DAP0QN7,"Corona, CA",728.3,5.7,137.7,8.547347,2.013246,0,0,DJI Matrice 300 RTK,M300 RTK,1ZN7L4R0H1D00F,1W9DL31001461C,1ZMLH8300204F0,1Z6PH74DAP0QN7,DJI Pilot,Android,7.0.2,1EF72A62-B7C3-C88D-164E-CE6F8C8424AE,1ZN7L4R0H1D00F,1W9DL31001461C,,1ZMLH8300204F0,1W9DL31001461C,,,,,
2023-11-01,11:27:42.72 AM,3m 20.4s,200.4,33.8013895734304,-117.469635241104,122.0,122.0,20.6,1386,1431.7,4.697574,6.085134,0,2.23694,-4.697574,1.342164,-0.223694,0,2.7,1.6,3.1,-69.1,290.9,270.4,Tripod,Other,,23,5,True,,True,False,,Smart,RC,False,True,False,,,True,,False,False,False,False,False,False,False,False,False,False,0,Follow Yaw,-77.9,0,-77.2,282.8,False,False,False,False,False,,0,0,False,False,No Card,100,100,1024,1349,1233,1024,2,False,False,False,False,False,0,False,False,False,False,89,,47.496,,8938,,10044,,47.496,,True,3.961,3.961,3.961,3.961,3.961,3.961,3.961,3.961,3.961,3.961,3.961,3.961,0,,False,False,True,,,,,,,,,,,,,,,False,False,19.14,,88.7,,75.7,,88.7,,1674,52,12,17,8,144016.5,19202.20,,Idle,,20,,10,,,20,Go Home,False,False,False,False,False,False,False,False,False,False,False,False,33.8027920380556,-117.4659261431046,1235.3,2972.0,1049.4,396.9,True,1,1,False,False,False,False,,True,False,False,Course Lock,196.8,67,16.4,93,E,S,10.73,10.73,Calm,False,False,Android,7.0.2,M300 RTK,1ZN7L4R0H1D00F,1W9DL31001461C,1ZMLH8300204F0,1Z6PH74DAP0QN7,"Corona, CA",728.3,5.7,137.7,8.547347,2.013246,0,0,DJI Matrice 300 RTK,M300 RTK,1ZN7L4R0H1D00F,1W9DL31001461C,1ZMLH8300204F0,1Z6PH74DAP0QN7,DJI Pilot,Android,7.0.2,1EF72A62-B7C3-C88D-164E-CE6F8C8424AE,1ZN7L4R0H1D00F,1W9DL31001461C,,1ZMLH8300204F0,1W9DL31001461C,,,,,
2023-11-01,11:27:42.82 AM,3m 20.5s,200.5,33.8013895646583,-117.4696377078325,122.0,122.0,20.9,1386,1432.4,4.697574,6.085134,0,2.23694,-4.697574,1.342164,-0.223694,0,2.3,1.7,2.8,-69.2,290.8,269.7,Tripod,Other,,23,5,True,,True,False,,Smart,RC,False,True,False,,,True,,False,False,False,False,False,False,False,False,False,False,0,Follow Yaw,-77.9,0,-77.2,282.8,False,False,False,False,False,,0,0,False,False,No Card,100,100,1115,1337,1230,1024,2,False,False,False,False,False,0,False,False,False,False,89,,47.496,,8938,,10044,,47.496,,True,3.961,3.961,3.961,3.961,3.961,3.961,3.961,3.961,3.961,3.961,3.961,3.961,0,,False,False,True,,,,,,,,,,,,,,,False,False,19.14,,88.7,,75.7,,88.7,,1674,52,12,17,8,144016.5,19202.20,,Idle,,20,,10,,,20,Go Home,False,False,False,False,False,False,False,False,False,False,False,False,33.8027920380556,-117.4659261431046,1236.0,2972.0,1049.4,396.9,True,1,1,False,False,False,False,,True,False,False,Course Lock,196.8,67,16.4,93,E,S,10.73,10.73,Calm,False,False,Android,7.0.2,M300 RTK,1ZN7L4R0H1D00F,1W9DL31001461C,1ZMLH8300204F0,1Z6PH74DAP0QN7,"Corona, CA",728.3,5.7,137.7,8.547347,2.013246,0,0,DJI Matrice 300 RTK,M300 RTK,1ZN7L4R0H1D00F,1W9DL31001461C,1ZMLH8300204F0,1Z6PH74DAP0QN7,DJI Pilot,Android,7.0.2,1EF72A62-B7C3-C88D-164E-CE6F8C8424AE,1ZN7L4R0H1D00F,1W9DL31001461C,,1ZMLH8300204F0,1W9DL31001461C,,,,,
2023-11-01,11:27:42.92 AM,3m 20.6s,200.6,33.8013896090672,-117.4696400643862,122.0,122.0,20.6,1386,1433.1,4.697574,6.085134,0,2.23694,-4.697574,1.342164,-0.223694,0,2.2,1.6,2.7,-69.2,290.8,271.2,Tripod,Other,,23,5,True,,True,False,,Smart,RC,False,True,False,,,True,,False,False,False,False,False,False,False,False,False,False,0,Follow Yaw,-77.9,0,-77.2,282.8,False,False,False,False,False,,0,0,False,False,No Card,100,100,1052,1325,1231,1024,2,False,False,False,False,False,0,False,False,False,False,89,,47.496,,8938,,10044,,47.496,,True,3.961,3.961,3.961,3.961,3.961,3.961,3.961,3.961,3.961,3.961,3.961,3.961,0,,False,False,True,,,,,,,,,,,,,,,False,False,19.14,,88.7,,75.7,,88.7,,1674,52,12,17,8,144016.5,19202.20,,Idle,,20,,10,,,20,Go Home,False,False,False,False,False,False,False,False,False,False,False,False,33.8027920380556,-117.4659261431046,1236.6,2972.0,1049.4,396.9,True,1,1,False,False,False,False,,True,False,False,Course Lock,196.8,67,16.4,93,E,S,10.73,10.73,Calm,False,False,Android,7.0.2,M300 RTK,1ZN7L4R0H1D00F,1W9DL31001461C,1ZMLH8300204F0,1Z6PH74DAP0QN7,"Corona, CA",728.3,5.7,137.7,8.547347,2.013246,0,0,DJI Matrice 300 RTK,M300 RTK,1ZN7L4R0H1D00F,1W9DL31001461C,1ZMLH8300204F0,1Z6PH74DAP0QN7,DJI Pilot,Android,7.0.2,1EF72A62-B7C3-C88D-164E-CE6F8C8424AE,1ZN7L4R0H1D00F,1W9DL31001461C,,1ZMLH8300204F0,1W9DL31001461C,,,,,
2023-11-01,11:27:43.04 AM,3m 20.7s,200.7,33.8013896052294,-117.4696422500699,122.0,122.0,20.6,1386,1433.8,4.697574,6.085134,0,2.23694,-4.697574,1.342164,-0.223694,0,2.3,1.7,2.8,-69.2,290.8,269.8,Tripod,Other,,23,5,True,,True,False,,Smart,RC,False,True,False,,,True,,False,False,False,False,False,False,False,False,False,False,0,Follow Yaw,-77.9,0,-77.2,282.8,False,False,False,False,False,,0,0,False,False,No Card,100,100,1024,1311,1232,1024,2,False,False,False,False,False,0,False,False,False,False,89,,47.52,,4437,,4986,,47.52,,True,3.961,3.961,3.961,3.961,3.961,3.961,3.961,3.961,3.961,3.961,3.961,3.961,0,,False,False,True,,,,,,,,,,,,,,,False,False,9.404,,87.9,,75.7,,88.7,,1674,52,12,17,8,144016.5,19202.20,,Idle,,20,,10,,,20,Go Home,False,False,False,False,False,False,False,False,False,False,False,False,33.8027920380556,-117.4659261431046,1237.2,2972.0,1049.4,396.9,True,1,1,False,False,False,False,,True,False,False,Course Lock,196.8,67,16.4,93,E,S,10.73,10.73,Calm,False,False,Android,7.0.2,M300 RTK,1ZN7L4R0H1D00F,1W9DL31001461C,1ZMLH8300204F0,1Z6PH74DAP0QN7,"Corona, CA",728.3,5.7,137.7,8.547347,2.013246,0,0,DJI Matrice 300 RTK,M300 RTK,1ZN7L4R0H1D00F,1W9DL31001461C,1ZMLH8300204F0,1Z6PH74DAP0QN7,DJI Pilot,Android,7.0.2,1EF72A62-B7C3-C88D-164E-CE6F8C8424AE,1ZN7L4R0H1D00F,1W9DL31001461C,,1ZMLH8300204F0,1W9DL31001461C,,,,,
2023-11-01,11:27:43.13 AM,3m 20.8s,200.8,33.8013896847269,-117.4696446092624,122.0,122.0,20.6,1386,1434.5,4.702897,6.085134,0.223694,2.23694,-4.697574,1.342164,-0.223694,0,2.4,1.8,3,-69.2,290.8,272.3,Tripod,Other,,23,5,True,,True,False,,Smart,RC,False,True,False,,,True,,False,False,False,False,False,False,False,False,False,False,0,Follow Yaw,-77.9,0,-77.2,282.8,False,False,False,False,False,,0,0,False,False,No Card,100,100,1024,1330,1232,1024,2,False,False,False,False,False,0,False,False,False,False,89,,47.52,,4437,,4986,,47.52,,True,3.961,3.961,3.961,3.961,3.961,3.961,3.961,3.961,3.961,3.961,3.961,3.961,0,,False,False,True,,,,,,,,,,,,,,,False,False,9.404,,87.9,,75.7,,88.7,,1674,52,12,17,8,144016.5,19202.20,,Idle,,20,,10,,,20,Go Home,False,False,False,False,False,False,False,False,False,False,False,False,33.8027920380556,-117.4659261431046,1237.9,2972.0,1049.4,396.9,True,1,1,False,False,False,False,,True,False,False,Course Lock,196.8,67,16.4,93,E,S,10.73,10.73,Calm,False,False,Android,7.0.2,M300 RTK,1ZN7L4R0H1D00F,1W9DL31001461C,1ZMLH8300204F0,1Z6PH74DAP0QN7,"Corona, CA",728.3,5.7,137.7,8.547347,2.013246,0,0,DJI Matrice 300 RTK,M300 RTK,1ZN7L4R0H1D00F,1W9DL31001461C,1ZMLH8300204F0,1Z6PH74DAP0QN7,DJI Pilot,Android,7.0.2,1EF72A62-B7C3-C88D-164E-CE6F8C8424AE,1ZN7L4R0H1D00F,1W9DL31001461C,,1ZMLH8300204F0,1W9DL31001461C,,,,,
2023-11-01,11:27:43.23 AM,3m 20.9s,200.9,33.8013897395527,-117.469647017275,122.0,122.0,20.6,1386,1435.2,4.702897,6.085134,0.223694,2.23694,-4.697574,1.342164,-0.223694,0,2.6,1.8,3.1,-69.3,290.7,271.5,Tripod,Other,,23,5,True,,True,False,,Smart,RC,False,True,False,,,True,,False,False,False,False,False,False,False,False,False,False,0,Follow Yaw,-77.9,0,-77.2,282.8,False,False,False,False,False,,0,0,False,False,No Card,100,100,1024,1338,1233,1024,2,False,False,False,False,False,0,False,False,False,False,89,,47.52,,4437,,4986,,47.52,,True,3.961,3.961,3.961,3.961,3.961,3.961,3.961,3.961,3.961,3.961,3.961,3.961,0,,False,False,True,,,,,,,,,,,,,,,False,False,9.404,,87.9,,75.7,,88.7,,1674,52,12,17,8,144016.5,19202.20,,Idle,,20,,10,,,20,Go Home,False,False,False,False,False,False,False,False,False,False,False,False,33.8027920380556,-117.4659261431046,1238.5,2972.0,1049.4,396.9,True,1,1,False,False,False,False,,True,False,False,Course Lock,196.8,67,16.4,93,E,S,10.73,10.73,Calm,False,False,Android,7.0.2,M300 RTK,1ZN7L4R0H1D00F,1W9DL31001461C,1ZMLH8300204F0,1Z6PH74DAP0QN7,"Corona, CA",728.3,5.7,137.7,8.547347,2.013246,0,0,DJI Matrice 300 RTK,M300 RTK,1ZN7L4R0H1D00F,1W9DL31001461C,1ZMLH8300204F0,1Z6PH74DAP0QN7,DJI Pilot,Android,7.0.2,1EF72A62-B7C3-C88D-164E-CE6F8C8424AE,1ZN7L4R0H1D00F,1W9DL31001461C,,1ZMLH8300204F0,1W9DL31001461C,,,,,
2023-11-01,11:27:43.34 AM,3m 21.0s,201.0,33.8013898623626,-117.4696493890024,122.3,122.3,20.6,1386,1436.0,4.702897,6.085134,0.223694,2.23694,-4.697574,1.342164,-0.223694,0,2.6,1.7,3.1,-69.3,290.7,273.5,Tripod,Other,,23,5,True,,True,False,,Smart,RC,False,True,False,,,True,,False,False,False,False,False,False,False,False,False,False,0,Follow Yaw,-77.9,0,-77.2,282.8,False,False,False,False,False,,0,0,False,False,No Card,100,100,1172,1332,1225,1024,2,False,False,False,False,False,0,False,False,False,False,89,,47.52,,8938,,10044,,47.52,,True,3.961,3.961,3.961,3.961,3.961,3.961,3.961,3.961,3.961,3.961,3.961,3.961,0,,False,False,True,,,,,,,,,,,,,,,False,False,19.192,,88.7,,75.7,,88.7,,1674,52,12,17,8,144016.5,19202.20,,Idle,,20,,10,,,20,Go Home,False,False,False,False,False,False,False,False,False,False,False,False,33.8027920380556,-117.4659261431046,1239.1,2972.0,1049.4,396.9,True,1,1,False,False,False,False,,True,False,False,Course Lock,196.8,67,16.4,93,E,S,10.73,10.73,Calm,False,False,Android,7.0.2,M300 RTK,1ZN7L4R0H1D00F,1W9DL31001461C,1ZMLH8300204F0,1Z6PH74DAP0QN7,"Corona, CA",728.3,5.7,137.7,8.547347,2.013246,0,0,DJI Matrice 300 RTK,M300 RTK,1ZN7L4R0H1D00F,1W9DL31001461C,1ZMLH8300204F0,1Z6PH74DAP0QN7,DJI Pilot,Android,7.0.2,1EF72A62-B7C3-C88D-164E-CE6F8C8424AE,1ZN7L4R0H1D00F,1W9DL31001461C,,1ZMLH8300204F0,1W9DL31001461C,,,,,
2023-11-01,11:27:43.44 AM,3m 21.1s,201.1,33.8013900175197,-117.4696514222886,122.3,122.3,20.6,1386,1436.6,4.702897,6.085134,0.223694,2.23694,-4.697574,1.342164,-0.223694,0,2.7,1.6,3.1,-69.3,290.7,275.2,Tripod,Other,,23,5,True,,True,False,,Smart,RC,False,True,False,,,True,,False,False,False,False,False,False,False,False,False,False,0,Follow Yaw,-77.9,0,-77.2,282.8,False,False,False,False,False,,0,0,False,False,No Card,100,100,1207,1327,1221,1024,2,False,False,False,False,False,0,False,False,False,False,89,,47.52,,8938,,10044,,47.52,,True,3.961,3.961,3.961,3.961,3.961,3.961,3.961,3.961,3.961,3.961,3.961,3.961,0,,False,False,True,,,,,,,,,,,,,,,False,False,19.192,,88.7,,75.7,,88.7,,1674,52,12,17,8,144016.5,19202.20,,Idle,,20,,10,,,20,Go Home,False,False,False,False,False,False,False,False,False,False,False,False,33.8027920380556,-117.4659261431046,1239.7,2972.0,1049.4,396.9,True,1,1,False,False,False,False,,True,False,False,Course Lock,196.8,67,16.4,93,E,S,10.73,10.73,Calm,False,False,Android,7.0.2,M300 RTK,1ZN7L4R0H1D00F,1W9DL31001461C,1ZMLH8300204F0,1Z6PH74DAP0QN7,"Corona, CA",728.3,5.7,137.7,8.547347,2.013246,0,0,DJI Matrice 300 RTK,M300 RTK,1ZN7L4R0H1D00F,1W9DL31001461C,1ZMLH8300204F0,1Z6PH74DAP0QN7,DJI Pilot,Android,7.0.2,1EF72A62-B7C3-C88D-164E-CE6F8C8424AE,1ZN7L4R0H1D00F,1W9DL31001461C,,1ZMLH8300204F0,1W9DL31001461C,,,,,
2023-11-01,11:27:43.54 AM,3m 21.2s,201.2,33.8013901803524,-117.4696537692762,122.3,122.3,20.6,1386,1437.3,4.71883,6.085134,0.447388,2.23694,-4.697574,1.342164,-0.223694,0,2.8,1.6,3.2,-69.3,290.7,274.7,Tripod,Other,,23,5,True,,True,False,,Smart,RC,False,True,False,,,True,,False,False,False,False,False,False,False,False,False,False,0,Follow Yaw,-77.9,0,-77.2,282.8,False,False,False,False,False,,0,0,False,False,No Card,100,100,1205,1322,1221,1024,2,False,False,False,False,False,0,False,False,False,False,89,,47.52,,8938,,10044,,47.52,,True,3.961,3.961,3.961,3.961,3.961,3.961,3.961,3.961,3.961,3.961,3.961,3.961,0,,False,False,True,,,,,,,,,,,,,,,False,False,19.192,,88.7,,75.7,,88.7,,1674,52,12,17,8,144016.5,19202.20,,Idle,,20,,10,,,20,Go Home,False,False,False,False,False,False,False,False,False,False,False,False,33.8027920380556,-117.4659261431046,1240.3,2972.0,1049.4,396.9,True,1,1,False,False,False,False,,True,False,False,Course Lock,196.8,67,16.4,93,E,S,10.73,10.73,Calm,False,False,Android,7.0.2,M300 RTK,1ZN7L4R0H1D00F,1W9DL31001461C,1ZMLH8300204F0,1Z6PH74DAP0QN7,"Corona, CA",728.3,5.7,137.7,8.547347,2.013246,0,0,DJI Matrice 300 RTK,M300 RTK,1ZN7L4R0H1D00F,1W9DL31001461C,1ZMLH8300204F0,1Z6PH74DAP0QN7,DJI Pilot,Android,7.0.2,1EF72A62-B7C3-C88D-164E-CE6F8C8424AE,1ZN7L4R0H1D00F,1W9DL31001461C,,1ZMLH8300204F0,1W9DL31001461C,,,,,
2023-11-01,11:27:43.65 AM,3m 21.3s,201.3,33.8013903930767,-117.4696561436425,122.3,122.3,20.6,1386,1438.0,4.71883,6.085134,0.447388,2.23694,-4.697574,1.342164,-0.223694,0,2.9,2.1,3.5,-69.3,290.7,276.1,Tripod,Other,,23,5,True,,True,False,,Smart,RC,False,True,False,,,True,,False,False,False,False,False,False,False,False,False,False,0,Follow Yaw,-77.9,0,-77.2,282.8,False,False,False,False,False,,0,0,False,False,No Card,100,100,1204,1318,1224,1024,2,False,False,False,False,False,0,False,False,False,False,89,,47.52,,8938,,10044,,47.52,,True,3.959,3.959,3.959,3.959,3.959,3.959,3.959,3.959,3.959,3.959,3.959,3.959,0,,False,False,True,,,,,,,,,,,,,,,False,False,19.192,,88.7,,75.7,,88.7,,1674,52,12,17,8,144010.8,19201.44,,Idle,,20,,10,,,20,Go Home,False,False,False,False,False,False,False,False,False,False,False,False,33.8027920380556,-117.4659261431046,1240.9,2972.0,1049.4,396.9,True,1,1,False,False,False,False,,True,False,False,Course Lock,196.8,67,16.4,93,E,S,10.73,10.73,Calm,False,False,Android,7.0.2,M300 RTK,1ZN7L4R0H1D00F,1W9DL31001461C,1ZMLH8300204F0,1Z6PH74DAP0QN7,"Corona, CA",728.3,5.7,137.7,8.547347,2.013246,0,0,DJI Matrice 300 RTK,M300 RTK,1ZN7L4R0H1D00F,1W9DL31001461C,1ZMLH8300204F0,1Z6PH74DAP0QN7,DJI Pilot,Android,7.0.2,1EF72A62-B7C3-C88D-164E-CE6F8C8424AE,1ZN7L4R0H1D00F,1W9DL31001461C,,1ZMLH8300204F0,1W9DL31001461C,,,,,
2023-11-01,11:27:43.75 AM,3m 21.4s,201.4,33.8013906047044,-117.469658483373,122.3,122.3,20.9,1386,1438.7,4.71883,6.085134,0.447388,2.23694,-4.697574,1.342164,-0.223694,0,3,2.9,4.1,-69.2,290.8,276.2,Tripod,Other,,23,5,True,,True,False,,Smart,RC,False,True,False,,,True,,False,False,False,False,False,False,False,False,False,False,0,Follow Yaw,-77.9,0,-77.2,282.8,False,False,False,False,False,,0,0,False,False,No Card,100,100,1179,1313,1223,1024,2,False,False,False,False,False,0,False,False,False,False,89,,47.52,,8938,,10044,,47.52,,True,3.959,3.959,3.959,3.959,3.959,3.959,3.959,3.959,3.959,3.959,3.959,3.959,0,,False,False,True,,,,,,,,,,,,,,,False,False,19.192,,88.7,,75.7,,88.7,,1674,52,12,17,8,144010.8,19201.44,,Idle,,20,,10,,,20,Go Home,False,False,False,False,False,False,False,False,False,False,False,False,33.8027920380556,-117.4659261431046,1241.5,2972.0,1049.4,396.9,True,1,1,False,False,False,False,,True,False,False,Course Lock,196.8,67,16.4,93,E,S,10.73,10.73,Calm,False,False,Android,7.0.2,M300 RTK,1ZN7L4R0H1D00F,1W9DL31001461C,1ZMLH8300204F0,1Z6PH74DAP0QN7,"Corona, CA",728.3,5.7,137.7,8.547347,2.013246,0,0,DJI Matrice 300 RTK,M300 RTK,1ZN7L4R0H1D00F,1W9DL31001461C,1ZMLH8300204F0,1Z6PH74DAP0QN7,DJI Pilot,Android,7.0.2,1EF72A62-B7C3-C88D-164E-CE6F8C8424AE,1ZN7L4R0H1D00F,1W9DL31001461C,,1ZMLH8300204F0,1W9DL31001461C,,,,,
2023-11-01,11:27:43.85 AM,3m 21.5s,201.5,33.8013910679827,-117.4696610061785,122.3,122.3,20.9,1386,1439.5,4.745266,6.085134,0.671082,2.23694,-4.697574,1.342164,-0.223694,0,2.8,3.3,4.3,-69.3,290.7,282.4,Tripod,Other,,23,5,True,,True,False,,Smart,RC,False,True,False,,,True,,False,False,False,False,False,False,False,False,False,False,0,Follow Yaw,-77.9,0,-77.2,282.8,False,False,False,False,False,,0,0,False,False,No Card,100,100,1040,1314,1225,1024,2,False,False,False,False,False,0,False,False,False,False,89,,47.52,,8938,,10044,,47.52,,True,3.959,3.959,3.959,3.959,3.959,3.959,3.959,3.959,3.959,3.959,3.959,3.959,0,,False,False,True,,,,,,,,,,,,,,,False,False,19.192,,88.7,,75.7,,88.7,,1674,52,12,17,8,144010.8,19201.44,,Idle,,20,,10,,,20,Go Home,False,False,False,False,False,False,False,False,False,False,False,False,33.8027920380556,-117.4659261431046,1242.2,2972.0,1049.4,396.9,True,1,1,False,False,False,False,,True,False,False,Course Lock,196.8,67,16.4,93,E,S,10.73,10.73,Calm,False,False,Android,7.0.2,M300 RTK,1ZN7L4R0H1D00F,1W9DL31001461C,1ZMLH8300204F0,1Z6PH74DAP0QN7,"Corona, CA",728.3,5.7,137.7,8.547347,2.013246,0,0,DJI Matrice 300 RTK,M300 RTK,1ZN7L4R0H1D00F,1W9DL31001461C,1ZMLH8300204F0,1Z6PH74DAP0QN7,DJI Pilot,Android,7.0.2,1EF72A62-B7C3-C88D-164E-CE6F8C8424AE,1ZN7L4R0H1D00F,1W9DL31001461C,,1ZMLH8300204F0,1W9DL31001461C,,,,,
2023-11-01,11:27:43.95 AM,3m 21.6s,201.6,33.8013913772004,-117.4696633356832,122.7,122.7,20.9,1386,1440.2,4.745266,6.085134,0.671082,2.23694,-4.697574,1.342164,-0.223694,0,2.7,3.3,4.2,-69.3,290.7,279.0,Tripod,Other,,23,5,True,,True,False,,Smart,RC,False,True,False,,,True,,False,False,False,False,False,False,False,False,False,False,0,Follow Yaw,-77.9,0,-77.2,282.8,False,False,False,False,False,,0,0,False,False,No Card,100,100,1024,1303,1228,1024,2,False,False,False,False,False,0,False,False,False,False,89,,47.52,,8938,,10044,,47.52,,True,3.959,3.959,3.959,3.959,3.959,3.959,3.959,3.959,3.959,3.959,3.959,3.959,0,,False,False,True,,,,,,,,,,,,,,,False,False,19.192,,88.7,,75.7,,88.7,,1674,52,12,17,8,144010.8,19201.44,,Idle,,20,,10,,,20,Go Home,False,False,False,False,False,False,False,False,False,False,False,False,33.8027920380556,-117.4659261431046,1242.8,2972.0,1049.4,396.9,True,1,1,False,False,False,False,,True,False,False,Course Lock,196.8,67,16.4,93,E,S,10.73,10.73,Calm,False,False,Android,7.0.2,M300 RTK,1ZN7L4R0H1D00F,1W9DL31001461C,1ZMLH8300204F0,1Z6PH74DAP0QN7,"Corona, CA",728.3,5.7,137.7,8.547347,2.013246,0,0,DJI Matrice 300 RTK,M300 RTK,1ZN7L4R0H1D00F,1W9DL31001461C,1ZMLH8300204F0,1Z6PH74DAP0QN7,DJI Pilot,Android,7.0.2,1EF72A62-B7C3-C88D-164E-CE6F8C8424AE,1ZN7L4R0H1D00F,1W9DL31001461C,,1ZMLH8300204F0,1W9DL31001461C,,,,,
2023-11-01,11:27:44.06 AM,3m 21.7s,201.7,33.8013916025346,-117.4696656084512,122.7,122.7,20.9,1386,1440.9,4.782031,6.085134,0.894776,2.23694,-4.697574,1.342164,-0.223694,0,2.8,2.8,3.9,-69.3,290.7,276.8,Tripod,Other,,23,5,True,,True,False,,Smart,RC,False,True,False,,,True,,False,False,False,False,False,False,False,False,False,False,0,Follow Yaw,-77.9,0,-77.2,282.8,False,False,False,False,False,,0,0,False,False,No Card,100,100,1024,1311,1228,1024,2,False,False,False,False,False,0,False,False,False,False,89,,47.52,,8938,,10044,,47.52,,True,3.959,3.959,3.959,3.959,3.959,3.959,3.959,3.959,3.959,3.959,3.959,3.959,0,,False,False,True,,,,,,,,,,,,,,,False,False,19.192,,88.7,,75.7,,88.7,,1674,52,12,17,8,144010.8,19201.44,,Idle,,20,,10,,,20,Go Home,False,False,False,False,False,False,False,False,False,False,False,False,33.8027920380556,-117.4659261431046,1243.4,2972.0,1049.4,396.9,True,1,1,False,False,False,False,,True,False,False,Course Lock,196.8,67,16.4,93,E,S,10.73,10.73,Calm,False,False,Android,7.0.2,M300 RTK,1ZN7L4R0H1D00F,1W9DL31001461C,1ZMLH8300204F0,1Z6PH74DAP0QN7,"Corona, CA",728.3,5.7,137.7,8.547347,2.013246,0,0,DJI Matrice 300 RTK,M300 RTK,1ZN7L4R0H1D00F,1W9DL31001461C,1ZMLH8300204F0,1Z6PH74DAP0QN7,DJI Pilot,Android,7.0.2,1EF72A62-B7C3-C88D-164E-CE6F8C8424AE,1ZN7L4R0H1D00F,1W9DL31001461C,,1ZMLH8300204F0,1W9DL31001461C,,,,,
2023-11-01,11:27:44.16 AM,3m 21.8s,201.8,33.8013919830259,-117.4696679105771,122.7,122.7,20.6,1386,1441.6,4.56248,6.085134,0.894776,2.23694,-4.47388,1.342164,-0.223694,0,2.8,2,3.4,-69.3,290.7,281.2,Tripod,Other,,23,5,True,,True,False,,Smart,RC,False,True,False,,,True,,False,False,False,False,False,False,False,False,False,False,0,Follow Yaw,-77.9,0,-77.2,282.8,False,False,False,False,False,,0,0,False,False,No Card,100,100,1024,1318,1225,1024,2,False,False,False,False,False,0,False,False,False,False,89,,47.52,,8938,,10044,,47.52,,True,3.959,3.959,3.959,3.959,3.959,3.959,3.959,3.959,3.959,3.959,3.959,3.959,0,,False,False,True,,,,,,,,,,,,,,,False,False,19.192,,88.7,,75.7,,88.7,,1674,52,12,17,8,144010.8,19201.44,,Idle,,20,,10,,,20,Go Home,False,False,False,False,False,False,False,False,False,False,False,False,33.8027920380556,-117.4659261431046,1243.9,2972.0,1049.4,396.9,True,1,1,False,False,False,False,,True,False,False,Course Lock,196.8,67,16.4,93,E,S,10.73,10.73,Calm,False,False,Android,7.0.2,M300 RTK,1ZN7L4R0H1D00F,1W9DL31001461C,1ZMLH8300204F0,1Z6PH74DAP0QN7,"Corona, CA",728.3,5.7,137.7,8.547347,2.013246,0,0,DJI Matrice 300 RTK,M300 RTK,1ZN7L4R0H1D00F,1W9DL31001461C,1ZMLH8300204F0,1Z6PH74DAP0QN7,DJI Pilot,Android,7.0.2,1EF72A62-B7C3-C88D-164E-CE6F8C8424AE,1ZN7L4R0H1D00F,1W9DL31001461C,,1ZMLH8300204F0,1W9DL31001461C,,,,,
2023-11-01,11:27:44.26 AM,3m 21.9s,201.9,33.8013924205361,-117.4696698590881,122.7,122.7,20.9,1386,1442.3,4.56248,6.085134,0.894776,2.23694,-4.47388,1.342164,-0.223694,0,2.8,1.4,3.1,-69.3,290.7,285.1,Tripod,Other,,23,5,True,,True,False,,Smart,RC,False,True,False,,,True,,False,False,False,False,False,False,False,False,False,False,0,Follow Yaw,-77.9,0,-77.2,282.8,False,False,False,False,False,,0,0,False,False,No Card,100,100,1024,1318,1224,1024,2,False,False,False,False,False,0,False,False,False,False,89,,47.52,,8938,,10044,,47.52,,True,3.959,3.959,3.959,3.959,3.959,3.959,3.959,3.959,3.959,3.959,3.959,3.959,0,,False,False,True,,,,,,,,,,,,,,,False,False,19.192,,88.7,,75.7,,88.7,,1674,52,12,17,8,144010.8,19201.44,,Idle,,20,,10,,,20,Go Home,False,False,False,False,False,False,False,False,False,False,False,False,33.8027920380556,-117.4659261431046,1244.4,2972.0,1049.4,396.9,True,1,1,False,False,False,False,,True,False,False,Course Lock,196.8,67,16.4,93,E,S,10.73,10.73,Calm,False,False,Android,7.0.2,M300 RTK,1ZN7L4R0H1D00F,1W9DL31001461C,1ZMLH8300204F0,1Z6PH74DAP0QN7,"Corona, CA",728.3,5.7,137.7,8.547347,2.013246,0,0,DJI Matrice 300 RTK,M300 RTK,1ZN7L4R0H1D00F,1W9DL31001461C,1ZMLH8300204F0,1Z6PH74DAP0QN7,DJI Pilot,Android,7.0.2,1EF72A62-B7C3-C88D-164E-CE6F8C8424AE,1ZN7L4R0H1D00F,1W9DL31001461C,,1ZMLH8300204F0,1W9DL31001461C,,,,,
2023-11-01,11:27:44.36 AM,3m 22.0s,202.0,33.801392855305,-117.4696721153628,122.7,122.7,20.9,1386,1443.0,4.56248,6.085134,0.894776,2.23694,-4.47388,1.342164,-0.223694,0,2.8,1,2.9,-69.3,290.7,283.0,Tripod,Other,,23,5,True,,True,False,,Smart,RC,False,True,False,,,True,,False,False,False,False,False,False,False,False,False,False,0,Follow Yaw,-77.9,0,-77.2,282.8,False,False,False,False,False,,0,0,False,False,No Card,100,100,1024,1319,1227,1024,2,False,False,False,False,False,0,False,False,False,False,89,,47.508,,8938,,10044,,47.508,,True,3.959,3.959,3.959,3.959,3.959,3.959,3.959,3.959,3.959,3.959,3.959,3.959,0,,False,False,True,,,,,,,,,,,,,,,False,False,19.118,,88.8,,75.7,,88.8,,1674,52,12,17,8,144010.8,19201.44,,Idle,,20,,10,,,20,Go Home,False,False,False,False,False,False,False,False,False,False,False,False,33.8027920380556,-117.4659261431046,1245.0,2972.0,1049.4,396.9,True,1,1,False,False,False,False,,True,False,False,Course Lock,196.8,67,16.4,93,E,S,10.73,10.73,Calm,False,False,Android,7.0.2,M300 RTK,1ZN7L4R0H1D00F,1W9DL31001461C,1ZMLH8300204F0,1Z6PH74DAP0QN7,"Corona, CA",728.3,5.7,137.7,8.547347,2.013246,0,0,DJI Matrice 300 RTK,M300 RTK,1ZN7L4R0H1D00F,1W9DL31001461C,1ZMLH8300204F0,1Z6PH74DAP0QN7,DJI Pilot,Android,7.0.2,1EF72A62-B7C3-C88D-164E-CE6F8C8424AE,1ZN7L4R0H1D00F,1W9DL31001461C,,1ZMLH8300204F0,1W9DL31001461C,,,,,
2023-11-01,11:27:44.47 AM,3m 22.1s,202.1,33.8013932588231,-117.4696745738446,123.0,123.0,20.9,1387,1443.7,4.56248,6.085134,0.894776,2.23694,-4.47388,1.342164,-0.223694,0,2.7,0.8,2.8,-69.3,290.7,281.1,Tripod,Other,,23,5,True,,True,False,,Smart,RC,False,True,False,,,True,,False,False,False,False,False,False,False,False,False,False,0,Follow Yaw,-77.9,0,-77.2,282.8,False,False,False,False,False,,0,0,False,False,No Card,100,100,1121,1331,1228,1024,2,False,False,False,False,False,0,False,False,False,False,89,,47.508,,8938,,10044,,47.508,,True,3.959,3.959,3.959,3.959,3.959,3.959,3.959,3.959,3.959,3.959,3.959,3.959,0,,False,False,True,,,,,,,,,,,,,,,False,False,19.118,,88.8,,75.7,,88.8,,1674,52,12,17,8,144010.8,19201.44,,Idle,,20,,10,,,20,Go Home,False,False,False,False,False,False,False,False,False,False,False,False,33.8027920380556,-117.4659261431046,1245.6,2972.0,1049.4,396.9,True,1,1,False,False,False,False,,True,False,False,Course Lock,196.8,67,16.4,93,E,S,10.73,10.73,Calm,False,False,Android,7.0.2,M300 RTK,1ZN7L4R0H1D00F,1W9DL31001461C,1ZMLH8300204F0,1Z6PH74DAP0QN7,"Corona, CA",728.3,5.7,137.7,8.547347,2.013246,0,0,DJI Matrice 300 RTK,M300 RTK,1ZN7L4R0H1D00F,1W9DL31001461C,1ZMLH8300204F0,1Z6PH74DAP0QN7,DJI Pilot,Android,7.0.2,1EF72A62-B7C3-C88D-164E-CE6F8C8424AE,1ZN7L4R0H1D00F,1W9DL31001461C,,1ZMLH8300204F0,1W9DL31001461C,,,,,
2023-11-01,11:27:44.57 AM,3m 22.2s,202.2,33.8013937199084,-117.4696768456231,123.0,123.0,20.9,1387,1444.4,4.611569,6.085134,1.11847,2.23694,-4.47388,1.342164,-0.223694,0,2.7,0.7,2.7,-69.4,290.6,283.7,Tripod,Other,,23,5,True,,True,False,,Smart,RC,False,True,False,,,True,,False,False,False,False,False,False,False,False,False,False,0,Follow Yaw,-77.9,0,-77.2,282.8,False,False,False,False,False,,0,0,False,False,No Card,100,100,1125,1333,1228,1024,2,False,False,False,False,False,0,False,False,False,False,89,,47.508,,8938,,10044,,47.508,,True,3.959,3.959,3.959,3.959,3.959,3.959,3.959,3.959,3.959,3.959,3.959,3.959,0,,False,False,True,,,,,,,,,,,,,,,False,False,19.118,,88.8,,75.7,,88.8,,1674,52,12,17,8,144010.8,19201.44,,Idle,,20,,10,,,20,Go Home,False,False,False,False,False,False,False,False,False,False,False,False,33.8027920380556,-117.4659261431046,1246.2,2972.0,1049.4,396.9,True,1,1,False,False,False,False,,True,False,False,Course Lock,196.8,67,16.4,93,E,S,10.73,10.73,Calm,False,False,Android,7.0.2,M300 RTK,1ZN7L4R0H1D00F,1W9DL31001461C,1ZMLH8300204F0,1Z6PH74DAP0QN7,"Corona, CA",728.3,5.7,137.7,8.547347,2.013246,0,0,DJI Matrice 300 RTK,M300 RTK,1ZN7L4R0H1D00F,1W9DL31001461C,1ZMLH8300204F0,1Z6PH74DAP0QN7,DJI Pilot,Android,7.0.2,1EF72A62-B7C3-C88D-164E-CE6F8C8424AE,1ZN7L4R0H1D00F,1W9DL31001461C,,1ZMLH8300204F0,1W9DL31001461C,,,,,
2023-11-01,11:27:44.67 AM,3m 22.3s,202.3,33.8013940548943,-117.4696791741382,123.0,123.0,20.6,1387,1445.1,4.611569,6.085134,1.11847,2.23694,-4.47388,1.342164,-0.223694,0,2.8,0.6,2.8,-69.4,290.6,279.8,Tripod,Other,,23,5,True,,True,False,,Smart,RC,False,True,False,,,True,,False,False,False,False,False,False,False,False,False,False,0,Follow Yaw,-77.9,0,-77.2,282.8,False,False,False,False,False,,0,0,False,False,No Card,100,100,1024,1271,1231,1024,2,False,False,False,False,False,0,False,False,False,False,89,,47.508,,8938,,10044,,47.508,,True,3.959,3.959,3.959,3.959,3.959,3.959,3.959,3.959,3.959,3.959,3.959,3.959,0,,False,False,True,,,,,,,,,,,,,,,False,False,19.118,,88.8,,75.7,,88.8,,1674,52,12,17,8,143982.4,19197.65,,Idle,,20,,10,,,20,Go Home,False,False,False,False,False,False,False,False,False,False,False,False,33.8027920380556,-117.4659261431046,1246.7,2972.0,1049.4,396.9,True,1,1,False,False,False,False,,True,False,False,Course Lock,196.8,67,16.4,93,E,S,10.73,10.73,Calm,False,False,Android,7.0.2,M300 RTK,1ZN7L4R0H1D00F,1W9DL31001461C,1ZMLH8300204F0,1Z6PH74DAP0QN7,"Corona, CA",728.3,5.7,137.7,8.547347,2.013246,0,0,DJI Matrice 300 RTK,M300 RTK,1ZN7L4R0H1D00F,1W9DL31001461C,1ZMLH8300204F0,1Z6PH74DAP0QN7,DJI Pilot,Android,7.0.2,1EF72A62-B7C3-C88D-164E-CE6F8C8424AE,1ZN7L4R0H1D00F,1W9DL31001461C,,1ZMLH8300204F0,1W9DL31001461C,,,,,
2023-11-01,11:27:44.77 AM,3m 22.4s,202.4,33.8013945263965,-117.4696814525139,123.0,123.0,20.6,1387,1445.9,4.611569,6.085134,1.11847,2.23694,-4.47388,1.342164,-0.223694,0,2.6,0.6,2.6,-69.3,290.7,283.9,Tripod,Other,,23,5,True,,True,False,,Smart,RC,False,True,False,,,True,,False,False,False,False,False,False,False,False,False,False,0,Follow Yaw,-77.9,0,-77.2,282.8,False,False,False,False,False,,0,0,False,False,No Card,100,100,1024,1271,1231,1024,2,False,False,False,False,False,0,False,False,False,False,89,,47.508,,8938,,10044,,47.508,,True,3.959,3.959,3.959,3.959,3.959,3.959,3.959,3.959,3.959,3.959,3.959,3.959,0,,False,False,True,,,,,,,,,,,,,,,False,False,19.118,,88.8,,75.7,,88.8,,1674,52,12,17,8,143982.4,19197.65,,Idle,,20,,10,,,20,Go Home,False,False,False,False,False,False,False,False,False,False,False,False,33.8027920380556,-117.4659261431046,1247.3,2972.0,1049.4,396.9,True,1,1,False,False,False,False,,True,False,False,Course Lock,196.8,67,16.4,93,E,S,10.73,10.73,Calm,False,False,Android,7.0.2,M300 RTK,1ZN7L4R0H1D00F,1W9DL31001461C,1ZMLH8300204F0,1Z6PH74DAP0QN7,"Corona, CA",728.3,5.7,137.7,8.547347,2.013246,0,0,DJI Matrice 300 RTK,M300 RTK,1ZN7L4R0H1D00F,1W9DL31001461C,1ZMLH8300204F0,1Z6PH74DAP0QN7,DJI Pilot,Android,7.0.2,1EF72A62-B7C3-C88D-164E-CE6F8C8424AE,1ZN7L4R0H1D00F,1W9DL31001461C,,1ZMLH8300204F0,1W9DL31001461C,,,,,
2023-11-01,11:27:44.87 AM,3m 22.5s,202.5,33.8013950768478,-117.4696838123662,123.0,123.0,20.6,1387,1446.6,4.611569,6.085134,1.11847,2.23694,-4.47388,1.342164,-0.223694,0,2.6,0.8,2.7,-69.2,290.8,285.6,Tripod,Other,,23,5,True,,True,False,,Smart,RC,False,True,False,,,True,,False,False,False,False,False,False,False,False,False,False,0,Follow Yaw,-77.9,0,-77.2,282.8,False,False,False,False,False,,0,0,False,False,No Card,100,100,1024,1270,1230,1024,2,False,False,False,False,False,0,False,False,False,False,89,,47.508,,8938,,10044,,47.508,,True,3.959,3.959,3.959,3.959,3.959,3.959,3.959,3.959,3.959,3.959,3.959,3.959,0,,False,False,True,,,,,,,,,,,,,,,False,False,19.118,,88.8,,75.7,,88.8,,1674,52,12,17,8,143982.4,19197.65,,Idle,,20,,10,,,20,Go Home,False,False,False,False,False,False,False,False,False,False,False,False,33.8027920380556,-117.4659261431046,1247.9,2972.0,1049.4,396.9,True,1,1,False,False,False,False,,True,False,False,Course Lock,196.8,67,16.4,93,E,S,10.96,10.96,Calm,False,False,Android,7.0.2,M300 RTK,1ZN7L4R0H1D00F,1W9DL31001461C,1ZMLH8300204F0,1Z6PH74DAP0QN7,"Corona, CA",728.3,5.7,137.7,8.547347,2.013246,0,0,DJI Matrice 300 RTK,M300 RTK,1ZN7L4R0H1D00F,1W9DL31001461C,1ZMLH8300204F0,1Z6PH74DAP0QN7,DJI Pilot,Android,7.0.2,1EF72A62-B7C3-C88D-164E-CE6F8C8424AE,1ZN7L4R0H1D00F,1W9DL31001461C,,1ZMLH8300204F0,1W9DL31001461C,,,,,
2023-11-01,11:27:44.98 AM,3m 22.6s,202.6,33.8013955702804,-117.4696861016274,123.0,123.0,20.6,1387,1447.3,4.611569,6.085134,1.11847,2.23694,-4.47388,1.342164,-0.223694,0,2.8,0.9,2.9,-69,291,284.5,Tripod,Other,,23,5,True,,True,False,,Smart,RC,False,True,False,,,True,,False,False,False,False,False,False,False,False,False,False,0,Follow Yaw,-77.9,0,-77.2,282.8,False,False,False,False,False,,0,0,False,False,No Card,100,100,1024,1261,1233,1024,2,False,False,False,False,False,0,False,False,False,False,89,,47.508,,8938,,10044,,47.508,,True,3.959,3.959,3.959,3.959,3.959,3.959,3.959,3.959,3.959,3.959,3.959,3.959,0,,False,False,True,,,,,,,,,,,,,,,False,False,19.118,,88.8,,75.7,,88.8,,1674,52,12,17,8,143982.4,19197.65,,Idle,,20,,10,,,20,Go Home,False,False,False,False,False,False,False,False,False,False,False,False,33.8027920380556,-117.4659261431046,1248.4,2972.0,1049.4,396.9,True,1,1,False,False,False,False,,True,False,False,Course Lock,196.8,67,16.4,93,E,S,10.96,10.96,Calm,False,False,Android,7.0.2,M300 RTK,1ZN7L4R0H1D00F,1W9DL31001461C,1ZMLH8300204F0,1Z6PH74DAP0QN7,"Corona, CA",728.3,5.7,137.7,8.547347,2.013246,0,0,DJI Matrice 300 RTK,M300 RTK,1ZN7L4R0H1D00F,1W9DL31001461C,1ZMLH8300204F0,1Z6PH74DAP0QN7,DJI Pilot,Android,7.0.2,1EF72A62-B7C3-C88D-164E-CE6F8C8424AE,1ZN7L4R0H1D00F,1W9DL31001461C,,1ZMLH8300204F0,1W9DL31001461C,,,,,
2023-11-01,11:27:45.04 AM,3m 22.7s,202.7,33.8013961936501,-117.4696884403684,123.3,123.3,20.9,1387,1448.1,4.611569,6.085134,1.11847,2.23694,-4.47388,1.342164,-0.223694,0,3.1,0.8,3.2,-69,291,287.7,Tripod,Other,,23,5,True,,True,False,,Smart,RC,False,True,False,,,True,,False,False,False,False,False,False,False,False,False,False,0,Follow Yaw,-77.9,0,-77.2,282.8,False,False,False,False,False,,0,0,False,False,No Card,100,100,1024,1270,1232,1024,2,False,False,False,False,False,0,False,False,False,False,89,,47.508,,8938,,10044,,47.508,,True,3.959,3.959,3.959,3.959,3.959,3.959,3.959,3.959,3.959,3.959,3.959,3.959,0,,False,False,True,,,,,,,,,,,,,,,False,False,19.118,,88.8,,75.7,,88.8,,1674,52,12,17,8,143982.4,19197.65,,Idle,,20,,10,,,20,Go Home,False,False,False,False,False,False,False,False,False,False,False,False,33.8027920380556,-117.4659261431046,1249.0,2972.0,1049.4,396.9,True,1,1,False,False,False,False,,True,False,False,Course Lock,196.8,67,16.4,93,E,S,10.96,10.96,Calm,False,False,Android,7.0.2,M300 RTK,1ZN7L4R0H1D00F,1W9DL31001461C,1ZMLH8300204F0,1Z6PH74DAP0QN7,"Corona, CA",728.3,5.7,137.7,8.547347,2.013246,0,0,DJI Matrice 300 RTK,M300 RTK,1ZN7L4R0H1D00F,1W9DL31001461C,1ZMLH8300204F0,1Z6PH74DAP0QN7,DJI Pilot,Android,7.0.2,1EF72A62-B7C3-C88D-164E-CE6F8C8424AE,1ZN7L4R0H1D00F,1W9DL31001461C,,1ZMLH8300204F0,1W9DL31001461C,,,,,
2023-11-01,11:27:45.14 AM,3m 22.8s,202.8,33.801396709013,-117.4696907266608,123.3,123.3,20.9,1387,1448.8,4.611569,6.085134,1.11847,2.23694,-4.47388,1.342164,-0.223694,0,3.4,0.8,3.4,-68.9,291.1,285.1,Tripod,Other,,23,5,True,,True,False,,Smart,RC,False,True,False,,,True,,False,False,False,False,False,False,False,False,False,False,0,Follow Yaw,-77.9,0,-77.2,282.8,False,False,False,False,False,,0,0,False,False,No Card,100,100,1024,1277,1229,1024,2,False,False,False,False,False,0,False,False,False,False,89,,47.508,,8938,,10044,,47.508,,True,3.959,3.959,3.959,3.959,3.959,3.959,3.959,3.959,3.959,3.959,3.959,3.959,0,,False,False,True,,,,,,,,,,,,,,,False,False,19.118,,88.8,,75.7,,88.8,,1674,52,12,17,8,143982.4,19197.65,,Idle,,20,,10,,,20,Go Home,False,False,False,False,False,False,False,False,False,False,False,False,33.8027920380556,-117.4659261431046,1249.5,2972.0,1049.4,396.9,True,1,1,False,False,False,False,,True,False,False,Course Lock,196.8,67,16.4,93,E,S,10.96,10.96,Calm,False,False,Android,7.0.2,M300 RTK,1ZN7L4R0H1D00F,1W9DL31001461C,1ZMLH8300204F0,1Z6PH74DAP0QN7,"Corona, CA",728.3,5.7,137.7,8.547347,2.013246,0,0,DJI Matrice 300 RTK,M300 RTK,1ZN7L4R0H1D00F,1W9DL31001461C,1ZMLH8300204F0,1Z6PH74DAP0QN7,DJI Pilot,Android,7.0.2,1EF72A62-B7C3-C88D-164E-CE6F8C8424AE,1ZN7L4R0H1D00F,1W9DL31001461C,,1ZMLH8300204F0,1W9DL31001461C,,,,,
2023-11-01,11:27:45.24 AM,3m 22.9s,202.9,33.8013971158207,-117.4696930495682,123.3,123.3,20.9,1387,1449.5,4.611569,6.085134,1.11847,2.23694,-4.47388,1.342164,-0.223694,0,3.6,0.9,3.7,-68.8,291.2,281.9,Tripod,Other,,23,5,True,,True,False,,Smart,RC,False,True,False,,,True,,False,False,False,False,False,False,False,False,False,False,0,Follow Yaw,-77.9,0,-77.2,282.8,False,False,False,False,False,,0,0,False,False,No Card,100,100,1024,1281,1226,1024,2,False,False,False,False,False,0,False,False,False,False,89,,47.508,,8938,,10044,,47.508,,True,3.959,3.959,3.959,3.959,3.959,3.959,3.959,3.959,3.959,3.959,3.959,3.959,0,,False,False,True,,,,,,,,,,,,,,,False,False,19.118,,88.8,,75.7,,88.8,,1674,52,12,17,8,143982.4,19197.65,,Idle,,20,,10,,,20,Go Home,False,False,False,False,False,False,False,False,False,False,False,False,33.8027920380556,-117.4659261431046,1250.1,2972.0,1049.4,396.9,True,1,1,False,False,False,False,,True,False,False,Course Lock,196.8,67,16.4,93,E,S,10.96,10.96,Calm,False,False,Android,7.0.2,M300 RTK,1ZN7L4R0H1D00F,1W9DL31001461C,1ZMLH8300204F0,1Z6PH74DAP0QN7,"Corona, CA",728.3,5.7,137.7,8.547347,2.013246,0,0,DJI Matrice 300 RTK,M300 RTK,1ZN7L4R0H1D00F,1W9DL31001461C,1ZMLH8300204F0,1Z6PH74DAP0QN7,DJI Pilot,Android,7.0.2,1EF72A62-B7C3-C88D-164E-CE6F8C8424AE,1ZN7L4R0H1D00F,1W9DL31001461C,,1ZMLH8300204F0,1W9DL31001461C,,,,,
2023-11-01,11:27:45.34 AM,3m 23.0s,203.0,33.8013976202184,-117.469695315409,123.3,123.3,20.9,1387,1450.2,4.611569,6.085134,1.11847,2.23694,-4.47388,1.342164,-0.223694,0,3.4,1.1,3.5,-68.9,291.1,284.9,Tripod,Other,,23,5,True,,True,False,,Smart,RC,False,True,False,,,True,,False,False,False,False,False,False,False,False,False,False,0,Follow Yaw,-77.9,0,-77.2,282.8,False,False,False,False,False,,0,0,False,False,No Card,100,100,1024,1280,1226,1024,2,False,False,False,False,False,0,False,False,False,False,89,,47.52,,8938,,10044,,47.52,,True,3.959,3.959,3.959,3.959,3.959,3.959,3.959,3.959,3.959,3.959,3.959,3.959,0,,False,False,True,,,,,,,,,,,,,,,False,False,18.714,,88.8,,75.7,,88.8,,1674,52,12,17,8,143982.4,19197.65,,Idle,,20,,10,,,20,Go Home,False,False,False,False,False,False,False,False,False,False,False,False,33.8027920380556,-117.4659261431046,1250.7,2972.0,1049.4,396.9,True,1,1,False,False,False,False,,True,False,False,Course Lock,196.8,67,16.4,93,E,S,10.96,10.96,Calm,False,False,Android,7.0.2,M300 RTK,1ZN7L4R0H1D00F,1W9DL31001461C,1ZMLH8300204F0,1Z6PH74DAP0QN7,"Corona, CA",728.3,5.7,137.7,8.547347,2.013246,0,0,DJI Matrice 300 RTK,M300 RTK,1ZN7L4R0H1D00F,1W9DL31001461C,1ZMLH8300204F0,1Z6PH74DAP0QN7,DJI Pilot,Android,7.0.2,1EF72A62-B7C3-C88D-164E-CE6F8C8424AE,1ZN7L4R0H1D00F,1W9DL31001461C,,1ZMLH8300204F0,1W9DL31001461C,,,,,
2023-11-01,11:27:45.44 AM,3m 23.1s,203.1,33.8013981432569,-117.4696975796005,123.3,123.3,20.9,1387,1450.9,4.611569,6.085134,1.11847,2.23694,-4.47388,1.342164,-0.223694,0,3.1,1.3,3.3,-68.9,291.1,285.5,Tripod,Other,,23,5,True,,True,False,,Smart,RC,False,True,False,,,True,,False,False,False,False,False,False,False,False,False,False,0,Follow Yaw,-77.9,0,-77.2,282.8,False,False,False,False,False,,0,0,False,False,No Card,100,100,1024,1281,1234,1024,2,False,False,False,False,False,0,False,False,False,False,89,,47.52,,8938,,10044,,47.52,,True,3.959,3.959,3.959,3.959,3.959,3.959,3.959,3.959,3.959,3.959,3.959,3.959,0,,False,False,True,,,,,,,,,,,,,,,False,False,18.714,,88.8,,75.7,,88.8,,1674,52,12,17,8,143982.4,19197.65,,Idle,,20,,10,,,20,Go Home,False,False,False,False,False,False,False,False,False,False,False,False,33.8027920380556,-117.4659261431046,1251.2,2972.0,1049.4,396.9,True,1,1,False,False,False,False,,True,False,False,Course Lock,196.8,67,16.4,93,E,S,10.96,10.96,Calm,False,False,Android,7.0.2,M300 RTK,1ZN7L4R0H1D00F,1W9DL31001461C,1ZMLH8300204F0,1Z6PH74DAP0QN7,"Corona, CA",728.3,5.7,137.7,8.547347,2.013246,0,0,DJI Matrice 300 RTK,M300 RTK,1ZN7L4R0H1D00F,1W9DL31001461C,1ZMLH8300204F0,1Z6PH74DAP0QN7,DJI Pilot,Android,7.0.2,1EF72A62-B7C3-C88D-164E-CE6F8C8424AE,1ZN7L4R0H1D00F,1W9DL31001461C,,1ZMLH8300204F0,1W9DL31001461C,,,,,
2023-11-01,11:27:45.54 AM,3m 23.2s,203.2,33.8013986651988,-117.4696998183924,123.3,123.3,20.9,1387,1451.6,4.611569,6.085134,1.11847,2.23694,-4.47388,1.342164,-0.223694,0,3,1.4,3.3,-68.9,291.1,285.6,Tripod,Other,,23,5,True,,True,False,,Smart,RC,False,True,False,,,True,,False,False,False,False,False,False,False,False,False,False,0,Follow Yaw,-77.9,0,-77.2,282.8,False,False,False,False,False,,0,0,False,False,No Card,100,100,1024,1282,1239,1024,2,False,False,False,False,False,0,False,False,False,False,89,,47.52,,8938,,10044,,47.52,,True,3.959,3.959,3.959,3.959,3.959,3.959,3.959,3.959,3.959,3.959,3.959,3.959,0,,False,False,True,,,,,,,,,,,,,,,False,False,18.714,,88.8,,75.7,,88.8,,1674,52,12,17,8,143982.4,19197.65,,Idle,,20,,10,,,20,Go Home,False,False,False,False,False,False,False,False,False,False,False,False,33.8027920380556,-117.4659261431046,1251.8,2972.0,1049.4,396.9,True,1,1,False,False,False,False,,True,False,False,Course Lock,196.8,67,16.4,93,E,S,10.96,10.96,Calm,False,False,Android,7.0.2,M300 RTK,1ZN7L4R0H1D00F,1W9DL31001461C,1ZMLH8300204F0,1Z6PH74DAP0QN7,"Corona, CA",728.3,5.7,137.7,8.547347,2.013246,0,0,DJI Matrice 300 RTK,M300 RTK,1ZN7L4R0H1D00F,1W9DL31001461C,1ZMLH8300204F0,1Z6PH74DAP0QN7,DJI Pilot,Android,7.0.2,1EF72A62-B7C3-C88D-164E-CE6F8C8424AE,1ZN7L4R0H1D00F,1W9DL31001461C,,1ZMLH8300204F0,1W9DL31001461C,,,,,
2023-11-01,11:27:45.64 AM,3m 23.3s,203.3,33.8013991630174,-117.469701755688,123.3,123.3,20.9,1387,1452.2,4.611569,6.085134,1.11847,2.23694,-4.47388,1.342164,-0.223694,0,3.1,1.3,3.3,-68.9,291.1,287.1,Tripod,Other,,23,5,True,,True,False,,Smart,RC,False,True,False,,,True,,False,False,False,False,False,False,False,False,False,False,0,Follow Yaw,-77.9,0,-77.2,282.8,False,False,False,False,False,,0,0,False,False,No Card,100,100,1024,1283,1239,1024,2,False,False,False,False,False,0,False,False,False,False,89,,47.52,,8938,,10044,,47.52,,True,3.958,3.958,3.958,3.958,3.958,3.958,3.958,3.958,3.958,3.958,3.958,3.958,0,,False,False,True,,,,,,,,,,,,,,,False,False,18.714,,88.8,,75.7,,88.8,,1674,52,12,17,8,143866.5,19182.20,,Idle,,20,,10,,,20,Go Home,False,False,False,False,False,False,False,False,False,False,False,False,33.8027920380556,-117.4659261431046,1252.2,2972.0,1049.4,396.9,True,1,1,False,False,False,False,,True,False,False,Course Lock,196.8,67,16.4,93,E,S,10.96,10.96,Calm,False,False,Android,7.0.2,M300 RTK,1ZN7L4R0H1D00F,1W9DL31001461C,1ZMLH8300204F0,1Z6PH74DAP0QN7,"Corona, CA",728.3,5.7,137.7,8.547347,2.013246,0,0,DJI Matrice 300 RTK,M300 RTK,1ZN7L4R0H1D00F,1W9DL31001461C,1ZMLH8300204F0,1Z6PH74DAP0QN7,DJI Pilot,Android,7.0.2,1EF72A62-B7C3-C88D-164E-CE6F8C8424AE,1ZN7L4R0H1D00F,1W9DL31001461C,,1ZMLH8300204F0,1W9DL31001461C,,,,,
2023-11-01,11:27:45.74 AM,3m 23.4s,203.4,33.8013997003106,-117.469703943021,123.6,123.6,20.9,1387,1452.9,4.611569,6.085134,1.11847,2.23694,-4.47388,1.342164,-0.223694,0,3.3,1,3.4,-68.9,291.1,286.4,Tripod,Other,,23,5,True,,True,False,,Smart,RC,False,True,False,,,True,,False,False,False,False,False,False,False,False,False,False,0,Follow Yaw,-77.9,0,-77.2,282.8,False,False,False,False,False,,0,0,False,False,No Card,100,100,1024,1285,1233,1024,2,False,False,False,False,False,0,False,False,False,False,89,,47.52,,8938,,10044,,47.52,,True,3.958,3.958,3.958,3.958,3.958,3.958,3.958,3.958,3.958,3.958,3.958,3.958,0,,False,False,True,,,,,,,,,,,,,,,False,False,18.714,,88.8,,75.7,,88.8,,1674,52,12,17,8,143866.5,19182.20,,Idle,,20,,10,,,20,Go Home,False,False,False,False,False,False,False,False,False,False,False,False,33.8027920380556,-117.4659261431046,1252.8,2972.0,1049.4,396.9,True,1,1,False,False,False,False,,True,False,False,Course Lock,196.8,67,16.4,93,E,S,10.96,10.96,Calm,False,False,Android,7.0.2,M300 RTK,1ZN7L4R0H1D00F,1W9DL31001461C,1ZMLH8300204F0,1Z6PH74DAP0QN7,"Corona, CA",728.3,5.7,137.7,8.547347,2.013246,0,0,DJI Matrice 300 RTK,M300 RTK,1ZN7L4R0H1D00F,1W9DL31001461C,1ZMLH8300204F0,1Z6PH74DAP0QN7,DJI Pilot,Android,7.0.2,1EF72A62-B7C3-C88D-164E-CE6F8C8424AE,1ZN7L4R0H1D00F,1W9DL31001461C,,1ZMLH8300204F0,1W9DL31001461C,,,,,
2023-11-01,11:27:45.84 AM,3m 23.5s,203.5,33.8014002562446,-117.4697063249742,123.6,123.6,20.9,1387,1453.7,4.670867,6.085134,1.342164,2.23694,-4.47388,1.342164,-0.223694,0,3.3,0.7,3.3,-68.9,291.1,285.6,Tripod,Other,,23,5,True,,True,False,,Smart,RC,False,True,False,,,True,,False,False,False,False,False,False,False,False,False,False,0,Follow Yaw,-77.9,0,-77.2,282.8,False,False,False,False,False,,0,0,False,False,No Card,100,100,1024,1293,1228,1024,2,False,False,False,False,False,0,False,False,False,False,89,,47.52,,8938,,10044,,47.52,,True,3.958,3.958,3.958,3.958,3.958,3.958,3.958,3.958,3.958,3.958,3.958,3.958,0,,False,False,True,,,,,,,,,,,,,,,False,False,18.714,,88.8,,75.7,,88.8,,1674,52,12,17,8,143866.5,19182.20,,Idle,,20,,10,,,20,Go Home,False,False,False,False,False,False,False,False,False,False,False,False,33.8027920380556,-117.4659261431046,1253.3,2972.0,1049.4,396.9,True,1,1,False,False,False,False,,True,False,False,Course Lock,196.8,67,16.4,93,E,S,10.96,10.96,Calm,False,False,Android,7.0.2,M300 RTK,1ZN7L4R0H1D00F,1W9DL31001461C,1ZMLH8300204F0,1Z6PH74DAP0QN7,"Corona, CA",728.3,5.7,137.7,8.547347,2.013246,0,0,DJI Matrice 300 RTK,M300 RTK,1ZN7L4R0H1D00F,1W9DL31001461C,1ZMLH8300204F0,1Z6PH74DAP0QN7,DJI Pilot,Android,7.0.2,1EF72A62-B7C3-C88D-164E-CE6F8C8424AE,1ZN7L4R0H1D00F,1W9DL31001461C,,1ZMLH8300204F0,1W9DL31001461C,,,,,
2023-11-01,11:27:45.94 AM,3m 23.6s,203.6,33.8014007929895,-117.4697084994424,123.6,123.6,20.9,1387,1454.4,4.394889,6.085134,1.11847,2.23694,-4.250186,1.342164,-0.223694,0,3.1,0.6,3.1,-69,291,286.5,Tripod,Other,,23,5,True,,True,False,,Smart,RC,False,True,False,,,True,,False,False,False,False,False,False,False,False,False,False,0,Follow Yaw,-77.9,0,-77.2,282.8,False,False,False,False,False,,0,0,False,False,No Card,100,100,1024,1289,1231,1024,2,False,False,False,False,False,0,False,False,False,False,89,,47.52,,8938,,10044,,47.52,,True,3.958,3.958,3.958,3.958,3.958,3.958,3.958,3.958,3.958,3.958,3.958,3.958,0,,False,False,True,,,,,,,,,,,,,,,False,False,18.714,,88.8,,75.7,,88.8,,1674,52,12,17,8,143866.5,19182.20,,Idle,,20,,10,,,20,Go Home,False,False,False,False,False,False,False,False,False,False,False,False,33.8027920380556,-117.4659261431046,1253.9,2972.0,1049.4,396.9,True,1,1,False,False,False,False,,True,False,False,Course Lock,196.8,67,16.4,93,E,S,10.96,10.96,Calm,False,False,Android,7.0.2,M300 RTK,1ZN7L4R0H1D00F,1W9DL31001461C,1ZMLH8300204F0,1Z6PH74DAP0QN7,"Corona, CA",728.3,5.7,137.7,8.547347,2.013246,0,0,DJI Matrice 300 RTK,M300 RTK,1ZN7L4R0H1D00F,1W9DL31001461C,1ZMLH8300204F0,1Z6PH74DAP0QN7,DJI Pilot,Android,7.0.2,1EF72A62-B7C3-C88D-164E-CE6F8C8424AE,1ZN7L4R0H1D00F,1W9DL31001461C,,1ZMLH8300204F0,1W9DL31001461C,,,,,
2023-11-01,11:27:46.04 AM,3m 23.7s,203.7,33.8014012688778,-117.4697105881459,123.6,123.6,20.6,1387,1455.0,4.394889,6.085134,1.11847,2.23694,-4.250186,1.342164,-0.223694,0,2.8,0.7,2.8,-69.1,290.9,285.3,Tripod,Other,,23,5,True,,True,False,,Smart,RC,False,True,False,,,True,,False,False,False,False,False,False,False,False,False,False,0,Follow Yaw,-77.9,0,-77.2,282.8,False,False,False,False,False,,0,0,False,False,No Card,100,100,1024,1291,1228,1024,2,False,False,False,False,False,0,False,False,False,False,89,,47.544,,4437,,4986,,47.544,,True,3.958,3.958,3.958,3.958,3.958,3.958,3.958,3.958,3.958,3.958,3.958,3.958,0,,False,False,True,,,,,,,,,,,,,,,False,False,9.278,,88.3,,75.7,,88.8,,1674,52,12,17,8,143866.5,19182.20,,Idle,,20,,10,,,20,Go Home,False,False,False,False,False,False,False,False,False,False,False,False,33.8027920380556,-117.4659261431046,1254.4,2972.0,1049.4,396.9,True,1,1,False,False,False,False,,True,False,False,Course Lock,196.8,67,16.4,93,E,S,10.96,10.96,Calm,False,False,Android,7.0.2,M300 RTK,1ZN7L4R0H1D00F,1W9DL31001461C,1ZMLH8300204F0,1Z6PH74DAP0QN7,"Corona, CA",728.3,5.7,137.7,8.547347,2.013246,0,0,DJI Matrice 300 RTK,M300 RTK,1ZN7L4R0H1D00F,1W9DL31001461C,1ZMLH8300204F0,1Z6PH74DAP0QN7,DJI Pilot,Android,7.0.2,1EF72A62-B7C3-C88D-164E-CE6F8C8424AE,1ZN7L4R0H1D00F,1W9DL31001461C,,1ZMLH8300204F0,1W9DL31001461C,,,,,
2023-11-01,11:27:46.14 AM,3m 23.8s,203.8,33.801401810557,-117.4697127444716,123.6,123.6,20.9,1387,1455.7,4.394889,6.085134,1.11847,2.23694,-4.250186,1.342164,-0.223694,0,2.7,0.8,2.8,-69.2,290.8,286.8,Tripod,Other,,23,5,True,,True,False,,Smart,RC,False,True,False,,,True,,False,False,False,False,False,False,False,False,False,False,0,Follow Yaw,-77.9,0,-77.2,282.8,False,False,False,False,False,,0,0,False,False,No Card,100,100,1024,1295,1225,1024,2,False,False,False,False,False,0,False,False,False,False,89,,47.544,,4437,,4986,,47.544,,True,3.958,3.958,3.958,3.958,3.958,3.958,3.958,3.958,3.958,3.958,3.958,3.958,0,,False,False,True,,,,,,,,,,,,,,,False,False,9.278,,88.3,,75.7,,88.8,,1674,52,12,17,8,143866.5,19182.20,,Idle,,20,,10,,,20,Go Home,False,False,False,False,False,False,False,False,False,False,False,False,33.8027920380556,-117.4659261431046,1254.9,2972.0,1049.4,396.9,True,1,1,False,False,False,False,,True,False,False,Course Lock,196.8,67,16.4,93,E,S,10.96,10.96,Calm,False,False,Android,7.0.2,M300 RTK,1ZN7L4R0H1D00F,1W9DL31001461C,1ZMLH8300204F0,1Z6PH74DAP0QN7,"Corona, CA",728.3,5.7,137.7,8.547347,2.013246,0,0,DJI Matrice 300 RTK,M300 RTK,1ZN7L4R0H1D00F,1W9DL31001461C,1ZMLH8300204F0,1Z6PH74DAP0QN7,DJI Pilot,Android,7.0.2,1EF72A62-B7C3-C88D-164E-CE6F8C8424AE,1ZN7L4R0H1D00F,1W9DL31001461C,,1ZMLH8300204F0,1W9DL31001461C,,,,,
2023-11-01,11:27:46.24 AM,3m 23.9s,203.9,33.8014025084899,-117.4697145900648,124.0,124.0,20.9,1388,1456.3,4.457071,6.085134,1.342164,2.23694,-4.250186,1.342164,-0.223694,0,2.8,0.9,2.9,-69.4,290.6,294.4,Tripod,Other,,23,5,True,,True,False,,Smart,RC,False,True,False,,,True,,False,False,False,False,False,False,False,False,False,False,0,Follow Yaw,-77.9,0,-77.2,282.8,False,False,False,False,False,,0,0,False,False,No Card,100,100,1024,1293,1226,1024,2,False,False,False,False,False,0,False,False,False,False,89,,47.544,,4437,,4986,,47.544,,True,3.958,3.958,3.958,3.958,3.958,3.958,3.958,3.958,3.958,3.958,3.958,3.958,0,,False,False,True,,,,,,,,,,,,,,,False,False,9.278,,88.3,,75.7,,88.8,,1674,52,12,17,8,143866.5,19182.20,,Idle,,20,,10,,,20,Go Home,False,False,False,False,False,False,False,False,False,False,False,False,33.8027920380556,-117.4659261431046,1255.3,2972.0,1049.4,396.9,True,1,1,False,False,False,False,,True,False,False,Course Lock,196.8,67,16.4,93,E,S,10.96,10.96,Calm,False,False,Android,7.0.2,M300 RTK,1ZN7L4R0H1D00F,1W9DL31001461C,1ZMLH8300204F0,1Z6PH74DAP0QN7,"Corona, CA",728.3,5.7,137.7,8.547347,2.013246,0,0,DJI Matrice 300 RTK,M300 RTK,1ZN7L4R0H1D00F,1W9DL31001461C,1ZMLH8300204F0,1Z6PH74DAP0QN7,DJI Pilot,Android,7.0.2,1EF72A62-B7C3-C88D-164E-CE6F8C8424AE,1ZN7L4R0H1D00F,1W9DL31001461C,,1ZMLH8300204F0,1W9DL31001461C,,,,,
2023-11-01,11:27:46.31 AM,3m 24.0s,204.0,33.8014030720995,-117.4697167041678,124.0,124.0,20.9,1388,1457.0,4.457071,6.085134,1.342164,2.23694,-4.250186,1.342164,-0.223694,0,2.9,0.9,3,-69.5,290.5,287.7,Tripod,Other,,23,5,True,,True,False,,Smart,RC,False,True,False,,,True,,False,False,False,False,False,False,False,False,False,False,0,Follow Yaw,-77.9,0,-77.2,282.8,False,False,False,False,False,,0,0,False,False,No Card,100,100,1024,1293,1226,1024,2,False,False,False,False,False,0,False,False,False,False,89,,47.544,,8938,,10044,,47.544,,True,3.958,3.958,3.958,3.958,3.958,3.958,3.958,3.958,3.958,3.958,3.958,3.958,0,,False,False,True,,,,,,,,,,,,,,,False,False,18.912,,88.8,,75.7,,88.8,,1674,52,12,17,8,143866.5,19182.20,,Idle,,20,,10,,,20,Go Home,False,False,False,False,False,False,False,False,False,False,False,False,33.8027920380556,-117.4659261431046,1255.8,2972.0,1049.4,396.9,True,1,1,False,False,False,False,,True,False,False,Course Lock,196.8,67,16.4,93,E,S,10.96,10.96,Calm,False,False,Android,7.0.2,M300 RTK,1ZN7L4R0H1D00F,1W9DL31001461C,1ZMLH8300204F0,1Z6PH74DAP0QN7,"Corona, CA",728.3,5.7,137.7,8.547347,2.013246,0,0,DJI Matrice 300 RTK,M300 RTK,1ZN7L4R0H1D00F,1W9DL31001461C,1ZMLH8300204F0,1Z6PH74DAP0QN7,DJI Pilot,Android,7.0.2,1EF72A62-B7C3-C88D-164E-CE6F8C8424AE,1ZN7L4R0H1D00F,1W9DL31001461C,,1ZMLH8300204F0,1W9DL31001461C,,,,,
2023-11-01,11:27:46.44 AM,3m 24.1s,204.1,33.8014034876794,-117.4697189947485,124.0,124.0,20.9,1388,1457.7,4.457071,6.085134,1.342164,2.23694,-4.250186,1.342164,-0.223694,0,2.9,0.9,3,-69.5,290.5,282.3,Tripod,Other,,23,5,True,,True,False,,Smart,RC,False,True,False,,,True,,False,False,False,False,False,False,False,False,False,False,0,Follow Yaw,-77.9,0,-77.2,282.8,False,False,False,False,False,,0,0,False,False,No Card,100,100,1024,1290,1229,1024,2,False,False,False,False,False,0,False,False,False,False,89,,47.544,,8938,,10044,,47.544,,True,3.958,3.958,3.958,3.958,3.958,3.958,3.958,3.958,3.958,3.958,3.958,3.958,0,,False,False,True,,,,,,,,,,,,,,,False,False,18.912,,88.8,,75.7,,88.8,,1674,52,12,17,8,143866.5,19182.20,,Idle,,20,,10,,,20,Go Home,False,False,False,False,False,False,False,False,False,False,False,False,33.8027920380556,-117.4659261431046,1256.4,2972.0,1049.4,396.9,True,1,1,False,False,False,False,,True,False,False,Course Lock,196.8,67,16.4,93,E,S,10.96,10.96,Calm,False,False,Android,7.0.2,M300 RTK,1ZN7L4R0H1D00F,1W9DL31001461C,1ZMLH8300204F0,1Z6PH74DAP0QN7,"Corona, CA",728.3,5.7,137.7,8.547347,2.013246,0,0,DJI Matrice 300 RTK,M300 RTK,1ZN7L4R0H1D00F,1W9DL31001461C,1ZMLH8300204F0,1Z6PH74DAP0QN7,DJI Pilot,Android,7.0.2,1EF72A62-B7C3-C88D-164E-CE6F8C8424AE,1ZN7L4R0H1D00F,1W9DL31001461C,,1ZMLH8300204F0,1W9DL31001461C,,,,,
2023-11-01,11:27:46.52 AM,3m 24.2s,204.2,33.8014040485477,-117.4697211098412,124.0,124.0,20.9,1388,1458.4,4.457071,6.085134,1.342164,2.23694,-4.250186,1.342164,-0.223694,0,2.8,0.8,2.9,-69.5,290.5,287.6,Tripod,Other,,23,5,True,,True,False,,Smart,RC,False,True,False,,,True,,False,False,False,False,False,False,False,False,False,False,0,Follow Yaw,-77.9,0,-77.2,282.8,False,False,False,False,False,,0,0,False,False,No Card,100,100,1024,1290,1229,1024,2,False,False,False,False,False,0,False,False,False,False,89,,47.544,,8938,,10044,,47.544,,True,3.958,3.958,3.958,3.958,3.958,3.958,3.958,3.958,3.958,3.958,3.958,3.958,0,,False,False,True,,,,,,,,,,,,,,,False,False,18.912,,88.8,,75.7,,88.8,,1674,52,12,17,8,143866.5,19182.20,,Idle,,20,,10,,,20,Go Home,False,False,False,False,False,False,False,False,False,False,False,False,33.8027920380556,-117.4659261431046,1256.9,2972.0,1049.4,396.9,True,1,1,False,False,False,False,,True,False,False,Course Lock,196.8,67,16.4,93,E,S,10.96,10.96,Calm,False,False,Android,7.0.2,M300 RTK,1ZN7L4R0H1D00F,1W9DL31001461C,1ZMLH8300204F0,1Z6PH74DAP0QN7,"Corona, CA",728.3,5.7,137.7,8.547347,2.013246,0,0,DJI Matrice 300 RTK,M300 RTK,1ZN7L4R0H1D00F,1W9DL31001461C,1ZMLH8300204F0,1Z6PH74DAP0QN7,DJI Pilot,Android,7.0.2,1EF72A62-B7C3-C88D-164E-CE6F8C8424AE,1ZN7L4R0H1D00F,1W9DL31001461C,,1ZMLH8300204F0,1W9DL31001461C,,,,,
2023-11-01,11:27:46.64 AM,3m 24.3s,204.3,33.8014047673144,-117.4697232321908,124.0,124.0,20.9,1388,1459.1,4.457071,6.085134,1.342164,2.23694,-4.250186,1.342164,-0.223694,0,2.7,0.8,2.8,-69.4,290.6,292.1,Tripod,Other,,23,5,True,,True,False,,Smart,RC,False,True,False,,,True,,False,False,False,False,False,False,False,False,False,False,0,Follow Yaw,-77.9,0,-77.2,282.8,False,False,False,False,False,,0,0,False,False,No Card,100,100,1024,1291,1228,1024,2,False,False,False,False,False,0,False,False,False,False,89,,47.544,,8938,,10044,,47.544,,True,3.962,3.962,3.962,3.962,3.962,3.962,3.962,3.962,3.962,3.962,3.962,3.962,0,,False,False,True,,,,,,,,,,,,,,,False,False,18.912,,88.8,,75.7,,88.8,,1675,52,12,17,8,143600.7,19146.76,,Idle,,20,,10,,,20,Go Home,False,False,False,False,False,False,False,False,False,False,False,False,33.8027920380556,-117.4659261431046,1257.4,2972.0,1049.4,396.9,True,1,1,False,False,False,False,,True,False,False,Course Lock,196.8,67,16.4,93,E,S,10.96,10.96,Calm,False,False,Android,7.0.2,M300 RTK,1ZN7L4R0H1D00F,1W9DL31001461C,1ZMLH8300204F0,1Z6PH74DAP0QN7,"Corona, CA",728.3,5.7,137.7,8.547347,2.013246,0,0,DJI Matrice 300 RTK,M300 RTK,1ZN7L4R0H1D00F,1W9DL31001461C,1ZMLH8300204F0,1Z6PH74DAP0QN7,DJI Pilot,Android,7.0.2,1EF72A62-B7C3-C88D-164E-CE6F8C8424AE,1ZN7L4R0H1D00F,1W9DL31001461C,,1ZMLH8300204F0,1W9DL31001461C,,,,,
2023-11-01,11:27:46.72 AM,3m 24.4s,204.4,33.8014053566921,-117.469725343655,124.0,124.0,20.9,1388,1459.7,4.457071,6.085134,1.342164,2.23694,-4.250186,1.342164,-0.223694,0,2.6,0.8,2.7,-69.4,290.6,288.5,Tripod,Other,,23,5,True,,True,False,,Smart,RC,False,True,False,,,True,,False,False,False,False,False,False,False,False,False,False,0,Follow Yaw,-77.9,0,-77.2,282.8,False,False,False,False,False,,0,0,False,False,No Card,100,100,1024,1289,1228,1024,2,False,False,False,False,False,0,False,False,False,False,89,,47.544,,8938,,10044,,47.544,,True,3.962,3.962,3.962,3.962,3.962,3.962,3.962,3.962,3.962,3.962,3.962,3.962,0,,False,False,True,,,,,,,,,,,,,,,False,False,18.912,,88.8,,75.7,,88.8,,1675,52,12,17,8,143600.7,19146.76,,Idle,,20,,10,,,20,Go Home,False,False,False,False,False,False,False,False,False,False,False,False,33.8027920380556,-117.4659261431046,1257.9,2972.0,1049.4,396.9,True,1,1,False,False,False,False,,True,False,False,Course Lock,196.8,67,16.4,93,E,S,10.96,10.96,Calm,False,False,Android,7.0.2,M300 RTK,1ZN7L4R0H1D00F,1W9DL31001461C,1ZMLH8300204F0,1Z6PH74DAP0QN7,"Corona, CA",728.3,5.7,137.7,8.547347,2.013246,0,0,DJI Matrice 300 RTK,M300 RTK,1ZN7L4R0H1D00F,1W9DL31001461C,1ZMLH8300204F0,1Z6PH74DAP0QN7,DJI Pilot,Android,7.0.2,1EF72A62-B7C3-C88D-164E-CE6F8C8424AE,1ZN7L4R0H1D00F,1W9DL31001461C,,1ZMLH8300204F0,1W9DL31001461C,,,,,
2023-11-01,11:27:46.82 AM,3m 24.5s,204.5,33.8014057755615,-117.4697275214219,124.3,124.3,20.9,1388,1460.4,4.457071,6.085134,1.342164,2.23694,-4.250186,1.342164,-0.223694,0,2.7,0.8,2.8,-69.4,290.6,283.0,Tripod,Other,,23,5,True,,True,False,,Smart,RC,False,True,False,,,True,,False,False,False,False,False,False,False,False,False,False,0,Follow Yaw,-77.9,0,-77.2,282.8,False,False,False,False,False,,0,0,False,False,No Card,100,100,1024,1290,1222,1024,2,False,False,False,False,False,0,False,False,False,False,89,,47.544,,8938,,10044,,47.544,,True,3.962,3.962,3.962,3.962,3.962,3.962,3.962,3.962,3.962,3.962,3.962,3.962,0,,False,False,True,,,,,,,,,,,,,,,False,False,18.912,,88.8,,75.7,,88.8,,1675,52,12,17,8,143600.7,19146.76,,Idle,,20,,10,,,20,Go Home,False,False,False,False,False,False,False,False,False,False,False,False,33.8027920380556,-117.4659261431046,1258.4,2972.0,1049.4,396.9,True,1,1,False,False,False,False,,True,False,False,Course Lock,196.8,67,16.4,93,E,S,10.96,10.96,Calm,False,False,Android,7.0.2,M300 RTK,1ZN7L4R0H1D00F,1W9DL31001461C,1ZMLH8300204F0,1Z6PH74DAP0QN7,"Corona, CA",728.3,5.7,137.7,8.547347,2.013246,0,0,DJI Matrice 300 RTK,M300 RTK,1ZN7L4R0H1D00F,1W9DL31001461C,1ZMLH8300204F0,1Z6PH74DAP0QN7,DJI Pilot,Android,7.0.2,1EF72A62-B7C3-C88D-164E-CE6F8C8424AE,1ZN7L4R0H1D00F,1W9DL31001461C,,1ZMLH8300204F0,1W9DL31001461C,,,,,
2023-11-01,11:27:46.94 AM,3m 24.6s,204.6,33.8014063731631,-117.4697296325562,124.3,124.3,20.9,1388,1461.1,4.457071,6.085134,1.342164,2.23694,-4.250186,1.342164,-0.223694,0,2.9,0.7,2.9,-69.4,290.6,288.8,Tripod,Other,,23,5,True,,True,False,,Smart,RC,False,True,False,,,True,,False,False,False,False,False,False,False,False,False,False,0,Follow Yaw,-77.9,0,-77.2,282.8,False,False,False,False,False,,0,0,False,False,No Card,100,100,1024,1295,1129,1024,2,False,False,False,False,False,0,False,False,False,False,89,,47.544,,8938,,10044,,47.544,,True,3.962,3.962,3.962,3.962,3.962,3.962,3.962,3.962,3.962,3.962,3.962,3.962,0,,False,False,True,,,,,,,,,,,,,,,False,False,18.912,,88.8,,75.7,,88.8,,1675,52,12,17,8,143600.7,19146.76,,Idle,,20,,10,,,20,Go Home,False,False,False,False,False,False,False,False,False,False,False,False,33.8027920380556,-117.4659261431046,1258.9,2972.0,1049.4,396.9,True,1,1,False,False,False,False,,True,False,False,Course Lock,196.8,67,16.4,93,E,S,10.96,10.96,Calm,False,False,Android,7.0.2,M300 RTK,1ZN7L4R0H1D00F,1W9DL31001461C,1ZMLH8300204F0,1Z6PH74DAP0QN7,"Corona, CA",728.3,5.7,137.7,8.547347,2.013246,0,0,DJI Matrice 300 RTK,M300 RTK,1ZN7L4R0H1D00F,1W9DL31001461C,1ZMLH8300204F0,1Z6PH74DAP0QN7,DJI Pilot,Android,7.0.2,1EF72A62-B7C3-C88D-164E-CE6F8C8424AE,1ZN7L4R0H1D00F,1W9DL31001461C,,1ZMLH8300204F0,1W9DL31001461C,,,,,
2023-11-01,11:27:47.03 AM,3m 24.7s,204.7,33.8014071440144,-117.4697320056031,124.3,124.3,20.9,1388,1461.9,4.457071,6.085134,1.342164,2.23694,-4.250186,1.342164,-0.223694,0,3,0.5,3,-69.4,290.6,291.3,Tripod,Other,,23,5,True,,True,False,,Smart,RC,False,True,False,,,True,,False,False,False,False,False,False,False,False,False,False,0,Follow Yaw,-77.9,0,-77.2,282.8,False,False,False,False,False,,0,0,False,False,No Card,100,100,1024,1291,1024,1024,2,False,False,False,False,False,0,False,False,False,False,89,,47.544,,8938,,10044,,47.544,,True,3.962,3.962,3.962,3.962,3.962,3.962,3.962,3.962,3.962,3.962,3.962,3.962,0,,False,False,True,,,,,,,,,,,,,,,False,False,18.912,,88.8,,75.7,,88.8,,1675,52,12,17,8,143600.7,19146.76,,Idle,,20,,10,,,20,Go Home,False,False,False,False,False,False,False,False,False,False,False,False,33.8027920380556,-117.4659261431046,1259.5,2972.0,1049.4,396.9,True,1,1,False,False,False,False,,True,False,False,Course Lock,196.8,67,16.4,93,E,S,10.96,10.96,Calm,False,False,Android,7.0.2,M300 RTK,1ZN7L4R0H1D00F,1W9DL31001461C,1ZMLH8300204F0,1Z6PH74DAP0QN7,"Corona, CA",728.3,5.7,137.7,8.547347,2.013246,0,0,DJI Matrice 300 RTK,M300 RTK,1ZN7L4R0H1D00F,1W9DL31001461C,1ZMLH8300204F0,1Z6PH74DAP0QN7,DJI Pilot,Android,7.0.2,1EF72A62-B7C3-C88D-164E-CE6F8C8424AE,1ZN7L4R0H1D00F,1W9DL31001461C,,1ZMLH8300204F0,1W9DL31001461C,,,,,
2023-11-01,11:27:47.14 AM,3m 24.8s,204.8,33.8014077706737,-117.4697341312514,124.3,124.3,20.6,1388,1462.6,4.457071,6.085134,1.342164,2.23694,-4.250186,1.342164,-0.223694,0,2.9,0.2,2.9,-69.4,290.6,289.5,Tripod,Other,,23,5,True,,True,False,,Smart,RC,False,True,False,,,True,,False,False,False,False,False,False,False,False,False,False,0,Follow Yaw,-77.9,0,-77.2,282.8,False,False,False,False,False,,0,0,False,False,No Card,100,100,1024,1292,1024,1024,2,False,False,False,False,False,0,False,False,False,False,89,,47.544,,8938,,10044,,47.544,,True,3.962,3.962,3.962,3.962,3.962,3.962,3.962,3.962,3.962,3.962,3.962,3.962,0,,False,False,True,,,,,,,,,,,,,,,False,False,18.912,,88.8,,75.7,,88.8,,1675,52,12,17,8,143600.7,19146.76,,Idle,,20,,10,,,20,Go Home,False,False,False,False,False,False,False,False,False,False,False,False,33.8027920380556,-117.4659261431046,1260.0,2972.0,1049.4,396.9,True,1,1,False,False,False,False,,True,False,False,Course Lock,196.8,67,16.4,93,E,S,10.96,10.96,Calm,False,False,Android,7.0.2,M300 RTK,1ZN7L4R0H1D00F,1W9DL31001461C,1ZMLH8300204F0,1Z6PH74DAP0QN7,"Corona, CA",728.3,5.7,137.7,8.547347,2.013246,0,0,DJI Matrice 300 RTK,M300 RTK,1ZN7L4R0H1D00F,1W9DL31001461C,1ZMLH8300204F0,1Z6PH74DAP0QN7,DJI Pilot,Android,7.0.2,1EF72A62-B7C3-C88D-164E-CE6F8C8424AE,1ZN7L4R0H1D00F,1W9DL31001461C,,1ZMLH8300204F0,1W9DL31001461C,,,,,
2023-11-01,11:27:47.23 AM,3m 24.9s,204.9,33.8014084028156,-117.4697359847614,124.3,124.3,20.9,1388,1463.2,4.529458,6.085134,1.565858,2.23694,-4.250186,1.342164,-0.223694,0,2.7,0,2.7,-69.3,290.7,292.3,Tripod,Other,,23,5,True,,True,False,,Smart,RC,False,True,False,,,True,,False,False,False,False,False,False,False,False,False,False,0,Follow Yaw,-77.9,0,-77.2,282.8,False,False,False,False,False,,0,0,False,False,No Card,100,100,1024,1301,1024,1024,2,False,False,False,False,False,0,False,False,False,False,89,,47.544,,8938,,10044,,47.544,,True,3.962,3.962,3.962,3.962,3.962,3.962,3.962,3.962,3.962,3.962,3.962,3.962,0,,False,False,True,,,,,,,,,,,,,,,False,False,18.912,,88.8,,75.7,,88.8,,1675,52,12,17,8,143600.7,19146.76,,Idle,,20,,10,,,20,Go Home,False,False,False,False,False,False,False,False,False,False,False,False,33.8027920380556,-117.4659261431046,1260.4,2972.0,1049.4,396.9,True,1,1,False,False,False,False,,True,False,False,Course Lock,196.8,67,16.4,93,E,S,10.96,10.96,Calm,False,False,Android,7.0.2,M300 RTK,1ZN7L4R0H1D00F,1W9DL31001461C,1ZMLH8300204F0,1Z6PH74DAP0QN7,"Corona, CA",728.3,5.7,137.7,8.547347,2.013246,0,0,DJI Matrice 300 RTK,M300 RTK,1ZN7L4R0H1D00F,1W9DL31001461C,1ZMLH8300204F0,1Z6PH74DAP0QN7,DJI Pilot,Android,7.0.2,1EF72A62-B7C3-C88D-164E-CE6F8C8424AE,1ZN7L4R0H1D00F,1W9DL31001461C,,1ZMLH8300204F0,1W9DL31001461C,,,,,
2023-11-01,11:27:47.33 AM,3m 25.0s,205.0,33.8014090398918,-117.4697380919372,124.3,124.3,20.9,1388,1463.8,4.529458,6.085134,1.565858,2.23694,-4.250186,1.342164,0,0,2.5,-0.1,2.5,-69.2,290.8,289.9,Tripod,Other,,23,5,True,,True,False,,Smart,RC,False,True,False,,,True,,False,False,False,False,False,False,False,False,False,False,0,Follow Yaw,-77.9,0,-77.2,282.8,False,False,False,False,False,,0,0,False,False,No Card,100,100,1024,1315,1043,1024,2,False,False,False,False,False,0,False,False,False,False,89,,47.508,,4437,,4986,,47.508,,True,3.962,3.962,3.962,3.962,3.962,3.962,3.962,3.962,3.962,3.962,3.962,3.962,0,,False,False,True,,,,,,,,,,,,,,,False,False,9.154,,88.3,,75.7,,88.8,,1675,52,12,17,8,143600.7,19146.76,,Idle,,20,,10,,,20,Go Home,False,False,False,False,False,False,False,False,False,False,False,False,33.8027920380556,-117.4659261431046,1260.9,2972.0,1049.4,396.9,True,1,1,False,False,False,False,,True,False,False,Course Lock,196.8,67,16.4,93,E,S,10.96,10.96,Calm,False,False,Android,7.0.2,M300 RTK,1ZN7L4R0H1D00F,1W9DL31001461C,1ZMLH8300204F0,1Z6PH74DAP0QN7,"Corona, CA",728.3,5.7,137.7,8.547347,2.013246,0,0,DJI Matrice 300 RTK,M300 RTK,1ZN7L4R0H1D00F,1W9DL31001461C,1ZMLH8300204F0,1Z6PH74DAP0QN7,DJI Pilot,Android,7.0.2,1EF72A62-B7C3-C88D-164E-CE6F8C8424AE,1ZN7L4R0H1D00F,1W9DL31001461C,,1ZMLH8300204F0,1W9DL31001461C,,,,,
2023-11-01,11:27:47.44 AM,3m 25.1s,205.1,33.8014097838784,-117.4697401684358,124.3,124.3,20.6,1388,1464.5,4.529458,6.085134,1.565858,2.23694,-4.250186,1.342164,0,0,2.6,0,2.6,-69,291,293.3,Tripod,Other,,23,5,True,,True,False,,Smart,RC,False,True,False,,,True,,False,False,False,False,False,False,False,False,False,False,0,Follow Yaw,-77.9,0,-77.2,282.8,False,False,False,False,False,,0,0,False,False,No Card,100,100,1024,1325,1024,1024,2,False,False,False,False,False,0,False,False,False,False,89,,47.508,,4437,,4986,,47.508,,True,3.962,3.962,3.962,3.962,3.962,3.962,3.962,3.962,3.962,3.962,3.962,3.962,0,,False,False,True,,,,,,,,,,,,,,,False,False,9.154,,88.3,,75.7,,88.8,,1675,52,12,17,8,143600.7,19146.76,,Idle,,20,,10,,,20,Go Home,False,False,False,False,False,False,False,False,False,False,False,False,33.8027920380556,-117.4659261431046,1261.3,2972.0,1049.4,396.9,True,1,1,False,False,False,False,,True,False,False,Course Lock,196.8,67,16.4,93,E,S,10.96,10.96,Calm,False,False,Android,7.0.2,M300 RTK,1ZN7L4R0H1D00F,1W9DL31001461C,1ZMLH8300204F0,1Z6PH74DAP0QN7,"Corona, CA",728.3,5.7,137.7,8.547347,2.013246,0,0,DJI Matrice 300 RTK,M300 RTK,1ZN7L4R0H1D00F,1W9DL31001461C,1ZMLH8300204F0,1Z6PH74DAP0QN7,DJI Pilot,Android,7.0.2,1EF72A62-B7C3-C88D-164E-CE6F8C8424AE,1ZN7L4R0H1D00F,1W9DL31001461C,,1ZMLH8300204F0,1W9DL31001461C,,,,,
2023-11-01,11:27:47.54 AM,3m 25.2s,205.2,33.8014104308232,-117.4697422891361,124.3,124.3,20.6,1388,1465.2,4.529458,6.085134,1.565858,2.23694,-4.250186,1.342164,0,0,2.8,0.1,2.8,-68.9,291.1,290.1,Tripod,Other,,23,5,True,,True,False,,Smart,RC,False,True,False,,,True,,False,False,False,False,False,False,False,False,False,False,0,Follow Yaw,-77.9,0,-77.2,282.8,False,False,False,False,False,,0,0,False,False,No Card,100,100,1024,1325,1024,1024,2,False,False,False,False,False,0,False,False,False,False,89,,47.508,,4437,,4986,,47.508,,True,3.962,3.962,3.962,3.962,3.962,3.962,3.962,3.962,3.962,3.962,3.962,3.962,0,,False,False,True,,,,,,,,,,,,,,,False,False,9.154,,88.3,,75.7,,88.8,,1675,52,12,17,8,143600.7,19146.76,,Idle,,20,,10,,,20,Go Home,False,False,False,False,False,False,False,False,False,False,False,False,33.8027920380556,-117.4659261431046,1261.8,2972.0,1049.4,396.9,True,1,1,False,False,False,False,,True,False,False,Course Lock,196.8,67,16.4,93,E,S,10.96,10.96,Calm,False,False,Android,7.0.2,M300 RTK,1ZN7L4R0H1D00F,1W9DL31001461C,1ZMLH8300204F0,1Z6PH74DAP0QN7,"Corona, CA",728.3,5.7,137.7,8.547347,2.013246,0,0,DJI Matrice 300 RTK,M300 RTK,1ZN7L4R0H1D00F,1W9DL31001461C,1ZMLH8300204F0,1Z6PH74DAP0QN7,DJI Pilot,Android,7.0.2,1EF72A62-B7C3-C88D-164E-CE6F8C8424AE,1ZN7L4R0H1D00F,1W9DL31001461C,,1ZMLH8300204F0,1W9DL31001461C,,,,,
2023-11-01,11:27:47.64 AM,3m 25.3s,205.3,33.8014109286418,-117.4697444164338,124.3,124.3,20.6,1388,1465.9,4.529458,6.085134,1.565858,2.23694,-4.250186,1.342164,0,0,3.1,0,3.1,-68.9,291.1,285.7,Tripod,Other,,23,5,True,,True,False,,Smart,RC,False,True,False,,,True,,False,False,False,False,False,False,False,False,False,False,0,Follow Yaw,-77.9,0,-77.2,282.8,False,False,False,False,False,,0,0,False,False,No Card,100,100,1024,1326,1024,1024,2,False,False,False,False,False,0,False,False,False,False,89,,47.508,,4437,,4986,,47.508,,True,3.959,3.959,3.959,3.959,3.959,3.959,3.959,3.959,3.959,3.959,3.959,3.959,0,,False,False,True,,,,,,,,,,,,,,,False,False,9.154,,88.3,,75.7,,88.8,,1675,53,12,17,8,143216.8,19095.58,,Idle,,20,,10,,,20,Go Home,False,False,False,False,False,False,False,False,False,False,False,False,33.8027920380556,-117.4659261431046,1262.4,2972.0,1049.4,396.9,True,1,1,False,False,False,False,,True,False,False,Course Lock,196.8,67,16.4,93,E,S,10.96,10.96,Calm,False,False,Android,7.0.2,M300 RTK,1ZN7L4R0H1D00F,1W9DL31001461C,1ZMLH8300204F0,1Z6PH74DAP0QN7,"Corona, CA",728.3,5.7,137.7,8.547347,2.013246,0,0,DJI Matrice 300 RTK,M300 RTK,1ZN7L4R0H1D00F,1W9DL31001461C,1ZMLH8300204F0,1Z6PH74DAP0QN7,DJI Pilot,Android,7.0.2,1EF72A62-B7C3-C88D-164E-CE6F8C8424AE,1ZN7L4R0H1D00F,1W9DL31001461C,,1ZMLH8300204F0,1W9DL31001461C,,,,,
2023-11-01,11:27:47.74 AM,3m 25.4s,205.4,33.8014115580424,-117.4697465401029,124.3,124.3,20.6,1388,1466.6,4.529458,6.085134,1.565858,2.23694,-4.250186,1.342164,0,0,3.1,-0.1,3.1,-68.8,291.2,289.6,Tripod,Other,,23,5,True,,True,False,,Smart,RC,False,True,False,,,True,,False,False,False,False,False,False,False,False,False,False,0,Follow Yaw,-77.9,0,-77.2,282.8,False,False,False,False,False,,0,0,False,False,No Card,100,100,1024,1318,1024,1024,2,False,False,False,False,False,0,False,False,False,False,89,,47.508,,4437,,4986,,47.508,,True,3.959,3.959,3.959,3.959,3.959,3.959,3.959,3.959,3.959,3.959,3.959,3.959,0,,False,False,True,,,,,,,,,,,,,,,False,False,9.154,,88.3,,75.7,,88.8,,1675,53,12,17,8,143216.8,19095.58,,Idle,,20,,10,,,20,Go Home,False,False,False,False,False,False,False,False,False,False,False,False,33.8027920380556,-117.4659261431046,1262.8,2972.0,1049.4,396.9,True,1,1,False,False,False,False,,True,False,False,Course Lock,196.8,67,16.4,93,E,S,10.96,10.96,Calm,False,False,Android,7.0.2,M300 RTK,1ZN7L4R0H1D00F,1W9DL31001461C,1ZMLH8300204F0,1Z6PH74DAP0QN7,"Corona, CA",728.3,5.7,137.7,8.547347,2.013246,0,0,DJI Matrice 300 RTK,M300 RTK,1ZN7L4R0H1D00F,1W9DL31001461C,1ZMLH8300204F0,1Z6PH74DAP0QN7,DJI Pilot,Android,7.0.2,1EF72A62-B7C3-C88D-164E-CE6F8C8424AE,1ZN7L4R0H1D00F,1W9DL31001461C,,1ZMLH8300204F0,1W9DL31001461C,,,,,
2023-11-01,11:27:47.85 AM,3m 25.5s,205.5,33.8014122981912,-117.4697488191383,124.3,124.3,20.6,1388,1467.3,4.529458,6.085134,1.565858,2.23694,-4.250186,1.342164,0,0,3,0,3,-68.7,291.3,291.3,Tripod,Other,,23,5,True,,True,False,,Smart,RC,False,True,False,,,True,,False,False,False,False,False,False,False,False,False,False,0,Follow Yaw,-77.9,0,-77.2,282.8,False,False,False,False,False,,0,0,False,False,No Card,100,100,1024,1319,1024,1024,2,False,False,False,False,False,0,False,False,False,False,89,,47.508,,4437,,4986,,47.508,,True,3.959,3.959,3.959,3.959,3.959,3.959,3.959,3.959,3.959,3.959,3.959,3.959,0,,False,False,True,,,,,,,,,,,,,,,False,False,9.154,,88.3,,75.7,,88.8,,1675,53,12,17,8,143216.8,19095.58,,Idle,,20,,10,,,20,Go Home,False,False,False,False,False,False,False,False,False,False,False,False,33.8027920380556,-117.4659261431046,1263.4,2972.0,1049.4,396.9,True,1,1,False,False,False,False,,True,False,False,Course Lock,196.8,67,16.4,93,E,S,10.96,10.96,Calm,False,False,Android,7.0.2,M300 RTK,1ZN7L4R0H1D00F,1W9DL31001461C,1ZMLH8300204F0,1Z6PH74DAP0QN7,"Corona, CA",728.3,5.7,137.7,8.547347,2.013246,0,0,DJI Matrice 300 RTK,M300 RTK,1ZN7L4R0H1D00F,1W9DL31001461C,1ZMLH8300204F0,1Z6PH74DAP0QN7,DJI Pilot,Android,7.0.2,1EF72A62-B7C3-C88D-164E-CE6F8C8424AE,1ZN7L4R0H1D00F,1W9DL31001461C,,1ZMLH8300204F0,1W9DL31001461C,,,,,
2023-11-01,11:27:47.95 AM,3m 25.6s,205.6,33.801412919368,-117.4697509576514,124.3,124.3,20.6,1388,1468.0,4.457071,6.085134,1.342164,2.23694,-4.250186,1.342164,0,0,2.5,0.2,2.5,-68.5,291.5,289.2,Tripod,Other,,23,5,True,,True,False,,Smart,RC,False,True,False,,,True,,False,False,False,False,False,False,False,False,False,False,0,Follow Yaw,-77.9,0,-77.2,282.8,False,False,False,False,False,,0,0,False,False,No Card,100,100,1024,1309,1024,1024,2,False,False,False,False,False,0,False,False,False,False,89,,47.508,,4437,,4986,,47.508,,True,3.959,3.959,3.959,3.959,3.959,3.959,3.959,3.959,3.959,3.959,3.959,3.959,0,,False,False,True,,,,,,,,,,,,,,,False,False,9.154,,88.3,,75.7,,88.8,,1675,53,12,17,8,143216.8,19095.58,,Idle,,20,,10,,,20,Go Home,False,False,False,False,False,False,False,False,False,False,False,False,33.8027920380556,-117.4659261431046,1263.9,2972.0,1049.4,396.9,True,1,1,False,False,False,False,,True,False,False,Course Lock,196.8,67,16.4,93,E,S,10.96,10.96,Calm,False,False,Android,7.0.2,M300 RTK,1ZN7L4R0H1D00F,1W9DL31001461C,1ZMLH8300204F0,1Z6PH74DAP0QN7,"Corona, CA",728.3,5.7,137.7,8.547347,2.013246,0,0,DJI Matrice 300 RTK,M300 RTK,1ZN7L4R0H1D00F,1W9DL31001461C,1ZMLH8300204F0,1Z6PH74DAP0QN7,DJI Pilot,Android,7.0.2,1EF72A62-B7C3-C88D-164E-CE6F8C8424AE,1ZN7L4R0H1D00F,1W9DL31001461C,,1ZMLH8300204F0,1W9DL31001461C,,,,,
2023-11-01,11:27:48.05 AM,3m 25.7s,205.7,33.8014135706989,-117.4697531618076,124.6,124.6,20.3,1388,1468.7,4.457071,6.085134,1.342164,2.23694,-4.250186,1.342164,0,0,2.2,0.5,2.2,-68.5,291.5,289.5,Tripod,Other,,23,5,True,,True,False,,Smart,RC,False,True,False,,,True,,False,False,False,False,False,False,False,False,False,False,0,Follow Yaw,-77.9,0,-77.2,282.8,False,False,False,False,False,,0,0,False,False,No Card,100,100,1024,1314,1024,1024,2,False,False,False,False,False,0,False,False,False,False,89,,47.508,,4437,,4986,,47.508,,True,3.959,3.959,3.959,3.959,3.959,3.959,3.959,3.959,3.959,3.959,3.959,3.959,0,,False,False,True,,,,,,,,,,,,,,,False,False,9.154,,88.3,,75.7,,88.8,,1675,53,12,17,8,143216.8,19095.58,,Idle,,20,,10,,,20,Go Home,False,False,False,False,False,False,False,False,False,False,False,False,33.8027920380556,-117.4659261431046,1264.4,2972.0,1049.4,396.9,True,1,1,False,False,False,False,,True,False,False,Course Lock,196.8,67,16.4,93,E,S,10.96,10.96,Calm,False,False,Android,7.0.2,M300 RTK,1ZN7L4R0H1D00F,1W9DL31001461C,1ZMLH8300204F0,1Z6PH74DAP0QN7,"Corona, CA",728.3,5.7,137.7,8.547347,2.013246,0,0,DJI Matrice 300 RTK,M300 RTK,1ZN7L4R0H1D00F,1W9DL31001461C,1ZMLH8300204F0,1Z6PH74DAP0QN7,DJI Pilot,Android,7.0.2,1EF72A62-B7C3-C88D-164E-CE6F8C8424AE,1ZN7L4R0H1D00F,1W9DL31001461C,,1ZMLH8300204F0,1W9DL31001461C,,,,,
2023-11-01,11:27:48.16 AM,3m 25.8s,205.8,33.8014141951652,-117.4697553250605,124.6,124.6,20.3,1388,1469.4,4.457071,6.085134,1.342164,2.23694,-4.250186,1.342164,0,0,2,0.7,2.1,-68.5,291.5,289.1,Tripod,Other,,23,5,True,,True,False,,Smart,RC,False,True,False,,,True,,False,False,False,False,False,False,False,False,False,False,0,Follow Yaw,-77.9,0,-77.2,282.8,False,False,False,False,False,,0,0,False,False,No Card,100,100,1024,1319,1024,1024,2,False,False,False,False,False,0,False,False,False,False,89,,47.508,,4437,,4986,,47.508,,True,3.959,3.959,3.959,3.959,3.959,3.959,3.959,3.959,3.959,3.959,3.959,3.959,0,,False,False,True,,,,,,,,,,,,,,,False,False,9.154,,88.3,,75.7,,88.8,,1675,53,12,17,8,143216.8,19095.58,,Idle,,20,,10,,,20,Go Home,False,False,False,False,False,False,False,False,False,False,False,False,33.8027920380556,-117.4659261431046,1264.9,2972.0,1049.4,396.9,True,1,1,False,False,False,False,,True,False,False,Course Lock,196.8,67,16.4,93,E,S,10.96,10.96,Calm,False,False,Android,7.0.2,M300 RTK,1ZN7L4R0H1D00F,1W9DL31001461C,1ZMLH8300204F0,1Z6PH74DAP0QN7,"Corona, CA",728.3,5.7,137.7,8.547347,2.013246,0,0,DJI Matrice 300 RTK,M300 RTK,1ZN7L4R0H1D00F,1W9DL31001461C,1ZMLH8300204F0,1Z6PH74DAP0QN7,DJI Pilot,Android,7.0.2,1EF72A62-B7C3-C88D-164E-CE6F8C8424AE,1ZN7L4R0H1D00F,1W9DL31001461C,,1ZMLH8300204F0,1W9DL31001461C,,,,,
2023-11-01,11:27:48.26 AM,3m 25.9s,205.9,33.8014149281866,-117.4697575549461,124.6,124.6,20.3,1388,1470.1,4.529458,6.085134,1.565858,2.23694,-4.250186,1.342164,0,0,2,0.9,2.1,-68.6,291.4,291.5,Tripod,Other,,23,5,True,,True,False,,Smart,RC,False,True,False,,,True,,False,False,False,False,False,False,False,False,False,False,0,Follow Yaw,-77.9,0,-77.2,282.8,False,False,False,False,False,,0,0,False,False,No Card,100,100,1024,1326,1024,1024,2,False,False,False,False,False,0,False,False,False,False,89,,47.508,,4437,,4986,,47.508,,True,3.959,3.959,3.959,3.959,3.959,3.959,3.959,3.959,3.959,3.959,3.959,3.959,0,,False,False,True,,,,,,,,,,,,,,,False,False,9.154,,88.3,,75.7,,88.8,,1675,53,12,17,8,143216.8,19095.58,,Idle,,20,,10,,,20,Go Home,False,False,False,False,False,False,False,False,False,False,False,False,33.8027920380556,-117.4659261431046,1265.4,2972.0,1049.4,396.9,True,1,1,False,False,False,False,,True,False,False,Course Lock,196.8,67,16.4,93,E,S,10.96,10.96,Calm,False,False,Android,7.0.2,M300 RTK,1ZN7L4R0H1D00F,1W9DL31001461C,1ZMLH8300204F0,1Z6PH74DAP0QN7,"Corona, CA",728.3,5.7,137.7,8.547347,2.013246,0,0,DJI Matrice 300 RTK,M300 RTK,1ZN7L4R0H1D00F,1W9DL31001461C,1ZMLH8300204F0,1Z6PH74DAP0QN7,DJI Pilot,Android,7.0.2,1EF72A62-B7C3-C88D-164E-CE6F8C8424AE,1ZN7L4R0H1D00F,1W9DL31001461C,,1ZMLH8300204F0,1W9DL31001461C,,,,,
2023-11-01,11:27:48.37 AM,3m 26.0s,206.0,33.8014155745832,-117.469759752505,124.3,124.6,20.3,1388,1470.8,4.73999,6.085134,1.565858,2.23694,-4.47388,1.342164,0,0,2,0.8,2.1,-68.7,291.3,289.4,Tripod,Other,,23,5,True,,True,False,,Smart,RC,False,True,False,,,True,,False,False,False,False,False,False,False,False,False,False,0,Follow Yaw,-77.9,0,-77.2,282.8,False,False,False,False,False,,0,0,False,False,No Card,100,100,1024,1326,1024,1024,2,False,False,False,False,False,0,False,False,False,False,89,,47.556,,8938,,10044,,47.556,,True,3.959,3.959,3.959,3.959,3.959,3.959,3.959,3.959,3.959,3.959,3.959,3.959,0,,False,False,True,,,,,,,,,,,,,,,False,False,18.382,,89.0,,75.7,,89.0,,1675,53,12,17,8,143216.8,19095.58,,Idle,,20,,10,,,20,Go Home,False,False,False,False,False,False,False,False,False,False,False,False,33.8027920380556,-117.4659261431046,1265.9,2972.0,1049.4,396.9,True,1,1,False,False,False,False,,True,False,False,Course Lock,196.8,67,16.4,93,E,S,10.96,10.96,Calm,False,False,Android,7.0.2,M300 RTK,1ZN7L4R0H1D00F,1W9DL31001461C,1ZMLH8300204F0,1Z6PH74DAP0QN7,"Corona, CA",728.3,5.7,137.7,8.547347,2.013246,0,0,DJI Matrice 300 RTK,M300 RTK,1ZN7L4R0H1D00F,1W9DL31001461C,1ZMLH8300204F0,1Z6PH74DAP0QN7,DJI Pilot,Android,7.0.2,1EF72A62-B7C3-C88D-164E-CE6F8C8424AE,1ZN7L4R0H1D00F,1W9DL31001461C,,1ZMLH8300204F0,1W9DL31001461C,,,,,
2023-11-01,11:27:48.47 AM,3m 26.1s,206.1,33.8014161359998,-117.4697621308297,124.3,124.6,20.0,1388,1471.6,4.73999,6.085134,1.565858,2.23694,-4.47388,1.342164,0,0,2.2,0.6,2.2,-68.8,291.2,285.8,Tripod,Other,,23,5,True,,True,False,,Smart,RC,False,True,False,,,True,,False,False,False,False,False,False,False,False,False,False,0,Follow Yaw,-77.9,0,-77.2,282.8,False,False,False,False,False,,0,0,False,False,No Card,100,100,1024,1322,1024,1024,2,False,False,False,False,False,0,False,False,False,False,89,,47.556,,8938,,10044,,47.556,,True,3.959,3.959,3.959,3.959,3.959,3.959,3.959,3.959,3.959,3.959,3.959,3.959,0,,False,False,True,,,,,,,,,,,,,,,False,False,18.382,,89.0,,75.7,,89.0,,1675,53,12,17,8,143216.8,19095.58,,Idle,,20,,10,,,20,Go Home,False,False,False,False,False,False,False,False,False,False,False,False,33.8027920380556,-117.4659261431046,1266.5,2972.0,1049.4,396.9,True,1,1,False,False,False,False,,True,False,False,Course Lock,196.8,67,16.4,93,E,S,10.96,10.96,Calm,False,False,Android,7.0.2,M300 RTK,1ZN7L4R0H1D00F,1W9DL31001461C,1ZMLH8300204F0,1Z6PH74DAP0QN7,"Corona, CA",728.3,5.7,137.7,8.547347,2.013246,0,0,DJI Matrice 300 RTK,M300 RTK,1ZN7L4R0H1D00F,1W9DL31001461C,1ZMLH8300204F0,1Z6PH74DAP0QN7,DJI Pilot,Android,7.0.2,1EF72A62-B7C3-C88D-164E-CE6F8C8424AE,1ZN7L4R0H1D00F,1W9DL31001461C,,1ZMLH8300204F0,1W9DL31001461C,,,,,
2023-11-01,11:27:48.57 AM,3m 26.2s,206.2,33.8014167884272,-117.4697643666528,124.3,124.6,20.0,1388,1472.3,4.73999,6.085134,1.565858,2.23694,-4.47388,1.342164,0,0,2.4,0.4,2.4,-68.8,291.2,289.3,Tripod,Other,,23,5,True,,True,False,,Smart,RC,False,True,False,,,True,,False,False,False,False,False,False,False,False,False,False,0,Follow Yaw,-77.9,0,-77.2,282.8,False,False,False,False,False,,0,0,False,False,No Card,100,100,1024,1326,1024,1024,2,False,False,False,False,False,0,False,False,False,False,89,,47.556,,8938,,10044,,47.556,,True,3.959,3.959,3.959,3.959,3.959,3.959,3.959,3.959,3.959,3.959,3.959,3.959,0,,False,False,True,,,,,,,,,,,,,,,False,False,18.382,,89.0,,75.7,,89.0,,1675,53,12,17,8,143216.8,19095.58,,Idle,,20,,10,,,20,Go Home,False,False,False,False,False,False,False,False,False,False,False,False,33.8027920380556,-117.4659261431046,1267.1,2972.0,1049.4,396.9,True,1,1,False,False,False,False,,True,False,False,Course Lock,196.8,67,16.4,93,E,S,10.96,10.96,Calm,False,False,Android,7.0.2,M300 RTK,1ZN7L4R0H1D00F,1W9DL31001461C,1ZMLH8300204F0,1Z6PH74DAP0QN7,"Corona, CA",728.3,5.7,137.7,8.547347,2.013246,0,0,DJI Matrice 300 RTK,M300 RTK,1ZN7L4R0H1D00F,1W9DL31001461C,1ZMLH8300204F0,1Z6PH74DAP0QN7,DJI Pilot,Android,7.0.2,1EF72A62-B7C3-C88D-164E-CE6F8C8424AE,1ZN7L4R0H1D00F,1W9DL31001461C,,1ZMLH8300204F0,1W9DL31001461C,,,,,
2023-11-01,11:27:48.67 AM,3m 26.3s,206.3,33.8014175209004,-117.4697664946102,124.3,124.6,20.0,1388,1473.0,4.73999,6.085134,1.565858,2.23694,-4.47388,1.342164,0,0,2.5,0.4,2.5,-68.9,291.1,292.5,Tripod,Other,,23,5,True,,True,False,,Smart,RC,False,True,False,,,True,,False,False,False,False,False,False,False,False,False,False,0,Follow Yaw,-77.9,0,-77.2,282.8,False,False,False,False,False,,0,0,False,False,No Card,100,100,1024,1328,1024,1024,2,False,False,False,False,False,0,False,False,False,False,89,,47.556,,8938,,10044,,47.556,,True,3.961,3.961,3.961,3.961,3.961,3.961,3.961,3.961,3.961,3.961,3.961,3.961,0,,False,False,True,,,,,,,,,,,,,,,False,False,18.382,,89.0,,75.7,,89.0,,1677,53,12,17,8,142695.8,19026.11,,Idle,,20,,10,,,20,Go Home,False,False,False,False,False,False,False,False,False,False,False,False,33.8027920380556,-117.4659261431046,1267.5,2972.0,1049.4,396.9,True,1,1,False,False,False,False,,True,False,False,Course Lock,196.8,67,16.4,93,E,S,10.96,10.96,Calm,False,False,Android,7.0.2,M300 RTK,1ZN7L4R0H1D00F,1W9DL31001461C,1ZMLH8300204F0,1Z6PH74DAP0QN7,"Corona, CA",728.3,5.7,137.7,8.547347,2.013246,0,0,DJI Matrice 300 RTK,M300 RTK,1ZN7L4R0H1D00F,1W9DL31001461C,1ZMLH8300204F0,1Z6PH74DAP0QN7,DJI Pilot,Android,7.0.2,1EF72A62-B7C3-C88D-164E-CE6F8C8424AE,1ZN7L4R0H1D00F,1W9DL31001461C,,1ZMLH8300204F0,1W9DL31001461C,,,,,
2023-11-01,11:27:48.77 AM,3m 26.4s,206.4,33.8014181908721,-117.469768743628,124.3,124.6,20.0,1388,1473.7,4.73999,6.085134,1.565858,2.23694,-4.47388,1.342164,0,0,2.6,0.6,2.6,-69,291,289.7,Tripod,Other,,23,5,True,,True,False,,Smart,RC,False,True,False,,,True,,False,False,False,False,False,False,False,False,False,False,0,Follow Yaw,-77.9,0,-77.2,282.8,False,False,False,False,False,,0,0,False,False,No Card,100,100,1024,1328,1040,1024,2,False,False,False,False,False,0,False,False,False,False,89,,47.556,,8938,,10044,,47.556,,True,3.961,3.961,3.961,3.961,3.961,3.961,3.961,3.961,3.961,3.961,3.961,3.961,0,,False,False,True,,,,,,,,,,,,,,,False,False,18.382,,89.0,,75.7,,89.0,,1677,53,12,17,8,142695.8,19026.11,,Idle,,20,,10,,,20,Go Home,False,False,False,False,False,False,False,False,False,False,False,False,33.8027920380556,-117.4659261431046,1268.1,2972.0,1049.4,396.9,True,1,1,False,False,False,False,,True,False,False,Course Lock,196.8,67,16.4,93,E,S,10.96,10.96,Calm,False,False,Android,7.0.2,M300 RTK,1ZN7L4R0H1D00F,1W9DL31001461C,1ZMLH8300204F0,1Z6PH74DAP0QN7,"Corona, CA",728.3,5.7,137.7,8.547347,2.013246,0,0,DJI Matrice 300 RTK,M300 RTK,1ZN7L4R0H1D00F,1W9DL31001461C,1ZMLH8300204F0,1Z6PH74DAP0QN7,DJI Pilot,Android,7.0.2,1EF72A62-B7C3-C88D-164E-CE6F8C8424AE,1ZN7L4R0H1D00F,1W9DL31001461C,,1ZMLH8300204F0,1W9DL31001461C,,,,,
2023-11-01,11:27:48.88 AM,3m 26.5s,206.5,33.8014188504269,-117.4697709731837,124.3,124.6,20.0,1388,1474.4,4.73999,6.085134,1.565858,2.23694,-4.47388,1.342164,0,0,2.8,0.8,2.9,-69.1,290.9,289.5,Tripod,Other,,23,5,True,,True,False,,Smart,RC,False,True,False,,,True,,False,False,False,False,False,False,False,False,False,False,0,Follow Yaw,-77.9,0,-77.2,282.8,False,False,False,False,False,,0,0,False,False,No Card,100,100,1024,1325,1057,1024,2,False,False,False,False,False,0,False,False,False,False,89,,47.556,,8938,,10044,,47.556,,True,3.961,3.961,3.961,3.961,3.961,3.961,3.961,3.961,3.961,3.961,3.961,3.961,0,,False,False,True,,,,,,,,,,,,,,,False,False,18.382,,89.0,,75.7,,89.0,,1677,53,12,17,8,142695.8,19026.11,,Idle,,20,,10,,,20,Go Home,False,False,False,False,False,False,False,False,False,False,False,False,33.8027920380556,-117.4659261431046,1268.6,2972.0,1049.4,396.9,True,1,1,False,False,False,False,,True,False,False,Course Lock,196.8,67,16.4,93,E,S,10.96,10.96,Calm,False,False,Android,7.0.2,M300 RTK,1ZN7L4R0H1D00F,1W9DL31001461C,1ZMLH8300204F0,1Z6PH74DAP0QN7,"Corona, CA",728.3,5.7,137.7,8.547347,2.013246,0,0,DJI Matrice 300 RTK,M300 RTK,1ZN7L4R0H1D00F,1W9DL31001461C,1ZMLH8300204F0,1Z6PH74DAP0QN7,DJI Pilot,Android,7.0.2,1EF72A62-B7C3-C88D-164E-CE6F8C8424AE,1ZN7L4R0H1D00F,1W9DL31001461C,,1ZMLH8300204F0,1W9DL31001461C,,,,,
2023-11-01,11:27:48.94 AM,3m 26.6s,206.6,33.801419529719,-117.469773238035,124.3,124.6,20.0,1388,1475.2,4.73999,6.085134,1.565858,2.23694,-4.47388,1.342164,0,0,3.1,0.8,3.2,-69,291,289.8,Tripod,Other,,23,5,True,,True,False,,Smart,RC,False,True,False,,,True,,False,False,False,False,False,False,False,False,False,False,0,Follow Yaw,-77.9,0,-77.2,282.8,False,False,False,False,False,,0,0,False,False,No Card,100,100,1024,1322,1048,1024,2,False,False,False,False,False,0,False,False,False,False,89,,47.556,,8938,,10044,,47.556,,True,3.961,3.961,3.961,3.961,3.961,3.961,3.961,3.961,3.961,3.961,3.961,3.961,0,,False,False,True,,,,,,,,,,,,,,,False,False,18.382,,89.0,,75.7,,89.0,,1677,53,12,17,8,142695.8,19026.11,,Idle,,20,,10,,,20,Go Home,False,False,False,False,False,False,False,False,False,False,False,False,33.8027920380556,-117.4659261431046,1269.1,2972.0,1049.4,396.9,True,1,1,False,False,False,False,,True,False,False,Course Lock,196.8,67,16.4,93,E,S,10.96,10.96,Calm,False,False,Android,7.0.2,M300 RTK,1ZN7L4R0H1D00F,1W9DL31001461C,1ZMLH8300204F0,1Z6PH74DAP0QN7,"Corona, CA",728.3,5.7,137.7,8.547347,2.013246,0,0,DJI Matrice 300 RTK,M300 RTK,1ZN7L4R0H1D00F,1W9DL31001461C,1ZMLH8300204F0,1Z6PH74DAP0QN7,DJI Pilot,Android,7.0.2,1EF72A62-B7C3-C88D-164E-CE6F8C8424AE,1ZN7L4R0H1D00F,1W9DL31001461C,,1ZMLH8300204F0,1W9DL31001461C,,,,,
2023-11-01,11:27:49.04 AM,3m 26.7s,206.7,33.8014201607644,-117.4697757232358,124.3,124.6,19.6,1388,1476.0,4.73999,6.085134,1.565858,2.23694,-4.47388,1.342164,0,0,3.2,0.4,3.2,-68.9,291.1,286.9,Tripod,Other,,23,5,True,,True,False,,Smart,RC,False,True,False,,,True,,False,False,False,False,False,False,False,False,False,False,0,Follow Yaw,-77.9,0,-77.2,282.8,False,False,False,False,False,,0,0,False,False,No Card,100,100,1024,1322,1048,1024,2,False,False,False,False,False,0,False,False,False,False,89,,47.556,,4437,,4986,,47.556,,True,3.961,3.961,3.961,3.961,3.961,3.961,3.961,3.961,3.961,3.961,3.961,3.961,0,,False,False,True,,,,,,,,,,,,,,,False,False,9.204,,88.3,,75.7,,89.0,,1677,53,12,17,8,142695.8,19026.11,,Idle,,20,,10,,,20,Go Home,False,False,False,False,False,False,False,False,False,False,False,False,33.8027920380556,-117.4659261431046,1269.7,2972.0,1049.4,396.9,True,1,1,False,False,False,False,,True,False,False,Course Lock,196.8,67,16.4,93,E,S,10.96,10.96,Calm,False,False,Android,7.0.2,M300 RTK,1ZN7L4R0H1D00F,1W9DL31001461C,1ZMLH8300204F0,1Z6PH74DAP0QN7,"Corona, CA",728.3,5.7,137.7,8.547347,2.013246,0,0,DJI Matrice 300 RTK,M300 RTK,1ZN7L4R0H1D00F,1W9DL31001461C,1ZMLH8300204F0,1Z6PH74DAP0QN7,DJI Pilot,Android,7.0.2,1EF72A62-B7C3-C88D-164E-CE6F8C8424AE,1ZN7L4R0H1D00F,1W9DL31001461C,,1ZMLH8300204F0,1W9DL31001461C,,,,,
2023-11-01,11:27:49.14 AM,3m 26.8s,206.8,33.8014208345739,-117.4697780062296,124.3,124.6,19.6,1388,1476.7,4.73999,6.085134,1.565858,2.23694,-4.47388,1.342164,0,0,3.1,0.1,3.1,-68.8,291.2,289.5,Tripod,Other,,23,5,True,,True,False,,Smart,RC,False,True,False,,,True,,False,False,False,False,False,False,False,False,False,False,0,Follow Yaw,-77.9,0,-77.2,282.8,False,False,False,False,False,,0,0,False,False,No Card,100,100,1024,1323,1043,1024,2,False,False,False,False,False,0,False,False,False,False,89,,47.556,,4437,,4986,,47.556,,True,3.961,3.961,3.961,3.961,3.961,3.961,3.961,3.961,3.961,3.961,3.961,3.961,0,,False,False,True,,,,,,,,,,,,,,,False,False,9.204,,88.3,,75.7,,89.0,,1677,53,12,17,8,142695.8,19026.11,,Idle,,20,,10,,,20,Go Home,False,False,False,False,False,False,False,False,False,False,False,False,33.8027920380556,-117.4659261431046,1270.3,2972.0,1049.4,396.9,True,1,1,False,False,False,False,,True,False,False,Course Lock,196.8,67,16.4,93,E,S,10.96,10.96,Calm,False,False,Android,7.0.2,M300 RTK,1ZN7L4R0H1D00F,1W9DL31001461C,1ZMLH8300204F0,1Z6PH74DAP0QN7,"Corona, CA",728.3,5.7,137.7,8.547347,2.013246,0,0,DJI Matrice 300 RTK,M300 RTK,1ZN7L4R0H1D00F,1W9DL31001461C,1ZMLH8300204F0,1Z6PH74DAP0QN7,DJI Pilot,Android,7.0.2,1EF72A62-B7C3-C88D-164E-CE6F8C8424AE,1ZN7L4R0H1D00F,1W9DL31001461C,,1ZMLH8300204F0,1W9DL31001461C,,,,,
2023-11-01,11:27:49.24 AM,3m 26.9s,206.9,33.8014214343686,-117.4697802248999,124.3,124.6,19.6,1388,1477.4,4.73999,6.085134,1.565858,2.23694,-4.47388,1.342164,0,0,3,0.1,3,-68.7,291.3,288.0,Tripod,Other,,23,5,True,,True,False,,Smart,RC,False,True,False,,,True,,False,False,False,False,False,False,False,False,False,False,0,Follow Yaw,-77.9,0,-77.2,282.8,False,False,False,False,False,,0,0,False,False,No Card,100,100,1024,1326,1043,1024,2,False,False,False,False,False,0,False,False,False,False,89,,47.556,,4437,,4986,,47.556,,True,3.961,3.961,3.961,3.961,3.961,3.961,3.961,3.961,3.961,3.961,3.961,3.961,0,,False,False,True,,,,,,,,,,,,,,,False,False,9.204,,88.3,,75.7,,89.0,,1677,53,12,17,8,142695.8,19026.11,,Idle,,20,,10,,,20,Go Home,False,False,False,False,False,False,False,False,False,False,False,False,33.8027920380556,-117.4659261431046,1270.8,2972.0,1049.4,396.9,True,1,1,False,False,False,False,,True,False,False,Course Lock,196.8,67,16.4,93,E,S,10.96,10.96,Calm,False,False,Android,7.0.2,M300 RTK,1ZN7L4R0H1D00F,1W9DL31001461C,1ZMLH8300204F0,1Z6PH74DAP0QN7,"Corona, CA",728.3,5.7,137.7,8.547347,2.013246,0,0,DJI Matrice 300 RTK,M300 RTK,1ZN7L4R0H1D00F,1W9DL31001461C,1ZMLH8300204F0,1Z6PH74DAP0QN7,DJI Pilot,Android,7.0.2,1EF72A62-B7C3-C88D-164E-CE6F8C8424AE,1ZN7L4R0H1D00F,1W9DL31001461C,,1ZMLH8300204F0,1W9DL31001461C,,,,,
2023-11-01,11:27:49.34 AM,3m 27.0s,207.0,33.8014220856995,-117.4697825131715,124.3,124.6,19.3,1388,1478.1,4.73999,6.085134,1.565858,2.23694,-4.47388,1.342164,0,0,2.8,0.4,2.8,-68.6,291.4,288.9,Tripod,Other,,23,5,True,,True,False,,Smart,RC,False,True,False,,,True,,False,False,False,False,False,False,False,False,False,False,0,Follow Yaw,-77.9,0,-77.2,282.8,False,False,False,False,False,,0,0,False,False,No Card,100,100,1024,1327,1035,1024,2,False,False,False,False,False,0,False,False,False,False,88,,47.58,,8888,,10044,,47.58,,True,3.961,3.961,3.961,3.961,3.961,3.961,3.961,3.961,3.961,3.961,3.961,3.961,0,,False,False,True,,,,,,,,,,,,,,,False,False,18.788,,89.0,,75.7,,89.0,,1677,53,12,17,8,142695.8,19026.11,,Idle,,20,,10,,,20,Go Home,False,False,False,False,False,False,False,False,False,False,False,False,33.8027920380556,-117.4659261431046,1271.3,2972.0,1049.4,396.9,True,1,1,False,False,False,False,,True,False,False,Course Lock,196.8,67,16.4,93,E,S,10.96,10.96,Calm,False,False,Android,7.0.2,M300 RTK,1ZN7L4R0H1D00F,1W9DL31001461C,1ZMLH8300204F0,1Z6PH74DAP0QN7,"Corona, CA",728.3,5.7,137.7,8.547347,2.013246,0,0,DJI Matrice 300 RTK,M300 RTK,1ZN7L4R0H1D00F,1W9DL31001461C,1ZMLH8300204F0,1Z6PH74DAP0QN7,DJI Pilot,Android,7.0.2,1EF72A62-B7C3-C88D-164E-CE6F8C8424AE,1ZN7L4R0H1D00F,1W9DL31001461C,,1ZMLH8300204F0,1W9DL31001461C,,,,,
2023-11-01,11:27:49.44 AM,3m 27.1s,207.1,33.8014228417478,-117.4697847193068,124.3,124.6,19.3,1388,1478.9,4.73999,6.085134,1.565858,2.23694,-4.47388,1.342164,0,0,2.8,0.8,2.9,-68.6,291.4,292.4,Tripod,Other,,23,5,True,,True,False,,Smart,RC,False,True,False,,,True,,False,False,False,False,False,False,False,False,False,False,0,Follow Yaw,-77.9,0,-77.2,282.8,False,False,False,False,False,,0,0,False,False,No Card,100,100,1024,1326,1024,1024,2,False,False,False,False,False,0,False,False,False,False,88,,47.58,,8888,,10044,,47.58,,True,3.961,3.961,3.961,3.961,3.961,3.961,3.961,3.961,3.961,3.961,3.961,3.961,0,,False,False,True,,,,,,,,,,,,,,,False,False,18.788,,89.0,,75.7,,89.0,,1677,53,12,17,8,142695.8,19026.11,,Idle,,20,,10,,,20,Go Home,False,False,False,False,False,False,False,False,False,False,False,False,33.8027920380556,-117.4659261431046,1271.8,2972.0,1049.4,396.9,True,1,1,False,False,False,False,,True,False,False,Course Lock,196.8,67,16.4,93,E,S,10.96,10.96,Calm,False,False,Android,7.0.2,M300 RTK,1ZN7L4R0H1D00F,1W9DL31001461C,1ZMLH8300204F0,1Z6PH74DAP0QN7,"Corona, CA",728.3,5.7,137.7,8.547347,2.013246,0,0,DJI Matrice 300 RTK,M300 RTK,1ZN7L4R0H1D00F,1W9DL31001461C,1ZMLH8300204F0,1Z6PH74DAP0QN7,DJI Pilot,Android,7.0.2,1EF72A62-B7C3-C88D-164E-CE6F8C8424AE,1ZN7L4R0H1D00F,1W9DL31001461C,,1ZMLH8300204F0,1W9DL31001461C,,,,,
2023-11-01,11:27:49.54 AM,3m 27.2s,207.2,33.8014235007543,-117.4697870069188,124.3,124.6,19.3,1388,1479.6,4.73999,6.085134,1.565858,2.23694,-4.47388,1.342164,0,0,2.8,1,2.9,-68.7,291.3,289.1,Tripod,Other,,23,5,True,,True,False,,Smart,RC,False,True,False,,,True,,False,False,False,False,False,False,False,False,False,False,0,Follow Yaw,-77.9,0,-77.2,282.8,False,False,False,False,False,,0,0,False,False,No Card,100,100,1024,1326,1024,1024,2,False,False,False,False,False,0,False,False,False,False,88,,47.58,,8888,,10044,,47.58,,True,3.961,3.961,3.961,3.961,3.961,3.961,3.961,3.961,3.961,3.961,3.961,3.961,0,,False,False,True,,,,,,,,,,,,,,,False,False,18.788,,89.0,,75.7,,89.0,,1677,53,12,17,8,142695.8,19026.11,,Idle,,20,,10,,,20,Go Home,False,False,False,False,False,False,False,False,False,False,False,False,33.8027920380556,-117.4659261431046,1272.4,2972.0,1049.4,396.9,True,1,1,False,False,False,False,,True,False,False,Course Lock,196.8,67,16.4,93,E,S,10.96,10.96,Calm,False,False,Android,7.0.2,M300 RTK,1ZN7L4R0H1D00F,1W9DL31001461C,1ZMLH8300204F0,1Z6PH74DAP0QN7,"Corona, CA",728.3,5.7,137.7,8.547347,2.013246,0,0,DJI Matrice 300 RTK,M300 RTK,1ZN7L4R0H1D00F,1W9DL31001461C,1ZMLH8300204F0,1Z6PH74DAP0QN7,DJI Pilot,Android,7.0.2,1EF72A62-B7C3-C88D-164E-CE6F8C8424AE,1ZN7L4R0H1D00F,1W9DL31001461C,,1ZMLH8300204F0,1W9DL31001461C,,,,,
2023-11-01,11:27:49.64 AM,3m 27.3s,207.3,33.8014241208345,-117.4697893931602,124.3,124.6,19.0,1388,1480.3,4.73999,6.085134,1.565858,2.23694,-4.47388,1.342164,0,0,2.8,1,2.9,-68.9,291.1,287.3,Tripod,Other,,23,5,True,,True,False,,Smart,RC,False,True,False,,,True,,False,False,False,False,False,False,False,False,False,False,0,Follow Yaw,-77.9,0,-77.2,282.8,False,False,False,False,False,,0,0,False,False,No Card,100,100,1024,1311,1024,1024,2,False,False,False,False,False,0,False,False,False,False,88,,47.58,,8888,,10044,,47.58,,True,3.963,3.963,3.963,3.963,3.963,3.963,3.963,3.963,3.963,3.963,3.963,3.963,0,,False,False,True,,,,,,,,,,,,,,,False,False,18.788,,89.0,,75.7,,89.0,,1678,53,12,17,8,142072.4,18942.99,,Idle,,20,,10,,,20,Go Home,False,False,False,False,False,False,False,False,False,False,False,False,33.8027920380556,-117.4659261431046,1273.0,2972.0,1049.4,396.9,True,1,1,False,False,False,False,,True,False,False,Course Lock,196.8,67,16.4,93,E,S,10.96,10.96,Calm,False,False,Android,7.0.2,M300 RTK,1ZN7L4R0H1D00F,1W9DL31001461C,1ZMLH8300204F0,1Z6PH74DAP0QN7,"Corona, CA",728.3,5.7,137.7,8.547347,2.013246,0,0,DJI Matrice 300 RTK,M300 RTK,1ZN7L4R0H1D00F,1W9DL31001461C,1ZMLH8300204F0,1Z6PH74DAP0QN7,DJI Pilot,Android,7.0.2,1EF72A62-B7C3-C88D-164E-CE6F8C8424AE,1ZN7L4R0H1D00F,1W9DL31001461C,,1ZMLH8300204F0,1W9DL31001461C,,,,,
2023-11-01,11:27:49.74 AM,3m 27.4s,207.4,33.8014247864202,-117.4697916886889,124.3,124.6,19.3,1388,1481.1,4.73999,6.085134,1.565858,2.23694,-4.47388,1.342164,0,0,2.8,1.1,3,-69,291,289.2,Tripod,Other,,23,5,True,,True,False,,Smart,RC,False,True,False,,,True,,False,False,False,False,False,False,False,False,False,False,0,Follow Yaw,-77.9,0,-77.2,282.8,False,False,False,False,False,,0,0,False,False,No Card,100,100,1024,1314,1024,1024,2,False,False,False,False,False,0,False,False,False,False,88,,47.58,,8888,,10044,,47.58,,True,3.963,3.963,3.963,3.963,3.963,3.963,3.963,3.963,3.963,3.963,3.963,3.963,0,,False,False,True,,,,,,,,,,,,,,,False,False,18.788,,89.0,,75.7,,89.0,,1678,53,12,17,8,142072.4,18942.99,,Idle,,20,,10,,,20,Go Home,False,False,False,False,False,False,False,False,False,False,False,False,33.8027920380556,-117.4659261431046,1273.5,2972.0,1049.4,396.9,True,1,1,False,False,False,False,,True,False,False,Course Lock,196.8,67,16.4,93,E,S,10.96,10.96,Calm,False,False,Android,7.0.2,M300 RTK,1ZN7L4R0H1D00F,1W9DL31001461C,1ZMLH8300204F0,1Z6PH74DAP0QN7,"Corona, CA",728.3,5.7,137.7,8.547347,2.013246,0,0,DJI Matrice 300 RTK,M300 RTK,1ZN7L4R0H1D00F,1W9DL31001461C,1ZMLH8300204F0,1Z6PH74DAP0QN7,DJI Pilot,Android,7.0.2,1EF72A62-B7C3-C88D-164E-CE6F8C8424AE,1ZN7L4R0H1D00F,1W9DL31001461C,,1ZMLH8300204F0,1W9DL31001461C,,,,,
2023-11-01,11:27:49.81 AM,3m 27.5s,207.5,33.8014254443302,-117.4697938615078,124.3,124.6,19.0,1388,1481.8,4.73999,6.085134,1.565858,2.23694,-4.47388,1.342164,0,0,2.7,1.3,2.9,-68.9,291.1,290.0,Tripod,Other,,23,5,True,,True,False,,Smart,RC,False,True,False,,,True,,False,False,False,False,False,False,False,False,False,False,0,Follow Yaw,-77.9,0,-77.2,282.8,False,False,False,False,False,,0,0,False,False,No Card,100,100,1024,1318,1024,1024,2,False,False,False,False,False,0,False,False,False,False,88,,47.58,,8888,,10044,,47.58,,True,3.963,3.963,3.963,3.963,3.963,3.963,3.963,3.963,3.963,3.963,3.963,3.963,0,,False,False,True,,,,,,,,,,,,,,,False,False,18.788,,89.0,,75.7,,89.0,,1678,53,12,17,8,142072.4,18942.99,,Idle,,20,,10,,,20,Go Home,False,False,False,False,False,False,False,False,False,False,False,False,33.8027920380556,-117.4659261431046,1274.0,2972.0,1049.4,396.9,True,1,1,False,False,False,False,,True,False,False,Course Lock,196.8,67,16.4,93,E,S,10.96,10.96,Calm,False,False,Android,7.0.2,M300 RTK,1ZN7L4R0H1D00F,1W9DL31001461C,1ZMLH8300204F0,1Z6PH74DAP0QN7,"Corona, CA",728.3,5.7,137.7,8.547347,2.013246,0,0,DJI Matrice 300 RTK,M300 RTK,1ZN7L4R0H1D00F,1W9DL31001461C,1ZMLH8300204F0,1Z6PH74DAP0QN7,DJI Pilot,Android,7.0.2,1EF72A62-B7C3-C88D-164E-CE6F8C8424AE,1ZN7L4R0H1D00F,1W9DL31001461C,,1ZMLH8300204F0,1W9DL31001461C,,,,,
2023-11-01,11:27:49.94 AM,3m 27.6s,207.6,33.8014261247188,-117.4697961418628,124.3,124.6,19.0,1388,1482.5,4.73999,6.085134,1.565858,2.23694,-4.47388,1.342164,0,0,2.8,1.4,3.1,-68.9,291.1,289.7,Tripod,Other,,23,5,True,,True,False,,Smart,RC,False,True,False,,,True,,False,False,False,False,False,False,False,False,False,False,0,Follow Yaw,-77.9,0,-77.2,282.8,False,False,False,False,False,,0,0,False,False,No Card,100,100,1024,1323,1024,1024,2,False,False,False,False,False,0,False,False,False,False,88,,47.58,,8888,,10044,,47.58,,True,3.963,3.963,3.963,3.963,3.963,3.963,3.963,3.963,3.963,3.963,3.963,3.963,0,,False,False,True,,,,,,,,,,,,,,,False,False,18.788,,89.0,,75.7,,89.0,,1678,53,12,17,8,142072.4,18942.99,,Idle,,20,,10,,,20,Go Home,False,False,False,False,False,False,False,False,False,False,False,False,33.8027920380556,-117.4659261431046,1274.6,2972.0,1049.4,396.9,True,1,1,False,False,False,False,,True,False,False,Course Lock,196.8,67,16.4,93,E,S,10.96,10.96,Calm,False,False,Android,7.0.2,M300 RTK,1ZN7L4R0H1D00F,1W9DL31001461C,1ZMLH8300204F0,1Z6PH74DAP0QN7,"Corona, CA",728.3,5.7,137.7,8.547347,2.013246,0,0,DJI Matrice 300 RTK,M300 RTK,1ZN7L4R0H1D00F,1W9DL31001461C,1ZMLH8300204F0,1Z6PH74DAP0QN7,DJI Pilot,Android,7.0.2,1EF72A62-B7C3-C88D-164E-CE6F8C8424AE,1ZN7L4R0H1D00F,1W9DL31001461C,,1ZMLH8300204F0,1W9DL31001461C,,,,,
2023-11-01,11:27:50.04 AM,3m 27.7s,207.7,33.8014267689224,-117.4697984472874,124.3,124.6,19.0,1388,1483.3,4.73999,6.085134,1.565858,2.23694,-4.47388,1.342164,0,0,2.6,1.3,2.9,-68.8,291.2,288.5,Tripod,Other,,23,5,True,,True,False,,Smart,RC,False,True,False,,,True,,False,False,False,False,False,False,False,False,False,False,0,Follow Yaw,-77.9,0,-77.2,282.8,False,False,False,False,False,,0,0,False,False,No Card,100,100,1024,1322,1024,1024,2,False,False,False,False,False,0,False,False,False,False,88,,47.58,,8888,,10044,,47.58,,True,3.963,3.963,3.963,3.963,3.963,3.963,3.963,3.963,3.963,3.963,3.963,3.963,0,,False,False,True,,,,,,,,,,,,,,,False,False,18.788,,89.0,,75.7,,89.0,,1678,53,12,17,8,142072.4,18942.99,,Idle,,20,,10,,,20,Go Home,False,False,False,False,False,False,False,False,False,False,False,False,33.8027920380556,-117.4659261431046,1275.1,2972.0,1049.4,396.9,True,1,1,False,False,False,False,,True,False,False,Course Lock,196.8,67,16.4,93,E,S,10.96,10.96,Calm,False,False,Android,7.0.2,M300 RTK,1ZN7L4R0H1D00F,1W9DL31001461C,1ZMLH8300204F0,1Z6PH74DAP0QN7,"Corona, CA",728.3,5.7,137.7,8.547347,2.013246,0,0,DJI Matrice 300 RTK,M300 RTK,1ZN7L4R0H1D00F,1W9DL31001461C,1ZMLH8300204F0,1Z6PH74DAP0QN7,DJI Pilot,Android,7.0.2,1EF72A62-B7C3-C88D-164E-CE6F8C8424AE,1ZN7L4R0H1D00F,1W9DL31001461C,,1ZMLH8300204F0,1W9DL31001461C,,,,,
2023-11-01,11:27:50.14 AM,3m 27.8s,207.8,33.8014274657588,-117.4698007250034,124.3,124.6,19.0,1388,1484.0,4.73999,6.085134,1.565858,2.23694,-4.47388,1.342164,0,0,2.3,0.9,2.4,-68.7,291.3,290.2,Tripod,Other,,23,5,True,,True,False,,Smart,RC,False,True,False,,,True,,False,False,False,False,False,False,False,False,False,False,0,Follow Yaw,-77.9,0,-77.2,282.8,False,False,False,False,False,,0,0,False,False,No Card,100,100,1024,1321,1024,1024,2,False,False,False,False,False,0,False,False,False,False,88,,47.58,,8888,,10044,,47.58,,True,3.963,3.963,3.963,3.963,3.963,3.963,3.963,3.963,3.963,3.963,3.963,3.963,0,,False,False,True,,,,,,,,,,,,,,,False,False,18.788,,89.0,,75.7,,89.0,,1678,53,12,17,8,142072.4,18942.99,,Idle,,20,,10,,,20,Go Home,False,False,False,False,False,False,False,False,False,False,False,False,33.8027920380556,-117.4659261431046,1275.7,2972.0,1049.4,396.9,True,1,1,False,False,False,False,,True,False,False,Course Lock,196.8,67,16.4,93,E,S,10.96,10.96,Calm,False,False,Android,7.0.2,M300 RTK,1ZN7L4R0H1D00F,1W9DL31001461C,1ZMLH8300204F0,1Z6PH74DAP0QN7,"Corona, CA",728.3,5.7,137.7,8.547347,2.013246,0,0,DJI Matrice 300 RTK,M300 RTK,1ZN7L4R0H1D00F,1W9DL31001461C,1ZMLH8300204F0,1Z6PH74DAP0QN7,DJI Pilot,Android,7.0.2,1EF72A62-B7C3-C88D-164E-CE6F8C8424AE,1ZN7L4R0H1D00F,1W9DL31001461C,,1ZMLH8300204F0,1W9DL31001461C,,,,,
2023-11-01,11:27:50.24 AM,3m 27.9s,207.9,33.8014281192828,-117.4698028895757,124.3,124.6,18.7,1388,1484.7,4.73999,6.085134,1.565858,2.23694,-4.47388,1.342164,0,0,1.9,0.4,1.9,-68.7,291.3,289.9,Tripod,Other,,23,5,True,,True,False,,Smart,RC,False,True,False,,,True,,False,False,False,False,False,False,False,False,False,False,0,Follow Yaw,-77.9,0,-77.2,282.8,False,False,False,False,False,,0,0,False,False,No Card,100,100,1024,1310,1024,1024,2,False,False,False,False,False,0,False,False,False,False,88,,47.58,,8888,,10044,,47.58,,True,3.963,3.963,3.963,3.963,3.963,3.963,3.963,3.963,3.963,3.963,3.963,3.963,0,,False,False,True,,,,,,,,,,,,,,,False,False,18.788,,89.0,,75.7,,89.0,,1678,53,12,17,8,142072.4,18942.99,,Idle,,20,,10,,,20,Go Home,False,False,False,False,False,False,False,False,False,False,False,False,33.8027920380556,-117.4659261431046,1276.2,2972.0,1049.4,396.9,True,1,1,False,False,False,False,,True,False,False,Course Lock,196.8,67,16.4,93,E,S,10.96,10.96,Calm,False,False,Android,7.0.2,M300 RTK,1ZN7L4R0H1D00F,1W9DL31001461C,1ZMLH8300204F0,1Z6PH74DAP0QN7,"Corona, CA",728.3,5.7,137.7,8.547347,2.013246,0,0,DJI Matrice 300 RTK,M300 RTK,1ZN7L4R0H1D00F,1W9DL31001461C,1ZMLH8300204F0,1Z6PH74DAP0QN7,DJI Pilot,Android,7.0.2,1EF72A62-B7C3-C88D-164E-CE6F8C8424AE,1ZN7L4R0H1D00F,1W9DL31001461C,,1ZMLH8300204F0,1W9DL31001461C,,,,,
2023-11-01,11:27:50.34 AM,3m 28.0s,208.0,33.8014288161191,-117.4698051834551,124.3,124.6,18.7,1388,1485.4,4.951677,6.085134,1.565858,2.23694,-4.697574,1.342164,0,0,1.8,0.1,1.8,-68.7,291.3,290.0,Tripod,Other,,23,5,True,,True,False,,Smart,RC,False,True,False,,,True,,False,False,False,False,False,False,False,False,False,False,0,Follow Yaw,-77.9,0,-77.2,282.8,False,False,False,False,False,,0,0,False,False,No Card,100,100,1024,1305,1024,1024,2,False,False,False,False,False,0,False,False,False,False,89,,47.484,,4437,,4986,,47.484,,True,3.963,3.963,3.963,3.963,3.963,3.963,3.963,3.963,3.963,3.963,3.963,3.963,0,,False,False,True,,,,,,,,,,,,,,,False,False,9.38,,88.3,,75.7,,89.0,,1678,53,12,17,8,142072.4,18942.99,,Idle,,20,,10,,,20,Go Home,False,False,False,False,False,False,False,False,False,False,False,False,33.8027920380556,-117.4659261431046,1276.7,2972.0,1049.4,396.9,True,1,1,False,False,False,False,,True,False,False,Course Lock,196.8,67,16.4,93,E,S,10.96,10.96,Calm,False,False,Android,7.0.2,M300 RTK,1ZN7L4R0H1D00F,1W9DL31001461C,1ZMLH8300204F0,1Z6PH74DAP0QN7,"Corona, CA",728.3,5.7,137.7,8.547347,2.013246,0,0,DJI Matrice 300 RTK,M300 RTK,1ZN7L4R0H1D00F,1W9DL31001461C,1ZMLH8300204F0,1Z6PH74DAP0QN7,DJI Pilot,Android,7.0.2,1EF72A62-B7C3-C88D-164E-CE6F8C8424AE,1ZN7L4R0H1D00F,1W9DL31001461C,,1ZMLH8300204F0,1W9DL31001461C,,,,,
2023-11-01,11:27:50.43 AM,3m 28.1s,208.1,33.8014295940977,-117.4698075964156,124.3,124.6,18.7,1388,1486.2,4.951677,6.085134,1.565858,2.23694,-4.697574,1.342164,0,0,2,0.2,2,-68.8,291.2,291.2,Tripod,Other,,23,5,True,,True,False,,Smart,RC,False,True,False,,,True,,False,False,False,False,False,False,False,False,False,False,0,Follow Yaw,-77.9,0,-77.2,282.8,False,False,False,False,False,,0,0,False,False,No Card,100,100,1024,1305,1024,1024,2,False,False,False,False,False,0,False,False,False,False,89,,47.484,,4437,,4986,,47.484,,True,3.963,3.963,3.963,3.963,3.963,3.963,3.963,3.963,3.963,3.963,3.963,3.963,0,,False,False,True,,,,,,,,,,,,,,,False,False,9.38,,88.3,,75.7,,89.0,,1678,53,12,17,8,142072.4,18942.99,,Idle,,20,,10,,,20,Go Home,False,False,False,False,False,False,False,False,False,False,False,False,33.8027920380556,-117.4659261431046,1277.3,2972.0,1049.4,396.9,True,1,1,False,False,False,False,,True,False,False,Course Lock,196.8,67,16.4,93,E,S,10.96,10.96,Calm,False,False,Android,7.0.2,M300 RTK,1ZN7L4R0H1D00F,1W9DL31001461C,1ZMLH8300204F0,1Z6PH74DAP0QN7,"Corona, CA",728.3,5.7,137.7,8.547347,2.013246,0,0,DJI Matrice 300 RTK,M300 RTK,1ZN7L4R0H1D00F,1W9DL31001461C,1ZMLH8300204F0,1Z6PH74DAP0QN7,DJI Pilot,Android,7.0.2,1EF72A62-B7C3-C88D-164E-CE6F8C8424AE,1ZN7L4R0H1D00F,1W9DL31001461C,,1ZMLH8300204F0,1W9DL31001461C,,,,,
2023-11-01,11:27:50.53 AM,3m 28.2s,208.2,33.8014302920306,-117.469809929219,124.3,124.6,18.7,1388,1487.0,4.951677,6.085134,1.565858,2.23694,-4.697574,1.342164,0,0,2.3,0.7,2.4,-69,291,289.8,Tripod,Other,,23,5,True,,True,False,,Smart,RC,False,True,False,,,True,,False,False,False,False,False,False,False,False,False,False,0,Follow Yaw,-77.9,0,-77.2,282.8,False,False,False,False,False,,0,0,False,False,No Card,100,100,1024,1306,1024,1024,2,False,False,False,False,False,0,False,False,False,False,89,,47.484,,4437,,4986,,47.484,,True,3.963,3.963,3.963,3.963,3.963,3.963,3.963,3.963,3.963,3.963,3.963,3.963,0,,False,False,True,,,,,,,,,,,,,,,False,False,9.38,,88.3,,75.7,,89.0,,1678,53,12,17,8,142072.4,18942.99,,Idle,,20,,10,,,20,Go Home,False,False,False,False,False,False,False,False,False,False,False,False,33.8027920380556,-117.4659261431046,1277.8,2972.0,1049.4,396.9,True,1,1,False,False,False,False,,True,False,False,Course Lock,196.8,67,16.4,93,E,S,10.96,10.96,Calm,False,False,Android,7.0.2,M300 RTK,1ZN7L4R0H1D00F,1W9DL31001461C,1ZMLH8300204F0,1Z6PH74DAP0QN7,"Corona, CA",728.3,5.7,137.7,8.547347,2.013246,0,0,DJI Matrice 300 RTK,M300 RTK,1ZN7L4R0H1D00F,1W9DL31001461C,1ZMLH8300204F0,1Z6PH74DAP0QN7,DJI Pilot,Android,7.0.2,1EF72A62-B7C3-C88D-164E-CE6F8C8424AE,1ZN7L4R0H1D00F,1W9DL31001461C,,1ZMLH8300204F0,1W9DL31001461C,,,,,
2023-11-01,11:27:50.63 AM,3m 28.3s,208.3,33.8014310113456,-117.4698121845042,124.3,124.6,18.7,1388,1487.7,4.951677,6.085134,1.565858,2.23694,-4.697574,1.342164,0,0,2.6,1,2.7,-69.2,290.8,290.9,Tripod,Other,,23,5,True,,True,False,,Smart,RC,False,True,False,,,True,,False,False,False,False,False,False,False,False,False,False,0,Follow Yaw,-77.9,0,-77.2,282.8,False,False,False,False,False,,0,0,False,False,No Card,100,100,1024,1309,1024,1024,2,False,False,False,False,False,0,False,False,False,False,89,,47.484,,4437,,4986,,47.484,,True,3.963,3.963,3.963,3.963,3.963,3.963,3.963,3.963,3.963,3.963,3.963,3.963,0,,False,False,True,,,,,,,,,,,,,,,False,False,9.38,,88.3,,75.7,,89.0,,1680,53,12,17,8,141569.5,18875.94,,Idle,,20,,10,,,20,Go Home,False,False,False,False,False,False,False,False,False,False,False,False,33.8027920380556,-117.4659261431046,1278.4,2972.0,1049.4,396.9,True,1,1,False,False,False,False,,True,False,False,Course Lock,196.8,67,16.4,93,E,S,10.96,10.96,Calm,False,False,Android,7.0.2,M300 RTK,1ZN7L4R0H1D00F,1W9DL31001461C,1ZMLH8300204F0,1Z6PH74DAP0QN7,"Corona, CA",728.3,5.7,137.7,8.547347,2.013246,0,0,DJI Matrice 300 RTK,M300 RTK,1ZN7L4R0H1D00F,1W9DL31001461C,1ZMLH8300204F0,1Z6PH74DAP0QN7,DJI Pilot,Android,7.0.2,1EF72A62-B7C3-C88D-164E-CE6F8C8424AE,1ZN7L4R0H1D00F,1W9DL31001461C,,1ZMLH8300204F0,1W9DL31001461C,,,,,
2023-11-01,11:27:50.73 AM,3m 28.4s,208.4,33.801431722985,-117.4698145130193,124.3,124.6,18.7,1388,1488.5,4.951677,6.085134,1.565858,2.23694,-4.697574,1.342164,0,0,2.7,1,2.8,-69.4,290.6,290.1,Tripod,Other,,23,5,True,,True,False,,Smart,RC,False,True,False,,,True,,False,False,False,False,False,False,False,False,False,False,0,Follow Yaw,-77.9,0,-77.2,282.8,False,False,False,False,False,,0,0,False,False,No Card,100,100,1024,1315,1024,1024,2,False,False,False,False,False,0,False,False,False,False,89,,47.484,,4437,,4986,,47.484,,True,3.963,3.963,3.963,3.963,3.963,3.963,3.963,3.963,3.963,3.963,3.963,3.963,0,,False,False,True,,,,,,,,,,,,,,,False,False,9.38,,88.3,,75.7,,89.0,,1680,53,12,17,8,141569.5,18875.94,,Idle,,20,,10,,,20,Go Home,False,False,False,False,False,False,False,False,False,False,False,False,33.8027920380556,-117.4659261431046,1278.9,2972.0,1049.4,396.9,True,1,1,False,False,False,False,,True,False,False,Course Lock,196.8,67,16.4,93,E,S,10.96,10.96,Calm,False,False,Android,7.0.2,M300 RTK,1ZN7L4R0H1D00F,1W9DL31001461C,1ZMLH8300204F0,1Z6PH74DAP0QN7,"Corona, CA",728.3,5.7,137.7,8.547347,2.013246,0,0,DJI Matrice 300 RTK,M300 RTK,1ZN7L4R0H1D00F,1W9DL31001461C,1ZMLH8300204F0,1Z6PH74DAP0QN7,DJI Pilot,Android,7.0.2,1EF72A62-B7C3-C88D-164E-CE6F8C8424AE,1ZN7L4R0H1D00F,1W9DL31001461C,,1ZMLH8300204F0,1W9DL31001461C,,,,,
2023-11-01,11:27:50.84 AM,3m 28.5s,208.5,33.8014324214661,-117.4698168224023,124.3,124.6,18.3,1388,1489.2,4.951677,6.085134,1.565858,2.23694,-4.697574,1.342164,0,0,2.6,0.9,2.7,-69.5,290.5,290.0,Tripod,Other,,23,5,True,,True,False,,Smart,RC,False,True,False,,,True,,False,False,False,False,False,False,False,False,False,False,0,Follow Yaw,-77.9,0,-77.2,282.8,False,False,False,False,False,,0,0,False,False,No Card,100,100,1024,1313,1024,1024,2,False,False,False,False,False,0,False,False,False,False,89,,47.484,,4437,,4986,,47.484,,True,3.963,3.963,3.963,3.963,3.963,3.963,3.963,3.963,3.963,3.963,3.963,3.963,0,,False,False,True,,,,,,,,,,,,,,,False,False,9.38,,88.3,,75.7,,89.0,,1680,53,12,17,8,141569.5,18875.94,,Idle,,20,,10,,,20,Go Home,False,False,False,False,False,False,False,False,False,False,False,False,33.8027920380556,-117.4659261431046,1279.4,2972.0,1049.4,396.9,True,1,1,False,False,False,False,,True,False,False,Course Lock,196.8,67,16.4,93,E,S,10.96,10.96,Calm,False,False,Android,7.0.2,M300 RTK,1ZN7L4R0H1D00F,1W9DL31001461C,1ZMLH8300204F0,1Z6PH74DAP0QN7,"Corona, CA",728.3,5.7,137.7,8.547347,2.013246,0,0,DJI Matrice 300 RTK,M300 RTK,1ZN7L4R0H1D00F,1W9DL31001461C,1ZMLH8300204F0,1Z6PH74DAP0QN7,DJI Pilot,Android,7.0.2,1EF72A62-B7C3-C88D-164E-CE6F8C8424AE,1ZN7L4R0H1D00F,1W9DL31001461C,,1ZMLH8300204F0,1W9DL31001461C,,,,,
2023-11-01,11:27:50.94 AM,3m 28.6s,208.6,33.8014331462637,-117.4698191449799,124.3,124.6,18.3,1388,1490.0,5.026897,6.085134,1.789552,2.23694,-4.697574,1.342164,0,0,2.5,0.9,2.6,-69.6,290.4,290.5,Tripod,Other,,23,5,True,,True,False,,Smart,RC,False,True,False,,,True,,False,False,False,False,False,False,False,False,False,False,0,Follow Yaw,-77.9,0,-77.2,282.8,False,False,False,False,False,,0,0,False,False,No Card,100,100,1024,1313,1024,1024,2,False,False,False,False,False,0,False,False,False,False,89,,47.484,,4437,,4986,,47.484,,True,3.963,3.963,3.963,3.963,3.963,3.963,3.963,3.963,3.963,3.963,3.963,3.963,0,,False,False,True,,,,,,,,,,,,,,,False,False,9.38,,88.3,,75.7,,89.0,,1680,53,12,17,8,141569.5,18875.94,,Idle,,20,,10,,,20,Go Home,False,False,False,False,False,False,False,False,False,False,False,False,33.8027920380556,-117.4659261431046,1280.0,2972.0,1049.4,396.9,True,1,1,False,False,False,False,,True,False,False,Course Lock,196.8,67,16.4,93,E,S,10.96,10.96,Calm,False,False,Android,7.0.2,M300 RTK,1ZN7L4R0H1D00F,1W9DL31001461C,1ZMLH8300204F0,1Z6PH74DAP0QN7,"Corona, CA",728.3,5.7,137.7,8.547347,2.013246,0,0,DJI Matrice 300 RTK,M300 RTK,1ZN7L4R0H1D00F,1W9DL31001461C,1ZMLH8300204F0,1Z6PH74DAP0QN7,DJI Pilot,Android,7.0.2,1EF72A62-B7C3-C88D-164E-CE6F8C8424AE,1ZN7L4R0H1D00F,1W9DL31001461C,,1ZMLH8300204F0,1W9DL31001461C,,,,,
2023-11-01,11:27:51.04 AM,3m 28.7s,208.7,33.8014338365209,-117.4698213514451,124.3,124.6,18.3,1388,1490.7,5.026897,6.085134,1.789552,2.23694,-4.697574,1.342164,0,0,2.7,0.9,2.8,-69.6,290.4,290.6,Tripod,Other,,23,5,True,,True,False,,Smart,RC,False,True,False,,,True,,False,False,False,False,False,False,False,False,False,False,0,Follow Yaw,-77.9,0,-77.2,282.8,False,False,False,False,False,,0,0,False,False,No Card,100,100,1024,1314,1042,1024,2,False,False,False,False,False,0,False,False,False,False,89,,47.484,,4437,,4986,,47.484,,True,3.963,3.963,3.963,3.963,3.963,3.963,3.963,3.963,3.963,3.963,3.963,3.963,0,,False,False,True,,,,,,,,,,,,,,,False,False,9.38,,88.3,,75.7,,89.0,,1680,53,12,17,8,141569.5,18875.94,,Idle,,20,,10,,,20,Go Home,False,False,False,False,False,False,False,False,False,False,False,False,33.8027920380556,-117.4659261431046,1280.5,2972.0,1049.4,396.9,True,1,1,False,False,False,False,,True,False,False,Course Lock,196.8,67,16.4,93,E,S,10.96,10.96,Calm,False,False,Android,7.0.2,M300 RTK,1ZN7L4R0H1D00F,1W9DL31001461C,1ZMLH8300204F0,1Z6PH74DAP0QN7,"Corona, CA",728.3,5.7,137.7,8.547347,2.013246,0,0,DJI Matrice 300 RTK,M300 RTK,1ZN7L4R0H1D00F,1W9DL31001461C,1ZMLH8300204F0,1Z6PH74DAP0QN7,DJI Pilot,Android,7.0.2,1EF72A62-B7C3-C88D-164E-CE6F8C8424AE,1ZN7L4R0H1D00F,1W9DL31001461C,,1ZMLH8300204F0,1W9DL31001461C,,,,,
2023-11-01,11:27:51.14 AM,3m 28.8s,208.8,33.8014345744767,-117.4698236667656,124.3,124.6,18.3,1388,1491.4,5.026897,6.085134,1.789552,2.23694,-4.697574,1.342164,0,0,3,0.7,3,-69.7,290.3,290.9,Tripod,Other,,23,5,True,,True,False,,Smart,RC,False,True,False,,,True,,False,False,False,False,False,False,False,False,False,False,0,Follow Yaw,-77.9,0,-77.2,282.8,False,False,False,False,False,,0,0,False,False,No Card,100,100,1024,1313,1103,1024,2,False,False,False,False,False,0,False,False,False,False,89,,47.484,,4437,,4986,,47.484,,True,3.963,3.963,3.963,3.963,3.963,3.963,3.963,3.963,3.963,3.963,3.963,3.963,0,,False,False,True,,,,,,,,,,,,,,,False,False,9.38,,88.3,,75.7,,89.0,,1680,53,12,17,8,141569.5,18875.94,,Idle,,20,,10,,,20,Go Home,False,False,False,False,False,False,False,False,False,False,False,False,33.8027920380556,-117.4659261431046,1281.1,2972.0,1049.4,396.9,True,1,1,False,False,False,False,,True,False,False,Course Lock,196.8,67,16.4,93,E,S,10.96,10.96,Calm,False,False,Android,7.0.2,M300 RTK,1ZN7L4R0H1D00F,1W9DL31001461C,1ZMLH8300204F0,1Z6PH74DAP0QN7,"Corona, CA",728.3,5.7,137.7,8.547347,2.013246,0,0,DJI Matrice 300 RTK,M300 RTK,1ZN7L4R0H1D00F,1W9DL31001461C,1ZMLH8300204F0,1Z6PH74DAP0QN7,DJI Pilot,Android,7.0.2,1EF72A62-B7C3-C88D-164E-CE6F8C8424AE,1ZN7L4R0H1D00F,1W9DL31001461C,,1ZMLH8300204F0,1W9DL31001461C,,,,,
2023-11-01,11:27:51.25 AM,3m 28.9s,208.9,33.8014354209876,-117.469826062903,124.6,124.6,18.3,1388,1492.2,5.026897,6.085134,1.789552,2.23694,-4.697574,1.342164,0,0,3.2,0.5,3.2,-69.6,290.4,293.0,Tripod,Other,,23,5,True,,True,False,,Smart,RC,False,True,False,,,True,,False,False,False,False,False,False,False,False,False,False,0,Follow Yaw,-77.9,0,-77.2,282.8,False,False,False,False,False,,0,0,False,False,No Card,100,100,1024,1312,1142,1024,2,False,False,False,False,False,0,False,False,False,False,89,,47.484,,4437,,4986,,47.484,,True,3.963,3.963,3.963,3.963,3.963,3.963,3.963,3.963,3.963,3.963,3.963,3.963,0,,False,False,True,,,,,,,,,,,,,,,False,False,9.38,,88.3,,75.7,,89.0,,1680,53,12,17,8,141569.5,18875.94,,Idle,,20,,10,,,20,Go Home,False,False,False,False,False,False,False,False,False,False,False,False,33.8027920380556,-117.4659261431046,1281.6,2972.0,1049.4,396.9,True,1,1,False,False,False,False,,True,False,False,Course Lock,196.8,67,16.4,93,E,S,10.96,10.96,Calm,False,False,Android,7.0.2,M300 RTK,1ZN7L4R0H1D00F,1W9DL31001461C,1ZMLH8300204F0,1Z6PH74DAP0QN7,"Corona, CA",728.3,5.7,137.7,8.547347,2.013246,0,0,DJI Matrice 300 RTK,M300 RTK,1ZN7L4R0H1D00F,1W9DL31001461C,1ZMLH8300204F0,1Z6PH74DAP0QN7,DJI Pilot,Android,7.0.2,1EF72A62-B7C3-C88D-164E-CE6F8C8424AE,1ZN7L4R0H1D00F,1W9DL31001461C,,1ZMLH8300204F0,1W9DL31001461C,,,,,
2023-11-01,11:27:51.35 AM,3m 29.0s,209.0,33.8014361726498,-117.4698283749249,124.6,124.6,18.3,1388,1493.0,5.026897,6.085134,1.789552,2.23694,-4.697574,1.342164,0,0,3.5,0.6,3.5,-69.4,290.6,291.3,Tripod,Other,,23,5,True,,True,False,,Smart,RC,False,True,False,,,True,,False,False,False,False,False,False,False,False,False,False,0,Follow Yaw,-77.9,0,-77.2,282.8,False,False,False,False,False,,0,0,False,False,No Card,100,100,1024,1311,1144,1024,2,False,False,False,False,False,0,False,False,False,False,88,,47.472,,8888,,10044,,47.472,,True,3.963,3.963,3.963,3.963,3.963,3.963,3.963,3.963,3.963,3.963,3.963,3.963,0,,False,False,True,,,,,,,,,,,,,,,False,False,18.886,,89.2,,75.7,,89.2,,1680,53,12,17,8,141569.5,18875.94,,Idle,,20,,10,,,20,Go Home,False,False,False,False,False,False,False,False,False,False,False,False,33.8027920380556,-117.4659261431046,1282.1,2972.0,1049.4,396.9,True,1,1,False,False,False,False,,True,False,False,Course Lock,196.8,67,16.4,93,E,S,10.96,10.96,Calm,False,False,Android,7.0.2,M300 RTK,1ZN7L4R0H1D00F,1W9DL31001461C,1ZMLH8300204F0,1Z6PH74DAP0QN7,"Corona, CA",728.3,5.7,137.7,8.547347,2.013246,0,0,DJI Matrice 300 RTK,M300 RTK,1ZN7L4R0H1D00F,1W9DL31001461C,1ZMLH8300204F0,1Z6PH74DAP0QN7,DJI Pilot,Android,7.0.2,1EF72A62-B7C3-C88D-164E-CE6F8C8424AE,1ZN7L4R0H1D00F,1W9DL31001461C,,1ZMLH8300204F0,1W9DL31001461C,,,,,
2023-11-01,11:27:51.45 AM,3m 29.1s,209.1,33.8014369626901,-117.4698307690831,124.6,124.6,18.3,1388,1493.7,5.026897,6.085134,1.789552,2.23694,-4.697574,1.342164,0,0,3.4,0.8,3.4,-69.2,290.8,291.6,Tripod,Other,,23,5,True,,True,False,,Smart,RC,False,True,False,,,True,,False,False,False,False,False,False,False,False,False,False,0,Follow Yaw,-77.9,0,-77.2,282.8,False,False,False,False,False,,0,0,False,False,No Card,100,100,1024,1310,1138,1024,2,False,False,False,False,False,0,False,False,False,False,88,,47.472,,8888,,10044,,47.472,,True,3.963,3.963,3.963,3.963,3.963,3.963,3.963,3.963,3.963,3.963,3.963,3.963,0,,False,False,True,,,,,,,,,,,,,,,False,False,18.886,,89.2,,75.7,,89.2,,1680,53,12,17,8,141569.5,18875.94,,Idle,,20,,10,,,20,Go Home,False,False,False,False,False,False,False,False,False,False,False,False,33.8027920380556,-117.4659261431046,1282.7,2972.0,1049.4,396.9,True,1,1,False,False,False,False,,True,False,False,Course Lock,196.8,67,16.4,93,E,S,10.96,10.96,Calm,False,False,Android,7.0.2,M300 RTK,1ZN7L4R0H1D00F,1W9DL31001461C,1ZMLH8300204F0,1Z6PH74DAP0QN7,"Corona, CA",728.3,5.7,137.7,8.547347,2.013246,0,0,DJI Matrice 300 RTK,M300 RTK,1ZN7L4R0H1D00F,1W9DL31001461C,1ZMLH8300204F0,1Z6PH74DAP0QN7,DJI Pilot,Android,7.0.2,1EF72A62-B7C3-C88D-164E-CE6F8C8424AE,1ZN7L4R0H1D00F,1W9DL31001461C,,1ZMLH8300204F0,1W9DL31001461C,,,,,
2023-11-01,11:27:51.55 AM,3m 29.2s,209.2,33.8014377192867,-117.4698330751674,124.6,124.6,18.3,1388,1494.5,5.026897,6.085134,1.789552,2.23694,-4.697574,1.342164,0,0,3.1,0.7,3.1,-69.1,290.9,291.5,Tripod,Other,,23,5,True,,True,False,,Smart,RC,False,True,False,,,True,,False,False,False,False,False,False,False,False,False,False,0,Follow Yaw,-77.9,0,-77.2,282.8,False,False,False,False,False,,0,0,False,False,No Card,100,100,1024,1319,1125,1024,2,False,False,False,False,False,0,False,False,False,False,88,,47.472,,8888,,10044,,47.472,,True,3.963,3.963,3.963,3.963,3.963,3.963,3.963,3.963,3.963,3.963,3.963,3.963,0,,False,False,True,,,,,,,,,,,,,,,False,False,18.886,,89.2,,75.7,,89.2,,1680,53,12,17,8,141569.5,18875.94,,Idle,,20,,10,,,20,Go Home,False,False,False,False,False,False,False,False,False,False,False,False,33.8027920380556,-117.4659261431046,1283.2,2972.0,1049.4,396.9,True,1,1,False,False,False,False,,True,False,False,Course Lock,196.8,67,16.4,93,E,S,10.96,10.96,Calm,False,False,Android,7.0.2,M300 RTK,1ZN7L4R0H1D00F,1W9DL31001461C,1ZMLH8300204F0,1Z6PH74DAP0QN7,"Corona, CA",728.3,5.7,137.7,8.547347,2.013246,0,0,DJI Matrice 300 RTK,M300 RTK,1ZN7L4R0H1D00F,1W9DL31001461C,1ZMLH8300204F0,1Z6PH74DAP0QN7,DJI Pilot,Android,7.0.2,1EF72A62-B7C3-C88D-164E-CE6F8C8424AE,1ZN7L4R0H1D00F,1W9DL31001461C,,1ZMLH8300204F0,1W9DL31001461C,,,,,
2023-11-01,11:27:51.66 AM,3m 29.3s,209.3,33.8014383179848,-117.469835448874,124.6,124.6,18.3,1388,1495.2,4.818516,6.085134,1.789552,2.23694,-4.47388,1.342164,0,0,3,0.5,3,-69,291,286.8,Tripod,Other,,23,5,True,,True,False,,Smart,RC,False,True,False,,,True,,False,False,False,False,False,False,False,False,False,False,0,Follow Yaw,-77.9,0,-77.2,282.8,False,False,False,False,False,,0,0,False,False,No Card,100,100,1024,1319,1125,1024,2,False,False,False,False,False,0,False,False,False,False,88,,47.472,,8888,,10044,,47.472,,True,3.953,3.953,3.953,3.953,3.953,3.953,3.953,3.953,3.953,3.953,3.953,3.953,0,,False,False,True,,,,,,,,,,,,,,,False,False,18.886,,89.2,,75.7,,89.2,,1682,53,12,17,8,141311.8,18841.57,,Idle,,20,,10,,,20,Go Home,False,False,False,False,False,False,False,False,False,False,False,False,33.8027920380556,-117.4659261431046,1283.8,2972.0,1049.4,396.9,True,1,1,False,False,False,False,,True,False,False,Course Lock,196.8,67,16.4,93,E,S,10.96,10.96,Calm,False,False,Android,7.0.2,M300 RTK,1ZN7L4R0H1D00F,1W9DL31001461C,1ZMLH8300204F0,1Z6PH74DAP0QN7,"Corona, CA",728.3,5.7,137.7,8.547347,2.013246,0,0,DJI Matrice 300 RTK,M300 RTK,1ZN7L4R0H1D00F,1W9DL31001461C,1ZMLH8300204F0,1Z6PH74DAP0QN7,DJI Pilot,Android,7.0.2,1EF72A62-B7C3-C88D-164E-CE6F8C8424AE,1ZN7L4R0H1D00F,1W9DL31001461C,,1ZMLH8300204F0,1W9DL31001461C,,,,,
2023-11-01,11:27:51.76 AM,3m 29.4s,209.4,33.8014390636162,-117.4698377589168,124.6,124.6,18.3,1388,1496.0,4.818516,6.085134,1.789552,2.23694,-4.47388,1.342164,0,0,3,0.1,3,-68.9,291.1,291.2,Tripod,Other,,23,5,True,,True,False,,Smart,RC,False,True,False,,,True,,False,False,False,False,False,False,False,False,False,False,0,Follow Yaw,-77.9,0,-77.2,282.8,False,False,False,False,False,,0,0,False,False,No Card,100,100,1024,1321,1123,1024,2,False,False,False,False,False,0,False,False,False,False,88,,47.472,,8888,,10044,,47.472,,True,3.953,3.953,3.953,3.953,3.953,3.953,3.953,3.953,3.953,3.953,3.953,3.953,0,,False,False,True,,,,,,,,,,,,,,,False,False,18.886,,89.2,,75.7,,89.2,,1682,53,12,17,8,141311.8,18841.57,,Idle,,20,,10,,,20,Go Home,False,False,False,False,False,False,False,False,False,False,False,False,33.8027920380556,-117.4659261431046,1284.4,2972.0,1049.4,396.9,True,1,1,False,False,False,False,,True,False,False,Course Lock,196.8,67,16.4,93,E,S,10.96,10.96,Calm,False,False,Android,7.0.2,M300 RTK,1ZN7L4R0H1D00F,1W9DL31001461C,1ZMLH8300204F0,1Z6PH74DAP0QN7,"Corona, CA",728.3,5.7,137.7,8.547347,2.013246,0,0,DJI Matrice 300 RTK,M300 RTK,1ZN7L4R0H1D00F,1W9DL31001461C,1ZMLH8300204F0,1Z6PH74DAP0QN7,DJI Pilot,Android,7.0.2,1EF72A62-B7C3-C88D-164E-CE6F8C8424AE,1ZN7L4R0H1D00F,1W9DL31001461C,,1ZMLH8300204F0,1W9DL31001461C,,,,,
2023-11-01,11:27:51.86 AM,3m 29.5s,209.5,33.8014398635251,-117.4698400277264,124.6,124.6,18.0,1388,1496.7,5.026897,6.085134,1.789552,2.23694,-4.697574,1.342164,0,0,3.1,-0.2,3.1,-68.9,291.1,292.9,Tripod,Other,,23,5,True,,True,False,,Smart,RC,False,True,False,,,True,,False,False,False,False,False,False,False,False,False,False,0,Follow Yaw,-77.9,0,-77.2,282.8,False,False,False,False,False,,0,0,False,False,No Card,100,100,1024,1317,1132,1024,2,False,False,False,False,False,0,False,False,False,False,88,,47.472,,8888,,10044,,47.472,,True,3.953,3.953,3.953,3.953,3.953,3.953,3.953,3.953,3.953,3.953,3.953,3.953,0,,False,False,True,,,,,,,,,,,,,,,False,False,18.886,,89.2,,75.7,,89.2,,1682,53,12,17,8,141311.8,18841.57,,Idle,,20,,10,,,20,Go Home,False,False,False,False,False,False,False,False,False,False,False,False,33.8027920380556,-117.4659261431046,1284.9,2972.0,1049.4,396.9,True,1,1,False,False,False,False,,True,False,False,Course Lock,196.8,67,16.4,93,E,S,10.96,10.96,Calm,False,False,Android,7.0.2,M300 RTK,1ZN7L4R0H1D00F,1W9DL31001461C,1ZMLH8300204F0,1Z6PH74DAP0QN7,"Corona, CA",728.3,5.7,137.7,8.547347,2.013246,0,0,DJI Matrice 300 RTK,M300 RTK,1ZN7L4R0H1D00F,1W9DL31001461C,1ZMLH8300204F0,1Z6PH74DAP0QN7,DJI Pilot,Android,7.0.2,1EF72A62-B7C3-C88D-164E-CE6F8C8424AE,1ZN7L4R0H1D00F,1W9DL31001461C,,1ZMLH8300204F0,1W9DL31001461C,,,,,
2023-11-01,11:27:51.96 AM,3m 29.6s,209.6,33.8014406003843,-117.4698423466754,124.6,124.6,18.0,1388,1497.5,5.026897,6.085134,1.789552,2.23694,-4.697574,1.342164,0,0,3.1,-0.4,3.1,-68.9,291.1,290.9,Tripod,Other,,23,5,True,,True,False,,Smart,RC,False,True,False,,,True,,False,False,False,False,False,False,False,False,False,False,0,Follow Yaw,-77.9,0,-77.2,282.8,False,False,False,False,False,,0,0,False,False,No Card,100,100,1024,1310,1155,1024,2,False,False,False,False,False,0,False,False,False,False,88,,47.472,,8888,,10044,,47.472,,True,3.953,3.953,3.953,3.953,3.953,3.953,3.953,3.953,3.953,3.953,3.953,3.953,0,,False,False,True,,,,,,,,,,,,,,,False,False,18.886,,89.2,,75.7,,89.2,,1682,53,12,17,8,141311.8,18841.57,,Idle,,20,,10,,,20,Go Home,False,False,False,False,False,False,False,False,False,False,False,False,33.8027920380556,-117.4659261431046,1285.4,2972.0,1049.4,396.9,True,1,1,False,False,False,False,,True,False,False,Course Lock,196.8,67,16.4,93,E,S,10.96,10.96,Calm,False,False,Android,7.0.2,M300 RTK,1ZN7L4R0H1D00F,1W9DL31001461C,1ZMLH8300204F0,1Z6PH74DAP0QN7,"Corona, CA",728.3,5.7,137.7,8.547347,2.013246,0,0,DJI Matrice 300 RTK,M300 RTK,1ZN7L4R0H1D00F,1W9DL31001461C,1ZMLH8300204F0,1Z6PH74DAP0QN7,DJI Pilot,Android,7.0.2,1EF72A62-B7C3-C88D-164E-CE6F8C8424AE,1ZN7L4R0H1D00F,1W9DL31001461C,,1ZMLH8300204F0,1W9DL31001461C,,,,,
2023-11-01,11:27:52.07 AM,3m 29.7s,209.7,33.801441348757,-117.4698446649648,124.6,124.6,18.0,1388,1498.2,4.951677,6.085134,1.565858,2.23694,-4.697574,1.342164,0,0,3.1,-0.2,3.1,-68.9,291.1,291.2,Tripod,Other,,23,5,True,,True,False,,Smart,RC,False,True,False,,,True,,False,False,False,False,False,False,False,False,False,False,0,Follow Yaw,-77.9,0,-77.2,282.8,False,False,False,False,False,,0,0,False,False,No Card,100,100,1024,1312,1208,1024,2,False,False,False,False,False,0,False,False,False,False,89,,47.448,,4437,,4986,,47.448,,True,3.953,3.953,3.953,3.953,3.953,3.953,3.953,3.953,3.953,3.953,3.953,3.953,0,,False,False,True,,,,,,,,,,,,,,,False,False,9.32,,88.5,,75.7,,89.2,,1682,53,12,17,8,141311.8,18841.57,,Idle,,20,,10,,,20,Go Home,False,False,False,False,False,False,False,False,False,False,False,False,33.8027920380556,-117.4659261431046,1286.0,2972.0,1049.4,396.9,True,1,1,False,False,False,False,,True,False,False,Course Lock,196.8,67,16.4,93,E,S,10.96,10.96,Calm,False,False,Android,7.0.2,M300 RTK,1ZN7L4R0H1D00F,1W9DL31001461C,1ZMLH8300204F0,1Z6PH74DAP0QN7,"Corona, CA",728.3,5.7,137.7,8.547347,2.013246,0,0,DJI Matrice 300 RTK,M300 RTK,1ZN7L4R0H1D00F,1W9DL31001461C,1ZMLH8300204F0,1Z6PH74DAP0QN7,DJI Pilot,Android,7.0.2,1EF72A62-B7C3-C88D-164E-CE6F8C8424AE,1ZN7L4R0H1D00F,1W9DL31001461C,,1ZMLH8300204F0,1W9DL31001461C,,,,,
2023-11-01,11:27:52.17 AM,3m 29.8s,209.8,33.8014420614929,-117.46984699315,124.6,124.6,18.0,1388,1499.0,4.951677,6.085134,1.565858,2.23694,-4.697574,1.342164,0,0,3.1,0.1,3.1,-69,291,290.2,Tripod,Other,,23,5,True,,True,False,,Smart,RC,False,True,False,,,True,,False,False,False,False,False,False,False,False,False,False,0,Follow Yaw,-77.9,0,-77.2,282.8,False,False,False,False,False,,0,0,False,False,No Card,100,100,1024,1311,1210,1024,2,False,False,False,False,False,0,False,False,False,False,89,,47.448,,4437,,4986,,47.448,,True,3.953,3.953,3.953,3.953,3.953,3.953,3.953,3.953,3.953,3.953,3.953,3.953,0,,False,False,True,,,,,,,,,,,,,,,False,False,9.32,,88.5,,75.7,,89.2,,1682,53,12,17,8,141311.8,18841.57,,Idle,,20,,10,,,20,Go Home,False,False,False,False,False,False,False,False,False,False,False,False,33.8027920380556,-117.4659261431046,1286.5,2972.0,1049.4,396.9,True,1,1,False,False,False,False,,True,False,False,Course Lock,196.8,67,16.4,93,E,S,10.96,10.96,Calm,False,False,Android,7.0.2,M300 RTK,1ZN7L4R0H1D00F,1W9DL31001461C,1ZMLH8300204F0,1Z6PH74DAP0QN7,"Corona, CA",728.3,5.7,137.7,8.547347,2.013246,0,0,DJI Matrice 300 RTK,M300 RTK,1ZN7L4R0H1D00F,1W9DL31001461C,1ZMLH8300204F0,1Z6PH74DAP0QN7,DJI Pilot,Android,7.0.2,1EF72A62-B7C3-C88D-164E-CE6F8C8424AE,1ZN7L4R0H1D00F,1W9DL31001461C,,1ZMLH8300204F0,1W9DL31001461C,,,,,
2023-11-01,11:27:52.28 AM,3m 29.9s,209.9,33.801442626199,-117.4698493078108,124.6,124.6,18.0,1388,1499.7,4.951677,6.085134,1.565858,2.23694,-4.697574,1.342164,0,0,3.1,0.4,3.1,-69,291,286.3,Tripod,Other,,23,5,True,,True,False,,Smart,RC,False,True,False,,,True,,False,False,False,False,False,False,False,False,False,False,0,Follow Yaw,-77.9,0,-77.2,282.8,False,False,False,False,False,,0,0,False,False,No Card,100,100,1024,1304,1216,1024,2,False,False,False,False,False,0,False,False,False,False,89,,47.448,,4437,,4986,,47.448,,True,3.953,3.953,3.953,3.953,3.953,3.953,3.953,3.953,3.953,3.953,3.953,3.953,0,,False,False,True,,,,,,,,,,,,,,,False,False,9.32,,88.5,,75.7,,89.2,,1682,53,12,17,8,141311.8,18841.57,,Idle,,20,,10,,,20,Go Home,False,False,False,False,False,False,False,False,False,False,False,False,33.8027920380556,-117.4659261431046,1287.1,2972.0,1049.4,396.9,True,1,1,False,False,False,False,,True,False,False,Course Lock,196.8,67,16.4,93,E,S,10.96,10.96,Calm,False,False,Android,7.0.2,M300 RTK,1ZN7L4R0H1D00F,1W9DL31001461C,1ZMLH8300204F0,1Z6PH74DAP0QN7,"Corona, CA",728.3,5.7,137.7,8.547347,2.013246,0,0,DJI Matrice 300 RTK,M300 RTK,1ZN7L4R0H1D00F,1W9DL31001461C,1ZMLH8300204F0,1Z6PH74DAP0QN7,DJI Pilot,Android,7.0.2,1EF72A62-B7C3-C88D-164E-CE6F8C8424AE,1ZN7L4R0H1D00F,1W9DL31001461C,,1ZMLH8300204F0,1W9DL31001461C,,,,,
2023-11-01,11:27:52.34 AM,3m 30.0s,210.0,33.8014433279697,-117.4698516350065,124.6,124.6,18.0,1388,1500.5,4.951677,6.085134,1.565858,2.23694,-4.697574,1.342164,0,0,3.1,0.5,3.1,-69.1,290.9,289.9,Tripod,Other,,23,5,True,,True,False,,Smart,RC,False,True,False,,,True,,False,False,False,False,False,False,False,False,False,False,0,Follow Yaw,-77.9,0,-77.2,282.8,False,False,False,False,False,,0,0,False,False,No Card,100,100,1024,1302,1221,1024,2,False,False,False,False,False,0,False,False,False,False,88,,47.568,,8888,,10044,,47.568,,True,3.953,3.953,3.953,3.953,3.953,3.953,3.953,3.953,3.953,3.953,3.953,3.953,0,,False,False,True,,,,,,,,,,,,,,,False,False,18.442,,89.2,,75.7,,89.2,,1682,53,12,17,8,141311.8,18841.57,,Idle,,20,,10,,,20,Go Home,False,False,False,False,False,False,False,False,False,False,False,False,33.8027920380556,-117.4659261431046,1287.7,2972.0,1049.4,396.9,True,1,1,False,False,False,False,,True,False,False,Course Lock,196.8,67,16.4,93,E,S,10.96,10.96,Calm,False,False,Android,7.0.2,M300 RTK,1ZN7L4R0H1D00F,1W9DL31001461C,1ZMLH8300204F0,1Z6PH74DAP0QN7,"Corona, CA",728.3,5.7,137.7,8.547347,2.013246,0,0,DJI Matrice 300 RTK,M300 RTK,1ZN7L4R0H1D00F,1W9DL31001461C,1ZMLH8300204F0,1Z6PH74DAP0QN7,DJI Pilot,Android,7.0.2,1EF72A62-B7C3-C88D-164E-CE6F8C8424AE,1ZN7L4R0H1D00F,1W9DL31001461C,,1ZMLH8300204F0,1W9DL31001461C,,,,,
2023-11-01,11:27:52.44 AM,3m 30.1s,210.1,33.8014439485982,-117.4698538932605,124.6,124.6,18.0,1388,1501.2,4.951677,6.085134,1.565858,2.23694,-4.697574,1.342164,0,0,3,0.5,3,-69.1,290.9,288.3,Tripod,Other,,23,5,True,,True,False,,Smart,RC,False,True,False,,,True,,False,False,False,False,False,False,False,False,False,False,0,Follow Yaw,-77.9,0,-77.2,282.8,False,False,False,False,False,,0,0,False,False,No Card,100,100,1024,1300,1219,1024,2,False,False,False,False,False,0,False,False,False,False,88,,47.568,,8888,,10044,,47.568,,True,3.953,3.953,3.953,3.953,3.953,3.953,3.953,3.953,3.953,3.953,3.953,3.953,0,,False,False,True,,,,,,,,,,,,,,,False,False,18.442,,89.2,,75.7,,89.2,,1682,53,12,17,8,141311.8,18841.57,,Idle,,20,,10,,,20,Go Home,False,False,False,False,False,False,False,False,False,False,False,False,33.8027920380556,-117.4659261431046,1288.2,2972.0,1049.4,396.9,True,1,1,False,False,False,False,,True,False,False,Course Lock,196.8,67,16.4,93,E,S,10.96,10.96,Calm,False,False,Android,7.0.2,M300 RTK,1ZN7L4R0H1D00F,1W9DL31001461C,1ZMLH8300204F0,1Z6PH74DAP0QN7,"Corona, CA",728.3,5.7,137.7,8.547347,2.013246,0,0,DJI Matrice 300 RTK,M300 RTK,1ZN7L4R0H1D00F,1W9DL31001461C,1ZMLH8300204F0,1Z6PH74DAP0QN7,DJI Pilot,Android,7.0.2,1EF72A62-B7C3-C88D-164E-CE6F8C8424AE,1ZN7L4R0H1D00F,1W9DL31001461C,,1ZMLH8300204F0,1W9DL31001461C,,,,,
2023-11-01,11:27:52.54 AM,3m 30.2s,210.2,33.8014446492723,-117.469856208581,124.6,124.6,18.0,1388,1502.0,4.951677,6.085134,1.565858,2.23694,-4.697574,1.342164,-0.223694,0,2.9,0.4,2.9,-69.1,290.9,290.0,Tripod,Other,,23,5,True,,True,False,,Smart,RC,False,True,False,,,True,,False,False,False,False,False,False,False,False,False,False,0,Follow Yaw,-77.9,0,-77.2,282.8,False,False,False,False,False,,0,0,False,False,No Card,100,100,1024,1298,1220,1024,2,False,False,False,False,False,0,False,False,False,False,88,,47.568,,8888,,10044,,47.568,,True,3.953,3.953,3.953,3.953,3.953,3.953,3.953,3.953,3.953,3.953,3.953,3.953,0,,False,False,True,,,,,,,,,,,,,,,False,False,18.442,,89.2,,75.7,,89.2,,1682,53,12,17,8,141311.8,18841.57,,Idle,,20,,10,,,20,Go Home,False,False,False,False,False,False,False,False,False,False,False,False,33.8027920380556,-117.4659261431046,1288.8,2972.0,1049.4,396.9,True,1,1,False,False,False,False,,True,False,False,Course Lock,196.8,67,16.4,93,E,S,10.96,10.96,Calm,False,False,Android,7.0.2,M300 RTK,1ZN7L4R0H1D00F,1W9DL31001461C,1ZMLH8300204F0,1Z6PH74DAP0QN7,"Corona, CA",728.3,5.7,137.7,8.547347,2.013246,0,0,DJI Matrice 300 RTK,M300 RTK,1ZN7L4R0H1D00F,1W9DL31001461C,1ZMLH8300204F0,1Z6PH74DAP0QN7,DJI Pilot,Android,7.0.2,1EF72A62-B7C3-C88D-164E-CE6F8C8424AE,1ZN7L4R0H1D00F,1W9DL31001461C,,1ZMLH8300204F0,1W9DL31001461C,,,,,
2023-11-01,11:27:52.64 AM,3m 30.3s,210.3,33.8014453526878,-117.4698585994406,124.6,124.6,18.0,1388,1502.7,4.951677,6.085134,1.565858,2.23694,-4.697574,1.342164,-0.223694,0,2.9,0.4,2.9,-69.1,290.9,289.4,Tripod,Other,,23,5,True,,True,False,,Smart,RC,False,True,False,,,True,,False,False,False,False,False,False,False,False,False,False,0,Follow Yaw,-77.9,0,-77.2,282.8,False,False,False,False,False,,0,0,False,False,No Card,100,100,1024,1296,1220,1024,2,False,False,False,False,False,0,False,False,False,False,88,,47.568,,8888,,10044,,47.568,,True,3.96,3.96,3.96,3.96,3.96,3.96,3.96,3.96,3.96,3.96,3.96,3.96,0,,False,False,True,,,,,,,,,,,,,,,False,False,18.442,,89.2,,75.7,,89.2,,1683,53,12,17,8,141143.1,18819.08,,Idle,,20,,10,,,20,Go Home,False,False,False,False,False,False,False,False,False,False,False,False,33.8027920380556,-117.4659261431046,1289.3,2972.0,1049.4,396.9,True,1,1,False,False,False,False,,True,False,False,Course Lock,196.8,67,16.4,93,E,S,10.96,10.96,Calm,False,False,Android,7.0.2,M300 RTK,1ZN7L4R0H1D00F,1W9DL31001461C,1ZMLH8300204F0,1Z6PH74DAP0QN7,"Corona, CA",728.3,5.7,137.7,8.547347,2.013246,0,0,DJI Matrice 300 RTK,M300 RTK,1ZN7L4R0H1D00F,1W9DL31001461C,1ZMLH8300204F0,1Z6PH74DAP0QN7,DJI Pilot,Android,7.0.2,1EF72A62-B7C3-C88D-164E-CE6F8C8424AE,1ZN7L4R0H1D00F,1W9DL31001461C,,1ZMLH8300204F0,1W9DL31001461C,,,,,
2023-11-01,11:27:52.74 AM,3m 30.4s,210.4,33.8014460544585,-117.4698609167404,124.6,124.6,18.0,1388,1503.5,4.951677,6.085134,1.565858,2.23694,-4.697574,1.342164,-0.223694,0,2.9,0.2,2.9,-69,291,290.0,Tripod,Other,,23,5,True,,True,False,,Smart,RC,False,True,False,,,True,,False,False,False,False,False,False,False,False,False,False,0,Follow Yaw,-77.9,0,-77.2,282.8,False,False,False,False,False,,0,0,False,False,No Card,100,100,1024,1296,1220,1024,2,False,False,False,False,False,0,False,False,False,False,88,,47.568,,8888,,10044,,47.568,,True,3.96,3.96,3.96,3.96,3.96,3.96,3.96,3.96,3.96,3.96,3.96,3.96,0,,False,False,True,,,,,,,,,,,,,,,False,False,18.442,,89.2,,75.7,,89.2,,1683,53,12,17,8,141143.1,18819.08,,Idle,,20,,10,,,20,Go Home,False,False,False,False,False,False,False,False,False,False,False,False,33.8027920380556,-117.4659261431046,1289.9,2972.0,1049.4,396.9,True,1,1,False,False,False,False,,True,False,False,Course Lock,196.8,67,16.4,93,E,S,10.96,10.96,Calm,False,False,Android,7.0.2,M300 RTK,1ZN7L4R0H1D00F,1W9DL31001461C,1ZMLH8300204F0,1Z6PH74DAP0QN7,"Corona, CA",728.3,5.7,137.7,8.547347,2.013246,0,0,DJI Matrice 300 RTK,M300 RTK,1ZN7L4R0H1D00F,1W9DL31001461C,1ZMLH8300204F0,1Z6PH74DAP0QN7,DJI Pilot,Android,7.0.2,1EF72A62-B7C3-C88D-164E-CE6F8C8424AE,1ZN7L4R0H1D00F,1W9DL31001461C,,1ZMLH8300204F0,1W9DL31001461C,,,,,
2023-11-01,11:27:52.84 AM,3m 30.5s,210.5,33.801446921255,-117.4698633079298,124.6,124.6,18.0,1388,1504.3,4.951677,6.085134,1.565858,2.23694,-4.697574,1.342164,-0.223694,0,3.2,0.2,3.2,-68.9,291.1,293.5,Tripod,Other,,23,5,True,,True,False,,Smart,RC,False,True,False,,,True,,False,False,False,False,False,False,False,False,False,False,0,Follow Yaw,-77.9,0,-77.2,282.8,False,False,False,False,False,,0,0,False,False,No Card,100,100,1024,1297,1220,1024,2,False,False,False,False,False,0,False,False,False,False,88,,47.568,,8888,,10044,,47.568,,True,3.96,3.96,3.96,3.96,3.96,3.96,3.96,3.96,3.96,3.96,3.96,3.96,0,,False,False,True,,,,,,,,,,,,,,,False,False,18.442,,89.2,,75.7,,89.2,,1683,53,12,17,8,141143.1,18819.08,,Idle,,20,,10,,,20,Go Home,False,False,False,False,False,False,False,False,False,False,False,False,33.8027920380556,-117.4659261431046,1290.4,2972.0,1049.4,396.9,True,1,1,False,False,False,False,,True,False,False,Course Lock,196.8,67,16.4,93,E,S,10.96,10.96,Calm,False,False,Android,7.0.2,M300 RTK,1ZN7L4R0H1D00F,1W9DL31001461C,1ZMLH8300204F0,1Z6PH74DAP0QN7,"Corona, CA",728.3,5.7,137.7,8.547347,2.013246,0,0,DJI Matrice 300 RTK,M300 RTK,1ZN7L4R0H1D00F,1W9DL31001461C,1ZMLH8300204F0,1Z6PH74DAP0QN7,DJI Pilot,Android,7.0.2,1EF72A62-B7C3-C88D-164E-CE6F8C8424AE,1ZN7L4R0H1D00F,1W9DL31001461C,,1ZMLH8300204F0,1W9DL31001461C,,,,,
2023-11-01,11:27:52.94 AM,3m 30.6s,210.6,33.801447630153,-117.4698656311671,125.0,125.0,18.0,1389,1505.0,4.951677,6.085134,1.565858,2.23694,-4.697574,1.342164,-0.223694,0,3.3,0.3,3.3,-68.9,291.1,290.1,Tripod,Other,,23,5,True,,True,False,,Smart,RC,False,True,False,,,True,,False,False,False,False,False,False,False,False,False,False,0,Follow Yaw,-77.9,0,-77.2,282.8,False,False,False,False,False,,0,0,False,False,No Card,100,100,1024,1298,1217,1024,2,False,False,False,False,False,0,False,False,False,False,88,,47.568,,8888,,10044,,47.568,,True,3.96,3.96,3.96,3.96,3.96,3.96,3.96,3.96,3.96,3.96,3.96,3.96,0,,False,False,True,,,,,,,,,,,,,,,False,False,18.442,,89.2,,75.7,,89.2,,1683,53,12,17,8,141143.1,18819.08,,Idle,,20,,10,,,20,Go Home,False,False,False,False,False,False,False,False,False,False,False,False,33.8027920380556,-117.4659261431046,1291.0,2972.0,1049.4,396.9,True,1,1,False,False,False,False,,True,False,False,Course Lock,196.8,67,16.4,93,E,S,10.96,10.96,Calm,False,False,Android,7.0.2,M300 RTK,1ZN7L4R0H1D00F,1W9DL31001461C,1ZMLH8300204F0,1Z6PH74DAP0QN7,"Corona, CA",728.3,5.7,137.7,8.547347,2.013246,0,0,DJI Matrice 300 RTK,M300 RTK,1ZN7L4R0H1D00F,1W9DL31001461C,1ZMLH8300204F0,1Z6PH74DAP0QN7,DJI Pilot,Android,7.0.2,1EF72A62-B7C3-C88D-164E-CE6F8C8424AE,1ZN7L4R0H1D00F,1W9DL31001461C,,1ZMLH8300204F0,1W9DL31001461C,,,,,
2023-11-01,11:27:53.04 AM,3m 30.7s,210.7,33.8014482365268,-117.4698678432399,125.0,125.0,18.0,1389,1505.7,4.951677,6.085134,1.565858,2.23694,-4.697574,1.342164,-0.223694,0,3.4,0.4,3.4,-68.9,291.1,288.2,Tripod,Other,,23,5,True,,True,False,,Smart,RC,False,True,False,,,True,,False,False,False,False,False,False,False,False,False,False,0,Follow Yaw,-77.9,0,-77.2,282.8,False,False,False,False,False,,0,0,False,False,No Card,100,100,1024,1294,1219,1024,2,False,False,False,False,False,0,False,False,False,False,88,,47.568,,8888,,10044,,47.568,,True,3.96,3.96,3.96,3.96,3.96,3.96,3.96,3.96,3.96,3.96,3.96,3.96,0,,False,False,True,,,,,,,,,,,,,,,False,False,18.442,,89.2,,75.7,,89.2,,1683,53,12,17,8,141143.1,18819.08,,Idle,,20,,10,,,20,Go Home,False,False,False,False,False,False,False,False,False,False,False,False,33.8027920380556,-117.4659261431046,1291.5,2972.0,1049.4,396.9,True,1,1,False,False,False,False,,True,False,False,Course Lock,196.8,67,16.4,93,E,S,10.96,10.96,Calm,False,False,Android,7.0.2,M300 RTK,1ZN7L4R0H1D00F,1W9DL31001461C,1ZMLH8300204F0,1Z6PH74DAP0QN7,"Corona, CA",728.3,5.7,137.7,8.547347,2.013246,0,0,DJI Matrice 300 RTK,M300 RTK,1ZN7L4R0H1D00F,1W9DL31001461C,1ZMLH8300204F0,1Z6PH74DAP0QN7,DJI Pilot,Android,7.0.2,1EF72A62-B7C3-C88D-164E-CE6F8C8424AE,1ZN7L4R0H1D00F,1W9DL31001461C,,1ZMLH8300204F0,1W9DL31001461C,,,,,
2023-11-01,11:27:53.14 AM,3m 30.8s,210.8,33.8014489273323,-117.4698701483347,125.0,125.0,18.0,1389,1506.5,4.73999,6.085134,1.565858,2.23694,-4.47388,1.342164,-0.223694,0,3.4,0.5,3.4,-68.9,291.1,289.8,Tripod,Other,,23,5,True,,True,False,,Smart,RC,False,True,False,,,True,,False,False,False,False,False,False,False,False,False,False,0,Follow Yaw,-77.9,0,-77.2,282.8,False,False,False,False,False,,0,0,False,False,No Card,100,100,1024,1289,1222,1024,2,False,False,False,False,False,0,False,False,False,False,88,,47.568,,8888,,10044,,47.568,,True,3.96,3.96,3.96,3.96,3.96,3.96,3.96,3.96,3.96,3.96,3.96,3.96,0,,False,False,True,,,,,,,,,,,,,,,False,False,18.442,,89.2,,75.7,,89.2,,1683,53,12,17,8,141143.1,18819.08,,Idle,,20,,10,,,20,Go Home,False,False,False,False,False,False,False,False,False,False,False,False,33.8027920380556,-117.4659261431046,1292.1,2972.0,1049.4,396.9,True,1,1,False,False,False,False,,True,False,False,Course Lock,196.8,67,16.4,93,E,S,11.18,11.18,Calm,False,False,Android,7.0.2,M300 RTK,1ZN7L4R0H1D00F,1W9DL31001461C,1ZMLH8300204F0,1Z6PH74DAP0QN7,"Corona, CA",728.3,5.7,137.7,8.547347,2.013246,0,0,DJI Matrice 300 RTK,M300 RTK,1ZN7L4R0H1D00F,1W9DL31001461C,1ZMLH8300204F0,1Z6PH74DAP0QN7,DJI Pilot,Android,7.0.2,1EF72A62-B7C3-C88D-164E-CE6F8C8424AE,1ZN7L4R0H1D00F,1W9DL31001461C,,1ZMLH8300204F0,1W9DL31001461C,,,,,
2023-11-01,11:27:53.24 AM,3m 30.9s,210.9,33.8014496641916,-117.4698725890038,125.0,125.0,18.0,1389,1507.2,4.73999,6.085134,1.565858,2.23694,-4.47388,1.342164,-0.223694,0,3.2,0.7,3.2,-69,291,289.9,Tripod,Other,,23,5,True,,True,False,,Smart,RC,False,True,False,,,True,,False,False,False,False,False,False,False,False,False,False,0,Follow Yaw,-77.9,0,-77.2,282.8,False,False,False,False,False,,0,0,False,False,No Card,100,100,1024,1295,1219,1024,2,False,False,False,False,False,0,False,False,False,False,88,,47.568,,8888,,10044,,47.568,,True,3.96,3.96,3.96,3.96,3.96,3.96,3.96,3.96,3.96,3.96,3.96,3.96,0,,False,False,True,,,,,,,,,,,,,,,False,False,18.442,,89.2,,75.7,,89.2,,1683,53,12,17,8,141143.1,18819.08,,Idle,,20,,10,,,20,Go Home,False,False,False,False,False,False,False,False,False,False,False,False,33.8027920380556,-117.4659261431046,1292.7,2972.0,1049.4,396.9,True,1,1,False,False,False,False,,True,False,False,Course Lock,196.8,67,16.4,93,E,S,11.18,11.18,Calm,False,False,Android,7.0.2,M300 RTK,1ZN7L4R0H1D00F,1W9DL31001461C,1ZMLH8300204F0,1Z6PH74DAP0QN7,"Corona, CA",728.3,5.7,137.7,8.547347,2.013246,0,0,DJI Matrice 300 RTK,M300 RTK,1ZN7L4R0H1D00F,1W9DL31001461C,1ZMLH8300204F0,1Z6PH74DAP0QN7,DJI Pilot,Android,7.0.2,1EF72A62-B7C3-C88D-164E-CE6F8C8424AE,1ZN7L4R0H1D00F,1W9DL31001461C,,1ZMLH8300204F0,1W9DL31001461C,,,,,
2023-11-01,11:27:53.34 AM,3m 31.0s,211.0,33.801450365414,-117.4698748911298,125.0,125.0,18.0,1389,1508.0,4.73999,6.085134,1.565858,2.23694,-4.47388,1.342164,-0.223694,0,3.2,0.8,3.2,-69.1,290.9,290.1,Tripod,Other,,23,5,True,,True,False,,Smart,RC,False,True,False,,,True,,False,False,False,False,False,False,False,False,False,False,0,Follow Yaw,-77.9,0,-77.2,282.8,False,False,False,False,False,,0,0,False,False,No Card,100,100,1024,1300,1215,1024,2,False,False,False,False,False,0,False,False,False,False,89,,47.52,,4437,,4986,,47.52,,True,3.96,3.96,3.96,3.96,3.96,3.96,3.96,3.96,3.96,3.96,3.96,3.96,0,,False,False,True,,,,,,,,,,,,,,,False,False,9.676,,88.7,,75.7,,89.2,,1683,53,12,17,8,141143.1,18819.08,,Idle,,20,,10,,,20,Go Home,False,False,False,False,False,False,False,False,False,False,False,False,33.8027920380556,-117.4659261431046,1293.2,2972.0,1049.4,396.9,True,1,1,False,False,False,False,,True,False,False,Course Lock,196.8,67,16.4,93,E,S,11.18,11.18,Calm,False,False,Android,7.0.2,M300 RTK,1ZN7L4R0H1D00F,1W9DL31001461C,1ZMLH8300204F0,1Z6PH74DAP0QN7,"Corona, CA",728.3,5.7,137.7,8.547347,2.013246,0,0,DJI Matrice 300 RTK,M300 RTK,1ZN7L4R0H1D00F,1W9DL31001461C,1ZMLH8300204F0,1Z6PH74DAP0QN7,DJI Pilot,Android,7.0.2,1EF72A62-B7C3-C88D-164E-CE6F8C8424AE,1ZN7L4R0H1D00F,1W9DL31001461C,,1ZMLH8300204F0,1W9DL31001461C,,,,,
2023-11-01,11:27:53.44 AM,3m 31.1s,211.1,33.8014510759568,-117.4698771078293,125.3,125.3,18.0,1389,1508.7,4.73999,6.085134,1.565858,2.23694,-4.47388,1.342164,-0.223694,0,3.4,0.7,3.4,-69.2,290.8,291.0,Tripod,Other,,23,5,True,,True,False,,Smart,RC,False,True,False,,,True,,False,False,False,False,False,False,False,False,False,False,0,Follow Yaw,-77.9,0,-77.2,282.8,False,False,False,False,False,,0,0,False,False,No Card,100,100,1024,1300,1213,1024,2,False,False,False,False,False,0,False,False,False,False,89,,47.52,,4437,,4986,,47.52,,True,3.96,3.96,3.96,3.96,3.96,3.96,3.96,3.96,3.96,3.96,3.96,3.96,0,,False,False,True,,,,,,,,,,,,,,,False,False,9.676,,88.7,,75.7,,89.2,,1683,53,12,17,8,141143.1,18819.08,,Idle,,20,,10,,,20,Go Home,False,False,False,False,False,False,False,False,False,False,False,False,33.8027920380556,-117.4659261431046,1293.7,2972.0,1049.4,396.9,True,1,1,False,False,False,False,,True,False,False,Course Lock,196.8,67,16.4,93,E,S,11.18,11.18,Calm,False,False,Android,7.0.2,M300 RTK,1ZN7L4R0H1D00F,1W9DL31001461C,1ZMLH8300204F0,1Z6PH74DAP0QN7,"Corona, CA",728.3,5.7,137.7,8.547347,2.013246,0,0,DJI Matrice 300 RTK,M300 RTK,1ZN7L4R0H1D00F,1W9DL31001461C,1ZMLH8300204F0,1Z6PH74DAP0QN7,DJI Pilot,Android,7.0.2,1EF72A62-B7C3-C88D-164E-CE6F8C8424AE,1ZN7L4R0H1D00F,1W9DL31001461C,,1ZMLH8300204F0,1W9DL31001461C,,,,,
2023-11-01,11:27:53.54 AM,3m 31.2s,211.2,33.801451791434,-117.4698793845471,125.3,125.3,17.7,1389,1509.4,4.818516,6.085134,1.789552,2.23694,-4.47388,1.342164,-0.223694,0,3.4,0.4,3.4,-69.3,290.7,290.7,Tripod,Other,,23,5,True,,True,False,,Smart,RC,False,True,False,,,True,,False,False,False,False,False,False,False,False,False,False,0,Follow Yaw,-77.9,0,-77.2,282.8,False,False,False,False,False,,0,0,False,False,No Card,100,100,1024,1290,1218,1024,2,False,False,False,False,False,0,False,False,False,False,89,,47.52,,4437,,4986,,47.52,,True,3.96,3.96,3.96,3.96,3.96,3.96,3.96,3.96,3.96,3.96,3.96,3.96,0,,False,False,True,,,,,,,,,,,,,,,False,False,9.676,,88.7,,75.7,,89.2,,1683,53,12,17,8,141143.1,18819.08,,Idle,,20,,10,,,20,Go Home,False,False,False,False,False,False,False,False,False,False,False,False,33.8027920380556,-117.4659261431046,1294.3,2972.0,1049.4,396.9,True,1,1,False,False,False,False,,True,False,False,Course Lock,196.8,67,16.4,93,E,S,11.18,11.18,Calm,False,False,Android,7.0.2,M300 RTK,1ZN7L4R0H1D00F,1W9DL31001461C,1ZMLH8300204F0,1Z6PH74DAP0QN7,"Corona, CA",728.3,5.7,137.7,8.547347,2.013246,0,0,DJI Matrice 300 RTK,M300 RTK,1ZN7L4R0H1D00F,1W9DL31001461C,1ZMLH8300204F0,1Z6PH74DAP0QN7,DJI Pilot,Android,7.0.2,1EF72A62-B7C3-C88D-164E-CE6F8C8424AE,1ZN7L4R0H1D00F,1W9DL31001461C,,1ZMLH8300204F0,1W9DL31001461C,,,,,
2023-11-01,11:27:53.64 AM,3m 31.3s,211.3,33.8014525288415,-117.4698816127833,125.3,125.3,18.0,1389,1510.2,4.818516,6.085134,1.789552,2.23694,-4.47388,1.342164,-0.223694,0,3.2,0,3.2,-69.3,290.7,291.7,Tripod,Other,,23,5,True,,True,False,,Smart,RC,False,True,False,,,True,,False,False,False,False,False,False,False,False,False,False,0,Follow Yaw,-77.9,0,-77.2,282.8,False,False,False,False,False,,0,0,False,False,No Card,100,100,1024,1286,1224,1024,2,False,False,False,False,False,0,False,False,False,False,89,,47.52,,4437,,4986,,47.52,,True,3.964,3.964,3.964,3.964,3.964,3.964,3.964,3.964,3.964,3.964,3.964,3.964,0,,False,False,True,,,,,,,,,,,,,,,False,False,9.676,,88.7,,75.7,,89.2,,1685,53,12,17,8,140969.2,18795.90,,Idle,,20,,10,,,20,Go Home,False,False,False,False,False,False,False,False,False,False,False,False,33.8027920380556,-117.4659261431046,1294.8,2972.0,1049.4,396.9,True,1,1,False,False,False,False,,True,False,False,Course Lock,196.8,67,16.4,93,E,S,11.18,11.18,Calm,False,False,Android,7.0.2,M300 RTK,1ZN7L4R0H1D00F,1W9DL31001461C,1ZMLH8300204F0,1Z6PH74DAP0QN7,"Corona, CA",728.3,5.7,137.7,8.547347,2.013246,0,0,DJI Matrice 300 RTK,M300 RTK,1ZN7L4R0H1D00F,1W9DL31001461C,1ZMLH8300204F0,1Z6PH74DAP0QN7,DJI Pilot,Android,7.0.2,1EF72A62-B7C3-C88D-164E-CE6F8C8424AE,1ZN7L4R0H1D00F,1W9DL31001461C,,1ZMLH8300204F0,1W9DL31001461C,,,,,
2023-11-01,11:27:53.74 AM,3m 31.4s,211.4,33.8014532410291,-117.4698838690581,125.3,125.3,17.7,1389,1510.9,4.73999,6.085134,1.565858,2.23694,-4.47388,1.342164,-0.223694,0,2.9,0,2.9,-69.3,290.7,290.7,Tripod,Other,,23,5,True,,True,False,,Smart,RC,False,True,False,,,True,,False,False,False,False,False,False,False,False,False,False,0,Follow Yaw,-77.9,0,-77.2,282.8,False,False,False,False,False,,0,0,False,False,No Card,100,100,1024,1293,1220,1024,2,False,False,False,False,False,0,False,False,False,False,89,,47.52,,4437,,4986,,47.52,,True,3.964,3.964,3.964,3.964,3.964,3.964,3.964,3.964,3.964,3.964,3.964,3.964,0,,False,False,True,,,,,,,,,,,,,,,False,False,9.676,,88.7,,75.7,,89.2,,1685,53,12,17,8,140969.2,18795.90,,Idle,,20,,10,,,20,Go Home,False,False,False,False,False,False,False,False,False,False,False,False,33.8027920380556,-117.4659261431046,1295.3,2972.0,1049.4,396.9,True,1,1,False,False,False,False,,True,False,False,Course Lock,196.8,67,16.4,93,E,S,11.18,11.18,Calm,False,False,Android,7.0.2,M300 RTK,1ZN7L4R0H1D00F,1W9DL31001461C,1ZMLH8300204F0,1Z6PH74DAP0QN7,"Corona, CA",728.3,5.7,137.7,8.547347,2.013246,0,0,DJI Matrice 300 RTK,M300 RTK,1ZN7L4R0H1D00F,1W9DL31001461C,1ZMLH8300204F0,1Z6PH74DAP0QN7,DJI Pilot,Android,7.0.2,1EF72A62-B7C3-C88D-164E-CE6F8C8424AE,1ZN7L4R0H1D00F,1W9DL31001461C,,1ZMLH8300204F0,1W9DL31001461C,,,,,
2023-11-01,11:27:53.82 AM,3m 31.5s,211.5,33.8014540732853,-117.469886142156,125.3,125.3,17.7,1389,1511.7,4.73999,6.085134,1.565858,2.23694,-4.47388,1.342164,-0.223694,0,2.9,0.1,2.9,-69.2,290.8,293.7,Tripod,Other,,23,5,True,,True,False,,Smart,RC,False,True,False,,,True,,False,False,False,False,False,False,False,False,False,False,0,Follow Yaw,-77.9,0,-77.2,282.8,False,False,False,False,False,,0,0,False,False,No Card,100,100,1024,1292,1219,1024,2,False,False,False,False,False,0,False,False,False,False,89,,47.52,,4437,,4986,,47.52,,True,3.964,3.964,3.964,3.964,3.964,3.964,3.964,3.964,3.964,3.964,3.964,3.964,0,,False,False,True,,,,,,,,,,,,,,,False,False,9.676,,88.7,,75.7,,89.2,,1685,53,12,17,8,140969.2,18795.90,,Idle,,20,,10,,,20,Go Home,False,False,False,False,False,False,False,False,False,False,False,False,33.8027920380556,-117.4659261431046,1295.8,2972.0,1049.4,396.9,True,1,1,False,False,False,False,,True,False,False,Course Lock,196.8,67,16.4,93,E,S,11.18,11.18,Calm,False,False,Android,7.0.2,M300 RTK,1ZN7L4R0H1D00F,1W9DL31001461C,1ZMLH8300204F0,1Z6PH74DAP0QN7,"Corona, CA",728.3,5.7,137.7,8.547347,2.013246,0,0,DJI Matrice 300 RTK,M300 RTK,1ZN7L4R0H1D00F,1W9DL31001461C,1ZMLH8300204F0,1Z6PH74DAP0QN7,DJI Pilot,Android,7.0.2,1EF72A62-B7C3-C88D-164E-CE6F8C8424AE,1ZN7L4R0H1D00F,1W9DL31001461C,,1ZMLH8300204F0,1W9DL31001461C,,,,,
2023-11-01,11:27:53.94 AM,3m 31.6s,211.6,33.8014547871177,-117.4698884030488,125.3,125.3,17.7,1389,1512.4,4.73999,6.085134,1.565858,2.23694,-4.47388,1.342164,-0.223694,0,3,0.3,3,-69.2,290.8,290.8,Tripod,Other,,23,5,True,,True,False,,Smart,RC,False,True,False,,,True,,False,False,False,False,False,False,False,False,False,False,0,Follow Yaw,-77.9,0,-77.2,282.8,False,False,False,False,False,,0,0,False,False,No Card,100,100,1024,1292,1220,1024,2,False,False,False,False,False,0,False,False,False,False,89,,47.52,,4437,,4986,,47.52,,True,3.964,3.964,3.964,3.964,3.964,3.964,3.964,3.964,3.964,3.964,3.964,3.964,0,,False,False,True,,,,,,,,,,,,,,,False,False,9.676,,88.7,,75.7,,89.2,,1685,53,12,17,8,140969.2,18795.90,,Idle,,20,,10,,,20,Go Home,False,False,False,False,False,False,False,False,False,False,False,False,33.8027920380556,-117.4659261431046,1296.4,2972.0,1049.4,396.9,True,1,1,False,False,False,False,,True,False,False,Course Lock,196.8,67,16.4,93,E,S,11.18,11.18,Calm,False,False,Android,7.0.2,M300 RTK,1ZN7L4R0H1D00F,1W9DL31001461C,1ZMLH8300204F0,1Z6PH74DAP0QN7,"Corona, CA",728.3,5.7,137.7,8.547347,2.013246,0,0,DJI Matrice 300 RTK,M300 RTK,1ZN7L4R0H1D00F,1W9DL31001461C,1ZMLH8300204F0,1Z6PH74DAP0QN7,DJI Pilot,Android,7.0.2,1EF72A62-B7C3-C88D-164E-CE6F8C8424AE,1ZN7L4R0H1D00F,1W9DL31001461C,,1ZMLH8300204F0,1W9DL31001461C,,,,,
2023-11-01,11:27:54.02 AM,3m 31.7s,211.7,33.8014551917324,-117.4698905798262,125.6,125.6,17.7,1389,1513.1,4.73999,6.085134,1.565858,2.23694,-4.47388,1.342164,-0.223694,0,3.1,0.5,3.1,-69.3,290.7,282.6,Tripod,Other,,23,5,True,,True,False,,Smart,RC,False,True,False,,,True,,False,False,False,False,False,False,False,False,False,False,0,Follow Yaw,-77.9,0,-77.2,282.8,False,False,False,False,False,,0,0,False,False,No Card,100,100,1024,1289,1220,1024,2,False,False,False,False,False,0,False,False,False,False,89,,47.52,,4437,,4986,,47.52,,True,3.964,3.964,3.964,3.964,3.964,3.964,3.964,3.964,3.964,3.964,3.964,3.964,0,,False,False,True,,,,,,,,,,,,,,,False,False,9.676,,88.7,,75.7,,89.2,,1685,53,12,17,8,140969.2,18795.90,,Idle,,20,,10,,,20,Go Home,False,False,False,False,False,False,False,False,False,False,False,False,33.8027920380556,-117.4659261431046,1296.9,2972.0,1049.4,396.9,True,1,1,False,False,False,False,,True,False,False,Course Lock,196.8,67,16.4,93,E,S,11.18,11.18,Calm,False,False,Android,7.0.2,M300 RTK,1ZN7L4R0H1D00F,1W9DL31001461C,1ZMLH8300204F0,1Z6PH74DAP0QN7,"Corona, CA",728.3,5.7,137.7,8.547347,2.013246,0,0,DJI Matrice 300 RTK,M300 RTK,1ZN7L4R0H1D00F,1W9DL31001461C,1ZMLH8300204F0,1Z6PH74DAP0QN7,DJI Pilot,Android,7.0.2,1EF72A62-B7C3-C88D-164E-CE6F8C8424AE,1ZN7L4R0H1D00F,1W9DL31001461C,,1ZMLH8300204F0,1W9DL31001461C,,,,,
2023-11-01,11:27:54.12 AM,3m 31.8s,211.8,33.8014558830862,-117.4698928268647,125.6,125.6,17.7,1389,1513.8,4.73999,6.085134,1.565858,2.23694,-4.47388,1.342164,-0.223694,0,3.2,0.7,3.2,-69.3,290.7,290.3,Tripod,Other,,23,5,True,,True,False,,Smart,RC,False,True,False,,,True,,False,False,False,False,False,False,False,False,False,False,0,Follow Yaw,-77.9,0,-77.2,282.8,False,False,False,False,False,,0,0,False,False,No Card,100,100,1024,1287,1220,1024,2,False,False,False,False,False,0,False,False,False,False,89,,47.52,,4437,,4986,,47.52,,True,3.964,3.964,3.964,3.964,3.964,3.964,3.964,3.964,3.964,3.964,3.964,3.964,0,,False,False,True,,,,,,,,,,,,,,,False,False,9.676,,88.7,,75.7,,89.2,,1685,53,12,17,8,140969.2,18795.90,,Idle,,20,,10,,,20,Go Home,False,False,False,False,False,False,False,False,False,False,False,False,33.8027920380556,-117.4659261431046,1297.5,2972.0,1049.4,396.9,True,1,1,False,False,False,False,,True,False,False,Course Lock,196.8,67,16.4,93,E,S,11.18,11.18,Calm,False,False,Android,7.0.2,M300 RTK,1ZN7L4R0H1D00F,1W9DL31001461C,1ZMLH8300204F0,1Z6PH74DAP0QN7,"Corona, CA",728.3,5.7,137.7,8.547347,2.013246,0,0,DJI Matrice 300 RTK,M300 RTK,1ZN7L4R0H1D00F,1W9DL31001461C,1ZMLH8300204F0,1Z6PH74DAP0QN7,DJI Pilot,Android,7.0.2,1EF72A62-B7C3-C88D-164E-CE6F8C8424AE,1ZN7L4R0H1D00F,1W9DL31001461C,,1ZMLH8300204F0,1W9DL31001461C,,,,,
2023-11-01,11:27:54.24 AM,3m 31.9s,211.9,33.8014566380379,-117.4698951019418,125.6,125.6,18.0,1389,1514.5,4.818516,6.085134,1.789552,2.23694,-4.47388,1.342164,-0.223694,0,3.2,0.9,3.3,-69.3,290.7,291.7,Tripod,Other,,23,5,True,,True,False,,Smart,RC,False,True,False,,,True,,False,False,False,False,False,False,False,False,False,False,0,Follow Yaw,-77.9,0,-77.2,282.8,False,False,False,False,False,,0,0,False,False,No Card,100,100,1024,1284,1224,1024,2,False,False,False,False,False,0,False,False,False,False,89,,47.52,,4437,,4986,,47.52,,True,3.964,3.964,3.964,3.964,3.964,3.964,3.964,3.964,3.964,3.964,3.964,3.964,0,,False,False,True,,,,,,,,,,,,,,,False,False,9.676,,88.7,,75.7,,89.2,,1685,53,12,17,8,140969.2,18795.90,,Idle,,20,,10,,,20,Go Home,False,False,False,False,False,False,False,False,False,False,False,False,33.8027920380556,-117.4659261431046,1298.0,2972.0,1049.4,396.9,True,1,1,False,False,False,False,,True,False,False,Course Lock,196.8,67,16.4,93,E,S,11.18,11.18,Calm,False,False,Android,7.0.2,M300 RTK,1ZN7L4R0H1D00F,1W9DL31001461C,1ZMLH8300204F0,1Z6PH74DAP0QN7,"Corona, CA",728.3,5.7,137.7,8.547347,2.013246,0,0,DJI Matrice 300 RTK,M300 RTK,1ZN7L4R0H1D00F,1W9DL31001461C,1ZMLH8300204F0,1Z6PH74DAP0QN7,DJI Pilot,Android,7.0.2,1EF72A62-B7C3-C88D-164E-CE6F8C8424AE,1ZN7L4R0H1D00F,1W9DL31001461C,,1ZMLH8300204F0,1W9DL31001461C,,,,,
2023-11-01,11:27:54.34 AM,3m 32.0s,212.0,33.8014573502255,-117.469897342383,125.6,125.6,18.0,1389,1515.3,4.818516,6.085134,1.789552,2.23694,-4.47388,1.342164,-0.223694,0,3.3,0.9,3.4,-69.3,290.7,290.9,Tripod,Other,,23,5,True,,True,False,,Smart,RC,False,True,False,,,True,,False,False,False,False,False,False,False,False,False,False,0,Follow Yaw,-77.9,0,-77.2,282.8,False,False,False,False,False,,0,0,False,False,No Card,100,100,1024,1285,1224,1024,2,False,False,False,False,False,0,False,False,False,False,88,,47.52,,8888,,10044,,47.52,,True,3.964,3.964,3.964,3.964,3.964,3.964,3.964,3.964,3.964,3.964,3.964,3.964,0,,False,False,True,,,,,,,,,,,,,,,False,False,19.52,,89.2,,75.7,,89.2,,1685,53,12,17,8,140969.2,18795.90,,Idle,,20,,10,,,20,Go Home,False,False,False,False,False,False,False,False,False,False,False,False,33.8027920380556,-117.4659261431046,1298.5,2972.0,1049.4,396.9,True,1,1,False,False,False,False,,True,False,False,Course Lock,196.8,67,16.4,93,E,S,11.18,11.18,Calm,False,False,Android,7.0.2,M300 RTK,1ZN7L4R0H1D00F,1W9DL31001461C,1ZMLH8300204F0,1Z6PH74DAP0QN7,"Corona, CA",728.3,5.7,137.7,8.547347,2.013246,0,0,DJI Matrice 300 RTK,M300 RTK,1ZN7L4R0H1D00F,1W9DL31001461C,1ZMLH8300204F0,1Z6PH74DAP0QN7,DJI Pilot,Android,7.0.2,1EF72A62-B7C3-C88D-164E-CE6F8C8424AE,1ZN7L4R0H1D00F,1W9DL31001461C,,1ZMLH8300204F0,1W9DL31001461C,,,,,
2023-11-01,11:27:54.44 AM,3m 32.1s,212.1,33.8014580898261,-117.4698997108118,125.6,125.6,18.0,1389,1516.0,4.818516,6.085134,1.789552,2.23694,-4.47388,1.342164,-0.223694,0,3.4,0.5,3.4,-69.2,290.8,290.5,Tripod,Other,,23,5,True,,True,False,,Smart,RC,False,True,False,,,True,,False,False,False,False,False,False,False,False,False,False,0,Follow Yaw,-77.9,0,-77.2,282.8,False,False,False,False,False,,0,0,False,False,No Card,100,100,1024,1289,1220,1024,2,False,False,False,False,False,0,False,False,False,False,88,,47.52,,8888,,10044,,47.52,,True,3.964,3.964,3.964,3.964,3.964,3.964,3.964,3.964,3.964,3.964,3.964,3.964,0,,False,False,True,,,,,,,,,,,,,,,False,False,19.52,,89.2,,75.7,,89.2,,1685,53,12,17,8,140969.2,18795.90,,Idle,,20,,10,,,20,Go Home,False,False,False,False,False,False,False,False,False,False,False,False,33.8027920380556,-117.4659261431046,1299.1,2972.0,1049.4,396.9,True,1,1,False,False,False,False,,True,False,False,Course Lock,196.8,67,16.4,93,E,S,11.18,11.18,Calm,False,False,Android,7.0.2,M300 RTK,1ZN7L4R0H1D00F,1W9DL31001461C,1ZMLH8300204F0,1Z6PH74DAP0QN7,"Corona, CA",728.3,5.7,137.7,8.547347,2.013246,0,0,DJI Matrice 300 RTK,M300 RTK,1ZN7L4R0H1D00F,1W9DL31001461C,1ZMLH8300204F0,1Z6PH74DAP0QN7,DJI Pilot,Android,7.0.2,1EF72A62-B7C3-C88D-164E-CE6F8C8424AE,1ZN7L4R0H1D00F,1W9DL31001461C,,1ZMLH8300204F0,1W9DL31001461C,,,,,
2023-11-01,11:27:54.54 AM,3m 32.2s,212.2,33.8014588135271,-117.4699019502634,125.6,125.6,18.0,1389,1516.8,4.818516,6.085134,1.789552,2.23694,-4.47388,1.342164,-0.223694,0,3.4,0.1,3.4,-69.1,290.9,291.2,Tripod,Other,,23,5,True,,True,False,,Smart,RC,False,True,False,,,True,,False,False,False,False,False,False,False,False,False,False,0,Follow Yaw,-77.9,0,-77.2,282.8,False,False,False,False,False,,0,0,False,False,No Card,100,100,1024,1290,1219,1024,2,False,False,False,False,False,0,False,False,False,False,88,,47.52,,8888,,10044,,47.52,,True,3.964,3.964,3.964,3.964,3.964,3.964,3.964,3.964,3.964,3.964,3.964,3.964,0,,False,False,True,,,,,,,,,,,,,,,False,False,19.52,,89.2,,75.7,,89.2,,1685,53,12,17,8,140969.2,18795.90,,Idle,,20,,10,,,20,Go Home,False,False,False,False,False,False,False,False,False,False,False,False,33.8027920380556,-117.4659261431046,1299.6,2972.0,1049.4,396.9,True,1,1,False,False,False,False,,True,False,False,Course Lock,196.8,67,16.4,93,E,S,11.18,11.18,Calm,False,False,Android,7.0.2,M300 RTK,1ZN7L4R0H1D00F,1W9DL31001461C,1ZMLH8300204F0,1Z6PH74DAP0QN7,"Corona, CA",728.3,5.7,137.7,8.547347,2.013246,0,0,DJI Matrice 300 RTK,M300 RTK,1ZN7L4R0H1D00F,1W9DL31001461C,1ZMLH8300204F0,1Z6PH74DAP0QN7,DJI Pilot,Android,7.0.2,1EF72A62-B7C3-C88D-164E-CE6F8C8424AE,1ZN7L4R0H1D00F,1W9DL31001461C,,1ZMLH8300204F0,1W9DL31001461C,,,,,
2023-11-01,11:27:54.64 AM,3m 32.3s,212.3,33.8014595355834,-117.4699041478222,125.9,125.9,18.0,1390,1517.5,4.818516,6.085134,1.789552,2.23694,-4.47388,1.342164,-0.223694,0,3.4,-0.1,3.4,-69,291,291.5,Tripod,Other,,23,5,True,,True,False,,Smart,RC,False,True,False,,,True,,False,False,False,False,False,False,False,False,False,False,0,Follow Yaw,-77.9,0,-77.2,282.8,False,False,False,False,False,,0,0,False,False,No Card,100,100,1024,1289,1218,1024,2,False,False,False,False,False,0,False,False,False,False,88,,47.52,,8888,,10044,,47.52,,True,3.962,3.962,3.962,3.962,3.962,3.962,3.962,3.962,3.962,3.962,3.962,3.962,0,,False,False,True,,,,,,,,,,,,,,,False,False,19.52,,89.2,,75.7,,89.2,,1687,53,12,17,8,140996.0,18799.47,,Idle,,20,,10,,,20,Go Home,False,False,False,False,False,False,False,False,False,False,False,False,33.8027920380556,-117.4659261431046,1300.2,2972.0,1049.4,396.9,True,1,1,False,False,False,False,,True,False,False,Course Lock,196.8,67,16.4,93,E,S,11.18,11.18,Calm,False,False,Android,7.0.2,M300 RTK,1ZN7L4R0H1D00F,1W9DL31001461C,1ZMLH8300204F0,1Z6PH74DAP0QN7,"Corona, CA",728.3,5.7,137.7,8.547347,2.013246,0,0,DJI Matrice 300 RTK,M300 RTK,1ZN7L4R0H1D00F,1W9DL31001461C,1ZMLH8300204F0,1Z6PH74DAP0QN7,DJI Pilot,Android,7.0.2,1EF72A62-B7C3-C88D-164E-CE6F8C8424AE,1ZN7L4R0H1D00F,1W9DL31001461C,,1ZMLH8300204F0,1W9DL31001461C,,,,,
2023-11-01,11:27:54.74 AM,3m 32.4s,212.4,33.8014602455779,-117.4699063783676,125.9,125.9,18.0,1390,1518.2,4.818516,6.085134,1.789552,2.23694,-4.47388,1.342164,-0.223694,0,3.4,0,3.4,-68.9,291.1,290.9,Tripod,Other,,23,5,True,,True,False,,Smart,RC,False,True,False,,,True,,False,False,False,False,False,False,False,False,False,False,0,Follow Yaw,-77.9,0,-77.2,282.8,False,False,False,False,False,,0,0,False,False,No Card,100,100,1024,1289,1218,1024,2,False,False,False,False,False,0,False,False,False,False,88,,47.52,,8888,,10044,,47.52,,True,3.962,3.962,3.962,3.962,3.962,3.962,3.962,3.962,3.962,3.962,3.962,3.962,0,,False,False,True,,,,,,,,,,,,,,,False,False,19.52,,89.2,,75.7,,89.2,,1687,53,12,17,8,140996.0,18799.47,,Idle,,20,,10,,,20,Go Home,False,False,False,False,False,False,False,False,False,False,False,False,33.8027920380556,-117.4659261431046,1300.7,2972.0,1049.4,396.9,True,1,1,False,False,False,False,,True,False,False,Course Lock,196.8,67,16.4,93,E,S,11.18,11.18,Calm,False,False,Android,7.0.2,M300 RTK,1ZN7L4R0H1D00F,1W9DL31001461C,1ZMLH8300204F0,1Z6PH74DAP0QN7,"Corona, CA",728.3,5.7,137.7,8.547347,2.013246,0,0,DJI Matrice 300 RTK,M300 RTK,1ZN7L4R0H1D00F,1W9DL31001461C,1ZMLH8300204F0,1Z6PH74DAP0QN7,DJI Pilot,Android,7.0.2,1EF72A62-B7C3-C88D-164E-CE6F8C8424AE,1ZN7L4R0H1D00F,1W9DL31001461C,,1ZMLH8300204F0,1W9DL31001461C,,,,,
2023-11-01,11:27:54.85 AM,3m 32.5s,212.5,33.8014608985536,-117.4699086290346,125.9,125.9,18.0,1390,1518.9,4.73999,6.085134,1.565858,2.23694,-4.47388,1.342164,-0.223694,0,3.4,0,3.4,-68.9,291.1,289.2,Tripod,Other,,23,5,True,,True,False,,Smart,RC,False,True,False,,,True,,False,False,False,False,False,False,False,False,False,False,0,Follow Yaw,-77.9,0,-77.2,282.8,False,False,False,False,False,,0,0,False,False,No Card,100,100,1024,1287,1218,1024,2,False,False,False,False,False,0,False,False,False,False,88,,47.52,,8888,,10044,,47.52,,True,3.962,3.962,3.962,3.962,3.962,3.962,3.962,3.962,3.962,3.962,3.962,3.962,0,,False,False,True,,,,,,,,,,,,,,,False,False,19.52,,89.2,,75.7,,89.2,,1687,53,12,17,8,140996.0,18799.47,,Idle,,20,,10,,,20,Go Home,False,False,False,False,False,False,False,False,False,False,False,False,33.8027920380556,-117.4659261431046,1301.2,2972.0,1049.4,396.9,True,1,1,False,False,False,False,,True,False,False,Course Lock,196.8,67,16.4,93,E,S,11.18,11.18,Calm,False,False,Android,7.0.2,M300 RTK,1ZN7L4R0H1D00F,1W9DL31001461C,1ZMLH8300204F0,1Z6PH74DAP0QN7,"Corona, CA",728.3,5.7,137.7,8.547347,2.013246,0,0,DJI Matrice 300 RTK,M300 RTK,1ZN7L4R0H1D00F,1W9DL31001461C,1ZMLH8300204F0,1Z6PH74DAP0QN7,DJI Pilot,Android,7.0.2,1EF72A62-B7C3-C88D-164E-CE6F8C8424AE,1ZN7L4R0H1D00F,1W9DL31001461C,,1ZMLH8300204F0,1W9DL31001461C,,,,,
2023-11-01,11:27:54.95 AM,3m 32.6s,212.6,33.8014615871661,-117.4699108645279,125.9,125.9,18.0,1390,1519.6,4.73999,6.085134,1.565858,2.23694,-4.47388,1.342164,-0.223694,0,3.4,0.2,3.4,-68.9,291.1,290.3,Tripod,Other,,23,5,True,,True,False,,Smart,RC,False,True,False,,,True,,False,False,False,False,False,False,False,False,False,False,0,Follow Yaw,-77.9,0,-77.2,282.8,False,False,False,False,False,,0,0,False,False,No Card,100,100,1024,1291,1216,1024,2,False,False,False,False,False,0,False,False,False,False,88,,47.52,,8888,,10044,,47.52,,True,3.962,3.962,3.962,3.962,3.962,3.962,3.962,3.962,3.962,3.962,3.962,3.962,0,,False,False,True,,,,,,,,,,,,,,,False,False,19.52,,89.2,,75.7,,89.2,,1687,53,12,17,8,140996.0,18799.47,,Idle,,20,,10,,,20,Go Home,False,False,False,False,False,False,False,False,False,False,False,False,33.8027920380556,-117.4659261431046,1301.8,2972.0,1049.4,396.9,True,1,1,False,False,False,False,,True,False,False,Course Lock,196.8,67,16.4,93,E,S,11.18,11.18,Calm,False,False,Android,7.0.2,M300 RTK,1ZN7L4R0H1D00F,1W9DL31001461C,1ZMLH8300204F0,1Z6PH74DAP0QN7,"Corona, CA",728.3,5.7,137.7,8.547347,2.013246,0,0,DJI Matrice 300 RTK,M300 RTK,1ZN7L4R0H1D00F,1W9DL31001461C,1ZMLH8300204F0,1Z6PH74DAP0QN7,DJI Pilot,Android,7.0.2,1EF72A62-B7C3-C88D-164E-CE6F8C8424AE,1ZN7L4R0H1D00F,1W9DL31001461C,,1ZMLH8300204F0,1W9DL31001461C,,,,,
2023-11-01,11:27:55.04 AM,3m 32.7s,212.7,33.8014623229289,-117.4699128212855,125.9,125.9,18.0,1390,1520.3,4.73999,6.085134,1.565858,2.23694,-4.47388,1.342164,-0.223694,0,3.5,0.3,3.5,-68.9,291.1,294.3,Tripod,Other,,23,5,True,,True,False,,Smart,RC,False,True,False,,,True,,False,False,False,False,False,False,False,False,False,False,0,Follow Yaw,-77.9,0,-77.2,282.8,False,False,False,False,False,,0,0,False,False,No Card,100,100,1024,1291,1214,1024,2,False,False,False,False,False,0,False,False,False,False,89,,47.4,,4437,,4986,,47.4,,True,3.962,3.962,3.962,3.962,3.962,3.962,3.962,3.962,3.962,3.962,3.962,3.962,0,,False,False,True,,,,,,,,,,,,,,,False,False,9.432,,88.7,,75.7,,89.2,,1687,53,12,17,8,140996.0,18799.47,,Idle,,20,,10,,,20,Go Home,False,False,False,False,False,False,False,False,False,False,False,False,33.8027920380556,-117.4659261431046,1302.2,2972.0,1049.4,396.9,True,1,1,False,False,False,False,,True,False,False,Course Lock,196.8,67,16.4,93,E,S,11.18,11.18,Calm,False,False,Android,7.0.2,M300 RTK,1ZN7L4R0H1D00F,1W9DL31001461C,1ZMLH8300204F0,1Z6PH74DAP0QN7,"Corona, CA",728.3,5.7,137.7,8.547347,2.013246,0,0,DJI Matrice 300 RTK,M300 RTK,1ZN7L4R0H1D00F,1W9DL31001461C,1ZMLH8300204F0,1Z6PH74DAP0QN7,DJI Pilot,Android,7.0.2,1EF72A62-B7C3-C88D-164E-CE6F8C8424AE,1ZN7L4R0H1D00F,1W9DL31001461C,,1ZMLH8300204F0,1W9DL31001461C,,,,,
2023-11-01,11:27:55.15 AM,3m 32.8s,212.8,33.8014630027692,-117.4699150264312,125.9,125.9,18.0,1390,1521.0,4.73999,6.085134,1.565858,2.23694,-4.47388,1.342164,-0.223694,0,3.7,0.5,3.7,-68.9,291.1,290.3,Tripod,Other,,23,5,True,,True,False,,Smart,RC,False,True,False,,,True,,False,False,False,False,False,False,False,False,False,False,0,Follow Yaw,-77.9,0,-77.2,282.8,False,False,False,False,False,,0,0,False,False,No Card,100,100,1024,1288,1217,1024,2,False,False,False,False,False,0,False,False,False,False,89,,47.4,,4437,,4986,,47.4,,True,3.962,3.962,3.962,3.962,3.962,3.962,3.962,3.962,3.962,3.962,3.962,3.962,0,,False,False,True,,,,,,,,,,,,,,,False,False,9.432,,88.7,,75.7,,89.2,,1687,53,12,17,8,140996.0,18799.47,,Idle,,20,,10,,,20,Go Home,False,False,False,False,False,False,False,False,False,False,False,False,33.8027920380556,-117.4659261431046,1302.7,2972.0,1049.4,396.9,True,1,1,False,False,False,False,,True,False,False,Course Lock,196.8,67,16.4,93,E,S,11.18,11.18,Calm,False,False,Android,7.0.2,M300 RTK,1ZN7L4R0H1D00F,1W9DL31001461C,1ZMLH8300204F0,1Z6PH74DAP0QN7,"Corona, CA",728.3,5.7,137.7,8.547347,2.013246,0,0,DJI Matrice 300 RTK,M300 RTK,1ZN7L4R0H1D00F,1W9DL31001461C,1ZMLH8300204F0,1Z6PH74DAP0QN7,DJI Pilot,Android,7.0.2,1EF72A62-B7C3-C88D-164E-CE6F8C8424AE,1ZN7L4R0H1D00F,1W9DL31001461C,,1ZMLH8300204F0,1W9DL31001461C,,,,,
2023-11-01,11:27:55.26 AM,3m 32.9s,212.9,33.8014637253738,-117.4699175231773,125.9,125.9,18.0,1390,1521.8,4.73999,6.085134,1.565858,2.23694,-4.47388,1.342164,-0.223694,0,3.8,0.6,3.8,-69,291,289.2,Tripod,Other,,23,5,True,,True,False,,Smart,RC,False,True,False,,,True,,False,False,False,False,False,False,False,False,False,False,0,Follow Yaw,-77.9,0,-77.2,282.8,False,False,False,False,False,,0,0,False,False,No Card,100,100,1024,1282,1222,1024,2,False,False,False,False,False,0,False,False,False,False,89,,47.4,,4437,,4986,,47.4,,True,3.962,3.962,3.962,3.962,3.962,3.962,3.962,3.962,3.962,3.962,3.962,3.962,0,,False,False,True,,,,,,,,,,,,,,,False,False,9.432,,88.7,,75.7,,89.2,,1687,53,12,17,8,140996.0,18799.47,,Idle,,20,,10,,,20,Go Home,False,False,False,False,False,False,False,False,False,False,False,False,33.8027920380556,-117.4659261431046,1303.4,2972.0,1049.4,396.9,True,1,1,False,False,False,False,,True,False,False,Course Lock,196.8,67,16.4,93,E,S,11.18,11.18,Calm,False,False,Android,7.0.2,M300 RTK,1ZN7L4R0H1D00F,1W9DL31001461C,1ZMLH8300204F0,1Z6PH74DAP0QN7,"Corona, CA",728.3,5.7,137.7,8.547347,2.013246,0,0,DJI Matrice 300 RTK,M300 RTK,1ZN7L4R0H1D00F,1W9DL31001461C,1ZMLH8300204F0,1Z6PH74DAP0QN7,DJI Pilot,Android,7.0.2,1EF72A62-B7C3-C88D-164E-CE6F8C8424AE,1ZN7L4R0H1D00F,1W9DL31001461C,,1ZMLH8300204F0,1W9DL31001461C,,,,,
2023-11-01,11:27:55.36 AM,3m 33.0s,213.0,33.8014644046659,-117.469919730962,126.3,126.3,18.0,1390,1522.5,4.73999,6.085134,1.565858,2.23694,-4.47388,1.342164,-0.223694,0,3.7,0.5,3.7,-69,291,290.3,Tripod,Other,,23,5,True,,True,False,,Smart,RC,False,True,False,,,True,,False,False,False,False,False,False,False,False,False,False,0,Follow Yaw,-77.9,0,-77.2,282.8,False,False,False,False,False,,0,0,False,False,No Card,100,100,1024,1281,1227,1024,2,False,False,False,False,False,0,False,False,False,False,88,,47.46,,8888,,10044,,47.46,,True,3.962,3.962,3.962,3.962,3.962,3.962,3.962,3.962,3.962,3.962,3.962,3.962,0,,False,False,True,,,,,,,,,,,,,,,False,False,19.122,,89.2,,75.7,,89.2,,1687,53,12,17,8,140996.0,18799.47,,Idle,,20,,10,,,20,Go Home,False,False,False,False,False,False,False,False,False,False,False,False,33.8027920380556,-117.4659261431046,1303.9,2972.0,1049.4,396.9,True,1,1,False,False,False,False,,True,False,False,Course Lock,196.8,67,16.4,93,E,S,11.18,11.18,Calm,False,False,Android,7.0.2,M300 RTK,1ZN7L4R0H1D00F,1W9DL31001461C,1ZMLH8300204F0,1Z6PH74DAP0QN7,"Corona, CA",728.3,5.7,137.7,8.547347,2.013246,0,0,DJI Matrice 300 RTK,M300 RTK,1ZN7L4R0H1D00F,1W9DL31001461C,1ZMLH8300204F0,1Z6PH74DAP0QN7,DJI Pilot,Android,7.0.2,1EF72A62-B7C3-C88D-164E-CE6F8C8424AE,1ZN7L4R0H1D00F,1W9DL31001461C,,1ZMLH8300204F0,1W9DL31001461C,,,,,
2023-11-01,11:27:55.46 AM,3m 33.1s,213.1,33.8014649512794,-117.4699218153772,126.3,126.3,17.7,1390,1523.2,4.529458,6.085134,1.565858,2.23694,-4.250186,1.342164,-0.223694,0,3.5,0.2,3.5,-69,291,287.5,Tripod,Other,,23,5,True,,True,False,,Smart,RC,False,True,False,,,True,,False,False,False,False,False,False,False,False,False,False,0,Follow Yaw,-77.9,0,-77.2,282.8,False,False,False,False,False,,0,0,False,False,No Card,100,100,1024,1294,1218,1024,2,False,False,False,False,False,0,False,False,False,False,88,,47.46,,8888,,10044,,47.46,,True,3.962,3.962,3.962,3.962,3.962,3.962,3.962,3.962,3.962,3.962,3.962,3.962,0,,False,False,True,,,,,,,,,,,,,,,False,False,19.122,,89.2,,75.7,,89.2,,1687,53,12,17,8,140996.0,18799.47,,Idle,,20,,10,,,20,Go Home,False,False,False,False,False,False,False,False,False,False,False,False,33.8027920380556,-117.4659261431046,1304.4,2972.0,1049.4,396.9,True,1,1,False,False,False,False,,True,False,False,Course Lock,196.8,67,16.4,93,E,S,11.18,11.18,Calm,False,False,Android,7.0.2,M300 RTK,1ZN7L4R0H1D00F,1W9DL31001461C,1ZMLH8300204F0,1Z6PH74DAP0QN7,"Corona, CA",728.3,5.7,137.7,8.547347,2.013246,0,0,DJI Matrice 300 RTK,M300 RTK,1ZN7L4R0H1D00F,1W9DL31001461C,1ZMLH8300204F0,1Z6PH74DAP0QN7,DJI Pilot,Android,7.0.2,1EF72A62-B7C3-C88D-164E-CE6F8C8424AE,1ZN7L4R0H1D00F,1W9DL31001461C,,1ZMLH8300204F0,1W9DL31001461C,,,,,
2023-11-01,11:27:55.56 AM,3m 33.2s,213.2,33.8014656190581,-117.4699239987518,126.3,126.3,17.7,1390,1523.9,4.529458,6.085134,1.565858,2.23694,-4.250186,1.342164,-0.223694,0,3.4,0,3.4,-68.9,291.1,290.2,Tripod,Other,,23,5,True,,True,False,,Smart,RC,False,True,False,,,True,,False,False,False,False,False,False,False,False,False,False,0,Follow Yaw,-77.9,0,-77.2,282.8,False,False,False,False,False,,0,0,False,False,No Card,100,100,1024,1294,1214,1024,2,False,False,False,False,False,0,False,False,False,False,88,,47.46,,8888,,10044,,47.46,,True,3.962,3.962,3.962,3.962,3.962,3.962,3.962,3.962,3.962,3.962,3.962,3.962,0,,False,False,True,,,,,,,,,,,,,,,False,False,19.122,,89.2,,75.7,,89.2,,1687,53,12,17,8,140996.0,18799.47,,Idle,,20,,10,,,20,Go Home,False,False,False,False,False,False,False,False,False,False,False,False,33.8027920380556,-117.4659261431046,1304.9,2972.0,1049.4,396.9,True,1,1,False,False,False,False,,True,False,False,Course Lock,196.8,67,16.4,93,E,S,11.18,11.18,Calm,False,False,Android,7.0.2,M300 RTK,1ZN7L4R0H1D00F,1W9DL31001461C,1ZMLH8300204F0,1Z6PH74DAP0QN7,"Corona, CA",728.3,5.7,137.7,8.547347,2.013246,0,0,DJI Matrice 300 RTK,M300 RTK,1ZN7L4R0H1D00F,1W9DL31001461C,1ZMLH8300204F0,1Z6PH74DAP0QN7,DJI Pilot,Android,7.0.2,1EF72A62-B7C3-C88D-164E-CE6F8C8424AE,1ZN7L4R0H1D00F,1W9DL31001461C,,1ZMLH8300204F0,1W9DL31001461C,,,,,
2023-11-01,11:27:55.67 AM,3m 33.3s,213.3,33.8014661947294,-117.4699262774574,126.3,126.3,18.0,1390,1524.6,4.529458,6.085134,1.565858,2.23694,-4.250186,1.342164,-0.223694,0,3.4,0,3.4,-68.9,291.1,286.9,Tripod,Other,,23,5,True,,True,False,,Smart,RC,False,True,False,,,True,,False,False,False,False,False,False,False,False,False,False,0,Follow Yaw,-77.9,0,-77.2,282.8,False,False,False,False,False,,0,0,False,False,No Card,100,100,1024,1292,1215,1024,2,False,False,False,False,False,0,False,False,False,False,88,,47.46,,8888,,10044,,47.46,,True,3.955,3.955,3.955,3.955,3.955,3.955,3.955,3.955,3.955,3.955,3.955,3.955,0,,False,False,True,,,,,,,,,,,,,,,False,False,19.122,,89.2,,75.7,,89.2,,1689,53,12,17,8,141319.5,18842.61,,Idle,,20,,10,,,20,Go Home,False,False,False,False,False,False,False,False,False,False,False,False,33.8027920380556,-117.4659261431046,1305.5,2972.0,1049.4,396.9,True,1,1,False,False,False,False,,True,False,False,Course Lock,196.8,67,16.4,93,E,S,11.18,11.18,Calm,False,False,Android,7.0.2,M300 RTK,1ZN7L4R0H1D00F,1W9DL31001461C,1ZMLH8300204F0,1Z6PH74DAP0QN7,"Corona, CA",728.3,5.7,137.7,8.547347,2.013246,0,0,DJI Matrice 300 RTK,M300 RTK,1ZN7L4R0H1D00F,1W9DL31001461C,1ZMLH8300204F0,1Z6PH74DAP0QN7,DJI Pilot,Android,7.0.2,1EF72A62-B7C3-C88D-164E-CE6F8C8424AE,1ZN7L4R0H1D00F,1W9DL31001461C,,1ZMLH8300204F0,1W9DL31001461C,,,,,
2023-11-01,11:27:55.77 AM,3m 33.4s,213.4,33.8014668312574,-117.4699284677592,126.3,126.3,17.7,1390,1525.3,4.529458,6.085134,1.565858,2.23694,-4.250186,1.342164,-0.223694,0,3.4,0.2,3.4,-68.9,291.1,289.2,Tripod,Other,,23,5,True,,True,False,,Smart,RC,False,True,False,,,True,,False,False,False,False,False,False,False,False,False,False,0,Follow Yaw,-77.9,0,-77.2,282.8,False,False,False,False,False,,0,0,False,False,No Card,100,100,1024,1283,1221,1024,2,False,False,False,False,False,0,False,False,False,False,88,,47.46,,8888,,10044,,47.46,,True,3.955,3.955,3.955,3.955,3.955,3.955,3.955,3.955,3.955,3.955,3.955,3.955,0,,False,False,True,,,,,,,,,,,,,,,False,False,19.122,,89.2,,75.7,,89.2,,1689,53,12,17,8,141319.5,18842.61,,Idle,,20,,10,,,20,Go Home,False,False,False,False,False,False,False,False,False,False,False,False,33.8027920380556,-117.4659261431046,1306.0,2972.0,1049.4,396.9,True,1,1,False,False,False,False,,True,False,False,Course Lock,196.8,67,16.4,93,E,S,11.18,11.18,Calm,False,False,Android,7.0.2,M300 RTK,1ZN7L4R0H1D00F,1W9DL31001461C,1ZMLH8300204F0,1Z6PH74DAP0QN7,"Corona, CA",728.3,5.7,137.7,8.547347,2.013246,0,0,DJI Matrice 300 RTK,M300 RTK,1ZN7L4R0H1D00F,1W9DL31001461C,1ZMLH8300204F0,1Z6PH74DAP0QN7,DJI Pilot,Android,7.0.2,1EF72A62-B7C3-C88D-164E-CE6F8C8424AE,1ZN7L4R0H1D00F,1W9DL31001461C,,1ZMLH8300204F0,1W9DL31001461C,,,,,
2023-11-01,11:27:55.87 AM,3m 33.5s,213.5,33.8014675823713,-117.4699304904897,126.3,126.3,18.0,1390,1526.0,4.529458,6.085134,1.565858,2.23694,-4.250186,1.342164,-0.223694,0,3.4,0.4,3.4,-68.9,291.1,294.0,Tripod,Other,,23,5,True,,True,False,,Smart,RC,False,True,False,,,True,,False,False,False,False,False,False,False,False,False,False,0,Follow Yaw,-77.9,0,-77.2,282.8,False,False,False,False,False,,0,0,False,False,No Card,100,100,1024,1287,1219,1024,2,False,False,False,False,False,0,False,False,False,False,88,,47.46,,8888,,10044,,47.46,,True,3.955,3.955,3.955,3.955,3.955,3.955,3.955,3.955,3.955,3.955,3.955,3.955,0,,False,False,True,,,,,,,,,,,,,,,False,False,19.122,,89.2,,75.7,,89.2,,1689,53,12,17,8,141319.5,18842.61,,Idle,,20,,10,,,20,Go Home,False,False,False,False,False,False,False,False,False,False,False,False,33.8027920380556,-117.4659261431046,1306.5,2972.0,1049.4,396.9,True,1,1,False,False,False,False,,True,False,False,Course Lock,196.8,67,16.4,93,E,S,11.18,11.18,Calm,False,False,Android,7.0.2,M300 RTK,1ZN7L4R0H1D00F,1W9DL31001461C,1ZMLH8300204F0,1Z6PH74DAP0QN7,"Corona, CA",728.3,5.7,137.7,8.547347,2.013246,0,0,DJI Matrice 300 RTK,M300 RTK,1ZN7L4R0H1D00F,1W9DL31001461C,1ZMLH8300204F0,1Z6PH74DAP0QN7,DJI Pilot,Android,7.0.2,1EF72A62-B7C3-C88D-164E-CE6F8C8424AE,1ZN7L4R0H1D00F,1W9DL31001461C,,1ZMLH8300204F0,1W9DL31001461C,,,,,
2023-11-01,11:27:55.98 AM,3m 33.6s,213.6,33.8014682188993,-117.4699326593503,126.6,126.6,18.0,1390,1526.7,4.529458,6.085134,1.565858,2.23694,-4.250186,1.342164,-0.223694,0,3.4,0.6,3.4,-68.9,291.1,289.4,Tripod,Other,,23,5,True,,True,False,,Smart,RC,False,True,False,,,True,,False,False,False,False,False,False,False,False,False,False,0,Follow Yaw,-77.9,0,-77.2,282.8,False,False,False,False,False,,0,0,False,False,No Card,100,100,1024,1287,1219,1024,2,False,False,False,False,False,0,False,False,False,False,88,,47.46,,8888,,10044,,47.46,,True,3.955,3.955,3.955,3.955,3.955,3.955,3.955,3.955,3.955,3.955,3.955,3.955,0,,False,False,True,,,,,,,,,,,,,,,False,False,19.122,,89.2,,75.7,,89.2,,1689,53,12,17,8,141319.5,18842.61,,Idle,,20,,10,,,20,Go Home,False,False,False,False,False,False,False,False,False,False,False,False,33.8027920380556,-117.4659261431046,1307.0,2972.0,1049.4,396.9,True,1,1,False,False,False,False,,True,False,False,Course Lock,196.8,67,16.4,93,E,S,11.18,11.18,Calm,False,False,Android,7.0.2,M300 RTK,1ZN7L4R0H1D00F,1W9DL31001461C,1ZMLH8300204F0,1Z6PH74DAP0QN7,"Corona, CA",728.3,5.7,137.7,8.547347,2.013246,0,0,DJI Matrice 300 RTK,M300 RTK,1ZN7L4R0H1D00F,1W9DL31001461C,1ZMLH8300204F0,1Z6PH74DAP0QN7,DJI Pilot,Android,7.0.2,1EF72A62-B7C3-C88D-164E-CE6F8C8424AE,1ZN7L4R0H1D00F,1W9DL31001461C,,1ZMLH8300204F0,1W9DL31001461C,,,,,
2023-11-01,11:27:56.04 AM,3m 33.7s,213.7,33.8014687649646,-117.4699345659684,126.6,126.6,17.7,1390,1527.3,4.529458,6.085134,1.565858,2.23694,-4.250186,1.342164,-0.223694,0,3.4,0.9,3.5,-68.9,291.1,289.0,Tripod,Other,,23,5,True,,True,False,,Smart,RC,False,True,False,,,True,,False,False,False,False,False,False,False,False,False,False,0,Follow Yaw,-77.9,0,-77.2,282.8,False,False,False,False,False,,0,0,False,False,No Card,100,100,1024,1287,1219,1024,2,False,False,False,False,False,0,False,False,False,False,88,,47.46,,8888,,10044,,47.46,,True,3.955,3.955,3.955,3.955,3.955,3.955,3.955,3.955,3.955,3.955,3.955,3.955,0,,False,False,True,,,,,,,,,,,,,,,False,False,19.122,,89.2,,75.7,,89.2,,1689,53,12,17,8,141319.5,18842.61,,Idle,,20,,10,,,20,Go Home,False,False,False,False,False,False,False,False,False,False,False,False,33.8027920380556,-117.4659261431046,1307.5,2972.0,1049.4,396.9,True,1,1,False,False,False,False,,True,False,False,Course Lock,196.8,67,16.4,93,E,S,11.18,11.18,Calm,False,False,Android,7.0.2,M300 RTK,1ZN7L4R0H1D00F,1W9DL31001461C,1ZMLH8300204F0,1Z6PH74DAP0QN7,"Corona, CA",728.3,5.7,137.7,8.547347,2.013246,0,0,DJI Matrice 300 RTK,M300 RTK,1ZN7L4R0H1D00F,1W9DL31001461C,1ZMLH8300204F0,1Z6PH74DAP0QN7,DJI Pilot,Android,7.0.2,1EF72A62-B7C3-C88D-164E-CE6F8C8424AE,1ZN7L4R0H1D00F,1W9DL31001461C,,1ZMLH8300204F0,1W9DL31001461C,,,,,
2023-11-01,11:27:56.14 AM,3m 33.8s,213.8,33.8014693932687,-117.4699366945855,126.6,126.6,18.0,1390,1528.0,4.529458,6.085134,1.565858,2.23694,-4.250186,1.342164,-0.223694,0,3.4,1.1,3.5,-69,291,289.5,Tripod,Other,,23,5,True,,True,False,,Smart,RC,False,True,False,,,True,,False,False,False,False,False,False,False,False,False,False,0,Follow Yaw,-77.9,0,-77.2,282.8,False,False,False,False,False,,0,0,False,False,No Card,100,100,1024,1287,1218,1024,2,False,False,False,False,False,0,False,False,False,False,88,,47.46,,8888,,10044,,47.46,,True,3.955,3.955,3.955,3.955,3.955,3.955,3.955,3.955,3.955,3.955,3.955,3.955,0,,False,False,True,,,,,,,,,,,,,,,False,False,19.122,,89.2,,75.7,,89.2,,1689,53,12,17,8,141319.5,18842.61,,Idle,,20,,10,,,20,Go Home,False,False,False,False,False,False,False,False,False,False,False,False,33.8027920380556,-117.4659261431046,1308.0,2972.0,1049.4,396.9,True,1,1,False,False,False,False,,True,False,False,Course Lock,196.8,67,16.4,93,E,S,11.18,11.18,Calm,False,False,Android,7.0.2,M300 RTK,1ZN7L4R0H1D00F,1W9DL31001461C,1ZMLH8300204F0,1Z6PH74DAP0QN7,"Corona, CA",728.3,5.7,137.7,8.547347,2.013246,0,0,DJI Matrice 300 RTK,M300 RTK,1ZN7L4R0H1D00F,1W9DL31001461C,1ZMLH8300204F0,1Z6PH74DAP0QN7,DJI Pilot,Android,7.0.2,1EF72A62-B7C3-C88D-164E-CE6F8C8424AE,1ZN7L4R0H1D00F,1W9DL31001461C,,1ZMLH8300204F0,1W9DL31001461C,,,,,
2023-11-01,11:27:56.24 AM,3m 33.9s,213.9,33.8014701240971,-117.4699389624055,126.6,126.6,18.0,1390,1528.7,4.529458,6.085134,1.565858,2.23694,-4.250186,1.342164,-0.223694,0,3.2,1,3.3,-69.1,290.9,291.1,Tripod,Other,,23,5,True,,True,False,,Smart,RC,False,True,False,,,True,,False,False,False,False,False,False,False,False,False,False,0,Follow Yaw,-77.9,0,-77.2,282.8,False,False,False,False,False,,0,0,False,False,No Card,100,100,1024,1287,1218,1024,2,False,False,False,False,False,0,False,False,False,False,88,,47.46,,8888,,10044,,47.46,,True,3.955,3.955,3.955,3.955,3.955,3.955,3.955,3.955,3.955,3.955,3.955,3.955,0,,False,False,True,,,,,,,,,,,,,,,False,False,19.122,,89.2,,75.7,,89.2,,1689,53,12,17,8,141319.5,18842.61,,Idle,,20,,10,,,20,Go Home,False,False,False,False,False,False,False,False,False,False,False,False,33.8027920380556,-117.4659261431046,1308.5,2972.0,1049.4,396.9,True,1,1,False,False,False,False,,True,False,False,Course Lock,196.8,67,16.4,93,E,S,11.18,11.18,Calm,False,False,Android,7.0.2,M300 RTK,1ZN7L4R0H1D00F,1W9DL31001461C,1ZMLH8300204F0,1Z6PH74DAP0QN7,"Corona, CA",728.3,5.7,137.7,8.547347,2.013246,0,0,DJI Matrice 300 RTK,M300 RTK,1ZN7L4R0H1D00F,1W9DL31001461C,1ZMLH8300204F0,1Z6PH74DAP0QN7,DJI Pilot,Android,7.0.2,1EF72A62-B7C3-C88D-164E-CE6F8C8424AE,1ZN7L4R0H1D00F,1W9DL31001461C,,1ZMLH8300204F0,1W9DL31001461C,,,,,
2023-11-01,11:27:56.34 AM,3m 34.0s,214.0,33.8014707781693,-117.4699410811267,126.6,126.6,18.0,1390,1529.4,4.529458,6.085134,1.565858,2.23694,-4.250186,1.342164,-0.223694,0,3.1,0.8,3.2,-69.1,290.9,290.3,Tripod,Other,,23,5,True,,True,False,,Smart,RC,False,True,False,,,True,,False,False,False,False,False,False,False,False,False,False,0,Follow Yaw,-77.9,0,-77.2,282.8,False,False,False,False,False,,0,0,False,False,No Card,100,100,1024,1282,1221,1024,2,False,False,False,False,False,0,False,False,False,False,88,,47.532,,8838,,10044,,47.532,,True,3.955,3.955,3.955,3.955,3.955,3.955,3.955,3.955,3.955,3.955,3.955,3.955,0,,False,False,True,,,,,,,,,,,,,,,False,False,18.654,,89.4,,75.7,,89.4,,1689,53,12,17,8,141319.5,18842.61,,Idle,,20,,10,,,20,Go Home,False,False,False,False,False,False,False,False,False,False,False,False,33.8027920380556,-117.4659261431046,1309.0,2972.0,1049.4,396.9,True,1,1,False,False,False,False,,True,False,False,Course Lock,196.8,67,16.4,93,E,S,11.18,11.18,Calm,False,False,Android,7.0.2,M300 RTK,1ZN7L4R0H1D00F,1W9DL31001461C,1ZMLH8300204F0,1Z6PH74DAP0QN7,"Corona, CA",728.3,5.7,137.7,8.547347,2.013246,0,0,DJI Matrice 300 RTK,M300 RTK,1ZN7L4R0H1D00F,1W9DL31001461C,1ZMLH8300204F0,1Z6PH74DAP0QN7,DJI Pilot,Android,7.0.2,1EF72A62-B7C3-C88D-164E-CE6F8C8424AE,1ZN7L4R0H1D00F,1W9DL31001461C,,1ZMLH8300204F0,1W9DL31001461C,,,,,
2023-11-01,11:27:56.44 AM,3m 34.1s,214.1,33.8014713280724,-117.4699431727989,126.6,126.6,17.7,1390,1530.1,4.529458,6.085134,1.565858,2.23694,-4.250186,1.342164,-0.223694,0,3.2,0.4,3.2,-69.1,290.9,287.5,Tripod,Other,,23,5,True,,True,False,,Smart,RC,False,True,False,,,True,,False,False,False,False,False,False,False,False,False,False,0,Follow Yaw,-77.9,0,-77.2,282.8,False,False,False,False,False,,0,0,False,False,No Card,100,100,1024,1279,1223,1024,2,False,False,False,False,False,0,False,False,False,False,88,,47.532,,8838,,10044,,47.532,,True,3.955,3.955,3.955,3.955,3.955,3.955,3.955,3.955,3.955,3.955,3.955,3.955,0,,False,False,True,,,,,,,,,,,,,,,False,False,18.654,,89.4,,75.7,,89.4,,1689,53,12,17,8,141319.5,18842.61,,Idle,,20,,10,,,20,Go Home,False,False,False,False,False,False,False,False,False,False,False,False,33.8027920380556,-117.4659261431046,1309.5,2972.0,1049.4,396.9,True,1,1,False,False,False,False,,True,False,False,Course Lock,196.8,67,16.4,93,E,S,11.18,11.18,Calm,False,False,Android,7.0.2,M300 RTK,1ZN7L4R0H1D00F,1W9DL31001461C,1ZMLH8300204F0,1Z6PH74DAP0QN7,"Corona, CA",728.3,5.7,137.7,8.547347,2.013246,0,0,DJI Matrice 300 RTK,M300 RTK,1ZN7L4R0H1D00F,1W9DL31001461C,1ZMLH8300204F0,1Z6PH74DAP0QN7,DJI Pilot,Android,7.0.2,1EF72A62-B7C3-C88D-164E-CE6F8C8424AE,1ZN7L4R0H1D00F,1W9DL31001461C,,1ZMLH8300204F0,1W9DL31001461C,,,,,
2023-11-01,11:27:56.54 AM,3m 34.2s,214.2,33.8014719887238,-117.4699452839332,126.6,126.6,18.0,1390,1530.8,4.529458,6.085134,1.565858,2.23694,-4.250186,1.342164,-0.223694,0,3.2,0.2,3.2,-69.1,290.9,290.6,Tripod,Other,,23,5,True,,True,False,,Smart,RC,False,True,False,,,True,,False,False,False,False,False,False,False,False,False,False,0,Follow Yaw,-77.9,0,-77.2,282.8,False,False,False,False,False,,0,0,False,False,No Card,100,100,1024,1284,1221,1024,2,False,False,False,False,False,0,False,False,False,False,88,,47.532,,8838,,10044,,47.532,,True,3.955,3.955,3.955,3.955,3.955,3.955,3.955,3.955,3.955,3.955,3.955,3.955,0,,False,False,True,,,,,,,,,,,,,,,False,False,18.654,,89.4,,75.7,,89.4,,1689,53,12,17,8,141319.5,18842.61,,Idle,,20,,10,,,20,Go Home,False,False,False,False,False,False,False,False,False,False,False,False,33.8027920380556,-117.4659261431046,1310.1,2972.0,1049.4,396.9,True,1,1,False,False,False,False,,True,False,False,Course Lock,196.8,67,16.4,93,E,S,11.18,11.18,Calm,False,False,Android,7.0.2,M300 RTK,1ZN7L4R0H1D00F,1W9DL31001461C,1ZMLH8300204F0,1Z6PH74DAP0QN7,"Corona, CA",728.3,5.7,137.7,8.547347,2.013246,0,0,DJI Matrice 300 RTK,M300 RTK,1ZN7L4R0H1D00F,1W9DL31001461C,1ZMLH8300204F0,1Z6PH74DAP0QN7,DJI Pilot,Android,7.0.2,1EF72A62-B7C3-C88D-164E-CE6F8C8424AE,1ZN7L4R0H1D00F,1W9DL31001461C,,1ZMLH8300204F0,1W9DL31001461C,,,,,
2023-11-01,11:27:56.64 AM,3m 34.3s,214.3,33.8014725983871,-117.4699469358958,126.9,126.9,18.0,1391,1531.3,4.529458,6.085134,1.565858,2.23694,-4.250186,1.342164,-0.223694,0,3.4,0.2,3.4,-69.1,290.9,293.9,Tripod,Other,,23,5,True,,True,False,,Smart,RC,False,True,False,,,True,,False,False,False,False,False,False,False,False,False,False,0,Follow Yaw,-77.9,0,-77.2,282.8,False,False,False,False,False,,0,0,False,False,No Card,100,100,1024,1286,1220,1024,2,False,False,False,False,False,0,False,False,False,False,88,,47.532,,8838,,10044,,47.532,,True,3.957,3.957,3.957,3.957,3.957,3.957,3.957,3.957,3.957,3.957,3.957,3.957,0,,False,False,True,,,,,,,,,,,,,,,False,False,18.654,,89.4,,75.7,,89.4,,1689,53,12,17,8,141684.8,18891.31,,Idle,,20,,10,,,20,Go Home,False,False,False,False,False,False,False,False,False,False,False,False,33.8027920380556,-117.4659261431046,1310.4,2972.0,1049.4,396.9,True,1,1,False,False,False,False,,True,False,False,Course Lock,196.8,67,16.4,93,E,S,11.18,11.18,Calm,False,False,Android,7.0.2,M300 RTK,1ZN7L4R0H1D00F,1W9DL31001461C,1ZMLH8300204F0,1Z6PH74DAP0QN7,"Corona, CA",728.3,5.7,137.7,8.547347,2.013246,0,0,DJI Matrice 300 RTK,M300 RTK,1ZN7L4R0H1D00F,1W9DL31001461C,1ZMLH8300204F0,1Z6PH74DAP0QN7,DJI Pilot,Android,7.0.2,1EF72A62-B7C3-C88D-164E-CE6F8C8424AE,1ZN7L4R0H1D00F,1W9DL31001461C,,1ZMLH8300204F0,1W9DL31001461C,,,,,
2023-11-01,11:27:56.74 AM,3m 34.4s,214.4,33.801473264521,-117.4699489988698,126.9,126.9,18.0,1391,1532.0,4.529458,6.085134,1.565858,2.23694,-4.250186,1.342164,-0.223694,0,3.5,0.3,3.5,-69.1,290.9,291.2,Tripod,Other,,23,5,True,,True,False,,Smart,RC,False,True,False,,,True,,False,False,False,False,False,False,False,False,False,False,0,Follow Yaw,-77.9,0,-77.2,282.8,False,False,False,False,False,,0,0,False,False,No Card,100,100,1024,1285,1219,1024,2,False,False,False,False,False,0,False,False,False,False,88,,47.532,,8838,,10044,,47.532,,True,3.957,3.957,3.957,3.957,3.957,3.957,3.957,3.957,3.957,3.957,3.957,3.957,0,,False,False,True,,,,,,,,,,,,,,,False,False,18.654,,89.4,,75.7,,89.4,,1689,53,12,17,8,141684.8,18891.31,,Idle,,20,,10,,,20,Go Home,False,False,False,False,False,False,False,False,False,False,False,False,33.8027920380556,-117.4659261431046,1310.9,2972.0,1049.4,396.9,True,1,1,False,False,False,False,,True,False,False,Course Lock,196.8,67,16.4,93,E,S,11.18,11.18,Calm,False,False,Android,7.0.2,M300 RTK,1ZN7L4R0H1D00F,1W9DL31001461C,1ZMLH8300204F0,1Z6PH74DAP0QN7,"Corona, CA",728.3,5.7,137.7,8.547347,2.013246,0,0,DJI Matrice 300 RTK,M300 RTK,1ZN7L4R0H1D00F,1W9DL31001461C,1ZMLH8300204F0,1Z6PH74DAP0QN7,DJI Pilot,Android,7.0.2,1EF72A62-B7C3-C88D-164E-CE6F8C8424AE,1ZN7L4R0H1D00F,1W9DL31001461C,,1ZMLH8300204F0,1W9DL31001461C,,,,,
2023-11-01,11:27:56.80 AM,3m 34.5s,214.5,33.8014741466687,-117.4699512785649,126.9,126.9,18.0,1391,1532.7,4.529458,6.085134,1.565858,2.23694,-4.250186,1.342164,-0.223694,0,3.6,0.3,3.6,-69,291,294.9,Tripod,Other,,23,5,True,,True,False,,Smart,RC,False,True,False,,,True,,False,False,False,False,False,False,False,False,False,False,0,Follow Yaw,-77.9,0,-77.2,282.8,False,False,False,False,False,,0,0,False,False,No Card,100,100,1024,1282,1221,1024,2,False,False,False,False,False,0,False,False,False,False,88,,47.532,,8838,,10044,,47.532,,True,3.957,3.957,3.957,3.957,3.957,3.957,3.957,3.957,3.957,3.957,3.957,3.957,0,,False,False,True,,,,,,,,,,,,,,,False,False,18.654,,89.4,,75.7,,89.4,,1689,53,12,17,8,141684.8,18891.31,,Idle,,20,,10,,,20,Go Home,False,False,False,False,False,False,False,False,False,False,False,False,33.8027920380556,-117.4659261431046,1311.5,2972.0,1049.4,396.9,True,1,1,False,False,False,False,,True,False,False,Course Lock,196.8,67,16.4,93,E,S,11.18,11.18,Calm,False,False,Android,7.0.2,M300 RTK,1ZN7L4R0H1D00F,1W9DL31001461C,1ZMLH8300204F0,1Z6PH74DAP0QN7,"Corona, CA",728.3,5.7,137.7,8.547347,2.013246,0,0,DJI Matrice 300 RTK,M300 RTK,1ZN7L4R0H1D00F,1W9DL31001461C,1ZMLH8300204F0,1Z6PH74DAP0QN7,DJI Pilot,Android,7.0.2,1EF72A62-B7C3-C88D-164E-CE6F8C8424AE,1ZN7L4R0H1D00F,1W9DL31001461C,,1ZMLH8300204F0,1W9DL31001461C,,,,,
2023-11-01,11:27:56.94 AM,3m 34.6s,214.6,33.8014748380225,-117.4699533402195,126.9,126.9,18.3,1391,1533.4,4.529458,6.085134,1.565858,2.23694,-4.250186,1.342164,-0.223694,0,3.5,0.3,3.5,-69,291,291.9,Tripod,Other,,23,5,True,,True,False,,Smart,RC,False,True,False,,,True,,False,False,False,False,False,False,False,False,False,False,0,Follow Yaw,-77.9,0,-77.2,282.8,False,False,False,False,False,,0,0,False,False,No Card,100,100,1024,1274,1227,1024,2,False,False,False,False,False,0,False,False,False,False,88,,47.532,,8838,,10044,,47.532,,True,3.957,3.957,3.957,3.957,3.957,3.957,3.957,3.957,3.957,3.957,3.957,3.957,0,,False,False,True,,,,,,,,,,,,,,,False,False,18.654,,89.4,,75.7,,89.4,,1689,53,12,17,8,141684.8,18891.31,,Idle,,20,,10,,,20,Go Home,False,False,False,False,False,False,False,False,False,False,False,False,33.8027920380556,-117.4659261431046,1311.9,2972.0,1049.4,396.9,True,1,1,False,False,False,False,,True,False,False,Course Lock,196.8,67,16.4,93,E,S,11.18,11.18,Calm,False,False,Android,7.0.2,M300 RTK,1ZN7L4R0H1D00F,1W9DL31001461C,1ZMLH8300204F0,1Z6PH74DAP0QN7,"Corona, CA",728.3,5.7,137.7,8.547347,2.013246,0,0,DJI Matrice 300 RTK,M300 RTK,1ZN7L4R0H1D00F,1W9DL31001461C,1ZMLH8300204F0,1Z6PH74DAP0QN7,DJI Pilot,Android,7.0.2,1EF72A62-B7C3-C88D-164E-CE6F8C8424AE,1ZN7L4R0H1D00F,1W9DL31001461C,,1ZMLH8300204F0,1W9DL31001461C,,,,,
2023-11-01,11:27:57.04 AM,3m 34.7s,214.7,33.8014756626031,-117.4699557594474,126.9,126.9,18.3,1391,1534.2,4.529458,6.085134,1.565858,2.23694,-4.250186,1.342164,-0.223694,0,3.5,0.2,3.5,-69,291,292.3,Tripod,Other,,23,5,True,,True,False,,Smart,RC,False,True,False,,,True,,False,False,False,False,False,False,False,False,False,False,0,Follow Yaw,-77.9,0,-77.2,282.8,False,False,False,False,False,,0,0,False,False,No Card,100,100,1024,1279,1225,1024,2,False,False,False,False,False,0,False,False,False,False,88,,47.532,,8838,,10044,,47.532,,True,3.957,3.957,3.957,3.957,3.957,3.957,3.957,3.957,3.957,3.957,3.957,3.957,0,,False,False,True,,,,,,,,,,,,,,,False,False,18.654,,89.4,,75.7,,89.4,,1689,53,12,17,8,141684.8,18891.31,,Idle,,20,,10,,,20,Go Home,False,False,False,False,False,False,False,False,False,False,False,False,33.8027920380556,-117.4659261431046,1312.5,2972.0,1049.4,396.9,True,1,1,False,False,False,False,,True,False,False,Course Lock,196.8,67,16.4,93,E,S,11.18,11.18,Calm,False,False,Android,7.0.2,M300 RTK,1ZN7L4R0H1D00F,1W9DL31001461C,1ZMLH8300204F0,1Z6PH74DAP0QN7,"Corona, CA",728.3,5.7,137.7,8.547347,2.013246,0,0,DJI Matrice 300 RTK,M300 RTK,1ZN7L4R0H1D00F,1W9DL31001461C,1ZMLH8300204F0,1Z6PH74DAP0QN7,DJI Pilot,Android,7.0.2,1EF72A62-B7C3-C88D-164E-CE6F8C8424AE,1ZN7L4R0H1D00F,1W9DL31001461C,,1ZMLH8300204F0,1W9DL31001461C,,,,,
2023-11-01,11:27:57.11 AM,3m 34.8s,214.8,33.8014763643738,-117.4699578372654,126.9,126.9,18.3,1391,1534.9,4.320248,6.085134,1.565858,2.23694,-4.026492,1.342164,-0.223694,0,3.4,0.1,3.4,-69.1,290.9,292.1,Tripod,Other,,23,5,True,,True,False,,Smart,RC,False,True,False,,,True,,False,False,False,False,False,False,False,False,False,False,0,Follow Yaw,-77.9,0,-77.2,282.8,False,False,False,False,False,,0,0,False,False,No Card,100,100,1024,1279,1225,1024,2,False,False,False,False,False,0,False,False,False,False,88,,47.532,,8838,,10044,,47.532,,True,3.957,3.957,3.957,3.957,3.957,3.957,3.957,3.957,3.957,3.957,3.957,3.957,0,,False,False,True,,,,,,,,,,,,,,,False,False,18.654,,89.4,,75.7,,89.4,,1689,53,12,17,8,141684.8,18891.31,,Idle,,20,,10,,,20,Go Home,False,False,False,False,False,False,False,False,False,False,False,False,33.8027920380556,-117.4659261431046,1313.0,2972.0,1049.4,396.9,True,1,1,False,False,False,False,,True,False,False,Course Lock,196.8,67,16.4,93,E,S,11.18,11.18,Calm,False,False,Android,7.0.2,M300 RTK,1ZN7L4R0H1D00F,1W9DL31001461C,1ZMLH8300204F0,1Z6PH74DAP0QN7,"Corona, CA",728.3,5.7,137.7,8.547347,2.013246,0,0,DJI Matrice 300 RTK,M300 RTK,1ZN7L4R0H1D00F,1W9DL31001461C,1ZMLH8300204F0,1Z6PH74DAP0QN7,DJI Pilot,Android,7.0.2,1EF72A62-B7C3-C88D-164E-CE6F8C8424AE,1ZN7L4R0H1D00F,1W9DL31001461C,,1ZMLH8300204F0,1W9DL31001461C,,,,,
2023-11-01,11:27:57.22 AM,3m 34.9s,214.9,33.801476935659,-117.469959735307,127.2,127.2,18.3,1391,1535.5,4.320248,6.085134,1.565858,2.23694,-4.026492,1.342164,-0.223694,0,3.5,0,3.5,-69,291,289.9,Tripod,Other,,23,5,True,,True,False,,Smart,RC,False,True,False,,,True,,False,False,False,False,False,False,False,False,False,False,0,Follow Yaw,-77.9,0,-77.2,282.8,False,False,False,False,False,,0,0,False,False,No Card,100,100,1024,1279,1225,1024,2,False,False,False,False,False,0,False,False,False,False,88,,47.532,,8838,,10044,,47.532,,True,3.957,3.957,3.957,3.957,3.957,3.957,3.957,3.957,3.957,3.957,3.957,3.957,0,,False,False,True,,,,,,,,,,,,,,,False,False,18.654,,89.4,,75.7,,89.4,,1689,53,12,17,8,141684.8,18891.31,,Idle,,20,,10,,,20,Go Home,False,False,False,False,False,False,False,False,False,False,False,False,33.8027920380556,-117.4659261431046,1313.5,2972.0,1049.4,396.9,True,1,1,False,False,False,False,,True,False,False,Course Lock,196.8,67,16.4,93,E,S,11.18,11.18,Calm,False,False,Android,7.0.2,M300 RTK,1ZN7L4R0H1D00F,1W9DL31001461C,1ZMLH8300204F0,1Z6PH74DAP0QN7,"Corona, CA",728.3,5.7,137.7,8.547347,2.013246,0,0,DJI Matrice 300 RTK,M300 RTK,1ZN7L4R0H1D00F,1W9DL31001461C,1ZMLH8300204F0,1Z6PH74DAP0QN7,DJI Pilot,Android,7.0.2,1EF72A62-B7C3-C88D-164E-CE6F8C8424AE,1ZN7L4R0H1D00F,1W9DL31001461C,,1ZMLH8300204F0,1W9DL31001461C,,,,,
2023-11-01,11:27:57.33 AM,3m 35.0s,215.0,33.8014776264645,-117.4699617857462,127.2,127.2,18.3,1391,1536.2,4.320248,6.085134,1.565858,2.23694,-4.026492,1.342164,-0.223694,0,3.5,-0.1,3.5,-69,291,292.0,Tripod,Other,,23,5,True,,True,False,,Smart,RC,False,True,False,,,True,,False,False,False,False,False,False,False,False,False,False,0,Follow Yaw,-77.9,0,-77.2,282.8,False,False,False,False,False,,0,0,False,False,No Card,100,100,1024,1280,1223,1024,2,False,False,False,False,False,0,False,False,False,False,88,,47.544,,8838,,10044,,47.544,,True,3.957,3.957,3.957,3.957,3.957,3.957,3.957,3.957,3.957,3.957,3.957,3.957,0,,False,False,True,,,,,,,,,,,,,,,False,False,19.06,,89.4,,75.7,,89.4,,1689,53,12,17,8,141684.8,18891.31,,Idle,,20,,10,,,20,Go Home,False,False,False,False,False,False,False,False,False,False,False,False,33.8027920380556,-117.4659261431046,1314.0,2972.0,1049.4,396.9,True,1,1,False,False,False,False,,True,False,False,Course Lock,196.8,67,16.4,93,E,S,11.18,11.18,Calm,False,False,Android,7.0.2,M300 RTK,1ZN7L4R0H1D00F,1W9DL31001461C,1ZMLH8300204F0,1Z6PH74DAP0QN7,"Corona, CA",728.3,5.7,137.7,8.547347,2.013246,0,0,DJI Matrice 300 RTK,M300 RTK,1ZN7L4R0H1D00F,1W9DL31001461C,1ZMLH8300204F0,1Z6PH74DAP0QN7,DJI Pilot,Android,7.0.2,1EF72A62-B7C3-C88D-164E-CE6F8C8424AE,1ZN7L4R0H1D00F,1W9DL31001461C,,1ZMLH8300204F0,1W9DL31001461C,,,,,
2023-11-01,11:27:57.44 AM,3m 35.1s,215.1,33.8014785140948,-117.4699640651114,127.2,127.2,18.3,1391,1536.9,4.320248,6.085134,1.565858,2.23694,-4.026492,1.342164,-0.223694,0,3.4,-0.3,3.4,-68.9,291.1,295.1,Tripod,Other,,23,5,True,,True,False,,Smart,RC,False,True,False,,,True,,False,False,False,False,False,False,False,False,False,False,0,Follow Yaw,-77.9,0,-77.2,282.8,False,False,False,False,False,,0,0,False,False,No Card,100,100,1024,1282,1220,1024,2,False,False,False,False,False,0,False,False,False,False,88,,47.544,,8838,,10044,,47.544,,True,3.957,3.957,3.957,3.957,3.957,3.957,3.957,3.957,3.957,3.957,3.957,3.957,0,,False,False,True,,,,,,,,,,,,,,,False,False,19.06,,89.4,,75.7,,89.4,,1689,53,12,17,8,141684.8,18891.31,,Idle,,20,,10,,,20,Go Home,False,False,False,False,False,False,False,False,False,False,False,False,33.8027920380556,-117.4659261431046,1314.5,2972.0,1049.4,396.9,True,1,1,False,False,False,False,,True,False,False,Course Lock,196.8,67,16.4,93,E,S,11.4,11.4,Calm,False,False,Android,7.0.2,M300 RTK,1ZN7L4R0H1D00F,1W9DL31001461C,1ZMLH8300204F0,1Z6PH74DAP0QN7,"Corona, CA",728.3,5.7,137.7,8.547347,2.013246,0,0,DJI Matrice 300 RTK,M300 RTK,1ZN7L4R0H1D00F,1W9DL31001461C,1ZMLH8300204F0,1Z6PH74DAP0QN7,DJI Pilot,Android,7.0.2,1EF72A62-B7C3-C88D-164E-CE6F8C8424AE,1ZN7L4R0H1D00F,1W9DL31001461C,,1ZMLH8300204F0,1W9DL31001461C,,,,,
2023-11-01,11:27:57.53 AM,3m 35.2s,215.2,33.8014792142207,-117.4699661231375,127.2,127.2,18.3,1391,1537.6,4.320248,6.085134,1.565858,2.23694,-4.026492,1.342164,-0.223694,0,3.2,-0.4,3.2,-68.9,291.1,292.2,Tripod,Other,,23,5,True,,True,False,,Smart,RC,False,True,False,,,True,,False,False,False,False,False,False,False,False,False,False,0,Follow Yaw,-77.9,0,-77.2,282.8,False,False,False,False,False,,0,0,False,False,No Card,100,100,1024,1281,1205,1024,2,False,False,False,False,False,0,False,False,False,False,88,,47.544,,8838,,10044,,47.544,,True,3.957,3.957,3.957,3.957,3.957,3.957,3.957,3.957,3.957,3.957,3.957,3.957,0,,False,False,True,,,,,,,,,,,,,,,False,False,19.06,,89.4,,75.7,,89.4,,1689,53,12,17,8,141684.8,18891.31,,Idle,,20,,10,,,20,Go Home,False,False,False,False,False,False,False,False,False,False,False,False,33.8027920380556,-117.4659261431046,1315.0,2972.0,1049.4,396.9,True,1,1,False,False,False,False,,True,False,False,Course Lock,196.8,67,16.4,93,E,S,11.4,11.4,Calm,False,False,Android,7.0.2,M300 RTK,1ZN7L4R0H1D00F,1W9DL31001461C,1ZMLH8300204F0,1Z6PH74DAP0QN7,"Corona, CA",728.3,5.7,137.7,8.547347,2.013246,0,0,DJI Matrice 300 RTK,M300 RTK,1ZN7L4R0H1D00F,1W9DL31001461C,1ZMLH8300204F0,1Z6PH74DAP0QN7,DJI Pilot,Android,7.0.2,1EF72A62-B7C3-C88D-164E-CE6F8C8424AE,1ZN7L4R0H1D00F,1W9DL31001461C,,1ZMLH8300204F0,1W9DL31001461C,,,,,
2023-11-01,11:27:57.64 AM,3m 35.3s,215.3,33.8014798776133,-117.4699680967182,127.2,127.2,18.3,1391,1538.2,4.320248,6.085134,1.565858,2.23694,-4.026492,1.342164,-0.223694,0,3.1,-0.4,3.1,-68.9,291.1,292.0,Tripod,Other,,23,5,True,,True,False,,Smart,RC,False,True,False,,,True,,False,False,False,False,False,False,False,False,False,False,0,Follow Yaw,-77.9,0,-77.2,282.8,False,False,False,False,False,,0,0,False,False,No Card,100,100,1024,1281,1190,1024,2,False,False,False,False,False,0,False,False,False,False,88,,47.544,,8838,,10044,,47.544,,True,3.963,3.963,3.963,3.963,3.963,3.963,3.963,3.963,3.963,3.963,3.963,3.963,0,,False,False,True,,,,,,,,,,,,,,,False,False,19.06,,89.4,,75.7,,89.4,,1689,53,12,17,8,141907.8,18921.04,,Idle,,20,,10,,,20,Go Home,False,False,False,False,False,False,False,False,False,False,False,False,33.8027920380556,-117.4659261431046,1315.4,2972.0,1049.4,396.9,True,1,1,False,False,False,False,,True,False,False,Course Lock,196.8,67,16.4,93,E,S,11.4,11.4,Calm,False,False,Android,7.0.2,M300 RTK,1ZN7L4R0H1D00F,1W9DL31001461C,1ZMLH8300204F0,1Z6PH74DAP0QN7,"Corona, CA",728.3,5.7,137.7,8.547347,2.013246,0,0,DJI Matrice 300 RTK,M300 RTK,1ZN7L4R0H1D00F,1W9DL31001461C,1ZMLH8300204F0,1Z6PH74DAP0QN7,DJI Pilot,Android,7.0.2,1EF72A62-B7C3-C88D-164E-CE6F8C8424AE,1ZN7L4R0H1D00F,1W9DL31001461C,,1ZMLH8300204F0,1W9DL31001461C,,,,,
2023-11-01,11:27:57.74 AM,3m 35.4s,215.4,33.8014805629363,-117.4699701484768,127.2,127.2,18.3,1391,1538.9,4.320248,6.085134,1.565858,2.23694,-4.026492,1.342164,-0.223694,0,3.2,-0.3,3.2,-69,291,291.8,Tripod,Other,,23,5,True,,True,False,,Smart,RC,False,True,False,,,True,,False,False,False,False,False,False,False,False,False,False,0,Follow Yaw,-77.9,0,-77.2,282.8,False,False,False,False,False,,0,0,False,False,No Card,100,100,1024,1281,1189,1024,2,False,False,False,False,False,0,False,False,False,False,88,,47.544,,8838,,10044,,47.544,,True,3.963,3.963,3.963,3.963,3.963,3.963,3.963,3.963,3.963,3.963,3.963,3.963,0,,False,False,True,,,,,,,,,,,,,,,False,False,19.06,,89.4,,75.7,,89.4,,1689,53,12,17,8,141907.8,18921.04,,Idle,,20,,10,,,20,Go Home,False,False,False,False,False,False,False,False,False,False,False,False,33.8027920380556,-117.4659261431046,1315.9,2972.0,1049.4,396.9,True,1,1,False,False,False,False,,True,False,False,Course Lock,196.8,67,16.4,93,E,S,11.4,11.4,Calm,False,False,Android,7.0.2,M300 RTK,1ZN7L4R0H1D00F,1W9DL31001461C,1ZMLH8300204F0,1Z6PH74DAP0QN7,"Corona, CA",728.3,5.7,137.7,8.547347,2.013246,0,0,DJI Matrice 300 RTK,M300 RTK,1ZN7L4R0H1D00F,1W9DL31001461C,1ZMLH8300204F0,1Z6PH74DAP0QN7,DJI Pilot,Android,7.0.2,1EF72A62-B7C3-C88D-164E-CE6F8C8424AE,1ZN7L4R0H1D00F,1W9DL31001461C,,1ZMLH8300204F0,1W9DL31001461C,,,,,
2023-11-01,11:27:57.84 AM,3m 35.5s,215.5,33.8014813897099,-117.4699723367994,127.6,127.6,18.3,1391,1539.6,4.320248,6.085134,1.565858,2.23694,-4.026492,1.342164,-0.223694,0,3.3,-0.1,3.3,-69,291,294.4,Tripod,Other,,23,5,True,,True,False,,Smart,RC,False,True,False,,,True,,False,False,False,False,False,False,False,False,False,False,0,Follow Yaw,-77.9,0,-77.2,282.8,False,False,False,False,False,,0,0,False,False,No Card,100,100,1024,1277,1186,1024,2,False,False,False,False,False,0,False,False,False,False,88,,47.544,,8838,,10044,,47.544,,True,3.963,3.963,3.963,3.963,3.963,3.963,3.963,3.963,3.963,3.963,3.963,3.963,0,,False,False,True,,,,,,,,,,,,,,,False,False,19.06,,89.4,,75.7,,89.4,,1689,53,12,17,8,141907.8,18921.04,,Idle,,20,,10,,,20,Go Home,False,False,False,False,False,False,False,False,False,False,False,False,33.8027920380556,-117.4659261431046,1316.4,2972.0,1049.4,396.9,True,1,1,False,False,False,False,,True,False,False,Course Lock,196.8,67,16.4,93,E,S,11.4,11.4,Calm,False,False,Android,7.0.2,M300 RTK,1ZN7L4R0H1D00F,1W9DL31001461C,1ZMLH8300204F0,1Z6PH74DAP0QN7,"Corona, CA",728.3,5.7,137.7,8.547347,2.013246,0,0,DJI Matrice 300 RTK,M300 RTK,1ZN7L4R0H1D00F,1W9DL31001461C,1ZMLH8300204F0,1Z6PH74DAP0QN7,DJI Pilot,Android,7.0.2,1EF72A62-B7C3-C88D-164E-CE6F8C8424AE,1ZN7L4R0H1D00F,1W9DL31001461C,,1ZMLH8300204F0,1W9DL31001461C,,,,,
2023-11-01,11:27:57.94 AM,3m 35.6s,215.6,33.8014820805154,-117.4699744004332,127.6,127.6,18.3,1391,1540.3,4.320248,6.085134,1.565858,2.23694,-4.026492,1.342164,-0.223694,0,3.3,0,3.3,-69.1,290.9,291.9,Tripod,Other,,23,5,True,,True,False,,Smart,RC,False,True,False,,,True,,False,False,False,False,False,False,False,False,False,False,0,Follow Yaw,-77.9,0,-77.2,282.8,False,False,False,False,False,,0,0,False,False,No Card,100,100,1024,1267,1182,1024,2,False,False,False,False,False,0,False,False,False,False,88,,47.544,,8838,,10044,,47.544,,True,3.963,3.963,3.963,3.963,3.963,3.963,3.963,3.963,3.963,3.963,3.963,3.963,0,,False,False,True,,,,,,,,,,,,,,,False,False,19.06,,89.4,,75.7,,89.4,,1689,53,12,17,8,141907.8,18921.04,,Idle,,20,,10,,,20,Go Home,False,False,False,False,False,False,False,False,False,False,False,False,33.8027920380556,-117.4659261431046,1316.9,2972.0,1049.4,396.9,True,1,1,False,False,False,False,,True,False,False,Course Lock,196.8,67,16.4,93,E,S,11.4,11.4,Calm,False,False,Android,7.0.2,M300 RTK,1ZN7L4R0H1D00F,1W9DL31001461C,1ZMLH8300204F0,1Z6PH74DAP0QN7,"Corona, CA",728.3,5.7,137.7,8.547347,2.013246,0,0,DJI Matrice 300 RTK,M300 RTK,1ZN7L4R0H1D00F,1W9DL31001461C,1ZMLH8300204F0,1Z6PH74DAP0QN7,DJI Pilot,Android,7.0.2,1EF72A62-B7C3-C88D-164E-CE6F8C8424AE,1ZN7L4R0H1D00F,1W9DL31001461C,,1ZMLH8300204F0,1W9DL31001461C,,,,,
2023-11-01,11:27:58.04 AM,3m 35.7s,215.7,33.801482690727,-117.4699762489951,127.6,127.6,18.3,1391,1540.9,4.320248,6.085134,1.565858,2.23694,-4.026492,1.342164,-0.223694,0,3.3,0,3.3,-69.1,290.9,291.6,Tripod,Other,,23,5,True,,True,False,,Smart,RC,False,True,False,,,True,,False,False,False,False,False,False,False,False,False,False,0,Follow Yaw,-77.9,0,-77.2,282.8,False,False,False,False,False,,0,0,False,False,No Card,100,100,1024,1267,1190,1024,2,False,False,False,False,False,0,False,False,False,False,88,,47.448,,4387,,4986,,47.448,,True,3.963,3.963,3.963,3.963,3.963,3.963,3.963,3.963,3.963,3.963,3.963,3.963,0,,False,False,True,,,,,,,,,,,,,,,False,False,9.58,,88.8,,75.7,,89.4,,1689,53,12,17,8,141907.8,18921.04,,Idle,,20,,10,,,20,Go Home,False,False,False,False,False,False,False,False,False,False,False,False,33.8027920380556,-117.4659261431046,1317.4,2972.0,1049.4,396.9,True,1,1,False,False,False,False,,True,False,False,Course Lock,196.8,67,16.4,93,E,S,11.4,11.4,Calm,False,False,Android,7.0.2,M300 RTK,1ZN7L4R0H1D00F,1W9DL31001461C,1ZMLH8300204F0,1Z6PH74DAP0QN7,"Corona, CA",728.3,5.7,137.7,8.547347,2.013246,0,0,DJI Matrice 300 RTK,M300 RTK,1ZN7L4R0H1D00F,1W9DL31001461C,1ZMLH8300204F0,1Z6PH74DAP0QN7,DJI Pilot,Android,7.0.2,1EF72A62-B7C3-C88D-164E-CE6F8C8424AE,1ZN7L4R0H1D00F,1W9DL31001461C,,1ZMLH8300204F0,1W9DL31001461C,,,,,
2023-11-01,11:27:58.15 AM,3m 35.8s,215.8,33.8014833705673,-117.4699782842605,127.6,127.6,18.3,1391,1541.6,4.320248,6.085134,1.565858,2.23694,-4.026492,1.342164,-0.223694,0,3.4,0.1,3.4,-69.1,290.9,291.8,Tripod,Other,,23,5,True,,True,False,,Smart,RC,False,True,False,,,True,,False,False,False,False,False,False,False,False,False,False,0,Follow Yaw,-77.9,0,-77.2,282.8,False,False,False,False,False,,0,0,False,False,No Card,100,100,1024,1274,1191,1024,2,False,False,False,False,False,0,False,False,False,False,88,,47.448,,4387,,4986,,47.448,,True,3.963,3.963,3.963,3.963,3.963,3.963,3.963,3.963,3.963,3.963,3.963,3.963,0,,False,False,True,,,,,,,,,,,,,,,False,False,9.58,,88.8,,75.7,,89.4,,1689,53,12,17,8,141907.8,18921.04,,Idle,,20,,10,,,20,Go Home,False,False,False,False,False,False,False,False,False,False,False,False,33.8027920380556,-117.4659261431046,1317.9,2972.0,1049.4,396.9,True,1,1,False,False,False,False,,True,False,False,Course Lock,196.8,67,16.4,93,E,S,11.4,11.4,Calm,False,False,Android,7.0.2,M300 RTK,1ZN7L4R0H1D00F,1W9DL31001461C,1ZMLH8300204F0,1Z6PH74DAP0QN7,"Corona, CA",728.3,5.7,137.7,8.547347,2.013246,0,0,DJI Matrice 300 RTK,M300 RTK,1ZN7L4R0H1D00F,1W9DL31001461C,1ZMLH8300204F0,1Z6PH74DAP0QN7,DJI Pilot,Android,7.0.2,1EF72A62-B7C3-C88D-164E-CE6F8C8424AE,1ZN7L4R0H1D00F,1W9DL31001461C,,1ZMLH8300204F0,1W9DL31001461C,,,,,
2023-11-01,11:27:58.25 AM,3m 35.9s,215.9,33.8014839939371,-117.4699806464218,127.6,127.6,18.0,1391,1542.3,4.320248,6.085134,1.565858,2.23694,-4.026492,1.342164,-0.223694,0,3.4,0,3.4,-69.1,290.9,287.6,Tripod,Other,,23,5,True,,True,False,,Smart,RC,False,True,False,,,True,,False,False,False,False,False,False,False,False,False,False,0,Follow Yaw,-77.9,0,-77.2,282.8,False,False,False,False,False,,0,0,False,False,No Card,100,100,1024,1277,1191,1024,2,False,False,False,False,False,0,False,False,False,False,88,,47.448,,4387,,4986,,47.448,,True,3.963,3.963,3.963,3.963,3.963,3.963,3.963,3.963,3.963,3.963,3.963,3.963,0,,False,False,True,,,,,,,,,,,,,,,False,False,9.58,,88.8,,75.7,,89.4,,1689,53,12,17,8,141907.8,18921.04,,Idle,,20,,10,,,20,Go Home,False,False,False,False,False,False,False,False,False,False,False,False,33.8027920380556,-117.4659261431046,1318.4,2972.0,1049.4,396.9,True,1,1,False,False,False,False,,True,False,False,Course Lock,196.8,67,16.4,93,E,S,11.4,11.4,Calm,False,False,Android,7.0.2,M300 RTK,1ZN7L4R0H1D00F,1W9DL31001461C,1ZMLH8300204F0,1Z6PH74DAP0QN7,"Corona, CA",728.3,5.7,137.7,8.547347,2.013246,0,0,DJI Matrice 300 RTK,M300 RTK,1ZN7L4R0H1D00F,1W9DL31001461C,1ZMLH8300204F0,1Z6PH74DAP0QN7,DJI Pilot,Android,7.0.2,1EF72A62-B7C3-C88D-164E-CE6F8C8424AE,1ZN7L4R0H1D00F,1W9DL31001461C,,1ZMLH8300204F0,1W9DL31001461C,,,,,
2023-11-01,11:27:58.36 AM,3m 36.0s,216.0,33.8014846661019,-117.4699826965311,127.6,127.6,18.0,1391,1543.0,4.320248,6.085134,1.565858,2.23694,-4.026492,1.342164,-0.223694,0,3.5,0,3.5,-69,291,291.5,Tripod,Other,,22,5,True,,True,False,,Smart,RC,False,True,False,,,True,,False,False,False,False,False,False,False,False,False,False,0,Follow Yaw,-77.9,0,-77.2,282.8,False,False,False,False,False,,0,0,False,False,No Card,100,100,1024,1275,1201,1024,2,False,False,False,False,False,0,False,False,False,False,88,,47.472,,8838,,10044,,47.472,,True,3.963,3.963,3.963,3.963,3.963,3.963,3.963,3.963,3.963,3.963,3.963,3.963,0,,False,False,True,,,,,,,,,,,,,,,False,False,19.496,,89.4,,75.7,,89.4,,1689,53,12,17,8,141907.8,18921.04,,Idle,,20,,10,,,20,Go Home,False,False,False,False,False,False,False,False,False,False,False,False,33.8027920380556,-117.4659261431046,1318.9,2972.0,1049.4,396.9,True,1,1,False,False,False,False,,True,False,False,Course Lock,196.8,67,16.4,93,E,S,11.4,11.4,Calm,False,False,Android,7.0.2,M300 RTK,1ZN7L4R0H1D00F,1W9DL31001461C,1ZMLH8300204F0,1Z6PH74DAP0QN7,"Corona, CA",728.3,5.7,137.7,8.547347,2.013246,0,0,DJI Matrice 300 RTK,M300 RTK,1ZN7L4R0H1D00F,1W9DL31001461C,1ZMLH8300204F0,1Z6PH74DAP0QN7,DJI Pilot,Android,7.0.2,1EF72A62-B7C3-C88D-164E-CE6F8C8424AE,1ZN7L4R0H1D00F,1W9DL31001461C,,1ZMLH8300204F0,1W9DL31001461C,,,,,
2023-11-01,11:27:58.46 AM,3m 36.1s,216.1,33.8014855372844,-117.4699846664832,127.6,127.6,18.0,1391,1543.7,4.320248,6.085134,1.565858,2.23694,-4.026492,1.342164,-0.223694,0,3.6,0,3.6,-69,291,298.0,Tripod,Other,,22,5,True,,True,False,,Smart,RC,False,True,False,,,True,,False,False,False,False,False,False,False,False,False,False,0,Follow Yaw,-77.9,0,-77.2,282.8,False,False,False,False,False,,0,0,False,False,No Card,100,100,1024,1270,1206,1024,2,False,False,False,False,False,0,False,False,False,False,88,,47.472,,8838,,10044,,47.472,,True,3.963,3.963,3.963,3.963,3.963,3.963,3.963,3.963,3.963,3.963,3.963,3.963,0,,False,False,True,,,,,,,,,,,,,,,False,False,19.496,,89.4,,75.7,,89.4,,1689,53,12,17,8,141907.8,18921.04,,Idle,,20,,10,,,20,Go Home,False,False,False,False,False,False,False,False,False,False,False,False,33.8027920380556,-117.4659261431046,1319.4,2972.0,1049.4,396.9,True,1,1,False,False,False,False,,True,False,False,Course Lock,196.8,67,16.4,93,E,S,11.4,11.4,Calm,False,False,Android,7.0.2,M300 RTK,1ZN7L4R0H1D00F,1W9DL31001461C,1ZMLH8300204F0,1Z6PH74DAP0QN7,"Corona, CA",728.3,5.7,137.7,8.547347,2.013246,0,0,DJI Matrice 300 RTK,M300 RTK,1ZN7L4R0H1D00F,1W9DL31001461C,1ZMLH8300204F0,1Z6PH74DAP0QN7,DJI Pilot,Android,7.0.2,1EF72A62-B7C3-C88D-164E-CE6F8C8424AE,1ZN7L4R0H1D00F,1W9DL31001461C,,1ZMLH8300204F0,1W9DL31001461C,,,,,
2023-11-01,11:27:58.56 AM,3m 36.2s,216.2,33.8014862215108,-117.4699866954812,127.9,127.9,18.0,1392,1544.3,4.320248,6.085134,1.565858,2.23694,-4.026492,1.342164,-0.223694,0,3.5,0,3.5,-68.9,291.1,292.0,Tripod,Other,,22,5,True,,True,False,,Smart,RC,False,True,False,,,True,,False,False,False,False,False,False,False,False,False,False,0,Follow Yaw,-77.9,0,-77.2,282.8,False,False,False,False,False,,0,0,False,False,No Card,100,100,1024,1267,1206,1024,2,False,False,False,False,False,0,False,False,False,False,88,,47.472,,8838,,10044,,47.472,,True,3.963,3.963,3.963,3.963,3.963,3.963,3.963,3.963,3.963,3.963,3.963,3.963,0,,False,False,True,,,,,,,,,,,,,,,False,False,19.496,,89.4,,75.7,,89.4,,1689,53,12,17,8,141907.8,18921.04,,Idle,,20,,10,,,20,Go Home,False,False,False,False,False,False,False,False,False,False,False,False,33.8027920380556,-117.4659261431046,1319.9,2972.0,1049.4,396.9,True,1,1,False,False,False,False,,True,False,False,Course Lock,196.8,67,16.4,93,E,S,11.4,11.4,Calm,False,False,Android,7.0.2,M300 RTK,1ZN7L4R0H1D00F,1W9DL31001461C,1ZMLH8300204F0,1Z6PH74DAP0QN7,"Corona, CA",728.3,5.7,137.7,8.547347,2.013246,0,0,DJI Matrice 300 RTK,M300 RTK,1ZN7L4R0H1D00F,1W9DL31001461C,1ZMLH8300204F0,1Z6PH74DAP0QN7,DJI Pilot,Android,7.0.2,1EF72A62-B7C3-C88D-164E-CE6F8C8424AE,1ZN7L4R0H1D00F,1W9DL31001461C,,1ZMLH8300204F0,1W9DL31001461C,,,,,
2023-11-01,11:27:58.67 AM,3m 36.3s,216.3,33.8014867818309,-117.469988703038,127.9,127.9,18.0,1392,1545.0,4.320248,6.085134,1.565858,2.23694,-4.026492,1.342164,-0.223694,0,3.5,-0.1,3.5,-68.8,291.2,288.5,Tripod,Other,,22,5,True,,True,False,,Smart,RC,False,True,False,,,True,,False,False,False,False,False,False,False,False,False,False,0,Follow Yaw,-77.9,0,-77.2,282.8,False,False,False,False,False,,0,0,False,False,No Card,100,100,1024,1263,1206,1024,2,False,False,False,False,False,0,False,False,False,False,88,,47.472,,8838,,10044,,47.472,,True,3.958,3.958,3.958,3.958,3.958,3.958,3.958,3.958,3.958,3.958,3.958,3.958,0,,False,False,True,,,,,,,,,,,,,,,False,False,19.496,,89.4,,75.7,,89.4,,1688,53,13,17,8,142139.0,18951.87,,Idle,,20,,10,,,20,Go Home,False,False,False,False,False,False,False,False,False,False,False,False,33.8027920380556,-117.4659261431046,1320.3,2972.0,1049.4,396.9,True,1,1,False,False,False,False,,True,False,False,Course Lock,196.8,67,16.4,93,E,S,11.4,11.4,Calm,False,False,Android,7.0.2,M300 RTK,1ZN7L4R0H1D00F,1W9DL31001461C,1ZMLH8300204F0,1Z6PH74DAP0QN7,"Corona, CA",728.3,5.7,137.7,8.547347,2.013246,0,0,DJI Matrice 300 RTK,M300 RTK,1ZN7L4R0H1D00F,1W9DL31001461C,1ZMLH8300204F0,1Z6PH74DAP0QN7,DJI Pilot,Android,7.0.2,1EF72A62-B7C3-C88D-164E-CE6F8C8424AE,1ZN7L4R0H1D00F,1W9DL31001461C,,1ZMLH8300204F0,1W9DL31001461C,,,,,
2023-11-01,11:27:58.77 AM,3m 36.4s,216.4,33.8014874452235,-117.4699907224698,127.9,127.9,18.0,1392,1545.6,4.320248,6.085134,1.565858,2.23694,-4.026492,1.342164,-0.223694,0,3.4,-0.2,3.4,-68.8,291.2,291.5,Tripod,Other,,22,5,True,,True,False,,Smart,RC,False,True,False,,,True,,False,False,False,False,False,False,False,False,False,False,0,Follow Yaw,-77.9,0,-77.2,282.8,False,False,False,False,False,,0,0,False,False,No Card,100,100,1024,1262,1209,1024,2,False,False,False,False,False,0,False,False,False,False,88,,47.472,,8838,,10044,,47.472,,True,3.958,3.958,3.958,3.958,3.958,3.958,3.958,3.958,3.958,3.958,3.958,3.958,0,,False,False,True,,,,,,,,,,,,,,,False,False,19.496,,89.4,,75.7,,89.4,,1688,53,13,17,8,142139.0,18951.87,,Idle,,20,,10,,,20,Go Home,False,False,False,False,False,False,False,False,False,False,False,False,33.8027920380556,-117.4659261431046,1320.8,2972.0,1049.4,396.9,True,1,1,False,False,False,False,,True,False,False,Course Lock,196.8,67,16.4,93,E,S,11.4,11.4,Calm,False,False,Android,7.0.2,M300 RTK,1ZN7L4R0H1D00F,1W9DL31001461C,1ZMLH8300204F0,1Z6PH74DAP0QN7,"Corona, CA",728.3,5.7,137.7,8.547347,2.013246,0,0,DJI Matrice 300 RTK,M300 RTK,1ZN7L4R0H1D00F,1W9DL31001461C,1ZMLH8300204F0,1Z6PH74DAP0QN7,DJI Pilot,Android,7.0.2,1EF72A62-B7C3-C88D-164E-CE6F8C8424AE,1ZN7L4R0H1D00F,1W9DL31001461C,,1ZMLH8300204F0,1W9DL31001461C,,,,,
2023-11-01,11:27:58.87 AM,3m 36.5s,216.5,33.8014881705693,-117.4699927824751,127.9,127.9,18.0,1392,1546.3,4.320248,6.085134,1.565858,2.23694,-4.026492,1.342164,-0.223694,0,3.4,-0.2,3.4,-68.9,291.1,292.9,Tripod,Other,,22,5,True,,True,False,,Smart,RC,False,True,False,,,True,,False,False,False,False,False,False,False,False,False,False,0,Follow Yaw,-77.9,0,-77.2,282.8,False,False,False,False,False,,0,0,False,False,No Card,100,100,1024,1262,1209,1024,2,False,False,False,False,False,0,False,False,False,False,88,,47.472,,8838,,10044,,47.472,,True,3.958,3.958,3.958,3.958,3.958,3.958,3.958,3.958,3.958,3.958,3.958,3.958,0,,False,False,True,,,,,,,,,,,,,,,False,False,19.496,,89.4,,75.7,,89.4,,1688,53,13,17,8,142139.0,18951.87,,Idle,,20,,10,,,20,Go Home,False,False,False,False,False,False,False,False,False,False,False,False,33.8027920380556,-117.4659261431046,1321.3,2972.0,1049.4,396.9,True,1,1,False,False,False,False,,True,False,False,Course Lock,196.8,67,16.4,93,E,S,11.4,11.4,Calm,False,False,Android,7.0.2,M300 RTK,1ZN7L4R0H1D00F,1W9DL31001461C,1ZMLH8300204F0,1Z6PH74DAP0QN7,"Corona, CA",728.3,5.7,137.7,8.547347,2.013246,0,0,DJI Matrice 300 RTK,M300 RTK,1ZN7L4R0H1D00F,1W9DL31001461C,1ZMLH8300204F0,1Z6PH74DAP0QN7,DJI Pilot,Android,7.0.2,1EF72A62-B7C3-C88D-164E-CE6F8C8424AE,1ZN7L4R0H1D00F,1W9DL31001461C,,1ZMLH8300204F0,1W9DL31001461C,,,,,
2023-11-01,11:27:58.98 AM,3m 36.6s,216.6,33.801488825738,-117.4699948081744,127.9,127.9,18.0,1392,1547.0,4.320248,6.085134,1.565858,2.23694,-4.026492,1.342164,-0.223694,0,3.6,0,3.6,-68.9,291.1,291.2,Tripod,Other,,23,5,True,,True,False,,Smart,RC,False,True,False,,,True,,False,False,False,False,False,False,False,False,False,False,0,Follow Yaw,-77.9,0,-77.2,282.8,False,False,False,False,False,,0,0,False,False,No Card,100,100,1024,1265,1207,1024,2,False,False,False,False,False,0,False,False,False,False,88,,47.472,,8838,,10044,,47.472,,True,3.958,3.958,3.958,3.958,3.958,3.958,3.958,3.958,3.958,3.958,3.958,3.958,0,,False,False,True,,,,,,,,,,,,,,,False,False,19.496,,89.4,,75.7,,89.4,,1688,53,13,17,8,142139.0,18951.87,,Idle,,20,,10,,,20,Go Home,False,False,False,False,False,False,False,False,False,False,False,False,33.8027920380556,-117.4659261431046,1321.8,2972.0,1049.4,396.9,True,1,1,False,False,False,False,,True,False,False,Course Lock,196.8,67,16.4,93,E,S,11.4,11.4,Calm,False,False,Android,7.0.2,M300 RTK,1ZN7L4R0H1D00F,1W9DL31001461C,1ZMLH8300204F0,1Z6PH74DAP0QN7,"Corona, CA",728.3,5.7,137.7,8.547347,2.013246,0,0,DJI Matrice 300 RTK,M300 RTK,1ZN7L4R0H1D00F,1W9DL31001461C,1ZMLH8300204F0,1Z6PH74DAP0QN7,DJI Pilot,Android,7.0.2,1EF72A62-B7C3-C88D-164E-CE6F8C8424AE,1ZN7L4R0H1D00F,1W9DL31001461C,,1ZMLH8300204F0,1W9DL31001461C,,,,,
2023-11-01,11:27:59.04 AM,3m 36.7s,216.7,33.8014893992163,-117.4699967451401,127.9,127.9,18.0,1392,1547.6,4.320248,6.085134,1.565858,2.23694,-4.026492,1.342164,-0.223694,0,3.7,0.1,3.7,-69,291,289.6,Tripod,Other,,23,5,True,,True,False,,Smart,RC,False,True,False,,,True,,False,False,False,False,False,False,False,False,False,False,0,Follow Yaw,-77.9,0,-77.2,282.8,False,False,False,False,False,,0,0,False,False,No Card,100,100,1024,1264,1208,1024,2,False,False,False,False,False,0,False,False,False,False,88,,47.472,,8838,,10044,,47.472,,True,3.958,3.958,3.958,3.958,3.958,3.958,3.958,3.958,3.958,3.958,3.958,3.958,0,,False,False,True,,,,,,,,,,,,,,,False,False,19.496,,89.4,,75.7,,89.4,,1688,53,13,17,8,142139.0,18951.87,,Idle,,20,,10,,,20,Go Home,False,False,False,False,False,False,False,False,False,False,False,False,33.8027920380556,-117.4659261431046,1322.3,2972.0,1049.4,396.9,True,1,1,False,False,False,False,,True,False,False,Course Lock,196.8,67,16.4,93,E,S,11.4,11.4,Calm,False,False,Android,7.0.2,M300 RTK,1ZN7L4R0H1D00F,1W9DL31001461C,1ZMLH8300204F0,1Z6PH74DAP0QN7,"Corona, CA",728.3,5.7,137.7,8.547347,2.013246,0,0,DJI Matrice 300 RTK,M300 RTK,1ZN7L4R0H1D00F,1W9DL31001461C,1ZMLH8300204F0,1Z6PH74DAP0QN7,DJI Pilot,Android,7.0.2,1EF72A62-B7C3-C88D-164E-CE6F8C8424AE,1ZN7L4R0H1D00F,1W9DL31001461C,,1ZMLH8300204F0,1W9DL31001461C,,,,,
2023-11-01,11:27:59.14 AM,3m 36.8s,216.8,33.8014900357442,-117.4699987530267,127.9,127.9,18.0,1392,1548.3,4.320248,6.085134,1.565858,2.23694,-4.026492,1.342164,-0.223694,0,3.6,0.1,3.6,-69,291,290.8,Tripod,Other,,22,5,True,,True,False,,Smart,RC,False,True,False,,,True,,False,False,False,False,False,False,False,False,False,False,0,Follow Yaw,-77.9,0,-77.2,282.8,False,False,False,False,False,,0,0,False,False,No Card,100,100,1024,1265,1208,1024,2,False,False,False,False,False,0,False,False,False,False,88,,47.472,,8838,,10044,,47.472,,True,3.958,3.958,3.958,3.958,3.958,3.958,3.958,3.958,3.958,3.958,3.958,3.958,0,,False,False,True,,,,,,,,,,,,,,,False,False,19.496,,89.4,,75.7,,89.4,,1688,53,13,17,8,142139.0,18951.87,,Idle,,20,,10,,,20,Go Home,False,False,False,False,False,False,False,False,False,False,False,False,33.8027920380556,-117.4659261431046,1322.8,2972.0,1049.4,396.9,True,1,1,False,False,False,False,,True,False,False,Course Lock,196.8,67,16.4,93,E,S,11.4,11.4,Calm,False,False,Android,7.0.2,M300 RTK,1ZN7L4R0H1D00F,1W9DL31001461C,1ZMLH8300204F0,1Z6PH74DAP0QN7,"Corona, CA",728.3,5.7,137.7,8.547347,2.013246,0,0,DJI Matrice 300 RTK,M300 RTK,1ZN7L4R0H1D00F,1W9DL31001461C,1ZMLH8300204F0,1Z6PH74DAP0QN7,DJI Pilot,Android,7.0.2,1EF72A62-B7C3-C88D-164E-CE6F8C8424AE,1ZN7L4R0H1D00F,1W9DL31001461C,,1ZMLH8300204F0,1W9DL31001461C,,,,,
2023-11-01,11:27:59.24 AM,3m 36.9s,216.9,33.8014906410215,-117.4700008559143,128.2,128.2,18.0,1392,1548.9,4.320248,6.085134,1.565858,2.23694,-4.026492,1.342164,-0.223694,0,3.6,0,3.6,-69.2,290.8,289.1,Tripod,Other,,22,5,True,,True,False,,Smart,RC,False,True,False,,,True,,False,False,False,False,False,False,False,False,False,False,0,Follow Yaw,-77.9,0,-77.2,282.8,False,False,False,False,False,,0,0,False,False,No Card,100,100,1024,1266,1208,1024,2,False,False,False,False,False,0,False,False,False,False,88,,47.472,,8838,,10044,,47.472,,True,3.958,3.958,3.958,3.958,3.958,3.958,3.958,3.958,3.958,3.958,3.958,3.958,0,,False,False,True,,,,,,,,,,,,,,,False,False,19.496,,89.4,,75.7,,89.4,,1688,53,13,17,8,142139.0,18951.87,,Idle,,20,,10,,,20,Go Home,False,False,False,False,False,False,False,False,False,False,False,False,33.8027920380556,-117.4659261431046,1323.3,2972.0,1049.4,396.9,True,1,1,False,False,False,False,,True,False,False,Course Lock,196.8,67,16.4,93,E,S,11.4,11.4,Calm,False,False,Android,7.0.2,M300 RTK,1ZN7L4R0H1D00F,1W9DL31001461C,1ZMLH8300204F0,1Z6PH74DAP0QN7,"Corona, CA",728.3,5.7,137.7,8.547347,2.013246,0,0,DJI Matrice 300 RTK,M300 RTK,1ZN7L4R0H1D00F,1W9DL31001461C,1ZMLH8300204F0,1Z6PH74DAP0QN7,DJI Pilot,Android,7.0.2,1EF72A62-B7C3-C88D-164E-CE6F8C8424AE,1ZN7L4R0H1D00F,1W9DL31001461C,,1ZMLH8300204F0,1W9DL31001461C,,,,,
2023-11-01,11:27:59.34 AM,3m 37.0s,217.0,33.8014912770012,-117.4700028614919,128.2,128.2,18.0,1392,1549.6,4.320248,6.085134,1.565858,2.23694,-4.026492,1.342164,-0.223694,0,3.7,0.1,3.7,-69.3,290.7,290.8,Tripod,Other,,22,5,True,,True,False,,Smart,RC,False,True,False,,,True,,False,False,False,False,False,False,False,False,False,False,0,Follow Yaw,-77.9,0,-77.2,282.8,False,False,False,False,False,,0,0,False,False,No Card,100,100,1024,1269,1205,1024,2,False,False,False,False,False,0,False,False,False,False,88,,47.376,,4387,,4986,,47.376,,True,3.958,3.958,3.958,3.958,3.958,3.958,3.958,3.958,3.958,3.958,3.958,3.958,0,,False,False,True,,,,,,,,,,,,,,,False,False,9.64,,89.0,,75.7,,89.4,,1688,53,13,17,8,142139.0,18951.87,,Idle,,20,,10,,,20,Go Home,False,False,False,False,False,False,False,False,False,False,False,False,33.8027920380556,-117.4659261431046,1323.8,2972.0,1049.4,396.9,True,1,1,False,False,False,False,,True,False,False,Course Lock,196.8,67,16.4,93,E,S,11.4,11.4,Calm,False,False,Android,7.0.2,M300 RTK,1ZN7L4R0H1D00F,1W9DL31001461C,1ZMLH8300204F0,1Z6PH74DAP0QN7,"Corona, CA",728.3,5.7,137.7,8.547347,2.013246,0,0,DJI Matrice 300 RTK,M300 RTK,1ZN7L4R0H1D00F,1W9DL31001461C,1ZMLH8300204F0,1Z6PH74DAP0QN7,DJI Pilot,Android,7.0.2,1EF72A62-B7C3-C88D-164E-CE6F8C8424AE,1ZN7L4R0H1D00F,1W9DL31001461C,,1ZMLH8300204F0,1W9DL31001461C,,,,,
2023-11-01,11:27:59.44 AM,3m 37.1s,217.1,33.8014917698854,-117.4700049356813,128.2,128.2,18.0,1392,1550.2,4.320248,6.085134,1.565858,2.23694,-4.026492,1.342164,-0.223694,0,3.6,0.4,3.6,-69.4,290.6,285.9,Tripod,Other,,22,5,True,,True,False,,Smart,RC,False,True,False,,,True,,False,False,False,False,False,False,False,False,False,False,0,Follow Yaw,-77.9,0,-77.2,282.8,False,False,False,False,False,,0,0,False,False,No Card,100,100,1024,1268,1207,1024,2,False,False,False,False,False,0,False,False,False,False,88,,47.376,,4387,,4986,,47.376,,True,3.958,3.958,3.958,3.958,3.958,3.958,3.958,3.958,3.958,3.958,3.958,3.958,0,,False,False,True,,,,,,,,,,,,,,,False,False,9.64,,89.0,,75.7,,89.4,,1688,53,13,17,8,142139.0,18951.87,,Idle,,20,,10,,,20,Go Home,False,False,False,False,False,False,False,False,False,False,False,False,33.8027920380556,-117.4659261431046,1324.3,2972.0,1049.4,396.9,True,1,1,False,False,False,False,,True,False,False,Course Lock,196.8,67,16.4,93,E,S,11.4,11.4,Calm,False,False,Android,7.0.2,M300 RTK,1ZN7L4R0H1D00F,1W9DL31001461C,1ZMLH8300204F0,1Z6PH74DAP0QN7,"Corona, CA",728.3,5.7,137.7,8.547347,2.013246,0,0,DJI Matrice 300 RTK,M300 RTK,1ZN7L4R0H1D00F,1W9DL31001461C,1ZMLH8300204F0,1Z6PH74DAP0QN7,DJI Pilot,Android,7.0.2,1EF72A62-B7C3-C88D-164E-CE6F8C8424AE,1ZN7L4R0H1D00F,1W9DL31001461C,,1ZMLH8300204F0,1W9DL31001461C,,,,,
2023-11-01,11:27:59.54 AM,3m 37.2s,217.2,33.8014924003826,-117.470006931033,128.2,128.2,18.0,1392,1550.9,4.320248,6.085134,1.565858,2.23694,-4.026492,1.342164,-0.223694,0,3.4,0.8,3.4,-69.5,290.5,290.8,Tripod,Other,,22,5,True,,True,False,,Smart,RC,False,True,False,,,True,,False,False,False,False,False,False,False,False,False,False,0,Follow Yaw,-77.9,0,-77.2,282.8,False,False,False,False,False,,0,0,False,False,No Card,100,100,1024,1264,1209,1024,2,False,False,False,False,False,0,False,False,False,False,88,,47.376,,4387,,4986,,47.376,,True,3.958,3.958,3.958,3.958,3.958,3.958,3.958,3.958,3.958,3.958,3.958,3.958,0,,False,False,True,,,,,,,,,,,,,,,False,False,9.64,,89.0,,75.7,,89.4,,1688,53,13,17,8,142139.0,18951.87,,Idle,,20,,10,,,20,Go Home,False,False,False,False,False,False,False,False,False,False,False,False,33.8027920380556,-117.4659261431046,1324.8,2972.0,1049.4,396.9,True,1,1,False,False,False,False,,True,False,False,Course Lock,196.8,67,16.4,93,E,S,11.4,11.4,Calm,False,False,Android,7.0.2,M300 RTK,1ZN7L4R0H1D00F,1W9DL31001461C,1ZMLH8300204F0,1Z6PH74DAP0QN7,"Corona, CA",728.3,5.7,137.7,8.547347,2.013246,0,0,DJI Matrice 300 RTK,M300 RTK,1ZN7L4R0H1D00F,1W9DL31001461C,1ZMLH8300204F0,1Z6PH74DAP0QN7,DJI Pilot,Android,7.0.2,1EF72A62-B7C3-C88D-164E-CE6F8C8424AE,1ZN7L4R0H1D00F,1W9DL31001461C,,1ZMLH8300204F0,1W9DL31001461C,,,,,
2023-11-01,11:27:59.64 AM,3m 37.3s,217.3,33.8014932589552,-117.470008996646,128.2,128.2,18.0,1392,1551.6,4.112564,6.085134,1.565858,2.23694,-3.802798,1.342164,-0.223694,0,3.4,0.7,3.4,-69.6,290.4,296.5,Tripod,Other,,22,5,True,,True,False,,Smart,RC,False,True,False,,,True,,False,False,False,False,False,False,False,False,False,False,0,Follow Yaw,-77.9,0,-77.2,282.8,False,False,False,False,False,,0,0,False,False,No Card,100,100,1024,1266,1207,1024,2,False,False,False,False,False,0,False,False,False,False,88,,47.376,,4387,,4986,,47.376,,True,3.955,3.955,3.955,3.955,3.955,3.955,3.955,3.955,3.955,3.955,3.955,3.955,0,,False,False,True,,,,,,,,,,,,,,,False,False,9.64,,89.0,,75.7,,89.4,,1686,53,13,17,8,142562.1,19008.28,,Idle,,20,,10,,,20,Go Home,False,False,False,False,False,False,False,False,False,False,False,False,33.8027920380556,-117.4659261431046,1325.2,2972.0,1049.4,396.9,True,1,1,False,False,False,False,,True,False,False,Course Lock,196.8,67,16.4,93,E,S,11.4,11.4,Calm,False,False,Android,7.0.2,M300 RTK,1ZN7L4R0H1D00F,1W9DL31001461C,1ZMLH8300204F0,1Z6PH74DAP0QN7,"Corona, CA",728.3,5.7,137.7,8.547347,2.013246,0,0,DJI Matrice 300 RTK,M300 RTK,1ZN7L4R0H1D00F,1W9DL31001461C,1ZMLH8300204F0,1Z6PH74DAP0QN7,DJI Pilot,Android,7.0.2,1EF72A62-B7C3-C88D-164E-CE6F8C8424AE,1ZN7L4R0H1D00F,1W9DL31001461C,,1ZMLH8300204F0,1W9DL31001461C,,,,,
2023-11-01,11:27:59.74 AM,3m 37.4s,217.4,33.8014939459229,-117.4700109768239,128.2,128.2,18.0,1392,1552.2,4.112564,6.085134,1.565858,2.23694,-3.802798,1.342164,-0.223694,0,3.4,0.2,3.4,-69.5,290.5,292.6,Tripod,Other,,21,5,True,,True,False,,Smart,RC,False,True,False,,,True,,False,False,False,False,False,False,False,False,False,False,0,Follow Yaw,-77.9,0,-77.2,282.8,False,False,False,False,False,,0,0,False,False,No Card,100,100,1024,1267,1206,1024,2,False,False,False,False,False,0,False,False,False,False,88,,47.376,,4387,,4986,,47.376,,True,3.955,3.955,3.955,3.955,3.955,3.955,3.955,3.955,3.955,3.955,3.955,3.955,0,,False,False,True,,,,,,,,,,,,,,,False,False,9.64,,89.0,,75.7,,89.4,,1686,53,13,17,8,142562.1,19008.28,,Idle,,20,,10,,,20,Go Home,False,False,False,False,False,False,False,False,False,False,False,False,33.8027920380556,-117.4659261431046,1325.7,2972.0,1049.4,396.9,True,1,1,False,False,False,False,,True,False,False,Course Lock,196.8,67,16.4,93,E,S,11.4,11.4,Calm,False,False,Android,7.0.2,M300 RTK,1ZN7L4R0H1D00F,1W9DL31001461C,1ZMLH8300204F0,1Z6PH74DAP0QN7,"Corona, CA",728.3,5.7,137.7,8.547347,2.013246,0,0,DJI Matrice 300 RTK,M300 RTK,1ZN7L4R0H1D00F,1W9DL31001461C,1ZMLH8300204F0,1Z6PH74DAP0QN7,DJI Pilot,Android,7.0.2,1EF72A62-B7C3-C88D-164E-CE6F8C8424AE,1ZN7L4R0H1D00F,1W9DL31001461C,,1ZMLH8300204F0,1W9DL31001461C,,,,,
2023-11-01,11:27:59.84 AM,3m 37.5s,217.5,33.8014945018568,-117.4700127208188,128.6,128.6,18.0,1392,1552.8,4.112564,6.085134,1.565858,2.23694,-3.802798,1.342164,-0.223694,0,3.5,-0.1,3.5,-69.4,290.6,290.9,Tripod,Other,,21,5,True,,True,False,,Smart,RC,False,True,False,,,True,,False,False,False,False,False,False,False,False,False,False,0,Follow Yaw,-77.9,0,-77.2,282.8,False,False,False,False,False,,0,0,False,False,No Card,100,100,1024,1268,1205,1024,2,False,False,False,False,False,0,False,False,False,False,88,,47.376,,4387,,4986,,47.376,,True,3.955,3.955,3.955,3.955,3.955,3.955,3.955,3.955,3.955,3.955,3.955,3.955,0,,False,False,True,,,,,,,,,,,,,,,False,False,9.64,,89.0,,75.7,,89.4,,1686,53,13,17,8,142562.1,19008.28,,Idle,,20,,10,,,20,Go Home,False,False,False,False,False,False,False,False,False,False,False,False,33.8027920380556,-117.4659261431046,1326.1,2972.0,1049.4,396.9,True,1,1,False,False,False,False,,True,False,False,Course Lock,196.8,67,16.4,93,E,S,11.4,11.4,Calm,False,False,Android,7.0.2,M300 RTK,1ZN7L4R0H1D00F,1W9DL31001461C,1ZMLH8300204F0,1Z6PH74DAP0QN7,"Corona, CA",728.3,5.7,137.7,8.547347,2.013246,0,0,DJI Matrice 300 RTK,M300 RTK,1ZN7L4R0H1D00F,1W9DL31001461C,1ZMLH8300204F0,1Z6PH74DAP0QN7,DJI Pilot,Android,7.0.2,1EF72A62-B7C3-C88D-164E-CE6F8C8424AE,1ZN7L4R0H1D00F,1W9DL31001461C,,1ZMLH8300204F0,1W9DL31001461C,,,,,
2023-11-01,11:27:59.94 AM,3m 37.6s,217.6,33.8014951926624,-117.4700146640518,128.6,128.6,18.3,1392,1553.4,4.112564,6.085134,1.565858,2.23694,-3.802798,1.342164,-0.223694,0,3.5,-0.4,3.5,-69.3,290.7,293.1,Tripod,Other,,21,5,True,,True,False,,Smart,RC,False,True,False,,,True,,False,False,False,False,False,False,False,False,False,False,0,Follow Yaw,-77.9,0,-77.2,282.8,False,False,False,False,False,,0,0,False,False,No Card,100,100,1024,1262,1211,1024,2,False,False,False,False,False,0,False,False,False,False,88,,47.376,,4387,,4986,,47.376,,True,3.955,3.955,3.955,3.955,3.955,3.955,3.955,3.955,3.955,3.955,3.955,3.955,0,,False,False,True,,,,,,,,,,,,,,,False,False,9.64,,89.0,,75.7,,89.4,,1686,53,13,17,8,142562.1,19008.28,,Idle,,20,,10,,,20,Go Home,False,False,False,False,False,False,False,False,False,False,False,False,33.8027920380556,-117.4659261431046,1326.6,2972.0,1049.4,396.9,True,1,1,False,False,False,False,,True,False,False,Course Lock,196.8,67,16.4,93,E,S,11.4,11.4,Calm,False,False,Android,7.0.2,M300 RTK,1ZN7L4R0H1D00F,1W9DL31001461C,1ZMLH8300204F0,1Z6PH74DAP0QN7,"Corona, CA",728.3,5.7,137.7,8.547347,2.013246,0,0,DJI Matrice 300 RTK,M300 RTK,1ZN7L4R0H1D00F,1W9DL31001461C,1ZMLH8300204F0,1Z6PH74DAP0QN7,DJI Pilot,Android,7.0.2,1EF72A62-B7C3-C88D-164E-CE6F8C8424AE,1ZN7L4R0H1D00F,1W9DL31001461C,,1ZMLH8300204F0,1W9DL31001461C,,,,,
2023-11-01,11:28:00.04 AM,3m 37.7s,217.7,33.8014958823714,-117.470016653466,128.6,128.6,18.3,1392,1554.1,4.112564,6.085134,1.565858,2.23694,-3.802798,1.342164,-0.223694,0,3.4,-0.6,3.4,-69.2,290.8,292.6,Tripod,Other,,21,5,True,,True,False,,Smart,RC,False,True,False,,,True,,False,False,False,False,False,False,False,False,False,False,0,Follow Yaw,-77.9,0,-77.2,282.8,False,False,False,False,False,,0,0,False,False,No Card,100,100,1024,1264,1211,1024,2,False,False,False,False,False,0,False,False,False,False,88,,47.376,,4387,,4986,,47.376,,True,3.955,3.955,3.955,3.955,3.955,3.955,3.955,3.955,3.955,3.955,3.955,3.955,0,,False,False,True,,,,,,,,,,,,,,,False,False,9.64,,89.0,,75.7,,89.4,,1686,53,13,17,8,142562.1,19008.28,,Idle,,20,,10,,,20,Go Home,False,False,False,False,False,False,False,False,False,False,False,False,33.8027920380556,-117.4659261431046,1327.1,2972.0,1049.4,396.9,True,1,1,False,False,False,False,,True,False,False,Course Lock,196.8,67,16.4,93,E,S,11.4,11.4,Calm,False,False,Android,7.0.2,M300 RTK,1ZN7L4R0H1D00F,1W9DL31001461C,1ZMLH8300204F0,1Z6PH74DAP0QN7,"Corona, CA",728.3,5.7,137.7,8.547347,2.013246,0,0,DJI Matrice 300 RTK,M300 RTK,1ZN7L4R0H1D00F,1W9DL31001461C,1ZMLH8300204F0,1Z6PH74DAP0QN7,DJI Pilot,Android,7.0.2,1EF72A62-B7C3-C88D-164E-CE6F8C8424AE,1ZN7L4R0H1D00F,1W9DL31001461C,,1ZMLH8300204F0,1W9DL31001461C,,,,,
2023-11-01,11:28:00.14 AM,3m 37.8s,217.8,33.8014965742735,-117.4700185930706,128.6,128.6,18.3,1392,1554.7,4.112564,6.085134,1.565858,2.23694,-3.802798,1.342164,-0.223694,0,3.4,-0.7,3.4,-69.2,290.8,293.2,Tripod,Other,,23,5,True,,True,False,,Smart,RC,False,True,False,,,True,,False,False,False,False,False,False,False,False,False,False,0,Follow Yaw,-77.9,0,-77.2,282.8,False,False,False,False,False,,0,0,False,False,No Card,100,100,1024,1268,1207,1024,2,False,False,False,False,False,0,False,False,False,False,88,,47.376,,4387,,4986,,47.376,,True,3.955,3.955,3.955,3.955,3.955,3.955,3.955,3.955,3.955,3.955,3.955,3.955,0,,False,False,True,,,,,,,,,,,,,,,False,False,9.64,,89.0,,75.7,,89.4,,1686,53,13,17,8,142562.1,19008.28,,Idle,,20,,10,,,20,Go Home,False,False,False,False,False,False,False,False,False,False,False,False,33.8027920380556,-117.4659261431046,1327.5,2972.0,1049.4,396.9,True,1,1,False,False,False,False,,True,False,False,Course Lock,196.8,67,16.4,93,E,S,11.4,11.4,Calm,False,False,Android,7.0.2,M300 RTK,1ZN7L4R0H1D00F,1W9DL31001461C,1ZMLH8300204F0,1Z6PH74DAP0QN7,"Corona, CA",728.3,5.7,137.7,8.547347,2.013246,0,0,DJI Matrice 300 RTK,M300 RTK,1ZN7L4R0H1D00F,1W9DL31001461C,1ZMLH8300204F0,1Z6PH74DAP0QN7,DJI Pilot,Android,7.0.2,1EF72A62-B7C3-C88D-164E-CE6F8C8424AE,1ZN7L4R0H1D00F,1W9DL31001461C,,1ZMLH8300204F0,1W9DL31001461C,,,,,
2023-11-01,11:28:00.21 AM,3m 37.9s,217.9,33.801497197095,-117.4700206679198,128.6,128.6,18.3,1392,1555.4,4.112564,6.085134,1.565858,2.23694,-3.802798,1.342164,-0.223694,0,3.4,-0.8,3.4,-69.1,290.9,289.8,Tripod,Other,,23,5,True,,True,False,,Smart,RC,False,True,False,,,True,,False,False,False,False,False,False,False,False,False,False,0,Follow Yaw,-77.9,0,-77.2,282.8,False,False,False,False,False,,0,0,False,False,No Card,100,100,1024,1270,1209,1024,2,False,False,False,False,False,0,False,False,False,False,88,,47.376,,4387,,4986,,47.376,,True,3.955,3.955,3.955,3.955,3.955,3.955,3.955,3.955,3.955,3.955,3.955,3.955,0,,False,False,True,,,,,,,,,,,,,,,False,False,9.64,,89.0,,75.7,,89.4,,1686,53,13,17,8,142562.1,19008.28,,Idle,,20,,10,,,20,Go Home,False,False,False,False,False,False,False,False,False,False,False,False,33.8027920380556,-117.4659261431046,1328.0,2972.0,1049.4,396.9,True,1,1,False,False,False,False,,True,False,False,Course Lock,196.8,67,16.4,93,E,S,11.4,11.4,Calm,False,False,Android,7.0.2,M300 RTK,1ZN7L4R0H1D00F,1W9DL31001461C,1ZMLH8300204F0,1Z6PH74DAP0QN7,"Corona, CA",728.3,5.7,137.7,8.547347,2.013246,0,0,DJI Matrice 300 RTK,M300 RTK,1ZN7L4R0H1D00F,1W9DL31001461C,1ZMLH8300204F0,1Z6PH74DAP0QN7,DJI Pilot,Android,7.0.2,1EF72A62-B7C3-C88D-164E-CE6F8C8424AE,1ZN7L4R0H1D00F,1W9DL31001461C,,1ZMLH8300204F0,1W9DL31001461C,,,,,
2023-11-01,11:28:00.31 AM,3m 38.0s,218.0,33.8014978752906,-117.470022620719,128.6,128.6,18.3,1392,1556.0,4.112564,6.085134,1.565858,2.23694,-3.802798,1.342164,-0.223694,0,3.5,-0.7,3.5,-69,291,292.6,Tripod,Other,,23,5,True,,True,False,,Smart,RC,False,True,False,,,True,,False,False,False,False,False,False,False,False,False,False,0,Follow Yaw,-77.9,0,-77.2,282.8,False,False,False,False,False,,0,0,False,False,No Card,100,100,1024,1273,1227,1024,2,False,False,False,False,False,0,False,False,False,False,88,,47.448,,8838,,10044,,47.448,,True,3.955,3.955,3.955,3.955,3.955,3.955,3.955,3.955,3.955,3.955,3.955,3.955,0,,False,False,True,,,,,,,,,,,,,,,False,False,19.416,,89.6,,75.7,,89.6,,1686,53,13,17,8,142562.1,19008.28,,Idle,,20,,10,,,20,Go Home,False,False,False,False,False,False,False,False,False,False,False,False,33.8027920380556,-117.4659261431046,1328.5,2972.0,1049.4,396.9,True,1,1,False,False,False,False,,True,False,False,Course Lock,196.8,67,16.4,93,E,S,11.4,11.4,Calm,False,False,Android,7.0.2,M300 RTK,1ZN7L4R0H1D00F,1W9DL31001461C,1ZMLH8300204F0,1Z6PH74DAP0QN7,"Corona, CA",728.3,5.7,137.7,8.547347,2.013246,0,0,DJI Matrice 300 RTK,M300 RTK,1ZN7L4R0H1D00F,1W9DL31001461C,1ZMLH8300204F0,1Z6PH74DAP0QN7,DJI Pilot,Android,7.0.2,1EF72A62-B7C3-C88D-164E-CE6F8C8424AE,1ZN7L4R0H1D00F,1W9DL31001461C,,1ZMLH8300204F0,1W9DL31001461C,,,,,
2023-11-01,11:28:00.41 AM,3m 38.1s,218.1,33.8014984339658,-117.470024408256,128.9,128.9,18.3,1393,1556.6,4.112564,6.085134,1.565858,2.23694,-3.802798,1.342164,-0.223694,0,3.6,-0.5,3.6,-69,291,290.6,Tripod,Other,,23,5,True,,True,False,,Smart,RC,False,True,False,,,True,,False,False,False,False,False,False,False,False,False,False,0,Follow Yaw,-77.9,0,-77.2,282.8,False,False,False,False,False,,0,0,False,False,No Card,100,100,1024,1270,1279,1024,2,False,False,False,False,False,0,False,False,False,False,88,,47.448,,8838,,10044,,47.448,,True,3.955,3.955,3.955,3.955,3.955,3.955,3.955,3.955,3.955,3.955,3.955,3.955,0,,False,False,True,,,,,,,,,,,,,,,False,False,19.416,,89.6,,75.7,,89.6,,1686,53,13,17,8,142562.1,19008.28,,Idle,,20,,10,,,20,Go Home,False,False,False,False,False,False,False,False,False,False,False,False,33.8027920380556,-117.4659261431046,1328.9,2972.0,1049.4,396.9,True,1,1,False,False,False,False,,True,False,False,Course Lock,196.8,67,16.4,93,E,S,11.4,11.4,Calm,False,False,Android,7.0.2,M300 RTK,1ZN7L4R0H1D00F,1W9DL31001461C,1ZMLH8300204F0,1Z6PH74DAP0QN7,"Corona, CA",728.3,5.7,137.7,8.547347,2.013246,0,0,DJI Matrice 300 RTK,M300 RTK,1ZN7L4R0H1D00F,1W9DL31001461C,1ZMLH8300204F0,1Z6PH74DAP0QN7,DJI Pilot,Android,7.0.2,1EF72A62-B7C3-C88D-164E-CE6F8C8424AE,1ZN7L4R0H1D00F,1W9DL31001461C,,1ZMLH8300204F0,1W9DL31001461C,,,,,
2023-11-01,11:28:00.52 AM,3m 38.2s,218.2,33.8014990924241,-117.470026339614,128.9,128.9,18.3,1393,1557.3,4.112564,6.085134,1.565858,2.23694,-3.802798,1.342164,-0.223694,0,3.6,-0.4,3.6,-69,291,292.3,Tripod,Other,,23,5,True,,True,False,,Smart,RC,False,True,False,,,True,,False,False,False,False,False,False,False,False,False,False,0,Follow Yaw,-77.9,0,-77.2,282.8,False,False,False,False,False,,0,0,False,False,No Card,100,100,1024,1272,1296,1024,2,False,False,False,False,False,0,False,False,False,False,88,,47.448,,8838,,10044,,47.448,,True,3.955,3.955,3.955,3.955,3.955,3.955,3.955,3.955,3.955,3.955,3.955,3.955,0,,False,False,True,,,,,,,,,,,,,,,False,False,19.416,,89.6,,75.7,,89.6,,1686,53,13,17,8,142562.1,19008.28,,Idle,,20,,10,,,20,Go Home,False,False,False,False,False,False,False,False,False,False,False,False,33.8027920380556,-117.4659261431046,1329.4,2972.0,1049.4,396.9,True,1,1,False,False,False,False,,True,False,False,Course Lock,196.8,67,16.4,93,E,S,11.4,11.4,Calm,False,False,Android,7.0.2,M300 RTK,1ZN7L4R0H1D00F,1W9DL31001461C,1ZMLH8300204F0,1Z6PH74DAP0QN7,"Corona, CA",728.3,5.7,137.7,8.547347,2.013246,0,0,DJI Matrice 300 RTK,M300 RTK,1ZN7L4R0H1D00F,1W9DL31001461C,1ZMLH8300204F0,1Z6PH74DAP0QN7,DJI Pilot,Android,7.0.2,1EF72A62-B7C3-C88D-164E-CE6F8C8424AE,1ZN7L4R0H1D00F,1W9DL31001461C,,1ZMLH8300204F0,1W9DL31001461C,,,,,
2023-11-01,11:28:00.64 AM,3m 38.3s,218.3,33.8014997744575,-117.4700281555193,128.9,128.9,18.3,1393,1557.9,4.112564,6.085134,1.565858,2.23694,-3.802798,1.342164,-0.223694,0,3.6,-0.4,3.6,-68.9,291.1,294.3,Tripod,Other,,23,5,True,,True,False,,Smart,RC,False,True,False,,,True,,False,False,False,False,False,False,False,False,False,False,0,Follow Yaw,-77.9,0,-77.2,282.8,False,False,False,False,False,,0,0,False,False,No Card,100,100,1024,1274,1297,1024,2,False,False,False,False,False,0,False,False,False,False,88,,47.448,,8838,,10044,,47.448,,True,3.956,3.956,3.956,3.956,3.956,3.956,3.956,3.956,3.956,3.956,3.956,3.956,0,,False,False,True,,,,,,,,,,,,,,,False,False,19.416,,89.6,,75.7,,89.6,,1684,53,13,17,8,143140.5,19085.41,,Idle,,20,,10,,,20,Go Home,False,False,False,False,False,False,False,False,False,False,False,False,33.8027920380556,-117.4659261431046,1329.8,2972.0,1049.4,396.9,True,1,1,False,False,False,False,,True,False,False,Course Lock,196.8,67,16.4,93,E,S,11.4,11.4,Calm,False,False,Android,7.0.2,M300 RTK,1ZN7L4R0H1D00F,1W9DL31001461C,1ZMLH8300204F0,1Z6PH74DAP0QN7,"Corona, CA",728.3,5.7,137.7,8.547347,2.013246,0,0,DJI Matrice 300 RTK,M300 RTK,1ZN7L4R0H1D00F,1W9DL31001461C,1ZMLH8300204F0,1Z6PH74DAP0QN7,DJI Pilot,Android,7.0.2,1EF72A62-B7C3-C88D-164E-CE6F8C8424AE,1ZN7L4R0H1D00F,1W9DL31001461C,,1ZMLH8300204F0,1W9DL31001461C,,,,,
2023-11-01,11:28:00.73 AM,3m 38.4s,218.4,33.8015004214024,-117.4700300571895,128.9,128.9,18.3,1393,1558.5,4.112564,6.085134,1.565858,2.23694,-3.802798,1.342164,-0.447388,0,3.5,-0.5,3.5,-68.9,291.1,292.2,Tripod,Other,,23,5,True,,True,False,,Smart,RC,False,True,False,,,True,,False,False,False,False,False,False,False,False,False,False,0,Follow Yaw,-77.9,0,-77.2,282.8,False,False,False,False,False,,0,0,False,False,No Card,100,100,1024,1268,1300,1024,2,False,False,False,False,False,0,False,False,False,False,88,,47.448,,8838,,10044,,47.448,,True,3.956,3.956,3.956,3.956,3.956,3.956,3.956,3.956,3.956,3.956,3.956,3.956,0,,False,False,True,,,,,,,,,,,,,,,False,False,19.416,,89.6,,75.7,,89.6,,1684,53,13,17,8,143140.5,19085.41,,Idle,,20,,10,,,20,Go Home,False,False,False,False,False,False,False,False,False,False,False,False,33.8027920380556,-117.4659261431046,1330.3,2972.0,1049.4,396.9,True,1,1,False,False,False,False,,True,False,False,Course Lock,196.8,67,16.4,93,E,S,11.4,11.4,Calm,False,False,Android,7.0.2,M300 RTK,1ZN7L4R0H1D00F,1W9DL31001461C,1ZMLH8300204F0,1Z6PH74DAP0QN7,"Corona, CA",728.3,5.7,137.7,8.547347,2.013246,0,0,DJI Matrice 300 RTK,M300 RTK,1ZN7L4R0H1D00F,1W9DL31001461C,1ZMLH8300204F0,1Z6PH74DAP0QN7,DJI Pilot,Android,7.0.2,1EF72A62-B7C3-C88D-164E-CE6F8C8424AE,1ZN7L4R0H1D00F,1W9DL31001461C,,1ZMLH8300204F0,1W9DL31001461C,,,,,
2023-11-01,11:28:00.83 AM,3m 38.5s,218.5,33.8015010776676,-117.470032011638,128.9,128.9,18.3,1393,1559.1,4.112564,6.085134,1.565858,2.23694,-3.802798,1.342164,-0.447388,0,3.3,-0.5,3.3,-68.9,291.1,292.0,Tripod,Other,,23,5,True,,True,False,,Smart,RC,False,True,False,,,True,,False,False,False,False,False,False,False,False,False,False,0,Follow Yaw,-77.9,0,-77.2,282.8,False,False,False,False,False,,0,0,False,False,No Card,100,100,1024,1263,1302,1024,2,False,False,False,False,False,0,False,False,False,False,88,,47.448,,8838,,10044,,47.448,,True,3.956,3.956,3.956,3.956,3.956,3.956,3.956,3.956,3.956,3.956,3.956,3.956,0,,False,False,True,,,,,,,,,,,,,,,False,False,19.416,,89.6,,75.7,,89.6,,1684,53,13,17,8,143140.5,19085.41,,Idle,,20,,10,,,20,Go Home,False,False,False,False,False,False,False,False,False,False,False,False,33.8027920380556,-117.4659261431046,1330.7,2972.0,1049.4,396.9,True,1,1,False,False,False,False,,True,False,False,Course Lock,196.8,67,16.4,93,E,S,11.4,11.4,Calm,False,False,Android,7.0.2,M300 RTK,1ZN7L4R0H1D00F,1W9DL31001461C,1ZMLH8300204F0,1Z6PH74DAP0QN7,"Corona, CA",728.3,5.7,137.7,8.547347,2.013246,0,0,DJI Matrice 300 RTK,M300 RTK,1ZN7L4R0H1D00F,1W9DL31001461C,1ZMLH8300204F0,1Z6PH74DAP0QN7,DJI Pilot,Android,7.0.2,1EF72A62-B7C3-C88D-164E-CE6F8C8424AE,1ZN7L4R0H1D00F,1W9DL31001461C,,1ZMLH8300204F0,1W9DL31001461C,,,,,
2023-11-01,11:28:00.94 AM,3m 38.6s,218.6,33.801501713099,-117.4700339060582,129.2,129.2,18.3,1393,1559.7,4.112564,6.085134,1.565858,2.23694,-3.802798,1.342164,-0.447388,0,3.2,-0.6,3.2,-68.9,291.1,291.9,Tripod,Other,,23,5,True,,True,False,,Smart,RC,False,True,False,,,True,,False,False,False,False,False,False,False,False,False,False,0,Follow Yaw,-77.9,0,-77.2,282.8,False,False,False,False,False,,0,0,False,False,No Card,100,100,1024,1264,1298,1024,2,False,False,False,False,False,0,False,False,False,False,88,,47.448,,8838,,10044,,47.448,,True,3.956,3.956,3.956,3.956,3.956,3.956,3.956,3.956,3.956,3.956,3.956,3.956,0,,False,False,True,,,,,,,,,,,,,,,False,False,19.416,,89.6,,75.7,,89.6,,1684,53,13,17,8,143140.5,19085.41,,Idle,,20,,10,,,20,Go Home,False,False,False,False,False,False,False,False,False,False,False,False,33.8027920380556,-117.4659261431046,1331.2,2972.0,1049.4,396.9,True,1,1,False,False,False,False,,True,False,False,Course Lock,196.8,67,16.4,93,E,S,11.4,11.4,Calm,False,False,Android,7.0.2,M300 RTK,1ZN7L4R0H1D00F,1W9DL31001461C,1ZMLH8300204F0,1Z6PH74DAP0QN7,"Corona, CA",728.3,5.7,137.7,8.547347,2.013246,0,0,DJI Matrice 300 RTK,M300 RTK,1ZN7L4R0H1D00F,1W9DL31001461C,1ZMLH8300204F0,1Z6PH74DAP0QN7,DJI Pilot,Android,7.0.2,1EF72A62-B7C3-C88D-164E-CE6F8C8424AE,1ZN7L4R0H1D00F,1W9DL31001461C,,1ZMLH8300204F0,1W9DL31001461C,,,,,
2023-11-01,11:28:01.04 AM,3m 38.7s,218.7,33.8015022635505,-117.4700357417484,129.2,129.2,18.7,1393,1560.3,4.112564,6.085134,1.565858,2.23694,-3.802798,1.342164,-0.447388,0,3,-0.6,3,-68.8,291.2,289.8,Tripod,Other,,23,5,True,,True,False,,Smart,RC,False,True,False,,,True,,False,False,False,False,False,False,False,False,False,False,0,Follow Yaw,-77.9,0,-77.2,282.8,False,False,False,False,False,,0,0,False,False,No Card,100,100,1024,1269,1290,1024,2,False,False,False,False,False,0,False,False,False,False,88,,47.46,,4387,,4986,,47.46,,True,3.956,3.956,3.956,3.956,3.956,3.956,3.956,3.956,3.956,3.956,3.956,3.956,0,,False,False,True,,,,,,,,,,,,,,,False,False,9.136,,89.2,,75.7,,89.6,,1684,53,13,17,8,143140.5,19085.41,,Idle,,20,,10,,,20,Go Home,False,False,False,False,False,False,False,False,False,False,False,False,33.8027920380556,-117.4659261431046,1331.7,2972.0,1049.4,396.9,True,1,1,False,False,False,False,,True,False,False,Course Lock,196.8,67,16.4,93,E,S,11.4,11.4,Calm,False,False,Android,7.0.2,M300 RTK,1ZN7L4R0H1D00F,1W9DL31001461C,1ZMLH8300204F0,1Z6PH74DAP0QN7,"Corona, CA",728.3,5.7,137.7,8.547347,2.013246,0,0,DJI Matrice 300 RTK,M300 RTK,1ZN7L4R0H1D00F,1W9DL31001461C,1ZMLH8300204F0,1Z6PH74DAP0QN7,DJI Pilot,Android,7.0.2,1EF72A62-B7C3-C88D-164E-CE6F8C8424AE,1ZN7L4R0H1D00F,1W9DL31001461C,,1ZMLH8300204F0,1W9DL31001461C,,,,,
2023-11-01,11:28:01.15 AM,3m 38.8s,218.8,33.801502873762,-117.4700376341824,129.2,129.2,18.7,1393,1561.0,4.0327,6.085134,1.342164,2.23694,-3.802798,1.342164,-0.447388,0,3.1,-0.7,3.1,-68.8,291.2,291.2,Tripod,Other,,23,5,True,,True,False,,Smart,RC,False,True,False,,,True,,False,False,False,False,False,False,False,False,False,False,0,Follow Yaw,-77.9,0,-77.2,282.8,False,False,False,False,False,,0,0,False,False,No Card,100,100,1024,1274,1262,1024,2,False,False,False,False,False,0,False,False,False,False,88,,47.46,,4387,,4986,,47.46,,True,3.956,3.956,3.956,3.956,3.956,3.956,3.956,3.956,3.956,3.956,3.956,3.956,0,,False,False,True,,,,,,,,,,,,,,,False,False,9.136,,89.2,,75.7,,89.6,,1684,53,13,17,8,143140.5,19085.41,,Idle,,20,,10,,,20,Go Home,False,False,False,False,False,False,False,False,False,False,False,False,33.8027920380556,-117.4659261431046,1332.1,2972.0,1049.4,396.9,True,1,1,False,False,False,False,,True,False,False,Course Lock,196.8,67,16.4,93,E,S,11.4,11.4,Calm,False,False,Android,7.0.2,M300 RTK,1ZN7L4R0H1D00F,1W9DL31001461C,1ZMLH8300204F0,1Z6PH74DAP0QN7,"Corona, CA",728.3,5.7,137.7,8.547347,2.013246,0,0,DJI Matrice 300 RTK,M300 RTK,1ZN7L4R0H1D00F,1W9DL31001461C,1ZMLH8300204F0,1Z6PH74DAP0QN7,DJI Pilot,Android,7.0.2,1EF72A62-B7C3-C88D-164E-CE6F8C8424AE,1ZN7L4R0H1D00F,1W9DL31001461C,,1ZMLH8300204F0,1W9DL31001461C,,,,,
2023-11-01,11:28:01.25 AM,3m 38.9s,218.9,33.8015035541507,-117.4700396892396,129.2,129.2,18.7,1393,1561.6,4.0327,6.085134,1.342164,2.23694,-3.802798,1.342164,-0.447388,0,3.2,-0.5,3.2,-68.8,291.2,291.7,Tripod,Other,,23,5,True,,True,False,,Smart,RC,False,True,False,,,True,,False,False,False,False,False,False,False,False,False,False,0,Follow Yaw,-77.9,0,-77.2,282.8,False,False,False,False,False,,0,0,False,False,No Card,100,100,1024,1271,1139,1024,2,False,False,False,False,False,0,False,False,False,False,88,,47.46,,4387,,4986,,47.46,,True,3.956,3.956,3.956,3.956,3.956,3.956,3.956,3.956,3.956,3.956,3.956,3.956,0,,False,False,True,,,,,,,,,,,,,,,False,False,9.136,,89.2,,75.7,,89.6,,1684,53,13,17,8,143140.5,19085.41,,Idle,,20,,10,,,20,Go Home,False,False,False,False,False,False,False,False,False,False,False,False,33.8027920380556,-117.4659261431046,1332.6,2972.0,1049.4,396.9,True,1,1,False,False,False,False,,True,False,False,Course Lock,196.8,67,16.4,93,E,S,11.18,11.4,Calm,False,False,Android,7.0.2,M300 RTK,1ZN7L4R0H1D00F,1W9DL31001461C,1ZMLH8300204F0,1Z6PH74DAP0QN7,"Corona, CA",728.3,5.7,137.7,8.547347,2.013246,0,0,DJI Matrice 300 RTK,M300 RTK,1ZN7L4R0H1D00F,1W9DL31001461C,1ZMLH8300204F0,1Z6PH74DAP0QN7,DJI Pilot,Android,7.0.2,1EF72A62-B7C3-C88D-164E-CE6F8C8424AE,1ZN7L4R0H1D00F,1W9DL31001461C,,1ZMLH8300204F0,1W9DL31001461C,,,,,
2023-11-01,11:28:01.35 AM,3m 39.0s,219.0,33.8015041544936,-117.4700415988266,129.5,129.5,18.7,1393,1562.2,4.0327,6.085134,1.342164,2.23694,-3.802798,1.342164,-0.447388,0,3.2,-0.2,3.2,-68.8,291.2,290.7,Tripod,Other,,23,5,True,,True,False,,Smart,RC,False,True,False,,,True,,False,False,False,False,False,False,False,False,False,False,0,Follow Yaw,-77.9,0,-77.2,282.8,False,False,False,False,False,,0,0,False,False,No Card,100,100,1024,1271,1130,1024,2,False,False,False,False,False,0,False,False,False,False,88,,47.508,,8838,,10044,,47.508,,True,3.956,3.956,3.956,3.956,3.956,3.956,3.956,3.956,3.956,3.956,3.956,3.956,0,,False,False,True,,,,,,,,,,,,,,,False,False,18.578,,89.7,,75.7,,89.7,,1684,53,13,17,8,143140.5,19085.41,,Idle,,20,,10,,,20,Go Home,False,False,False,False,False,False,False,False,False,False,False,False,33.8027920380556,-117.4659261431046,1333.1,2972.0,1049.4,396.9,True,1,1,False,False,False,False,,True,False,False,Course Lock,196.8,67,16.4,93,E,S,11.18,11.4,Calm,False,False,Android,7.0.2,M300 RTK,1ZN7L4R0H1D00F,1W9DL31001461C,1ZMLH8300204F0,1Z6PH74DAP0QN7,"Corona, CA",728.3,5.7,137.7,8.547347,2.013246,0,0,DJI Matrice 300 RTK,M300 RTK,1ZN7L4R0H1D00F,1W9DL31001461C,1ZMLH8300204F0,1Z6PH74DAP0QN7,DJI Pilot,Android,7.0.2,1EF72A62-B7C3-C88D-164E-CE6F8C8424AE,1ZN7L4R0H1D00F,1W9DL31001461C,,1ZMLH8300204F0,1W9DL31001461C,,,,,
2023-11-01,11:28:01.46 AM,3m 39.1s,219.1,33.8015048156932,-117.4700434965384,129.5,129.5,18.7,1393,1562.9,4.0327,6.085134,1.342164,2.23694,-3.802798,1.342164,-0.447388,0,3.2,0,3.2,-68.8,291.2,292.7,Tripod,Other,,23,5,True,,True,False,,Smart,RC,False,True,False,,,True,,False,False,False,False,False,False,False,False,False,False,0,Follow Yaw,-77.9,0,-77.2,282.8,False,False,False,False,False,,0,0,False,False,No Card,100,100,1024,1271,1131,1024,2,False,False,False,False,False,0,False,False,False,False,88,,47.508,,8838,,10044,,47.508,,True,3.956,3.956,3.956,3.956,3.956,3.956,3.956,3.956,3.956,3.956,3.956,3.956,0,,False,False,True,,,,,,,,,,,,,,,False,False,18.578,,89.7,,75.7,,89.7,,1684,53,13,17,8,143140.5,19085.41,,Idle,,20,,10,,,20,Go Home,False,False,False,False,False,False,False,False,False,False,False,False,33.8027920380556,-117.4659261431046,1333.5,2972.0,1049.4,396.9,True,1,1,False,False,False,False,,True,False,False,Course Lock,196.8,67,16.4,93,E,S,11.18,11.4,Calm,False,False,Android,7.0.2,M300 RTK,1ZN7L4R0H1D00F,1W9DL31001461C,1ZMLH8300204F0,1Z6PH74DAP0QN7,"Corona, CA",728.3,5.7,137.7,8.547347,2.013246,0,0,DJI Matrice 300 RTK,M300 RTK,1ZN7L4R0H1D00F,1W9DL31001461C,1ZMLH8300204F0,1Z6PH74DAP0QN7,DJI Pilot,Android,7.0.2,1EF72A62-B7C3-C88D-164E-CE6F8C8424AE,1ZN7L4R0H1D00F,1W9DL31001461C,,1ZMLH8300204F0,1W9DL31001461C,,,,,
2023-11-01,11:28:01.56 AM,3m 39.2s,219.2,33.8015054187773,-117.4700453955696,129.5,129.5,18.7,1393,1563.5,4.0327,6.085134,1.342164,2.23694,-3.802798,1.342164,-0.223694,0,3.1,0,3.1,-68.9,291.1,290.9,Tripod,Other,,23,5,True,,True,False,,Smart,RC,False,True,False,,,True,,False,False,False,False,False,False,False,False,False,False,0,Follow Yaw,-77.9,0,-77.2,282.8,False,False,False,False,False,,0,0,False,False,No Card,100,100,1024,1311,1140,1024,2,False,False,False,False,False,0,False,False,False,False,88,,47.508,,8838,,10044,,47.508,,True,3.956,3.956,3.956,3.956,3.956,3.956,3.956,3.956,3.956,3.956,3.956,3.956,0,,False,False,True,,,,,,,,,,,,,,,False,False,18.578,,89.7,,75.7,,89.7,,1684,53,13,17,8,143140.5,19085.41,,Idle,,20,,10,,,20,Go Home,False,False,False,False,False,False,False,False,False,False,False,False,33.8027920380556,-117.4659261431046,1334.0,2972.0,1049.4,396.9,True,1,1,False,False,False,False,,True,False,False,Course Lock,196.8,67,16.4,93,E,S,11.18,11.4,Calm,False,False,Android,7.0.2,M300 RTK,1ZN7L4R0H1D00F,1W9DL31001461C,1ZMLH8300204F0,1Z6PH74DAP0QN7,"Corona, CA",728.3,5.7,137.7,8.547347,2.013246,0,0,DJI Matrice 300 RTK,M300 RTK,1ZN7L4R0H1D00F,1W9DL31001461C,1ZMLH8300204F0,1Z6PH74DAP0QN7,DJI Pilot,Android,7.0.2,1EF72A62-B7C3-C88D-164E-CE6F8C8424AE,1ZN7L4R0H1D00F,1W9DL31001461C,,1ZMLH8300204F0,1W9DL31001461C,,,,,
2023-11-01,11:28:01.66 AM,3m 39.3s,219.3,33.8015061358993,-117.4700472665623,129.5,129.5,19.0,1393,1564.1,4.0327,6.085134,1.342164,2.23694,-3.802798,1.342164,-0.223694,0,3.1,0,3.1,-69,291,294.7,Tripod,Other,,23,5,True,,True,False,,Smart,RC,False,True,False,,,True,,False,False,False,False,False,False,False,False,False,False,0,Follow Yaw,-77.9,0,-77.2,282.8,False,False,False,False,False,,0,0,False,False,No Card,100,100,1024,1376,1134,1024,2,False,False,False,False,False,0,False,False,False,False,88,,47.508,,8838,,10044,,47.508,,True,3.961,3.961,3.961,3.961,3.961,3.961,3.961,3.961,3.961,3.961,3.961,3.961,0,,False,False,True,,,,,,,,,,,,,,,False,False,18.578,,89.7,,75.7,,89.7,,1682,53,13,17,8,143609.2,19147.89,,Idle,,20,,10,,,20,Go Home,False,False,False,False,False,False,False,False,False,False,False,False,33.8027920380556,-117.4659261431046,1334.4,2972.0,1049.4,396.9,True,1,1,False,False,False,False,,True,False,False,Course Lock,196.8,67,16.4,93,E,S,11.18,11.4,Calm,False,False,Android,7.0.2,M300 RTK,1ZN7L4R0H1D00F,1W9DL31001461C,1ZMLH8300204F0,1Z6PH74DAP0QN7,"Corona, CA",728.3,5.7,137.7,8.547347,2.013246,0,0,DJI Matrice 300 RTK,M300 RTK,1ZN7L4R0H1D00F,1W9DL31001461C,1ZMLH8300204F0,1Z6PH74DAP0QN7,DJI Pilot,Android,7.0.2,1EF72A62-B7C3-C88D-164E-CE6F8C8424AE,1ZN7L4R0H1D00F,1W9DL31001461C,,1ZMLH8300204F0,1W9DL31001461C,,,,,
2023-11-01,11:28:01.76 AM,3m 39.4s,219.4,33.8015067504969,-117.4700491500899,129.9,129.9,19.0,1394,1564.7,3.822484,6.085134,1.342164,2.23694,-3.579104,1.342164,-0.223694,0,3,0,3,-69,291,291.4,Tripod,Other,,23,5,True,,True,False,,Smart,RC,False,True,False,,,True,,False,False,False,False,False,False,False,False,False,False,0,Follow Yaw,-77.9,0,-77.2,282.8,False,False,False,False,False,,0,0,False,False,No Card,100,100,1024,1374,1129,1024,2,False,False,False,False,False,0,False,False,False,False,88,,47.508,,8838,,10044,,47.508,,True,3.961,3.961,3.961,3.961,3.961,3.961,3.961,3.961,3.961,3.961,3.961,3.961,0,,False,False,True,,,,,,,,,,,,,,,False,False,18.578,,89.7,,75.7,,89.7,,1682,53,13,17,8,143609.2,19147.89,,Idle,,20,,10,,,20,Go Home,False,False,False,False,False,False,False,False,False,False,False,False,33.8027920380556,-117.4659261431046,1334.9,2972.0,1049.4,396.9,True,1,1,False,False,False,False,,True,False,False,Course Lock,196.8,67,16.4,93,E,S,11.18,11.4,Calm,False,False,Android,7.0.2,M300 RTK,1ZN7L4R0H1D00F,1W9DL31001461C,1ZMLH8300204F0,1Z6PH74DAP0QN7,"Corona, CA",728.3,5.7,137.7,8.547347,2.013246,0,0,DJI Matrice 300 RTK,M300 RTK,1ZN7L4R0H1D00F,1W9DL31001461C,1ZMLH8300204F0,1Z6PH74DAP0QN7,DJI Pilot,Android,7.0.2,1EF72A62-B7C3-C88D-164E-CE6F8C8424AE,1ZN7L4R0H1D00F,1W9DL31001461C,,1ZMLH8300204F0,1W9DL31001461C,,,,,
2023-11-01,11:28:01.87 AM,3m 39.5s,219.5,33.8015073256199,-117.4700510012908,129.9,129.9,19.0,1394,1565.3,3.822484,6.085134,1.342164,2.23694,-3.579104,1.342164,-0.223694,0,2.5,0,2.5,-69,291,290.4,Tripod,Other,,23,5,True,,True,False,,Smart,RC,False,True,False,,,True,,False,False,False,False,False,False,False,False,False,False,0,Follow Yaw,-77.9,0,-77.2,282.8,False,False,False,False,False,,0,0,False,False,No Card,100,100,1024,1370,1121,1024,2,False,False,False,False,False,0,False,False,False,False,88,,47.508,,8838,,10044,,47.508,,True,3.961,3.961,3.961,3.961,3.961,3.961,3.961,3.961,3.961,3.961,3.961,3.961,0,,False,False,True,,,,,,,,,,,,,,,False,False,18.578,,89.7,,75.7,,89.7,,1682,53,13,17,8,143609.2,19147.89,,Idle,,20,,10,,,20,Go Home,False,False,False,False,False,False,False,False,False,False,False,False,33.8027920380556,-117.4659261431046,1335.3,2972.0,1049.4,396.9,True,1,1,False,False,False,False,,True,False,False,Course Lock,196.8,67,16.4,93,E,S,11.18,11.4,Calm,False,False,Android,7.0.2,M300 RTK,1ZN7L4R0H1D00F,1W9DL31001461C,1ZMLH8300204F0,1Z6PH74DAP0QN7,"Corona, CA",728.3,5.7,137.7,8.547347,2.013246,0,0,DJI Matrice 300 RTK,M300 RTK,1ZN7L4R0H1D00F,1W9DL31001461C,1ZMLH8300204F0,1Z6PH74DAP0QN7,DJI Pilot,Android,7.0.2,1EF72A62-B7C3-C88D-164E-CE6F8C8424AE,1ZN7L4R0H1D00F,1W9DL31001461C,,1ZMLH8300204F0,1W9DL31001461C,,,,,
2023-11-01,11:28:01.97 AM,3m 39.6s,219.6,33.8015079429588,-117.4700528778912,129.9,129.9,19.0,1394,1565.9,4.0327,6.085134,1.342164,2.23694,-3.802798,1.342164,0,0,1.8,-0.1,1.8,-68.9,291.1,291.5,Tripod,Other,,23,5,True,,True,False,,Smart,RC,False,True,False,,,True,,False,False,False,False,False,False,False,False,False,False,0,Follow Yaw,-77.9,0,-77.2,282.8,False,False,False,False,False,,0,0,False,False,No Card,100,100,1024,1368,1123,1024,2,False,False,False,False,False,0,False,False,False,False,88,,47.508,,8838,,10044,,47.508,,True,3.961,3.961,3.961,3.961,3.961,3.961,3.961,3.961,3.961,3.961,3.961,3.961,0,,False,False,True,,,,,,,,,,,,,,,False,False,18.578,,89.7,,75.7,,89.7,,1682,53,13,17,8,143609.2,19147.89,,Idle,,20,,10,,,20,Go Home,False,False,False,False,False,False,False,False,False,False,False,False,33.8027920380556,-117.4659261431046,1335.8,2972.0,1049.4,396.9,True,1,1,False,False,False,False,,True,False,False,Course Lock,196.8,67,16.4,93,E,S,11.18,11.4,Calm,False,False,Android,7.0.2,M300 RTK,1ZN7L4R0H1D00F,1W9DL31001461C,1ZMLH8300204F0,1Z6PH74DAP0QN7,"Corona, CA",728.3,5.7,137.7,8.547347,2.013246,0,0,DJI Matrice 300 RTK,M300 RTK,1ZN7L4R0H1D00F,1W9DL31001461C,1ZMLH8300204F0,1Z6PH74DAP0QN7,DJI Pilot,Android,7.0.2,1EF72A62-B7C3-C88D-164E-CE6F8C8424AE,1ZN7L4R0H1D00F,1W9DL31001461C,,1ZMLH8300204F0,1W9DL31001461C,,,,,
2023-11-01,11:28:02.07 AM,3m 39.7s,219.7,33.8015086847524,-117.4700547901171,129.9,129.9,19.0,1394,1566.6,4.0327,6.085134,1.342164,2.23694,-3.802798,1.342164,0,0,1.4,-0.2,1.4,-69,291,295.0,Tripod,Other,,23,5,True,,True,False,,Smart,RC,False,True,False,,,True,,False,False,False,False,False,False,False,False,False,False,0,Follow Yaw,-77.9,0,-77.2,282.8,False,False,False,False,False,,0,0,False,False,No Card,100,100,1024,1362,1130,1024,2,False,False,False,False,False,0,False,False,False,False,88,,47.508,,8838,,10044,,47.508,,True,3.961,3.961,3.961,3.961,3.961,3.961,3.961,3.961,3.961,3.961,3.961,3.961,0,,False,False,True,,,,,,,,,,,,,,,False,False,18.578,,89.7,,75.7,,89.7,,1682,53,13,17,8,143609.2,19147.89,,Idle,,20,,10,,,20,Go Home,False,False,False,False,False,False,False,False,False,False,False,False,33.8027920380556,-117.4659261431046,1336.2,2972.0,1049.4,396.9,True,1,1,False,False,False,False,,True,False,False,Course Lock,196.8,67,16.4,93,E,S,11.18,11.4,Calm,False,False,Android,7.0.2,M300 RTK,1ZN7L4R0H1D00F,1W9DL31001461C,1ZMLH8300204F0,1Z6PH74DAP0QN7,"Corona, CA",728.3,5.7,137.7,8.547347,2.013246,0,0,DJI Matrice 300 RTK,M300 RTK,1ZN7L4R0H1D00F,1W9DL31001461C,1ZMLH8300204F0,1Z6PH74DAP0QN7,DJI Pilot,Android,7.0.2,1EF72A62-B7C3-C88D-164E-CE6F8C8424AE,1ZN7L4R0H1D00F,1W9DL31001461C,,1ZMLH8300204F0,1W9DL31001461C,,,,,
2023-11-01,11:28:02.17 AM,3m 39.8s,219.8,33.8015093349868,-117.4700567059715,129.9,129.9,19.0,1394,1567.2,4.112564,6.085134,1.565858,2.23694,-3.802798,1.342164,0,0,1.3,-0.1,1.3,-69.1,290.9,292.2,Tripod,Other,,23,5,True,,True,False,,Smart,RC,False,True,False,,,True,,False,False,False,False,False,False,False,False,False,False,0,Follow Yaw,-77.9,0,-77.2,282.8,False,False,False,False,False,,0,0,False,False,No Card,100,100,1024,1361,1130,1024,2,False,False,False,False,False,0,False,False,False,False,88,,47.508,,8838,,10044,,47.508,,True,3.961,3.961,3.961,3.961,3.961,3.961,3.961,3.961,3.961,3.961,3.961,3.961,0,,False,False,True,,,,,,,,,,,,,,,False,False,18.578,,89.7,,75.7,,89.7,,1682,53,13,17,8,143609.2,19147.89,,Idle,,20,,10,,,20,Go Home,False,False,False,False,False,False,False,False,False,False,False,False,33.8027920380556,-117.4659261431046,1336.7,2972.0,1049.4,396.9,True,1,1,False,False,False,False,,True,False,False,Course Lock,196.8,67,16.4,93,E,S,11.18,11.4,Calm,False,False,Android,7.0.2,M300 RTK,1ZN7L4R0H1D00F,1W9DL31001461C,1ZMLH8300204F0,1Z6PH74DAP0QN7,"Corona, CA",728.3,5.7,137.7,8.547347,2.013246,0,0,DJI Matrice 300 RTK,M300 RTK,1ZN7L4R0H1D00F,1W9DL31001461C,1ZMLH8300204F0,1Z6PH74DAP0QN7,DJI Pilot,Android,7.0.2,1EF72A62-B7C3-C88D-164E-CE6F8C8424AE,1ZN7L4R0H1D00F,1W9DL31001461C,,1ZMLH8300204F0,1W9DL31001461C,,,,,
2023-11-01,11:28:02.28 AM,3m 39.9s,219.9,33.8015099331367,-117.4700585452973,129.9,129.9,19.0,1394,1567.8,4.112564,6.085134,1.565858,2.23694,-3.802798,1.342164,0,0,1.2,-0.2,1.2,-69.1,290.9,291.3,Tripod,Other,,23,5,True,,True,False,,Smart,RC,False,True,False,,,True,,False,False,False,False,False,False,False,False,False,False,0,Follow Yaw,-77.9,0,-77.2,282.8,False,False,False,False,False,,0,0,False,False,No Card,100,100,1024,1366,1127,1024,2,False,False,False,False,False,0,False,False,False,False,88,,47.508,,8838,,10044,,47.508,,True,3.961,3.961,3.961,3.961,3.961,3.961,3.961,3.961,3.961,3.961,3.961,3.961,0,,False,False,True,,,,,,,,,,,,,,,False,False,18.578,,89.7,,75.7,,89.7,,1682,53,13,17,8,143609.2,19147.89,,Idle,,20,,10,,,20,Go Home,False,False,False,False,False,False,False,False,False,False,False,False,33.8027920380556,-117.4659261431046,1337.1,2972.0,1049.4,396.9,True,1,1,False,False,False,False,,True,False,False,Course Lock,196.8,67,16.4,93,E,S,11.18,11.4,Calm,False,False,Android,7.0.2,M300 RTK,1ZN7L4R0H1D00F,1W9DL31001461C,1ZMLH8300204F0,1Z6PH74DAP0QN7,"Corona, CA",728.3,5.7,137.7,8.547347,2.013246,0,0,DJI Matrice 300 RTK,M300 RTK,1ZN7L4R0H1D00F,1W9DL31001461C,1ZMLH8300204F0,1Z6PH74DAP0QN7,DJI Pilot,Android,7.0.2,1EF72A62-B7C3-C88D-164E-CE6F8C8424AE,1ZN7L4R0H1D00F,1W9DL31001461C,,1ZMLH8300204F0,1W9DL31001461C,,,,,
2023-11-01,11:28:02.38 AM,3m 40.0s,220.0,33.8015106102358,-117.470060499416,129.9,129.9,18.7,1394,1568.4,4.112564,6.085134,1.565858,2.23694,-3.802798,1.342164,0,0,1.1,-0.4,1.1,-69.2,290.8,292.6,Tripod,Other,,23,5,True,,True,False,,Smart,RC,False,True,False,,,True,,False,False,False,False,False,False,False,False,False,False,0,Follow Yaw,-77.9,0,-77.2,282.8,False,False,False,False,False,,0,0,False,False,No Card,100,100,1024,1364,1133,1024,2,False,False,False,False,False,0,False,False,False,False,88,,47.472,,4387,,4986,,47.472,,True,3.961,3.961,3.961,3.961,3.961,3.961,3.961,3.961,3.961,3.961,3.961,3.961,0,,False,False,True,,,,,,,,,,,,,,,False,False,8.914,,89.2,,75.7,,89.7,,1682,53,13,17,8,143609.2,19147.89,,Idle,,20,,10,,,20,Go Home,False,False,False,False,False,False,False,False,False,False,False,False,33.8027920380556,-117.4659261431046,1337.6,2972.0,1049.4,396.9,True,1,1,False,False,False,False,,True,False,False,Course Lock,196.8,67,16.4,93,E,S,11.18,11.4,Calm,False,False,Android,7.0.2,M300 RTK,1ZN7L4R0H1D00F,1W9DL31001461C,1ZMLH8300204F0,1Z6PH74DAP0QN7,"Corona, CA",728.3,5.7,137.7,8.547347,2.013246,0,0,DJI Matrice 300 RTK,M300 RTK,1ZN7L4R0H1D00F,1W9DL31001461C,1ZMLH8300204F0,1Z6PH74DAP0QN7,DJI Pilot,Android,7.0.2,1EF72A62-B7C3-C88D-164E-CE6F8C8424AE,1ZN7L4R0H1D00F,1W9DL31001461C,,1ZMLH8300204F0,1W9DL31001461C,,,,,
2023-11-01,11:28:02.44 AM,3m 40.1s,220.1,33.8015113756044,-117.4700623994369,129.9,129.9,18.7,1394,1569.1,4.112564,6.085134,1.565858,2.23694,-3.802798,1.342164,0,0,1.1,-0.8,1.3,-69.1,290.9,295.8,Tripod,Other,,23,5,True,,True,False,,Smart,RC,False,True,False,,,True,,False,False,False,False,False,False,False,False,False,False,0,Follow Yaw,-77.9,0,-77.2,282.8,False,False,False,False,False,,0,0,False,False,No Card,100,100,1024,1364,1185,1024,2,False,False,False,False,False,0,False,False,False,False,88,,47.472,,4387,,4986,,47.472,,True,3.961,3.961,3.961,3.961,3.961,3.961,3.961,3.961,3.961,3.961,3.961,3.961,0,,False,False,True,,,,,,,,,,,,,,,False,False,8.914,,89.2,,75.7,,89.7,,1682,53,13,17,8,143609.2,19147.89,,Idle,,20,,10,,,20,Go Home,False,False,False,False,False,False,False,False,False,False,False,False,33.8027920380556,-117.4659261431046,1338.1,2972.0,1049.4,396.9,True,1,1,False,False,False,False,,True,False,False,Course Lock,196.8,67,16.4,93,E,S,11.18,11.4,Calm,False,False,Android,7.0.2,M300 RTK,1ZN7L4R0H1D00F,1W9DL31001461C,1ZMLH8300204F0,1Z6PH74DAP0QN7,"Corona, CA",728.3,5.7,137.7,8.547347,2.013246,0,0,DJI Matrice 300 RTK,M300 RTK,1ZN7L4R0H1D00F,1W9DL31001461C,1ZMLH8300204F0,1Z6PH74DAP0QN7,DJI Pilot,Android,7.0.2,1EF72A62-B7C3-C88D-164E-CE6F8C8424AE,1ZN7L4R0H1D00F,1W9DL31001461C,,1ZMLH8300204F0,1W9DL31001461C,,,,,
2023-11-01,11:28:02.54 AM,3m 40.2s,220.2,33.8015120823095,-117.470064406334,129.9,129.9,18.7,1394,1569.7,4.320248,6.085134,1.565858,2.23694,-4.026492,1.342164,0,0,1.2,-1,1.5,-69,291,292.9,Tripod,Other,,23,5,True,,True,False,,Smart,RC,False,True,False,,,True,,False,False,False,False,False,False,False,False,False,False,0,Follow Yaw,-77.9,0,-77.2,282.8,False,False,False,False,False,,0,0,False,False,No Card,100,100,1024,1364,1210,1024,2,False,False,False,False,False,0,False,False,False,False,88,,47.472,,4387,,4986,,47.472,,True,3.961,3.961,3.961,3.961,3.961,3.961,3.961,3.961,3.961,3.961,3.961,3.961,0,,False,False,True,,,,,,,,,,,,,,,False,False,8.914,,89.2,,75.7,,89.7,,1682,53,13,17,8,143609.2,19147.89,,Idle,,20,,10,,,20,Go Home,False,False,False,False,False,False,False,False,False,False,False,False,33.8027920380556,-117.4659261431046,1338.5,2972.0,1049.4,396.9,True,1,1,False,False,False,False,,True,False,False,Course Lock,196.8,67,16.4,93,E,S,11.18,11.4,Calm,False,False,Android,7.0.2,M300 RTK,1ZN7L4R0H1D00F,1W9DL31001461C,1ZMLH8300204F0,1Z6PH74DAP0QN7,"Corona, CA",728.3,5.7,137.7,8.547347,2.013246,0,0,DJI Matrice 300 RTK,M300 RTK,1ZN7L4R0H1D00F,1W9DL31001461C,1ZMLH8300204F0,1Z6PH74DAP0QN7,DJI Pilot,Android,7.0.2,1EF72A62-B7C3-C88D-164E-CE6F8C8424AE,1ZN7L4R0H1D00F,1W9DL31001461C,,1ZMLH8300204F0,1W9DL31001461C,,,,,
2023-11-01,11:28:02.64 AM,3m 40.3s,220.3,33.8015127555707,-117.4700664076234,129.9,129.9,18.7,1394,1570.4,4.320248,6.085134,1.565858,2.23694,-4.026492,1.342164,0,0,1.4,-0.9,1.6,-68.8,291.2,292.0,Tripod,Other,,23,5,True,,True,False,,Smart,RC,False,True,False,,,True,,False,False,False,False,False,False,False,False,False,False,0,Follow Yaw,-77.9,0,-77.2,282.8,False,False,False,False,False,,0,0,False,False,No Card,100,100,1024,1362,1209,1024,2,False,False,False,False,False,0,False,False,False,False,88,,47.472,,4387,,4986,,47.472,,True,3.961,3.961,3.961,3.961,3.961,3.961,3.961,3.961,3.961,3.961,3.961,3.961,0,,False,False,True,,,,,,,,,,,,,,,False,False,8.914,,89.2,,75.7,,89.7,,1679,53,13,17,8,143617.2,19148.97,,Idle,,20,,10,,,20,Go Home,False,False,False,False,False,False,False,False,False,False,False,False,33.8027920380556,-117.4659261431046,1339.0,2972.0,1049.4,396.9,True,1,1,False,False,False,False,,True,False,False,Course Lock,196.8,67,16.4,93,E,S,11.18,11.4,Calm,False,False,Android,7.0.2,M300 RTK,1ZN7L4R0H1D00F,1W9DL31001461C,1ZMLH8300204F0,1Z6PH74DAP0QN7,"Corona, CA",728.3,5.7,137.7,8.547347,2.013246,0,0,DJI Matrice 300 RTK,M300 RTK,1ZN7L4R0H1D00F,1W9DL31001461C,1ZMLH8300204F0,1Z6PH74DAP0QN7,DJI Pilot,Android,7.0.2,1EF72A62-B7C3-C88D-164E-CE6F8C8424AE,1ZN7L4R0H1D00F,1W9DL31001461C,,1ZMLH8300204F0,1W9DL31001461C,,,,,
2023-11-01,11:28:02.74 AM,3m 40.4s,220.4,33.8015134683066,-117.4700684729065,129.9,129.9,18.7,1394,1571.1,4.320248,6.085134,1.565858,2.23694,-4.026492,1.342164,0,0,1.6,-0.6,1.7,-68.7,291.3,292.5,Tripod,Other,,23,5,True,,True,False,,Smart,RC,False,True,False,,,True,,False,False,False,False,False,False,False,False,False,False,0,Follow Yaw,-77.9,0,-77.2,282.8,False,False,False,False,False,,0,0,False,False,No Card,100,100,1024,1362,1212,1024,2,False,False,False,False,False,0,False,False,False,False,88,,47.472,,4387,,4986,,47.472,,True,3.961,3.961,3.961,3.961,3.961,3.961,3.961,3.961,3.961,3.961,3.961,3.961,0,,False,False,True,,,,,,,,,,,,,,,False,False,8.914,,89.2,,75.7,,89.7,,1679,53,13,17,8,143617.2,19148.97,,Idle,,20,,10,,,20,Go Home,False,False,False,False,False,False,False,False,False,False,False,False,33.8027920380556,-117.4659261431046,1339.5,2972.0,1049.4,396.9,True,1,1,False,False,False,False,,True,False,False,Course Lock,196.8,67,16.4,93,E,S,11.18,11.4,Calm,False,False,Android,7.0.2,M300 RTK,1ZN7L4R0H1D00F,1W9DL31001461C,1ZMLH8300204F0,1Z6PH74DAP0QN7,"Corona, CA",728.3,5.7,137.7,8.547347,2.013246,0,0,DJI Matrice 300 RTK,M300 RTK,1ZN7L4R0H1D00F,1W9DL31001461C,1ZMLH8300204F0,1Z6PH74DAP0QN7,DJI Pilot,Android,7.0.2,1EF72A62-B7C3-C88D-164E-CE6F8C8424AE,1ZN7L4R0H1D00F,1W9DL31001461C,,1ZMLH8300204F0,1W9DL31001461C,,,,,
2023-11-01,11:28:02.84 AM,3m 40.5s,220.5,33.801514069746,-117.4700705480856,129.9,129.9,18.7,1394,1571.7,4.529458,6.085134,1.565858,2.23694,-4.250186,1.342164,0,0,2,-0.4,2,-68.7,291.3,289.2,Tripod,Other,,23,5,True,,True,False,,Smart,RC,False,True,False,,,True,,False,False,False,False,False,False,False,False,False,False,0,Follow Yaw,-77.9,0,-77.2,282.8,False,False,False,False,False,,0,0,False,False,No Card,100,100,1024,1344,1217,1024,2,False,False,False,False,False,0,False,False,False,False,88,,47.472,,4387,,4986,,47.472,,True,3.961,3.961,3.961,3.961,3.961,3.961,3.961,3.961,3.961,3.961,3.961,3.961,0,,False,False,True,,,,,,,,,,,,,,,False,False,8.914,,89.2,,75.7,,89.7,,1679,53,13,17,8,143617.2,19148.97,,Idle,,20,,10,,,20,Go Home,False,False,False,False,False,False,False,False,False,False,False,False,33.8027920380556,-117.4659261431046,1340.0,2972.0,1049.4,396.9,True,1,1,False,False,False,False,,True,False,False,Course Lock,196.8,67,16.4,93,E,S,11.18,11.4,Calm,False,False,Android,7.0.2,M300 RTK,1ZN7L4R0H1D00F,1W9DL31001461C,1ZMLH8300204F0,1Z6PH74DAP0QN7,"Corona, CA",728.3,5.7,137.7,8.547347,2.013246,0,0,DJI Matrice 300 RTK,M300 RTK,1ZN7L4R0H1D00F,1W9DL31001461C,1ZMLH8300204F0,1Z6PH74DAP0QN7,DJI Pilot,Android,7.0.2,1EF72A62-B7C3-C88D-164E-CE6F8C8424AE,1ZN7L4R0H1D00F,1W9DL31001461C,,1ZMLH8300204F0,1W9DL31001461C,,,,,
2023-11-01,11:28:02.94 AM,3m 40.6s,220.6,33.8015147748063,-117.4700726532824,129.9,129.9,18.7,1394,1572.4,4.529458,6.085134,1.565858,2.23694,-4.250186,1.342164,0,0,2,-0.4,2,-68.7,291.3,291.9,Tripod,Other,,23,5,True,,True,False,,Smart,RC,False,True,False,,,True,,False,False,False,False,False,False,False,False,False,False,0,Follow Yaw,-77.9,0,-77.2,282.8,False,False,False,False,False,,0,0,False,False,No Card,100,100,1024,1335,1231,1024,2,False,False,False,False,False,0,False,False,False,False,88,,47.472,,4387,,4986,,47.472,,True,3.961,3.961,3.961,3.961,3.961,3.961,3.961,3.961,3.961,3.961,3.961,3.961,0,,False,False,True,,,,,,,,,,,,,,,False,False,8.914,,89.2,,75.7,,89.7,,1679,53,13,17,8,143617.2,19148.97,,Idle,,20,,10,,,20,Go Home,False,False,False,False,False,False,False,False,False,False,False,False,33.8027920380556,-117.4659261431046,1340.5,2972.0,1049.4,396.9,True,1,1,False,False,False,False,,True,False,False,Course Lock,196.8,67,16.4,93,E,S,11.18,11.4,Calm,False,False,Android,7.0.2,M300 RTK,1ZN7L4R0H1D00F,1W9DL31001461C,1ZMLH8300204F0,1Z6PH74DAP0QN7,"Corona, CA",728.3,5.7,137.7,8.547347,2.013246,0,0,DJI Matrice 300 RTK,M300 RTK,1ZN7L4R0H1D00F,1W9DL31001461C,1ZMLH8300204F0,1Z6PH74DAP0QN7,DJI Pilot,Android,7.0.2,1EF72A62-B7C3-C88D-164E-CE6F8C8424AE,1ZN7L4R0H1D00F,1W9DL31001461C,,1ZMLH8300204F0,1W9DL31001461C,,,,,
2023-11-01,11:28:03.04 AM,3m 40.7s,220.7,33.8015156218654,-117.4700747353886,129.9,129.9,18.7,1394,1573.1,4.529458,6.085134,1.565858,2.23694,-4.250186,1.342164,-0.223694,0,1.8,-0.5,1.8,-68.8,291.2,296.0,Tripod,Other,,23,5,True,,True,False,,Smart,RC,False,True,False,,,True,,False,False,False,False,False,False,False,False,False,False,0,Follow Yaw,-77.9,0,-77.2,282.8,False,False,False,False,False,,0,0,False,False,No Card,100,100,1024,1346,1218,1024,2,False,False,False,False,False,0,False,False,False,False,88,,47.472,,4387,,4986,,47.472,,True,3.961,3.961,3.961,3.961,3.961,3.961,3.961,3.961,3.961,3.961,3.961,3.961,0,,False,False,True,,,,,,,,,,,,,,,False,False,8.914,,89.2,,75.7,,89.7,,1679,53,13,17,8,143617.2,19148.97,,Idle,,20,,10,,,20,Go Home,False,False,False,False,False,False,False,False,False,False,False,False,33.8027920380556,-117.4659261431046,1341.0,2972.0,1049.4,396.9,True,1,1,False,False,False,False,,True,False,False,Course Lock,196.8,67,16.4,93,E,S,11.18,11.4,Calm,False,False,Android,7.0.2,M300 RTK,1ZN7L4R0H1D00F,1W9DL31001461C,1ZMLH8300204F0,1Z6PH74DAP0QN7,"Corona, CA",728.3,5.7,137.7,8.547347,2.013246,0,0,DJI Matrice 300 RTK,M300 RTK,1ZN7L4R0H1D00F,1W9DL31001461C,1ZMLH8300204F0,1Z6PH74DAP0QN7,DJI Pilot,Android,7.0.2,1EF72A62-B7C3-C88D-164E-CE6F8C8424AE,1ZN7L4R0H1D00F,1W9DL31001461C,,1ZMLH8300204F0,1W9DL31001461C,,,,,
2023-11-01,11:28:03.14 AM,3m 40.8s,220.8,33.8015163515973,-117.4700768649953,129.9,129.9,18.7,1394,1573.8,4.529458,6.085134,1.565858,2.23694,-4.250186,1.342164,-0.223694,0,1.7,-0.6,1.8,-68.8,291.2,292.4,Tripod,Other,,23,5,True,,True,False,,Smart,RC,False,True,False,,,True,,False,False,False,False,False,False,False,False,False,False,0,Follow Yaw,-77.9,0,-77.2,282.8,False,False,False,False,False,,0,0,False,False,No Card,100,100,1024,1346,1212,1024,2,False,False,False,False,False,0,False,False,False,False,88,,47.472,,4387,,4986,,47.472,,True,3.961,3.961,3.961,3.961,3.961,3.961,3.961,3.961,3.961,3.961,3.961,3.961,0,,False,False,True,,,,,,,,,,,,,,,False,False,8.914,,89.2,,75.7,,89.7,,1679,53,13,17,8,143617.2,19148.97,,Idle,,20,,10,,,20,Go Home,False,False,False,False,False,False,False,False,False,False,False,False,33.8027920380556,-117.4659261431046,1341.5,2972.0,1049.4,396.9,True,1,1,False,False,False,False,,True,False,False,Course Lock,196.8,67,16.4,93,E,S,11.18,11.4,Calm,False,False,Android,7.0.2,M300 RTK,1ZN7L4R0H1D00F,1W9DL31001461C,1ZMLH8300204F0,1Z6PH74DAP0QN7,"Corona, CA",728.3,5.7,137.7,8.547347,2.013246,0,0,DJI Matrice 300 RTK,M300 RTK,1ZN7L4R0H1D00F,1W9DL31001461C,1ZMLH8300204F0,1Z6PH74DAP0QN7,DJI Pilot,Android,7.0.2,1EF72A62-B7C3-C88D-164E-CE6F8C8424AE,1ZN7L4R0H1D00F,1W9DL31001461C,,1ZMLH8300204F0,1W9DL31001461C,,,,,
2023-11-01,11:28:03.24 AM,3m 40.9s,220.9,33.8015171208038,-117.4700791199506,129.9,129.9,18.7,1394,1574.6,4.529458,6.085134,1.565858,2.23694,-4.250186,1.342164,-0.223694,0,1.8,-0.5,1.8,-68.9,291.1,292.3,Tripod,Other,,23,5,True,,True,False,,Smart,RC,False,True,False,,,True,,False,False,False,False,False,False,False,False,False,False,0,Follow Yaw,-77.9,0,-77.2,282.8,False,False,False,False,False,,0,0,False,False,No Card,100,100,1024,1335,1211,1024,2,False,False,False,False,False,0,False,False,False,False,88,,47.472,,4387,,4986,,47.472,,True,3.961,3.961,3.961,3.961,3.961,3.961,3.961,3.961,3.961,3.961,3.961,3.961,0,,False,False,True,,,,,,,,,,,,,,,False,False,8.914,,89.2,,75.7,,89.7,,1679,53,13,17,8,143617.2,19148.97,,Idle,,20,,10,,,20,Go Home,False,False,False,False,False,False,False,False,False,False,False,False,33.8027920380556,-117.4659261431046,1342.1,2972.0,1049.4,396.9,True,1,1,False,False,False,False,,True,False,False,Course Lock,196.8,67,16.4,93,E,S,11.18,11.4,Calm,False,False,Android,7.0.2,M300 RTK,1ZN7L4R0H1D00F,1W9DL31001461C,1ZMLH8300204F0,1Z6PH74DAP0QN7,"Corona, CA",728.3,5.7,137.7,8.547347,2.013246,0,0,DJI Matrice 300 RTK,M300 RTK,1ZN7L4R0H1D00F,1W9DL31001461C,1ZMLH8300204F0,1Z6PH74DAP0QN7,DJI Pilot,Android,7.0.2,1EF72A62-B7C3-C88D-164E-CE6F8C8424AE,1ZN7L4R0H1D00F,1W9DL31001461C,,1ZMLH8300204F0,1W9DL31001461C,,,,,
2023-11-01,11:28:03.34 AM,3m 41.0s,221.0,33.8015178549218,-117.470081299367,130.2,130.2,18.7,1394,1575.3,4.529458,6.085134,1.565858,2.23694,-4.250186,1.342164,-0.223694,0,1.9,-0.5,1.9,-69,291,292.0,Tripod,Other,,23,5,True,,True,False,,Smart,RC,False,True,False,,,True,,False,False,False,False,False,False,False,False,False,False,0,Follow Yaw,-77.9,0,-77.2,282.8,False,False,False,False,False,,0,0,False,False,No Card,100,100,1024,1329,1194,1024,2,False,False,False,False,False,0,False,False,False,False,88,,47.604,,8838,,10044,,47.604,,True,3.961,3.961,3.961,3.961,3.961,3.961,3.961,3.961,3.961,3.961,3.961,3.961,0,,False,False,True,,,,,,,,,,,,,,,False,False,18.564,,89.7,,75.7,,89.7,,1679,53,13,17,8,143617.2,19148.97,,Idle,,20,,10,,,20,Go Home,False,False,False,False,False,False,False,False,False,False,False,False,33.8027920380556,-117.4659261431046,1342.6,2972.0,1049.4,396.9,True,1,1,False,False,False,False,,True,False,False,Course Lock,196.8,67,16.4,93,E,S,11.18,11.4,Calm,False,False,Android,7.0.2,M300 RTK,1ZN7L4R0H1D00F,1W9DL31001461C,1ZMLH8300204F0,1Z6PH74DAP0QN7,"Corona, CA",728.3,5.7,137.7,8.547347,2.013246,0,0,DJI Matrice 300 RTK,M300 RTK,1ZN7L4R0H1D00F,1W9DL31001461C,1ZMLH8300204F0,1Z6PH74DAP0QN7,DJI Pilot,Android,7.0.2,1EF72A62-B7C3-C88D-164E-CE6F8C8424AE,1ZN7L4R0H1D00F,1W9DL31001461C,,1ZMLH8300204F0,1W9DL31001461C,,,,,
2023-11-01,11:28:03.44 AM,3m 41.1s,221.1,33.8015185150248,-117.4700836031422,130.2,130.2,18.7,1394,1576.0,4.73999,6.085134,1.565858,2.23694,-4.47388,1.342164,-0.223694,0,2,-0.5,2,-69,291,289.0,Tripod,Other,,23,5,True,,True,False,,Smart,RC,False,True,False,,,True,,False,False,False,False,False,False,False,False,False,False,0,Follow Yaw,-77.9,0,-77.2,282.8,False,False,False,False,False,,0,0,False,False,No Card,100,100,1024,1331,1183,1024,2,False,False,False,False,False,0,False,False,False,False,88,,47.604,,8838,,10044,,47.604,,True,3.961,3.961,3.961,3.961,3.961,3.961,3.961,3.961,3.961,3.961,3.961,3.961,0,,False,False,True,,,,,,,,,,,,,,,False,False,18.564,,89.7,,75.7,,89.7,,1679,53,13,17,8,143617.2,19148.97,,Idle,,20,,10,,,20,Go Home,False,False,False,False,False,False,False,False,False,False,False,False,33.8027920380556,-117.4659261431046,1343.2,2972.0,1049.4,396.9,True,1,1,False,False,False,False,,True,False,False,Course Lock,196.8,67,16.4,93,E,S,11.18,11.4,Calm,False,False,Android,7.0.2,M300 RTK,1ZN7L4R0H1D00F,1W9DL31001461C,1ZMLH8300204F0,1Z6PH74DAP0QN7,"Corona, CA",728.3,5.7,137.7,8.547347,2.013246,0,0,DJI Matrice 300 RTK,M300 RTK,1ZN7L4R0H1D00F,1W9DL31001461C,1ZMLH8300204F0,1Z6PH74DAP0QN7,DJI Pilot,Android,7.0.2,1EF72A62-B7C3-C88D-164E-CE6F8C8424AE,1ZN7L4R0H1D00F,1W9DL31001461C,,1ZMLH8300204F0,1W9DL31001461C,,,,,
2023-11-01,11:28:03.54 AM,3m 41.2s,221.2,33.801519249691,-117.4700858257709,130.2,130.2,18.7,1394,1576.7,4.73999,6.085134,1.565858,2.23694,-4.47388,1.342164,-0.223694,0,2.2,-0.4,2.2,-69,291,291.6,Tripod,Other,,23,5,True,,True,False,,Smart,RC,False,True,False,,,True,,False,False,False,False,False,False,False,False,False,False,0,Follow Yaw,-77.9,0,-77.2,282.8,False,False,False,False,False,,0,0,False,False,No Card,100,100,1024,1329,1182,1024,2,False,False,False,False,False,0,False,False,False,False,88,,47.604,,8838,,10044,,47.604,,True,3.961,3.961,3.961,3.961,3.961,3.961,3.961,3.961,3.961,3.961,3.961,3.961,0,,False,False,True,,,,,,,,,,,,,,,False,False,18.564,,89.7,,75.7,,89.7,,1679,53,13,17,8,143617.2,19148.97,,Idle,,20,,10,,,20,Go Home,False,False,False,False,False,False,False,False,False,False,False,False,33.8027920380556,-117.4659261431046,1343.7,2972.0,1049.4,396.9,True,1,1,False,False,False,False,,True,False,False,Course Lock,196.8,67,16.4,93,E,S,11.18,11.4,Calm,False,False,Android,7.0.2,M300 RTK,1ZN7L4R0H1D00F,1W9DL31001461C,1ZMLH8300204F0,1Z6PH74DAP0QN7,"Corona, CA",728.3,5.7,137.7,8.547347,2.013246,0,0,DJI Matrice 300 RTK,M300 RTK,1ZN7L4R0H1D00F,1W9DL31001461C,1ZMLH8300204F0,1Z6PH74DAP0QN7,DJI Pilot,Android,7.0.2,1EF72A62-B7C3-C88D-164E-CE6F8C8424AE,1ZN7L4R0H1D00F,1W9DL31001461C,,1ZMLH8300204F0,1W9DL31001461C,,,,,
2023-11-01,11:28:03.62 AM,3m 41.3s,221.3,33.8015198873155,-117.470088039823,130.2,130.2,18.7,1394,1577.5,4.818516,6.085134,1.789552,2.23694,-4.47388,1.342164,-0.223694,0,2.4,-0.3,2.4,-69,291,289.1,Tripod,Other,,23,5,True,,True,False,,Smart,RC,False,True,False,,,True,,False,False,False,False,False,False,False,False,False,False,0,Follow Yaw,-77.9,0,-77.2,282.8,False,False,False,False,False,,0,0,False,False,No Card,100,100,1024,1326,1189,1024,2,False,False,False,False,False,0,False,False,False,False,88,,47.604,,8838,,10044,,47.604,,True,3.966,3.966,3.966,3.966,3.966,3.966,3.966,3.966,3.966,3.966,3.966,3.966,0,,False,False,True,,,,,,,,,,,,,,,False,False,18.564,,89.7,,75.7,,89.7,,1677,54,13,17,8,143125.7,19083.43,,Idle,,20,,10,,,20,Go Home,False,False,False,False,False,False,False,False,False,False,False,False,33.8027920380556,-117.4659261431046,1344.3,2972.0,1049.4,396.9,True,1,1,False,False,False,False,,True,False,False,Course Lock,196.8,67,16.4,93,E,S,11.18,11.4,Calm,False,False,Android,7.0.2,M300 RTK,1ZN7L4R0H1D00F,1W9DL31001461C,1ZMLH8300204F0,1Z6PH74DAP0QN7,"Corona, CA",728.3,5.7,137.7,8.547347,2.013246,0,0,DJI Matrice 300 RTK,M300 RTK,1ZN7L4R0H1D00F,1W9DL31001461C,1ZMLH8300204F0,1Z6PH74DAP0QN7,DJI Pilot,Android,7.0.2,1EF72A62-B7C3-C88D-164E-CE6F8C8424AE,1ZN7L4R0H1D00F,1W9DL31001461C,,1ZMLH8300204F0,1W9DL31001461C,,,,,
2023-11-01,11:28:03.72 AM,3m 41.4s,221.4,33.8015206208852,-117.4700902888407,130.2,130.2,18.7,1394,1578.2,4.818516,6.085134,1.789552,2.23694,-4.47388,1.342164,-0.223694,0,2.6,-0.3,2.6,-69.1,290.9,291.4,Tripod,Other,,23,5,True,,True,False,,Smart,RC,False,True,False,,,True,,False,False,False,False,False,False,False,False,False,False,0,Follow Yaw,-77.9,0,-77.2,282.8,False,False,False,False,False,,0,0,False,False,No Card,100,100,1024,1327,1194,1024,2,False,False,False,False,False,0,False,False,False,False,88,,47.604,,8838,,10044,,47.604,,True,3.966,3.966,3.966,3.966,3.966,3.966,3.966,3.966,3.966,3.966,3.966,3.966,0,,False,False,True,,,,,,,,,,,,,,,False,False,18.564,,89.7,,75.7,,89.7,,1677,54,13,17,8,143125.7,19083.43,,Idle,,20,,10,,,20,Go Home,False,False,False,False,False,False,False,False,False,False,False,False,33.8027920380556,-117.4659261431046,1344.8,2972.0,1049.4,396.9,True,1,1,False,False,False,False,,True,False,False,Course Lock,196.8,67,16.4,93,E,S,11.18,11.4,Calm,False,False,Android,7.0.2,M300 RTK,1ZN7L4R0H1D00F,1W9DL31001461C,1ZMLH8300204F0,1Z6PH74DAP0QN7,"Corona, CA",728.3,5.7,137.7,8.547347,2.013246,0,0,DJI Matrice 300 RTK,M300 RTK,1ZN7L4R0H1D00F,1W9DL31001461C,1ZMLH8300204F0,1Z6PH74DAP0QN7,DJI Pilot,Android,7.0.2,1EF72A62-B7C3-C88D-164E-CE6F8C8424AE,1ZN7L4R0H1D00F,1W9DL31001461C,,1ZMLH8300204F0,1W9DL31001461C,,,,,
2023-11-01,11:28:03.83 AM,3m 41.5s,221.5,33.8015212738609,-117.470092565897,130.2,130.2,18.7,1394,1578.9,4.73999,6.085134,1.565858,2.23694,-4.47388,1.342164,-0.223694,0,2.7,-0.1,2.7,-69.2,290.8,289.0,Tripod,Other,,23,5,True,,True,False,,Smart,RC,False,True,False,,,True,,False,False,False,False,False,False,False,False,False,False,0,Follow Yaw,-77.9,0,-77.2,282.8,False,False,False,False,False,,0,0,False,False,No Card,100,100,1024,1326,1195,1024,2,False,False,False,False,False,0,False,False,False,False,88,,47.604,,8838,,10044,,47.604,,True,3.966,3.966,3.966,3.966,3.966,3.966,3.966,3.966,3.966,3.966,3.966,3.966,0,,False,False,True,,,,,,,,,,,,,,,False,False,18.564,,89.7,,75.7,,89.7,,1677,54,13,17,8,143125.7,19083.43,,Idle,,20,,10,,,20,Go Home,False,False,False,False,False,False,False,False,False,False,False,False,33.8027920380556,-117.4659261431046,1345.4,2972.0,1049.4,396.9,True,1,1,False,False,False,False,,True,False,False,Course Lock,196.8,67,16.4,93,E,S,11.18,11.4,Calm,False,False,Android,7.0.2,M300 RTK,1ZN7L4R0H1D00F,1W9DL31001461C,1ZMLH8300204F0,1Z6PH74DAP0QN7,"Corona, CA",728.3,5.7,137.7,8.547347,2.013246,0,0,DJI Matrice 300 RTK,M300 RTK,1ZN7L4R0H1D00F,1W9DL31001461C,1ZMLH8300204F0,1Z6PH74DAP0QN7,DJI Pilot,Android,7.0.2,1EF72A62-B7C3-C88D-164E-CE6F8C8424AE,1ZN7L4R0H1D00F,1W9DL31001461C,,1ZMLH8300204F0,1W9DL31001461C,,,,,
2023-11-01,11:28:03.93 AM,3m 41.6s,221.6,33.8015219975619,-117.4700948287691,130.2,130.2,18.7,1394,1579.7,4.73999,6.085134,1.565858,2.23694,-4.47388,1.342164,-0.223694,0,2.5,-0.1,2.5,-69.3,290.7,291.0,Tripod,Other,,23,5,True,,True,False,,Smart,RC,False,True,False,,,True,,False,False,False,False,False,False,False,False,False,False,0,Follow Yaw,-77.9,0,-77.2,282.8,False,False,False,False,False,,0,0,False,False,No Card,100,100,1024,1326,1194,1024,2,False,False,False,False,False,0,False,False,False,False,88,,47.604,,8838,,10044,,47.604,,True,3.966,3.966,3.966,3.966,3.966,3.966,3.966,3.966,3.966,3.966,3.966,3.966,0,,False,False,True,,,,,,,,,,,,,,,False,False,18.564,,89.7,,75.7,,89.7,,1677,54,13,17,8,143125.7,19083.43,,Idle,,20,,10,,,20,Go Home,False,False,False,False,False,False,False,False,False,False,False,False,33.8027920380556,-117.4659261431046,1345.9,2972.0,1049.4,396.9,True,1,1,False,False,False,False,,True,False,False,Course Lock,196.8,67,16.4,93,E,S,11.18,11.4,Calm,False,False,Android,7.0.2,M300 RTK,1ZN7L4R0H1D00F,1W9DL31001461C,1ZMLH8300204F0,1Z6PH74DAP0QN7,"Corona, CA",728.3,5.7,137.7,8.547347,2.013246,0,0,DJI Matrice 300 RTK,M300 RTK,1ZN7L4R0H1D00F,1W9DL31001461C,1ZMLH8300204F0,1Z6PH74DAP0QN7,DJI Pilot,Android,7.0.2,1EF72A62-B7C3-C88D-164E-CE6F8C8424AE,1ZN7L4R0H1D00F,1W9DL31001461C,,1ZMLH8300204F0,1W9DL31001461C,,,,,
2023-11-01,11:28:04.03 AM,3m 41.7s,221.7,33.8015226335416,-117.4700971665204,130.5,130.5,18.7,1394,1580.4,4.818516,6.085134,1.789552,2.23694,-4.47388,1.342164,-0.223694,0,2.3,-0.1,2.3,-69.3,290.7,288.1,Tripod,Other,,23,5,True,,True,False,,Smart,RC,False,True,False,,,True,,False,False,False,False,False,False,False,False,False,False,0,Follow Yaw,-77.9,0,-77.2,282.8,False,False,False,False,False,,0,0,False,False,No Card,100,100,1024,1328,1192,1024,2,False,False,False,False,False,0,False,False,False,False,88,,47.376,,4387,,4986,,47.376,,True,3.966,3.966,3.966,3.966,3.966,3.966,3.966,3.966,3.966,3.966,3.966,3.966,0,,False,False,True,,,,,,,,,,,,,,,False,False,9.566,,89.2,,75.7,,89.7,,1677,54,13,17,8,143125.7,19083.43,,Idle,,20,,10,,,20,Go Home,False,False,False,False,False,False,False,False,False,False,False,False,33.8027920380556,-117.4659261431046,1346.5,2972.0,1049.4,396.9,True,1,1,False,False,False,False,,True,False,False,Course Lock,196.8,67,16.4,93,E,S,11.18,11.4,Calm,False,False,Android,7.0.2,M300 RTK,1ZN7L4R0H1D00F,1W9DL31001461C,1ZMLH8300204F0,1Z6PH74DAP0QN7,"Corona, CA",728.3,5.7,137.7,8.547347,2.013246,0,0,DJI Matrice 300 RTK,M300 RTK,1ZN7L4R0H1D00F,1W9DL31001461C,1ZMLH8300204F0,1Z6PH74DAP0QN7,DJI Pilot,Android,7.0.2,1EF72A62-B7C3-C88D-164E-CE6F8C8424AE,1ZN7L4R0H1D00F,1W9DL31001461C,,1ZMLH8300204F0,1W9DL31001461C,,,,,
2023-11-01,11:28:04.14 AM,3m 41.8s,221.8,33.8015233572427,-117.4700994554518,130.5,130.5,19.0,1394,1581.1,4.818516,6.085134,1.789552,2.23694,-4.47388,1.342164,-0.223694,0,2.2,0,2.2,-69.4,290.6,290.8,Tripod,Other,,23,5,True,,True,False,,Smart,RC,False,True,False,,,True,,False,False,False,False,False,False,False,False,False,False,0,Follow Yaw,-77.9,0,-77.2,282.8,False,False,False,False,False,,0,0,False,False,No Card,100,100,1024,1333,1186,1024,2,False,False,False,False,False,0,False,False,False,False,88,,47.376,,4387,,4986,,47.376,,True,3.966,3.966,3.966,3.966,3.966,3.966,3.966,3.966,3.966,3.966,3.966,3.966,0,,False,False,True,,,,,,,,,,,,,,,False,False,9.566,,89.2,,75.7,,89.7,,1677,54,13,17,8,143125.7,19083.43,,Idle,,20,,10,,,20,Go Home,False,False,False,False,False,False,False,False,False,False,False,False,33.8027920380556,-117.4659261431046,1347.1,2972.0,1049.4,396.9,True,1,1,False,False,False,False,,True,False,False,Course Lock,196.8,67,16.4,93,E,S,11.18,11.4,Calm,False,False,Android,7.0.2,M300 RTK,1ZN7L4R0H1D00F,1W9DL31001461C,1ZMLH8300204F0,1Z6PH74DAP0QN7,"Corona, CA",728.3,5.7,137.7,8.547347,2.013246,0,0,DJI Matrice 300 RTK,M300 RTK,1ZN7L4R0H1D00F,1W9DL31001461C,1ZMLH8300204F0,1Z6PH74DAP0QN7,DJI Pilot,Android,7.0.2,1EF72A62-B7C3-C88D-164E-CE6F8C8424AE,1ZN7L4R0H1D00F,1W9DL31001461C,,1ZMLH8300204F0,1W9DL31001461C,,,,,
2023-11-01,11:28:04.24 AM,3m 41.9s,221.9,33.8015240272144,-117.4701017239316,130.5,130.5,18.7,1394,1581.9,5.026897,6.085134,1.789552,2.23694,-4.697574,1.342164,-0.223694,0,2.3,-0.1,2.3,-69.5,290.5,289.5,Tripod,Other,,23,5,True,,True,False,,Smart,RC,False,True,False,,,True,,False,False,False,False,False,False,False,False,False,False,0,Follow Yaw,-77.9,0,-77.2,282.8,False,False,False,False,False,,0,0,False,False,No Card,100,100,1024,1333,1186,1024,2,False,False,False,False,False,0,False,False,False,False,88,,47.376,,4387,,4986,,47.376,,True,3.966,3.966,3.966,3.966,3.966,3.966,3.966,3.966,3.966,3.966,3.966,3.966,0,,False,False,True,,,,,,,,,,,,,,,False,False,9.566,,89.2,,75.7,,89.7,,1677,54,13,17,8,143125.7,19083.43,,Idle,,20,,10,,,20,Go Home,False,False,False,False,False,False,False,False,False,False,False,False,33.8027920380556,-117.4659261431046,1347.6,2972.0,1049.4,396.9,True,1,1,False,False,False,False,,True,False,False,Course Lock,196.8,67,16.4,93,E,S,11.18,11.4,Calm,False,False,Android,7.0.2,M300 RTK,1ZN7L4R0H1D00F,1W9DL31001461C,1ZMLH8300204F0,1Z6PH74DAP0QN7,"Corona, CA",728.3,5.7,137.7,8.547347,2.013246,0,0,DJI Matrice 300 RTK,M300 RTK,1ZN7L4R0H1D00F,1W9DL31001461C,1ZMLH8300204F0,1Z6PH74DAP0QN7,DJI Pilot,Android,7.0.2,1EF72A62-B7C3-C88D-164E-CE6F8C8424AE,1ZN7L4R0H1D00F,1W9DL31001461C,,1ZMLH8300204F0,1W9DL31001461C,,,,,
2023-11-01,11:28:04.35 AM,3m 42.0s,222.0,33.8015247509154,-117.4701040319951,130.5,130.5,18.7,1394,1582.6,5.026897,6.085134,1.789552,2.23694,-4.697574,1.342164,-0.223694,0,2.5,-0.1,2.5,-69.5,290.5,290.6,Tripod,Other,,23,5,True,,True,False,,Smart,RC,False,True,False,,,True,,False,False,False,False,False,False,False,False,False,False,0,Follow Yaw,-77.9,0,-77.2,282.8,False,False,False,False,False,,0,0,False,False,No Card,100,100,1024,1327,1183,1024,2,False,False,False,False,False,0,False,False,False,False,88,,47.436,,8838,,10044,,47.436,,True,3.966,3.966,3.966,3.966,3.966,3.966,3.966,3.966,3.966,3.966,3.966,3.966,0,,False,False,True,,,,,,,,,,,,,,,False,False,19.366,,89.7,,75.7,,89.7,,1677,54,13,17,8,143125.7,19083.43,,Idle,,20,,10,,,20,Go Home,False,False,False,False,False,False,False,False,False,False,False,False,33.8027920380556,-117.4659261431046,1348.2,2972.0,1049.4,396.9,True,1,1,False,False,False,False,,True,False,False,Course Lock,196.8,67,16.4,93,E,S,11.18,11.4,Calm,False,False,Android,7.0.2,M300 RTK,1ZN7L4R0H1D00F,1W9DL31001461C,1ZMLH8300204F0,1Z6PH74DAP0QN7,"Corona, CA",728.3,5.7,137.7,8.547347,2.013246,0,0,DJI Matrice 300 RTK,M300 RTK,1ZN7L4R0H1D00F,1W9DL31001461C,1ZMLH8300204F0,1Z6PH74DAP0QN7,DJI Pilot,Android,7.0.2,1EF72A62-B7C3-C88D-164E-CE6F8C8424AE,1ZN7L4R0H1D00F,1W9DL31001461C,,1ZMLH8300204F0,1W9DL31001461C,,,,,
2023-11-01,11:28:04.45 AM,3m 42.1s,222.1,33.801525577689,-117.4701064317611,130.5,130.5,18.7,1394,1583.4,5.026897,6.085134,1.789552,2.23694,-4.697574,1.342164,-0.223694,0,2.5,-0.2,2.5,-69.4,290.6,292.5,Tripod,Other,,23,5,True,,True,False,,Smart,RC,False,True,False,,,True,,False,False,False,False,False,False,False,False,False,False,0,Follow Yaw,-77.9,0,-77.2,282.8,False,False,False,False,False,,0,0,False,False,No Card,100,100,1024,1325,1183,1024,2,False,False,False,False,False,0,False,False,False,False,88,,47.436,,8838,,10044,,47.436,,True,3.966,3.966,3.966,3.966,3.966,3.966,3.966,3.966,3.966,3.966,3.966,3.966,0,,False,False,True,,,,,,,,,,,,,,,False,False,19.366,,89.7,,75.7,,89.7,,1677,54,13,17,8,143125.7,19083.43,,Idle,,20,,10,,,20,Go Home,False,False,False,False,False,False,False,False,False,False,False,False,33.8027920380556,-117.4659261431046,1348.8,2972.0,1049.4,396.9,True,1,1,False,False,False,False,,True,False,False,Course Lock,196.8,67,16.4,93,E,S,11.18,11.4,Calm,False,False,Android,7.0.2,M300 RTK,1ZN7L4R0H1D00F,1W9DL31001461C,1ZMLH8300204F0,1Z6PH74DAP0QN7,"Corona, CA",728.3,5.7,137.7,8.547347,2.013246,0,0,DJI Matrice 300 RTK,M300 RTK,1ZN7L4R0H1D00F,1W9DL31001461C,1ZMLH8300204F0,1Z6PH74DAP0QN7,DJI Pilot,Android,7.0.2,1EF72A62-B7C3-C88D-164E-CE6F8C8424AE,1ZN7L4R0H1D00F,1W9DL31001461C,,1ZMLH8300204F0,1W9DL31001461C,,,,,
2023-11-01,11:28:04.55 AM,3m 42.2s,222.2,33.8015263123552,-117.4701087586269,130.5,130.5,18.7,1394,1584.2,5.026897,6.085134,1.789552,2.23694,-4.697574,1.342164,-0.223694,0,2.5,-0.2,2.5,-69.4,290.6,290.8,Tripod,Other,,23,5,True,,True,False,,Smart,RC,False,True,False,,,True,,False,False,False,False,False,False,False,False,False,False,0,Follow Yaw,-77.9,0,-77.2,282.8,False,False,False,False,False,,0,0,False,False,No Card,100,100,1024,1324,1184,1024,2,False,False,False,False,False,0,False,False,False,False,88,,47.436,,8838,,10044,,47.436,,True,3.966,3.966,3.966,3.966,3.966,3.966,3.966,3.966,3.966,3.966,3.966,3.966,0,,False,False,True,,,,,,,,,,,,,,,False,False,19.366,,89.7,,75.7,,89.7,,1677,54,13,17,8,143125.7,19083.43,,Idle,,20,,10,,,20,Go Home,False,False,False,False,False,False,False,False,False,False,False,False,33.8027920380556,-117.4659261431046,1349.4,2972.0,1049.4,396.9,True,1,1,False,False,False,False,,True,False,False,Course Lock,196.8,67,16.4,93,E,S,11.18,11.4,Calm,False,False,Android,7.0.2,M300 RTK,1ZN7L4R0H1D00F,1W9DL31001461C,1ZMLH8300204F0,1Z6PH74DAP0QN7,"Corona, CA",728.3,5.7,137.7,8.547347,2.013246,0,0,DJI Matrice 300 RTK,M300 RTK,1ZN7L4R0H1D00F,1W9DL31001461C,1ZMLH8300204F0,1Z6PH74DAP0QN7,DJI Pilot,Android,7.0.2,1EF72A62-B7C3-C88D-164E-CE6F8C8424AE,1ZN7L4R0H1D00F,1W9DL31001461C,,1ZMLH8300204F0,1W9DL31001461C,,,,,
2023-11-01,11:28:04.64 AM,3m 42.3s,222.3,33.8015271062333,-117.470110938373,130.5,130.5,18.7,1394,1584.9,5.026897,6.085134,1.789552,2.23694,-4.697574,1.342164,-0.223694,0,2.5,-0.3,2.5,-69.5,290.5,293.6,Tripod,Other,,23,5,True,,True,False,,Smart,RC,False,True,False,,,True,,False,False,False,False,False,False,False,False,False,False,0,Follow Yaw,-77.9,0,-77.2,282.8,False,False,False,False,False,,0,0,False,False,No Card,100,100,1024,1322,1185,1024,2,False,False,False,False,False,0,False,False,False,False,88,,47.436,,8838,,10044,,47.436,,True,3.959,3.959,3.959,3.959,3.959,3.959,3.959,3.959,3.959,3.959,3.959,3.959,0,,False,False,True,,,,,,,,,,,,,,,False,False,19.366,,89.7,,75.7,,89.7,,1676,54,13,17,8,142545.1,19006.01,,Idle,,20,,10,,,20,Go Home,False,False,False,False,False,False,False,False,False,False,False,False,33.8027920380556,-117.4659261431046,1349.9,2972.0,1049.4,396.9,True,1,1,False,False,False,False,,True,False,False,Course Lock,196.8,67,16.4,93,E,S,11.18,11.4,Calm,False,False,Android,7.0.2,M300 RTK,1ZN7L4R0H1D00F,1W9DL31001461C,1ZMLH8300204F0,1Z6PH74DAP0QN7,"Corona, CA",728.3,5.7,137.7,8.547347,2.013246,0,0,DJI Matrice 300 RTK,M300 RTK,1ZN7L4R0H1D00F,1W9DL31001461C,1ZMLH8300204F0,1Z6PH74DAP0QN7,DJI Pilot,Android,7.0.2,1EF72A62-B7C3-C88D-164E-CE6F8C8424AE,1ZN7L4R0H1D00F,1W9DL31001461C,,1ZMLH8300204F0,1W9DL31001461C,,,,,
2023-11-01,11:28:04.76 AM,3m 42.4s,222.4,33.801527852413,-117.470113269857,130.5,130.5,18.7,1394,1585.6,5.026897,6.085134,1.789552,2.23694,-4.697574,1.342164,-0.223694,0,2.5,-0.3,2.5,-69.5,290.5,291.0,Tripod,Other,,23,5,True,,True,False,,Smart,RC,False,True,False,,,True,,False,False,False,False,False,False,False,False,False,False,0,Follow Yaw,-77.9,0,-77.2,282.8,False,False,False,False,False,,0,0,False,False,No Card,100,100,1024,1322,1185,1024,2,False,False,False,False,False,0,False,False,False,False,88,,47.436,,8838,,10044,,47.436,,True,3.959,3.959,3.959,3.959,3.959,3.959,3.959,3.959,3.959,3.959,3.959,3.959,0,,False,False,True,,,,,,,,,,,,,,,False,False,19.366,,89.7,,75.7,,89.7,,1676,54,13,17,8,142545.1,19006.01,,Idle,,20,,10,,,20,Go Home,False,False,False,False,False,False,False,False,False,False,False,False,33.8027920380556,-117.4659261431046,1350.4,2972.0,1049.4,396.9,True,1,1,False,False,False,False,,True,False,False,Course Lock,196.8,67,16.4,93,E,S,11.18,11.4,Calm,False,False,Android,7.0.2,M300 RTK,1ZN7L4R0H1D00F,1W9DL31001461C,1ZMLH8300204F0,1Z6PH74DAP0QN7,"Corona, CA",728.3,5.7,137.7,8.547347,2.013246,0,0,DJI Matrice 300 RTK,M300 RTK,1ZN7L4R0H1D00F,1W9DL31001461C,1ZMLH8300204F0,1Z6PH74DAP0QN7,DJI Pilot,Android,7.0.2,1EF72A62-B7C3-C88D-164E-CE6F8C8424AE,1ZN7L4R0H1D00F,1W9DL31001461C,,1ZMLH8300204F0,1W9DL31001461C,,,,,
2023-11-01,11:28:04.86 AM,3m 42.5s,222.5,33.8015284291808,-117.4701154067207,130.5,130.5,18.7,1394,1586.3,5.026897,6.085134,1.789552,2.23694,-4.697574,1.342164,-0.223694,0,2.6,-0.3,2.6,-69.5,290.5,287.9,Tripod,Other,,23,5,True,,True,False,,Smart,RC,False,True,False,,,True,,False,False,False,False,False,False,False,False,False,False,0,Follow Yaw,-77.9,0,-77.2,282.8,False,False,False,False,False,,0,0,False,False,No Card,100,100,1024,1328,1177,1024,2,False,False,False,False,False,0,False,False,False,False,88,,47.436,,8838,,10044,,47.436,,True,3.959,3.959,3.959,3.959,3.959,3.959,3.959,3.959,3.959,3.959,3.959,3.959,0,,False,False,True,,,,,,,,,,,,,,,False,False,19.366,,89.7,,75.7,,89.7,,1676,54,13,17,8,142545.1,19006.01,,Idle,,20,,10,,,20,Go Home,False,False,False,False,False,False,False,False,False,False,False,False,33.8027920380556,-117.4659261431046,1351.0,2972.0,1049.4,396.9,True,1,1,False,False,False,False,,True,False,False,Course Lock,196.8,67,16.4,93,E,S,11.18,11.4,Calm,False,False,Android,7.0.2,M300 RTK,1ZN7L4R0H1D00F,1W9DL31001461C,1ZMLH8300204F0,1Z6PH74DAP0QN7,"Corona, CA",728.3,5.7,137.7,8.547347,2.013246,0,0,DJI Matrice 300 RTK,M300 RTK,1ZN7L4R0H1D00F,1W9DL31001461C,1ZMLH8300204F0,1Z6PH74DAP0QN7,DJI Pilot,Android,7.0.2,1EF72A62-B7C3-C88D-164E-CE6F8C8424AE,1ZN7L4R0H1D00F,1W9DL31001461C,,1ZMLH8300204F0,1W9DL31001461C,,,,,
2023-11-01,11:28:04.97 AM,3m 42.6s,222.6,33.8015291643952,-117.470117729958,130.9,130.9,18.7,1395,1587.1,5.026897,6.085134,1.789552,2.23694,-4.697574,1.342164,-0.223694,0,2.6,-0.3,2.6,-69.5,290.5,290.8,Tripod,Other,,22,5,True,,True,False,,Smart,RC,False,True,False,,,True,,False,False,False,False,False,False,False,False,False,False,0,Follow Yaw,-77.9,0,-77.2,282.8,False,False,False,False,False,,0,0,False,False,No Card,100,100,1024,1331,1174,1024,2,False,False,False,False,False,0,False,False,False,False,88,,47.436,,8838,,10044,,47.436,,True,3.959,3.959,3.959,3.959,3.959,3.959,3.959,3.959,3.959,3.959,3.959,3.959,0,,False,False,True,,,,,,,,,,,,,,,False,False,19.366,,89.7,,75.7,,89.7,,1676,54,13,17,8,142545.1,19006.01,,Idle,,20,,10,,,20,Go Home,False,False,False,False,False,False,False,False,False,False,False,False,33.8027920380556,-117.4659261431046,1351.6,2972.0,1049.4,396.9,True,1,1,False,False,False,False,,True,False,False,Course Lock,196.8,67,16.4,93,E,S,11.18,11.4,Calm,False,False,Android,7.0.2,M300 RTK,1ZN7L4R0H1D00F,1W9DL31001461C,1ZMLH8300204F0,1Z6PH74DAP0QN7,"Corona, CA",728.3,5.7,137.7,8.547347,2.013246,0,0,DJI Matrice 300 RTK,M300 RTK,1ZN7L4R0H1D00F,1W9DL31001461C,1ZMLH8300204F0,1Z6PH74DAP0QN7,DJI Pilot,Android,7.0.2,1EF72A62-B7C3-C88D-164E-CE6F8C8424AE,1ZN7L4R0H1D00F,1W9DL31001461C,,1ZMLH8300204F0,1W9DL31001461C,,,,,
2023-11-01,11:28:05.07 AM,3m 42.7s,222.7,33.8015299637559,-117.4701202026241,130.9,130.9,18.7,1395,1587.9,5.026897,6.085134,1.789552,2.23694,-4.697574,1.342164,-0.223694,0,2.8,-0.3,2.8,-69.4,290.6,291.2,Tripod,Other,,22,5,True,,True,False,,Smart,RC,False,True,False,,,True,,False,False,False,False,False,False,False,False,False,False,0,Follow Yaw,-77.9,0,-77.2,282.8,False,False,False,False,False,,0,0,False,False,No Card,100,100,1024,1333,1170,1024,2,False,False,False,False,False,0,False,False,False,False,88,,47.436,,8838,,10044,,47.436,,True,3.959,3.959,3.959,3.959,3.959,3.959,3.959,3.959,3.959,3.959,3.959,3.959,0,,False,False,True,,,,,,,,,,,,,,,False,False,19.366,,89.7,,75.7,,89.7,,1676,54,13,17,8,142545.1,19006.01,,Idle,,20,,10,,,20,Go Home,False,False,False,False,False,False,False,False,False,False,False,False,33.8027920380556,-117.4659261431046,1352.2,2972.0,1049.4,396.9,True,1,1,False,False,False,False,,True,False,False,Course Lock,196.8,67,16.4,93,E,S,11.18,11.4,Calm,False,False,Android,7.0.2,M300 RTK,1ZN7L4R0H1D00F,1W9DL31001461C,1ZMLH8300204F0,1Z6PH74DAP0QN7,"Corona, CA",728.3,5.7,137.7,8.547347,2.013246,0,0,DJI Matrice 300 RTK,M300 RTK,1ZN7L4R0H1D00F,1W9DL31001461C,1ZMLH8300204F0,1Z6PH74DAP0QN7,DJI Pilot,Android,7.0.2,1EF72A62-B7C3-C88D-164E-CE6F8C8424AE,1ZN7L4R0H1D00F,1W9DL31001461C,,1ZMLH8300204F0,1W9DL31001461C,,,,,
2023-11-01,11:28:05.17 AM,3m 42.8s,222.8,33.8015307093873,-117.4701225449935,130.9,130.9,18.7,1395,1588.6,5.026897,6.085134,1.789552,2.23694,-4.697574,1.342164,-0.223694,0,3,-0.1,3,-69.2,290.8,290.9,Tripod,Other,,22,5,True,,True,False,,Smart,RC,False,True,False,,,True,,False,False,False,False,False,False,False,False,False,False,0,Follow Yaw,-77.9,0,-77.2,282.8,False,False,False,False,False,,0,0,False,False,No Card,100,100,1024,1334,1169,1024,2,False,False,False,False,False,0,False,False,False,False,88,,47.436,,8838,,10044,,47.436,,True,3.959,3.959,3.959,3.959,3.959,3.959,3.959,3.959,3.959,3.959,3.959,3.959,0,,False,False,True,,,,,,,,,,,,,,,False,False,19.366,,89.7,,75.7,,89.7,,1676,54,13,17,8,142545.1,19006.01,,Idle,,20,,10,,,20,Go Home,False,False,False,False,False,False,False,False,False,False,False,False,33.8027920380556,-117.4659261431046,1352.7,2972.0,1049.4,396.9,True,1,1,False,False,False,False,,True,False,False,Course Lock,196.8,67,16.4,93,E,S,11.18,11.4,Calm,False,False,Android,7.0.2,M300 RTK,1ZN7L4R0H1D00F,1W9DL31001461C,1ZMLH8300204F0,1Z6PH74DAP0QN7,"Corona, CA",728.3,5.7,137.7,8.547347,2.013246,0,0,DJI Matrice 300 RTK,M300 RTK,1ZN7L4R0H1D00F,1W9DL31001461C,1ZMLH8300204F0,1Z6PH74DAP0QN7,DJI Pilot,Android,7.0.2,1EF72A62-B7C3-C88D-164E-CE6F8C8424AE,1ZN7L4R0H1D00F,1W9DL31001461C,,1ZMLH8300204F0,1W9DL31001461C,,,,,
2023-11-01,11:28:05.28 AM,3m 42.9s,222.9,33.8015313886794,-117.470125148286,130.9,130.9,18.7,1395,1589.5,5.026897,6.085134,1.789552,2.23694,-4.697574,1.342164,-0.223694,0,3,-0.1,3,-69.2,290.8,287.4,Tripod,Other,,22,5,True,,True,False,,Smart,RC,False,True,False,,,True,,False,False,False,False,False,False,False,False,False,False,0,Follow Yaw,-77.9,0,-77.2,282.8,False,False,False,False,False,,0,0,False,False,No Card,100,100,1024,1335,1170,1024,2,False,False,False,False,False,0,False,False,False,False,88,,47.508,,4387,,4986,,47.508,,True,3.959,3.959,3.959,3.959,3.959,3.959,3.959,3.959,3.959,3.959,3.959,3.959,0,,False,False,True,,,,,,,,,,,,,,,False,False,9.118,,89.4,,75.7,,89.7,,1676,54,13,17,8,142545.1,19006.01,,Idle,,20,,10,,,20,Go Home,False,False,False,False,False,False,False,False,False,False,False,False,33.8027920380556,-117.4659261431046,1353.4,2972.0,1049.4,396.9,True,1,1,False,False,False,False,,True,False,False,Course Lock,196.8,67,16.4,93,E,S,11.18,11.4,Calm,False,False,Android,7.0.2,M300 RTK,1ZN7L4R0H1D00F,1W9DL31001461C,1ZMLH8300204F0,1Z6PH74DAP0QN7,"Corona, CA",728.3,5.7,137.7,8.547347,2.013246,0,0,DJI Matrice 300 RTK,M300 RTK,1ZN7L4R0H1D00F,1W9DL31001461C,1ZMLH8300204F0,1Z6PH74DAP0QN7,DJI Pilot,Android,7.0.2,1EF72A62-B7C3-C88D-164E-CE6F8C8424AE,1ZN7L4R0H1D00F,1W9DL31001461C,,1ZMLH8300204F0,1W9DL31001461C,,,,,
2023-11-01,11:28:05.38 AM,3m 43.0s,223.0,33.8015321310212,-117.4701275104473,130.9,130.9,18.7,1395,1590.2,5.026897,6.085134,1.789552,2.23694,-4.697574,1.342164,-0.223694,0,2.9,-0.2,2.9,-69.1,290.9,290.7,Tripod,Other,,23,5,True,,True,False,,Smart,RC,False,True,False,,,True,,False,False,False,False,False,False,False,False,False,False,0,Follow Yaw,-77.9,0,-77.2,282.8,False,False,False,False,False,,0,0,False,False,No Card,100,100,1024,1336,1173,1024,2,False,False,False,False,False,0,False,False,False,False,88,,47.52,,8838,,10044,,47.52,,True,3.959,3.959,3.959,3.959,3.959,3.959,3.959,3.959,3.959,3.959,3.959,3.959,0,,False,False,True,,,,,,,,,,,,,,,False,False,18.554,,89.9,,75.7,,89.9,,1676,54,13,17,8,142545.1,19006.01,,Idle,,20,,10,,,20,Go Home,False,False,False,False,False,False,False,False,False,False,False,False,33.8027920380556,-117.4659261431046,1354.0,2972.0,1049.4,396.9,True,1,1,False,False,False,False,,True,False,False,Course Lock,196.8,67,16.4,93,E,S,11.18,11.4,Calm,False,False,Android,7.0.2,M300 RTK,1ZN7L4R0H1D00F,1W9DL31001461C,1ZMLH8300204F0,1Z6PH74DAP0QN7,"Corona, CA",728.3,5.7,137.7,8.547347,2.013246,0,0,DJI Matrice 300 RTK,M300 RTK,1ZN7L4R0H1D00F,1W9DL31001461C,1ZMLH8300204F0,1Z6PH74DAP0QN7,DJI Pilot,Android,7.0.2,1EF72A62-B7C3-C88D-164E-CE6F8C8424AE,1ZN7L4R0H1D00F,1W9DL31001461C,,1ZMLH8300204F0,1W9DL31001461C,,,,,
2023-11-01,11:28:05.44 AM,3m 43.1s,223.1,33.8015329232546,-117.4701300144505,130.9,130.9,18.3,1395,1591.0,5.026897,6.085134,1.789552,2.23694,-4.697574,1.342164,0,0,2.7,-0.1,2.7,-69.1,290.9,290.8,Tripod,Other,,23,5,True,,True,False,,Smart,RC,False,True,False,,,True,,False,False,False,False,False,False,False,False,False,False,0,Follow Yaw,-77.9,0,-77.2,282.8,False,False,False,False,False,,0,0,False,False,No Card,100,100,1024,1341,1171,1024,2,False,False,False,False,False,0,False,False,False,False,88,,47.52,,8838,,10044,,47.52,,True,3.959,3.959,3.959,3.959,3.959,3.959,3.959,3.959,3.959,3.959,3.959,3.959,0,,False,False,True,,,,,,,,,,,,,,,False,False,18.554,,89.9,,75.7,,89.9,,1676,54,13,17,8,142545.1,19006.01,,Idle,,20,,10,,,20,Go Home,False,False,False,False,False,False,False,False,False,False,False,False,33.8027920380556,-117.4659261431046,1354.6,2972.0,1049.4,396.9,True,1,1,False,False,False,False,,True,False,False,Course Lock,196.8,67,16.4,93,E,S,11.18,11.4,Calm,False,False,Android,7.0.2,M300 RTK,1ZN7L4R0H1D00F,1W9DL31001461C,1ZMLH8300204F0,1Z6PH74DAP0QN7,"Corona, CA",728.3,5.7,137.7,8.547347,2.013246,0,0,DJI Matrice 300 RTK,M300 RTK,1ZN7L4R0H1D00F,1W9DL31001461C,1ZMLH8300204F0,1Z6PH74DAP0QN7,DJI Pilot,Android,7.0.2,1EF72A62-B7C3-C88D-164E-CE6F8C8424AE,1ZN7L4R0H1D00F,1W9DL31001461C,,1ZMLH8300204F0,1W9DL31001461C,,,,,
2023-11-01,11:28:05.54 AM,3m 43.2s,223.2,33.8015336688859,-117.4701323973934,130.9,130.9,18.3,1395,1591.8,5.026897,6.085134,1.789552,2.23694,-4.697574,1.342164,-0.223694,0,2.6,-0.3,2.6,-69,291,290.6,Tripod,Other,,23,5,True,,True,False,,Smart,RC,False,True,False,,,True,,False,False,False,False,False,False,False,False,False,False,0,Follow Yaw,-77.9,0,-77.2,282.8,False,False,False,False,False,,0,0,False,False,No Card,100,100,1024,1340,1171,1024,2,False,False,False,False,False,0,False,False,False,False,88,,47.52,,8838,,10044,,47.52,,True,3.959,3.959,3.959,3.959,3.959,3.959,3.959,3.959,3.959,3.959,3.959,3.959,0,,False,False,True,,,,,,,,,,,,,,,False,False,18.554,,89.9,,75.7,,89.9,,1676,54,13,17,8,142545.1,19006.01,,Idle,,20,,10,,,20,Go Home,False,False,False,False,False,False,False,False,False,False,False,False,33.8027920380556,-117.4659261431046,1355.2,2972.0,1049.4,396.9,True,1,1,False,False,False,False,,True,False,False,Course Lock,196.8,67,16.4,93,E,S,11.18,11.4,Calm,False,False,Android,7.0.2,M300 RTK,1ZN7L4R0H1D00F,1W9DL31001461C,1ZMLH8300204F0,1Z6PH74DAP0QN7,"Corona, CA",728.3,5.7,137.7,8.547347,2.013246,0,0,DJI Matrice 300 RTK,M300 RTK,1ZN7L4R0H1D00F,1W9DL31001461C,1ZMLH8300204F0,1Z6PH74DAP0QN7,DJI Pilot,Android,7.0.2,1EF72A62-B7C3-C88D-164E-CE6F8C8424AE,1ZN7L4R0H1D00F,1W9DL31001461C,,1ZMLH8300204F0,1W9DL31001461C,,,,,
2023-11-01,11:28:05.64 AM,3m 43.3s,223.3,33.8015344748257,-117.4701348750074,130.9,130.9,18.3,1395,1592.6,5.026897,6.085134,1.789552,2.23694,-4.697574,1.342164,-0.223694,0,2.7,-0.5,2.7,-69,291,291.3,Tripod,Other,,23,5,True,,True,False,,Smart,RC,False,True,False,,,True,,False,False,False,False,False,False,False,False,False,False,0,Follow Yaw,-77.9,0,-77.2,282.8,False,False,False,False,False,,0,0,False,False,No Card,100,100,1024,1339,1172,1024,2,False,False,False,False,False,0,False,False,False,False,88,,47.52,,8838,,10044,,47.52,,True,3.957,3.957,3.957,3.957,3.957,3.957,3.957,3.957,3.957,3.957,3.957,3.957,0,,False,False,True,,,,,,,,,,,,,,,False,False,18.554,,89.9,,75.7,,89.9,,1676,54,13,17,8,142146.5,18952.86,,Idle,,20,,10,,,20,Go Home,False,False,False,False,False,False,False,False,False,False,False,False,33.8027920380556,-117.4659261431046,1355.8,2972.0,1049.4,396.9,True,1,1,False,False,False,False,,True,False,False,Course Lock,196.8,67,16.4,93,E,S,11.18,11.4,Calm,False,False,Android,7.0.2,M300 RTK,1ZN7L4R0H1D00F,1W9DL31001461C,1ZMLH8300204F0,1Z6PH74DAP0QN7,"Corona, CA",728.3,5.7,137.7,8.547347,2.013246,0,0,DJI Matrice 300 RTK,M300 RTK,1ZN7L4R0H1D00F,1W9DL31001461C,1ZMLH8300204F0,1Z6PH74DAP0QN7,DJI Pilot,Android,7.0.2,1EF72A62-B7C3-C88D-164E-CE6F8C8424AE,1ZN7L4R0H1D00F,1W9DL31001461C,,1ZMLH8300204F0,1W9DL31001461C,,,,,
2023-11-01,11:28:05.74 AM,3m 43.4s,223.4,33.8015352303257,-117.4701372784018,131.2,131.2,18.3,1395,1593.4,5.026897,6.085134,1.789552,2.23694,-4.697574,1.342164,0,0,2.6,-0.4,2.6,-69,291,290.7,Tripod,Other,,23,5,True,,True,False,,Smart,RC,False,True,False,,,True,,False,False,False,False,False,False,False,False,False,False,0,Follow Yaw,-77.9,0,-77.2,282.8,False,False,False,False,False,,0,0,False,False,No Card,100,100,1024,1347,1171,1024,2,False,False,False,False,False,0,False,False,False,False,88,,47.52,,8838,,10044,,47.52,,True,3.957,3.957,3.957,3.957,3.957,3.957,3.957,3.957,3.957,3.957,3.957,3.957,0,,False,False,True,,,,,,,,,,,,,,,False,False,18.554,,89.9,,75.7,,89.9,,1676,54,13,17,8,142146.5,18952.86,,Idle,,20,,10,,,20,Go Home,False,False,False,False,False,False,False,False,False,False,False,False,33.8027920380556,-117.4659261431046,1356.4,2972.0,1049.4,396.9,True,1,1,False,False,False,False,,True,False,False,Course Lock,196.8,67,16.4,93,E,S,11.18,11.4,Calm,False,False,Android,7.0.2,M300 RTK,1ZN7L4R0H1D00F,1W9DL31001461C,1ZMLH8300204F0,1Z6PH74DAP0QN7,"Corona, CA",728.3,5.7,137.7,8.547347,2.013246,0,0,DJI Matrice 300 RTK,M300 RTK,1ZN7L4R0H1D00F,1W9DL31001461C,1ZMLH8300204F0,1Z6PH74DAP0QN7,DJI Pilot,Android,7.0.2,1EF72A62-B7C3-C88D-164E-CE6F8C8424AE,1ZN7L4R0H1D00F,1W9DL31001461C,,1ZMLH8300204F0,1W9DL31001461C,,,,,
2023-11-01,11:28:05.84 AM,3m 43.5s,223.5,33.801536005563,-117.4701394403352,131.2,131.2,18.3,1395,1594.1,5.026897,6.085134,1.789552,2.23694,-4.697574,1.342164,0,0,2.3,-0.3,2.3,-69,291,293.3,Tripod,Other,,23,5,True,,True,False,,Smart,RC,False,True,False,,,True,,False,False,False,False,False,False,False,False,False,False,0,Follow Yaw,-77.9,0,-77.2,282.8,False,False,False,False,False,,0,0,False,False,No Card,100,100,1024,1367,1168,1024,2,False,False,False,False,False,0,False,False,False,False,88,,47.52,,8838,,10044,,47.52,,True,3.957,3.957,3.957,3.957,3.957,3.957,3.957,3.957,3.957,3.957,3.957,3.957,0,,False,False,True,,,,,,,,,,,,,,,False,False,18.554,,89.9,,75.7,,89.9,,1676,54,13,17,8,142146.5,18952.86,,Idle,,20,,10,,,20,Go Home,False,False,False,False,False,False,False,False,False,False,False,False,33.8027920380556,-117.4659261431046,1356.9,2972.0,1049.4,396.9,True,1,1,False,False,False,False,,True,False,False,Course Lock,196.8,67,16.4,93,E,S,11.18,11.4,Calm,False,False,Android,7.0.2,M300 RTK,1ZN7L4R0H1D00F,1W9DL31001461C,1ZMLH8300204F0,1Z6PH74DAP0QN7,"Corona, CA",728.3,5.7,137.7,8.547347,2.013246,0,0,DJI Matrice 300 RTK,M300 RTK,1ZN7L4R0H1D00F,1W9DL31001461C,1ZMLH8300204F0,1Z6PH74DAP0QN7,DJI Pilot,Android,7.0.2,1EF72A62-B7C3-C88D-164E-CE6F8C8424AE,1ZN7L4R0H1D00F,1W9DL31001461C,,1ZMLH8300204F0,1W9DL31001461C,,,,,
2023-11-01,11:28:05.94 AM,3m 43.6s,223.6,33.8015367621596,-117.47014184307,131.2,131.2,18.3,1395,1594.9,5.026897,6.085134,1.789552,2.23694,-4.697574,1.342164,0,0,2.1,-0.1,2.1,-69,291,290.7,Tripod,Other,,23,5,True,,True,False,,Smart,RC,False,True,False,,,True,,False,False,False,False,False,False,False,False,False,False,0,Follow Yaw,-77.9,0,-77.2,282.8,False,False,False,False,False,,0,0,False,False,No Card,100,100,1024,1373,1168,1024,2,False,False,False,False,False,0,False,False,False,False,88,,47.52,,8838,,10044,,47.52,,True,3.957,3.957,3.957,3.957,3.957,3.957,3.957,3.957,3.957,3.957,3.957,3.957,0,,False,False,True,,,,,,,,,,,,,,,False,False,18.554,,89.9,,75.7,,89.9,,1676,54,13,17,8,142146.5,18952.86,,Idle,,20,,10,,,20,Go Home,False,False,False,False,False,False,False,False,False,False,False,False,33.8027920380556,-117.4659261431046,1357.5,2972.0,1049.4,396.9,True,1,1,False,False,False,False,,True,False,False,Course Lock,196.8,67,16.4,93,E,S,11.18,11.4,Calm,False,False,Android,7.0.2,M300 RTK,1ZN7L4R0H1D00F,1W9DL31001461C,1ZMLH8300204F0,1Z6PH74DAP0QN7,"Corona, CA",728.3,5.7,137.7,8.547347,2.013246,0,0,DJI Matrice 300 RTK,M300 RTK,1ZN7L4R0H1D00F,1W9DL31001461C,1ZMLH8300204F0,1Z6PH74DAP0QN7,DJI Pilot,Android,7.0.2,1EF72A62-B7C3-C88D-164E-CE6F8C8424AE,1ZN7L4R0H1D00F,1W9DL31001461C,,1ZMLH8300204F0,1W9DL31001461C,,,,,
2023-11-01,11:28:06.04 AM,3m 43.7s,223.7,33.801537495181,-117.4701443487225,131.2,131.2,18.3,1395,1595.7,5.236542,6.085134,1.789552,2.23694,-4.921268,1.342164,0,0,1.9,0.1,1.9,-69,291,289.3,Tripod,Other,,23,5,True,,True,False,,Smart,RC,False,True,False,,,True,,False,False,False,False,False,False,False,False,False,False,0,Follow Yaw,-77.9,0,-77.2,282.8,False,False,False,False,False,,0,0,False,False,No Card,100,100,1024,1365,1169,1024,2,False,False,False,False,False,0,False,False,False,False,88,,47.52,,8838,,10044,,47.52,,True,3.957,3.957,3.957,3.957,3.957,3.957,3.957,3.957,3.957,3.957,3.957,3.957,0,,False,False,True,,,,,,,,,,,,,,,False,False,18.554,,89.9,,75.7,,89.9,,1676,54,13,17,8,142146.5,18952.86,,Idle,,20,,10,,,20,Go Home,False,False,False,False,False,False,False,False,False,False,False,False,33.8027920380556,-117.4659261431046,1358.1,2972.0,1049.4,396.9,True,1,1,False,False,False,False,,True,False,False,Course Lock,196.8,67,16.4,93,E,S,11.18,11.4,Calm,False,False,Android,7.0.2,M300 RTK,1ZN7L4R0H1D00F,1W9DL31001461C,1ZMLH8300204F0,1Z6PH74DAP0QN7,"Corona, CA",728.3,5.7,137.7,8.547347,2.013246,0,0,DJI Matrice 300 RTK,M300 RTK,1ZN7L4R0H1D00F,1W9DL31001461C,1ZMLH8300204F0,1Z6PH74DAP0QN7,DJI Pilot,Android,7.0.2,1EF72A62-B7C3-C88D-164E-CE6F8C8424AE,1ZN7L4R0H1D00F,1W9DL31001461C,,1ZMLH8300204F0,1W9DL31001461C,,,,,
2023-11-01,11:28:06.14 AM,3m 43.8s,223.8,33.8015382610979,-117.470146791041,131.2,131.2,18.3,1395,1596.5,5.236542,6.085134,1.789552,2.23694,-4.921268,1.342164,-0.223694,0,1.9,0.2,1.9,-69,291,290.6,Tripod,Other,,23,5,True,,True,False,,Smart,RC,False,True,False,,,True,,False,False,False,False,False,False,False,False,False,False,0,Follow Yaw,-77.9,0,-77.2,282.8,False,False,False,False,False,,0,0,False,False,No Card,100,100,1024,1361,1170,1024,2,False,False,False,False,False,0,False,False,False,False,88,,47.52,,8838,,10044,,47.52,,True,3.957,3.957,3.957,3.957,3.957,3.957,3.957,3.957,3.957,3.957,3.957,3.957,0,,False,False,True,,,,,,,,,,,,,,,False,False,18.554,,89.9,,75.7,,89.9,,1676,54,13,17,8,142146.5,18952.86,,Idle,,20,,10,,,20,Go Home,False,False,False,False,False,False,False,False,False,False,False,False,33.8027920380556,-117.4659261431046,1358.7,2972.0,1049.4,396.9,True,1,1,False,False,False,False,,True,False,False,Course Lock,196.8,67,16.4,93,E,S,11.18,11.4,Calm,False,False,Android,7.0.2,M300 RTK,1ZN7L4R0H1D00F,1W9DL31001461C,1ZMLH8300204F0,1Z6PH74DAP0QN7,"Corona, CA",728.3,5.7,137.7,8.547347,2.013246,0,0,DJI Matrice 300 RTK,M300 RTK,1ZN7L4R0H1D00F,1W9DL31001461C,1ZMLH8300204F0,1Z6PH74DAP0QN7,DJI Pilot,Android,7.0.2,1EF72A62-B7C3-C88D-164E-CE6F8C8424AE,1ZN7L4R0H1D00F,1W9DL31001461C,,1ZMLH8300204F0,1W9DL31001461C,,,,,
2023-11-01,11:28:06.24 AM,3m 43.9s,223.9,33.8015390456557,-117.4701492755822,131.2,131.2,18.3,1395,1597.3,5.236542,6.085134,1.789552,2.23694,-4.921268,1.342164,0,0,2.2,0.3,2.2,-69.1,290.9,290.8,Tripod,Other,,23,5,True,,True,False,,Smart,RC,False,True,False,,,True,,False,False,False,False,False,False,False,False,False,False,0,Follow Yaw,-77.9,0,-77.2,282.8,False,False,False,False,False,,0,0,False,False,No Card,100,100,1024,1351,1170,1024,2,False,False,False,False,False,0,False,False,False,False,88,,47.52,,8838,,10044,,47.52,,True,3.957,3.957,3.957,3.957,3.957,3.957,3.957,3.957,3.957,3.957,3.957,3.957,0,,False,False,True,,,,,,,,,,,,,,,False,False,18.554,,89.9,,75.7,,89.9,,1676,54,13,17,8,142146.5,18952.86,,Idle,,20,,10,,,20,Go Home,False,False,False,False,False,False,False,False,False,False,False,False,33.8027920380556,-117.4659261431046,1359.3,2972.0,1049.4,396.9,True,1,1,False,False,False,False,,True,False,False,Course Lock,196.8,67,16.4,93,E,S,11.18,11.4,Calm,False,False,Android,7.0.2,M300 RTK,1ZN7L4R0H1D00F,1W9DL31001461C,1ZMLH8300204F0,1Z6PH74DAP0QN7,"Corona, CA",728.3,5.7,137.7,8.547347,2.013246,0,0,DJI Matrice 300 RTK,M300 RTK,1ZN7L4R0H1D00F,1W9DL31001461C,1ZMLH8300204F0,1Z6PH74DAP0QN7,DJI Pilot,Android,7.0.2,1EF72A62-B7C3-C88D-164E-CE6F8C8424AE,1ZN7L4R0H1D00F,1W9DL31001461C,,1ZMLH8300204F0,1W9DL31001461C,,,,,
2023-11-01,11:28:06.34 AM,3m 44.0s,224.0,33.8015398461129,-117.4701517479183,131.2,131.2,18.3,1395,1598.1,5.317145,6.085134,2.013246,2.23694,-4.921268,1.342164,0,0,2.5,0,2.5,-69.1,290.9,291.2,Tripod,Other,,23,5,True,,True,False,,Smart,RC,False,True,False,,,True,,False,False,False,False,False,False,False,False,False,False,0,Follow Yaw,-77.9,0,-77.2,282.8,False,False,False,False,False,,0,0,False,False,No Card,100,100,1024,1327,1172,1024,2,False,False,False,False,False,0,False,False,False,False,88,,47.532,,8838,,10044,,47.532,,True,3.957,3.957,3.957,3.957,3.957,3.957,3.957,3.957,3.957,3.957,3.957,3.957,0,,False,False,True,,,,,,,,,,,,,,,False,False,18.674,,89.9,,75.7,,89.9,,1676,54,13,17,8,142146.5,18952.86,,Idle,,20,,10,,,20,Go Home,False,False,False,False,False,False,False,False,False,False,False,False,33.8027920380556,-117.4659261431046,1359.9,2972.0,1049.4,396.9,True,1,1,False,False,False,False,,True,False,False,Course Lock,196.8,67,16.4,93,E,S,11.18,11.4,Calm,False,False,Android,7.0.2,M300 RTK,1ZN7L4R0H1D00F,1W9DL31001461C,1ZMLH8300204F0,1Z6PH74DAP0QN7,"Corona, CA",728.3,5.7,137.7,8.547347,2.013246,0,0,DJI Matrice 300 RTK,M300 RTK,1ZN7L4R0H1D00F,1W9DL31001461C,1ZMLH8300204F0,1Z6PH74DAP0QN7,DJI Pilot,Android,7.0.2,1EF72A62-B7C3-C88D-164E-CE6F8C8424AE,1ZN7L4R0H1D00F,1W9DL31001461C,,1ZMLH8300204F0,1W9DL31001461C,,,,,
2023-11-01,11:28:06.44 AM,3m 44.1s,224.1,33.8015405807791,-117.4701539774741,131.2,131.2,18.3,1395,1598.8,5.317145,6.085134,2.013246,2.23694,-4.921268,1.342164,0,0,2.7,-0.5,2.7,-69.1,290.9,291.6,Tripod,Other,,23,5,True,,True,False,,Smart,RC,False,True,False,,,True,,False,False,False,False,False,False,False,False,False,False,0,Follow Yaw,-77.9,0,-77.2,282.8,False,False,False,False,False,,0,0,False,False,No Card,100,100,1024,1327,1171,1024,2,False,False,False,False,False,0,False,False,False,False,88,,47.532,,8838,,10044,,47.532,,True,3.957,3.957,3.957,3.957,3.957,3.957,3.957,3.957,3.957,3.957,3.957,3.957,0,,False,False,True,,,,,,,,,,,,,,,False,False,18.674,,89.9,,75.7,,89.9,,1676,54,13,17,8,142146.5,18952.86,,Idle,,20,,10,,,20,Go Home,False,False,False,False,False,False,False,False,False,False,False,False,33.8027920380556,-117.4659261431046,1360.5,2972.0,1049.4,396.9,True,1,1,False,False,False,False,,True,False,False,Course Lock,196.8,67,16.4,93,E,S,11.18,11.4,Calm,False,False,Android,7.0.2,M300 RTK,1ZN7L4R0H1D00F,1W9DL31001461C,1ZMLH8300204F0,1Z6PH74DAP0QN7,"Corona, CA",728.3,5.7,137.7,8.547347,2.013246,0,0,DJI Matrice 300 RTK,M300 RTK,1ZN7L4R0H1D00F,1W9DL31001461C,1ZMLH8300204F0,1Z6PH74DAP0QN7,DJI Pilot,Android,7.0.2,1EF72A62-B7C3-C88D-164E-CE6F8C8424AE,1ZN7L4R0H1D00F,1W9DL31001461C,,1ZMLH8300204F0,1W9DL31001461C,,,,,
2023-11-01,11:28:06.54 AM,3m 44.2s,224.2,33.8015413894602,-117.4701564425532,131.2,131.2,18.3,1395,1599.6,5.317145,6.085134,2.013246,2.23694,-4.921268,1.342164,0,0,2.7,-0.9,2.8,-69.1,290.9,291.5,Tripod,Other,,23,5,True,,True,False,,Smart,RC,False,True,False,,,True,,False,False,False,False,False,False,False,False,False,False,0,Follow Yaw,-77.9,0,-77.2,282.8,False,False,False,False,False,,0,0,False,False,No Card,100,100,1024,1328,1171,1024,2,False,False,False,False,False,0,False,False,False,False,88,,47.532,,8838,,10044,,47.532,,True,3.957,3.957,3.957,3.957,3.957,3.957,3.957,3.957,3.957,3.957,3.957,3.957,0,,False,False,True,,,,,,,,,,,,,,,False,False,18.674,,89.9,,75.7,,89.9,,1676,54,13,17,8,142146.5,18952.86,,Idle,,20,,10,,,20,Go Home,False,False,False,False,False,False,False,False,False,False,False,False,33.8027920380556,-117.4659261431046,1361.1,2972.0,1049.4,396.9,True,1,1,False,False,False,False,,True,False,False,Course Lock,196.8,67,16.4,93,E,S,11.18,11.4,Calm,False,False,Android,7.0.2,M300 RTK,1ZN7L4R0H1D00F,1W9DL31001461C,1ZMLH8300204F0,1Z6PH74DAP0QN7,"Corona, CA",728.3,5.7,137.7,8.547347,2.013246,0,0,DJI Matrice 300 RTK,M300 RTK,1ZN7L4R0H1D00F,1W9DL31001461C,1ZMLH8300204F0,1Z6PH74DAP0QN7,DJI Pilot,Android,7.0.2,1EF72A62-B7C3-C88D-164E-CE6F8C8424AE,1ZN7L4R0H1D00F,1W9DL31001461C,,1ZMLH8300204F0,1W9DL31001461C,,,,,
2023-11-01,11:28:06.64 AM,3m 44.3s,224.3,33.8015423522018,-117.4701591636074,131.2,131.2,18.3,1395,1600.5,5.317145,6.085134,2.013246,2.23694,-4.921268,1.342164,0,0,2.8,-1,2.9,-69.1,290.9,293.0,Tripod,Other,,23,5,True,,True,False,,Smart,RC,False,True,False,,,True,,False,False,False,False,False,False,False,False,False,False,0,Follow Yaw,-77.9,0,-77.2,282.8,False,False,False,False,False,,0,0,False,False,No Card,100,100,1024,1328,1171,1024,2,False,False,False,False,False,0,False,False,False,False,88,,47.532,,8838,,10044,,47.532,,True,3.96,3.96,3.96,3.96,3.96,3.96,3.96,3.96,3.96,3.96,3.96,3.96,0,,False,False,True,,,,,,,,,,,,,,,False,False,18.674,,89.9,,75.7,,89.9,,1676,54,13,17,8,141790.9,18905.45,,Idle,,20,,10,,,20,Go Home,False,False,False,False,False,False,False,False,False,False,False,False,33.8027920380556,-117.4659261431046,1361.8,2972.0,1049.4,396.9,True,1,1,False,False,False,False,,True,False,False,Course Lock,196.8,67,16.4,93,E,S,11.18,11.4,Calm,False,False,Android,7.0.2,M300 RTK,1ZN7L4R0H1D00F,1W9DL31001461C,1ZMLH8300204F0,1Z6PH74DAP0QN7,"Corona, CA",728.3,5.7,137.7,8.547347,2.013246,0,0,DJI Matrice 300 RTK,M300 RTK,1ZN7L4R0H1D00F,1W9DL31001461C,1ZMLH8300204F0,1Z6PH74DAP0QN7,DJI Pilot,Android,7.0.2,1EF72A62-B7C3-C88D-164E-CE6F8C8424AE,1ZN7L4R0H1D00F,1W9DL31001461C,,1ZMLH8300204F0,1W9DL31001461C,,,,,
2023-11-01,11:28:06.71 AM,3m 44.4s,224.4,33.8015431636242,-117.47016166893,131.2,131.2,18.3,1395,1601.3,5.317145,6.085134,2.013246,2.23694,-4.921268,1.342164,0,0,2.9,-0.9,3,-69.1,290.9,291.2,Tripod,Other,,23,5,True,,True,False,,Smart,RC,False,True,False,,,True,,False,False,False,False,False,False,False,False,False,False,0,Follow Yaw,-77.9,0,-77.2,282.8,False,False,False,False,False,,0,0,False,False,No Card,100,100,1024,1329,1169,1024,2,False,False,False,False,False,0,False,False,False,False,88,,47.532,,8838,,10044,,47.532,,True,3.96,3.96,3.96,3.96,3.96,3.96,3.96,3.96,3.96,3.96,3.96,3.96,0,,False,False,True,,,,,,,,,,,,,,,False,False,18.674,,89.9,,75.7,,89.9,,1676,54,13,17,8,141790.9,18905.45,,Idle,,20,,10,,,20,Go Home,False,False,False,False,False,False,False,False,False,False,False,False,33.8027920380556,-117.4659261431046,1362.4,2972.0,1049.4,396.9,True,1,1,False,False,False,False,,True,False,False,Course Lock,196.8,67,16.4,93,E,S,11.18,11.4,Calm,False,False,Android,7.0.2,M300 RTK,1ZN7L4R0H1D00F,1W9DL31001461C,1ZMLH8300204F0,1Z6PH74DAP0QN7,"Corona, CA",728.3,5.7,137.7,8.547347,2.013246,0,0,DJI Matrice 300 RTK,M300 RTK,1ZN7L4R0H1D00F,1W9DL31001461C,1ZMLH8300204F0,1Z6PH74DAP0QN7,DJI Pilot,Android,7.0.2,1EF72A62-B7C3-C88D-164E-CE6F8C8424AE,1ZN7L4R0H1D00F,1W9DL31001461C,,1ZMLH8300204F0,1W9DL31001461C,,,,,
2023-11-01,11:28:06.82 AM,3m 44.5s,224.5,33.801544098953,-117.4701641036616,131.5,131.5,18.3,1395,1602.2,5.317145,6.085134,2.013246,2.23694,-4.921268,1.342164,0,0,2.9,-0.8,3,-69.2,290.8,294.8,Tripod,Other,,23,5,True,,True,False,,Smart,RC,False,True,False,,,True,,False,False,False,False,False,False,False,False,False,False,0,Follow Yaw,-77.9,0,-77.2,282.8,False,False,False,False,False,,0,0,False,False,No Card,100,100,1024,1331,1141,932,2,False,False,False,False,False,0,False,False,False,False,88,,47.532,,8838,,10044,,47.532,,True,3.96,3.96,3.96,3.96,3.96,3.96,3.96,3.96,3.96,3.96,3.96,3.96,0,,False,False,True,,,,,,,,,,,,,,,False,False,18.674,,89.9,,75.7,,89.9,,1676,54,13,17,8,141790.9,18905.45,,Idle,,20,,10,,,20,Go Home,False,False,False,False,False,False,False,False,False,False,False,False,33.8027920380556,-117.4659261431046,1363.0,2972.0,1049.4,396.9,True,1,1,False,False,False,False,,True,False,False,Course Lock,196.8,67,16.4,93,E,S,11.18,11.4,Calm,False,False,Android,7.0.2,M300 RTK,1ZN7L4R0H1D00F,1W9DL31001461C,1ZMLH8300204F0,1Z6PH74DAP0QN7,"Corona, CA",728.3,5.7,137.7,8.547347,2.013246,0,0,DJI Matrice 300 RTK,M300 RTK,1ZN7L4R0H1D00F,1W9DL31001461C,1ZMLH8300204F0,1Z6PH74DAP0QN7,DJI Pilot,Android,7.0.2,1EF72A62-B7C3-C88D-164E-CE6F8C8424AE,1ZN7L4R0H1D00F,1W9DL31001461C,,1ZMLH8300204F0,1W9DL31001461C,,,,,
2023-11-01,11:28:06.94 AM,3m 44.6s,224.6,33.8015449196957,-117.4701666116232,131.5,131.5,18.3,1395,1603.0,5.317145,6.085134,2.013246,2.23694,-4.921268,1.342164,0,0,2.9,-0.9,3,-69.3,290.7,291.4,Tripod,Other,,23,5,True,,True,False,,Smart,RC,False,True,False,,,True,,False,False,False,False,False,False,False,False,False,False,0,Follow Yaw,-77.9,0,-77.3,282.7,False,False,False,False,False,,0,0,False,False,No Card,100,100,1024,1331,1142,928,2,False,False,False,False,False,0,False,False,False,False,88,,47.532,,8838,,10044,,47.532,,True,3.96,3.96,3.96,3.96,3.96,3.96,3.96,3.96,3.96,3.96,3.96,3.96,0,,False,False,True,,,,,,,,,,,,,,,False,False,18.674,,89.9,,75.7,,89.9,,1676,54,13,17,8,141790.9,18905.45,,Idle,,20,,10,,,20,Go Home,False,False,False,False,False,False,False,False,False,False,False,False,33.8027920380556,-117.4659261431046,1363.6,2972.0,1049.4,396.9,True,1,1,False,False,False,False,,True,False,False,Course Lock,196.8,67,16.4,93,E,S,11.18,11.4,Calm,False,False,Android,7.0.2,M300 RTK,1ZN7L4R0H1D00F,1W9DL31001461C,1ZMLH8300204F0,1Z6PH74DAP0QN7,"Corona, CA",728.3,5.7,137.7,8.547347,2.013246,0,0,DJI Matrice 300 RTK,M300 RTK,1ZN7L4R0H1D00F,1W9DL31001461C,1ZMLH8300204F0,1Z6PH74DAP0QN7,DJI Pilot,Android,7.0.2,1EF72A62-B7C3-C88D-164E-CE6F8C8424AE,1ZN7L4R0H1D00F,1W9DL31001461C,,1ZMLH8300204F0,1W9DL31001461C,,,,,
2023-11-01,11:28:07.04 AM,3m 44.7s,224.7,33.8015454175143,-117.4701689836805,131.5,131.5,18.3,1395,1603.7,5.317145,6.085134,2.013246,2.23694,-4.921268,1.342164,0,0,2.9,-1.3,3.1,-69.4,290.6,284.1,Tripod,Other,,23,5,True,,True,False,,Smart,RC,False,True,False,,,True,,False,False,False,False,False,False,False,False,False,False,0,Follow Yaw,-77.9,0,-77.4,282.6,False,False,False,False,False,,0,0,False,False,No Card,100,100,1024,1330,1161,947,2,False,False,False,False,False,0,False,False,False,False,88,,47.496,,4387,,4986,,47.496,,True,3.96,3.96,3.96,3.96,3.96,3.96,3.96,3.96,3.96,3.96,3.96,3.96,0,,False,False,True,,,,,,,,,,,,,,,False,False,9.172,,89.4,,75.7,,89.9,,1676,54,13,17,8,141790.9,18905.45,,Idle,,20,,10,,,20,Go Home,False,False,False,False,False,False,False,False,False,False,False,False,33.8027920380556,-117.4659261431046,1364.2,2972.0,1049.4,396.9,True,1,1,False,False,False,False,,True,False,False,Course Lock,196.8,67,16.4,93,E,S,11.18,11.4,Calm,False,False,Android,7.0.2,M300 RTK,1ZN7L4R0H1D00F,1W9DL31001461C,1ZMLH8300204F0,1Z6PH74DAP0QN7,"Corona, CA",728.3,5.7,137.7,8.547347,2.013246,0,0,DJI Matrice 300 RTK,M300 RTK,1ZN7L4R0H1D00F,1W9DL31001461C,1ZMLH8300204F0,1Z6PH74DAP0QN7,DJI Pilot,Android,7.0.2,1EF72A62-B7C3-C88D-164E-CE6F8C8424AE,1ZN7L4R0H1D00F,1W9DL31001461C,,1ZMLH8300204F0,1W9DL31001461C,,,,,
2023-11-01,11:28:07.14 AM,3m 44.8s,224.8,33.8015461916551,-117.470171494281,131.5,131.5,18.3,1395,1604.5,5.236542,6.085134,1.789552,2.23694,-4.921268,1.342164,0,0,3,-1.6,3.4,-69.4,290.6,290.3,Tripod,Other,,23,5,True,,True,False,,Smart,RC,False,True,False,,,True,,False,False,False,False,False,False,False,False,False,False,0,Follow Yaw,-77.9,0,-77.6,282.4,False,False,False,False,False,,0,0,False,False,No Card,100,100,1024,1338,1158,945,2,False,False,False,False,False,0,False,False,False,False,88,,47.496,,4387,,4986,,47.496,,True,3.96,3.96,3.96,3.96,3.96,3.96,3.96,3.96,3.96,3.96,3.96,3.96,0,,False,False,True,,,,,,,,,,,,,,,False,False,9.172,,89.4,,75.7,,89.9,,1676,54,13,17,8,141790.9,18905.45,,Idle,,20,,10,,,20,Go Home,False,False,False,False,False,False,False,False,False,False,False,False,33.8027920380556,-117.4659261431046,1364.8,2972.0,1049.4,396.9,True,1,1,False,False,False,False,,True,False,False,Course Lock,196.8,67,16.4,93,E,S,11.18,11.4,Calm,False,False,Android,7.0.2,M300 RTK,1ZN7L4R0H1D00F,1W9DL31001461C,1ZMLH8300204F0,1Z6PH74DAP0QN7,"Corona, CA",728.3,5.7,137.7,8.547347,2.013246,0,0,DJI Matrice 300 RTK,M300 RTK,1ZN7L4R0H1D00F,1W9DL31001461C,1ZMLH8300204F0,1Z6PH74DAP0QN7,DJI Pilot,Android,7.0.2,1EF72A62-B7C3-C88D-164E-CE6F8C8424AE,1ZN7L4R0H1D00F,1W9DL31001461C,,1ZMLH8300204F0,1W9DL31001461C,,,,,
2023-11-01,11:28:07.23 AM,3m 44.9s,224.9,33.8015469444139,-117.4701740368784,131.5,131.5,18.3,1395,1605.3,5.447304,6.085134,1.789552,2.23694,-5.144962,1.342164,0,0,3,-1.6,3.4,-69.6,290.4,289.6,Tripod,Other,,23,5,True,,True,False,,Smart,RC,False,True,False,,,True,,False,False,False,False,False,False,False,False,False,False,0,Follow Yaw,-77.9,0,-77.7,282.3,False,False,False,False,False,,0,0,False,False,No Card,100,100,1024,1338,1156,910,2,False,False,False,False,False,0,False,False,False,False,88,,47.496,,4387,,4986,,47.496,,True,3.96,3.96,3.96,3.96,3.96,3.96,3.96,3.96,3.96,3.96,3.96,3.96,0,,False,False,True,,,,,,,,,,,,,,,False,False,9.172,,89.4,,75.7,,89.9,,1676,54,13,17,8,141790.9,18905.45,,Idle,,20,,10,,,20,Go Home,False,False,False,False,False,False,False,False,False,False,False,False,33.8027920380556,-117.4659261431046,1365.4,2972.0,1049.4,396.9,True,1,1,False,False,False,False,,True,False,False,Course Lock,196.8,67,16.4,93,E,S,11.18,11.4,Calm,False,False,Android,7.0.2,M300 RTK,1ZN7L4R0H1D00F,1W9DL31001461C,1ZMLH8300204F0,1Z6PH74DAP0QN7,"Corona, CA",728.3,5.7,137.7,8.547347,2.013246,0,0,DJI Matrice 300 RTK,M300 RTK,1ZN7L4R0H1D00F,1W9DL31001461C,1ZMLH8300204F0,1Z6PH74DAP0QN7,DJI Pilot,Android,7.0.2,1EF72A62-B7C3-C88D-164E-CE6F8C8424AE,1ZN7L4R0H1D00F,1W9DL31001461C,,1ZMLH8300204F0,1W9DL31001461C,,,,,
2023-11-01,11:28:07.33 AM,3m 45.0s,225.0,33.8015476834661,-117.4701765669409,131.5,131.5,18.0,1395,1606.2,5.447304,6.085134,1.789552,2.23694,-5.144962,1.342164,0,0,2.9,-1.3,3.1,-69.8,290.2,289.3,Tripod,Other,,23,5,True,,True,False,,Smart,RC,False,True,False,,,True,,False,False,False,False,False,False,False,False,False,False,0,Follow Yaw,-77.9,0,-77.9,282.1,False,False,False,False,False,,0,0,False,False,No Card,100,100,1024,1332,1170,858,2,False,False,False,False,False,0,False,False,False,False,88,,47.532,,8838,,10044,,47.532,,True,3.96,3.96,3.96,3.96,3.96,3.96,3.96,3.96,3.96,3.96,3.96,3.96,0,,False,False,True,,,,,,,,,,,,,,,False,False,18.828,,89.9,,75.7,,89.9,,1676,54,13,17,8,141790.9,18905.45,,Idle,,20,,10,,,20,Go Home,False,False,False,False,False,False,False,False,False,False,False,False,33.8027920380556,-117.4659261431046,1366.1,2972.0,1049.4,396.9,True,1,1,False,False,False,False,,True,False,False,Course Lock,196.8,67,16.4,93,E,S,11.18,11.4,Calm,False,False,Android,7.0.2,M300 RTK,1ZN7L4R0H1D00F,1W9DL31001461C,1ZMLH8300204F0,1Z6PH74DAP0QN7,"Corona, CA",728.3,5.7,137.7,8.547347,2.013246,0,0,DJI Matrice 300 RTK,M300 RTK,1ZN7L4R0H1D00F,1W9DL31001461C,1ZMLH8300204F0,1Z6PH74DAP0QN7,DJI Pilot,Android,7.0.2,1EF72A62-B7C3-C88D-164E-CE6F8C8424AE,1ZN7L4R0H1D00F,1W9DL31001461C,,1ZMLH8300204F0,1W9DL31001461C,,,,,
2023-11-01,11:28:07.43 AM,3m 45.1s,225.1,33.8015485782238,-117.4701790917255,131.5,131.5,18.3,1395,1607.0,5.447304,6.085134,1.789552,2.23694,-5.144962,1.342164,0,0,2.9,-0.8,3,-70.1,289.9,293.0,Tripod,Other,,23,5,True,,True,False,,Smart,RC,False,True,False,,,True,,False,False,False,False,False,False,False,False,False,False,0,Follow Yaw,-77.9,0,-78.2,281.8,False,False,False,False,False,,0,0,False,False,No Card,100,100,1024,1324,1182,812,2,False,False,False,False,False,0,False,False,False,False,88,,47.532,,8838,,10044,,47.532,,True,3.96,3.96,3.96,3.96,3.96,3.96,3.96,3.96,3.96,3.96,3.96,3.96,0,,False,False,True,,,,,,,,,,,,,,,False,False,18.828,,89.9,,75.7,,89.9,,1676,54,13,17,8,141790.9,18905.45,,Idle,,20,,10,,,20,Go Home,False,False,False,False,False,False,False,False,False,False,False,False,33.8027920380556,-117.4659261431046,1366.7,2972.0,1049.4,396.9,True,1,1,False,False,False,False,,True,False,False,Course Lock,196.8,67,16.4,93,E,S,11.18,11.4,Calm,False,False,Android,7.0.2,M300 RTK,1ZN7L4R0H1D00F,1W9DL31001461C,1ZMLH8300204F0,1Z6PH74DAP0QN7,"Corona, CA",728.3,5.7,137.7,8.547347,2.013246,0,0,DJI Matrice 300 RTK,M300 RTK,1ZN7L4R0H1D00F,1W9DL31001461C,1ZMLH8300204F0,1Z6PH74DAP0QN7,DJI Pilot,Android,7.0.2,1EF72A62-B7C3-C88D-164E-CE6F8C8424AE,1ZN7L4R0H1D00F,1W9DL31001461C,,1ZMLH8300204F0,1W9DL31001461C,,,,,
2023-11-01,11:28:07.54 AM,3m 45.2s,225.2,33.80154931289,-117.4701816356424,131.5,131.5,18.0,1395,1607.8,5.447304,6.085134,1.789552,2.23694,-5.144962,1.342164,0,0,2.9,-0.7,2.9,-70.4,289.6,289.1,Tripod,Other,,23,5,True,,True,False,,Smart,RC,False,True,False,,,True,,False,False,False,False,False,False,False,False,False,False,0,Follow Yaw,-77.9,0,-78.6,281.4,False,False,False,False,False,,0,0,False,False,No Card,100,100,1024,1321,1183,799,2,False,False,False,False,False,0,False,False,False,False,88,,47.532,,8838,,10044,,47.532,,True,3.96,3.96,3.96,3.96,3.96,3.96,3.96,3.96,3.96,3.96,3.96,3.96,0,,False,False,True,,,,,,,,,,,,,,,False,False,18.828,,89.9,,75.7,,89.9,,1676,54,13,17,8,141790.9,18905.45,,Idle,,20,,10,,,20,Go Home,False,False,False,False,False,False,False,False,False,False,False,False,33.8027920380556,-117.4659261431046,1367.3,2972.0,1049.4,396.9,True,1,1,False,False,False,False,,True,False,False,Course Lock,196.8,67,16.4,93,E,S,11.4,11.4,Calm,False,False,Android,7.0.2,M300 RTK,1ZN7L4R0H1D00F,1W9DL31001461C,1ZMLH8300204F0,1Z6PH74DAP0QN7,"Corona, CA",728.3,5.7,137.7,8.547347,2.013246,0,0,DJI Matrice 300 RTK,M300 RTK,1ZN7L4R0H1D00F,1W9DL31001461C,1ZMLH8300204F0,1Z6PH74DAP0QN7,DJI Pilot,Android,7.0.2,1EF72A62-B7C3-C88D-164E-CE6F8C8424AE,1ZN7L4R0H1D00F,1W9DL31001461C,,1ZMLH8300204F0,1W9DL31001461C,,,,,
2023-11-01,11:28:07.64 AM,3m 45.3s,225.3,33.8015500837412,-117.4701841274405,131.5,131.5,18.0,1395,1608.6,5.447304,6.085134,1.789552,2.23694,-5.144962,1.342164,0,0,2.9,-1.1,3.1,-70.8,289.2,290.4,Tripod,Other,,23,5,True,,True,False,,Smart,RC,False,True,False,,,True,,False,False,False,False,False,False,False,False,False,False,0,Follow Yaw,-77.9,0,-79.1,280.9,False,False,False,False,False,,0,0,False,False,No Card,100,100,1024,1322,1181,799,2,False,False,False,False,False,0,False,False,False,False,88,,47.532,,8838,,10044,,47.532,,True,3.962,3.962,3.962,3.962,3.962,3.962,3.962,3.962,3.962,3.962,3.962,3.962,0,,False,False,True,,,,,,,,,,,,,,,False,False,18.828,,89.9,,75.7,,89.9,,1677,54,13,17,8,141428.5,18857.13,,Idle,,20,,10,,,20,Go Home,False,False,False,False,False,False,False,False,False,False,False,False,33.8027920380556,-117.4659261431046,1367.9,2972.0,1049.4,396.9,True,1,1,False,False,False,False,,True,False,False,Course Lock,196.8,67,16.4,93,E,S,11.4,11.4,Calm,False,False,Android,7.0.2,M300 RTK,1ZN7L4R0H1D00F,1W9DL31001461C,1ZMLH8300204F0,1Z6PH74DAP0QN7,"Corona, CA",728.3,5.7,137.7,8.547347,2.013246,0,0,DJI Matrice 300 RTK,M300 RTK,1ZN7L4R0H1D00F,1W9DL31001461C,1ZMLH8300204F0,1Z6PH74DAP0QN7,DJI Pilot,Android,7.0.2,1EF72A62-B7C3-C88D-164E-CE6F8C8424AE,1ZN7L4R0H1D00F,1W9DL31001461C,,1ZMLH8300204F0,1W9DL31001461C,,,,,
2023-11-01,11:28:07.74 AM,3m 45.4s,225.4,33.8015508101836,-117.4701866766352,131.5,131.5,18.0,1395,1609.4,5.447304,6.085134,1.789552,2.23694,-5.144962,1.342164,0,0,3.2,-1.5,3.5,-71.2,288.8,288.9,Tripod,Other,,23,5,True,,True,False,,Smart,RC,False,True,False,,,True,,False,False,False,False,False,False,False,False,False,False,0,Follow Yaw,-77.9,0,-79.6,280.4,False,False,False,False,False,,0,0,False,False,No Card,100,100,1024,1326,1179,806,2,False,False,False,False,False,0,False,False,False,False,88,,47.532,,8838,,10044,,47.532,,True,3.962,3.962,3.962,3.962,3.962,3.962,3.962,3.962,3.962,3.962,3.962,3.962,0,,False,False,True,,,,,,,,,,,,,,,False,False,18.828,,89.9,,75.7,,89.9,,1677,54,13,17,8,141428.5,18857.13,,Idle,,20,,10,,,20,Go Home,False,False,False,False,False,False,False,False,False,False,False,False,33.8027920380556,-117.4659261431046,1368.6,2972.0,1049.4,396.9,True,1,1,False,False,False,False,,True,False,False,Course Lock,196.8,67,16.4,93,E,S,11.4,11.4,Calm,False,False,Android,7.0.2,M300 RTK,1ZN7L4R0H1D00F,1W9DL31001461C,1ZMLH8300204F0,1Z6PH74DAP0QN7,"Corona, CA",728.3,5.7,137.7,8.547347,2.013246,0,0,DJI Matrice 300 RTK,M300 RTK,1ZN7L4R0H1D00F,1W9DL31001461C,1ZMLH8300204F0,1Z6PH74DAP0QN7,DJI Pilot,Android,7.0.2,1EF72A62-B7C3-C88D-164E-CE6F8C8424AE,1ZN7L4R0H1D00F,1W9DL31001461C,,1ZMLH8300204F0,1W9DL31001461C,,,,,
2023-11-01,11:28:07.84 AM,3m 45.5s,225.5,33.8015514839931,-117.470189271681,131.5,131.5,18.0,1395,1610.3,5.377968,6.085134,1.565858,2.23694,-5.144962,1.342164,0,0,3.4,-1.7,3.8,-71.7,288.3,287.3,Tripod,Other,,23,5,True,,True,False,,Smart,RC,False,True,False,,,True,,False,False,False,False,False,False,False,False,False,False,0,Follow Yaw,-77.9,0,-80.2,279.8,False,False,False,False,False,,0,0,False,False,No Card,100,100,1024,1321,1179,822,2,False,False,False,False,False,0,False,False,False,False,88,,47.532,,8838,,10044,,47.532,,True,3.962,3.962,3.962,3.962,3.962,3.962,3.962,3.962,3.962,3.962,3.962,3.962,0,,False,False,True,,,,,,,,,,,,,,,False,False,18.828,,89.9,,75.7,,89.9,,1677,54,13,17,8,141428.5,18857.13,,Idle,,20,,10,,,20,Go Home,False,False,False,False,False,False,False,False,False,False,False,False,33.8027920380556,-117.4659261431046,1369.3,2972.0,1049.4,396.9,True,1,1,False,False,False,False,,True,False,False,Course Lock,196.8,67,16.4,93,E,S,11.4,11.4,Calm,False,False,Android,7.0.2,M300 RTK,1ZN7L4R0H1D00F,1W9DL31001461C,1ZMLH8300204F0,1Z6PH74DAP0QN7,"Corona, CA",728.3,5.7,137.7,8.547347,2.013246,0,0,DJI Matrice 300 RTK,M300 RTK,1ZN7L4R0H1D00F,1W9DL31001461C,1ZMLH8300204F0,1Z6PH74DAP0QN7,DJI Pilot,Android,7.0.2,1EF72A62-B7C3-C88D-164E-CE6F8C8424AE,1ZN7L4R0H1D00F,1W9DL31001461C,,1ZMLH8300204F0,1W9DL31001461C,,,,,
2023-11-01,11:28:07.95 AM,3m 45.6s,225.6,33.8015521775399,-117.4701918320911,131.5,131.5,18.0,1395,1611.1,5.377968,6.085134,1.565858,2.23694,-5.144962,1.342164,0,0,3.5,-1.8,3.9,-72.2,287.8,288.0,Tripod,Other,,23,5,True,,True,False,,Smart,RC,False,True,False,,,True,,False,False,False,False,False,False,False,False,False,False,0,Follow Yaw,-77.9,0,-80.7,279.3,False,False,False,False,False,,0,0,False,False,No Card,100,100,1024,1319,1178,823,2,False,False,False,False,False,0,False,False,False,False,88,,47.532,,8838,,10044,,47.532,,True,3.962,3.962,3.962,3.962,3.962,3.962,3.962,3.962,3.962,3.962,3.962,3.962,0,,False,False,True,,,,,,,,,,,,,,,False,False,18.828,,89.9,,75.7,,89.9,,1677,54,13,17,8,141428.5,18857.13,,Idle,,20,,10,,,20,Go Home,False,False,False,False,False,False,False,False,False,False,False,False,33.8027920380556,-117.4659261431046,1369.9,2972.0,1049.4,396.9,True,1,1,False,False,False,False,,True,False,False,Course Lock,196.8,67,16.4,93,E,S,11.4,11.4,Calm,False,False,Android,7.0.2,M300 RTK,1ZN7L4R0H1D00F,1W9DL31001461C,1ZMLH8300204F0,1Z6PH74DAP0QN7,"Corona, CA",728.3,5.7,137.7,8.547347,2.013246,0,0,DJI Matrice 300 RTK,M300 RTK,1ZN7L4R0H1D00F,1W9DL31001461C,1ZMLH8300204F0,1Z6PH74DAP0QN7,DJI Pilot,Android,7.0.2,1EF72A62-B7C3-C88D-164E-CE6F8C8424AE,1ZN7L4R0H1D00F,1W9DL31001461C,,1ZMLH8300204F0,1W9DL31001461C,,,,,
2023-11-01,11:28:08.05 AM,3m 45.7s,225.7,33.801552837643,-117.4701943552264,131.8,131.8,18.0,1396,1611.9,5.377968,6.085134,1.565858,2.23694,-5.144962,1.342164,0,0,3.3,-1.9,3.8,-72.7,287.3,287.4,Tripod,Other,,23,5,True,,True,False,,Smart,RC,False,True,False,,,True,,False,False,False,False,False,False,False,False,False,False,0,Follow Yaw,-77.9,0,-81.1,278.9,False,False,False,False,False,,0,0,False,False,No Card,100,100,1024,1316,1180,822,2,False,False,False,False,False,0,False,False,False,False,88,,47.532,,8838,,10044,,47.532,,True,3.962,3.962,3.962,3.962,3.962,3.962,3.962,3.962,3.962,3.962,3.962,3.962,0,,False,False,True,,,,,,,,,,,,,,,False,False,18.828,,89.9,,75.7,,89.9,,1677,54,13,17,8,141428.5,18857.13,,Idle,,20,,10,,,20,Go Home,False,False,False,False,False,False,False,False,False,False,False,False,33.8027920380556,-117.4659261431046,1370.5,2972.0,1049.4,396.9,True,1,1,False,False,False,False,,True,False,False,Course Lock,196.8,67,16.4,93,E,S,11.4,11.4,Calm,False,False,Android,7.0.2,M300 RTK,1ZN7L4R0H1D00F,1W9DL31001461C,1ZMLH8300204F0,1Z6PH74DAP0QN7,"Corona, CA",728.3,5.7,137.7,8.547347,2.013246,0,0,DJI Matrice 300 RTK,M300 RTK,1ZN7L4R0H1D00F,1W9DL31001461C,1ZMLH8300204F0,1Z6PH74DAP0QN7,DJI Pilot,Android,7.0.2,1EF72A62-B7C3-C88D-164E-CE6F8C8424AE,1ZN7L4R0H1D00F,1W9DL31001461C,,1ZMLH8300204F0,1W9DL31001461C,,,,,
2023-11-01,11:28:08.15 AM,3m 45.8s,225.8,33.8015535021321,-117.4701969083794,131.8,131.8,18.0,1396,1612.7,5.377968,6.085134,1.565858,2.23694,-5.144962,1.342164,0,0,3.1,-2.1,3.7,-73.1,286.9,287.3,Tripod,Other,,23,5,True,,True,False,,Smart,RC,False,True,False,,,True,,False,False,False,False,False,False,False,False,False,False,0,Follow Yaw,-77.9,0,-81.6,278.4,False,False,False,False,False,,0,0,False,False,No Card,100,100,1024,1317,1177,822,2,False,False,False,False,False,0,False,False,False,False,88,,47.532,,8838,,10044,,47.532,,True,3.962,3.962,3.962,3.962,3.962,3.962,3.962,3.962,3.962,3.962,3.962,3.962,0,,False,False,True,,,,,,,,,,,,,,,False,False,18.828,,89.9,,75.7,,89.9,,1677,54,13,17,8,141428.5,18857.13,,Idle,,20,,10,,,20,Go Home,False,False,False,False,False,False,False,False,False,False,False,False,33.8027920380556,-117.4659261431046,1371.2,2972.0,1049.4,396.9,True,1,1,False,False,False,False,,True,False,False,Course Lock,196.8,67,16.4,93,E,S,11.4,11.4,Calm,False,False,Android,7.0.2,M300 RTK,1ZN7L4R0H1D00F,1W9DL31001461C,1ZMLH8300204F0,1Z6PH74DAP0QN7,"Corona, CA",728.3,5.7,137.7,8.547347,2.013246,0,0,DJI Matrice 300 RTK,M300 RTK,1ZN7L4R0H1D00F,1W9DL31001461C,1ZMLH8300204F0,1Z6PH74DAP0QN7,DJI Pilot,Android,7.0.2,1EF72A62-B7C3-C88D-164E-CE6F8C8424AE,1ZN7L4R0H1D00F,1W9DL31001461C,,1ZMLH8300204F0,1W9DL31001461C,,,,,
2023-11-01,11:28:08.25 AM,3m 45.9s,225.9,33.8015540109159,-117.4701995604919,131.8,131.8,18.0,1396,1613.5,5.377968,6.085134,1.565858,2.23694,-5.144962,1.342164,-0.223694,0,3,-2.2,3.7,-73.4,286.6,282.9,Tripod,Other,,23,5,True,,True,False,,Smart,RC,False,True,False,,,True,,False,False,False,False,False,False,False,False,False,False,0,Follow Yaw,-77.9,0,-82,278,False,False,False,False,False,,0,0,False,False,No Card,100,100,1024,1328,1174,824,2,False,False,False,False,False,0,False,False,False,False,88,,47.532,,8838,,10044,,47.532,,True,3.962,3.962,3.962,3.962,3.962,3.962,3.962,3.962,3.962,3.962,3.962,3.962,0,,False,False,True,,,,,,,,,,,,,,,False,False,18.828,,89.9,,75.7,,89.9,,1677,54,13,17,8,141428.5,18857.13,,Idle,,20,,10,,,20,Go Home,False,False,False,False,False,False,False,False,False,False,False,False,33.8027920380556,-117.4659261431046,1371.9,2972.0,1049.4,396.9,True,1,1,False,False,False,False,,True,False,False,Course Lock,196.8,67,16.4,93,E,S,11.4,11.4,Calm,False,False,Android,7.0.2,M300 RTK,1ZN7L4R0H1D00F,1W9DL31001461C,1ZMLH8300204F0,1Z6PH74DAP0QN7,"Corona, CA",728.3,5.7,137.7,8.547347,2.013246,0,0,DJI Matrice 300 RTK,M300 RTK,1ZN7L4R0H1D00F,1W9DL31001461C,1ZMLH8300204F0,1Z6PH74DAP0QN7,DJI Pilot,Android,7.0.2,1EF72A62-B7C3-C88D-164E-CE6F8C8424AE,1ZN7L4R0H1D00F,1W9DL31001461C,,1ZMLH8300204F0,1W9DL31001461C,,,,,
2023-11-01,11:28:08.35 AM,3m 46.0s,226.0,33.8015546331891,-117.4702021298083,131.8,131.8,18.0,1396,1614.3,5.377968,6.085134,1.565858,2.23694,-5.144962,1.342164,-0.223694,0,3,-2.4,3.8,-73.7,286.3,286.2,Tripod,Other,,23,5,True,,True,False,,Smart,RC,False,True,False,,,True,,False,False,False,False,False,False,False,False,False,False,0,Follow Yaw,-77.9,0,-82.5,277.5,False,False,False,False,False,,0,0,False,False,No Card,100,100,1024,1331,1171,841,2,False,False,False,False,False,0,False,False,False,False,87,,47.496,,8787,,10044,,47.496,,True,3.962,3.962,3.962,3.962,3.962,3.962,3.962,3.962,3.962,3.962,3.962,3.962,0,,False,False,True,,,,,,,,,,,,,,,False,False,19.126,,89.9,,75.7,,89.9,,1677,54,13,17,8,141428.5,18857.13,,Idle,,20,,10,,,20,Go Home,False,False,False,False,False,False,False,False,False,False,False,False,33.8027920380556,-117.4659261431046,1372.6,2972.0,1049.4,396.9,True,1,1,False,False,False,False,,True,False,False,Course Lock,196.8,67,16.4,93,E,S,11.4,11.4,Calm,False,False,Android,7.0.2,M300 RTK,1ZN7L4R0H1D00F,1W9DL31001461C,1ZMLH8300204F0,1Z6PH74DAP0QN7,"Corona, CA",728.3,5.7,137.7,8.547347,2.013246,0,0,DJI Matrice 300 RTK,M300 RTK,1ZN7L4R0H1D00F,1W9DL31001461C,1ZMLH8300204F0,1Z6PH74DAP0QN7,DJI Pilot,Android,7.0.2,1EF72A62-B7C3-C88D-164E-CE6F8C8424AE,1ZN7L4R0H1D00F,1W9DL31001461C,,1ZMLH8300204F0,1W9DL31001461C,,,,,
2023-11-01,11:28:08.46 AM,3m 46.1s,226.1,33.8015553283807,-117.4702044012568,131.8,131.8,18.0,1396,1615.1,5.377968,6.085134,1.565858,2.23694,-5.144962,1.342164,-0.223694,0,3.3,-2.7,4.2,-74,286,290.2,Tripod,Other,,23,5,True,,True,False,,Smart,RC,False,True,False,,,True,,False,False,False,False,False,False,False,False,False,False,0,Follow Yaw,-77.9,0,-82.9,277.1,False,False,False,False,False,,0,0,False,False,No Card,100,100,1024,1324,1168,854,2,False,False,False,False,False,0,False,False,False,False,87,,47.496,,8787,,10044,,47.496,,True,3.962,3.962,3.962,3.962,3.962,3.962,3.962,3.962,3.962,3.962,3.962,3.962,0,,False,False,True,,,,,,,,,,,,,,,False,False,19.126,,89.9,,75.7,,89.9,,1677,54,13,17,8,141428.5,18857.13,,Idle,,20,,10,,,20,Go Home,False,False,False,False,False,False,False,False,False,False,False,False,33.8027920380556,-117.4659261431046,1373.1,2972.0,1049.4,396.9,True,1,1,False,False,False,False,,True,False,False,Course Lock,196.8,67,16.4,93,E,S,11.4,11.4,Calm,False,False,Android,7.0.2,M300 RTK,1ZN7L4R0H1D00F,1W9DL31001461C,1ZMLH8300204F0,1Z6PH74DAP0QN7,"Corona, CA",728.3,5.7,137.7,8.547347,2.013246,0,0,DJI Matrice 300 RTK,M300 RTK,1ZN7L4R0H1D00F,1W9DL31001461C,1ZMLH8300204F0,1Z6PH74DAP0QN7,DJI Pilot,Android,7.0.2,1EF72A62-B7C3-C88D-164E-CE6F8C8424AE,1ZN7L4R0H1D00F,1W9DL31001461C,,1ZMLH8300204F0,1W9DL31001461C,,,,,
2023-11-01,11:28:08.56 AM,3m 46.2s,226.2,33.801555916662,-117.4702069474827,131.8,131.8,18.0,1396,1615.9,5.317145,6.085134,1.342164,2.23694,-5.144962,1.342164,0,0,3.5,-2.9,4.5,-74.4,285.6,285.5,Tripod,Other,,23,5,True,,True,False,,Smart,RC,False,True,False,,,True,,False,False,False,False,False,False,False,False,False,False,0,Follow Yaw,-77.9,0,-83.3,276.7,False,False,False,False,False,,0,0,False,False,No Card,100,100,1024,1324,1171,853,2,False,False,False,False,False,0,False,False,False,False,87,,47.496,,8787,,10044,,47.496,,True,3.962,3.962,3.962,3.962,3.962,3.962,3.962,3.962,3.962,3.962,3.962,3.962,0,,False,False,True,,,,,,,,,,,,,,,False,False,19.126,,89.9,,75.7,,89.9,,1677,54,13,17,8,141428.5,18857.13,,Idle,,20,,10,,,20,Go Home,False,False,False,False,False,False,False,False,False,False,False,False,33.8027920380556,-117.4659261431046,1373.8,2972.0,1049.4,396.9,True,1,1,False,False,False,False,,True,False,False,Course Lock,196.8,67,16.4,93,E,S,11.4,11.4,Calm,False,False,Android,7.0.2,M300 RTK,1ZN7L4R0H1D00F,1W9DL31001461C,1ZMLH8300204F0,1Z6PH74DAP0QN7,"Corona, CA",728.3,5.7,137.7,8.547347,2.013246,0,0,DJI Matrice 300 RTK,M300 RTK,1ZN7L4R0H1D00F,1W9DL31001461C,1ZMLH8300204F0,1Z6PH74DAP0QN7,DJI Pilot,Android,7.0.2,1EF72A62-B7C3-C88D-164E-CE6F8C8424AE,1ZN7L4R0H1D00F,1W9DL31001461C,,1ZMLH8300204F0,1W9DL31001461C,,,,,
2023-11-01,11:28:08.64 AM,3m 46.3s,226.3,33.801556542773,-117.4702096223558,131.8,131.8,18.0,1396,1616.7,5.317145,6.085134,1.342164,2.23694,-5.144962,1.342164,-0.223694,0,3.5,-2.9,4.5,-74.7,285.3,285.7,Tripod,Other,,23,5,True,,True,False,,Smart,RC,False,True,False,,,True,,False,False,False,False,False,False,False,False,False,False,0,Follow Yaw,-77.9,0,-83.7,276.3,False,False,False,False,False,,0,0,False,False,No Card,100,100,1024,1325,1170,851,2,False,False,False,False,False,0,False,False,False,False,87,,47.496,,8787,,10044,,47.496,,True,3.957,3.957,3.957,3.957,3.957,3.957,3.957,3.957,3.957,3.957,3.957,3.957,0,,False,False,True,,,,,,,,,,,,,,,False,False,19.126,,89.9,,75.7,,89.9,,1678,54,13,17,8,141200.1,18826.69,,Idle,,20,,10,,,20,Go Home,False,False,False,False,False,False,False,False,False,False,False,False,33.8027920380556,-117.4659261431046,1374.5,2972.0,1049.4,396.9,True,1,1,False,False,False,False,,True,False,False,Course Lock,196.8,67,16.4,93,E,S,11.4,11.4,Calm,False,False,Android,7.0.2,M300 RTK,1ZN7L4R0H1D00F,1W9DL31001461C,1ZMLH8300204F0,1Z6PH74DAP0QN7,"Corona, CA",728.3,5.7,137.7,8.547347,2.013246,0,0,DJI Matrice 300 RTK,M300 RTK,1ZN7L4R0H1D00F,1W9DL31001461C,1ZMLH8300204F0,1Z6PH74DAP0QN7,DJI Pilot,Android,7.0.2,1EF72A62-B7C3-C88D-164E-CE6F8C8424AE,1ZN7L4R0H1D00F,1W9DL31001461C,,1ZMLH8300204F0,1W9DL31001461C,,,,,
2023-11-01,11:28:08.76 AM,3m 46.4s,226.4,33.8015570701976,-117.4702121669323,131.8,131.8,18.0,1396,1617.5,5.317145,6.085134,1.342164,2.23694,-5.144962,1.342164,-0.223694,0,3.3,-2.8,4.3,-75,285,284.0,Tripod,Other,,23,5,True,,True,False,,Smart,RC,False,True,False,,,True,,False,False,False,False,False,False,False,False,False,False,0,Follow Yaw,-77.9,0,-84,276,False,False,False,False,False,,0,0,False,False,No Card,100,100,1024,1331,1166,850,2,False,False,False,False,False,0,False,False,False,False,87,,47.496,,8787,,10044,,47.496,,True,3.957,3.957,3.957,3.957,3.957,3.957,3.957,3.957,3.957,3.957,3.957,3.957,0,,False,False,True,,,,,,,,,,,,,,,False,False,19.126,,89.9,,75.7,,89.9,,1678,54,13,17,8,141200.1,18826.69,,Idle,,20,,10,,,20,Go Home,False,False,False,False,False,False,False,False,False,False,False,False,33.8027920380556,-117.4659261431046,1375.1,2972.0,1049.4,396.9,True,1,1,False,False,False,False,,True,False,False,Course Lock,196.8,67,16.4,93,E,S,11.4,11.4,Calm,False,False,Android,7.0.2,M300 RTK,1ZN7L4R0H1D00F,1W9DL31001461C,1ZMLH8300204F0,1Z6PH74DAP0QN7,"Corona, CA",728.3,5.7,137.7,8.547347,2.013246,0,0,DJI Matrice 300 RTK,M300 RTK,1ZN7L4R0H1D00F,1W9DL31001461C,1ZMLH8300204F0,1Z6PH74DAP0QN7,DJI Pilot,Android,7.0.2,1EF72A62-B7C3-C88D-164E-CE6F8C8424AE,1ZN7L4R0H1D00F,1W9DL31001461C,,1ZMLH8300204F0,1W9DL31001461C,,,,,
2023-11-01,11:28:08.87 AM,3m 46.5s,226.5,33.801557741814,-117.4702148147565,131.8,131.8,17.7,1396,1618.3,5.265131,6.085134,1.11847,2.23694,-5.144962,1.342164,-0.223694,0,2.8,-2.6,3.8,-75.4,284.6,286.9,Tripod,Other,,23,5,True,,True,False,,Smart,RC,False,True,False,,,True,,False,False,False,False,False,False,False,False,False,False,0,Follow Yaw,-77.9,0,-84.4,275.6,False,False,False,False,False,,0,0,False,False,No Card,100,100,1024,1334,1162,857,2,False,False,False,False,False,0,False,False,False,False,87,,47.496,,8787,,10044,,47.496,,True,3.957,3.957,3.957,3.957,3.957,3.957,3.957,3.957,3.957,3.957,3.957,3.957,0,,False,False,True,,,,,,,,,,,,,,,False,False,19.126,,89.9,,75.7,,89.9,,1678,54,13,17,8,141200.1,18826.69,,Idle,,20,,10,,,20,Go Home,False,False,False,False,False,False,False,False,False,False,False,False,33.8027920380556,-117.4659261431046,1375.8,2972.0,1049.4,396.9,True,1,1,False,False,False,False,,True,False,False,Course Lock,196.8,67,16.4,93,E,S,11.4,11.4,Calm,False,False,Android,7.0.2,M300 RTK,1ZN7L4R0H1D00F,1W9DL31001461C,1ZMLH8300204F0,1Z6PH74DAP0QN7,"Corona, CA",728.3,5.7,137.7,8.547347,2.013246,0,0,DJI Matrice 300 RTK,M300 RTK,1ZN7L4R0H1D00F,1W9DL31001461C,1ZMLH8300204F0,1Z6PH74DAP0QN7,DJI Pilot,Android,7.0.2,1EF72A62-B7C3-C88D-164E-CE6F8C8424AE,1ZN7L4R0H1D00F,1W9DL31001461C,,1ZMLH8300204F0,1W9DL31001461C,,,,,
2023-11-01,11:28:08.97 AM,3m 46.6s,226.6,33.8015582253779,-117.4702173771458,131.8,131.8,17.7,1396,1619.1,5.265131,6.085134,1.11847,2.23694,-5.144962,1.342164,-0.223694,0,2.4,-2.1,3.1,-75.8,284.2,282.7,Tripod,Other,,23,5,True,,True,False,,Smart,RC,False,True,False,,,True,,False,False,False,False,False,False,False,False,False,False,0,Follow Yaw,-77.9,0,-84.8,275.2,False,False,False,False,False,,0,0,False,False,No Card,100,100,1024,1320,1170,859,2,False,False,False,False,False,0,False,False,False,False,87,,47.496,,8787,,10044,,47.496,,True,3.957,3.957,3.957,3.957,3.957,3.957,3.957,3.957,3.957,3.957,3.957,3.957,0,,False,False,True,,,,,,,,,,,,,,,False,False,19.126,,89.9,,75.7,,89.9,,1678,54,13,17,8,141200.1,18826.69,,Idle,,20,,10,,,20,Go Home,False,False,False,False,False,False,False,False,False,False,False,False,33.8027920380556,-117.4659261431046,1376.5,2972.0,1049.4,396.9,True,1,1,False,False,False,False,,True,False,False,Course Lock,196.8,67,16.4,93,E,S,11.4,11.4,Calm,False,False,Android,7.0.2,M300 RTK,1ZN7L4R0H1D00F,1W9DL31001461C,1ZMLH8300204F0,1Z6PH74DAP0QN7,"Corona, CA",728.3,5.7,137.7,8.547347,2.013246,0,0,DJI Matrice 300 RTK,M300 RTK,1ZN7L4R0H1D00F,1W9DL31001461C,1ZMLH8300204F0,1Z6PH74DAP0QN7,DJI Pilot,Android,7.0.2,1EF72A62-B7C3-C88D-164E-CE6F8C8424AE,1ZN7L4R0H1D00F,1W9DL31001461C,,1ZMLH8300204F0,1W9DL31001461C,,,,,
2023-11-01,11:28:09.07 AM,3m 46.7s,226.7,33.8015588037905,-117.470220029918,131.8,131.8,17.7,1396,1620.0,5.265131,6.085134,1.11847,2.23694,-5.144962,1.342164,-0.223694,0,2.4,-1.7,2.9,-76.2,283.8,284.7,Tripod,Other,,23,5,True,,True,False,,Smart,RC,False,True,False,,,True,,False,False,False,False,False,False,False,False,False,False,0,Follow Yaw,-77.9,0,-85.1,274.9,False,False,False,False,False,,0,0,False,False,No Card,100,100,1024,1317,1176,844,2,False,False,False,False,False,0,False,False,False,False,87,,47.496,,8787,,10044,,47.496,,True,3.957,3.957,3.957,3.957,3.957,3.957,3.957,3.957,3.957,3.957,3.957,3.957,0,,False,False,True,,,,,,,,,,,,,,,False,False,19.126,,89.9,,75.7,,89.9,,1678,54,13,17,8,141200.1,18826.69,,Idle,,20,,10,,,20,Go Home,False,False,False,False,False,False,False,False,False,False,False,False,33.8027920380556,-117.4659261431046,1377.2,2972.0,1049.4,396.9,True,1,1,False,False,False,False,,True,False,False,Course Lock,196.8,67,16.4,93,E,S,11.4,11.4,Calm,False,False,Android,7.0.2,M300 RTK,1ZN7L4R0H1D00F,1W9DL31001461C,1ZMLH8300204F0,1Z6PH74DAP0QN7,"Corona, CA",728.3,5.7,137.7,8.547347,2.013246,0,0,DJI Matrice 300 RTK,M300 RTK,1ZN7L4R0H1D00F,1W9DL31001461C,1ZMLH8300204F0,1Z6PH74DAP0QN7,DJI Pilot,Android,7.0.2,1EF72A62-B7C3-C88D-164E-CE6F8C8424AE,1ZN7L4R0H1D00F,1W9DL31001461C,,1ZMLH8300204F0,1W9DL31001461C,,,,,
2023-11-01,11:28:09.18 AM,3m 46.8s,226.8,33.8015592577484,-117.4702226266132,132.2,132.2,17.7,1396,1620.8,5.222189,6.085134,0.894776,2.23694,-5.144962,1.342164,0,0,2.5,-1.5,2.9,-76.5,283.5,281.8,Tripod,Other,,22,5,True,,True,False,,Smart,RC,False,True,False,,,True,,False,False,False,False,False,False,False,False,False,False,0,Follow Yaw,-77.9,0,-85.5,274.5,False,False,False,False,False,,0,0,False,False,No Card,100,100,1024,1319,1175,823,2,False,False,False,False,False,0,False,False,False,False,87,,47.496,,8787,,10044,,47.496,,True,3.957,3.957,3.957,3.957,3.957,3.957,3.957,3.957,3.957,3.957,3.957,3.957,0,,False,False,True,,,,,,,,,,,,,,,False,False,19.126,,89.9,,75.7,,89.9,,1678,54,13,17,8,141200.1,18826.69,,Idle,,20,,10,,,20,Go Home,False,False,False,False,False,False,False,False,False,False,False,False,33.8027920380556,-117.4659261431046,1377.9,2972.0,1049.4,396.9,True,1,1,False,False,False,False,,True,False,False,Course Lock,196.8,67,16.4,93,E,S,11.4,11.4,Calm,False,False,Android,7.0.2,M300 RTK,1ZN7L4R0H1D00F,1W9DL31001461C,1ZMLH8300204F0,1Z6PH74DAP0QN7,"Corona, CA",728.3,5.7,137.7,8.547347,2.013246,0,0,DJI Matrice 300 RTK,M300 RTK,1ZN7L4R0H1D00F,1W9DL31001461C,1ZMLH8300204F0,1Z6PH74DAP0QN7,DJI Pilot,Android,7.0.2,1EF72A62-B7C3-C88D-164E-CE6F8C8424AE,1ZN7L4R0H1D00F,1W9DL31001461C,,1ZMLH8300204F0,1W9DL31001461C,,,,,
2023-11-01,11:28:09.24 AM,3m 46.9s,226.9,33.8015596694904,-117.4702251530471,132.2,132.2,17.7,1396,1621.5,5.222189,6.085134,0.894776,2.23694,-5.144962,1.342164,-0.223694,0,2.8,-1.2,3,-76.7,283.3,281.0,Tripod,Other,,22,5,True,,True,False,,Smart,RC,False,True,False,,,True,,False,False,False,False,False,False,False,False,False,False,0,Follow Yaw,-77.9,0,-85.9,274.1,False,False,False,False,False,,0,0,False,False,No Card,100,100,1024,1319,1174,822,2,False,False,False,False,False,0,False,False,False,False,87,,47.496,,8787,,10044,,47.496,,True,3.957,3.957,3.957,3.957,3.957,3.957,3.957,3.957,3.957,3.957,3.957,3.957,0,,False,False,True,,,,,,,,,,,,,,,False,False,19.126,,89.9,,75.7,,89.9,,1678,54,13,17,8,141200.1,18826.69,,Idle,,20,,10,,,20,Go Home,False,False,False,False,False,False,False,False,False,False,False,False,33.8027920380556,-117.4659261431046,1378.5,2972.0,1049.4,396.9,True,1,1,False,False,False,False,,True,False,False,Course Lock,196.8,67,16.4,93,E,S,11.4,11.4,Calm,False,False,Android,7.0.2,M300 RTK,1ZN7L4R0H1D00F,1W9DL31001461C,1ZMLH8300204F0,1Z6PH74DAP0QN7,"Corona, CA",728.3,5.7,137.7,8.547347,2.013246,0,0,DJI Matrice 300 RTK,M300 RTK,1ZN7L4R0H1D00F,1W9DL31001461C,1ZMLH8300204F0,1Z6PH74DAP0QN7,DJI Pilot,Android,7.0.2,1EF72A62-B7C3-C88D-164E-CE6F8C8424AE,1ZN7L4R0H1D00F,1W9DL31001461C,,1ZMLH8300204F0,1W9DL31001461C,,,,,
2023-11-01,11:28:09.34 AM,3m 47.0s,227.0,33.8015600982285,-117.4702277645862,132.2,132.2,17.7,1396,1622.4,5.442709,6.085134,0.894776,2.23694,-5.368656,1.342164,-0.223694,0,3.2,-1.3,3.4,-77,283,281.1,Tripod,Other,,23,5,True,,True,False,,Smart,RC,False,True,False,,,True,,False,False,False,False,False,False,False,False,False,False,0,Follow Yaw,-77.9,0,-86.3,273.7,False,False,False,False,False,,0,0,False,False,No Card,100,100,1024,1322,1185,910,2,False,False,False,False,False,0,False,False,False,False,87,,47.472,,8787,,10044,,47.472,,True,3.957,3.957,3.957,3.957,3.957,3.957,3.957,3.957,3.957,3.957,3.957,3.957,0,,False,False,True,,,,,,,,,,,,,,,False,False,19.26,,89.9,,75.7,,89.9,,1678,54,13,17,8,141200.1,18826.69,,Idle,,20,,10,,,20,Go Home,False,False,False,False,False,False,False,False,False,False,False,False,33.8027920380556,-117.4659261431046,1379.2,2972.0,1049.4,396.9,True,1,1,False,False,False,False,,True,False,False,Course Lock,196.8,67,16.4,93,E,S,11.4,11.4,Calm,False,False,Android,7.0.2,M300 RTK,1ZN7L4R0H1D00F,1W9DL31001461C,1ZMLH8300204F0,1Z6PH74DAP0QN7,"Corona, CA",728.3,5.7,137.7,8.547347,2.013246,0,0,DJI Matrice 300 RTK,M300 RTK,1ZN7L4R0H1D00F,1W9DL31001461C,1ZMLH8300204F0,1Z6PH74DAP0QN7,DJI Pilot,Android,7.0.2,1EF72A62-B7C3-C88D-164E-CE6F8C8424AE,1ZN7L4R0H1D00F,1W9DL31001461C,,1ZMLH8300204F0,1W9DL31001461C,,,,,
2023-11-01,11:28:09.44 AM,3m 47.1s,227.1,33.8015605362869,-117.4702306228641,132.2,132.2,17.7,1396,1623.2,5.442709,6.085134,0.894776,2.23694,-5.368656,1.342164,-0.223694,0,3.4,-1.4,3.6,-77.4,282.6,280.4,Tripod,Other,,23,5,True,,True,False,,Smart,RC,False,True,False,,,True,,False,False,False,False,False,False,False,False,False,False,0,Follow Yaw,-77.9,0,-86.7,273.3,False,False,False,False,False,,0,0,False,False,No Card,100,100,1024,1318,1175,1024,2,False,False,False,False,False,0,False,False,False,False,87,,47.472,,8787,,10044,,47.472,,True,3.957,3.957,3.957,3.957,3.957,3.957,3.957,3.957,3.957,3.957,3.957,3.957,0,,False,False,True,,,,,,,,,,,,,,,False,False,19.26,,89.9,,75.7,,89.9,,1678,54,13,17,8,141200.1,18826.69,,Idle,,20,,10,,,20,Go Home,False,False,False,False,False,False,False,False,False,False,False,False,33.8027920380556,-117.4659261431046,1380.0,2972.0,1049.4,396.9,True,1,1,False,False,False,False,,True,False,False,Course Lock,196.8,67,16.4,93,E,S,11.4,11.4,Calm,False,False,Android,7.0.2,M300 RTK,1ZN7L4R0H1D00F,1W9DL31001461C,1ZMLH8300204F0,1Z6PH74DAP0QN7,"Corona, CA",728.3,5.7,137.7,8.547347,2.013246,0,0,DJI Matrice 300 RTK,M300 RTK,1ZN7L4R0H1D00F,1W9DL31001461C,1ZMLH8300204F0,1Z6PH74DAP0QN7,DJI Pilot,Android,7.0.2,1EF72A62-B7C3-C88D-164E-CE6F8C8424AE,1ZN7L4R0H1D00F,1W9DL31001461C,,1ZMLH8300204F0,1W9DL31001461C,,,,,
2023-11-01,11:28:09.54 AM,3m 47.2s,227.2,33.8015609436429,-117.4702332621118,132.2,132.2,17.7,1396,1624.0,5.442709,6.085134,0.894776,2.23694,-5.368656,1.342164,0,0,3.6,-0.9,3.7,-77.7,282.3,280.5,Tripod,Other,,23,5,True,,True,False,,Smart,RC,False,True,False,,,True,,False,False,False,False,False,False,False,False,False,False,0,Follow Yaw,-77.9,0,-86.8,273.2,False,False,False,False,False,,0,0,False,False,No Card,100,100,1024,1314,1183,1024,2,False,False,False,False,False,0,False,False,False,False,87,,47.472,,8787,,10044,,47.472,,True,3.957,3.957,3.957,3.957,3.957,3.957,3.957,3.957,3.957,3.957,3.957,3.957,0,,False,False,True,,,,,,,,,,,,,,,False,False,19.26,,89.9,,75.7,,89.9,,1678,54,13,17,8,141200.1,18826.69,,Idle,,20,,10,,,20,Go Home,False,False,False,False,False,False,False,False,False,False,False,False,33.8027920380556,-117.4659261431046,1380.7,2972.0,1049.4,396.9,True,1,1,False,False,False,False,,True,False,False,Course Lock,196.8,67,16.4,93,E,S,11.4,11.4,Calm,False,False,Android,7.0.2,M300 RTK,1ZN7L4R0H1D00F,1W9DL31001461C,1ZMLH8300204F0,1Z6PH74DAP0QN7,"Corona, CA",728.3,5.7,137.7,8.547347,2.013246,0,0,DJI Matrice 300 RTK,M300 RTK,1ZN7L4R0H1D00F,1W9DL31001461C,1ZMLH8300204F0,1Z6PH74DAP0QN7,DJI Pilot,Android,7.0.2,1EF72A62-B7C3-C88D-164E-CE6F8C8424AE,1ZN7L4R0H1D00F,1W9DL31001461C,,1ZMLH8300204F0,1W9DL31001461C,,,,,
2023-11-01,11:28:09.64 AM,3m 47.3s,227.3,33.8015614189829,-117.4702356005229,132.2,132.2,17.7,1396,1624.8,5.222189,6.085134,0.894776,2.23694,-5.144962,1.342164,0,0,3.4,-0.3,3.4,-78,282,283.7,Tripod,Other,,23,5,True,,True,False,,Smart,RC,False,True,False,,,True,,False,False,False,False,False,False,False,False,False,False,0,Follow Yaw,-77.9,0,-86.8,273.2,False,False,False,False,False,,0,0,False,False,No Card,100,100,1024,1314,1186,1024,2,False,False,False,False,False,0,False,False,False,False,87,,47.472,,8787,,10044,,47.472,,True,3.955,3.955,3.955,3.955,3.955,3.955,3.955,3.955,3.955,3.955,3.955,3.955,0,,False,False,True,,,,,,,,,,,,,,,False,False,19.26,,89.9,,75.7,,89.9,,1678,54,13,17,8,141209.3,18827.91,,Idle,,20,,10,,,20,Go Home,False,False,False,False,False,False,False,False,False,False,False,False,33.8027920380556,-117.4659261431046,1381.3,2972.0,1049.4,396.9,True,1,1,False,False,False,False,,True,False,False,Course Lock,196.8,67,16.4,93,E,S,11.4,11.4,Calm,False,False,Android,7.0.2,M300 RTK,1ZN7L4R0H1D00F,1W9DL31001461C,1ZMLH8300204F0,1Z6PH74DAP0QN7,"Corona, CA",728.3,5.7,137.7,8.547347,2.013246,0,0,DJI Matrice 300 RTK,M300 RTK,1ZN7L4R0H1D00F,1W9DL31001461C,1ZMLH8300204F0,1Z6PH74DAP0QN7,DJI Pilot,Android,7.0.2,1EF72A62-B7C3-C88D-164E-CE6F8C8424AE,1ZN7L4R0H1D00F,1W9DL31001461C,,1ZMLH8300204F0,1W9DL31001461C,,,,,
2023-11-01,11:28:09.74 AM,3m 47.4s,227.4,33.8015618274354,-117.4702382084334,132.2,132.2,17.7,1396,1625.6,5.222189,6.085134,0.894776,2.23694,-5.144962,1.342164,0,0,3.1,-0.2,3.1,-78.2,281.8,280.6,Tripod,Other,,23,5,True,,True,False,,Smart,RC,False,True,False,,,True,,False,False,False,False,False,False,False,False,False,False,0,Follow Yaw,-77.9,0,-86.8,273.2,False,False,False,False,False,,0,0,False,False,No Card,100,100,1024,1317,1185,1024,2,False,False,False,False,False,0,False,False,False,False,87,,47.472,,8787,,10044,,47.472,,True,3.955,3.955,3.955,3.955,3.955,3.955,3.955,3.955,3.955,3.955,3.955,3.955,0,,False,False,True,,,,,,,,,,,,,,,False,False,19.26,,89.9,,75.7,,89.9,,1678,54,13,17,8,141209.3,18827.91,,Idle,,20,,10,,,20,Go Home,False,False,False,False,False,False,False,False,False,False,False,False,33.8027920380556,-117.4659261431046,1382.0,2972.0,1049.4,396.9,True,1,1,False,False,False,False,,True,False,False,Course Lock,196.8,67,16.4,93,E,S,11.4,11.4,Calm,False,False,Android,7.0.2,M300 RTK,1ZN7L4R0H1D00F,1W9DL31001461C,1ZMLH8300204F0,1Z6PH74DAP0QN7,"Corona, CA",728.3,5.7,137.7,8.547347,2.013246,0,0,DJI Matrice 300 RTK,M300 RTK,1ZN7L4R0H1D00F,1W9DL31001461C,1ZMLH8300204F0,1Z6PH74DAP0QN7,DJI Pilot,Android,7.0.2,1EF72A62-B7C3-C88D-164E-CE6F8C8424AE,1ZN7L4R0H1D00F,1W9DL31001461C,,1ZMLH8300204F0,1W9DL31001461C,,,,,
2023-11-01,11:28:09.84 AM,3m 47.5s,227.5,33.8015622435635,-117.4702408856156,132.2,132.2,17.7,1396,1626.4,5.222189,6.085134,0.894776,2.23694,-5.144962,1.342164,-0.223694,0,3,-0.3,3,-78.4,281.6,280.5,Tripod,Other,,23,5,True,,True,False,,Smart,RC,False,True,False,,,True,,False,False,False,False,False,False,False,False,False,False,0,Follow Yaw,-77.9,0,-86.8,273.2,False,False,False,False,False,,0,0,False,False,No Card,100,100,1024,1323,1181,1024,2,False,False,False,False,False,0,False,False,False,False,87,,47.472,,8787,,10044,,47.472,,True,3.955,3.955,3.955,3.955,3.955,3.955,3.955,3.955,3.955,3.955,3.955,3.955,0,,False,False,True,,,,,,,,,,,,,,,False,False,19.26,,89.9,,75.7,,89.9,,1678,54,13,17,8,141209.3,18827.91,,Idle,,20,,10,,,20,Go Home,False,False,False,False,False,False,False,False,False,False,False,False,33.8027920380556,-117.4659261431046,1382.8,2972.0,1049.4,396.9,True,1,1,False,False,False,False,,True,False,False,Course Lock,196.8,67,16.4,93,E,S,11.4,11.4,Calm,False,False,Android,7.0.2,M300 RTK,1ZN7L4R0H1D00F,1W9DL31001461C,1ZMLH8300204F0,1Z6PH74DAP0QN7,"Corona, CA",728.3,5.7,137.7,8.547347,2.013246,0,0,DJI Matrice 300 RTK,M300 RTK,1ZN7L4R0H1D00F,1W9DL31001461C,1ZMLH8300204F0,1Z6PH74DAP0QN7,DJI Pilot,Android,7.0.2,1EF72A62-B7C3-C88D-164E-CE6F8C8424AE,1ZN7L4R0H1D00F,1W9DL31001461C,,1ZMLH8300204F0,1W9DL31001461C,,,,,
2023-11-01,11:28:09.94 AM,3m 47.6s,227.6,33.801562669012,-117.4702435050715,132.2,132.2,17.7,1396,1627.2,5.442709,6.085134,0.894776,2.23694,-5.368656,1.342164,-0.223694,0,3.2,-0.6,3.2,-78.5,281.5,281.0,Tripod,Other,,22,5,True,,True,False,,Smart,RC,False,True,False,,,True,,False,False,False,False,False,False,False,False,False,False,0,Follow Yaw,-77.9,0,-86.8,273.2,False,False,False,False,False,,0,0,False,False,No Card,100,100,1024,1319,1183,1024,2,False,False,False,False,False,0,False,False,False,False,87,,47.472,,8787,,10044,,47.472,,True,3.955,3.955,3.955,3.955,3.955,3.955,3.955,3.955,3.955,3.955,3.955,3.955,0,,False,False,True,,,,,,,,,,,,,,,False,False,19.26,,89.9,,75.7,,89.9,,1678,54,13,17,8,141209.3,18827.91,,Idle,,20,,10,,,20,Go Home,False,False,False,False,False,False,False,False,False,False,False,False,33.8027920380556,-117.4659261431046,1383.5,2972.0,1049.4,396.9,True,1,1,False,False,False,False,,True,False,False,Course Lock,196.8,67,16.4,93,E,S,11.4,11.4,Calm,False,False,Android,7.0.2,M300 RTK,1ZN7L4R0H1D00F,1W9DL31001461C,1ZMLH8300204F0,1Z6PH74DAP0QN7,"Corona, CA",728.3,5.7,137.7,8.547347,2.013246,0,0,DJI Matrice 300 RTK,M300 RTK,1ZN7L4R0H1D00F,1W9DL31001461C,1ZMLH8300204F0,1Z6PH74DAP0QN7,DJI Pilot,Android,7.0.2,1EF72A62-B7C3-C88D-164E-CE6F8C8424AE,1ZN7L4R0H1D00F,1W9DL31001461C,,1ZMLH8300204F0,1W9DL31001461C,,,,,
2023-11-01,11:28:10.04 AM,3m 47.7s,227.7,33.8015631503828,-117.4702461825835,132.2,132.2,17.7,1396,1628.0,5.442709,6.085134,0.894776,2.23694,-5.368656,1.342164,-0.223694,0,3.5,-0.6,3.5,-78.5,281.5,282.2,Tripod,Other,,22,5,True,,True,False,,Smart,RC,False,True,False,,,True,,False,False,False,False,False,False,False,False,False,False,0,Follow Yaw,-77.9,0,-86.8,273.2,False,False,False,False,False,,0,0,False,False,No Card,100,100,1024,1319,1183,1024,2,False,False,False,False,False,0,False,False,False,False,88,,47.412,,4387,,4986,,47.412,,True,3.955,3.955,3.955,3.955,3.955,3.955,3.955,3.955,3.955,3.955,3.955,3.955,0,,False,False,True,,,,,,,,,,,,,,,False,False,9.552,,89.6,,75.7,,89.9,,1678,54,13,17,8,141209.3,18827.91,,Idle,,20,,10,,,20,Go Home,False,False,False,False,False,False,False,False,False,False,False,False,33.8027920380556,-117.4659261431046,1384.2,2972.0,1049.4,396.9,True,1,1,False,False,False,False,,True,False,False,Course Lock,196.8,67,16.4,93,E,S,11.4,11.4,Calm,False,False,Android,7.0.2,M300 RTK,1ZN7L4R0H1D00F,1W9DL31001461C,1ZMLH8300204F0,1Z6PH74DAP0QN7,"Corona, CA",728.3,5.7,137.7,8.547347,2.013246,0,0,DJI Matrice 300 RTK,M300 RTK,1ZN7L4R0H1D00F,1W9DL31001461C,1ZMLH8300204F0,1Z6PH74DAP0QN7,DJI Pilot,Android,7.0.2,1EF72A62-B7C3-C88D-164E-CE6F8C8424AE,1ZN7L4R0H1D00F,1W9DL31001461C,,1ZMLH8300204F0,1W9DL31001461C,,,,,
2023-11-01,11:28:10.14 AM,3m 47.8s,227.8,33.8015635763795,-117.4702488033588,132.2,132.2,17.3,1396,1628.9,5.222189,6.085134,0.894776,2.23694,-5.144962,1.342164,-0.223694,0,3.7,-0.3,3.7,-78.6,281.4,281.0,Tripod,Other,,22,5,True,,True,False,,Smart,RC,False,True,False,,,True,,False,False,False,False,False,False,False,False,False,False,0,Follow Yaw,-77.9,0,-86.8,273.2,False,False,False,False,False,,0,0,False,False,No Card,100,100,1024,1311,1193,1024,2,False,False,False,False,False,0,False,False,False,False,88,,47.412,,4387,,4986,,47.412,,True,3.955,3.955,3.955,3.955,3.955,3.955,3.955,3.955,3.955,3.955,3.955,3.955,0,,False,False,True,,,,,,,,,,,,,,,False,False,9.552,,89.6,,75.7,,89.9,,1678,54,13,17,8,141209.3,18827.91,,Idle,,20,,10,,,20,Go Home,False,False,False,False,False,False,False,False,False,False,False,False,33.8027920380556,-117.4659261431046,1384.9,2972.0,1049.4,396.9,True,1,1,False,False,False,False,,True,False,False,Course Lock,196.8,67,16.4,93,E,S,11.4,11.4,Calm,False,False,Android,7.0.2,M300 RTK,1ZN7L4R0H1D00F,1W9DL31001461C,1ZMLH8300204F0,1Z6PH74DAP0QN7,"Corona, CA",728.3,5.7,137.7,8.547347,2.013246,0,0,DJI Matrice 300 RTK,M300 RTK,1ZN7L4R0H1D00F,1W9DL31001461C,1ZMLH8300204F0,1Z6PH74DAP0QN7,DJI Pilot,Android,7.0.2,1EF72A62-B7C3-C88D-164E-CE6F8C8424AE,1ZN7L4R0H1D00F,1W9DL31001461C,,1ZMLH8300204F0,1W9DL31001461C,,,,,
2023-11-01,11:28:10.24 AM,3m 47.9s,227.9,33.8015637819764,-117.470251692314,132.5,132.5,17.3,1396,1629.7,5.222189,6.085134,0.894776,2.23694,-5.144962,1.342164,-0.223694,0,3.5,0,3.5,-78.6,281.4,274.8,Tripod,Other,,22,5,True,,True,False,,Smart,RC,False,True,False,,,True,,False,False,False,False,False,False,False,False,False,False,0,Follow Yaw,-77.9,0,-86.8,273.2,False,False,False,False,False,,0,0,False,False,No Card,100,100,1024,1309,1193,1024,2,False,False,False,False,False,0,False,False,False,False,88,,47.412,,4387,,4986,,47.412,,True,3.955,3.955,3.955,3.955,3.955,3.955,3.955,3.955,3.955,3.955,3.955,3.955,0,,False,False,True,,,,,,,,,,,,,,,False,False,9.552,,89.6,,75.7,,89.9,,1678,54,13,17,8,141209.3,18827.91,,Idle,,20,,10,,,20,Go Home,False,False,False,False,False,False,False,False,False,False,False,False,33.8027920380556,-117.4659261431046,1385.7,2972.0,1049.4,396.9,True,1,1,False,False,False,False,,True,False,False,Course Lock,196.8,67,16.4,93,E,S,11.4,11.4,Calm,False,False,Android,7.0.2,M300 RTK,1ZN7L4R0H1D00F,1W9DL31001461C,1ZMLH8300204F0,1Z6PH74DAP0QN7,"Corona, CA",728.3,5.7,137.7,8.547347,2.013246,0,0,DJI Matrice 300 RTK,M300 RTK,1ZN7L4R0H1D00F,1W9DL31001461C,1ZMLH8300204F0,1Z6PH74DAP0QN7,DJI Pilot,Android,7.0.2,1EF72A62-B7C3-C88D-164E-CE6F8C8424AE,1ZN7L4R0H1D00F,1W9DL31001461C,,1ZMLH8300204F0,1W9DL31001461C,,,,,
2023-11-01,11:28:10.34 AM,3m 48.0s,228.0,33.8015641986528,-117.4702543200165,132.5,132.5,17.3,1396,1630.5,5.222189,6.085134,0.894776,2.23694,-5.144962,1.342164,-0.223694,0,3.3,0,3.3,-78.6,281.4,280.8,Tripod,Other,,22,5,True,,True,False,,Smart,RC,False,True,False,,,True,,False,False,False,False,False,False,False,False,False,False,0,Follow Yaw,-77.9,0,-86.8,273.2,False,False,False,False,False,,0,0,False,False,No Card,100,100,1024,1308,1191,1024,2,False,False,False,False,False,0,False,False,False,False,87,,47.448,,8787,,10044,,47.448,,True,3.955,3.955,3.955,3.955,3.955,3.955,3.955,3.955,3.955,3.955,3.955,3.955,0,,False,False,True,,,,,,,,,,,,,,,False,False,19.412,,90.1,,75.7,,90.1,,1678,54,13,17,8,141209.3,18827.91,,Idle,,20,,10,,,20,Go Home,False,False,False,False,False,False,False,False,False,False,False,False,33.8027920380556,-117.4659261431046,1386.4,2972.0,1049.4,396.9,True,1,1,False,False,False,False,,True,False,False,Course Lock,196.8,67,16.4,93,E,S,11.4,11.4,Calm,False,False,Android,7.0.2,M300 RTK,1ZN7L4R0H1D00F,1W9DL31001461C,1ZMLH8300204F0,1Z6PH74DAP0QN7,"Corona, CA",728.3,5.7,137.7,8.547347,2.013246,0,0,DJI Matrice 300 RTK,M300 RTK,1ZN7L4R0H1D00F,1W9DL31001461C,1ZMLH8300204F0,1Z6PH74DAP0QN7,DJI Pilot,Android,7.0.2,1EF72A62-B7C3-C88D-164E-CE6F8C8424AE,1ZN7L4R0H1D00F,1W9DL31001461C,,1ZMLH8300204F0,1W9DL31001461C,,,,,
2023-11-01,11:28:10.44 AM,3m 48.1s,228.1,33.8015647622624,-117.4702571578427,132.5,132.5,17.3,1396,1631.4,5.222189,6.085134,0.894776,2.23694,-5.144962,1.342164,-0.223694,0,3.3,0,3.3,-78.5,281.5,283.4,Tripod,Other,,22,5,True,,True,False,,Smart,RC,False,True,False,,,True,,False,False,False,False,False,False,False,False,False,False,0,Follow Yaw,-77.9,0,-86.8,273.2,False,False,False,False,False,,0,0,False,False,No Card,100,100,1024,1310,1186,1024,2,False,False,False,False,False,0,False,False,False,False,87,,47.448,,8787,,10044,,47.448,,True,3.955,3.955,3.955,3.955,3.955,3.955,3.955,3.955,3.955,3.955,3.955,3.955,0,,False,False,True,,,,,,,,,,,,,,,False,False,19.412,,90.1,,75.7,,90.1,,1678,54,13,17,8,141209.3,18827.91,,Idle,,20,,10,,,20,Go Home,False,False,False,False,False,False,False,False,False,False,False,False,33.8027920380556,-117.4659261431046,1387.1,2972.0,1049.4,396.9,True,1,1,False,False,False,False,,True,False,False,Course Lock,196.8,67,16.4,93,E,S,11.4,11.4,Calm,False,False,Android,7.0.2,M300 RTK,1ZN7L4R0H1D00F,1W9DL31001461C,1ZMLH8300204F0,1Z6PH74DAP0QN7,"Corona, CA",728.3,5.7,137.7,8.547347,2.013246,0,0,DJI Matrice 300 RTK,M300 RTK,1ZN7L4R0H1D00F,1W9DL31001461C,1ZMLH8300204F0,1Z6PH74DAP0QN7,DJI Pilot,Android,7.0.2,1EF72A62-B7C3-C88D-164E-CE6F8C8424AE,1ZN7L4R0H1D00F,1W9DL31001461C,,1ZMLH8300204F0,1W9DL31001461C,,,,,
2023-11-01,11:28:10.54 AM,3m 48.2s,228.2,33.8015652052551,-117.470259793132,132.5,132.5,17.3,1396,1632.2,5.222189,6.085134,0.894776,2.23694,-5.144962,1.342164,-0.223694,0,3.4,0,3.4,-78.5,281.5,281.4,Tripod,Other,,22,5,True,,True,False,,Smart,RC,False,True,False,,,True,,False,False,False,False,False,False,False,False,False,False,0,Follow Yaw,-77.9,0,-86.8,273.2,False,False,False,False,False,,0,0,False,False,No Card,100,100,1024,1302,1186,1024,2,False,False,False,False,False,0,False,False,False,False,87,,47.448,,8787,,10044,,47.448,,True,3.955,3.955,3.955,3.955,3.955,3.955,3.955,3.955,3.955,3.955,3.955,3.955,0,,False,False,True,,,,,,,,,,,,,,,False,False,19.412,,90.1,,75.7,,90.1,,1678,54,13,17,8,141209.3,18827.91,,Idle,,20,,10,,,20,Go Home,False,False,False,False,False,False,False,False,False,False,False,False,33.8027920380556,-117.4659261431046,1387.8,2972.0,1049.4,396.9,True,1,1,False,False,False,False,,True,False,False,Course Lock,196.8,67,16.4,93,E,S,11.4,11.4,Calm,False,False,Android,7.0.2,M300 RTK,1ZN7L4R0H1D00F,1W9DL31001461C,1ZMLH8300204F0,1Z6PH74DAP0QN7,"Corona, CA",728.3,5.7,137.7,8.547347,2.013246,0,0,DJI Matrice 300 RTK,M300 RTK,1ZN7L4R0H1D00F,1W9DL31001461C,1ZMLH8300204F0,1Z6PH74DAP0QN7,DJI Pilot,Android,7.0.2,1EF72A62-B7C3-C88D-164E-CE6F8C8424AE,1ZN7L4R0H1D00F,1W9DL31001461C,,1ZMLH8300204F0,1W9DL31001461C,,,,,
2023-11-01,11:28:10.64 AM,3m 48.3s,228.3,33.801565557237,-117.4702621698074,132.5,132.5,17.3,1396,1633.0,5.222189,6.085134,0.894776,2.23694,-5.144962,1.342164,-0.223694,0,3.4,-0.2,3.4,-78.6,281.4,280.1,Tripod,Other,,22,5,True,,True,False,,Smart,RC,False,True,False,,,True,,False,False,False,False,False,False,False,False,False,False,0,Follow Yaw,-77.9,0,-86.8,273.2,False,False,False,False,False,,0,0,False,False,No Card,100,100,1024,1303,1187,1024,2,False,False,False,False,False,0,False,False,False,False,87,,47.448,,8787,,10044,,47.448,,True,3.955,3.955,3.955,3.955,3.955,3.955,3.955,3.955,3.955,3.955,3.955,3.955,0,,False,False,True,,,,,,,,,,,,,,,False,False,19.412,,90.1,,75.7,,90.1,,1678,54,13,17,8,141478.3,18863.77,,Idle,,20,,10,,,20,Go Home,False,False,False,False,False,False,False,False,False,False,False,False,33.8027920380556,-117.4659261431046,1388.5,2972.0,1049.4,396.9,True,1,1,False,False,False,False,,True,False,False,Course Lock,196.8,67,16.4,93,E,S,11.4,11.4,Calm,False,False,Android,7.0.2,M300 RTK,1ZN7L4R0H1D00F,1W9DL31001461C,1ZMLH8300204F0,1Z6PH74DAP0QN7,"Corona, CA",728.3,5.7,137.7,8.547347,2.013246,0,0,DJI Matrice 300 RTK,M300 RTK,1ZN7L4R0H1D00F,1W9DL31001461C,1ZMLH8300204F0,1Z6PH74DAP0QN7,DJI Pilot,Android,7.0.2,1EF72A62-B7C3-C88D-164E-CE6F8C8424AE,1ZN7L4R0H1D00F,1W9DL31001461C,,1ZMLH8300204F0,1W9DL31001461C,,,,,
2023-11-01,11:28:10.72 AM,3m 48.4s,228.4,33.8015660068089,-117.4702647618844,132.5,132.5,17.3,1396,1633.8,5.222189,6.085134,0.894776,2.23694,-5.144962,1.342164,-0.223694,0,3.2,-0.4,3.2,-78.6,281.4,281.7,Tripod,Other,,22,5,True,,True,False,,Smart,RC,False,True,False,,,True,,False,False,False,False,False,False,False,False,False,False,0,Follow Yaw,-77.9,0,-86.8,273.2,False,False,False,False,False,,0,0,False,False,No Card,100,100,1024,1312,1183,1024,2,False,False,False,False,False,0,False,False,False,False,87,,47.448,,8787,,10044,,47.448,,True,3.955,3.955,3.955,3.955,3.955,3.955,3.955,3.955,3.955,3.955,3.955,3.955,0,,False,False,True,,,,,,,,,,,,,,,False,False,19.412,,90.1,,75.7,,90.1,,1678,54,13,17,8,141478.3,18863.77,,Idle,,20,,10,,,20,Go Home,False,False,False,False,False,False,False,False,False,False,False,False,33.8027920380556,-117.4659261431046,1389.2,2972.0,1049.4,396.9,True,1,1,False,False,False,False,,True,False,False,Course Lock,196.8,67,16.4,93,E,S,11.4,11.4,Calm,False,False,Android,7.0.2,M300 RTK,1ZN7L4R0H1D00F,1W9DL31001461C,1ZMLH8300204F0,1Z6PH74DAP0QN7,"Corona, CA",728.3,5.7,137.7,8.547347,2.013246,0,0,DJI Matrice 300 RTK,M300 RTK,1ZN7L4R0H1D00F,1W9DL31001461C,1ZMLH8300204F0,1Z6PH74DAP0QN7,DJI Pilot,Android,7.0.2,1EF72A62-B7C3-C88D-164E-CE6F8C8424AE,1ZN7L4R0H1D00F,1W9DL31001461C,,1ZMLH8300204F0,1W9DL31001461C,,,,,
2023-11-01,11:28:10.82 AM,3m 48.5s,228.5,33.8015663993618,-117.4702672691863,132.5,132.5,17.3,1396,1634.6,5.222189,6.085134,0.894776,2.23694,-5.144962,1.342164,-0.223694,0,2.9,-0.6,2.9,-78.6,281.4,280.6,Tripod,Other,,22,5,True,,True,False,,Smart,RC,False,True,False,,,True,,False,False,False,False,False,False,False,False,False,False,0,Follow Yaw,-77.9,0,-86.8,273.2,False,False,False,False,False,,0,0,False,False,No Card,100,100,1024,1320,1179,1024,2,False,False,False,False,False,0,False,False,False,False,87,,47.448,,8787,,10044,,47.448,,True,3.955,3.955,3.955,3.955,3.955,3.955,3.955,3.955,3.955,3.955,3.955,3.955,0,,False,False,True,,,,,,,,,,,,,,,False,False,19.412,,90.1,,75.7,,90.1,,1678,54,13,17,8,141478.3,18863.77,,Idle,,20,,10,,,20,Go Home,False,False,False,False,False,False,False,False,False,False,False,False,33.8027920380556,-117.4659261431046,1389.8,2972.0,1049.4,396.9,True,1,1,False,False,False,False,,True,False,False,Course Lock,196.8,67,16.4,93,E,S,11.4,11.4,Calm,False,False,Android,7.0.2,M300 RTK,1ZN7L4R0H1D00F,1W9DL31001461C,1ZMLH8300204F0,1Z6PH74DAP0QN7,"Corona, CA",728.3,5.7,137.7,8.547347,2.013246,0,0,DJI Matrice 300 RTK,M300 RTK,1ZN7L4R0H1D00F,1W9DL31001461C,1ZMLH8300204F0,1Z6PH74DAP0QN7,DJI Pilot,Android,7.0.2,1EF72A62-B7C3-C88D-164E-CE6F8C8424AE,1ZN7L4R0H1D00F,1W9DL31001461C,,1ZMLH8300204F0,1W9DL31001461C,,,,,
2023-11-01,11:28:10.94 AM,3m 48.6s,228.6,33.8015668439994,-117.470269847409,132.5,132.5,17.0,1396,1635.4,5.222189,6.085134,0.894776,2.23694,-5.144962,1.342164,-0.223694,0,2.8,-0.6,2.8,-78.6,281.4,281.7,Tripod,Other,,22,5,True,,True,False,,Smart,RC,False,True,False,,,True,,False,False,False,False,False,False,False,False,False,False,0,Follow Yaw,-77.9,0,-86.8,273.2,False,False,False,False,False,,0,0,False,False,No Card,100,100,1024,1320,1180,1024,2,False,False,False,False,False,0,False,False,False,False,87,,47.448,,8787,,10044,,47.448,,True,3.955,3.955,3.955,3.955,3.955,3.955,3.955,3.955,3.955,3.955,3.955,3.955,0,,False,False,True,,,,,,,,,,,,,,,False,False,19.412,,90.1,,75.7,,90.1,,1678,54,13,17,8,141478.3,18863.77,,Idle,,20,,10,,,20,Go Home,False,False,False,False,False,False,False,False,False,False,False,False,33.8027920380556,-117.4659261431046,1390.5,2972.0,1049.4,396.9,True,1,1,False,False,False,False,,True,False,False,Course Lock,196.8,67,16.4,93,E,S,11.4,11.4,Calm,False,False,Android,7.0.2,M300 RTK,1ZN7L4R0H1D00F,1W9DL31001461C,1ZMLH8300204F0,1Z6PH74DAP0QN7,"Corona, CA",728.3,5.7,137.7,8.547347,2.013246,0,0,DJI Matrice 300 RTK,M300 RTK,1ZN7L4R0H1D00F,1W9DL31001461C,1ZMLH8300204F0,1Z6PH74DAP0QN7,DJI Pilot,Android,7.0.2,1EF72A62-B7C3-C88D-164E-CE6F8C8424AE,1ZN7L4R0H1D00F,1W9DL31001461C,,1ZMLH8300204F0,1W9DL31001461C,,,,,
2023-11-01,11:28:11.03 AM,3m 48.7s,228.7,33.8015671724061,-117.4702724121073,132.5,132.5,17.0,1396,1636.1,5.222189,6.085134,0.894776,2.23694,-5.144962,1.342164,-0.223694,0,2.8,-0.6,2.8,-78.6,281.4,278.7,Tripod,Other,,22,5,True,,True,False,,Smart,RC,False,True,False,,,True,,False,False,False,False,False,False,False,False,False,False,0,Follow Yaw,-77.9,0,-86.8,273.2,False,False,False,False,False,,0,0,False,False,No Card,100,100,1024,1321,1183,1024,2,False,False,False,False,False,0,False,False,False,False,87,,47.448,,8787,,10044,,47.448,,True,3.955,3.955,3.955,3.955,3.955,3.955,3.955,3.955,3.955,3.955,3.955,3.955,0,,False,False,True,,,,,,,,,,,,,,,False,False,19.412,,90.1,,75.7,,90.1,,1678,54,13,17,8,141478.3,18863.77,,Idle,,20,,10,,,20,Go Home,False,False,False,False,False,False,False,False,False,False,False,False,33.8027920380556,-117.4659261431046,1391.2,2972.0,1049.4,396.9,True,1,1,False,False,False,False,,True,False,False,Course Lock,196.8,67,16.4,93,E,S,11.4,11.4,Calm,False,False,Android,7.0.2,M300 RTK,1ZN7L4R0H1D00F,1W9DL31001461C,1ZMLH8300204F0,1Z6PH74DAP0QN7,"Corona, CA",728.3,5.7,137.7,8.547347,2.013246,0,0,DJI Matrice 300 RTK,M300 RTK,1ZN7L4R0H1D00F,1W9DL31001461C,1ZMLH8300204F0,1Z6PH74DAP0QN7,DJI Pilot,Android,7.0.2,1EF72A62-B7C3-C88D-164E-CE6F8C8424AE,1ZN7L4R0H1D00F,1W9DL31001461C,,1ZMLH8300204F0,1W9DL31001461C,,,,,
2023-11-01,11:28:11.14 AM,3m 48.8s,228.8,33.8015676011442,-117.4702749893404,132.8,132.8,17.0,1397,1636.9,5.222189,6.085134,0.894776,2.23694,-5.144962,1.342164,-0.223694,0,2.8,-0.5,2.8,-78.5,281.5,281.3,Tripod,Other,,23,5,True,,True,False,,Smart,RC,False,True,False,,,True,,False,False,False,False,False,False,False,False,False,False,0,Follow Yaw,-77.9,0,-86.8,273.2,False,False,False,False,False,,0,0,False,False,No Card,100,100,1024,1319,1187,1024,2,False,False,False,False,False,0,False,False,False,False,87,,47.448,,8787,,10044,,47.448,,True,3.955,3.955,3.955,3.955,3.955,3.955,3.955,3.955,3.955,3.955,3.955,3.955,0,,False,False,True,,,,,,,,,,,,,,,False,False,19.412,,90.1,,75.7,,90.1,,1678,54,13,17,8,141478.3,18863.77,,Idle,,20,,10,,,20,Go Home,False,False,False,False,False,False,False,False,False,False,False,False,33.8027920380556,-117.4659261431046,1391.9,2972.0,1049.4,396.9,True,1,1,False,False,False,False,,True,False,False,Course Lock,196.8,67,16.4,93,E,S,11.4,11.4,Calm,False,False,Android,7.0.2,M300 RTK,1ZN7L4R0H1D00F,1W9DL31001461C,1ZMLH8300204F0,1Z6PH74DAP0QN7,"Corona, CA",728.3,5.7,137.7,8.547347,2.013246,0,0,DJI Matrice 300 RTK,M300 RTK,1ZN7L4R0H1D00F,1W9DL31001461C,1ZMLH8300204F0,1Z6PH74DAP0QN7,DJI Pilot,Android,7.0.2,1EF72A62-B7C3-C88D-164E-CE6F8C8424AE,1ZN7L4R0H1D00F,1W9DL31001461C,,1ZMLH8300204F0,1W9DL31001461C,,,,,
2023-11-01,11:28:11.24 AM,3m 48.9s,228.9,33.8015682289,-117.4702774560689,132.8,132.8,17.0,1397,1637.7,5.222189,6.085134,0.894776,2.23694,-5.144962,1.342164,-0.223694,0,2.9,-0.5,2.9,-78.5,281.5,287.0,Tripod,Other,,23,5,True,,True,False,,Smart,RC,False,True,False,,,True,,False,False,False,False,False,False,False,False,False,False,0,Follow Yaw,-77.9,0,-86.8,273.2,False,False,False,False,False,,0,0,False,False,No Card,100,100,1024,1322,1187,1024,2,False,False,False,False,False,0,False,False,False,False,87,,47.448,,8787,,10044,,47.448,,True,3.955,3.955,3.955,3.955,3.955,3.955,3.955,3.955,3.955,3.955,3.955,3.955,0,,False,False,True,,,,,,,,,,,,,,,False,False,19.412,,90.1,,75.7,,90.1,,1678,54,13,17,8,141478.3,18863.77,,Idle,,20,,10,,,20,Go Home,False,False,False,False,False,False,False,False,False,False,False,False,33.8027920380556,-117.4659261431046,1392.5,2972.0,1049.4,396.9,True,1,1,False,False,False,False,,True,False,False,Course Lock,196.8,67,16.4,93,E,S,11.4,11.4,Calm,False,False,Android,7.0.2,M300 RTK,1ZN7L4R0H1D00F,1W9DL31001461C,1ZMLH8300204F0,1Z6PH74DAP0QN7,"Corona, CA",728.3,5.7,137.7,8.547347,2.013246,0,0,DJI Matrice 300 RTK,M300 RTK,1ZN7L4R0H1D00F,1W9DL31001461C,1ZMLH8300204F0,1Z6PH74DAP0QN7,DJI Pilot,Android,7.0.2,1EF72A62-B7C3-C88D-164E-CE6F8C8424AE,1ZN7L4R0H1D00F,1W9DL31001461C,,1ZMLH8300204F0,1W9DL31001461C,,,,,
2023-11-01,11:28:11.34 AM,3m 49.0s,229.0,33.801568670248,-117.4702800220866,132.8,132.8,17.3,1397,1638.5,5.222189,6.085134,0.894776,2.23694,-5.144962,1.342164,-0.223694,0,3,-0.6,3,-78.4,281.6,281.6,Tripod,Other,,23,5,True,,True,False,,Smart,RC,False,True,False,,,True,,False,False,False,False,False,False,False,False,False,False,0,Follow Yaw,-77.9,0,-86.8,273.2,False,False,False,False,False,,0,0,False,False,No Card,100,100,1024,1324,1184,1024,2,False,False,False,False,False,0,False,False,False,False,88,,47.436,,4387,,4986,,47.436,,True,3.955,3.955,3.955,3.955,3.955,3.955,3.955,3.955,3.955,3.955,3.955,3.955,0,,False,False,True,,,,,,,,,,,,,,,False,False,9.418,,89.6,,75.7,,90.1,,1678,54,13,17,8,141478.3,18863.77,,Idle,,20,,10,,,20,Go Home,False,False,False,False,False,False,False,False,False,False,False,False,33.8027920380556,-117.4659261431046,1393.2,2972.0,1049.4,396.9,True,1,1,False,False,False,False,,True,False,False,Course Lock,196.8,67,16.4,93,E,S,11.4,11.4,Calm,False,False,Android,7.0.2,M300 RTK,1ZN7L4R0H1D00F,1W9DL31001461C,1ZMLH8300204F0,1Z6PH74DAP0QN7,"Corona, CA",728.3,5.7,137.7,8.547347,2.013246,0,0,DJI Matrice 300 RTK,M300 RTK,1ZN7L4R0H1D00F,1W9DL31001461C,1ZMLH8300204F0,1Z6PH74DAP0QN7,DJI Pilot,Android,7.0.2,1EF72A62-B7C3-C88D-164E-CE6F8C8424AE,1ZN7L4R0H1D00F,1W9DL31001461C,,1ZMLH8300204F0,1W9DL31001461C,,,,,
2023-11-01,11:28:11.45 AM,3m 49.1s,229.1,33.8015691242059,-117.470282545222,132.8,132.8,17.3,1397,1639.3,5.222189,6.085134,0.894776,2.23694,-5.144962,1.342164,-0.223694,0,3.2,-0.8,3.2,-78.4,281.6,282.2,Tripod,Other,,23,5,True,,True,False,,Smart,RC,False,True,False,,,True,,False,False,False,False,False,False,False,False,False,False,0,Follow Yaw,-77.9,0,-86.8,273.2,False,False,False,False,False,,0,0,False,False,No Card,100,100,1024,1325,1182,1024,2,False,False,False,False,False,0,False,False,False,False,88,,47.436,,4387,,4986,,47.436,,True,3.955,3.955,3.955,3.955,3.955,3.955,3.955,3.955,3.955,3.955,3.955,3.955,0,,False,False,True,,,,,,,,,,,,,,,False,False,9.418,,89.6,,75.7,,90.1,,1678,54,13,17,8,141478.3,18863.77,,Idle,,20,,10,,,20,Go Home,False,False,False,False,False,False,False,False,False,False,False,False,33.8027920380556,-117.4659261431046,1393.9,2972.0,1049.4,396.9,True,1,1,False,False,False,False,,True,False,False,Course Lock,196.8,67,16.4,93,E,S,11.4,11.4,Calm,False,False,Android,7.0.2,M300 RTK,1ZN7L4R0H1D00F,1W9DL31001461C,1ZMLH8300204F0,1Z6PH74DAP0QN7,"Corona, CA",728.3,5.7,137.7,8.547347,2.013246,0,0,DJI Matrice 300 RTK,M300 RTK,1ZN7L4R0H1D00F,1W9DL31001461C,1ZMLH8300204F0,1Z6PH74DAP0QN7,DJI Pilot,Android,7.0.2,1EF72A62-B7C3-C88D-164E-CE6F8C8424AE,1ZN7L4R0H1D00F,1W9DL31001461C,,1ZMLH8300204F0,1W9DL31001461C,,,,,
2023-11-01,11:28:11.55 AM,3m 49.2s,229.2,33.8015695622643,-117.4702851000243,132.8,132.8,17.3,1397,1640.1,5.222189,6.085134,0.894776,2.23694,-5.144962,1.342164,-0.223694,0,3.1,-0.9,3.2,-78.5,281.5,281.6,Tripod,Other,,23,5,True,,True,False,,Smart,RC,False,True,False,,,True,,False,False,False,False,False,False,False,False,False,False,0,Follow Yaw,-77.9,0,-86.8,273.2,False,False,False,False,False,,0,0,False,False,No Card,100,100,1024,1326,1179,1024,2,False,False,False,False,False,0,False,False,False,False,88,,47.436,,4387,,4986,,47.436,,True,3.955,3.955,3.955,3.955,3.955,3.955,3.955,3.955,3.955,3.955,3.955,3.955,0,,False,False,True,,,,,,,,,,,,,,,False,False,9.418,,89.6,,75.7,,90.1,,1678,54,13,17,8,141478.3,18863.77,,Idle,,20,,10,,,20,Go Home,False,False,False,False,False,False,False,False,False,False,False,False,33.8027920380556,-117.4659261431046,1394.6,2972.0,1049.4,396.9,True,1,1,False,False,False,False,,True,False,False,Course Lock,196.8,67,16.4,93,E,S,11.4,11.4,Calm,False,False,Android,7.0.2,M300 RTK,1ZN7L4R0H1D00F,1W9DL31001461C,1ZMLH8300204F0,1Z6PH74DAP0QN7,"Corona, CA",728.3,5.7,137.7,8.547347,2.013246,0,0,DJI Matrice 300 RTK,M300 RTK,1ZN7L4R0H1D00F,1W9DL31001461C,1ZMLH8300204F0,1Z6PH74DAP0QN7,DJI Pilot,Android,7.0.2,1EF72A62-B7C3-C88D-164E-CE6F8C8424AE,1ZN7L4R0H1D00F,1W9DL31001461C,,1ZMLH8300204F0,1W9DL31001461C,,,,,
2023-11-01,11:28:11.65 AM,3m 49.3s,229.3,33.8015698490034,-117.4702877653313,132.8,132.8,17.3,1397,1640.9,5.222189,6.085134,0.894776,2.23694,-5.144962,1.342164,-0.223694,0,2.8,-0.6,2.8,-78.6,281.4,277.3,Tripod,Other,,23,5,True,,True,False,,Smart,RC,False,True,False,,,True,,False,False,False,False,False,False,False,False,False,False,0,Follow Yaw,-77.9,0,-86.8,273.2,False,False,False,False,False,,0,0,False,False,No Card,100,100,1024,1324,1175,1024,2,False,False,False,False,False,0,False,False,False,False,88,,47.436,,4387,,4986,,47.436,,True,3.955,3.955,3.955,3.955,3.955,3.955,3.955,3.955,3.955,3.955,3.955,3.955,0,,False,False,True,,,,,,,,,,,,,,,False,False,9.418,,89.6,,75.7,,90.1,,1678,54,13,17,8,141918.1,18922.41,,Idle,,20,,10,,,20,Go Home,False,False,False,False,False,False,False,False,False,False,False,False,33.8027920380556,-117.4659261431046,1395.3,2972.0,1049.4,396.9,True,1,1,False,False,False,False,,True,False,False,Course Lock,196.8,67,16.4,93,E,S,11.4,11.4,Calm,False,False,Android,7.0.2,M300 RTK,1ZN7L4R0H1D00F,1W9DL31001461C,1ZMLH8300204F0,1Z6PH74DAP0QN7,"Corona, CA",728.3,5.7,137.7,8.547347,2.013246,0,0,DJI Matrice 300 RTK,M300 RTK,1ZN7L4R0H1D00F,1W9DL31001461C,1ZMLH8300204F0,1Z6PH74DAP0QN7,DJI Pilot,Android,7.0.2,1EF72A62-B7C3-C88D-164E-CE6F8C8424AE,1ZN7L4R0H1D00F,1W9DL31001461C,,1ZMLH8300204F0,1W9DL31001461C,,,,,
2023-11-01,11:28:11.76 AM,3m 49.4s,229.4,33.8015702667763,-117.4702903273907,132.8,132.8,17.3,1397,1641.7,5.222189,6.085134,0.894776,2.23694,-5.144962,1.342164,-0.223694,0,2.7,-0.1,2.7,-78.6,281.4,281.1,Tripod,Other,,23,5,True,,True,False,,Smart,RC,False,True,False,,,True,,False,False,False,False,False,False,False,False,False,False,0,Follow Yaw,-77.9,0,-86.8,273.2,False,False,False,False,False,,0,0,False,False,No Card,100,100,1024,1322,1176,1024,2,False,False,False,False,False,0,False,False,False,False,88,,47.436,,4387,,4986,,47.436,,True,3.955,3.955,3.955,3.955,3.955,3.955,3.955,3.955,3.955,3.955,3.955,3.955,0,,False,False,True,,,,,,,,,,,,,,,False,False,9.418,,89.6,,75.7,,90.1,,1678,54,13,17,8,141918.1,18922.41,,Idle,,20,,10,,,20,Go Home,False,False,False,False,False,False,False,False,False,False,False,False,33.8027920380556,-117.4659261431046,1396.0,2972.0,1049.4,396.9,True,1,1,False,False,False,False,,True,False,False,Course Lock,196.8,67,16.4,93,E,S,11.4,11.4,Calm,False,False,Android,7.0.2,M300 RTK,1ZN7L4R0H1D00F,1W9DL31001461C,1ZMLH8300204F0,1Z6PH74DAP0QN7,"Corona, CA",728.3,5.7,137.7,8.547347,2.013246,0,0,DJI Matrice 300 RTK,M300 RTK,1ZN7L4R0H1D00F,1W9DL31001461C,1ZMLH8300204F0,1Z6PH74DAP0QN7,DJI Pilot,Android,7.0.2,1EF72A62-B7C3-C88D-164E-CE6F8C8424AE,1ZN7L4R0H1D00F,1W9DL31001461C,,1ZMLH8300204F0,1W9DL31001461C,,,,,
2023-11-01,11:28:11.86 AM,3m 49.5s,229.5,33.8015705957313,-117.4702926747081,132.8,132.8,17.3,1397,1642.4,5.222189,6.085134,0.894776,2.23694,-5.144962,1.342164,-0.223694,0,2.6,0.1,2.6,-78.8,281.2,279.5,Tripod,Other,,23,5,True,,True,False,,Smart,RC,False,True,False,,,True,,False,False,False,False,False,False,False,False,False,False,0,Follow Yaw,-77.9,0,-86.8,273.2,False,False,False,False,False,,0,0,False,False,No Card,100,100,1024,1317,1180,1024,2,False,False,False,False,False,0,False,False,False,False,88,,47.436,,4387,,4986,,47.436,,True,3.955,3.955,3.955,3.955,3.955,3.955,3.955,3.955,3.955,3.955,3.955,3.955,0,,False,False,True,,,,,,,,,,,,,,,False,False,9.418,,89.6,,75.7,,90.1,,1678,54,13,17,8,141918.1,18922.41,,Idle,,20,,10,,,20,Go Home,False,False,False,False,False,False,False,False,False,False,False,False,33.8027920380556,-117.4659261431046,1396.6,2972.0,1049.4,396.9,True,1,1,False,False,False,False,,True,False,False,Course Lock,196.8,67,16.4,93,E,S,11.4,11.4,Calm,False,False,Android,7.0.2,M300 RTK,1ZN7L4R0H1D00F,1W9DL31001461C,1ZMLH8300204F0,1Z6PH74DAP0QN7,"Corona, CA",728.3,5.7,137.7,8.547347,2.013246,0,0,DJI Matrice 300 RTK,M300 RTK,1ZN7L4R0H1D00F,1W9DL31001461C,1ZMLH8300204F0,1Z6PH74DAP0QN7,DJI Pilot,Android,7.0.2,1EF72A62-B7C3-C88D-164E-CE6F8C8424AE,1ZN7L4R0H1D00F,1W9DL31001461C,,1ZMLH8300204F0,1W9DL31001461C,,,,,
2023-11-01,11:28:11.96 AM,3m 49.6s,229.6,33.801571032145,-117.4702952212638,133.2,133.2,17.0,1397,1643.2,5.222189,6.085134,0.894776,2.23694,-5.144962,1.342164,-0.223694,0,2.7,0,2.7,-78.9,281.1,281.6,Tripod,Other,,23,5,True,,True,False,,Smart,RC,False,True,False,,,True,,False,False,False,False,False,False,False,False,False,False,0,Follow Yaw,-77.9,0,-86.8,273.2,False,False,False,False,False,,0,0,False,False,No Card,100,100,1024,1314,1184,1024,2,False,False,False,False,False,0,False,False,False,False,88,,47.436,,4387,,4986,,47.436,,True,3.955,3.955,3.955,3.955,3.955,3.955,3.955,3.955,3.955,3.955,3.955,3.955,0,,False,False,True,,,,,,,,,,,,,,,False,False,9.418,,89.6,,75.7,,90.1,,1678,54,13,17,8,141918.1,18922.41,,Idle,,20,,10,,,20,Go Home,False,False,False,False,False,False,False,False,False,False,False,False,33.8027920380556,-117.4659261431046,1397.3,2972.0,1049.4,396.9,True,1,1,False,False,False,False,,True,False,False,Course Lock,196.8,67,16.4,93,E,S,11.4,11.4,Calm,False,False,Android,7.0.2,M300 RTK,1ZN7L4R0H1D00F,1W9DL31001461C,1ZMLH8300204F0,1Z6PH74DAP0QN7,"Corona, CA",728.3,5.7,137.7,8.547347,2.013246,0,0,DJI Matrice 300 RTK,M300 RTK,1ZN7L4R0H1D00F,1W9DL31001461C,1ZMLH8300204F0,1Z6PH74DAP0QN7,DJI Pilot,Android,7.0.2,1EF72A62-B7C3-C88D-164E-CE6F8C8424AE,1ZN7L4R0H1D00F,1W9DL31001461C,,1ZMLH8300204F0,1W9DL31001461C,,,,,
2023-11-01,11:28:12.06 AM,3m 49.7s,229.7,33.8015715853377,-117.4702977714481,133.2,133.2,17.0,1397,1644.0,5.222189,6.085134,0.894776,2.23694,-5.144962,1.342164,-0.223694,0,2.8,-0.5,2.8,-79,281,284.6,Tripod,Other,,23,5,True,,True,False,,Smart,RC,False,True,False,,,True,,False,False,False,False,False,False,False,False,False,False,0,Follow Yaw,-77.9,0,-86.8,273.2,False,False,False,False,False,,0,0,False,False,No Card,100,100,1024,1316,1183,1024,2,False,False,False,False,False,0,False,False,False,False,88,,47.436,,4387,,4986,,47.436,,True,3.955,3.955,3.955,3.955,3.955,3.955,3.955,3.955,3.955,3.955,3.955,3.955,0,,False,False,True,,,,,,,,,,,,,,,False,False,9.418,,89.6,,75.7,,90.1,,1678,54,13,17,8,141918.1,18922.41,,Idle,,20,,10,,,20,Go Home,False,False,False,False,False,False,False,False,False,False,False,False,33.8027920380556,-117.4659261431046,1398.0,2972.0,1049.4,396.9,True,1,1,False,False,False,False,,True,False,False,Course Lock,196.8,67,16.4,93,E,S,11.4,11.4,Calm,False,False,Android,7.0.2,M300 RTK,1ZN7L4R0H1D00F,1W9DL31001461C,1ZMLH8300204F0,1Z6PH74DAP0QN7,"Corona, CA",728.3,5.7,137.7,8.547347,2.013246,0,0,DJI Matrice 300 RTK,M300 RTK,1ZN7L4R0H1D00F,1W9DL31001461C,1ZMLH8300204F0,1Z6PH74DAP0QN7,DJI Pilot,Android,7.0.2,1EF72A62-B7C3-C88D-164E-CE6F8C8424AE,1ZN7L4R0H1D00F,1W9DL31001461C,,1ZMLH8300204F0,1W9DL31001461C,,,,,
2023-11-01,11:28:12.17 AM,3m 49.8s,229.8,33.8015720540986,-117.4703003183337,133.2,133.2,17.0,1397,1644.8,5.222189,6.085134,0.894776,2.23694,-5.144962,1.342164,-0.223694,0,2.9,-0.9,3,-79,281,282.4,Tripod,Other,,23,5,True,,True,False,,Smart,RC,False,True,False,,,True,,False,False,False,False,False,False,False,False,False,False,0,Follow Yaw,-77.9,0,-86.8,273.2,False,False,False,False,False,,0,0,False,False,No Card,100,100,1024,1321,1176,1024,2,False,False,False,False,False,0,False,False,False,False,88,,47.436,,4387,,4986,,47.436,,True,3.955,3.955,3.955,3.955,3.955,3.955,3.955,3.955,3.955,3.955,3.955,3.955,0,,False,False,True,,,,,,,,,,,,,,,False,False,9.418,,89.6,,75.7,,90.1,,1678,54,13,17,8,141918.1,18922.41,,Idle,,20,,10,,,20,Go Home,False,False,False,False,False,False,False,False,False,False,False,False,33.8027920380556,-117.4659261431046,1398.7,2972.0,1049.4,396.9,True,1,1,False,False,False,False,,True,False,False,Course Lock,196.8,67,16.4,93,E,S,11.4,11.4,Calm,False,False,Android,7.0.2,M300 RTK,1ZN7L4R0H1D00F,1W9DL31001461C,1ZMLH8300204F0,1Z6PH74DAP0QN7,"Corona, CA",728.3,5.7,137.7,8.547347,2.013246,0,0,DJI Matrice 300 RTK,M300 RTK,1ZN7L4R0H1D00F,1W9DL31001461C,1ZMLH8300204F0,1Z6PH74DAP0QN7,DJI Pilot,Android,7.0.2,1EF72A62-B7C3-C88D-164E-CE6F8C8424AE,1ZN7L4R0H1D00F,1W9DL31001461C,,1ZMLH8300204F0,1W9DL31001461C,,,,,
2023-11-01,11:28:12.27 AM,3m 49.9s,229.9,33.8015725837161,-117.4703028622504,133.2,133.2,17.0,1397,1645.6,5.222189,6.085134,0.894776,2.23694,-5.144962,1.342164,-0.223694,0,3.1,-1.1,3.2,-79,281,284.0,Tripod,Other,,23,5,True,,True,False,,Smart,RC,False,True,False,,,True,,False,False,False,False,False,False,False,False,False,False,0,Follow Yaw,-77.9,0,-86.8,273.2,False,False,False,False,False,,0,0,False,False,No Card,100,100,1024,1318,1178,1024,2,False,False,False,False,False,0,False,False,False,False,88,,47.436,,4387,,4986,,47.436,,True,3.955,3.955,3.955,3.955,3.955,3.955,3.955,3.955,3.955,3.955,3.955,3.955,0,,False,False,True,,,,,,,,,,,,,,,False,False,9.418,,89.6,,75.7,,90.1,,1678,54,13,17,8,141918.1,18922.41,,Idle,,20,,10,,,20,Go Home,False,False,False,False,False,False,False,False,False,False,False,False,33.8027920380556,-117.4659261431046,1399.3,2972.0,1049.4,396.9,True,1,1,False,False,False,False,,True,False,False,Course Lock,196.8,67,16.4,93,E,S,11.4,11.4,Calm,False,False,Android,7.0.2,M300 RTK,1ZN7L4R0H1D00F,1W9DL31001461C,1ZMLH8300204F0,1Z6PH74DAP0QN7,"Corona, CA",728.3,5.7,137.7,8.547347,2.013246,0,0,DJI Matrice 300 RTK,M300 RTK,1ZN7L4R0H1D00F,1W9DL31001461C,1ZMLH8300204F0,1Z6PH74DAP0QN7,DJI Pilot,Android,7.0.2,1EF72A62-B7C3-C88D-164E-CE6F8C8424AE,1ZN7L4R0H1D00F,1W9DL31001461C,,1ZMLH8300204F0,1W9DL31001461C,,,,,
2023-11-01,11:28:12.38 AM,3m 50.0s,230.0,33.8015730552183,-117.4703054088062,133.2,133.2,17.3,1397,1646.4,5.222189,6.085134,0.894776,2.23694,-5.144962,1.342164,-0.223694,0,3.3,-1,3.4,-79.1,280.9,282.5,Tripod,Other,,23,5,True,,True,False,,Smart,RC,False,True,False,,,True,,False,False,False,False,False,False,False,False,False,False,0,Follow Yaw,-77.9,0,-86.8,273.2,False,False,False,False,False,,0,0,False,False,No Card,100,100,1024,1317,1179,1024,2,False,False,False,False,False,0,False,False,False,False,87,,47.472,,8787,,10044,,47.472,,True,3.955,3.955,3.955,3.955,3.955,3.955,3.955,3.955,3.955,3.955,3.955,3.955,0,,False,False,True,,,,,,,,,,,,,,,False,False,19.284,,90.1,,75.7,,90.1,,1678,54,13,17,8,141918.1,18922.41,,Idle,,20,,10,,,20,Go Home,False,False,False,False,False,False,False,False,False,False,False,False,33.8027920380556,-117.4659261431046,1400.0,2972.0,1049.4,396.9,True,1,1,False,False,False,False,,True,False,False,Course Lock,196.8,67,16.4,93,E,S,11.4,11.4,Calm,False,False,Android,7.0.2,M300 RTK,1ZN7L4R0H1D00F,1W9DL31001461C,1ZMLH8300204F0,1Z6PH74DAP0QN7,"Corona, CA",728.3,5.7,137.7,8.547347,2.013246,0,0,DJI Matrice 300 RTK,M300 RTK,1ZN7L4R0H1D00F,1W9DL31001461C,1ZMLH8300204F0,1Z6PH74DAP0QN7,DJI Pilot,Android,7.0.2,1EF72A62-B7C3-C88D-164E-CE6F8C8424AE,1ZN7L4R0H1D00F,1W9DL31001461C,,1ZMLH8300204F0,1W9DL31001461C,,,,,
2023-11-01,11:28:12.48 AM,3m 50.1s,230.1,33.8015734686051,-117.4703077425992,133.2,133.2,17.3,1397,1647.1,5.222189,6.085134,0.894776,2.23694,-5.144962,1.342164,-0.223694,0,3.4,-1.1,3.5,-79.1,280.9,282.0,Tripod,Other,,23,5,True,,True,False,,Smart,RC,False,True,False,,,True,,False,False,False,False,False,False,False,False,False,False,0,Follow Yaw,-77.9,0,-86.8,273.2,False,False,False,False,False,,0,0,False,False,No Card,100,100,1024,1319,1179,1024,2,False,False,False,False,False,0,False,False,False,False,87,,47.472,,8787,,10044,,47.472,,True,3.955,3.955,3.955,3.955,3.955,3.955,3.955,3.955,3.955,3.955,3.955,3.955,0,,False,False,True,,,,,,,,,,,,,,,False,False,19.284,,90.1,,75.7,,90.1,,1678,54,13,17,8,141918.1,18922.41,,Idle,,20,,10,,,20,Go Home,False,False,False,False,False,False,False,False,False,False,False,False,33.8027920380556,-117.4659261431046,1400.6,2972.0,1049.4,396.9,True,1,1,False,False,False,False,,True,False,False,Course Lock,196.8,67,16.4,93,E,S,11.4,11.4,Calm,False,False,Android,7.0.2,M300 RTK,1ZN7L4R0H1D00F,1W9DL31001461C,1ZMLH8300204F0,1Z6PH74DAP0QN7,"Corona, CA",728.3,5.7,137.7,8.547347,2.013246,0,0,DJI Matrice 300 RTK,M300 RTK,1ZN7L4R0H1D00F,1W9DL31001461C,1ZMLH8300204F0,1Z6PH74DAP0QN7,DJI Pilot,Android,7.0.2,1EF72A62-B7C3-C88D-164E-CE6F8C8424AE,1ZN7L4R0H1D00F,1W9DL31001461C,,1ZMLH8300204F0,1W9DL31001461C,,,,,
2023-11-01,11:28:12.54 AM,3m 50.2s,230.2,33.8015739406556,-117.4703102607865,133.2,133.2,17.3,1397,1647.9,5.265131,6.085134,1.11847,2.23694,-5.144962,1.342164,-0.223694,0,3.3,-1,3.4,-79,281,282.7,Tripod,Other,,23,5,True,,True,False,,Smart,RC,False,True,False,,,True,,False,False,False,False,False,False,False,False,False,False,0,Follow Yaw,-77.9,0,-86.8,273.2,False,False,False,False,False,,0,0,False,False,No Card,100,100,1024,1324,1175,1024,2,False,False,False,False,False,0,False,False,False,False,87,,47.472,,8787,,10044,,47.472,,True,3.955,3.955,3.955,3.955,3.955,3.955,3.955,3.955,3.955,3.955,3.955,3.955,0,,False,False,True,,,,,,,,,,,,,,,False,False,19.284,,90.1,,75.7,,90.1,,1678,54,13,17,8,141918.1,18922.41,,Idle,,20,,10,,,20,Go Home,False,False,False,False,False,False,False,False,False,False,False,False,33.8027920380556,-117.4659261431046,1401.3,2972.0,1049.4,396.9,True,1,1,False,False,False,False,,True,False,False,Course Lock,196.8,67,16.4,93,E,S,11.4,11.4,Calm,False,False,Android,7.0.2,M300 RTK,1ZN7L4R0H1D00F,1W9DL31001461C,1ZMLH8300204F0,1Z6PH74DAP0QN7,"Corona, CA",728.3,5.7,137.7,8.547347,2.013246,0,0,DJI Matrice 300 RTK,M300 RTK,1ZN7L4R0H1D00F,1W9DL31001461C,1ZMLH8300204F0,1Z6PH74DAP0QN7,DJI Pilot,Android,7.0.2,1EF72A62-B7C3-C88D-164E-CE6F8C8424AE,1ZN7L4R0H1D00F,1W9DL31001461C,,1ZMLH8300204F0,1W9DL31001461C,,,,,
2023-11-01,11:28:12.64 AM,3m 50.3s,230.3,33.801574327726,-117.4703128268042,133.2,133.2,17.3,1397,1648.7,5.265131,6.085134,1.11847,2.23694,-5.144962,1.342164,-0.223694,0,3.3,-1,3.4,-78.9,281.1,280.2,Tripod,Other,,23,5,True,,True,False,,Smart,RC,False,True,False,,,True,,False,False,False,False,False,False,False,False,False,False,0,Follow Yaw,-77.9,0,-86.8,273.2,False,False,False,False,False,,0,0,False,False,No Card,100,100,1024,1319,1173,1024,2,False,False,False,False,False,0,False,False,False,False,87,,47.472,,8787,,10044,,47.472,,True,3.957,3.957,3.957,3.957,3.957,3.957,3.957,3.957,3.957,3.957,3.957,3.957,0,,False,False,True,,,,,,,,,,,,,,,False,False,19.284,,90.1,,75.7,,90.1,,1677,54,13,17,8,142395.7,18986.10,,Idle,,20,,10,,,20,Go Home,False,False,False,False,False,False,False,False,False,False,False,False,33.8027920380556,-117.4659261431046,1402.0,2972.0,1049.4,396.9,True,1,1,False,False,False,False,,True,False,False,Course Lock,196.8,67,16.4,93,E,S,11.4,11.4,Calm,False,False,Android,7.0.2,M300 RTK,1ZN7L4R0H1D00F,1W9DL31001461C,1ZMLH8300204F0,1Z6PH74DAP0QN7,"Corona, CA",728.3,5.7,137.7,8.547347,2.013246,0,0,DJI Matrice 300 RTK,M300 RTK,1ZN7L4R0H1D00F,1W9DL31001461C,1ZMLH8300204F0,1Z6PH74DAP0QN7,DJI Pilot,Android,7.0.2,1EF72A62-B7C3-C88D-164E-CE6F8C8424AE,1ZN7L4R0H1D00F,1W9DL31001461C,,1ZMLH8300204F0,1W9DL31001461C,,,,,
2023-11-01,11:28:12.74 AM,3m 50.4s,230.4,33.801574788263,-117.4703153403735,133.5,133.5,17.0,1397,1649.5,5.222189,6.085134,0.894776,2.23694,-5.144962,1.342164,-0.223694,0,3.3,-1.1,3.4,-78.8,281.2,282.4,Tripod,Other,,23,5,True,,True,False,,Smart,RC,False,True,False,,,True,,False,False,False,False,False,False,False,False,False,False,0,Follow Yaw,-77.9,0,-86.8,273.2,False,False,False,False,False,,0,0,False,False,No Card,100,100,1024,1320,1175,1024,2,False,False,False,False,False,0,False,False,False,False,87,,47.472,,8787,,10044,,47.472,,True,3.957,3.957,3.957,3.957,3.957,3.957,3.957,3.957,3.957,3.957,3.957,3.957,0,,False,False,True,,,,,,,,,,,,,,,False,False,19.284,,90.1,,75.7,,90.1,,1677,54,13,17,8,142395.7,18986.10,,Idle,,20,,10,,,20,Go Home,False,False,False,False,False,False,False,False,False,False,False,False,33.8027920380556,-117.4659261431046,1402.7,2972.0,1049.4,396.9,True,1,1,False,False,False,False,,True,False,False,Course Lock,196.8,67,16.4,93,E,S,11.4,11.4,Calm,False,False,Android,7.0.2,M300 RTK,1ZN7L4R0H1D00F,1W9DL31001461C,1ZMLH8300204F0,1Z6PH74DAP0QN7,"Corona, CA",728.3,5.7,137.7,8.547347,2.013246,0,0,DJI Matrice 300 RTK,M300 RTK,1ZN7L4R0H1D00F,1W9DL31001461C,1ZMLH8300204F0,1Z6PH74DAP0QN7,DJI Pilot,Android,7.0.2,1EF72A62-B7C3-C88D-164E-CE6F8C8424AE,1ZN7L4R0H1D00F,1W9DL31001461C,,1ZMLH8300204F0,1W9DL31001461C,,,,,
2023-11-01,11:28:12.84 AM,3m 50.5s,230.5,33.8015750892569,-117.4703181052996,133.5,133.5,17.0,1397,1650.3,5.222189,6.085134,0.894776,2.23694,-5.144962,1.342164,-0.223694,0,3.1,-1.2,3.3,-78.7,281.3,277.4,Tripod,Other,,23,5,True,,True,False,,Smart,RC,False,True,False,,,True,,False,False,False,False,False,False,False,False,False,False,0,Follow Yaw,-77.9,0,-86.8,273.2,False,False,False,False,False,,0,0,False,False,No Card,100,100,1024,1324,1176,1024,2,False,False,False,False,False,0,False,False,False,False,87,,47.472,,8787,,10044,,47.472,,True,3.957,3.957,3.957,3.957,3.957,3.957,3.957,3.957,3.957,3.957,3.957,3.957,0,,False,False,True,,,,,,,,,,,,,,,False,False,19.284,,90.1,,75.7,,90.1,,1677,54,13,17,8,142395.7,18986.10,,Idle,,20,,10,,,20,Go Home,False,False,False,False,False,False,False,False,False,False,False,False,33.8027920380556,-117.4659261431046,1403.4,2972.0,1049.4,396.9,True,1,1,False,False,False,False,,True,False,False,Course Lock,196.8,67,16.4,93,E,S,11.4,11.4,Calm,False,False,Android,7.0.2,M300 RTK,1ZN7L4R0H1D00F,1W9DL31001461C,1ZMLH8300204F0,1Z6PH74DAP0QN7,"Corona, CA",728.3,5.7,137.7,8.547347,2.013246,0,0,DJI Matrice 300 RTK,M300 RTK,1ZN7L4R0H1D00F,1W9DL31001461C,1ZMLH8300204F0,1Z6PH74DAP0QN7,DJI Pilot,Android,7.0.2,1EF72A62-B7C3-C88D-164E-CE6F8C8424AE,1ZN7L4R0H1D00F,1W9DL31001461C,,1ZMLH8300204F0,1W9DL31001461C,,,,,
2023-11-01,11:28:12.94 AM,3m 50.6s,230.6,33.8015755234775,-117.4703206327232,133.5,133.5,17.0,1397,1651.1,5.222189,6.085134,0.894776,2.23694,-5.144962,1.342164,0,0,2.9,-1.2,3.1,-78.5,281.5,281.6,Tripod,Other,,23,5,True,,True,False,,Smart,RC,False,True,False,,,True,,False,False,False,False,False,False,False,False,False,False,0,Follow Yaw,-77.9,0,-86.8,273.2,False,False,False,False,False,,0,0,False,False,No Card,100,100,1024,1326,1175,1024,2,False,False,False,False,False,0,False,False,False,False,87,,47.472,,8787,,10044,,47.472,,True,3.957,3.957,3.957,3.957,3.957,3.957,3.957,3.957,3.957,3.957,3.957,3.957,0,,False,False,True,,,,,,,,,,,,,,,False,False,19.284,,90.1,,75.7,,90.1,,1677,54,13,17,8,142395.7,18986.10,,Idle,,20,,10,,,20,Go Home,False,False,False,False,False,False,False,False,False,False,False,False,33.8027920380556,-117.4659261431046,1404.1,2972.0,1049.4,396.9,True,1,1,False,False,False,False,,True,False,False,Course Lock,196.8,67,16.4,93,E,S,11.4,11.4,Calm,False,False,Android,7.0.2,M300 RTK,1ZN7L4R0H1D00F,1W9DL31001461C,1ZMLH8300204F0,1Z6PH74DAP0QN7,"Corona, CA",728.3,5.7,137.7,8.547347,2.013246,0,0,DJI Matrice 300 RTK,M300 RTK,1ZN7L4R0H1D00F,1W9DL31001461C,1ZMLH8300204F0,1Z6PH74DAP0QN7,DJI Pilot,Android,7.0.2,1EF72A62-B7C3-C88D-164E-CE6F8C8424AE,1ZN7L4R0H1D00F,1W9DL31001461C,,1ZMLH8300204F0,1W9DL31001461C,,,,,
2023-11-01,11:28:13.04 AM,3m 50.7s,230.7,33.8015759522155,-117.470323208637,133.5,133.5,17.0,1397,1651.9,5.222189,6.085134,0.894776,2.23694,-5.144962,1.342164,0,0,2.9,-1.2,3.1,-78.4,281.6,281.3,Tripod,Other,,23,5,True,,True,False,,Smart,RC,False,True,False,,,True,,False,False,False,False,False,False,False,False,False,False,0,Follow Yaw,-77.9,0,-86.8,273.2,False,False,False,False,False,,0,0,False,False,No Card,100,100,1024,1326,1174,1024,2,False,False,False,False,False,0,False,False,False,False,88,,47.4,,4387,,4986,,47.4,,True,3.957,3.957,3.957,3.957,3.957,3.957,3.957,3.957,3.957,3.957,3.957,3.957,0,,False,False,True,,,,,,,,,,,,,,,False,False,9.668,,89.7,,75.7,,90.1,,1677,54,13,17,8,142395.7,18986.10,,Idle,,20,,10,,,20,Go Home,False,False,False,False,False,False,False,False,False,False,False,False,33.8027920380556,-117.4659261431046,1404.8,2972.0,1049.4,396.9,True,1,1,False,False,False,False,,True,False,False,Course Lock,196.8,67,16.4,93,E,S,11.4,11.4,Calm,False,False,Android,7.0.2,M300 RTK,1ZN7L4R0H1D00F,1W9DL31001461C,1ZMLH8300204F0,1Z6PH74DAP0QN7,"Corona, CA",728.3,5.7,137.7,8.547347,2.013246,0,0,DJI Matrice 300 RTK,M300 RTK,1ZN7L4R0H1D00F,1W9DL31001461C,1ZMLH8300204F0,1Z6PH74DAP0QN7,DJI Pilot,Android,7.0.2,1EF72A62-B7C3-C88D-164E-CE6F8C8424AE,1ZN7L4R0H1D00F,1W9DL31001461C,,1ZMLH8300204F0,1W9DL31001461C,,,,,
2023-11-01,11:28:13.14 AM,3m 50.8s,230.8,33.801576375471,-117.4703257419981,133.5,133.5,17.0,1397,1652.7,5.222189,6.085134,0.894776,2.23694,-5.144962,1.342164,0,0,2.9,-1.1,3.1,-78.3,281.7,281.3,Tripod,Other,,23,5,True,,True,False,,Smart,RC,False,True,False,,,True,,False,False,False,False,False,False,False,False,False,False,0,Follow Yaw,-77.9,0,-86.8,273.2,False,False,False,False,False,,0,0,False,False,No Card,100,100,1024,1324,1175,1024,2,False,False,False,False,False,0,False,False,False,False,88,,47.4,,4387,,4986,,47.4,,True,3.957,3.957,3.957,3.957,3.957,3.957,3.957,3.957,3.957,3.957,3.957,3.957,0,,False,False,True,,,,,,,,,,,,,,,False,False,9.668,,89.7,,75.7,,90.1,,1677,54,13,17,8,142395.7,18986.10,,Idle,,20,,10,,,20,Go Home,False,False,False,False,False,False,False,False,False,False,False,False,33.8027920380556,-117.4659261431046,1405.5,2972.0,1049.4,396.9,True,1,1,False,False,False,False,,True,False,False,Course Lock,196.8,67,16.4,93,E,S,11.4,11.4,Calm,False,False,Android,7.0.2,M300 RTK,1ZN7L4R0H1D00F,1W9DL31001461C,1ZMLH8300204F0,1Z6PH74DAP0QN7,"Corona, CA",728.3,5.7,137.7,8.547347,2.013246,0,0,DJI Matrice 300 RTK,M300 RTK,1ZN7L4R0H1D00F,1W9DL31001461C,1ZMLH8300204F0,1Z6PH74DAP0QN7,DJI Pilot,Android,7.0.2,1EF72A62-B7C3-C88D-164E-CE6F8C8424AE,1ZN7L4R0H1D00F,1W9DL31001461C,,1ZMLH8300204F0,1W9DL31001461C,,,,,
2023-11-01,11:28:13.24 AM,3m 50.9s,230.9,33.8015768392975,-117.4703283436412,133.5,133.5,17.0,1397,1653.5,5.222189,6.085134,0.894776,2.23694,-5.144962,1.342164,0,0,2.9,-1,3,-78.3,281.7,282.1,Tripod,Other,,23,5,True,,True,False,,Smart,RC,False,True,False,,,True,,False,False,False,False,False,False,False,False,False,False,0,Follow Yaw,-77.9,0,-86.8,273.2,False,False,False,False,False,,0,0,False,False,No Card,100,100,1024,1325,1175,1024,2,False,False,False,False,False,0,False,False,False,False,88,,47.4,,4387,,4986,,47.4,,True,3.957,3.957,3.957,3.957,3.957,3.957,3.957,3.957,3.957,3.957,3.957,3.957,0,,False,False,True,,,,,,,,,,,,,,,False,False,9.668,,89.7,,75.7,,90.1,,1677,54,13,17,8,142395.7,18986.10,,Idle,,20,,10,,,20,Go Home,False,False,False,False,False,False,False,False,False,False,False,False,33.8027920380556,-117.4659261431046,1406.2,2972.0,1049.4,396.9,True,1,1,False,False,False,False,,True,False,False,Course Lock,196.8,67,16.4,93,E,S,11.4,11.4,Calm,False,False,Android,7.0.2,M300 RTK,1ZN7L4R0H1D00F,1W9DL31001461C,1ZMLH8300204F0,1Z6PH74DAP0QN7,"Corona, CA",728.3,5.7,137.7,8.547347,2.013246,0,0,DJI Matrice 300 RTK,M300 RTK,1ZN7L4R0H1D00F,1W9DL31001461C,1ZMLH8300204F0,1Z6PH74DAP0QN7,DJI Pilot,Android,7.0.2,1EF72A62-B7C3-C88D-164E-CE6F8C8424AE,1ZN7L4R0H1D00F,1W9DL31001461C,,1ZMLH8300204F0,1W9DL31001461C,,,,,
2023-11-01,11:28:13.34 AM,3m 51.0s,231.0,33.8015772581669,-117.4703308842594,133.5,133.5,17.0,1397,1654.3,5.222189,6.085134,0.894776,2.23694,-5.144962,1.342164,0,0,2.8,-1,2.9,-78.4,281.6,281.2,Tripod,Other,,23,5,True,,True,False,,Smart,RC,False,True,False,,,True,,False,False,False,False,False,False,False,False,False,False,0,Follow Yaw,-77.9,0,-86.8,273.2,False,False,False,False,False,,0,0,False,False,No Card,100,100,1024,1324,1175,1024,2,False,False,False,False,False,0,False,False,False,False,87,,47.436,,8787,,10044,,47.436,,True,3.957,3.957,3.957,3.957,3.957,3.957,3.957,3.957,3.957,3.957,3.957,3.957,0,,False,False,True,,,,,,,,,,,,,,,False,False,19.644,,90.1,,75.7,,90.1,,1677,54,13,17,8,142395.7,18986.10,,Idle,,20,,10,,,20,Go Home,False,False,False,False,False,False,False,False,False,False,False,False,33.8027920380556,-117.4659261431046,1406.9,2972.0,1049.4,396.9,True,1,1,False,False,False,False,,True,False,False,Course Lock,196.8,67,16.4,93,E,S,11.4,11.4,Calm,False,False,Android,7.0.2,M300 RTK,1ZN7L4R0H1D00F,1W9DL31001461C,1ZMLH8300204F0,1Z6PH74DAP0QN7,"Corona, CA",728.3,5.7,137.7,8.547347,2.013246,0,0,DJI Matrice 300 RTK,M300 RTK,1ZN7L4R0H1D00F,1W9DL31001461C,1ZMLH8300204F0,1Z6PH74DAP0QN7,DJI Pilot,Android,7.0.2,1EF72A62-B7C3-C88D-164E-CE6F8C8424AE,1ZN7L4R0H1D00F,1W9DL31001461C,,1ZMLH8300204F0,1W9DL31001461C,,,,,
2023-11-01,11:28:13.44 AM,3m 51.1s,231.1,33.8015776008284,-117.470333487222,133.5,133.5,17.0,1397,1655.1,5.222189,6.085134,0.894776,2.23694,-5.144962,1.342164,0,0,2.6,-1,2.7,-78.4,281.6,279.0,Tripod,Other,,23,5,True,,True,False,,Smart,RC,False,True,False,,,True,,False,False,False,False,False,False,False,False,False,False,0,Follow Yaw,-77.9,0,-86.8,273.2,False,False,False,False,False,,0,0,False,False,No Card,100,100,1024,1323,1176,1024,2,False,False,False,False,False,0,False,False,False,False,87,,47.436,,8787,,10044,,47.436,,True,3.957,3.957,3.957,3.957,3.957,3.957,3.957,3.957,3.957,3.957,3.957,3.957,0,,False,False,True,,,,,,,,,,,,,,,False,False,19.644,,90.1,,75.7,,90.1,,1677,54,13,17,8,142395.7,18986.10,,Idle,,20,,10,,,20,Go Home,False,False,False,False,False,False,False,False,False,False,False,False,33.8027920380556,-117.4659261431046,1407.6,2972.0,1049.4,396.9,True,1,1,False,False,False,False,,True,False,False,Course Lock,196.8,67,16.4,93,E,S,11.4,11.4,Calm,False,False,Android,7.0.2,M300 RTK,1ZN7L4R0H1D00F,1W9DL31001461C,1ZMLH8300204F0,1Z6PH74DAP0QN7,"Corona, CA",728.3,5.7,137.7,8.547347,2.013246,0,0,DJI Matrice 300 RTK,M300 RTK,1ZN7L4R0H1D00F,1W9DL31001461C,1ZMLH8300204F0,1Z6PH74DAP0QN7,DJI Pilot,Android,7.0.2,1EF72A62-B7C3-C88D-164E-CE6F8C8424AE,1ZN7L4R0H1D00F,1W9DL31001461C,,1ZMLH8300204F0,1W9DL31001461C,,,,,
2023-11-01,11:28:13.51 AM,3m 51.2s,231.2,33.8015780202461,-117.470336045323,133.5,133.5,17.0,1397,1655.8,5.222189,6.085134,0.894776,2.23694,-5.144962,1.342164,-0.223694,0,2.5,-1.1,2.7,-78.5,281.5,281.1,Tripod,Other,,23,5,True,,True,False,,Smart,RC,False,True,False,,,True,,False,False,False,False,False,False,False,False,False,False,0,Follow Yaw,-77.9,0,-86.8,273.2,False,False,False,False,False,,0,0,False,False,No Card,100,100,1024,1320,1178,1024,2,False,False,False,False,False,0,False,False,False,False,87,,47.436,,8787,,10044,,47.436,,True,3.957,3.957,3.957,3.957,3.957,3.957,3.957,3.957,3.957,3.957,3.957,3.957,0,,False,False,True,,,,,,,,,,,,,,,False,False,19.644,,90.1,,75.7,,90.1,,1677,54,13,17,8,142395.7,18986.10,,Idle,,20,,10,,,20,Go Home,False,False,False,False,False,False,False,False,False,False,False,False,33.8027920380556,-117.4659261431046,1408.2,2972.0,1049.4,396.9,True,1,1,False,False,False,False,,True,False,False,Course Lock,196.8,67,16.4,93,E,S,11.4,11.4,Calm,False,False,Android,7.0.2,M300 RTK,1ZN7L4R0H1D00F,1W9DL31001461C,1ZMLH8300204F0,1Z6PH74DAP0QN7,"Corona, CA",728.3,5.7,137.7,8.547347,2.013246,0,0,DJI Matrice 300 RTK,M300 RTK,1ZN7L4R0H1D00F,1W9DL31001461C,1ZMLH8300204F0,1Z6PH74DAP0QN7,DJI Pilot,Android,7.0.2,1EF72A62-B7C3-C88D-164E-CE6F8C8424AE,1ZN7L4R0H1D00F,1W9DL31001461C,,1ZMLH8300204F0,1W9DL31001461C,,,,,
2023-11-01,11:28:13.64 AM,3m 51.3s,231.3,33.8015783908687,-117.4703384856623,133.8,133.8,17.0,1398,1656.6,5.222189,6.085134,0.894776,2.23694,-5.144962,1.342164,-0.223694,0,2.5,-1.3,2.8,-78.6,281.4,280.3,Tripod,Other,,23,5,True,,True,False,,Smart,RC,False,True,False,,,True,,False,False,False,False,False,False,False,False,False,False,0,Follow Yaw,-77.9,0,-86.8,273.2,False,False,False,False,False,,0,0,False,False,No Card,100,100,1024,1320,1179,1024,2,False,False,False,False,False,0,False,False,False,False,87,,47.436,,8787,,10044,,47.436,,True,3.956,3.956,3.956,3.956,3.956,3.956,3.956,3.956,3.956,3.956,3.956,3.956,0,,False,False,True,,,,,,,,,,,,,,,False,False,19.644,,90.1,,75.7,,90.1,,1675,55,13,17,8,142915.0,19055.33,,Idle,,20,,10,,,20,Go Home,False,False,False,False,False,False,False,False,False,False,False,False,33.8027920380556,-117.4659261431046,1408.9,2972.0,1049.4,396.9,True,1,1,False,False,False,False,,True,False,False,Course Lock,196.8,67,16.4,93,E,S,11.4,11.4,Calm,False,False,Android,7.0.2,M300 RTK,1ZN7L4R0H1D00F,1W9DL31001461C,1ZMLH8300204F0,1Z6PH74DAP0QN7,"Corona, CA",728.3,5.7,137.7,8.547347,2.013246,0,0,DJI Matrice 300 RTK,M300 RTK,1ZN7L4R0H1D00F,1W9DL31001461C,1ZMLH8300204F0,1Z6PH74DAP0QN7,DJI Pilot,Android,7.0.2,1EF72A62-B7C3-C88D-164E-CE6F8C8424AE,1ZN7L4R0H1D00F,1W9DL31001461C,,1ZMLH8300204F0,1W9DL31001461C,,,,,
2023-11-01,11:28:13.71 AM,3m 51.4s,231.4,33.8015788185102,-117.4703410539891,133.8,133.8,17.0,1398,1657.4,5.222189,6.085134,0.894776,2.23694,-5.144962,1.342164,0,0,2.7,-1.2,2.9,-78.6,281.4,281.3,Tripod,Other,,23,5,True,,True,False,,Smart,RC,False,True,False,,,True,,False,False,False,False,False,False,False,False,False,False,0,Follow Yaw,-77.9,0,-86.8,273.2,False,False,False,False,False,,0,0,False,False,No Card,100,100,1024,1321,1180,1024,2,False,False,False,False,False,0,False,False,False,False,87,,47.436,,8787,,10044,,47.436,,True,3.956,3.956,3.956,3.956,3.956,3.956,3.956,3.956,3.956,3.956,3.956,3.956,0,,False,False,True,,,,,,,,,,,,,,,False,False,19.644,,90.1,,75.7,,90.1,,1675,55,13,17,8,142915.0,19055.33,,Idle,,20,,10,,,20,Go Home,False,False,False,False,False,False,False,False,False,False,False,False,33.8027920380556,-117.4659261431046,1409.6,2972.0,1049.4,396.9,True,1,1,False,False,False,False,,True,False,False,Course Lock,196.8,67,16.4,93,E,S,11.4,11.4,Calm,False,False,Android,7.0.2,M300 RTK,1ZN7L4R0H1D00F,1W9DL31001461C,1ZMLH8300204F0,1Z6PH74DAP0QN7,"Corona, CA",728.3,5.7,137.7,8.547347,2.013246,0,0,DJI Matrice 300 RTK,M300 RTK,1ZN7L4R0H1D00F,1W9DL31001461C,1ZMLH8300204F0,1Z6PH74DAP0QN7,DJI Pilot,Android,7.0.2,1EF72A62-B7C3-C88D-164E-CE6F8C8424AE,1ZN7L4R0H1D00F,1W9DL31001461C,,1ZMLH8300204F0,1W9DL31001461C,,,,,
2023-11-01,11:28:13.84 AM,3m 51.5s,231.5,33.8015793623825,-117.4703438162764,133.8,133.8,17.0,1398,1658.2,5.222189,6.085134,0.894776,2.23694,-5.144962,1.342164,0,0,3.2,-0.9,3.3,-78.5,281.5,283.3,Tripod,Other,,23,5,True,,True,False,,Smart,RC,False,True,False,,,True,,False,False,False,False,False,False,False,False,False,False,0,Follow Yaw,-77.9,0,-86.8,273.2,False,False,False,False,False,,0,0,False,False,No Card,100,100,1024,1324,1174,1024,2,False,False,False,False,False,0,False,False,False,False,87,,47.436,,8787,,10044,,47.436,,True,3.956,3.956,3.956,3.956,3.956,3.956,3.956,3.956,3.956,3.956,3.956,3.956,0,,False,False,True,,,,,,,,,,,,,,,False,False,19.644,,90.1,,75.7,,90.1,,1675,55,13,17,8,142915.0,19055.33,,Idle,,20,,10,,,20,Go Home,False,False,False,False,False,False,False,False,False,False,False,False,33.8027920380556,-117.4659261431046,1410.3,2972.0,1049.4,396.9,True,1,1,False,False,False,False,,True,False,False,Course Lock,196.8,67,16.4,93,E,S,11.4,11.4,Calm,False,False,Android,7.0.2,M300 RTK,1ZN7L4R0H1D00F,1W9DL31001461C,1ZMLH8300204F0,1Z6PH74DAP0QN7,"Corona, CA",728.3,5.7,137.7,8.547347,2.013246,0,0,DJI Matrice 300 RTK,M300 RTK,1ZN7L4R0H1D00F,1W9DL31001461C,1ZMLH8300204F0,1Z6PH74DAP0QN7,DJI Pilot,Android,7.0.2,1EF72A62-B7C3-C88D-164E-CE6F8C8424AE,1ZN7L4R0H1D00F,1W9DL31001461C,,1ZMLH8300204F0,1W9DL31001461C,,,,,
2023-11-01,11:28:13.94 AM,3m 51.6s,231.6,33.8015798009892,-117.4703464030756,133.8,133.8,17.0,1398,1659.0,5.222189,6.085134,0.894776,2.23694,-5.144962,1.342164,0,0,3.5,-0.9,3.6,-78.5,281.5,281.5,Tripod,Other,,23,5,True,,True,False,,Smart,RC,False,True,False,,,True,,False,False,False,False,False,False,False,False,False,False,0,Follow Yaw,-77.9,0,-86.8,273.2,False,False,False,False,False,,0,0,False,False,No Card,100,100,1024,1320,1178,1024,2,False,False,False,False,False,0,False,False,False,False,87,,47.436,,8787,,10044,,47.436,,True,3.956,3.956,3.956,3.956,3.956,3.956,3.956,3.956,3.956,3.956,3.956,3.956,0,,False,False,True,,,,,,,,,,,,,,,False,False,19.644,,90.1,,75.7,,90.1,,1675,55,13,17,8,142915.0,19055.33,,Idle,,20,,10,,,20,Go Home,False,False,False,False,False,False,False,False,False,False,False,False,33.8027920380556,-117.4659261431046,1411.0,2972.0,1049.4,396.9,True,1,1,False,False,False,False,,True,False,False,Course Lock,196.8,67,16.4,93,E,S,11.4,11.4,Calm,False,False,Android,7.0.2,M300 RTK,1ZN7L4R0H1D00F,1W9DL31001461C,1ZMLH8300204F0,1Z6PH74DAP0QN7,"Corona, CA",728.3,5.7,137.7,8.547347,2.013246,0,0,DJI Matrice 300 RTK,M300 RTK,1ZN7L4R0H1D00F,1W9DL31001461C,1ZMLH8300204F0,1Z6PH74DAP0QN7,DJI Pilot,Android,7.0.2,1EF72A62-B7C3-C88D-164E-CE6F8C8424AE,1ZN7L4R0H1D00F,1W9DL31001461C,,1ZMLH8300204F0,1W9DL31001461C,,,,,
2023-11-01,11:28:14.02 AM,3m 51.7s,231.7,33.8015802681053,-117.4703488773909,133.8,133.8,17.0,1398,1659.8,5.222189,6.085134,0.894776,2.23694,-5.144962,1.342164,0,0,3.7,-0.8,3.7,-78.5,281.5,282.7,Tripod,Other,,23,5,True,,True,False,,Smart,RC,False,True,False,,,True,,False,False,False,False,False,False,False,False,False,False,0,Follow Yaw,-77.9,0,-86.8,273.2,False,False,False,False,False,,0,0,False,False,No Card,100,100,1024,1317,1182,1024,2,False,False,False,False,False,0,False,False,False,False,87,,47.436,,8787,,10044,,47.436,,True,3.956,3.956,3.956,3.956,3.956,3.956,3.956,3.956,3.956,3.956,3.956,3.956,0,,False,False,True,,,,,,,,,,,,,,,False,False,19.644,,90.1,,75.7,,90.1,,1675,55,13,17,8,142915.0,19055.33,,Idle,,20,,10,,,20,Go Home,False,False,False,False,False,False,False,False,False,False,False,False,33.8027920380556,-117.4659261431046,1411.7,2972.0,1049.4,396.9,True,1,1,False,False,False,False,,True,False,False,Course Lock,196.8,67,16.4,93,E,S,11.4,11.4,Calm,False,False,Android,7.0.2,M300 RTK,1ZN7L4R0H1D00F,1W9DL31001461C,1ZMLH8300204F0,1Z6PH74DAP0QN7,"Corona, CA",728.3,5.7,137.7,8.547347,2.013246,0,0,DJI Matrice 300 RTK,M300 RTK,1ZN7L4R0H1D00F,1W9DL31001461C,1ZMLH8300204F0,1Z6PH74DAP0QN7,DJI Pilot,Android,7.0.2,1EF72A62-B7C3-C88D-164E-CE6F8C8424AE,1ZN7L4R0H1D00F,1W9DL31001461C,,1ZMLH8300204F0,1W9DL31001461C,,,,,
2023-11-01,11:28:14.13 AM,3m 51.8s,231.8,33.801580706712,-117.4703514345023,133.8,133.8,17.0,1398,1660.6,5.222189,6.085134,0.894776,2.23694,-5.144962,1.342164,0,0,3.6,-0.9,3.7,-78.6,281.4,281.6,Tripod,Other,,23,5,True,,True,False,,Smart,RC,False,True,False,,,True,,False,False,False,False,False,False,False,False,False,False,0,Follow Yaw,-77.9,0,-86.8,273.2,False,False,False,False,False,,0,0,False,False,No Card,100,100,1024,1318,1180,1024,2,False,False,False,False,False,0,False,False,False,False,87,,47.436,,8787,,10044,,47.436,,True,3.956,3.956,3.956,3.956,3.956,3.956,3.956,3.956,3.956,3.956,3.956,3.956,0,,False,False,True,,,,,,,,,,,,,,,False,False,19.644,,90.1,,75.7,,90.1,,1675,55,13,17,8,142915.0,19055.33,,Idle,,20,,10,,,20,Go Home,False,False,False,False,False,False,False,False,False,False,False,False,33.8027920380556,-117.4659261431046,1412.4,2972.0,1049.4,396.9,True,1,1,False,False,False,False,,True,False,False,Course Lock,196.8,67,16.4,93,E,S,11.4,11.4,Calm,False,False,Android,7.0.2,M300 RTK,1ZN7L4R0H1D00F,1W9DL31001461C,1ZMLH8300204F0,1Z6PH74DAP0QN7,"Corona, CA",728.3,5.7,137.7,8.547347,2.013246,0,0,DJI Matrice 300 RTK,M300 RTK,1ZN7L4R0H1D00F,1W9DL31001461C,1ZMLH8300204F0,1Z6PH74DAP0QN7,DJI Pilot,Android,7.0.2,1EF72A62-B7C3-C88D-164E-CE6F8C8424AE,1ZN7L4R0H1D00F,1W9DL31001461C,,1ZMLH8300204F0,1W9DL31001461C,,,,,
2023-11-01,11:28:14.24 AM,3m 51.9s,231.9,33.801581313634,-117.4703538916646,133.8,133.8,17.0,1398,1661.4,5.222189,6.085134,0.894776,2.23694,-5.144962,1.342164,-0.223694,0,3.4,-0.9,3.5,-78.7,281.3,286.5,Tripod,Other,,23,5,True,,True,False,,Smart,RC,False,True,False,,,True,,False,False,False,False,False,False,False,False,False,False,0,Follow Yaw,-77.9,0,-86.8,273.2,False,False,False,False,False,,0,0,False,False,No Card,100,100,1024,1319,1180,1024,2,False,False,False,False,False,0,False,False,False,False,87,,47.436,,8787,,10044,,47.436,,True,3.956,3.956,3.956,3.956,3.956,3.956,3.956,3.956,3.956,3.956,3.956,3.956,0,,False,False,True,,,,,,,,,,,,,,,False,False,19.644,,90.1,,75.7,,90.1,,1675,55,13,17,8,142915.0,19055.33,,Idle,,20,,10,,,20,Go Home,False,False,False,False,False,False,False,False,False,False,False,False,33.8027920380556,-117.4659261431046,1413.0,2972.0,1049.4,396.9,True,1,1,False,False,False,False,,True,False,False,Course Lock,196.8,67,16.4,93,E,S,11.4,11.4,Calm,False,False,Android,7.0.2,M300 RTK,1ZN7L4R0H1D00F,1W9DL31001461C,1ZMLH8300204F0,1Z6PH74DAP0QN7,"Corona, CA",728.3,5.7,137.7,8.547347,2.013246,0,0,DJI Matrice 300 RTK,M300 RTK,1ZN7L4R0H1D00F,1W9DL31001461C,1ZMLH8300204F0,1Z6PH74DAP0QN7,DJI Pilot,Android,7.0.2,1EF72A62-B7C3-C88D-164E-CE6F8C8424AE,1ZN7L4R0H1D00F,1W9DL31001461C,,1ZMLH8300204F0,1W9DL31001461C,,,,,
2023-11-01,11:28:14.34 AM,3m 52.0s,232.0,33.8015817632059,-117.4703564230466,133.8,133.8,17.0,1398,1662.2,5.222189,6.085134,0.894776,2.23694,-5.144962,1.342164,-0.223694,0,3.3,-0.8,3.3,-78.7,281.3,282.0,Tripod,Other,,23,5,True,,True,False,,Smart,RC,False,True,False,,,True,,False,False,False,False,False,False,False,False,False,False,0,Follow Yaw,-77.9,0,-86.8,273.2,False,False,False,False,False,,0,0,False,False,No Card,100,100,1024,1315,1184,1024,2,False,False,False,False,False,0,False,False,False,False,87,,47.472,,4337,,4986,,47.472,,True,3.956,3.956,3.956,3.956,3.956,3.956,3.956,3.956,3.956,3.956,3.956,3.956,0,,False,False,True,,,,,,,,,,,,,,,False,False,9.334,,89.7,,75.7,,90.1,,1675,55,13,17,8,142915.0,19055.33,,Idle,,20,,10,,,20,Go Home,False,False,False,False,False,False,False,False,False,False,False,False,33.8027920380556,-117.4659261431046,1413.7,2972.0,1049.4,396.9,True,1,1,False,False,False,False,,True,False,False,Course Lock,196.8,67,16.4,93,E,S,11.4,11.4,Calm,False,False,Android,7.0.2,M300 RTK,1ZN7L4R0H1D00F,1W9DL31001461C,1ZMLH8300204F0,1Z6PH74DAP0QN7,"Corona, CA",728.3,5.7,137.7,8.547347,2.013246,0,0,DJI Matrice 300 RTK,M300 RTK,1ZN7L4R0H1D00F,1W9DL31001461C,1ZMLH8300204F0,1Z6PH74DAP0QN7,DJI Pilot,Android,7.0.2,1EF72A62-B7C3-C88D-164E-CE6F8C8424AE,1ZN7L4R0H1D00F,1W9DL31001461C,,1ZMLH8300204F0,1W9DL31001461C,,,,,
2023-11-01,11:28:14.44 AM,3m 52.1s,232.1,33.801582228129,-117.4703590421726,133.8,133.8,17.0,1398,1663.0,5.222189,6.085134,0.894776,2.23694,-5.144962,1.342164,-0.223694,0,3.3,-0.8,3.3,-78.7,281.3,282.0,Tripod,Other,,23,5,True,,True,False,,Smart,RC,False,True,False,,,True,,False,False,False,False,False,False,False,False,False,False,0,Follow Yaw,-77.9,0,-86.8,273.2,False,False,False,False,False,,0,0,False,False,No Card,100,100,1024,1320,1180,1024,2,False,False,False,False,False,0,False,False,False,False,87,,47.472,,4337,,4986,,47.472,,True,3.956,3.956,3.956,3.956,3.956,3.956,3.956,3.956,3.956,3.956,3.956,3.956,0,,False,False,True,,,,,,,,,,,,,,,False,False,9.334,,89.7,,75.7,,90.1,,1675,55,13,17,8,142915.0,19055.33,,Idle,,20,,10,,,20,Go Home,False,False,False,False,False,False,False,False,False,False,False,False,33.8027920380556,-117.4659261431046,1414.4,2972.0,1049.4,396.9,True,1,1,False,False,False,False,,True,False,False,Course Lock,196.8,67,16.4,93,E,S,11.4,11.4,Calm,False,False,Android,7.0.2,M300 RTK,1ZN7L4R0H1D00F,1W9DL31001461C,1ZMLH8300204F0,1Z6PH74DAP0QN7,"Corona, CA",728.3,5.7,137.7,8.547347,2.013246,0,0,DJI Matrice 300 RTK,M300 RTK,1ZN7L4R0H1D00F,1W9DL31001461C,1ZMLH8300204F0,1Z6PH74DAP0QN7,DJI Pilot,Android,7.0.2,1EF72A62-B7C3-C88D-164E-CE6F8C8424AE,1ZN7L4R0H1D00F,1W9DL31001461C,,1ZMLH8300204F0,1W9DL31001461C,,,,,
2023-11-01,11:28:14.54 AM,3m 52.2s,232.2,33.801582688666,-117.4703615666273,133.8,133.8,17.0,1398,1663.8,5.265131,6.085134,1.11847,2.23694,-5.144962,1.342164,-0.223694,0,3.5,-0.9,3.6,-78.6,281.4,282.3,Tripod,Other,,23,5,True,,True,False,,Smart,RC,False,True,False,,,True,,False,False,False,False,False,False,False,False,False,False,0,Follow Yaw,-77.9,0,-86.8,273.2,False,False,False,False,False,,0,0,False,False,No Card,100,100,1024,1322,1180,1024,2,False,False,False,False,False,0,False,False,False,False,87,,47.472,,4337,,4986,,47.472,,True,3.956,3.956,3.956,3.956,3.956,3.956,3.956,3.956,3.956,3.956,3.956,3.956,0,,False,False,True,,,,,,,,,,,,,,,False,False,9.334,,89.7,,75.7,,90.1,,1675,55,13,17,8,142915.0,19055.33,,Idle,,20,,10,,,20,Go Home,False,False,False,False,False,False,False,False,False,False,False,False,33.8027920380556,-117.4659261431046,1415.1,2972.0,1049.4,396.9,True,1,1,False,False,False,False,,True,False,False,Course Lock,196.8,67,16.4,93,E,S,11.4,11.4,Calm,False,False,Android,7.0.2,M300 RTK,1ZN7L4R0H1D00F,1W9DL31001461C,1ZMLH8300204F0,1Z6PH74DAP0QN7,"Corona, CA",728.3,5.7,137.7,8.547347,2.013246,0,0,DJI Matrice 300 RTK,M300 RTK,1ZN7L4R0H1D00F,1W9DL31001461C,1ZMLH8300204F0,1Z6PH74DAP0QN7,DJI Pilot,Android,7.0.2,1EF72A62-B7C3-C88D-164E-CE6F8C8424AE,1ZN7L4R0H1D00F,1W9DL31001461C,,1ZMLH8300204F0,1W9DL31001461C,,,,,
2023-11-01,11:28:14.64 AM,3m 52.3s,232.3,33.8015831393344,-117.4703642240176,134.1,134.1,17.0,1398,1664.6,5.222189,6.085134,0.894776,2.23694,-5.144962,1.342164,-0.223694,0,3.6,-1.1,3.7,-78.5,281.5,281.5,Tripod,Other,,23,5,True,,True,False,,Smart,RC,False,True,False,,,True,,False,False,False,False,False,False,False,False,False,False,0,Follow Yaw,-77.9,0,-86.8,273.2,False,False,False,False,False,,0,0,False,False,No Card,100,100,1024,1320,1181,1024,2,False,False,False,False,False,0,False,False,False,False,87,,47.472,,4337,,4986,,47.472,,True,3.956,3.956,3.956,3.956,3.956,3.956,3.956,3.956,3.956,3.956,3.956,3.956,0,,False,False,True,,,,,,,,,,,,,,,False,False,9.334,,89.7,,75.7,,90.1,,1673,55,13,17,8,143450.2,19126.69,,Idle,,20,,10,,,20,Go Home,False,False,False,False,False,False,False,False,False,False,False,False,33.8027920380556,-117.4659261431046,1415.8,2972.0,1049.4,396.9,True,1,1,False,False,False,False,,True,False,False,Course Lock,196.8,67,16.4,93,E,S,11.4,11.4,Calm,False,False,Android,7.0.2,M300 RTK,1ZN7L4R0H1D00F,1W9DL31001461C,1ZMLH8300204F0,1Z6PH74DAP0QN7,"Corona, CA",728.3,5.7,137.7,8.547347,2.013246,0,0,DJI Matrice 300 RTK,M300 RTK,1ZN7L4R0H1D00F,1W9DL31001461C,1ZMLH8300204F0,1Z6PH74DAP0QN7,DJI Pilot,Android,7.0.2,1EF72A62-B7C3-C88D-164E-CE6F8C8424AE,1ZN7L4R0H1D00F,1W9DL31001461C,,1ZMLH8300204F0,1W9DL31001461C,,,,,
2023-11-01,11:28:14.75 AM,3m 52.4s,232.4,33.8015835878097,-117.4703667474827,134.1,134.1,17.0,1398,1665.4,5.222189,6.085134,0.894776,2.23694,-5.144962,1.342164,-0.223694,0,3.4,-1.2,3.6,-78.3,281.7,282.0,Tripod,Other,,23,5,True,,True,False,,Smart,RC,False,True,False,,,True,,False,False,False,False,False,False,False,False,False,False,0,Follow Yaw,-77.9,0,-86.8,273.2,False,False,False,False,False,,0,0,False,False,No Card,100,100,1024,1316,1184,1024,2,False,False,False,False,False,0,False,False,False,False,87,,47.472,,4337,,4986,,47.472,,True,3.956,3.956,3.956,3.956,3.956,3.956,3.956,3.956,3.956,3.956,3.956,3.956,0,,False,False,True,,,,,,,,,,,,,,,False,False,9.334,,89.7,,75.7,,90.1,,1673,55,13,17,8,143450.2,19126.69,,Idle,,20,,10,,,20,Go Home,False,False,False,False,False,False,False,False,False,False,False,False,33.8027920380556,-117.4659261431046,1416.5,2972.0,1049.4,396.9,True,1,1,False,False,False,False,,True,False,False,Course Lock,196.8,67,16.4,93,E,S,11.4,11.4,Calm,False,False,Android,7.0.2,M300 RTK,1ZN7L4R0H1D00F,1W9DL31001461C,1ZMLH8300204F0,1Z6PH74DAP0QN7,"Corona, CA",728.3,5.7,137.7,8.547347,2.013246,0,0,DJI Matrice 300 RTK,M300 RTK,1ZN7L4R0H1D00F,1W9DL31001461C,1ZMLH8300204F0,1Z6PH74DAP0QN7,DJI Pilot,Android,7.0.2,1EF72A62-B7C3-C88D-164E-CE6F8C8424AE,1ZN7L4R0H1D00F,1W9DL31001461C,,1ZMLH8300204F0,1W9DL31001461C,,,,,
2023-11-01,11:28:14.85 AM,3m 52.5s,232.5,33.8015840395746,-117.4703694767835,134.1,134.1,17.3,1398,1666.2,5.001949,6.085134,0.894776,2.23694,-4.921268,1.342164,-0.223694,0,3.2,-1.2,3.4,-78.2,281.8,281.2,Tripod,Other,,23,5,True,,True,False,,Smart,RC,False,True,False,,,True,,False,False,False,False,False,False,False,False,False,False,0,Follow Yaw,-77.9,0,-86.8,273.2,False,False,False,False,False,,0,0,False,False,No Card,100,100,1024,1315,1184,1024,2,False,False,False,False,False,0,False,False,False,False,87,,47.472,,4337,,4986,,47.472,,True,3.956,3.956,3.956,3.956,3.956,3.956,3.956,3.956,3.956,3.956,3.956,3.956,0,,False,False,True,,,,,,,,,,,,,,,False,False,9.334,,89.7,,75.7,,90.1,,1673,55,13,17,8,143450.2,19126.69,,Idle,,20,,10,,,20,Go Home,False,False,False,False,False,False,False,False,False,False,False,False,33.8027920380556,-117.4659261431046,1417.2,2972.0,1049.4,396.9,True,1,1,False,False,False,False,,True,False,False,Course Lock,196.8,67,16.4,93,E,S,11.4,11.4,Calm,False,False,Android,7.0.2,M300 RTK,1ZN7L4R0H1D00F,1W9DL31001461C,1ZMLH8300204F0,1Z6PH74DAP0QN7,"Corona, CA",728.3,5.7,137.7,8.547347,2.013246,0,0,DJI Matrice 300 RTK,M300 RTK,1ZN7L4R0H1D00F,1W9DL31001461C,1ZMLH8300204F0,1Z6PH74DAP0QN7,DJI Pilot,Android,7.0.2,1EF72A62-B7C3-C88D-164E-CE6F8C8424AE,1ZN7L4R0H1D00F,1W9DL31001461C,,1ZMLH8300204F0,1W9DL31001461C,,,,,
2023-11-01,11:28:14.95 AM,3m 52.6s,232.6,33.8015844694092,-117.470372011794,134.1,134.1,17.3,1398,1667.0,5.001949,6.085134,0.894776,2.23694,-4.921268,1.342164,-0.223694,0,2.9,-1.1,3.1,-78.2,281.8,281.5,Tripod,Other,,23,5,True,,True,False,,Smart,RC,False,True,False,,,True,,False,False,False,False,False,False,False,False,False,False,0,Follow Yaw,-77.9,0,-86.8,273.2,False,False,False,False,False,,0,0,False,False,No Card,100,100,1024,1310,1188,1024,2,False,False,False,False,False,0,False,False,False,False,87,,47.472,,4337,,4986,,47.472,,True,3.956,3.956,3.956,3.956,3.956,3.956,3.956,3.956,3.956,3.956,3.956,3.956,0,,False,False,True,,,,,,,,,,,,,,,False,False,9.334,,89.7,,75.7,,90.1,,1673,55,13,17,8,143450.2,19126.69,,Idle,,20,,10,,,20,Go Home,False,False,False,False,False,False,False,False,False,False,False,False,33.8027920380556,-117.4659261431046,1417.9,2972.0,1049.4,396.9,True,1,1,False,False,False,False,,True,False,False,Course Lock,196.8,67,16.4,93,E,S,11.4,11.4,Calm,False,False,Android,7.0.2,M300 RTK,1ZN7L4R0H1D00F,1W9DL31001461C,1ZMLH8300204F0,1Z6PH74DAP0QN7,"Corona, CA",728.3,5.7,137.7,8.547347,2.013246,0,0,DJI Matrice 300 RTK,M300 RTK,1ZN7L4R0H1D00F,1W9DL31001461C,1ZMLH8300204F0,1Z6PH74DAP0QN7,DJI Pilot,Android,7.0.2,1EF72A62-B7C3-C88D-164E-CE6F8C8424AE,1ZN7L4R0H1D00F,1W9DL31001461C,,1ZMLH8300204F0,1W9DL31001461C,,,,,
2023-11-01,11:28:15.04 AM,3m 52.7s,232.7,33.8015850346635,-117.47037441123,134.1,134.1,17.3,1398,1667.8,5.222189,6.085134,0.894776,2.23694,-5.144962,1.342164,-0.223694,0,2.7,-1,2.8,-78.2,281.8,285.8,Tripod,Other,,23,5,True,,True,False,,Smart,RC,False,True,False,,,True,,False,False,False,False,False,False,False,False,False,False,0,Follow Yaw,-77.9,0,-86.8,273.2,False,False,False,False,False,,0,0,False,False,No Card,100,100,1024,1311,1188,1024,2,False,False,False,False,False,0,False,False,False,False,87,,47.472,,4337,,4986,,47.472,,True,3.956,3.956,3.956,3.956,3.956,3.956,3.956,3.956,3.956,3.956,3.956,3.956,0,,False,False,True,,,,,,,,,,,,,,,False,False,9.334,,89.7,,75.7,,90.1,,1673,55,13,17,8,143450.2,19126.69,,Idle,,20,,10,,,20,Go Home,False,False,False,False,False,False,False,False,False,False,False,False,33.8027920380556,-117.4659261431046,1418.5,2972.0,1049.4,396.9,True,1,1,False,False,False,False,,True,False,False,Course Lock,196.8,67,16.4,93,E,S,11.4,11.4,Calm,False,False,Android,7.0.2,M300 RTK,1ZN7L4R0H1D00F,1W9DL31001461C,1ZMLH8300204F0,1Z6PH74DAP0QN7,"Corona, CA",728.3,5.7,137.7,8.547347,2.013246,0,0,DJI Matrice 300 RTK,M300 RTK,1ZN7L4R0H1D00F,1W9DL31001461C,1ZMLH8300204F0,1Z6PH74DAP0QN7,DJI Pilot,Android,7.0.2,1EF72A62-B7C3-C88D-164E-CE6F8C8424AE,1ZN7L4R0H1D00F,1W9DL31001461C,,1ZMLH8300204F0,1W9DL31001461C,,,,,
2023-11-01,11:28:15.16 AM,3m 52.8s,232.8,33.801585455726,-117.470376944921,134.1,134.1,17.3,1398,1668.5,5.222189,6.085134,0.894776,2.23694,-5.144962,1.342164,-0.223694,0,2.6,-1,2.7,-78.3,281.7,281.3,Tripod,Other,,23,5,True,,True,False,,Smart,RC,False,True,False,,,True,,False,False,False,False,False,False,False,False,False,False,0,Follow Yaw,-77.9,0,-86.8,273.2,False,False,False,False,False,,0,0,False,False,No Card,100,100,1024,1313,1184,1024,2,False,False,False,False,False,0,False,False,False,False,87,,47.472,,4337,,4986,,47.472,,True,3.956,3.956,3.956,3.956,3.956,3.956,3.956,3.956,3.956,3.956,3.956,3.956,0,,False,False,True,,,,,,,,,,,,,,,False,False,9.334,,89.7,,75.7,,90.1,,1673,55,13,17,8,143450.2,19126.69,,Idle,,20,,10,,,20,Go Home,False,False,False,False,False,False,False,False,False,False,False,False,33.8027920380556,-117.4659261431046,1419.2,2972.0,1049.4,396.9,True,1,1,False,False,False,False,,True,False,False,Course Lock,196.8,67,16.4,93,E,S,11.4,11.4,Calm,False,False,Android,7.0.2,M300 RTK,1ZN7L4R0H1D00F,1W9DL31001461C,1ZMLH8300204F0,1Z6PH74DAP0QN7,"Corona, CA",728.3,5.7,137.7,8.547347,2.013246,0,0,DJI Matrice 300 RTK,M300 RTK,1ZN7L4R0H1D00F,1W9DL31001461C,1ZMLH8300204F0,1Z6PH74DAP0QN7,DJI Pilot,Android,7.0.2,1EF72A62-B7C3-C88D-164E-CE6F8C8424AE,1ZN7L4R0H1D00F,1W9DL31001461C,,1ZMLH8300204F0,1W9DL31001461C,,,,,
2023-11-01,11:28:15.26 AM,3m 52.9s,232.9,33.8015857512372,-117.4703796184747,134.1,134.1,17.3,1398,1669.4,5.222189,6.085134,0.894776,2.23694,-5.144962,1.342164,-0.223694,0,2.9,-0.9,3,-78.4,281.6,277.5,Tripod,Other,,23,5,True,,True,False,,Smart,RC,False,True,False,,,True,,False,False,False,False,False,False,False,False,False,False,0,Follow Yaw,-77.9,0,-86.8,273.2,False,False,False,False,False,,0,0,False,False,No Card,100,100,1024,1312,1184,1024,2,False,False,False,False,False,0,False,False,False,False,87,,47.472,,4337,,4986,,47.472,,True,3.956,3.956,3.956,3.956,3.956,3.956,3.956,3.956,3.956,3.956,3.956,3.956,0,,False,False,True,,,,,,,,,,,,,,,False,False,9.334,,89.7,,75.7,,90.1,,1673,55,13,17,8,143450.2,19126.69,,Idle,,20,,10,,,20,Go Home,False,False,False,False,False,False,False,False,False,False,False,False,33.8027920380556,-117.4659261431046,1419.9,2972.0,1049.4,396.9,True,1,1,False,False,False,False,,True,False,False,Course Lock,196.8,67,16.4,93,E,S,11.4,11.4,Calm,False,False,Android,7.0.2,M300 RTK,1ZN7L4R0H1D00F,1W9DL31001461C,1ZMLH8300204F0,1Z6PH74DAP0QN7,"Corona, CA",728.3,5.7,137.7,8.547347,2.013246,0,0,DJI Matrice 300 RTK,M300 RTK,1ZN7L4R0H1D00F,1W9DL31001461C,1ZMLH8300204F0,1Z6PH74DAP0QN7,DJI Pilot,Android,7.0.2,1EF72A62-B7C3-C88D-164E-CE6F8C8424AE,1ZN7L4R0H1D00F,1W9DL31001461C,,1ZMLH8300204F0,1W9DL31001461C,,,,,
2023-11-01,11:28:15.37 AM,3m 53.0s,233.0,33.801586145435,-117.4703821736069,134.1,134.1,17.3,1398,1670.1,5.222189,6.085134,0.894776,2.23694,-5.144962,1.342164,-0.223694,0,3,-0.8,3.1,-78.4,281.6,280.5,Tripod,Other,,23,5,True,,True,False,,Smart,RC,False,True,False,,,True,,False,False,False,False,False,False,False,False,False,False,0,Follow Yaw,-77.9,0,-86.8,273.2,False,False,False,False,False,,0,0,False,False,No Card,100,100,1024,1312,1185,1024,2,False,False,False,False,False,0,False,False,False,False,87,,47.436,,8737,,10044,,47.436,,True,3.956,3.956,3.956,3.956,3.956,3.956,3.956,3.956,3.956,3.956,3.956,3.956,0,,False,False,True,,,,,,,,,,,,,,,False,False,19.502,,90.3,,75.7,,90.3,,1673,55,13,17,8,143450.2,19126.69,,Idle,,20,,10,,,20,Go Home,False,False,False,False,False,False,False,False,False,False,False,False,33.8027920380556,-117.4659261431046,1420.6,2972.0,1049.4,396.9,True,1,1,False,False,False,False,,True,False,False,Course Lock,196.8,67,16.4,93,E,S,11.4,11.4,Calm,False,False,Android,7.0.2,M300 RTK,1ZN7L4R0H1D00F,1W9DL31001461C,1ZMLH8300204F0,1Z6PH74DAP0QN7,"Corona, CA",728.3,5.7,137.7,8.547347,2.013246,0,0,DJI Matrice 300 RTK,M300 RTK,1ZN7L4R0H1D00F,1W9DL31001461C,1ZMLH8300204F0,1Z6PH74DAP0QN7,DJI Pilot,Android,7.0.2,1EF72A62-B7C3-C88D-164E-CE6F8C8424AE,1ZN7L4R0H1D00F,1W9DL31001461C,,1ZMLH8300204F0,1W9DL31001461C,,,,,
2023-11-01,11:28:15.47 AM,3m 53.1s,233.1,33.8015864453323,-117.4703847825071,134.5,134.5,17.3,1398,1670.9,5.222189,6.085134,0.894776,2.23694,-5.144962,1.342164,-0.223694,0,3,-0.7,3,-78.4,281.6,277.8,Tripod,Other,,23,5,True,,True,False,,Smart,RC,False,True,False,,,True,,False,False,False,False,False,False,False,False,False,False,0,Follow Yaw,-77.9,0,-86.8,273.2,False,False,False,False,False,,0,0,False,False,No Card,100,100,1024,1313,1183,1024,2,False,False,False,False,False,0,False,False,False,False,87,,47.436,,8737,,10044,,47.436,,True,3.956,3.956,3.956,3.956,3.956,3.956,3.956,3.956,3.956,3.956,3.956,3.956,0,,False,False,True,,,,,,,,,,,,,,,False,False,19.502,,90.3,,75.7,,90.3,,1673,55,13,17,8,143450.2,19126.69,,Idle,,20,,10,,,20,Go Home,False,False,False,False,False,False,False,False,False,False,False,False,33.8027920380556,-117.4659261431046,1421.3,2972.0,1049.4,396.9,True,1,1,False,False,False,False,,True,False,False,Course Lock,196.8,67,16.4,93,E,S,11.4,11.4,Calm,False,False,Android,7.0.2,M300 RTK,1ZN7L4R0H1D00F,1W9DL31001461C,1ZMLH8300204F0,1Z6PH74DAP0QN7,"Corona, CA",728.3,5.7,137.7,8.547347,2.013246,0,0,DJI Matrice 300 RTK,M300 RTK,1ZN7L4R0H1D00F,1W9DL31001461C,1ZMLH8300204F0,1Z6PH74DAP0QN7,DJI Pilot,Android,7.0.2,1EF72A62-B7C3-C88D-164E-CE6F8C8424AE,1ZN7L4R0H1D00F,1W9DL31001461C,,1ZMLH8300204F0,1W9DL31001461C,,,,,
2023-11-01,11:28:15.57 AM,3m 53.2s,233.2,33.8015868269201,-117.4703873472054,134.5,134.5,17.3,1398,1671.7,5.222189,6.085134,0.894776,2.23694,-5.144962,1.342164,-0.223694,0,2.9,-0.5,2.9,-78.5,281.5,280.1,Tripod,Other,,23,5,True,,True,False,,Smart,RC,False,True,False,,,True,,False,False,False,False,False,False,False,False,False,False,0,Follow Yaw,-77.9,0,-86.8,273.2,False,False,False,False,False,,0,0,False,False,No Card,100,100,1024,1317,1180,1024,2,False,False,False,False,False,0,False,False,False,False,87,,47.436,,8737,,10044,,47.436,,True,3.956,3.956,3.956,3.956,3.956,3.956,3.956,3.956,3.956,3.956,3.956,3.956,0,,False,False,True,,,,,,,,,,,,,,,False,False,19.502,,90.3,,75.7,,90.3,,1673,55,13,17,8,143450.2,19126.69,,Idle,,20,,10,,,20,Go Home,False,False,False,False,False,False,False,False,False,False,False,False,33.8027920380556,-117.4659261431046,1422.0,2972.0,1049.4,396.9,True,1,1,False,False,False,False,,True,False,False,Course Lock,196.8,67,16.4,93,E,S,11.4,11.4,Calm,False,False,Android,7.0.2,M300 RTK,1ZN7L4R0H1D00F,1W9DL31001461C,1ZMLH8300204F0,1Z6PH74DAP0QN7,"Corona, CA",728.3,5.7,137.7,8.547347,2.013246,0,0,DJI Matrice 300 RTK,M300 RTK,1ZN7L4R0H1D00F,1W9DL31001461C,1ZMLH8300204F0,1Z6PH74DAP0QN7,DJI Pilot,Android,7.0.2,1EF72A62-B7C3-C88D-164E-CE6F8C8424AE,1ZN7L4R0H1D00F,1W9DL31001461C,,1ZMLH8300204F0,1W9DL31001461C,,,,,
2023-11-01,11:28:15.68 AM,3m 53.3s,233.3,33.8015871838363,-117.4703897420233,134.5,134.5,17.3,1398,1672.5,5.222189,6.085134,0.894776,2.23694,-5.144962,1.342164,-0.223694,0,2.9,-0.4,2.9,-78.5,281.5,280.1,Tripod,Other,,23,5,True,,True,False,,Smart,RC,False,True,False,,,True,,False,False,False,False,False,False,False,False,False,False,0,Follow Yaw,-77.9,0,-86.8,273.2,False,False,False,False,False,,0,0,False,False,No Card,100,100,1024,1314,1182,1024,2,False,False,False,False,False,0,False,False,False,False,87,,47.436,,8737,,10044,,47.436,,True,3.958,3.958,3.958,3.958,3.958,3.958,3.958,3.958,3.958,3.958,3.958,3.958,0,,False,False,True,,,,,,,,,,,,,,,False,False,19.502,,90.3,,75.7,,90.3,,1669,55,13,17,8,143887.3,19184.98,,Idle,,20,,10,,,20,Go Home,False,False,False,False,False,False,False,False,False,False,False,False,33.8027920380556,-117.4659261431046,1422.7,2972.0,1049.4,396.9,True,1,1,False,False,False,False,,True,False,False,Course Lock,196.8,67,16.4,93,E,S,11.4,11.4,Calm,False,False,Android,7.0.2,M300 RTK,1ZN7L4R0H1D00F,1W9DL31001461C,1ZMLH8300204F0,1Z6PH74DAP0QN7,"Corona, CA",728.3,5.7,137.7,8.547347,2.013246,0,0,DJI Matrice 300 RTK,M300 RTK,1ZN7L4R0H1D00F,1W9DL31001461C,1ZMLH8300204F0,1Z6PH74DAP0QN7,DJI Pilot,Android,7.0.2,1EF72A62-B7C3-C88D-164E-CE6F8C8424AE,1ZN7L4R0H1D00F,1W9DL31001461C,,1ZMLH8300204F0,1W9DL31001461C,,,,,
2023-11-01,11:28:15.74 AM,3m 53.4s,233.4,33.8015875572003,-117.4703922951764,134.5,134.5,17.3,1398,1673.3,5.222189,6.085134,0.894776,2.23694,-5.144962,1.342164,-0.223694,0,3,-0.3,3,-78.5,281.5,279.9,Tripod,Other,,23,5,True,,True,False,,Smart,RC,False,True,False,,,True,,False,False,False,False,False,False,False,False,False,False,0,Follow Yaw,-77.9,0,-86.8,273.2,False,False,False,False,False,,0,0,False,False,No Card,100,100,1024,1313,1181,1024,2,False,False,False,False,False,0,False,False,False,False,87,,47.436,,8737,,10044,,47.436,,True,3.958,3.958,3.958,3.958,3.958,3.958,3.958,3.958,3.958,3.958,3.958,3.958,0,,False,False,True,,,,,,,,,,,,,,,False,False,19.502,,90.3,,75.7,,90.3,,1669,55,13,17,8,143887.3,19184.98,,Idle,,20,,10,,,20,Go Home,False,False,False,False,False,False,False,False,False,False,False,False,33.8027920380556,-117.4659261431046,1423.4,2972.0,1049.4,396.9,True,1,1,False,False,False,False,,True,False,False,Course Lock,196.8,67,16.4,93,E,S,11.4,11.4,Calm,False,False,Android,7.0.2,M300 RTK,1ZN7L4R0H1D00F,1W9DL31001461C,1ZMLH8300204F0,1Z6PH74DAP0QN7,"Corona, CA",728.3,5.7,137.7,8.547347,2.013246,0,0,DJI Matrice 300 RTK,M300 RTK,1ZN7L4R0H1D00F,1W9DL31001461C,1ZMLH8300204F0,1Z6PH74DAP0QN7,DJI Pilot,Android,7.0.2,1EF72A62-B7C3-C88D-164E-CE6F8C8424AE,1ZN7L4R0H1D00F,1W9DL31001461C,,1ZMLH8300204F0,1W9DL31001461C,,,,,
2023-11-01,11:28:15.84 AM,3m 53.5s,233.5,33.8015877841792,-117.470394629629,134.5,134.5,17.3,1398,1674.0,5.222189,6.085134,0.894776,2.23694,-5.144962,1.342164,-0.223694,0,3,-0.2,3,-78.5,281.5,276.6,Tripod,Other,,23,5,True,,True,False,,Smart,RC,False,True,False,,,True,,False,False,False,False,False,False,False,False,False,False,0,Follow Yaw,-77.9,0,-86.8,273.2,False,False,False,False,False,,0,0,False,False,No Card,100,100,1024,1314,1180,1024,2,False,False,False,False,False,0,False,False,False,False,87,,47.436,,8737,,10044,,47.436,,True,3.958,3.958,3.958,3.958,3.958,3.958,3.958,3.958,3.958,3.958,3.958,3.958,0,,False,False,True,,,,,,,,,,,,,,,False,False,19.502,,90.3,,75.7,,90.3,,1669,55,13,17,8,143887.3,19184.98,,Idle,,20,,10,,,20,Go Home,False,False,False,False,False,False,False,False,False,False,False,False,33.8027920380556,-117.4659261431046,1424.0,2972.0,1049.4,396.9,True,1,1,False,False,False,False,,True,False,False,Course Lock,196.8,67,16.4,93,E,S,11.4,11.4,Calm,False,False,Android,7.0.2,M300 RTK,1ZN7L4R0H1D00F,1W9DL31001461C,1ZMLH8300204F0,1Z6PH74DAP0QN7,"Corona, CA",728.3,5.7,137.7,8.547347,2.013246,0,0,DJI Matrice 300 RTK,M300 RTK,1ZN7L4R0H1D00F,1W9DL31001461C,1ZMLH8300204F0,1Z6PH74DAP0QN7,DJI Pilot,Android,7.0.2,1EF72A62-B7C3-C88D-164E-CE6F8C8424AE,1ZN7L4R0H1D00F,1W9DL31001461C,,1ZMLH8300204F0,1W9DL31001461C,,,,,
2023-11-01,11:28:15.94 AM,3m 53.6s,233.6,33.8015881569949,-117.4703971570526,134.5,134.5,17.3,1398,1674.7,5.222189,6.085134,0.894776,2.23694,-5.144962,1.342164,-0.223694,0,3.1,-0.2,3.1,-78.5,281.5,280.0,Tripod,Other,,23,5,True,,True,False,,Smart,RC,False,True,False,,,True,,False,False,False,False,False,False,False,False,False,False,0,Follow Yaw,-77.9,0,-86.8,273.2,False,False,False,False,False,,0,0,False,False,No Card,100,100,1024,1311,1181,1024,2,False,False,False,False,False,0,False,False,False,False,87,,47.436,,8737,,10044,,47.436,,True,3.958,3.958,3.958,3.958,3.958,3.958,3.958,3.958,3.958,3.958,3.958,3.958,0,,False,False,True,,,,,,,,,,,,,,,False,False,19.502,,90.3,,75.7,,90.3,,1669,55,13,17,8,143887.3,19184.98,,Idle,,20,,10,,,20,Go Home,False,False,False,False,False,False,False,False,False,False,False,False,33.8027920380556,-117.4659261431046,1424.7,2972.0,1049.4,396.9,True,1,1,False,False,False,False,,True,False,False,Course Lock,196.8,67,16.4,93,E,S,11.4,11.4,Calm,False,False,Android,7.0.2,M300 RTK,1ZN7L4R0H1D00F,1W9DL31001461C,1ZMLH8300204F0,1Z6PH74DAP0QN7,"Corona, CA",728.3,5.7,137.7,8.547347,2.013246,0,0,DJI Matrice 300 RTK,M300 RTK,1ZN7L4R0H1D00F,1W9DL31001461C,1ZMLH8300204F0,1Z6PH74DAP0QN7,DJI Pilot,Android,7.0.2,1EF72A62-B7C3-C88D-164E-CE6F8C8424AE,1ZN7L4R0H1D00F,1W9DL31001461C,,1ZMLH8300204F0,1W9DL31001461C,,,,,
2023-11-01,11:28:16.04 AM,3m 53.7s,233.7,33.801588641107,-117.4703995673742,134.5,134.5,17.3,1398,1675.5,5.222189,6.085134,0.894776,2.23694,-5.144962,1.342164,-0.223694,0,3.2,-0.1,3.2,-78.4,281.6,283.5,Tripod,Other,,23,5,True,,True,False,,Smart,RC,False,True,False,,,True,,False,False,False,False,False,False,False,False,False,False,0,Follow Yaw,-77.9,0,-86.8,273.2,False,False,False,False,False,,0,0,False,False,No Card,100,100,1024,1310,1183,1024,2,False,False,False,False,False,0,False,False,False,False,87,,47.436,,8737,,10044,,47.436,,True,3.958,3.958,3.958,3.958,3.958,3.958,3.958,3.958,3.958,3.958,3.958,3.958,0,,False,False,True,,,,,,,,,,,,,,,False,False,19.502,,90.3,,75.7,,90.3,,1669,55,13,17,8,143887.3,19184.98,,Idle,,20,,10,,,20,Go Home,False,False,False,False,False,False,False,False,False,False,False,False,33.8027920380556,-117.4659261431046,1425.3,2972.0,1049.4,396.9,True,1,1,False,False,False,False,,True,False,False,Course Lock,196.8,67,16.4,93,E,S,11.4,11.4,Calm,False,False,Android,7.0.2,M300 RTK,1ZN7L4R0H1D00F,1W9DL31001461C,1ZMLH8300204F0,1Z6PH74DAP0QN7,"Corona, CA",728.3,5.7,137.7,8.547347,2.013246,0,0,DJI Matrice 300 RTK,M300 RTK,1ZN7L4R0H1D00F,1W9DL31001461C,1ZMLH8300204F0,1Z6PH74DAP0QN7,DJI Pilot,Android,7.0.2,1EF72A62-B7C3-C88D-164E-CE6F8C8424AE,1ZN7L4R0H1D00F,1W9DL31001461C,,1ZMLH8300204F0,1W9DL31001461C,,,,,
2023-11-01,11:28:16.14 AM,3m 53.8s,233.8,33.8015890276292,-117.4704020723669,134.5,134.5,17.3,1398,1676.3,5.222189,6.085134,0.894776,2.23694,-5.144962,1.342164,-0.223694,0,3.2,-0.3,3.2,-78.4,281.6,280.5,Tripod,Other,,23,5,True,,True,False,,Smart,RC,False,True,False,,,True,,False,False,False,False,False,False,False,False,False,False,0,Follow Yaw,-77.9,0,-86.8,273.2,False,False,False,False,False,,0,0,False,False,No Card,100,100,1024,1311,1181,1024,2,False,False,False,False,False,0,False,False,False,False,87,,47.412,,4337,,4986,,47.412,,True,3.958,3.958,3.958,3.958,3.958,3.958,3.958,3.958,3.958,3.958,3.958,3.958,0,,False,False,True,,,,,,,,,,,,,,,False,False,9.468,,89.9,,75.7,,90.3,,1669,55,13,17,8,143887.3,19184.98,,Idle,,20,,10,,,20,Go Home,False,False,False,False,False,False,False,False,False,False,False,False,33.8027920380556,-117.4659261431046,1426.0,2972.0,1049.4,396.9,True,1,1,False,False,False,False,,True,False,False,Course Lock,196.8,67,16.4,93,E,S,11.4,11.4,Calm,False,False,Android,7.0.2,M300 RTK,1ZN7L4R0H1D00F,1W9DL31001461C,1ZMLH8300204F0,1Z6PH74DAP0QN7,"Corona, CA",728.3,5.7,137.7,8.547347,2.013246,0,0,DJI Matrice 300 RTK,M300 RTK,1ZN7L4R0H1D00F,1W9DL31001461C,1ZMLH8300204F0,1Z6PH74DAP0QN7,DJI Pilot,Android,7.0.2,1EF72A62-B7C3-C88D-164E-CE6F8C8424AE,1ZN7L4R0H1D00F,1W9DL31001461C,,1ZMLH8300204F0,1W9DL31001461C,,,,,
2023-11-01,11:28:16.24 AM,3m 53.9s,233.9,33.8015893713872,-117.4704048475189,134.5,134.5,17.3,1398,1677.1,5.001949,6.085134,0.894776,2.23694,-4.921268,1.342164,-0.223694,0,3,-0.7,3,-78.4,281.6,278.4,Tripod,Other,,23,5,True,,True,False,,Smart,RC,False,True,False,,,True,,False,False,False,False,False,False,False,False,False,False,0,Follow Yaw,-77.9,0,-86.8,273.2,False,False,False,False,False,,0,0,False,False,No Card,100,100,1024,1311,1182,1024,2,False,False,False,False,False,0,False,False,False,False,87,,47.412,,4337,,4986,,47.412,,True,3.958,3.958,3.958,3.958,3.958,3.958,3.958,3.958,3.958,3.958,3.958,3.958,0,,False,False,True,,,,,,,,,,,,,,,False,False,9.468,,89.9,,75.7,,90.3,,1669,55,13,17,8,143887.3,19184.98,,Idle,,20,,10,,,20,Go Home,False,False,False,False,False,False,False,False,False,False,False,False,33.8027920380556,-117.4659261431046,1426.8,2972.0,1049.4,396.9,True,1,1,False,False,False,False,,True,False,False,Course Lock,196.8,67,16.4,93,E,S,11.4,11.4,Calm,False,False,Android,7.0.2,M300 RTK,1ZN7L4R0H1D00F,1W9DL31001461C,1ZMLH8300204F0,1Z6PH74DAP0QN7,"Corona, CA",728.3,5.7,137.7,8.547347,2.013246,0,0,DJI Matrice 300 RTK,M300 RTK,1ZN7L4R0H1D00F,1W9DL31001461C,1ZMLH8300204F0,1Z6PH74DAP0QN7,DJI Pilot,Android,7.0.2,1EF72A62-B7C3-C88D-164E-CE6F8C8424AE,1ZN7L4R0H1D00F,1W9DL31001461C,,1ZMLH8300204F0,1W9DL31001461C,,,,,
2023-11-01,11:28:16.34 AM,3m 54.0s,234.0,33.801589755168,-117.470407366366,134.8,134.8,17.3,1399,1677.9,5.001949,6.085134,0.894776,2.23694,-4.921268,1.342164,-0.223694,0,2.8,-0.8,2.9,-78.4,281.6,280.3,Tripod,Other,,22,5,True,,True,False,,Smart,RC,False,True,False,,,True,,False,False,False,False,False,False,False,False,False,False,0,Follow Yaw,-77.9,0,-86.8,273.2,False,False,False,False,False,,0,0,False,False,No Card,100,100,1024,1312,1181,1024,2,False,False,False,False,False,0,False,False,False,False,87,,47.46,,8737,,10044,,47.46,,True,3.958,3.958,3.958,3.958,3.958,3.958,3.958,3.958,3.958,3.958,3.958,3.958,0,,False,False,True,,,,,,,,,,,,,,,False,False,19.222,,90.5,,75.7,,90.5,,1669,55,13,17,8,143887.3,19184.98,,Idle,,20,,10,,,20,Go Home,False,False,False,False,False,False,False,False,False,False,False,False,33.8027920380556,-117.4659261431046,1427.5,2972.0,1049.4,396.9,True,1,1,False,False,False,False,,True,False,False,Course Lock,196.8,67,16.4,93,E,S,11.4,11.4,Calm,False,False,Android,7.0.2,M300 RTK,1ZN7L4R0H1D00F,1W9DL31001461C,1ZMLH8300204F0,1Z6PH74DAP0QN7,"Corona, CA",728.3,5.7,137.7,8.547347,2.013246,0,0,DJI Matrice 300 RTK,M300 RTK,1ZN7L4R0H1D00F,1W9DL31001461C,1ZMLH8300204F0,1Z6PH74DAP0QN7,DJI Pilot,Android,7.0.2,1EF72A62-B7C3-C88D-164E-CE6F8C8424AE,1ZN7L4R0H1D00F,1W9DL31001461C,,1ZMLH8300204F0,1W9DL31001461C,,,,,
2023-11-01,11:28:16.44 AM,3m 54.1s,234.1,33.8015902316045,-117.4704099343629,134.8,134.8,17.3,1399,1678.7,5.001949,6.085134,0.894776,2.23694,-4.921268,1.342164,-0.223694,0,2.9,-0.9,3,-78.5,281.5,282.5,Tripod,Other,,22,5,True,,True,False,,Smart,RC,False,True,False,,,True,,False,False,False,False,False,False,False,False,False,False,0,Follow Yaw,-77.9,0,-86.8,273.2,False,False,False,False,False,,0,0,False,False,No Card,100,100,1024,1312,1182,1024,2,False,False,False,False,False,0,False,False,False,False,87,,47.46,,8737,,10044,,47.46,,True,3.958,3.958,3.958,3.958,3.958,3.958,3.958,3.958,3.958,3.958,3.958,3.958,0,,False,False,True,,,,,,,,,,,,,,,False,False,19.222,,90.5,,75.7,,90.5,,1669,55,13,17,8,143887.3,19184.98,,Idle,,20,,10,,,20,Go Home,False,False,False,False,False,False,False,False,False,False,False,False,33.8027920380556,-117.4659261431046,1428.2,2972.0,1049.4,396.9,True,1,1,False,False,False,False,,True,False,False,Course Lock,196.8,67,16.4,93,E,S,11.4,11.4,Calm,False,False,Android,7.0.2,M300 RTK,1ZN7L4R0H1D00F,1W9DL31001461C,1ZMLH8300204F0,1Z6PH74DAP0QN7,"Corona, CA",728.3,5.7,137.7,8.547347,2.013246,0,0,DJI Matrice 300 RTK,M300 RTK,1ZN7L4R0H1D00F,1W9DL31001461C,1ZMLH8300204F0,1Z6PH74DAP0QN7,DJI Pilot,Android,7.0.2,1EF72A62-B7C3-C88D-164E-CE6F8C8424AE,1ZN7L4R0H1D00F,1W9DL31001461C,,1ZMLH8300204F0,1W9DL31001461C,,,,,
2023-11-01,11:28:16.54 AM,3m 54.2s,234.2,33.8015906263506,-117.4704124617865,134.8,134.8,17.3,1399,1679.5,5.222189,6.085134,0.894776,2.23694,-5.144962,1.342164,-0.223694,0,3.1,-0.9,3.2,-78.5,281.5,280.6,Tripod,Other,,23,5,True,,True,False,,Smart,RC,False,True,False,,,True,,False,False,False,False,False,False,False,False,False,False,0,Follow Yaw,-77.9,0,-86.8,273.2,False,False,False,False,False,,0,0,False,False,No Card,100,100,1024,1312,1186,1024,2,False,False,False,False,False,0,False,False,False,False,87,,47.46,,8737,,10044,,47.46,,True,3.958,3.958,3.958,3.958,3.958,3.958,3.958,3.958,3.958,3.958,3.958,3.958,0,,False,False,True,,,,,,,,,,,,,,,False,False,19.222,,90.5,,75.7,,90.5,,1669,55,13,17,8,143887.3,19184.98,,Idle,,20,,10,,,20,Go Home,False,False,False,False,False,False,False,False,False,False,False,False,33.8027920380556,-117.4659261431046,1428.8,2972.0,1049.4,396.9,True,1,1,False,False,False,False,,True,False,False,Course Lock,196.8,67,16.4,93,E,S,11.4,11.4,Calm,False,False,Android,7.0.2,M300 RTK,1ZN7L4R0H1D00F,1W9DL31001461C,1ZMLH8300204F0,1Z6PH74DAP0QN7,"Corona, CA",728.3,5.7,137.7,8.547347,2.013246,0,0,DJI Matrice 300 RTK,M300 RTK,1ZN7L4R0H1D00F,1W9DL31001461C,1ZMLH8300204F0,1Z6PH74DAP0QN7,DJI Pilot,Android,7.0.2,1EF72A62-B7C3-C88D-164E-CE6F8C8424AE,1ZN7L4R0H1D00F,1W9DL31001461C,,1ZMLH8300204F0,1W9DL31001461C,,,,,
2023-11-01,11:28:16.64 AM,3m 54.3s,234.3,33.8015910358996,-117.4704149008063,134.8,134.8,17.3,1399,1680.2,5.001949,6.085134,0.894776,2.23694,-4.921268,1.342164,-0.223694,0,3.4,-0.9,3.5,-78.4,281.6,281.4,Tripod,Other,,23,5,True,,True,False,,Smart,RC,False,True,False,,,True,,False,False,False,False,False,False,False,False,False,False,0,Follow Yaw,-77.9,0,-86.8,273.2,False,False,False,False,False,,0,0,False,False,No Card,100,100,1024,1314,1186,1024,2,False,False,False,False,False,0,False,False,False,False,87,,47.46,,8737,,10044,,47.46,,True,3.953,3.953,3.953,3.953,3.953,3.953,3.953,3.953,3.953,3.953,3.953,3.953,0,,False,False,True,,,,,,,,,,,,,,,False,False,19.222,,90.5,,75.7,,90.5,,1665,55,13,17,8,144239.7,19231.96,,Idle,,20,,10,,,20,Go Home,False,False,False,False,False,False,False,False,False,False,False,False,33.8027920380556,-117.4659261431046,1429.5,2972.0,1049.4,396.9,True,1,1,False,False,False,False,,True,False,False,Course Lock,196.8,67,16.4,93,E,S,11.4,11.4,Calm,False,False,Android,7.0.2,M300 RTK,1ZN7L4R0H1D00F,1W9DL31001461C,1ZMLH8300204F0,1Z6PH74DAP0QN7,"Corona, CA",728.3,5.7,137.7,8.547347,2.013246,0,0,DJI Matrice 300 RTK,M300 RTK,1ZN7L4R0H1D00F,1W9DL31001461C,1ZMLH8300204F0,1Z6PH74DAP0QN7,DJI Pilot,Android,7.0.2,1EF72A62-B7C3-C88D-164E-CE6F8C8424AE,1ZN7L4R0H1D00F,1W9DL31001461C,,1ZMLH8300204F0,1W9DL31001461C,,,,,
2023-11-01,11:28:16.74 AM,3m 54.4s,234.4,33.8015914207769,-117.4704174120665,134.8,134.8,17.3,1399,1681.0,5.001949,6.085134,0.894776,2.23694,-4.921268,1.342164,-0.223694,0,3.5,-0.8,3.5,-78.3,281.7,280.4,Tripod,Other,,23,5,True,,True,False,,Smart,RC,False,True,False,,,True,,False,False,False,False,False,False,False,False,False,False,0,Follow Yaw,-77.9,0,-86.8,273.2,False,False,False,False,False,,0,0,False,False,No Card,100,100,1024,1314,1189,1024,2,False,False,False,False,False,0,False,False,False,False,87,,47.46,,8737,,10044,,47.46,,True,3.953,3.953,3.953,3.953,3.953,3.953,3.953,3.953,3.953,3.953,3.953,3.953,0,,False,False,True,,,,,,,,,,,,,,,False,False,19.222,,90.5,,75.7,,90.5,,1665,55,13,17,8,144239.7,19231.96,,Idle,,20,,10,,,20,Go Home,False,False,False,False,False,False,False,False,False,False,False,False,33.8027920380556,-117.4659261431046,1430.2,2972.0,1049.4,396.9,True,1,1,False,False,False,False,,True,False,False,Course Lock,196.8,67,16.4,93,E,S,11.4,11.4,Calm,False,False,Android,7.0.2,M300 RTK,1ZN7L4R0H1D00F,1W9DL31001461C,1ZMLH8300204F0,1Z6PH74DAP0QN7,"Corona, CA",728.3,5.7,137.7,8.547347,2.013246,0,0,DJI Matrice 300 RTK,M300 RTK,1ZN7L4R0H1D00F,1W9DL31001461C,1ZMLH8300204F0,1Z6PH74DAP0QN7,DJI Pilot,Android,7.0.2,1EF72A62-B7C3-C88D-164E-CE6F8C8424AE,1ZN7L4R0H1D00F,1W9DL31001461C,,1ZMLH8300204F0,1W9DL31001461C,,,,,
2023-11-01,11:28:16.84 AM,3m 54.5s,234.5,33.8015918144264,-117.4704200146992,134.8,134.8,17.3,1399,1681.8,5.001949,6.085134,0.894776,2.23694,-4.921268,1.342164,-0.223694,0,3.5,-0.6,3.5,-78.3,281.7,280.3,Tripod,Other,,23,5,True,,True,False,,Smart,RC,False,True,False,,,True,,False,False,False,False,False,False,False,False,False,False,0,Follow Yaw,-77.9,0,-86.8,273.2,False,False,False,False,False,,0,0,False,False,No Card,100,100,1024,1313,1194,1024,2,False,False,False,False,False,0,False,False,False,False,87,,47.46,,8737,,10044,,47.46,,True,3.953,3.953,3.953,3.953,3.953,3.953,3.953,3.953,3.953,3.953,3.953,3.953,0,,False,False,True,,,,,,,,,,,,,,,False,False,19.222,,90.5,,75.7,,90.5,,1665,55,13,17,8,144239.7,19231.96,,Idle,,20,,10,,,20,Go Home,False,False,False,False,False,False,False,False,False,False,False,False,33.8027920380556,-117.4659261431046,1430.9,2972.0,1049.4,396.9,True,1,1,False,False,False,False,,True,False,False,Course Lock,196.8,67,16.4,93,E,S,11.4,11.4,Calm,False,False,Android,7.0.2,M300 RTK,1ZN7L4R0H1D00F,1W9DL31001461C,1ZMLH8300204F0,1Z6PH74DAP0QN7,"Corona, CA",728.3,5.7,137.7,8.547347,2.013246,0,0,DJI Matrice 300 RTK,M300 RTK,1ZN7L4R0H1D00F,1W9DL31001461C,1ZMLH8300204F0,1Z6PH74DAP0QN7,DJI Pilot,Android,7.0.2,1EF72A62-B7C3-C88D-164E-CE6F8C8424AE,1ZN7L4R0H1D00F,1W9DL31001461C,,1ZMLH8300204F0,1W9DL31001461C,,,,,
2023-11-01,11:28:16.94 AM,3m 54.6s,234.6,33.8015921872421,-117.4704225117752,134.8,134.8,17.3,1399,1682.6,5.001949,6.085134,0.894776,2.23694,-4.921268,1.342164,-0.223694,0,3.3,-0.5,3.3,-78.4,281.6,280.1,Tripod,Other,,23,5,True,,True,False,,Smart,RC,False,True,False,,,True,,False,False,False,False,False,False,False,False,False,False,0,Follow Yaw,-77.9,0,-86.8,273.2,False,False,False,False,False,,0,0,False,False,No Card,100,100,1024,1315,1190,1024,2,False,False,False,False,False,0,False,False,False,False,87,,47.46,,8737,,10044,,47.46,,True,3.953,3.953,3.953,3.953,3.953,3.953,3.953,3.953,3.953,3.953,3.953,3.953,0,,False,False,True,,,,,,,,,,,,,,,False,False,19.222,,90.5,,75.7,,90.5,,1665,55,13,17,8,144239.7,19231.96,,Idle,,20,,10,,,20,Go Home,False,False,False,False,False,False,False,False,False,False,False,False,33.8027920380556,-117.4659261431046,1431.6,2972.0,1049.4,396.9,True,1,1,False,False,False,False,,True,False,False,Course Lock,196.8,67,16.4,93,E,S,11.4,11.4,Calm,False,False,Android,7.0.2,M300 RTK,1ZN7L4R0H1D00F,1W9DL31001461C,1ZMLH8300204F0,1Z6PH74DAP0QN7,"Corona, CA",728.3,5.7,137.7,8.547347,2.013246,0,0,DJI Matrice 300 RTK,M300 RTK,1ZN7L4R0H1D00F,1W9DL31001461C,1ZMLH8300204F0,1Z6PH74DAP0QN7,DJI Pilot,Android,7.0.2,1EF72A62-B7C3-C88D-164E-CE6F8C8424AE,1ZN7L4R0H1D00F,1W9DL31001461C,,1ZMLH8300204F0,1W9DL31001461C,,,,,
2023-11-01,11:28:17.04 AM,3m 54.7s,234.7,33.8015924257345,-117.4704249154994,134.8,134.8,17.7,1399,1683.3,5.001949,6.085134,0.894776,2.23694,-4.921268,1.342164,-0.223694,0,3,-0.5,3,-78.4,281.6,276.8,Tripod,Other,,23,5,True,,True,False,,Smart,RC,False,True,False,,,True,,False,False,False,False,False,False,False,False,False,False,0,Follow Yaw,-77.9,0,-86.8,273.2,False,False,False,False,False,,0,0,False,False,No Card,100,100,1024,1313,1190,1024,2,False,False,False,False,False,0,False,False,False,False,87,,47.46,,8737,,10044,,47.46,,True,3.953,3.953,3.953,3.953,3.953,3.953,3.953,3.953,3.953,3.953,3.953,3.953,0,,False,False,True,,,,,,,,,,,,,,,False,False,19.222,,90.5,,75.7,,90.5,,1665,55,13,17,8,144239.7,19231.96,,Idle,,20,,10,,,20,Go Home,False,False,False,False,False,False,False,False,False,False,False,False,33.8027920380556,-117.4659261431046,1432.2,2972.0,1049.4,396.9,True,1,1,False,False,False,False,,True,False,False,Course Lock,196.8,67,16.4,93,E,S,11.4,11.4,Calm,False,False,Android,7.0.2,M300 RTK,1ZN7L4R0H1D00F,1W9DL31001461C,1ZMLH8300204F0,1Z6PH74DAP0QN7,"Corona, CA",728.3,5.7,137.7,8.547347,2.013246,0,0,DJI Matrice 300 RTK,M300 RTK,1ZN7L4R0H1D00F,1W9DL31001461C,1ZMLH8300204F0,1Z6PH74DAP0QN7,DJI Pilot,Android,7.0.2,1EF72A62-B7C3-C88D-164E-CE6F8C8424AE,1ZN7L4R0H1D00F,1W9DL31001461C,,1ZMLH8300204F0,1W9DL31001461C,,,,,
2023-11-01,11:28:17.12 AM,3m 54.8s,234.8,33.801592787585,-117.4704273875057,134.8,134.8,17.7,1399,1684.1,5.001949,6.085134,0.894776,2.23694,-4.921268,1.342164,-0.223694,0,2.7,-0.5,2.7,-78.5,281.5,279.9,Tripod,Other,,23,5,True,,True,False,,Smart,RC,False,True,False,,,True,,False,False,False,False,False,False,False,False,False,False,0,Follow Yaw,-77.9,0,-86.8,273.2,False,False,False,False,False,,0,0,False,False,No Card,100,100,1024,1312,1182,1024,2,False,False,False,False,False,0,False,False,False,False,87,,47.46,,8737,,10044,,47.46,,True,3.953,3.953,3.953,3.953,3.953,3.953,3.953,3.953,3.953,3.953,3.953,3.953,0,,False,False,True,,,,,,,,,,,,,,,False,False,19.222,,90.5,,75.7,,90.5,,1665,55,13,17,8,144239.7,19231.96,,Idle,,20,,10,,,20,Go Home,False,False,False,False,False,False,False,False,False,False,False,False,33.8027920380556,-117.4659261431046,1432.9,2972.0,1049.4,396.9,True,1,1,False,False,False,False,,True,False,False,Course Lock,196.8,67,16.4,93,E,S,11.4,11.4,Calm,False,False,Android,7.0.2,M300 RTK,1ZN7L4R0H1D00F,1W9DL31001461C,1ZMLH8300204F0,1Z6PH74DAP0QN7,"Corona, CA",728.3,5.7,137.7,8.547347,2.013246,0,0,DJI Matrice 300 RTK,M300 RTK,1ZN7L4R0H1D00F,1W9DL31001461C,1ZMLH8300204F0,1Z6PH74DAP0QN7,DJI Pilot,Android,7.0.2,1EF72A62-B7C3-C88D-164E-CE6F8C8424AE,1ZN7L4R0H1D00F,1W9DL31001461C,,1ZMLH8300204F0,1W9DL31001461C,,,,,
2023-11-01,11:28:17.24 AM,3m 54.9s,234.9,33.8015931998753,-117.4704296309158,135.1,135.1,17.7,1399,1684.8,5.001949,6.085134,0.894776,2.23694,-4.921268,1.342164,-0.223694,0,2.5,-0.4,2.5,-78.5,281.5,282.4,Tripod,Other,,23,5,True,,True,False,,Smart,RC,False,True,False,,,True,,False,False,False,False,False,False,False,False,False,False,0,Follow Yaw,-77.9,0,-86.8,273.2,False,False,False,False,False,,0,0,False,False,No Card,100,100,1024,1313,1167,957,2,False,False,False,False,False,0,False,False,False,False,87,,47.46,,8737,,10044,,47.46,,True,3.953,3.953,3.953,3.953,3.953,3.953,3.953,3.953,3.953,3.953,3.953,3.953,0,,False,False,True,,,,,,,,,,,,,,,False,False,19.222,,90.5,,75.7,,90.5,,1665,55,13,17,8,144239.7,19231.96,,Idle,,20,,10,,,20,Go Home,False,False,False,False,False,False,False,False,False,False,False,False,33.8027920380556,-117.4659261431046,1433.5,2972.0,1049.4,396.9,True,1,1,False,False,False,False,,True,False,False,Course Lock,196.8,67,16.4,93,E,S,11.4,11.4,Calm,False,False,Android,7.0.2,M300 RTK,1ZN7L4R0H1D00F,1W9DL31001461C,1ZMLH8300204F0,1Z6PH74DAP0QN7,"Corona, CA",728.3,5.7,137.7,8.547347,2.013246,0,0,DJI Matrice 300 RTK,M300 RTK,1ZN7L4R0H1D00F,1W9DL31001461C,1ZMLH8300204F0,1Z6PH74DAP0QN7,DJI Pilot,Android,7.0.2,1EF72A62-B7C3-C88D-164E-CE6F8C8424AE,1ZN7L4R0H1D00F,1W9DL31001461C,,1ZMLH8300204F0,1W9DL31001461C,,,,,
2023-11-01,11:28:17.32 AM,3m 55.0s,235.0,33.8015935891388,-117.4704322028711,135.1,135.1,17.7,1399,1685.6,5.001949,6.085134,0.894776,2.23694,-4.921268,1.342164,-0.223694,0,2.3,-0.5,2.3,-78.6,281.4,280.3,Tripod,Other,,23,5,True,,True,False,,Smart,RC,False,True,False,,,True,,False,False,False,False,False,False,False,False,False,False,0,Follow Yaw,-77.9,0,-86.8,273.2,False,False,False,False,False,,0,0,False,False,No Card,100,100,1024,1311,1170,942,2,False,False,False,False,False,0,False,False,False,False,87,,47.472,,8737,,10044,,47.472,,True,3.953,3.953,3.953,3.953,3.953,3.953,3.953,3.953,3.953,3.953,3.953,3.953,0,,False,False,True,,,,,,,,,,,,,,,False,False,19.234,,90.5,,75.7,,90.5,,1665,55,13,17,8,144239.7,19231.96,,Idle,,20,,10,,,20,Go Home,False,False,False,False,False,False,False,False,False,False,False,False,33.8027920380556,-117.4659261431046,1434.2,2972.0,1049.4,396.9,True,1,1,False,False,False,False,,True,False,False,Course Lock,196.8,67,16.4,93,E,S,11.4,11.4,Calm,False,False,Android,7.0.2,M300 RTK,1ZN7L4R0H1D00F,1W9DL31001461C,1ZMLH8300204F0,1Z6PH74DAP0QN7,"Corona, CA",728.3,5.7,137.7,8.547347,2.013246,0,0,DJI Matrice 300 RTK,M300 RTK,1ZN7L4R0H1D00F,1W9DL31001461C,1ZMLH8300204F0,1Z6PH74DAP0QN7,DJI Pilot,Android,7.0.2,1EF72A62-B7C3-C88D-164E-CE6F8C8424AE,1ZN7L4R0H1D00F,1W9DL31001461C,,1ZMLH8300204F0,1W9DL31001461C,,,,,
2023-11-01,11:28:17.44 AM,3m 55.1s,235.1,33.8015940677683,-117.470434663662,135.1,135.1,17.7,1399,1686.3,5.001949,6.085134,0.894776,2.23694,-4.921268,1.342164,-0.223694,0,2.2,-0.6,2.2,-78.6,281.4,283.1,Tripod,Other,,23,5,True,,True,False,,Smart,RC,False,True,False,,,True,,False,False,False,False,False,False,False,False,False,False,0,Follow Yaw,-77.9,0,-86.9,273.1,False,False,False,False,False,,0,0,False,False,No Card,100,100,1024,1314,1171,963,2,False,False,False,False,False,0,False,False,False,False,87,,47.472,,8737,,10044,,47.472,,True,3.953,3.953,3.953,3.953,3.953,3.953,3.953,3.953,3.953,3.953,3.953,3.953,0,,False,False,True,,,,,,,,,,,,,,,False,False,19.234,,90.5,,75.7,,90.5,,1665,55,13,17,8,144239.7,19231.96,,Idle,,20,,10,,,20,Go Home,False,False,False,False,False,False,False,False,False,False,False,False,33.8027920380556,-117.4659261431046,1434.9,2972.0,1049.4,396.9,True,1,1,False,False,False,False,,True,False,False,Course Lock,196.8,67,16.4,93,E,S,11.4,11.4,Calm,False,False,Android,7.0.2,M300 RTK,1ZN7L4R0H1D00F,1W9DL31001461C,1ZMLH8300204F0,1Z6PH74DAP0QN7,"Corona, CA",728.3,5.7,137.7,8.547347,2.013246,0,0,DJI Matrice 300 RTK,M300 RTK,1ZN7L4R0H1D00F,1W9DL31001461C,1ZMLH8300204F0,1Z6PH74DAP0QN7,DJI Pilot,Android,7.0.2,1EF72A62-B7C3-C88D-164E-CE6F8C8424AE,1ZN7L4R0H1D00F,1W9DL31001461C,,1ZMLH8300204F0,1W9DL31001461C,,,,,
2023-11-01,11:28:17.54 AM,3m 55.2s,235.2,33.8015944531939,-117.4704371350086,135.1,135.1,17.7,1399,1687.1,5.001949,6.085134,0.894776,2.23694,-4.921268,1.342164,-0.223694,0,2.3,-0.8,2.4,-78.6,281.4,280.6,Tripod,Other,,23,5,True,,True,False,,Smart,RC,False,True,False,,,True,,False,False,False,False,False,False,False,False,False,False,0,Follow Yaw,-77.9,0,-87,273,False,False,False,False,False,,0,0,False,False,No Card,100,100,1024,1316,1171,950,2,False,False,False,False,False,0,False,False,False,False,87,,47.472,,8737,,10044,,47.472,,True,3.953,3.953,3.953,3.953,3.953,3.953,3.953,3.953,3.953,3.953,3.953,3.953,0,,False,False,True,,,,,,,,,,,,,,,False,False,19.234,,90.5,,75.7,,90.5,,1665,55,13,17,8,144239.7,19231.96,,Idle,,20,,10,,,20,Go Home,False,False,False,False,False,False,False,False,False,False,False,False,33.8027920380556,-117.4659261431046,1435.5,2972.0,1049.4,396.9,True,1,1,False,False,False,False,,True,False,False,Course Lock,196.8,67,16.4,93,E,S,11.4,11.4,Calm,False,False,Android,7.0.2,M300 RTK,1ZN7L4R0H1D00F,1W9DL31001461C,1ZMLH8300204F0,1Z6PH74DAP0QN7,"Corona, CA",728.3,5.7,137.7,8.547347,2.013246,0,0,DJI Matrice 300 RTK,M300 RTK,1ZN7L4R0H1D00F,1W9DL31001461C,1ZMLH8300204F0,1Z6PH74DAP0QN7,DJI Pilot,Android,7.0.2,1EF72A62-B7C3-C88D-164E-CE6F8C8424AE,1ZN7L4R0H1D00F,1W9DL31001461C,,1ZMLH8300204F0,1W9DL31001461C,,,,,
2023-11-01,11:28:17.64 AM,3m 55.3s,235.3,33.8015948956384,-117.470439531146,135.1,135.1,17.7,1399,1687.8,5.001949,6.085134,0.894776,2.23694,-4.921268,1.342164,-0.223694,0,2.6,-0.8,2.7,-78.6,281.4,282.5,Tripod,Other,,23,5,True,,True,False,,Smart,RC,False,True,False,,,True,,False,False,False,False,False,False,False,False,False,False,0,Follow Yaw,-77.9,0,-87.1,272.9,False,False,False,False,False,,0,0,False,False,No Card,100,100,1024,1316,1181,909,2,False,False,False,False,False,0,False,False,False,False,87,,47.472,,8737,,10044,,47.472,,True,3.955,3.955,3.955,3.955,3.955,3.955,3.955,3.955,3.955,3.955,3.955,3.955,0,,False,False,True,,,,,,,,,,,,,,,False,False,19.234,,90.5,,75.7,,90.5,,1662,55,13,17,8,144503.6,19267.15,,Idle,,20,,10,,,20,Go Home,False,False,False,False,False,False,False,False,False,False,False,False,33.8027920380556,-117.4659261431046,1436.2,2972.0,1049.4,396.9,True,1,1,False,False,False,False,,True,False,False,Course Lock,196.8,67,16.4,93,E,S,11.4,11.4,Calm,False,False,Android,7.0.2,M300 RTK,1ZN7L4R0H1D00F,1W9DL31001461C,1ZMLH8300204F0,1Z6PH74DAP0QN7,"Corona, CA",728.3,5.7,137.7,8.547347,2.013246,0,0,DJI Matrice 300 RTK,M300 RTK,1ZN7L4R0H1D00F,1W9DL31001461C,1ZMLH8300204F0,1Z6PH74DAP0QN7,DJI Pilot,Android,7.0.2,1EF72A62-B7C3-C88D-164E-CE6F8C8424AE,1ZN7L4R0H1D00F,1W9DL31001461C,,1ZMLH8300204F0,1W9DL31001461C,,,,,
2023-11-01,11:28:17.74 AM,3m 55.4s,235.4,33.8015952903844,-117.4704420041418,135.1,135.1,17.7,1399,1688.6,5.001949,6.085134,0.894776,2.23694,-4.921268,1.342164,0,0,2.7,-0.7,2.7,-78.7,281.3,280.8,Tripod,Other,,22,5,True,,True,False,,Smart,RC,False,True,False,,,True,,False,False,False,False,False,False,False,False,False,False,0,Follow Yaw,-77.9,0,-87.3,272.7,False,False,False,False,False,,0,0,False,False,No Card,100,100,1024,1315,1187,909,2,False,False,False,False,False,0,False,False,False,False,87,,47.472,,8737,,10044,,47.472,,True,3.955,3.955,3.955,3.955,3.955,3.955,3.955,3.955,3.955,3.955,3.955,3.955,0,,False,False,True,,,,,,,,,,,,,,,False,False,19.234,,90.5,,75.7,,90.5,,1662,55,13,17,8,144503.6,19267.15,,Idle,,20,,10,,,20,Go Home,False,False,False,False,False,False,False,False,False,False,False,False,33.8027920380556,-117.4659261431046,1436.8,2972.0,1049.4,396.9,True,1,1,False,False,False,False,,True,False,False,Course Lock,196.8,67,16.4,93,E,S,11.4,11.4,Calm,False,False,Android,7.0.2,M300 RTK,1ZN7L4R0H1D00F,1W9DL31001461C,1ZMLH8300204F0,1Z6PH74DAP0QN7,"Corona, CA",728.3,5.7,137.7,8.547347,2.013246,0,0,DJI Matrice 300 RTK,M300 RTK,1ZN7L4R0H1D00F,1W9DL31001461C,1ZMLH8300204F0,1Z6PH74DAP0QN7,DJI Pilot,Android,7.0.2,1EF72A62-B7C3-C88D-164E-CE6F8C8424AE,1ZN7L4R0H1D00F,1W9DL31001461C,,1ZMLH8300204F0,1W9DL31001461C,,,,,
2023-11-01,11:28:17.84 AM,3m 55.5s,235.5,33.8015956165982,-117.4704444919817,135.1,135.1,17.7,1399,1689.4,5.001949,6.085134,0.894776,2.23694,-4.921268,1.342164,0,0,2.9,-0.9,3,-78.8,281.2,278.9,Tripod,Other,,22,5,True,,True,False,,Smart,RC,False,True,False,,,True,,False,False,False,False,False,False,False,False,False,False,0,Follow Yaw,-77.9,0,-87.5,272.5,False,False,False,False,False,,0,0,False,False,No Card,100,100,1024,1315,1207,908,2,False,False,False,False,False,0,False,False,False,False,87,,47.472,,8737,,10044,,47.472,,True,3.955,3.955,3.955,3.955,3.955,3.955,3.955,3.955,3.955,3.955,3.955,3.955,0,,False,False,True,,,,,,,,,,,,,,,False,False,19.234,,90.5,,75.7,,90.5,,1662,55,13,17,8,144503.6,19267.15,,Idle,,20,,10,,,20,Go Home,False,False,False,False,False,False,False,False,False,False,False,False,33.8027920380556,-117.4659261431046,1437.5,2972.0,1049.4,396.9,True,1,1,False,False,False,False,,True,False,False,Course Lock,196.8,67,16.4,93,E,S,11.4,11.4,Calm,False,False,Android,7.0.2,M300 RTK,1ZN7L4R0H1D00F,1W9DL31001461C,1ZMLH8300204F0,1Z6PH74DAP0QN7,"Corona, CA",728.3,5.7,137.7,8.547347,2.013246,0,0,DJI Matrice 300 RTK,M300 RTK,1ZN7L4R0H1D00F,1W9DL31001461C,1ZMLH8300204F0,1Z6PH74DAP0QN7,DJI Pilot,Android,7.0.2,1EF72A62-B7C3-C88D-164E-CE6F8C8424AE,1ZN7L4R0H1D00F,1W9DL31001461C,,1ZMLH8300204F0,1W9DL31001461C,,,,,
2023-11-01,11:28:17.94 AM,3m 55.6s,235.6,33.8015960102477,-117.4704469649776,135.1,135.1,17.7,1399,1690.1,5.001949,6.085134,0.894776,2.23694,-4.921268,1.342164,-0.223694,0,3.2,-1.2,3.4,-78.9,281.1,280.8,Tripod,Other,,22,5,True,,True,False,,Smart,RC,False,True,False,,,True,,False,False,False,False,False,False,False,False,False,False,0,Follow Yaw,-77.9,0,-87.7,272.3,False,False,False,False,False,,0,0,False,False,No Card,100,100,1024,1315,1196,904,2,False,False,False,False,False,0,False,False,False,False,87,,47.472,,8737,,10044,,47.472,,True,3.955,3.955,3.955,3.955,3.955,3.955,3.955,3.955,3.955,3.955,3.955,3.955,0,,False,False,True,,,,,,,,,,,,,,,False,False,19.234,,90.5,,75.7,,90.5,,1662,55,13,17,8,144503.6,19267.15,,Idle,,20,,10,,,20,Go Home,False,False,False,False,False,False,False,False,False,False,False,False,33.8027920380556,-117.4659261431046,1438.2,2972.0,1049.4,396.9,True,1,1,False,False,False,False,,True,False,False,Course Lock,196.8,67,16.4,93,E,S,11.4,11.4,Calm,False,False,Android,7.0.2,M300 RTK,1ZN7L4R0H1D00F,1W9DL31001461C,1ZMLH8300204F0,1Z6PH74DAP0QN7,"Corona, CA",728.3,5.7,137.7,8.547347,2.013246,0,0,DJI Matrice 300 RTK,M300 RTK,1ZN7L4R0H1D00F,1W9DL31001461C,1ZMLH8300204F0,1Z6PH74DAP0QN7,DJI Pilot,Android,7.0.2,1EF72A62-B7C3-C88D-164E-CE6F8C8424AE,1ZN7L4R0H1D00F,1W9DL31001461C,,1ZMLH8300204F0,1W9DL31001461C,,,,,
2023-11-01,11:28:18.04 AM,3m 55.7s,235.7,33.8015964197967,-117.4704495270369,135.4,135.4,17.7,1399,1690.9,5.001949,6.085134,0.894776,2.23694,-4.921268,1.342164,-0.223694,0,3.4,-1.4,3.6,-79,281,280.8,Tripod,Other,,22,5,True,,True,False,,Smart,RC,False,True,False,,,True,,False,False,False,False,False,False,False,False,False,False,0,Follow Yaw,-77.9,0,-87.9,272.1,False,False,False,False,False,,0,0,False,False,No Card,100,100,1024,1314,1174,895,2,False,False,False,False,False,0,False,False,False,False,87,,47.472,,8737,,10044,,47.472,,True,3.955,3.955,3.955,3.955,3.955,3.955,3.955,3.955,3.955,3.955,3.955,3.955,0,,False,False,True,,,,,,,,,,,,,,,False,False,19.234,,90.5,,75.7,,90.5,,1662,55,13,17,8,144503.6,19267.15,,Idle,,20,,10,,,20,Go Home,False,False,False,False,False,False,False,False,False,False,False,False,33.8027920380556,-117.4659261431046,1438.9,2972.0,1049.4,396.9,True,1,1,False,False,False,False,,True,False,False,Course Lock,196.8,67,16.4,93,E,S,11.4,11.4,Calm,False,False,Android,7.0.2,M300 RTK,1ZN7L4R0H1D00F,1W9DL31001461C,1ZMLH8300204F0,1Z6PH74DAP0QN7,"Corona, CA",728.3,5.7,137.7,8.547347,2.013246,0,0,DJI Matrice 300 RTK,M300 RTK,1ZN7L4R0H1D00F,1W9DL31001461C,1ZMLH8300204F0,1Z6PH74DAP0QN7,DJI Pilot,Android,7.0.2,1EF72A62-B7C3-C88D-164E-CE6F8C8424AE,1ZN7L4R0H1D00F,1W9DL31001461C,,1ZMLH8300204F0,1W9DL31001461C,,,,,
2023-11-01,11:28:18.15 AM,3m 55.8s,235.8,33.8015967969984,-117.4704519954147,135.4,135.4,17.7,1399,1691.7,5.001949,6.085134,0.894776,2.23694,-4.921268,1.342164,-0.223694,0,3.2,-1.3,3.4,-79.2,280.8,280.4,Tripod,Other,,22,5,True,,True,False,,Smart,RC,False,True,False,,,True,,False,False,False,False,False,False,False,False,False,False,0,Follow Yaw,-77.9,0,-88.1,271.9,False,False,False,False,False,,0,0,False,False,No Card,100,100,1024,1312,1172,891,2,False,False,False,False,False,0,False,False,False,False,87,,47.472,,8737,,10044,,47.472,,True,3.955,3.955,3.955,3.955,3.955,3.955,3.955,3.955,3.955,3.955,3.955,3.955,0,,False,False,True,,,,,,,,,,,,,,,False,False,19.234,,90.5,,75.7,,90.5,,1662,55,13,17,8,144503.6,19267.15,,Idle,,20,,10,,,20,Go Home,False,False,False,False,False,False,False,False,False,False,False,False,33.8027920380556,-117.4659261431046,1439.6,2972.0,1049.4,396.9,True,1,1,False,False,False,False,,True,False,False,Course Lock,196.8,67,16.4,93,E,S,11.4,11.4,Calm,False,False,Android,7.0.2,M300 RTK,1ZN7L4R0H1D00F,1W9DL31001461C,1ZMLH8300204F0,1Z6PH74DAP0QN7,"Corona, CA",728.3,5.7,137.7,8.547347,2.013246,0,0,DJI Matrice 300 RTK,M300 RTK,1ZN7L4R0H1D00F,1W9DL31001461C,1ZMLH8300204F0,1Z6PH74DAP0QN7,DJI Pilot,Android,7.0.2,1EF72A62-B7C3-C88D-164E-CE6F8C8424AE,1ZN7L4R0H1D00F,1W9DL31001461C,,1ZMLH8300204F0,1W9DL31001461C,,,,,
2023-11-01,11:28:18.24 AM,3m 55.9s,235.9,33.8015973304538,-117.4704543522982,135.4,135.4,17.7,1399,1692.4,4.966812,6.085134,0.671082,2.23694,-4.921268,1.342164,-0.223694,0,3,-1.4,3.3,-79.4,280.6,285.2,Tripod,Other,,22,5,True,,True,False,,Smart,RC,False,True,False,,,True,,False,False,False,False,False,False,False,False,False,False,0,Follow Yaw,-77.9,0,-88.3,271.7,False,False,False,False,False,,0,0,False,False,No Card,100,100,1024,1313,1171,888,2,False,False,False,False,False,0,False,False,False,False,87,,47.472,,8737,,10044,,47.472,,True,3.955,3.955,3.955,3.955,3.955,3.955,3.955,3.955,3.955,3.955,3.955,3.955,0,,False,False,True,,,,,,,,,,,,,,,False,False,19.234,,90.5,,75.7,,90.5,,1662,55,13,17,8,144503.6,19267.15,,Idle,,20,,10,,,20,Go Home,False,False,False,False,False,False,False,False,False,False,False,False,33.8027920380556,-117.4659261431046,1440.2,2972.0,1049.4,396.9,True,1,1,False,False,False,False,,True,False,False,Course Lock,196.8,67,16.4,93,E,S,11.4,11.4,Calm,False,False,Android,7.0.2,M300 RTK,1ZN7L4R0H1D00F,1W9DL31001461C,1ZMLH8300204F0,1Z6PH74DAP0QN7,"Corona, CA",728.3,5.7,137.7,8.547347,2.013246,0,0,DJI Matrice 300 RTK,M300 RTK,1ZN7L4R0H1D00F,1W9DL31001461C,1ZMLH8300204F0,1Z6PH74DAP0QN7,DJI Pilot,Android,7.0.2,1EF72A62-B7C3-C88D-164E-CE6F8C8424AE,1ZN7L4R0H1D00F,1W9DL31001461C,,1ZMLH8300204F0,1W9DL31001461C,,,,,
2023-11-01,11:28:18.35 AM,3m 56.0s,236.0,33.8015977038178,-117.4704568064918,135.4,135.4,17.7,1399,1693.2,4.966812,6.085134,0.671082,2.23694,-4.921268,1.342164,-0.223694,0,2.8,-1.4,3.1,-79.8,280.2,280.3,Tripod,Other,,22,5,True,,True,False,,Smart,RC,False,True,False,,,True,,False,False,False,False,False,False,False,False,False,False,0,Follow Yaw,-77.9,0,-88.6,271.4,False,False,False,False,False,,0,0,False,False,No Card,100,100,1024,1313,1172,889,2,False,False,False,False,False,0,False,False,False,False,87,,47.448,,8737,,10044,,47.448,,True,3.955,3.955,3.955,3.955,3.955,3.955,3.955,3.955,3.955,3.955,3.955,3.955,0,,False,False,True,,,,,,,,,,,,,,,False,False,19.204,,90.5,,75.7,,90.5,,1662,55,13,17,8,144503.6,19267.15,,Idle,,20,,10,,,20,Go Home,False,False,False,False,False,False,False,False,False,False,False,False,33.8027920380556,-117.4659261431046,1440.9,2972.0,1049.4,396.9,True,1,1,False,False,False,False,,True,False,False,Course Lock,196.8,67,16.4,93,E,S,11.4,11.4,Calm,False,False,Android,7.0.2,M300 RTK,1ZN7L4R0H1D00F,1W9DL31001461C,1ZMLH8300204F0,1Z6PH74DAP0QN7,"Corona, CA",728.3,5.7,137.7,8.547347,2.013246,0,0,DJI Matrice 300 RTK,M300 RTK,1ZN7L4R0H1D00F,1W9DL31001461C,1ZMLH8300204F0,1Z6PH74DAP0QN7,DJI Pilot,Android,7.0.2,1EF72A62-B7C3-C88D-164E-CE6F8C8424AE,1ZN7L4R0H1D00F,1W9DL31001461C,,1ZMLH8300204F0,1W9DL31001461C,,,,,
2023-11-01,11:28:18.46 AM,3m 56.1s,236.1,33.8015980344175,-117.4704593368842,135.4,135.4,18.0,1399,1693.9,4.966812,6.085134,0.671082,2.23694,-4.921268,1.342164,-0.223694,0,2.7,-1.3,2.9,-80.1,279.9,278.9,Tripod,Other,,22,5,True,,True,False,,Smart,RC,False,True,False,,,True,,False,False,False,False,False,False,False,False,False,False,0,Follow Yaw,-77.9,0,-88.8,271.2,False,False,False,False,False,,0,0,False,False,No Card,100,100,1024,1314,1171,933,2,False,False,False,False,False,0,False,False,False,False,87,,47.448,,8737,,10044,,47.448,,True,3.955,3.955,3.955,3.955,3.955,3.955,3.955,3.955,3.955,3.955,3.955,3.955,0,,False,False,True,,,,,,,,,,,,,,,False,False,19.204,,90.5,,75.7,,90.5,,1662,55,13,17,8,144503.6,19267.15,,Idle,,20,,10,,,20,Go Home,False,False,False,False,False,False,False,False,False,False,False,False,33.8027920380556,-117.4659261431046,1441.6,2972.0,1049.4,396.9,True,1,1,False,False,False,False,,True,False,False,Course Lock,196.8,67,16.4,93,E,S,11.4,11.4,Calm,False,False,Android,7.0.2,M300 RTK,1ZN7L4R0H1D00F,1W9DL31001461C,1ZMLH8300204F0,1Z6PH74DAP0QN7,"Corona, CA",728.3,5.7,137.7,8.547347,2.013246,0,0,DJI Matrice 300 RTK,M300 RTK,1ZN7L4R0H1D00F,1W9DL31001461C,1ZMLH8300204F0,1Z6PH74DAP0QN7,DJI Pilot,Android,7.0.2,1EF72A62-B7C3-C88D-164E-CE6F8C8424AE,1ZN7L4R0H1D00F,1W9DL31001461C,,1ZMLH8300204F0,1W9DL31001461C,,,,,
2023-11-01,11:28:18.56 AM,3m 56.2s,236.2,33.8015983946233,-117.4704617986646,135.4,135.4,18.0,1399,1694.7,4.966812,6.085134,0.671082,2.23694,-4.921268,1.342164,-0.223694,0,2.8,-1.2,3,-80.5,279.5,279.9,Tripod,Other,,23,5,True,,True,False,,Smart,RC,False,True,False,,,True,,False,False,False,False,False,False,False,False,False,False,0,Follow Yaw,-77.9,0,-89,271,False,False,False,False,False,,0,0,False,False,No Card,100,100,1024,1315,1170,951,2,False,False,False,False,False,0,False,False,False,False,87,,47.448,,8737,,10044,,47.448,,True,3.955,3.955,3.955,3.955,3.955,3.955,3.955,3.955,3.955,3.955,3.955,3.955,0,,False,False,True,,,,,,,,,,,,,,,False,False,19.204,,90.5,,75.7,,90.5,,1662,55,13,17,8,144503.6,19267.15,,Idle,,20,,10,,,20,Go Home,False,False,False,False,False,False,False,False,False,False,False,False,33.8027920380556,-117.4659261431046,1442.2,2972.0,1049.4,396.9,True,1,1,False,False,False,False,,True,False,False,Course Lock,196.8,67,16.4,93,E,S,11.4,11.4,Calm,False,False,Android,7.0.2,M300 RTK,1ZN7L4R0H1D00F,1W9DL31001461C,1ZMLH8300204F0,1Z6PH74DAP0QN7,"Corona, CA",728.3,5.7,137.7,8.547347,2.013246,0,0,DJI Matrice 300 RTK,M300 RTK,1ZN7L4R0H1D00F,1W9DL31001461C,1ZMLH8300204F0,1Z6PH74DAP0QN7,DJI Pilot,Android,7.0.2,1EF72A62-B7C3-C88D-164E-CE6F8C8424AE,1ZN7L4R0H1D00F,1W9DL31001461C,,1ZMLH8300204F0,1W9DL31001461C,,,,,
2023-11-01,11:28:18.67 AM,3m 56.3s,236.3,33.8015986051545,-117.4704641878749,135.4,135.4,18.0,1399,1695.4,4.966812,6.085134,0.671082,2.23694,-4.921268,1.342164,-0.223694,0,2.9,-1.1,3.1,-80.9,279.1,276.0,Tripod,Other,,23,5,True,,True,False,,Smart,RC,False,True,False,,,True,,False,False,False,False,False,False,False,False,False,False,0,Follow Yaw,-77.9,0,-89.2,270.8,False,False,False,False,False,,0,0,False,False,No Card,100,100,1024,1316,1169,954,2,False,False,False,False,False,0,False,False,False,False,87,,47.448,,8737,,10044,,47.448,,True,3.957,3.957,3.957,3.957,3.957,3.957,3.957,3.957,3.957,3.957,3.957,3.957,0,,False,False,True,,,,,,,,,,,,,,,False,False,19.204,,90.5,,75.7,,90.5,,1658,55,13,17,8,144646.6,19286.22,,Idle,,20,,10,,,20,Go Home,False,False,False,False,False,False,False,False,False,False,False,False,33.8027920380556,-117.4659261431046,1442.9,2972.0,1049.4,396.9,True,1,1,False,False,False,False,,True,False,False,Course Lock,196.8,67,16.4,93,E,S,11.4,11.4,Calm,False,False,Android,7.0.2,M300 RTK,1ZN7L4R0H1D00F,1W9DL31001461C,1ZMLH8300204F0,1Z6PH74DAP0QN7,"Corona, CA",728.3,5.7,137.7,8.547347,2.013246,0,0,DJI Matrice 300 RTK,M300 RTK,1ZN7L4R0H1D00F,1W9DL31001461C,1ZMLH8300204F0,1Z6PH74DAP0QN7,DJI Pilot,Android,7.0.2,1EF72A62-B7C3-C88D-164E-CE6F8C8424AE,1ZN7L4R0H1D00F,1W9DL31001461C,,1ZMLH8300204F0,1W9DL31001461C,,,,,
2023-11-01,11:28:18.78 AM,3m 56.4s,236.4,33.8015989439782,-117.4704666377802,135.4,135.4,18.0,1399,1696.2,4.966812,6.085134,0.671082,2.23694,-4.921268,1.342164,-0.223694,0,2.9,-1.2,3.1,-81.1,278.9,279.4,Tripod,Other,,23,5,True,,True,False,,Smart,RC,False,True,False,,,True,,False,False,False,False,False,False,False,False,False,False,0,Follow Yaw,-77.9,0,-89.3,270.7,False,False,False,False,False,,0,0,False,False,No Card,100,100,1024,1315,1168,952,2,False,False,False,False,False,0,False,False,False,False,87,,47.448,,8737,,10044,,47.448,,True,3.957,3.957,3.957,3.957,3.957,3.957,3.957,3.957,3.957,3.957,3.957,3.957,0,,False,False,True,,,,,,,,,,,,,,,False,False,19.204,,90.5,,75.7,,90.5,,1658,55,13,17,8,144646.6,19286.22,,Idle,,20,,10,,,20,Go Home,False,False,False,False,False,False,False,False,False,False,False,False,33.8027920380556,-117.4659261431046,1443.6,2972.0,1049.4,396.9,True,1,1,False,False,False,False,,True,False,False,Course Lock,196.8,67,16.4,93,E,S,11.4,11.4,Calm,False,False,Android,7.0.2,M300 RTK,1ZN7L4R0H1D00F,1W9DL31001461C,1ZMLH8300204F0,1Z6PH74DAP0QN7,"Corona, CA",728.3,5.7,137.7,8.547347,2.013246,0,0,DJI Matrice 300 RTK,M300 RTK,1ZN7L4R0H1D00F,1W9DL31001461C,1ZMLH8300204F0,1Z6PH74DAP0QN7,DJI Pilot,Android,7.0.2,1EF72A62-B7C3-C88D-164E-CE6F8C8424AE,1ZN7L4R0H1D00F,1W9DL31001461C,,1ZMLH8300204F0,1W9DL31001461C,,,,,
2023-11-01,11:28:18.84 AM,3m 56.5s,236.5,33.8015995075878,-117.4704691731206,135.8,135.8,18.0,1400,1697.0,4.966812,6.085134,0.671082,2.23694,-4.921268,1.342164,0,0,2.7,-1.1,2.9,-81.3,278.7,284.9,Tripod,Other,,23,5,True,,True,False,,Smart,RC,False,True,False,,,True,,False,False,False,False,False,False,False,False,False,False,0,Follow Yaw,-77.9,0,-89.4,270.6,False,False,False,False,False,,0,0,False,False,No Card,100,100,1024,1313,1170,942,2,False,False,False,False,False,0,False,False,False,False,87,,47.448,,8737,,10044,,47.448,,True,3.957,3.957,3.957,3.957,3.957,3.957,3.957,3.957,3.957,3.957,3.957,3.957,0,,False,False,True,,,,,,,,,,,,,,,False,False,19.204,,90.5,,75.7,,90.5,,1658,55,13,17,8,144646.6,19286.22,,Idle,,20,,10,,,20,Go Home,False,False,False,False,False,False,False,False,False,False,False,False,33.8027920380556,-117.4659261431046,1444.2,2972.0,1049.4,396.9,True,1,1,False,False,False,False,,True,False,False,Course Lock,196.8,67,16.4,93,E,S,11.4,11.4,Calm,False,False,Android,7.0.2,M300 RTK,1ZN7L4R0H1D00F,1W9DL31001461C,1ZMLH8300204F0,1Z6PH74DAP0QN7,"Corona, CA",728.3,5.7,137.7,8.547347,2.013246,0,0,DJI Matrice 300 RTK,M300 RTK,1ZN7L4R0H1D00F,1W9DL31001461C,1ZMLH8300204F0,1Z6PH74DAP0QN7,DJI Pilot,Android,7.0.2,1EF72A62-B7C3-C88D-164E-CE6F8C8424AE,1ZN7L4R0H1D00F,1W9DL31001461C,,1ZMLH8300204F0,1W9DL31001461C,,,,,
2023-11-01,11:28:18.94 AM,3m 56.6s,236.6,33.8015998579248,-117.470471622696,135.8,135.8,18.0,1400,1697.7,4.966812,6.085134,0.671082,2.23694,-4.921268,1.342164,0,0,2.6,-1.2,2.8,-81.3,278.7,279.7,Tripod,Other,,23,5,True,,True,False,,Smart,RC,False,True,False,,,True,,False,False,False,False,False,False,False,False,False,False,0,Follow Yaw,-77.9,0,-89.5,270.5,False,False,False,False,False,,0,0,False,False,No Card,100,100,1024,1312,1171,937,2,False,False,False,False,False,0,False,False,False,False,87,,47.448,,8737,,10044,,47.448,,True,3.957,3.957,3.957,3.957,3.957,3.957,3.957,3.957,3.957,3.957,3.957,3.957,0,,False,False,True,,,,,,,,,,,,,,,False,False,19.204,,90.5,,75.7,,90.5,,1658,55,13,17,8,144646.6,19286.22,,Idle,,20,,10,,,20,Go Home,False,False,False,False,False,False,False,False,False,False,False,False,33.8027920380556,-117.4659261431046,1444.9,2972.0,1049.4,396.9,True,1,1,False,False,False,False,,True,False,False,Course Lock,196.8,67,16.4,93,E,S,11.4,11.4,Calm,False,False,Android,7.0.2,M300 RTK,1ZN7L4R0H1D00F,1W9DL31001461C,1ZMLH8300204F0,1Z6PH74DAP0QN7,"Corona, CA",728.3,5.7,137.7,8.547347,2.013246,0,0,DJI Matrice 300 RTK,M300 RTK,1ZN7L4R0H1D00F,1W9DL31001461C,1ZMLH8300204F0,1Z6PH74DAP0QN7,DJI Pilot,Android,7.0.2,1EF72A62-B7C3-C88D-164E-CE6F8C8424AE,1ZN7L4R0H1D00F,1W9DL31001461C,,1ZMLH8300204F0,1W9DL31001461C,,,,,
2023-11-01,11:28:19.04 AM,3m 56.7s,236.7,33.8016000942242,-117.4704741276888,135.8,135.8,18.0,1400,1698.5,4.966812,6.085134,0.671082,2.23694,-4.921268,1.342164,0,0,2.5,-1.3,2.8,-81.4,278.6,276.4,Tripod,Other,,23,5,True,,True,False,,Smart,RC,False,True,False,,,True,,False,False,False,False,False,False,False,False,False,False,0,Follow Yaw,-77.9,0,-89.7,270.3,False,False,False,False,False,,0,0,False,False,No Card,100,100,1024,1314,1170,944,2,False,False,False,False,False,0,False,False,False,False,87,,47.388,,4337,,4986,,47.388,,True,3.957,3.957,3.957,3.957,3.957,3.957,3.957,3.957,3.957,3.957,3.957,3.957,0,,False,False,True,,,,,,,,,,,,,,,False,False,9.56,,90.3,,75.7,,90.5,,1658,55,13,17,8,144646.6,19286.22,,Idle,,20,,10,,,20,Go Home,False,False,False,False,False,False,False,False,False,False,False,False,33.8027920380556,-117.4659261431046,1445.6,2972.0,1049.4,396.9,True,1,1,False,False,False,False,,True,False,False,Course Lock,196.8,67,16.4,93,E,S,11.4,11.4,Calm,False,False,Android,7.0.2,M300 RTK,1ZN7L4R0H1D00F,1W9DL31001461C,1ZMLH8300204F0,1Z6PH74DAP0QN7,"Corona, CA",728.3,5.7,137.7,8.547347,2.013246,0,0,DJI Matrice 300 RTK,M300 RTK,1ZN7L4R0H1D00F,1W9DL31001461C,1ZMLH8300204F0,1Z6PH74DAP0QN7,DJI Pilot,Android,7.0.2,1EF72A62-B7C3-C88D-164E-CE6F8C8424AE,1ZN7L4R0H1D00F,1W9DL31001461C,,1ZMLH8300204F0,1W9DL31001461C,,,,,
2023-11-01,11:28:19.14 AM,3m 56.8s,236.8,33.8016004286618,-117.4704765818824,135.8,135.8,18.0,1400,1699.3,4.966812,6.085134,0.671082,2.23694,-4.921268,1.342164,0,0,2.5,-1.4,2.8,-81.5,278.5,279.3,Tripod,Other,,23,5,True,,True,False,,Smart,RC,False,True,False,,,True,,False,False,False,False,False,False,False,False,False,False,0,Follow Yaw,-77.9,0,-89.8,270.2,False,False,False,False,False,,0,0,False,False,No Card,100,100,1024,1314,1170,953,2,False,False,False,False,False,0,False,False,False,False,87,,47.388,,4337,,4986,,47.388,,True,3.957,3.957,3.957,3.957,3.957,3.957,3.957,3.957,3.957,3.957,3.957,3.957,0,,False,False,True,,,,,,,,,,,,,,,False,False,9.56,,90.3,,75.7,,90.5,,1658,55,13,17,8,144646.6,19286.22,,Idle,,20,,10,,,20,Go Home,False,False,False,False,False,False,False,False,False,False,False,False,33.8027920380556,-117.4659261431046,1446.3,2972.0,1049.4,396.9,True,1,1,False,False,False,False,,True,False,False,Course Lock,196.8,67,16.4,93,E,S,11.4,11.4,Calm,False,False,Android,7.0.2,M300 RTK,1ZN7L4R0H1D00F,1W9DL31001461C,1ZMLH8300204F0,1Z6PH74DAP0QN7,"Corona, CA",728.3,5.7,137.7,8.547347,2.013246,0,0,DJI Matrice 300 RTK,M300 RTK,1ZN7L4R0H1D00F,1W9DL31001461C,1ZMLH8300204F0,1Z6PH74DAP0QN7,DJI Pilot,Android,7.0.2,1EF72A62-B7C3-C88D-164E-CE6F8C8424AE,1ZN7L4R0H1D00F,1W9DL31001461C,,1ZMLH8300204F0,1W9DL31001461C,,,,,
2023-11-01,11:28:19.24 AM,3m 56.9s,236.9,33.8016007285591,-117.4704789569084,135.8,135.8,18.3,1400,1700.0,4.966812,6.085134,0.671082,2.23694,-4.921268,1.342164,0,0,2.5,-1.5,2.9,-81.6,278.4,278.6,Tripod,Other,,23,5,True,,True,False,,Smart,RC,False,True,False,,,True,,False,False,False,False,False,False,False,False,False,False,0,Follow Yaw,-77.9,0,-89.9,270.1,False,False,False,False,False,,0,0,False,False,No Card,100,100,1024,1313,1171,957,2,False,False,False,False,False,0,False,False,False,False,87,,47.388,,4337,,4986,,47.388,,True,3.957,3.957,3.957,3.957,3.957,3.957,3.957,3.957,3.957,3.957,3.957,3.957,0,,False,False,True,,,,,,,,,,,,,,,False,False,9.56,,90.3,,75.7,,90.5,,1658,55,13,17,8,144646.6,19286.22,,Idle,,20,,10,,,20,Go Home,False,False,False,False,False,False,False,False,False,False,False,False,33.8027920380556,-117.4659261431046,1446.9,2972.0,1049.4,396.9,True,1,1,False,False,False,False,,True,False,False,Course Lock,196.8,67,16.4,93,E,S,11.4,11.4,Calm,False,False,Android,7.0.2,M300 RTK,1ZN7L4R0H1D00F,1W9DL31001461C,1ZMLH8300204F0,1Z6PH74DAP0QN7,"Corona, CA",728.3,5.7,137.7,8.547347,2.013246,0,0,DJI Matrice 300 RTK,M300 RTK,1ZN7L4R0H1D00F,1W9DL31001461C,1ZMLH8300204F0,1Z6PH74DAP0QN7,DJI Pilot,Android,7.0.2,1EF72A62-B7C3-C88D-164E-CE6F8C8424AE,1ZN7L4R0H1D00F,1W9DL31001461C,,1ZMLH8300204F0,1W9DL31001461C,,,,,
2023-11-01,11:28:19.34 AM,3m 57.0s,237.0,33.8016010470972,-117.4704813926296,135.8,135.8,18.3,1400,1700.7,4.966812,6.085134,0.671082,2.23694,-4.921268,1.342164,0,0,2.4,-1.6,2.8,-81.8,278.2,278.9,Tripod,Other,,23,5,True,,True,False,,Smart,RC,False,True,False,,,True,,False,False,False,False,False,False,False,False,False,False,0,Follow Yaw,-77.9,0,-90,270,False,False,False,False,False,,0,0,False,False,No Card,100,100,1024,1311,1171,950,2,False,False,False,False,False,0,False,False,False,False,87,,47.424,,8737,,10044,,47.424,,True,3.957,3.957,3.957,3.957,3.957,3.957,3.957,3.957,3.957,3.957,3.957,3.957,0,,False,False,True,,,,,,,,,,,,,,,False,False,19.426,,90.5,,75.7,,90.5,,1658,55,13,17,8,144646.6,19286.22,,Idle,,20,,10,,,20,Go Home,False,False,False,False,False,False,False,False,False,False,False,False,33.8027920380556,-117.4659261431046,1447.6,2972.0,1049.4,396.9,True,1,1,False,False,False,False,,True,False,False,Course Lock,196.8,67,16.4,93,E,S,11.4,11.4,Calm,False,False,Android,7.0.2,M300 RTK,1ZN7L4R0H1D00F,1W9DL31001461C,1ZMLH8300204F0,1Z6PH74DAP0QN7,"Corona, CA",728.3,5.7,137.7,8.547347,2.013246,0,0,DJI Matrice 300 RTK,M300 RTK,1ZN7L4R0H1D00F,1W9DL31001461C,1ZMLH8300204F0,1Z6PH74DAP0QN7,DJI Pilot,Android,7.0.2,1EF72A62-B7C3-C88D-164E-CE6F8C8424AE,1ZN7L4R0H1D00F,1W9DL31001461C,,1ZMLH8300204F0,1W9DL31001461C,,,,,
2023-11-01,11:28:19.44 AM,3m 57.1s,237.1,33.8016013842761,-117.4704838144964,135.8,135.8,18.3,1400,1701.5,4.966812,6.085134,0.671082,2.23694,-4.921268,1.342164,0,0,2.3,-1.6,2.8,-81.9,278.1,279.5,Tripod,Other,,23,5,True,,True,False,,Smart,RC,False,True,False,,,True,,False,False,False,False,False,False,False,False,False,False,0,Follow Yaw,-77.9,0,-90.1,269.9,False,False,False,False,False,,0,0,False,False,No Card,100,100,1024,1308,1174,925,2,False,False,False,False,False,0,False,False,False,False,87,,47.424,,8737,,10044,,47.424,,True,3.957,3.957,3.957,3.957,3.957,3.957,3.957,3.957,3.957,3.957,3.957,3.957,0,,False,False,True,,,,,,,,,,,,,,,False,False,19.426,,90.5,,75.7,,90.5,,1658,55,13,17,8,144646.6,19286.22,,Idle,,20,,10,,,20,Go Home,False,False,False,False,False,False,False,False,False,False,False,False,33.8027920380556,-117.4659261431046,1448.3,2972.0,1049.4,396.9,True,1,1,False,False,False,False,,True,False,False,Course Lock,196.8,67,16.4,93,E,S,11.4,11.4,Calm,False,False,Android,7.0.2,M300 RTK,1ZN7L4R0H1D00F,1W9DL31001461C,1ZMLH8300204F0,1Z6PH74DAP0QN7,"Corona, CA",728.3,5.7,137.7,8.547347,2.013246,0,0,DJI Matrice 300 RTK,M300 RTK,1ZN7L4R0H1D00F,1W9DL31001461C,1ZMLH8300204F0,1Z6PH74DAP0QN7,DJI Pilot,Android,7.0.2,1EF72A62-B7C3-C88D-164E-CE6F8C8424AE,1ZN7L4R0H1D00F,1W9DL31001461C,,1ZMLH8300204F0,1W9DL31001461C,,,,,
2023-11-01,11:28:19.54 AM,3m 57.2s,237.2,33.8016016907526,-117.470486237023,135.8,135.8,18.3,1400,1702.2,4.966812,6.085134,0.671082,2.23694,-4.921268,1.342164,0,0,2.2,-1.6,2.7,-82.1,277.9,278.6,Tripod,Other,,23,5,True,,True,False,,Smart,RC,False,True,False,,,True,,False,False,False,False,False,False,False,False,False,False,0,Follow Yaw,-77.9,0,-90.3,269.7,False,False,False,False,False,,0,0,False,False,No Card,100,100,1024,1309,1174,920,2,False,False,False,False,False,0,False,False,False,False,87,,47.424,,8737,,10044,,47.424,,True,3.957,3.957,3.957,3.957,3.957,3.957,3.957,3.957,3.957,3.957,3.957,3.957,0,,False,False,True,,,,,,,,,,,,,,,False,False,19.426,,90.5,,75.7,,90.5,,1658,55,13,17,8,144646.6,19286.22,,Idle,,20,,10,,,20,Go Home,False,False,False,False,False,False,False,False,False,False,False,False,33.8027920380556,-117.4659261431046,1448.9,2972.0,1049.4,396.9,True,1,1,False,False,False,False,,True,False,False,Course Lock,196.8,67,16.4,93,E,S,11.4,11.4,Calm,False,False,Android,7.0.2,M300 RTK,1ZN7L4R0H1D00F,1W9DL31001461C,1ZMLH8300204F0,1Z6PH74DAP0QN7,"Corona, CA",728.3,5.7,137.7,8.547347,2.013246,0,0,DJI Matrice 300 RTK,M300 RTK,1ZN7L4R0H1D00F,1W9DL31001461C,1ZMLH8300204F0,1Z6PH74DAP0QN7,DJI Pilot,Android,7.0.2,1EF72A62-B7C3-C88D-164E-CE6F8C8424AE,1ZN7L4R0H1D00F,1W9DL31001461C,,1ZMLH8300204F0,1W9DL31001461C,,,,,
2023-11-01,11:28:19.64 AM,3m 57.3s,237.3,33.8016018689365,-117.4704886552613,135.8,135.8,18.3,1400,1703.0,4.966812,6.085134,0.671082,2.23694,-4.921268,1.342164,-0.223694,0,2.2,-1.5,2.6,-82.2,277.8,275.0,Tripod,Other,,23,5,True,,True,False,,Smart,RC,False,True,False,,,True,,False,False,False,False,False,False,False,False,False,False,0,Follow Yaw,-77.9,0,-90.5,269.5,False,False,False,False,False,,0,0,False,False,No Card,100,100,1024,1308,1176,923,2,False,False,False,False,False,0,False,False,False,False,87,,47.424,,8737,,10044,,47.424,,True,3.952,3.952,3.952,3.952,3.952,3.952,3.952,3.952,3.952,3.952,3.952,3.952,0,,False,False,True,,,,,,,,,,,,,,,False,False,19.426,,90.5,,75.7,,90.5,,1655,55,13,17,8,144726.7,19296.90,,Idle,,20,,10,,,20,Go Home,False,False,False,False,False,False,False,False,False,False,False,False,33.8027920380556,-117.4659261431046,1449.6,2972.0,1049.4,396.9,True,1,1,False,False,False,False,,True,False,False,Course Lock,196.8,67,16.4,93,E,S,11.4,11.4,Calm,False,False,Android,7.0.2,M300 RTK,1ZN7L4R0H1D00F,1W9DL31001461C,1ZMLH8300204F0,1Z6PH74DAP0QN7,"Corona, CA",728.3,5.7,137.7,8.547347,2.013246,0,0,DJI Matrice 300 RTK,M300 RTK,1ZN7L4R0H1D00F,1W9DL31001461C,1ZMLH8300204F0,1Z6PH74DAP0QN7,DJI Pilot,Android,7.0.2,1EF72A62-B7C3-C88D-164E-CE6F8C8424AE,1ZN7L4R0H1D00F,1W9DL31001461C,,1ZMLH8300204F0,1W9DL31001461C,,,,,
2023-11-01,11:28:19.74 AM,3m 57.4s,237.4,33.8016021529344,-117.4704910672322,136.1,136.1,18.3,1400,1703.7,4.941561,6.085134,0.447388,2.23694,-4.921268,1.342164,0,0,2.2,-1.4,2.6,-82.3,277.7,278.0,Tripod,Other,,23,5,True,,True,False,,Smart,RC,False,True,False,,,True,,False,False,False,False,False,False,False,False,False,False,0,Follow Yaw,-77.9,0,-90.6,269.4,False,False,False,False,False,,0,0,False,False,No Card,100,100,1024,1307,1176,925,2,False,False,False,False,False,0,False,False,False,False,87,,47.424,,8737,,10044,,47.424,,True,3.952,3.952,3.952,3.952,3.952,3.952,3.952,3.952,3.952,3.952,3.952,3.952,0,,False,False,True,,,,,,,,,,,,,,,False,False,19.426,,90.5,,75.7,,90.5,,1655,55,13,17,8,144726.7,19296.90,,Idle,,20,,10,,,20,Go Home,False,False,False,False,False,False,False,False,False,False,False,False,33.8027920380556,-117.4659261431046,1450.3,2972.0,1049.4,396.9,True,1,1,False,False,False,False,,True,False,False,Course Lock,196.8,67,16.4,93,E,S,11.4,11.4,Calm,False,False,Android,7.0.2,M300 RTK,1ZN7L4R0H1D00F,1W9DL31001461C,1ZMLH8300204F0,1Z6PH74DAP0QN7,"Corona, CA",728.3,5.7,137.7,8.547347,2.013246,0,0,DJI Matrice 300 RTK,M300 RTK,1ZN7L4R0H1D00F,1W9DL31001461C,1ZMLH8300204F0,1Z6PH74DAP0QN7,DJI Pilot,Android,7.0.2,1EF72A62-B7C3-C88D-164E-CE6F8C8424AE,1ZN7L4R0H1D00F,1W9DL31001461C,,1ZMLH8300204F0,1W9DL31001461C,,,,,
2023-11-01,11:28:19.84 AM,3m 57.5s,237.5,33.8016025268466,-117.470493655021,136.1,136.1,18.3,1400,1704.5,4.941561,6.085134,0.447388,2.23694,-4.921268,1.342164,0,0,2.1,-1.3,2.4,-82.4,277.6,279.8,Tripod,Other,,23,5,True,,True,False,,Smart,RC,False,True,False,,,True,,False,False,False,False,False,False,False,False,False,False,0,Follow Yaw,-77.9,0,-90.8,269.2,False,False,False,False,False,,0,0,False,False,No Card,100,100,1024,1306,1176,925,2,False,False,False,False,False,0,False,False,False,False,87,,47.424,,8737,,10044,,47.424,,True,3.952,3.952,3.952,3.952,3.952,3.952,3.952,3.952,3.952,3.952,3.952,3.952,0,,False,False,True,,,,,,,,,,,,,,,False,False,19.426,,90.5,,75.7,,90.5,,1655,55,13,17,8,144726.7,19296.90,,Idle,,20,,10,,,20,Go Home,False,False,False,False,False,False,False,False,False,False,False,False,33.8027920380556,-117.4659261431046,1451.0,2972.0,1049.4,396.9,True,1,1,False,False,False,False,,True,False,False,Course Lock,196.8,67,16.4,93,E,S,11.4,11.4,Calm,False,False,Android,7.0.2,M300 RTK,1ZN7L4R0H1D00F,1W9DL31001461C,1ZMLH8300204F0,1Z6PH74DAP0QN7,"Corona, CA",728.3,5.7,137.7,8.547347,2.013246,0,0,DJI Matrice 300 RTK,M300 RTK,1ZN7L4R0H1D00F,1W9DL31001461C,1ZMLH8300204F0,1Z6PH74DAP0QN7,DJI Pilot,Android,7.0.2,1EF72A62-B7C3-C88D-164E-CE6F8C8424AE,1ZN7L4R0H1D00F,1W9DL31001461C,,1ZMLH8300204F0,1W9DL31001461C,,,,,
2023-11-01,11:28:19.94 AM,3m 57.6s,237.6,33.8016028119409,-117.4704960660024,136.1,136.1,18.3,1400,1705.2,4.71883,6.085134,0.447388,2.23694,-4.697574,1.342164,-0.223694,0,2.1,-1.1,2.3,-82.6,277.4,278.0,Tripod,Other,,23,5,True,,True,False,,Smart,RC,False,True,False,,,True,,False,False,False,False,False,False,False,False,False,False,0,Follow Yaw,-77.9,0,-91,269,False,False,False,False,False,,0,0,False,False,No Card,100,100,1024,1307,1176,948,2,False,False,False,False,False,0,False,False,False,False,87,,47.424,,8737,,10044,,47.424,,True,3.952,3.952,3.952,3.952,3.952,3.952,3.952,3.952,3.952,3.952,3.952,3.952,0,,False,False,True,,,,,,,,,,,,,,,False,False,19.426,,90.5,,75.7,,90.5,,1655,55,13,17,8,144726.7,19296.90,,Idle,,20,,10,,,20,Go Home,False,False,False,False,False,False,False,False,False,False,False,False,33.8027920380556,-117.4659261431046,1451.6,2972.0,1049.4,396.9,True,1,1,False,False,False,False,,True,False,False,Course Lock,196.8,67,16.4,93,E,S,11.4,11.4,Calm,False,False,Android,7.0.2,M300 RTK,1ZN7L4R0H1D00F,1W9DL31001461C,1ZMLH8300204F0,1Z6PH74DAP0QN7,"Corona, CA",728.3,5.7,137.7,8.547347,2.013246,0,0,DJI Matrice 300 RTK,M300 RTK,1ZN7L4R0H1D00F,1W9DL31001461C,1ZMLH8300204F0,1Z6PH74DAP0QN7,DJI Pilot,Android,7.0.2,1EF72A62-B7C3-C88D-164E-CE6F8C8424AE,1ZN7L4R0H1D00F,1W9DL31001461C,,1ZMLH8300204F0,1W9DL31001461C,,,,,
2023-11-01,11:28:20.04 AM,3m 57.7s,237.7,33.8016030800392,-117.4704983387704,136.1,136.1,18.3,1400,1705.9,4.71883,6.085134,0.447388,2.23694,-4.697574,1.342164,-0.223694,0,2.1,-1.1,2.3,-82.9,277.1,278.0,Tripod,Other,,23,5,True,,True,False,,Smart,RC,False,True,False,,,True,,False,False,False,False,False,False,False,False,False,False,0,Follow Yaw,-77.9,0,-91.1,268.9,False,False,False,False,False,,0,0,False,False,No Card,100,100,1024,1307,1176,948,2,False,False,False,False,False,0,False,False,False,False,87,,47.424,,8737,,10044,,47.424,,True,3.952,3.952,3.952,3.952,3.952,3.952,3.952,3.952,3.952,3.952,3.952,3.952,0,,False,False,True,,,,,,,,,,,,,,,False,False,19.426,,90.5,,75.7,,90.5,,1655,55,13,17,8,144726.7,19296.90,,Idle,,20,,10,,,20,Go Home,False,False,False,False,False,False,False,False,False,False,False,False,33.8027920380556,-117.4659261431046,1452.3,2972.0,1049.4,396.9,True,1,1,False,False,False,False,,True,False,False,Course Lock,196.8,67,16.4,93,E,S,11.4,11.4,Calm,False,False,Android,7.0.2,M300 RTK,1ZN7L4R0H1D00F,1W9DL31001461C,1ZMLH8300204F0,1Z6PH74DAP0QN7,"Corona, CA",728.3,5.7,137.7,8.547347,2.013246,0,0,DJI Matrice 300 RTK,M300 RTK,1ZN7L4R0H1D00F,1W9DL31001461C,1ZMLH8300204F0,1Z6PH74DAP0QN7,DJI Pilot,Android,7.0.2,1EF72A62-B7C3-C88D-164E-CE6F8C8424AE,1ZN7L4R0H1D00F,1W9DL31001461C,,1ZMLH8300204F0,1W9DL31001461C,,,,,
2023-11-01,11:28:20.12 AM,3m 57.8s,237.8,33.8016033640371,-117.4705007217131,136.1,136.1,18.3,1400,1706.6,4.71883,6.085134,0.447388,2.23694,-4.697574,1.342164,-0.223694,0,2,-1.3,2.3,-83.2,276.8,278.1,Tripod,Other,,23,5,True,,True,False,,Smart,RC,False,True,False,,,True,,False,False,False,False,False,False,False,False,False,False,0,Follow Yaw,-77.9,0,-91.2,268.8,False,False,False,False,False,,0,0,False,False,No Card,100,100,1024,1309,1172,956,2,False,False,False,False,False,0,False,False,False,False,87,,47.424,,8737,,10044,,47.424,,True,3.952,3.952,3.952,3.952,3.952,3.952,3.952,3.952,3.952,3.952,3.952,3.952,0,,False,False,True,,,,,,,,,,,,,,,False,False,19.426,,90.5,,75.7,,90.5,,1655,55,13,17,8,144726.7,19296.90,,Idle,,20,,10,,,20,Go Home,False,False,False,False,False,False,False,False,False,False,False,False,33.8027920380556,-117.4659261431046,1452.9,2972.0,1049.4,396.9,True,1,1,False,False,False,False,,True,False,False,Course Lock,196.8,67,16.4,93,E,S,11.4,11.4,Calm,False,False,Android,7.0.2,M300 RTK,1ZN7L4R0H1D00F,1W9DL31001461C,1ZMLH8300204F0,1Z6PH74DAP0QN7,"Corona, CA",728.3,5.7,137.7,8.547347,2.013246,0,0,DJI Matrice 300 RTK,M300 RTK,1ZN7L4R0H1D00F,1W9DL31001461C,1ZMLH8300204F0,1Z6PH74DAP0QN7,DJI Pilot,Android,7.0.2,1EF72A62-B7C3-C88D-164E-CE6F8C8424AE,1ZN7L4R0H1D00F,1W9DL31001461C,,1ZMLH8300204F0,1W9DL31001461C,,,,,
2023-11-01,11:28:20.23 AM,3m 57.9s,237.9,33.8016034967156,-117.4705031927298,136.1,136.1,18.3,1400,1707.4,4.71883,6.085134,0.447388,2.23694,-4.697574,1.342164,0,0,1.7,-1.5,2.2,-83.5,276.5,273.6,Tripod,Other,,23,5,True,,True,False,,Smart,RC,False,True,False,,,True,,False,False,False,False,False,False,False,False,False,False,0,Follow Yaw,-77.9,0,-91.4,268.6,False,False,False,False,False,,0,0,False,False,No Card,100,100,1024,1310,1171,954,2,False,False,False,False,False,0,False,False,False,False,87,,47.424,,8737,,10044,,47.424,,True,3.952,3.952,3.952,3.952,3.952,3.952,3.952,3.952,3.952,3.952,3.952,3.952,0,,False,False,True,,,,,,,,,,,,,,,False,False,19.426,,90.5,,75.7,,90.5,,1655,55,13,17,8,144726.7,19296.90,,Idle,,20,,10,,,20,Go Home,False,False,False,False,False,False,False,False,False,False,False,False,33.8027920380556,-117.4659261431046,1453.6,2972.0,1049.4,396.9,True,1,1,False,False,False,False,,True,False,False,Course Lock,196.8,67,16.4,93,E,S,11.4,11.4,Calm,False,False,Android,7.0.2,M300 RTK,1ZN7L4R0H1D00F,1W9DL31001461C,1ZMLH8300204F0,1Z6PH74DAP0QN7,"Corona, CA",728.3,5.7,137.7,8.547347,2.013246,0,0,DJI Matrice 300 RTK,M300 RTK,1ZN7L4R0H1D00F,1W9DL31001461C,1ZMLH8300204F0,1Z6PH74DAP0QN7,DJI Pilot,Android,7.0.2,1EF72A62-B7C3-C88D-164E-CE6F8C8424AE,1ZN7L4R0H1D00F,1W9DL31001461C,,1ZMLH8300204F0,1W9DL31001461C,,,,,
2023-11-01,11:28:20.33 AM,3m 58.0s,238.0,33.8016037587831,-117.4705055720441,136.1,136.1,18.3,1400,1708.1,4.71883,6.085134,0.447388,2.23694,-4.697574,1.342164,0,0,1.6,-1.8,2.4,-83.6,276.4,277.5,Tripod,Other,,23,5,True,,True,False,,Smart,RC,False,True,False,,,True,,False,False,False,False,False,False,False,False,False,False,0,Follow Yaw,-77.9,0,-91.5,268.5,False,False,False,False,False,,0,0,False,False,No Card,100,100,1024,1309,1175,955,2,False,False,False,False,False,0,False,False,False,False,87,,47.4,,8737,,10044,,47.4,,True,3.952,3.952,3.952,3.952,3.952,3.952,3.952,3.952,3.952,3.952,3.952,3.952,0,,False,False,True,,,,,,,,,,,,,,,False,False,19.616,,90.6,,75.7,,90.6,,1655,55,13,17,8,144726.7,19296.90,,Idle,,20,,10,,,20,Go Home,False,False,False,False,False,False,False,False,False,False,False,False,33.8027920380556,-117.4659261431046,1454.3,2972.0,1049.4,396.9,True,1,1,False,False,False,False,,True,False,False,Course Lock,196.8,67,16.4,93,E,S,11.4,11.4,Calm,False,False,Android,7.0.2,M300 RTK,1ZN7L4R0H1D00F,1W9DL31001461C,1ZMLH8300204F0,1Z6PH74DAP0QN7,"Corona, CA",728.3,5.7,137.7,8.547347,2.013246,0,0,DJI Matrice 300 RTK,M300 RTK,1ZN7L4R0H1D00F,1W9DL31001461C,1ZMLH8300204F0,1Z6PH74DAP0QN7,DJI Pilot,Android,7.0.2,1EF72A62-B7C3-C88D-164E-CE6F8C8424AE,1ZN7L4R0H1D00F,1W9DL31001461C,,1ZMLH8300204F0,1W9DL31001461C,,,,,
2023-11-01,11:28:20.43 AM,3m 58.1s,238.1,33.8016040510048,-117.4705080536165,136.1,136.1,18.3,1400,1708.9,4.71883,6.085134,0.447388,2.23694,-4.697574,1.342164,0,0,1.5,-2.2,2.6,-83.7,276.3,278.0,Tripod,Other,,23,5,True,,True,False,,Smart,RC,False,True,False,,,True,,False,False,False,False,False,False,False,False,False,False,0,Follow Yaw,-77.9,0,-91.6,268.4,False,False,False,False,False,,0,0,False,False,No Card,100,100,1024,1310,1176,958,2,False,False,False,False,False,0,False,False,False,False,87,,47.4,,8737,,10044,,47.4,,True,3.952,3.952,3.952,3.952,3.952,3.952,3.952,3.952,3.952,3.952,3.952,3.952,0,,False,False,True,,,,,,,,,,,,,,,False,False,19.616,,90.6,,75.7,,90.6,,1655,55,13,17,8,144726.7,19296.90,,Idle,,20,,10,,,20,Go Home,False,False,False,False,False,False,False,False,False,False,False,False,33.8027920380556,-117.4659261431046,1455.0,2972.0,1049.4,396.9,True,1,1,False,False,False,False,,True,False,False,Course Lock,196.8,67,16.4,93,E,S,11.18,11.4,Calm,False,False,Android,7.0.2,M300 RTK,1ZN7L4R0H1D00F,1W9DL31001461C,1ZMLH8300204F0,1Z6PH74DAP0QN7,"Corona, CA",728.3,5.7,137.7,8.547347,2.013246,0,0,DJI Matrice 300 RTK,M300 RTK,1ZN7L4R0H1D00F,1W9DL31001461C,1ZMLH8300204F0,1Z6PH74DAP0QN7,DJI Pilot,Android,7.0.2,1EF72A62-B7C3-C88D-164E-CE6F8C8424AE,1ZN7L4R0H1D00F,1W9DL31001461C,,1ZMLH8300204F0,1W9DL31001461C,,,,,
2023-11-01,11:28:20.53 AM,3m 58.2s,238.2,33.8016042884007,-117.4705104415073,136.1,136.1,18.3,1400,1709.6,4.71883,6.085134,0.447388,2.23694,-4.697574,1.342164,0,0,1.7,-2.2,2.7,-83.5,276.5,276.8,Tripod,Other,,23,5,True,,True,False,,Smart,RC,False,True,False,,,True,,False,False,False,False,False,False,False,False,False,False,0,Follow Yaw,-77.9,0,-91.7,268.3,False,False,False,False,False,,0,0,False,False,No Card,100,100,1024,1310,1175,959,2,False,False,False,False,False,0,False,False,False,False,87,,47.4,,8737,,10044,,47.4,,True,3.952,3.952,3.952,3.952,3.952,3.952,3.952,3.952,3.952,3.952,3.952,3.952,0,,False,False,True,,,,,,,,,,,,,,,False,False,19.616,,90.6,,75.7,,90.6,,1655,55,13,17,8,144726.7,19296.90,,Idle,,20,,10,,,20,Go Home,False,False,False,False,False,False,False,False,False,False,False,False,33.8027920380556,-117.4659261431046,1455.6,2972.0,1049.4,396.9,True,1,1,False,False,False,False,,True,False,False,Course Lock,196.8,67,16.4,93,E,S,11.18,11.4,Calm,False,False,Android,7.0.2,M300 RTK,1ZN7L4R0H1D00F,1W9DL31001461C,1ZMLH8300204F0,1Z6PH74DAP0QN7,"Corona, CA",728.3,5.7,137.7,8.547347,2.013246,0,0,DJI Matrice 300 RTK,M300 RTK,1ZN7L4R0H1D00F,1W9DL31001461C,1ZMLH8300204F0,1Z6PH74DAP0QN7,DJI Pilot,Android,7.0.2,1EF72A62-B7C3-C88D-164E-CE6F8C8424AE,1ZN7L4R0H1D00F,1W9DL31001461C,,1ZMLH8300204F0,1W9DL31001461C,,,,,
2023-11-01,11:28:20.64 AM,3m 58.3s,238.3,33.8016045521129,-117.4705127825572,136.1,136.1,18.3,1400,1710.3,4.71883,6.085134,0.447388,2.23694,-4.697574,1.342164,0,0,1.9,-1.5,2.4,-83.4,276.6,277.7,Tripod,Other,,23,5,True,,True,False,,Smart,RC,False,True,False,,,True,,False,False,False,False,False,False,False,False,False,False,0,Follow Yaw,-77.9,0,-91.8,268.2,False,False,False,False,False,,0,0,False,False,No Card,100,100,1024,1309,1173,950,2,False,False,False,False,False,0,False,False,False,False,87,,47.4,,8737,,10044,,47.4,,True,3.951,3.951,3.951,3.951,3.951,3.951,3.951,3.951,3.951,3.951,3.951,3.951,0,,False,False,True,,,,,,,,,,,,,,,False,False,19.616,,90.6,,75.7,,90.6,,1651,55,13,17,8,144851.1,19313.48,,Idle,,20,,10,,,20,Go Home,False,False,False,False,False,False,False,False,False,False,False,False,33.8027920380556,-117.4659261431046,1456.3,2972.0,1049.4,396.9,True,1,1,False,False,False,False,,True,False,False,Course Lock,196.8,67,16.4,93,E,S,11.18,11.4,Calm,False,False,Android,7.0.2,M300 RTK,1ZN7L4R0H1D00F,1W9DL31001461C,1ZMLH8300204F0,1Z6PH74DAP0QN7,"Corona, CA",728.3,5.7,137.7,8.547347,2.013246,0,0,DJI Matrice 300 RTK,M300 RTK,1ZN7L4R0H1D00F,1W9DL31001461C,1ZMLH8300204F0,1Z6PH74DAP0QN7,DJI Pilot,Android,7.0.2,1EF72A62-B7C3-C88D-164E-CE6F8C8424AE,1ZN7L4R0H1D00F,1W9DL31001461C,,1ZMLH8300204F0,1W9DL31001461C,,,,,
2023-11-01,11:28:20.75 AM,3m 58.4s,238.4,33.8016047714163,-117.4705151424095,136.4,136.4,18.3,1400,1711.1,4.71883,6.085134,0.447388,2.23694,-4.697574,1.342164,-0.223694,0,1.7,-0.6,1.8,-83.4,276.6,276.3,Tripod,Other,,23,5,True,,True,False,,Smart,RC,False,True,False,,,True,,False,False,False,False,False,False,False,False,False,False,0,Follow Yaw,-77.9,0,-91.9,268.1,False,False,False,False,False,,0,0,False,False,No Card,100,100,1024,1309,1173,931,2,False,False,False,False,False,0,False,False,False,False,87,,47.4,,8737,,10044,,47.4,,True,3.951,3.951,3.951,3.951,3.951,3.951,3.951,3.951,3.951,3.951,3.951,3.951,0,,False,False,True,,,,,,,,,,,,,,,False,False,19.616,,90.6,,75.7,,90.6,,1651,55,13,17,8,144851.1,19313.48,,Idle,,20,,10,,,20,Go Home,False,False,False,False,False,False,False,False,False,False,False,False,33.8027920380556,-117.4659261431046,1457.0,2972.0,1049.4,396.9,True,1,1,False,False,False,False,,True,False,False,Course Lock,196.8,67,16.4,93,E,S,11.18,11.4,Calm,False,False,Android,7.0.2,M300 RTK,1ZN7L4R0H1D00F,1W9DL31001461C,1ZMLH8300204F0,1Z6PH74DAP0QN7,"Corona, CA",728.3,5.7,137.7,8.547347,2.013246,0,0,DJI Matrice 300 RTK,M300 RTK,1ZN7L4R0H1D00F,1W9DL31001461C,1ZMLH8300204F0,1Z6PH74DAP0QN7,DJI Pilot,Android,7.0.2,1EF72A62-B7C3-C88D-164E-CE6F8C8424AE,1ZN7L4R0H1D00F,1W9DL31001461C,,1ZMLH8300204F0,1W9DL31001461C,,,,,
2023-11-01,11:28:20.85 AM,3m 58.5s,238.5,33.8016049260251,-117.4705173508538,136.4,136.4,18.3,1400,1711.7,4.71883,6.085134,0.447388,2.23694,-4.697574,1.342164,-0.223694,0,1.2,-0.2,1.2,-83.6,276.4,274.8,Tripod,Other,,23,5,True,,True,False,,Smart,RC,False,True,False,,,True,,False,False,False,False,False,False,False,False,False,False,0,Follow Yaw,-77.9,0,-92,268,False,False,False,False,False,,0,0,False,False,No Card,100,100,1024,1309,1183,834,2,False,False,False,False,False,0,False,False,False,False,87,,47.4,,8737,,10044,,47.4,,True,3.951,3.951,3.951,3.951,3.951,3.951,3.951,3.951,3.951,3.951,3.951,3.951,0,,False,False,True,,,,,,,,,,,,,,,False,False,19.616,,90.6,,75.7,,90.6,,1651,55,13,17,8,144851.1,19313.48,,Idle,,20,,10,,,20,Go Home,False,False,False,False,False,False,False,False,False,False,False,False,33.8027920380556,-117.4659261431046,1457.6,2972.0,1049.4,396.9,True,1,1,False,False,False,False,,True,False,False,Course Lock,196.8,67,16.4,93,E,S,11.18,11.4,Calm,False,False,Android,7.0.2,M300 RTK,1ZN7L4R0H1D00F,1W9DL31001461C,1ZMLH8300204F0,1Z6PH74DAP0QN7,"Corona, CA",728.3,5.7,137.7,8.547347,2.013246,0,0,DJI Matrice 300 RTK,M300 RTK,1ZN7L4R0H1D00F,1W9DL31001461C,1ZMLH8300204F0,1Z6PH74DAP0QN7,DJI Pilot,Android,7.0.2,1EF72A62-B7C3-C88D-164E-CE6F8C8424AE,1ZN7L4R0H1D00F,1W9DL31001461C,,1ZMLH8300204F0,1W9DL31001461C,,,,,
2023-11-01,11:28:20.95 AM,3m 58.6s,238.6,33.8016051557454,-117.4705196704626,136.4,136.4,18.3,1400,1712.4,4.71883,6.085134,0.447388,2.23694,-4.697574,1.342164,-0.223694,0,0.5,-0.3,0.5,-84,276,276.7,Tripod,Other,,23,5,True,,True,False,,Smart,RC,False,True,False,,,True,,False,False,False,False,False,False,False,False,False,False,0,Follow Yaw,-77.9,0,-92.2,267.8,False,False,False,False,False,,0,0,False,False,No Card,100,100,1024,1309,1183,792,2,False,False,False,False,False,0,False,False,False,False,87,,47.4,,8737,,10044,,47.4,,True,3.951,3.951,3.951,3.951,3.951,3.951,3.951,3.951,3.951,3.951,3.951,3.951,0,,False,False,True,,,,,,,,,,,,,,,False,False,19.616,,90.6,,75.7,,90.6,,1651,55,13,17,8,144851.1,19313.48,,Idle,,20,,10,,,20,Go Home,False,False,False,False,False,False,False,False,False,False,False,False,33.8027920380556,-117.4659261431046,1458.2,2972.0,1049.4,396.9,True,1,1,False,False,False,False,,True,False,False,Course Lock,196.8,67,16.4,93,E,S,11.18,11.4,Calm,False,False,Android,7.0.2,M300 RTK,1ZN7L4R0H1D00F,1W9DL31001461C,1ZMLH8300204F0,1Z6PH74DAP0QN7,"Corona, CA",728.3,5.7,137.7,8.547347,2.013246,0,0,DJI Matrice 300 RTK,M300 RTK,1ZN7L4R0H1D00F,1W9DL31001461C,1ZMLH8300204F0,1Z6PH74DAP0QN7,DJI Pilot,Android,7.0.2,1EF72A62-B7C3-C88D-164E-CE6F8C8424AE,1ZN7L4R0H1D00F,1W9DL31001461C,,1ZMLH8300204F0,1W9DL31001461C,,,,,
2023-11-01,11:28:21.06 AM,3m 58.7s,238.7,33.8016054825074,-117.470522100576,136.4,136.4,18.3,1400,1713.2,4.71883,6.085134,0.447388,2.23694,-4.697574,1.342164,-0.223694,0,0.4,-1.4,1.4,-84.4,275.6,279.1,Tripod,Other,,23,5,True,,True,False,,Smart,RC,False,True,False,,,True,,False,False,False,False,False,False,False,False,False,False,0,Follow Yaw,-77.9,0,-92.7,267.3,False,False,False,False,False,,0,0,False,False,No Card,100,100,1024,1310,1179,792,2,False,False,False,False,False,0,False,False,False,False,87,,47.4,,8737,,10044,,47.4,,True,3.951,3.951,3.951,3.951,3.951,3.951,3.951,3.951,3.951,3.951,3.951,3.951,0,,False,False,True,,,,,,,,,,,,,,,False,False,19.616,,90.6,,75.7,,90.6,,1651,55,13,17,8,144851.1,19313.48,,Idle,,20,,10,,,20,Go Home,False,False,False,False,False,False,False,False,False,False,False,False,33.8027920380556,-117.4659261431046,1458.9,2972.0,1049.4,396.9,True,1,1,False,False,False,False,,True,False,False,Course Lock,196.8,67,16.4,93,E,S,11.18,11.4,Calm,False,False,Android,7.0.2,M300 RTK,1ZN7L4R0H1D00F,1W9DL31001461C,1ZMLH8300204F0,1Z6PH74DAP0QN7,"Corona, CA",728.3,5.7,137.7,8.547347,2.013246,0,0,DJI Matrice 300 RTK,M300 RTK,1ZN7L4R0H1D00F,1W9DL31001461C,1ZMLH8300204F0,1Z6PH74DAP0QN7,DJI Pilot,Android,7.0.2,1EF72A62-B7C3-C88D-164E-CE6F8C8424AE,1ZN7L4R0H1D00F,1W9DL31001461C,,1ZMLH8300204F0,1W9DL31001461C,,,,,
2023-11-01,11:28:21.16 AM,3m 58.8s,238.8,33.8016057177102,-117.4705244145771,136.4,136.4,18.0,1400,1713.9,4.496193,6.085134,0.447388,2.23694,-4.47388,1.342164,-0.223694,0,0.7,-2.6,2.6,-84.8,275.2,276.9,Tripod,Other,,23,5,True,,True,False,,Smart,RC,False,True,False,,,True,,False,False,False,False,False,False,False,False,False,False,0,Follow Yaw,-77.9,0,-93.3,266.7,False,False,False,False,False,,0,0,False,False,No Card,100,100,1024,1309,1179,796,2,False,False,False,False,False,0,False,False,False,False,87,,47.4,,8737,,10044,,47.4,,True,3.951,3.951,3.951,3.951,3.951,3.951,3.951,3.951,3.951,3.951,3.951,3.951,0,,False,False,True,,,,,,,,,,,,,,,False,False,19.616,,90.6,,75.7,,90.6,,1651,55,13,17,8,144851.1,19313.48,,Idle,,20,,10,,,20,Go Home,False,False,False,False,False,False,False,False,False,False,False,False,33.8027920380556,-117.4659261431046,1459.5,2972.0,1049.4,396.9,True,1,1,False,False,False,False,,True,False,False,Course Lock,196.8,67,16.4,93,E,S,11.18,11.4,Calm,False,False,Android,7.0.2,M300 RTK,1ZN7L4R0H1D00F,1W9DL31001461C,1ZMLH8300204F0,1Z6PH74DAP0QN7,"Corona, CA",728.3,5.7,137.7,8.547347,2.013246,0,0,DJI Matrice 300 RTK,M300 RTK,1ZN7L4R0H1D00F,1W9DL31001461C,1ZMLH8300204F0,1Z6PH74DAP0QN7,DJI Pilot,Android,7.0.2,1EF72A62-B7C3-C88D-164E-CE6F8C8424AE,1ZN7L4R0H1D00F,1W9DL31001461C,,1ZMLH8300204F0,1W9DL31001461C,,,,,
2023-11-01,11:28:21.26 AM,3m 58.9s,238.9,33.8016058520335,-117.4705265303295,136.4,136.4,18.0,1400,1714.5,4.479468,6.085134,0.223694,2.23694,-4.47388,1.342164,-0.223694,0,1.2,-3,3.2,-85.2,274.8,274.3,Tripod,Other,,23,5,True,,True,False,,Smart,RC,False,True,False,,,True,,False,False,False,False,False,False,False,False,False,False,0,Follow Yaw,-77.9,0,-93.8,266.2,False,False,False,False,False,,0,0,False,False,No Card,100,100,1024,1309,1179,809,2,False,False,False,False,False,0,False,False,False,False,87,,47.4,,8737,,10044,,47.4,,True,3.951,3.951,3.951,3.951,3.951,3.951,3.951,3.951,3.951,3.951,3.951,3.951,0,,False,False,True,,,,,,,,,,,,,,,False,False,19.616,,90.6,,75.7,,90.6,,1651,55,13,17,8,144851.1,19313.48,,Idle,,20,,10,,,20,Go Home,False,False,False,False,False,False,False,False,False,False,False,False,33.8027920380556,-117.4659261431046,1460.1,2972.0,1049.4,396.9,True,1,1,False,False,False,False,,True,False,False,Course Lock,196.8,67,16.4,93,E,S,11.18,11.4,Calm,False,False,Android,7.0.2,M300 RTK,1ZN7L4R0H1D00F,1W9DL31001461C,1ZMLH8300204F0,1Z6PH74DAP0QN7,"Corona, CA",728.3,5.7,137.7,8.547347,2.013246,0,0,DJI Matrice 300 RTK,M300 RTK,1ZN7L4R0H1D00F,1W9DL31001461C,1ZMLH8300204F0,1Z6PH74DAP0QN7,DJI Pilot,Android,7.0.2,1EF72A62-B7C3-C88D-164E-CE6F8C8424AE,1ZN7L4R0H1D00F,1W9DL31001461C,,1ZMLH8300204F0,1W9DL31001461C,,,,,
2023-11-01,11:28:21.37 AM,3m 59.0s,239.0,33.8016060214454,-117.4705287852847,136.4,136.4,18.0,1400,1715.2,4.479468,6.085134,0.223694,2.23694,-4.47388,1.342164,-0.223694,0,1.6,-3,3.4,-85.6,274.4,275.1,Tripod,Other,,23,5,True,,True,False,,Smart,RC,False,True,False,,,True,,False,False,False,False,False,False,False,False,False,False,0,Follow Yaw,-77.9,0,-94.4,265.6,False,False,False,False,False,,0,0,False,False,No Card,100,100,1024,1309,1179,817,2,False,False,False,False,False,0,False,False,False,False,87,,47.388,,8737,,10044,,47.388,,True,3.951,3.951,3.951,3.951,3.951,3.951,3.951,3.951,3.951,3.951,3.951,3.951,0,,False,False,True,,,,,,,,,,,,,,,False,False,20.036,,90.6,,75.7,,90.6,,1651,55,13,17,8,144851.1,19313.48,,Idle,,20,,10,,,20,Go Home,False,False,False,False,False,False,False,False,False,False,False,False,33.8027920380556,-117.4659261431046,1460.8,2972.0,1049.4,396.9,True,1,1,False,False,False,False,,True,False,False,Course Lock,196.8,67,16.4,93,E,S,11.18,11.4,Calm,False,False,Android,7.0.2,M300 RTK,1ZN7L4R0H1D00F,1W9DL31001461C,1ZMLH8300204F0,1Z6PH74DAP0QN7,"Corona, CA",728.3,5.7,137.7,8.547347,2.013246,0,0,DJI Matrice 300 RTK,M300 RTK,1ZN7L4R0H1D00F,1W9DL31001461C,1ZMLH8300204F0,1Z6PH74DAP0QN7,DJI Pilot,Android,7.0.2,1EF72A62-B7C3-C88D-164E-CE6F8C8424AE,1ZN7L4R0H1D00F,1W9DL31001461C,,1ZMLH8300204F0,1W9DL31001461C,,,,,
2023-11-01,11:28:21.47 AM,3m 59.1s,239.1,33.8016059896464,-117.470531062011,136.4,136.4,18.3,1400,1715.9,4.479468,6.085134,0.223694,2.23694,-4.47388,1.342164,-0.223694,0,1.6,-2.9,3.3,-86,274,269.0,Tripod,Other,,23,5,True,,True,False,,Smart,RC,False,True,False,,,True,,False,False,False,False,False,False,False,False,False,False,0,Follow Yaw,-77.9,0,-94.9,265.1,False,False,False,False,False,,0,0,False,False,No Card,100,100,1024,1309,1179,820,2,False,False,False,False,False,0,False,False,False,False,87,,47.388,,8737,,10044,,47.388,,True,3.951,3.951,3.951,3.951,3.951,3.951,3.951,3.951,3.951,3.951,3.951,3.951,0,,False,False,True,,,,,,,,,,,,,,,False,False,20.036,,90.6,,75.7,,90.6,,1651,55,13,17,8,144851.1,19313.48,,Idle,,20,,10,,,20,Go Home,False,False,False,False,False,False,False,False,False,False,False,False,33.8027920380556,-117.4659261431046,1461.4,2972.0,1049.4,396.9,True,1,1,False,False,False,False,,True,False,False,Course Lock,196.8,67,16.4,93,E,S,11.18,11.4,Calm,False,False,Android,7.0.2,M300 RTK,1ZN7L4R0H1D00F,1W9DL31001461C,1ZMLH8300204F0,1Z6PH74DAP0QN7,"Corona, CA",728.3,5.7,137.7,8.547347,2.013246,0,0,DJI Matrice 300 RTK,M300 RTK,1ZN7L4R0H1D00F,1W9DL31001461C,1ZMLH8300204F0,1Z6PH74DAP0QN7,DJI Pilot,Android,7.0.2,1EF72A62-B7C3-C88D-164E-CE6F8C8424AE,1ZN7L4R0H1D00F,1W9DL31001461C,,1ZMLH8300204F0,1W9DL31001461C,,,,,
2023-11-01,11:28:21.57 AM,3m 59.2s,239.2,33.8016060806573,-117.4705332519829,136.8,136.8,18.3,1401,1716.6,4.250186,6.085134,0,2.23694,-4.250186,1.342164,0,0,1.1,-2.7,2.9,-86.5,273.5,272.8,Tripod,Other,,23,5,True,,True,False,,Smart,RC,False,True,False,,,True,,False,False,False,False,False,False,False,False,False,False,0,Follow Yaw,-77.9,0,-95.3,264.7,False,False,False,False,False,,0,0,False,False,No Card,100,100,1024,1309,1178,830,2,False,False,False,False,False,0,False,False,False,False,87,,47.388,,8737,,10044,,47.388,,True,3.951,3.951,3.951,3.951,3.951,3.951,3.951,3.951,3.951,3.951,3.951,3.951,0,,False,False,True,,,,,,,,,,,,,,,False,False,20.036,,90.6,,75.7,,90.6,,1651,55,13,17,8,144851.1,19313.48,,Idle,,20,,10,,,20,Go Home,False,False,False,False,False,False,False,False,False,False,False,False,33.8027920380556,-117.4659261431046,1462.1,2972.0,1049.4,396.9,True,1,1,False,False,False,False,,True,False,False,Course Lock,196.8,67,16.4,93,E,S,10.96,11.4,Calm,False,False,Android,7.0.2,M300 RTK,1ZN7L4R0H1D00F,1W9DL31001461C,1ZMLH8300204F0,1Z6PH74DAP0QN7,"Corona, CA",728.3,5.7,137.7,8.547347,2.013246,0,0,DJI Matrice 300 RTK,M300 RTK,1ZN7L4R0H1D00F,1W9DL31001461C,1ZMLH8300204F0,1Z6PH74DAP0QN7,DJI Pilot,Android,7.0.2,1EF72A62-B7C3-C88D-164E-CE6F8C8424AE,1ZN7L4R0H1D00F,1W9DL31001461C,,1ZMLH8300204F0,1W9DL31001461C,,,,,
2023-11-01,11:28:21.68 AM,3m 59.3s,239.3,33.8016060598234,-117.470535358499,136.8,136.8,18.3,1401,1717.2,4.250186,6.085134,0,2.23694,-4.250186,1.342164,0,0,0.4,-2.5,2.5,-87,273,269.3,Tripod,Other,,23,5,True,,True,False,,Smart,RC,False,True,False,,,True,,False,False,False,False,False,False,False,False,False,False,0,Follow Yaw,-77.9,0,-95.8,264.2,False,False,False,False,False,,0,0,False,False,No Card,100,100,1024,1312,1171,860,2,False,False,False,False,False,0,False,False,False,False,87,,47.388,,8737,,10044,,47.388,,True,3.95,3.95,3.95,3.95,3.95,3.95,3.95,3.95,3.95,3.95,3.95,3.95,0,,False,False,True,,,,,,,,,,,,,,,False,False,20.036,,90.6,,75.7,,90.6,,1649,55,13,17,8,145147.7,19353.03,,Idle,,20,,10,,,20,Go Home,False,False,False,False,False,False,False,False,False,False,False,False,33.8027920380556,-117.4659261431046,1462.7,2972.0,1049.4,396.9,True,1,1,False,False,False,False,,True,False,False,Course Lock,196.8,67,16.4,93,E,S,10.96,11.4,Calm,False,False,Android,7.0.2,M300 RTK,1ZN7L4R0H1D00F,1W9DL31001461C,1ZMLH8300204F0,1Z6PH74DAP0QN7,"Corona, CA",728.3,5.7,137.7,8.547347,2.013246,0,0,DJI Matrice 300 RTK,M300 RTK,1ZN7L4R0H1D00F,1W9DL31001461C,1ZMLH8300204F0,1Z6PH74DAP0QN7,DJI Pilot,Android,7.0.2,1EF72A62-B7C3-C88D-164E-CE6F8C8424AE,1ZN7L4R0H1D00F,1W9DL31001461C,,1ZMLH8300204F0,1W9DL31001461C,,,,,
2023-11-01,11:28:21.74 AM,3m 59.4s,239.4,33.8016060899777,-117.4705375016302,136.8,136.8,18.3,1401,1717.9,4.250186,6.085134,0,2.23694,-4.250186,1.342164,-0.223694,0,0,-2.2,2.2,-87.5,272.5,270.9,Tripod,Other,,22,5,True,,True,False,,Smart,RC,False,True,False,,,True,,False,False,False,False,False,False,False,False,False,False,0,Follow Yaw,-77.9,0,-96.2,263.8,False,False,False,False,False,,0,0,False,False,No Card,100,100,1024,1313,1164,883,2,False,False,False,False,False,0,False,False,False,False,87,,47.388,,8737,,10044,,47.388,,True,3.95,3.95,3.95,3.95,3.95,3.95,3.95,3.95,3.95,3.95,3.95,3.95,0,,False,False,True,,,,,,,,,,,,,,,False,False,20.036,,90.6,,75.7,,90.6,,1649,55,13,17,8,145147.7,19353.03,,Idle,,20,,10,,,20,Go Home,False,False,False,False,False,False,False,False,False,False,False,False,33.8027920380556,-117.4659261431046,1463.3,2972.0,1049.4,396.9,True,1,1,False,False,False,False,,True,False,False,Course Lock,196.8,67,16.4,93,E,S,10.96,11.4,Calm,False,False,Android,7.0.2,M300 RTK,1ZN7L4R0H1D00F,1W9DL31001461C,1ZMLH8300204F0,1Z6PH74DAP0QN7,"Corona, CA",728.3,5.7,137.7,8.547347,2.013246,0,0,DJI Matrice 300 RTK,M300 RTK,1ZN7L4R0H1D00F,1W9DL31001461C,1ZMLH8300204F0,1Z6PH74DAP0QN7,DJI Pilot,Android,7.0.2,1EF72A62-B7C3-C88D-164E-CE6F8C8424AE,1ZN7L4R0H1D00F,1W9DL31001461C,,1ZMLH8300204F0,1W9DL31001461C,,,,,
2023-11-01,11:28:21.84 AM,3m 59.5s,239.5,33.8016062215597,-117.4705395794481,136.8,136.8,18.3,1401,1718.5,4.250186,6.085134,0,2.23694,-4.250186,1.342164,-0.223694,0,-0.2,-2,2,-87.9,272.1,274.3,Tripod,Other,,22,5,True,,True,False,,Smart,RC,False,True,False,,,True,,False,False,False,False,False,False,False,False,False,False,0,Follow Yaw,-77.9,0,-96.5,263.5,False,False,False,False,False,,0,0,False,False,No Card,100,100,1024,1314,1162,915,2,False,False,False,False,False,0,False,False,False,False,87,,47.388,,8737,,10044,,47.388,,True,3.95,3.95,3.95,3.95,3.95,3.95,3.95,3.95,3.95,3.95,3.95,3.95,0,,False,False,True,,,,,,,,,,,,,,,False,False,20.036,,90.6,,75.7,,90.6,,1649,55,13,17,8,145147.7,19353.03,,Idle,,20,,10,,,20,Go Home,False,False,False,False,False,False,False,False,False,False,False,False,33.8027920380556,-117.4659261431046,1463.9,2972.0,1049.4,396.9,True,1,1,False,False,False,False,,True,False,False,Course Lock,196.8,67,16.4,93,E,S,10.96,11.4,Calm,False,False,Android,7.0.2,M300 RTK,1ZN7L4R0H1D00F,1W9DL31001461C,1ZMLH8300204F0,1Z6PH74DAP0QN7,"Corona, CA",728.3,5.7,137.7,8.547347,2.013246,0,0,DJI Matrice 300 RTK,M300 RTK,1ZN7L4R0H1D00F,1W9DL31001461C,1ZMLH8300204F0,1Z6PH74DAP0QN7,DJI Pilot,Android,7.0.2,1EF72A62-B7C3-C88D-164E-CE6F8C8424AE,1ZN7L4R0H1D00F,1W9DL31001461C,,1ZMLH8300204F0,1W9DL31001461C,,,,,
2023-11-01,11:28:21.94 AM,3m 59.6s,239.6,33.8016062248492,-117.4705417014679,136.8,136.8,18.7,1401,1719.1,4.250186,6.085134,0,2.23694,-4.250186,1.342164,-0.223694,0,-0.4,-1.8,1.8,-88.2,271.8,270.1,Tripod,Other,,22,5,True,,True,False,,Smart,RC,False,True,False,,,True,,False,False,False,False,False,False,False,False,False,False,0,Follow Yaw,-77.9,0,-96.8,263.2,False,False,False,False,False,,0,0,False,False,No Card,100,100,1024,1315,1162,939,2,False,False,False,False,False,0,False,False,False,False,87,,47.388,,8737,,10044,,47.388,,True,3.95,3.95,3.95,3.95,3.95,3.95,3.95,3.95,3.95,3.95,3.95,3.95,0,,False,False,True,,,,,,,,,,,,,,,False,False,20.036,,90.6,,75.7,,90.6,,1649,55,13,17,8,145147.7,19353.03,,Idle,,20,,10,,,20,Go Home,False,False,False,False,False,False,False,False,False,False,False,False,33.8027920380556,-117.4659261431046,1464.5,2972.0,1049.4,396.9,True,1,1,False,False,False,False,,True,False,False,Course Lock,196.8,67,16.4,93,E,S,10.96,11.4,Calm,False,False,Android,7.0.2,M300 RTK,1ZN7L4R0H1D00F,1W9DL31001461C,1ZMLH8300204F0,1Z6PH74DAP0QN7,"Corona, CA",728.3,5.7,137.7,8.547347,2.013246,0,0,DJI Matrice 300 RTK,M300 RTK,1ZN7L4R0H1D00F,1W9DL31001461C,1ZMLH8300204F0,1Z6PH74DAP0QN7,DJI Pilot,Android,7.0.2,1EF72A62-B7C3-C88D-164E-CE6F8C8424AE,1ZN7L4R0H1D00F,1W9DL31001461C,,1ZMLH8300204F0,1W9DL31001461C,,,,,
2023-11-01,11:28:22.04 AM,3m 59.7s,239.7,33.8016061952433,-117.4705439686282,136.8,136.8,18.7,1401,1719.8,4.250186,6.085134,0,2.23694,-4.250186,1.342164,0,0,-0.8,-1.7,1.8,-88.5,271.5,269.0,Tripod,Other,,22,5,True,,True,False,,Smart,RC,False,True,False,,,True,,False,False,False,False,False,False,False,False,False,False,0,Follow Yaw,-77.9,0,-97,263,False,False,False,False,False,,0,0,False,False,No Card,100,100,1024,1316,1160,950,2,False,False,False,False,False,0,False,False,False,False,87,,47.364,,4337,,4986,,47.364,,True,3.95,3.95,3.95,3.95,3.95,3.95,3.95,3.95,3.95,3.95,3.95,3.95,0,,False,False,True,,,,,,,,,,,,,,,False,False,9.866,,90.3,,75.7,,90.6,,1649,55,13,17,8,145147.7,19353.03,,Idle,,20,,10,,,20,Go Home,False,False,False,False,False,False,False,False,False,False,False,False,33.8027920380556,-117.4659261431046,1465.1,2972.0,1049.4,396.9,True,1,1,False,False,False,False,,True,False,False,Course Lock,196.8,67,16.4,93,E,S,10.96,11.4,Calm,False,False,Android,7.0.2,M300 RTK,1ZN7L4R0H1D00F,1W9DL31001461C,1ZMLH8300204F0,1Z6PH74DAP0QN7,"Corona, CA",728.3,5.7,137.7,8.547347,2.013246,0,0,DJI Matrice 300 RTK,M300 RTK,1ZN7L4R0H1D00F,1W9DL31001461C,1ZMLH8300204F0,1Z6PH74DAP0QN7,DJI Pilot,Android,7.0.2,1EF72A62-B7C3-C88D-164E-CE6F8C8424AE,1ZN7L4R0H1D00F,1W9DL31001461C,,1ZMLH8300204F0,1W9DL31001461C,,,,,
2023-11-01,11:28:22.14 AM,3m 59.8s,239.8,33.8016061820851,-117.4705461038426,136.8,136.8,18.7,1401,1720.5,4.250186,6.085134,0,2.23694,-4.250186,1.342164,0,0,-1.1,-1.6,1.9,-88.7,271.3,269.5,Tripod,Other,,22,5,True,,True,False,,Smart,RC,False,True,False,,,True,,False,False,False,False,False,False,False,False,False,False,0,Follow Yaw,-77.9,0,-97.1,262.9,False,False,False,False,False,,0,0,False,False,No Card,100,100,1024,1318,1170,956,2,False,False,False,False,False,0,False,False,False,False,87,,47.364,,4337,,4986,,47.364,,True,3.95,3.95,3.95,3.95,3.95,3.95,3.95,3.95,3.95,3.95,3.95,3.95,0,,False,False,True,,,,,,,,,,,,,,,False,False,9.866,,90.3,,75.7,,90.6,,1649,55,13,17,8,145147.7,19353.03,,Idle,,20,,10,,,20,Go Home,False,False,False,False,False,False,False,False,False,False,False,False,33.8027920380556,-117.4659261431046,1465.8,2972.0,1049.4,396.9,True,1,1,False,False,False,False,,True,False,False,Course Lock,196.8,67,16.4,93,E,S,10.96,11.4,Calm,False,False,Android,7.0.2,M300 RTK,1ZN7L4R0H1D00F,1W9DL31001461C,1ZMLH8300204F0,1Z6PH74DAP0QN7,"Corona, CA",728.3,5.7,137.7,8.547347,2.013246,0,0,DJI Matrice 300 RTK,M300 RTK,1ZN7L4R0H1D00F,1W9DL31001461C,1ZMLH8300204F0,1Z6PH74DAP0QN7,DJI Pilot,Android,7.0.2,1EF72A62-B7C3-C88D-164E-CE6F8C8424AE,1ZN7L4R0H1D00F,1W9DL31001461C,,1ZMLH8300204F0,1W9DL31001461C,,,,,
2023-11-01,11:28:22.24 AM,3m 59.9s,239.9,33.8016063021536,-117.4705481717646,136.8,136.8,18.7,1401,1721.1,4.250186,6.085134,0,2.23694,-4.250186,1.342164,0,0,-1.1,-1.4,1.7,-88.9,271.1,273.9,Tripod,Other,,22,5,True,,True,False,,Smart,RC,False,True,False,,,True,,False,False,False,False,False,False,False,False,False,False,0,Follow Yaw,-77.9,0,-97.2,262.8,False,False,False,False,False,,0,0,False,False,No Card,100,100,1024,1317,1171,957,2,False,False,False,False,False,0,False,False,False,False,87,,47.364,,4337,,4986,,47.364,,True,3.95,3.95,3.95,3.95,3.95,3.95,3.95,3.95,3.95,3.95,3.95,3.95,0,,False,False,True,,,,,,,,,,,,,,,False,False,9.866,,90.3,,75.7,,90.6,,1649,55,13,17,8,145147.7,19353.03,,Idle,,20,,10,,,20,Go Home,False,False,False,False,False,False,False,False,False,False,False,False,33.8027920380556,-117.4659261431046,1466.4,2972.0,1049.4,396.9,True,1,1,False,False,False,False,,True,False,False,Course Lock,196.8,67,16.4,93,E,S,10.96,11.4,Calm,False,False,Android,7.0.2,M300 RTK,1ZN7L4R0H1D00F,1W9DL31001461C,1ZMLH8300204F0,1Z6PH74DAP0QN7,"Corona, CA",728.3,5.7,137.7,8.547347,2.013246,0,0,DJI Matrice 300 RTK,M300 RTK,1ZN7L4R0H1D00F,1W9DL31001461C,1ZMLH8300204F0,1Z6PH74DAP0QN7,DJI Pilot,Android,7.0.2,1EF72A62-B7C3-C88D-164E-CE6F8C8424AE,1ZN7L4R0H1D00F,1W9DL31001461C,,1ZMLH8300204F0,1W9DL31001461C,,,,,
2023-11-01,11:28:22.34 AM,4m 0.0s,240.0,33.8016062895437,-117.4705503142361,136.8,136.8,18.7,1401,1721.7,4.250186,6.085134,0,2.23694,-4.250186,1.342164,-0.223694,0,-1.1,-1.1,1.5,-89,271,269.5,Tripod,Other,,22,5,True,,True,False,,Smart,RC,False,True,False,,,True,,False,False,False,False,False,False,False,False,False,False,0,Follow Yaw,-77.9,0,-97.3,262.7,False,False,False,False,False,,0,0,False,False,No Card,100,100,1024,1318,1166,958,2,False,False,False,False,False,0,False,False,False,False,87,,47.388,,8737,,10044,,47.388,,True,3.95,3.95,3.95,3.95,3.95,3.95,3.95,3.95,3.95,3.95,3.95,3.95,0,,False,False,True,,,,,,,,,,,,,,,False,False,19.698,,90.6,,75.7,,90.6,,1649,55,13,17,8,145147.7,19353.03,,Idle,,20,,10,,,20,Go Home,False,False,False,False,False,False,False,False,False,False,False,False,33.8027920380556,-117.4659261431046,1467.0,2972.0,1049.4,396.9,True,1,1,False,False,False,False,,True,False,False,Course Lock,196.8,67,16.4,93,E,S,10.73,11.4,Calm,False,False,Android,7.0.2,M300 RTK,1ZN7L4R0H1D00F,1W9DL31001461C,1ZMLH8300204F0,1Z6PH74DAP0QN7,"Corona, CA",728.3,5.7,137.7,8.547347,2.013246,0,0,DJI Matrice 300 RTK,M300 RTK,1ZN7L4R0H1D00F,1W9DL31001461C,1ZMLH8300204F0,1Z6PH74DAP0QN7,DJI Pilot,Android,7.0.2,1EF72A62-B7C3-C88D-164E-CE6F8C8424AE,1ZN7L4R0H1D00F,1W9DL31001461C,,1ZMLH8300204F0,1W9DL31001461C,,,,,
2023-11-01,11:28:22.44 AM,4m 0.1s,240.1,33.80160634108,-117.4705524768293,136.8,136.8,19.0,1401,1722.4,4.250186,6.085134,0,2.23694,-4.250186,1.342164,-0.223694,0,-1.2,-1.3,1.7,-89,271,271.6,Tripod,Other,,22,5,True,,True,False,,Smart,RC,False,True,False,,,True,,False,False,False,False,False,False,False,False,False,False,0,Follow Yaw,-77.9,0,-97.4,262.6,False,False,False,False,False,,0,0,False,False,No Card,100,100,1024,1323,1162,960,2,False,False,False,False,False,0,False,False,False,False,87,,47.388,,8737,,10044,,47.388,,True,3.95,3.95,3.95,3.95,3.95,3.95,3.95,3.95,3.95,3.95,3.95,3.95,0,,False,False,True,,,,,,,,,,,,,,,False,False,19.698,,90.6,,75.7,,90.6,,1649,55,13,17,8,145147.7,19353.03,,Idle,,20,,10,,,20,Go Home,False,False,False,False,False,False,False,False,False,False,False,False,33.8027920380556,-117.4659261431046,1467.6,2972.0,1049.4,396.9,True,1,1,False,False,False,False,,True,False,False,Course Lock,196.8,67,16.4,93,E,S,10.73,11.4,Calm,False,False,Android,7.0.2,M300 RTK,1ZN7L4R0H1D00F,1W9DL31001461C,1ZMLH8300204F0,1Z6PH74DAP0QN7,"Corona, CA",728.3,5.7,137.7,8.547347,2.013246,0,0,DJI Matrice 300 RTK,M300 RTK,1ZN7L4R0H1D00F,1W9DL31001461C,1ZMLH8300204F0,1Z6PH74DAP0QN7,DJI Pilot,Android,7.0.2,1EF72A62-B7C3-C88D-164E-CE6F8C8424AE,1ZN7L4R0H1D00F,1W9DL31001461C,,1ZMLH8300204F0,1W9DL31001461C,,,,,
2023-11-01,11:28:22.54 AM,4m 0.2s,240.2,33.8016063301148,-117.4705546387627,137.1,137.1,19.0,1401,1723.1,4.250186,6.085134,0,2.23694,-4.250186,1.342164,-0.223694,0,-1.5,-1.6,2.1,-89,271,269.6,Tripod,Other,,22,5,True,,True,False,,Smart,RC,False,True,False,,,True,,False,False,False,False,False,False,False,False,False,False,0,Follow Yaw,-77.9,0,-97.5,262.5,False,False,False,False,False,,0,0,False,False,No Card,100,100,1024,1320,1163,967,2,False,False,False,False,False,0,False,False,False,False,87,,47.388,,8737,,10044,,47.388,,True,3.95,3.95,3.95,3.95,3.95,3.95,3.95,3.95,3.95,3.95,3.95,3.95,0,,False,False,True,,,,,,,,,,,,,,,False,False,19.698,,90.6,,75.7,,90.6,,1649,55,13,17,8,145147.7,19353.03,,Idle,,20,,10,,,20,Go Home,False,False,False,False,False,False,False,False,False,False,False,False,33.8027920380556,-117.4659261431046,1468.2,2972.0,1049.4,396.9,True,1,1,False,False,False,False,,True,False,False,Course Lock,196.8,67,16.4,93,E,S,10.73,11.4,Calm,False,False,Android,7.0.2,M300 RTK,1ZN7L4R0H1D00F,1W9DL31001461C,1ZMLH8300204F0,1Z6PH74DAP0QN7,"Corona, CA",728.3,5.7,137.7,8.547347,2.013246,0,0,DJI Matrice 300 RTK,M300 RTK,1ZN7L4R0H1D00F,1W9DL31001461C,1ZMLH8300204F0,1Z6PH74DAP0QN7,DJI Pilot,Android,7.0.2,1EF72A62-B7C3-C88D-164E-CE6F8C8424AE,1ZN7L4R0H1D00F,1W9DL31001461C,,1ZMLH8300204F0,1W9DL31001461C,,,,,
2023-11-01,11:28:22.64 AM,4m 0.3s,240.3,33.8016061404174,-117.4705568277451,137.1,137.1,19.0,1401,1723.7,4.250186,6.085134,0,2.23694,-4.250186,1.342164,0,0,-1.5,-1.5,2.1,-88.8,271.2,264.0,Tripod,Other,,22,5,True,,True,False,,Smart,RC,False,True,False,,,True,,False,False,False,False,False,False,False,False,False,False,0,Follow Yaw,-77.9,0,-97.6,262.4,False,False,False,False,False,,0,0,False,False,No Card,100,100,1024,1320,1163,967,2,False,False,False,False,False,0,False,False,False,False,87,,47.388,,8737,,10044,,47.388,,True,3.95,3.95,3.95,3.95,3.95,3.95,3.95,3.95,3.95,3.95,3.95,3.95,0,,False,False,True,,,,,,,,,,,,,,,False,False,19.698,,90.6,,75.7,,90.6,,1645,55,13,17,8,145635.3,19418.04,,Idle,,20,,10,,,20,Go Home,False,False,False,False,False,False,False,False,False,False,False,False,33.8027920380556,-117.4659261431046,1468.9,2972.0,1049.4,396.9,True,1,1,False,False,False,False,,True,False,False,Course Lock,196.8,67,16.4,93,E,S,10.73,11.4,Calm,False,False,Android,7.0.2,M300 RTK,1ZN7L4R0H1D00F,1W9DL31001461C,1ZMLH8300204F0,1Z6PH74DAP0QN7,"Corona, CA",728.3,5.7,137.7,8.547347,2.013246,0,0,DJI Matrice 300 RTK,M300 RTK,1ZN7L4R0H1D00F,1W9DL31001461C,1ZMLH8300204F0,1Z6PH74DAP0QN7,DJI Pilot,Android,7.0.2,1EF72A62-B7C3-C88D-164E-CE6F8C8424AE,1ZN7L4R0H1D00F,1W9DL31001461C,,1ZMLH8300204F0,1W9DL31001461C,,,,,
2023-11-01,11:28:22.74 AM,4m 0.4s,240.4,33.8016061075219,-117.4705590200261,137.1,137.1,19.0,1401,1724.4,4.47388,6.085134,0,2.23694,-4.47388,1.342164,0,0,-1.2,-1,1.5,-88.7,271.3,268.9,Tripod,Other,,22,5,True,,True,False,,Smart,RC,False,True,False,,,True,,False,False,False,False,False,False,False,False,False,False,0,Follow Yaw,-77.9,0,-97.6,262.4,False,False,False,False,False,,0,0,False,False,No Card,100,100,1024,1318,1163,966,2,False,False,False,False,False,0,False,False,False,False,87,,47.388,,8737,,10044,,47.388,,True,3.95,3.95,3.95,3.95,3.95,3.95,3.95,3.95,3.95,3.95,3.95,3.95,0,,False,False,True,,,,,,,,,,,,,,,False,False,19.698,,90.6,,75.7,,90.6,,1645,55,13,17,8,145635.3,19418.04,,Idle,,20,,10,,,20,Go Home,False,False,False,False,False,False,False,False,False,False,False,False,33.8027920380556,-117.4659261431046,1469.5,2972.0,1049.4,396.9,True,1,1,False,False,False,False,,True,False,False,Course Lock,196.8,67,16.4,93,E,S,10.51,11.4,Calm,False,False,Android,7.0.2,M300 RTK,1ZN7L4R0H1D00F,1W9DL31001461C,1ZMLH8300204F0,1Z6PH74DAP0QN7,"Corona, CA",728.3,5.7,137.7,8.547347,2.013246,0,0,DJI Matrice 300 RTK,M300 RTK,1ZN7L4R0H1D00F,1W9DL31001461C,1ZMLH8300204F0,1Z6PH74DAP0QN7,DJI Pilot,Android,7.0.2,1EF72A62-B7C3-C88D-164E-CE6F8C8424AE,1ZN7L4R0H1D00F,1W9DL31001461C,,1ZMLH8300204F0,1W9DL31001461C,,,,,
2023-11-01,11:28:22.81 AM,4m 0.5s,240.5,33.8016061157458,-117.470561368663,137.1,137.1,19.0,1401,1725.1,4.47388,6.085134,0,2.23694,-4.47388,1.342164,0,0,-0.9,-0.5,1,-88.7,271.3,270.2,Tripod,Other,,22,5,True,,True,False,,Smart,RC,False,True,False,,,True,,False,False,False,False,False,False,False,False,False,False,0,Follow Yaw,-77.9,0,-97.7,262.3,False,False,False,False,False,,0,0,False,False,No Card,100,100,1024,1317,1166,962,2,False,False,False,False,False,0,False,False,False,False,87,,47.388,,8737,,10044,,47.388,,True,3.95,3.95,3.95,3.95,3.95,3.95,3.95,3.95,3.95,3.95,3.95,3.95,0,,False,False,True,,,,,,,,,,,,,,,False,False,19.698,,90.6,,75.7,,90.6,,1645,55,13,17,8,145635.3,19418.04,,Idle,,20,,10,,,20,Go Home,False,False,False,False,False,False,False,False,False,False,False,False,33.8027920380556,-117.4659261431046,1470.2,2972.0,1049.4,396.9,True,1,1,False,False,False,False,,True,False,False,Course Lock,196.8,67,16.4,93,E,S,10.51,11.4,Calm,False,False,Android,7.0.2,M300 RTK,1ZN7L4R0H1D00F,1W9DL31001461C,1ZMLH8300204F0,1Z6PH74DAP0QN7,"Corona, CA",728.3,5.7,137.7,8.547347,2.013246,0,0,DJI Matrice 300 RTK,M300 RTK,1ZN7L4R0H1D00F,1W9DL31001461C,1ZMLH8300204F0,1Z6PH74DAP0QN7,DJI Pilot,Android,7.0.2,1EF72A62-B7C3-C88D-164E-CE6F8C8424AE,1ZN7L4R0H1D00F,1W9DL31001461C,,1ZMLH8300204F0,1W9DL31001461C,,,,,
2023-11-01,11:28:22.94 AM,4m 0.6s,240.6,33.8016061014911,-117.4705635932708,137.1,137.1,19.0,1401,1725.8,4.47388,6.085134,0,2.23694,-4.47388,1.342164,0,0,-0.7,-0.4,0.8,-88.9,271.1,269.5,Tripod,Other,,22,5,True,,True,False,,Smart,RC,False,True,False,,,True,,False,False,False,False,False,False,False,False,False,False,0,Follow Yaw,-77.9,0,-97.8,262.2,False,False,False,False,False,,0,0,False,False,No Card,100,100,1024,1315,1166,960,2,False,False,False,False,False,0,False,False,False,False,87,,47.388,,8737,,10044,,47.388,,True,3.95,3.95,3.95,3.95,3.95,3.95,3.95,3.95,3.95,3.95,3.95,3.95,0,,False,False,True,,,,,,,,,,,,,,,False,False,19.698,,90.6,,75.7,,90.6,,1645,55,13,17,8,145635.3,19418.04,,Idle,,20,,10,,,20,Go Home,False,False,False,False,False,False,False,False,False,False,False,False,33.8027920380556,-117.4659261431046,1470.8,2972.0,1049.4,396.9,True,1,1,False,False,False,False,,True,False,False,Course Lock,196.8,67,16.4,93,E,S,10.51,11.4,Calm,False,False,Android,7.0.2,M300 RTK,1ZN7L4R0H1D00F,1W9DL31001461C,1ZMLH8300204F0,1Z6PH74DAP0QN7,"Corona, CA",728.3,5.7,137.7,8.547347,2.013246,0,0,DJI Matrice 300 RTK,M300 RTK,1ZN7L4R0H1D00F,1W9DL31001461C,1ZMLH8300204F0,1Z6PH74DAP0QN7,DJI Pilot,Android,7.0.2,1EF72A62-B7C3-C88D-164E-CE6F8C8424AE,1ZN7L4R0H1D00F,1W9DL31001461C,,1ZMLH8300204F0,1W9DL31001461C,,,,,
2023-11-01,11:28:23.04 AM,4m 0.7s,240.7,33.8016061974363,-117.4705657466278,137.1,137.1,19.0,1401,1726.4,4.47388,6.085134,0,2.23694,-4.47388,1.342164,0,0,-0.9,-0.8,1.2,-89.1,270.9,273.0,Tripod,Other,,22,5,True,,True,False,,Smart,RC,False,True,False,,,True,,False,False,False,False,False,False,False,False,False,False,0,Follow Yaw,-77.9,0,-97.9,262.1,False,False,False,False,False,,0,0,False,False,No Card,100,100,1024,1316,1166,961,2,False,False,False,False,False,0,False,False,False,False,87,,47.388,,8737,,10044,,47.388,,True,3.95,3.95,3.95,3.95,3.95,3.95,3.95,3.95,3.95,3.95,3.95,3.95,0,,False,False,True,,,,,,,,,,,,,,,False,False,19.698,,90.6,,75.7,,90.6,,1645,55,13,17,8,145635.3,19418.04,,Idle,,20,,10,,,20,Go Home,False,False,False,False,False,False,False,False,False,False,False,False,33.8027920380556,-117.4659261431046,1471.5,2972.0,1049.4,396.9,True,1,1,False,False,False,False,,True,False,False,Course Lock,196.8,67,16.4,93,E,S,10.51,11.4,Calm,False,False,Android,7.0.2,M300 RTK,1ZN7L4R0H1D00F,1W9DL31001461C,1ZMLH8300204F0,1Z6PH74DAP0QN7,"Corona, CA",728.3,5.7,137.7,8.547347,2.013246,0,0,DJI Matrice 300 RTK,M300 RTK,1ZN7L4R0H1D00F,1W9DL31001461C,1ZMLH8300204F0,1Z6PH74DAP0QN7,DJI Pilot,Android,7.0.2,1EF72A62-B7C3-C88D-164E-CE6F8C8424AE,1ZN7L4R0H1D00F,1W9DL31001461C,,1ZMLH8300204F0,1W9DL31001461C,,,,,
2023-11-01,11:28:23.14 AM,4m 0.8s,240.8,33.8016062133358,-117.4705679821212,137.1,137.1,19.0,1401,1727.1,4.47388,6.085134,0,2.23694,-4.47388,1.342164,0,0,-1,-1.4,1.7,-89.3,270.7,270.4,Tripod,Other,,22,5,True,,True,False,,Smart,RC,False,True,False,,,True,,False,False,False,False,False,False,False,False,False,False,0,Follow Yaw,-77.9,0,-98,262,False,False,False,False,False,,0,0,False,False,No Card,100,100,1024,1316,1164,964,2,False,False,False,False,False,0,False,False,False,False,87,,47.388,,8737,,10044,,47.388,,True,3.95,3.95,3.95,3.95,3.95,3.95,3.95,3.95,3.95,3.95,3.95,3.95,0,,False,False,True,,,,,,,,,,,,,,,False,False,19.698,,90.6,,75.7,,90.6,,1645,55,13,17,8,145635.3,19418.04,,Idle,,20,,10,,,20,Go Home,False,False,False,False,False,False,False,False,False,False,False,False,33.8027920380556,-117.4659261431046,1472.1,2972.0,1049.4,396.9,True,1,1,False,False,False,False,,True,False,False,Course Lock,196.8,67,16.4,93,E,S,10.28,11.4,Calm,False,False,Android,7.0.2,M300 RTK,1ZN7L4R0H1D00F,1W9DL31001461C,1ZMLH8300204F0,1Z6PH74DAP0QN7,"Corona, CA",728.3,5.7,137.7,8.547347,2.013246,0,0,DJI Matrice 300 RTK,M300 RTK,1ZN7L4R0H1D00F,1W9DL31001461C,1ZMLH8300204F0,1Z6PH74DAP0QN7,DJI Pilot,Android,7.0.2,1EF72A62-B7C3-C88D-164E-CE6F8C8424AE,1ZN7L4R0H1D00F,1W9DL31001461C,,1ZMLH8300204F0,1W9DL31001461C,,,,,
2023-11-01,11:28:23.24 AM,4m 0.9s,240.9,33.8016061502861,-117.4705702420244,137.1,137.1,19.0,1401,1727.8,4.47388,6.085134,0,2.23694,-4.47388,1.342164,0,0,-1,-1.8,2,-89.4,270.6,268.0,Tripod,Other,,22,5,True,,True,False,,Smart,RC,False,True,False,,,True,,False,False,False,False,False,False,False,False,False,False,0,Follow Yaw,-77.9,0,-98.1,261.9,False,False,False,False,False,,0,0,False,False,No Card,100,100,1024,1318,1163,964,2,False,False,False,False,False,0,False,False,False,False,87,,47.388,,8737,,10044,,47.388,,True,3.95,3.95,3.95,3.95,3.95,3.95,3.95,3.95,3.95,3.95,3.95,3.95,0,,False,False,True,,,,,,,,,,,,,,,False,False,19.698,,90.6,,75.7,,90.6,,1645,55,13,17,8,145635.3,19418.04,,Idle,,20,,10,,,20,Go Home,False,False,False,False,False,False,False,False,False,False,False,False,33.8027920380556,-117.4659261431046,1472.8,2972.0,1049.4,396.9,True,1,1,False,False,False,False,,True,False,False,Course Lock,196.8,67,16.4,93,E,S,10.28,11.4,Calm,False,False,Android,7.0.2,M300 RTK,1ZN7L4R0H1D00F,1W9DL31001461C,1ZMLH8300204F0,1Z6PH74DAP0QN7,"Corona, CA",728.3,5.7,137.7,8.547347,2.013246,0,0,DJI Matrice 300 RTK,M300 RTK,1ZN7L4R0H1D00F,1W9DL31001461C,1ZMLH8300204F0,1Z6PH74DAP0QN7,DJI Pilot,Android,7.0.2,1EF72A62-B7C3-C88D-164E-CE6F8C8424AE,1ZN7L4R0H1D00F,1W9DL31001461C,,1ZMLH8300204F0,1W9DL31001461C,,,,,
2023-11-01,11:28:23.33 AM,4m 1.0s,241.0,33.8016061475448,-117.4705725075354,137.1,137.1,19.0,1401,1728.5,4.47388,6.085134,0,2.23694,-4.47388,1.342164,0,0,-1.1,-2,2.2,-89.6,270.4,269.9,Tripod,Other,,23,5,True,,True,False,,Smart,RC,False,True,False,,,True,,False,False,False,False,False,False,False,False,False,False,0,Follow Yaw,-77.9,0,-98.2,261.8,False,False,False,False,False,,0,0,False,False,No Card,100,100,1024,1316,1163,965,2,False,False,False,False,False,0,False,False,False,False,87,,47.424,,8737,,10044,,47.424,,True,3.95,3.95,3.95,3.95,3.95,3.95,3.95,3.95,3.95,3.95,3.95,3.95,0,,False,False,True,,,,,,,,,,,,,,,False,False,19.236,,90.6,,75.7,,90.6,,1645,55,13,17,8,145635.3,19418.04,,Idle,,20,,10,,,20,Go Home,False,False,False,False,False,False,False,False,False,False,False,False,33.8027920380556,-117.4659261431046,1473.4,2972.0,1049.4,396.9,True,1,1,False,False,False,False,,True,False,False,Course Lock,196.8,67,16.4,93,E,S,10.28,11.4,Calm,False,False,Android,7.0.2,M300 RTK,1ZN7L4R0H1D00F,1W9DL31001461C,1ZMLH8300204F0,1Z6PH74DAP0QN7,"Corona, CA",728.3,5.7,137.7,8.547347,2.013246,0,0,DJI Matrice 300 RTK,M300 RTK,1ZN7L4R0H1D00F,1W9DL31001461C,1ZMLH8300204F0,1Z6PH74DAP0QN7,DJI Pilot,Android,7.0.2,1EF72A62-B7C3-C88D-164E-CE6F8C8424AE,1ZN7L4R0H1D00F,1W9DL31001461C,,1ZMLH8300204F0,1W9DL31001461C,,,,,
2023-11-01,11:28:23.43 AM,4m 1.1s,241.1,33.8016061387726,-117.4705746902504,137.1,137.1,19.0,1401,1729.1,4.47388,6.085134,0,2.23694,-4.47388,1.342164,0,0,-1.1,-2.1,2.3,-89.7,270.3,269.7,Tripod,Other,,23,5,True,,True,False,,Smart,RC,False,True,False,,,True,,False,False,False,False,False,False,False,False,False,False,0,Follow Yaw,-77.9,0,-98.2,261.8,False,False,False,False,False,,0,0,False,False,No Card,100,100,1024,1315,1163,965,2,False,False,False,False,False,0,False,False,False,False,87,,47.424,,8737,,10044,,47.424,,True,3.95,3.95,3.95,3.95,3.95,3.95,3.95,3.95,3.95,3.95,3.95,3.95,0,,False,False,True,,,,,,,,,,,,,,,False,False,19.236,,90.6,,75.7,,90.6,,1645,55,13,17,8,145635.3,19418.04,,Idle,,20,,10,,,20,Go Home,False,False,False,False,False,False,False,False,False,False,False,False,33.8027920380556,-117.4659261431046,1474.1,2972.0,1049.4,396.9,True,1,1,False,False,False,False,,True,False,False,Course Lock,196.8,67,16.4,93,E,S,10.28,11.4,Calm,False,False,Android,7.0.2,M300 RTK,1ZN7L4R0H1D00F,1W9DL31001461C,1ZMLH8300204F0,1Z6PH74DAP0QN7,"Corona, CA",728.3,5.7,137.7,8.547347,2.013246,0,0,DJI Matrice 300 RTK,M300 RTK,1ZN7L4R0H1D00F,1W9DL31001461C,1ZMLH8300204F0,1Z6PH74DAP0QN7,DJI Pilot,Android,7.0.2,1EF72A62-B7C3-C88D-164E-CE6F8C8424AE,1ZN7L4R0H1D00F,1W9DL31001461C,,1ZMLH8300204F0,1W9DL31001461C,,,,,
2023-11-01,11:28:23.54 AM,4m 1.2s,241.2,33.8016061151975,-117.4705769791818,137.1,137.1,18.7,1401,1729.8,4.697574,6.085134,0,2.23694,-4.697574,1.342164,0,0,-0.9,-2,2.1,-89.8,270.2,269.2,Tripod,Other,,23,5,True,,True,False,,Smart,RC,False,True,False,,,True,,False,False,False,False,False,False,False,False,False,False,0,Follow Yaw,-77.9,0,-98.3,261.7,False,False,False,False,False,,0,0,False,False,No Card,100,100,1024,1315,1163,965,2,False,False,False,False,False,0,False,False,False,False,87,,47.424,,8737,,10044,,47.424,,True,3.95,3.95,3.95,3.95,3.95,3.95,3.95,3.95,3.95,3.95,3.95,3.95,0,,False,False,True,,,,,,,,,,,,,,,False,False,19.236,,90.6,,75.7,,90.6,,1645,55,13,17,8,145635.3,19418.04,,Idle,,20,,10,,,20,Go Home,False,False,False,False,False,False,False,False,False,False,False,False,33.8027920380556,-117.4659261431046,1474.7,2972.0,1049.4,396.9,True,1,1,False,False,False,False,,True,False,False,Course Lock,196.8,67,16.4,93,E,S,10.28,11.4,Calm,False,False,Android,7.0.2,M300 RTK,1ZN7L4R0H1D00F,1W9DL31001461C,1ZMLH8300204F0,1Z6PH74DAP0QN7,"Corona, CA",728.3,5.7,137.7,8.547347,2.013246,0,0,DJI Matrice 300 RTK,M300 RTK,1ZN7L4R0H1D00F,1W9DL31001461C,1ZMLH8300204F0,1Z6PH74DAP0QN7,DJI Pilot,Android,7.0.2,1EF72A62-B7C3-C88D-164E-CE6F8C8424AE,1ZN7L4R0H1D00F,1W9DL31001461C,,1ZMLH8300204F0,1W9DL31001461C,,,,,
2023-11-01,11:28:23.64 AM,4m 1.3s,241.3,33.8016061749577,-117.470579117365,137.4,137.4,18.7,1401,1730.5,4.697574,6.085134,0,2.23694,-4.697574,1.342164,0,0,-0.7,-1.7,1.8,-89.9,270.1,271.9,Tripod,Other,,23,5,True,,True,False,,Smart,RC,False,True,False,,,True,,False,False,False,False,False,False,False,False,False,False,0,Follow Yaw,-77.9,0,-98.4,261.6,False,False,False,False,False,,0,0,False,False,No Card,100,100,1024,1314,1162,965,2,False,False,False,False,False,0,False,False,False,False,87,,47.424,,8737,,10044,,47.424,,True,3.949,3.949,3.949,3.949,3.949,3.949,3.949,3.949,3.949,3.949,3.949,3.949,0,,False,False,True,,,,,,,,,,,,,,,False,False,19.236,,90.6,,75.7,,90.6,,1642,56,13,17,8,146098.0,19479.73,,Idle,,20,,10,,,20,Go Home,False,False,False,False,False,False,False,False,False,False,False,False,33.8027920380556,-117.4659261431046,1475.3,2972.0,1049.4,396.9,True,1,1,False,False,False,False,,True,False,False,Course Lock,196.8,67,16.4,93,E,S,10.06,11.4,Calm,False,False,Android,7.0.2,M300 RTK,1ZN7L4R0H1D00F,1W9DL31001461C,1ZMLH8300204F0,1Z6PH74DAP0QN7,"Corona, CA",728.3,5.7,137.7,8.547347,2.013246,0,0,DJI Matrice 300 RTK,M300 RTK,1ZN7L4R0H1D00F,1W9DL31001461C,1ZMLH8300204F0,1Z6PH74DAP0QN7,DJI Pilot,Android,7.0.2,1EF72A62-B7C3-C88D-164E-CE6F8C8424AE,1ZN7L4R0H1D00F,1W9DL31001461C,,1ZMLH8300204F0,1W9DL31001461C,,,,,
2023-11-01,11:28:23.74 AM,4m 1.4s,241.4,33.8016061409657,-117.4705814155326,137.4,137.4,18.7,1401,1731.2,4.697574,6.085134,0,2.23694,-4.697574,1.342164,0,0,-0.6,-1.5,1.6,-90,270,268.9,Tripod,Other,,23,5,True,,True,False,,Smart,RC,False,True,False,,,True,,False,False,False,False,False,False,False,False,False,False,0,Follow Yaw,-77.9,0,-98.5,261.5,False,False,False,False,False,,0,0,False,False,No Card,100,100,1024,1312,1163,956,2,False,False,False,False,False,0,False,False,False,False,87,,47.424,,8737,,10044,,47.424,,True,3.949,3.949,3.949,3.949,3.949,3.949,3.949,3.949,3.949,3.949,3.949,3.949,0,,False,False,True,,,,,,,,,,,,,,,False,False,19.236,,90.6,,75.7,,90.6,,1642,56,13,17,8,146098.0,19479.73,,Idle,,20,,10,,,20,Go Home,False,False,False,False,False,False,False,False,False,False,False,False,33.8027920380556,-117.4659261431046,1476.0,2972.0,1049.4,396.9,True,1,1,False,False,False,False,,True,False,False,Course Lock,196.8,67,16.4,93,E,S,10.06,11.4,Calm,False,False,Android,7.0.2,M300 RTK,1ZN7L4R0H1D00F,1W9DL31001461C,1ZMLH8300204F0,1Z6PH74DAP0QN7,"Corona, CA",728.3,5.7,137.7,8.547347,2.013246,0,0,DJI Matrice 300 RTK,M300 RTK,1ZN7L4R0H1D00F,1W9DL31001461C,1ZMLH8300204F0,1Z6PH74DAP0QN7,DJI Pilot,Android,7.0.2,1EF72A62-B7C3-C88D-164E-CE6F8C8424AE,1ZN7L4R0H1D00F,1W9DL31001461C,,1ZMLH8300204F0,1W9DL31001461C,,,,,
2023-11-01,11:28:23.85 AM,4m 1.5s,241.5,33.8016060718851,-117.4705840277314,137.4,137.4,18.7,1401,1732.0,4.697574,6.085134,0,2.23694,-4.697574,1.342164,0,0,-0.5,-1.5,1.5,-90.1,269.9,268.1,Tripod,Other,,23,5,True,,True,False,,Smart,RC,False,True,False,,,True,,False,False,False,False,False,False,False,False,False,False,0,Follow Yaw,-77.9,0,-98.6,261.4,False,False,False,False,False,,0,0,False,False,No Card,100,100,1024,1311,1134,812,2,False,False,False,False,False,0,False,False,False,False,87,,47.424,,8737,,10044,,47.424,,True,3.949,3.949,3.949,3.949,3.949,3.949,3.949,3.949,3.949,3.949,3.949,3.949,0,,False,False,True,,,,,,,,,,,,,,,False,False,19.236,,90.6,,75.7,,90.6,,1642,56,13,17,8,146098.0,19479.73,,Idle,,20,,10,,,20,Go Home,False,False,False,False,False,False,False,False,False,False,False,False,33.8027920380556,-117.4659261431046,1476.8,2972.0,1049.4,396.9,True,1,1,False,False,False,False,,True,False,False,Course Lock,196.8,67,16.4,93,E,S,10.06,11.4,Calm,False,False,Android,7.0.2,M300 RTK,1ZN7L4R0H1D00F,1W9DL31001461C,1ZMLH8300204F0,1Z6PH74DAP0QN7,"Corona, CA",728.3,5.7,137.7,8.547347,2.013246,0,0,DJI Matrice 300 RTK,M300 RTK,1ZN7L4R0H1D00F,1W9DL31001461C,1ZMLH8300204F0,1Z6PH74DAP0QN7,DJI Pilot,Android,7.0.2,1EF72A62-B7C3-C88D-164E-CE6F8C8424AE,1ZN7L4R0H1D00F,1W9DL31001461C,,1ZMLH8300204F0,1W9DL31001461C,,,,,
2023-11-01,11:28:23.95 AM,4m 1.6s,241.6,33.8016060280245,-117.4705863668022,137.4,137.4,18.3,1401,1732.7,4.697574,6.085134,0,2.23694,-4.697574,1.342164,0,0,-0.3,-1.6,1.6,-90.2,269.8,268.7,Tripod,Other,,23,5,True,,True,False,,Smart,RC,False,True,False,,,True,,False,False,False,False,False,False,False,False,False,False,0,Follow Yaw,-77.9,0,-98.8,261.2,False,False,False,False,False,,0,0,False,False,No Card,100,100,1024,1311,1135,795,2,False,False,False,False,False,0,False,False,False,False,87,,47.424,,8737,,10044,,47.424,,True,3.949,3.949,3.949,3.949,3.949,3.949,3.949,3.949,3.949,3.949,3.949,3.949,0,,False,False,True,,,,,,,,,,,,,,,False,False,19.236,,90.6,,75.7,,90.6,,1642,56,13,17,8,146098.0,19479.73,,Idle,,20,,10,,,20,Go Home,False,False,False,False,False,False,False,False,False,False,False,False,33.8027920380556,-117.4659261431046,1477.4,2972.0,1049.4,396.9,True,1,1,False,False,False,False,,True,False,False,Course Lock,196.8,67,16.4,93,E,S,10.06,11.4,Calm,False,False,Android,7.0.2,M300 RTK,1ZN7L4R0H1D00F,1W9DL31001461C,1ZMLH8300204F0,1Z6PH74DAP0QN7,"Corona, CA",728.3,5.7,137.7,8.547347,2.013246,0,0,DJI Matrice 300 RTK,M300 RTK,1ZN7L4R0H1D00F,1W9DL31001461C,1ZMLH8300204F0,1Z6PH74DAP0QN7,DJI Pilot,Android,7.0.2,1EF72A62-B7C3-C88D-164E-CE6F8C8424AE,1ZN7L4R0H1D00F,1W9DL31001461C,,1ZMLH8300204F0,1W9DL31001461C,,,,,
2023-11-01,11:28:24.05 AM,4m 1.7s,241.7,33.801606033507,-117.4705886521051,137.4,137.4,18.3,1401,1733.4,4.697574,6.085134,0,2.23694,-4.697574,1.342164,0,0,-0.1,-1.9,1.9,-90.4,269.6,270.1,Tripod,Other,,23,5,True,,True,False,,Smart,RC,False,True,False,,,True,,False,False,False,False,False,False,False,False,False,False,0,Follow Yaw,-77.9,0,-99.3,260.7,False,False,False,False,False,,0,0,False,False,No Card,100,100,1024,1311,1136,809,2,False,False,False,False,False,0,False,False,False,False,87,,47.424,,8737,,10044,,47.424,,True,3.949,3.949,3.949,3.949,3.949,3.949,3.949,3.949,3.949,3.949,3.949,3.949,0,,False,False,True,,,,,,,,,,,,,,,False,False,19.236,,90.6,,75.7,,90.6,,1642,56,13,17,8,146098.0,19479.73,,Idle,,20,,10,,,20,Go Home,False,False,False,False,False,False,False,False,False,False,False,False,33.8027920380556,-117.4659261431046,1478.1,2972.0,1049.4,396.9,True,1,1,False,False,False,False,,True,False,False,Course Lock,196.8,67,16.4,93,E,S,10.06,11.4,Calm,False,False,Android,7.0.2,M300 RTK,1ZN7L4R0H1D00F,1W9DL31001461C,1ZMLH8300204F0,1Z6PH74DAP0QN7,"Corona, CA",728.3,5.7,137.7,8.547347,2.013246,0,0,DJI Matrice 300 RTK,M300 RTK,1ZN7L4R0H1D00F,1W9DL31001461C,1ZMLH8300204F0,1Z6PH74DAP0QN7,DJI Pilot,Android,7.0.2,1EF72A62-B7C3-C88D-164E-CE6F8C8424AE,1ZN7L4R0H1D00F,1W9DL31001461C,,1ZMLH8300204F0,1W9DL31001461C,,,,,
2023-11-01,11:28:24.16 AM,4m 1.8s,241.8,33.8016059841638,-117.4705909905162,137.4,137.4,18.7,1401,1734.1,4.697574,6.085134,0,2.23694,-4.697574,1.342164,0,0,0,-2.4,2.4,-90.6,269.4,268.5,Tripod,Other,,23,5,True,,True,False,,Smart,RC,False,True,False,,,True,,False,False,False,False,False,False,False,False,False,False,0,Follow Yaw,-77.9,0,-99.8,260.2,False,False,False,False,False,,0,0,False,False,No Card,100,100,1024,1316,1140,838,2,False,False,False,False,False,0,False,False,False,False,87,,47.424,,8737,,10044,,47.424,,True,3.949,3.949,3.949,3.949,3.949,3.949,3.949,3.949,3.949,3.949,3.949,3.949,0,,False,False,True,,,,,,,,,,,,,,,False,False,19.236,,90.6,,75.7,,90.6,,1642,56,13,17,8,146098.0,19479.73,,Idle,,20,,10,,,20,Go Home,False,False,False,False,False,False,False,False,False,False,False,False,33.8027920380556,-117.4659261431046,1478.8,2972.0,1049.4,396.9,True,1,1,False,False,False,False,,True,False,False,Course Lock,196.8,67,16.4,93,E,S,10.06,11.4,Calm,False,False,Android,7.0.2,M300 RTK,1ZN7L4R0H1D00F,1W9DL31001461C,1ZMLH8300204F0,1Z6PH74DAP0QN7,"Corona, CA",728.3,5.7,137.7,8.547347,2.013246,0,0,DJI Matrice 300 RTK,M300 RTK,1ZN7L4R0H1D00F,1W9DL31001461C,1ZMLH8300204F0,1Z6PH74DAP0QN7,DJI Pilot,Android,7.0.2,1EF72A62-B7C3-C88D-164E-CE6F8C8424AE,1ZN7L4R0H1D00F,1W9DL31001461C,,1ZMLH8300204F0,1W9DL31001461C,,,,,
2023-11-01,11:28:24.26 AM,4m 1.9s,241.9,33.8016058690295,-117.470593578305,137.4,137.4,18.7,1401,1734.9,4.697574,6.085134,0,2.23694,-4.697574,1.342164,0,0,0,-2.6,2.6,-91,269,266.9,Tripod,Other,,23,5,True,,True,False,,Smart,RC,False,True,False,,,True,,False,False,False,False,False,False,False,False,False,False,0,Follow Yaw,-77.9,0,-100.3,259.7,False,False,False,False,False,,0,0,False,False,No Card,100,100,1024,1316,1140,838,2,False,False,False,False,False,0,False,False,False,False,87,,47.424,,8737,,10044,,47.424,,True,3.949,3.949,3.949,3.949,3.949,3.949,3.949,3.949,3.949,3.949,3.949,3.949,0,,False,False,True,,,,,,,,,,,,,,,False,False,19.236,,90.6,,75.7,,90.6,,1642,56,13,17,8,146098.0,19479.73,,Idle,,20,,10,,,20,Go Home,False,False,False,False,False,False,False,False,False,False,False,False,33.8027920380556,-117.4659261431046,1479.6,2972.0,1049.4,396.9,True,1,1,False,False,False,False,,True,False,False,Course Lock,196.8,67,16.4,93,E,S,10.06,11.4,Calm,False,False,Android,7.0.2,M300 RTK,1ZN7L4R0H1D00F,1W9DL31001461C,1ZMLH8300204F0,1Z6PH74DAP0QN7,"Corona, CA",728.3,5.7,137.7,8.547347,2.013246,0,0,DJI Matrice 300 RTK,M300 RTK,1ZN7L4R0H1D00F,1W9DL31001461C,1ZMLH8300204F0,1Z6PH74DAP0QN7,DJI Pilot,Android,7.0.2,1EF72A62-B7C3-C88D-164E-CE6F8C8424AE,1ZN7L4R0H1D00F,1W9DL31001461C,,1ZMLH8300204F0,1W9DL31001461C,,,,,
2023-11-01,11:28:24.36 AM,4m 2.0s,242.0,33.8016057878873,-117.4705959295808,137.4,137.4,18.7,1401,1735.6,4.697574,6.085134,0,2.23694,-4.697574,1.342164,0,0,-0.1,-2.6,2.6,-91.5,268.5,267.6,Tripod,Other,,23,5,True,,True,False,,Smart,RC,False,True,False,,,True,,False,False,False,False,False,False,False,False,False,False,0,Follow Yaw,-77.9,0,-100.7,259.3,False,False,False,False,False,,0,0,False,False,No Card,100,100,1024,1316,1135,852,2,False,False,False,False,False,0,False,False,False,False,87,,47.424,,8737,,10044,,47.424,,True,3.949,3.949,3.949,3.949,3.949,3.949,3.949,3.949,3.949,3.949,3.949,3.949,0,,False,False,True,,,,,,,,,,,,,,,False,False,19.112,,90.8,,75.7,,90.8,,1642,56,13,17,8,146098.0,19479.73,,Idle,,20,,10,,,20,Go Home,False,False,False,False,False,False,False,False,False,False,False,False,33.8027920380556,-117.4659261431046,1480.2,2972.0,1049.4,396.9,True,1,1,False,False,False,False,,True,False,False,Course Lock,196.8,67,16.4,93,E,S,9.84,11.4,Calm,False,False,Android,7.0.2,M300 RTK,1ZN7L4R0H1D00F,1W9DL31001461C,1ZMLH8300204F0,1Z6PH74DAP0QN7,"Corona, CA",728.3,5.7,137.7,8.547347,2.013246,0,0,DJI Matrice 300 RTK,M300 RTK,1ZN7L4R0H1D00F,1W9DL31001461C,1ZMLH8300204F0,1Z6PH74DAP0QN7,DJI Pilot,Android,7.0.2,1EF72A62-B7C3-C88D-164E-CE6F8C8424AE,1ZN7L4R0H1D00F,1W9DL31001461C,,1ZMLH8300204F0,1W9DL31001461C,,,,,
2023-11-01,11:28:24.46 AM,4m 2.1s,242.1,33.801605653564,-117.4705982439117,137.4,137.4,18.7,1401,1736.3,4.702897,6.085134,-0.223694,2.23694,-4.697574,1.342164,0,0,-0.5,-2.5,2.5,-92,268,266.0,Tripod,Other,,23,5,True,,True,False,,Smart,RC,False,True,False,,,True,,False,False,False,False,False,False,False,False,False,False,0,Follow Yaw,-77.9,0,-101.1,258.9,False,False,False,False,False,,0,0,False,False,No Card,100,100,1024,1318,1127,885,2,False,False,False,False,False,0,False,False,False,False,87,,47.424,,8737,,10044,,47.424,,True,3.949,3.949,3.949,3.949,3.949,3.949,3.949,3.949,3.949,3.949,3.949,3.949,0,,False,False,True,,,,,,,,,,,,,,,False,False,19.112,,90.8,,75.7,,90.8,,1642,56,13,17,8,146098.0,19479.73,,Idle,,20,,10,,,20,Go Home,False,False,False,False,False,False,False,False,False,False,False,False,33.8027920380556,-117.4659261431046,1480.9,2972.0,1049.4,396.9,True,1,1,False,False,False,False,,True,False,False,Course Lock,196.8,67,16.4,93,E,S,9.84,11.4,Calm,False,False,Android,7.0.2,M300 RTK,1ZN7L4R0H1D00F,1W9DL31001461C,1ZMLH8300204F0,1Z6PH74DAP0QN7,"Corona, CA",728.3,5.7,137.7,8.547347,2.013246,0,0,DJI Matrice 300 RTK,M300 RTK,1ZN7L4R0H1D00F,1W9DL31001461C,1ZMLH8300204F0,1Z6PH74DAP0QN7,DJI Pilot,Android,7.0.2,1EF72A62-B7C3-C88D-164E-CE6F8C8424AE,1ZN7L4R0H1D00F,1W9DL31001461C,,1ZMLH8300204F0,1W9DL31001461C,,,,,
2023-11-01,11:28:24.57 AM,4m 2.2s,242.2,33.8016055400745,-117.4706005948576,137.4,137.4,18.7,1401,1737.0,4.702897,6.085134,-0.223694,2.23694,-4.697574,1.342164,0,0,-0.7,-2.7,2.7,-92.5,267.5,266.6,Tripod,Other,,23,5,True,,True,False,,Smart,RC,False,True,False,,,True,,False,False,False,False,False,False,False,False,False,False,0,Follow Yaw,-77.9,0,-101.5,258.5,False,False,False,False,False,,0,0,False,False,No Card,100,100,1024,1321,1118,953,2,False,False,False,False,False,0,False,False,False,False,87,,47.424,,8737,,10044,,47.424,,True,3.949,3.949,3.949,3.949,3.949,3.949,3.949,3.949,3.949,3.949,3.949,3.949,0,,False,False,True,,,,,,,,,,,,,,,False,False,19.112,,90.8,,75.7,,90.8,,1642,56,13,17,8,146098.0,19479.73,,Idle,,20,,10,,,20,Go Home,False,False,False,False,False,False,False,False,False,False,False,False,33.8027920380556,-117.4659261431046,1481.6,2972.0,1049.4,396.9,True,1,1,False,False,False,False,,True,False,False,Course Lock,196.8,67,16.4,93,E,S,9.84,11.4,Calm,False,False,Android,7.0.2,M300 RTK,1ZN7L4R0H1D00F,1W9DL31001461C,1ZMLH8300204F0,1Z6PH74DAP0QN7,"Corona, CA",728.3,5.7,137.7,8.547347,2.013246,0,0,DJI Matrice 300 RTK,M300 RTK,1ZN7L4R0H1D00F,1W9DL31001461C,1ZMLH8300204F0,1Z6PH74DAP0QN7,DJI Pilot,Android,7.0.2,1EF72A62-B7C3-C88D-164E-CE6F8C8424AE,1ZN7L4R0H1D00F,1W9DL31001461C,,1ZMLH8300204F0,1W9DL31001461C,,,,,
2023-11-01,11:28:24.67 AM,4m 2.3s,242.3,33.8016055581671,-117.4706030312386,137.4,137.4,18.7,1401,1737.7,4.702897,6.085134,-0.223694,2.23694,-4.697574,1.342164,0,0,-0.7,-2.7,2.7,-92.9,267.1,270.5,Tripod,Other,,23,5,True,,True,False,,Smart,RC,False,True,False,,,True,,False,False,False,False,False,False,False,False,False,False,0,Follow Yaw,-77.9,0,-101.7,258.3,False,False,False,False,False,,0,0,False,False,No Card,100,100,1024,1331,1102,1024,2,False,False,False,False,False,0,False,False,False,False,87,,47.424,,8737,,10044,,47.424,,True,3.953,3.953,3.953,3.953,3.953,3.953,3.953,3.953,3.953,3.953,3.953,3.953,0,,False,False,True,,,,,,,,,,,,,,,False,False,19.112,,90.8,,75.7,,90.8,,1639,56,13,17,8,146298.7,19506.50,,Idle,,20,,10,,,20,Go Home,False,False,False,False,False,False,False,False,False,False,False,False,33.8027920380556,-117.4659261431046,1482.3,2972.0,1049.4,396.9,True,1,1,False,False,False,False,,True,False,False,Course Lock,196.8,67,16.4,93,E,S,9.84,11.4,Calm,False,False,Android,7.0.2,M300 RTK,1ZN7L4R0H1D00F,1W9DL31001461C,1ZMLH8300204F0,1Z6PH74DAP0QN7,"Corona, CA",728.3,5.7,137.7,8.547347,2.013246,0,0,DJI Matrice 300 RTK,M300 RTK,1ZN7L4R0H1D00F,1W9DL31001461C,1ZMLH8300204F0,1Z6PH74DAP0QN7,DJI Pilot,Android,7.0.2,1EF72A62-B7C3-C88D-164E-CE6F8C8424AE,1ZN7L4R0H1D00F,1W9DL31001461C,,1ZMLH8300204F0,1W9DL31001461C,,,,,
2023-11-01,11:28:24.77 AM,4m 2.4s,242.4,33.8016054232955,-117.4706054085737,137.4,137.4,18.7,1401,1738.5,4.702897,6.085134,-0.223694,2.23694,-4.697574,1.342164,0,0,-0.5,-2.2,2.2,-93.1,266.9,266.0,Tripod,Other,,23,5,True,,True,False,,Smart,RC,False,True,False,,,True,,False,False,False,False,False,False,False,False,False,False,0,Follow Yaw,-77.9,0,-101.7,258.3,False,False,False,False,False,,0,0,False,False,No Card,100,100,1024,1334,1093,1024,2,False,False,False,False,False,0,False,False,False,False,87,,47.424,,8737,,10044,,47.424,,True,3.953,3.953,3.953,3.953,3.953,3.953,3.953,3.953,3.953,3.953,3.953,3.953,0,,False,False,True,,,,,,,,,,,,,,,False,False,19.112,,90.8,,75.7,,90.8,,1639,56,13,17,8,146298.7,19506.50,,Idle,,20,,10,,,20,Go Home,False,False,False,False,False,False,False,False,False,False,False,False,33.8027920380556,-117.4659261431046,1483.0,2972.0,1049.4,396.9,True,1,1,False,False,False,False,,True,False,False,Course Lock,196.8,67,16.4,93,E,S,9.84,11.4,Calm,False,False,Android,7.0.2,M300 RTK,1ZN7L4R0H1D00F,1W9DL31001461C,1ZMLH8300204F0,1Z6PH74DAP0QN7,"Corona, CA",728.3,5.7,137.7,8.547347,2.013246,0,0,DJI Matrice 300 RTK,M300 RTK,1ZN7L4R0H1D00F,1W9DL31001461C,1ZMLH8300204F0,1Z6PH74DAP0QN7,DJI Pilot,Android,7.0.2,1EF72A62-B7C3-C88D-164E-CE6F8C8424AE,1ZN7L4R0H1D00F,1W9DL31001461C,,1ZMLH8300204F0,1W9DL31001461C,,,,,
2023-11-01,11:28:24.87 AM,4m 2.5s,242.5,33.8016052955513,-117.4706078426456,137.4,137.4,18.7,1401,1739.2,4.702897,6.085134,-0.223694,2.23694,-4.697574,1.342164,0,0,-0.4,-1.5,1.5,-93.4,266.6,266.3,Tripod,Other,,23,5,True,,True,False,,Smart,RC,False,True,False,,,True,,False,False,False,False,False,False,False,False,False,False,0,Follow Yaw,-77.9,0,-101.7,258.3,False,False,False,False,False,,0,0,False,False,No Card,100,100,1024,1339,1087,1024,2,False,False,False,False,False,0,False,False,False,False,87,,47.424,,8737,,10044,,47.424,,True,3.953,3.953,3.953,3.953,3.953,3.953,3.953,3.953,3.953,3.953,3.953,3.953,0,,False,False,True,,,,,,,,,,,,,,,False,False,19.112,,90.8,,75.7,,90.8,,1639,56,13,17,8,146298.7,19506.50,,Idle,,20,,10,,,20,Go Home,False,False,False,False,False,False,False,False,False,False,False,False,33.8027920380556,-117.4659261431046,1483.8,2972.0,1049.4,396.9,True,1,1,False,False,False,False,,True,False,False,Course Lock,196.8,67,16.4,93,E,S,9.84,11.4,Calm,False,False,Android,7.0.2,M300 RTK,1ZN7L4R0H1D00F,1W9DL31001461C,1ZMLH8300204F0,1Z6PH74DAP0QN7,"Corona, CA",728.3,5.7,137.7,8.547347,2.013246,0,0,DJI Matrice 300 RTK,M300 RTK,1ZN7L4R0H1D00F,1W9DL31001461C,1ZMLH8300204F0,1Z6PH74DAP0QN7,DJI Pilot,Android,7.0.2,1EF72A62-B7C3-C88D-164E-CE6F8C8424AE,1ZN7L4R0H1D00F,1W9DL31001461C,,1ZMLH8300204F0,1W9DL31001461C,,,,,
2023-11-01,11:28:24.97 AM,4m 2.6s,242.6,33.8016051546489,-117.4706102417518,137.4,137.4,18.7,1401,1739.9,4.702897,6.085134,-0.223694,2.23694,-4.697574,1.342164,0,0,-0.7,-1.4,1.5,-93.5,266.5,265.9,Tripod,Other,,22,5,True,,True,False,,Smart,RC,False,True,False,,,True,,False,False,False,False,False,False,False,False,False,False,0,Follow Yaw,-77.9,0,-101.7,258.3,False,False,False,False,False,,0,0,False,False,No Card,100,100,1024,1344,1075,1024,2,False,False,False,False,False,0,False,False,False,False,87,,47.424,,8737,,10044,,47.424,,True,3.953,3.953,3.953,3.953,3.953,3.953,3.953,3.953,3.953,3.953,3.953,3.953,0,,False,False,True,,,,,,,,,,,,,,,False,False,19.112,,90.8,,75.7,,90.8,,1639,56,13,17,8,146298.7,19506.50,,Idle,,20,,10,,,20,Go Home,False,False,False,False,False,False,False,False,False,False,False,False,33.8027920380556,-117.4659261431046,1484.5,2972.0,1049.4,396.9,True,1,1,False,False,False,False,,True,False,False,Course Lock,196.8,67,16.4,93,E,S,9.84,11.4,Calm,False,False,Android,7.0.2,M300 RTK,1ZN7L4R0H1D00F,1W9DL31001461C,1ZMLH8300204F0,1Z6PH74DAP0QN7,"Corona, CA",728.3,5.7,137.7,8.547347,2.013246,0,0,DJI Matrice 300 RTK,M300 RTK,1ZN7L4R0H1D00F,1W9DL31001461C,1ZMLH8300204F0,1Z6PH74DAP0QN7,DJI Pilot,Android,7.0.2,1EF72A62-B7C3-C88D-164E-CE6F8C8424AE,1ZN7L4R0H1D00F,1W9DL31001461C,,1ZMLH8300204F0,1W9DL31001461C,,,,,
2023-11-01,11:28:25.08 AM,4m 2.7s,242.7,33.8016049841406,-117.4706123561848,137.4,137.4,18.7,1401,1740.6,4.702897,6.085134,-0.223694,2.23694,-4.697574,1.342164,0,0,-0.9,-1.6,1.8,-93.5,266.5,264.4,Tripod,Other,,22,5,True,,True,False,,Smart,RC,False,True,False,,,True,,False,False,False,False,False,False,False,False,False,False,0,Follow Yaw,-77.9,0,-101.7,258.3,False,False,False,False,False,,0,0,False,False,No Card,100,100,1024,1345,1071,1024,2,False,False,False,False,False,0,False,False,False,False,87,,47.412,,4337,,4986,,47.412,,True,3.953,3.953,3.953,3.953,3.953,3.953,3.953,3.953,3.953,3.953,3.953,3.953,0,,False,False,True,,,,,,,,,,,,,,,False,False,9.412,,90.5,,75.7,,90.8,,1639,56,13,17,8,146298.7,19506.50,,Idle,,20,,10,,,20,Go Home,False,False,False,False,False,False,False,False,False,False,False,False,33.8027920380556,-117.4659261431046,1485.1,2972.0,1049.4,396.9,True,1,1,False,False,False,False,,True,False,False,Course Lock,196.8,67,16.4,93,E,S,9.84,11.4,Calm,False,False,Android,7.0.2,M300 RTK,1ZN7L4R0H1D00F,1W9DL31001461C,1ZMLH8300204F0,1Z6PH74DAP0QN7,"Corona, CA",728.3,5.7,137.7,8.547347,2.013246,0,0,DJI Matrice 300 RTK,M300 RTK,1ZN7L4R0H1D00F,1W9DL31001461C,1ZMLH8300204F0,1Z6PH74DAP0QN7,DJI Pilot,Android,7.0.2,1EF72A62-B7C3-C88D-164E-CE6F8C8424AE,1ZN7L4R0H1D00F,1W9DL31001461C,,1ZMLH8300204F0,1W9DL31001461C,,,,,
2023-11-01,11:28:25.14 AM,4m 2.8s,242.8,33.8016048509138,-117.4706147721141,137.4,137.4,18.7,1401,1741.3,4.926349,6.085134,-0.223694,2.23694,-4.921268,1.342164,0,0,-1,-1.7,1.9,-93.4,266.6,266.2,Tripod,Other,,22,5,True,,True,False,,Smart,RC,False,True,False,,,True,,False,False,False,False,False,False,False,False,False,False,0,Follow Yaw,-77.9,0,-101.7,258.3,False,False,False,False,False,,0,0,False,False,No Card,100,100,1024,1343,1076,1024,2,False,False,False,False,False,0,False,False,False,False,87,,47.412,,4337,,4986,,47.412,,True,3.953,3.953,3.953,3.953,3.953,3.953,3.953,3.953,3.953,3.953,3.953,3.953,0,,False,False,True,,,,,,,,,,,,,,,False,False,9.412,,90.5,,75.7,,90.8,,1639,56,13,17,8,146298.7,19506.50,,Idle,,20,,10,,,20,Go Home,False,False,False,False,False,False,False,False,False,False,False,False,33.8027920380556,-117.4659261431046,1485.8,2972.0,1049.4,396.9,True,1,1,False,False,False,False,,True,False,False,Course Lock,196.8,67,16.4,93,E,S,9.84,11.4,Calm,False,False,Android,7.0.2,M300 RTK,1ZN7L4R0H1D00F,1W9DL31001461C,1ZMLH8300204F0,1Z6PH74DAP0QN7,"Corona, CA",728.3,5.7,137.7,8.547347,2.013246,0,0,DJI Matrice 300 RTK,M300 RTK,1ZN7L4R0H1D00F,1W9DL31001461C,1ZMLH8300204F0,1Z6PH74DAP0QN7,DJI Pilot,Android,7.0.2,1EF72A62-B7C3-C88D-164E-CE6F8C8424AE,1ZN7L4R0H1D00F,1W9DL31001461C,,1ZMLH8300204F0,1W9DL31001461C,,,,,
2023-11-01,11:28:25.24 AM,4m 2.9s,242.9,33.8016046343517,-117.4706172932703,137.4,137.4,19.0,1401,1742.1,4.926349,6.085134,-0.223694,2.23694,-4.921268,1.342164,0,0,-0.9,-1.6,1.8,-93.3,266.7,264.0,Tripod,Other,,22,5,True,,True,False,,Smart,RC,False,True,False,,,True,,False,False,False,False,False,False,False,False,False,False,0,Follow Yaw,-77.9,0,-101.7,258.3,False,False,False,False,False,,0,0,False,False,No Card,100,100,1024,1344,1080,1024,2,False,False,False,False,False,0,False,False,False,False,87,,47.412,,4337,,4986,,47.412,,True,3.953,3.953,3.953,3.953,3.953,3.953,3.953,3.953,3.953,3.953,3.953,3.953,0,,False,False,True,,,,,,,,,,,,,,,False,False,9.412,,90.5,,75.7,,90.8,,1639,56,13,17,8,146298.7,19506.50,,Idle,,20,,10,,,20,Go Home,False,False,False,False,False,False,False,False,False,False,False,False,33.8027920380556,-117.4659261431046,1486.6,2972.0,1049.4,396.9,True,1,1,False,False,False,False,,True,False,False,Course Lock,196.8,67,16.4,93,E,S,9.84,11.4,Calm,False,False,Android,7.0.2,M300 RTK,1ZN7L4R0H1D00F,1W9DL31001461C,1ZMLH8300204F0,1Z6PH74DAP0QN7,"Corona, CA",728.3,5.7,137.7,8.547347,2.013246,0,0,DJI Matrice 300 RTK,M300 RTK,1ZN7L4R0H1D00F,1W9DL31001461C,1ZMLH8300204F0,1Z6PH74DAP0QN7,DJI Pilot,Android,7.0.2,1EF72A62-B7C3-C88D-164E-CE6F8C8424AE,1ZN7L4R0H1D00F,1W9DL31001461C,,1ZMLH8300204F0,1W9DL31001461C,,,,,
2023-11-01,11:28:25.34 AM,4m 3.0s,243.0,33.8016044918045,-117.470619774183,137.4,137.4,19.0,1401,1742.8,4.926349,6.085134,-0.223694,2.23694,-4.921268,1.342164,0,0,-0.5,-1.6,1.6,-93.3,266.7,266.0,Tripod,Other,,22,5,True,,True,False,,Smart,RC,False,True,False,,,True,,False,False,False,False,False,False,False,False,False,False,0,Follow Yaw,-77.9,0,-101.7,258.3,False,False,False,False,False,,0,0,False,False,No Card,100,100,1024,1348,1081,1024,2,False,False,False,False,False,0,False,False,False,False,87,,47.436,,8737,,10044,,47.436,,True,3.953,3.953,3.953,3.953,3.953,3.953,3.953,3.953,3.953,3.953,3.953,3.953,0,,False,False,True,,,,,,,,,,,,,,,False,False,19.12,,90.8,,75.7,,90.8,,1639,56,13,17,8,146298.7,19506.50,,Idle,,20,,10,,,20,Go Home,False,False,False,False,False,False,False,False,False,False,False,False,33.8027920380556,-117.4659261431046,1487.3,2972.0,1049.4,396.9,True,1,1,False,False,False,False,,True,False,False,Course Lock,196.8,67,16.4,93,E,S,9.84,11.4,Calm,False,False,Android,7.0.2,M300 RTK,1ZN7L4R0H1D00F,1W9DL31001461C,1ZMLH8300204F0,1Z6PH74DAP0QN7,"Corona, CA",728.3,5.7,137.7,8.547347,2.013246,0,0,DJI Matrice 300 RTK,M300 RTK,1ZN7L4R0H1D00F,1W9DL31001461C,1ZMLH8300204F0,1Z6PH74DAP0QN7,DJI Pilot,Android,7.0.2,1EF72A62-B7C3-C88D-164E-CE6F8C8424AE,1ZN7L4R0H1D00F,1W9DL31001461C,,1ZMLH8300204F0,1W9DL31001461C,,,,,
2023-11-01,11:28:25.44 AM,4m 3.1s,243.1,33.8016044764533,-117.4706221297471,137.4,137.4,19.0,1401,1743.5,4.926349,6.085134,-0.223694,2.23694,-4.921268,1.342164,0,0,-0.2,-1.6,1.6,-93.4,266.6,269.5,Tripod,Other,,22,5,True,,True,False,,Smart,RC,False,True,False,,,True,,False,False,False,False,False,False,False,False,False,False,0,Follow Yaw,-77.9,0,-101.7,258.3,False,False,False,False,False,,0,0,False,False,No Card,100,100,1024,1344,1089,1024,2,False,False,False,False,False,0,False,False,False,False,87,,47.436,,8737,,10044,,47.436,,True,3.953,3.953,3.953,3.953,3.953,3.953,3.953,3.953,3.953,3.953,3.953,3.953,0,,False,False,True,,,,,,,,,,,,,,,False,False,19.12,,90.8,,75.7,,90.8,,1639,56,13,17,8,146298.7,19506.50,,Idle,,20,,10,,,20,Go Home,False,False,False,False,False,False,False,False,False,False,False,False,33.8027920380556,-117.4659261431046,1488.0,2972.0,1049.4,396.9,True,1,1,False,False,False,False,,True,False,False,Course Lock,196.8,67,16.4,93,E,S,9.84,11.4,Calm,False,False,Android,7.0.2,M300 RTK,1ZN7L4R0H1D00F,1W9DL31001461C,1ZMLH8300204F0,1Z6PH74DAP0QN7,"Corona, CA",728.3,5.7,137.7,8.547347,2.013246,0,0,DJI Matrice 300 RTK,M300 RTK,1ZN7L4R0H1D00F,1W9DL31001461C,1ZMLH8300204F0,1Z6PH74DAP0QN7,DJI Pilot,Android,7.0.2,1EF72A62-B7C3-C88D-164E-CE6F8C8424AE,1ZN7L4R0H1D00F,1W9DL31001461C,,1ZMLH8300204F0,1W9DL31001461C,,,,,
2023-11-01,11:28:25.54 AM,4m 3.2s,243.2,33.8016043448713,-117.4706246350698,137.4,137.4,19.0,1401,1744.3,5.149822,6.085134,-0.223694,2.23694,-5.144962,1.342164,0,0,0,-1.5,1.5,-93.5,266.5,266.3,Tripod,Other,,21,5,True,,True,False,,Smart,RC,False,True,False,,,True,,False,False,False,False,False,False,False,False,False,False,0,Follow Yaw,-77.9,0,-101.7,258.3,False,False,False,False,False,,0,0,False,False,No Card,100,100,1024,1343,1095,1024,2,False,False,False,False,False,0,False,False,False,False,87,,47.436,,8737,,10044,,47.436,,True,3.953,3.953,3.953,3.953,3.953,3.953,3.953,3.953,3.953,3.953,3.953,3.953,0,,False,False,True,,,,,,,,,,,,,,,False,False,19.12,,90.8,,75.7,,90.8,,1639,56,13,17,8,146298.7,19506.50,,Idle,,20,,10,,,20,Go Home,False,False,False,False,False,False,False,False,False,False,False,False,33.8027920380556,-117.4659261431046,1488.7,2972.0,1049.4,396.9,True,1,1,False,False,False,False,,True,False,False,Course Lock,196.8,67,16.4,93,E,S,9.84,11.4,Calm,False,False,Android,7.0.2,M300 RTK,1ZN7L4R0H1D00F,1W9DL31001461C,1ZMLH8300204F0,1Z6PH74DAP0QN7,"Corona, CA",728.3,5.7,137.7,8.547347,2.013246,0,0,DJI Matrice 300 RTK,M300 RTK,1ZN7L4R0H1D00F,1W9DL31001461C,1ZMLH8300204F0,1Z6PH74DAP0QN7,DJI Pilot,Android,7.0.2,1EF72A62-B7C3-C88D-164E-CE6F8C8424AE,1ZN7L4R0H1D00F,1W9DL31001461C,,1ZMLH8300204F0,1W9DL31001461C,,,,,
2023-11-01,11:28:25.64 AM,4m 3.3s,243.3,33.8016040411362,-117.4706271021281,137.4,137.4,19.0,1401,1745.1,5.149822,6.085134,-0.223694,2.23694,-5.144962,1.342164,0,0,0.1,-1.6,1.6,-93.6,266.4,261.5,Tripod,Other,,21,5,True,,True,False,,Smart,RC,False,True,False,,,True,,False,False,False,False,False,False,False,False,False,False,0,Follow Yaw,-77.9,0,-101.7,258.3,False,False,False,False,False,,0,0,False,False,No Card,100,100,1024,1346,1094,1024,2,False,False,False,False,False,0,False,False,False,False,87,,47.436,,8737,,10044,,47.436,,True,3.952,3.952,3.952,3.952,3.952,3.952,3.952,3.952,3.952,3.952,3.952,3.952,0,,False,False,True,,,,,,,,,,,,,,,False,False,19.12,,90.8,,75.7,,90.8,,1635,56,13,17,8,146209.7,19494.63,,Idle,,20,,10,,,20,Go Home,False,False,False,False,False,False,False,False,False,False,False,False,33.8027920380556,-117.4659261431046,1489.5,2972.0,1049.4,396.9,True,1,1,False,False,False,False,,True,False,False,Course Lock,196.8,67,16.4,93,E,S,9.84,11.4,Calm,False,False,Android,7.0.2,M300 RTK,1ZN7L4R0H1D00F,1W9DL31001461C,1ZMLH8300204F0,1Z6PH74DAP0QN7,"Corona, CA",728.3,5.7,137.7,8.547347,2.013246,0,0,DJI Matrice 300 RTK,M300 RTK,1ZN7L4R0H1D00F,1W9DL31001461C,1ZMLH8300204F0,1Z6PH74DAP0QN7,DJI Pilot,Android,7.0.2,1EF72A62-B7C3-C88D-164E-CE6F8C8424AE,1ZN7L4R0H1D00F,1W9DL31001461C,,1ZMLH8300204F0,1W9DL31001461C,,,,,
2023-11-01,11:28:25.74 AM,4m 3.4s,243.4,33.8016038969442,-117.4706296252634,137.7,137.7,19.0,1402,1745.8,5.149822,6.085134,-0.223694,2.23694,-5.144962,1.342164,0,0,0,-1.8,1.8,-93.8,266.2,266.0,Tripod,Other,,22,5,True,,True,False,,Smart,RC,False,True,False,,,True,,False,False,False,False,False,False,False,False,False,False,0,Follow Yaw,-77.9,0,-101.7,258.3,False,False,False,False,False,,0,0,False,False,No Card,100,100,1024,1346,1092,1024,2,False,False,False,False,False,0,False,False,False,False,87,,47.436,,8737,,10044,,47.436,,True,3.952,3.952,3.952,3.952,3.952,3.952,3.952,3.952,3.952,3.952,3.952,3.952,0,,False,False,True,,,,,,,,,,,,,,,False,False,19.12,,90.8,,75.7,,90.8,,1635,56,13,17,8,146209.7,19494.63,,Idle,,20,,10,,,20,Go Home,False,False,False,False,False,False,False,False,False,False,False,False,33.8027920380556,-117.4659261431046,1490.2,2972.0,1049.4,396.9,True,1,1,False,False,False,False,,True,False,False,Course Lock,196.8,67,16.4,93,E,S,9.84,11.4,Calm,False,False,Android,7.0.2,M300 RTK,1ZN7L4R0H1D00F,1W9DL31001461C,1ZMLH8300204F0,1Z6PH74DAP0QN7,"Corona, CA",728.3,5.7,137.7,8.547347,2.013246,0,0,DJI Matrice 300 RTK,M300 RTK,1ZN7L4R0H1D00F,1W9DL31001461C,1ZMLH8300204F0,1Z6PH74DAP0QN7,DJI Pilot,Android,7.0.2,1EF72A62-B7C3-C88D-164E-CE6F8C8424AE,1ZN7L4R0H1D00F,1W9DL31001461C,,1ZMLH8300204F0,1W9DL31001461C,,,,,
2023-11-01,11:28:25.84 AM,4m 3.5s,243.5,33.8016038706278,-117.4706322407609,137.7,137.7,19.0,1402,1746.6,5.149822,6.085134,-0.223694,2.23694,-5.144962,1.342164,0,0,0,-1.8,1.8,-94,266,269.3,Tripod,Other,,22,5,True,,True,False,,Smart,RC,False,True,False,,,True,,False,False,False,False,False,False,False,False,False,False,0,Follow Yaw,-77.9,0,-101.7,258.3,False,False,False,False,False,,0,0,False,False,No Card,100,100,1024,1346,1092,1024,2,False,False,False,False,False,0,False,False,False,False,87,,47.436,,8737,,10044,,47.436,,True,3.952,3.952,3.952,3.952,3.952,3.952,3.952,3.952,3.952,3.952,3.952,3.952,0,,False,False,True,,,,,,,,,,,,,,,False,False,19.12,,90.8,,75.7,,90.8,,1635,56,13,17,8,146209.7,19494.63,,Idle,,20,,10,,,20,Go Home,False,False,False,False,False,False,False,False,False,False,False,False,33.8027920380556,-117.4659261431046,1491.0,2972.0,1049.4,396.9,True,1,1,False,False,False,False,,True,False,False,Course Lock,196.8,67,16.4,93,E,S,9.61,11.4,Calm,False,False,Android,7.0.2,M300 RTK,1ZN7L4R0H1D00F,1W9DL31001461C,1ZMLH8300204F0,1Z6PH74DAP0QN7,"Corona, CA",728.3,5.7,137.7,8.547347,2.013246,0,0,DJI Matrice 300 RTK,M300 RTK,1ZN7L4R0H1D00F,1W9DL31001461C,1ZMLH8300204F0,1Z6PH74DAP0QN7,DJI Pilot,Android,7.0.2,1EF72A62-B7C3-C88D-164E-CE6F8C8424AE,1ZN7L4R0H1D00F,1W9DL31001461C,,1ZMLH8300204F0,1W9DL31001461C,,,,,
2023-11-01,11:28:25.94 AM,4m 3.6s,243.6,33.8016037275324,-117.4706347896257,137.7,137.7,19.0,1402,1747.4,5.149822,6.085134,-0.223694,2.23694,-5.144962,1.342164,0,0,0,-1.8,1.8,-94.1,265.9,266.1,Tripod,Other,,23,5,True,,True,False,,Smart,RC,False,True,False,,,True,,False,False,False,False,False,False,False,False,False,False,0,Follow Yaw,-77.9,0,-101.7,258.3,False,False,False,False,False,,0,0,False,False,No Card,100,100,1024,1345,1091,1024,2,False,False,False,False,False,0,False,False,False,False,87,,47.436,,8737,,10044,,47.436,,True,3.952,3.952,3.952,3.952,3.952,3.952,3.952,3.952,3.952,3.952,3.952,3.952,0,,False,False,True,,,,,,,,,,,,,,,False,False,19.12,,90.8,,75.7,,90.8,,1635,56,13,17,8,146209.7,19494.63,,Idle,,20,,10,,,20,Go Home,False,False,False,False,False,False,False,False,False,False,False,False,33.8027920380556,-117.4659261431046,1491.7,2972.0,1049.4,396.9,True,1,1,False,False,False,False,,True,False,False,Course Lock,196.8,67,16.4,93,E,S,9.61,11.4,Calm,False,False,Android,7.0.2,M300 RTK,1ZN7L4R0H1D00F,1W9DL31001461C,1ZMLH8300204F0,1Z6PH74DAP0QN7,"Corona, CA",728.3,5.7,137.7,8.547347,2.013246,0,0,DJI Matrice 300 RTK,M300 RTK,1ZN7L4R0H1D00F,1W9DL31001461C,1ZMLH8300204F0,1Z6PH74DAP0QN7,DJI Pilot,Android,7.0.2,1EF72A62-B7C3-C88D-164E-CE6F8C8424AE,1ZN7L4R0H1D00F,1W9DL31001461C,,1ZMLH8300204F0,1W9DL31001461C,,,,,
2023-11-01,11:28:26.04 AM,4m 3.7s,243.7,33.8016033448481,-117.4706372880212,137.7,137.7,19.0,1402,1748.2,5.149822,6.085134,-0.223694,2.23694,-5.144962,1.342164,0,0,0,-1.7,1.7,-94.1,265.9,259.5,Tripod,Other,,23,5,True,,True,False,,Smart,RC,False,True,False,,,True,,False,False,False,False,False,False,False,False,False,False,0,Follow Yaw,-77.9,0,-101.7,258.3,False,False,False,False,False,,0,0,False,False,No Card,100,100,1024,1345,1091,1024,2,False,False,False,False,False,0,False,False,False,False,87,,47.436,,8737,,10044,,47.436,,True,3.952,3.952,3.952,3.952,3.952,3.952,3.952,3.952,3.952,3.952,3.952,3.952,0,,False,False,True,,,,,,,,,,,,,,,False,False,19.12,,90.8,,75.7,,90.8,,1635,56,13,17,8,146209.7,19494.63,,Idle,,20,,10,,,20,Go Home,False,False,False,False,False,False,False,False,False,False,False,False,33.8027920380556,-117.4659261431046,1492.5,2972.0,1049.4,396.9,True,1,1,False,False,False,False,,True,False,False,Course Lock,196.8,67,16.4,93,E,S,9.61,11.4,Calm,False,False,Android,7.0.2,M300 RTK,1ZN7L4R0H1D00F,1W9DL31001461C,1ZMLH8300204F0,1Z6PH74DAP0QN7,"Corona, CA",728.3,5.7,137.7,8.547347,2.013246,0,0,DJI Matrice 300 RTK,M300 RTK,1ZN7L4R0H1D00F,1W9DL31001461C,1ZMLH8300204F0,1Z6PH74DAP0QN7,DJI Pilot,Android,7.0.2,1EF72A62-B7C3-C88D-164E-CE6F8C8424AE,1ZN7L4R0H1D00F,1W9DL31001461C,,1ZMLH8300204F0,1W9DL31001461C,,,,,
2023-11-01,11:28:26.14 AM,4m 3.8s,243.8,33.8016031688571,-117.470639849091,137.7,137.7,19.0,1402,1748.9,5.149822,6.085134,-0.223694,2.23694,-5.144962,1.342164,0,0,0,-1.5,1.5,-94.1,265.9,265.2,Tripod,Other,,23,5,True,,True,False,,Smart,RC,False,True,False,,,True,,False,False,False,False,False,False,False,False,False,False,0,Follow Yaw,-77.9,0,-101.7,258.3,False,False,False,False,False,,0,0,False,False,No Card,100,100,1024,1346,1089,1024,2,False,False,False,False,False,0,False,False,False,False,87,,47.436,,8737,,10044,,47.436,,True,3.952,3.952,3.952,3.952,3.952,3.952,3.952,3.952,3.952,3.952,3.952,3.952,0,,False,False,True,,,,,,,,,,,,,,,False,False,19.12,,90.8,,75.7,,90.8,,1635,56,13,17,8,146209.7,19494.63,,Idle,,20,,10,,,20,Go Home,False,False,False,False,False,False,False,False,False,False,False,False,33.8027920380556,-117.4659261431046,1493.3,2972.0,1049.4,396.9,True,1,1,False,False,False,False,,True,False,False,Course Lock,196.8,67,16.4,93,E,S,9.61,11.4,Calm,False,False,Android,7.0.2,M300 RTK,1ZN7L4R0H1D00F,1W9DL31001461C,1ZMLH8300204F0,1Z6PH74DAP0QN7,"Corona, CA",728.3,5.7,137.7,8.547347,2.013246,0,0,DJI Matrice 300 RTK,M300 RTK,1ZN7L4R0H1D00F,1W9DL31001461C,1ZMLH8300204F0,1Z6PH74DAP0QN7,DJI Pilot,Android,7.0.2,1EF72A62-B7C3-C88D-164E-CE6F8C8424AE,1ZN7L4R0H1D00F,1W9DL31001461C,,1ZMLH8300204F0,1W9DL31001461C,,,,,
2023-11-01,11:28:26.24 AM,4m 3.9s,243.9,33.8016029961557,-117.4706422448986,137.7,137.7,19.0,1402,1749.7,5.149822,6.085134,-0.223694,2.23694,-5.144962,1.342164,0,0,0.2,-1.3,1.3,-94.1,265.9,265.0,Tripod,Other,,23,5,True,,True,False,,Smart,RC,False,True,False,,,True,,False,False,False,False,False,False,False,False,False,False,0,Follow Yaw,-77.9,0,-101.7,258.3,False,False,False,False,False,,0,0,False,False,No Card,100,100,1024,1345,1089,1024,2,False,False,False,False,False,0,False,False,False,False,87,,47.436,,8737,,10044,,47.436,,True,3.952,3.952,3.952,3.952,3.952,3.952,3.952,3.952,3.952,3.952,3.952,3.952,0,,False,False,True,,,,,,,,,,,,,,,False,False,19.12,,90.8,,75.7,,90.8,,1635,56,13,17,8,146209.7,19494.63,,Idle,,20,,10,,,20,Go Home,False,False,False,False,False,False,False,False,False,False,False,False,33.8027920380556,-117.4659261431046,1494.0,2972.0,1049.4,396.9,True,1,1,False,False,False,False,,True,False,False,Course Lock,196.8,67,16.4,93,E,S,9.61,11.4,Calm,False,False,Android,7.0.2,M300 RTK,1ZN7L4R0H1D00F,1W9DL31001461C,1ZMLH8300204F0,1Z6PH74DAP0QN7,"Corona, CA",728.3,5.7,137.7,8.547347,2.013246,0,0,DJI Matrice 300 RTK,M300 RTK,1ZN7L4R0H1D00F,1W9DL31001461C,1ZMLH8300204F0,1Z6PH74DAP0QN7,DJI Pilot,Android,7.0.2,1EF72A62-B7C3-C88D-164E-CE6F8C8424AE,1ZN7L4R0H1D00F,1W9DL31001461C,,1ZMLH8300204F0,1W9DL31001461C,,,,,
2023-11-01,11:28:26.34 AM,4m 4.0s,244.0,33.8016028207131,-117.4706447987113,137.7,137.7,19.0,1402,1750.4,5.149822,6.085134,-0.223694,2.23694,-5.144962,1.342164,0,0,0.4,-1.3,1.3,-94.1,265.9,265.2,Tripod,Other,,23,5,True,,True,False,,Smart,RC,False,True,False,,,True,,False,False,False,False,False,False,False,False,False,False,0,Follow Yaw,-77.9,0,-101.7,258.3,False,False,False,False,False,,0,0,False,False,No Card,100,100,1024,1346,1088,1024,2,False,False,False,False,False,0,False,False,False,False,87,,47.4,,4337,,4986,,47.4,,True,3.952,3.952,3.952,3.952,3.952,3.952,3.952,3.952,3.952,3.952,3.952,3.952,0,,False,False,True,,,,,,,,,,,,,,,False,False,9.412,,90.5,,75.7,,90.8,,1635,56,13,17,8,146209.7,19494.63,,Idle,,20,,10,,,20,Go Home,False,False,False,False,False,False,False,False,False,False,False,False,33.8027920380556,-117.4659261431046,1494.7,2972.0,1049.4,396.9,True,1,1,False,False,False,False,,True,False,False,Course Lock,196.8,67,16.4,93,E,S,9.61,11.4,Calm,False,False,Android,7.0.2,M300 RTK,1ZN7L4R0H1D00F,1W9DL31001461C,1ZMLH8300204F0,1Z6PH74DAP0QN7,"Corona, CA",728.3,5.7,137.7,8.547347,2.013246,0,0,DJI Matrice 300 RTK,M300 RTK,1ZN7L4R0H1D00F,1W9DL31001461C,1ZMLH8300204F0,1Z6PH74DAP0QN7,DJI Pilot,Android,7.0.2,1EF72A62-B7C3-C88D-164E-CE6F8C8424AE,1ZN7L4R0H1D00F,1W9DL31001461C,,1ZMLH8300204F0,1W9DL31001461C,,,,,
2023-11-01,11:28:26.43 AM,4m 4.1s,244.1,33.8016026770694,-117.4706473911182,137.7,137.7,19.0,1402,1751.2,5.149822,6.085134,-0.223694,2.23694,-5.144962,1.342164,0,0,0.5,-1.4,1.4,-94.3,265.7,266.1,Tripod,Other,,23,5,True,,True,False,,Smart,RC,False,True,False,,,True,,False,False,False,False,False,False,False,False,False,False,0,Follow Yaw,-77.9,0,-101.7,258.3,False,False,False,False,False,,0,0,False,False,No Card,100,100,1024,1346,1086,1024,2,False,False,False,False,False,0,False,False,False,False,87,,47.4,,4337,,4986,,47.4,,True,3.952,3.952,3.952,3.952,3.952,3.952,3.952,3.952,3.952,3.952,3.952,3.952,0,,False,False,True,,,,,,,,,,,,,,,False,False,9.412,,90.5,,75.7,,90.8,,1635,56,13,17,8,146209.7,19494.63,,Idle,,20,,10,,,20,Go Home,False,False,False,False,False,False,False,False,False,False,False,False,33.8027920380556,-117.4659261431046,1495.5,2972.0,1049.4,396.9,True,1,1,False,False,False,False,,True,False,False,Course Lock,196.8,67,16.4,93,E,S,9.61,11.4,Calm,False,False,Android,7.0.2,M300 RTK,1ZN7L4R0H1D00F,1W9DL31001461C,1ZMLH8300204F0,1Z6PH74DAP0QN7,"Corona, CA",728.3,5.7,137.7,8.547347,2.013246,0,0,DJI Matrice 300 RTK,M300 RTK,1ZN7L4R0H1D00F,1W9DL31001461C,1ZMLH8300204F0,1Z6PH74DAP0QN7,DJI Pilot,Android,7.0.2,1EF72A62-B7C3-C88D-164E-CE6F8C8424AE,1ZN7L4R0H1D00F,1W9DL31001461C,,1ZMLH8300204F0,1W9DL31001461C,,,,,
2023-11-01,11:28:26.53 AM,4m 4.2s,244.2,33.8016025010784,-117.4706499511984,137.7,137.7,19.0,1402,1752.0,5.149822,6.085134,-0.223694,2.23694,-5.144962,1.342164,0,0,0.3,-1.6,1.6,-94.3,265.7,265.2,Tripod,Other,,23,5,True,,True,False,,Smart,RC,False,True,False,,,True,,False,False,False,False,False,False,False,False,False,False,0,Follow Yaw,-77.9,0,-101.7,258.3,False,False,False,False,False,,0,0,False,False,No Card,100,100,1024,1347,1084,1024,2,False,False,False,False,False,0,False,False,False,False,87,,47.4,,4337,,4986,,47.4,,True,3.952,3.952,3.952,3.952,3.952,3.952,3.952,3.952,3.952,3.952,3.952,3.952,0,,False,False,True,,,,,,,,,,,,,,,False,False,9.412,,90.5,,75.7,,90.8,,1635,56,13,17,8,146209.7,19494.63,,Idle,,20,,10,,,20,Go Home,False,False,False,False,False,False,False,False,False,False,False,False,33.8027920380556,-117.4659261431046,1496.3,2972.0,1049.4,396.9,True,1,1,False,False,False,False,,True,False,False,Course Lock,196.8,67,16.4,93,E,S,9.61,11.4,Calm,False,False,Android,7.0.2,M300 RTK,1ZN7L4R0H1D00F,1W9DL31001461C,1ZMLH8300204F0,1Z6PH74DAP0QN7,"Corona, CA",728.3,5.7,137.7,8.547347,2.013246,0,0,DJI Matrice 300 RTK,M300 RTK,1ZN7L4R0H1D00F,1W9DL31001461C,1ZMLH8300204F0,1Z6PH74DAP0QN7,DJI Pilot,Android,7.0.2,1EF72A62-B7C3-C88D-164E-CE6F8C8424AE,1ZN7L4R0H1D00F,1W9DL31001461C,,1ZMLH8300204F0,1W9DL31001461C,,,,,
2023-11-01,11:28:26.63 AM,4m 4.3s,244.3,33.8016022340766,-117.4706526715928,137.7,137.7,19.0,1402,1752.8,5.149822,6.085134,-0.223694,2.23694,-5.144962,1.342164,0,0,-0.1,-1.7,1.7,-94.3,265.7,263.2,Tripod,Other,,23,5,True,,True,False,,Smart,RC,False,True,False,,,True,,False,False,False,False,False,False,False,False,False,False,0,Follow Yaw,-77.9,0,-101.7,258.3,False,False,False,False,False,,0,0,False,False,No Card,100,100,1024,1348,1088,1024,2,False,False,False,False,False,0,False,False,False,False,87,,47.4,,4337,,4986,,47.4,,True,3.951,3.951,3.951,3.951,3.951,3.951,3.951,3.951,3.951,3.951,3.951,3.951,0,,False,False,True,,,,,,,,,,,,,,,False,False,9.412,,90.5,,75.7,,90.8,,1633,56,14,17,8,145923.6,19456.48,,Idle,,20,,10,,,20,Go Home,False,False,False,False,False,False,False,False,False,False,False,False,33.8027920380556,-117.4659261431046,1497.1,2972.0,1049.4,396.9,True,1,1,False,False,False,False,,True,False,False,Course Lock,196.8,67,16.4,93,E,S,9.39,11.4,Calm,False,False,Android,7.0.2,M300 RTK,1ZN7L4R0H1D00F,1W9DL31001461C,1ZMLH8300204F0,1Z6PH74DAP0QN7,"Corona, CA",728.3,5.7,137.7,8.547347,2.013246,0,0,DJI Matrice 300 RTK,M300 RTK,1ZN7L4R0H1D00F,1W9DL31001461C,1ZMLH8300204F0,1Z6PH74DAP0QN7,DJI Pilot,Android,7.0.2,1EF72A62-B7C3-C88D-164E-CE6F8C8424AE,1ZN7L4R0H1D00F,1W9DL31001461C,,1ZMLH8300204F0,1W9DL31001461C,,,,,
2023-11-01,11:28:26.74 AM,4m 4.4s,244.4,33.8016020372519,-117.4706552560831,137.7,137.7,19.0,1402,1753.6,5.149822,6.085134,-0.223694,2.23694,-5.144962,1.342164,0,0,-0.6,-1.3,1.4,-94.1,265.9,264.7,Tripod,Other,,23,5,True,,True,False,,Smart,RC,False,True,False,,,True,,False,False,False,False,False,False,False,False,False,False,0,Follow Yaw,-77.9,0,-101.7,258.3,False,False,False,False,False,,0,0,False,False,No Card,100,100,1024,1349,1089,1024,2,False,False,False,False,False,0,False,False,False,False,87,,47.4,,4337,,4986,,47.4,,True,3.951,3.951,3.951,3.951,3.951,3.951,3.951,3.951,3.951,3.951,3.951,3.951,0,,False,False,True,,,,,,,,,,,,,,,False,False,9.412,,90.5,,75.7,,90.8,,1633,56,14,17,8,145923.6,19456.48,,Idle,,20,,10,,,20,Go Home,False,False,False,False,False,False,False,False,False,False,False,False,33.8027920380556,-117.4659261431046,1497.9,2972.0,1049.4,396.9,True,1,1,False,False,False,False,,True,False,False,Course Lock,196.8,67,16.4,93,E,S,9.39,11.4,Calm,False,False,Android,7.0.2,M300 RTK,1ZN7L4R0H1D00F,1W9DL31001461C,1ZMLH8300204F0,1Z6PH74DAP0QN7,"Corona, CA",728.3,5.7,137.7,8.547347,2.013246,0,0,DJI Matrice 300 RTK,M300 RTK,1ZN7L4R0H1D00F,1W9DL31001461C,1ZMLH8300204F0,1Z6PH74DAP0QN7,DJI Pilot,Android,7.0.2,1EF72A62-B7C3-C88D-164E-CE6F8C8424AE,1ZN7L4R0H1D00F,1W9DL31001461C,,1ZMLH8300204F0,1W9DL31001461C,,,,,
2023-11-01,11:28:26.85 AM,4m 4.5s,244.5,33.8016019204728,-117.4706579804359,137.7,137.7,18.7,1402,1754.5,5.373314,6.085134,-0.223694,2.23694,-5.368656,1.342164,0,0,-0.8,-1.1,1.3,-93.9,266.1,267.0,Tripod,Other,,23,5,True,,True,False,,Smart,RC,False,True,False,,,True,,False,False,False,False,False,False,False,False,False,False,0,Follow Yaw,-77.9,0,-101.7,258.3,False,False,False,False,False,,0,0,False,False,No Card,100,100,1024,1349,1090,1024,2,False,False,False,False,False,0,False,False,False,False,87,,47.4,,4337,,4986,,47.4,,True,3.951,3.951,3.951,3.951,3.951,3.951,3.951,3.951,3.951,3.951,3.951,3.951,0,,False,False,True,,,,,,,,,,,,,,,False,False,9.412,,90.5,,75.7,,90.8,,1633,56,14,17,8,145923.6,19456.48,,Idle,,20,,10,,,20,Go Home,False,False,False,False,False,False,False,False,False,False,False,False,33.8027920380556,-117.4659261431046,1498.7,2972.0,1049.4,396.9,True,1,1,False,False,False,False,,True,False,False,Course Lock,196.8,67,16.4,93,E,S,9.39,11.4,Calm,False,False,Android,7.0.2,M300 RTK,1ZN7L4R0H1D00F,1W9DL31001461C,1ZMLH8300204F0,1Z6PH74DAP0QN7,"Corona, CA",728.3,5.7,137.7,8.547347,2.013246,0,0,DJI Matrice 300 RTK,M300 RTK,1ZN7L4R0H1D00F,1W9DL31001461C,1ZMLH8300204F0,1Z6PH74DAP0QN7,DJI Pilot,Android,7.0.2,1EF72A62-B7C3-C88D-164E-CE6F8C8424AE,1ZN7L4R0H1D00F,1W9DL31001461C,,1ZMLH8300204F0,1W9DL31001461C,,,,,
2023-11-01,11:28:26.95 AM,4m 4.6s,244.6,33.8016017313237,-117.4706606256212,137.7,137.7,18.7,1402,1755.3,5.373314,6.085134,-0.223694,2.23694,-5.368656,1.342164,0,0,-0.5,-0.8,0.9,-93.6,266.4,265.0,Tripod,Other,,23,5,True,,True,False,,Smart,RC,False,True,False,,,True,,False,False,False,False,False,False,False,False,False,False,0,Follow Yaw,-77.9,0,-101.7,258.3,False,False,False,False,False,,0,0,False,False,No Card,100,100,1024,1354,1078,1024,2,False,False,False,False,False,0,False,False,False,False,87,,47.4,,4337,,4986,,47.4,,True,3.951,3.951,3.951,3.951,3.951,3.951,3.951,3.951,3.951,3.951,3.951,3.951,0,,False,False,True,,,,,,,,,,,,,,,False,False,9.412,,90.5,,75.7,,90.8,,1633,56,14,17,8,145923.6,19456.48,,Idle,,20,,10,,,20,Go Home,False,False,False,False,False,False,False,False,False,False,False,False,33.8027920380556,-117.4659261431046,1499.4,2972.0,1049.4,396.9,True,1,1,False,False,False,False,,True,False,False,Course Lock,196.8,67,16.4,93,E,S,9.39,11.4,Calm,False,False,Android,7.0.2,M300 RTK,1ZN7L4R0H1D00F,1W9DL31001461C,1ZMLH8300204F0,1Z6PH74DAP0QN7,"Corona, CA",728.3,5.7,137.7,8.547347,2.013246,0,0,DJI Matrice 300 RTK,M300 RTK,1ZN7L4R0H1D00F,1W9DL31001461C,1ZMLH8300204F0,1Z6PH74DAP0QN7,DJI Pilot,Android,7.0.2,1EF72A62-B7C3-C88D-164E-CE6F8C8424AE,1ZN7L4R0H1D00F,1W9DL31001461C,,1ZMLH8300204F0,1W9DL31001461C,,,,,
2023-11-01,11:28:27.05 AM,4m 4.7s,244.7,33.8016016436024,-117.4706631316037,137.7,137.7,18.7,1402,1756.0,5.373314,6.085134,-0.223694,2.23694,-5.368656,1.342164,0,0,-0.2,-0.9,0.9,-93.5,266.5,267.5,Tripod,Other,,23,5,True,,True,False,,Smart,RC,False,True,False,,,True,,False,False,False,False,False,False,False,False,False,False,0,Follow Yaw,-77.9,0,-101.7,258.3,False,False,False,False,False,,0,0,False,False,No Card,100,100,1024,1359,1069,1024,2,False,False,False,False,False,0,False,False,False,False,87,,47.4,,4337,,4986,,47.4,,True,3.951,3.951,3.951,3.951,3.951,3.951,3.951,3.951,3.951,3.951,3.951,3.951,0,,False,False,True,,,,,,,,,,,,,,,False,False,9.412,,90.5,,75.7,,90.8,,1633,56,14,17,8,145923.6,19456.48,,Idle,,20,,10,,,20,Go Home,False,False,False,False,False,False,False,False,False,False,False,False,33.8027920380556,-117.4659261431046,1500.2,2972.0,1049.4,396.9,True,1,1,False,False,False,False,,True,False,False,Course Lock,196.8,67,16.4,93,E,S,9.39,11.4,Calm,False,False,Android,7.0.2,M300 RTK,1ZN7L4R0H1D00F,1W9DL31001461C,1ZMLH8300204F0,1Z6PH74DAP0QN7,"Corona, CA",728.3,5.7,137.7,8.547347,2.013246,0,0,DJI Matrice 300 RTK,M300 RTK,1ZN7L4R0H1D00F,1W9DL31001461C,1ZMLH8300204F0,1Z6PH74DAP0QN7,DJI Pilot,Android,7.0.2,1EF72A62-B7C3-C88D-164E-CE6F8C8424AE,1ZN7L4R0H1D00F,1W9DL31001461C,,1ZMLH8300204F0,1W9DL31001461C,,,,,
2023-11-01,11:28:27.15 AM,4m 4.8s,244.8,33.8016014780283,-117.470665803508,137.7,137.7,19.0,1402,1756.8,5.373314,6.085134,-0.223694,2.23694,-5.368656,1.342164,0,0,0,-1.1,1.1,-93.3,266.7,265.7,Tripod,Other,,23,5,True,,True,False,,Smart,RC,False,True,False,,,True,,False,False,False,False,False,False,False,False,False,False,0,Follow Yaw,-77.9,0,-101.7,258.3,False,False,False,False,False,,0,0,False,False,No Card,100,100,1024,1356,1070,1024,2,False,False,False,False,False,0,False,False,False,False,87,,47.4,,4337,,4986,,47.4,,True,3.951,3.951,3.951,3.951,3.951,3.951,3.951,3.951,3.951,3.951,3.951,3.951,0,,False,False,True,,,,,,,,,,,,,,,False,False,9.412,,90.5,,75.7,,90.8,,1633,56,14,17,8,145923.6,19456.48,,Idle,,20,,10,,,20,Go Home,False,False,False,False,False,False,False,False,False,False,False,False,33.8027920380556,-117.4659261431046,1501.0,2972.0,1049.4,396.9,True,1,1,False,False,False,False,,True,False,False,Course Lock,196.8,67,16.4,93,E,S,9.39,11.4,Calm,False,False,Android,7.0.2,M300 RTK,1ZN7L4R0H1D00F,1W9DL31001461C,1ZMLH8300204F0,1Z6PH74DAP0QN7,"Corona, CA",728.3,5.7,137.7,8.547347,2.013246,0,0,DJI Matrice 300 RTK,M300 RTK,1ZN7L4R0H1D00F,1W9DL31001461C,1ZMLH8300204F0,1Z6PH74DAP0QN7,DJI Pilot,Android,7.0.2,1EF72A62-B7C3-C88D-164E-CE6F8C8424AE,1ZN7L4R0H1D00F,1W9DL31001461C,,1ZMLH8300204F0,1W9DL31001461C,,,,,
2023-11-01,11:28:27.26 AM,4m 4.9s,244.9,33.8016012883309,-117.4706685578786,137.7,137.7,19.0,1402,1757.7,5.373314,6.085134,-0.223694,2.23694,-5.368656,1.342164,0,0,0.4,-1.3,1.3,-93.2,266.8,265.2,Tripod,Other,,23,5,True,,True,False,,Smart,RC,False,True,False,,,True,,False,False,False,False,False,False,False,False,False,False,0,Follow Yaw,-77.9,0,-101.7,258.3,False,False,False,False,False,,0,0,False,False,No Card,100,100,1024,1347,1078,1024,2,False,False,False,False,False,0,False,False,False,False,87,,47.4,,4337,,4986,,47.4,,True,3.951,3.951,3.951,3.951,3.951,3.951,3.951,3.951,3.951,3.951,3.951,3.951,0,,False,False,True,,,,,,,,,,,,,,,False,False,9.412,,90.5,,75.7,,90.8,,1633,56,14,17,8,145923.6,19456.48,,Idle,,20,,10,,,20,Go Home,False,False,False,False,False,False,False,False,False,False,False,False,33.8027920380556,-117.4659261431046,1501.8,2972.0,1049.4,396.9,True,1,1,False,False,False,False,,True,False,False,Course Lock,196.8,67,16.4,93,E,S,9.39,11.4,Calm,False,False,Android,7.0.2,M300 RTK,1ZN7L4R0H1D00F,1W9DL31001461C,1ZMLH8300204F0,1Z6PH74DAP0QN7,"Corona, CA",728.3,5.7,137.7,8.547347,2.013246,0,0,DJI Matrice 300 RTK,M300 RTK,1ZN7L4R0H1D00F,1W9DL31001461C,1ZMLH8300204F0,1Z6PH74DAP0QN7,DJI Pilot,Android,7.0.2,1EF72A62-B7C3-C88D-164E-CE6F8C8424AE,1ZN7L4R0H1D00F,1W9DL31001461C,,1ZMLH8300204F0,1W9DL31001461C,,,,,
2023-11-01,11:28:27.34 AM,4m 5.0s,245.0,33.8016011233052,-117.4706712565019,137.7,137.7,19.0,1402,1758.5,5.373314,6.085134,-0.223694,2.23694,-5.368656,1.342164,0,0,0.6,-1.1,1.2,-93.2,266.8,265.7,Tripod,Other,,23,5,True,,True,False,,Smart,RC,False,True,False,,,True,,False,False,False,False,False,False,False,False,False,False,0,Follow Yaw,-77.9,0,-101.7,258.3,False,False,False,False,False,,0,0,False,False,No Card,100,100,1024,1347,1082,1024,2,False,False,False,False,False,0,False,False,False,False,86,,47.472,,8686,,10044,,47.472,,True,3.951,3.951,3.951,3.951,3.951,3.951,3.951,3.951,3.951,3.951,3.951,3.951,0,,False,False,True,,,,,,,,,,,,,,,False,False,19.08,,90.8,,75.7,,90.8,,1633,56,14,17,8,145923.6,19456.48,,Idle,,20,,10,,,20,Go Home,False,False,False,False,False,False,False,False,False,False,False,False,33.8027920380556,-117.4659261431046,1502.6,2972.0,1049.4,396.9,True,1,1,False,False,False,False,,True,False,False,Course Lock,196.8,67,16.4,93,E,S,9.39,11.4,Calm,False,False,Android,7.0.2,M300 RTK,1ZN7L4R0H1D00F,1W9DL31001461C,1ZMLH8300204F0,1Z6PH74DAP0QN7,"Corona, CA",728.3,5.7,137.7,8.547347,2.013246,0,0,DJI Matrice 300 RTK,M300 RTK,1ZN7L4R0H1D00F,1W9DL31001461C,1ZMLH8300204F0,1Z6PH74DAP0QN7,DJI Pilot,Android,7.0.2,1EF72A62-B7C3-C88D-164E-CE6F8C8424AE,1ZN7L4R0H1D00F,1W9DL31001461C,,1ZMLH8300204F0,1W9DL31001461C,,,,,
2023-11-01,11:28:27.46 AM,4m 5.1s,245.1,33.8016008946814,-117.4706742371596,137.7,137.7,18.7,1402,1759.4,5.373314,6.085134,-0.223694,2.23694,-5.368656,1.342164,0,0,0.7,-0.9,1.1,-93.1,266.9,264.7,Tripod,Other,,23,5,True,,True,False,,Smart,RC,False,True,False,,,True,,False,False,False,False,False,False,False,False,False,False,0,Follow Yaw,-77.9,0,-101.7,258.3,False,False,False,False,False,,0,0,False,False,No Card,100,100,1024,1347,1077,1024,2,False,False,False,False,False,0,False,False,False,False,86,,47.472,,8686,,10044,,47.472,,True,3.951,3.951,3.951,3.951,3.951,3.951,3.951,3.951,3.951,3.951,3.951,3.951,0,,False,False,True,,,,,,,,,,,,,,,False,False,19.08,,90.8,,75.7,,90.8,,1633,56,14,17,8,145923.6,19456.48,,Idle,,20,,10,,,20,Go Home,False,False,False,False,False,False,False,False,False,False,False,False,33.8027920380556,-117.4659261431046,1503.5,2972.0,1049.4,396.9,True,1,1,False,False,False,False,,True,False,False,Course Lock,196.8,67,16.4,93,E,S,9.39,11.4,Calm,False,False,Android,7.0.2,M300 RTK,1ZN7L4R0H1D00F,1W9DL31001461C,1ZMLH8300204F0,1Z6PH74DAP0QN7,"Corona, CA",728.3,5.7,137.7,8.547347,2.013246,0,0,DJI Matrice 300 RTK,M300 RTK,1ZN7L4R0H1D00F,1W9DL31001461C,1ZMLH8300204F0,1Z6PH74DAP0QN7,DJI Pilot,Android,7.0.2,1EF72A62-B7C3-C88D-164E-CE6F8C8424AE,1ZN7L4R0H1D00F,1W9DL31001461C,,1ZMLH8300204F0,1W9DL31001461C,,,,,
2023-11-01,11:28:27.54 AM,4m 5.2s,245.2,33.8016007274626,-117.4706769700889,137.7,137.7,19.0,1402,1760.2,5.596822,6.085134,-0.223694,2.23694,-5.59235,1.342164,0,0,0.7,-0.7,0.9,-93.1,266.9,265.7,Tripod,Other,,22,5,True,,True,False,,Smart,RC,False,True,False,,,True,,False,False,False,False,False,False,False,False,False,False,0,Follow Yaw,-77.9,0,-101.7,258.3,False,False,False,False,False,,0,0,False,False,No Card,100,100,1024,1348,1075,1024,2,False,False,False,False,False,0,False,False,False,False,86,,47.472,,8686,,10044,,47.472,,True,3.951,3.951,3.951,3.951,3.951,3.951,3.951,3.951,3.951,3.951,3.951,3.951,0,,False,False,True,,,,,,,,,,,,,,,False,False,19.08,,90.8,,75.7,,90.8,,1633,56,14,17,8,145923.6,19456.48,,Idle,,20,,10,,,20,Go Home,False,False,False,False,False,False,False,False,False,False,False,False,33.8027920380556,-117.4659261431046,1504.3,2972.0,1049.4,396.9,True,1,1,False,False,False,False,,True,False,False,Course Lock,196.8,67,16.4,93,E,S,9.39,11.4,Calm,False,False,Android,7.0.2,M300 RTK,1ZN7L4R0H1D00F,1W9DL31001461C,1ZMLH8300204F0,1Z6PH74DAP0QN7,"Corona, CA",728.3,5.7,137.7,8.547347,2.013246,0,0,DJI Matrice 300 RTK,M300 RTK,1ZN7L4R0H1D00F,1W9DL31001461C,1ZMLH8300204F0,1Z6PH74DAP0QN7,DJI Pilot,Android,7.0.2,1EF72A62-B7C3-C88D-164E-CE6F8C8424AE,1ZN7L4R0H1D00F,1W9DL31001461C,,1ZMLH8300204F0,1W9DL31001461C,,,,,
2023-11-01,11:28:27.66 AM,4m 5.3s,245.3,33.8016006731851,-117.4706795667841,137.7,137.7,18.7,1402,1761.0,5.596822,6.085134,-0.223694,2.23694,-5.59235,1.342164,0,0,0.6,-0.6,0.8,-93,267,268.5,Tripod,Other,,22,5,True,,True,False,,Smart,RC,False,True,False,,,True,,False,False,False,False,False,False,False,False,False,False,0,Follow Yaw,-77.9,0,-101.7,258.3,False,False,False,False,False,,0,0,False,False,No Card,100,100,1024,1349,1068,1024,2,False,False,False,False,False,0,False,False,False,False,86,,47.472,,8686,,10044,,47.472,,True,3.953,3.953,3.953,3.953,3.953,3.953,3.953,3.953,3.953,3.953,3.953,3.953,0,,False,False,True,,,,,,,,,,,,,,,False,False,19.08,,90.8,,75.7,,90.8,,1631,56,14,17,8,145527.0,19403.61,,Idle,,20,,10,,,20,Go Home,False,False,False,False,False,False,False,False,False,False,False,False,33.8027920380556,-117.4659261431046,1505.0,2972.0,1049.4,396.9,True,1,1,False,False,False,False,,True,False,False,Course Lock,196.8,67,16.4,93,E,S,9.39,11.4,Calm,False,False,Android,7.0.2,M300 RTK,1ZN7L4R0H1D00F,1W9DL31001461C,1ZMLH8300204F0,1Z6PH74DAP0QN7,"Corona, CA",728.3,5.7,137.7,8.547347,2.013246,0,0,DJI Matrice 300 RTK,M300 RTK,1ZN7L4R0H1D00F,1W9DL31001461C,1ZMLH8300204F0,1Z6PH74DAP0QN7,DJI Pilot,Android,7.0.2,1EF72A62-B7C3-C88D-164E-CE6F8C8424AE,1ZN7L4R0H1D00F,1W9DL31001461C,,1ZMLH8300204F0,1W9DL31001461C,,,,,
2023-11-01,11:28:27.77 AM,4m 5.4s,245.4,33.8016005355722,-117.4706823073003,137.7,137.7,18.7,1402,1761.9,5.596822,6.085134,-0.223694,2.23694,-5.59235,1.342164,0,0,0.5,-0.6,0.7,-93,267,266.5,Tripod,Other,,22,5,True,,True,False,,Smart,RC,False,True,False,,,True,,False,False,False,False,False,False,False,False,False,False,0,Follow Yaw,-77.9,0,-101.7,258.3,False,False,False,False,False,,0,0,False,False,No Card,100,100,1024,1351,1060,1024,2,False,False,False,False,False,0,False,False,False,False,86,,47.472,,8686,,10044,,47.472,,True,3.953,3.953,3.953,3.953,3.953,3.953,3.953,3.953,3.953,3.953,3.953,3.953,0,,False,False,True,,,,,,,,,,,,,,,False,False,19.08,,90.8,,75.7,,90.8,,1631,56,14,17,8,145527.0,19403.61,,Idle,,20,,10,,,20,Go Home,False,False,False,False,False,False,False,False,False,False,False,False,33.8027920380556,-117.4659261431046,1505.9,2972.0,1049.4,396.9,True,1,1,False,False,False,False,,True,False,False,Course Lock,196.8,67,16.4,93,E,S,9.39,11.4,Calm,False,False,Android,7.0.2,M300 RTK,1ZN7L4R0H1D00F,1W9DL31001461C,1ZMLH8300204F0,1Z6PH74DAP0QN7,"Corona, CA",728.3,5.7,137.7,8.547347,2.013246,0,0,DJI Matrice 300 RTK,M300 RTK,1ZN7L4R0H1D00F,1W9DL31001461C,1ZMLH8300204F0,1Z6PH74DAP0QN7,DJI Pilot,Android,7.0.2,1EF72A62-B7C3-C88D-164E-CE6F8C8424AE,1ZN7L4R0H1D00F,1W9DL31001461C,,1ZMLH8300204F0,1W9DL31001461C,,,,,
2023-11-01,11:28:27.87 AM,4m 5.5s,245.5,33.8016004664916,-117.4706851857,137.7,137.7,19.0,1402,1762.7,5.596822,6.085134,-0.223694,2.23694,-5.59235,1.342164,0,0,0.5,-0.7,0.8,-93,267,268.3,Tripod,Other,,22,5,True,,True,False,,Smart,RC,False,True,False,,,True,,False,False,False,False,False,False,False,False,False,False,0,Follow Yaw,-77.9,0,-101.7,258.3,False,False,False,False,False,,0,0,False,False,No Card,100,100,1024,1369,1024,1024,2,False,False,False,False,False,0,False,False,False,False,86,,47.472,,8686,,10044,,47.472,,True,3.953,3.953,3.953,3.953,3.953,3.953,3.953,3.953,3.953,3.953,3.953,3.953,0,,False,False,True,,,,,,,,,,,,,,,False,False,19.08,,90.8,,75.7,,90.8,,1631,56,14,17,8,145527.0,19403.61,,Idle,,20,,10,,,20,Go Home,False,False,False,False,False,False,False,False,False,False,False,False,33.8027920380556,-117.4659261431046,1506.7,2972.0,1049.4,396.9,True,1,1,False,False,False,False,,True,False,False,Course Lock,196.8,67,16.4,93,E,S,9.39,11.4,Calm,False,False,Android,7.0.2,M300 RTK,1ZN7L4R0H1D00F,1W9DL31001461C,1ZMLH8300204F0,1Z6PH74DAP0QN7,"Corona, CA",728.3,5.7,137.7,8.547347,2.013246,0,0,DJI Matrice 300 RTK,M300 RTK,1ZN7L4R0H1D00F,1W9DL31001461C,1ZMLH8300204F0,1Z6PH74DAP0QN7,DJI Pilot,Android,7.0.2,1EF72A62-B7C3-C88D-164E-CE6F8C8424AE,1ZN7L4R0H1D00F,1W9DL31001461C,,1ZMLH8300204F0,1W9DL31001461C,,,,,
2023-11-01,11:28:27.97 AM,4m 5.6s,245.6,33.80160035684,-117.4706879611819,137.7,137.7,19.0,1402,1763.6,5.596822,6.085134,-0.223694,2.23694,-5.59235,1.342164,0,0,0.7,-1,1.2,-93.2,266.8,267.2,Tripod,Other,,22,5,True,,True,False,,Smart,RC,False,True,False,,,True,,False,False,False,False,False,False,False,False,False,False,0,Follow Yaw,-77.9,0,-101.7,258.3,False,False,False,False,False,,0,0,False,False,No Card,100,100,1024,1367,1024,1024,2,False,False,False,False,False,0,False,False,False,False,86,,47.472,,8686,,10044,,47.472,,True,3.953,3.953,3.953,3.953,3.953,3.953,3.953,3.953,3.953,3.953,3.953,3.953,0,,False,False,True,,,,,,,,,,,,,,,False,False,19.08,,90.8,,75.7,,90.8,,1631,56,14,17,8,145527.0,19403.61,,Idle,,20,,10,,,20,Go Home,False,False,False,False,False,False,False,False,False,False,False,False,33.8027920380556,-117.4659261431046,1507.5,2972.0,1049.4,396.9,True,1,1,False,False,False,False,,True,False,False,Course Lock,196.8,67,16.4,93,E,S,9.39,11.4,Calm,False,False,Android,7.0.2,M300 RTK,1ZN7L4R0H1D00F,1W9DL31001461C,1ZMLH8300204F0,1Z6PH74DAP0QN7,"Corona, CA",728.3,5.7,137.7,8.547347,2.013246,0,0,DJI Matrice 300 RTK,M300 RTK,1ZN7L4R0H1D00F,1W9DL31001461C,1ZMLH8300204F0,1Z6PH74DAP0QN7,DJI Pilot,Android,7.0.2,1EF72A62-B7C3-C88D-164E-CE6F8C8424AE,1ZN7L4R0H1D00F,1W9DL31001461C,,1ZMLH8300204F0,1W9DL31001461C,,,,,
2023-11-01,11:28:28.07 AM,4m 5.7s,245.7,33.801600437434,-117.4706904269207,137.7,137.7,19.0,1402,1764.3,5.596822,6.085134,-0.223694,2.23694,-5.59235,1.342164,0,0,1,-1.5,1.8,-93.5,266.5,272.2,Tripod,Other,,22,5,True,,True,False,,Smart,RC,False,True,False,,,True,,False,False,False,False,False,False,False,False,False,False,0,Follow Yaw,-77.9,0,-101.7,258.3,False,False,False,False,False,,0,0,False,False,No Card,100,100,1024,1367,1024,1024,2,False,False,False,False,False,0,False,False,False,False,86,,47.472,,8686,,10044,,47.472,,True,3.953,3.953,3.953,3.953,3.953,3.953,3.953,3.953,3.953,3.953,3.953,3.953,0,,False,False,True,,,,,,,,,,,,,,,False,False,19.08,,90.8,,75.7,,90.8,,1631,56,14,17,8,145527.0,19403.61,,Idle,,20,,10,,,20,Go Home,False,False,False,False,False,False,False,False,False,False,False,False,33.8027920380556,-117.4659261431046,1508.2,2972.0,1049.4,396.9,True,1,1,False,False,False,False,,True,False,False,Course Lock,196.8,67,16.4,93,E,S,9.39,11.4,Calm,False,False,Android,7.0.2,M300 RTK,1ZN7L4R0H1D00F,1W9DL31001461C,1ZMLH8300204F0,1Z6PH74DAP0QN7,"Corona, CA",728.3,5.7,137.7,8.547347,2.013246,0,0,DJI Matrice 300 RTK,M300 RTK,1ZN7L4R0H1D00F,1W9DL31001461C,1ZMLH8300204F0,1Z6PH74DAP0QN7,DJI Pilot,Android,7.0.2,1EF72A62-B7C3-C88D-164E-CE6F8C8424AE,1ZN7L4R0H1D00F,1W9DL31001461C,,1ZMLH8300204F0,1W9DL31001461C,,,,,
2023-11-01,11:28:28.18 AM,4m 5.8s,245.8,33.8016003508091,-117.4706931888781,137.7,137.7,19.0,1402,1765.2,5.596822,6.085134,-0.223694,2.23694,-5.59235,1.342164,0,0,1.2,-1.9,2.2,-93.7,266.3,267.8,Tripod,Other,,23,5,True,,True,False,,Smart,RC,False,True,False,,,True,,False,False,False,False,False,False,False,False,False,False,0,Follow Yaw,-77.9,0,-101.7,258.3,False,False,False,False,False,,0,0,False,False,No Card,100,100,1024,1372,1024,1024,2,False,False,False,False,False,0,False,False,False,False,87,,47.4,,4337,,4986,,47.4,,True,3.953,3.953,3.953,3.953,3.953,3.953,3.953,3.953,3.953,3.953,3.953,3.953,0,,False,False,True,,,,,,,,,,,,,,,False,False,9.534,,90.6,,75.7,,90.8,,1631,56,14,17,8,145527.0,19403.61,,Idle,,20,,10,,,20,Go Home,False,False,False,False,False,False,False,False,False,False,False,False,33.8027920380556,-117.4659261431046,1509.0,2972.0,1049.4,396.9,True,1,1,False,False,False,False,,True,False,False,Course Lock,196.8,67,16.4,93,E,S,9.39,11.4,Calm,False,False,Android,7.0.2,M300 RTK,1ZN7L4R0H1D00F,1W9DL31001461C,1ZMLH8300204F0,1Z6PH74DAP0QN7,"Corona, CA",728.3,5.7,137.7,8.547347,2.013246,0,0,DJI Matrice 300 RTK,M300 RTK,1ZN7L4R0H1D00F,1W9DL31001461C,1ZMLH8300204F0,1Z6PH74DAP0QN7,DJI Pilot,Android,7.0.2,1EF72A62-B7C3-C88D-164E-CE6F8C8424AE,1ZN7L4R0H1D00F,1W9DL31001461C,,1ZMLH8300204F0,1W9DL31001461C,,,,,
2023-11-01,11:28:28.24 AM,4m 5.9s,245.9,33.8016001430192,-117.4706962289115,137.7,137.7,19.0,1402,1766.1,5.596822,6.085134,-0.223694,2.23694,-5.59235,1.342164,0,0,1.1,-2.1,2.3,-94,266,265.2,Tripod,Other,,23,5,True,,True,False,,Smart,RC,False,True,False,,,True,,False,False,False,False,False,False,False,False,False,False,0,Follow Yaw,-77.9,0,-101.7,258.3,False,False,False,False,False,,0,0,False,False,No Card,100,100,1024,1372,1024,1024,2,False,False,False,False,False,0,False,False,False,False,87,,47.4,,4337,,4986,,47.4,,True,3.953,3.953,3.953,3.953,3.953,3.953,3.953,3.953,3.953,3.953,3.953,3.953,0,,False,False,True,,,,,,,,,,,,,,,False,False,9.534,,90.6,,75.7,,90.8,,1631,56,14,17,8,145527.0,19403.61,,Idle,,20,,10,,,20,Go Home,False,False,False,False,False,False,False,False,False,False,False,False,33.8027920380556,-117.4659261431046,1509.9,2972.0,1049.4,396.9,True,1,1,False,False,False,False,,True,False,False,Course Lock,196.8,67,16.4,93,E,S,9.39,11.4,Calm,False,False,Android,7.0.2,M300 RTK,1ZN7L4R0H1D00F,1W9DL31001461C,1ZMLH8300204F0,1Z6PH74DAP0QN7,"Corona, CA",728.3,5.7,137.7,8.547347,2.013246,0,0,DJI Matrice 300 RTK,M300 RTK,1ZN7L4R0H1D00F,1W9DL31001461C,1ZMLH8300204F0,1Z6PH74DAP0QN7,DJI Pilot,Android,7.0.2,1EF72A62-B7C3-C88D-164E-CE6F8C8424AE,1ZN7L4R0H1D00F,1W9DL31001461C,,1ZMLH8300204F0,1W9DL31001461C,,,,,
2023-11-01,11:28:28.34 AM,4m 6.0s,246.0,33.801600032271,-117.4706990086816,137.7,137.7,19.0,1402,1766.9,5.596822,6.085134,-0.223694,2.23694,-5.59235,1.342164,0,0,0.7,-2.1,2.2,-94.3,265.7,267.2,Tripod,Other,,23,5,True,,True,False,,Smart,RC,False,True,False,,,True,,False,False,False,False,False,False,False,False,False,False,0,Follow Yaw,-77.9,0,-101.7,258.3,False,False,False,False,False,,0,0,False,False,No Card,100,100,1024,1370,1024,1024,2,False,False,False,False,False,0,False,False,False,False,86,,47.436,,8686,,10044,,47.436,,True,3.953,3.953,3.953,3.953,3.953,3.953,3.953,3.953,3.953,3.953,3.953,3.953,0,,False,False,True,,,,,,,,,,,,,,,False,False,19.362,,91.0,,75.7,,91.0,,1631,56,14,17,8,145527.0,19403.61,,Idle,,20,,10,,,20,Go Home,False,False,False,False,False,False,False,False,False,False,False,False,33.8027920380556,-117.4659261431046,1510.8,2972.0,1049.4,396.9,True,1,1,False,False,False,False,,True,False,False,Course Lock,196.8,67,16.4,93,E,S,9.39,11.4,Calm,False,False,Android,7.0.2,M300 RTK,1ZN7L4R0H1D00F,1W9DL31001461C,1ZMLH8300204F0,1Z6PH74DAP0QN7,"Corona, CA",728.3,5.7,137.7,8.547347,2.013246,0,0,DJI Matrice 300 RTK,M300 RTK,1ZN7L4R0H1D00F,1W9DL31001461C,1ZMLH8300204F0,1Z6PH74DAP0QN7,DJI Pilot,Android,7.0.2,1EF72A62-B7C3-C88D-164E-CE6F8C8424AE,1ZN7L4R0H1D00F,1W9DL31001461C,,1ZMLH8300204F0,1W9DL31001461C,,,,,
2023-11-01,11:28:28.44 AM,4m 6.1s,246.1,33.8015997214085,-117.4707015222508,137.7,137.7,19.0,1402,1767.7,5.596822,6.085134,-0.223694,2.23694,-5.59235,1.342164,0,0,0.1,-2.1,2.1,-94.4,265.6,261.5,Tripod,Other,,23,5,True,,True,False,,Smart,RC,False,True,False,,,True,,False,False,False,False,False,False,False,False,False,False,0,Follow Yaw,-77.9,0,-101.7,258.3,False,False,False,False,False,,0,0,False,False,No Card,100,100,1024,1370,1024,1024,2,False,False,False,False,False,0,False,False,False,False,86,,47.436,,8686,,10044,,47.436,,True,3.953,3.953,3.953,3.953,3.953,3.953,3.953,3.953,3.953,3.953,3.953,3.953,0,,False,False,True,,,,,,,,,,,,,,,False,False,19.362,,91.0,,75.7,,91.0,,1631,56,14,17,8,145527.0,19403.61,,Idle,,20,,10,,,20,Go Home,False,False,False,False,False,False,False,False,False,False,False,False,33.8027920380556,-117.4659261431046,1511.5,2972.0,1049.4,396.9,True,1,1,False,False,False,False,,True,False,False,Course Lock,196.8,67,16.4,93,E,S,9.39,11.4,Calm,False,False,Android,7.0.2,M300 RTK,1ZN7L4R0H1D00F,1W9DL31001461C,1ZMLH8300204F0,1Z6PH74DAP0QN7,"Corona, CA",728.3,5.7,137.7,8.547347,2.013246,0,0,DJI Matrice 300 RTK,M300 RTK,1ZN7L4R0H1D00F,1W9DL31001461C,1ZMLH8300204F0,1Z6PH74DAP0QN7,DJI Pilot,Android,7.0.2,1EF72A62-B7C3-C88D-164E-CE6F8C8424AE,1ZN7L4R0H1D00F,1W9DL31001461C,,1ZMLH8300204F0,1W9DL31001461C,,,,,
2023-11-01,11:28:28.54 AM,4m 6.2s,246.2,33.8015995711858,-117.4707042927847,137.7,137.7,19.0,1402,1768.5,5.596822,6.085134,-0.223694,2.23694,-5.59235,1.342164,0,0,-0.1,-2,2,-94.5,265.5,266.2,Tripod,Other,,23,5,True,,True,False,,Smart,RC,False,True,False,,,True,,False,False,False,False,False,False,False,False,False,False,0,Follow Yaw,-77.9,0,-101.7,258.3,False,False,False,False,False,,0,0,False,False,No Card,100,100,1024,1380,1024,1024,2,False,False,False,False,False,0,False,False,False,False,86,,47.436,,8686,,10044,,47.436,,True,3.953,3.953,3.953,3.953,3.953,3.953,3.953,3.953,3.953,3.953,3.953,3.953,0,,False,False,True,,,,,,,,,,,,,,,False,False,19.362,,91.0,,75.7,,91.0,,1631,56,14,17,8,145527.0,19403.61,,Idle,,20,,10,,,20,Go Home,False,False,False,False,False,False,False,False,False,False,False,False,33.8027920380556,-117.4659261431046,1512.3,2972.0,1049.4,396.9,True,1,1,False,False,False,False,,True,False,False,Course Lock,196.8,67,16.4,93,E,S,9.39,11.4,Calm,False,False,Android,7.0.2,M300 RTK,1ZN7L4R0H1D00F,1W9DL31001461C,1ZMLH8300204F0,1Z6PH74DAP0QN7,"Corona, CA",728.3,5.7,137.7,8.547347,2.013246,0,0,DJI Matrice 300 RTK,M300 RTK,1ZN7L4R0H1D00F,1W9DL31001461C,1ZMLH8300204F0,1Z6PH74DAP0QN7,DJI Pilot,Android,7.0.2,1EF72A62-B7C3-C88D-164E-CE6F8C8424AE,1ZN7L4R0H1D00F,1W9DL31001461C,,1ZMLH8300204F0,1W9DL31001461C,,,,,
2023-11-01,11:28:28.64 AM,4m 6.3s,246.3,33.8015995613171,-117.470707291585,137.7,137.7,19.0,1402,1769.4,5.596822,6.085134,-0.223694,2.23694,-5.59235,1.342164,0,0,-0.2,-1.5,1.5,-94.4,265.6,269.7,Tripod,Other,,23,5,True,,True,False,,Smart,RC,False,True,False,,,True,,False,False,False,False,False,False,False,False,False,False,0,Follow Yaw,-77.9,0,-101.7,258.3,False,False,False,False,False,,0,0,False,False,No Card,100,100,1024,1397,1024,1024,2,False,False,False,False,False,0,False,False,False,False,86,,47.436,,8686,,10044,,47.436,,True,3.956,3.956,3.956,3.956,3.956,3.956,3.956,3.956,3.956,3.956,3.956,3.956,0,,False,False,True,,,,,,,,,,,,,,,False,False,19.362,,91.0,,75.7,,91.0,,1628,56,14,17,8,145124.1,19349.89,,Idle,,20,,10,,,20,Go Home,False,False,False,False,False,False,False,False,False,False,False,False,33.8027920380556,-117.4659261431046,1513.2,2972.0,1049.4,396.9,True,1,1,False,False,False,False,,True,False,False,Course Lock,196.8,67,16.4,93,E,S,9.39,11.4,Calm,False,False,Android,7.0.2,M300 RTK,1ZN7L4R0H1D00F,1W9DL31001461C,1ZMLH8300204F0,1Z6PH74DAP0QN7,"Corona, CA",728.3,5.7,137.7,8.547347,2.013246,0,0,DJI Matrice 300 RTK,M300 RTK,1ZN7L4R0H1D00F,1W9DL31001461C,1ZMLH8300204F0,1Z6PH74DAP0QN7,DJI Pilot,Android,7.0.2,1EF72A62-B7C3-C88D-164E-CE6F8C8424AE,1ZN7L4R0H1D00F,1W9DL31001461C,,1ZMLH8300204F0,1W9DL31001461C,,,,,
2023-11-01,11:28:28.74 AM,4m 6.4s,246.4,33.801599408353,-117.4707101023624,137.7,137.7,19.0,1402,1770.3,5.596822,6.085134,-0.223694,2.23694,-5.59235,1.342164,0,0,-0.2,-1.3,1.3,-94.3,265.7,266.2,Tripod,Other,,23,5,True,,True,False,,Smart,RC,False,True,False,,,True,,False,False,False,False,False,False,False,False,False,False,0,Follow Yaw,-77.9,0,-101.7,258.3,False,False,False,False,False,,0,0,False,False,No Card,100,100,1024,1396,1024,1024,2,False,False,False,False,False,0,False,False,False,False,86,,47.436,,8686,,10044,,47.436,,True,3.956,3.956,3.956,3.956,3.956,3.956,3.956,3.956,3.956,3.956,3.956,3.956,0,,False,False,True,,,,,,,,,,,,,,,False,False,19.362,,91.0,,75.7,,91.0,,1628,56,14,17,8,145124.1,19349.89,,Idle,,20,,10,,,20,Go Home,False,False,False,False,False,False,False,False,False,False,False,False,33.8027920380556,-117.4659261431046,1514.0,2972.0,1049.4,396.9,True,1,1,False,False,False,False,,True,False,False,Course Lock,196.8,67,16.4,93,E,S,9.39,11.4,Calm,False,False,Android,7.0.2,M300 RTK,1ZN7L4R0H1D00F,1W9DL31001461C,1ZMLH8300204F0,1Z6PH74DAP0QN7,"Corona, CA",728.3,5.7,137.7,8.547347,2.013246,0,0,DJI Matrice 300 RTK,M300 RTK,1ZN7L4R0H1D00F,1W9DL31001461C,1ZMLH8300204F0,1Z6PH74DAP0QN7,DJI Pilot,Android,7.0.2,1EF72A62-B7C3-C88D-164E-CE6F8C8424AE,1ZN7L4R0H1D00F,1W9DL31001461C,,1ZMLH8300204F0,1W9DL31001461C,,,,,
2023-11-01,11:28:28.84 AM,4m 6.5s,246.5,33.8015991216139,-117.4707127851523,137.7,137.7,19.0,1402,1771.1,5.596822,6.085134,-0.223694,2.23694,-5.59235,1.342164,0,0,-0.1,-1.4,1.4,-94.1,265.9,262.6,Tripod,Other,,23,5,True,,True,False,,Smart,RC,False,True,False,,,True,,False,False,False,False,False,False,False,False,False,False,0,Follow Yaw,-77.9,0,-101.7,258.3,False,False,False,False,False,,0,0,False,False,No Card,100,100,1024,1391,1024,1024,2,False,False,False,False,False,0,False,False,False,False,86,,47.436,,8686,,10044,,47.436,,True,3.956,3.956,3.956,3.956,3.956,3.956,3.956,3.956,3.956,3.956,3.956,3.956,0,,False,False,True,,,,,,,,,,,,,,,False,False,19.362,,91.0,,75.7,,91.0,,1628,56,14,17,8,145124.1,19349.89,,Idle,,20,,10,,,20,Go Home,False,False,False,False,False,False,False,False,False,False,False,False,33.8027920380556,-117.4659261431046,1514.9,2972.0,1049.4,396.9,True,1,1,False,False,False,False,,True,False,False,Course Lock,196.8,67,16.4,93,E,S,9.39,11.4,Calm,False,False,Android,7.0.2,M300 RTK,1ZN7L4R0H1D00F,1W9DL31001461C,1ZMLH8300204F0,1Z6PH74DAP0QN7,"Corona, CA",728.3,5.7,137.7,8.547347,2.013246,0,0,DJI Matrice 300 RTK,M300 RTK,1ZN7L4R0H1D00F,1W9DL31001461C,1ZMLH8300204F0,1Z6PH74DAP0QN7,DJI Pilot,Android,7.0.2,1EF72A62-B7C3-C88D-164E-CE6F8C8424AE,1ZN7L4R0H1D00F,1W9DL31001461C,,1ZMLH8300204F0,1W9DL31001461C,,,,,
2023-11-01,11:28:28.94 AM,4m 6.6s,246.6,33.8015989357543,-117.4707157371118,137.7,137.7,19.0,1402,1772.0,5.596822,6.085134,-0.223694,2.23694,-5.59235,1.342164,0,0,-0.2,-1.5,1.5,-93.8,266.2,265.6,Tripod,Other,,23,5,True,,True,False,,Smart,RC,False,True,False,,,True,,False,False,False,False,False,False,False,False,False,False,0,Follow Yaw,-77.9,0,-101.7,258.3,False,False,False,False,False,,0,0,False,False,No Card,100,100,1024,1385,1024,1024,2,False,False,False,False,False,0,False,False,False,False,86,,47.436,,8686,,10044,,47.436,,True,3.956,3.956,3.956,3.956,3.956,3.956,3.956,3.956,3.956,3.956,3.956,3.956,0,,False,False,True,,,,,,,,,,,,,,,False,False,19.362,,91.0,,75.7,,91.0,,1628,56,14,17,8,145124.1,19349.89,,Idle,,20,,10,,,20,Go Home,False,False,False,False,False,False,False,False,False,False,False,False,33.8027920380556,-117.4659261431046,1515.7,2972.0,1049.4,396.9,True,1,1,False,False,False,False,,True,False,False,Course Lock,196.8,67,16.4,93,E,S,9.39,11.4,Calm,False,False,Android,7.0.2,M300 RTK,1ZN7L4R0H1D00F,1W9DL31001461C,1ZMLH8300204F0,1Z6PH74DAP0QN7,"Corona, CA",728.3,5.7,137.7,8.547347,2.013246,0,0,DJI Matrice 300 RTK,M300 RTK,1ZN7L4R0H1D00F,1W9DL31001461C,1ZMLH8300204F0,1Z6PH74DAP0QN7,DJI Pilot,Android,7.0.2,1EF72A62-B7C3-C88D-164E-CE6F8C8424AE,1ZN7L4R0H1D00F,1W9DL31001461C,,1ZMLH8300204F0,1W9DL31001461C,,,,,
2023-11-01,11:28:29.04 AM,4m 6.7s,246.7,33.8015987690838,-117.4707186283762,137.7,137.7,19.3,1402,1772.9,5.820344,6.085134,-0.223694,2.23694,-5.816044,1.342164,0,0,-0.3,-1.3,1.3,-93.6,266.4,266.0,Tripod,Other,,23,5,True,,True,False,,Smart,RC,False,True,False,,,True,,False,False,False,False,False,False,False,False,False,False,0,Follow Yaw,-77.9,0,-101.7,258.3,False,False,False,False,False,,0,0,False,False,No Card,100,100,1024,1384,1024,1024,2,False,False,False,False,False,0,False,False,False,False,86,,47.436,,8686,,10044,,47.436,,True,3.956,3.956,3.956,3.956,3.956,3.956,3.956,3.956,3.956,3.956,3.956,3.956,0,,False,False,True,,,,,,,,,,,,,,,False,False,19.362,,91.0,,75.7,,91.0,,1628,56,14,17,8,145124.1,19349.89,,Idle,,20,,10,,,20,Go Home,False,False,False,False,False,False,False,False,False,False,False,False,33.8027920380556,-117.4659261431046,1516.6,2972.0,1049.4,396.9,True,1,1,False,False,False,False,,True,False,False,Course Lock,196.8,67,16.4,93,E,S,9.39,11.4,Calm,False,False,Android,7.0.2,M300 RTK,1ZN7L4R0H1D00F,1W9DL31001461C,1ZMLH8300204F0,1Z6PH74DAP0QN7,"Corona, CA",728.3,5.7,137.7,8.547347,2.013246,0,0,DJI Matrice 300 RTK,M300 RTK,1ZN7L4R0H1D00F,1W9DL31001461C,1ZMLH8300204F0,1Z6PH74DAP0QN7,DJI Pilot,Android,7.0.2,1EF72A62-B7C3-C88D-164E-CE6F8C8424AE,1ZN7L4R0H1D00F,1W9DL31001461C,,1ZMLH8300204F0,1W9DL31001461C,,,,,
2023-11-01,11:28:29.14 AM,4m 6.8s,246.8,33.8015985903515,-117.4707214774178,137.7,137.7,19.3,1402,1773.8,5.820344,6.085134,-0.223694,2.23694,-5.816044,1.342164,0,0,0,-1,1,-93.5,266.5,265.6,Tripod,Other,,23,5,True,,True,False,,Smart,RC,False,True,False,,,True,,False,False,False,False,False,False,False,False,False,False,0,Follow Yaw,-77.9,0,-101.7,258.3,False,False,False,False,False,,0,0,False,False,No Card,100,100,1024,1382,1024,1024,2,False,False,False,False,False,0,False,False,False,False,86,,47.436,,8686,,10044,,47.436,,True,3.956,3.956,3.956,3.956,3.956,3.956,3.956,3.956,3.956,3.956,3.956,3.956,0,,False,False,True,,,,,,,,,,,,,,,False,False,19.362,,91.0,,75.7,,91.0,,1628,56,14,17,8,145124.1,19349.89,,Idle,,20,,10,,,20,Go Home,False,False,False,False,False,False,False,False,False,False,False,False,33.8027920380556,-117.4659261431046,1517.4,2972.0,1049.4,396.9,True,1,1,False,False,False,False,,True,False,False,Course Lock,196.8,67,16.4,93,E,S,9.39,11.4,Calm,False,False,Android,7.0.2,M300 RTK,1ZN7L4R0H1D00F,1W9DL31001461C,1ZMLH8300204F0,1Z6PH74DAP0QN7,"Corona, CA",728.3,5.7,137.7,8.547347,2.013246,0,0,DJI Matrice 300 RTK,M300 RTK,1ZN7L4R0H1D00F,1W9DL31001461C,1ZMLH8300204F0,1Z6PH74DAP0QN7,DJI Pilot,Android,7.0.2,1EF72A62-B7C3-C88D-164E-CE6F8C8424AE,1ZN7L4R0H1D00F,1W9DL31001461C,,1ZMLH8300204F0,1W9DL31001461C,,,,,
2023-11-01,11:28:29.21 AM,4m 6.9s,246.9,33.8015986429844,-117.4707241546,137.7,137.7,19.3,1402,1774.6,5.820344,6.085134,-0.223694,2.23694,-5.816044,1.342164,0,0,0.4,-0.8,0.8,-93.5,266.5,271.3,Tripod,Other,,23,5,True,,True,False,,Smart,RC,False,True,False,,,True,,False,False,False,False,False,False,False,False,False,False,0,Follow Yaw,-77.9,0,-101.7,258.3,False,False,False,False,False,,0,0,False,False,No Card,100,100,1024,1383,1024,1024,2,False,False,False,False,False,0,False,False,False,False,87,,47.376,,4337,,4986,,47.376,,True,3.956,3.956,3.956,3.956,3.956,3.956,3.956,3.956,3.956,3.956,3.956,3.956,0,,False,False,True,,,,,,,,,,,,,,,False,False,9.676,,90.6,,75.7,,91.0,,1628,56,14,17,8,145124.1,19349.89,,Idle,,20,,10,,,20,Go Home,False,False,False,False,False,False,False,False,False,False,False,False,33.8027920380556,-117.4659261431046,1518.2,2972.0,1049.4,396.9,True,1,1,False,False,False,False,,True,False,False,Course Lock,196.8,67,16.4,93,E,S,9.17,11.4,Calm,False,False,Android,7.0.2,M300 RTK,1ZN7L4R0H1D00F,1W9DL31001461C,1ZMLH8300204F0,1Z6PH74DAP0QN7,"Corona, CA",728.3,5.7,137.7,8.547347,2.013246,0,0,DJI Matrice 300 RTK,M300 RTK,1ZN7L4R0H1D00F,1W9DL31001461C,1ZMLH8300204F0,1Z6PH74DAP0QN7,DJI Pilot,Android,7.0.2,1EF72A62-B7C3-C88D-164E-CE6F8C8424AE,1ZN7L4R0H1D00F,1W9DL31001461C,,1ZMLH8300204F0,1W9DL31001461C,,,,,
2023-11-01,11:28:29.34 AM,4m 7.0s,247.0,33.801598489472,-117.470726993086,137.7,137.7,19.3,1402,1775.4,5.820344,6.085134,-0.223694,2.23694,-5.816044,1.342164,0,0,0.6,-0.9,1,-93.5,266.5,266.2,Tripod,Other,,23,5,True,,True,False,,Smart,RC,False,True,False,,,True,,False,False,False,False,False,False,False,False,False,False,0,Follow Yaw,-77.9,0,-101.7,258.3,False,False,False,False,False,,0,0,False,False,No Card,100,100,1024,1381,1024,1024,2,False,False,False,False,False,0,False,False,False,False,86,,47.376,,8686,,10044,,47.376,,True,3.956,3.956,3.956,3.956,3.956,3.956,3.956,3.956,3.956,3.956,3.956,3.956,0,,False,False,True,,,,,,,,,,,,,,,False,False,19.726,,91.0,,75.7,,91.0,,1628,56,14,17,8,145124.1,19349.89,,Idle,,20,,10,,,20,Go Home,False,False,False,False,False,False,False,False,False,False,False,False,33.8027920380556,-117.4659261431046,1519.0,2972.0,1049.4,396.9,True,1,1,False,False,False,False,,True,False,False,Course Lock,196.8,67,16.4,93,E,S,9.17,11.4,Calm,False,False,Android,7.0.2,M300 RTK,1ZN7L4R0H1D00F,1W9DL31001461C,1ZMLH8300204F0,1Z6PH74DAP0QN7,"Corona, CA",728.3,5.7,137.7,8.547347,2.013246,0,0,DJI Matrice 300 RTK,M300 RTK,1ZN7L4R0H1D00F,1W9DL31001461C,1ZMLH8300204F0,1Z6PH74DAP0QN7,DJI Pilot,Android,7.0.2,1EF72A62-B7C3-C88D-164E-CE6F8C8424AE,1ZN7L4R0H1D00F,1W9DL31001461C,,1ZMLH8300204F0,1W9DL31001461C,,,,,
2023-11-01,11:28:29.44 AM,4m 7.1s,247.1,33.8015982465936,-117.4707298084815,137.7,137.7,19.3,1402,1776.3,5.820344,6.085134,-0.223694,2.23694,-5.816044,1.342164,0,0,0.3,-1.3,1.3,-93.6,266.4,264.0,Tripod,Other,,23,5,True,,True,False,,Smart,RC,False,True,False,,,True,,False,False,False,False,False,False,False,False,False,False,0,Follow Yaw,-77.9,0,-101.7,258.3,False,False,False,False,False,,0,0,False,False,No Card,100,100,1024,1376,1024,1024,2,False,False,False,False,False,0,False,False,False,False,86,,47.376,,8686,,10044,,47.376,,True,3.956,3.956,3.956,3.956,3.956,3.956,3.956,3.956,3.956,3.956,3.956,3.956,0,,False,False,True,,,,,,,,,,,,,,,False,False,19.726,,91.0,,75.7,,91.0,,1628,56,14,17,8,145124.1,19349.89,,Idle,,20,,10,,,20,Go Home,False,False,False,False,False,False,False,False,False,False,False,False,33.8027920380556,-117.4659261431046,1519.9,2972.0,1049.4,396.9,True,1,1,False,False,False,False,,True,False,False,Course Lock,196.8,67,16.4,93,E,S,9.17,11.4,Calm,False,False,Android,7.0.2,M300 RTK,1ZN7L4R0H1D00F,1W9DL31001461C,1ZMLH8300204F0,1Z6PH74DAP0QN7,"Corona, CA",728.3,5.7,137.7,8.547347,2.013246,0,0,DJI Matrice 300 RTK,M300 RTK,1ZN7L4R0H1D00F,1W9DL31001461C,1ZMLH8300204F0,1Z6PH74DAP0QN7,DJI Pilot,Android,7.0.2,1EF72A62-B7C3-C88D-164E-CE6F8C8424AE,1ZN7L4R0H1D00F,1W9DL31001461C,,1ZMLH8300204F0,1W9DL31001461C,,,,,
2023-11-01,11:28:29.51 AM,4m 7.2s,247.2,33.8015980908882,-117.4707326390508,137.7,137.7,19.3,1402,1777.2,5.820344,6.085134,-0.223694,2.23694,-5.816044,1.342164,0,0,-0.1,-1.5,1.5,-93.7,266.3,266.2,Tripod,Other,,23,5,True,,True,False,,Smart,RC,False,True,False,,,True,,False,False,False,False,False,False,False,False,False,False,0,Follow Yaw,-77.9,0,-101.7,258.3,False,False,False,False,False,,0,0,False,False,No Card,100,100,1024,1376,1024,1024,2,False,False,False,False,False,0,False,False,False,False,86,,47.376,,8686,,10044,,47.376,,True,3.956,3.956,3.956,3.956,3.956,3.956,3.956,3.956,3.956,3.956,3.956,3.956,0,,False,False,True,,,,,,,,,,,,,,,False,False,19.726,,91.0,,75.7,,91.0,,1628,56,14,17,8,145124.1,19349.89,,Idle,,20,,10,,,20,Go Home,False,False,False,False,False,False,False,False,False,False,False,False,33.8027920380556,-117.4659261431046,1520.7,2972.0,1049.4,396.9,True,1,1,False,False,False,False,,True,False,False,Course Lock,196.8,67,16.4,93,E,S,9.17,11.4,Calm,False,False,Android,7.0.2,M300 RTK,1ZN7L4R0H1D00F,1W9DL31001461C,1ZMLH8300204F0,1Z6PH74DAP0QN7,"Corona, CA",728.3,5.7,137.7,8.547347,2.013246,0,0,DJI Matrice 300 RTK,M300 RTK,1ZN7L4R0H1D00F,1W9DL31001461C,1ZMLH8300204F0,1Z6PH74DAP0QN7,DJI Pilot,Android,7.0.2,1EF72A62-B7C3-C88D-164E-CE6F8C8424AE,1ZN7L4R0H1D00F,1W9DL31001461C,,1ZMLH8300204F0,1W9DL31001461C,,,,,
2023-11-01,11:28:29.64 AM,4m 7.3s,247.3,33.8015978348515,-117.4707355441694,137.7,137.7,19.3,1402,1778.0,5.820344,6.085134,-0.223694,2.23694,-5.816044,1.342164,0,0,-0.6,-1.2,1.3,-93.7,266.3,263.9,Tripod,Other,,23,5,True,,True,False,,Smart,RC,False,True,False,,,True,,False,False,False,False,False,False,False,False,False,False,0,Follow Yaw,-77.9,0,-101.7,258.3,False,False,False,False,False,,0,0,False,False,No Card,100,100,1024,1375,1024,1024,2,False,False,False,False,False,0,False,False,False,False,86,,47.376,,8686,,10044,,47.376,,True,3.951,3.951,3.951,3.951,3.951,3.951,3.951,3.951,3.951,3.951,3.951,3.951,0,,False,False,True,,,,,,,,,,,,,,,False,False,19.726,,91.0,,75.7,,91.0,,1627,56,14,17,8,144885.4,19318.05,,Idle,,20,,10,,,20,Go Home,False,False,False,False,False,False,False,False,False,False,False,False,33.8027920380556,-117.4659261431046,1521.6,2972.0,1049.4,396.9,True,1,1,False,False,False,False,,True,False,False,Course Lock,196.8,67,16.4,93,E,S,9.17,11.4,Calm,False,False,Android,7.0.2,M300 RTK,1ZN7L4R0H1D00F,1W9DL31001461C,1ZMLH8300204F0,1Z6PH74DAP0QN7,"Corona, CA",728.3,5.7,137.7,8.547347,2.013246,0,0,DJI Matrice 300 RTK,M300 RTK,1ZN7L4R0H1D00F,1W9DL31001461C,1ZMLH8300204F0,1Z6PH74DAP0QN7,DJI Pilot,Android,7.0.2,1EF72A62-B7C3-C88D-164E-CE6F8C8424AE,1ZN7L4R0H1D00F,1W9DL31001461C,,1ZMLH8300204F0,1W9DL31001461C,,,,,
2023-11-01,11:28:29.74 AM,4m 7.4s,247.4,33.8015976758566,-117.4707384007981,137.7,137.7,19.3,1402,1778.9,5.820344,6.085134,-0.223694,2.23694,-5.816044,1.342164,0,0,-0.7,-0.9,1.1,-93.7,266.3,266.1,Tripod,Other,,23,5,True,,True,False,,Smart,RC,False,True,False,,,True,,False,False,False,False,False,False,False,False,False,False,0,Follow Yaw,-77.9,0,-101.7,258.3,False,False,False,False,False,,0,0,False,False,No Card,100,100,1024,1377,1024,1024,2,False,False,False,False,False,0,False,False,False,False,86,,47.376,,8686,,10044,,47.376,,True,3.951,3.951,3.951,3.951,3.951,3.951,3.951,3.951,3.951,3.951,3.951,3.951,0,,False,False,True,,,,,,,,,,,,,,,False,False,19.726,,91.0,,75.7,,91.0,,1627,56,14,17,8,144885.4,19318.05,,Idle,,20,,10,,,20,Go Home,False,False,False,False,False,False,False,False,False,False,False,False,33.8027920380556,-117.4659261431046,1522.4,2972.0,1049.4,396.9,True,1,1,False,False,False,False,,True,False,False,Course Lock,196.8,67,16.4,93,E,S,9.17,11.4,Calm,False,False,Android,7.0.2,M300 RTK,1ZN7L4R0H1D00F,1W9DL31001461C,1ZMLH8300204F0,1Z6PH74DAP0QN7,"Corona, CA",728.3,5.7,137.7,8.547347,2.013246,0,0,DJI Matrice 300 RTK,M300 RTK,1ZN7L4R0H1D00F,1W9DL31001461C,1ZMLH8300204F0,1Z6PH74DAP0QN7,DJI Pilot,Android,7.0.2,1EF72A62-B7C3-C88D-164E-CE6F8C8424AE,1ZN7L4R0H1D00F,1W9DL31001461C,,1ZMLH8300204F0,1W9DL31001461C,,,,,
2023-11-01,11:28:29.84 AM,4m 7.5s,247.5,33.8015975755253,-117.4707414480885,137.7,137.7,19.3,1402,1779.8,5.820344,6.085134,-0.223694,2.23694,-5.816044,1.342164,0,0,-0.8,-1,1.2,-93.8,266.2,267.7,Tripod,Other,,23,5,True,,True,False,,Smart,RC,False,True,False,,,True,,False,False,False,False,False,False,False,False,False,False,0,Follow Yaw,-77.9,0,-101.7,258.3,False,False,False,False,False,,0,0,False,False,No Card,100,100,1024,1378,1024,1024,2,False,False,False,False,False,0,False,False,False,False,86,,47.376,,8686,,10044,,47.376,,True,3.951,3.951,3.951,3.951,3.951,3.951,3.951,3.951,3.951,3.951,3.951,3.951,0,,False,False,True,,,,,,,,,,,,,,,False,False,19.726,,91.0,,75.7,,91.0,,1627,56,14,17,8,144885.4,19318.05,,Idle,,20,,10,,,20,Go Home,False,False,False,False,False,False,False,False,False,False,False,False,33.8027920380556,-117.4659261431046,1523.3,2972.0,1049.4,396.9,True,1,1,False,False,False,False,,True,False,False,Course Lock,196.8,67,16.4,93,E,S,9.17,11.4,Calm,False,False,Android,7.0.2,M300 RTK,1ZN7L4R0H1D00F,1W9DL31001461C,1ZMLH8300204F0,1Z6PH74DAP0QN7,"Corona, CA",728.3,5.7,137.7,8.547347,2.013246,0,0,DJI Matrice 300 RTK,M300 RTK,1ZN7L4R0H1D00F,1W9DL31001461C,1ZMLH8300204F0,1Z6PH74DAP0QN7,DJI Pilot,Android,7.0.2,1EF72A62-B7C3-C88D-164E-CE6F8C8424AE,1ZN7L4R0H1D00F,1W9DL31001461C,,1ZMLH8300204F0,1W9DL31001461C,,,,,
2023-11-01,11:28:29.94 AM,4m 7.6s,247.6,33.8015974351712,-117.4707443485891,137.7,137.7,19.3,1402,1780.7,5.820344,6.085134,-0.223694,2.23694,-5.816044,1.342164,0,0,-0.9,-1.3,1.5,-93.9,266.1,266.6,Tripod,Other,,23,5,True,,True,False,,Smart,RC,False,True,False,,,True,,False,False,False,False,False,False,False,False,False,False,0,Follow Yaw,-77.9,0,-101.7,258.3,False,False,False,False,False,,0,0,False,False,No Card,100,100,1024,1382,1024,1024,2,False,False,False,False,False,0,False,False,False,False,86,,47.376,,8686,,10044,,47.376,,True,3.951,3.951,3.951,3.951,3.951,3.951,3.951,3.951,3.951,3.951,3.951,3.951,0,,False,False,True,,,,,,,,,,,,,,,False,False,19.726,,91.0,,75.7,,91.0,,1627,56,14,17,8,144885.4,19318.05,,Idle,,20,,10,,,20,Go Home,False,False,False,False,False,False,False,False,False,False,False,False,33.8027920380556,-117.4659261431046,1524.2,2972.0,1049.4,396.9,True,1,1,False,False,False,False,,True,False,False,Course Lock,196.8,67,16.4,93,E,S,9.17,11.4,Calm,False,False,Android,7.0.2,M300 RTK,1ZN7L4R0H1D00F,1W9DL31001461C,1ZMLH8300204F0,1Z6PH74DAP0QN7,"Corona, CA",728.3,5.7,137.7,8.547347,2.013246,0,0,DJI Matrice 300 RTK,M300 RTK,1ZN7L4R0H1D00F,1W9DL31001461C,1ZMLH8300204F0,1Z6PH74DAP0QN7,DJI Pilot,Android,7.0.2,1EF72A62-B7C3-C88D-164E-CE6F8C8424AE,1ZN7L4R0H1D00F,1W9DL31001461C,,1ZMLH8300204F0,1W9DL31001461C,,,,,
2023-11-01,11:28:30.02 AM,4m 7.7s,247.7,33.8015974790318,-117.4707472464508,137.7,137.7,19.0,1402,1781.6,5.820344,6.085134,-0.223694,2.23694,-5.816044,1.342164,0,0,-0.7,-1.7,1.8,-93.9,266.1,271.0,Tripod,Other,,23,5,True,,True,False,,Smart,RC,False,True,False,,,True,,False,False,False,False,False,False,False,False,False,False,0,Follow Yaw,-77.9,0,-101.7,258.3,False,False,False,False,False,,0,0,False,False,No Card,100,100,1024,1385,1024,1024,2,False,False,False,False,False,0,False,False,False,False,86,,47.376,,8686,,10044,,47.376,,True,3.951,3.951,3.951,3.951,3.951,3.951,3.951,3.951,3.951,3.951,3.951,3.951,0,,False,False,True,,,,,,,,,,,,,,,False,False,19.726,,91.0,,75.7,,91.0,,1627,56,14,17,8,144885.4,19318.05,,Idle,,20,,10,,,20,Go Home,False,False,False,False,False,False,False,False,False,False,False,False,33.8027920380556,-117.4659261431046,1525.0,2972.0,1049.4,396.9,True,1,1,False,False,False,False,,True,False,False,Course Lock,196.8,67,16.4,93,E,S,9.17,11.4,Calm,False,False,Android,7.0.2,M300 RTK,1ZN7L4R0H1D00F,1W9DL31001461C,1ZMLH8300204F0,1Z6PH74DAP0QN7,"Corona, CA",728.3,5.7,137.7,8.547347,2.013246,0,0,DJI Matrice 300 RTK,M300 RTK,1ZN7L4R0H1D00F,1W9DL31001461C,1ZMLH8300204F0,1Z6PH74DAP0QN7,DJI Pilot,Android,7.0.2,1EF72A62-B7C3-C88D-164E-CE6F8C8424AE,1ZN7L4R0H1D00F,1W9DL31001461C,,1ZMLH8300204F0,1W9DL31001461C,,,,,
2023-11-01,11:28:30.14 AM,4m 7.8s,247.8,33.801597343612,-117.4707501776288,137.7,137.7,19.3,1402,1782.5,5.820344,6.085134,-0.223694,2.23694,-5.816044,1.342164,0,0,-0.4,-1.8,1.8,-93.9,266.1,266.8,Tripod,Other,,23,5,True,,True,False,,Smart,RC,False,True,False,,,True,,False,False,False,False,False,False,False,False,False,False,0,Follow Yaw,-77.9,0,-101.7,258.3,False,False,False,False,False,,0,0,False,False,No Card,100,100,1024,1383,1024,1024,2,False,False,False,False,False,0,False,False,False,False,86,,47.376,,8686,,10044,,47.376,,True,3.951,3.951,3.951,3.951,3.951,3.951,3.951,3.951,3.951,3.951,3.951,3.951,0,,False,False,True,,,,,,,,,,,,,,,False,False,19.726,,91.0,,75.7,,91.0,,1627,56,14,17,8,144885.4,19318.05,,Idle,,20,,10,,,20,Go Home,False,False,False,False,False,False,False,False,False,False,False,False,33.8027920380556,-117.4659261431046,1525.9,2972.0,1049.4,396.9,True,1,1,False,False,False,False,,True,False,False,Course Lock,196.8,67,16.4,93,E,S,8.94,11.4,Calm,False,False,Android,7.0.2,M300 RTK,1ZN7L4R0H1D00F,1W9DL31001461C,1ZMLH8300204F0,1Z6PH74DAP0QN7,"Corona, CA",728.3,5.7,137.7,8.547347,2.013246,0,0,DJI Matrice 300 RTK,M300 RTK,1ZN7L4R0H1D00F,1W9DL31001461C,1ZMLH8300204F0,1Z6PH74DAP0QN7,DJI Pilot,Android,7.0.2,1EF72A62-B7C3-C88D-164E-CE6F8C8424AE,1ZN7L4R0H1D00F,1W9DL31001461C,,1ZMLH8300204F0,1W9DL31001461C,,,,,
2023-11-01,11:28:30.24 AM,4m 7.9s,247.9,33.8015969872441,-117.4707530355769,137.7,137.7,19.3,1402,1783.4,5.820344,6.085134,-0.223694,2.23694,-5.816044,1.342164,0,0,-0.2,-1.7,1.7,-93.9,266.1,261.4,Tripod,Other,,23,5,True,,True,False,,Smart,RC,False,True,False,,,True,,False,False,False,False,False,False,False,False,False,False,0,Follow Yaw,-77.9,0,-101.7,258.3,False,False,False,False,False,,0,0,False,False,No Card,100,100,1024,1384,1024,1024,2,False,False,False,False,False,0,False,False,False,False,86,,47.376,,8686,,10044,,47.376,,True,3.951,3.951,3.951,3.951,3.951,3.951,3.951,3.951,3.951,3.951,3.951,3.951,0,,False,False,True,,,,,,,,,,,,,,,False,False,19.726,,91.0,,75.7,,91.0,,1627,56,14,17,8,144885.4,19318.05,,Idle,,20,,10,,,20,Go Home,False,False,False,False,False,False,False,False,False,False,False,False,33.8027920380556,-117.4659261431046,1526.8,2972.0,1049.4,396.9,True,1,1,False,False,False,False,,True,False,False,Course Lock,196.8,67,16.4,93,E,S,8.94,11.4,Calm,False,False,Android,7.0.2,M300 RTK,1ZN7L4R0H1D00F,1W9DL31001461C,1ZMLH8300204F0,1Z6PH74DAP0QN7,"Corona, CA",728.3,5.7,137.7,8.547347,2.013246,0,0,DJI Matrice 300 RTK,M300 RTK,1ZN7L4R0H1D00F,1W9DL31001461C,1ZMLH8300204F0,1Z6PH74DAP0QN7,DJI Pilot,Android,7.0.2,1EF72A62-B7C3-C88D-164E-CE6F8C8424AE,1ZN7L4R0H1D00F,1W9DL31001461C,,1ZMLH8300204F0,1W9DL31001461C,,,,,
2023-11-01,11:28:30.34 AM,4m 8.0s,248.0,33.8015968156392,-117.4707559812689,137.7,137.7,19.3,1402,1784.3,6.043879,6.085134,-0.223694,2.23694,-6.039738,1.342164,0,0,-0.3,-1.6,1.6,-94.1,265.9,265.9,Tripod,Other,,22,5,True,,True,False,,Smart,RC,False,True,False,,,True,,False,False,False,False,False,False,False,False,False,False,0,Follow Yaw,-77.9,0,-101.7,258.3,False,False,False,False,False,,0,0,False,False,No Card,100,100,1024,1380,1024,1024,2,False,False,False,False,False,0,False,False,False,False,86,,47.412,,8686,,10044,,47.412,,True,3.951,3.951,3.951,3.951,3.951,3.951,3.951,3.951,3.951,3.951,3.951,3.951,0,,False,False,True,,,,,,,,,,,,,,,False,False,19.246,,91.0,,75.7,,91.0,,1627,56,14,17,8,144885.4,19318.05,,Idle,,20,,10,,,20,Go Home,False,False,False,False,False,False,False,False,False,False,False,False,33.8027920380556,-117.4659261431046,1527.6,2972.0,1049.4,396.9,True,1,1,False,False,False,False,,True,False,False,Course Lock,196.8,67,16.4,93,E,S,8.94,11.4,Calm,False,False,Android,7.0.2,M300 RTK,1ZN7L4R0H1D00F,1W9DL31001461C,1ZMLH8300204F0,1Z6PH74DAP0QN7,"Corona, CA",728.3,5.7,137.7,8.547347,2.013246,0,0,DJI Matrice 300 RTK,M300 RTK,1ZN7L4R0H1D00F,1W9DL31001461C,1ZMLH8300204F0,1Z6PH74DAP0QN7,DJI Pilot,Android,7.0.2,1EF72A62-B7C3-C88D-164E-CE6F8C8424AE,1ZN7L4R0H1D00F,1W9DL31001461C,,1ZMLH8300204F0,1W9DL31001461C,,,,,
2023-11-01,11:28:30.44 AM,4m 8.1s,248.1,33.8015965952394,-117.4707590800182,137.7,137.7,19.3,1402,1785.2,6.056285,6.085134,-0.447388,2.23694,-6.039738,1.342164,0,0,-0.3,-1.6,1.6,-94.2,265.8,265.1,Tripod,Other,,22,5,True,,True,False,,Smart,RC,False,True,False,,,True,,False,False,False,False,False,False,False,False,False,False,0,Follow Yaw,-77.9,0,-101.7,258.3,False,False,False,False,False,,0,0,False,False,No Card,100,100,1024,1377,1024,1024,2,False,False,False,False,False,0,False,False,False,False,86,,47.412,,8686,,10044,,47.412,,True,3.951,3.951,3.951,3.951,3.951,3.951,3.951,3.951,3.951,3.951,3.951,3.951,0,,False,False,True,,,,,,,,,,,,,,,False,False,19.246,,91.0,,75.7,,91.0,,1627,56,14,17,8,144885.4,19318.05,,Idle,,20,,10,,,20,Go Home,False,False,False,False,False,False,False,False,False,False,False,False,33.8027920380556,-117.4659261431046,1528.6,2972.0,1049.4,396.9,True,1,1,False,False,False,False,,True,False,False,Course Lock,196.8,67,16.4,93,E,S,8.94,11.4,Calm,False,False,Android,7.0.2,M300 RTK,1ZN7L4R0H1D00F,1W9DL31001461C,1ZMLH8300204F0,1Z6PH74DAP0QN7,"Corona, CA",728.3,5.7,137.7,8.547347,2.013246,0,0,DJI Matrice 300 RTK,M300 RTK,1ZN7L4R0H1D00F,1W9DL31001461C,1ZMLH8300204F0,1Z6PH74DAP0QN7,DJI Pilot,Android,7.0.2,1EF72A62-B7C3-C88D-164E-CE6F8C8424AE,1ZN7L4R0H1D00F,1W9DL31001461C,,1ZMLH8300204F0,1W9DL31001461C,,,,,
2023-11-01,11:28:30.53 AM,4m 8.2s,248.2,33.8015963945768,-117.47076205078,137.7,137.7,19.3,1402,1786.1,6.056285,6.085134,-0.447388,2.23694,-6.039738,1.342164,0,0,-0.3,-1.6,1.6,-94.3,265.7,265.3,Tripod,Other,,23,5,True,,True,False,,Smart,RC,False,True,False,,,True,,False,False,False,False,False,False,False,False,False,False,0,Follow Yaw,-77.9,0,-101.7,258.3,False,False,False,False,False,,0,0,False,False,No Card,100,100,1024,1379,1024,1024,2,False,False,False,False,False,0,False,False,False,False,86,,47.412,,8686,,10044,,47.412,,True,3.951,3.951,3.951,3.951,3.951,3.951,3.951,3.951,3.951,3.951,3.951,3.951,0,,False,False,True,,,,,,,,,,,,,,,False,False,19.246,,91.0,,75.7,,91.0,,1627,56,14,17,8,144885.4,19318.05,,Idle,,20,,10,,,20,Go Home,False,False,False,False,False,False,False,False,False,False,False,False,33.8027920380556,-117.4659261431046,1529.5,2972.0,1049.4,396.9,True,1,1,False,False,False,False,,True,False,False,Course Lock,196.8,67,16.4,93,E,S,8.94,11.4,Calm,False,False,Android,7.0.2,M300 RTK,1ZN7L4R0H1D00F,1W9DL31001461C,1ZMLH8300204F0,1Z6PH74DAP0QN7,"Corona, CA",728.3,5.7,137.7,8.547347,2.013246,0,0,DJI Matrice 300 RTK,M300 RTK,1ZN7L4R0H1D00F,1W9DL31001461C,1ZMLH8300204F0,1Z6PH74DAP0QN7,DJI Pilot,Android,7.0.2,1EF72A62-B7C3-C88D-164E-CE6F8C8424AE,1ZN7L4R0H1D00F,1W9DL31001461C,,1ZMLH8300204F0,1W9DL31001461C,,,,,
2023-11-01,11:28:30.64 AM,4m 8.3s,248.3,33.8015962213272,-117.4707646692462,137.7,137.7,19.3,1402,1786.9,6.056285,6.085134,-0.447388,2.23694,-6.039738,1.342164,0,0,-0.3,-1.4,1.4,-94.4,265.6,265.4,Tripod,Other,,23,5,True,,True,False,,Smart,RC,False,True,False,,,True,,False,False,False,False,False,False,False,False,False,False,0,Follow Yaw,-77.9,0,-101.7,258.3,False,False,False,False,False,,0,0,False,False,No Card,100,100,1024,1380,1024,1024,2,False,False,False,False,False,0,False,False,False,False,86,,47.412,,8686,,10044,,47.412,,True,3.951,3.951,3.951,3.951,3.951,3.951,3.951,3.951,3.951,3.951,3.951,3.951,0,,False,False,True,,,,,,,,,,,,,,,False,False,19.246,,91.0,,75.7,,91.0,,1626,57,14,17,8,144850.9,19313.46,,Idle,,20,,10,,,20,Go Home,False,False,False,False,False,False,False,False,False,False,False,False,33.8027920380556,-117.4659261431046,1530.2,2972.0,1049.4,396.9,True,1,1,False,False,False,False,,True,False,False,Course Lock,196.8,67,16.4,93,E,S,8.94,11.4,Calm,False,False,Android,7.0.2,M300 RTK,1ZN7L4R0H1D00F,1W9DL31001461C,1ZMLH8300204F0,1Z6PH74DAP0QN7,"Corona, CA",728.3,5.7,137.7,8.547347,2.013246,0,0,DJI Matrice 300 RTK,M300 RTK,1ZN7L4R0H1D00F,1W9DL31001461C,1ZMLH8300204F0,1Z6PH74DAP0QN7,DJI Pilot,Android,7.0.2,1EF72A62-B7C3-C88D-164E-CE6F8C8424AE,1ZN7L4R0H1D00F,1W9DL31001461C,,1ZMLH8300204F0,1W9DL31001461C,,,,,
2023-11-01,11:28:30.74 AM,4m 8.4s,248.4,33.8015959954447,-117.4707676172474,137.7,137.7,19.3,1402,1787.8,6.056285,6.085134,-0.447388,2.23694,-6.039738,1.342164,0,0,-0.5,-1.1,1.2,-94.3,265.7,264.7,Tripod,Other,,23,5,True,,True,False,,Smart,RC,False,True,False,,,True,,False,False,False,False,False,False,False,False,False,False,0,Follow Yaw,-77.9,0,-101.7,258.3,False,False,False,False,False,,0,0,False,False,No Card,100,100,1024,1380,1024,1024,2,False,False,False,False,False,0,False,False,False,False,86,,47.412,,8686,,10044,,47.412,,True,3.951,3.951,3.951,3.951,3.951,3.951,3.951,3.951,3.951,3.951,3.951,3.951,0,,False,False,True,,,,,,,,,,,,,,,False,False,19.246,,91.0,,75.7,,91.0,,1626,57,14,17,8,144850.9,19313.46,,Idle,,20,,10,,,20,Go Home,False,False,False,False,False,False,False,False,False,False,False,False,33.8027920380556,-117.4659261431046,1531.1,2972.0,1049.4,396.9,True,1,1,False,False,False,False,,True,False,False,Course Lock,196.8,67,16.4,93,E,S,8.94,11.4,Calm,False,False,Android,7.0.2,M300 RTK,1ZN7L4R0H1D00F,1W9DL31001461C,1ZMLH8300204F0,1Z6PH74DAP0QN7,"Corona, CA",728.3,5.7,137.7,8.547347,2.013246,0,0,DJI Matrice 300 RTK,M300 RTK,1ZN7L4R0H1D00F,1W9DL31001461C,1ZMLH8300204F0,1Z6PH74DAP0QN7,DJI Pilot,Android,7.0.2,1EF72A62-B7C3-C88D-164E-CE6F8C8424AE,1ZN7L4R0H1D00F,1W9DL31001461C,,1ZMLH8300204F0,1W9DL31001461C,,,,,
2023-11-01,11:28:30.84 AM,4m 8.5s,248.5,33.8015956473007,-117.4707709838468,137.7,137.7,19.0,1402,1788.8,6.056285,6.085134,-0.447388,2.23694,-6.039738,1.342164,0,0,-0.5,-0.9,1,-94.3,265.7,262.9,Tripod,Other,,23,5,True,,True,False,,Smart,RC,False,True,False,,,True,,False,False,False,False,False,False,False,False,False,False,0,Follow Yaw,-77.9,0,-101.7,258.3,False,False,False,False,False,,0,0,False,False,No Card,100,100,1024,1379,1024,1024,2,False,False,False,False,False,0,False,False,False,False,86,,47.412,,8686,,10044,,47.412,,True,3.951,3.951,3.951,3.951,3.951,3.951,3.951,3.951,3.951,3.951,3.951,3.951,0,,False,False,True,,,,,,,,,,,,,,,False,False,19.246,,91.0,,75.7,,91.0,,1626,57,14,17,8,144850.9,19313.46,,Idle,,20,,10,,,20,Go Home,False,False,False,False,False,False,False,False,False,False,False,False,33.8027920380556,-117.4659261431046,1532.1,2972.0,1049.4,396.9,True,1,1,False,False,False,False,,True,False,False,Course Lock,196.8,67,16.4,93,E,S,8.94,11.4,Calm,False,False,Android,7.0.2,M300 RTK,1ZN7L4R0H1D00F,1W9DL31001461C,1ZMLH8300204F0,1Z6PH74DAP0QN7,"Corona, CA",728.3,5.7,137.7,8.547347,2.013246,0,0,DJI Matrice 300 RTK,M300 RTK,1ZN7L4R0H1D00F,1W9DL31001461C,1ZMLH8300204F0,1Z6PH74DAP0QN7,DJI Pilot,Android,7.0.2,1EF72A62-B7C3-C88D-164E-CE6F8C8424AE,1ZN7L4R0H1D00F,1W9DL31001461C,,1ZMLH8300204F0,1W9DL31001461C,,,,,
2023-11-01,11:28:30.95 AM,4m 8.6s,248.6,33.801595391264,-117.4707739826471,137.7,137.7,19.0,1402,1789.7,6.056285,6.085134,-0.447388,2.23694,-6.039738,1.342164,0,0,-0.5,-0.9,1,-94.1,265.9,264.1,Tripod,Other,,23,5,True,,True,False,,Smart,RC,False,True,False,,,True,,False,False,False,False,False,False,False,False,False,False,0,Follow Yaw,-77.9,0,-101.7,258.3,False,False,False,False,False,,0,0,False,False,No Card,100,100,1024,1380,1024,1024,2,False,False,False,False,False,0,False,False,False,False,86,,47.412,,8686,,10044,,47.412,,True,3.951,3.951,3.951,3.951,3.951,3.951,3.951,3.951,3.951,3.951,3.951,3.951,0,,False,False,True,,,,,,,,,,,,,,,False,False,19.246,,91.0,,75.7,,91.0,,1626,57,14,17,8,144850.9,19313.46,,Idle,,20,,10,,,20,Go Home,False,False,False,False,False,False,False,False,False,False,False,False,33.8027920380556,-117.4659261431046,1533.0,2972.0,1049.4,396.9,True,1,1,False,False,False,False,,True,False,False,Course Lock,196.8,67,16.4,93,E,S,8.94,11.4,Calm,False,False,Android,7.0.2,M300 RTK,1ZN7L4R0H1D00F,1W9DL31001461C,1ZMLH8300204F0,1Z6PH74DAP0QN7,"Corona, CA",728.3,5.7,137.7,8.547347,2.013246,0,0,DJI Matrice 300 RTK,M300 RTK,1ZN7L4R0H1D00F,1W9DL31001461C,1ZMLH8300204F0,1Z6PH74DAP0QN7,DJI Pilot,Android,7.0.2,1EF72A62-B7C3-C88D-164E-CE6F8C8424AE,1ZN7L4R0H1D00F,1W9DL31001461C,,1ZMLH8300204F0,1W9DL31001461C,,,,,
2023-11-01,11:28:31.05 AM,4m 8.7s,248.7,33.8015951527716,-117.4707770536878,137.7,137.7,19.0,1402,1790.7,6.056285,6.085134,-0.447388,2.23694,-6.039738,1.342164,0,0,-0.5,-0.9,1,-94,266,264.6,Tripod,Other,,23,5,True,,True,False,,Smart,RC,False,True,False,,,True,,False,False,False,False,False,False,False,False,False,False,0,Follow Yaw,-77.9,0,-101.7,258.3,False,False,False,False,False,,0,0,False,False,No Card,100,100,1024,1375,1024,1024,2,False,False,False,False,False,0,False,False,False,False,87,,47.388,,4337,,4986,,47.388,,True,3.951,3.951,3.951,3.951,3.951,3.951,3.951,3.951,3.951,3.951,3.951,3.951,0,,False,False,True,,,,,,,,,,,,,,,False,False,9.468,,90.8,,75.7,,91.0,,1626,57,14,17,8,144850.9,19313.46,,Idle,,20,,10,,,20,Go Home,False,False,False,False,False,False,False,False,False,False,False,False,33.8027920380556,-117.4659261431046,1533.9,2972.0,1049.4,396.9,True,1,1,False,False,False,False,,True,False,False,Course Lock,196.8,67,16.4,93,E,S,8.94,11.4,Calm,False,False,Android,7.0.2,M300 RTK,1ZN7L4R0H1D00F,1W9DL31001461C,1ZMLH8300204F0,1Z6PH74DAP0QN7,"Corona, CA",728.3,5.7,137.7,8.547347,2.013246,0,0,DJI Matrice 300 RTK,M300 RTK,1ZN7L4R0H1D00F,1W9DL31001461C,1ZMLH8300204F0,1Z6PH74DAP0QN7,DJI Pilot,Android,7.0.2,1EF72A62-B7C3-C88D-164E-CE6F8C8424AE,1ZN7L4R0H1D00F,1W9DL31001461C,,1ZMLH8300204F0,1W9DL31001461C,,,,,
2023-11-01,11:28:31.15 AM,4m 8.8s,248.8,33.8015948769977,-117.4707800742591,137.7,137.7,19.0,1402,1791.6,6.076905,6.085134,-0.671082,2.23694,-6.039738,1.342164,0,0,-0.6,-0.8,1,-93.9,266.1,263.7,Tripod,Other,,23,5,True,,True,False,,Smart,RC,False,True,False,,,True,,False,False,False,False,False,False,False,False,False,False,0,Follow Yaw,-77.9,0,-101.7,258.3,False,False,False,False,False,,0,0,False,False,No Card,100,100,1024,1384,1024,1024,2,False,False,False,False,False,0,False,False,False,False,87,,47.388,,4337,,4986,,47.388,,True,3.951,3.951,3.951,3.951,3.951,3.951,3.951,3.951,3.951,3.951,3.951,3.951,0,,False,False,True,,,,,,,,,,,,,,,False,False,9.468,,90.8,,75.7,,91.0,,1626,57,14,17,8,144850.9,19313.46,,Idle,,20,,10,,,20,Go Home,False,False,False,False,False,False,False,False,False,False,False,False,33.8027920380556,-117.4659261431046,1534.8,2972.0,1049.4,396.9,True,1,1,False,False,False,False,,True,False,False,Course Lock,196.8,67,16.4,93,E,S,8.94,11.4,Calm,False,False,Android,7.0.2,M300 RTK,1ZN7L4R0H1D00F,1W9DL31001461C,1ZMLH8300204F0,1Z6PH74DAP0QN7,"Corona, CA",728.3,5.7,137.7,8.547347,2.013246,0,0,DJI Matrice 300 RTK,M300 RTK,1ZN7L4R0H1D00F,1W9DL31001461C,1ZMLH8300204F0,1Z6PH74DAP0QN7,DJI Pilot,Android,7.0.2,1EF72A62-B7C3-C88D-164E-CE6F8C8424AE,1ZN7L4R0H1D00F,1W9DL31001461C,,1ZMLH8300204F0,1W9DL31001461C,,,,,
2023-11-01,11:28:31.26 AM,4m 8.9s,248.9,33.8015945518805,-117.4707831396921,137.7,137.7,19.0,1402,1792.5,6.076905,6.085134,-0.671082,2.23694,-6.039738,1.342164,0,0,-0.5,-0.8,0.9,-93.7,266.3,262.7,Tripod,Other,,23,5,True,,True,False,,Smart,RC,False,True,False,,,True,,False,False,False,False,False,False,False,False,False,False,0,Follow Yaw,-77.9,0,-101.7,258.3,False,False,False,False,False,,0,0,False,False,No Card,100,100,1024,1387,1024,1024,2,False,False,False,False,False,0,False,False,False,False,87,,47.388,,4337,,4986,,47.388,,True,3.951,3.951,3.951,3.951,3.951,3.951,3.951,3.951,3.951,3.951,3.951,3.951,0,,False,False,True,,,,,,,,,,,,,,,False,False,9.468,,90.8,,75.7,,91.0,,1626,57,14,17,8,144850.9,19313.46,,Idle,,20,,10,,,20,Go Home,False,False,False,False,False,False,False,False,False,False,False,False,33.8027920380556,-117.4659261431046,1535.8,2972.0,1049.4,396.9,True,1,1,False,False,False,False,,True,False,False,Course Lock,196.8,67,16.4,93,E,S,8.94,11.4,Calm,False,False,Android,7.0.2,M300 RTK,1ZN7L4R0H1D00F,1W9DL31001461C,1ZMLH8300204F0,1Z6PH74DAP0QN7,"Corona, CA",728.3,5.7,137.7,8.547347,2.013246,0,0,DJI Matrice 300 RTK,M300 RTK,1ZN7L4R0H1D00F,1W9DL31001461C,1ZMLH8300204F0,1Z6PH74DAP0QN7,DJI Pilot,Android,7.0.2,1EF72A62-B7C3-C88D-164E-CE6F8C8424AE,1ZN7L4R0H1D00F,1W9DL31001461C,,1ZMLH8300204F0,1W9DL31001461C,,,,,
2023-11-01,11:28:31.36 AM,4m 9.0s,249.0,33.8015942481453,-117.4707861754372,137.7,137.7,19.0,1402,1793.5,6.076905,6.085134,-0.671082,2.23694,-6.039738,1.342164,0,0,-0.5,-0.5,0.7,-93.4,266.6,263.1,Tripod,Other,,23,5,True,,True,False,,Smart,RC,False,True,False,,,True,,False,False,False,False,False,False,False,False,False,False,0,Follow Yaw,-77.9,0,-101.7,258.3,False,False,False,False,False,,0,0,False,False,No Card,100,100,1024,1390,1024,1024,2,False,False,False,False,False,0,False,False,False,False,86,,47.424,,8686,,10044,,47.424,,True,3.951,3.951,3.951,3.951,3.951,3.951,3.951,3.951,3.951,3.951,3.951,3.951,0,,False,False,True,,,,,,,,,,,,,,,False,False,19.218,,91.0,,75.7,,91.0,,1626,57,14,17,8,144850.9,19313.46,,Idle,,20,,10,,,20,Go Home,False,False,False,False,False,False,False,False,False,False,False,False,33.8027920380556,-117.4659261431046,1536.7,2972.0,1049.4,396.9,True,1,1,False,False,False,False,,True,False,False,Course Lock,196.8,67,16.4,93,E,S,8.94,11.4,Calm,False,False,Android,7.0.2,M300 RTK,1ZN7L4R0H1D00F,1W9DL31001461C,1ZMLH8300204F0,1Z6PH74DAP0QN7,"Corona, CA",728.3,5.7,137.7,8.547347,2.013246,0,0,DJI Matrice 300 RTK,M300 RTK,1ZN7L4R0H1D00F,1W9DL31001461C,1ZMLH8300204F0,1Z6PH74DAP0QN7,DJI Pilot,Android,7.0.2,1EF72A62-B7C3-C88D-164E-CE6F8C8424AE,1ZN7L4R0H1D00F,1W9DL31001461C,,1ZMLH8300204F0,1W9DL31001461C,,,,,
2023-11-01,11:28:31.47 AM,4m 9.1s,249.1,33.8015939877226,-117.4707890518577,137.7,137.7,19.0,1402,1794.3,6.076905,6.085134,-0.671082,2.23694,-6.039738,1.342164,0,0,-0.6,0,0.6,-93.1,266.9,263.7,Tripod,Other,,23,5,True,,True,False,,Smart,RC,False,True,False,,,True,,False,False,False,False,False,False,False,False,False,False,0,Follow Yaw,-77.9,0,-101.7,258.3,False,False,False,False,False,,0,0,False,False,No Card,100,100,1024,1393,1024,1024,2,False,False,False,False,False,0,False,False,False,False,86,,47.424,,8686,,10044,,47.424,,True,3.951,3.951,3.951,3.951,3.951,3.951,3.951,3.951,3.951,3.951,3.951,3.951,0,,False,False,True,,,,,,,,,,,,,,,False,False,19.218,,91.0,,75.7,,91.0,,1626,57,14,17,8,144850.9,19313.46,,Idle,,20,,10,,,20,Go Home,False,False,False,False,False,False,False,False,False,False,False,False,33.8027920380556,-117.4659261431046,1537.5,2972.0,1049.4,396.9,True,1,1,False,False,False,False,,True,False,False,Course Lock,196.8,67,16.4,93,E,S,8.72,11.4,Calm,False,False,Android,7.0.2,M300 RTK,1ZN7L4R0H1D00F,1W9DL31001461C,1ZMLH8300204F0,1Z6PH74DAP0QN7,"Corona, CA",728.3,5.7,137.7,8.547347,2.013246,0,0,DJI Matrice 300 RTK,M300 RTK,1ZN7L4R0H1D00F,1W9DL31001461C,1ZMLH8300204F0,1Z6PH74DAP0QN7,DJI Pilot,Android,7.0.2,1EF72A62-B7C3-C88D-164E-CE6F8C8424AE,1ZN7L4R0H1D00F,1W9DL31001461C,,1ZMLH8300204F0,1W9DL31001461C,,,,,
2023-11-01,11:28:31.54 AM,4m 9.2s,249.2,33.8015936894701,-117.4707920885924,137.7,137.7,19.0,1402,1795.3,6.076905,6.085134,-0.671082,2.23694,-6.039738,1.342164,0,0,-0.8,0.4,0.8,-92.9,267.1,263.2,Tripod,Other,,23,5,True,,True,False,,Smart,RC,False,True,False,,,True,,False,False,False,False,False,False,False,False,False,False,0,Follow Yaw,-77.9,0,-101.7,258.3,False,False,False,False,False,,0,0,False,False,No Card,100,100,1024,1396,1024,1024,2,False,False,False,False,False,0,False,False,False,False,86,,47.424,,8686,,10044,,47.424,,True,3.951,3.951,3.951,3.951,3.951,3.951,3.951,3.951,3.951,3.951,3.951,3.951,0,,False,False,True,,,,,,,,,,,,,,,False,False,19.218,,91.0,,75.7,,91.0,,1626,57,14,17,8,144850.9,19313.46,,Idle,,20,,10,,,20,Go Home,False,False,False,False,False,False,False,False,False,False,False,False,33.8027920380556,-117.4659261431046,1538.5,2972.0,1049.4,396.9,True,1,1,False,False,False,False,,True,False,False,Course Lock,196.8,67,16.4,93,E,S,8.72,11.4,Calm,False,False,Android,7.0.2,M300 RTK,1ZN7L4R0H1D00F,1W9DL31001461C,1ZMLH8300204F0,1Z6PH74DAP0QN7,"Corona, CA",728.3,5.7,137.7,8.547347,2.013246,0,0,DJI Matrice 300 RTK,M300 RTK,1ZN7L4R0H1D00F,1W9DL31001461C,1ZMLH8300204F0,1Z6PH74DAP0QN7,DJI Pilot,Android,7.0.2,1EF72A62-B7C3-C88D-164E-CE6F8C8424AE,1ZN7L4R0H1D00F,1W9DL31001461C,,1ZMLH8300204F0,1W9DL31001461C,,,,,
2023-11-01,11:28:31.68 AM,4m 9.3s,249.3,33.8015932130336,-117.4707951269764,137.7,137.7,19.0,1402,1796.2,6.076905,6.085134,-0.671082,2.23694,-6.039738,1.342164,0,0,-0.8,0.7,1,-92.7,267.3,259.3,Tripod,Other,,23,5,True,,True,False,,Smart,RC,False,True,False,,,True,,False,False,False,False,False,False,False,False,False,False,0,Follow Yaw,-77.9,0,-101.7,258.3,False,False,False,False,False,,0,0,False,False,No Card,100,100,1024,1398,1024,1024,2,False,False,False,False,False,0,False,False,False,False,86,,47.424,,8686,,10044,,47.424,,True,3.95,3.95,3.95,3.95,3.95,3.95,3.95,3.95,3.95,3.95,3.95,3.95,0,,False,False,True,,,,,,,,,,,,,,,False,False,19.218,,91.0,,75.7,,91.0,,1625,57,14,17,8,144856.2,19314.16,,Idle,,20,,10,,,20,Go Home,False,False,False,False,False,False,False,False,False,False,False,False,33.8027920380556,-117.4659261431046,1539.4,2972.0,1049.4,396.9,True,1,1,False,False,False,False,,True,False,False,Course Lock,196.8,67,16.4,93,E,S,8.72,11.4,Calm,False,False,Android,7.0.2,M300 RTK,1ZN7L4R0H1D00F,1W9DL31001461C,1ZMLH8300204F0,1Z6PH74DAP0QN7,"Corona, CA",728.3,5.7,137.7,8.547347,2.013246,0,0,DJI Matrice 300 RTK,M300 RTK,1ZN7L4R0H1D00F,1W9DL31001461C,1ZMLH8300204F0,1Z6PH74DAP0QN7,DJI Pilot,Android,7.0.2,1EF72A62-B7C3-C88D-164E-CE6F8C8424AE,1ZN7L4R0H1D00F,1W9DL31001461C,,1ZMLH8300204F0,1W9DL31001461C,,,,,
2023-11-01,11:28:31.74 AM,4m 9.4s,249.4,33.8015929301322,-117.4707981907601,137.7,137.7,19.0,1402,1797.1,6.279389,6.279389,-0.447388,2.23694,-6.263432,1.342164,0,0,-0.9,0.7,1.1,-92.6,267.4,263.6,Tripod,Other,,23,5,True,,True,False,,Smart,RC,False,True,False,,,True,,False,False,False,False,False,False,False,False,False,False,0,Follow Yaw,-77.9,0,-101.7,258.3,False,False,False,False,False,,0,0,False,False,No Card,100,100,1024,1399,1014,1024,2,False,False,False,False,False,0,False,False,False,False,86,,47.424,,8686,,10044,,47.424,,True,3.95,3.95,3.95,3.95,3.95,3.95,3.95,3.95,3.95,3.95,3.95,3.95,0,,False,False,True,,,,,,,,,,,,,,,False,False,19.218,,91.0,,75.7,,91.0,,1625,57,14,17,8,144856.2,19314.16,,Idle,,20,,10,,,20,Go Home,False,False,False,False,False,False,False,False,False,False,False,False,33.8027920380556,-117.4659261431046,1540.3,2972.0,1049.4,396.9,True,1,1,False,False,False,False,,True,False,False,Course Lock,196.8,67,16.4,93,E,S,8.72,11.4,Calm,False,False,Android,7.0.2,M300 RTK,1ZN7L4R0H1D00F,1W9DL31001461C,1ZMLH8300204F0,1Z6PH74DAP0QN7,"Corona, CA",728.3,5.7,137.7,8.547347,2.013246,0,0,DJI Matrice 300 RTK,M300 RTK,1ZN7L4R0H1D00F,1W9DL31001461C,1ZMLH8300204F0,1Z6PH74DAP0QN7,DJI Pilot,Android,7.0.2,1EF72A62-B7C3-C88D-164E-CE6F8C8424AE,1ZN7L4R0H1D00F,1W9DL31001461C,,1ZMLH8300204F0,1W9DL31001461C,,,,,
2023-11-01,11:28:31.84 AM,4m 9.5s,249.5,33.8015927497552,-117.47080140991,137.7,137.7,19.0,1402,1798.1,6.279389,6.279389,-0.447388,2.23694,-6.263432,1.342164,0,0,-0.9,0.4,0.9,-92.4,267.6,266.1,Tripod,Other,,23,5,True,,True,False,,Smart,RC,False,True,False,,,True,,False,False,False,False,False,False,False,False,False,False,0,Follow Yaw,-77.9,0,-101.7,258.3,False,False,False,False,False,,0,0,False,False,No Card,100,100,1024,1397,988,1024,2,False,False,False,False,False,0,False,False,False,False,86,,47.424,,8686,,10044,,47.424,,True,3.95,3.95,3.95,3.95,3.95,3.95,3.95,3.95,3.95,3.95,3.95,3.95,0,,False,False,True,,,,,,,,,,,,,,,False,False,19.218,,91.0,,75.7,,91.0,,1625,57,14,17,8,144856.2,19314.16,,Idle,,20,,10,,,20,Go Home,False,False,False,False,False,False,False,False,False,False,False,False,33.8027920380556,-117.4659261431046,1541.3,2972.0,1049.4,396.9,True,1,1,False,False,False,False,,True,False,False,Course Lock,196.8,67,16.4,93,E,S,8.72,11.4,Calm,False,False,Android,7.0.2,M300 RTK,1ZN7L4R0H1D00F,1W9DL31001461C,1ZMLH8300204F0,1Z6PH74DAP0QN7,"Corona, CA",728.3,5.7,137.7,8.547347,2.013246,0,0,DJI Matrice 300 RTK,M300 RTK,1ZN7L4R0H1D00F,1W9DL31001461C,1ZMLH8300204F0,1Z6PH74DAP0QN7,DJI Pilot,Android,7.0.2,1EF72A62-B7C3-C88D-164E-CE6F8C8424AE,1ZN7L4R0H1D00F,1W9DL31001461C,,1ZMLH8300204F0,1W9DL31001461C,,,,,
2023-11-01,11:28:31.94 AM,4m 9.6s,249.6,33.8015925145524,-117.4708045188852,137.7,137.7,19.0,1402,1799.1,6.279389,6.279389,-0.447388,2.23694,-6.263432,1.342164,0,0,-0.9,0.1,0.9,-92.3,267.7,264.7,Tripod,Other,,23,5,True,,True,False,,Smart,RC,False,True,False,,,True,,False,False,False,False,False,False,False,False,False,False,0,Follow Yaw,-77.9,0,-101.7,258.3,False,False,False,False,False,,0,0,False,False,No Card,100,100,1024,1393,1024,1024,2,False,False,False,False,False,0,False,False,False,False,86,,47.424,,8686,,10044,,47.424,,True,3.95,3.95,3.95,3.95,3.95,3.95,3.95,3.95,3.95,3.95,3.95,3.95,0,,False,False,True,,,,,,,,,,,,,,,False,False,19.218,,91.0,,75.7,,91.0,,1625,57,14,17,8,144856.2,19314.16,,Idle,,20,,10,,,20,Go Home,False,False,False,False,False,False,False,False,False,False,False,False,33.8027920380556,-117.4659261431046,1542.2,2972.0,1049.4,396.9,True,1,1,False,False,False,False,,True,False,False,Course Lock,196.8,67,16.4,93,E,S,8.72,11.4,Calm,False,False,Android,7.0.2,M300 RTK,1ZN7L4R0H1D00F,1W9DL31001461C,1ZMLH8300204F0,1Z6PH74DAP0QN7,"Corona, CA",728.3,5.7,137.7,8.547347,2.013246,0,0,DJI Matrice 300 RTK,M300 RTK,1ZN7L4R0H1D00F,1W9DL31001461C,1ZMLH8300204F0,1Z6PH74DAP0QN7,DJI Pilot,Android,7.0.2,1EF72A62-B7C3-C88D-164E-CE6F8C8424AE,1ZN7L4R0H1D00F,1W9DL31001461C,,1ZMLH8300204F0,1W9DL31001461C,,,,,
2023-11-01,11:28:32.04 AM,4m 9.7s,249.7,33.8015923462371,-117.4708076882256,137.7,137.7,19.0,1402,1800.0,6.279389,6.279389,-0.447388,2.23694,-6.263432,1.342164,0,0,-0.9,0,0.9,-92.3,267.7,266.3,Tripod,Other,,23,5,True,,True,False,,Smart,RC,False,True,False,,,True,,False,False,False,False,False,False,False,False,False,False,0,Follow Yaw,-77.9,0,-101.7,258.3,False,False,False,False,False,,0,0,False,False,No Card,100,100,1024,1393,1024,1024,2,False,False,False,False,False,0,False,False,False,False,86,,47.424,,8686,,10044,,47.424,,True,3.95,3.95,3.95,3.95,3.95,3.95,3.95,3.95,3.95,3.95,3.95,3.95,0,,False,False,True,,,,,,,,,,,,,,,False,False,19.218,,91.0,,75.7,,91.0,,1625,57,14,17,8,144856.2,19314.16,,Idle,,20,,10,,,20,Go Home,False,False,False,False,False,False,False,False,False,False,False,False,33.8027920380556,-117.4659261431046,1543.1,2972.0,1049.4,396.9,True,1,1,False,False,False,False,,True,False,False,Course Lock,196.8,67,16.4,93,E,S,8.72,11.4,Calm,False,False,Android,7.0.2,M300 RTK,1ZN7L4R0H1D00F,1W9DL31001461C,1ZMLH8300204F0,1Z6PH74DAP0QN7,"Corona, CA",728.3,5.7,137.7,8.547347,2.013246,0,0,DJI Matrice 300 RTK,M300 RTK,1ZN7L4R0H1D00F,1W9DL31001461C,1ZMLH8300204F0,1Z6PH74DAP0QN7,DJI Pilot,Android,7.0.2,1EF72A62-B7C3-C88D-164E-CE6F8C8424AE,1ZN7L4R0H1D00F,1W9DL31001461C,,1ZMLH8300204F0,1W9DL31001461C,,,,,
2023-11-01,11:28:32.14 AM,4m 9.8s,249.8,33.8015921559914,-117.4708108414026,137.7,137.7,19.0,1402,1801.0,6.267425,6.279389,-0.223694,2.23694,-6.263432,1.342164,0,0,-0.8,0,0.8,-92.2,267.8,265.8,Tripod,Other,,23,5,True,,True,False,,Smart,RC,False,True,False,,,True,,False,False,False,False,False,False,False,False,False,False,0,Follow Yaw,-77.9,0,-101.7,258.3,False,False,False,False,False,,0,0,False,False,No Card,100,100,1024,1392,1024,1024,2,False,False,False,False,False,0,False,False,False,False,86,,47.424,,8686,,10044,,47.424,,True,3.95,3.95,3.95,3.95,3.95,3.95,3.95,3.95,3.95,3.95,3.95,3.95,0,,False,False,True,,,,,,,,,,,,,,,False,False,19.218,,91.0,,75.7,,91.0,,1625,57,14,17,8,144856.2,19314.16,,Idle,,20,,10,,,20,Go Home,False,False,False,False,False,False,False,False,False,False,False,False,33.8027920380556,-117.4659261431046,1544.1,2972.0,1049.4,396.9,True,1,1,False,False,False,False,,True,False,False,Course Lock,196.8,67,16.4,93,E,S,8.72,11.4,Calm,False,False,Android,7.0.2,M300 RTK,1ZN7L4R0H1D00F,1W9DL31001461C,1ZMLH8300204F0,1Z6PH74DAP0QN7,"Corona, CA",728.3,5.7,137.7,8.547347,2.013246,0,0,DJI Matrice 300 RTK,M300 RTK,1ZN7L4R0H1D00F,1W9DL31001461C,1ZMLH8300204F0,1Z6PH74DAP0QN7,DJI Pilot,Android,7.0.2,1EF72A62-B7C3-C88D-164E-CE6F8C8424AE,1ZN7L4R0H1D00F,1W9DL31001461C,,1ZMLH8300204F0,1W9DL31001461C,,,,,
2023-11-01,11:28:32.24 AM,4m 9.9s,249.9,33.8015920567567,-117.4708139335546,137.7,137.7,19.0,1402,1801.9,6.267425,6.279389,-0.223694,2.23694,-6.263432,1.342164,0,0,-0.3,-0.1,0.3,-92.3,267.7,267.7,Tripod,Other,,23,5,True,,True,False,,Smart,RC,False,True,False,,,True,,False,False,False,False,False,False,False,False,False,False,0,Follow Yaw,-77.9,0,-101.7,258.3,False,False,False,False,False,,0,0,False,False,No Card,100,100,1024,1391,1024,1024,2,False,False,False,False,False,0,False,False,False,False,86,,47.424,,8686,,10044,,47.424,,True,3.95,3.95,3.95,3.95,3.95,3.95,3.95,3.95,3.95,3.95,3.95,3.95,0,,False,False,True,,,,,,,,,,,,,,,False,False,19.218,,91.0,,75.7,,91.0,,1625,57,14,17,8,144856.2,19314.16,,Idle,,20,,10,,,20,Go Home,False,False,False,False,False,False,False,False,False,False,False,False,33.8027920380556,-117.4659261431046,1545.0,2972.0,1049.4,396.9,True,1,1,False,False,False,False,,True,False,False,Course Lock,196.8,67,16.4,93,E,S,8.72,11.4,Calm,False,False,Android,7.0.2,M300 RTK,1ZN7L4R0H1D00F,1W9DL31001461C,1ZMLH8300204F0,1Z6PH74DAP0QN7,"Corona, CA",728.3,5.7,137.7,8.547347,2.013246,0,0,DJI Matrice 300 RTK,M300 RTK,1ZN7L4R0H1D00F,1W9DL31001461C,1ZMLH8300204F0,1Z6PH74DAP0QN7,DJI Pilot,Android,7.0.2,1EF72A62-B7C3-C88D-164E-CE6F8C8424AE,1ZN7L4R0H1D00F,1W9DL31001461C,,1ZMLH8300204F0,1W9DL31001461C,,,,,
2023-11-01,11:28:32.34 AM,4m 10.0s,250.0,33.8015919240781,-117.4708171091624,137.7,137.7,19.0,1402,1802.9,6.490981,6.490981,-0.223694,2.23694,-6.487126,1.342164,0,0,0.1,-0.3,0.3,-92.4,267.6,267.1,Tripod,Other,,23,5,True,,True,False,,Smart,RC,False,True,False,,,True,,False,False,False,False,False,False,False,False,False,False,0,Follow Yaw,-77.9,0,-101.7,258.3,False,False,False,False,False,,0,0,False,False,No Card,100,100,1024,1389,1024,1024,2,False,False,False,False,False,0,False,False,False,False,86,,47.448,,8686,,10044,,47.448,,True,3.95,3.95,3.95,3.95,3.95,3.95,3.95,3.95,3.95,3.95,3.95,3.95,0,,False,False,True,,,,,,,,,,,,,,,False,False,19.182,,91.2,,75.7,,91.2,,1625,57,14,17,8,144856.2,19314.16,,Idle,,20,,10,,,20,Go Home,False,False,False,False,False,False,False,False,False,False,False,False,33.8027920380556,-117.4659261431046,1545.9,2972.0,1049.4,396.9,True,1,1,False,False,False,False,,True,False,False,Course Lock,196.8,67,16.4,93,E,S,8.72,11.4,Calm,False,False,Android,7.0.2,M300 RTK,1ZN7L4R0H1D00F,1W9DL31001461C,1ZMLH8300204F0,1Z6PH74DAP0QN7,"Corona, CA",728.3,5.7,137.7,8.547347,2.013246,0,0,DJI Matrice 300 RTK,M300 RTK,1ZN7L4R0H1D00F,1W9DL31001461C,1ZMLH8300204F0,1Z6PH74DAP0QN7,DJI Pilot,Android,7.0.2,1EF72A62-B7C3-C88D-164E-CE6F8C8424AE,1ZN7L4R0H1D00F,1W9DL31001461C,,1ZMLH8300204F0,1W9DL31001461C,,,,,
2023-11-01,11:28:32.41 AM,4m 10.1s,250.1,33.8015918917309,-117.470820428921,137.7,137.7,19.0,1402,1803.9,6.487126,6.490981,0,2.23694,-6.487126,1.342164,0,0,0,-0.7,0.7,-92.5,267.5,269.3,Tripod,Other,,23,5,True,,True,False,,Smart,RC,False,True,False,,,True,,False,False,False,False,False,False,False,False,False,False,0,Follow Yaw,-77.9,0,-101.7,258.3,False,False,False,False,False,,0,0,False,False,No Card,100,100,1024,1387,1024,1024,2,False,False,False,False,False,0,False,False,False,False,86,,47.448,,8686,,10044,,47.448,,True,3.95,3.95,3.95,3.95,3.95,3.95,3.95,3.95,3.95,3.95,3.95,3.95,0,,False,False,True,,,,,,,,,,,,,,,False,False,19.182,,91.2,,75.7,,91.2,,1625,57,14,17,8,144856.2,19314.16,,Idle,,20,,10,,,20,Go Home,False,False,False,False,False,False,False,False,False,False,False,False,33.8027920380556,-117.4659261431046,1546.9,2972.0,1049.4,396.9,True,1,1,False,False,False,False,,True,False,False,Course Lock,196.8,67,16.4,93,E,S,8.5,11.4,Calm,False,False,Android,7.0.2,M300 RTK,1ZN7L4R0H1D00F,1W9DL31001461C,1ZMLH8300204F0,1Z6PH74DAP0QN7,"Corona, CA",728.3,5.7,137.7,8.547347,2.013246,0,0,DJI Matrice 300 RTK,M300 RTK,1ZN7L4R0H1D00F,1W9DL31001461C,1ZMLH8300204F0,1Z6PH74DAP0QN7,DJI Pilot,Android,7.0.2,1EF72A62-B7C3-C88D-164E-CE6F8C8424AE,1ZN7L4R0H1D00F,1W9DL31001461C,,1ZMLH8300204F0,1W9DL31001461C,,,,,
2023-11-01,11:28:32.52 AM,4m 10.2s,250.2,33.8015918045578,-117.4708236230012,137.7,137.7,19.0,1402,1804.9,6.487126,6.490981,0,2.23694,-6.487126,1.342164,0,0,-0.4,-1.3,1.3,-92.6,267.4,268.1,Tripod,Other,,23,5,True,,True,False,,Smart,RC,False,True,False,,,True,,False,False,False,False,False,False,False,False,False,False,0,Follow Yaw,-77.9,0,-101.7,258.3,False,False,False,False,False,,0,0,False,False,No Card,100,100,1024,1387,1024,1024,2,False,False,False,False,False,0,False,False,False,False,86,,47.448,,8686,,10044,,47.448,,True,3.95,3.95,3.95,3.95,3.95,3.95,3.95,3.95,3.95,3.95,3.95,3.95,0,,False,False,True,,,,,,,,,,,,,,,False,False,19.182,,91.2,,75.7,,91.2,,1625,57,14,17,8,144856.2,19314.16,,Idle,,20,,10,,,20,Go Home,False,False,False,False,False,False,False,False,False,False,False,False,33.8027920380556,-117.4659261431046,1547.8,2972.0,1049.4,396.9,True,1,1,False,False,False,False,,True,False,False,Course Lock,196.8,67,16.4,93,E,S,8.5,11.4,Calm,False,False,Android,7.0.2,M300 RTK,1ZN7L4R0H1D00F,1W9DL31001461C,1ZMLH8300204F0,1Z6PH74DAP0QN7,"Corona, CA",728.3,5.7,137.7,8.547347,2.013246,0,0,DJI Matrice 300 RTK,M300 RTK,1ZN7L4R0H1D00F,1W9DL31001461C,1ZMLH8300204F0,1Z6PH74DAP0QN7,DJI Pilot,Android,7.0.2,1EF72A62-B7C3-C88D-164E-CE6F8C8424AE,1ZN7L4R0H1D00F,1W9DL31001461C,,1ZMLH8300204F0,1W9DL31001461C,,,,,
2023-11-01,11:28:32.64 AM,4m 10.3s,250.3,33.8015916258256,-117.4708267827755,137.7,137.7,19.0,1402,1805.8,6.487126,6.490981,0,2.23694,-6.487126,1.342164,0,0,-1,-2,2.2,-92.7,267.3,266.1,Tripod,Other,,23,5,True,,True,False,,Smart,RC,False,True,False,,,True,,False,False,False,False,False,False,False,False,False,False,0,Follow Yaw,-77.9,0,-101.7,258.3,False,False,False,False,False,,0,0,False,False,No Card,100,100,1024,1386,1024,1024,2,False,False,False,False,False,0,False,False,False,False,86,,47.448,,8686,,10044,,47.448,,True,3.953,3.953,3.953,3.953,3.953,3.953,3.953,3.953,3.953,3.953,3.953,3.953,0,,False,False,True,,,,,,,,,,,,,,,False,False,19.182,,91.2,,75.7,,91.2,,1624,57,14,17,8,144800.5,19306.73,,Idle,,20,,10,,,20,Go Home,False,False,False,False,False,False,False,False,False,False,False,False,33.8027920380556,-117.4659261431046,1548.8,2972.0,1049.4,396.9,True,1,1,False,False,False,False,,True,False,False,Course Lock,196.8,67,16.4,93,E,S,8.5,11.4,Calm,False,False,Android,7.0.2,M300 RTK,1ZN7L4R0H1D00F,1W9DL31001461C,1ZMLH8300204F0,1Z6PH74DAP0QN7,"Corona, CA",728.3,5.7,137.7,8.547347,2.013246,0,0,DJI Matrice 300 RTK,M300 RTK,1ZN7L4R0H1D00F,1W9DL31001461C,1ZMLH8300204F0,1Z6PH74DAP0QN7,DJI Pilot,Android,7.0.2,1EF72A62-B7C3-C88D-164E-CE6F8C8424AE,1ZN7L4R0H1D00F,1W9DL31001461C,,1ZMLH8300204F0,1W9DL31001461C,,,,,
2023-11-01,11:28:32.74 AM,4m 10.4s,250.4,33.8015915364595,-117.4708300048942,137.7,137.7,19.0,1402,1806.8,6.487126,6.490981,0,2.23694,-6.487126,1.342164,0,0,-1,-2.5,2.6,-92.8,267.2,268.0,Tripod,Other,,23,5,True,,True,False,,Smart,RC,False,True,False,,,True,,False,False,False,False,False,False,False,False,False,False,0,Follow Yaw,-77.9,0,-101.7,258.3,False,False,False,False,False,,0,0,False,False,No Card,100,100,1024,1389,1024,1024,2,False,False,False,False,False,0,False,False,False,False,86,,47.448,,8686,,10044,,47.448,,True,3.953,3.953,3.953,3.953,3.953,3.953,3.953,3.953,3.953,3.953,3.953,3.953,0,,False,False,True,,,,,,,,,,,,,,,False,False,19.182,,91.2,,75.7,,91.2,,1624,57,14,17,8,144800.5,19306.73,,Idle,,20,,10,,,20,Go Home,False,False,False,False,False,False,False,False,False,False,False,False,33.8027920380556,-117.4659261431046,1549.7,2972.0,1049.4,396.9,True,1,1,False,False,False,False,,True,False,False,Course Lock,196.8,67,16.4,93,E,S,8.5,11.4,Calm,False,False,Android,7.0.2,M300 RTK,1ZN7L4R0H1D00F,1W9DL31001461C,1ZMLH8300204F0,1Z6PH74DAP0QN7,"Corona, CA",728.3,5.7,137.7,8.547347,2.013246,0,0,DJI Matrice 300 RTK,M300 RTK,1ZN7L4R0H1D00F,1W9DL31001461C,1ZMLH8300204F0,1Z6PH74DAP0QN7,DJI Pilot,Android,7.0.2,1EF72A62-B7C3-C88D-164E-CE6F8C8424AE,1ZN7L4R0H1D00F,1W9DL31001461C,,1ZMLH8300204F0,1W9DL31001461C,,,,,
2023-11-01,11:28:32.82 AM,4m 10.5s,250.5,33.8015915117878,-117.4708330152398,137.7,137.7,19.0,1402,1807.7,6.487126,6.490981,0,2.23694,-6.487126,1.342164,0,0,-0.5,-2.6,2.6,-92.8,267.2,269.4,Tripod,Other,,23,5,True,,True,False,,Smart,RC,False,True,False,,,True,,False,False,False,False,False,False,False,False,False,False,0,Follow Yaw,-77.9,0,-101.7,258.3,False,False,False,False,False,,0,0,False,False,No Card,100,100,1024,1392,1024,1024,2,False,False,False,False,False,0,False,False,False,False,86,,47.448,,8686,,10044,,47.448,,True,3.953,3.953,3.953,3.953,3.953,3.953,3.953,3.953,3.953,3.953,3.953,3.953,0,,False,False,True,,,,,,,,,,,,,,,False,False,19.182,,91.2,,75.7,,91.2,,1624,57,14,17,8,144800.5,19306.73,,Idle,,20,,10,,,20,Go Home,False,False,False,False,False,False,False,False,False,False,False,False,33.8027920380556,-117.4659261431046,1550.6,2972.0,1049.4,396.9,True,1,1,False,False,False,False,,True,False,False,Course Lock,196.8,67,16.4,93,E,S,8.5,11.4,Calm,False,False,Android,7.0.2,M300 RTK,1ZN7L4R0H1D00F,1W9DL31001461C,1ZMLH8300204F0,1Z6PH74DAP0QN7,"Corona, CA",728.3,5.7,137.7,8.547347,2.013246,0,0,DJI Matrice 300 RTK,M300 RTK,1ZN7L4R0H1D00F,1W9DL31001461C,1ZMLH8300204F0,1Z6PH74DAP0QN7,DJI Pilot,Android,7.0.2,1EF72A62-B7C3-C88D-164E-CE6F8C8424AE,1ZN7L4R0H1D00F,1W9DL31001461C,,1ZMLH8300204F0,1W9DL31001461C,,,,,
2023-11-01,11:28:32.94 AM,4m 10.6s,250.6,33.8015914065222,-117.4708362452753,137.7,137.7,19.0,1402,1808.7,6.487126,6.490981,0,2.23694,-6.487126,1.342164,0,0,-0.1,-2.5,2.5,-92.9,267.1,267.7,Tripod,Other,,23,5,True,,True,False,,Smart,RC,False,True,False,,,True,,False,False,False,False,False,False,False,False,False,False,0,Follow Yaw,-77.9,0,-101.7,258.3,False,False,False,False,False,,0,0,False,False,No Card,100,100,1024,1388,1024,1024,2,False,False,False,False,False,0,False,False,False,False,86,,47.448,,8686,,10044,,47.448,,True,3.953,3.953,3.953,3.953,3.953,3.953,3.953,3.953,3.953,3.953,3.953,3.953,0,,False,False,True,,,,,,,,,,,,,,,False,False,19.182,,91.2,,75.7,,91.2,,1624,57,14,17,8,144800.5,19306.73,,Idle,,20,,10,,,20,Go Home,False,False,False,False,False,False,False,False,False,False,False,False,33.8027920380556,-117.4659261431046,1551.5,2972.0,1049.4,396.9,True,1,1,False,False,False,False,,True,False,False,Course Lock,196.8,67,16.4,93,E,S,8.5,11.4,Calm,False,False,Android,7.0.2,M300 RTK,1ZN7L4R0H1D00F,1W9DL31001461C,1ZMLH8300204F0,1Z6PH74DAP0QN7,"Corona, CA",728.3,5.7,137.7,8.547347,2.013246,0,0,DJI Matrice 300 RTK,M300 RTK,1ZN7L4R0H1D00F,1W9DL31001461C,1ZMLH8300204F0,1Z6PH74DAP0QN7,DJI Pilot,Android,7.0.2,1EF72A62-B7C3-C88D-164E-CE6F8C8424AE,1ZN7L4R0H1D00F,1W9DL31001461C,,1ZMLH8300204F0,1W9DL31001461C,,,,,
2023-11-01,11:28:33.03 AM,4m 10.7s,250.7,33.8015912316278,-117.4708396778477,137.7,137.7,19.0,1402,1809.7,6.487126,6.490981,0,2.23694,-6.487126,1.342164,0,0,-0.1,-2.5,2.5,-93,267,266.4,Tripod,Other,,23,5,True,,True,False,,Smart,RC,False,True,False,,,True,,False,False,False,False,False,False,False,False,False,False,0,Follow Yaw,-77.9,0,-101.7,258.3,False,False,False,False,False,,0,0,False,False,No Card,100,100,1024,1388,1024,1024,2,False,False,False,False,False,0,False,False,False,False,86,,47.448,,8686,,10044,,47.448,,True,3.953,3.953,3.953,3.953,3.953,3.953,3.953,3.953,3.953,3.953,3.953,3.953,0,,False,False,True,,,,,,,,,,,,,,,False,False,19.182,,91.2,,75.7,,91.2,,1624,57,14,17,8,144800.5,19306.73,,Idle,,20,,10,,,20,Go Home,False,False,False,False,False,False,False,False,False,False,False,False,33.8027920380556,-117.4659261431046,1552.6,2972.0,1049.4,396.9,True,1,1,False,False,False,False,,True,False,False,Course Lock,196.8,67,16.4,93,E,S,8.5,11.4,Calm,False,False,Android,7.0.2,M300 RTK,1ZN7L4R0H1D00F,1W9DL31001461C,1ZMLH8300204F0,1Z6PH74DAP0QN7,"Corona, CA",728.3,5.7,137.7,8.547347,2.013246,0,0,DJI Matrice 300 RTK,M300 RTK,1ZN7L4R0H1D00F,1W9DL31001461C,1ZMLH8300204F0,1Z6PH74DAP0QN7,DJI Pilot,Android,7.0.2,1EF72A62-B7C3-C88D-164E-CE6F8C8424AE,1ZN7L4R0H1D00F,1W9DL31001461C,,1ZMLH8300204F0,1W9DL31001461C,,,,,
2023-11-01,11:28:33.14 AM,4m 10.8s,250.8,33.8015911033354,-117.4708429329529,137.7,137.7,19.0,1402,1810.7,6.490981,6.490981,-0.223694,2.23694,-6.487126,1.342164,0,0,-0.3,-2.6,2.6,-93.1,266.9,267.2,Tripod,Other,,23,5,True,,True,False,,Smart,RC,False,True,False,,,True,,False,False,False,False,False,False,False,False,False,False,0,Follow Yaw,-77.9,0,-101.7,258.3,False,False,False,False,False,,0,0,False,False,No Card,100,100,1024,1381,1024,1024,2,False,False,False,False,False,0,False,False,False,False,86,,47.448,,8686,,10044,,47.448,,True,3.953,3.953,3.953,3.953,3.953,3.953,3.953,3.953,3.953,3.953,3.953,3.953,0,,False,False,True,,,,,,,,,,,,,,,False,False,19.182,,91.2,,75.7,,91.2,,1624,57,14,17,8,144800.5,19306.73,,Idle,,20,,10,,,20,Go Home,False,False,False,False,False,False,False,False,False,False,False,False,33.8027920380556,-117.4659261431046,1553.5,2972.0,1049.4,396.9,True,1,1,False,False,False,False,,True,False,False,Course Lock,196.8,67,16.4,93,E,S,8.5,11.4,Calm,False,False,Android,7.0.2,M300 RTK,1ZN7L4R0H1D00F,1W9DL31001461C,1ZMLH8300204F0,1Z6PH74DAP0QN7,"Corona, CA",728.3,5.7,137.7,8.547347,2.013246,0,0,DJI Matrice 300 RTK,M300 RTK,1ZN7L4R0H1D00F,1W9DL31001461C,1ZMLH8300204F0,1Z6PH74DAP0QN7,DJI Pilot,Android,7.0.2,1EF72A62-B7C3-C88D-164E-CE6F8C8424AE,1ZN7L4R0H1D00F,1W9DL31001461C,,1ZMLH8300204F0,1W9DL31001461C,,,,,
2023-11-01,11:28:33.23 AM,4m 10.9s,250.9,33.8015910956597,-117.4708461055918,137.7,137.7,19.0,1402,1811.7,6.490981,6.490981,-0.223694,2.23694,-6.487126,1.342164,0,0,-0.4,-2.8,2.8,-93.2,266.8,269.8,Tripod,Other,,23,5,True,,True,False,,Smart,RC,False,True,False,,,True,,False,False,False,False,False,False,False,False,False,False,0,Follow Yaw,-77.9,0,-101.7,258.3,False,False,False,False,False,,0,0,False,False,No Card,100,100,1024,1380,1024,1024,2,False,False,False,False,False,0,False,False,False,False,86,,47.448,,8686,,10044,,47.448,,True,3.953,3.953,3.953,3.953,3.953,3.953,3.953,3.953,3.953,3.953,3.953,3.953,0,,False,False,True,,,,,,,,,,,,,,,False,False,19.182,,91.2,,75.7,,91.2,,1624,57,14,17,8,144800.5,19306.73,,Idle,,20,,10,,,20,Go Home,False,False,False,False,False,False,False,False,False,False,False,False,33.8027920380556,-117.4659261431046,1554.4,2972.0,1049.4,396.9,True,1,1,False,False,False,False,,True,False,False,Course Lock,196.8,67,16.4,93,E,S,8.5,11.4,Calm,False,False,Android,7.0.2,M300 RTK,1ZN7L4R0H1D00F,1W9DL31001461C,1ZMLH8300204F0,1Z6PH74DAP0QN7,"Corona, CA",728.3,5.7,137.7,8.547347,2.013246,0,0,DJI Matrice 300 RTK,M300 RTK,1ZN7L4R0H1D00F,1W9DL31001461C,1ZMLH8300204F0,1Z6PH74DAP0QN7,DJI Pilot,Android,7.0.2,1EF72A62-B7C3-C88D-164E-CE6F8C8424AE,1ZN7L4R0H1D00F,1W9DL31001461C,,1ZMLH8300204F0,1W9DL31001461C,,,,,
2023-11-01,11:28:33.34 AM,4m 11.0s,251.0,33.8015909580469,-117.4708493722423,137.7,137.7,18.7,1402,1812.7,6.714547,6.714547,-0.223694,2.23694,-6.71082,1.342164,0,0,-0.5,-2.8,2.8,-93.2,266.8,267.0,Tripod,Other,,23,5,True,,True,False,,Smart,RC,False,True,False,,,True,,False,False,False,False,False,False,False,False,False,False,0,Follow Yaw,-77.9,0,-101.7,258.3,False,False,False,False,False,,0,0,False,False,No Card,100,100,1024,1381,1024,1024,2,False,False,False,False,False,0,False,False,False,False,86,,47.424,,8636,,10044,,47.424,,True,3.953,3.953,3.953,3.953,3.953,3.953,3.953,3.953,3.953,3.953,3.953,3.953,0,,False,False,True,,,,,,,,,,,,,,,False,False,19.522,,91.2,,75.7,,91.2,,1624,57,14,17,8,144800.5,19306.73,,Idle,,20,,10,,,20,Go Home,False,False,False,False,False,False,False,False,False,False,False,False,33.8027920380556,-117.4659261431046,1555.4,2972.0,1049.4,396.9,True,1,1,False,False,False,False,,True,False,False,Course Lock,196.8,67,16.4,93,E,S,8.5,11.4,Calm,False,False,Android,7.0.2,M300 RTK,1ZN7L4R0H1D00F,1W9DL31001461C,1ZMLH8300204F0,1Z6PH74DAP0QN7,"Corona, CA",728.3,5.7,137.7,8.547347,2.013246,0,0,DJI Matrice 300 RTK,M300 RTK,1ZN7L4R0H1D00F,1W9DL31001461C,1ZMLH8300204F0,1Z6PH74DAP0QN7,DJI Pilot,Android,7.0.2,1EF72A62-B7C3-C88D-164E-CE6F8C8424AE,1ZN7L4R0H1D00F,1W9DL31001461C,,1ZMLH8300204F0,1W9DL31001461C,,,,,
2023-11-01,11:28:33.44 AM,4m 11.1s,251.1,33.8015908056311,-117.470853077283,137.7,137.7,18.7,1402,1813.8,6.714547,6.714547,-0.223694,2.23694,-6.71082,1.342164,0,0,-0.5,-2.7,2.7,-93.2,266.8,267.1,Tripod,Other,,23,5,True,,True,False,,Smart,RC,False,True,False,,,True,,False,False,False,False,False,False,False,False,False,False,0,Follow Yaw,-77.9,0,-101.7,258.3,False,False,False,False,False,,0,0,False,False,No Card,100,100,1024,1382,1024,1024,2,False,False,False,False,False,0,False,False,False,False,86,,47.424,,8636,,10044,,47.424,,True,3.953,3.953,3.953,3.953,3.953,3.953,3.953,3.953,3.953,3.953,3.953,3.953,0,,False,False,True,,,,,,,,,,,,,,,False,False,19.522,,91.2,,75.7,,91.2,,1624,57,14,17,8,144800.5,19306.73,,Idle,,20,,10,,,20,Go Home,False,False,False,False,False,False,False,False,False,False,False,False,33.8027920380556,-117.4659261431046,1556.5,2972.0,1049.4,396.9,True,1,1,False,False,False,False,,True,False,False,Course Lock,196.8,67,16.4,93,E,S,8.5,11.4,Calm,False,False,Android,7.0.2,M300 RTK,1ZN7L4R0H1D00F,1W9DL31001461C,1ZMLH8300204F0,1Z6PH74DAP0QN7,"Corona, CA",728.3,5.7,137.7,8.547347,2.013246,0,0,DJI Matrice 300 RTK,M300 RTK,1ZN7L4R0H1D00F,1W9DL31001461C,1ZMLH8300204F0,1Z6PH74DAP0QN7,DJI Pilot,Android,7.0.2,1EF72A62-B7C3-C88D-164E-CE6F8C8424AE,1ZN7L4R0H1D00F,1W9DL31001461C,,1ZMLH8300204F0,1W9DL31001461C,,,,,
2023-11-01,11:28:33.54 AM,4m 11.2s,251.2,33.8015906433466,-117.4708564013299,137.7,137.7,19.0,1402,1814.8,6.714547,6.714547,-0.223694,2.23694,-6.71082,1.342164,0,0,-0.3,-2.3,2.3,-93.2,266.8,266.6,Tripod,Other,,23,5,True,,True,False,,Smart,RC,False,True,False,,,True,,False,False,False,False,False,False,False,False,False,False,0,Follow Yaw,-77.9,0,-101.7,258.3,False,False,False,False,False,,0,0,False,False,No Card,100,100,1024,1382,1024,1024,2,False,False,False,False,False,0,False,False,False,False,86,,47.424,,8636,,10044,,47.424,,True,3.953,3.953,3.953,3.953,3.953,3.953,3.953,3.953,3.953,3.953,3.953,3.953,0,,False,False,True,,,,,,,,,,,,,,,False,False,19.522,,91.2,,75.7,,91.2,,1624,57,14,17,8,144800.5,19306.73,,Idle,,20,,10,,,20,Go Home,False,False,False,False,False,False,False,False,False,False,False,False,33.8027920380556,-117.4659261431046,1557.5,2972.0,1049.4,396.9,True,1,1,False,False,False,False,,True,False,False,Course Lock,196.8,67,16.4,93,E,S,8.5,11.4,Calm,False,False,Android,7.0.2,M300 RTK,1ZN7L4R0H1D00F,1W9DL31001461C,1ZMLH8300204F0,1Z6PH74DAP0QN7,"Corona, CA",728.3,5.7,137.7,8.547347,2.013246,0,0,DJI Matrice 300 RTK,M300 RTK,1ZN7L4R0H1D00F,1W9DL31001461C,1ZMLH8300204F0,1Z6PH74DAP0QN7,DJI Pilot,Android,7.0.2,1EF72A62-B7C3-C88D-164E-CE6F8C8424AE,1ZN7L4R0H1D00F,1W9DL31001461C,,1ZMLH8300204F0,1W9DL31001461C,,,,,
2023-11-01,11:28:33.64 AM,4m 11.3s,251.3,33.8015905271158,-117.4708597675995,137.7,137.7,19.0,1402,1815.8,6.714547,6.714547,-0.223694,2.23694,-6.71082,1.342164,0,0,0,-1.8,1.8,-93.2,266.8,267.6,Tripod,Other,,23,5,True,,True,False,,Smart,RC,False,True,False,,,True,,False,False,False,False,False,False,False,False,False,False,0,Follow Yaw,-77.9,0,-101.7,258.3,False,False,False,False,False,,0,0,False,False,No Card,100,100,1024,1381,1024,1024,2,False,False,False,False,False,0,False,False,False,False,86,,47.424,,8636,,10044,,47.424,,True,3.951,3.951,3.951,3.951,3.951,3.951,3.951,3.951,3.951,3.951,3.951,3.951,0,,False,False,True,,,,,,,,,,,,,,,False,False,19.522,,91.2,,75.7,,91.2,,1623,57,14,17,8,144746.2,19299.50,,Idle,,20,,10,,,20,Go Home,False,False,False,False,False,False,False,False,False,False,False,False,33.8027920380556,-117.4659261431046,1558.5,2972.0,1049.4,396.9,True,1,1,False,False,False,False,,True,False,False,Course Lock,196.8,67,16.4,93,E,S,8.5,11.4,Calm,False,False,Android,7.0.2,M300 RTK,1ZN7L4R0H1D00F,1W9DL31001461C,1ZMLH8300204F0,1Z6PH74DAP0QN7,"Corona, CA",728.3,5.7,137.7,8.547347,2.013246,0,0,DJI Matrice 300 RTK,M300 RTK,1ZN7L4R0H1D00F,1W9DL31001461C,1ZMLH8300204F0,1Z6PH74DAP0QN7,DJI Pilot,Android,7.0.2,1EF72A62-B7C3-C88D-164E-CE6F8C8424AE,1ZN7L4R0H1D00F,1W9DL31001461C,,1ZMLH8300204F0,1W9DL31001461C,,,,,
2023-11-01,11:28:33.75 AM,4m 11.4s,251.4,33.8015903653796,-117.4708631124279,137.7,137.7,18.7,1402,1816.8,6.714547,6.714547,-0.223694,2.23694,-6.71082,1.342164,0,0,0.3,-1.3,1.3,-93.1,266.9,266.6,Tripod,Other,,23,5,True,,True,False,,Smart,RC,False,True,False,,,True,,False,False,False,False,False,False,False,False,False,False,0,Follow Yaw,-77.9,0,-101.7,258.3,False,False,False,False,False,,0,0,False,False,No Card,100,100,1024,1384,1024,1024,2,False,False,False,False,False,0,False,False,False,False,86,,47.424,,8636,,10044,,47.424,,True,3.951,3.951,3.951,3.951,3.951,3.951,3.951,3.951,3.951,3.951,3.951,3.951,0,,False,False,True,,,,,,,,,,,,,,,False,False,19.522,,91.2,,75.7,,91.2,,1623,57,14,17,8,144746.2,19299.50,,Idle,,20,,10,,,20,Go Home,False,False,False,False,False,False,False,False,False,False,False,False,33.8027920380556,-117.4659261431046,1559.5,2972.0,1049.4,396.9,True,1,1,False,False,False,False,,True,False,False,Course Lock,196.8,67,16.4,93,E,S,8.5,11.4,Calm,False,False,Android,7.0.2,M300 RTK,1ZN7L4R0H1D00F,1W9DL31001461C,1ZMLH8300204F0,1Z6PH74DAP0QN7,"Corona, CA",728.3,5.7,137.7,8.547347,2.013246,0,0,DJI Matrice 300 RTK,M300 RTK,1ZN7L4R0H1D00F,1W9DL31001461C,1ZMLH8300204F0,1Z6PH74DAP0QN7,DJI Pilot,Android,7.0.2,1EF72A62-B7C3-C88D-164E-CE6F8C8424AE,1ZN7L4R0H1D00F,1W9DL31001461C,,1ZMLH8300204F0,1W9DL31001461C,,,,,
2023-11-01,11:28:33.85 AM,4m 11.5s,251.5,33.8015901850026,-117.470866150482,137.7,137.7,18.7,1402,1817.8,6.714547,6.714547,-0.223694,2.23694,-6.71082,1.342164,0,0,0.5,-1,1.1,-93,267,265.9,Tripod,Other,,23,5,True,,True,False,,Smart,RC,False,True,False,,,True,,False,False,False,False,False,False,False,False,False,False,0,Follow Yaw,-77.9,0,-101.7,258.3,False,False,False,False,False,,0,0,False,False,No Card,100,100,1024,1383,1024,1024,2,False,False,False,False,False,0,False,False,False,False,86,,47.424,,8636,,10044,,47.424,,True,3.951,3.951,3.951,3.951,3.951,3.951,3.951,3.951,3.951,3.951,3.951,3.951,0,,False,False,True,,,,,,,,,,,,,,,False,False,19.522,,91.2,,75.7,,91.2,,1623,57,14,17,8,144746.2,19299.50,,Idle,,20,,10,,,20,Go Home,False,False,False,False,False,False,False,False,False,False,False,False,33.8027920380556,-117.4659261431046,1560.4,2972.0,1049.4,396.9,True,1,1,False,False,False,False,,True,False,False,Course Lock,196.8,67,16.4,93,E,S,8.5,11.4,Calm,False,False,Android,7.0.2,M300 RTK,1ZN7L4R0H1D00F,1W9DL31001461C,1ZMLH8300204F0,1Z6PH74DAP0QN7,"Corona, CA",728.3,5.7,137.7,8.547347,2.013246,0,0,DJI Matrice 300 RTK,M300 RTK,1ZN7L4R0H1D00F,1W9DL31001461C,1ZMLH8300204F0,1Z6PH74DAP0QN7,DJI Pilot,Android,7.0.2,1EF72A62-B7C3-C88D-164E-CE6F8C8424AE,1ZN7L4R0H1D00F,1W9DL31001461C,,1ZMLH8300204F0,1W9DL31001461C,,,,,
2023-11-01,11:28:33.95 AM,4m 11.6s,251.6,33.8015900413589,-117.4708694583656,137.7,137.7,18.7,1402,1818.8,6.714547,6.714547,-0.223694,2.23694,-6.71082,1.342164,0,0,0.5,-1,1.1,-93,267,267.0,Tripod,Other,,23,5,True,,True,False,,Smart,RC,False,True,False,,,True,,False,False,False,False,False,False,False,False,False,False,0,Follow Yaw,-77.9,0,-101.7,258.3,False,False,False,False,False,,0,0,False,False,No Card,100,100,1024,1382,1024,1024,2,False,False,False,False,False,0,False,False,False,False,86,,47.424,,8636,,10044,,47.424,,True,3.951,3.951,3.951,3.951,3.951,3.951,3.951,3.951,3.951,3.951,3.951,3.951,0,,False,False,True,,,,,,,,,,,,,,,False,False,19.522,,91.2,,75.7,,91.2,,1623,57,14,17,8,144746.2,19299.50,,Idle,,20,,10,,,20,Go Home,False,False,False,False,False,False,False,False,False,False,False,False,33.8027920380556,-117.4659261431046,1561.3,2972.0,1049.4,396.9,True,1,1,False,False,False,False,,True,False,False,Course Lock,196.8,67,16.4,93,E,S,8.5,11.4,Calm,False,False,Android,7.0.2,M300 RTK,1ZN7L4R0H1D00F,1W9DL31001461C,1ZMLH8300204F0,1Z6PH74DAP0QN7,"Corona, CA",728.3,5.7,137.7,8.547347,2.013246,0,0,DJI Matrice 300 RTK,M300 RTK,1ZN7L4R0H1D00F,1W9DL31001461C,1ZMLH8300204F0,1Z6PH74DAP0QN7,DJI Pilot,Android,7.0.2,1EF72A62-B7C3-C88D-164E-CE6F8C8424AE,1ZN7L4R0H1D00F,1W9DL31001461C,,1ZMLH8300204F0,1W9DL31001461C,,,,,
2023-11-01,11:28:34.06 AM,4m 11.7s,251.7,33.8015897858705,-117.4708725828442,137.7,137.7,18.7,1402,1819.7,6.714547,6.714547,-0.223694,2.23694,-6.71082,1.342164,0,0,0.4,-1.3,1.3,-93,267,264.3,Tripod,Other,,23,5,True,,True,False,,Smart,RC,False,True,False,,,True,,False,False,False,False,False,False,False,False,False,False,0,Follow Yaw,-77.9,0,-101.7,258.3,False,False,False,False,False,,0,0,False,False,No Card,100,100,1024,1381,1024,1024,2,False,False,False,False,False,0,False,False,False,False,86,,47.412,,4287,,4986,,47.412,,True,3.951,3.951,3.951,3.951,3.951,3.951,3.951,3.951,3.951,3.951,3.951,3.951,0,,False,False,True,,,,,,,,,,,,,,,False,False,9.51,,91.0,,75.7,,91.2,,1623,57,14,17,8,144746.2,19299.50,,Idle,,20,,10,,,20,Go Home,False,False,False,False,False,False,False,False,False,False,False,False,33.8027920380556,-117.4659261431046,1562.3,2972.0,1049.4,396.9,True,1,1,False,False,False,False,,True,False,False,Course Lock,196.8,67,16.4,93,E,S,8.5,11.4,Calm,False,False,Android,7.0.2,M300 RTK,1ZN7L4R0H1D00F,1W9DL31001461C,1ZMLH8300204F0,1Z6PH74DAP0QN7,"Corona, CA",728.3,5.7,137.7,8.547347,2.013246,0,0,DJI Matrice 300 RTK,M300 RTK,1ZN7L4R0H1D00F,1W9DL31001461C,1ZMLH8300204F0,1Z6PH74DAP0QN7,DJI Pilot,Android,7.0.2,1EF72A62-B7C3-C88D-164E-CE6F8C8424AE,1ZN7L4R0H1D00F,1W9DL31001461C,,1ZMLH8300204F0,1W9DL31001461C,,,,,
2023-11-01,11:28:34.16 AM,4m 11.8s,251.8,33.8015896394855,-117.4708758699463,137.7,137.7,18.7,1402,1820.7,6.714547,6.714547,-0.223694,2.23694,-6.71082,1.342164,0,0,0.2,-1.5,1.5,-93.1,266.9,266.9,Tripod,Other,,23,5,True,,True,False,,Smart,RC,False,True,False,,,True,,False,False,False,False,False,False,False,False,False,False,0,Follow Yaw,-77.9,0,-101.7,258.3,False,False,False,False,False,,0,0,False,False,No Card,100,100,1024,1382,1024,1024,2,False,False,False,False,False,0,False,False,False,False,86,,47.412,,4287,,4986,,47.412,,True,3.951,3.951,3.951,3.951,3.951,3.951,3.951,3.951,3.951,3.951,3.951,3.951,0,,False,False,True,,,,,,,,,,,,,,,False,False,9.51,,91.0,,75.7,,91.2,,1623,57,14,17,8,144746.2,19299.50,,Idle,,20,,10,,,20,Go Home,False,False,False,False,False,False,False,False,False,False,False,False,33.8027920380556,-117.4659261431046,1563.2,2972.0,1049.4,396.9,True,1,1,False,False,False,False,,True,False,False,Course Lock,196.8,67,16.4,93,E,S,8.5,11.4,Calm,False,False,Android,7.0.2,M300 RTK,1ZN7L4R0H1D00F,1W9DL31001461C,1ZMLH8300204F0,1Z6PH74DAP0QN7,"Corona, CA",728.3,5.7,137.7,8.547347,2.013246,0,0,DJI Matrice 300 RTK,M300 RTK,1ZN7L4R0H1D00F,1W9DL31001461C,1ZMLH8300204F0,1Z6PH74DAP0QN7,DJI Pilot,Android,7.0.2,1EF72A62-B7C3-C88D-164E-CE6F8C8424AE,1ZN7L4R0H1D00F,1W9DL31001461C,,1ZMLH8300204F0,1W9DL31001461C,,,,,
2023-11-01,11:28:34.24 AM,4m 11.9s,251.9,33.8015897145969,-117.4708793256092,137.7,137.7,18.7,1402,1821.8,6.714547,6.714547,-0.223694,2.23694,-6.71082,1.342164,0,0,0.1,-1.4,1.4,-93.3,266.7,271.4,Tripod,Other,,23,5,True,,True,False,,Smart,RC,False,True,False,,,True,,False,False,False,False,False,False,False,False,False,False,0,Follow Yaw,-77.9,0,-101.7,258.3,False,False,False,False,False,,0,0,False,False,No Card,100,100,1024,1380,1024,1024,2,False,False,False,False,False,0,False,False,False,False,86,,47.412,,4287,,4986,,47.412,,True,3.951,3.951,3.951,3.951,3.951,3.951,3.951,3.951,3.951,3.951,3.951,3.951,0,,False,False,True,,,,,,,,,,,,,,,False,False,9.51,,91.0,,75.7,,91.2,,1623,57,14,17,8,144746.2,19299.50,,Idle,,20,,10,,,20,Go Home,False,False,False,False,False,False,False,False,False,False,False,False,33.8027920380556,-117.4659261431046,1564.2,2972.0,1049.4,396.9,True,1,1,False,False,False,False,,True,False,False,Course Lock,196.8,67,16.4,93,E,S,8.5,11.4,Calm,False,False,Android,7.0.2,M300 RTK,1ZN7L4R0H1D00F,1W9DL31001461C,1ZMLH8300204F0,1Z6PH74DAP0QN7,"Corona, CA",728.3,5.7,137.7,8.547347,2.013246,0,0,DJI Matrice 300 RTK,M300 RTK,1ZN7L4R0H1D00F,1W9DL31001461C,1ZMLH8300204F0,1Z6PH74DAP0QN7,DJI Pilot,Android,7.0.2,1EF72A62-B7C3-C88D-164E-CE6F8C8424AE,1ZN7L4R0H1D00F,1W9DL31001461C,,1ZMLH8300204F0,1W9DL31001461C,,,,,
2023-11-01,11:28:34.36 AM,4m 12.0s,252.0,33.8015895715015,-117.4708826430589,137.7,137.7,18.7,1402,1822.8,6.714547,6.714547,-0.223694,2.23694,-6.71082,1.342164,0,0,-0.3,-1.2,1.2,-93.4,266.6,267.0,Tripod,Other,,23,5,True,,True,False,,Smart,RC,False,True,False,,,True,,False,False,False,False,False,False,False,False,False,False,0,Follow Yaw,-77.9,0,-101.7,258.3,False,False,False,False,False,,0,0,False,False,No Card,100,100,1024,1379,1024,1024,2,False,False,False,False,False,0,False,False,False,False,86,,47.46,,8636,,10044,,47.46,,True,3.951,3.951,3.951,3.951,3.951,3.951,3.951,3.951,3.951,3.951,3.951,3.951,0,,False,False,True,,,,,,,,,,,,,,,False,False,19.31,,91.2,,75.7,,91.2,,1623,57,14,17,8,144746.2,19299.50,,Idle,,20,,10,,,20,Go Home,False,False,False,False,False,False,False,False,False,False,False,False,33.8027920380556,-117.4659261431046,1565.2,2972.0,1049.4,396.9,True,1,1,False,False,False,False,,True,False,False,Course Lock,196.8,67,16.4,93,E,S,8.5,11.4,Calm,False,False,Android,7.0.2,M300 RTK,1ZN7L4R0H1D00F,1W9DL31001461C,1ZMLH8300204F0,1Z6PH74DAP0QN7,"Corona, CA",728.3,5.7,137.7,8.547347,2.013246,0,0,DJI Matrice 300 RTK,M300 RTK,1ZN7L4R0H1D00F,1W9DL31001461C,1ZMLH8300204F0,1Z6PH74DAP0QN7,DJI Pilot,Android,7.0.2,1EF72A62-B7C3-C88D-164E-CE6F8C8424AE,1ZN7L4R0H1D00F,1W9DL31001461C,,1ZMLH8300204F0,1W9DL31001461C,,,,,
2023-11-01,11:28:34.46 AM,4m 12.1s,252.1,33.801589360422,-117.4708862319872,137.7,137.7,18.7,1402,1823.9,6.714547,6.714547,-0.223694,2.23694,-6.71082,1.342164,0,0,-0.6,-1.1,1.2,-93.7,266.3,265.9,Tripod,Other,,23,5,True,,True,False,,Smart,RC,False,True,False,,,True,,False,False,False,False,False,False,False,False,False,False,0,Follow Yaw,-77.9,0,-101.7,258.3,False,False,False,False,False,,0,0,False,False,No Card,100,100,1024,1384,1024,1024,2,False,False,False,False,False,0,False,False,False,False,86,,47.46,,8636,,10044,,47.46,,True,3.951,3.951,3.951,3.951,3.951,3.951,3.951,3.951,3.951,3.951,3.951,3.951,0,,False,False,True,,,,,,,,,,,,,,,False,False,19.31,,91.2,,75.7,,91.2,,1623,57,14,17,8,144746.2,19299.50,,Idle,,20,,10,,,20,Go Home,False,False,False,False,False,False,False,False,False,False,False,False,33.8027920380556,-117.4659261431046,1566.3,2972.0,1049.4,396.9,True,1,1,False,False,False,False,,True,False,False,Course Lock,196.8,67,16.4,93,E,S,8.5,11.4,Calm,False,False,Android,7.0.2,M300 RTK,1ZN7L4R0H1D00F,1W9DL31001461C,1ZMLH8300204F0,1Z6PH74DAP0QN7,"Corona, CA",728.3,5.7,137.7,8.547347,2.013246,0,0,DJI Matrice 300 RTK,M300 RTK,1ZN7L4R0H1D00F,1W9DL31001461C,1ZMLH8300204F0,1Z6PH74DAP0QN7,DJI Pilot,Android,7.0.2,1EF72A62-B7C3-C88D-164E-CE6F8C8424AE,1ZN7L4R0H1D00F,1W9DL31001461C,,1ZMLH8300204F0,1W9DL31001461C,,,,,
2023-11-01,11:28:34.57 AM,4m 12.2s,252.2,33.8015892069097,-117.4708896210175,137.7,137.7,18.7,1402,1824.9,6.714547,6.714547,-0.223694,2.23694,-6.71082,1.342164,0,0,-0.3,-1.1,1.1,-93.8,266.2,266.8,Tripod,Other,,22,5,True,,True,False,,Smart,RC,False,True,False,,,True,,False,False,False,False,False,False,False,False,False,False,0,Follow Yaw,-77.9,0,-101.7,258.3,False,False,False,False,False,,0,0,False,False,No Card,100,100,1024,1395,1024,1024,2,False,False,False,False,False,0,False,False,False,False,86,,47.46,,8636,,10044,,47.46,,True,3.951,3.951,3.951,3.951,3.951,3.951,3.951,3.951,3.951,3.951,3.951,3.951,0,,False,False,True,,,,,,,,,,,,,,,False,False,19.31,,91.2,,75.7,,91.2,,1623,57,14,17,8,144746.2,19299.50,,Idle,,20,,10,,,20,Go Home,False,False,False,False,False,False,False,False,False,False,False,False,33.8027920380556,-117.4659261431046,1567.3,2972.0,1049.4,396.9,True,1,1,False,False,False,False,,True,False,False,Course Lock,196.8,67,16.4,93,E,S,8.5,11.4,Calm,False,False,Android,7.0.2,M300 RTK,1ZN7L4R0H1D00F,1W9DL31001461C,1ZMLH8300204F0,1Z6PH74DAP0QN7,"Corona, CA",728.3,5.7,137.7,8.547347,2.013246,0,0,DJI Matrice 300 RTK,M300 RTK,1ZN7L4R0H1D00F,1W9DL31001461C,1ZMLH8300204F0,1Z6PH74DAP0QN7,DJI Pilot,Android,7.0.2,1EF72A62-B7C3-C88D-164E-CE6F8C8424AE,1ZN7L4R0H1D00F,1W9DL31001461C,,1ZMLH8300204F0,1W9DL31001461C,,,,,
2023-11-01,11:28:34.67 AM,4m 12.3s,252.3,33.8015888390283,-117.4708929513318,137.7,137.7,18.7,1402,1825.9,6.714547,6.714547,-0.223694,2.23694,-6.71082,1.342164,0,0,0.2,-1,1,-93.9,266.1,262.4,Tripod,Other,,22,5,True,,True,False,,Smart,RC,False,True,False,,,True,,False,False,False,False,False,False,False,False,False,False,0,Follow Yaw,-77.9,0,-101.7,258.3,False,False,False,False,False,,0,0,False,False,No Card,100,100,1024,1395,1024,1024,2,False,False,False,False,False,0,False,False,False,False,86,,47.46,,8636,,10044,,47.46,,True,3.954,3.954,3.954,3.954,3.954,3.954,3.954,3.954,3.954,3.954,3.954,3.954,0,,False,False,True,,,,,,,,,,,,,,,False,False,19.31,,91.2,,75.7,,91.2,,1622,57,14,17,8,144762.3,19301.64,,Idle,,20,,10,,,20,Go Home,False,False,False,False,False,False,False,False,False,False,False,False,33.8027920380556,-117.4659261431046,1568.3,2972.0,1049.4,396.9,True,1,1,False,False,False,False,,True,False,False,Course Lock,196.8,67,16.4,93,E,S,8.5,11.4,Calm,False,False,Android,7.0.2,M300 RTK,1ZN7L4R0H1D00F,1W9DL31001461C,1ZMLH8300204F0,1Z6PH74DAP0QN7,"Corona, CA",728.3,5.7,137.7,8.547347,2.013246,0,0,DJI Matrice 300 RTK,M300 RTK,1ZN7L4R0H1D00F,1W9DL31001461C,1ZMLH8300204F0,1Z6PH74DAP0QN7,DJI Pilot,Android,7.0.2,1EF72A62-B7C3-C88D-164E-CE6F8C8424AE,1ZN7L4R0H1D00F,1W9DL31001461C,,1ZMLH8300204F0,1W9DL31001461C,,,,,
2023-11-01,11:28:34.78 AM,4m 12.4s,252.4,33.8015886635857,-117.4708963697201,137.7,137.7,18.7,1402,1826.9,6.938121,6.938121,-0.223694,2.23694,-6.934514,1.342164,0,0,0.7,-1.3,1.4,-93.9,266.1,266.4,Tripod,Other,,23,5,True,,True,False,,Smart,RC,False,True,False,,,True,,False,False,False,False,False,False,False,False,False,False,0,Follow Yaw,-77.9,0,-101.7,258.3,False,False,False,False,False,,0,0,False,False,No Card,100,100,1024,1396,1024,1024,2,False,False,False,False,False,0,False,False,False,False,86,,47.46,,8636,,10044,,47.46,,True,3.954,3.954,3.954,3.954,3.954,3.954,3.954,3.954,3.954,3.954,3.954,3.954,0,,False,False,True,,,,,,,,,,,,,,,False,False,19.31,,91.2,,75.7,,91.2,,1622,57,14,17,8,144762.3,19301.64,,Idle,,20,,10,,,20,Go Home,False,False,False,False,False,False,False,False,False,False,False,False,33.8027920380556,-117.4659261431046,1569.3,2972.0,1049.4,396.9,True,1,1,False,False,False,False,,True,False,False,Course Lock,196.8,67,16.4,93,E,S,8.5,11.4,Calm,False,False,Android,7.0.2,M300 RTK,1ZN7L4R0H1D00F,1W9DL31001461C,1ZMLH8300204F0,1Z6PH74DAP0QN7,"Corona, CA",728.3,5.7,137.7,8.547347,2.013246,0,0,DJI Matrice 300 RTK,M300 RTK,1ZN7L4R0H1D00F,1W9DL31001461C,1ZMLH8300204F0,1Z6PH74DAP0QN7,DJI Pilot,Android,7.0.2,1EF72A62-B7C3-C88D-164E-CE6F8C8424AE,1ZN7L4R0H1D00F,1W9DL31001461C,,1ZMLH8300204F0,1W9DL31001461C,,,,,
2023-11-01,11:28:34.88 AM,4m 12.5s,252.5,33.8015886718095,-117.4708995070635,137.7,137.7,18.7,1402,1827.9,6.938121,6.938121,-0.223694,2.23694,-6.934514,1.342164,0,0,0.9,-1.6,1.8,-93.8,266.2,270.1,Tripod,Other,,23,5,True,,True,False,,Smart,RC,False,True,False,,,True,,False,False,False,False,False,False,False,False,False,False,0,Follow Yaw,-77.9,0,-101.7,258.3,False,False,False,False,False,,0,0,False,False,No Card,100,100,1024,1396,1024,1024,2,False,False,False,False,False,0,False,False,False,False,86,,47.46,,8636,,10044,,47.46,,True,3.954,3.954,3.954,3.954,3.954,3.954,3.954,3.954,3.954,3.954,3.954,3.954,0,,False,False,True,,,,,,,,,,,,,,,False,False,19.31,,91.2,,75.7,,91.2,,1622,57,14,17,8,144762.3,19301.64,,Idle,,20,,10,,,20,Go Home,False,False,False,False,False,False,False,False,False,False,False,False,33.8027920380556,-117.4659261431046,1570.2,2972.0,1049.4,396.9,True,1,1,False,False,False,False,,True,False,False,Course Lock,196.8,67,16.4,93,E,S,8.5,11.4,Calm,False,False,Android,7.0.2,M300 RTK,1ZN7L4R0H1D00F,1W9DL31001461C,1ZMLH8300204F0,1Z6PH74DAP0QN7,"Corona, CA",728.3,5.7,137.7,8.547347,2.013246,0,0,DJI Matrice 300 RTK,M300 RTK,1ZN7L4R0H1D00F,1W9DL31001461C,1ZMLH8300204F0,1Z6PH74DAP0QN7,DJI Pilot,Android,7.0.2,1EF72A62-B7C3-C88D-164E-CE6F8C8424AE,1ZN7L4R0H1D00F,1W9DL31001461C,,1ZMLH8300204F0,1W9DL31001461C,,,,,
2023-11-01,11:28:34.94 AM,4m 12.6s,252.6,33.8015884991082,-117.4709028960938,137.7,137.7,18.7,1402,1828.9,6.725716,6.938121,-0.447388,2.23694,-6.71082,1.342164,0,0,1,-1.7,1.9,-93.8,266.2,266.4,Tripod,Other,,22,5,True,,True,False,,Smart,RC,False,True,False,,,True,,False,False,False,False,False,False,False,False,False,False,0,Follow Yaw,-77.9,0,-101.7,258.3,False,False,False,False,False,,0,0,False,False,No Card,100,100,1024,1394,1024,1024,2,False,False,False,False,False,0,False,False,False,False,86,,47.46,,8636,,10044,,47.46,,True,3.954,3.954,3.954,3.954,3.954,3.954,3.954,3.954,3.954,3.954,3.954,3.954,0,,False,False,True,,,,,,,,,,,,,,,False,False,19.31,,91.2,,75.7,,91.2,,1622,57,14,17,8,144762.3,19301.64,,Idle,,20,,10,,,20,Go Home,False,False,False,False,False,False,False,False,False,False,False,False,33.8027920380556,-117.4659261431046,1571.2,2972.0,1049.4,396.9,True,1,1,False,False,False,False,,True,False,False,Course Lock,196.8,67,16.4,93,E,S,8.5,11.4,Calm,False,False,Android,7.0.2,M300 RTK,1ZN7L4R0H1D00F,1W9DL31001461C,1ZMLH8300204F0,1Z6PH74DAP0QN7,"Corona, CA",728.3,5.7,137.7,8.547347,2.013246,0,0,DJI Matrice 300 RTK,M300 RTK,1ZN7L4R0H1D00F,1W9DL31001461C,1ZMLH8300204F0,1Z6PH74DAP0QN7,DJI Pilot,Android,7.0.2,1EF72A62-B7C3-C88D-164E-CE6F8C8424AE,1ZN7L4R0H1D00F,1W9DL31001461C,,1ZMLH8300204F0,1W9DL31001461C,,,,,
2023-11-01,11:28:35.04 AM,4m 12.7s,252.7,33.8015883132486,-117.4709061864944,137.7,137.7,18.7,1402,1829.9,6.725716,6.938121,-0.447388,2.23694,-6.71082,1.342164,0,0,0.7,-1.8,1.9,-93.9,266.1,266.1,Tripod,Other,,22,5,True,,True,False,,Smart,RC,False,True,False,,,True,,False,False,False,False,False,False,False,False,False,False,0,Follow Yaw,-77.9,0,-101.7,258.3,False,False,False,False,False,,0,0,False,False,No Card,100,100,1024,1393,1024,1024,2,False,False,False,False,False,0,False,False,False,False,86,,47.46,,8636,,10044,,47.46,,True,3.954,3.954,3.954,3.954,3.954,3.954,3.954,3.954,3.954,3.954,3.954,3.954,0,,False,False,True,,,,,,,,,,,,,,,False,False,19.31,,91.2,,75.7,,91.2,,1622,57,14,17,8,144762.3,19301.64,,Idle,,20,,10,,,20,Go Home,False,False,False,False,False,False,False,False,False,False,False,False,33.8027920380556,-117.4659261431046,1572.2,2972.0,1049.4,396.9,True,1,1,False,False,False,False,,True,False,False,Course Lock,196.8,67,16.4,93,E,S,8.5,11.4,Calm,False,False,Android,7.0.2,M300 RTK,1ZN7L4R0H1D00F,1W9DL31001461C,1ZMLH8300204F0,1Z6PH74DAP0QN7,"Corona, CA",728.3,5.7,137.7,8.547347,2.013246,0,0,DJI Matrice 300 RTK,M300 RTK,1ZN7L4R0H1D00F,1W9DL31001461C,1ZMLH8300204F0,1Z6PH74DAP0QN7,DJI Pilot,Android,7.0.2,1EF72A62-B7C3-C88D-164E-CE6F8C8424AE,1ZN7L4R0H1D00F,1W9DL31001461C,,1ZMLH8300204F0,1W9DL31001461C,,,,,
2023-11-01,11:28:35.14 AM,4m 12.8s,252.8,33.8015881175203,-117.4709095567224,137.7,137.7,18.7,1402,1830.9,6.725716,6.938121,-0.447388,2.23694,-6.71082,1.342164,0,0,0.4,-1.8,1.8,-93.9,266.1,266.0,Tripod,Other,,23,5,True,,True,False,,Smart,RC,False,True,False,,,True,,False,False,False,False,False,False,False,False,False,False,0,Follow Yaw,-77.9,0,-101.7,258.3,False,False,False,False,False,,0,0,False,False,No Card,100,100,1024,1391,1024,1024,2,False,False,False,False,False,0,False,False,False,False,86,,47.46,,8636,,10044,,47.46,,True,3.954,3.954,3.954,3.954,3.954,3.954,3.954,3.954,3.954,3.954,3.954,3.954,0,,False,False,True,,,,,,,,,,,,,,,False,False,19.31,,91.2,,75.7,,91.2,,1622,57,14,17,8,144762.3,19301.64,,Idle,,20,,10,,,20,Go Home,False,False,False,False,False,False,False,False,False,False,False,False,33.8027920380556,-117.4659261431046,1573.2,2972.0,1049.4,396.9,True,1,1,False,False,False,False,,True,False,False,Course Lock,196.8,67,16.4,93,E,S,8.5,11.4,Calm,False,False,Android,7.0.2,M300 RTK,1ZN7L4R0H1D00F,1W9DL31001461C,1ZMLH8300204F0,1Z6PH74DAP0QN7,"Corona, CA",728.3,5.7,137.7,8.547347,2.013246,0,0,DJI Matrice 300 RTK,M300 RTK,1ZN7L4R0H1D00F,1W9DL31001461C,1ZMLH8300204F0,1Z6PH74DAP0QN7,DJI Pilot,Android,7.0.2,1EF72A62-B7C3-C88D-164E-CE6F8C8424AE,1ZN7L4R0H1D00F,1W9DL31001461C,,1ZMLH8300204F0,1W9DL31001461C,,,,,
2023-11-01,11:28:35.24 AM,4m 12.9s,252.9,33.801587785824,-117.4709133999764,137.7,137.7,18.7,1402,1832.1,6.94893,6.94893,-0.447388,2.23694,-6.934514,1.342164,0,0,0.3,-1.6,1.6,-93.9,266.1,264.0,Tripod,Other,,23,5,True,,True,False,,Smart,RC,False,True,False,,,True,,False,False,False,False,False,False,False,False,False,False,0,Follow Yaw,-77.9,0,-101.7,258.3,False,False,False,False,False,,0,0,False,False,No Card,100,100,1024,1392,1024,1024,2,False,False,False,False,False,0,False,False,False,False,86,,47.46,,8636,,10044,,47.46,,True,3.954,3.954,3.954,3.954,3.954,3.954,3.954,3.954,3.954,3.954,3.954,3.954,0,,False,False,True,,,,,,,,,,,,,,,False,False,19.31,,91.2,,75.7,,91.2,,1622,57,14,17,8,144762.3,19301.64,,Idle,,20,,10,,,20,Go Home,False,False,False,False,False,False,False,False,False,False,False,False,33.8027920380556,-117.4659261431046,1574.4,2972.0,1049.4,396.9,True,1,1,False,False,False,False,,True,False,False,Course Lock,196.8,67,16.4,93,E,S,8.5,11.4,Calm,False,False,Android,7.0.2,M300 RTK,1ZN7L4R0H1D00F,1W9DL31001461C,1ZMLH8300204F0,1Z6PH74DAP0QN7,"Corona, CA",728.3,5.7,137.7,8.547347,2.013246,0,0,DJI Matrice 300 RTK,M300 RTK,1ZN7L4R0H1D00F,1W9DL31001461C,1ZMLH8300204F0,1Z6PH74DAP0QN7,DJI Pilot,Android,7.0.2,1EF72A62-B7C3-C88D-164E-CE6F8C8424AE,1ZN7L4R0H1D00F,1W9DL31001461C,,1ZMLH8300204F0,1W9DL31001461C,,,,,
2023-11-01,11:28:35.34 AM,4m 13.0s,253.0,33.8015875659724,-117.4709168144062,137.7,137.7,19.0,1402,1833.2,6.94893,6.94893,-0.447388,2.23694,-6.934514,1.342164,0,0,0.4,-1.3,1.3,-93.8,266.2,265.5,Tripod,Other,,23,5,True,,True,False,,Smart,RC,False,True,False,,,True,,False,False,False,False,False,False,False,False,False,False,0,Follow Yaw,-77.9,0,-101.7,258.3,False,False,False,False,False,,0,0,False,False,No Card,100,100,1024,1392,1024,1024,2,False,False,False,False,False,0,False,False,False,False,86,,47.352,,8636,,10044,,47.352,,True,3.954,3.954,3.954,3.954,3.954,3.954,3.954,3.954,3.954,3.954,3.954,3.954,0,,False,False,True,,,,,,,,,,,,,,,False,False,20.476,,91.4,,75.7,,91.4,,1622,57,14,17,8,144762.3,19301.64,,Idle,,20,,10,,,20,Go Home,False,False,False,False,False,False,False,False,False,False,False,False,33.8027920380556,-117.4659261431046,1575.4,2972.0,1049.4,396.9,True,1,1,False,False,False,False,,True,False,False,Course Lock,196.8,67,16.4,93,E,S,8.5,11.4,Calm,False,False,Android,7.0.2,M300 RTK,1ZN7L4R0H1D00F,1W9DL31001461C,1ZMLH8300204F0,1Z6PH74DAP0QN7,"Corona, CA",728.3,5.7,137.7,8.547347,2.013246,0,0,DJI Matrice 300 RTK,M300 RTK,1ZN7L4R0H1D00F,1W9DL31001461C,1ZMLH8300204F0,1Z6PH74DAP0QN7,DJI Pilot,Android,7.0.2,1EF72A62-B7C3-C88D-164E-CE6F8C8424AE,1ZN7L4R0H1D00F,1W9DL31001461C,,1ZMLH8300204F0,1W9DL31001461C,,,,,
2023-11-01,11:28:35.44 AM,4m 13.1s,253.1,33.8015874464521,-117.4709200183824,137.7,137.7,19.0,1402,1834.1,6.94893,6.94893,-0.447388,2.23694,-6.934514,1.342164,0,0,0.6,-1,1.1,-93.8,266.2,267.4,Tripod,Other,,23,5,True,,True,False,,Smart,RC,False,True,False,,,True,,False,False,False,False,False,False,False,False,False,False,0,Follow Yaw,-77.9,0,-101.7,258.3,False,False,False,False,False,,0,0,False,False,No Card,100,100,1024,1392,1024,1024,2,False,False,False,False,False,0,False,False,False,False,86,,47.352,,8636,,10044,,47.352,,True,3.954,3.954,3.954,3.954,3.954,3.954,3.954,3.954,3.954,3.954,3.954,3.954,0,,False,False,True,,,,,,,,,,,,,,,False,False,20.476,,91.4,,75.7,,91.4,,1622,57,14,17,8,144762.3,19301.64,,Idle,,20,,10,,,20,Go Home,False,False,False,False,False,False,False,False,False,False,False,False,33.8027920380556,-117.4659261431046,1576.3,2972.0,1049.4,396.9,True,1,1,False,False,False,False,,True,False,False,Course Lock,196.8,67,16.4,93,E,S,8.5,11.4,Calm,False,False,Android,7.0.2,M300 RTK,1ZN7L4R0H1D00F,1W9DL31001461C,1ZMLH8300204F0,1Z6PH74DAP0QN7,"Corona, CA",728.3,5.7,137.7,8.547347,2.013246,0,0,DJI Matrice 300 RTK,M300 RTK,1ZN7L4R0H1D00F,1W9DL31001461C,1ZMLH8300204F0,1Z6PH74DAP0QN7,DJI Pilot,Android,7.0.2,1EF72A62-B7C3-C88D-164E-CE6F8C8424AE,1ZN7L4R0H1D00F,1W9DL31001461C,,1ZMLH8300204F0,1W9DL31001461C,,,,,
2023-11-01,11:28:35.54 AM,4m 13.2s,253.2,33.8015872370174,-117.4709234110411,137.7,137.7,19.0,1402,1835.2,6.725716,6.94893,-0.447388,2.23694,-6.71082,1.342164,0,0,0.7,-0.8,1,-93.9,266.1,265.7,Tripod,Other,,23,5,True,,True,False,,Smart,RC,False,True,False,,,True,,False,False,False,False,False,False,False,False,False,False,0,Follow Yaw,-77.9,0,-101.7,258.3,False,False,False,False,False,,0,0,False,False,No Card,100,100,1024,1391,1024,1024,2,False,False,False,False,False,0,False,False,False,False,86,,47.352,,8636,,10044,,47.352,,True,3.954,3.954,3.954,3.954,3.954,3.954,3.954,3.954,3.954,3.954,3.954,3.954,0,,False,False,True,,,,,,,,,,,,,,,False,False,20.476,,91.4,,75.7,,91.4,,1622,57,14,17,8,144762.3,19301.64,,Idle,,20,,10,,,20,Go Home,False,False,False,False,False,False,False,False,False,False,False,False,33.8027920380556,-117.4659261431046,1577.3,2972.0,1049.4,396.9,True,1,1,False,False,False,False,,True,False,False,Course Lock,196.8,67,16.4,93,E,S,8.5,11.4,Calm,False,False,Android,7.0.2,M300 RTK,1ZN7L4R0H1D00F,1W9DL31001461C,1ZMLH8300204F0,1Z6PH74DAP0QN7,"Corona, CA",728.3,5.7,137.7,8.547347,2.013246,0,0,DJI Matrice 300 RTK,M300 RTK,1ZN7L4R0H1D00F,1W9DL31001461C,1ZMLH8300204F0,1Z6PH74DAP0QN7,DJI Pilot,Android,7.0.2,1EF72A62-B7C3-C88D-164E-CE6F8C8424AE,1ZN7L4R0H1D00F,1W9DL31001461C,,1ZMLH8300204F0,1W9DL31001461C,,,,,
2023-11-01,11:28:35.64 AM,4m 13.3s,253.3,33.801586869136,-117.4709268145854,137.7,137.7,19.0,1402,1836.2,6.725716,6.94893,-0.447388,2.23694,-6.71082,1.342164,0,0,0.8,-0.7,1,-94,266,262.5,Tripod,Other,,23,5,True,,True,False,,Smart,RC,False,True,False,,,True,,False,False,False,False,False,False,False,False,False,False,0,Follow Yaw,-77.9,0,-101.7,258.3,False,False,False,False,False,,0,0,False,False,No Card,100,100,1024,1387,1024,1024,2,False,False,False,False,False,0,False,False,False,False,86,,47.352,,8636,,10044,,47.352,,True,3.953,3.953,3.953,3.953,3.953,3.953,3.953,3.953,3.953,3.953,3.953,3.953,0,,False,False,True,,,,,,,,,,,,,,,False,False,20.476,,91.4,,75.7,,91.4,,1620,58,14,17,8,144985.2,19331.36,,Idle,,20,,10,,,20,Go Home,False,False,False,False,False,False,False,False,False,False,False,False,33.8027920380556,-117.4659261431046,1578.4,2972.0,1049.4,396.9,True,1,1,False,False,False,False,,True,False,False,Course Lock,196.8,67,16.4,93,E,S,8.5,11.4,Calm,False,False,Android,7.0.2,M300 RTK,1ZN7L4R0H1D00F,1W9DL31001461C,1ZMLH8300204F0,1Z6PH74DAP0QN7,"Corona, CA",728.3,5.7,137.7,8.547347,2.013246,0,0,DJI Matrice 300 RTK,M300 RTK,1ZN7L4R0H1D00F,1W9DL31001461C,1ZMLH8300204F0,1Z6PH74DAP0QN7,DJI Pilot,Android,7.0.2,1EF72A62-B7C3-C88D-164E-CE6F8C8424AE,1ZN7L4R0H1D00F,1W9DL31001461C,,1ZMLH8300204F0,1W9DL31001461C,,,,,
2023-11-01,11:28:35.74 AM,4m 13.4s,253.4,33.8015866607979,-117.4709301999871,137.7,137.7,19.0,1402,1837.2,6.725716,6.94893,-0.447388,2.23694,-6.71082,1.342164,0,0,0.6,-0.7,0.9,-94,266,265.7,Tripod,Other,,23,5,True,,True,False,,Smart,RC,False,True,False,,,True,,False,False,False,False,False,False,False,False,False,False,0,Follow Yaw,-77.9,0,-101.7,258.3,False,False,False,False,False,,0,0,False,False,No Card,100,100,1024,1389,1024,1024,2,False,False,False,False,False,0,False,False,False,False,86,,47.352,,8636,,10044,,47.352,,True,3.953,3.953,3.953,3.953,3.953,3.953,3.953,3.953,3.953,3.953,3.953,3.953,0,,False,False,True,,,,,,,,,,,,,,,False,False,20.476,,91.4,,75.7,,91.4,,1620,58,14,17,8,144985.2,19331.36,,Idle,,20,,10,,,20,Go Home,False,False,False,False,False,False,False,False,False,False,False,False,33.8027920380556,-117.4659261431046,1579.4,2972.0,1049.4,396.9,True,1,1,False,False,False,False,,True,False,False,Course Lock,196.8,67,16.4,93,E,S,8.5,11.4,Calm,False,False,Android,7.0.2,M300 RTK,1ZN7L4R0H1D00F,1W9DL31001461C,1ZMLH8300204F0,1Z6PH74DAP0QN7,"Corona, CA",728.3,5.7,137.7,8.547347,2.013246,0,0,DJI Matrice 300 RTK,M300 RTK,1ZN7L4R0H1D00F,1W9DL31001461C,1ZMLH8300204F0,1Z6PH74DAP0QN7,DJI Pilot,Android,7.0.2,1EF72A62-B7C3-C88D-164E-CE6F8C8424AE,1ZN7L4R0H1D00F,1W9DL31001461C,,1ZMLH8300204F0,1W9DL31001461C,,,,,
2023-11-01,11:28:35.84 AM,4m 13.5s,253.5,33.8015863932478,-117.4709335926459,137.7,137.7,19.0,1402,1838.3,6.725716,6.94893,-0.447388,2.23694,-6.71082,1.342164,0,0,0.3,-0.8,0.8,-94.1,265.9,264.5,Tripod,Other,,23,5,True,,True,False,,Smart,RC,False,True,False,,,True,,False,False,False,False,False,False,False,False,False,False,0,Follow Yaw,-77.9,0,-101.7,258.3,False,False,False,False,False,,0,0,False,False,No Card,100,100,1024,1390,1024,1024,2,False,False,False,False,False,0,False,False,False,False,86,,47.352,,8636,,10044,,47.352,,True,3.953,3.953,3.953,3.953,3.953,3.953,3.953,3.953,3.953,3.953,3.953,3.953,0,,False,False,True,,,,,,,,,,,,,,,False,False,20.476,,91.4,,75.7,,91.4,,1620,58,14,17,8,144985.2,19331.36,,Idle,,20,,10,,,20,Go Home,False,False,False,False,False,False,False,False,False,False,False,False,33.8027920380556,-117.4659261431046,1580.4,2972.0,1049.4,396.9,True,1,1,False,False,False,False,,True,False,False,Course Lock,196.8,67,16.4,93,E,S,8.5,11.4,Calm,False,False,Android,7.0.2,M300 RTK,1ZN7L4R0H1D00F,1W9DL31001461C,1ZMLH8300204F0,1Z6PH74DAP0QN7,"Corona, CA",728.3,5.7,137.7,8.547347,2.013246,0,0,DJI Matrice 300 RTK,M300 RTK,1ZN7L4R0H1D00F,1W9DL31001461C,1ZMLH8300204F0,1Z6PH74DAP0QN7,DJI Pilot,Android,7.0.2,1EF72A62-B7C3-C88D-164E-CE6F8C8424AE,1ZN7L4R0H1D00F,1W9DL31001461C,,1ZMLH8300204F0,1W9DL31001461C,,,,,
2023-11-01,11:28:35.94 AM,4m 13.6s,253.6,33.8015861909404,-117.470936977058,137.7,137.7,19.0,1402,1839.3,6.725716,6.94893,-0.447388,2.23694,-6.71082,1.342164,0,0,0.1,-1.1,1.1,-94.2,265.8,265.8,Tripod,Other,,23,5,True,,True,False,,Smart,RC,False,True,False,,,True,,False,False,False,False,False,False,False,False,False,False,0,Follow Yaw,-77.9,0,-101.7,258.3,False,False,False,False,False,,0,0,False,False,No Card,100,100,1024,1388,1024,1024,2,False,False,False,False,False,0,False,False,False,False,86,,47.352,,8636,,10044,,47.352,,True,3.953,3.953,3.953,3.953,3.953,3.953,3.953,3.953,3.953,3.953,3.953,3.953,0,,False,False,True,,,,,,,,,,,,,,,False,False,20.476,,91.4,,75.7,,91.4,,1620,58,14,17,8,144985.2,19331.36,,Idle,,20,,10,,,20,Go Home,False,False,False,False,False,False,False,False,False,False,False,False,33.8027920380556,-117.4659261431046,1581.4,2972.0,1049.4,396.9,True,1,1,False,False,False,False,,True,False,False,Course Lock,196.8,67,16.4,93,E,S,8.5,11.4,Calm,False,False,Android,7.0.2,M300 RTK,1ZN7L4R0H1D00F,1W9DL31001461C,1ZMLH8300204F0,1Z6PH74DAP0QN7,"Corona, CA",728.3,5.7,137.7,8.547347,2.013246,0,0,DJI Matrice 300 RTK,M300 RTK,1ZN7L4R0H1D00F,1W9DL31001461C,1ZMLH8300204F0,1Z6PH74DAP0QN7,DJI Pilot,Android,7.0.2,1EF72A62-B7C3-C88D-164E-CE6F8C8424AE,1ZN7L4R0H1D00F,1W9DL31001461C,,1ZMLH8300204F0,1W9DL31001461C,,,,,
2023-11-01,11:28:36.04 AM,4m 13.7s,253.7,33.8015860785475,-117.4709401104432,137.7,137.7,19.0,1402,1840.2,6.725716,6.94893,-0.447388,2.23694,-6.71082,1.342164,0,0,0,-1.4,1.4,-94.3,265.7,267.5,Tripod,Other,,23,5,True,,True,False,,Smart,RC,False,True,False,,,True,,False,False,False,False,False,False,False,False,False,False,0,Follow Yaw,-77.9,0,-101.7,258.3,False,False,False,False,False,,0,0,False,False,No Card,100,100,1024,1385,1024,1024,2,False,False,False,False,False,0,False,False,False,False,86,,47.352,,8636,,10044,,47.352,,True,3.953,3.953,3.953,3.953,3.953,3.953,3.953,3.953,3.953,3.953,3.953,3.953,0,,False,False,True,,,,,,,,,,,,,,,False,False,20.476,,91.4,,75.7,,91.4,,1620,58,14,17,8,144985.2,19331.36,,Idle,,20,,10,,,20,Go Home,False,False,False,False,False,False,False,False,False,False,False,False,33.8027920380556,-117.4659261431046,1582.3,2972.0,1049.4,396.9,True,1,1,False,False,False,False,,True,False,False,Course Lock,196.8,67,16.4,93,E,S,8.5,11.4,Calm,False,False,Android,7.0.2,M300 RTK,1ZN7L4R0H1D00F,1W9DL31001461C,1ZMLH8300204F0,1Z6PH74DAP0QN7,"Corona, CA",728.3,5.7,137.7,8.547347,2.013246,0,0,DJI Matrice 300 RTK,M300 RTK,1ZN7L4R0H1D00F,1W9DL31001461C,1ZMLH8300204F0,1Z6PH74DAP0QN7,DJI Pilot,Android,7.0.2,1EF72A62-B7C3-C88D-164E-CE6F8C8424AE,1ZN7L4R0H1D00F,1W9DL31001461C,,1ZMLH8300204F0,1W9DL31001461C,,,,,
2023-11-01,11:28:36.14 AM,4m 13.8s,253.8,33.8015858680163,-117.4709436475826,137.7,137.7,18.7,1402,1841.3,6.725716,6.94893,-0.447388,2.23694,-6.71082,1.342164,0,0,0,-1.5,1.5,-94.4,265.6,265.9,Tripod,Other,,22,5,True,,True,False,,Smart,RC,False,True,False,,,True,,False,False,False,False,False,False,False,False,False,False,0,Follow Yaw,-77.9,0,-101.7,258.3,False,False,False,False,False,,0,0,False,False,No Card,100,100,1024,1383,1024,1024,2,False,False,False,False,False,0,False,False,False,False,86,,47.352,,8636,,10044,,47.352,,True,3.953,3.953,3.953,3.953,3.953,3.953,3.953,3.953,3.953,3.953,3.953,3.953,0,,False,False,True,,,,,,,,,,,,,,,False,False,20.476,,91.4,,75.7,,91.4,,1620,58,14,17,8,144985.2,19331.36,,Idle,,20,,10,,,20,Go Home,False,False,False,False,False,False,False,False,False,False,False,False,33.8027920380556,-117.4659261431046,1583.4,2972.0,1049.4,396.9,True,1,1,False,False,False,False,,True,False,False,Course Lock,196.8,67,16.4,93,E,S,8.5,11.4,Calm,False,False,Android,7.0.2,M300 RTK,1ZN7L4R0H1D00F,1W9DL31001461C,1ZMLH8300204F0,1Z6PH74DAP0QN7,"Corona, CA",728.3,5.7,137.7,8.547347,2.013246,0,0,DJI Matrice 300 RTK,M300 RTK,1ZN7L4R0H1D00F,1W9DL31001461C,1ZMLH8300204F0,1Z6PH74DAP0QN7,DJI Pilot,Android,7.0.2,1EF72A62-B7C3-C88D-164E-CE6F8C8424AE,1ZN7L4R0H1D00F,1W9DL31001461C,,1ZMLH8300204F0,1W9DL31001461C,,,,,
2023-11-01,11:28:36.24 AM,4m 13.9s,253.9,33.801585670095,-117.4709467872351,137.7,137.7,19.0,1402,1842.3,6.725716,6.94893,-0.447388,2.23694,-6.71082,1.342164,0,0,0.1,-1.5,1.5,-94.4,265.6,265.6,Tripod,Other,,22,5,True,,True,False,,Smart,RC,False,True,False,,,True,,False,False,False,False,False,False,False,False,False,False,0,Follow Yaw,-77.9,0,-101.7,258.3,False,False,False,False,False,,0,0,False,False,No Card,100,100,1024,1379,1024,1024,2,False,False,False,False,False,0,False,False,False,False,86,,47.352,,8636,,10044,,47.352,,True,3.953,3.953,3.953,3.953,3.953,3.953,3.953,3.953,3.953,3.953,3.953,3.953,0,,False,False,True,,,,,,,,,,,,,,,False,False,20.476,,91.4,,75.7,,91.4,,1620,58,14,17,8,144985.2,19331.36,,Idle,,20,,10,,,20,Go Home,False,False,False,False,False,False,False,False,False,False,False,False,33.8027920380556,-117.4659261431046,1584.3,2972.0,1049.4,396.9,True,1,1,False,False,False,False,,True,False,False,Course Lock,196.8,67,16.4,93,E,S,8.5,11.4,Calm,False,False,Android,7.0.2,M300 RTK,1ZN7L4R0H1D00F,1W9DL31001461C,1ZMLH8300204F0,1Z6PH74DAP0QN7,"Corona, CA",728.3,5.7,137.7,8.547347,2.013246,0,0,DJI Matrice 300 RTK,M300 RTK,1ZN7L4R0H1D00F,1W9DL31001461C,1ZMLH8300204F0,1Z6PH74DAP0QN7,DJI Pilot,Android,7.0.2,1EF72A62-B7C3-C88D-164E-CE6F8C8424AE,1ZN7L4R0H1D00F,1W9DL31001461C,,1ZMLH8300204F0,1W9DL31001461C,,,,,
2023-11-01,11:28:36.34 AM,4m 14.0s,254.0,33.8015854475021,-117.4709501426192,137.7,137.7,19.0,1402,1843.3,6.725716,6.94893,-0.447388,2.23694,-6.71082,1.342164,0,0,0.4,-1.2,1.2,-94.3,265.7,265.4,Tripod,Other,,22,5,True,,True,False,,Smart,RC,False,True,False,,,True,,False,False,False,False,False,False,False,False,False,False,0,Follow Yaw,-77.9,0,-101.7,258.3,False,False,False,False,False,,0,0,False,False,No Card,100,100,1024,1372,1024,1024,2,False,False,False,False,False,0,False,False,False,False,86,,47.316,,8636,,10044,,47.316,,True,3.953,3.953,3.953,3.953,3.953,3.953,3.953,3.953,3.953,3.953,3.953,3.953,0,,False,False,True,,,,,,,,,,,,,,,False,False,19.43,,91.4,,75.7,,91.4,,1620,58,14,17,8,144985.2,19331.36,,Idle,,20,,10,,,20,Go Home,False,False,False,False,False,False,False,False,False,False,False,False,33.8027920380556,-117.4659261431046,1585.3,2972.0,1049.4,396.9,True,1,1,False,False,False,False,,True,False,False,Course Lock,196.8,67,16.4,93,E,S,8.5,11.4,Calm,False,False,Android,7.0.2,M300 RTK,1ZN7L4R0H1D00F,1W9DL31001461C,1ZMLH8300204F0,1Z6PH74DAP0QN7,"Corona, CA",728.3,5.7,137.7,8.547347,2.013246,0,0,DJI Matrice 300 RTK,M300 RTK,1ZN7L4R0H1D00F,1W9DL31001461C,1ZMLH8300204F0,1Z6PH74DAP0QN7,DJI Pilot,Android,7.0.2,1EF72A62-B7C3-C88D-164E-CE6F8C8424AE,1ZN7L4R0H1D00F,1W9DL31001461C,,1ZMLH8300204F0,1W9DL31001461C,,,,,
2023-11-01,11:28:36.44 AM,4m 14.1s,254.1,33.8015853340126,-117.470953849639,137.7,137.7,19.0,1402,1844.4,6.725716,6.94893,-0.447388,2.23694,-6.71082,1.342164,0,0,0.7,-1.1,1.3,-94.2,265.8,267.8,Tripod,Other,,22,5,True,,True,False,,Smart,RC,False,True,False,,,True,,False,False,False,False,False,False,False,False,False,False,0,Follow Yaw,-77.9,0,-101.7,258.3,False,False,False,False,False,,0,0,False,False,No Card,100,100,1024,1372,1024,1024,2,False,False,False,False,False,0,False,False,False,False,86,,47.316,,8636,,10044,,47.316,,True,3.953,3.953,3.953,3.953,3.953,3.953,3.953,3.953,3.953,3.953,3.953,3.953,0,,False,False,True,,,,,,,,,,,,,,,False,False,19.43,,91.4,,75.7,,91.4,,1620,58,14,17,8,144985.2,19331.36,,Idle,,20,,10,,,20,Go Home,False,False,False,False,False,False,False,False,False,False,False,False,33.8027920380556,-117.4659261431046,1586.4,2972.0,1049.4,396.9,True,1,1,False,False,False,False,,True,False,False,Course Lock,196.8,67,16.4,93,E,S,8.5,11.4,Calm,False,False,Android,7.0.2,M300 RTK,1ZN7L4R0H1D00F,1W9DL31001461C,1ZMLH8300204F0,1Z6PH74DAP0QN7,"Corona, CA",728.3,5.7,137.7,8.547347,2.013246,0,0,DJI Matrice 300 RTK,M300 RTK,1ZN7L4R0H1D00F,1W9DL31001461C,1ZMLH8300204F0,1Z6PH74DAP0QN7,DJI Pilot,Android,7.0.2,1EF72A62-B7C3-C88D-164E-CE6F8C8424AE,1ZN7L4R0H1D00F,1W9DL31001461C,,1ZMLH8300204F0,1W9DL31001461C,,,,,
2023-11-01,11:28:36.54 AM,4m 14.2s,254.2,33.8015851147093,-117.4709572083216,137.7,137.7,19.0,1402,1845.4,6.725716,6.94893,-0.447388,2.23694,-6.71082,1.342164,0,0,0.7,-1.1,1.3,-94,266,265.5,Tripod,Other,,22,5,True,,True,False,,Smart,RC,False,True,False,,,True,,False,False,False,False,False,False,False,False,False,False,0,Follow Yaw,-77.9,0,-101.7,258.3,False,False,False,False,False,,0,0,False,False,No Card,100,100,1024,1371,1024,1024,2,False,False,False,False,False,0,False,False,False,False,86,,47.316,,8636,,10044,,47.316,,True,3.953,3.953,3.953,3.953,3.953,3.953,3.953,3.953,3.953,3.953,3.953,3.953,0,,False,False,True,,,,,,,,,,,,,,,False,False,19.43,,91.4,,75.7,,91.4,,1620,58,14,17,8,144985.2,19331.36,,Idle,,20,,10,,,20,Go Home,False,False,False,False,False,False,False,False,False,False,False,False,33.8027920380556,-117.4659261431046,1587.4,2972.0,1049.4,396.9,True,1,1,False,False,False,False,,True,False,False,Course Lock,196.8,67,16.4,93,E,S,8.27,11.4,Calm,False,False,Android,7.0.2,M300 RTK,1ZN7L4R0H1D00F,1W9DL31001461C,1ZMLH8300204F0,1Z6PH74DAP0QN7,"Corona, CA",728.3,5.7,137.7,8.547347,2.013246,0,0,DJI Matrice 300 RTK,M300 RTK,1ZN7L4R0H1D00F,1W9DL31001461C,1ZMLH8300204F0,1Z6PH74DAP0QN7,DJI Pilot,Android,7.0.2,1EF72A62-B7C3-C88D-164E-CE6F8C8424AE,1ZN7L4R0H1D00F,1W9DL31001461C,,1ZMLH8300204F0,1W9DL31001461C,,,,,
2023-11-01,11:28:36.64 AM,4m 14.3s,254.3,33.8015848778617,-117.4709605613966,137.7,137.7,18.7,1402,1846.5,6.725716,6.94893,-0.447388,2.23694,-6.71082,1.342164,0,0,0.7,-1,1.2,-93.9,266.1,265.1,Tripod,Other,,22,5,True,,True,False,,Smart,RC,False,True,False,,,True,,False,False,False,False,False,False,False,False,False,False,0,Follow Yaw,-77.9,0,-101.7,258.3,False,False,False,False,False,,0,0,False,False,No Card,100,100,1024,1369,1024,1024,2,False,False,False,False,False,0,False,False,False,False,86,,47.316,,8636,,10044,,47.316,,True,3.944,3.944,3.944,3.944,3.944,3.944,3.944,3.944,3.944,3.944,3.944,3.944,0,,False,False,True,,,,,,,,,,,,,,,False,False,19.43,,91.4,,75.7,,91.4,,1618,58,14,17,8,145484.6,19397.95,,Idle,,20,,10,,,20,Go Home,False,False,False,False,False,False,False,False,False,False,False,False,33.8027920380556,-117.4659261431046,1588.4,2972.0,1049.4,396.9,True,1,1,False,False,False,False,,True,False,False,Course Lock,196.8,67,16.4,93,E,S,8.27,11.4,Calm,False,False,Android,7.0.2,M300 RTK,1ZN7L4R0H1D00F,1W9DL31001461C,1ZMLH8300204F0,1Z6PH74DAP0QN7,"Corona, CA",728.3,5.7,137.7,8.547347,2.013246,0,0,DJI Matrice 300 RTK,M300 RTK,1ZN7L4R0H1D00F,1W9DL31001461C,1ZMLH8300204F0,1Z6PH74DAP0QN7,DJI Pilot,Android,7.0.2,1EF72A62-B7C3-C88D-164E-CE6F8C8424AE,1ZN7L4R0H1D00F,1W9DL31001461C,,1ZMLH8300204F0,1W9DL31001461C,,,,,
2023-11-01,11:28:36.73 AM,4m 14.4s,254.4,33.8015846585583,-117.4709638798357,137.7,137.7,19.0,1402,1847.5,6.725716,6.94893,-0.447388,2.23694,-6.71082,1.342164,0,0,0.6,-0.8,1,-93.8,266.2,265.4,Tripod,Other,,22,5,True,,True,False,,Smart,RC,False,True,False,,,True,,False,False,False,False,False,False,False,False,False,False,0,Follow Yaw,-77.9,0,-101.7,258.3,False,False,False,False,False,,0,0,False,False,No Card,100,100,1024,1369,1024,1024,2,False,False,False,False,False,0,False,False,False,False,86,,47.316,,8636,,10044,,47.316,,True,3.944,3.944,3.944,3.944,3.944,3.944,3.944,3.944,3.944,3.944,3.944,3.944,0,,False,False,True,,,,,,,,,,,,,,,False,False,19.43,,91.4,,75.7,,91.4,,1618,58,14,17,8,145484.6,19397.95,,Idle,,20,,10,,,20,Go Home,False,False,False,False,False,False,False,False,False,False,False,False,33.8027920380556,-117.4659261431046,1589.4,2972.0,1049.4,396.9,True,1,1,False,False,False,False,,True,False,False,Course Lock,196.8,67,16.4,93,E,S,8.27,11.4,Calm,False,False,Android,7.0.2,M300 RTK,1ZN7L4R0H1D00F,1W9DL31001461C,1ZMLH8300204F0,1Z6PH74DAP0QN7,"Corona, CA",728.3,5.7,137.7,8.547347,2.013246,0,0,DJI Matrice 300 RTK,M300 RTK,1ZN7L4R0H1D00F,1W9DL31001461C,1ZMLH8300204F0,1Z6PH74DAP0QN7,DJI Pilot,Android,7.0.2,1EF72A62-B7C3-C88D-164E-CE6F8C8424AE,1ZN7L4R0H1D00F,1W9DL31001461C,,1ZMLH8300204F0,1W9DL31001461C,,,,,
2023-11-01,11:28:36.83 AM,4m 14.5s,254.5,33.8015844853087,-117.4709670993155,137.7,137.7,18.7,1402,1848.4,6.502534,6.94893,-0.447388,2.23694,-6.487126,1.342164,0,0,0.6,-0.7,0.9,-93.7,266.3,266.2,Tripod,Other,,22,5,True,,True,False,,Smart,RC,False,True,False,,,True,,False,False,False,False,False,False,False,False,False,False,0,Follow Yaw,-77.9,0,-101.7,258.3,False,False,False,False,False,,0,0,False,False,No Card,100,100,1024,1369,961,1024,2,False,False,False,False,False,0,False,False,False,False,86,,47.316,,8636,,10044,,47.316,,True,3.944,3.944,3.944,3.944,3.944,3.944,3.944,3.944,3.944,3.944,3.944,3.944,0,,False,False,True,,,,,,,,,,,,,,,False,False,19.43,,91.4,,75.7,,91.4,,1618,58,14,17,8,145484.6,19397.95,,Idle,,20,,10,,,20,Go Home,False,False,False,False,False,False,False,False,False,False,False,False,33.8027920380556,-117.4659261431046,1590.3,2972.0,1049.4,396.9,True,1,1,False,False,False,False,,True,False,False,Course Lock,196.8,67,16.4,93,E,S,8.27,11.4,Calm,False,False,Android,7.0.2,M300 RTK,1ZN7L4R0H1D00F,1W9DL31001461C,1ZMLH8300204F0,1Z6PH74DAP0QN7,"Corona, CA",728.3,5.7,137.7,8.547347,2.013246,0,0,DJI Matrice 300 RTK,M300 RTK,1ZN7L4R0H1D00F,1W9DL31001461C,1ZMLH8300204F0,1Z6PH74DAP0QN7,DJI Pilot,Android,7.0.2,1EF72A62-B7C3-C88D-164E-CE6F8C8424AE,1ZN7L4R0H1D00F,1W9DL31001461C,,1ZMLH8300204F0,1W9DL31001461C,,,,,
2023-11-01,11:28:36.93 AM,4m 14.6s,254.6,33.8015842769705,-117.4709703722333,137.7,137.7,18.7,1402,1849.4,6.502534,6.94893,-0.447388,2.23694,-6.487126,1.342164,0,0,0.4,-0.6,0.7,-93.7,266.3,265.6,Tripod,Other,,22,5,True,,True,False,,Smart,RC,False,True,False,,,True,,False,False,False,False,False,False,False,False,False,False,0,Follow Yaw,-77.9,0,-101.7,258.3,False,False,False,False,False,,0,0,False,False,No Card,100,100,1024,1363,922,1024,2,False,False,False,False,False,0,False,False,False,False,86,,47.316,,8636,,10044,,47.316,,True,3.944,3.944,3.944,3.944,3.944,3.944,3.944,3.944,3.944,3.944,3.944,3.944,0,,False,False,True,,,,,,,,,,,,,,,False,False,19.43,,91.4,,75.7,,91.4,,1618,58,14,17,8,145484.6,19397.95,,Idle,,20,,10,,,20,Go Home,False,False,False,False,False,False,False,False,False,False,False,False,33.8027920380556,-117.4659261431046,1591.3,2972.0,1049.4,396.9,True,1,1,False,False,False,False,,True,False,False,Course Lock,196.8,67,16.4,93,E,S,8.27,11.4,Calm,False,False,Android,7.0.2,M300 RTK,1ZN7L4R0H1D00F,1W9DL31001461C,1ZMLH8300204F0,1Z6PH74DAP0QN7,"Corona, CA",728.3,5.7,137.7,8.547347,2.013246,0,0,DJI Matrice 300 RTK,M300 RTK,1ZN7L4R0H1D00F,1W9DL31001461C,1ZMLH8300204F0,1Z6PH74DAP0QN7,DJI Pilot,Android,7.0.2,1EF72A62-B7C3-C88D-164E-CE6F8C8424AE,1ZN7L4R0H1D00F,1W9DL31001461C,,1ZMLH8300204F0,1W9DL31001461C,,,,,
2023-11-01,11:28:37.03 AM,4m 14.7s,254.7,33.8015841678671,-117.4709732460148,137.7,137.7,19.0,1402,1850.3,6.502534,6.94893,-0.447388,2.23694,-6.487126,1.342164,0,0,0.1,-0.5,0.5,-93.7,266.3,267.3,Tripod,Other,,22,5,True,,True,False,,Smart,RC,False,True,False,,,True,,False,False,False,False,False,False,False,False,False,False,0,Follow Yaw,-77.9,0,-101.7,258.3,False,False,False,False,False,,0,0,False,False,No Card,100,100,1024,1366,1004,1024,2,False,False,False,False,False,0,False,False,False,False,86,,47.268,,4287,,4986,,47.268,,True,3.944,3.944,3.944,3.944,3.944,3.944,3.944,3.944,3.944,3.944,3.944,3.944,0,,False,False,True,,,,,,,,,,,,,,,False,False,9.574,,91.2,,75.7,,91.4,,1618,58,14,17,8,145484.6,19397.95,,Idle,,20,,10,,,20,Go Home,False,False,False,False,False,False,False,False,False,False,False,False,33.8027920380556,-117.4659261431046,1592.1,2972.0,1049.4,396.9,True,1,1,False,False,False,False,,True,False,False,Course Lock,196.8,67,16.4,93,E,S,8.27,11.4,Calm,False,False,Android,7.0.2,M300 RTK,1ZN7L4R0H1D00F,1W9DL31001461C,1ZMLH8300204F0,1Z6PH74DAP0QN7,"Corona, CA",728.3,5.7,137.7,8.547347,2.013246,0,0,DJI Matrice 300 RTK,M300 RTK,1ZN7L4R0H1D00F,1W9DL31001461C,1ZMLH8300204F0,1Z6PH74DAP0QN7,DJI Pilot,Android,7.0.2,1EF72A62-B7C3-C88D-164E-CE6F8C8424AE,1ZN7L4R0H1D00F,1W9DL31001461C,,1ZMLH8300204F0,1W9DL31001461C,,,,,
2023-11-01,11:28:37.14 AM,4m 14.8s,254.8,33.8015839693976,-117.4709764483416,137.7,137.7,19.0,1402,1851.3,6.502534,6.94893,-0.447388,2.23694,-6.487126,1.342164,0,0,0,-0.4,0.4,-93.8,266.2,265.7,Tripod,Other,,22,5,True,,True,False,,Smart,RC,False,True,False,,,True,,False,False,False,False,False,False,False,False,False,False,0,Follow Yaw,-77.9,0,-101.7,258.3,False,False,False,False,False,,0,0,False,False,No Card,100,100,1024,1369,1024,1024,2,False,False,False,False,False,0,False,False,False,False,86,,47.268,,4287,,4986,,47.268,,True,3.944,3.944,3.944,3.944,3.944,3.944,3.944,3.944,3.944,3.944,3.944,3.944,0,,False,False,True,,,,,,,,,,,,,,,False,False,9.574,,91.2,,75.7,,91.4,,1618,58,14,17,8,145484.6,19397.95,,Idle,,20,,10,,,20,Go Home,False,False,False,False,False,False,False,False,False,False,False,False,33.8027920380556,-117.4659261431046,1593.1,2972.0,1049.4,396.9,True,1,1,False,False,False,False,,True,False,False,Course Lock,196.8,67,16.4,93,E,S,8.27,11.4,Calm,False,False,Android,7.0.2,M300 RTK,1ZN7L4R0H1D00F,1W9DL31001461C,1ZMLH8300204F0,1Z6PH74DAP0QN7,"Corona, CA",728.3,5.7,137.7,8.547347,2.013246,0,0,DJI Matrice 300 RTK,M300 RTK,1ZN7L4R0H1D00F,1W9DL31001461C,1ZMLH8300204F0,1Z6PH74DAP0QN7,DJI Pilot,Android,7.0.2,1EF72A62-B7C3-C88D-164E-CE6F8C8424AE,1ZN7L4R0H1D00F,1W9DL31001461C,,1ZMLH8300204F0,1W9DL31001461C,,,,,
2023-11-01,11:28:37.24 AM,4m 14.9s,254.9,33.8015836705968,-117.4709793241022,137.7,137.7,19.0,1402,1852.2,6.502534,6.94893,-0.447388,2.23694,-6.487126,1.342164,0,0,0,-0.4,0.4,-93.7,266.3,262.8,Tripod,Other,,22,5,True,,True,False,,Smart,RC,False,True,False,,,True,,False,False,False,False,False,False,False,False,False,False,0,Follow Yaw,-77.9,0,-101.7,258.3,False,False,False,False,False,,0,0,False,False,No Card,100,100,1024,1366,1024,1024,2,False,False,False,False,False,0,False,False,False,False,86,,47.268,,4287,,4986,,47.268,,True,3.944,3.944,3.944,3.944,3.944,3.944,3.944,3.944,3.944,3.944,3.944,3.944,0,,False,False,True,,,,,,,,,,,,,,,False,False,9.574,,91.2,,75.7,,91.4,,1618,58,14,17,8,145484.6,19397.95,,Idle,,20,,10,,,20,Go Home,False,False,False,False,False,False,False,False,False,False,False,False,33.8027920380556,-117.4659261431046,1594.0,2972.0,1049.4,396.9,True,1,1,False,False,False,False,,True,False,False,Course Lock,196.8,67,16.4,93,E,S,8.27,11.4,Calm,False,False,Android,7.0.2,M300 RTK,1ZN7L4R0H1D00F,1W9DL31001461C,1ZMLH8300204F0,1Z6PH74DAP0QN7,"Corona, CA",728.3,5.7,137.7,8.547347,2.013246,0,0,DJI Matrice 300 RTK,M300 RTK,1ZN7L4R0H1D00F,1W9DL31001461C,1ZMLH8300204F0,1Z6PH74DAP0QN7,DJI Pilot,Android,7.0.2,1EF72A62-B7C3-C88D-164E-CE6F8C8424AE,1ZN7L4R0H1D00F,1W9DL31001461C,,1ZMLH8300204F0,1W9DL31001461C,,,,,
2023-11-01,11:28:37.34 AM,4m 15.0s,255.0,33.8015834666447,-117.4709824663936,137.7,137.7,18.7,1402,1853.1,6.502534,6.94893,-0.447388,2.23694,-6.487126,1.342164,0,0,-0.3,-0.6,0.6,-93.7,266.3,265.5,Tripod,Other,,22,5,True,,True,False,,Smart,RC,False,True,False,,,True,,False,False,False,False,False,False,False,False,False,False,0,Follow Yaw,-77.9,0,-101.7,258.3,False,False,False,False,False,,0,0,False,False,No Card,100,100,1024,1364,1024,1024,2,False,False,False,False,False,0,False,False,False,False,86,,47.364,,8636,,10044,,47.364,,True,3.944,3.944,3.944,3.944,3.944,3.944,3.944,3.944,3.944,3.944,3.944,3.944,0,,False,False,True,,,,,,,,,,,,,,,False,False,19.362,,91.4,,75.7,,91.4,,1618,58,14,17,8,145484.6,19397.95,,Idle,,20,,10,,,20,Go Home,False,False,False,False,False,False,False,False,False,False,False,False,33.8027920380556,-117.4659261431046,1594.9,2972.0,1049.4,396.9,True,1,1,False,False,False,False,,True,False,False,Course Lock,196.8,67,16.4,93,E,S,8.27,11.4,Calm,False,False,Android,7.0.2,M300 RTK,1ZN7L4R0H1D00F,1W9DL31001461C,1ZMLH8300204F0,1Z6PH74DAP0QN7,"Corona, CA",728.3,5.7,137.7,8.547347,2.013246,0,0,DJI Matrice 300 RTK,M300 RTK,1ZN7L4R0H1D00F,1W9DL31001461C,1ZMLH8300204F0,1Z6PH74DAP0QN7,DJI Pilot,Android,7.0.2,1EF72A62-B7C3-C88D-164E-CE6F8C8424AE,1ZN7L4R0H1D00F,1W9DL31001461C,,1ZMLH8300204F0,1W9DL31001461C,,,,,
2023-11-01,11:28:37.45 AM,4m 15.1s,255.1,33.801583115211,-117.470985979453,137.7,137.7,18.7,1402,1854.2,6.502534,6.94893,-0.447388,2.23694,-6.487126,1.342164,0,0,-0.6,-0.5,0.7,-93.5,266.5,263.1,Tripod,Other,,22,5,True,,True,False,,Smart,RC,False,True,False,,,True,,False,False,False,False,False,False,False,False,False,False,0,Follow Yaw,-77.9,0,-101.7,258.3,False,False,False,False,False,,0,0,False,False,No Card,100,100,1024,1366,1024,1024,2,False,False,False,False,False,0,False,False,False,False,86,,47.364,,8636,,10044,,47.364,,True,3.944,3.944,3.944,3.944,3.944,3.944,3.944,3.944,3.944,3.944,3.944,3.944,0,,False,False,True,,,,,,,,,,,,,,,False,False,19.362,,91.4,,75.7,,91.4,,1618,58,14,17,8,145484.6,19397.95,,Idle,,20,,10,,,20,Go Home,False,False,False,False,False,False,False,False,False,False,False,False,33.8027920380556,-117.4659261431046,1596.0,2972.0,1049.4,396.9,True,1,1,False,False,False,False,,True,False,False,Course Lock,196.8,67,16.4,93,E,S,8.27,11.4,Calm,False,False,Android,7.0.2,M300 RTK,1ZN7L4R0H1D00F,1W9DL31001461C,1ZMLH8300204F0,1Z6PH74DAP0QN7,"Corona, CA",728.3,5.7,137.7,8.547347,2.013246,0,0,DJI Matrice 300 RTK,M300 RTK,1ZN7L4R0H1D00F,1W9DL31001461C,1ZMLH8300204F0,1Z6PH74DAP0QN7,DJI Pilot,Android,7.0.2,1EF72A62-B7C3-C88D-164E-CE6F8C8424AE,1ZN7L4R0H1D00F,1W9DL31001461C,,1ZMLH8300204F0,1W9DL31001461C,,,,,
2023-11-01,11:28:37.55 AM,4m 15.2s,255.2,33.8015828991972,-117.4709891237236,137.7,137.7,18.7,1402,1855.2,6.279389,6.94893,-0.447388,2.23694,-6.263432,1.342164,0,0,-0.8,-0.2,0.8,-93.3,266.7,265.2,Tripod,Other,,22,5,True,,True,False,,Smart,RC,False,True,False,,,True,,False,False,False,False,False,False,False,False,False,False,0,Follow Yaw,-77.9,0,-101.7,258.3,False,False,False,False,False,,0,0,False,False,No Card,100,100,1024,1364,1024,1024,2,False,False,False,False,False,0,False,False,False,False,86,,47.364,,8636,,10044,,47.364,,True,3.944,3.944,3.944,3.944,3.944,3.944,3.944,3.944,3.944,3.944,3.944,3.944,0,,False,False,True,,,,,,,,,,,,,,,False,False,19.362,,91.4,,75.7,,91.4,,1618,58,14,17,8,145484.6,19397.95,,Idle,,20,,10,,,20,Go Home,False,False,False,False,False,False,False,False,False,False,False,False,33.8027920380556,-117.4659261431046,1596.9,2972.0,1049.4,396.9,True,1,1,False,False,False,False,,True,False,False,Course Lock,196.8,67,16.4,93,E,S,8.27,11.4,Calm,False,False,Android,7.0.2,M300 RTK,1ZN7L4R0H1D00F,1W9DL31001461C,1ZMLH8300204F0,1Z6PH74DAP0QN7,"Corona, CA",728.3,5.7,137.7,8.547347,2.013246,0,0,DJI Matrice 300 RTK,M300 RTK,1ZN7L4R0H1D00F,1W9DL31001461C,1ZMLH8300204F0,1Z6PH74DAP0QN7,DJI Pilot,Android,7.0.2,1EF72A62-B7C3-C88D-164E-CE6F8C8424AE,1ZN7L4R0H1D00F,1W9DL31001461C,,1ZMLH8300204F0,1W9DL31001461C,,,,,
2023-11-01,11:28:37.65 AM,4m 15.3s,255.3,33.8015829353823,-117.4709921663959,137.7,137.7,18.7,1402,1856.1,6.279389,6.94893,-0.447388,2.23694,-6.263432,1.342164,0,0,-1,-0.1,1,-93.1,266.9,270.8,Tripod,Other,,22,5,True,,True,False,,Smart,RC,False,True,False,,,True,,False,False,False,False,False,False,False,False,False,False,0,Follow Yaw,-77.9,0,-101.7,258.3,False,False,False,False,False,,0,0,False,False,No Card,100,100,1024,1363,1024,1024,2,False,False,False,False,False,0,False,False,False,False,86,,47.364,,8636,,10044,,47.364,,True,3.946,3.946,3.946,3.946,3.946,3.946,3.946,3.946,3.946,3.946,3.946,3.946,0,,False,False,True,,,,,,,,,,,,,,,False,False,19.362,,91.4,,75.7,,91.4,,1616,58,14,17,8,145971.5,19462.87,,Idle,,20,,10,,,20,Go Home,False,False,False,False,False,False,False,False,False,False,False,False,33.8027920380556,-117.4659261431046,1597.8,2972.0,1049.4,396.9,True,1,1,False,False,False,False,,True,False,False,Course Lock,196.8,67,16.4,93,E,S,8.27,11.4,Calm,False,False,Android,7.0.2,M300 RTK,1ZN7L4R0H1D00F,1W9DL31001461C,1ZMLH8300204F0,1Z6PH74DAP0QN7,"Corona, CA",728.3,5.7,137.7,8.547347,2.013246,0,0,DJI Matrice 300 RTK,M300 RTK,1ZN7L4R0H1D00F,1W9DL31001461C,1ZMLH8300204F0,1Z6PH74DAP0QN7,DJI Pilot,Android,7.0.2,1EF72A62-B7C3-C88D-164E-CE6F8C8424AE,1ZN7L4R0H1D00F,1W9DL31001461C,,1ZMLH8300204F0,1W9DL31001461C,,,,,
2023-11-01,11:28:37.76 AM,4m 15.4s,255.4,33.8015827829665,-117.4709952941853,137.7,137.7,18.7,1402,1857.0,6.267425,6.94893,-0.223694,2.23694,-6.263432,1.342164,0,0,-0.9,-0.2,0.9,-92.9,267.1,266.6,Tripod,Other,,22,5,True,,True,False,,Smart,RC,False,True,False,,,True,,False,False,False,False,False,False,False,False,False,False,0,Follow Yaw,-77.9,0,-101.7,258.3,False,False,False,False,False,,0,0,False,False,No Card,100,100,1024,1362,1024,1024,2,False,False,False,False,False,0,False,False,False,False,86,,47.364,,8636,,10044,,47.364,,True,3.946,3.946,3.946,3.946,3.946,3.946,3.946,3.946,3.946,3.946,3.946,3.946,0,,False,False,True,,,,,,,,,,,,,,,False,False,19.362,,91.4,,75.7,,91.4,,1616,58,14,17,8,145971.5,19462.87,,Idle,,20,,10,,,20,Go Home,False,False,False,False,False,False,False,False,False,False,False,False,33.8027920380556,-117.4659261431046,1598.7,2972.0,1049.4,396.9,True,1,1,False,False,False,False,,True,False,False,Course Lock,196.8,67,16.4,93,E,S,8.27,11.4,Calm,False,False,Android,7.0.2,M300 RTK,1ZN7L4R0H1D00F,1W9DL31001461C,1ZMLH8300204F0,1Z6PH74DAP0QN7,"Corona, CA",728.3,5.7,137.7,8.547347,2.013246,0,0,DJI Matrice 300 RTK,M300 RTK,1ZN7L4R0H1D00F,1W9DL31001461C,1ZMLH8300204F0,1Z6PH74DAP0QN7,DJI Pilot,Android,7.0.2,1EF72A62-B7C3-C88D-164E-CE6F8C8424AE,1ZN7L4R0H1D00F,1W9DL31001461C,,1ZMLH8300204F0,1W9DL31001461C,,,,,
2023-11-01,11:28:37.86 AM,4m 15.5s,255.5,33.8015825033547,-117.4709988237259,137.7,137.7,18.7,1402,1858.1,6.490981,6.94893,-0.223694,2.23694,-6.487126,1.342164,0,0,-0.9,-0.4,0.9,-92.9,267.1,264.5,Tripod,Other,,22,5,True,,True,False,,Smart,RC,False,True,False,,,True,,False,False,False,False,False,False,False,False,False,False,0,Follow Yaw,-77.9,0,-101.7,258.3,False,False,False,False,False,,0,0,False,False,No Card,100,100,1024,1362,1024,1024,2,False,False,False,False,False,0,False,False,False,False,86,,47.364,,8636,,10044,,47.364,,True,3.946,3.946,3.946,3.946,3.946,3.946,3.946,3.946,3.946,3.946,3.946,3.946,0,,False,False,True,,,,,,,,,,,,,,,False,False,19.362,,91.4,,75.7,,91.4,,1616,58,14,17,8,145971.5,19462.87,,Idle,,20,,10,,,20,Go Home,False,False,False,False,False,False,False,False,False,False,False,False,33.8027920380556,-117.4659261431046,1599.8,2972.0,1049.4,396.9,True,1,1,False,False,False,False,,True,False,False,Course Lock,196.8,67,16.4,93,E,S,8.27,11.4,Calm,False,False,Android,7.0.2,M300 RTK,1ZN7L4R0H1D00F,1W9DL31001461C,1ZMLH8300204F0,1Z6PH74DAP0QN7,"Corona, CA",728.3,5.7,137.7,8.547347,2.013246,0,0,DJI Matrice 300 RTK,M300 RTK,1ZN7L4R0H1D00F,1W9DL31001461C,1ZMLH8300204F0,1Z6PH74DAP0QN7,DJI Pilot,Android,7.0.2,1EF72A62-B7C3-C88D-164E-CE6F8C8424AE,1ZN7L4R0H1D00F,1W9DL31001461C,,1ZMLH8300204F0,1W9DL31001461C,,,,,
2023-11-01,11:28:37.96 AM,4m 15.6s,255.6,33.8015823909617,-117.4710019891079,137.7,137.7,18.7,1402,1859.1,6.490981,6.94893,-0.223694,2.23694,-6.487126,1.342164,0,0,-0.8,-1,1.2,-93,267,267.5,Tripod,Other,,22,5,True,,True,False,,Smart,RC,False,True,False,,,True,,False,False,False,False,False,False,False,False,False,False,0,Follow Yaw,-77.9,0,-101.7,258.3,False,False,False,False,False,,0,0,False,False,No Card,100,100,1024,1362,1024,1024,2,False,False,False,False,False,0,False,False,False,False,86,,47.364,,8636,,10044,,47.364,,True,3.946,3.946,3.946,3.946,3.946,3.946,3.946,3.946,3.946,3.946,3.946,3.946,0,,False,False,True,,,,,,,,,,,,,,,False,False,19.362,,91.4,,75.7,,91.4,,1616,58,14,17,8,145971.5,19462.87,,Idle,,20,,10,,,20,Go Home,False,False,False,False,False,False,False,False,False,False,False,False,33.8027920380556,-117.4659261431046,1600.7,2972.0,1049.4,396.9,True,1,1,False,False,False,False,,True,False,False,Course Lock,196.8,67,16.4,93,E,S,8.27,11.4,Calm,False,False,Android,7.0.2,M300 RTK,1ZN7L4R0H1D00F,1W9DL31001461C,1ZMLH8300204F0,1Z6PH74DAP0QN7,"Corona, CA",728.3,5.7,137.7,8.547347,2.013246,0,0,DJI Matrice 300 RTK,M300 RTK,1ZN7L4R0H1D00F,1W9DL31001461C,1ZMLH8300204F0,1Z6PH74DAP0QN7,DJI Pilot,Android,7.0.2,1EF72A62-B7C3-C88D-164E-CE6F8C8424AE,1ZN7L4R0H1D00F,1W9DL31001461C,,1ZMLH8300204F0,1W9DL31001461C,,,,,
2023-11-01,11:28:38.06 AM,4m 15.7s,255.7,33.8015824989686,-117.471004907751,137.7,137.7,18.7,1402,1859.9,6.487126,6.94893,0,2.23694,-6.487126,1.342164,0,0,-0.8,-1.6,1.7,-93.2,266.8,272.5,Tripod,Other,,22,5,True,,True,False,,Smart,RC,False,True,False,,,True,,False,False,False,False,False,False,False,False,False,False,0,Follow Yaw,-77.9,0,-101.7,258.3,False,False,False,False,False,,0,0,False,False,No Card,100,100,1024,1358,1024,1024,2,False,False,False,False,False,0,False,False,False,False,86,,47.364,,8636,,10044,,47.364,,True,3.946,3.946,3.946,3.946,3.946,3.946,3.946,3.946,3.946,3.946,3.946,3.946,0,,False,False,True,,,,,,,,,,,,,,,False,False,19.362,,91.4,,75.7,,91.4,,1616,58,14,17,8,145971.5,19462.87,,Idle,,20,,10,,,20,Go Home,False,False,False,False,False,False,False,False,False,False,False,False,33.8027920380556,-117.4659261431046,1601.5,2972.0,1049.4,396.9,True,1,1,False,False,False,False,,True,False,False,Course Lock,196.8,67,16.4,93,E,S,8.05,11.4,Calm,False,False,Android,7.0.2,M300 RTK,1ZN7L4R0H1D00F,1W9DL31001461C,1ZMLH8300204F0,1Z6PH74DAP0QN7,"Corona, CA",728.3,5.7,137.7,8.547347,2.013246,0,0,DJI Matrice 300 RTK,M300 RTK,1ZN7L4R0H1D00F,1W9DL31001461C,1ZMLH8300204F0,1Z6PH74DAP0QN7,DJI Pilot,Android,7.0.2,1EF72A62-B7C3-C88D-164E-CE6F8C8424AE,1ZN7L4R0H1D00F,1W9DL31001461C,,1ZMLH8300204F0,1W9DL31001461C,,,,,
2023-11-01,11:28:38.16 AM,4m 15.8s,255.8,33.8015824222125,-117.4710080605981,137.7,137.7,18.7,1402,1860.9,6.487126,6.94893,0,2.23694,-6.487126,1.342164,0,0,-0.8,-2.1,2.2,-93.4,266.6,268.3,Tripod,Other,,22,5,True,,True,False,,Smart,RC,False,True,False,,,True,,False,False,False,False,False,False,False,False,False,False,0,Follow Yaw,-77.9,0,-101.7,258.3,False,False,False,False,False,,0,0,False,False,No Card,100,100,1024,1358,1024,1024,2,False,False,False,False,False,0,False,False,False,False,86,,47.364,,8636,,10044,,47.364,,True,3.946,3.946,3.946,3.946,3.946,3.946,3.946,3.946,3.946,3.946,3.946,3.946,0,,False,False,True,,,,,,,,,,,,,,,False,False,19.362,,91.4,,75.7,,91.4,,1616,58,14,17,8,145971.5,19462.87,,Idle,,20,,10,,,20,Go Home,False,False,False,False,False,False,False,False,False,False,False,False,33.8027920380556,-117.4659261431046,1602.5,2972.0,1049.4,396.9,True,1,1,False,False,False,False,,True,False,False,Course Lock,196.8,67,16.4,93,E,S,8.05,11.4,Calm,False,False,Android,7.0.2,M300 RTK,1ZN7L4R0H1D00F,1W9DL31001461C,1ZMLH8300204F0,1Z6PH74DAP0QN7,"Corona, CA",728.3,5.7,137.7,8.547347,2.013246,0,0,DJI Matrice 300 RTK,M300 RTK,1ZN7L4R0H1D00F,1W9DL31001461C,1ZMLH8300204F0,1Z6PH74DAP0QN7,DJI Pilot,Android,7.0.2,1EF72A62-B7C3-C88D-164E-CE6F8C8424AE,1ZN7L4R0H1D00F,1W9DL31001461C,,1ZMLH8300204F0,1W9DL31001461C,,,,,
2023-11-01,11:28:38.27 AM,4m 15.9s,255.9,33.8015823076265,-117.4710114202704,137.7,137.7,18.7,1402,1861.9,6.487126,6.94893,0,2.23694,-6.487126,1.342164,0,0,-0.8,-2.4,2.5,-93.6,266.4,267.6,Tripod,Other,,22,5,True,,True,False,,Smart,RC,False,True,False,,,True,,False,False,False,False,False,False,False,False,False,False,0,Follow Yaw,-77.9,0,-101.7,258.3,False,False,False,False,False,,0,0,False,False,No Card,100,100,1024,1355,1024,1024,2,False,False,False,False,False,0,False,False,False,False,86,,47.364,,4287,,4986,,47.364,,True,3.946,3.946,3.946,3.946,3.946,3.946,3.946,3.946,3.946,3.946,3.946,3.946,0,,False,False,True,,,,,,,,,,,,,,,False,False,9.506,,91.2,,75.7,,91.4,,1616,58,14,17,8,145971.5,19462.87,,Idle,,20,,10,,,20,Go Home,False,False,False,False,False,False,False,False,False,False,False,False,33.8027920380556,-117.4659261431046,1603.5,2972.0,1049.4,396.9,True,1,1,False,False,False,False,,True,False,False,Course Lock,196.8,67,16.4,93,E,S,8.05,11.4,Calm,False,False,Android,7.0.2,M300 RTK,1ZN7L4R0H1D00F,1W9DL31001461C,1ZMLH8300204F0,1Z6PH74DAP0QN7,"Corona, CA",728.3,5.7,137.7,8.547347,2.013246,0,0,DJI Matrice 300 RTK,M300 RTK,1ZN7L4R0H1D00F,1W9DL31001461C,1ZMLH8300204F0,1Z6PH74DAP0QN7,DJI Pilot,Android,7.0.2,1EF72A62-B7C3-C88D-164E-CE6F8C8424AE,1ZN7L4R0H1D00F,1W9DL31001461C,,1ZMLH8300204F0,1W9DL31001461C,,,,,
2023-11-01,11:28:38.37 AM,4m 16.0s,256.0,33.8015822226464,-117.4710144292965,137.7,137.7,18.7,1402,1862.8,6.490981,6.94893,-0.223694,2.23694,-6.487126,1.342164,0,0,-0.7,-2.5,2.5,-93.8,266.2,268.0,Tripod,Other,,22,5,True,,True,False,,Smart,RC,False,True,False,,,True,,False,False,False,False,False,False,False,False,False,False,0,Follow Yaw,-77.9,0,-101.7,258.3,False,False,False,False,False,,0,0,False,False,No Card,100,100,1024,1360,1024,1024,2,False,False,False,False,False,0,False,False,False,False,86,,47.4,,8636,,10044,,47.4,,True,3.946,3.946,3.946,3.946,3.946,3.946,3.946,3.946,3.946,3.946,3.946,3.946,0,,False,False,True,,,,,,,,,,,,,,,False,False,19.122,,91.4,,75.7,,91.4,,1616,58,14,17,8,145971.5,19462.87,,Idle,,20,,10,,,20,Go Home,False,False,False,False,False,False,False,False,False,False,False,False,33.8027920380556,-117.4659261431046,1604.3,2972.0,1049.4,396.9,True,1,1,False,False,False,False,,True,False,False,Course Lock,196.8,67,16.4,93,E,S,8.05,11.4,Calm,False,False,Android,7.0.2,M300 RTK,1ZN7L4R0H1D00F,1W9DL31001461C,1ZMLH8300204F0,1Z6PH74DAP0QN7,"Corona, CA",728.3,5.7,137.7,8.547347,2.013246,0,0,DJI Matrice 300 RTK,M300 RTK,1ZN7L4R0H1D00F,1W9DL31001461C,1ZMLH8300204F0,1Z6PH74DAP0QN7,DJI Pilot,Android,7.0.2,1EF72A62-B7C3-C88D-164E-CE6F8C8424AE,1ZN7L4R0H1D00F,1W9DL31001461C,,1ZMLH8300204F0,1W9DL31001461C,,,,,
2023-11-01,11:28:38.47 AM,4m 16.1s,256.1,33.8015820713271,-117.4710178259137,137.7,137.7,18.7,1402,1863.9,6.490981,6.94893,-0.223694,2.23694,-6.487126,1.342164,0,0,-0.3,-2.4,2.4,-94,266,266.9,Tripod,Other,,22,5,True,,True,False,,Smart,RC,False,True,False,,,True,,False,False,False,False,False,False,False,False,False,False,0,Follow Yaw,-77.9,0,-101.7,258.3,False,False,False,False,False,,0,0,False,False,No Card,100,100,1024,1360,1024,1024,2,False,False,False,False,False,0,False,False,False,False,86,,47.4,,8636,,10044,,47.4,,True,3.946,3.946,3.946,3.946,3.946,3.946,3.946,3.946,3.946,3.946,3.946,3.946,0,,False,False,True,,,,,,,,,,,,,,,False,False,19.122,,91.4,,75.7,,91.4,,1616,58,14,17,8,145971.5,19462.87,,Idle,,20,,10,,,20,Go Home,False,False,False,False,False,False,False,False,False,False,False,False,33.8027920380556,-117.4659261431046,1605.3,2972.0,1049.4,396.9,True,1,1,False,False,False,False,,True,False,False,Course Lock,196.8,67,16.4,93,E,S,8.05,11.4,Calm,False,False,Android,7.0.2,M300 RTK,1ZN7L4R0H1D00F,1W9DL31001461C,1ZMLH8300204F0,1Z6PH74DAP0QN7,"Corona, CA",728.3,5.7,137.7,8.547347,2.013246,0,0,DJI Matrice 300 RTK,M300 RTK,1ZN7L4R0H1D00F,1W9DL31001461C,1ZMLH8300204F0,1Z6PH74DAP0QN7,DJI Pilot,Android,7.0.2,1EF72A62-B7C3-C88D-164E-CE6F8C8424AE,1ZN7L4R0H1D00F,1W9DL31001461C,,1ZMLH8300204F0,1W9DL31001461C,,,,,
2023-11-01,11:28:38.58 AM,4m 16.2s,256.2,33.8015819567411,-117.4710210157056,137.7,137.7,18.7,1402,1864.8,6.490981,6.94893,-0.223694,2.23694,-6.487126,1.342164,0,0,-0.1,-2.2,2.2,-94.1,265.9,267.5,Tripod,Other,,22,5,True,,True,False,,Smart,RC,False,True,False,,,True,,False,False,False,False,False,False,False,False,False,False,0,Follow Yaw,-77.9,0,-101.7,258.3,False,False,False,False,False,,0,0,False,False,No Card,100,100,1024,1358,1024,1024,2,False,False,False,False,False,0,False,False,False,False,86,,47.4,,8636,,10044,,47.4,,True,3.946,3.946,3.946,3.946,3.946,3.946,3.946,3.946,3.946,3.946,3.946,3.946,0,,False,False,True,,,,,,,,,,,,,,,False,False,19.122,,91.4,,75.7,,91.4,,1616,58,14,17,8,145971.5,19462.87,,Idle,,20,,10,,,20,Go Home,False,False,False,False,False,False,False,False,False,False,False,False,33.8027920380556,-117.4659261431046,1606.3,2972.0,1049.4,396.9,True,1,1,False,False,False,False,,True,False,False,Course Lock,196.8,67,16.4,93,E,S,8.05,11.4,Calm,False,False,Android,7.0.2,M300 RTK,1ZN7L4R0H1D00F,1W9DL31001461C,1ZMLH8300204F0,1Z6PH74DAP0QN7,"Corona, CA",728.3,5.7,137.7,8.547347,2.013246,0,0,DJI Matrice 300 RTK,M300 RTK,1ZN7L4R0H1D00F,1W9DL31001461C,1ZMLH8300204F0,1Z6PH74DAP0QN7,DJI Pilot,Android,7.0.2,1EF72A62-B7C3-C88D-164E-CE6F8C8424AE,1ZN7L4R0H1D00F,1W9DL31001461C,,1ZMLH8300204F0,1W9DL31001461C,,,,,
2023-11-01,11:28:38.64 AM,4m 16.3s,256.3,33.8015817429204,-117.4710242308971,137.7,137.7,18.7,1402,1865.8,6.490981,6.94893,-0.223694,2.23694,-6.487126,1.342164,0,0,-0.2,-2.1,2.1,-94.1,265.9,265.4,Tripod,Other,,22,5,True,,True,False,,Smart,RC,False,True,False,,,True,,False,False,False,False,False,False,False,False,False,False,0,Follow Yaw,-77.9,0,-101.7,258.3,False,False,False,False,False,,0,0,False,False,No Card,100,100,1024,1358,1024,1024,2,False,False,False,False,False,0,False,False,False,False,86,,47.4,,8636,,10044,,47.4,,True,3.948,3.948,3.948,3.948,3.948,3.948,3.948,3.948,3.948,3.948,3.948,3.948,0,,False,False,True,,,,,,,,,,,,,,,False,False,19.122,,91.4,,75.7,,91.4,,1614,58,14,17,8,146197.1,19492.95,,Idle,,20,,10,,,20,Go Home,False,False,False,False,False,False,False,False,False,False,False,False,33.8027920380556,-117.4659261431046,1607.2,2972.0,1049.4,396.9,True,1,1,False,False,False,False,,True,False,False,Course Lock,196.8,67,16.4,93,E,S,8.05,11.4,Calm,False,False,Android,7.0.2,M300 RTK,1ZN7L4R0H1D00F,1W9DL31001461C,1ZMLH8300204F0,1Z6PH74DAP0QN7,"Corona, CA",728.3,5.7,137.7,8.547347,2.013246,0,0,DJI Matrice 300 RTK,M300 RTK,1ZN7L4R0H1D00F,1W9DL31001461C,1ZMLH8300204F0,1Z6PH74DAP0QN7,DJI Pilot,Android,7.0.2,1EF72A62-B7C3-C88D-164E-CE6F8C8424AE,1ZN7L4R0H1D00F,1W9DL31001461C,,1ZMLH8300204F0,1W9DL31001461C,,,,,
2023-11-01,11:28:38.74 AM,4m 16.4s,256.4,33.8015815970836,-117.4710274025465,137.7,137.7,18.3,1402,1866.8,6.490981,6.94893,-0.223694,2.23694,-6.487126,1.342164,0,0,-0.4,-1.8,1.8,-94,266,266.8,Tripod,Other,,22,5,True,,True,False,,Smart,RC,False,True,False,,,True,,False,False,False,False,False,False,False,False,False,False,0,Follow Yaw,-77.9,0,-101.7,258.3,False,False,False,False,False,,0,0,False,False,No Card,100,100,1024,1360,1024,1024,2,False,False,False,False,False,0,False,False,False,False,86,,47.4,,8636,,10044,,47.4,,True,3.948,3.948,3.948,3.948,3.948,3.948,3.948,3.948,3.948,3.948,3.948,3.948,0,,False,False,True,,,,,,,,,,,,,,,False,False,19.122,,91.4,,75.7,,91.4,,1614,58,14,17,8,146197.1,19492.95,,Idle,,20,,10,,,20,Go Home,False,False,False,False,False,False,False,False,False,False,False,False,33.8027920380556,-117.4659261431046,1608.2,2972.0,1049.4,396.9,True,1,1,False,False,False,False,,True,False,False,Course Lock,196.8,67,16.4,93,E,S,8.05,11.4,Calm,False,False,Android,7.0.2,M300 RTK,1ZN7L4R0H1D00F,1W9DL31001461C,1ZMLH8300204F0,1Z6PH74DAP0QN7,"Corona, CA",728.3,5.7,137.7,8.547347,2.013246,0,0,DJI Matrice 300 RTK,M300 RTK,1ZN7L4R0H1D00F,1W9DL31001461C,1ZMLH8300204F0,1Z6PH74DAP0QN7,DJI Pilot,Android,7.0.2,1EF72A62-B7C3-C88D-164E-CE6F8C8424AE,1ZN7L4R0H1D00F,1W9DL31001461C,,1ZMLH8300204F0,1W9DL31001461C,,,,,
2023-11-01,11:28:38.84 AM,4m 16.5s,256.5,33.8015814342509,-117.4710305560533,137.7,137.7,18.7,1402,1867.7,6.267425,6.94893,-0.223694,2.23694,-6.263432,1.342164,0,0,-0.6,-1.5,1.6,-94,266,266.4,Tripod,Other,,22,5,True,,True,False,,Smart,RC,False,True,False,,,True,,False,False,False,False,False,False,False,False,False,False,0,Follow Yaw,-77.9,0,-101.7,258.3,False,False,False,False,False,,0,0,False,False,No Card,100,100,1024,1359,1024,1024,2,False,False,False,False,False,0,False,False,False,False,86,,47.4,,8636,,10044,,47.4,,True,3.948,3.948,3.948,3.948,3.948,3.948,3.948,3.948,3.948,3.948,3.948,3.948,0,,False,False,True,,,,,,,,,,,,,,,False,False,19.122,,91.4,,75.7,,91.4,,1614,58,14,17,8,146197.1,19492.95,,Idle,,20,,10,,,20,Go Home,False,False,False,False,False,False,False,False,False,False,False,False,33.8027920380556,-117.4659261431046,1609.1,2972.0,1049.4,396.9,True,1,1,False,False,False,False,,True,False,False,Course Lock,196.8,67,16.4,93,E,S,8.05,11.4,Calm,False,False,Android,7.0.2,M300 RTK,1ZN7L4R0H1D00F,1W9DL31001461C,1ZMLH8300204F0,1Z6PH74DAP0QN7,"Corona, CA",728.3,5.7,137.7,8.547347,2.013246,0,0,DJI Matrice 300 RTK,M300 RTK,1ZN7L4R0H1D00F,1W9DL31001461C,1ZMLH8300204F0,1Z6PH74DAP0QN7,DJI Pilot,Android,7.0.2,1EF72A62-B7C3-C88D-164E-CE6F8C8424AE,1ZN7L4R0H1D00F,1W9DL31001461C,,1ZMLH8300204F0,1W9DL31001461C,,,,,
2023-11-01,11:28:38.94 AM,4m 16.6s,256.6,33.801581275256,-117.4710337168171,137.7,137.7,18.3,1402,1868.7,6.267425,6.94893,-0.223694,2.23694,-6.263432,1.342164,0,0,-0.6,-1.4,1.5,-93.8,266.2,266.5,Tripod,Other,,23,5,True,,True,False,,Smart,RC,False,True,False,,,True,,False,False,False,False,False,False,False,False,False,False,0,Follow Yaw,-77.9,0,-101.7,258.3,False,False,False,False,False,,0,0,False,False,No Card,100,100,1024,1360,1024,1024,2,False,False,False,False,False,0,False,False,False,False,86,,47.4,,8636,,10044,,47.4,,True,3.948,3.948,3.948,3.948,3.948,3.948,3.948,3.948,3.948,3.948,3.948,3.948,0,,False,False,True,,,,,,,,,,,,,,,False,False,19.122,,91.4,,75.7,,91.4,,1614,58,14,17,8,146197.1,19492.95,,Idle,,20,,10,,,20,Go Home,False,False,False,False,False,False,False,False,False,False,False,False,33.8027920380556,-117.4659261431046,1610.1,2972.0,1049.4,396.9,True,1,1,False,False,False,False,,True,False,False,Course Lock,196.8,67,16.4,93,E,S,7.82,11.4,Calm,False,False,Android,7.0.2,M300 RTK,1ZN7L4R0H1D00F,1W9DL31001461C,1ZMLH8300204F0,1Z6PH74DAP0QN7,"Corona, CA",728.3,5.7,137.7,8.547347,2.013246,0,0,DJI Matrice 300 RTK,M300 RTK,1ZN7L4R0H1D00F,1W9DL31001461C,1ZMLH8300204F0,1Z6PH74DAP0QN7,DJI Pilot,Android,7.0.2,1EF72A62-B7C3-C88D-164E-CE6F8C8424AE,1ZN7L4R0H1D00F,1W9DL31001461C,,1ZMLH8300204F0,1W9DL31001461C,,,,,
2023-11-01,11:28:39.04 AM,4m 16.7s,256.7,33.8015811875346,-117.4710368924249,137.7,137.7,18.3,1402,1869.7,6.267425,6.94893,-0.223694,2.23694,-6.263432,1.342164,0,0,-0.3,-1.3,1.3,-93.7,266.3,268.0,Tripod,Other,,23,5,True,,True,False,,Smart,RC,False,True,False,,,True,,False,False,False,False,False,False,False,False,False,False,0,Follow Yaw,-77.9,0,-101.7,258.3,False,False,False,False,False,,0,0,False,False,No Card,100,100,1024,1359,1024,1024,2,False,False,False,False,False,0,False,False,False,False,86,,47.4,,8636,,10044,,47.4,,True,3.948,3.948,3.948,3.948,3.948,3.948,3.948,3.948,3.948,3.948,3.948,3.948,0,,False,False,True,,,,,,,,,,,,,,,False,False,19.122,,91.4,,75.7,,91.4,,1614,58,14,17,8,146197.1,19492.95,,Idle,,20,,10,,,20,Go Home,False,False,False,False,False,False,False,False,False,False,False,False,33.8027920380556,-117.4659261431046,1611.0,2972.0,1049.4,396.9,True,1,1,False,False,False,False,,True,False,False,Course Lock,196.8,67,16.4,93,E,S,7.82,11.4,Calm,False,False,Android,7.0.2,M300 RTK,1ZN7L4R0H1D00F,1W9DL31001461C,1ZMLH8300204F0,1Z6PH74DAP0QN7,"Corona, CA",728.3,5.7,137.7,8.547347,2.013246,0,0,DJI Matrice 300 RTK,M300 RTK,1ZN7L4R0H1D00F,1W9DL31001461C,1ZMLH8300204F0,1Z6PH74DAP0QN7,DJI Pilot,Android,7.0.2,1EF72A62-B7C3-C88D-164E-CE6F8C8424AE,1ZN7L4R0H1D00F,1W9DL31001461C,,1ZMLH8300204F0,1W9DL31001461C,,,,,
2023-11-01,11:28:39.14 AM,4m 16.8s,256.8,33.8015810389566,-117.471040040324,137.7,137.7,18.3,1402,1870.6,6.267425,6.94893,-0.223694,2.23694,-6.263432,1.342164,0,0,-0.3,-1.3,1.3,-93.7,266.3,266.7,Tripod,Other,,23,5,True,,True,False,,Smart,RC,False,True,False,,,True,,False,False,False,False,False,False,False,False,False,False,0,Follow Yaw,-77.9,0,-101.7,258.3,False,False,False,False,False,,0,0,False,False,No Card,100,100,1024,1360,1024,1024,2,False,False,False,False,False,0,False,False,False,False,86,,47.4,,8636,,10044,,47.4,,True,3.948,3.948,3.948,3.948,3.948,3.948,3.948,3.948,3.948,3.948,3.948,3.948,0,,False,False,True,,,,,,,,,,,,,,,False,False,19.122,,91.4,,75.7,,91.4,,1614,58,14,17,8,146197.1,19492.95,,Idle,,20,,10,,,20,Go Home,False,False,False,False,False,False,False,False,False,False,False,False,33.8027920380556,-117.4659261431046,1611.9,2972.0,1049.4,396.9,True,1,1,False,False,False,False,,True,False,False,Course Lock,196.8,67,16.4,93,E,S,7.82,11.4,Calm,False,False,Android,7.0.2,M300 RTK,1ZN7L4R0H1D00F,1W9DL31001461C,1ZMLH8300204F0,1Z6PH74DAP0QN7,"Corona, CA",728.3,5.7,137.7,8.547347,2.013246,0,0,DJI Matrice 300 RTK,M300 RTK,1ZN7L4R0H1D00F,1W9DL31001461C,1ZMLH8300204F0,1Z6PH74DAP0QN7,DJI Pilot,Android,7.0.2,1EF72A62-B7C3-C88D-164E-CE6F8C8424AE,1ZN7L4R0H1D00F,1W9DL31001461C,,1ZMLH8300204F0,1W9DL31001461C,,,,,
2023-11-01,11:28:39.24 AM,4m 16.9s,256.9,33.8015807259011,-117.4710432825644,137.7,137.7,18.3,1402,1871.6,6.267425,6.94893,-0.223694,2.23694,-6.263432,1.342164,0,0,-0.6,-1.4,1.5,-93.7,266.3,263.3,Tripod,Other,,23,5,True,,True,False,,Smart,RC,False,True,False,,,True,,False,False,False,False,False,False,False,False,False,False,0,Follow Yaw,-77.9,0,-101.7,258.3,False,False,False,False,False,,0,0,False,False,No Card,100,100,1024,1359,1024,1024,2,False,False,False,False,False,0,False,False,False,False,86,,47.4,,8636,,10044,,47.4,,True,3.948,3.948,3.948,3.948,3.948,3.948,3.948,3.948,3.948,3.948,3.948,3.948,0,,False,False,True,,,,,,,,,,,,,,,False,False,19.122,,91.4,,75.7,,91.4,,1614,58,14,17,8,146197.1,19492.95,,Idle,,20,,10,,,20,Go Home,False,False,False,False,False,False,False,False,False,False,False,False,33.8027920380556,-117.4659261431046,1612.9,2972.0,1049.4,396.9,True,1,1,False,False,False,False,,True,False,False,Course Lock,196.8,67,16.4,93,E,S,7.82,11.4,Calm,False,False,Android,7.0.2,M300 RTK,1ZN7L4R0H1D00F,1W9DL31001461C,1ZMLH8300204F0,1Z6PH74DAP0QN7,"Corona, CA",728.3,5.7,137.7,8.547347,2.013246,0,0,DJI Matrice 300 RTK,M300 RTK,1ZN7L4R0H1D00F,1W9DL31001461C,1ZMLH8300204F0,1Z6PH74DAP0QN7,DJI Pilot,Android,7.0.2,1EF72A62-B7C3-C88D-164E-CE6F8C8424AE,1ZN7L4R0H1D00F,1W9DL31001461C,,1ZMLH8300204F0,1W9DL31001461C,,,,,
2023-11-01,11:28:39.34 AM,4m 17.0s,257.0,33.8015805795161,-117.4710462569547,137.7,137.7,18.3,1402,1872.5,6.267425,6.94893,-0.223694,2.23694,-6.263432,1.342164,0,0,-0.6,-1.7,1.8,-93.8,266.2,266.6,Tripod,Other,,23,5,True,,True,False,,Smart,RC,False,True,False,,,True,,False,False,False,False,False,False,False,False,False,False,0,Follow Yaw,-77.9,0,-101.7,258.3,False,False,False,False,False,,0,0,False,False,No Card,100,100,1024,1358,1024,1024,2,False,False,False,False,False,0,False,False,False,False,86,,47.4,,8636,,10044,,47.4,,True,3.948,3.948,3.948,3.948,3.948,3.948,3.948,3.948,3.948,3.948,3.948,3.948,0,,False,False,True,,,,,,,,,,,,,,,False,False,18.936,,91.4,,75.7,,91.4,,1614,58,14,17,8,146197.1,19492.95,,Idle,,20,,10,,,20,Go Home,False,False,False,False,False,False,False,False,False,False,False,False,33.8027920380556,-117.4659261431046,1613.8,2972.0,1049.4,396.9,True,1,1,False,False,False,False,,True,False,False,Course Lock,196.8,67,16.4,93,E,S,7.82,11.4,Calm,False,False,Android,7.0.2,M300 RTK,1ZN7L4R0H1D00F,1W9DL31001461C,1ZMLH8300204F0,1Z6PH74DAP0QN7,"Corona, CA",728.3,5.7,137.7,8.547347,2.013246,0,0,DJI Matrice 300 RTK,M300 RTK,1ZN7L4R0H1D00F,1W9DL31001461C,1ZMLH8300204F0,1Z6PH74DAP0QN7,DJI Pilot,Android,7.0.2,1EF72A62-B7C3-C88D-164E-CE6F8C8424AE,1ZN7L4R0H1D00F,1W9DL31001461C,,1ZMLH8300204F0,1W9DL31001461C,,,,,
2023-11-01,11:28:39.44 AM,4m 17.1s,257.1,33.8015804726057,-117.4710493936384,137.7,137.7,18.7,1402,1873.5,6.267425,6.94893,-0.223694,2.23694,-6.263432,1.342164,0,0,-0.7,-1.7,1.8,-93.7,266.3,267.6,Tripod,Other,,23,5,True,,True,False,,Smart,RC,False,True,False,,,True,,False,False,False,False,False,False,False,False,False,False,0,Follow Yaw,-77.9,0,-101.7,258.3,False,False,False,False,False,,0,0,False,False,No Card,100,100,1024,1350,1024,1024,2,False,False,False,False,False,0,False,False,False,False,86,,47.4,,8636,,10044,,47.4,,True,3.948,3.948,3.948,3.948,3.948,3.948,3.948,3.948,3.948,3.948,3.948,3.948,0,,False,False,True,,,,,,,,,,,,,,,False,False,18.936,,91.4,,75.7,,91.4,,1614,58,14,17,8,146197.1,19492.95,,Idle,,20,,10,,,20,Go Home,False,False,False,False,False,False,False,False,False,False,False,False,33.8027920380556,-117.4659261431046,1614.7,2972.0,1049.4,396.9,True,1,1,False,False,False,False,,True,False,False,Course Lock,196.8,67,16.4,93,E,S,7.82,11.4,Calm,False,False,Android,7.0.2,M300 RTK,1ZN7L4R0H1D00F,1W9DL31001461C,1ZMLH8300204F0,1Z6PH74DAP0QN7,"Corona, CA",728.3,5.7,137.7,8.547347,2.013246,0,0,DJI Matrice 300 RTK,M300 RTK,1ZN7L4R0H1D00F,1W9DL31001461C,1ZMLH8300204F0,1Z6PH74DAP0QN7,DJI Pilot,Android,7.0.2,1EF72A62-B7C3-C88D-164E-CE6F8C8424AE,1ZN7L4R0H1D00F,1W9DL31001461C,,1ZMLH8300204F0,1W9DL31001461C,,,,,
2023-11-01,11:28:39.54 AM,4m 17.2s,257.2,33.8015803081282,-117.4710525197665,137.7,137.7,18.3,1402,1874.4,6.267425,6.94893,-0.223694,2.23694,-6.263432,1.342164,0,0,-0.8,-1.4,1.6,-93.6,266.4,266.3,Tripod,Other,,23,5,True,,True,False,,Smart,RC,False,True,False,,,True,,False,False,False,False,False,False,False,False,False,False,0,Follow Yaw,-77.9,0,-101.7,258.3,False,False,False,False,False,,0,0,False,False,No Card,100,100,1024,1352,1024,1024,2,False,False,False,False,False,0,False,False,False,False,86,,47.4,,8636,,10044,,47.4,,True,3.948,3.948,3.948,3.948,3.948,3.948,3.948,3.948,3.948,3.948,3.948,3.948,0,,False,False,True,,,,,,,,,,,,,,,False,False,18.936,,91.4,,75.7,,91.4,,1614,58,14,17,8,146197.1,19492.95,,Idle,,20,,10,,,20,Go Home,False,False,False,False,False,False,False,False,False,False,False,False,33.8027920380556,-117.4659261431046,1615.6,2972.0,1049.4,396.9,True,1,1,False,False,False,False,,True,False,False,Course Lock,196.8,67,16.4,93,E,S,7.82,11.4,Calm,False,False,Android,7.0.2,M300 RTK,1ZN7L4R0H1D00F,1W9DL31001461C,1ZMLH8300204F0,1Z6PH74DAP0QN7,"Corona, CA",728.3,5.7,137.7,8.547347,2.013246,0,0,DJI Matrice 300 RTK,M300 RTK,1ZN7L4R0H1D00F,1W9DL31001461C,1ZMLH8300204F0,1Z6PH74DAP0QN7,DJI Pilot,Android,7.0.2,1EF72A62-B7C3-C88D-164E-CE6F8C8424AE,1ZN7L4R0H1D00F,1W9DL31001461C,,1ZMLH8300204F0,1W9DL31001461C,,,,,
2023-11-01,11:28:39.64 AM,4m 17.3s,257.3,33.8015800197443,-117.4710554232358,137.7,137.7,18.7,1402,1875.3,6.267425,6.94893,-0.223694,2.23694,-6.263432,1.342164,0,0,-0.9,-1.2,1.5,-93.5,266.5,263.1,Tripod,Other,,23,5,True,,True,False,,Smart,RC,False,True,False,,,True,,False,False,False,False,False,False,False,False,False,False,0,Follow Yaw,-77.9,0,-101.7,258.3,False,False,False,False,False,,0,0,False,False,No Card,100,100,1024,1366,1024,1024,2,False,False,False,False,False,0,False,False,False,False,86,,47.4,,8636,,10044,,47.4,,True,3.95,3.95,3.95,3.95,3.95,3.95,3.95,3.95,3.95,3.95,3.95,3.95,0,,False,False,True,,,,,,,,,,,,,,,False,False,18.936,,91.4,,75.7,,91.4,,1611,58,14,17,8,146126.4,19483.52,,Idle,,20,,10,,,20,Go Home,False,False,False,False,False,False,False,False,False,False,False,False,33.8027920380556,-117.4659261431046,1616.5,2972.0,1049.4,396.9,True,1,1,False,False,False,False,,True,False,False,Course Lock,196.8,67,16.4,93,E,S,7.82,11.4,Calm,False,False,Android,7.0.2,M300 RTK,1ZN7L4R0H1D00F,1W9DL31001461C,1ZMLH8300204F0,1Z6PH74DAP0QN7,"Corona, CA",728.3,5.7,137.7,8.547347,2.013246,0,0,DJI Matrice 300 RTK,M300 RTK,1ZN7L4R0H1D00F,1W9DL31001461C,1ZMLH8300204F0,1Z6PH74DAP0QN7,DJI Pilot,Android,7.0.2,1EF72A62-B7C3-C88D-164E-CE6F8C8424AE,1ZN7L4R0H1D00F,1W9DL31001461C,,1ZMLH8300204F0,1W9DL31001461C,,,,,
2023-11-01,11:28:39.71 AM,4m 17.4s,257.4,33.8015798448499,-117.4710585236344,137.7,137.7,18.3,1402,1876.2,6.267425,6.94893,-0.223694,2.23694,-6.263432,1.342164,0,0,-0.8,-1.2,1.4,-93.5,266.5,266.1,Tripod,Other,,23,5,True,,True,False,,Smart,RC,False,True,False,,,True,,False,False,False,False,False,False,False,False,False,False,0,Follow Yaw,-77.9,0,-101.7,258.3,False,False,False,False,False,,0,0,False,False,No Card,100,100,1024,1366,1024,1024,2,False,False,False,False,False,0,False,False,False,False,86,,47.4,,8636,,10044,,47.4,,True,3.95,3.95,3.95,3.95,3.95,3.95,3.95,3.95,3.95,3.95,3.95,3.95,0,,False,False,True,,,,,,,,,,,,,,,False,False,18.936,,91.4,,75.7,,91.4,,1611,58,14,17,8,146126.4,19483.52,,Idle,,20,,10,,,20,Go Home,False,False,False,False,False,False,False,False,False,False,False,False,33.8027920380556,-117.4659261431046,1617.4,2972.0,1049.4,396.9,True,1,1,False,False,False,False,,True,False,False,Course Lock,196.8,67,16.4,93,E,S,7.82,11.4,Calm,False,False,Android,7.0.2,M300 RTK,1ZN7L4R0H1D00F,1W9DL31001461C,1ZMLH8300204F0,1Z6PH74DAP0QN7,"Corona, CA",728.3,5.7,137.7,8.547347,2.013246,0,0,DJI Matrice 300 RTK,M300 RTK,1ZN7L4R0H1D00F,1W9DL31001461C,1ZMLH8300204F0,1Z6PH74DAP0QN7,DJI Pilot,Android,7.0.2,1EF72A62-B7C3-C88D-164E-CE6F8C8424AE,1ZN7L4R0H1D00F,1W9DL31001461C,,1ZMLH8300204F0,1W9DL31001461C,,,,,
2023-11-01,11:28:39.81 AM,4m 17.5s,257.5,33.8015797127196,-117.4710618305284,137.7,137.7,18.3,1402,1877.2,6.267425,6.94893,-0.223694,2.23694,-6.263432,1.342164,0,0,-0.5,-1.4,1.4,-93.4,266.6,267.2,Tripod,Other,,23,5,True,,True,False,,Smart,RC,False,True,False,,,True,,False,False,False,False,False,False,False,False,False,False,0,Follow Yaw,-77.9,0,-101.7,258.3,False,False,False,False,False,,0,0,False,False,No Card,100,100,1024,1365,1024,1024,2,False,False,False,False,False,0,False,False,False,False,86,,47.4,,8636,,10044,,47.4,,True,3.95,3.95,3.95,3.95,3.95,3.95,3.95,3.95,3.95,3.95,3.95,3.95,0,,False,False,True,,,,,,,,,,,,,,,False,False,18.936,,91.4,,75.7,,91.4,,1611,58,14,17,8,146126.4,19483.52,,Idle,,20,,10,,,20,Go Home,False,False,False,False,False,False,False,False,False,False,False,False,33.8027920380556,-117.4659261431046,1618.4,2972.0,1049.4,396.9,True,1,1,False,False,False,False,,True,False,False,Course Lock,196.8,67,16.4,93,E,S,7.82,11.4,Calm,False,False,Android,7.0.2,M300 RTK,1ZN7L4R0H1D00F,1W9DL31001461C,1ZMLH8300204F0,1Z6PH74DAP0QN7,"Corona, CA",728.3,5.7,137.7,8.547347,2.013246,0,0,DJI Matrice 300 RTK,M300 RTK,1ZN7L4R0H1D00F,1W9DL31001461C,1ZMLH8300204F0,1Z6PH74DAP0QN7,DJI Pilot,Android,7.0.2,1EF72A62-B7C3-C88D-164E-CE6F8C8424AE,1ZN7L4R0H1D00F,1W9DL31001461C,,1ZMLH8300204F0,1W9DL31001461C,,,,,
2023-11-01,11:28:39.94 AM,4m 17.6s,257.6,33.8015795482421,-117.4710649408228,137.7,137.7,18.3,1402,1878.2,6.267425,6.94893,-0.223694,2.23694,-6.263432,1.342164,0,0,-0.2,-1.4,1.4,-93.3,266.7,266.3,Tripod,Other,,23,5,True,,True,False,,Smart,RC,False,True,False,,,True,,False,False,False,False,False,False,False,False,False,False,0,Follow Yaw,-77.9,0,-101.7,258.3,False,False,False,False,False,,0,0,False,False,No Card,100,100,1024,1364,1024,1024,2,False,False,False,False,False,0,False,False,False,False,86,,47.4,,8636,,10044,,47.4,,True,3.95,3.95,3.95,3.95,3.95,3.95,3.95,3.95,3.95,3.95,3.95,3.95,0,,False,False,True,,,,,,,,,,,,,,,False,False,18.936,,91.4,,75.7,,91.4,,1611,58,14,17,8,146126.4,19483.52,,Idle,,20,,10,,,20,Go Home,False,False,False,False,False,False,False,False,False,False,False,False,33.8027920380556,-117.4659261431046,1619.3,2972.0,1049.4,396.9,True,1,1,False,False,False,False,,True,False,False,Course Lock,196.8,67,16.4,93,E,S,7.82,11.4,Calm,False,False,Android,7.0.2,M300 RTK,1ZN7L4R0H1D00F,1W9DL31001461C,1ZMLH8300204F0,1Z6PH74DAP0QN7,"Corona, CA",728.3,5.7,137.7,8.547347,2.013246,0,0,DJI Matrice 300 RTK,M300 RTK,1ZN7L4R0H1D00F,1W9DL31001461C,1ZMLH8300204F0,1Z6PH74DAP0QN7,DJI Pilot,Android,7.0.2,1EF72A62-B7C3-C88D-164E-CE6F8C8424AE,1ZN7L4R0H1D00F,1W9DL31001461C,,1ZMLH8300204F0,1W9DL31001461C,,,,,
2023-11-01,11:28:40.02 AM,4m 17.7s,257.7,33.8015794681964,-117.4710679874535,137.7,137.7,18.3,1402,1879.1,6.267425,6.94893,-0.223694,2.23694,-6.263432,1.342164,0,0,0,-1.1,1.1,-93.2,266.8,268.1,Tripod,Other,,23,5,True,,True,False,,Smart,RC,False,True,False,,,True,,False,False,False,False,False,False,False,False,False,False,0,Follow Yaw,-77.9,0,-101.7,258.3,False,False,False,False,False,,0,0,False,False,No Card,100,100,1024,1364,1024,1024,2,False,False,False,False,False,0,False,False,False,False,86,,47.4,,8636,,10044,,47.4,,True,3.95,3.95,3.95,3.95,3.95,3.95,3.95,3.95,3.95,3.95,3.95,3.95,0,,False,False,True,,,,,,,,,,,,,,,False,False,18.936,,91.4,,75.7,,91.4,,1611,58,14,17,8,146126.4,19483.52,,Idle,,20,,10,,,20,Go Home,False,False,False,False,False,False,False,False,False,False,False,False,33.8027920380556,-117.4659261431046,1620.2,2972.0,1049.4,396.9,True,1,1,False,False,False,False,,True,False,False,Course Lock,196.8,67,16.4,93,E,S,7.82,11.4,Calm,False,False,Android,7.0.2,M300 RTK,1ZN7L4R0H1D00F,1W9DL31001461C,1ZMLH8300204F0,1Z6PH74DAP0QN7,"Corona, CA",728.3,5.7,137.7,8.547347,2.013246,0,0,DJI Matrice 300 RTK,M300 RTK,1ZN7L4R0H1D00F,1W9DL31001461C,1ZMLH8300204F0,1Z6PH74DAP0QN7,DJI Pilot,Android,7.0.2,1EF72A62-B7C3-C88D-164E-CE6F8C8424AE,1ZN7L4R0H1D00F,1W9DL31001461C,,1ZMLH8300204F0,1W9DL31001461C,,,,,
2023-11-01,11:28:40.14 AM,4m 17.8s,257.8,33.8015793218114,-117.4710710617928,137.7,137.7,18.3,1402,1880.0,6.267425,6.94893,-0.223694,2.23694,-6.263432,1.342164,0,0,0,-0.9,0.9,-93.1,266.9,266.7,Tripod,Other,,23,5,True,,True,False,,Smart,RC,False,True,False,,,True,,False,False,False,False,False,False,False,False,False,False,0,Follow Yaw,-77.9,0,-101.7,258.3,False,False,False,False,False,,0,0,False,False,No Card,100,100,1024,1363,1024,1024,2,False,False,False,False,False,0,False,False,False,False,86,,47.388,,4287,,4986,,47.388,,True,3.95,3.95,3.95,3.95,3.95,3.95,3.95,3.95,3.95,3.95,3.95,3.95,0,,False,False,True,,,,,,,,,,,,,,,False,False,9.326,,91.4,,75.7,,91.4,,1611,58,14,17,8,146126.4,19483.52,,Idle,,20,,10,,,20,Go Home,False,False,False,False,False,False,False,False,False,False,False,False,33.8027920380556,-117.4659261431046,1621.1,2972.0,1049.4,396.9,True,1,1,False,False,False,False,,True,False,False,Course Lock,196.8,67,16.4,93,E,S,7.82,11.4,Calm,False,False,Android,7.0.2,M300 RTK,1ZN7L4R0H1D00F,1W9DL31001461C,1ZMLH8300204F0,1Z6PH74DAP0QN7,"Corona, CA",728.3,5.7,137.7,8.547347,2.013246,0,0,DJI Matrice 300 RTK,M300 RTK,1ZN7L4R0H1D00F,1W9DL31001461C,1ZMLH8300204F0,1Z6PH74DAP0QN7,DJI Pilot,Android,7.0.2,1EF72A62-B7C3-C88D-164E-CE6F8C8424AE,1ZN7L4R0H1D00F,1W9DL31001461C,,1ZMLH8300204F0,1W9DL31001461C,,,,,
2023-11-01,11:28:40.22 AM,4m 17.9s,257.9,33.8015792362831,-117.4710742406991,137.7,137.7,18.3,1402,1881.0,6.043879,6.94893,-0.223694,2.23694,-6.039738,1.342164,0,0,-0.1,-1.1,1.1,-93.1,266.9,268.1,Tripod,Other,,23,5,True,,True,False,,Smart,RC,False,True,False,,,True,,False,False,False,False,False,False,False,False,False,False,0,Follow Yaw,-77.9,0,-101.7,258.3,False,False,False,False,False,,0,0,False,False,No Card,100,100,1024,1362,1024,1024,2,False,False,False,False,False,0,False,False,False,False,86,,47.388,,4287,,4986,,47.388,,True,3.95,3.95,3.95,3.95,3.95,3.95,3.95,3.95,3.95,3.95,3.95,3.95,0,,False,False,True,,,,,,,,,,,,,,,False,False,9.326,,91.4,,75.7,,91.4,,1611,58,14,17,8,146126.4,19483.52,,Idle,,20,,10,,,20,Go Home,False,False,False,False,False,False,False,False,False,False,False,False,33.8027920380556,-117.4659261431046,1622.1,2972.0,1049.4,396.9,True,1,1,False,False,False,False,,True,False,False,Course Lock,196.8,67,16.4,93,E,S,7.82,11.4,Calm,False,False,Android,7.0.2,M300 RTK,1ZN7L4R0H1D00F,1W9DL31001461C,1ZMLH8300204F0,1Z6PH74DAP0QN7,"Corona, CA",728.3,5.7,137.7,8.547347,2.013246,0,0,DJI Matrice 300 RTK,M300 RTK,1ZN7L4R0H1D00F,1W9DL31001461C,1ZMLH8300204F0,1Z6PH74DAP0QN7,DJI Pilot,Android,7.0.2,1EF72A62-B7C3-C88D-164E-CE6F8C8424AE,1ZN7L4R0H1D00F,1W9DL31001461C,,1ZMLH8300204F0,1W9DL31001461C,,,,,
2023-11-01,11:28:40.34 AM,4m 18.0s,258.0,33.8015791343071,-117.4710771204182,137.7,137.7,18.3,1402,1881.9,6.043879,6.94893,-0.223694,2.23694,-6.039738,1.342164,0,0,-0.9,-1.8,2,-93.2,266.8,267.5,Tripod,Other,,23,5,True,,True,False,,Smart,RC,False,True,False,,,True,,False,False,False,False,False,False,False,False,False,False,0,Follow Yaw,-77.9,0,-101.7,258.3,False,False,False,False,False,,0,0,False,False,No Card,100,100,1024,1358,1024,1024,2,False,False,False,False,False,0,False,False,False,False,86,,47.424,,8636,,10044,,47.424,,True,3.95,3.95,3.95,3.95,3.95,3.95,3.95,3.95,3.95,3.95,3.95,3.95,0,,False,False,True,,,,,,,,,,,,,,,False,False,18.934,,91.5,,75.7,,91.5,,1611,58,14,17,8,146126.4,19483.52,,Idle,,20,,10,,,20,Go Home,False,False,False,False,False,False,False,False,False,False,False,False,33.8027920380556,-117.4659261431046,1622.9,2972.0,1049.4,396.9,True,1,1,False,False,False,False,,True,False,False,Course Lock,196.8,67,16.4,93,E,S,7.82,11.4,Calm,False,False,Android,7.0.2,M300 RTK,1ZN7L4R0H1D00F,1W9DL31001461C,1ZMLH8300204F0,1Z6PH74DAP0QN7,"Corona, CA",728.3,5.7,137.7,8.547347,2.013246,0,0,DJI Matrice 300 RTK,M300 RTK,1ZN7L4R0H1D00F,1W9DL31001461C,1ZMLH8300204F0,1Z6PH74DAP0QN7,DJI Pilot,Android,7.0.2,1EF72A62-B7C3-C88D-164E-CE6F8C8424AE,1ZN7L4R0H1D00F,1W9DL31001461C,,1ZMLH8300204F0,1W9DL31001461C,,,,,
2023-11-01,11:28:40.44 AM,4m 18.1s,258.1,33.8015789018455,-117.4710801799136,137.7,137.7,18.3,1402,1882.8,6.043879,6.94893,-0.223694,2.23694,-6.039738,1.342164,0,0,-1.6,-2.3,2.8,-93.4,266.6,264.7,Tripod,Other,,23,5,True,,True,False,,Smart,RC,False,True,False,,,True,,False,False,False,False,False,False,False,False,False,False,0,Follow Yaw,-77.9,0,-101.7,258.3,False,False,False,False,False,,0,0,False,False,No Card,100,100,1024,1358,1024,1024,2,False,False,False,False,False,0,False,False,False,False,86,,47.424,,8636,,10044,,47.424,,True,3.95,3.95,3.95,3.95,3.95,3.95,3.95,3.95,3.95,3.95,3.95,3.95,0,,False,False,True,,,,,,,,,,,,,,,False,False,18.934,,91.5,,75.7,,91.5,,1611,58,14,17,8,146126.4,19483.52,,Idle,,20,,10,,,20,Go Home,False,False,False,False,False,False,False,False,False,False,False,False,33.8027920380556,-117.4659261431046,1623.8,2972.0,1049.4,396.9,True,1,1,False,False,False,False,,True,False,False,Course Lock,196.8,67,16.4,93,E,S,7.82,11.4,Calm,False,False,Android,7.0.2,M300 RTK,1ZN7L4R0H1D00F,1W9DL31001461C,1ZMLH8300204F0,1Z6PH74DAP0QN7,"Corona, CA",728.3,5.7,137.7,8.547347,2.013246,0,0,DJI Matrice 300 RTK,M300 RTK,1ZN7L4R0H1D00F,1W9DL31001461C,1ZMLH8300204F0,1Z6PH74DAP0QN7,DJI Pilot,Android,7.0.2,1EF72A62-B7C3-C88D-164E-CE6F8C8424AE,1ZN7L4R0H1D00F,1W9DL31001461C,,1ZMLH8300204F0,1W9DL31001461C,,,,,
2023-11-01,11:28:40.54 AM,4m 18.2s,258.2,33.8015787784874,-117.4710832215963,137.7,137.7,18.3,1402,1883.7,6.043879,6.94893,-0.223694,2.23694,-6.039738,1.342164,0,0,-1.5,-2.5,2.9,-93.5,266.5,267.2,Tripod,Other,,23,5,True,,True,False,,Smart,RC,False,True,False,,,True,,False,False,False,False,False,False,False,False,False,False,0,Follow Yaw,-77.9,0,-101.7,258.3,False,False,False,False,False,,0,0,False,False,No Card,100,100,1024,1362,1024,1024,2,False,False,False,False,False,0,False,False,False,False,86,,47.424,,8636,,10044,,47.424,,True,3.95,3.95,3.95,3.95,3.95,3.95,3.95,3.95,3.95,3.95,3.95,3.95,0,,False,False,True,,,,,,,,,,,,,,,False,False,18.934,,91.5,,75.7,,91.5,,1611,58,14,17,8,146126.4,19483.52,,Idle,,20,,10,,,20,Go Home,False,False,False,False,False,False,False,False,False,False,False,False,33.8027920380556,-117.4659261431046,1624.7,2972.0,1049.4,396.9,True,1,1,False,False,False,False,,True,False,False,Course Lock,196.8,67,16.4,93,E,S,7.82,11.4,Calm,False,False,Android,7.0.2,M300 RTK,1ZN7L4R0H1D00F,1W9DL31001461C,1ZMLH8300204F0,1Z6PH74DAP0QN7,"Corona, CA",728.3,5.7,137.7,8.547347,2.013246,0,0,DJI Matrice 300 RTK,M300 RTK,1ZN7L4R0H1D00F,1W9DL31001461C,1ZMLH8300204F0,1Z6PH74DAP0QN7,DJI Pilot,Android,7.0.2,1EF72A62-B7C3-C88D-164E-CE6F8C8424AE,1ZN7L4R0H1D00F,1W9DL31001461C,,1ZMLH8300204F0,1W9DL31001461C,,,,,
2023-11-01,11:28:40.64 AM,4m 18.3s,258.3,33.8015786233303,-117.4710862326016,137.7,137.7,18.3,1402,1884.6,6.043879,6.94893,-0.223694,2.23694,-6.039738,1.342164,0,0,-0.9,-2.2,2.3,-93.6,266.4,266.4,Tripod,Other,,23,5,True,,True,False,,Smart,RC,False,True,False,,,True,,False,False,False,False,False,False,False,False,False,False,0,Follow Yaw,-77.9,0,-101.7,258.3,False,False,False,False,False,,0,0,False,False,No Card,100,100,1024,1362,1024,1024,2,False,False,False,False,False,0,False,False,False,False,86,,47.424,,8636,,10044,,47.424,,True,3.952,3.952,3.952,3.952,3.952,3.952,3.952,3.952,3.952,3.952,3.952,3.952,0,,False,False,True,,,,,,,,,,,,,,,False,False,18.934,,91.5,,75.7,,91.5,,1610,59,14,17,8,145778.9,19437.18,,Idle,,20,,10,,,20,Go Home,False,False,False,False,False,False,False,False,False,False,False,False,33.8027920380556,-117.4659261431046,1625.6,2972.0,1049.4,396.9,True,1,1,False,False,False,False,,True,False,False,Course Lock,196.8,67,16.4,93,E,S,7.82,11.4,Calm,False,False,Android,7.0.2,M300 RTK,1ZN7L4R0H1D00F,1W9DL31001461C,1ZMLH8300204F0,1Z6PH74DAP0QN7,"Corona, CA",728.3,5.7,137.7,8.547347,2.013246,0,0,DJI Matrice 300 RTK,M300 RTK,1ZN7L4R0H1D00F,1W9DL31001461C,1ZMLH8300204F0,1Z6PH74DAP0QN7,DJI Pilot,Android,7.0.2,1EF72A62-B7C3-C88D-164E-CE6F8C8424AE,1ZN7L4R0H1D00F,1W9DL31001461C,,1ZMLH8300204F0,1W9DL31001461C,,,,,
2023-11-01,11:28:40.74 AM,4m 18.4s,258.4,33.8015784753005,-117.4710892858295,137.7,137.7,18.3,1402,1885.6,6.043879,6.94893,-0.223694,2.23694,-6.039738,1.342164,0,0,-0.7,-1.9,2,-93.6,266.4,266.6,Tripod,Other,,23,5,True,,True,False,,Smart,RC,False,True,False,,,True,,False,False,False,False,False,False,False,False,False,False,0,Follow Yaw,-77.9,0,-101.7,258.3,False,False,False,False,False,,0,0,False,False,No Card,100,100,1024,1362,1024,1024,2,False,False,False,False,False,0,False,False,False,False,86,,47.424,,8636,,10044,,47.424,,True,3.952,3.952,3.952,3.952,3.952,3.952,3.952,3.952,3.952,3.952,3.952,3.952,0,,False,False,True,,,,,,,,,,,,,,,False,False,18.934,,91.5,,75.7,,91.5,,1610,59,14,17,8,145778.9,19437.18,,Idle,,20,,10,,,20,Go Home,False,False,False,False,False,False,False,False,False,False,False,False,33.8027920380556,-117.4659261431046,1626.5,2972.0,1049.4,396.9,True,1,1,False,False,False,False,,True,False,False,Course Lock,196.8,67,16.4,93,E,S,7.82,11.4,Calm,False,False,Android,7.0.2,M300 RTK,1ZN7L4R0H1D00F,1W9DL31001461C,1ZMLH8300204F0,1Z6PH74DAP0QN7,"Corona, CA",728.3,5.7,137.7,8.547347,2.013246,0,0,DJI Matrice 300 RTK,M300 RTK,1ZN7L4R0H1D00F,1W9DL31001461C,1ZMLH8300204F0,1Z6PH74DAP0QN7,DJI Pilot,Android,7.0.2,1EF72A62-B7C3-C88D-164E-CE6F8C8424AE,1ZN7L4R0H1D00F,1W9DL31001461C,,1ZMLH8300204F0,1W9DL31001461C,,,,,
2023-11-01,11:28:40.85 AM,4m 18.5s,258.5,33.8015783656489,-117.4710922038129,137.7,137.7,18.3,1402,1886.5,6.043879,6.94893,-0.223694,2.23694,-6.039738,1.342164,0,0,-0.8,-1.8,1.9,-93.4,266.6,267.4,Tripod,Other,,23,5,True,,True,False,,Smart,RC,False,True,False,,,True,,False,False,False,False,False,False,False,False,False,False,0,Follow Yaw,-77.9,0,-101.7,258.3,False,False,False,False,False,,0,0,False,False,No Card,100,100,1024,1362,1024,1024,2,False,False,False,False,False,0,False,False,False,False,86,,47.424,,8636,,10044,,47.424,,True,3.952,3.952,3.952,3.952,3.952,3.952,3.952,3.952,3.952,3.952,3.952,3.952,0,,False,False,True,,,,,,,,,,,,,,,False,False,18.934,,91.5,,75.7,,91.5,,1610,59,14,17,8,145778.9,19437.18,,Idle,,20,,10,,,20,Go Home,False,False,False,False,False,False,False,False,False,False,False,False,33.8027920380556,-117.4659261431046,1627.4,2972.0,1049.4,396.9,True,1,1,False,False,False,False,,True,False,False,Course Lock,196.8,67,16.4,93,E,S,7.6,11.4,Calm,False,False,Android,7.0.2,M300 RTK,1ZN7L4R0H1D00F,1W9DL31001461C,1ZMLH8300204F0,1Z6PH74DAP0QN7,"Corona, CA",728.3,5.7,137.7,8.547347,2.013246,0,0,DJI Matrice 300 RTK,M300 RTK,1ZN7L4R0H1D00F,1W9DL31001461C,1ZMLH8300204F0,1Z6PH74DAP0QN7,DJI Pilot,Android,7.0.2,1EF72A62-B7C3-C88D-164E-CE6F8C8424AE,1ZN7L4R0H1D00F,1W9DL31001461C,,1ZMLH8300204F0,1W9DL31001461C,,,,,
2023-11-01,11:28:40.95 AM,4m 18.6s,258.6,33.8015782126848,-117.4710952487943,137.7,137.7,18.3,1402,1887.4,6.043879,6.94893,-0.223694,2.23694,-6.039738,1.342164,0,0,-1,-1.7,1.9,-93.1,266.9,266.5,Tripod,Other,,22,5,True,,True,False,,Smart,RC,False,True,False,,,True,,False,False,False,False,False,False,False,False,False,False,0,Follow Yaw,-77.9,0,-101.7,258.3,False,False,False,False,False,,0,0,False,False,No Card,100,100,1024,1361,1024,1024,2,False,False,False,False,False,0,False,False,False,False,86,,47.424,,8636,,10044,,47.424,,True,3.952,3.952,3.952,3.952,3.952,3.952,3.952,3.952,3.952,3.952,3.952,3.952,0,,False,False,True,,,,,,,,,,,,,,,False,False,18.934,,91.5,,75.7,,91.5,,1610,59,14,17,8,145778.9,19437.18,,Idle,,20,,10,,,20,Go Home,False,False,False,False,False,False,False,False,False,False,False,False,33.8027920380556,-117.4659261431046,1628.3,2972.0,1049.4,396.9,True,1,1,False,False,False,False,,True,False,False,Course Lock,196.8,67,16.4,93,E,S,7.6,11.4,Calm,False,False,Android,7.0.2,M300 RTK,1ZN7L4R0H1D00F,1W9DL31001461C,1ZMLH8300204F0,1Z6PH74DAP0QN7,"Corona, CA",728.3,5.7,137.7,8.547347,2.013246,0,0,DJI Matrice 300 RTK,M300 RTK,1ZN7L4R0H1D00F,1W9DL31001461C,1ZMLH8300204F0,1Z6PH74DAP0QN7,DJI Pilot,Android,7.0.2,1EF72A62-B7C3-C88D-164E-CE6F8C8424AE,1ZN7L4R0H1D00F,1W9DL31001461C,,1ZMLH8300204F0,1W9DL31001461C,,,,,
2023-11-01,11:28:41.05 AM,4m 18.7s,258.7,33.801577979675,-117.4710983373178,137.7,137.7,18.3,1402,1888.3,6.267425,6.94893,-0.223694,2.23694,-6.263432,1.342164,0,0,-1.2,-1.3,1.7,-92.8,267.2,264.8,Tripod,Other,,22,5,True,,True,False,,Smart,RC,False,True,False,,,True,,False,False,False,False,False,False,False,False,False,False,0,Follow Yaw,-77.9,0,-101.7,258.3,False,False,False,False,False,,0,0,False,False,No Card,100,100,1024,1362,1024,1024,2,False,False,False,False,False,0,False,False,False,False,86,,47.424,,8636,,10044,,47.424,,True,3.952,3.952,3.952,3.952,3.952,3.952,3.952,3.952,3.952,3.952,3.952,3.952,0,,False,False,True,,,,,,,,,,,,,,,False,False,18.934,,91.5,,75.7,,91.5,,1610,59,14,17,8,145778.9,19437.18,,Idle,,20,,10,,,20,Go Home,False,False,False,False,False,False,False,False,False,False,False,False,33.8027920380556,-117.4659261431046,1629.2,2972.0,1049.4,396.9,True,1,1,False,False,False,False,,True,False,False,Course Lock,196.8,67,16.4,93,E,S,7.6,11.4,Calm,False,False,Android,7.0.2,M300 RTK,1ZN7L4R0H1D00F,1W9DL31001461C,1ZMLH8300204F0,1Z6PH74DAP0QN7,"Corona, CA",728.3,5.7,137.7,8.547347,2.013246,0,0,DJI Matrice 300 RTK,M300 RTK,1ZN7L4R0H1D00F,1W9DL31001461C,1ZMLH8300204F0,1Z6PH74DAP0QN7,DJI Pilot,Android,7.0.2,1EF72A62-B7C3-C88D-164E-CE6F8C8424AE,1ZN7L4R0H1D00F,1W9DL31001461C,,1ZMLH8300204F0,1W9DL31001461C,,,,,
2023-11-01,11:28:41.14 AM,4m 18.8s,258.8,33.8015778393208,-117.4711014116571,137.7,137.7,18.3,1402,1889.3,6.267425,6.94893,-0.223694,2.23694,-6.263432,1.342164,0,0,-1.1,-0.9,1.4,-92.6,267.4,266.8,Tripod,Other,,22,5,True,,True,False,,Smart,RC,False,True,False,,,True,,False,False,False,False,False,False,False,False,False,False,0,Follow Yaw,-77.9,0,-101.7,258.3,False,False,False,False,False,,0,0,False,False,No Card,100,100,1024,1362,1024,1024,2,False,False,False,False,False,0,False,False,False,False,86,,47.424,,8636,,10044,,47.424,,True,3.952,3.952,3.952,3.952,3.952,3.952,3.952,3.952,3.952,3.952,3.952,3.952,0,,False,False,True,,,,,,,,,,,,,,,False,False,18.934,,91.5,,75.7,,91.5,,1610,59,14,17,8,145778.9,19437.18,,Idle,,20,,10,,,20,Go Home,False,False,False,False,False,False,False,False,False,False,False,False,33.8027920380556,-117.4659261431046,1630.1,2972.0,1049.4,396.9,True,1,1,False,False,False,False,,True,False,False,Course Lock,196.8,67,16.4,93,E,S,7.6,11.4,Calm,False,False,Android,7.0.2,M300 RTK,1ZN7L4R0H1D00F,1W9DL31001461C,1ZMLH8300204F0,1Z6PH74DAP0QN7,"Corona, CA",728.3,5.7,137.7,8.547347,2.013246,0,0,DJI Matrice 300 RTK,M300 RTK,1ZN7L4R0H1D00F,1W9DL31001461C,1ZMLH8300204F0,1Z6PH74DAP0QN7,DJI Pilot,Android,7.0.2,1EF72A62-B7C3-C88D-164E-CE6F8C8424AE,1ZN7L4R0H1D00F,1W9DL31001461C,,1ZMLH8300204F0,1W9DL31001461C,,,,,
2023-11-01,11:28:41.26 AM,4m 18.9s,258.9,33.8015779045636,-117.4711045427332,137.7,137.7,18.3,1402,1890.2,6.263432,6.94893,0,2.23694,-6.263432,1.342164,0,0,-0.8,-0.8,1.1,-92.7,267.3,271.4,Tripod,Other,,22,5,True,,True,False,,Smart,RC,False,True,False,,,True,,False,False,False,False,False,False,False,False,False,False,0,Follow Yaw,-77.9,0,-101.7,258.3,False,False,False,False,False,,0,0,False,False,No Card,100,100,1024,1362,1024,1024,2,False,False,False,False,False,0,False,False,False,False,86,,47.424,,8636,,10044,,47.424,,True,3.952,3.952,3.952,3.952,3.952,3.952,3.952,3.952,3.952,3.952,3.952,3.952,0,,False,False,True,,,,,,,,,,,,,,,False,False,18.934,,91.5,,75.7,,91.5,,1610,59,14,17,8,145778.9,19437.18,,Idle,,20,,10,,,20,Go Home,False,False,False,False,False,False,False,False,False,False,False,False,33.8027920380556,-117.4659261431046,1631.1,2972.0,1049.4,396.9,True,1,1,False,False,False,False,,True,False,False,Course Lock,196.8,67,16.4,93,E,S,7.6,11.4,Calm,False,False,Android,7.0.2,M300 RTK,1ZN7L4R0H1D00F,1W9DL31001461C,1ZMLH8300204F0,1Z6PH74DAP0QN7,"Corona, CA",728.3,5.7,137.7,8.547347,2.013246,0,0,DJI Matrice 300 RTK,M300 RTK,1ZN7L4R0H1D00F,1W9DL31001461C,1ZMLH8300204F0,1Z6PH74DAP0QN7,DJI Pilot,Android,7.0.2,1EF72A62-B7C3-C88D-164E-CE6F8C8424AE,1ZN7L4R0H1D00F,1W9DL31001461C,,1ZMLH8300204F0,1W9DL31001461C,,,,,
2023-11-01,11:28:41.36 AM,4m 19.0s,259.0,33.8015778278074,-117.4711076444512,137.7,137.7,18.3,1402,1891.1,6.263432,6.94893,0,2.23694,-6.263432,1.342164,0,0,-0.7,-1.5,1.6,-93,267,268.2,Tripod,Other,,22,5,True,,True,False,,Smart,RC,False,True,False,,,True,,False,False,False,False,False,False,False,False,False,False,0,Follow Yaw,-77.9,0,-101.7,258.3,False,False,False,False,False,,0,0,False,False,No Card,100,100,1024,1365,1024,1024,2,False,False,False,False,False,0,False,False,False,False,86,,47.448,,8636,,10044,,47.448,,True,3.952,3.952,3.952,3.952,3.952,3.952,3.952,3.952,3.952,3.952,3.952,3.952,0,,False,False,True,,,,,,,,,,,,,,,False,False,19.224,,91.5,,75.7,,91.5,,1610,59,14,17,8,145778.9,19437.18,,Idle,,20,,10,,,20,Go Home,False,False,False,False,False,False,False,False,False,False,False,False,33.8027920380556,-117.4659261431046,1632.0,2972.0,1049.4,396.9,True,1,1,False,False,False,False,,True,False,False,Course Lock,196.8,67,16.4,93,E,S,7.6,11.4,Calm,False,False,Android,7.0.2,M300 RTK,1ZN7L4R0H1D00F,1W9DL31001461C,1ZMLH8300204F0,1Z6PH74DAP0QN7,"Corona, CA",728.3,5.7,137.7,8.547347,2.013246,0,0,DJI Matrice 300 RTK,M300 RTK,1ZN7L4R0H1D00F,1W9DL31001461C,1ZMLH8300204F0,1Z6PH74DAP0QN7,DJI Pilot,Android,7.0.2,1EF72A62-B7C3-C88D-164E-CE6F8C8424AE,1ZN7L4R0H1D00F,1W9DL31001461C,,1ZMLH8300204F0,1W9DL31001461C,,,,,
2023-11-01,11:28:41.46 AM,4m 19.1s,259.1,33.8015777779159,-117.4711107943296,137.7,137.7,18.3,1402,1892.1,6.263432,6.94893,0,2.23694,-6.263432,1.342164,0,0,-0.6,-2.4,2.4,-93.3,266.7,268.9,Tripod,Other,,22,5,True,,True,False,,Smart,RC,False,True,False,,,True,,False,False,False,False,False,False,False,False,False,False,0,Follow Yaw,-77.9,0,-101.7,258.3,False,False,False,False,False,,0,0,False,False,No Card,100,100,1024,1362,1024,1024,2,False,False,False,False,False,0,False,False,False,False,86,,47.448,,8636,,10044,,47.448,,True,3.952,3.952,3.952,3.952,3.952,3.952,3.952,3.952,3.952,3.952,3.952,3.952,0,,False,False,True,,,,,,,,,,,,,,,False,False,19.224,,91.5,,75.7,,91.5,,1610,59,14,17,8,145778.9,19437.18,,Idle,,20,,10,,,20,Go Home,False,False,False,False,False,False,False,False,False,False,False,False,33.8027920380556,-117.4659261431046,1632.9,2972.0,1049.4,396.9,True,1,1,False,False,False,False,,True,False,False,Course Lock,196.8,67,16.4,93,E,S,7.6,11.4,Calm,False,False,Android,7.0.2,M300 RTK,1ZN7L4R0H1D00F,1W9DL31001461C,1ZMLH8300204F0,1Z6PH74DAP0QN7,"Corona, CA",728.3,5.7,137.7,8.547347,2.013246,0,0,DJI Matrice 300 RTK,M300 RTK,1ZN7L4R0H1D00F,1W9DL31001461C,1ZMLH8300204F0,1Z6PH74DAP0QN7,DJI Pilot,Android,7.0.2,1EF72A62-B7C3-C88D-164E-CE6F8C8424AE,1ZN7L4R0H1D00F,1W9DL31001461C,,1ZMLH8300204F0,1W9DL31001461C,,,,,
2023-11-01,11:28:41.57 AM,4m 19.2s,259.2,33.8015777066423,-117.4711139095721,137.7,137.7,18.3,1402,1893.0,6.263432,6.94893,0,2.23694,-6.263432,1.342164,0,0,-0.5,-3.1,3.1,-93.5,266.5,268.4,Tripod,Other,,22,5,True,,True,False,,Smart,RC,False,True,False,,,True,,False,False,False,False,False,False,False,False,False,False,0,Follow Yaw,-77.9,0,-101.7,258.3,False,False,False,False,False,,0,0,False,False,No Card,100,100,1024,1361,1024,1024,2,False,False,False,False,False,0,False,False,False,False,86,,47.448,,8636,,10044,,47.448,,True,3.952,3.952,3.952,3.952,3.952,3.952,3.952,3.952,3.952,3.952,3.952,3.952,0,,False,False,True,,,,,,,,,,,,,,,False,False,19.224,,91.5,,75.7,,91.5,,1610,59,14,17,8,145778.9,19437.18,,Idle,,20,,10,,,20,Go Home,False,False,False,False,False,False,False,False,False,False,False,False,33.8027920380556,-117.4659261431046,1633.8,2972.0,1049.4,396.9,True,1,1,False,False,False,False,,True,False,False,Course Lock,196.8,67,16.4,93,E,S,7.6,11.4,Calm,False,False,Android,7.0.2,M300 RTK,1ZN7L4R0H1D00F,1W9DL31001461C,1ZMLH8300204F0,1Z6PH74DAP0QN7,"Corona, CA",728.3,5.7,137.7,8.547347,2.013246,0,0,DJI Matrice 300 RTK,M300 RTK,1ZN7L4R0H1D00F,1W9DL31001461C,1ZMLH8300204F0,1Z6PH74DAP0QN7,DJI Pilot,Android,7.0.2,1EF72A62-B7C3-C88D-164E-CE6F8C8424AE,1ZN7L4R0H1D00F,1W9DL31001461C,,1ZMLH8300204F0,1W9DL31001461C,,,,,
2023-11-01,11:28:41.67 AM,4m 19.3s,259.3,33.8015776611369,-117.4711173411548,137.7,137.7,18.0,1402,1894.1,6.267425,6.94893,-0.223694,2.23694,-6.263432,1.342164,0,0,-0.4,-3.3,3.3,-93.7,266.3,269.0,Tripod,Other,,22,5,True,,True,False,,Smart,RC,False,True,False,,,True,,False,False,False,False,False,False,False,False,False,False,0,Follow Yaw,-77.9,0,-101.7,258.3,False,False,False,False,False,,0,0,False,False,No Card,100,100,1024,1361,1024,1024,2,False,False,False,False,False,0,False,False,False,False,86,,47.448,,8636,,10044,,47.448,,True,3.952,3.952,3.952,3.952,3.952,3.952,3.952,3.952,3.952,3.952,3.952,3.952,0,,False,False,True,,,,,,,,,,,,,,,False,False,19.224,,91.5,,75.7,,91.5,,1608,59,14,17,8,145296.8,19372.91,,Idle,,20,,10,,,20,Go Home,False,False,False,False,False,False,False,False,False,False,False,False,33.8027920380556,-117.4659261431046,1634.8,2972.0,1049.4,396.9,True,1,1,False,False,False,False,,True,False,False,Course Lock,196.8,67,16.4,93,E,S,7.6,11.4,Calm,False,False,Android,7.0.2,M300 RTK,1ZN7L4R0H1D00F,1W9DL31001461C,1ZMLH8300204F0,1Z6PH74DAP0QN7,"Corona, CA",728.3,5.7,137.7,8.547347,2.013246,0,0,DJI Matrice 300 RTK,M300 RTK,1ZN7L4R0H1D00F,1W9DL31001461C,1ZMLH8300204F0,1Z6PH74DAP0QN7,DJI Pilot,Android,7.0.2,1EF72A62-B7C3-C88D-164E-CE6F8C8424AE,1ZN7L4R0H1D00F,1W9DL31001461C,,1ZMLH8300204F0,1W9DL31001461C,,,,,
2023-11-01,11:28:41.78 AM,4m 19.4s,259.4,33.8015775487439,-117.4711204827865,137.7,137.7,18.3,1402,1895.0,6.267425,6.94893,-0.223694,2.23694,-6.263432,1.342164,0,0,-0.5,-3,3,-93.7,266.3,267.5,Tripod,Other,,22,5,True,,True,False,,Smart,RC,False,True,False,,,True,,False,False,False,False,False,False,False,False,False,False,0,Follow Yaw,-77.9,0,-101.7,258.3,False,False,False,False,False,,0,0,False,False,No Card,100,100,1024,1357,1024,1024,2,False,False,False,False,False,0,False,False,False,False,86,,47.448,,8636,,10044,,47.448,,True,3.952,3.952,3.952,3.952,3.952,3.952,3.952,3.952,3.952,3.952,3.952,3.952,0,,False,False,True,,,,,,,,,,,,,,,False,False,19.224,,91.5,,75.7,,91.5,,1608,59,14,17,8,145296.8,19372.91,,Idle,,20,,10,,,20,Go Home,False,False,False,False,False,False,False,False,False,False,False,False,33.8027920380556,-117.4659261431046,1635.7,2972.0,1049.4,396.9,True,1,1,False,False,False,False,,True,False,False,Course Lock,196.8,67,16.4,93,E,S,7.6,11.4,Calm,False,False,Android,7.0.2,M300 RTK,1ZN7L4R0H1D00F,1W9DL31001461C,1ZMLH8300204F0,1Z6PH74DAP0QN7,"Corona, CA",728.3,5.7,137.7,8.547347,2.013246,0,0,DJI Matrice 300 RTK,M300 RTK,1ZN7L4R0H1D00F,1W9DL31001461C,1ZMLH8300204F0,1Z6PH74DAP0QN7,DJI Pilot,Android,7.0.2,1EF72A62-B7C3-C88D-164E-CE6F8C8424AE,1ZN7L4R0H1D00F,1W9DL31001461C,,1ZMLH8300204F0,1W9DL31001461C,,,,,
2023-11-01,11:28:41.88 AM,4m 19.5s,259.5,33.8015772872247,-117.4711232041706,137.7,137.7,18.3,1402,1895.9,6.267425,6.94893,-0.223694,2.23694,-6.263432,1.342164,0,0,-0.6,-2.3,2.3,-93.7,266.3,263.4,Tripod,Other,,22,5,True,,True,False,,Smart,RC,False,True,False,,,True,,False,False,False,False,False,False,False,False,False,False,0,Follow Yaw,-77.9,0,-101.7,258.3,False,False,False,False,False,,0,0,False,False,No Card,100,100,1024,1358,1024,1024,2,False,False,False,False,False,0,False,False,False,False,86,,47.448,,8636,,10044,,47.448,,True,3.952,3.952,3.952,3.952,3.952,3.952,3.952,3.952,3.952,3.952,3.952,3.952,0,,False,False,True,,,,,,,,,,,,,,,False,False,19.224,,91.5,,75.7,,91.5,,1608,59,14,17,8,145296.8,19372.91,,Idle,,20,,10,,,20,Go Home,False,False,False,False,False,False,False,False,False,False,False,False,33.8027920380556,-117.4659261431046,1636.6,2972.0,1049.4,396.9,True,1,1,False,False,False,False,,True,False,False,Course Lock,196.8,67,16.4,93,E,S,7.6,11.4,Calm,False,False,Android,7.0.2,M300 RTK,1ZN7L4R0H1D00F,1W9DL31001461C,1ZMLH8300204F0,1Z6PH74DAP0QN7,"Corona, CA",728.3,5.7,137.7,8.547347,2.013246,0,0,DJI Matrice 300 RTK,M300 RTK,1ZN7L4R0H1D00F,1W9DL31001461C,1ZMLH8300204F0,1Z6PH74DAP0QN7,DJI Pilot,Android,7.0.2,1EF72A62-B7C3-C88D-164E-CE6F8C8424AE,1ZN7L4R0H1D00F,1W9DL31001461C,,1ZMLH8300204F0,1W9DL31001461C,,,,,
2023-11-01,11:28:41.94 AM,4m 19.6s,259.6,33.8015771370019,-117.4711262996212,137.7,137.7,18.0,1402,1896.8,6.267425,6.94893,-0.223694,2.23694,-6.263432,1.342164,0,0,-0.7,-1.7,1.8,-93.6,266.4,266.6,Tripod,Other,,22,5,True,,True,False,,Smart,RC,False,True,False,,,True,,False,False,False,False,False,False,False,False,False,False,0,Follow Yaw,-77.9,0,-101.7,258.3,False,False,False,False,False,,0,0,False,False,No Card,100,100,1024,1358,1024,1024,2,False,False,False,False,False,0,False,False,False,False,86,,47.448,,8636,,10044,,47.448,,True,3.952,3.952,3.952,3.952,3.952,3.952,3.952,3.952,3.952,3.952,3.952,3.952,0,,False,False,True,,,,,,,,,,,,,,,False,False,19.224,,91.5,,75.7,,91.5,,1608,59,14,17,8,145296.8,19372.91,,Idle,,20,,10,,,20,Go Home,False,False,False,False,False,False,False,False,False,False,False,False,33.8027920380556,-117.4659261431046,1637.5,2972.0,1049.4,396.9,True,1,1,False,False,False,False,,True,False,False,Course Lock,196.8,67,16.4,93,E,S,7.6,11.4,Calm,False,False,Android,7.0.2,M300 RTK,1ZN7L4R0H1D00F,1W9DL31001461C,1ZMLH8300204F0,1Z6PH74DAP0QN7,"Corona, CA",728.3,5.7,137.7,8.547347,2.013246,0,0,DJI Matrice 300 RTK,M300 RTK,1ZN7L4R0H1D00F,1W9DL31001461C,1ZMLH8300204F0,1Z6PH74DAP0QN7,DJI Pilot,Android,7.0.2,1EF72A62-B7C3-C88D-164E-CE6F8C8424AE,1ZN7L4R0H1D00F,1W9DL31001461C,,1ZMLH8300204F0,1W9DL31001461C,,,,,
2023-11-01,11:28:42.04 AM,4m 19.7s,259.7,33.8015770745004,-117.4711294663226,137.7,137.7,18.3,1402,1897.8,6.267425,6.94893,-0.223694,2.23694,-6.263432,1.342164,0,0,-0.5,-1.3,1.3,-93.7,266.3,268.6,Tripod,Other,,22,5,True,,True,False,,Smart,RC,False,True,False,,,True,,False,False,False,False,False,False,False,False,False,False,0,Follow Yaw,-77.9,0,-101.7,258.3,False,False,False,False,False,,0,0,False,False,No Card,100,100,1024,1359,1024,1024,2,False,False,False,False,False,0,False,False,False,False,86,,47.448,,8636,,10044,,47.448,,True,3.952,3.952,3.952,3.952,3.952,3.952,3.952,3.952,3.952,3.952,3.952,3.952,0,,False,False,True,,,,,,,,,,,,,,,False,False,19.224,,91.5,,75.7,,91.5,,1608,59,14,17,8,145296.8,19372.91,,Idle,,20,,10,,,20,Go Home,False,False,False,False,False,False,False,False,False,False,False,False,33.8027920380556,-117.4659261431046,1638.4,2972.0,1049.4,396.9,True,1,1,False,False,False,False,,True,False,False,Course Lock,196.8,67,16.4,93,E,S,7.6,11.4,Calm,False,False,Android,7.0.2,M300 RTK,1ZN7L4R0H1D00F,1W9DL31001461C,1ZMLH8300204F0,1Z6PH74DAP0QN7,"Corona, CA",728.3,5.7,137.7,8.547347,2.013246,0,0,DJI Matrice 300 RTK,M300 RTK,1ZN7L4R0H1D00F,1W9DL31001461C,1ZMLH8300204F0,1Z6PH74DAP0QN7,DJI Pilot,Android,7.0.2,1EF72A62-B7C3-C88D-164E-CE6F8C8424AE,1ZN7L4R0H1D00F,1W9DL31001461C,,1ZMLH8300204F0,1W9DL31001461C,,,,,
2023-11-01,11:28:42.14 AM,4m 19.8s,259.8,33.8015769319532,-117.4711325581448,137.7,137.7,18.3,1402,1898.7,6.267425,6.94893,-0.223694,2.23694,-6.263432,1.342164,0,0,-0.2,-1.4,1.4,-93.7,266.3,266.8,Tripod,Other,,22,5,True,,True,False,,Smart,RC,False,True,False,,,True,,False,False,False,False,False,False,False,False,False,False,0,Follow Yaw,-77.9,0,-101.7,258.3,False,False,False,False,False,,0,0,False,False,No Card,100,100,1024,1359,1024,1024,2,False,False,False,False,False,0,False,False,False,False,86,,47.448,,8636,,10044,,47.448,,True,3.952,3.952,3.952,3.952,3.952,3.952,3.952,3.952,3.952,3.952,3.952,3.952,0,,False,False,True,,,,,,,,,,,,,,,False,False,19.224,,91.5,,75.7,,91.5,,1608,59,14,17,8,145296.8,19372.91,,Idle,,20,,10,,,20,Go Home,False,False,False,False,False,False,False,False,False,False,False,False,33.8027920380556,-117.4659261431046,1639.3,2972.0,1049.4,396.9,True,1,1,False,False,False,False,,True,False,False,Course Lock,196.8,67,16.4,93,E,S,7.6,11.4,Calm,False,False,Android,7.0.2,M300 RTK,1ZN7L4R0H1D00F,1W9DL31001461C,1ZMLH8300204F0,1Z6PH74DAP0QN7,"Corona, CA",728.3,5.7,137.7,8.547347,2.013246,0,0,DJI Matrice 300 RTK,M300 RTK,1ZN7L4R0H1D00F,1W9DL31001461C,1ZMLH8300204F0,1Z6PH74DAP0QN7,DJI Pilot,Android,7.0.2,1EF72A62-B7C3-C88D-164E-CE6F8C8424AE,1ZN7L4R0H1D00F,1W9DL31001461C,,1ZMLH8300204F0,1W9DL31001461C,,,,,
2023-11-01,11:28:42.24 AM,4m 19.9s,259.9,33.8015768491662,-117.4711356051053,137.7,137.7,18.3,1402,1899.6,6.267425,6.94893,-0.223694,2.23694,-6.263432,1.342164,0,0,0,-1.6,1.6,-93.7,266.3,268.1,Tripod,Other,,22,5,True,,True,False,,Smart,RC,False,True,False,,,True,,False,False,False,False,False,False,False,False,False,False,0,Follow Yaw,-77.9,0,-101.7,258.3,False,False,False,False,False,,0,0,False,False,No Card,100,100,1024,1359,1024,1024,2,False,False,False,False,False,0,False,False,False,False,86,,47.448,,8636,,10044,,47.448,,True,3.952,3.952,3.952,3.952,3.952,3.952,3.952,3.952,3.952,3.952,3.952,3.952,0,,False,False,True,,,,,,,,,,,,,,,False,False,19.224,,91.5,,75.7,,91.5,,1608,59,14,17,8,145296.8,19372.91,,Idle,,20,,10,,,20,Go Home,False,False,False,False,False,False,False,False,False,False,False,False,33.8027920380556,-117.4659261431046,1640.2,2972.0,1049.4,396.9,True,1,1,False,False,False,False,,True,False,False,Course Lock,196.8,67,16.4,93,E,S,7.6,11.4,Calm,False,False,Android,7.0.2,M300 RTK,1ZN7L4R0H1D00F,1W9DL31001461C,1ZMLH8300204F0,1Z6PH74DAP0QN7,"Corona, CA",728.3,5.7,137.7,8.547347,2.013246,0,0,DJI Matrice 300 RTK,M300 RTK,1ZN7L4R0H1D00F,1W9DL31001461C,1ZMLH8300204F0,1Z6PH74DAP0QN7,DJI Pilot,Android,7.0.2,1EF72A62-B7C3-C88D-164E-CE6F8C8424AE,1ZN7L4R0H1D00F,1W9DL31001461C,,1ZMLH8300204F0,1W9DL31001461C,,,,,
2023-11-01,11:28:42.34 AM,4m 20.0s,260.0,33.8015767153912,-117.4711386754862,137.7,137.7,18.3,1402,1900.6,6.267425,6.94893,-0.223694,2.23694,-6.263432,1.342164,0,0,0,-1.7,1.7,-93.5,266.5,266.9,Tripod,Other,,22,5,True,,True,False,,Smart,RC,False,True,False,,,True,,False,False,False,False,False,False,False,False,False,False,0,Follow Yaw,-77.9,0,-101.7,258.3,False,False,False,False,False,,0,0,False,False,No Card,100,100,1024,1361,1024,1024,2,False,False,False,False,False,0,False,False,False,False,86,,47.412,,8636,,10044,,47.412,,True,3.952,3.952,3.952,3.952,3.952,3.952,3.952,3.952,3.952,3.952,3.952,3.952,0,,False,False,True,,,,,,,,,,,,,,,False,False,18.896,,91.5,,75.7,,91.5,,1608,59,14,17,8,145296.8,19372.91,,Idle,,20,,10,,,20,Go Home,False,False,False,False,False,False,False,False,False,False,False,False,33.8027920380556,-117.4659261431046,1641.1,2972.0,1049.4,396.9,True,1,1,False,False,False,False,,True,False,False,Course Lock,196.8,67,16.4,93,E,S,7.6,11.4,Calm,False,False,Android,7.0.2,M300 RTK,1ZN7L4R0H1D00F,1W9DL31001461C,1ZMLH8300204F0,1Z6PH74DAP0QN7,"Corona, CA",728.3,5.7,137.7,8.547347,2.013246,0,0,DJI Matrice 300 RTK,M300 RTK,1ZN7L4R0H1D00F,1W9DL31001461C,1ZMLH8300204F0,1Z6PH74DAP0QN7,DJI Pilot,Android,7.0.2,1EF72A62-B7C3-C88D-164E-CE6F8C8424AE,1ZN7L4R0H1D00F,1W9DL31001461C,,1ZMLH8300204F0,1W9DL31001461C,,,,,
2023-11-01,11:28:42.44 AM,4m 20.1s,260.1,33.8015765492689,-117.4711417524644,137.7,137.7,18.3,1402,1901.5,6.267425,6.94893,-0.223694,2.23694,-6.263432,1.342164,0,0,-0.2,-1.5,1.5,-93.4,266.6,266.2,Tripod,Other,,22,5,True,,True,False,,Smart,RC,False,True,False,,,True,,False,False,False,False,False,False,False,False,False,False,0,Follow Yaw,-77.9,0,-101.7,258.3,False,False,False,False,False,,0,0,False,False,No Card,100,100,1024,1362,1024,1024,2,False,False,False,False,False,0,False,False,False,False,86,,47.412,,8636,,10044,,47.412,,True,3.952,3.952,3.952,3.952,3.952,3.952,3.952,3.952,3.952,3.952,3.952,3.952,0,,False,False,True,,,,,,,,,,,,,,,False,False,18.896,,91.5,,75.7,,91.5,,1608,59,14,17,8,145296.8,19372.91,,Idle,,20,,10,,,20,Go Home,False,False,False,False,False,False,False,False,False,False,False,False,33.8027920380556,-117.4659261431046,1642.0,2972.0,1049.4,396.9,True,1,1,False,False,False,False,,True,False,False,Course Lock,196.8,67,16.4,93,E,S,7.6,11.4,Calm,False,False,Android,7.0.2,M300 RTK,1ZN7L4R0H1D00F,1W9DL31001461C,1ZMLH8300204F0,1Z6PH74DAP0QN7,"Corona, CA",728.3,5.7,137.7,8.547347,2.013246,0,0,DJI Matrice 300 RTK,M300 RTK,1ZN7L4R0H1D00F,1W9DL31001461C,1ZMLH8300204F0,1Z6PH74DAP0QN7,DJI Pilot,Android,7.0.2,1EF72A62-B7C3-C88D-164E-CE6F8C8424AE,1ZN7L4R0H1D00F,1W9DL31001461C,,1ZMLH8300204F0,1W9DL31001461C,,,,,
2023-11-01,11:28:42.54 AM,4m 20.2s,260.2,33.8015764171386,-117.4711448010742,137.7,137.7,18.3,1402,1902.4,6.267425,6.94893,-0.223694,2.23694,-6.263432,1.342164,0,0,-0.7,-1.4,1.5,-93.4,266.6,267.0,Tripod,Other,,22,5,True,,True,False,,Smart,RC,False,True,False,,,True,,False,False,False,False,False,False,False,False,False,False,0,Follow Yaw,-77.9,0,-101.7,258.3,False,False,False,False,False,,0,0,False,False,No Card,100,100,1024,1362,1024,1024,2,False,False,False,False,False,0,False,False,False,False,86,,47.412,,8636,,10044,,47.412,,True,3.952,3.952,3.952,3.952,3.952,3.952,3.952,3.952,3.952,3.952,3.952,3.952,0,,False,False,True,,,,,,,,,,,,,,,False,False,18.896,,91.5,,75.7,,91.5,,1608,59,14,17,8,145296.8,19372.91,,Idle,,20,,10,,,20,Go Home,False,False,False,False,False,False,False,False,False,False,False,False,33.8027920380556,-117.4659261431046,1642.9,2972.0,1049.4,396.9,True,1,1,False,False,False,False,,True,False,False,Course Lock,196.8,67,16.4,93,E,S,7.6,11.4,Calm,False,False,Android,7.0.2,M300 RTK,1ZN7L4R0H1D00F,1W9DL31001461C,1ZMLH8300204F0,1Z6PH74DAP0QN7,"Corona, CA",728.3,5.7,137.7,8.547347,2.013246,0,0,DJI Matrice 300 RTK,M300 RTK,1ZN7L4R0H1D00F,1W9DL31001461C,1ZMLH8300204F0,1Z6PH74DAP0QN7,DJI Pilot,Android,7.0.2,1EF72A62-B7C3-C88D-164E-CE6F8C8424AE,1ZN7L4R0H1D00F,1W9DL31001461C,,1ZMLH8300204F0,1W9DL31001461C,,,,,
2023-11-01,11:28:42.64 AM,4m 20.3s,260.3,33.8015764193317,-117.4711478889379,137.7,137.7,18.3,1402,1903.4,6.043879,6.94893,-0.223694,2.23694,-6.039738,1.342164,0,0,-0.8,-1.6,1.7,-93.5,266.5,270.0,Tripod,Other,,22,5,True,,True,False,,Smart,RC,False,True,False,,,True,,False,False,False,False,False,False,False,False,False,False,0,Follow Yaw,-77.9,0,-101.7,258.3,False,False,False,False,False,,0,0,False,False,No Card,100,100,1024,1365,1024,1024,2,False,False,False,False,False,0,False,False,False,False,86,,47.412,,8636,,10044,,47.412,,True,3.953,3.953,3.953,3.953,3.953,3.953,3.953,3.953,3.953,3.953,3.953,3.953,0,,False,False,True,,,,,,,,,,,,,,,False,False,18.896,,91.5,,75.7,,91.5,,1608,59,14,17,8,144804.8,19307.31,,Idle,,20,,10,,,20,Go Home,False,False,False,False,False,False,False,False,False,False,False,False,33.8027920380556,-117.4659261431046,1643.8,2972.0,1049.4,396.9,True,1,1,False,False,False,False,,True,False,False,Course Lock,196.8,67,16.4,93,E,S,7.6,11.4,Calm,False,False,Android,7.0.2,M300 RTK,1ZN7L4R0H1D00F,1W9DL31001461C,1ZMLH8300204F0,1Z6PH74DAP0QN7,"Corona, CA",728.3,5.7,137.7,8.547347,2.013246,0,0,DJI Matrice 300 RTK,M300 RTK,1ZN7L4R0H1D00F,1W9DL31001461C,1ZMLH8300204F0,1Z6PH74DAP0QN7,DJI Pilot,Android,7.0.2,1EF72A62-B7C3-C88D-164E-CE6F8C8424AE,1ZN7L4R0H1D00F,1W9DL31001461C,,1ZMLH8300204F0,1W9DL31001461C,,,,,
2023-11-01,11:28:42.74 AM,4m 20.4s,260.4,33.8015762987148,-117.4711509372179,137.7,137.7,18.3,1402,1904.3,6.043879,6.94893,-0.223694,2.23694,-6.039738,1.342164,0,0,-0.9,-1.9,2.1,-93.6,266.4,267.2,Tripod,Other,,22,5,True,,True,False,,Smart,RC,False,True,False,,,True,,False,False,False,False,False,False,False,False,False,False,0,Follow Yaw,-77.9,0,-101.7,258.3,False,False,False,False,False,,0,0,False,False,No Card,100,100,1024,1360,1024,1024,2,False,False,False,False,False,0,False,False,False,False,86,,47.412,,8636,,10044,,47.412,,True,3.953,3.953,3.953,3.953,3.953,3.953,3.953,3.953,3.953,3.953,3.953,3.953,0,,False,False,True,,,,,,,,,,,,,,,False,False,18.896,,91.5,,75.7,,91.5,,1608,59,14,17,8,144804.8,19307.31,,Idle,,20,,10,,,20,Go Home,False,False,False,False,False,False,False,False,False,False,False,False,33.8027920380556,-117.4659261431046,1644.8,2972.0,1049.4,396.9,True,1,1,False,False,False,False,,True,False,False,Course Lock,196.8,67,16.4,93,E,S,7.6,11.4,Calm,False,False,Android,7.0.2,M300 RTK,1ZN7L4R0H1D00F,1W9DL31001461C,1ZMLH8300204F0,1Z6PH74DAP0QN7,"Corona, CA",728.3,5.7,137.7,8.547347,2.013246,0,0,DJI Matrice 300 RTK,M300 RTK,1ZN7L4R0H1D00F,1W9DL31001461C,1ZMLH8300204F0,1Z6PH74DAP0QN7,DJI Pilot,Android,7.0.2,1EF72A62-B7C3-C88D-164E-CE6F8C8424AE,1ZN7L4R0H1D00F,1W9DL31001461C,,1ZMLH8300204F0,1W9DL31001461C,,,,,
2023-11-01,11:28:42.80 AM,4m 20.5s,260.5,33.8015761194344,-117.4711540933636,137.7,137.7,18.3,1402,1905.2,6.043879,6.94893,-0.223694,2.23694,-6.039738,1.342164,0,0,-0.9,-2,2.1,-93.7,266.3,266.0,Tripod,Other,,22,5,True,,True,False,,Smart,RC,False,True,False,,,True,,False,False,False,False,False,False,False,False,False,False,0,Follow Yaw,-77.9,0,-101.7,258.3,False,False,False,False,False,,0,0,False,False,No Card,100,100,1024,1358,1024,1024,2,False,False,False,False,False,0,False,False,False,False,86,,47.412,,8636,,10044,,47.412,,True,3.953,3.953,3.953,3.953,3.953,3.953,3.953,3.953,3.953,3.953,3.953,3.953,0,,False,False,True,,,,,,,,,,,,,,,False,False,18.896,,91.5,,75.7,,91.5,,1608,59,14,17,8,144804.8,19307.31,,Idle,,20,,10,,,20,Go Home,False,False,False,False,False,False,False,False,False,False,False,False,33.8027920380556,-117.4659261431046,1645.7,2972.0,1049.4,396.9,True,1,1,False,False,False,False,,True,False,False,Course Lock,196.8,67,16.4,93,E,S,7.38,11.4,Calm,False,False,Android,7.0.2,M300 RTK,1ZN7L4R0H1D00F,1W9DL31001461C,1ZMLH8300204F0,1Z6PH74DAP0QN7,"Corona, CA",728.3,5.7,137.7,8.547347,2.013246,0,0,DJI Matrice 300 RTK,M300 RTK,1ZN7L4R0H1D00F,1W9DL31001461C,1ZMLH8300204F0,1Z6PH74DAP0QN7,DJI Pilot,Android,7.0.2,1EF72A62-B7C3-C88D-164E-CE6F8C8424AE,1ZN7L4R0H1D00F,1W9DL31001461C,,1ZMLH8300204F0,1W9DL31001461C,,,,,
2023-11-01,11:28:42.94 AM,4m 20.6s,260.6,33.8015759768872,-117.4711571462617,137.7,137.7,18.3,1402,1906.2,6.043879,6.94893,-0.223694,2.23694,-6.039738,1.342164,0,0,-0.7,-1.8,1.9,-93.6,266.4,266.7,Tripod,Other,,22,5,True,,True,False,,Smart,RC,False,True,False,,,True,,False,False,False,False,False,False,False,False,False,False,0,Follow Yaw,-77.9,0,-101.7,258.3,False,False,False,False,False,,0,0,False,False,No Card,100,100,1024,1357,1024,1024,2,False,False,False,False,False,0,False,False,False,False,86,,47.412,,8636,,10044,,47.412,,True,3.953,3.953,3.953,3.953,3.953,3.953,3.953,3.953,3.953,3.953,3.953,3.953,0,,False,False,True,,,,,,,,,,,,,,,False,False,18.896,,91.5,,75.7,,91.5,,1608,59,14,17,8,144804.8,19307.31,,Idle,,20,,10,,,20,Go Home,False,False,False,False,False,False,False,False,False,False,False,False,33.8027920380556,-117.4659261431046,1646.6,2972.0,1049.4,396.9,True,1,1,False,False,False,False,,True,False,False,Course Lock,196.8,67,16.4,93,E,S,7.38,11.4,Calm,False,False,Android,7.0.2,M300 RTK,1ZN7L4R0H1D00F,1W9DL31001461C,1ZMLH8300204F0,1Z6PH74DAP0QN7,"Corona, CA",728.3,5.7,137.7,8.547347,2.013246,0,0,DJI Matrice 300 RTK,M300 RTK,1ZN7L4R0H1D00F,1W9DL31001461C,1ZMLH8300204F0,1Z6PH74DAP0QN7,DJI Pilot,Android,7.0.2,1EF72A62-B7C3-C88D-164E-CE6F8C8424AE,1ZN7L4R0H1D00F,1W9DL31001461C,,1ZMLH8300204F0,1W9DL31001461C,,,,,
2023-11-01,11:28:43.04 AM,4m 20.7s,260.7,33.8015758902624,-117.4711603195604,137.7,137.7,18.3,1402,1907.1,6.043879,6.94893,-0.223694,2.23694,-6.039738,1.342164,0,0,-0.5,-1.5,1.5,-93.5,266.5,268.1,Tripod,Other,,22,5,True,,True,False,,Smart,RC,False,True,False,,,True,,False,False,False,False,False,False,False,False,False,False,0,Follow Yaw,-77.9,0,-101.7,258.3,False,False,False,False,False,,0,0,False,False,No Card,100,100,1024,1362,1024,1024,2,False,False,False,False,False,0,False,False,False,False,86,,47.412,,4287,,4986,,47.412,,True,3.953,3.953,3.953,3.953,3.953,3.953,3.953,3.953,3.953,3.953,3.953,3.953,0,,False,False,True,,,,,,,,,,,,,,,False,False,9.51,,91.5,,75.7,,91.5,,1608,59,14,17,8,144804.8,19307.31,,Idle,,20,,10,,,20,Go Home,False,False,False,False,False,False,False,False,False,False,False,False,33.8027920380556,-117.4659261431046,1647.5,2972.0,1049.4,396.9,True,1,1,False,False,False,False,,True,False,False,Course Lock,196.8,67,16.4,93,E,S,7.38,11.4,Calm,False,False,Android,7.0.2,M300 RTK,1ZN7L4R0H1D00F,1W9DL31001461C,1ZMLH8300204F0,1Z6PH74DAP0QN7,"Corona, CA",728.3,5.7,137.7,8.547347,2.013246,0,0,DJI Matrice 300 RTK,M300 RTK,1ZN7L4R0H1D00F,1W9DL31001461C,1ZMLH8300204F0,1Z6PH74DAP0QN7,DJI Pilot,Android,7.0.2,1EF72A62-B7C3-C88D-164E-CE6F8C8424AE,1ZN7L4R0H1D00F,1W9DL31001461C,,1ZMLH8300204F0,1W9DL31001461C,,,,,
2023-11-01,11:28:43.14 AM,4m 20.8s,260.8,33.8015757405878,-117.4711635265053,137.7,137.7,18.3,1402,1908.1,6.043879,6.94893,-0.223694,2.23694,-6.039738,1.342164,0,0,-0.4,-1.4,1.4,-93.4,266.6,266.7,Tripod,Other,,22,5,True,,True,False,,Smart,RC,False,True,False,,,True,,False,False,False,False,False,False,False,False,False,False,0,Follow Yaw,-77.9,0,-101.7,258.3,False,False,False,False,False,,0,0,False,False,No Card,100,100,1024,1363,1024,1024,2,False,False,False,False,False,0,False,False,False,False,86,,47.412,,4287,,4986,,47.412,,True,3.953,3.953,3.953,3.953,3.953,3.953,3.953,3.953,3.953,3.953,3.953,3.953,0,,False,False,True,,,,,,,,,,,,,,,False,False,9.51,,91.5,,75.7,,91.5,,1608,59,14,17,8,144804.8,19307.31,,Idle,,20,,10,,,20,Go Home,False,False,False,False,False,False,False,False,False,False,False,False,33.8027920380556,-117.4659261431046,1648.5,2972.0,1049.4,396.9,True,1,1,False,False,False,False,,True,False,False,Course Lock,196.8,67,16.4,93,E,S,7.38,11.4,Calm,False,False,Android,7.0.2,M300 RTK,1ZN7L4R0H1D00F,1W9DL31001461C,1ZMLH8300204F0,1Z6PH74DAP0QN7,"Corona, CA",728.3,5.7,137.7,8.547347,2.013246,0,0,DJI Matrice 300 RTK,M300 RTK,1ZN7L4R0H1D00F,1W9DL31001461C,1ZMLH8300204F0,1Z6PH74DAP0QN7,DJI Pilot,Android,7.0.2,1EF72A62-B7C3-C88D-164E-CE6F8C8424AE,1ZN7L4R0H1D00F,1W9DL31001461C,,1ZMLH8300204F0,1W9DL31001461C,,,,,
2023-11-01,11:28:43.21 AM,4m 20.9s,260.9,33.8015755229293,-117.4711663531162,137.7,137.7,18.3,1402,1909.0,6.043879,6.94893,-0.223694,2.23694,-6.039738,1.342164,0,0,-0.4,-1.5,1.5,-93.5,266.5,264.7,Tripod,Other,,22,5,True,,True,False,,Smart,RC,False,True,False,,,True,,False,False,False,False,False,False,False,False,False,False,0,Follow Yaw,-77.9,0,-101.7,258.3,False,False,False,False,False,,0,0,False,False,No Card,100,100,1024,1365,1024,1024,2,False,False,False,False,False,0,False,False,False,False,86,,47.412,,4287,,4986,,47.412,,True,3.953,3.953,3.953,3.953,3.953,3.953,3.953,3.953,3.953,3.953,3.953,3.953,0,,False,False,True,,,,,,,,,,,,,,,False,False,9.51,,91.5,,75.7,,91.5,,1608,59,14,17,8,144804.8,19307.31,,Idle,,20,,10,,,20,Go Home,False,False,False,False,False,False,False,False,False,False,False,False,33.8027920380556,-117.4659261431046,1649.3,2972.0,1049.4,396.9,True,1,1,False,False,False,False,,True,False,False,Course Lock,196.8,67,16.4,93,E,S,7.38,11.4,Calm,False,False,Android,7.0.2,M300 RTK,1ZN7L4R0H1D00F,1W9DL31001461C,1ZMLH8300204F0,1Z6PH74DAP0QN7,"Corona, CA",728.3,5.7,137.7,8.547347,2.013246,0,0,DJI Matrice 300 RTK,M300 RTK,1ZN7L4R0H1D00F,1W9DL31001461C,1ZMLH8300204F0,1Z6PH74DAP0QN7,DJI Pilot,Android,7.0.2,1EF72A62-B7C3-C88D-164E-CE6F8C8424AE,1ZN7L4R0H1D00F,1W9DL31001461C,,1ZMLH8300204F0,1W9DL31001461C,,,,,
2023-11-01,11:28:43.34 AM,4m 21.0s,261.0,33.8015753803821,-117.4711693891912,137.7,137.7,18.3,1402,1909.9,6.043879,6.94893,-0.223694,2.23694,-6.039738,1.342164,0,0,-0.5,-1.6,1.6,-93.5,266.5,266.7,Tripod,Other,,22,5,True,,True,False,,Smart,RC,False,True,False,,,True,,False,False,False,False,False,False,False,False,False,False,0,Follow Yaw,-77.9,0,-101.7,258.3,False,False,False,False,False,,0,0,False,False,No Card,100,100,1024,1366,1024,1024,2,False,False,False,False,False,0,False,False,False,False,86,,47.46,,8636,,10044,,47.46,,True,3.953,3.953,3.953,3.953,3.953,3.953,3.953,3.953,3.953,3.953,3.953,3.953,0,,False,False,True,,,,,,,,,,,,,,,False,False,19.298,,91.7,,75.7,,91.7,,1608,59,14,17,8,144804.8,19307.31,,Idle,,20,,10,,,20,Go Home,False,False,False,False,False,False,False,False,False,False,False,False,33.8027920380556,-117.4659261431046,1650.2,2972.0,1049.4,396.9,True,1,1,False,False,False,False,,True,False,False,Course Lock,196.8,67,16.4,93,E,S,7.38,11.4,Calm,False,False,Android,7.0.2,M300 RTK,1ZN7L4R0H1D00F,1W9DL31001461C,1ZMLH8300204F0,1Z6PH74DAP0QN7,"Corona, CA",728.3,5.7,137.7,8.547347,2.013246,0,0,DJI Matrice 300 RTK,M300 RTK,1ZN7L4R0H1D00F,1W9DL31001461C,1ZMLH8300204F0,1Z6PH74DAP0QN7,DJI Pilot,Android,7.0.2,1EF72A62-B7C3-C88D-164E-CE6F8C8424AE,1ZN7L4R0H1D00F,1W9DL31001461C,,1ZMLH8300204F0,1W9DL31001461C,,,,,
2023-11-01,11:28:43.42 AM,4m 21.1s,261.1,33.801575244414,-117.4711725809623,137.7,137.7,18.3,1402,1910.9,6.043879,6.94893,-0.223694,2.23694,-6.039738,1.342164,0,0,-0.7,-1.5,1.6,-93.4,266.6,267.0,Tripod,Other,,22,5,True,,True,False,,Smart,RC,False,True,False,,,True,,False,False,False,False,False,False,False,False,False,False,0,Follow Yaw,-77.9,0,-101.7,258.3,False,False,False,False,False,,0,0,False,False,No Card,100,100,1024,1364,1024,1024,2,False,False,False,False,False,0,False,False,False,False,86,,47.46,,8636,,10044,,47.46,,True,3.953,3.953,3.953,3.953,3.953,3.953,3.953,3.953,3.953,3.953,3.953,3.953,0,,False,False,True,,,,,,,,,,,,,,,False,False,19.298,,91.7,,75.7,,91.7,,1608,59,14,17,8,144804.8,19307.31,,Idle,,20,,10,,,20,Go Home,False,False,False,False,False,False,False,False,False,False,False,False,33.8027920380556,-117.4659261431046,1651.2,2972.0,1049.4,396.9,True,1,1,False,False,False,False,,True,False,False,Course Lock,196.8,67,16.4,93,E,S,7.38,11.4,Calm,False,False,Android,7.0.2,M300 RTK,1ZN7L4R0H1D00F,1W9DL31001461C,1ZMLH8300204F0,1Z6PH74DAP0QN7,"Corona, CA",728.3,5.7,137.7,8.547347,2.013246,0,0,DJI Matrice 300 RTK,M300 RTK,1ZN7L4R0H1D00F,1W9DL31001461C,1ZMLH8300204F0,1Z6PH74DAP0QN7,DJI Pilot,Android,7.0.2,1EF72A62-B7C3-C88D-164E-CE6F8C8424AE,1ZN7L4R0H1D00F,1W9DL31001461C,,1ZMLH8300204F0,1W9DL31001461C,,,,,
2023-11-01,11:28:43.54 AM,4m 21.2s,261.2,33.8015751095425,-117.4711756246242,137.7,137.7,18.3,1402,1911.8,6.043879,6.94893,-0.223694,2.23694,-6.039738,1.342164,0,0,-0.8,-1.8,1.9,-93.4,266.6,266.9,Tripod,Other,,22,5,True,,True,False,,Smart,RC,False,True,False,,,True,,False,False,False,False,False,False,False,False,False,False,0,Follow Yaw,-77.9,0,-101.7,258.3,False,False,False,False,False,,0,0,False,False,No Card,100,100,1024,1362,1024,1024,2,False,False,False,False,False,0,False,False,False,False,86,,47.46,,8636,,10044,,47.46,,True,3.953,3.953,3.953,3.953,3.953,3.953,3.953,3.953,3.953,3.953,3.953,3.953,0,,False,False,True,,,,,,,,,,,,,,,False,False,19.298,,91.7,,75.7,,91.7,,1608,59,14,17,8,144804.8,19307.31,,Idle,,20,,10,,,20,Go Home,False,False,False,False,False,False,False,False,False,False,False,False,33.8027920380556,-117.4659261431046,1652.1,2972.0,1049.4,396.9,True,1,1,False,False,False,False,,True,False,False,Course Lock,196.8,67,16.4,93,E,S,7.38,11.4,Calm,False,False,Android,7.0.2,M300 RTK,1ZN7L4R0H1D00F,1W9DL31001461C,1ZMLH8300204F0,1Z6PH74DAP0QN7,"Corona, CA",728.3,5.7,137.7,8.547347,2.013246,0,0,DJI Matrice 300 RTK,M300 RTK,1ZN7L4R0H1D00F,1W9DL31001461C,1ZMLH8300204F0,1Z6PH74DAP0QN7,DJI Pilot,Android,7.0.2,1EF72A62-B7C3-C88D-164E-CE6F8C8424AE,1ZN7L4R0H1D00F,1W9DL31001461C,,1ZMLH8300204F0,1W9DL31001461C,,,,,
2023-11-01,11:28:43.64 AM,4m 21.3s,261.3,33.8015749489028,-117.4711784960966,137.7,137.7,18.3,1402,1912.7,6.043879,6.94893,-0.223694,2.23694,-6.039738,1.342164,0,0,-0.8,-2,2.1,-93.3,266.7,266.1,Tripod,Other,,22,5,True,,True,False,,Smart,RC,False,True,False,,,True,,False,False,False,False,False,False,False,False,False,False,0,Follow Yaw,-77.9,0,-101.7,258.3,False,False,False,False,False,,0,0,False,False,No Card,100,100,1024,1360,1024,1024,2,False,False,False,False,False,0,False,False,False,False,86,,47.46,,8636,,10044,,47.46,,True,3.952,3.952,3.952,3.952,3.952,3.952,3.952,3.952,3.952,3.952,3.952,3.952,0,,False,False,True,,,,,,,,,,,,,,,False,False,19.298,,91.7,,75.7,,91.7,,1608,59,14,17,8,144351.4,19246.85,,Idle,,20,,10,,,20,Go Home,False,False,False,False,False,False,False,False,False,False,False,False,33.8027920380556,-117.4659261431046,1652.9,2972.0,1049.4,396.9,True,1,1,False,False,False,False,,True,False,False,Course Lock,196.8,67,16.4,93,E,S,7.38,11.4,Calm,False,False,Android,7.0.2,M300 RTK,1ZN7L4R0H1D00F,1W9DL31001461C,1ZMLH8300204F0,1Z6PH74DAP0QN7,"Corona, CA",728.3,5.7,137.7,8.547347,2.013246,0,0,DJI Matrice 300 RTK,M300 RTK,1ZN7L4R0H1D00F,1W9DL31001461C,1ZMLH8300204F0,1Z6PH74DAP0QN7,DJI Pilot,Android,7.0.2,1EF72A62-B7C3-C88D-164E-CE6F8C8424AE,1ZN7L4R0H1D00F,1W9DL31001461C,,1ZMLH8300204F0,1W9DL31001461C,,,,,
2023-11-01,11:28:43.73 AM,4m 21.4s,261.4,33.8015748085486,-117.4711815308522,137.7,137.7,18.3,1402,1913.6,6.043879,6.94893,-0.223694,2.23694,-6.039738,1.342164,0,0,-0.7,-1.9,2,-93.3,266.7,266.8,Tripod,Other,,22,5,True,,True,False,,Smart,RC,False,True,False,,,True,,False,False,False,False,False,False,False,False,False,False,0,Follow Yaw,-77.9,0,-101.7,258.3,False,False,False,False,False,,0,0,False,False,No Card,100,100,1024,1362,1024,1024,2,False,False,False,False,False,0,False,False,False,False,86,,47.46,,8636,,10044,,47.46,,True,3.952,3.952,3.952,3.952,3.952,3.952,3.952,3.952,3.952,3.952,3.952,3.952,0,,False,False,True,,,,,,,,,,,,,,,False,False,19.298,,91.7,,75.7,,91.7,,1608,59,14,17,8,144351.4,19246.85,,Idle,,20,,10,,,20,Go Home,False,False,False,False,False,False,False,False,False,False,False,False,33.8027920380556,-117.4659261431046,1653.8,2972.0,1049.4,396.9,True,1,1,False,False,False,False,,True,False,False,Course Lock,196.8,67,16.4,93,E,S,7.38,11.4,Calm,False,False,Android,7.0.2,M300 RTK,1ZN7L4R0H1D00F,1W9DL31001461C,1ZMLH8300204F0,1Z6PH74DAP0QN7,"Corona, CA",728.3,5.7,137.7,8.547347,2.013246,0,0,DJI Matrice 300 RTK,M300 RTK,1ZN7L4R0H1D00F,1W9DL31001461C,1ZMLH8300204F0,1Z6PH74DAP0QN7,DJI Pilot,Android,7.0.2,1EF72A62-B7C3-C88D-164E-CE6F8C8424AE,1ZN7L4R0H1D00F,1W9DL31001461C,,1ZMLH8300204F0,1W9DL31001461C,,,,,
2023-11-01,11:28:43.83 AM,4m 21.5s,261.5,33.8015748090969,-117.4711846193757,137.7,137.7,18.3,1402,1914.5,6.043879,6.94893,-0.223694,2.23694,-6.039738,1.342164,0,0,-0.9,-1.8,2,-93.3,266.7,270.0,Tripod,Other,,22,5,True,,True,False,,Smart,RC,False,True,False,,,True,,False,False,False,False,False,False,False,False,False,False,0,Follow Yaw,-77.9,0,-101.7,258.3,False,False,False,False,False,,0,0,False,False,No Card,100,100,1024,1362,1024,1024,2,False,False,False,False,False,0,False,False,False,False,86,,47.46,,8636,,10044,,47.46,,True,3.952,3.952,3.952,3.952,3.952,3.952,3.952,3.952,3.952,3.952,3.952,3.952,0,,False,False,True,,,,,,,,,,,,,,,False,False,19.298,,91.7,,75.7,,91.7,,1608,59,14,17,8,144351.4,19246.85,,Idle,,20,,10,,,20,Go Home,False,False,False,False,False,False,False,False,False,False,False,False,33.8027920380556,-117.4659261431046,1654.7,2972.0,1049.4,396.9,True,1,1,False,False,False,False,,True,False,False,Course Lock,196.8,67,16.4,93,E,S,7.38,11.4,Calm,False,False,Android,7.0.2,M300 RTK,1ZN7L4R0H1D00F,1W9DL31001461C,1ZMLH8300204F0,1Z6PH74DAP0QN7,"Corona, CA",728.3,5.7,137.7,8.547347,2.013246,0,0,DJI Matrice 300 RTK,M300 RTK,1ZN7L4R0H1D00F,1W9DL31001461C,1ZMLH8300204F0,1Z6PH74DAP0QN7,DJI Pilot,Android,7.0.2,1EF72A62-B7C3-C88D-164E-CE6F8C8424AE,1ZN7L4R0H1D00F,1W9DL31001461C,,1ZMLH8300204F0,1W9DL31001461C,,,,,
2023-11-01,11:28:43.94 AM,4m 21.6s,261.6,33.8015746681945,-117.471187662048,137.7,137.7,18.3,1402,1915.4,6.043879,6.94893,-0.223694,2.23694,-6.039738,1.342164,0,0,-1.1,-1.8,2.1,-93.4,266.6,266.8,Tripod,Other,,22,5,True,,True,False,,Smart,RC,False,True,False,,,True,,False,False,False,False,False,False,False,False,False,False,0,Follow Yaw,-77.9,0,-101.7,258.3,False,False,False,False,False,,0,0,False,False,No Card,100,100,1024,1363,1024,1024,2,False,False,False,False,False,0,False,False,False,False,86,,47.46,,8636,,10044,,47.46,,True,3.952,3.952,3.952,3.952,3.952,3.952,3.952,3.952,3.952,3.952,3.952,3.952,0,,False,False,True,,,,,,,,,,,,,,,False,False,19.298,,91.7,,75.7,,91.7,,1608,59,14,17,8,144351.4,19246.85,,Idle,,20,,10,,,20,Go Home,False,False,False,False,False,False,False,False,False,False,False,False,33.8027920380556,-117.4659261431046,1655.6,2972.0,1049.4,396.9,True,1,1,False,False,False,False,,True,False,False,Course Lock,196.8,67,16.4,93,E,S,7.38,11.4,Calm,False,False,Android,7.0.2,M300 RTK,1ZN7L4R0H1D00F,1W9DL31001461C,1ZMLH8300204F0,1Z6PH74DAP0QN7,"Corona, CA",728.3,5.7,137.7,8.547347,2.013246,0,0,DJI Matrice 300 RTK,M300 RTK,1ZN7L4R0H1D00F,1W9DL31001461C,1ZMLH8300204F0,1Z6PH74DAP0QN7,DJI Pilot,Android,7.0.2,1EF72A62-B7C3-C88D-164E-CE6F8C8424AE,1ZN7L4R0H1D00F,1W9DL31001461C,,1ZMLH8300204F0,1W9DL31001461C,,,,,
2023-11-01,11:28:44.04 AM,4m 21.7s,261.7,33.8015742953788,-117.4711907627764,137.7,137.7,18.0,1402,1916.4,6.043879,6.94893,-0.223694,2.23694,-6.039738,1.342164,0,0,-1.1,-1.8,2.1,-93.4,266.6,261.7,Tripod,Other,,22,5,True,,True,False,,Smart,RC,False,True,False,,,True,,False,False,False,False,False,False,False,False,False,False,0,Follow Yaw,-77.9,0,-101.7,258.3,False,False,False,False,False,,0,0,False,False,No Card,100,100,1024,1360,1024,1024,2,False,False,False,False,False,0,False,False,False,False,86,,47.46,,8636,,10044,,47.46,,True,3.952,3.952,3.952,3.952,3.952,3.952,3.952,3.952,3.952,3.952,3.952,3.952,0,,False,False,True,,,,,,,,,,,,,,,False,False,19.298,,91.7,,75.7,,91.7,,1608,59,14,17,8,144351.4,19246.85,,Idle,,20,,10,,,20,Go Home,False,False,False,False,False,False,False,False,False,False,False,False,33.8027920380556,-117.4659261431046,1656.6,2972.0,1049.4,396.9,True,1,1,False,False,False,False,,True,False,False,Course Lock,196.8,67,16.4,93,E,S,7.38,11.4,Calm,False,False,Android,7.0.2,M300 RTK,1ZN7L4R0H1D00F,1W9DL31001461C,1ZMLH8300204F0,1Z6PH74DAP0QN7,"Corona, CA",728.3,5.7,137.7,8.547347,2.013246,0,0,DJI Matrice 300 RTK,M300 RTK,1ZN7L4R0H1D00F,1W9DL31001461C,1ZMLH8300204F0,1Z6PH74DAP0QN7,DJI Pilot,Android,7.0.2,1EF72A62-B7C3-C88D-164E-CE6F8C8424AE,1ZN7L4R0H1D00F,1W9DL31001461C,,1ZMLH8300204F0,1W9DL31001461C,,,,,
2023-11-01,11:28:44.14 AM,4m 21.8s,261.8,33.8015741309013,-117.4711938183134,137.7,137.7,18.0,1402,1917.3,6.043879,6.94893,-0.223694,2.23694,-6.039738,1.342164,0,0,-1,-1.6,1.8,-93.4,266.6,266.2,Tripod,Other,,21,5,True,,True,False,,Smart,RC,False,True,False,,,True,,False,False,False,False,False,False,False,False,False,False,0,Follow Yaw,-77.9,0,-101.7,258.3,False,False,False,False,False,,0,0,False,False,No Card,100,100,1024,1356,1024,1024,2,False,False,False,False,False,0,False,False,False,False,86,,47.46,,8636,,10044,,47.46,,True,3.952,3.952,3.952,3.952,3.952,3.952,3.952,3.952,3.952,3.952,3.952,3.952,0,,False,False,True,,,,,,,,,,,,,,,False,False,19.298,,91.7,,75.7,,91.7,,1608,59,14,17,8,144351.4,19246.85,,Idle,,20,,10,,,20,Go Home,False,False,False,False,False,False,False,False,False,False,False,False,33.8027920380556,-117.4659261431046,1657.5,2972.0,1049.4,396.9,True,1,1,False,False,False,False,,True,False,False,Course Lock,196.8,67,16.4,93,E,S,7.38,11.4,Calm,False,False,Android,7.0.2,M300 RTK,1ZN7L4R0H1D00F,1W9DL31001461C,1ZMLH8300204F0,1Z6PH74DAP0QN7,"Corona, CA",728.3,5.7,137.7,8.547347,2.013246,0,0,DJI Matrice 300 RTK,M300 RTK,1ZN7L4R0H1D00F,1W9DL31001461C,1ZMLH8300204F0,1Z6PH74DAP0QN7,DJI Pilot,Android,7.0.2,1EF72A62-B7C3-C88D-164E-CE6F8C8424AE,1ZN7L4R0H1D00F,1W9DL31001461C,,1ZMLH8300204F0,1W9DL31001461C,,,,,
2023-11-01,11:28:44.24 AM,4m 21.9s,261.9,33.8015741199361,-117.4711969005695,137.7,137.7,18.0,1402,1918.3,6.043879,6.94893,-0.223694,2.23694,-6.039738,1.342164,0,0,-0.9,-1.4,1.6,-93.4,266.6,269.7,Tripod,Other,,21,5,True,,True,False,,Smart,RC,False,True,False,,,True,,False,False,False,False,False,False,False,False,False,False,0,Follow Yaw,-77.9,0,-101.7,258.3,False,False,False,False,False,,0,0,False,False,No Card,100,100,1024,1358,1024,1024,2,False,False,False,False,False,0,False,False,False,False,86,,47.46,,8636,,10044,,47.46,,True,3.952,3.952,3.952,3.952,3.952,3.952,3.952,3.952,3.952,3.952,3.952,3.952,0,,False,False,True,,,,,,,,,,,,,,,False,False,19.298,,91.7,,75.7,,91.7,,1608,59,14,17,8,144351.4,19246.85,,Idle,,20,,10,,,20,Go Home,False,False,False,False,False,False,False,False,False,False,False,False,33.8027920380556,-117.4659261431046,1658.4,2972.0,1049.4,396.9,True,1,1,False,False,False,False,,True,False,False,Course Lock,196.8,67,16.4,93,E,S,7.38,11.4,Calm,False,False,Android,7.0.2,M300 RTK,1ZN7L4R0H1D00F,1W9DL31001461C,1ZMLH8300204F0,1Z6PH74DAP0QN7,"Corona, CA",728.3,5.7,137.7,8.547347,2.013246,0,0,DJI Matrice 300 RTK,M300 RTK,1ZN7L4R0H1D00F,1W9DL31001461C,1ZMLH8300204F0,1Z6PH74DAP0QN7,DJI Pilot,Android,7.0.2,1EF72A62-B7C3-C88D-164E-CE6F8C8424AE,1ZN7L4R0H1D00F,1W9DL31001461C,,1ZMLH8300204F0,1W9DL31001461C,,,,,
2023-11-01,11:28:44.35 AM,4m 22.0s,262.0,33.8015739658755,-117.4712001216986,137.7,137.7,18.0,1402,1919.2,6.043879,6.94893,-0.223694,2.23694,-6.039738,1.342164,0,0,-0.7,-1.4,1.5,-93.5,266.5,266.7,Tripod,Other,,21,5,True,,True,False,,Smart,RC,False,True,False,,,True,,False,False,False,False,False,False,False,False,False,False,0,Follow Yaw,-77.9,0,-101.7,258.3,False,False,False,False,False,,0,0,False,False,No Card,100,100,1024,1361,1024,1024,2,False,False,False,False,False,0,False,False,False,False,86,,47.472,,8636,,10044,,47.472,,True,3.952,3.952,3.952,3.952,3.952,3.952,3.952,3.952,3.952,3.952,3.952,3.952,0,,False,False,True,,,,,,,,,,,,,,,False,False,18.788,,91.7,,75.7,,91.7,,1608,59,14,17,8,144351.4,19246.85,,Idle,,20,,10,,,20,Go Home,False,False,False,False,False,False,False,False,False,False,False,False,33.8027920380556,-117.4659261431046,1659.3,2972.0,1049.4,396.9,True,1,1,False,False,False,False,,True,False,False,Course Lock,196.8,67,16.4,93,E,S,7.38,11.4,Calm,False,False,Android,7.0.2,M300 RTK,1ZN7L4R0H1D00F,1W9DL31001461C,1ZMLH8300204F0,1Z6PH74DAP0QN7,"Corona, CA",728.3,5.7,137.7,8.547347,2.013246,0,0,DJI Matrice 300 RTK,M300 RTK,1ZN7L4R0H1D00F,1W9DL31001461C,1ZMLH8300204F0,1Z6PH74DAP0QN7,DJI Pilot,Android,7.0.2,1EF72A62-B7C3-C88D-164E-CE6F8C8424AE,1ZN7L4R0H1D00F,1W9DL31001461C,,1ZMLH8300204F0,1W9DL31001461C,,,,,
2023-11-01,11:28:44.45 AM,4m 22.1s,262.1,33.8015736626886,-117.4712030218693,137.7,137.7,18.0,1402,1920.1,6.043879,6.94893,-0.223694,2.23694,-6.039738,1.342164,0,0,-0.5,-1.4,1.4,-93.5,266.5,262.8,Tripod,Other,,21,5,True,,True,False,,Smart,RC,False,True,False,,,True,,False,False,False,False,False,False,False,False,False,False,0,Follow Yaw,-77.9,0,-101.7,258.3,False,False,False,False,False,,0,0,False,False,No Card,100,100,1024,1360,1024,1024,2,False,False,False,False,False,0,False,False,False,False,86,,47.472,,8636,,10044,,47.472,,True,3.952,3.952,3.952,3.952,3.952,3.952,3.952,3.952,3.952,3.952,3.952,3.952,0,,False,False,True,,,,,,,,,,,,,,,False,False,18.788,,91.7,,75.7,,91.7,,1608,59,14,17,8,144351.4,19246.85,,Idle,,20,,10,,,20,Go Home,False,False,False,False,False,False,False,False,False,False,False,False,33.8027920380556,-117.4659261431046,1660.2,2972.0,1049.4,396.9,True,1,1,False,False,False,False,,True,False,False,Course Lock,196.8,67,16.4,93,E,S,7.38,11.4,Calm,False,False,Android,7.0.2,M300 RTK,1ZN7L4R0H1D00F,1W9DL31001461C,1ZMLH8300204F0,1Z6PH74DAP0QN7,"Corona, CA",728.3,5.7,137.7,8.547347,2.013246,0,0,DJI Matrice 300 RTK,M300 RTK,1ZN7L4R0H1D00F,1W9DL31001461C,1ZMLH8300204F0,1Z6PH74DAP0QN7,DJI Pilot,Android,7.0.2,1EF72A62-B7C3-C88D-164E-CE6F8C8424AE,1ZN7L4R0H1D00F,1W9DL31001461C,,1ZMLH8300204F0,1W9DL31001461C,,,,,
2023-11-01,11:28:44.55 AM,4m 22.2s,262.2,33.801573508628,-117.4712060836737,137.7,137.7,18.0,1402,1921.0,6.043879,6.94893,-0.223694,2.23694,-6.039738,1.342164,0,0,-0.4,-1.6,1.6,-93.6,266.4,266.5,Tripod,Other,,21,5,True,,True,False,,Smart,RC,False,True,False,,,True,,False,False,False,False,False,False,False,False,False,False,0,Follow Yaw,-77.9,0,-101.7,258.3,False,False,False,False,False,,0,0,False,False,No Card,100,100,1024,1360,1024,1024,2,False,False,False,False,False,0,False,False,False,False,86,,47.472,,8636,,10044,,47.472,,True,3.952,3.952,3.952,3.952,3.952,3.952,3.952,3.952,3.952,3.952,3.952,3.952,0,,False,False,True,,,,,,,,,,,,,,,False,False,18.788,,91.7,,75.7,,91.7,,1608,59,14,17,8,144351.4,19246.85,,Idle,,20,,10,,,20,Go Home,False,False,False,False,False,False,False,False,False,False,False,False,33.8027920380556,-117.4659261431046,1661.1,2972.0,1049.4,396.9,True,1,1,False,False,False,False,,True,False,False,Course Lock,196.8,67,16.4,93,E,S,7.38,11.4,Calm,False,False,Android,7.0.2,M300 RTK,1ZN7L4R0H1D00F,1W9DL31001461C,1ZMLH8300204F0,1Z6PH74DAP0QN7,"Corona, CA",728.3,5.7,137.7,8.547347,2.013246,0,0,DJI Matrice 300 RTK,M300 RTK,1ZN7L4R0H1D00F,1W9DL31001461C,1ZMLH8300204F0,1Z6PH74DAP0QN7,DJI Pilot,Android,7.0.2,1EF72A62-B7C3-C88D-164E-CE6F8C8424AE,1ZN7L4R0H1D00F,1W9DL31001461C,,1ZMLH8300204F0,1W9DL31001461C,,,,,
2023-11-01,11:28:44.66 AM,4m 22.3s,262.3,33.8015733945903,-117.4712093523034,137.7,137.7,18.0,1402,1922.0,6.043879,6.94893,-0.223694,2.23694,-6.039738,1.342164,0,0,-0.5,-1.9,1.9,-93.6,266.4,267.5,Tripod,Other,,21,5,True,,True,False,,Smart,RC,False,True,False,,,True,,False,False,False,False,False,False,False,False,False,False,0,Follow Yaw,-77.9,0,-101.7,258.3,False,False,False,False,False,,0,0,False,False,No Card,100,100,1024,1370,1024,1024,2,False,False,False,False,False,0,False,False,False,False,86,,47.472,,8636,,10044,,47.472,,True,3.955,3.955,3.955,3.955,3.955,3.955,3.955,3.955,3.955,3.955,3.955,3.955,0,,False,False,True,,,,,,,,,,,,,,,False,False,18.788,,91.7,,75.7,,91.7,,1609,59,14,17,8,143954.0,19193.87,,Idle,,20,,10,,,20,Go Home,False,False,False,False,False,False,False,False,False,False,False,False,33.8027920380556,-117.4659261431046,1662.1,2972.0,1049.4,396.9,True,1,1,False,False,False,False,,True,False,False,Course Lock,196.8,67,16.4,93,E,S,7.38,11.4,Calm,False,False,Android,7.0.2,M300 RTK,1ZN7L4R0H1D00F,1W9DL31001461C,1ZMLH8300204F0,1Z6PH74DAP0QN7,"Corona, CA",728.3,5.7,137.7,8.547347,2.013246,0,0,DJI Matrice 300 RTK,M300 RTK,1ZN7L4R0H1D00F,1W9DL31001461C,1ZMLH8300204F0,1Z6PH74DAP0QN7,DJI Pilot,Android,7.0.2,1EF72A62-B7C3-C88D-164E-CE6F8C8424AE,1ZN7L4R0H1D00F,1W9DL31001461C,,1ZMLH8300204F0,1W9DL31001461C,,,,,
2023-11-01,11:28:44.76 AM,4m 22.4s,262.4,33.8015732476571,-117.471212425653,137.7,137.7,18.0,1402,1923.0,6.043879,6.94893,-0.223694,2.23694,-6.039738,1.342164,0,0,-0.8,-2.1,2.2,-93.6,266.4,266.7,Tripod,Other,,20,5,True,,True,False,,Smart,RC,False,True,False,,,True,,False,False,False,False,False,False,False,False,False,False,0,Follow Yaw,-77.9,0,-101.7,258.3,False,False,False,False,False,,0,0,False,False,No Card,100,100,1024,1367,1024,1024,2,False,False,False,False,False,0,False,False,False,False,86,,47.472,,8636,,10044,,47.472,,True,3.955,3.955,3.955,3.955,3.955,3.955,3.955,3.955,3.955,3.955,3.955,3.955,0,,False,False,True,,,,,,,,,,,,,,,False,False,18.788,,91.7,,75.7,,91.7,,1609,59,14,17,8,143954.0,19193.87,,Idle,,20,,10,,,20,Go Home,False,False,False,False,False,False,False,False,False,False,False,False,33.8027920380556,-117.4659261431046,1663.0,2972.0,1049.4,396.9,True,1,1,False,False,False,False,,True,False,False,Course Lock,196.8,67,16.4,93,E,S,7.38,11.4,Calm,False,False,Android,7.0.2,M300 RTK,1ZN7L4R0H1D00F,1W9DL31001461C,1ZMLH8300204F0,1Z6PH74DAP0QN7,"Corona, CA",728.3,5.7,137.7,8.547347,2.013246,0,0,DJI Matrice 300 RTK,M300 RTK,1ZN7L4R0H1D00F,1W9DL31001461C,1ZMLH8300204F0,1Z6PH74DAP0QN7,DJI Pilot,Android,7.0.2,1EF72A62-B7C3-C88D-164E-CE6F8C8424AE,1ZN7L4R0H1D00F,1W9DL31001461C,,1ZMLH8300204F0,1W9DL31001461C,,,,,
2023-11-01,11:28:44.86 AM,4m 22.5s,262.5,33.8015732838421,-117.4712151450579,137.7,137.7,18.0,1402,1923.8,6.043879,6.94893,-0.223694,2.23694,-6.039738,1.342164,0,0,-0.9,-2,2.1,-93.6,266.4,270.9,Tripod,Other,,20,5,True,,True,False,,Smart,RC,False,True,False,,,True,,False,False,False,False,False,False,False,False,False,False,0,Follow Yaw,-77.9,0,-101.7,258.3,False,False,False,False,False,,0,0,False,False,No Card,100,100,1024,1364,1024,948,2,False,False,False,False,False,0,False,False,False,False,86,,47.472,,8636,,10044,,47.472,,True,3.955,3.955,3.955,3.955,3.955,3.955,3.955,3.955,3.955,3.955,3.955,3.955,0,,False,False,True,,,,,,,,,,,,,,,False,False,18.788,,91.7,,75.7,,91.7,,1609,59,14,17,8,143954.0,19193.87,,Idle,,20,,10,,,20,Go Home,False,False,False,False,False,False,False,False,False,False,False,False,33.8027920380556,-117.4659261431046,1663.8,2972.0,1049.4,396.9,True,1,1,False,False,False,False,,True,False,False,Course Lock,196.8,67,16.4,93,E,S,7.38,11.4,Calm,False,False,Android,7.0.2,M300 RTK,1ZN7L4R0H1D00F,1W9DL31001461C,1ZMLH8300204F0,1Z6PH74DAP0QN7,"Corona, CA",728.3,5.7,137.7,8.547347,2.013246,0,0,DJI Matrice 300 RTK,M300 RTK,1ZN7L4R0H1D00F,1W9DL31001461C,1ZMLH8300204F0,1Z6PH74DAP0QN7,DJI Pilot,Android,7.0.2,1EF72A62-B7C3-C88D-164E-CE6F8C8424AE,1ZN7L4R0H1D00F,1W9DL31001461C,,1ZMLH8300204F0,1W9DL31001461C,,,,,
2023-11-01,11:28:44.97 AM,4m 22.6s,262.6,33.8015731511636,-117.4712181946574,137.7,137.7,18.0,1402,1924.7,6.043879,6.94893,-0.223694,2.23694,-6.039738,1.342164,0,0,-0.9,-2,2.1,-93.5,266.5,267.0,Tripod,Other,,20,5,True,,True,False,,Smart,RC,False,True,False,,,True,,False,False,False,False,False,False,False,False,False,False,0,Follow Yaw,-77.9,0,-101.7,258.3,False,False,False,False,False,,0,0,False,False,No Card,100,100,1024,1363,1024,923,2,False,False,False,False,False,0,False,False,False,False,86,,47.472,,8636,,10044,,47.472,,True,3.955,3.955,3.955,3.955,3.955,3.955,3.955,3.955,3.955,3.955,3.955,3.955,0,,False,False,True,,,,,,,,,,,,,,,False,False,18.788,,91.7,,75.7,,91.7,,1609,59,14,17,8,143954.0,19193.87,,Idle,,20,,10,,,20,Go Home,False,False,False,False,False,False,False,False,False,False,False,False,33.8027920380556,-117.4659261431046,1664.7,2972.0,1049.4,396.9,True,1,1,False,False,False,False,,True,False,False,Course Lock,196.8,67,16.4,93,E,S,7.38,11.4,Calm,False,False,Android,7.0.2,M300 RTK,1ZN7L4R0H1D00F,1W9DL31001461C,1ZMLH8300204F0,1Z6PH74DAP0QN7,"Corona, CA",728.3,5.7,137.7,8.547347,2.013246,0,0,DJI Matrice 300 RTK,M300 RTK,1ZN7L4R0H1D00F,1W9DL31001461C,1ZMLH8300204F0,1Z6PH74DAP0QN7,DJI Pilot,Android,7.0.2,1EF72A62-B7C3-C88D-164E-CE6F8C8424AE,1ZN7L4R0H1D00F,1W9DL31001461C,,1ZMLH8300204F0,1W9DL31001461C,,,,,
2023-11-01,11:28:45.07 AM,4m 22.7s,262.7,33.8015729444702,-117.4712216381153,137.7,137.7,18.0,1402,1925.8,6.043879,6.94893,-0.223694,2.23694,-6.039738,1.342164,0,0,-0.9,-2,2.1,-93.6,266.4,265.8,Tripod,Other,,20,5,True,,True,False,,Smart,RC,False,True,False,,,True,,False,False,False,False,False,False,False,False,False,False,0,Follow Yaw,-77.9,0,-101.8,258.2,False,False,False,False,False,,0,0,False,False,No Card,100,100,1024,1367,1024,888,2,False,False,False,False,False,0,False,False,False,False,86,,47.472,,8636,,10044,,47.472,,True,3.955,3.955,3.955,3.955,3.955,3.955,3.955,3.955,3.955,3.955,3.955,3.955,0,,False,False,True,,,,,,,,,,,,,,,False,False,18.788,,91.7,,75.7,,91.7,,1609,59,14,17,8,143954.0,19193.87,,Idle,,20,,10,,,20,Go Home,False,False,False,False,False,False,False,False,False,False,False,False,33.8027920380556,-117.4659261431046,1665.7,2972.0,1049.4,396.9,True,1,1,False,False,False,False,,True,False,False,Course Lock,196.8,67,16.4,93,E,S,7.38,11.4,Calm,False,False,Android,7.0.2,M300 RTK,1ZN7L4R0H1D00F,1W9DL31001461C,1ZMLH8300204F0,1Z6PH74DAP0QN7,"Corona, CA",728.3,5.7,137.7,8.547347,2.013246,0,0,DJI Matrice 300 RTK,M300 RTK,1ZN7L4R0H1D00F,1W9DL31001461C,1ZMLH8300204F0,1Z6PH74DAP0QN7,DJI Pilot,Android,7.0.2,1EF72A62-B7C3-C88D-164E-CE6F8C8424AE,1ZN7L4R0H1D00F,1W9DL31001461C,,1ZMLH8300204F0,1W9DL31001461C,,,,,
2023-11-01,11:28:45.17 AM,4m 22.8s,262.8,33.8015728002782,-117.4712247319166,137.7,137.7,18.0,1402,1926.7,6.043879,6.94893,-0.223694,2.23694,-6.039738,1.342164,0,0,-1,-2.4,2.6,-93.6,266.4,266.7,Tripod,Other,,20,5,True,,True,False,,Smart,RC,False,True,False,,,True,,False,False,False,False,False,False,False,False,False,False,0,Follow Yaw,-77.9,0,-102,258,False,False,False,False,False,,0,0,False,False,No Card,100,100,1024,1368,1024,880,2,False,False,False,False,False,0,False,False,False,False,86,,47.472,,8636,,10044,,47.472,,True,3.955,3.955,3.955,3.955,3.955,3.955,3.955,3.955,3.955,3.955,3.955,3.955,0,,False,False,True,,,,,,,,,,,,,,,False,False,18.788,,91.7,,75.7,,91.7,,1609,59,14,17,8,143954.0,19193.87,,Idle,,20,,10,,,20,Go Home,False,False,False,False,False,False,False,False,False,False,False,False,33.8027920380556,-117.4659261431046,1666.6,2972.0,1049.4,396.9,True,1,1,False,False,False,False,,True,False,False,Course Lock,196.8,67,16.4,93,E,S,7.38,11.4,Calm,False,False,Android,7.0.2,M300 RTK,1ZN7L4R0H1D00F,1W9DL31001461C,1ZMLH8300204F0,1Z6PH74DAP0QN7,"Corona, CA",728.3,5.7,137.7,8.547347,2.013246,0,0,DJI Matrice 300 RTK,M300 RTK,1ZN7L4R0H1D00F,1W9DL31001461C,1ZMLH8300204F0,1Z6PH74DAP0QN7,DJI Pilot,Android,7.0.2,1EF72A62-B7C3-C88D-164E-CE6F8C8424AE,1ZN7L4R0H1D00F,1W9DL31001461C,,1ZMLH8300204F0,1W9DL31001461C,,,,,
2023-11-01,11:28:45.28 AM,4m 22.9s,262.9,33.8015726078396,-117.4712275961321,137.7,137.7,18.0,1402,1927.6,6.043879,6.94893,-0.223694,2.23694,-6.039738,1.342164,0,0,-1,-2.6,2.7,-93.7,266.3,265.3,Tripod,Other,,20,5,True,,True,False,,Smart,RC,False,True,False,,,True,,False,False,False,False,False,False,False,False,False,False,0,Follow Yaw,-77.9,0,-102.3,257.7,False,False,False,False,False,,0,0,False,False,No Card,100,100,1024,1370,1024,880,2,False,False,False,False,False,0,False,False,False,False,86,,47.472,,8636,,10044,,47.472,,True,3.955,3.955,3.955,3.955,3.955,3.955,3.955,3.955,3.955,3.955,3.955,3.955,0,,False,False,True,,,,,,,,,,,,,,,False,False,18.788,,91.7,,75.7,,91.7,,1609,59,14,17,8,143954.0,19193.87,,Idle,,20,,10,,,20,Go Home,False,False,False,False,False,False,False,False,False,False,False,False,33.8027920380556,-117.4659261431046,1667.5,2972.0,1049.4,396.9,True,1,1,False,False,False,False,,True,False,False,Course Lock,196.8,67,16.4,93,E,S,7.38,11.4,Calm,False,False,Android,7.0.2,M300 RTK,1ZN7L4R0H1D00F,1W9DL31001461C,1ZMLH8300204F0,1Z6PH74DAP0QN7,"Corona, CA",728.3,5.7,137.7,8.547347,2.013246,0,0,DJI Matrice 300 RTK,M300 RTK,1ZN7L4R0H1D00F,1W9DL31001461C,1ZMLH8300204F0,1Z6PH74DAP0QN7,DJI Pilot,Android,7.0.2,1EF72A62-B7C3-C88D-164E-CE6F8C8424AE,1ZN7L4R0H1D00F,1W9DL31001461C,,1ZMLH8300204F0,1W9DL31001461C,,,,,
2023-11-01,11:28:45.38 AM,4m 23.0s,263.0,33.8015724345899,-117.4712306780583,137.7,137.7,18.0,1402,1928.5,6.267425,6.94893,-0.223694,2.23694,-6.263432,1.342164,0,0,-1,-2.5,2.6,-93.9,266.1,266.1,Tripod,Other,,20,5,True,,True,False,,Smart,RC,False,True,False,,,True,,False,False,False,False,False,False,False,False,False,False,0,Follow Yaw,-77.9,0,-102.6,257.4,False,False,False,False,False,,0,0,False,False,No Card,100,100,1024,1362,1024,870,2,False,False,False,False,False,0,False,False,False,False,85,,47.436,,8586,,10044,,47.436,,True,3.955,3.955,3.955,3.955,3.955,3.955,3.955,3.955,3.955,3.955,3.955,3.955,0,,False,False,True,,,,,,,,,,,,,,,False,False,18.914,,91.9,,75.7,,91.9,,1609,59,14,17,8,143954.0,19193.87,,Idle,,20,,10,,,20,Go Home,False,False,False,False,False,False,False,False,False,False,False,False,33.8027920380556,-117.4659261431046,1668.4,2972.0,1049.4,396.9,True,1,1,False,False,False,False,,True,False,False,Course Lock,196.8,67,16.4,93,E,S,7.38,11.4,Calm,False,False,Android,7.0.2,M300 RTK,1ZN7L4R0H1D00F,1W9DL31001461C,1ZMLH8300204F0,1Z6PH74DAP0QN7,"Corona, CA",728.3,5.7,137.7,8.547347,2.013246,0,0,DJI Matrice 300 RTK,M300 RTK,1ZN7L4R0H1D00F,1W9DL31001461C,1ZMLH8300204F0,1Z6PH74DAP0QN7,DJI Pilot,Android,7.0.2,1EF72A62-B7C3-C88D-164E-CE6F8C8424AE,1ZN7L4R0H1D00F,1W9DL31001461C,,1ZMLH8300204F0,1W9DL31001461C,,,,,
2023-11-01,11:28:45.44 AM,4m 23.1s,263.1,33.8015722224139,-117.4712337164423,137.7,137.7,18.3,1402,1929.4,6.279389,6.94893,-0.447388,2.23694,-6.263432,1.342164,0,0,-0.8,-2.3,2.4,-94.1,265.9,265.1,Tripod,Other,,20,5,True,,True,False,,Smart,RC,False,True,False,,,True,,False,False,False,False,False,False,False,False,False,False,0,Follow Yaw,-77.9,0,-102.8,257.2,False,False,False,False,False,,0,0,False,False,No Card,100,100,1024,1363,1024,865,2,False,False,False,False,False,0,False,False,False,False,85,,47.436,,8586,,10044,,47.436,,True,3.955,3.955,3.955,3.955,3.955,3.955,3.955,3.955,3.955,3.955,3.955,3.955,0,,False,False,True,,,,,,,,,,,,,,,False,False,18.914,,91.9,,75.7,,91.9,,1609,59,14,17,8,143954.0,19193.87,,Idle,,20,,10,,,20,Go Home,False,False,False,False,False,False,False,False,False,False,False,False,33.8027920380556,-117.4659261431046,1669.3,2972.0,1049.4,396.9,True,1,1,False,False,False,False,,True,False,False,Course Lock,196.8,67,16.4,93,E,S,7.38,11.4,Calm,False,False,Android,7.0.2,M300 RTK,1ZN7L4R0H1D00F,1W9DL31001461C,1ZMLH8300204F0,1Z6PH74DAP0QN7,"Corona, CA",728.3,5.7,137.7,8.547347,2.013246,0,0,DJI Matrice 300 RTK,M300 RTK,1ZN7L4R0H1D00F,1W9DL31001461C,1ZMLH8300204F0,1Z6PH74DAP0QN7,DJI Pilot,Android,7.0.2,1EF72A62-B7C3-C88D-164E-CE6F8C8424AE,1ZN7L4R0H1D00F,1W9DL31001461C,,1ZMLH8300204F0,1W9DL31001461C,,,,,
2023-11-01,11:28:45.54 AM,4m 23.2s,263.2,33.8015720195583,-117.4712367973789,137.7,137.7,18.3,1402,1930.4,6.279389,6.94893,-0.447388,2.23694,-6.263432,1.342164,0,0,-0.9,-2.2,2.3,-94.5,265.5,265.4,Tripod,Other,,20,5,True,,True,False,,Smart,RC,False,True,False,,,True,,False,False,False,False,False,False,False,False,False,False,0,Follow Yaw,-77.9,0,-103.1,256.9,False,False,False,False,False,,0,0,False,False,No Card,100,100,1024,1362,1024,854,2,False,False,False,False,False,0,False,False,False,False,85,,47.436,,8586,,10044,,47.436,,True,3.955,3.955,3.955,3.955,3.955,3.955,3.955,3.955,3.955,3.955,3.955,3.955,0,,False,False,True,,,,,,,,,,,,,,,False,False,18.914,,91.9,,75.7,,91.9,,1609,59,14,17,8,143954.0,19193.87,,Idle,,20,,10,,,20,Go Home,False,False,False,False,False,False,False,False,False,False,False,False,33.8027920380556,-117.4659261431046,1670.2,2972.0,1049.4,396.9,True,1,1,False,False,False,False,,True,False,False,Course Lock,196.8,67,16.4,93,E,S,7.38,11.4,Calm,False,False,Android,7.0.2,M300 RTK,1ZN7L4R0H1D00F,1W9DL31001461C,1ZMLH8300204F0,1Z6PH74DAP0QN7,"Corona, CA",728.3,5.7,137.7,8.547347,2.013246,0,0,DJI Matrice 300 RTK,M300 RTK,1ZN7L4R0H1D00F,1W9DL31001461C,1ZMLH8300204F0,1Z6PH74DAP0QN7,DJI Pilot,Android,7.0.2,1EF72A62-B7C3-C88D-164E-CE6F8C8424AE,1ZN7L4R0H1D00F,1W9DL31001461C,,1ZMLH8300204F0,1W9DL31001461C,,,,,
2023-11-01,11:28:45.64 AM,4m 23.3s,263.3,33.8015718139614,-117.4712397935403,137.7,137.7,18.3,1402,1931.3,6.279389,6.94893,-0.447388,2.23694,-6.263432,1.342164,0,0,-0.9,-2.7,2.8,-95,265,265.2,Tripod,Other,,20,5,True,,True,False,,Smart,RC,False,True,False,,,True,,False,False,False,False,False,False,False,False,False,False,0,Follow Yaw,-77.9,0,-103.5,256.5,False,False,False,False,False,,0,0,False,False,No Card,100,100,1024,1365,1024,854,2,False,False,False,False,False,0,False,False,False,False,85,,47.436,,8586,,10044,,47.436,,True,3.956,3.956,3.956,3.956,3.956,3.956,3.956,3.956,3.956,3.956,3.956,3.956,0,,False,False,True,,,,,,,,,,,,,,,False,False,18.914,,91.9,,75.7,,91.9,,1610,59,14,17,8,143550.4,19140.06,,Idle,,20,,10,,,20,Go Home,False,False,False,False,False,False,False,False,False,False,False,False,33.8027920380556,-117.4659261431046,1671.1,2972.0,1049.4,396.9,True,1,1,False,False,False,False,,True,False,False,Course Lock,196.8,67,16.4,93,E,S,7.38,11.4,Calm,False,False,Android,7.0.2,M300 RTK,1ZN7L4R0H1D00F,1W9DL31001461C,1ZMLH8300204F0,1Z6PH74DAP0QN7,"Corona, CA",728.3,5.7,137.7,8.547347,2.013246,0,0,DJI Matrice 300 RTK,M300 RTK,1ZN7L4R0H1D00F,1W9DL31001461C,1ZMLH8300204F0,1Z6PH74DAP0QN7,DJI Pilot,Android,7.0.2,1EF72A62-B7C3-C88D-164E-CE6F8C8424AE,1ZN7L4R0H1D00F,1W9DL31001461C,,1ZMLH8300204F0,1W9DL31001461C,,,,,
2023-11-01,11:28:45.74 AM,4m 23.4s,263.4,33.8015715891755,-117.4712428685393,137.7,137.7,18.3,1402,1932.2,6.279389,6.94893,-0.447388,2.23694,-6.263432,1.342164,0,0,-0.6,-3.2,3.2,-95.3,264.7,264.9,Tripod,Other,,21,5,True,,True,False,,Smart,RC,False,True,False,,,True,,False,False,False,False,False,False,False,False,False,False,0,Follow Yaw,-77.9,0,-103.8,256.2,False,False,False,False,False,,0,0,False,False,No Card,100,100,1024,1361,1024,854,2,False,False,False,False,False,0,False,False,False,False,85,,47.436,,8586,,10044,,47.436,,True,3.956,3.956,3.956,3.956,3.956,3.956,3.956,3.956,3.956,3.956,3.956,3.956,0,,False,False,True,,,,,,,,,,,,,,,False,False,18.914,,91.9,,75.7,,91.9,,1610,59,14,17,8,143550.4,19140.06,,Idle,,20,,10,,,20,Go Home,False,False,False,False,False,False,False,False,False,False,False,False,33.8027920380556,-117.4659261431046,1672.1,2972.0,1049.4,396.9,True,1,1,False,False,False,False,,True,False,False,Course Lock,196.8,67,16.4,93,E,S,7.15,11.4,Calm,False,False,Android,7.0.2,M300 RTK,1ZN7L4R0H1D00F,1W9DL31001461C,1ZMLH8300204F0,1Z6PH74DAP0QN7,"Corona, CA",728.3,5.7,137.7,8.547347,2.013246,0,0,DJI Matrice 300 RTK,M300 RTK,1ZN7L4R0H1D00F,1W9DL31001461C,1ZMLH8300204F0,1Z6PH74DAP0QN7,DJI Pilot,Android,7.0.2,1EF72A62-B7C3-C88D-164E-CE6F8C8424AE,1ZN7L4R0H1D00F,1W9DL31001461C,,1ZMLH8300204F0,1W9DL31001461C,,,,,
2023-11-01,11:28:45.84 AM,4m 23.5s,263.5,33.8015712525449,-117.4712459910388,137.7,137.7,18.3,1402,1933.2,6.279389,6.94893,-0.447388,2.23694,-6.263432,1.342164,0,0,-0.6,-3.3,3.3,-95.6,264.4,262.6,Tripod,Other,,21,5,True,,True,False,,Smart,RC,False,True,False,,,True,,False,False,False,False,False,False,False,False,False,False,0,Follow Yaw,-77.9,0,-104.2,255.8,False,False,False,False,False,,0,0,False,False,No Card,100,100,1024,1362,1024,854,2,False,False,False,False,False,0,False,False,False,False,85,,47.436,,8586,,10044,,47.436,,True,3.956,3.956,3.956,3.956,3.956,3.956,3.956,3.956,3.956,3.956,3.956,3.956,0,,False,False,True,,,,,,,,,,,,,,,False,False,18.914,,91.9,,75.7,,91.9,,1610,59,14,17,8,143550.4,19140.06,,Idle,,20,,10,,,20,Go Home,False,False,False,False,False,False,False,False,False,False,False,False,33.8027920380556,-117.4659261431046,1673.0,2972.0,1049.4,396.9,True,1,1,False,False,False,False,,True,False,False,Course Lock,196.8,67,16.4,93,E,S,7.15,11.4,Calm,False,False,Android,7.0.2,M300 RTK,1ZN7L4R0H1D00F,1W9DL31001461C,1ZMLH8300204F0,1Z6PH74DAP0QN7,"Corona, CA",728.3,5.7,137.7,8.547347,2.013246,0,0,DJI Matrice 300 RTK,M300 RTK,1ZN7L4R0H1D00F,1W9DL31001461C,1ZMLH8300204F0,1Z6PH74DAP0QN7,DJI Pilot,Android,7.0.2,1EF72A62-B7C3-C88D-164E-CE6F8C8424AE,1ZN7L4R0H1D00F,1W9DL31001461C,,1ZMLH8300204F0,1W9DL31001461C,,,,,
2023-11-01,11:28:45.94 AM,4m 23.6s,263.6,33.8015709734814,-117.4712490604301,137.7,137.7,18.3,1402,1934.1,6.29928,6.94893,-0.671082,2.23694,-6.263432,1.342164,0,0,-0.9,-3.4,3.5,-95.8,264.2,263.7,Tripod,Other,,21,5,True,,True,False,,Smart,RC,False,True,False,,,True,,False,False,False,False,False,False,False,False,False,False,0,Follow Yaw,-77.9,0,-104.6,255.4,False,False,False,False,False,,0,0,False,False,No Card,100,100,1024,1364,1024,854,2,False,False,False,False,False,0,False,False,False,False,85,,47.436,,8586,,10044,,47.436,,True,3.956,3.956,3.956,3.956,3.956,3.956,3.956,3.956,3.956,3.956,3.956,3.956,0,,False,False,True,,,,,,,,,,,,,,,False,False,18.914,,91.9,,75.7,,91.9,,1610,59,14,17,8,143550.4,19140.06,,Idle,,20,,10,,,20,Go Home,False,False,False,False,False,False,False,False,False,False,False,False,33.8027920380556,-117.4659261431046,1673.9,2972.0,1049.4,396.9,True,1,1,False,False,False,False,,True,False,False,Course Lock,196.8,67,16.4,93,E,S,7.15,11.4,Calm,False,False,Android,7.0.2,M300 RTK,1ZN7L4R0H1D00F,1W9DL31001461C,1ZMLH8300204F0,1Z6PH74DAP0QN7,"Corona, CA",728.3,5.7,137.7,8.547347,2.013246,0,0,DJI Matrice 300 RTK,M300 RTK,1ZN7L4R0H1D00F,1W9DL31001461C,1ZMLH8300204F0,1Z6PH74DAP0QN7,DJI Pilot,Android,7.0.2,1EF72A62-B7C3-C88D-164E-CE6F8C8424AE,1ZN7L4R0H1D00F,1W9DL31001461C,,1ZMLH8300204F0,1W9DL31001461C,,,,,
2023-11-01,11:28:46.04 AM,4m 23.7s,263.7,33.8015708150347,-117.4712521067309,137.7,137.7,18.3,1402,1935.0,6.29928,6.94893,-0.671082,2.23694,-6.263432,1.342164,0,0,-0.9,-3.2,3.3,-96,264,266.4,Tripod,Other,,21,5,True,,True,False,,Smart,RC,False,True,False,,,True,,False,False,False,False,False,False,False,False,False,False,0,Follow Yaw,-77.9,0,-104.9,255.1,False,False,False,False,False,,0,0,False,False,No Card,100,100,1024,1362,1024,854,2,False,False,False,False,False,0,False,False,False,False,86,,47.412,,4287,,4986,,47.412,,True,3.956,3.956,3.956,3.956,3.956,3.956,3.956,3.956,3.956,3.956,3.956,3.956,0,,False,False,True,,,,,,,,,,,,,,,False,False,9.278,,91.7,,75.7,,91.9,,1610,59,14,17,8,143550.4,19140.06,,Idle,,20,,10,,,20,Go Home,False,False,False,False,False,False,False,False,False,False,False,False,33.8027920380556,-117.4659261431046,1674.8,2972.0,1049.4,396.9,True,1,1,False,False,False,False,,True,False,False,Course Lock,196.8,67,16.4,93,E,S,7.15,11.4,Calm,False,False,Android,7.0.2,M300 RTK,1ZN7L4R0H1D00F,1W9DL31001461C,1ZMLH8300204F0,1Z6PH74DAP0QN7,"Corona, CA",728.3,5.7,137.7,8.547347,2.013246,0,0,DJI Matrice 300 RTK,M300 RTK,1ZN7L4R0H1D00F,1W9DL31001461C,1ZMLH8300204F0,1Z6PH74DAP0QN7,DJI Pilot,Android,7.0.2,1EF72A62-B7C3-C88D-164E-CE6F8C8424AE,1ZN7L4R0H1D00F,1W9DL31001461C,,1ZMLH8300204F0,1W9DL31001461C,,,,,
2023-11-01,11:28:46.14 AM,4m 23.8s,263.8,33.8015705118478,-117.4712551748028,137.7,137.7,18.3,1402,1936.0,6.29928,6.94893,-0.671082,2.23694,-6.263432,1.342164,0,0,-0.9,-2.6,2.7,-96.4,263.6,263.2,Tripod,Other,,21,5,True,,True,False,,Smart,RC,False,True,False,,,True,,False,False,False,False,False,False,False,False,False,False,0,Follow Yaw,-77.9,0,-105.3,254.7,False,False,False,False,False,,0,0,False,False,No Card,100,100,1024,1359,1024,854,2,False,False,False,False,False,0,False,False,False,False,86,,47.412,,4287,,4986,,47.412,,True,3.956,3.956,3.956,3.956,3.956,3.956,3.956,3.956,3.956,3.956,3.956,3.956,0,,False,False,True,,,,,,,,,,,,,,,False,False,9.278,,91.7,,75.7,,91.9,,1610,59,14,17,8,143550.4,19140.06,,Idle,,20,,10,,,20,Go Home,False,False,False,False,False,False,False,False,False,False,False,False,33.8027920380556,-117.4659261431046,1675.8,2972.0,1049.4,396.9,True,1,1,False,False,False,False,,True,False,False,Course Lock,196.8,67,16.4,93,E,S,7.15,11.4,Calm,False,False,Android,7.0.2,M300 RTK,1ZN7L4R0H1D00F,1W9DL31001461C,1ZMLH8300204F0,1Z6PH74DAP0QN7,"Corona, CA",728.3,5.7,137.7,8.547347,2.013246,0,0,DJI Matrice 300 RTK,M300 RTK,1ZN7L4R0H1D00F,1W9DL31001461C,1ZMLH8300204F0,1Z6PH74DAP0QN7,DJI Pilot,Android,7.0.2,1EF72A62-B7C3-C88D-164E-CE6F8C8424AE,1ZN7L4R0H1D00F,1W9DL31001461C,,1ZMLH8300204F0,1W9DL31001461C,,,,,
2023-11-01,11:28:46.24 AM,4m 23.9s,263.9,33.8015700951715,-117.4712579295032,137.7,137.7,18.3,1402,1936.8,6.29928,6.94893,-0.671082,2.23694,-6.263432,1.342164,0,0,-0.9,-2.6,2.7,-96.8,263.2,259.6,Tripod,Other,,21,5,True,,True,False,,Smart,RC,False,True,False,,,True,,False,False,False,False,False,False,False,False,False,False,0,Follow Yaw,-77.9,0,-105.6,254.4,False,False,False,False,False,,0,0,False,False,No Card,100,100,1024,1360,1024,854,2,False,False,False,False,False,0,False,False,False,False,86,,47.412,,4287,,4986,,47.412,,True,3.956,3.956,3.956,3.956,3.956,3.956,3.956,3.956,3.956,3.956,3.956,3.956,0,,False,False,True,,,,,,,,,,,,,,,False,False,9.278,,91.7,,75.7,,91.9,,1610,59,14,17,8,143550.4,19140.06,,Idle,,20,,10,,,20,Go Home,False,False,False,False,False,False,False,False,False,False,False,False,33.8027920380556,-117.4659261431046,1676.6,2972.0,1049.4,396.9,True,1,1,False,False,False,False,,True,False,False,Course Lock,196.8,67,16.4,93,E,S,7.15,11.4,Calm,False,False,Android,7.0.2,M300 RTK,1ZN7L4R0H1D00F,1W9DL31001461C,1ZMLH8300204F0,1Z6PH74DAP0QN7,"Corona, CA",728.3,5.7,137.7,8.547347,2.013246,0,0,DJI Matrice 300 RTK,M300 RTK,1ZN7L4R0H1D00F,1W9DL31001461C,1ZMLH8300204F0,1Z6PH74DAP0QN7,DJI Pilot,Android,7.0.2,1EF72A62-B7C3-C88D-164E-CE6F8C8424AE,1ZN7L4R0H1D00F,1W9DL31001461C,,1ZMLH8300204F0,1W9DL31001461C,,,,,
2023-11-01,11:28:46.34 AM,4m 24.0s,264.0,33.8015697634752,-117.4712609705261,137.7,137.7,18.0,1402,1937.8,6.29928,6.94893,-0.671082,2.23694,-6.263432,1.342164,0,0,-0.8,-3,3.1,-97.3,262.7,262.5,Tripod,Other,,22,5,True,,True,False,,Smart,RC,False,True,False,,,True,,False,False,False,False,False,False,False,False,False,False,0,Follow Yaw,-77.9,0,-106,254,False,False,False,False,False,,0,0,False,False,No Card,100,100,1024,1361,1024,854,2,False,False,False,False,False,0,False,False,False,False,85,,47.436,,8586,,10044,,47.436,,True,3.956,3.956,3.956,3.956,3.956,3.956,3.956,3.956,3.956,3.956,3.956,3.956,0,,False,False,True,,,,,,,,,,,,,,,False,False,18.816,,91.9,,75.7,,91.9,,1610,59,14,17,8,143550.4,19140.06,,Idle,,20,,10,,,20,Go Home,False,False,False,False,False,False,False,False,False,False,False,False,33.8027920380556,-117.4659261431046,1677.5,2972.0,1049.4,396.9,True,1,1,False,False,False,False,,True,False,False,Course Lock,196.8,67,16.4,93,E,S,7.15,11.4,Calm,False,False,Android,7.0.2,M300 RTK,1ZN7L4R0H1D00F,1W9DL31001461C,1ZMLH8300204F0,1Z6PH74DAP0QN7,"Corona, CA",728.3,5.7,137.7,8.547347,2.013246,0,0,DJI Matrice 300 RTK,M300 RTK,1ZN7L4R0H1D00F,1W9DL31001461C,1ZMLH8300204F0,1Z6PH74DAP0QN7,DJI Pilot,Android,7.0.2,1EF72A62-B7C3-C88D-164E-CE6F8C8424AE,1ZN7L4R0H1D00F,1W9DL31001461C,,1ZMLH8300204F0,1W9DL31001461C,,,,,
2023-11-01,11:28:46.42 AM,4m 24.1s,264.1,33.8015694833152,-117.4712641448144,137.7,137.7,18.3,1402,1938.7,6.29928,6.94893,-0.671082,2.23694,-6.263432,1.342164,0,0,-0.8,-3.3,3.3,-97.6,262.4,263.9,Tripod,Other,,22,5,True,,True,False,,Smart,RC,False,True,False,,,True,,False,False,False,False,False,False,False,False,False,False,0,Follow Yaw,-77.9,0,-106.4,253.6,False,False,False,False,False,,0,0,False,False,No Card,100,100,1024,1360,1024,856,2,False,False,False,False,False,0,False,False,False,False,85,,47.436,,8586,,10044,,47.436,,True,3.956,3.956,3.956,3.956,3.956,3.956,3.956,3.956,3.956,3.956,3.956,3.956,0,,False,False,True,,,,,,,,,,,,,,,False,False,18.816,,91.9,,75.7,,91.9,,1610,59,14,17,8,143550.4,19140.06,,Idle,,20,,10,,,20,Go Home,False,False,False,False,False,False,False,False,False,False,False,False,33.8027920380556,-117.4659261431046,1678.5,2972.0,1049.4,396.9,True,1,1,False,False,False,False,,True,False,False,Course Lock,196.8,67,16.4,93,E,S,7.15,11.4,Calm,False,False,Android,7.0.2,M300 RTK,1ZN7L4R0H1D00F,1W9DL31001461C,1ZMLH8300204F0,1Z6PH74DAP0QN7,"Corona, CA",728.3,5.7,137.7,8.547347,2.013246,0,0,DJI Matrice 300 RTK,M300 RTK,1ZN7L4R0H1D00F,1W9DL31001461C,1ZMLH8300204F0,1Z6PH74DAP0QN7,DJI Pilot,Android,7.0.2,1EF72A62-B7C3-C88D-164E-CE6F8C8424AE,1ZN7L4R0H1D00F,1W9DL31001461C,,1ZMLH8300204F0,1W9DL31001461C,,,,,
2023-11-01,11:28:46.52 AM,4m 24.2s,264.2,33.8015691148855,-117.4712671993618,137.7,137.7,18.0,1402,1939.7,6.327021,6.94893,-0.894776,2.23694,-6.263432,1.342164,0,0,-0.8,-3.4,3.4,-97.9,262.1,261.7,Tripod,Other,,22,5,True,,True,False,,Smart,RC,False,True,False,,,True,,False,False,False,False,False,False,False,False,False,False,0,Follow Yaw,-77.9,0,-106.7,253.3,False,False,False,False,False,,0,0,False,False,No Card,100,100,1024,1358,1024,859,2,False,False,False,False,False,0,False,False,False,False,85,,47.436,,8586,,10044,,47.436,,True,3.956,3.956,3.956,3.956,3.956,3.956,3.956,3.956,3.956,3.956,3.956,3.956,0,,False,False,True,,,,,,,,,,,,,,,False,False,18.816,,91.9,,75.7,,91.9,,1610,59,14,17,8,143550.4,19140.06,,Idle,,20,,10,,,20,Go Home,False,False,False,False,False,False,False,False,False,False,False,False,33.8027920380556,-117.4659261431046,1679.4,2972.0,1049.4,396.9,True,1,1,False,False,False,False,,True,False,False,Course Lock,196.8,67,16.4,93,SE,SW,7.15,11.4,Calm,False,False,Android,7.0.2,M300 RTK,1ZN7L4R0H1D00F,1W9DL31001461C,1ZMLH8300204F0,1Z6PH74DAP0QN7,"Corona, CA",728.3,5.7,137.7,8.547347,2.013246,0,0,DJI Matrice 300 RTK,M300 RTK,1ZN7L4R0H1D00F,1W9DL31001461C,1ZMLH8300204F0,1Z6PH74DAP0QN7,DJI Pilot,Android,7.0.2,1EF72A62-B7C3-C88D-164E-CE6F8C8424AE,1ZN7L4R0H1D00F,1W9DL31001461C,,1ZMLH8300204F0,1W9DL31001461C,,,,,
2023-11-01,11:28:46.62 AM,4m 24.3s,264.3,33.8015687031435,-117.4712701711132,137.7,137.7,18.0,1402,1940.6,6.327021,6.94893,-0.894776,2.23694,-6.263432,1.342164,0,0,-0.7,-3.4,3.4,-98.1,261.9,260.5,Tripod,Other,,22,5,True,,True,False,,Smart,RC,False,True,False,,,True,,False,False,False,False,False,False,False,False,False,False,0,Follow Yaw,-77.9,0,-107.1,252.9,False,False,False,False,False,,0,0,False,False,No Card,100,100,1024,1359,1024,859,2,False,False,False,False,False,0,False,False,False,False,85,,47.436,,8586,,10044,,47.436,,True,3.953,3.953,3.953,3.953,3.953,3.953,3.953,3.953,3.953,3.953,3.953,3.953,0,,False,False,True,,,,,,,,,,,,,,,False,False,18.816,,91.9,,75.7,,91.9,,1611,60,14,17,8,143121.6,19082.88,,Idle,,20,,10,,,20,Go Home,False,False,False,False,False,False,False,False,False,False,False,False,33.8027920380556,-117.4659261431046,1680.3,2972.0,1049.4,396.9,True,1,1,False,False,False,False,,True,False,False,Course Lock,196.8,67,16.4,93,SE,SW,7.15,11.4,Calm,False,False,Android,7.0.2,M300 RTK,1ZN7L4R0H1D00F,1W9DL31001461C,1ZMLH8300204F0,1Z6PH74DAP0QN7,"Corona, CA",728.3,5.7,137.7,8.547347,2.013246,0,0,DJI Matrice 300 RTK,M300 RTK,1ZN7L4R0H1D00F,1W9DL31001461C,1ZMLH8300204F0,1Z6PH74DAP0QN7,DJI Pilot,Android,7.0.2,1EF72A62-B7C3-C88D-164E-CE6F8C8424AE,1ZN7L4R0H1D00F,1W9DL31001461C,,1ZMLH8300204F0,1W9DL31001461C,,,,,
2023-11-01,11:28:46.73 AM,4m 24.4s,264.4,33.8015682842741,-117.471273219723,137.7,137.7,18.0,1402,1941.5,6.327021,6.94893,-0.894776,2.23694,-6.263432,1.342164,0,0,-0.5,-3.3,3.3,-98.4,261.6,260.6,Tripod,Other,,22,5,True,,True,False,,Smart,RC,False,True,False,,,True,,False,False,False,False,False,False,False,False,False,False,0,Follow Yaw,-77.9,0,-107.4,252.6,False,False,False,False,False,,0,0,False,False,No Card,100,100,1024,1359,1024,867,2,False,False,False,False,False,0,False,False,False,False,85,,47.436,,8586,,10044,,47.436,,True,3.953,3.953,3.953,3.953,3.953,3.953,3.953,3.953,3.953,3.953,3.953,3.953,0,,False,False,True,,,,,,,,,,,,,,,False,False,18.816,,91.9,,75.7,,91.9,,1611,60,14,17,8,143121.6,19082.88,,Idle,,20,,10,,,20,Go Home,False,False,False,False,False,False,False,False,False,False,False,False,33.8027920380556,-117.4659261431046,1681.3,2972.0,1049.4,396.9,True,1,1,False,False,False,False,,True,False,False,Course Lock,196.8,67,16.4,93,SE,SW,7.15,11.4,Calm,False,False,Android,7.0.2,M300 RTK,1ZN7L4R0H1D00F,1W9DL31001461C,1ZMLH8300204F0,1Z6PH74DAP0QN7,"Corona, CA",728.3,5.7,137.7,8.547347,2.013246,0,0,DJI Matrice 300 RTK,M300 RTK,1ZN7L4R0H1D00F,1W9DL31001461C,1ZMLH8300204F0,1Z6PH74DAP0QN7,DJI Pilot,Android,7.0.2,1EF72A62-B7C3-C88D-164E-CE6F8C8424AE,1ZN7L4R0H1D00F,1W9DL31001461C,,1ZMLH8300204F0,1W9DL31001461C,,,,,
2023-11-01,11:28:46.83 AM,4m 24.5s,264.5,33.8015678988485,-117.4712761861966,137.7,137.7,18.0,1402,1942.4,6.327021,6.94893,-0.894776,2.23694,-6.263432,1.342164,0,0,-0.2,-3.1,3.1,-98.9,261.1,261.1,Tripod,Other,,22,5,True,,True,False,,Smart,RC,False,True,False,,,True,,False,False,False,False,False,False,False,False,False,False,0,Follow Yaw,-77.9,0,-107.8,252.2,False,False,False,False,False,,0,0,False,False,No Card,100,100,1024,1361,1024,916,2,False,False,False,False,False,0,False,False,False,False,85,,47.436,,8586,,10044,,47.436,,True,3.953,3.953,3.953,3.953,3.953,3.953,3.953,3.953,3.953,3.953,3.953,3.953,0,,False,False,True,,,,,,,,,,,,,,,False,False,18.816,,91.9,,75.7,,91.9,,1611,60,14,17,8,143121.6,19082.88,,Idle,,20,,10,,,20,Go Home,False,False,False,False,False,False,False,False,False,False,False,False,33.8027920380556,-117.4659261431046,1682.2,2972.0,1049.4,396.9,True,1,1,False,False,False,False,,True,False,False,Course Lock,196.8,67,16.4,93,SE,SW,7.15,11.4,Calm,False,False,Android,7.0.2,M300 RTK,1ZN7L4R0H1D00F,1W9DL31001461C,1ZMLH8300204F0,1Z6PH74DAP0QN7,"Corona, CA",728.3,5.7,137.7,8.547347,2.013246,0,0,DJI Matrice 300 RTK,M300 RTK,1ZN7L4R0H1D00F,1W9DL31001461C,1ZMLH8300204F0,1Z6PH74DAP0QN7,DJI Pilot,Android,7.0.2,1EF72A62-B7C3-C88D-164E-CE6F8C8424AE,1ZN7L4R0H1D00F,1W9DL31001461C,,1ZMLH8300204F0,1W9DL31001461C,,,,,
2023-11-01,11:28:46.94 AM,4m 24.6s,264.6,33.8015674432458,-117.4712792209521,137.7,137.7,18.0,1402,1943.4,6.362511,6.94893,-1.11847,2.23694,-6.263432,1.342164,0,0,-0.1,-2.8,2.8,-99.5,260.5,259.7,Tripod,Other,,22,5,True,,True,False,,Smart,RC,False,True,False,,,True,,False,False,False,False,False,False,False,False,False,False,0,Follow Yaw,-77.9,0,-108,252,False,False,False,False,False,,0,0,False,False,No Card,100,100,1024,1360,1024,944,2,False,False,False,False,False,0,False,False,False,False,85,,47.436,,8586,,10044,,47.436,,True,3.953,3.953,3.953,3.953,3.953,3.953,3.953,3.953,3.953,3.953,3.953,3.953,0,,False,False,True,,,,,,,,,,,,,,,False,False,18.816,,91.9,,75.7,,91.9,,1611,60,14,17,8,143121.6,19082.88,,Idle,,20,,10,,,20,Go Home,False,False,False,False,False,False,False,False,False,False,False,False,33.8027920380556,-117.4659261431046,1683.1,2972.0,1049.4,396.9,True,1,1,False,False,False,False,,True,False,False,Course Lock,196.8,67,16.4,93,SE,SW,7.15,11.4,Calm,False,False,Android,7.0.2,M300 RTK,1ZN7L4R0H1D00F,1W9DL31001461C,1ZMLH8300204F0,1Z6PH74DAP0QN7,"Corona, CA",728.3,5.7,137.7,8.547347,2.013246,0,0,DJI Matrice 300 RTK,M300 RTK,1ZN7L4R0H1D00F,1W9DL31001461C,1ZMLH8300204F0,1Z6PH74DAP0QN7,DJI Pilot,Android,7.0.2,1EF72A62-B7C3-C88D-164E-CE6F8C8424AE,1ZN7L4R0H1D00F,1W9DL31001461C,,1ZMLH8300204F0,1W9DL31001461C,,,,,
2023-11-01,11:28:47.03 AM,4m 24.7s,264.7,33.8015668637367,-117.4712823770978,137.7,137.7,18.0,1402,1944.3,6.142427,6.94893,-1.11847,2.23694,-6.039738,1.342164,0,0,-0.2,-2.4,2.4,-99.9,260.1,257.5,Tripod,Other,,22,5,True,,True,False,,Smart,RC,False,True,False,,,True,,False,False,False,False,False,False,False,False,False,False,0,Follow Yaw,-77.9,0,-108.1,251.9,False,False,False,False,False,,0,0,False,False,No Card,100,100,1024,1359,1024,964,2,False,False,False,False,False,0,False,False,False,False,85,,47.436,,8586,,10044,,47.436,,True,3.953,3.953,3.953,3.953,3.953,3.953,3.953,3.953,3.953,3.953,3.953,3.953,0,,False,False,True,,,,,,,,,,,,,,,False,False,18.816,,91.9,,75.7,,91.9,,1611,60,14,17,8,143121.6,19082.88,,Idle,,20,,10,,,20,Go Home,False,False,False,False,False,False,False,False,False,False,False,False,33.8027920380556,-117.4659261431046,1684.1,2972.0,1049.4,396.9,True,1,1,False,False,False,False,,True,False,False,Course Lock,196.8,67,16.4,93,SE,SW,6.93,11.4,Calm,False,False,Android,7.0.2,M300 RTK,1ZN7L4R0H1D00F,1W9DL31001461C,1ZMLH8300204F0,1Z6PH74DAP0QN7,"Corona, CA",728.3,5.7,137.7,8.547347,2.013246,0,0,DJI Matrice 300 RTK,M300 RTK,1ZN7L4R0H1D00F,1W9DL31001461C,1ZMLH8300204F0,1Z6PH74DAP0QN7,DJI Pilot,Android,7.0.2,1EF72A62-B7C3-C88D-164E-CE6F8C8424AE,1ZN7L4R0H1D00F,1W9DL31001461C,,1ZMLH8300204F0,1W9DL31001461C,,,,,
2023-11-01,11:28:47.14 AM,4m 24.8s,264.8,33.8015663724972,-117.4712854105339,137.7,137.7,18.0,1402,1945.3,6.142427,6.94893,-1.11847,2.23694,-6.039738,1.342164,0,0,-0.2,-2.1,2.1,-100.2,259.8,258.9,Tripod,Other,,22,5,True,,True,False,,Smart,RC,False,True,False,,,True,,False,False,False,False,False,False,False,False,False,False,0,Follow Yaw,-77.9,0,-108.3,251.7,False,False,False,False,False,,0,0,False,False,No Card,100,100,1024,1359,1024,964,2,False,False,False,False,False,0,False,False,False,False,85,,47.436,,8586,,10044,,47.436,,True,3.953,3.953,3.953,3.953,3.953,3.953,3.953,3.953,3.953,3.953,3.953,3.953,0,,False,False,True,,,,,,,,,,,,,,,False,False,18.816,,91.9,,75.7,,91.9,,1611,60,14,17,8,143121.6,19082.88,,Idle,,20,,10,,,20,Go Home,False,False,False,False,False,False,False,False,False,False,False,False,33.8027920380556,-117.4659261431046,1685.0,2972.0,1049.4,396.9,True,1,1,False,False,False,False,,True,False,False,Course Lock,196.8,67,16.4,93,SE,SW,6.93,11.4,Calm,False,False,Android,7.0.2,M300 RTK,1ZN7L4R0H1D00F,1W9DL31001461C,1ZMLH8300204F0,1Z6PH74DAP0QN7,"Corona, CA",728.3,5.7,137.7,8.547347,2.013246,0,0,DJI Matrice 300 RTK,M300 RTK,1ZN7L4R0H1D00F,1W9DL31001461C,1ZMLH8300204F0,1Z6PH74DAP0QN7,DJI Pilot,Android,7.0.2,1EF72A62-B7C3-C88D-164E-CE6F8C8424AE,1ZN7L4R0H1D00F,1W9DL31001461C,,1ZMLH8300204F0,1W9DL31001461C,,,,,
2023-11-01,11:28:47.24 AM,4m 24.9s,264.9,33.8015659536278,-117.4712884334142,137.7,137.7,18.0,1402,1946.2,6.142427,6.94893,-1.11847,2.23694,-6.039738,1.342164,0,0,-0.2,-1.8,1.8,-100.3,259.7,260.5,Tripod,Other,,22,5,True,,True,False,,Smart,RC,False,True,False,,,True,,False,False,False,False,False,False,False,False,False,False,0,Follow Yaw,-77.9,0,-108.4,251.6,False,False,False,False,False,,0,0,False,False,No Card,100,100,1024,1358,1024,964,2,False,False,False,False,False,0,False,False,False,False,85,,47.436,,8586,,10044,,47.436,,True,3.953,3.953,3.953,3.953,3.953,3.953,3.953,3.953,3.953,3.953,3.953,3.953,0,,False,False,True,,,,,,,,,,,,,,,False,False,18.816,,91.9,,75.7,,91.9,,1611,60,14,17,8,143121.6,19082.88,,Idle,,20,,10,,,20,Go Home,False,False,False,False,False,False,False,False,False,False,False,False,33.8027920380556,-117.4659261431046,1685.9,2972.0,1049.4,396.9,True,1,1,False,False,False,False,,True,False,False,Course Lock,196.8,67,16.4,93,SE,SW,6.93,11.4,Calm,False,False,Android,7.0.2,M300 RTK,1ZN7L4R0H1D00F,1W9DL31001461C,1ZMLH8300204F0,1Z6PH74DAP0QN7,"Corona, CA",728.3,5.7,137.7,8.547347,2.013246,0,0,DJI Matrice 300 RTK,M300 RTK,1ZN7L4R0H1D00F,1W9DL31001461C,1ZMLH8300204F0,1Z6PH74DAP0QN7,DJI Pilot,Android,7.0.2,1EF72A62-B7C3-C88D-164E-CE6F8C8424AE,1ZN7L4R0H1D00F,1W9DL31001461C,,1ZMLH8300204F0,1W9DL31001461C,,,,,
2023-11-01,11:28:47.34 AM,4m 25.0s,265.0,33.8015654492301,-117.4712914559648,137.7,137.7,18.0,1402,1947.1,6.142427,6.94893,-1.11847,2.23694,-6.039738,1.342164,0,0,-0.1,-1.6,1.6,-100.3,259.7,258.6,Tripod,Other,,22,5,True,,True,False,,Smart,RC,False,True,False,,,True,,False,False,False,False,False,False,False,False,False,False,0,Follow Yaw,-77.9,0,-108.5,251.5,False,False,False,False,False,,0,0,False,False,No Card,100,100,1024,1369,1024,978,2,False,False,False,False,False,0,False,False,False,False,85,,47.436,,8586,,10044,,47.436,,True,3.953,3.953,3.953,3.953,3.953,3.953,3.953,3.953,3.953,3.953,3.953,3.953,0,,False,False,True,,,,,,,,,,,,,,,False,False,19.164,,91.9,,75.7,,91.9,,1611,60,14,17,8,143121.6,19082.88,,Idle,,20,,10,,,20,Go Home,False,False,False,False,False,False,False,False,False,False,False,False,33.8027920380556,-117.4659261431046,1686.9,2972.0,1049.4,396.9,True,1,1,False,False,False,False,,True,False,False,Course Lock,196.8,67,16.4,93,SE,SW,6.93,11.4,Calm,False,False,Android,7.0.2,M300 RTK,1ZN7L4R0H1D00F,1W9DL31001461C,1ZMLH8300204F0,1Z6PH74DAP0QN7,"Corona, CA",728.3,5.7,137.7,8.547347,2.013246,0,0,DJI Matrice 300 RTK,M300 RTK,1ZN7L4R0H1D00F,1W9DL31001461C,1ZMLH8300204F0,1Z6PH74DAP0QN7,DJI Pilot,Android,7.0.2,1EF72A62-B7C3-C88D-164E-CE6F8C8424AE,1ZN7L4R0H1D00F,1W9DL31001461C,,1ZMLH8300204F0,1W9DL31001461C,,,,,
2023-11-01,11:28:47.44 AM,4m 25.1s,265.1,33.8015647266256,-117.4712946249752,137.7,137.7,18.0,1402,1948.1,6.142427,6.94893,-1.11847,2.23694,-6.039738,1.342164,0,0,-0.1,-1.5,1.5,-100.4,259.6,254.6,Tripod,Other,,22,5,True,,True,False,,Smart,RC,False,True,False,,,True,,False,False,False,False,False,False,False,False,False,False,0,Follow Yaw,-77.9,0,-108.6,251.4,False,False,False,False,False,,0,0,False,False,No Card,100,100,1024,1367,1024,1006,2,False,False,False,False,False,0,False,False,False,False,85,,47.436,,8586,,10044,,47.436,,True,3.953,3.953,3.953,3.953,3.953,3.953,3.953,3.953,3.953,3.953,3.953,3.953,0,,False,False,True,,,,,,,,,,,,,,,False,False,19.164,,91.9,,75.7,,91.9,,1611,60,14,17,8,143121.6,19082.88,,Idle,,20,,10,,,20,Go Home,False,False,False,False,False,False,False,False,False,False,False,False,33.8027920380556,-117.4659261431046,1687.9,2972.0,1049.4,396.9,True,1,1,False,False,False,False,,True,False,False,Course Lock,196.8,67,16.4,93,SE,SW,6.93,11.4,Calm,False,False,Android,7.0.2,M300 RTK,1ZN7L4R0H1D00F,1W9DL31001461C,1ZMLH8300204F0,1Z6PH74DAP0QN7,"Corona, CA",728.3,5.7,137.7,8.547347,2.013246,0,0,DJI Matrice 300 RTK,M300 RTK,1ZN7L4R0H1D00F,1W9DL31001461C,1ZMLH8300204F0,1Z6PH74DAP0QN7,DJI Pilot,Android,7.0.2,1EF72A62-B7C3-C88D-164E-CE6F8C8424AE,1ZN7L4R0H1D00F,1W9DL31001461C,,1ZMLH8300204F0,1W9DL31001461C,,,,,
2023-11-01,11:28:47.54 AM,4m 25.2s,265.2,33.8015641992011,-117.4712976442271,137.7,137.7,18.0,1402,1949.1,6.142427,6.94893,-1.11847,2.23694,-6.039738,1.342164,0,0,-0.3,-1.3,1.3,-100.4,259.6,258.1,Tripod,Other,,22,5,True,,True,False,,Smart,RC,False,True,False,,,True,,False,False,False,False,False,False,False,False,False,False,0,Follow Yaw,-77.9,0,-108.6,251.4,False,False,False,False,False,,0,0,False,False,No Card,100,100,1024,1362,1024,1016,2,False,False,False,False,False,0,False,False,False,False,85,,47.436,,8586,,10044,,47.436,,True,3.953,3.953,3.953,3.953,3.953,3.953,3.953,3.953,3.953,3.953,3.953,3.953,0,,False,False,True,,,,,,,,,,,,,,,False,False,19.164,,91.9,,75.7,,91.9,,1611,60,14,17,8,143121.6,19082.88,,Idle,,20,,10,,,20,Go Home,False,False,False,False,False,False,False,False,False,False,False,False,33.8027920380556,-117.4659261431046,1688.8,2972.0,1049.4,396.9,True,1,1,False,False,False,False,,True,False,False,Course Lock,196.8,67,16.4,93,SE,SW,6.93,11.4,Calm,False,False,Android,7.0.2,M300 RTK,1ZN7L4R0H1D00F,1W9DL31001461C,1ZMLH8300204F0,1Z6PH74DAP0QN7,"Corona, CA",728.3,5.7,137.7,8.547347,2.013246,0,0,DJI Matrice 300 RTK,M300 RTK,1ZN7L4R0H1D00F,1W9DL31001461C,1ZMLH8300204F0,1Z6PH74DAP0QN7,DJI Pilot,Android,7.0.2,1EF72A62-B7C3-C88D-164E-CE6F8C8424AE,1ZN7L4R0H1D00F,1W9DL31001461C,,1ZMLH8300204F0,1W9DL31001461C,,,,,
2023-11-01,11:28:47.65 AM,4m 25.3s,265.3,33.8015638302232,-117.4713007842094,137.7,137.7,18.0,1402,1950.0,6.142427,6.94893,-1.11847,2.23694,-6.039738,1.342164,0,0,-0.5,-1,1.1,-100.4,259.6,261.9,Tripod,Other,,22,5,True,,True,False,,Smart,RC,False,True,False,,,True,,False,False,False,False,False,False,False,False,False,False,0,Follow Yaw,-77.9,0,-108.6,251.4,False,False,False,False,False,,0,0,False,False,No Card,100,100,1024,1360,1024,1019,2,False,False,False,False,False,0,False,False,False,False,85,,47.436,,8586,,10044,,47.436,,True,3.955,3.955,3.955,3.955,3.955,3.955,3.955,3.955,3.955,3.955,3.955,3.955,0,,False,False,True,,,,,,,,,,,,,,,False,False,19.164,,91.9,,75.7,,91.9,,1612,60,14,17,8,142753.0,19033.73,,Idle,,20,,10,,,20,Go Home,False,False,False,False,False,False,False,False,False,False,False,False,33.8027920380556,-117.4659261431046,1689.7,2972.0,1049.4,396.9,True,1,1,False,False,False,False,,True,False,False,Course Lock,196.8,67,16.4,93,SE,SW,6.93,11.4,Calm,False,False,Android,7.0.2,M300 RTK,1ZN7L4R0H1D00F,1W9DL31001461C,1ZMLH8300204F0,1Z6PH74DAP0QN7,"Corona, CA",728.3,5.7,137.7,8.547347,2.013246,0,0,DJI Matrice 300 RTK,M300 RTK,1ZN7L4R0H1D00F,1W9DL31001461C,1ZMLH8300204F0,1Z6PH74DAP0QN7,DJI Pilot,Android,7.0.2,1EF72A62-B7C3-C88D-164E-CE6F8C8424AE,1ZN7L4R0H1D00F,1W9DL31001461C,,1ZMLH8300204F0,1W9DL31001461C,,,,,
2023-11-01,11:28:47.75 AM,4m 25.4s,265.4,33.8015633252772,-117.4713038103885,137.7,137.7,18.0,1402,1951.0,6.142427,6.94893,-1.11847,2.23694,-6.039738,1.342164,0,0,-0.7,-0.9,1.1,-100.4,259.6,258.6,Tripod,Other,,22,5,True,,True,False,,Smart,RC,False,True,False,,,True,,False,False,False,False,False,False,False,False,False,False,0,Follow Yaw,-77.9,0,-108.6,251.4,False,False,False,False,False,,0,0,False,False,No Card,100,100,1024,1361,1024,1013,2,False,False,False,False,False,0,False,False,False,False,85,,47.436,,8586,,10044,,47.436,,True,3.955,3.955,3.955,3.955,3.955,3.955,3.955,3.955,3.955,3.955,3.955,3.955,0,,False,False,True,,,,,,,,,,,,,,,False,False,19.164,,91.9,,75.7,,91.9,,1612,60,14,17,8,142753.0,19033.73,,Idle,,20,,10,,,20,Go Home,False,False,False,False,False,False,False,False,False,False,False,False,33.8027920380556,-117.4659261431046,1690.7,2972.0,1049.4,396.9,True,1,1,False,False,False,False,,True,False,False,Course Lock,196.8,67,16.4,93,SE,SW,6.93,11.4,Calm,False,False,Android,7.0.2,M300 RTK,1ZN7L4R0H1D00F,1W9DL31001461C,1ZMLH8300204F0,1Z6PH74DAP0QN7,"Corona, CA",728.3,5.7,137.7,8.547347,2.013246,0,0,DJI Matrice 300 RTK,M300 RTK,1ZN7L4R0H1D00F,1W9DL31001461C,1ZMLH8300204F0,1Z6PH74DAP0QN7,DJI Pilot,Android,7.0.2,1EF72A62-B7C3-C88D-164E-CE6F8C8424AE,1ZN7L4R0H1D00F,1W9DL31001461C,,1ZMLH8300204F0,1W9DL31001461C,,,,,
2023-11-01,11:28:47.86 AM,4m 25.5s,265.5,33.8015625686807,-117.4713066050025,137.7,137.7,18.3,1402,1951.9,6.142427,6.94893,-1.11847,2.23694,-6.039738,1.342164,0,0,-0.6,-1.1,1.2,-100.5,259.5,251.9,Tripod,Other,,22,5,True,,True,False,,Smart,RC,False,True,False,,,True,,False,False,False,False,False,False,False,False,False,False,0,Follow Yaw,-77.9,0,-108.6,251.4,False,False,False,False,False,,0,0,False,False,No Card,100,100,1024,1359,1024,960,2,False,False,False,False,False,0,False,False,False,False,85,,47.436,,8586,,10044,,47.436,,True,3.955,3.955,3.955,3.955,3.955,3.955,3.955,3.955,3.955,3.955,3.955,3.955,0,,False,False,True,,,,,,,,,,,,,,,False,False,19.164,,91.9,,75.7,,91.9,,1612,60,14,17,8,142753.0,19033.73,,Idle,,20,,10,,,20,Go Home,False,False,False,False,False,False,False,False,False,False,False,False,33.8027920380556,-117.4659261431046,1691.6,2972.0,1049.4,396.9,True,1,1,False,False,False,False,,True,False,False,Course Lock,196.8,67,16.4,93,SE,SW,6.93,11.4,Calm,False,False,Android,7.0.2,M300 RTK,1ZN7L4R0H1D00F,1W9DL31001461C,1ZMLH8300204F0,1Z6PH74DAP0QN7,"Corona, CA",728.3,5.7,137.7,8.547347,2.013246,0,0,DJI Matrice 300 RTK,M300 RTK,1ZN7L4R0H1D00F,1W9DL31001461C,1ZMLH8300204F0,1Z6PH74DAP0QN7,DJI Pilot,Android,7.0.2,1EF72A62-B7C3-C88D-164E-CE6F8C8424AE,1ZN7L4R0H1D00F,1W9DL31001461C,,1ZMLH8300204F0,1W9DL31001461C,,,,,
2023-11-01,11:28:47.96 AM,4m 25.6s,265.6,33.8015620609935,-117.471309613039,137.7,137.7,18.3,1402,1952.8,6.142427,6.94893,-1.11847,2.23694,-6.039738,1.342164,0,0,-0.5,-1.4,1.4,-100.5,259.5,258.5,Tripod,Other,,22,5,True,,True,False,,Smart,RC,False,True,False,,,True,,False,False,False,False,False,False,False,False,False,False,0,Follow Yaw,-77.9,0,-108.6,251.4,False,False,False,False,False,,0,0,False,False,No Card,100,100,1024,1365,1024,957,2,False,False,False,False,False,0,False,False,False,False,85,,47.436,,8586,,10044,,47.436,,True,3.955,3.955,3.955,3.955,3.955,3.955,3.955,3.955,3.955,3.955,3.955,3.955,0,,False,False,True,,,,,,,,,,,,,,,False,False,19.164,,91.9,,75.7,,91.9,,1612,60,14,17,8,142753.0,19033.73,,Idle,,20,,10,,,20,Go Home,False,False,False,False,False,False,False,False,False,False,False,False,33.8027920380556,-117.4659261431046,1692.5,2972.0,1049.4,396.9,True,1,1,False,False,False,False,,True,False,False,Course Lock,196.8,67,16.4,93,SE,SW,6.93,11.4,Calm,False,False,Android,7.0.2,M300 RTK,1ZN7L4R0H1D00F,1W9DL31001461C,1ZMLH8300204F0,1Z6PH74DAP0QN7,"Corona, CA",728.3,5.7,137.7,8.547347,2.013246,0,0,DJI Matrice 300 RTK,M300 RTK,1ZN7L4R0H1D00F,1W9DL31001461C,1ZMLH8300204F0,1Z6PH74DAP0QN7,DJI Pilot,Android,7.0.2,1EF72A62-B7C3-C88D-164E-CE6F8C8424AE,1ZN7L4R0H1D00F,1W9DL31001461C,,1ZMLH8300204F0,1W9DL31001461C,,,,,
2023-11-01,11:28:48.06 AM,4m 25.7s,265.7,33.8015616569271,-117.4713125795125,137.7,137.7,18.3,1402,1953.7,6.142427,6.94893,-1.11847,2.23694,-6.039738,1.342164,0,0,-0.6,-1.8,1.8,-100.5,259.5,260.6,Tripod,Other,,22,5,True,,True,False,,Smart,RC,False,True,False,,,True,,False,False,False,False,False,False,False,False,False,False,0,Follow Yaw,-77.9,0,-108.7,251.3,False,False,False,False,False,,0,0,False,False,No Card,100,100,1024,1362,1024,945,2,False,False,False,False,False,0,False,False,False,False,85,,47.436,,8586,,10044,,47.436,,True,3.955,3.955,3.955,3.955,3.955,3.955,3.955,3.955,3.955,3.955,3.955,3.955,0,,False,False,True,,,,,,,,,,,,,,,False,False,19.164,,91.9,,75.7,,91.9,,1612,60,14,17,8,142753.0,19033.73,,Idle,,20,,10,,,20,Go Home,False,False,False,False,False,False,False,False,False,False,False,False,33.8027920380556,-117.4659261431046,1693.4,2972.0,1049.4,396.9,True,1,1,False,False,False,False,,True,False,False,Course Lock,196.8,67,16.4,93,SE,SW,6.93,11.4,Calm,False,False,Android,7.0.2,M300 RTK,1ZN7L4R0H1D00F,1W9DL31001461C,1ZMLH8300204F0,1Z6PH74DAP0QN7,"Corona, CA",728.3,5.7,137.7,8.547347,2.013246,0,0,DJI Matrice 300 RTK,M300 RTK,1ZN7L4R0H1D00F,1W9DL31001461C,1ZMLH8300204F0,1Z6PH74DAP0QN7,DJI Pilot,Android,7.0.2,1EF72A62-B7C3-C88D-164E-CE6F8C8424AE,1ZN7L4R0H1D00F,1W9DL31001461C,,1ZMLH8300204F0,1W9DL31001461C,,,,,
2023-11-01,11:28:48.16 AM,4m 25.8s,265.8,33.8015611536259,-117.4713155756738,137.7,137.7,18.3,1402,1954.6,6.142427,6.94893,-1.11847,2.23694,-6.039738,1.342164,0,0,-0.5,-1.9,1.9,-100.5,259.5,258.5,Tripod,Other,,22,5,True,,True,False,,Smart,RC,False,True,False,,,True,,False,False,False,False,False,False,False,False,False,False,0,Follow Yaw,-77.9,0,-108.8,251.2,False,False,False,False,False,,0,0,False,False,No Card,100,100,1024,1361,1024,938,2,False,False,False,False,False,0,False,False,False,False,85,,47.436,,8586,,10044,,47.436,,True,3.955,3.955,3.955,3.955,3.955,3.955,3.955,3.955,3.955,3.955,3.955,3.955,0,,False,False,True,,,,,,,,,,,,,,,False,False,19.164,,91.9,,75.7,,91.9,,1612,60,14,17,8,142753.0,19033.73,,Idle,,20,,10,,,20,Go Home,False,False,False,False,False,False,False,False,False,False,False,False,33.8027920380556,-117.4659261431046,1694.3,2972.0,1049.4,396.9,True,1,1,False,False,False,False,,True,False,False,Course Lock,196.8,67,16.4,93,SE,SW,6.93,11.4,Calm,False,False,Android,7.0.2,M300 RTK,1ZN7L4R0H1D00F,1W9DL31001461C,1ZMLH8300204F0,1Z6PH74DAP0QN7,"Corona, CA",728.3,5.7,137.7,8.547347,2.013246,0,0,DJI Matrice 300 RTK,M300 RTK,1ZN7L4R0H1D00F,1W9DL31001461C,1ZMLH8300204F0,1Z6PH74DAP0QN7,DJI Pilot,Android,7.0.2,1EF72A62-B7C3-C88D-164E-CE6F8C8424AE,1ZN7L4R0H1D00F,1W9DL31001461C,,1ZMLH8300204F0,1W9DL31001461C,,,,,
2023-11-01,11:28:48.27 AM,4m 25.9s,265.9,33.8015606459386,-117.4713187921848,137.7,137.7,18.0,1402,1955.6,6.142427,6.94893,-1.11847,2.23694,-6.039738,1.342164,0,0,-0.5,-2.1,2.1,-100.6,259.4,259.2,Tripod,Other,,22,5,True,,True,False,,Smart,RC,False,True,False,,,True,,False,False,False,False,False,False,False,False,False,False,0,Follow Yaw,-77.9,0,-109,251,False,False,False,False,False,,0,0,False,False,No Card,100,100,1024,1362,1024,949,2,False,False,False,False,False,0,False,False,False,False,85,,47.436,,8586,,10044,,47.436,,True,3.955,3.955,3.955,3.955,3.955,3.955,3.955,3.955,3.955,3.955,3.955,3.955,0,,False,False,True,,,,,,,,,,,,,,,False,False,19.164,,91.9,,75.7,,91.9,,1612,60,14,17,8,142753.0,19033.73,,Idle,,20,,10,,,20,Go Home,False,False,False,False,False,False,False,False,False,False,False,False,33.8027920380556,-117.4659261431046,1695.3,2972.0,1049.4,396.9,True,1,1,False,False,False,False,,True,False,False,Course Lock,196.8,67,16.4,93,SE,SW,6.93,11.4,Calm,False,False,Android,7.0.2,M300 RTK,1ZN7L4R0H1D00F,1W9DL31001461C,1ZMLH8300204F0,1Z6PH74DAP0QN7,"Corona, CA",728.3,5.7,137.7,8.547347,2.013246,0,0,DJI Matrice 300 RTK,M300 RTK,1ZN7L4R0H1D00F,1W9DL31001461C,1ZMLH8300204F0,1Z6PH74DAP0QN7,DJI Pilot,Android,7.0.2,1EF72A62-B7C3-C88D-164E-CE6F8C8424AE,1ZN7L4R0H1D00F,1W9DL31001461C,,1ZMLH8300204F0,1W9DL31001461C,,,,,
2023-11-01,11:28:48.38 AM,4m 26.0s,266.0,33.8015601294793,-117.4713217995616,137.7,137.7,18.0,1402,1956.5,6.142427,6.94893,-1.11847,2.23694,-6.039738,1.342164,0,0,-0.6,-2.1,2.1,-100.7,259.3,258.3,Tripod,Other,,22,5,True,,True,False,,Smart,RC,False,True,False,,,True,,False,False,False,False,False,False,False,False,False,False,0,Follow Yaw,-77.9,0,-109.1,250.9,False,False,False,False,False,,0,0,False,False,No Card,100,100,1024,1360,1024,977,2,False,False,False,False,False,0,False,False,False,False,85,,47.376,,8586,,10044,,47.376,,True,3.955,3.955,3.955,3.955,3.955,3.955,3.955,3.955,3.955,3.955,3.955,3.955,0,,False,False,True,,,,,,,,,,,,,,,False,False,18.968,,91.9,,75.7,,91.9,,1612,60,14,17,8,142753.0,19033.73,,Idle,,20,,10,,,20,Go Home,False,False,False,False,False,False,False,False,False,False,False,False,33.8027920380556,-117.4659261431046,1696.2,2972.0,1049.4,396.9,True,1,1,False,False,False,False,,True,False,False,Course Lock,196.8,67,16.4,93,SE,SW,6.93,11.4,Calm,False,False,Android,7.0.2,M300 RTK,1ZN7L4R0H1D00F,1W9DL31001461C,1ZMLH8300204F0,1Z6PH74DAP0QN7,"Corona, CA",728.3,5.7,137.7,8.547347,2.013246,0,0,DJI Matrice 300 RTK,M300 RTK,1ZN7L4R0H1D00F,1W9DL31001461C,1ZMLH8300204F0,1Z6PH74DAP0QN7,DJI Pilot,Android,7.0.2,1EF72A62-B7C3-C88D-164E-CE6F8C8424AE,1ZN7L4R0H1D00F,1W9DL31001461C,,1ZMLH8300204F0,1W9DL31001461C,,,,,
2023-11-01,11:28:48.44 AM,4m 26.1s,266.1,33.8015595987652,-117.4713247360174,137.7,137.7,18.0,1402,1957.5,6.142427,6.94893,-1.11847,2.23694,-6.039738,1.342164,0,0,-0.6,-2,2,-100.8,259.2,257.7,Tripod,Other,,22,5,True,,True,False,,Smart,RC,False,True,False,,,True,,False,False,False,False,False,False,False,False,False,False,0,Follow Yaw,-77.9,0,-109.2,250.8,False,False,False,False,False,,0,0,False,False,No Card,100,100,1024,1367,1024,981,2,False,False,False,False,False,0,False,False,False,False,85,,47.376,,8586,,10044,,47.376,,True,3.955,3.955,3.955,3.955,3.955,3.955,3.955,3.955,3.955,3.955,3.955,3.955,0,,False,False,True,,,,,,,,,,,,,,,False,False,18.968,,91.9,,75.7,,91.9,,1612,60,14,17,8,142753.0,19033.73,,Idle,,20,,10,,,20,Go Home,False,False,False,False,False,False,False,False,False,False,False,False,33.8027920380556,-117.4659261431046,1697.1,2972.0,1049.4,396.9,True,1,1,False,False,False,False,,True,False,False,Course Lock,196.8,67,16.4,93,SE,SW,6.93,11.4,Calm,False,False,Android,7.0.2,M300 RTK,1ZN7L4R0H1D00F,1W9DL31001461C,1ZMLH8300204F0,1Z6PH74DAP0QN7,"Corona, CA",728.3,5.7,137.7,8.547347,2.013246,0,0,DJI Matrice 300 RTK,M300 RTK,1ZN7L4R0H1D00F,1W9DL31001461C,1ZMLH8300204F0,1Z6PH74DAP0QN7,DJI Pilot,Android,7.0.2,1EF72A62-B7C3-C88D-164E-CE6F8C8424AE,1ZN7L4R0H1D00F,1W9DL31001461C,,1ZMLH8300204F0,1W9DL31001461C,,,,,
2023-11-01,11:28:48.54 AM,4m 26.2s,266.2,33.801559061472,-117.4713277259113,137.7,137.7,18.0,1402,1958.4,6.142427,6.94893,-1.11847,2.23694,-6.039738,1.342164,0,0,-0.6,-1.8,1.8,-101,259,257.7,Tripod,Other,,22,5,True,,True,False,,Smart,RC,False,True,False,,,True,,False,False,False,False,False,False,False,False,False,False,0,Follow Yaw,-77.9,0,-109.2,250.8,False,False,False,False,False,,0,0,False,False,No Card,100,100,1024,1362,1024,982,2,False,False,False,False,False,0,False,False,False,False,85,,47.376,,8586,,10044,,47.376,,True,3.955,3.955,3.955,3.955,3.955,3.955,3.955,3.955,3.955,3.955,3.955,3.955,0,,False,False,True,,,,,,,,,,,,,,,False,False,18.968,,91.9,,75.7,,91.9,,1612,60,14,17,8,142753.0,19033.73,,Idle,,20,,10,,,20,Go Home,False,False,False,False,False,False,False,False,False,False,False,False,33.8027920380556,-117.4659261431046,1698.1,2972.0,1049.4,396.9,True,1,1,False,False,False,False,,True,False,False,Course Lock,196.8,67,16.4,93,SE,SW,6.93,11.4,Calm,False,False,Android,7.0.2,M300 RTK,1ZN7L4R0H1D00F,1W9DL31001461C,1ZMLH8300204F0,1Z6PH74DAP0QN7,"Corona, CA",728.3,5.7,137.7,8.547347,2.013246,0,0,DJI Matrice 300 RTK,M300 RTK,1ZN7L4R0H1D00F,1W9DL31001461C,1ZMLH8300204F0,1Z6PH74DAP0QN7,DJI Pilot,Android,7.0.2,1EF72A62-B7C3-C88D-164E-CE6F8C8424AE,1ZN7L4R0H1D00F,1W9DL31001461C,,1ZMLH8300204F0,1W9DL31001461C,,,,,
2023-11-01,11:28:48.64 AM,4m 26.3s,266.3,33.8015585230823,-117.471330674902,137.7,137.7,18.3,1402,1959.3,6.142427,6.94893,-1.11847,2.23694,-6.039738,1.342164,0,0,-0.6,-1.5,1.6,-101.1,258.9,257.6,Tripod,Other,,22,5,True,,True,False,,Smart,RC,False,True,False,,,True,,False,False,False,False,False,False,False,False,False,False,0,Follow Yaw,-77.9,0,-109.3,250.7,False,False,False,False,False,,0,0,False,False,No Card,100,100,1024,1363,1024,982,2,False,False,False,False,False,0,False,False,False,False,85,,47.376,,8586,,10044,,47.376,,True,3.95,3.95,3.95,3.95,3.95,3.95,3.95,3.95,3.95,3.95,3.95,3.95,0,,False,False,True,,,,,,,,,,,,,,,False,False,18.968,,91.9,,75.7,,91.9,,1613,60,14,17,8,142513.0,19001.74,,Idle,,20,,10,,,20,Go Home,False,False,False,False,False,False,False,False,False,False,False,False,33.8027920380556,-117.4659261431046,1699.0,2972.0,1049.4,396.9,True,1,1,False,False,False,False,,True,False,False,Course Lock,196.8,67,16.4,93,SE,SW,6.93,11.4,Calm,False,False,Android,7.0.2,M300 RTK,1ZN7L4R0H1D00F,1W9DL31001461C,1ZMLH8300204F0,1Z6PH74DAP0QN7,"Corona, CA",728.3,5.7,137.7,8.547347,2.013246,0,0,DJI Matrice 300 RTK,M300 RTK,1ZN7L4R0H1D00F,1W9DL31001461C,1ZMLH8300204F0,1Z6PH74DAP0QN7,DJI Pilot,Android,7.0.2,1EF72A62-B7C3-C88D-164E-CE6F8C8424AE,1ZN7L4R0H1D00F,1W9DL31001461C,,1ZMLH8300204F0,1W9DL31001461C,,,,,
2023-11-01,11:28:48.74 AM,4m 26.4s,266.4,33.8015579748239,-117.4713336525909,137.7,137.7,18.0,1402,1960.2,6.142427,6.94893,-1.11847,2.23694,-6.039738,1.342164,0,0,-0.6,-1.3,1.4,-101.1,258.9,257.5,Tripod,Other,,22,5,True,,True,False,,Smart,RC,False,True,False,,,True,,False,False,False,False,False,False,False,False,False,False,0,Follow Yaw,-77.9,0,-109.3,250.7,False,False,False,False,False,,0,0,False,False,No Card,100,100,1024,1361,1024,987,2,False,False,False,False,False,0,False,False,False,False,85,,47.376,,8586,,10044,,47.376,,True,3.95,3.95,3.95,3.95,3.95,3.95,3.95,3.95,3.95,3.95,3.95,3.95,0,,False,False,True,,,,,,,,,,,,,,,False,False,18.968,,91.9,,75.7,,91.9,,1613,60,14,17,8,142513.0,19001.74,,Idle,,20,,10,,,20,Go Home,False,False,False,False,False,False,False,False,False,False,False,False,33.8027920380556,-117.4659261431046,1699.9,2972.0,1049.4,396.9,True,1,1,False,False,False,False,,True,False,False,Course Lock,196.8,67,16.4,93,SE,SW,6.93,11.4,Calm,False,False,Android,7.0.2,M300 RTK,1ZN7L4R0H1D00F,1W9DL31001461C,1ZMLH8300204F0,1Z6PH74DAP0QN7,"Corona, CA",728.3,5.7,137.7,8.547347,2.013246,0,0,DJI Matrice 300 RTK,M300 RTK,1ZN7L4R0H1D00F,1W9DL31001461C,1ZMLH8300204F0,1Z6PH74DAP0QN7,DJI Pilot,Android,7.0.2,1EF72A62-B7C3-C88D-164E-CE6F8C8424AE,1ZN7L4R0H1D00F,1W9DL31001461C,,1ZMLH8300204F0,1W9DL31001461C,,,,,
2023-11-01,11:28:48.84 AM,4m 26.5s,266.5,33.8015573251378,-117.4713366048803,137.7,137.7,18.3,1402,1961.1,6.142427,6.94893,-1.11847,2.23694,-6.039738,1.342164,0,0,-0.6,-1.2,1.3,-101.2,258.8,255.1,Tripod,Other,,22,5,True,,True,False,,Smart,RC,False,True,False,,,True,,False,False,False,False,False,False,False,False,False,False,0,Follow Yaw,-77.9,0,-109.4,250.6,False,False,False,False,False,,0,0,False,False,No Card,100,100,1024,1353,1024,1013,2,False,False,False,False,False,0,False,False,False,False,85,,47.376,,8586,,10044,,47.376,,True,3.95,3.95,3.95,3.95,3.95,3.95,3.95,3.95,3.95,3.95,3.95,3.95,0,,False,False,True,,,,,,,,,,,,,,,False,False,18.968,,91.9,,75.7,,91.9,,1613,60,14,17,8,142513.0,19001.74,,Idle,,20,,10,,,20,Go Home,False,False,False,False,False,False,False,False,False,False,False,False,33.8027920380556,-117.4659261431046,1700.8,2972.0,1049.4,396.9,True,1,1,False,False,False,False,,True,False,False,Course Lock,196.8,67,16.4,93,SE,SW,6.93,11.4,Calm,False,False,Android,7.0.2,M300 RTK,1ZN7L4R0H1D00F,1W9DL31001461C,1ZMLH8300204F0,1Z6PH74DAP0QN7,"Corona, CA",728.3,5.7,137.7,8.547347,2.013246,0,0,DJI Matrice 300 RTK,M300 RTK,1ZN7L4R0H1D00F,1W9DL31001461C,1ZMLH8300204F0,1Z6PH74DAP0QN7,DJI Pilot,Android,7.0.2,1EF72A62-B7C3-C88D-164E-CE6F8C8424AE,1ZN7L4R0H1D00F,1W9DL31001461C,,1ZMLH8300204F0,1W9DL31001461C,,,,,
2023-11-01,11:28:48.94 AM,4m 26.6s,266.6,33.8015567763311,-117.471339573333,137.7,137.7,18.0,1402,1962.1,6.142427,6.94893,-1.11847,2.23694,-6.039738,1.342164,0,0,-0.8,-1.3,1.5,-101.3,258.7,257.4,Tripod,Other,,22,5,True,,True,False,,Smart,RC,False,True,False,,,True,,False,False,False,False,False,False,False,False,False,False,0,Follow Yaw,-77.9,0,-109.4,250.6,False,False,False,False,False,,0,0,False,False,No Card,100,100,1024,1357,1024,993,2,False,False,False,False,False,0,False,False,False,False,85,,47.376,,8586,,10044,,47.376,,True,3.95,3.95,3.95,3.95,3.95,3.95,3.95,3.95,3.95,3.95,3.95,3.95,0,,False,False,True,,,,,,,,,,,,,,,False,False,18.968,,91.9,,75.7,,91.9,,1613,60,14,17,8,142513.0,19001.74,,Idle,,20,,10,,,20,Go Home,False,False,False,False,False,False,False,False,False,False,False,False,33.8027920380556,-117.4659261431046,1701.8,2972.0,1049.4,396.9,True,1,1,False,False,False,False,,True,False,False,Course Lock,196.8,67,16.4,93,SE,SW,6.93,11.4,Calm,False,False,Android,7.0.2,M300 RTK,1ZN7L4R0H1D00F,1W9DL31001461C,1ZMLH8300204F0,1Z6PH74DAP0QN7,"Corona, CA",728.3,5.7,137.7,8.547347,2.013246,0,0,DJI Matrice 300 RTK,M300 RTK,1ZN7L4R0H1D00F,1W9DL31001461C,1ZMLH8300204F0,1Z6PH74DAP0QN7,DJI Pilot,Android,7.0.2,1EF72A62-B7C3-C88D-164E-CE6F8C8424AE,1ZN7L4R0H1D00F,1W9DL31001461C,,1ZMLH8300204F0,1W9DL31001461C,,,,,
2023-11-01,11:28:49.04 AM,4m 26.7s,266.7,33.8015563700717,-117.4713425681749,137.7,137.7,18.3,1402,1963.0,6.142427,6.94893,-1.11847,2.23694,-6.039738,1.342164,0,0,-0.9,-1.5,1.7,-101.4,258.6,260.7,Tripod,Other,,22,5,True,,True,False,,Smart,RC,False,True,False,,,True,,False,False,False,False,False,False,False,False,False,False,0,Follow Yaw,-77.9,0,-109.4,250.6,False,False,False,False,False,,0,0,False,False,No Card,100,100,1024,1352,1024,990,2,False,False,False,False,False,0,False,False,False,False,86,,47.34,,4287,,4986,,47.34,,True,3.95,3.95,3.95,3.95,3.95,3.95,3.95,3.95,3.95,3.95,3.95,3.95,0,,False,False,True,,,,,,,,,,,,,,,False,False,9.352,,91.7,,75.7,,91.9,,1613,60,14,17,8,142513.0,19001.74,,Idle,,20,,10,,,20,Go Home,False,False,False,False,False,False,False,False,False,False,False,False,33.8027920380556,-117.4659261431046,1702.7,2972.0,1049.4,396.9,True,1,1,False,False,False,False,,True,False,False,Course Lock,196.8,67,16.4,93,SE,SW,6.93,11.4,Calm,False,False,Android,7.0.2,M300 RTK,1ZN7L4R0H1D00F,1W9DL31001461C,1ZMLH8300204F0,1Z6PH74DAP0QN7,"Corona, CA",728.3,5.7,137.7,8.547347,2.013246,0,0,DJI Matrice 300 RTK,M300 RTK,1ZN7L4R0H1D00F,1W9DL31001461C,1ZMLH8300204F0,1Z6PH74DAP0QN7,DJI Pilot,Android,7.0.2,1EF72A62-B7C3-C88D-164E-CE6F8C8424AE,1ZN7L4R0H1D00F,1W9DL31001461C,,1ZMLH8300204F0,1W9DL31001461C,,,,,
2023-11-01,11:28:49.14 AM,4m 26.8s,266.8,33.8015558327785,-117.4713455432249,137.7,137.7,18.3,1402,1963.9,6.142427,6.94893,-1.11847,2.23694,-6.039738,1.342164,0,0,-0.9,-1.5,1.7,-101.4,258.6,257.7,Tripod,Other,,22,5,True,,True,False,,Smart,RC,False,True,False,,,True,,False,False,False,False,False,False,False,False,False,False,0,Follow Yaw,-77.9,0,-109.4,250.6,False,False,False,False,False,,0,0,False,False,No Card,100,100,1024,1357,1024,990,2,False,False,False,False,False,0,False,False,False,False,86,,47.34,,4287,,4986,,47.34,,True,3.95,3.95,3.95,3.95,3.95,3.95,3.95,3.95,3.95,3.95,3.95,3.95,0,,False,False,True,,,,,,,,,,,,,,,False,False,9.352,,91.7,,75.7,,91.9,,1613,60,14,17,8,142513.0,19001.74,,Idle,,20,,10,,,20,Go Home,False,False,False,False,False,False,False,False,False,False,False,False,33.8027920380556,-117.4659261431046,1703.6,2972.0,1049.4,396.9,True,1,1,False,False,False,False,,True,False,False,Course Lock,196.8,67,16.4,93,SE,SW,6.93,11.4,Calm,False,False,Android,7.0.2,M300 RTK,1ZN7L4R0H1D00F,1W9DL31001461C,1ZMLH8300204F0,1Z6PH74DAP0QN7,"Corona, CA",728.3,5.7,137.7,8.547347,2.013246,0,0,DJI Matrice 300 RTK,M300 RTK,1ZN7L4R0H1D00F,1W9DL31001461C,1ZMLH8300204F0,1Z6PH74DAP0QN7,DJI Pilot,Android,7.0.2,1EF72A62-B7C3-C88D-164E-CE6F8C8424AE,1ZN7L4R0H1D00F,1W9DL31001461C,,1ZMLH8300204F0,1W9DL31001461C,,,,,
2023-11-01,11:28:49.24 AM,4m 26.9s,266.9,33.8015552598485,-117.4713485750116,137.7,137.7,18.3,1402,1964.9,6.142427,6.94893,-1.11847,2.23694,-6.039738,1.342164,0,0,-0.7,-1.5,1.6,-101.5,258.5,257.1,Tripod,Other,,22,5,True,,True,False,,Smart,RC,False,True,False,,,True,,False,False,False,False,False,False,False,False,False,False,0,Follow Yaw,-77.9,0,-109.4,250.6,False,False,False,False,False,,0,0,False,False,No Card,100,100,1024,1361,1024,991,2,False,False,False,False,False,0,False,False,False,False,86,,47.34,,4287,,4986,,47.34,,True,3.95,3.95,3.95,3.95,3.95,3.95,3.95,3.95,3.95,3.95,3.95,3.95,0,,False,False,True,,,,,,,,,,,,,,,False,False,9.352,,91.7,,75.7,,91.9,,1613,60,14,17,8,142513.0,19001.74,,Idle,,20,,10,,,20,Go Home,False,False,False,False,False,False,False,False,False,False,False,False,33.8027920380556,-117.4659261431046,1704.5,2972.0,1049.4,396.9,True,1,1,False,False,False,False,,True,False,False,Course Lock,196.8,67,16.4,93,SE,SW,6.71,11.4,Calm,False,False,Android,7.0.2,M300 RTK,1ZN7L4R0H1D00F,1W9DL31001461C,1ZMLH8300204F0,1Z6PH74DAP0QN7,"Corona, CA",728.3,5.7,137.7,8.547347,2.013246,0,0,DJI Matrice 300 RTK,M300 RTK,1ZN7L4R0H1D00F,1W9DL31001461C,1ZMLH8300204F0,1Z6PH74DAP0QN7,DJI Pilot,Android,7.0.2,1EF72A62-B7C3-C88D-164E-CE6F8C8424AE,1ZN7L4R0H1D00F,1W9DL31001461C,,1ZMLH8300204F0,1W9DL31001461C,,,,,
2023-11-01,11:28:49.34 AM,4m 27.0s,267.0,33.8015547115901,-117.471351551711,137.7,137.7,18.3,1402,1965.8,6.142427,6.94893,-1.11847,2.23694,-6.039738,1.342164,0,0,-0.5,-1.5,1.5,-101.5,258.5,257.5,Tripod,Other,,22,5,True,,True,False,,Smart,RC,False,True,False,,,True,,False,False,False,False,False,False,False,False,False,False,0,Follow Yaw,-77.9,0,-109.5,250.5,False,False,False,False,False,,0,0,False,False,No Card,100,100,1024,1368,1024,991,2,False,False,False,False,False,0,False,False,False,False,85,,47.448,,8586,,10044,,47.448,,True,3.95,3.95,3.95,3.95,3.95,3.95,3.95,3.95,3.95,3.95,3.95,3.95,0,,False,False,True,,,,,,,,,,,,,,,False,False,18.868,,92.1,,75.7,,92.1,,1613,60,14,17,8,142513.0,19001.74,,Idle,,20,,10,,,20,Go Home,False,False,False,False,False,False,False,False,False,False,False,False,33.8027920380556,-117.4659261431046,1705.5,2972.0,1049.4,396.9,True,1,1,False,False,False,False,,True,False,False,Course Lock,196.8,67,16.4,93,SE,SW,6.71,11.4,Calm,False,False,Android,7.0.2,M300 RTK,1ZN7L4R0H1D00F,1W9DL31001461C,1ZMLH8300204F0,1Z6PH74DAP0QN7,"Corona, CA",728.3,5.7,137.7,8.547347,2.013246,0,0,DJI Matrice 300 RTK,M300 RTK,1ZN7L4R0H1D00F,1W9DL31001461C,1ZMLH8300204F0,1Z6PH74DAP0QN7,DJI Pilot,Android,7.0.2,1EF72A62-B7C3-C88D-164E-CE6F8C8424AE,1ZN7L4R0H1D00F,1W9DL31001461C,,1ZMLH8300204F0,1W9DL31001461C,,,,,
2023-11-01,11:28:49.44 AM,4m 27.1s,267.1,33.8015541123438,-117.47135457789,137.7,137.7,18.3,1402,1966.7,6.142427,6.94893,-1.11847,2.23694,-6.039738,1.342164,0,0,-0.5,-1.4,1.4,-101.4,258.6,256.5,Tripod,Other,,22,5,True,,True,False,,Smart,RC,False,True,False,,,True,,False,False,False,False,False,False,False,False,False,False,0,Follow Yaw,-77.9,0,-109.5,250.5,False,False,False,False,False,,0,0,False,False,No Card,100,100,1024,1357,1024,996,2,False,False,False,False,False,0,False,False,False,False,85,,47.448,,8586,,10044,,47.448,,True,3.95,3.95,3.95,3.95,3.95,3.95,3.95,3.95,3.95,3.95,3.95,3.95,0,,False,False,True,,,,,,,,,,,,,,,False,False,18.868,,92.1,,75.7,,92.1,,1613,60,14,17,8,142513.0,19001.74,,Idle,,20,,10,,,20,Go Home,False,False,False,False,False,False,False,False,False,False,False,False,33.8027920380556,-117.4659261431046,1706.4,2972.0,1049.4,396.9,True,1,1,False,False,False,False,,True,False,False,Course Lock,196.8,67,16.4,93,SE,SW,6.71,11.4,Calm,False,False,Android,7.0.2,M300 RTK,1ZN7L4R0H1D00F,1W9DL31001461C,1ZMLH8300204F0,1Z6PH74DAP0QN7,"Corona, CA",728.3,5.7,137.7,8.547347,2.013246,0,0,DJI Matrice 300 RTK,M300 RTK,1ZN7L4R0H1D00F,1W9DL31001461C,1ZMLH8300204F0,1Z6PH74DAP0QN7,DJI Pilot,Android,7.0.2,1EF72A62-B7C3-C88D-164E-CE6F8C8424AE,1ZN7L4R0H1D00F,1W9DL31001461C,,1ZMLH8300204F0,1W9DL31001461C,,,,,
2023-11-01,11:28:49.54 AM,4m 27.2s,267.2,33.8015535531202,-117.4713575437038,137.7,137.7,18.3,1402,1967.6,6.142427,6.94893,-1.11847,2.23694,-6.039738,1.342164,0,0,-0.8,-1.2,1.4,-101.3,258.7,257.2,Tripod,Other,,22,5,True,,True,False,,Smart,RC,False,True,False,,,True,,False,False,False,False,False,False,False,False,False,False,0,Follow Yaw,-77.9,0,-109.5,250.5,False,False,False,False,False,,0,0,False,False,No Card,100,100,1024,1357,1024,996,2,False,False,False,False,False,0,False,False,False,False,85,,47.448,,8586,,10044,,47.448,,True,3.95,3.95,3.95,3.95,3.95,3.95,3.95,3.95,3.95,3.95,3.95,3.95,0,,False,False,True,,,,,,,,,,,,,,,False,False,18.868,,92.1,,75.7,,92.1,,1613,60,14,17,8,142513.0,19001.74,,Idle,,20,,10,,,20,Go Home,False,False,False,False,False,False,False,False,False,False,False,False,33.8027920380556,-117.4659261431046,1707.3,2972.0,1049.4,396.9,True,1,1,False,False,False,False,,True,False,False,Course Lock,196.8,67,16.4,93,SE,SW,6.71,11.4,Calm,False,False,Android,7.0.2,M300 RTK,1ZN7L4R0H1D00F,1W9DL31001461C,1ZMLH8300204F0,1Z6PH74DAP0QN7,"Corona, CA",728.3,5.7,137.7,8.547347,2.013246,0,0,DJI Matrice 300 RTK,M300 RTK,1ZN7L4R0H1D00F,1W9DL31001461C,1ZMLH8300204F0,1Z6PH74DAP0QN7,DJI Pilot,Android,7.0.2,1EF72A62-B7C3-C88D-164E-CE6F8C8424AE,1ZN7L4R0H1D00F,1W9DL31001461C,,1ZMLH8300204F0,1W9DL31001461C,,,,,
2023-11-01,11:28:49.64 AM,4m 27.3s,267.3,33.8015529631942,-117.4713605487715,137.7,137.7,18.3,1402,1968.6,6.142427,6.94893,-1.11847,2.23694,-6.039738,1.342164,0,0,-0.9,-0.9,1.2,-101.2,258.8,256.7,Tripod,Other,,22,5,True,,True,False,,Smart,RC,False,True,False,,,True,,False,False,False,False,False,False,False,False,False,False,0,Follow Yaw,-77.9,0,-109.5,250.5,False,False,False,False,False,,0,0,False,False,No Card,100,100,1024,1358,1024,996,2,False,False,False,False,False,0,False,False,False,False,85,,47.448,,8586,,10044,,47.448,,True,3.951,3.951,3.951,3.951,3.951,3.951,3.951,3.951,3.951,3.951,3.951,3.951,0,,False,False,True,,,,,,,,,,,,,,,False,False,18.868,,92.1,,75.7,,92.1,,1615,60,14,17,8,142353.3,18980.44,,Idle,,20,,10,,,20,Go Home,False,False,False,False,False,False,False,False,False,False,False,False,33.8027920380556,-117.4659261431046,1708.3,2972.0,1049.4,396.9,True,1,1,False,False,False,False,,True,False,False,Course Lock,196.8,67,16.4,93,SE,SW,6.71,11.4,Calm,False,False,Android,7.0.2,M300 RTK,1ZN7L4R0H1D00F,1W9DL31001461C,1ZMLH8300204F0,1Z6PH74DAP0QN7,"Corona, CA",728.3,5.7,137.7,8.547347,2.013246,0,0,DJI Matrice 300 RTK,M300 RTK,1ZN7L4R0H1D00F,1W9DL31001461C,1ZMLH8300204F0,1Z6PH74DAP0QN7,DJI Pilot,Android,7.0.2,1EF72A62-B7C3-C88D-164E-CE6F8C8424AE,1ZN7L4R0H1D00F,1W9DL31001461C,,1ZMLH8300204F0,1W9DL31001461C,,,,,
2023-11-01,11:28:49.72 AM,4m 27.4s,267.4,33.8015524050672,-117.4713635185436,137.7,137.7,18.3,1402,1969.5,6.142427,6.94893,-1.11847,2.23694,-6.039738,1.342164,0,0,-1,-0.9,1.3,-101.2,258.8,257.2,Tripod,Other,,22,5,True,,True,False,,Smart,RC,False,True,False,,,True,,False,False,False,False,False,False,False,False,False,False,0,Follow Yaw,-77.9,0,-109.5,250.5,False,False,False,False,False,,0,0,False,False,No Card,100,100,1024,1355,1024,994,2,False,False,False,False,False,0,False,False,False,False,85,,47.448,,8586,,10044,,47.448,,True,3.951,3.951,3.951,3.951,3.951,3.951,3.951,3.951,3.951,3.951,3.951,3.951,0,,False,False,True,,,,,,,,,,,,,,,False,False,18.868,,92.1,,75.7,,92.1,,1615,60,14,17,8,142353.3,18980.44,,Idle,,20,,10,,,20,Go Home,False,False,False,False,False,False,False,False,False,False,False,False,33.8027920380556,-117.4659261431046,1709.2,2972.0,1049.4,396.9,True,1,1,False,False,False,False,,True,False,False,Course Lock,196.8,67,16.4,93,SE,SW,6.71,11.4,Calm,False,False,Android,7.0.2,M300 RTK,1ZN7L4R0H1D00F,1W9DL31001461C,1ZMLH8300204F0,1Z6PH74DAP0QN7,"Corona, CA",728.3,5.7,137.7,8.547347,2.013246,0,0,DJI Matrice 300 RTK,M300 RTK,1ZN7L4R0H1D00F,1W9DL31001461C,1ZMLH8300204F0,1Z6PH74DAP0QN7,DJI Pilot,Android,7.0.2,1EF72A62-B7C3-C88D-164E-CE6F8C8424AE,1ZN7L4R0H1D00F,1W9DL31001461C,,1ZMLH8300204F0,1W9DL31001461C,,,,,
2023-11-01,11:28:49.84 AM,4m 27.5s,267.5,33.8015518831253,-117.4713665476914,137.7,137.7,18.3,1402,1970.4,6.142427,6.94893,-1.11847,2.23694,-6.039738,1.342164,0,0,-1,-1.1,1.4,-101.2,258.8,258.2,Tripod,Other,,22,5,True,,True,False,,Smart,RC,False,True,False,,,True,,False,False,False,False,False,False,False,False,False,False,0,Follow Yaw,-77.9,0,-109.6,250.4,False,False,False,False,False,,0,0,False,False,No Card,100,100,1024,1356,1024,993,2,False,False,False,False,False,0,False,False,False,False,85,,47.448,,8586,,10044,,47.448,,True,3.951,3.951,3.951,3.951,3.951,3.951,3.951,3.951,3.951,3.951,3.951,3.951,0,,False,False,True,,,,,,,,,,,,,,,False,False,18.868,,92.1,,75.7,,92.1,,1615,60,14,17,8,142353.3,18980.44,,Idle,,20,,10,,,20,Go Home,False,False,False,False,False,False,False,False,False,False,False,False,33.8027920380556,-117.4659261431046,1710.1,2972.0,1049.4,396.9,True,1,1,False,False,False,False,,True,False,False,Course Lock,196.8,67,16.4,93,SE,SW,6.71,11.4,Calm,False,False,Android,7.0.2,M300 RTK,1ZN7L4R0H1D00F,1W9DL31001461C,1ZMLH8300204F0,1Z6PH74DAP0QN7,"Corona, CA",728.3,5.7,137.7,8.547347,2.013246,0,0,DJI Matrice 300 RTK,M300 RTK,1ZN7L4R0H1D00F,1W9DL31001461C,1ZMLH8300204F0,1Z6PH74DAP0QN7,DJI Pilot,Android,7.0.2,1EF72A62-B7C3-C88D-164E-CE6F8C8424AE,1ZN7L4R0H1D00F,1W9DL31001461C,,1ZMLH8300204F0,1W9DL31001461C,,,,,
2023-11-01,11:28:49.94 AM,4m 27.6s,267.6,33.8015513452838,-117.4713695260401,137.7,137.7,18.3,1402,1971.4,6.142427,6.94893,-1.11847,2.23694,-6.039738,1.342164,0,0,-0.9,-1.4,1.6,-101.3,258.7,257.7,Tripod,Other,,23,5,True,,True,False,,Smart,RC,False,True,False,,,True,,False,False,False,False,False,False,False,False,False,False,0,Follow Yaw,-77.9,0,-109.6,250.4,False,False,False,False,False,,0,0,False,False,No Card,100,100,1024,1355,1024,982,2,False,False,False,False,False,0,False,False,False,False,85,,47.448,,8586,,10044,,47.448,,True,3.951,3.951,3.951,3.951,3.951,3.951,3.951,3.951,3.951,3.951,3.951,3.951,0,,False,False,True,,,,,,,,,,,,,,,False,False,18.868,,92.1,,75.7,,92.1,,1615,60,14,17,8,142353.3,18980.44,,Idle,,20,,10,,,20,Go Home,False,False,False,False,False,False,False,False,False,False,False,False,33.8027920380556,-117.4659261431046,1711.0,2972.0,1049.4,396.9,True,1,1,False,False,False,False,,True,False,False,Course Lock,196.8,67,16.4,93,SE,SW,6.71,11.4,Calm,False,False,Android,7.0.2,M300 RTK,1ZN7L4R0H1D00F,1W9DL31001461C,1ZMLH8300204F0,1Z6PH74DAP0QN7,"Corona, CA",728.3,5.7,137.7,8.547347,2.013246,0,0,DJI Matrice 300 RTK,M300 RTK,1ZN7L4R0H1D00F,1W9DL31001461C,1ZMLH8300204F0,1Z6PH74DAP0QN7,DJI Pilot,Android,7.0.2,1EF72A62-B7C3-C88D-164E-CE6F8C8424AE,1ZN7L4R0H1D00F,1W9DL31001461C,,1ZMLH8300204F0,1W9DL31001461C,,,,,
2023-11-01,11:28:50.04 AM,4m 27.7s,267.7,33.8015508600752,-117.4713724489715,137.7,137.7,18.3,1402,1972.3,6.142427,6.94893,-1.11847,2.23694,-6.039738,1.342164,0,0,-0.9,-1.7,1.9,-101.4,258.6,258.7,Tripod,Other,,23,5,True,,True,False,,Smart,RC,False,True,False,,,True,,False,False,False,False,False,False,False,False,False,False,0,Follow Yaw,-77.9,0,-109.6,250.4,False,False,False,False,False,,0,0,False,False,No Card,100,100,1024,1354,1024,923,2,False,False,False,False,False,0,False,False,False,False,85,,47.448,,8586,,10044,,47.448,,True,3.951,3.951,3.951,3.951,3.951,3.951,3.951,3.951,3.951,3.951,3.951,3.951,0,,False,False,True,,,,,,,,,,,,,,,False,False,18.868,,92.1,,75.7,,92.1,,1615,60,14,17,8,142353.3,18980.44,,Idle,,20,,10,,,20,Go Home,False,False,False,False,False,False,False,False,False,False,False,False,33.8027920380556,-117.4659261431046,1711.9,2972.0,1049.4,396.9,True,1,1,False,False,False,False,,True,False,False,Course Lock,196.8,67,16.4,93,SE,SW,6.71,11.4,Calm,False,False,Android,7.0.2,M300 RTK,1ZN7L4R0H1D00F,1W9DL31001461C,1ZMLH8300204F0,1Z6PH74DAP0QN7,"Corona, CA",728.3,5.7,137.7,8.547347,2.013246,0,0,DJI Matrice 300 RTK,M300 RTK,1ZN7L4R0H1D00F,1W9DL31001461C,1ZMLH8300204F0,1Z6PH74DAP0QN7,DJI Pilot,Android,7.0.2,1EF72A62-B7C3-C88D-164E-CE6F8C8424AE,1ZN7L4R0H1D00F,1W9DL31001461C,,1ZMLH8300204F0,1W9DL31001461C,,,,,
2023-11-01,11:28:50.14 AM,4m 27.8s,267.8,33.8015503216854,-117.4713754263306,137.7,137.7,18.3,1402,1973.2,6.142427,6.94893,-1.11847,2.23694,-6.039738,1.342164,0,0,-0.9,-1.7,1.9,-101.5,258.5,257.7,Tripod,Other,,23,5,True,,True,False,,Smart,RC,False,True,False,,,True,,False,False,False,False,False,False,False,False,False,False,0,Follow Yaw,-77.9,0,-109.7,250.3,False,False,False,False,False,,0,0,False,False,No Card,100,100,1024,1354,1024,841,2,False,False,False,False,False,0,False,False,False,False,85,,47.448,,8586,,10044,,47.448,,True,3.951,3.951,3.951,3.951,3.951,3.951,3.951,3.951,3.951,3.951,3.951,3.951,0,,False,False,True,,,,,,,,,,,,,,,False,False,18.868,,92.1,,75.7,,92.1,,1615,60,14,17,8,142353.3,18980.44,,Idle,,20,,10,,,20,Go Home,False,False,False,False,False,False,False,False,False,False,False,False,33.8027920380556,-117.4659261431046,1712.9,2972.0,1049.4,396.9,True,1,1,False,False,False,False,,True,False,False,Course Lock,196.8,67,16.4,93,SE,SW,6.71,11.4,Calm,False,False,Android,7.0.2,M300 RTK,1ZN7L4R0H1D00F,1W9DL31001461C,1ZMLH8300204F0,1Z6PH74DAP0QN7,"Corona, CA",728.3,5.7,137.7,8.547347,2.013246,0,0,DJI Matrice 300 RTK,M300 RTK,1ZN7L4R0H1D00F,1W9DL31001461C,1ZMLH8300204F0,1Z6PH74DAP0QN7,DJI Pilot,Android,7.0.2,1EF72A62-B7C3-C88D-164E-CE6F8C8424AE,1ZN7L4R0H1D00F,1W9DL31001461C,,1ZMLH8300204F0,1W9DL31001461C,,,,,
2023-11-01,11:28:50.24 AM,4m 27.9s,267.9,33.8015496259456,-117.4713785145242,137.7,137.7,18.3,1402,1974.2,6.142427,6.94893,-1.11847,2.23694,-6.039738,1.342164,0,0,-0.9,-1.9,2.1,-101.6,258.4,254.8,Tripod,Other,,23,5,True,,True,False,,Smart,RC,False,True,False,,,True,,False,False,False,False,False,False,False,False,False,False,0,Follow Yaw,-77.9,0,-109.9,250.1,False,False,False,False,False,,0,0,False,False,No Card,100,100,1024,1358,1024,842,2,False,False,False,False,False,0,False,False,False,False,86,,47.388,,4287,,4986,,47.388,,True,3.951,3.951,3.951,3.951,3.951,3.951,3.951,3.951,3.951,3.951,3.951,3.951,0,,False,False,True,,,,,,,,,,,,,,,False,False,9.238,,91.9,,75.7,,92.1,,1615,60,14,17,8,142353.3,18980.44,,Idle,,20,,10,,,20,Go Home,False,False,False,False,False,False,False,False,False,False,False,False,33.8027920380556,-117.4659261431046,1713.8,2972.0,1049.4,396.9,True,1,1,False,False,False,False,,True,False,False,Course Lock,196.8,67,16.4,93,SE,SW,6.71,11.4,Calm,False,False,Android,7.0.2,M300 RTK,1ZN7L4R0H1D00F,1W9DL31001461C,1ZMLH8300204F0,1Z6PH74DAP0QN7,"Corona, CA",728.3,5.7,137.7,8.547347,2.013246,0,0,DJI Matrice 300 RTK,M300 RTK,1ZN7L4R0H1D00F,1W9DL31001461C,1ZMLH8300204F0,1Z6PH74DAP0QN7,DJI Pilot,Android,7.0.2,1EF72A62-B7C3-C88D-164E-CE6F8C8424AE,1ZN7L4R0H1D00F,1W9DL31001461C,,1ZMLH8300204F0,1W9DL31001461C,,,,,
2023-11-01,11:28:50.33 AM,4m 28.0s,268.0,33.8015490650773,-117.471381502109,137.7,137.7,18.3,1402,1975.1,6.142427,6.94893,-1.11847,2.23694,-6.039738,1.342164,0,0,-0.7,-2.6,2.6,-101.8,258.2,257.2,Tripod,Other,,23,5,True,,True,False,,Smart,RC,False,True,False,,,True,,False,False,False,False,False,False,False,False,False,False,0,Follow Yaw,-77.9,0,-110.3,249.7,False,False,False,False,False,,0,0,False,False,No Card,100,100,1024,1358,1024,842,2,False,False,False,False,False,0,False,False,False,False,85,,47.436,,8586,,10044,,47.436,,True,3.951,3.951,3.951,3.951,3.951,3.951,3.951,3.951,3.951,3.951,3.951,3.951,0,,False,False,True,,,,,,,,,,,,,,,False,False,18.74,,92.1,,75.7,,92.1,,1615,60,14,17,8,142353.3,18980.44,,Idle,,20,,10,,,20,Go Home,False,False,False,False,False,False,False,False,False,False,False,False,33.8027920380556,-117.4659261431046,1714.8,2972.0,1049.4,396.9,True,1,1,False,False,False,False,,True,False,False,Course Lock,196.8,67,16.4,93,SE,SW,6.71,11.4,Calm,False,False,Android,7.0.2,M300 RTK,1ZN7L4R0H1D00F,1W9DL31001461C,1ZMLH8300204F0,1Z6PH74DAP0QN7,"Corona, CA",728.3,5.7,137.7,8.547347,2.013246,0,0,DJI Matrice 300 RTK,M300 RTK,1ZN7L4R0H1D00F,1W9DL31001461C,1ZMLH8300204F0,1Z6PH74DAP0QN7,DJI Pilot,Android,7.0.2,1EF72A62-B7C3-C88D-164E-CE6F8C8424AE,1ZN7L4R0H1D00F,1W9DL31001461C,,1ZMLH8300204F0,1W9DL31001461C,,,,,
2023-11-01,11:28:50.43 AM,4m 28.1s,268.1,33.8015486242776,-117.4713843544493,137.7,137.7,18.3,1402,1976.0,6.142427,6.94893,-1.11847,2.23694,-6.039738,1.342164,0,0,-0.7,-3,3,-102,258,259.4,Tripod,Other,,23,5,True,,True,False,,Smart,RC,False,True,False,,,True,,False,False,False,False,False,False,False,False,False,False,0,Follow Yaw,-77.9,0,-110.7,249.3,False,False,False,False,False,,0,0,False,False,No Card,100,100,1024,1354,1024,854,2,False,False,False,False,False,0,False,False,False,False,85,,47.436,,8586,,10044,,47.436,,True,3.951,3.951,3.951,3.951,3.951,3.951,3.951,3.951,3.951,3.951,3.951,3.951,0,,False,False,True,,,,,,,,,,,,,,,False,False,18.74,,92.1,,75.7,,92.1,,1615,60,14,17,8,142353.3,18980.44,,Idle,,20,,10,,,20,Go Home,False,False,False,False,False,False,False,False,False,False,False,False,33.8027920380556,-117.4659261431046,1715.6,2972.0,1049.4,396.9,True,1,1,False,False,False,False,,True,False,False,Course Lock,196.8,67,16.4,93,SE,SW,6.71,11.4,Calm,False,False,Android,7.0.2,M300 RTK,1ZN7L4R0H1D00F,1W9DL31001461C,1ZMLH8300204F0,1Z6PH74DAP0QN7,"Corona, CA",728.3,5.7,137.7,8.547347,2.013246,0,0,DJI Matrice 300 RTK,M300 RTK,1ZN7L4R0H1D00F,1W9DL31001461C,1ZMLH8300204F0,1Z6PH74DAP0QN7,DJI Pilot,Android,7.0.2,1EF72A62-B7C3-C88D-164E-CE6F8C8424AE,1ZN7L4R0H1D00F,1W9DL31001461C,,1ZMLH8300204F0,1W9DL31001461C,,,,,
2023-11-01,11:28:50.53 AM,4m 28.2s,268.2,33.8015480354481,-117.4713873182839,137.7,137.7,18.3,1402,1976.9,6.18707,6.94893,-1.342164,2.23694,-6.039738,1.342164,0,0,-0.7,-3.1,3.1,-102.3,257.7,256.5,Tripod,Other,,23,5,True,,True,False,,Smart,RC,False,True,False,,,True,,False,False,False,False,False,False,False,False,False,False,0,Follow Yaw,-77.9,0,-111,249,False,False,False,False,False,,0,0,False,False,No Card,100,100,1024,1362,1024,906,2,False,False,False,False,False,0,False,False,False,False,85,,47.436,,8586,,10044,,47.436,,True,3.951,3.951,3.951,3.951,3.951,3.951,3.951,3.951,3.951,3.951,3.951,3.951,0,,False,False,True,,,,,,,,,,,,,,,False,False,18.74,,92.1,,75.7,,92.1,,1615,60,14,17,8,142353.3,18980.44,,Idle,,20,,10,,,20,Go Home,False,False,False,False,False,False,False,False,False,False,False,False,33.8027920380556,-117.4659261431046,1716.6,2972.0,1049.4,396.9,True,1,1,False,False,False,False,,True,False,False,Course Lock,196.8,67,16.4,93,SE,SW,6.71,11.4,Calm,False,False,Android,7.0.2,M300 RTK,1ZN7L4R0H1D00F,1W9DL31001461C,1ZMLH8300204F0,1Z6PH74DAP0QN7,"Corona, CA",728.3,5.7,137.7,8.547347,2.013246,0,0,DJI Matrice 300 RTK,M300 RTK,1ZN7L4R0H1D00F,1W9DL31001461C,1ZMLH8300204F0,1Z6PH74DAP0QN7,DJI Pilot,Android,7.0.2,1EF72A62-B7C3-C88D-164E-CE6F8C8424AE,1ZN7L4R0H1D00F,1W9DL31001461C,,1ZMLH8300204F0,1W9DL31001461C,,,,,
2023-11-01,11:28:50.64 AM,4m 28.3s,268.3,33.8015473764415,-117.471390161388,137.7,137.7,18.3,1402,1977.8,5.9689,6.94893,-1.342164,2.23694,-5.816044,1.342164,0,0,-0.7,-2.9,2.9,-102.6,257.4,254.4,Tripod,Other,,23,5,True,,True,False,,Smart,RC,False,True,False,,,True,,False,False,False,False,False,False,False,False,False,False,0,Follow Yaw,-77.9,0,-111.2,248.8,False,False,False,False,False,,0,0,False,False,No Card,100,100,1024,1362,1024,933,2,False,False,False,False,False,0,False,False,False,False,85,,47.436,,8586,,10044,,47.436,,True,3.955,3.955,3.955,3.955,3.955,3.955,3.955,3.955,3.955,3.955,3.955,3.955,0,,False,False,True,,,,,,,,,,,,,,,False,False,18.74,,92.1,,75.7,,92.1,,1616,60,14,17,8,142178.9,18957.18,,Idle,,20,,10,,,20,Go Home,False,False,False,False,False,False,False,False,False,False,False,False,33.8027920380556,-117.4659261431046,1717.5,2972.0,1049.4,396.9,True,1,1,False,False,False,False,,True,False,False,Course Lock,196.8,67,16.4,93,SE,SW,6.71,11.4,Calm,False,False,Android,7.0.2,M300 RTK,1ZN7L4R0H1D00F,1W9DL31001461C,1ZMLH8300204F0,1Z6PH74DAP0QN7,"Corona, CA",728.3,5.7,137.7,8.547347,2.013246,0,0,DJI Matrice 300 RTK,M300 RTK,1ZN7L4R0H1D00F,1W9DL31001461C,1ZMLH8300204F0,1Z6PH74DAP0QN7,DJI Pilot,Android,7.0.2,1EF72A62-B7C3-C88D-164E-CE6F8C8424AE,1ZN7L4R0H1D00F,1W9DL31001461C,,1ZMLH8300204F0,1W9DL31001461C,,,,,
2023-11-01,11:28:50.74 AM,4m 28.4s,268.4,33.8015467327862,-117.4713931004828,137.7,137.7,18.3,1402,1978.7,5.9689,6.94893,-1.342164,2.23694,-5.816044,1.342164,0,0,-0.7,-2.4,2.5,-102.9,257.1,255.2,Tripod,Other,,23,5,True,,True,False,,Smart,RC,False,True,False,,,True,,False,False,False,False,False,False,False,False,False,False,0,Follow Yaw,-77.9,0,-111.5,248.5,False,False,False,False,False,,0,0,False,False,No Card,100,100,1024,1361,1024,964,2,False,False,False,False,False,0,False,False,False,False,85,,47.436,,8586,,10044,,47.436,,True,3.955,3.955,3.955,3.955,3.955,3.955,3.955,3.955,3.955,3.955,3.955,3.955,0,,False,False,True,,,,,,,,,,,,,,,False,False,18.74,,92.1,,75.7,,92.1,,1616,60,14,17,8,142178.9,18957.18,,Idle,,20,,10,,,20,Go Home,False,False,False,False,False,False,False,False,False,False,False,False,33.8027920380556,-117.4659261431046,1718.4,2972.0,1049.4,396.9,True,1,1,False,False,False,False,,True,False,False,Course Lock,196.8,67,16.4,93,SE,SW,6.71,11.4,Calm,False,False,Android,7.0.2,M300 RTK,1ZN7L4R0H1D00F,1W9DL31001461C,1ZMLH8300204F0,1Z6PH74DAP0QN7,"Corona, CA",728.3,5.7,137.7,8.547347,2.013246,0,0,DJI Matrice 300 RTK,M300 RTK,1ZN7L4R0H1D00F,1W9DL31001461C,1ZMLH8300204F0,1Z6PH74DAP0QN7,DJI Pilot,Android,7.0.2,1EF72A62-B7C3-C88D-164E-CE6F8C8424AE,1ZN7L4R0H1D00F,1W9DL31001461C,,1ZMLH8300204F0,1W9DL31001461C,,,,,
2023-11-01,11:28:50.84 AM,4m 28.5s,268.5,33.8015460792623,-117.4713960982934,137.7,137.7,18.3,1402,1979.6,5.9689,6.94893,-1.342164,2.23694,-5.816044,1.342164,0,0,-0.8,-1.9,2,-103.1,256.9,255.3,Tripod,Other,,23,5,True,,True,False,,Smart,RC,False,True,False,,,True,,False,False,False,False,False,False,False,False,False,False,0,Follow Yaw,-77.9,0,-111.6,248.4,False,False,False,False,False,,0,0,False,False,No Card,100,100,1024,1358,1024,964,2,False,False,False,False,False,0,False,False,False,False,85,,47.436,,8586,,10044,,47.436,,True,3.955,3.955,3.955,3.955,3.955,3.955,3.955,3.955,3.955,3.955,3.955,3.955,0,,False,False,True,,,,,,,,,,,,,,,False,False,18.74,,92.1,,75.7,,92.1,,1616,60,14,17,8,142178.9,18957.18,,Idle,,20,,10,,,20,Go Home,False,False,False,False,False,False,False,False,False,False,False,False,33.8027920380556,-117.4659261431046,1719.3,2972.0,1049.4,396.9,True,1,1,False,False,False,False,,True,False,False,Course Lock,196.8,67,16.4,93,SE,SW,6.71,11.4,Calm,False,False,Android,7.0.2,M300 RTK,1ZN7L4R0H1D00F,1W9DL31001461C,1ZMLH8300204F0,1Z6PH74DAP0QN7,"Corona, CA",728.3,5.7,137.7,8.547347,2.013246,0,0,DJI Matrice 300 RTK,M300 RTK,1ZN7L4R0H1D00F,1W9DL31001461C,1ZMLH8300204F0,1Z6PH74DAP0QN7,DJI Pilot,Android,7.0.2,1EF72A62-B7C3-C88D-164E-CE6F8C8424AE,1ZN7L4R0H1D00F,1W9DL31001461C,,1ZMLH8300204F0,1W9DL31001461C,,,,,
2023-11-01,11:28:50.94 AM,4m 28.6s,268.6,33.801545403808,-117.4713990291416,137.7,137.7,18.3,1402,1980.6,6.023145,6.94893,-1.565858,2.23694,-5.816044,1.342164,0,0,-0.7,-1.4,1.5,-103.3,256.7,254.4,Tripod,Other,,23,5,True,,True,False,,Smart,RC,False,True,False,,,True,,False,False,False,False,False,False,False,False,False,False,0,Follow Yaw,-77.9,0,-111.7,248.3,False,False,False,False,False,,0,0,False,False,No Card,100,100,1024,1360,1024,944,2,False,False,False,False,False,0,False,False,False,False,85,,47.436,,8586,,10044,,47.436,,True,3.955,3.955,3.955,3.955,3.955,3.955,3.955,3.955,3.955,3.955,3.955,3.955,0,,False,False,True,,,,,,,,,,,,,,,False,False,18.74,,92.1,,75.7,,92.1,,1616,60,14,17,8,142178.9,18957.18,,Idle,,20,,10,,,20,Go Home,False,False,False,False,False,False,False,False,False,False,False,False,33.8027920380556,-117.4659261431046,1720.2,2972.0,1049.4,396.9,True,1,1,False,False,False,False,,True,False,False,Course Lock,196.8,67,16.4,93,SE,SW,6.71,11.4,Calm,False,False,Android,7.0.2,M300 RTK,1ZN7L4R0H1D00F,1W9DL31001461C,1ZMLH8300204F0,1Z6PH74DAP0QN7,"Corona, CA",728.3,5.7,137.7,8.547347,2.013246,0,0,DJI Matrice 300 RTK,M300 RTK,1ZN7L4R0H1D00F,1W9DL31001461C,1ZMLH8300204F0,1Z6PH74DAP0QN7,DJI Pilot,Android,7.0.2,1EF72A62-B7C3-C88D-164E-CE6F8C8424AE,1ZN7L4R0H1D00F,1W9DL31001461C,,1ZMLH8300204F0,1W9DL31001461C,,,,,
2023-11-01,11:28:51.05 AM,4m 28.7s,268.7,33.8015449016033,-117.4714016370521,137.7,137.7,18.3,1402,1981.4,6.023145,6.94893,-1.565858,2.23694,-5.816044,1.342164,0,0,-0.6,-1.1,1.2,-103.5,256.5,256.9,Tripod,Other,,23,5,True,,True,False,,Smart,RC,False,True,False,,,True,,False,False,False,False,False,False,False,False,False,False,0,Follow Yaw,-77.9,0,-111.8,248.2,False,False,False,False,False,,0,0,False,False,No Card,100,100,1024,1359,1024,938,2,False,False,False,False,False,0,False,False,False,False,85,,47.436,,8586,,10044,,47.436,,True,3.955,3.955,3.955,3.955,3.955,3.955,3.955,3.955,3.955,3.955,3.955,3.955,0,,False,False,True,,,,,,,,,,,,,,,False,False,18.74,,92.1,,75.7,,92.1,,1616,60,14,17,8,142178.9,18957.18,,Idle,,20,,10,,,20,Go Home,False,False,False,False,False,False,False,False,False,False,False,False,33.8027920380556,-117.4659261431046,1721.0,2972.0,1049.4,396.9,True,1,1,False,False,False,False,,True,False,False,Course Lock,196.8,67,16.4,93,SE,SW,6.71,11.4,Calm,False,False,Android,7.0.2,M300 RTK,1ZN7L4R0H1D00F,1W9DL31001461C,1ZMLH8300204F0,1Z6PH74DAP0QN7,"Corona, CA",728.3,5.7,137.7,8.547347,2.013246,0,0,DJI Matrice 300 RTK,M300 RTK,1ZN7L4R0H1D00F,1W9DL31001461C,1ZMLH8300204F0,1Z6PH74DAP0QN7,DJI Pilot,Android,7.0.2,1EF72A62-B7C3-C88D-164E-CE6F8C8424AE,1ZN7L4R0H1D00F,1W9DL31001461C,,1ZMLH8300204F0,1W9DL31001461C,,,,,
2023-11-01,11:28:51.15 AM,4m 28.8s,268.8,33.8015442310833,-117.4714045276568,137.7,137.7,18.3,1402,1982.3,6.023145,6.94893,-1.565858,2.23694,-5.816044,1.342164,0,0,-0.6,-1.2,1.3,-103.6,256.4,254.4,Tripod,Other,,23,5,True,,True,False,,Smart,RC,False,True,False,,,True,,False,False,False,False,False,False,False,False,False,False,0,Follow Yaw,-77.9,0,-112,248,False,False,False,False,False,,0,0,False,False,No Card,100,100,1024,1359,1024,938,2,False,False,False,False,False,0,False,False,False,False,85,,47.436,,8586,,10044,,47.436,,True,3.955,3.955,3.955,3.955,3.955,3.955,3.955,3.955,3.955,3.955,3.955,3.955,0,,False,False,True,,,,,,,,,,,,,,,False,False,18.74,,92.1,,75.7,,92.1,,1616,60,14,17,8,142178.9,18957.18,,Idle,,20,,10,,,20,Go Home,False,False,False,False,False,False,False,False,False,False,False,False,33.8027920380556,-117.4659261431046,1722.0,2972.0,1049.4,396.9,True,1,1,False,False,False,False,,True,False,False,Course Lock,196.8,67,16.4,93,SE,SW,6.71,11.4,Calm,False,False,Android,7.0.2,M300 RTK,1ZN7L4R0H1D00F,1W9DL31001461C,1ZMLH8300204F0,1Z6PH74DAP0QN7,"Corona, CA",728.3,5.7,137.7,8.547347,2.013246,0,0,DJI Matrice 300 RTK,M300 RTK,1ZN7L4R0H1D00F,1W9DL31001461C,1ZMLH8300204F0,1Z6PH74DAP0QN7,DJI Pilot,Android,7.0.2,1EF72A62-B7C3-C88D-164E-CE6F8C8424AE,1ZN7L4R0H1D00F,1W9DL31001461C,,1ZMLH8300204F0,1W9DL31001461C,,,,,
2023-11-01,11:28:51.25 AM,4m 28.9s,268.9,33.8015435040927,-117.4714074433311,137.7,137.7,18.3,1402,1983.2,6.023145,6.94893,-1.565858,2.23694,-5.816044,1.342164,0,0,-0.8,-1.3,1.5,-103.7,256.3,253.2,Tripod,Other,,23,5,True,,True,False,,Smart,RC,False,True,False,,,True,,False,False,False,False,False,False,False,False,False,False,0,Follow Yaw,-77.9,0,-112.1,247.9,False,False,False,False,False,,0,0,False,False,No Card,100,100,1024,1360,1024,938,2,False,False,False,False,False,0,False,False,False,False,85,,47.436,,8586,,10044,,47.436,,True,3.955,3.955,3.955,3.955,3.955,3.955,3.955,3.955,3.955,3.955,3.955,3.955,0,,False,False,True,,,,,,,,,,,,,,,False,False,18.74,,92.1,,75.7,,92.1,,1616,60,14,17,8,142178.9,18957.18,,Idle,,20,,10,,,20,Go Home,False,False,False,False,False,False,False,False,False,False,False,False,33.8027920380556,-117.4659261431046,1722.9,2972.0,1049.4,396.9,True,1,1,False,False,False,False,,True,False,False,Course Lock,196.8,67,16.4,93,SE,SW,6.71,11.4,Calm,False,False,Android,7.0.2,M300 RTK,1ZN7L4R0H1D00F,1W9DL31001461C,1ZMLH8300204F0,1Z6PH74DAP0QN7,"Corona, CA",728.3,5.7,137.7,8.547347,2.013246,0,0,DJI Matrice 300 RTK,M300 RTK,1ZN7L4R0H1D00F,1W9DL31001461C,1ZMLH8300204F0,1Z6PH74DAP0QN7,DJI Pilot,Android,7.0.2,1EF72A62-B7C3-C88D-164E-CE6F8C8424AE,1ZN7L4R0H1D00F,1W9DL31001461C,,1ZMLH8300204F0,1W9DL31001461C,,,,,
2023-11-01,11:28:51.35 AM,4m 29.0s,269.0,33.8015428209628,-117.4714103200814,137.7,137.7,18.3,1402,1984.1,6.023145,6.94893,-1.565858,2.23694,-5.816044,1.342164,0,0,-0.9,-1.5,1.7,-103.9,256.1,254.0,Tripod,Other,,23,5,True,,True,False,,Smart,RC,False,True,False,,,True,,False,False,False,False,False,False,False,False,False,False,0,Follow Yaw,-77.9,0,-112.2,247.8,False,False,False,False,False,,0,0,False,False,No Card,100,100,1024,1359,1024,937,2,False,False,False,False,False,0,False,False,False,False,85,,47.436,,8537,,10044,,47.436,,True,3.955,3.955,3.955,3.955,3.955,3.955,3.955,3.955,3.955,3.955,3.955,3.955,0,,False,False,True,,,,,,,,,,,,,,,False,False,18.78,,92.1,,75.7,,92.1,,1616,60,14,17,8,142178.9,18957.18,,Idle,,20,,10,,,20,Go Home,False,False,False,False,False,False,False,False,False,False,False,False,33.8027920380556,-117.4659261431046,1723.8,2972.0,1049.4,396.9,True,1,1,False,False,False,False,,True,False,False,Course Lock,196.8,67,16.4,93,SE,SW,6.71,11.4,Calm,False,False,Android,7.0.2,M300 RTK,1ZN7L4R0H1D00F,1W9DL31001461C,1ZMLH8300204F0,1Z6PH74DAP0QN7,"Corona, CA",728.3,5.7,137.7,8.547347,2.013246,0,0,DJI Matrice 300 RTK,M300 RTK,1ZN7L4R0H1D00F,1W9DL31001461C,1ZMLH8300204F0,1Z6PH74DAP0QN7,DJI Pilot,Android,7.0.2,1EF72A62-B7C3-C88D-164E-CE6F8C8424AE,1ZN7L4R0H1D00F,1W9DL31001461C,,1ZMLH8300204F0,1W9DL31001461C,,,,,
2023-11-01,11:28:51.46 AM,4m 29.1s,269.1,33.8015421087752,-117.4714135336236,137.7,137.7,18.3,1402,1985.1,6.023145,6.94893,-1.565858,2.23694,-5.816044,1.342164,0,0,-1,-1.6,1.8,-104,256,255.0,Tripod,Other,,23,5,True,,True,False,,Smart,RC,False,True,False,,,True,,False,False,False,False,False,False,False,False,False,False,0,Follow Yaw,-77.9,0,-112.4,247.6,False,False,False,False,False,,0,0,False,False,No Card,100,100,1024,1356,1024,923,2,False,False,False,False,False,0,False,False,False,False,85,,47.436,,8537,,10044,,47.436,,True,3.955,3.955,3.955,3.955,3.955,3.955,3.955,3.955,3.955,3.955,3.955,3.955,0,,False,False,True,,,,,,,,,,,,,,,False,False,18.78,,92.1,,75.7,,92.1,,1616,60,14,17,8,142178.9,18957.18,,Idle,,20,,10,,,20,Go Home,False,False,False,False,False,False,False,False,False,False,False,False,33.8027920380556,-117.4659261431046,1724.8,2972.0,1049.4,396.9,True,1,1,False,False,False,False,,True,False,False,Course Lock,196.8,67,16.4,93,SE,SW,6.48,11.4,Calm,False,False,Android,7.0.2,M300 RTK,1ZN7L4R0H1D00F,1W9DL31001461C,1ZMLH8300204F0,1Z6PH74DAP0QN7,"Corona, CA",728.3,5.7,137.7,8.547347,2.013246,0,0,DJI Matrice 300 RTK,M300 RTK,1ZN7L4R0H1D00F,1W9DL31001461C,1ZMLH8300204F0,1Z6PH74DAP0QN7,DJI Pilot,Android,7.0.2,1EF72A62-B7C3-C88D-164E-CE6F8C8424AE,1ZN7L4R0H1D00F,1W9DL31001461C,,1ZMLH8300204F0,1W9DL31001461C,,,,,
2023-11-01,11:28:51.56 AM,4m 29.2s,269.2,33.8015414179697,-117.4714164337943,137.7,137.7,18.3,1402,1986.0,6.023145,6.94893,-1.565858,2.23694,-5.816044,1.342164,0,0,-0.9,-1.7,1.9,-104.2,255.8,254.0,Tripod,Other,,23,5,True,,True,False,,Smart,RC,False,True,False,,,True,,False,False,False,False,False,False,False,False,False,False,0,Follow Yaw,-77.9,0,-112.5,247.5,False,False,False,False,False,,0,0,False,False,No Card,100,100,1024,1359,1024,921,2,False,False,False,False,False,0,False,False,False,False,85,,47.436,,8537,,10044,,47.436,,True,3.955,3.955,3.955,3.955,3.955,3.955,3.955,3.955,3.955,3.955,3.955,3.955,0,,False,False,True,,,,,,,,,,,,,,,False,False,18.78,,92.1,,75.7,,92.1,,1616,60,14,17,8,142178.9,18957.18,,Idle,,20,,10,,,20,Go Home,False,False,False,False,False,False,False,False,False,False,False,False,33.8027920380556,-117.4659261431046,1725.7,2972.0,1049.4,396.9,True,1,1,False,False,False,False,,True,False,False,Course Lock,196.8,67,16.4,93,SE,SW,6.48,11.4,Calm,False,False,Android,7.0.2,M300 RTK,1ZN7L4R0H1D00F,1W9DL31001461C,1ZMLH8300204F0,1Z6PH74DAP0QN7,"Corona, CA",728.3,5.7,137.7,8.547347,2.013246,0,0,DJI Matrice 300 RTK,M300 RTK,1ZN7L4R0H1D00F,1W9DL31001461C,1ZMLH8300204F0,1Z6PH74DAP0QN7,DJI Pilot,Android,7.0.2,1EF72A62-B7C3-C88D-164E-CE6F8C8424AE,1ZN7L4R0H1D00F,1W9DL31001461C,,1ZMLH8300204F0,1W9DL31001461C,,,,,
2023-11-01,11:28:51.67 AM,4m 29.3s,269.3,33.8015408006308,-117.4714192432522,137.7,137.7,18.3,1402,1986.9,6.023145,6.94893,-1.565858,2.23694,-5.816044,1.342164,0,0,-1,-1.7,1.9,-104.3,255.7,255.1,Tripod,Other,,23,5,True,,True,False,,Smart,RC,False,True,False,,,True,,False,False,False,False,False,False,False,False,False,False,0,Follow Yaw,-77.9,0,-112.7,247.3,False,False,False,False,False,,0,0,False,False,No Card,100,100,1024,1363,1024,921,2,False,False,False,False,False,0,False,False,False,False,85,,47.436,,8537,,10044,,47.436,,True,3.952,3.952,3.952,3.952,3.952,3.952,3.952,3.952,3.952,3.952,3.952,3.952,0,,False,False,True,,,,,,,,,,,,,,,False,False,18.78,,92.1,,75.7,,92.1,,1618,61,14,17,8,141961.5,18928.19,,Idle,,20,,10,,,20,Go Home,False,False,False,False,False,False,False,False,False,False,False,False,33.8027920380556,-117.4659261431046,1726.6,2972.0,1049.4,396.9,True,1,1,False,False,False,False,,True,False,False,Course Lock,196.8,67,16.4,93,SE,SW,6.48,11.4,Calm,False,False,Android,7.0.2,M300 RTK,1ZN7L4R0H1D00F,1W9DL31001461C,1ZMLH8300204F0,1Z6PH74DAP0QN7,"Corona, CA",728.3,5.7,137.7,8.547347,2.013246,0,0,DJI Matrice 300 RTK,M300 RTK,1ZN7L4R0H1D00F,1W9DL31001461C,1ZMLH8300204F0,1Z6PH74DAP0QN7,DJI Pilot,Android,7.0.2,1EF72A62-B7C3-C88D-164E-CE6F8C8424AE,1ZN7L4R0H1D00F,1W9DL31001461C,,1ZMLH8300204F0,1W9DL31001461C,,,,,
2023-11-01,11:28:51.77 AM,4m 29.4s,269.4,33.801540109277,-117.4714221226414,137.7,137.7,18.3,1402,1987.8,6.023145,6.94893,-1.565858,2.23694,-5.816044,1.342164,0,0,-1.1,-1.5,1.8,-104.4,255.6,253.8,Tripod,Other,,23,5,True,,True,False,,Smart,RC,False,True,False,,,True,,False,False,False,False,False,False,False,False,False,False,0,Follow Yaw,-77.9,0,-112.9,247.1,False,False,False,False,False,,0,0,False,False,No Card,100,100,1024,1362,1024,921,2,False,False,False,False,False,0,False,False,False,False,85,,47.436,,8537,,10044,,47.436,,True,3.952,3.952,3.952,3.952,3.952,3.952,3.952,3.952,3.952,3.952,3.952,3.952,0,,False,False,True,,,,,,,,,,,,,,,False,False,18.78,,92.1,,75.7,,92.1,,1618,61,14,17,8,141961.5,18928.19,,Idle,,20,,10,,,20,Go Home,False,False,False,False,False,False,False,False,False,False,False,False,33.8027920380556,-117.4659261431046,1727.5,2972.0,1049.4,396.9,True,1,1,False,False,False,False,,True,False,False,Course Lock,196.8,67,16.4,93,SE,SW,6.48,11.4,Calm,False,False,Android,7.0.2,M300 RTK,1ZN7L4R0H1D00F,1W9DL31001461C,1ZMLH8300204F0,1Z6PH74DAP0QN7,"Corona, CA",728.3,5.7,137.7,8.547347,2.013246,0,0,DJI Matrice 300 RTK,M300 RTK,1ZN7L4R0H1D00F,1W9DL31001461C,1ZMLH8300204F0,1Z6PH74DAP0QN7,DJI Pilot,Android,7.0.2,1EF72A62-B7C3-C88D-164E-CE6F8C8424AE,1ZN7L4R0H1D00F,1W9DL31001461C,,1ZMLH8300204F0,1W9DL31001461C,,,,,
2023-11-01,11:28:51.87 AM,4m 29.5s,269.5,33.8015395264783,-117.4714247345104,137.7,137.7,18.3,1402,1988.7,6.023145,6.94893,-1.565858,2.23694,-5.816044,1.342164,0,0,-1.2,-1.4,1.8,-104.5,255.5,254.9,Tripod,Other,,23,5,True,,True,False,,Smart,RC,False,True,False,,,True,,False,False,False,False,False,False,False,False,False,False,0,Follow Yaw,-77.9,0,-113.1,246.9,False,False,False,False,False,,0,0,False,False,No Card,100,100,1024,1366,1024,923,2,False,False,False,False,False,0,False,False,False,False,85,,47.436,,8537,,10044,,47.436,,True,3.952,3.952,3.952,3.952,3.952,3.952,3.952,3.952,3.952,3.952,3.952,3.952,0,,False,False,True,,,,,,,,,,,,,,,False,False,18.78,,92.1,,75.7,,92.1,,1618,61,14,17,8,141961.5,18928.19,,Idle,,20,,10,,,20,Go Home,False,False,False,False,False,False,False,False,False,False,False,False,33.8027920380556,-117.4659261431046,1728.3,2972.0,1049.4,396.9,True,1,1,False,False,False,False,,True,False,False,Course Lock,196.8,67,16.4,93,SE,SW,6.48,11.4,Calm,False,False,Android,7.0.2,M300 RTK,1ZN7L4R0H1D00F,1W9DL31001461C,1ZMLH8300204F0,1Z6PH74DAP0QN7,"Corona, CA",728.3,5.7,137.7,8.547347,2.013246,0,0,DJI Matrice 300 RTK,M300 RTK,1ZN7L4R0H1D00F,1W9DL31001461C,1ZMLH8300204F0,1Z6PH74DAP0QN7,DJI Pilot,Android,7.0.2,1EF72A62-B7C3-C88D-164E-CE6F8C8424AE,1ZN7L4R0H1D00F,1W9DL31001461C,,1ZMLH8300204F0,1W9DL31001461C,,,,,
2023-11-01,11:28:51.98 AM,4m 29.6s,269.6,33.8015388356728,-117.4714275845416,137.7,137.7,18.3,1402,1989.6,6.023145,6.94893,-1.565858,2.23694,-5.816044,1.342164,0,0,-1.5,-1.3,1.9,-104.7,255.3,253.7,Tripod,Other,,23,5,True,,True,False,,Smart,RC,False,True,False,,,True,,False,False,False,False,False,False,False,False,False,False,0,Follow Yaw,-77.9,0,-113.2,246.8,False,False,False,False,False,,0,0,False,False,No Card,100,100,1024,1366,1024,934,2,False,False,False,False,False,0,False,False,False,False,85,,47.436,,8537,,10044,,47.436,,True,3.952,3.952,3.952,3.952,3.952,3.952,3.952,3.952,3.952,3.952,3.952,3.952,0,,False,False,True,,,,,,,,,,,,,,,False,False,18.78,,92.1,,75.7,,92.1,,1618,61,14,17,8,141961.5,18928.19,,Idle,,20,,10,,,20,Go Home,False,False,False,False,False,False,False,False,False,False,False,False,33.8027920380556,-117.4659261431046,1729.2,2972.0,1049.4,396.9,True,1,1,False,False,False,False,,True,False,False,Course Lock,196.8,67,16.4,93,SE,SW,6.48,11.4,Calm,False,False,Android,7.0.2,M300 RTK,1ZN7L4R0H1D00F,1W9DL31001461C,1ZMLH8300204F0,1Z6PH74DAP0QN7,"Corona, CA",728.3,5.7,137.7,8.547347,2.013246,0,0,DJI Matrice 300 RTK,M300 RTK,1ZN7L4R0H1D00F,1W9DL31001461C,1ZMLH8300204F0,1Z6PH74DAP0QN7,DJI Pilot,Android,7.0.2,1EF72A62-B7C3-C88D-164E-CE6F8C8424AE,1ZN7L4R0H1D00F,1W9DL31001461C,,1ZMLH8300204F0,1W9DL31001461C,,,,,
2023-11-01,11:28:52.08 AM,4m 29.7s,269.7,33.8015381519946,-117.4714307370589,137.7,137.7,18.3,1402,1990.5,6.023145,6.94893,-1.565858,2.23694,-5.816044,1.342164,0,0,-1.8,-1.4,2.2,-104.8,255.2,255.3,Tripod,Other,,23,5,True,,True,False,,Smart,RC,False,True,False,,,True,,False,False,False,False,False,False,False,False,False,False,0,Follow Yaw,-77.9,0,-113.4,246.6,False,False,False,False,False,,0,0,False,False,No Card,100,100,1024,1367,1024,973,2,False,False,False,False,False,0,False,False,False,False,85,,47.4,,4238,,4986,,47.4,,True,3.952,3.952,3.952,3.952,3.952,3.952,3.952,3.952,3.952,3.952,3.952,3.952,0,,False,False,True,,,,,,,,,,,,,,,False,False,9.278,,91.9,,75.7,,92.1,,1618,61,14,17,8,141961.5,18928.19,,Idle,,20,,10,,,20,Go Home,False,False,False,False,False,False,False,False,False,False,False,False,33.8027920380556,-117.4659261431046,1730.2,2972.0,1049.4,396.9,True,1,1,False,False,False,False,,True,False,False,Course Lock,196.8,67,16.4,93,SE,SW,6.48,11.4,Calm,False,False,Android,7.0.2,M300 RTK,1ZN7L4R0H1D00F,1W9DL31001461C,1ZMLH8300204F0,1Z6PH74DAP0QN7,"Corona, CA",728.3,5.7,137.7,8.547347,2.013246,0,0,DJI Matrice 300 RTK,M300 RTK,1ZN7L4R0H1D00F,1W9DL31001461C,1ZMLH8300204F0,1Z6PH74DAP0QN7,DJI Pilot,Android,7.0.2,1EF72A62-B7C3-C88D-164E-CE6F8C8424AE,1ZN7L4R0H1D00F,1W9DL31001461C,,1ZMLH8300204F0,1W9DL31001461C,,,,,
2023-11-01,11:28:52.14 AM,4m 29.8s,269.8,33.8015374524169,-117.4714336293129,137.7,137.7,18.3,1402,1991.5,6.023145,6.94893,-1.565858,2.23694,-5.816044,1.342164,0,0,-1.7,-1.7,2.4,-105,255,253.7,Tripod,Other,,23,5,True,,True,False,,Smart,RC,False,True,False,,,True,,False,False,False,False,False,False,False,False,False,False,0,Follow Yaw,-77.9,0,-113.6,246.4,False,False,False,False,False,,0,0,False,False,No Card,100,100,1024,1374,1024,989,2,False,False,False,False,False,0,False,False,False,False,85,,47.4,,4238,,4986,,47.4,,True,3.952,3.952,3.952,3.952,3.952,3.952,3.952,3.952,3.952,3.952,3.952,3.952,0,,False,False,True,,,,,,,,,,,,,,,False,False,9.278,,91.9,,75.7,,92.1,,1618,61,14,17,8,141961.5,18928.19,,Idle,,20,,10,,,20,Go Home,False,False,False,False,False,False,False,False,False,False,False,False,33.8027920380556,-117.4659261431046,1731.1,2972.0,1049.4,396.9,True,1,1,False,False,False,False,,True,False,False,Course Lock,196.8,67,16.4,93,SE,SW,6.48,11.4,Calm,False,False,Android,7.0.2,M300 RTK,1ZN7L4R0H1D00F,1W9DL31001461C,1ZMLH8300204F0,1Z6PH74DAP0QN7,"Corona, CA",728.3,5.7,137.7,8.547347,2.013246,0,0,DJI Matrice 300 RTK,M300 RTK,1ZN7L4R0H1D00F,1W9DL31001461C,1ZMLH8300204F0,1Z6PH74DAP0QN7,DJI Pilot,Android,7.0.2,1EF72A62-B7C3-C88D-164E-CE6F8C8424AE,1ZN7L4R0H1D00F,1W9DL31001461C,,1ZMLH8300204F0,1W9DL31001461C,,,,,
2023-11-01,11:28:52.24 AM,4m 29.9s,269.9,33.8015367380363,-117.4714363473983,137.7,137.7,18.3,1402,1992.3,6.023145,6.94893,-1.565858,2.23694,-5.816044,1.342164,0,0,-1.5,-1.8,2.3,-105.3,254.7,252.4,Tripod,Other,,23,5,True,,True,False,,Smart,RC,False,True,False,,,True,,False,False,False,False,False,False,False,False,False,False,0,Follow Yaw,-77.9,0,-113.6,246.4,False,False,False,False,False,,0,0,False,False,No Card,100,100,1024,1382,1024,991,2,False,False,False,False,False,0,False,False,False,False,85,,47.4,,4238,,4986,,47.4,,True,3.952,3.952,3.952,3.952,3.952,3.952,3.952,3.952,3.952,3.952,3.952,3.952,0,,False,False,True,,,,,,,,,,,,,,,False,False,9.278,,91.9,,75.7,,92.1,,1618,61,14,17,8,141961.5,18928.19,,Idle,,20,,10,,,20,Go Home,False,False,False,False,False,False,False,False,False,False,False,False,33.8027920380556,-117.4659261431046,1732.0,2972.0,1049.4,396.9,True,1,1,False,False,False,False,,True,False,False,Course Lock,196.8,67,16.4,93,SE,SW,6.48,11.4,Calm,False,False,Android,7.0.2,M300 RTK,1ZN7L4R0H1D00F,1W9DL31001461C,1ZMLH8300204F0,1Z6PH74DAP0QN7,"Corona, CA",728.3,5.7,137.7,8.547347,2.013246,0,0,DJI Matrice 300 RTK,M300 RTK,1ZN7L4R0H1D00F,1W9DL31001461C,1ZMLH8300204F0,1Z6PH74DAP0QN7,DJI Pilot,Android,7.0.2,1EF72A62-B7C3-C88D-164E-CE6F8C8424AE,1ZN7L4R0H1D00F,1W9DL31001461C,,1ZMLH8300204F0,1W9DL31001461C,,,,,
2023-11-01,11:28:52.34 AM,4m 30.0s,270.0,33.8015360187213,-117.4714392396522,137.7,137.7,18.3,1402,1993.2,6.023145,6.94893,-1.565858,2.23694,-5.816044,1.342164,0,0,-1.4,-1.7,2.2,-105.4,254.6,253.3,Tripod,Other,,23,5,True,,True,False,,Smart,RC,False,True,False,,,True,,False,False,False,False,False,False,False,False,False,False,0,Follow Yaw,-77.9,0,-113.7,246.3,False,False,False,False,False,,0,0,False,False,No Card,100,100,1024,1385,1024,994,2,False,False,False,False,False,0,False,False,False,False,85,,47.436,,8537,,10044,,47.436,,True,3.952,3.952,3.952,3.952,3.952,3.952,3.952,3.952,3.952,3.952,3.952,3.952,0,,False,False,True,,,,,,,,,,,,,,,False,False,18.716,,92.1,,75.7,,92.1,,1618,61,14,17,8,141961.5,18928.19,,Idle,,20,,10,,,20,Go Home,False,False,False,False,False,False,False,False,False,False,False,False,33.8027920380556,-117.4659261431046,1732.9,2972.0,1049.4,396.9,True,1,1,False,False,False,False,,True,False,False,Course Lock,196.8,67,16.4,93,SE,SW,6.48,11.4,Calm,False,False,Android,7.0.2,M300 RTK,1ZN7L4R0H1D00F,1W9DL31001461C,1ZMLH8300204F0,1Z6PH74DAP0QN7,"Corona, CA",728.3,5.7,137.7,8.547347,2.013246,0,0,DJI Matrice 300 RTK,M300 RTK,1ZN7L4R0H1D00F,1W9DL31001461C,1ZMLH8300204F0,1Z6PH74DAP0QN7,DJI Pilot,Android,7.0.2,1EF72A62-B7C3-C88D-164E-CE6F8C8424AE,1ZN7L4R0H1D00F,1W9DL31001461C,,1ZMLH8300204F0,1W9DL31001461C,,,,,
2023-11-01,11:28:52.44 AM,4m 30.1s,270.1,33.8015353564252,-117.4714422783662,137.7,137.7,18.3,1402,1994.2,6.023145,6.94893,-1.565858,2.23694,-5.816044,1.342164,0,0,-1.4,-1.5,2,-105.5,254.5,255.3,Tripod,Other,,23,5,True,,True,False,,Smart,RC,False,True,False,,,True,,False,False,False,False,False,False,False,False,False,False,0,Follow Yaw,-77.9,0,-113.7,246.3,False,False,False,False,False,,0,0,False,False,No Card,100,100,1024,1386,1024,994,2,False,False,False,False,False,0,False,False,False,False,85,,47.436,,8537,,10044,,47.436,,True,3.952,3.952,3.952,3.952,3.952,3.952,3.952,3.952,3.952,3.952,3.952,3.952,0,,False,False,True,,,,,,,,,,,,,,,False,False,18.716,,92.1,,75.7,,92.1,,1618,61,14,17,8,141961.5,18928.19,,Idle,,20,,10,,,20,Go Home,False,False,False,False,False,False,False,False,False,False,False,False,33.8027920380556,-117.4659261431046,1733.9,2972.0,1049.4,396.9,True,1,1,False,False,False,False,,True,False,False,Course Lock,196.8,67,16.4,93,SE,SW,6.48,11.4,Calm,False,False,Android,7.0.2,M300 RTK,1ZN7L4R0H1D00F,1W9DL31001461C,1ZMLH8300204F0,1Z6PH74DAP0QN7,"Corona, CA",728.3,5.7,137.7,8.547347,2.013246,0,0,DJI Matrice 300 RTK,M300 RTK,1ZN7L4R0H1D00F,1W9DL31001461C,1ZMLH8300204F0,1Z6PH74DAP0QN7,DJI Pilot,Android,7.0.2,1EF72A62-B7C3-C88D-164E-CE6F8C8424AE,1ZN7L4R0H1D00F,1W9DL31001461C,,1ZMLH8300204F0,1W9DL31001461C,,,,,
2023-11-01,11:28:52.54 AM,4m 30.2s,270.2,33.8015346206625,-117.4714451890925,137.7,137.7,18.3,1402,1995.1,6.085134,6.94893,-1.789552,2.23694,-5.816044,1.342164,0,0,-1.4,-1.3,1.9,-105.6,254.4,253.0,Tripod,Other,,23,5,True,,True,False,,Smart,RC,False,True,False,,,True,,False,False,False,False,False,False,False,False,False,False,0,Follow Yaw,-77.9,0,-113.7,246.3,False,False,False,False,False,,0,0,False,False,No Card,100,100,1024,1388,1024,995,2,False,False,False,False,False,0,False,False,False,False,85,,47.436,,8537,,10044,,47.436,,True,3.952,3.952,3.952,3.952,3.952,3.952,3.952,3.952,3.952,3.952,3.952,3.952,0,,False,False,True,,,,,,,,,,,,,,,False,False,18.716,,92.1,,75.7,,92.1,,1618,61,14,17,8,141961.5,18928.19,,Idle,,20,,10,,,20,Go Home,False,False,False,False,False,False,False,False,False,False,False,False,33.8027920380556,-117.4659261431046,1734.8,2972.0,1049.4,396.9,True,1,1,False,False,False,False,,True,False,False,Course Lock,196.8,67,16.4,93,SE,SW,6.48,11.4,Calm,False,False,Android,7.0.2,M300 RTK,1ZN7L4R0H1D00F,1W9DL31001461C,1ZMLH8300204F0,1Z6PH74DAP0QN7,"Corona, CA",728.3,5.7,137.7,8.547347,2.013246,0,0,DJI Matrice 300 RTK,M300 RTK,1ZN7L4R0H1D00F,1W9DL31001461C,1ZMLH8300204F0,1Z6PH74DAP0QN7,DJI Pilot,Android,7.0.2,1EF72A62-B7C3-C88D-164E-CE6F8C8424AE,1ZN7L4R0H1D00F,1W9DL31001461C,,1ZMLH8300204F0,1W9DL31001461C,,,,,
2023-11-01,11:28:52.64 AM,4m 30.3s,270.3,33.8015336787546,-117.4714482396816,137.7,137.7,18.3,1402,1996.1,6.085134,6.94893,-1.789552,2.23694,-5.816044,1.342164,0,0,-1.4,-1.2,1.8,-105.7,254.3,249.6,Tripod,Other,,23,5,True,,True,False,,Smart,RC,False,True,False,,,True,,False,False,False,False,False,False,False,False,False,False,0,Follow Yaw,-77.9,0,-113.7,246.3,False,False,False,False,False,,0,0,False,False,No Card,100,100,1024,1386,1024,994,2,False,False,False,False,False,0,False,False,False,False,85,,47.436,,8537,,10044,,47.436,,True,3.951,3.951,3.951,3.951,3.951,3.951,3.951,3.951,3.951,3.951,3.951,3.951,0,,False,False,True,,,,,,,,,,,,,,,False,False,18.716,,92.1,,75.7,,92.1,,1618,61,14,17,8,141717.0,18895.61,,Idle,,20,,10,,,20,Go Home,False,False,False,False,False,False,False,False,False,False,False,False,33.8027920380556,-117.4659261431046,1735.8,2972.0,1049.4,396.9,True,1,1,False,False,False,False,,True,False,False,Course Lock,196.8,67,16.4,93,SE,SW,6.48,11.4,Calm,False,False,Android,7.0.2,M300 RTK,1ZN7L4R0H1D00F,1W9DL31001461C,1ZMLH8300204F0,1Z6PH74DAP0QN7,"Corona, CA",728.3,5.7,137.7,8.547347,2.013246,0,0,DJI Matrice 300 RTK,M300 RTK,1ZN7L4R0H1D00F,1W9DL31001461C,1ZMLH8300204F0,1Z6PH74DAP0QN7,DJI Pilot,Android,7.0.2,1EF72A62-B7C3-C88D-164E-CE6F8C8424AE,1ZN7L4R0H1D00F,1W9DL31001461C,,1ZMLH8300204F0,1W9DL31001461C,,,,,
2023-11-01,11:28:52.74 AM,4m 30.4s,270.4,33.8015329062586,-117.4714511761374,137.7,137.7,18.3,1402,1997.0,6.085134,6.94893,-1.789552,2.23694,-5.816044,1.342164,0,0,-1.2,-1.1,1.6,-105.7,254.3,252.4,Tripod,Other,,23,5,True,,True,False,,Smart,RC,False,True,False,,,True,,False,False,False,False,False,False,False,False,False,False,0,Follow Yaw,-77.9,0,-113.8,246.2,False,False,False,False,False,,0,0,False,False,No Card,100,100,1024,1384,1024,988,2,False,False,False,False,False,0,False,False,False,False,85,,47.436,,8537,,10044,,47.436,,True,3.951,3.951,3.951,3.951,3.951,3.951,3.951,3.951,3.951,3.951,3.951,3.951,0,,False,False,True,,,,,,,,,,,,,,,False,False,18.716,,92.1,,75.7,,92.1,,1618,61,14,17,8,141717.0,18895.61,,Idle,,20,,10,,,20,Go Home,False,False,False,False,False,False,False,False,False,False,False,False,33.8027920380556,-117.4659261431046,1736.7,2972.0,1049.4,396.9,True,1,1,False,False,False,False,,True,False,False,Course Lock,196.8,67,16.4,93,SE,SW,6.48,11.4,Calm,False,False,Android,7.0.2,M300 RTK,1ZN7L4R0H1D00F,1W9DL31001461C,1ZMLH8300204F0,1Z6PH74DAP0QN7,"Corona, CA",728.3,5.7,137.7,8.547347,2.013246,0,0,DJI Matrice 300 RTK,M300 RTK,1ZN7L4R0H1D00F,1W9DL31001461C,1ZMLH8300204F0,1Z6PH74DAP0QN7,DJI Pilot,Android,7.0.2,1EF72A62-B7C3-C88D-164E-CE6F8C8424AE,1ZN7L4R0H1D00F,1W9DL31001461C,,1ZMLH8300204F0,1W9DL31001461C,,,,,
2023-11-01,11:28:52.84 AM,4m 30.5s,270.5,33.8015322735685,-117.4714537988919,137.7,137.7,18.3,1402,1997.9,6.085134,6.94893,-1.789552,2.23694,-5.816044,1.342164,0,0,-1.1,-1,1.4,-105.8,254.2,253.8,Tripod,Other,,23,5,True,,True,False,,Smart,RC,False,True,False,,,True,,False,False,False,False,False,False,False,False,False,False,0,Follow Yaw,-77.9,0,-113.8,246.2,False,False,False,False,False,,0,0,False,False,No Card,100,100,1024,1383,1024,984,2,False,False,False,False,False,0,False,False,False,False,85,,47.436,,8537,,10044,,47.436,,True,3.951,3.951,3.951,3.951,3.951,3.951,3.951,3.951,3.951,3.951,3.951,3.951,0,,False,False,True,,,,,,,,,,,,,,,False,False,18.716,,92.1,,75.7,,92.1,,1618,61,14,17,8,141717.0,18895.61,,Idle,,20,,10,,,20,Go Home,False,False,False,False,False,False,False,False,False,False,False,False,33.8027920380556,-117.4659261431046,1737.5,2972.0,1049.4,396.9,True,1,1,False,False,False,False,,True,False,False,Course Lock,196.8,67,16.4,93,E,S,6.48,11.4,Calm,False,False,Android,7.0.2,M300 RTK,1ZN7L4R0H1D00F,1W9DL31001461C,1ZMLH8300204F0,1Z6PH74DAP0QN7,"Corona, CA",728.3,5.7,137.7,8.547347,2.013246,0,0,DJI Matrice 300 RTK,M300 RTK,1ZN7L4R0H1D00F,1W9DL31001461C,1ZMLH8300204F0,1Z6PH74DAP0QN7,DJI Pilot,Android,7.0.2,1EF72A62-B7C3-C88D-164E-CE6F8C8424AE,1ZN7L4R0H1D00F,1W9DL31001461C,,1ZMLH8300204F0,1W9DL31001461C,,,,,
2023-11-01,11:28:52.94 AM,4m 30.6s,270.6,33.8015314961381,-117.4714567125871,137.7,137.7,18.3,1402,1998.8,6.085134,6.94893,-1.789552,2.23694,-5.816044,1.342164,0,0,-1,-0.9,1.3,-105.9,254.1,252.1,Tripod,Other,,23,5,True,,True,False,,Smart,RC,False,True,False,,,True,,False,False,False,False,False,False,False,False,False,False,0,Follow Yaw,-77.9,0,-113.8,246.2,False,False,False,False,False,,0,0,False,False,No Card,100,100,1024,1385,1024,985,2,False,False,False,False,False,0,False,False,False,False,85,,47.436,,8537,,10044,,47.436,,True,3.951,3.951,3.951,3.951,3.951,3.951,3.951,3.951,3.951,3.951,3.951,3.951,0,,False,False,True,,,,,,,,,,,,,,,False,False,18.716,,92.1,,75.7,,92.1,,1618,61,14,17,8,141717.0,18895.61,,Idle,,20,,10,,,20,Go Home,False,False,False,False,False,False,False,False,False,False,False,False,33.8027920380556,-117.4659261431046,1738.4,2972.0,1049.4,396.9,True,1,1,False,False,False,False,,True,False,False,Course Lock,196.8,67,16.4,93,E,S,6.48,11.4,Calm,False,False,Android,7.0.2,M300 RTK,1ZN7L4R0H1D00F,1W9DL31001461C,1ZMLH8300204F0,1Z6PH74DAP0QN7,"Corona, CA",728.3,5.7,137.7,8.547347,2.013246,0,0,DJI Matrice 300 RTK,M300 RTK,1ZN7L4R0H1D00F,1W9DL31001461C,1ZMLH8300204F0,1Z6PH74DAP0QN7,DJI Pilot,Android,7.0.2,1EF72A62-B7C3-C88D-164E-CE6F8C8424AE,1ZN7L4R0H1D00F,1W9DL31001461C,,1ZMLH8300204F0,1W9DL31001461C,,,,,
2023-11-01,11:28:53.04 AM,4m 30.7s,270.7,33.801530850838,-117.4714596045112,137.7,137.7,18.3,1402,1999.7,6.085134,6.94893,-1.789552,2.23694,-5.816044,1.342164,0,0,-1,-0.9,1.3,-105.8,254.2,254.9,Tripod,Other,,23,5,True,,True,False,,Smart,RC,False,True,False,,,True,,False,False,False,False,False,False,False,False,False,False,0,Follow Yaw,-77.9,0,-113.9,246.1,False,False,False,False,False,,0,0,False,False,No Card,100,100,1024,1383,1024,985,2,False,False,False,False,False,0,False,False,False,False,85,,47.436,,8537,,10044,,47.436,,True,3.951,3.951,3.951,3.951,3.951,3.951,3.951,3.951,3.951,3.951,3.951,3.951,0,,False,False,True,,,,,,,,,,,,,,,False,False,18.716,,92.1,,75.7,,92.1,,1618,61,14,17,8,141717.0,18895.61,,Idle,,20,,10,,,20,Go Home,False,False,False,False,False,False,False,False,False,False,False,False,33.8027920380556,-117.4659261431046,1739.4,2972.0,1049.4,396.9,True,1,1,False,False,False,False,,True,False,False,Course Lock,196.8,67,16.4,93,E,S,6.26,11.4,Calm,False,False,Android,7.0.2,M300 RTK,1ZN7L4R0H1D00F,1W9DL31001461C,1ZMLH8300204F0,1Z6PH74DAP0QN7,"Corona, CA",728.3,5.7,137.7,8.547347,2.013246,0,0,DJI Matrice 300 RTK,M300 RTK,1ZN7L4R0H1D00F,1W9DL31001461C,1ZMLH8300204F0,1Z6PH74DAP0QN7,DJI Pilot,Android,7.0.2,1EF72A62-B7C3-C88D-164E-CE6F8C8424AE,1ZN7L4R0H1D00F,1W9DL31001461C,,1ZMLH8300204F0,1W9DL31001461C,,,,,
2023-11-01,11:28:53.14 AM,4m 30.8s,270.8,33.8015300766972,-117.471462519196,137.7,137.7,18.3,1402,2000.6,6.085134,6.94893,-1.789552,2.23694,-5.816044,1.342164,0,0,-1.2,-0.7,1.3,-105.8,254.2,252.2,Tripod,Other,,23,5,True,,True,False,,Smart,RC,False,True,False,,,True,,False,False,False,False,False,False,False,False,False,False,0,Follow Yaw,-77.9,0,-113.9,246.1,False,False,False,False,False,,0,0,False,False,No Card,100,100,1024,1383,1024,985,2,False,False,False,False,False,0,False,False,False,False,85,,47.436,,8537,,10044,,47.436,,True,3.951,3.951,3.951,3.951,3.951,3.951,3.951,3.951,3.951,3.951,3.951,3.951,0,,False,False,True,,,,,,,,,,,,,,,False,False,18.716,,92.1,,75.7,,92.1,,1618,61,14,17,8,141717.0,18895.61,,Idle,,20,,10,,,20,Go Home,False,False,False,False,False,False,False,False,False,False,False,False,33.8027920380556,-117.4659261431046,1740.3,2972.0,1049.4,396.9,True,1,1,False,False,False,False,,True,False,False,Course Lock,196.8,67,16.4,93,E,S,6.26,11.4,Calm,False,False,Android,7.0.2,M300 RTK,1ZN7L4R0H1D00F,1W9DL31001461C,1ZMLH8300204F0,1Z6PH74DAP0QN7,"Corona, CA",728.3,5.7,137.7,8.547347,2.013246,0,0,DJI Matrice 300 RTK,M300 RTK,1ZN7L4R0H1D00F,1W9DL31001461C,1ZMLH8300204F0,1Z6PH74DAP0QN7,DJI Pilot,Android,7.0.2,1EF72A62-B7C3-C88D-164E-CE6F8C8424AE,1ZN7L4R0H1D00F,1W9DL31001461C,,1ZMLH8300204F0,1W9DL31001461C,,,,,
2023-11-01,11:28:53.24 AM,4m 30.9s,270.9,33.8015293025564,-117.4714655509826,137.7,137.7,18.3,1402,2001.6,6.085134,6.94893,-1.789552,2.23694,-5.816044,1.342164,0,0,-1.3,-0.4,1.3,-105.7,254.3,252.9,Tripod,Other,,23,5,True,,True,False,,Smart,RC,False,True,False,,,True,,False,False,False,False,False,False,False,False,False,False,0,Follow Yaw,-77.9,0,-113.9,246.1,False,False,False,False,False,,0,0,False,False,No Card,100,100,1024,1383,1024,985,2,False,False,False,False,False,0,False,False,False,False,85,,47.424,,4238,,4986,,47.424,,True,3.951,3.951,3.951,3.951,3.951,3.951,3.951,3.951,3.951,3.951,3.951,3.951,0,,False,False,True,,,,,,,,,,,,,,,False,False,9.178,,91.9,,75.7,,92.1,,1618,61,14,17,8,141717.0,18895.61,,Idle,,20,,10,,,20,Go Home,False,False,False,False,False,False,False,False,False,False,False,False,33.8027920380556,-117.4659261431046,1741.2,2972.0,1049.4,396.9,True,1,1,False,False,False,False,,True,False,False,Course Lock,196.8,67,16.4,93,E,S,6.26,11.4,Calm,False,False,Android,7.0.2,M300 RTK,1ZN7L4R0H1D00F,1W9DL31001461C,1ZMLH8300204F0,1Z6PH74DAP0QN7,"Corona, CA",728.3,5.7,137.7,8.547347,2.013246,0,0,DJI Matrice 300 RTK,M300 RTK,1ZN7L4R0H1D00F,1W9DL31001461C,1ZMLH8300204F0,1Z6PH74DAP0QN7,DJI Pilot,Android,7.0.2,1EF72A62-B7C3-C88D-164E-CE6F8C8424AE,1ZN7L4R0H1D00F,1W9DL31001461C,,1ZMLH8300204F0,1W9DL31001461C,,,,,
2023-11-01,11:28:53.34 AM,4m 31.0s,271.0,33.8015285240295,-117.4714684798516,137.7,137.7,18.3,1402,2002.5,6.085134,6.94893,-1.789552,2.23694,-5.816044,1.342164,0,0,-1.3,-0.3,1.3,-105.8,254.2,252.2,Tripod,Other,,23,5,True,,True,False,,Smart,RC,False,True,False,,,True,,False,False,False,False,False,False,False,False,False,False,0,Follow Yaw,-77.9,0,-114,246,False,False,False,False,False,,0,0,False,False,No Card,100,100,1024,1383,1024,985,2,False,False,False,False,False,0,False,False,False,False,85,,47.46,,8537,,10044,,47.46,,True,3.951,3.951,3.951,3.951,3.951,3.951,3.951,3.951,3.951,3.951,3.951,3.951,0,,False,False,True,,,,,,,,,,,,,,,False,False,18.606,,92.1,,75.7,,92.1,,1618,61,14,17,8,141717.0,18895.61,,Idle,,20,,10,,,20,Go Home,False,False,False,False,False,False,False,False,False,False,False,False,33.8027920380556,-117.4659261431046,1742.2,2972.0,1049.4,396.9,True,1,1,False,False,False,False,,True,False,False,Course Lock,196.8,67,16.4,93,E,S,6.26,11.4,Calm,False,False,Android,7.0.2,M300 RTK,1ZN7L4R0H1D00F,1W9DL31001461C,1ZMLH8300204F0,1Z6PH74DAP0QN7,"Corona, CA",728.3,5.7,137.7,8.547347,2.013246,0,0,DJI Matrice 300 RTK,M300 RTK,1ZN7L4R0H1D00F,1W9DL31001461C,1ZMLH8300204F0,1Z6PH74DAP0QN7,DJI Pilot,Android,7.0.2,1EF72A62-B7C3-C88D-164E-CE6F8C8424AE,1ZN7L4R0H1D00F,1W9DL31001461C,,1ZMLH8300204F0,1W9DL31001461C,,,,,
2023-11-01,11:28:53.44 AM,4m 31.1s,271.1,33.8015277449544,-117.4714715713439,137.7,137.7,18.3,1402,2003.5,6.085134,6.94893,-1.789552,2.23694,-5.816044,1.342164,0,0,-1.4,-0.3,1.4,-105.8,254.2,253.1,Tripod,Other,,23,5,True,,True,False,,Smart,RC,False,True,False,,,True,,False,False,False,False,False,False,False,False,False,False,0,Follow Yaw,-77.9,0,-114,246,False,False,False,False,False,,0,0,False,False,No Card,100,100,1024,1379,1024,985,2,False,False,False,False,False,0,False,False,False,False,85,,47.46,,8537,,10044,,47.46,,True,3.951,3.951,3.951,3.951,3.951,3.951,3.951,3.951,3.951,3.951,3.951,3.951,0,,False,False,True,,,,,,,,,,,,,,,False,False,18.606,,92.1,,75.7,,92.1,,1618,61,14,17,8,141717.0,18895.61,,Idle,,20,,10,,,20,Go Home,False,False,False,False,False,False,False,False,False,False,False,False,33.8027920380556,-117.4659261431046,1743.1,2972.0,1049.4,396.9,True,1,1,False,False,False,False,,True,False,False,Course Lock,196.8,67,16.4,93,E,S,6.26,11.4,Calm,False,False,Android,7.0.2,M300 RTK,1ZN7L4R0H1D00F,1W9DL31001461C,1ZMLH8300204F0,1Z6PH74DAP0QN7,"Corona, CA",728.3,5.7,137.7,8.547347,2.013246,0,0,DJI Matrice 300 RTK,M300 RTK,1ZN7L4R0H1D00F,1W9DL31001461C,1ZMLH8300204F0,1Z6PH74DAP0QN7,DJI Pilot,Android,7.0.2,1EF72A62-B7C3-C88D-164E-CE6F8C8424AE,1ZN7L4R0H1D00F,1W9DL31001461C,,1ZMLH8300204F0,1W9DL31001461C,,,,,
2023-11-01,11:28:53.54 AM,4m 31.2s,271.2,33.8015269768444,-117.4714745206644,137.7,137.7,18.3,1402,2004.4,6.085134,6.94893,-1.789552,2.23694,-5.816044,1.342164,0,0,-1.4,-0.5,1.4,-105.9,254.1,252.5,Tripod,Other,,23,5,True,,True,False,,Smart,RC,False,True,False,,,True,,False,False,False,False,False,False,False,False,False,False,0,Follow Yaw,-77.9,0,-114.1,245.9,False,False,False,False,False,,0,0,False,False,No Card,100,100,1024,1380,1024,984,2,False,False,False,False,False,0,False,False,False,False,85,,47.46,,8537,,10044,,47.46,,True,3.951,3.951,3.951,3.951,3.951,3.951,3.951,3.951,3.951,3.951,3.951,3.951,0,,False,False,True,,,,,,,,,,,,,,,False,False,18.606,,92.1,,75.7,,92.1,,1618,61,14,17,8,141717.0,18895.61,,Idle,,20,,10,,,20,Go Home,False,False,False,False,False,False,False,False,False,False,False,False,33.8027920380556,-117.4659261431046,1744.1,2972.0,1049.4,396.9,True,1,1,False,False,False,False,,True,False,False,Course Lock,196.8,67,16.4,93,E,S,6.26,11.4,Calm,False,False,Android,7.0.2,M300 RTK,1ZN7L4R0H1D00F,1W9DL31001461C,1ZMLH8300204F0,1Z6PH74DAP0QN7,"Corona, CA",728.3,5.7,137.7,8.547347,2.013246,0,0,DJI Matrice 300 RTK,M300 RTK,1ZN7L4R0H1D00F,1W9DL31001461C,1ZMLH8300204F0,1Z6PH74DAP0QN7,DJI Pilot,Android,7.0.2,1EF72A62-B7C3-C88D-164E-CE6F8C8424AE,1ZN7L4R0H1D00F,1W9DL31001461C,,1ZMLH8300204F0,1W9DL31001461C,,,,,
2023-11-01,11:28:53.64 AM,4m 31.3s,271.3,33.8015261204649,-117.4714773657478,137.7,137.7,18.3,1402,2005.3,6.085134,6.94893,-1.789552,2.23694,-5.816044,1.342164,0,0,-1.4,-0.5,1.4,-105.9,254.1,250.0,Tripod,Other,,23,5,True,,True,False,,Smart,RC,False,True,False,,,True,,False,False,False,False,False,False,False,False,False,False,0,Follow Yaw,-77.9,0,-114.1,245.9,False,False,False,False,False,,0,0,False,False,No Card,100,100,1024,1377,1024,984,2,False,False,False,False,False,0,False,False,False,False,85,,47.46,,8537,,10044,,47.46,,True,3.956,3.956,3.956,3.956,3.956,3.956,3.956,3.956,3.956,3.956,3.956,3.956,0,,False,False,True,,,,,,,,,,,,,,,False,False,18.606,,92.1,,75.7,,92.1,,1619,61,14,17,8,141445.1,18859.35,,Idle,,20,,10,,,20,Go Home,False,False,False,False,False,False,False,False,False,False,False,False,33.8027920380556,-117.4659261431046,1745.0,2972.0,1049.4,396.9,True,1,1,False,False,False,False,,True,False,False,Course Lock,196.8,67,16.4,93,E,S,6.26,11.4,Calm,False,False,Android,7.0.2,M300 RTK,1ZN7L4R0H1D00F,1W9DL31001461C,1ZMLH8300204F0,1Z6PH74DAP0QN7,"Corona, CA",728.3,5.7,137.7,8.547347,2.013246,0,0,DJI Matrice 300 RTK,M300 RTK,1ZN7L4R0H1D00F,1W9DL31001461C,1ZMLH8300204F0,1Z6PH74DAP0QN7,DJI Pilot,Android,7.0.2,1EF72A62-B7C3-C88D-164E-CE6F8C8424AE,1ZN7L4R0H1D00F,1W9DL31001461C,,1ZMLH8300204F0,1W9DL31001461C,,,,,
2023-11-01,11:28:53.73 AM,4m 31.4s,271.4,33.801525341938,-117.4714803147385,137.7,137.7,18.3,1402,2006.3,6.29928,6.94893,-1.789552,2.23694,-6.039738,1.342164,0,0,-1.6,-0.5,1.6,-105.8,254.2,252.3,Tripod,Other,,23,5,True,,True,False,,Smart,RC,False,True,False,,,True,,False,False,False,False,False,False,False,False,False,False,0,Follow Yaw,-77.9,0,-114.1,245.9,False,False,False,False,False,,0,0,False,False,No Card,100,100,1024,1378,1024,979,2,False,False,False,False,False,0,False,False,False,False,85,,47.46,,8537,,10044,,47.46,,True,3.956,3.956,3.956,3.956,3.956,3.956,3.956,3.956,3.956,3.956,3.956,3.956,0,,False,False,True,,,,,,,,,,,,,,,False,False,18.606,,92.1,,75.7,,92.1,,1619,61,14,17,8,141445.1,18859.35,,Idle,,20,,10,,,20,Go Home,False,False,False,False,False,False,False,False,False,False,False,False,33.8027920380556,-117.4659261431046,1745.9,2972.0,1049.4,396.9,True,1,1,False,False,False,False,,True,False,False,Course Lock,196.8,67,16.4,93,E,S,6.26,11.4,Calm,False,False,Android,7.0.2,M300 RTK,1ZN7L4R0H1D00F,1W9DL31001461C,1ZMLH8300204F0,1Z6PH74DAP0QN7,"Corona, CA",728.3,5.7,137.7,8.547347,2.013246,0,0,DJI Matrice 300 RTK,M300 RTK,1ZN7L4R0H1D00F,1W9DL31001461C,1ZMLH8300204F0,1Z6PH74DAP0QN7,DJI Pilot,Android,7.0.2,1EF72A62-B7C3-C88D-164E-CE6F8C8424AE,1ZN7L4R0H1D00F,1W9DL31001461C,,1ZMLH8300204F0,1W9DL31001461C,,,,,
2023-11-01,11:28:53.83 AM,4m 31.5s,271.5,33.8015245573803,-117.4714830832932,137.7,137.7,18.3,1402,2007.2,6.29928,6.94893,-1.789552,2.23694,-6.039738,1.342164,0,0,-1.7,-0.4,1.7,-105.9,254.1,251.1,Tripod,Other,,23,5,True,,True,False,,Smart,RC,False,True,False,,,True,,False,False,False,False,False,False,False,False,False,False,0,Follow Yaw,-77.9,0,-114.2,245.8,False,False,False,False,False,,0,0,False,False,No Card,100,100,1024,1378,1024,974,2,False,False,False,False,False,0,False,False,False,False,85,,47.46,,8537,,10044,,47.46,,True,3.956,3.956,3.956,3.956,3.956,3.956,3.956,3.956,3.956,3.956,3.956,3.956,0,,False,False,True,,,,,,,,,,,,,,,False,False,18.606,,92.1,,75.7,,92.1,,1619,61,14,17,8,141445.1,18859.35,,Idle,,20,,10,,,20,Go Home,False,False,False,False,False,False,False,False,False,False,False,False,33.8027920380556,-117.4659261431046,1746.8,2972.0,1049.4,396.9,True,1,1,False,False,False,False,,True,False,False,Course Lock,196.8,67,16.4,93,E,S,6.26,11.4,Calm,False,False,Android,7.0.2,M300 RTK,1ZN7L4R0H1D00F,1W9DL31001461C,1ZMLH8300204F0,1Z6PH74DAP0QN7,"Corona, CA",728.3,5.7,137.7,8.547347,2.013246,0,0,DJI Matrice 300 RTK,M300 RTK,1ZN7L4R0H1D00F,1W9DL31001461C,1ZMLH8300204F0,1Z6PH74DAP0QN7,DJI Pilot,Android,7.0.2,1EF72A62-B7C3-C88D-164E-CE6F8C8424AE,1ZN7L4R0H1D00F,1W9DL31001461C,,1ZMLH8300204F0,1W9DL31001461C,,,,,
2023-11-01,11:28:53.94 AM,4m 31.6s,271.6,33.8015237777569,-117.4714860332735,137.7,137.7,18.3,1402,2008.1,6.29928,6.94893,-1.789552,2.23694,-6.039738,1.342164,0,0,-1.6,-0.4,1.6,-106,254,252.3,Tripod,Other,,23,5,True,,True,False,,Smart,RC,False,True,False,,,True,,False,False,False,False,False,False,False,False,False,False,0,Follow Yaw,-77.9,0,-114.2,245.8,False,False,False,False,False,,0,0,False,False,No Card,100,100,1024,1378,1024,965,2,False,False,False,False,False,0,False,False,False,False,85,,47.46,,8537,,10044,,47.46,,True,3.956,3.956,3.956,3.956,3.956,3.956,3.956,3.956,3.956,3.956,3.956,3.956,0,,False,False,True,,,,,,,,,,,,,,,False,False,18.606,,92.1,,75.7,,92.1,,1619,61,14,17,8,141445.1,18859.35,,Idle,,20,,10,,,20,Go Home,False,False,False,False,False,False,False,False,False,False,False,False,33.8027920380556,-117.4659261431046,1747.8,2972.0,1049.4,396.9,True,1,1,False,False,False,False,,True,False,False,Course Lock,196.8,67,16.4,93,E,S,6.26,11.4,Calm,False,False,Android,7.0.2,M300 RTK,1ZN7L4R0H1D00F,1W9DL31001461C,1ZMLH8300204F0,1Z6PH74DAP0QN7,"Corona, CA",728.3,5.7,137.7,8.547347,2.013246,0,0,DJI Matrice 300 RTK,M300 RTK,1ZN7L4R0H1D00F,1W9DL31001461C,1ZMLH8300204F0,1Z6PH74DAP0QN7,DJI Pilot,Android,7.0.2,1EF72A62-B7C3-C88D-164E-CE6F8C8424AE,1ZN7L4R0H1D00F,1W9DL31001461C,,1ZMLH8300204F0,1W9DL31001461C,,,,,
2023-11-01,11:28:54.04 AM,4m 31.7s,271.7,33.8015230962718,-117.4714888991383,137.7,137.7,18.3,1402,2009.0,6.29928,6.94893,-1.789552,2.23694,-6.039738,1.342164,0,0,-1.5,-0.6,1.6,-106.1,253.9,254.0,Tripod,Other,,23,5,True,,True,False,,Smart,RC,False,True,False,,,True,,False,False,False,False,False,False,False,False,False,False,0,Follow Yaw,-77.9,0,-114.3,245.7,False,False,False,False,False,,0,0,False,False,No Card,100,100,1024,1377,1024,952,2,False,False,False,False,False,0,False,False,False,False,85,,47.46,,8537,,10044,,47.46,,True,3.956,3.956,3.956,3.956,3.956,3.956,3.956,3.956,3.956,3.956,3.956,3.956,0,,False,False,True,,,,,,,,,,,,,,,False,False,18.606,,92.1,,75.7,,92.1,,1619,61,14,17,8,141445.1,18859.35,,Idle,,20,,10,,,20,Go Home,False,False,False,False,False,False,False,False,False,False,False,False,33.8027920380556,-117.4659261431046,1748.7,2972.0,1049.4,396.9,True,1,1,False,False,False,False,,True,False,False,Course Lock,196.8,67,16.4,93,E,S,6.26,11.4,Calm,False,False,Android,7.0.2,M300 RTK,1ZN7L4R0H1D00F,1W9DL31001461C,1ZMLH8300204F0,1Z6PH74DAP0QN7,"Corona, CA",728.3,5.7,137.7,8.547347,2.013246,0,0,DJI Matrice 300 RTK,M300 RTK,1ZN7L4R0H1D00F,1W9DL31001461C,1ZMLH8300204F0,1Z6PH74DAP0QN7,DJI Pilot,Android,7.0.2,1EF72A62-B7C3-C88D-164E-CE6F8C8424AE,1ZN7L4R0H1D00F,1W9DL31001461C,,1ZMLH8300204F0,1W9DL31001461C,,,,,
2023-11-01,11:28:54.14 AM,4m 31.8s,271.8,33.8015223188414,-117.4714918540666,137.7,137.7,18.3,1402,2010.0,6.29928,6.94893,-1.789552,2.23694,-6.039738,1.342164,0,0,-1.4,-0.8,1.6,-106.2,253.8,252.4,Tripod,Other,,22,5,True,,True,False,,Smart,RC,False,True,False,,,True,,False,False,False,False,False,False,False,False,False,False,0,Follow Yaw,-77.9,0,-114.4,245.6,False,False,False,False,False,,0,0,False,False,No Card,100,100,1024,1377,1024,952,2,False,False,False,False,False,0,False,False,False,False,85,,47.46,,8537,,10044,,47.46,,True,3.956,3.956,3.956,3.956,3.956,3.956,3.956,3.956,3.956,3.956,3.956,3.956,0,,False,False,True,,,,,,,,,,,,,,,False,False,18.606,,92.1,,75.7,,92.1,,1619,61,14,17,8,141445.1,18859.35,,Idle,,20,,10,,,20,Go Home,False,False,False,False,False,False,False,False,False,False,False,False,33.8027920380556,-117.4659261431046,1749.6,2972.0,1049.4,396.9,True,1,1,False,False,False,False,,True,False,False,Course Lock,196.8,67,16.4,93,E,S,6.26,11.4,Calm,False,False,Android,7.0.2,M300 RTK,1ZN7L4R0H1D00F,1W9DL31001461C,1ZMLH8300204F0,1Z6PH74DAP0QN7,"Corona, CA",728.3,5.7,137.7,8.547347,2.013246,0,0,DJI Matrice 300 RTK,M300 RTK,1ZN7L4R0H1D00F,1W9DL31001461C,1ZMLH8300204F0,1Z6PH74DAP0QN7,DJI Pilot,Android,7.0.2,1EF72A62-B7C3-C88D-164E-CE6F8C8424AE,1ZN7L4R0H1D00F,1W9DL31001461C,,1ZMLH8300204F0,1W9DL31001461C,,,,,
2023-11-01,11:28:54.24 AM,4m 31.9s,271.9,33.8015214487554,-117.471494871999,137.7,137.7,18.3,1402,2010.9,6.29928,6.94893,-1.789552,2.23694,-6.039738,1.342164,0,0,-1.4,-1,1.7,-106.2,253.8,250.8,Tripod,Other,,22,5,True,,True,False,,Smart,RC,False,True,False,,,True,,False,False,False,False,False,False,False,False,False,False,0,Follow Yaw,-77.9,0,-114.5,245.5,False,False,False,False,False,,0,0,False,False,No Card,100,100,1024,1380,1024,951,2,False,False,False,False,False,0,False,False,False,False,85,,47.46,,8537,,10044,,47.46,,True,3.956,3.956,3.956,3.956,3.956,3.956,3.956,3.956,3.956,3.956,3.956,3.956,0,,False,False,True,,,,,,,,,,,,,,,False,False,18.606,,92.1,,75.7,,92.1,,1619,61,14,17,8,141445.1,18859.35,,Idle,,20,,10,,,20,Go Home,False,False,False,False,False,False,False,False,False,False,False,False,33.8027920380556,-117.4659261431046,1750.6,2972.0,1049.4,396.9,True,1,1,False,False,False,False,,True,False,False,Course Lock,196.8,67,16.4,93,E,S,6.26,11.4,Calm,False,False,Android,7.0.2,M300 RTK,1ZN7L4R0H1D00F,1W9DL31001461C,1ZMLH8300204F0,1Z6PH74DAP0QN7,"Corona, CA",728.3,5.7,137.7,8.547347,2.013246,0,0,DJI Matrice 300 RTK,M300 RTK,1ZN7L4R0H1D00F,1W9DL31001461C,1ZMLH8300204F0,1Z6PH74DAP0QN7,DJI Pilot,Android,7.0.2,1EF72A62-B7C3-C88D-164E-CE6F8C8424AE,1ZN7L4R0H1D00F,1W9DL31001461C,,1ZMLH8300204F0,1W9DL31001461C,,,,,
2023-11-01,11:28:54.35 AM,4m 32.0s,272.0,33.8015206587151,-117.4714978335246,137.7,137.7,18.3,1402,2011.9,6.29928,6.94893,-1.789552,2.23694,-6.039738,1.342164,0,0,-1.4,-1.1,1.7,-106.3,253.7,252.2,Tripod,Other,,21,5,True,,True,False,,Smart,RC,False,True,False,,,True,,False,False,False,False,False,False,False,False,False,False,0,Follow Yaw,-77.9,0,-114.6,245.4,False,False,False,False,False,,0,0,False,False,No Card,100,100,1024,1382,1024,952,2,False,False,False,False,False,0,False,False,False,False,85,,47.436,,8537,,10044,,47.436,,True,3.956,3.956,3.956,3.956,3.956,3.956,3.956,3.956,3.956,3.956,3.956,3.956,0,,False,False,True,,,,,,,,,,,,,,,False,False,19.07,,92.1,,75.7,,92.1,,1619,61,14,17,8,141445.1,18859.35,,Idle,,20,,10,,,20,Go Home,False,False,False,False,False,False,False,False,False,False,False,False,33.8027920380556,-117.4659261431046,1751.5,2972.0,1049.4,396.9,True,1,1,False,False,False,False,,True,False,False,Course Lock,196.8,67,16.4,93,E,S,6.26,11.4,Calm,False,False,Android,7.0.2,M300 RTK,1ZN7L4R0H1D00F,1W9DL31001461C,1ZMLH8300204F0,1Z6PH74DAP0QN7,"Corona, CA",728.3,5.7,137.7,8.547347,2.013246,0,0,DJI Matrice 300 RTK,M300 RTK,1ZN7L4R0H1D00F,1W9DL31001461C,1ZMLH8300204F0,1Z6PH74DAP0QN7,DJI Pilot,Android,7.0.2,1EF72A62-B7C3-C88D-164E-CE6F8C8424AE,1ZN7L4R0H1D00F,1W9DL31001461C,,1ZMLH8300204F0,1W9DL31001461C,,,,,
2023-11-01,11:28:54.45 AM,4m 32.1s,272.1,33.8015195600053,-117.4715010012155,137.7,137.7,18.3,1402,2012.9,6.29928,6.94893,-1.789552,2.23694,-6.039738,1.342164,0,0,-1.6,-1.1,1.9,-106.4,253.6,247.3,Tripod,Other,,21,5,True,,True,False,,Smart,RC,False,True,False,,,True,,False,False,False,False,False,False,False,False,False,False,0,Follow Yaw,-77.9,0,-114.7,245.3,False,False,False,False,False,,0,0,False,False,No Card,100,100,1024,1380,1024,952,2,False,False,False,False,False,0,False,False,False,False,85,,47.436,,8537,,10044,,47.436,,True,3.956,3.956,3.956,3.956,3.956,3.956,3.956,3.956,3.956,3.956,3.956,3.956,0,,False,False,True,,,,,,,,,,,,,,,False,False,19.07,,92.1,,75.7,,92.1,,1619,61,14,17,8,141445.1,18859.35,,Idle,,20,,10,,,20,Go Home,False,False,False,False,False,False,False,False,False,False,False,False,33.8027920380556,-117.4659261431046,1752.5,2972.0,1049.4,396.9,True,1,1,False,False,False,False,,True,False,False,Course Lock,196.8,67,16.4,93,E,S,6.03,11.4,Calm,False,False,Android,7.0.2,M300 RTK,1ZN7L4R0H1D00F,1W9DL31001461C,1ZMLH8300204F0,1Z6PH74DAP0QN7,"Corona, CA",728.3,5.7,137.7,8.547347,2.013246,0,0,DJI Matrice 300 RTK,M300 RTK,1ZN7L4R0H1D00F,1W9DL31001461C,1ZMLH8300204F0,1Z6PH74DAP0QN7,DJI Pilot,Android,7.0.2,1EF72A62-B7C3-C88D-164E-CE6F8C8424AE,1ZN7L4R0H1D00F,1W9DL31001461C,,1ZMLH8300204F0,1W9DL31001461C,,,,,
2023-11-01,11:28:54.56 AM,4m 32.2s,272.2,33.8015187266526,-117.4715039894602,137.7,137.7,18.3,1402,2013.9,6.29928,6.94893,-1.789552,2.23694,-6.039738,1.342164,0,0,-1.6,-1.1,1.9,-106.5,253.5,251.4,Tripod,Other,,21,5,True,,True,False,,Smart,RC,False,True,False,,,True,,False,False,False,False,False,False,False,False,False,False,0,Follow Yaw,-77.9,0,-114.8,245.2,False,False,False,False,False,,0,0,False,False,No Card,100,100,1024,1376,1024,952,2,False,False,False,False,False,0,False,False,False,False,85,,47.436,,8537,,10044,,47.436,,True,3.956,3.956,3.956,3.956,3.956,3.956,3.956,3.956,3.956,3.956,3.956,3.956,0,,False,False,True,,,,,,,,,,,,,,,False,False,19.07,,92.1,,75.7,,92.1,,1619,61,14,17,8,141445.1,18859.35,,Idle,,20,,10,,,20,Go Home,False,False,False,False,False,False,False,False,False,False,False,False,33.8027920380556,-117.4659261431046,1753.5,2972.0,1049.4,396.9,True,1,1,False,False,False,False,,True,False,False,Course Lock,196.8,67,16.4,93,E,S,6.03,11.4,Calm,False,False,Android,7.0.2,M300 RTK,1ZN7L4R0H1D00F,1W9DL31001461C,1ZMLH8300204F0,1Z6PH74DAP0QN7,"Corona, CA",728.3,5.7,137.7,8.547347,2.013246,0,0,DJI Matrice 300 RTK,M300 RTK,1ZN7L4R0H1D00F,1W9DL31001461C,1ZMLH8300204F0,1Z6PH74DAP0QN7,DJI Pilot,Android,7.0.2,1EF72A62-B7C3-C88D-164E-CE6F8C8424AE,1ZN7L4R0H1D00F,1W9DL31001461C,,1ZMLH8300204F0,1W9DL31001461C,,,,,
2023-11-01,11:28:54.66 AM,4m 32.3s,272.3,33.8015180566809,-117.4715070387298,137.7,137.7,18.7,1402,2014.8,6.366442,6.94893,-2.013246,2.23694,-6.039738,1.342164,0,0,-1.5,-1,1.8,-106.5,253.5,255.1,Tripod,Other,,21,5,True,,True,False,,Smart,RC,False,True,False,,,True,,False,False,False,False,False,False,False,False,False,False,0,Follow Yaw,-77.9,0,-114.9,245.1,False,False,False,False,False,,0,0,False,False,No Card,100,100,1024,1376,1024,952,2,False,False,False,False,False,0,False,False,False,False,85,,47.436,,8537,,10044,,47.436,,True,3.953,3.953,3.953,3.953,3.953,3.953,3.953,3.953,3.953,3.953,3.953,3.953,0,,False,False,True,,,,,,,,,,,,,,,False,False,19.07,,92.1,,75.7,,92.1,,1620,61,14,18,8,141204.6,18827.28,,Idle,,20,,10,,,20,Go Home,False,False,False,False,False,False,False,False,False,False,False,False,33.8027920380556,-117.4659261431046,1754.5,2972.0,1049.4,396.9,True,1,1,False,False,False,False,,True,False,False,Course Lock,196.8,67,16.4,93,E,S,6.03,11.4,Calm,False,False,Android,7.0.2,M300 RTK,1ZN7L4R0H1D00F,1W9DL31001461C,1ZMLH8300204F0,1Z6PH74DAP0QN7,"Corona, CA",728.3,5.7,137.7,8.547347,2.013246,0,0,DJI Matrice 300 RTK,M300 RTK,1ZN7L4R0H1D00F,1W9DL31001461C,1ZMLH8300204F0,1Z6PH74DAP0QN7,DJI Pilot,Android,7.0.2,1EF72A62-B7C3-C88D-164E-CE6F8C8424AE,1ZN7L4R0H1D00F,1W9DL31001461C,,1ZMLH8300204F0,1W9DL31001461C,,,,,
2023-11-01,11:28:54.77 AM,4m 32.4s,272.4,33.8015172167491,-117.4715100404988,137.7,137.7,18.7,1402,2015.8,6.366442,6.94893,-2.013246,2.23694,-6.039738,1.342164,0,0,-1.4,-0.8,1.6,-106.6,253.4,251.3,Tripod,Other,,21,5,True,,True,False,,Smart,RC,False,True,False,,,True,,False,False,False,False,False,False,False,False,False,False,0,Follow Yaw,-77.9,0,-115.1,244.9,False,False,False,False,False,,0,0,False,False,No Card,100,100,1024,1376,1024,896,2,False,False,False,False,False,0,False,False,False,False,85,,47.436,,8537,,10044,,47.436,,True,3.953,3.953,3.953,3.953,3.953,3.953,3.953,3.953,3.953,3.953,3.953,3.953,0,,False,False,True,,,,,,,,,,,,,,,False,False,19.07,,92.1,,75.7,,92.1,,1620,61,14,18,8,141204.6,18827.28,,Idle,,20,,10,,,20,Go Home,False,False,False,False,False,False,False,False,False,False,False,False,33.8027920380556,-117.4659261431046,1755.4,2972.0,1049.4,396.9,True,1,1,False,False,False,False,,True,False,False,Course Lock,196.8,67,16.4,93,E,S,6.03,11.4,Calm,False,False,Android,7.0.2,M300 RTK,1ZN7L4R0H1D00F,1W9DL31001461C,1ZMLH8300204F0,1Z6PH74DAP0QN7,"Corona, CA",728.3,5.7,137.7,8.547347,2.013246,0,0,DJI Matrice 300 RTK,M300 RTK,1ZN7L4R0H1D00F,1W9DL31001461C,1ZMLH8300204F0,1Z6PH74DAP0QN7,DJI Pilot,Android,7.0.2,1EF72A62-B7C3-C88D-164E-CE6F8C8424AE,1ZN7L4R0H1D00F,1W9DL31001461C,,1ZMLH8300204F0,1W9DL31001461C,,,,,
2023-11-01,11:28:54.87 AM,4m 32.5s,272.5,33.8015162244015,-117.4715130867996,137.7,137.7,18.7,1402,2016.8,6.366442,6.94893,-2.013246,2.23694,-6.039738,1.342164,0,0,-1.3,-0.6,1.4,-106.7,253.3,248.5,Tripod,Other,,21,5,True,,True,False,,Smart,RC,False,True,False,,,True,,False,False,False,False,False,False,False,False,False,False,0,Follow Yaw,-77.9,0,-115.2,244.8,False,False,False,False,False,,0,0,False,False,No Card,100,100,1024,1379,1024,836,2,False,False,False,False,False,0,False,False,False,False,85,,47.436,,8537,,10044,,47.436,,True,3.953,3.953,3.953,3.953,3.953,3.953,3.953,3.953,3.953,3.953,3.953,3.953,0,,False,False,True,,,,,,,,,,,,,,,False,False,19.07,,92.1,,75.7,,92.1,,1620,61,14,18,8,141204.6,18827.28,,Idle,,20,,10,,,20,Go Home,False,False,False,False,False,False,False,False,False,False,False,False,33.8027920380556,-117.4659261431046,1756.4,2972.0,1049.4,396.9,True,1,1,False,False,False,False,,True,False,False,Course Lock,196.8,67,16.4,93,E,S,6.03,11.4,Calm,False,False,Android,7.0.2,M300 RTK,1ZN7L4R0H1D00F,1W9DL31001461C,1ZMLH8300204F0,1Z6PH74DAP0QN7,"Corona, CA",728.3,5.7,137.7,8.547347,2.013246,0,0,DJI Matrice 300 RTK,M300 RTK,1ZN7L4R0H1D00F,1W9DL31001461C,1ZMLH8300204F0,1Z6PH74DAP0QN7,DJI Pilot,Android,7.0.2,1EF72A62-B7C3-C88D-164E-CE6F8C8424AE,1ZN7L4R0H1D00F,1W9DL31001461C,,1ZMLH8300204F0,1W9DL31001461C,,,,,
2023-11-01,11:28:54.97 AM,4m 32.6s,272.6,33.8015153630876,-117.471516095166,137.7,137.7,18.7,1402,2017.7,6.366442,6.94893,-2.013246,2.23694,-6.039738,1.342164,0,0,-1.3,-0.8,1.5,-106.9,253.1,250.9,Tripod,Other,,21,5,True,,True,False,,Smart,RC,False,True,False,,,True,,False,False,False,False,False,False,False,False,False,False,0,Follow Yaw,-77.9,0,-115.5,244.5,False,False,False,False,False,,0,0,False,False,No Card,100,100,1024,1382,1024,834,2,False,False,False,False,False,0,False,False,False,False,85,,47.436,,8537,,10044,,47.436,,True,3.953,3.953,3.953,3.953,3.953,3.953,3.953,3.953,3.953,3.953,3.953,3.953,0,,False,False,True,,,,,,,,,,,,,,,False,False,19.07,,92.1,,75.7,,92.1,,1620,61,14,18,8,141204.6,18827.28,,Idle,,20,,10,,,20,Go Home,False,False,False,False,False,False,False,False,False,False,False,False,33.8027920380556,-117.4659261431046,1757.4,2972.0,1049.4,396.9,True,1,1,False,False,False,False,,True,False,False,Course Lock,196.8,67,16.4,93,E,S,6.03,11.4,Calm,False,False,Android,7.0.2,M300 RTK,1ZN7L4R0H1D00F,1W9DL31001461C,1ZMLH8300204F0,1Z6PH74DAP0QN7,"Corona, CA",728.3,5.7,137.7,8.547347,2.013246,0,0,DJI Matrice 300 RTK,M300 RTK,1ZN7L4R0H1D00F,1W9DL31001461C,1ZMLH8300204F0,1Z6PH74DAP0QN7,DJI Pilot,Android,7.0.2,1EF72A62-B7C3-C88D-164E-CE6F8C8424AE,1ZN7L4R0H1D00F,1W9DL31001461C,,1ZMLH8300204F0,1W9DL31001461C,,,,,
2023-11-01,11:28:55.08 AM,4m 32.7s,272.7,33.801514436531,-117.4715191002336,137.7,137.7,18.7,1402,2018.7,6.366442,6.94893,-2.013246,2.23694,-6.039738,1.342164,0,0,-1.4,-1.6,2.1,-107.1,252.9,249.6,Tripod,Other,,21,5,True,,True,False,,Smart,RC,False,True,False,,,True,,False,False,False,False,False,False,False,False,False,False,0,Follow Yaw,-77.9,0,-115.9,244.1,False,False,False,False,False,,0,0,False,False,No Card,100,100,1024,1380,1024,834,2,False,False,False,False,False,0,False,False,False,False,85,,47.364,,4238,,4986,,47.364,,True,3.953,3.953,3.953,3.953,3.953,3.953,3.953,3.953,3.953,3.953,3.953,3.953,0,,False,False,True,,,,,,,,,,,,,,,False,False,9.214,,92.1,,75.7,,92.1,,1620,61,14,18,8,141204.6,18827.28,,Idle,,20,,10,,,20,Go Home,False,False,False,False,False,False,False,False,False,False,False,False,33.8027920380556,-117.4659261431046,1758.3,2972.0,1049.4,396.9,True,1,1,False,False,False,False,,True,False,False,Course Lock,196.8,67,16.4,93,E,S,6.03,11.4,Calm,False,False,Android,7.0.2,M300 RTK,1ZN7L4R0H1D00F,1W9DL31001461C,1ZMLH8300204F0,1Z6PH74DAP0QN7,"Corona, CA",728.3,5.7,137.7,8.547347,2.013246,0,0,DJI Matrice 300 RTK,M300 RTK,1ZN7L4R0H1D00F,1W9DL31001461C,1ZMLH8300204F0,1Z6PH74DAP0QN7,DJI Pilot,Android,7.0.2,1EF72A62-B7C3-C88D-164E-CE6F8C8424AE,1ZN7L4R0H1D00F,1W9DL31001461C,,1ZMLH8300204F0,1W9DL31001461C,,,,,
2023-11-01,11:28:55.14 AM,4m 32.8s,272.8,33.8015135445146,-117.471522115857,137.7,137.7,18.3,1402,2019.7,6.366442,6.94893,-2.013246,2.23694,-6.039738,1.342164,0,0,-1.3,-2.1,2.4,-107.4,252.6,250.4,Tripod,Other,,22,5,True,,True,False,,Smart,RC,False,True,False,,,True,,False,False,False,False,False,False,False,False,False,False,0,Follow Yaw,-77.9,0,-116.3,243.7,False,False,False,False,False,,0,0,False,False,No Card,100,100,1024,1378,1024,834,2,False,False,False,False,False,0,False,False,False,False,85,,47.364,,4238,,4986,,47.364,,True,3.953,3.953,3.953,3.953,3.953,3.953,3.953,3.953,3.953,3.953,3.953,3.953,0,,False,False,True,,,,,,,,,,,,,,,False,False,9.214,,92.1,,75.7,,92.1,,1620,61,14,18,8,141204.6,18827.28,,Idle,,20,,10,,,20,Go Home,False,False,False,False,False,False,False,False,False,False,False,False,33.8027920380556,-117.4659261431046,1759.3,2972.0,1049.4,396.9,True,1,1,False,False,False,False,,True,False,False,Course Lock,196.8,67,16.4,93,E,S,6.03,11.4,Calm,False,False,Android,7.0.2,M300 RTK,1ZN7L4R0H1D00F,1W9DL31001461C,1ZMLH8300204F0,1Z6PH74DAP0QN7,"Corona, CA",728.3,5.7,137.7,8.547347,2.013246,0,0,DJI Matrice 300 RTK,M300 RTK,1ZN7L4R0H1D00F,1W9DL31001461C,1ZMLH8300204F0,1Z6PH74DAP0QN7,DJI Pilot,Android,7.0.2,1EF72A62-B7C3-C88D-164E-CE6F8C8424AE,1ZN7L4R0H1D00F,1W9DL31001461C,,1ZMLH8300204F0,1W9DL31001461C,,,,,
2023-11-01,11:28:55.24 AM,4m 32.9s,272.9,33.8015124918586,-117.4715250839798,137.7,137.7,18.3,1402,2020.7,6.366442,6.94893,-2.013246,2.23694,-6.039738,1.342164,0,0,-1.1,-2.1,2.3,-107.7,252.3,246.8,Tripod,Other,,22,5,True,,True,False,,Smart,RC,False,True,False,,,True,,False,False,False,False,False,False,False,False,False,False,0,Follow Yaw,-77.9,0,-116.7,243.3,False,False,False,False,False,,0,0,False,False,No Card,100,100,1024,1377,1024,837,2,False,False,False,False,False,0,False,False,False,False,85,,47.364,,4238,,4986,,47.364,,True,3.953,3.953,3.953,3.953,3.953,3.953,3.953,3.953,3.953,3.953,3.953,3.953,0,,False,False,True,,,,,,,,,,,,,,,False,False,9.214,,92.1,,75.7,,92.1,,1620,61,14,18,8,141204.6,18827.28,,Idle,,20,,10,,,20,Go Home,False,False,False,False,False,False,False,False,False,False,False,False,33.8027920380556,-117.4659261431046,1760.3,2972.0,1049.4,396.9,True,1,1,False,False,False,False,,True,False,False,Course Lock,196.8,67,16.4,93,E,S,6.03,11.4,Calm,False,False,Android,7.0.2,M300 RTK,1ZN7L4R0H1D00F,1W9DL31001461C,1ZMLH8300204F0,1Z6PH74DAP0QN7,"Corona, CA",728.3,5.7,137.7,8.547347,2.013246,0,0,DJI Matrice 300 RTK,M300 RTK,1ZN7L4R0H1D00F,1W9DL31001461C,1ZMLH8300204F0,1Z6PH74DAP0QN7,DJI Pilot,Android,7.0.2,1EF72A62-B7C3-C88D-164E-CE6F8C8424AE,1ZN7L4R0H1D00F,1W9DL31001461C,,1ZMLH8300204F0,1W9DL31001461C,,,,,
2023-11-01,11:28:55.34 AM,4m 33.0s,273.0,33.8015115389855,-117.4715280768426,137.7,137.7,18.7,1402,2021.6,6.440678,6.94893,-2.23694,2.23694,-6.039738,1.342164,0,0,-0.9,-1.9,2.1,-108,252,249.0,Tripod,Other,,22,5,True,,True,False,,Smart,RC,False,True,False,,,True,,False,False,False,False,False,False,False,False,False,False,0,Follow Yaw,-77.9,0,-117.1,242.9,False,False,False,False,False,,0,0,False,False,No Card,100,100,1024,1375,1024,838,2,False,False,False,False,False,0,False,False,False,False,85,,47.4,,8537,,10044,,47.4,,True,3.953,3.953,3.953,3.953,3.953,3.953,3.953,3.953,3.953,3.953,3.953,3.953,0,,False,False,True,,,,,,,,,,,,,,,False,False,18.692,,92.3,,75.7,,92.3,,1620,61,14,18,8,141204.6,18827.28,,Idle,,20,,10,,,20,Go Home,False,False,False,False,False,False,False,False,False,False,False,False,33.8027920380556,-117.4659261431046,1761.2,2972.0,1049.4,396.9,True,1,1,False,False,False,False,,True,False,False,Course Lock,196.8,67,16.4,93,E,S,6.03,11.4,Calm,False,False,Android,7.0.2,M300 RTK,1ZN7L4R0H1D00F,1W9DL31001461C,1ZMLH8300204F0,1Z6PH74DAP0QN7,"Corona, CA",728.3,5.7,137.7,8.547347,2.013246,0,0,DJI Matrice 300 RTK,M300 RTK,1ZN7L4R0H1D00F,1W9DL31001461C,1ZMLH8300204F0,1Z6PH74DAP0QN7,DJI Pilot,Android,7.0.2,1EF72A62-B7C3-C88D-164E-CE6F8C8424AE,1ZN7L4R0H1D00F,1W9DL31001461C,,1ZMLH8300204F0,1W9DL31001461C,,,,,
2023-11-01,11:28:55.44 AM,4m 33.1s,273.1,33.8015106409383,-117.4715309780028,137.7,137.7,18.7,1402,2022.6,6.440678,6.94893,-2.23694,2.23694,-6.039738,1.342164,0,0,-1,-1.4,1.7,-108.4,251.6,249.5,Tripod,Other,,22,5,True,,True,False,,Smart,RC,False,True,False,,,True,,False,False,False,False,False,False,False,False,False,False,0,Follow Yaw,-77.9,0,-117.6,242.4,False,False,False,False,False,,0,0,False,False,No Card,100,100,1024,1373,1024,837,2,False,False,False,False,False,0,False,False,False,False,85,,47.4,,8537,,10044,,47.4,,True,3.953,3.953,3.953,3.953,3.953,3.953,3.953,3.953,3.953,3.953,3.953,3.953,0,,False,False,True,,,,,,,,,,,,,,,False,False,18.692,,92.3,,75.7,,92.3,,1620,61,14,18,8,141204.6,18827.28,,Idle,,20,,10,,,20,Go Home,False,False,False,False,False,False,False,False,False,False,False,False,33.8027920380556,-117.4659261431046,1762.2,2972.0,1049.4,396.9,True,1,1,False,False,False,False,,True,False,False,Course Lock,196.8,67,16.4,93,E,S,6.03,11.4,Calm,False,False,Android,7.0.2,M300 RTK,1ZN7L4R0H1D00F,1W9DL31001461C,1ZMLH8300204F0,1Z6PH74DAP0QN7,"Corona, CA",728.3,5.7,137.7,8.547347,2.013246,0,0,DJI Matrice 300 RTK,M300 RTK,1ZN7L4R0H1D00F,1W9DL31001461C,1ZMLH8300204F0,1Z6PH74DAP0QN7,DJI Pilot,Android,7.0.2,1EF72A62-B7C3-C88D-164E-CE6F8C8424AE,1ZN7L4R0H1D00F,1W9DL31001461C,,1ZMLH8300204F0,1W9DL31001461C,,,,,
2023-11-01,11:28:55.54 AM,4m 33.2s,273.2,33.801509666135,-117.4715339391985,137.7,137.7,18.3,1402,2023.5,6.440678,6.94893,-2.23694,2.23694,-6.039738,1.342164,0,0,-1.3,-1.2,1.7,-108.8,251.2,248.3,Tripod,Other,,22,5,True,,True,False,,Smart,RC,False,True,False,,,True,,False,False,False,False,False,False,False,False,False,False,0,Follow Yaw,-77.9,0,-118,242,False,False,False,False,False,,0,0,False,False,No Card,100,100,1024,1374,1024,837,2,False,False,False,False,False,0,False,False,False,False,85,,47.4,,8537,,10044,,47.4,,True,3.953,3.953,3.953,3.953,3.953,3.953,3.953,3.953,3.953,3.953,3.953,3.953,0,,False,False,True,,,,,,,,,,,,,,,False,False,18.692,,92.3,,75.7,,92.3,,1620,61,14,18,8,141204.6,18827.28,,Idle,,20,,10,,,20,Go Home,False,False,False,False,False,False,False,False,False,False,False,False,33.8027920380556,-117.4659261431046,1763.1,2972.0,1049.4,396.9,True,1,1,False,False,False,False,,True,False,False,Course Lock,196.8,67,16.4,93,E,S,6.03,11.4,Calm,False,False,Android,7.0.2,M300 RTK,1ZN7L4R0H1D00F,1W9DL31001461C,1ZMLH8300204F0,1Z6PH74DAP0QN7,"Corona, CA",728.3,5.7,137.7,8.547347,2.013246,0,0,DJI Matrice 300 RTK,M300 RTK,1ZN7L4R0H1D00F,1W9DL31001461C,1ZMLH8300204F0,1Z6PH74DAP0QN7,DJI Pilot,Android,7.0.2,1EF72A62-B7C3-C88D-164E-CE6F8C8424AE,1ZN7L4R0H1D00F,1W9DL31001461C,,1ZMLH8300204F0,1W9DL31001461C,,,,,
2023-11-01,11:28:55.64 AM,4m 33.3s,273.3,33.8015088410061,-117.47153698385,137.7,137.7,18.3,1402,2024.5,6.440678,6.94893,-2.23694,2.23694,-6.039738,1.342164,0,0,-1.5,-1.4,2,-109.3,250.7,251.9,Tripod,Other,,22,5,True,,True,False,,Smart,RC,False,True,False,,,True,,False,False,False,False,False,False,False,False,False,False,0,Follow Yaw,-77.9,0,-118.4,241.6,False,False,False,False,False,,0,0,False,False,No Card,100,100,1024,1375,1024,837,2,False,False,False,False,False,0,False,False,False,False,85,,47.4,,8537,,10044,,47.4,,True,3.951,3.951,3.951,3.951,3.951,3.951,3.951,3.951,3.951,3.951,3.951,3.951,0,,False,False,True,,,,,,,,,,,,,,,False,False,18.692,,92.3,,75.7,,92.3,,1622,61,14,18,8,141069.7,18809.29,,Idle,,20,,10,,,20,Go Home,False,False,False,False,False,False,False,False,False,False,False,False,33.8027920380556,-117.4659261431046,1764.1,2972.0,1049.4,396.9,True,1,1,False,False,False,False,,True,False,False,Course Lock,196.8,67,16.4,93,E,S,6.03,11.4,Calm,False,False,Android,7.0.2,M300 RTK,1ZN7L4R0H1D00F,1W9DL31001461C,1ZMLH8300204F0,1Z6PH74DAP0QN7,"Corona, CA",728.3,5.7,137.7,8.547347,2.013246,0,0,DJI Matrice 300 RTK,M300 RTK,1ZN7L4R0H1D00F,1W9DL31001461C,1ZMLH8300204F0,1Z6PH74DAP0QN7,DJI Pilot,Android,7.0.2,1EF72A62-B7C3-C88D-164E-CE6F8C8424AE,1ZN7L4R0H1D00F,1W9DL31001461C,,1ZMLH8300204F0,1W9DL31001461C,,,,,
2023-11-01,11:28:55.74 AM,4m 33.4s,273.4,33.80150781357,-117.4715400967834,137.7,137.7,18.3,1402,2025.5,6.440678,6.94893,-2.23694,2.23694,-6.039738,1.342164,0,0,-1.6,-1.8,2.4,-109.7,250.3,248.3,Tripod,Other,,23,5,True,,True,False,,Smart,RC,False,True,False,,,True,,False,False,False,False,False,False,False,False,False,False,0,Follow Yaw,-77.9,0,-118.8,241.2,False,False,False,False,False,,0,0,False,False,No Card,100,100,1024,1372,1024,837,2,False,False,False,False,False,0,False,False,False,False,85,,47.4,,8537,,10044,,47.4,,True,3.951,3.951,3.951,3.951,3.951,3.951,3.951,3.951,3.951,3.951,3.951,3.951,0,,False,False,True,,,,,,,,,,,,,,,False,False,18.692,,92.3,,75.7,,92.3,,1622,61,14,18,8,141069.7,18809.29,,Idle,,20,,10,,,20,Go Home,False,False,False,False,False,False,False,False,False,False,False,False,33.8027920380556,-117.4659261431046,1765.1,2972.0,1049.4,396.9,True,1,1,False,False,False,False,,True,False,False,Course Lock,196.8,67,16.4,93,E,S,5.81,11.4,Calm,False,False,Android,7.0.2,M300 RTK,1ZN7L4R0H1D00F,1W9DL31001461C,1ZMLH8300204F0,1Z6PH74DAP0QN7,"Corona, CA",728.3,5.7,137.7,8.547347,2.013246,0,0,DJI Matrice 300 RTK,M300 RTK,1ZN7L4R0H1D00F,1W9DL31001461C,1ZMLH8300204F0,1Z6PH74DAP0QN7,DJI Pilot,Android,7.0.2,1EF72A62-B7C3-C88D-164E-CE6F8C8424AE,1ZN7L4R0H1D00F,1W9DL31001461C,,1ZMLH8300204F0,1W9DL31001461C,,,,,
2023-11-01,11:28:55.84 AM,4m 33.5s,273.5,33.801506879886,-117.4715427983756,137.7,137.7,18.3,1402,2026.4,6.440678,6.94893,-2.23694,2.23694,-6.039738,1.342164,0,0,-1.6,-2.2,2.7,-110.2,249.8,247.4,Tripod,Other,,23,5,True,,True,False,,Smart,RC,False,True,False,,,True,,False,False,False,False,False,False,False,False,False,False,0,Follow Yaw,-77.9,0,-119.2,240.8,False,False,False,False,False,,0,0,False,False,No Card,100,100,1024,1371,1024,846,2,False,False,False,False,False,0,False,False,False,False,85,,47.4,,8537,,10044,,47.4,,True,3.951,3.951,3.951,3.951,3.951,3.951,3.951,3.951,3.951,3.951,3.951,3.951,0,,False,False,True,,,,,,,,,,,,,,,False,False,18.692,,92.3,,75.7,,92.3,,1622,61,14,18,8,141069.7,18809.29,,Idle,,20,,10,,,20,Go Home,False,False,False,False,False,False,False,False,False,False,False,False,33.8027920380556,-117.4659261431046,1766.0,2972.0,1049.4,396.9,True,1,1,False,False,False,False,,True,False,False,Course Lock,196.8,67,16.4,93,E,S,5.81,11.4,Calm,False,False,Android,7.0.2,M300 RTK,1ZN7L4R0H1D00F,1W9DL31001461C,1ZMLH8300204F0,1Z6PH74DAP0QN7,"Corona, CA",728.3,5.7,137.7,8.547347,2.013246,0,0,DJI Matrice 300 RTK,M300 RTK,1ZN7L4R0H1D00F,1W9DL31001461C,1ZMLH8300204F0,1Z6PH74DAP0QN7,DJI Pilot,Android,7.0.2,1EF72A62-B7C3-C88D-164E-CE6F8C8424AE,1ZN7L4R0H1D00F,1W9DL31001461C,,1ZMLH8300204F0,1W9DL31001461C,,,,,
2023-11-01,11:28:55.94 AM,4m 33.6s,273.6,33.8015058606737,-117.4715457463767,137.7,137.7,18.3,1402,2027.4,6.521744,6.94893,-2.460634,2.23694,-6.039738,1.342164,0,0,-1.7,-2.5,3,-110.6,249.4,247.4,Tripod,Other,,23,5,True,,True,False,,Smart,RC,False,True,False,,,True,,False,False,False,False,False,False,False,False,False,False,0,Follow Yaw,-77.9,0,-119.6,240.4,False,False,False,False,False,,0,0,False,False,No Card,100,100,1024,1372,1024,848,2,False,False,False,False,False,0,False,False,False,False,85,,47.4,,8537,,10044,,47.4,,True,3.951,3.951,3.951,3.951,3.951,3.951,3.951,3.951,3.951,3.951,3.951,3.951,0,,False,False,True,,,,,,,,,,,,,,,False,False,18.692,,92.3,,75.7,,92.3,,1622,61,14,18,8,141069.7,18809.29,,Idle,,20,,10,,,20,Go Home,False,False,False,False,False,False,False,False,False,False,False,False,33.8027920380556,-117.4659261431046,1766.9,2972.0,1049.4,396.9,True,1,1,False,False,False,False,,True,False,False,Course Lock,196.8,67,16.4,93,E,S,5.81,11.4,Calm,False,False,Android,7.0.2,M300 RTK,1ZN7L4R0H1D00F,1W9DL31001461C,1ZMLH8300204F0,1Z6PH74DAP0QN7,"Corona, CA",728.3,5.7,137.7,8.547347,2.013246,0,0,DJI Matrice 300 RTK,M300 RTK,1ZN7L4R0H1D00F,1W9DL31001461C,1ZMLH8300204F0,1Z6PH74DAP0QN7,DJI Pilot,Android,7.0.2,1EF72A62-B7C3-C88D-164E-CE6F8C8424AE,1ZN7L4R0H1D00F,1W9DL31001461C,,1ZMLH8300204F0,1W9DL31001461C,,,,,
2023-11-01,11:28:56.01 AM,4m 33.7s,273.7,33.8015049099937,-117.4715489421062,137.7,137.7,18.3,1402,2028.4,6.315147,6.94893,-2.460634,2.23694,-5.816044,1.342164,0,0,-1.6,-2.5,2.9,-111,249,250.3,Tripod,Other,,23,5,True,,True,False,,Smart,RC,False,True,False,,,True,,False,False,False,False,False,False,False,False,False,False,0,Follow Yaw,-77.9,0,-120,240,False,False,False,False,False,,0,0,False,False,No Card,100,100,1024,1371,1024,848,2,False,False,False,False,False,0,False,False,False,False,85,,47.4,,8537,,10044,,47.4,,True,3.951,3.951,3.951,3.951,3.951,3.951,3.951,3.951,3.951,3.951,3.951,3.951,0,,False,False,True,,,,,,,,,,,,,,,False,False,18.692,,92.3,,75.7,,92.3,,1622,61,14,18,8,141069.7,18809.29,,Idle,,20,,10,,,20,Go Home,False,False,False,False,False,False,False,False,False,False,False,False,33.8027920380556,-117.4659261431046,1768.0,2972.0,1049.4,396.9,True,1,1,False,False,False,False,,True,False,False,Course Lock,196.8,67,16.4,93,E,S,5.81,11.4,Calm,False,False,Android,7.0.2,M300 RTK,1ZN7L4R0H1D00F,1W9DL31001461C,1ZMLH8300204F0,1Z6PH74DAP0QN7,"Corona, CA",728.3,5.7,137.7,8.547347,2.013246,0,0,DJI Matrice 300 RTK,M300 RTK,1ZN7L4R0H1D00F,1W9DL31001461C,1ZMLH8300204F0,1Z6PH74DAP0QN7,DJI Pilot,Android,7.0.2,1EF72A62-B7C3-C88D-164E-CE6F8C8424AE,1ZN7L4R0H1D00F,1W9DL31001461C,,1ZMLH8300204F0,1W9DL31001461C,,,,,
2023-11-01,11:28:56.14 AM,4m 33.8s,273.8,33.8015038551446,-117.471551898024,137.7,137.7,18.3,1402,2029.4,6.315147,6.94893,-2.460634,2.23694,-5.816044,1.342164,0,0,-1.4,-2.4,2.7,-111.3,248.7,246.7,Tripod,Other,,23,5,True,,True,False,,Smart,RC,False,True,False,,,True,,False,False,False,False,False,False,False,False,False,False,0,Follow Yaw,-77.9,0,-120.4,239.6,False,False,False,False,False,,0,0,False,False,No Card,100,100,1024,1370,1024,849,2,False,False,False,False,False,0,False,False,False,False,85,,47.4,,8537,,10044,,47.4,,True,3.951,3.951,3.951,3.951,3.951,3.951,3.951,3.951,3.951,3.951,3.951,3.951,0,,False,False,True,,,,,,,,,,,,,,,False,False,18.692,,92.3,,75.7,,92.3,,1622,61,14,18,8,141069.7,18809.29,,Idle,,20,,10,,,20,Go Home,False,False,False,False,False,False,False,False,False,False,False,False,33.8027920380556,-117.4659261431046,1768.9,2972.0,1049.4,396.9,True,1,1,False,False,False,False,,True,False,False,Course Lock,196.8,67,16.4,93,E,S,5.81,11.4,Calm,False,False,Android,7.0.2,M300 RTK,1ZN7L4R0H1D00F,1W9DL31001461C,1ZMLH8300204F0,1Z6PH74DAP0QN7,"Corona, CA",728.3,5.7,137.7,8.547347,2.013246,0,0,DJI Matrice 300 RTK,M300 RTK,1ZN7L4R0H1D00F,1W9DL31001461C,1ZMLH8300204F0,1Z6PH74DAP0QN7,DJI Pilot,Android,7.0.2,1EF72A62-B7C3-C88D-164E-CE6F8C8424AE,1ZN7L4R0H1D00F,1W9DL31001461C,,1ZMLH8300204F0,1W9DL31001461C,,,,,
2023-11-01,11:28:56.24 AM,4m 33.9s,273.9,33.8015025903126,-117.4715544228086,137.7,137.7,18.3,1402,2030.3,6.315147,6.94893,-2.460634,2.23694,-5.816044,1.342164,0,0,-1.4,-2,2.4,-111.6,248.4,238.9,Tripod,Other,,23,5,True,,True,False,,Smart,RC,False,True,False,,,True,,False,False,False,False,False,False,False,False,False,False,0,Follow Yaw,-77.9,0,-120.8,239.2,False,False,False,False,False,,0,0,False,False,No Card,100,100,1024,1371,1024,849,2,False,False,False,False,False,0,False,False,False,False,85,,47.4,,8537,,10044,,47.4,,True,3.951,3.951,3.951,3.951,3.951,3.951,3.951,3.951,3.951,3.951,3.951,3.951,0,,False,False,True,,,,,,,,,,,,,,,False,False,18.692,,92.3,,75.7,,92.3,,1622,61,14,18,8,141069.7,18809.29,,Idle,,20,,10,,,20,Go Home,False,False,False,False,False,False,False,False,False,False,False,False,33.8027920380556,-117.4659261431046,1769.8,2972.0,1049.4,396.9,True,1,1,False,False,False,False,,True,False,False,Course Lock,196.8,67,16.4,93,E,S,5.81,11.4,Calm,False,False,Android,7.0.2,M300 RTK,1ZN7L4R0H1D00F,1W9DL31001461C,1ZMLH8300204F0,1Z6PH74DAP0QN7,"Corona, CA",728.3,5.7,137.7,8.547347,2.013246,0,0,DJI Matrice 300 RTK,M300 RTK,1ZN7L4R0H1D00F,1W9DL31001461C,1ZMLH8300204F0,1Z6PH74DAP0QN7,DJI Pilot,Android,7.0.2,1EF72A62-B7C3-C88D-164E-CE6F8C8424AE,1ZN7L4R0H1D00F,1W9DL31001461C,,1ZMLH8300204F0,1W9DL31001461C,,,,,
2023-11-01,11:28:56.32 AM,4m 34.0s,274.0,33.8015014883133,-117.4715573394726,137.7,137.7,18.3,1402,2031.2,6.315147,6.94893,-2.460634,2.23694,-5.816044,1.342164,0,0,-1.5,-1.9,2.4,-111.9,248.1,245.5,Tripod,Other,,23,5,True,,True,False,,Smart,RC,False,True,False,,,True,,False,False,False,False,False,False,False,False,False,False,0,Follow Yaw,-77.9,0,-121.2,238.8,False,False,False,False,False,,0,0,False,False,No Card,100,100,1024,1369,1024,849,2,False,False,False,False,False,0,False,False,False,False,85,,47.412,,4238,,4986,,47.412,,True,3.951,3.951,3.951,3.951,3.951,3.951,3.951,3.951,3.951,3.951,3.951,3.951,0,,False,False,True,,,,,,,,,,,,,,,False,False,9.218,,92.3,,75.7,,92.3,,1622,61,14,18,8,141069.7,18809.29,,Idle,,20,,10,,,20,Go Home,False,False,False,False,False,False,False,False,False,False,False,False,33.8027920380556,-117.4659261431046,1770.8,2972.0,1049.4,396.9,True,1,1,False,False,False,False,,True,False,False,Course Lock,196.8,67,16.4,93,E,S,5.81,11.4,Calm,False,False,Android,7.0.2,M300 RTK,1ZN7L4R0H1D00F,1W9DL31001461C,1ZMLH8300204F0,1Z6PH74DAP0QN7,"Corona, CA",728.3,5.7,137.7,8.547347,2.013246,0,0,DJI Matrice 300 RTK,M300 RTK,1ZN7L4R0H1D00F,1W9DL31001461C,1ZMLH8300204F0,1Z6PH74DAP0QN7,DJI Pilot,Android,7.0.2,1EF72A62-B7C3-C88D-164E-CE6F8C8424AE,1ZN7L4R0H1D00F,1W9DL31001461C,,1ZMLH8300204F0,1W9DL31001461C,,,,,
2023-11-01,11:28:56.42 AM,4m 34.1s,274.1,33.8015006056173,-117.4715603626829,137.7,137.7,18.3,1402,2032.2,6.405621,6.94893,-2.684328,2.23694,-5.816044,1.342164,0,0,-1.5,-2,2.5,-112.4,247.6,250.6,Tripod,Other,,23,5,True,,True,False,,Smart,RC,False,True,False,,,True,,False,False,False,False,False,False,False,False,False,False,0,Follow Yaw,-77.9,0,-121.5,238.5,False,False,False,False,False,,0,0,False,False,No Card,100,100,1024,1366,1024,849,2,False,False,False,False,False,0,False,False,False,False,85,,47.412,,4238,,4986,,47.412,,True,3.951,3.951,3.951,3.951,3.951,3.951,3.951,3.951,3.951,3.951,3.951,3.951,0,,False,False,True,,,,,,,,,,,,,,,False,False,9.218,,92.3,,75.7,,92.3,,1622,61,14,18,8,141069.7,18809.29,,Idle,,20,,10,,,20,Go Home,False,False,False,False,False,False,False,False,False,False,False,False,33.8027920380556,-117.4659261431046,1771.7,2972.0,1049.4,396.9,True,1,1,False,False,False,False,,True,False,False,Course Lock,196.8,67,16.4,93,E,S,5.81,11.4,Calm,False,False,Android,7.0.2,M300 RTK,1ZN7L4R0H1D00F,1W9DL31001461C,1ZMLH8300204F0,1Z6PH74DAP0QN7,"Corona, CA",728.3,5.7,137.7,8.547347,2.013246,0,0,DJI Matrice 300 RTK,M300 RTK,1ZN7L4R0H1D00F,1W9DL31001461C,1ZMLH8300204F0,1Z6PH74DAP0QN7,DJI Pilot,Android,7.0.2,1EF72A62-B7C3-C88D-164E-CE6F8C8424AE,1ZN7L4R0H1D00F,1W9DL31001461C,,1ZMLH8300204F0,1W9DL31001461C,,,,,
2023-11-01,11:28:56.52 AM,4m 34.2s,274.2,33.8014995030697,-117.4715632981491,137.7,137.7,18.3,1402,2033.2,6.609391,6.94893,-2.684328,2.23694,-6.039738,1.342164,0,0,-1.4,-2.2,2.6,-113,247,245.6,Tripod,Other,,22,5,True,,True,False,,Smart,RC,False,True,False,,,True,,False,False,False,False,False,False,False,False,False,False,0,Follow Yaw,-77.9,0,-121.9,238.1,False,False,False,False,False,,0,0,False,False,No Card,100,100,1024,1369,1024,849,2,False,False,False,False,False,0,False,False,False,False,85,,47.412,,4238,,4986,,47.412,,True,3.951,3.951,3.951,3.951,3.951,3.951,3.951,3.951,3.951,3.951,3.951,3.951,0,,False,False,True,,,,,,,,,,,,,,,False,False,9.218,,92.3,,75.7,,92.3,,1622,61,14,18,8,141069.7,18809.29,,Idle,,20,,10,,,20,Go Home,False,False,False,False,False,False,False,False,False,False,False,False,33.8027920380556,-117.4659261431046,1772.7,2972.0,1049.4,396.9,True,1,1,False,False,False,False,,True,False,False,Course Lock,196.8,67,16.4,93,E,SW,5.81,11.4,Calm,False,False,Android,7.0.2,M300 RTK,1ZN7L4R0H1D00F,1W9DL31001461C,1ZMLH8300204F0,1Z6PH74DAP0QN7,"Corona, CA",728.3,5.7,137.7,8.547347,2.013246,0,0,DJI Matrice 300 RTK,M300 RTK,1ZN7L4R0H1D00F,1W9DL31001461C,1ZMLH8300204F0,1Z6PH74DAP0QN7,DJI Pilot,Android,7.0.2,1EF72A62-B7C3-C88D-164E-CE6F8C8424AE,1ZN7L4R0H1D00F,1W9DL31001461C,,1ZMLH8300204F0,1W9DL31001461C,,,,,
2023-11-01,11:28:56.64 AM,4m 34.3s,274.3,33.8014984855022,-117.4715663157517,137.7,137.7,18.3,1402,2034.2,6.609391,6.94893,-2.684328,2.23694,-6.039738,1.342164,0,0,-1.3,-2.4,2.7,-113.4,246.6,247.9,Tripod,Other,,22,5,True,,True,False,,Smart,RC,False,True,False,,,True,,False,False,False,False,False,False,False,False,False,False,0,Follow Yaw,-77.9,0,-122.3,237.7,False,False,False,False,False,,0,0,False,False,No Card,100,100,1024,1367,1024,850,2,False,False,False,False,False,0,False,False,False,False,85,,47.412,,4238,,4986,,47.412,,True,3.95,3.95,3.95,3.95,3.95,3.95,3.95,3.95,3.95,3.95,3.95,3.95,0,,False,False,True,,,,,,,,,,,,,,,False,False,9.218,,92.3,,75.7,,92.3,,1623,62,14,18,8,140967.9,18795.72,,Idle,,20,,10,,,20,Go Home,False,False,False,False,False,False,False,False,False,False,False,False,33.8027920380556,-117.4659261431046,1773.7,2972.0,1049.4,396.9,True,1,1,False,False,False,False,,True,False,False,Course Lock,196.8,67,16.4,93,E,SW,5.81,11.4,Calm,False,False,Android,7.0.2,M300 RTK,1ZN7L4R0H1D00F,1W9DL31001461C,1ZMLH8300204F0,1Z6PH74DAP0QN7,"Corona, CA",728.3,5.7,137.7,8.547347,2.013246,0,0,DJI Matrice 300 RTK,M300 RTK,1ZN7L4R0H1D00F,1W9DL31001461C,1ZMLH8300204F0,1Z6PH74DAP0QN7,DJI Pilot,Android,7.0.2,1EF72A62-B7C3-C88D-164E-CE6F8C8424AE,1ZN7L4R0H1D00F,1W9DL31001461C,,1ZMLH8300204F0,1W9DL31001461C,,,,,
2023-11-01,11:28:56.72 AM,4m 34.4s,274.4,33.8014973697964,-117.471569265732,137.7,137.7,18.3,1402,2035.2,6.609391,6.94893,-2.684328,2.23694,-6.039738,1.342164,0,0,-1.2,-2.8,3,-113.9,246.1,245.5,Tripod,Other,,23,5,True,,True,False,,Smart,RC,False,True,False,,,True,,False,False,False,False,False,False,False,False,False,False,0,Follow Yaw,-77.9,0,-122.7,237.3,False,False,False,False,False,,0,0,False,False,No Card,100,100,1024,1367,1024,850,2,False,False,False,False,False,0,False,False,False,False,85,,47.412,,4238,,4986,,47.412,,True,3.95,3.95,3.95,3.95,3.95,3.95,3.95,3.95,3.95,3.95,3.95,3.95,0,,False,False,True,,,,,,,,,,,,,,,False,False,9.218,,92.3,,75.7,,92.3,,1623,62,14,18,8,140967.9,18795.72,,Idle,,20,,10,,,20,Go Home,False,False,False,False,False,False,False,False,False,False,False,False,33.8027920380556,-117.4659261431046,1774.6,2972.0,1049.4,396.9,True,1,1,False,False,False,False,,True,False,False,Course Lock,196.8,67,16.4,93,E,SW,5.81,11.4,Calm,False,False,Android,7.0.2,M300 RTK,1ZN7L4R0H1D00F,1W9DL31001461C,1ZMLH8300204F0,1Z6PH74DAP0QN7,"Corona, CA",728.3,5.7,137.7,8.547347,2.013246,0,0,DJI Matrice 300 RTK,M300 RTK,1ZN7L4R0H1D00F,1W9DL31001461C,1ZMLH8300204F0,1Z6PH74DAP0QN7,DJI Pilot,Android,7.0.2,1EF72A62-B7C3-C88D-164E-CE6F8C8424AE,1ZN7L4R0H1D00F,1W9DL31001461C,,1ZMLH8300204F0,1W9DL31001461C,,,,,
2023-11-01,11:28:56.83 AM,4m 34.5s,274.5,33.8014959733824,-117.4715724878506,137.7,137.7,18.3,1402,2036.3,6.609391,6.94893,-2.684328,2.23694,-6.039738,1.342164,0,0,-1.1,-3.1,3.2,-114.3,245.7,242.4,Tripod,Other,,23,5,True,,True,False,,Smart,RC,False,True,False,,,True,,False,False,False,False,False,False,False,False,False,False,0,Follow Yaw,-77.9,0,-123,237,False,False,False,False,False,,0,0,False,False,No Card,100,100,1024,1368,1024,850,2,False,False,False,False,False,0,False,False,False,False,85,,47.412,,4238,,4986,,47.412,,True,3.95,3.95,3.95,3.95,3.95,3.95,3.95,3.95,3.95,3.95,3.95,3.95,0,,False,False,True,,,,,,,,,,,,,,,False,False,9.218,,92.3,,75.7,,92.3,,1623,62,14,18,8,140967.9,18795.72,,Idle,,20,,10,,,20,Go Home,False,False,False,False,False,False,False,False,False,False,False,False,33.8027920380556,-117.4659261431046,1775.7,2972.0,1049.4,396.9,True,1,1,False,False,False,False,,True,False,False,Course Lock,196.8,67,16.4,93,E,SW,5.81,11.4,Calm,False,False,Android,7.0.2,M300 RTK,1ZN7L4R0H1D00F,1W9DL31001461C,1ZMLH8300204F0,1Z6PH74DAP0QN7,"Corona, CA",728.3,5.7,137.7,8.547347,2.013246,0,0,DJI Matrice 300 RTK,M300 RTK,1ZN7L4R0H1D00F,1W9DL31001461C,1ZMLH8300204F0,1Z6PH74DAP0QN7,DJI Pilot,Android,7.0.2,1EF72A62-B7C3-C88D-164E-CE6F8C8424AE,1ZN7L4R0H1D00F,1W9DL31001461C,,1ZMLH8300204F0,1W9DL31001461C,,,,,
2023-11-01,11:28:56.93 AM,4m 34.6s,274.6,33.8014947957234,-117.4715754638902,137.7,137.7,18.3,1402,2037.3,6.609391,6.94893,-2.684328,2.23694,-6.039738,1.342164,0,0,-0.8,-3.3,3.3,-114.6,245.4,244.5,Tripod,Other,,23,5,True,,True,False,,Smart,RC,False,True,False,,,True,,False,False,False,False,False,False,False,False,False,False,0,Follow Yaw,-77.9,0,-123.4,236.6,False,False,False,False,False,,0,0,False,False,No Card,100,100,1024,1370,1024,848,2,False,False,False,False,False,0,False,False,False,False,85,,47.412,,4238,,4986,,47.412,,True,3.95,3.95,3.95,3.95,3.95,3.95,3.95,3.95,3.95,3.95,3.95,3.95,0,,False,False,True,,,,,,,,,,,,,,,False,False,9.218,,92.3,,75.7,,92.3,,1623,62,14,18,8,140967.9,18795.72,,Idle,,20,,10,,,20,Go Home,False,False,False,False,False,False,False,False,False,False,False,False,33.8027920380556,-117.4659261431046,1776.7,2972.0,1049.4,396.9,True,1,1,False,False,False,False,,True,False,False,Course Lock,196.8,67,16.4,93,E,SW,5.81,11.4,Calm,False,False,Android,7.0.2,M300 RTK,1ZN7L4R0H1D00F,1W9DL31001461C,1ZMLH8300204F0,1Z6PH74DAP0QN7,"Corona, CA",728.3,5.7,137.7,8.547347,2.013246,0,0,DJI Matrice 300 RTK,M300 RTK,1ZN7L4R0H1D00F,1W9DL31001461C,1ZMLH8300204F0,1Z6PH74DAP0QN7,DJI Pilot,Android,7.0.2,1EF72A62-B7C3-C88D-164E-CE6F8C8424AE,1ZN7L4R0H1D00F,1W9DL31001461C,,1ZMLH8300204F0,1W9DL31001461C,,,,,
2023-11-01,11:28:57.04 AM,4m 34.7s,274.7,33.8014936920794,-117.4715783403107,137.7,137.7,18.3,1402,2038.2,6.703359,6.94893,-2.908022,2.23694,-6.039738,1.342164,0,0,-0.7,-3,3,-114.9,245.1,245.2,Tripod,Other,,23,5,True,,True,False,,Smart,RC,False,True,False,,,True,,False,False,False,False,False,False,False,False,False,False,0,Follow Yaw,-77.9,0,-123.8,236.2,False,False,False,False,False,,0,0,False,False,No Card,100,100,1024,1371,1024,848,2,False,False,False,False,False,0,False,False,False,False,85,,47.412,,4238,,4986,,47.412,,True,3.95,3.95,3.95,3.95,3.95,3.95,3.95,3.95,3.95,3.95,3.95,3.95,0,,False,False,True,,,,,,,,,,,,,,,False,False,9.218,,92.3,,75.7,,92.3,,1623,62,14,18,8,140967.9,18795.72,,Idle,,20,,10,,,20,Go Home,False,False,False,False,False,False,False,False,False,False,False,False,33.8027920380556,-117.4659261431046,1777.7,2972.0,1049.4,396.9,True,1,1,False,False,False,False,,True,False,False,Course Lock,196.8,67,16.4,93,E,SW,5.81,11.4,Calm,False,False,Android,7.0.2,M300 RTK,1ZN7L4R0H1D00F,1W9DL31001461C,1ZMLH8300204F0,1Z6PH74DAP0QN7,"Corona, CA",728.3,5.7,137.7,8.547347,2.013246,0,0,DJI Matrice 300 RTK,M300 RTK,1ZN7L4R0H1D00F,1W9DL31001461C,1ZMLH8300204F0,1Z6PH74DAP0QN7,DJI Pilot,Android,7.0.2,1EF72A62-B7C3-C88D-164E-CE6F8C8424AE,1ZN7L4R0H1D00F,1W9DL31001461C,,1ZMLH8300204F0,1W9DL31001461C,,,,,
2023-11-01,11:28:57.14 AM,4m 34.8s,274.8,33.8014924700115,-117.4715812972182,137.7,137.7,18.3,1402,2039.2,6.703359,6.94893,-2.908022,2.23694,-6.039738,1.342164,0,0,-0.4,-2.4,2.4,-115.1,244.9,243.5,Tripod,Other,,23,5,True,,True,False,,Smart,RC,False,True,False,,,True,,False,False,False,False,False,False,False,False,False,False,0,Follow Yaw,-77.9,0,-124.2,235.8,False,False,False,False,False,,0,0,False,False,No Card,100,100,1024,1370,1024,848,2,False,False,False,False,False,0,False,False,False,False,85,,47.412,,4238,,4986,,47.412,,True,3.95,3.95,3.95,3.95,3.95,3.95,3.95,3.95,3.95,3.95,3.95,3.95,0,,False,False,True,,,,,,,,,,,,,,,False,False,9.218,,92.3,,75.7,,92.3,,1623,62,14,18,8,140967.9,18795.72,,Idle,,20,,10,,,20,Go Home,False,False,False,False,False,False,False,False,False,False,False,False,33.8027920380556,-117.4659261431046,1778.6,2972.0,1049.4,396.9,True,1,1,False,False,False,False,,True,False,False,Course Lock,196.8,67,16.4,93,E,SW,5.81,11.4,Calm,False,False,Android,7.0.2,M300 RTK,1ZN7L4R0H1D00F,1W9DL31001461C,1ZMLH8300204F0,1Z6PH74DAP0QN7,"Corona, CA",728.3,5.7,137.7,8.547347,2.013246,0,0,DJI Matrice 300 RTK,M300 RTK,1ZN7L4R0H1D00F,1W9DL31001461C,1ZMLH8300204F0,1Z6PH74DAP0QN7,DJI Pilot,Android,7.0.2,1EF72A62-B7C3-C88D-164E-CE6F8C8424AE,1ZN7L4R0H1D00F,1W9DL31001461C,,1ZMLH8300204F0,1W9DL31001461C,,,,,
2023-11-01,11:28:57.24 AM,4m 34.9s,274.9,33.8014913186689,-117.4715842465387,137.7,137.7,18.3,1402,2040.2,6.502534,6.94893,-2.908022,2.23694,-5.816044,1.342164,0,0,-0.2,-2,2,-115.4,244.6,244.8,Tripod,Other,,23,5,True,,True,False,,Smart,RC,False,True,False,,,True,,False,False,False,False,False,False,False,False,False,False,0,Follow Yaw,-77.9,0,-124.4,235.6,False,False,False,False,False,,0,0,False,False,No Card,100,100,1024,1366,1024,823,2,False,False,False,False,False,0,False,False,False,False,85,,47.412,,4238,,4986,,47.412,,True,3.95,3.95,3.95,3.95,3.95,3.95,3.95,3.95,3.95,3.95,3.95,3.95,0,,False,False,True,,,,,,,,,,,,,,,False,False,9.218,,92.3,,75.7,,92.3,,1623,62,14,18,8,140967.9,18795.72,,Idle,,20,,10,,,20,Go Home,False,False,False,False,False,False,False,False,False,False,False,False,33.8027920380556,-117.4659261431046,1779.6,2972.0,1049.4,396.9,True,1,1,False,False,False,False,,True,False,False,Course Lock,196.8,67,16.4,93,E,SW,5.81,11.4,Calm,False,False,Android,7.0.2,M300 RTK,1ZN7L4R0H1D00F,1W9DL31001461C,1ZMLH8300204F0,1Z6PH74DAP0QN7,"Corona, CA",728.3,5.7,137.7,8.547347,2.013246,0,0,DJI Matrice 300 RTK,M300 RTK,1ZN7L4R0H1D00F,1W9DL31001461C,1ZMLH8300204F0,1Z6PH74DAP0QN7,DJI Pilot,Android,7.0.2,1EF72A62-B7C3-C88D-164E-CE6F8C8424AE,1ZN7L4R0H1D00F,1W9DL31001461C,,1ZMLH8300204F0,1W9DL31001461C,,,,,
2023-11-01,11:28:57.34 AM,4m 35.0s,275.0,33.8014900801533,-117.471587196519,137.7,137.7,18.3,1402,2041.2,6.502534,6.94893,-2.908022,2.23694,-5.816044,1.342164,0,0,-0.2,-1.8,1.8,-115.7,244.3,243.1,Tripod,Other,,22,5,True,,True,False,,Smart,RC,False,True,False,,,True,,False,False,False,False,False,False,False,False,False,False,0,Follow Yaw,-77.9,0,-124.9,235.1,False,False,False,False,False,,0,0,False,False,No Card,100,100,1024,1366,1024,767,2,False,False,False,False,False,0,False,False,False,False,85,,47.424,,8537,,10044,,47.424,,True,3.95,3.95,3.95,3.95,3.95,3.95,3.95,3.95,3.95,3.95,3.95,3.95,0,,False,False,True,,,,,,,,,,,,,,,False,False,18.84,,92.3,,75.7,,92.3,,1623,62,14,18,8,140967.9,18795.72,,Idle,,20,,10,,,20,Go Home,False,False,False,False,False,False,False,False,False,False,False,False,33.8027920380556,-117.4659261431046,1780.6,2972.0,1049.4,396.9,True,1,1,False,False,False,False,,True,False,False,Course Lock,196.8,67,16.4,93,E,SW,5.81,11.4,Calm,False,False,Android,7.0.2,M300 RTK,1ZN7L4R0H1D00F,1W9DL31001461C,1ZMLH8300204F0,1Z6PH74DAP0QN7,"Corona, CA",728.3,5.7,137.7,8.547347,2.013246,0,0,DJI Matrice 300 RTK,M300 RTK,1ZN7L4R0H1D00F,1W9DL31001461C,1ZMLH8300204F0,1Z6PH74DAP0QN7,DJI Pilot,Android,7.0.2,1EF72A62-B7C3-C88D-164E-CE6F8C8424AE,1ZN7L4R0H1D00F,1W9DL31001461C,,1ZMLH8300204F0,1W9DL31001461C,,,,,
2023-11-01,11:28:57.44 AM,4m 35.1s,275.1,33.8014886502955,-117.4715904107209,137.7,137.7,18.0,1402,2042.3,6.502534,6.94893,-2.908022,2.23694,-5.816044,1.342164,0,0,-0.4,-2.2,2.2,-116.2,243.8,241.8,Tripod,Other,,22,5,True,,True,False,,Smart,RC,False,True,False,,,True,,False,False,False,False,False,False,False,False,False,False,0,Follow Yaw,-77.9,0,-125.4,234.6,False,False,False,False,False,,0,0,False,False,No Card,100,100,1024,1366,1024,749,2,False,False,False,False,False,0,False,False,False,False,85,,47.424,,8537,,10044,,47.424,,True,3.95,3.95,3.95,3.95,3.95,3.95,3.95,3.95,3.95,3.95,3.95,3.95,0,,False,False,True,,,,,,,,,,,,,,,False,False,18.84,,92.3,,75.7,,92.3,,1623,62,14,18,8,140967.9,18795.72,,Idle,,20,,10,,,20,Go Home,False,False,False,False,False,False,False,False,False,False,False,False,33.8027920380556,-117.4659261431046,1781.7,2972.0,1049.4,396.9,True,1,1,False,False,False,False,,True,False,False,Course Lock,196.8,67,16.4,93,E,SW,5.81,11.4,Calm,False,False,Android,7.0.2,M300 RTK,1ZN7L4R0H1D00F,1W9DL31001461C,1ZMLH8300204F0,1Z6PH74DAP0QN7,"Corona, CA",728.3,5.7,137.7,8.547347,2.013246,0,0,DJI Matrice 300 RTK,M300 RTK,1ZN7L4R0H1D00F,1W9DL31001461C,1ZMLH8300204F0,1Z6PH74DAP0QN7,DJI Pilot,Android,7.0.2,1EF72A62-B7C3-C88D-164E-CE6F8C8424AE,1ZN7L4R0H1D00F,1W9DL31001461C,,1ZMLH8300204F0,1W9DL31001461C,,,,,
2023-11-01,11:28:57.55 AM,4m 35.2s,275.2,33.8014873843669,-117.471593380823,137.7,137.7,18.0,1402,2043.3,6.502534,6.94893,-2.908022,2.23694,-5.816044,1.342164,0,0,-0.3,-3.2,3.2,-116.6,243.4,242.8,Tripod,Other,,22,5,True,,True,False,,Smart,RC,False,True,False,,,True,,False,False,False,False,False,False,False,False,False,False,0,Follow Yaw,-77.9,0,-126,234,False,False,False,False,False,,0,0,False,False,No Card,100,100,1024,1367,1024,748,2,False,False,False,False,False,0,False,False,False,False,85,,47.424,,8537,,10044,,47.424,,True,3.95,3.95,3.95,3.95,3.95,3.95,3.95,3.95,3.95,3.95,3.95,3.95,0,,False,False,True,,,,,,,,,,,,,,,False,False,18.84,,92.3,,75.7,,92.3,,1623,62,14,18,8,140967.9,18795.72,,Idle,,20,,10,,,20,Go Home,False,False,False,False,False,False,False,False,False,False,False,False,33.8027920380556,-117.4659261431046,1782.7,2972.0,1049.4,396.9,True,1,1,False,False,False,False,,True,False,False,Course Lock,196.8,67,16.4,93,E,SW,5.81,11.4,Calm,False,False,Android,7.0.2,M300 RTK,1ZN7L4R0H1D00F,1W9DL31001461C,1ZMLH8300204F0,1Z6PH74DAP0QN7,"Corona, CA",728.3,5.7,137.7,8.547347,2.013246,0,0,DJI Matrice 300 RTK,M300 RTK,1ZN7L4R0H1D00F,1W9DL31001461C,1ZMLH8300204F0,1Z6PH74DAP0QN7,DJI Pilot,Android,7.0.2,1EF72A62-B7C3-C88D-164E-CE6F8C8424AE,1ZN7L4R0H1D00F,1W9DL31001461C,,1ZMLH8300204F0,1W9DL31001461C,,,,,
2023-11-01,11:28:57.65 AM,4m 35.3s,275.3,33.8014861809398,-117.4715963591716,137.7,137.7,18.0,1402,2044.3,6.605604,6.94893,-3.131716,2.23694,-5.816044,1.342164,0,0,-0.2,-4.2,4.2,-117.1,242.9,244.0,Tripod,Other,,22,5,True,,True,False,,Smart,RC,False,True,False,,,True,,False,False,False,False,False,False,False,False,False,False,0,Follow Yaw,-77.9,0,-126.4,233.6,False,False,False,False,False,,0,0,False,False,No Card,100,100,1024,1366,1024,749,2,False,False,False,False,False,0,False,False,False,False,85,,47.424,,8537,,10044,,47.424,,True,3.952,3.952,3.952,3.952,3.952,3.952,3.952,3.952,3.952,3.952,3.952,3.952,0,,False,False,True,,,,,,,,,,,,,,,False,False,18.84,,92.3,,75.7,,92.3,,1624,62,14,18,8,140859.4,18781.26,,Idle,,20,,10,,,20,Go Home,False,False,False,False,False,False,False,False,False,False,False,False,33.8027920380556,-117.4659261431046,1783.6,2972.0,1049.4,396.9,True,1,1,False,False,False,False,,True,False,False,Course Lock,196.8,67,16.4,93,E,SW,5.81,11.4,Calm,False,False,Android,7.0.2,M300 RTK,1ZN7L4R0H1D00F,1W9DL31001461C,1ZMLH8300204F0,1Z6PH74DAP0QN7,"Corona, CA",728.3,5.7,137.7,8.547347,2.013246,0,0,DJI Matrice 300 RTK,M300 RTK,1ZN7L4R0H1D00F,1W9DL31001461C,1ZMLH8300204F0,1Z6PH74DAP0QN7,DJI Pilot,Android,7.0.2,1EF72A62-B7C3-C88D-164E-CE6F8C8424AE,1ZN7L4R0H1D00F,1W9DL31001461C,,1ZMLH8300204F0,1W9DL31001461C,,,,,
2023-11-01,11:28:57.75 AM,4m 35.4s,275.4,33.8014848629267,-117.4715992982663,137.7,137.7,18.0,1402,2045.3,6.605604,6.94893,-3.131716,2.23694,-5.816044,1.342164,0,0,-0.1,-4.4,4.4,-117.7,242.3,241.6,Tripod,Other,,22,5,True,,True,False,,Smart,RC,False,True,False,,,True,,False,False,False,False,False,False,False,False,False,False,0,Follow Yaw,-77.9,0,-127.5,232.5,False,False,False,False,False,,0,0,False,False,No Card,100,100,1024,1362,1024,750,2,False,False,False,False,False,0,False,False,False,False,85,,47.424,,8537,,10044,,47.424,,True,3.952,3.952,3.952,3.952,3.952,3.952,3.952,3.952,3.952,3.952,3.952,3.952,0,,False,False,True,,,,,,,,,,,,,,,False,False,18.84,,92.3,,75.7,,92.3,,1624,62,14,18,8,140859.4,18781.26,,Idle,,20,,10,,,20,Go Home,False,False,False,False,False,False,False,False,False,False,False,False,33.8027920380556,-117.4659261431046,1784.6,2972.0,1049.4,396.9,True,1,1,False,False,False,False,,True,False,False,Course Lock,196.8,67,16.4,93,E,SW,5.81,11.4,Calm,False,False,Android,7.0.2,M300 RTK,1ZN7L4R0H1D00F,1W9DL31001461C,1ZMLH8300204F0,1Z6PH74DAP0QN7,"Corona, CA",728.3,5.7,137.7,8.547347,2.013246,0,0,DJI Matrice 300 RTK,M300 RTK,1ZN7L4R0H1D00F,1W9DL31001461C,1ZMLH8300204F0,1Z6PH74DAP0QN7,DJI Pilot,Android,7.0.2,1EF72A62-B7C3-C88D-164E-CE6F8C8424AE,1ZN7L4R0H1D00F,1W9DL31001461C,,1ZMLH8300204F0,1W9DL31001461C,,,,,
2023-11-01,11:28:57.85 AM,4m 35.5s,275.5,33.8014835717783,-117.471601959285,137.7,137.7,18.0,1402,2046.3,6.714547,6.94893,-3.35541,2.23694,-5.816044,1.342164,0,0,0,-4.1,4.1,-118.3,241.7,239.7,Tripod,Other,,22,5,True,,True,False,,Smart,RC,False,True,False,,,True,,False,False,False,False,False,False,False,False,False,False,0,Follow Yaw,-77.9,0,-128.2,231.8,False,False,False,False,False,,0,0,False,False,No Card,100,100,1024,1362,1024,755,2,False,False,False,False,False,0,False,False,False,False,85,,47.424,,8537,,10044,,47.424,,True,3.952,3.952,3.952,3.952,3.952,3.952,3.952,3.952,3.952,3.952,3.952,3.952,0,,False,False,True,,,,,,,,,,,,,,,False,False,18.84,,92.3,,75.7,,92.3,,1624,62,14,18,8,140859.4,18781.26,,Idle,,20,,10,,,20,Go Home,False,False,False,False,False,False,False,False,False,False,False,False,33.8027920380556,-117.4659261431046,1785.5,2972.0,1049.4,396.9,True,1,1,False,False,False,False,,True,False,False,Course Lock,196.8,67,16.4,93,E,SW,5.81,11.4,Calm,False,False,Android,7.0.2,M300 RTK,1ZN7L4R0H1D00F,1W9DL31001461C,1ZMLH8300204F0,1Z6PH74DAP0QN7,"Corona, CA",728.3,5.7,137.7,8.547347,2.013246,0,0,DJI Matrice 300 RTK,M300 RTK,1ZN7L4R0H1D00F,1W9DL31001461C,1ZMLH8300204F0,1Z6PH74DAP0QN7,DJI Pilot,Android,7.0.2,1EF72A62-B7C3-C88D-164E-CE6F8C8424AE,1ZN7L4R0H1D00F,1W9DL31001461C,,1ZMLH8300204F0,1W9DL31001461C,,,,,
2023-11-01,11:28:57.95 AM,4m 35.6s,275.6,33.8014821874259,-117.4716048215212,137.7,137.7,18.0,1402,2047.3,6.521744,6.94893,-3.35541,2.23694,-5.59235,1.342164,0,0,0.1,-3.9,3.9,-119.1,240.9,239.7,Tripod,Other,,22,5,True,,True,False,,Smart,RC,False,True,False,,,True,,False,False,False,False,False,False,False,False,False,False,0,Follow Yaw,-77.9,0,-128.9,231.1,False,False,False,False,False,,0,0,False,False,No Card,100,100,1024,1362,1024,755,2,False,False,False,False,False,0,False,False,False,False,85,,47.424,,8537,,10044,,47.424,,True,3.952,3.952,3.952,3.952,3.952,3.952,3.952,3.952,3.952,3.952,3.952,3.952,0,,False,False,True,,,,,,,,,,,,,,,False,False,18.84,,92.3,,75.7,,92.3,,1624,62,14,18,8,140859.4,18781.26,,Idle,,20,,10,,,20,Go Home,False,False,False,False,False,False,False,False,False,False,False,False,33.8027920380556,-117.4659261431046,1786.5,2972.0,1049.4,396.9,True,1,1,False,False,False,False,,True,False,False,Course Lock,196.8,67,16.4,93,E,SW,5.81,11.4,Calm,False,False,Android,7.0.2,M300 RTK,1ZN7L4R0H1D00F,1W9DL31001461C,1ZMLH8300204F0,1Z6PH74DAP0QN7,"Corona, CA",728.3,5.7,137.7,8.547347,2.013246,0,0,DJI Matrice 300 RTK,M300 RTK,1ZN7L4R0H1D00F,1W9DL31001461C,1ZMLH8300204F0,1Z6PH74DAP0QN7,DJI Pilot,Android,7.0.2,1EF72A62-B7C3-C88D-164E-CE6F8C8424AE,1ZN7L4R0H1D00F,1W9DL31001461C,,1ZMLH8300204F0,1W9DL31001461C,,,,,
2023-11-01,11:28:58.06 AM,4m 35.7s,275.7,33.8014806895841,-117.4716077662236,137.7,137.7,18.0,1402,2048.3,6.521744,6.94893,-3.35541,2.23694,-5.59235,1.342164,0,0,0.3,-3.8,3.8,-119.9,240.1,238.5,Tripod,Other,,22,5,True,,True,False,,Smart,RC,False,True,False,,,True,,False,False,False,False,False,False,False,False,False,False,0,Follow Yaw,-77.9,0,-129.6,230.4,False,False,False,False,False,,0,0,False,False,No Card,100,100,1024,1361,1024,755,2,False,False,False,False,False,0,False,False,False,False,85,,47.388,,4238,,4986,,47.388,,True,3.952,3.952,3.952,3.952,3.952,3.952,3.952,3.952,3.952,3.952,3.952,3.952,0,,False,False,True,,,,,,,,,,,,,,,False,False,9.626,,92.3,,75.7,,92.3,,1624,62,14,18,8,140859.4,18781.26,,Idle,,20,,10,,,20,Go Home,False,False,False,False,False,False,False,False,False,False,False,False,33.8027920380556,-117.4659261431046,1787.5,2972.0,1049.4,396.9,True,1,1,False,False,False,False,,True,False,False,Course Lock,196.8,67,16.4,93,E,SW,5.81,11.4,Calm,False,False,Android,7.0.2,M300 RTK,1ZN7L4R0H1D00F,1W9DL31001461C,1ZMLH8300204F0,1Z6PH74DAP0QN7,"Corona, CA",728.3,5.7,137.7,8.547347,2.013246,0,0,DJI Matrice 300 RTK,M300 RTK,1ZN7L4R0H1D00F,1W9DL31001461C,1ZMLH8300204F0,1Z6PH74DAP0QN7,DJI Pilot,Android,7.0.2,1EF72A62-B7C3-C88D-164E-CE6F8C8424AE,1ZN7L4R0H1D00F,1W9DL31001461C,,1ZMLH8300204F0,1W9DL31001461C,,,,,
2023-11-01,11:28:58.16 AM,4m 35.8s,275.8,33.8014792388925,-117.4716105753516,137.7,137.7,18.0,1402,2049.3,6.521744,6.94893,-3.35541,2.23694,-5.59235,1.342164,0,0,0.3,-3.9,3.9,-120.7,239.3,238.1,Tripod,Other,,22,5,True,,True,False,,Smart,RC,False,True,False,,,True,,False,False,False,False,False,False,False,False,False,False,0,Follow Yaw,-77.9,0,-130.3,229.7,False,False,False,False,False,,0,0,False,False,No Card,100,100,1024,1359,1024,754,2,False,False,False,False,False,0,False,False,False,False,85,,47.388,,4238,,4986,,47.388,,True,3.952,3.952,3.952,3.952,3.952,3.952,3.952,3.952,3.952,3.952,3.952,3.952,0,,False,False,True,,,,,,,,,,,,,,,False,False,9.626,,92.3,,75.7,,92.3,,1624,62,14,18,8,140859.4,18781.26,,Idle,,20,,10,,,20,Go Home,False,False,False,False,False,False,False,False,False,False,False,False,33.8027920380556,-117.4659261431046,1788.5,2972.0,1049.4,396.9,True,1,1,False,False,False,False,,True,False,False,Course Lock,196.8,67,16.4,93,E,SW,5.81,11.4,Calm,False,False,Android,7.0.2,M300 RTK,1ZN7L4R0H1D00F,1W9DL31001461C,1ZMLH8300204F0,1Z6PH74DAP0QN7,"Corona, CA",728.3,5.7,137.7,8.547347,2.013246,0,0,DJI Matrice 300 RTK,M300 RTK,1ZN7L4R0H1D00F,1W9DL31001461C,1ZMLH8300204F0,1Z6PH74DAP0QN7,DJI Pilot,Android,7.0.2,1EF72A62-B7C3-C88D-164E-CE6F8C8424AE,1ZN7L4R0H1D00F,1W9DL31001461C,,1ZMLH8300204F0,1W9DL31001461C,,,,,
2023-11-01,11:28:58.27 AM,4m 35.9s,275.9,33.8014778227411,-117.471613303003,137.7,137.7,18.0,1402,2050.3,6.452321,6.94893,-3.579104,2.23694,-5.368656,1.342164,0,0,0.3,-3.9,3.9,-121.5,238.5,238.0,Tripod,Other,,22,5,True,,True,False,,Smart,RC,False,True,False,,,True,,False,False,False,False,False,False,False,False,False,False,0,Follow Yaw,-77.9,0,-131,229,False,False,False,False,False,,0,0,False,False,No Card,100,100,1024,1359,1024,754,2,False,False,False,False,False,0,False,False,False,False,85,,47.388,,4238,,4986,,47.388,,True,3.952,3.952,3.952,3.952,3.952,3.952,3.952,3.952,3.952,3.952,3.952,3.952,0,,False,False,True,,,,,,,,,,,,,,,False,False,9.626,,92.3,,75.7,,92.3,,1624,62,14,18,8,140859.4,18781.26,,Idle,,20,,10,,,20,Go Home,False,False,False,False,False,False,False,False,False,False,False,False,33.8027920380556,-117.4659261431046,1789.4,2972.0,1049.4,396.9,True,1,1,False,False,False,False,,True,False,False,Course Lock,196.8,67,16.4,93,E,SW,5.81,11.4,Calm,False,False,Android,7.0.2,M300 RTK,1ZN7L4R0H1D00F,1W9DL31001461C,1ZMLH8300204F0,1Z6PH74DAP0QN7,"Corona, CA",728.3,5.7,137.7,8.547347,2.013246,0,0,DJI Matrice 300 RTK,M300 RTK,1ZN7L4R0H1D00F,1W9DL31001461C,1ZMLH8300204F0,1Z6PH74DAP0QN7,DJI Pilot,Android,7.0.2,1EF72A62-B7C3-C88D-164E-CE6F8C8424AE,1ZN7L4R0H1D00F,1W9DL31001461C,,1ZMLH8300204F0,1W9DL31001461C,,,,,
2023-11-01,11:28:58.37 AM,4m 36.0s,276.0,33.8014763150306,-117.4716160299946,137.7,137.7,18.3,1402,2051.3,6.452321,6.94893,-3.579104,2.23694,-5.368656,1.342164,0,0,0.3,-3.9,3.9,-122.3,237.7,236.3,Tripod,Other,,22,5,True,,True,False,,Smart,RC,False,True,False,,,True,,False,False,False,False,False,False,False,False,False,False,0,Follow Yaw,-77.9,0,-131.7,228.3,False,False,False,False,False,,0,0,False,False,No Card,100,100,1024,1360,1024,754,2,False,False,False,False,False,0,False,False,False,False,85,,47.436,,8537,,10044,,47.436,,True,3.952,3.952,3.952,3.952,3.952,3.952,3.952,3.952,3.952,3.952,3.952,3.952,0,,False,False,True,,,,,,,,,,,,,,,False,False,19.492,,92.3,,75.7,,92.3,,1624,62,14,18,8,140859.4,18781.26,,Idle,,20,,10,,,20,Go Home,False,False,False,False,False,False,False,False,False,False,False,False,33.8027920380556,-117.4659261431046,1790.4,2972.0,1049.4,396.9,True,1,1,False,False,False,False,,True,False,False,Course Lock,196.8,67,16.4,93,E,SW,5.81,11.4,Calm,False,False,Android,7.0.2,M300 RTK,1ZN7L4R0H1D00F,1W9DL31001461C,1ZMLH8300204F0,1Z6PH74DAP0QN7,"Corona, CA",728.3,5.7,137.7,8.547347,2.013246,0,0,DJI Matrice 300 RTK,M300 RTK,1ZN7L4R0H1D00F,1W9DL31001461C,1ZMLH8300204F0,1Z6PH74DAP0QN7,DJI Pilot,Android,7.0.2,1EF72A62-B7C3-C88D-164E-CE6F8C8424AE,1ZN7L4R0H1D00F,1W9DL31001461C,,1ZMLH8300204F0,1W9DL31001461C,,,,,
2023-11-01,11:28:58.47 AM,4m 36.1s,276.1,33.8014747239849,-117.4716186487906,137.7,137.7,18.3,1402,2052.3,6.579037,6.94893,-3.802798,2.23694,-5.368656,1.342164,0,0,0.2,-3.6,3.6,-123.1,236.9,233.8,Tripod,Other,,22,5,True,,True,False,,Smart,RC,False,True,False,,,True,,False,False,False,False,False,False,False,False,False,False,0,Follow Yaw,-77.9,0,-132.4,227.6,False,False,False,False,False,,0,0,False,False,No Card,100,100,1024,1362,1024,762,2,False,False,False,False,False,0,False,False,False,False,85,,47.436,,8537,,10044,,47.436,,True,3.952,3.952,3.952,3.952,3.952,3.952,3.952,3.952,3.952,3.952,3.952,3.952,0,,False,False,True,,,,,,,,,,,,,,,False,False,19.492,,92.3,,75.7,,92.3,,1624,62,14,18,8,140859.4,18781.26,,Idle,,20,,10,,,20,Go Home,False,False,False,False,False,False,False,False,False,False,False,False,33.8027920380556,-117.4659261431046,1791.3,2972.0,1049.4,396.9,True,1,1,False,False,False,False,,True,False,False,Course Lock,196.8,67,16.4,93,E,SW,5.81,11.4,Calm,False,False,Android,7.0.2,M300 RTK,1ZN7L4R0H1D00F,1W9DL31001461C,1ZMLH8300204F0,1Z6PH74DAP0QN7,"Corona, CA",728.3,5.7,137.7,8.547347,2.013246,0,0,DJI Matrice 300 RTK,M300 RTK,1ZN7L4R0H1D00F,1W9DL31001461C,1ZMLH8300204F0,1Z6PH74DAP0QN7,DJI Pilot,Android,7.0.2,1EF72A62-B7C3-C88D-164E-CE6F8C8424AE,1ZN7L4R0H1D00F,1W9DL31001461C,,1ZMLH8300204F0,1W9DL31001461C,,,,,
2023-11-01,11:28:58.57 AM,4m 36.2s,276.2,33.8014731510316,-117.4716212867188,137.7,137.7,18.3,1402,2053.3,6.397804,6.94893,-3.802798,2.23694,-5.144962,1.342164,0,0,0,-3.4,3.4,-123.8,236.2,234.3,Tripod,Other,,23,5,True,,True,False,,Smart,RC,False,True,False,,,True,,False,False,False,False,False,False,False,False,False,False,0,Follow Yaw,-77.9,0,-133.1,226.9,False,False,False,False,False,,0,0,False,False,No Card,100,100,1024,1362,1024,765,2,False,False,False,False,False,0,False,False,False,False,85,,47.436,,8537,,10044,,47.436,,True,3.952,3.952,3.952,3.952,3.952,3.952,3.952,3.952,3.952,3.952,3.952,3.952,0,,False,False,True,,,,,,,,,,,,,,,False,False,19.492,,92.3,,75.7,,92.3,,1624,62,14,18,8,140859.4,18781.26,,Idle,,20,,10,,,20,Go Home,False,False,False,False,False,False,False,False,False,False,False,False,33.8027920380556,-117.4659261431046,1792.2,2972.0,1049.4,396.9,True,1,1,False,False,False,False,,True,False,False,Course Lock,196.8,67,16.4,93,E,SW,5.81,11.4,Calm,False,False,Android,7.0.2,M300 RTK,1ZN7L4R0H1D00F,1W9DL31001461C,1ZMLH8300204F0,1Z6PH74DAP0QN7,"Corona, CA",728.3,5.7,137.7,8.547347,2.013246,0,0,DJI Matrice 300 RTK,M300 RTK,1ZN7L4R0H1D00F,1W9DL31001461C,1ZMLH8300204F0,1Z6PH74DAP0QN7,DJI Pilot,Android,7.0.2,1EF72A62-B7C3-C88D-164E-CE6F8C8424AE,1ZN7L4R0H1D00F,1W9DL31001461C,,1ZMLH8300204F0,1W9DL31001461C,,,,,
2023-11-01,11:28:58.64 AM,4m 36.3s,276.3,33.8014715451829,-117.4716237171621,137.7,137.7,18.3,1402,2054.2,6.397804,6.94893,-3.802798,2.23694,-5.144962,1.342164,0,0,-0.2,-3.1,3.1,-124.4,235.6,231.5,Tripod,Other,,23,5,True,,True,False,,Smart,RC,False,True,False,,,True,,False,False,False,False,False,False,False,False,False,False,0,Follow Yaw,-77.9,0,-133.8,226.2,False,False,False,False,False,,0,0,False,False,No Card,100,100,1024,1357,1024,766,2,False,False,False,False,False,0,False,False,False,False,85,,47.436,,8537,,10044,,47.436,,True,3.954,3.954,3.954,3.954,3.954,3.954,3.954,3.954,3.954,3.954,3.954,3.954,0,,False,False,True,,,,,,,,,,,,,,,False,False,19.492,,92.3,,75.7,,92.3,,1626,62,14,18,8,140899.6,18786.62,,Idle,,20,,10,,,20,Go Home,False,False,False,False,False,False,False,False,False,False,False,False,33.8027920380556,-117.4659261431046,1793.1,2972.0,1049.4,396.9,True,1,1,False,False,False,False,,True,False,False,Course Lock,196.8,67,16.4,93,E,SW,5.81,11.4,Calm,False,False,Android,7.0.2,M300 RTK,1ZN7L4R0H1D00F,1W9DL31001461C,1ZMLH8300204F0,1Z6PH74DAP0QN7,"Corona, CA",728.3,5.7,137.7,8.547347,2.013246,0,0,DJI Matrice 300 RTK,M300 RTK,1ZN7L4R0H1D00F,1W9DL31001461C,1ZMLH8300204F0,1Z6PH74DAP0QN7,DJI Pilot,Android,7.0.2,1EF72A62-B7C3-C88D-164E-CE6F8C8424AE,1ZN7L4R0H1D00F,1W9DL31001461C,,1ZMLH8300204F0,1W9DL31001461C,,,,,
2023-11-01,11:28:58.74 AM,4m 36.4s,276.4,33.8014699179521,-117.4716262739436,137.7,137.7,18.3,1402,2055.2,6.397804,6.94893,-3.802798,2.23694,-5.144962,1.342164,0,0,-0.5,-2.7,2.7,-124.9,235.1,232.5,Tripod,Other,,23,5,True,,True,False,,Smart,RC,False,True,False,,,True,,False,False,False,False,False,False,False,False,False,False,0,Follow Yaw,-77.9,0,-134.4,225.6,False,False,False,False,False,,0,0,False,False,No Card,100,100,1024,1354,1024,766,2,False,False,False,False,False,0,False,False,False,False,85,,47.436,,8537,,10044,,47.436,,True,3.954,3.954,3.954,3.954,3.954,3.954,3.954,3.954,3.954,3.954,3.954,3.954,0,,False,False,True,,,,,,,,,,,,,,,False,False,19.492,,92.3,,75.7,,92.3,,1626,62,14,18,8,140899.6,18786.62,,Idle,,20,,10,,,20,Go Home,False,False,False,False,False,False,False,False,False,False,False,False,33.8027920380556,-117.4659261431046,1794.0,2972.0,1049.4,396.9,True,1,1,False,False,False,False,,True,False,False,Course Lock,196.8,67,16.4,93,E,SW,5.81,11.4,Calm,False,False,Android,7.0.2,M300 RTK,1ZN7L4R0H1D00F,1W9DL31001461C,1ZMLH8300204F0,1Z6PH74DAP0QN7,"Corona, CA",728.3,5.7,137.7,8.547347,2.013246,0,0,DJI Matrice 300 RTK,M300 RTK,1ZN7L4R0H1D00F,1W9DL31001461C,1ZMLH8300204F0,1Z6PH74DAP0QN7,DJI Pilot,Android,7.0.2,1EF72A62-B7C3-C88D-164E-CE6F8C8424AE,1ZN7L4R0H1D00F,1W9DL31001461C,,1ZMLH8300204F0,1W9DL31001461C,,,,,
2023-11-01,11:28:58.84 AM,4m 36.5s,276.5,33.8014683088138,-117.4716287759675,137.7,137.7,18.3,1402,2056.1,6.533243,6.94893,-4.026492,2.23694,-5.144962,1.342164,0,0,-0.5,-2.5,2.5,-125.5,234.5,232.2,Tripod,Other,,23,5,True,,True,False,,Smart,RC,False,True,False,,,True,,False,False,False,False,False,False,False,False,False,False,0,Follow Yaw,-77.9,0,-135.1,224.9,False,False,False,False,False,,0,0,False,False,No Card,100,100,1024,1358,1024,766,2,False,False,False,False,False,0,False,False,False,False,85,,47.436,,8537,,10044,,47.436,,True,3.954,3.954,3.954,3.954,3.954,3.954,3.954,3.954,3.954,3.954,3.954,3.954,0,,False,False,True,,,,,,,,,,,,,,,False,False,19.492,,92.3,,75.7,,92.3,,1626,62,14,18,8,140899.6,18786.62,,Idle,,20,,10,,,20,Go Home,False,False,False,False,False,False,False,False,False,False,False,False,33.8027920380556,-117.4659261431046,1794.9,2972.0,1049.4,396.9,True,1,1,False,False,False,False,,True,False,False,Course Lock,196.8,67,16.4,93,E,SW,5.81,11.4,Calm,False,False,Android,7.0.2,M300 RTK,1ZN7L4R0H1D00F,1W9DL31001461C,1ZMLH8300204F0,1Z6PH74DAP0QN7,"Corona, CA",728.3,5.7,137.7,8.547347,2.013246,0,0,DJI Matrice 300 RTK,M300 RTK,1ZN7L4R0H1D00F,1W9DL31001461C,1ZMLH8300204F0,1Z6PH74DAP0QN7,DJI Pilot,Android,7.0.2,1EF72A62-B7C3-C88D-164E-CE6F8C8424AE,1ZN7L4R0H1D00F,1W9DL31001461C,,1ZMLH8300204F0,1W9DL31001461C,,,,,
2023-11-01,11:28:58.94 AM,4m 36.6s,276.6,33.8014666426566,-117.4716312948146,137.7,137.7,18.3,1402,2057.1,6.358578,6.94893,-4.026492,2.23694,-4.921268,1.342164,0,0,-0.4,-2.6,2.6,-126.1,233.9,231.4,Tripod,Other,,23,5,True,,True,False,,Smart,RC,False,True,False,,,True,,False,False,False,False,False,False,False,False,False,False,0,Follow Yaw,-77.9,0,-135.7,224.3,False,False,False,False,False,,0,0,False,False,No Card,100,100,1024,1355,1024,766,2,False,False,False,False,False,0,False,False,False,False,85,,47.436,,8537,,10044,,47.436,,True,3.954,3.954,3.954,3.954,3.954,3.954,3.954,3.954,3.954,3.954,3.954,3.954,0,,False,False,True,,,,,,,,,,,,,,,False,False,19.492,,92.3,,75.7,,92.3,,1626,62,14,18,8,140899.6,18786.62,,Idle,,20,,10,,,20,Go Home,False,False,False,False,False,False,False,False,False,False,False,False,33.8027920380556,-117.4659261431046,1795.8,2972.0,1049.4,396.9,True,1,1,False,False,False,False,,True,False,False,Course Lock,196.8,67,16.4,93,E,SW,5.81,11.4,Calm,False,False,Android,7.0.2,M300 RTK,1ZN7L4R0H1D00F,1W9DL31001461C,1ZMLH8300204F0,1Z6PH74DAP0QN7,"Corona, CA",728.3,5.7,137.7,8.547347,2.013246,0,0,DJI Matrice 300 RTK,M300 RTK,1ZN7L4R0H1D00F,1W9DL31001461C,1ZMLH8300204F0,1Z6PH74DAP0QN7,DJI Pilot,Android,7.0.2,1EF72A62-B7C3-C88D-164E-CE6F8C8424AE,1ZN7L4R0H1D00F,1W9DL31001461C,,1ZMLH8300204F0,1W9DL31001461C,,,,,
2023-11-01,11:28:59.04 AM,4m 36.7s,276.7,33.801464996785,-117.4716335458115,137.7,137.7,18.3,1402,2058.0,6.358578,6.94893,-4.026492,2.23694,-4.921268,1.342164,0,0,-0.2,-2.8,2.8,-126.8,233.2,228.6,Tripod,Other,,23,5,True,,True,False,,Smart,RC,False,True,False,,,True,,False,False,False,False,False,False,False,False,False,False,0,Follow Yaw,-77.9,0,-136.4,223.6,False,False,False,False,False,,0,0,False,False,No Card,100,100,1024,1354,1024,766,2,False,False,False,False,False,0,False,False,False,False,85,,47.436,,8537,,10044,,47.436,,True,3.954,3.954,3.954,3.954,3.954,3.954,3.954,3.954,3.954,3.954,3.954,3.954,0,,False,False,True,,,,,,,,,,,,,,,False,False,19.492,,92.3,,75.7,,92.3,,1626,62,14,18,8,140899.6,18786.62,,Idle,,20,,10,,,20,Go Home,False,False,False,False,False,False,False,False,False,False,False,False,33.8027920380556,-117.4659261431046,1796.6,2972.0,1049.4,396.9,True,1,1,False,False,False,False,,True,False,False,Course Lock,196.8,67,16.4,93,E,SW,5.81,11.4,Calm,False,False,Android,7.0.2,M300 RTK,1ZN7L4R0H1D00F,1W9DL31001461C,1ZMLH8300204F0,1Z6PH74DAP0QN7,"Corona, CA",728.3,5.7,137.7,8.547347,2.013246,0,0,DJI Matrice 300 RTK,M300 RTK,1ZN7L4R0H1D00F,1W9DL31001461C,1ZMLH8300204F0,1Z6PH74DAP0QN7,DJI Pilot,Android,7.0.2,1EF72A62-B7C3-C88D-164E-CE6F8C8424AE,1ZN7L4R0H1D00F,1W9DL31001461C,,1ZMLH8300204F0,1W9DL31001461C,,,,,
2023-11-01,11:28:59.14 AM,4m 36.8s,276.8,33.8014632922498,-117.4716360019842,137.7,137.7,18.3,1402,2059.0,6.358578,6.94893,-4.026492,2.23694,-4.921268,1.342164,0,0,0,-2.8,2.8,-127.4,232.6,230.1,Tripod,Other,,23,5,True,,True,False,,Smart,RC,False,True,False,,,True,,False,False,False,False,False,False,False,False,False,False,0,Follow Yaw,-77.9,0,-137,223,False,False,False,False,False,,0,0,False,False,No Card,100,100,1024,1352,1024,766,2,False,False,False,False,False,0,False,False,False,False,85,,47.436,,8537,,10044,,47.436,,True,3.954,3.954,3.954,3.954,3.954,3.954,3.954,3.954,3.954,3.954,3.954,3.954,0,,False,False,True,,,,,,,,,,,,,,,False,False,19.492,,92.3,,75.7,,92.3,,1626,62,14,18,8,140899.6,18786.62,,Idle,,20,,10,,,20,Go Home,False,False,False,False,False,False,False,False,False,False,False,False,33.8027920380556,-117.4659261431046,1797.5,2972.0,1049.4,396.9,True,1,1,False,False,False,False,,True,False,False,Course Lock,196.8,67,16.4,93,E,SW,5.81,11.4,Calm,False,False,Android,7.0.2,M300 RTK,1ZN7L4R0H1D00F,1W9DL31001461C,1ZMLH8300204F0,1Z6PH74DAP0QN7,"Corona, CA",728.3,5.7,137.7,8.547347,2.013246,0,0,DJI Matrice 300 RTK,M300 RTK,1ZN7L4R0H1D00F,1W9DL31001461C,1ZMLH8300204F0,1Z6PH74DAP0QN7,DJI Pilot,Android,7.0.2,1EF72A62-B7C3-C88D-164E-CE6F8C8424AE,1ZN7L4R0H1D00F,1W9DL31001461C,,1ZMLH8300204F0,1W9DL31001461C,,,,,
2023-11-01,11:28:59.24 AM,4m 36.9s,276.9,33.801461486835,-117.471638513904,137.7,137.7,18.3,1402,2060.0,6.502534,6.94893,-4.250186,2.23694,-4.921268,1.342164,0,0,0.1,-2.7,2.7,-128,232,229.1,Tripod,Other,,23,5,True,,True,False,,Smart,RC,False,True,False,,,True,,False,False,False,False,False,False,False,False,False,False,0,Follow Yaw,-77.9,0,-137.7,222.3,False,False,False,False,False,,0,0,False,False,No Card,100,100,1024,1358,1024,773,2,False,False,False,False,False,0,False,False,False,False,85,,47.436,,8537,,10044,,47.436,,True,3.954,3.954,3.954,3.954,3.954,3.954,3.954,3.954,3.954,3.954,3.954,3.954,0,,False,False,True,,,,,,,,,,,,,,,False,False,19.492,,92.3,,75.7,,92.3,,1626,62,14,18,8,140899.6,18786.62,,Idle,,20,,10,,,20,Go Home,False,False,False,False,False,False,False,False,False,False,False,False,33.8027920380556,-117.4659261431046,1798.4,2972.0,1049.4,396.9,True,1,1,False,False,False,False,,True,False,False,Course Lock,196.8,67,16.4,93,E,SW,5.81,11.4,Calm,False,False,Android,7.0.2,M300 RTK,1ZN7L4R0H1D00F,1W9DL31001461C,1ZMLH8300204F0,1Z6PH74DAP0QN7,"Corona, CA",728.3,5.7,137.7,8.547347,2.013246,0,0,DJI Matrice 300 RTK,M300 RTK,1ZN7L4R0H1D00F,1W9DL31001461C,1ZMLH8300204F0,1Z6PH74DAP0QN7,DJI Pilot,Android,7.0.2,1EF72A62-B7C3-C88D-164E-CE6F8C8424AE,1ZN7L4R0H1D00F,1W9DL31001461C,,1ZMLH8300204F0,1W9DL31001461C,,,,,
2023-11-01,11:28:59.34 AM,4m 37.0s,277.0,33.8014597406321,-117.4716409219166,137.7,137.7,18.3,1402,2061.0,6.334925,6.94893,-4.250186,2.23694,-4.697574,1.342164,0,0,0.1,-2.5,2.5,-128.7,231.3,228.8,Tripod,Other,,23,5,True,,True,False,,Smart,RC,False,True,False,,,True,,False,False,False,False,False,False,False,False,False,False,0,Follow Yaw,-77.9,0,-138.3,221.7,False,False,False,False,False,,0,0,False,False,No Card,100,100,1024,1355,1024,783,2,False,False,False,False,False,0,False,False,False,False,85,,47.388,,8537,,10044,,47.388,,True,3.954,3.954,3.954,3.954,3.954,3.954,3.954,3.954,3.954,3.954,3.954,3.954,0,,False,False,True,,,,,,,,,,,,,,,False,False,19.21,,92.4,,75.7,,92.4,,1626,62,14,18,8,140899.6,18786.62,,Idle,,20,,10,,,20,Go Home,False,False,False,False,False,False,False,False,False,False,False,False,33.8027920380556,-117.4659261431046,1799.3,2972.0,1049.4,396.9,True,1,1,False,False,False,False,,True,False,False,Course Lock,196.8,67,16.4,93,E,SW,5.81,11.4,Calm,False,False,Android,7.0.2,M300 RTK,1ZN7L4R0H1D00F,1W9DL31001461C,1ZMLH8300204F0,1Z6PH74DAP0QN7,"Corona, CA",728.3,5.7,137.7,8.547347,2.013246,0,0,DJI Matrice 300 RTK,M300 RTK,1ZN7L4R0H1D00F,1W9DL31001461C,1ZMLH8300204F0,1Z6PH74DAP0QN7,DJI Pilot,Android,7.0.2,1EF72A62-B7C3-C88D-164E-CE6F8C8424AE,1ZN7L4R0H1D00F,1W9DL31001461C,,1ZMLH8300204F0,1W9DL31001461C,,,,,
2023-11-01,11:28:59.40 AM,4m 37.1s,277.1,33.8014579209626,-117.4716435024483,137.7,137.7,18.3,1402,2062.0,6.334925,6.94893,-4.250186,2.23694,-4.697574,1.342164,0,0,0,-2.6,2.6,-129.4,230.6,229.6,Tripod,Other,,23,5,True,,True,False,,Smart,RC,False,True,False,,,True,,False,False,False,False,False,False,False,False,False,False,0,Follow Yaw,-77.9,0,-138.9,221.1,False,False,False,False,False,,0,0,False,False,No Card,100,100,1024,1355,1024,790,2,False,False,False,False,False,0,False,False,False,False,85,,47.388,,8537,,10044,,47.388,,True,3.954,3.954,3.954,3.954,3.954,3.954,3.954,3.954,3.954,3.954,3.954,3.954,0,,False,False,True,,,,,,,,,,,,,,,False,False,19.21,,92.4,,75.7,,92.4,,1626,62,14,18,8,140899.6,18786.62,,Idle,,20,,10,,,20,Go Home,False,False,False,False,False,False,False,False,False,False,False,False,33.8027920380556,-117.4659261431046,1800.2,2972.0,1049.4,396.9,True,1,1,False,False,False,False,,True,False,False,Course Lock,196.8,67,16.4,93,E,SW,5.81,11.4,Calm,False,False,Android,7.0.2,M300 RTK,1ZN7L4R0H1D00F,1W9DL31001461C,1ZMLH8300204F0,1Z6PH74DAP0QN7,"Corona, CA",728.3,5.7,137.7,8.547347,2.013246,0,0,DJI Matrice 300 RTK,M300 RTK,1ZN7L4R0H1D00F,1W9DL31001461C,1ZMLH8300204F0,1Z6PH74DAP0QN7,DJI Pilot,Android,7.0.2,1EF72A62-B7C3-C88D-164E-CE6F8C8424AE,1ZN7L4R0H1D00F,1W9DL31001461C,,1ZMLH8300204F0,1W9DL31001461C,,,,,
2023-11-01,11:28:59.54 AM,4m 37.2s,277.2,33.8014561424125,-117.4716458791236,137.7,137.7,18.3,1402,2063.0,6.334925,6.94893,-4.250186,2.23694,-4.697574,1.342164,0,0,-0.2,-2.6,2.6,-130,230,227.9,Tripod,Other,,22,5,True,,True,False,,Smart,RC,False,True,False,,,True,,False,False,False,False,False,False,False,False,False,False,0,Follow Yaw,-77.9,0,-139.5,220.5,False,False,False,False,False,,0,0,False,False,No Card,100,100,1024,1352,1024,799,2,False,False,False,False,False,0,False,False,False,False,85,,47.388,,8537,,10044,,47.388,,True,3.954,3.954,3.954,3.954,3.954,3.954,3.954,3.954,3.954,3.954,3.954,3.954,0,,False,False,True,,,,,,,,,,,,,,,False,False,19.21,,92.4,,75.7,,92.4,,1626,62,14,18,8,140899.6,18786.62,,Idle,,20,,10,,,20,Go Home,False,False,False,False,False,False,False,False,False,False,False,False,33.8027920380556,-117.4659261431046,1801.1,2972.0,1049.4,396.9,True,1,1,False,False,False,False,,True,False,False,Course Lock,196.8,67,16.4,93,E,SW,5.81,11.4,Calm,False,False,Android,7.0.2,M300 RTK,1ZN7L4R0H1D00F,1W9DL31001461C,1ZMLH8300204F0,1Z6PH74DAP0QN7,"Corona, CA",728.3,5.7,137.7,8.547347,2.013246,0,0,DJI Matrice 300 RTK,M300 RTK,1ZN7L4R0H1D00F,1W9DL31001461C,1ZMLH8300204F0,1Z6PH74DAP0QN7,DJI Pilot,Android,7.0.2,1EF72A62-B7C3-C88D-164E-CE6F8C8424AE,1ZN7L4R0H1D00F,1W9DL31001461C,,1ZMLH8300204F0,1W9DL31001461C,,,,,
2023-11-01,11:28:59.64 AM,4m 37.3s,277.3,33.801454407723,-117.4716480011434,137.7,137.7,18.3,1402,2063.9,6.334925,6.94893,-4.250186,2.23694,-4.697574,1.342164,0,0,-0.2,-2.6,2.6,-130.5,229.5,225.4,Tripod,Other,,22,5,True,,True,False,,Smart,RC,False,True,False,,,True,,False,False,False,False,False,False,False,False,False,False,0,Follow Yaw,-77.9,0,-140.1,219.9,False,False,False,False,False,,0,0,False,False,No Card,100,100,1024,1351,1024,801,2,False,False,False,False,False,0,False,False,False,False,85,,47.388,,8537,,10044,,47.388,,True,3.95,3.95,3.95,3.95,3.95,3.95,3.95,3.95,3.95,3.95,3.95,3.95,0,,False,False,True,,,,,,,,,,,,,,,False,False,19.21,,92.4,,75.7,,92.4,,1627,62,14,18,8,141209.7,18827.96,,Idle,,20,,10,,,20,Go Home,False,False,False,False,False,False,False,False,False,False,False,False,33.8027920380556,-117.4659261431046,1801.8,2972.0,1049.4,396.9,True,1,1,False,False,False,False,,True,False,False,Course Lock,196.8,67,16.4,93,E,SW,5.81,11.4,Calm,False,False,Android,7.0.2,M300 RTK,1ZN7L4R0H1D00F,1W9DL31001461C,1ZMLH8300204F0,1Z6PH74DAP0QN7,"Corona, CA",728.3,5.7,137.7,8.547347,2.013246,0,0,DJI Matrice 300 RTK,M300 RTK,1ZN7L4R0H1D00F,1W9DL31001461C,1ZMLH8300204F0,1Z6PH74DAP0QN7,DJI Pilot,Android,7.0.2,1EF72A62-B7C3-C88D-164E-CE6F8C8424AE,1ZN7L4R0H1D00F,1W9DL31001461C,,1ZMLH8300204F0,1W9DL31001461C,,,,,
2023-11-01,11:28:59.71 AM,4m 37.4s,277.4,33.8014526050496,-117.4716503045888,137.7,137.7,18.3,1402,2064.8,6.334925,6.94893,-4.250186,2.23694,-4.697574,1.342164,0,0,-0.2,-2.5,2.5,-131.1,228.9,226.7,Tripod,Other,,22,5,True,,True,False,,Smart,RC,False,True,False,,,True,,False,False,False,False,False,False,False,False,False,False,0,Follow Yaw,-77.9,0,-140.6,219.4,False,False,False,False,False,,0,0,False,False,No Card,100,100,1024,1357,1024,817,2,False,False,False,False,False,0,False,False,False,False,85,,47.388,,8537,,10044,,47.388,,True,3.95,3.95,3.95,3.95,3.95,3.95,3.95,3.95,3.95,3.95,3.95,3.95,0,,False,False,True,,,,,,,,,,,,,,,False,False,19.21,,92.4,,75.7,,92.4,,1627,62,14,18,8,141209.7,18827.96,,Idle,,20,,10,,,20,Go Home,False,False,False,False,False,False,False,False,False,False,False,False,33.8027920380556,-117.4659261431046,1802.7,2972.0,1049.4,396.9,True,1,1,False,False,False,False,,True,False,False,Course Lock,196.8,67,16.4,93,E,SW,5.81,11.4,Calm,False,False,Android,7.0.2,M300 RTK,1ZN7L4R0H1D00F,1W9DL31001461C,1ZMLH8300204F0,1Z6PH74DAP0QN7,"Corona, CA",728.3,5.7,137.7,8.547347,2.013246,0,0,DJI Matrice 300 RTK,M300 RTK,1ZN7L4R0H1D00F,1W9DL31001461C,1ZMLH8300204F0,1Z6PH74DAP0QN7,DJI Pilot,Android,7.0.2,1EF72A62-B7C3-C88D-164E-CE6F8C8424AE,1ZN7L4R0H1D00F,1W9DL31001461C,,1ZMLH8300204F0,1W9DL31001461C,,,,,
2023-11-01,11:28:59.84 AM,4m 37.5s,277.5,33.8014507820905,-117.471652718209,137.7,137.7,18.3,1402,2065.8,6.170873,6.94893,-4.250186,2.23694,-4.47388,1.342164,0,0,-0.1,-2.5,2.5,-131.6,228.4,227.7,Tripod,Other,,22,5,True,,True,False,,Smart,RC,False,True,False,,,True,,False,False,False,False,False,False,False,False,False,False,0,Follow Yaw,-77.9,0,-141.1,218.9,False,False,False,False,False,,0,0,False,False,No Card,100,100,1024,1357,1024,827,2,False,False,False,False,False,0,False,False,False,False,85,,47.388,,8537,,10044,,47.388,,True,3.95,3.95,3.95,3.95,3.95,3.95,3.95,3.95,3.95,3.95,3.95,3.95,0,,False,False,True,,,,,,,,,,,,,,,False,False,19.21,,92.4,,75.7,,92.4,,1627,62,14,18,8,141209.7,18827.96,,Idle,,20,,10,,,20,Go Home,False,False,False,False,False,False,False,False,False,False,False,False,33.8027920380556,-117.4659261431046,1803.6,2972.0,1049.4,396.9,True,1,1,False,False,False,False,,True,False,False,Course Lock,196.8,67,16.4,93,E,SW,5.81,11.4,Calm,False,False,Android,7.0.2,M300 RTK,1ZN7L4R0H1D00F,1W9DL31001461C,1ZMLH8300204F0,1Z6PH74DAP0QN7,"Corona, CA",728.3,5.7,137.7,8.547347,2.013246,0,0,DJI Matrice 300 RTK,M300 RTK,1ZN7L4R0H1D00F,1W9DL31001461C,1ZMLH8300204F0,1Z6PH74DAP0QN7,DJI Pilot,Android,7.0.2,1EF72A62-B7C3-C88D-164E-CE6F8C8424AE,1ZN7L4R0H1D00F,1W9DL31001461C,,1ZMLH8300204F0,1W9DL31001461C,,,,,
2023-11-01,11:28:59.94 AM,4m 37.6s,277.6,33.8014489618727,-117.4716549767927,137.7,137.7,18.3,1402,2066.8,6.170873,6.94893,-4.250186,2.23694,-4.47388,1.342164,0,0,-0.1,-2.3,2.3,-132.1,227.9,225.8,Tripod,Other,,22,5,True,,True,False,,Smart,RC,False,True,False,,,True,,False,False,False,False,False,False,False,False,False,False,0,Follow Yaw,-77.9,0,-141.6,218.4,False,False,False,False,False,,0,0,False,False,No Card,100,100,1024,1357,1024,827,2,False,False,False,False,False,0,False,False,False,False,85,,47.388,,8537,,10044,,47.388,,True,3.95,3.95,3.95,3.95,3.95,3.95,3.95,3.95,3.95,3.95,3.95,3.95,0,,False,False,True,,,,,,,,,,,,,,,False,False,19.21,,92.4,,75.7,,92.4,,1627,62,14,18,8,141209.7,18827.96,,Idle,,20,,10,,,20,Go Home,False,False,False,False,False,False,False,False,False,False,False,False,33.8027920380556,-117.4659261431046,1804.4,2972.0,1049.4,396.9,True,1,1,False,False,False,False,,True,False,False,Course Lock,196.8,67,16.4,93,E,SW,5.81,11.4,Calm,False,False,Android,7.0.2,M300 RTK,1ZN7L4R0H1D00F,1W9DL31001461C,1ZMLH8300204F0,1Z6PH74DAP0QN7,"Corona, CA",728.3,5.7,137.7,8.547347,2.013246,0,0,DJI Matrice 300 RTK,M300 RTK,1ZN7L4R0H1D00F,1W9DL31001461C,1ZMLH8300204F0,1Z6PH74DAP0QN7,DJI Pilot,Android,7.0.2,1EF72A62-B7C3-C88D-164E-CE6F8C8424AE,1ZN7L4R0H1D00F,1W9DL31001461C,,1ZMLH8300204F0,1W9DL31001461C,,,,,
2023-11-01,11:29:00.04 AM,4m 37.7s,277.7,33.8014472129286,-117.4716568434972,137.7,137.7,18.3,1402,2067.6,6.170873,6.94893,-4.250186,2.23694,-4.47388,1.342164,0,0,-0.3,-2,2,-132.6,227.4,221.5,Tripod,Other,,22,5,True,,True,False,,Smart,RC,False,True,False,,,True,,False,False,False,False,False,False,False,False,False,False,0,Follow Yaw,-77.9,0,-142,218,False,False,False,False,False,,0,0,False,False,No Card,100,100,1024,1353,1024,842,2,False,False,False,False,False,0,False,False,False,False,85,,47.388,,8537,,10044,,47.388,,True,3.95,3.95,3.95,3.95,3.95,3.95,3.95,3.95,3.95,3.95,3.95,3.95,0,,False,False,True,,,,,,,,,,,,,,,False,False,19.21,,92.4,,75.7,,92.4,,1627,62,14,18,8,141209.7,18827.96,,Idle,,20,,10,,,20,Go Home,False,False,False,False,False,False,False,False,False,False,False,False,33.8027920380556,-117.4659261431046,1805.1,2972.0,1049.4,396.9,True,1,1,False,False,False,False,,True,False,False,Course Lock,196.8,67,16.4,93,E,SW,5.81,11.4,Calm,False,False,Android,7.0.2,M300 RTK,1ZN7L4R0H1D00F,1W9DL31001461C,1ZMLH8300204F0,1Z6PH74DAP0QN7,"Corona, CA",728.3,5.7,137.7,8.547347,2.013246,0,0,DJI Matrice 300 RTK,M300 RTK,1ZN7L4R0H1D00F,1W9DL31001461C,1ZMLH8300204F0,1Z6PH74DAP0QN7,DJI Pilot,Android,7.0.2,1EF72A62-B7C3-C88D-164E-CE6F8C8424AE,1ZN7L4R0H1D00F,1W9DL31001461C,,1ZMLH8300204F0,1W9DL31001461C,,,,,
2023-11-01,11:29:00.14 AM,4m 37.8s,277.8,33.8014454031277,-117.4716590324795,137.7,137.7,18.3,1402,2068.6,6.170873,6.94893,-4.250186,2.23694,-4.47388,1.342164,0,0,-0.7,-2.1,2.2,-133.1,226.9,225.1,Tripod,Other,,22,5,True,,True,False,,Smart,RC,False,True,False,,,True,,False,False,False,False,False,False,False,False,False,False,0,Follow Yaw,-77.9,0,-142.4,217.6,False,False,False,False,False,,0,0,False,False,No Card,100,100,1024,1353,1024,842,2,False,False,False,False,False,0,False,False,False,False,85,,47.388,,8537,,10044,,47.388,,True,3.95,3.95,3.95,3.95,3.95,3.95,3.95,3.95,3.95,3.95,3.95,3.95,0,,False,False,True,,,,,,,,,,,,,,,False,False,19.21,,92.4,,75.7,,92.4,,1627,62,14,18,8,141209.7,18827.96,,Idle,,20,,10,,,20,Go Home,False,False,False,False,False,False,False,False,False,False,False,False,33.8027920380556,-117.4659261431046,1806.0,2972.0,1049.4,396.9,True,1,1,False,False,False,False,,True,False,False,Course Lock,196.8,67,16.4,93,E,SW,5.81,11.4,Calm,False,False,Android,7.0.2,M300 RTK,1ZN7L4R0H1D00F,1W9DL31001461C,1ZMLH8300204F0,1Z6PH74DAP0QN7,"Corona, CA",728.3,5.7,137.7,8.547347,2.013246,0,0,DJI Matrice 300 RTK,M300 RTK,1ZN7L4R0H1D00F,1W9DL31001461C,1ZMLH8300204F0,1Z6PH74DAP0QN7,DJI Pilot,Android,7.0.2,1EF72A62-B7C3-C88D-164E-CE6F8C8424AE,1ZN7L4R0H1D00F,1W9DL31001461C,,1ZMLH8300204F0,1W9DL31001461C,,,,,
2023-11-01,11:29:00.23 AM,4m 37.9s,277.9,33.8014434310424,-117.4716614804056,137.7,137.7,18.3,1402,2069.6,6.170873,6.94893,-4.250186,2.23694,-4.47388,1.342164,0,0,-1.1,-2.4,2.6,-133.6,226.4,225.8,Tripod,Other,,22,5,True,,True,False,,Smart,RC,False,True,False,,,True,,False,False,False,False,False,False,False,False,False,False,0,Follow Yaw,-77.9,0,-142.8,217.2,False,False,False,False,False,,0,0,False,False,No Card,100,100,1024,1350,1024,833,2,False,False,False,False,False,0,False,False,False,False,85,,47.388,,8537,,10044,,47.388,,True,3.95,3.95,3.95,3.95,3.95,3.95,3.95,3.95,3.95,3.95,3.95,3.95,0,,False,False,True,,,,,,,,,,,,,,,False,False,19.21,,92.4,,75.7,,92.4,,1627,62,14,18,8,141209.7,18827.96,,Idle,,20,,10,,,20,Go Home,False,False,False,False,False,False,False,False,False,False,False,False,33.8027920380556,-117.4659261431046,1806.9,2972.0,1049.4,396.9,True,1,1,False,False,False,False,,True,False,False,Course Lock,196.8,67,16.4,93,E,SW,5.81,11.4,Calm,False,False,Android,7.0.2,M300 RTK,1ZN7L4R0H1D00F,1W9DL31001461C,1ZMLH8300204F0,1Z6PH74DAP0QN7,"Corona, CA",728.3,5.7,137.7,8.547347,2.013246,0,0,DJI Matrice 300 RTK,M300 RTK,1ZN7L4R0H1D00F,1W9DL31001461C,1ZMLH8300204F0,1Z6PH74DAP0QN7,DJI Pilot,Android,7.0.2,1EF72A62-B7C3-C88D-164E-CE6F8C8424AE,1ZN7L4R0H1D00F,1W9DL31001461C,,1ZMLH8300204F0,1W9DL31001461C,,,,,
2023-11-01,11:29:00.34 AM,4m 38.0s,278.0,33.8014415888943,-117.4716636716971,137.7,137.7,18.3,1402,2070.5,6.327021,6.94893,-4.47388,2.23694,-4.47388,1.342164,0,0,-1.3,-2.9,3.1,-134,226,224.6,Tripod,Other,,22,5,True,,True,False,,Smart,RC,False,True,False,,,True,,False,False,False,False,False,False,False,False,False,False,0,Follow Yaw,-77.9,0,-143.2,216.8,False,False,False,False,False,,0,0,False,False,No Card,100,100,1024,1345,1024,826,2,False,False,False,False,False,0,False,False,False,False,85,,47.436,,8537,,10044,,47.436,,True,3.95,3.95,3.95,3.95,3.95,3.95,3.95,3.95,3.95,3.95,3.95,3.95,0,,False,False,True,,,,,,,,,,,,,,,False,False,18.628,,92.4,,75.7,,92.4,,1627,62,14,18,8,141209.7,18827.96,,Idle,,20,,10,,,20,Go Home,False,False,False,False,False,False,False,False,False,False,False,False,33.8027920380556,-117.4659261431046,1807.7,2972.0,1049.4,396.9,True,1,1,False,False,False,False,,True,False,False,Course Lock,196.8,67,16.4,93,E,SW,5.81,11.4,Calm,False,False,Android,7.0.2,M300 RTK,1ZN7L4R0H1D00F,1W9DL31001461C,1ZMLH8300204F0,1Z6PH74DAP0QN7,"Corona, CA",728.3,5.7,137.7,8.547347,2.013246,0,0,DJI Matrice 300 RTK,M300 RTK,1ZN7L4R0H1D00F,1W9DL31001461C,1ZMLH8300204F0,1Z6PH74DAP0QN7,DJI Pilot,Android,7.0.2,1EF72A62-B7C3-C88D-164E-CE6F8C8424AE,1ZN7L4R0H1D00F,1W9DL31001461C,,1ZMLH8300204F0,1W9DL31001461C,,,,,
2023-11-01,11:29:00.44 AM,4m 38.1s,278.1,33.8014396579284,-117.4716659108188,137.7,137.7,18.3,1402,2071.5,6.170873,6.94893,-4.47388,2.23694,-4.250186,1.342164,0,0,-1.2,-3.1,3.3,-134.4,225.6,223.9,Tripod,Other,,22,5,True,,True,False,,Smart,RC,False,True,False,,,True,,False,False,False,False,False,False,False,False,False,False,0,Follow Yaw,-77.9,0,-143.7,216.3,False,False,False,False,False,,0,0,False,False,No Card,100,100,1024,1344,1024,855,2,False,False,False,False,False,0,False,False,False,False,85,,47.436,,8537,,10044,,47.436,,True,3.95,3.95,3.95,3.95,3.95,3.95,3.95,3.95,3.95,3.95,3.95,3.95,0,,False,False,True,,,,,,,,,,,,,,,False,False,18.628,,92.4,,75.7,,92.4,,1627,62,14,18,8,141209.7,18827.96,,Idle,,20,,10,,,20,Go Home,False,False,False,False,False,False,False,False,False,False,False,False,33.8027920380556,-117.4659261431046,1808.5,2972.0,1049.4,396.9,True,1,1,False,False,False,False,,True,False,False,Course Lock,196.8,67,16.4,93,E,SW,5.59,11.4,Calm,False,False,Android,7.0.2,M300 RTK,1ZN7L4R0H1D00F,1W9DL31001461C,1ZMLH8300204F0,1Z6PH74DAP0QN7,"Corona, CA",728.3,5.7,137.7,8.547347,2.013246,0,0,DJI Matrice 300 RTK,M300 RTK,1ZN7L4R0H1D00F,1W9DL31001461C,1ZMLH8300204F0,1Z6PH74DAP0QN7,DJI Pilot,Android,7.0.2,1EF72A62-B7C3-C88D-164E-CE6F8C8424AE,1ZN7L4R0H1D00F,1W9DL31001461C,,1ZMLH8300204F0,1W9DL31001461C,,,,,
2023-11-01,11:29:00.54 AM,4m 38.2s,278.2,33.8014377735644,-117.47166807836,137.7,137.7,18.3,1402,2072.5,6.170873,6.94893,-4.47388,2.23694,-4.250186,1.342164,0,0,-1,-3,3.1,-134.9,225.1,223.7,Tripod,Other,,22,5,True,,True,False,,Smart,RC,False,True,False,,,True,,False,False,False,False,False,False,False,False,False,False,0,Follow Yaw,-77.9,0,-144.1,215.9,False,False,False,False,False,,0,0,False,False,No Card,100,100,1024,1344,1024,855,2,False,False,False,False,False,0,False,False,False,False,85,,47.436,,8537,,10044,,47.436,,True,3.95,3.95,3.95,3.95,3.95,3.95,3.95,3.95,3.95,3.95,3.95,3.95,0,,False,False,True,,,,,,,,,,,,,,,False,False,18.628,,92.4,,75.7,,92.4,,1627,62,14,18,8,141209.7,18827.96,,Idle,,20,,10,,,20,Go Home,False,False,False,False,False,False,False,False,False,False,False,False,33.8027920380556,-117.4659261431046,1809.4,2972.0,1049.4,396.9,True,1,1,False,False,False,False,,True,False,False,Course Lock,196.8,67,16.4,93,E,SW,5.59,11.4,Calm,False,False,Android,7.0.2,M300 RTK,1ZN7L4R0H1D00F,1W9DL31001461C,1ZMLH8300204F0,1Z6PH74DAP0QN7,"Corona, CA",728.3,5.7,137.7,8.547347,2.013246,0,0,DJI Matrice 300 RTK,M300 RTK,1ZN7L4R0H1D00F,1W9DL31001461C,1ZMLH8300204F0,1Z6PH74DAP0QN7,DJI Pilot,Android,7.0.2,1EF72A62-B7C3-C88D-164E-CE6F8C8424AE,1ZN7L4R0H1D00F,1W9DL31001461C,,1ZMLH8300204F0,1W9DL31001461C,,,,,
2023-11-01,11:29:00.64 AM,4m 38.3s,278.3,33.8014359769217,-117.4716703686107,137.7,137.7,18.3,1402,2073.4,6.170873,6.94893,-4.47388,2.23694,-4.250186,1.342164,0,0,-0.8,-2.9,3,-135.3,224.7,226.6,Tripod,Other,,22,5,True,,True,False,,Smart,RC,False,True,False,,,True,,False,False,False,False,False,False,False,False,False,False,0,Follow Yaw,-77.9,0,-144.5,215.5,False,False,False,False,False,,0,0,False,False,No Card,100,100,1024,1346,1024,908,2,False,False,False,False,False,0,False,False,False,False,85,,47.436,,8537,,10044,,47.436,,True,3.948,3.948,3.948,3.948,3.948,3.948,3.948,3.948,3.948,3.948,3.948,3.948,0,,False,False,True,,,,,,,,,,,,,,,False,False,18.628,,92.4,,75.7,,92.4,,1627,62,14,18,8,141593.5,18879.14,,Idle,,20,,10,,,20,Go Home,False,False,False,False,False,False,False,False,False,False,False,False,33.8027920380556,-117.4659261431046,1810.2,2972.0,1049.4,396.9,True,1,1,False,False,False,False,,True,False,False,Course Lock,196.8,67,16.4,93,E,SW,5.59,11.4,Calm,False,False,Android,7.0.2,M300 RTK,1ZN7L4R0H1D00F,1W9DL31001461C,1ZMLH8300204F0,1Z6PH74DAP0QN7,"Corona, CA",728.3,5.7,137.7,8.547347,2.013246,0,0,DJI Matrice 300 RTK,M300 RTK,1ZN7L4R0H1D00F,1W9DL31001461C,1ZMLH8300204F0,1Z6PH74DAP0QN7,DJI Pilot,Android,7.0.2,1EF72A62-B7C3-C88D-164E-CE6F8C8424AE,1ZN7L4R0H1D00F,1W9DL31001461C,,1ZMLH8300204F0,1W9DL31001461C,,,,,
2023-11-01,11:29:00.75 AM,4m 38.4s,278.4,33.8014340766582,-117.4716725127314,137.7,137.7,18.3,1402,2074.4,6.170873,6.94893,-4.47388,2.23694,-4.250186,1.342164,0,0,-0.8,-2.3,2.4,-135.7,224.3,223.1,Tripod,Other,,22,5,True,,True,False,,Smart,RC,False,True,False,,,True,,False,False,False,False,False,False,False,False,False,False,0,Follow Yaw,-77.9,0,-144.7,215.3,False,False,False,False,False,,0,0,False,False,No Card,100,100,1024,1344,1024,914,2,False,False,False,False,False,0,False,False,False,False,85,,47.436,,8537,,10044,,47.436,,True,3.948,3.948,3.948,3.948,3.948,3.948,3.948,3.948,3.948,3.948,3.948,3.948,0,,False,False,True,,,,,,,,,,,,,,,False,False,18.628,,92.4,,75.7,,92.4,,1627,62,14,18,8,141593.5,18879.14,,Idle,,20,,10,,,20,Go Home,False,False,False,False,False,False,False,False,False,False,False,False,33.8027920380556,-117.4659261431046,1811.0,2972.0,1049.4,396.9,True,1,1,False,False,False,False,,True,False,False,Course Lock,196.8,67,16.4,93,E,SW,5.59,11.4,Calm,False,False,Android,7.0.2,M300 RTK,1ZN7L4R0H1D00F,1W9DL31001461C,1ZMLH8300204F0,1Z6PH74DAP0QN7,"Corona, CA",728.3,5.7,137.7,8.547347,2.013246,0,0,DJI Matrice 300 RTK,M300 RTK,1ZN7L4R0H1D00F,1W9DL31001461C,1ZMLH8300204F0,1Z6PH74DAP0QN7,DJI Pilot,Android,7.0.2,1EF72A62-B7C3-C88D-164E-CE6F8C8424AE,1ZN7L4R0H1D00F,1W9DL31001461C,,1ZMLH8300204F0,1W9DL31001461C,,,,,
2023-11-01,11:29:00.85 AM,4m 38.5s,278.5,33.8014321659779,-117.4716745143506,137.7,137.7,18.3,1402,2075.3,6.170873,6.94893,-4.47388,2.23694,-4.250186,1.342164,0,0,-0.9,-2,2.1,-136.1,223.9,221.0,Tripod,Other,,22,5,True,,True,False,,Smart,RC,False,True,False,,,True,,False,False,False,False,False,False,False,False,False,False,0,Follow Yaw,-77.9,0,-144.9,215.1,False,False,False,False,False,,0,0,False,False,No Card,100,100,1024,1348,1024,914,2,False,False,False,False,False,0,False,False,False,False,85,,47.436,,8537,,10044,,47.436,,True,3.948,3.948,3.948,3.948,3.948,3.948,3.948,3.948,3.948,3.948,3.948,3.948,0,,False,False,True,,,,,,,,,,,,,,,False,False,18.628,,92.4,,75.7,,92.4,,1627,62,14,18,8,141593.5,18879.14,,Idle,,20,,10,,,20,Go Home,False,False,False,False,False,False,False,False,False,False,False,False,33.8027920380556,-117.4659261431046,1811.8,2972.0,1049.4,396.9,True,1,1,False,False,False,False,,True,False,False,Course Lock,196.8,67,16.4,93,E,SW,5.59,11.4,Calm,False,False,Android,7.0.2,M300 RTK,1ZN7L4R0H1D00F,1W9DL31001461C,1ZMLH8300204F0,1Z6PH74DAP0QN7,"Corona, CA",728.3,5.7,137.7,8.547347,2.013246,0,0,DJI Matrice 300 RTK,M300 RTK,1ZN7L4R0H1D00F,1W9DL31001461C,1ZMLH8300204F0,1Z6PH74DAP0QN7,DJI Pilot,Android,7.0.2,1EF72A62-B7C3-C88D-164E-CE6F8C8424AE,1ZN7L4R0H1D00F,1W9DL31001461C,,1ZMLH8300204F0,1W9DL31001461C,,,,,
2023-11-01,11:29:00.95 AM,4m 38.6s,278.6,33.8014302525562,-117.4716766258148,137.7,137.7,18.3,1402,2076.2,6.170873,6.94893,-4.47388,2.23694,-4.250186,1.342164,0,0,-0.9,-1.9,2.1,-136.4,223.6,222.5,Tripod,Other,,22,5,True,,True,False,,Smart,RC,False,True,False,,,True,,False,False,False,False,False,False,False,False,False,False,0,Follow Yaw,-77.9,0,-145.1,214.9,False,False,False,False,False,,0,0,False,False,No Card,100,100,1024,1353,1024,928,2,False,False,False,False,False,0,False,False,False,False,85,,47.436,,8537,,10044,,47.436,,True,3.948,3.948,3.948,3.948,3.948,3.948,3.948,3.948,3.948,3.948,3.948,3.948,0,,False,False,True,,,,,,,,,,,,,,,False,False,18.628,,92.4,,75.7,,92.4,,1627,62,14,18,8,141593.5,18879.14,,Idle,,20,,10,,,20,Go Home,False,False,False,False,False,False,False,False,False,False,False,False,33.8027920380556,-117.4659261431046,1812.6,2972.0,1049.4,396.9,True,1,1,False,False,False,False,,True,False,False,Course Lock,196.8,67,16.4,93,E,SW,5.59,11.4,Calm,False,False,Android,7.0.2,M300 RTK,1ZN7L4R0H1D00F,1W9DL31001461C,1ZMLH8300204F0,1Z6PH74DAP0QN7,"Corona, CA",728.3,5.7,137.7,8.547347,2.013246,0,0,DJI Matrice 300 RTK,M300 RTK,1ZN7L4R0H1D00F,1W9DL31001461C,1ZMLH8300204F0,1Z6PH74DAP0QN7,DJI Pilot,Android,7.0.2,1EF72A62-B7C3-C88D-164E-CE6F8C8424AE,1ZN7L4R0H1D00F,1W9DL31001461C,,1ZMLH8300204F0,1W9DL31001461C,,,,,
2023-11-01,11:29:01.06 AM,4m 38.7s,278.7,33.8014282777296,-117.4716788989126,137.7,137.7,18.3,1402,2077.2,6.170873,6.94893,-4.47388,2.23694,-4.250186,1.342164,0,0,-0.9,-2.1,2.2,-136.6,223.4,223.7,Tripod,Other,,22,5,True,,True,False,,Smart,RC,False,True,False,,,True,,False,False,False,False,False,False,False,False,False,False,0,Follow Yaw,-77.9,0,-145.3,214.7,False,False,False,False,False,,0,0,False,False,No Card,100,100,1024,1353,1024,928,2,False,False,False,False,False,0,False,False,False,False,85,,47.388,,4238,,4986,,47.388,,True,3.948,3.948,3.948,3.948,3.948,3.948,3.948,3.948,3.948,3.948,3.948,3.948,0,,False,False,True,,,,,,,,,,,,,,,False,False,9.408,,92.4,,75.7,,92.4,,1627,62,14,18,8,141593.5,18879.14,,Idle,,20,,10,,,20,Go Home,False,False,False,False,False,False,False,False,False,False,False,False,33.8027920380556,-117.4659261431046,1813.5,2972.0,1049.4,396.9,True,1,1,False,False,False,False,,True,False,False,Course Lock,196.8,67,16.4,93,E,SW,5.59,11.4,Calm,False,False,Android,7.0.2,M300 RTK,1ZN7L4R0H1D00F,1W9DL31001461C,1ZMLH8300204F0,1Z6PH74DAP0QN7,"Corona, CA",728.3,5.7,137.7,8.547347,2.013246,0,0,DJI Matrice 300 RTK,M300 RTK,1ZN7L4R0H1D00F,1W9DL31001461C,1ZMLH8300204F0,1Z6PH74DAP0QN7,DJI Pilot,Android,7.0.2,1EF72A62-B7C3-C88D-164E-CE6F8C8424AE,1ZN7L4R0H1D00F,1W9DL31001461C,,1ZMLH8300204F0,1W9DL31001461C,,,,,
2023-11-01,11:29:01.16 AM,4m 38.8s,278.8,33.8014263527944,-117.471681014665,137.7,137.7,18.3,1402,2078.2,6.170873,6.94893,-4.47388,2.23694,-4.250186,1.342164,0,0,-0.8,-2.2,2.3,-136.8,223.2,222.4,Tripod,Other,,22,5,True,,True,False,,Smart,RC,False,True,False,,,True,,False,False,False,False,False,False,False,False,False,False,0,Follow Yaw,-77.9,0,-145.5,214.5,False,False,False,False,False,,0,0,False,False,No Card,100,100,1024,1346,1024,962,2,False,False,False,False,False,0,False,False,False,False,85,,47.388,,4238,,4986,,47.388,,True,3.948,3.948,3.948,3.948,3.948,3.948,3.948,3.948,3.948,3.948,3.948,3.948,0,,False,False,True,,,,,,,,,,,,,,,False,False,9.408,,92.4,,75.7,,92.4,,1627,62,14,18,8,141593.5,18879.14,,Idle,,20,,10,,,20,Go Home,False,False,False,False,False,False,False,False,False,False,False,False,33.8027920380556,-117.4659261431046,1814.3,2972.0,1049.4,396.9,True,1,1,False,False,False,False,,True,False,False,Course Lock,196.8,67,16.4,93,E,SW,5.59,11.4,Calm,False,False,Android,7.0.2,M300 RTK,1ZN7L4R0H1D00F,1W9DL31001461C,1ZMLH8300204F0,1Z6PH74DAP0QN7,"Corona, CA",728.3,5.7,137.7,8.547347,2.013246,0,0,DJI Matrice 300 RTK,M300 RTK,1ZN7L4R0H1D00F,1W9DL31001461C,1ZMLH8300204F0,1Z6PH74DAP0QN7,DJI Pilot,Android,7.0.2,1EF72A62-B7C3-C88D-164E-CE6F8C8424AE,1ZN7L4R0H1D00F,1W9DL31001461C,,1ZMLH8300204F0,1W9DL31001461C,,,,,
2023-11-01,11:29:01.26 AM,4m 38.9s,278.9,33.8014245978194,-117.4716831940812,137.7,137.7,18.3,1402,2079.1,6.170873,6.94893,-4.47388,2.23694,-4.250186,1.342164,0,0,-0.6,-2,2,-136.9,223.1,225.9,Tripod,Other,,22,5,True,,True,False,,Smart,RC,False,True,False,,,True,,False,False,False,False,False,False,False,False,False,False,0,Follow Yaw,-77.9,0,-145.6,214.4,False,False,False,False,False,,0,0,False,False,No Card,100,100,1024,1354,1024,997,2,False,False,False,False,False,0,False,False,False,False,85,,47.388,,4238,,4986,,47.388,,True,3.948,3.948,3.948,3.948,3.948,3.948,3.948,3.948,3.948,3.948,3.948,3.948,0,,False,False,True,,,,,,,,,,,,,,,False,False,9.408,,92.4,,75.7,,92.4,,1627,62,14,18,8,141593.5,18879.14,,Idle,,20,,10,,,20,Go Home,False,False,False,False,False,False,False,False,False,False,False,False,33.8027920380556,-117.4659261431046,1815.1,2972.0,1049.4,396.9,True,1,1,False,False,False,False,,True,False,False,Course Lock,196.8,67,16.4,93,E,SW,5.59,11.4,Calm,False,False,Android,7.0.2,M300 RTK,1ZN7L4R0H1D00F,1W9DL31001461C,1ZMLH8300204F0,1Z6PH74DAP0QN7,"Corona, CA",728.3,5.7,137.7,8.547347,2.013246,0,0,DJI Matrice 300 RTK,M300 RTK,1ZN7L4R0H1D00F,1W9DL31001461C,1ZMLH8300204F0,1Z6PH74DAP0QN7,DJI Pilot,Android,7.0.2,1EF72A62-B7C3-C88D-164E-CE6F8C8424AE,1ZN7L4R0H1D00F,1W9DL31001461C,,1ZMLH8300204F0,1W9DL31001461C,,,,,
2023-11-01,11:29:01.36 AM,4m 39.0s,279.0,33.8014226789152,-117.4716853052155,137.7,137.7,18.3,1402,2080.1,6.170873,6.94893,-4.47388,2.23694,-4.250186,1.342164,0,0,-0.6,-1.7,1.8,-137,223,222.4,Tripod,Other,,22,5,True,,True,False,,Smart,RC,False,True,False,,,True,,False,False,False,False,False,False,False,False,False,False,0,Follow Yaw,-77.9,0,-145.7,214.3,False,False,False,False,False,,0,0,False,False,No Card,100,100,1024,1352,1024,1024,2,False,False,False,False,False,0,False,False,False,False,85,,47.412,,8537,,10044,,47.412,,True,3.948,3.948,3.948,3.948,3.948,3.948,3.948,3.948,3.948,3.948,3.948,3.948,0,,False,False,True,,,,,,,,,,,,,,,False,False,19.042,,92.4,,75.7,,92.4,,1627,62,14,18,8,141593.5,18879.14,,Idle,,20,,10,,,20,Go Home,False,False,False,False,False,False,False,False,False,False,False,False,33.8027920380556,-117.4659261431046,1815.9,2972.0,1049.4,396.9,True,1,1,False,False,False,False,,True,False,False,Course Lock,196.8,67,16.4,93,E,SW,5.59,11.4,Calm,False,False,Android,7.0.2,M300 RTK,1ZN7L4R0H1D00F,1W9DL31001461C,1ZMLH8300204F0,1Z6PH74DAP0QN7,"Corona, CA",728.3,5.7,137.7,8.547347,2.013246,0,0,DJI Matrice 300 RTK,M300 RTK,1ZN7L4R0H1D00F,1W9DL31001461C,1ZMLH8300204F0,1Z6PH74DAP0QN7,DJI Pilot,Android,7.0.2,1EF72A62-B7C3-C88D-164E-CE6F8C8424AE,1ZN7L4R0H1D00F,1W9DL31001461C,,1ZMLH8300204F0,1W9DL31001461C,,,,,
2023-11-01,11:29:01.47 AM,4m 39.1s,279.1,33.8014206317184,-117.4716874067838,137.7,137.7,18.3,1402,2081.0,6.170873,6.94893,-4.47388,2.23694,-4.250186,1.342164,0,0,-0.7,-1.4,1.5,-137.2,222.8,220.4,Tripod,Other,,22,5,True,,True,False,,Smart,RC,False,True,False,,,True,,False,False,False,False,False,False,False,False,False,False,0,Follow Yaw,-77.9,0,-145.7,214.3,False,False,False,False,False,,0,0,False,False,No Card,100,100,1024,1350,1024,1024,2,False,False,False,False,False,0,False,False,False,False,85,,47.412,,8537,,10044,,47.412,,True,3.948,3.948,3.948,3.948,3.948,3.948,3.948,3.948,3.948,3.948,3.948,3.948,0,,False,False,True,,,,,,,,,,,,,,,False,False,19.042,,92.4,,75.7,,92.4,,1627,62,14,18,8,141593.5,18879.14,,Idle,,20,,10,,,20,Go Home,False,False,False,False,False,False,False,False,False,False,False,False,33.8027920380556,-117.4659261431046,1816.7,2972.0,1049.4,396.9,True,1,1,False,False,False,False,,True,False,False,Course Lock,196.8,67,16.4,93,E,SW,5.59,11.4,Calm,False,False,Android,7.0.2,M300 RTK,1ZN7L4R0H1D00F,1W9DL31001461C,1ZMLH8300204F0,1Z6PH74DAP0QN7,"Corona, CA",728.3,5.7,137.7,8.547347,2.013246,0,0,DJI Matrice 300 RTK,M300 RTK,1ZN7L4R0H1D00F,1W9DL31001461C,1ZMLH8300204F0,1Z6PH74DAP0QN7,DJI Pilot,Android,7.0.2,1EF72A62-B7C3-C88D-164E-CE6F8C8424AE,1ZN7L4R0H1D00F,1W9DL31001461C,,1ZMLH8300204F0,1W9DL31001461C,,,,,
2023-11-01,11:29:01.57 AM,4m 39.2s,279.2,33.801418701849,-117.4716895386995,137.7,137.7,18.3,1402,2082.0,6.170873,6.94893,-4.47388,2.23694,-4.250186,1.342164,0,0,-0.6,-1.5,1.6,-137.6,222.4,222.5,Tripod,Other,,22,5,True,,True,False,,Smart,RC,False,True,False,,,True,,False,False,False,False,False,False,False,False,False,False,0,Follow Yaw,-77.9,0,-145.7,214.3,False,False,False,False,False,,0,0,False,False,No Card,100,100,1024,1350,1024,1024,2,False,False,False,False,False,0,False,False,False,False,85,,47.412,,8537,,10044,,47.412,,True,3.948,3.948,3.948,3.948,3.948,3.948,3.948,3.948,3.948,3.948,3.948,3.948,0,,False,False,True,,,,,,,,,,,,,,,False,False,19.042,,92.4,,75.7,,92.4,,1627,62,14,18,8,141593.5,18879.14,,Idle,,20,,10,,,20,Go Home,False,False,False,False,False,False,False,False,False,False,False,False,33.8027920380556,-117.4659261431046,1817.5,2972.0,1049.4,396.9,True,1,1,False,False,False,False,,True,False,False,Course Lock,196.8,67,16.4,93,E,SW,5.59,11.4,Calm,False,False,Android,7.0.2,M300 RTK,1ZN7L4R0H1D00F,1W9DL31001461C,1ZMLH8300204F0,1Z6PH74DAP0QN7,"Corona, CA",728.3,5.7,137.7,8.547347,2.013246,0,0,DJI Matrice 300 RTK,M300 RTK,1ZN7L4R0H1D00F,1W9DL31001461C,1ZMLH8300204F0,1Z6PH74DAP0QN7,DJI Pilot,Android,7.0.2,1EF72A62-B7C3-C88D-164E-CE6F8C8424AE,1ZN7L4R0H1D00F,1W9DL31001461C,,1ZMLH8300204F0,1W9DL31001461C,,,,,
2023-11-01,11:29:01.67 AM,4m 39.3s,279.3,33.8014168569596,-117.4716915868296,137.7,137.7,18.3,1402,2082.9,6.170873,6.94893,-4.47388,2.23694,-4.250186,1.342164,0,0,-0.4,-1.7,1.7,-137.9,222.1,222.6,Tripod,Other,,22,5,True,,True,False,,Smart,RC,False,True,False,,,True,,False,False,False,False,False,False,False,False,False,False,0,Follow Yaw,-77.9,0,-145.7,214.3,False,False,False,False,False,,0,0,False,False,No Card,100,100,1024,1349,1024,1024,2,False,False,False,False,False,0,False,False,False,False,85,,47.412,,8537,,10044,,47.412,,True,3.95,3.95,3.95,3.95,3.95,3.95,3.95,3.95,3.95,3.95,3.95,3.95,0,,False,False,True,,,,,,,,,,,,,,,False,False,19.042,,92.4,,75.7,,92.4,,1627,62,14,18,8,141838.4,18911.79,,Idle,,20,,10,,,20,Go Home,False,False,False,False,False,False,False,False,False,False,False,False,33.8027920380556,-117.4659261431046,1818.3,2972.0,1049.4,396.9,True,1,1,False,False,False,False,,True,False,False,Course Lock,196.8,67,16.4,93,E,SW,5.59,11.4,Calm,False,False,Android,7.0.2,M300 RTK,1ZN7L4R0H1D00F,1W9DL31001461C,1ZMLH8300204F0,1Z6PH74DAP0QN7,"Corona, CA",728.3,5.7,137.7,8.547347,2.013246,0,0,DJI Matrice 300 RTK,M300 RTK,1ZN7L4R0H1D00F,1W9DL31001461C,1ZMLH8300204F0,1Z6PH74DAP0QN7,DJI Pilot,Android,7.0.2,1EF72A62-B7C3-C88D-164E-CE6F8C8424AE,1ZN7L4R0H1D00F,1W9DL31001461C,,1ZMLH8300204F0,1W9DL31001461C,,,,,
2023-11-01,11:29:01.78 AM,4m 39.4s,279.4,33.8014149270902,-117.4716937078598,137.7,137.7,18.3,1402,2083.9,6.170873,6.94893,-4.47388,2.23694,-4.250186,1.342164,0,0,-0.2,-1.9,1.9,-138.2,221.8,222.4,Tripod,Other,,22,5,True,,True,False,,Smart,RC,False,True,False,,,True,,False,False,False,False,False,False,False,False,False,False,0,Follow Yaw,-77.9,0,-145.7,214.3,False,False,False,False,False,,0,0,False,False,No Card,100,100,1024,1349,1024,1024,2,False,False,False,False,False,0,False,False,False,False,85,,47.412,,8537,,10044,,47.412,,True,3.95,3.95,3.95,3.95,3.95,3.95,3.95,3.95,3.95,3.95,3.95,3.95,0,,False,False,True,,,,,,,,,,,,,,,False,False,19.042,,92.4,,75.7,,92.4,,1627,62,14,18,8,141838.4,18911.79,,Idle,,20,,10,,,20,Go Home,False,False,False,False,False,False,False,False,False,False,False,False,33.8027920380556,-117.4659261431046,1819.1,2972.0,1049.4,396.9,True,1,1,False,False,False,False,,True,False,False,Course Lock,196.8,67,16.4,93,E,SW,5.59,11.4,Calm,False,False,Android,7.0.2,M300 RTK,1ZN7L4R0H1D00F,1W9DL31001461C,1ZMLH8300204F0,1Z6PH74DAP0QN7,"Corona, CA",728.3,5.7,137.7,8.547347,2.013246,0,0,DJI Matrice 300 RTK,M300 RTK,1ZN7L4R0H1D00F,1W9DL31001461C,1ZMLH8300204F0,1Z6PH74DAP0QN7,DJI Pilot,Android,7.0.2,1EF72A62-B7C3-C88D-164E-CE6F8C8424AE,1ZN7L4R0H1D00F,1W9DL31001461C,,1ZMLH8300204F0,1W9DL31001461C,,,,,
2023-11-01,11:29:01.84 AM,4m 39.5s,279.5,33.8014130536914,-117.4716959106965,137.7,137.7,18.3,1402,2084.8,6.170873,6.94893,-4.47388,2.23694,-4.250186,1.342164,0,0,-0.1,-1.9,1.9,-138.2,221.8,224.3,Tripod,Other,,22,5,True,,True,False,,Smart,RC,False,True,False,,,True,,False,False,False,False,False,False,False,False,False,False,0,Follow Yaw,-77.9,0,-145.7,214.3,False,False,False,False,False,,0,0,False,False,No Card,100,100,1024,1349,1024,1024,2,False,False,False,False,False,0,False,False,False,False,85,,47.412,,8537,,10044,,47.412,,True,3.95,3.95,3.95,3.95,3.95,3.95,3.95,3.95,3.95,3.95,3.95,3.95,0,,False,False,True,,,,,,,,,,,,,,,False,False,19.042,,92.4,,75.7,,92.4,,1627,62,14,18,8,141838.4,18911.79,,Idle,,20,,10,,,20,Go Home,False,False,False,False,False,False,False,False,False,False,False,False,33.8027920380556,-117.4659261431046,1819.9,2972.0,1049.4,396.9,True,1,1,False,False,False,False,,True,False,False,Course Lock,196.8,67,16.4,93,E,SW,5.59,11.4,Calm,False,False,Android,7.0.2,M300 RTK,1ZN7L4R0H1D00F,1W9DL31001461C,1ZMLH8300204F0,1Z6PH74DAP0QN7,"Corona, CA",728.3,5.7,137.7,8.547347,2.013246,0,0,DJI Matrice 300 RTK,M300 RTK,1ZN7L4R0H1D00F,1W9DL31001461C,1ZMLH8300204F0,1Z6PH74DAP0QN7,DJI Pilot,Android,7.0.2,1EF72A62-B7C3-C88D-164E-CE6F8C8424AE,1ZN7L4R0H1D00F,1W9DL31001461C,,1ZMLH8300204F0,1W9DL31001461C,,,,,
2023-11-01,11:29:01.94 AM,4m 39.6s,279.6,33.801411123822,-117.4716980053375,137.7,137.7,18.3,1402,2085.8,6.018989,6.94893,-4.47388,2.23694,-4.026492,1.342164,0,0,-0.1,-1.8,1.8,-138.2,221.8,222.0,Tripod,Other,,22,5,True,,True,False,,Smart,RC,False,True,False,,,True,,False,False,False,False,False,False,False,False,False,False,0,Follow Yaw,-77.9,0,-145.7,214.3,False,False,False,False,False,,0,0,False,False,No Card,100,100,1024,1347,1024,1024,2,False,False,False,False,False,0,False,False,False,False,85,,47.412,,8537,,10044,,47.412,,True,3.95,3.95,3.95,3.95,3.95,3.95,3.95,3.95,3.95,3.95,3.95,3.95,0,,False,False,True,,,,,,,,,,,,,,,False,False,19.042,,92.4,,75.7,,92.4,,1627,62,14,18,8,141838.4,18911.79,,Idle,,20,,10,,,20,Go Home,False,False,False,False,False,False,False,False,False,False,False,False,33.8027920380556,-117.4659261431046,1820.7,2972.0,1049.4,396.9,True,1,1,False,False,False,False,,True,False,False,Course Lock,196.8,67,16.4,93,E,SW,5.59,11.4,Calm,False,False,Android,7.0.2,M300 RTK,1ZN7L4R0H1D00F,1W9DL31001461C,1ZMLH8300204F0,1Z6PH74DAP0QN7,"Corona, CA",728.3,5.7,137.7,8.547347,2.013246,0,0,DJI Matrice 300 RTK,M300 RTK,1ZN7L4R0H1D00F,1W9DL31001461C,1ZMLH8300204F0,1Z6PH74DAP0QN7,DJI Pilot,Android,7.0.2,1EF72A62-B7C3-C88D-164E-CE6F8C8424AE,1ZN7L4R0H1D00F,1W9DL31001461C,,1ZMLH8300204F0,1W9DL31001461C,,,,,
2023-11-01,11:29:02.04 AM,4m 39.7s,279.7,33.8014092646778,-117.4716998697329,137.7,137.7,18.3,1402,2086.7,6.018989,6.94893,-4.47388,2.23694,-4.026492,1.342164,0,0,-0.1,-1.3,1.3,-138,222,219.8,Tripod,Other,,22,5,True,,True,False,,Smart,RC,False,True,False,,,True,,False,False,False,False,False,False,False,False,False,False,0,Follow Yaw,-77.9,0,-145.7,214.3,False,False,False,False,False,,0,0,False,False,No Card,100,100,1024,1347,1024,1024,2,False,False,False,False,False,0,False,False,False,False,85,,47.412,,8537,,10044,,47.412,,True,3.95,3.95,3.95,3.95,3.95,3.95,3.95,3.95,3.95,3.95,3.95,3.95,0,,False,False,True,,,,,,,,,,,,,,,False,False,19.042,,92.4,,75.7,,92.4,,1627,62,14,18,8,141838.4,18911.79,,Idle,,20,,10,,,20,Go Home,False,False,False,False,False,False,False,False,False,False,False,False,33.8027920380556,-117.4659261431046,1821.5,2972.0,1049.4,396.9,True,1,1,False,False,False,False,,True,False,False,Course Lock,196.8,67,16.4,93,E,SW,5.59,11.4,Calm,False,False,Android,7.0.2,M300 RTK,1ZN7L4R0H1D00F,1W9DL31001461C,1ZMLH8300204F0,1Z6PH74DAP0QN7,"Corona, CA",728.3,5.7,137.7,8.547347,2.013246,0,0,DJI Matrice 300 RTK,M300 RTK,1ZN7L4R0H1D00F,1W9DL31001461C,1ZMLH8300204F0,1Z6PH74DAP0QN7,DJI Pilot,Android,7.0.2,1EF72A62-B7C3-C88D-164E-CE6F8C8424AE,1ZN7L4R0H1D00F,1W9DL31001461C,,1ZMLH8300204F0,1W9DL31001461C,,,,,
2023-11-01,11:29:02.14 AM,4m 39.8s,279.8,33.8014073518047,-117.4717019063253,137.7,137.7,18.3,1402,2087.6,6.018989,6.94893,-4.47388,2.23694,-4.026492,1.342164,0,0,-0.2,-0.9,0.9,-137.9,222.1,221.4,Tripod,Other,,22,5,True,,True,False,,Smart,RC,False,True,False,,,True,,False,False,False,False,False,False,False,False,False,False,0,Follow Yaw,-77.9,0,-145.7,214.3,False,False,False,False,False,,0,0,False,False,No Card,100,100,1024,1346,1024,953,2,False,False,False,False,False,0,False,False,False,False,85,,47.412,,8537,,10044,,47.412,,True,3.95,3.95,3.95,3.95,3.95,3.95,3.95,3.95,3.95,3.95,3.95,3.95,0,,False,False,True,,,,,,,,,,,,,,,False,False,19.042,,92.4,,75.7,,92.4,,1627,62,14,18,8,141838.4,18911.79,,Idle,,20,,10,,,20,Go Home,False,False,False,False,False,False,False,False,False,False,False,False,33.8027920380556,-117.4659261431046,1822.3,2972.0,1049.4,396.9,True,1,1,False,False,False,False,,True,False,False,Course Lock,196.8,67,16.4,93,E,SW,5.59,11.4,Calm,False,False,Android,7.0.2,M300 RTK,1ZN7L4R0H1D00F,1W9DL31001461C,1ZMLH8300204F0,1Z6PH74DAP0QN7,"Corona, CA",728.3,5.7,137.7,8.547347,2.013246,0,0,DJI Matrice 300 RTK,M300 RTK,1ZN7L4R0H1D00F,1W9DL31001461C,1ZMLH8300204F0,1Z6PH74DAP0QN7,DJI Pilot,Android,7.0.2,1EF72A62-B7C3-C88D-164E-CE6F8C8424AE,1ZN7L4R0H1D00F,1W9DL31001461C,,1ZMLH8300204F0,1W9DL31001461C,,,,,
2023-11-01,11:29:02.24 AM,4m 39.9s,279.9,33.8014053550475,-117.4717038525196,137.7,137.7,18.3,1402,2088.5,6.018989,6.94893,-4.47388,2.23694,-4.026492,1.342164,0,0,-0.3,-0.6,0.6,-137.7,222.3,219.0,Tripod,Other,,22,5,True,,True,False,,Smart,RC,False,True,False,,,True,,False,False,False,False,False,False,False,False,False,False,0,Follow Yaw,-77.9,0,-145.7,214.3,False,False,False,False,False,,0,0,False,False,No Card,100,100,1024,1350,1024,951,2,False,False,False,False,False,0,False,False,False,False,85,,47.412,,8537,,10044,,47.412,,True,3.95,3.95,3.95,3.95,3.95,3.95,3.95,3.95,3.95,3.95,3.95,3.95,0,,False,False,True,,,,,,,,,,,,,,,False,False,19.042,,92.4,,75.7,,92.4,,1627,62,14,18,8,141838.4,18911.79,,Idle,,20,,10,,,20,Go Home,False,False,False,False,False,False,False,False,False,False,False,False,33.8027920380556,-117.4659261431046,1823.0,2972.0,1049.4,396.9,True,1,1,False,False,False,False,,True,False,False,Course Lock,196.8,67,16.4,93,E,SW,5.59,11.4,Calm,False,False,Android,7.0.2,M300 RTK,1ZN7L4R0H1D00F,1W9DL31001461C,1ZMLH8300204F0,1Z6PH74DAP0QN7,"Corona, CA",728.3,5.7,137.7,8.547347,2.013246,0,0,DJI Matrice 300 RTK,M300 RTK,1ZN7L4R0H1D00F,1W9DL31001461C,1ZMLH8300204F0,1Z6PH74DAP0QN7,DJI Pilot,Android,7.0.2,1EF72A62-B7C3-C88D-164E-CE6F8C8424AE,1ZN7L4R0H1D00F,1W9DL31001461C,,1ZMLH8300204F0,1W9DL31001461C,,,,,
2023-11-01,11:29:02.34 AM,4m 40.0s,280.0,33.8014034586218,-117.4717058623854,137.7,137.7,18.3,1402,2089.4,6.018989,6.94893,-4.47388,2.23694,-4.026492,1.342164,0,0,-0.3,-0.8,0.8,-137.7,222.3,221.3,Tripod,Other,,22,5,True,,True,False,,Smart,RC,False,True,False,,,True,,False,False,False,False,False,False,False,False,False,False,0,Follow Yaw,-77.9,0,-145.8,214.2,False,False,False,False,False,,0,0,False,False,No Card,100,100,1024,1343,1024,855,2,False,False,False,False,False,0,False,False,False,False,85,,47.328,,4238,,4986,,47.328,,True,3.95,3.95,3.95,3.95,3.95,3.95,3.95,3.95,3.95,3.95,3.95,3.95,0,,False,False,True,,,,,,,,,,,,,,,False,False,9.616,,92.4,,75.7,,92.4,,1627,62,14,18,8,141838.4,18911.79,,Idle,,20,,10,,,20,Go Home,False,False,False,False,False,False,False,False,False,False,False,False,33.8027920380556,-117.4659261431046,1823.8,2972.0,1049.4,396.9,True,1,1,False,False,False,False,,True,False,False,Course Lock,196.8,67,16.4,93,E,SW,5.59,11.4,Calm,False,False,Android,7.0.2,M300 RTK,1ZN7L4R0H1D00F,1W9DL31001461C,1ZMLH8300204F0,1Z6PH74DAP0QN7,"Corona, CA",728.3,5.7,137.7,8.547347,2.013246,0,0,DJI Matrice 300 RTK,M300 RTK,1ZN7L4R0H1D00F,1W9DL31001461C,1ZMLH8300204F0,1Z6PH74DAP0QN7,DJI Pilot,Android,7.0.2,1EF72A62-B7C3-C88D-164E-CE6F8C8424AE,1ZN7L4R0H1D00F,1W9DL31001461C,,1ZMLH8300204F0,1W9DL31001461C,,,,,
2023-11-01,11:29:02.44 AM,4m 40.1s,280.1,33.8014015106598,-117.4717081747372,137.7,137.7,18.3,1402,2090.4,6.018989,6.94893,-4.47388,2.23694,-4.026492,1.342164,0,0,-0.3,-1,1,-137.7,222.3,224.6,Tripod,Other,,22,5,True,,True,False,,Smart,RC,False,True,False,,,True,,False,False,False,False,False,False,False,False,False,False,0,Follow Yaw,-77.9,0,-146,214,False,False,False,False,False,,0,0,False,False,No Card,100,100,1024,1343,1024,855,2,False,False,False,False,False,0,False,False,False,False,85,,47.328,,4238,,4986,,47.328,,True,3.95,3.95,3.95,3.95,3.95,3.95,3.95,3.95,3.95,3.95,3.95,3.95,0,,False,False,True,,,,,,,,,,,,,,,False,False,9.616,,92.4,,75.7,,92.4,,1627,62,14,18,8,141838.4,18911.79,,Idle,,20,,10,,,20,Go Home,False,False,False,False,False,False,False,False,False,False,False,False,33.8027920380556,-117.4659261431046,1824.7,2972.0,1049.4,396.9,True,1,1,False,False,False,False,,True,False,False,Course Lock,196.8,67,16.4,93,E,SW,5.59,11.4,Calm,False,False,Android,7.0.2,M300 RTK,1ZN7L4R0H1D00F,1W9DL31001461C,1ZMLH8300204F0,1Z6PH74DAP0QN7,"Corona, CA",728.3,5.7,137.7,8.547347,2.013246,0,0,DJI Matrice 300 RTK,M300 RTK,1ZN7L4R0H1D00F,1W9DL31001461C,1ZMLH8300204F0,1Z6PH74DAP0QN7,DJI Pilot,Android,7.0.2,1EF72A62-B7C3-C88D-164E-CE6F8C8424AE,1ZN7L4R0H1D00F,1W9DL31001461C,,1ZMLH8300204F0,1W9DL31001461C,,,,,
2023-11-01,11:29:02.54 AM,4m 40.2s,280.2,33.8013996295854,-117.4717101855925,137.7,137.7,18.3,1402,2091.4,6.018989,6.94893,-4.47388,2.23694,-4.026492,1.342164,0,0,-0.5,-1.3,1.3,-137.7,222.3,221.6,Tripod,Other,,22,5,True,,True,False,,Smart,RC,False,True,False,,,True,,False,False,False,False,False,False,False,False,False,False,0,Follow Yaw,-77.9,0,-146.3,213.7,False,False,False,False,False,,0,0,False,False,No Card,100,100,1024,1343,1024,820,2,False,False,False,False,False,0,False,False,False,False,85,,47.328,,4238,,4986,,47.328,,True,3.95,3.95,3.95,3.95,3.95,3.95,3.95,3.95,3.95,3.95,3.95,3.95,0,,False,False,True,,,,,,,,,,,,,,,False,False,9.616,,92.4,,75.7,,92.4,,1627,62,14,18,8,141838.4,18911.79,,Idle,,20,,10,,,20,Go Home,False,False,False,False,False,False,False,False,False,False,False,False,33.8027920380556,-117.4659261431046,1825.5,2972.0,1049.4,396.9,True,1,1,False,False,False,False,,True,False,False,Course Lock,196.8,67,16.4,93,E,SW,5.59,11.4,Calm,False,False,Android,7.0.2,M300 RTK,1ZN7L4R0H1D00F,1W9DL31001461C,1ZMLH8300204F0,1Z6PH74DAP0QN7,"Corona, CA",728.3,5.7,137.7,8.547347,2.013246,0,0,DJI Matrice 300 RTK,M300 RTK,1ZN7L4R0H1D00F,1W9DL31001461C,1ZMLH8300204F0,1Z6PH74DAP0QN7,DJI Pilot,Android,7.0.2,1EF72A62-B7C3-C88D-164E-CE6F8C8424AE,1ZN7L4R0H1D00F,1W9DL31001461C,,1ZMLH8300204F0,1W9DL31001461C,,,,,
2023-11-01,11:29:02.64 AM,4m 40.3s,280.3,33.8013976591449,-117.471712059554,137.7,137.7,18.3,1402,2092.3,6.018989,6.94893,-4.47388,2.23694,-4.026492,1.342164,0,0,-0.7,-1.8,1.9,-137.9,222.1,218.3,Tripod,Other,,22,5,True,,True,False,,Smart,RC,False,True,False,,,True,,False,False,False,False,False,False,False,False,False,False,0,Follow Yaw,-77.9,0,-146.7,213.3,False,False,False,False,False,,0,0,False,False,No Card,100,100,1024,1349,1024,750,2,False,False,False,False,False,0,False,False,False,False,85,,47.328,,4238,,4986,,47.328,,True,3.951,3.951,3.951,3.951,3.951,3.951,3.951,3.951,3.951,3.951,3.951,3.951,0,,False,False,True,,,,,,,,,,,,,,,False,False,9.616,,92.4,,75.7,,92.4,,1627,63,14,18,8,142077.9,18943.72,,Idle,,20,,10,,,20,Go Home,False,False,False,False,False,False,False,False,False,False,False,False,33.8027920380556,-117.4659261431046,1826.2,2972.0,1049.4,396.9,True,1,1,False,False,False,False,,True,False,False,Course Lock,196.8,67,16.4,93,E,SW,5.59,11.4,Calm,False,False,Android,7.0.2,M300 RTK,1ZN7L4R0H1D00F,1W9DL31001461C,1ZMLH8300204F0,1Z6PH74DAP0QN7,"Corona, CA",728.3,5.7,137.7,8.547347,2.013246,0,0,DJI Matrice 300 RTK,M300 RTK,1ZN7L4R0H1D00F,1W9DL31001461C,1ZMLH8300204F0,1Z6PH74DAP0QN7,DJI Pilot,Android,7.0.2,1EF72A62-B7C3-C88D-164E-CE6F8C8424AE,1ZN7L4R0H1D00F,1W9DL31001461C,,1ZMLH8300204F0,1W9DL31001461C,,,,,
2023-11-01,11:29:02.70 AM,4m 40.4s,280.4,33.8013957736844,-117.4717140252179,137.7,137.7,18.3,1402,2093.2,5.871701,6.94893,-4.47388,2.23694,-3.802798,1.342164,0,0,-0.8,-2.2,2.3,-138.2,221.8,220.9,Tripod,Other,,22,5,True,,True,False,,Smart,RC,False,True,False,,,True,,False,False,False,False,False,False,False,False,False,False,0,Follow Yaw,-77.9,0,-147.2,212.8,False,False,False,False,False,,0,0,False,False,No Card,100,100,1024,1351,1024,747,2,False,False,False,False,False,0,False,False,False,False,85,,47.328,,4238,,4986,,47.328,,True,3.951,3.951,3.951,3.951,3.951,3.951,3.951,3.951,3.951,3.951,3.951,3.951,0,,False,False,True,,,,,,,,,,,,,,,False,False,9.616,,92.4,,75.7,,92.4,,1627,63,14,18,8,142077.9,18943.72,,Idle,,20,,10,,,20,Go Home,False,False,False,False,False,False,False,False,False,False,False,False,33.8027920380556,-117.4659261431046,1827.0,2972.0,1049.4,396.9,True,1,1,False,False,False,False,,True,False,False,Course Lock,196.8,67,16.4,93,E,SW,5.59,11.4,Calm,False,False,Android,7.0.2,M300 RTK,1ZN7L4R0H1D00F,1W9DL31001461C,1ZMLH8300204F0,1Z6PH74DAP0QN7,"Corona, CA",728.3,5.7,137.7,8.547347,2.013246,0,0,DJI Matrice 300 RTK,M300 RTK,1ZN7L4R0H1D00F,1W9DL31001461C,1ZMLH8300204F0,1Z6PH74DAP0QN7,DJI Pilot,Android,7.0.2,1EF72A62-B7C3-C88D-164E-CE6F8C8424AE,1ZN7L4R0H1D00F,1W9DL31001461C,,1ZMLH8300204F0,1W9DL31001461C,,,,,
2023-11-01,11:29:02.84 AM,4m 40.5s,280.5,33.8013940707939,-117.4717160604833,137.7,137.7,18.3,1402,2094.1,5.871701,6.94893,-4.47388,2.23694,-3.802798,1.342164,0,0,-0.8,-2.9,3,-138.5,221.5,224.8,Tripod,Other,,22,5,True,,True,False,,Smart,RC,False,True,False,,,True,,False,False,False,False,False,False,False,False,False,False,0,Follow Yaw,-77.9,0,-147.9,212.1,False,False,False,False,False,,0,0,False,False,No Card,100,100,1024,1352,1024,747,2,False,False,False,False,False,0,False,False,False,False,85,,47.328,,4238,,4986,,47.328,,True,3.951,3.951,3.951,3.951,3.951,3.951,3.951,3.951,3.951,3.951,3.951,3.951,0,,False,False,True,,,,,,,,,,,,,,,False,False,9.616,,92.4,,75.7,,92.4,,1627,63,14,18,8,142077.9,18943.72,,Idle,,20,,10,,,20,Go Home,False,False,False,False,False,False,False,False,False,False,False,False,33.8027920380556,-117.4659261431046,1827.7,2972.0,1049.4,396.9,True,1,1,False,False,False,False,,True,False,False,Course Lock,196.8,67,16.4,93,E,SW,5.59,11.4,Calm,False,False,Android,7.0.2,M300 RTK,1ZN7L4R0H1D00F,1W9DL31001461C,1ZMLH8300204F0,1Z6PH74DAP0QN7,"Corona, CA",728.3,5.7,137.7,8.547347,2.013246,0,0,DJI Matrice 300 RTK,M300 RTK,1ZN7L4R0H1D00F,1W9DL31001461C,1ZMLH8300204F0,1Z6PH74DAP0QN7,DJI Pilot,Android,7.0.2,1EF72A62-B7C3-C88D-164E-CE6F8C8424AE,1ZN7L4R0H1D00F,1W9DL31001461C,,1ZMLH8300204F0,1W9DL31001461C,,,,,
2023-11-01,11:29:02.94 AM,4m 40.6s,280.6,33.8013921858816,-117.471717984914,137.7,137.7,18.3,1402,2095.0,5.871701,6.94893,-4.47388,2.23694,-3.802798,1.342164,0,0,-0.9,-3.4,3.5,-139,221,220.3,Tripod,Other,,22,5,True,,True,False,,Smart,RC,False,True,False,,,True,,False,False,False,False,False,False,False,False,False,False,0,Follow Yaw,-77.9,0,-148.6,211.4,False,False,False,False,False,,0,0,False,False,No Card,100,100,1024,1348,1024,752,2,False,False,False,False,False,0,False,False,False,False,85,,47.328,,4238,,4986,,47.328,,True,3.951,3.951,3.951,3.951,3.951,3.951,3.951,3.951,3.951,3.951,3.951,3.951,0,,False,False,True,,,,,,,,,,,,,,,False,False,9.616,,92.4,,75.7,,92.4,,1627,63,14,18,8,142077.9,18943.72,,Idle,,20,,10,,,20,Go Home,False,False,False,False,False,False,False,False,False,False,False,False,33.8027920380556,-117.4659261431046,1828.5,2972.0,1049.4,396.9,True,1,1,False,False,False,False,,True,False,False,Course Lock,196.8,67,16.4,93,E,SW,5.59,11.4,Calm,False,False,Android,7.0.2,M300 RTK,1ZN7L4R0H1D00F,1W9DL31001461C,1ZMLH8300204F0,1Z6PH74DAP0QN7,"Corona, CA",728.3,5.7,137.7,8.547347,2.013246,0,0,DJI Matrice 300 RTK,M300 RTK,1ZN7L4R0H1D00F,1W9DL31001461C,1ZMLH8300204F0,1Z6PH74DAP0QN7,DJI Pilot,Android,7.0.2,1EF72A62-B7C3-C88D-164E-CE6F8C8424AE,1ZN7L4R0H1D00F,1W9DL31001461C,,1ZMLH8300204F0,1W9DL31001461C,,,,,
2023-11-01,11:29:03.01 AM,4m 40.7s,280.7,33.8013901951555,-117.4717198519484,137.7,137.7,18.3,1402,2095.9,5.871701,6.94893,-4.47388,2.23694,-3.802798,1.342164,0,0,-1.1,-3.5,3.6,-139.5,220.5,217.9,Tripod,Other,,22,5,True,,True,False,,Smart,RC,False,True,False,,,True,,False,False,False,False,False,False,False,False,False,False,0,Follow Yaw,-77.9,0,-149.3,210.7,False,False,False,False,False,,0,0,False,False,No Card,100,100,1024,1352,1024,756,2,False,False,False,False,False,0,False,False,False,False,85,,47.328,,4238,,4986,,47.328,,True,3.951,3.951,3.951,3.951,3.951,3.951,3.951,3.951,3.951,3.951,3.951,3.951,0,,False,False,True,,,,,,,,,,,,,,,False,False,9.616,,92.4,,75.7,,92.4,,1627,63,14,18,8,142077.9,18943.72,,Idle,,20,,10,,,20,Go Home,False,False,False,False,False,False,False,False,False,False,False,False,33.8027920380556,-117.4659261431046,1829.2,2972.0,1049.4,396.9,True,1,1,False,False,False,False,,True,False,False,Course Lock,196.8,67,16.4,93,E,SW,5.59,11.4,Calm,False,False,Android,7.0.2,M300 RTK,1ZN7L4R0H1D00F,1W9DL31001461C,1ZMLH8300204F0,1Z6PH74DAP0QN7,"Corona, CA",728.3,5.7,137.7,8.547347,2.013246,0,0,DJI Matrice 300 RTK,M300 RTK,1ZN7L4R0H1D00F,1W9DL31001461C,1ZMLH8300204F0,1Z6PH74DAP0QN7,DJI Pilot,Android,7.0.2,1EF72A62-B7C3-C88D-164E-CE6F8C8424AE,1ZN7L4R0H1D00F,1W9DL31001461C,,1ZMLH8300204F0,1W9DL31001461C,,,,,
2023-11-01,11:29:03.14 AM,4m 40.8s,280.8,33.8013882630931,-117.4717217038089,137.7,137.7,18.0,1402,2096.8,5.729361,6.94893,-4.47388,2.23694,-3.579104,1.342164,0,0,-1.3,-3.3,3.5,-140.2,219.8,218.5,Tripod,Other,,22,5,True,,True,False,,Smart,RC,False,True,False,,,True,,False,False,False,False,False,False,False,False,False,False,0,Follow Yaw,-77.9,0,-150,210,False,False,False,False,False,,0,0,False,False,No Card,100,100,1024,1352,1024,755,2,False,False,False,False,False,0,False,False,False,False,85,,47.328,,4238,,4986,,47.328,,True,3.951,3.951,3.951,3.951,3.951,3.951,3.951,3.951,3.951,3.951,3.951,3.951,0,,False,False,True,,,,,,,,,,,,,,,False,False,9.616,,92.4,,75.7,,92.4,,1627,63,14,18,8,142077.9,18943.72,,Idle,,20,,10,,,20,Go Home,False,False,False,False,False,False,False,False,False,False,False,False,33.8027920380556,-117.4659261431046,1830.0,2972.0,1049.4,396.9,True,1,1,False,False,False,False,,True,False,False,Course Lock,196.8,67,16.4,93,E,SW,5.59,11.4,Calm,False,False,Android,7.0.2,M300 RTK,1ZN7L4R0H1D00F,1W9DL31001461C,1ZMLH8300204F0,1Z6PH74DAP0QN7,"Corona, CA",728.3,5.7,137.7,8.547347,2.013246,0,0,DJI Matrice 300 RTK,M300 RTK,1ZN7L4R0H1D00F,1W9DL31001461C,1ZMLH8300204F0,1Z6PH74DAP0QN7,DJI Pilot,Android,7.0.2,1EF72A62-B7C3-C88D-164E-CE6F8C8424AE,1ZN7L4R0H1D00F,1W9DL31001461C,,1ZMLH8300204F0,1W9DL31001461C,,,,,
2023-11-01,11:29:03.22 AM,4m 40.9s,280.9,33.8013863995629,-117.4717234042615,137.7,137.7,18.0,1402,2097.6,5.905691,6.94893,-4.697574,2.23694,-3.579104,1.342164,0,0,-1.4,-3.1,3.4,-141,219,217.1,Tripod,Other,,22,5,True,,True,False,,Smart,RC,False,True,False,,,True,,False,False,False,False,False,False,False,False,False,False,0,Follow Yaw,-77.9,0,-150.7,209.3,False,False,False,False,False,,0,0,False,False,No Card,100,100,1024,1350,1024,755,2,False,False,False,False,False,0,False,False,False,False,85,,47.328,,4238,,4986,,47.328,,True,3.951,3.951,3.951,3.951,3.951,3.951,3.951,3.951,3.951,3.951,3.951,3.951,0,,False,False,True,,,,,,,,,,,,,,,False,False,9.616,,92.4,,75.7,,92.4,,1627,63,14,18,8,142077.9,18943.72,,Idle,,20,,10,,,20,Go Home,False,False,False,False,False,False,False,False,False,False,False,False,33.8027920380556,-117.4659261431046,1830.7,2972.0,1049.4,396.9,True,1,1,False,False,False,False,,True,False,False,Course Lock,196.8,67,16.4,93,E,SW,5.59,11.4,Calm,False,False,Android,7.0.2,M300 RTK,1ZN7L4R0H1D00F,1W9DL31001461C,1ZMLH8300204F0,1Z6PH74DAP0QN7,"Corona, CA",728.3,5.7,137.7,8.547347,2.013246,0,0,DJI Matrice 300 RTK,M300 RTK,1ZN7L4R0H1D00F,1W9DL31001461C,1ZMLH8300204F0,1Z6PH74DAP0QN7,DJI Pilot,Android,7.0.2,1EF72A62-B7C3-C88D-164E-CE6F8C8424AE,1ZN7L4R0H1D00F,1W9DL31001461C,,1ZMLH8300204F0,1W9DL31001461C,,,,,
2023-11-01,11:29:03.32 AM,4m 41.0s,281.0,33.8013844291224,-117.4717251908088,137.7,137.7,18.3,1402,2098.5,5.905691,6.94893,-4.697574,2.23694,-3.579104,1.342164,0,0,-1.4,-3.1,3.4,-141.8,218.2,216.9,Tripod,Other,,22,5,True,,True,False,,Smart,RC,False,True,False,,,True,,False,False,False,False,False,False,False,False,False,False,0,Follow Yaw,-77.9,0,-151.4,208.6,False,False,False,False,False,,0,0,False,False,No Card,100,100,1024,1350,1024,755,2,False,False,False,False,False,0,False,False,False,False,85,,47.34,,8537,,10044,,47.34,,True,3.951,3.951,3.951,3.951,3.951,3.951,3.951,3.951,3.951,3.951,3.951,3.951,0,,False,False,True,,,,,,,,,,,,,,,False,False,19.312,,92.6,,75.7,,92.6,,1627,63,14,18,8,142077.9,18943.72,,Idle,,20,,10,,,20,Go Home,False,False,False,False,False,False,False,False,False,False,False,False,33.8027920380556,-117.4659261431046,1831.4,2972.0,1049.4,396.9,True,1,1,False,False,False,False,,True,False,False,Course Lock,196.8,67,16.4,93,E,SW,5.59,11.4,Calm,False,False,Android,7.0.2,M300 RTK,1ZN7L4R0H1D00F,1W9DL31001461C,1ZMLH8300204F0,1Z6PH74DAP0QN7,"Corona, CA",728.3,5.7,137.7,8.547347,2.013246,0,0,DJI Matrice 300 RTK,M300 RTK,1ZN7L4R0H1D00F,1W9DL31001461C,1ZMLH8300204F0,1Z6PH74DAP0QN7,DJI Pilot,Android,7.0.2,1EF72A62-B7C3-C88D-164E-CE6F8C8424AE,1ZN7L4R0H1D00F,1W9DL31001461C,,1ZMLH8300204F0,1W9DL31001461C,,,,,
2023-11-01,11:29:03.44 AM,4m 41.1s,281.1,33.801382423045,-117.4717269786756,137.7,137.7,18.3,1402,2099.5,5.772865,6.94893,-4.697574,2.23694,-3.35541,1.342164,0,0,-1.3,-3.4,3.6,-142.6,217.4,216.5,Tripod,Other,,22,5,True,,True,False,,Smart,RC,False,True,False,,,True,,False,False,False,False,False,False,False,False,False,False,0,Follow Yaw,-77.9,0,-152.1,207.9,False,False,False,False,False,,0,0,False,False,No Card,100,100,1024,1348,1024,755,2,False,False,False,False,False,0,False,False,False,False,85,,47.34,,8537,,10044,,47.34,,True,3.951,3.951,3.951,3.951,3.951,3.951,3.951,3.951,3.951,3.951,3.951,3.951,0,,False,False,True,,,,,,,,,,,,,,,False,False,19.312,,92.6,,75.7,,92.6,,1627,63,14,18,8,142077.9,18943.72,,Idle,,20,,10,,,20,Go Home,False,False,False,False,False,False,False,False,False,False,False,False,33.8027920380556,-117.4659261431046,1832.1,2972.0,1049.4,396.9,True,1,1,False,False,False,False,,True,False,False,Course Lock,196.8,67,16.4,93,E,SW,5.59,11.4,Calm,False,False,Android,7.0.2,M300 RTK,1ZN7L4R0H1D00F,1W9DL31001461C,1ZMLH8300204F0,1Z6PH74DAP0QN7,"Corona, CA",728.3,5.7,137.7,8.547347,2.013246,0,0,DJI Matrice 300 RTK,M300 RTK,1ZN7L4R0H1D00F,1W9DL31001461C,1ZMLH8300204F0,1Z6PH74DAP0QN7,DJI Pilot,Android,7.0.2,1EF72A62-B7C3-C88D-164E-CE6F8C8424AE,1ZN7L4R0H1D00F,1W9DL31001461C,,1ZMLH8300204F0,1W9DL31001461C,,,,,
2023-11-01,11:29:03.54 AM,4m 41.2s,281.2,33.8013803994234,-117.4717287028785,137.7,137.7,18.0,1402,2100.4,5.772865,6.94893,-4.697574,2.23694,-3.35541,1.342164,0,0,-1.1,-3.6,3.7,-143.4,216.6,215.2,Tripod,Other,,22,5,True,,True,False,,Smart,RC,False,True,False,,,True,,False,False,False,False,False,False,False,False,False,False,0,Follow Yaw,-77.9,0,-152.8,207.2,False,False,False,False,False,,0,0,False,False,No Card,100,100,1024,1348,1024,755,2,False,False,False,False,False,0,False,False,False,False,85,,47.34,,8537,,10044,,47.34,,True,3.951,3.951,3.951,3.951,3.951,3.951,3.951,3.951,3.951,3.951,3.951,3.951,0,,False,False,True,,,,,,,,,,,,,,,False,False,19.312,,92.6,,75.7,,92.6,,1627,63,14,18,8,142077.9,18943.72,,Idle,,20,,10,,,20,Go Home,False,False,False,False,False,False,False,False,False,False,False,False,33.8027920380556,-117.4659261431046,1832.8,2972.0,1049.4,396.9,True,1,1,False,False,False,False,,True,False,False,Course Lock,196.8,67,16.4,93,E,SW,5.59,11.4,Calm,False,False,Android,7.0.2,M300 RTK,1ZN7L4R0H1D00F,1W9DL31001461C,1ZMLH8300204F0,1Z6PH74DAP0QN7,"Corona, CA",728.3,5.7,137.7,8.547347,2.013246,0,0,DJI Matrice 300 RTK,M300 RTK,1ZN7L4R0H1D00F,1W9DL31001461C,1ZMLH8300204F0,1Z6PH74DAP0QN7,DJI Pilot,Android,7.0.2,1EF72A62-B7C3-C88D-164E-CE6F8C8424AE,1ZN7L4R0H1D00F,1W9DL31001461C,,1ZMLH8300204F0,1W9DL31001461C,,,,,
2023-11-01,11:29:03.63 AM,4m 41.3s,281.3,33.8013783143969,-117.4717304006922,137.7,137.7,18.3,1402,2101.3,5.956312,6.94893,-4.921268,2.23694,-3.35541,1.342164,0,0,-0.9,-3.7,3.8,-144.1,215.9,214.0,Tripod,Other,,22,5,True,,True,False,,Smart,RC,False,True,False,,,True,,False,False,False,False,False,False,False,False,False,False,0,Follow Yaw,-77.9,0,-153.5,206.5,False,False,False,False,False,,0,0,False,False,No Card,100,100,1024,1348,1024,755,2,False,False,False,False,False,0,False,False,False,False,85,,47.34,,8537,,10044,,47.34,,True,3.946,3.946,3.946,3.946,3.946,3.946,3.946,3.946,3.946,3.946,3.946,3.946,0,,False,False,True,,,,,,,,,,,,,,,False,False,19.312,,92.6,,75.7,,92.6,,1626,63,14,18,8,142463.8,18995.18,,Idle,,20,,10,,,20,Go Home,False,False,False,False,False,False,False,False,False,False,False,False,33.8027920380556,-117.4659261431046,1833.5,2972.0,1049.4,396.9,True,1,1,False,False,False,False,,True,False,False,Course Lock,196.8,67,16.4,93,E,SW,5.59,11.4,Calm,False,False,Android,7.0.2,M300 RTK,1ZN7L4R0H1D00F,1W9DL31001461C,1ZMLH8300204F0,1Z6PH74DAP0QN7,"Corona, CA",728.3,5.7,137.7,8.547347,2.013246,0,0,DJI Matrice 300 RTK,M300 RTK,1ZN7L4R0H1D00F,1W9DL31001461C,1ZMLH8300204F0,1Z6PH74DAP0QN7,DJI Pilot,Android,7.0.2,1EF72A62-B7C3-C88D-164E-CE6F8C8424AE,1ZN7L4R0H1D00F,1W9DL31001461C,,1ZMLH8300204F0,1W9DL31001461C,,,,,
2023-11-01,11:29:03.73 AM,4m 41.4s,281.4,33.8013762337564,-117.4717320285745,137.7,137.7,18.3,1402,2102.2,5.833225,6.94893,-4.921268,2.23694,-3.131716,1.342164,0,0,-1,-3.6,3.7,-144.8,215.2,213.0,Tripod,Other,,22,5,True,,True,False,,Smart,RC,False,True,False,,,True,,False,False,False,False,False,False,False,False,False,False,0,Follow Yaw,-77.9,0,-154.2,205.8,False,False,False,False,False,,0,0,False,False,No Card,100,100,1024,1350,1024,755,2,False,False,False,False,False,0,False,False,False,False,85,,47.34,,8537,,10044,,47.34,,True,3.946,3.946,3.946,3.946,3.946,3.946,3.946,3.946,3.946,3.946,3.946,3.946,0,,False,False,True,,,,,,,,,,,,,,,False,False,19.312,,92.6,,75.7,,92.6,,1626,63,14,18,8,142463.8,18995.18,,Idle,,20,,10,,,20,Go Home,False,False,False,False,False,False,False,False,False,False,False,False,33.8027920380556,-117.4659261431046,1834.2,2972.0,1049.4,396.9,True,1,1,False,False,False,False,,True,False,False,Course Lock,196.8,67,16.4,93,E,SW,5.59,11.4,Calm,False,False,Android,7.0.2,M300 RTK,1ZN7L4R0H1D00F,1W9DL31001461C,1ZMLH8300204F0,1Z6PH74DAP0QN7,"Corona, CA",728.3,5.7,137.7,8.547347,2.013246,0,0,DJI Matrice 300 RTK,M300 RTK,1ZN7L4R0H1D00F,1W9DL31001461C,1ZMLH8300204F0,1Z6PH74DAP0QN7,DJI Pilot,Android,7.0.2,1EF72A62-B7C3-C88D-164E-CE6F8C8424AE,1ZN7L4R0H1D00F,1W9DL31001461C,,1ZMLH8300204F0,1W9DL31001461C,,,,,
2023-11-01,11:29:03.83 AM,4m 41.5s,281.5,33.8013741065139,-117.4717336063175,137.7,137.7,18.3,1402,2103.1,5.833225,6.94893,-4.921268,2.23694,-3.131716,1.342164,0,0,-1,-3.3,3.4,-145.5,214.5,211.6,Tripod,Other,,22,5,True,,True,False,,Smart,RC,False,True,False,,,True,,False,False,False,False,False,False,False,False,False,False,0,Follow Yaw,-77.9,0,-154.9,205.1,False,False,False,False,False,,0,0,False,False,No Card,100,100,1024,1351,1024,756,2,False,False,False,False,False,0,False,False,False,False,85,,47.34,,8537,,10044,,47.34,,True,3.946,3.946,3.946,3.946,3.946,3.946,3.946,3.946,3.946,3.946,3.946,3.946,0,,False,False,True,,,,,,,,,,,,,,,False,False,19.312,,92.6,,75.7,,92.6,,1626,63,14,18,8,142463.8,18995.18,,Idle,,20,,10,,,20,Go Home,False,False,False,False,False,False,False,False,False,False,False,False,33.8027920380556,-117.4659261431046,1834.9,2972.0,1049.4,396.9,True,1,1,False,False,False,False,,True,False,False,Course Lock,196.8,67,16.4,93,E,SW,5.59,11.4,Calm,False,False,Android,7.0.2,M300 RTK,1ZN7L4R0H1D00F,1W9DL31001461C,1ZMLH8300204F0,1Z6PH74DAP0QN7,"Corona, CA",728.3,5.7,137.7,8.547347,2.013246,0,0,DJI Matrice 300 RTK,M300 RTK,1ZN7L4R0H1D00F,1W9DL31001461C,1ZMLH8300204F0,1Z6PH74DAP0QN7,DJI Pilot,Android,7.0.2,1EF72A62-B7C3-C88D-164E-CE6F8C8424AE,1ZN7L4R0H1D00F,1W9DL31001461C,,1ZMLH8300204F0,1W9DL31001461C,,,,,
2023-11-01,11:29:03.93 AM,4m 41.6s,281.6,33.8013719814645,-117.4717351471156,137.7,137.7,18.3,1402,2104.0,5.909926,6.94893,-5.144962,2.23694,-2.908022,1.342164,0,0,-1,-2.9,3,-146.2,213.8,211.0,Tripod,Other,,22,5,True,,True,False,,Smart,RC,False,True,False,,,True,,False,False,False,False,False,False,False,False,False,False,0,Follow Yaw,-77.9,0,-155.6,204.4,False,False,False,False,False,,0,0,False,False,No Card,100,100,1024,1351,1024,756,2,False,False,False,False,False,0,False,False,False,False,85,,47.34,,8537,,10044,,47.34,,True,3.946,3.946,3.946,3.946,3.946,3.946,3.946,3.946,3.946,3.946,3.946,3.946,0,,False,False,True,,,,,,,,,,,,,,,False,False,19.312,,92.6,,75.7,,92.6,,1626,63,14,18,8,142463.8,18995.18,,Idle,,20,,10,,,20,Go Home,False,False,False,False,False,False,False,False,False,False,False,False,33.8027920380556,-117.4659261431046,1835.5,2972.0,1049.4,396.9,True,1,1,False,False,False,False,,True,False,False,Course Lock,196.8,67,16.4,93,E,SW,5.36,11.4,Calm,False,False,Android,7.0.2,M300 RTK,1ZN7L4R0H1D00F,1W9DL31001461C,1ZMLH8300204F0,1Z6PH74DAP0QN7,"Corona, CA",728.3,5.7,137.7,8.547347,2.013246,0,0,DJI Matrice 300 RTK,M300 RTK,1ZN7L4R0H1D00F,1W9DL31001461C,1ZMLH8300204F0,1Z6PH74DAP0QN7,DJI Pilot,Android,7.0.2,1EF72A62-B7C3-C88D-164E-CE6F8C8424AE,1ZN7L4R0H1D00F,1W9DL31001461C,,1ZMLH8300204F0,1W9DL31001461C,,,,,
2023-11-01,11:29:04.04 AM,4m 41.7s,281.7,33.8013696765864,-117.4717365830166,137.7,137.7,18.3,1402,2104.9,5.909926,6.94893,-5.144962,2.23694,-2.908022,1.342164,0,0,-0.9,-2.6,2.7,-146.9,213.1,207.3,Tripod,Other,,22,5,True,,True,False,,Smart,RC,False,True,False,,,True,,False,False,False,False,False,False,False,False,False,False,0,Follow Yaw,-77.9,0,-156.3,203.7,False,False,False,False,False,,0,0,False,False,No Card,100,100,1024,1349,1024,755,2,False,False,False,False,False,0,False,False,False,False,85,,47.304,,4238,,4986,,47.304,,True,3.946,3.946,3.946,3.946,3.946,3.946,3.946,3.946,3.946,3.946,3.946,3.946,0,,False,False,True,,,,,,,,,,,,,,,False,False,9.524,,92.6,,75.7,,92.6,,1626,63,14,18,8,142463.8,18995.18,,Idle,,20,,10,,,20,Go Home,False,False,False,False,False,False,False,False,False,False,False,False,33.8027920380556,-117.4659261431046,1836.2,2972.0,1049.4,396.9,True,1,1,False,False,False,False,,True,False,False,Course Lock,196.8,67,16.4,93,E,SW,5.36,11.4,Calm,False,False,Android,7.0.2,M300 RTK,1ZN7L4R0H1D00F,1W9DL31001461C,1ZMLH8300204F0,1Z6PH74DAP0QN7,"Corona, CA",728.3,5.7,137.7,8.547347,2.013246,0,0,DJI Matrice 300 RTK,M300 RTK,1ZN7L4R0H1D00F,1W9DL31001461C,1ZMLH8300204F0,1Z6PH74DAP0QN7,DJI Pilot,Android,7.0.2,1EF72A62-B7C3-C88D-164E-CE6F8C8424AE,1ZN7L4R0H1D00F,1W9DL31001461C,,1ZMLH8300204F0,1W9DL31001461C,,,,,
2023-11-01,11:29:04.14 AM,4m 41.8s,281.8,33.8013675082246,-117.4717380469562,137.7,137.7,18.3,1402,2105.9,5.909926,6.94893,-5.144962,2.23694,-2.908022,1.342164,0,0,-1,-2.6,2.7,-147.5,212.5,209.2,Tripod,Other,,23,5,True,,True,False,,Smart,RC,False,True,False,,,True,,False,False,False,False,False,False,False,False,False,False,0,Follow Yaw,-77.9,0,-157,203,False,False,False,False,False,,0,0,False,False,No Card,100,100,1024,1350,1024,755,2,False,False,False,False,False,0,False,False,False,False,85,,47.304,,4238,,4986,,47.304,,True,3.946,3.946,3.946,3.946,3.946,3.946,3.946,3.946,3.946,3.946,3.946,3.946,0,,False,False,True,,,,,,,,,,,,,,,False,False,9.524,,92.6,,75.7,,92.6,,1626,63,14,18,8,142463.8,18995.18,,Idle,,20,,10,,,20,Go Home,False,False,False,False,False,False,False,False,False,False,False,False,33.8027920380556,-117.4659261431046,1836.9,2972.0,1049.4,396.9,True,1,1,False,False,False,False,,True,False,False,Course Lock,196.8,67,16.4,93,E,SW,5.36,11.4,Calm,False,False,Android,7.0.2,M300 RTK,1ZN7L4R0H1D00F,1W9DL31001461C,1ZMLH8300204F0,1Z6PH74DAP0QN7,"Corona, CA",728.3,5.7,137.7,8.547347,2.013246,0,0,DJI Matrice 300 RTK,M300 RTK,1ZN7L4R0H1D00F,1W9DL31001461C,1ZMLH8300204F0,1Z6PH74DAP0QN7,DJI Pilot,Android,7.0.2,1EF72A62-B7C3-C88D-164E-CE6F8C8424AE,1ZN7L4R0H1D00F,1W9DL31001461C,,1ZMLH8300204F0,1W9DL31001461C,,,,,
2023-11-01,11:29:04.24 AM,4m 41.9s,281.9,33.8013655312049,-117.471739596001,137.7,137.7,18.3,1402,2106.7,5.803124,6.94893,-5.144962,2.23694,-2.684328,1.342164,0,0,-1.2,-2.6,2.8,-148.1,211.9,213.0,Tripod,Other,,23,5,True,,True,False,,Smart,RC,False,True,False,,,True,,False,False,False,False,False,False,False,False,False,False,0,Follow Yaw,-77.9,0,-157.7,202.3,False,False,False,False,False,,0,0,False,False,No Card,100,100,1024,1350,1024,756,2,False,False,False,False,False,0,False,False,False,False,85,,47.304,,4238,,4986,,47.304,,True,3.946,3.946,3.946,3.946,3.946,3.946,3.946,3.946,3.946,3.946,3.946,3.946,0,,False,False,True,,,,,,,,,,,,,,,False,False,9.524,,92.6,,75.7,,92.6,,1626,63,14,18,8,142463.8,18995.18,,Idle,,20,,10,,,20,Go Home,False,False,False,False,False,False,False,False,False,False,False,False,33.8027920380556,-117.4659261431046,1837.5,2972.0,1049.4,396.9,True,1,1,False,False,False,False,,True,False,False,Course Lock,196.8,67,16.4,93,E,SW,5.36,11.4,Calm,False,False,Android,7.0.2,M300 RTK,1ZN7L4R0H1D00F,1W9DL31001461C,1ZMLH8300204F0,1Z6PH74DAP0QN7,"Corona, CA",728.3,5.7,137.7,8.547347,2.013246,0,0,DJI Matrice 300 RTK,M300 RTK,1ZN7L4R0H1D00F,1W9DL31001461C,1ZMLH8300204F0,1Z6PH74DAP0QN7,DJI Pilot,Android,7.0.2,1EF72A62-B7C3-C88D-164E-CE6F8C8424AE,1ZN7L4R0H1D00F,1W9DL31001461C,,1ZMLH8300204F0,1W9DL31001461C,,,,,
2023-11-01,11:29:04.35 AM,4m 42.0s,282.0,33.8013633590053,-117.4717410107908,137.7,137.7,18.3,1402,2107.6,5.803124,6.94893,-5.144962,2.23694,-2.684328,1.342164,0,0,-1.4,-2.7,3,-148.7,211.3,208.4,Tripod,Other,,22,5,True,,True,False,,Smart,RC,False,True,False,,,True,,False,False,False,False,False,False,False,False,False,False,0,Follow Yaw,-77.9,0,-158.4,201.6,False,False,False,False,False,,0,0,False,False,No Card,100,100,1024,1351,1024,756,2,False,False,False,False,False,0,False,False,False,False,84,,47.376,,8486,,10044,,47.376,,True,3.946,3.946,3.946,3.946,3.946,3.946,3.946,3.946,3.946,3.946,3.946,3.946,0,,False,False,True,,,,,,,,,,,,,,,False,False,19.014,,92.6,,75.7,,92.6,,1626,63,14,18,8,142463.8,18995.18,,Idle,,20,,10,,,20,Go Home,False,False,False,False,False,False,False,False,False,False,False,False,33.8027920380556,-117.4659261431046,1838.1,2972.0,1049.4,396.9,True,1,1,False,False,False,False,,True,False,False,Course Lock,196.8,67,16.4,93,E,SW,5.36,11.4,Calm,False,False,Android,7.0.2,M300 RTK,1ZN7L4R0H1D00F,1W9DL31001461C,1ZMLH8300204F0,1Z6PH74DAP0QN7,"Corona, CA",728.3,5.7,137.7,8.547347,2.013246,0,0,DJI Matrice 300 RTK,M300 RTK,1ZN7L4R0H1D00F,1W9DL31001461C,1ZMLH8300204F0,1Z6PH74DAP0QN7,DJI Pilot,Android,7.0.2,1EF72A62-B7C3-C88D-164E-CE6F8C8424AE,1ZN7L4R0H1D00F,1W9DL31001461C,,1ZMLH8300204F0,1W9DL31001461C,,,,,
2023-11-01,11:29:04.45 AM,4m 42.1s,282.1,33.8013611402037,-117.4717424427336,137.7,137.7,18.3,1402,2108.5,5.803124,6.94893,-5.144962,2.23694,-2.684328,1.342164,0,0,-1.6,-2.6,3,-149.3,210.7,208.2,Tripod,Other,,22,5,True,,True,False,,Smart,RC,False,True,False,,,True,,False,False,False,False,False,False,False,False,False,False,0,Follow Yaw,-77.9,0,-159.1,200.9,False,False,False,False,False,,0,0,False,False,No Card,100,100,1024,1349,1024,756,2,False,False,False,False,False,0,False,False,False,False,84,,47.376,,8486,,10044,,47.376,,True,3.946,3.946,3.946,3.946,3.946,3.946,3.946,3.946,3.946,3.946,3.946,3.946,0,,False,False,True,,,,,,,,,,,,,,,False,False,19.014,,92.6,,75.7,,92.6,,1626,63,14,18,8,142463.8,18995.18,,Idle,,20,,10,,,20,Go Home,False,False,False,False,False,False,False,False,False,False,False,False,33.8027920380556,-117.4659261431046,1838.8,2972.0,1049.4,396.9,True,1,1,False,False,False,False,,True,False,False,Course Lock,196.8,67,16.4,93,E,SW,5.36,11.4,Calm,False,False,Android,7.0.2,M300 RTK,1ZN7L4R0H1D00F,1W9DL31001461C,1ZMLH8300204F0,1Z6PH74DAP0QN7,"Corona, CA",728.3,5.7,137.7,8.547347,2.013246,0,0,DJI Matrice 300 RTK,M300 RTK,1ZN7L4R0H1D00F,1W9DL31001461C,1ZMLH8300204F0,1Z6PH74DAP0QN7,DJI Pilot,Android,7.0.2,1EF72A62-B7C3-C88D-164E-CE6F8C8424AE,1ZN7L4R0H1D00F,1W9DL31001461C,,1ZMLH8300204F0,1W9DL31001461C,,,,,
2023-11-01,11:29:04.55 AM,4m 42.2s,282.2,33.8013589394946,-117.4717438139812,137.7,137.7,18.3,1402,2109.4,5.803124,6.94893,-5.144962,2.23694,-2.684328,1.342164,0,0,-1.6,-2.7,3.1,-150,210,207.3,Tripod,Other,,22,5,True,,True,False,,Smart,RC,False,True,False,,,True,,False,False,False,False,False,False,False,False,False,False,0,Follow Yaw,-77.9,0,-159.7,200.3,False,False,False,False,False,,0,0,False,False,No Card,100,100,1024,1350,1024,755,2,False,False,False,False,False,0,False,False,False,False,84,,47.376,,8486,,10044,,47.376,,True,3.946,3.946,3.946,3.946,3.946,3.946,3.946,3.946,3.946,3.946,3.946,3.946,0,,False,False,True,,,,,,,,,,,,,,,False,False,19.014,,92.6,,75.7,,92.6,,1626,63,14,18,8,142463.8,18995.18,,Idle,,20,,10,,,20,Go Home,False,False,False,False,False,False,False,False,False,False,False,False,33.8027920380556,-117.4659261431046,1839.4,2972.0,1049.4,396.9,True,1,1,False,False,False,False,,True,False,False,Course Lock,196.8,67,16.4,93,E,SW,5.36,11.4,Calm,False,False,Android,7.0.2,M300 RTK,1ZN7L4R0H1D00F,1W9DL31001461C,1ZMLH8300204F0,1Z6PH74DAP0QN7,"Corona, CA",728.3,5.7,137.7,8.547347,2.013246,0,0,DJI Matrice 300 RTK,M300 RTK,1ZN7L4R0H1D00F,1W9DL31001461C,1ZMLH8300204F0,1Z6PH74DAP0QN7,DJI Pilot,Android,7.0.2,1EF72A62-B7C3-C88D-164E-CE6F8C8424AE,1ZN7L4R0H1D00F,1W9DL31001461C,,1ZMLH8300204F0,1W9DL31001461C,,,,,
2023-11-01,11:29:04.65 AM,4m 42.3s,282.3,33.8013567853875,-117.4717451024328,137.7,137.7,18.3,1402,2110.3,6.002339,6.94893,-5.368656,2.23694,-2.684328,1.342164,0,0,-1.5,-2.7,3,-150.7,209.3,206.4,Tripod,Other,,22,5,True,,True,False,,Smart,RC,False,True,False,,,True,,False,False,False,False,False,False,False,False,False,False,0,Follow Yaw,-77.9,0,-160.4,199.6,False,False,False,False,False,,0,0,False,False,No Card,100,100,1024,1350,1024,756,2,False,False,False,False,False,0,False,False,False,False,84,,47.376,,8486,,10044,,47.376,,True,3.945,3.945,3.945,3.945,3.945,3.945,3.945,3.945,3.945,3.945,3.945,3.945,0,,False,False,True,,,,,,,,,,,,,,,False,False,19.014,,92.6,,75.7,,92.6,,1624,63,14,18,8,142883.0,19051.06,,Idle,,20,,10,,,20,Go Home,False,False,False,False,False,False,False,False,False,False,False,False,33.8027920380556,-117.4659261431046,1840.0,2972.0,1049.4,396.9,True,1,1,False,False,False,False,,True,False,False,Course Lock,196.8,67,16.4,93,E,SW,5.36,11.4,Calm,False,False,Android,7.0.2,M300 RTK,1ZN7L4R0H1D00F,1W9DL31001461C,1ZMLH8300204F0,1Z6PH74DAP0QN7,"Corona, CA",728.3,5.7,137.7,8.547347,2.013246,0,0,DJI Matrice 300 RTK,M300 RTK,1ZN7L4R0H1D00F,1W9DL31001461C,1ZMLH8300204F0,1Z6PH74DAP0QN7,DJI Pilot,Android,7.0.2,1EF72A62-B7C3-C88D-164E-CE6F8C8424AE,1ZN7L4R0H1D00F,1W9DL31001461C,,1ZMLH8300204F0,1W9DL31001461C,,,,,
2023-11-01,11:29:04.76 AM,4m 42.4s,282.4,33.8013545638447,-117.4717464265098,137.7,137.7,18.0,1402,2111.2,5.905691,6.94893,-5.368656,2.23694,-2.460634,1.342164,0,0,-1.4,-2.8,3.1,-151.4,208.6,206.3,Tripod,Other,,23,5,True,,True,False,,Smart,RC,False,True,False,,,True,,False,False,False,False,False,False,False,False,False,False,0,Follow Yaw,-77.9,0,-161.1,198.9,False,False,False,False,False,,0,0,False,False,No Card,100,100,1024,1351,1024,758,2,False,False,False,False,False,0,False,False,False,False,84,,47.376,,8486,,10044,,47.376,,True,3.945,3.945,3.945,3.945,3.945,3.945,3.945,3.945,3.945,3.945,3.945,3.945,0,,False,False,True,,,,,,,,,,,,,,,False,False,19.014,,92.6,,75.7,,92.6,,1624,63,14,18,8,142883.0,19051.06,,Idle,,20,,10,,,20,Go Home,False,False,False,False,False,False,False,False,False,False,False,False,33.8027920380556,-117.4659261431046,1840.6,2972.0,1049.4,396.9,True,1,1,False,False,False,False,,True,False,False,Course Lock,196.8,67,16.4,93,E,SW,5.36,11.4,Calm,False,False,Android,7.0.2,M300 RTK,1ZN7L4R0H1D00F,1W9DL31001461C,1ZMLH8300204F0,1Z6PH74DAP0QN7,"Corona, CA",728.3,5.7,137.7,8.547347,2.013246,0,0,DJI Matrice 300 RTK,M300 RTK,1ZN7L4R0H1D00F,1W9DL31001461C,1ZMLH8300204F0,1Z6PH74DAP0QN7,DJI Pilot,Android,7.0.2,1EF72A62-B7C3-C88D-164E-CE6F8C8424AE,1ZN7L4R0H1D00F,1W9DL31001461C,,1ZMLH8300204F0,1W9DL31001461C,,,,,
2023-11-01,11:29:04.86 AM,4m 42.5s,282.5,33.8013519727756,-117.471747550029,137.7,137.7,18.0,1402,2112.2,5.905691,6.94893,-5.368656,2.23694,-2.460634,1.342164,0,0,-1.4,-3,3.3,-152.1,207.9,199.8,Tripod,Other,,23,5,True,,True,False,,Smart,RC,False,True,False,,,True,,False,False,False,False,False,False,False,False,False,False,0,Follow Yaw,-77.9,0,-161.8,198.2,False,False,False,False,False,,0,0,False,False,No Card,100,100,1024,1349,1024,763,2,False,False,False,False,False,0,False,False,False,False,84,,47.376,,8486,,10044,,47.376,,True,3.945,3.945,3.945,3.945,3.945,3.945,3.945,3.945,3.945,3.945,3.945,3.945,0,,False,False,True,,,,,,,,,,,,,,,False,False,19.014,,92.6,,75.7,,92.6,,1624,63,14,18,8,142883.0,19051.06,,Idle,,20,,10,,,20,Go Home,False,False,False,False,False,False,False,False,False,False,False,False,33.8027920380556,-117.4659261431046,1841.2,2972.0,1049.4,396.9,True,1,1,False,False,False,False,,True,False,False,Course Lock,196.8,67,16.4,93,E,SW,5.36,11.4,Calm,False,False,Android,7.0.2,M300 RTK,1ZN7L4R0H1D00F,1W9DL31001461C,1ZMLH8300204F0,1Z6PH74DAP0QN7,"Corona, CA",728.3,5.7,137.7,8.547347,2.013246,0,0,DJI Matrice 300 RTK,M300 RTK,1ZN7L4R0H1D00F,1W9DL31001461C,1ZMLH8300204F0,1Z6PH74DAP0QN7,DJI Pilot,Android,7.0.2,1EF72A62-B7C3-C88D-164E-CE6F8C8424AE,1ZN7L4R0H1D00F,1W9DL31001461C,,1ZMLH8300204F0,1W9DL31001461C,,,,,
2023-11-01,11:29:04.96 AM,4m 42.6s,282.6,33.8013497013413,-117.4717488053292,137.7,137.7,18.3,1402,2113.1,5.905691,6.94893,-5.368656,2.23694,-2.460634,1.342164,0,0,-1.4,-3.1,3.4,-152.8,207.2,204.6,Tripod,Other,,23,5,True,,True,False,,Smart,RC,False,True,False,,,True,,False,False,False,False,False,False,False,False,False,False,0,Follow Yaw,-77.9,0,-162.5,197.5,False,False,False,False,False,,0,0,False,False,No Card,100,100,1024,1349,1024,763,2,False,False,False,False,False,0,False,False,False,False,84,,47.376,,8486,,10044,,47.376,,True,3.945,3.945,3.945,3.945,3.945,3.945,3.945,3.945,3.945,3.945,3.945,3.945,0,,False,False,True,,,,,,,,,,,,,,,False,False,19.014,,92.6,,75.7,,92.6,,1624,63,14,18,8,142883.0,19051.06,,Idle,,20,,10,,,20,Go Home,False,False,False,False,False,False,False,False,False,False,False,False,33.8027920380556,-117.4659261431046,1841.8,2972.0,1049.4,396.9,True,1,1,False,False,False,False,,True,False,False,Course Lock,196.8,67,16.4,93,E,SW,5.36,11.4,Calm,False,False,Android,7.0.2,M300 RTK,1ZN7L4R0H1D00F,1W9DL31001461C,1ZMLH8300204F0,1Z6PH74DAP0QN7,"Corona, CA",728.3,5.7,137.7,8.547347,2.013246,0,0,DJI Matrice 300 RTK,M300 RTK,1ZN7L4R0H1D00F,1W9DL31001461C,1ZMLH8300204F0,1Z6PH74DAP0QN7,DJI Pilot,Android,7.0.2,1EF72A62-B7C3-C88D-164E-CE6F8C8424AE,1ZN7L4R0H1D00F,1W9DL31001461C,,1ZMLH8300204F0,1W9DL31001461C,,,,,
2023-11-01,11:29:05.06 AM,4m 42.7s,282.7,33.8013478904439,-117.471749927529,137.7,137.7,18.3,1402,2113.9,5.905691,6.94893,-5.368656,2.23694,-2.460634,1.342164,0,0,-1.4,-3.2,3.4,-153.5,206.5,207.2,Tripod,Other,,23,5,True,,True,False,,Smart,RC,False,True,False,,,True,,False,False,False,False,False,False,False,False,False,False,0,Follow Yaw,-77.9,0,-163.2,196.8,False,False,False,False,False,,0,0,False,False,No Card,100,100,1024,1351,1024,763,2,False,False,False,False,False,0,False,False,False,False,84,,47.376,,8486,,10044,,47.376,,True,3.945,3.945,3.945,3.945,3.945,3.945,3.945,3.945,3.945,3.945,3.945,3.945,0,,False,False,True,,,,,,,,,,,,,,,False,False,19.014,,92.6,,75.7,,92.6,,1624,63,14,18,8,142883.0,19051.06,,Idle,,20,,10,,,20,Go Home,False,False,False,False,False,False,False,False,False,False,False,False,33.8027920380556,-117.4659261431046,1842.3,2972.0,1049.4,396.9,True,1,1,False,False,False,False,,True,False,False,Course Lock,196.8,67,16.4,93,E,SW,5.36,11.4,Calm,False,False,Android,7.0.2,M300 RTK,1ZN7L4R0H1D00F,1W9DL31001461C,1ZMLH8300204F0,1Z6PH74DAP0QN7,"Corona, CA",728.3,5.7,137.7,8.547347,2.013246,0,0,DJI Matrice 300 RTK,M300 RTK,1ZN7L4R0H1D00F,1W9DL31001461C,1ZMLH8300204F0,1Z6PH74DAP0QN7,DJI Pilot,Android,7.0.2,1EF72A62-B7C3-C88D-164E-CE6F8C8424AE,1ZN7L4R0H1D00F,1W9DL31001461C,,1ZMLH8300204F0,1W9DL31001461C,,,,,
2023-11-01,11:29:05.17 AM,4m 42.8s,282.8,33.8013456398433,-117.4717511107536,137.7,137.7,18.3,1402,2114.8,5.816044,6.94893,-5.368656,2.23694,-2.23694,1.342164,0,0,-1.5,-3.2,3.5,-154.2,205.8,203.5,Tripod,Other,,23,5,True,,True,False,,Smart,RC,False,True,False,,,True,,False,False,False,False,False,False,False,False,False,False,0,Follow Yaw,-77.9,0,-163.8,196.2,False,False,False,False,False,,0,0,False,False,No Card,100,100,1024,1350,1024,765,2,False,False,False,False,False,0,False,False,False,False,84,,47.376,,8486,,10044,,47.376,,True,3.945,3.945,3.945,3.945,3.945,3.945,3.945,3.945,3.945,3.945,3.945,3.945,0,,False,False,True,,,,,,,,,,,,,,,False,False,19.014,,92.6,,75.7,,92.6,,1624,63,14,18,8,142883.0,19051.06,,Idle,,20,,10,,,20,Go Home,False,False,False,False,False,False,False,False,False,False,False,False,33.8027920380556,-117.4659261431046,1842.9,2972.0,1049.4,396.9,True,1,1,False,False,False,False,,True,False,False,Course Lock,196.8,67,16.4,93,E,SW,5.36,11.4,Calm,False,False,Android,7.0.2,M300 RTK,1ZN7L4R0H1D00F,1W9DL31001461C,1ZMLH8300204F0,1Z6PH74DAP0QN7,"Corona, CA",728.3,5.7,137.7,8.547347,2.013246,0,0,DJI Matrice 300 RTK,M300 RTK,1ZN7L4R0H1D00F,1W9DL31001461C,1ZMLH8300204F0,1Z6PH74DAP0QN7,DJI Pilot,Android,7.0.2,1EF72A62-B7C3-C88D-164E-CE6F8C8424AE,1ZN7L4R0H1D00F,1W9DL31001461C,,1ZMLH8300204F0,1W9DL31001461C,,,,,
2023-11-01,11:29:05.27 AM,4m 42.9s,282.9,33.8013433349652,-117.4717524204815,137.7,137.7,18.3,1402,2115.7,5.816044,6.94893,-5.368656,2.23694,-2.23694,1.342164,0,0,-1.4,-3.3,3.5,-155,205,205.2,Tripod,Other,,23,5,True,,True,False,,Smart,RC,False,True,False,,,True,,False,False,False,False,False,False,False,False,False,False,0,Follow Yaw,-77.9,0,-164.5,195.5,False,False,False,False,False,,0,0,False,False,No Card,100,100,1024,1349,1024,776,2,False,False,False,False,False,0,False,False,False,False,84,,47.376,,8486,,10044,,47.376,,True,3.945,3.945,3.945,3.945,3.945,3.945,3.945,3.945,3.945,3.945,3.945,3.945,0,,False,False,True,,,,,,,,,,,,,,,False,False,19.014,,92.6,,75.7,,92.6,,1624,63,14,18,8,142883.0,19051.06,,Idle,,20,,10,,,20,Go Home,False,False,False,False,False,False,False,False,False,False,False,False,33.8027920380556,-117.4659261431046,1843.5,2972.0,1049.4,396.9,True,1,1,False,False,False,False,,True,False,False,Course Lock,196.8,67,16.4,93,E,SW,5.36,11.4,Calm,False,False,Android,7.0.2,M300 RTK,1ZN7L4R0H1D00F,1W9DL31001461C,1ZMLH8300204F0,1Z6PH74DAP0QN7,"Corona, CA",728.3,5.7,137.7,8.547347,2.013246,0,0,DJI Matrice 300 RTK,M300 RTK,1ZN7L4R0H1D00F,1W9DL31001461C,1ZMLH8300204F0,1Z6PH74DAP0QN7,DJI Pilot,Android,7.0.2,1EF72A62-B7C3-C88D-164E-CE6F8C8424AE,1ZN7L4R0H1D00F,1W9DL31001461C,,1ZMLH8300204F0,1W9DL31001461C,,,,,
2023-11-01,11:29:05.37 AM,4m 43.0s,283.0,33.8013410646273,-117.4717535484539,137.7,137.7,18.3,1402,2116.6,5.816044,6.94893,-5.368656,2.23694,-2.23694,1.342164,0,0,-1.3,-3.3,3.5,-155.7,204.3,202.4,Tripod,Other,,23,5,True,,True,False,,Smart,RC,False,True,False,,,True,,False,False,False,False,False,False,False,False,False,False,0,Follow Yaw,-77.9,0,-165.1,194.9,False,False,False,False,False,,0,0,False,False,No Card,100,100,1024,1349,1024,777,2,False,False,False,False,False,0,False,False,False,False,84,,47.388,,8486,,10044,,47.388,,True,3.945,3.945,3.945,3.945,3.945,3.945,3.945,3.945,3.945,3.945,3.945,3.945,0,,False,False,True,,,,,,,,,,,,,,,False,False,18.982,,92.6,,75.7,,92.6,,1624,63,14,18,8,142883.0,19051.06,,Idle,,20,,10,,,20,Go Home,False,False,False,False,False,False,False,False,False,False,False,False,33.8027920380556,-117.4659261431046,1844.1,2972.0,1049.4,396.9,True,1,1,False,False,False,False,,True,False,False,Course Lock,196.8,67,16.4,93,E,SW,5.36,11.4,Calm,False,False,Android,7.0.2,M300 RTK,1ZN7L4R0H1D00F,1W9DL31001461C,1ZMLH8300204F0,1Z6PH74DAP0QN7,"Corona, CA",728.3,5.7,137.7,8.547347,2.013246,0,0,DJI Matrice 300 RTK,M300 RTK,1ZN7L4R0H1D00F,1W9DL31001461C,1ZMLH8300204F0,1Z6PH74DAP0QN7,DJI Pilot,Android,7.0.2,1EF72A62-B7C3-C88D-164E-CE6F8C8424AE,1ZN7L4R0H1D00F,1W9DL31001461C,,1ZMLH8300204F0,1W9DL31001461C,,,,,
2023-11-01,11:29:05.48 AM,4m 43.1s,283.1,33.8013384757513,-117.4717547268956,137.7,137.7,18.3,1402,2117.6,5.733727,6.94893,-5.368656,2.23694,-2.013246,1.342164,0,0,-1.3,-3.1,3.3,-156.3,203.7,200.7,Tripod,Other,,23,5,True,,True,False,,Smart,RC,False,True,False,,,True,,False,False,False,False,False,False,False,False,False,False,0,Follow Yaw,-77.9,0,-165.7,194.3,False,False,False,False,False,,0,0,False,False,No Card,100,100,1024,1350,1024,777,2,False,False,False,False,False,0,False,False,False,False,84,,47.388,,8486,,10044,,47.388,,True,3.945,3.945,3.945,3.945,3.945,3.945,3.945,3.945,3.945,3.945,3.945,3.945,0,,False,False,True,,,,,,,,,,,,,,,False,False,18.982,,92.6,,75.7,,92.6,,1624,63,14,18,8,142883.0,19051.06,,Idle,,20,,10,,,20,Go Home,False,False,False,False,False,False,False,False,False,False,False,False,33.8027920380556,-117.4659261431046,1844.7,2972.0,1049.4,396.9,True,1,1,False,False,False,False,,True,False,False,Course Lock,196.8,67,16.4,93,E,SW,5.14,11.4,Calm,False,False,Android,7.0.2,M300 RTK,1ZN7L4R0H1D00F,1W9DL31001461C,1ZMLH8300204F0,1Z6PH74DAP0QN7,"Corona, CA",728.3,5.7,137.7,8.547347,2.013246,0,0,DJI Matrice 300 RTK,M300 RTK,1ZN7L4R0H1D00F,1W9DL31001461C,1ZMLH8300204F0,1Z6PH74DAP0QN7,DJI Pilot,Android,7.0.2,1EF72A62-B7C3-C88D-164E-CE6F8C8424AE,1ZN7L4R0H1D00F,1W9DL31001461C,,1ZMLH8300204F0,1W9DL31001461C,,,,,
2023-11-01,11:29:05.58 AM,4m 43.2s,283.2,33.8013361730662,-117.4717557903794,137.7,137.7,18.3,1402,2118.5,5.733727,6.94893,-5.368656,2.23694,-2.013246,1.342164,0,0,-1.5,-2.8,3.1,-156.9,203.1,200.9,Tripod,Other,,23,5,True,,True,False,,Smart,RC,False,True,False,,,True,,False,False,False,False,False,False,False,False,False,False,0,Follow Yaw,-77.9,0,-166.3,193.7,False,False,False,False,False,,0,0,False,False,No Card,100,100,1024,1351,1024,777,2,False,False,False,False,False,0,False,False,False,False,84,,47.388,,8486,,10044,,47.388,,True,3.945,3.945,3.945,3.945,3.945,3.945,3.945,3.945,3.945,3.945,3.945,3.945,0,,False,False,True,,,,,,,,,,,,,,,False,False,18.982,,92.6,,75.7,,92.6,,1624,63,14,18,8,142883.0,19051.06,,Idle,,20,,10,,,20,Go Home,False,False,False,False,False,False,False,False,False,False,False,False,33.8027920380556,-117.4659261431046,1845.3,2972.0,1049.4,396.9,True,1,1,False,False,False,False,,True,False,False,Course Lock,196.8,67,16.4,93,E,SW,5.14,11.4,Calm,False,False,Android,7.0.2,M300 RTK,1ZN7L4R0H1D00F,1W9DL31001461C,1ZMLH8300204F0,1Z6PH74DAP0QN7,"Corona, CA",728.3,5.7,137.7,8.547347,2.013246,0,0,DJI Matrice 300 RTK,M300 RTK,1ZN7L4R0H1D00F,1W9DL31001461C,1ZMLH8300204F0,1Z6PH74DAP0QN7,DJI Pilot,Android,7.0.2,1EF72A62-B7C3-C88D-164E-CE6F8C8424AE,1ZN7L4R0H1D00F,1W9DL31001461C,,1ZMLH8300204F0,1W9DL31001461C,,,,,
2023-11-01,11:29:05.64 AM,4m 43.3s,283.3,33.8013340151213,-117.471756827639,137.7,137.7,18.3,1402,2119.4,5.733727,6.94893,-5.368656,2.23694,-2.013246,1.342164,0,0,-1.6,-2.7,3.1,-157.4,202.6,201.7,Tripod,Other,,23,5,True,,True,False,,Smart,RC,False,True,False,,,True,,False,False,False,False,False,False,False,False,False,False,0,Follow Yaw,-77.9,0,-167,193,False,False,False,False,False,,0,0,False,False,No Card,100,100,1024,1353,1024,777,2,False,False,False,False,False,0,False,False,False,False,84,,47.388,,8486,,10044,,47.388,,True,3.95,3.95,3.95,3.95,3.95,3.95,3.95,3.95,3.95,3.95,3.95,3.95,0,,False,False,True,,,,,,,,,,,,,,,False,False,18.982,,92.6,,75.7,,92.6,,1621,63,14,18,8,143169.5,19089.27,,Idle,,20,,10,,,20,Go Home,False,False,False,False,False,False,False,False,False,False,False,False,33.8027920380556,-117.4659261431046,1845.8,2972.0,1049.4,396.9,True,1,1,False,False,False,False,,True,False,False,Course Lock,196.8,67,16.4,93,E,SW,5.14,11.4,Calm,False,False,Android,7.0.2,M300 RTK,1ZN7L4R0H1D00F,1W9DL31001461C,1ZMLH8300204F0,1Z6PH74DAP0QN7,"Corona, CA",728.3,5.7,137.7,8.547347,2.013246,0,0,DJI Matrice 300 RTK,M300 RTK,1ZN7L4R0H1D00F,1W9DL31001461C,1ZMLH8300204F0,1Z6PH74DAP0QN7,DJI Pilot,Android,7.0.2,1EF72A62-B7C3-C88D-164E-CE6F8C8424AE,1ZN7L4R0H1D00F,1W9DL31001461C,,1ZMLH8300204F0,1W9DL31001461C,,,,,
2023-11-01,11:29:05.74 AM,4m 43.4s,283.4,33.8013317124362,-117.4717578332316,137.7,137.7,18.3,1402,2120.3,5.733727,6.94893,-5.368656,2.23694,-2.013246,1.342164,0,0,-1.8,-2.7,3.2,-158,202,199.9,Tripod,Other,,23,5,True,,True,False,,Smart,RC,False,True,False,,,True,,False,False,False,False,False,False,False,False,False,False,0,Follow Yaw,-77.9,0,-167.6,192.4,False,False,False,False,False,,0,0,False,False,No Card,100,100,1024,1353,1024,778,2,False,False,False,False,False,0,False,False,False,False,84,,47.388,,8486,,10044,,47.388,,True,3.95,3.95,3.95,3.95,3.95,3.95,3.95,3.95,3.95,3.95,3.95,3.95,0,,False,False,True,,,,,,,,,,,,,,,False,False,18.982,,92.6,,75.7,,92.6,,1621,63,14,18,8,143169.5,19089.27,,Idle,,20,,10,,,20,Go Home,False,False,False,False,False,False,False,False,False,False,False,False,33.8027920380556,-117.4659261431046,1846.3,2972.0,1049.4,396.9,True,1,1,False,False,False,False,,True,False,False,Course Lock,196.8,67,16.4,93,E,W,5.14,11.4,Calm,False,False,Android,7.0.2,M300 RTK,1ZN7L4R0H1D00F,1W9DL31001461C,1ZMLH8300204F0,1Z6PH74DAP0QN7,"Corona, CA",728.3,5.7,137.7,8.547347,2.013246,0,0,DJI Matrice 300 RTK,M300 RTK,1ZN7L4R0H1D00F,1W9DL31001461C,1ZMLH8300204F0,1Z6PH74DAP0QN7,DJI Pilot,Android,7.0.2,1EF72A62-B7C3-C88D-164E-CE6F8C8424AE,1ZN7L4R0H1D00F,1W9DL31001461C,,1ZMLH8300204F0,1W9DL31001461C,,,,,
2023-11-01,11:29:05.84 AM,4m 43.5s,283.5,33.8013297644742,-117.4717587923132,137.7,137.7,18.3,1402,2121.0,5.871701,6.94893,-5.59235,2.23694,-1.789552,1.342164,0,0,-1.9,-2.8,3.3,-158.6,201.4,202.2,Tripod,Other,,23,5,True,,True,False,,Smart,RC,False,True,False,,,True,,False,False,False,False,False,False,False,False,False,False,0,Follow Yaw,-77.9,0,-168.2,191.8,False,False,False,False,False,,0,0,False,False,No Card,100,100,1024,1353,1024,779,2,False,False,False,False,False,0,False,False,False,False,84,,47.388,,8486,,10044,,47.388,,True,3.95,3.95,3.95,3.95,3.95,3.95,3.95,3.95,3.95,3.95,3.95,3.95,0,,False,False,True,,,,,,,,,,,,,,,False,False,18.982,,92.6,,75.7,,92.6,,1621,63,14,18,8,143169.5,19089.27,,Idle,,20,,10,,,20,Go Home,False,False,False,False,False,False,False,False,False,False,False,False,33.8027920380556,-117.4659261431046,1846.8,2972.0,1049.4,396.9,True,1,1,False,False,False,False,,True,False,False,Course Lock,196.8,67,16.4,93,E,W,5.14,11.4,Calm,False,False,Android,7.0.2,M300 RTK,1ZN7L4R0H1D00F,1W9DL31001461C,1ZMLH8300204F0,1Z6PH74DAP0QN7,"Corona, CA",728.3,5.7,137.7,8.547347,2.013246,0,0,DJI Matrice 300 RTK,M300 RTK,1ZN7L4R0H1D00F,1W9DL31001461C,1ZMLH8300204F0,1Z6PH74DAP0QN7,DJI Pilot,Android,7.0.2,1EF72A62-B7C3-C88D-164E-CE6F8C8424AE,1ZN7L4R0H1D00F,1W9DL31001461C,,1ZMLH8300204F0,1W9DL31001461C,,,,,
2023-11-01,11:29:05.94 AM,4m 43.6s,283.6,33.8013274831712,-117.4717597370458,137.7,137.7,18.3,1402,2121.9,5.871701,6.94893,-5.59235,2.23694,-1.789552,1.342164,0,0,-1.9,-2.9,3.4,-159.2,200.8,198.9,Tripod,Other,,23,5,True,,True,False,,Smart,RC,False,True,False,,,True,,False,False,False,False,False,False,False,False,False,False,0,Follow Yaw,-77.9,0,-168.8,191.2,False,False,False,False,False,,0,0,False,False,No Card,100,100,1024,1354,1024,781,2,False,False,False,False,False,0,False,False,False,False,84,,47.388,,8486,,10044,,47.388,,True,3.95,3.95,3.95,3.95,3.95,3.95,3.95,3.95,3.95,3.95,3.95,3.95,0,,False,False,True,,,,,,,,,,,,,,,False,False,18.982,,92.6,,75.7,,92.6,,1621,63,14,18,8,143169.5,19089.27,,Idle,,20,,10,,,20,Go Home,False,False,False,False,False,False,False,False,False,False,False,False,33.8027920380556,-117.4659261431046,1847.3,2972.0,1049.4,396.9,True,1,1,False,False,False,False,,True,False,False,Course Lock,196.8,67,16.4,93,E,W,5.14,11.4,Calm,False,False,Android,7.0.2,M300 RTK,1ZN7L4R0H1D00F,1W9DL31001461C,1ZMLH8300204F0,1Z6PH74DAP0QN7,"Corona, CA",728.3,5.7,137.7,8.547347,2.013246,0,0,DJI Matrice 300 RTK,M300 RTK,1ZN7L4R0H1D00F,1W9DL31001461C,1ZMLH8300204F0,1Z6PH74DAP0QN7,DJI Pilot,Android,7.0.2,1EF72A62-B7C3-C88D-164E-CE6F8C8424AE,1ZN7L4R0H1D00F,1W9DL31001461C,,1ZMLH8300204F0,1W9DL31001461C,,,,,
2023-11-01,11:29:06.04 AM,4m 43.7s,283.7,33.8013249847578,-117.4717606722122,137.7,137.7,18.3,1402,2122.9,5.871701,6.94893,-5.59235,2.23694,-1.789552,1.342164,0,0,-2,-2.8,3.4,-159.9,200.1,197.2,Tripod,Other,,23,5,True,,True,False,,Smart,RC,False,True,False,,,True,,False,False,False,False,False,False,False,False,False,False,0,Follow Yaw,-77.9,0,-169.4,190.6,False,False,False,False,False,,0,0,False,False,No Card,100,100,1024,1354,1024,782,2,False,False,False,False,False,0,False,False,False,False,84,,47.388,,8486,,10044,,47.388,,True,3.95,3.95,3.95,3.95,3.95,3.95,3.95,3.95,3.95,3.95,3.95,3.95,0,,False,False,True,,,,,,,,,,,,,,,False,False,18.982,,92.6,,75.7,,92.6,,1621,63,14,18,8,143169.5,19089.27,,Idle,,20,,10,,,20,Go Home,False,False,False,False,False,False,False,False,False,False,False,False,33.8027920380556,-117.4659261431046,1847.9,2972.0,1049.4,396.9,True,1,1,False,False,False,False,,True,False,False,Course Lock,196.8,67,16.4,93,E,W,5.14,11.4,Calm,False,False,Android,7.0.2,M300 RTK,1ZN7L4R0H1D00F,1W9DL31001461C,1ZMLH8300204F0,1Z6PH74DAP0QN7,"Corona, CA",728.3,5.7,137.7,8.547347,2.013246,0,0,DJI Matrice 300 RTK,M300 RTK,1ZN7L4R0H1D00F,1W9DL31001461C,1ZMLH8300204F0,1Z6PH74DAP0QN7,DJI Pilot,Android,7.0.2,1EF72A62-B7C3-C88D-164E-CE6F8C8424AE,1ZN7L4R0H1D00F,1W9DL31001461C,,1ZMLH8300204F0,1W9DL31001461C,,,,,
2023-11-01,11:29:06.14 AM,4m 43.8s,283.8,33.8013226694628,-117.4717615574042,137.7,137.7,18.3,1402,2123.7,5.871701,6.94893,-5.59235,2.23694,-1.789552,1.342164,0,0,-2.1,-2.8,3.5,-160.5,199.5,197.6,Tripod,Other,,23,5,True,,True,False,,Smart,RC,False,True,False,,,True,,False,False,False,False,False,False,False,False,False,False,0,Follow Yaw,-77.9,0,-170,190,False,False,False,False,False,,0,0,False,False,No Card,100,100,1024,1352,1024,782,2,False,False,False,False,False,0,False,False,False,False,84,,47.388,,8486,,10044,,47.388,,True,3.95,3.95,3.95,3.95,3.95,3.95,3.95,3.95,3.95,3.95,3.95,3.95,0,,False,False,True,,,,,,,,,,,,,,,False,False,18.982,,92.6,,75.7,,92.6,,1621,63,14,18,8,143169.5,19089.27,,Idle,,20,,10,,,20,Go Home,False,False,False,False,False,False,False,False,False,False,False,False,33.8027920380556,-117.4659261431046,1848.4,2972.0,1049.4,396.9,True,1,1,False,False,False,False,,True,False,False,Course Lock,196.8,67,16.4,93,E,W,5.14,11.4,Calm,False,False,Android,7.0.2,M300 RTK,1ZN7L4R0H1D00F,1W9DL31001461C,1ZMLH8300204F0,1Z6PH74DAP0QN7,"Corona, CA",728.3,5.7,137.7,8.547347,2.013246,0,0,DJI Matrice 300 RTK,M300 RTK,1ZN7L4R0H1D00F,1W9DL31001461C,1ZMLH8300204F0,1Z6PH74DAP0QN7,DJI Pilot,Android,7.0.2,1EF72A62-B7C3-C88D-164E-CE6F8C8424AE,1ZN7L4R0H1D00F,1W9DL31001461C,,1ZMLH8300204F0,1W9DL31001461C,,,,,
2023-11-01,11:29:06.24 AM,4m 43.9s,283.9,33.8013202143618,-117.4717624445753,137.7,137.7,18.0,1402,2124.7,5.807434,6.94893,-5.59235,2.23694,-1.565858,1.342164,0,0,-2.2,-2.8,3.5,-161.1,198.9,196.7,Tripod,Other,,23,5,True,,True,False,,Smart,RC,False,True,False,,,True,,False,False,False,False,False,False,False,False,False,False,0,Follow Yaw,-77.9,0,-170.6,189.4,False,False,False,False,False,,0,0,False,False,No Card,100,100,1024,1353,1024,784,2,False,False,False,False,False,0,False,False,False,False,84,,47.388,,8486,,10044,,47.388,,True,3.95,3.95,3.95,3.95,3.95,3.95,3.95,3.95,3.95,3.95,3.95,3.95,0,,False,False,True,,,,,,,,,,,,,,,False,False,18.982,,92.6,,75.7,,92.6,,1621,63,14,18,8,143169.5,19089.27,,Idle,,20,,10,,,20,Go Home,False,False,False,False,False,False,False,False,False,False,False,False,33.8027920380556,-117.4659261431046,1848.9,2972.0,1049.4,396.9,True,1,1,False,False,False,False,,True,False,False,Course Lock,196.8,67,16.4,93,E,W,5.14,11.4,Calm,False,False,Android,7.0.2,M300 RTK,1ZN7L4R0H1D00F,1W9DL31001461C,1ZMLH8300204F0,1Z6PH74DAP0QN7,"Corona, CA",728.3,5.7,137.7,8.547347,2.013246,0,0,DJI Matrice 300 RTK,M300 RTK,1ZN7L4R0H1D00F,1W9DL31001461C,1ZMLH8300204F0,1Z6PH74DAP0QN7,DJI Pilot,Android,7.0.2,1EF72A62-B7C3-C88D-164E-CE6F8C8424AE,1ZN7L4R0H1D00F,1W9DL31001461C,,1ZMLH8300204F0,1W9DL31001461C,,,,,
2023-11-01,11:29:06.34 AM,4m 44.0s,284.0,33.8013178711056,-117.4717632710513,137.7,137.7,18.0,1402,2125.6,5.807434,6.94893,-5.59235,2.23694,-1.565858,1.342164,0,0,-2.1,-2.8,3.5,-161.8,198.2,196.3,Tripod,Other,,23,5,True,,True,False,,Smart,RC,False,True,False,,,True,,False,False,False,False,False,False,False,False,False,False,0,Follow Yaw,-77.9,0,-171.2,188.8,False,False,False,False,False,,0,0,False,False,No Card,100,100,1024,1354,1024,786,2,False,False,False,False,False,0,False,False,False,False,84,,47.412,,8486,,10044,,47.412,,True,3.95,3.95,3.95,3.95,3.95,3.95,3.95,3.95,3.95,3.95,3.95,3.95,0,,False,False,True,,,,,,,,,,,,,,,False,False,18.932,,92.6,,75.7,,92.6,,1621,63,14,18,8,143169.5,19089.27,,Idle,,20,,10,,,20,Go Home,False,False,False,False,False,False,False,False,False,False,False,False,33.8027920380556,-117.4659261431046,1849.4,2972.0,1049.4,396.9,True,1,1,False,False,False,False,,True,False,False,Course Lock,196.8,67,16.4,93,E,W,5.14,11.4,Calm,False,False,Android,7.0.2,M300 RTK,1ZN7L4R0H1D00F,1W9DL31001461C,1ZMLH8300204F0,1Z6PH74DAP0QN7,"Corona, CA",728.3,5.7,137.7,8.547347,2.013246,0,0,DJI Matrice 300 RTK,M300 RTK,1ZN7L4R0H1D00F,1W9DL31001461C,1ZMLH8300204F0,1Z6PH74DAP0QN7,DJI Pilot,Android,7.0.2,1EF72A62-B7C3-C88D-164E-CE6F8C8424AE,1ZN7L4R0H1D00F,1W9DL31001461C,,1ZMLH8300204F0,1W9DL31001461C,,,,,
2023-11-01,11:29:06.44 AM,4m 44.1s,284.1,33.8013154340972,-117.4717640340284,137.7,137.7,18.0,1402,2126.5,5.807434,6.94893,-5.59235,2.23694,-1.565858,1.342164,0,0,-2,-2.8,3.4,-162.4,197.6,194.5,Tripod,Other,,23,5,True,,True,False,,Smart,RC,False,True,False,,,True,,False,False,False,False,False,False,False,False,False,False,0,Follow Yaw,-77.9,0,-171.8,188.2,False,False,False,False,False,,0,0,False,False,No Card,100,100,1024,1354,1024,786,2,False,False,False,False,False,0,False,False,False,False,84,,47.412,,8486,,10044,,47.412,,True,3.95,3.95,3.95,3.95,3.95,3.95,3.95,3.95,3.95,3.95,3.95,3.95,0,,False,False,True,,,,,,,,,,,,,,,False,False,18.932,,92.6,,75.7,,92.6,,1621,63,14,18,8,143169.5,19089.27,,Idle,,20,,10,,,20,Go Home,False,False,False,False,False,False,False,False,False,False,False,False,33.8027920380556,-117.4659261431046,1849.9,2972.0,1049.4,396.9,True,1,1,False,False,False,False,,True,False,False,Course Lock,196.8,67,16.4,93,E,W,5.14,11.4,Calm,False,False,Android,7.0.2,M300 RTK,1ZN7L4R0H1D00F,1W9DL31001461C,1ZMLH8300204F0,1Z6PH74DAP0QN7,"Corona, CA",728.3,5.7,137.7,8.547347,2.013246,0,0,DJI Matrice 300 RTK,M300 RTK,1ZN7L4R0H1D00F,1W9DL31001461C,1ZMLH8300204F0,1Z6PH74DAP0QN7,DJI Pilot,Android,7.0.2,1EF72A62-B7C3-C88D-164E-CE6F8C8424AE,1ZN7L4R0H1D00F,1W9DL31001461C,,1ZMLH8300204F0,1W9DL31001461C,,,,,
2023-11-01,11:29:06.54 AM,4m 44.2s,284.2,33.8013130749414,-117.4717648001392,137.7,137.7,18.3,1402,2127.4,5.751154,6.94893,-5.59235,2.23694,-1.342164,1.342164,0,0,-2,-3,3.6,-163,197,195.1,Tripod,Other,,23,5,True,,True,False,,Smart,RC,False,True,False,,,True,,False,False,False,False,False,False,False,False,False,False,0,Follow Yaw,-77.9,0,-172.3,187.7,False,False,False,False,False,,0,0,False,False,No Card,100,100,1024,1354,1024,787,2,False,False,False,False,False,0,False,False,False,False,84,,47.412,,8486,,10044,,47.412,,True,3.95,3.95,3.95,3.95,3.95,3.95,3.95,3.95,3.95,3.95,3.95,3.95,0,,False,False,True,,,,,,,,,,,,,,,False,False,18.932,,92.6,,75.7,,92.6,,1621,63,14,18,8,143169.5,19089.27,,Idle,,20,,10,,,20,Go Home,False,False,False,False,False,False,False,False,False,False,False,False,33.8027920380556,-117.4659261431046,1850.3,2972.0,1049.4,396.9,True,1,1,False,False,False,False,,True,False,False,Course Lock,196.8,67,16.4,93,E,W,5.14,11.4,Calm,False,False,Android,7.0.2,M300 RTK,1ZN7L4R0H1D00F,1W9DL31001461C,1ZMLH8300204F0,1Z6PH74DAP0QN7,"Corona, CA",728.3,5.7,137.7,8.547347,2.013246,0,0,DJI Matrice 300 RTK,M300 RTK,1ZN7L4R0H1D00F,1W9DL31001461C,1ZMLH8300204F0,1Z6PH74DAP0QN7,DJI Pilot,Android,7.0.2,1EF72A62-B7C3-C88D-164E-CE6F8C8424AE,1ZN7L4R0H1D00F,1W9DL31001461C,,1ZMLH8300204F0,1W9DL31001461C,,,,,
2023-11-01,11:29:06.61 AM,4m 44.3s,284.3,33.8013107267509,-117.4717654641568,137.7,137.7,18.3,1402,2128.3,5.751154,6.94893,-5.59235,2.23694,-1.342164,1.342164,0,0,-2.3,-3.2,3.9,-163.5,196.5,193.2,Tripod,Other,,23,5,True,,True,False,,Smart,RC,False,True,False,,,True,,False,False,False,False,False,False,False,False,False,False,0,Follow Yaw,-77.9,0,-172.9,187.1,False,False,False,False,False,,0,0,False,False,No Card,100,100,1024,1353,1024,787,2,False,False,False,False,False,0,False,False,False,False,84,,47.412,,8486,,10044,,47.412,,True,3.952,3.952,3.952,3.952,3.952,3.952,3.952,3.952,3.952,3.952,3.952,3.952,0,,False,False,True,,,,,,,,,,,,,,,False,False,18.932,,92.6,,75.7,,92.6,,1619,63,14,18,8,143285.9,19104.79,,Idle,,20,,10,,,20,Go Home,False,False,False,False,False,False,False,False,False,False,False,False,33.8027920380556,-117.4659261431046,1850.8,2972.0,1049.4,396.9,True,1,1,False,False,False,False,,True,False,False,Course Lock,196.8,67,16.4,93,E,W,5.14,11.4,Calm,False,False,Android,7.0.2,M300 RTK,1ZN7L4R0H1D00F,1W9DL31001461C,1ZMLH8300204F0,1Z6PH74DAP0QN7,"Corona, CA",728.3,5.7,137.7,8.547347,2.013246,0,0,DJI Matrice 300 RTK,M300 RTK,1ZN7L4R0H1D00F,1W9DL31001461C,1ZMLH8300204F0,1Z6PH74DAP0QN7,DJI Pilot,Android,7.0.2,1EF72A62-B7C3-C88D-164E-CE6F8C8424AE,1ZN7L4R0H1D00F,1W9DL31001461C,,1ZMLH8300204F0,1W9DL31001461C,,,,,
2023-11-01,11:29:06.74 AM,4m 44.4s,284.4,33.8013083577265,-117.4717661626454,137.7,137.7,18.3,1402,2129.1,5.751154,6.94893,-5.59235,2.23694,-1.342164,1.342164,0,0,-2.5,-3,3.9,-164,196,193.7,Tripod,Other,,23,5,True,,True,False,,Smart,RC,False,True,False,,,True,,False,False,False,False,False,False,False,False,False,False,0,Follow Yaw,-77.9,0,-173.5,186.5,False,False,False,False,False,,0,0,False,False,No Card,100,100,1024,1353,1024,787,2,False,False,False,False,False,0,False,False,False,False,84,,47.412,,8486,,10044,,47.412,,True,3.952,3.952,3.952,3.952,3.952,3.952,3.952,3.952,3.952,3.952,3.952,3.952,0,,False,False,True,,,,,,,,,,,,,,,False,False,18.932,,92.6,,75.7,,92.6,,1619,63,14,18,8,143285.9,19104.79,,Idle,,20,,10,,,20,Go Home,False,False,False,False,False,False,False,False,False,False,False,False,33.8027920380556,-117.4659261431046,1851.2,2972.0,1049.4,396.9,True,1,1,False,False,False,False,,True,False,False,Course Lock,196.8,67,16.4,93,E,W,5.14,11.4,Calm,False,False,Android,7.0.2,M300 RTK,1ZN7L4R0H1D00F,1W9DL31001461C,1ZMLH8300204F0,1Z6PH74DAP0QN7,"Corona, CA",728.3,5.7,137.7,8.547347,2.013246,0,0,DJI Matrice 300 RTK,M300 RTK,1ZN7L4R0H1D00F,1W9DL31001461C,1ZMLH8300204F0,1Z6PH74DAP0QN7,DJI Pilot,Android,7.0.2,1EF72A62-B7C3-C88D-164E-CE6F8C8424AE,1ZN7L4R0H1D00F,1W9DL31001461C,,1ZMLH8300204F0,1W9DL31001461C,,,,,
2023-11-01,11:29:06.84 AM,4m 44.5s,284.5,33.8013060451727,-117.4717669775762,137.7,137.7,18.0,1402,2130.0,5.751154,6.94893,-5.59235,2.23694,-1.342164,1.342164,0,0,-2.7,-2.7,3.8,-164.5,195.5,196.3,Tripod,Other,,23,5,True,,True,False,,Smart,RC,False,True,False,,,True,,False,False,False,False,False,False,False,False,False,False,0,Follow Yaw,-77.9,0,-174.1,185.9,False,False,False,False,False,,0,0,False,False,No Card,100,100,1024,1351,1024,787,2,False,False,False,False,False,0,False,False,False,False,84,,47.412,,8486,,10044,,47.412,,True,3.952,3.952,3.952,3.952,3.952,3.952,3.952,3.952,3.952,3.952,3.952,3.952,0,,False,False,True,,,,,,,,,,,,,,,False,False,18.932,,92.6,,75.7,,92.6,,1619,63,14,18,8,143285.9,19104.79,,Idle,,20,,10,,,20,Go Home,False,False,False,False,False,False,False,False,False,False,False,False,33.8027920380556,-117.4659261431046,1851.7,2972.0,1049.4,396.9,True,1,1,False,False,False,False,,True,False,False,Course Lock,196.8,67,16.4,93,E,W,5.14,11.4,Calm,False,False,Android,7.0.2,M300 RTK,1ZN7L4R0H1D00F,1W9DL31001461C,1ZMLH8300204F0,1Z6PH74DAP0QN7,"Corona, CA",728.3,5.7,137.7,8.547347,2.013246,0,0,DJI Matrice 300 RTK,M300 RTK,1ZN7L4R0H1D00F,1W9DL31001461C,1ZMLH8300204F0,1Z6PH74DAP0QN7,DJI Pilot,Android,7.0.2,1EF72A62-B7C3-C88D-164E-CE6F8C8424AE,1ZN7L4R0H1D00F,1W9DL31001461C,,1ZMLH8300204F0,1W9DL31001461C,,,,,
2023-11-01,11:29:06.94 AM,4m 44.6s,284.6,33.8013036591524,-117.4717676498404,137.7,137.7,18.0,1402,2130.9,5.751154,6.94893,-5.59235,2.23694,-1.342164,1.342164,0,0,-2.8,-2.5,3.7,-165.1,194.9,193.1,Tripod,Other,,23,5,True,,True,False,,Smart,RC,False,True,False,,,True,,False,False,False,False,False,False,False,False,False,False,0,Follow Yaw,-77.9,0,-174.6,185.4,False,False,False,False,False,,0,0,False,False,No Card,100,100,1024,1355,1024,787,2,False,False,False,False,False,0,False,False,False,False,84,,47.412,,8486,,10044,,47.412,,True,3.952,3.952,3.952,3.952,3.952,3.952,3.952,3.952,3.952,3.952,3.952,3.952,0,,False,False,True,,,,,,,,,,,,,,,False,False,18.932,,92.6,,75.7,,92.6,,1619,63,14,18,8,143285.9,19104.79,,Idle,,20,,10,,,20,Go Home,False,False,False,False,False,False,False,False,False,False,False,False,33.8027920380556,-117.4659261431046,1852.2,2972.0,1049.4,396.9,True,1,1,False,False,False,False,,True,False,False,Course Lock,196.8,67,16.4,93,E,W,4.92,11.4,Calm,False,False,Android,7.0.2,M300 RTK,1ZN7L4R0H1D00F,1W9DL31001461C,1ZMLH8300204F0,1Z6PH74DAP0QN7,"Corona, CA",728.3,5.7,137.7,8.547347,2.013246,0,0,DJI Matrice 300 RTK,M300 RTK,1ZN7L4R0H1D00F,1W9DL31001461C,1ZMLH8300204F0,1Z6PH74DAP0QN7,DJI Pilot,Android,7.0.2,1EF72A62-B7C3-C88D-164E-CE6F8C8424AE,1ZN7L4R0H1D00F,1W9DL31001461C,,1ZMLH8300204F0,1W9DL31001461C,,,,,
2023-11-01,11:29:07.04 AM,4m 44.7s,284.7,33.8013015390373,-117.4717680887254,137.7,137.7,18.0,1402,2131.7,5.9689,6.94893,-5.816044,2.23694,-1.342164,1.342164,0,0,-2.5,-2.7,3.6,-165.7,194.3,189.7,Tripod,Other,,23,5,True,,True,False,,Smart,RC,False,True,False,,,True,,False,False,False,False,False,False,False,False,False,False,0,Follow Yaw,-77.9,0,-175.2,184.8,False,False,False,False,False,,0,0,False,False,No Card,100,100,1024,1353,1024,787,2,False,False,False,False,False,0,False,False,False,False,85,,47.34,,4238,,4986,,47.34,,True,3.952,3.952,3.952,3.952,3.952,3.952,3.952,3.952,3.952,3.952,3.952,3.952,0,,False,False,True,,,,,,,,,,,,,,,False,False,9.358,,92.6,,75.7,,92.6,,1619,63,14,18,8,143285.9,19104.79,,Idle,,20,,10,,,20,Go Home,False,False,False,False,False,False,False,False,False,False,False,False,33.8027920380556,-117.4659261431046,1852.5,2972.0,1049.4,396.9,True,1,1,False,False,False,False,,True,False,False,Course Lock,196.8,67,16.4,93,E,W,4.92,11.4,Calm,False,False,Android,7.0.2,M300 RTK,1ZN7L4R0H1D00F,1W9DL31001461C,1ZMLH8300204F0,1Z6PH74DAP0QN7,"Corona, CA",728.3,5.7,137.7,8.547347,2.013246,0,0,DJI Matrice 300 RTK,M300 RTK,1ZN7L4R0H1D00F,1W9DL31001461C,1ZMLH8300204F0,1Z6PH74DAP0QN7,DJI Pilot,Android,7.0.2,1EF72A62-B7C3-C88D-164E-CE6F8C8424AE,1ZN7L4R0H1D00F,1W9DL31001461C,,1ZMLH8300204F0,1W9DL31001461C,,,,,
2023-11-01,11:29:07.13 AM,4m 44.8s,284.8,33.8012991601442,-117.4717687161282,137.7,137.7,18.0,1402,2132.6,5.922612,6.94893,-5.816044,2.23694,-1.11847,1.342164,0,0,-2.3,-3,3.7,-166.2,193.8,192.3,Tripod,Other,,23,5,True,,True,False,,Smart,RC,False,True,False,,,True,,False,False,False,False,False,False,False,False,False,False,0,Follow Yaw,-77.9,0,-175.8,184.2,False,False,False,False,False,,0,0,False,False,No Card,100,100,1024,1351,1024,788,2,False,False,False,False,False,0,False,False,False,False,85,,47.34,,4238,,4986,,47.34,,True,3.952,3.952,3.952,3.952,3.952,3.952,3.952,3.952,3.952,3.952,3.952,3.952,0,,False,False,True,,,,,,,,,,,,,,,False,False,9.358,,92.6,,75.7,,92.6,,1619,63,14,18,8,143285.9,19104.79,,Idle,,20,,10,,,20,Go Home,False,False,False,False,False,False,False,False,False,False,False,False,33.8027920380556,-117.4659261431046,1852.9,2972.0,1049.4,396.9,True,1,1,False,False,False,False,,True,False,False,Course Lock,196.8,67,16.4,93,E,W,4.92,11.4,Calm,False,False,Android,7.0.2,M300 RTK,1ZN7L4R0H1D00F,1W9DL31001461C,1ZMLH8300204F0,1Z6PH74DAP0QN7,"Corona, CA",728.3,5.7,137.7,8.547347,2.013246,0,0,DJI Matrice 300 RTK,M300 RTK,1ZN7L4R0H1D00F,1W9DL31001461C,1ZMLH8300204F0,1Z6PH74DAP0QN7,DJI Pilot,Android,7.0.2,1EF72A62-B7C3-C88D-164E-CE6F8C8424AE,1ZN7L4R0H1D00F,1W9DL31001461C,,1ZMLH8300204F0,1W9DL31001461C,,,,,
2023-11-01,11:29:07.23 AM,4m 44.9s,284.9,33.8012966957229,-117.4717693499632,137.7,137.7,18.0,1402,2133.5,5.922612,6.94893,-5.816044,2.23694,-1.11847,1.342164,0,0,-2,-3.3,3.8,-166.8,193.2,192.0,Tripod,Other,,23,5,True,,True,False,,Smart,RC,False,True,False,,,True,,False,False,False,False,False,False,False,False,False,False,0,Follow Yaw,-77.9,0,-176.4,183.6,False,False,False,False,False,,0,0,False,False,No Card,100,100,1024,1353,1024,787,2,False,False,False,False,False,0,False,False,False,False,85,,47.34,,4238,,4986,,47.34,,True,3.952,3.952,3.952,3.952,3.952,3.952,3.952,3.952,3.952,3.952,3.952,3.952,0,,False,False,True,,,,,,,,,,,,,,,False,False,9.358,,92.6,,75.7,,92.6,,1619,63,14,18,8,143285.9,19104.79,,Idle,,20,,10,,,20,Go Home,False,False,False,False,False,False,False,False,False,False,False,False,33.8027920380556,-117.4659261431046,1853.4,2972.0,1049.4,396.9,True,1,1,False,False,False,False,,True,False,False,Course Lock,196.8,67,16.4,93,E,W,4.92,11.4,Calm,False,False,Android,7.0.2,M300 RTK,1ZN7L4R0H1D00F,1W9DL31001461C,1ZMLH8300204F0,1Z6PH74DAP0QN7,"Corona, CA",728.3,5.7,137.7,8.547347,2.013246,0,0,DJI Matrice 300 RTK,M300 RTK,1ZN7L4R0H1D00F,1W9DL31001461C,1ZMLH8300204F0,1Z6PH74DAP0QN7,DJI Pilot,Android,7.0.2,1EF72A62-B7C3-C88D-164E-CE6F8C8424AE,1ZN7L4R0H1D00F,1W9DL31001461C,,1ZMLH8300204F0,1W9DL31001461C,,,,,
2023-11-01,11:29:07.33 AM,4m 45.0s,285.0,33.8012943053165,-117.4717699249174,137.7,137.7,18.0,1402,2134.4,5.922612,6.94893,-5.816044,2.23694,-1.11847,1.342164,0,0,-1.9,-3.5,3.9,-167.3,192.7,191.3,Tripod,Other,,23,5,True,,True,False,,Smart,RC,False,True,False,,,True,,False,False,False,False,False,False,False,False,False,False,0,Follow Yaw,-77.9,0,-176.9,183.1,False,False,False,False,False,,0,0,False,False,No Card,100,100,1024,1351,1024,787,2,False,False,False,False,False,0,False,False,False,False,84,,47.388,,8486,,10044,,47.388,,True,3.952,3.952,3.952,3.952,3.952,3.952,3.952,3.952,3.952,3.952,3.952,3.952,0,,False,False,True,,,,,,,,,,,,,,,False,False,18.936,,92.8,,75.7,,92.8,,1619,63,14,18,8,143285.9,19104.79,,Idle,,20,,10,,,20,Go Home,False,False,False,False,False,False,False,False,False,False,False,False,33.8027920380556,-117.4659261431046,1853.8,2972.0,1049.4,396.9,True,1,1,False,False,False,False,,True,False,False,Course Lock,196.8,67,16.4,93,E,W,4.92,11.4,Calm,False,False,Android,7.0.2,M300 RTK,1ZN7L4R0H1D00F,1W9DL31001461C,1ZMLH8300204F0,1Z6PH74DAP0QN7,"Corona, CA",728.3,5.7,137.7,8.547347,2.013246,0,0,DJI Matrice 300 RTK,M300 RTK,1ZN7L4R0H1D00F,1W9DL31001461C,1ZMLH8300204F0,1Z6PH74DAP0QN7,DJI Pilot,Android,7.0.2,1EF72A62-B7C3-C88D-164E-CE6F8C8424AE,1ZN7L4R0H1D00F,1W9DL31001461C,,1ZMLH8300204F0,1W9DL31001461C,,,,,
2023-11-01,11:29:07.43 AM,4m 45.1s,285.1,33.8012918792732,-117.4717705419292,137.7,137.7,18.0,1402,2135.3,5.922612,6.94893,-5.816044,2.23694,-1.11847,1.342164,0,0,-2,-3.4,3.9,-167.9,192.1,191.9,Tripod,Other,,23,5,True,,True,False,,Smart,RC,False,True,False,,,True,,False,False,False,False,False,False,False,False,False,False,0,Follow Yaw,-77.9,0,-177.5,182.5,False,False,False,False,False,,0,0,False,False,No Card,100,100,1024,1353,1024,787,2,False,False,False,False,False,0,False,False,False,False,84,,47.388,,8486,,10044,,47.388,,True,3.952,3.952,3.952,3.952,3.952,3.952,3.952,3.952,3.952,3.952,3.952,3.952,0,,False,False,True,,,,,,,,,,,,,,,False,False,18.936,,92.8,,75.7,,92.8,,1619,63,14,18,8,143285.9,19104.79,,Idle,,20,,10,,,20,Go Home,False,False,False,False,False,False,False,False,False,False,False,False,33.8027920380556,-117.4659261431046,1854.3,2972.0,1049.4,396.9,True,1,1,False,False,False,False,,True,False,False,Course Lock,196.8,67,16.4,93,E,W,4.92,11.4,Calm,False,False,Android,7.0.2,M300 RTK,1ZN7L4R0H1D00F,1W9DL31001461C,1ZMLH8300204F0,1Z6PH74DAP0QN7,"Corona, CA",728.3,5.7,137.7,8.547347,2.013246,0,0,DJI Matrice 300 RTK,M300 RTK,1ZN7L4R0H1D00F,1W9DL31001461C,1ZMLH8300204F0,1Z6PH74DAP0QN7,DJI Pilot,Android,7.0.2,1EF72A62-B7C3-C88D-164E-CE6F8C8424AE,1ZN7L4R0H1D00F,1W9DL31001461C,,1ZMLH8300204F0,1W9DL31001461C,,,,,
2023-11-01,11:29:07.54 AM,4m 45.2s,285.2,33.8012894877705,-117.4717710571798,137.7,137.7,18.0,1402,2136.2,5.88447,6.94893,-5.816044,2.23694,-0.894776,1.342164,0,0,-2.4,-3.2,4,-168.4,191.6,190.1,Tripod,Other,,23,5,True,,True,False,,Smart,RC,False,True,False,,,True,,False,False,False,False,False,False,False,False,False,False,0,Follow Yaw,-77.9,0,-178.1,181.9,False,False,False,False,False,,0,0,False,False,No Card,100,100,1024,1353,1024,790,2,False,False,False,False,False,0,False,False,False,False,84,,47.388,,8486,,10044,,47.388,,True,3.952,3.952,3.952,3.952,3.952,3.952,3.952,3.952,3.952,3.952,3.952,3.952,0,,False,False,True,,,,,,,,,,,,,,,False,False,18.936,,92.8,,75.7,,92.8,,1619,63,14,18,8,143285.9,19104.79,,Idle,,20,,10,,,20,Go Home,False,False,False,False,False,False,False,False,False,False,False,False,33.8027920380556,-117.4659261431046,1854.7,2972.0,1049.4,396.9,True,1,1,False,False,False,False,,True,False,False,Course Lock,196.8,67,16.4,93,E,W,4.92,11.4,Calm,False,False,Android,7.0.2,M300 RTK,1ZN7L4R0H1D00F,1W9DL31001461C,1ZMLH8300204F0,1Z6PH74DAP0QN7,"Corona, CA",728.3,5.7,137.7,8.547347,2.013246,0,0,DJI Matrice 300 RTK,M300 RTK,1ZN7L4R0H1D00F,1W9DL31001461C,1ZMLH8300204F0,1Z6PH74DAP0QN7,DJI Pilot,Android,7.0.2,1EF72A62-B7C3-C88D-164E-CE6F8C8424AE,1ZN7L4R0H1D00F,1W9DL31001461C,,1ZMLH8300204F0,1W9DL31001461C,,,,,
2023-11-01,11:29:07.64 AM,4m 45.3s,285.3,33.8012869630405,-117.4717715001862,137.7,137.7,18.0,1402,2137.1,5.88447,6.94893,-5.816044,2.23694,-0.894776,1.342164,0,0,-2.5,-3,3.9,-169,191,188.2,Tripod,Other,,23,5,True,,True,False,,Smart,RC,False,True,False,,,True,,False,False,False,False,False,False,False,False,False,False,0,Follow Yaw,-77.9,0,-178.7,181.3,False,False,False,False,False,,0,0,False,False,No Card,100,100,1024,1352,1024,792,2,False,False,False,False,False,0,False,False,False,False,84,,47.388,,8486,,10044,,47.388,,True,3.945,3.945,3.945,3.945,3.945,3.945,3.945,3.945,3.945,3.945,3.945,3.945,0,,False,False,True,,,,,,,,,,,,,,,False,False,18.936,,92.8,,75.7,,92.8,,1616,63,14,18,8,143264.6,19101.95,,Idle,,20,,10,,,20,Go Home,False,False,False,False,False,False,False,False,False,False,False,False,33.8027920380556,-117.4659261431046,1855.1,2972.0,1049.4,396.9,True,1,1,False,False,False,False,,True,False,False,Course Lock,196.8,67,16.4,93,E,W,4.92,11.4,Calm,False,False,Android,7.0.2,M300 RTK,1ZN7L4R0H1D00F,1W9DL31001461C,1ZMLH8300204F0,1Z6PH74DAP0QN7,"Corona, CA",728.3,5.7,137.7,8.547347,2.013246,0,0,DJI Matrice 300 RTK,M300 RTK,1ZN7L4R0H1D00F,1W9DL31001461C,1ZMLH8300204F0,1Z6PH74DAP0QN7,DJI Pilot,Android,7.0.2,1EF72A62-B7C3-C88D-164E-CE6F8C8424AE,1ZN7L4R0H1D00F,1W9DL31001461C,,1ZMLH8300204F0,1W9DL31001461C,,,,,
2023-11-01,11:29:07.74 AM,4m 45.4s,285.4,33.8012845419316,-117.471771956719,137.7,137.7,18.0,1402,2138.0,5.88447,6.94893,-5.816044,2.23694,-0.894776,1.342164,0,0,-2.5,-2.9,3.8,-169.6,190.4,188.9,Tripod,Other,,23,5,True,,True,False,,Smart,RC,False,True,False,,,True,,False,False,False,False,False,False,False,False,False,False,0,Follow Yaw,-77.9,0,-179.2,180.8,False,False,False,False,False,,0,0,False,False,No Card,100,100,1024,1350,1024,792,2,False,False,False,False,False,0,False,False,False,False,84,,47.388,,8486,,10044,,47.388,,True,3.945,3.945,3.945,3.945,3.945,3.945,3.945,3.945,3.945,3.945,3.945,3.945,0,,False,False,True,,,,,,,,,,,,,,,False,False,18.936,,92.8,,75.7,,92.8,,1616,63,14,18,8,143264.6,19101.95,,Idle,,20,,10,,,20,Go Home,False,False,False,False,False,False,False,False,False,False,False,False,33.8027920380556,-117.4659261431046,1855.5,2972.0,1049.4,396.9,True,1,1,False,False,False,False,,True,False,False,Course Lock,196.8,67,16.4,93,E,W,4.92,11.4,Calm,False,False,Android,7.0.2,M300 RTK,1ZN7L4R0H1D00F,1W9DL31001461C,1ZMLH8300204F0,1Z6PH74DAP0QN7,"Corona, CA",728.3,5.7,137.7,8.547347,2.013246,0,0,DJI Matrice 300 RTK,M300 RTK,1ZN7L4R0H1D00F,1W9DL31001461C,1ZMLH8300204F0,1Z6PH74DAP0QN7,DJI Pilot,Android,7.0.2,1EF72A62-B7C3-C88D-164E-CE6F8C8424AE,1ZN7L4R0H1D00F,1W9DL31001461C,,1ZMLH8300204F0,1W9DL31001461C,,,,,
2023-11-01,11:29:07.84 AM,4m 45.5s,285.5,33.8012821860654,-117.4717723678952,137.7,137.7,18.3,1402,2138.9,5.88447,6.94893,-5.816044,2.23694,-0.894776,1.342164,0,0,-2.3,-3,3.7,-170.3,189.7,188.2,Tripod,Other,,23,5,True,,True,False,,Smart,RC,False,True,False,,,True,,False,False,False,False,False,False,False,False,False,False,0,Follow Yaw,-77.9,0,-179.8,180.2,False,False,False,False,False,,0,0,False,False,No Card,100,100,1024,1351,1024,792,2,False,False,False,False,False,0,False,False,False,False,84,,47.388,,8486,,10044,,47.388,,True,3.945,3.945,3.945,3.945,3.945,3.945,3.945,3.945,3.945,3.945,3.945,3.945,0,,False,False,True,,,,,,,,,,,,,,,False,False,18.936,,92.8,,75.7,,92.8,,1616,63,14,18,8,143264.6,19101.95,,Idle,,20,,10,,,20,Go Home,False,False,False,False,False,False,False,False,False,False,False,False,33.8027920380556,-117.4659261431046,1855.8,2972.0,1049.4,396.9,True,1,1,False,False,False,False,,True,False,False,Course Lock,196.8,67,16.4,93,E,W,4.92,11.4,Calm,False,False,Android,7.0.2,M300 RTK,1ZN7L4R0H1D00F,1W9DL31001461C,1ZMLH8300204F0,1Z6PH74DAP0QN7,"Corona, CA",728.3,5.7,137.7,8.547347,2.013246,0,0,DJI Matrice 300 RTK,M300 RTK,1ZN7L4R0H1D00F,1W9DL31001461C,1ZMLH8300204F0,1Z6PH74DAP0QN7,DJI Pilot,Android,7.0.2,1EF72A62-B7C3-C88D-164E-CE6F8C8424AE,1ZN7L4R0H1D00F,1W9DL31001461C,,1ZMLH8300204F0,1W9DL31001461C,,,,,
2023-11-01,11:29:07.95 AM,4m 45.6s,285.6,33.801279753443,-117.4717727508682,137.7,137.7,18.0,1402,2139.8,5.854632,6.94893,-5.816044,2.23694,-0.671082,1.342164,0,0,-2,-3.1,3.6,-170.9,189.1,187.4,Tripod,Other,,23,5,True,,True,False,,Smart,RC,False,True,False,,,True,,False,False,False,False,False,False,False,False,False,False,0,Follow Yaw,-77.9,0,179.6,179.6,False,False,False,False,False,,0,0,False,False,No Card,100,100,1024,1352,1024,792,2,False,False,False,False,False,0,False,False,False,False,84,,47.388,,8486,,10044,,47.388,,True,3.945,3.945,3.945,3.945,3.945,3.945,3.945,3.945,3.945,3.945,3.945,3.945,0,,False,False,True,,,,,,,,,,,,,,,False,False,18.936,,92.8,,75.7,,92.8,,1616,63,14,18,8,143264.6,19101.95,,Idle,,20,,10,,,20,Go Home,False,False,False,False,False,False,False,False,False,False,False,False,33.8027920380556,-117.4659261431046,1856.2,2972.0,1049.4,396.9,True,1,1,False,False,False,False,,True,False,False,Course Lock,196.8,67,16.4,93,E,W,4.92,11.4,Calm,False,False,Android,7.0.2,M300 RTK,1ZN7L4R0H1D00F,1W9DL31001461C,1ZMLH8300204F0,1Z6PH74DAP0QN7,"Corona, CA",728.3,5.7,137.7,8.547347,2.013246,0,0,DJI Matrice 300 RTK,M300 RTK,1ZN7L4R0H1D00F,1W9DL31001461C,1ZMLH8300204F0,1Z6PH74DAP0QN7,DJI Pilot,Android,7.0.2,1EF72A62-B7C3-C88D-164E-CE6F8C8424AE,1ZN7L4R0H1D00F,1W9DL31001461C,,1ZMLH8300204F0,1W9DL31001461C,,,,,
2023-11-01,11:29:08.04 AM,4m 45.7s,285.7,33.8012774375997,-117.4717730879898,137.7,137.7,18.3,1402,2140.6,5.854632,6.94893,-5.816044,2.23694,-0.671082,1.342164,0,0,-1.8,-3.1,3.5,-171.5,188.5,186.8,Tripod,Other,,23,5,True,,True,False,,Smart,RC,False,True,False,,,True,,False,False,False,False,False,False,False,False,False,False,0,Follow Yaw,-77.9,0,179,179,False,False,False,False,False,,0,0,False,False,No Card,100,100,1024,1351,1024,793,2,False,False,False,False,False,0,False,False,False,False,84,,47.388,,8486,,10044,,47.388,,True,3.945,3.945,3.945,3.945,3.945,3.945,3.945,3.945,3.945,3.945,3.945,3.945,0,,False,False,True,,,,,,,,,,,,,,,False,False,18.936,,92.8,,75.7,,92.8,,1616,63,14,18,8,143264.6,19101.95,,Idle,,20,,10,,,20,Go Home,False,False,False,False,False,False,False,False,False,False,False,False,33.8027920380556,-117.4659261431046,1856.6,2972.0,1049.4,396.9,True,1,1,False,False,False,False,,True,False,False,Course Lock,196.8,67,16.4,93,E,W,4.92,11.4,Calm,False,False,Android,7.0.2,M300 RTK,1ZN7L4R0H1D00F,1W9DL31001461C,1ZMLH8300204F0,1Z6PH74DAP0QN7,"Corona, CA",728.3,5.7,137.7,8.547347,2.013246,0,0,DJI Matrice 300 RTK,M300 RTK,1ZN7L4R0H1D00F,1W9DL31001461C,1ZMLH8300204F0,1Z6PH74DAP0QN7,DJI Pilot,Android,7.0.2,1EF72A62-B7C3-C88D-164E-CE6F8C8424AE,1ZN7L4R0H1D00F,1W9DL31001461C,,1ZMLH8300204F0,1W9DL31001461C,,,,,
2023-11-01,11:29:08.16 AM,4m 45.8s,285.8,33.8012750142978,-117.4717733870121,137.7,137.7,18.3,1402,2141.5,5.833225,6.94893,-5.816044,2.23694,-0.447388,1.342164,0,0,-1.9,-2.9,3.4,-172.1,187.9,185.8,Tripod,Other,,23,5,True,,True,False,,Smart,RC,False,True,False,,,True,,False,False,False,False,False,False,False,False,False,False,0,Follow Yaw,-77.9,0,178.4,178.4,False,False,False,False,False,,0,0,False,False,No Card,100,100,1024,1352,1024,795,2,False,False,False,False,False,0,False,False,False,False,84,,47.388,,8486,,10044,,47.388,,True,3.945,3.945,3.945,3.945,3.945,3.945,3.945,3.945,3.945,3.945,3.945,3.945,0,,False,False,True,,,,,,,,,,,,,,,False,False,18.936,,92.8,,75.7,,92.8,,1616,63,14,18,8,143264.6,19101.95,,Idle,,20,,10,,,20,Go Home,False,False,False,False,False,False,False,False,False,False,False,False,33.8027920380556,-117.4659261431046,1856.9,2972.0,1049.4,396.9,True,1,1,False,False,False,False,,True,False,False,Course Lock,196.8,67,16.4,93,E,W,4.92,11.4,Calm,False,False,Android,7.0.2,M300 RTK,1ZN7L4R0H1D00F,1W9DL31001461C,1ZMLH8300204F0,1Z6PH74DAP0QN7,"Corona, CA",728.3,5.7,137.7,8.547347,2.013246,0,0,DJI Matrice 300 RTK,M300 RTK,1ZN7L4R0H1D00F,1W9DL31001461C,1ZMLH8300204F0,1Z6PH74DAP0QN7,DJI Pilot,Android,7.0.2,1EF72A62-B7C3-C88D-164E-CE6F8C8424AE,1ZN7L4R0H1D00F,1W9DL31001461C,,1ZMLH8300204F0,1W9DL31001461C,,,,,
2023-11-01,11:29:08.26 AM,4m 45.9s,285.9,33.801272521367,-117.471773904075,137.7,137.7,18.3,1402,2142.4,5.833225,6.94893,-5.816044,2.23694,-0.447388,1.342164,0,0,-2.2,-2.7,3.4,-172.7,187.3,189.7,Tripod,Other,,23,5,True,,True,False,,Smart,RC,False,True,False,,,True,,False,False,False,False,False,False,False,False,False,False,0,Follow Yaw,-77.9,0,177.9,177.9,False,False,False,False,False,,0,0,False,False,No Card,100,100,1024,1351,1024,814,2,False,False,False,False,False,0,False,False,False,False,84,,47.388,,8486,,10044,,47.388,,True,3.945,3.945,3.945,3.945,3.945,3.945,3.945,3.945,3.945,3.945,3.945,3.945,0,,False,False,True,,,,,,,,,,,,,,,False,False,18.936,,92.8,,75.7,,92.8,,1616,63,14,18,8,143264.6,19101.95,,Idle,,20,,10,,,20,Go Home,False,False,False,False,False,False,False,False,False,False,False,False,33.8027920380556,-117.4659261431046,1857.3,2972.0,1049.4,396.9,True,1,1,False,False,False,False,,True,False,False,Course Lock,196.8,67,16.4,93,E,W,4.92,11.4,Calm,False,False,Android,7.0.2,M300 RTK,1ZN7L4R0H1D00F,1W9DL31001461C,1ZMLH8300204F0,1Z6PH74DAP0QN7,"Corona, CA",728.3,5.7,137.7,8.547347,2.013246,0,0,DJI Matrice 300 RTK,M300 RTK,1ZN7L4R0H1D00F,1W9DL31001461C,1ZMLH8300204F0,1Z6PH74DAP0QN7,DJI Pilot,Android,7.0.2,1EF72A62-B7C3-C88D-164E-CE6F8C8424AE,1ZN7L4R0H1D00F,1W9DL31001461C,,1ZMLH8300204F0,1W9DL31001461C,,,,,
2023-11-01,11:29:08.36 AM,4m 46.0s,286.0,33.8012700881964,-117.4717741483398,137.7,137.7,18.3,1402,2143.3,5.833225,6.94893,-5.816044,2.23694,-0.447388,1.342164,0,0,-2.4,-2.7,3.6,-173.2,186.8,184.7,Tripod,Other,,23,5,True,,True,False,,Smart,RC,False,True,False,,,True,,False,False,False,False,False,False,False,False,False,False,0,Follow Yaw,-77.9,0,177.4,177.4,False,False,False,False,False,,0,0,False,False,No Card,100,100,1024,1352,1024,835,2,False,False,False,False,False,0,False,False,False,False,85,,47.34,,4238,,4986,,47.34,,True,3.945,3.945,3.945,3.945,3.945,3.945,3.945,3.945,3.945,3.945,3.945,3.945,0,,False,False,True,,,,,,,,,,,,,,,False,False,9.334,,92.6,,75.7,,92.8,,1616,63,14,18,8,143264.6,19101.95,,Idle,,20,,10,,,20,Go Home,False,False,False,False,False,False,False,False,False,False,False,False,33.8027920380556,-117.4659261431046,1857.7,2972.0,1049.4,396.9,True,1,1,False,False,False,False,,True,False,False,Course Lock,196.8,67,16.4,93,E,W,4.92,11.4,Calm,False,False,Android,7.0.2,M300 RTK,1ZN7L4R0H1D00F,1W9DL31001461C,1ZMLH8300204F0,1Z6PH74DAP0QN7,"Corona, CA",728.3,5.7,137.7,8.547347,2.013246,0,0,DJI Matrice 300 RTK,M300 RTK,1ZN7L4R0H1D00F,1W9DL31001461C,1ZMLH8300204F0,1Z6PH74DAP0QN7,DJI Pilot,Android,7.0.2,1EF72A62-B7C3-C88D-164E-CE6F8C8424AE,1ZN7L4R0H1D00F,1W9DL31001461C,,1ZMLH8300204F0,1W9DL31001461C,,,,,
2023-11-01,11:29:08.47 AM,4m 46.1s,286.1,33.801267850754,-117.4717742369084,137.7,137.7,18.3,1402,2144.2,5.820344,6.94893,-5.816044,2.23694,-0.223694,1.342164,0,0,-2.5,-2.3,3.3,-173.8,186.2,181.8,Tripod,Other,,23,5,True,,True,False,,Smart,RC,False,True,False,,,True,,False,False,False,False,False,False,False,False,False,False,0,Follow Yaw,-77.9,0,176.9,176.9,False,False,False,False,False,,0,0,False,False,No Card,100,100,1024,1350,1024,881,2,False,False,False,False,False,0,False,False,False,False,85,,47.34,,4238,,4986,,47.34,,True,3.945,3.945,3.945,3.945,3.945,3.945,3.945,3.945,3.945,3.945,3.945,3.945,0,,False,False,True,,,,,,,,,,,,,,,False,False,9.334,,92.6,,75.7,,92.8,,1616,63,14,18,8,143264.6,19101.95,,Idle,,20,,10,,,20,Go Home,False,False,False,False,False,False,False,False,False,False,False,False,33.8027920380556,-117.4659261431046,1857.9,2972.0,1049.4,396.9,True,1,1,False,False,False,False,,True,False,False,Course Lock,196.8,67,16.4,93,E,W,4.92,11.4,Calm,False,False,Android,7.0.2,M300 RTK,1ZN7L4R0H1D00F,1W9DL31001461C,1ZMLH8300204F0,1Z6PH74DAP0QN7,"Corona, CA",728.3,5.7,137.7,8.547347,2.013246,0,0,DJI Matrice 300 RTK,M300 RTK,1ZN7L4R0H1D00F,1W9DL31001461C,1ZMLH8300204F0,1Z6PH74DAP0QN7,DJI Pilot,Android,7.0.2,1EF72A62-B7C3-C88D-164E-CE6F8C8424AE,1ZN7L4R0H1D00F,1W9DL31001461C,,1ZMLH8300204F0,1W9DL31001461C,,,,,
2023-11-01,11:29:08.57 AM,4m 46.2s,286.2,33.8012654274521,-117.4717744006862,137.7,137.7,18.3,1402,2145.0,5.820344,6.94893,-5.816044,2.23694,-0.223694,1.342164,0,0,-2.4,-1.9,3,-174.2,185.8,183.2,Tripod,Other,,23,5,True,,True,False,,Smart,RC,False,True,False,,,True,,False,False,False,False,False,False,False,False,False,False,0,Follow Yaw,-77.9,0,176.5,176.5,False,False,False,False,False,,0,0,False,False,No Card,100,100,1024,1351,1024,1024,2,False,False,False,False,False,0,False,False,False,False,85,,47.34,,4238,,4986,,47.34,,True,3.945,3.945,3.945,3.945,3.945,3.945,3.945,3.945,3.945,3.945,3.945,3.945,0,,False,False,True,,,,,,,,,,,,,,,False,False,9.334,,92.6,,75.7,,92.8,,1616,63,14,18,8,143264.6,19101.95,,Idle,,20,,10,,,20,Go Home,False,False,False,False,False,False,False,False,False,False,False,False,33.8027920380556,-117.4659261431046,1858.2,2972.0,1049.4,396.9,True,1,1,False,False,False,False,,True,False,False,Course Lock,196.8,67,16.4,93,E,W,4.92,11.4,Calm,False,False,Android,7.0.2,M300 RTK,1ZN7L4R0H1D00F,1W9DL31001461C,1ZMLH8300204F0,1Z6PH74DAP0QN7,"Corona, CA",728.3,5.7,137.7,8.547347,2.013246,0,0,DJI Matrice 300 RTK,M300 RTK,1ZN7L4R0H1D00F,1W9DL31001461C,1ZMLH8300204F0,1Z6PH74DAP0QN7,DJI Pilot,Android,7.0.2,1EF72A62-B7C3-C88D-164E-CE6F8C8424AE,1ZN7L4R0H1D00F,1W9DL31001461C,,1ZMLH8300204F0,1W9DL31001461C,,,,,
2023-11-01,11:29:08.67 AM,4m 46.3s,286.3,33.8012628177423,-117.4717744349921,137.7,137.7,18.0,1402,2146.0,5.820344,6.94893,-5.816044,2.23694,-0.223694,1.342164,0,0,-2.3,-1.4,2.6,-174.7,185.3,180.6,Tripod,Other,,23,5,True,,True,False,,Smart,RC,False,True,False,,,True,,False,False,False,False,False,False,False,False,False,False,0,Follow Yaw,-77.9,0,176.3,176.3,False,False,False,False,False,,0,0,False,False,No Card,100,100,1024,1351,1024,1024,2,False,False,False,False,False,0,False,False,False,False,85,,47.34,,4238,,4986,,47.34,,True,3.949,3.949,3.949,3.949,3.949,3.949,3.949,3.949,3.949,3.949,3.949,3.949,0,,False,False,True,,,,,,,,,,,,,,,False,False,9.334,,92.6,,75.7,,92.8,,1614,63,14,18,8,143144.3,19085.91,,Idle,,20,,10,,,20,Go Home,False,False,False,False,False,False,False,False,False,False,False,False,33.8027920380556,-117.4659261431046,1858.5,2972.0,1049.4,396.9,True,1,1,False,False,False,False,,True,False,False,Course Lock,196.8,67,16.4,93,E,W,4.92,11.4,Calm,False,False,Android,7.0.2,M300 RTK,1ZN7L4R0H1D00F,1W9DL31001461C,1ZMLH8300204F0,1Z6PH74DAP0QN7,"Corona, CA",728.3,5.7,137.7,8.547347,2.013246,0,0,DJI Matrice 300 RTK,M300 RTK,1ZN7L4R0H1D00F,1W9DL31001461C,1ZMLH8300204F0,1Z6PH74DAP0QN7,DJI Pilot,Android,7.0.2,1EF72A62-B7C3-C88D-164E-CE6F8C8424AE,1ZN7L4R0H1D00F,1W9DL31001461C,,1ZMLH8300204F0,1W9DL31001461C,,,,,
2023-11-01,11:29:08.78 AM,4m 46.4s,286.4,33.8012603719617,-117.4717745535784,137.7,137.7,18.0,1402,2146.9,5.820344,6.94893,-5.816044,2.23694,-0.223694,1.342164,0,0,-2.2,-0.4,2.2,-175,185,182.3,Tripod,Other,,22,5,True,,True,False,,Smart,RC,False,True,False,,,True,,False,False,False,False,False,False,False,False,False,False,0,Follow Yaw,-77.9,0,176.3,176.3,False,False,False,False,False,,0,0,False,False,No Card,100,100,1024,1351,1024,1024,2,False,False,False,False,False,0,False,False,False,False,85,,47.34,,4238,,4986,,47.34,,True,3.949,3.949,3.949,3.949,3.949,3.949,3.949,3.949,3.949,3.949,3.949,3.949,0,,False,False,True,,,,,,,,,,,,,,,False,False,9.334,,92.6,,75.7,,92.8,,1614,63,14,18,8,143144.3,19085.91,,Idle,,20,,10,,,20,Go Home,False,False,False,False,False,False,False,False,False,False,False,False,33.8027920380556,-117.4659261431046,1858.8,2972.0,1049.4,396.9,True,1,1,False,False,False,False,,True,False,False,Course Lock,196.8,67,16.4,93,E,W,4.92,11.4,Calm,False,False,Android,7.0.2,M300 RTK,1ZN7L4R0H1D00F,1W9DL31001461C,1ZMLH8300204F0,1Z6PH74DAP0QN7,"Corona, CA",728.3,5.7,137.7,8.547347,2.013246,0,0,DJI Matrice 300 RTK,M300 RTK,1ZN7L4R0H1D00F,1W9DL31001461C,1ZMLH8300204F0,1Z6PH74DAP0QN7,DJI Pilot,Android,7.0.2,1EF72A62-B7C3-C88D-164E-CE6F8C8424AE,1ZN7L4R0H1D00F,1W9DL31001461C,,1ZMLH8300204F0,1W9DL31001461C,,,,,
2023-11-01,11:29:08.88 AM,4m 46.5s,286.5,33.8012577869235,-117.471774696245,137.7,137.7,18.0,1402,2147.8,5.820344,6.94893,-5.816044,2.23694,-0.223694,1.342164,0,0,-2.1,0.1,2.1,-175.2,184.8,182.6,Tripod,Other,,22,5,True,,True,False,,Smart,RC,False,True,False,,,True,,False,False,False,False,False,False,False,False,False,False,0,Follow Yaw,-77.9,0,176.3,176.3,False,False,False,False,False,,0,0,False,False,No Card,100,100,1024,1352,1024,1024,2,False,False,False,False,False,0,False,False,False,False,85,,47.34,,4238,,4986,,47.34,,True,3.949,3.949,3.949,3.949,3.949,3.949,3.949,3.949,3.949,3.949,3.949,3.949,0,,False,False,True,,,,,,,,,,,,,,,False,False,9.334,,92.6,,75.7,,92.8,,1614,63,14,18,8,143144.3,19085.91,,Idle,,20,,10,,,20,Go Home,False,False,False,False,False,False,False,False,False,False,False,False,33.8027920380556,-117.4659261431046,1859.2,2972.0,1049.4,396.9,True,1,1,False,False,False,False,,True,False,False,Course Lock,196.8,67,16.4,93,E,W,4.92,11.4,Calm,False,False,Android,7.0.2,M300 RTK,1ZN7L4R0H1D00F,1W9DL31001461C,1ZMLH8300204F0,1Z6PH74DAP0QN7,"Corona, CA",728.3,5.7,137.7,8.547347,2.013246,0,0,DJI Matrice 300 RTK,M300 RTK,1ZN7L4R0H1D00F,1W9DL31001461C,1ZMLH8300204F0,1Z6PH74DAP0QN7,DJI Pilot,Android,7.0.2,1EF72A62-B7C3-C88D-164E-CE6F8C8424AE,1ZN7L4R0H1D00F,1W9DL31001461C,,1ZMLH8300204F0,1W9DL31001461C,,,,,
2023-11-01,11:29:08.94 AM,4m 46.6s,286.6,33.8012553307261,-117.4717748366024,137.7,137.7,18.0,1402,2148.7,5.820344,6.94893,-5.816044,2.23694,-0.223694,1.342164,0,0,-2.1,0.2,2.1,-175.3,184.7,182.7,Tripod,Other,,22,5,True,,True,False,,Smart,RC,False,True,False,,,True,,False,False,False,False,False,False,False,False,False,False,0,Follow Yaw,-77.9,0,176.3,176.3,False,False,False,False,False,,0,0,False,False,No Card,100,100,1024,1352,1024,1103,2,False,False,False,False,False,0,False,False,False,False,85,,47.34,,4238,,4986,,47.34,,True,3.949,3.949,3.949,3.949,3.949,3.949,3.949,3.949,3.949,3.949,3.949,3.949,0,,False,False,True,,,,,,,,,,,,,,,False,False,9.334,,92.6,,75.7,,92.8,,1614,63,14,18,8,143144.3,19085.91,,Idle,,20,,10,,,20,Go Home,False,False,False,False,False,False,False,False,False,False,False,False,33.8027920380556,-117.4659261431046,1859.5,2972.0,1049.4,396.9,True,1,1,False,False,False,False,,True,False,False,Course Lock,196.8,67,16.4,93,E,W,4.69,11.4,Calm,False,False,Android,7.0.2,M300 RTK,1ZN7L4R0H1D00F,1W9DL31001461C,1ZMLH8300204F0,1Z6PH74DAP0QN7,"Corona, CA",728.3,5.7,137.7,8.547347,2.013246,0,0,DJI Matrice 300 RTK,M300 RTK,1ZN7L4R0H1D00F,1W9DL31001461C,1ZMLH8300204F0,1Z6PH74DAP0QN7,DJI Pilot,Android,7.0.2,1EF72A62-B7C3-C88D-164E-CE6F8C8424AE,1ZN7L4R0H1D00F,1W9DL31001461C,,1ZMLH8300204F0,1W9DL31001461C,,,,,
2023-11-01,11:29:09.04 AM,4m 46.7s,286.7,33.8012527506222,-117.4717750808673,137.7,137.7,18.0,1402,2149.7,5.820344,6.94893,-5.816044,2.23694,-0.223694,1.342164,0,0,-2,0.1,2,-175.4,184.6,184.4,Tripod,Other,,22,5,True,,True,False,,Smart,RC,False,True,False,,,True,,False,False,False,False,False,False,False,False,False,False,0,Follow Yaw,-77.9,0,176.3,176.3,False,False,False,False,False,,0,0,False,False,No Card,100,100,1024,1351,1024,1202,2,False,False,False,False,False,0,False,False,False,False,85,,47.34,,4238,,4986,,47.34,,True,3.949,3.949,3.949,3.949,3.949,3.949,3.949,3.949,3.949,3.949,3.949,3.949,0,,False,False,True,,,,,,,,,,,,,,,False,False,9.334,,92.6,,75.7,,92.8,,1614,63,14,18,8,143144.3,19085.91,,Idle,,20,,10,,,20,Go Home,False,False,False,False,False,False,False,False,False,False,False,False,33.8027920380556,-117.4659261431046,1859.8,2972.0,1049.4,396.9,True,1,1,False,False,False,False,,True,False,False,Course Lock,196.8,67,16.4,93,E,W,4.69,11.4,Calm,False,False,Android,7.0.2,M300 RTK,1ZN7L4R0H1D00F,1W9DL31001461C,1ZMLH8300204F0,1Z6PH74DAP0QN7,"Corona, CA",728.3,5.7,137.7,8.547347,2.013246,0,0,DJI Matrice 300 RTK,M300 RTK,1ZN7L4R0H1D00F,1W9DL31001461C,1ZMLH8300204F0,1Z6PH74DAP0QN7,DJI Pilot,Android,7.0.2,1EF72A62-B7C3-C88D-164E-CE6F8C8424AE,1ZN7L4R0H1D00F,1W9DL31001461C,,1ZMLH8300204F0,1W9DL31001461C,,,,,
2023-11-01,11:29:09.14 AM,4m 46.8s,286.8,33.8012502840079,-117.4717752599838,137.7,137.7,18.0,1402,2150.6,5.820344,6.94893,-5.816044,2.23694,-0.223694,1.342164,0,0,-2.1,-0.3,2.1,-175.6,184.4,183.4,Tripod,Other,,22,5,True,,True,False,,Smart,RC,False,True,False,,,True,,False,False,False,False,False,False,False,False,False,False,0,Follow Yaw,-77.9,0,176.5,176.5,False,False,False,False,False,,0,0,False,False,No Card,100,100,1024,1349,1024,1226,2,False,False,False,False,False,0,False,False,False,False,85,,47.34,,4238,,4986,,47.34,,True,3.949,3.949,3.949,3.949,3.949,3.949,3.949,3.949,3.949,3.949,3.949,3.949,0,,False,False,True,,,,,,,,,,,,,,,False,False,9.334,,92.6,,75.7,,92.8,,1614,63,14,18,8,143144.3,19085.91,,Idle,,20,,10,,,20,Go Home,False,False,False,False,False,False,False,False,False,False,False,False,33.8027920380556,-117.4659261431046,1860.2,2972.0,1049.4,396.9,True,1,1,False,False,False,False,,True,False,False,Course Lock,196.8,67,16.4,93,E,W,4.69,11.4,Calm,False,False,Android,7.0.2,M300 RTK,1ZN7L4R0H1D00F,1W9DL31001461C,1ZMLH8300204F0,1Z6PH74DAP0QN7,"Corona, CA",728.3,5.7,137.7,8.547347,2.013246,0,0,DJI Matrice 300 RTK,M300 RTK,1ZN7L4R0H1D00F,1W9DL31001461C,1ZMLH8300204F0,1Z6PH74DAP0QN7,DJI Pilot,Android,7.0.2,1EF72A62-B7C3-C88D-164E-CE6F8C8424AE,1ZN7L4R0H1D00F,1W9DL31001461C,,1ZMLH8300204F0,1W9DL31001461C,,,,,
2023-11-01,11:29:09.24 AM,4m 46.9s,286.9,33.8012478919566,-117.4717754440484,137.7,137.7,18.0,1402,2151.4,5.820344,6.94893,-5.816044,2.23694,-0.223694,1.342164,0,0,-2.1,-0.1,2.1,-175.5,184.5,183.6,Tripod,Other,,22,5,True,,True,False,,Smart,RC,False,True,False,,,True,,False,False,False,False,False,False,False,False,False,False,0,Follow Yaw,-77.9,0,176.9,176.9,False,False,False,False,False,,0,0,False,False,No Card,100,100,1024,1352,1024,1228,2,False,False,False,False,False,0,False,False,False,False,85,,47.34,,4238,,4986,,47.34,,True,3.949,3.949,3.949,3.949,3.949,3.949,3.949,3.949,3.949,3.949,3.949,3.949,0,,False,False,True,,,,,,,,,,,,,,,False,False,9.334,,92.6,,75.7,,92.8,,1614,63,14,18,8,143144.3,19085.91,,Idle,,20,,10,,,20,Go Home,False,False,False,False,False,False,False,False,False,False,False,False,33.8027920380556,-117.4659261431046,1860.5,2972.0,1049.4,396.9,True,1,1,False,False,False,False,,True,False,False,Course Lock,196.8,67,16.4,93,E,W,4.69,11.4,Calm,False,False,Android,7.0.2,M300 RTK,1ZN7L4R0H1D00F,1W9DL31001461C,1ZMLH8300204F0,1Z6PH74DAP0QN7,"Corona, CA",728.3,5.7,137.7,8.547347,2.013246,0,0,DJI Matrice 300 RTK,M300 RTK,1ZN7L4R0H1D00F,1W9DL31001461C,1ZMLH8300204F0,1Z6PH74DAP0QN7,DJI Pilot,Android,7.0.2,1EF72A62-B7C3-C88D-164E-CE6F8C8424AE,1ZN7L4R0H1D00F,1W9DL31001461C,,1ZMLH8300204F0,1W9DL31001461C,,,,,
2023-11-01,11:29:09.34 AM,4m 47.0s,287.0,33.8012454346627,-117.4717756297622,137.7,137.7,18.0,1402,2152.3,5.820344,6.94893,-5.816044,2.23694,-0.223694,1.342164,0,0,-2,0.5,2,-175.2,184.8,183.5,Tripod,Other,,22,5,True,,True,False,,Smart,RC,False,True,False,,,True,,False,False,False,False,False,False,False,False,False,False,0,Follow Yaw,-77.9,0,177.4,177.4,False,False,False,False,False,,0,0,False,False,No Card,100,100,1024,1354,1024,1102,2,False,False,False,False,False,0,False,False,False,False,84,,47.328,,8486,,10044,,47.328,,True,3.949,3.949,3.949,3.949,3.949,3.949,3.949,3.949,3.949,3.949,3.949,3.949,0,,False,False,True,,,,,,,,,,,,,,,False,False,20.016,,92.8,,75.7,,92.8,,1614,63,14,18,8,143144.3,19085.91,,Idle,,20,,10,,,20,Go Home,False,False,False,False,False,False,False,False,False,False,False,False,33.8027920380556,-117.4659261431046,1860.8,2972.0,1049.4,396.9,True,1,1,False,False,False,False,,True,False,False,Course Lock,196.8,67,16.4,93,E,W,4.69,11.4,Calm,False,False,Android,7.0.2,M300 RTK,1ZN7L4R0H1D00F,1W9DL31001461C,1ZMLH8300204F0,1Z6PH74DAP0QN7,"Corona, CA",728.3,5.7,137.7,8.547347,2.013246,0,0,DJI Matrice 300 RTK,M300 RTK,1ZN7L4R0H1D00F,1W9DL31001461C,1ZMLH8300204F0,1Z6PH74DAP0QN7,DJI Pilot,Android,7.0.2,1EF72A62-B7C3-C88D-164E-CE6F8C8424AE,1ZN7L4R0H1D00F,1W9DL31001461C,,1ZMLH8300204F0,1W9DL31001461C,,,,,
2023-11-01,11:29:09.44 AM,4m 47.1s,287.1,33.8012432399844,-117.4717759409896,137.7,137.7,18.0,1402,2153.1,5.833225,6.94893,-5.816044,2.23694,-0.447388,1.342164,0,0,-2.1,1,2.3,-174.9,185.1,186.7,Tripod,Other,,22,5,True,,True,False,,Smart,RC,False,True,False,,,True,,False,False,False,False,False,False,False,False,False,False,0,Follow Yaw,-77.9,0,177.6,177.6,False,False,False,False,False,,0,0,False,False,No Card,100,100,1024,1354,1024,1252,2,False,False,False,False,False,0,False,False,False,False,84,,47.328,,8486,,10044,,47.328,,True,3.949,3.949,3.949,3.949,3.949,3.949,3.949,3.949,3.949,3.949,3.949,3.949,0,,False,False,True,,,,,,,,,,,,,,,False,False,20.016,,92.8,,75.7,,92.8,,1614,63,14,18,8,143144.3,19085.91,,Idle,,20,,10,,,20,Go Home,False,False,False,False,False,False,False,False,False,False,False,False,33.8027920380556,-117.4659261431046,1861.1,2972.0,1049.4,396.9,True,1,1,False,False,False,False,,True,False,False,Course Lock,196.8,67,16.4,93,E,W,4.69,11.4,Calm,False,False,Android,7.0.2,M300 RTK,1ZN7L4R0H1D00F,1W9DL31001461C,1ZMLH8300204F0,1Z6PH74DAP0QN7,"Corona, CA",728.3,5.7,137.7,8.547347,2.013246,0,0,DJI Matrice 300 RTK,M300 RTK,1ZN7L4R0H1D00F,1W9DL31001461C,1ZMLH8300204F0,1Z6PH74DAP0QN7,DJI Pilot,Android,7.0.2,1EF72A62-B7C3-C88D-164E-CE6F8C8424AE,1ZN7L4R0H1D00F,1W9DL31001461C,,1ZMLH8300204F0,1W9DL31001461C,,,,,
2023-11-01,11:29:09.54 AM,4m 47.2s,287.2,33.8012408133929,-117.4717761943258,137.7,137.7,18.3,1402,2154.0,5.833225,6.94893,-5.816044,2.23694,-0.447388,1.342164,0,0,-2.2,0.6,2.2,-174.6,185.4,184.9,Tripod,Other,,22,5,True,,True,False,,Smart,RC,False,True,False,,,True,,False,False,False,False,False,False,False,False,False,False,0,Follow Yaw,-77.9,0,177.8,177.8,False,False,False,False,False,,0,0,False,False,No Card,100,100,1024,1353,1024,1293,2,False,False,False,False,False,0,False,False,False,False,84,,47.328,,8486,,10044,,47.328,,True,3.949,3.949,3.949,3.949,3.949,3.949,3.949,3.949,3.949,3.949,3.949,3.949,0,,False,False,True,,,,,,,,,,,,,,,False,False,20.016,,92.8,,75.7,,92.8,,1614,63,14,18,8,143144.3,19085.91,,Idle,,20,,10,,,20,Go Home,False,False,False,False,False,False,False,False,False,False,False,False,33.8027920380556,-117.4659261431046,1861.5,2972.0,1049.4,396.9,True,1,1,False,False,False,False,,True,False,False,Course Lock,196.8,67,16.4,93,E,W,4.69,11.4,Calm,False,False,Android,7.0.2,M300 RTK,1ZN7L4R0H1D00F,1W9DL31001461C,1ZMLH8300204F0,1Z6PH74DAP0QN7,"Corona, CA",728.3,5.7,137.7,8.547347,2.013246,0,0,DJI Matrice 300 RTK,M300 RTK,1ZN7L4R0H1D00F,1W9DL31001461C,1ZMLH8300204F0,1Z6PH74DAP0QN7,DJI Pilot,Android,7.0.2,1EF72A62-B7C3-C88D-164E-CE6F8C8424AE,1ZN7L4R0H1D00F,1W9DL31001461C,,1ZMLH8300204F0,1W9DL31001461C,,,,,
2023-11-01,11:29:09.64 AM,4m 47.3s,287.3,33.8012383550024,-117.4717764997806,137.7,137.7,18.0,1402,2154.9,5.833225,6.94893,-5.816044,2.23694,-0.447388,1.342164,0,0,-2.2,0.6,2.2,-174.4,185.6,185.8,Tripod,Other,,22,5,True,,True,False,,Smart,RC,False,True,False,,,True,,False,False,False,False,False,False,False,False,False,False,0,Follow Yaw,-77.9,0,178.4,178.4,False,False,False,False,False,,0,0,False,False,No Card,100,100,1024,1352,1024,1229,2,False,False,False,False,False,0,False,False,False,False,84,,47.328,,8486,,10044,,47.328,,True,3.947,3.947,3.947,3.947,3.947,3.947,3.947,3.947,3.947,3.947,3.947,3.947,0,,False,False,True,,,,,,,,,,,,,,,False,False,20.016,,92.8,,75.7,,92.8,,1613,63,14,18,8,143127.5,19083.66,,Idle,,20,,10,,,20,Go Home,False,False,False,False,False,False,False,False,False,False,False,False,33.8027920380556,-117.4659261431046,1861.8,2972.0,1049.4,396.9,True,1,1,False,False,False,False,,True,False,False,Course Lock,196.8,67,16.4,93,E,W,4.69,11.4,Calm,False,False,Android,7.0.2,M300 RTK,1ZN7L4R0H1D00F,1W9DL31001461C,1ZMLH8300204F0,1Z6PH74DAP0QN7,"Corona, CA",728.3,5.7,137.7,8.547347,2.013246,0,0,DJI Matrice 300 RTK,M300 RTK,1ZN7L4R0H1D00F,1W9DL31001461C,1ZMLH8300204F0,1Z6PH74DAP0QN7,DJI Pilot,Android,7.0.2,1EF72A62-B7C3-C88D-164E-CE6F8C8424AE,1ZN7L4R0H1D00F,1W9DL31001461C,,1ZMLH8300204F0,1W9DL31001461C,,,,,
2023-11-01,11:29:09.74 AM,4m 47.4s,287.4,33.8012359207353,-117.4717768090289,137.7,137.7,18.0,1402,2155.8,5.833225,6.94893,-5.816044,2.23694,-0.447388,1.342164,0,0,-2.3,1.2,2.5,-174,186,186.0,Tripod,Other,,21,5,True,,True,False,,Smart,RC,False,True,False,,,True,,False,False,False,False,False,False,False,False,False,False,0,Follow Yaw,-77.9,0,179,179,False,False,False,False,False,,0,0,False,False,No Card,100,100,1024,1353,1024,1130,2,False,False,False,False,False,0,False,False,False,False,84,,47.328,,8486,,10044,,47.328,,True,3.947,3.947,3.947,3.947,3.947,3.947,3.947,3.947,3.947,3.947,3.947,3.947,0,,False,False,True,,,,,,,,,,,,,,,False,False,20.016,,92.8,,75.7,,92.8,,1613,63,14,18,8,143127.5,19083.66,,Idle,,20,,10,,,20,Go Home,False,False,False,False,False,False,False,False,False,False,False,False,33.8027920380556,-117.4659261431046,1862.2,2972.0,1049.4,396.9,True,1,1,False,False,False,False,,True,False,False,Course Lock,196.8,67,16.4,93,E,W,4.69,11.4,Calm,False,False,Android,7.0.2,M300 RTK,1ZN7L4R0H1D00F,1W9DL31001461C,1ZMLH8300204F0,1Z6PH74DAP0QN7,"Corona, CA",728.3,5.7,137.7,8.547347,2.013246,0,0,DJI Matrice 300 RTK,M300 RTK,1ZN7L4R0H1D00F,1W9DL31001461C,1ZMLH8300204F0,1Z6PH74DAP0QN7,DJI Pilot,Android,7.0.2,1EF72A62-B7C3-C88D-164E-CE6F8C8424AE,1ZN7L4R0H1D00F,1W9DL31001461C,,1ZMLH8300204F0,1W9DL31001461C,,,,,
2023-11-01,11:29:09.84 AM,4m 47.5s,287.5,33.8012331986326,-117.4717770465316,137.7,137.7,18.0,1402,2156.8,5.854632,6.94893,-5.816044,2.23694,-0.671082,1.342164,0,0,-2.2,1,2.4,-173.6,186.4,184.1,Tripod,Other,,21,5,True,,True,False,,Smart,RC,False,True,False,,,True,,False,False,False,False,False,False,False,False,False,False,0,Follow Yaw,-77.9,0,179.3,179.3,False,False,False,False,False,,0,0,False,False,No Card,100,100,1024,1353,1024,1191,2,False,False,False,False,False,0,False,False,False,False,84,,47.328,,8486,,10044,,47.328,,True,3.947,3.947,3.947,3.947,3.947,3.947,3.947,3.947,3.947,3.947,3.947,3.947,0,,False,False,True,,,,,,,,,,,,,,,False,False,20.016,,92.8,,75.7,,92.8,,1613,63,14,18,8,143127.5,19083.66,,Idle,,20,,10,,,20,Go Home,False,False,False,False,False,False,False,False,False,False,False,False,33.8027920380556,-117.4659261431046,1862.6,2972.0,1049.4,396.9,True,1,1,False,False,False,False,,True,False,False,Course Lock,196.8,67,16.4,93,E,W,4.47,11.4,Calm,False,False,Android,7.0.2,M300 RTK,1ZN7L4R0H1D00F,1W9DL31001461C,1ZMLH8300204F0,1Z6PH74DAP0QN7,"Corona, CA",728.3,5.7,137.7,8.547347,2.013246,0,0,DJI Matrice 300 RTK,M300 RTK,1ZN7L4R0H1D00F,1W9DL31001461C,1ZMLH8300204F0,1Z6PH74DAP0QN7,DJI Pilot,Android,7.0.2,1EF72A62-B7C3-C88D-164E-CE6F8C8424AE,1ZN7L4R0H1D00F,1W9DL31001461C,,1ZMLH8300204F0,1W9DL31001461C,,,,,
2023-11-01,11:29:09.94 AM,4m 47.6s,287.6,33.8012307314699,-117.471777423402,137.7,137.7,18.0,1402,2157.7,5.854632,6.94893,-5.816044,2.23694,-0.671082,1.342164,0,0,-2,0,2,-173.2,186.8,187.2,Tripod,Other,,22,5,True,,True,False,,Smart,RC,False,True,False,,,True,,False,False,False,False,False,False,False,False,False,False,0,Follow Yaw,-77.9,0,179.6,179.6,False,False,False,False,False,,0,0,False,False,No Card,100,100,1024,1355,1024,1275,2,False,False,False,False,False,0,False,False,False,False,84,,47.328,,8486,,10044,,47.328,,True,3.947,3.947,3.947,3.947,3.947,3.947,3.947,3.947,3.947,3.947,3.947,3.947,0,,False,False,True,,,,,,,,,,,,,,,False,False,20.016,,92.8,,75.7,,92.8,,1613,63,14,18,8,143127.5,19083.66,,Idle,,20,,10,,,20,Go Home,False,False,False,False,False,False,False,False,False,False,False,False,33.8027920380556,-117.4659261431046,1863.0,2972.0,1049.4,396.9,True,1,1,False,False,False,False,,True,False,False,Course Lock,196.8,67,16.4,93,E,W,4.47,11.4,Calm,False,False,Android,7.0.2,M300 RTK,1ZN7L4R0H1D00F,1W9DL31001461C,1ZMLH8300204F0,1Z6PH74DAP0QN7,"Corona, CA",728.3,5.7,137.7,8.547347,2.013246,0,0,DJI Matrice 300 RTK,M300 RTK,1ZN7L4R0H1D00F,1W9DL31001461C,1ZMLH8300204F0,1Z6PH74DAP0QN7,DJI Pilot,Android,7.0.2,1EF72A62-B7C3-C88D-164E-CE6F8C8424AE,1ZN7L4R0H1D00F,1W9DL31001461C,,1ZMLH8300204F0,1W9DL31001461C,,,,,
2023-11-01,11:29:10.04 AM,4m 47.7s,287.7,33.8012284024684,-117.4717780054484,137.7,137.7,18.0,1402,2158.6,5.854632,6.94893,-5.816044,2.23694,-0.671082,1.342164,0,0,-1.8,0.1,1.8,-172.5,187.5,191.7,Tripod,Other,,22,5,True,,True,False,,Smart,RC,False,True,False,,,True,,False,False,False,False,False,False,False,False,False,False,0,Follow Yaw,-77.9,0,-179.7,180.3,False,False,False,False,False,,0,0,False,False,No Card,100,100,1024,1353,1024,1277,2,False,False,False,False,False,0,False,False,False,False,85,,47.244,,4238,,4986,,47.244,,True,3.947,3.947,3.947,3.947,3.947,3.947,3.947,3.947,3.947,3.947,3.947,3.947,0,,False,False,True,,,,,,,,,,,,,,,False,False,9.718,,92.8,,75.7,,92.8,,1613,63,14,18,8,143127.5,19083.66,,Idle,,20,,10,,,20,Go Home,False,False,False,False,False,False,False,False,False,False,False,False,33.8027920380556,-117.4659261431046,1863.4,2972.0,1049.4,396.9,True,1,1,False,False,False,False,,True,False,False,Course Lock,196.8,67,16.4,93,E,W,4.47,11.4,Calm,False,False,Android,7.0.2,M300 RTK,1ZN7L4R0H1D00F,1W9DL31001461C,1ZMLH8300204F0,1Z6PH74DAP0QN7,"Corona, CA",728.3,5.7,137.7,8.547347,2.013246,0,0,DJI Matrice 300 RTK,M300 RTK,1ZN7L4R0H1D00F,1W9DL31001461C,1ZMLH8300204F0,1Z6PH74DAP0QN7,DJI Pilot,Android,7.0.2,1EF72A62-B7C3-C88D-164E-CE6F8C8424AE,1ZN7L4R0H1D00F,1W9DL31001461C,,1ZMLH8300204F0,1W9DL31001461C,,,,,
2023-11-01,11:29:10.14 AM,4m 47.8s,287.8,33.8012259473675,-117.4717784291597,137.7,137.7,18.0,1402,2159.5,5.854632,6.94893,-5.816044,2.23694,-0.671082,1.342164,0,0,-1.8,1.2,2.1,-172,188,188.1,Tripod,Other,,22,5,True,,True,False,,Smart,RC,False,True,False,,,True,,False,False,False,False,False,False,False,False,False,False,0,Follow Yaw,-77.9,0,-179.1,180.9,False,False,False,False,False,,0,0,False,False,No Card,100,100,1024,1354,1024,1211,2,False,False,False,False,False,0,False,False,False,False,85,,47.244,,4238,,4986,,47.244,,True,3.947,3.947,3.947,3.947,3.947,3.947,3.947,3.947,3.947,3.947,3.947,3.947,0,,False,False,True,,,,,,,,,,,,,,,False,False,9.718,,92.8,,75.7,,92.8,,1613,63,14,18,8,143127.5,19083.66,,Idle,,20,,10,,,20,Go Home,False,False,False,False,False,False,False,False,False,False,False,False,33.8027920380556,-117.4659261431046,1863.8,2972.0,1049.4,396.9,True,1,1,False,False,False,False,,True,False,False,Course Lock,196.8,67,16.4,93,E,W,4.47,11.4,Calm,False,False,Android,7.0.2,M300 RTK,1ZN7L4R0H1D00F,1W9DL31001461C,1ZMLH8300204F0,1Z6PH74DAP0QN7,"Corona, CA",728.3,5.7,137.7,8.547347,2.013246,0,0,DJI Matrice 300 RTK,M300 RTK,1ZN7L4R0H1D00F,1W9DL31001461C,1ZMLH8300204F0,1Z6PH74DAP0QN7,DJI Pilot,Android,7.0.2,1EF72A62-B7C3-C88D-164E-CE6F8C8424AE,1ZN7L4R0H1D00F,1W9DL31001461C,,1ZMLH8300204F0,1W9DL31001461C,,,,,
2023-11-01,11:29:10.24 AM,4m 47.9s,287.9,33.8012235991769,-117.4717788695292,137.7,137.7,18.3,1402,2160.4,5.88447,6.94893,-5.816044,2.23694,-0.894776,1.342164,0,0,-1.9,2,2.7,-171.6,188.4,188.8,Tripod,Other,,22,5,True,,True,False,,Smart,RC,False,True,False,,,True,,False,False,False,False,False,False,False,False,False,False,0,Follow Yaw,-77.9,0,-178.5,181.5,False,False,False,False,False,,0,0,False,False,No Card,100,100,1024,1356,1024,1226,2,False,False,False,False,False,0,False,False,False,False,85,,47.244,,4238,,4986,,47.244,,True,3.947,3.947,3.947,3.947,3.947,3.947,3.947,3.947,3.947,3.947,3.947,3.947,0,,False,False,True,,,,,,,,,,,,,,,False,False,9.718,,92.8,,75.7,,92.8,,1613,63,14,18,8,143127.5,19083.66,,Idle,,20,,10,,,20,Go Home,False,False,False,False,False,False,False,False,False,False,False,False,33.8027920380556,-117.4659261431046,1864.2,2972.0,1049.4,396.9,True,1,1,False,False,False,False,,True,False,False,Course Lock,196.8,67,16.4,93,E,W,4.47,11.4,Calm,False,False,Android,7.0.2,M300 RTK,1ZN7L4R0H1D00F,1W9DL31001461C,1ZMLH8300204F0,1Z6PH74DAP0QN7,"Corona, CA",728.3,5.7,137.7,8.547347,2.013246,0,0,DJI Matrice 300 RTK,M300 RTK,1ZN7L4R0H1D00F,1W9DL31001461C,1ZMLH8300204F0,1Z6PH74DAP0QN7,DJI Pilot,Android,7.0.2,1EF72A62-B7C3-C88D-164E-CE6F8C8424AE,1ZN7L4R0H1D00F,1W9DL31001461C,,1ZMLH8300204F0,1W9DL31001461C,,,,,
2023-11-01,11:29:10.32 AM,4m 48.0s,288.0,33.801221165458,-117.4717793865923,137.7,137.7,18.3,1402,2161.3,5.88447,6.94893,-5.816044,2.23694,-0.894776,1.342164,0,0,-1.8,1.7,2.4,-171.2,188.8,190.0,Tripod,Other,,22,5,True,,True,False,,Smart,RC,False,True,False,,,True,,False,False,False,False,False,False,False,False,False,False,0,Follow Yaw,-77.9,0,-178.1,181.9,False,False,False,False,False,,0,0,False,False,No Card,100,100,1024,1355,1024,1368,2,False,False,False,False,False,0,False,False,False,False,84,,47.28,,8486,,10044,,47.28,,True,3.947,3.947,3.947,3.947,3.947,3.947,3.947,3.947,3.947,3.947,3.947,3.947,0,,False,False,True,,,,,,,,,,,,,,,False,False,19.686,,93.0,,75.7,,93.0,,1613,63,14,18,8,143127.5,19083.66,,Idle,,20,,10,,,20,Go Home,False,False,False,False,False,False,False,False,False,False,False,False,33.8027920380556,-117.4659261431046,1864.6,2972.0,1049.4,396.9,True,1,1,False,False,False,False,,True,False,False,Course Lock,196.8,67,16.4,93,E,W,4.47,11.4,Calm,False,False,Android,7.0.2,M300 RTK,1ZN7L4R0H1D00F,1W9DL31001461C,1ZMLH8300204F0,1Z6PH74DAP0QN7,"Corona, CA",728.3,5.7,137.7,8.547347,2.013246,0,0,DJI Matrice 300 RTK,M300 RTK,1ZN7L4R0H1D00F,1W9DL31001461C,1ZMLH8300204F0,1Z6PH74DAP0QN7,DJI Pilot,Android,7.0.2,1EF72A62-B7C3-C88D-164E-CE6F8C8424AE,1ZN7L4R0H1D00F,1W9DL31001461C,,1ZMLH8300204F0,1W9DL31001461C,,,,,
2023-11-01,11:29:10.42 AM,4m 48.1s,288.1,33.8012186900715,-117.4717798782557,137.7,137.7,18.3,1402,2162.2,5.922612,6.94893,-5.816044,2.23694,-1.11847,1.342164,0,0,-1.8,0.7,1.9,-170.9,189.1,189.3,Tripod,Other,,22,5,True,,True,False,,Smart,RC,False,True,False,,,True,,False,False,False,False,False,False,False,False,False,False,0,Follow Yaw,-77.9,0,-177.3,182.7,False,False,False,False,False,,0,0,False,False,No Card,100,100,1024,1355,1024,1368,2,False,False,False,False,False,0,False,False,False,False,84,,47.28,,8486,,10044,,47.28,,True,3.947,3.947,3.947,3.947,3.947,3.947,3.947,3.947,3.947,3.947,3.947,3.947,0,,False,False,True,,,,,,,,,,,,,,,False,False,19.686,,93.0,,75.7,,93.0,,1613,63,14,18,8,143127.5,19083.66,,Idle,,20,,10,,,20,Go Home,False,False,False,False,False,False,False,False,False,False,False,False,33.8027920380556,-117.4659261431046,1865.0,2972.0,1049.4,396.9,True,1,1,False,False,False,False,,True,False,False,Course Lock,196.8,67,16.4,93,E,W,4.47,11.4,Calm,False,False,Android,7.0.2,M300 RTK,1ZN7L4R0H1D00F,1W9DL31001461C,1ZMLH8300204F0,1Z6PH74DAP0QN7,"Corona, CA",728.3,5.7,137.7,8.547347,2.013246,0,0,DJI Matrice 300 RTK,M300 RTK,1ZN7L4R0H1D00F,1W9DL31001461C,1ZMLH8300204F0,1Z6PH74DAP0QN7,DJI Pilot,Android,7.0.2,1EF72A62-B7C3-C88D-164E-CE6F8C8424AE,1ZN7L4R0H1D00F,1W9DL31001461C,,1ZMLH8300204F0,1W9DL31001461C,,,,,
2023-11-01,11:29:10.53 AM,4m 48.2s,288.2,33.8012162651248,-117.4717804636007,137.7,137.7,18.3,1402,2163.1,5.922612,6.94893,-5.816044,2.23694,-1.11847,1.342164,0,0,-1.7,1.3,2.1,-170.1,189.9,191.3,Tripod,Other,,23,5,True,,True,False,,Smart,RC,False,True,False,,,True,,False,False,False,False,False,False,False,False,False,False,0,Follow Yaw,-77.9,0,-176.4,183.6,False,False,False,False,False,,0,0,False,False,No Card,100,100,1024,1356,1024,1071,2,False,False,False,False,False,0,False,False,False,False,84,,47.28,,8486,,10044,,47.28,,True,3.947,3.947,3.947,3.947,3.947,3.947,3.947,3.947,3.947,3.947,3.947,3.947,0,,False,False,True,,,,,,,,,,,,,,,False,False,19.686,,93.0,,75.7,,93.0,,1613,63,14,18,8,143127.5,19083.66,,Idle,,20,,10,,,20,Go Home,False,False,False,False,False,False,False,False,False,False,False,False,33.8027920380556,-117.4659261431046,1865.4,2972.0,1049.4,396.9,True,1,1,False,False,False,False,,True,False,False,Course Lock,196.8,67,16.4,93,E,W,4.47,11.4,Calm,False,False,Android,7.0.2,M300 RTK,1ZN7L4R0H1D00F,1W9DL31001461C,1ZMLH8300204F0,1Z6PH74DAP0QN7,"Corona, CA",728.3,5.7,137.7,8.547347,2.013246,0,0,DJI Matrice 300 RTK,M300 RTK,1ZN7L4R0H1D00F,1W9DL31001461C,1ZMLH8300204F0,1Z6PH74DAP0QN7,DJI Pilot,Android,7.0.2,1EF72A62-B7C3-C88D-164E-CE6F8C8424AE,1ZN7L4R0H1D00F,1W9DL31001461C,,1ZMLH8300204F0,1W9DL31001461C,,,,,
2023-11-01,11:29:10.64 AM,4m 48.3s,288.3,33.8012139048726,-117.4717810791284,137.7,137.7,18.3,1402,2164.0,5.922612,6.94893,-5.816044,2.23694,-1.11847,1.342164,0,0,-1.7,1.5,2.2,-169.3,190.7,192.2,Tripod,Other,,23,5,True,,True,False,,Smart,RC,False,True,False,,,True,,False,False,False,False,False,False,False,False,False,False,0,Follow Yaw,-77.9,0,-176.1,183.9,False,False,False,False,False,,0,0,False,False,No Card,100,100,1024,1356,1024,1051,2,False,False,False,False,False,0,False,False,False,False,84,,47.28,,8486,,10044,,47.28,,True,3.942,3.942,3.942,3.942,3.942,3.942,3.942,3.942,3.942,3.942,3.942,3.942,0,,False,False,True,,,,,,,,,,,,,,,False,False,19.686,,93.0,,75.7,,93.0,,1611,63,14,18,8,143460.0,19128.00,,Idle,,20,,10,,,20,Go Home,False,False,False,False,False,False,False,False,False,False,False,False,33.8027920380556,-117.4659261431046,1865.9,2972.0,1049.4,396.9,True,1,1,False,False,False,False,,True,False,False,Course Lock,196.8,67,16.4,93,E,W,4.47,11.4,Calm,False,False,Android,7.0.2,M300 RTK,1ZN7L4R0H1D00F,1W9DL31001461C,1ZMLH8300204F0,1Z6PH74DAP0QN7,"Corona, CA",728.3,5.7,137.7,8.547347,2.013246,0,0,DJI Matrice 300 RTK,M300 RTK,1ZN7L4R0H1D00F,1W9DL31001461C,1ZMLH8300204F0,1Z6PH74DAP0QN7,DJI Pilot,Android,7.0.2,1EF72A62-B7C3-C88D-164E-CE6F8C8424AE,1ZN7L4R0H1D00F,1W9DL31001461C,,1ZMLH8300204F0,1W9DL31001461C,,,,,
2023-11-01,11:29:10.73 AM,4m 48.4s,288.4,33.8012114914393,-117.4717817373735,137.7,137.7,18.3,1402,2164.9,5.9689,6.94893,-5.816044,2.23694,-1.342164,1.342164,0,0,-1.7,0.2,1.7,-168.7,191.3,192.7,Tripod,Other,,23,5,True,,True,False,,Smart,RC,False,True,False,,,True,,False,False,False,False,False,False,False,False,False,False,0,Follow Yaw,-77.9,0,-176,184,False,False,False,False,False,,0,0,False,False,No Card,100,100,1024,1355,1024,1049,2,False,False,False,False,False,0,False,False,False,False,84,,47.28,,8486,,10044,,47.28,,True,3.942,3.942,3.942,3.942,3.942,3.942,3.942,3.942,3.942,3.942,3.942,3.942,0,,False,False,True,,,,,,,,,,,,,,,False,False,19.686,,93.0,,75.7,,93.0,,1611,63,14,18,8,143460.0,19128.00,,Idle,,20,,10,,,20,Go Home,False,False,False,False,False,False,False,False,False,False,False,False,33.8027920380556,-117.4659261431046,1866.4,2972.0,1049.4,396.9,True,1,1,False,False,False,False,,True,False,False,Course Lock,196.8,67,16.4,93,E,W,4.47,11.4,Calm,False,False,Android,7.0.2,M300 RTK,1ZN7L4R0H1D00F,1W9DL31001461C,1ZMLH8300204F0,1Z6PH74DAP0QN7,"Corona, CA",728.3,5.7,137.7,8.547347,2.013246,0,0,DJI Matrice 300 RTK,M300 RTK,1ZN7L4R0H1D00F,1W9DL31001461C,1ZMLH8300204F0,1Z6PH74DAP0QN7,DJI Pilot,Android,7.0.2,1EF72A62-B7C3-C88D-164E-CE6F8C8424AE,1ZN7L4R0H1D00F,1W9DL31001461C,,1ZMLH8300204F0,1W9DL31001461C,,,,,
2023-11-01,11:29:10.84 AM,4m 48.5s,288.5,33.8012091388626,-117.4717823895161,137.7,137.7,18.3,1402,2165.8,5.9689,6.94893,-5.816044,2.23694,-1.342164,1.342164,0,0,-1.9,-0.7,2,-168.2,191.8,192.9,Tripod,Other,,23,5,True,,True,False,,Smart,RC,False,True,False,,,True,,False,False,False,False,False,False,False,False,False,False,0,Follow Yaw,-77.9,0,-176,184,False,False,False,False,False,,0,0,False,False,No Card,100,100,1024,1356,1024,1024,2,False,False,False,False,False,0,False,False,False,False,84,,47.28,,8486,,10044,,47.28,,True,3.942,3.942,3.942,3.942,3.942,3.942,3.942,3.942,3.942,3.942,3.942,3.942,0,,False,False,True,,,,,,,,,,,,,,,False,False,19.686,,93.0,,75.7,,93.0,,1611,63,14,18,8,143460.0,19128.00,,Idle,,20,,10,,,20,Go Home,False,False,False,False,False,False,False,False,False,False,False,False,33.8027920380556,-117.4659261431046,1866.8,2972.0,1049.4,396.9,True,1,1,False,False,False,False,,True,False,False,Course Lock,196.8,67,16.4,93,E,W,4.47,11.4,Calm,False,False,Android,7.0.2,M300 RTK,1ZN7L4R0H1D00F,1W9DL31001461C,1ZMLH8300204F0,1Z6PH74DAP0QN7,"Corona, CA",728.3,5.7,137.7,8.547347,2.013246,0,0,DJI Matrice 300 RTK,M300 RTK,1ZN7L4R0H1D00F,1W9DL31001461C,1ZMLH8300204F0,1Z6PH74DAP0QN7,DJI Pilot,Android,7.0.2,1EF72A62-B7C3-C88D-164E-CE6F8C8424AE,1ZN7L4R0H1D00F,1W9DL31001461C,,1ZMLH8300204F0,1W9DL31001461C,,,,,
2023-11-01,11:29:10.95 AM,4m 48.6s,288.6,33.8012067287189,-117.4717830596363,137.7,137.7,18.3,1402,2166.7,5.9689,6.94893,-5.816044,2.23694,-1.342164,1.342164,0,0,-1.9,-1.2,2.2,-167.9,192.1,193.0,Tripod,Other,,23,5,True,,True,False,,Smart,RC,False,True,False,,,True,,False,False,False,False,False,False,False,False,False,False,0,Follow Yaw,-77.9,0,-176,184,False,False,False,False,False,,0,0,False,False,No Card,100,100,1024,1359,1024,1024,2,False,False,False,False,False,0,False,False,False,False,84,,47.28,,8486,,10044,,47.28,,True,3.942,3.942,3.942,3.942,3.942,3.942,3.942,3.942,3.942,3.942,3.942,3.942,0,,False,False,True,,,,,,,,,,,,,,,False,False,19.686,,93.0,,75.7,,93.0,,1611,63,14,18,8,143460.0,19128.00,,Idle,,20,,10,,,20,Go Home,False,False,False,False,False,False,False,False,False,False,False,False,33.8027920380556,-117.4659261431046,1867.3,2972.0,1049.4,396.9,True,1,1,False,False,False,False,,True,False,False,Course Lock,196.8,67,16.4,93,E,W,4.25,11.4,Calm,False,False,Android,7.0.2,M300 RTK,1ZN7L4R0H1D00F,1W9DL31001461C,1ZMLH8300204F0,1Z6PH74DAP0QN7,"Corona, CA",728.3,5.7,137.7,8.547347,2.013246,0,0,DJI Matrice 300 RTK,M300 RTK,1ZN7L4R0H1D00F,1W9DL31001461C,1ZMLH8300204F0,1Z6PH74DAP0QN7,DJI Pilot,Android,7.0.2,1EF72A62-B7C3-C88D-164E-CE6F8C8424AE,1ZN7L4R0H1D00F,1W9DL31001461C,,1ZMLH8300204F0,1W9DL31001461C,,,,,
2023-11-01,11:29:11.05 AM,4m 48.7s,288.7,33.8012040647315,-117.4717837774219,137.7,137.7,18.3,1402,2167.7,5.9689,6.94893,-5.816044,2.23694,-1.342164,1.342164,0,0,-1.9,-1.3,2.3,-167.8,192.2,192.6,Tripod,Other,,23,5,True,,True,False,,Smart,RC,False,True,False,,,True,,False,False,False,False,False,False,False,False,False,False,0,Follow Yaw,-77.9,0,-176,184,False,False,False,False,False,,0,0,False,False,No Card,100,100,1024,1363,1024,1024,2,False,False,False,False,False,0,False,False,False,False,84,,47.28,,8486,,10044,,47.28,,True,3.942,3.942,3.942,3.942,3.942,3.942,3.942,3.942,3.942,3.942,3.942,3.942,0,,False,False,True,,,,,,,,,,,,,,,False,False,19.686,,93.0,,75.7,,93.0,,1611,63,14,18,8,143460.0,19128.00,,Idle,,20,,10,,,20,Go Home,False,False,False,False,False,False,False,False,False,False,False,False,33.8027920380556,-117.4659261431046,1867.8,2972.0,1049.4,396.9,True,1,1,False,False,False,False,,True,False,False,Course Lock,196.8,67,16.4,93,E,W,4.25,11.4,Calm,False,False,Android,7.0.2,M300 RTK,1ZN7L4R0H1D00F,1W9DL31001461C,1ZMLH8300204F0,1Z6PH74DAP0QN7,"Corona, CA",728.3,5.7,137.7,8.547347,2.013246,0,0,DJI Matrice 300 RTK,M300 RTK,1ZN7L4R0H1D00F,1W9DL31001461C,1ZMLH8300204F0,1Z6PH74DAP0QN7,DJI Pilot,Android,7.0.2,1EF72A62-B7C3-C88D-164E-CE6F8C8424AE,1ZN7L4R0H1D00F,1W9DL31001461C,,1ZMLH8300204F0,1W9DL31001461C,,,,,
2023-11-01,11:29:11.15 AM,4m 48.8s,288.8,33.8012016194992,-117.4717844340176,137.7,137.7,18.3,1402,2168.6,5.9689,6.94893,-5.816044,2.23694,-1.342164,1.342164,0,0,-1.9,-1.1,2.1,-167.8,192.2,192.5,Tripod,Other,,22,5,True,,True,False,,Smart,RC,False,True,False,,,True,,False,False,False,False,False,False,False,False,False,False,0,Follow Yaw,-77.9,0,-176,184,False,False,False,False,False,,0,0,False,False,No Card,100,100,1024,1367,999,1024,2,False,False,False,False,False,0,False,False,False,False,84,,47.28,,8486,,10044,,47.28,,True,3.942,3.942,3.942,3.942,3.942,3.942,3.942,3.942,3.942,3.942,3.942,3.942,0,,False,False,True,,,,,,,,,,,,,,,False,False,19.686,,93.0,,75.7,,93.0,,1611,63,14,18,8,143460.0,19128.00,,Idle,,20,,10,,,20,Go Home,False,False,False,False,False,False,False,False,False,False,False,False,33.8027920380556,-117.4659261431046,1868.2,2972.0,1049.4,396.9,True,1,1,False,False,False,False,,True,False,False,Course Lock,196.8,67,16.4,93,E,W,4.25,11.4,Calm,False,False,Android,7.0.2,M300 RTK,1ZN7L4R0H1D00F,1W9DL31001461C,1ZMLH8300204F0,1Z6PH74DAP0QN7,"Corona, CA",728.3,5.7,137.7,8.547347,2.013246,0,0,DJI Matrice 300 RTK,M300 RTK,1ZN7L4R0H1D00F,1W9DL31001461C,1ZMLH8300204F0,1Z6PH74DAP0QN7,DJI Pilot,Android,7.0.2,1EF72A62-B7C3-C88D-164E-CE6F8C8424AE,1ZN7L4R0H1D00F,1W9DL31001461C,,1ZMLH8300204F0,1W9DL31001461C,,,,,
2023-11-01,11:29:11.26 AM,4m 48.9s,288.9,33.8011992005833,-117.4717851021587,137.7,137.7,18.3,1402,2169.5,5.9689,6.94893,-5.816044,2.23694,-1.342164,1.342164,0,0,-2,-0.8,2.1,-167.8,192.2,192.9,Tripod,Other,,22,5,True,,True,False,,Smart,RC,False,True,False,,,True,,False,False,False,False,False,False,False,False,False,False,0,Follow Yaw,-77.9,0,-176,184,False,False,False,False,False,,0,0,False,False,No Card,100,100,1024,1366,894,1024,2,False,False,False,False,False,0,False,False,False,False,84,,47.28,,8486,,10044,,47.28,,True,3.942,3.942,3.942,3.942,3.942,3.942,3.942,3.942,3.942,3.942,3.942,3.942,0,,False,False,True,,,,,,,,,,,,,,,False,False,19.686,,93.0,,75.7,,93.0,,1611,63,14,18,8,143460.0,19128.00,,Idle,,20,,10,,,20,Go Home,False,False,False,False,False,False,False,False,False,False,False,False,33.8027920380556,-117.4659261431046,1868.7,2972.0,1049.4,396.9,True,1,1,False,False,False,False,,True,False,False,Course Lock,196.8,67,16.4,93,E,W,4.25,11.4,Calm,False,False,Android,7.0.2,M300 RTK,1ZN7L4R0H1D00F,1W9DL31001461C,1ZMLH8300204F0,1Z6PH74DAP0QN7,"Corona, CA",728.3,5.7,137.7,8.547347,2.013246,0,0,DJI Matrice 300 RTK,M300 RTK,1ZN7L4R0H1D00F,1W9DL31001461C,1ZMLH8300204F0,1Z6PH74DAP0QN7,DJI Pilot,Android,7.0.2,1EF72A62-B7C3-C88D-164E-CE6F8C8424AE,1ZN7L4R0H1D00F,1W9DL31001461C,,1ZMLH8300204F0,1W9DL31001461C,,,,,
2023-11-01,11:29:11.36 AM,4m 49.0s,289.0,33.8011967438376,-117.4717857534766,137.7,137.7,18.3,1402,2170.4,5.9689,6.94893,-5.816044,2.23694,-1.342164,1.342164,0,0,-2,-0.7,2.1,-167.8,192.2,192.4,Tripod,Other,,22,5,True,,True,False,,Smart,RC,False,True,False,,,True,,False,False,False,False,False,False,False,False,False,False,0,Follow Yaw,-77.9,0,-176,184,False,False,False,False,False,,0,0,False,False,No Card,100,100,1024,1366,1003,1024,2,False,False,False,False,False,0,False,False,False,False,85,,47.268,,4238,,4986,,47.268,,True,3.942,3.942,3.942,3.942,3.942,3.942,3.942,3.942,3.942,3.942,3.942,3.942,0,,False,False,True,,,,,,,,,,,,,,,False,False,9.514,,92.8,,75.7,,93.0,,1611,63,14,18,8,143460.0,19128.00,,Idle,,20,,10,,,20,Go Home,False,False,False,False,False,False,False,False,False,False,False,False,33.8027920380556,-117.4659261431046,1869.2,2972.0,1049.4,396.9,True,1,1,False,False,False,False,,True,False,False,Course Lock,196.8,67,16.4,93,E,W,4.25,11.4,Calm,False,False,Android,7.0.2,M300 RTK,1ZN7L4R0H1D00F,1W9DL31001461C,1ZMLH8300204F0,1Z6PH74DAP0QN7,"Corona, CA",728.3,5.7,137.7,8.547347,2.013246,0,0,DJI Matrice 300 RTK,M300 RTK,1ZN7L4R0H1D00F,1W9DL31001461C,1ZMLH8300204F0,1Z6PH74DAP0QN7,DJI Pilot,Android,7.0.2,1EF72A62-B7C3-C88D-164E-CE6F8C8424AE,1ZN7L4R0H1D00F,1W9DL31001461C,,1ZMLH8300204F0,1W9DL31001461C,,,,,
2023-11-01,11:29:11.46 AM,4m 49.1s,289.1,33.8011941670236,-117.4717862675731,137.7,137.7,18.3,1402,2171.3,5.922612,6.94893,-5.816044,2.23694,-1.11847,1.342164,0,0,-1.9,-0.8,2,-167.8,192.2,189.4,Tripod,Other,,22,5,True,,True,False,,Smart,RC,False,True,False,,,True,,False,False,False,False,False,False,False,False,False,False,0,Follow Yaw,-77.9,0,-176,184,False,False,False,False,False,,0,0,False,False,No Card,100,100,1024,1366,1003,1024,2,False,False,False,False,False,0,False,False,False,False,85,,47.268,,4238,,4986,,47.268,,True,3.942,3.942,3.942,3.942,3.942,3.942,3.942,3.942,3.942,3.942,3.942,3.942,0,,False,False,True,,,,,,,,,,,,,,,False,False,9.514,,92.8,,75.7,,93.0,,1611,63,14,18,8,143460.0,19128.00,,Idle,,20,,10,,,20,Go Home,False,False,False,False,False,False,False,False,False,False,False,False,33.8027920380556,-117.4659261431046,1869.6,2972.0,1049.4,396.9,True,1,1,False,False,False,False,,True,False,False,Course Lock,196.8,67,16.4,93,E,W,4.25,11.4,Calm,False,False,Android,7.0.2,M300 RTK,1ZN7L4R0H1D00F,1W9DL31001461C,1ZMLH8300204F0,1Z6PH74DAP0QN7,"Corona, CA",728.3,5.7,137.7,8.547347,2.013246,0,0,DJI Matrice 300 RTK,M300 RTK,1ZN7L4R0H1D00F,1W9DL31001461C,1ZMLH8300204F0,1Z6PH74DAP0QN7,DJI Pilot,Android,7.0.2,1EF72A62-B7C3-C88D-164E-CE6F8C8424AE,1ZN7L4R0H1D00F,1W9DL31001461C,,1ZMLH8300204F0,1W9DL31001461C,,,,,
2023-11-01,11:29:11.56 AM,4m 49.2s,289.2,33.8011916850577,-117.471786905694,137.7,137.7,18.3,1402,2172.3,5.922612,6.94893,-5.816044,2.23694,-1.11847,1.342164,0,0,-1.8,-1,2,-167.9,192.1,192.0,Tripod,Other,,23,5,True,,True,False,,Smart,RC,False,True,False,,,True,,False,False,False,False,False,False,False,False,False,False,0,Follow Yaw,-77.9,0,-176,184,False,False,False,False,False,,0,0,False,False,No Card,100,100,1024,1370,1024,1024,2,False,False,False,False,False,0,False,False,False,False,85,,47.268,,4238,,4986,,47.268,,True,3.942,3.942,3.942,3.942,3.942,3.942,3.942,3.942,3.942,3.942,3.942,3.942,0,,False,False,True,,,,,,,,,,,,,,,False,False,9.514,,92.8,,75.7,,93.0,,1611,63,14,18,8,143460.0,19128.00,,Idle,,20,,10,,,20,Go Home,False,False,False,False,False,False,False,False,False,False,False,False,33.8027920380556,-117.4659261431046,1870.1,2972.0,1049.4,396.9,True,1,1,False,False,False,False,,True,False,False,Course Lock,196.8,67,16.4,93,E,W,4.25,11.4,Calm,False,False,Android,7.0.2,M300 RTK,1ZN7L4R0H1D00F,1W9DL31001461C,1ZMLH8300204F0,1Z6PH74DAP0QN7,"Corona, CA",728.3,5.7,137.7,8.547347,2.013246,0,0,DJI Matrice 300 RTK,M300 RTK,1ZN7L4R0H1D00F,1W9DL31001461C,1ZMLH8300204F0,1Z6PH74DAP0QN7,DJI Pilot,Android,7.0.2,1EF72A62-B7C3-C88D-164E-CE6F8C8424AE,1ZN7L4R0H1D00F,1W9DL31001461C,,1ZMLH8300204F0,1W9DL31001461C,,,,,
2023-11-01,11:29:11.67 AM,4m 49.3s,289.3,33.8011892173468,-117.4717877239235,137.7,137.7,18.3,1402,2173.2,5.922612,6.94893,-5.816044,2.23694,-1.11847,1.342164,0,0,-1.6,-1.1,1.9,-167.8,192.2,195.4,Tripod,Other,,23,5,True,,True,False,,Smart,RC,False,True,False,,,True,,False,False,False,False,False,False,False,False,False,False,0,Follow Yaw,-77.9,0,-176,184,False,False,False,False,False,,0,0,False,False,No Card,100,100,1024,1368,967,1024,2,False,False,False,False,False,0,False,False,False,False,85,,47.268,,4238,,4986,,47.268,,True,3.94,3.94,3.94,3.94,3.94,3.94,3.94,3.94,3.94,3.94,3.94,3.94,0,,False,False,True,,,,,,,,,,,,,,,False,False,9.514,,92.8,,75.7,,93.0,,1609,64,14,18,8,143998.2,19199.77,,Idle,,20,,10,,,20,Go Home,False,False,False,False,False,False,False,False,False,False,False,False,33.8027920380556,-117.4659261431046,1870.6,2972.0,1049.4,396.9,True,1,1,False,False,False,False,,True,False,False,Course Lock,196.8,67,16.4,93,E,W,4.25,11.4,Calm,False,False,Android,7.0.2,M300 RTK,1ZN7L4R0H1D00F,1W9DL31001461C,1ZMLH8300204F0,1Z6PH74DAP0QN7,"Corona, CA",728.3,5.7,137.7,8.547347,2.013246,0,0,DJI Matrice 300 RTK,M300 RTK,1ZN7L4R0H1D00F,1W9DL31001461C,1ZMLH8300204F0,1Z6PH74DAP0QN7,DJI Pilot,Android,7.0.2,1EF72A62-B7C3-C88D-164E-CE6F8C8424AE,1ZN7L4R0H1D00F,1W9DL31001461C,,1ZMLH8300204F0,1W9DL31001461C,,,,,
2023-11-01,11:29:11.77 AM,4m 49.4s,289.4,33.8011867260608,-117.4717883636961,137.7,137.7,18.3,1402,2174.1,6.142427,6.94893,-6.039738,2.23694,-1.11847,1.342164,0,0,-1.5,-1,1.8,-167.8,192.2,192.0,Tripod,Other,,23,5,True,,True,False,,Smart,RC,False,True,False,,,True,,False,False,False,False,False,False,False,False,False,False,0,Follow Yaw,-77.9,0,-176,184,False,False,False,False,False,,0,0,False,False,No Card,100,100,1024,1366,851,1024,2,False,False,False,False,False,0,False,False,False,False,85,,47.268,,4238,,4986,,47.268,,True,3.94,3.94,3.94,3.94,3.94,3.94,3.94,3.94,3.94,3.94,3.94,3.94,0,,False,False,True,,,,,,,,,,,,,,,False,False,9.514,,92.8,,75.7,,93.0,,1609,64,14,18,8,143998.2,19199.77,,Idle,,20,,10,,,20,Go Home,False,False,False,False,False,False,False,False,False,False,False,False,33.8027920380556,-117.4659261431046,1871.1,2972.0,1049.4,396.9,True,1,1,False,False,False,False,,True,False,False,Course Lock,196.8,67,16.4,93,E,W,4.25,11.4,Calm,False,False,Android,7.0.2,M300 RTK,1ZN7L4R0H1D00F,1W9DL31001461C,1ZMLH8300204F0,1Z6PH74DAP0QN7,"Corona, CA",728.3,5.7,137.7,8.547347,2.013246,0,0,DJI Matrice 300 RTK,M300 RTK,1ZN7L4R0H1D00F,1W9DL31001461C,1ZMLH8300204F0,1Z6PH74DAP0QN7,DJI Pilot,Android,7.0.2,1EF72A62-B7C3-C88D-164E-CE6F8C8424AE,1ZN7L4R0H1D00F,1W9DL31001461C,,1ZMLH8300204F0,1W9DL31001461C,,,,,
2023-11-01,11:29:11.87 AM,4m 49.5s,289.5,33.8011843351061,-117.471788773718,137.7,137.7,18.3,1402,2175.0,6.142427,6.94893,-6.039738,2.23694,-1.11847,1.342164,0,0,-1.4,-0.7,1.5,-167.7,192.3,188.1,Tripod,Other,,23,5,True,,True,False,,Smart,RC,False,True,False,,,True,,False,False,False,False,False,False,False,False,False,False,0,Follow Yaw,-77.9,0,-176,184,False,False,False,False,False,,0,0,False,False,No Card,100,100,1024,1369,826,1024,2,False,False,False,False,False,0,False,False,False,False,85,,47.268,,4238,,4986,,47.268,,True,3.94,3.94,3.94,3.94,3.94,3.94,3.94,3.94,3.94,3.94,3.94,3.94,0,,False,False,True,,,,,,,,,,,,,,,False,False,9.514,,92.8,,75.7,,93.0,,1609,64,14,18,8,143998.2,19199.77,,Idle,,20,,10,,,20,Go Home,False,False,False,False,False,False,False,False,False,False,False,False,33.8027920380556,-117.4659261431046,1871.5,2972.0,1049.4,396.9,True,1,1,False,False,False,False,,True,False,False,Course Lock,196.8,67,16.4,93,E,W,4.25,11.4,Calm,False,False,Android,7.0.2,M300 RTK,1ZN7L4R0H1D00F,1W9DL31001461C,1ZMLH8300204F0,1Z6PH74DAP0QN7,"Corona, CA",728.3,5.7,137.7,8.547347,2.013246,0,0,DJI Matrice 300 RTK,M300 RTK,1ZN7L4R0H1D00F,1W9DL31001461C,1ZMLH8300204F0,1Z6PH74DAP0QN7,DJI Pilot,Android,7.0.2,1EF72A62-B7C3-C88D-164E-CE6F8C8424AE,1ZN7L4R0H1D00F,1W9DL31001461C,,1ZMLH8300204F0,1W9DL31001461C,,,,,
2023-11-01,11:29:11.97 AM,4m 49.6s,289.6,33.8011818652022,-117.4717893887508,137.7,137.7,18.3,1402,2175.9,5.922612,6.94893,-5.816044,2.23694,-1.11847,1.342164,0,0,-1.6,-0.4,1.6,-167.7,192.3,191.6,Tripod,Other,,22,5,True,,True,False,,Smart,RC,False,True,False,,,True,,False,False,False,False,False,False,False,False,False,False,0,Follow Yaw,-77.9,0,-176,184,False,False,False,False,False,,0,0,False,False,No Card,100,100,1024,1369,956,1024,2,False,False,False,False,False,0,False,False,False,False,85,,47.268,,4238,,4986,,47.268,,True,3.94,3.94,3.94,3.94,3.94,3.94,3.94,3.94,3.94,3.94,3.94,3.94,0,,False,False,True,,,,,,,,,,,,,,,False,False,9.514,,92.8,,75.7,,93.0,,1609,64,14,18,8,143998.2,19199.77,,Idle,,20,,10,,,20,Go Home,False,False,False,False,False,False,False,False,False,False,False,False,33.8027920380556,-117.4659261431046,1871.9,2972.0,1049.4,396.9,True,1,1,False,False,False,False,,True,False,False,Course Lock,196.8,67,16.4,93,E,W,4.25,11.4,Calm,False,False,Android,7.0.2,M300 RTK,1ZN7L4R0H1D00F,1W9DL31001461C,1ZMLH8300204F0,1Z6PH74DAP0QN7,"Corona, CA",728.3,5.7,137.7,8.547347,2.013246,0,0,DJI Matrice 300 RTK,M300 RTK,1ZN7L4R0H1D00F,1W9DL31001461C,1ZMLH8300204F0,1Z6PH74DAP0QN7,DJI Pilot,Android,7.0.2,1EF72A62-B7C3-C88D-164E-CE6F8C8424AE,1ZN7L4R0H1D00F,1W9DL31001461C,,1ZMLH8300204F0,1W9DL31001461C,,,,,
2023-11-01,11:29:12.08 AM,4m 49.7s,289.7,33.801179314156,-117.4717900568918,137.7,137.7,18.3,1402,2176.9,5.922612,6.94893,-5.816044,2.23694,-1.11847,1.342164,0,0,-1.9,-0.6,1.9,-167.8,192.2,192.2,Tripod,Other,,22,5,True,,True,False,,Smart,RC,False,True,False,,,True,,False,False,False,False,False,False,False,False,False,False,0,Follow Yaw,-77.9,0,-176,184,False,False,False,False,False,,0,0,False,False,No Card,100,100,1024,1369,956,1024,2,False,False,False,False,False,0,False,False,False,False,85,,47.268,,4238,,4986,,47.268,,True,3.94,3.94,3.94,3.94,3.94,3.94,3.94,3.94,3.94,3.94,3.94,3.94,0,,False,False,True,,,,,,,,,,,,,,,False,False,9.514,,92.8,,75.7,,93.0,,1609,64,14,18,8,143998.2,19199.77,,Idle,,20,,10,,,20,Go Home,False,False,False,False,False,False,False,False,False,False,False,False,33.8027920380556,-117.4659261431046,1872.4,2972.0,1049.4,396.9,True,1,1,False,False,False,False,,True,False,False,Course Lock,196.8,67,16.4,93,E,W,4.25,11.4,Calm,False,False,Android,7.0.2,M300 RTK,1ZN7L4R0H1D00F,1W9DL31001461C,1ZMLH8300204F0,1Z6PH74DAP0QN7,"Corona, CA",728.3,5.7,137.7,8.547347,2.013246,0,0,DJI Matrice 300 RTK,M300 RTK,1ZN7L4R0H1D00F,1W9DL31001461C,1ZMLH8300204F0,1Z6PH74DAP0QN7,DJI Pilot,Android,7.0.2,1EF72A62-B7C3-C88D-164E-CE6F8C8424AE,1ZN7L4R0H1D00F,1W9DL31001461C,,1ZMLH8300204F0,1W9DL31001461C,,,,,
2023-11-01,11:29:12.14 AM,4m 49.8s,289.8,33.8011768458969,-117.4717906801712,137.7,137.7,18.3,1402,2177.8,5.922612,6.94893,-5.816044,2.23694,-1.11847,1.342164,0,0,-2.2,-0.9,2.3,-167.9,192.1,191.8,Tripod,Other,,22,5,True,,True,False,,Smart,RC,False,True,False,,,True,,False,False,False,False,False,False,False,False,False,False,0,Follow Yaw,-77.9,0,-176,184,False,False,False,False,False,,0,0,False,False,No Card,100,100,1024,1367,1024,1024,2,False,False,False,False,False,0,False,False,False,False,85,,47.268,,4238,,4986,,47.268,,True,3.94,3.94,3.94,3.94,3.94,3.94,3.94,3.94,3.94,3.94,3.94,3.94,0,,False,False,True,,,,,,,,,,,,,,,False,False,9.514,,92.8,,75.7,,93.0,,1609,64,14,18,8,143998.2,19199.77,,Idle,,20,,10,,,20,Go Home,False,False,False,False,False,False,False,False,False,False,False,False,33.8027920380556,-117.4659261431046,1872.9,2972.0,1049.4,396.9,True,1,1,False,False,False,False,,True,False,False,Course Lock,196.8,67,16.4,93,E,W,4.25,11.4,Calm,False,False,Android,7.0.2,M300 RTK,1ZN7L4R0H1D00F,1W9DL31001461C,1ZMLH8300204F0,1Z6PH74DAP0QN7,"Corona, CA",728.3,5.7,137.7,8.547347,2.013246,0,0,DJI Matrice 300 RTK,M300 RTK,1ZN7L4R0H1D00F,1W9DL31001461C,1ZMLH8300204F0,1Z6PH74DAP0QN7,DJI Pilot,Android,7.0.2,1EF72A62-B7C3-C88D-164E-CE6F8C8424AE,1ZN7L4R0H1D00F,1W9DL31001461C,,1ZMLH8300204F0,1W9DL31001461C,,,,,
2023-11-01,11:29:12.24 AM,4m 49.9s,289.9,33.8011742849821,-117.4717914447977,137.7,137.7,18.3,1402,2178.8,5.922612,6.94893,-5.816044,2.23694,-1.11847,1.342164,0,0,-2.2,-1,2.4,-167.9,192.1,193.9,Tripod,Other,,22,5,True,,True,False,,Smart,RC,False,True,False,,,True,,False,False,False,False,False,False,False,False,False,False,0,Follow Yaw,-77.9,0,-176,184,False,False,False,False,False,,0,0,False,False,No Card,100,100,1024,1367,1024,1102,2,False,False,False,False,False,0,False,False,False,False,85,,47.268,,4238,,4986,,47.268,,True,3.94,3.94,3.94,3.94,3.94,3.94,3.94,3.94,3.94,3.94,3.94,3.94,0,,False,False,True,,,,,,,,,,,,,,,False,False,9.514,,92.8,,75.7,,93.0,,1609,64,14,18,8,143998.2,19199.77,,Idle,,20,,10,,,20,Go Home,False,False,False,False,False,False,False,False,False,False,False,False,33.8027920380556,-117.4659261431046,1873.4,2972.0,1049.4,396.9,True,1,1,False,False,False,False,,True,False,False,Course Lock,196.8,67,16.4,93,E,W,4.02,11.4,Calm,False,False,Android,7.0.2,M300 RTK,1ZN7L4R0H1D00F,1W9DL31001461C,1ZMLH8300204F0,1Z6PH74DAP0QN7,"Corona, CA",728.3,5.7,137.7,8.547347,2.013246,0,0,DJI Matrice 300 RTK,M300 RTK,1ZN7L4R0H1D00F,1W9DL31001461C,1ZMLH8300204F0,1Z6PH74DAP0QN7,DJI Pilot,Android,7.0.2,1EF72A62-B7C3-C88D-164E-CE6F8C8424AE,1ZN7L4R0H1D00F,1W9DL31001461C,,1ZMLH8300204F0,1W9DL31001461C,,,,,
2023-11-01,11:29:12.34 AM,4m 50.0s,290.0,33.8011717964374,-117.4717920631291,137.7,137.7,18.3,1402,2179.7,5.922612,6.94893,-5.816044,2.23694,-1.11847,1.342164,0,0,-2.2,-0.9,2.3,-167.9,192.1,191.6,Tripod,Other,,22,5,True,,True,False,,Smart,RC,False,True,False,,,True,,False,False,False,False,False,False,False,False,False,False,0,Follow Yaw,-77.9,0,-175.9,184.1,False,False,False,False,False,,0,0,False,False,No Card,100,100,1024,1368,1024,1205,2,False,False,False,False,False,0,False,False,False,False,84,,47.352,,8436,,10044,,47.352,,True,3.94,3.94,3.94,3.94,3.94,3.94,3.94,3.94,3.94,3.94,3.94,3.94,0,,False,False,True,,,,,,,,,,,,,,,False,False,18.774,,93.0,,75.7,,93.0,,1609,64,14,18,8,143998.2,19199.77,,Idle,,20,,10,,,20,Go Home,False,False,False,False,False,False,False,False,False,False,False,False,33.8027920380556,-117.4659261431046,1873.8,2972.0,1049.4,396.9,True,1,1,False,False,False,False,,True,False,False,Course Lock,196.8,67,16.4,93,E,W,4.02,11.4,Calm,False,False,Android,7.0.2,M300 RTK,1ZN7L4R0H1D00F,1W9DL31001461C,1ZMLH8300204F0,1Z6PH74DAP0QN7,"Corona, CA",728.3,5.7,137.7,8.547347,2.013246,0,0,DJI Matrice 300 RTK,M300 RTK,1ZN7L4R0H1D00F,1W9DL31001461C,1ZMLH8300204F0,1Z6PH74DAP0QN7,DJI Pilot,Android,7.0.2,1EF72A62-B7C3-C88D-164E-CE6F8C8424AE,1ZN7L4R0H1D00F,1W9DL31001461C,,1ZMLH8300204F0,1W9DL31001461C,,,,,
2023-11-01,11:29:12.44 AM,4m 50.1s,290.1,33.8011694169961,-117.47179271923,137.7,137.7,18.3,1402,2180.6,5.922612,6.94893,-5.816044,2.23694,-1.11847,1.342164,0,0,-2.2,-0.5,2.2,-167.8,192.2,192.9,Tripod,Other,,22,5,True,,True,False,,Smart,RC,False,True,False,,,True,,False,False,False,False,False,False,False,False,False,False,0,Follow Yaw,-77.9,0,-175.7,184.3,False,False,False,False,False,,0,0,False,False,No Card,100,100,1024,1368,1024,1063,2,False,False,False,False,False,0,False,False,False,False,84,,47.352,,8436,,10044,,47.352,,True,3.94,3.94,3.94,3.94,3.94,3.94,3.94,3.94,3.94,3.94,3.94,3.94,0,,False,False,True,,,,,,,,,,,,,,,False,False,18.774,,93.0,,75.7,,93.0,,1609,64,14,18,8,143998.2,19199.77,,Idle,,20,,10,,,20,Go Home,False,False,False,False,False,False,False,False,False,False,False,False,33.8027920380556,-117.4659261431046,1874.3,2972.0,1049.4,396.9,True,1,1,False,False,False,False,,True,False,False,Course Lock,196.8,67,16.4,93,E,W,4.02,11.4,Calm,False,False,Android,7.0.2,M300 RTK,1ZN7L4R0H1D00F,1W9DL31001461C,1ZMLH8300204F0,1Z6PH74DAP0QN7,"Corona, CA",728.3,5.7,137.7,8.547347,2.013246,0,0,DJI Matrice 300 RTK,M300 RTK,1ZN7L4R0H1D00F,1W9DL31001461C,1ZMLH8300204F0,1Z6PH74DAP0QN7,DJI Pilot,Android,7.0.2,1EF72A62-B7C3-C88D-164E-CE6F8C8424AE,1ZN7L4R0H1D00F,1W9DL31001461C,,1ZMLH8300204F0,1W9DL31001461C,,,,,
2023-11-01,11:29:12.54 AM,4m 50.2s,290.2,33.8011669388683,-117.4717933377264,137.7,137.7,18.3,1402,2181.5,5.922612,6.94893,-5.816044,2.23694,-1.11847,1.342164,0,0,-2.3,0.3,2.3,-167.7,192.3,191.7,Tripod,Other,,23,5,True,,True,False,,Smart,RC,False,True,False,,,True,,False,False,False,False,False,False,False,False,False,False,0,Follow Yaw,-77.9,0,-175.4,184.6,False,False,False,False,False,,0,0,False,False,No Card,100,100,1024,1368,1024,1063,2,False,False,False,False,False,0,False,False,False,False,84,,47.352,,8436,,10044,,47.352,,True,3.94,3.94,3.94,3.94,3.94,3.94,3.94,3.94,3.94,3.94,3.94,3.94,0,,False,False,True,,,,,,,,,,,,,,,False,False,18.774,,93.0,,75.7,,93.0,,1609,64,14,18,8,143998.2,19199.77,,Idle,,20,,10,,,20,Go Home,False,False,False,False,False,False,False,False,False,False,False,False,33.8027920380556,-117.4659261431046,1874.8,2972.0,1049.4,396.9,True,1,1,False,False,False,False,,True,False,False,Course Lock,196.8,67,16.4,93,E,W,4.02,11.4,Calm,False,False,Android,7.0.2,M300 RTK,1ZN7L4R0H1D00F,1W9DL31001461C,1ZMLH8300204F0,1Z6PH74DAP0QN7,"Corona, CA",728.3,5.7,137.7,8.547347,2.013246,0,0,DJI Matrice 300 RTK,M300 RTK,1ZN7L4R0H1D00F,1W9DL31001461C,1ZMLH8300204F0,1Z6PH74DAP0QN7,DJI Pilot,Android,7.0.2,1EF72A62-B7C3-C88D-164E-CE6F8C8424AE,1ZN7L4R0H1D00F,1W9DL31001461C,,1ZMLH8300204F0,1W9DL31001461C,,,,,
2023-11-01,11:29:12.64 AM,4m 50.3s,290.3,33.8011643658918,-117.4717938475324,137.7,137.7,18.3,1402,2182.5,5.922612,6.94893,-5.816044,2.23694,-1.11847,1.342164,0,0,-2.4,0.4,2.4,-167.6,192.4,189.3,Tripod,Other,,23,5,True,,True,False,,Smart,RC,False,True,False,,,True,,False,False,False,False,False,False,False,False,False,False,0,Follow Yaw,-77.9,0,-175.3,184.7,False,False,False,False,False,,0,0,False,False,No Card,100,100,1024,1371,1024,1259,2,False,False,False,False,False,0,False,False,False,False,84,,47.352,,8436,,10044,,47.352,,True,3.944,3.944,3.944,3.944,3.944,3.944,3.944,3.944,3.944,3.944,3.944,3.944,0,,False,False,True,,,,,,,,,,,,,,,False,False,18.774,,93.0,,75.7,,93.0,,1606,64,14,18,8,144377.4,19250.32,,Idle,,20,,10,,,20,Go Home,False,False,False,False,False,False,False,False,False,False,False,False,33.8027920380556,-117.4659261431046,1875.2,2972.0,1049.4,396.9,True,1,1,False,False,False,False,,True,False,False,Course Lock,196.8,67,16.4,93,E,W,4.02,11.4,Calm,False,False,Android,7.0.2,M300 RTK,1ZN7L4R0H1D00F,1W9DL31001461C,1ZMLH8300204F0,1Z6PH74DAP0QN7,"Corona, CA",728.3,5.7,137.7,8.547347,2.013246,0,0,DJI Matrice 300 RTK,M300 RTK,1ZN7L4R0H1D00F,1W9DL31001461C,1ZMLH8300204F0,1Z6PH74DAP0QN7,DJI Pilot,Android,7.0.2,1EF72A62-B7C3-C88D-164E-CE6F8C8424AE,1ZN7L4R0H1D00F,1W9DL31001461C,,1ZMLH8300204F0,1W9DL31001461C,,,,,
2023-11-01,11:29:12.74 AM,4m 50.4s,290.4,33.8011618762506,-117.4717944886246,137.7,137.7,18.3,1402,2183.4,5.9689,6.94893,-5.816044,2.23694,-1.342164,1.342164,0,0,-2.4,0,2.4,-167.5,192.5,192.0,Tripod,Other,,23,5,True,,True,False,,Smart,RC,False,True,False,,,True,,False,False,False,False,False,False,False,False,False,False,0,Follow Yaw,-77.9,0,-175,185,False,False,False,False,False,,0,0,False,False,No Card,100,100,1024,1372,1024,1119,2,False,False,False,False,False,0,False,False,False,False,84,,47.352,,8436,,10044,,47.352,,True,3.944,3.944,3.944,3.944,3.944,3.944,3.944,3.944,3.944,3.944,3.944,3.944,0,,False,False,True,,,,,,,,,,,,,,,False,False,18.774,,93.0,,75.7,,93.0,,1606,64,14,18,8,144377.4,19250.32,,Idle,,20,,10,,,20,Go Home,False,False,False,False,False,False,False,False,False,False,False,False,33.8027920380556,-117.4659261431046,1875.7,2972.0,1049.4,396.9,True,1,1,False,False,False,False,,True,False,False,Course Lock,196.8,67,16.4,93,E,W,4.02,11.4,Calm,False,False,Android,7.0.2,M300 RTK,1ZN7L4R0H1D00F,1W9DL31001461C,1ZMLH8300204F0,1Z6PH74DAP0QN7,"Corona, CA",728.3,5.7,137.7,8.547347,2.013246,0,0,DJI Matrice 300 RTK,M300 RTK,1ZN7L4R0H1D00F,1W9DL31001461C,1ZMLH8300204F0,1Z6PH74DAP0QN7,DJI Pilot,Android,7.0.2,1EF72A62-B7C3-C88D-164E-CE6F8C8424AE,1ZN7L4R0H1D00F,1W9DL31001461C,,1ZMLH8300204F0,1W9DL31001461C,,,,,
2023-11-01,11:29:12.84 AM,4m 50.5s,290.5,33.8011594677516,-117.4717951194909,137.7,137.7,18.3,1402,2184.3,6.18707,6.94893,-6.039738,2.23694,-1.342164,1.342164,0,0,-2.4,0.5,2.4,-167.3,192.7,192.2,Tripod,Other,,23,5,True,,True,False,,Smart,RC,False,True,False,,,True,,False,False,False,False,False,False,False,False,False,False,0,Follow Yaw,-77.9,0,-174.5,185.5,False,False,False,False,False,,0,0,False,False,No Card,100,100,1024,1371,1024,1024,2,False,False,False,False,False,0,False,False,False,False,84,,47.352,,8436,,10044,,47.352,,True,3.944,3.944,3.944,3.944,3.944,3.944,3.944,3.944,3.944,3.944,3.944,3.944,0,,False,False,True,,,,,,,,,,,,,,,False,False,18.774,,93.0,,75.7,,93.0,,1606,64,14,18,8,144377.4,19250.32,,Idle,,20,,10,,,20,Go Home,False,False,False,False,False,False,False,False,False,False,False,False,33.8027920380556,-117.4659261431046,1876.2,2972.0,1049.4,396.9,True,1,1,False,False,False,False,,True,False,False,Course Lock,196.8,67,16.4,93,E,W,4.02,11.4,Calm,False,False,Android,7.0.2,M300 RTK,1ZN7L4R0H1D00F,1W9DL31001461C,1ZMLH8300204F0,1Z6PH74DAP0QN7,"Corona, CA",728.3,5.7,137.7,8.547347,2.013246,0,0,DJI Matrice 300 RTK,M300 RTK,1ZN7L4R0H1D00F,1W9DL31001461C,1ZMLH8300204F0,1Z6PH74DAP0QN7,DJI Pilot,Android,7.0.2,1EF72A62-B7C3-C88D-164E-CE6F8C8424AE,1ZN7L4R0H1D00F,1W9DL31001461C,,1ZMLH8300204F0,1W9DL31001461C,,,,,
2023-11-01,11:29:12.94 AM,4m 50.6s,290.6,33.8011569781104,-117.4717957803748,137.7,137.7,18.3,1402,2185.2,6.18707,6.94893,-6.039738,2.23694,-1.342164,1.342164,0,0,-2.3,0.5,2.3,-167.1,192.9,192.4,Tripod,Other,,23,5,True,,True,False,,Smart,RC,False,True,False,,,True,,False,False,False,False,False,False,False,False,False,False,0,Follow Yaw,-77.9,0,-174.4,185.6,False,False,False,False,False,,0,0,False,False,No Card,100,100,1024,1370,1024,1024,2,False,False,False,False,False,0,False,False,False,False,84,,47.352,,8436,,10044,,47.352,,True,3.944,3.944,3.944,3.944,3.944,3.944,3.944,3.944,3.944,3.944,3.944,3.944,0,,False,False,True,,,,,,,,,,,,,,,False,False,18.774,,93.0,,75.7,,93.0,,1606,64,14,18,8,144377.4,19250.32,,Idle,,20,,10,,,20,Go Home,False,False,False,False,False,False,False,False,False,False,False,False,33.8027920380556,-117.4659261431046,1876.6,2972.0,1049.4,396.9,True,1,1,False,False,False,False,,True,False,False,Course Lock,196.8,67,16.4,93,E,W,4.02,11.4,Calm,False,False,Android,7.0.2,M300 RTK,1ZN7L4R0H1D00F,1W9DL31001461C,1ZMLH8300204F0,1Z6PH74DAP0QN7,"Corona, CA",728.3,5.7,137.7,8.547347,2.013246,0,0,DJI Matrice 300 RTK,M300 RTK,1ZN7L4R0H1D00F,1W9DL31001461C,1ZMLH8300204F0,1Z6PH74DAP0QN7,DJI Pilot,Android,7.0.2,1EF72A62-B7C3-C88D-164E-CE6F8C8424AE,1ZN7L4R0H1D00F,1W9DL31001461C,,1ZMLH8300204F0,1W9DL31001461C,,,,,
2023-11-01,11:29:13.04 AM,4m 50.7s,290.7,33.8011547730153,-117.4717963889753,137.7,137.7,18.3,1402,2186.0,6.18707,6.94893,-6.039738,2.23694,-1.342164,1.342164,0,0,-2.2,-0.2,2.2,-166.8,193.2,192.9,Tripod,Other,,23,5,True,,True,False,,Smart,RC,False,True,False,,,True,,False,False,False,False,False,False,False,False,False,False,0,Follow Yaw,-77.9,0,-174.4,185.6,False,False,False,False,False,,0,0,False,False,No Card,100,100,1024,1370,1024,1024,2,False,False,False,False,False,0,False,False,False,False,84,,47.376,,4188,,4986,,47.376,,True,3.944,3.944,3.944,3.944,3.944,3.944,3.944,3.944,3.944,3.944,3.944,3.944,0,,False,False,True,,,,,,,,,,,,,,,False,False,9.274,,93.0,,75.7,,93.0,,1606,64,14,18,8,144377.4,19250.32,,Idle,,20,,10,,,20,Go Home,False,False,False,False,False,False,False,False,False,False,False,False,33.8027920380556,-117.4659261431046,1877.1,2972.0,1049.4,396.9,True,1,1,False,False,False,False,,True,False,False,Course Lock,196.8,67,16.4,93,E,W,4.02,11.4,Calm,False,False,Android,7.0.2,M300 RTK,1ZN7L4R0H1D00F,1W9DL31001461C,1ZMLH8300204F0,1Z6PH74DAP0QN7,"Corona, CA",728.3,5.7,137.7,8.547347,2.013246,0,0,DJI Matrice 300 RTK,M300 RTK,1ZN7L4R0H1D00F,1W9DL31001461C,1ZMLH8300204F0,1Z6PH74DAP0QN7,DJI Pilot,Android,7.0.2,1EF72A62-B7C3-C88D-164E-CE6F8C8424AE,1ZN7L4R0H1D00F,1W9DL31001461C,,1ZMLH8300204F0,1W9DL31001461C,,,,,
2023-11-01,11:29:13.14 AM,4m 50.8s,290.8,33.8011523058527,-117.4717970668473,137.7,137.7,18.3,1402,2187.0,6.18707,6.94893,-6.039738,2.23694,-1.342164,1.342164,0,0,-2.1,-0.7,2.2,-166.5,193.5,192.8,Tripod,Other,,22,5,True,,True,False,,Smart,RC,False,True,False,,,True,,False,False,False,False,False,False,False,False,False,False,0,Follow Yaw,-77.9,0,-174.4,185.6,False,False,False,False,False,,0,0,False,False,No Card,100,100,1024,1375,1024,1024,2,False,False,False,False,False,0,False,False,False,False,84,,47.376,,4188,,4986,,47.376,,True,3.944,3.944,3.944,3.944,3.944,3.944,3.944,3.944,3.944,3.944,3.944,3.944,0,,False,False,True,,,,,,,,,,,,,,,False,False,9.274,,93.0,,75.7,,93.0,,1606,64,14,18,8,144377.4,19250.32,,Idle,,20,,10,,,20,Go Home,False,False,False,False,False,False,False,False,False,False,False,False,33.8027920380556,-117.4659261431046,1877.5,2972.0,1049.4,396.9,True,1,1,False,False,False,False,,True,False,False,Course Lock,196.8,67,16.4,93,E,W,4.02,11.4,Calm,False,False,Android,7.0.2,M300 RTK,1ZN7L4R0H1D00F,1W9DL31001461C,1ZMLH8300204F0,1Z6PH74DAP0QN7,"Corona, CA",728.3,5.7,137.7,8.547347,2.013246,0,0,DJI Matrice 300 RTK,M300 RTK,1ZN7L4R0H1D00F,1W9DL31001461C,1ZMLH8300204F0,1Z6PH74DAP0QN7,DJI Pilot,Android,7.0.2,1EF72A62-B7C3-C88D-164E-CE6F8C8424AE,1ZN7L4R0H1D00F,1W9DL31001461C,,1ZMLH8300204F0,1W9DL31001461C,,,,,
2023-11-01,11:29:13.21 AM,4m 50.9s,290.9,33.8011498699408,-117.4717977970029,137.7,137.7,18.3,1402,2187.9,6.18707,6.94893,-6.039738,2.23694,-1.342164,1.342164,0,0,-2.1,-0.7,2.2,-166.4,193.6,193.9,Tripod,Other,,22,5,True,,True,False,,Smart,RC,False,True,False,,,True,,False,False,False,False,False,False,False,False,False,False,0,Follow Yaw,-77.9,0,-174.4,185.6,False,False,False,False,False,,0,0,False,False,No Card,100,100,1024,1379,1024,1091,2,False,False,False,False,False,0,False,False,False,False,84,,47.376,,4188,,4986,,47.376,,True,3.944,3.944,3.944,3.944,3.944,3.944,3.944,3.944,3.944,3.944,3.944,3.944,0,,False,False,True,,,,,,,,,,,,,,,False,False,9.274,,93.0,,75.7,,93.0,,1606,64,14,18,8,144377.4,19250.32,,Idle,,20,,10,,,20,Go Home,False,False,False,False,False,False,False,False,False,False,False,False,33.8027920380556,-117.4659261431046,1878.0,2972.0,1049.4,396.9,True,1,1,False,False,False,False,,True,False,False,Course Lock,196.8,67,16.4,93,E,W,4.02,11.4,Calm,False,False,Android,7.0.2,M300 RTK,1ZN7L4R0H1D00F,1W9DL31001461C,1ZMLH8300204F0,1Z6PH74DAP0QN7,"Corona, CA",728.3,5.7,137.7,8.547347,2.013246,0,0,DJI Matrice 300 RTK,M300 RTK,1ZN7L4R0H1D00F,1W9DL31001461C,1ZMLH8300204F0,1Z6PH74DAP0QN7,DJI Pilot,Android,7.0.2,1EF72A62-B7C3-C88D-164E-CE6F8C8424AE,1ZN7L4R0H1D00F,1W9DL31001461C,,1ZMLH8300204F0,1W9DL31001461C,,,,,
2023-11-01,11:29:13.34 AM,4m 51.0s,291.0,33.8011474022299,-117.4717984656387,137.7,137.7,18.3,1402,2188.8,6.18707,6.94893,-6.039738,2.23694,-1.342164,1.342164,0,0,-2.2,-0.4,2.2,-166.2,193.8,192.6,Tripod,Other,,23,5,True,,True,False,,Smart,RC,False,True,False,,,True,,False,False,False,False,False,False,False,False,False,False,0,Follow Yaw,-77.9,0,-174.4,185.6,False,False,False,False,False,,0,0,False,False,No Card,100,100,1024,1378,1024,1171,2,False,False,False,False,False,0,False,False,False,False,84,,47.4,,8436,,10044,,47.4,,True,3.944,3.944,3.944,3.944,3.944,3.944,3.944,3.944,3.944,3.944,3.944,3.944,0,,False,False,True,,,,,,,,,,,,,,,False,False,18.77,,93.0,,75.7,,93.0,,1606,64,14,18,8,144377.4,19250.32,,Idle,,20,,10,,,20,Go Home,False,False,False,False,False,False,False,False,False,False,False,False,33.8027920380556,-117.4659261431046,1878.5,2972.0,1049.4,396.9,True,1,1,False,False,False,False,,True,False,False,Course Lock,196.8,67,16.4,93,E,W,4.02,11.4,Calm,False,False,Android,7.0.2,M300 RTK,1ZN7L4R0H1D00F,1W9DL31001461C,1ZMLH8300204F0,1Z6PH74DAP0QN7,"Corona, CA",728.3,5.7,137.7,8.547347,2.013246,0,0,DJI Matrice 300 RTK,M300 RTK,1ZN7L4R0H1D00F,1W9DL31001461C,1ZMLH8300204F0,1Z6PH74DAP0QN7,DJI Pilot,Android,7.0.2,1EF72A62-B7C3-C88D-164E-CE6F8C8424AE,1ZN7L4R0H1D00F,1W9DL31001461C,,1ZMLH8300204F0,1W9DL31001461C,,,,,
2023-11-01,11:29:13.41 AM,4m 51.1s,291.1,33.8011447333082,-117.4717991959592,137.7,137.7,18.3,1402,2189.8,6.18707,6.94893,-6.039738,2.23694,-1.342164,1.342164,0,0,-2.3,-0.2,2.3,-166.3,193.7,192.8,Tripod,Other,,23,5,True,,True,False,,Smart,RC,False,True,False,,,True,,False,False,False,False,False,False,False,False,False,False,0,Follow Yaw,-77.9,0,-174.2,185.8,False,False,False,False,False,,0,0,False,False,No Card,100,100,1024,1377,1024,1235,2,False,False,False,False,False,0,False,False,False,False,84,,47.4,,8436,,10044,,47.4,,True,3.944,3.944,3.944,3.944,3.944,3.944,3.944,3.944,3.944,3.944,3.944,3.944,0,,False,False,True,,,,,,,,,,,,,,,False,False,18.77,,93.0,,75.7,,93.0,,1606,64,14,18,8,144377.4,19250.32,,Idle,,20,,10,,,20,Go Home,False,False,False,False,False,False,False,False,False,False,False,False,33.8027920380556,-117.4659261431046,1879.0,2972.0,1049.4,396.9,True,1,1,False,False,False,False,,True,False,False,Course Lock,196.8,67,16.4,93,E,W,4.02,11.4,Calm,False,False,Android,7.0.2,M300 RTK,1ZN7L4R0H1D00F,1W9DL31001461C,1ZMLH8300204F0,1Z6PH74DAP0QN7,"Corona, CA",728.3,5.7,137.7,8.547347,2.013246,0,0,DJI Matrice 300 RTK,M300 RTK,1ZN7L4R0H1D00F,1W9DL31001461C,1ZMLH8300204F0,1Z6PH74DAP0QN7,DJI Pilot,Android,7.0.2,1EF72A62-B7C3-C88D-164E-CE6F8C8424AE,1ZN7L4R0H1D00F,1W9DL31001461C,,1ZMLH8300204F0,1W9DL31001461C,,,,,
2023-11-01,11:29:13.52 AM,4m 51.2s,291.2,33.8011422442152,-117.4717998748209,137.7,137.7,18.3,1402,2190.7,6.18707,6.94893,-6.039738,2.23694,-1.342164,1.342164,0,0,-2.3,0.2,2.3,-166.2,193.8,192.7,Tripod,Other,,23,5,True,,True,False,,Smart,RC,False,True,False,,,True,,False,False,False,False,False,False,False,False,False,False,0,Follow Yaw,-77.9,0,-173.9,186.1,False,False,False,False,False,,0,0,False,False,No Card,100,100,1024,1378,1024,1224,2,False,False,False,False,False,0,False,False,False,False,84,,47.4,,8436,,10044,,47.4,,True,3.944,3.944,3.944,3.944,3.944,3.944,3.944,3.944,3.944,3.944,3.944,3.944,0,,False,False,True,,,,,,,,,,,,,,,False,False,18.77,,93.0,,75.7,,93.0,,1606,64,14,18,8,144377.4,19250.32,,Idle,,20,,10,,,20,Go Home,False,False,False,False,False,False,False,False,False,False,False,False,33.8027920380556,-117.4659261431046,1879.5,2972.0,1049.4,396.9,True,1,1,False,False,False,False,,True,False,False,Course Lock,196.8,67,16.4,93,E,W,3.8,11.4,Calm,False,False,Android,7.0.2,M300 RTK,1ZN7L4R0H1D00F,1W9DL31001461C,1ZMLH8300204F0,1Z6PH74DAP0QN7,"Corona, CA",728.3,5.7,137.7,8.547347,2.013246,0,0,DJI Matrice 300 RTK,M300 RTK,1ZN7L4R0H1D00F,1W9DL31001461C,1ZMLH8300204F0,1Z6PH74DAP0QN7,DJI Pilot,Android,7.0.2,1EF72A62-B7C3-C88D-164E-CE6F8C8424AE,1ZN7L4R0H1D00F,1W9DL31001461C,,1ZMLH8300204F0,1W9DL31001461C,,,,,
2023-11-01,11:29:13.64 AM,4m 51.3s,291.3,33.8011398686117,-117.4718004563724,137.7,137.7,18.3,1402,2191.6,6.18707,6.94893,-6.039738,2.23694,-1.342164,1.342164,0,0,-2.2,0.9,2.3,-166.1,193.9,191.4,Tripod,Other,,23,5,True,,True,False,,Smart,RC,False,True,False,,,True,,False,False,False,False,False,False,False,False,False,False,0,Follow Yaw,-77.9,0,-173.4,186.6,False,False,False,False,False,,0,0,False,False,No Card,100,100,1024,1379,1024,1024,2,False,False,False,False,False,0,False,False,False,False,84,,47.4,,8436,,10044,,47.4,,True,3.95,3.95,3.95,3.95,3.95,3.95,3.95,3.95,3.95,3.95,3.95,3.95,0,,False,False,True,,,,,,,,,,,,,,,False,False,18.77,,93.0,,75.7,,93.0,,1603,64,14,18,8,144409.4,19254.59,,Idle,,20,,10,,,20,Go Home,False,False,False,False,False,False,False,False,False,False,False,False,33.8027920380556,-117.4659261431046,1880.0,2972.0,1049.4,396.9,True,1,1,False,False,False,False,,True,False,False,Course Lock,196.8,67,16.4,93,E,W,3.8,11.4,Calm,False,False,Android,7.0.2,M300 RTK,1ZN7L4R0H1D00F,1W9DL31001461C,1ZMLH8300204F0,1Z6PH74DAP0QN7,"Corona, CA",728.3,5.7,137.7,8.547347,2.013246,0,0,DJI Matrice 300 RTK,M300 RTK,1ZN7L4R0H1D00F,1W9DL31001461C,1ZMLH8300204F0,1Z6PH74DAP0QN7,DJI Pilot,Android,7.0.2,1EF72A62-B7C3-C88D-164E-CE6F8C8424AE,1ZN7L4R0H1D00F,1W9DL31001461C,,1ZMLH8300204F0,1W9DL31001461C,,,,,
2023-11-01,11:29:13.72 AM,4m 51.4s,291.4,33.8011373910322,-117.4718011543662,137.7,137.7,18.3,1402,2192.5,6.18707,6.94893,-6.039738,2.23694,-1.342164,1.342164,0,0,-2.2,1,2.4,-165.9,194.1,193.1,Tripod,Other,,23,5,True,,True,False,,Smart,RC,False,True,False,,,True,,False,False,False,False,False,False,False,False,False,False,0,Follow Yaw,-77.9,0,-173.3,186.7,False,False,False,False,False,,0,0,False,False,No Card,100,100,1024,1378,1024,1024,2,False,False,False,False,False,0,False,False,False,False,84,,47.4,,8436,,10044,,47.4,,True,3.95,3.95,3.95,3.95,3.95,3.95,3.95,3.95,3.95,3.95,3.95,3.95,0,,False,False,True,,,,,,,,,,,,,,,False,False,18.77,,93.0,,75.7,,93.0,,1603,64,14,18,8,144409.4,19254.59,,Idle,,20,,10,,,20,Go Home,False,False,False,False,False,False,False,False,False,False,False,False,33.8027920380556,-117.4659261431046,1880.5,2972.0,1049.4,396.9,True,1,1,False,False,False,False,,True,False,False,Course Lock,196.8,67,16.4,93,E,W,3.8,11.4,Calm,False,False,Android,7.0.2,M300 RTK,1ZN7L4R0H1D00F,1W9DL31001461C,1ZMLH8300204F0,1Z6PH74DAP0QN7,"Corona, CA",728.3,5.7,137.7,8.547347,2.013246,0,0,DJI Matrice 300 RTK,M300 RTK,1ZN7L4R0H1D00F,1W9DL31001461C,1ZMLH8300204F0,1Z6PH74DAP0QN7,DJI Pilot,Android,7.0.2,1EF72A62-B7C3-C88D-164E-CE6F8C8424AE,1ZN7L4R0H1D00F,1W9DL31001461C,,1ZMLH8300204F0,1W9DL31001461C,,,,,
2023-11-01,11:29:13.82 AM,4m 51.5s,291.5,33.8011348580786,-117.4718018188788,137.7,137.7,18.3,1402,2193.5,6.18707,6.94893,-6.039738,2.23694,-1.342164,1.342164,0,0,-2.3,0,2.3,-165.7,194.3,192.2,Tripod,Other,,23,5,True,,True,False,,Smart,RC,False,True,False,,,True,,False,False,False,False,False,False,False,False,False,False,0,Follow Yaw,-77.9,0,-173.3,186.7,False,False,False,False,False,,0,0,False,False,No Card,100,100,1024,1377,1024,1028,2,False,False,False,False,False,0,False,False,False,False,84,,47.4,,8436,,10044,,47.4,,True,3.95,3.95,3.95,3.95,3.95,3.95,3.95,3.95,3.95,3.95,3.95,3.95,0,,False,False,True,,,,,,,,,,,,,,,False,False,18.77,,93.0,,75.7,,93.0,,1603,64,14,18,8,144409.4,19254.59,,Idle,,20,,10,,,20,Go Home,False,False,False,False,False,False,False,False,False,False,False,False,33.8027920380556,-117.4659261431046,1880.9,2972.0,1049.4,396.9,True,1,1,False,False,False,False,,True,False,False,Course Lock,196.8,67,16.4,93,E,W,3.8,11.4,Calm,False,False,Android,7.0.2,M300 RTK,1ZN7L4R0H1D00F,1W9DL31001461C,1ZMLH8300204F0,1Z6PH74DAP0QN7,"Corona, CA",728.3,5.7,137.7,8.547347,2.013246,0,0,DJI Matrice 300 RTK,M300 RTK,1ZN7L4R0H1D00F,1W9DL31001461C,1ZMLH8300204F0,1Z6PH74DAP0QN7,DJI Pilot,Android,7.0.2,1EF72A62-B7C3-C88D-164E-CE6F8C8424AE,1ZN7L4R0H1D00F,1W9DL31001461C,,1ZMLH8300204F0,1W9DL31001461C,,,,,
2023-11-01,11:29:13.94 AM,4m 51.6s,291.6,33.8011323794025,-117.4718025320463,137.7,137.7,18.3,1402,2194.4,6.18707,6.94893,-6.039738,2.23694,-1.342164,1.342164,0,0,-2.3,-0.5,2.3,-165.5,194.5,193.4,Tripod,Other,,23,5,True,,True,False,,Smart,RC,False,True,False,,,True,,False,False,False,False,False,False,False,False,False,False,0,Follow Yaw,-77.9,0,-173.3,186.7,False,False,False,False,False,,0,0,False,False,No Card,100,100,1024,1378,1024,1227,2,False,False,False,False,False,0,False,False,False,False,84,,47.4,,8436,,10044,,47.4,,True,3.95,3.95,3.95,3.95,3.95,3.95,3.95,3.95,3.95,3.95,3.95,3.95,0,,False,False,True,,,,,,,,,,,,,,,False,False,18.77,,93.0,,75.7,,93.0,,1603,64,14,18,8,144409.4,19254.59,,Idle,,20,,10,,,20,Go Home,False,False,False,False,False,False,False,False,False,False,False,False,33.8027920380556,-117.4659261431046,1881.4,2972.0,1049.4,396.9,True,1,1,False,False,False,False,,True,False,False,Course Lock,196.8,67,16.4,93,E,W,3.8,11.4,Calm,False,False,Android,7.0.2,M300 RTK,1ZN7L4R0H1D00F,1W9DL31001461C,1ZMLH8300204F0,1Z6PH74DAP0QN7,"Corona, CA",728.3,5.7,137.7,8.547347,2.013246,0,0,DJI Matrice 300 RTK,M300 RTK,1ZN7L4R0H1D00F,1W9DL31001461C,1ZMLH8300204F0,1Z6PH74DAP0QN7,DJI Pilot,Android,7.0.2,1EF72A62-B7C3-C88D-164E-CE6F8C8424AE,1ZN7L4R0H1D00F,1W9DL31001461C,,1ZMLH8300204F0,1W9DL31001461C,,,,,
2023-11-01,11:29:14.03 AM,4m 51.7s,291.7,33.80112998461,-117.4718033463173,137.7,137.7,18.3,1402,2195.3,6.18707,6.94893,-6.039738,2.23694,-1.342164,1.342164,0,0,-2.4,-0.6,2.4,-165.4,194.6,195.7,Tripod,Other,,23,5,True,,True,False,,Smart,RC,False,True,False,,,True,,False,False,False,False,False,False,False,False,False,False,0,Follow Yaw,-77.9,0,-173.1,186.9,False,False,False,False,False,,0,0,False,False,No Card,100,100,1024,1380,1024,1281,2,False,False,False,False,False,0,False,False,False,False,84,,47.4,,8436,,10044,,47.4,,True,3.95,3.95,3.95,3.95,3.95,3.95,3.95,3.95,3.95,3.95,3.95,3.95,0,,False,False,True,,,,,,,,,,,,,,,False,False,18.77,,93.0,,75.7,,93.0,,1603,64,14,18,8,144409.4,19254.59,,Idle,,20,,10,,,20,Go Home,False,False,False,False,False,False,False,False,False,False,False,False,33.8027920380556,-117.4659261431046,1882.0,2972.0,1049.4,396.9,True,1,1,False,False,False,False,,True,False,False,Course Lock,196.8,67,16.4,93,E,W,3.8,11.4,Calm,False,False,Android,7.0.2,M300 RTK,1ZN7L4R0H1D00F,1W9DL31001461C,1ZMLH8300204F0,1Z6PH74DAP0QN7,"Corona, CA",728.3,5.7,137.7,8.547347,2.013246,0,0,DJI Matrice 300 RTK,M300 RTK,1ZN7L4R0H1D00F,1W9DL31001461C,1ZMLH8300204F0,1Z6PH74DAP0QN7,DJI Pilot,Android,7.0.2,1EF72A62-B7C3-C88D-164E-CE6F8C8424AE,1ZN7L4R0H1D00F,1W9DL31001461C,,1ZMLH8300204F0,1W9DL31001461C,,,,,
2023-11-01,11:29:14.13 AM,4m 51.8s,291.8,33.8011275026444,-117.4718040393631,137.7,137.7,18.3,1402,2196.3,6.18707,6.94893,-6.039738,2.23694,-1.342164,1.342164,0,0,-2.6,0.5,2.6,-165.2,194.8,193.0,Tripod,Other,,23,5,True,,True,False,,Smart,RC,False,True,False,,,True,,False,False,False,False,False,False,False,False,False,False,0,Follow Yaw,-77.9,0,-172.6,187.4,False,False,False,False,False,,0,0,False,False,No Card,100,100,1024,1379,1024,1024,2,False,False,False,False,False,0,False,False,False,False,84,,47.4,,8436,,10044,,47.4,,True,3.95,3.95,3.95,3.95,3.95,3.95,3.95,3.95,3.95,3.95,3.95,3.95,0,,False,False,True,,,,,,,,,,,,,,,False,False,18.77,,93.0,,75.7,,93.0,,1603,64,14,18,8,144409.4,19254.59,,Idle,,20,,10,,,20,Go Home,False,False,False,False,False,False,False,False,False,False,False,False,33.8027920380556,-117.4659261431046,1882.4,2972.0,1049.4,396.9,True,1,1,False,False,False,False,,True,False,False,Course Lock,196.8,67,16.4,93,E,W,3.8,11.4,Calm,False,False,Android,7.0.2,M300 RTK,1ZN7L4R0H1D00F,1W9DL31001461C,1ZMLH8300204F0,1Z6PH74DAP0QN7,"Corona, CA",728.3,5.7,137.7,8.547347,2.013246,0,0,DJI Matrice 300 RTK,M300 RTK,1ZN7L4R0H1D00F,1W9DL31001461C,1ZMLH8300204F0,1Z6PH74DAP0QN7,DJI Pilot,Android,7.0.2,1EF72A62-B7C3-C88D-164E-CE6F8C8424AE,1ZN7L4R0H1D00F,1W9DL31001461C,,1ZMLH8300204F0,1W9DL31001461C,,,,,
2023-11-01,11:29:14.24 AM,4m 51.9s,291.9,33.8011246999477,-117.471804812566,137.7,137.7,18.3,1402,2197.3,6.18707,6.94893,-6.039738,2.23694,-1.342164,1.342164,0,0,-2.5,1.5,2.9,-165,195,192.9,Tripod,Other,,23,5,True,,True,False,,Smart,RC,False,True,False,,,True,,False,False,False,False,False,False,False,False,False,False,0,Follow Yaw,-77.9,0,-172.5,187.5,False,False,False,False,False,,0,0,False,False,No Card,100,100,1024,1377,1024,1024,2,False,False,False,False,False,0,False,False,False,False,84,,47.412,,4188,,4986,,47.412,,True,3.95,3.95,3.95,3.95,3.95,3.95,3.95,3.95,3.95,3.95,3.95,3.95,0,,False,False,True,,,,,,,,,,,,,,,False,False,9.306,,93.0,,75.7,,93.0,,1603,64,14,18,8,144409.4,19254.59,,Idle,,20,,10,,,20,Go Home,False,False,False,False,False,False,False,False,False,False,False,False,33.8027920380556,-117.4659261431046,1883.0,2972.0,1049.4,396.9,True,1,1,False,False,False,False,,True,False,False,Course Lock,196.8,67,16.4,93,E,W,3.8,11.4,Calm,False,False,Android,7.0.2,M300 RTK,1ZN7L4R0H1D00F,1W9DL31001461C,1ZMLH8300204F0,1Z6PH74DAP0QN7,"Corona, CA",728.3,5.7,137.7,8.547347,2.013246,0,0,DJI Matrice 300 RTK,M300 RTK,1ZN7L4R0H1D00F,1W9DL31001461C,1ZMLH8300204F0,1Z6PH74DAP0QN7,DJI Pilot,Android,7.0.2,1EF72A62-B7C3-C88D-164E-CE6F8C8424AE,1ZN7L4R0H1D00F,1W9DL31001461C,,1ZMLH8300204F0,1W9DL31001461C,,,,,
2023-11-01,11:29:14.34 AM,4m 52.0s,292.0,33.8011221900209,-117.4718055455255,137.7,137.7,18.3,1402,2198.3,6.18707,6.94893,-6.039738,2.23694,-1.342164,1.342164,0,0,-2.5,0.9,2.6,-164.8,195.2,193.6,Tripod,Other,,23,5,True,,True,False,,Smart,RC,False,True,False,,,True,,False,False,False,False,False,False,False,False,False,False,0,Follow Yaw,-77.9,0,-172.5,187.5,False,False,False,False,False,,0,0,False,False,No Card,100,100,1024,1378,1024,1024,2,False,False,False,False,False,0,False,False,False,False,84,,47.412,,8436,,10044,,47.412,,True,3.95,3.95,3.95,3.95,3.95,3.95,3.95,3.95,3.95,3.95,3.95,3.95,0,,False,False,True,,,,,,,,,,,,,,,False,False,18.932,,93.2,,75.7,,93.2,,1603,64,14,18,8,144409.4,19254.59,,Idle,,20,,10,,,20,Go Home,False,False,False,False,False,False,False,False,False,False,False,False,33.8027920380556,-117.4659261431046,1883.5,2972.0,1049.4,396.9,True,1,1,False,False,False,False,,True,False,False,Course Lock,196.8,67,16.4,93,E,W,3.8,11.4,Calm,False,False,Android,7.0.2,M300 RTK,1ZN7L4R0H1D00F,1W9DL31001461C,1ZMLH8300204F0,1Z6PH74DAP0QN7,"Corona, CA",728.3,5.7,137.7,8.547347,2.013246,0,0,DJI Matrice 300 RTK,M300 RTK,1ZN7L4R0H1D00F,1W9DL31001461C,1ZMLH8300204F0,1Z6PH74DAP0QN7,DJI Pilot,Android,7.0.2,1EF72A62-B7C3-C88D-164E-CE6F8C8424AE,1ZN7L4R0H1D00F,1W9DL31001461C,,1ZMLH8300204F0,1W9DL31001461C,,,,,
2023-11-01,11:29:14.44 AM,4m 52.1s,292.1,33.8011200052113,-117.4718060421369,137.7,137.7,18.3,1402,2199.1,6.18707,6.94893,-6.039738,2.23694,-1.342164,1.342164,0,0,-2.6,0.3,2.6,-164.6,195.4,190.6,Tripod,Other,,23,5,True,,True,False,,Smart,RC,False,True,False,,,True,,False,False,False,False,False,False,False,False,False,False,0,Follow Yaw,-77.9,0,-172.5,187.5,False,False,False,False,False,,0,0,False,False,No Card,100,100,1024,1377,1024,1024,2,False,False,False,False,False,0,False,False,False,False,84,,47.412,,8436,,10044,,47.412,,True,3.95,3.95,3.95,3.95,3.95,3.95,3.95,3.95,3.95,3.95,3.95,3.95,0,,False,False,True,,,,,,,,,,,,,,,False,False,18.932,,93.2,,75.7,,93.2,,1603,64,14,18,8,144409.4,19254.59,,Idle,,20,,10,,,20,Go Home,False,False,False,False,False,False,False,False,False,False,False,False,33.8027920380556,-117.4659261431046,1883.9,2972.0,1049.4,396.9,True,1,1,False,False,False,False,,True,False,False,Course Lock,196.8,67,16.4,93,E,W,3.8,11.4,Calm,False,False,Android,7.0.2,M300 RTK,1ZN7L4R0H1D00F,1W9DL31001461C,1ZMLH8300204F0,1Z6PH74DAP0QN7,"Corona, CA",728.3,5.7,137.7,8.547347,2.013246,0,0,DJI Matrice 300 RTK,M300 RTK,1ZN7L4R0H1D00F,1W9DL31001461C,1ZMLH8300204F0,1Z6PH74DAP0QN7,DJI Pilot,Android,7.0.2,1EF72A62-B7C3-C88D-164E-CE6F8C8424AE,1ZN7L4R0H1D00F,1W9DL31001461C,,1ZMLH8300204F0,1W9DL31001461C,,,,,
2023-11-01,11:29:14.54 AM,4m 52.2s,292.2,33.8011175150218,-117.4718067678393,137.7,137.7,18.3,1402,2200.0,6.18707,6.94893,-6.039738,2.23694,-1.342164,1.342164,0,0,-2.6,0.1,2.6,-164.5,195.5,193.6,Tripod,Other,,23,5,True,,True,False,,Smart,RC,False,True,False,,,True,,False,False,False,False,False,False,False,False,False,False,0,Follow Yaw,-77.9,0,-172.5,187.5,False,False,False,False,False,,0,0,False,False,No Card,100,100,1024,1374,1023,1024,2,False,False,False,False,False,0,False,False,False,False,84,,47.412,,8436,,10044,,47.412,,True,3.95,3.95,3.95,3.95,3.95,3.95,3.95,3.95,3.95,3.95,3.95,3.95,0,,False,False,True,,,,,,,,,,,,,,,False,False,18.932,,93.2,,75.7,,93.2,,1603,64,14,18,8,144409.4,19254.59,,Idle,,20,,10,,,20,Go Home,False,False,False,False,False,False,False,False,False,False,False,False,33.8027920380556,-117.4659261431046,1884.4,2972.0,1049.4,396.9,True,1,1,False,False,False,False,,True,False,False,Course Lock,196.8,67,16.4,93,E,W,3.57,11.4,Calm,False,False,Android,7.0.2,M300 RTK,1ZN7L4R0H1D00F,1W9DL31001461C,1ZMLH8300204F0,1Z6PH74DAP0QN7,"Corona, CA",728.3,5.7,137.7,8.547347,2.013246,0,0,DJI Matrice 300 RTK,M300 RTK,1ZN7L4R0H1D00F,1W9DL31001461C,1ZMLH8300204F0,1Z6PH74DAP0QN7,DJI Pilot,Android,7.0.2,1EF72A62-B7C3-C88D-164E-CE6F8C8424AE,1ZN7L4R0H1D00F,1W9DL31001461C,,1ZMLH8300204F0,1W9DL31001461C,,,,,
2023-11-01,11:29:14.64 AM,4m 52.3s,292.3,33.8011149513657,-117.4718075959647,137.7,137.7,18.3,1402,2201.0,6.18707,6.94893,-6.039738,2.23694,-1.342164,1.342164,0,0,-2.6,0.1,2.6,-164.4,195.6,195.0,Tripod,Other,,23,5,True,,True,False,,Smart,RC,False,True,False,,,True,,False,False,False,False,False,False,False,False,False,False,0,Follow Yaw,-77.9,0,-172.5,187.5,False,False,False,False,False,,0,0,False,False,No Card,100,100,1024,1377,919,1024,2,False,False,False,False,False,0,False,False,False,False,84,,47.412,,8436,,10044,,47.412,,True,3.949,3.949,3.949,3.949,3.949,3.949,3.949,3.949,3.949,3.949,3.949,3.949,0,,False,False,True,,,,,,,,,,,,,,,False,False,18.932,,93.2,,75.7,,93.2,,1600,64,14,18,8,144163.0,19221.73,,Idle,,20,,10,,,20,Go Home,False,False,False,False,False,False,False,False,False,False,False,False,33.8027920380556,-117.4659261431046,1884.9,2972.0,1049.4,396.9,True,1,1,False,False,False,False,,True,False,False,Course Lock,196.8,67,16.4,93,E,W,3.57,11.4,Calm,False,False,Android,7.0.2,M300 RTK,1ZN7L4R0H1D00F,1W9DL31001461C,1ZMLH8300204F0,1Z6PH74DAP0QN7,"Corona, CA",728.3,5.7,137.7,8.547347,2.013246,0,0,DJI Matrice 300 RTK,M300 RTK,1ZN7L4R0H1D00F,1W9DL31001461C,1ZMLH8300204F0,1Z6PH74DAP0QN7,DJI Pilot,Android,7.0.2,1EF72A62-B7C3-C88D-164E-CE6F8C8424AE,1ZN7L4R0H1D00F,1W9DL31001461C,,1ZMLH8300204F0,1W9DL31001461C,,,,,
2023-11-01,11:29:14.75 AM,4m 52.4s,292.4,33.8011124425355,-117.4718083384902,137.7,137.7,18.3,1402,2201.9,6.239418,6.94893,-6.039738,2.23694,-1.565858,1.342164,0,0,-2.5,0.3,2.5,-164.4,195.6,193.8,Tripod,Other,,23,5,True,,True,False,,Smart,RC,False,True,False,,,True,,False,False,False,False,False,False,False,False,False,False,0,Follow Yaw,-77.9,0,-172.5,187.5,False,False,False,False,False,,0,0,False,False,No Card,100,100,1024,1378,854,1024,2,False,False,False,False,False,0,False,False,False,False,84,,47.412,,8436,,10044,,47.412,,True,3.949,3.949,3.949,3.949,3.949,3.949,3.949,3.949,3.949,3.949,3.949,3.949,0,,False,False,True,,,,,,,,,,,,,,,False,False,18.932,,93.2,,75.7,,93.2,,1600,64,14,18,8,144163.0,19221.73,,Idle,,20,,10,,,20,Go Home,False,False,False,False,False,False,False,False,False,False,False,False,33.8027920380556,-117.4659261431046,1885.5,2972.0,1049.4,396.9,True,1,1,False,False,False,False,,True,False,False,Course Lock,196.8,67,16.4,93,E,W,3.57,11.4,Calm,False,False,Android,7.0.2,M300 RTK,1ZN7L4R0H1D00F,1W9DL31001461C,1ZMLH8300204F0,1Z6PH74DAP0QN7,"Corona, CA",728.3,5.7,137.7,8.547347,2.013246,0,0,DJI Matrice 300 RTK,M300 RTK,1ZN7L4R0H1D00F,1W9DL31001461C,1ZMLH8300204F0,1Z6PH74DAP0QN7,DJI Pilot,Android,7.0.2,1EF72A62-B7C3-C88D-164E-CE6F8C8424AE,1ZN7L4R0H1D00F,1W9DL31001461C,,1ZMLH8300204F0,1W9DL31001461C,,,,,
2023-11-01,11:29:14.85 AM,4m 52.5s,292.5,33.8011098415978,-117.471809272997,137.7,137.7,18.3,1402,2202.9,6.239418,6.94893,-6.039738,2.23694,-1.565858,1.342164,0,0,-2.4,0.3,2.4,-164.4,195.6,196.6,Tripod,Other,,23,5,True,,True,False,,Smart,RC,False,True,False,,,True,,False,False,False,False,False,False,False,False,False,False,0,Follow Yaw,-77.9,0,-172.5,187.5,False,False,False,False,False,,0,0,False,False,No Card,100,100,1024,1379,827,1024,2,False,False,False,False,False,0,False,False,False,False,84,,47.412,,8436,,10044,,47.412,,True,3.949,3.949,3.949,3.949,3.949,3.949,3.949,3.949,3.949,3.949,3.949,3.949,0,,False,False,True,,,,,,,,,,,,,,,False,False,18.932,,93.2,,75.7,,93.2,,1600,64,14,18,8,144163.0,19221.73,,Idle,,20,,10,,,20,Go Home,False,False,False,False,False,False,False,False,False,False,False,False,33.8027920380556,-117.4659261431046,1886.0,2972.0,1049.4,396.9,True,1,1,False,False,False,False,,True,False,False,Course Lock,196.8,67,16.4,93,E,W,3.57,11.4,Calm,False,False,Android,7.0.2,M300 RTK,1ZN7L4R0H1D00F,1W9DL31001461C,1ZMLH8300204F0,1Z6PH74DAP0QN7,"Corona, CA",728.3,5.7,137.7,8.547347,2.013246,0,0,DJI Matrice 300 RTK,M300 RTK,1ZN7L4R0H1D00F,1W9DL31001461C,1ZMLH8300204F0,1Z6PH74DAP0QN7,DJI Pilot,Android,7.0.2,1EF72A62-B7C3-C88D-164E-CE6F8C8424AE,1ZN7L4R0H1D00F,1W9DL31001461C,,1ZMLH8300204F0,1W9DL31001461C,,,,,
2023-11-01,11:29:14.95 AM,4m 52.6s,292.6,33.8011073196094,-117.4718100481792,137.7,137.7,18.3,1402,2203.8,6.239418,6.94893,-6.039738,2.23694,-1.565858,1.342164,0,0,-2.4,0.2,2.4,-164.4,195.6,194.3,Tripod,Other,,23,5,True,,True,False,,Smart,RC,False,True,False,,,True,,False,False,False,False,False,False,False,False,False,False,0,Follow Yaw,-77.9,0,-172.5,187.5,False,False,False,False,False,,0,0,False,False,No Card,100,100,1024,1378,793,1024,2,False,False,False,False,False,0,False,False,False,False,84,,47.412,,8436,,10044,,47.412,,True,3.949,3.949,3.949,3.949,3.949,3.949,3.949,3.949,3.949,3.949,3.949,3.949,0,,False,False,True,,,,,,,,,,,,,,,False,False,18.932,,93.2,,75.7,,93.2,,1600,64,14,18,8,144163.0,19221.73,,Idle,,20,,10,,,20,Go Home,False,False,False,False,False,False,False,False,False,False,False,False,33.8027920380556,-117.4659261431046,1886.6,2972.0,1049.4,396.9,True,1,1,False,False,False,False,,True,False,False,Course Lock,196.8,67,16.4,93,E,W,3.57,11.4,Calm,False,False,Android,7.0.2,M300 RTK,1ZN7L4R0H1D00F,1W9DL31001461C,1ZMLH8300204F0,1Z6PH74DAP0QN7,"Corona, CA",728.3,5.7,137.7,8.547347,2.013246,0,0,DJI Matrice 300 RTK,M300 RTK,1ZN7L4R0H1D00F,1W9DL31001461C,1ZMLH8300204F0,1Z6PH74DAP0QN7,DJI Pilot,Android,7.0.2,1EF72A62-B7C3-C88D-164E-CE6F8C8424AE,1ZN7L4R0H1D00F,1W9DL31001461C,,1ZMLH8300204F0,1W9DL31001461C,,,,,
2023-11-01,11:29:15.05 AM,4m 52.7s,292.7,33.8011051260276,-117.4718108449674,137.7,137.7,18.3,1402,2204.7,6.239418,6.94893,-6.039738,2.23694,-1.565858,1.342164,0,0,-2.5,0,2.5,-164.4,195.6,196.7,Tripod,Other,,23,5,True,,True,False,,Smart,RC,False,True,False,,,True,,False,False,False,False,False,False,False,False,False,False,0,Follow Yaw,-77.9,0,-172.5,187.5,False,False,False,False,False,,0,0,False,False,No Card,100,100,1024,1379,774,1024,2,False,False,False,False,False,0,False,False,False,False,84,,47.412,,8436,,10044,,47.412,,True,3.949,3.949,3.949,3.949,3.949,3.949,3.949,3.949,3.949,3.949,3.949,3.949,0,,False,False,True,,,,,,,,,,,,,,,False,False,18.932,,93.2,,75.7,,93.2,,1600,64,14,18,8,144163.0,19221.73,,Idle,,20,,10,,,20,Go Home,False,False,False,False,False,False,False,False,False,False,False,False,33.8027920380556,-117.4659261431046,1887.0,2972.0,1049.4,396.9,True,1,1,False,False,False,False,,True,False,False,Course Lock,196.8,67,16.4,93,E,W,3.57,11.4,Calm,False,False,Android,7.0.2,M300 RTK,1ZN7L4R0H1D00F,1W9DL31001461C,1ZMLH8300204F0,1Z6PH74DAP0QN7,"Corona, CA",728.3,5.7,137.7,8.547347,2.013246,0,0,DJI Matrice 300 RTK,M300 RTK,1ZN7L4R0H1D00F,1W9DL31001461C,1ZMLH8300204F0,1Z6PH74DAP0QN7,DJI Pilot,Android,7.0.2,1EF72A62-B7C3-C88D-164E-CE6F8C8424AE,1ZN7L4R0H1D00F,1W9DL31001461C,,1ZMLH8300204F0,1W9DL31001461C,,,,,
2023-11-01,11:29:15.16 AM,4m 52.8s,292.8,33.8011026243248,-117.4718116242729,137.7,137.7,18.3,1402,2205.6,6.239418,6.94893,-6.039738,2.23694,-1.565858,1.342164,0,0,-2.6,0,2.6,-164.4,195.6,194.5,Tripod,Other,,23,5,True,,True,False,,Smart,RC,False,True,False,,,True,,False,False,False,False,False,False,False,False,False,False,0,Follow Yaw,-77.9,0,-172.5,187.5,False,False,False,False,False,,0,0,False,False,No Card,100,100,1024,1380,793,1024,2,False,False,False,False,False,0,False,False,False,False,84,,47.412,,8436,,10044,,47.412,,True,3.949,3.949,3.949,3.949,3.949,3.949,3.949,3.949,3.949,3.949,3.949,3.949,0,,False,False,True,,,,,,,,,,,,,,,False,False,18.932,,93.2,,75.7,,93.2,,1600,64,14,18,8,144163.0,19221.73,,Idle,,20,,10,,,20,Go Home,False,False,False,False,False,False,False,False,False,False,False,False,33.8027920380556,-117.4659261431046,1887.6,2972.0,1049.4,396.9,True,1,1,False,False,False,False,,True,False,False,Course Lock,196.8,67,16.4,93,E,W,3.57,11.4,Calm,False,False,Android,7.0.2,M300 RTK,1ZN7L4R0H1D00F,1W9DL31001461C,1ZMLH8300204F0,1Z6PH74DAP0QN7,"Corona, CA",728.3,5.7,137.7,8.547347,2.013246,0,0,DJI Matrice 300 RTK,M300 RTK,1ZN7L4R0H1D00F,1W9DL31001461C,1ZMLH8300204F0,1Z6PH74DAP0QN7,DJI Pilot,Android,7.0.2,1EF72A62-B7C3-C88D-164E-CE6F8C8424AE,1ZN7L4R0H1D00F,1W9DL31001461C,,1ZMLH8300204F0,1W9DL31001461C,,,,,
2023-11-01,11:29:15.26 AM,4m 52.9s,292.9,33.8010999279901,-117.4718123618504,137.7,137.7,18.3,1402,2206.6,6.239418,6.94893,-6.039738,2.23694,-1.565858,1.342164,0.223694,0.223694,-2.6,0,2.6,-164.3,195.7,192.8,Tripod,Other,,23,5,True,,True,False,,Smart,RC,False,True,False,,,True,,False,False,False,False,False,False,False,False,False,False,0,Follow Yaw,-77.9,0,-172.5,187.5,False,False,False,False,False,,0,0,False,False,No Card,100,100,1024,1381,788,1024,2,False,False,False,False,False,0,False,False,False,False,84,,47.412,,8436,,10044,,47.412,,True,3.949,3.949,3.949,3.949,3.949,3.949,3.949,3.949,3.949,3.949,3.949,3.949,0,,False,False,True,,,,,,,,,,,,,,,False,False,18.932,,93.2,,75.7,,93.2,,1600,64,14,18,8,144163.0,19221.73,,Idle,,20,,10,,,20,Go Home,False,False,False,False,False,False,False,False,False,False,False,False,33.8027920380556,-117.4659261431046,1888.1,2972.0,1049.4,396.9,True,1,1,False,False,False,False,,True,False,False,Course Lock,196.8,67,16.4,93,E,W,3.57,11.4,Calm,False,False,Android,7.0.2,M300 RTK,1ZN7L4R0H1D00F,1W9DL31001461C,1ZMLH8300204F0,1Z6PH74DAP0QN7,"Corona, CA",728.3,5.7,137.7,8.547347,2.013246,0,0,DJI Matrice 300 RTK,M300 RTK,1ZN7L4R0H1D00F,1W9DL31001461C,1ZMLH8300204F0,1Z6PH74DAP0QN7,DJI Pilot,Android,7.0.2,1EF72A62-B7C3-C88D-164E-CE6F8C8424AE,1ZN7L4R0H1D00F,1W9DL31001461C,,1ZMLH8300204F0,1W9DL31001461C,,,,,
2023-11-01,11:29:15.37 AM,4m 53.0s,293.0,33.8010974038086,-117.4718131350533,137.4,137.7,18.3,1401,2207.6,6.239418,6.94893,-6.039738,2.23694,-1.565858,1.342164,0.223694,0.223694,-2.5,0,2.5,-164.3,195.7,194.2,Tripod,Other,,23,5,True,,True,False,,Smart,RC,False,True,False,,,True,,False,False,False,False,False,False,False,False,False,False,0,Follow Yaw,-77.9,0,-172.5,187.5,False,False,False,False,False,,0,0,False,False,No Card,100,100,1024,1381,786,1024,2,False,False,False,False,False,0,False,False,False,False,84,,47.388,,8436,,10044,,47.388,,True,3.949,3.949,3.949,3.949,3.949,3.949,3.949,3.949,3.949,3.949,3.949,3.949,0,,False,False,True,,,,,,,,,,,,,,,False,False,18.874,,93.2,,75.7,,93.2,,1600,64,14,18,8,144163.0,19221.73,,Idle,,20,,10,,,20,Go Home,False,False,False,False,False,False,False,False,False,False,False,False,33.8027920380556,-117.4659261431046,1888.6,2972.0,1049.4,396.9,True,1,1,False,False,False,False,,True,False,False,Course Lock,196.8,67,16.4,93,E,W,3.57,11.4,Calm,False,False,Android,7.0.2,M300 RTK,1ZN7L4R0H1D00F,1W9DL31001461C,1ZMLH8300204F0,1Z6PH74DAP0QN7,"Corona, CA",728.3,5.7,137.7,8.547347,2.013246,0,0,DJI Matrice 300 RTK,M300 RTK,1ZN7L4R0H1D00F,1W9DL31001461C,1ZMLH8300204F0,1Z6PH74DAP0QN7,DJI Pilot,Android,7.0.2,1EF72A62-B7C3-C88D-164E-CE6F8C8424AE,1ZN7L4R0H1D00F,1W9DL31001461C,,1ZMLH8300204F0,1W9DL31001461C,,,,,
2023-11-01,11:29:15.47 AM,4m 53.1s,293.1,33.801094709667,-117.4718140543864,137.4,137.7,18.3,1401,2208.6,6.239418,6.94893,-6.039738,2.23694,-1.565858,1.342164,0.223694,0.223694,-2.4,0.1,2.4,-164.4,195.6,195.8,Tripod,Other,,23,5,True,,True,False,,Smart,RC,False,True,False,,,True,,False,False,False,False,False,False,False,False,False,False,0,Follow Yaw,-77.9,0,-172.5,187.5,False,False,False,False,False,,0,0,False,False,No Card,100,100,1024,1383,794,1024,2,False,False,False,False,False,0,False,False,False,False,84,,47.388,,8436,,10044,,47.388,,True,3.949,3.949,3.949,3.949,3.949,3.949,3.949,3.949,3.949,3.949,3.949,3.949,0,,False,False,True,,,,,,,,,,,,,,,False,False,18.874,,93.2,,75.7,,93.2,,1600,64,14,18,8,144163.0,19221.73,,Idle,,20,,10,,,20,Go Home,False,False,False,False,False,False,False,False,False,False,False,False,33.8027920380556,-117.4659261431046,1889.2,2972.0,1049.4,396.9,True,1,1,False,False,False,False,,True,False,False,Course Lock,196.8,67,16.4,93,E,W,3.57,11.4,Calm,False,False,Android,7.0.2,M300 RTK,1ZN7L4R0H1D00F,1W9DL31001461C,1ZMLH8300204F0,1Z6PH74DAP0QN7,"Corona, CA",728.3,5.7,137.7,8.547347,2.013246,0,0,DJI Matrice 300 RTK,M300 RTK,1ZN7L4R0H1D00F,1W9DL31001461C,1ZMLH8300204F0,1Z6PH74DAP0QN7,DJI Pilot,Android,7.0.2,1EF72A62-B7C3-C88D-164E-CE6F8C8424AE,1ZN7L4R0H1D00F,1W9DL31001461C,,1ZMLH8300204F0,1W9DL31001461C,,,,,
2023-11-01,11:29:15.57 AM,4m 53.2s,293.2,33.8010921635552,-117.4718148467214,137.4,137.7,18.3,1401,2209.6,6.239418,6.94893,-6.039738,2.23694,-1.565858,1.342164,0.447388,0.447388,-2.3,0,2.3,-164.4,195.6,194.4,Tripod,Other,,23,5,True,,True,False,,Smart,RC,False,True,False,,,True,,False,False,False,False,False,False,False,False,False,False,0,Follow Yaw,-77.9,0,-172.5,187.5,False,False,False,False,False,,0,0,False,False,No Card,100,100,1024,1380,830,1024,2,False,False,False,False,False,0,False,False,False,False,84,,47.388,,8436,,10044,,47.388,,True,3.949,3.949,3.949,3.949,3.949,3.949,3.949,3.949,3.949,3.949,3.949,3.949,0,,False,False,True,,,,,,,,,,,,,,,False,False,18.874,,93.2,,75.7,,93.2,,1600,64,14,18,8,144163.0,19221.73,,Idle,,20,,10,,,20,Go Home,False,False,False,False,False,False,False,False,False,False,False,False,33.8027920380556,-117.4659261431046,1889.7,2972.0,1049.4,396.9,True,1,1,False,False,False,False,,True,False,False,Course Lock,196.8,67,16.4,93,E,W,3.35,11.4,Calm,False,False,Android,7.0.2,M300 RTK,1ZN7L4R0H1D00F,1W9DL31001461C,1ZMLH8300204F0,1Z6PH74DAP0QN7,"Corona, CA",728.3,5.7,137.7,8.547347,2.013246,0,0,DJI Matrice 300 RTK,M300 RTK,1ZN7L4R0H1D00F,1W9DL31001461C,1ZMLH8300204F0,1Z6PH74DAP0QN7,DJI Pilot,Android,7.0.2,1EF72A62-B7C3-C88D-164E-CE6F8C8424AE,1ZN7L4R0H1D00F,1W9DL31001461C,,1ZMLH8300204F0,1W9DL31001461C,,,,,
2023-11-01,11:29:15.64 AM,4m 53.3s,293.3,33.8010898499049,-117.471815535479,137.4,137.7,18.3,1401,2210.4,6.239418,6.94893,-6.039738,2.23694,-1.565858,1.342164,0.447388,0.447388,-2.3,-0.1,2.3,-164.4,195.6,193.8,Tripod,Other,,23,5,True,,True,False,,Smart,RC,False,True,False,,,True,,False,False,False,False,False,False,False,False,False,False,0,Follow Yaw,-77.9,0,-172.5,187.5,False,False,False,False,False,,0,0,False,False,No Card,100,100,1024,1380,862,1024,2,False,False,False,False,False,0,False,False,False,False,84,,47.388,,8436,,10044,,47.388,,True,3.948,3.948,3.948,3.948,3.948,3.948,3.948,3.948,3.948,3.948,3.948,3.948,0,,False,False,True,,,,,,,,,,,,,,,False,False,18.874,,93.2,,75.7,,93.2,,1597,64,13,18,8,143797.2,19172.97,,Idle,,20,,10,,,20,Go Home,False,False,False,False,False,False,False,False,False,False,False,False,33.8027920380556,-117.4659261431046,1890.2,2972.0,1049.4,396.9,True,1,1,False,False,False,False,,True,False,False,Course Lock,196.8,67,16.4,93,E,W,3.35,11.4,Calm,False,False,Android,7.0.2,M300 RTK,1ZN7L4R0H1D00F,1W9DL31001461C,1ZMLH8300204F0,1Z6PH74DAP0QN7,"Corona, CA",728.3,5.7,137.7,8.547347,2.013246,0,0,DJI Matrice 300 RTK,M300 RTK,1ZN7L4R0H1D00F,1W9DL31001461C,1ZMLH8300204F0,1Z6PH74DAP0QN7,DJI Pilot,Android,7.0.2,1EF72A62-B7C3-C88D-164E-CE6F8C8424AE,1ZN7L4R0H1D00F,1W9DL31001461C,,1ZMLH8300204F0,1W9DL31001461C,,,,,
2023-11-01,11:29:15.74 AM,4m 53.4s,293.4,33.8010873169513,-117.471816318248,137.4,137.7,18.0,1401,2211.4,6.456197,6.94893,-6.263432,2.23694,-1.565858,1.342164,0.447388,0.447388,-2.2,-0.1,2.2,-164.3,195.7,194.4,Tripod,Other,,23,5,True,,True,False,,Smart,RC,False,True,False,,,True,,False,False,False,False,False,False,False,False,False,False,0,Follow Yaw,-77.9,0,-172.5,187.5,False,False,False,False,False,,0,0,False,False,No Card,100,100,1024,1382,884,1024,2,False,False,False,False,False,0,False,False,False,False,84,,47.388,,8436,,10044,,47.388,,True,3.948,3.948,3.948,3.948,3.948,3.948,3.948,3.948,3.948,3.948,3.948,3.948,0,,False,False,True,,,,,,,,,,,,,,,False,False,18.874,,93.2,,75.7,,93.2,,1597,64,13,18,8,143797.2,19172.97,,Idle,,20,,10,,,20,Go Home,False,False,False,False,False,False,False,False,False,False,False,False,33.8027920380556,-117.4659261431046,1890.7,2972.0,1049.4,396.9,True,1,1,False,False,False,False,,True,False,False,Course Lock,196.8,67,16.4,93,E,W,3.35,11.4,Calm,False,False,Android,7.0.2,M300 RTK,1ZN7L4R0H1D00F,1W9DL31001461C,1ZMLH8300204F0,1Z6PH74DAP0QN7,"Corona, CA",728.3,5.7,137.7,8.547347,2.013246,0,0,DJI Matrice 300 RTK,M300 RTK,1ZN7L4R0H1D00F,1W9DL31001461C,1ZMLH8300204F0,1Z6PH74DAP0QN7,DJI Pilot,Android,7.0.2,1EF72A62-B7C3-C88D-164E-CE6F8C8424AE,1ZN7L4R0H1D00F,1W9DL31001461C,,1ZMLH8300204F0,1W9DL31001461C,,,,,
2023-11-01,11:29:15.84 AM,4m 53.5s,293.5,33.8010848903598,-117.4718171038209,137.1,137.7,18.0,1401,2212.3,6.456197,6.94893,-6.263432,2.23694,-1.565858,1.342164,0.223694,0.447388,-2.1,0,2.1,-164.3,195.7,195.0,Tripod,Other,,23,5,True,,True,False,,Smart,RC,False,True,False,,,True,,False,False,False,False,False,False,False,False,False,False,0,Follow Yaw,-77.9,0,-172.5,187.5,False,False,False,False,False,,0,0,False,False,No Card,100,100,1024,1383,844,1024,2,False,False,False,False,False,0,False,False,False,False,84,,47.388,,8436,,10044,,47.388,,True,3.948,3.948,3.948,3.948,3.948,3.948,3.948,3.948,3.948,3.948,3.948,3.948,0,,False,False,True,,,,,,,,,,,,,,,False,False,18.874,,93.2,,75.7,,93.2,,1597,64,13,18,8,143797.2,19172.97,,Idle,,20,,10,,,20,Go Home,False,False,False,False,False,False,False,False,False,False,False,False,33.8027920380556,-117.4659261431046,1891.3,2972.0,1049.4,396.9,True,1,1,False,False,False,False,,True,False,False,Course Lock,196.8,67,16.4,93,E,W,3.35,11.4,Calm,False,False,Android,7.0.2,M300 RTK,1ZN7L4R0H1D00F,1W9DL31001461C,1ZMLH8300204F0,1Z6PH74DAP0QN7,"Corona, CA",728.3,5.7,137.7,8.547347,2.013246,0,0,DJI Matrice 300 RTK,M300 RTK,1ZN7L4R0H1D00F,1W9DL31001461C,1ZMLH8300204F0,1Z6PH74DAP0QN7,DJI Pilot,Android,7.0.2,1EF72A62-B7C3-C88D-164E-CE6F8C8424AE,1ZN7L4R0H1D00F,1W9DL31001461C,,1ZMLH8300204F0,1W9DL31001461C,,,,,
2023-11-01,11:29:15.94 AM,4m 53.6s,293.6,33.8010823574062,-117.4718178898886,137.1,137.7,18.0,1401,2213.3,6.456197,6.94893,-6.263432,2.23694,-1.565858,1.342164,0.223694,0.447388,-2.1,0.1,2.1,-164.3,195.7,194.4,Tripod,Other,,23,5,True,,True,False,,Smart,RC,False,True,False,,,True,,False,False,False,False,False,False,False,False,False,False,0,Follow Yaw,-77.9,0,-172.5,187.5,False,False,False,False,False,,0,0,False,False,No Card,100,100,1024,1383,874,1024,2,False,False,False,False,False,0,False,False,False,False,84,,47.388,,8436,,10044,,47.388,,True,3.948,3.948,3.948,3.948,3.948,3.948,3.948,3.948,3.948,3.948,3.948,3.948,0,,False,False,True,,,,,,,,,,,,,,,False,False,18.874,,93.2,,75.7,,93.2,,1597,64,13,18,8,143797.2,19172.97,,Idle,,20,,10,,,20,Go Home,False,False,False,False,False,False,False,False,False,False,False,False,33.8027920380556,-117.4659261431046,1891.8,2972.0,1049.4,396.9,True,1,1,False,False,False,False,,True,False,False,Course Lock,196.8,67,16.4,93,E,W,3.35,11.4,Calm,False,False,Android,7.0.2,M300 RTK,1ZN7L4R0H1D00F,1W9DL31001461C,1ZMLH8300204F0,1Z6PH74DAP0QN7,"Corona, CA",728.3,5.7,137.7,8.547347,2.013246,0,0,DJI Matrice 300 RTK,M300 RTK,1ZN7L4R0H1D00F,1W9DL31001461C,1ZMLH8300204F0,1Z6PH74DAP0QN7,DJI Pilot,Android,7.0.2,1EF72A62-B7C3-C88D-164E-CE6F8C8424AE,1ZN7L4R0H1D00F,1W9DL31001461C,,1ZMLH8300204F0,1W9DL31001461C,,,,,
2023-11-01,11:29:16.04 AM,4m 53.7s,293.7,33.8010797465999,-117.4718185707294,137.1,137.7,18.0,1401,2214.2,6.456197,6.94893,-6.263432,2.23694,-1.565858,1.342164,0.223694,0.447388,-2.1,0.1,2.1,-164.3,195.7,192.2,Tripod,Other,,23,5,True,,True,False,,Smart,RC,False,True,False,,,True,,False,False,False,False,False,False,False,False,False,False,0,Follow Yaw,-77.9,0,-172.5,187.5,False,False,False,False,False,,0,0,False,False,No Card,100,100,1024,1383,884,1024,2,False,False,False,False,False,0,False,False,False,False,84,,47.4,,4188,,4986,,47.4,,True,3.948,3.948,3.948,3.948,3.948,3.948,3.948,3.948,3.948,3.948,3.948,3.948,0,,False,False,True,,,,,,,,,,,,,,,False,False,9.172,,93.2,,75.7,,93.2,,1597,64,13,18,8,143797.2,19172.97,,Idle,,20,,10,,,20,Go Home,False,False,False,False,False,False,False,False,False,False,False,False,33.8027920380556,-117.4659261431046,1892.3,2972.0,1049.4,396.9,True,1,1,False,False,False,False,,True,False,False,Course Lock,196.8,67,16.4,93,E,W,3.35,11.4,Calm,False,False,Android,7.0.2,M300 RTK,1ZN7L4R0H1D00F,1W9DL31001461C,1ZMLH8300204F0,1Z6PH74DAP0QN7,"Corona, CA",728.3,5.7,137.7,8.547347,2.013246,0,0,DJI Matrice 300 RTK,M300 RTK,1ZN7L4R0H1D00F,1W9DL31001461C,1ZMLH8300204F0,1Z6PH74DAP0QN7,DJI Pilot,Android,7.0.2,1EF72A62-B7C3-C88D-164E-CE6F8C8424AE,1ZN7L4R0H1D00F,1W9DL31001461C,,1ZMLH8300204F0,1W9DL31001461C,,,,,
2023-11-01,11:29:16.14 AM,4m 53.8s,293.8,33.8010772136462,-117.4718193624047,137.1,137.7,18.0,1401,2215.2,6.456197,6.94893,-6.263432,2.23694,-1.565858,1.342164,0.223694,0.447388,-2.2,0,2.2,-164.4,195.6,194.5,Tripod,Other,,23,5,True,,True,False,,Smart,RC,False,True,False,,,True,,False,False,False,False,False,False,False,False,False,False,0,Follow Yaw,-77.9,0,-172.5,187.5,False,False,False,False,False,,0,0,False,False,No Card,100,100,1024,1381,890,1024,2,False,False,False,False,False,0,False,False,False,False,84,,47.4,,4188,,4986,,47.4,,True,3.948,3.948,3.948,3.948,3.948,3.948,3.948,3.948,3.948,3.948,3.948,3.948,0,,False,False,True,,,,,,,,,,,,,,,False,False,9.172,,93.2,,75.7,,93.2,,1597,64,13,18,8,143797.2,19172.97,,Idle,,20,,10,,,20,Go Home,False,False,False,False,False,False,False,False,False,False,False,False,33.8027920380556,-117.4659261431046,1892.8,2972.0,1049.4,396.9,True,1,1,False,False,False,False,,True,False,False,Course Lock,196.8,67,16.4,93,E,W,3.35,11.4,Calm,False,False,Android,7.0.2,M300 RTK,1ZN7L4R0H1D00F,1W9DL31001461C,1ZMLH8300204F0,1Z6PH74DAP0QN7,"Corona, CA",728.3,5.7,137.7,8.547347,2.013246,0,0,DJI Matrice 300 RTK,M300 RTK,1ZN7L4R0H1D00F,1W9DL31001461C,1ZMLH8300204F0,1Z6PH74DAP0QN7,DJI Pilot,Android,7.0.2,1EF72A62-B7C3-C88D-164E-CE6F8C8424AE,1ZN7L4R0H1D00F,1W9DL31001461C,,1ZMLH8300204F0,1W9DL31001461C,,,,,
2023-11-01,11:29:16.24 AM,4m 53.9s,293.9,33.8010744235594,-117.4718204672866,137.1,137.7,18.0,1401,2216.3,6.456197,6.94893,-6.263432,2.23694,-1.565858,1.342164,0.223694,0.447388,-2.2,-0.1,2.2,-164.4,195.6,198.2,Tripod,Other,,23,5,True,,True,False,,Smart,RC,False,True,False,,,True,,False,False,False,False,False,False,False,False,False,False,0,Follow Yaw,-77.9,0,-172.5,187.5,False,False,False,False,False,,0,0,False,False,No Card,100,100,1024,1372,903,1024,2,False,False,False,False,False,0,False,False,False,False,84,,47.4,,4188,,4986,,47.4,,True,3.948,3.948,3.948,3.948,3.948,3.948,3.948,3.948,3.948,3.948,3.948,3.948,0,,False,False,True,,,,,,,,,,,,,,,False,False,9.172,,93.2,,75.7,,93.2,,1597,64,13,18,8,143797.2,19172.97,,Idle,,20,,10,,,20,Go Home,False,False,False,False,False,False,False,False,False,False,False,False,33.8027920380556,-117.4659261431046,1893.5,2972.0,1049.4,396.9,True,1,1,False,False,False,False,,True,False,False,Course Lock,196.8,67,16.4,93,E,W,3.35,11.4,Calm,False,False,Android,7.0.2,M300 RTK,1ZN7L4R0H1D00F,1W9DL31001461C,1ZMLH8300204F0,1Z6PH74DAP0QN7,"Corona, CA",728.3,5.7,137.7,8.547347,2.013246,0,0,DJI Matrice 300 RTK,M300 RTK,1ZN7L4R0H1D00F,1W9DL31001461C,1ZMLH8300204F0,1Z6PH74DAP0QN7,DJI Pilot,Android,7.0.2,1EF72A62-B7C3-C88D-164E-CE6F8C8424AE,1ZN7L4R0H1D00F,1W9DL31001461C,,1ZMLH8300204F0,1W9DL31001461C,,,,,
2023-11-01,11:29:16.34 AM,4m 54.0s,294.0,33.8010718686755,-117.4718212878252,137.1,137.7,17.7,1401,2217.2,6.456197,6.94893,-6.263432,2.23694,-1.565858,1.342164,0.223694,0.447388,-2.4,-0.2,2.4,-164.4,195.6,194.9,Tripod,Other,,22,5,True,,True,False,,Smart,RC,False,True,False,,,True,,False,False,False,False,False,False,False,False,False,False,0,Follow Yaw,-77.9,0,-172.5,187.5,False,False,False,False,False,,0,0,False,False,No Card,100,100,1024,1372,898,1024,2,False,False,False,False,False,0,False,False,False,False,84,,47.4,,8436,,10044,,47.4,,True,3.948,3.948,3.948,3.948,3.948,3.948,3.948,3.948,3.948,3.948,3.948,3.948,0,,False,False,True,,,,,,,,,,,,,,,False,False,18.54,,93.2,,75.7,,93.2,,1597,64,13,18,8,143797.2,19172.97,,Idle,,20,,10,,,20,Go Home,False,False,False,False,False,False,False,False,False,False,False,False,33.8027920380556,-117.4659261431046,1894.0,2972.0,1049.4,396.9,True,1,1,False,False,False,False,,True,False,False,Course Lock,196.8,67,16.4,93,E,W,3.35,11.4,Calm,False,False,Android,7.0.2,M300 RTK,1ZN7L4R0H1D00F,1W9DL31001461C,1ZMLH8300204F0,1Z6PH74DAP0QN7,"Corona, CA",728.3,5.7,137.7,8.547347,2.013246,0,0,DJI Matrice 300 RTK,M300 RTK,1ZN7L4R0H1D00F,1W9DL31001461C,1ZMLH8300204F0,1Z6PH74DAP0QN7,DJI Pilot,Android,7.0.2,1EF72A62-B7C3-C88D-164E-CE6F8C8424AE,1ZN7L4R0H1D00F,1W9DL31001461C,,1ZMLH8300204F0,1W9DL31001461C,,,,,
2023-11-01,11:29:16.44 AM,4m 54.1s,294.1,33.8010693231119,-117.4718217775093,136.8,137.7,17.7,1401,2218.2,6.456197,6.94893,-6.263432,2.23694,-1.565858,1.342164,0,0.447388,-2.5,-0.2,2.5,-164.4,195.6,189.0,Tripod,Other,,22,5,True,,True,False,,Smart,RC,False,True,False,,,True,,False,False,False,False,False,False,False,False,False,False,0,Follow Yaw,-77.9,0,-172.5,187.5,False,False,False,False,False,,0,0,False,False,No Card,100,100,1024,1375,892,1024,2,False,False,False,False,False,0,False,False,False,False,84,,47.4,,8436,,10044,,47.4,,True,3.948,3.948,3.948,3.948,3.948,3.948,3.948,3.948,3.948,3.948,3.948,3.948,0,,False,False,True,,,,,,,,,,,,,,,False,False,18.54,,93.2,,75.7,,93.2,,1597,64,13,18,8,143797.2,19172.97,,Idle,,20,,10,,,20,Go Home,False,False,False,False,False,False,False,False,False,False,False,False,33.8027920380556,-117.4659261431046,1894.5,2972.0,1049.4,396.9,True,1,1,False,False,False,False,,True,False,False,Course Lock,196.8,67,16.4,93,E,W,3.35,11.4,Calm,False,False,Android,7.0.2,M300 RTK,1ZN7L4R0H1D00F,1W9DL31001461C,1ZMLH8300204F0,1Z6PH74DAP0QN7,"Corona, CA",728.3,5.7,137.7,8.547347,2.013246,0,0,DJI Matrice 300 RTK,M300 RTK,1ZN7L4R0H1D00F,1W9DL31001461C,1ZMLH8300204F0,1Z6PH74DAP0QN7,DJI Pilot,Android,7.0.2,1EF72A62-B7C3-C88D-164E-CE6F8C8424AE,1ZN7L4R0H1D00F,1W9DL31001461C,,1ZMLH8300204F0,1W9DL31001461C,,,,,
2023-11-01,11:29:16.51 AM,4m 54.2s,294.2,33.801066757811,-117.4718225677003,136.8,137.7,17.7,1401,2219.1,6.456197,6.94893,-6.263432,2.23694,-1.565858,1.342164,0,0.447388,-2.4,-0.1,2.4,-164.4,195.6,194.3,Tripod,Other,,23,5,True,,True,False,,Smart,RC,False,True,False,,,True,,False,False,False,False,False,False,False,False,False,False,0,Follow Yaw,-77.9,0,-172.5,187.5,False,False,False,False,False,,0,0,False,False,No Card,100,100,1024,1370,895,1024,2,False,False,False,False,False,0,False,False,False,False,84,,47.4,,8436,,10044,,47.4,,True,3.948,3.948,3.948,3.948,3.948,3.948,3.948,3.948,3.948,3.948,3.948,3.948,0,,False,False,True,,,,,,,,,,,,,,,False,False,18.54,,93.2,,75.7,,93.2,,1597,64,13,18,8,143797.2,19172.97,,Idle,,20,,10,,,20,Go Home,False,False,False,False,False,False,False,False,False,False,False,False,33.8027920380556,-117.4659261431046,1895.0,2972.0,1049.4,396.9,True,1,1,False,False,False,False,,True,False,False,Course Lock,196.8,67,16.4,93,E,W,3.35,11.4,Calm,False,False,Android,7.0.2,M300 RTK,1ZN7L4R0H1D00F,1W9DL31001461C,1ZMLH8300204F0,1Z6PH74DAP0QN7,"Corona, CA",728.3,5.7,137.7,8.547347,2.013246,0,0,DJI Matrice 300 RTK,M300 RTK,1ZN7L4R0H1D00F,1W9DL31001461C,1ZMLH8300204F0,1Z6PH74DAP0QN7,DJI Pilot,Android,7.0.2,1EF72A62-B7C3-C88D-164E-CE6F8C8424AE,1ZN7L4R0H1D00F,1W9DL31001461C,,1ZMLH8300204F0,1W9DL31001461C,,,,,
2023-11-01,11:29:16.64 AM,4m 54.3s,294.3,33.8010642073131,-117.4718233671275,136.8,137.7,17.7,1401,2220.1,6.456197,6.94893,-6.263432,2.23694,-1.565858,1.342164,0,0.447388,-2.3,-0.1,2.3,-164.5,195.5,194.5,Tripod,Other,,23,5,True,,True,False,,Smart,RC,False,True,False,,,True,,False,False,False,False,False,False,False,False,False,False,0,Follow Yaw,-77.9,0,-172.5,187.5,False,False,False,False,False,,0,0,False,False,No Card,100,100,1024,1374,891,1024,2,False,False,False,False,False,0,False,False,False,False,84,,47.4,,8436,,10044,,47.4,,True,3.951,3.951,3.951,3.951,3.951,3.951,3.951,3.951,3.951,3.951,3.951,3.951,0,,False,False,True,,,,,,,,,,,,,,,False,False,18.54,,93.2,,75.7,,93.2,,1596,64,13,18,8,143341.0,19112.13,,Idle,,20,,10,,,20,Go Home,False,False,False,False,False,False,False,False,False,False,False,False,33.8027920380556,-117.4659261431046,1895.5,2972.0,1049.4,396.9,True,1,1,False,False,False,False,,True,False,False,Course Lock,196.8,67,16.4,93,E,W,3.13,11.4,Calm,False,False,Android,7.0.2,M300 RTK,1ZN7L4R0H1D00F,1W9DL31001461C,1ZMLH8300204F0,1Z6PH74DAP0QN7,"Corona, CA",728.3,5.7,137.7,8.547347,2.013246,0,0,DJI Matrice 300 RTK,M300 RTK,1ZN7L4R0H1D00F,1W9DL31001461C,1ZMLH8300204F0,1Z6PH74DAP0QN7,DJI Pilot,Android,7.0.2,1EF72A62-B7C3-C88D-164E-CE6F8C8424AE,1ZN7L4R0H1D00F,1W9DL31001461C,,1ZMLH8300204F0,1W9DL31001461C,,,,,
2023-11-01,11:29:16.72 AM,4m 54.4s,294.4,33.8010616409157,-117.4718241594626,136.8,137.7,17.7,1401,2221.1,6.456197,6.94893,-6.263432,2.23694,-1.565858,1.342164,0,0.447388,-2.4,-0.1,2.4,-164.4,195.6,194.3,Tripod,Other,,23,5,True,,True,False,,Smart,RC,False,True,False,,,True,,False,False,False,False,False,False,False,False,False,False,0,Follow Yaw,-77.9,0,-172.5,187.5,False,False,False,False,False,,0,0,False,False,No Card,100,100,1024,1374,891,1024,2,False,False,False,False,False,0,False,False,False,False,84,,47.4,,8436,,10044,,47.4,,True,3.951,3.951,3.951,3.951,3.951,3.951,3.951,3.951,3.951,3.951,3.951,3.951,0,,False,False,True,,,,,,,,,,,,,,,False,False,18.54,,93.2,,75.7,,93.2,,1596,64,13,18,8,143341.0,19112.13,,Idle,,20,,10,,,20,Go Home,False,False,False,False,False,False,False,False,False,False,False,False,33.8027920380556,-117.4659261431046,1896.1,2972.0,1049.4,396.9,True,1,1,False,False,False,False,,True,False,False,Course Lock,196.8,67,16.4,93,E,W,3.13,11.4,Calm,False,False,Android,7.0.2,M300 RTK,1ZN7L4R0H1D00F,1W9DL31001461C,1ZMLH8300204F0,1Z6PH74DAP0QN7,"Corona, CA",728.3,5.7,137.7,8.547347,2.013246,0,0,DJI Matrice 300 RTK,M300 RTK,1ZN7L4R0H1D00F,1W9DL31001461C,1ZMLH8300204F0,1Z6PH74DAP0QN7,DJI Pilot,Android,7.0.2,1EF72A62-B7C3-C88D-164E-CE6F8C8424AE,1ZN7L4R0H1D00F,1W9DL31001461C,,1ZMLH8300204F0,1W9DL31001461C,,,,,
2023-11-01,11:29:16.82 AM,4m 54.5s,294.5,33.801059082194,-117.4718251281104,136.8,137.7,17.7,1401,2222.0,6.456197,6.94893,-6.263432,2.23694,-1.565858,1.342164,0,0.447388,-2.4,-0.1,2.4,-164.4,195.6,197.4,Tripod,Other,,23,5,True,,True,False,,Smart,RC,False,True,False,,,True,,False,False,False,False,False,False,False,False,False,False,0,Follow Yaw,-77.9,0,-172.5,187.5,False,False,False,False,False,,0,0,False,False,No Card,100,100,1024,1377,891,1024,2,False,False,False,False,False,0,False,False,False,False,84,,47.4,,8436,,10044,,47.4,,True,3.951,3.951,3.951,3.951,3.951,3.951,3.951,3.951,3.951,3.951,3.951,3.951,0,,False,False,True,,,,,,,,,,,,,,,False,False,18.54,,93.2,,75.7,,93.2,,1596,64,13,18,8,143341.0,19112.13,,Idle,,20,,10,,,20,Go Home,False,False,False,False,False,False,False,False,False,False,False,False,33.8027920380556,-117.4659261431046,1896.7,2972.0,1049.4,396.9,True,1,1,False,False,False,False,,True,False,False,Course Lock,196.8,67,16.4,93,E,W,3.13,11.4,Calm,False,False,Android,7.0.2,M300 RTK,1ZN7L4R0H1D00F,1W9DL31001461C,1ZMLH8300204F0,1Z6PH74DAP0QN7,"Corona, CA",728.3,5.7,137.7,8.547347,2.013246,0,0,DJI Matrice 300 RTK,M300 RTK,1ZN7L4R0H1D00F,1W9DL31001461C,1ZMLH8300204F0,1Z6PH74DAP0QN7,DJI Pilot,Android,7.0.2,1EF72A62-B7C3-C88D-164E-CE6F8C8424AE,1ZN7L4R0H1D00F,1W9DL31001461C,,1ZMLH8300204F0,1W9DL31001461C,,,,,
2023-11-01,11:29:16.92 AM,4m 54.6s,294.6,33.8010565048314,-117.4718259357841,136.8,137.7,17.7,1401,2223.0,6.456197,6.94893,-6.263432,2.23694,-1.565858,1.342164,0,0.447388,-2.4,-0.2,2.4,-164.4,195.6,194.5,Tripod,Other,,22,5,True,,True,False,,Smart,RC,False,True,False,,,True,,False,False,False,False,False,False,False,False,False,False,0,Follow Yaw,-77.9,0,-172.5,187.5,False,False,False,False,False,,0,0,False,False,No Card,100,100,1024,1379,887,1024,2,False,False,False,False,False,0,False,False,False,False,84,,47.4,,8436,,10044,,47.4,,True,3.951,3.951,3.951,3.951,3.951,3.951,3.951,3.951,3.951,3.951,3.951,3.951,0,,False,False,True,,,,,,,,,,,,,,,False,False,18.54,,93.2,,75.7,,93.2,,1596,64,13,18,8,143341.0,19112.13,,Idle,,20,,10,,,20,Go Home,False,False,False,False,False,False,False,False,False,False,False,False,33.8027920380556,-117.4659261431046,1897.2,2972.0,1049.4,396.9,True,1,1,False,False,False,False,,True,False,False,Course Lock,196.8,67,16.4,93,E,W,3.13,11.4,Calm,False,False,Android,7.0.2,M300 RTK,1ZN7L4R0H1D00F,1W9DL31001461C,1ZMLH8300204F0,1Z6PH74DAP0QN7,"Corona, CA",728.3,5.7,137.7,8.547347,2.013246,0,0,DJI Matrice 300 RTK,M300 RTK,1ZN7L4R0H1D00F,1W9DL31001461C,1ZMLH8300204F0,1Z6PH74DAP0QN7,DJI Pilot,Android,7.0.2,1EF72A62-B7C3-C88D-164E-CE6F8C8424AE,1ZN7L4R0H1D00F,1W9DL31001461C,,1ZMLH8300204F0,1W9DL31001461C,,,,,
2023-11-01,11:29:17.04 AM,4m 54.7s,294.7,33.8010539625574,-117.4718267294386,136.8,137.7,17.7,1401,2224.0,6.456197,6.94893,-6.263432,2.23694,-1.565858,1.342164,0,0.447388,-2.4,-0.2,2.4,-164.3,195.7,194.5,Tripod,Other,,22,5,True,,True,False,,Smart,RC,False,True,False,,,True,,False,False,False,False,False,False,False,False,False,False,0,Follow Yaw,-77.9,0,-172.5,187.5,False,False,False,False,False,,0,0,False,False,No Card,100,100,1024,1380,844,1024,2,False,False,False,False,False,0,False,False,False,False,84,,47.4,,8436,,10044,,47.4,,True,3.951,3.951,3.951,3.951,3.951,3.951,3.951,3.951,3.951,3.951,3.951,3.951,0,,False,False,True,,,,,,,,,,,,,,,False,False,18.54,,93.2,,75.7,,93.2,,1596,64,13,18,8,143341.0,19112.13,,Idle,,20,,10,,,20,Go Home,False,False,False,False,False,False,False,False,False,False,False,False,33.8027920380556,-117.4659261431046,1897.8,2972.0,1049.4,396.9,True,1,1,False,False,False,False,,True,False,False,Course Lock,196.8,67,16.4,93,E,W,3.13,11.4,Calm,False,False,Android,7.0.2,M300 RTK,1ZN7L4R0H1D00F,1W9DL31001461C,1ZMLH8300204F0,1Z6PH74DAP0QN7,"Corona, CA",728.3,5.7,137.7,8.547347,2.013246,0,0,DJI Matrice 300 RTK,M300 RTK,1ZN7L4R0H1D00F,1W9DL31001461C,1ZMLH8300204F0,1Z6PH74DAP0QN7,DJI Pilot,Android,7.0.2,1EF72A62-B7C3-C88D-164E-CE6F8C8424AE,1ZN7L4R0H1D00F,1W9DL31001461C,,1ZMLH8300204F0,1W9DL31001461C,,,,,
2023-11-01,11:29:17.13 AM,4m 54.8s,294.8,33.8010513857431,-117.4718275344735,136.8,137.7,17.7,1401,2224.9,6.456197,6.94893,-6.263432,2.23694,-1.565858,1.342164,0,0.447388,-2.2,0,2.2,-164.3,195.7,194.5,Tripod,Other,,22,5,True,,True,False,,Smart,RC,False,True,False,,,True,,False,False,False,False,False,False,False,False,False,False,0,Follow Yaw,-77.9,0,-172.5,187.5,False,False,False,False,False,,0,0,False,False,No Card,100,100,1024,1380,835,1024,2,False,False,False,False,False,0,False,False,False,False,84,,47.4,,8436,,10044,,47.4,,True,3.951,3.951,3.951,3.951,3.951,3.951,3.951,3.951,3.951,3.951,3.951,3.951,0,,False,False,True,,,,,,,,,,,,,,,False,False,18.54,,93.2,,75.7,,93.2,,1596,64,13,18,8,143341.0,19112.13,,Idle,,20,,10,,,20,Go Home,False,False,False,False,False,False,False,False,False,False,False,False,33.8027920380556,-117.4659261431046,1898.3,2972.0,1049.4,396.9,True,1,1,False,False,False,False,,True,False,False,Course Lock,196.8,67,16.4,93,E,W,3.13,11.4,Calm,False,False,Android,7.0.2,M300 RTK,1ZN7L4R0H1D00F,1W9DL31001461C,1ZMLH8300204F0,1Z6PH74DAP0QN7,"Corona, CA",728.3,5.7,137.7,8.547347,2.013246,0,0,DJI Matrice 300 RTK,M300 RTK,1ZN7L4R0H1D00F,1W9DL31001461C,1ZMLH8300204F0,1Z6PH74DAP0QN7,DJI Pilot,Android,7.0.2,1EF72A62-B7C3-C88D-164E-CE6F8C8424AE,1ZN7L4R0H1D00F,1W9DL31001461C,,1ZMLH8300204F0,1W9DL31001461C,,,,,
2023-11-01,11:29:17.23 AM,4m 54.9s,294.9,33.8010488549825,-117.4718281737514,136.8,137.7,17.7,1401,2225.9,6.456197,6.94893,-6.263432,2.23694,-1.565858,1.342164,0,0.447388,-2.2,0,2.2,-164.3,195.7,191.8,Tripod,Other,,22,5,True,,True,False,,Smart,RC,False,True,False,,,True,,False,False,False,False,False,False,False,False,False,False,0,Follow Yaw,-77.9,0,-172.5,187.5,False,False,False,False,False,,0,0,False,False,No Card,100,100,1024,1381,838,1024,2,False,False,False,False,False,0,False,False,False,False,84,,47.256,,4188,,4986,,47.256,,True,3.951,3.951,3.951,3.951,3.951,3.951,3.951,3.951,3.951,3.951,3.951,3.951,0,,False,False,True,,,,,,,,,,,,,,,False,False,9.56,,93.2,,75.7,,93.2,,1596,64,13,18,8,143341.0,19112.13,,Idle,,20,,10,,,20,Go Home,False,False,False,False,False,False,False,False,False,False,False,False,33.8027920380556,-117.4659261431046,1898.8,2972.0,1049.4,396.9,True,1,1,False,False,False,False,,True,False,False,Course Lock,196.8,67,16.4,93,E,W,3.13,11.4,Calm,False,False,Android,7.0.2,M300 RTK,1ZN7L4R0H1D00F,1W9DL31001461C,1ZMLH8300204F0,1Z6PH74DAP0QN7,"Corona, CA",728.3,5.7,137.7,8.547347,2.013246,0,0,DJI Matrice 300 RTK,M300 RTK,1ZN7L4R0H1D00F,1W9DL31001461C,1ZMLH8300204F0,1Z6PH74DAP0QN7,DJI Pilot,Android,7.0.2,1EF72A62-B7C3-C88D-164E-CE6F8C8424AE,1ZN7L4R0H1D00F,1W9DL31001461C,,1ZMLH8300204F0,1W9DL31001461C,,,,,
2023-11-01,11:29:17.34 AM,4m 55.0s,295.0,33.8010462781682,-117.471828972024,136.8,137.7,17.7,1401,2226.9,6.456197,6.94893,-6.263432,2.23694,-1.565858,1.342164,0.223694,0.447388,-2.3,0.2,2.3,-164.3,195.7,194.4,Tripod,Other,,22,5,True,,True,False,,Smart,RC,False,True,False,,,True,,False,False,False,False,False,False,False,False,False,False,0,Follow Yaw,-77.9,0,-172.5,187.5,False,False,False,False,False,,0,0,False,False,No Card,100,100,1024,1381,844,1024,2,False,False,False,False,False,0,False,False,False,False,84,,47.268,,8436,,10044,,47.268,,True,3.951,3.951,3.951,3.951,3.951,3.951,3.951,3.951,3.951,3.951,3.951,3.951,0,,False,False,True,,,,,,,,,,,,,,,False,False,19.374,,93.3,,75.7,,93.3,,1596,64,13,18,8,143341.0,19112.13,,Idle,,20,,10,,,20,Go Home,False,False,False,False,False,False,False,False,False,False,False,False,33.8027920380556,-117.4659261431046,1899.3,2972.0,1049.4,396.9,True,1,1,False,False,False,False,,True,False,False,Course Lock,196.8,67,16.4,93,E,W,3.13,11.4,Calm,False,False,Android,7.0.2,M300 RTK,1ZN7L4R0H1D00F,1W9DL31001461C,1ZMLH8300204F0,1Z6PH74DAP0QN7,"Corona, CA",728.3,5.7,137.7,8.547347,2.013246,0,0,DJI Matrice 300 RTK,M300 RTK,1ZN7L4R0H1D00F,1W9DL31001461C,1ZMLH8300204F0,1Z6PH74DAP0QN7,DJI Pilot,Android,7.0.2,1EF72A62-B7C3-C88D-164E-CE6F8C8424AE,1ZN7L4R0H1D00F,1W9DL31001461C,,1ZMLH8300204F0,1W9DL31001461C,,,,,
2023-11-01,11:29:17.44 AM,4m 55.1s,295.1,33.8010437446663,-117.4718299611234,136.4,137.7,17.7,1400,2227.8,6.456197,6.94893,-6.263432,2.23694,-1.565858,1.342164,0.223694,0.447388,-2.2,0,2.2,-164.4,195.6,197.9,Tripod,Other,,22,5,True,,True,False,,Smart,RC,False,True,False,,,True,,False,False,False,False,False,False,False,False,False,False,0,Follow Yaw,-77.9,0,-172.5,187.5,False,False,False,False,False,,0,0,False,False,No Card,100,100,1024,1381,844,1024,2,False,False,False,False,False,0,False,False,False,False,84,,47.268,,8436,,10044,,47.268,,True,3.951,3.951,3.951,3.951,3.951,3.951,3.951,3.951,3.951,3.951,3.951,3.951,0,,False,False,True,,,,,,,,,,,,,,,False,False,19.374,,93.3,,75.7,,93.3,,1596,64,13,18,8,143341.0,19112.13,,Idle,,20,,10,,,20,Go Home,False,False,False,False,False,False,False,False,False,False,False,False,33.8027920380556,-117.4659261431046,1899.9,2972.0,1049.4,396.9,True,1,1,False,False,False,False,,True,False,False,Course Lock,196.8,67,16.4,93,E,W,3.13,11.4,Calm,False,False,Android,7.0.2,M300 RTK,1ZN7L4R0H1D00F,1W9DL31001461C,1ZMLH8300204F0,1Z6PH74DAP0QN7,"Corona, CA",728.3,5.7,137.7,8.547347,2.013246,0,0,DJI Matrice 300 RTK,M300 RTK,1ZN7L4R0H1D00F,1W9DL31001461C,1ZMLH8300204F0,1Z6PH74DAP0QN7,DJI Pilot,Android,7.0.2,1EF72A62-B7C3-C88D-164E-CE6F8C8424AE,1ZN7L4R0H1D00F,1W9DL31001461C,,1ZMLH8300204F0,1W9DL31001461C,,,,,
2023-11-01,11:29:17.54 AM,4m 55.2s,295.2,33.8010411673038,-117.4718307828165,136.4,137.7,17.3,1400,2228.8,6.456197,6.94893,-6.263432,2.23694,-1.565858,1.342164,0.223694,0.447388,-2.1,0,2.1,-164.3,195.7,194.8,Tripod,Other,,22,5,True,,True,False,,Smart,RC,False,True,False,,,True,,False,False,False,False,False,False,False,False,False,False,0,Follow Yaw,-77.9,0,-172.5,187.5,False,False,False,False,False,,0,0,False,False,No Card,100,100,1024,1383,842,1024,2,False,False,False,False,False,0,False,False,False,False,84,,47.268,,8436,,10044,,47.268,,True,3.951,3.951,3.951,3.951,3.951,3.951,3.951,3.951,3.951,3.951,3.951,3.951,0,,False,False,True,,,,,,,,,,,,,,,False,False,19.374,,93.3,,75.7,,93.3,,1596,64,13,18,8,143341.0,19112.13,,Idle,,20,,10,,,20,Go Home,False,False,False,False,False,False,False,False,False,False,False,False,33.8027920380556,-117.4659261431046,1900.5,2972.0,1049.4,396.9,True,1,1,False,False,False,False,,True,False,False,Course Lock,196.8,67,16.4,93,E,W,3.13,11.4,Calm,False,False,Android,7.0.2,M300 RTK,1ZN7L4R0H1D00F,1W9DL31001461C,1ZMLH8300204F0,1Z6PH74DAP0QN7,"Corona, CA",728.3,5.7,137.7,8.547347,2.013246,0,0,DJI Matrice 300 RTK,M300 RTK,1ZN7L4R0H1D00F,1W9DL31001461C,1ZMLH8300204F0,1Z6PH74DAP0QN7,DJI Pilot,Android,7.0.2,1EF72A62-B7C3-C88D-164E-CE6F8C8424AE,1ZN7L4R0H1D00F,1W9DL31001461C,,1ZMLH8300204F0,1W9DL31001461C,,,,,
2023-11-01,11:29:17.64 AM,4m 55.3s,295.3,33.8010385011233,-117.4718315833982,136.4,137.7,17.3,1400,2229.8,6.456197,6.94893,-6.263432,2.23694,-1.565858,1.342164,0.223694,0.447388,-2.1,0,2.1,-164.3,195.7,194.0,Tripod,Other,,22,5,True,,True,False,,Smart,RC,False,True,False,,,True,,False,False,False,False,False,False,False,False,False,False,0,Follow Yaw,-77.9,0,-172.5,187.5,False,False,False,False,False,,0,0,False,False,No Card,100,100,1024,1384,834,1034,2,False,False,False,False,False,0,False,False,False,False,84,,47.268,,8436,,10044,,47.268,,True,3.945,3.945,3.945,3.945,3.945,3.945,3.945,3.945,3.945,3.945,3.945,3.945,0,,False,False,True,,,,,,,,,,,,,,,False,False,19.374,,93.3,,75.7,,93.3,,1595,64,13,18,8,142879.5,19050.60,,Idle,,20,,10,,,20,Go Home,False,False,False,False,False,False,False,False,False,False,False,False,33.8027920380556,-117.4659261431046,1901.0,2972.0,1049.4,396.9,True,1,1,False,False,False,False,,True,False,False,Course Lock,196.8,67,16.4,93,E,W,3.13,11.4,Calm,False,False,Android,7.0.2,M300 RTK,1ZN7L4R0H1D00F,1W9DL31001461C,1ZMLH8300204F0,1Z6PH74DAP0QN7,"Corona, CA",728.3,5.7,137.7,8.547347,2.013246,0,0,DJI Matrice 300 RTK,M300 RTK,1ZN7L4R0H1D00F,1W9DL31001461C,1ZMLH8300204F0,1Z6PH74DAP0QN7,DJI Pilot,Android,7.0.2,1EF72A62-B7C3-C88D-164E-CE6F8C8424AE,1ZN7L4R0H1D00F,1W9DL31001461C,,1ZMLH8300204F0,1W9DL31001461C,,,,,
2023-11-01,11:29:17.74 AM,4m 55.4s,295.4,33.8010359084096,-117.4718324075652,136.4,137.7,17.3,1400,2230.8,6.456197,6.94893,-6.263432,2.23694,-1.565858,1.342164,0.223694,0.447388,-2.1,-0.1,2.1,-164.3,195.7,194.7,Tripod,Other,,22,5,True,,True,False,,Smart,RC,False,True,False,,,True,,False,False,False,False,False,False,False,False,False,False,0,Follow Yaw,-77.9,0,-172.5,187.5,False,False,False,False,False,,0,0,False,False,No Card,100,100,1024,1382,842,1069,2,False,False,False,False,False,0,False,False,False,False,84,,47.268,,8436,,10044,,47.268,,True,3.945,3.945,3.945,3.945,3.945,3.945,3.945,3.945,3.945,3.945,3.945,3.945,0,,False,False,True,,,,,,,,,,,,,,,False,False,19.374,,93.3,,75.7,,93.3,,1595,64,13,18,8,142879.5,19050.60,,Idle,,20,,10,,,20,Go Home,False,False,False,False,False,False,False,False,False,False,False,False,33.8027920380556,-117.4659261431046,1901.6,2972.0,1049.4,396.9,True,1,1,False,False,False,False,,True,False,False,Course Lock,196.8,67,16.4,93,E,W,3.13,11.4,Calm,False,False,Android,7.0.2,M300 RTK,1ZN7L4R0H1D00F,1W9DL31001461C,1ZMLH8300204F0,1Z6PH74DAP0QN7,"Corona, CA",728.3,5.7,137.7,8.547347,2.013246,0,0,DJI Matrice 300 RTK,M300 RTK,1ZN7L4R0H1D00F,1W9DL31001461C,1ZMLH8300204F0,1Z6PH74DAP0QN7,DJI Pilot,Android,7.0.2,1EF72A62-B7C3-C88D-164E-CE6F8C8424AE,1ZN7L4R0H1D00F,1W9DL31001461C,,1ZMLH8300204F0,1W9DL31001461C,,,,,
2023-11-01,11:29:17.85 AM,4m 55.5s,295.5,33.8010336155931,-117.4718331255158,136.4,137.7,17.3,1400,2231.6,6.456197,6.94893,-6.263432,2.23694,-1.565858,1.342164,0.223694,0.447388,-2.2,-0.2,2.2,-164.3,195.7,194.5,Tripod,Other,,22,5,True,,True,False,,Smart,RC,False,True,False,,,True,,False,False,False,False,False,False,False,False,False,False,0,Follow Yaw,-77.9,0,-172.5,187.5,False,False,False,False,False,,0,0,False,False,No Card,100,100,1024,1382,844,1066,2,False,False,False,False,False,0,False,False,False,False,84,,47.268,,8436,,10044,,47.268,,True,3.945,3.945,3.945,3.945,3.945,3.945,3.945,3.945,3.945,3.945,3.945,3.945,0,,False,False,True,,,,,,,,,,,,,,,False,False,19.374,,93.3,,75.7,,93.3,,1595,64,13,18,8,142879.5,19050.60,,Idle,,20,,10,,,20,Go Home,False,False,False,False,False,False,False,False,False,False,False,False,33.8027920380556,-117.4659261431046,1902.1,2972.0,1049.4,396.9,True,1,1,False,False,False,False,,True,False,False,Course Lock,196.8,67,16.4,93,E,W,3.13,11.4,Calm,False,False,Android,7.0.2,M300 RTK,1ZN7L4R0H1D00F,1W9DL31001461C,1ZMLH8300204F0,1Z6PH74DAP0QN7,"Corona, CA",728.3,5.7,137.7,8.547347,2.013246,0,0,DJI Matrice 300 RTK,M300 RTK,1ZN7L4R0H1D00F,1W9DL31001461C,1ZMLH8300204F0,1Z6PH74DAP0QN7,DJI Pilot,Android,7.0.2,1EF72A62-B7C3-C88D-164E-CE6F8C8424AE,1ZN7L4R0H1D00F,1W9DL31001461C,,1ZMLH8300204F0,1W9DL31001461C,,,,,
2023-11-01,11:29:17.95 AM,4m 55.6s,295.6,33.8010310431649,-117.4718339411064,136.4,137.7,17.3,1400,2232.6,6.456197,6.94893,-6.263432,2.23694,-1.565858,1.342164,0.223694,0.447388,-2.1,-0.1,2.1,-164.3,195.7,194.7,Tripod,Other,,22,5,True,,True,False,,Smart,RC,False,True,False,,,True,,False,False,False,False,False,False,False,False,False,False,0,Follow Yaw,-77.9,0,-172.4,187.6,False,False,False,False,False,,0,0,False,False,No Card,100,100,1024,1383,870,1024,2,False,False,False,False,False,0,False,False,False,False,84,,47.268,,8436,,10044,,47.268,,True,3.945,3.945,3.945,3.945,3.945,3.945,3.945,3.945,3.945,3.945,3.945,3.945,0,,False,False,True,,,,,,,,,,,,,,,False,False,19.374,,93.3,,75.7,,93.3,,1595,64,13,18,8,142879.5,19050.60,,Idle,,20,,10,,,20,Go Home,False,False,False,False,False,False,False,False,False,False,False,False,33.8027920380556,-117.4659261431046,1902.6,2972.0,1049.4,396.9,True,1,1,False,False,False,False,,True,False,False,Course Lock,196.8,67,16.4,93,E,W,3.13,11.4,Calm,False,False,Android,7.0.2,M300 RTK,1ZN7L4R0H1D00F,1W9DL31001461C,1ZMLH8300204F0,1Z6PH74DAP0QN7,"Corona, CA",728.3,5.7,137.7,8.547347,2.013246,0,0,DJI Matrice 300 RTK,M300 RTK,1ZN7L4R0H1D00F,1W9DL31001461C,1ZMLH8300204F0,1Z6PH74DAP0QN7,DJI Pilot,Android,7.0.2,1EF72A62-B7C3-C88D-164E-CE6F8C8424AE,1ZN7L4R0H1D00F,1W9DL31001461C,,1ZMLH8300204F0,1W9DL31001461C,,,,,
2023-11-01,11:29:18.05 AM,4m 55.7s,295.7,33.8010283111934,-117.4718347944664,136.4,137.7,17.3,1400,2233.6,6.456197,6.94893,-6.263432,2.23694,-1.565858,1.342164,0.223694,0.447388,-2,-0.1,2,-164.3,195.7,194.5,Tripod,Other,,22,5,True,,True,False,,Smart,RC,False,True,False,,,True,,False,False,False,False,False,False,False,False,False,False,0,Follow Yaw,-77.9,0,-172.4,187.6,False,False,False,False,False,,0,0,False,False,No Card,100,100,1024,1386,863,1024,2,False,False,False,False,False,0,False,False,False,False,84,,47.268,,8436,,10044,,47.268,,True,3.945,3.945,3.945,3.945,3.945,3.945,3.945,3.945,3.945,3.945,3.945,3.945,0,,False,False,True,,,,,,,,,,,,,,,False,False,19.374,,93.3,,75.7,,93.3,,1595,64,13,18,8,142879.5,19050.60,,Idle,,20,,10,,,20,Go Home,False,False,False,False,False,False,False,False,False,False,False,False,33.8027920380556,-117.4659261431046,1903.2,2972.0,1049.4,396.9,True,1,1,False,False,False,False,,True,False,False,Course Lock,196.8,67,16.4,93,E,W,3.13,11.4,Calm,False,False,Android,7.0.2,M300 RTK,1ZN7L4R0H1D00F,1W9DL31001461C,1ZMLH8300204F0,1Z6PH74DAP0QN7,"Corona, CA",728.3,5.7,137.7,8.547347,2.013246,0,0,DJI Matrice 300 RTK,M300 RTK,1ZN7L4R0H1D00F,1W9DL31001461C,1ZMLH8300204F0,1Z6PH74DAP0QN7,DJI Pilot,Android,7.0.2,1EF72A62-B7C3-C88D-164E-CE6F8C8424AE,1ZN7L4R0H1D00F,1W9DL31001461C,,1ZMLH8300204F0,1W9DL31001461C,,,,,
2023-11-01,11:29:18.15 AM,4m 55.8s,295.8,33.801025723414,-117.4718356166543,136.1,137.7,17.3,1400,2234.6,6.456197,6.94893,-6.263432,2.23694,-1.565858,1.342164,0.223694,0.447388,-2,-0.2,2,-164.2,195.8,194.7,Tripod,Other,,22,5,True,,True,False,,Smart,RC,False,True,False,,,True,,False,False,False,False,False,False,False,False,False,False,0,Follow Yaw,-77.9,0,-172.4,187.6,False,False,False,False,False,,0,0,False,False,No Card,100,100,1024,1387,825,1024,2,False,False,False,False,False,0,False,False,False,False,84,,47.268,,8436,,10044,,47.268,,True,3.945,3.945,3.945,3.945,3.945,3.945,3.945,3.945,3.945,3.945,3.945,3.945,0,,False,False,True,,,,,,,,,,,,,,,False,False,19.374,,93.3,,75.7,,93.3,,1595,64,13,18,8,142879.5,19050.60,,Idle,,20,,10,,,20,Go Home,False,False,False,False,False,False,False,False,False,False,False,False,33.8027920380556,-117.4659261431046,1903.8,2972.0,1049.4,396.9,True,1,1,False,False,False,False,,True,False,False,Course Lock,196.8,67,16.4,93,E,W,3.13,11.4,Calm,False,False,Android,7.0.2,M300 RTK,1ZN7L4R0H1D00F,1W9DL31001461C,1ZMLH8300204F0,1Z6PH74DAP0QN7,"Corona, CA",728.3,5.7,137.7,8.547347,2.013246,0,0,DJI Matrice 300 RTK,M300 RTK,1ZN7L4R0H1D00F,1W9DL31001461C,1ZMLH8300204F0,1Z6PH74DAP0QN7,DJI Pilot,Android,7.0.2,1EF72A62-B7C3-C88D-164E-CE6F8C8424AE,1ZN7L4R0H1D00F,1W9DL31001461C,,1ZMLH8300204F0,1W9DL31001461C,,,,,
2023-11-01,11:29:18.26 AM,4m 55.9s,295.9,33.8010230725848,-117.4718363799613,136.1,137.7,17.3,1400,2235.6,6.456197,6.94893,-6.263432,2.23694,-1.565858,1.342164,0.223694,0.447388,-2,-0.2,2,-164.2,195.8,193.4,Tripod,Other,,22,5,True,,True,False,,Smart,RC,False,True,False,,,True,,False,False,False,False,False,False,False,False,False,False,0,Follow Yaw,-77.9,0,-172.4,187.6,False,False,False,False,False,,0,0,False,False,No Card,100,100,1024,1386,850,1024,2,False,False,False,False,False,0,False,False,False,False,84,,47.268,,8436,,10044,,47.268,,True,3.945,3.945,3.945,3.945,3.945,3.945,3.945,3.945,3.945,3.945,3.945,3.945,0,,False,False,True,,,,,,,,,,,,,,,False,False,19.374,,93.3,,75.7,,93.3,,1595,64,13,18,8,142879.5,19050.60,,Idle,,20,,10,,,20,Go Home,False,False,False,False,False,False,False,False,False,False,False,False,33.8027920380556,-117.4659261431046,1904.3,2972.0,1049.4,396.9,True,1,1,False,False,False,False,,True,False,False,Course Lock,196.8,67,16.4,93,E,W,2.9,11.4,Calm,False,False,Android,7.0.2,M300 RTK,1ZN7L4R0H1D00F,1W9DL31001461C,1ZMLH8300204F0,1Z6PH74DAP0QN7,"Corona, CA",728.3,5.7,137.7,8.547347,2.013246,0,0,DJI Matrice 300 RTK,M300 RTK,1ZN7L4R0H1D00F,1W9DL31001461C,1ZMLH8300204F0,1Z6PH74DAP0QN7,DJI Pilot,Android,7.0.2,1EF72A62-B7C3-C88D-164E-CE6F8C8424AE,1ZN7L4R0H1D00F,1W9DL31001461C,,1ZMLH8300204F0,1W9DL31001461C,,,,,
2023-11-01,11:29:18.36 AM,4m 56.0s,296.0,33.8010204809675,-117.4718371988505,136.1,137.7,17.3,1400,2236.6,6.456197,6.94893,-6.263432,2.23694,-1.565858,1.342164,0.223694,0.447388,-2,0,2,-164.1,195.9,194.7,Tripod,Other,,22,5,True,,True,False,,Smart,RC,False,True,False,,,True,,False,False,False,False,False,False,False,False,False,False,0,Follow Yaw,-77.9,0,-172.4,187.6,False,False,False,False,False,,0,0,False,False,No Card,100,100,1024,1382,851,1024,2,False,False,False,False,False,0,False,False,False,False,84,,47.34,,8436,,10044,,47.34,,True,3.945,3.945,3.945,3.945,3.945,3.945,3.945,3.945,3.945,3.945,3.945,3.945,0,,False,False,True,,,,,,,,,,,,,,,False,False,18.984,,93.3,,75.7,,93.3,,1595,64,13,18,8,142879.5,19050.60,,Idle,,20,,10,,,20,Go Home,False,False,False,False,False,False,False,False,False,False,False,False,33.8027920380556,-117.4659261431046,1904.9,2972.0,1049.4,396.9,True,1,1,False,False,False,False,,True,False,False,Course Lock,196.8,67,16.4,93,E,W,2.9,11.4,Calm,False,False,Android,7.0.2,M300 RTK,1ZN7L4R0H1D00F,1W9DL31001461C,1ZMLH8300204F0,1Z6PH74DAP0QN7,"Corona, CA",728.3,5.7,137.7,8.547347,2.013246,0,0,DJI Matrice 300 RTK,M300 RTK,1ZN7L4R0H1D00F,1W9DL31001461C,1ZMLH8300204F0,1Z6PH74DAP0QN7,DJI Pilot,Android,7.0.2,1EF72A62-B7C3-C88D-164E-CE6F8C8424AE,1ZN7L4R0H1D00F,1W9DL31001461C,,1ZMLH8300204F0,1W9DL31001461C,,,,,
2023-11-01,11:29:18.46 AM,4m 56.1s,296.1,33.8010180220288,-117.4718381350066,136.1,137.7,17.3,1400,2237.5,6.456197,6.94893,-6.263432,2.23694,-1.565858,1.342164,0.223694,0.447388,-2.3,0,2.3,-164.1,195.9,197.5,Tripod,Other,,22,5,True,,True,False,,Smart,RC,False,True,False,,,True,,False,False,False,False,False,False,False,False,False,False,0,Follow Yaw,-77.9,0,-172.4,187.6,False,False,False,False,False,,0,0,False,False,No Card,100,100,1024,1383,847,1044,2,False,False,False,False,False,0,False,False,False,False,84,,47.34,,8436,,10044,,47.34,,True,3.945,3.945,3.945,3.945,3.945,3.945,3.945,3.945,3.945,3.945,3.945,3.945,0,,False,False,True,,,,,,,,,,,,,,,False,False,18.984,,93.3,,75.7,,93.3,,1595,64,13,18,8,142879.5,19050.60,,Idle,,20,,10,,,20,Go Home,False,False,False,False,False,False,False,False,False,False,False,False,33.8027920380556,-117.4659261431046,1905.4,2972.0,1049.4,396.9,True,1,1,False,False,False,False,,True,False,False,Course Lock,196.8,67,16.4,93,E,W,2.9,11.4,Calm,False,False,Android,7.0.2,M300 RTK,1ZN7L4R0H1D00F,1W9DL31001461C,1ZMLH8300204F0,1Z6PH74DAP0QN7,"Corona, CA",728.3,5.7,137.7,8.547347,2.013246,0,0,DJI Matrice 300 RTK,M300 RTK,1ZN7L4R0H1D00F,1W9DL31001461C,1ZMLH8300204F0,1Z6PH74DAP0QN7,DJI Pilot,Android,7.0.2,1EF72A62-B7C3-C88D-164E-CE6F8C8424AE,1ZN7L4R0H1D00F,1W9DL31001461C,,1ZMLH8300204F0,1W9DL31001461C,,,,,
2023-11-01,11:29:18.57 AM,4m 56.2s,296.2,33.8010154452145,-117.4718389766564,136.1,137.7,17.3,1400,2238.5,6.456197,6.94893,-6.263432,2.23694,-1.565858,1.342164,0.223694,0.447388,-2.3,0,2.3,-164.1,195.9,195.1,Tripod,Other,,22,5,True,,True,False,,Smart,RC,False,True,False,,,True,,False,False,False,False,False,False,False,False,False,False,0,Follow Yaw,-77.9,0,-172.4,187.6,False,False,False,False,False,,0,0,False,False,No Card,100,100,1024,1385,842,1046,2,False,False,False,False,False,0,False,False,False,False,84,,47.34,,8436,,10044,,47.34,,True,3.945,3.945,3.945,3.945,3.945,3.945,3.945,3.945,3.945,3.945,3.945,3.945,0,,False,False,True,,,,,,,,,,,,,,,False,False,18.984,,93.3,,75.7,,93.3,,1595,64,13,18,8,142879.5,19050.60,,Idle,,20,,10,,,20,Go Home,False,False,False,False,False,False,False,False,False,False,False,False,33.8027920380556,-117.4659261431046,1906.0,2972.0,1049.4,396.9,True,1,1,False,False,False,False,,True,False,False,Course Lock,196.8,67,16.4,93,E,W,2.9,11.4,Calm,False,False,Android,7.0.2,M300 RTK,1ZN7L4R0H1D00F,1W9DL31001461C,1ZMLH8300204F0,1Z6PH74DAP0QN7,"Corona, CA",728.3,5.7,137.7,8.547347,2.013246,0,0,DJI Matrice 300 RTK,M300 RTK,1ZN7L4R0H1D00F,1W9DL31001461C,1ZMLH8300204F0,1Z6PH74DAP0QN7,DJI Pilot,Android,7.0.2,1EF72A62-B7C3-C88D-164E-CE6F8C8424AE,1ZN7L4R0H1D00F,1W9DL31001461C,,1ZMLH8300204F0,1W9DL31001461C,,,,,
2023-11-01,11:29:18.67 AM,4m 56.3s,296.3,33.8010129703762,-117.471839746066,136.1,137.7,17.3,1400,2239.4,6.514067,6.94893,-6.263432,2.23694,-1.789552,1.342164,0.223694,0.447388,-2.3,-0.2,2.3,-164,196,194.4,Tripod,Other,,22,5,True,,True,False,,Smart,RC,False,True,False,,,True,,False,False,False,False,False,False,False,False,False,False,0,Follow Yaw,-77.9,0,-172.4,187.6,False,False,False,False,False,,0,0,False,False,No Card,100,100,1024,1383,875,1024,2,False,False,False,False,False,0,False,False,False,False,84,,47.34,,8436,,10044,,47.34,,True,3.941,3.941,3.941,3.941,3.941,3.941,3.941,3.941,3.941,3.941,3.941,3.941,0,,False,False,True,,,,,,,,,,,,,,,False,False,18.984,,93.3,,75.7,,93.3,,1595,64,13,18,8,142594.0,19012.54,,Idle,,20,,10,,,20,Go Home,False,False,False,False,False,False,False,False,False,False,False,False,33.8027920380556,-117.4659261431046,1906.5,2972.0,1049.4,396.9,True,1,1,False,False,False,False,,True,False,False,Course Lock,196.8,67,16.4,93,E,W,2.9,11.4,Calm,False,False,Android,7.0.2,M300 RTK,1ZN7L4R0H1D00F,1W9DL31001461C,1ZMLH8300204F0,1Z6PH74DAP0QN7,"Corona, CA",728.3,5.7,137.7,8.547347,2.013246,0,0,DJI Matrice 300 RTK,M300 RTK,1ZN7L4R0H1D00F,1W9DL31001461C,1ZMLH8300204F0,1Z6PH74DAP0QN7,DJI Pilot,Android,7.0.2,1EF72A62-B7C3-C88D-164E-CE6F8C8424AE,1ZN7L4R0H1D00F,1W9DL31001461C,,1ZMLH8300204F0,1W9DL31001461C,,,,,
2023-11-01,11:29:18.77 AM,4m 56.4s,296.4,33.8010104143958,-117.4718405926638,136.1,137.7,17.3,1400,2240.4,6.514067,6.94893,-6.263432,2.23694,-1.789552,1.342164,0.223694,0.447388,-2.3,-0.4,2.3,-164.1,195.9,195.3,Tripod,Other,,22,5,True,,True,False,,Smart,RC,False,True,False,,,True,,False,False,False,False,False,False,False,False,False,False,0,Follow Yaw,-77.9,0,-172.4,187.6,False,False,False,False,False,,0,0,False,False,No Card,100,100,1024,1386,901,1024,2,False,False,False,False,False,0,False,False,False,False,84,,47.34,,8436,,10044,,47.34,,True,3.941,3.941,3.941,3.941,3.941,3.941,3.941,3.941,3.941,3.941,3.941,3.941,0,,False,False,True,,,,,,,,,,,,,,,False,False,18.984,,93.3,,75.7,,93.3,,1595,64,13,18,8,142594.0,19012.54,,Idle,,20,,10,,,20,Go Home,False,False,False,False,False,False,False,False,False,False,False,False,33.8027920380556,-117.4659261431046,1907.1,2972.0,1049.4,396.9,True,1,1,False,False,False,False,,True,False,False,Course Lock,196.8,67,16.4,93,E,W,2.9,11.4,Calm,False,False,Android,7.0.2,M300 RTK,1ZN7L4R0H1D00F,1W9DL31001461C,1ZMLH8300204F0,1Z6PH74DAP0QN7,"Corona, CA",728.3,5.7,137.7,8.547347,2.013246,0,0,DJI Matrice 300 RTK,M300 RTK,1ZN7L4R0H1D00F,1W9DL31001461C,1ZMLH8300204F0,1Z6PH74DAP0QN7,DJI Pilot,Android,7.0.2,1EF72A62-B7C3-C88D-164E-CE6F8C8424AE,1ZN7L4R0H1D00F,1W9DL31001461C,,1ZMLH8300204F0,1W9DL31001461C,,,,,
2023-11-01,11:29:18.88 AM,4m 56.5s,296.5,33.8010076040234,-117.4718413713095,135.8,137.7,17.3,1400,2241.5,6.456197,6.94893,-6.263432,2.23694,-1.565858,1.342164,0.223694,0.447388,-2.3,-0.5,2.3,-164.2,195.8,192.9,Tripod,Other,,22,5,True,,True,False,,Smart,RC,False,True,False,,,True,,False,False,False,False,False,False,False,False,False,False,0,Follow Yaw,-77.9,0,-172.4,187.6,False,False,False,False,False,,0,0,False,False,No Card,100,100,1024,1382,926,1024,2,False,False,False,False,False,0,False,False,False,False,84,,47.34,,8436,,10044,,47.34,,True,3.941,3.941,3.941,3.941,3.941,3.941,3.941,3.941,3.941,3.941,3.941,3.941,0,,False,False,True,,,,,,,,,,,,,,,False,False,18.984,,93.3,,75.7,,93.3,,1595,64,13,18,8,142594.0,19012.54,,Idle,,20,,10,,,20,Go Home,False,False,False,False,False,False,False,False,False,False,False,False,33.8027920380556,-117.4659261431046,1907.6,2972.0,1049.4,396.9,True,1,1,False,False,False,False,,True,False,False,Course Lock,196.8,67,16.4,93,E,W,2.9,11.4,Calm,False,False,Android,7.0.2,M300 RTK,1ZN7L4R0H1D00F,1W9DL31001461C,1ZMLH8300204F0,1Z6PH74DAP0QN7,"Corona, CA",728.3,5.7,137.7,8.547347,2.013246,0,0,DJI Matrice 300 RTK,M300 RTK,1ZN7L4R0H1D00F,1W9DL31001461C,1ZMLH8300204F0,1Z6PH74DAP0QN7,DJI Pilot,Android,7.0.2,1EF72A62-B7C3-C88D-164E-CE6F8C8424AE,1ZN7L4R0H1D00F,1W9DL31001461C,,1ZMLH8300204F0,1W9DL31001461C,,,,,
2023-11-01,11:29:18.94 AM,4m 56.6s,296.6,33.8010050283056,-117.4718422033933,135.8,137.7,17.3,1400,2242.4,6.456197,6.94893,-6.263432,2.23694,-1.565858,1.342164,0.223694,0.447388,-2.4,-0.6,2.4,-164.2,195.8,195.0,Tripod,Other,,23,5,True,,True,False,,Smart,RC,False,True,False,,,True,,False,False,False,False,False,False,False,False,False,False,0,Follow Yaw,-77.9,0,-172.4,187.6,False,False,False,False,False,,0,0,False,False,No Card,100,100,1024,1384,923,1024,2,False,False,False,False,False,0,False,False,False,False,84,,47.34,,8436,,10044,,47.34,,True,3.941,3.941,3.941,3.941,3.941,3.941,3.941,3.941,3.941,3.941,3.941,3.941,0,,False,False,True,,,,,,,,,,,,,,,False,False,18.984,,93.3,,75.7,,93.3,,1595,64,13,18,8,142594.0,19012.54,,Idle,,20,,10,,,20,Go Home,False,False,False,False,False,False,False,False,False,False,False,False,33.8027920380556,-117.4659261431046,1908.2,2972.0,1049.4,396.9,True,1,1,False,False,False,False,,True,False,False,Course Lock,196.8,67,16.4,93,E,W,2.9,11.4,Calm,False,False,Android,7.0.2,M300 RTK,1ZN7L4R0H1D00F,1W9DL31001461C,1ZMLH8300204F0,1Z6PH74DAP0QN7,"Corona, CA",728.3,5.7,137.7,8.547347,2.013246,0,0,DJI Matrice 300 RTK,M300 RTK,1ZN7L4R0H1D00F,1W9DL31001461C,1ZMLH8300204F0,1Z6PH74DAP0QN7,DJI Pilot,Android,7.0.2,1EF72A62-B7C3-C88D-164E-CE6F8C8424AE,1ZN7L4R0H1D00F,1W9DL31001461C,,1ZMLH8300204F0,1W9DL31001461C,,,,,
2023-11-01,11:29:19.04 AM,4m 56.7s,296.7,33.8010025660773,-117.4718430951825,135.8,137.7,17.3,1400,2243.4,6.456197,6.94893,-6.263432,2.23694,-1.565858,1.342164,0.223694,0.447388,-2.5,-0.6,2.5,-164.3,195.7,196.7,Tripod,Other,,23,5,True,,True,False,,Smart,RC,False,True,False,,,True,,False,False,False,False,False,False,False,False,False,False,0,Follow Yaw,-77.9,0,-172.4,187.6,False,False,False,False,False,,0,0,False,False,No Card,100,100,1024,1384,925,1024,2,False,False,False,False,False,0,False,False,False,False,84,,47.316,,4188,,4986,,47.316,,True,3.941,3.941,3.941,3.941,3.941,3.941,3.941,3.941,3.941,3.941,3.941,3.941,0,,False,False,True,,,,,,,,,,,,,,,False,False,9.372,,93.2,,75.7,,93.3,,1595,64,13,18,8,142594.0,19012.54,,Idle,,20,,10,,,20,Go Home,False,False,False,False,False,False,False,False,False,False,False,False,33.8027920380556,-117.4659261431046,1908.8,2972.0,1049.4,396.9,True,1,1,False,False,False,False,,True,False,False,Course Lock,196.8,67,16.4,93,E,W,2.9,11.4,Calm,False,False,Android,7.0.2,M300 RTK,1ZN7L4R0H1D00F,1W9DL31001461C,1ZMLH8300204F0,1Z6PH74DAP0QN7,"Corona, CA",728.3,5.7,137.7,8.547347,2.013246,0,0,DJI Matrice 300 RTK,M300 RTK,1ZN7L4R0H1D00F,1W9DL31001461C,1ZMLH8300204F0,1Z6PH74DAP0QN7,DJI Pilot,Android,7.0.2,1EF72A62-B7C3-C88D-164E-CE6F8C8424AE,1ZN7L4R0H1D00F,1W9DL31001461C,,1ZMLH8300204F0,1W9DL31001461C,,,,,
2023-11-01,11:29:19.14 AM,4m 56.8s,296.8,33.8009999996799,-117.4718439219885,135.8,137.7,17.3,1400,2244.3,6.456197,6.94893,-6.263432,2.23694,-1.565858,1.342164,0,0.447388,-2.6,-0.5,2.6,-164.2,195.8,194.9,Tripod,Other,,23,5,True,,True,False,,Smart,RC,False,True,False,,,True,,False,False,False,False,False,False,False,False,False,False,0,Follow Yaw,-77.9,0,-172.4,187.6,False,False,False,False,False,,0,0,False,False,No Card,100,100,1024,1387,925,1024,2,False,False,False,False,False,0,False,False,False,False,84,,47.316,,4188,,4986,,47.316,,True,3.941,3.941,3.941,3.941,3.941,3.941,3.941,3.941,3.941,3.941,3.941,3.941,0,,False,False,True,,,,,,,,,,,,,,,False,False,9.372,,93.2,,75.7,,93.3,,1595,64,13,18,8,142594.0,19012.54,,Idle,,20,,10,,,20,Go Home,False,False,False,False,False,False,False,False,False,False,False,False,33.8027920380556,-117.4659261431046,1909.3,2972.0,1049.4,396.9,True,1,1,False,False,False,False,,True,False,False,Course Lock,196.8,67,16.4,93,E,W,2.9,11.4,Calm,False,False,Android,7.0.2,M300 RTK,1ZN7L4R0H1D00F,1W9DL31001461C,1ZMLH8300204F0,1Z6PH74DAP0QN7,"Corona, CA",728.3,5.7,137.7,8.547347,2.013246,0,0,DJI Matrice 300 RTK,M300 RTK,1ZN7L4R0H1D00F,1W9DL31001461C,1ZMLH8300204F0,1Z6PH74DAP0QN7,DJI Pilot,Android,7.0.2,1EF72A62-B7C3-C88D-164E-CE6F8C8424AE,1ZN7L4R0H1D00F,1W9DL31001461C,,1ZMLH8300204F0,1W9DL31001461C,,,,,
2023-11-01,11:29:19.24 AM,4m 56.9s,296.9,33.8009975056526,-117.471844749784,135.8,137.7,17.3,1400,2245.3,6.456197,6.94893,-6.263432,2.23694,-1.565858,1.342164,0,0.447388,-2.6,-0.3,2.6,-164.3,195.7,195.4,Tripod,Other,,23,5,True,,True,False,,Smart,RC,False,True,False,,,True,,False,False,False,False,False,False,False,False,False,False,0,Follow Yaw,-77.9,0,-172.4,187.6,False,False,False,False,False,,0,0,False,False,No Card,100,100,1024,1392,923,1024,2,False,False,False,False,False,0,False,False,False,False,84,,47.316,,4188,,4986,,47.316,,True,3.941,3.941,3.941,3.941,3.941,3.941,3.941,3.941,3.941,3.941,3.941,3.941,0,,False,False,True,,,,,,,,,,,,,,,False,False,9.372,,93.2,,75.7,,93.3,,1595,64,13,18,8,142594.0,19012.54,,Idle,,20,,10,,,20,Go Home,False,False,False,False,False,False,False,False,False,False,False,False,33.8027920380556,-117.4659261431046,1909.9,2972.0,1049.4,396.9,True,1,1,False,False,False,False,,True,False,False,Course Lock,196.8,67,16.4,93,E,W,2.9,11.4,Calm,False,False,Android,7.0.2,M300 RTK,1ZN7L4R0H1D00F,1W9DL31001461C,1ZMLH8300204F0,1Z6PH74DAP0QN7,"Corona, CA",728.3,5.7,137.7,8.547347,2.013246,0,0,DJI Matrice 300 RTK,M300 RTK,1ZN7L4R0H1D00F,1W9DL31001461C,1ZMLH8300204F0,1Z6PH74DAP0QN7,DJI Pilot,Android,7.0.2,1EF72A62-B7C3-C88D-164E-CE6F8C8424AE,1ZN7L4R0H1D00F,1W9DL31001461C,,1ZMLH8300204F0,1W9DL31001461C,,,,,
2023-11-01,11:29:19.34 AM,4m 57.0s,297.0,33.8009949398035,-117.4718455711472,135.8,137.7,17.3,1400,2246.3,6.456197,6.94893,-6.263432,2.23694,-1.565858,1.342164,0,0.447388,-2.6,-0.1,2.6,-164.2,195.8,194.8,Tripod,Other,,23,5,True,,True,False,,Smart,RC,False,True,False,,,True,,False,False,False,False,False,False,False,False,False,False,0,Follow Yaw,-77.9,0,-172.4,187.6,False,False,False,False,False,,0,0,False,False,No Card,100,100,1024,1392,924,1024,2,False,False,False,False,False,0,False,False,False,False,84,,47.364,,8436,,10044,,47.364,,True,3.941,3.941,3.941,3.941,3.941,3.941,3.941,3.941,3.941,3.941,3.941,3.941,0,,False,False,True,,,,,,,,,,,,,,,False,False,18.89,,93.3,,75.7,,93.3,,1595,64,13,18,8,142594.0,19012.54,,Idle,,20,,10,,,20,Go Home,False,False,False,False,False,False,False,False,False,False,False,False,33.8027920380556,-117.4659261431046,1910.4,2972.0,1049.4,396.9,True,1,1,False,False,False,False,,True,False,False,Course Lock,196.8,67,16.4,93,E,W,2.9,11.4,Calm,False,False,Android,7.0.2,M300 RTK,1ZN7L4R0H1D00F,1W9DL31001461C,1ZMLH8300204F0,1Z6PH74DAP0QN7,"Corona, CA",728.3,5.7,137.7,8.547347,2.013246,0,0,DJI Matrice 300 RTK,M300 RTK,1ZN7L4R0H1D00F,1W9DL31001461C,1ZMLH8300204F0,1Z6PH74DAP0QN7,DJI Pilot,Android,7.0.2,1EF72A62-B7C3-C88D-164E-CE6F8C8424AE,1ZN7L4R0H1D00F,1W9DL31001461C,,1ZMLH8300204F0,1W9DL31001461C,,,,,
2023-11-01,11:29:19.44 AM,4m 57.1s,297.1,33.8009924172668,-117.4718464213736,135.8,137.7,17.3,1400,2247.2,6.456197,6.94893,-6.263432,2.23694,-1.565858,1.342164,0,0.447388,-2.7,0,2.7,-164.2,195.8,195.6,Tripod,Other,,23,5,True,,True,False,,Smart,RC,False,True,False,,,True,,False,False,False,False,False,False,False,False,False,False,0,Follow Yaw,-77.9,0,-172.4,187.6,False,False,False,False,False,,0,0,False,False,No Card,100,100,1024,1385,916,1024,2,False,False,False,False,False,0,False,False,False,False,84,,47.364,,8436,,10044,,47.364,,True,3.941,3.941,3.941,3.941,3.941,3.941,3.941,3.941,3.941,3.941,3.941,3.941,0,,False,False,True,,,,,,,,,,,,,,,False,False,18.89,,93.3,,75.7,,93.3,,1595,64,13,18,8,142594.0,19012.54,,Idle,,20,,10,,,20,Go Home,False,False,False,False,False,False,False,False,False,False,False,False,33.8027920380556,-117.4659261431046,1911.0,2972.0,1049.4,396.9,True,1,1,False,False,False,False,,True,False,False,Course Lock,196.8,67,16.4,93,E,W,2.9,11.4,Calm,False,False,Android,7.0.2,M300 RTK,1ZN7L4R0H1D00F,1W9DL31001461C,1ZMLH8300204F0,1Z6PH74DAP0QN7,"Corona, CA",728.3,5.7,137.7,8.547347,2.013246,0,0,DJI Matrice 300 RTK,M300 RTK,1ZN7L4R0H1D00F,1W9DL31001461C,1ZMLH8300204F0,1Z6PH74DAP0QN7,DJI Pilot,Android,7.0.2,1EF72A62-B7C3-C88D-164E-CE6F8C8424AE,1ZN7L4R0H1D00F,1W9DL31001461C,,1ZMLH8300204F0,1W9DL31001461C,,,,,
2023-11-01,11:29:19.54 AM,4m 57.2s,297.2,33.8009898508694,-117.4718472506535,135.8,137.7,17.3,1400,2248.2,6.456197,6.94893,-6.263432,2.23694,-1.565858,1.342164,0,0.447388,-2.9,-0.2,2.9,-164.2,195.8,195.0,Tripod,Other,,23,5,True,,True,False,,Smart,RC,False,True,False,,,True,,False,False,False,False,False,False,False,False,False,False,0,Follow Yaw,-77.9,0,-172.4,187.6,False,False,False,False,False,,0,0,False,False,No Card,100,100,1024,1386,920,1024,2,False,False,False,False,False,0,False,False,False,False,84,,47.364,,8436,,10044,,47.364,,True,3.941,3.941,3.941,3.941,3.941,3.941,3.941,3.941,3.941,3.941,3.941,3.941,0,,False,False,True,,,,,,,,,,,,,,,False,False,18.89,,93.3,,75.7,,93.3,,1595,64,13,18,8,142594.0,19012.54,,Idle,,20,,10,,,20,Go Home,False,False,False,False,False,False,False,False,False,False,False,False,33.8027920380556,-117.4659261431046,1911.5,2972.0,1049.4,396.9,True,1,1,False,False,False,False,,True,False,False,Course Lock,196.8,67,16.4,93,E,W,2.9,11.4,Calm,False,False,Android,7.0.2,M300 RTK,1ZN7L4R0H1D00F,1W9DL31001461C,1ZMLH8300204F0,1Z6PH74DAP0QN7,"Corona, CA",728.3,5.7,137.7,8.547347,2.013246,0,0,DJI Matrice 300 RTK,M300 RTK,1ZN7L4R0H1D00F,1W9DL31001461C,1ZMLH8300204F0,1Z6PH74DAP0QN7,DJI Pilot,Android,7.0.2,1EF72A62-B7C3-C88D-164E-CE6F8C8424AE,1ZN7L4R0H1D00F,1W9DL31001461C,,1ZMLH8300204F0,1W9DL31001461C,,,,,
2023-11-01,11:29:19.64 AM,4m 57.3s,297.3,33.8009871397318,-117.471847837153,135.8,137.7,17.3,1400,2249.2,6.456197,6.94893,-6.263432,2.23694,-1.565858,1.342164,0,0.447388,-2.9,-0.3,2.9,-164.3,195.7,190.1,Tripod,Other,,23,5,True,,True,False,,Smart,RC,False,True,False,,,True,,False,False,False,False,False,False,False,False,False,False,0,Follow Yaw,-77.9,0,-172.4,187.6,False,False,False,False,False,,0,0,False,False,No Card,100,100,1024,1390,918,1024,2,False,False,False,False,False,0,False,False,False,False,84,,47.364,,8436,,10044,,47.364,,True,3.947,3.947,3.947,3.947,3.947,3.947,3.947,3.947,3.947,3.947,3.947,3.947,0,,False,False,True,,,,,,,,,,,,,,,False,False,18.89,,93.3,,75.7,,93.3,,1595,65,13,18,8,142438.3,18991.78,,Idle,,20,,10,,,20,Go Home,False,False,False,False,False,False,False,False,False,False,False,False,33.8027920380556,-117.4659261431046,1912.0,2972.0,1049.4,396.9,True,1,1,False,False,False,False,,True,False,False,Course Lock,196.8,67,16.4,93,E,W,2.9,11.4,Calm,False,False,Android,7.0.2,M300 RTK,1ZN7L4R0H1D00F,1W9DL31001461C,1ZMLH8300204F0,1Z6PH74DAP0QN7,"Corona, CA",728.3,5.7,137.7,8.547347,2.013246,0,0,DJI Matrice 300 RTK,M300 RTK,1ZN7L4R0H1D00F,1W9DL31001461C,1ZMLH8300204F0,1Z6PH74DAP0QN7,DJI Pilot,Android,7.0.2,1EF72A62-B7C3-C88D-164E-CE6F8C8424AE,1ZN7L4R0H1D00F,1W9DL31001461C,,1ZMLH8300204F0,1W9DL31001461C,,,,,
2023-11-01,11:29:19.70 AM,4m 57.4s,297.4,33.8009845409872,-117.4718486504345,135.8,137.7,17.3,1400,2250.2,6.456197,6.94893,-6.263432,2.23694,-1.565858,1.342164,0,0.447388,-2.9,-0.3,2.9,-164.3,195.7,194.5,Tripod,Other,,22,5,True,,True,False,,Smart,RC,False,True,False,,,True,,False,False,False,False,False,False,False,False,False,False,0,Follow Yaw,-77.9,0,-172.4,187.6,False,False,False,False,False,,0,0,False,False,No Card,100,100,1024,1390,910,1024,2,False,False,False,False,False,0,False,False,False,False,84,,47.364,,8436,,10044,,47.364,,True,3.947,3.947,3.947,3.947,3.947,3.947,3.947,3.947,3.947,3.947,3.947,3.947,0,,False,False,True,,,,,,,,,,,,,,,False,False,18.89,,93.3,,75.7,,93.3,,1595,65,13,18,8,142438.3,18991.78,,Idle,,20,,10,,,20,Go Home,False,False,False,False,False,False,False,False,False,False,False,False,33.8027920380556,-117.4659261431046,1912.6,2972.0,1049.4,396.9,True,1,1,False,False,False,False,,True,False,False,Course Lock,196.8,67,16.4,93,E,W,2.9,11.4,Calm,False,False,Android,7.0.2,M300 RTK,1ZN7L4R0H1D00F,1W9DL31001461C,1ZMLH8300204F0,1Z6PH74DAP0QN7,"Corona, CA",728.3,5.7,137.7,8.547347,2.013246,0,0,DJI Matrice 300 RTK,M300 RTK,1ZN7L4R0H1D00F,1W9DL31001461C,1ZMLH8300204F0,1Z6PH74DAP0QN7,DJI Pilot,Android,7.0.2,1EF72A62-B7C3-C88D-164E-CE6F8C8424AE,1ZN7L4R0H1D00F,1W9DL31001461C,,1ZMLH8300204F0,1W9DL31001461C,,,,,
2023-11-01,11:29:19.84 AM,4m 57.5s,297.5,33.8009818320426,-117.4718494577784,135.8,137.7,17.3,1400,2251.2,6.456197,6.94893,-6.263432,2.23694,-1.565858,1.342164,0,0.447388,-2.8,-0.3,2.8,-164.3,195.7,193.9,Tripod,Other,,22,5,True,,True,False,,Smart,RC,False,True,False,,,True,,False,False,False,False,False,False,False,False,False,False,0,Follow Yaw,-77.9,0,-172.4,187.6,False,False,False,False,False,,0,0,False,False,No Card,100,100,1024,1391,907,1024,2,False,False,False,False,False,0,False,False,False,False,84,,47.364,,8436,,10044,,47.364,,True,3.947,3.947,3.947,3.947,3.947,3.947,3.947,3.947,3.947,3.947,3.947,3.947,0,,False,False,True,,,,,,,,,,,,,,,False,False,18.89,,93.3,,75.7,,93.3,,1595,65,13,18,8,142438.3,18991.78,,Idle,,20,,10,,,20,Go Home,False,False,False,False,False,False,False,False,False,False,False,False,33.8027920380556,-117.4659261431046,1913.2,2972.0,1049.4,396.9,True,1,1,False,False,False,False,,True,False,False,Course Lock,196.8,67,16.4,93,E,W,2.9,11.4,Calm,False,False,Android,7.0.2,M300 RTK,1ZN7L4R0H1D00F,1W9DL31001461C,1ZMLH8300204F0,1Z6PH74DAP0QN7,"Corona, CA",728.3,5.7,137.7,8.547347,2.013246,0,0,DJI Matrice 300 RTK,M300 RTK,1ZN7L4R0H1D00F,1W9DL31001461C,1ZMLH8300204F0,1Z6PH74DAP0QN7,DJI Pilot,Android,7.0.2,1EF72A62-B7C3-C88D-164E-CE6F8C8424AE,1ZN7L4R0H1D00F,1W9DL31001461C,,1ZMLH8300204F0,1W9DL31001461C,,,,,
2023-11-01,11:29:19.94 AM,4m 57.6s,297.6,33.8009792119159,-117.4718502776572,135.8,137.7,17.3,1400,2252.2,6.456197,6.94893,-6.263432,2.23694,-1.565858,1.342164,0,0.447388,-2.6,-0.3,2.6,-164.3,195.7,194.5,Tripod,Other,,23,5,True,,True,False,,Smart,RC,False,True,False,,,True,,False,False,False,False,False,False,False,False,False,False,0,Follow Yaw,-77.9,0,-172.4,187.6,False,False,False,False,False,,0,0,False,False,No Card,100,100,1024,1387,909,1024,2,False,False,False,False,False,0,False,False,False,False,84,,47.364,,8436,,10044,,47.364,,True,3.947,3.947,3.947,3.947,3.947,3.947,3.947,3.947,3.947,3.947,3.947,3.947,0,,False,False,True,,,,,,,,,,,,,,,False,False,18.89,,93.3,,75.7,,93.3,,1595,65,13,18,8,142438.3,18991.78,,Idle,,20,,10,,,20,Go Home,False,False,False,False,False,False,False,False,False,False,False,False,33.8027920380556,-117.4659261431046,1913.7,2972.0,1049.4,396.9,True,1,1,False,False,False,False,,True,False,False,Course Lock,196.8,67,16.4,93,E,W,2.9,11.4,Calm,False,False,Android,7.0.2,M300 RTK,1ZN7L4R0H1D00F,1W9DL31001461C,1ZMLH8300204F0,1Z6PH74DAP0QN7,"Corona, CA",728.3,5.7,137.7,8.547347,2.013246,0,0,DJI Matrice 300 RTK,M300 RTK,1ZN7L4R0H1D00F,1W9DL31001461C,1ZMLH8300204F0,1Z6PH74DAP0QN7,DJI Pilot,Android,7.0.2,1EF72A62-B7C3-C88D-164E-CE6F8C8424AE,1ZN7L4R0H1D00F,1W9DL31001461C,,1ZMLH8300204F0,1W9DL31001461C,,,,,
2023-11-01,11:29:20.01 AM,4m 57.7s,297.7,33.8009767217264,-117.4718512148029,135.8,137.7,17.3,1400,2253.1,6.456197,6.94893,-6.263432,2.23694,-1.565858,1.342164,0,0.447388,-2.4,-0.4,2.4,-164.3,195.7,197.3,Tripod,Other,,23,5,True,,True,False,,Smart,RC,False,True,False,,,True,,False,False,False,False,False,False,False,False,False,False,0,Follow Yaw,-77.9,0,-172.4,187.6,False,False,False,False,False,,0,0,False,False,No Card,100,100,1024,1388,909,1024,2,False,False,False,False,False,0,False,False,False,False,84,,47.364,,8436,,10044,,47.364,,True,3.947,3.947,3.947,3.947,3.947,3.947,3.947,3.947,3.947,3.947,3.947,3.947,0,,False,False,True,,,,,,,,,,,,,,,False,False,18.89,,93.3,,75.7,,93.3,,1595,65,13,18,8,142438.3,18991.78,,Idle,,20,,10,,,20,Go Home,False,False,False,False,False,False,False,False,False,False,False,False,33.8027920380556,-117.4659261431046,1914.3,2972.0,1049.4,396.9,True,1,1,False,False,False,False,,True,False,False,Course Lock,196.8,67,16.4,93,E,W,2.9,11.4,Calm,False,False,Android,7.0.2,M300 RTK,1ZN7L4R0H1D00F,1W9DL31001461C,1ZMLH8300204F0,1Z6PH74DAP0QN7,"Corona, CA",728.3,5.7,137.7,8.547347,2.013246,0,0,DJI Matrice 300 RTK,M300 RTK,1ZN7L4R0H1D00F,1W9DL31001461C,1ZMLH8300204F0,1Z6PH74DAP0QN7,DJI Pilot,Android,7.0.2,1EF72A62-B7C3-C88D-164E-CE6F8C8424AE,1ZN7L4R0H1D00F,1W9DL31001461C,,1ZMLH8300204F0,1W9DL31001461C,,,,,
2023-11-01,11:29:20.11 AM,4m 57.8s,297.8,33.8009741120166,-117.4718520419387,135.8,137.7,17.3,1400,2254.1,6.456197,6.94893,-6.263432,2.23694,-1.565858,1.342164,0,0.447388,-2.6,-0.3,2.6,-164.3,195.7,194.7,Tripod,Other,,23,5,True,,True,False,,Smart,RC,False,True,False,,,True,,False,False,False,False,False,False,False,False,False,False,0,Follow Yaw,-77.9,0,-172.4,187.6,False,False,False,False,False,,0,0,False,False,No Card,100,100,1024,1387,909,1024,2,False,False,False,False,False,0,False,False,False,False,84,,47.364,,8436,,10044,,47.364,,True,3.947,3.947,3.947,3.947,3.947,3.947,3.947,3.947,3.947,3.947,3.947,3.947,0,,False,False,True,,,,,,,,,,,,,,,False,False,18.89,,93.3,,75.7,,93.3,,1595,65,13,18,8,142438.3,18991.78,,Idle,,20,,10,,,20,Go Home,False,False,False,False,False,False,False,False,False,False,False,False,33.8027920380556,-117.4659261431046,1914.9,2972.0,1049.4,396.9,True,1,1,False,False,False,False,,True,False,False,Course Lock,196.8,67,16.4,93,E,W,2.9,11.4,Calm,False,False,Android,7.0.2,M300 RTK,1ZN7L4R0H1D00F,1W9DL31001461C,1ZMLH8300204F0,1Z6PH74DAP0QN7,"Corona, CA",728.3,5.7,137.7,8.547347,2.013246,0,0,DJI Matrice 300 RTK,M300 RTK,1ZN7L4R0H1D00F,1W9DL31001461C,1ZMLH8300204F0,1Z6PH74DAP0QN7,DJI Pilot,Android,7.0.2,1EF72A62-B7C3-C88D-164E-CE6F8C8424AE,1ZN7L4R0H1D00F,1W9DL31001461C,,1ZMLH8300204F0,1W9DL31001461C,,,,,
2023-11-01,11:29:20.22 AM,4m 57.9s,297.9,33.8009713537288,-117.4718529467577,135.8,137.7,17.3,1400,2255.1,6.456197,6.94893,-6.263432,2.23694,-1.565858,1.342164,0,0.447388,-2.8,-0.1,2.8,-164.3,195.7,195.2,Tripod,Other,,23,5,True,,True,False,,Smart,RC,False,True,False,,,True,,False,False,False,False,False,False,False,False,False,False,0,Follow Yaw,-77.9,0,-172.4,187.6,False,False,False,False,False,,0,0,False,False,No Card,100,100,1024,1381,907,1024,2,False,False,False,False,False,0,False,False,False,False,84,,47.364,,8436,,10044,,47.364,,True,3.947,3.947,3.947,3.947,3.947,3.947,3.947,3.947,3.947,3.947,3.947,3.947,0,,False,False,True,,,,,,,,,,,,,,,False,False,18.89,,93.3,,75.7,,93.3,,1595,65,13,18,8,142438.3,18991.78,,Idle,,20,,10,,,20,Go Home,False,False,False,False,False,False,False,False,False,False,False,False,33.8027920380556,-117.4659261431046,1915.5,2972.0,1049.4,396.9,True,1,1,False,False,False,False,,True,False,False,Course Lock,196.8,67,16.4,93,E,W,2.68,11.4,Calm,False,False,Android,7.0.2,M300 RTK,1ZN7L4R0H1D00F,1W9DL31001461C,1ZMLH8300204F0,1Z6PH74DAP0QN7,"Corona, CA",728.3,5.7,137.7,8.547347,2.013246,0,0,DJI Matrice 300 RTK,M300 RTK,1ZN7L4R0H1D00F,1W9DL31001461C,1ZMLH8300204F0,1Z6PH74DAP0QN7,DJI Pilot,Android,7.0.2,1EF72A62-B7C3-C88D-164E-CE6F8C8424AE,1ZN7L4R0H1D00F,1W9DL31001461C,,1ZMLH8300204F0,1W9DL31001461C,,,,,
2023-11-01,11:29:20.34 AM,4m 58.0s,298.0,33.8009687303126,-117.4718537795012,135.8,137.7,17.3,1400,2256.1,6.514067,6.94893,-6.263432,2.23694,-1.789552,1.342164,0,0.447388,-3,0,3,-164.4,195.6,194.7,Tripod,Other,,23,5,True,,True,False,,Smart,RC,False,True,False,,,True,,False,False,False,False,False,False,False,False,False,False,0,Follow Yaw,-77.9,0,-172.4,187.6,False,False,False,False,False,,0,0,False,False,No Card,100,100,1024,1372,928,1024,2,False,False,False,False,False,0,False,False,False,False,84,,47.364,,8436,,10044,,47.364,,True,3.947,3.947,3.947,3.947,3.947,3.947,3.947,3.947,3.947,3.947,3.947,3.947,0,,False,False,True,,,,,,,,,,,,,,,False,False,18.83,,93.3,,75.7,,93.3,,1595,65,13,18,8,142438.3,18991.78,,Idle,,20,,10,,,20,Go Home,False,False,False,False,False,False,False,False,False,False,False,False,33.8027920380556,-117.4659261431046,1916.1,2972.0,1049.4,396.9,True,1,1,False,False,False,False,,True,False,False,Course Lock,196.8,67,16.4,93,E,W,2.68,11.4,Calm,False,False,Android,7.0.2,M300 RTK,1ZN7L4R0H1D00F,1W9DL31001461C,1ZMLH8300204F0,1Z6PH74DAP0QN7,"Corona, CA",728.3,5.7,137.7,8.547347,2.013246,0,0,DJI Matrice 300 RTK,M300 RTK,1ZN7L4R0H1D00F,1W9DL31001461C,1ZMLH8300204F0,1Z6PH74DAP0QN7,DJI Pilot,Android,7.0.2,1EF72A62-B7C3-C88D-164E-CE6F8C8424AE,1ZN7L4R0H1D00F,1W9DL31001461C,,1ZMLH8300204F0,1W9DL31001461C,,,,,
2023-11-01,11:29:20.44 AM,4m 58.1s,298.1,33.8009663207171,-117.4718545070179,135.4,137.7,17.3,1399,2257.0,6.514067,6.94893,-6.263432,2.23694,-1.789552,1.342164,0,0.447388,-3.1,0,3.1,-164.4,195.6,194.0,Tripod,Other,,23,5,True,,True,False,,Smart,RC,False,True,False,,,True,,False,False,False,False,False,False,False,False,False,False,0,Follow Yaw,-77.9,0,-172.4,187.6,False,False,False,False,False,,0,0,False,False,No Card,100,100,1024,1374,942,1024,2,False,False,False,False,False,0,False,False,False,False,84,,47.364,,8436,,10044,,47.364,,True,3.947,3.947,3.947,3.947,3.947,3.947,3.947,3.947,3.947,3.947,3.947,3.947,0,,False,False,True,,,,,,,,,,,,,,,False,False,18.83,,93.3,,75.7,,93.3,,1595,65,13,18,8,142438.3,18991.78,,Idle,,20,,10,,,20,Go Home,False,False,False,False,False,False,False,False,False,False,False,False,33.8027920380556,-117.4659261431046,1916.6,2972.0,1049.4,396.9,True,1,1,False,False,False,False,,True,False,False,Course Lock,196.8,67,16.4,93,E,W,2.68,11.4,Calm,False,False,Android,7.0.2,M300 RTK,1ZN7L4R0H1D00F,1W9DL31001461C,1ZMLH8300204F0,1Z6PH74DAP0QN7,"Corona, CA",728.3,5.7,137.7,8.547347,2.013246,0,0,DJI Matrice 300 RTK,M300 RTK,1ZN7L4R0H1D00F,1W9DL31001461C,1ZMLH8300204F0,1Z6PH74DAP0QN7,DJI Pilot,Android,7.0.2,1EF72A62-B7C3-C88D-164E-CE6F8C8424AE,1ZN7L4R0H1D00F,1W9DL31001461C,,1ZMLH8300204F0,1W9DL31001461C,,,,,
2023-11-01,11:29:20.54 AM,4m 58.2s,298.2,33.8009636983973,-117.4718553428952,135.4,137.7,17.3,1399,2258.0,6.729435,6.94893,-6.487126,2.23694,-1.789552,1.342164,0,0.447388,-3,-0.2,3,-164.3,195.7,194.8,Tripod,Other,,23,5,True,,True,False,,Smart,RC,False,True,False,,,True,,False,False,False,False,False,False,False,False,False,False,0,Follow Yaw,-77.9,0,-172.4,187.6,False,False,False,False,False,,0,0,False,False,No Card,100,100,1024,1360,941,1024,2,False,False,False,False,False,0,False,False,False,False,84,,47.364,,8436,,10044,,47.364,,True,3.947,3.947,3.947,3.947,3.947,3.947,3.947,3.947,3.947,3.947,3.947,3.947,0,,False,False,True,,,,,,,,,,,,,,,False,False,18.83,,93.3,,75.7,,93.3,,1595,65,13,18,8,142438.3,18991.78,,Idle,,20,,10,,,20,Go Home,False,False,False,False,False,False,False,False,False,False,False,False,33.8027920380556,-117.4659261431046,1917.1,2972.0,1049.4,396.9,True,1,1,False,False,False,False,,True,False,False,Course Lock,196.8,67,16.4,93,E,W,2.68,11.4,Calm,False,False,Android,7.0.2,M300 RTK,1ZN7L4R0H1D00F,1W9DL31001461C,1ZMLH8300204F0,1Z6PH74DAP0QN7,"Corona, CA",728.3,5.7,137.7,8.547347,2.013246,0,0,DJI Matrice 300 RTK,M300 RTK,1ZN7L4R0H1D00F,1W9DL31001461C,1ZMLH8300204F0,1Z6PH74DAP0QN7,DJI Pilot,Android,7.0.2,1EF72A62-B7C3-C88D-164E-CE6F8C8424AE,1ZN7L4R0H1D00F,1W9DL31001461C,,1ZMLH8300204F0,1W9DL31001461C,,,,,
2023-11-01,11:29:20.64 AM,4m 58.3s,298.3,33.8009609126966,-117.4718562647021,135.4,137.7,17.3,1399,2259.1,6.729435,6.94893,-6.487126,2.23694,-1.789552,1.342164,0,0.447388,-2.6,-0.4,2.6,-164.4,195.6,195.3,Tripod,Other,,23,5,True,,True,False,,Smart,RC,False,True,False,,,True,,False,False,False,False,False,False,False,False,False,False,0,Follow Yaw,-77.9,0,-172.4,187.6,False,False,False,False,False,,0,0,False,False,No Card,100,100,1024,1359,948,1024,2,False,False,False,False,False,0,False,False,False,False,84,,47.364,,8436,,10044,,47.364,,True,3.945,3.945,3.945,3.945,3.945,3.945,3.945,3.945,3.945,3.945,3.945,3.945,0,,False,False,True,,,,,,,,,,,,,,,False,False,18.83,,93.3,,75.7,,93.3,,1596,65,13,18,8,142282.2,18970.97,,Idle,,20,,10,,,20,Go Home,False,False,False,False,False,False,False,False,False,False,False,False,33.8027920380556,-117.4659261431046,1917.8,2972.0,1049.4,396.9,True,1,1,False,False,False,False,,True,False,False,Course Lock,196.8,67,16.4,93,E,W,2.68,11.4,Calm,False,False,Android,7.0.2,M300 RTK,1ZN7L4R0H1D00F,1W9DL31001461C,1ZMLH8300204F0,1Z6PH74DAP0QN7,"Corona, CA",728.3,5.7,137.7,8.547347,2.013246,0,0,DJI Matrice 300 RTK,M300 RTK,1ZN7L4R0H1D00F,1W9DL31001461C,1ZMLH8300204F0,1Z6PH74DAP0QN7,DJI Pilot,Android,7.0.2,1EF72A62-B7C3-C88D-164E-CE6F8C8424AE,1ZN7L4R0H1D00F,1W9DL31001461C,,1ZMLH8300204F0,1W9DL31001461C,,,,,
2023-11-01,11:29:20.74 AM,4m 58.4s,298.4,33.800958269543,-117.4718571051974,135.4,137.7,17.3,1399,2260.1,6.729435,6.94893,-6.487126,2.23694,-1.789552,1.342164,0,0.447388,-2.2,-0.6,2.2,-164.4,195.6,194.8,Tripod,Other,,23,5,True,,True,False,,Smart,RC,False,True,False,,,True,,False,False,False,False,False,False,False,False,False,False,0,Follow Yaw,-77.9,0,-172.4,187.6,False,False,False,False,False,,0,0,False,False,No Card,100,100,1024,1370,956,1024,2,False,False,False,False,False,0,False,False,False,False,84,,47.364,,8436,,10044,,47.364,,True,3.945,3.945,3.945,3.945,3.945,3.945,3.945,3.945,3.945,3.945,3.945,3.945,0,,False,False,True,,,,,,,,,,,,,,,False,False,18.83,,93.3,,75.7,,93.3,,1596,65,13,18,8,142282.2,18970.97,,Idle,,20,,10,,,20,Go Home,False,False,False,False,False,False,False,False,False,False,False,False,33.8027920380556,-117.4659261431046,1918.3,2972.0,1049.4,396.9,True,1,1,False,False,False,False,,True,False,False,Course Lock,196.8,67,16.4,93,E,W,2.68,11.4,Calm,False,False,Android,7.0.2,M300 RTK,1ZN7L4R0H1D00F,1W9DL31001461C,1ZMLH8300204F0,1Z6PH74DAP0QN7,"Corona, CA",728.3,5.7,137.7,8.547347,2.013246,0,0,DJI Matrice 300 RTK,M300 RTK,1ZN7L4R0H1D00F,1W9DL31001461C,1ZMLH8300204F0,1Z6PH74DAP0QN7,DJI Pilot,Android,7.0.2,1EF72A62-B7C3-C88D-164E-CE6F8C8424AE,1ZN7L4R0H1D00F,1W9DL31001461C,,1ZMLH8300204F0,1W9DL31001461C,,,,,
2023-11-01,11:29:20.84 AM,4m 58.5s,298.5,33.8009555397646,-117.471857988905,135.4,137.7,17.3,1399,2261.1,6.729435,6.94893,-6.487126,2.23694,-1.789552,1.342164,0,0.447388,-2.1,-0.6,2.1,-164.5,195.5,195.0,Tripod,Other,,23,5,True,,True,False,,Smart,RC,False,True,False,,,True,,False,False,False,False,False,False,False,False,False,False,0,Follow Yaw,-77.9,0,-172.4,187.6,False,False,False,False,False,,0,0,False,False,No Card,100,100,1024,1359,945,1024,2,False,False,False,False,False,0,False,False,False,False,84,,47.364,,8436,,10044,,47.364,,True,3.945,3.945,3.945,3.945,3.945,3.945,3.945,3.945,3.945,3.945,3.945,3.945,0,,False,False,True,,,,,,,,,,,,,,,False,False,18.83,,93.3,,75.7,,93.3,,1596,65,13,18,8,142282.2,18970.97,,Idle,,20,,10,,,20,Go Home,False,False,False,False,False,False,False,False,False,False,False,False,33.8027920380556,-117.4659261431046,1918.9,2972.0,1049.4,396.9,True,1,1,False,False,False,False,,True,False,False,Course Lock,196.8,67,16.4,93,E,W,2.68,11.4,Calm,False,False,Android,7.0.2,M300 RTK,1ZN7L4R0H1D00F,1W9DL31001461C,1ZMLH8300204F0,1Z6PH74DAP0QN7,"Corona, CA",728.3,5.7,137.7,8.547347,2.013246,0,0,DJI Matrice 300 RTK,M300 RTK,1ZN7L4R0H1D00F,1W9DL31001461C,1ZMLH8300204F0,1Z6PH74DAP0QN7,DJI Pilot,Android,7.0.2,1EF72A62-B7C3-C88D-164E-CE6F8C8424AE,1ZN7L4R0H1D00F,1W9DL31001461C,,1ZMLH8300204F0,1W9DL31001461C,,,,,
2023-11-01,11:29:20.95 AM,4m 58.6s,298.6,33.8009528971594,-117.4718588152162,135.4,137.7,17.3,1399,2262.1,6.729435,6.94893,-6.487126,2.23694,-1.789552,1.342164,0,0.447388,-2,-0.5,2,-164.5,195.5,194.5,Tripod,Other,,23,5,True,,True,False,,Smart,RC,False,True,False,,,True,,False,False,False,False,False,False,False,False,False,False,0,Follow Yaw,-77.9,0,-172.4,187.6,False,False,False,False,False,,0,0,False,False,No Card,100,100,1024,1366,949,1024,2,False,False,False,False,False,0,False,False,False,False,84,,47.364,,8436,,10044,,47.364,,True,3.945,3.945,3.945,3.945,3.945,3.945,3.945,3.945,3.945,3.945,3.945,3.945,0,,False,False,True,,,,,,,,,,,,,,,False,False,18.83,,93.3,,75.7,,93.3,,1596,65,13,18,8,142282.2,18970.97,,Idle,,20,,10,,,20,Go Home,False,False,False,False,False,False,False,False,False,False,False,False,33.8027920380556,-117.4659261431046,1919.5,2972.0,1049.4,396.9,True,1,1,False,False,False,False,,True,False,False,Course Lock,196.8,67,16.4,93,E,W,2.68,11.4,Calm,False,False,Android,7.0.2,M300 RTK,1ZN7L4R0H1D00F,1W9DL31001461C,1ZMLH8300204F0,1Z6PH74DAP0QN7,"Corona, CA",728.3,5.7,137.7,8.547347,2.013246,0,0,DJI Matrice 300 RTK,M300 RTK,1ZN7L4R0H1D00F,1W9DL31001461C,1ZMLH8300204F0,1Z6PH74DAP0QN7,DJI Pilot,Android,7.0.2,1EF72A62-B7C3-C88D-164E-CE6F8C8424AE,1ZN7L4R0H1D00F,1W9DL31001461C,,1ZMLH8300204F0,1W9DL31001461C,,,,,
2023-11-01,11:29:21.05 AM,4m 58.7s,298.7,33.8009502430406,-117.4718594817079,135.4,137.7,17.3,1399,2263.1,6.673433,6.94893,-6.487126,2.23694,-1.565858,1.342164,0,0.447388,-2.1,-0.3,2.1,-164.5,195.5,191.7,Tripod,Other,,23,5,True,,True,False,,Smart,RC,False,True,False,,,True,,False,False,False,False,False,False,False,False,False,False,0,Follow Yaw,-77.9,0,-172.4,187.6,False,False,False,False,False,,0,0,False,False,No Card,100,100,1024,1363,947,1024,2,False,False,False,False,False,0,False,False,False,False,84,,47.364,,8436,,10044,,47.364,,True,3.945,3.945,3.945,3.945,3.945,3.945,3.945,3.945,3.945,3.945,3.945,3.945,0,,False,False,True,,,,,,,,,,,,,,,False,False,18.83,,93.3,,75.7,,93.3,,1596,65,13,18,8,142282.2,18970.97,,Idle,,20,,10,,,20,Go Home,False,False,False,False,False,False,False,False,False,False,False,False,33.8027920380556,-117.4659261431046,1920.0,2972.0,1049.4,396.9,True,1,1,False,False,False,False,,True,False,False,Course Lock,196.8,67,16.4,93,E,W,2.68,11.4,Calm,False,False,Android,7.0.2,M300 RTK,1ZN7L4R0H1D00F,1W9DL31001461C,1ZMLH8300204F0,1Z6PH74DAP0QN7,"Corona, CA",728.3,5.7,137.7,8.547347,2.013246,0,0,DJI Matrice 300 RTK,M300 RTK,1ZN7L4R0H1D00F,1W9DL31001461C,1ZMLH8300204F0,1Z6PH74DAP0QN7,DJI Pilot,Android,7.0.2,1EF72A62-B7C3-C88D-164E-CE6F8C8424AE,1ZN7L4R0H1D00F,1W9DL31001461C,,1ZMLH8300204F0,1W9DL31001461C,,,,,
2023-11-01,11:29:21.15 AM,4m 58.8s,298.8,33.8009476097557,-117.4718602897116,135.4,137.7,17.7,1399,2264.1,6.456197,6.94893,-6.263432,2.23694,-1.565858,1.342164,0,0.447388,-2.1,-0.2,2.1,-164.5,195.5,194.3,Tripod,Other,,22,5,True,,True,False,,Smart,RC,False,True,False,,,True,,False,False,False,False,False,False,False,False,False,False,0,Follow Yaw,-77.9,0,-172.4,187.6,False,False,False,False,False,,0,0,False,False,No Card,100,100,1024,1358,946,1024,2,False,False,False,False,False,0,False,False,False,False,84,,47.364,,8436,,10044,,47.364,,True,3.945,3.945,3.945,3.945,3.945,3.945,3.945,3.945,3.945,3.945,3.945,3.945,0,,False,False,True,,,,,,,,,,,,,,,False,False,18.83,,93.3,,75.7,,93.3,,1596,65,13,18,8,142282.2,18970.97,,Idle,,20,,10,,,20,Go Home,False,False,False,False,False,False,False,False,False,False,False,False,33.8027920380556,-117.4659261431046,1920.6,2972.0,1049.4,396.9,True,1,1,False,False,False,False,,True,False,False,Course Lock,196.8,67,16.4,93,E,W,2.68,11.4,Calm,False,False,Android,7.0.2,M300 RTK,1ZN7L4R0H1D00F,1W9DL31001461C,1ZMLH8300204F0,1Z6PH74DAP0QN7,"Corona, CA",728.3,5.7,137.7,8.547347,2.013246,0,0,DJI Matrice 300 RTK,M300 RTK,1ZN7L4R0H1D00F,1W9DL31001461C,1ZMLH8300204F0,1Z6PH74DAP0QN7,DJI Pilot,Android,7.0.2,1EF72A62-B7C3-C88D-164E-CE6F8C8424AE,1ZN7L4R0H1D00F,1W9DL31001461C,,1ZMLH8300204F0,1W9DL31001461C,,,,,
2023-11-01,11:29:21.26 AM,4m 58.9s,298.9,33.8009449835982,-117.4718609966116,135.4,137.7,17.7,1399,2265.1,6.456197,6.94893,-6.263432,2.23694,-1.565858,1.342164,0,0.447388,-2.2,-0.2,2.2,-164.5,195.5,192.6,Tripod,Other,,22,5,True,,True,False,,Smart,RC,False,True,False,,,True,,False,False,False,False,False,False,False,False,False,False,0,Follow Yaw,-77.9,0,-172.4,187.6,False,False,False,False,False,,0,0,False,False,No Card,100,100,1024,1365,943,1024,2,False,False,False,False,False,0,False,False,False,False,84,,47.364,,8436,,10044,,47.364,,True,3.945,3.945,3.945,3.945,3.945,3.945,3.945,3.945,3.945,3.945,3.945,3.945,0,,False,False,True,,,,,,,,,,,,,,,False,False,18.83,,93.3,,75.7,,93.3,,1596,65,13,18,8,142282.2,18970.97,,Idle,,20,,10,,,20,Go Home,False,False,False,False,False,False,False,False,False,False,False,False,33.8027920380556,-117.4659261431046,1921.1,2972.0,1049.4,396.9,True,1,1,False,False,False,False,,True,False,False,Course Lock,196.8,67,16.4,93,E,W,2.68,11.4,Calm,False,False,Android,7.0.2,M300 RTK,1ZN7L4R0H1D00F,1W9DL31001461C,1ZMLH8300204F0,1Z6PH74DAP0QN7,"Corona, CA",728.3,5.7,137.7,8.547347,2.013246,0,0,DJI Matrice 300 RTK,M300 RTK,1ZN7L4R0H1D00F,1W9DL31001461C,1ZMLH8300204F0,1Z6PH74DAP0QN7,DJI Pilot,Android,7.0.2,1EF72A62-B7C3-C88D-164E-CE6F8C8424AE,1ZN7L4R0H1D00F,1W9DL31001461C,,1ZMLH8300204F0,1W9DL31001461C,,,,,
2023-11-01,11:29:21.36 AM,4m 59.0s,299.0,33.8009423557958,-117.4718617924103,135.4,137.7,17.7,1399,2266.1,6.456197,6.94893,-6.263432,2.23694,-1.565858,1.342164,0,0.447388,-2.2,-0.2,2.2,-164.5,195.5,194.1,Tripod,Other,,22,5,True,,True,False,,Smart,RC,False,True,False,,,True,,False,False,False,False,False,False,False,False,False,False,0,Follow Yaw,-77.9,0,-172.4,187.6,False,False,False,False,False,,0,0,False,False,No Card,100,100,1024,1377,939,1024,2,False,False,False,False,False,0,False,False,False,False,84,,47.364,,8436,,10044,,47.364,,True,3.945,3.945,3.945,3.945,3.945,3.945,3.945,3.945,3.945,3.945,3.945,3.945,0,,False,False,True,,,,,,,,,,,,,,,False,False,18.656,,93.3,,75.7,,93.3,,1596,65,13,18,8,142282.2,18970.97,,Idle,,20,,10,,,20,Go Home,False,False,False,False,False,False,False,False,False,False,False,False,33.8027920380556,-117.4659261431046,1921.7,2972.0,1049.4,396.9,True,1,1,False,False,False,False,,True,False,False,Course Lock,196.8,67,16.4,93,E,W,2.68,11.4,Calm,False,False,Android,7.0.2,M300 RTK,1ZN7L4R0H1D00F,1W9DL31001461C,1ZMLH8300204F0,1Z6PH74DAP0QN7,"Corona, CA",728.3,5.7,137.7,8.547347,2.013246,0,0,DJI Matrice 300 RTK,M300 RTK,1ZN7L4R0H1D00F,1W9DL31001461C,1ZMLH8300204F0,1Z6PH74DAP0QN7,DJI Pilot,Android,7.0.2,1EF72A62-B7C3-C88D-164E-CE6F8C8424AE,1ZN7L4R0H1D00F,1W9DL31001461C,,1ZMLH8300204F0,1W9DL31001461C,,,,,
2023-11-01,11:29:21.46 AM,4m 59.1s,299.1,33.8009398804093,-117.4718627254327,135.4,137.7,17.7,1399,2267.0,6.456197,6.94893,-6.263432,2.23694,-1.565858,1.342164,0,0.447388,-2.3,-0.2,2.3,-164.4,195.6,197.3,Tripod,Other,,22,5,True,,True,False,,Smart,RC,False,True,False,,,True,,False,False,False,False,False,False,False,False,False,False,0,Follow Yaw,-77.9,0,-172.4,187.6,False,False,False,False,False,,0,0,False,False,No Card,100,100,1024,1365,946,1024,2,False,False,False,False,False,0,False,False,False,False,84,,47.364,,8436,,10044,,47.364,,True,3.945,3.945,3.945,3.945,3.945,3.945,3.945,3.945,3.945,3.945,3.945,3.945,0,,False,False,True,,,,,,,,,,,,,,,False,False,18.656,,93.3,,75.7,,93.3,,1596,65,13,18,8,142282.2,18970.97,,Idle,,20,,10,,,20,Go Home,False,False,False,False,False,False,False,False,False,False,False,False,33.8027920380556,-117.4659261431046,1922.3,2972.0,1049.4,396.9,True,1,1,False,False,False,False,,True,False,False,Course Lock,196.8,67,16.4,93,E,W,2.68,11.4,Calm,False,False,Android,7.0.2,M300 RTK,1ZN7L4R0H1D00F,1W9DL31001461C,1ZMLH8300204F0,1Z6PH74DAP0QN7,"Corona, CA",728.3,5.7,137.7,8.547347,2.013246,0,0,DJI Matrice 300 RTK,M300 RTK,1ZN7L4R0H1D00F,1W9DL31001461C,1ZMLH8300204F0,1Z6PH74DAP0QN7,DJI Pilot,Android,7.0.2,1EF72A62-B7C3-C88D-164E-CE6F8C8424AE,1ZN7L4R0H1D00F,1W9DL31001461C,,1ZMLH8300204F0,1W9DL31001461C,,,,,
2023-11-01,11:29:21.56 AM,4m 59.2s,299.2,33.8009372734408,-117.4718635360752,135.4,137.7,17.7,1399,2268.0,6.456197,6.94893,-6.263432,2.23694,-1.565858,1.342164,0,0.447388,-2.4,-0.2,2.4,-164.3,195.7,194.4,Tripod,Other,,22,5,True,,True,False,,Smart,RC,False,True,False,,,True,,False,False,False,False,False,False,False,False,False,False,0,Follow Yaw,-77.9,0,-172.4,187.6,False,False,False,False,False,,0,0,False,False,No Card,100,100,1024,1366,951,1024,2,False,False,False,False,False,0,False,False,False,False,84,,47.364,,8436,,10044,,47.364,,True,3.945,3.945,3.945,3.945,3.945,3.945,3.945,3.945,3.945,3.945,3.945,3.945,0,,False,False,True,,,,,,,,,,,,,,,False,False,18.656,,93.3,,75.7,,93.3,,1596,65,13,18,8,142282.2,18970.97,,Idle,,20,,10,,,20,Go Home,False,False,False,False,False,False,False,False,False,False,False,False,33.8027920380556,-117.4659261431046,1922.8,2972.0,1049.4,396.9,True,1,1,False,False,False,False,,True,False,False,Course Lock,196.8,67,16.4,93,E,W,2.68,11.4,Calm,False,False,Android,7.0.2,M300 RTK,1ZN7L4R0H1D00F,1W9DL31001461C,1ZMLH8300204F0,1Z6PH74DAP0QN7,"Corona, CA",728.3,5.7,137.7,8.547347,2.013246,0,0,DJI Matrice 300 RTK,M300 RTK,1ZN7L4R0H1D00F,1W9DL31001461C,1ZMLH8300204F0,1Z6PH74DAP0QN7,DJI Pilot,Android,7.0.2,1EF72A62-B7C3-C88D-164E-CE6F8C8424AE,1ZN7L4R0H1D00F,1W9DL31001461C,,1ZMLH8300204F0,1W9DL31001461C,,,,,
2023-11-01,11:29:21.67 AM,4m 59.3s,299.3,33.8009345803958,-117.4718643185144,135.4,137.7,17.7,1399,2269.0,6.456197,6.94893,-6.263432,2.23694,-1.565858,1.342164,0,0.447388,-2.5,-0.3,2.5,-164.3,195.7,193.5,Tripod,Other,,22,5,True,,True,False,,Smart,RC,False,True,False,,,True,,False,False,False,False,False,False,False,False,False,False,0,Follow Yaw,-77.9,0,-172.4,187.6,False,False,False,False,False,,0,0,False,False,No Card,100,100,1024,1360,952,1024,2,False,False,False,False,False,0,False,False,False,False,84,,47.364,,8436,,10044,,47.364,,True,3.946,3.946,3.946,3.946,3.946,3.946,3.946,3.946,3.946,3.946,3.946,3.946,0,,False,False,True,,,,,,,,,,,,,,,False,False,18.656,,93.3,,75.7,,93.3,,1596,65,13,18,8,142080.0,18944.01,,Idle,,20,,10,,,20,Go Home,False,False,False,False,False,False,False,False,False,False,False,False,33.8027920380556,-117.4659261431046,1923.4,2972.0,1049.4,396.9,True,1,1,False,False,False,False,,True,False,False,Course Lock,196.8,67,16.4,93,E,W,2.68,11.4,Calm,False,False,Android,7.0.2,M300 RTK,1ZN7L4R0H1D00F,1W9DL31001461C,1ZMLH8300204F0,1Z6PH74DAP0QN7,"Corona, CA",728.3,5.7,137.7,8.547347,2.013246,0,0,DJI Matrice 300 RTK,M300 RTK,1ZN7L4R0H1D00F,1W9DL31001461C,1ZMLH8300204F0,1Z6PH74DAP0QN7,DJI Pilot,Android,7.0.2,1EF72A62-B7C3-C88D-164E-CE6F8C8424AE,1ZN7L4R0H1D00F,1W9DL31001461C,,1ZMLH8300204F0,1W9DL31001461C,,,,,
2023-11-01,11:29:21.77 AM,4m 59.4s,299.4,33.800931970686,-117.4718651327855,135.4,137.7,17.7,1399,2270.0,6.456197,6.94893,-6.263432,2.23694,-1.565858,1.342164,0,0.447388,-2.4,-0.3,2.4,-164.3,195.7,194.5,Tripod,Other,,22,5,True,,True,False,,Smart,RC,False,True,False,,,True,,False,False,False,False,False,False,False,False,False,False,0,Follow Yaw,-77.9,0,-172.4,187.6,False,False,False,False,False,,0,0,False,False,No Card,100,100,1024,1351,953,1035,2,False,False,False,False,False,0,False,False,False,False,84,,47.364,,8436,,10044,,47.364,,True,3.946,3.946,3.946,3.946,3.946,3.946,3.946,3.946,3.946,3.946,3.946,3.946,0,,False,False,True,,,,,,,,,,,,,,,False,False,18.656,,93.3,,75.7,,93.3,,1596,65,13,18,8,142080.0,18944.01,,Idle,,20,,10,,,20,Go Home,False,False,False,False,False,False,False,False,False,False,False,False,33.8027920380556,-117.4659261431046,1924.0,2972.0,1049.4,396.9,True,1,1,False,False,False,False,,True,False,False,Course Lock,196.8,67,16.4,93,E,W,2.68,11.4,Calm,False,False,Android,7.0.2,M300 RTK,1ZN7L4R0H1D00F,1W9DL31001461C,1ZMLH8300204F0,1Z6PH74DAP0QN7,"Corona, CA",728.3,5.7,137.7,8.547347,2.013246,0,0,DJI Matrice 300 RTK,M300 RTK,1ZN7L4R0H1D00F,1W9DL31001461C,1ZMLH8300204F0,1Z6PH74DAP0QN7,DJI Pilot,Android,7.0.2,1EF72A62-B7C3-C88D-164E-CE6F8C8424AE,1ZN7L4R0H1D00F,1W9DL31001461C,,1ZMLH8300204F0,1W9DL31001461C,,,,,
2023-11-01,11:29:21.84 AM,4m 59.5s,299.5,33.8009294081264,-117.4718659447475,135.4,137.7,17.7,1399,2271.0,6.456197,6.94893,-6.263432,2.23694,-1.565858,1.342164,0,0.447388,-2.2,-0.5,2.2,-164.3,195.7,194.7,Tripod,Other,,22,5,True,,True,False,,Smart,RC,False,True,False,,,True,,False,False,False,False,False,False,False,False,False,False,0,Follow Yaw,-77.9,0,-172.4,187.6,False,False,False,False,False,,0,0,False,False,No Card,100,100,1024,1350,958,1038,2,False,False,False,False,False,0,False,False,False,False,84,,47.364,,8436,,10044,,47.364,,True,3.946,3.946,3.946,3.946,3.946,3.946,3.946,3.946,3.946,3.946,3.946,3.946,0,,False,False,True,,,,,,,,,,,,,,,False,False,18.656,,93.3,,75.7,,93.3,,1596,65,13,18,8,142080.0,18944.01,,Idle,,20,,10,,,20,Go Home,False,False,False,False,False,False,False,False,False,False,False,False,33.8027920380556,-117.4659261431046,1924.5,2972.0,1049.4,396.9,True,1,1,False,False,False,False,,True,False,False,Course Lock,196.8,67,16.4,93,E,W,2.68,11.4,Calm,False,False,Android,7.0.2,M300 RTK,1ZN7L4R0H1D00F,1W9DL31001461C,1ZMLH8300204F0,1Z6PH74DAP0QN7,"Corona, CA",728.3,5.7,137.7,8.547347,2.013246,0,0,DJI Matrice 300 RTK,M300 RTK,1ZN7L4R0H1D00F,1W9DL31001461C,1ZMLH8300204F0,1Z6PH74DAP0QN7,DJI Pilot,Android,7.0.2,1EF72A62-B7C3-C88D-164E-CE6F8C8424AE,1ZN7L4R0H1D00F,1W9DL31001461C,,1ZMLH8300204F0,1W9DL31001461C,,,,,
2023-11-01,11:29:21.94 AM,4m 59.6s,299.6,33.8009268093818,-117.4718667497824,135.4,137.7,17.7,1399,2271.9,6.456197,6.94893,-6.263432,2.23694,-1.565858,1.342164,0,0.447388,-2.1,-0.4,2.1,-164.3,195.7,194.4,Tripod,Other,,22,5,True,,True,False,,Smart,RC,False,True,False,,,True,,False,False,False,False,False,False,False,False,False,False,0,Follow Yaw,-77.9,0,-172.4,187.6,False,False,False,False,False,,0,0,False,False,No Card,100,100,1024,1355,946,1039,2,False,False,False,False,False,0,False,False,False,False,84,,47.364,,8436,,10044,,47.364,,True,3.946,3.946,3.946,3.946,3.946,3.946,3.946,3.946,3.946,3.946,3.946,3.946,0,,False,False,True,,,,,,,,,,,,,,,False,False,18.656,,93.3,,75.7,,93.3,,1596,65,13,18,8,142080.0,18944.01,,Idle,,20,,10,,,20,Go Home,False,False,False,False,False,False,False,False,False,False,False,False,33.8027920380556,-117.4659261431046,1925.1,2972.0,1049.4,396.9,True,1,1,False,False,False,False,,True,False,False,Course Lock,196.8,67,16.4,93,E,W,2.68,11.4,Calm,False,False,Android,7.0.2,M300 RTK,1ZN7L4R0H1D00F,1W9DL31001461C,1ZMLH8300204F0,1Z6PH74DAP0QN7,"Corona, CA",728.3,5.7,137.7,8.547347,2.013246,0,0,DJI Matrice 300 RTK,M300 RTK,1ZN7L4R0H1D00F,1W9DL31001461C,1ZMLH8300204F0,1Z6PH74DAP0QN7,DJI Pilot,Android,7.0.2,1EF72A62-B7C3-C88D-164E-CE6F8C8424AE,1ZN7L4R0H1D00F,1W9DL31001461C,,1ZMLH8300204F0,1W9DL31001461C,,,,,
2023-11-01,11:29:22.04 AM,4m 59.7s,299.7,33.8009240741208,-117.4718673808136,135.4,137.7,18.0,1399,2272.9,6.456197,6.94893,-6.263432,2.23694,-1.565858,1.342164,0,0.447388,-2,-0.2,2,-164.2,195.8,190.8,Tripod,Other,,22,5,True,,True,False,,Smart,RC,False,True,False,,,True,,False,False,False,False,False,False,False,False,False,False,0,Follow Yaw,-77.9,0,-172.4,187.6,False,False,False,False,False,,0,0,False,False,No Card,100,100,1024,1358,938,1038,2,False,False,False,False,False,0,False,False,False,False,84,,47.364,,4188,,4986,,47.364,,True,3.946,3.946,3.946,3.946,3.946,3.946,3.946,3.946,3.946,3.946,3.946,3.946,0,,False,False,True,,,,,,,,,,,,,,,False,False,9.136,,93.3,,75.7,,93.3,,1596,65,13,18,8,142080.0,18944.01,,Idle,,20,,10,,,20,Go Home,False,False,False,False,False,False,False,False,False,False,False,False,33.8027920380556,-117.4659261431046,1925.6,2972.0,1049.4,396.9,True,1,1,False,False,False,False,,True,False,False,Course Lock,196.8,67,16.4,93,E,W,2.68,11.4,Calm,False,False,Android,7.0.2,M300 RTK,1ZN7L4R0H1D00F,1W9DL31001461C,1ZMLH8300204F0,1Z6PH74DAP0QN7,"Corona, CA",728.3,5.7,137.7,8.547347,2.013246,0,0,DJI Matrice 300 RTK,M300 RTK,1ZN7L4R0H1D00F,1W9DL31001461C,1ZMLH8300204F0,1Z6PH74DAP0QN7,DJI Pilot,Android,7.0.2,1EF72A62-B7C3-C88D-164E-CE6F8C8424AE,1ZN7L4R0H1D00F,1W9DL31001461C,,1ZMLH8300204F0,1W9DL31001461C,,,,,
2023-11-01,11:29:22.14 AM,4m 59.8s,299.8,33.8009214731831,-117.4718681667163,135.4,137.7,18.0,1399,2273.9,6.456197,6.94893,-6.263432,2.23694,-1.565858,1.342164,0,0.447388,-2.1,0,2.1,-164.2,195.8,194.0,Tripod,Other,,22,5,True,,True,False,,Smart,RC,False,True,False,,,True,,False,False,False,False,False,False,False,False,False,False,0,Follow Yaw,-77.9,0,-172.4,187.6,False,False,False,False,False,,0,0,False,False,No Card,100,100,1024,1356,946,1028,2,False,False,False,False,False,0,False,False,False,False,84,,47.364,,4188,,4986,,47.364,,True,3.946,3.946,3.946,3.946,3.946,3.946,3.946,3.946,3.946,3.946,3.946,3.946,0,,False,False,True,,,,,,,,,,,,,,,False,False,9.136,,93.3,,75.7,,93.3,,1596,65,13,18,8,142080.0,18944.01,,Idle,,20,,10,,,20,Go Home,False,False,False,False,False,False,False,False,False,False,False,False,33.8027920380556,-117.4659261431046,1926.2,2972.0,1049.4,396.9,True,1,1,False,False,False,False,,True,False,False,Course Lock,196.8,67,16.4,93,E,W,2.68,11.4,Calm,False,False,Android,7.0.2,M300 RTK,1ZN7L4R0H1D00F,1W9DL31001461C,1ZMLH8300204F0,1Z6PH74DAP0QN7,"Corona, CA",728.3,5.7,137.7,8.547347,2.013246,0,0,DJI Matrice 300 RTK,M300 RTK,1ZN7L4R0H1D00F,1W9DL31001461C,1ZMLH8300204F0,1Z6PH74DAP0QN7,DJI Pilot,Android,7.0.2,1EF72A62-B7C3-C88D-164E-CE6F8C8424AE,1ZN7L4R0H1D00F,1W9DL31001461C,,1ZMLH8300204F0,1W9DL31001461C,,,,,
2023-11-01,11:29:22.24 AM,4m 59.9s,299.9,33.800919089904,-117.4718691172216,135.4,137.7,18.0,1399,2274.8,6.456197,6.94893,-6.263432,2.23694,-1.565858,1.342164,0,0.447388,-2.1,0,2.1,-164.1,195.9,198.3,Tripod,Other,,22,5,True,,True,False,,Smart,RC,False,True,False,,,True,,False,False,False,False,False,False,False,False,False,False,0,Follow Yaw,-77.9,0,-172.4,187.6,False,False,False,False,False,,0,0,False,False,No Card,100,100,1024,1351,928,1158,2,False,False,False,False,False,0,False,False,False,False,84,,47.364,,4188,,4986,,47.364,,True,3.946,3.946,3.946,3.946,3.946,3.946,3.946,3.946,3.946,3.946,3.946,3.946,0,,False,False,True,,,,,,,,,,,,,,,False,False,9.136,,93.3,,75.7,,93.3,,1596,65,13,18,8,142080.0,18944.01,,Idle,,20,,10,,,20,Go Home,False,False,False,False,False,False,False,False,False,False,False,False,33.8027920380556,-117.4659261431046,1926.8,2972.0,1049.4,396.9,True,1,1,False,False,False,False,,True,False,False,Course Lock,196.8,67,16.4,93,E,W,2.46,11.4,Calm,False,False,Android,7.0.2,M300 RTK,1ZN7L4R0H1D00F,1W9DL31001461C,1ZMLH8300204F0,1Z6PH74DAP0QN7,"Corona, CA",728.3,5.7,137.7,8.547347,2.013246,0,0,DJI Matrice 300 RTK,M300 RTK,1ZN7L4R0H1D00F,1W9DL31001461C,1ZMLH8300204F0,1Z6PH74DAP0QN7,DJI Pilot,Android,7.0.2,1EF72A62-B7C3-C88D-164E-CE6F8C8424AE,1ZN7L4R0H1D00F,1W9DL31001461C,,1ZMLH8300204F0,1W9DL31001461C,,,,,
2023-11-01,11:29:22.30 AM,5m 0.0s,300.0,33.8009165202171,-117.471869925885,135.4,137.7,18.0,1399,2275.8,6.456197,6.94893,-6.263432,2.23694,-1.565858,1.342164,0,0.447388,-2.1,0,2.1,-164.2,195.8,194.6,Tripod,Other,,22,5,True,,True,False,,Smart,RC,False,True,False,,,True,,False,False,False,False,False,False,False,False,False,False,0,Follow Yaw,-77.9,0,-172.4,187.6,False,False,False,False,False,,0,0,False,False,No Card,100,100,1024,1351,928,1158,2,False,False,False,False,False,0,False,False,False,False,84,,47.388,,8436,,10044,,47.388,,True,3.946,3.946,3.946,3.946,3.946,3.946,3.946,3.946,3.946,3.946,3.946,3.946,0,,False,False,True,,,,,,,,,,,,,,,False,False,18.49,,93.3,,75.7,,93.3,,1596,65,13,18,8,142080.0,18944.01,,Idle,,20,,10,,,20,Go Home,False,False,False,False,False,False,False,False,False,False,False,False,33.8027920380556,-117.4659261431046,1927.3,2972.0,1049.4,396.9,True,1,1,False,False,False,False,,True,False,False,Course Lock,196.8,67,16.4,93,E,W,2.46,11.4,Calm,False,False,Android,7.0.2,M300 RTK,1ZN7L4R0H1D00F,1W9DL31001461C,1ZMLH8300204F0,1Z6PH74DAP0QN7,"Corona, CA",728.3,5.7,137.7,8.547347,2.013246,0,0,DJI Matrice 300 RTK,M300 RTK,1ZN7L4R0H1D00F,1W9DL31001461C,1ZMLH8300204F0,1Z6PH74DAP0QN7,DJI Pilot,Android,7.0.2,1EF72A62-B7C3-C88D-164E-CE6F8C8424AE,1ZN7L4R0H1D00F,1W9DL31001461C,,1ZMLH8300204F0,1W9DL31001461C,,,,,
2023-11-01,11:29:22.40 AM,5m 0.1s,300.1,33.8009139340824,-117.4718707312497,135.4,137.7,18.0,1399,2276.8,6.456197,6.94893,-6.263432,2.23694,-1.565858,1.342164,0,0.447388,-2,-0.2,2,-164.2,195.8,194.5,Tripod,Other,,22,5,True,,True,False,,Smart,RC,False,True,False,,,True,,False,False,False,False,False,False,False,False,False,False,0,Follow Yaw,-77.9,0,-172.3,187.7,False,False,False,False,False,,0,0,False,False,No Card,100,100,1024,1356,929,1177,2,False,False,False,False,False,0,False,False,False,False,84,,47.388,,8436,,10044,,47.388,,True,3.946,3.946,3.946,3.946,3.946,3.946,3.946,3.946,3.946,3.946,3.946,3.946,0,,False,False,True,,,,,,,,,,,,,,,False,False,18.49,,93.3,,75.7,,93.3,,1596,65,13,18,8,142080.0,18944.01,,Idle,,20,,10,,,20,Go Home,False,False,False,False,False,False,False,False,False,False,False,False,33.8027920380556,-117.4659261431046,1927.9,2972.0,1049.4,396.9,True,1,1,False,False,False,False,,True,False,False,Course Lock,196.8,67,16.4,93,E,W,2.46,11.4,Calm,False,False,Android,7.0.2,M300 RTK,1ZN7L4R0H1D00F,1W9DL31001461C,1ZMLH8300204F0,1Z6PH74DAP0QN7,"Corona, CA",728.3,5.7,137.7,8.547347,2.013246,0,0,DJI Matrice 300 RTK,M300 RTK,1ZN7L4R0H1D00F,1W9DL31001461C,1ZMLH8300204F0,1Z6PH74DAP0QN7,DJI Pilot,Android,7.0.2,1EF72A62-B7C3-C88D-164E-CE6F8C8424AE,1ZN7L4R0H1D00F,1W9DL31001461C,,1ZMLH8300204F0,1W9DL31001461C,,,,,
2023-11-01,11:29:22.50 AM,5m 0.2s,300.2,33.8009113748124,-117.4718715364495,135.4,137.7,18.0,1399,2277.8,6.456197,6.94893,-6.263432,2.23694,-1.565858,1.342164,0,0.447388,-1.9,0.1,1.9,-164.2,195.8,194.6,Tripod,Other,,22,5,True,,True,False,,Smart,RC,False,True,False,,,True,,False,False,False,False,False,False,False,False,False,False,0,Follow Yaw,-77.9,0,-172,188,False,False,False,False,False,,0,0,False,False,No Card,100,100,1024,1360,926,1169,2,False,False,False,False,False,0,False,False,False,False,84,,47.388,,8436,,10044,,47.388,,True,3.946,3.946,3.946,3.946,3.946,3.946,3.946,3.946,3.946,3.946,3.946,3.946,0,,False,False,True,,,,,,,,,,,,,,,False,False,18.49,,93.3,,75.7,,93.3,,1596,65,13,18,8,142080.0,18944.01,,Idle,,20,,10,,,20,Go Home,False,False,False,False,False,False,False,False,False,False,False,False,33.8027920380556,-117.4659261431046,1928.4,2972.0,1049.4,396.9,True,1,1,False,False,False,False,,True,False,False,Course Lock,196.8,67,16.4,93,E,W,2.46,11.4,Calm,False,False,Android,7.0.2,M300 RTK,1ZN7L4R0H1D00F,1W9DL31001461C,1ZMLH8300204F0,1Z6PH74DAP0QN7,"Corona, CA",728.3,5.7,137.7,8.547347,2.013246,0,0,DJI Matrice 300 RTK,M300 RTK,1ZN7L4R0H1D00F,1W9DL31001461C,1ZMLH8300204F0,1Z6PH74DAP0QN7,DJI Pilot,Android,7.0.2,1EF72A62-B7C3-C88D-164E-CE6F8C8424AE,1ZN7L4R0H1D00F,1W9DL31001461C,,1ZMLH8300204F0,1W9DL31001461C,,,,,
2023-11-01,11:29:22.64 AM,5m 0.3s,300.3,33.8009087601682,-117.4718723548439,135.4,137.7,18.0,1399,2278.7,6.456197,6.94893,-6.263432,2.23694,-1.565858,1.342164,0,0.447388,-1.8,0.6,1.8,-164.2,195.8,194.5,Tripod,Other,,22,5,True,,True,False,,Smart,RC,False,True,False,,,True,,False,False,False,False,False,False,False,False,False,False,0,Follow Yaw,-77.9,0,-171.7,188.3,False,False,False,False,False,,0,0,False,False,No Card,100,100,1024,1353,927,1199,2,False,False,False,False,False,0,False,False,False,False,84,,47.388,,8436,,10044,,47.388,,True,3.951,3.951,3.951,3.951,3.951,3.951,3.951,3.951,3.951,3.951,3.951,3.951,0,,False,False,True,,,,,,,,,,,,,,,False,False,18.49,,93.3,,75.7,,93.3,,1597,65,13,18,8,141778.0,18903.73,,Idle,,20,,10,,,20,Go Home,False,False,False,False,False,False,False,False,False,False,False,False,33.8027920380556,-117.4659261431046,1929.0,2972.0,1049.4,396.9,True,1,1,False,False,False,False,,True,False,False,Course Lock,196.8,67,16.4,93,E,W,2.46,11.4,Calm,False,False,Android,7.0.2,M300 RTK,1ZN7L4R0H1D00F,1W9DL31001461C,1ZMLH8300204F0,1Z6PH74DAP0QN7,"Corona, CA",728.3,5.7,137.7,8.547347,2.013246,0,0,DJI Matrice 300 RTK,M300 RTK,1ZN7L4R0H1D00F,1W9DL31001461C,1ZMLH8300204F0,1Z6PH74DAP0QN7,DJI Pilot,Android,7.0.2,1EF72A62-B7C3-C88D-164E-CE6F8C8424AE,1ZN7L4R0H1D00F,1W9DL31001461C,,1ZMLH8300204F0,1W9DL31001461C,,,,,
2023-11-01,11:29:22.74 AM,5m 0.4s,300.4,33.8009062146047,-117.4718731773616,135.4,137.7,18.3,1399,2279.7,6.456197,6.94893,-6.263432,2.23694,-1.565858,1.342164,0,0.447388,-1.8,0.9,2,-164,196,195.0,Tripod,Other,,22,5,True,,True,False,,Smart,RC,False,True,False,,,True,,False,False,False,False,False,False,False,False,False,False,0,Follow Yaw,-77.9,0,-171.4,188.6,False,False,False,False,False,,0,0,False,False,No Card,100,100,1024,1355,932,1227,2,False,False,False,False,False,0,False,False,False,False,84,,47.388,,8436,,10044,,47.388,,True,3.951,3.951,3.951,3.951,3.951,3.951,3.951,3.951,3.951,3.951,3.951,3.951,0,,False,False,True,,,,,,,,,,,,,,,False,False,18.49,,93.3,,75.7,,93.3,,1597,65,13,18,8,141778.0,18903.73,,Idle,,20,,10,,,20,Go Home,False,False,False,False,False,False,False,False,False,False,False,False,33.8027920380556,-117.4659261431046,1929.6,2972.0,1049.4,396.9,True,1,1,False,False,False,False,,True,False,False,Course Lock,196.8,67,16.4,93,E,W,2.46,11.4,Calm,False,False,Android,7.0.2,M300 RTK,1ZN7L4R0H1D00F,1W9DL31001461C,1ZMLH8300204F0,1Z6PH74DAP0QN7,"Corona, CA",728.3,5.7,137.7,8.547347,2.013246,0,0,DJI Matrice 300 RTK,M300 RTK,1ZN7L4R0H1D00F,1W9DL31001461C,1ZMLH8300204F0,1Z6PH74DAP0QN7,DJI Pilot,Android,7.0.2,1EF72A62-B7C3-C88D-164E-CE6F8C8424AE,1ZN7L4R0H1D00F,1W9DL31001461C,,1ZMLH8300204F0,1W9DL31001461C,,,,,
2023-11-01,11:29:22.82 AM,5m 0.5s,300.5,33.8009036098292,-117.4718739827264,135.4,137.7,18.3,1399,2280.7,6.29928,6.94893,-6.039738,2.23694,-1.789552,1.342164,0,0.447388,-1.9,1.1,2.1,-163.8,196.2,194.4,Tripod,Other,,22,5,True,,True,False,,Smart,RC,False,True,False,,,True,,False,False,False,False,False,False,False,False,False,False,0,Follow Yaw,-77.9,0,-171,189,False,False,False,False,False,,0,0,False,False,No Card,100,100,1024,1350,932,1230,2,False,False,False,False,False,0,False,False,False,False,84,,47.388,,8436,,10044,,47.388,,True,3.951,3.951,3.951,3.951,3.951,3.951,3.951,3.951,3.951,3.951,3.951,3.951,0,,False,False,True,,,,,,,,,,,,,,,False,False,18.49,,93.3,,75.7,,93.3,,1597,65,13,18,8,141778.0,18903.73,,Idle,,20,,10,,,20,Go Home,False,False,False,False,False,False,False,False,False,False,False,False,33.8027920380556,-117.4659261431046,1930.2,2972.0,1049.4,396.9,True,1,1,False,False,False,False,,True,False,False,Course Lock,196.8,67,16.4,93,E,W,2.46,11.4,Calm,False,False,Android,7.0.2,M300 RTK,1ZN7L4R0H1D00F,1W9DL31001461C,1ZMLH8300204F0,1Z6PH74DAP0QN7,"Corona, CA",728.3,5.7,137.7,8.547347,2.013246,0,0,DJI Matrice 300 RTK,M300 RTK,1ZN7L4R0H1D00F,1W9DL31001461C,1ZMLH8300204F0,1Z6PH74DAP0QN7,DJI Pilot,Android,7.0.2,1EF72A62-B7C3-C88D-164E-CE6F8C8424AE,1ZN7L4R0H1D00F,1W9DL31001461C,,1ZMLH8300204F0,1W9DL31001461C,,,,,
2023-11-01,11:29:22.94 AM,5m 0.6s,300.6,33.8009010807134,-117.4718748436734,135.4,137.7,18.3,1399,2281.6,6.29928,6.94893,-6.039738,2.23694,-1.789552,1.342164,0,0.447388,-2,1.4,2.4,-163.5,196.5,195.7,Tripod,Other,,22,5,True,,True,False,,Smart,RC,False,True,False,,,True,,False,False,False,False,False,False,False,False,False,False,0,Follow Yaw,-77.9,0,-170.6,189.4,False,False,False,False,False,,0,0,False,False,No Card,100,100,1024,1353,930,1226,2,False,False,False,False,False,0,False,False,False,False,84,,47.388,,8436,,10044,,47.388,,True,3.951,3.951,3.951,3.951,3.951,3.951,3.951,3.951,3.951,3.951,3.951,3.951,0,,False,False,True,,,,,,,,,,,,,,,False,False,18.49,,93.3,,75.7,,93.3,,1597,65,13,18,8,141778.0,18903.73,,Idle,,20,,10,,,20,Go Home,False,False,False,False,False,False,False,False,False,False,False,False,33.8027920380556,-117.4659261431046,1930.7,2972.0,1049.4,396.9,True,1,1,False,False,False,False,,True,False,False,Course Lock,196.8,67,16.4,93,E,W,2.46,11.4,Calm,False,False,Android,7.0.2,M300 RTK,1ZN7L4R0H1D00F,1W9DL31001461C,1ZMLH8300204F0,1Z6PH74DAP0QN7,"Corona, CA",728.3,5.7,137.7,8.547347,2.013246,0,0,DJI Matrice 300 RTK,M300 RTK,1ZN7L4R0H1D00F,1W9DL31001461C,1ZMLH8300204F0,1Z6PH74DAP0QN7,DJI Pilot,Android,7.0.2,1EF72A62-B7C3-C88D-164E-CE6F8C8424AE,1ZN7L4R0H1D00F,1W9DL31001461C,,1ZMLH8300204F0,1W9DL31001461C,,,,,
2023-11-01,11:29:23.04 AM,5m 0.7s,300.7,33.8008986206781,-117.4718758712021,135.4,137.7,18.3,1399,2282.6,6.29928,6.94893,-6.039738,2.23694,-1.789552,1.342164,0,0.447388,-2.2,1.5,2.6,-163.1,196.9,199.1,Tripod,Other,,22,5,True,,True,False,,Smart,RC,False,True,False,,,True,,False,False,False,False,False,False,False,False,False,False,0,Follow Yaw,-77.9,0,-170.1,189.9,False,False,False,False,False,,0,0,False,False,No Card,100,100,1024,1354,926,1215,2,False,False,False,False,False,0,False,False,False,False,84,,47.388,,8436,,10044,,47.388,,True,3.951,3.951,3.951,3.951,3.951,3.951,3.951,3.951,3.951,3.951,3.951,3.951,0,,False,False,True,,,,,,,,,,,,,,,False,False,18.49,,93.3,,75.7,,93.3,,1597,65,13,18,8,141778.0,18903.73,,Idle,,20,,10,,,20,Go Home,False,False,False,False,False,False,False,False,False,False,False,False,33.8027920380556,-117.4659261431046,1931.3,2972.0,1049.4,396.9,True,1,1,False,False,False,False,,True,False,False,Course Lock,196.8,67,16.4,93,E,W,2.46,11.4,Calm,False,False,Android,7.0.2,M300 RTK,1ZN7L4R0H1D00F,1W9DL31001461C,1ZMLH8300204F0,1Z6PH74DAP0QN7,"Corona, CA",728.3,5.7,137.7,8.547347,2.013246,0,0,DJI Matrice 300 RTK,M300 RTK,1ZN7L4R0H1D00F,1W9DL31001461C,1ZMLH8300204F0,1Z6PH74DAP0QN7,DJI Pilot,Android,7.0.2,1EF72A62-B7C3-C88D-164E-CE6F8C8424AE,1ZN7L4R0H1D00F,1W9DL31001461C,,1ZMLH8300204F0,1W9DL31001461C,,,,,
2023-11-01,11:29:23.14 AM,5m 0.8s,300.8,33.8008961167822,-117.4718767994414,135.4,137.7,18.3,1399,2283.5,6.29928,6.94893,-6.039738,2.23694,-1.789552,1.342164,0,0.447388,-2.3,1.4,2.6,-162.7,197.3,197.1,Tripod,Other,,22,5,True,,True,False,,Smart,RC,False,True,False,,,True,,False,False,False,False,False,False,False,False,False,False,0,Follow Yaw,-77.9,0,-169.6,190.4,False,False,False,False,False,,0,0,False,False,No Card,100,100,1024,1354,930,1215,2,False,False,False,False,False,0,False,False,False,False,84,,47.388,,8436,,10044,,47.388,,True,3.951,3.951,3.951,3.951,3.951,3.951,3.951,3.951,3.951,3.951,3.951,3.951,0,,False,False,True,,,,,,,,,,,,,,,False,False,18.49,,93.3,,75.7,,93.3,,1597,65,13,18,8,141778.0,18903.73,,Idle,,20,,10,,,20,Go Home,False,False,False,False,False,False,False,False,False,False,False,False,33.8027920380556,-117.4659261431046,1931.9,2972.0,1049.4,396.9,True,1,1,False,False,False,False,,True,False,False,Course Lock,196.8,67,16.4,93,E,W,2.46,11.4,Calm,False,False,Android,7.0.2,M300 RTK,1ZN7L4R0H1D00F,1W9DL31001461C,1ZMLH8300204F0,1Z6PH74DAP0QN7,"Corona, CA",728.3,5.7,137.7,8.547347,2.013246,0,0,DJI Matrice 300 RTK,M300 RTK,1ZN7L4R0H1D00F,1W9DL31001461C,1ZMLH8300204F0,1Z6PH74DAP0QN7,DJI Pilot,Android,7.0.2,1EF72A62-B7C3-C88D-164E-CE6F8C8424AE,1ZN7L4R0H1D00F,1W9DL31001461C,,1ZMLH8300204F0,1W9DL31001461C,,,,,
2023-11-01,11:29:23.23 AM,5m 0.9s,300.9,33.8008935728634,-117.4718778408245,135.4,137.7,18.3,1399,2284.5,6.366442,6.94893,-6.039738,2.23694,-2.013246,1.342164,0,0.447388,-2,1.2,2.3,-162.2,197.8,198.7,Tripod,Other,,22,5,True,,True,False,,Smart,RC,False,True,False,,,True,,False,False,False,False,False,False,False,False,False,False,0,Follow Yaw,-77.9,0,-169.2,190.8,False,False,False,False,False,,0,0,False,False,No Card,100,100,1024,1357,910,1239,2,False,False,False,False,False,0,False,False,False,False,84,,47.388,,8436,,10044,,47.388,,True,3.951,3.951,3.951,3.951,3.951,3.951,3.951,3.951,3.951,3.951,3.951,3.951,0,,False,False,True,,,,,,,,,,,,,,,False,False,18.49,,93.3,,75.7,,93.3,,1597,65,13,18,8,141778.0,18903.73,,Idle,,20,,10,,,20,Go Home,False,False,False,False,False,False,False,False,False,False,False,False,33.8027920380556,-117.4659261431046,1932.6,2972.0,1049.4,396.9,True,1,1,False,False,False,False,,True,False,False,Course Lock,196.8,67,16.4,93,E,W,2.46,11.4,Calm,False,False,Android,7.0.2,M300 RTK,1ZN7L4R0H1D00F,1W9DL31001461C,1ZMLH8300204F0,1Z6PH74DAP0QN7,"Corona, CA",728.3,5.7,137.7,8.547347,2.013246,0,0,DJI Matrice 300 RTK,M300 RTK,1ZN7L4R0H1D00F,1W9DL31001461C,1ZMLH8300204F0,1Z6PH74DAP0QN7,DJI Pilot,Android,7.0.2,1EF72A62-B7C3-C88D-164E-CE6F8C8424AE,1ZN7L4R0H1D00F,1W9DL31001461C,,1ZMLH8300204F0,1W9DL31001461C,,,,,
2023-11-01,11:29:23.34 AM,5m 1.0s,301.0,33.8008910859634,-117.4718788282746,135.1,137.7,18.3,1399,2285.5,6.366442,6.94893,-6.039738,2.23694,-2.013246,1.342164,0,0.447388,-1.8,1.1,2.1,-161.7,198.3,198.2,Tripod,Other,,22,5,True,,True,False,,Smart,RC,False,True,False,,,True,,False,False,False,False,False,False,False,False,False,False,0,Follow Yaw,-77.9,0,-168.8,191.2,False,False,False,False,False,,0,0,False,False,No Card,100,100,1024,1362,864,1230,2,False,False,False,False,False,0,False,False,False,False,84,,47.352,,4188,,4986,,47.352,,True,3.951,3.951,3.951,3.951,3.951,3.951,3.951,3.951,3.951,3.951,3.951,3.951,0,,False,False,True,,,,,,,,,,,,,,,False,False,9.14,,93.3,,75.7,,93.3,,1597,65,13,18,8,141778.0,18903.73,,Idle,,20,,10,,,20,Go Home,False,False,False,False,False,False,False,False,False,False,False,False,33.8027920380556,-117.4659261431046,1933.2,2972.0,1049.4,396.9,True,1,1,False,False,False,False,,True,False,False,Course Lock,196.8,67,16.4,93,E,W,2.46,11.4,Calm,False,False,Android,7.0.2,M300 RTK,1ZN7L4R0H1D00F,1W9DL31001461C,1ZMLH8300204F0,1Z6PH74DAP0QN7,"Corona, CA",728.3,5.7,137.7,8.547347,2.013246,0,0,DJI Matrice 300 RTK,M300 RTK,1ZN7L4R0H1D00F,1W9DL31001461C,1ZMLH8300204F0,1Z6PH74DAP0QN7,DJI Pilot,Android,7.0.2,1EF72A62-B7C3-C88D-164E-CE6F8C8424AE,1ZN7L4R0H1D00F,1W9DL31001461C,,1ZMLH8300204F0,1W9DL31001461C,,,,,
2023-11-01,11:29:23.43 AM,5m 1.1s,301.1,33.800888644569,-117.4718797934588,135.1,137.7,18.3,1399,2286.4,6.366442,6.94893,-6.039738,2.23694,-2.013246,1.342164,0,0.447388,-1.9,1.1,2.1,-161.3,198.7,198.1,Tripod,Other,,22,5,True,,True,False,,Smart,RC,False,True,False,,,True,,False,False,False,False,False,False,False,False,False,False,0,Follow Yaw,-77.9,0,-168.3,191.7,False,False,False,False,False,,0,0,False,False,No Card,100,100,1024,1359,913,1143,2,False,False,False,False,False,0,False,False,False,False,84,,47.352,,4188,,4986,,47.352,,True,3.951,3.951,3.951,3.951,3.951,3.951,3.951,3.951,3.951,3.951,3.951,3.951,0,,False,False,True,,,,,,,,,,,,,,,False,False,9.14,,93.3,,75.7,,93.3,,1597,65,13,18,8,141778.0,18903.73,,Idle,,20,,10,,,20,Go Home,False,False,False,False,False,False,False,False,False,False,False,False,33.8027920380556,-117.4659261431046,1933.8,2972.0,1049.4,396.9,True,1,1,False,False,False,False,,True,False,False,Course Lock,196.8,67,16.4,93,E,W,2.46,11.4,Calm,False,False,Android,7.0.2,M300 RTK,1ZN7L4R0H1D00F,1W9DL31001461C,1ZMLH8300204F0,1Z6PH74DAP0QN7,"Corona, CA",728.3,5.7,137.7,8.547347,2.013246,0,0,DJI Matrice 300 RTK,M300 RTK,1ZN7L4R0H1D00F,1W9DL31001461C,1ZMLH8300204F0,1Z6PH74DAP0QN7,DJI Pilot,Android,7.0.2,1EF72A62-B7C3-C88D-164E-CE6F8C8424AE,1ZN7L4R0H1D00F,1W9DL31001461C,,1ZMLH8300204F0,1W9DL31001461C,,,,,
2023-11-01,11:29:23.54 AM,5m 1.2s,301.2,33.8008861900163,-117.4718808132356,135.1,137.7,18.3,1399,2287.4,6.154634,6.94893,-5.816044,2.23694,-2.013246,1.342164,0,0.447388,-2.2,1.2,2.5,-160.8,199.2,199.0,Tripod,Other,,22,5,True,,True,False,,Smart,RC,False,True,False,,,True,,False,False,False,False,False,False,False,False,False,False,0,Follow Yaw,-77.9,0,-168,192,False,False,False,False,False,,0,0,False,False,No Card,100,100,1024,1387,877,1066,2,False,False,False,False,False,0,False,False,False,False,84,,47.352,,4188,,4986,,47.352,,True,3.951,3.951,3.951,3.951,3.951,3.951,3.951,3.951,3.951,3.951,3.951,3.951,0,,False,False,True,,,,,,,,,,,,,,,False,False,9.14,,93.3,,75.7,,93.3,,1597,65,13,18,8,141778.0,18903.73,,Idle,,20,,10,,,20,Go Home,False,False,False,False,False,False,False,False,False,False,False,False,33.8027920380556,-117.4659261431046,1934.4,2972.0,1049.4,396.9,True,1,1,False,False,False,False,,True,False,False,Course Lock,196.8,67,16.4,93,E,W,2.46,11.4,Calm,False,False,Android,7.0.2,M300 RTK,1ZN7L4R0H1D00F,1W9DL31001461C,1ZMLH8300204F0,1Z6PH74DAP0QN7,"Corona, CA",728.3,5.7,137.7,8.547347,2.013246,0,0,DJI Matrice 300 RTK,M300 RTK,1ZN7L4R0H1D00F,1W9DL31001461C,1ZMLH8300204F0,1Z6PH74DAP0QN7,DJI Pilot,Android,7.0.2,1EF72A62-B7C3-C88D-164E-CE6F8C8424AE,1ZN7L4R0H1D00F,1W9DL31001461C,,1ZMLH8300204F0,1W9DL31001461C,,,,,
2023-11-01,11:29:23.64 AM,5m 1.3s,301.3,33.8008838610148,-117.4718819788127,135.1,137.7,18.3,1399,2288.3,6.154634,6.94893,-5.816044,2.23694,-2.013246,1.342164,0,0.447388,-2.4,0.7,2.5,-160.3,199.7,202.5,Tripod,Other,,22,5,True,,True,False,,Smart,RC,False,True,False,,,True,,False,False,False,False,False,False,False,False,False,False,0,Follow Yaw,-77.9,0,-167.9,192.1,False,False,False,False,False,,0,0,False,False,No Card,100,100,1024,1379,820,1024,2,False,False,False,False,False,0,False,False,False,False,84,,47.352,,4188,,4986,,47.352,,True,3.95,3.95,3.95,3.95,3.95,3.95,3.95,3.95,3.95,3.95,3.95,3.95,0,,False,False,True,,,,,,,,,,,,,,,False,False,9.14,,93.3,,75.7,,93.3,,1598,65,13,18,8,141359.7,18847.96,,Idle,,20,,10,,,20,Go Home,False,False,False,False,False,False,False,False,False,False,False,False,33.8027920380556,-117.4659261431046,1935.0,2972.0,1049.4,396.9,True,1,1,False,False,False,False,,True,False,False,Course Lock,196.8,67,16.4,93,E,W,2.46,11.4,Calm,False,False,Android,7.0.2,M300 RTK,1ZN7L4R0H1D00F,1W9DL31001461C,1ZMLH8300204F0,1Z6PH74DAP0QN7,"Corona, CA",728.3,5.7,137.7,8.547347,2.013246,0,0,DJI Matrice 300 RTK,M300 RTK,1ZN7L4R0H1D00F,1W9DL31001461C,1ZMLH8300204F0,1Z6PH74DAP0QN7,DJI Pilot,Android,7.0.2,1EF72A62-B7C3-C88D-164E-CE6F8C8424AE,1ZN7L4R0H1D00F,1W9DL31001461C,,1ZMLH8300204F0,1W9DL31001461C,,,,,
2023-11-01,11:29:23.75 AM,5m 1.4s,301.4,33.800881436068,-117.4718830507082,135.1,137.7,18.3,1399,2289.2,6.231393,6.94893,-5.816044,2.23694,-2.23694,1.342164,0,0.447388,-2.7,0.1,2.7,-160,200,200.1,Tripod,Other,,22,5,True,,True,False,,Smart,RC,False,True,False,,,True,,False,False,False,False,False,False,False,False,False,False,0,Follow Yaw,-77.9,0,-167.8,192.2,False,False,False,False,False,,0,0,False,False,No Card,100,100,1024,1368,815,1024,2,False,False,False,False,False,0,False,False,False,False,84,,47.352,,4188,,4986,,47.352,,True,3.95,3.95,3.95,3.95,3.95,3.95,3.95,3.95,3.95,3.95,3.95,3.95,0,,False,False,True,,,,,,,,,,,,,,,False,False,9.14,,93.3,,75.7,,93.3,,1598,65,13,18,8,141359.7,18847.96,,Idle,,20,,10,,,20,Go Home,False,False,False,False,False,False,False,False,False,False,False,False,33.8027920380556,-117.4659261431046,1935.6,2972.0,1049.4,396.9,True,1,1,False,False,False,False,,True,False,False,Course Lock,196.8,67,16.4,93,E,W,2.46,11.4,Calm,False,False,Android,7.0.2,M300 RTK,1ZN7L4R0H1D00F,1W9DL31001461C,1ZMLH8300204F0,1Z6PH74DAP0QN7,"Corona, CA",728.3,5.7,137.7,8.547347,2.013246,0,0,DJI Matrice 300 RTK,M300 RTK,1ZN7L4R0H1D00F,1W9DL31001461C,1ZMLH8300204F0,1Z6PH74DAP0QN7,DJI Pilot,Android,7.0.2,1EF72A62-B7C3-C88D-164E-CE6F8C8424AE,1ZN7L4R0H1D00F,1W9DL31001461C,,1ZMLH8300204F0,1W9DL31001461C,,,,,
2023-11-01,11:29:23.85 AM,5m 1.5s,301.5,33.8008788702189,-117.4718842418498,135.1,137.7,18.3,1399,2290.2,6.231393,6.94893,-5.816044,2.23694,-2.23694,1.342164,0,0.447388,-2.9,-0.2,2.9,-159.8,200.2,201.0,Tripod,Other,,22,5,True,,True,False,,Smart,RC,False,True,False,,,True,,False,False,False,False,False,False,False,False,False,False,0,Follow Yaw,-77.9,0,-167.8,192.2,False,False,False,False,False,,0,0,False,False,No Card,100,100,1024,1360,828,1024,2,False,False,False,False,False,0,False,False,False,False,84,,47.352,,4188,,4986,,47.352,,True,3.95,3.95,3.95,3.95,3.95,3.95,3.95,3.95,3.95,3.95,3.95,3.95,0,,False,False,True,,,,,,,,,,,,,,,False,False,9.14,,93.3,,75.7,,93.3,,1598,65,13,18,8,141359.7,18847.96,,Idle,,20,,10,,,20,Go Home,False,False,False,False,False,False,False,False,False,False,False,False,33.8027920380556,-117.4659261431046,1936.3,2972.0,1049.4,396.9,True,1,1,False,False,False,False,,True,False,False,Course Lock,196.8,67,16.4,93,E,W,2.46,11.4,Calm,False,False,Android,7.0.2,M300 RTK,1ZN7L4R0H1D00F,1W9DL31001461C,1ZMLH8300204F0,1Z6PH74DAP0QN7,"Corona, CA",728.3,5.7,137.7,8.547347,2.013246,0,0,DJI Matrice 300 RTK,M300 RTK,1ZN7L4R0H1D00F,1W9DL31001461C,1ZMLH8300204F0,1Z6PH74DAP0QN7,DJI Pilot,Android,7.0.2,1EF72A62-B7C3-C88D-164E-CE6F8C8424AE,1ZN7L4R0H1D00F,1W9DL31001461C,,1ZMLH8300204F0,1W9DL31001461C,,,,,
2023-11-01,11:29:23.95 AM,5m 1.6s,301.6,33.800876434307,-117.4718853345267,135.1,137.7,18.3,1399,2291.2,6.231393,6.94893,-5.816044,2.23694,-2.23694,1.342164,0.223694,0.447388,-3.1,-0.5,3.1,-159.7,200.3,200.4,Tripod,Other,,22,5,True,,True,False,,Smart,RC,False,True,False,,,True,,False,False,False,False,False,False,False,False,False,False,0,Follow Yaw,-77.9,0,-167.8,192.2,False,False,False,False,False,,0,0,False,False,No Card,100,100,1024,1363,822,1024,2,False,False,False,False,False,0,False,False,False,False,84,,47.352,,4188,,4986,,47.352,,True,3.95,3.95,3.95,3.95,3.95,3.95,3.95,3.95,3.95,3.95,3.95,3.95,0,,False,False,True,,,,,,,,,,,,,,,False,False,9.14,,93.3,,75.7,,93.3,,1598,65,13,18,8,141359.7,18847.96,,Idle,,20,,10,,,20,Go Home,False,False,False,False,False,False,False,False,False,False,False,False,33.8027920380556,-117.4659261431046,1936.9,2972.0,1049.4,396.9,True,1,1,False,False,False,False,,True,False,False,Course Lock,196.8,67,16.4,93,E,W,2.46,11.4,Calm,False,False,Android,7.0.2,M300 RTK,1ZN7L4R0H1D00F,1W9DL31001461C,1ZMLH8300204F0,1Z6PH74DAP0QN7,"Corona, CA",728.3,5.7,137.7,8.547347,2.013246,0,0,DJI Matrice 300 RTK,M300 RTK,1ZN7L4R0H1D00F,1W9DL31001461C,1ZMLH8300204F0,1Z6PH74DAP0QN7,DJI Pilot,Android,7.0.2,1EF72A62-B7C3-C88D-164E-CE6F8C8424AE,1ZN7L4R0H1D00F,1W9DL31001461C,,1ZMLH8300204F0,1W9DL31001461C,,,,,
2023-11-01,11:29:24.05 AM,5m 1.7s,301.7,33.8008741096916,-117.4718863930626,135.1,137.7,18.7,1399,2292.1,6.231393,6.94893,-5.816044,2.23694,-2.23694,1.342164,0.223694,0.447388,-3.1,-0.5,3.1,-159.6,200.4,200.7,Tripod,Other,,22,5,True,,True,False,,Smart,RC,False,True,False,,,True,,False,False,False,False,False,False,False,False,False,False,0,Follow Yaw,-77.9,0,-167.8,192.2,False,False,False,False,False,,0,0,False,False,No Card,100,100,1024,1367,837,1024,2,False,False,False,False,False,0,False,False,False,False,84,,47.352,,4188,,4986,,47.352,,True,3.95,3.95,3.95,3.95,3.95,3.95,3.95,3.95,3.95,3.95,3.95,3.95,0,,False,False,True,,,,,,,,,,,,,,,False,False,9.14,,93.3,,75.7,,93.3,,1598,65,13,18,8,141359.7,18847.96,,Idle,,20,,10,,,20,Go Home,False,False,False,False,False,False,False,False,False,False,False,False,33.8027920380556,-117.4659261431046,1937.5,2972.0,1049.4,396.9,True,1,1,False,False,False,False,,True,False,False,Course Lock,196.8,67,16.4,93,E,W,2.46,11.4,Calm,False,False,Android,7.0.2,M300 RTK,1ZN7L4R0H1D00F,1W9DL31001461C,1ZMLH8300204F0,1Z6PH74DAP0QN7,"Corona, CA",728.3,5.7,137.7,8.547347,2.013246,0,0,DJI Matrice 300 RTK,M300 RTK,1ZN7L4R0H1D00F,1W9DL31001461C,1ZMLH8300204F0,1Z6PH74DAP0QN7,DJI Pilot,Android,7.0.2,1EF72A62-B7C3-C88D-164E-CE6F8C8424AE,1ZN7L4R0H1D00F,1W9DL31001461C,,1ZMLH8300204F0,1W9DL31001461C,,,,,
2023-11-01,11:29:24.16 AM,5m 1.8s,301.8,33.8008716699418,-117.4718874837603,135.1,137.7,18.3,1399,2293.0,6.231393,6.94893,-5.816044,2.23694,-2.23694,1.342164,0.223694,0.447388,-2.7,-0.3,2.7,-159.6,200.4,200.3,Tripod,Other,,22,5,True,,True,False,,Smart,RC,False,True,False,,,True,,False,False,False,False,False,False,False,False,False,False,0,Follow Yaw,-77.9,0,-167.8,192.2,False,False,False,False,False,,0,0,False,False,No Card,100,100,1024,1359,843,1024,2,False,False,False,False,False,0,False,False,False,False,84,,47.352,,4188,,4986,,47.352,,True,3.95,3.95,3.95,3.95,3.95,3.95,3.95,3.95,3.95,3.95,3.95,3.95,0,,False,False,True,,,,,,,,,,,,,,,False,False,9.14,,93.3,,75.7,,93.3,,1598,65,13,18,8,141359.7,18847.96,,Idle,,20,,10,,,20,Go Home,False,False,False,False,False,False,False,False,False,False,False,False,33.8027920380556,-117.4659261431046,1938.2,2972.0,1049.4,396.9,True,1,1,False,False,False,False,,True,False,False,Course Lock,196.8,67,16.4,93,E,W,2.46,11.4,Calm,False,False,Android,7.0.2,M300 RTK,1ZN7L4R0H1D00F,1W9DL31001461C,1ZMLH8300204F0,1Z6PH74DAP0QN7,"Corona, CA",728.3,5.7,137.7,8.547347,2.013246,0,0,DJI Matrice 300 RTK,M300 RTK,1ZN7L4R0H1D00F,1W9DL31001461C,1ZMLH8300204F0,1Z6PH74DAP0QN7,DJI Pilot,Android,7.0.2,1EF72A62-B7C3-C88D-164E-CE6F8C8424AE,1ZN7L4R0H1D00F,1W9DL31001461C,,1ZMLH8300204F0,1W9DL31001461C,,,,,
2023-11-01,11:29:24.26 AM,5m 1.9s,301.9,33.8008691304091,-117.4718885393274,135.1,137.7,18.3,1399,2294.0,6.231393,6.94893,-5.816044,2.23694,-2.23694,1.342164,0.223694,0.447388,-2.3,-0.4,2.3,-159.6,200.4,199.0,Tripod,Other,,22,5,True,,True,False,,Smart,RC,False,True,False,,,True,,False,False,False,False,False,False,False,False,False,False,0,Follow Yaw,-77.9,0,-167.8,192.2,False,False,False,False,False,,0,0,False,False,No Card,100,100,1024,1366,838,1024,2,False,False,False,False,False,0,False,False,False,False,84,,47.352,,4188,,4986,,47.352,,True,3.95,3.95,3.95,3.95,3.95,3.95,3.95,3.95,3.95,3.95,3.95,3.95,0,,False,False,True,,,,,,,,,,,,,,,False,False,9.14,,93.3,,75.7,,93.3,,1598,65,13,18,8,141359.7,18847.96,,Idle,,20,,10,,,20,Go Home,False,False,False,False,False,False,False,False,False,False,False,False,33.8027920380556,-117.4659261431046,1938.8,2972.0,1049.4,396.9,True,1,1,False,False,False,False,,True,False,False,Course Lock,196.8,67,16.4,93,E,W,2.46,11.4,Calm,False,False,Android,7.0.2,M300 RTK,1ZN7L4R0H1D00F,1W9DL31001461C,1ZMLH8300204F0,1Z6PH74DAP0QN7,"Corona, CA",728.3,5.7,137.7,8.547347,2.013246,0,0,DJI Matrice 300 RTK,M300 RTK,1ZN7L4R0H1D00F,1W9DL31001461C,1ZMLH8300204F0,1Z6PH74DAP0QN7,DJI Pilot,Android,7.0.2,1EF72A62-B7C3-C88D-164E-CE6F8C8424AE,1ZN7L4R0H1D00F,1W9DL31001461C,,1ZMLH8300204F0,1W9DL31001461C,,,,,
2023-11-01,11:29:24.36 AM,5m 2.0s,302.0,33.8008666873698,-117.4718896216136,134.8,137.7,18.7,1399,2295.0,6.154634,6.94893,-5.816044,2.23694,-2.013246,1.342164,0.223694,0.447388,-2.1,-0.5,2.1,-159.7,200.3,200.2,Tripod,Other,,22,5,True,,True,False,,Smart,RC,False,True,False,,,True,,False,False,False,False,False,False,False,False,False,False,0,Follow Yaw,-77.9,0,-167.8,192.2,False,False,False,False,False,,0,0,False,False,No Card,100,100,1024,1367,838,1024,2,False,False,False,False,False,0,False,False,False,False,83,,47.364,,8386,,10044,,47.364,,True,3.95,3.95,3.95,3.95,3.95,3.95,3.95,3.95,3.95,3.95,3.95,3.95,0,,False,False,True,,,,,,,,,,,,,,,False,False,18.59,,93.5,,75.7,,93.5,,1598,65,13,18,8,141359.7,18847.96,,Idle,,20,,10,,,20,Go Home,False,False,False,False,False,False,False,False,False,False,False,False,33.8027920380556,-117.4659261431046,1939.4,2972.0,1049.4,396.9,True,1,1,False,False,False,False,,True,False,False,Course Lock,196.8,67,16.4,93,E,W,2.46,11.4,Calm,False,False,Android,7.0.2,M300 RTK,1ZN7L4R0H1D00F,1W9DL31001461C,1ZMLH8300204F0,1Z6PH74DAP0QN7,"Corona, CA",728.3,5.7,137.7,8.547347,2.013246,0,0,DJI Matrice 300 RTK,M300 RTK,1ZN7L4R0H1D00F,1W9DL31001461C,1ZMLH8300204F0,1Z6PH74DAP0QN7,DJI Pilot,Android,7.0.2,1EF72A62-B7C3-C88D-164E-CE6F8C8424AE,1ZN7L4R0H1D00F,1W9DL31001461C,,1ZMLH8300204F0,1W9DL31001461C,,,,,
2023-11-01,11:29:24.47 AM,5m 2.1s,302.1,33.800864355627,-117.4718906004872,134.8,137.7,18.7,1399,2295.9,6.154634,6.94893,-5.816044,2.23694,-2.013246,1.342164,0.223694,0.447388,-2,-0.4,2,-159.7,200.3,199.2,Tripod,Other,,22,5,True,,True,False,,Smart,RC,False,True,False,,,True,,False,False,False,False,False,False,False,False,False,False,0,Follow Yaw,-77.9,0,-167.8,192.2,False,False,False,False,False,,0,0,False,False,No Card,100,100,1024,1360,846,1024,2,False,False,False,False,False,0,False,False,False,False,83,,47.364,,8386,,10044,,47.364,,True,3.95,3.95,3.95,3.95,3.95,3.95,3.95,3.95,3.95,3.95,3.95,3.95,0,,False,False,True,,,,,,,,,,,,,,,False,False,18.59,,93.5,,75.7,,93.5,,1598,65,13,18,8,141359.7,18847.96,,Idle,,20,,10,,,20,Go Home,False,False,False,False,False,False,False,False,False,False,False,False,33.8027920380556,-117.4659261431046,1940.0,2972.0,1049.4,396.9,True,1,1,False,False,False,False,,True,False,False,Course Lock,196.8,67,16.4,93,E,W,2.23,11.4,Calm,False,False,Android,7.0.2,M300 RTK,1ZN7L4R0H1D00F,1W9DL31001461C,1ZMLH8300204F0,1Z6PH74DAP0QN7,"Corona, CA",728.3,5.7,137.7,8.547347,2.013246,0,0,DJI Matrice 300 RTK,M300 RTK,1ZN7L4R0H1D00F,1W9DL31001461C,1ZMLH8300204F0,1Z6PH74DAP0QN7,DJI Pilot,Android,7.0.2,1EF72A62-B7C3-C88D-164E-CE6F8C8424AE,1ZN7L4R0H1D00F,1W9DL31001461C,,1ZMLH8300204F0,1W9DL31001461C,,,,,
2023-11-01,11:29:24.57 AM,5m 2.2s,302.2,33.8008619208117,-117.4718916654555,134.8,137.7,18.7,1399,2296.8,6.154634,6.94893,-5.816044,2.23694,-2.013246,1.342164,0.223694,0.447388,-2,-0.2,2,-159.7,200.3,199.9,Tripod,Other,,23,5,True,,True,False,,Smart,RC,False,True,False,,,True,,False,False,False,False,False,False,False,False,False,False,0,Follow Yaw,-77.9,0,-167.8,192.2,False,False,False,False,False,,0,0,False,False,No Card,100,100,1024,1360,867,1024,2,False,False,False,False,False,0,False,False,False,False,83,,47.364,,8386,,10044,,47.364,,True,3.95,3.95,3.95,3.95,3.95,3.95,3.95,3.95,3.95,3.95,3.95,3.95,0,,False,False,True,,,,,,,,,,,,,,,False,False,18.59,,93.5,,75.7,,93.5,,1598,65,13,18,8,141359.7,18847.96,,Idle,,20,,10,,,20,Go Home,False,False,False,False,False,False,False,False,False,False,False,False,33.8027920380556,-117.4659261431046,1940.6,2972.0,1049.4,396.9,True,1,1,False,False,False,False,,True,False,False,Course Lock,196.8,67,16.4,93,E,W,2.23,11.4,Calm,False,False,Android,7.0.2,M300 RTK,1ZN7L4R0H1D00F,1W9DL31001461C,1ZMLH8300204F0,1Z6PH74DAP0QN7,"Corona, CA",728.3,5.7,137.7,8.547347,2.013246,0,0,DJI Matrice 300 RTK,M300 RTK,1ZN7L4R0H1D00F,1W9DL31001461C,1ZMLH8300204F0,1Z6PH74DAP0QN7,DJI Pilot,Android,7.0.2,1EF72A62-B7C3-C88D-164E-CE6F8C8424AE,1ZN7L4R0H1D00F,1W9DL31001461C,,1ZMLH8300204F0,1W9DL31001461C,,,,,
2023-11-01,11:29:24.67 AM,5m 2.3s,302.3,33.8008592924611,-117.4718926383915,134.8,137.7,18.7,1399,2297.8,6.154634,6.94893,-5.816044,2.23694,-2.013246,1.342164,0.223694,0.447388,-2.1,-0.3,2.1,-159.7,200.3,197.0,Tripod,Other,,23,5,True,,True,False,,Smart,RC,False,True,False,,,True,,False,False,False,False,False,False,False,False,False,False,0,Follow Yaw,-77.9,0,-167.8,192.2,False,False,False,False,False,,0,0,False,False,No Card,100,100,1024,1364,838,1024,2,False,False,False,False,False,0,False,False,False,False,83,,47.364,,8386,,10044,,47.364,,True,3.948,3.948,3.948,3.948,3.948,3.948,3.948,3.948,3.948,3.948,3.948,3.948,0,,False,False,True,,,,,,,,,,,,,,,False,False,18.59,,93.5,,75.7,,93.5,,1598,65,13,18,8,140890.2,18785.36,,Idle,,20,,10,,,20,Go Home,False,False,False,False,False,False,False,False,False,False,False,False,33.8027920380556,-117.4659261431046,1941.2,2972.0,1049.4,396.9,True,1,1,False,False,False,False,,True,False,False,Course Lock,196.8,67,16.4,93,E,W,2.23,11.4,Calm,False,False,Android,7.0.2,M300 RTK,1ZN7L4R0H1D00F,1W9DL31001461C,1ZMLH8300204F0,1Z6PH74DAP0QN7,"Corona, CA",728.3,5.7,137.7,8.547347,2.013246,0,0,DJI Matrice 300 RTK,M300 RTK,1ZN7L4R0H1D00F,1W9DL31001461C,1ZMLH8300204F0,1Z6PH74DAP0QN7,DJI Pilot,Android,7.0.2,1EF72A62-B7C3-C88D-164E-CE6F8C8424AE,1ZN7L4R0H1D00F,1W9DL31001461C,,1ZMLH8300204F0,1W9DL31001461C,,,,,
2023-11-01,11:29:24.77 AM,5m 2.4s,302.4,33.8008568472288,-117.4718936932989,134.8,137.7,18.7,1399,2298.8,6.154634,6.94893,-5.816044,2.23694,-2.013246,1.342164,0.223694,0.447388,-2.2,-0.3,2.2,-159.7,200.3,199.7,Tripod,Other,,23,5,True,,True,False,,Smart,RC,False,True,False,,,True,,False,False,False,False,False,False,False,False,False,False,0,Follow Yaw,-77.9,0,-167.8,192.2,False,False,False,False,False,,0,0,False,False,No Card,100,100,1024,1364,842,1024,2,False,False,False,False,False,0,False,False,False,False,83,,47.364,,8386,,10044,,47.364,,True,3.948,3.948,3.948,3.948,3.948,3.948,3.948,3.948,3.948,3.948,3.948,3.948,0,,False,False,True,,,,,,,,,,,,,,,False,False,18.59,,93.5,,75.7,,93.5,,1598,65,13,18,8,140890.2,18785.36,,Idle,,20,,10,,,20,Go Home,False,False,False,False,False,False,False,False,False,False,False,False,33.8027920380556,-117.4659261431046,1941.9,2972.0,1049.4,396.9,True,1,1,False,False,False,False,,True,False,False,Course Lock,196.8,67,16.4,93,E,W,2.23,11.4,Calm,False,False,Android,7.0.2,M300 RTK,1ZN7L4R0H1D00F,1W9DL31001461C,1ZMLH8300204F0,1Z6PH74DAP0QN7,"Corona, CA",728.3,5.7,137.7,8.547347,2.013246,0,0,DJI Matrice 300 RTK,M300 RTK,1ZN7L4R0H1D00F,1W9DL31001461C,1ZMLH8300204F0,1Z6PH74DAP0QN7,DJI Pilot,Android,7.0.2,1EF72A62-B7C3-C88D-164E-CE6F8C8424AE,1ZN7L4R0H1D00F,1W9DL31001461C,,1ZMLH8300204F0,1W9DL31001461C,,,,,
2023-11-01,11:29:24.87 AM,5m 2.5s,302.5,33.8008546081416,-117.4718947681631,134.8,137.7,18.7,1399,2299.6,6.154634,6.94893,-5.816044,2.23694,-2.013246,1.342164,0.223694,0.447388,-2.4,-0.3,2.4,-159.7,200.3,201.7,Tripod,Other,,23,5,True,,True,False,,Smart,RC,False,True,False,,,True,,False,False,False,False,False,False,False,False,False,False,0,Follow Yaw,-77.9,0,-167.8,192.2,False,False,False,False,False,,0,0,False,False,No Card,100,100,1024,1368,835,1024,2,False,False,False,False,False,0,False,False,False,False,83,,47.364,,8386,,10044,,47.364,,True,3.948,3.948,3.948,3.948,3.948,3.948,3.948,3.948,3.948,3.948,3.948,3.948,0,,False,False,True,,,,,,,,,,,,,,,False,False,18.59,,93.5,,75.7,,93.5,,1598,65,13,18,8,140890.2,18785.36,,Idle,,20,,10,,,20,Go Home,False,False,False,False,False,False,False,False,False,False,False,False,33.8027920380556,-117.4659261431046,1942.5,2972.0,1049.4,396.9,True,1,1,False,False,False,False,,True,False,False,Course Lock,196.8,67,16.4,93,E,W,2.23,11.4,Calm,False,False,Android,7.0.2,M300 RTK,1ZN7L4R0H1D00F,1W9DL31001461C,1ZMLH8300204F0,1Z6PH74DAP0QN7,"Corona, CA",728.3,5.7,137.7,8.547347,2.013246,0,0,DJI Matrice 300 RTK,M300 RTK,1ZN7L4R0H1D00F,1W9DL31001461C,1ZMLH8300204F0,1Z6PH74DAP0QN7,DJI Pilot,Android,7.0.2,1EF72A62-B7C3-C88D-164E-CE6F8C8424AE,1ZN7L4R0H1D00F,1W9DL31001461C,,1ZMLH8300204F0,1W9DL31001461C,,,,,
2023-11-01,11:29:24.94 AM,5m 2.6s,302.6,33.800852172778,-117.4718958191122,134.8,137.7,18.7,1399,2300.6,6.154634,6.94893,-5.816044,2.23694,-2.013246,1.342164,0.223694,0.447388,-2.5,-0.2,2.5,-159.7,200.3,199.7,Tripod,Other,,23,5,True,,True,False,,Smart,RC,False,True,False,,,True,,False,False,False,False,False,False,False,False,False,False,0,Follow Yaw,-77.9,0,-167.8,192.2,False,False,False,False,False,,0,0,False,False,No Card,100,100,1024,1367,848,1024,2,False,False,False,False,False,0,False,False,False,False,83,,47.364,,8386,,10044,,47.364,,True,3.948,3.948,3.948,3.948,3.948,3.948,3.948,3.948,3.948,3.948,3.948,3.948,0,,False,False,True,,,,,,,,,,,,,,,False,False,18.59,,93.5,,75.7,,93.5,,1598,65,13,18,8,140890.2,18785.36,,Idle,,20,,10,,,20,Go Home,False,False,False,False,False,False,False,False,False,False,False,False,33.8027920380556,-117.4659261431046,1943.1,2972.0,1049.4,396.9,True,1,1,False,False,False,False,,True,False,False,Course Lock,196.8,67,16.4,93,E,W,2.23,11.4,Calm,False,False,Android,7.0.2,M300 RTK,1ZN7L4R0H1D00F,1W9DL31001461C,1ZMLH8300204F0,1Z6PH74DAP0QN7,"Corona, CA",728.3,5.7,137.7,8.547347,2.013246,0,0,DJI Matrice 300 RTK,M300 RTK,1ZN7L4R0H1D00F,1W9DL31001461C,1ZMLH8300204F0,1Z6PH74DAP0QN7,DJI Pilot,Android,7.0.2,1EF72A62-B7C3-C88D-164E-CE6F8C8424AE,1ZN7L4R0H1D00F,1W9DL31001461C,,1ZMLH8300204F0,1W9DL31001461C,,,,,
2023-11-01,11:29:25.04 AM,5m 2.7s,302.7,33.8008496803955,-117.4718966841824,134.5,137.7,18.7,1398,2301.5,6.154634,6.94893,-5.816044,2.23694,-2.013246,1.342164,0.223694,0.447388,-2.6,-0.1,2.6,-159.6,200.4,196.0,Tripod,Other,,23,5,True,,True,False,,Smart,RC,False,True,False,,,True,,False,False,False,False,False,False,False,False,False,False,0,Follow Yaw,-77.9,0,-167.8,192.2,False,False,False,False,False,,0,0,False,False,No Card,100,100,1024,1367,861,1024,2,False,False,False,False,False,0,False,False,False,False,84,,47.364,,4188,,4986,,47.364,,True,3.948,3.948,3.948,3.948,3.948,3.948,3.948,3.948,3.948,3.948,3.948,3.948,0,,False,False,True,,,,,,,,,,,,,,,False,False,9.204,,93.5,,75.7,,93.5,,1598,65,13,18,8,140890.2,18785.36,,Idle,,20,,10,,,20,Go Home,False,False,False,False,False,False,False,False,False,False,False,False,33.8027920380556,-117.4659261431046,1943.7,2972.0,1049.4,396.9,True,1,1,False,False,False,False,,True,False,False,Course Lock,196.8,67,16.4,93,E,W,2.23,11.4,Calm,False,False,Android,7.0.2,M300 RTK,1ZN7L4R0H1D00F,1W9DL31001461C,1ZMLH8300204F0,1Z6PH74DAP0QN7,"Corona, CA",728.3,5.7,137.7,8.547347,2.013246,0,0,DJI Matrice 300 RTK,M300 RTK,1ZN7L4R0H1D00F,1W9DL31001461C,1ZMLH8300204F0,1Z6PH74DAP0QN7,DJI Pilot,Android,7.0.2,1EF72A62-B7C3-C88D-164E-CE6F8C8424AE,1ZN7L4R0H1D00F,1W9DL31001461C,,1ZMLH8300204F0,1W9DL31001461C,,,,,
2023-11-01,11:29:25.14 AM,5m 2.8s,302.8,33.8008472417423,-117.4718977234212,134.5,137.7,18.7,1398,2302.5,6.154634,6.94893,-5.816044,2.23694,-2.013246,1.342164,0.223694,0.447388,-2.7,-0.1,2.7,-159.6,200.4,199.5,Tripod,Other,,23,5,True,,True,False,,Smart,RC,False,True,False,,,True,,False,False,False,False,False,False,False,False,False,False,0,Follow Yaw,-77.9,0,-167.8,192.2,False,False,False,False,False,,0,0,False,False,No Card,100,100,1024,1363,866,1024,2,False,False,False,False,False,0,False,False,False,False,84,,47.364,,4188,,4986,,47.364,,True,3.948,3.948,3.948,3.948,3.948,3.948,3.948,3.948,3.948,3.948,3.948,3.948,0,,False,False,True,,,,,,,,,,,,,,,False,False,9.204,,93.5,,75.7,,93.5,,1598,65,13,18,8,140890.2,18785.36,,Idle,,20,,10,,,20,Go Home,False,False,False,False,False,False,False,False,False,False,False,False,33.8027920380556,-117.4659261431046,1944.3,2972.0,1049.4,396.9,True,1,1,False,False,False,False,,True,False,False,Course Lock,196.8,67,16.4,93,E,W,2.23,11.4,Calm,False,False,Android,7.0.2,M300 RTK,1ZN7L4R0H1D00F,1W9DL31001461C,1ZMLH8300204F0,1Z6PH74DAP0QN7,"Corona, CA",728.3,5.7,137.7,8.547347,2.013246,0,0,DJI Matrice 300 RTK,M300 RTK,1ZN7L4R0H1D00F,1W9DL31001461C,1ZMLH8300204F0,1Z6PH74DAP0QN7,DJI Pilot,Android,7.0.2,1EF72A62-B7C3-C88D-164E-CE6F8C8424AE,1ZN7L4R0H1D00F,1W9DL31001461C,,1ZMLH8300204F0,1W9DL31001461C,,,,,
2023-11-01,11:29:25.24 AM,5m 2.9s,302.9,33.8008447164643,-117.471898867722,134.5,137.7,18.7,1398,2303.5,6.154634,6.94893,-5.816044,2.23694,-2.013246,1.342164,0.223694,0.447388,-2.7,-0.1,2.7,-159.6,200.4,200.6,Tripod,Other,,23,5,True,,True,False,,Smart,RC,False,True,False,,,True,,False,False,False,False,False,False,False,False,False,False,0,Follow Yaw,-77.9,0,-167.8,192.2,False,False,False,False,False,,0,0,False,False,No Card,100,100,1024,1366,873,1024,2,False,False,False,False,False,0,False,False,False,False,84,,47.364,,4188,,4986,,47.364,,True,3.948,3.948,3.948,3.948,3.948,3.948,3.948,3.948,3.948,3.948,3.948,3.948,0,,False,False,True,,,,,,,,,,,,,,,False,False,9.204,,93.5,,75.7,,93.5,,1598,65,13,18,8,140890.2,18785.36,,Idle,,20,,10,,,20,Go Home,False,False,False,False,False,False,False,False,False,False,False,False,33.8027920380556,-117.4659261431046,1944.9,2972.0,1049.4,396.9,True,1,1,False,False,False,False,,True,False,False,Course Lock,196.8,67,16.4,93,E,W,2.23,11.4,Calm,False,False,Android,7.0.2,M300 RTK,1ZN7L4R0H1D00F,1W9DL31001461C,1ZMLH8300204F0,1Z6PH74DAP0QN7,"Corona, CA",728.3,5.7,137.7,8.547347,2.013246,0,0,DJI Matrice 300 RTK,M300 RTK,1ZN7L4R0H1D00F,1W9DL31001461C,1ZMLH8300204F0,1Z6PH74DAP0QN7,DJI Pilot,Android,7.0.2,1EF72A62-B7C3-C88D-164E-CE6F8C8424AE,1ZN7L4R0H1D00F,1W9DL31001461C,,1ZMLH8300204F0,1W9DL31001461C,,,,,
2023-11-01,11:29:25.34 AM,5m 3.0s,303.0,33.8008422602668,-117.4718999218048,134.5,137.7,18.7,1398,2304.4,6.154634,6.94893,-5.816044,2.23694,-2.013246,1.342164,0.223694,0.447388,-2.7,-0.2,2.7,-159.6,200.4,199.6,Tripod,Other,,23,5,True,,True,False,,Smart,RC,False,True,False,,,True,,False,False,False,False,False,False,False,False,False,False,0,Follow Yaw,-77.9,0,-167.8,192.2,False,False,False,False,False,,0,0,False,False,No Card,100,100,1024,1374,871,1024,2,False,False,False,False,False,0,False,False,False,False,83,,47.4,,8386,,10044,,47.4,,True,3.948,3.948,3.948,3.948,3.948,3.948,3.948,3.948,3.948,3.948,3.948,3.948,0,,False,False,True,,,,,,,,,,,,,,,False,False,18.612,,93.5,,75.7,,93.5,,1598,65,13,18,8,140890.2,18785.36,,Idle,,20,,10,,,20,Go Home,False,False,False,False,False,False,False,False,False,False,False,False,33.8027920380556,-117.4659261431046,1945.6,2972.0,1049.4,396.9,True,1,1,False,False,False,False,,True,False,False,Course Lock,196.8,67,16.4,93,E,W,2.23,11.4,Calm,False,False,Android,7.0.2,M300 RTK,1ZN7L4R0H1D00F,1W9DL31001461C,1ZMLH8300204F0,1Z6PH74DAP0QN7,"Corona, CA",728.3,5.7,137.7,8.547347,2.013246,0,0,DJI Matrice 300 RTK,M300 RTK,1ZN7L4R0H1D00F,1W9DL31001461C,1ZMLH8300204F0,1Z6PH74DAP0QN7,DJI Pilot,Android,7.0.2,1EF72A62-B7C3-C88D-164E-CE6F8C8424AE,1ZN7L4R0H1D00F,1W9DL31001461C,,1ZMLH8300204F0,1W9DL31001461C,,,,,
2023-11-01,11:29:25.44 AM,5m 3.1s,303.1,33.8008396105342,-117.471901172157,134.5,137.7,18.7,1398,2305.4,6.154634,6.94893,-5.816044,2.23694,-2.013246,1.342164,0.223694,0.447388,-2.7,-0.3,2.7,-159.6,200.4,201.4,Tripod,Other,,23,5,True,,True,False,,Smart,RC,False,True,False,,,True,,False,False,False,False,False,False,False,False,False,False,0,Follow Yaw,-77.9,0,-167.8,192.2,False,False,False,False,False,,0,0,False,False,No Card,100,100,1024,1378,832,1024,2,False,False,False,False,False,0,False,False,False,False,83,,47.4,,8386,,10044,,47.4,,True,3.948,3.948,3.948,3.948,3.948,3.948,3.948,3.948,3.948,3.948,3.948,3.948,0,,False,False,True,,,,,,,,,,,,,,,False,False,18.612,,93.5,,75.7,,93.5,,1598,65,13,18,8,140890.2,18785.36,,Idle,,20,,10,,,20,Go Home,False,False,False,False,False,False,False,False,False,False,False,False,33.8027920380556,-117.4659261431046,1946.3,2972.0,1049.4,396.9,True,1,1,False,False,False,False,,True,False,False,Course Lock,196.8,67,16.4,93,E,W,2.23,11.4,Calm,False,False,Android,7.0.2,M300 RTK,1ZN7L4R0H1D00F,1W9DL31001461C,1ZMLH8300204F0,1Z6PH74DAP0QN7,"Corona, CA",728.3,5.7,137.7,8.547347,2.013246,0,0,DJI Matrice 300 RTK,M300 RTK,1ZN7L4R0H1D00F,1W9DL31001461C,1ZMLH8300204F0,1Z6PH74DAP0QN7,DJI Pilot,Android,7.0.2,1EF72A62-B7C3-C88D-164E-CE6F8C8424AE,1ZN7L4R0H1D00F,1W9DL31001461C,,1ZMLH8300204F0,1W9DL31001461C,,,,,
2023-11-01,11:29:25.54 AM,5m 3.2s,303.2,33.8008371324064,-117.4719022386097,134.5,137.7,18.7,1398,2306.4,6.154634,6.94893,-5.816044,2.23694,-2.013246,1.342164,0.223694,0.447388,-2.8,-0.4,2.8,-159.6,200.4,199.6,Tripod,Other,,23,5,True,,True,False,,Smart,RC,False,True,False,,,True,,False,False,False,False,False,False,False,False,False,False,0,Follow Yaw,-77.9,0,-167.8,192.2,False,False,False,False,False,,0,0,False,False,No Card,100,100,1024,1375,820,1024,2,False,False,False,False,False,0,False,False,False,False,83,,47.4,,8386,,10044,,47.4,,True,3.948,3.948,3.948,3.948,3.948,3.948,3.948,3.948,3.948,3.948,3.948,3.948,0,,False,False,True,,,,,,,,,,,,,,,False,False,18.612,,93.5,,75.7,,93.5,,1598,65,13,18,8,140890.2,18785.36,,Idle,,20,,10,,,20,Go Home,False,False,False,False,False,False,False,False,False,False,False,False,33.8027920380556,-117.4659261431046,1946.9,2972.0,1049.4,396.9,True,1,1,False,False,False,False,,True,False,False,Course Lock,196.8,67,16.4,93,E,W,2.23,11.4,Calm,False,False,Android,7.0.2,M300 RTK,1ZN7L4R0H1D00F,1W9DL31001461C,1ZMLH8300204F0,1Z6PH74DAP0QN7,"Corona, CA",728.3,5.7,137.7,8.547347,2.013246,0,0,DJI Matrice 300 RTK,M300 RTK,1ZN7L4R0H1D00F,1W9DL31001461C,1ZMLH8300204F0,1Z6PH74DAP0QN7,DJI Pilot,Android,7.0.2,1EF72A62-B7C3-C88D-164E-CE6F8C8424AE,1ZN7L4R0H1D00F,1W9DL31001461C,,1ZMLH8300204F0,1W9DL31001461C,,,,,
2023-11-01,11:29:25.64 AM,5m 3.3s,303.3,33.8008346882706,-117.4719031021955,134.5,137.7,18.7,1398,2307.3,6.154634,6.94893,-5.816044,2.23694,-2.013246,1.342164,0.223694,0.447388,-2.9,-0.3,2.9,-159.7,200.3,196.3,Tripod,Other,,23,5,True,,True,False,,Smart,RC,False,True,False,,,True,,False,False,False,False,False,False,False,False,False,False,0,Follow Yaw,-77.9,0,-167.8,192.2,False,False,False,False,False,,0,0,False,False,No Card,100,100,1024,1372,778,1024,2,False,False,False,False,False,0,False,False,False,False,83,,47.4,,8386,,10044,,47.4,,True,3.949,3.949,3.949,3.949,3.949,3.949,3.949,3.949,3.949,3.949,3.949,3.949,0,,False,False,True,,,,,,,,,,,,,,,False,False,18.612,,93.5,,75.7,,93.5,,1600,65,13,18,8,140459.3,18727.91,,Idle,,20,,10,,,20,Go Home,False,False,False,False,False,False,False,False,False,False,False,False,33.8027920380556,-117.4659261431046,1947.5,2972.0,1049.4,396.9,True,1,1,False,False,False,False,,True,False,False,Course Lock,196.8,67,16.4,93,E,W,2.23,11.4,Calm,False,False,Android,7.0.2,M300 RTK,1ZN7L4R0H1D00F,1W9DL31001461C,1ZMLH8300204F0,1Z6PH74DAP0QN7,"Corona, CA",728.3,5.7,137.7,8.547347,2.013246,0,0,DJI Matrice 300 RTK,M300 RTK,1ZN7L4R0H1D00F,1W9DL31001461C,1ZMLH8300204F0,1Z6PH74DAP0QN7,DJI Pilot,Android,7.0.2,1EF72A62-B7C3-C88D-164E-CE6F8C8424AE,1ZN7L4R0H1D00F,1W9DL31001461C,,1ZMLH8300204F0,1W9DL31001461C,,,,,
2023-11-01,11:29:25.74 AM,5m 3.4s,303.4,33.8008321991776,-117.4719041419292,134.1,137.7,18.7,1398,2308.3,6.154634,6.94893,-5.816044,2.23694,-2.013246,1.342164,0.223694,0.447388,-2.8,-0.3,2.8,-159.7,200.3,199.1,Tripod,Other,,23,5,True,,True,False,,Smart,RC,False,True,False,,,True,,False,False,False,False,False,False,False,False,False,False,0,Follow Yaw,-77.9,0,-167.8,192.2,False,False,False,False,False,,0,0,False,False,No Card,100,100,1024,1373,805,1024,2,False,False,False,False,False,0,False,False,False,False,83,,47.4,,8386,,10044,,47.4,,True,3.949,3.949,3.949,3.949,3.949,3.949,3.949,3.949,3.949,3.949,3.949,3.949,0,,False,False,True,,,,,,,,,,,,,,,False,False,18.612,,93.5,,75.7,,93.5,,1600,65,13,18,8,140459.3,18727.91,,Idle,,20,,10,,,20,Go Home,False,False,False,False,False,False,False,False,False,False,False,False,33.8027920380556,-117.4659261431046,1948.1,2972.0,1049.4,396.9,True,1,1,False,False,False,False,,True,False,False,Course Lock,196.8,67,16.4,93,E,W,2.23,11.4,Calm,False,False,Android,7.0.2,M300 RTK,1ZN7L4R0H1D00F,1W9DL31001461C,1ZMLH8300204F0,1Z6PH74DAP0QN7,"Corona, CA",728.3,5.7,137.7,8.547347,2.013246,0,0,DJI Matrice 300 RTK,M300 RTK,1ZN7L4R0H1D00F,1W9DL31001461C,1ZMLH8300204F0,1Z6PH74DAP0QN7,DJI Pilot,Android,7.0.2,1EF72A62-B7C3-C88D-164E-CE6F8C8424AE,1ZN7L4R0H1D00F,1W9DL31001461C,,1ZMLH8300204F0,1W9DL31001461C,,,,,
2023-11-01,11:29:25.84 AM,5m 3.5s,303.5,33.8008296064639,-117.4719053167424,134.1,137.7,18.7,1398,2309.3,6.366442,6.94893,-6.039738,2.23694,-2.013246,1.342164,0.223694,0.447388,-2.7,-0.2,2.7,-159.7,200.3,200.6,Tripod,Other,,23,5,True,,True,False,,Smart,RC,False,True,False,,,True,,False,False,False,False,False,False,False,False,False,False,0,Follow Yaw,-77.9,0,-167.8,192.2,False,False,False,False,False,,0,0,False,False,No Card,100,100,1024,1374,829,1024,2,False,False,False,False,False,0,False,False,False,False,83,,47.4,,8386,,10044,,47.4,,True,3.949,3.949,3.949,3.949,3.949,3.949,3.949,3.949,3.949,3.949,3.949,3.949,0,,False,False,True,,,,,,,,,,,,,,,False,False,18.612,,93.5,,75.7,,93.5,,1600,65,13,18,8,140459.3,18727.91,,Idle,,20,,10,,,20,Go Home,False,False,False,False,False,False,False,False,False,False,False,False,33.8027920380556,-117.4659261431046,1948.8,2972.0,1049.4,396.9,True,1,1,False,False,False,False,,True,False,False,Course Lock,196.8,67,16.4,93,E,W,2.23,11.4,Calm,False,False,Android,7.0.2,M300 RTK,1ZN7L4R0H1D00F,1W9DL31001461C,1ZMLH8300204F0,1Z6PH74DAP0QN7,"Corona, CA",728.3,5.7,137.7,8.547347,2.013246,0,0,DJI Matrice 300 RTK,M300 RTK,1ZN7L4R0H1D00F,1W9DL31001461C,1ZMLH8300204F0,1Z6PH74DAP0QN7,DJI Pilot,Android,7.0.2,1EF72A62-B7C3-C88D-164E-CE6F8C8424AE,1ZN7L4R0H1D00F,1W9DL31001461C,,1ZMLH8300204F0,1W9DL31001461C,,,,,
2023-11-01,11:29:25.94 AM,5m 3.6s,303.6,33.8008271042127,-117.4719063574656,134.1,137.7,19.0,1398,2310.3,6.366442,6.94893,-6.039738,2.23694,-2.013246,1.342164,0.223694,0.447388,-2.6,-0.1,2.6,-159.7,200.3,199.0,Tripod,Other,,23,5,True,,True,False,,Smart,RC,False,True,False,,,True,,False,False,False,False,False,False,False,False,False,False,0,Follow Yaw,-77.9,0,-167.8,192.2,False,False,False,False,False,,0,0,False,False,No Card,100,100,1024,1374,831,1024,2,False,False,False,False,False,0,False,False,False,False,83,,47.4,,8386,,10044,,47.4,,True,3.949,3.949,3.949,3.949,3.949,3.949,3.949,3.949,3.949,3.949,3.949,3.949,0,,False,False,True,,,,,,,,,,,,,,,False,False,18.612,,93.5,,75.7,,93.5,,1600,65,13,18,8,140459.3,18727.91,,Idle,,20,,10,,,20,Go Home,False,False,False,False,False,False,False,False,False,False,False,False,33.8027920380556,-117.4659261431046,1949.4,2972.0,1049.4,396.9,True,1,1,False,False,False,False,,True,False,False,Course Lock,196.8,67,16.4,93,E,W,2.23,11.4,Calm,False,False,Android,7.0.2,M300 RTK,1ZN7L4R0H1D00F,1W9DL31001461C,1ZMLH8300204F0,1Z6PH74DAP0QN7,"Corona, CA",728.3,5.7,137.7,8.547347,2.013246,0,0,DJI Matrice 300 RTK,M300 RTK,1ZN7L4R0H1D00F,1W9DL31001461C,1ZMLH8300204F0,1Z6PH74DAP0QN7,DJI Pilot,Android,7.0.2,1EF72A62-B7C3-C88D-164E-CE6F8C8424AE,1ZN7L4R0H1D00F,1W9DL31001461C,,1ZMLH8300204F0,1W9DL31001461C,,,,,
2023-11-01,11:29:26.04 AM,5m 3.7s,303.7,33.800824711065,-117.4719073495337,134.1,137.7,19.0,1398,2311.2,6.366442,6.94893,-6.039738,2.23694,-2.013246,1.342164,0.223694,0.447388,-2.5,0,2.5,-159.7,200.3,199.0,Tripod,Other,,23,5,True,,True,False,,Smart,RC,False,True,False,,,True,,False,False,False,False,False,False,False,False,False,False,0,Follow Yaw,-77.9,0,-167.8,192.2,False,False,False,False,False,,0,0,False,False,No Card,100,100,1024,1374,825,1024,2,False,False,False,False,False,0,False,False,False,False,83,,47.4,,8386,,10044,,47.4,,True,3.949,3.949,3.949,3.949,3.949,3.949,3.949,3.949,3.949,3.949,3.949,3.949,0,,False,False,True,,,,,,,,,,,,,,,False,False,18.612,,93.5,,75.7,,93.5,,1600,65,13,18,8,140459.3,18727.91,,Idle,,20,,10,,,20,Go Home,False,False,False,False,False,False,False,False,False,False,False,False,33.8027920380556,-117.4659261431046,1950.0,2972.0,1049.4,396.9,True,1,1,False,False,False,False,,True,False,False,Course Lock,196.8,67,16.4,93,E,W,2.23,11.4,Calm,False,False,Android,7.0.2,M300 RTK,1ZN7L4R0H1D00F,1W9DL31001461C,1ZMLH8300204F0,1Z6PH74DAP0QN7,"Corona, CA",728.3,5.7,137.7,8.547347,2.013246,0,0,DJI Matrice 300 RTK,M300 RTK,1ZN7L4R0H1D00F,1W9DL31001461C,1ZMLH8300204F0,1Z6PH74DAP0QN7,DJI Pilot,Android,7.0.2,1EF72A62-B7C3-C88D-164E-CE6F8C8424AE,1ZN7L4R0H1D00F,1W9DL31001461C,,1ZMLH8300204F0,1W9DL31001461C,,,,,
2023-11-01,11:29:26.14 AM,5m 3.8s,303.8,33.8008222131999,-117.4719083821753,134.1,137.7,19.0,1398,2312.2,6.366442,6.94893,-6.039738,2.23694,-2.013246,1.342164,0.223694,0.447388,-2.4,0,2.4,-159.7,200.3,198.9,Tripod,Other,,23,5,True,,True,False,,Smart,RC,False,True,False,,,True,,False,False,False,False,False,False,False,False,False,False,0,Follow Yaw,-77.9,0,-167.8,192.2,False,False,False,False,False,,0,0,False,False,No Card,100,100,1024,1375,794,1071,2,False,False,False,False,False,0,False,False,False,False,83,,47.4,,8386,,10044,,47.4,,True,3.949,3.949,3.949,3.949,3.949,3.949,3.949,3.949,3.949,3.949,3.949,3.949,0,,False,False,True,,,,,,,,,,,,,,,False,False,18.612,,93.5,,75.7,,93.5,,1600,65,13,18,8,140459.3,18727.91,,Idle,,20,,10,,,20,Go Home,False,False,False,False,False,False,False,False,False,False,False,False,33.8027920380556,-117.4659261431046,1950.6,2972.0,1049.4,396.9,True,1,1,False,False,False,False,,True,False,False,Course Lock,196.8,67,16.4,93,E,W,2.23,11.4,Calm,False,False,Android,7.0.2,M300 RTK,1ZN7L4R0H1D00F,1W9DL31001461C,1ZMLH8300204F0,1Z6PH74DAP0QN7,"Corona, CA",728.3,5.7,137.7,8.547347,2.013246,0,0,DJI Matrice 300 RTK,M300 RTK,1ZN7L4R0H1D00F,1W9DL31001461C,1ZMLH8300204F0,1Z6PH74DAP0QN7,DJI Pilot,Android,7.0.2,1EF72A62-B7C3-C88D-164E-CE6F8C8424AE,1ZN7L4R0H1D00F,1W9DL31001461C,,1ZMLH8300204F0,1W9DL31001461C,,,,,
2023-11-01,11:29:26.24 AM,5m 3.9s,303.9,33.8008196917596,-117.4719094220738,134.1,137.7,19.0,1398,2313.1,6.366442,6.94893,-6.039738,2.23694,-2.013246,1.342164,0.223694,0.447388,-2.4,0,2.4,-159.7,200.3,198.9,Tripod,Other,,23,5,True,,True,False,,Smart,RC,False,True,False,,,True,,False,False,False,False,False,False,False,False,False,False,0,Follow Yaw,-77.9,0,-167.8,192.2,False,False,False,False,False,,0,0,False,False,No Card,100,100,1024,1374,781,1078,2,False,False,False,False,False,0,False,False,False,False,83,,47.4,,8386,,10044,,47.4,,True,3.949,3.949,3.949,3.949,3.949,3.949,3.949,3.949,3.949,3.949,3.949,3.949,0,,False,False,True,,,,,,,,,,,,,,,False,False,18.612,,93.5,,75.7,,93.5,,1600,65,13,18,8,140459.3,18727.91,,Idle,,20,,10,,,20,Go Home,False,False,False,False,False,False,False,False,False,False,False,False,33.8027920380556,-117.4659261431046,1951.3,2972.0,1049.4,396.9,True,1,1,False,False,False,False,,True,False,False,Course Lock,196.8,67,16.4,93,E,W,2.23,11.4,Calm,False,False,Android,7.0.2,M300 RTK,1ZN7L4R0H1D00F,1W9DL31001461C,1ZMLH8300204F0,1Z6PH74DAP0QN7,"Corona, CA",728.3,5.7,137.7,8.547347,2.013246,0,0,DJI Matrice 300 RTK,M300 RTK,1ZN7L4R0H1D00F,1W9DL31001461C,1ZMLH8300204F0,1Z6PH74DAP0QN7,DJI Pilot,Android,7.0.2,1EF72A62-B7C3-C88D-164E-CE6F8C8424AE,1ZN7L4R0H1D00F,1W9DL31001461C,,1ZMLH8300204F0,1W9DL31001461C,,,,,
2023-11-01,11:29:26.34 AM,5m 4.0s,304.0,33.8008171917015,-117.4719104580141,133.8,137.7,19.0,1398,2314.1,6.366442,6.94893,-6.039738,2.23694,-2.013246,1.342164,0.223694,0.447388,-2.5,0.1,2.5,-159.6,200.4,199.0,Tripod,Other,,23,5,True,,True,False,,Smart,RC,False,True,False,,,True,,False,False,False,False,False,False,False,False,False,False,0,Follow Yaw,-77.9,0,-167.8,192.2,False,False,False,False,False,,0,0,False,False,No Card,100,100,1024,1374,788,1024,2,False,False,False,False,False,0,False,False,False,False,84,,47.412,,4188,,4986,,47.412,,True,3.949,3.949,3.949,3.949,3.949,3.949,3.949,3.949,3.949,3.949,3.949,3.949,0,,False,False,True,,,,,,,,,,,,,,,False,False,9.122,,93.7,,75.7,,93.7,,1600,65,13,18,8,140459.3,18727.91,,Idle,,20,,10,,,20,Go Home,False,False,False,False,False,False,False,False,False,False,False,False,33.8027920380556,-117.4659261431046,1951.9,2972.0,1049.4,396.9,True,1,1,False,False,False,False,,True,False,False,Course Lock,196.8,67,16.4,93,E,W,2.23,11.4,Calm,False,False,Android,7.0.2,M300 RTK,1ZN7L4R0H1D00F,1W9DL31001461C,1ZMLH8300204F0,1Z6PH74DAP0QN7,"Corona, CA",728.3,5.7,137.7,8.547347,2.013246,0,0,DJI Matrice 300 RTK,M300 RTK,1ZN7L4R0H1D00F,1W9DL31001461C,1ZMLH8300204F0,1Z6PH74DAP0QN7,DJI Pilot,Android,7.0.2,1EF72A62-B7C3-C88D-164E-CE6F8C8424AE,1ZN7L4R0H1D00F,1W9DL31001461C,,1ZMLH8300204F0,1W9DL31001461C,,,,,
2023-11-01,11:29:26.43 AM,5m 4.1s,304.1,33.8008145271659,-117.4719113973038,133.8,137.7,19.0,1398,2315.1,6.366442,6.94893,-6.039738,2.23694,-2.013246,1.342164,0.223694,0.447388,-2.6,0.4,2.6,-159.6,200.4,196.3,Tripod,Other,,23,5,True,,True,False,,Smart,RC,False,True,False,,,True,,False,False,False,False,False,False,False,False,False,False,0,Follow Yaw,-77.9,0,-167.7,192.3,False,False,False,False,False,,0,0,False,False,No Card,100,100,1024,1374,769,1024,2,False,False,False,False,False,0,False,False,False,False,84,,47.412,,4188,,4986,,47.412,,True,3.949,3.949,3.949,3.949,3.949,3.949,3.949,3.949,3.949,3.949,3.949,3.949,0,,False,False,True,,,,,,,,,,,,,,,False,False,9.122,,93.7,,75.7,,93.7,,1600,65,13,18,8,140459.3,18727.91,,Idle,,20,,10,,,20,Go Home,False,False,False,False,False,False,False,False,False,False,False,False,33.8027920380556,-117.4659261431046,1952.5,2972.0,1049.4,396.9,True,1,1,False,False,False,False,,True,False,False,Course Lock,196.8,67,16.4,93,E,W,2.23,11.4,Calm,False,False,Android,7.0.2,M300 RTK,1ZN7L4R0H1D00F,1W9DL31001461C,1ZMLH8300204F0,1Z6PH74DAP0QN7,"Corona, CA",728.3,5.7,137.7,8.547347,2.013246,0,0,DJI Matrice 300 RTK,M300 RTK,1ZN7L4R0H1D00F,1W9DL31001461C,1ZMLH8300204F0,1Z6PH74DAP0QN7,DJI Pilot,Android,7.0.2,1EF72A62-B7C3-C88D-164E-CE6F8C8424AE,1ZN7L4R0H1D00F,1W9DL31001461C,,1ZMLH8300204F0,1W9DL31001461C,,,,,
2023-11-01,11:29:26.53 AM,5m 4.2s,304.2,33.8008120123048,-117.4719124441296,133.8,137.7,19.0,1398,2316.1,6.366442,6.94893,-6.039738,2.23694,-2.013246,1.342164,0.447388,0.447388,-2.8,0.4,2.8,-159.6,200.4,199.0,Tripod,Other,,23,5,True,,True,False,,Smart,RC,False,True,False,,,True,,False,False,False,False,False,False,False,False,False,False,0,Follow Yaw,-77.9,0,-167.7,192.3,False,False,False,False,False,,0,0,False,False,No Card,100,100,1024,1374,773,1024,2,False,False,False,False,False,0,False,False,False,False,84,,47.412,,4188,,4986,,47.412,,True,3.949,3.949,3.949,3.949,3.949,3.949,3.949,3.949,3.949,3.949,3.949,3.949,0,,False,False,True,,,,,,,,,,,,,,,False,False,9.122,,93.7,,75.7,,93.7,,1600,65,13,18,8,140459.3,18727.91,,Idle,,20,,10,,,20,Go Home,False,False,False,False,False,False,False,False,False,False,False,False,33.8027920380556,-117.4659261431046,1953.2,2972.0,1049.4,396.9,True,1,1,False,False,False,False,,True,False,False,Course Lock,196.8,67,16.4,93,E,W,2.23,11.4,Calm,False,False,Android,7.0.2,M300 RTK,1ZN7L4R0H1D00F,1W9DL31001461C,1ZMLH8300204F0,1Z6PH74DAP0QN7,"Corona, CA",728.3,5.7,137.7,8.547347,2.013246,0,0,DJI Matrice 300 RTK,M300 RTK,1ZN7L4R0H1D00F,1W9DL31001461C,1ZMLH8300204F0,1Z6PH74DAP0QN7,DJI Pilot,Android,7.0.2,1EF72A62-B7C3-C88D-164E-CE6F8C8424AE,1ZN7L4R0H1D00F,1W9DL31001461C,,1ZMLH8300204F0,1W9DL31001461C,,,,,
2023-11-01,11:29:26.63 AM,5m 4.3s,304.3,33.8008098856106,-117.4719133484538,133.8,137.7,19.0,1398,2316.9,6.366442,6.94893,-6.039738,2.23694,-2.013246,1.342164,0.447388,0.447388,-2.7,0.3,2.7,-159.5,200.5,199.4,Tripod,Other,,23,5,True,,True,False,,Smart,RC,False,True,False,,,True,,False,False,False,False,False,False,False,False,False,False,0,Follow Yaw,-77.9,0,-167.7,192.3,False,False,False,False,False,,0,0,False,False,No Card,100,100,1024,1377,768,1024,2,False,False,False,False,False,0,False,False,False,False,84,,47.412,,4188,,4986,,47.412,,True,3.952,3.952,3.952,3.952,3.952,3.952,3.952,3.952,3.952,3.952,3.952,3.952,0,,False,False,True,,,,,,,,,,,,,,,False,False,9.122,,93.7,,75.7,,93.7,,1601,66,13,18,8,140089.3,18678.58,,Idle,,20,,10,,,20,Go Home,False,False,False,False,False,False,False,False,False,False,False,False,33.8027920380556,-117.4659261431046,1953.7,2972.0,1049.4,396.9,True,1,1,False,False,False,False,,True,False,False,Course Lock,196.8,67,16.4,93,E,W,2.01,11.4,Calm,False,False,Android,7.0.2,M300 RTK,1ZN7L4R0H1D00F,1W9DL31001461C,1ZMLH8300204F0,1Z6PH74DAP0QN7,"Corona, CA",728.3,5.7,137.7,8.547347,2.013246,0,0,DJI Matrice 300 RTK,M300 RTK,1ZN7L4R0H1D00F,1W9DL31001461C,1ZMLH8300204F0,1Z6PH74DAP0QN7,DJI Pilot,Android,7.0.2,1EF72A62-B7C3-C88D-164E-CE6F8C8424AE,1ZN7L4R0H1D00F,1W9DL31001461C,,1ZMLH8300204F0,1W9DL31001461C,,,,,
2023-11-01,11:29:26.74 AM,5m 4.4s,304.4,33.8008073959694,-117.4719144216688,133.8,137.7,19.0,1398,2317.9,6.440678,6.94893,-6.039738,2.23694,-2.23694,1.342164,0.447388,0.447388,-2.6,0.2,2.6,-159.5,200.5,199.7,Tripod,Other,,23,5,True,,True,False,,Smart,RC,False,True,False,,,True,,False,False,False,False,False,False,False,False,False,False,0,Follow Yaw,-77.9,0,-167.7,192.3,False,False,False,False,False,,0,0,False,False,No Card,100,100,1024,1379,768,1024,2,False,False,False,False,False,0,False,False,False,False,84,,47.412,,4188,,4986,,47.412,,True,3.952,3.952,3.952,3.952,3.952,3.952,3.952,3.952,3.952,3.952,3.952,3.952,0,,False,False,True,,,,,,,,,,,,,,,False,False,9.122,,93.7,,75.7,,93.7,,1601,66,13,18,8,140089.3,18678.58,,Idle,,20,,10,,,20,Go Home,False,False,False,False,False,False,False,False,False,False,False,False,33.8027920380556,-117.4659261431046,1954.3,2972.0,1049.4,396.9,True,1,1,False,False,False,False,,True,False,False,Course Lock,196.8,67,16.4,93,E,W,2.01,11.4,Calm,False,False,Android,7.0.2,M300 RTK,1ZN7L4R0H1D00F,1W9DL31001461C,1ZMLH8300204F0,1Z6PH74DAP0QN7,"Corona, CA",728.3,5.7,137.7,8.547347,2.013246,0,0,DJI Matrice 300 RTK,M300 RTK,1ZN7L4R0H1D00F,1W9DL31001461C,1ZMLH8300204F0,1Z6PH74DAP0QN7,DJI Pilot,Android,7.0.2,1EF72A62-B7C3-C88D-164E-CE6F8C8424AE,1ZN7L4R0H1D00F,1W9DL31001461C,,1ZMLH8300204F0,1W9DL31001461C,,,,,
2023-11-01,11:29:26.84 AM,5m 4.5s,304.5,33.8008046881213,-117.4719156126454,133.5,137.7,19.0,1397,2318.9,6.440678,6.94893,-6.039738,2.23694,-2.23694,1.342164,0.447388,0.447388,-2.4,0,2.4,-159.5,200.5,200.0,Tripod,Other,,23,5,True,,True,False,,Smart,RC,False,True,False,,,True,,False,False,False,False,False,False,False,False,False,False,0,Follow Yaw,-77.9,0,-167.7,192.3,False,False,False,False,False,,0,0,False,False,No Card,100,100,1024,1391,773,1024,2,False,False,False,False,False,0,False,False,False,False,84,,47.412,,4188,,4986,,47.412,,True,3.952,3.952,3.952,3.952,3.952,3.952,3.952,3.952,3.952,3.952,3.952,3.952,0,,False,False,True,,,,,,,,,,,,,,,False,False,9.122,,93.7,,75.7,,93.7,,1601,66,13,18,8,140089.3,18678.58,,Idle,,20,,10,,,20,Go Home,False,False,False,False,False,False,False,False,False,False,False,False,33.8027920380556,-117.4659261431046,1955.0,2972.0,1049.4,396.9,True,1,1,False,False,False,False,,True,False,False,Course Lock,196.8,67,16.4,93,E,W,2.01,11.4,Calm,False,False,Android,7.0.2,M300 RTK,1ZN7L4R0H1D00F,1W9DL31001461C,1ZMLH8300204F0,1Z6PH74DAP0QN7,"Corona, CA",728.3,5.7,137.7,8.547347,2.013246,0,0,DJI Matrice 300 RTK,M300 RTK,1ZN7L4R0H1D00F,1W9DL31001461C,1ZMLH8300204F0,1Z6PH74DAP0QN7,DJI Pilot,Android,7.0.2,1EF72A62-B7C3-C88D-164E-CE6F8C8424AE,1ZN7L4R0H1D00F,1W9DL31001461C,,1ZMLH8300204F0,1W9DL31001461C,,,,,
2023-11-01,11:29:26.94 AM,5m 4.6s,304.6,33.8008021792911,-117.4719167129092,133.5,137.7,19.0,1397,2319.9,6.440678,6.94893,-6.039738,2.23694,-2.23694,1.342164,0.447388,0.447388,-2.3,-0.2,2.3,-159.5,200.5,200.0,Tripod,Other,,23,5,True,,True,False,,Smart,RC,False,True,False,,,True,,False,False,False,False,False,False,False,False,False,False,0,Follow Yaw,-77.9,0,-167.7,192.3,False,False,False,False,False,,0,0,False,False,No Card,100,100,1024,1394,766,1024,2,False,False,False,False,False,0,False,False,False,False,84,,47.412,,4188,,4986,,47.412,,True,3.952,3.952,3.952,3.952,3.952,3.952,3.952,3.952,3.952,3.952,3.952,3.952,0,,False,False,True,,,,,,,,,,,,,,,False,False,9.122,,93.7,,75.7,,93.7,,1601,66,13,18,8,140089.3,18678.58,,Idle,,20,,10,,,20,Go Home,False,False,False,False,False,False,False,False,False,False,False,False,33.8027920380556,-117.4659261431046,1955.7,2972.0,1049.4,396.9,True,1,1,False,False,False,False,,True,False,False,Course Lock,196.8,67,16.4,93,E,W,2.01,11.4,Calm,False,False,Android,7.0.2,M300 RTK,1ZN7L4R0H1D00F,1W9DL31001461C,1ZMLH8300204F0,1Z6PH74DAP0QN7,"Corona, CA",728.3,5.7,137.7,8.547347,2.013246,0,0,DJI Matrice 300 RTK,M300 RTK,1ZN7L4R0H1D00F,1W9DL31001461C,1ZMLH8300204F0,1Z6PH74DAP0QN7,DJI Pilot,Android,7.0.2,1EF72A62-B7C3-C88D-164E-CE6F8C8424AE,1ZN7L4R0H1D00F,1W9DL31001461C,,1ZMLH8300204F0,1W9DL31001461C,,,,,
2023-11-01,11:29:27.04 AM,5m 4.7s,304.7,33.8007994802152,-117.4719179175752,133.5,137.7,19.0,1397,2320.9,6.440678,6.94893,-6.039738,2.23694,-2.23694,1.342164,0.447388,0.447388,-2.3,-0.4,2.3,-159.5,200.5,200.3,Tripod,Other,,23,5,True,,True,False,,Smart,RC,False,True,False,,,True,,False,False,False,False,False,False,False,False,False,False,0,Follow Yaw,-77.9,0,-167.7,192.3,False,False,False,False,False,,0,0,False,False,No Card,100,100,1024,1391,766,1024,2,False,False,False,False,False,0,False,False,False,False,84,,47.412,,4188,,4986,,47.412,,True,3.952,3.952,3.952,3.952,3.952,3.952,3.952,3.952,3.952,3.952,3.952,3.952,0,,False,False,True,,,,,,,,,,,,,,,False,False,9.122,,93.7,,75.7,,93.7,,1601,66,13,18,8,140089.3,18678.58,,Idle,,20,,10,,,20,Go Home,False,False,False,False,False,False,False,False,False,False,False,False,33.8027920380556,-117.4659261431046,1956.4,2972.0,1049.4,396.9,True,1,1,False,False,False,False,,True,False,False,Course Lock,196.8,67,16.4,93,E,W,2.01,11.4,Calm,False,False,Android,7.0.2,M300 RTK,1ZN7L4R0H1D00F,1W9DL31001461C,1ZMLH8300204F0,1Z6PH74DAP0QN7,"Corona, CA",728.3,5.7,137.7,8.547347,2.013246,0,0,DJI Matrice 300 RTK,M300 RTK,1ZN7L4R0H1D00F,1W9DL31001461C,1ZMLH8300204F0,1Z6PH74DAP0QN7,DJI Pilot,Android,7.0.2,1EF72A62-B7C3-C88D-164E-CE6F8C8424AE,1ZN7L4R0H1D00F,1W9DL31001461C,,1ZMLH8300204F0,1W9DL31001461C,,,,,
2023-11-01,11:29:27.15 AM,5m 4.8s,304.8,33.8007969554854,-117.471919030209,133.5,137.7,19.0,1397,2321.9,6.440678,6.94893,-6.039738,2.23694,-2.23694,1.342164,0.447388,0.447388,-2.5,-0.6,2.5,-159.6,200.4,200.1,Tripod,Other,,23,5,True,,True,False,,Smart,RC,False,True,False,,,True,,False,False,False,False,False,False,False,False,False,False,0,Follow Yaw,-77.9,0,-167.7,192.3,False,False,False,False,False,,0,0,False,False,No Card,100,100,1024,1393,783,1024,2,False,False,False,False,False,0,False,False,False,False,84,,47.412,,4188,,4986,,47.412,,True,3.952,3.952,3.952,3.952,3.952,3.952,3.952,3.952,3.952,3.952,3.952,3.952,0,,False,False,True,,,,,,,,,,,,,,,False,False,9.122,,93.7,,75.7,,93.7,,1601,66,13,18,8,140089.3,18678.58,,Idle,,20,,10,,,20,Go Home,False,False,False,False,False,False,False,False,False,False,False,False,33.8027920380556,-117.4659261431046,1957.0,2972.0,1049.4,396.9,True,1,1,False,False,False,False,,True,False,False,Course Lock,196.8,67,16.4,93,E,W,2.01,11.4,Calm,False,False,Android,7.0.2,M300 RTK,1ZN7L4R0H1D00F,1W9DL31001461C,1ZMLH8300204F0,1Z6PH74DAP0QN7,"Corona, CA",728.3,5.7,137.7,8.547347,2.013246,0,0,DJI Matrice 300 RTK,M300 RTK,1ZN7L4R0H1D00F,1W9DL31001461C,1ZMLH8300204F0,1Z6PH74DAP0QN7,DJI Pilot,Android,7.0.2,1EF72A62-B7C3-C88D-164E-CE6F8C8424AE,1ZN7L4R0H1D00F,1W9DL31001461C,,1ZMLH8300204F0,1W9DL31001461C,,,,,
2023-11-01,11:29:27.25 AM,5m 4.9s,304.9,33.800794635256,-117.4719201700565,133.2,137.7,19.0,1397,2322.8,6.440678,6.94893,-6.039738,2.23694,-2.23694,1.342164,0.447388,0.447388,-2.7,-0.6,2.7,-159.6,200.4,202.2,Tripod,Other,,23,5,True,,True,False,,Smart,RC,False,True,False,,,True,,False,False,False,False,False,False,False,False,False,False,0,Follow Yaw,-77.9,0,-167.7,192.3,False,False,False,False,False,,0,0,False,False,No Card,100,100,1024,1390,751,1024,2,False,False,False,False,False,0,False,False,False,False,84,,47.412,,4188,,4986,,47.412,,True,3.952,3.952,3.952,3.952,3.952,3.952,3.952,3.952,3.952,3.952,3.952,3.952,0,,False,False,True,,,,,,,,,,,,,,,False,False,9.122,,93.7,,75.7,,93.7,,1601,66,13,18,8,140089.3,18678.58,,Idle,,20,,10,,,20,Go Home,False,False,False,False,False,False,False,False,False,False,False,False,33.8027920380556,-117.4659261431046,1957.7,2972.0,1049.4,396.9,True,1,1,False,False,False,False,,True,False,False,Course Lock,196.8,67,16.4,93,E,W,2.01,11.4,Calm,False,False,Android,7.0.2,M300 RTK,1ZN7L4R0H1D00F,1W9DL31001461C,1ZMLH8300204F0,1Z6PH74DAP0QN7,"Corona, CA",728.3,5.7,137.7,8.547347,2.013246,0,0,DJI Matrice 300 RTK,M300 RTK,1ZN7L4R0H1D00F,1W9DL31001461C,1ZMLH8300204F0,1Z6PH74DAP0QN7,DJI Pilot,Android,7.0.2,1EF72A62-B7C3-C88D-164E-CE6F8C8424AE,1ZN7L4R0H1D00F,1W9DL31001461C,,1ZMLH8300204F0,1W9DL31001461C,,,,,
2023-11-01,11:29:27.35 AM,5m 5.0s,305.0,33.800792112171,-117.4719212825253,133.2,137.7,19.0,1397,2323.8,6.440678,6.94893,-6.039738,2.23694,-2.23694,1.342164,0.447388,0.447388,-2.7,-0.6,2.7,-159.6,200.4,200.1,Tripod,Other,,23,5,True,,True,False,,Smart,RC,False,True,False,,,True,,False,False,False,False,False,False,False,False,False,False,0,Follow Yaw,-77.9,0,-167.7,192.3,False,False,False,False,False,,0,0,False,False,No Card,100,100,1024,1387,723,1024,2,False,False,False,False,False,0,False,False,False,False,83,,47.412,,8386,,10044,,47.412,,True,3.952,3.952,3.952,3.952,3.952,3.952,3.952,3.952,3.952,3.952,3.952,3.952,0,,False,False,True,,,,,,,,,,,,,,,False,False,18.78,,93.7,,75.7,,93.7,,1601,66,13,18,8,140089.3,18678.58,,Idle,,20,,10,,,20,Go Home,False,False,False,False,False,False,False,False,False,False,False,False,33.8027920380556,-117.4659261431046,1958.3,2972.0,1049.4,396.9,True,1,1,False,False,False,False,,True,False,False,Course Lock,196.8,67,16.4,93,E,W,2.01,11.4,Calm,False,False,Android,7.0.2,M300 RTK,1ZN7L4R0H1D00F,1W9DL31001461C,1ZMLH8300204F0,1Z6PH74DAP0QN7,"Corona, CA",728.3,5.7,137.7,8.547347,2.013246,0,0,DJI Matrice 300 RTK,M300 RTK,1ZN7L4R0H1D00F,1W9DL31001461C,1ZMLH8300204F0,1Z6PH74DAP0QN7,DJI Pilot,Android,7.0.2,1EF72A62-B7C3-C88D-164E-CE6F8C8424AE,1ZN7L4R0H1D00F,1W9DL31001461C,,1ZMLH8300204F0,1W9DL31001461C,,,,,
2023-11-01,11:29:27.45 AM,5m 5.1s,305.1,33.8007896609079,-117.47192241726,133.2,137.7,19.0,1397,2324.8,6.440678,6.94893,-6.039738,2.23694,-2.23694,1.342164,0.447388,0.447388,-2.6,-0.5,2.6,-159.6,200.4,201.0,Tripod,Other,,23,5,True,,True,False,,Smart,RC,False,True,False,,,True,,False,False,False,False,False,False,False,False,False,False,0,Follow Yaw,-77.9,0,-167.7,192.3,False,False,False,False,False,,0,0,False,False,No Card,100,100,1024,1385,705,1024,2,False,False,False,False,False,0,False,False,False,False,83,,47.412,,8386,,10044,,47.412,,True,3.952,3.952,3.952,3.952,3.952,3.952,3.952,3.952,3.952,3.952,3.952,3.952,0,,False,False,True,,,,,,,,,,,,,,,False,False,18.78,,93.7,,75.7,,93.7,,1601,66,13,18,8,140089.3,18678.58,,Idle,,20,,10,,,20,Go Home,False,False,False,False,False,False,False,False,False,False,False,False,33.8027920380556,-117.4659261431046,1959.0,2972.0,1049.4,396.9,True,1,1,False,False,False,False,,True,False,False,Course Lock,196.8,67,16.4,93,E,W,2.01,11.4,Calm,False,False,Android,7.0.2,M300 RTK,1ZN7L4R0H1D00F,1W9DL31001461C,1ZMLH8300204F0,1Z6PH74DAP0QN7,"Corona, CA",728.3,5.7,137.7,8.547347,2.013246,0,0,DJI Matrice 300 RTK,M300 RTK,1ZN7L4R0H1D00F,1W9DL31001461C,1ZMLH8300204F0,1Z6PH74DAP0QN7,DJI Pilot,Android,7.0.2,1EF72A62-B7C3-C88D-164E-CE6F8C8424AE,1ZN7L4R0H1D00F,1W9DL31001461C,,1ZMLH8300204F0,1W9DL31001461C,,,,,
2023-11-01,11:29:27.54 AM,5m 5.2s,305.2,33.8007871372747,-117.471923521977,133.2,137.7,19.0,1397,2325.8,6.440678,6.94893,-6.039738,2.23694,-2.23694,1.342164,0.447388,0.447388,-2.7,-0.2,2.7,-159.6,200.4,199.9,Tripod,Other,,23,5,True,,True,False,,Smart,RC,False,True,False,,,True,,False,False,False,False,False,False,False,False,False,False,0,Follow Yaw,-77.9,0,-167.7,192.3,False,False,False,False,False,,0,0,False,False,No Card,100,100,1024,1386,734,1024,2,False,False,False,False,False,0,False,False,False,False,83,,47.412,,8386,,10044,,47.412,,True,3.952,3.952,3.952,3.952,3.952,3.952,3.952,3.952,3.952,3.952,3.952,3.952,0,,False,False,True,,,,,,,,,,,,,,,False,False,18.78,,93.7,,75.7,,93.7,,1601,66,13,18,8,140089.3,18678.58,,Idle,,20,,10,,,20,Go Home,False,False,False,False,False,False,False,False,False,False,False,False,33.8027920380556,-117.4659261431046,1959.6,2972.0,1049.4,396.9,True,1,1,False,False,False,False,,True,False,False,Course Lock,196.8,67,16.4,93,E,W,2.01,11.4,Calm,False,False,Android,7.0.2,M300 RTK,1ZN7L4R0H1D00F,1W9DL31001461C,1ZMLH8300204F0,1Z6PH74DAP0QN7,"Corona, CA",728.3,5.7,137.7,8.547347,2.013246,0,0,DJI Matrice 300 RTK,M300 RTK,1ZN7L4R0H1D00F,1W9DL31001461C,1ZMLH8300204F0,1Z6PH74DAP0QN7,DJI Pilot,Android,7.0.2,1EF72A62-B7C3-C88D-164E-CE6F8C8424AE,1ZN7L4R0H1D00F,1W9DL31001461C,,1ZMLH8300204F0,1W9DL31001461C,,,,,
2023-11-01,11:29:27.66 AM,5m 5.3s,305.3,33.800784421751,-117.4719248145519,132.8,137.7,19.0,1397,2326.8,6.440678,6.94893,-6.039738,2.23694,-2.23694,1.342164,0.447388,0.447388,-2.8,-0.1,2.8,-159.7,200.3,201.5,Tripod,Other,,23,5,True,,True,False,,Smart,RC,False,True,False,,,True,,False,False,False,False,False,False,False,False,False,False,0,Follow Yaw,-77.9,0,-167.7,192.3,False,False,False,False,False,,0,0,False,False,No Card,100,100,1024,1382,684,1024,2,False,False,False,False,False,0,False,False,False,False,83,,47.412,,8386,,10044,,47.412,,True,3.955,3.955,3.955,3.955,3.955,3.955,3.955,3.955,3.955,3.955,3.955,3.955,0,,False,False,True,,,,,,,,,,,,,,,False,False,18.78,,93.7,,75.7,,93.7,,1603,66,13,18,8,139796.2,18639.50,,Idle,,20,,10,,,20,Go Home,False,False,False,False,False,False,False,False,False,False,False,False,33.8027920380556,-117.4659261431046,1960.4,2972.0,1049.4,396.9,True,1,1,False,False,False,False,,True,False,False,Course Lock,196.8,67,16.4,93,E,W,2.01,11.4,Calm,False,False,Android,7.0.2,M300 RTK,1ZN7L4R0H1D00F,1W9DL31001461C,1ZMLH8300204F0,1Z6PH74DAP0QN7,"Corona, CA",728.3,5.7,137.7,8.547347,2.013246,0,0,DJI Matrice 300 RTK,M300 RTK,1ZN7L4R0H1D00F,1W9DL31001461C,1ZMLH8300204F0,1Z6PH74DAP0QN7,DJI Pilot,Android,7.0.2,1EF72A62-B7C3-C88D-164E-CE6F8C8424AE,1ZN7L4R0H1D00F,1W9DL31001461C,,1ZMLH8300204F0,1W9DL31001461C,,,,,
2023-11-01,11:29:27.76 AM,5m 5.4s,305.4,33.8007818712531,-117.4719259332882,132.8,137.7,19.0,1397,2327.8,6.440678,6.94893,-6.039738,2.23694,-2.23694,1.342164,0.447388,0.447388,-2.9,-0.3,2.9,-159.7,200.3,200.0,Tripod,Other,,23,5,True,,True,False,,Smart,RC,False,True,False,,,True,,False,False,False,False,False,False,False,False,False,False,0,Follow Yaw,-77.9,0,-167.7,192.3,False,False,False,False,False,,0,0,False,False,No Card,100,100,1024,1382,684,1024,2,False,False,False,False,False,0,False,False,False,False,83,,47.412,,8386,,10044,,47.412,,True,3.955,3.955,3.955,3.955,3.955,3.955,3.955,3.955,3.955,3.955,3.955,3.955,0,,False,False,True,,,,,,,,,,,,,,,False,False,18.78,,93.7,,75.7,,93.7,,1603,66,13,18,8,139796.2,18639.50,,Idle,,20,,10,,,20,Go Home,False,False,False,False,False,False,False,False,False,False,False,False,33.8027920380556,-117.4659261431046,1961.0,2972.0,1049.4,396.9,True,1,1,False,False,False,False,,True,False,False,Course Lock,196.8,67,16.4,93,E,W,2.01,11.4,Calm,False,False,Android,7.0.2,M300 RTK,1ZN7L4R0H1D00F,1W9DL31001461C,1ZMLH8300204F0,1Z6PH74DAP0QN7,"Corona, CA",728.3,5.7,137.7,8.547347,2.013246,0,0,DJI Matrice 300 RTK,M300 RTK,1ZN7L4R0H1D00F,1W9DL31001461C,1ZMLH8300204F0,1Z6PH74DAP0QN7,DJI Pilot,Android,7.0.2,1EF72A62-B7C3-C88D-164E-CE6F8C8424AE,1ZN7L4R0H1D00F,1W9DL31001461C,,1ZMLH8300204F0,1W9DL31001461C,,,,,
2023-11-01,11:29:27.86 AM,5m 5.5s,305.5,33.8007796140734,-117.4719270269547,132.8,137.7,19.0,1397,2328.7,6.440678,6.94893,-6.039738,2.23694,-2.23694,1.342164,0.671082,0.671082,-2.8,-0.5,2.8,-159.8,200.2,201.9,Tripod,Other,,23,5,True,,True,False,,Smart,RC,False,True,False,,,True,,False,False,False,False,False,False,False,False,False,False,0,Follow Yaw,-77.9,0,-167.7,192.3,False,False,False,False,False,,0,0,False,False,No Card,100,100,1024,1380,732,1024,2,False,False,False,False,False,0,False,False,False,False,83,,47.412,,8386,,10044,,47.412,,True,3.955,3.955,3.955,3.955,3.955,3.955,3.955,3.955,3.955,3.955,3.955,3.955,0,,False,False,True,,,,,,,,,,,,,,,False,False,18.78,,93.7,,75.7,,93.7,,1603,66,13,18,8,139796.2,18639.50,,Idle,,20,,10,,,20,Go Home,False,False,False,False,False,False,False,False,False,False,False,False,33.8027920380556,-117.4659261431046,1961.7,2972.0,1049.4,396.9,True,1,1,False,False,False,False,,True,False,False,Course Lock,196.8,67,16.4,93,E,W,2.01,11.4,Calm,False,False,Android,7.0.2,M300 RTK,1ZN7L4R0H1D00F,1W9DL31001461C,1ZMLH8300204F0,1Z6PH74DAP0QN7,"Corona, CA",728.3,5.7,137.7,8.547347,2.013246,0,0,DJI Matrice 300 RTK,M300 RTK,1ZN7L4R0H1D00F,1W9DL31001461C,1ZMLH8300204F0,1Z6PH74DAP0QN7,DJI Pilot,Android,7.0.2,1EF72A62-B7C3-C88D-164E-CE6F8C8424AE,1ZN7L4R0H1D00F,1W9DL31001461C,,1ZMLH8300204F0,1W9DL31001461C,,,,,
2023-11-01,11:29:27.97 AM,5m 5.6s,305.6,33.8007770696064,-117.4719281409079,132.5,137.7,19.0,1396,2329.7,6.440678,6.94893,-6.039738,2.23694,-2.23694,1.342164,0.671082,0.671082,-2.7,-0.5,2.7,-159.7,200.3,199.9,Tripod,Other,,23,5,True,,True,False,,Smart,RC,False,True,False,,,True,,False,False,False,False,False,False,False,False,False,False,0,Follow Yaw,-77.9,0,-167.7,192.3,False,False,False,False,False,,0,0,False,False,No Card,100,100,1024,1381,732,1024,2,False,False,False,False,False,0,False,False,False,False,83,,47.412,,8386,,10044,,47.412,,True,3.955,3.955,3.955,3.955,3.955,3.955,3.955,3.955,3.955,3.955,3.955,3.955,0,,False,False,True,,,,,,,,,,,,,,,False,False,18.78,,93.7,,75.7,,93.7,,1603,66,13,18,8,139796.2,18639.50,,Idle,,20,,10,,,20,Go Home,False,False,False,False,False,False,False,False,False,False,False,False,33.8027920380556,-117.4659261431046,1962.3,2972.0,1049.4,396.9,True,1,1,False,False,False,False,,True,False,False,Course Lock,196.8,67,16.4,93,E,W,2.01,11.4,Calm,False,False,Android,7.0.2,M300 RTK,1ZN7L4R0H1D00F,1W9DL31001461C,1ZMLH8300204F0,1Z6PH74DAP0QN7,"Corona, CA",728.3,5.7,137.7,8.547347,2.013246,0,0,DJI Matrice 300 RTK,M300 RTK,1ZN7L4R0H1D00F,1W9DL31001461C,1ZMLH8300204F0,1Z6PH74DAP0QN7,DJI Pilot,Android,7.0.2,1EF72A62-B7C3-C88D-164E-CE6F8C8424AE,1ZN7L4R0H1D00F,1W9DL31001461C,,1ZMLH8300204F0,1W9DL31001461C,,,,,
2023-11-01,11:29:28.07 AM,5m 5.7s,305.7,33.8007745892856,-117.4719291808064,132.5,137.7,18.7,1396,2330.6,6.440678,6.94893,-6.039738,2.23694,-2.23694,1.342164,0.671082,0.671082,-2.6,-0.3,2.6,-159.7,200.3,199.2,Tripod,Other,,23,5,True,,True,False,,Smart,RC,False,True,False,,,True,,False,False,False,False,False,False,False,False,False,False,0,Follow Yaw,-77.9,0,-167.7,192.3,False,False,False,False,False,,0,0,False,False,No Card,100,100,1024,1384,731,1024,2,False,False,False,False,False,0,False,False,False,False,84,,47.292,,4188,,4986,,47.292,,True,3.955,3.955,3.955,3.955,3.955,3.955,3.955,3.955,3.955,3.955,3.955,3.955,0,,False,False,True,,,,,,,,,,,,,,,False,False,9.372,,93.7,,75.7,,93.7,,1603,66,13,18,8,139796.2,18639.50,,Idle,,20,,10,,,20,Go Home,False,False,False,False,False,False,False,False,False,False,False,False,33.8027920380556,-117.4659261431046,1963.0,2972.0,1049.4,396.9,True,1,1,False,False,False,False,,True,False,False,Course Lock,196.8,67,16.4,93,E,W,2.01,11.4,Calm,False,False,Android,7.0.2,M300 RTK,1ZN7L4R0H1D00F,1W9DL31001461C,1ZMLH8300204F0,1Z6PH74DAP0QN7,"Corona, CA",728.3,5.7,137.7,8.547347,2.013246,0,0,DJI Matrice 300 RTK,M300 RTK,1ZN7L4R0H1D00F,1W9DL31001461C,1ZMLH8300204F0,1Z6PH74DAP0QN7,DJI Pilot,Android,7.0.2,1EF72A62-B7C3-C88D-164E-CE6F8C8424AE,1ZN7L4R0H1D00F,1W9DL31001461C,,1ZMLH8300204F0,1W9DL31001461C,,,,,
2023-11-01,11:29:28.17 AM,5m 5.8s,305.8,33.8007720344016,-117.4719302781015,132.5,137.7,18.7,1396,2331.6,6.440678,6.94893,-6.039738,2.23694,-2.23694,1.342164,0.671082,0.671082,-2.5,-0.2,2.5,-159.7,200.3,199.6,Tripod,Other,,23,5,True,,True,False,,Smart,RC,False,True,False,,,True,,False,False,False,False,False,False,False,False,False,False,0,Follow Yaw,-77.9,0,-167.7,192.3,False,False,False,False,False,,0,0,False,False,No Card,100,100,1024,1381,737,1024,2,False,False,False,False,False,0,False,False,False,False,84,,47.292,,4188,,4986,,47.292,,True,3.955,3.955,3.955,3.955,3.955,3.955,3.955,3.955,3.955,3.955,3.955,3.955,0,,False,False,True,,,,,,,,,,,,,,,False,False,9.372,,93.7,,75.7,,93.7,,1603,66,13,18,8,139796.2,18639.50,,Idle,,20,,10,,,20,Go Home,False,False,False,False,False,False,False,False,False,False,False,False,33.8027920380556,-117.4659261431046,1963.6,2972.0,1049.4,396.9,True,1,1,False,False,False,False,,True,False,False,Course Lock,196.8,67,16.4,93,E,W,2.01,11.4,Calm,False,False,Android,7.0.2,M300 RTK,1ZN7L4R0H1D00F,1W9DL31001461C,1ZMLH8300204F0,1Z6PH74DAP0QN7,"Corona, CA",728.3,5.7,137.7,8.547347,2.013246,0,0,DJI Matrice 300 RTK,M300 RTK,1ZN7L4R0H1D00F,1W9DL31001461C,1ZMLH8300204F0,1Z6PH74DAP0QN7,DJI Pilot,Android,7.0.2,1EF72A62-B7C3-C88D-164E-CE6F8C8424AE,1ZN7L4R0H1D00F,1W9DL31001461C,,1ZMLH8300204F0,1W9DL31001461C,,,,,
2023-11-01,11:29:28.28 AM,5m 5.9s,305.9,33.8007690348801,-117.4719312551608,132.2,137.7,18.7,1396,2332.8,6.6509,6.94893,-6.263432,2.23694,-2.23694,1.342164,0.671082,0.671082,-2.5,-0.3,2.5,-159.8,200.2,195.1,Tripod,Other,,23,5,True,,True,False,,Smart,RC,False,True,False,,,True,,False,False,False,False,False,False,False,False,False,False,0,Follow Yaw,-77.9,0,-167.7,192.3,False,False,False,False,False,,0,0,False,False,No Card,100,100,1024,1382,736,1024,2,False,False,False,False,False,0,False,False,False,False,84,,47.292,,4188,,4986,,47.292,,True,3.955,3.955,3.955,3.955,3.955,3.955,3.955,3.955,3.955,3.955,3.955,3.955,0,,False,False,True,,,,,,,,,,,,,,,False,False,9.372,,93.7,,75.7,,93.7,,1603,66,13,18,8,139796.2,18639.50,,Idle,,20,,10,,,20,Go Home,False,False,False,False,False,False,False,False,False,False,False,False,33.8027920380556,-117.4659261431046,1964.3,2972.0,1049.4,396.9,True,1,1,False,False,False,False,,True,False,False,Course Lock,196.8,67,16.4,93,E,W,2.01,11.4,Calm,False,False,Android,7.0.2,M300 RTK,1ZN7L4R0H1D00F,1W9DL31001461C,1ZMLH8300204F0,1Z6PH74DAP0QN7,"Corona, CA",728.3,5.7,137.7,8.547347,2.013246,0,0,DJI Matrice 300 RTK,M300 RTK,1ZN7L4R0H1D00F,1W9DL31001461C,1ZMLH8300204F0,1Z6PH74DAP0QN7,DJI Pilot,Android,7.0.2,1EF72A62-B7C3-C88D-164E-CE6F8C8424AE,1ZN7L4R0H1D00F,1W9DL31001461C,,1ZMLH8300204F0,1W9DL31001461C,,,,,
2023-11-01,11:29:28.34 AM,5m 6.0s,306.0,33.8007664246221,-117.4719323301899,132.2,137.7,18.7,1396,2333.8,6.579037,6.94893,-6.263432,2.23694,-2.013246,1.342164,0.671082,0.671082,-2.5,-0.2,2.5,-159.8,200.2,198.8,Tripod,Other,,23,5,True,,True,False,,Smart,RC,False,True,False,,,True,,False,False,False,False,False,False,False,False,False,False,0,Follow Yaw,-77.9,0,-167.7,192.3,False,False,False,False,False,,0,0,False,False,No Card,100,100,1024,1381,731,1024,2,False,False,False,False,False,0,False,False,False,False,83,,47.376,,8386,,10044,,47.376,,True,3.955,3.955,3.955,3.955,3.955,3.955,3.955,3.955,3.955,3.955,3.955,3.955,0,,False,False,True,,,,,,,,,,,,,,,False,False,18.934,,93.7,,75.7,,93.7,,1603,66,13,18,8,139796.2,18639.50,,Idle,,20,,10,,,20,Go Home,False,False,False,False,False,False,False,False,False,False,False,False,33.8027920380556,-117.4659261431046,1965.0,2972.0,1049.4,396.9,True,1,1,False,False,False,False,,True,False,False,Course Lock,196.8,67,16.4,93,E,W,2.01,11.4,Calm,False,False,Android,7.0.2,M300 RTK,1ZN7L4R0H1D00F,1W9DL31001461C,1ZMLH8300204F0,1Z6PH74DAP0QN7,"Corona, CA",728.3,5.7,137.7,8.547347,2.013246,0,0,DJI Matrice 300 RTK,M300 RTK,1ZN7L4R0H1D00F,1W9DL31001461C,1ZMLH8300204F0,1Z6PH74DAP0QN7,DJI Pilot,Android,7.0.2,1EF72A62-B7C3-C88D-164E-CE6F8C8424AE,1ZN7L4R0H1D00F,1W9DL31001461C,,1ZMLH8300204F0,1W9DL31001461C,,,,,
2023-11-01,11:29:28.44 AM,5m 6.1s,306.1,33.8007638719311,-117.4719335706462,132.2,137.7,18.7,1396,2334.8,6.579037,6.94893,-6.263432,2.23694,-2.013246,1.342164,0.671082,0.671082,-2.4,0,2.4,-159.9,200.1,201.9,Tripod,Other,,23,5,True,,True,False,,Smart,RC,False,True,False,,,True,,False,False,False,False,False,False,False,False,False,False,0,Follow Yaw,-77.9,0,-167.7,192.3,False,False,False,False,False,,0,0,False,False,No Card,100,100,1024,1379,734,1024,2,False,False,False,False,False,0,False,False,False,False,83,,47.376,,8386,,10044,,47.376,,True,3.955,3.955,3.955,3.955,3.955,3.955,3.955,3.955,3.955,3.955,3.955,3.955,0,,False,False,True,,,,,,,,,,,,,,,False,False,18.934,,93.7,,75.7,,93.7,,1603,66,13,18,8,139796.2,18639.50,,Idle,,20,,10,,,20,Go Home,False,False,False,False,False,False,False,False,False,False,False,False,33.8027920380556,-117.4659261431046,1965.7,2972.0,1049.4,396.9,True,1,1,False,False,False,False,,True,False,False,Course Lock,196.8,67,16.4,93,E,W,2.01,11.4,Calm,False,False,Android,7.0.2,M300 RTK,1ZN7L4R0H1D00F,1W9DL31001461C,1ZMLH8300204F0,1Z6PH74DAP0QN7,"Corona, CA",728.3,5.7,137.7,8.547347,2.013246,0,0,DJI Matrice 300 RTK,M300 RTK,1ZN7L4R0H1D00F,1W9DL31001461C,1ZMLH8300204F0,1Z6PH74DAP0QN7,DJI Pilot,Android,7.0.2,1EF72A62-B7C3-C88D-164E-CE6F8C8424AE,1ZN7L4R0H1D00F,1W9DL31001461C,,1ZMLH8300204F0,1W9DL31001461C,,,,,
2023-11-01,11:29:28.54 AM,5m 6.2s,306.2,33.8007612435805,-117.4719346405625,132.2,137.7,18.7,1396,2335.8,6.579037,6.94893,-6.263432,2.23694,-2.013246,1.342164,0.671082,0.671082,-2.3,0.1,2.3,-159.9,200.1,198.6,Tripod,Other,,23,5,True,,True,False,,Smart,RC,False,True,False,,,True,,False,False,False,False,False,False,False,False,False,False,0,Follow Yaw,-77.9,0,-167.7,192.3,False,False,False,False,False,,0,0,False,False,No Card,100,100,1024,1379,733,1024,2,False,False,False,False,False,0,False,False,False,False,83,,47.376,,8386,,10044,,47.376,,True,3.955,3.955,3.955,3.955,3.955,3.955,3.955,3.955,3.955,3.955,3.955,3.955,0,,False,False,True,,,,,,,,,,,,,,,False,False,18.934,,93.7,,75.7,,93.7,,1603,66,13,18,8,139796.2,18639.50,,Idle,,20,,10,,,20,Go Home,False,False,False,False,False,False,False,False,False,False,False,False,33.8027920380556,-117.4659261431046,1966.3,2972.0,1049.4,396.9,True,1,1,False,False,False,False,,True,False,False,Course Lock,196.8,67,16.4,93,E,W,2.01,11.4,Calm,False,False,Android,7.0.2,M300 RTK,1ZN7L4R0H1D00F,1W9DL31001461C,1ZMLH8300204F0,1Z6PH74DAP0QN7,"Corona, CA",728.3,5.7,137.7,8.547347,2.013246,0,0,DJI Matrice 300 RTK,M300 RTK,1ZN7L4R0H1D00F,1W9DL31001461C,1ZMLH8300204F0,1Z6PH74DAP0QN7,DJI Pilot,Android,7.0.2,1EF72A62-B7C3-C88D-164E-CE6F8C8424AE,1ZN7L4R0H1D00F,1W9DL31001461C,,1ZMLH8300204F0,1W9DL31001461C,,,,,
2023-11-01,11:29:28.64 AM,5m 6.3s,306.3,33.8007585719176,-117.4719356885427,131.8,137.7,18.7,1396,2336.8,6.579037,6.94893,-6.263432,2.23694,-2.013246,1.342164,0.671082,0.671082,-2,0.2,2,-159.9,200.1,198.0,Tripod,Other,,23,5,True,,True,False,,Smart,RC,False,True,False,,,True,,False,False,False,False,False,False,False,False,False,False,0,Follow Yaw,-77.9,0,-167.7,192.3,False,False,False,False,False,,0,0,False,False,No Card,100,100,1024,1381,735,1024,2,False,False,False,False,False,0,False,False,False,False,83,,47.376,,8386,,10044,,47.376,,True,3.949,3.949,3.949,3.949,3.949,3.949,3.949,3.949,3.949,3.949,3.949,3.949,0,,False,False,True,,,,,,,,,,,,,,,False,False,18.934,,93.7,,75.7,,93.7,,1605,66,13,18,8,139670.3,18622.71,,Idle,,20,,10,,,20,Go Home,False,False,False,False,False,False,False,False,False,False,False,False,33.8027920380556,-117.4659261431046,1967.0,2972.0,1049.4,396.9,True,1,1,False,False,False,False,,True,False,False,Course Lock,196.8,67,16.4,93,E,W,2.01,11.4,Calm,False,False,Android,7.0.2,M300 RTK,1ZN7L4R0H1D00F,1W9DL31001461C,1ZMLH8300204F0,1Z6PH74DAP0QN7,"Corona, CA",728.3,5.7,137.7,8.547347,2.013246,0,0,DJI Matrice 300 RTK,M300 RTK,1ZN7L4R0H1D00F,1W9DL31001461C,1ZMLH8300204F0,1Z6PH74DAP0QN7,DJI Pilot,Android,7.0.2,1EF72A62-B7C3-C88D-164E-CE6F8C8424AE,1ZN7L4R0H1D00F,1W9DL31001461C,,1ZMLH8300204F0,1W9DL31001461C,,,,,
2023-11-01,11:29:28.74 AM,5m 6.4s,306.4,33.8007559293122,-117.4719367389969,131.8,137.7,18.7,1396,2337.8,6.579037,6.94893,-6.263432,2.23694,-2.013246,1.342164,0.671082,0.671082,-1.8,0.4,1.8,-159.9,200.1,198.2,Tripod,Other,,23,5,True,,True,False,,Smart,RC,False,True,False,,,True,,False,False,False,False,False,False,False,False,False,False,0,Follow Yaw,-77.9,0,-167.7,192.3,False,False,False,False,False,,0,0,False,False,No Card,100,100,1024,1379,735,1024,2,False,False,False,False,False,0,False,False,False,False,83,,47.376,,8386,,10044,,47.376,,True,3.949,3.949,3.949,3.949,3.949,3.949,3.949,3.949,3.949,3.949,3.949,3.949,0,,False,False,True,,,,,,,,,,,,,,,False,False,18.934,,93.7,,75.7,,93.7,,1605,66,13,18,8,139670.3,18622.71,,Idle,,20,,10,,,20,Go Home,False,False,False,False,False,False,False,False,False,False,False,False,33.8027920380556,-117.4659261431046,1967.6,2972.0,1049.4,396.9,True,1,1,False,False,False,False,,True,False,False,Course Lock,196.8,67,16.4,93,E,W,2.01,11.4,Calm,False,False,Android,7.0.2,M300 RTK,1ZN7L4R0H1D00F,1W9DL31001461C,1ZMLH8300204F0,1Z6PH74DAP0QN7,"Corona, CA",728.3,5.7,137.7,8.547347,2.013246,0,0,DJI Matrice 300 RTK,M300 RTK,1ZN7L4R0H1D00F,1W9DL31001461C,1ZMLH8300204F0,1Z6PH74DAP0QN7,DJI Pilot,Android,7.0.2,1EF72A62-B7C3-C88D-164E-CE6F8C8424AE,1ZN7L4R0H1D00F,1W9DL31001461C,,1ZMLH8300204F0,1W9DL31001461C,,,,,
2023-11-01,11:29:28.84 AM,5m 6.5s,306.5,33.8007533267298,-117.4719378285402,131.8,137.7,18.7,1396,2338.8,6.579037,6.94893,-6.263432,2.23694,-2.013246,1.342164,0.447388,0.671082,-1.8,0.7,1.9,-159.7,200.3,199.1,Tripod,Other,,23,5,True,,True,False,,Smart,RC,False,True,False,,,True,,False,False,False,False,False,False,False,False,False,False,0,Follow Yaw,-77.9,0,-167.7,192.3,False,False,False,False,False,,0,0,False,False,No Card,100,100,1024,1380,722,1024,2,False,False,False,False,False,0,False,False,False,False,83,,47.376,,8386,,10044,,47.376,,True,3.949,3.949,3.949,3.949,3.949,3.949,3.949,3.949,3.949,3.949,3.949,3.949,0,,False,False,True,,,,,,,,,,,,,,,False,False,18.934,,93.7,,75.7,,93.7,,1605,66,13,18,8,139670.3,18622.71,,Idle,,20,,10,,,20,Go Home,False,False,False,False,False,False,False,False,False,False,False,False,33.8027920380556,-117.4659261431046,1968.3,2972.0,1049.4,396.9,True,1,1,False,False,False,False,,True,False,False,Course Lock,196.8,67,16.4,93,E,W,2.01,11.4,Calm,False,False,Android,7.0.2,M300 RTK,1ZN7L4R0H1D00F,1W9DL31001461C,1ZMLH8300204F0,1Z6PH74DAP0QN7,"Corona, CA",728.3,5.7,137.7,8.547347,2.013246,0,0,DJI Matrice 300 RTK,M300 RTK,1ZN7L4R0H1D00F,1W9DL31001461C,1ZMLH8300204F0,1Z6PH74DAP0QN7,DJI Pilot,Android,7.0.2,1EF72A62-B7C3-C88D-164E-CE6F8C8424AE,1ZN7L4R0H1D00F,1W9DL31001461C,,1ZMLH8300204F0,1W9DL31001461C,,,,,
2023-11-01,11:29:28.94 AM,5m 6.6s,306.6,33.8007506983792,-117.4719388707478,131.5,137.7,18.7,1395,2339.9,6.579037,6.94893,-6.263432,2.23694,-2.013246,1.342164,0.447388,0.671082,-1.9,1,2.1,-159.5,200.5,198.2,Tripod,Other,,23,5,True,,True,False,,Smart,RC,False,True,False,,,True,,False,False,False,False,False,False,False,False,False,False,0,Follow Yaw,-77.9,0,-167.7,192.3,False,False,False,False,False,,0,0,False,False,No Card,100,100,1024,1378,657,1024,2,False,False,False,False,False,0,False,False,False,False,83,,47.376,,8386,,10044,,47.376,,True,3.949,3.949,3.949,3.949,3.949,3.949,3.949,3.949,3.949,3.949,3.949,3.949,0,,False,False,True,,,,,,,,,,,,,,,False,False,18.934,,93.7,,75.7,,93.7,,1605,66,13,18,8,139670.3,18622.71,,Idle,,20,,10,,,20,Go Home,False,False,False,False,False,False,False,False,False,False,False,False,33.8027920380556,-117.4659261431046,1969.0,2972.0,1049.4,396.9,True,1,1,False,False,False,False,,True,False,False,Course Lock,196.8,67,16.4,93,E,W,2.01,11.4,Calm,False,False,Android,7.0.2,M300 RTK,1ZN7L4R0H1D00F,1W9DL31001461C,1ZMLH8300204F0,1Z6PH74DAP0QN7,"Corona, CA",728.3,5.7,137.7,8.547347,2.013246,0,0,DJI Matrice 300 RTK,M300 RTK,1ZN7L4R0H1D00F,1W9DL31001461C,1ZMLH8300204F0,1Z6PH74DAP0QN7,DJI Pilot,Android,7.0.2,1EF72A62-B7C3-C88D-164E-CE6F8C8424AE,1ZN7L4R0H1D00F,1W9DL31001461C,,1ZMLH8300204F0,1W9DL31001461C,,,,,
2023-11-01,11:29:29.04 AM,5m 6.7s,306.7,33.8007481835181,-117.4719396901318,131.5,137.7,18.7,1395,2340.8,6.579037,6.94893,-6.263432,2.23694,-2.013246,1.342164,0.671082,0.671082,-2.3,1,2.5,-159.4,200.6,195.1,Tripod,Other,,23,5,True,,True,False,,Smart,RC,False,True,False,,,True,,False,False,False,False,False,False,False,False,False,False,0,Follow Yaw,-77.9,0,-167.7,192.3,False,False,False,False,False,,0,0,False,False,No Card,100,100,1024,1378,631,1024,2,False,False,False,False,False,0,False,False,False,False,83,,47.376,,8386,,10044,,47.376,,True,3.949,3.949,3.949,3.949,3.949,3.949,3.949,3.949,3.949,3.949,3.949,3.949,0,,False,False,True,,,,,,,,,,,,,,,False,False,18.934,,93.7,,75.7,,93.7,,1605,66,13,18,8,139670.3,18622.71,,Idle,,20,,10,,,20,Go Home,False,False,False,False,False,False,False,False,False,False,False,False,33.8027920380556,-117.4659261431046,1969.5,2972.0,1049.4,396.9,True,1,1,False,False,False,False,,True,False,False,Course Lock,196.8,67,16.4,93,E,W,2.01,11.4,Calm,False,False,Android,7.0.2,M300 RTK,1ZN7L4R0H1D00F,1W9DL31001461C,1ZMLH8300204F0,1Z6PH74DAP0QN7,"Corona, CA",728.3,5.7,137.7,8.547347,2.013246,0,0,DJI Matrice 300 RTK,M300 RTK,1ZN7L4R0H1D00F,1W9DL31001461C,1ZMLH8300204F0,1Z6PH74DAP0QN7,DJI Pilot,Android,7.0.2,1EF72A62-B7C3-C88D-164E-CE6F8C8424AE,1ZN7L4R0H1D00F,1W9DL31001461C,,1ZMLH8300204F0,1W9DL31001461C,,,,,
2023-11-01,11:29:29.14 AM,5m 6.8s,306.8,33.8007455831287,-117.471940718485,131.5,137.7,18.7,1395,2341.8,6.579037,6.94893,-6.263432,2.23694,-2.013246,1.342164,0.671082,0.671082,-2.6,0.7,2.6,-159.5,200.5,198.1,Tripod,Other,,23,5,True,,True,False,,Smart,RC,False,True,False,,,True,,False,False,False,False,False,False,False,False,False,False,0,Follow Yaw,-77.9,0,-167.7,192.3,False,False,False,False,False,,0,0,False,False,No Card,100,100,1024,1380,683,1060,2,False,False,False,False,False,0,False,False,False,False,83,,47.376,,8386,,10044,,47.376,,True,3.949,3.949,3.949,3.949,3.949,3.949,3.949,3.949,3.949,3.949,3.949,3.949,0,,False,False,True,,,,,,,,,,,,,,,False,False,18.934,,93.7,,75.7,,93.7,,1605,66,13,18,8,139670.3,18622.71,,Idle,,20,,10,,,20,Go Home,False,False,False,False,False,False,False,False,False,False,False,False,33.8027920380556,-117.4659261431046,1970.2,2972.0,1049.4,396.9,True,1,1,False,False,False,False,,True,False,False,Course Lock,196.8,67,16.4,93,E,W,2.01,11.4,Calm,False,False,Android,7.0.2,M300 RTK,1ZN7L4R0H1D00F,1W9DL31001461C,1ZMLH8300204F0,1Z6PH74DAP0QN7,"Corona, CA",728.3,5.7,137.7,8.547347,2.013246,0,0,DJI Matrice 300 RTK,M300 RTK,1ZN7L4R0H1D00F,1W9DL31001461C,1ZMLH8300204F0,1Z6PH74DAP0QN7,DJI Pilot,Android,7.0.2,1EF72A62-B7C3-C88D-164E-CE6F8C8424AE,1ZN7L4R0H1D00F,1W9DL31001461C,,1ZMLH8300204F0,1W9DL31001461C,,,,,
2023-11-01,11:29:29.24 AM,5m 6.9s,306.9,33.8007429087244,-117.4719418081932,131.2,137.7,18.7,1395,2342.8,6.579037,6.94893,-6.263432,2.23694,-2.013246,1.342164,0.671082,0.671082,-2.6,0.6,2.6,-159.5,200.5,198.7,Tripod,Other,,23,5,True,,True,False,,Smart,RC,False,True,False,,,True,,False,False,False,False,False,False,False,False,False,False,0,Follow Yaw,-77.9,0,-167.7,192.3,False,False,False,False,False,,0,0,False,False,No Card,100,100,1024,1379,696,1182,2,False,False,False,False,False,0,False,False,False,False,83,,47.376,,8386,,10044,,47.376,,True,3.949,3.949,3.949,3.949,3.949,3.949,3.949,3.949,3.949,3.949,3.949,3.949,0,,False,False,True,,,,,,,,,,,,,,,False,False,18.934,,93.7,,75.7,,93.7,,1605,66,13,18,8,139670.3,18622.71,,Idle,,20,,10,,,20,Go Home,False,False,False,False,False,False,False,False,False,False,False,False,33.8027920380556,-117.4659261431046,1970.9,2972.0,1049.4,396.9,True,1,1,False,False,False,False,,True,False,False,Course Lock,196.8,67,16.4,93,E,W,2.01,11.4,Calm,False,False,Android,7.0.2,M300 RTK,1ZN7L4R0H1D00F,1W9DL31001461C,1ZMLH8300204F0,1Z6PH74DAP0QN7,"Corona, CA",728.3,5.7,137.7,8.547347,2.013246,0,0,DJI Matrice 300 RTK,M300 RTK,1ZN7L4R0H1D00F,1W9DL31001461C,1ZMLH8300204F0,1Z6PH74DAP0QN7,DJI Pilot,Android,7.0.2,1EF72A62-B7C3-C88D-164E-CE6F8C8424AE,1ZN7L4R0H1D00F,1W9DL31001461C,,1ZMLH8300204F0,1W9DL31001461C,,,,,
2023-11-01,11:29:29.34 AM,5m 7.0s,307.0,33.8007402995629,-117.4719428355569,131.2,137.7,18.3,1395,2343.8,6.579037,6.94893,-6.263432,2.23694,-2.013246,1.342164,0.671082,0.671082,-2.2,0.9,2.3,-159.4,200.6,198.1,Tripod,Other,,23,5,True,,True,False,,Smart,RC,False,True,False,,,True,,False,False,False,False,False,False,False,False,False,False,0,Follow Yaw,-77.9,0,-167.5,192.5,False,False,False,False,False,,0,0,False,False,No Card,100,100,1024,1378,684,1275,2,False,False,False,False,False,0,False,False,False,False,83,,47.376,,8386,,10044,,47.376,,True,3.949,3.949,3.949,3.949,3.949,3.949,3.949,3.949,3.949,3.949,3.949,3.949,0,,False,False,True,,,,,,,,,,,,,,,False,False,18.776,,93.9,,75.7,,93.9,,1605,66,13,18,8,139670.3,18622.71,,Idle,,20,,10,,,20,Go Home,False,False,False,False,False,False,False,False,False,False,False,False,33.8027920380556,-117.4659261431046,1971.5,2972.0,1049.4,396.9,True,1,1,False,False,False,False,,True,False,False,Course Lock,196.8,67,16.4,93,E,W,1.78,11.4,Calm,False,False,Android,7.0.2,M300 RTK,1ZN7L4R0H1D00F,1W9DL31001461C,1ZMLH8300204F0,1Z6PH74DAP0QN7,"Corona, CA",728.3,5.7,137.7,8.547347,2.013246,0,0,DJI Matrice 300 RTK,M300 RTK,1ZN7L4R0H1D00F,1W9DL31001461C,1ZMLH8300204F0,1Z6PH74DAP0QN7,DJI Pilot,Android,7.0.2,1EF72A62-B7C3-C88D-164E-CE6F8C8424AE,1ZN7L4R0H1D00F,1W9DL31001461C,,1ZMLH8300204F0,1W9DL31001461C,,,,,
2023-11-01,11:29:29.44 AM,5m 7.1s,307.1,33.8007377550958,-117.4719438078332,131.2,137.7,18.3,1395,2344.8,6.579037,6.94893,-6.263432,2.23694,-2.013246,1.342164,0.671082,0.671082,-2.2,2,2.9,-159.2,200.8,197.6,Tripod,Other,,23,5,True,,True,False,,Smart,RC,False,True,False,,,True,,False,False,False,False,False,False,False,False,False,False,0,Follow Yaw,-77.9,0,-167,193,False,False,False,False,False,,0,0,False,False,No Card,100,100,1024,1380,685,1274,2,False,False,False,False,False,0,False,False,False,False,83,,47.376,,8386,,10044,,47.376,,True,3.949,3.949,3.949,3.949,3.949,3.949,3.949,3.949,3.949,3.949,3.949,3.949,0,,False,False,True,,,,,,,,,,,,,,,False,False,18.776,,93.9,,75.7,,93.9,,1605,66,13,18,8,139670.3,18622.71,,Idle,,20,,10,,,20,Go Home,False,False,False,False,False,False,False,False,False,False,False,False,33.8027920380556,-117.4659261431046,1972.1,2972.0,1049.4,396.9,True,1,1,False,False,False,False,,True,False,False,Course Lock,196.8,67,16.4,93,E,W,1.78,11.4,Calm,False,False,Android,7.0.2,M300 RTK,1ZN7L4R0H1D00F,1W9DL31001461C,1ZMLH8300204F0,1Z6PH74DAP0QN7,"Corona, CA",728.3,5.7,137.7,8.547347,2.013246,0,0,DJI Matrice 300 RTK,M300 RTK,1ZN7L4R0H1D00F,1W9DL31001461C,1ZMLH8300204F0,1Z6PH74DAP0QN7,DJI Pilot,Android,7.0.2,1EF72A62-B7C3-C88D-164E-CE6F8C8424AE,1ZN7L4R0H1D00F,1W9DL31001461C,,1ZMLH8300204F0,1W9DL31001461C,,,,,
2023-11-01,11:29:29.54 AM,5m 7.2s,307.2,33.8007351755402,-117.4719448480616,130.9,137.7,18.3,1395,2345.8,6.579037,6.94893,-6.263432,2.23694,-2.013246,1.342164,0.671082,0.671082,-2.5,2.9,3.8,-159.1,200.9,198.5,Tripod,Other,,23,5,True,,True,False,,Smart,RC,False,True,False,,,True,,False,False,False,False,False,False,False,False,False,False,0,Follow Yaw,-77.9,0,-166.4,193.6,False,False,False,False,False,,0,0,False,False,No Card,100,100,1024,1379,697,1222,2,False,False,False,False,False,0,False,False,False,False,83,,47.376,,8386,,10044,,47.376,,True,3.949,3.949,3.949,3.949,3.949,3.949,3.949,3.949,3.949,3.949,3.949,3.949,0,,False,False,True,,,,,,,,,,,,,,,False,False,18.776,,93.9,,75.7,,93.9,,1605,66,13,18,8,139670.3,18622.71,,Idle,,20,,10,,,20,Go Home,False,False,False,False,False,False,False,False,False,False,False,False,33.8027920380556,-117.4659261431046,1972.8,2972.0,1049.4,396.9,True,1,1,False,False,False,False,,True,False,False,Course Lock,196.8,67,16.4,93,E,W,1.78,11.4,Calm,False,False,Android,7.0.2,M300 RTK,1ZN7L4R0H1D00F,1W9DL31001461C,1ZMLH8300204F0,1Z6PH74DAP0QN7,"Corona, CA",728.3,5.7,137.7,8.547347,2.013246,0,0,DJI Matrice 300 RTK,M300 RTK,1ZN7L4R0H1D00F,1W9DL31001461C,1ZMLH8300204F0,1Z6PH74DAP0QN7,DJI Pilot,Android,7.0.2,1EF72A62-B7C3-C88D-164E-CE6F8C8424AE,1ZN7L4R0H1D00F,1W9DL31001461C,,1ZMLH8300204F0,1W9DL31001461C,,,,,
2023-11-01,11:29:29.64 AM,5m 7.3s,307.3,33.8007326299767,-117.4719461444301,130.9,137.7,18.3,1395,2346.8,6.440678,6.94893,-6.039738,2.23694,-2.23694,1.342164,0.671082,0.671082,-2.8,3.4,4.4,-158.7,201.3,202.9,Tripod,Other,,23,5,True,,True,False,,Smart,RC,False,True,False,,,True,,False,False,False,False,False,False,False,False,False,False,0,Follow Yaw,-77.9,0,-165.8,194.2,False,False,False,False,False,,0,0,False,False,No Card,100,100,1024,1377,706,1134,2,False,False,False,False,False,0,False,False,False,False,83,,47.376,,8386,,10044,,47.376,,True,3.949,3.949,3.949,3.949,3.949,3.949,3.949,3.949,3.949,3.949,3.949,3.949,0,,False,False,True,,,,,,,,,,,,,,,False,False,18.776,,93.9,,75.7,,93.9,,1607,66,13,18,8,139730.1,18630.68,,Idle,,20,,10,,,20,Go Home,False,False,False,False,False,False,False,False,False,False,False,False,33.8027920380556,-117.4659261431046,1973.5,2972.0,1049.4,396.9,True,1,1,False,False,False,False,,True,False,False,Course Lock,196.8,67,16.4,93,E,W,1.78,11.4,Calm,False,False,Android,7.0.2,M300 RTK,1ZN7L4R0H1D00F,1W9DL31001461C,1ZMLH8300204F0,1Z6PH74DAP0QN7,"Corona, CA",728.3,5.7,137.7,8.547347,2.013246,0,0,DJI Matrice 300 RTK,M300 RTK,1ZN7L4R0H1D00F,1W9DL31001461C,1ZMLH8300204F0,1Z6PH74DAP0QN7,DJI Pilot,Android,7.0.2,1EF72A62-B7C3-C88D-164E-CE6F8C8424AE,1ZN7L4R0H1D00F,1W9DL31001461C,,1ZMLH8300204F0,1W9DL31001461C,,,,,
2023-11-01,11:29:29.72 AM,5m 7.4s,307.4,33.8007300898957,-117.4719472877414,130.9,137.7,18.3,1395,2347.8,6.440678,6.94893,-6.039738,2.23694,-2.23694,1.342164,0.671082,0.671082,-2.8,3.2,4.2,-158.2,201.8,200.5,Tripod,Other,,23,5,True,,True,False,,Smart,RC,False,True,False,,,True,,False,False,False,False,False,False,False,False,False,False,0,Follow Yaw,-77.9,0,-165.4,194.6,False,False,False,False,False,,0,0,False,False,No Card,100,100,1024,1379,719,1024,2,False,False,False,False,False,0,False,False,False,False,83,,47.376,,8386,,10044,,47.376,,True,3.949,3.949,3.949,3.949,3.949,3.949,3.949,3.949,3.949,3.949,3.949,3.949,0,,False,False,True,,,,,,,,,,,,,,,False,False,18.776,,93.9,,75.7,,93.9,,1607,66,13,18,8,139730.1,18630.68,,Idle,,20,,10,,,20,Go Home,False,False,False,False,False,False,False,False,False,False,False,False,33.8027920380556,-117.4659261431046,1974.2,2972.0,1049.4,396.9,True,1,1,False,False,False,False,,True,False,False,Course Lock,196.8,67,16.4,93,E,W,1.78,11.4,Calm,False,False,Android,7.0.2,M300 RTK,1ZN7L4R0H1D00F,1W9DL31001461C,1ZMLH8300204F0,1Z6PH74DAP0QN7,"Corona, CA",728.3,5.7,137.7,8.547347,2.013246,0,0,DJI Matrice 300 RTK,M300 RTK,1ZN7L4R0H1D00F,1W9DL31001461C,1ZMLH8300204F0,1Z6PH74DAP0QN7,DJI Pilot,Android,7.0.2,1EF72A62-B7C3-C88D-164E-CE6F8C8424AE,1ZN7L4R0H1D00F,1W9DL31001461C,,1ZMLH8300204F0,1W9DL31001461C,,,,,
2023-11-01,11:29:29.83 AM,5m 7.5s,307.5,33.8007275459769,-117.4719483832222,130.5,137.7,18.3,1394,2348.8,6.521744,6.94893,-6.039738,2.23694,-2.460634,1.342164,0.671082,0.671082,-2.7,1.9,3.3,-157.8,202.2,199.6,Tripod,Other,,23,5,True,,True,False,,Smart,RC,False,True,False,,,True,,False,False,False,False,False,False,False,False,False,False,0,Follow Yaw,-77.9,0,-165.4,194.6,False,False,False,False,False,,0,0,False,False,No Card,100,100,1024,1378,734,1024,2,False,False,False,False,False,0,False,False,False,False,83,,47.376,,8386,,10044,,47.376,,True,3.949,3.949,3.949,3.949,3.949,3.949,3.949,3.949,3.949,3.949,3.949,3.949,0,,False,False,True,,,,,,,,,,,,,,,False,False,18.776,,93.9,,75.7,,93.9,,1607,66,13,18,8,139730.1,18630.68,,Idle,,20,,10,,,20,Go Home,False,False,False,False,False,False,False,False,False,False,False,False,33.8027920380556,-117.4659261431046,1974.8,2972.0,1049.4,396.9,True,1,1,False,False,False,False,,True,False,False,Course Lock,196.8,67,16.4,93,NE,SW,1.78,11.4,Calm,False,False,Android,7.0.2,M300 RTK,1ZN7L4R0H1D00F,1W9DL31001461C,1ZMLH8300204F0,1Z6PH74DAP0QN7,"Corona, CA",728.3,5.7,137.7,8.547347,2.013246,0,0,DJI Matrice 300 RTK,M300 RTK,1ZN7L4R0H1D00F,1W9DL31001461C,1ZMLH8300204F0,1Z6PH74DAP0QN7,DJI Pilot,Android,7.0.2,1EF72A62-B7C3-C88D-164E-CE6F8C8424AE,1ZN7L4R0H1D00F,1W9DL31001461C,,1ZMLH8300204F0,1W9DL31001461C,,,,,
2023-11-01,11:29:29.94 AM,5m 7.6s,307.6,33.8007250338571,-117.4719495895376,130.5,137.7,18.3,1394,2349.8,6.521744,6.94893,-6.039738,2.23694,-2.460634,1.342164,0.671082,0.671082,-2.7,0.4,2.7,-157.5,202.5,201.7,Tripod,Other,,23,5,True,,True,False,,Smart,RC,False,True,False,,,True,,False,False,False,False,False,False,False,False,False,False,0,Follow Yaw,-77.9,0,-165.4,194.6,False,False,False,False,False,,0,0,False,False,No Card,100,100,1024,1377,615,1024,2,False,False,False,False,False,0,False,False,False,False,83,,47.376,,8386,,10044,,47.376,,True,3.949,3.949,3.949,3.949,3.949,3.949,3.949,3.949,3.949,3.949,3.949,3.949,0,,False,False,True,,,,,,,,,,,,,,,False,False,18.776,,93.9,,75.7,,93.9,,1607,66,13,18,8,139730.1,18630.68,,Idle,,20,,10,,,20,Go Home,False,False,False,False,False,False,False,False,False,False,False,False,33.8027920380556,-117.4659261431046,1975.5,2972.0,1049.4,396.9,True,1,1,False,False,False,False,,True,False,False,Course Lock,196.8,67,16.4,93,NE,SW,1.78,11.4,Calm,False,False,Android,7.0.2,M300 RTK,1ZN7L4R0H1D00F,1W9DL31001461C,1ZMLH8300204F0,1Z6PH74DAP0QN7,"Corona, CA",728.3,5.7,137.7,8.547347,2.013246,0,0,DJI Matrice 300 RTK,M300 RTK,1ZN7L4R0H1D00F,1W9DL31001461C,1ZMLH8300204F0,1Z6PH74DAP0QN7,DJI Pilot,Android,7.0.2,1EF72A62-B7C3-C88D-164E-CE6F8C8424AE,1ZN7L4R0H1D00F,1W9DL31001461C,,1ZMLH8300204F0,1W9DL31001461C,,,,,
2023-11-01,11:29:30.04 AM,5m 7.7s,307.7,33.8007225771114,-117.4719509720006,130.2,137.7,18.3,1394,2350.8,6.521744,6.94893,-6.039738,2.23694,-2.460634,1.342164,0.671082,0.671082,-2.8,-0.2,2.8,-157.3,202.7,205.0,Tripod,Other,,23,5,True,,True,False,,Smart,RC,False,True,False,,,True,,False,False,False,False,False,False,False,False,False,False,0,Follow Yaw,-77.9,0,-165.4,194.6,False,False,False,False,False,,0,0,False,False,No Card,100,100,1024,1377,649,1024,2,False,False,False,False,False,0,False,False,False,False,83,,47.376,,8386,,10044,,47.376,,True,3.949,3.949,3.949,3.949,3.949,3.949,3.949,3.949,3.949,3.949,3.949,3.949,0,,False,False,True,,,,,,,,,,,,,,,False,False,18.776,,93.9,,75.7,,93.9,,1607,66,13,18,8,139730.1,18630.68,,Idle,,20,,10,,,20,Go Home,False,False,False,False,False,False,False,False,False,False,False,False,33.8027920380556,-117.4659261431046,1976.2,2972.0,1049.4,396.9,True,1,1,False,False,False,False,,True,False,False,Course Lock,196.8,67,16.4,93,NE,S,1.78,11.4,Calm,False,False,Android,7.0.2,M300 RTK,1ZN7L4R0H1D00F,1W9DL31001461C,1ZMLH8300204F0,1Z6PH74DAP0QN7,"Corona, CA",728.3,5.7,137.7,8.547347,2.013246,0,0,DJI Matrice 300 RTK,M300 RTK,1ZN7L4R0H1D00F,1W9DL31001461C,1ZMLH8300204F0,1Z6PH74DAP0QN7,DJI Pilot,Android,7.0.2,1EF72A62-B7C3-C88D-164E-CE6F8C8424AE,1ZN7L4R0H1D00F,1W9DL31001461C,,1ZMLH8300204F0,1W9DL31001461C,,,,,
2023-11-01,11:29:30.14 AM,5m 7.8s,307.8,33.8007200671846,-117.4719521791406,130.2,137.7,18.0,1394,2351.7,6.521744,6.94893,-6.039738,2.23694,-2.460634,1.342164,0.671082,0.671082,-2.8,-0.3,2.8,-157.2,202.8,201.7,Tripod,Other,,23,5,True,,True,False,,Smart,RC,False,True,False,,,True,,False,False,False,False,False,False,False,False,False,False,0,Follow Yaw,-77.9,0,-165.4,194.6,False,False,False,False,False,,0,0,False,False,No Card,100,100,1024,1377,663,1024,2,False,False,False,False,False,0,False,False,False,False,83,,47.376,,8386,,10044,,47.376,,True,3.949,3.949,3.949,3.949,3.949,3.949,3.949,3.949,3.949,3.949,3.949,3.949,0,,False,False,True,,,,,,,,,,,,,,,False,False,18.776,,93.9,,75.7,,93.9,,1607,66,13,18,8,139730.1,18630.68,,Idle,,20,,10,,,20,Go Home,False,False,False,False,False,False,False,False,False,False,False,False,33.8027920380556,-117.4659261431046,1976.9,2972.0,1049.4,396.9,True,1,1,False,False,False,False,,True,False,False,Course Lock,196.8,67,16.4,93,NE,S,1.78,11.4,Calm,False,False,Android,7.0.2,M300 RTK,1ZN7L4R0H1D00F,1W9DL31001461C,1ZMLH8300204F0,1Z6PH74DAP0QN7,"Corona, CA",728.3,5.7,137.7,8.547347,2.013246,0,0,DJI Matrice 300 RTK,M300 RTK,1ZN7L4R0H1D00F,1W9DL31001461C,1ZMLH8300204F0,1Z6PH74DAP0QN7,DJI Pilot,Android,7.0.2,1EF72A62-B7C3-C88D-164E-CE6F8C8424AE,1ZN7L4R0H1D00F,1W9DL31001461C,,1ZMLH8300204F0,1W9DL31001461C,,,,,
2023-11-01,11:29:30.24 AM,5m 7.9s,307.9,33.8007176159214,-117.4719532774252,130.2,137.7,18.0,1394,2352.7,6.521744,6.94893,-6.039738,2.23694,-2.460634,1.342164,0.671082,0.671082,-2.9,0.1,2.9,-157.2,202.8,200.4,Tripod,Other,,23,5,True,,True,False,,Smart,RC,False,True,False,,,True,,False,False,False,False,False,False,False,False,False,False,0,Follow Yaw,-77.9,0,-165.4,194.6,False,False,False,False,False,,0,0,False,False,No Card,100,100,1024,1377,650,1048,2,False,False,False,False,False,0,False,False,False,False,83,,47.376,,8386,,10044,,47.376,,True,3.949,3.949,3.949,3.949,3.949,3.949,3.949,3.949,3.949,3.949,3.949,3.949,0,,False,False,True,,,,,,,,,,,,,,,False,False,18.776,,93.9,,75.7,,93.9,,1607,66,13,18,8,139730.1,18630.68,,Idle,,20,,10,,,20,Go Home,False,False,False,False,False,False,False,False,False,False,False,False,33.8027920380556,-117.4659261431046,1977.6,2972.0,1049.4,396.9,True,1,1,False,False,False,False,,True,False,False,Course Lock,196.8,67,16.4,93,NE,S,1.78,11.4,Calm,False,False,Android,7.0.2,M300 RTK,1ZN7L4R0H1D00F,1W9DL31001461C,1ZMLH8300204F0,1Z6PH74DAP0QN7,"Corona, CA",728.3,5.7,137.7,8.547347,2.013246,0,0,DJI Matrice 300 RTK,M300 RTK,1ZN7L4R0H1D00F,1W9DL31001461C,1ZMLH8300204F0,1Z6PH74DAP0QN7,DJI Pilot,Android,7.0.2,1EF72A62-B7C3-C88D-164E-CE6F8C8424AE,1ZN7L4R0H1D00F,1W9DL31001461C,,1ZMLH8300204F0,1W9DL31001461C,,,,,
2023-11-01,11:29:30.35 AM,5m 8.0s,308.0,33.8007151059947,-117.4719544670823,129.9,137.7,18.0,1394,2353.7,6.521744,6.94893,-6.039738,2.23694,-2.460634,1.342164,0.894776,0.894776,-2.7,0.6,2.7,-157.1,202.9,201.4,Tripod,Other,,23,5,True,,True,False,,Smart,RC,False,True,False,,,True,,False,False,False,False,False,False,False,False,False,False,0,Follow Yaw,-77.9,0,-165.4,194.6,False,False,False,False,False,,0,0,False,False,No Card,100,100,1024,1377,650,1048,2,False,False,False,False,False,0,False,False,False,False,83,,47.352,,8336,,10044,,47.352,,True,3.949,3.949,3.949,3.949,3.949,3.949,3.949,3.949,3.949,3.949,3.949,3.949,0,,False,False,True,,,,,,,,,,,,,,,False,False,18.586,,93.9,,75.7,,93.9,,1607,66,13,18,8,139730.1,18630.68,,Idle,,20,,10,,,20,Go Home,False,False,False,False,False,False,False,False,False,False,False,False,33.8027920380556,-117.4659261431046,1978.3,2972.0,1049.4,396.9,True,1,1,False,False,False,False,,True,False,False,Course Lock,196.8,67,16.4,93,NE,S,1.78,11.4,Calm,False,False,Android,7.0.2,M300 RTK,1ZN7L4R0H1D00F,1W9DL31001461C,1ZMLH8300204F0,1Z6PH74DAP0QN7,"Corona, CA",728.3,5.7,137.7,8.547347,2.013246,0,0,DJI Matrice 300 RTK,M300 RTK,1ZN7L4R0H1D00F,1W9DL31001461C,1ZMLH8300204F0,1Z6PH74DAP0QN7,DJI Pilot,Android,7.0.2,1EF72A62-B7C3-C88D-164E-CE6F8C8424AE,1ZN7L4R0H1D00F,1W9DL31001461C,,1ZMLH8300204F0,1W9DL31001461C,,,,,
2023-11-01,11:29:30.45 AM,5m 8.1s,308.1,33.8007124178839,-117.4719555206703,129.9,137.7,18.3,1394,2354.7,6.521744,6.94893,-6.039738,2.23694,-2.460634,1.342164,0.894776,0.894776,-2.6,0.8,2.7,-157.1,202.9,198.0,Tripod,Other,,23,5,True,,True,False,,Smart,RC,False,True,False,,,True,,False,False,False,False,False,False,False,False,False,False,0,Follow Yaw,-77.9,0,-165.4,194.6,False,False,False,False,False,,0,0,False,False,No Card,100,100,1024,1378,723,1098,2,False,False,False,False,False,0,False,False,False,False,83,,47.352,,8336,,10044,,47.352,,True,3.949,3.949,3.949,3.949,3.949,3.949,3.949,3.949,3.949,3.949,3.949,3.949,0,,False,False,True,,,,,,,,,,,,,,,False,False,18.586,,93.9,,75.7,,93.9,,1607,66,13,18,8,139730.1,18630.68,,Idle,,20,,10,,,20,Go Home,False,False,False,False,False,False,False,False,False,False,False,False,33.8027920380556,-117.4659261431046,1978.9,2972.0,1049.4,396.9,True,1,1,False,False,False,False,,True,False,False,Course Lock,196.8,67,16.4,93,NE,S,1.78,11.4,Calm,False,False,Android,7.0.2,M300 RTK,1ZN7L4R0H1D00F,1W9DL31001461C,1ZMLH8300204F0,1Z6PH74DAP0QN7,"Corona, CA",728.3,5.7,137.7,8.547347,2.013246,0,0,DJI Matrice 300 RTK,M300 RTK,1ZN7L4R0H1D00F,1W9DL31001461C,1ZMLH8300204F0,1Z6PH74DAP0QN7,DJI Pilot,Android,7.0.2,1EF72A62-B7C3-C88D-164E-CE6F8C8424AE,1ZN7L4R0H1D00F,1W9DL31001461C,,1ZMLH8300204F0,1W9DL31001461C,,,,,
2023-11-01,11:29:30.55 AM,5m 8.2s,308.2,33.8007098958955,-117.4719567078535,129.5,137.7,18.0,1393,2355.7,6.521744,6.94893,-6.039738,2.23694,-2.460634,1.342164,0.894776,0.894776,-2.7,0.7,2.7,-157.1,202.9,201.3,Tripod,Other,,23,5,True,,True,False,,Smart,RC,False,True,False,,,True,,False,False,False,False,False,False,False,False,False,False,0,Follow Yaw,-77.9,0,-165.3,194.7,False,False,False,False,False,,0,0,False,False,No Card,100,100,1024,1378,717,1136,2,False,False,False,False,False,0,False,False,False,False,83,,47.352,,8336,,10044,,47.352,,True,3.949,3.949,3.949,3.949,3.949,3.949,3.949,3.949,3.949,3.949,3.949,3.949,0,,False,False,True,,,,,,,,,,,,,,,False,False,18.586,,93.9,,75.7,,93.9,,1607,66,13,18,8,139730.1,18630.68,,Idle,,20,,10,,,20,Go Home,False,False,False,False,False,False,False,False,False,False,False,False,33.8027920380556,-117.4659261431046,1979.6,2972.0,1049.4,396.9,True,1,1,False,False,False,False,,True,False,False,Course Lock,196.8,67,16.4,93,NE,S,1.56,11.4,Calm,False,False,Android,7.0.2,M300 RTK,1ZN7L4R0H1D00F,1W9DL31001461C,1ZMLH8300204F0,1Z6PH74DAP0QN7,"Corona, CA",728.3,5.7,137.7,8.547347,2.013246,0,0,DJI Matrice 300 RTK,M300 RTK,1ZN7L4R0H1D00F,1W9DL31001461C,1ZMLH8300204F0,1Z6PH74DAP0QN7,DJI Pilot,Android,7.0.2,1EF72A62-B7C3-C88D-164E-CE6F8C8424AE,1ZN7L4R0H1D00F,1W9DL31001461C,,1ZMLH8300204F0,1W9DL31001461C,,,,,
2023-11-01,11:29:30.65 AM,5m 8.3s,308.3,33.8007077933246,-117.471957867493,129.5,137.7,18.0,1393,2356.5,6.521744,6.94893,-6.039738,2.23694,-2.460634,1.342164,0.894776,0.894776,-2.8,0.5,2.8,-157.1,202.9,204.6,Tripod,Other,,23,5,True,,True,False,,Smart,RC,False,True,False,,,True,,False,False,False,False,False,False,False,False,False,False,0,Follow Yaw,-77.9,0,-165.2,194.8,False,False,False,False,False,,0,0,False,False,No Card,100,100,1024,1377,717,1152,2,False,False,False,False,False,0,False,False,False,False,83,,47.352,,8336,,10044,,47.352,,True,3.948,3.948,3.948,3.948,3.948,3.948,3.948,3.948,3.948,3.948,3.948,3.948,0,,False,False,True,,,,,,,,,,,,,,,False,False,18.586,,93.9,,75.7,,93.9,,1608,67,13,18,8,139851.2,18646.83,,Idle,,20,,10,,,20,Go Home,False,False,False,False,False,False,False,False,False,False,False,False,33.8027920380556,-117.4659261431046,1980.2,2972.0,1049.4,396.9,True,1,1,False,False,False,False,,True,False,False,Course Lock,196.8,67,16.4,93,NE,S,1.56,11.4,Calm,False,False,Android,7.0.2,M300 RTK,1ZN7L4R0H1D00F,1W9DL31001461C,1ZMLH8300204F0,1Z6PH74DAP0QN7,"Corona, CA",728.3,5.7,137.7,8.547347,2.013246,0,0,DJI Matrice 300 RTK,M300 RTK,1ZN7L4R0H1D00F,1W9DL31001461C,1ZMLH8300204F0,1Z6PH74DAP0QN7,DJI Pilot,Android,7.0.2,1EF72A62-B7C3-C88D-164E-CE6F8C8424AE,1ZN7L4R0H1D00F,1W9DL31001461C,,1ZMLH8300204F0,1W9DL31001461C,,,,,
2023-11-01,11:29:30.76 AM,5m 8.4s,308.4,33.8007053151968,-117.4719590609436,129.5,137.7,18.0,1393,2357.5,6.521744,6.94893,-6.039738,2.23694,-2.460634,1.342164,0.671082,0.894776,-3,0.6,3,-157,203,201.8,Tripod,Other,,23,5,True,,True,False,,Smart,RC,False,True,False,,,True,,False,False,False,False,False,False,False,False,False,False,0,Follow Yaw,-77.9,0,-165,195,False,False,False,False,False,,0,0,False,False,No Card,100,100,1024,1384,710,1133,2,False,False,False,False,False,0,False,False,False,False,83,,47.352,,8336,,10044,,47.352,,True,3.948,3.948,3.948,3.948,3.948,3.948,3.948,3.948,3.948,3.948,3.948,3.948,0,,False,False,True,,,,,,,,,,,,,,,False,False,18.586,,93.9,,75.7,,93.9,,1608,67,13,18,8,139851.2,18646.83,,Idle,,20,,10,,,20,Go Home,False,False,False,False,False,False,False,False,False,False,False,False,33.8027920380556,-117.4659261431046,1980.9,2972.0,1049.4,396.9,True,1,1,False,False,False,False,,True,False,False,Course Lock,196.8,67,16.4,93,NE,S,1.56,11.4,Calm,False,False,Android,7.0.2,M300 RTK,1ZN7L4R0H1D00F,1W9DL31001461C,1ZMLH8300204F0,1Z6PH74DAP0QN7,"Corona, CA",728.3,5.7,137.7,8.547347,2.013246,0,0,DJI Matrice 300 RTK,M300 RTK,1ZN7L4R0H1D00F,1W9DL31001461C,1ZMLH8300204F0,1Z6PH74DAP0QN7,DJI Pilot,Android,7.0.2,1EF72A62-B7C3-C88D-164E-CE6F8C8424AE,1ZN7L4R0H1D00F,1W9DL31001461C,,1ZMLH8300204F0,1W9DL31001461C,,,,,
2023-11-01,11:29:30.86 AM,5m 8.5s,308.5,33.8007028003358,-117.4719603429628,129.2,137.7,18.0,1393,2358.5,6.521744,6.94893,-6.039738,2.23694,-2.460634,1.342164,0.671082,0.894776,-3,0.9,3.1,-156.9,203.1,202.9,Tripod,Other,,23,5,True,,True,False,,Smart,RC,False,True,False,,,True,,False,False,False,False,False,False,False,False,False,False,0,Follow Yaw,-77.9,0,-164.8,195.2,False,False,False,False,False,,0,0,False,False,No Card,100,100,1024,1388,700,1132,2,False,False,False,False,False,0,False,False,False,False,83,,47.352,,8336,,10044,,47.352,,True,3.948,3.948,3.948,3.948,3.948,3.948,3.948,3.948,3.948,3.948,3.948,3.948,0,,False,False,True,,,,,,,,,,,,,,,False,False,18.586,,93.9,,75.7,,93.9,,1608,67,13,18,8,139851.2,18646.83,,Idle,,20,,10,,,20,Go Home,False,False,False,False,False,False,False,False,False,False,False,False,33.8027920380556,-117.4659261431046,1981.6,2972.0,1049.4,396.9,True,1,1,False,False,False,False,,True,False,False,Course Lock,196.8,67,16.4,93,NE,S,1.56,11.4,Calm,False,False,Android,7.0.2,M300 RTK,1ZN7L4R0H1D00F,1W9DL31001461C,1ZMLH8300204F0,1Z6PH74DAP0QN7,"Corona, CA",728.3,5.7,137.7,8.547347,2.013246,0,0,DJI Matrice 300 RTK,M300 RTK,1ZN7L4R0H1D00F,1W9DL31001461C,1ZMLH8300204F0,1Z6PH74DAP0QN7,DJI Pilot,Android,7.0.2,1EF72A62-B7C3-C88D-164E-CE6F8C8424AE,1ZN7L4R0H1D00F,1W9DL31001461C,,1ZMLH8300204F0,1W9DL31001461C,,,,,
2023-11-01,11:29:30.96 AM,5m 8.6s,308.6,33.8007003112428,-117.4719615571949,129.2,137.7,18.0,1393,2359.5,6.521744,6.94893,-6.039738,2.23694,-2.460634,1.342164,0.671082,0.894776,-3,0.9,3.1,-156.9,203.1,202.0,Tripod,Other,,23,5,True,,True,False,,Smart,RC,False,True,False,,,True,,False,False,False,False,False,False,False,False,False,False,0,Follow Yaw,-77.9,0,-164.6,195.4,False,False,False,False,False,,0,0,False,False,No Card,100,100,1024,1387,691,1131,2,False,False,False,False,False,0,False,False,False,False,83,,47.352,,8336,,10044,,47.352,,True,3.948,3.948,3.948,3.948,3.948,3.948,3.948,3.948,3.948,3.948,3.948,3.948,0,,False,False,True,,,,,,,,,,,,,,,False,False,18.586,,93.9,,75.7,,93.9,,1608,67,13,18,8,139851.2,18646.83,,Idle,,20,,10,,,20,Go Home,False,False,False,False,False,False,False,False,False,False,False,False,33.8027920380556,-117.4659261431046,1982.3,2972.0,1049.4,396.9,True,1,1,False,False,False,False,,True,False,False,Course Lock,196.8,67,16.4,93,NE,S,1.56,11.4,Calm,False,False,Android,7.0.2,M300 RTK,1ZN7L4R0H1D00F,1W9DL31001461C,1ZMLH8300204F0,1Z6PH74DAP0QN7,"Corona, CA",728.3,5.7,137.7,8.547347,2.013246,0,0,DJI Matrice 300 RTK,M300 RTK,1ZN7L4R0H1D00F,1W9DL31001461C,1ZMLH8300204F0,1Z6PH74DAP0QN7,DJI Pilot,Android,7.0.2,1EF72A62-B7C3-C88D-164E-CE6F8C8424AE,1ZN7L4R0H1D00F,1W9DL31001461C,,1ZMLH8300204F0,1W9DL31001461C,,,,,
2023-11-01,11:29:31.07 AM,5m 8.7s,308.7,33.8006975737888,-117.4719629116196,129.2,137.7,17.7,1393,2360.6,6.521744,6.94893,-6.039738,2.23694,-2.460634,1.342164,0.671082,0.894776,-3.1,1,3.2,-156.8,203.2,202.3,Tripod,Other,,23,5,True,,True,False,,Smart,RC,False,True,False,,,True,,False,False,False,False,False,False,False,False,False,False,0,Follow Yaw,-77.9,0,-164.4,195.6,False,False,False,False,False,,0,0,False,False,No Card,100,100,1024,1385,700,1138,2,False,False,False,False,False,0,False,False,False,False,83,,47.268,,4138,,4986,,47.268,,True,3.948,3.948,3.948,3.948,3.948,3.948,3.948,3.948,3.948,3.948,3.948,3.948,0,,False,False,True,,,,,,,,,,,,,,,False,False,9.278,,93.9,,75.7,,93.9,,1608,67,13,18,8,139851.2,18646.83,,Idle,,20,,10,,,20,Go Home,False,False,False,False,False,False,False,False,False,False,False,False,33.8027920380556,-117.4659261431046,1983.1,2972.0,1049.4,396.9,True,1,1,False,False,False,False,,True,False,False,Course Lock,196.8,67,16.4,93,NE,S,1.56,11.4,Calm,False,False,Android,7.0.2,M300 RTK,1ZN7L4R0H1D00F,1W9DL31001461C,1ZMLH8300204F0,1Z6PH74DAP0QN7,"Corona, CA",728.3,5.7,137.7,8.547347,2.013246,0,0,DJI Matrice 300 RTK,M300 RTK,1ZN7L4R0H1D00F,1W9DL31001461C,1ZMLH8300204F0,1Z6PH74DAP0QN7,DJI Pilot,Android,7.0.2,1EF72A62-B7C3-C88D-164E-CE6F8C8424AE,1ZN7L4R0H1D00F,1W9DL31001461C,,1ZMLH8300204F0,1W9DL31001461C,,,,,
2023-11-01,11:29:31.17 AM,5m 8.8s,308.8,33.8006950622172,-117.4719641590031,128.9,137.7,17.7,1393,2361.6,6.521744,6.94893,-6.039738,2.23694,-2.460634,1.342164,0.671082,0.894776,-3.1,0.9,3.2,-156.6,203.4,202.4,Tripod,Other,,23,5,True,,True,False,,Smart,RC,False,True,False,,,True,,False,False,False,False,False,False,False,False,False,False,0,Follow Yaw,-77.9,0,-164.3,195.7,False,False,False,False,False,,0,0,False,False,No Card,100,100,1024,1385,691,1180,2,False,False,False,False,False,0,False,False,False,False,83,,47.268,,4138,,4986,,47.268,,True,3.948,3.948,3.948,3.948,3.948,3.948,3.948,3.948,3.948,3.948,3.948,3.948,0,,False,False,True,,,,,,,,,,,,,,,False,False,9.278,,93.9,,75.7,,93.9,,1608,67,13,18,8,139851.2,18646.83,,Idle,,20,,10,,,20,Go Home,False,False,False,False,False,False,False,False,False,False,False,False,33.8027920380556,-117.4659261431046,1983.8,2972.0,1049.4,396.9,True,1,1,False,False,False,False,,True,False,False,Course Lock,196.8,67,16.4,93,NE,S,1.56,11.4,Calm,False,False,Android,7.0.2,M300 RTK,1ZN7L4R0H1D00F,1W9DL31001461C,1ZMLH8300204F0,1Z6PH74DAP0QN7,"Corona, CA",728.3,5.7,137.7,8.547347,2.013246,0,0,DJI Matrice 300 RTK,M300 RTK,1ZN7L4R0H1D00F,1W9DL31001461C,1ZMLH8300204F0,1Z6PH74DAP0QN7,DJI Pilot,Android,7.0.2,1EF72A62-B7C3-C88D-164E-CE6F8C8424AE,1ZN7L4R0H1D00F,1W9DL31001461C,,1ZMLH8300204F0,1W9DL31001461C,,,,,
2023-11-01,11:29:31.27 AM,5m 8.9s,308.9,33.8006925890238,-117.4719654573506,128.9,137.7,17.7,1393,2362.6,6.521744,6.94893,-6.039738,2.23694,-2.460634,1.342164,0.671082,0.894776,-3.1,1.1,3.2,-156.5,203.5,203.5,Tripod,Other,,23,5,True,,True,False,,Smart,RC,False,True,False,,,True,,False,False,False,False,False,False,False,False,False,False,0,Follow Yaw,-77.9,0,-164,196,False,False,False,False,False,,0,0,False,False,No Card,100,100,1024,1383,678,1214,2,False,False,False,False,False,0,False,False,False,False,83,,47.268,,4138,,4986,,47.268,,True,3.948,3.948,3.948,3.948,3.948,3.948,3.948,3.948,3.948,3.948,3.948,3.948,0,,False,False,True,,,,,,,,,,,,,,,False,False,9.278,,93.9,,75.7,,93.9,,1608,67,13,18,8,139851.2,18646.83,,Idle,,20,,10,,,20,Go Home,False,False,False,False,False,False,False,False,False,False,False,False,33.8027920380556,-117.4659261431046,1984.5,2972.0,1049.4,396.9,True,1,1,False,False,False,False,,True,False,False,Course Lock,196.8,67,16.4,93,NE,S,1.56,11.4,Calm,False,False,Android,7.0.2,M300 RTK,1ZN7L4R0H1D00F,1W9DL31001461C,1ZMLH8300204F0,1Z6PH74DAP0QN7,"Corona, CA",728.3,5.7,137.7,8.547347,2.013246,0,0,DJI Matrice 300 RTK,M300 RTK,1ZN7L4R0H1D00F,1W9DL31001461C,1ZMLH8300204F0,1Z6PH74DAP0QN7,DJI Pilot,Android,7.0.2,1EF72A62-B7C3-C88D-164E-CE6F8C8424AE,1ZN7L4R0H1D00F,1W9DL31001461C,,1ZMLH8300204F0,1W9DL31001461C,,,,,
2023-11-01,11:29:31.37 AM,5m 9.0s,309.0,33.8006900719696,-117.4719667314532,128.6,137.7,17.7,1392,2363.5,6.521744,6.94893,-6.039738,2.23694,-2.460634,1.342164,0.671082,0.894776,-3,1.4,3.3,-156.4,203.6,202.8,Tripod,Other,,23,5,True,,True,False,,Smart,RC,False,True,False,,,True,,False,False,False,False,False,False,False,False,False,False,0,Follow Yaw,-77.9,0,-163.7,196.3,False,False,False,False,False,,0,0,False,False,No Card,100,100,1024,1382,680,1210,2,False,False,False,False,False,0,False,False,False,False,83,,47.316,,8336,,10044,,47.316,,True,3.948,3.948,3.948,3.948,3.948,3.948,3.948,3.948,3.948,3.948,3.948,3.948,0,,False,False,True,,,,,,,,,,,,,,,False,False,18.76,,93.9,,75.7,,93.9,,1608,67,13,18,8,139851.2,18646.83,,Idle,,20,,10,,,20,Go Home,False,False,False,False,False,False,False,False,False,False,False,False,33.8027920380556,-117.4659261431046,1985.2,2972.0,1049.4,396.9,True,1,1,False,False,False,False,,True,False,False,Course Lock,196.8,67,16.4,93,NE,S,1.56,11.4,Calm,False,False,Android,7.0.2,M300 RTK,1ZN7L4R0H1D00F,1W9DL31001461C,1ZMLH8300204F0,1Z6PH74DAP0QN7,"Corona, CA",728.3,5.7,137.7,8.547347,2.013246,0,0,DJI Matrice 300 RTK,M300 RTK,1ZN7L4R0H1D00F,1W9DL31001461C,1ZMLH8300204F0,1Z6PH74DAP0QN7,DJI Pilot,Android,7.0.2,1EF72A62-B7C3-C88D-164E-CE6F8C8424AE,1ZN7L4R0H1D00F,1W9DL31001461C,,1ZMLH8300204F0,1W9DL31001461C,,,,,
2023-11-01,11:29:31.47 AM,5m 9.1s,309.1,33.8006873685076,-117.4719678744345,128.6,137.7,17.7,1392,2364.6,6.609391,6.94893,-6.039738,2.23694,-2.684328,1.342164,0.671082,0.894776,-2.9,1.9,3.4,-156.1,203.9,199.3,Tripod,Other,,23,5,True,,True,False,,Smart,RC,False,True,False,,,True,,False,False,False,False,False,False,False,False,False,False,0,Follow Yaw,-77.9,0,-163.3,196.7,False,False,False,False,False,,0,0,False,False,No Card,100,100,1024,1383,680,1190,2,False,False,False,False,False,0,False,False,False,False,83,,47.316,,8336,,10044,,47.316,,True,3.948,3.948,3.948,3.948,3.948,3.948,3.948,3.948,3.948,3.948,3.948,3.948,0,,False,False,True,,,,,,,,,,,,,,,False,False,18.76,,93.9,,75.7,,93.9,,1608,67,13,18,8,139851.2,18646.83,,Idle,,20,,10,,,20,Go Home,False,False,False,False,False,False,False,False,False,False,False,False,33.8027920380556,-117.4659261431046,1985.9,2972.0,1049.4,396.9,True,1,1,False,False,False,False,,True,False,False,Course Lock,196.8,67,16.4,93,NE,S,1.56,11.4,Calm,False,False,Android,7.0.2,M300 RTK,1ZN7L4R0H1D00F,1W9DL31001461C,1ZMLH8300204F0,1Z6PH74DAP0QN7,"Corona, CA",728.3,5.7,137.7,8.547347,2.013246,0,0,DJI Matrice 300 RTK,M300 RTK,1ZN7L4R0H1D00F,1W9DL31001461C,1ZMLH8300204F0,1Z6PH74DAP0QN7,DJI Pilot,Android,7.0.2,1EF72A62-B7C3-C88D-164E-CE6F8C8424AE,1ZN7L4R0H1D00F,1W9DL31001461C,,1ZMLH8300204F0,1W9DL31001461C,,,,,
2023-11-01,11:29:31.58 AM,5m 9.2s,309.2,33.800684835554,-117.4719691709679,128.6,137.7,17.7,1392,2365.6,6.609391,6.94893,-6.039738,2.23694,-2.684328,1.342164,0.671082,0.894776,-2.7,2.1,3.4,-155.7,204.3,203.0,Tripod,Other,,23,5,True,,True,False,,Smart,RC,False,True,False,,,True,,False,False,False,False,False,False,False,False,False,False,0,Follow Yaw,-77.9,0,-162.9,197.1,False,False,False,False,False,,0,0,False,False,No Card,100,100,1024,1384,675,1209,2,False,False,False,False,False,0,False,False,False,False,83,,47.316,,8336,,10044,,47.316,,True,3.948,3.948,3.948,3.948,3.948,3.948,3.948,3.948,3.948,3.948,3.948,3.948,0,,False,False,True,,,,,,,,,,,,,,,False,False,18.76,,93.9,,75.7,,93.9,,1608,67,13,18,8,139851.2,18646.83,,Idle,,20,,10,,,20,Go Home,False,False,False,False,False,False,False,False,False,False,False,False,33.8027920380556,-117.4659261431046,1986.6,2972.0,1049.4,396.9,True,1,1,False,False,False,False,,True,False,False,Course Lock,196.8,67,16.4,93,NE,S,1.56,11.4,Calm,False,False,Android,7.0.2,M300 RTK,1ZN7L4R0H1D00F,1W9DL31001461C,1ZMLH8300204F0,1Z6PH74DAP0QN7,"Corona, CA",728.3,5.7,137.7,8.547347,2.013246,0,0,DJI Matrice 300 RTK,M300 RTK,1ZN7L4R0H1D00F,1W9DL31001461C,1ZMLH8300204F0,1Z6PH74DAP0QN7,DJI Pilot,Android,7.0.2,1EF72A62-B7C3-C88D-164E-CE6F8C8424AE,1ZN7L4R0H1D00F,1W9DL31001461C,,1ZMLH8300204F0,1W9DL31001461C,,,,,
2023-11-01,11:29:31.64 AM,5m 9.3s,309.3,33.8006825476719,-117.4719705384222,128.2,137.7,17.3,1392,2366.5,6.609391,6.94893,-6.039738,2.23694,-2.684328,1.342164,0.671082,0.894776,-2.6,1.9,3.2,-155.4,204.6,206.4,Tripod,Other,,23,5,True,,True,False,,Smart,RC,False,True,False,,,True,,False,False,False,False,False,False,False,False,False,False,0,Follow Yaw,-77.9,0,-162.5,197.5,False,False,False,False,False,,0,0,False,False,No Card,100,100,1024,1383,668,1260,2,False,False,False,False,False,0,False,False,False,False,83,,47.316,,8336,,10044,,47.316,,True,3.946,3.946,3.946,3.946,3.946,3.946,3.946,3.946,3.946,3.946,3.946,3.946,0,,False,False,True,,,,,,,,,,,,,,,False,False,18.76,,93.9,,75.7,,93.9,,1608,67,13,18,8,139947.0,18659.60,,Idle,,20,,10,,,20,Go Home,False,False,False,False,False,False,False,False,False,False,False,False,33.8027920380556,-117.4659261431046,1987.3,2972.0,1049.4,396.9,True,1,1,False,False,False,False,,True,False,False,Course Lock,196.8,67,16.4,93,NE,S,1.56,11.4,Calm,False,False,Android,7.0.2,M300 RTK,1ZN7L4R0H1D00F,1W9DL31001461C,1ZMLH8300204F0,1Z6PH74DAP0QN7,"Corona, CA",728.3,5.7,137.7,8.547347,2.013246,0,0,DJI Matrice 300 RTK,M300 RTK,1ZN7L4R0H1D00F,1W9DL31001461C,1ZMLH8300204F0,1Z6PH74DAP0QN7,DJI Pilot,Android,7.0.2,1EF72A62-B7C3-C88D-164E-CE6F8C8424AE,1ZN7L4R0H1D00F,1W9DL31001461C,,1ZMLH8300204F0,1W9DL31001461C,,,,,
2023-11-01,11:29:31.74 AM,5m 9.4s,309.4,33.800680045969,-117.4719718908676,128.2,137.7,17.3,1392,2367.5,6.609391,6.94893,-6.039738,2.23694,-2.684328,1.342164,0.671082,0.894776,-2.3,1.9,2.9,-155,205,204.1,Tripod,Other,,23,5,True,,True,False,,Smart,RC,False,True,False,,,True,,False,False,False,False,False,False,False,False,False,False,0,Follow Yaw,-77.9,0,-162.1,197.9,False,False,False,False,False,,0,0,False,False,No Card,100,100,1024,1381,671,1262,2,False,False,False,False,False,0,False,False,False,False,83,,47.316,,8336,,10044,,47.316,,True,3.946,3.946,3.946,3.946,3.946,3.946,3.946,3.946,3.946,3.946,3.946,3.946,0,,False,False,True,,,,,,,,,,,,,,,False,False,18.76,,93.9,,75.7,,93.9,,1608,67,13,18,8,139947.0,18659.60,,Idle,,20,,10,,,20,Go Home,False,False,False,False,False,False,False,False,False,False,False,False,33.8027920380556,-117.4659261431046,1988.1,2972.0,1049.4,396.9,True,1,1,False,False,False,False,,True,False,False,Course Lock,196.8,67,16.4,93,NE,S,1.56,11.4,Calm,False,False,Android,7.0.2,M300 RTK,1ZN7L4R0H1D00F,1W9DL31001461C,1ZMLH8300204F0,1Z6PH74DAP0QN7,"Corona, CA",728.3,5.7,137.7,8.547347,2.013246,0,0,DJI Matrice 300 RTK,M300 RTK,1ZN7L4R0H1D00F,1W9DL31001461C,1ZMLH8300204F0,1Z6PH74DAP0QN7,DJI Pilot,Android,7.0.2,1EF72A62-B7C3-C88D-164E-CE6F8C8424AE,1ZN7L4R0H1D00F,1W9DL31001461C,,1ZMLH8300204F0,1W9DL31001461C,,,,,
2023-11-01,11:29:31.84 AM,5m 9.5s,309.5,33.800677766859,-117.4719733046679,128.2,137.7,17.3,1392,2368.5,6.609391,6.94893,-6.039738,2.23694,-2.684328,1.342164,0.671082,0.894776,-2,2.5,3.2,-154.5,205.5,207.2,Tripod,Other,,23,5,True,,True,False,,Smart,RC,False,True,False,,,True,,False,False,False,False,False,False,False,False,False,False,0,Follow Yaw,-77.9,0,-161.5,198.5,False,False,False,False,False,,0,0,False,False,No Card,100,100,1024,1380,680,1262,2,False,False,False,False,False,0,False,False,False,False,83,,47.316,,8336,,10044,,47.316,,True,3.946,3.946,3.946,3.946,3.946,3.946,3.946,3.946,3.946,3.946,3.946,3.946,0,,False,False,True,,,,,,,,,,,,,,,False,False,18.76,,93.9,,75.7,,93.9,,1608,67,13,18,8,139947.0,18659.60,,Idle,,20,,10,,,20,Go Home,False,False,False,False,False,False,False,False,False,False,False,False,33.8027920380556,-117.4659261431046,1988.8,2972.0,1049.4,396.9,True,1,1,False,False,False,False,,True,False,False,Course Lock,196.8,67,16.4,93,NE,S,1.56,11.4,Calm,False,False,Android,7.0.2,M300 RTK,1ZN7L4R0H1D00F,1W9DL31001461C,1ZMLH8300204F0,1Z6PH74DAP0QN7,"Corona, CA",728.3,5.7,137.7,8.547347,2.013246,0,0,DJI Matrice 300 RTK,M300 RTK,1ZN7L4R0H1D00F,1W9DL31001461C,1ZMLH8300204F0,1Z6PH74DAP0QN7,DJI Pilot,Android,7.0.2,1EF72A62-B7C3-C88D-164E-CE6F8C8424AE,1ZN7L4R0H1D00F,1W9DL31001461C,,1ZMLH8300204F0,1W9DL31001461C,,,,,
2023-11-01,11:29:31.94 AM,5m 9.6s,309.6,33.8006753051789,-117.4719747023048,127.9,137.7,17.3,1392,2369.5,6.703359,6.94893,-6.039738,2.23694,-2.908022,1.342164,0.671082,0.894776,-1.8,2.9,3.4,-154,206,205.2,Tripod,Other,,22,5,True,,True,False,,Smart,RC,False,True,False,,,True,,False,False,False,False,False,False,False,False,False,False,0,Follow Yaw,-77.9,0,-160.9,199.1,False,False,False,False,False,,0,0,False,False,No Card,100,100,1024,1380,680,1262,2,False,False,False,False,False,0,False,False,False,False,83,,47.316,,8336,,10044,,47.316,,True,3.946,3.946,3.946,3.946,3.946,3.946,3.946,3.946,3.946,3.946,3.946,3.946,0,,False,False,True,,,,,,,,,,,,,,,False,False,18.76,,93.9,,75.7,,93.9,,1608,67,13,18,8,139947.0,18659.60,,Idle,,20,,10,,,20,Go Home,False,False,False,False,False,False,False,False,False,False,False,False,33.8027920380556,-117.4659261431046,1989.5,2972.0,1049.4,396.9,True,1,1,False,False,False,False,,True,False,False,Course Lock,196.8,67,16.4,93,NE,S,1.56,11.4,Calm,False,False,Android,7.0.2,M300 RTK,1ZN7L4R0H1D00F,1W9DL31001461C,1ZMLH8300204F0,1Z6PH74DAP0QN7,"Corona, CA",728.3,5.7,137.7,8.547347,2.013246,0,0,DJI Matrice 300 RTK,M300 RTK,1ZN7L4R0H1D00F,1W9DL31001461C,1ZMLH8300204F0,1Z6PH74DAP0QN7,DJI Pilot,Android,7.0.2,1EF72A62-B7C3-C88D-164E-CE6F8C8424AE,1ZN7L4R0H1D00F,1W9DL31001461C,,1ZMLH8300204F0,1W9DL31001461C,,,,,
2023-11-01,11:29:32.04 AM,5m 9.7s,309.7,33.8006726181647,-117.4719761220426,127.9,137.7,17.3,1392,2370.5,6.703359,6.94893,-6.039738,2.23694,-2.908022,1.342164,0.671082,0.894776,-2,3.1,3.6,-153.3,206.7,203.7,Tripod,Other,,22,5,True,,True,False,,Smart,RC,False,True,False,,,True,,False,False,False,False,False,False,False,False,False,False,0,Follow Yaw,-77.9,0,-160.4,199.6,False,False,False,False,False,,0,0,False,False,No Card,100,100,1024,1381,712,1231,2,False,False,False,False,False,0,False,False,False,False,83,,47.316,,8336,,10044,,47.316,,True,3.946,3.946,3.946,3.946,3.946,3.946,3.946,3.946,3.946,3.946,3.946,3.946,0,,False,False,True,,,,,,,,,,,,,,,False,False,18.76,,93.9,,75.7,,93.9,,1608,67,13,18,8,139947.0,18659.60,,Idle,,20,,10,,,20,Go Home,False,False,False,False,False,False,False,False,False,False,False,False,33.8027920380556,-117.4659261431046,1990.3,2972.0,1049.4,396.9,True,1,1,False,False,False,False,,True,False,False,Course Lock,196.8,67,16.4,93,NE,S,1.56,11.4,Calm,False,False,Android,7.0.2,M300 RTK,1ZN7L4R0H1D00F,1W9DL31001461C,1ZMLH8300204F0,1Z6PH74DAP0QN7,"Corona, CA",728.3,5.7,137.7,8.547347,2.013246,0,0,DJI Matrice 300 RTK,M300 RTK,1ZN7L4R0H1D00F,1W9DL31001461C,1ZMLH8300204F0,1Z6PH74DAP0QN7,DJI Pilot,Android,7.0.2,1EF72A62-B7C3-C88D-164E-CE6F8C8424AE,1ZN7L4R0H1D00F,1W9DL31001461C,,1ZMLH8300204F0,1W9DL31001461C,,,,,
2023-11-01,11:29:32.14 AM,5m 9.8s,309.8,33.8006701833493,-117.4719775854876,127.6,137.7,17.3,1391,2371.5,6.502534,6.94893,-5.816044,2.23694,-2.908022,1.342164,0.671082,0.894776,-2.4,2.7,3.6,-152.8,207.2,206.5,Tripod,Other,,22,5,True,,True,False,,Smart,RC,False,True,False,,,True,,False,False,False,False,False,False,False,False,False,False,0,Follow Yaw,-77.9,0,-159.8,200.2,False,False,False,False,False,,0,0,False,False,No Card,100,100,1024,1380,702,1236,2,False,False,False,False,False,0,False,False,False,False,83,,47.316,,8336,,10044,,47.316,,True,3.946,3.946,3.946,3.946,3.946,3.946,3.946,3.946,3.946,3.946,3.946,3.946,0,,False,False,True,,,,,,,,,,,,,,,False,False,18.76,,93.9,,75.7,,93.9,,1608,67,13,18,8,139947.0,18659.60,,Idle,,20,,10,,,20,Go Home,False,False,False,False,False,False,False,False,False,False,False,False,33.8027920380556,-117.4659261431046,1991.1,2972.0,1049.4,396.9,True,1,1,False,False,False,False,,True,False,False,Course Lock,196.8,67,16.4,93,NE,S,1.34,11.4,Calm,False,False,Android,7.0.2,M300 RTK,1ZN7L4R0H1D00F,1W9DL31001461C,1ZMLH8300204F0,1Z6PH74DAP0QN7,"Corona, CA",728.3,5.7,137.7,8.547347,2.013246,0,0,DJI Matrice 300 RTK,M300 RTK,1ZN7L4R0H1D00F,1W9DL31001461C,1ZMLH8300204F0,1Z6PH74DAP0QN7,DJI Pilot,Android,7.0.2,1EF72A62-B7C3-C88D-164E-CE6F8C8424AE,1ZN7L4R0H1D00F,1W9DL31001461C,,1ZMLH8300204F0,1W9DL31001461C,,,,,
2023-11-01,11:29:32.24 AM,5m 9.9s,309.9,33.8006677260553,-117.4719791503659,127.6,137.7,17.3,1391,2372.5,6.605604,6.94893,-5.816044,2.23694,-3.131716,1.342164,0.671082,0.894776,-2.6,2.1,3.3,-152.3,207.7,207.8,Tripod,Other,,22,5,True,,True,False,,Smart,RC,False,True,False,,,True,,False,False,False,False,False,False,False,False,False,False,0,Follow Yaw,-77.9,0,-159.4,200.6,False,False,False,False,False,,0,0,False,False,No Card,100,100,1024,1383,687,1265,2,False,False,False,False,False,0,False,False,False,False,83,,47.256,,4138,,4986,,47.256,,True,3.946,3.946,3.946,3.946,3.946,3.946,3.946,3.946,3.946,3.946,3.946,3.946,0,,False,False,True,,,,,,,,,,,,,,,False,False,9.404,,93.9,,75.7,,93.9,,1608,67,13,18,8,139947.0,18659.60,,Idle,,20,,10,,,20,Go Home,False,False,False,False,False,False,False,False,False,False,False,False,33.8027920380556,-117.4659261431046,1991.8,2972.0,1049.4,396.9,True,1,1,False,False,False,False,,True,False,False,Course Lock,196.8,67,16.4,93,NE,S,1.34,11.4,Calm,False,False,Android,7.0.2,M300 RTK,1ZN7L4R0H1D00F,1W9DL31001461C,1ZMLH8300204F0,1Z6PH74DAP0QN7,"Corona, CA",728.3,5.7,137.7,8.547347,2.013246,0,0,DJI Matrice 300 RTK,M300 RTK,1ZN7L4R0H1D00F,1W9DL31001461C,1ZMLH8300204F0,1Z6PH74DAP0QN7,DJI Pilot,Android,7.0.2,1EF72A62-B7C3-C88D-164E-CE6F8C8424AE,1ZN7L4R0H1D00F,1W9DL31001461C,,1ZMLH8300204F0,1W9DL31001461C,,,,,
2023-11-01,11:29:32.34 AM,5m 10.0s,310.0,33.800665312622,-117.4719806707124,127.6,137.7,17.3,1391,2373.5,6.605604,6.94893,-5.816044,2.23694,-3.131716,1.342164,0.671082,0.894776,-2.7,2,3.3,-151.7,208.3,207.6,Tripod,Other,,22,5,True,,True,False,,Smart,RC,False,True,False,,,True,,False,False,False,False,False,False,False,False,False,False,0,Follow Yaw,-77.9,0,-158.8,201.2,False,False,False,False,False,,0,0,False,False,No Card,100,100,1024,1382,695,1269,2,False,False,False,False,False,0,False,False,False,False,83,,47.292,,8336,,10044,,47.292,,True,3.946,3.946,3.946,3.946,3.946,3.946,3.946,3.946,3.946,3.946,3.946,3.946,0,,False,False,True,,,,,,,,,,,,,,,False,False,19.044,,93.9,,75.7,,93.9,,1608,67,13,18,8,139947.0,18659.60,,Idle,,20,,10,,,20,Go Home,False,False,False,False,False,False,False,False,False,False,False,False,33.8027920380556,-117.4659261431046,1992.6,2972.0,1049.4,396.9,True,1,1,False,False,False,False,,True,False,False,Course Lock,196.8,67,16.4,93,NE,S,1.34,11.4,Calm,False,False,Android,7.0.2,M300 RTK,1ZN7L4R0H1D00F,1W9DL31001461C,1ZMLH8300204F0,1Z6PH74DAP0QN7,"Corona, CA",728.3,5.7,137.7,8.547347,2.013246,0,0,DJI Matrice 300 RTK,M300 RTK,1ZN7L4R0H1D00F,1W9DL31001461C,1ZMLH8300204F0,1Z6PH74DAP0QN7,DJI Pilot,Android,7.0.2,1EF72A62-B7C3-C88D-164E-CE6F8C8424AE,1ZN7L4R0H1D00F,1W9DL31001461C,,1ZMLH8300204F0,1W9DL31001461C,,,,,
2023-11-01,11:29:32.44 AM,5m 10.1s,310.1,33.8006629304395,-117.4719821631855,127.2,137.7,17.3,1391,2374.5,6.605604,6.94893,-5.816044,2.23694,-3.131716,1.342164,0.671082,0.894776,-2.6,2.4,3.5,-151.2,208.8,207.5,Tripod,Other,,22,5,True,,True,False,,Smart,RC,False,True,False,,,True,,False,False,False,False,False,False,False,False,False,False,0,Follow Yaw,-77.9,0,-158.2,201.8,False,False,False,False,False,,0,0,False,False,No Card,100,100,1024,1382,695,1269,2,False,False,False,False,False,0,False,False,False,False,83,,47.292,,8336,,10044,,47.292,,True,3.946,3.946,3.946,3.946,3.946,3.946,3.946,3.946,3.946,3.946,3.946,3.946,0,,False,False,True,,,,,,,,,,,,,,,False,False,19.044,,93.9,,75.7,,93.9,,1608,67,13,18,8,139947.0,18659.60,,Idle,,20,,10,,,20,Go Home,False,False,False,False,False,False,False,False,False,False,False,False,33.8027920380556,-117.4659261431046,1993.4,2972.0,1049.4,396.9,True,1,1,False,False,False,False,,True,False,False,Course Lock,196.8,67,16.4,93,NE,S,1.34,11.4,Calm,False,False,Android,7.0.2,M300 RTK,1ZN7L4R0H1D00F,1W9DL31001461C,1ZMLH8300204F0,1Z6PH74DAP0QN7,"Corona, CA",728.3,5.7,137.7,8.547347,2.013246,0,0,DJI Matrice 300 RTK,M300 RTK,1ZN7L4R0H1D00F,1W9DL31001461C,1ZMLH8300204F0,1Z6PH74DAP0QN7,DJI Pilot,Android,7.0.2,1EF72A62-B7C3-C88D-164E-CE6F8C8424AE,1ZN7L4R0H1D00F,1W9DL31001461C,,1ZMLH8300204F0,1W9DL31001461C,,,,,
2023-11-01,11:29:32.54 AM,5m 10.2s,310.2,33.8006605329056,-117.4719837293833,127.2,137.7,17.3,1391,2375.5,6.605604,6.94893,-5.816044,2.23694,-3.131716,1.342164,0.671082,0.894776,-2.5,2.9,3.8,-150.7,209.3,208.4,Tripod,Other,,22,5,True,,True,False,,Smart,RC,False,True,False,,,True,,False,False,False,False,False,False,False,False,False,False,0,Follow Yaw,-77.9,0,-157.6,202.4,False,False,False,False,False,,0,0,False,False,No Card,100,100,1024,1381,716,1249,2,False,False,False,False,False,0,False,False,False,False,83,,47.292,,8336,,10044,,47.292,,True,3.946,3.946,3.946,3.946,3.946,3.946,3.946,3.946,3.946,3.946,3.946,3.946,0,,False,False,True,,,,,,,,,,,,,,,False,False,19.044,,93.9,,75.7,,93.9,,1608,67,13,18,8,139947.0,18659.60,,Idle,,20,,10,,,20,Go Home,False,False,False,False,False,False,False,False,False,False,False,False,33.8027920380556,-117.4659261431046,1994.1,2972.0,1049.4,396.9,True,1,1,False,False,False,False,,True,False,False,Course Lock,196.8,67,16.4,93,NE,S,1.34,11.4,Calm,False,False,Android,7.0.2,M300 RTK,1ZN7L4R0H1D00F,1W9DL31001461C,1ZMLH8300204F0,1Z6PH74DAP0QN7,"Corona, CA",728.3,5.7,137.7,8.547347,2.013246,0,0,DJI Matrice 300 RTK,M300 RTK,1ZN7L4R0H1D00F,1W9DL31001461C,1ZMLH8300204F0,1Z6PH74DAP0QN7,DJI Pilot,Android,7.0.2,1EF72A62-B7C3-C88D-164E-CE6F8C8424AE,1ZN7L4R0H1D00F,1W9DL31001461C,,1ZMLH8300204F0,1W9DL31001461C,,,,,
2023-11-01,11:29:32.64 AM,5m 10.3s,310.3,33.8006582055489,-117.4719853767278,127.2,137.7,17.3,1391,2376.5,6.714547,6.94893,-5.816044,2.23694,-3.35541,1.342164,0.671082,0.894776,-2.6,3.2,4.1,-150.1,209.9,210.4,Tripod,Other,,22,5,True,,True,False,,Smart,RC,False,True,False,,,True,,False,False,False,False,False,False,False,False,False,False,0,Follow Yaw,-77.9,0,-157.1,202.9,False,False,False,False,False,,0,0,False,False,No Card,100,100,1024,1381,727,1039,2,False,False,False,False,False,0,False,False,False,False,83,,47.292,,8336,,10044,,47.292,,True,3.942,3.942,3.942,3.942,3.942,3.942,3.942,3.942,3.942,3.942,3.942,3.942,0,,False,False,True,,,,,,,,,,,,,,,False,False,19.044,,93.9,,75.7,,93.9,,1608,67,12,18,8,140085.5,18678.07,,Idle,,20,,10,,,20,Go Home,False,False,False,False,False,False,False,False,False,False,False,False,33.8027920380556,-117.4659261431046,1994.9,2972.0,1049.4,396.9,True,1,1,False,False,False,False,,True,False,False,Course Lock,196.8,67,16.4,93,NE,S,1.34,11.4,Calm,False,False,Android,7.0.2,M300 RTK,1ZN7L4R0H1D00F,1W9DL31001461C,1ZMLH8300204F0,1Z6PH74DAP0QN7,"Corona, CA",728.3,5.7,137.7,8.547347,2.013246,0,0,DJI Matrice 300 RTK,M300 RTK,1ZN7L4R0H1D00F,1W9DL31001461C,1ZMLH8300204F0,1Z6PH74DAP0QN7,DJI Pilot,Android,7.0.2,1EF72A62-B7C3-C88D-164E-CE6F8C8424AE,1ZN7L4R0H1D00F,1W9DL31001461C,,1ZMLH8300204F0,1W9DL31001461C,,,,,
2023-11-01,11:29:32.74 AM,5m 10.4s,310.4,33.8006558431036,-117.4719870253918,126.9,137.7,17.3,1391,2377.5,6.521744,6.94893,-5.59235,2.23694,-3.35541,1.342164,0.671082,0.894776,-2.6,2.5,3.6,-149.6,210.4,210.1,Tripod,Other,,22,5,True,,True,False,,Smart,RC,False,True,False,,,True,,False,False,False,False,False,False,False,False,False,False,0,Follow Yaw,-77.9,0,-157,203,False,False,False,False,False,,0,0,False,False,No Card,100,100,1024,1381,678,1073,2,False,False,False,False,False,0,False,False,False,False,83,,47.292,,8336,,10044,,47.292,,True,3.942,3.942,3.942,3.942,3.942,3.942,3.942,3.942,3.942,3.942,3.942,3.942,0,,False,False,True,,,,,,,,,,,,,,,False,False,19.044,,93.9,,75.7,,93.9,,1608,67,12,18,8,140085.5,18678.07,,Idle,,20,,10,,,20,Go Home,False,False,False,False,False,False,False,False,False,False,False,False,33.8027920380556,-117.4659261431046,1995.7,2972.0,1049.4,396.9,True,1,1,False,False,False,False,,True,False,False,Course Lock,196.8,67,16.4,93,NE,S,1.34,11.4,Calm,False,False,Android,7.0.2,M300 RTK,1ZN7L4R0H1D00F,1W9DL31001461C,1ZMLH8300204F0,1Z6PH74DAP0QN7,"Corona, CA",728.3,5.7,137.7,8.547347,2.013246,0,0,DJI Matrice 300 RTK,M300 RTK,1ZN7L4R0H1D00F,1W9DL31001461C,1ZMLH8300204F0,1Z6PH74DAP0QN7,DJI Pilot,Android,7.0.2,1EF72A62-B7C3-C88D-164E-CE6F8C8424AE,1ZN7L4R0H1D00F,1W9DL31001461C,,1ZMLH8300204F0,1W9DL31001461C,,,,,
2023-11-01,11:29:32.84 AM,5m 10.5s,310.5,33.8006534762723,-117.4719887553674,126.9,137.7,17.3,1391,2378.5,6.521744,6.94893,-5.59235,2.23694,-3.35541,1.342164,0.671082,0.894776,-2.6,1,2.7,-149.3,210.7,211.2,Tripod,Other,,22,5,True,,True,False,,Smart,RC,False,True,False,,,True,,False,False,False,False,False,False,False,False,False,False,0,Follow Yaw,-77.9,0,-157,203,False,False,False,False,False,,0,0,False,False,No Card,100,100,1024,1382,647,1074,2,False,False,False,False,False,0,False,False,False,False,83,,47.292,,8336,,10044,,47.292,,True,3.942,3.942,3.942,3.942,3.942,3.942,3.942,3.942,3.942,3.942,3.942,3.942,0,,False,False,True,,,,,,,,,,,,,,,False,False,19.044,,93.9,,75.7,,93.9,,1608,67,12,18,8,140085.5,18678.07,,Idle,,20,,10,,,20,Go Home,False,False,False,False,False,False,False,False,False,False,False,False,33.8027920380556,-117.4659261431046,1996.6,2972.0,1049.4,396.9,True,1,1,False,False,False,False,,True,False,False,Course Lock,196.8,67,16.4,93,NE,S,1.34,11.4,Calm,False,False,Android,7.0.2,M300 RTK,1ZN7L4R0H1D00F,1W9DL31001461C,1ZMLH8300204F0,1Z6PH74DAP0QN7,"Corona, CA",728.3,5.7,137.7,8.547347,2.013246,0,0,DJI Matrice 300 RTK,M300 RTK,1ZN7L4R0H1D00F,1W9DL31001461C,1ZMLH8300204F0,1Z6PH74DAP0QN7,DJI Pilot,Android,7.0.2,1EF72A62-B7C3-C88D-164E-CE6F8C8424AE,1ZN7L4R0H1D00F,1W9DL31001461C,,1ZMLH8300204F0,1W9DL31001461C,,,,,
2023-11-01,11:29:32.94 AM,5m 10.6s,310.6,33.8006511280817,-117.4719904498826,126.9,137.7,17.3,1391,2379.5,6.521744,6.94893,-5.59235,2.23694,-3.35541,1.342164,0.671082,0.894776,-2.5,0.2,2.5,-149.1,210.9,210.9,Tripod,Other,,22,5,True,,True,False,,Smart,RC,False,True,False,,,True,,False,False,False,False,False,False,False,False,False,False,0,Follow Yaw,-77.9,0,-156.9,203.1,False,False,False,False,False,,0,0,False,False,No Card,100,100,1024,1383,692,1024,2,False,False,False,False,False,0,False,False,False,False,83,,47.292,,8336,,10044,,47.292,,True,3.942,3.942,3.942,3.942,3.942,3.942,3.942,3.942,3.942,3.942,3.942,3.942,0,,False,False,True,,,,,,,,,,,,,,,False,False,19.044,,93.9,,75.7,,93.9,,1608,67,12,18,8,140085.5,18678.07,,Idle,,20,,10,,,20,Go Home,False,False,False,False,False,False,False,False,False,False,False,False,33.8027920380556,-117.4659261431046,1997.4,2972.0,1049.4,396.9,True,1,1,False,False,False,False,,True,False,False,Course Lock,196.8,67,16.4,93,NE,S,1.34,11.4,Calm,False,False,Android,7.0.2,M300 RTK,1ZN7L4R0H1D00F,1W9DL31001461C,1ZMLH8300204F0,1Z6PH74DAP0QN7,"Corona, CA",728.3,5.7,137.7,8.547347,2.013246,0,0,DJI Matrice 300 RTK,M300 RTK,1ZN7L4R0H1D00F,1W9DL31001461C,1ZMLH8300204F0,1Z6PH74DAP0QN7,DJI Pilot,Android,7.0.2,1EF72A62-B7C3-C88D-164E-CE6F8C8424AE,1ZN7L4R0H1D00F,1W9DL31001461C,,1ZMLH8300204F0,1W9DL31001461C,,,,,
2023-11-01,11:29:33.01 AM,5m 10.7s,310.7,33.8006488604851,-117.471992011957,126.6,137.7,17.3,1390,2380.4,6.521744,6.94893,-5.59235,2.23694,-3.35541,1.342164,0.671082,0.894776,-2.4,0,2.4,-149,211,209.7,Tripod,Other,,22,5,True,,True,False,,Smart,RC,False,True,False,,,True,,False,False,False,False,False,False,False,False,False,False,0,Follow Yaw,-77.9,0,-156.9,203.1,False,False,False,False,False,,0,0,False,False,No Card,100,100,1024,1382,747,1024,2,False,False,False,False,False,0,False,False,False,False,83,,47.292,,8336,,10044,,47.292,,True,3.942,3.942,3.942,3.942,3.942,3.942,3.942,3.942,3.942,3.942,3.942,3.942,0,,False,False,True,,,,,,,,,,,,,,,False,False,19.044,,93.9,,75.7,,93.9,,1608,67,12,18,8,140085.5,18678.07,,Idle,,20,,10,,,20,Go Home,False,False,False,False,False,False,False,False,False,False,False,False,33.8027920380556,-117.4659261431046,1998.1,2972.0,1049.4,396.9,True,1,1,False,False,False,False,,True,False,False,Course Lock,196.8,67,16.4,93,NE,S,1.34,11.4,Calm,False,False,Android,7.0.2,M300 RTK,1ZN7L4R0H1D00F,1W9DL31001461C,1ZMLH8300204F0,1Z6PH74DAP0QN7,"Corona, CA",728.3,5.7,137.7,8.547347,2.013246,0,0,DJI Matrice 300 RTK,M300 RTK,1ZN7L4R0H1D00F,1W9DL31001461C,1ZMLH8300204F0,1Z6PH74DAP0QN7,DJI Pilot,Android,7.0.2,1EF72A62-B7C3-C88D-164E-CE6F8C8424AE,1ZN7L4R0H1D00F,1W9DL31001461C,,1ZMLH8300204F0,1W9DL31001461C,,,,,
2023-11-01,11:29:33.14 AM,5m 10.8s,310.8,33.8006465139393,-117.4719936875049,126.6,137.7,17.3,1390,2381.4,6.521744,6.94893,-5.59235,2.23694,-3.35541,1.342164,0.671082,0.894776,-2.3,0,2.3,-148.9,211.1,210.6,Tripod,Other,,22,5,True,,True,False,,Smart,RC,False,True,False,,,True,,False,False,False,False,False,False,False,False,False,False,0,Follow Yaw,-77.9,0,-156.9,203.1,False,False,False,False,False,,0,0,False,False,No Card,100,100,1024,1382,791,967,2,False,False,False,False,False,0,False,False,False,False,83,,47.292,,8336,,10044,,47.292,,True,3.942,3.942,3.942,3.942,3.942,3.942,3.942,3.942,3.942,3.942,3.942,3.942,0,,False,False,True,,,,,,,,,,,,,,,False,False,19.044,,93.9,,75.7,,93.9,,1608,67,12,18,8,140085.5,18678.07,,Idle,,20,,10,,,20,Go Home,False,False,False,False,False,False,False,False,False,False,False,False,33.8027920380556,-117.4659261431046,1998.9,2972.0,1049.4,396.9,True,1,1,False,False,False,False,,True,False,False,Course Lock,196.8,67,16.4,93,NE,S,1.34,11.4,Calm,False,False,Android,7.0.2,M300 RTK,1ZN7L4R0H1D00F,1W9DL31001461C,1ZMLH8300204F0,1Z6PH74DAP0QN7,"Corona, CA",728.3,5.7,137.7,8.547347,2.013246,0,0,DJI Matrice 300 RTK,M300 RTK,1ZN7L4R0H1D00F,1W9DL31001461C,1ZMLH8300204F0,1Z6PH74DAP0QN7,DJI Pilot,Android,7.0.2,1EF72A62-B7C3-C88D-164E-CE6F8C8424AE,1ZN7L4R0H1D00F,1W9DL31001461C,,1ZMLH8300204F0,1W9DL31001461C,,,,,
2023-11-01,11:29:33.23 AM,5m 10.9s,310.9,33.8006441624592,-117.4719954432099,126.3,137.7,17.0,1390,2382.5,6.521744,6.94893,-5.59235,2.23694,-3.35541,1.342164,0.671082,0.894776,-2.2,0.2,2.2,-148.8,211.2,211.8,Tripod,Other,,22,5,True,,True,False,,Smart,RC,False,True,False,,,True,,False,False,False,False,False,False,False,False,False,False,0,Follow Yaw,-77.9,0,-156.9,203.1,False,False,False,False,False,,0,0,False,False,No Card,100,100,1024,1385,805,917,2,False,False,False,False,False,0,False,False,False,False,83,,47.292,,8336,,10044,,47.292,,True,3.942,3.942,3.942,3.942,3.942,3.942,3.942,3.942,3.942,3.942,3.942,3.942,0,,False,False,True,,,,,,,,,,,,,,,False,False,19.044,,93.9,,75.7,,93.9,,1608,67,12,18,8,140085.5,18678.07,,Idle,,20,,10,,,20,Go Home,False,False,False,False,False,False,False,False,False,False,False,False,33.8027920380556,-117.4659261431046,1999.7,2972.0,1049.4,396.9,True,1,1,False,False,False,False,,True,False,False,Course Lock,196.8,67,16.4,93,NE,S,1.34,11.4,Calm,False,False,Android,7.0.2,M300 RTK,1ZN7L4R0H1D00F,1W9DL31001461C,1ZMLH8300204F0,1Z6PH74DAP0QN7,"Corona, CA",728.3,5.7,137.7,8.547347,2.013246,0,0,DJI Matrice 300 RTK,M300 RTK,1ZN7L4R0H1D00F,1W9DL31001461C,1ZMLH8300204F0,1Z6PH74DAP0QN7,DJI Pilot,Android,7.0.2,1EF72A62-B7C3-C88D-164E-CE6F8C8424AE,1ZN7L4R0H1D00F,1W9DL31001461C,,1ZMLH8300204F0,1W9DL31001461C,,,,,
2023-11-01,11:29:33.33 AM,5m 11.0s,311.0,33.8006418274269,-117.4719971251902,126.3,137.7,17.3,1390,2383.4,6.521744,6.94893,-5.59235,2.23694,-3.35541,1.342164,0.671082,0.894776,-2.2,0.1,2.2,-148.8,211.2,210.9,Tripod,Other,,23,5,True,,True,False,,Smart,RC,False,True,False,,,True,,False,False,False,False,False,False,False,False,False,False,0,Follow Yaw,-77.9,0,-157,203,False,False,False,False,False,,0,0,False,False,No Card,100,100,1024,1383,846,792,2,False,False,False,False,False,0,False,False,False,False,83,,47.364,,8336,,10044,,47.364,,True,3.942,3.942,3.942,3.942,3.942,3.942,3.942,3.942,3.942,3.942,3.942,3.942,0,,False,False,True,,,,,,,,,,,,,,,False,False,19.062,,94.1,,75.7,,94.1,,1608,67,12,18,8,140085.5,18678.07,,Idle,,20,,10,,,20,Go Home,False,False,False,False,False,False,False,False,False,False,False,False,33.8027920380556,-117.4659261431046,2000.6,2972.0,1049.4,396.9,True,1,1,False,False,False,False,,True,False,False,Course Lock,196.8,67,16.4,93,NE,S,1.34,11.4,Calm,False,False,Android,7.0.2,M300 RTK,1ZN7L4R0H1D00F,1W9DL31001461C,1ZMLH8300204F0,1Z6PH74DAP0QN7,"Corona, CA",728.3,5.7,137.7,8.547347,2.013246,0,0,DJI Matrice 300 RTK,M300 RTK,1ZN7L4R0H1D00F,1W9DL31001461C,1ZMLH8300204F0,1Z6PH74DAP0QN7,DJI Pilot,Android,7.0.2,1EF72A62-B7C3-C88D-164E-CE6F8C8424AE,1ZN7L4R0H1D00F,1W9DL31001461C,,1ZMLH8300204F0,1W9DL31001461C,,,,,
2023-11-01,11:29:33.44 AM,5m 11.1s,311.1,33.8006394699159,-117.4719985729664,126.3,137.7,17.0,1390,2384.4,6.521744,6.94893,-5.59235,2.23694,-3.35541,1.342164,0.447388,0.894776,-2.2,-0.2,2.2,-148.9,211.1,207.0,Tripod,Other,,23,5,True,,True,False,,Smart,RC,False,True,False,,,True,,False,False,False,False,False,False,False,False,False,False,0,Follow Yaw,-77.9,0,-157.3,202.7,False,False,False,False,False,,0,0,False,False,No Card,100,100,1024,1383,852,871,2,False,False,False,False,False,0,False,False,False,False,83,,47.364,,8336,,10044,,47.364,,True,3.942,3.942,3.942,3.942,3.942,3.942,3.942,3.942,3.942,3.942,3.942,3.942,0,,False,False,True,,,,,,,,,,,,,,,False,False,19.062,,94.1,,75.7,,94.1,,1608,67,12,18,8,140085.5,18678.07,,Idle,,20,,10,,,20,Go Home,False,False,False,False,False,False,False,False,False,False,False,False,33.8027920380556,-117.4659261431046,2001.3,2972.0,1049.4,396.9,True,1,1,False,False,False,False,,True,False,False,Course Lock,196.8,67,16.4,93,NE,S,1.34,11.4,Calm,False,False,Android,7.0.2,M300 RTK,1ZN7L4R0H1D00F,1W9DL31001461C,1ZMLH8300204F0,1Z6PH74DAP0QN7,"Corona, CA",728.3,5.7,137.7,8.547347,2.013246,0,0,DJI Matrice 300 RTK,M300 RTK,1ZN7L4R0H1D00F,1W9DL31001461C,1ZMLH8300204F0,1Z6PH74DAP0QN7,DJI Pilot,Android,7.0.2,1EF72A62-B7C3-C88D-164E-CE6F8C8424AE,1ZN7L4R0H1D00F,1W9DL31001461C,,1ZMLH8300204F0,1W9DL31001461C,,,,,
2023-11-01,11:29:33.53 AM,5m 11.2s,311.2,33.800637133787,-117.472000222455,126.3,137.7,17.0,1390,2385.4,6.521744,6.94893,-5.59235,2.23694,-3.35541,1.342164,0.447388,0.894776,-2.2,-1.4,2.6,-149,211,210.4,Tripod,Other,,22,5,True,,True,False,,Smart,RC,False,True,False,,,True,,False,False,False,False,False,False,False,False,False,False,0,Follow Yaw,-77.9,0,-157.7,202.3,False,False,False,False,False,,0,0,False,False,No Card,100,100,1024,1385,833,985,2,False,False,False,False,False,0,False,False,False,False,83,,47.364,,8336,,10044,,47.364,,True,3.942,3.942,3.942,3.942,3.942,3.942,3.942,3.942,3.942,3.942,3.942,3.942,0,,False,False,True,,,,,,,,,,,,,,,False,False,19.062,,94.1,,75.7,,94.1,,1608,67,12,18,8,140085.5,18678.07,,Idle,,20,,10,,,20,Go Home,False,False,False,False,False,False,False,False,False,False,False,False,33.8027920380556,-117.4659261431046,2002.1,2972.0,1049.4,396.9,True,1,1,False,False,False,False,,True,False,False,Course Lock,196.8,67,16.4,93,NE,S,1.34,11.4,Calm,False,False,Android,7.0.2,M300 RTK,1ZN7L4R0H1D00F,1W9DL31001461C,1ZMLH8300204F0,1Z6PH74DAP0QN7,"Corona, CA",728.3,5.7,137.7,8.547347,2.013246,0,0,DJI Matrice 300 RTK,M300 RTK,1ZN7L4R0H1D00F,1W9DL31001461C,1ZMLH8300204F0,1Z6PH74DAP0QN7,DJI Pilot,Android,7.0.2,1EF72A62-B7C3-C88D-164E-CE6F8C8424AE,1ZN7L4R0H1D00F,1W9DL31001461C,,1ZMLH8300204F0,1W9DL31001461C,,,,,
2023-11-01,11:29:33.64 AM,5m 11.3s,311.3,33.8006349303367,-117.4720019850871,125.9,137.7,17.0,1390,2386.4,6.409526,6.94893,-5.59235,2.23694,-3.131716,1.342164,0.447388,0.894776,-2.4,-1.6,2.8,-149.1,210.9,213.6,Tripod,Other,,22,5,True,,True,False,,Smart,RC,False,True,False,,,True,,False,False,False,False,False,False,False,False,False,False,0,Follow Yaw,-77.9,0,-157.8,202.2,False,False,False,False,False,,0,0,False,False,No Card,100,100,1024,1386,847,981,2,False,False,False,False,False,0,False,False,False,False,83,,47.364,,8336,,10044,,47.364,,True,3.939,3.939,3.939,3.939,3.939,3.939,3.939,3.939,3.939,3.939,3.939,3.939,0,,False,False,True,,,,,,,,,,,,,,,False,False,19.062,,94.1,,75.7,,94.1,,1607,67,12,18,8,140354.7,18713.96,,Idle,,20,,10,,,20,Go Home,False,False,False,False,False,False,False,False,False,False,False,False,33.8027920380556,-117.4659261431046,2002.9,2972.0,1049.4,396.9,True,1,1,False,False,False,False,,True,False,False,Course Lock,196.8,67,16.4,93,NE,S,1.34,11.4,Calm,False,False,Android,7.0.2,M300 RTK,1ZN7L4R0H1D00F,1W9DL31001461C,1ZMLH8300204F0,1Z6PH74DAP0QN7,"Corona, CA",728.3,5.7,137.7,8.547347,2.013246,0,0,DJI Matrice 300 RTK,M300 RTK,1ZN7L4R0H1D00F,1W9DL31001461C,1ZMLH8300204F0,1Z6PH74DAP0QN7,DJI Pilot,Android,7.0.2,1EF72A62-B7C3-C88D-164E-CE6F8C8424AE,1ZN7L4R0H1D00F,1W9DL31001461C,,1ZMLH8300204F0,1W9DL31001461C,,,,,
2023-11-01,11:29:33.74 AM,5m 11.4s,311.4,33.8006325876287,-117.472003585096,125.9,137.7,17.0,1390,2387.3,6.409526,6.94893,-5.59235,2.23694,-3.131716,1.342164,0.223694,0.894776,-2.7,-0.6,2.7,-149.2,210.8,209.5,Tripod,Other,,22,5,True,,True,False,,Smart,RC,False,True,False,,,True,,False,False,False,False,False,False,False,False,False,False,0,Follow Yaw,-77.9,0,-157.8,202.2,False,False,False,False,False,,0,0,False,False,No Card,100,100,1024,1385,847,958,2,False,False,False,False,False,0,False,False,False,False,83,,47.364,,8336,,10044,,47.364,,True,3.939,3.939,3.939,3.939,3.939,3.939,3.939,3.939,3.939,3.939,3.939,3.939,0,,False,False,True,,,,,,,,,,,,,,,False,False,19.062,,94.1,,75.7,,94.1,,1607,67,12,18,8,140354.7,18713.96,,Idle,,20,,10,,,20,Go Home,False,False,False,False,False,False,False,False,False,False,False,False,33.8027920380556,-117.4659261431046,2003.7,2972.0,1049.4,396.9,True,1,1,False,False,False,False,,True,False,False,Course Lock,196.8,67,16.4,93,NE,S,1.34,11.4,Calm,False,False,Android,7.0.2,M300 RTK,1ZN7L4R0H1D00F,1W9DL31001461C,1ZMLH8300204F0,1Z6PH74DAP0QN7,"Corona, CA",728.3,5.7,137.7,8.547347,2.013246,0,0,DJI Matrice 300 RTK,M300 RTK,1ZN7L4R0H1D00F,1W9DL31001461C,1ZMLH8300204F0,1Z6PH74DAP0QN7,DJI Pilot,Android,7.0.2,1EF72A62-B7C3-C88D-164E-CE6F8C8424AE,1ZN7L4R0H1D00F,1W9DL31001461C,,1ZMLH8300204F0,1W9DL31001461C,,,,,
2023-11-01,11:29:33.84 AM,5m 11.5s,311.5,33.8006301593924,-117.4720052547063,125.9,137.7,17.3,1390,2388.4,6.409526,6.94893,-5.59235,2.23694,-3.131716,1.342164,0.223694,0.894776,-2.8,0.3,2.8,-149.2,210.8,209.7,Tripod,Other,,22,5,True,,True,False,,Smart,RC,False,True,False,,,True,,False,False,False,False,False,False,False,False,False,False,0,Follow Yaw,-77.9,0,-157.9,202.1,False,False,False,False,False,,0,0,False,False,No Card,100,100,1024,1384,845,937,2,False,False,False,False,False,0,False,False,False,False,83,,47.364,,8336,,10044,,47.364,,True,3.939,3.939,3.939,3.939,3.939,3.939,3.939,3.939,3.939,3.939,3.939,3.939,0,,False,False,True,,,,,,,,,,,,,,,False,False,19.062,,94.1,,75.7,,94.1,,1607,67,12,18,8,140354.7,18713.96,,Idle,,20,,10,,,20,Go Home,False,False,False,False,False,False,False,False,False,False,False,False,33.8027920380556,-117.4659261431046,2004.5,2972.0,1049.4,396.9,True,1,1,False,False,False,False,,True,False,False,Course Lock,196.8,67,16.4,93,NE,S,1.34,11.4,Calm,False,False,Android,7.0.2,M300 RTK,1ZN7L4R0H1D00F,1W9DL31001461C,1ZMLH8300204F0,1Z6PH74DAP0QN7,"Corona, CA",728.3,5.7,137.7,8.547347,2.013246,0,0,DJI Matrice 300 RTK,M300 RTK,1ZN7L4R0H1D00F,1W9DL31001461C,1ZMLH8300204F0,1Z6PH74DAP0QN7,DJI Pilot,Android,7.0.2,1EF72A62-B7C3-C88D-164E-CE6F8C8424AE,1ZN7L4R0H1D00F,1W9DL31001461C,,1ZMLH8300204F0,1W9DL31001461C,,,,,
2023-11-01,11:29:33.95 AM,5m 11.6s,311.6,33.8006278139432,-117.4720068461387,125.9,137.7,17.3,1390,2389.3,6.409526,6.94893,-5.59235,2.23694,-3.131716,1.342164,0.223694,0.894776,-3.2,0.7,3.2,-149.3,210.7,209.4,Tripod,Other,,22,5,True,,True,False,,Smart,RC,False,True,False,,,True,,False,False,False,False,False,False,False,False,False,False,0,Follow Yaw,-77.9,0,-158,202,False,False,False,False,False,,0,0,False,False,No Card,100,100,1024,1386,833,1006,2,False,False,False,False,False,0,False,False,False,False,83,,47.364,,8336,,10044,,47.364,,True,3.939,3.939,3.939,3.939,3.939,3.939,3.939,3.939,3.939,3.939,3.939,3.939,0,,False,False,True,,,,,,,,,,,,,,,False,False,19.062,,94.1,,75.7,,94.1,,1607,67,12,18,8,140354.7,18713.96,,Idle,,20,,10,,,20,Go Home,False,False,False,False,False,False,False,False,False,False,False,False,33.8027920380556,-117.4659261431046,2005.3,2972.0,1049.4,396.9,True,1,1,False,False,False,False,,True,False,False,Course Lock,196.8,67,16.4,93,NE,S,1.34,11.4,Calm,False,False,Android,7.0.2,M300 RTK,1ZN7L4R0H1D00F,1W9DL31001461C,1ZMLH8300204F0,1Z6PH74DAP0QN7,"Corona, CA",728.3,5.7,137.7,8.547347,2.013246,0,0,DJI Matrice 300 RTK,M300 RTK,1ZN7L4R0H1D00F,1W9DL31001461C,1ZMLH8300204F0,1Z6PH74DAP0QN7,DJI Pilot,Android,7.0.2,1EF72A62-B7C3-C88D-164E-CE6F8C8424AE,1ZN7L4R0H1D00F,1W9DL31001461C,,1ZMLH8300204F0,1W9DL31001461C,,,,,
2023-11-01,11:29:34.06 AM,5m 11.7s,311.7,33.8006254218919,-117.4720083927095,125.9,137.7,17.3,1390,2390.3,6.409526,6.94893,-5.59235,2.23694,-3.131716,1.342164,0.223694,0.894776,-3.4,0.6,3.4,-149.4,210.6,208.2,Tripod,Other,,22,5,True,,True,False,,Smart,RC,False,True,False,,,True,,False,False,False,False,False,False,False,False,False,False,0,Follow Yaw,-77.9,0,-158.1,201.9,False,False,False,False,False,,0,0,False,False,No Card,100,100,1024,1386,827,1024,2,False,False,False,False,False,0,False,False,False,False,83,,47.328,,4138,,4986,,47.328,,True,3.939,3.939,3.939,3.939,3.939,3.939,3.939,3.939,3.939,3.939,3.939,3.939,0,,False,False,True,,,,,,,,,,,,,,,False,False,9.44,,94.1,,75.7,,94.1,,1607,67,12,18,8,140354.7,18713.96,,Idle,,20,,10,,,20,Go Home,False,False,False,False,False,False,False,False,False,False,False,False,33.8027920380556,-117.4659261431046,2006.0,2972.0,1049.4,396.9,True,1,1,False,False,False,False,,True,False,False,Course Lock,196.8,67,16.4,93,NE,S,1.34,11.4,Calm,False,False,Android,7.0.2,M300 RTK,1ZN7L4R0H1D00F,1W9DL31001461C,1ZMLH8300204F0,1Z6PH74DAP0QN7,"Corona, CA",728.3,5.7,137.7,8.547347,2.013246,0,0,DJI Matrice 300 RTK,M300 RTK,1ZN7L4R0H1D00F,1W9DL31001461C,1ZMLH8300204F0,1Z6PH74DAP0QN7,DJI Pilot,Android,7.0.2,1EF72A62-B7C3-C88D-164E-CE6F8C8424AE,1ZN7L4R0H1D00F,1W9DL31001461C,,1ZMLH8300204F0,1W9DL31001461C,,,,,
2023-11-01,11:29:34.16 AM,5m 11.8s,311.8,33.8006230676705,-117.4720099965118,125.9,137.7,17.3,1390,2391.3,6.409526,6.94893,-5.59235,2.23694,-3.131716,1.342164,0.223694,0.894776,-3.5,0.3,3.5,-149.6,210.4,209.5,Tripod,Other,,22,5,True,,True,False,,Smart,RC,False,True,False,,,True,,False,False,False,False,False,False,False,False,False,False,0,Follow Yaw,-77.9,0,-158.1,201.9,False,False,False,False,False,,0,0,False,False,No Card,100,100,1024,1387,825,1024,2,False,False,False,False,False,0,False,False,False,False,83,,47.328,,4138,,4986,,47.328,,True,3.939,3.939,3.939,3.939,3.939,3.939,3.939,3.939,3.939,3.939,3.939,3.939,0,,False,False,True,,,,,,,,,,,,,,,False,False,9.44,,94.1,,75.7,,94.1,,1607,67,12,18,8,140354.7,18713.96,,Idle,,20,,10,,,20,Go Home,False,False,False,False,False,False,False,False,False,False,False,False,33.8027920380556,-117.4659261431046,2006.8,2972.0,1049.4,396.9,True,1,1,False,False,False,False,,True,False,False,Course Lock,196.8,67,16.4,93,NE,S,1.34,11.4,Calm,False,False,Android,7.0.2,M300 RTK,1ZN7L4R0H1D00F,1W9DL31001461C,1ZMLH8300204F0,1Z6PH74DAP0QN7,"Corona, CA",728.3,5.7,137.7,8.547347,2.013246,0,0,DJI Matrice 300 RTK,M300 RTK,1ZN7L4R0H1D00F,1W9DL31001461C,1ZMLH8300204F0,1Z6PH74DAP0QN7,DJI Pilot,Android,7.0.2,1EF72A62-B7C3-C88D-164E-CE6F8C8424AE,1ZN7L4R0H1D00F,1W9DL31001461C,,1ZMLH8300204F0,1W9DL31001461C,,,,,
2023-11-01,11:29:34.24 AM,5m 11.9s,311.9,33.8006208806679,-117.4720116052622,125.6,137.7,17.3,1389,2392.3,6.409526,6.94893,-5.59235,2.23694,-3.131716,1.342164,0.223694,0.894776,-3.5,0,3.5,-149.8,210.2,211.4,Tripod,Other,,22,5,True,,True,False,,Smart,RC,False,True,False,,,True,,False,False,False,False,False,False,False,False,False,False,0,Follow Yaw,-77.9,0,-158.1,201.9,False,False,False,False,False,,0,0,False,False,No Card,100,100,1024,1388,821,1024,2,False,False,False,False,False,0,False,False,False,False,83,,47.328,,4138,,4986,,47.328,,True,3.939,3.939,3.939,3.939,3.939,3.939,3.939,3.939,3.939,3.939,3.939,3.939,0,,False,False,True,,,,,,,,,,,,,,,False,False,9.44,,94.1,,75.7,,94.1,,1607,67,12,18,8,140354.7,18713.96,,Idle,,20,,10,,,20,Go Home,False,False,False,False,False,False,False,False,False,False,False,False,33.8027920380556,-117.4659261431046,2007.6,2972.0,1049.4,396.9,True,1,1,False,False,False,False,,True,False,False,Course Lock,196.8,67,16.4,93,NE,S,1.34,11.4,Calm,False,False,Android,7.0.2,M300 RTK,1ZN7L4R0H1D00F,1W9DL31001461C,1ZMLH8300204F0,1Z6PH74DAP0QN7,"Corona, CA",728.3,5.7,137.7,8.547347,2.013246,0,0,DJI Matrice 300 RTK,M300 RTK,1ZN7L4R0H1D00F,1W9DL31001461C,1ZMLH8300204F0,1Z6PH74DAP0QN7,DJI Pilot,Android,7.0.2,1EF72A62-B7C3-C88D-164E-CE6F8C8424AE,1ZN7L4R0H1D00F,1W9DL31001461C,,1ZMLH8300204F0,1W9DL31001461C,,,,,
2023-11-01,11:29:34.36 AM,5m 12.0s,312.0,33.800618523157,-117.4720132206097,125.6,137.7,17.3,1389,2393.3,6.409526,6.94893,-5.59235,2.23694,-3.131716,1.342164,0.223694,0.894776,-3.4,-0.2,3.4,-149.9,210.1,209.6,Tripod,Other,,21,5,True,,True,False,,Smart,RC,False,True,False,,,True,,False,False,False,False,False,False,False,False,False,False,0,Follow Yaw,-77.9,0,-158.1,201.9,False,False,False,False,False,,0,0,False,False,No Card,100,100,1024,1388,821,1024,2,False,False,False,False,False,0,False,False,False,False,83,,47.352,,8336,,10044,,47.352,,True,3.939,3.939,3.939,3.939,3.939,3.939,3.939,3.939,3.939,3.939,3.939,3.939,0,,False,False,True,,,,,,,,,,,,,,,False,False,19.162,,94.1,,75.7,,94.1,,1607,67,12,18,8,140354.7,18713.96,,Idle,,20,,10,,,20,Go Home,False,False,False,False,False,False,False,False,False,False,False,False,33.8027920380556,-117.4659261431046,2008.4,2972.0,1049.4,396.9,True,1,1,False,False,False,False,,True,False,False,Course Lock,196.8,67,16.4,93,NE,S,1.34,11.4,Calm,False,False,Android,7.0.2,M300 RTK,1ZN7L4R0H1D00F,1W9DL31001461C,1ZMLH8300204F0,1Z6PH74DAP0QN7,"Corona, CA",728.3,5.7,137.7,8.547347,2.013246,0,0,DJI Matrice 300 RTK,M300 RTK,1ZN7L4R0H1D00F,1W9DL31001461C,1ZMLH8300204F0,1Z6PH74DAP0QN7,DJI Pilot,Android,7.0.2,1EF72A62-B7C3-C88D-164E-CE6F8C8424AE,1ZN7L4R0H1D00F,1W9DL31001461C,,1ZMLH8300204F0,1W9DL31001461C,,,,,
2023-11-01,11:29:34.46 AM,5m 12.1s,312.1,33.8006158153089,-117.4720148432143,125.6,137.7,17.3,1389,2394.4,6.409526,6.94893,-5.59235,2.23694,-3.131716,1.342164,0.223694,0.894776,-3.5,-0.2,3.5,-150,210,206.4,Tripod,Other,,21,5,True,,True,False,,Smart,RC,False,True,False,,,True,,False,False,False,False,False,False,False,False,False,False,0,Follow Yaw,-77.9,0,-158.1,201.9,False,False,False,False,False,,0,0,False,False,No Card,100,100,1024,1388,821,1024,2,False,False,False,False,False,0,False,False,False,False,83,,47.352,,8336,,10044,,47.352,,True,3.939,3.939,3.939,3.939,3.939,3.939,3.939,3.939,3.939,3.939,3.939,3.939,0,,False,False,True,,,,,,,,,,,,,,,False,False,19.162,,94.1,,75.7,,94.1,,1607,67,12,18,8,140354.7,18713.96,,Idle,,20,,10,,,20,Go Home,False,False,False,False,False,False,False,False,False,False,False,False,33.8027920380556,-117.4659261431046,2009.2,2972.0,1049.4,396.9,True,1,1,False,False,False,False,,True,False,False,Course Lock,196.8,67,16.4,93,NE,S,1.34,11.4,Calm,False,False,Android,7.0.2,M300 RTK,1ZN7L4R0H1D00F,1W9DL31001461C,1ZMLH8300204F0,1Z6PH74DAP0QN7,"Corona, CA",728.3,5.7,137.7,8.547347,2.013246,0,0,DJI Matrice 300 RTK,M300 RTK,1ZN7L4R0H1D00F,1W9DL31001461C,1ZMLH8300204F0,1Z6PH74DAP0QN7,DJI Pilot,Android,7.0.2,1EF72A62-B7C3-C88D-164E-CE6F8C8424AE,1ZN7L4R0H1D00F,1W9DL31001461C,,1ZMLH8300204F0,1W9DL31001461C,,,,,
2023-11-01,11:29:34.56 AM,5m 12.2s,312.2,33.8006134073582,-117.4720164541087,125.6,137.7,17.3,1389,2395.4,6.605604,6.94893,-5.816044,2.23694,-3.131716,1.342164,0.223694,0.894776,-3.4,-0.2,3.4,-150.1,209.9,209.0,Tripod,Other,,21,5,True,,True,False,,Smart,RC,False,True,False,,,True,,False,False,False,False,False,False,False,False,False,False,0,Follow Yaw,-77.9,0,-158.1,201.9,False,False,False,False,False,,0,0,False,False,No Card,100,100,1024,1392,854,1024,2,False,False,False,False,False,0,False,False,False,False,83,,47.352,,8336,,10044,,47.352,,True,3.939,3.939,3.939,3.939,3.939,3.939,3.939,3.939,3.939,3.939,3.939,3.939,0,,False,False,True,,,,,,,,,,,,,,,False,False,19.162,,94.1,,75.7,,94.1,,1607,67,12,18,8,140354.7,18713.96,,Idle,,20,,10,,,20,Go Home,False,False,False,False,False,False,False,False,False,False,False,False,33.8027920380556,-117.4659261431046,2010.0,2972.0,1049.4,396.9,True,1,1,False,False,False,False,,True,False,False,Course Lock,196.8,67,16.4,93,NE,S,1.34,11.4,Calm,False,False,Android,7.0.2,M300 RTK,1ZN7L4R0H1D00F,1W9DL31001461C,1ZMLH8300204F0,1Z6PH74DAP0QN7,"Corona, CA",728.3,5.7,137.7,8.547347,2.013246,0,0,DJI Matrice 300 RTK,M300 RTK,1ZN7L4R0H1D00F,1W9DL31001461C,1ZMLH8300204F0,1Z6PH74DAP0QN7,DJI Pilot,Android,7.0.2,1EF72A62-B7C3-C88D-164E-CE6F8C8424AE,1ZN7L4R0H1D00F,1W9DL31001461C,,1ZMLH8300204F0,1W9DL31001461C,,,,,
2023-11-01,11:29:34.67 AM,5m 12.3s,312.3,33.8006110487507,-117.4720178265109,125.6,137.7,17.7,1389,2396.3,6.605604,6.94893,-5.816044,2.23694,-3.131716,1.342164,0.223694,0.894776,-3.1,0,3.1,-150.1,209.9,205.8,Tripod,Other,,21,5,True,,True,False,,Smart,RC,False,True,False,,,True,,False,False,False,False,False,False,False,False,False,False,0,Follow Yaw,-77.9,0,-158.1,201.9,False,False,False,False,False,,0,0,False,False,No Card,100,100,1024,1397,834,1024,2,False,False,False,False,False,0,False,False,False,False,83,,47.352,,8336,,10044,,47.352,,True,3.946,3.946,3.946,3.946,3.946,3.946,3.946,3.946,3.946,3.946,3.946,3.946,0,,False,False,True,,,,,,,,,,,,,,,False,False,19.162,,94.1,,75.7,,94.1,,1607,68,12,18,8,140749.4,18766.59,,Idle,,20,,10,,,20,Go Home,False,False,False,False,False,False,False,False,False,False,False,False,33.8027920380556,-117.4659261431046,2010.7,2972.0,1049.4,396.9,True,1,1,False,False,False,False,,True,False,False,Course Lock,196.8,67,16.4,93,NE,S,1.34,11.4,Calm,False,False,Android,7.0.2,M300 RTK,1ZN7L4R0H1D00F,1W9DL31001461C,1ZMLH8300204F0,1Z6PH74DAP0QN7,"Corona, CA",728.3,5.7,137.7,8.547347,2.013246,0,0,DJI Matrice 300 RTK,M300 RTK,1ZN7L4R0H1D00F,1W9DL31001461C,1ZMLH8300204F0,1Z6PH74DAP0QN7,DJI Pilot,Android,7.0.2,1EF72A62-B7C3-C88D-164E-CE6F8C8424AE,1ZN7L4R0H1D00F,1W9DL31001461C,,1ZMLH8300204F0,1W9DL31001461C,,,,,
2023-11-01,11:29:34.77 AM,5m 12.4s,312.4,33.800608621611,-117.4720194164589,125.6,137.7,17.7,1389,2397.3,6.605604,6.94893,-5.816044,2.23694,-3.131716,1.342164,0.223694,0.894776,-2.8,0.4,2.8,-150.1,209.9,208.5,Tripod,Other,,21,5,True,,True,False,,Smart,RC,False,True,False,,,True,,False,False,False,False,False,False,False,False,False,False,0,Follow Yaw,-77.9,0,-158.1,201.9,False,False,False,False,False,,0,0,False,False,No Card,100,100,1024,1394,822,1024,2,False,False,False,False,False,0,False,False,False,False,83,,47.352,,8336,,10044,,47.352,,True,3.946,3.946,3.946,3.946,3.946,3.946,3.946,3.946,3.946,3.946,3.946,3.946,0,,False,False,True,,,,,,,,,,,,,,,False,False,19.162,,94.1,,75.7,,94.1,,1607,68,12,18,8,140749.4,18766.59,,Idle,,20,,10,,,20,Go Home,False,False,False,False,False,False,False,False,False,False,False,False,33.8027920380556,-117.4659261431046,2011.5,2972.0,1049.4,396.9,True,1,1,False,False,False,False,,True,False,False,Course Lock,196.8,67,16.4,93,NE,S,1.34,11.4,Calm,False,False,Android,7.0.2,M300 RTK,1ZN7L4R0H1D00F,1W9DL31001461C,1ZMLH8300204F0,1Z6PH74DAP0QN7,"Corona, CA",728.3,5.7,137.7,8.547347,2.013246,0,0,DJI Matrice 300 RTK,M300 RTK,1ZN7L4R0H1D00F,1W9DL31001461C,1ZMLH8300204F0,1Z6PH74DAP0QN7,DJI Pilot,Android,7.0.2,1EF72A62-B7C3-C88D-164E-CE6F8C8424AE,1ZN7L4R0H1D00F,1W9DL31001461C,,1ZMLH8300204F0,1W9DL31001461C,,,,,
2023-11-01,11:29:34.84 AM,5m 12.5s,312.5,33.8006064675039,-117.4720213026255,125.6,137.7,17.7,1389,2398.3,6.714547,6.94893,-5.816044,2.23694,-3.35541,1.342164,0.223694,0.894776,-2.7,0.5,2.7,-150.1,209.9,216.0,Tripod,Other,,21,5,True,,True,False,,Smart,RC,False,True,False,,,True,,False,False,False,False,False,False,False,False,False,False,0,Follow Yaw,-77.9,0,-158.1,201.9,False,False,False,False,False,,0,0,False,False,No Card,100,100,1024,1394,815,1024,2,False,False,False,False,False,0,False,False,False,False,83,,47.352,,8336,,10044,,47.352,,True,3.946,3.946,3.946,3.946,3.946,3.946,3.946,3.946,3.946,3.946,3.946,3.946,0,,False,False,True,,,,,,,,,,,,,,,False,False,19.162,,94.1,,75.7,,94.1,,1607,68,12,18,8,140749.4,18766.59,,Idle,,20,,10,,,20,Go Home,False,False,False,False,False,False,False,False,False,False,False,False,33.8027920380556,-117.4659261431046,2012.4,2972.0,1049.4,396.9,True,1,1,False,False,False,False,,True,False,False,Course Lock,196.8,67,16.4,93,NE,S,1.11,11.4,Calm,False,False,Android,7.0.2,M300 RTK,1ZN7L4R0H1D00F,1W9DL31001461C,1ZMLH8300204F0,1Z6PH74DAP0QN7,"Corona, CA",728.3,5.7,137.7,8.547347,2.013246,0,0,DJI Matrice 300 RTK,M300 RTK,1ZN7L4R0H1D00F,1W9DL31001461C,1ZMLH8300204F0,1Z6PH74DAP0QN7,DJI Pilot,Android,7.0.2,1EF72A62-B7C3-C88D-164E-CE6F8C8424AE,1ZN7L4R0H1D00F,1W9DL31001461C,,1ZMLH8300204F0,1W9DL31001461C,,,,,
2023-11-01,11:29:34.94 AM,5m 12.6s,312.6,33.800604065584,-117.4720229283638,125.3,137.7,17.7,1389,2399.3,6.714547,6.94893,-5.816044,2.23694,-3.35541,1.342164,0.223694,0.894776,-2.6,0.5,2.6,-150.1,209.9,209.3,Tripod,Other,,21,5,True,,True,False,,Smart,RC,False,True,False,,,True,,False,False,False,False,False,False,False,False,False,False,0,Follow Yaw,-77.9,0,-158.1,201.9,False,False,False,False,False,,0,0,False,False,No Card,100,100,1024,1393,813,1024,2,False,False,False,False,False,0,False,False,False,False,83,,47.352,,8336,,10044,,47.352,,True,3.946,3.946,3.946,3.946,3.946,3.946,3.946,3.946,3.946,3.946,3.946,3.946,0,,False,False,True,,,,,,,,,,,,,,,False,False,19.162,,94.1,,75.7,,94.1,,1607,68,12,18,8,140749.4,18766.59,,Idle,,20,,10,,,20,Go Home,False,False,False,False,False,False,False,False,False,False,False,False,33.8027920380556,-117.4659261431046,2013.2,2972.0,1049.4,396.9,True,1,1,False,False,False,False,,True,False,False,Course Lock,196.8,67,16.4,93,NE,S,1.11,11.4,Calm,False,False,Android,7.0.2,M300 RTK,1ZN7L4R0H1D00F,1W9DL31001461C,1ZMLH8300204F0,1Z6PH74DAP0QN7,"Corona, CA",728.3,5.7,137.7,8.547347,2.013246,0,0,DJI Matrice 300 RTK,M300 RTK,1ZN7L4R0H1D00F,1W9DL31001461C,1ZMLH8300204F0,1Z6PH74DAP0QN7,DJI Pilot,Android,7.0.2,1EF72A62-B7C3-C88D-164E-CE6F8C8424AE,1ZN7L4R0H1D00F,1W9DL31001461C,,1ZMLH8300204F0,1W9DL31001461C,,,,,
2023-11-01,11:29:35.04 AM,5m 12.7s,312.7,33.8006014553259,-117.4720243428238,125.3,137.7,17.7,1389,2400.3,6.714547,6.94893,-5.816044,2.23694,-3.35541,1.342164,0.223694,0.894776,-2.5,0.4,2.5,-150,210,204.2,Tripod,Other,,21,5,True,,True,False,,Smart,RC,False,True,False,,,True,,False,False,False,False,False,False,False,False,False,False,0,Follow Yaw,-77.9,0,-158.1,201.9,False,False,False,False,False,,0,0,False,False,No Card,100,100,1024,1391,819,968,2,False,False,False,False,False,0,False,False,False,False,83,,47.352,,8336,,10044,,47.352,,True,3.946,3.946,3.946,3.946,3.946,3.946,3.946,3.946,3.946,3.946,3.946,3.946,0,,False,False,True,,,,,,,,,,,,,,,False,False,19.162,,94.1,,75.7,,94.1,,1607,68,12,18,8,140749.4,18766.59,,Idle,,20,,10,,,20,Go Home,False,False,False,False,False,False,False,False,False,False,False,False,33.8027920380556,-117.4659261431046,2013.9,2972.0,1049.4,396.9,True,1,1,False,False,False,False,,True,False,False,Course Lock,196.8,67,16.4,93,NE,S,1.11,11.4,Calm,False,False,Android,7.0.2,M300 RTK,1ZN7L4R0H1D00F,1W9DL31001461C,1ZMLH8300204F0,1Z6PH74DAP0QN7,"Corona, CA",728.3,5.7,137.7,8.547347,2.013246,0,0,DJI Matrice 300 RTK,M300 RTK,1ZN7L4R0H1D00F,1W9DL31001461C,1ZMLH8300204F0,1Z6PH74DAP0QN7,DJI Pilot,Android,7.0.2,1EF72A62-B7C3-C88D-164E-CE6F8C8424AE,1ZN7L4R0H1D00F,1W9DL31001461C,,1ZMLH8300204F0,1W9DL31001461C,,,,,
2023-11-01,11:29:35.14 AM,5m 12.8s,312.8,33.8005990292827,-117.4720259609752,125.3,137.7,18.0,1389,2401.4,6.714547,6.94893,-5.816044,2.23694,-3.35541,1.342164,0.223694,0.894776,-2.5,0.2,2.5,-150,210,208.9,Tripod,Other,,21,5,True,,True,False,,Smart,RC,False,True,False,,,True,,False,False,False,False,False,False,False,False,False,False,0,Follow Yaw,-77.9,0,-158.1,201.9,False,False,False,False,False,,0,0,False,False,No Card,100,100,1024,1392,840,903,2,False,False,False,False,False,0,False,False,False,False,83,,47.352,,8336,,10044,,47.352,,True,3.946,3.946,3.946,3.946,3.946,3.946,3.946,3.946,3.946,3.946,3.946,3.946,0,,False,False,True,,,,,,,,,,,,,,,False,False,19.162,,94.1,,75.7,,94.1,,1607,68,12,18,8,140749.4,18766.59,,Idle,,20,,10,,,20,Go Home,False,False,False,False,False,False,False,False,False,False,False,False,33.8027920380556,-117.4659261431046,2014.7,2972.0,1049.4,396.9,True,1,1,False,False,False,False,,True,False,False,Course Lock,196.8,67,16.4,93,NE,S,1.11,11.4,Calm,False,False,Android,7.0.2,M300 RTK,1ZN7L4R0H1D00F,1W9DL31001461C,1ZMLH8300204F0,1Z6PH74DAP0QN7,"Corona, CA",728.3,5.7,137.7,8.547347,2.013246,0,0,DJI Matrice 300 RTK,M300 RTK,1ZN7L4R0H1D00F,1W9DL31001461C,1ZMLH8300204F0,1Z6PH74DAP0QN7,DJI Pilot,Android,7.0.2,1EF72A62-B7C3-C88D-164E-CE6F8C8424AE,1ZN7L4R0H1D00F,1W9DL31001461C,,1ZMLH8300204F0,1W9DL31001461C,,,,,
2023-11-01,11:29:35.24 AM,5m 12.9s,312.9,33.8005968351527,-117.472027592981,125.3,137.7,18.0,1389,2402.3,6.714547,6.94893,-5.816044,2.23694,-3.35541,1.342164,0.223694,0.894776,-2.5,0.2,2.5,-149.9,210.1,211.7,Tripod,Other,,21,5,True,,True,False,,Smart,RC,False,True,False,,,True,,False,False,False,False,False,False,False,False,False,False,0,Follow Yaw,-77.9,0,-158.2,201.8,False,False,False,False,False,,0,0,False,False,No Card,100,100,1024,1392,847,887,2,False,False,False,False,False,0,False,False,False,False,83,,47.352,,8336,,10044,,47.352,,True,3.946,3.946,3.946,3.946,3.946,3.946,3.946,3.946,3.946,3.946,3.946,3.946,0,,False,False,True,,,,,,,,,,,,,,,False,False,19.162,,94.1,,75.7,,94.1,,1607,68,12,18,8,140749.4,18766.59,,Idle,,20,,10,,,20,Go Home,False,False,False,False,False,False,False,False,False,False,False,False,33.8027920380556,-117.4659261431046,2015.5,2972.0,1049.4,396.9,True,1,1,False,False,False,False,,True,False,False,Course Lock,196.8,67,16.4,93,NE,S,1.11,11.4,Calm,False,False,Android,7.0.2,M300 RTK,1ZN7L4R0H1D00F,1W9DL31001461C,1ZMLH8300204F0,1Z6PH74DAP0QN7,"Corona, CA",728.3,5.7,137.7,8.547347,2.013246,0,0,DJI Matrice 300 RTK,M300 RTK,1ZN7L4R0H1D00F,1W9DL31001461C,1ZMLH8300204F0,1Z6PH74DAP0QN7,DJI Pilot,Android,7.0.2,1EF72A62-B7C3-C88D-164E-CE6F8C8424AE,1ZN7L4R0H1D00F,1W9DL31001461C,,1ZMLH8300204F0,1W9DL31001461C,,,,,
2023-11-01,11:29:35.34 AM,5m 13.0s,313.0,33.8005944337811,-117.4720292177298,125.3,137.7,18.0,1389,2403.3,6.714547,6.94893,-5.816044,2.23694,-3.35541,1.342164,0.223694,0.894776,-2.2,-0.3,2.2,-149.9,210.1,209.3,Tripod,Other,,20,5,True,,True,False,,Smart,RC,False,True,False,,,True,,False,False,False,False,False,False,False,False,False,False,0,Follow Yaw,-77.9,0,-158.4,201.6,False,False,False,False,False,,0,0,False,False,No Card,100,100,1024,1392,847,918,2,False,False,False,False,False,0,False,False,False,False,83,,47.304,,4138,,4986,,47.304,,True,3.946,3.946,3.946,3.946,3.946,3.946,3.946,3.946,3.946,3.946,3.946,3.946,0,,False,False,True,,,,,,,,,,,,,,,False,False,9.232,,94.1,,75.7,,94.1,,1607,68,12,18,8,140749.4,18766.59,,Idle,,20,,10,,,20,Go Home,False,False,False,False,False,False,False,False,False,False,False,False,33.8027920380556,-117.4659261431046,2016.3,2972.0,1049.4,396.9,True,1,1,False,False,False,False,,True,False,False,Course Lock,196.8,67,16.4,93,NE,S,1.11,11.4,Calm,False,False,Android,7.0.2,M300 RTK,1ZN7L4R0H1D00F,1W9DL31001461C,1ZMLH8300204F0,1Z6PH74DAP0QN7,"Corona, CA",728.3,5.7,137.7,8.547347,2.013246,0,0,DJI Matrice 300 RTK,M300 RTK,1ZN7L4R0H1D00F,1W9DL31001461C,1ZMLH8300204F0,1Z6PH74DAP0QN7,DJI Pilot,Android,7.0.2,1EF72A62-B7C3-C88D-164E-CE6F8C8424AE,1ZN7L4R0H1D00F,1W9DL31001461C,,1ZMLH8300204F0,1W9DL31001461C,,,,,
2023-11-01,11:29:35.44 AM,5m 13.1s,313.1,33.8005918876693,-117.4720308080076,125.3,137.7,18.0,1389,2404.4,6.714547,6.94893,-5.816044,2.23694,-3.35541,1.342164,0.223694,0.894776,-2.1,-0.7,2.2,-149.8,210.2,207.4,Tripod,Other,,20,5,True,,True,False,,Smart,RC,False,True,False,,,True,,False,False,False,False,False,False,False,False,False,False,0,Follow Yaw,-77.9,0,-158.6,201.4,False,False,False,False,False,,0,0,False,False,No Card,100,100,1024,1394,830,973,2,False,False,False,False,False,0,False,False,False,False,83,,47.304,,4138,,4986,,47.304,,True,3.946,3.946,3.946,3.946,3.946,3.946,3.946,3.946,3.946,3.946,3.946,3.946,0,,False,False,True,,,,,,,,,,,,,,,False,False,9.232,,94.1,,75.7,,94.1,,1607,68,12,18,8,140749.4,18766.59,,Idle,,20,,10,,,20,Go Home,False,False,False,False,False,False,False,False,False,False,False,False,33.8027920380556,-117.4659261431046,2017.1,2972.0,1049.4,396.9,True,1,1,False,False,False,False,,True,False,False,Course Lock,196.8,67,16.4,93,NE,S,1.11,11.4,Calm,False,False,Android,7.0.2,M300 RTK,1ZN7L4R0H1D00F,1W9DL31001461C,1ZMLH8300204F0,1Z6PH74DAP0QN7,"Corona, CA",728.3,5.7,137.7,8.547347,2.013246,0,0,DJI Matrice 300 RTK,M300 RTK,1ZN7L4R0H1D00F,1W9DL31001461C,1ZMLH8300204F0,1Z6PH74DAP0QN7,DJI Pilot,Android,7.0.2,1EF72A62-B7C3-C88D-164E-CE6F8C8424AE,1ZN7L4R0H1D00F,1W9DL31001461C,,1ZMLH8300204F0,1W9DL31001461C,,,,,
2023-11-01,11:29:35.54 AM,5m 13.2s,313.2,33.800589474236,-117.472032408841,125.3,137.7,18.0,1389,2405.4,6.605604,6.94893,-5.816044,2.23694,-3.131716,1.342164,0.223694,0.894776,-2.3,-1,2.5,-149.9,210.1,208.8,Tripod,Other,,21,5,True,,True,False,,Smart,RC,False,True,False,,,True,,False,False,False,False,False,False,False,False,False,False,0,Follow Yaw,-77.9,0,-158.7,201.3,False,False,False,False,False,,0,0,False,False,No Card,100,100,1024,1391,841,886,2,False,False,False,False,False,0,False,False,False,False,83,,47.304,,4138,,4986,,47.304,,True,3.946,3.946,3.946,3.946,3.946,3.946,3.946,3.946,3.946,3.946,3.946,3.946,0,,False,False,True,,,,,,,,,,,,,,,False,False,9.232,,94.1,,75.7,,94.1,,1607,68,12,18,8,140749.4,18766.59,,Idle,,20,,10,,,20,Go Home,False,False,False,False,False,False,False,False,False,False,False,False,33.8027920380556,-117.4659261431046,2017.9,2972.0,1049.4,396.9,True,1,1,False,False,False,False,,True,False,False,Course Lock,196.8,67,16.4,93,NE,S,1.11,11.4,Calm,False,False,Android,7.0.2,M300 RTK,1ZN7L4R0H1D00F,1W9DL31001461C,1ZMLH8300204F0,1Z6PH74DAP0QN7,"Corona, CA",728.3,5.7,137.7,8.547347,2.013246,0,0,DJI Matrice 300 RTK,M300 RTK,1ZN7L4R0H1D00F,1W9DL31001461C,1ZMLH8300204F0,1Z6PH74DAP0QN7,DJI Pilot,Android,7.0.2,1EF72A62-B7C3-C88D-164E-CE6F8C8424AE,1ZN7L4R0H1D00F,1W9DL31001461C,,1ZMLH8300204F0,1W9DL31001461C,,,,,
2023-11-01,11:29:35.64 AM,5m 13.3s,313.3,33.8005872598204,-117.4720339448562,125.3,137.7,18.3,1389,2406.3,6.605604,6.94893,-5.816044,2.23694,-3.131716,1.342164,0.223694,0.894776,-2.4,-0.8,2.5,-150.1,209.9,209.9,Tripod,Other,,21,5,True,,True,False,,Smart,RC,False,True,False,,,True,,False,False,False,False,False,False,False,False,False,False,0,Follow Yaw,-77.9,0,-158.8,201.2,False,False,False,False,False,,0,0,False,False,No Card,100,100,1024,1393,832,930,2,False,False,False,False,False,0,False,False,False,False,83,,47.304,,4138,,4986,,47.304,,True,3.944,3.944,3.944,3.944,3.944,3.944,3.944,3.944,3.944,3.944,3.944,3.944,0,,False,False,True,,,,,,,,,,,,,,,False,False,9.232,,94.1,,75.7,,94.1,,1605,68,12,18,8,141190.1,18825.35,,Idle,,20,,10,,,20,Go Home,False,False,False,False,False,False,False,False,False,False,False,False,33.8027920380556,-117.4659261431046,2018.7,2972.0,1049.4,396.9,True,1,1,False,False,False,False,,True,False,False,Course Lock,196.8,67,16.4,93,NE,S,1.11,11.4,Calm,False,False,Android,7.0.2,M300 RTK,1ZN7L4R0H1D00F,1W9DL31001461C,1ZMLH8300204F0,1Z6PH74DAP0QN7,"Corona, CA",728.3,5.7,137.7,8.547347,2.013246,0,0,DJI Matrice 300 RTK,M300 RTK,1ZN7L4R0H1D00F,1W9DL31001461C,1ZMLH8300204F0,1Z6PH74DAP0QN7,DJI Pilot,Android,7.0.2,1EF72A62-B7C3-C88D-164E-CE6F8C8424AE,1ZN7L4R0H1D00F,1W9DL31001461C,,1ZMLH8300204F0,1W9DL31001461C,,,,,
2023-11-01,11:29:35.74 AM,5m 13.4s,313.4,33.8005848491284,-117.4720355064358,125.0,137.7,18.3,1389,2407.3,6.605604,6.94893,-5.816044,2.23694,-3.131716,1.342164,0.223694,0.894776,-2.7,-0.5,2.7,-150.2,209.8,208.2,Tripod,Other,,21,5,True,,True,False,,Smart,RC,False,True,False,,,True,,False,False,False,False,False,False,False,False,False,False,0,Follow Yaw,-77.9,0,-159,201,False,False,False,False,False,,0,0,False,False,No Card,100,100,1024,1396,818,979,2,False,False,False,False,False,0,False,False,False,False,83,,47.304,,4138,,4986,,47.304,,True,3.944,3.944,3.944,3.944,3.944,3.944,3.944,3.944,3.944,3.944,3.944,3.944,0,,False,False,True,,,,,,,,,,,,,,,False,False,9.232,,94.1,,75.7,,94.1,,1605,68,12,18,8,141190.1,18825.35,,Idle,,20,,10,,,20,Go Home,False,False,False,False,False,False,False,False,False,False,False,False,33.8027920380556,-117.4659261431046,2019.5,2972.0,1049.4,396.9,True,1,1,False,False,False,False,,True,False,False,Course Lock,196.8,67,16.4,93,NE,S,1.11,11.4,Calm,False,False,Android,7.0.2,M300 RTK,1ZN7L4R0H1D00F,1W9DL31001461C,1ZMLH8300204F0,1Z6PH74DAP0QN7,"Corona, CA",728.3,5.7,137.7,8.547347,2.013246,0,0,DJI Matrice 300 RTK,M300 RTK,1ZN7L4R0H1D00F,1W9DL31001461C,1ZMLH8300204F0,1Z6PH74DAP0QN7,DJI Pilot,Android,7.0.2,1EF72A62-B7C3-C88D-164E-CE6F8C8424AE,1ZN7L4R0H1D00F,1W9DL31001461C,,1ZMLH8300204F0,1W9DL31001461C,,,,,
2023-11-01,11:29:35.84 AM,5m 13.5s,313.5,33.8005822525768,-117.4720370229889,125.0,137.7,18.3,1389,2408.3,6.605604,6.94893,-5.816044,2.23694,-3.131716,1.342164,0.223694,0.894776,-2.8,-0.3,2.8,-150.4,209.6,205.8,Tripod,Other,,21,5,True,,True,False,,Smart,RC,False,True,False,,,True,,False,False,False,False,False,False,False,False,False,False,0,Follow Yaw,-77.9,0,-159.2,200.8,False,False,False,False,False,,0,0,False,False,No Card,100,100,1024,1396,762,1024,2,False,False,False,False,False,0,False,False,False,False,83,,47.304,,4138,,4986,,47.304,,True,3.944,3.944,3.944,3.944,3.944,3.944,3.944,3.944,3.944,3.944,3.944,3.944,0,,False,False,True,,,,,,,,,,,,,,,False,False,9.232,,94.1,,75.7,,94.1,,1605,68,12,18,8,141190.1,18825.35,,Idle,,20,,10,,,20,Go Home,False,False,False,False,False,False,False,False,False,False,False,False,33.8027920380556,-117.4659261431046,2020.3,2972.0,1049.4,396.9,True,1,1,False,False,False,False,,True,False,False,Course Lock,196.8,67,16.4,93,NE,S,1.11,11.4,Calm,False,False,Android,7.0.2,M300 RTK,1ZN7L4R0H1D00F,1W9DL31001461C,1ZMLH8300204F0,1Z6PH74DAP0QN7,"Corona, CA",728.3,5.7,137.7,8.547347,2.013246,0,0,DJI Matrice 300 RTK,M300 RTK,1ZN7L4R0H1D00F,1W9DL31001461C,1ZMLH8300204F0,1Z6PH74DAP0QN7,DJI Pilot,Android,7.0.2,1EF72A62-B7C3-C88D-164E-CE6F8C8424AE,1ZN7L4R0H1D00F,1W9DL31001461C,,1ZMLH8300204F0,1W9DL31001461C,,,,,
2023-11-01,11:29:35.94 AM,5m 13.6s,313.6,33.8005798183097,-117.4720385733531,125.0,137.7,18.3,1389,2409.3,6.605604,6.94893,-5.816044,2.23694,-3.131716,1.342164,0.223694,0.894776,-2.9,0,2.9,-150.6,209.4,207.8,Tripod,Other,,21,5,True,,True,False,,Smart,RC,False,True,False,,,True,,False,False,False,False,False,False,False,False,False,False,0,Follow Yaw,-77.9,0,-159.2,200.8,False,False,False,False,False,,0,0,False,False,No Card,100,100,1024,1396,661,1024,2,False,False,False,False,False,0,False,False,False,False,83,,47.304,,4138,,4986,,47.304,,True,3.944,3.944,3.944,3.944,3.944,3.944,3.944,3.944,3.944,3.944,3.944,3.944,0,,False,False,True,,,,,,,,,,,,,,,False,False,9.232,,94.1,,75.7,,94.1,,1605,68,12,18,8,141190.1,18825.35,,Idle,,20,,10,,,20,Go Home,False,False,False,False,False,False,False,False,False,False,False,False,33.8027920380556,-117.4659261431046,2021.0,2972.0,1049.4,396.9,True,1,1,False,False,False,False,,True,False,False,Course Lock,196.8,67,16.4,93,NE,S,1.11,11.4,Calm,False,False,Android,7.0.2,M300 RTK,1ZN7L4R0H1D00F,1W9DL31001461C,1ZMLH8300204F0,1Z6PH74DAP0QN7,"Corona, CA",728.3,5.7,137.7,8.547347,2.013246,0,0,DJI Matrice 300 RTK,M300 RTK,1ZN7L4R0H1D00F,1W9DL31001461C,1ZMLH8300204F0,1Z6PH74DAP0QN7,DJI Pilot,Android,7.0.2,1EF72A62-B7C3-C88D-164E-CE6F8C8424AE,1ZN7L4R0H1D00F,1W9DL31001461C,,1ZMLH8300204F0,1W9DL31001461C,,,,,
2023-11-01,11:29:36.04 AM,5m 13.7s,313.7,33.8005774306445,-117.4720401410353,125.0,137.7,18.3,1389,2410.3,6.605604,6.94893,-5.816044,2.23694,-3.131716,1.342164,0.223694,0.894776,-2.9,0.2,2.9,-150.9,209.1,208.6,Tripod,Other,,21,5,True,,True,False,,Smart,RC,False,True,False,,,True,,False,False,False,False,False,False,False,False,False,False,0,Follow Yaw,-77.9,0,-159.2,200.8,False,False,False,False,False,,0,0,False,False,No Card,100,100,1024,1396,652,1024,2,False,False,False,False,False,0,False,False,False,False,83,,47.304,,4138,,4986,,47.304,,True,3.944,3.944,3.944,3.944,3.944,3.944,3.944,3.944,3.944,3.944,3.944,3.944,0,,False,False,True,,,,,,,,,,,,,,,False,False,9.232,,94.1,,75.7,,94.1,,1605,68,12,18,8,141190.1,18825.35,,Idle,,20,,10,,,20,Go Home,False,False,False,False,False,False,False,False,False,False,False,False,33.8027920380556,-117.4659261431046,2021.8,2972.0,1049.4,396.9,True,1,1,False,False,False,False,,True,False,False,Course Lock,196.8,67,16.4,93,NE,S,1.11,11.4,Calm,False,False,Android,7.0.2,M300 RTK,1ZN7L4R0H1D00F,1W9DL31001461C,1ZMLH8300204F0,1Z6PH74DAP0QN7,"Corona, CA",728.3,5.7,137.7,8.547347,2.013246,0,0,DJI Matrice 300 RTK,M300 RTK,1ZN7L4R0H1D00F,1W9DL31001461C,1ZMLH8300204F0,1Z6PH74DAP0QN7,DJI Pilot,Android,7.0.2,1EF72A62-B7C3-C88D-164E-CE6F8C8424AE,1ZN7L4R0H1D00F,1W9DL31001461C,,1ZMLH8300204F0,1W9DL31001461C,,,,,
2023-11-01,11:29:36.14 AM,5m 13.8s,313.8,33.8005749914431,-117.4720417021201,125.0,137.7,18.3,1389,2411.3,6.605604,6.94893,-5.816044,2.23694,-3.131716,1.342164,0.447388,0.894776,-3,0.3,3,-151.2,208.8,208.0,Tripod,Other,,20,5,True,,True,False,,Smart,RC,False,True,False,,,True,,False,False,False,False,False,False,False,False,False,False,0,Follow Yaw,-77.9,0,-159.2,200.8,False,False,False,False,False,,0,0,False,False,No Card,100,100,1024,1400,700,1024,2,False,False,False,False,False,0,False,False,False,False,83,,47.304,,4138,,4986,,47.304,,True,3.944,3.944,3.944,3.944,3.944,3.944,3.944,3.944,3.944,3.944,3.944,3.944,0,,False,False,True,,,,,,,,,,,,,,,False,False,9.232,,94.1,,75.7,,94.1,,1605,68,12,18,8,141190.1,18825.35,,Idle,,20,,10,,,20,Go Home,False,False,False,False,False,False,False,False,False,False,False,False,33.8027920380556,-117.4659261431046,2022.6,2972.0,1049.4,396.9,True,1,1,False,False,False,False,,True,False,False,Course Lock,196.8,67,16.4,93,NE,S,1.11,11.4,Calm,False,False,Android,7.0.2,M300 RTK,1ZN7L4R0H1D00F,1W9DL31001461C,1ZMLH8300204F0,1Z6PH74DAP0QN7,"Corona, CA",728.3,5.7,137.7,8.547347,2.013246,0,0,DJI Matrice 300 RTK,M300 RTK,1ZN7L4R0H1D00F,1W9DL31001461C,1ZMLH8300204F0,1Z6PH74DAP0QN7,DJI Pilot,Android,7.0.2,1EF72A62-B7C3-C88D-164E-CE6F8C8424AE,1ZN7L4R0H1D00F,1W9DL31001461C,,1ZMLH8300204F0,1W9DL31001461C,,,,,
2023-11-01,11:29:36.22 AM,5m 13.9s,313.9,33.8005726279013,-117.4720433714006,125.0,137.7,18.3,1389,2412.3,6.605604,6.94893,-5.816044,2.23694,-3.131716,1.342164,0.447388,0.894776,-3.3,0.4,3.3,-151.2,208.8,210.4,Tripod,Other,,20,5,True,,True,False,,Smart,RC,False,True,False,,,True,,False,False,False,False,False,False,False,False,False,False,0,Follow Yaw,-77.9,0,-159.2,200.8,False,False,False,False,False,,0,0,False,False,No Card,100,100,1024,1399,726,1024,2,False,False,False,False,False,0,False,False,False,False,83,,47.304,,4138,,4986,,47.304,,True,3.944,3.944,3.944,3.944,3.944,3.944,3.944,3.944,3.944,3.944,3.944,3.944,0,,False,False,True,,,,,,,,,,,,,,,False,False,9.232,,94.1,,75.7,,94.1,,1605,68,12,18,8,141190.1,18825.35,,Idle,,20,,10,,,20,Go Home,False,False,False,False,False,False,False,False,False,False,False,False,33.8027920380556,-117.4659261431046,2023.4,2972.0,1049.4,396.9,True,1,1,False,False,False,False,,True,False,False,Course Lock,196.8,67,16.4,93,NE,S,1.11,11.4,Calm,False,False,Android,7.0.2,M300 RTK,1ZN7L4R0H1D00F,1W9DL31001461C,1ZMLH8300204F0,1Z6PH74DAP0QN7,"Corona, CA",728.3,5.7,137.7,8.547347,2.013246,0,0,DJI Matrice 300 RTK,M300 RTK,1ZN7L4R0H1D00F,1W9DL31001461C,1ZMLH8300204F0,1Z6PH74DAP0QN7,DJI Pilot,Android,7.0.2,1EF72A62-B7C3-C88D-164E-CE6F8C8424AE,1ZN7L4R0H1D00F,1W9DL31001461C,,1ZMLH8300204F0,1W9DL31001461C,,,,,
2023-11-01,11:29:36.34 AM,5m 14.0s,314.0,33.8005701821208,-117.4720449540916,124.6,137.7,18.3,1388,2413.4,6.605604,6.94893,-5.816044,2.23694,-3.131716,1.342164,0.671082,0.894776,-3.6,0.5,3.6,-151.2,208.8,208.2,Tripod,Other,,21,5,True,,True,False,,Smart,RC,False,True,False,,,True,,False,False,False,False,False,False,False,False,False,False,0,Follow Yaw,-77.9,0,-159.2,200.8,False,False,False,False,False,,0,0,False,False,No Card,100,100,1024,1398,735,995,2,False,False,False,False,False,0,False,False,False,False,83,,47.34,,8336,,10044,,47.34,,True,3.944,3.944,3.944,3.944,3.944,3.944,3.944,3.944,3.944,3.944,3.944,3.944,0,,False,False,True,,,,,,,,,,,,,,,False,False,18.682,,94.1,,75.7,,94.1,,1605,68,12,18,8,141190.1,18825.35,,Idle,,20,,10,,,20,Go Home,False,False,False,False,False,False,False,False,False,False,False,False,33.8027920380556,-117.4659261431046,2024.2,2972.0,1049.4,396.9,True,1,1,False,False,False,False,,True,False,False,Course Lock,196.8,67,16.4,93,NE,S,1.11,11.4,Calm,False,False,Android,7.0.2,M300 RTK,1ZN7L4R0H1D00F,1W9DL31001461C,1ZMLH8300204F0,1Z6PH74DAP0QN7,"Corona, CA",728.3,5.7,137.7,8.547347,2.013246,0,0,DJI Matrice 300 RTK,M300 RTK,1ZN7L4R0H1D00F,1W9DL31001461C,1ZMLH8300204F0,1Z6PH74DAP0QN7,DJI Pilot,Android,7.0.2,1EF72A62-B7C3-C88D-164E-CE6F8C8424AE,1ZN7L4R0H1D00F,1W9DL31001461C,,1ZMLH8300204F0,1W9DL31001461C,,,,,
2023-11-01,11:29:36.43 AM,5m 14.1s,314.1,33.8005676793213,-117.4720464475542,124.6,137.7,18.3,1388,2414.4,6.803387,6.94893,-6.039738,2.23694,-3.131716,1.342164,0.671082,0.894776,-3.8,0.2,3.8,-151.2,208.8,206.3,Tripod,Other,,21,5,True,,True,False,,Smart,RC,False,True,False,,,True,,False,False,False,False,False,False,False,False,False,False,0,Follow Yaw,-77.9,0,-159.2,200.8,False,False,False,False,False,,0,0,False,False,No Card,100,100,1024,1400,738,983,2,False,False,False,False,False,0,False,False,False,False,83,,47.34,,8336,,10044,,47.34,,True,3.944,3.944,3.944,3.944,3.944,3.944,3.944,3.944,3.944,3.944,3.944,3.944,0,,False,False,True,,,,,,,,,,,,,,,False,False,18.682,,94.1,,75.7,,94.1,,1605,68,12,18,8,141190.1,18825.35,,Idle,,20,,10,,,20,Go Home,False,False,False,False,False,False,False,False,False,False,False,False,33.8027920380556,-117.4659261431046,2025.0,2972.0,1049.4,396.9,True,1,1,False,False,False,False,,True,False,False,Course Lock,196.8,67,16.4,93,NE,S,1.11,11.4,Calm,False,False,Android,7.0.2,M300 RTK,1ZN7L4R0H1D00F,1W9DL31001461C,1ZMLH8300204F0,1Z6PH74DAP0QN7,"Corona, CA",728.3,5.7,137.7,8.547347,2.013246,0,0,DJI Matrice 300 RTK,M300 RTK,1ZN7L4R0H1D00F,1W9DL31001461C,1ZMLH8300204F0,1Z6PH74DAP0QN7,DJI Pilot,Android,7.0.2,1EF72A62-B7C3-C88D-164E-CE6F8C8424AE,1ZN7L4R0H1D00F,1W9DL31001461C,,1ZMLH8300204F0,1W9DL31001461C,,,,,
2023-11-01,11:29:36.54 AM,5m 14.2s,314.2,33.8005652181896,-117.4720480414606,124.6,137.7,18.3,1388,2415.4,6.803387,6.94893,-6.039738,2.23694,-3.131716,1.342164,0.671082,0.894776,-3.7,0,3.7,-151.2,208.8,208.2,Tripod,Other,,21,5,True,,True,False,,Smart,RC,False,True,False,,,True,,False,False,False,False,False,False,False,False,False,False,0,Follow Yaw,-77.9,0,-159.3,200.7,False,False,False,False,False,,0,0,False,False,No Card,100,100,1024,1400,747,979,2,False,False,False,False,False,0,False,False,False,False,83,,47.34,,8336,,10044,,47.34,,True,3.944,3.944,3.944,3.944,3.944,3.944,3.944,3.944,3.944,3.944,3.944,3.944,0,,False,False,True,,,,,,,,,,,,,,,False,False,18.682,,94.1,,75.7,,94.1,,1605,68,12,18,8,141190.1,18825.35,,Idle,,20,,10,,,20,Go Home,False,False,False,False,False,False,False,False,False,False,False,False,33.8027920380556,-117.4659261431046,2025.8,2972.0,1049.4,396.9,True,1,1,False,False,False,False,,True,False,False,Course Lock,196.8,67,16.4,93,NE,S,1.11,11.4,Calm,False,False,Android,7.0.2,M300 RTK,1ZN7L4R0H1D00F,1W9DL31001461C,1ZMLH8300204F0,1Z6PH74DAP0QN7,"Corona, CA",728.3,5.7,137.7,8.547347,2.013246,0,0,DJI Matrice 300 RTK,M300 RTK,1ZN7L4R0H1D00F,1W9DL31001461C,1ZMLH8300204F0,1Z6PH74DAP0QN7,DJI Pilot,Android,7.0.2,1EF72A62-B7C3-C88D-164E-CE6F8C8424AE,1ZN7L4R0H1D00F,1W9DL31001461C,,1ZMLH8300204F0,1W9DL31001461C,,,,,
2023-11-01,11:29:36.64 AM,5m 14.3s,314.3,33.8005627203244,-117.4720495525709,124.3,137.7,18.3,1388,2416.4,6.803387,6.94893,-6.039738,2.23694,-3.131716,1.342164,0.671082,0.894776,-3.6,0,3.6,-151.1,208.9,206.6,Tripod,Other,,21,5,True,,True,False,,Smart,RC,False,True,False,,,True,,False,False,False,False,False,False,False,False,False,False,0,Follow Yaw,-77.9,0,-159.3,200.7,False,False,False,False,False,,0,0,False,False,No Card,100,100,1024,1400,748,984,2,False,False,False,False,False,0,False,False,False,False,83,,47.34,,8336,,10044,,47.34,,True,3.94,3.94,3.94,3.94,3.94,3.94,3.94,3.94,3.94,3.94,3.94,3.94,0,,False,False,True,,,,,,,,,,,,,,,False,False,18.682,,94.1,,75.7,,94.1,,1604,68,12,18,8,141532.2,18870.97,,Idle,,20,,10,,,20,Go Home,False,False,False,False,False,False,False,False,False,False,False,False,33.8027920380556,-117.4659261431046,2026.6,2972.0,1049.4,396.9,True,1,1,False,False,False,False,,True,False,False,Course Lock,196.8,67,16.4,93,NE,S,1.11,11.4,Calm,False,False,Android,7.0.2,M300 RTK,1ZN7L4R0H1D00F,1W9DL31001461C,1ZMLH8300204F0,1Z6PH74DAP0QN7,"Corona, CA",728.3,5.7,137.7,8.547347,2.013246,0,0,DJI Matrice 300 RTK,M300 RTK,1ZN7L4R0H1D00F,1W9DL31001461C,1ZMLH8300204F0,1Z6PH74DAP0QN7,DJI Pilot,Android,7.0.2,1EF72A62-B7C3-C88D-164E-CE6F8C8424AE,1ZN7L4R0H1D00F,1W9DL31001461C,,1ZMLH8300204F0,1W9DL31001461C,,,,,
2023-11-01,11:29:36.73 AM,5m 14.4s,314.4,33.8005602394554,-117.4720511440032,124.3,137.7,18.3,1388,2417.4,6.803387,6.94893,-6.039738,2.23694,-3.131716,1.342164,0.671082,0.894776,-3.5,0,3.5,-151.1,208.9,208.0,Tripod,Other,,21,5,True,,True,False,,Smart,RC,False,True,False,,,True,,False,False,False,False,False,False,False,False,False,False,0,Follow Yaw,-77.9,0,-159.4,200.6,False,False,False,False,False,,0,0,False,False,No Card,100,100,1024,1400,748,984,2,False,False,False,False,False,0,False,False,False,False,83,,47.34,,8336,,10044,,47.34,,True,3.94,3.94,3.94,3.94,3.94,3.94,3.94,3.94,3.94,3.94,3.94,3.94,0,,False,False,True,,,,,,,,,,,,,,,False,False,18.682,,94.1,,75.7,,94.1,,1604,68,12,18,8,141532.2,18870.97,,Idle,,20,,10,,,20,Go Home,False,False,False,False,False,False,False,False,False,False,False,False,33.8027920380556,-117.4659261431046,2027.4,2972.0,1049.4,396.9,True,1,1,False,False,False,False,,True,False,False,Course Lock,196.8,67,16.4,93,NE,S,1.11,11.4,Calm,False,False,Android,7.0.2,M300 RTK,1ZN7L4R0H1D00F,1W9DL31001461C,1ZMLH8300204F0,1Z6PH74DAP0QN7,"Corona, CA",728.3,5.7,137.7,8.547347,2.013246,0,0,DJI Matrice 300 RTK,M300 RTK,1ZN7L4R0H1D00F,1W9DL31001461C,1ZMLH8300204F0,1Z6PH74DAP0QN7,DJI Pilot,Android,7.0.2,1EF72A62-B7C3-C88D-164E-CE6F8C8424AE,1ZN7L4R0H1D00F,1W9DL31001461C,,1ZMLH8300204F0,1W9DL31001461C,,,,,
2023-11-01,11:29:36.84 AM,5m 14.5s,314.5,33.8005577574898,-117.4720528192213,124.3,137.7,18.0,1388,2418.5,6.803387,6.94893,-6.039738,2.23694,-3.131716,1.342164,0.671082,0.894776,-3.6,0,3.6,-151.1,208.9,209.2,Tripod,Other,,21,5,True,,True,False,,Smart,RC,False,True,False,,,True,,False,False,False,False,False,False,False,False,False,False,0,Follow Yaw,-77.9,0,-159.4,200.6,False,False,False,False,False,,0,0,False,False,No Card,100,100,1024,1392,761,1001,2,False,False,False,False,False,0,False,False,False,False,83,,47.34,,8336,,10044,,47.34,,True,3.94,3.94,3.94,3.94,3.94,3.94,3.94,3.94,3.94,3.94,3.94,3.94,0,,False,False,True,,,,,,,,,,,,,,,False,False,18.682,,94.1,,75.7,,94.1,,1604,68,12,18,8,141532.2,18870.97,,Idle,,20,,10,,,20,Go Home,False,False,False,False,False,False,False,False,False,False,False,False,33.8027920380556,-117.4659261431046,2028.2,2972.0,1049.4,396.9,True,1,1,False,False,False,False,,True,False,False,Course Lock,196.8,67,16.4,93,NE,S,1.11,11.4,Calm,False,False,Android,7.0.2,M300 RTK,1ZN7L4R0H1D00F,1W9DL31001461C,1ZMLH8300204F0,1Z6PH74DAP0QN7,"Corona, CA",728.3,5.7,137.7,8.547347,2.013246,0,0,DJI Matrice 300 RTK,M300 RTK,1ZN7L4R0H1D00F,1W9DL31001461C,1ZMLH8300204F0,1Z6PH74DAP0QN7,DJI Pilot,Android,7.0.2,1EF72A62-B7C3-C88D-164E-CE6F8C8424AE,1ZN7L4R0H1D00F,1W9DL31001461C,,1ZMLH8300204F0,1W9DL31001461C,,,,,
2023-11-01,11:29:36.94 AM,5m 14.6s,314.6,33.8005552683968,-117.4720544281366,124.0,137.7,18.0,1388,2419.5,6.803387,6.94893,-6.039738,2.23694,-3.131716,1.342164,0.671082,0.894776,-3.6,0.1,3.6,-151.2,208.8,208.2,Tripod,Other,,21,5,True,,True,False,,Smart,RC,False,True,False,,,True,,False,False,False,False,False,False,False,False,False,False,0,Follow Yaw,-77.9,0,-159.4,200.6,False,False,False,False,False,,0,0,False,False,No Card,100,100,1024,1387,775,1000,2,False,False,False,False,False,0,False,False,False,False,83,,47.34,,8336,,10044,,47.34,,True,3.94,3.94,3.94,3.94,3.94,3.94,3.94,3.94,3.94,3.94,3.94,3.94,0,,False,False,True,,,,,,,,,,,,,,,False,False,18.682,,94.1,,75.7,,94.1,,1604,68,12,18,8,141532.2,18870.97,,Idle,,20,,10,,,20,Go Home,False,False,False,False,False,False,False,False,False,False,False,False,33.8027920380556,-117.4659261431046,2029.0,2972.0,1049.4,396.9,True,1,1,False,False,False,False,,True,False,False,Course Lock,196.8,67,16.4,93,NE,S,1.11,11.4,Calm,False,False,Android,7.0.2,M300 RTK,1ZN7L4R0H1D00F,1W9DL31001461C,1ZMLH8300204F0,1Z6PH74DAP0QN7,"Corona, CA",728.3,5.7,137.7,8.547347,2.013246,0,0,DJI Matrice 300 RTK,M300 RTK,1ZN7L4R0H1D00F,1W9DL31001461C,1ZMLH8300204F0,1Z6PH74DAP0QN7,DJI Pilot,Android,7.0.2,1EF72A62-B7C3-C88D-164E-CE6F8C8424AE,1ZN7L4R0H1D00F,1W9DL31001461C,,1ZMLH8300204F0,1W9DL31001461C,,,,,
2023-11-01,11:29:37.04 AM,5m 14.7s,314.7,33.8005526669109,-117.4720559100538,124.0,137.7,18.0,1388,2420.6,6.803387,6.94893,-6.039738,2.23694,-3.131716,1.342164,0.671082,0.894776,-3.4,0,3.4,-151.2,208.8,205.3,Tripod,Other,,21,5,True,,True,False,,Smart,RC,False,True,False,,,True,,False,False,False,False,False,False,False,False,False,False,0,Follow Yaw,-77.9,0,-159.4,200.6,False,False,False,False,False,,0,0,False,False,No Card,100,100,1024,1388,790,993,2,False,False,False,False,False,0,False,False,False,False,83,,47.352,,4138,,4986,,47.352,,True,3.94,3.94,3.94,3.94,3.94,3.94,3.94,3.94,3.94,3.94,3.94,3.94,0,,False,False,True,,,,,,,,,,,,,,,False,False,8.942,,94.1,,75.7,,94.1,,1604,68,12,18,8,141532.2,18870.97,,Idle,,20,,10,,,20,Go Home,False,False,False,False,False,False,False,False,False,False,False,False,33.8027920380556,-117.4659261431046,2029.8,2972.0,1049.4,396.9,True,1,1,False,False,False,False,,True,False,False,Course Lock,196.8,67,16.4,93,NE,S,1.11,11.4,Calm,False,False,Android,7.0.2,M300 RTK,1ZN7L4R0H1D00F,1W9DL31001461C,1ZMLH8300204F0,1Z6PH74DAP0QN7,"Corona, CA",728.3,5.7,137.7,8.547347,2.013246,0,0,DJI Matrice 300 RTK,M300 RTK,1ZN7L4R0H1D00F,1W9DL31001461C,1ZMLH8300204F0,1Z6PH74DAP0QN7,DJI Pilot,Android,7.0.2,1EF72A62-B7C3-C88D-164E-CE6F8C8424AE,1ZN7L4R0H1D00F,1W9DL31001461C,,1ZMLH8300204F0,1W9DL31001461C,,,,,
2023-11-01,11:29:37.15 AM,5m 14.8s,314.8,33.8005501553393,-117.4720575194638,123.6,137.7,18.0,1387,2421.6,6.803387,6.94893,-6.039738,2.23694,-3.131716,1.342164,0.671082,0.894776,-3.3,0,3.3,-151.2,208.8,208.0,Tripod,Other,,21,5,True,,True,False,,Smart,RC,False,True,False,,,True,,False,False,False,False,False,False,False,False,False,False,0,Follow Yaw,-77.9,0,-159.4,200.6,False,False,False,False,False,,0,0,False,False,No Card,100,100,1024,1394,787,988,2,False,False,False,False,False,0,False,False,False,False,83,,47.352,,4138,,4986,,47.352,,True,3.94,3.94,3.94,3.94,3.94,3.94,3.94,3.94,3.94,3.94,3.94,3.94,0,,False,False,True,,,,,,,,,,,,,,,False,False,8.942,,94.1,,75.7,,94.1,,1604,68,12,18,8,141532.2,18870.97,,Idle,,20,,10,,,20,Go Home,False,False,False,False,False,False,False,False,False,False,False,False,33.8027920380556,-117.4659261431046,2030.6,2972.0,1049.4,396.9,True,1,1,False,False,False,False,,True,False,False,Course Lock,196.8,67,16.4,93,NE,S,1.11,11.4,Calm,False,False,Android,7.0.2,M300 RTK,1ZN7L4R0H1D00F,1W9DL31001461C,1ZMLH8300204F0,1Z6PH74DAP0QN7,"Corona, CA",728.3,5.7,137.7,8.547347,2.013246,0,0,DJI Matrice 300 RTK,M300 RTK,1ZN7L4R0H1D00F,1W9DL31001461C,1ZMLH8300204F0,1Z6PH74DAP0QN7,DJI Pilot,Android,7.0.2,1EF72A62-B7C3-C88D-164E-CE6F8C8424AE,1ZN7L4R0H1D00F,1W9DL31001461C,,1ZMLH8300204F0,1W9DL31001461C,,,,,
2023-11-01,11:29:37.26 AM,5m 14.9s,314.9,33.8005476097758,-117.4720591767042,123.6,137.7,18.0,1387,2422.7,6.803387,6.94893,-6.039738,2.23694,-3.131716,1.342164,0.447388,0.894776,-3.2,0,3.2,-151.3,208.7,208.4,Tripod,Other,,21,5,True,,True,False,,Smart,RC,False,True,False,,,True,,False,False,False,False,False,False,False,False,False,False,0,Follow Yaw,-77.9,0,-159.5,200.5,False,False,False,False,False,,0,0,False,False,No Card,100,100,1024,1390,788,977,2,False,False,False,False,False,0,False,False,False,False,83,,47.352,,4138,,4986,,47.352,,True,3.94,3.94,3.94,3.94,3.94,3.94,3.94,3.94,3.94,3.94,3.94,3.94,0,,False,False,True,,,,,,,,,,,,,,,False,False,8.942,,94.1,,75.7,,94.1,,1604,68,12,18,8,141532.2,18870.97,,Idle,,20,,10,,,20,Go Home,False,False,False,False,False,False,False,False,False,False,False,False,33.8027920380556,-117.4659261431046,2031.5,2972.0,1049.4,396.9,True,1,1,False,False,False,False,,True,False,False,Course Lock,196.8,67,16.4,93,NE,S,1.11,11.4,Calm,False,False,Android,7.0.2,M300 RTK,1ZN7L4R0H1D00F,1W9DL31001461C,1ZMLH8300204F0,1Z6PH74DAP0QN7,"Corona, CA",728.3,5.7,137.7,8.547347,2.013246,0,0,DJI Matrice 300 RTK,M300 RTK,1ZN7L4R0H1D00F,1W9DL31001461C,1ZMLH8300204F0,1Z6PH74DAP0QN7,DJI Pilot,Android,7.0.2,1EF72A62-B7C3-C88D-164E-CE6F8C8424AE,1ZN7L4R0H1D00F,1W9DL31001461C,,1ZMLH8300204F0,1W9DL31001461C,,,,,
2023-11-01,11:29:37.36 AM,5m 15.0s,315.0,33.8005450877873,-117.4720607968349,123.6,137.7,18.0,1387,2423.7,6.803387,6.94893,-6.039738,2.23694,-3.131716,1.342164,0.447388,0.894776,-3.2,-0.1,3.2,-151.3,208.7,208.0,Tripod,Other,,21,5,True,,True,False,,Smart,RC,False,True,False,,,True,,False,False,False,False,False,False,False,False,False,False,0,Follow Yaw,-77.9,0,-159.5,200.5,False,False,False,False,False,,0,0,False,False,No Card,100,100,1024,1379,802,958,2,False,False,False,False,False,0,False,False,False,False,83,,47.376,,8336,,10044,,47.376,,True,3.94,3.94,3.94,3.94,3.94,3.94,3.94,3.94,3.94,3.94,3.94,3.94,0,,False,False,True,,,,,,,,,,,,,,,False,False,18.074,,94.1,,75.7,,94.1,,1604,68,12,18,8,141532.2,18870.97,,Idle,,20,,10,,,20,Go Home,False,False,False,False,False,False,False,False,False,False,False,False,33.8027920380556,-117.4659261431046,2032.3,2972.0,1049.4,396.9,True,1,1,False,False,False,False,,True,False,False,Course Lock,196.8,67,16.4,93,NE,S,1.11,11.4,Calm,False,False,Android,7.0.2,M300 RTK,1ZN7L4R0H1D00F,1W9DL31001461C,1ZMLH8300204F0,1Z6PH74DAP0QN7,"Corona, CA",728.3,5.7,137.7,8.547347,2.013246,0,0,DJI Matrice 300 RTK,M300 RTK,1ZN7L4R0H1D00F,1W9DL31001461C,1ZMLH8300204F0,1Z6PH74DAP0QN7,DJI Pilot,Android,7.0.2,1EF72A62-B7C3-C88D-164E-CE6F8C8424AE,1ZN7L4R0H1D00F,1W9DL31001461C,,1ZMLH8300204F0,1W9DL31001461C,,,,,
2023-11-01,11:29:37.46 AM,5m 15.1s,315.1,33.8005425827948,-117.4720623927205,123.6,137.7,18.0,1387,2424.7,6.909212,6.94893,-6.039738,2.23694,-3.35541,1.342164,0.447388,0.894776,-3.2,-0.3,3.2,-151.4,208.6,207.8,Tripod,Other,,21,5,True,,True,False,,Smart,RC,False,True,False,,,True,,False,False,False,False,False,False,False,False,False,False,0,Follow Yaw,-77.9,0,-159.6,200.4,False,False,False,False,False,,0,0,False,False,No Card,100,100,1024,1380,804,958,2,False,False,False,False,False,0,False,False,False,False,83,,47.376,,8336,,10044,,47.376,,True,3.94,3.94,3.94,3.94,3.94,3.94,3.94,3.94,3.94,3.94,3.94,3.94,0,,False,False,True,,,,,,,,,,,,,,,False,False,18.074,,94.1,,75.7,,94.1,,1604,68,12,18,8,141532.2,18870.97,,Idle,,20,,10,,,20,Go Home,False,False,False,False,False,False,False,False,False,False,False,False,33.8027920380556,-117.4659261431046,2033.1,2972.0,1049.4,396.9,True,1,1,False,False,False,False,,True,False,False,Course Lock,196.8,67,16.4,93,NE,S,1.11,11.4,Calm,False,False,Android,7.0.2,M300 RTK,1ZN7L4R0H1D00F,1W9DL31001461C,1ZMLH8300204F0,1Z6PH74DAP0QN7,"Corona, CA",728.3,5.7,137.7,8.547347,2.013246,0,0,DJI Matrice 300 RTK,M300 RTK,1ZN7L4R0H1D00F,1W9DL31001461C,1ZMLH8300204F0,1Z6PH74DAP0QN7,DJI Pilot,Android,7.0.2,1EF72A62-B7C3-C88D-164E-CE6F8C8424AE,1ZN7L4R0H1D00F,1W9DL31001461C,,1ZMLH8300204F0,1W9DL31001461C,,,,,
2023-11-01,11:29:37.56 AM,5m 15.2s,315.2,33.800540051486,-117.4720640079031,123.3,137.7,18.0,1387,2425.8,6.803387,6.94893,-6.039738,2.23694,-3.131716,1.342164,0.447388,0.894776,-3.1,-0.5,3.1,-151.4,208.6,207.9,Tripod,Other,,21,5,True,,True,False,,Smart,RC,False,True,False,,,True,,False,False,False,False,False,False,False,False,False,False,0,Follow Yaw,-77.9,0,-159.7,200.3,False,False,False,False,False,,0,0,False,False,No Card,100,100,1024,1383,803,964,2,False,False,False,False,False,0,False,False,False,False,83,,47.376,,8336,,10044,,47.376,,True,3.94,3.94,3.94,3.94,3.94,3.94,3.94,3.94,3.94,3.94,3.94,3.94,0,,False,False,True,,,,,,,,,,,,,,,False,False,18.074,,94.1,,75.7,,94.1,,1604,68,12,18,8,141532.2,18870.97,,Idle,,20,,10,,,20,Go Home,False,False,False,False,False,False,False,False,False,False,False,False,33.8027920380556,-117.4659261431046,2033.9,2972.0,1049.4,396.9,True,1,1,False,False,False,False,,True,False,False,Course Lock,196.8,67,16.4,93,NE,S,1.11,11.4,Calm,False,False,Android,7.0.2,M300 RTK,1ZN7L4R0H1D00F,1W9DL31001461C,1ZMLH8300204F0,1Z6PH74DAP0QN7,"Corona, CA",728.3,5.7,137.7,8.547347,2.013246,0,0,DJI Matrice 300 RTK,M300 RTK,1ZN7L4R0H1D00F,1W9DL31001461C,1ZMLH8300204F0,1Z6PH74DAP0QN7,DJI Pilot,Android,7.0.2,1EF72A62-B7C3-C88D-164E-CE6F8C8424AE,1ZN7L4R0H1D00F,1W9DL31001461C,,1ZMLH8300204F0,1W9DL31001461C,,,,,
2023-11-01,11:29:37.67 AM,5m 15.3s,315.3,33.800537394626,-117.4720657203958,123.3,137.7,18.0,1387,2426.9,6.803387,6.94893,-6.039738,2.23694,-3.131716,1.342164,0.447388,0.894776,-2.7,-0.5,2.7,-151.5,208.5,208.1,Tripod,Other,,21,5,True,,True,False,,Smart,RC,False,True,False,,,True,,False,False,False,False,False,False,False,False,False,False,0,Follow Yaw,-77.9,0,-159.8,200.2,False,False,False,False,False,,0,0,False,False,No Card,100,100,1024,1385,810,968,2,False,False,False,False,False,0,False,False,False,False,83,,47.376,,8336,,10044,,47.376,,True,3.948,3.948,3.948,3.948,3.948,3.948,3.948,3.948,3.948,3.948,3.948,3.948,0,,False,False,True,,,,,,,,,,,,,,,False,False,18.074,,94.1,,75.7,,94.1,,1602,68,12,18,8,141583.0,18877.73,,Idle,,20,,10,,,20,Go Home,False,False,False,False,False,False,False,False,False,False,False,False,33.8027920380556,-117.4659261431046,2034.8,2972.0,1049.4,396.9,True,1,1,False,False,False,False,,True,False,False,Course Lock,196.8,67,16.4,93,NE,S,1.11,11.4,Calm,False,False,Android,7.0.2,M300 RTK,1ZN7L4R0H1D00F,1W9DL31001461C,1ZMLH8300204F0,1Z6PH74DAP0QN7,"Corona, CA",728.3,5.7,137.7,8.547347,2.013246,0,0,DJI Matrice 300 RTK,M300 RTK,1ZN7L4R0H1D00F,1W9DL31001461C,1ZMLH8300204F0,1Z6PH74DAP0QN7,DJI Pilot,Android,7.0.2,1EF72A62-B7C3-C88D-164E-CE6F8C8424AE,1ZN7L4R0H1D00F,1W9DL31001461C,,1ZMLH8300204F0,1W9DL31001461C,,,,,
2023-11-01,11:29:37.77 AM,5m 15.4s,315.4,33.800534839742,-117.4720673284864,123.3,137.7,18.3,1387,2427.9,6.803387,6.94893,-6.039738,2.23694,-3.131716,1.342164,0.447388,0.894776,-2.4,-0.2,2.4,-151.5,208.5,207.6,Tripod,Other,,21,5,True,,True,False,,Smart,RC,False,True,False,,,True,,False,False,False,False,False,False,False,False,False,False,0,Follow Yaw,-77.9,0,-159.9,200.1,False,False,False,False,False,,0,0,False,False,No Card,100,100,1024,1385,812,967,2,False,False,False,False,False,0,False,False,False,False,83,,47.376,,8336,,10044,,47.376,,True,3.948,3.948,3.948,3.948,3.948,3.948,3.948,3.948,3.948,3.948,3.948,3.948,0,,False,False,True,,,,,,,,,,,,,,,False,False,18.074,,94.1,,75.7,,94.1,,1602,68,12,18,8,141583.0,18877.73,,Idle,,20,,10,,,20,Go Home,False,False,False,False,False,False,False,False,False,False,False,False,33.8027920380556,-117.4659261431046,2035.6,2972.0,1049.4,396.9,True,1,1,False,False,False,False,,True,False,False,Course Lock,196.8,67,16.4,93,NE,S,1.11,11.4,Calm,False,False,Android,7.0.2,M300 RTK,1ZN7L4R0H1D00F,1W9DL31001461C,1ZMLH8300204F0,1Z6PH74DAP0QN7,"Corona, CA",728.3,5.7,137.7,8.547347,2.013246,0,0,DJI Matrice 300 RTK,M300 RTK,1ZN7L4R0H1D00F,1W9DL31001461C,1ZMLH8300204F0,1Z6PH74DAP0QN7,DJI Pilot,Android,7.0.2,1EF72A62-B7C3-C88D-164E-CE6F8C8424AE,1ZN7L4R0H1D00F,1W9DL31001461C,,1ZMLH8300204F0,1W9DL31001461C,,,,,
2023-11-01,11:29:37.84 AM,5m 15.5s,315.5,33.8005326028479,-117.4720687083106,123.3,137.7,18.3,1387,2428.8,6.803387,6.94893,-6.039738,2.23694,-3.131716,1.342164,0.223694,0.894776,-2.3,0,2.3,-151.6,208.4,207.1,Tripod,Other,,21,5,True,,True,False,,Smart,RC,False,True,False,,,True,,False,False,False,False,False,False,False,False,False,False,0,Follow Yaw,-77.9,0,-160,200,False,False,False,False,False,,0,0,False,False,No Card,100,100,1024,1381,827,937,2,False,False,False,False,False,0,False,False,False,False,83,,47.376,,8336,,10044,,47.376,,True,3.948,3.948,3.948,3.948,3.948,3.948,3.948,3.948,3.948,3.948,3.948,3.948,0,,False,False,True,,,,,,,,,,,,,,,False,False,18.074,,94.1,,75.7,,94.1,,1602,68,12,18,8,141583.0,18877.73,,Idle,,20,,10,,,20,Go Home,False,False,False,False,False,False,False,False,False,False,False,False,33.8027920380556,-117.4659261431046,2036.3,2972.0,1049.4,396.9,True,1,1,False,False,False,False,,True,False,False,Course Lock,196.8,67,16.4,93,NE,S,1.11,11.4,Calm,False,False,Android,7.0.2,M300 RTK,1ZN7L4R0H1D00F,1W9DL31001461C,1ZMLH8300204F0,1Z6PH74DAP0QN7,"Corona, CA",728.3,5.7,137.7,8.547347,2.013246,0,0,DJI Matrice 300 RTK,M300 RTK,1ZN7L4R0H1D00F,1W9DL31001461C,1ZMLH8300204F0,1Z6PH74DAP0QN7,DJI Pilot,Android,7.0.2,1EF72A62-B7C3-C88D-164E-CE6F8C8424AE,1ZN7L4R0H1D00F,1W9DL31001461C,,1ZMLH8300204F0,1W9DL31001461C,,,,,
2023-11-01,11:29:37.94 AM,5m 15.6s,315.6,33.8005300846972,-117.4720702891873,123.3,137.7,18.3,1387,2429.9,6.803387,6.94893,-6.039738,2.23694,-3.131716,1.342164,0.223694,0.894776,-2.3,0,2.3,-151.7,208.3,207.5,Tripod,Other,,21,5,True,,True,False,,Smart,RC,False,True,False,,,True,,False,False,False,False,False,False,False,False,False,False,0,Follow Yaw,-77.9,0,-160.1,199.9,False,False,False,False,False,,0,0,False,False,No Card,100,100,1024,1381,829,928,2,False,False,False,False,False,0,False,False,False,False,83,,47.376,,8336,,10044,,47.376,,True,3.948,3.948,3.948,3.948,3.948,3.948,3.948,3.948,3.948,3.948,3.948,3.948,0,,False,False,True,,,,,,,,,,,,,,,False,False,18.074,,94.1,,75.7,,94.1,,1602,68,12,18,8,141583.0,18877.73,,Idle,,20,,10,,,20,Go Home,False,False,False,False,False,False,False,False,False,False,False,False,33.8027920380556,-117.4659261431046,2037.1,2972.0,1049.4,396.9,True,1,1,False,False,False,False,,True,False,False,Course Lock,196.8,67,16.4,93,NE,S,1.11,11.4,Calm,False,False,Android,7.0.2,M300 RTK,1ZN7L4R0H1D00F,1W9DL31001461C,1ZMLH8300204F0,1Z6PH74DAP0QN7,"Corona, CA",728.3,5.7,137.7,8.547347,2.013246,0,0,DJI Matrice 300 RTK,M300 RTK,1ZN7L4R0H1D00F,1W9DL31001461C,1ZMLH8300204F0,1Z6PH74DAP0QN7,DJI Pilot,Android,7.0.2,1EF72A62-B7C3-C88D-164E-CE6F8C8424AE,1ZN7L4R0H1D00F,1W9DL31001461C,,1ZMLH8300204F0,1W9DL31001461C,,,,,
2023-11-01,11:29:38.04 AM,5m 15.7s,315.7,33.8005276279515,-117.4720720095968,123.0,137.7,18.3,1387,2430.9,6.803387,6.94893,-6.039738,2.23694,-3.131716,1.342164,0.223694,0.894776,-2.4,-0.3,2.4,-151.8,208.2,210.1,Tripod,Other,,21,5,True,,True,False,,Smart,RC,False,True,False,,,True,,False,False,False,False,False,False,False,False,False,False,0,Follow Yaw,-77.9,0,-160.2,199.8,False,False,False,False,False,,0,0,False,False,No Card,100,100,1024,1381,834,917,2,False,False,False,False,False,0,False,False,False,False,83,,47.376,,8336,,10044,,47.376,,True,3.948,3.948,3.948,3.948,3.948,3.948,3.948,3.948,3.948,3.948,3.948,3.948,0,,False,False,True,,,,,,,,,,,,,,,False,False,18.074,,94.1,,75.7,,94.1,,1602,68,12,18,8,141583.0,18877.73,,Idle,,20,,10,,,20,Go Home,False,False,False,False,False,False,False,False,False,False,False,False,33.8027920380556,-117.4659261431046,2038.0,2972.0,1049.4,396.9,True,1,1,False,False,False,False,,True,False,False,Course Lock,196.8,67,16.4,93,NE,S,1.11,11.4,Calm,False,False,Android,7.0.2,M300 RTK,1ZN7L4R0H1D00F,1W9DL31001461C,1ZMLH8300204F0,1Z6PH74DAP0QN7,"Corona, CA",728.3,5.7,137.7,8.547347,2.013246,0,0,DJI Matrice 300 RTK,M300 RTK,1ZN7L4R0H1D00F,1W9DL31001461C,1ZMLH8300204F0,1Z6PH74DAP0QN7,DJI Pilot,Android,7.0.2,1EF72A62-B7C3-C88D-164E-CE6F8C8424AE,1ZN7L4R0H1D00F,1W9DL31001461C,,1ZMLH8300204F0,1W9DL31001461C,,,,,
2023-11-01,11:29:38.14 AM,5m 15.8s,315.8,33.8005251257004,-117.4720735978955,123.0,137.7,18.3,1387,2432.0,6.803387,6.94893,-6.039738,2.23694,-3.131716,1.342164,0.223694,0.894776,-2.6,-0.6,2.6,-151.9,208.1,207.8,Tripod,Other,,21,5,True,,True,False,,Smart,RC,False,True,False,,,True,,False,False,False,False,False,False,False,False,False,False,0,Follow Yaw,-77.9,0,-160.4,199.6,False,False,False,False,False,,0,0,False,False,No Card,100,100,1024,1372,841,915,2,False,False,False,False,False,0,False,False,False,False,83,,47.376,,8336,,10044,,47.376,,True,3.948,3.948,3.948,3.948,3.948,3.948,3.948,3.948,3.948,3.948,3.948,3.948,0,,False,False,True,,,,,,,,,,,,,,,False,False,18.074,,94.1,,75.7,,94.1,,1602,68,12,18,8,141583.0,18877.73,,Idle,,20,,10,,,20,Go Home,False,False,False,False,False,False,False,False,False,False,False,False,33.8027920380556,-117.4659261431046,2038.8,2972.0,1049.4,396.9,True,1,1,False,False,False,False,,True,False,False,Course Lock,196.8,67,16.4,93,NE,S,1.11,11.4,Calm,False,False,Android,7.0.2,M300 RTK,1ZN7L4R0H1D00F,1W9DL31001461C,1ZMLH8300204F0,1Z6PH74DAP0QN7,"Corona, CA",728.3,5.7,137.7,8.547347,2.013246,0,0,DJI Matrice 300 RTK,M300 RTK,1ZN7L4R0H1D00F,1W9DL31001461C,1ZMLH8300204F0,1Z6PH74DAP0QN7,DJI Pilot,Android,7.0.2,1EF72A62-B7C3-C88D-164E-CE6F8C8424AE,1ZN7L4R0H1D00F,1W9DL31001461C,,1ZMLH8300204F0,1W9DL31001461C,,,,,
2023-11-01,11:29:38.24 AM,5m 15.9s,315.9,33.8005223827638,-117.4720751764632,123.0,137.7,18.3,1387,2433.1,6.803387,6.94893,-6.039738,2.23694,-3.131716,1.342164,0.223694,0.894776,-2.6,-0.8,2.7,-152.1,207.9,205.5,Tripod,Other,,21,5,True,,True,False,,Smart,RC,False,True,False,,,True,,False,False,False,False,False,False,False,False,False,False,0,Follow Yaw,-77.9,0,-160.6,199.4,False,False,False,False,False,,0,0,False,False,No Card,100,100,1024,1365,848,908,2,False,False,False,False,False,0,False,False,False,False,83,,47.376,,8336,,10044,,47.376,,True,3.948,3.948,3.948,3.948,3.948,3.948,3.948,3.948,3.948,3.948,3.948,3.948,0,,False,False,True,,,,,,,,,,,,,,,False,False,18.074,,94.1,,75.7,,94.1,,1602,68,12,18,8,141583.0,18877.73,,Idle,,20,,10,,,20,Go Home,False,False,False,False,False,False,False,False,False,False,False,False,33.8027920380556,-117.4659261431046,2039.6,2972.0,1049.4,396.9,True,1,1,False,False,False,False,,True,False,False,Course Lock,196.8,67,16.4,93,NE,S,1.11,11.4,Calm,False,False,Android,7.0.2,M300 RTK,1ZN7L4R0H1D00F,1W9DL31001461C,1ZMLH8300204F0,1Z6PH74DAP0QN7,"Corona, CA",728.3,5.7,137.7,8.547347,2.013246,0,0,DJI Matrice 300 RTK,M300 RTK,1ZN7L4R0H1D00F,1W9DL31001461C,1ZMLH8300204F0,1Z6PH74DAP0QN7,DJI Pilot,Android,7.0.2,1EF72A62-B7C3-C88D-164E-CE6F8C8424AE,1ZN7L4R0H1D00F,1W9DL31001461C,,1ZMLH8300204F0,1W9DL31001461C,,,,,
2023-11-01,11:29:38.34 AM,5m 16.0s,316.0,33.8005198541962,-117.4720767418362,123.0,137.7,18.3,1387,2434.1,6.803387,6.94893,-6.039738,2.23694,-3.131716,1.342164,0.223694,0.894776,-2.6,-1,2.7,-152.2,207.8,207.2,Tripod,Other,,21,5,True,,True,False,,Smart,RC,False,True,False,,,True,,False,False,False,False,False,False,False,False,False,False,0,Follow Yaw,-77.9,0,-160.7,199.3,False,False,False,False,False,,0,0,False,False,No Card,100,100,1024,1366,849,879,2,False,False,False,False,False,0,False,False,False,False,83,,47.376,,4138,,4986,,47.376,,True,3.948,3.948,3.948,3.948,3.948,3.948,3.948,3.948,3.948,3.948,3.948,3.948,0,,False,False,True,,,,,,,,,,,,,,,False,False,8.882,,94.2,,75.7,,94.2,,1602,68,12,18,8,141583.0,18877.73,,Idle,,20,,10,,,20,Go Home,False,False,False,False,False,False,False,False,False,False,False,False,33.8027920380556,-117.4659261431046,2040.4,2972.0,1049.4,396.9,True,1,1,False,False,False,False,,True,False,False,Course Lock,196.8,67,16.4,93,NE,S,1.11,11.4,Calm,False,False,Android,7.0.2,M300 RTK,1ZN7L4R0H1D00F,1W9DL31001461C,1ZMLH8300204F0,1Z6PH74DAP0QN7,"Corona, CA",728.3,5.7,137.7,8.547347,2.013246,0,0,DJI Matrice 300 RTK,M300 RTK,1ZN7L4R0H1D00F,1W9DL31001461C,1ZMLH8300204F0,1Z6PH74DAP0QN7,DJI Pilot,Android,7.0.2,1EF72A62-B7C3-C88D-164E-CE6F8C8424AE,1ZN7L4R0H1D00F,1W9DL31001461C,,1ZMLH8300204F0,1W9DL31001461C,,,,,
2023-11-01,11:29:38.44 AM,5m 16.1s,316.1,33.8005172132357,-117.472078568627,123.0,137.7,18.3,1387,2435.2,6.803387,6.94893,-6.039738,2.23694,-3.131716,1.342164,0.223694,0.894776,-2.2,-1,2.4,-152.4,207.6,209.8,Tripod,Other,,21,5,True,,True,False,,Smart,RC,False,True,False,,,True,,False,False,False,False,False,False,False,False,False,False,0,Follow Yaw,-77.9,0,-160.8,199.2,False,False,False,False,False,,0,0,False,False,No Card,100,100,1024,1368,853,860,2,False,False,False,False,False,0,False,False,False,False,83,,47.376,,4138,,4986,,47.376,,True,3.948,3.948,3.948,3.948,3.948,3.948,3.948,3.948,3.948,3.948,3.948,3.948,0,,False,False,True,,,,,,,,,,,,,,,False,False,8.882,,94.2,,75.7,,94.2,,1602,68,12,18,8,141583.0,18877.73,,Idle,,20,,10,,,20,Go Home,False,False,False,False,False,False,False,False,False,False,False,False,33.8027920380556,-117.4659261431046,2041.3,2972.0,1049.4,396.9,True,1,1,False,False,False,False,,True,False,False,Course Lock,196.8,67,16.4,93,NE,S,1.11,11.4,Calm,False,False,Android,7.0.2,M300 RTK,1ZN7L4R0H1D00F,1W9DL31001461C,1ZMLH8300204F0,1Z6PH74DAP0QN7,"Corona, CA",728.3,5.7,137.7,8.547347,2.013246,0,0,DJI Matrice 300 RTK,M300 RTK,1ZN7L4R0H1D00F,1W9DL31001461C,1ZMLH8300204F0,1Z6PH74DAP0QN7,DJI Pilot,Android,7.0.2,1EF72A62-B7C3-C88D-164E-CE6F8C8424AE,1ZN7L4R0H1D00F,1W9DL31001461C,,1ZMLH8300204F0,1W9DL31001461C,,,,,
2023-11-01,11:29:38.54 AM,5m 16.2s,316.2,33.8005146682204,-117.4720801252587,123.0,137.7,18.7,1387,2436.2,6.803387,6.94893,-6.039738,2.23694,-3.131716,1.342164,0.223694,0.894776,-2,-1,2.2,-152.7,207.3,206.9,Tripod,Other,,21,5,True,,True,False,,Smart,RC,False,True,False,,,True,,False,False,False,False,False,False,False,False,False,False,0,Follow Yaw,-77.9,0,-161.2,198.8,False,False,False,False,False,,0,0,False,False,No Card,100,100,1024,1368,856,861,2,False,False,False,False,False,0,False,False,False,False,83,,47.376,,4138,,4986,,47.376,,True,3.948,3.948,3.948,3.948,3.948,3.948,3.948,3.948,3.948,3.948,3.948,3.948,0,,False,False,True,,,,,,,,,,,,,,,False,False,8.882,,94.2,,75.7,,94.2,,1602,68,12,18,8,141583.0,18877.73,,Idle,,20,,10,,,20,Go Home,False,False,False,False,False,False,False,False,False,False,False,False,33.8027920380556,-117.4659261431046,2042.2,2972.0,1049.4,396.9,True,1,1,False,False,False,False,,True,False,False,Course Lock,196.8,67,16.4,93,NE,S,1.11,11.4,Calm,False,False,Android,7.0.2,M300 RTK,1ZN7L4R0H1D00F,1W9DL31001461C,1ZMLH8300204F0,1Z6PH74DAP0QN7,"Corona, CA",728.3,5.7,137.7,8.547347,2.013246,0,0,DJI Matrice 300 RTK,M300 RTK,1ZN7L4R0H1D00F,1W9DL31001461C,1ZMLH8300204F0,1Z6PH74DAP0QN7,DJI Pilot,Android,7.0.2,1EF72A62-B7C3-C88D-164E-CE6F8C8424AE,1ZN7L4R0H1D00F,1W9DL31001461C,,1ZMLH8300204F0,1W9DL31001461C,,,,,
2023-11-01,11:29:38.64 AM,5m 16.3s,316.3,33.8005122739761,-117.4720813259663,122.7,137.7,18.7,1386,2437.2,6.803387,6.94893,-6.039738,2.23694,-3.131716,1.342164,0.223694,0.894776,-2,-1.2,2.3,-153,207,202.6,Tripod,Other,,21,5,True,,True,False,,Smart,RC,False,True,False,,,True,,False,False,False,False,False,False,False,False,False,False,0,Follow Yaw,-77.9,0,-161.6,198.4,False,False,False,False,False,,0,0,False,False,No Card,100,100,1024,1367,863,867,2,False,False,False,False,False,0,False,False,False,False,83,,47.376,,4138,,4986,,47.376,,True,3.951,3.951,3.951,3.951,3.951,3.951,3.951,3.951,3.951,3.951,3.951,3.951,0,,False,False,True,,,,,,,,,,,,,,,False,False,8.882,,94.2,,75.7,,94.2,,1601,69,12,18,8,141200.5,18826.73,,Idle,,20,,10,,,20,Go Home,False,False,False,False,False,False,False,False,False,False,False,False,33.8027920380556,-117.4659261431046,2042.8,2972.0,1049.4,396.9,True,1,1,False,False,False,False,,True,False,False,Course Lock,196.8,67,16.4,93,NE,S,1.11,11.4,Calm,False,False,Android,7.0.2,M300 RTK,1ZN7L4R0H1D00F,1W9DL31001461C,1ZMLH8300204F0,1Z6PH74DAP0QN7,"Corona, CA",728.3,5.7,137.7,8.547347,2.013246,0,0,DJI Matrice 300 RTK,M300 RTK,1ZN7L4R0H1D00F,1W9DL31001461C,1ZMLH8300204F0,1Z6PH74DAP0QN7,DJI Pilot,Android,7.0.2,1EF72A62-B7C3-C88D-164E-CE6F8C8424AE,1ZN7L4R0H1D00F,1W9DL31001461C,,1ZMLH8300204F0,1W9DL31001461C,,,,,
2023-11-01,11:29:38.70 AM,5m 16.4s,316.4,33.8005097344434,-117.4720828045849,122.7,137.7,18.7,1386,2438.2,6.703359,6.94893,-6.039738,2.23694,-2.908022,1.342164,0.223694,0.894776,-2.2,-1.3,2.5,-153.3,206.7,205.8,Tripod,Other,,21,5,True,,True,False,,Smart,RC,False,True,False,,,True,,False,False,False,False,False,False,False,False,False,False,0,Follow Yaw,-77.9,0,-161.9,198.1,False,False,False,False,False,,0,0,False,False,No Card,100,100,941,1328,857,900,2,False,False,False,False,False,0,False,False,False,False,83,,47.376,,4138,,4986,,47.376,,True,3.951,3.951,3.951,3.951,3.951,3.951,3.951,3.951,3.951,3.951,3.951,3.951,0,,False,False,True,,,,,,,,,,,,,,,False,False,8.882,,94.2,,75.7,,94.2,,1601,69,12,18,8,141200.5,18826.73,,Idle,,20,,10,,,20,Go Home,False,False,False,False,False,False,False,False,False,False,False,False,33.8027920380556,-117.4659261431046,2043.6,2972.0,1049.4,396.9,True,1,1,False,False,False,False,,True,False,False,Course Lock,196.8,67,16.4,93,NE,S,1.11,11.4,Calm,False,False,Android,7.0.2,M300 RTK,1ZN7L4R0H1D00F,1W9DL31001461C,1ZMLH8300204F0,1Z6PH74DAP0QN7,"Corona, CA",728.3,5.7,137.7,8.547347,2.013246,0,0,DJI Matrice 300 RTK,M300 RTK,1ZN7L4R0H1D00F,1W9DL31001461C,1ZMLH8300204F0,1Z6PH74DAP0QN7,DJI Pilot,Android,7.0.2,1EF72A62-B7C3-C88D-164E-CE6F8C8424AE,1ZN7L4R0H1D00F,1W9DL31001461C,,1ZMLH8300204F0,1W9DL31001461C,,,,,
2023-11-01,11:29:38.80 AM,5m 16.5s,316.5,33.800506970673,-117.4720843440635,122.7,137.7,18.7,1386,2439.3,6.703359,6.94893,-6.039738,2.23694,-2.908022,1.342164,0.223694,0.894776,-2.4,-1.4,2.7,-153.6,206.4,204.8,Tripod,Other,,21,5,True,,True,False,,Smart,RC,False,True,False,,,True,,False,False,False,False,False,False,False,False,False,False,0,Follow Yaw,-77.9,0,-162.2,197.8,False,False,False,False,False,,0,0,False,False,No Card,100,100,929,1321,854,913,2,False,False,False,False,False,0,False,False,False,False,83,,47.376,,4138,,4986,,47.376,,True,3.951,3.951,3.951,3.951,3.951,3.951,3.951,3.951,3.951,3.951,3.951,3.951,0,,False,False,True,,,,,,,,,,,,,,,False,False,8.882,,94.2,,75.7,,94.2,,1601,69,12,18,8,141200.5,18826.73,,Idle,,20,,10,,,20,Go Home,False,False,False,False,False,False,False,False,False,False,False,False,33.8027920380556,-117.4659261431046,2044.5,2972.0,1049.4,396.9,True,1,1,False,False,False,False,,True,False,False,Course Lock,196.8,67,16.4,93,NE,S,1.11,11.4,Calm,False,False,Android,7.0.2,M300 RTK,1ZN7L4R0H1D00F,1W9DL31001461C,1ZMLH8300204F0,1Z6PH74DAP0QN7,"Corona, CA",728.3,5.7,137.7,8.547347,2.013246,0,0,DJI Matrice 300 RTK,M300 RTK,1ZN7L4R0H1D00F,1W9DL31001461C,1ZMLH8300204F0,1Z6PH74DAP0QN7,DJI Pilot,Android,7.0.2,1EF72A62-B7C3-C88D-164E-CE6F8C8424AE,1ZN7L4R0H1D00F,1W9DL31001461C,,1ZMLH8300204F0,1W9DL31001461C,,,,,
2023-11-01,11:29:38.94 AM,5m 16.6s,316.6,33.8005043949552,-117.4720857707284,122.7,137.7,19.0,1386,2440.4,6.905589,6.94893,-6.263432,2.23694,-2.908022,1.342164,0.223694,0.894776,-2.2,-1.1,2.4,-153.9,206.1,204.7,Tripod,Other,,21,5,True,,True,False,,Smart,RC,False,True,False,,,True,,False,False,False,False,False,False,False,False,False,False,0,Follow Yaw,-77.9,0,-162.4,197.6,False,False,False,False,False,,0,0,False,False,No Card,100,100,1024,1371,837,932,2,False,False,False,False,False,0,False,False,False,False,83,,47.376,,4138,,4986,,47.376,,True,3.951,3.951,3.951,3.951,3.951,3.951,3.951,3.951,3.951,3.951,3.951,3.951,0,,False,False,True,,,,,,,,,,,,,,,False,False,8.882,,94.2,,75.7,,94.2,,1601,69,12,18,8,141200.5,18826.73,,Idle,,20,,10,,,20,Go Home,False,False,False,False,False,False,False,False,False,False,False,False,33.8027920380556,-117.4659261431046,2045.2,2972.0,1049.4,396.9,True,1,1,False,False,False,False,,True,False,False,Course Lock,196.8,67,16.4,93,NE,S,1.11,11.4,Calm,False,False,Android,7.0.2,M300 RTK,1ZN7L4R0H1D00F,1W9DL31001461C,1ZMLH8300204F0,1Z6PH74DAP0QN7,"Corona, CA",728.3,5.7,137.7,8.547347,2.013246,0,0,DJI Matrice 300 RTK,M300 RTK,1ZN7L4R0H1D00F,1W9DL31001461C,1ZMLH8300204F0,1Z6PH74DAP0QN7,DJI Pilot,Android,7.0.2,1EF72A62-B7C3-C88D-164E-CE6F8C8424AE,1ZN7L4R0H1D00F,1W9DL31001461C,,1ZMLH8300204F0,1W9DL31001461C,,,,,
2023-11-01,11:29:39.04 AM,5m 16.7s,316.7,33.8005018367817,-117.4720871823846,122.7,137.7,19.0,1386,2441.4,6.905589,6.94893,-6.263432,2.23694,-2.908022,1.342164,0.223694,0.894776,-1.7,-0.8,1.8,-154.1,205.9,204.6,Tripod,Other,,21,5,True,,True,False,,Smart,RC,False,True,False,,,True,,False,False,False,False,False,False,False,False,False,False,0,Follow Yaw,-77.9,0,-162.5,197.5,False,False,False,False,False,,0,0,False,False,No Card,100,100,1024,1378,800,992,2,False,False,False,False,False,0,False,False,False,False,83,,47.376,,4138,,4986,,47.376,,True,3.951,3.951,3.951,3.951,3.951,3.951,3.951,3.951,3.951,3.951,3.951,3.951,0,,False,False,True,,,,,,,,,,,,,,,False,False,8.882,,94.2,,75.7,,94.2,,1601,69,12,18,8,141200.5,18826.73,,Idle,,20,,10,,,20,Go Home,False,False,False,False,False,False,False,False,False,False,False,False,33.8027920380556,-117.4659261431046,2046.0,2972.0,1049.4,396.9,True,1,1,False,False,False,False,,True,False,False,Course Lock,196.8,67,16.4,93,NE,S,1.11,11.4,Calm,False,False,Android,7.0.2,M300 RTK,1ZN7L4R0H1D00F,1W9DL31001461C,1ZMLH8300204F0,1Z6PH74DAP0QN7,"Corona, CA",728.3,5.7,137.7,8.547347,2.013246,0,0,DJI Matrice 300 RTK,M300 RTK,1ZN7L4R0H1D00F,1W9DL31001461C,1ZMLH8300204F0,1Z6PH74DAP0QN7,DJI Pilot,Android,7.0.2,1EF72A62-B7C3-C88D-164E-CE6F8C8424AE,1ZN7L4R0H1D00F,1W9DL31001461C,,1ZMLH8300204F0,1W9DL31001461C,,,,,
2023-11-01,11:29:39.14 AM,5m 16.8s,316.8,33.8004992610639,-117.4720885577554,122.7,137.7,19.0,1386,2442.4,6.81441,6.94893,-6.263432,2.23694,-2.684328,1.342164,0.223694,0.894776,-1.3,-0.6,1.4,-154.3,205.7,203.9,Tripod,Other,,21,5,True,,True,False,,Smart,RC,False,True,False,,,True,,False,False,False,False,False,False,False,False,False,False,0,Follow Yaw,-77.9,0,-162.6,197.4,False,False,False,False,False,,0,0,False,False,No Card,100,100,1024,1379,791,1024,2,False,False,False,False,False,0,False,False,False,False,83,,47.376,,4138,,4986,,47.376,,True,3.951,3.951,3.951,3.951,3.951,3.951,3.951,3.951,3.951,3.951,3.951,3.951,0,,False,False,True,,,,,,,,,,,,,,,False,False,8.882,,94.2,,75.7,,94.2,,1601,69,12,18,8,141200.5,18826.73,,Idle,,20,,10,,,20,Go Home,False,False,False,False,False,False,False,False,False,False,False,False,33.8027920380556,-117.4659261431046,2046.8,2972.0,1049.4,396.9,True,1,1,False,False,False,False,,True,False,False,Course Lock,196.8,67,16.4,93,NE,S,1.11,11.4,Calm,False,False,Android,7.0.2,M300 RTK,1ZN7L4R0H1D00F,1W9DL31001461C,1ZMLH8300204F0,1Z6PH74DAP0QN7,"Corona, CA",728.3,5.7,137.7,8.547347,2.013246,0,0,DJI Matrice 300 RTK,M300 RTK,1ZN7L4R0H1D00F,1W9DL31001461C,1ZMLH8300204F0,1Z6PH74DAP0QN7,DJI Pilot,Android,7.0.2,1EF72A62-B7C3-C88D-164E-CE6F8C8424AE,1ZN7L4R0H1D00F,1W9DL31001461C,,1ZMLH8300204F0,1W9DL31001461C,,,,,
2023-11-01,11:29:39.22 AM,5m 16.9s,316.9,33.8004967352377,-117.4720899082216,122.7,137.7,19.0,1386,2443.4,6.81441,6.94893,-6.263432,2.23694,-2.684328,1.342164,0.223694,0.894776,-1.5,-0.2,1.5,-154.6,205.4,203.9,Tripod,Other,,21,5,True,,True,False,,Smart,RC,False,True,False,,,True,,False,False,False,False,False,False,False,False,False,False,0,Follow Yaw,-77.9,0,-162.6,197.4,False,False,False,False,False,,0,0,False,False,No Card,100,100,1024,1380,776,1024,2,False,False,False,False,False,0,False,False,False,False,83,,47.376,,4138,,4986,,47.376,,True,3.951,3.951,3.951,3.951,3.951,3.951,3.951,3.951,3.951,3.951,3.951,3.951,0,,False,False,True,,,,,,,,,,,,,,,False,False,8.882,,94.2,,75.7,,94.2,,1601,69,12,18,8,141200.5,18826.73,,Idle,,20,,10,,,20,Go Home,False,False,False,False,False,False,False,False,False,False,False,False,33.8027920380556,-117.4659261431046,2047.5,2972.0,1049.4,396.9,True,1,1,False,False,False,False,,True,False,False,Course Lock,196.8,67,16.4,93,NE,S,1.11,11.4,Calm,False,False,Android,7.0.2,M300 RTK,1ZN7L4R0H1D00F,1W9DL31001461C,1ZMLH8300204F0,1Z6PH74DAP0QN7,"Corona, CA",728.3,5.7,137.7,8.547347,2.013246,0,0,DJI Matrice 300 RTK,M300 RTK,1ZN7L4R0H1D00F,1W9DL31001461C,1ZMLH8300204F0,1Z6PH74DAP0QN7,DJI Pilot,Android,7.0.2,1EF72A62-B7C3-C88D-164E-CE6F8C8424AE,1ZN7L4R0H1D00F,1W9DL31001461C,,1ZMLH8300204F0,1W9DL31001461C,,,,,
2023-11-01,11:29:39.32 AM,5m 17.0s,317.0,33.8004941754194,-117.4720912405453,122.7,137.7,19.0,1386,2444.5,6.609391,6.94893,-6.039738,2.23694,-2.684328,1.342164,0.223694,0.894776,-1.9,0.2,1.9,-154.7,205.3,203.3,Tripod,Other,,21,5,True,,True,False,,Smart,RC,False,True,False,,,True,,False,False,False,False,False,False,False,False,False,False,0,Follow Yaw,-77.9,0,-162.6,197.4,False,False,False,False,False,,0,0,False,False,No Card,100,100,1024,1379,812,1024,2,False,False,False,False,False,0,False,False,False,False,83,,47.256,,8336,,10044,,47.256,,True,3.951,3.951,3.951,3.951,3.951,3.951,3.951,3.951,3.951,3.951,3.951,3.951,0,,False,False,True,,,,,,,,,,,,,,,False,False,19.782,,94.2,,75.7,,94.2,,1601,69,12,18,8,141200.5,18826.73,,Idle,,20,,10,,,20,Go Home,False,False,False,False,False,False,False,False,False,False,False,False,33.8027920380556,-117.4659261431046,2048.3,2972.0,1049.4,396.9,True,1,1,False,False,False,False,,True,False,False,Course Lock,196.8,67,16.4,93,NE,S,1.11,11.4,Calm,False,False,Android,7.0.2,M300 RTK,1ZN7L4R0H1D00F,1W9DL31001461C,1ZMLH8300204F0,1Z6PH74DAP0QN7,"Corona, CA",728.3,5.7,137.7,8.547347,2.013246,0,0,DJI Matrice 300 RTK,M300 RTK,1ZN7L4R0H1D00F,1W9DL31001461C,1ZMLH8300204F0,1Z6PH74DAP0QN7,DJI Pilot,Android,7.0.2,1EF72A62-B7C3-C88D-164E-CE6F8C8424AE,1ZN7L4R0H1D00F,1W9DL31001461C,,1ZMLH8300204F0,1W9DL31001461C,,,,,
2023-11-01,11:29:39.43 AM,5m 17.1s,317.1,33.8004915064977,-117.4720927161952,122.3,137.7,19.0,1386,2445.5,6.609391,6.94893,-6.039738,2.23694,-2.684328,1.342164,0.223694,0.894776,-2.2,0.4,2.2,-154.7,205.3,204.6,Tripod,Other,,21,5,True,,True,False,,Smart,RC,False,True,False,,,True,,False,False,False,False,False,False,False,False,False,False,0,Follow Yaw,-77.9,0,-162.7,197.3,False,False,False,False,False,,0,0,False,False,No Card,100,100,1024,1378,801,1024,2,False,False,False,False,False,0,False,False,False,False,83,,47.256,,8336,,10044,,47.256,,True,3.951,3.951,3.951,3.951,3.951,3.951,3.951,3.951,3.951,3.951,3.951,3.951,0,,False,False,True,,,,,,,,,,,,,,,False,False,19.782,,94.2,,75.7,,94.2,,1601,69,12,18,8,141200.5,18826.73,,Idle,,20,,10,,,20,Go Home,False,False,False,False,False,False,False,False,False,False,False,False,33.8027920380556,-117.4659261431046,2049.1,2972.0,1049.4,396.9,True,1,1,False,False,False,False,,True,False,False,Course Lock,196.8,67,16.4,93,NE,S,1.11,11.4,Calm,False,False,Android,7.0.2,M300 RTK,1ZN7L4R0H1D00F,1W9DL31001461C,1ZMLH8300204F0,1Z6PH74DAP0QN7,"Corona, CA",728.3,5.7,137.7,8.547347,2.013246,0,0,DJI Matrice 300 RTK,M300 RTK,1ZN7L4R0H1D00F,1W9DL31001461C,1ZMLH8300204F0,1Z6PH74DAP0QN7,DJI Pilot,Android,7.0.2,1EF72A62-B7C3-C88D-164E-CE6F8C8424AE,1ZN7L4R0H1D00F,1W9DL31001461C,,1ZMLH8300204F0,1W9DL31001461C,,,,,
2023-11-01,11:29:39.54 AM,5m 17.2s,317.2,33.8004889422933,-117.4720940592394,122.3,137.7,19.3,1386,2446.5,6.609391,6.94893,-6.039738,2.23694,-2.684328,1.342164,0.223694,0.894776,-2.3,0.4,2.3,-154.8,205.2,203.5,Tripod,Other,,21,5,True,,True,False,,Smart,RC,False,True,False,,,True,,False,False,False,False,False,False,False,False,False,False,0,Follow Yaw,-77.9,0,-162.7,197.3,False,False,False,False,False,,0,0,False,False,No Card,100,100,1024,1376,807,1024,2,False,False,False,False,False,0,False,False,False,False,83,,47.256,,8336,,10044,,47.256,,True,3.951,3.951,3.951,3.951,3.951,3.951,3.951,3.951,3.951,3.951,3.951,3.951,0,,False,False,True,,,,,,,,,,,,,,,False,False,19.782,,94.2,,75.7,,94.2,,1601,69,12,18,8,141200.5,18826.73,,Idle,,20,,10,,,20,Go Home,False,False,False,False,False,False,False,False,False,False,False,False,33.8027920380556,-117.4659261431046,2049.8,2972.0,1049.4,396.9,True,1,1,False,False,False,False,,True,False,False,Course Lock,196.8,67,16.4,93,NE,S,1.11,11.4,Calm,False,False,Android,7.0.2,M300 RTK,1ZN7L4R0H1D00F,1W9DL31001461C,1ZMLH8300204F0,1Z6PH74DAP0QN7,"Corona, CA",728.3,5.7,137.7,8.547347,2.013246,0,0,DJI Matrice 300 RTK,M300 RTK,1ZN7L4R0H1D00F,1W9DL31001461C,1ZMLH8300204F0,1Z6PH74DAP0QN7,DJI Pilot,Android,7.0.2,1EF72A62-B7C3-C88D-164E-CE6F8C8424AE,1ZN7L4R0H1D00F,1W9DL31001461C,,1ZMLH8300204F0,1W9DL31001461C,,,,,
2023-11-01,11:29:39.64 AM,5m 17.3s,317.3,33.800486548049,-117.4720954740292,122.3,137.7,19.3,1386,2447.5,6.609391,6.94893,-6.039738,2.23694,-2.684328,1.342164,0.223694,0.894776,-2.3,0.3,2.3,-154.8,205.2,206.1,Tripod,Other,,21,5,True,,True,False,,Smart,RC,False,True,False,,,True,,False,False,False,False,False,False,False,False,False,False,0,Follow Yaw,-77.9,0,-162.6,197.4,False,False,False,False,False,,0,0,False,False,No Card,100,100,1024,1376,819,1024,2,False,False,False,False,False,0,False,False,False,False,83,,47.256,,8336,,10044,,47.256,,True,3.946,3.946,3.946,3.946,3.946,3.946,3.946,3.946,3.946,3.946,3.946,3.946,0,,False,False,True,,,,,,,,,,,,,,,False,False,19.782,,94.2,,75.7,,94.2,,1600,69,12,18,7,140714.4,18761.92,,Idle,,20,,10,,,20,Go Home,False,False,False,False,False,False,False,False,False,False,False,False,33.8027920380556,-117.4659261431046,2050.6,2972.0,1049.4,396.9,True,1,1,False,False,False,False,,True,False,False,Course Lock,196.8,67,16.4,93,NE,S,1.11,11.4,Calm,False,False,Android,7.0.2,M300 RTK,1ZN7L4R0H1D00F,1W9DL31001461C,1ZMLH8300204F0,1Z6PH74DAP0QN7,"Corona, CA",728.3,5.7,137.7,8.547347,2.013246,0,0,DJI Matrice 300 RTK,M300 RTK,1ZN7L4R0H1D00F,1W9DL31001461C,1ZMLH8300204F0,1Z6PH74DAP0QN7,DJI Pilot,Android,7.0.2,1EF72A62-B7C3-C88D-164E-CE6F8C8424AE,1ZN7L4R0H1D00F,1W9DL31001461C,,1ZMLH8300204F0,1W9DL31001461C,,,,,
2023-11-01,11:29:39.73 AM,5m 17.4s,317.4,33.8004840024855,-117.4720968235058,122.3,137.7,19.3,1386,2448.5,6.609391,6.94893,-6.039738,2.23694,-2.684328,1.342164,0.223694,0.894776,-2.1,0.2,2.1,-154.7,205.3,203.7,Tripod,Other,,21,5,True,,True,False,,Smart,RC,False,True,False,,,True,,False,False,False,False,False,False,False,False,False,False,0,Follow Yaw,-77.9,0,-162.6,197.4,False,False,False,False,False,,0,0,False,False,No Card,100,100,1024,1376,838,1024,2,False,False,False,False,False,0,False,False,False,False,83,,47.256,,8336,,10044,,47.256,,True,3.946,3.946,3.946,3.946,3.946,3.946,3.946,3.946,3.946,3.946,3.946,3.946,0,,False,False,True,,,,,,,,,,,,,,,False,False,19.782,,94.2,,75.7,,94.2,,1600,69,12,18,7,140714.4,18761.92,,Idle,,20,,10,,,20,Go Home,False,False,False,False,False,False,False,False,False,False,False,False,33.8027920380556,-117.4659261431046,2051.3,2972.0,1049.4,396.9,True,1,1,False,False,False,False,,True,False,False,Course Lock,196.8,67,16.4,93,NE,S,1.11,11.4,Calm,False,False,Android,7.0.2,M300 RTK,1ZN7L4R0H1D00F,1W9DL31001461C,1ZMLH8300204F0,1Z6PH74DAP0QN7,"Corona, CA",728.3,5.7,137.7,8.547347,2.013246,0,0,DJI Matrice 300 RTK,M300 RTK,1ZN7L4R0H1D00F,1W9DL31001461C,1ZMLH8300204F0,1Z6PH74DAP0QN7,DJI Pilot,Android,7.0.2,1EF72A62-B7C3-C88D-164E-CE6F8C8424AE,1ZN7L4R0H1D00F,1W9DL31001461C,,1ZMLH8300204F0,1W9DL31001461C,,,,,
2023-11-01,11:29:39.84 AM,5m 17.5s,317.5,33.8004814810453,-117.4720981543451,122.3,137.7,19.0,1386,2449.5,6.609391,6.94893,-6.039738,2.23694,-2.684328,1.342164,0.223694,0.894776,-1.8,0.4,1.8,-154.6,205.4,203.6,Tripod,Other,,21,5,True,,True,False,,Smart,RC,False,True,False,,,True,,False,False,False,False,False,False,False,False,False,False,0,Follow Yaw,-77.9,0,-162.6,197.4,False,False,False,False,False,,0,0,False,False,No Card,100,100,1024,1376,843,1024,2,False,False,False,False,False,0,False,False,False,False,83,,47.256,,8336,,10044,,47.256,,True,3.946,3.946,3.946,3.946,3.946,3.946,3.946,3.946,3.946,3.946,3.946,3.946,0,,False,False,True,,,,,,,,,,,,,,,False,False,19.782,,94.2,,75.7,,94.2,,1600,69,12,18,7,140714.4,18761.92,,Idle,,20,,10,,,20,Go Home,False,False,False,False,False,False,False,False,False,False,False,False,33.8027920380556,-117.4659261431046,2052.1,2972.0,1049.4,396.9,True,1,1,False,False,False,False,,True,False,False,Course Lock,196.8,67,16.4,93,NE,S,1.11,11.4,Calm,False,False,Android,7.0.2,M300 RTK,1ZN7L4R0H1D00F,1W9DL31001461C,1ZMLH8300204F0,1Z6PH74DAP0QN7,"Corona, CA",728.3,5.7,137.7,8.547347,2.013246,0,0,DJI Matrice 300 RTK,M300 RTK,1ZN7L4R0H1D00F,1W9DL31001461C,1ZMLH8300204F0,1Z6PH74DAP0QN7,DJI Pilot,Android,7.0.2,1EF72A62-B7C3-C88D-164E-CE6F8C8424AE,1ZN7L4R0H1D00F,1W9DL31001461C,,1ZMLH8300204F0,1W9DL31001461C,,,,,
2023-11-01,11:29:39.94 AM,5m 17.6s,317.6,33.8004789448021,-117.4720995018425,122.0,137.7,19.3,1386,2450.5,6.609391,6.94893,-6.039738,2.23694,-2.684328,1.342164,0.223694,0.894776,-1.9,0.7,2,-154.5,205.5,203.8,Tripod,Other,,21,5,True,,True,False,,Smart,RC,False,True,False,,,True,,False,False,False,False,False,False,False,False,False,False,0,Follow Yaw,-77.9,0,-162.7,197.3,False,False,False,False,False,,0,0,False,False,No Card,100,100,1024,1375,841,1024,2,False,False,False,False,False,0,False,False,False,False,83,,47.256,,8336,,10044,,47.256,,True,3.946,3.946,3.946,3.946,3.946,3.946,3.946,3.946,3.946,3.946,3.946,3.946,0,,False,False,True,,,,,,,,,,,,,,,False,False,19.782,,94.2,,75.7,,94.2,,1600,69,12,18,7,140714.4,18761.92,,Idle,,20,,10,,,20,Go Home,False,False,False,False,False,False,False,False,False,False,False,False,33.8027920380556,-117.4659261431046,2052.8,2972.0,1049.4,396.9,True,1,1,False,False,False,False,,True,False,False,Course Lock,196.8,67,16.4,93,NE,S,1.11,11.4,Calm,False,False,Android,7.0.2,M300 RTK,1ZN7L4R0H1D00F,1W9DL31001461C,1ZMLH8300204F0,1Z6PH74DAP0QN7,"Corona, CA",728.3,5.7,137.7,8.547347,2.013246,0,0,DJI Matrice 300 RTK,M300 RTK,1ZN7L4R0H1D00F,1W9DL31001461C,1ZMLH8300204F0,1Z6PH74DAP0QN7,DJI Pilot,Android,7.0.2,1EF72A62-B7C3-C88D-164E-CE6F8C8424AE,1ZN7L4R0H1D00F,1W9DL31001461C,,1ZMLH8300204F0,1W9DL31001461C,,,,,
2023-11-01,11:29:40.04 AM,5m 17.7s,317.7,33.800476410752,-117.4721008556074,122.0,137.7,19.3,1386,2451.6,6.609391,6.94893,-6.039738,2.23694,-2.684328,1.342164,0.223694,0.894776,-1.9,0.7,2,-154.6,205.4,203.9,Tripod,Other,,21,5,True,,True,False,,Smart,RC,False,True,False,,,True,,False,False,False,False,False,False,False,False,False,False,0,Follow Yaw,-77.9,0,-162.7,197.3,False,False,False,False,False,,0,0,False,False,No Card,100,100,1024,1374,841,1024,2,False,False,False,False,False,0,False,False,False,False,83,,47.268,,4138,,4986,,47.268,,True,3.946,3.946,3.946,3.946,3.946,3.946,3.946,3.946,3.946,3.946,3.946,3.946,0,,False,False,True,,,,,,,,,,,,,,,False,False,9.546,,94.4,,75.7,,94.4,,1600,69,12,18,7,140714.4,18761.92,,Idle,,20,,10,,,20,Go Home,False,False,False,False,False,False,False,False,False,False,False,False,33.8027920380556,-117.4659261431046,2053.6,2972.0,1049.4,396.9,True,1,1,False,False,False,False,,True,False,False,Course Lock,196.8,67,16.4,93,NE,S,1.11,11.4,Calm,False,False,Android,7.0.2,M300 RTK,1ZN7L4R0H1D00F,1W9DL31001461C,1ZMLH8300204F0,1Z6PH74DAP0QN7,"Corona, CA",728.3,5.7,137.7,8.547347,2.013246,0,0,DJI Matrice 300 RTK,M300 RTK,1ZN7L4R0H1D00F,1W9DL31001461C,1ZMLH8300204F0,1Z6PH74DAP0QN7,DJI Pilot,Android,7.0.2,1EF72A62-B7C3-C88D-164E-CE6F8C8424AE,1ZN7L4R0H1D00F,1W9DL31001461C,,1ZMLH8300204F0,1W9DL31001461C,,,,,
2023-11-01,11:29:40.15 AM,5m 17.8s,317.8,33.8004739030182,-117.4721022151449,122.0,137.7,19.3,1386,2452.6,6.609391,6.94893,-6.039738,2.23694,-2.684328,1.342164,0.223694,0.894776,-2,0.4,2,-154.7,205.3,204.2,Tripod,Other,,21,5,True,,True,False,,Smart,RC,False,True,False,,,True,,False,False,False,False,False,False,False,False,False,False,0,Follow Yaw,-77.9,0,-162.7,197.3,False,False,False,False,False,,0,0,False,False,No Card,100,100,1024,1374,841,1024,2,False,False,False,False,False,0,False,False,False,False,83,,47.268,,4138,,4986,,47.268,,True,3.946,3.946,3.946,3.946,3.946,3.946,3.946,3.946,3.946,3.946,3.946,3.946,0,,False,False,True,,,,,,,,,,,,,,,False,False,9.546,,94.4,,75.7,,94.4,,1600,69,12,18,7,140714.4,18761.92,,Idle,,20,,10,,,20,Go Home,False,False,False,False,False,False,False,False,False,False,False,False,33.8027920380556,-117.4659261431046,2054.3,2972.0,1049.4,396.9,True,1,1,False,False,False,False,,True,False,False,Course Lock,196.8,67,16.4,93,NE,S,1.11,11.4,Calm,False,False,Android,7.0.2,M300 RTK,1ZN7L4R0H1D00F,1W9DL31001461C,1ZMLH8300204F0,1Z6PH74DAP0QN7,"Corona, CA",728.3,5.7,137.7,8.547347,2.013246,0,0,DJI Matrice 300 RTK,M300 RTK,1ZN7L4R0H1D00F,1W9DL31001461C,1ZMLH8300204F0,1Z6PH74DAP0QN7,DJI Pilot,Android,7.0.2,1EF72A62-B7C3-C88D-164E-CE6F8C8424AE,1ZN7L4R0H1D00F,1W9DL31001461C,,1ZMLH8300204F0,1W9DL31001461C,,,,,
2023-11-01,11:29:40.25 AM,5m 17.9s,317.9,33.8004710131484,-117.4721035375726,122.0,137.7,19.3,1386,2453.7,6.609391,6.94893,-6.039738,2.23694,-2.684328,1.342164,0.223694,0.894776,-2.1,0.3,2.1,-154.7,205.3,200.8,Tripod,Other,,21,5,True,,True,False,,Smart,RC,False,True,False,,,True,,False,False,False,False,False,False,False,False,False,False,0,Follow Yaw,-77.9,0,-162.6,197.4,False,False,False,False,False,,0,0,False,False,No Card,100,100,1024,1369,842,1024,2,False,False,False,False,False,0,False,False,False,False,83,,47.268,,4138,,4986,,47.268,,True,3.946,3.946,3.946,3.946,3.946,3.946,3.946,3.946,3.946,3.946,3.946,3.946,0,,False,False,True,,,,,,,,,,,,,,,False,False,9.546,,94.4,,75.7,,94.4,,1600,69,12,18,7,140714.4,18761.92,,Idle,,20,,10,,,20,Go Home,False,False,False,False,False,False,False,False,False,False,False,False,33.8027920380556,-117.4659261431046,2055.1,2972.0,1049.4,396.9,True,1,1,False,False,False,False,,True,False,False,Course Lock,196.8,67,16.4,93,NE,S,1.11,11.4,Calm,False,False,Android,7.0.2,M300 RTK,1ZN7L4R0H1D00F,1W9DL31001461C,1ZMLH8300204F0,1Z6PH74DAP0QN7,"Corona, CA",728.3,5.7,137.7,8.547347,2.013246,0,0,DJI Matrice 300 RTK,M300 RTK,1ZN7L4R0H1D00F,1W9DL31001461C,1ZMLH8300204F0,1Z6PH74DAP0QN7,DJI Pilot,Android,7.0.2,1EF72A62-B7C3-C88D-164E-CE6F8C8424AE,1ZN7L4R0H1D00F,1W9DL31001461C,,1ZMLH8300204F0,1W9DL31001461C,,,,,
2023-11-01,11:29:40.36 AM,5m 18.0s,318.0,33.8004684796465,-117.4721048783078,122.0,137.7,19.3,1386,2454.7,6.609391,6.94893,-6.039738,2.23694,-2.684328,1.342164,0.223694,0.894776,-2.2,0.4,2.2,-154.6,205.4,203.7,Tripod,Other,,20,5,True,,True,False,,Smart,RC,False,True,False,,,True,,False,False,False,False,False,False,False,False,False,False,0,Follow Yaw,-77.9,0,-162.7,197.3,False,False,False,False,False,,0,0,False,False,No Card,100,100,1024,1373,840,1024,2,False,False,False,False,False,0,False,False,False,False,83,,47.28,,8336,,10044,,47.28,,True,3.946,3.946,3.946,3.946,3.946,3.946,3.946,3.946,3.946,3.946,3.946,3.946,0,,False,False,True,,,,,,,,,,,,,,,False,False,19.296,,94.4,,75.7,,94.4,,1600,69,12,18,7,140714.4,18761.92,,Idle,,20,,10,,,20,Go Home,False,False,False,False,False,False,False,False,False,False,False,False,33.8027920380556,-117.4659261431046,2055.9,2972.0,1049.4,396.9,True,1,1,False,False,False,False,,True,False,False,Course Lock,196.8,67,16.4,93,NE,S,1.11,11.4,Calm,False,False,Android,7.0.2,M300 RTK,1ZN7L4R0H1D00F,1W9DL31001461C,1ZMLH8300204F0,1Z6PH74DAP0QN7,"Corona, CA",728.3,5.7,137.7,8.547347,2.013246,0,0,DJI Matrice 300 RTK,M300 RTK,1ZN7L4R0H1D00F,1W9DL31001461C,1ZMLH8300204F0,1Z6PH74DAP0QN7,DJI Pilot,Android,7.0.2,1EF72A62-B7C3-C88D-164E-CE6F8C8424AE,1ZN7L4R0H1D00F,1W9DL31001461C,,1ZMLH8300204F0,1W9DL31001461C,,,,,
2023-11-01,11:29:40.46 AM,5m 18.1s,318.1,33.8004661440659,-117.472106228609,122.0,137.7,19.3,1386,2455.6,6.609391,6.94893,-6.039738,2.23694,-2.684328,1.342164,0.223694,0.894776,-2.5,0.6,2.5,-154.5,205.5,205.6,Tripod,Other,,20,5,True,,True,False,,Smart,RC,False,True,False,,,True,,False,False,False,False,False,False,False,False,False,False,0,Follow Yaw,-77.9,0,-162.6,197.4,False,False,False,False,False,,0,0,False,False,No Card,100,100,1024,1373,840,1024,2,False,False,False,False,False,0,False,False,False,False,83,,47.28,,8336,,10044,,47.28,,True,3.946,3.946,3.946,3.946,3.946,3.946,3.946,3.946,3.946,3.946,3.946,3.946,0,,False,False,True,,,,,,,,,,,,,,,False,False,19.296,,94.4,,75.7,,94.4,,1600,69,12,18,7,140714.4,18761.92,,Idle,,20,,10,,,20,Go Home,False,False,False,False,False,False,False,False,False,False,False,False,33.8027920380556,-117.4659261431046,2056.6,2972.0,1049.4,396.9,True,1,1,False,False,False,False,,True,False,False,Course Lock,196.8,67,16.4,93,NE,S,1.11,11.4,Calm,False,False,Android,7.0.2,M300 RTK,1ZN7L4R0H1D00F,1W9DL31001461C,1ZMLH8300204F0,1Z6PH74DAP0QN7,"Corona, CA",728.3,5.7,137.7,8.547347,2.013246,0,0,DJI Matrice 300 RTK,M300 RTK,1ZN7L4R0H1D00F,1W9DL31001461C,1ZMLH8300204F0,1Z6PH74DAP0QN7,DJI Pilot,Android,7.0.2,1EF72A62-B7C3-C88D-164E-CE6F8C8424AE,1ZN7L4R0H1D00F,1W9DL31001461C,,1ZMLH8300204F0,1W9DL31001461C,,,,,
2023-11-01,11:29:40.56 AM,5m 18.2s,318.2,33.800463644556,-117.4721075711585,122.0,137.7,19.3,1386,2456.6,6.609391,6.94893,-6.039738,2.23694,-2.684328,1.342164,0.223694,0.894776,-2.7,0.5,2.7,-154.5,205.5,204.0,Tripod,Other,,20,5,True,,True,False,,Smart,RC,False,True,False,,,True,,False,False,False,False,False,False,False,False,False,False,0,Follow Yaw,-77.9,0,-162.7,197.3,False,False,False,False,False,,0,0,False,False,No Card,100,100,1024,1373,815,1024,2,False,False,False,False,False,0,False,False,False,False,83,,47.28,,8336,,10044,,47.28,,True,3.946,3.946,3.946,3.946,3.946,3.946,3.946,3.946,3.946,3.946,3.946,3.946,0,,False,False,True,,,,,,,,,,,,,,,False,False,19.296,,94.4,,75.7,,94.4,,1600,69,12,18,7,140714.4,18761.92,,Idle,,20,,10,,,20,Go Home,False,False,False,False,False,False,False,False,False,False,False,False,33.8027920380556,-117.4659261431046,2057.4,2972.0,1049.4,396.9,True,1,1,False,False,False,False,,True,False,False,Course Lock,196.8,67,16.4,93,NE,S,1.11,11.4,Calm,False,False,Android,7.0.2,M300 RTK,1ZN7L4R0H1D00F,1W9DL31001461C,1ZMLH8300204F0,1Z6PH74DAP0QN7,"Corona, CA",728.3,5.7,137.7,8.547347,2.013246,0,0,DJI Matrice 300 RTK,M300 RTK,1ZN7L4R0H1D00F,1W9DL31001461C,1ZMLH8300204F0,1Z6PH74DAP0QN7,DJI Pilot,Android,7.0.2,1EF72A62-B7C3-C88D-164E-CE6F8C8424AE,1ZN7L4R0H1D00F,1W9DL31001461C,,1ZMLH8300204F0,1W9DL31001461C,,,,,
2023-11-01,11:29:40.64 AM,5m 18.3s,318.3,33.8004610765138,-117.4721088792371,122.0,137.7,19.3,1386,2457.7,6.609391,6.94893,-6.039738,2.23694,-2.684328,1.342164,0.223694,0.894776,-2.8,0.3,2.8,-154.5,205.5,202.9,Tripod,Other,,20,5,True,,True,False,,Smart,RC,False,True,False,,,True,,False,False,False,False,False,False,False,False,False,False,0,Follow Yaw,-77.9,0,-162.6,197.4,False,False,False,False,False,,0,0,False,False,No Card,100,100,1024,1373,716,1024,2,False,False,False,False,False,0,False,False,False,False,83,,47.28,,8336,,10044,,47.28,,True,3.939,3.939,3.939,3.939,3.939,3.939,3.939,3.939,3.939,3.939,3.939,3.939,0,,False,False,True,,,,,,,,,,,,,,,False,False,19.296,,94.4,,75.7,,94.4,,1600,69,12,18,7,140664.4,18755.25,,Idle,,20,,10,,,20,Go Home,False,False,False,False,False,False,False,False,False,False,False,False,33.8027920380556,-117.4659261431046,2058.1,2972.0,1049.4,396.9,True,1,1,False,False,False,False,,True,False,False,Course Lock,196.8,67,16.4,93,NE,S,1.11,11.4,Calm,False,False,Android,7.0.2,M300 RTK,1ZN7L4R0H1D00F,1W9DL31001461C,1ZMLH8300204F0,1Z6PH74DAP0QN7,"Corona, CA",728.3,5.7,137.7,8.547347,2.013246,0,0,DJI Matrice 300 RTK,M300 RTK,1ZN7L4R0H1D00F,1W9DL31001461C,1ZMLH8300204F0,1Z6PH74DAP0QN7,DJI Pilot,Android,7.0.2,1EF72A62-B7C3-C88D-164E-CE6F8C8424AE,1ZN7L4R0H1D00F,1W9DL31001461C,,1ZMLH8300204F0,1W9DL31001461C,,,,,
2023-11-01,11:29:40.76 AM,5m 18.4s,318.4,33.8004585764557,-117.4721102259098,121.7,137.7,19.6,1385,2458.7,6.609391,6.94893,-6.039738,2.23694,-2.684328,1.342164,0.223694,0.894776,-2.8,0.3,2.8,-154.5,205.5,204.1,Tripod,Other,,20,5,True,,True,False,,Smart,RC,False,True,False,,,True,,False,False,False,False,False,False,False,False,False,False,0,Follow Yaw,-77.9,0,-162.7,197.3,False,False,False,False,False,,0,0,False,False,No Card,100,100,1024,1373,716,1024,2,False,False,False,False,False,0,False,False,False,False,83,,47.28,,8336,,10044,,47.28,,True,3.939,3.939,3.939,3.939,3.939,3.939,3.939,3.939,3.939,3.939,3.939,3.939,0,,False,False,True,,,,,,,,,,,,,,,False,False,19.296,,94.4,,75.7,,94.4,,1600,69,12,18,7,140664.4,18755.25,,Idle,,20,,10,,,20,Go Home,False,False,False,False,False,False,False,False,False,False,False,False,33.8027920380556,-117.4659261431046,2058.9,2972.0,1049.4,396.9,True,1,1,False,False,False,False,,True,False,False,Course Lock,196.8,67,16.4,93,NE,S,1.11,11.4,Calm,False,False,Android,7.0.2,M300 RTK,1ZN7L4R0H1D00F,1W9DL31001461C,1ZMLH8300204F0,1Z6PH74DAP0QN7,"Corona, CA",728.3,5.7,137.7,8.547347,2.013246,0,0,DJI Matrice 300 RTK,M300 RTK,1ZN7L4R0H1D00F,1W9DL31001461C,1ZMLH8300204F0,1Z6PH74DAP0QN7,DJI Pilot,Android,7.0.2,1EF72A62-B7C3-C88D-164E-CE6F8C8424AE,1ZN7L4R0H1D00F,1W9DL31001461C,,1ZMLH8300204F0,1W9DL31001461C,,,,,
2023-11-01,11:29:40.86 AM,5m 18.5s,318.5,33.8004563324342,-117.4721113695509,121.7,137.7,19.6,1385,2459.5,6.609391,6.94893,-6.039738,2.23694,-2.684328,1.342164,0.223694,0.894776,-2.6,0.5,2.6,-154.4,205.6,202.9,Tripod,Other,,20,5,True,,True,False,,Smart,RC,False,True,False,,,True,,False,False,False,False,False,False,False,False,False,False,0,Follow Yaw,-77.9,0,-162.7,197.3,False,False,False,False,False,,0,0,False,False,No Card,100,100,1024,1374,713,1024,2,False,False,False,False,False,0,False,False,False,False,83,,47.28,,8336,,10044,,47.28,,True,3.939,3.939,3.939,3.939,3.939,3.939,3.939,3.939,3.939,3.939,3.939,3.939,0,,False,False,True,,,,,,,,,,,,,,,False,False,19.296,,94.4,,75.7,,94.4,,1600,69,12,18,7,140664.4,18755.25,,Idle,,20,,10,,,20,Go Home,False,False,False,False,False,False,False,False,False,False,False,False,33.8027920380556,-117.4659261431046,2059.5,2972.0,1049.4,396.9,True,1,1,False,False,False,False,,True,False,False,Course Lock,196.8,67,16.4,93,NE,S,1.11,11.4,Calm,False,False,Android,7.0.2,M300 RTK,1ZN7L4R0H1D00F,1W9DL31001461C,1ZMLH8300204F0,1Z6PH74DAP0QN7,"Corona, CA",728.3,5.7,137.7,8.547347,2.013246,0,0,DJI Matrice 300 RTK,M300 RTK,1ZN7L4R0H1D00F,1W9DL31001461C,1ZMLH8300204F0,1Z6PH74DAP0QN7,DJI Pilot,Android,7.0.2,1EF72A62-B7C3-C88D-164E-CE6F8C8424AE,1ZN7L4R0H1D00F,1W9DL31001461C,,1ZMLH8300204F0,1W9DL31001461C,,,,,
2023-11-01,11:29:40.97 AM,5m 18.6s,318.6,33.8004538608856,-117.4721127040187,121.7,137.7,19.6,1385,2460.5,6.609391,6.94893,-6.039738,2.23694,-2.684328,1.342164,0.447388,0.894776,-2.7,0.6,2.7,-154.4,205.6,204.1,Tripod,Other,,21,5,True,,True,False,,Smart,RC,False,True,False,,,True,,False,False,False,False,False,False,False,False,False,False,0,Follow Yaw,-77.9,0,-162.7,197.3,False,False,False,False,False,,0,0,False,False,No Card,100,100,1024,1372,701,1024,2,False,False,False,False,False,0,False,False,False,False,83,,47.28,,8336,,10044,,47.28,,True,3.939,3.939,3.939,3.939,3.939,3.939,3.939,3.939,3.939,3.939,3.939,3.939,0,,False,False,True,,,,,,,,,,,,,,,False,False,19.296,,94.4,,75.7,,94.4,,1600,69,12,18,7,140664.4,18755.25,,Idle,,20,,10,,,20,Go Home,False,False,False,False,False,False,False,False,False,False,False,False,33.8027920380556,-117.4659261431046,2060.3,2972.0,1049.4,396.9,True,1,1,False,False,False,False,,True,False,False,Course Lock,196.8,67,16.4,93,NE,S,1.11,11.4,Calm,False,False,Android,7.0.2,M300 RTK,1ZN7L4R0H1D00F,1W9DL31001461C,1ZMLH8300204F0,1Z6PH74DAP0QN7,"Corona, CA",728.3,5.7,137.7,8.547347,2.013246,0,0,DJI Matrice 300 RTK,M300 RTK,1ZN7L4R0H1D00F,1W9DL31001461C,1ZMLH8300204F0,1Z6PH74DAP0QN7,DJI Pilot,Android,7.0.2,1EF72A62-B7C3-C88D-164E-CE6F8C8424AE,1ZN7L4R0H1D00F,1W9DL31001461C,,1ZMLH8300204F0,1W9DL31001461C,,,,,
2023-11-01,11:29:41.07 AM,5m 18.7s,318.7,33.8004513542483,-117.4721142880291,121.7,137.7,19.6,1385,2461.6,6.405621,6.94893,-5.816044,2.23694,-2.684328,1.342164,0.447388,0.894776,-2.7,0.6,2.7,-154.4,205.6,207.7,Tripod,Other,,21,5,True,,True,False,,Smart,RC,False,True,False,,,True,,False,False,False,False,False,False,False,False,False,False,0,Follow Yaw,-77.9,0,-162.7,197.3,False,False,False,False,False,,0,0,False,False,No Card,100,100,1024,1373,665,1024,2,False,False,False,False,False,0,False,False,False,False,83,,47.28,,8336,,10044,,47.28,,True,3.939,3.939,3.939,3.939,3.939,3.939,3.939,3.939,3.939,3.939,3.939,3.939,0,,False,False,True,,,,,,,,,,,,,,,False,False,19.296,,94.4,,75.7,,94.4,,1600,69,12,18,7,140664.4,18755.25,,Idle,,20,,10,,,20,Go Home,False,False,False,False,False,False,False,False,False,False,False,False,33.8027920380556,-117.4659261431046,2061.1,2972.0,1049.4,396.9,True,1,1,False,False,False,False,,True,False,False,Course Lock,196.8,67,16.4,93,NE,S,1.11,11.4,Calm,False,False,Android,7.0.2,M300 RTK,1ZN7L4R0H1D00F,1W9DL31001461C,1ZMLH8300204F0,1Z6PH74DAP0QN7,"Corona, CA",728.3,5.7,137.7,8.547347,2.013246,0,0,DJI Matrice 300 RTK,M300 RTK,1ZN7L4R0H1D00F,1W9DL31001461C,1ZMLH8300204F0,1Z6PH74DAP0QN7,DJI Pilot,Android,7.0.2,1EF72A62-B7C3-C88D-164E-CE6F8C8424AE,1ZN7L4R0H1D00F,1W9DL31001461C,,1ZMLH8300204F0,1W9DL31001461C,,,,,
2023-11-01,11:29:41.17 AM,5m 18.8s,318.8,33.8004488865374,-117.4721156607612,121.3,137.7,19.3,1385,2462.6,6.405621,6.94893,-5.816044,2.23694,-2.684328,1.342164,0.447388,0.894776,-2.7,0.4,2.7,-154.4,205.6,204.8,Tripod,Other,,21,5,True,,True,False,,Smart,RC,False,True,False,,,True,,False,False,False,False,False,False,False,False,False,False,0,Follow Yaw,-77.9,0,-162.7,197.3,False,False,False,False,False,,0,0,False,False,No Card,100,100,1024,1372,667,1024,2,False,False,False,False,False,0,False,False,False,False,83,,47.28,,8336,,10044,,47.28,,True,3.939,3.939,3.939,3.939,3.939,3.939,3.939,3.939,3.939,3.939,3.939,3.939,0,,False,False,True,,,,,,,,,,,,,,,False,False,19.296,,94.4,,75.7,,94.4,,1600,69,12,18,7,140664.4,18755.25,,Idle,,20,,10,,,20,Go Home,False,False,False,False,False,False,False,False,False,False,False,False,33.8027920380556,-117.4659261431046,2061.8,2972.0,1049.4,396.9,True,1,1,False,False,False,False,,True,False,False,Course Lock,196.8,67,16.4,93,NE,S,1.11,11.4,Calm,False,False,Android,7.0.2,M300 RTK,1ZN7L4R0H1D00F,1W9DL31001461C,1ZMLH8300204F0,1Z6PH74DAP0QN7,"Corona, CA",728.3,5.7,137.7,8.547347,2.013246,0,0,DJI Matrice 300 RTK,M300 RTK,1ZN7L4R0H1D00F,1W9DL31001461C,1ZMLH8300204F0,1Z6PH74DAP0QN7,DJI Pilot,Android,7.0.2,1EF72A62-B7C3-C88D-164E-CE6F8C8424AE,1ZN7L4R0H1D00F,1W9DL31001461C,,1ZMLH8300204F0,1W9DL31001461C,,,,,
2023-11-01,11:29:41.24 AM,5m 18.9s,318.9,33.800446351939,-117.4721170641707,121.3,137.7,19.3,1385,2463.6,6.405621,6.94893,-5.816044,2.23694,-2.684328,1.342164,0.671082,0.894776,-2.6,0.1,2.6,-154.5,205.5,204.7,Tripod,Other,,21,5,True,,True,False,,Smart,RC,False,True,False,,,True,,False,False,False,False,False,False,False,False,False,False,0,Follow Yaw,-77.9,0,-162.7,197.3,False,False,False,False,False,,0,0,False,False,No Card,100,100,1024,1374,677,1024,2,False,False,False,False,False,0,False,False,False,False,83,,47.244,,4138,,4986,,47.244,,True,3.939,3.939,3.939,3.939,3.939,3.939,3.939,3.939,3.939,3.939,3.939,3.939,0,,False,False,True,,,,,,,,,,,,,,,False,False,9.32,,94.4,,75.7,,94.4,,1600,69,12,18,7,140664.4,18755.25,,Idle,,20,,10,,,20,Go Home,False,False,False,False,False,False,False,False,False,False,False,False,33.8027920380556,-117.4659261431046,2062.6,2972.0,1049.4,396.9,True,1,1,False,False,False,False,,True,False,False,Course Lock,196.8,67,16.4,93,NE,S,1.11,11.4,Calm,False,False,Android,7.0.2,M300 RTK,1ZN7L4R0H1D00F,1W9DL31001461C,1ZMLH8300204F0,1Z6PH74DAP0QN7,"Corona, CA",728.3,5.7,137.7,8.547347,2.013246,0,0,DJI Matrice 300 RTK,M300 RTK,1ZN7L4R0H1D00F,1W9DL31001461C,1ZMLH8300204F0,1Z6PH74DAP0QN7,DJI Pilot,Android,7.0.2,1EF72A62-B7C3-C88D-164E-CE6F8C8424AE,1ZN7L4R0H1D00F,1W9DL31001461C,,1ZMLH8300204F0,1W9DL31001461C,,,,,
2023-11-01,11:29:41.34 AM,5m 19.0s,319.0,33.8004438771008,-117.4721184471286,121.3,137.7,19.3,1385,2464.6,6.405621,6.94893,-5.816044,2.23694,-2.684328,1.342164,0.671082,0.894776,-2.4,0,2.4,-154.6,205.4,204.9,Tripod,Other,,21,5,True,,True,False,,Smart,RC,False,True,False,,,True,,False,False,False,False,False,False,False,False,False,False,0,Follow Yaw,-77.9,0,-162.7,197.3,False,False,False,False,False,,0,0,False,False,No Card,100,100,1024,1374,692,1024,2,False,False,False,False,False,0,False,False,False,False,83,,47.28,,8336,,10044,,47.28,,True,3.939,3.939,3.939,3.939,3.939,3.939,3.939,3.939,3.939,3.939,3.939,3.939,0,,False,False,True,,,,,,,,,,,,,,,False,False,18.84,,94.4,,75.7,,94.4,,1600,69,12,18,7,140664.4,18755.25,,Idle,,20,,10,,,20,Go Home,False,False,False,False,False,False,False,False,False,False,False,False,33.8027920380556,-117.4659261431046,2063.4,2972.0,1049.4,396.9,True,1,1,False,False,False,False,,True,False,False,Course Lock,196.8,67,16.4,93,NE,S,1.11,11.4,Calm,False,False,Android,7.0.2,M300 RTK,1ZN7L4R0H1D00F,1W9DL31001461C,1ZMLH8300204F0,1Z6PH74DAP0QN7,"Corona, CA",728.3,5.7,137.7,8.547347,2.013246,0,0,DJI Matrice 300 RTK,M300 RTK,1ZN7L4R0H1D00F,1W9DL31001461C,1ZMLH8300204F0,1Z6PH74DAP0QN7,DJI Pilot,Android,7.0.2,1EF72A62-B7C3-C88D-164E-CE6F8C8424AE,1ZN7L4R0H1D00F,1W9DL31001461C,,1ZMLH8300204F0,1W9DL31001461C,,,,,
2023-11-01,11:29:41.44 AM,5m 19.1s,319.1,33.8004411275851,-117.472119901997,121.0,137.7,19.3,1385,2465.7,6.609391,6.94893,-6.039738,2.23694,-2.684328,1.342164,0.671082,0.894776,-2.2,0,2.2,-154.5,205.5,203.7,Tripod,Other,,21,5,True,,True,False,,Smart,RC,False,True,False,,,True,,False,False,False,False,False,False,False,False,False,False,0,Follow Yaw,-77.9,0,-162.6,197.4,False,False,False,False,False,,0,0,False,False,No Card,100,100,1024,1374,707,1024,2,False,False,False,False,False,0,False,False,False,False,83,,47.28,,8336,,10044,,47.28,,True,3.939,3.939,3.939,3.939,3.939,3.939,3.939,3.939,3.939,3.939,3.939,3.939,0,,False,False,True,,,,,,,,,,,,,,,False,False,18.84,,94.4,,75.7,,94.4,,1600,69,12,18,7,140664.4,18755.25,,Idle,,20,,10,,,20,Go Home,False,False,False,False,False,False,False,False,False,False,False,False,33.8027920380556,-117.4659261431046,2064.2,2972.0,1049.4,396.9,True,1,1,False,False,False,False,,True,False,False,Course Lock,196.8,67,16.4,93,NE,S,1.11,11.4,Calm,False,False,Android,7.0.2,M300 RTK,1ZN7L4R0H1D00F,1W9DL31001461C,1ZMLH8300204F0,1Z6PH74DAP0QN7,"Corona, CA",728.3,5.7,137.7,8.547347,2.013246,0,0,DJI Matrice 300 RTK,M300 RTK,1ZN7L4R0H1D00F,1W9DL31001461C,1ZMLH8300204F0,1Z6PH74DAP0QN7,DJI Pilot,Android,7.0.2,1EF72A62-B7C3-C88D-164E-CE6F8C8424AE,1ZN7L4R0H1D00F,1W9DL31001461C,,1ZMLH8300204F0,1W9DL31001461C,,,,,
2023-11-01,11:29:41.54 AM,5m 19.2s,319.2,33.8004386280752,-117.4721212811614,121.0,137.7,19.3,1385,2466.7,6.405621,6.94893,-5.816044,2.23694,-2.684328,1.342164,0.671082,0.894776,-2.4,0.2,2.4,-154.5,205.5,204.6,Tripod,Other,,20,5,True,,True,False,,Smart,RC,False,True,False,,,True,,False,False,False,False,False,False,False,False,False,False,0,Follow Yaw,-77.9,0,-162.7,197.3,False,False,False,False,False,,0,0,False,False,No Card,100,100,1024,1374,725,1024,2,False,False,False,False,False,0,False,False,False,False,83,,47.28,,8336,,10044,,47.28,,True,3.939,3.939,3.939,3.939,3.939,3.939,3.939,3.939,3.939,3.939,3.939,3.939,0,,False,False,True,,,,,,,,,,,,,,,False,False,18.84,,94.4,,75.7,,94.4,,1600,69,12,18,7,140664.4,18755.25,,Idle,,20,,10,,,20,Go Home,False,False,False,False,False,False,False,False,False,False,False,False,33.8027920380556,-117.4659261431046,2064.9,2972.0,1049.4,396.9,True,1,1,False,False,False,False,,True,False,False,Course Lock,196.8,67,16.4,93,NE,S,1.11,11.4,Calm,False,False,Android,7.0.2,M300 RTK,1ZN7L4R0H1D00F,1W9DL31001461C,1ZMLH8300204F0,1Z6PH74DAP0QN7,"Corona, CA",728.3,5.7,137.7,8.547347,2.013246,0,0,DJI Matrice 300 RTK,M300 RTK,1ZN7L4R0H1D00F,1W9DL31001461C,1ZMLH8300204F0,1Z6PH74DAP0QN7,DJI Pilot,Android,7.0.2,1EF72A62-B7C3-C88D-164E-CE6F8C8424AE,1ZN7L4R0H1D00F,1W9DL31001461C,,1ZMLH8300204F0,1W9DL31001461C,,,,,
2023-11-01,11:29:41.64 AM,5m 19.3s,319.3,33.8004364887711,-117.4721224264517,121.0,137.7,19.3,1385,2467.5,6.405621,6.94893,-5.816044,2.23694,-2.684328,1.342164,0.671082,0.894776,-2.6,0.3,2.6,-154.4,205.6,203.9,Tripod,Other,,20,5,True,,True,False,,Smart,RC,False,True,False,,,True,,False,False,False,False,False,False,False,False,False,False,0,Follow Yaw,-77.9,0,-162.7,197.3,False,False,False,False,False,,0,0,False,False,No Card,100,100,1024,1372,728,1024,2,False,False,False,False,False,0,False,False,False,False,83,,47.28,,8336,,10044,,47.28,,True,3.939,3.939,3.939,3.939,3.939,3.939,3.939,3.939,3.939,3.939,3.939,3.939,0,,False,False,True,,,,,,,,,,,,,,,False,False,18.84,,94.4,,75.7,,94.4,,1600,69,12,18,7,140962.7,18795.02,,Idle,,20,,10,,,20,Go Home,False,False,False,False,False,False,False,False,False,False,False,False,33.8027920380556,-117.4659261431046,2065.6,2972.0,1049.4,396.9,True,1,1,False,False,False,False,,True,False,False,Course Lock,196.8,67,16.4,93,NE,S,1.11,11.4,Calm,False,False,Android,7.0.2,M300 RTK,1ZN7L4R0H1D00F,1W9DL31001461C,1ZMLH8300204F0,1Z6PH74DAP0QN7,"Corona, CA",728.3,5.7,137.7,8.547347,2.013246,0,0,DJI Matrice 300 RTK,M300 RTK,1ZN7L4R0H1D00F,1W9DL31001461C,1ZMLH8300204F0,1Z6PH74DAP0QN7,DJI Pilot,Android,7.0.2,1EF72A62-B7C3-C88D-164E-CE6F8C8424AE,1ZN7L4R0H1D00F,1W9DL31001461C,,1ZMLH8300204F0,1W9DL31001461C,,,,,
2023-11-01,11:29:41.74 AM,5m 19.4s,319.4,33.8004340287358,-117.472123779227,120.7,137.7,19.3,1384,2468.5,6.405621,6.94893,-5.816044,2.23694,-2.684328,1.342164,0.671082,0.894776,-2.7,0.3,2.7,-154.3,205.7,204.5,Tripod,Other,,20,5,True,,True,False,,Smart,RC,False,True,False,,,True,,False,False,False,False,False,False,False,False,False,False,0,Follow Yaw,-77.9,0,-162.6,197.4,False,False,False,False,False,,0,0,False,False,No Card,100,100,1024,1373,729,1024,2,False,False,False,False,False,0,False,False,False,False,83,,47.28,,8336,,10044,,47.28,,True,3.939,3.939,3.939,3.939,3.939,3.939,3.939,3.939,3.939,3.939,3.939,3.939,0,,False,False,True,,,,,,,,,,,,,,,False,False,18.84,,94.4,,75.7,,94.4,,1600,69,12,18,7,140962.7,18795.02,,Idle,,20,,10,,,20,Go Home,False,False,False,False,False,False,False,False,False,False,False,False,33.8027920380556,-117.4659261431046,2066.3,2972.0,1049.4,396.9,True,1,1,False,False,False,False,,True,False,False,Course Lock,196.8,67,16.4,93,NE,S,1.11,11.4,Calm,False,False,Android,7.0.2,M300 RTK,1ZN7L4R0H1D00F,1W9DL31001461C,1ZMLH8300204F0,1Z6PH74DAP0QN7,"Corona, CA",728.3,5.7,137.7,8.547347,2.013246,0,0,DJI Matrice 300 RTK,M300 RTK,1ZN7L4R0H1D00F,1W9DL31001461C,1ZMLH8300204F0,1Z6PH74DAP0QN7,DJI Pilot,Android,7.0.2,1EF72A62-B7C3-C88D-164E-CE6F8C8424AE,1ZN7L4R0H1D00F,1W9DL31001461C,,1ZMLH8300204F0,1W9DL31001461C,,,,,
2023-11-01,11:29:41.84 AM,5m 19.5s,319.5,33.8004314672728,-117.4721250640501,120.7,137.7,19.0,1384,2469.5,6.405621,6.94893,-5.816044,2.23694,-2.684328,1.342164,0.671082,0.894776,-2.8,0.3,2.8,-154.3,205.7,202.6,Tripod,Other,,20,5,True,,True,False,,Smart,RC,False,True,False,,,True,,False,False,False,False,False,False,False,False,False,False,0,Follow Yaw,-77.9,0,-162.7,197.3,False,False,False,False,False,,0,0,False,False,No Card,100,100,1024,1374,741,1024,2,False,False,False,False,False,0,False,False,False,False,83,,47.28,,8336,,10044,,47.28,,True,3.939,3.939,3.939,3.939,3.939,3.939,3.939,3.939,3.939,3.939,3.939,3.939,0,,False,False,True,,,,,,,,,,,,,,,False,False,18.84,,94.4,,75.7,,94.4,,1600,69,12,18,7,140962.7,18795.02,,Idle,,20,,10,,,20,Go Home,False,False,False,False,False,False,False,False,False,False,False,False,33.8027920380556,-117.4659261431046,2067.1,2972.0,1049.4,396.9,True,1,1,False,False,False,False,,True,False,False,Course Lock,196.8,67,16.4,93,NE,S,1.11,11.4,Calm,False,False,Android,7.0.2,M300 RTK,1ZN7L4R0H1D00F,1W9DL31001461C,1ZMLH8300204F0,1Z6PH74DAP0QN7,"Corona, CA",728.3,5.7,137.7,8.547347,2.013246,0,0,DJI Matrice 300 RTK,M300 RTK,1ZN7L4R0H1D00F,1W9DL31001461C,1ZMLH8300204F0,1Z6PH74DAP0QN7,DJI Pilot,Android,7.0.2,1EF72A62-B7C3-C88D-164E-CE6F8C8424AE,1ZN7L4R0H1D00F,1W9DL31001461C,,1ZMLH8300204F0,1W9DL31001461C,,,,,
2023-11-01,11:29:41.94 AM,5m 19.6s,319.6,33.8004290001102,-117.4721264118774,120.7,137.7,19.0,1384,2470.5,6.405621,6.94893,-5.816044,2.23694,-2.684328,1.342164,0.671082,0.894776,-2.9,0.2,2.9,-154.3,205.7,204.4,Tripod,Other,,21,5,True,,True,False,,Smart,RC,False,True,False,,,True,,False,False,False,False,False,False,False,False,False,False,0,Follow Yaw,-77.9,0,-162.7,197.3,False,False,False,False,False,,0,0,False,False,No Card,100,100,1024,1375,764,1024,2,False,False,False,False,False,0,False,False,False,False,83,,47.28,,8336,,10044,,47.28,,True,3.939,3.939,3.939,3.939,3.939,3.939,3.939,3.939,3.939,3.939,3.939,3.939,0,,False,False,True,,,,,,,,,,,,,,,False,False,18.84,,94.4,,75.7,,94.4,,1600,69,12,18,7,140962.7,18795.02,,Idle,,20,,10,,,20,Go Home,False,False,False,False,False,False,False,False,False,False,False,False,33.8027920380556,-117.4659261431046,2067.8,2972.0,1049.4,396.9,True,1,1,False,False,False,False,,True,False,False,Course Lock,196.8,67,16.4,93,NE,S,1.11,11.4,Calm,False,False,Android,7.0.2,M300 RTK,1ZN7L4R0H1D00F,1W9DL31001461C,1ZMLH8300204F0,1Z6PH74DAP0QN7,"Corona, CA",728.3,5.7,137.7,8.547347,2.013246,0,0,DJI Matrice 300 RTK,M300 RTK,1ZN7L4R0H1D00F,1W9DL31001461C,1ZMLH8300204F0,1Z6PH74DAP0QN7,DJI Pilot,Android,7.0.2,1EF72A62-B7C3-C88D-164E-CE6F8C8424AE,1ZN7L4R0H1D00F,1W9DL31001461C,,1ZMLH8300204F0,1W9DL31001461C,,,,,
2023-11-01,11:29:42.04 AM,5m 19.7s,319.7,33.8004266031246,-117.4721277720746,120.4,137.7,19.0,1384,2471.5,6.405621,6.94893,-5.816044,2.23694,-2.684328,1.342164,0.671082,0.894776,-2.9,0.1,2.9,-154.4,205.6,205.2,Tripod,Other,,21,5,True,,True,False,,Smart,RC,False,True,False,,,True,,False,False,False,False,False,False,False,False,False,False,0,Follow Yaw,-77.9,0,-162.6,197.4,False,False,False,False,False,,0,0,False,False,No Card,100,100,1024,1375,777,1024,2,False,False,False,False,False,0,False,False,False,False,83,,47.28,,8336,,10044,,47.28,,True,3.939,3.939,3.939,3.939,3.939,3.939,3.939,3.939,3.939,3.939,3.939,3.939,0,,False,False,True,,,,,,,,,,,,,,,False,False,18.84,,94.4,,75.7,,94.4,,1600,69,12,18,7,140962.7,18795.02,,Idle,,20,,10,,,20,Go Home,False,False,False,False,False,False,False,False,False,False,False,False,33.8027920380556,-117.4659261431046,2068.6,2972.0,1049.4,396.9,True,1,1,False,False,False,False,,True,False,False,Course Lock,196.8,67,16.4,93,NE,S,1.11,11.4,Calm,False,False,Android,7.0.2,M300 RTK,1ZN7L4R0H1D00F,1W9DL31001461C,1ZMLH8300204F0,1Z6PH74DAP0QN7,"Corona, CA",728.3,5.7,137.7,8.547347,2.013246,0,0,DJI Matrice 300 RTK,M300 RTK,1ZN7L4R0H1D00F,1W9DL31001461C,1ZMLH8300204F0,1Z6PH74DAP0QN7,DJI Pilot,Android,7.0.2,1EF72A62-B7C3-C88D-164E-CE6F8C8424AE,1ZN7L4R0H1D00F,1W9DL31001461C,,1ZMLH8300204F0,1W9DL31001461C,,,,,
2023-11-01,11:29:42.14 AM,5m 19.8s,319.8,33.8004241414446,-117.4721291260044,120.4,137.7,19.0,1384,2472.5,6.405621,6.94893,-5.816044,2.23694,-2.684328,1.342164,0.671082,0.894776,-2.8,0.1,2.8,-154.4,205.6,204.5,Tripod,Other,,21,5,True,,True,False,,Smart,RC,False,True,False,,,True,,False,False,False,False,False,False,False,False,False,False,0,Follow Yaw,-77.9,0,-162.7,197.3,False,False,False,False,False,,0,0,False,False,No Card,100,100,1024,1376,779,1024,2,False,False,False,False,False,0,False,False,False,False,83,,47.28,,8336,,10044,,47.28,,True,3.939,3.939,3.939,3.939,3.939,3.939,3.939,3.939,3.939,3.939,3.939,3.939,0,,False,False,True,,,,,,,,,,,,,,,False,False,18.84,,94.4,,75.7,,94.4,,1600,69,12,18,7,140962.7,18795.02,,Idle,,20,,10,,,20,Go Home,False,False,False,False,False,False,False,False,False,False,False,False,33.8027920380556,-117.4659261431046,2069.3,2972.0,1049.4,396.9,True,1,1,False,False,False,False,,True,False,False,Course Lock,196.8,67,16.4,93,NE,S,1.11,11.4,Calm,False,False,Android,7.0.2,M300 RTK,1ZN7L4R0H1D00F,1W9DL31001461C,1ZMLH8300204F0,1Z6PH74DAP0QN7,"Corona, CA",728.3,5.7,137.7,8.547347,2.013246,0,0,DJI Matrice 300 RTK,M300 RTK,1ZN7L4R0H1D00F,1W9DL31001461C,1ZMLH8300204F0,1Z6PH74DAP0QN7,DJI Pilot,Android,7.0.2,1EF72A62-B7C3-C88D-164E-CE6F8C8424AE,1ZN7L4R0H1D00F,1W9DL31001461C,,1ZMLH8300204F0,1W9DL31001461C,,,,,
2023-11-01,11:29:42.24 AM,5m 19.9s,319.9,33.8004215679198,-117.47213050253,120.4,137.7,19.0,1384,2473.5,6.405621,6.94893,-5.816044,2.23694,-2.684328,1.342164,0.671082,0.894776,-2.5,0.1,2.5,-154.4,205.6,203.9,Tripod,Other,,21,5,True,,True,False,,Smart,RC,False,True,False,,,True,,False,False,False,False,False,False,False,False,False,False,0,Follow Yaw,-77.9,0,-162.6,197.4,False,False,False,False,False,,0,0,False,False,No Card,100,100,1024,1375,773,1024,2,False,False,False,False,False,0,False,False,False,False,83,,47.28,,8336,,10044,,47.28,,True,3.939,3.939,3.939,3.939,3.939,3.939,3.939,3.939,3.939,3.939,3.939,3.939,0,,False,False,True,,,,,,,,,,,,,,,False,False,18.84,,94.4,,75.7,,94.4,,1600,69,12,18,7,140962.7,18795.02,,Idle,,20,,10,,,20,Go Home,False,False,False,False,False,False,False,False,False,False,False,False,33.8027920380556,-117.4659261431046,2070.1,2972.0,1049.4,396.9,True,1,1,False,False,False,False,,True,False,False,Course Lock,196.8,67,16.4,93,NE,S,1.11,11.4,Calm,False,False,Android,7.0.2,M300 RTK,1ZN7L4R0H1D00F,1W9DL31001461C,1ZMLH8300204F0,1Z6PH74DAP0QN7,"Corona, CA",728.3,5.7,137.7,8.547347,2.013246,0,0,DJI Matrice 300 RTK,M300 RTK,1ZN7L4R0H1D00F,1W9DL31001461C,1ZMLH8300204F0,1Z6PH74DAP0QN7,DJI Pilot,Android,7.0.2,1EF72A62-B7C3-C88D-164E-CE6F8C8424AE,1ZN7L4R0H1D00F,1W9DL31001461C,,1ZMLH8300204F0,1W9DL31001461C,,,,,
2023-11-01,11:29:42.34 AM,5m 20.0s,320.0,33.8004190991124,-117.4721318566247,120.0,137.7,19.0,1384,2474.5,6.405621,6.94893,-5.816044,2.23694,-2.684328,1.342164,0.447388,0.894776,-2.4,0.1,2.4,-154.4,205.6,204.5,Tripod,Other,,21,5,True,,True,False,,Smart,RC,False,True,False,,,True,,False,False,False,False,False,False,False,False,False,False,0,Follow Yaw,-77.9,0,-162.7,197.3,False,False,False,False,False,,0,0,False,False,No Card,100,100,1024,1374,764,1024,2,False,False,False,False,False,0,False,False,False,False,83,,47.328,,8336,,10044,,47.328,,True,3.939,3.939,3.939,3.939,3.939,3.939,3.939,3.939,3.939,3.939,3.939,3.939,0,,False,False,True,,,,,,,,,,,,,,,False,False,18.456,,94.4,,75.7,,94.4,,1600,69,12,18,7,140962.7,18795.02,,Idle,,20,,10,,,20,Go Home,False,False,False,False,False,False,False,False,False,False,False,False,33.8027920380556,-117.4659261431046,2070.8,2972.0,1049.4,396.9,True,1,1,False,False,False,False,,True,False,False,Course Lock,196.8,67,16.4,93,NE,S,0.89,11.4,Calm,False,False,Android,7.0.2,M300 RTK,1ZN7L4R0H1D00F,1W9DL31001461C,1ZMLH8300204F0,1Z6PH74DAP0QN7,"Corona, CA",728.3,5.7,137.7,8.547347,2.013246,0,0,DJI Matrice 300 RTK,M300 RTK,1ZN7L4R0H1D00F,1W9DL31001461C,1ZMLH8300204F0,1Z6PH74DAP0QN7,DJI Pilot,Android,7.0.2,1EF72A62-B7C3-C88D-164E-CE6F8C8424AE,1ZN7L4R0H1D00F,1W9DL31001461C,,1ZMLH8300204F0,1W9DL31001461C,,,,,
2023-11-01,11:29:42.44 AM,5m 20.1s,320.1,33.8004166922582,-117.4721331907626,120.0,137.7,19.0,1384,2475.5,6.405621,6.94893,-5.816044,2.23694,-2.684328,1.342164,0.447388,0.894776,-2.5,0.2,2.5,-154.4,205.6,204.7,Tripod,Other,,21,5,True,,True,False,,Smart,RC,False,True,False,,,True,,False,False,False,False,False,False,False,False,False,False,0,Follow Yaw,-77.9,0,-162.7,197.3,False,False,False,False,False,,0,0,False,False,No Card,100,100,1024,1374,764,1024,2,False,False,False,False,False,0,False,False,False,False,83,,47.328,,8336,,10044,,47.328,,True,3.939,3.939,3.939,3.939,3.939,3.939,3.939,3.939,3.939,3.939,3.939,3.939,0,,False,False,True,,,,,,,,,,,,,,,False,False,18.456,,94.4,,75.7,,94.4,,1600,69,12,18,7,140962.7,18795.02,,Idle,,20,,10,,,20,Go Home,False,False,False,False,False,False,False,False,False,False,False,False,33.8027920380556,-117.4659261431046,2071.6,2972.0,1049.4,396.9,True,1,1,False,False,False,False,,True,False,False,Course Lock,196.8,67,16.4,93,NE,S,0.89,11.4,Calm,False,False,Android,7.0.2,M300 RTK,1ZN7L4R0H1D00F,1W9DL31001461C,1ZMLH8300204F0,1Z6PH74DAP0QN7,"Corona, CA",728.3,5.7,137.7,8.547347,2.013246,0,0,DJI Matrice 300 RTK,M300 RTK,1ZN7L4R0H1D00F,1W9DL31001461C,1ZMLH8300204F0,1Z6PH74DAP0QN7,DJI Pilot,Android,7.0.2,1EF72A62-B7C3-C88D-164E-CE6F8C8424AE,1ZN7L4R0H1D00F,1W9DL31001461C,,1ZMLH8300204F0,1W9DL31001461C,,,,,
2023-11-01,11:29:42.52 AM,5m 20.2s,320.2,33.8004142349642,-117.4721345415586,120.0,137.7,19.0,1384,2476.4,6.405621,6.94893,-5.816044,2.23694,-2.684328,1.342164,0.447388,0.894776,-2.7,0.5,2.7,-154.4,205.6,204.5,Tripod,Other,,21,5,True,,True,False,,Smart,RC,False,True,False,,,True,,False,False,False,False,False,False,False,False,False,False,0,Follow Yaw,-77.9,0,-162.7,197.3,False,False,False,False,False,,0,0,False,False,No Card,100,100,1024,1376,763,1024,2,False,False,False,False,False,0,False,False,False,False,83,,47.328,,8336,,10044,,47.328,,True,3.939,3.939,3.939,3.939,3.939,3.939,3.939,3.939,3.939,3.939,3.939,3.939,0,,False,False,True,,,,,,,,,,,,,,,False,False,18.456,,94.4,,75.7,,94.4,,1600,69,12,18,7,140962.7,18795.02,,Idle,,20,,10,,,20,Go Home,False,False,False,False,False,False,False,False,False,False,False,False,33.8027920380556,-117.4659261431046,2072.3,2972.0,1049.4,396.9,True,1,1,False,False,False,False,,True,False,False,Course Lock,196.8,67,16.4,93,NE,S,0.89,11.4,Calm,False,False,Android,7.0.2,M300 RTK,1ZN7L4R0H1D00F,1W9DL31001461C,1ZMLH8300204F0,1Z6PH74DAP0QN7,"Corona, CA",728.3,5.7,137.7,8.547347,2.013246,0,0,DJI Matrice 300 RTK,M300 RTK,1ZN7L4R0H1D00F,1W9DL31001461C,1ZMLH8300204F0,1Z6PH74DAP0QN7,DJI Pilot,Android,7.0.2,1EF72A62-B7C3-C88D-164E-CE6F8C8424AE,1ZN7L4R0H1D00F,1W9DL31001461C,,1ZMLH8300204F0,1W9DL31001461C,,,,,
2023-11-01,11:29:42.64 AM,5m 20.3s,320.3,33.8004116724047,-117.472135874542,119.7,137.7,19.0,1384,2477.5,6.405621,6.94893,-5.816044,2.23694,-2.684328,1.342164,0.447388,0.894776,-2.7,0.6,2.7,-154.4,205.6,203.3,Tripod,Other,,21,5,True,,True,False,,Smart,RC,False,True,False,,,True,,False,False,False,False,False,False,False,False,False,False,0,Follow Yaw,-77.9,0,-162.7,197.3,False,False,False,False,False,,0,0,False,False,No Card,100,100,1024,1374,753,1024,2,False,False,False,False,False,0,False,False,False,False,83,,47.328,,8336,,10044,,47.328,,True,3.941,3.941,3.941,3.941,3.941,3.941,3.941,3.941,3.941,3.941,3.941,3.941,0,,False,False,True,,,,,,,,,,,,,,,False,False,18.456,,94.4,,75.7,,94.4,,1599,69,12,18,7,141191.9,18825.59,,Idle,,20,,10,,,20,Go Home,False,False,False,False,False,False,False,False,False,False,False,False,33.8027920380556,-117.4659261431046,2073.1,2972.0,1049.4,396.9,True,1,1,False,False,False,False,,True,False,False,Course Lock,196.8,67,16.4,93,NE,S,0.89,11.4,Calm,False,False,Android,7.0.2,M300 RTK,1ZN7L4R0H1D00F,1W9DL31001461C,1ZMLH8300204F0,1Z6PH74DAP0QN7,"Corona, CA",728.3,5.7,137.7,8.547347,2.013246,0,0,DJI Matrice 300 RTK,M300 RTK,1ZN7L4R0H1D00F,1W9DL31001461C,1ZMLH8300204F0,1Z6PH74DAP0QN7,DJI Pilot,Android,7.0.2,1EF72A62-B7C3-C88D-164E-CE6F8C8424AE,1ZN7L4R0H1D00F,1W9DL31001461C,,1ZMLH8300204F0,1W9DL31001461C,,,,,
2023-11-01,11:29:42.73 AM,5m 20.4s,320.4,33.8004092151107,-117.4721372334198,119.7,137.7,19.0,1384,2478.4,6.405621,6.94893,-5.816044,2.23694,-2.684328,1.342164,0.447388,0.894776,-2.8,0.4,2.8,-154.4,205.6,204.6,Tripod,Other,,21,5,True,,True,False,,Smart,RC,False,True,False,,,True,,False,False,False,False,False,False,False,False,False,False,0,Follow Yaw,-77.9,0,-162.7,197.3,False,False,False,False,False,,0,0,False,False,No Card,100,100,1024,1372,752,1024,2,False,False,False,False,False,0,False,False,False,False,83,,47.328,,8336,,10044,,47.328,,True,3.941,3.941,3.941,3.941,3.941,3.941,3.941,3.941,3.941,3.941,3.941,3.941,0,,False,False,True,,,,,,,,,,,,,,,False,False,18.456,,94.4,,75.7,,94.4,,1599,69,12,18,7,141191.9,18825.59,,Idle,,20,,10,,,20,Go Home,False,False,False,False,False,False,False,False,False,False,False,False,33.8027920380556,-117.4659261431046,2073.8,2972.0,1049.4,396.9,True,1,1,False,False,False,False,,True,False,False,Course Lock,196.8,67,16.4,93,NE,S,0.89,11.4,Calm,False,False,Android,7.0.2,M300 RTK,1ZN7L4R0H1D00F,1W9DL31001461C,1ZMLH8300204F0,1Z6PH74DAP0QN7,"Corona, CA",728.3,5.7,137.7,8.547347,2.013246,0,0,DJI Matrice 300 RTK,M300 RTK,1ZN7L4R0H1D00F,1W9DL31001461C,1ZMLH8300204F0,1Z6PH74DAP0QN7,DJI Pilot,Android,7.0.2,1EF72A62-B7C3-C88D-164E-CE6F8C8424AE,1ZN7L4R0H1D00F,1W9DL31001461C,,1ZMLH8300204F0,1W9DL31001461C,,,,,
2023-11-01,11:29:42.83 AM,5m 20.5s,320.5,33.8004068329281,-117.472138435117,119.7,137.7,19.0,1384,2479.4,6.405621,6.94893,-5.816044,2.23694,-2.684328,1.342164,0.447388,0.894776,-3,0.1,3,-154.4,205.6,202.7,Tripod,Other,,21,5,True,,True,False,,Smart,RC,False,True,False,,,True,,False,False,False,False,False,False,False,False,False,False,0,Follow Yaw,-77.9,0,-162.7,197.3,False,False,False,False,False,,0,0,False,False,No Card,100,100,1024,1371,755,1024,2,False,False,False,False,False,0,False,False,False,False,83,,47.328,,8336,,10044,,47.328,,True,3.941,3.941,3.941,3.941,3.941,3.941,3.941,3.941,3.941,3.941,3.941,3.941,0,,False,False,True,,,,,,,,,,,,,,,False,False,18.456,,94.4,,75.7,,94.4,,1599,69,12,18,7,141191.9,18825.59,,Idle,,20,,10,,,20,Go Home,False,False,False,False,False,False,False,False,False,False,False,False,33.8027920380556,-117.4659261431046,2074.5,2972.0,1049.4,396.9,True,1,1,False,False,False,False,,True,False,False,Course Lock,196.8,67,16.4,93,NE,S,0.89,11.4,Calm,False,False,Android,7.0.2,M300 RTK,1ZN7L4R0H1D00F,1W9DL31001461C,1ZMLH8300204F0,1Z6PH74DAP0QN7,"Corona, CA",728.3,5.7,137.7,8.547347,2.013246,0,0,DJI Matrice 300 RTK,M300 RTK,1ZN7L4R0H1D00F,1W9DL31001461C,1ZMLH8300204F0,1Z6PH74DAP0QN7,DJI Pilot,Android,7.0.2,1EF72A62-B7C3-C88D-164E-CE6F8C8424AE,1ZN7L4R0H1D00F,1W9DL31001461C,,1ZMLH8300204F0,1W9DL31001461C,,,,,
2023-11-01,11:29:42.93 AM,5m 20.6s,320.6,33.8004043849545,-117.4721397832742,119.7,137.7,19.0,1384,2480.4,6.405621,6.94893,-5.816044,2.23694,-2.684328,1.342164,0.447388,0.894776,-3.2,0,3.2,-154.5,205.5,204.5,Tripod,Other,,21,5,True,,True,False,,Smart,RC,False,True,False,,,True,,False,False,False,False,False,False,False,False,False,False,0,Follow Yaw,-77.9,0,-162.7,197.3,False,False,False,False,False,,0,0,False,False,No Card,100,100,1024,1372,758,1024,2,False,False,False,False,False,0,False,False,False,False,83,,47.328,,8336,,10044,,47.328,,True,3.941,3.941,3.941,3.941,3.941,3.941,3.941,3.941,3.941,3.941,3.941,3.941,0,,False,False,True,,,,,,,,,,,,,,,False,False,18.456,,94.4,,75.7,,94.4,,1599,69,12,18,7,141191.9,18825.59,,Idle,,20,,10,,,20,Go Home,False,False,False,False,False,False,False,False,False,False,False,False,33.8027920380556,-117.4659261431046,2075.2,2972.0,1049.4,396.9,True,1,1,False,False,False,False,,True,False,False,Course Lock,196.8,67,16.4,93,NE,S,0.89,11.4,Calm,False,False,Android,7.0.2,M300 RTK,1ZN7L4R0H1D00F,1W9DL31001461C,1ZMLH8300204F0,1Z6PH74DAP0QN7,"Corona, CA",728.3,5.7,137.7,8.547347,2.013246,0,0,DJI Matrice 300 RTK,M300 RTK,1ZN7L4R0H1D00F,1W9DL31001461C,1ZMLH8300204F0,1Z6PH74DAP0QN7,DJI Pilot,Android,7.0.2,1EF72A62-B7C3-C88D-164E-CE6F8C8424AE,1ZN7L4R0H1D00F,1W9DL31001461C,,1ZMLH8300204F0,1W9DL31001461C,,,,,
2023-11-01,11:29:43.04 AM,5m 20.7s,320.7,33.8004017955303,-117.4721411771176,119.4,137.7,19.0,1383,2481.4,6.405621,6.94893,-5.816044,2.23694,-2.684328,1.342164,0.447388,0.894776,-3.1,-0.3,3.1,-154.6,205.4,204.0,Tripod,Other,,21,5,True,,True,False,,Smart,RC,False,True,False,,,True,,False,False,False,False,False,False,False,False,False,False,0,Follow Yaw,-77.9,0,-162.7,197.3,False,False,False,False,False,,0,0,False,False,No Card,100,100,1024,1373,762,1024,2,False,False,False,False,False,0,False,False,False,False,83,,47.412,,4138,,4986,,47.412,,True,3.941,3.941,3.941,3.941,3.941,3.941,3.941,3.941,3.941,3.941,3.941,3.941,0,,False,False,True,,,,,,,,,,,,,,,False,False,8.956,,94.4,,75.7,,94.4,,1599,69,12,18,7,141191.9,18825.59,,Idle,,20,,10,,,20,Go Home,False,False,False,False,False,False,False,False,False,False,False,False,33.8027920380556,-117.4659261431046,2076.0,2972.0,1049.4,396.9,True,1,1,False,False,False,False,,True,False,False,Course Lock,196.8,67,16.4,93,NE,S,0.89,11.4,Calm,False,False,Android,7.0.2,M300 RTK,1ZN7L4R0H1D00F,1W9DL31001461C,1ZMLH8300204F0,1Z6PH74DAP0QN7,"Corona, CA",728.3,5.7,137.7,8.547347,2.013246,0,0,DJI Matrice 300 RTK,M300 RTK,1ZN7L4R0H1D00F,1W9DL31001461C,1ZMLH8300204F0,1Z6PH74DAP0QN7,DJI Pilot,Android,7.0.2,1EF72A62-B7C3-C88D-164E-CE6F8C8424AE,1ZN7L4R0H1D00F,1W9DL31001461C,,1ZMLH8300204F0,1W9DL31001461C,,,,,
2023-11-01,11:29:43.14 AM,5m 20.8s,320.8,33.8003993119199,-117.4721425264292,119.4,137.7,19.0,1383,2482.4,6.609391,6.94893,-6.039738,2.23694,-2.684328,1.342164,0.447388,0.894776,-2.8,-0.3,2.8,-154.7,205.3,204.2,Tripod,Other,,21,5,True,,True,False,,Smart,RC,False,True,False,,,True,,False,False,False,False,False,False,False,False,False,False,0,Follow Yaw,-77.9,0,-162.7,197.3,False,False,False,False,False,,0,0,False,False,No Card,100,100,1024,1373,762,1024,2,False,False,False,False,False,0,False,False,False,False,83,,47.412,,4138,,4986,,47.412,,True,3.941,3.941,3.941,3.941,3.941,3.941,3.941,3.941,3.941,3.941,3.941,3.941,0,,False,False,True,,,,,,,,,,,,,,,False,False,8.956,,94.4,,75.7,,94.4,,1599,69,12,18,7,141191.9,18825.59,,Idle,,20,,10,,,20,Go Home,False,False,False,False,False,False,False,False,False,False,False,False,33.8027920380556,-117.4659261431046,2076.8,2972.0,1049.4,396.9,True,1,1,False,False,False,False,,True,False,False,Course Lock,196.8,67,16.4,93,NE,S,0.89,11.4,Calm,False,False,Android,7.0.2,M300 RTK,1ZN7L4R0H1D00F,1W9DL31001461C,1ZMLH8300204F0,1Z6PH74DAP0QN7,"Corona, CA",728.3,5.7,137.7,8.547347,2.013246,0,0,DJI Matrice 300 RTK,M300 RTK,1ZN7L4R0H1D00F,1W9DL31001461C,1ZMLH8300204F0,1Z6PH74DAP0QN7,DJI Pilot,Android,7.0.2,1EF72A62-B7C3-C88D-164E-CE6F8C8424AE,1ZN7L4R0H1D00F,1W9DL31001461C,,1ZMLH8300204F0,1W9DL31001461C,,,,,
2023-11-01,11:29:43.25 AM,5m 20.9s,320.9,33.800396859012,-117.4721438665047,119.4,137.7,19.0,1383,2483.4,6.609391,6.94893,-6.039738,2.23694,-2.684328,1.342164,0.447388,0.894776,-2.7,-0.1,2.7,-154.7,205.3,204.4,Tripod,Other,,21,5,True,,True,False,,Smart,RC,False,True,False,,,True,,False,False,False,False,False,False,False,False,False,False,0,Follow Yaw,-77.9,0,-162.6,197.4,False,False,False,False,False,,0,0,False,False,No Card,100,100,1024,1375,760,1024,2,False,False,False,False,False,0,False,False,False,False,83,,47.412,,4138,,4986,,47.412,,True,3.941,3.941,3.941,3.941,3.941,3.941,3.941,3.941,3.941,3.941,3.941,3.941,0,,False,False,True,,,,,,,,,,,,,,,False,False,8.956,,94.4,,75.7,,94.4,,1599,69,12,18,7,141191.9,18825.59,,Idle,,20,,10,,,20,Go Home,False,False,False,False,False,False,False,False,False,False,False,False,33.8027920380556,-117.4659261431046,2077.5,2972.0,1049.4,396.9,True,1,1,False,False,False,False,,True,False,False,Course Lock,196.8,67,16.4,93,NE,S,0.89,11.4,Calm,False,False,Android,7.0.2,M300 RTK,1ZN7L4R0H1D00F,1W9DL31001461C,1ZMLH8300204F0,1Z6PH74DAP0QN7,"Corona, CA",728.3,5.7,137.7,8.547347,2.013246,0,0,DJI Matrice 300 RTK,M300 RTK,1ZN7L4R0H1D00F,1W9DL31001461C,1ZMLH8300204F0,1Z6PH74DAP0QN7,DJI Pilot,Android,7.0.2,1EF72A62-B7C3-C88D-164E-CE6F8C8424AE,1ZN7L4R0H1D00F,1W9DL31001461C,,1ZMLH8300204F0,1W9DL31001461C,,,,,
2023-11-01,11:29:43.34 AM,5m 21.0s,321.0,33.8003943616952,-117.4721452032816,119.4,137.7,19.0,1383,2484.4,6.609391,6.94893,-6.039738,2.23694,-2.684328,1.342164,0.447388,0.894776,-2.6,0.1,2.6,-154.6,205.4,203.9,Tripod,Other,,21,5,True,,True,False,,Smart,RC,False,True,False,,,True,,False,False,False,False,False,False,False,False,False,False,0,Follow Yaw,-77.9,0,-162.7,197.3,False,False,False,False,False,,0,0,False,False,No Card,100,100,1024,1374,753,1024,2,False,False,False,False,False,0,False,False,False,False,82,,47.46,,8285,,10044,,47.46,,True,3.941,3.941,3.941,3.941,3.941,3.941,3.941,3.941,3.941,3.941,3.941,3.941,0,,False,False,True,,,,,,,,,,,,,,,False,False,18.064,,94.4,,75.7,,94.4,,1599,69,12,18,7,141191.9,18825.59,,Idle,,20,,10,,,20,Go Home,False,False,False,False,False,False,False,False,False,False,False,False,33.8027920380556,-117.4659261431046,2078.3,2972.0,1049.4,396.9,True,1,1,False,False,False,False,,True,False,False,Course Lock,196.8,67,16.4,93,NE,S,0.89,11.4,Calm,False,False,Android,7.0.2,M300 RTK,1ZN7L4R0H1D00F,1W9DL31001461C,1ZMLH8300204F0,1Z6PH74DAP0QN7,"Corona, CA",728.3,5.7,137.7,8.547347,2.013246,0,0,DJI Matrice 300 RTK,M300 RTK,1ZN7L4R0H1D00F,1W9DL31001461C,1ZMLH8300204F0,1Z6PH74DAP0QN7,DJI Pilot,Android,7.0.2,1EF72A62-B7C3-C88D-164E-CE6F8C8424AE,1ZN7L4R0H1D00F,1W9DL31001461C,,1ZMLH8300204F0,1W9DL31001461C,,,,,
2023-11-01,11:29:43.44 AM,5m 21.1s,321.1,33.8003919022081,-117.4721465052576,119.0,137.7,19.0,1383,2485.4,6.609391,6.94893,-6.039738,2.23694,-2.684328,1.342164,0.447388,0.894776,-2.4,0.3,2.4,-154.6,205.4,203.7,Tripod,Other,,21,5,True,,True,False,,Smart,RC,False,True,False,,,True,,False,False,False,False,False,False,False,False,False,False,0,Follow Yaw,-77.9,0,-162.6,197.4,False,False,False,False,False,,0,0,False,False,No Card,100,100,1024,1370,753,1024,2,False,False,False,False,False,0,False,False,False,False,82,,47.46,,8285,,10044,,47.46,,True,3.941,3.941,3.941,3.941,3.941,3.941,3.941,3.941,3.941,3.941,3.941,3.941,0,,False,False,True,,,,,,,,,,,,,,,False,False,18.064,,94.4,,75.7,,94.4,,1599,69,12,18,7,141191.9,18825.59,,Idle,,20,,10,,,20,Go Home,False,False,False,False,False,False,False,False,False,False,False,False,33.8027920380556,-117.4659261431046,2079.0,2972.0,1049.4,396.9,True,1,1,False,False,False,False,,True,False,False,Course Lock,196.8,67,16.4,93,NE,S,0.89,11.4,Calm,False,False,Android,7.0.2,M300 RTK,1ZN7L4R0H1D00F,1W9DL31001461C,1ZMLH8300204F0,1Z6PH74DAP0QN7,"Corona, CA",728.3,5.7,137.7,8.547347,2.013246,0,0,DJI Matrice 300 RTK,M300 RTK,1ZN7L4R0H1D00F,1W9DL31001461C,1ZMLH8300204F0,1Z6PH74DAP0QN7,DJI Pilot,Android,7.0.2,1EF72A62-B7C3-C88D-164E-CE6F8C8424AE,1ZN7L4R0H1D00F,1W9DL31001461C,,1ZMLH8300204F0,1W9DL31001461C,,,,,
2023-11-01,11:29:43.54 AM,5m 21.2s,321.2,33.80038940215,-117.4721478389008,119.0,137.7,19.0,1383,2486.4,6.609391,6.94893,-6.039738,2.23694,-2.684328,1.342164,0.447388,0.894776,-2.1,0.5,2.1,-154.5,205.5,203.9,Tripod,Other,,21,5,True,,True,False,,Smart,RC,False,True,False,,,True,,False,False,False,False,False,False,False,False,False,False,0,Follow Yaw,-77.9,0,-162.7,197.3,False,False,False,False,False,,0,0,False,False,No Card,100,100,1024,1369,761,1024,2,False,False,False,False,False,0,False,False,False,False,82,,47.46,,8285,,10044,,47.46,,True,3.941,3.941,3.941,3.941,3.941,3.941,3.941,3.941,3.941,3.941,3.941,3.941,0,,False,False,True,,,,,,,,,,,,,,,False,False,18.064,,94.4,,75.7,,94.4,,1599,69,12,18,7,141191.9,18825.59,,Idle,,20,,10,,,20,Go Home,False,False,False,False,False,False,False,False,False,False,False,False,33.8027920380556,-117.4659261431046,2079.8,2972.0,1049.4,396.9,True,1,1,False,False,False,False,,True,False,False,Course Lock,196.8,67,16.4,93,NE,S,0.89,11.4,Calm,False,False,Android,7.0.2,M300 RTK,1ZN7L4R0H1D00F,1W9DL31001461C,1ZMLH8300204F0,1Z6PH74DAP0QN7,"Corona, CA",728.3,5.7,137.7,8.547347,2.013246,0,0,DJI Matrice 300 RTK,M300 RTK,1ZN7L4R0H1D00F,1W9DL31001461C,1ZMLH8300204F0,1Z6PH74DAP0QN7,DJI Pilot,Android,7.0.2,1EF72A62-B7C3-C88D-164E-CE6F8C8424AE,1ZN7L4R0H1D00F,1W9DL31001461C,,1ZMLH8300204F0,1W9DL31001461C,,,,,
2023-11-01,11:29:43.65 AM,5m 21.3s,321.3,33.80038684288,-117.4721491890371,119.0,137.7,19.0,1383,2487.4,6.609391,6.94893,-6.039738,2.23694,-2.684328,1.342164,0.447388,0.894776,-2,0.7,2.1,-154.4,205.6,203.6,Tripod,Other,,21,5,True,,True,False,,Smart,RC,False,True,False,,,True,,False,False,False,False,False,False,False,False,False,False,0,Follow Yaw,-77.9,0,-162.6,197.4,False,False,False,False,False,,0,0,False,False,No Card,100,100,1024,1372,761,1024,2,False,False,False,False,False,0,False,False,False,False,82,,47.46,,8285,,10044,,47.46,,True,3.951,3.951,3.951,3.951,3.951,3.951,3.951,3.951,3.951,3.951,3.951,3.951,0,,False,False,True,,,,,,,,,,,,,,,False,False,18.064,,94.4,,75.7,,94.4,,1598,70,12,18,7,141115.0,18815.34,,Idle,,20,,10,,,20,Go Home,False,False,False,False,False,False,False,False,False,False,False,False,33.8027920380556,-117.4659261431046,2080.5,2972.0,1049.4,396.9,True,1,1,False,False,False,False,,True,False,False,Course Lock,196.8,67,16.4,93,NE,S,0.89,11.4,Calm,False,False,Android,7.0.2,M300 RTK,1ZN7L4R0H1D00F,1W9DL31001461C,1ZMLH8300204F0,1Z6PH74DAP0QN7,"Corona, CA",728.3,5.7,137.7,8.547347,2.013246,0,0,DJI Matrice 300 RTK,M300 RTK,1ZN7L4R0H1D00F,1W9DL31001461C,1ZMLH8300204F0,1Z6PH74DAP0QN7,DJI Pilot,Android,7.0.2,1EF72A62-B7C3-C88D-164E-CE6F8C8424AE,1ZN7L4R0H1D00F,1W9DL31001461C,,1ZMLH8300204F0,1W9DL31001461C,,,,,
2023-11-01,11:29:43.75 AM,5m 21.4s,321.4,33.8003843559801,-117.4721505317515,119.0,137.7,19.0,1383,2488.4,6.405621,6.94893,-5.816044,2.23694,-2.684328,1.342164,0.447388,0.894776,-2.2,0.8,2.3,-154.3,205.7,204.1,Tripod,Other,,21,5,True,,True,False,,Smart,RC,False,True,False,,,True,,False,False,False,False,False,False,False,False,False,False,0,Follow Yaw,-77.9,0,-162.7,197.3,False,False,False,False,False,,0,0,False,False,No Card,100,100,1024,1372,761,1024,2,False,False,False,False,False,0,False,False,False,False,82,,47.46,,8285,,10044,,47.46,,True,3.951,3.951,3.951,3.951,3.951,3.951,3.951,3.951,3.951,3.951,3.951,3.951,0,,False,False,True,,,,,,,,,,,,,,,False,False,18.064,,94.4,,75.7,,94.4,,1598,70,12,18,7,141115.0,18815.34,,Idle,,20,,10,,,20,Go Home,False,False,False,False,False,False,False,False,False,False,False,False,33.8027920380556,-117.4659261431046,2081.3,2972.0,1049.4,396.9,True,1,1,False,False,False,False,,True,False,False,Course Lock,196.8,67,16.4,93,NE,S,0.89,11.4,Calm,False,False,Android,7.0.2,M300 RTK,1ZN7L4R0H1D00F,1W9DL31001461C,1ZMLH8300204F0,1Z6PH74DAP0QN7,"Corona, CA",728.3,5.7,137.7,8.547347,2.013246,0,0,DJI Matrice 300 RTK,M300 RTK,1ZN7L4R0H1D00F,1W9DL31001461C,1ZMLH8300204F0,1Z6PH74DAP0QN7,DJI Pilot,Android,7.0.2,1EF72A62-B7C3-C88D-164E-CE6F8C8424AE,1ZN7L4R0H1D00F,1W9DL31001461C,,1ZMLH8300204F0,1W9DL31001461C,,,,,
2023-11-01,11:29:43.85 AM,5m 21.5s,321.5,33.8003820357507,-117.4721519437375,118.7,137.7,19.0,1383,2489.3,6.405621,6.94893,-5.816044,2.23694,-2.684328,1.342164,0.447388,0.894776,-2.4,0.6,2.4,-154.4,205.6,206.8,Tripod,Other,,21,5,True,,True,False,,Smart,RC,False,True,False,,,True,,False,False,False,False,False,False,False,False,False,False,0,Follow Yaw,-77.9,0,-162.7,197.3,False,False,False,False,False,,0,0,False,False,No Card,100,100,1024,1371,759,1024,2,False,False,False,False,False,0,False,False,False,False,82,,47.46,,8285,,10044,,47.46,,True,3.951,3.951,3.951,3.951,3.951,3.951,3.951,3.951,3.951,3.951,3.951,3.951,0,,False,False,True,,,,,,,,,,,,,,,False,False,18.064,,94.4,,75.7,,94.4,,1598,70,12,18,7,141115.0,18815.34,,Idle,,20,,10,,,20,Go Home,False,False,False,False,False,False,False,False,False,False,False,False,33.8027920380556,-117.4659261431046,2082.0,2972.0,1049.4,396.9,True,1,1,False,False,False,False,,True,False,False,Course Lock,196.8,67,16.4,93,NE,S,0.89,11.4,Calm,False,False,Android,7.0.2,M300 RTK,1ZN7L4R0H1D00F,1W9DL31001461C,1ZMLH8300204F0,1Z6PH74DAP0QN7,"Corona, CA",728.3,5.7,137.7,8.547347,2.013246,0,0,DJI Matrice 300 RTK,M300 RTK,1ZN7L4R0H1D00F,1W9DL31001461C,1ZMLH8300204F0,1Z6PH74DAP0QN7,DJI Pilot,Android,7.0.2,1EF72A62-B7C3-C88D-164E-CE6F8C8424AE,1ZN7L4R0H1D00F,1W9DL31001461C,,1ZMLH8300204F0,1W9DL31001461C,,,,,
2023-11-01,11:29:43.94 AM,5m 21.6s,321.6,33.8003795784567,-117.4721532988218,118.7,137.7,19.0,1383,2490.3,6.405621,6.94893,-5.816044,2.23694,-2.684328,1.342164,0.447388,0.894776,-2.8,0,2.8,-154.5,205.5,204.6,Tripod,Other,,21,5,True,,True,False,,Smart,RC,False,True,False,,,True,,False,False,False,False,False,False,False,False,False,False,0,Follow Yaw,-77.9,0,-162.7,197.3,False,False,False,False,False,,0,0,False,False,No Card,100,100,1024,1370,756,1024,2,False,False,False,False,False,0,False,False,False,False,82,,47.46,,8285,,10044,,47.46,,True,3.951,3.951,3.951,3.951,3.951,3.951,3.951,3.951,3.951,3.951,3.951,3.951,0,,False,False,True,,,,,,,,,,,,,,,False,False,18.064,,94.4,,75.7,,94.4,,1598,70,12,18,7,141115.0,18815.34,,Idle,,20,,10,,,20,Go Home,False,False,False,False,False,False,False,False,False,False,False,False,33.8027920380556,-117.4659261431046,2082.8,2972.0,1049.4,396.9,True,1,1,False,False,False,False,,True,False,False,Course Lock,196.8,67,16.4,93,NE,S,0.89,11.4,Calm,False,False,Android,7.0.2,M300 RTK,1ZN7L4R0H1D00F,1W9DL31001461C,1ZMLH8300204F0,1Z6PH74DAP0QN7,"Corona, CA",728.3,5.7,137.7,8.547347,2.013246,0,0,DJI Matrice 300 RTK,M300 RTK,1ZN7L4R0H1D00F,1W9DL31001461C,1ZMLH8300204F0,1Z6PH74DAP0QN7,DJI Pilot,Android,7.0.2,1EF72A62-B7C3-C88D-164E-CE6F8C8424AE,1ZN7L4R0H1D00F,1W9DL31001461C,,1ZMLH8300204F0,1W9DL31001461C,,,,,
2023-11-01,11:29:44.06 AM,5m 21.7s,321.7,33.8003770932016,-117.472154700417,118.7,137.7,18.7,1383,2491.3,6.405621,6.94893,-5.816044,2.23694,-2.684328,1.342164,0.447388,0.894776,-3,-0.2,3,-154.5,205.5,205.1,Tripod,Other,,21,5,True,,True,False,,Smart,RC,False,True,False,,,True,,False,False,False,False,False,False,False,False,False,False,0,Follow Yaw,-77.9,0,-162.7,197.3,False,False,False,False,False,,0,0,False,False,No Card,100,100,1024,1370,756,1024,2,False,False,False,False,False,0,False,False,False,False,82,,47.46,,8285,,10044,,47.46,,True,3.951,3.951,3.951,3.951,3.951,3.951,3.951,3.951,3.951,3.951,3.951,3.951,0,,False,False,True,,,,,,,,,,,,,,,False,False,18.064,,94.4,,75.7,,94.4,,1598,70,12,18,7,141115.0,18815.34,,Idle,,20,,10,,,20,Go Home,False,False,False,False,False,False,False,False,False,False,False,False,33.8027920380556,-117.4659261431046,2083.5,2972.0,1049.4,396.9,True,1,1,False,False,False,False,,True,False,False,Course Lock,196.8,67,16.4,93,NE,S,0.89,11.4,Calm,False,False,Android,7.0.2,M300 RTK,1ZN7L4R0H1D00F,1W9DL31001461C,1ZMLH8300204F0,1Z6PH74DAP0QN7,"Corona, CA",728.3,5.7,137.7,8.547347,2.013246,0,0,DJI Matrice 300 RTK,M300 RTK,1ZN7L4R0H1D00F,1W9DL31001461C,1ZMLH8300204F0,1Z6PH74DAP0QN7,DJI Pilot,Android,7.0.2,1EF72A62-B7C3-C88D-164E-CE6F8C8424AE,1ZN7L4R0H1D00F,1W9DL31001461C,,1ZMLH8300204F0,1W9DL31001461C,,,,,
2023-11-01,11:29:44.16 AM,5m 21.8s,321.8,33.8003746370041,-117.4721560350497,118.4,137.7,19.0,1382,2492.3,6.405621,6.94893,-5.816044,2.23694,-2.684328,1.342164,0.447388,0.894776,-2.9,-0.1,2.9,-154.6,205.4,204.3,Tripod,Other,,21,5,True,,True,False,,Smart,RC,False,True,False,,,True,,False,False,False,False,False,False,False,False,False,False,0,Follow Yaw,-77.9,0,-162.7,197.3,False,False,False,False,False,,0,0,False,False,No Card,100,100,1024,1371,754,1045,2,False,False,False,False,False,0,False,False,False,False,82,,47.46,,8285,,10044,,47.46,,True,3.951,3.951,3.951,3.951,3.951,3.951,3.951,3.951,3.951,3.951,3.951,3.951,0,,False,False,True,,,,,,,,,,,,,,,False,False,18.064,,94.4,,75.7,,94.4,,1598,70,12,18,7,141115.0,18815.34,,Idle,,20,,10,,,20,Go Home,False,False,False,False,False,False,False,False,False,False,False,False,33.8027920380556,-117.4659261431046,2084.3,2972.0,1049.4,396.9,True,1,1,False,False,False,False,,True,False,False,Course Lock,196.8,67,16.4,93,NE,S,0.89,11.4,Calm,False,False,Android,7.0.2,M300 RTK,1ZN7L4R0H1D00F,1W9DL31001461C,1ZMLH8300204F0,1Z6PH74DAP0QN7,"Corona, CA",728.3,5.7,137.7,8.547347,2.013246,0,0,DJI Matrice 300 RTK,M300 RTK,1ZN7L4R0H1D00F,1W9DL31001461C,1ZMLH8300204F0,1Z6PH74DAP0QN7,DJI Pilot,Android,7.0.2,1EF72A62-B7C3-C88D-164E-CE6F8C8424AE,1ZN7L4R0H1D00F,1W9DL31001461C,,1ZMLH8300204F0,1W9DL31001461C,,,,,
2023-11-01,11:29:44.27 AM,5m 21.9s,321.9,33.8003722405668,-117.4721574968452,118.4,137.7,18.7,1382,2493.3,6.405621,6.94893,-5.816044,2.23694,-2.684328,1.342164,0.447388,0.894776,-2.7,0,2.7,-154.6,205.4,206.8,Tripod,Other,,21,5,True,,True,False,,Smart,RC,False,True,False,,,True,,False,False,False,False,False,False,False,False,False,False,0,Follow Yaw,-77.9,0,-162.7,197.3,False,False,False,False,False,,0,0,False,False,No Card,100,100,1024,1370,754,1043,2,False,False,False,False,False,0,False,False,False,False,83,,47.28,,4138,,4986,,47.28,,True,3.951,3.951,3.951,3.951,3.951,3.951,3.951,3.951,3.951,3.951,3.951,3.951,0,,False,False,True,,,,,,,,,,,,,,,False,False,9.33,,94.4,,75.7,,94.4,,1598,70,12,18,7,141115.0,18815.34,,Idle,,20,,10,,,20,Go Home,False,False,False,False,False,False,False,False,False,False,False,False,33.8027920380556,-117.4659261431046,2085.1,2972.0,1049.4,396.9,True,1,1,False,False,False,False,,True,False,False,Course Lock,196.8,67,16.4,93,NE,S,0.89,11.4,Calm,False,False,Android,7.0.2,M300 RTK,1ZN7L4R0H1D00F,1W9DL31001461C,1ZMLH8300204F0,1Z6PH74DAP0QN7,"Corona, CA",728.3,5.7,137.7,8.547347,2.013246,0,0,DJI Matrice 300 RTK,M300 RTK,1ZN7L4R0H1D00F,1W9DL31001461C,1ZMLH8300204F0,1Z6PH74DAP0QN7,DJI Pilot,Android,7.0.2,1EF72A62-B7C3-C88D-164E-CE6F8C8424AE,1ZN7L4R0H1D00F,1W9DL31001461C,,1ZMLH8300204F0,1W9DL31001461C,,,,,
2023-11-01,11:29:44.37 AM,5m 22.0s,322.0,33.8003697854659,-117.4721588138301,118.4,137.7,18.7,1382,2494.2,6.405621,6.94893,-5.816044,2.23694,-2.684328,1.342164,0.447388,0.894776,-2.7,0.4,2.7,-154.6,205.4,204.0,Tripod,Other,,21,5,True,,True,False,,Smart,RC,False,True,False,,,True,,False,False,False,False,False,False,False,False,False,False,0,Follow Yaw,-77.9,0,-162.6,197.4,False,False,False,False,False,,0,0,False,False,No Card,100,100,1024,1371,757,1024,2,False,False,False,False,False,0,False,False,False,False,82,,47.316,,8285,,10044,,47.316,,True,3.951,3.951,3.951,3.951,3.951,3.951,3.951,3.951,3.951,3.951,3.951,3.951,0,,False,False,True,,,,,,,,,,,,,,,False,False,18.78,,94.4,,75.7,,94.4,,1598,70,12,18,7,141115.0,18815.34,,Idle,,20,,10,,,20,Go Home,False,False,False,False,False,False,False,False,False,False,False,False,33.8027920380556,-117.4659261431046,2085.8,2972.0,1049.4,396.9,True,1,1,False,False,False,False,,True,False,False,Course Lock,196.8,67,16.4,93,NE,S,0.89,11.4,Calm,False,False,Android,7.0.2,M300 RTK,1ZN7L4R0H1D00F,1W9DL31001461C,1ZMLH8300204F0,1Z6PH74DAP0QN7,"Corona, CA",728.3,5.7,137.7,8.547347,2.013246,0,0,DJI Matrice 300 RTK,M300 RTK,1ZN7L4R0H1D00F,1W9DL31001461C,1ZMLH8300204F0,1Z6PH74DAP0QN7,DJI Pilot,Android,7.0.2,1EF72A62-B7C3-C88D-164E-CE6F8C8424AE,1ZN7L4R0H1D00F,1W9DL31001461C,,1ZMLH8300204F0,1W9DL31001461C,,,,,
2023-11-01,11:29:44.47 AM,5m 22.1s,322.1,33.8003673610674,-117.4721600561007,118.4,137.7,18.7,1382,2495.2,6.405621,6.94893,-5.816044,2.23694,-2.684328,1.342164,0.447388,0.894776,-2.9,0.7,2.9,-154.7,205.3,203.0,Tripod,Other,,21,5,True,,True,False,,Smart,RC,False,True,False,,,True,,False,False,False,False,False,False,False,False,False,False,0,Follow Yaw,-77.9,0,-162.7,197.3,False,False,False,False,False,,0,0,False,False,No Card,100,100,1024,1368,763,1024,2,False,False,False,False,False,0,False,False,False,False,82,,47.316,,8285,,10044,,47.316,,True,3.951,3.951,3.951,3.951,3.951,3.951,3.951,3.951,3.951,3.951,3.951,3.951,0,,False,False,True,,,,,,,,,,,,,,,False,False,18.78,,94.4,,75.7,,94.4,,1598,70,12,18,7,141115.0,18815.34,,Idle,,20,,10,,,20,Go Home,False,False,False,False,False,False,False,False,False,False,False,False,33.8027920380556,-117.4659261431046,2086.5,2972.0,1049.4,396.9,True,1,1,False,False,False,False,,True,False,False,Course Lock,196.8,67,16.4,93,NE,S,0.89,11.4,Calm,False,False,Android,7.0.2,M300 RTK,1ZN7L4R0H1D00F,1W9DL31001461C,1ZMLH8300204F0,1Z6PH74DAP0QN7,"Corona, CA",728.3,5.7,137.7,8.547347,2.013246,0,0,DJI Matrice 300 RTK,M300 RTK,1ZN7L4R0H1D00F,1W9DL31001461C,1ZMLH8300204F0,1Z6PH74DAP0QN7,DJI Pilot,Android,7.0.2,1EF72A62-B7C3-C88D-164E-CE6F8C8424AE,1ZN7L4R0H1D00F,1W9DL31001461C,,1ZMLH8300204F0,1W9DL31001461C,,,,,
2023-11-01,11:29:44.57 AM,5m 22.2s,322.2,33.8003649152868,-117.4721613678078,118.1,137.7,18.7,1382,2496.2,6.405621,6.94893,-5.816044,2.23694,-2.684328,1.342164,0.447388,0.894776,-3,0.9,3.1,-154.7,205.3,204.0,Tripod,Other,,21,5,True,,True,False,,Smart,RC,False,True,False,,,True,,False,False,False,False,False,False,False,False,False,False,0,Follow Yaw,-77.9,0,-162.7,197.3,False,False,False,False,False,,0,0,False,False,No Card,100,100,1024,1371,761,1024,2,False,False,False,False,False,0,False,False,False,False,82,,47.316,,8285,,10044,,47.316,,True,3.951,3.951,3.951,3.951,3.951,3.951,3.951,3.951,3.951,3.951,3.951,3.951,0,,False,False,True,,,,,,,,,,,,,,,False,False,18.78,,94.4,,75.7,,94.4,,1598,70,12,18,7,141115.0,18815.34,,Idle,,20,,10,,,20,Go Home,False,False,False,False,False,False,False,False,False,False,False,False,33.8027920380556,-117.4659261431046,2087.3,2972.0,1049.4,396.9,True,1,1,False,False,False,False,,True,False,False,Course Lock,196.8,67,16.4,93,NE,S,0.89,11.4,Calm,False,False,Android,7.0.2,M300 RTK,1ZN7L4R0H1D00F,1W9DL31001461C,1ZMLH8300204F0,1Z6PH74DAP0QN7,"Corona, CA",728.3,5.7,137.7,8.547347,2.013246,0,0,DJI Matrice 300 RTK,M300 RTK,1ZN7L4R0H1D00F,1W9DL31001461C,1ZMLH8300204F0,1Z6PH74DAP0QN7,DJI Pilot,Android,7.0.2,1EF72A62-B7C3-C88D-164E-CE6F8C8424AE,1ZN7L4R0H1D00F,1W9DL31001461C,,1ZMLH8300204F0,1W9DL31001461C,,,,,
2023-11-01,11:29:44.64 AM,5m 22.3s,322.3,33.8003622820019,-117.472162832902,118.1,137.7,18.7,1382,2497.2,6.405621,6.94893,-5.816044,2.23694,-2.684328,1.342164,0.447388,0.894776,-3.1,0.8,3.2,-154.8,205.2,204.8,Tripod,Other,,21,5,True,,True,False,,Smart,RC,False,True,False,,,True,,False,False,False,False,False,False,False,False,False,False,0,Follow Yaw,-77.9,0,-162.6,197.4,False,False,False,False,False,,0,0,False,False,No Card,100,100,1024,1369,756,1024,2,False,False,False,False,False,0,False,False,False,False,82,,47.316,,8285,,10044,,47.316,,True,3.949,3.949,3.949,3.949,3.949,3.949,3.949,3.949,3.949,3.949,3.949,3.949,0,,False,False,True,,,,,,,,,,,,,,,False,False,18.78,,94.4,,75.7,,94.4,,1597,70,12,18,7,140779.9,18770.66,,Idle,,20,,10,,,20,Go Home,False,False,False,False,False,False,False,False,False,False,False,False,33.8027920380556,-117.4659261431046,2088.1,2972.0,1049.4,396.9,True,1,1,False,False,False,False,,True,False,False,Course Lock,196.8,67,16.4,93,NE,S,0.89,11.4,Calm,False,False,Android,7.0.2,M300 RTK,1ZN7L4R0H1D00F,1W9DL31001461C,1ZMLH8300204F0,1Z6PH74DAP0QN7,"Corona, CA",728.3,5.7,137.7,8.547347,2.013246,0,0,DJI Matrice 300 RTK,M300 RTK,1ZN7L4R0H1D00F,1W9DL31001461C,1ZMLH8300204F0,1Z6PH74DAP0QN7,DJI Pilot,Android,7.0.2,1EF72A62-B7C3-C88D-164E-CE6F8C8424AE,1ZN7L4R0H1D00F,1W9DL31001461C,,1ZMLH8300204F0,1W9DL31001461C,,,,,
2023-11-01,11:29:44.74 AM,5m 22.4s,322.4,33.8003598214184,-117.4721641751216,118.1,137.7,18.7,1382,2498.2,6.405621,6.94893,-5.816044,2.23694,-2.684328,1.342164,0.447388,0.894776,-3.1,0.5,3.1,-154.9,205.1,204.3,Tripod,Other,,21,5,True,,True,False,,Smart,RC,False,True,False,,,True,,False,False,False,False,False,False,False,False,False,False,0,Follow Yaw,-77.9,0,-162.6,197.4,False,False,False,False,False,,0,0,False,False,No Card,100,100,1024,1368,763,1024,2,False,False,False,False,False,0,False,False,False,False,82,,47.316,,8285,,10044,,47.316,,True,3.949,3.949,3.949,3.949,3.949,3.949,3.949,3.949,3.949,3.949,3.949,3.949,0,,False,False,True,,,,,,,,,,,,,,,False,False,18.78,,94.4,,75.7,,94.4,,1597,70,12,18,7,140779.9,18770.66,,Idle,,20,,10,,,20,Go Home,False,False,False,False,False,False,False,False,False,False,False,False,33.8027920380556,-117.4659261431046,2088.8,2972.0,1049.4,396.9,True,1,1,False,False,False,False,,True,False,False,Course Lock,196.8,67,16.4,93,NE,S,0.89,11.4,Calm,False,False,Android,7.0.2,M300 RTK,1ZN7L4R0H1D00F,1W9DL31001461C,1ZMLH8300204F0,1Z6PH74DAP0QN7,"Corona, CA",728.3,5.7,137.7,8.547347,2.013246,0,0,DJI Matrice 300 RTK,M300 RTK,1ZN7L4R0H1D00F,1W9DL31001461C,1ZMLH8300204F0,1Z6PH74DAP0QN7,DJI Pilot,Android,7.0.2,1EF72A62-B7C3-C88D-164E-CE6F8C8424AE,1ZN7L4R0H1D00F,1W9DL31001461C,,1ZMLH8300204F0,1W9DL31001461C,,,,,
2023-11-01,11:29:44.84 AM,5m 22.5s,322.5,33.8003575900069,-117.472165647143,118.1,137.7,18.7,1382,2499.2,6.405621,6.94893,-5.816044,2.23694,-2.684328,1.342164,0.447388,0.894776,-2.9,0,2.9,-155,205,208.7,Tripod,Other,,21,5,True,,True,False,,Smart,RC,False,True,False,,,True,,False,False,False,False,False,False,False,False,False,False,0,Follow Yaw,-77.9,0,-162.6,197.4,False,False,False,False,False,,0,0,False,False,No Card,100,100,1024,1369,764,1024,2,False,False,False,False,False,0,False,False,False,False,82,,47.316,,8285,,10044,,47.316,,True,3.949,3.949,3.949,3.949,3.949,3.949,3.949,3.949,3.949,3.949,3.949,3.949,0,,False,False,True,,,,,,,,,,,,,,,False,False,18.78,,94.4,,75.7,,94.4,,1597,70,12,18,7,140779.9,18770.66,,Idle,,20,,10,,,20,Go Home,False,False,False,False,False,False,False,False,False,False,False,False,33.8027920380556,-117.4659261431046,2089.6,2972.0,1049.4,396.9,True,1,1,False,False,False,False,,True,False,False,Course Lock,196.8,67,16.4,93,NE,S,0.89,11.4,Calm,False,False,Android,7.0.2,M300 RTK,1ZN7L4R0H1D00F,1W9DL31001461C,1ZMLH8300204F0,1Z6PH74DAP0QN7,"Corona, CA",728.3,5.7,137.7,8.547347,2.013246,0,0,DJI Matrice 300 RTK,M300 RTK,1ZN7L4R0H1D00F,1W9DL31001461C,1ZMLH8300204F0,1Z6PH74DAP0QN7,DJI Pilot,Android,7.0.2,1EF72A62-B7C3-C88D-164E-CE6F8C8424AE,1ZN7L4R0H1D00F,1W9DL31001461C,,1ZMLH8300204F0,1W9DL31001461C,,,,,
2023-11-01,11:29:44.94 AM,5m 22.6s,322.6,33.8003551255855,-117.4721669849094,117.7,137.7,18.7,1382,2500.1,6.405621,6.94893,-5.816044,2.23694,-2.684328,1.342164,0.447388,0.894776,-2.3,0.1,2.3,-154.9,205.1,204.2,Tripod,Other,,22,5,True,,True,False,,Smart,RC,False,True,False,,,True,,False,False,False,False,False,False,False,False,False,False,0,Follow Yaw,-77.9,0,-162.6,197.4,False,False,False,False,False,,0,0,False,False,No Card,100,100,1024,1373,756,1024,2,False,False,False,False,False,0,False,False,False,False,82,,47.316,,8285,,10044,,47.316,,True,3.949,3.949,3.949,3.949,3.949,3.949,3.949,3.949,3.949,3.949,3.949,3.949,0,,False,False,True,,,,,,,,,,,,,,,False,False,18.78,,94.4,,75.7,,94.4,,1597,70,12,18,7,140779.9,18770.66,,Idle,,20,,10,,,20,Go Home,False,False,False,False,False,False,False,False,False,False,False,False,33.8027920380556,-117.4659261431046,2090.3,2972.0,1049.4,396.9,True,1,1,False,False,False,False,,True,False,False,Course Lock,196.8,67,16.4,93,NE,S,0.89,11.4,Calm,False,False,Android,7.0.2,M300 RTK,1ZN7L4R0H1D00F,1W9DL31001461C,1ZMLH8300204F0,1Z6PH74DAP0QN7,"Corona, CA",728.3,5.7,137.7,8.547347,2.013246,0,0,DJI Matrice 300 RTK,M300 RTK,1ZN7L4R0H1D00F,1W9DL31001461C,1ZMLH8300204F0,1Z6PH74DAP0QN7,DJI Pilot,Android,7.0.2,1EF72A62-B7C3-C88D-164E-CE6F8C8424AE,1ZN7L4R0H1D00F,1W9DL31001461C,,1ZMLH8300204F0,1W9DL31001461C,,,,,
2023-11-01,11:29:45.04 AM,5m 22.7s,322.7,33.800352794391,-117.4721681800093,117.7,137.7,18.7,1382,2501.1,6.609391,6.94893,-6.039738,2.23694,-2.684328,1.342164,0.447388,0.894776,-2.1,0.4,2.1,-154.8,205.2,203.0,Tripod,Other,,22,5,True,,True,False,,Smart,RC,False,True,False,,,True,,False,False,False,False,False,False,False,False,False,False,0,Follow Yaw,-77.9,0,-162.6,197.4,False,False,False,False,False,,0,0,False,False,No Card,100,100,1024,1375,755,1024,2,False,False,False,False,False,0,False,False,False,False,82,,47.316,,8285,,10044,,47.316,,True,3.949,3.949,3.949,3.949,3.949,3.949,3.949,3.949,3.949,3.949,3.949,3.949,0,,False,False,True,,,,,,,,,,,,,,,False,False,18.78,,94.4,,75.7,,94.4,,1597,70,12,18,7,140779.9,18770.66,,Idle,,20,,10,,,20,Go Home,False,False,False,False,False,False,False,False,False,False,False,False,33.8027920380556,-117.4659261431046,2091.0,2972.0,1049.4,396.9,True,1,1,False,False,False,False,,True,False,False,Course Lock,196.8,67,16.4,93,NE,S,0.89,11.4,Calm,False,False,Android,7.0.2,M300 RTK,1ZN7L4R0H1D00F,1W9DL31001461C,1ZMLH8300204F0,1Z6PH74DAP0QN7,"Corona, CA",728.3,5.7,137.7,8.547347,2.013246,0,0,DJI Matrice 300 RTK,M300 RTK,1ZN7L4R0H1D00F,1W9DL31001461C,1ZMLH8300204F0,1Z6PH74DAP0QN7,DJI Pilot,Android,7.0.2,1EF72A62-B7C3-C88D-164E-CE6F8C8424AE,1ZN7L4R0H1D00F,1W9DL31001461C,,1ZMLH8300204F0,1W9DL31001461C,,,,,
2023-11-01,11:29:45.14 AM,5m 22.8s,322.8,33.8003503288731,-117.4721694816555,117.7,137.7,18.7,1382,2502.1,6.609391,6.94893,-6.039738,2.23694,-2.684328,1.342164,0.447388,0.894776,-2.1,0.7,2.2,-154.7,205.3,203.6,Tripod,Other,,22,5,True,,True,False,,Smart,RC,False,True,False,,,True,,False,False,False,False,False,False,False,False,False,False,0,Follow Yaw,-77.9,0,-162.7,197.3,False,False,False,False,False,,0,0,False,False,No Card,100,100,1024,1366,763,1024,2,False,False,False,False,False,0,False,False,False,False,82,,47.316,,8285,,10044,,47.316,,True,3.949,3.949,3.949,3.949,3.949,3.949,3.949,3.949,3.949,3.949,3.949,3.949,0,,False,False,True,,,,,,,,,,,,,,,False,False,18.78,,94.4,,75.7,,94.4,,1597,70,12,18,7,140779.9,18770.66,,Idle,,20,,10,,,20,Go Home,False,False,False,False,False,False,False,False,False,False,False,False,33.8027920380556,-117.4659261431046,2091.7,2972.0,1049.4,396.9,True,1,1,False,False,False,False,,True,False,False,Course Lock,196.8,67,16.4,93,NE,S,0.89,11.4,Calm,False,False,Android,7.0.2,M300 RTK,1ZN7L4R0H1D00F,1W9DL31001461C,1ZMLH8300204F0,1Z6PH74DAP0QN7,"Corona, CA",728.3,5.7,137.7,8.547347,2.013246,0,0,DJI Matrice 300 RTK,M300 RTK,1ZN7L4R0H1D00F,1W9DL31001461C,1ZMLH8300204F0,1Z6PH74DAP0QN7,DJI Pilot,Android,7.0.2,1EF72A62-B7C3-C88D-164E-CE6F8C8424AE,1ZN7L4R0H1D00F,1W9DL31001461C,,1ZMLH8300204F0,1W9DL31001461C,,,,,
2023-11-01,11:29:45.24 AM,5m 22.9s,322.9,33.8003476714649,-117.4721707768694,117.4,137.7,18.7,1381,2503.1,6.609391,6.94893,-6.039738,2.23694,-2.684328,1.342164,0.447388,0.894776,-2.1,0.9,2.2,-154.5,205.5,202.0,Tripod,Other,,22,5,True,,True,False,,Smart,RC,False,True,False,,,True,,False,False,False,False,False,False,False,False,False,False,0,Follow Yaw,-77.9,0,-162.6,197.4,False,False,False,False,False,,0,0,False,False,No Card,100,100,1024,1368,763,1024,2,False,False,False,False,False,0,False,False,False,False,82,,47.316,,8285,,10044,,47.316,,True,3.949,3.949,3.949,3.949,3.949,3.949,3.949,3.949,3.949,3.949,3.949,3.949,0,,False,False,True,,,,,,,,,,,,,,,False,False,18.78,,94.4,,75.7,,94.4,,1597,70,12,18,7,140779.9,18770.66,,Idle,,20,,10,,,20,Go Home,False,False,False,False,False,False,False,False,False,False,False,False,33.8027920380556,-117.4659261431046,2092.5,2972.0,1049.4,396.9,True,1,1,False,False,False,False,,True,False,False,Course Lock,196.8,67,16.4,93,NE,S,0.89,11.4,Calm,False,False,Android,7.0.2,M300 RTK,1ZN7L4R0H1D00F,1W9DL31001461C,1ZMLH8300204F0,1Z6PH74DAP0QN7,"Corona, CA",728.3,5.7,137.7,8.547347,2.013246,0,0,DJI Matrice 300 RTK,M300 RTK,1ZN7L4R0H1D00F,1W9DL31001461C,1ZMLH8300204F0,1Z6PH74DAP0QN7,DJI Pilot,Android,7.0.2,1EF72A62-B7C3-C88D-164E-CE6F8C8424AE,1ZN7L4R0H1D00F,1W9DL31001461C,,1ZMLH8300204F0,1W9DL31001461C,,,,,
2023-11-01,11:29:45.34 AM,5m 23.0s,323.0,33.800345188951,-117.4721720859376,117.4,137.7,18.7,1381,2504.1,6.609391,6.94893,-6.039738,2.23694,-2.684328,1.342164,0.447388,0.894776,-2,1,2.2,-154.4,205.6,203.6,Tripod,Other,,22,5,True,,True,False,,Smart,RC,False,True,False,,,True,,False,False,False,False,False,False,False,False,False,False,0,Follow Yaw,-77.9,0,-162.6,197.4,False,False,False,False,False,,0,0,False,False,No Card,100,100,1024,1372,756,1037,2,False,False,False,False,False,0,False,False,False,False,82,,47.304,,8285,,10044,,47.304,,True,3.949,3.949,3.949,3.949,3.949,3.949,3.949,3.949,3.949,3.949,3.949,3.949,0,,False,False,True,,,,,,,,,,,,,,,False,False,19.144,,94.6,,75.7,,94.6,,1597,70,12,18,7,140779.9,18770.66,,Idle,,20,,10,,,20,Go Home,False,False,False,False,False,False,False,False,False,False,False,False,33.8027920380556,-117.4659261431046,2093.3,2972.0,1049.4,396.9,True,1,1,False,False,False,False,,True,False,False,Course Lock,196.8,67,16.4,93,NE,S,0.89,11.4,Calm,False,False,Android,7.0.2,M300 RTK,1ZN7L4R0H1D00F,1W9DL31001461C,1ZMLH8300204F0,1Z6PH74DAP0QN7,"Corona, CA",728.3,5.7,137.7,8.547347,2.013246,0,0,DJI Matrice 300 RTK,M300 RTK,1ZN7L4R0H1D00F,1W9DL31001461C,1ZMLH8300204F0,1Z6PH74DAP0QN7,DJI Pilot,Android,7.0.2,1EF72A62-B7C3-C88D-164E-CE6F8C8424AE,1ZN7L4R0H1D00F,1W9DL31001461C,,1ZMLH8300204F0,1W9DL31001461C,,,,,
2023-11-01,11:29:45.44 AM,5m 23.1s,323.1,33.8003425529248,-117.472173474998,117.4,137.7,18.7,1381,2505.1,6.609391,6.94893,-6.039738,2.23694,-2.684328,1.342164,0.447388,0.894776,-1.7,1.2,2,-154.4,205.6,203.6,Tripod,Other,,22,5,True,,True,False,,Smart,RC,False,True,False,,,True,,False,False,False,False,False,False,False,False,False,False,0,Follow Yaw,-77.9,0,-162.6,197.4,False,False,False,False,False,,0,0,False,False,No Card,100,100,1024,1370,744,1133,2,False,False,False,False,False,0,False,False,False,False,82,,47.304,,8285,,10044,,47.304,,True,3.949,3.949,3.949,3.949,3.949,3.949,3.949,3.949,3.949,3.949,3.949,3.949,0,,False,False,True,,,,,,,,,,,,,,,False,False,19.144,,94.6,,75.7,,94.6,,1597,70,12,18,7,140779.9,18770.66,,Idle,,20,,10,,,20,Go Home,False,False,False,False,False,False,False,False,False,False,False,False,33.8027920380556,-117.4659261431046,2094.1,2972.0,1049.4,396.9,True,1,1,False,False,False,False,,True,False,False,Course Lock,196.8,67,16.4,93,NE,S,0.89,11.4,Calm,False,False,Android,7.0.2,M300 RTK,1ZN7L4R0H1D00F,1W9DL31001461C,1ZMLH8300204F0,1Z6PH74DAP0QN7,"Corona, CA",728.3,5.7,137.7,8.547347,2.013246,0,0,DJI Matrice 300 RTK,M300 RTK,1ZN7L4R0H1D00F,1W9DL31001461C,1ZMLH8300204F0,1Z6PH74DAP0QN7,DJI Pilot,Android,7.0.2,1EF72A62-B7C3-C88D-164E-CE6F8C8424AE,1ZN7L4R0H1D00F,1W9DL31001461C,,1ZMLH8300204F0,1W9DL31001461C,,,,,
2023-11-01,11:29:45.54 AM,5m 23.2s,323.2,33.8003400775383,-117.4721748167228,117.4,137.7,18.7,1381,2506.1,6.405621,6.94893,-5.816044,2.23694,-2.684328,1.342164,0.447388,0.894776,-1.6,1.2,2,-154.3,205.7,204.2,Tripod,Other,,22,5,True,,True,False,,Smart,RC,False,True,False,,,True,,False,False,False,False,False,False,False,False,False,False,0,Follow Yaw,-77.9,0,-162.6,197.4,False,False,False,False,False,,0,0,False,False,No Card,100,100,1024,1370,744,1133,2,False,False,False,False,False,0,False,False,False,False,82,,47.304,,8285,,10044,,47.304,,True,3.949,3.949,3.949,3.949,3.949,3.949,3.949,3.949,3.949,3.949,3.949,3.949,0,,False,False,True,,,,,,,,,,,,,,,False,False,19.144,,94.6,,75.7,,94.6,,1597,70,12,18,7,140779.9,18770.66,,Idle,,20,,10,,,20,Go Home,False,False,False,False,False,False,False,False,False,False,False,False,33.8027920380556,-117.4659261431046,2094.8,2972.0,1049.4,396.9,True,1,1,False,False,False,False,,True,False,False,Course Lock,196.8,67,16.4,93,NE,S,0.89,11.4,Calm,False,False,Android,7.0.2,M300 RTK,1ZN7L4R0H1D00F,1W9DL31001461C,1ZMLH8300204F0,1Z6PH74DAP0QN7,"Corona, CA",728.3,5.7,137.7,8.547347,2.013246,0,0,DJI Matrice 300 RTK,M300 RTK,1ZN7L4R0H1D00F,1W9DL31001461C,1ZMLH8300204F0,1Z6PH74DAP0QN7,DJI Pilot,Android,7.0.2,1EF72A62-B7C3-C88D-164E-CE6F8C8424AE,1ZN7L4R0H1D00F,1W9DL31001461C,,1ZMLH8300204F0,1W9DL31001461C,,,,,
2023-11-01,11:29:45.64 AM,5m 23.3s,323.3,33.8003379519408,-117.4721763933156,117.1,137.7,18.7,1381,2507.0,6.405621,6.94893,-5.816044,2.23694,-2.684328,1.342164,0.447388,0.894776,-1.7,1.2,2,-154.3,205.7,211.6,Tripod,Other,,22,5,True,,True,False,,Smart,RC,False,True,False,,,True,,False,False,False,False,False,False,False,False,False,False,0,Follow Yaw,-77.9,0,-162.4,197.6,False,False,False,False,False,,0,0,False,False,No Card,100,100,1024,1368,741,1145,2,False,False,False,False,False,0,False,False,False,False,82,,47.304,,8285,,10044,,47.304,,True,3.944,3.944,3.944,3.944,3.944,3.944,3.944,3.944,3.944,3.944,3.944,3.944,0,,False,False,True,,,,,,,,,,,,,,,False,False,19.144,,94.6,,75.7,,94.6,,1596,70,11,18,7,140517.6,18735.68,,Idle,,20,,10,,,20,Go Home,False,False,False,False,False,False,False,False,False,False,False,False,33.8027920380556,-117.4659261431046,2095.6,2972.0,1049.4,396.9,True,1,1,False,False,False,False,,True,False,False,Course Lock,196.8,67,16.4,93,NE,S,0.89,11.4,Calm,False,False,Android,7.0.2,M300 RTK,1ZN7L4R0H1D00F,1W9DL31001461C,1ZMLH8300204F0,1Z6PH74DAP0QN7,"Corona, CA",728.3,5.7,137.7,8.547347,2.013246,0,0,DJI Matrice 300 RTK,M300 RTK,1ZN7L4R0H1D00F,1W9DL31001461C,1ZMLH8300204F0,1Z6PH74DAP0QN7,DJI Pilot,Android,7.0.2,1EF72A62-B7C3-C88D-164E-CE6F8C8424AE,1ZN7L4R0H1D00F,1W9DL31001461C,,1ZMLH8300204F0,1W9DL31001461C,,,,,
2023-11-01,11:29:45.74 AM,5m 23.4s,323.4,33.8003355423451,-117.4721777785783,117.1,137.7,18.7,1381,2508.0,6.405621,6.94893,-5.816044,2.23694,-2.684328,1.342164,0.447388,0.894776,-1.9,1.2,2.2,-154.3,205.7,205.5,Tripod,Other,,22,5,True,,True,False,,Smart,RC,False,True,False,,,True,,False,False,False,False,False,False,False,False,False,False,0,Follow Yaw,-77.9,0,-162.2,197.8,False,False,False,False,False,,0,0,False,False,No Card,100,100,1024,1368,738,1145,2,False,False,False,False,False,0,False,False,False,False,82,,47.304,,8285,,10044,,47.304,,True,3.944,3.944,3.944,3.944,3.944,3.944,3.944,3.944,3.944,3.944,3.944,3.944,0,,False,False,True,,,,,,,,,,,,,,,False,False,19.144,,94.6,,75.7,,94.6,,1596,70,11,18,7,140517.6,18735.68,,Idle,,20,,10,,,20,Go Home,False,False,False,False,False,False,False,False,False,False,False,False,33.8027920380556,-117.4659261431046,2096.3,2972.0,1049.4,396.9,True,1,1,False,False,False,False,,True,False,False,Course Lock,196.8,67,16.4,93,NE,S,0.89,11.4,Calm,False,False,Android,7.0.2,M300 RTK,1ZN7L4R0H1D00F,1W9DL31001461C,1ZMLH8300204F0,1Z6PH74DAP0QN7,"Corona, CA",728.3,5.7,137.7,8.547347,2.013246,0,0,DJI Matrice 300 RTK,M300 RTK,1ZN7L4R0H1D00F,1W9DL31001461C,1ZMLH8300204F0,1Z6PH74DAP0QN7,DJI Pilot,Android,7.0.2,1EF72A62-B7C3-C88D-164E-CE6F8C8424AE,1ZN7L4R0H1D00F,1W9DL31001461C,,1ZMLH8300204F0,1W9DL31001461C,,,,,
2023-11-01,11:29:45.84 AM,5m 23.5s,323.5,33.8003326809847,-117.4721788732344,117.1,137.7,18.7,1381,2509.1,6.405621,6.94893,-5.816044,2.23694,-2.684328,1.342164,0.447388,0.894776,-2,1.3,2.3,-154.2,205.8,197.6,Tripod,Other,,22,5,True,,True,False,,Smart,RC,False,True,False,,,True,,False,False,False,False,False,False,False,False,False,False,0,Follow Yaw,-77.9,0,-162,198,False,False,False,False,False,,0,0,False,False,No Card,100,100,1024,1369,733,1148,2,False,False,False,False,False,0,False,False,False,False,82,,47.304,,8285,,10044,,47.304,,True,3.944,3.944,3.944,3.944,3.944,3.944,3.944,3.944,3.944,3.944,3.944,3.944,0,,False,False,True,,,,,,,,,,,,,,,False,False,19.144,,94.6,,75.7,,94.6,,1596,70,11,18,7,140517.6,18735.68,,Idle,,20,,10,,,20,Go Home,False,False,False,False,False,False,False,False,False,False,False,False,33.8027920380556,-117.4659261431046,2097.1,2972.0,1049.4,396.9,True,1,1,False,False,False,False,,True,False,False,Course Lock,196.8,67,16.4,93,NE,S,0.89,11.4,Calm,False,False,Android,7.0.2,M300 RTK,1ZN7L4R0H1D00F,1W9DL31001461C,1ZMLH8300204F0,1Z6PH74DAP0QN7,"Corona, CA",728.3,5.7,137.7,8.547347,2.013246,0,0,DJI Matrice 300 RTK,M300 RTK,1ZN7L4R0H1D00F,1W9DL31001461C,1ZMLH8300204F0,1Z6PH74DAP0QN7,DJI Pilot,Android,7.0.2,1EF72A62-B7C3-C88D-164E-CE6F8C8424AE,1ZN7L4R0H1D00F,1W9DL31001461C,,1ZMLH8300204F0,1W9DL31001461C,,,,,
2023-11-01,11:29:45.94 AM,5m 23.6s,323.6,33.8003302598758,-117.4721802578416,117.1,137.7,18.7,1381,2510.1,6.405621,6.94893,-5.816044,2.23694,-2.684328,1.342164,0.447388,0.894776,-2.2,1.3,2.5,-154,206,205.4,Tripod,Other,,22,5,True,,True,False,,Smart,RC,False,True,False,,,True,,False,False,False,False,False,False,False,False,False,False,0,Follow Yaw,-77.9,0,-161.8,198.2,False,False,False,False,False,,0,0,False,False,No Card,100,100,1024,1368,730,1163,2,False,False,False,False,False,0,False,False,False,False,82,,47.304,,8285,,10044,,47.304,,True,3.944,3.944,3.944,3.944,3.944,3.944,3.944,3.944,3.944,3.944,3.944,3.944,0,,False,False,True,,,,,,,,,,,,,,,False,False,19.144,,94.6,,75.7,,94.6,,1596,70,11,18,7,140517.6,18735.68,,Idle,,20,,10,,,20,Go Home,False,False,False,False,False,False,False,False,False,False,False,False,33.8027920380556,-117.4659261431046,2097.8,2972.0,1049.4,396.9,True,1,1,False,False,False,False,,True,False,False,Course Lock,196.8,67,16.4,93,NE,S,0.89,11.4,Calm,False,False,Android,7.0.2,M300 RTK,1ZN7L4R0H1D00F,1W9DL31001461C,1ZMLH8300204F0,1Z6PH74DAP0QN7,"Corona, CA",728.3,5.7,137.7,8.547347,2.013246,0,0,DJI Matrice 300 RTK,M300 RTK,1ZN7L4R0H1D00F,1W9DL31001461C,1ZMLH8300204F0,1Z6PH74DAP0QN7,DJI Pilot,Android,7.0.2,1EF72A62-B7C3-C88D-164E-CE6F8C8424AE,1ZN7L4R0H1D00F,1W9DL31001461C,,1ZMLH8300204F0,1W9DL31001461C,,,,,
2023-11-01,11:29:46.02 AM,5m 23.7s,323.7,33.8003281304403,-117.4721815804343,116.7,137.7,18.7,1381,2511.0,6.30325,6.94893,-5.59235,2.23694,-2.908022,1.342164,0.447388,0.894776,-2.5,1.3,2.8,-153.8,206.2,207.2,Tripod,Other,,22,5,True,,True,False,,Smart,RC,False,True,False,,,True,,False,False,False,False,False,False,False,False,False,False,0,Follow Yaw,-77.9,0,-161.5,198.5,False,False,False,False,False,,0,0,False,False,No Card,100,100,1024,1368,724,1165,2,False,False,False,False,False,0,False,False,False,False,83,,47.172,,4138,,4986,,47.172,,True,3.944,3.944,3.944,3.944,3.944,3.944,3.944,3.944,3.944,3.944,3.944,3.944,0,,False,False,True,,,,,,,,,,,,,,,False,False,9.316,,94.6,,75.7,,94.6,,1596,70,11,18,7,140517.6,18735.68,,Idle,,20,,10,,,20,Go Home,False,False,False,False,False,False,False,False,False,False,False,False,33.8027920380556,-117.4659261431046,2098.5,2972.0,1049.4,396.9,True,1,1,False,False,False,False,,True,False,False,Course Lock,196.8,67,16.4,93,NE,S,0.89,11.4,Calm,False,False,Android,7.0.2,M300 RTK,1ZN7L4R0H1D00F,1W9DL31001461C,1ZMLH8300204F0,1Z6PH74DAP0QN7,"Corona, CA",728.3,5.7,137.7,8.547347,2.013246,0,0,DJI Matrice 300 RTK,M300 RTK,1ZN7L4R0H1D00F,1W9DL31001461C,1ZMLH8300204F0,1Z6PH74DAP0QN7,DJI Pilot,Android,7.0.2,1EF72A62-B7C3-C88D-164E-CE6F8C8424AE,1ZN7L4R0H1D00F,1W9DL31001461C,,1ZMLH8300204F0,1W9DL31001461C,,,,,
2023-11-01,11:29:46.14 AM,5m 23.8s,323.8,33.8003257603194,-117.4721829948943,116.7,137.7,18.7,1381,2511.9,6.30325,6.94893,-5.59235,2.23694,-2.908022,1.342164,0.447388,0.894776,-2.7,1.1,2.9,-153.7,206.3,206.3,Tripod,Other,,22,5,True,,True,False,,Smart,RC,False,True,False,,,True,,False,False,False,False,False,False,False,False,False,False,0,Follow Yaw,-77.9,0,-161.3,198.7,False,False,False,False,False,,0,0,False,False,No Card,100,100,1024,1371,725,1164,2,False,False,False,False,False,0,False,False,False,False,83,,47.172,,4138,,4986,,47.172,,True,3.944,3.944,3.944,3.944,3.944,3.944,3.944,3.944,3.944,3.944,3.944,3.944,0,,False,False,True,,,,,,,,,,,,,,,False,False,9.316,,94.6,,75.7,,94.6,,1596,70,11,18,7,140517.6,18735.68,,Idle,,20,,10,,,20,Go Home,False,False,False,False,False,False,False,False,False,False,False,False,33.8027920380556,-117.4659261431046,2099.3,2972.0,1049.4,396.9,True,1,1,False,False,False,False,,True,False,False,Course Lock,196.8,67,16.4,93,NE,S,0.89,11.4,Calm,False,False,Android,7.0.2,M300 RTK,1ZN7L4R0H1D00F,1W9DL31001461C,1ZMLH8300204F0,1Z6PH74DAP0QN7,"Corona, CA",728.3,5.7,137.7,8.547347,2.013246,0,0,DJI Matrice 300 RTK,M300 RTK,1ZN7L4R0H1D00F,1W9DL31001461C,1ZMLH8300204F0,1Z6PH74DAP0QN7,DJI Pilot,Android,7.0.2,1EF72A62-B7C3-C88D-164E-CE6F8C8424AE,1ZN7L4R0H1D00F,1W9DL31001461C,,1ZMLH8300204F0,1W9DL31001461C,,,,,
2023-11-01,11:29:46.24 AM,5m 23.9s,323.9,33.800323418708,-117.4721846871004,116.7,137.7,18.7,1381,2512.9,6.30325,6.94893,-5.59235,2.23694,-2.908022,1.342164,0.447388,0.894776,-2.7,0.9,2.8,-153.7,206.3,210.9,Tripod,Other,,22,5,True,,True,False,,Smart,RC,False,True,False,,,True,,False,False,False,False,False,False,False,False,False,False,0,Follow Yaw,-77.9,0,-161,199,False,False,False,False,False,,0,0,False,False,No Card,100,100,1024,1371,757,1190,2,False,False,False,False,False,0,False,False,False,False,83,,47.172,,4138,,4986,,47.172,,True,3.944,3.944,3.944,3.944,3.944,3.944,3.944,3.944,3.944,3.944,3.944,3.944,0,,False,False,True,,,,,,,,,,,,,,,False,False,9.316,,94.6,,75.7,,94.6,,1596,70,11,18,7,140517.6,18735.68,,Idle,,20,,10,,,20,Go Home,False,False,False,False,False,False,False,False,False,False,False,False,33.8027920380556,-117.4659261431046,2100.1,2972.0,1049.4,396.9,True,1,1,False,False,False,False,,True,False,False,Course Lock,196.8,67,16.4,93,NE,S,0.89,11.4,Calm,False,False,Android,7.0.2,M300 RTK,1ZN7L4R0H1D00F,1W9DL31001461C,1ZMLH8300204F0,1Z6PH74DAP0QN7,"Corona, CA",728.3,5.7,137.7,8.547347,2.013246,0,0,DJI Matrice 300 RTK,M300 RTK,1ZN7L4R0H1D00F,1W9DL31001461C,1ZMLH8300204F0,1Z6PH74DAP0QN7,DJI Pilot,Android,7.0.2,1EF72A62-B7C3-C88D-164E-CE6F8C8424AE,1ZN7L4R0H1D00F,1W9DL31001461C,,1ZMLH8300204F0,1W9DL31001461C,,,,,
2023-11-01,11:29:46.34 AM,5m 24.0s,324.0,33.8003210513284,-117.4721861548335,116.7,137.7,18.7,1381,2513.9,6.30325,6.94893,-5.59235,2.23694,-2.908022,1.342164,0.447388,0.894776,-2.3,0.9,2.4,-153.4,206.6,207.2,Tripod,Other,,22,5,True,,True,False,,Smart,RC,False,True,False,,,True,,False,False,False,False,False,False,False,False,False,False,0,Follow Yaw,-77.9,0,-160.7,199.3,False,False,False,False,False,,0,0,False,False,No Card,100,100,1024,1369,751,1210,2,False,False,False,False,False,0,False,False,False,False,82,,47.22,,8285,,10044,,47.22,,True,3.944,3.944,3.944,3.944,3.944,3.944,3.944,3.944,3.944,3.944,3.944,3.944,0,,False,False,True,,,,,,,,,,,,,,,False,False,18.854,,94.6,,75.7,,94.6,,1596,70,11,18,7,140517.6,18735.68,,Idle,,20,,10,,,20,Go Home,False,False,False,False,False,False,False,False,False,False,False,False,33.8027920380556,-117.4659261431046,2100.9,2972.0,1049.4,396.9,True,1,1,False,False,False,False,,True,False,False,Course Lock,196.8,67,16.4,93,NE,S,0.89,11.4,Calm,False,False,Android,7.0.2,M300 RTK,1ZN7L4R0H1D00F,1W9DL31001461C,1ZMLH8300204F0,1Z6PH74DAP0QN7,"Corona, CA",728.3,5.7,137.7,8.547347,2.013246,0,0,DJI Matrice 300 RTK,M300 RTK,1ZN7L4R0H1D00F,1W9DL31001461C,1ZMLH8300204F0,1Z6PH74DAP0QN7,DJI Pilot,Android,7.0.2,1EF72A62-B7C3-C88D-164E-CE6F8C8424AE,1ZN7L4R0H1D00F,1W9DL31001461C,,1ZMLH8300204F0,1W9DL31001461C,,,,,
2023-11-01,11:29:46.43 AM,5m 24.1s,324.1,33.8003186510533,-117.472187499692,116.4,137.7,18.7,1380,2514.9,6.30325,6.94893,-5.59235,2.23694,-2.908022,1.342164,0.447388,0.894776,-2.3,1.1,2.5,-153.1,206.9,204.9,Tripod,Other,,22,5,True,,True,False,,Smart,RC,False,True,False,,,True,,False,False,False,False,False,False,False,False,False,False,0,Follow Yaw,-77.9,0,-160.4,199.6,False,False,False,False,False,,0,0,False,False,No Card,100,100,1024,1369,751,1221,2,False,False,False,False,False,0,False,False,False,False,82,,47.22,,8285,,10044,,47.22,,True,3.944,3.944,3.944,3.944,3.944,3.944,3.944,3.944,3.944,3.944,3.944,3.944,0,,False,False,True,,,,,,,,,,,,,,,False,False,18.854,,94.6,,75.7,,94.6,,1596,70,11,18,7,140517.6,18735.68,,Idle,,20,,10,,,20,Go Home,False,False,False,False,False,False,False,False,False,False,False,False,33.8027920380556,-117.4659261431046,2101.6,2972.0,1049.4,396.9,True,1,1,False,False,False,False,,True,False,False,Course Lock,196.8,67,16.4,93,NE,S,0.89,11.4,Calm,False,False,Android,7.0.2,M300 RTK,1ZN7L4R0H1D00F,1W9DL31001461C,1ZMLH8300204F0,1Z6PH74DAP0QN7,"Corona, CA",728.3,5.7,137.7,8.547347,2.013246,0,0,DJI Matrice 300 RTK,M300 RTK,1ZN7L4R0H1D00F,1W9DL31001461C,1ZMLH8300204F0,1Z6PH74DAP0QN7,DJI Pilot,Android,7.0.2,1EF72A62-B7C3-C88D-164E-CE6F8C8424AE,1ZN7L4R0H1D00F,1W9DL31001461C,,1ZMLH8300204F0,1W9DL31001461C,,,,,
2023-11-01,11:29:46.53 AM,5m 24.2s,324.2,33.8003162946388,-117.4721889631369,116.4,137.7,18.7,1380,2515.8,6.30325,6.94893,-5.59235,2.23694,-2.908022,1.342164,0.447388,0.894776,-2.3,1.5,2.7,-152.7,207.3,207.2,Tripod,Other,,22,5,True,,True,False,,Smart,RC,False,True,False,,,True,,False,False,False,False,False,False,False,False,False,False,0,Follow Yaw,-77.9,0,-159.9,200.1,False,False,False,False,False,,0,0,False,False,No Card,100,100,1024,1368,746,1223,2,False,False,False,False,False,0,False,False,False,False,82,,47.22,,8285,,10044,,47.22,,True,3.944,3.944,3.944,3.944,3.944,3.944,3.944,3.944,3.944,3.944,3.944,3.944,0,,False,False,True,,,,,,,,,,,,,,,False,False,18.854,,94.6,,75.7,,94.6,,1596,70,11,18,7,140517.6,18735.68,,Idle,,20,,10,,,20,Go Home,False,False,False,False,False,False,False,False,False,False,False,False,33.8027920380556,-117.4659261431046,2102.4,2972.0,1049.4,396.9,True,1,1,False,False,False,False,,True,False,False,Course Lock,196.8,67,16.4,93,NE,S,0.89,11.4,Calm,False,False,Android,7.0.2,M300 RTK,1ZN7L4R0H1D00F,1W9DL31001461C,1ZMLH8300204F0,1Z6PH74DAP0QN7,"Corona, CA",728.3,5.7,137.7,8.547347,2.013246,0,0,DJI Matrice 300 RTK,M300 RTK,1ZN7L4R0H1D00F,1W9DL31001461C,1ZMLH8300204F0,1Z6PH74DAP0QN7,DJI Pilot,Android,7.0.2,1EF72A62-B7C3-C88D-164E-CE6F8C8424AE,1ZN7L4R0H1D00F,1W9DL31001461C,,1ZMLH8300204F0,1W9DL31001461C,,,,,
2023-11-01,11:29:46.64 AM,5m 24.3s,324.3,33.8003138488583,-117.4721903493935,116.4,137.7,18.7,1380,2516.8,6.30325,6.94893,-5.59235,2.23694,-2.908022,1.342164,0.447388,0.894776,-2.3,1.9,2.9,-152.3,207.7,205.2,Tripod,Other,,22,5,True,,True,False,,Smart,RC,False,True,False,,,True,,False,False,False,False,False,False,False,False,False,False,0,Follow Yaw,-77.9,0,-159.5,200.5,False,False,False,False,False,,0,0,False,False,No Card,100,100,1024,1369,735,1226,2,False,False,False,False,False,0,False,False,False,False,82,,47.22,,8285,,10044,,47.22,,True,3.937,3.937,3.937,3.937,3.937,3.937,3.937,3.937,3.937,3.937,3.937,3.937,0,,False,False,True,,,,,,,,,,,,,,,False,False,18.854,,94.6,,75.7,,94.6,,1595,70,11,18,7,140496.8,18732.91,,Idle,,20,,10,,,20,Go Home,False,False,False,False,False,False,False,False,False,False,False,False,33.8027920380556,-117.4659261431046,2103.2,2972.0,1049.4,396.9,True,1,1,False,False,False,False,,True,False,False,Course Lock,196.8,67,16.4,93,NE,S,0.89,11.4,Calm,False,False,Android,7.0.2,M300 RTK,1ZN7L4R0H1D00F,1W9DL31001461C,1ZMLH8300204F0,1Z6PH74DAP0QN7,"Corona, CA",728.3,5.7,137.7,8.547347,2.013246,0,0,DJI Matrice 300 RTK,M300 RTK,1ZN7L4R0H1D00F,1W9DL31001461C,1ZMLH8300204F0,1Z6PH74DAP0QN7,DJI Pilot,Android,7.0.2,1EF72A62-B7C3-C88D-164E-CE6F8C8424AE,1ZN7L4R0H1D00F,1W9DL31001461C,,1ZMLH8300204F0,1W9DL31001461C,,,,,
2023-11-01,11:29:46.74 AM,5m 24.4s,324.4,33.8003115083433,-117.472191830981,116.1,137.7,18.3,1380,2517.8,6.30325,6.94893,-5.59235,2.23694,-2.908022,1.342164,0.447388,0.894776,-2.5,2.2,3.3,-151.7,208.3,207.7,Tripod,Other,,22,5,True,,True,False,,Smart,RC,False,True,False,,,True,,False,False,False,False,False,False,False,False,False,False,0,Follow Yaw,-77.9,0,-159,201,False,False,False,False,False,,0,0,False,False,No Card,100,100,1024,1367,734,1226,2,False,False,False,False,False,0,False,False,False,False,82,,47.22,,8285,,10044,,47.22,,True,3.937,3.937,3.937,3.937,3.937,3.937,3.937,3.937,3.937,3.937,3.937,3.937,0,,False,False,True,,,,,,,,,,,,,,,False,False,18.854,,94.6,,75.7,,94.6,,1595,70,11,18,7,140496.8,18732.91,,Idle,,20,,10,,,20,Go Home,False,False,False,False,False,False,False,False,False,False,False,False,33.8027920380556,-117.4659261431046,2103.9,2972.0,1049.4,396.9,True,1,1,False,False,False,False,,True,False,False,Course Lock,196.8,67,16.4,93,NE,S,0.89,11.4,Calm,False,False,Android,7.0.2,M300 RTK,1ZN7L4R0H1D00F,1W9DL31001461C,1ZMLH8300204F0,1Z6PH74DAP0QN7,"Corona, CA",728.3,5.7,137.7,8.547347,2.013246,0,0,DJI Matrice 300 RTK,M300 RTK,1ZN7L4R0H1D00F,1W9DL31001461C,1ZMLH8300204F0,1Z6PH74DAP0QN7,DJI Pilot,Android,7.0.2,1EF72A62-B7C3-C88D-164E-CE6F8C8424AE,1ZN7L4R0H1D00F,1W9DL31001461C,,1ZMLH8300204F0,1W9DL31001461C,,,,,
2023-11-01,11:29:46.84 AM,5m 24.5s,324.5,33.8003094085138,-117.472193391571,116.1,137.7,18.3,1380,2518.7,6.409526,6.94893,-5.59235,2.23694,-3.131716,1.342164,0.447388,0.894776,-2.8,2.3,3.6,-151.3,208.7,211.6,Tripod,Other,,22,5,True,,True,False,,Smart,RC,False,True,False,,,True,,False,False,False,False,False,False,False,False,False,False,0,Follow Yaw,-77.9,0,-158.6,201.4,False,False,False,False,False,,0,0,False,False,No Card,100,100,1024,1368,738,1227,2,False,False,False,False,False,0,False,False,False,False,82,,47.22,,8285,,10044,,47.22,,True,3.937,3.937,3.937,3.937,3.937,3.937,3.937,3.937,3.937,3.937,3.937,3.937,0,,False,False,True,,,,,,,,,,,,,,,False,False,18.854,,94.6,,75.7,,94.6,,1595,70,11,18,7,140496.8,18732.91,,Idle,,20,,10,,,20,Go Home,False,False,False,False,False,False,False,False,False,False,False,False,33.8027920380556,-117.4659261431046,2104.7,2972.0,1049.4,396.9,True,1,1,False,False,False,False,,True,False,False,Course Lock,196.8,67,16.4,93,NE,S,0.89,11.4,Calm,False,False,Android,7.0.2,M300 RTK,1ZN7L4R0H1D00F,1W9DL31001461C,1ZMLH8300204F0,1Z6PH74DAP0QN7,"Corona, CA",728.3,5.7,137.7,8.547347,2.013246,0,0,DJI Matrice 300 RTK,M300 RTK,1ZN7L4R0H1D00F,1W9DL31001461C,1ZMLH8300204F0,1Z6PH74DAP0QN7,DJI Pilot,Android,7.0.2,1EF72A62-B7C3-C88D-164E-CE6F8C8424AE,1ZN7L4R0H1D00F,1W9DL31001461C,,1ZMLH8300204F0,1W9DL31001461C,,,,,
2023-11-01,11:29:46.94 AM,5m 24.6s,324.6,33.8003071250177,-117.4721949289056,116.1,137.7,18.3,1380,2519.6,6.215312,6.94893,-5.368656,2.23694,-3.131716,1.342164,0.447388,0.894776,-3.3,2.1,3.9,-150.8,209.2,209.2,Tripod,Other,,22,5,True,,True,False,,Smart,RC,False,True,False,,,True,,False,False,False,False,False,False,False,False,False,False,0,Follow Yaw,-77.9,0,-158.1,201.9,False,False,False,False,False,,0,0,False,False,No Card,100,100,1024,1370,740,1225,2,False,False,False,False,False,0,False,False,False,False,82,,47.22,,8285,,10044,,47.22,,True,3.937,3.937,3.937,3.937,3.937,3.937,3.937,3.937,3.937,3.937,3.937,3.937,0,,False,False,True,,,,,,,,,,,,,,,False,False,18.854,,94.6,,75.7,,94.6,,1595,70,11,18,7,140496.8,18732.91,,Idle,,20,,10,,,20,Go Home,False,False,False,False,False,False,False,False,False,False,False,False,33.8027920380556,-117.4659261431046,2105.5,2972.0,1049.4,396.9,True,1,1,False,False,False,False,,True,False,False,Course Lock,196.8,67,16.4,93,NE,S,0.89,11.4,Calm,False,False,Android,7.0.2,M300 RTK,1ZN7L4R0H1D00F,1W9DL31001461C,1ZMLH8300204F0,1Z6PH74DAP0QN7,"Corona, CA",728.3,5.7,137.7,8.547347,2.013246,0,0,DJI Matrice 300 RTK,M300 RTK,1ZN7L4R0H1D00F,1W9DL31001461C,1ZMLH8300204F0,1Z6PH74DAP0QN7,DJI Pilot,Android,7.0.2,1EF72A62-B7C3-C88D-164E-CE6F8C8424AE,1ZN7L4R0H1D00F,1W9DL31001461C,,1ZMLH8300204F0,1W9DL31001461C,,,,,
2023-11-01,11:29:47.05 AM,5m 24.7s,324.7,33.8003048053366,-117.4721963954842,116.1,137.7,18.3,1380,2520.6,6.215312,6.94893,-5.368656,2.23694,-3.131716,1.342164,0.671082,0.894776,-3.7,2,4.2,-150.4,209.6,207.7,Tripod,Other,,22,5,True,,True,False,,Smart,RC,False,True,False,,,True,,False,False,False,False,False,False,False,False,False,False,0,Follow Yaw,-77.9,0,-157.7,202.3,False,False,False,False,False,,0,0,False,False,No Card,100,100,1024,1372,742,1219,2,False,False,False,False,False,0,False,False,False,False,82,,47.22,,8285,,10044,,47.22,,True,3.937,3.937,3.937,3.937,3.937,3.937,3.937,3.937,3.937,3.937,3.937,3.937,0,,False,False,True,,,,,,,,,,,,,,,False,False,18.854,,94.6,,75.7,,94.6,,1595,70,11,18,7,140496.8,18732.91,,Idle,,20,,10,,,20,Go Home,False,False,False,False,False,False,False,False,False,False,False,False,33.8027920380556,-117.4659261431046,2106.2,2972.0,1049.4,396.9,True,1,1,False,False,False,False,,True,False,False,Course Lock,196.8,67,16.4,93,NE,S,0.89,11.4,Calm,False,False,Android,7.0.2,M300 RTK,1ZN7L4R0H1D00F,1W9DL31001461C,1ZMLH8300204F0,1Z6PH74DAP0QN7,"Corona, CA",728.3,5.7,137.7,8.547347,2.013246,0,0,DJI Matrice 300 RTK,M300 RTK,1ZN7L4R0H1D00F,1W9DL31001461C,1ZMLH8300204F0,1Z6PH74DAP0QN7,DJI Pilot,Android,7.0.2,1EF72A62-B7C3-C88D-164E-CE6F8C8424AE,1ZN7L4R0H1D00F,1W9DL31001461C,,1ZMLH8300204F0,1W9DL31001461C,,,,,
2023-11-01,11:29:47.15 AM,5m 24.8s,324.8,33.800302535547,-117.4721979890608,115.8,137.7,18.3,1380,2521.5,6.215312,6.94893,-5.368656,2.23694,-3.131716,1.342164,0.671082,0.894776,-3.7,1.8,4.1,-149.9,210.1,210.2,Tripod,Other,,22,5,True,,True,False,,Smart,RC,False,True,False,,,True,,False,False,False,False,False,False,False,False,False,False,0,Follow Yaw,-77.9,0,-157.2,202.8,False,False,False,False,False,,0,0,False,False,No Card,100,100,1024,1372,741,1218,2,False,False,False,False,False,0,False,False,False,False,82,,47.22,,8285,,10044,,47.22,,True,3.937,3.937,3.937,3.937,3.937,3.937,3.937,3.937,3.937,3.937,3.937,3.937,0,,False,False,True,,,,,,,,,,,,,,,False,False,18.854,,94.6,,75.7,,94.6,,1595,70,11,18,7,140496.8,18732.91,,Idle,,20,,10,,,20,Go Home,False,False,False,False,False,False,False,False,False,False,False,False,33.8027920380556,-117.4659261431046,2107.0,2972.0,1049.4,396.9,True,1,1,False,False,False,False,,True,False,False,Course Lock,196.8,67,16.4,93,NE,S,0.89,11.4,Calm,False,False,Android,7.0.2,M300 RTK,1ZN7L4R0H1D00F,1W9DL31001461C,1ZMLH8300204F0,1Z6PH74DAP0QN7,"Corona, CA",728.3,5.7,137.7,8.547347,2.013246,0,0,DJI Matrice 300 RTK,M300 RTK,1ZN7L4R0H1D00F,1W9DL31001461C,1ZMLH8300204F0,1Z6PH74DAP0QN7,DJI Pilot,Android,7.0.2,1EF72A62-B7C3-C88D-164E-CE6F8C8424AE,1ZN7L4R0H1D00F,1W9DL31001461C,,1ZMLH8300204F0,1W9DL31001461C,,,,,
2023-11-01,11:29:47.26 AM,5m 24.9s,324.9,33.8003002920738,-117.4721996388793,115.8,137.7,18.3,1380,2522.5,6.330974,6.94893,-5.368656,2.23694,-3.35541,1.342164,0.671082,0.894776,-3.5,1.5,3.8,-149.5,210.5,211.4,Tripod,Other,,22,5,True,,True,False,,Smart,RC,False,True,False,,,True,,False,False,False,False,False,False,False,False,False,False,0,Follow Yaw,-77.9,0,-156.8,203.2,False,False,False,False,False,,0,0,False,False,No Card,100,100,1024,1372,744,1219,2,False,False,False,False,False,0,False,False,False,False,82,,47.22,,8285,,10044,,47.22,,True,3.937,3.937,3.937,3.937,3.937,3.937,3.937,3.937,3.937,3.937,3.937,3.937,0,,False,False,True,,,,,,,,,,,,,,,False,False,18.854,,94.6,,75.7,,94.6,,1595,70,11,18,7,140496.8,18732.91,,Idle,,20,,10,,,20,Go Home,False,False,False,False,False,False,False,False,False,False,False,False,33.8027920380556,-117.4659261431046,2107.8,2972.0,1049.4,396.9,True,1,1,False,False,False,False,,True,False,False,Course Lock,196.8,67,16.4,93,NE,S,0.89,11.4,Calm,False,False,Android,7.0.2,M300 RTK,1ZN7L4R0H1D00F,1W9DL31001461C,1ZMLH8300204F0,1Z6PH74DAP0QN7,"Corona, CA",728.3,5.7,137.7,8.547347,2.013246,0,0,DJI Matrice 300 RTK,M300 RTK,1ZN7L4R0H1D00F,1W9DL31001461C,1ZMLH8300204F0,1Z6PH74DAP0QN7,DJI Pilot,Android,7.0.2,1EF72A62-B7C3-C88D-164E-CE6F8C8424AE,1ZN7L4R0H1D00F,1W9DL31001461C,,1ZMLH8300204F0,1W9DL31001461C,,,,,
2023-11-01,11:29:47.36 AM,5m 25.0s,325.0,33.8002980359906,-117.4722012936458,115.8,137.7,18.3,1380,2523.5,6.330974,6.94893,-5.368656,2.23694,-3.35541,1.342164,0.671082,0.894776,-3.2,1.4,3.4,-149.1,210.9,211.3,Tripod,Other,,22,5,True,,True,False,,Smart,RC,False,True,False,,,True,,False,False,False,False,False,False,False,False,False,False,0,Follow Yaw,-77.9,0,-156.3,203.7,False,False,False,False,False,,0,0,False,False,No Card,100,100,1024,1372,748,1215,2,False,False,False,False,False,0,False,False,False,False,83,,47.34,,4138,,4986,,47.34,,True,3.937,3.937,3.937,3.937,3.937,3.937,3.937,3.937,3.937,3.937,3.937,3.937,0,,False,False,True,,,,,,,,,,,,,,,False,False,8.942,,94.6,,75.7,,94.6,,1595,70,11,18,7,140496.8,18732.91,,Idle,,20,,10,,,20,Go Home,False,False,False,False,False,False,False,False,False,False,False,False,33.8027920380556,-117.4659261431046,2108.6,2972.0,1049.4,396.9,True,1,1,False,False,False,False,,True,False,False,Course Lock,196.8,67,16.4,93,NE,S,0.89,11.4,Calm,False,False,Android,7.0.2,M300 RTK,1ZN7L4R0H1D00F,1W9DL31001461C,1ZMLH8300204F0,1Z6PH74DAP0QN7,"Corona, CA",728.3,5.7,137.7,8.547347,2.013246,0,0,DJI Matrice 300 RTK,M300 RTK,1ZN7L4R0H1D00F,1W9DL31001461C,1ZMLH8300204F0,1Z6PH74DAP0QN7,DJI Pilot,Android,7.0.2,1EF72A62-B7C3-C88D-164E-CE6F8C8424AE,1ZN7L4R0H1D00F,1W9DL31001461C,,1ZMLH8300204F0,1W9DL31001461C,,,,,
2023-11-01,11:29:47.47 AM,5m 25.1s,325.1,33.8002958621462,-117.4722031060876,115.4,137.7,18.3,1379,2524.4,6.330974,6.94893,-5.368656,2.23694,-3.35541,1.342164,0.671082,0.894776,-3,1.5,3.3,-148.8,211.2,214.7,Tripod,Other,,22,5,True,,True,False,,Smart,RC,False,True,False,,,True,,False,False,False,False,False,False,False,False,False,False,0,Follow Yaw,-77.9,0,-155.9,204.1,False,False,False,False,False,,0,0,False,False,No Card,100,100,1024,1373,759,1202,2,False,False,False,False,False,0,False,False,False,False,83,,47.34,,4138,,4986,,47.34,,True,3.937,3.937,3.937,3.937,3.937,3.937,3.937,3.937,3.937,3.937,3.937,3.937,0,,False,False,True,,,,,,,,,,,,,,,False,False,8.942,,94.6,,75.7,,94.6,,1595,70,11,18,7,140496.8,18732.91,,Idle,,20,,10,,,20,Go Home,False,False,False,False,False,False,False,False,False,False,False,False,33.8027920380556,-117.4659261431046,2109.5,2972.0,1049.4,396.9,True,1,1,False,False,False,False,,True,False,False,Course Lock,196.8,67,16.4,93,NE,S,0.89,11.4,Calm,False,False,Android,7.0.2,M300 RTK,1ZN7L4R0H1D00F,1W9DL31001461C,1ZMLH8300204F0,1Z6PH74DAP0QN7,"Corona, CA",728.3,5.7,137.7,8.547347,2.013246,0,0,DJI Matrice 300 RTK,M300 RTK,1ZN7L4R0H1D00F,1W9DL31001461C,1ZMLH8300204F0,1Z6PH74DAP0QN7,DJI Pilot,Android,7.0.2,1EF72A62-B7C3-C88D-164E-CE6F8C8424AE,1ZN7L4R0H1D00F,1W9DL31001461C,,1ZMLH8300204F0,1W9DL31001461C,,,,,
2023-11-01,11:29:47.57 AM,5m 25.2s,325.2,33.8002936252521,-117.472204814622,115.4,137.7,18.3,1379,2525.4,6.330974,6.94893,-5.368656,2.23694,-3.35541,1.342164,0.671082,0.894776,-2.7,1.5,3,-148.6,211.4,212.4,Tripod,Other,,22,5,True,,True,False,,Smart,RC,False,True,False,,,True,,False,False,False,False,False,False,False,False,False,False,0,Follow Yaw,-77.9,0,-155.5,204.5,False,False,False,False,False,,0,0,False,False,No Card,100,100,1024,1373,772,1183,2,False,False,False,False,False,0,False,False,False,False,83,,47.34,,4138,,4986,,47.34,,True,3.937,3.937,3.937,3.937,3.937,3.937,3.937,3.937,3.937,3.937,3.937,3.937,0,,False,False,True,,,,,,,,,,,,,,,False,False,8.942,,94.6,,75.7,,94.6,,1595,70,11,18,7,140496.8,18732.91,,Idle,,20,,10,,,20,Go Home,False,False,False,False,False,False,False,False,False,False,False,False,33.8027920380556,-117.4659261431046,2110.3,2972.0,1049.4,396.9,True,1,1,False,False,False,False,,True,False,False,Course Lock,196.8,67,16.4,93,NE,S,0.89,11.4,Calm,False,False,Android,7.0.2,M300 RTK,1ZN7L4R0H1D00F,1W9DL31001461C,1ZMLH8300204F0,1Z6PH74DAP0QN7,"Corona, CA",728.3,5.7,137.7,8.547347,2.013246,0,0,DJI Matrice 300 RTK,M300 RTK,1ZN7L4R0H1D00F,1W9DL31001461C,1ZMLH8300204F0,1Z6PH74DAP0QN7,DJI Pilot,Android,7.0.2,1EF72A62-B7C3-C88D-164E-CE6F8C8424AE,1ZN7L4R0H1D00F,1W9DL31001461C,,1ZMLH8300204F0,1W9DL31001461C,,,,,
2023-11-01,11:29:47.68 AM,5m 25.3s,325.3,33.8002913823272,-117.4722064355773,115.4,137.7,18.3,1379,2526.4,6.330974,6.94893,-5.368656,2.23694,-3.35541,1.342164,0.447388,0.894776,-2.5,1.1,2.7,-148.4,211.6,210.9,Tripod,Other,,22,5,True,,True,False,,Smart,RC,False,True,False,,,True,,False,False,False,False,False,False,False,False,False,False,0,Follow Yaw,-77.9,0,-155.1,204.9,False,False,False,False,False,,0,0,False,False,No Card,100,100,1024,1371,784,1167,2,False,False,False,False,False,0,False,False,False,False,83,,47.34,,4138,,4986,,47.34,,True,3.939,3.939,3.939,3.939,3.939,3.939,3.939,3.939,3.939,3.939,3.939,3.939,0,,False,False,True,,,,,,,,,,,,,,,False,False,8.942,,94.6,,75.7,,94.6,,1595,71,11,18,7,140482.0,18730.94,,Idle,,20,,10,,,20,Go Home,False,False,False,False,False,False,False,False,False,False,False,False,33.8027920380556,-117.4659261431046,2111.1,2972.0,1049.4,396.9,True,1,1,False,False,False,False,,True,False,False,Course Lock,196.8,67,16.4,93,NE,S,0.67,11.4,Calm,False,False,Android,7.0.2,M300 RTK,1ZN7L4R0H1D00F,1W9DL31001461C,1ZMLH8300204F0,1Z6PH74DAP0QN7,"Corona, CA",728.3,5.7,137.7,8.547347,2.013246,0,0,DJI Matrice 300 RTK,M300 RTK,1ZN7L4R0H1D00F,1W9DL31001461C,1ZMLH8300204F0,1Z6PH74DAP0QN7,DJI Pilot,Android,7.0.2,1EF72A62-B7C3-C88D-164E-CE6F8C8424AE,1ZN7L4R0H1D00F,1W9DL31001461C,,1ZMLH8300204F0,1W9DL31001461C,,,,,
2023-11-01,11:29:47.74 AM,5m 25.4s,325.4,33.800289145433,-117.4722081561517,115.1,137.7,18.3,1379,2527.3,6.330974,6.94893,-5.368656,2.23694,-3.35541,1.342164,0.447388,0.894776,-2.3,1.1,2.5,-147.9,212.1,212.5,Tripod,Other,,22,5,True,,True,False,,Smart,RC,False,True,False,,,True,,False,False,False,False,False,False,False,False,False,False,0,Follow Yaw,-77.9,0,-154.8,205.2,False,False,False,False,False,,0,0,False,False,No Card,100,100,1024,1371,800,1159,2,False,False,False,False,False,0,False,False,False,False,83,,47.34,,4138,,4986,,47.34,,True,3.939,3.939,3.939,3.939,3.939,3.939,3.939,3.939,3.939,3.939,3.939,3.939,0,,False,False,True,,,,,,,,,,,,,,,False,False,8.942,,94.6,,75.7,,94.6,,1595,71,11,18,7,140482.0,18730.94,,Idle,,20,,10,,,20,Go Home,False,False,False,False,False,False,False,False,False,False,False,False,33.8027920380556,-117.4659261431046,2111.9,2972.0,1049.4,396.9,True,1,1,False,False,False,False,,True,False,False,Course Lock,196.8,67,16.4,93,NE,S,0.67,11.4,Calm,False,False,Android,7.0.2,M300 RTK,1ZN7L4R0H1D00F,1W9DL31001461C,1ZMLH8300204F0,1Z6PH74DAP0QN7,"Corona, CA",728.3,5.7,137.7,8.547347,2.013246,0,0,DJI Matrice 300 RTK,M300 RTK,1ZN7L4R0H1D00F,1W9DL31001461C,1ZMLH8300204F0,1Z6PH74DAP0QN7,DJI Pilot,Android,7.0.2,1EF72A62-B7C3-C88D-164E-CE6F8C8424AE,1ZN7L4R0H1D00F,1W9DL31001461C,,1ZMLH8300204F0,1W9DL31001461C,,,,,
2023-11-01,11:29:47.84 AM,5m 25.5s,325.5,33.800286893736,-117.4722097861783,115.1,137.7,18.3,1379,2528.3,6.330974,6.94893,-5.368656,2.23694,-3.35541,1.342164,0.447388,0.894776,-2.1,1.3,2.4,-147.4,212.6,211.0,Tripod,Other,,22,5,True,,True,False,,Smart,RC,False,True,False,,,True,,False,False,False,False,False,False,False,False,False,False,0,Follow Yaw,-77.9,0,-154.6,205.4,False,False,False,False,False,,0,0,False,False,No Card,100,100,1024,1374,787,1157,2,False,False,False,False,False,0,False,False,False,False,83,,47.34,,4138,,4986,,47.34,,True,3.939,3.939,3.939,3.939,3.939,3.939,3.939,3.939,3.939,3.939,3.939,3.939,0,,False,False,True,,,,,,,,,,,,,,,False,False,8.942,,94.6,,75.7,,94.6,,1595,71,11,18,7,140482.0,18730.94,,Idle,,20,,10,,,20,Go Home,False,False,False,False,False,False,False,False,False,False,False,False,33.8027920380556,-117.4659261431046,2112.7,2972.0,1049.4,396.9,True,1,1,False,False,False,False,,True,False,False,Course Lock,196.8,67,16.4,93,NE,S,0.67,11.4,Calm,False,False,Android,7.0.2,M300 RTK,1ZN7L4R0H1D00F,1W9DL31001461C,1ZMLH8300204F0,1Z6PH74DAP0QN7,"Corona, CA",728.3,5.7,137.7,8.547347,2.013246,0,0,DJI Matrice 300 RTK,M300 RTK,1ZN7L4R0H1D00F,1W9DL31001461C,1ZMLH8300204F0,1Z6PH74DAP0QN7,DJI Pilot,Android,7.0.2,1EF72A62-B7C3-C88D-164E-CE6F8C8424AE,1ZN7L4R0H1D00F,1W9DL31001461C,,1ZMLH8300204F0,1W9DL31001461C,,,,,
2023-11-01,11:29:47.94 AM,5m 25.6s,325.6,33.8002846710966,-117.4722115074125,115.1,137.7,18.3,1379,2529.2,6.452321,6.94893,-5.368656,2.23694,-3.579104,1.342164,0.447388,0.894776,-2.2,1.5,2.6,-147,213,212.7,Tripod,Other,,22,5,True,,True,False,,Smart,RC,False,True,False,,,True,,False,False,False,False,False,False,False,False,False,False,0,Follow Yaw,-77.9,0,-154.3,205.7,False,False,False,False,False,,0,0,False,False,No Card,100,100,1024,1371,786,1159,2,False,False,False,False,False,0,False,False,False,False,83,,47.34,,4138,,4986,,47.34,,True,3.939,3.939,3.939,3.939,3.939,3.939,3.939,3.939,3.939,3.939,3.939,3.939,0,,False,False,True,,,,,,,,,,,,,,,False,False,8.942,,94.6,,75.7,,94.6,,1595,71,11,18,7,140482.0,18730.94,,Idle,,20,,10,,,20,Go Home,False,False,False,False,False,False,False,False,False,False,False,False,33.8027920380556,-117.4659261431046,2113.5,2972.0,1049.4,396.9,True,1,1,False,False,False,False,,True,False,False,Course Lock,196.8,67,16.4,93,NE,S,0.67,11.4,Calm,False,False,Android,7.0.2,M300 RTK,1ZN7L4R0H1D00F,1W9DL31001461C,1ZMLH8300204F0,1Z6PH74DAP0QN7,"Corona, CA",728.3,5.7,137.7,8.547347,2.013246,0,0,DJI Matrice 300 RTK,M300 RTK,1ZN7L4R0H1D00F,1W9DL31001461C,1ZMLH8300204F0,1Z6PH74DAP0QN7,DJI Pilot,Android,7.0.2,1EF72A62-B7C3-C88D-164E-CE6F8C8424AE,1ZN7L4R0H1D00F,1W9DL31001461C,,1ZMLH8300204F0,1W9DL31001461C,,,,,
2023-11-01,11:29:48.04 AM,5m 25.7s,325.7,33.8002825767496,-117.4722132868678,115.1,137.7,18.3,1379,2530.2,6.452321,6.94893,-5.368656,2.23694,-3.579104,1.342164,0.447388,0.894776,-2.3,1.2,2.5,-146.7,213.3,215.2,Tripod,Other,,22,5,True,,True,False,,Smart,RC,False,True,False,,,True,,False,False,False,False,False,False,False,False,False,False,0,Follow Yaw,-77.9,0,-154.1,205.9,False,False,False,False,False,,0,0,False,False,No Card,100,100,1024,1371,783,1161,2,False,False,False,False,False,0,False,False,False,False,83,,47.34,,4138,,4986,,47.34,,True,3.939,3.939,3.939,3.939,3.939,3.939,3.939,3.939,3.939,3.939,3.939,3.939,0,,False,False,True,,,,,,,,,,,,,,,False,False,8.942,,94.6,,75.7,,94.6,,1595,71,11,18,7,140482.0,18730.94,,Idle,,20,,10,,,20,Go Home,False,False,False,False,False,False,False,False,False,False,False,False,33.8027920380556,-117.4659261431046,2114.4,2972.0,1049.4,396.9,True,1,1,False,False,False,False,,True,False,False,Course Lock,196.8,67,16.4,93,NE,S,0.67,11.4,Calm,False,False,Android,7.0.2,M300 RTK,1ZN7L4R0H1D00F,1W9DL31001461C,1ZMLH8300204F0,1Z6PH74DAP0QN7,"Corona, CA",728.3,5.7,137.7,8.547347,2.013246,0,0,DJI Matrice 300 RTK,M300 RTK,1ZN7L4R0H1D00F,1W9DL31001461C,1ZMLH8300204F0,1Z6PH74DAP0QN7,DJI Pilot,Android,7.0.2,1EF72A62-B7C3-C88D-164E-CE6F8C8424AE,1ZN7L4R0H1D00F,1W9DL31001461C,,1ZMLH8300204F0,1W9DL31001461C,,,,,
2023-11-01,11:29:48.14 AM,5m 25.8s,325.8,33.8002803930366,-117.4722150419131,114.8,137.7,18.3,1379,2531.1,6.267425,6.94893,-5.144962,2.23694,-3.579104,1.342164,0.447388,0.894776,-2.6,1.2,2.8,-146.2,213.8,213.7,Tripod,Other,,21,5,True,,True,False,,Smart,RC,False,True,False,,,True,,False,False,False,False,False,False,False,False,False,False,0,Follow Yaw,-77.9,0,-153.8,206.2,False,False,False,False,False,,0,0,False,False,No Card,100,100,1024,1371,782,1163,2,False,False,False,False,False,0,False,False,False,False,83,,47.34,,4138,,4986,,47.34,,True,3.939,3.939,3.939,3.939,3.939,3.939,3.939,3.939,3.939,3.939,3.939,3.939,0,,False,False,True,,,,,,,,,,,,,,,False,False,8.942,,94.6,,75.7,,94.6,,1595,71,11,18,7,140482.0,18730.94,,Idle,,20,,10,,,20,Go Home,False,False,False,False,False,False,False,False,False,False,False,False,33.8027920380556,-117.4659261431046,2115.2,2972.0,1049.4,396.9,True,1,1,False,False,False,False,,True,False,False,Course Lock,196.8,67,16.4,93,NE,S,0.67,11.4,Calm,False,False,Android,7.0.2,M300 RTK,1ZN7L4R0H1D00F,1W9DL31001461C,1ZMLH8300204F0,1Z6PH74DAP0QN7,"Corona, CA",728.3,5.7,137.7,8.547347,2.013246,0,0,DJI Matrice 300 RTK,M300 RTK,1ZN7L4R0H1D00F,1W9DL31001461C,1ZMLH8300204F0,1Z6PH74DAP0QN7,DJI Pilot,Android,7.0.2,1EF72A62-B7C3-C88D-164E-CE6F8C8424AE,1ZN7L4R0H1D00F,1W9DL31001461C,,1ZMLH8300204F0,1W9DL31001461C,,,,,
2023-11-01,11:29:48.24 AM,5m 25.9s,325.9,33.8002781139266,-117.4722170263794,114.8,137.7,18.3,1379,2532.2,6.267425,6.94893,-5.144962,2.23694,-3.579104,1.342164,0.447388,0.894776,-3.1,1.2,3.3,-145.8,214.2,215.8,Tripod,Other,,21,5,True,,True,False,,Smart,RC,False,True,False,,,True,,False,False,False,False,False,False,False,False,False,False,0,Follow Yaw,-77.9,0,-153.6,206.4,False,False,False,False,False,,0,0,False,False,No Card,100,100,1024,1372,781,1163,2,False,False,False,False,False,0,False,False,False,False,83,,47.34,,4138,,4986,,47.34,,True,3.939,3.939,3.939,3.939,3.939,3.939,3.939,3.939,3.939,3.939,3.939,3.939,0,,False,False,True,,,,,,,,,,,,,,,False,False,8.942,,94.6,,75.7,,94.6,,1595,71,11,18,7,140482.0,18730.94,,Idle,,20,,10,,,20,Go Home,False,False,False,False,False,False,False,False,False,False,False,False,33.8027920380556,-117.4659261431046,2116.1,2972.0,1049.4,396.9,True,1,1,False,False,False,False,,True,False,False,Course Lock,196.8,67,16.4,93,NE,S,0.67,11.4,Calm,False,False,Android,7.0.2,M300 RTK,1ZN7L4R0H1D00F,1W9DL31001461C,1ZMLH8300204F0,1Z6PH74DAP0QN7,"Corona, CA",728.3,5.7,137.7,8.547347,2.013246,0,0,DJI Matrice 300 RTK,M300 RTK,1ZN7L4R0H1D00F,1W9DL31001461C,1ZMLH8300204F0,1Z6PH74DAP0QN7,DJI Pilot,Android,7.0.2,1EF72A62-B7C3-C88D-164E-CE6F8C8424AE,1ZN7L4R0H1D00F,1W9DL31001461C,,1ZMLH8300204F0,1W9DL31001461C,,,,,
2023-11-01,11:29:48.34 AM,5m 26.0s,326.0,33.8002759477578,-117.4722188351927,114.8,137.7,18.3,1379,2533.1,6.267425,6.94893,-5.144962,2.23694,-3.579104,1.342164,0.447388,0.894776,-3.4,1.2,3.6,-145.5,214.5,214.7,Tripod,Other,,20,5,True,,True,False,,Smart,RC,False,True,False,,,True,,False,False,False,False,False,False,False,False,False,False,0,Follow Yaw,-77.9,0,-153.3,206.7,False,False,False,False,False,,0,0,False,False,No Card,100,100,1024,1374,794,1134,2,False,False,False,False,False,0,False,False,False,False,82,,47.352,,8285,,10044,,47.352,,True,3.939,3.939,3.939,3.939,3.939,3.939,3.939,3.939,3.939,3.939,3.939,3.939,0,,False,False,True,,,,,,,,,,,,,,,False,False,18.772,,94.6,,75.7,,94.6,,1595,71,11,18,7,140482.0,18730.94,,Idle,,20,,10,,,20,Go Home,False,False,False,False,False,False,False,False,False,False,False,False,33.8027920380556,-117.4659261431046,2116.9,2972.0,1049.4,396.9,True,1,1,False,False,False,False,,True,False,False,Course Lock,196.8,67,16.4,93,NE,S,0.89,11.4,Calm,False,False,Android,7.0.2,M300 RTK,1ZN7L4R0H1D00F,1W9DL31001461C,1ZMLH8300204F0,1Z6PH74DAP0QN7,"Corona, CA",728.3,5.7,137.7,8.547347,2.013246,0,0,DJI Matrice 300 RTK,M300 RTK,1ZN7L4R0H1D00F,1W9DL31001461C,1ZMLH8300204F0,1Z6PH74DAP0QN7,DJI Pilot,Android,7.0.2,1EF72A62-B7C3-C88D-164E-CE6F8C8424AE,1ZN7L4R0H1D00F,1W9DL31001461C,,1ZMLH8300204F0,1W9DL31001461C,,,,,
2023-11-01,11:29:48.44 AM,5m 26.1s,326.1,33.8002736576826,-117.472220466044,114.8,137.7,18.3,1379,2534.1,6.267425,6.94893,-5.144962,2.23694,-3.579104,1.342164,0.447388,0.894776,-3.4,1.1,3.5,-145.4,214.6,210.6,Tripod,Other,,20,5,True,,True,False,,Smart,RC,False,True,False,,,True,,False,False,False,False,False,False,False,False,False,False,0,Follow Yaw,-77.9,0,-153.1,206.9,False,False,False,False,False,,0,0,False,False,No Card,100,100,1024,1374,792,1129,2,False,False,False,False,False,0,False,False,False,False,82,,47.352,,8285,,10044,,47.352,,True,3.939,3.939,3.939,3.939,3.939,3.939,3.939,3.939,3.939,3.939,3.939,3.939,0,,False,False,True,,,,,,,,,,,,,,,False,False,18.772,,94.6,,75.7,,94.6,,1595,71,11,18,7,140482.0,18730.94,,Idle,,20,,10,,,20,Go Home,False,False,False,False,False,False,False,False,False,False,False,False,33.8027920380556,-117.4659261431046,2117.7,2972.0,1049.4,396.9,True,1,1,False,False,False,False,,True,False,False,Course Lock,196.8,67,16.4,93,NE,S,0.89,11.4,Calm,False,False,Android,7.0.2,M300 RTK,1ZN7L4R0H1D00F,1W9DL31001461C,1ZMLH8300204F0,1Z6PH74DAP0QN7,"Corona, CA",728.3,5.7,137.7,8.547347,2.013246,0,0,DJI Matrice 300 RTK,M300 RTK,1ZN7L4R0H1D00F,1W9DL31001461C,1ZMLH8300204F0,1Z6PH74DAP0QN7,DJI Pilot,Android,7.0.2,1EF72A62-B7C3-C88D-164E-CE6F8C8424AE,1ZN7L4R0H1D00F,1W9DL31001461C,,1ZMLH8300204F0,1W9DL31001461C,,,,,
2023-11-01,11:29:48.54 AM,5m 26.2s,326.2,33.8002714953516,-117.4722223089982,114.5,137.7,18.3,1378,2535.1,6.397804,6.94893,-5.144962,2.23694,-3.802798,1.342164,0.447388,0.894776,-3.2,0.8,3.2,-145.2,214.8,215.3,Tripod,Other,,21,5,True,,True,False,,Smart,RC,False,True,False,,,True,,False,False,False,False,False,False,False,False,False,False,0,Follow Yaw,-77.9,0,-152.9,207.1,False,False,False,False,False,,0,0,False,False,No Card,100,100,1024,1373,792,1026,2,False,False,False,False,False,0,False,False,False,False,82,,47.352,,8285,,10044,,47.352,,True,3.939,3.939,3.939,3.939,3.939,3.939,3.939,3.939,3.939,3.939,3.939,3.939,0,,False,False,True,,,,,,,,,,,,,,,False,False,18.772,,94.6,,75.7,,94.6,,1595,71,11,18,7,140482.0,18730.94,,Idle,,20,,10,,,20,Go Home,False,False,False,False,False,False,False,False,False,False,False,False,33.8027920380556,-117.4659261431046,2118.6,2972.0,1049.4,396.9,True,1,1,False,False,False,False,,True,False,False,Course Lock,196.8,67,16.4,93,NE,S,0.89,11.4,Calm,False,False,Android,7.0.2,M300 RTK,1ZN7L4R0H1D00F,1W9DL31001461C,1ZMLH8300204F0,1Z6PH74DAP0QN7,"Corona, CA",728.3,5.7,137.7,8.547347,2.013246,0,0,DJI Matrice 300 RTK,M300 RTK,1ZN7L4R0H1D00F,1W9DL31001461C,1ZMLH8300204F0,1Z6PH74DAP0QN7,DJI Pilot,Android,7.0.2,1EF72A62-B7C3-C88D-164E-CE6F8C8424AE,1ZN7L4R0H1D00F,1W9DL31001461C,,1ZMLH8300204F0,1W9DL31001461C,,,,,
2023-11-01,11:29:48.64 AM,5m 26.3s,326.3,33.8002693056077,-117.4722244074327,114.5,137.7,18.3,1378,2536.1,6.397804,6.94893,-5.144962,2.23694,-3.802798,1.342164,0.447388,0.894776,-3.1,0.4,3.1,-145,215,218.5,Tripod,Other,,21,5,True,,True,False,,Smart,RC,False,True,False,,,True,,False,False,False,False,False,False,False,False,False,False,0,Follow Yaw,-77.9,0,-152.8,207.2,False,False,False,False,False,,0,0,False,False,No Card,100,100,1024,1372,795,1024,2,False,False,False,False,False,0,False,False,False,False,82,,47.352,,8285,,10044,,47.352,,True,3.945,3.945,3.945,3.945,3.945,3.945,3.945,3.945,3.945,3.945,3.945,3.945,0,,False,False,True,,,,,,,,,,,,,,,False,False,18.772,,94.6,,75.7,,94.6,,1594,71,11,18,7,140298.1,18706.42,,Idle,,20,,10,,,20,Go Home,False,False,False,False,False,False,False,False,False,False,False,False,33.8027920380556,-117.4659261431046,2119.5,2972.0,1049.4,396.9,True,1,1,False,False,False,False,,True,False,False,Course Lock,196.8,67,16.4,93,NE,S,0.89,11.4,Calm,False,False,Android,7.0.2,M300 RTK,1ZN7L4R0H1D00F,1W9DL31001461C,1ZMLH8300204F0,1Z6PH74DAP0QN7,"Corona, CA",728.3,5.7,137.7,8.547347,2.013246,0,0,DJI Matrice 300 RTK,M300 RTK,1ZN7L4R0H1D00F,1W9DL31001461C,1ZMLH8300204F0,1Z6PH74DAP0QN7,DJI Pilot,Android,7.0.2,1EF72A62-B7C3-C88D-164E-CE6F8C8424AE,1ZN7L4R0H1D00F,1W9DL31001461C,,1ZMLH8300204F0,1W9DL31001461C,,,,,
2023-11-01,11:29:48.70 AM,5m 26.4s,326.4,33.8002671509524,-117.4722262975576,114.5,137.7,18.3,1378,2537.1,6.397804,6.94893,-5.144962,2.23694,-3.802798,1.342164,0.447388,0.894776,-2.9,-0.2,2.9,-144.9,215.1,216.0,Tripod,Other,,21,5,True,,True,False,,Smart,RC,False,True,False,,,True,,False,False,False,False,False,False,False,False,False,False,0,Follow Yaw,-77.9,0,-152.8,207.2,False,False,False,False,False,,0,0,False,False,No Card,100,100,1024,1371,782,1024,2,False,False,False,False,False,0,False,False,False,False,82,,47.352,,8285,,10044,,47.352,,True,3.945,3.945,3.945,3.945,3.945,3.945,3.945,3.945,3.945,3.945,3.945,3.945,0,,False,False,True,,,,,,,,,,,,,,,False,False,18.772,,94.6,,75.7,,94.6,,1594,71,11,18,7,140298.1,18706.42,,Idle,,20,,10,,,20,Go Home,False,False,False,False,False,False,False,False,False,False,False,False,33.8027920380556,-117.4659261431046,2120.3,2972.0,1049.4,396.9,True,1,1,False,False,False,False,,True,False,False,Course Lock,196.8,67,16.4,93,NE,S,0.89,11.4,Calm,False,False,Android,7.0.2,M300 RTK,1ZN7L4R0H1D00F,1W9DL31001461C,1ZMLH8300204F0,1Z6PH74DAP0QN7,"Corona, CA",728.3,5.7,137.7,8.547347,2.013246,0,0,DJI Matrice 300 RTK,M300 RTK,1ZN7L4R0H1D00F,1W9DL31001461C,1ZMLH8300204F0,1Z6PH74DAP0QN7,DJI Pilot,Android,7.0.2,1EF72A62-B7C3-C88D-164E-CE6F8C8424AE,1ZN7L4R0H1D00F,1W9DL31001461C,,1ZMLH8300204F0,1W9DL31001461C,,,,,
2023-11-01,11:29:48.81 AM,5m 26.5s,326.5,33.8002650697636,-117.4722281814151,114.5,137.7,18.3,1378,2538.0,6.397804,6.94893,-5.144962,2.23694,-3.802798,1.342164,0.447388,0.894776,-2.8,-0.6,2.8,-144.9,215.1,216.9,Tripod,Other,,21,5,True,,True,False,,Smart,RC,False,True,False,,,True,,False,False,False,False,False,False,False,False,False,False,0,Follow Yaw,-77.9,0,-152.8,207.2,False,False,False,False,False,,0,0,False,False,No Card,100,100,1024,1372,773,1024,2,False,False,False,False,False,0,False,False,False,False,82,,47.352,,8285,,10044,,47.352,,True,3.945,3.945,3.945,3.945,3.945,3.945,3.945,3.945,3.945,3.945,3.945,3.945,0,,False,False,True,,,,,,,,,,,,,,,False,False,18.772,,94.6,,75.7,,94.6,,1594,71,11,18,7,140298.1,18706.42,,Idle,,20,,10,,,20,Go Home,False,False,False,False,False,False,False,False,False,False,False,False,33.8027920380556,-117.4659261431046,2121.2,2972.0,1049.4,396.9,True,1,1,False,False,False,False,,True,False,False,Course Lock,196.8,67,16.4,93,NE,S,0.89,11.4,Calm,False,False,Android,7.0.2,M300 RTK,1ZN7L4R0H1D00F,1W9DL31001461C,1ZMLH8300204F0,1Z6PH74DAP0QN7,"Corona, CA",728.3,5.7,137.7,8.547347,2.013246,0,0,DJI Matrice 300 RTK,M300 RTK,1ZN7L4R0H1D00F,1W9DL31001461C,1ZMLH8300204F0,1Z6PH74DAP0QN7,DJI Pilot,Android,7.0.2,1EF72A62-B7C3-C88D-164E-CE6F8C8424AE,1ZN7L4R0H1D00F,1W9DL31001461C,,1ZMLH8300204F0,1W9DL31001461C,,,,,
2023-11-01,11:29:48.94 AM,5m 26.6s,326.6,33.8002629090774,-117.4722300609843,114.5,137.7,18.3,1378,2539.0,6.397804,6.94893,-5.144962,2.23694,-3.802798,1.342164,0.447388,0.894776,-2.7,-0.7,2.7,-144.9,215.1,215.8,Tripod,Other,,21,5,True,,True,False,,Smart,RC,False,True,False,,,True,,False,False,False,False,False,False,False,False,False,False,0,Follow Yaw,-77.9,0,-152.8,207.2,False,False,False,False,False,,0,0,False,False,No Card,100,100,1024,1372,741,1186,2,False,False,False,False,False,0,False,False,False,False,82,,47.352,,8285,,10044,,47.352,,True,3.945,3.945,3.945,3.945,3.945,3.945,3.945,3.945,3.945,3.945,3.945,3.945,0,,False,False,True,,,,,,,,,,,,,,,False,False,18.772,,94.6,,75.7,,94.6,,1594,71,11,18,7,140298.1,18706.42,,Idle,,20,,10,,,20,Go Home,False,False,False,False,False,False,False,False,False,False,False,False,33.8027920380556,-117.4659261431046,2122.0,2972.0,1049.4,396.9,True,1,1,False,False,False,False,,True,False,False,Course Lock,196.8,67,16.4,93,NE,S,0.89,11.4,Calm,False,False,Android,7.0.2,M300 RTK,1ZN7L4R0H1D00F,1W9DL31001461C,1ZMLH8300204F0,1Z6PH74DAP0QN7,"Corona, CA",728.3,5.7,137.7,8.547347,2.013246,0,0,DJI Matrice 300 RTK,M300 RTK,1ZN7L4R0H1D00F,1W9DL31001461C,1ZMLH8300204F0,1Z6PH74DAP0QN7,DJI Pilot,Android,7.0.2,1EF72A62-B7C3-C88D-164E-CE6F8C8424AE,1ZN7L4R0H1D00F,1W9DL31001461C,,1ZMLH8300204F0,1W9DL31001461C,,,,,
2023-11-01,11:29:49.01 AM,5m 26.7s,326.7,33.8002607483912,-117.4722319194422,114.1,137.7,18.3,1378,2540.0,6.397804,6.94893,-5.144962,2.23694,-3.802798,1.342164,0.447388,0.894776,-2.7,-0.5,2.7,-144.8,215.2,215.5,Tripod,Other,,21,5,True,,True,False,,Smart,RC,False,True,False,,,True,,False,False,False,False,False,False,False,False,False,False,0,Follow Yaw,-77.9,0,-152.7,207.3,False,False,False,False,False,,0,0,False,False,No Card,100,100,1024,1373,743,1195,2,False,False,False,False,False,0,False,False,False,False,83,,47.316,,4138,,4986,,47.316,,True,3.945,3.945,3.945,3.945,3.945,3.945,3.945,3.945,3.945,3.945,3.945,3.945,0,,False,False,True,,,,,,,,,,,,,,,False,False,9.298,,94.6,,75.7,,94.6,,1594,71,11,18,7,140298.1,18706.42,,Idle,,20,,10,,,20,Go Home,False,False,False,False,False,False,False,False,False,False,False,False,33.8027920380556,-117.4659261431046,2122.9,2972.0,1049.4,396.9,True,1,1,False,False,False,False,,True,False,False,Course Lock,196.8,67,16.4,93,NE,S,0.89,11.4,Calm,False,False,Android,7.0.2,M300 RTK,1ZN7L4R0H1D00F,1W9DL31001461C,1ZMLH8300204F0,1Z6PH74DAP0QN7,"Corona, CA",728.3,5.7,137.7,8.547347,2.013246,0,0,DJI Matrice 300 RTK,M300 RTK,1ZN7L4R0H1D00F,1W9DL31001461C,1ZMLH8300204F0,1Z6PH74DAP0QN7,DJI Pilot,Android,7.0.2,1EF72A62-B7C3-C88D-164E-CE6F8C8424AE,1ZN7L4R0H1D00F,1W9DL31001461C,,1ZMLH8300204F0,1W9DL31001461C,,,,,
2023-11-01,11:29:49.14 AM,5m 26.8s,326.8,33.800258568516,-117.4722337754261,114.1,137.7,18.3,1378,2540.9,6.267425,6.94893,-5.144962,2.23694,-3.579104,1.342164,0.447388,0.894776,-2.8,0.3,2.8,-144.7,215.3,215.2,Tripod,Other,,21,5,True,,True,False,,Smart,RC,False,True,False,,,True,,False,False,False,False,False,False,False,False,False,False,0,Follow Yaw,-77.9,0,-152.4,207.6,False,False,False,False,False,,0,0,False,False,No Card,100,100,1024,1375,744,1178,2,False,False,False,False,False,0,False,False,False,False,83,,47.316,,4138,,4986,,47.316,,True,3.945,3.945,3.945,3.945,3.945,3.945,3.945,3.945,3.945,3.945,3.945,3.945,0,,False,False,True,,,,,,,,,,,,,,,False,False,9.298,,94.6,,75.7,,94.6,,1594,71,11,18,7,140298.1,18706.42,,Idle,,20,,10,,,20,Go Home,False,False,False,False,False,False,False,False,False,False,False,False,33.8027920380556,-117.4659261431046,2123.8,2972.0,1049.4,396.9,True,1,1,False,False,False,False,,True,False,False,Course Lock,196.8,67,16.4,93,NE,S,0.89,11.4,Calm,False,False,Android,7.0.2,M300 RTK,1ZN7L4R0H1D00F,1W9DL31001461C,1ZMLH8300204F0,1Z6PH74DAP0QN7,"Corona, CA",728.3,5.7,137.7,8.547347,2.013246,0,0,DJI Matrice 300 RTK,M300 RTK,1ZN7L4R0H1D00F,1W9DL31001461C,1ZMLH8300204F0,1Z6PH74DAP0QN7,DJI Pilot,Android,7.0.2,1EF72A62-B7C3-C88D-164E-CE6F8C8424AE,1ZN7L4R0H1D00F,1W9DL31001461C,,1ZMLH8300204F0,1W9DL31001461C,,,,,
2023-11-01,11:29:49.22 AM,5m 26.9s,326.9,33.8002563848029,-117.4722355336052,114.1,137.7,18.3,1378,2541.9,6.397804,6.94893,-5.144962,2.23694,-3.802798,1.342164,0.447388,0.894776,-2.7,1.4,3,-144.5,215.5,213.7,Tripod,Other,,21,5,True,,True,False,,Smart,RC,False,True,False,,,True,,False,False,False,False,False,False,False,False,False,False,0,Follow Yaw,-77.9,0,-152.1,207.9,False,False,False,False,False,,0,0,False,False,No Card,100,100,1024,1369,752,1165,2,False,False,False,False,False,0,False,False,False,False,83,,47.316,,4138,,4986,,47.316,,True,3.945,3.945,3.945,3.945,3.945,3.945,3.945,3.945,3.945,3.945,3.945,3.945,0,,False,False,True,,,,,,,,,,,,,,,False,False,9.298,,94.6,,75.7,,94.6,,1594,71,11,18,7,140298.1,18706.42,,Idle,,20,,10,,,20,Go Home,False,False,False,False,False,False,False,False,False,False,False,False,33.8027920380556,-117.4659261431046,2124.6,2972.0,1049.4,396.9,True,1,1,False,False,False,False,,True,False,False,Course Lock,196.8,67,16.4,93,NE,S,0.89,11.4,Calm,False,False,Android,7.0.2,M300 RTK,1ZN7L4R0H1D00F,1W9DL31001461C,1ZMLH8300204F0,1Z6PH74DAP0QN7,"Corona, CA",728.3,5.7,137.7,8.547347,2.013246,0,0,DJI Matrice 300 RTK,M300 RTK,1ZN7L4R0H1D00F,1W9DL31001461C,1ZMLH8300204F0,1Z6PH74DAP0QN7,DJI Pilot,Android,7.0.2,1EF72A62-B7C3-C88D-164E-CE6F8C8424AE,1ZN7L4R0H1D00F,1W9DL31001461C,,1ZMLH8300204F0,1W9DL31001461C,,,,,
2023-11-01,11:29:49.33 AM,5m 27.0s,327.0,33.8002542043794,-117.4722374072368,114.1,137.7,18.3,1378,2542.9,6.397804,6.94893,-5.144962,2.23694,-3.802798,1.342164,0.447388,0.894776,-2.4,1.8,3,-144.4,215.6,215.5,Tripod,Other,,21,5,True,,True,False,,Smart,RC,False,True,False,,,True,,False,False,False,False,False,False,False,False,False,False,0,Follow Yaw,-77.9,0,-151.8,208.2,False,False,False,False,False,,0,0,False,False,No Card,100,100,1024,1372,766,1121,2,False,False,False,False,False,0,False,False,False,False,82,,47.352,,8235,,10044,,47.352,,True,3.945,3.945,3.945,3.945,3.945,3.945,3.945,3.945,3.945,3.945,3.945,3.945,0,,False,False,True,,,,,,,,,,,,,,,False,False,18.826,,94.8,,75.7,,94.8,,1594,71,11,18,7,140298.1,18706.42,,Idle,,20,,10,,,20,Go Home,False,False,False,False,False,False,False,False,False,False,False,False,33.8027920380556,-117.4659261431046,2125.4,2972.0,1049.4,396.9,True,1,1,False,False,False,False,,True,False,False,Course Lock,196.8,67,16.4,93,NE,S,0.89,11.4,Calm,False,False,Android,7.0.2,M300 RTK,1ZN7L4R0H1D00F,1W9DL31001461C,1ZMLH8300204F0,1Z6PH74DAP0QN7,"Corona, CA",728.3,5.7,137.7,8.547347,2.013246,0,0,DJI Matrice 300 RTK,M300 RTK,1ZN7L4R0H1D00F,1W9DL31001461C,1ZMLH8300204F0,1Z6PH74DAP0QN7,DJI Pilot,Android,7.0.2,1EF72A62-B7C3-C88D-164E-CE6F8C8424AE,1ZN7L4R0H1D00F,1W9DL31001461C,,1ZMLH8300204F0,1W9DL31001461C,,,,,
2023-11-01,11:29:49.43 AM,5m 27.1s,327.1,33.8002519192386,-117.4722392638805,113.8,137.7,18.3,1378,2543.9,6.397804,6.94893,-5.144962,2.23694,-3.802798,1.342164,0.447388,0.894776,-2.1,1.5,2.5,-144.2,215.8,214.0,Tripod,Other,,21,5,True,,True,False,,Smart,RC,False,True,False,,,True,,False,False,False,False,False,False,False,False,False,False,0,Follow Yaw,-77.9,0,-151.5,208.5,False,False,False,False,False,,0,0,False,False,No Card,100,100,1024,1372,774,1102,2,False,False,False,False,False,0,False,False,False,False,82,,47.352,,8235,,10044,,47.352,,True,3.945,3.945,3.945,3.945,3.945,3.945,3.945,3.945,3.945,3.945,3.945,3.945,0,,False,False,True,,,,,,,,,,,,,,,False,False,18.826,,94.8,,75.7,,94.8,,1594,71,11,18,7,140298.1,18706.42,,Idle,,20,,10,,,20,Go Home,False,False,False,False,False,False,False,False,False,False,False,False,33.8027920380556,-117.4659261431046,2126.3,2972.0,1049.4,396.9,True,1,1,False,False,False,False,,True,False,False,Course Lock,196.8,67,16.4,93,NE,S,0.89,11.4,Calm,False,False,Android,7.0.2,M300 RTK,1ZN7L4R0H1D00F,1W9DL31001461C,1ZMLH8300204F0,1Z6PH74DAP0QN7,"Corona, CA",728.3,5.7,137.7,8.547347,2.013246,0,0,DJI Matrice 300 RTK,M300 RTK,1ZN7L4R0H1D00F,1W9DL31001461C,1ZMLH8300204F0,1Z6PH74DAP0QN7,DJI Pilot,Android,7.0.2,1EF72A62-B7C3-C88D-164E-CE6F8C8424AE,1ZN7L4R0H1D00F,1W9DL31001461C,,1ZMLH8300204F0,1W9DL31001461C,,,,,
2023-11-01,11:29:49.53 AM,5m 27.2s,327.2,33.8002497563593,-117.4722411766012,113.8,137.7,18.3,1378,2544.8,6.397804,6.94893,-5.144962,2.23694,-3.802798,1.342164,0.447388,0.894776,-2,0.9,2.1,-143.9,216.1,216.3,Tripod,Other,,20,5,True,,True,False,,Smart,RC,False,True,False,,,True,,False,False,False,False,False,False,False,False,False,False,0,Follow Yaw,-77.9,0,-151.4,208.6,False,False,False,False,False,,0,0,False,False,No Card,100,100,1024,1371,780,1082,2,False,False,False,False,False,0,False,False,False,False,82,,47.352,,8235,,10044,,47.352,,True,3.945,3.945,3.945,3.945,3.945,3.945,3.945,3.945,3.945,3.945,3.945,3.945,0,,False,False,True,,,,,,,,,,,,,,,False,False,18.826,,94.8,,75.7,,94.8,,1594,71,11,18,7,140298.1,18706.42,,Idle,,20,,10,,,20,Go Home,False,False,False,False,False,False,False,False,False,False,False,False,33.8027920380556,-117.4659261431046,2127.2,2972.0,1049.4,396.9,True,1,1,False,False,False,False,,True,False,False,Course Lock,196.8,67,16.4,93,NE,S,0.89,11.4,Calm,False,False,Android,7.0.2,M300 RTK,1ZN7L4R0H1D00F,1W9DL31001461C,1ZMLH8300204F0,1Z6PH74DAP0QN7,"Corona, CA",728.3,5.7,137.7,8.547347,2.013246,0,0,DJI Matrice 300 RTK,M300 RTK,1ZN7L4R0H1D00F,1W9DL31001461C,1ZMLH8300204F0,1Z6PH74DAP0QN7,DJI Pilot,Android,7.0.2,1EF72A62-B7C3-C88D-164E-CE6F8C8424AE,1ZN7L4R0H1D00F,1W9DL31001461C,,1ZMLH8300204F0,1W9DL31001461C,,,,,
2023-11-01,11:29:49.64 AM,5m 27.3s,327.3,33.8002477201278,-117.4722429928364,113.8,137.7,18.3,1378,2545.8,6.397804,6.94893,-5.144962,2.23694,-3.802798,1.342164,0.447388,0.894776,-2,0.5,2,-143.6,216.4,216.5,Tripod,Other,,20,5,True,,True,False,,Smart,RC,False,True,False,,,True,,False,False,False,False,False,False,False,False,False,False,0,Follow Yaw,-77.9,0,-151.2,208.8,False,False,False,False,False,,0,0,False,False,No Card,100,100,1024,1373,784,1063,2,False,False,False,False,False,0,False,False,False,False,82,,47.352,,8235,,10044,,47.352,,True,3.943,3.943,3.943,3.943,3.943,3.943,3.943,3.943,3.943,3.943,3.943,3.943,0,,False,False,True,,,,,,,,,,,,,,,False,False,18.826,,94.8,,75.7,,94.8,,1594,71,11,18,7,140122.1,18682.95,,Idle,,20,,10,,,20,Go Home,False,False,False,False,False,False,False,False,False,False,False,False,33.8027920380556,-117.4659261431046,2128.0,2972.0,1049.4,396.9,True,1,1,False,False,False,False,,True,False,False,Course Lock,196.8,67,16.4,93,NE,S,0.89,11.4,Calm,False,False,Android,7.0.2,M300 RTK,1ZN7L4R0H1D00F,1W9DL31001461C,1ZMLH8300204F0,1Z6PH74DAP0QN7,"Corona, CA",728.3,5.7,137.7,8.547347,2.013246,0,0,DJI Matrice 300 RTK,M300 RTK,1ZN7L4R0H1D00F,1W9DL31001461C,1ZMLH8300204F0,1Z6PH74DAP0QN7,DJI Pilot,Android,7.0.2,1EF72A62-B7C3-C88D-164E-CE6F8C8424AE,1ZN7L4R0H1D00F,1W9DL31001461C,,1ZMLH8300204F0,1W9DL31001461C,,,,,
2023-11-01,11:29:49.74 AM,5m 27.4s,327.4,33.800245590144,-117.4722449085258,113.8,137.7,18.3,1378,2546.7,6.397804,6.94893,-5.144962,2.23694,-3.802798,1.342164,0.447388,0.894776,-2.1,0.2,2.1,-143.4,216.6,216.7,Tripod,Other,,20,5,True,,True,False,,Smart,RC,False,True,False,,,True,,False,False,False,False,False,False,False,False,False,False,0,Follow Yaw,-77.9,0,-151.2,208.8,False,False,False,False,False,,0,0,False,False,No Card,100,100,1024,1371,796,1024,2,False,False,False,False,False,0,False,False,False,False,82,,47.352,,8235,,10044,,47.352,,True,3.943,3.943,3.943,3.943,3.943,3.943,3.943,3.943,3.943,3.943,3.943,3.943,0,,False,False,True,,,,,,,,,,,,,,,False,False,18.826,,94.8,,75.7,,94.8,,1594,71,11,18,7,140122.1,18682.95,,Idle,,20,,10,,,20,Go Home,False,False,False,False,False,False,False,False,False,False,False,False,33.8027920380556,-117.4659261431046,2128.9,2972.0,1049.4,396.9,True,1,1,False,False,False,False,,True,False,False,Course Lock,196.8,67,16.4,93,NE,S,0.89,11.4,Calm,False,False,Android,7.0.2,M300 RTK,1ZN7L4R0H1D00F,1W9DL31001461C,1ZMLH8300204F0,1Z6PH74DAP0QN7,"Corona, CA",728.3,5.7,137.7,8.547347,2.013246,0,0,DJI Matrice 300 RTK,M300 RTK,1ZN7L4R0H1D00F,1W9DL31001461C,1ZMLH8300204F0,1Z6PH74DAP0QN7,DJI Pilot,Android,7.0.2,1EF72A62-B7C3-C88D-164E-CE6F8C8424AE,1ZN7L4R0H1D00F,1W9DL31001461C,,1ZMLH8300204F0,1W9DL31001461C,,,,,
2023-11-01,11:29:49.84 AM,5m 27.5s,327.5,33.8002433905315,-117.4722469619338,113.5,137.7,18.3,1377,2547.8,6.397804,6.94893,-5.144962,2.23694,-3.802798,1.342164,0.447388,0.894776,-2.3,0,2.3,-143.2,216.8,217.8,Tripod,Other,,20,5,True,,True,False,,Smart,RC,False,True,False,,,True,,False,False,False,False,False,False,False,False,False,False,0,Follow Yaw,-77.9,0,-151.2,208.8,False,False,False,False,False,,0,0,False,False,No Card,100,100,1024,1373,788,1024,2,False,False,False,False,False,0,False,False,False,False,82,,47.352,,8235,,10044,,47.352,,True,3.943,3.943,3.943,3.943,3.943,3.943,3.943,3.943,3.943,3.943,3.943,3.943,0,,False,False,True,,,,,,,,,,,,,,,False,False,18.826,,94.8,,75.7,,94.8,,1594,71,11,18,7,140122.1,18682.95,,Idle,,20,,10,,,20,Go Home,False,False,False,False,False,False,False,False,False,False,False,False,33.8027920380556,-117.4659261431046,2129.8,2972.0,1049.4,396.9,True,1,1,False,False,False,False,,True,False,False,Course Lock,196.8,67,16.4,93,NE,S,0.89,11.4,Calm,False,False,Android,7.0.2,M300 RTK,1ZN7L4R0H1D00F,1W9DL31001461C,1ZMLH8300204F0,1Z6PH74DAP0QN7,"Corona, CA",728.3,5.7,137.7,8.547347,2.013246,0,0,DJI Matrice 300 RTK,M300 RTK,1ZN7L4R0H1D00F,1W9DL31001461C,1ZMLH8300204F0,1Z6PH74DAP0QN7,DJI Pilot,Android,7.0.2,1EF72A62-B7C3-C88D-164E-CE6F8C8424AE,1ZN7L4R0H1D00F,1W9DL31001461C,,1ZMLH8300204F0,1W9DL31001461C,,,,,
2023-11-01,11:29:49.95 AM,5m 27.6s,327.6,33.8002412748025,-117.4722488906528,113.5,137.7,18.3,1377,2548.7,6.397804,6.94893,-5.144962,2.23694,-3.802798,1.342164,0.447388,0.894776,-2.8,0,2.8,-143.1,216.9,217.1,Tripod,Other,,21,5,True,,True,False,,Smart,RC,False,True,False,,,True,,False,False,False,False,False,False,False,False,False,False,0,Follow Yaw,-77.9,0,-151.2,208.8,False,False,False,False,False,,0,0,False,False,No Card,100,100,1024,1373,785,1024,2,False,False,False,False,False,0,False,False,False,False,82,,47.352,,8235,,10044,,47.352,,True,3.943,3.943,3.943,3.943,3.943,3.943,3.943,3.943,3.943,3.943,3.943,3.943,0,,False,False,True,,,,,,,,,,,,,,,False,False,18.826,,94.8,,75.7,,94.8,,1594,71,11,18,7,140122.1,18682.95,,Idle,,20,,10,,,20,Go Home,False,False,False,False,False,False,False,False,False,False,False,False,33.8027920380556,-117.4659261431046,2130.6,2972.0,1049.4,396.9,True,1,1,False,False,False,False,,True,False,False,Course Lock,196.8,67,16.4,93,NE,S,0.89,11.4,Calm,False,False,Android,7.0.2,M300 RTK,1ZN7L4R0H1D00F,1W9DL31001461C,1ZMLH8300204F0,1Z6PH74DAP0QN7,"Corona, CA",728.3,5.7,137.7,8.547347,2.013246,0,0,DJI Matrice 300 RTK,M300 RTK,1ZN7L4R0H1D00F,1W9DL31001461C,1ZMLH8300204F0,1Z6PH74DAP0QN7,DJI Pilot,Android,7.0.2,1EF72A62-B7C3-C88D-164E-CE6F8C8424AE,1ZN7L4R0H1D00F,1W9DL31001461C,,1ZMLH8300204F0,1W9DL31001461C,,,,,
2023-11-01,11:29:50.05 AM,5m 27.7s,327.7,33.8002391651043,-117.4722508432872,113.5,137.7,18.3,1377,2549.7,6.219336,6.94893,-4.921268,2.23694,-3.802798,1.342164,0.447388,0.894776,-3.2,0.1,3.2,-143,217,217.5,Tripod,Other,,21,5,True,,True,False,,Smart,RC,False,True,False,,,True,,False,False,False,False,False,False,False,False,False,False,0,Follow Yaw,-77.9,0,-151.2,208.8,False,False,False,False,False,,0,0,False,False,No Card,100,100,1024,1374,786,1024,2,False,False,False,False,False,0,False,False,False,False,82,,47.352,,8235,,10044,,47.352,,True,3.943,3.943,3.943,3.943,3.943,3.943,3.943,3.943,3.943,3.943,3.943,3.943,0,,False,False,True,,,,,,,,,,,,,,,False,False,18.826,,94.8,,75.7,,94.8,,1594,71,11,18,7,140122.1,18682.95,,Idle,,20,,10,,,20,Go Home,False,False,False,False,False,False,False,False,False,False,False,False,33.8027920380556,-117.4659261431046,2131.5,2972.0,1049.4,396.9,True,1,1,False,False,False,False,,True,False,False,Course Lock,196.8,67,16.4,93,NE,S,0.89,11.4,Calm,False,False,Android,7.0.2,M300 RTK,1ZN7L4R0H1D00F,1W9DL31001461C,1ZMLH8300204F0,1Z6PH74DAP0QN7,"Corona, CA",728.3,5.7,137.7,8.547347,2.013246,0,0,DJI Matrice 300 RTK,M300 RTK,1ZN7L4R0H1D00F,1W9DL31001461C,1ZMLH8300204F0,1Z6PH74DAP0QN7,DJI Pilot,Android,7.0.2,1EF72A62-B7C3-C88D-164E-CE6F8C8424AE,1ZN7L4R0H1D00F,1W9DL31001461C,,1ZMLH8300204F0,1W9DL31001461C,,,,,
2023-11-01,11:29:50.15 AM,5m 27.8s,327.8,33.8002370565027,-117.472252789654,113.1,137.7,18.3,1377,2550.7,6.219336,6.94893,-4.921268,2.23694,-3.802798,1.342164,0.447388,0.894776,-3.2,0.2,3.2,-142.9,217.1,217.4,Tripod,Other,,21,5,True,,True,False,,Smart,RC,False,True,False,,,True,,False,False,False,False,False,False,False,False,False,False,0,Follow Yaw,-77.9,0,-151.2,208.8,False,False,False,False,False,,0,0,False,False,No Card,100,100,1024,1372,787,1024,2,False,False,False,False,False,0,False,False,False,False,82,,47.352,,8235,,10044,,47.352,,True,3.943,3.943,3.943,3.943,3.943,3.943,3.943,3.943,3.943,3.943,3.943,3.943,0,,False,False,True,,,,,,,,,,,,,,,False,False,18.826,,94.8,,75.7,,94.8,,1594,71,11,18,7,140122.1,18682.95,,Idle,,20,,10,,,20,Go Home,False,False,False,False,False,False,False,False,False,False,False,False,33.8027920380556,-117.4659261431046,2132.4,2972.0,1049.4,396.9,True,1,1,False,False,False,False,,True,False,False,Course Lock,196.8,67,16.4,93,NE,S,0.89,11.4,Calm,False,False,Android,7.0.2,M300 RTK,1ZN7L4R0H1D00F,1W9DL31001461C,1ZMLH8300204F0,1Z6PH74DAP0QN7,"Corona, CA",728.3,5.7,137.7,8.547347,2.013246,0,0,DJI Matrice 300 RTK,M300 RTK,1ZN7L4R0H1D00F,1W9DL31001461C,1ZMLH8300204F0,1Z6PH74DAP0QN7,DJI Pilot,Android,7.0.2,1EF72A62-B7C3-C88D-164E-CE6F8C8424AE,1ZN7L4R0H1D00F,1W9DL31001461C,,1ZMLH8300204F0,1W9DL31001461C,,,,,
2023-11-01,11:29:50.26 AM,5m 27.9s,327.9,33.8002350334293,-117.4722547022097,113.1,137.7,18.3,1377,2551.6,6.358578,6.94893,-4.921268,2.23694,-4.026492,1.342164,0.447388,0.894776,-3,-0.1,3,-142.9,217.1,218.1,Tripod,Other,,21,5,True,,True,False,,Smart,RC,False,True,False,,,True,,False,False,False,False,False,False,False,False,False,False,0,Follow Yaw,-77.9,0,-151.2,208.8,False,False,False,False,False,,0,0,False,False,No Card,100,100,1024,1372,784,1024,2,False,False,False,False,False,0,False,False,False,False,82,,47.352,,8235,,10044,,47.352,,True,3.943,3.943,3.943,3.943,3.943,3.943,3.943,3.943,3.943,3.943,3.943,3.943,0,,False,False,True,,,,,,,,,,,,,,,False,False,18.826,,94.8,,75.7,,94.8,,1594,71,11,18,7,140122.1,18682.95,,Idle,,20,,10,,,20,Go Home,False,False,False,False,False,False,False,False,False,False,False,False,33.8027920380556,-117.4659261431046,2133.2,2972.0,1049.4,396.9,True,1,1,False,False,False,False,,True,False,False,Course Lock,196.8,67,16.4,93,NE,S,0.89,11.4,Calm,False,False,Android,7.0.2,M300 RTK,1ZN7L4R0H1D00F,1W9DL31001461C,1ZMLH8300204F0,1Z6PH74DAP0QN7,"Corona, CA",728.3,5.7,137.7,8.547347,2.013246,0,0,DJI Matrice 300 RTK,M300 RTK,1ZN7L4R0H1D00F,1W9DL31001461C,1ZMLH8300204F0,1Z6PH74DAP0QN7,DJI Pilot,Android,7.0.2,1EF72A62-B7C3-C88D-164E-CE6F8C8424AE,1ZN7L4R0H1D00F,1W9DL31001461C,,1ZMLH8300204F0,1W9DL31001461C,,,,,
2023-11-01,11:29:50.36 AM,5m 28.0s,328.0,33.8002329281172,-117.4722566644101,113.1,137.7,18.3,1377,2552.6,6.358578,6.94893,-4.921268,2.23694,-4.026492,1.342164,0.447388,0.894776,-2.7,-0.5,2.7,-143,217,217.7,Tripod,Other,,21,5,True,,True,False,,Smart,RC,False,True,False,,,True,,False,False,False,False,False,False,False,False,False,False,0,Follow Yaw,-77.9,0,-151.2,208.8,False,False,False,False,False,,0,0,False,False,No Card,100,100,1024,1371,783,1024,2,False,False,False,False,False,0,False,False,False,False,82,,47.304,,4088,,4986,,47.304,,True,3.943,3.943,3.943,3.943,3.943,3.943,3.943,3.943,3.943,3.943,3.943,3.943,0,,False,False,True,,,,,,,,,,,,,,,False,False,9.352,,94.8,,75.7,,94.8,,1594,71,11,18,7,140122.1,18682.95,,Idle,,20,,10,,,20,Go Home,False,False,False,False,False,False,False,False,False,False,False,False,33.8027920380556,-117.4659261431046,2134.1,2972.0,1049.4,396.9,True,1,1,False,False,False,False,,True,False,False,Course Lock,196.8,67,16.4,93,NE,S,0.89,11.4,Calm,False,False,Android,7.0.2,M300 RTK,1ZN7L4R0H1D00F,1W9DL31001461C,1ZMLH8300204F0,1Z6PH74DAP0QN7,"Corona, CA",728.3,5.7,137.7,8.547347,2.013246,0,0,DJI Matrice 300 RTK,M300 RTK,1ZN7L4R0H1D00F,1W9DL31001461C,1ZMLH8300204F0,1Z6PH74DAP0QN7,DJI Pilot,Android,7.0.2,1EF72A62-B7C3-C88D-164E-CE6F8C8424AE,1ZN7L4R0H1D00F,1W9DL31001461C,,1ZMLH8300204F0,1W9DL31001461C,,,,,
2023-11-01,11:29:50.46 AM,5m 28.1s,328.1,33.8002305826679,-117.472258829972,113.1,137.7,18.3,1377,2553.7,6.397804,6.94893,-5.144962,2.23694,-3.802798,1.342164,0.447388,0.894776,-2.5,-0.6,2.5,-143,217,217.4,Tripod,Other,,21,5,True,,True,False,,Smart,RC,False,True,False,,,True,,False,False,False,False,False,False,False,False,False,False,0,Follow Yaw,-77.9,0,-151.2,208.8,False,False,False,False,False,,0,0,False,False,No Card,100,100,1024,1373,781,1024,2,False,False,False,False,False,0,False,False,False,False,82,,47.304,,4088,,4986,,47.304,,True,3.943,3.943,3.943,3.943,3.943,3.943,3.943,3.943,3.943,3.943,3.943,3.943,0,,False,False,True,,,,,,,,,,,,,,,False,False,9.352,,94.8,,75.7,,94.8,,1594,71,11,18,7,140122.1,18682.95,,Idle,,20,,10,,,20,Go Home,False,False,False,False,False,False,False,False,False,False,False,False,33.8027920380556,-117.4659261431046,2135.0,2972.0,1049.4,396.9,True,1,1,False,False,False,False,,True,False,False,Course Lock,196.8,67,16.4,93,NE,S,0.89,11.4,Calm,False,False,Android,7.0.2,M300 RTK,1ZN7L4R0H1D00F,1W9DL31001461C,1ZMLH8300204F0,1Z6PH74DAP0QN7,"Corona, CA",728.3,5.7,137.7,8.547347,2.013246,0,0,DJI Matrice 300 RTK,M300 RTK,1ZN7L4R0H1D00F,1W9DL31001461C,1ZMLH8300204F0,1Z6PH74DAP0QN7,DJI Pilot,Android,7.0.2,1EF72A62-B7C3-C88D-164E-CE6F8C8424AE,1ZN7L4R0H1D00F,1W9DL31001461C,,1ZMLH8300204F0,1W9DL31001461C,,,,,
2023-11-01,11:29:50.56 AM,5m 28.2s,328.2,33.8002285716563,-117.4722606915636,113.1,137.7,18.3,1377,2554.6,6.397804,6.94893,-5.144962,2.23694,-3.802798,1.342164,0.447388,0.894776,-2.6,-0.7,2.6,-143,217,217.5,Tripod,Other,,22,5,True,,True,False,,Smart,RC,False,True,False,,,True,,False,False,False,False,False,False,False,False,False,False,0,Follow Yaw,-77.9,0,-151.2,208.8,False,False,False,False,False,,0,0,False,False,No Card,100,100,1024,1371,782,1024,2,False,False,False,False,False,0,False,False,False,False,82,,47.304,,4088,,4986,,47.304,,True,3.943,3.943,3.943,3.943,3.943,3.943,3.943,3.943,3.943,3.943,3.943,3.943,0,,False,False,True,,,,,,,,,,,,,,,False,False,9.352,,94.8,,75.7,,94.8,,1594,71,11,18,7,140122.1,18682.95,,Idle,,20,,10,,,20,Go Home,False,False,False,False,False,False,False,False,False,False,False,False,33.8027920380556,-117.4659261431046,2135.9,2972.0,1049.4,396.9,True,1,1,False,False,False,False,,True,False,False,Course Lock,196.8,67,16.4,93,NE,S,0.89,11.4,Calm,False,False,Android,7.0.2,M300 RTK,1ZN7L4R0H1D00F,1W9DL31001461C,1ZMLH8300204F0,1Z6PH74DAP0QN7,"Corona, CA",728.3,5.7,137.7,8.547347,2.013246,0,0,DJI Matrice 300 RTK,M300 RTK,1ZN7L4R0H1D00F,1W9DL31001461C,1ZMLH8300204F0,1Z6PH74DAP0QN7,DJI Pilot,Android,7.0.2,1EF72A62-B7C3-C88D-164E-CE6F8C8424AE,1ZN7L4R0H1D00F,1W9DL31001461C,,1ZMLH8300204F0,1W9DL31001461C,,,,,
2023-11-01,11:29:50.66 AM,5m 28.3s,328.3,33.8002264888227,-117.4722624810798,112.8,137.7,18.3,1377,2555.5,6.397804,6.94893,-5.144962,2.23694,-3.802798,1.342164,0.447388,0.894776,-2.6,-0.6,2.6,-143,217,215.5,Tripod,Other,,22,5,True,,True,False,,Smart,RC,False,True,False,,,True,,False,False,False,False,False,False,False,False,False,False,0,Follow Yaw,-77.9,0,-151.2,208.8,False,False,False,False,False,,0,0,False,False,No Card,100,100,1024,1369,781,1024,2,False,False,False,False,False,0,False,False,False,False,82,,47.304,,4088,,4986,,47.304,,True,3.946,3.946,3.946,3.946,3.946,3.946,3.946,3.946,3.946,3.946,3.946,3.946,0,,False,False,True,,,,,,,,,,,,,,,False,False,9.352,,94.8,,75.7,,94.8,,1593,71,11,18,7,140096.9,18679.59,,Idle,,20,,10,,,20,Go Home,False,False,False,False,False,False,False,False,False,False,False,False,33.8027920380556,-117.4659261431046,2136.7,2972.0,1049.4,396.9,True,1,1,False,False,False,False,,True,False,False,Course Lock,196.8,67,16.4,93,NE,S,0.89,11.4,Calm,False,False,Android,7.0.2,M300 RTK,1ZN7L4R0H1D00F,1W9DL31001461C,1ZMLH8300204F0,1Z6PH74DAP0QN7,"Corona, CA",728.3,5.7,137.7,8.547347,2.013246,0,0,DJI Matrice 300 RTK,M300 RTK,1ZN7L4R0H1D00F,1W9DL31001461C,1ZMLH8300204F0,1Z6PH74DAP0QN7,DJI Pilot,Android,7.0.2,1EF72A62-B7C3-C88D-164E-CE6F8C8424AE,1ZN7L4R0H1D00F,1W9DL31001461C,,1ZMLH8300204F0,1W9DL31001461C,,,,,
2023-11-01,11:29:50.77 AM,5m 28.4s,328.4,33.8002243719972,-117.4722644154066,112.8,137.7,18.3,1377,2556.5,6.397804,6.94893,-5.144962,2.23694,-3.802798,1.342164,0.447388,0.894776,-2.7,-0.4,2.7,-143,217,217.2,Tripod,Other,,22,5,True,,True,False,,Smart,RC,False,True,False,,,True,,False,False,False,False,False,False,False,False,False,False,0,Follow Yaw,-77.9,0,-151.2,208.8,False,False,False,False,False,,0,0,False,False,No Card,100,100,1024,1368,783,1024,2,False,False,False,False,False,0,False,False,False,False,82,,47.304,,4088,,4986,,47.304,,True,3.946,3.946,3.946,3.946,3.946,3.946,3.946,3.946,3.946,3.946,3.946,3.946,0,,False,False,True,,,,,,,,,,,,,,,False,False,9.352,,94.8,,75.7,,94.8,,1593,71,11,18,7,140096.9,18679.59,,Idle,,20,,10,,,20,Go Home,False,False,False,False,False,False,False,False,False,False,False,False,33.8027920380556,-117.4659261431046,2137.6,2972.0,1049.4,396.9,True,1,1,False,False,False,False,,True,False,False,Course Lock,196.8,67,16.4,93,NE,S,0.89,11.4,Calm,False,False,Android,7.0.2,M300 RTK,1ZN7L4R0H1D00F,1W9DL31001461C,1ZMLH8300204F0,1Z6PH74DAP0QN7,"Corona, CA",728.3,5.7,137.7,8.547347,2.013246,0,0,DJI Matrice 300 RTK,M300 RTK,1ZN7L4R0H1D00F,1W9DL31001461C,1ZMLH8300204F0,1Z6PH74DAP0QN7,DJI Pilot,Android,7.0.2,1EF72A62-B7C3-C88D-164E-CE6F8C8424AE,1ZN7L4R0H1D00F,1W9DL31001461C,,1ZMLH8300204F0,1W9DL31001461C,,,,,
2023-11-01,11:29:50.87 AM,5m 28.5s,328.5,33.8002219958455,-117.4722663085002,112.8,137.7,18.3,1377,2557.5,6.397804,6.94893,-5.144962,2.23694,-3.802798,1.342164,0.447388,0.894776,-2.8,-0.3,2.8,-143,217,213.5,Tripod,Other,,22,5,True,,True,False,,Smart,RC,False,True,False,,,True,,False,False,False,False,False,False,False,False,False,False,0,Follow Yaw,-77.9,0,-151.2,208.8,False,False,False,False,False,,0,0,False,False,No Card,100,100,1024,1371,779,1024,2,False,False,False,False,False,0,False,False,False,False,82,,47.304,,4088,,4986,,47.304,,True,3.946,3.946,3.946,3.946,3.946,3.946,3.946,3.946,3.946,3.946,3.946,3.946,0,,False,False,True,,,,,,,,,,,,,,,False,False,9.352,,94.8,,75.7,,94.8,,1593,71,11,18,7,140096.9,18679.59,,Idle,,20,,10,,,20,Go Home,False,False,False,False,False,False,False,False,False,False,False,False,33.8027920380556,-117.4659261431046,2138.5,2972.0,1049.4,396.9,True,1,1,False,False,False,False,,True,False,False,Course Lock,196.8,67,16.4,93,NE,S,0.89,11.4,Calm,False,False,Android,7.0.2,M300 RTK,1ZN7L4R0H1D00F,1W9DL31001461C,1ZMLH8300204F0,1Z6PH74DAP0QN7,"Corona, CA",728.3,5.7,137.7,8.547347,2.013246,0,0,DJI Matrice 300 RTK,M300 RTK,1ZN7L4R0H1D00F,1W9DL31001461C,1ZMLH8300204F0,1Z6PH74DAP0QN7,DJI Pilot,Android,7.0.2,1EF72A62-B7C3-C88D-164E-CE6F8C8424AE,1ZN7L4R0H1D00F,1W9DL31001461C,,1ZMLH8300204F0,1W9DL31001461C,,,,,
2023-11-01,11:29:50.97 AM,5m 28.6s,328.6,33.8002198576379,-117.4722682334258,112.8,137.7,18.7,1377,2558.5,6.397804,6.94893,-5.144962,2.23694,-3.802798,1.342164,0.447388,0.894776,-2.8,-0.3,2.8,-142.9,217.1,216.7,Tripod,Other,,22,5,True,,True,False,,Smart,RC,False,True,False,,,True,,False,False,False,False,False,False,False,False,False,False,0,Follow Yaw,-77.9,0,-151.2,208.8,False,False,False,False,False,,0,0,False,False,No Card,100,100,1024,1367,780,1024,2,False,False,False,False,False,0,False,False,False,False,82,,47.304,,4088,,4986,,47.304,,True,3.946,3.946,3.946,3.946,3.946,3.946,3.946,3.946,3.946,3.946,3.946,3.946,0,,False,False,True,,,,,,,,,,,,,,,False,False,9.352,,94.8,,75.7,,94.8,,1593,71,11,18,7,140096.9,18679.59,,Idle,,20,,10,,,20,Go Home,False,False,False,False,False,False,False,False,False,False,False,False,33.8027920380556,-117.4659261431046,2139.3,2972.0,1049.4,396.9,True,1,1,False,False,False,False,,True,False,False,Course Lock,196.8,67,16.4,93,NE,S,0.89,11.4,Calm,False,False,Android,7.0.2,M300 RTK,1ZN7L4R0H1D00F,1W9DL31001461C,1ZMLH8300204F0,1Z6PH74DAP0QN7,"Corona, CA",728.3,5.7,137.7,8.547347,2.013246,0,0,DJI Matrice 300 RTK,M300 RTK,1ZN7L4R0H1D00F,1W9DL31001461C,1ZMLH8300204F0,1Z6PH74DAP0QN7,DJI Pilot,Android,7.0.2,1EF72A62-B7C3-C88D-164E-CE6F8C8424AE,1ZN7L4R0H1D00F,1W9DL31001461C,,1ZMLH8300204F0,1W9DL31001461C,,,,,
2023-11-01,11:29:51.07 AM,5m 28.7s,328.7,33.8002178066033,-117.4722703427459,112.5,137.7,18.3,1376,2559.5,6.397804,6.94893,-5.144962,2.23694,-3.802798,1.342164,0.447388,0.894776,-2.9,-0.3,2.9,-142.9,217.1,220.5,Tripod,Other,,22,5,True,,True,False,,Smart,RC,False,True,False,,,True,,False,False,False,False,False,False,False,False,False,False,0,Follow Yaw,-77.9,0,-151.2,208.8,False,False,False,False,False,,0,0,False,False,No Card,100,100,1024,1367,782,1024,2,False,False,False,False,False,0,False,False,False,False,82,,47.304,,4088,,4986,,47.304,,True,3.946,3.946,3.946,3.946,3.946,3.946,3.946,3.946,3.946,3.946,3.946,3.946,0,,False,False,True,,,,,,,,,,,,,,,False,False,9.352,,94.8,,75.7,,94.8,,1593,71,11,18,7,140096.9,18679.59,,Idle,,20,,10,,,20,Go Home,False,False,False,False,False,False,False,False,False,False,False,False,33.8027920380556,-117.4659261431046,2140.2,2972.0,1049.4,396.9,True,1,1,False,False,False,False,,True,False,False,Course Lock,196.8,67,16.4,93,NE,S,0.89,11.4,Calm,False,False,Android,7.0.2,M300 RTK,1ZN7L4R0H1D00F,1W9DL31001461C,1ZMLH8300204F0,1Z6PH74DAP0QN7,"Corona, CA",728.3,5.7,137.7,8.547347,2.013246,0,0,DJI Matrice 300 RTK,M300 RTK,1ZN7L4R0H1D00F,1W9DL31001461C,1ZMLH8300204F0,1Z6PH74DAP0QN7,DJI Pilot,Android,7.0.2,1EF72A62-B7C3-C88D-164E-CE6F8C8424AE,1ZN7L4R0H1D00F,1W9DL31001461C,,1ZMLH8300204F0,1W9DL31001461C,,,,,
2023-11-01,11:29:51.18 AM,5m 28.8s,328.8,33.8002156683957,-117.472272281031,112.5,137.7,18.7,1376,2560.5,6.397804,6.94893,-5.144962,2.23694,-3.802798,1.342164,0.447388,0.894776,-2.9,-0.4,2.9,-143,217,216.9,Tripod,Other,,22,5,True,,True,False,,Smart,RC,False,True,False,,,True,,False,False,False,False,False,False,False,False,False,False,0,Follow Yaw,-77.9,0,-151.2,208.8,False,False,False,False,False,,0,0,False,False,No Card,100,100,1024,1367,781,1024,2,False,False,False,False,False,0,False,False,False,False,82,,47.304,,4088,,4986,,47.304,,True,3.946,3.946,3.946,3.946,3.946,3.946,3.946,3.946,3.946,3.946,3.946,3.946,0,,False,False,True,,,,,,,,,,,,,,,False,False,9.352,,94.8,,75.7,,94.8,,1593,71,11,18,7,140096.9,18679.59,,Idle,,20,,10,,,20,Go Home,False,False,False,False,False,False,False,False,False,False,False,False,33.8027920380556,-117.4659261431046,2141.1,2972.0,1049.4,396.9,True,1,1,False,False,False,False,,True,False,False,Course Lock,196.8,67,16.4,93,NE,S,0.89,11.4,Calm,False,False,Android,7.0.2,M300 RTK,1ZN7L4R0H1D00F,1W9DL31001461C,1ZMLH8300204F0,1Z6PH74DAP0QN7,"Corona, CA",728.3,5.7,137.7,8.547347,2.013246,0,0,DJI Matrice 300 RTK,M300 RTK,1ZN7L4R0H1D00F,1W9DL31001461C,1ZMLH8300204F0,1Z6PH74DAP0QN7,DJI Pilot,Android,7.0.2,1EF72A62-B7C3-C88D-164E-CE6F8C8424AE,1ZN7L4R0H1D00F,1W9DL31001461C,,1ZMLH8300204F0,1W9DL31001461C,,,,,
2023-11-01,11:29:51.28 AM,5m 28.9s,328.9,33.8002134907135,-117.4722742404276,112.5,137.7,18.3,1376,2561.4,6.397804,6.94893,-5.144962,2.23694,-3.802798,1.342164,0.447388,0.894776,-2.9,-0.3,2.9,-142.9,217.1,216.7,Tripod,Other,,22,5,True,,True,False,,Smart,RC,False,True,False,,,True,,False,False,False,False,False,False,False,False,False,False,0,Follow Yaw,-77.9,0,-151.2,208.8,False,False,False,False,False,,0,0,False,False,No Card,100,100,1024,1369,773,1024,2,False,False,False,False,False,0,False,False,False,False,82,,47.304,,4088,,4986,,47.304,,True,3.946,3.946,3.946,3.946,3.946,3.946,3.946,3.946,3.946,3.946,3.946,3.946,0,,False,False,True,,,,,,,,,,,,,,,False,False,9.352,,94.8,,75.7,,94.8,,1593,71,11,18,7,140096.9,18679.59,,Idle,,20,,10,,,20,Go Home,False,False,False,False,False,False,False,False,False,False,False,False,33.8027920380556,-117.4659261431046,2142.0,2972.0,1049.4,396.9,True,1,1,False,False,False,False,,True,False,False,Course Lock,196.8,67,16.4,93,NE,S,0.89,11.4,Calm,False,False,Android,7.0.2,M300 RTK,1ZN7L4R0H1D00F,1W9DL31001461C,1ZMLH8300204F0,1Z6PH74DAP0QN7,"Corona, CA",728.3,5.7,137.7,8.547347,2.013246,0,0,DJI Matrice 300 RTK,M300 RTK,1ZN7L4R0H1D00F,1W9DL31001461C,1ZMLH8300204F0,1Z6PH74DAP0QN7,DJI Pilot,Android,7.0.2,1EF72A62-B7C3-C88D-164E-CE6F8C8424AE,1ZN7L4R0H1D00F,1W9DL31001461C,,1ZMLH8300204F0,1W9DL31001461C,,,,,
2023-11-01,11:29:51.34 AM,5m 29.0s,329.0,33.8002113470233,-117.4722761775582,112.5,137.7,18.3,1376,2562.4,6.397804,6.94893,-5.144962,2.23694,-3.802798,1.342164,0.447388,0.894776,-2.8,-0.1,2.8,-142.9,217.1,216.9,Tripod,Other,,22,5,True,,True,False,,Smart,RC,False,True,False,,,True,,False,False,False,False,False,False,False,False,False,False,0,Follow Yaw,-77.9,0,-151.2,208.8,False,False,False,False,False,,0,0,False,False,No Card,100,100,1024,1373,750,1055,2,False,False,False,False,False,0,False,False,False,False,82,,47.316,,8235,,10044,,47.316,,True,3.946,3.946,3.946,3.946,3.946,3.946,3.946,3.946,3.946,3.946,3.946,3.946,0,,False,False,True,,,,,,,,,,,,,,,False,False,18.522,,94.8,,75.7,,94.8,,1593,71,11,18,7,140096.9,18679.59,,Idle,,20,,10,,,20,Go Home,False,False,False,False,False,False,False,False,False,False,False,False,33.8027920380556,-117.4659261431046,2142.8,2972.0,1049.4,396.9,True,1,1,False,False,False,False,,True,False,False,Course Lock,196.8,67,16.4,93,NE,S,0.67,11.4,Calm,False,False,Android,7.0.2,M300 RTK,1ZN7L4R0H1D00F,1W9DL31001461C,1ZMLH8300204F0,1Z6PH74DAP0QN7,"Corona, CA",728.3,5.7,137.7,8.547347,2.013246,0,0,DJI Matrice 300 RTK,M300 RTK,1ZN7L4R0H1D00F,1W9DL31001461C,1ZMLH8300204F0,1Z6PH74DAP0QN7,DJI Pilot,Android,7.0.2,1EF72A62-B7C3-C88D-164E-CE6F8C8424AE,1ZN7L4R0H1D00F,1W9DL31001461C,,1ZMLH8300204F0,1W9DL31001461C,,,,,
2023-11-01,11:29:51.44 AM,5m 29.1s,329.1,33.8002093058574,-117.4722779918142,112.5,137.7,18.3,1376,2563.4,6.397804,6.94893,-5.144962,2.23694,-3.802798,1.342164,0.447388,0.894776,-2.7,-0.1,2.7,-142.9,217.1,216.4,Tripod,Other,,22,5,True,,True,False,,Smart,RC,False,True,False,,,True,,False,False,False,False,False,False,False,False,False,False,0,Follow Yaw,-77.9,0,-151.2,208.8,False,False,False,False,False,,0,0,False,False,No Card,100,100,1024,1371,747,1065,2,False,False,False,False,False,0,False,False,False,False,82,,47.316,,8235,,10044,,47.316,,True,3.946,3.946,3.946,3.946,3.946,3.946,3.946,3.946,3.946,3.946,3.946,3.946,0,,False,False,True,,,,,,,,,,,,,,,False,False,18.522,,94.8,,75.7,,94.8,,1593,71,11,18,7,140096.9,18679.59,,Idle,,20,,10,,,20,Go Home,False,False,False,False,False,False,False,False,False,False,False,False,33.8027920380556,-117.4659261431046,2143.7,2972.0,1049.4,396.9,True,1,1,False,False,False,False,,True,False,False,Course Lock,196.8,67,16.4,93,NE,S,0.67,11.4,Calm,False,False,Android,7.0.2,M300 RTK,1ZN7L4R0H1D00F,1W9DL31001461C,1ZMLH8300204F0,1Z6PH74DAP0QN7,"Corona, CA",728.3,5.7,137.7,8.547347,2.013246,0,0,DJI Matrice 300 RTK,M300 RTK,1ZN7L4R0H1D00F,1W9DL31001461C,1ZMLH8300204F0,1Z6PH74DAP0QN7,DJI Pilot,Android,7.0.2,1EF72A62-B7C3-C88D-164E-CE6F8C8424AE,1ZN7L4R0H1D00F,1W9DL31001461C,,1ZMLH8300204F0,1W9DL31001461C,,,,,
2023-11-01,11:29:51.54 AM,5m 29.2s,329.2,33.8002071676498,-117.4722799230073,112.2,137.7,18.7,1376,2564.3,6.397804,6.94893,-5.144962,2.23694,-3.802798,1.342164,0.447388,0.894776,-2.5,-0.3,2.5,-142.9,217.1,216.8,Tripod,Other,,22,5,True,,True,False,,Smart,RC,False,True,False,,,True,,False,False,False,False,False,False,False,False,False,False,0,Follow Yaw,-77.9,0,-151.2,208.8,False,False,False,False,False,,0,0,False,False,No Card,100,100,1024,1368,749,1065,2,False,False,False,False,False,0,False,False,False,False,82,,47.316,,8235,,10044,,47.316,,True,3.946,3.946,3.946,3.946,3.946,3.946,3.946,3.946,3.946,3.946,3.946,3.946,0,,False,False,True,,,,,,,,,,,,,,,False,False,18.522,,94.8,,75.7,,94.8,,1593,71,11,18,7,140096.9,18679.59,,Idle,,20,,10,,,20,Go Home,False,False,False,False,False,False,False,False,False,False,False,False,33.8027920380556,-117.4659261431046,2144.5,2972.0,1049.4,396.9,True,1,1,False,False,False,False,,True,False,False,Course Lock,196.8,67,16.4,93,NE,S,0.67,11.4,Calm,False,False,Android,7.0.2,M300 RTK,1ZN7L4R0H1D00F,1W9DL31001461C,1ZMLH8300204F0,1Z6PH74DAP0QN7,"Corona, CA",728.3,5.7,137.7,8.547347,2.013246,0,0,DJI Matrice 300 RTK,M300 RTK,1ZN7L4R0H1D00F,1W9DL31001461C,1ZMLH8300204F0,1Z6PH74DAP0QN7,DJI Pilot,Android,7.0.2,1EF72A62-B7C3-C88D-164E-CE6F8C8424AE,1ZN7L4R0H1D00F,1W9DL31001461C,,1ZMLH8300204F0,1W9DL31001461C,,,,,
2023-11-01,11:29:51.64 AM,5m 29.3s,329.3,33.8002048260384,-117.472281913576,112.2,137.7,18.7,1376,2565.4,6.397804,6.94893,-5.144962,2.23694,-3.802798,1.342164,0.447388,0.894776,-2.4,-0.3,2.4,-142.9,217.1,215.2,Tripod,Other,,22,5,True,,True,False,,Smart,RC,False,True,False,,,True,,False,False,False,False,False,False,False,False,False,False,0,Follow Yaw,-77.9,0,-151.1,208.9,False,False,False,False,False,,0,0,False,False,No Card,100,100,1024,1368,743,1088,2,False,False,False,False,False,0,False,False,False,False,82,,47.316,,8235,,10044,,47.316,,True,3.944,3.944,3.944,3.944,3.944,3.944,3.944,3.944,3.944,3.944,3.944,3.944,0,,False,False,True,,,,,,,,,,,,,,,False,False,18.522,,94.8,,75.7,,94.8,,1592,72,11,18,7,140142.4,18685.66,,Idle,,20,,10,,,20,Go Home,False,False,False,False,False,False,False,False,False,False,False,False,33.8027920380556,-117.4659261431046,2145.5,2972.0,1049.4,396.9,True,1,1,False,False,False,False,,True,False,False,Course Lock,196.8,67,16.4,93,NE,S,0.67,11.4,Calm,False,False,Android,7.0.2,M300 RTK,1ZN7L4R0H1D00F,1W9DL31001461C,1ZMLH8300204F0,1Z6PH74DAP0QN7,"Corona, CA",728.3,5.7,137.7,8.547347,2.013246,0,0,DJI Matrice 300 RTK,M300 RTK,1ZN7L4R0H1D00F,1W9DL31001461C,1ZMLH8300204F0,1Z6PH74DAP0QN7,DJI Pilot,Android,7.0.2,1EF72A62-B7C3-C88D-164E-CE6F8C8424AE,1ZN7L4R0H1D00F,1W9DL31001461C,,1ZMLH8300204F0,1W9DL31001461C,,,,,
2023-11-01,11:29:51.74 AM,5m 29.4s,329.4,33.8002026757691,-117.4722838431198,112.2,137.7,18.7,1376,2566.4,6.397804,6.94893,-5.144962,2.23694,-3.802798,1.342164,0.447388,0.894776,-2.5,-0.4,2.5,-142.9,217.1,216.7,Tripod,Other,,22,5,True,,True,False,,Smart,RC,False,True,False,,,True,,False,False,False,False,False,False,False,False,False,False,0,Follow Yaw,-77.9,0,-151.1,208.9,False,False,False,False,False,,0,0,False,False,No Card,100,100,1024,1371,714,1175,2,False,False,False,False,False,0,False,False,False,False,82,,47.316,,8235,,10044,,47.316,,True,3.944,3.944,3.944,3.944,3.944,3.944,3.944,3.944,3.944,3.944,3.944,3.944,0,,False,False,True,,,,,,,,,,,,,,,False,False,18.522,,94.8,,75.7,,94.8,,1592,72,11,18,7,140142.4,18685.66,,Idle,,20,,10,,,20,Go Home,False,False,False,False,False,False,False,False,False,False,False,False,33.8027920380556,-117.4659261431046,2146.3,2972.0,1049.4,396.9,True,1,1,False,False,False,False,,True,False,False,Course Lock,196.8,67,16.4,93,NE,S,0.67,11.4,Calm,False,False,Android,7.0.2,M300 RTK,1ZN7L4R0H1D00F,1W9DL31001461C,1ZMLH8300204F0,1Z6PH74DAP0QN7,"Corona, CA",728.3,5.7,137.7,8.547347,2.013246,0,0,DJI Matrice 300 RTK,M300 RTK,1ZN7L4R0H1D00F,1W9DL31001461C,1ZMLH8300204F0,1Z6PH74DAP0QN7,DJI Pilot,Android,7.0.2,1EF72A62-B7C3-C88D-164E-CE6F8C8424AE,1ZN7L4R0H1D00F,1W9DL31001461C,,1ZMLH8300204F0,1W9DL31001461C,,,,,
2023-11-01,11:29:51.84 AM,5m 29.5s,329.5,33.800200706425,-117.47228567156,111.8,137.7,18.7,1376,2567.3,6.219336,6.94893,-4.921268,2.23694,-3.802798,1.342164,0.447388,0.894776,-2.6,0,2.6,-142.8,217.2,217.6,Tripod,Other,,22,5,True,,True,False,,Smart,RC,False,True,False,,,True,,False,False,False,False,False,False,False,False,False,False,0,Follow Yaw,-77.9,0,-150.9,209.1,False,False,False,False,False,,0,0,False,False,No Card,100,100,1024,1372,709,1195,2,False,False,False,False,False,0,False,False,False,False,82,,47.316,,8235,,10044,,47.316,,True,3.944,3.944,3.944,3.944,3.944,3.944,3.944,3.944,3.944,3.944,3.944,3.944,0,,False,False,True,,,,,,,,,,,,,,,False,False,18.522,,94.8,,75.7,,94.8,,1592,72,11,18,7,140142.4,18685.66,,Idle,,20,,10,,,20,Go Home,False,False,False,False,False,False,False,False,False,False,False,False,33.8027920380556,-117.4659261431046,2147.1,2972.0,1049.4,396.9,True,1,1,False,False,False,False,,True,False,False,Course Lock,196.8,67,16.4,93,NE,S,0.67,11.4,Calm,False,False,Android,7.0.2,M300 RTK,1ZN7L4R0H1D00F,1W9DL31001461C,1ZMLH8300204F0,1Z6PH74DAP0QN7,"Corona, CA",728.3,5.7,137.7,8.547347,2.013246,0,0,DJI Matrice 300 RTK,M300 RTK,1ZN7L4R0H1D00F,1W9DL31001461C,1ZMLH8300204F0,1Z6PH74DAP0QN7,DJI Pilot,Android,7.0.2,1EF72A62-B7C3-C88D-164E-CE6F8C8424AE,1ZN7L4R0H1D00F,1W9DL31001461C,,1ZMLH8300204F0,1W9DL31001461C,,,,,
2023-11-01,11:29:51.94 AM,5m 29.6s,329.6,33.8001985791826,-117.4722875971454,111.8,137.7,18.7,1376,2568.2,6.219336,6.94893,-4.921268,2.23694,-3.802798,1.342164,0.447388,0.894776,-2.7,0.6,2.7,-142.7,217.3,216.9,Tripod,Other,,22,5,True,,True,False,,Smart,RC,False,True,False,,,True,,False,False,False,False,False,False,False,False,False,False,0,Follow Yaw,-77.9,0,-150.5,209.5,False,False,False,False,False,,0,0,False,False,No Card,100,100,1024,1373,706,1203,2,False,False,False,False,False,0,False,False,False,False,82,,47.316,,8235,,10044,,47.316,,True,3.944,3.944,3.944,3.944,3.944,3.944,3.944,3.944,3.944,3.944,3.944,3.944,0,,False,False,True,,,,,,,,,,,,,,,False,False,18.522,,94.8,,75.7,,94.8,,1592,72,11,18,7,140142.4,18685.66,,Idle,,20,,10,,,20,Go Home,False,False,False,False,False,False,False,False,False,False,False,False,33.8027920380556,-117.4659261431046,2148.0,2972.0,1049.4,396.9,True,1,1,False,False,False,False,,True,False,False,Course Lock,196.8,67,16.4,93,NE,S,0.67,11.4,Calm,False,False,Android,7.0.2,M300 RTK,1ZN7L4R0H1D00F,1W9DL31001461C,1ZMLH8300204F0,1Z6PH74DAP0QN7,"Corona, CA",728.3,5.7,137.7,8.547347,2.013246,0,0,DJI Matrice 300 RTK,M300 RTK,1ZN7L4R0H1D00F,1W9DL31001461C,1ZMLH8300204F0,1Z6PH74DAP0QN7,DJI Pilot,Android,7.0.2,1EF72A62-B7C3-C88D-164E-CE6F8C8424AE,1ZN7L4R0H1D00F,1W9DL31001461C,,1ZMLH8300204F0,1W9DL31001461C,,,,,
2023-11-01,11:29:52.04 AM,5m 29.7s,329.7,33.8001965796844,-117.4722896111345,111.8,137.7,18.7,1376,2569.2,6.358578,6.94893,-4.921268,2.23694,-4.026492,1.342164,0.671082,0.894776,-2.7,1.1,2.9,-142.6,217.4,219.9,Tripod,Other,,22,5,True,,True,False,,Smart,RC,False,True,False,,,True,,False,False,False,False,False,False,False,False,False,False,0,Follow Yaw,-77.9,0,-150.2,209.8,False,False,False,False,False,,0,0,False,False,No Card,100,100,1024,1373,702,1216,2,False,False,False,False,False,0,False,False,False,False,82,,47.316,,8235,,10044,,47.316,,True,3.944,3.944,3.944,3.944,3.944,3.944,3.944,3.944,3.944,3.944,3.944,3.944,0,,False,False,True,,,,,,,,,,,,,,,False,False,18.522,,94.8,,75.7,,94.8,,1592,72,11,18,7,140142.4,18685.66,,Idle,,20,,10,,,20,Go Home,False,False,False,False,False,False,False,False,False,False,False,False,33.8027920380556,-117.4659261431046,2148.9,2972.0,1049.4,396.9,True,1,1,False,False,False,False,,True,False,False,Course Lock,196.8,67,16.4,93,NE,S,0.67,11.4,Calm,False,False,Android,7.0.2,M300 RTK,1ZN7L4R0H1D00F,1W9DL31001461C,1ZMLH8300204F0,1Z6PH74DAP0QN7,"Corona, CA",728.3,5.7,137.7,8.547347,2.013246,0,0,DJI Matrice 300 RTK,M300 RTK,1ZN7L4R0H1D00F,1W9DL31001461C,1ZMLH8300204F0,1Z6PH74DAP0QN7,DJI Pilot,Android,7.0.2,1EF72A62-B7C3-C88D-164E-CE6F8C8424AE,1ZN7L4R0H1D00F,1W9DL31001461C,,1ZMLH8300204F0,1W9DL31001461C,,,,,
2023-11-01,11:29:52.14 AM,5m 29.8s,329.8,33.80019449082,-117.4722915906528,111.8,137.7,18.7,1376,2570.2,6.358578,6.94893,-4.921268,2.23694,-4.026492,1.342164,0.671082,0.894776,-2.7,1,2.8,-142.3,217.7,218.2,Tripod,Other,,22,5,True,,True,False,,Smart,RC,False,True,False,,,True,,False,False,False,False,False,False,False,False,False,False,0,Follow Yaw,-77.9,0,-149.8,210.2,False,False,False,False,False,,0,0,False,False,No Card,100,100,1024,1374,695,1225,2,False,False,False,False,False,0,False,False,False,False,82,,47.244,,4088,,4986,,47.244,,True,3.944,3.944,3.944,3.944,3.944,3.944,3.944,3.944,3.944,3.944,3.944,3.944,0,,False,False,True,,,,,,,,,,,,,,,False,False,9.284,,94.8,,75.7,,94.8,,1592,72,11,18,7,140142.4,18685.66,,Idle,,20,,10,,,20,Go Home,False,False,False,False,False,False,False,False,False,False,False,False,33.8027920380556,-117.4659261431046,2149.7,2972.0,1049.4,396.9,True,1,1,False,False,False,False,,True,False,False,Course Lock,196.8,67,16.4,93,NE,S,0.67,11.4,Calm,False,False,Android,7.0.2,M300 RTK,1ZN7L4R0H1D00F,1W9DL31001461C,1ZMLH8300204F0,1Z6PH74DAP0QN7,"Corona, CA",728.3,5.7,137.7,8.547347,2.013246,0,0,DJI Matrice 300 RTK,M300 RTK,1ZN7L4R0H1D00F,1W9DL31001461C,1ZMLH8300204F0,1Z6PH74DAP0QN7,DJI Pilot,Android,7.0.2,1EF72A62-B7C3-C88D-164E-CE6F8C8424AE,1ZN7L4R0H1D00F,1W9DL31001461C,,1ZMLH8300204F0,1W9DL31001461C,,,,,
2023-11-01,11:29:52.24 AM,5m 29.9s,329.9,33.8001924907735,-117.4722935206914,111.5,137.7,18.7,1375,2571.1,6.358578,6.94893,-4.921268,2.23694,-4.026492,1.342164,0.671082,0.894776,-2.6,0.8,2.7,-142.1,217.9,218.7,Tripod,Other,,22,5,True,,True,False,,Smart,RC,False,True,False,,,True,,False,False,False,False,False,False,False,False,False,False,0,Follow Yaw,-77.9,0,-149.3,210.7,False,False,False,False,False,,0,0,False,False,No Card,100,100,1024,1372,700,1226,2,False,False,False,False,False,0,False,False,False,False,82,,47.244,,4088,,4986,,47.244,,True,3.944,3.944,3.944,3.944,3.944,3.944,3.944,3.944,3.944,3.944,3.944,3.944,0,,False,False,True,,,,,,,,,,,,,,,False,False,9.284,,94.8,,75.7,,94.8,,1592,72,11,18,7,140142.4,18685.66,,Idle,,20,,10,,,20,Go Home,False,False,False,False,False,False,False,False,False,False,False,False,33.8027920380556,-117.4659261431046,2150.6,2972.0,1049.4,396.9,True,1,1,False,False,False,False,,True,False,False,Course Lock,196.8,67,16.4,93,NE,S,0.67,11.4,Calm,False,False,Android,7.0.2,M300 RTK,1ZN7L4R0H1D00F,1W9DL31001461C,1ZMLH8300204F0,1Z6PH74DAP0QN7,"Corona, CA",728.3,5.7,137.7,8.547347,2.013246,0,0,DJI Matrice 300 RTK,M300 RTK,1ZN7L4R0H1D00F,1W9DL31001461C,1ZMLH8300204F0,1Z6PH74DAP0QN7,DJI Pilot,Android,7.0.2,1EF72A62-B7C3-C88D-164E-CE6F8C8424AE,1ZN7L4R0H1D00F,1W9DL31001461C,,1ZMLH8300204F0,1W9DL31001461C,,,,,
2023-11-01,11:29:52.34 AM,5m 30.0s,330.0,33.8001904369977,-117.4722955394635,111.5,137.7,18.3,1375,2572.1,6.358578,6.94893,-4.921268,2.23694,-4.026492,1.342164,0.671082,0.894776,-2.5,0.8,2.6,-141.8,218.2,219.2,Tripod,Other,,22,5,True,,True,False,,Smart,RC,False,True,False,,,True,,False,False,False,False,False,False,False,False,False,False,0,Follow Yaw,-77.9,0,-148.9,211.1,False,False,False,False,False,,0,0,False,False,No Card,100,100,1024,1371,706,1225,2,False,False,False,False,False,0,False,False,False,False,82,,47.304,,8235,,10044,,47.304,,True,3.944,3.944,3.944,3.944,3.944,3.944,3.944,3.944,3.944,3.944,3.944,3.944,0,,False,False,True,,,,,,,,,,,,,,,False,False,18.758,,94.8,,75.7,,94.8,,1592,72,11,18,7,140142.4,18685.66,,Idle,,20,,10,,,20,Go Home,False,False,False,False,False,False,False,False,False,False,False,False,33.8027920380556,-117.4659261431046,2151.5,2972.0,1049.4,396.9,True,1,1,False,False,False,False,,True,False,False,Course Lock,196.8,67,16.4,93,NE,S,0.67,11.4,Calm,False,False,Android,7.0.2,M300 RTK,1ZN7L4R0H1D00F,1W9DL31001461C,1ZMLH8300204F0,1Z6PH74DAP0QN7,"Corona, CA",728.3,5.7,137.7,8.547347,2.013246,0,0,DJI Matrice 300 RTK,M300 RTK,1ZN7L4R0H1D00F,1W9DL31001461C,1ZMLH8300204F0,1Z6PH74DAP0QN7,DJI Pilot,Android,7.0.2,1EF72A62-B7C3-C88D-164E-CE6F8C8424AE,1ZN7L4R0H1D00F,1W9DL31001461C,,1ZMLH8300204F0,1W9DL31001461C,,,,,
2023-11-01,11:29:52.44 AM,5m 30.1s,330.1,33.8001884144726,-117.4722975052924,111.5,137.7,18.3,1375,2573.0,6.18707,6.94893,-4.697574,2.23694,-4.026492,1.342164,0.671082,0.894776,-2.5,0.6,2.5,-141.5,218.5,218.9,Tripod,Other,,22,5,True,,True,False,,Smart,RC,False,True,False,,,True,,False,False,False,False,False,False,False,False,False,False,0,Follow Yaw,-77.9,0,-148.4,211.6,False,False,False,False,False,,0,0,False,False,No Card,100,100,1024,1373,721,1205,2,False,False,False,False,False,0,False,False,False,False,82,,47.304,,8235,,10044,,47.304,,True,3.944,3.944,3.944,3.944,3.944,3.944,3.944,3.944,3.944,3.944,3.944,3.944,0,,False,False,True,,,,,,,,,,,,,,,False,False,18.758,,94.8,,75.7,,94.8,,1592,72,11,18,7,140142.4,18685.66,,Idle,,20,,10,,,20,Go Home,False,False,False,False,False,False,False,False,False,False,False,False,33.8027920380556,-117.4659261431046,2152.3,2972.0,1049.4,396.9,True,1,1,False,False,False,False,,True,False,False,Course Lock,196.8,67,16.4,93,NE,S,0.67,11.4,Calm,False,False,Android,7.0.2,M300 RTK,1ZN7L4R0H1D00F,1W9DL31001461C,1ZMLH8300204F0,1Z6PH74DAP0QN7,"Corona, CA",728.3,5.7,137.7,8.547347,2.013246,0,0,DJI Matrice 300 RTK,M300 RTK,1ZN7L4R0H1D00F,1W9DL31001461C,1ZMLH8300204F0,1Z6PH74DAP0QN7,DJI Pilot,Android,7.0.2,1EF72A62-B7C3-C88D-164E-CE6F8C8424AE,1ZN7L4R0H1D00F,1W9DL31001461C,,1ZMLH8300204F0,1W9DL31001461C,,,,,
2023-11-01,11:29:52.54 AM,5m 30.2s,330.2,33.8001863897545,-117.4722995460006,111.2,137.7,18.3,1375,2574.0,6.18707,6.94893,-4.697574,2.23694,-4.026492,1.342164,0.671082,0.894776,-2.5,0.5,2.5,-141.1,218.9,219.9,Tripod,Other,,22,5,True,,True,False,,Smart,RC,False,True,False,,,True,,False,False,False,False,False,False,False,False,False,False,0,Follow Yaw,-77.9,0,-148,212,False,False,False,False,False,,0,0,False,False,No Card,100,100,1024,1377,721,1199,2,False,False,False,False,False,0,False,False,False,False,82,,47.304,,8235,,10044,,47.304,,True,3.944,3.944,3.944,3.944,3.944,3.944,3.944,3.944,3.944,3.944,3.944,3.944,0,,False,False,True,,,,,,,,,,,,,,,False,False,18.758,,94.8,,75.7,,94.8,,1592,72,11,18,7,140142.4,18685.66,,Idle,,20,,10,,,20,Go Home,False,False,False,False,False,False,False,False,False,False,False,False,33.8027920380556,-117.4659261431046,2153.2,2972.0,1049.4,396.9,True,1,1,False,False,False,False,,True,False,False,Course Lock,196.8,67,16.4,93,NE,S,0.67,11.4,Calm,False,False,Android,7.0.2,M300 RTK,1ZN7L4R0H1D00F,1W9DL31001461C,1ZMLH8300204F0,1Z6PH74DAP0QN7,"Corona, CA",728.3,5.7,137.7,8.547347,2.013246,0,0,DJI Matrice 300 RTK,M300 RTK,1ZN7L4R0H1D00F,1W9DL31001461C,1ZMLH8300204F0,1Z6PH74DAP0QN7,DJI Pilot,Android,7.0.2,1EF72A62-B7C3-C88D-164E-CE6F8C8424AE,1ZN7L4R0H1D00F,1W9DL31001461C,,1ZMLH8300204F0,1W9DL31001461C,,,,,
2023-11-01,11:29:52.64 AM,5m 30.3s,330.3,33.8001843008901,-117.4723017384466,111.2,137.7,18.3,1375,2575.0,6.334925,6.94893,-4.697574,2.23694,-4.250186,1.342164,0.671082,0.894776,-2.4,0.7,2.5,-140.6,219.4,221.0,Tripod,Other,,22,5,True,,True,False,,Smart,RC,False,True,False,,,True,,False,False,False,False,False,False,False,False,False,False,0,Follow Yaw,-77.9,0,-147.6,212.4,False,False,False,False,False,,0,0,False,False,No Card,100,100,1024,1376,718,1200,2,False,False,False,False,False,0,False,False,False,False,82,,47.304,,8235,,10044,,47.304,,True,3.943,3.943,3.943,3.943,3.943,3.943,3.943,3.943,3.943,3.943,3.943,3.943,0,,False,False,True,,,,,,,,,,,,,,,False,False,18.758,,94.8,,75.7,,94.8,,1591,72,11,18,7,140164.0,18688.53,,Idle,,20,,10,,,20,Go Home,False,False,False,False,False,False,False,False,False,False,False,False,33.8027920380556,-117.4659261431046,2154.1,2972.0,1049.4,396.9,True,1,1,False,False,False,False,,True,False,False,Course Lock,196.8,67,16.4,93,NE,S,0.67,11.4,Calm,False,False,Android,7.0.2,M300 RTK,1ZN7L4R0H1D00F,1W9DL31001461C,1ZMLH8300204F0,1Z6PH74DAP0QN7,"Corona, CA",728.3,5.7,137.7,8.547347,2.013246,0,0,DJI Matrice 300 RTK,M300 RTK,1ZN7L4R0H1D00F,1W9DL31001461C,1ZMLH8300204F0,1Z6PH74DAP0QN7,DJI Pilot,Android,7.0.2,1EF72A62-B7C3-C88D-164E-CE6F8C8424AE,1ZN7L4R0H1D00F,1W9DL31001461C,,1ZMLH8300204F0,1W9DL31001461C,,,,,
2023-11-01,11:29:52.72 AM,5m 30.4s,330.4,33.8001822991988,-117.4723038146152,111.2,137.7,18.3,1375,2575.9,6.334925,6.94893,-4.697574,2.23694,-4.250186,1.342164,0.671082,0.894776,-2.5,0.7,2.5,-140.3,219.7,220.7,Tripod,Other,,22,5,True,,True,False,,Smart,RC,False,True,False,,,True,,False,False,False,False,False,False,False,False,False,False,0,Follow Yaw,-77.9,0,-147.2,212.8,False,False,False,False,False,,0,0,False,False,No Card,100,100,1024,1374,716,1213,2,False,False,False,False,False,0,False,False,False,False,82,,47.304,,8235,,10044,,47.304,,True,3.943,3.943,3.943,3.943,3.943,3.943,3.943,3.943,3.943,3.943,3.943,3.943,0,,False,False,True,,,,,,,,,,,,,,,False,False,18.758,,94.8,,75.7,,94.8,,1591,72,11,18,7,140164.0,18688.53,,Idle,,20,,10,,,20,Go Home,False,False,False,False,False,False,False,False,False,False,False,False,33.8027920380556,-117.4659261431046,2155.0,2972.0,1049.4,396.9,True,1,1,False,False,False,False,,True,False,False,Course Lock,196.8,67,16.4,93,NE,S,0.67,11.4,Calm,False,False,Android,7.0.2,M300 RTK,1ZN7L4R0H1D00F,1W9DL31001461C,1ZMLH8300204F0,1Z6PH74DAP0QN7,"Corona, CA",728.3,5.7,137.7,8.547347,2.013246,0,0,DJI Matrice 300 RTK,M300 RTK,1ZN7L4R0H1D00F,1W9DL31001461C,1ZMLH8300204F0,1Z6PH74DAP0QN7,DJI Pilot,Android,7.0.2,1EF72A62-B7C3-C88D-164E-CE6F8C8424AE,1ZN7L4R0H1D00F,1W9DL31001461C,,1ZMLH8300204F0,1W9DL31001461C,,,,,
2023-11-01,11:29:52.83 AM,5m 30.5s,330.5,33.8001804718537,-117.4723058747854,110.8,137.7,18.3,1375,2576.9,6.334925,6.94893,-4.697574,2.23694,-4.250186,1.342164,0.671082,0.894776,-2.8,0.5,2.8,-140,220,223.1,Tripod,Other,,22,5,True,,True,False,,Smart,RC,False,True,False,,,True,,False,False,False,False,False,False,False,False,False,False,0,Follow Yaw,-77.9,0,-147,213,False,False,False,False,False,,0,0,False,False,No Card,100,100,1024,1373,713,1229,2,False,False,False,False,False,0,False,False,False,False,82,,47.304,,8235,,10044,,47.304,,True,3.943,3.943,3.943,3.943,3.943,3.943,3.943,3.943,3.943,3.943,3.943,3.943,0,,False,False,True,,,,,,,,,,,,,,,False,False,18.758,,94.8,,75.7,,94.8,,1591,72,11,18,7,140164.0,18688.53,,Idle,,20,,10,,,20,Go Home,False,False,False,False,False,False,False,False,False,False,False,False,33.8027920380556,-117.4659261431046,2155.9,2972.0,1049.4,396.9,True,1,1,False,False,False,False,,True,False,False,Course Lock,196.8,67,16.4,93,NE,S,0.67,11.4,Calm,False,False,Android,7.0.2,M300 RTK,1ZN7L4R0H1D00F,1W9DL31001461C,1ZMLH8300204F0,1Z6PH74DAP0QN7,"Corona, CA",728.3,5.7,137.7,8.547347,2.013246,0,0,DJI Matrice 300 RTK,M300 RTK,1ZN7L4R0H1D00F,1W9DL31001461C,1ZMLH8300204F0,1Z6PH74DAP0QN7,DJI Pilot,Android,7.0.2,1EF72A62-B7C3-C88D-164E-CE6F8C8424AE,1ZN7L4R0H1D00F,1W9DL31001461C,,1ZMLH8300204F0,1W9DL31001461C,,,,,
2023-11-01,11:29:52.93 AM,5m 30.6s,330.6,33.8001785090888,-117.4723079671174,110.8,137.7,18.3,1375,2577.8,6.334925,6.94893,-4.697574,2.23694,-4.250186,1.342164,0.671082,0.894776,-3.1,0.5,3.1,-139.5,220.5,221.5,Tripod,Other,,22,5,True,,True,False,,Smart,RC,False,True,False,,,True,,False,False,False,False,False,False,False,False,False,False,0,Follow Yaw,-77.9,0,-146.4,213.6,False,False,False,False,False,,0,0,False,False,No Card,100,100,1024,1373,713,1244,2,False,False,False,False,False,0,False,False,False,False,82,,47.304,,8235,,10044,,47.304,,True,3.943,3.943,3.943,3.943,3.943,3.943,3.943,3.943,3.943,3.943,3.943,3.943,0,,False,False,True,,,,,,,,,,,,,,,False,False,18.758,,94.8,,75.7,,94.8,,1591,72,11,18,7,140164.0,18688.53,,Idle,,20,,10,,,20,Go Home,False,False,False,False,False,False,False,False,False,False,False,False,33.8027920380556,-117.4659261431046,2156.8,2972.0,1049.4,396.9,True,1,1,False,False,False,False,,True,False,False,Course Lock,196.8,67,16.4,93,NE,S,0.67,11.4,Calm,False,False,Android,7.0.2,M300 RTK,1ZN7L4R0H1D00F,1W9DL31001461C,1ZMLH8300204F0,1Z6PH74DAP0QN7,"Corona, CA",728.3,5.7,137.7,8.547347,2.013246,0,0,DJI Matrice 300 RTK,M300 RTK,1ZN7L4R0H1D00F,1W9DL31001461C,1ZMLH8300204F0,1Z6PH74DAP0QN7,DJI Pilot,Android,7.0.2,1EF72A62-B7C3-C88D-164E-CE6F8C8424AE,1ZN7L4R0H1D00F,1W9DL31001461C,,1ZMLH8300204F0,1W9DL31001461C,,,,,
2023-11-01,11:29:53.03 AM,5m 30.7s,330.7,33.8001765797676,-117.4723098516346,110.8,137.7,18.3,1375,2578.7,6.334925,6.94893,-4.697574,2.23694,-4.250186,1.342164,0.671082,0.894776,-3.3,0.9,3.4,-139,221,219.0,Tripod,Other,,22,5,True,,True,False,,Smart,RC,False,True,False,,,True,,False,False,False,False,False,False,False,False,False,False,0,Follow Yaw,-77.9,0,-145.8,214.2,False,False,False,False,False,,0,0,False,False,No Card,100,100,1024,1372,714,1260,2,False,False,False,False,False,0,False,False,False,False,82,,47.304,,8235,,10044,,47.304,,True,3.943,3.943,3.943,3.943,3.943,3.943,3.943,3.943,3.943,3.943,3.943,3.943,0,,False,False,True,,,,,,,,,,,,,,,False,False,18.758,,94.8,,75.7,,94.8,,1591,72,11,18,7,140164.0,18688.53,,Idle,,20,,10,,,20,Go Home,False,False,False,False,False,False,False,False,False,False,False,False,33.8027920380556,-117.4659261431046,2157.6,2972.0,1049.4,396.9,True,1,1,False,False,False,False,,True,False,False,Course Lock,196.8,67,16.4,93,NE,S,0.67,11.4,Calm,False,False,Android,7.0.2,M300 RTK,1ZN7L4R0H1D00F,1W9DL31001461C,1ZMLH8300204F0,1Z6PH74DAP0QN7,"Corona, CA",728.3,5.7,137.7,8.547347,2.013246,0,0,DJI Matrice 300 RTK,M300 RTK,1ZN7L4R0H1D00F,1W9DL31001461C,1ZMLH8300204F0,1Z6PH74DAP0QN7,DJI Pilot,Android,7.0.2,1EF72A62-B7C3-C88D-164E-CE6F8C8424AE,1ZN7L4R0H1D00F,1W9DL31001461C,,1ZMLH8300204F0,1W9DL31001461C,,,,,
2023-11-01,11:29:53.14 AM,5m 30.8s,330.8,33.8001746339987,-117.4723119573262,110.5,137.7,18.3,1374,2579.7,6.334925,6.94893,-4.697574,2.23694,-4.250186,1.342164,0.671082,0.894776,-3.1,1.3,3.3,-138.5,221.5,221.9,Tripod,Other,,22,5,True,,True,False,,Smart,RC,False,True,False,,,True,,False,False,False,False,False,False,False,False,False,False,0,Follow Yaw,-77.9,0,-145.3,214.7,False,False,False,False,False,,0,0,False,False,No Card,100,100,1024,1371,711,1267,2,False,False,False,False,False,0,False,False,False,False,82,,47.304,,8235,,10044,,47.304,,True,3.943,3.943,3.943,3.943,3.943,3.943,3.943,3.943,3.943,3.943,3.943,3.943,0,,False,False,True,,,,,,,,,,,,,,,False,False,18.758,,94.8,,75.7,,94.8,,1591,72,11,18,7,140164.0,18688.53,,Idle,,20,,10,,,20,Go Home,False,False,False,False,False,False,False,False,False,False,False,False,33.8027920380556,-117.4659261431046,2158.5,2972.0,1049.4,396.9,True,1,1,False,False,False,False,,True,False,False,Course Lock,196.8,67,16.4,93,NE,S,0.67,11.4,Calm,False,False,Android,7.0.2,M300 RTK,1ZN7L4R0H1D00F,1W9DL31001461C,1ZMLH8300204F0,1Z6PH74DAP0QN7,"Corona, CA",728.3,5.7,137.7,8.547347,2.013246,0,0,DJI Matrice 300 RTK,M300 RTK,1ZN7L4R0H1D00F,1W9DL31001461C,1ZMLH8300204F0,1Z6PH74DAP0QN7,DJI Pilot,Android,7.0.2,1EF72A62-B7C3-C88D-164E-CE6F8C8424AE,1ZN7L4R0H1D00F,1W9DL31001461C,,1ZMLH8300204F0,1W9DL31001461C,,,,,
2023-11-01,11:29:53.24 AM,5m 30.9s,330.9,33.8001726262766,-117.4723143099214,110.5,137.7,18.3,1374,2580.7,6.170873,6.94893,-4.47388,2.23694,-4.250186,1.342164,0.671082,0.894776,-3.1,1.3,3.3,-138,222,224.2,Tripod,Other,,22,5,True,,True,False,,Smart,RC,False,True,False,,,True,,False,False,False,False,False,False,False,False,False,False,0,Follow Yaw,-77.9,0,-144.7,215.3,False,False,False,False,False,,0,0,False,False,No Card,100,100,1024,1372,712,1267,2,False,False,False,False,False,0,False,False,False,False,82,,47.304,,8235,,10044,,47.304,,True,3.943,3.943,3.943,3.943,3.943,3.943,3.943,3.943,3.943,3.943,3.943,3.943,0,,False,False,True,,,,,,,,,,,,,,,False,False,18.758,,94.8,,75.7,,94.8,,1591,72,11,18,7,140164.0,18688.53,,Idle,,20,,10,,,20,Go Home,False,False,False,False,False,False,False,False,False,False,False,False,33.8027920380556,-117.4659261431046,2159.4,2972.0,1049.4,396.9,True,1,1,False,False,False,False,,True,False,False,Course Lock,196.8,67,16.4,93,NE,S,0.67,11.4,Calm,False,False,Android,7.0.2,M300 RTK,1ZN7L4R0H1D00F,1W9DL31001461C,1ZMLH8300204F0,1Z6PH74DAP0QN7,"Corona, CA",728.3,5.7,137.7,8.547347,2.013246,0,0,DJI Matrice 300 RTK,M300 RTK,1ZN7L4R0H1D00F,1W9DL31001461C,1ZMLH8300204F0,1Z6PH74DAP0QN7,DJI Pilot,Android,7.0.2,1EF72A62-B7C3-C88D-164E-CE6F8C8424AE,1ZN7L4R0H1D00F,1W9DL31001461C,,1ZMLH8300204F0,1W9DL31001461C,,,,,
2023-11-01,11:29:53.34 AM,5m 31.0s,331.0,33.8001707035345,-117.4723164847196,110.5,137.7,18.0,1374,2581.7,6.327021,6.94893,-4.47388,2.23694,-4.47388,1.342164,0.671082,0.894776,-3.1,1.4,3.4,-137.4,222.6,223.2,Tripod,Other,,22,5,True,,True,False,,Smart,RC,False,True,False,,,True,,False,False,False,False,False,False,False,False,False,False,0,Follow Yaw,-77.9,0,-144.1,215.9,False,False,False,False,False,,0,0,False,False,No Card,100,100,1024,1373,718,1266,2,False,False,False,False,False,0,False,False,False,False,82,,47.304,,8235,,10044,,47.304,,True,3.943,3.943,3.943,3.943,3.943,3.943,3.943,3.943,3.943,3.943,3.943,3.943,0,,False,False,True,,,,,,,,,,,,,,,False,False,18.698,,95.0,,75.7,,95.0,,1591,72,11,18,7,140164.0,18688.53,,Idle,,20,,10,,,20,Go Home,False,False,False,False,False,False,False,False,False,False,False,False,33.8027920380556,-117.4659261431046,2160.4,2972.0,1049.4,396.9,True,1,1,False,False,False,False,,True,False,False,Course Lock,196.8,67,16.4,93,NE,S,0.67,11.4,Calm,False,False,Android,7.0.2,M300 RTK,1ZN7L4R0H1D00F,1W9DL31001461C,1ZMLH8300204F0,1Z6PH74DAP0QN7,"Corona, CA",728.3,5.7,137.7,8.547347,2.013246,0,0,DJI Matrice 300 RTK,M300 RTK,1ZN7L4R0H1D00F,1W9DL31001461C,1ZMLH8300204F0,1Z6PH74DAP0QN7,DJI Pilot,Android,7.0.2,1EF72A62-B7C3-C88D-164E-CE6F8C8424AE,1ZN7L4R0H1D00F,1W9DL31001461C,,1ZMLH8300204F0,1W9DL31001461C,,,,,
2023-11-01,11:29:53.44 AM,5m 31.1s,331.1,33.8001688268461,-117.4723186666099,110.2,137.7,18.0,1374,2582.6,6.327021,6.94893,-4.47388,2.23694,-4.47388,1.342164,0.671082,0.894776,-2.8,1.6,3.2,-136.8,223.2,224.0,Tripod,Other,,22,5,True,,True,False,,Smart,RC,False,True,False,,,True,,False,False,False,False,False,False,False,False,False,False,0,Follow Yaw,-77.9,0,-143.5,216.5,False,False,False,False,False,,0,0,False,False,No Card,100,100,1024,1371,719,1269,2,False,False,False,False,False,0,False,False,False,False,82,,47.304,,8235,,10044,,47.304,,True,3.943,3.943,3.943,3.943,3.943,3.943,3.943,3.943,3.943,3.943,3.943,3.943,0,,False,False,True,,,,,,,,,,,,,,,False,False,18.698,,95.0,,75.7,,95.0,,1591,72,11,18,7,140164.0,18688.53,,Idle,,20,,10,,,20,Go Home,False,False,False,False,False,False,False,False,False,False,False,False,33.8027920380556,-117.4659261431046,2161.2,2972.0,1049.4,396.9,True,1,1,False,False,False,False,,True,False,False,Course Lock,196.8,67,16.4,93,NE,S,0.67,11.4,Calm,False,False,Android,7.0.2,M300 RTK,1ZN7L4R0H1D00F,1W9DL31001461C,1ZMLH8300204F0,1Z6PH74DAP0QN7,"Corona, CA",728.3,5.7,137.7,8.547347,2.013246,0,0,DJI Matrice 300 RTK,M300 RTK,1ZN7L4R0H1D00F,1W9DL31001461C,1ZMLH8300204F0,1Z6PH74DAP0QN7,DJI Pilot,Android,7.0.2,1EF72A62-B7C3-C88D-164E-CE6F8C8424AE,1ZN7L4R0H1D00F,1W9DL31001461C,,1ZMLH8300204F0,1W9DL31001461C,,,,,
2023-11-01,11:29:53.55 AM,5m 31.2s,331.2,33.8001669353548,-117.4723208948462,110.2,137.7,18.0,1374,2583.6,6.327021,6.94893,-4.47388,2.23694,-4.47388,1.342164,0.671082,0.894776,-2.7,1.8,3.2,-136.1,223.9,224.3,Tripod,Other,,22,5,True,,True,False,,Smart,RC,False,True,False,,,True,,False,False,False,False,False,False,False,False,False,False,0,Follow Yaw,-77.9,0,-142.9,217.1,False,False,False,False,False,,0,0,False,False,No Card,100,100,1024,1371,714,1272,2,False,False,False,False,False,0,False,False,False,False,82,,47.304,,8235,,10044,,47.304,,True,3.943,3.943,3.943,3.943,3.943,3.943,3.943,3.943,3.943,3.943,3.943,3.943,0,,False,False,True,,,,,,,,,,,,,,,False,False,18.698,,95.0,,75.7,,95.0,,1591,72,11,18,7,140164.0,18688.53,,Idle,,20,,10,,,20,Go Home,False,False,False,False,False,False,False,False,False,False,False,False,33.8027920380556,-117.4659261431046,2162.2,2972.0,1049.4,396.9,True,1,1,False,False,False,False,,True,False,False,Course Lock,196.8,67,16.4,93,NE,S,0.67,11.4,Calm,False,False,Android,7.0.2,M300 RTK,1ZN7L4R0H1D00F,1W9DL31001461C,1ZMLH8300204F0,1Z6PH74DAP0QN7,"Corona, CA",728.3,5.7,137.7,8.547347,2.013246,0,0,DJI Matrice 300 RTK,M300 RTK,1ZN7L4R0H1D00F,1W9DL31001461C,1ZMLH8300204F0,1Z6PH74DAP0QN7,DJI Pilot,Android,7.0.2,1EF72A62-B7C3-C88D-164E-CE6F8C8424AE,1ZN7L4R0H1D00F,1W9DL31001461C,,1ZMLH8300204F0,1W9DL31001461C,,,,,
2023-11-01,11:29:53.65 AM,5m 31.3s,331.3,33.8001650339948,-117.4723231989514,110.2,137.7,18.0,1374,2584.6,6.327021,6.94893,-4.47388,2.23694,-4.47388,1.342164,0.671082,0.894776,-2.7,2,3.3,-135.4,224.6,225.1,Tripod,Other,,22,5,True,,True,False,,Smart,RC,False,True,False,,,True,,False,False,False,False,False,False,False,False,False,False,0,Follow Yaw,-77.9,0,-142.3,217.7,False,False,False,False,False,,0,0,False,False,No Card,100,100,1024,1371,731,1225,2,False,False,False,False,False,0,False,False,False,False,82,,47.304,,8235,,10044,,47.304,,True,3.941,3.941,3.941,3.941,3.941,3.941,3.941,3.941,3.941,3.941,3.941,3.941,0,,False,False,True,,,,,,,,,,,,,,,False,False,18.698,,95.0,,75.7,,95.0,,1591,72,11,18,7,140175.1,18690.01,,Idle,,20,,10,,,20,Go Home,False,False,False,False,False,False,False,False,False,False,False,False,33.8027920380556,-117.4659261431046,2163.1,2972.0,1049.4,396.9,True,1,1,False,False,False,False,,True,False,False,Course Lock,196.8,67,16.4,93,NE,S,0.67,11.4,Calm,False,False,Android,7.0.2,M300 RTK,1ZN7L4R0H1D00F,1W9DL31001461C,1ZMLH8300204F0,1Z6PH74DAP0QN7,"Corona, CA",728.3,5.7,137.7,8.547347,2.013246,0,0,DJI Matrice 300 RTK,M300 RTK,1ZN7L4R0H1D00F,1W9DL31001461C,1ZMLH8300204F0,1Z6PH74DAP0QN7,DJI Pilot,Android,7.0.2,1EF72A62-B7C3-C88D-164E-CE6F8C8424AE,1ZN7L4R0H1D00F,1W9DL31001461C,,1ZMLH8300204F0,1W9DL31001461C,,,,,
2023-11-01,11:29:53.75 AM,5m 31.4s,331.4,33.8001631896536,-117.4723254966242,109.9,137.7,18.0,1374,2585.5,6.334925,6.94893,-4.250186,2.23694,-4.697574,1.342164,0.671082,0.894776,-2.5,1.8,3,-134.9,225.1,225.9,Tripod,Other,,22,5,True,,True,False,,Smart,RC,False,True,False,,,True,,False,False,False,False,False,False,False,False,False,False,0,Follow Yaw,-77.9,0,-141.7,218.3,False,False,False,False,False,,0,0,False,False,No Card,100,100,1024,1372,735,1187,2,False,False,False,False,False,0,False,False,False,False,82,,47.304,,8235,,10044,,47.304,,True,3.941,3.941,3.941,3.941,3.941,3.941,3.941,3.941,3.941,3.941,3.941,3.941,0,,False,False,True,,,,,,,,,,,,,,,False,False,18.698,,95.0,,75.7,,95.0,,1591,72,11,18,7,140175.1,18690.01,,Idle,,20,,10,,,20,Go Home,False,False,False,False,False,False,False,False,False,False,False,False,33.8027920380556,-117.4659261431046,2164.0,2972.0,1049.4,396.9,True,1,1,False,False,False,False,,True,False,False,Course Lock,196.8,67,16.4,93,NE,S,0.67,11.4,Calm,False,False,Android,7.0.2,M300 RTK,1ZN7L4R0H1D00F,1W9DL31001461C,1ZMLH8300204F0,1Z6PH74DAP0QN7,"Corona, CA",728.3,5.7,137.7,8.547347,2.013246,0,0,DJI Matrice 300 RTK,M300 RTK,1ZN7L4R0H1D00F,1W9DL31001461C,1ZMLH8300204F0,1Z6PH74DAP0QN7,DJI Pilot,Android,7.0.2,1EF72A62-B7C3-C88D-164E-CE6F8C8424AE,1ZN7L4R0H1D00F,1W9DL31001461C,,1ZMLH8300204F0,1W9DL31001461C,,,,,
2023-11-01,11:29:53.85 AM,5m 31.5s,331.5,33.8001614209722,-117.4723278688466,109.9,137.7,18.0,1374,2586.5,6.334925,6.94893,-4.250186,2.23694,-4.697574,1.342164,0.671082,0.894776,-2.5,1.5,2.9,-134.3,225.7,228.1,Tripod,Other,,22,5,True,,True,False,,Smart,RC,False,True,False,,,True,,False,False,False,False,False,False,False,False,False,False,0,Follow Yaw,-77.9,0,-141.3,218.7,False,False,False,False,False,,0,0,False,False,No Card,100,100,1024,1372,733,1189,2,False,False,False,False,False,0,False,False,False,False,82,,47.304,,8235,,10044,,47.304,,True,3.941,3.941,3.941,3.941,3.941,3.941,3.941,3.941,3.941,3.941,3.941,3.941,0,,False,False,True,,,,,,,,,,,,,,,False,False,18.698,,95.0,,75.7,,95.0,,1591,72,11,18,7,140175.1,18690.01,,Idle,,20,,10,,,20,Go Home,False,False,False,False,False,False,False,False,False,False,False,False,33.8027920380556,-117.4659261431046,2164.9,2972.0,1049.4,396.9,True,1,1,False,False,False,False,,True,False,False,Course Lock,196.8,67,16.4,93,NE,S,0.67,11.4,Calm,False,False,Android,7.0.2,M300 RTK,1ZN7L4R0H1D00F,1W9DL31001461C,1ZMLH8300204F0,1Z6PH74DAP0QN7,"Corona, CA",728.3,5.7,137.7,8.547347,2.013246,0,0,DJI Matrice 300 RTK,M300 RTK,1ZN7L4R0H1D00F,1W9DL31001461C,1ZMLH8300204F0,1Z6PH74DAP0QN7,DJI Pilot,Android,7.0.2,1EF72A62-B7C3-C88D-164E-CE6F8C8424AE,1ZN7L4R0H1D00F,1W9DL31001461C,,1ZMLH8300204F0,1W9DL31001461C,,,,,
2023-11-01,11:29:53.96 AM,5m 31.6s,331.6,33.8001596276191,-117.4723302229262,109.9,137.7,18.0,1374,2587.5,6.334925,6.94893,-4.250186,2.23694,-4.697574,1.342164,0.671082,0.894776,-2.7,0.9,2.8,-133.8,226.2,227.4,Tripod,Other,,22,5,True,,True,False,,Smart,RC,False,True,False,,,True,,False,False,False,False,False,False,False,False,False,False,0,Follow Yaw,-77.9,0,-141,219,False,False,False,False,False,,0,0,False,False,No Card,100,100,1024,1373,724,1209,2,False,False,False,False,False,0,False,False,False,False,82,,47.304,,8235,,10044,,47.304,,True,3.941,3.941,3.941,3.941,3.941,3.941,3.941,3.941,3.941,3.941,3.941,3.941,0,,False,False,True,,,,,,,,,,,,,,,False,False,18.698,,95.0,,75.7,,95.0,,1591,72,11,18,7,140175.1,18690.01,,Idle,,20,,10,,,20,Go Home,False,False,False,False,False,False,False,False,False,False,False,False,33.8027920380556,-117.4659261431046,2165.9,2972.0,1049.4,396.9,True,1,1,False,False,False,False,,True,False,False,Course Lock,196.8,67,16.4,93,NE,S,0.67,11.4,Calm,False,False,Android,7.0.2,M300 RTK,1ZN7L4R0H1D00F,1W9DL31001461C,1ZMLH8300204F0,1Z6PH74DAP0QN7,"Corona, CA",728.3,5.7,137.7,8.547347,2.013246,0,0,DJI Matrice 300 RTK,M300 RTK,1ZN7L4R0H1D00F,1W9DL31001461C,1ZMLH8300204F0,1Z6PH74DAP0QN7,DJI Pilot,Android,7.0.2,1EF72A62-B7C3-C88D-164E-CE6F8C8424AE,1ZN7L4R0H1D00F,1W9DL31001461C,,1ZMLH8300204F0,1W9DL31001461C,,,,,
2023-11-01,11:29:54.06 AM,5m 31.7s,331.7,33.8001577766988,-117.4723324701297,109.5,137.7,18.0,1373,2588.4,6.334925,6.94893,-4.250186,2.23694,-4.697574,1.342164,0.671082,0.894776,-2.9,0.5,2.9,-133.3,226.7,225.2,Tripod,Other,,22,5,True,,True,False,,Smart,RC,False,True,False,,,True,,False,False,False,False,False,False,False,False,False,False,0,Follow Yaw,-77.9,0,-140.6,219.4,False,False,False,False,False,,0,0,False,False,No Card,100,100,1024,1374,720,1210,2,False,False,False,False,False,0,False,False,False,False,82,,47.304,,8235,,10044,,47.304,,True,3.941,3.941,3.941,3.941,3.941,3.941,3.941,3.941,3.941,3.941,3.941,3.941,0,,False,False,True,,,,,,,,,,,,,,,False,False,18.698,,95.0,,75.7,,95.0,,1591,72,11,18,7,140175.1,18690.01,,Idle,,20,,10,,,20,Go Home,False,False,False,False,False,False,False,False,False,False,False,False,33.8027920380556,-117.4659261431046,2166.8,2972.0,1049.4,396.9,True,1,1,False,False,False,False,,True,False,False,Course Lock,196.8,67,16.4,93,NE,S,0.67,11.4,Calm,False,False,Android,7.0.2,M300 RTK,1ZN7L4R0H1D00F,1W9DL31001461C,1ZMLH8300204F0,1Z6PH74DAP0QN7,"Corona, CA",728.3,5.7,137.7,8.547347,2.013246,0,0,DJI Matrice 300 RTK,M300 RTK,1ZN7L4R0H1D00F,1W9DL31001461C,1ZMLH8300204F0,1Z6PH74DAP0QN7,DJI Pilot,Android,7.0.2,1EF72A62-B7C3-C88D-164E-CE6F8C8424AE,1ZN7L4R0H1D00F,1W9DL31001461C,,1ZMLH8300204F0,1W9DL31001461C,,,,,
2023-11-01,11:29:54.16 AM,5m 31.8s,331.8,33.8001560003418,-117.4723348512584,109.5,137.7,18.0,1373,2589.4,6.334925,6.94893,-4.250186,2.23694,-4.697574,1.342164,0.671082,0.894776,-3,0.5,3,-132.8,227.2,228.0,Tripod,Other,,22,5,True,,True,False,,Smart,RC,False,True,False,,,True,,False,False,False,False,False,False,False,False,False,False,0,Follow Yaw,-77.9,0,-140.2,219.8,False,False,False,False,False,,0,0,False,False,No Card,100,100,1024,1375,721,1204,2,False,False,False,False,False,0,False,False,False,False,82,,47.304,,8235,,10044,,47.304,,True,3.941,3.941,3.941,3.941,3.941,3.941,3.941,3.941,3.941,3.941,3.941,3.941,0,,False,False,True,,,,,,,,,,,,,,,False,False,18.698,,95.0,,75.7,,95.0,,1591,72,11,18,7,140175.1,18690.01,,Idle,,20,,10,,,20,Go Home,False,False,False,False,False,False,False,False,False,False,False,False,33.8027920380556,-117.4659261431046,2167.7,2972.0,1049.4,396.9,True,1,1,False,False,False,False,,True,False,False,Course Lock,196.8,67,16.4,93,NE,S,0.67,11.4,Calm,False,False,Android,7.0.2,M300 RTK,1ZN7L4R0H1D00F,1W9DL31001461C,1ZMLH8300204F0,1Z6PH74DAP0QN7,"Corona, CA",728.3,5.7,137.7,8.547347,2.013246,0,0,DJI Matrice 300 RTK,M300 RTK,1ZN7L4R0H1D00F,1W9DL31001461C,1ZMLH8300204F0,1Z6PH74DAP0QN7,DJI Pilot,Android,7.0.2,1EF72A62-B7C3-C88D-164E-CE6F8C8424AE,1ZN7L4R0H1D00F,1W9DL31001461C,,1ZMLH8300204F0,1W9DL31001461C,,,,,
2023-11-01,11:29:54.26 AM,5m 31.9s,331.9,33.8001540172912,-117.4723372454166,109.5,137.7,18.0,1373,2590.4,6.502534,6.94893,-4.250186,2.23694,-4.921268,1.342164,0.671082,0.894776,-3,0.7,3,-132.3,227.7,225.0,Tripod,Other,,22,5,True,,True,False,,Smart,RC,False,True,False,,,True,,False,False,False,False,False,False,False,False,False,False,0,Follow Yaw,-77.9,0,-139.8,220.2,False,False,False,False,False,,0,0,False,False,No Card,100,100,1024,1373,725,1204,2,False,False,False,False,False,0,False,False,False,False,82,,47.304,,8235,,10044,,47.304,,True,3.941,3.941,3.941,3.941,3.941,3.941,3.941,3.941,3.941,3.941,3.941,3.941,0,,False,False,True,,,,,,,,,,,,,,,False,False,18.698,,95.0,,75.7,,95.0,,1591,72,11,18,7,140175.1,18690.01,,Idle,,20,,10,,,20,Go Home,False,False,False,False,False,False,False,False,False,False,False,False,33.8027920380556,-117.4659261431046,2168.7,2972.0,1049.4,396.9,True,1,1,False,False,False,False,,True,False,False,Course Lock,196.8,67,16.4,93,NE,S,0.67,11.4,Calm,False,False,Android,7.0.2,M300 RTK,1ZN7L4R0H1D00F,1W9DL31001461C,1ZMLH8300204F0,1Z6PH74DAP0QN7,"Corona, CA",728.3,5.7,137.7,8.547347,2.013246,0,0,DJI Matrice 300 RTK,M300 RTK,1ZN7L4R0H1D00F,1W9DL31001461C,1ZMLH8300204F0,1Z6PH74DAP0QN7,DJI Pilot,Android,7.0.2,1EF72A62-B7C3-C88D-164E-CE6F8C8424AE,1ZN7L4R0H1D00F,1W9DL31001461C,,1ZMLH8300204F0,1W9DL31001461C,,,,,
2023-11-01,11:29:54.37 AM,5m 32.0s,332.0,33.8001522365481,-117.4723396704172,109.2,137.7,18.0,1373,2591.4,6.502534,6.94893,-4.250186,2.23694,-4.921268,1.342164,0.671082,0.894776,-3,0.7,3,-131.9,228.1,228.5,Tripod,Other,,22,5,True,,True,False,,Smart,RC,False,True,False,,,True,,False,False,False,False,False,False,False,False,False,False,0,Follow Yaw,-77.9,0,-139.4,220.6,False,False,False,False,False,,0,0,False,False,No Card,100,100,1024,1372,724,1204,2,False,False,False,False,False,0,False,False,False,False,82,,47.34,,8235,,10044,,47.34,,True,3.941,3.941,3.941,3.941,3.941,3.941,3.941,3.941,3.941,3.941,3.941,3.941,0,,False,False,True,,,,,,,,,,,,,,,False,False,18.364,,95.0,,75.7,,95.0,,1591,72,11,18,7,140175.1,18690.01,,Idle,,20,,10,,,20,Go Home,False,False,False,False,False,False,False,False,False,False,False,False,33.8027920380556,-117.4659261431046,2169.6,2972.0,1049.4,396.9,True,1,1,False,False,False,False,,True,False,False,Course Lock,196.8,67,16.4,93,NE,S,0.67,11.4,Calm,False,False,Android,7.0.2,M300 RTK,1ZN7L4R0H1D00F,1W9DL31001461C,1ZMLH8300204F0,1Z6PH74DAP0QN7,"Corona, CA",728.3,5.7,137.7,8.547347,2.013246,0,0,DJI Matrice 300 RTK,M300 RTK,1ZN7L4R0H1D00F,1W9DL31001461C,1ZMLH8300204F0,1Z6PH74DAP0QN7,DJI Pilot,Android,7.0.2,1EF72A62-B7C3-C88D-164E-CE6F8C8424AE,1ZN7L4R0H1D00F,1W9DL31001461C,,1ZMLH8300204F0,1W9DL31001461C,,,,,
2023-11-01,11:29:54.47 AM,5m 32.1s,332.1,33.8001506531779,-117.4723422514438,109.2,137.7,18.0,1373,2592.4,6.358578,6.94893,-4.026492,2.23694,-4.921268,1.342164,0.671082,0.894776,-2.8,0.7,2.8,-131.6,228.4,233.5,Tripod,Other,,22,5,True,,True,False,,Smart,RC,False,True,False,,,True,,False,False,False,False,False,False,False,False,False,False,0,Follow Yaw,-77.9,0,-139,221,False,False,False,False,False,,0,0,False,False,No Card,100,100,1024,1372,725,1206,2,False,False,False,False,False,0,False,False,False,False,82,,47.34,,8235,,10044,,47.34,,True,3.941,3.941,3.941,3.941,3.941,3.941,3.941,3.941,3.941,3.941,3.941,3.941,0,,False,False,True,,,,,,,,,,,,,,,False,False,18.364,,95.0,,75.7,,95.0,,1591,72,11,18,7,140175.1,18690.01,,Idle,,20,,10,,,20,Go Home,False,False,False,False,False,False,False,False,False,False,False,False,33.8027920380556,-117.4659261431046,2170.6,2972.0,1049.4,396.9,True,1,1,False,False,False,False,,True,False,False,Course Lock,196.8,67,16.4,93,NE,S,0.67,11.4,Calm,False,False,Android,7.0.2,M300 RTK,1ZN7L4R0H1D00F,1W9DL31001461C,1ZMLH8300204F0,1Z6PH74DAP0QN7,"Corona, CA",728.3,5.7,137.7,8.547347,2.013246,0,0,DJI Matrice 300 RTK,M300 RTK,1ZN7L4R0H1D00F,1W9DL31001461C,1ZMLH8300204F0,1Z6PH74DAP0QN7,DJI Pilot,Android,7.0.2,1EF72A62-B7C3-C88D-164E-CE6F8C8424AE,1ZN7L4R0H1D00F,1W9DL31001461C,,1ZMLH8300204F0,1W9DL31001461C,,,,,
2023-11-01,11:29:54.58 AM,5m 32.2s,332.2,33.8001489064268,-117.4723447320266,109.2,137.7,18.0,1373,2593.4,6.358578,6.94893,-4.026492,2.23694,-4.921268,1.342164,0.671082,0.894776,-2.5,0.7,2.5,-131.2,228.8,229.7,Tripod,Other,,22,5,True,,True,False,,Smart,RC,False,True,False,,,True,,False,False,False,False,False,False,False,False,False,False,0,Follow Yaw,-77.9,0,-138.6,221.4,False,False,False,False,False,,0,0,False,False,No Card,100,100,1024,1374,720,1206,2,False,False,False,False,False,0,False,False,False,False,82,,47.34,,8235,,10044,,47.34,,True,3.941,3.941,3.941,3.941,3.941,3.941,3.941,3.941,3.941,3.941,3.941,3.941,0,,False,False,True,,,,,,,,,,,,,,,False,False,18.364,,95.0,,75.7,,95.0,,1591,72,11,18,7,140175.1,18690.01,,Idle,,20,,10,,,20,Go Home,False,False,False,False,False,False,False,False,False,False,False,False,33.8027920380556,-117.4659261431046,2171.6,2972.0,1049.4,396.9,True,1,1,False,False,False,False,,True,False,False,Course Lock,196.8,67,16.4,93,NE,S,0.67,11.4,Calm,False,False,Android,7.0.2,M300 RTK,1ZN7L4R0H1D00F,1W9DL31001461C,1ZMLH8300204F0,1Z6PH74DAP0QN7,"Corona, CA",728.3,5.7,137.7,8.547347,2.013246,0,0,DJI Matrice 300 RTK,M300 RTK,1ZN7L4R0H1D00F,1W9DL31001461C,1ZMLH8300204F0,1Z6PH74DAP0QN7,DJI Pilot,Android,7.0.2,1EF72A62-B7C3-C88D-164E-CE6F8C8424AE,1ZN7L4R0H1D00F,1W9DL31001461C,,1ZMLH8300204F0,1W9DL31001461C,,,,,
2023-11-01,11:29:54.64 AM,5m 32.3s,332.3,33.8001471004638,-117.4723472093108,108.9,137.7,18.0,1373,2594.4,6.358578,6.94893,-4.026492,2.23694,-4.921268,1.342164,0.671082,0.894776,-2.3,0.7,2.4,-130.8,229.2,228.7,Tripod,Other,,22,5,True,,True,False,,Smart,RC,False,True,False,,,True,,False,False,False,False,False,False,False,False,False,False,0,Follow Yaw,-77.9,0,-138.2,221.8,False,False,False,False,False,,0,0,False,False,No Card,100,100,1024,1371,724,1207,2,False,False,False,False,False,0,False,False,False,False,82,,47.34,,8235,,10044,,47.34,,True,3.941,3.941,3.941,3.941,3.941,3.941,3.941,3.941,3.941,3.941,3.941,3.941,0,,False,False,True,,,,,,,,,,,,,,,False,False,18.364,,95.0,,75.7,,95.0,,1590,73,11,19,7,140145.7,18686.09,,Idle,,20,,10,,,20,Go Home,False,False,False,False,False,False,False,False,False,False,False,False,33.8027920380556,-117.4659261431046,2172.5,2972.0,1049.4,396.9,True,1,1,False,False,False,False,,True,False,False,Course Lock,196.8,67,16.4,93,NE,S,0.67,11.4,Calm,False,False,Android,7.0.2,M300 RTK,1ZN7L4R0H1D00F,1W9DL31001461C,1ZMLH8300204F0,1Z6PH74DAP0QN7,"Corona, CA",728.3,5.7,137.7,8.547347,2.013246,0,0,DJI Matrice 300 RTK,M300 RTK,1ZN7L4R0H1D00F,1W9DL31001461C,1ZMLH8300204F0,1Z6PH74DAP0QN7,DJI Pilot,Android,7.0.2,1EF72A62-B7C3-C88D-164E-CE6F8C8424AE,1ZN7L4R0H1D00F,1W9DL31001461C,,1ZMLH8300204F0,1W9DL31001461C,,,,,
2023-11-01,11:29:54.74 AM,5m 32.4s,332.4,33.8001453685156,-117.4723497172723,108.9,137.7,18.0,1373,2595.3,6.533243,6.94893,-4.026492,2.23694,-5.144962,1.342164,0.671082,0.894776,-2.3,0.6,2.3,-130.4,229.6,230.2,Tripod,Other,,22,5,True,,True,False,,Smart,RC,False,True,False,,,True,,False,False,False,False,False,False,False,False,False,False,0,Follow Yaw,-77.9,0,-137.8,222.2,False,False,False,False,False,,0,0,False,False,No Card,100,100,1024,1371,724,1210,2,False,False,False,False,False,0,False,False,False,False,82,,47.34,,8235,,10044,,47.34,,True,3.941,3.941,3.941,3.941,3.941,3.941,3.941,3.941,3.941,3.941,3.941,3.941,0,,False,False,True,,,,,,,,,,,,,,,False,False,18.364,,95.0,,75.7,,95.0,,1590,73,11,19,7,140145.7,18686.09,,Idle,,20,,10,,,20,Go Home,False,False,False,False,False,False,False,False,False,False,False,False,33.8027920380556,-117.4659261431046,2173.5,2972.0,1049.4,396.9,True,1,1,False,False,False,False,,True,False,False,Course Lock,196.8,67,16.4,93,NE,S,0.67,11.4,Calm,False,False,Android,7.0.2,M300 RTK,1ZN7L4R0H1D00F,1W9DL31001461C,1ZMLH8300204F0,1Z6PH74DAP0QN7,"Corona, CA",728.3,5.7,137.7,8.547347,2.013246,0,0,DJI Matrice 300 RTK,M300 RTK,1ZN7L4R0H1D00F,1W9DL31001461C,1ZMLH8300204F0,1Z6PH74DAP0QN7,DJI Pilot,Android,7.0.2,1EF72A62-B7C3-C88D-164E-CE6F8C8424AE,1ZN7L4R0H1D00F,1W9DL31001461C,,1ZMLH8300204F0,1W9DL31001461C,,,,,
2023-11-01,11:29:54.84 AM,5m 32.5s,332.5,33.8001435482978,-117.4723523697146,108.9,137.7,17.7,1373,2596.4,6.533243,6.94893,-4.026492,2.23694,-5.144962,1.342164,0.671082,0.894776,-2.1,0.7,2.2,-130.1,229.9,230.4,Tripod,Other,,22,5,True,,True,False,,Smart,RC,False,True,False,,,True,,False,False,False,False,False,False,False,False,False,False,0,Follow Yaw,-77.9,0,-137.4,222.6,False,False,False,False,False,,0,0,False,False,No Card,100,100,1024,1372,723,1218,2,False,False,False,False,False,0,False,False,False,False,82,,47.34,,8235,,10044,,47.34,,True,3.941,3.941,3.941,3.941,3.941,3.941,3.941,3.941,3.941,3.941,3.941,3.941,0,,False,False,True,,,,,,,,,,,,,,,False,False,18.364,,95.0,,75.7,,95.0,,1590,73,11,19,7,140145.7,18686.09,,Idle,,20,,10,,,20,Go Home,False,False,False,False,False,False,False,False,False,False,False,False,33.8027920380556,-117.4659261431046,2174.5,2972.0,1049.4,396.9,True,1,1,False,False,False,False,,True,False,False,Course Lock,196.8,67,16.4,93,NE,S,0.67,11.4,Calm,False,False,Android,7.0.2,M300 RTK,1ZN7L4R0H1D00F,1W9DL31001461C,1ZMLH8300204F0,1Z6PH74DAP0QN7,"Corona, CA",728.3,5.7,137.7,8.547347,2.013246,0,0,DJI Matrice 300 RTK,M300 RTK,1ZN7L4R0H1D00F,1W9DL31001461C,1ZMLH8300204F0,1Z6PH74DAP0QN7,DJI Pilot,Android,7.0.2,1EF72A62-B7C3-C88D-164E-CE6F8C8424AE,1ZN7L4R0H1D00F,1W9DL31001461C,,1ZMLH8300204F0,1W9DL31001461C,,,,,
2023-11-01,11:29:54.94 AM,5m 32.6s,332.6,33.8001418267666,-117.4723549184145,108.5,137.7,17.7,1372,2597.4,6.533243,6.94893,-4.026492,2.23694,-5.144962,1.342164,0.671082,0.894776,-2,0.7,2.1,-129.8,230.2,230.8,Tripod,Other,,22,5,True,,True,False,,Smart,RC,False,True,False,,,True,,False,False,False,False,False,False,False,False,False,False,0,Follow Yaw,-77.9,0,-137,223,False,False,False,False,False,,0,0,False,False,No Card,100,100,1024,1373,714,1241,2,False,False,False,False,False,0,False,False,False,False,82,,47.34,,8235,,10044,,47.34,,True,3.941,3.941,3.941,3.941,3.941,3.941,3.941,3.941,3.941,3.941,3.941,3.941,0,,False,False,True,,,,,,,,,,,,,,,False,False,18.364,,95.0,,75.7,,95.0,,1590,73,11,19,7,140145.7,18686.09,,Idle,,20,,10,,,20,Go Home,False,False,False,False,False,False,False,False,False,False,False,False,33.8027920380556,-117.4659261431046,2175.5,2972.0,1049.4,396.9,True,1,1,False,False,False,False,,True,False,False,Course Lock,196.8,67,16.4,93,NE,S,0.67,11.4,Calm,False,False,Android,7.0.2,M300 RTK,1ZN7L4R0H1D00F,1W9DL31001461C,1ZMLH8300204F0,1Z6PH74DAP0QN7,"Corona, CA",728.3,5.7,137.7,8.547347,2.013246,0,0,DJI Matrice 300 RTK,M300 RTK,1ZN7L4R0H1D00F,1W9DL31001461C,1ZMLH8300204F0,1Z6PH74DAP0QN7,DJI Pilot,Android,7.0.2,1EF72A62-B7C3-C88D-164E-CE6F8C8424AE,1ZN7L4R0H1D00F,1W9DL31001461C,,1ZMLH8300204F0,1W9DL31001461C,,,,,
2023-11-01,11:29:55.04 AM,5m 32.7s,332.7,33.8001401989875,-117.4723572129536,108.5,137.7,17.7,1372,2598.3,6.533243,6.94893,-4.026492,2.23694,-5.144962,1.342164,0.671082,0.894776,-1.9,0.8,2,-129.5,230.5,229.5,Tripod,Other,,22,5,True,,True,False,,Smart,RC,False,True,False,,,True,,False,False,False,False,False,False,False,False,False,False,0,Follow Yaw,-77.9,0,-136.5,223.5,False,False,False,False,False,,0,0,False,False,No Card,100,100,1024,1371,712,1255,2,False,False,False,False,False,0,False,False,False,False,82,,47.304,,4088,,4986,,47.304,,True,3.941,3.941,3.941,3.941,3.941,3.941,3.941,3.941,3.941,3.941,3.941,3.941,0,,False,False,True,,,,,,,,,,,,,,,False,False,9.164,,95.0,,75.7,,95.0,,1590,73,11,19,7,140145.7,18686.09,,Idle,,20,,10,,,20,Go Home,False,False,False,False,False,False,False,False,False,False,False,False,33.8027920380556,-117.4659261431046,2176.4,2972.0,1049.4,396.9,True,1,1,False,False,False,False,,True,False,False,Course Lock,196.8,67,16.4,93,NE,S,0.67,11.4,Calm,False,False,Android,7.0.2,M300 RTK,1ZN7L4R0H1D00F,1W9DL31001461C,1ZMLH8300204F0,1Z6PH74DAP0QN7,"Corona, CA",728.3,5.7,137.7,8.547347,2.013246,0,0,DJI Matrice 300 RTK,M300 RTK,1ZN7L4R0H1D00F,1W9DL31001461C,1ZMLH8300204F0,1Z6PH74DAP0QN7,DJI Pilot,Android,7.0.2,1EF72A62-B7C3-C88D-164E-CE6F8C8424AE,1ZN7L4R0H1D00F,1W9DL31001461C,,1ZMLH8300204F0,1W9DL31001461C,,,,,
2023-11-01,11:29:55.14 AM,5m 32.8s,332.8,33.8001386013627,-117.472359618822,108.5,137.7,17.7,1372,2599.2,6.533243,6.94893,-4.026492,2.23694,-5.144962,1.342164,0.671082,0.894776,-2,0.9,2.1,-129.1,230.9,231.3,Tripod,Other,,22,5,True,,True,False,,Smart,RC,False,True,False,,,True,,False,False,False,False,False,False,False,False,False,False,0,Follow Yaw,-77.9,0,-136,224,False,False,False,False,False,,0,0,False,False,No Card,100,100,1024,1372,704,1271,2,False,False,False,False,False,0,False,False,False,False,82,,47.304,,4088,,4986,,47.304,,True,3.941,3.941,3.941,3.941,3.941,3.941,3.941,3.941,3.941,3.941,3.941,3.941,0,,False,False,True,,,,,,,,,,,,,,,False,False,9.164,,95.0,,75.7,,95.0,,1590,73,11,19,7,140145.7,18686.09,,Idle,,20,,10,,,20,Go Home,False,False,False,False,False,False,False,False,False,False,False,False,33.8027920380556,-117.4659261431046,2177.3,2972.0,1049.4,396.9,True,1,1,False,False,False,False,,True,False,False,Course Lock,196.8,67,16.4,93,NE,S,0.67,11.4,Calm,False,False,Android,7.0.2,M300 RTK,1ZN7L4R0H1D00F,1W9DL31001461C,1ZMLH8300204F0,1Z6PH74DAP0QN7,"Corona, CA",728.3,5.7,137.7,8.547347,2.013246,0,0,DJI Matrice 300 RTK,M300 RTK,1ZN7L4R0H1D00F,1W9DL31001461C,1ZMLH8300204F0,1Z6PH74DAP0QN7,DJI Pilot,Android,7.0.2,1EF72A62-B7C3-C88D-164E-CE6F8C8424AE,1ZN7L4R0H1D00F,1W9DL31001461C,,1ZMLH8300204F0,1W9DL31001461C,,,,,
2023-11-01,11:29:55.24 AM,5m 32.9s,332.9,33.8001367164504,-117.4723624708325,108.2,137.7,17.7,1372,2600.3,6.533243,6.94893,-4.026492,2.23694,-5.144962,1.342164,0.671082,0.894776,-2,1.2,2.3,-128.6,231.4,231.5,Tripod,Other,,22,5,True,,True,False,,Smart,RC,False,True,False,,,True,,False,False,False,False,False,False,False,False,False,False,0,Follow Yaw,-77.9,0,-135.4,224.6,False,False,False,False,False,,0,0,False,False,No Card,100,100,1024,1371,705,1272,2,False,False,False,False,False,0,False,False,False,False,82,,47.304,,4088,,4986,,47.304,,True,3.941,3.941,3.941,3.941,3.941,3.941,3.941,3.941,3.941,3.941,3.941,3.941,0,,False,False,True,,,,,,,,,,,,,,,False,False,9.164,,95.0,,75.7,,95.0,,1590,73,11,19,7,140145.7,18686.09,,Idle,,20,,10,,,20,Go Home,False,False,False,False,False,False,False,False,False,False,False,False,33.8027920380556,-117.4659261431046,2178.3,2972.0,1049.4,396.9,True,1,1,False,False,False,False,,True,False,False,Course Lock,196.8,67,16.4,93,NE,S,0.67,11.4,Calm,False,False,Android,7.0.2,M300 RTK,1ZN7L4R0H1D00F,1W9DL31001461C,1ZMLH8300204F0,1Z6PH74DAP0QN7,"Corona, CA",728.3,5.7,137.7,8.547347,2.013246,0,0,DJI Matrice 300 RTK,M300 RTK,1ZN7L4R0H1D00F,1W9DL31001461C,1ZMLH8300204F0,1Z6PH74DAP0QN7,DJI Pilot,Android,7.0.2,1EF72A62-B7C3-C88D-164E-CE6F8C8424AE,1ZN7L4R0H1D00F,1W9DL31001461C,,1ZMLH8300204F0,1W9DL31001461C,,,,,
2023-11-01,11:29:55.34 AM,5m 33.0s,333.0,33.8001350459072,-117.472365057137,108.2,137.7,17.7,1372,2601.3,6.397804,6.94893,-3.802798,2.23694,-5.144962,1.342164,0.671082,0.894776,-1.9,1.5,2.4,-128,232,232.1,Tripod,Other,,22,5,True,,True,False,,Smart,RC,False,True,False,,,True,,False,False,False,False,False,False,False,False,False,False,0,Follow Yaw,-77.9,0,-134.8,225.2,False,False,False,False,False,,0,0,False,False,No Card,100,100,1024,1371,708,1272,2,False,False,False,False,False,0,False,False,False,False,82,,47.316,,8235,,10044,,47.316,,True,3.941,3.941,3.941,3.941,3.941,3.941,3.941,3.941,3.941,3.941,3.941,3.941,0,,False,False,True,,,,,,,,,,,,,,,False,False,18.498,,95.0,,75.7,,95.0,,1590,73,11,19,7,140145.7,18686.09,,Idle,,20,,10,,,20,Go Home,False,False,False,False,False,False,False,False,False,False,False,False,33.8027920380556,-117.4659261431046,2179.3,2972.0,1049.4,396.9,True,1,1,False,False,False,False,,True,False,False,Course Lock,196.8,67,16.4,93,NE,S,0.67,11.4,Calm,False,False,Android,7.0.2,M300 RTK,1ZN7L4R0H1D00F,1W9DL31001461C,1ZMLH8300204F0,1Z6PH74DAP0QN7,"Corona, CA",728.3,5.7,137.7,8.547347,2.013246,0,0,DJI Matrice 300 RTK,M300 RTK,1ZN7L4R0H1D00F,1W9DL31001461C,1ZMLH8300204F0,1Z6PH74DAP0QN7,DJI Pilot,Android,7.0.2,1EF72A62-B7C3-C88D-164E-CE6F8C8424AE,1ZN7L4R0H1D00F,1W9DL31001461C,,1ZMLH8300204F0,1W9DL31001461C,,,,,
2023-11-01,11:29:55.42 AM,5m 33.1s,333.1,33.8001334597957,-117.4723676129289,108.2,137.7,17.7,1372,2602.3,6.397804,6.94893,-3.802798,2.23694,-5.144962,1.342164,0.671082,0.894776,-2,1.6,2.5,-127.4,232.6,233.2,Tripod,Other,,22,5,True,,True,False,,Smart,RC,False,True,False,,,True,,False,False,False,False,False,False,False,False,False,False,0,Follow Yaw,-77.9,0,-134.2,225.8,False,False,False,False,False,,0,0,False,False,No Card,100,100,1024,1371,709,1267,2,False,False,False,False,False,0,False,False,False,False,82,,47.316,,8235,,10044,,47.316,,True,3.941,3.941,3.941,3.941,3.941,3.941,3.941,3.941,3.941,3.941,3.941,3.941,0,,False,False,True,,,,,,,,,,,,,,,False,False,18.498,,95.0,,75.7,,95.0,,1590,73,11,19,7,140145.7,18686.09,,Idle,,20,,10,,,20,Go Home,False,False,False,False,False,False,False,False,False,False,False,False,33.8027920380556,-117.4659261431046,2180.3,2972.0,1049.4,396.9,True,1,1,False,False,False,False,,True,False,False,Course Lock,196.8,67,16.4,93,NE,S,0.67,11.4,Calm,False,False,Android,7.0.2,M300 RTK,1ZN7L4R0H1D00F,1W9DL31001461C,1ZMLH8300204F0,1Z6PH74DAP0QN7,"Corona, CA",728.3,5.7,137.7,8.547347,2.013246,0,0,DJI Matrice 300 RTK,M300 RTK,1ZN7L4R0H1D00F,1W9DL31001461C,1ZMLH8300204F0,1Z6PH74DAP0QN7,DJI Pilot,Android,7.0.2,1EF72A62-B7C3-C88D-164E-CE6F8C8424AE,1ZN7L4R0H1D00F,1W9DL31001461C,,1ZMLH8300204F0,1W9DL31001461C,,,,,
2023-11-01,11:29:55.54 AM,5m 33.2s,333.2,33.800131841337,-117.4723702335393,107.9,137.7,17.7,1372,2603.3,6.579037,6.94893,-3.802798,2.23694,-5.368656,1.342164,0.671082,0.894776,-1.9,1.8,2.6,-126.7,233.3,233.3,Tripod,Other,,22,5,True,,True,False,,Smart,RC,False,True,False,,,True,,False,False,False,False,False,False,False,False,False,False,0,Follow Yaw,-77.9,0,-133.6,226.4,False,False,False,False,False,,0,0,False,False,No Card,100,100,1024,1372,710,1259,2,False,False,False,False,False,0,False,False,False,False,82,,47.316,,8235,,10044,,47.316,,True,3.941,3.941,3.941,3.941,3.941,3.941,3.941,3.941,3.941,3.941,3.941,3.941,0,,False,False,True,,,,,,,,,,,,,,,False,False,18.498,,95.0,,75.7,,95.0,,1590,73,11,19,7,140145.7,18686.09,,Idle,,20,,10,,,20,Go Home,False,False,False,False,False,False,False,False,False,False,False,False,33.8027920380556,-117.4659261431046,2181.2,2972.0,1049.4,396.9,True,1,1,False,False,False,False,,True,False,False,Course Lock,196.8,67,16.4,93,NE,S,0.67,11.4,Calm,False,False,Android,7.0.2,M300 RTK,1ZN7L4R0H1D00F,1W9DL31001461C,1ZMLH8300204F0,1Z6PH74DAP0QN7,"Corona, CA",728.3,5.7,137.7,8.547347,2.013246,0,0,DJI Matrice 300 RTK,M300 RTK,1ZN7L4R0H1D00F,1W9DL31001461C,1ZMLH8300204F0,1Z6PH74DAP0QN7,DJI Pilot,Android,7.0.2,1EF72A62-B7C3-C88D-164E-CE6F8C8424AE,1ZN7L4R0H1D00F,1W9DL31001461C,,1ZMLH8300204F0,1W9DL31001461C,,,,,
2023-11-01,11:29:55.63 AM,5m 33.3s,333.3,33.8001301461222,-117.4723730946211,107.9,137.7,17.7,1372,2604.4,6.579037,6.94893,-3.802798,2.23694,-5.368656,1.342164,0.671082,0.894776,-1.9,1.8,2.6,-126,234,234.5,Tripod,Other,,22,5,True,,True,False,,Smart,RC,False,True,False,,,True,,False,False,False,False,False,False,False,False,False,False,0,Follow Yaw,-77.9,0,-133,227,False,False,False,False,False,,0,0,False,False,No Card,100,100,1024,1373,715,1225,2,False,False,False,False,False,0,False,False,False,False,82,,47.316,,8235,,10044,,47.316,,True,3.944,3.944,3.944,3.944,3.944,3.944,3.944,3.944,3.944,3.944,3.944,3.944,0,,False,False,True,,,,,,,,,,,,,,,False,False,18.498,,95.0,,75.7,,95.0,,1590,73,10,19,7,140003.3,18667.10,,Idle,,20,,10,,,20,Go Home,False,False,False,False,False,False,False,False,False,False,False,False,33.8027920380556,-117.4659261431046,2182.3,2972.0,1049.4,396.9,True,1,1,False,False,False,False,,True,False,False,Course Lock,196.8,67,16.4,93,NE,S,0.67,11.4,Calm,False,False,Android,7.0.2,M300 RTK,1ZN7L4R0H1D00F,1W9DL31001461C,1ZMLH8300204F0,1Z6PH74DAP0QN7,"Corona, CA",728.3,5.7,137.7,8.547347,2.013246,0,0,DJI Matrice 300 RTK,M300 RTK,1ZN7L4R0H1D00F,1W9DL31001461C,1ZMLH8300204F0,1Z6PH74DAP0QN7,DJI Pilot,Android,7.0.2,1EF72A62-B7C3-C88D-164E-CE6F8C8424AE,1ZN7L4R0H1D00F,1W9DL31001461C,,1ZMLH8300204F0,1W9DL31001461C,,,,,
2023-11-01,11:29:55.73 AM,5m 33.4s,333.4,33.8001286658246,-117.4723756400223,107.9,137.7,17.7,1372,2605.3,6.452321,6.94893,-3.579104,2.23694,-5.368656,1.342164,0.671082,0.894776,-2,1.8,2.6,-125.3,234.7,235.0,Tripod,Other,,22,5,True,,True,False,,Smart,RC,False,True,False,,,True,,False,False,False,False,False,False,False,False,False,False,0,Follow Yaw,-77.9,0,-132.4,227.6,False,False,False,False,False,,0,0,False,False,No Card,100,100,1024,1372,706,1207,2,False,False,False,False,False,0,False,False,False,False,82,,47.316,,8235,,10044,,47.316,,True,3.944,3.944,3.944,3.944,3.944,3.944,3.944,3.944,3.944,3.944,3.944,3.944,0,,False,False,True,,,,,,,,,,,,,,,False,False,18.498,,95.0,,75.7,,95.0,,1590,73,10,19,7,140003.3,18667.10,,Idle,,20,,10,,,20,Go Home,False,False,False,False,False,False,False,False,False,False,False,False,33.8027920380556,-117.4659261431046,2183.2,2972.0,1049.4,396.9,True,1,1,False,False,False,False,,True,False,False,Course Lock,196.8,67,16.4,93,NE,S,0.67,11.4,Calm,False,False,Android,7.0.2,M300 RTK,1ZN7L4R0H1D00F,1W9DL31001461C,1ZMLH8300204F0,1Z6PH74DAP0QN7,"Corona, CA",728.3,5.7,137.7,8.547347,2.013246,0,0,DJI Matrice 300 RTK,M300 RTK,1ZN7L4R0H1D00F,1W9DL31001461C,1ZMLH8300204F0,1Z6PH74DAP0QN7,DJI Pilot,Android,7.0.2,1EF72A62-B7C3-C88D-164E-CE6F8C8424AE,1ZN7L4R0H1D00F,1W9DL31001461C,,1ZMLH8300204F0,1W9DL31001461C,,,,,
2023-11-01,11:29:55.84 AM,5m 33.5s,333.5,33.8001271016435,-117.4723785042378,107.6,137.7,17.7,1371,2606.3,6.452321,6.94893,-3.579104,2.23694,-5.368656,1.342164,0.671082,0.894776,-2,1.6,2.5,-124.6,235.4,236.6,Tripod,Other,,22,5,True,,True,False,,Smart,RC,False,True,False,,,True,,False,False,False,False,False,False,False,False,False,False,0,Follow Yaw,-77.9,0,-132,228,False,False,False,False,False,,0,0,False,False,No Card,100,100,1024,1372,695,1122,2,False,False,False,False,False,0,False,False,False,False,82,,47.316,,8235,,10044,,47.316,,True,3.944,3.944,3.944,3.944,3.944,3.944,3.944,3.944,3.944,3.944,3.944,3.944,0,,False,False,True,,,,,,,,,,,,,,,False,False,18.498,,95.0,,75.7,,95.0,,1590,73,10,19,7,140003.3,18667.10,,Idle,,20,,10,,,20,Go Home,False,False,False,False,False,False,False,False,False,False,False,False,33.8027920380556,-117.4659261431046,2184.3,2972.0,1049.4,396.9,True,1,1,False,False,False,False,,True,False,False,Course Lock,196.8,67,16.4,93,NE,S,0.67,11.4,Calm,False,False,Android,7.0.2,M300 RTK,1ZN7L4R0H1D00F,1W9DL31001461C,1ZMLH8300204F0,1Z6PH74DAP0QN7,"Corona, CA",728.3,5.7,137.7,8.547347,2.013246,0,0,DJI Matrice 300 RTK,M300 RTK,1ZN7L4R0H1D00F,1W9DL31001461C,1ZMLH8300204F0,1Z6PH74DAP0QN7,DJI Pilot,Android,7.0.2,1EF72A62-B7C3-C88D-164E-CE6F8C8424AE,1ZN7L4R0H1D00F,1W9DL31001461C,,1ZMLH8300204F0,1W9DL31001461C,,,,,
2023-11-01,11:29:55.94 AM,5m 33.6s,333.6,33.8001256887817,-117.4723811113238,107.6,137.7,17.7,1371,2607.3,6.639605,6.94893,-3.579104,2.23694,-5.59235,1.342164,0.671082,0.894776,-1.9,1,2.1,-124.2,235.8,236.8,Tripod,Other,,22,5,True,,True,False,,Smart,RC,False,True,False,,,True,,False,False,False,False,False,False,False,False,False,False,0,Follow Yaw,-77.9,0,-131.7,228.3,False,False,False,False,False,,0,0,False,False,No Card,100,100,1024,1376,699,1027,2,False,False,False,False,False,0,False,False,False,False,82,,47.316,,8235,,10044,,47.316,,True,3.944,3.944,3.944,3.944,3.944,3.944,3.944,3.944,3.944,3.944,3.944,3.944,0,,False,False,True,,,,,,,,,,,,,,,False,False,18.498,,95.0,,75.7,,95.0,,1590,73,10,19,7,140003.3,18667.10,,Idle,,20,,10,,,20,Go Home,False,False,False,False,False,False,False,False,False,False,False,False,33.8027920380556,-117.4659261431046,2185.2,2972.0,1049.4,396.9,True,1,1,False,False,False,False,,True,False,False,Course Lock,196.8,67,16.4,93,NE,S,0.67,11.4,Calm,False,False,Android,7.0.2,M300 RTK,1ZN7L4R0H1D00F,1W9DL31001461C,1ZMLH8300204F0,1Z6PH74DAP0QN7,"Corona, CA",728.3,5.7,137.7,8.547347,2.013246,0,0,DJI Matrice 300 RTK,M300 RTK,1ZN7L4R0H1D00F,1W9DL31001461C,1ZMLH8300204F0,1Z6PH74DAP0QN7,DJI Pilot,Android,7.0.2,1EF72A62-B7C3-C88D-164E-CE6F8C8424AE,1ZN7L4R0H1D00F,1W9DL31001461C,,1ZMLH8300204F0,1W9DL31001461C,,,,,
2023-11-01,11:29:56.04 AM,5m 33.7s,333.7,33.8001243247149,-117.47238387625,107.6,137.7,17.7,1371,2608.2,6.521744,6.94893,-3.35541,2.23694,-5.59235,1.342164,0.671082,0.894776,-1.9,0,1.9,-123.8,236.2,239.3,Tripod,Other,,22,5,True,,True,False,,Smart,RC,False,True,False,,,True,,False,False,False,False,False,False,False,False,False,False,0,Follow Yaw,-77.9,0,-131.6,228.4,False,False,False,False,False,,0,0,False,False,No Card,100,100,1024,1373,695,1024,2,False,False,False,False,False,0,False,False,False,False,82,,47.316,,8235,,10044,,47.316,,True,3.944,3.944,3.944,3.944,3.944,3.944,3.944,3.944,3.944,3.944,3.944,3.944,0,,False,False,True,,,,,,,,,,,,,,,False,False,18.498,,95.0,,75.7,,95.0,,1590,73,10,19,7,140003.3,18667.10,,Idle,,20,,10,,,20,Go Home,False,False,False,False,False,False,False,False,False,False,False,False,33.8027920380556,-117.4659261431046,2186.2,2972.0,1049.4,396.9,True,1,1,False,False,False,False,,True,False,False,Course Lock,196.8,67,16.4,93,NE,S,0.67,11.4,Calm,False,False,Android,7.0.2,M300 RTK,1ZN7L4R0H1D00F,1W9DL31001461C,1ZMLH8300204F0,1Z6PH74DAP0QN7,"Corona, CA",728.3,5.7,137.7,8.547347,2.013246,0,0,DJI Matrice 300 RTK,M300 RTK,1ZN7L4R0H1D00F,1W9DL31001461C,1ZMLH8300204F0,1Z6PH74DAP0QN7,DJI Pilot,Android,7.0.2,1EF72A62-B7C3-C88D-164E-CE6F8C8424AE,1ZN7L4R0H1D00F,1W9DL31001461C,,1ZMLH8300204F0,1W9DL31001461C,,,,,
2023-11-01,11:29:56.14 AM,5m 33.8s,333.8,33.8001229600999,-117.4723865039524,107.2,137.7,17.7,1371,2609.2,6.521744,6.94893,-3.35541,2.23694,-5.59235,1.342164,0.671082,0.894776,-2,-1.2,2.3,-123.6,236.4,237.9,Tripod,Other,,22,5,True,,True,False,,Smart,RC,False,True,False,,,True,,False,False,False,False,False,False,False,False,False,False,0,Follow Yaw,-77.9,0,-131.6,228.4,False,False,False,False,False,,0,0,False,False,No Card,100,100,1024,1375,683,1024,2,False,False,False,False,False,0,False,False,False,False,82,,47.316,,8235,,10044,,47.316,,True,3.944,3.944,3.944,3.944,3.944,3.944,3.944,3.944,3.944,3.944,3.944,3.944,0,,False,False,True,,,,,,,,,,,,,,,False,False,18.498,,95.0,,75.7,,95.0,,1590,73,10,19,7,140003.3,18667.10,,Idle,,20,,10,,,20,Go Home,False,False,False,False,False,False,False,False,False,False,False,False,33.8027920380556,-117.4659261431046,2187.1,2972.0,1049.4,396.9,True,1,1,False,False,False,False,,True,False,False,Course Lock,196.8,67,16.4,93,NE,S,0.67,11.4,Calm,False,False,Android,7.0.2,M300 RTK,1ZN7L4R0H1D00F,1W9DL31001461C,1ZMLH8300204F0,1Z6PH74DAP0QN7,"Corona, CA",728.3,5.7,137.7,8.547347,2.013246,0,0,DJI Matrice 300 RTK,M300 RTK,1ZN7L4R0H1D00F,1W9DL31001461C,1ZMLH8300204F0,1Z6PH74DAP0QN7,DJI Pilot,Android,7.0.2,1EF72A62-B7C3-C88D-164E-CE6F8C8424AE,1ZN7L4R0H1D00F,1W9DL31001461C,,1ZMLH8300204F0,1W9DL31001461C,,,,,
2023-11-01,11:29:56.25 AM,5m 33.9s,333.9,33.8001214819953,-117.4723893564577,107.2,137.7,17.7,1371,2610.2,6.521744,6.94893,-3.35541,2.23694,-5.59235,1.342164,0.671082,0.894776,-2.2,-1.6,2.7,-123.4,236.6,238.0,Tripod,Other,,22,5,True,,True,False,,Smart,RC,False,True,False,,,True,,False,False,False,False,False,False,False,False,False,False,0,Follow Yaw,-77.9,0,-131.6,228.4,False,False,False,False,False,,0,0,False,False,No Card,100,100,1024,1376,682,1024,2,False,False,False,False,False,0,False,False,False,False,82,,47.316,,8235,,10044,,47.316,,True,3.944,3.944,3.944,3.944,3.944,3.944,3.944,3.944,3.944,3.944,3.944,3.944,0,,False,False,True,,,,,,,,,,,,,,,False,False,18.498,,95.0,,75.7,,95.0,,1590,73,10,19,7,140003.3,18667.10,,Idle,,20,,10,,,20,Go Home,False,False,False,False,False,False,False,False,False,False,False,False,33.8027920380556,-117.4659261431046,2188.1,2972.0,1049.4,396.9,True,1,1,False,False,False,False,,True,False,False,Course Lock,196.8,67,16.4,93,NE,S,0.67,11.4,Calm,False,False,Android,7.0.2,M300 RTK,1ZN7L4R0H1D00F,1W9DL31001461C,1ZMLH8300204F0,1Z6PH74DAP0QN7,"Corona, CA",728.3,5.7,137.7,8.547347,2.013246,0,0,DJI Matrice 300 RTK,M300 RTK,1ZN7L4R0H1D00F,1W9DL31001461C,1ZMLH8300204F0,1Z6PH74DAP0QN7,DJI Pilot,Android,7.0.2,1EF72A62-B7C3-C88D-164E-CE6F8C8424AE,1ZN7L4R0H1D00F,1W9DL31001461C,,1ZMLH8300204F0,1W9DL31001461C,,,,,
2023-11-01,11:29:56.35 AM,5m 34.0s,334.0,33.800120034045,-117.4723921304552,107.2,137.7,17.7,1371,2611.2,6.521744,6.94893,-3.35541,2.23694,-5.59235,1.342164,0.671082,0.894776,-2.1,-1.7,2.7,-123.4,236.6,237.8,Tripod,Other,,22,5,True,,True,False,,Smart,RC,False,True,False,,,True,,False,False,False,False,False,False,False,False,False,False,0,Follow Yaw,-77.9,0,-131.6,228.4,False,False,False,False,False,,0,0,False,False,No Card,100,100,1024,1375,688,1024,2,False,False,False,False,False,0,False,False,False,False,82,,47.328,,8235,,10044,,47.328,,True,3.944,3.944,3.944,3.944,3.944,3.944,3.944,3.944,3.944,3.944,3.944,3.944,0,,False,False,True,,,,,,,,,,,,,,,False,False,18.492,,95.0,,75.7,,95.0,,1590,73,10,19,7,140003.3,18667.10,,Idle,,20,,10,,,20,Go Home,False,False,False,False,False,False,False,False,False,False,False,False,33.8027920380556,-117.4659261431046,2189.1,2972.0,1049.4,396.9,True,1,1,False,False,False,False,,True,False,False,Course Lock,196.8,67,16.4,93,NE,S,0.89,11.4,Calm,False,False,Android,7.0.2,M300 RTK,1ZN7L4R0H1D00F,1W9DL31001461C,1ZMLH8300204F0,1Z6PH74DAP0QN7,"Corona, CA",728.3,5.7,137.7,8.547347,2.013246,0,0,DJI Matrice 300 RTK,M300 RTK,1ZN7L4R0H1D00F,1W9DL31001461C,1ZMLH8300204F0,1Z6PH74DAP0QN7,DJI Pilot,Android,7.0.2,1EF72A62-B7C3-C88D-164E-CE6F8C8424AE,1ZN7L4R0H1D00F,1W9DL31001461C,,1ZMLH8300204F0,1W9DL31001461C,,,,,
2023-11-01,11:29:56.45 AM,5m 34.1s,334.1,33.8001186847812,-117.4723950802705,106.9,137.7,17.7,1371,2612.2,6.521744,6.94893,-3.35541,2.23694,-5.59235,1.342164,0.671082,0.894776,-1.9,-1.5,2.4,-123.4,236.6,241.1,Tripod,Other,,22,5,True,,True,False,,Smart,RC,False,True,False,,,True,,False,False,False,False,False,False,False,False,False,False,0,Follow Yaw,-77.9,0,-131.6,228.4,False,False,False,False,False,,0,0,False,False,No Card,100,100,1024,1374,698,1024,2,False,False,False,False,False,0,False,False,False,False,82,,47.328,,8235,,10044,,47.328,,True,3.944,3.944,3.944,3.944,3.944,3.944,3.944,3.944,3.944,3.944,3.944,3.944,0,,False,False,True,,,,,,,,,,,,,,,False,False,18.492,,95.0,,75.7,,95.0,,1590,73,10,19,7,140003.3,18667.10,,Idle,,20,,10,,,20,Go Home,False,False,False,False,False,False,False,False,False,False,False,False,33.8027920380556,-117.4659261431046,2190.1,2972.0,1049.4,396.9,True,1,1,False,False,False,False,,True,False,False,Course Lock,196.8,67,16.4,93,NE,S,0.89,11.4,Calm,False,False,Android,7.0.2,M300 RTK,1ZN7L4R0H1D00F,1W9DL31001461C,1ZMLH8300204F0,1Z6PH74DAP0QN7,"Corona, CA",728.3,5.7,137.7,8.547347,2.013246,0,0,DJI Matrice 300 RTK,M300 RTK,1ZN7L4R0H1D00F,1W9DL31001461C,1ZMLH8300204F0,1Z6PH74DAP0QN7,DJI Pilot,Android,7.0.2,1EF72A62-B7C3-C88D-164E-CE6F8C8424AE,1ZN7L4R0H1D00F,1W9DL31001461C,,1ZMLH8300204F0,1W9DL31001461C,,,,,
2023-11-01,11:29:56.55 AM,5m 34.2s,334.2,33.8001172242209,-117.4723978593808,106.9,137.7,17.7,1371,2613.2,6.521744,6.94893,-3.35541,2.23694,-5.59235,1.342164,0.671082,0.894776,-1.7,-1.3,2.1,-123.4,236.6,237.6,Tripod,Other,,22,5,True,,True,False,,Smart,RC,False,True,False,,,True,,False,False,False,False,False,False,False,False,False,False,0,Follow Yaw,-77.9,0,-131.6,228.4,False,False,False,False,False,,0,0,False,False,No Card,100,100,1024,1374,701,1024,2,False,False,False,False,False,0,False,False,False,False,82,,47.328,,8235,,10044,,47.328,,True,3.944,3.944,3.944,3.944,3.944,3.944,3.944,3.944,3.944,3.944,3.944,3.944,0,,False,False,True,,,,,,,,,,,,,,,False,False,18.492,,95.0,,75.7,,95.0,,1590,73,10,19,7,140003.3,18667.10,,Idle,,20,,10,,,20,Go Home,False,False,False,False,False,False,False,False,False,False,False,False,33.8027920380556,-117.4659261431046,2191.1,2972.0,1049.4,396.9,True,1,1,False,False,False,False,,True,False,False,Course Lock,196.8,67,16.4,93,NE,S,0.89,11.4,Calm,False,False,Android,7.0.2,M300 RTK,1ZN7L4R0H1D00F,1W9DL31001461C,1ZMLH8300204F0,1Z6PH74DAP0QN7,"Corona, CA",728.3,5.7,137.7,8.547347,2.013246,0,0,DJI Matrice 300 RTK,M300 RTK,1ZN7L4R0H1D00F,1W9DL31001461C,1ZMLH8300204F0,1Z6PH74DAP0QN7,DJI Pilot,Android,7.0.2,1EF72A62-B7C3-C88D-164E-CE6F8C8424AE,1ZN7L4R0H1D00F,1W9DL31001461C,,1ZMLH8300204F0,1W9DL31001461C,,,,,
2023-11-01,11:29:56.65 AM,5m 34.3s,334.3,33.8001154654081,-117.4724007042992,106.6,137.7,17.3,1370,2614.3,6.639605,6.94893,-3.579104,2.23694,-5.59235,1.342164,0.671082,0.894776,-1.7,-1.2,2,-123.6,236.4,233.3,Tripod,Other,,22,5,True,,True,False,,Smart,RC,False,True,False,,,True,,False,False,False,False,False,False,False,False,False,False,0,Follow Yaw,-77.9,0,-131.6,228.4,False,False,False,False,False,,0,0,False,False,No Card,100,100,1024,1375,701,1024,2,False,False,False,False,False,0,False,False,False,False,82,,47.328,,8235,,10044,,47.328,,True,3.948,3.948,3.948,3.948,3.948,3.948,3.948,3.948,3.948,3.948,3.948,3.948,0,,False,False,True,,,,,,,,,,,,,,,False,False,18.492,,95.0,,75.7,,95.0,,1589,73,10,19,7,139789.0,18638.53,,Idle,,20,,10,,,20,Go Home,False,False,False,False,False,False,False,False,False,False,False,False,33.8027920380556,-117.4659261431046,2192.2,2972.0,1049.4,396.9,True,1,1,False,False,False,False,,True,False,False,Course Lock,196.8,67,16.4,93,NE,S,0.89,11.4,Calm,False,False,Android,7.0.2,M300 RTK,1ZN7L4R0H1D00F,1W9DL31001461C,1ZMLH8300204F0,1Z6PH74DAP0QN7,"Corona, CA",728.3,5.7,137.7,8.547347,2.013246,0,0,DJI Matrice 300 RTK,M300 RTK,1ZN7L4R0H1D00F,1W9DL31001461C,1ZMLH8300204F0,1Z6PH74DAP0QN7,DJI Pilot,Android,7.0.2,1EF72A62-B7C3-C88D-164E-CE6F8C8424AE,1ZN7L4R0H1D00F,1W9DL31001461C,,1ZMLH8300204F0,1W9DL31001461C,,,,,
2023-11-01,11:29:56.76 AM,5m 34.4s,334.4,33.8001140388398,-117.4724033176525,106.6,137.7,17.3,1370,2615.2,6.639605,6.94893,-3.579104,2.23694,-5.59235,1.342164,0.671082,0.894776,-1.8,-1.4,2.2,-123.7,236.3,236.6,Tripod,Other,,22,5,True,,True,False,,Smart,RC,False,True,False,,,True,,False,False,False,False,False,False,False,False,False,False,0,Follow Yaw,-77.9,0,-131.6,228.4,False,False,False,False,False,,0,0,False,False,No Card,100,100,1024,1374,707,1024,2,False,False,False,False,False,0,False,False,False,False,82,,47.328,,8235,,10044,,47.328,,True,3.948,3.948,3.948,3.948,3.948,3.948,3.948,3.948,3.948,3.948,3.948,3.948,0,,False,False,True,,,,,,,,,,,,,,,False,False,18.492,,95.0,,75.7,,95.0,,1589,73,10,19,7,139789.0,18638.53,,Idle,,20,,10,,,20,Go Home,False,False,False,False,False,False,False,False,False,False,False,False,33.8027920380556,-117.4659261431046,2193.1,2972.0,1049.4,396.9,True,1,1,False,False,False,False,,True,False,False,Course Lock,196.8,67,16.4,93,NE,S,0.89,11.4,Calm,False,False,Android,7.0.2,M300 RTK,1ZN7L4R0H1D00F,1W9DL31001461C,1ZMLH8300204F0,1Z6PH74DAP0QN7,"Corona, CA",728.3,5.7,137.7,8.547347,2.013246,0,0,DJI Matrice 300 RTK,M300 RTK,1ZN7L4R0H1D00F,1W9DL31001461C,1ZMLH8300204F0,1Z6PH74DAP0QN7,DJI Pilot,Android,7.0.2,1EF72A62-B7C3-C88D-164E-CE6F8C8424AE,1ZN7L4R0H1D00F,1W9DL31001461C,,1ZMLH8300204F0,1W9DL31001461C,,,,,
2023-11-01,11:29:56.86 AM,5m 34.5s,334.5,33.8001127476914,-117.472406030625,106.6,137.7,17.3,1370,2616.2,6.452321,6.94893,-3.579104,2.23694,-5.368656,1.342164,0.671082,0.894776,-1.7,-1.1,2,-123.5,236.5,240.1,Tripod,Other,,22,5,True,,True,False,,Smart,RC,False,True,False,,,True,,False,False,False,False,False,False,False,False,False,False,0,Follow Yaw,-77.9,0,-131.6,228.4,False,False,False,False,False,,0,0,False,False,No Card,100,100,1024,1374,719,1024,2,False,False,False,False,False,0,False,False,False,False,82,,47.328,,8235,,10044,,47.328,,True,3.948,3.948,3.948,3.948,3.948,3.948,3.948,3.948,3.948,3.948,3.948,3.948,0,,False,False,True,,,,,,,,,,,,,,,False,False,18.492,,95.0,,75.7,,95.0,,1589,73,10,19,7,139789.0,18638.53,,Idle,,20,,10,,,20,Go Home,False,False,False,False,False,False,False,False,False,False,False,False,33.8027920380556,-117.4659261431046,2194.1,2972.0,1049.4,396.9,True,1,1,False,False,False,False,,True,False,False,Course Lock,196.8,67,16.4,93,NE,S,0.89,11.4,Calm,False,False,Android,7.0.2,M300 RTK,1ZN7L4R0H1D00F,1W9DL31001461C,1ZMLH8300204F0,1Z6PH74DAP0QN7,"Corona, CA",728.3,5.7,137.7,8.547347,2.013246,0,0,DJI Matrice 300 RTK,M300 RTK,1ZN7L4R0H1D00F,1W9DL31001461C,1ZMLH8300204F0,1Z6PH74DAP0QN7,DJI Pilot,Android,7.0.2,1EF72A62-B7C3-C88D-164E-CE6F8C8424AE,1ZN7L4R0H1D00F,1W9DL31001461C,,1ZMLH8300204F0,1W9DL31001461C,,,,,
2023-11-01,11:29:56.96 AM,5m 34.6s,334.6,33.8001113200266,-117.4724086090126,106.2,137.7,17.3,1370,2617.1,6.452321,6.94893,-3.579104,2.23694,-5.368656,1.342164,0.671082,0.894776,-1.7,-0.7,1.8,-123.4,236.6,236.3,Tripod,Other,,22,5,True,,True,False,,Smart,RC,False,True,False,,,True,,False,False,False,False,False,False,False,False,False,False,0,Follow Yaw,-77.9,0,-131.6,228.4,False,False,False,False,False,,0,0,False,False,No Card,100,100,1024,1375,707,1024,2,False,False,False,False,False,0,False,False,False,False,82,,47.328,,8235,,10044,,47.328,,True,3.948,3.948,3.948,3.948,3.948,3.948,3.948,3.948,3.948,3.948,3.948,3.948,0,,False,False,True,,,,,,,,,,,,,,,False,False,18.492,,95.0,,75.7,,95.0,,1589,73,10,19,7,139789.0,18638.53,,Idle,,20,,10,,,20,Go Home,False,False,False,False,False,False,False,False,False,False,False,False,33.8027920380556,-117.4659261431046,2195.0,2972.0,1049.4,396.9,True,1,1,False,False,False,False,,True,False,False,Course Lock,196.8,67,16.4,93,NE,S,0.89,11.4,Calm,False,False,Android,7.0.2,M300 RTK,1ZN7L4R0H1D00F,1W9DL31001461C,1ZMLH8300204F0,1Z6PH74DAP0QN7,"Corona, CA",728.3,5.7,137.7,8.547347,2.013246,0,0,DJI Matrice 300 RTK,M300 RTK,1ZN7L4R0H1D00F,1W9DL31001461C,1ZMLH8300204F0,1Z6PH74DAP0QN7,DJI Pilot,Android,7.0.2,1EF72A62-B7C3-C88D-164E-CE6F8C8424AE,1ZN7L4R0H1D00F,1W9DL31001461C,,1ZMLH8300204F0,1W9DL31001461C,,,,,
2023-11-01,11:29:57.06 AM,5m 34.7s,334.7,33.8001096631898,-117.4724118007838,106.2,137.7,17.3,1370,2618.3,6.452321,6.94893,-3.579104,2.23694,-5.368656,1.342164,0.671082,0.894776,-1.5,-0.4,1.5,-123.3,236.7,238.0,Tripod,Other,,22,5,True,,True,False,,Smart,RC,False,True,False,,,True,,False,False,False,False,False,False,False,False,False,False,0,Follow Yaw,-77.9,0,-131.6,228.4,False,False,False,False,False,,0,0,False,False,No Card,100,100,1024,1373,703,1024,2,False,False,False,False,False,0,False,False,False,False,82,,47.328,,8235,,10044,,47.328,,True,3.948,3.948,3.948,3.948,3.948,3.948,3.948,3.948,3.948,3.948,3.948,3.948,0,,False,False,True,,,,,,,,,,,,,,,False,False,18.492,,95.0,,75.7,,95.0,,1589,73,10,19,7,139789.0,18638.53,,Idle,,20,,10,,,20,Go Home,False,False,False,False,False,False,False,False,False,False,False,False,33.8027920380556,-117.4659261431046,2196.1,2972.0,1049.4,396.9,True,1,1,False,False,False,False,,True,False,False,Course Lock,196.8,67,16.4,93,NE,S,0.89,11.4,Calm,False,False,Android,7.0.2,M300 RTK,1ZN7L4R0H1D00F,1W9DL31001461C,1ZMLH8300204F0,1Z6PH74DAP0QN7,"Corona, CA",728.3,5.7,137.7,8.547347,2.013246,0,0,DJI Matrice 300 RTK,M300 RTK,1ZN7L4R0H1D00F,1W9DL31001461C,1ZMLH8300204F0,1Z6PH74DAP0QN7,DJI Pilot,Android,7.0.2,1EF72A62-B7C3-C88D-164E-CE6F8C8424AE,1ZN7L4R0H1D00F,1W9DL31001461C,,1ZMLH8300204F0,1W9DL31001461C,,,,,
2023-11-01,11:29:57.17 AM,5m 34.8s,334.8,33.8001082360733,-117.4724144065502,106.2,137.7,17.3,1370,2619.2,6.452321,6.94893,-3.579104,2.23694,-5.368656,1.342164,0.671082,0.894776,-1.4,-0.6,1.5,-123.3,236.7,236.6,Tripod,Other,,22,5,True,,True,False,,Smart,RC,False,True,False,,,True,,False,False,False,False,False,False,False,False,False,False,0,Follow Yaw,-77.9,0,-131.6,228.4,False,False,False,False,False,,0,0,False,False,No Card,100,100,1024,1373,704,1024,2,False,False,False,False,False,0,False,False,False,False,82,,47.328,,8235,,10044,,47.328,,True,3.948,3.948,3.948,3.948,3.948,3.948,3.948,3.948,3.948,3.948,3.948,3.948,0,,False,False,True,,,,,,,,,,,,,,,False,False,18.492,,95.0,,75.7,,95.0,,1589,73,10,19,7,139789.0,18638.53,,Idle,,20,,10,,,20,Go Home,False,False,False,False,False,False,False,False,False,False,False,False,33.8027920380556,-117.4659261431046,2197.1,2972.0,1049.4,396.9,True,1,1,False,False,False,False,,True,False,False,Course Lock,196.8,67,16.4,93,NE,S,0.89,11.4,Calm,False,False,Android,7.0.2,M300 RTK,1ZN7L4R0H1D00F,1W9DL31001461C,1ZMLH8300204F0,1Z6PH74DAP0QN7,"Corona, CA",728.3,5.7,137.7,8.547347,2.013246,0,0,DJI Matrice 300 RTK,M300 RTK,1ZN7L4R0H1D00F,1W9DL31001461C,1ZMLH8300204F0,1Z6PH74DAP0QN7,DJI Pilot,Android,7.0.2,1EF72A62-B7C3-C88D-164E-CE6F8C8424AE,1ZN7L4R0H1D00F,1W9DL31001461C,,1ZMLH8300204F0,1W9DL31001461C,,,,,
2023-11-01,11:29:57.27 AM,5m 34.9s,334.9,33.8001068122464,-117.472416736055,105.9,137.7,17.3,1370,2620.1,6.452321,6.94893,-3.579104,2.23694,-5.368656,1.342164,0.671082,0.894776,-1.3,-0.6,1.4,-123.3,236.7,233.6,Tripod,Other,,22,5,True,,True,False,,Smart,RC,False,True,False,,,True,,False,False,False,False,False,False,False,False,False,False,0,Follow Yaw,-77.9,0,-131.6,228.4,False,False,False,False,False,,0,0,False,False,No Card,100,100,1024,1372,700,1038,2,False,False,False,False,False,0,False,False,False,False,82,,47.328,,8235,,10044,,47.328,,True,3.948,3.948,3.948,3.948,3.948,3.948,3.948,3.948,3.948,3.948,3.948,3.948,0,,False,False,True,,,,,,,,,,,,,,,False,False,18.492,,95.0,,75.7,,95.0,,1589,73,10,19,7,139789.0,18638.53,,Idle,,20,,10,,,20,Go Home,False,False,False,False,False,False,False,False,False,False,False,False,33.8027920380556,-117.4659261431046,2197.9,2972.0,1049.4,396.9,True,1,1,False,False,False,False,,True,False,False,Course Lock,196.8,67,16.4,93,NE,S,0.89,11.4,Calm,False,False,Android,7.0.2,M300 RTK,1ZN7L4R0H1D00F,1W9DL31001461C,1ZMLH8300204F0,1Z6PH74DAP0QN7,"Corona, CA",728.3,5.7,137.7,8.547347,2.013246,0,0,DJI Matrice 300 RTK,M300 RTK,1ZN7L4R0H1D00F,1W9DL31001461C,1ZMLH8300204F0,1Z6PH74DAP0QN7,DJI Pilot,Android,7.0.2,1EF72A62-B7C3-C88D-164E-CE6F8C8424AE,1ZN7L4R0H1D00F,1W9DL31001461C,,1ZMLH8300204F0,1W9DL31001461C,,,,,
2023-11-01,11:29:57.37 AM,5m 35.0s,335.0,33.8001053187906,-117.4724194310498,105.9,137.7,17.3,1370,2621.1,6.452321,6.94893,-3.579104,2.23694,-5.368656,1.342164,0.671082,0.894776,-1.2,-0.5,1.3,-123.2,236.8,236.3,Tripod,Other,,22,5,True,,True,False,,Smart,RC,False,True,False,,,True,,False,False,False,False,False,False,False,False,False,False,0,Follow Yaw,-77.9,0,-131.6,228.4,False,False,False,False,False,,0,0,False,False,No Card,100,100,1024,1372,694,1134,2,False,False,False,False,False,0,False,False,False,False,82,,47.328,,8235,,10044,,47.328,,True,3.948,3.948,3.948,3.948,3.948,3.948,3.948,3.948,3.948,3.948,3.948,3.948,0,,False,False,True,,,,,,,,,,,,,,,False,False,18.512,,95.0,,75.7,,95.0,,1589,73,10,19,7,139789.0,18638.53,,Idle,,20,,10,,,20,Go Home,False,False,False,False,False,False,False,False,False,False,False,False,33.8027920380556,-117.4659261431046,2198.9,2972.0,1049.4,396.9,True,1,1,False,False,False,False,,True,False,False,Course Lock,196.8,67,16.4,93,NE,S,0.89,11.4,Calm,False,False,Android,7.0.2,M300 RTK,1ZN7L4R0H1D00F,1W9DL31001461C,1ZMLH8300204F0,1Z6PH74DAP0QN7,"Corona, CA",728.3,5.7,137.7,8.547347,2.013246,0,0,DJI Matrice 300 RTK,M300 RTK,1ZN7L4R0H1D00F,1W9DL31001461C,1ZMLH8300204F0,1Z6PH74DAP0QN7,DJI Pilot,Android,7.0.2,1EF72A62-B7C3-C88D-164E-CE6F8C8424AE,1ZN7L4R0H1D00F,1W9DL31001461C,,1ZMLH8300204F0,1W9DL31001461C,,,,,
2023-11-01,11:29:57.48 AM,5m 35.1s,335.1,33.8001035588812,-117.4724223317153,105.6,137.7,17.3,1369,2622.2,6.452321,6.94893,-3.579104,2.23694,-5.368656,1.342164,0.671082,0.894776,-1.4,-0.6,1.5,-123.2,236.8,233.8,Tripod,Other,,22,5,True,,True,False,,Smart,RC,False,True,False,,,True,,False,False,False,False,False,False,False,False,False,False,0,Follow Yaw,-77.9,0,-131.5,228.5,False,False,False,False,False,,0,0,False,False,No Card,100,100,1024,1375,689,1150,2,False,False,False,False,False,0,False,False,False,False,82,,47.328,,8235,,10044,,47.328,,True,3.948,3.948,3.948,3.948,3.948,3.948,3.948,3.948,3.948,3.948,3.948,3.948,0,,False,False,True,,,,,,,,,,,,,,,False,False,18.512,,95.0,,75.7,,95.0,,1589,73,10,19,7,139789.0,18638.53,,Idle,,20,,10,,,20,Go Home,False,False,False,False,False,False,False,False,False,False,False,False,33.8027920380556,-117.4659261431046,2200.0,2972.0,1049.4,396.9,True,1,1,False,False,False,False,,True,False,False,Course Lock,196.8,67,16.4,93,NE,S,0.89,11.4,Calm,False,False,Android,7.0.2,M300 RTK,1ZN7L4R0H1D00F,1W9DL31001461C,1ZMLH8300204F0,1Z6PH74DAP0QN7,"Corona, CA",728.3,5.7,137.7,8.547347,2.013246,0,0,DJI Matrice 300 RTK,M300 RTK,1ZN7L4R0H1D00F,1W9DL31001461C,1ZMLH8300204F0,1Z6PH74DAP0QN7,DJI Pilot,Android,7.0.2,1EF72A62-B7C3-C88D-164E-CE6F8C8424AE,1ZN7L4R0H1D00F,1W9DL31001461C,,1ZMLH8300204F0,1W9DL31001461C,,,,,
2023-11-01,11:29:57.54 AM,5m 35.2s,335.2,33.800102053912,-117.4724250283594,105.6,137.7,17.3,1369,2623.1,6.452321,6.94893,-3.579104,2.23694,-5.368656,1.342164,0.671082,0.894776,-1.8,-0.4,1.8,-123.3,236.7,236.1,Tripod,Other,,22,5,True,,True,False,,Smart,RC,False,True,False,,,True,,False,False,False,False,False,False,False,False,False,False,0,Follow Yaw,-77.9,0,-131.3,228.7,False,False,False,False,False,,0,0,False,False,No Card,100,100,1024,1373,690,1156,2,False,False,False,False,False,0,False,False,False,False,82,,47.328,,8235,,10044,,47.328,,True,3.948,3.948,3.948,3.948,3.948,3.948,3.948,3.948,3.948,3.948,3.948,3.948,0,,False,False,True,,,,,,,,,,,,,,,False,False,18.512,,95.0,,75.7,,95.0,,1589,73,10,19,7,139789.0,18638.53,,Idle,,20,,10,,,20,Go Home,False,False,False,False,False,False,False,False,False,False,False,False,33.8027920380556,-117.4659261431046,2201.0,2972.0,1049.4,396.9,True,1,1,False,False,False,False,,True,False,False,Course Lock,196.8,67,16.4,93,NE,S,0.89,11.4,Calm,False,False,Android,7.0.2,M300 RTK,1ZN7L4R0H1D00F,1W9DL31001461C,1ZMLH8300204F0,1Z6PH74DAP0QN7,"Corona, CA",728.3,5.7,137.7,8.547347,2.013246,0,0,DJI Matrice 300 RTK,M300 RTK,1ZN7L4R0H1D00F,1W9DL31001461C,1ZMLH8300204F0,1Z6PH74DAP0QN7,DJI Pilot,Android,7.0.2,1EF72A62-B7C3-C88D-164E-CE6F8C8424AE,1ZN7L4R0H1D00F,1W9DL31001461C,,1ZMLH8300204F0,1W9DL31001461C,,,,,
2023-11-01,11:29:57.64 AM,5m 35.3s,335.3,33.8001006021239,-117.4724278132424,105.6,137.7,17.0,1369,2624.1,6.452321,6.94893,-3.579104,2.23694,-5.368656,1.342164,0.671082,0.894776,-2,0,2,-123.3,236.7,237.8,Tripod,Other,,22,5,True,,True,False,,Smart,RC,False,True,False,,,True,,False,False,False,False,False,False,False,False,False,False,0,Follow Yaw,-77.9,0,-131.1,228.9,False,False,False,False,False,,0,0,False,False,No Card,100,100,1024,1373,694,1157,2,False,False,False,False,False,0,False,False,False,False,82,,47.328,,8235,,10044,,47.328,,True,3.944,3.944,3.944,3.944,3.944,3.944,3.944,3.944,3.944,3.944,3.944,3.944,0,,False,False,True,,,,,,,,,,,,,,,False,False,18.512,,95.0,,75.7,,95.0,,1590,74,10,19,7,139567.1,18608.95,,Idle,,20,,10,,,20,Go Home,False,False,False,False,False,False,False,False,False,False,False,False,33.8027920380556,-117.4659261431046,2201.9,2972.0,1049.4,396.9,True,1,1,False,False,False,False,,True,False,False,Course Lock,196.8,67,16.4,93,NE,S,0.89,11.4,Calm,False,False,Android,7.0.2,M300 RTK,1ZN7L4R0H1D00F,1W9DL31001461C,1ZMLH8300204F0,1Z6PH74DAP0QN7,"Corona, CA",728.3,5.7,137.7,8.547347,2.013246,0,0,DJI Matrice 300 RTK,M300 RTK,1ZN7L4R0H1D00F,1W9DL31001461C,1ZMLH8300204F0,1Z6PH74DAP0QN7,DJI Pilot,Android,7.0.2,1EF72A62-B7C3-C88D-164E-CE6F8C8424AE,1ZN7L4R0H1D00F,1W9DL31001461C,,1ZMLH8300204F0,1W9DL31001461C,,,,,
2023-11-01,11:29:57.74 AM,5m 35.4s,335.4,33.8000991081199,-117.4724305166488,105.3,137.7,17.0,1369,2625.1,6.452321,6.94893,-3.579104,2.23694,-5.368656,1.342164,0.671082,0.894776,-2.1,0.4,2.1,-123.3,236.7,236.3,Tripod,Other,,22,5,True,,True,False,,Smart,RC,False,True,False,,,True,,False,False,False,False,False,False,False,False,False,False,0,Follow Yaw,-77.9,0,-130.9,229.1,False,False,False,False,False,,0,0,False,False,No Card,100,100,1024,1374,695,1156,2,False,False,False,False,False,0,False,False,False,False,82,,47.328,,8235,,10044,,47.328,,True,3.944,3.944,3.944,3.944,3.944,3.944,3.944,3.944,3.944,3.944,3.944,3.944,0,,False,False,True,,,,,,,,,,,,,,,False,False,18.512,,95.0,,75.7,,95.0,,1590,74,10,19,7,139567.1,18608.95,,Idle,,20,,10,,,20,Go Home,False,False,False,False,False,False,False,False,False,False,False,False,33.8027920380556,-117.4659261431046,2202.9,2972.0,1049.4,396.9,True,1,1,False,False,False,False,,True,False,False,Course Lock,196.8,67,16.4,93,NE,S,0.89,11.4,Calm,False,False,Android,7.0.2,M300 RTK,1ZN7L4R0H1D00F,1W9DL31001461C,1ZMLH8300204F0,1Z6PH74DAP0QN7,"Corona, CA",728.3,5.7,137.7,8.547347,2.013246,0,0,DJI Matrice 300 RTK,M300 RTK,1ZN7L4R0H1D00F,1W9DL31001461C,1ZMLH8300204F0,1Z6PH74DAP0QN7,DJI Pilot,Android,7.0.2,1EF72A62-B7C3-C88D-164E-CE6F8C8424AE,1ZN7L4R0H1D00F,1W9DL31001461C,,1ZMLH8300204F0,1W9DL31001461C,,,,,
2023-11-01,11:29:57.84 AM,5m 35.5s,335.5,33.8000974951438,-117.4724331824506,105.3,137.7,17.0,1369,2626.1,6.452321,6.94893,-3.579104,2.23694,-5.368656,1.342164,0.671082,0.894776,-2,0.7,2.1,-123.2,236.8,233.9,Tripod,Other,,22,5,True,,True,False,,Smart,RC,False,True,False,,,True,,False,False,False,False,False,False,False,False,False,False,0,Follow Yaw,-77.9,0,-130.6,229.4,False,False,False,False,False,,0,0,False,False,No Card,100,100,1024,1373,696,1156,2,False,False,False,False,False,0,False,False,False,False,82,,47.328,,8235,,10044,,47.328,,True,3.944,3.944,3.944,3.944,3.944,3.944,3.944,3.944,3.944,3.944,3.944,3.944,0,,False,False,True,,,,,,,,,,,,,,,False,False,18.512,,95.0,,75.7,,95.0,,1590,74,10,19,7,139567.1,18608.95,,Idle,,20,,10,,,20,Go Home,False,False,False,False,False,False,False,False,False,False,False,False,33.8027920380556,-117.4659261431046,2203.9,2972.0,1049.4,396.9,True,1,1,False,False,False,False,,True,False,False,Course Lock,196.8,67,16.4,93,NE,S,0.89,11.4,Calm,False,False,Android,7.0.2,M300 RTK,1ZN7L4R0H1D00F,1W9DL31001461C,1ZMLH8300204F0,1Z6PH74DAP0QN7,"Corona, CA",728.3,5.7,137.7,8.547347,2.013246,0,0,DJI Matrice 300 RTK,M300 RTK,1ZN7L4R0H1D00F,1W9DL31001461C,1ZMLH8300204F0,1Z6PH74DAP0QN7,DJI Pilot,Android,7.0.2,1EF72A62-B7C3-C88D-164E-CE6F8C8424AE,1ZN7L4R0H1D00F,1W9DL31001461C,,1ZMLH8300204F0,1W9DL31001461C,,,,,
2023-11-01,11:29:57.94 AM,5m 35.6s,335.6,33.8000960110084,-117.4724358964128,105.3,137.7,17.0,1369,2627.1,6.452321,6.94893,-3.579104,2.23694,-5.368656,1.342164,0.671082,0.894776,-2.1,0.5,2.1,-123.1,236.9,236.6,Tripod,Other,,22,5,True,,True,False,,Smart,RC,False,True,False,,,True,,False,False,False,False,False,False,False,False,False,False,0,Follow Yaw,-77.9,0,-130.4,229.6,False,False,False,False,False,,0,0,False,False,No Card,100,100,1024,1372,700,1159,2,False,False,False,False,False,0,False,False,False,False,82,,47.328,,8235,,10044,,47.328,,True,3.944,3.944,3.944,3.944,3.944,3.944,3.944,3.944,3.944,3.944,3.944,3.944,0,,False,False,True,,,,,,,,,,,,,,,False,False,18.512,,95.0,,75.7,,95.0,,1590,74,10,19,7,139567.1,18608.95,,Idle,,20,,10,,,20,Go Home,False,False,False,False,False,False,False,False,False,False,False,False,33.8027920380556,-117.4659261431046,2204.9,2972.0,1049.4,396.9,True,1,1,False,False,False,False,,True,False,False,Course Lock,196.8,67,16.4,93,NE,S,0.89,11.4,Calm,False,False,Android,7.0.2,M300 RTK,1ZN7L4R0H1D00F,1W9DL31001461C,1ZMLH8300204F0,1Z6PH74DAP0QN7,"Corona, CA",728.3,5.7,137.7,8.547347,2.013246,0,0,DJI Matrice 300 RTK,M300 RTK,1ZN7L4R0H1D00F,1W9DL31001461C,1ZMLH8300204F0,1Z6PH74DAP0QN7,DJI Pilot,Android,7.0.2,1EF72A62-B7C3-C88D-164E-CE6F8C8424AE,1ZN7L4R0H1D00F,1W9DL31001461C,,1ZMLH8300204F0,1W9DL31001461C,,,,,
2023-11-01,11:29:58.04 AM,5m 35.7s,335.7,33.8000946167874,-117.4724383669346,104.9,137.7,17.0,1369,2628.0,6.330974,6.94893,-3.35541,2.23694,-5.368656,1.342164,0.671082,0.894776,-2.3,0.3,2.3,-122.8,237.2,235.8,Tripod,Other,,22,5,True,,True,False,,Smart,RC,False,True,False,,,True,,False,False,False,False,False,False,False,False,False,False,0,Follow Yaw,-77.9,0,-130.1,229.9,False,False,False,False,False,,0,0,False,False,No Card,100,100,1024,1370,709,1170,2,False,False,False,False,False,0,False,False,False,False,82,,47.28,,4088,,4986,,47.28,,True,3.944,3.944,3.944,3.944,3.944,3.944,3.944,3.944,3.944,3.944,3.944,3.944,0,,False,False,True,,,,,,,,,,,,,,,False,False,9.172,,95.1,,75.7,,95.1,,1590,74,10,19,7,139567.1,18608.95,,Idle,,20,,10,,,20,Go Home,False,False,False,False,False,False,False,False,False,False,False,False,33.8027920380556,-117.4659261431046,2205.8,2972.0,1049.4,396.9,True,1,1,False,False,False,False,,True,False,False,Course Lock,196.8,67,16.4,93,NE,S,0.89,11.4,Calm,False,False,Android,7.0.2,M300 RTK,1ZN7L4R0H1D00F,1W9DL31001461C,1ZMLH8300204F0,1Z6PH74DAP0QN7,"Corona, CA",728.3,5.7,137.7,8.547347,2.013246,0,0,DJI Matrice 300 RTK,M300 RTK,1ZN7L4R0H1D00F,1W9DL31001461C,1ZMLH8300204F0,1Z6PH74DAP0QN7,DJI Pilot,Android,7.0.2,1EF72A62-B7C3-C88D-164E-CE6F8C8424AE,1ZN7L4R0H1D00F,1W9DL31001461C,,1ZMLH8300204F0,1W9DL31001461C,,,,,
2023-11-01,11:29:58.14 AM,5m 35.8s,335.8,33.8000932307902,-117.4724409186033,104.9,137.7,17.0,1369,2628.9,6.330974,6.94893,-3.35541,2.23694,-5.368656,1.342164,0.671082,0.894776,-2.4,0.2,2.4,-122.5,237.5,236.8,Tripod,Other,,22,5,True,,True,False,,Smart,RC,False,True,False,,,True,,False,False,False,False,False,False,False,False,False,False,0,Follow Yaw,-77.9,0,-129.8,230.2,False,False,False,False,False,,0,0,False,False,No Card,100,100,1024,1371,707,1190,2,False,False,False,False,False,0,False,False,False,False,82,,47.28,,4088,,4986,,47.28,,True,3.944,3.944,3.944,3.944,3.944,3.944,3.944,3.944,3.944,3.944,3.944,3.944,0,,False,False,True,,,,,,,,,,,,,,,False,False,9.172,,95.1,,75.7,,95.1,,1590,74,10,19,7,139567.1,18608.95,,Idle,,20,,10,,,20,Go Home,False,False,False,False,False,False,False,False,False,False,False,False,33.8027920380556,-117.4659261431046,2206.7,2972.0,1049.4,396.9,True,1,1,False,False,False,False,,True,False,False,Course Lock,196.8,67,16.4,93,NE,S,0.89,11.4,Calm,False,False,Android,7.0.2,M300 RTK,1ZN7L4R0H1D00F,1W9DL31001461C,1ZMLH8300204F0,1Z6PH74DAP0QN7,"Corona, CA",728.3,5.7,137.7,8.547347,2.013246,0,0,DJI Matrice 300 RTK,M300 RTK,1ZN7L4R0H1D00F,1W9DL31001461C,1ZMLH8300204F0,1Z6PH74DAP0QN7,DJI Pilot,Android,7.0.2,1EF72A62-B7C3-C88D-164E-CE6F8C8424AE,1ZN7L4R0H1D00F,1W9DL31001461C,,1ZMLH8300204F0,1W9DL31001461C,,,,,
2023-11-01,11:29:58.24 AM,5m 35.9s,335.9,33.8000918393105,-117.4724436775919,104.9,137.7,17.0,1369,2629.9,6.330974,6.94893,-3.35541,2.23694,-5.368656,1.342164,0.671082,0.894776,-2.5,0.5,2.5,-122.1,237.9,238.7,Tripod,Other,,22,5,True,,True,False,,Smart,RC,False,True,False,,,True,,False,False,False,False,False,False,False,False,False,False,0,Follow Yaw,-77.9,0,-129.5,230.5,False,False,False,False,False,,0,0,False,False,No Card,100,100,1024,1373,708,1234,2,False,False,False,False,False,0,False,False,False,False,82,,47.28,,4088,,4986,,47.28,,True,3.944,3.944,3.944,3.944,3.944,3.944,3.944,3.944,3.944,3.944,3.944,3.944,0,,False,False,True,,,,,,,,,,,,,,,False,False,9.172,,95.1,,75.7,,95.1,,1590,74,10,19,7,139567.1,18608.95,,Idle,,20,,10,,,20,Go Home,False,False,False,False,False,False,False,False,False,False,False,False,33.8027920380556,-117.4659261431046,2207.7,2972.0,1049.4,396.9,True,1,1,False,False,False,False,,True,False,False,Course Lock,196.8,67,16.4,93,NE,S,0.89,11.4,Calm,False,False,Android,7.0.2,M300 RTK,1ZN7L4R0H1D00F,1W9DL31001461C,1ZMLH8300204F0,1Z6PH74DAP0QN7,"Corona, CA",728.3,5.7,137.7,8.547347,2.013246,0,0,DJI Matrice 300 RTK,M300 RTK,1ZN7L4R0H1D00F,1W9DL31001461C,1ZMLH8300204F0,1Z6PH74DAP0QN7,DJI Pilot,Android,7.0.2,1EF72A62-B7C3-C88D-164E-CE6F8C8424AE,1ZN7L4R0H1D00F,1W9DL31001461C,,1ZMLH8300204F0,1W9DL31001461C,,,,,
2023-11-01,11:29:58.34 AM,5m 36.0s,336.0,33.8000904834676,-117.4724462365176,104.6,137.7,17.0,1368,2630.8,6.330974,6.94893,-3.35541,2.23694,-5.368656,1.342164,0.671082,0.894776,-2.5,0.9,2.6,-121.8,238.2,237.4,Tripod,Other,,22,5,True,,True,False,,Smart,RC,False,True,False,,,True,,False,False,False,False,False,False,False,False,False,False,0,Follow Yaw,-77.9,0,-129.1,230.9,False,False,False,False,False,,0,0,False,False,No Card,100,100,1024,1373,706,1250,2,False,False,False,False,False,0,False,False,False,False,82,,47.304,,8235,,10044,,47.304,,True,3.944,3.944,3.944,3.944,3.944,3.944,3.944,3.944,3.944,3.944,3.944,3.944,0,,False,False,True,,,,,,,,,,,,,,,False,False,18.52,,95.1,,75.7,,95.1,,1590,74,10,19,7,139567.1,18608.95,,Idle,,20,,10,,,20,Go Home,False,False,False,False,False,False,False,False,False,False,False,False,33.8027920380556,-117.4659261431046,2208.6,2972.0,1049.4,396.9,True,1,1,False,False,False,False,,True,False,False,Course Lock,196.8,67,16.4,93,NE,S,0.89,11.4,Calm,False,False,Android,7.0.2,M300 RTK,1ZN7L4R0H1D00F,1W9DL31001461C,1ZMLH8300204F0,1Z6PH74DAP0QN7,"Corona, CA",728.3,5.7,137.7,8.547347,2.013246,0,0,DJI Matrice 300 RTK,M300 RTK,1ZN7L4R0H1D00F,1W9DL31001461C,1ZMLH8300204F0,1Z6PH74DAP0QN7,DJI Pilot,Android,7.0.2,1EF72A62-B7C3-C88D-164E-CE6F8C8424AE,1ZN7L4R0H1D00F,1W9DL31001461C,,1ZMLH8300204F0,1W9DL31001461C,,,,,
2023-11-01,11:29:58.44 AM,5m 36.1s,336.1,33.8000887553572,-117.4724494073423,104.6,137.7,16.7,1368,2632.0,6.330974,6.94893,-3.35541,2.23694,-5.368656,1.342164,0.671082,0.894776,-2.4,1.4,2.7,-121.5,238.5,236.7,Tripod,Other,,22,5,True,,True,False,,Smart,RC,False,True,False,,,True,,False,False,False,False,False,False,False,False,False,False,0,Follow Yaw,-77.9,0,-128.7,231.3,False,False,False,False,False,,0,0,False,False,No Card,100,100,1024,1375,704,1258,2,False,False,False,False,False,0,False,False,False,False,82,,47.304,,8235,,10044,,47.304,,True,3.944,3.944,3.944,3.944,3.944,3.944,3.944,3.944,3.944,3.944,3.944,3.944,0,,False,False,True,,,,,,,,,,,,,,,False,False,18.52,,95.1,,75.7,,95.1,,1590,74,10,19,7,139567.1,18608.95,,Idle,,20,,10,,,20,Go Home,False,False,False,False,False,False,False,False,False,False,False,False,33.8027920380556,-117.4659261431046,2209.7,2972.0,1049.4,396.9,True,1,1,False,False,False,False,,True,False,False,Course Lock,196.8,67,16.4,93,NE,S,0.89,11.4,Calm,False,False,Android,7.0.2,M300 RTK,1ZN7L4R0H1D00F,1W9DL31001461C,1ZMLH8300204F0,1Z6PH74DAP0QN7,"Corona, CA",728.3,5.7,137.7,8.547347,2.013246,0,0,DJI Matrice 300 RTK,M300 RTK,1ZN7L4R0H1D00F,1W9DL31001461C,1ZMLH8300204F0,1Z6PH74DAP0QN7,DJI Pilot,Android,7.0.2,1EF72A62-B7C3-C88D-164E-CE6F8C8424AE,1ZN7L4R0H1D00F,1W9DL31001461C,,1ZMLH8300204F0,1W9DL31001461C,,,,,
2023-11-01,11:29:58.54 AM,5m 36.2s,336.2,33.8000874143173,-117.4724520220151,104.6,137.7,16.7,1368,2632.9,6.521744,6.94893,-3.35541,2.23694,-5.59235,1.342164,0.671082,0.894776,-2.3,1.6,2.8,-121.1,238.9,238.3,Tripod,Other,,22,5,True,,True,False,,Smart,RC,False,True,False,,,True,,False,False,False,False,False,False,False,False,False,False,0,Follow Yaw,-77.9,0,-128.1,231.9,False,False,False,False,False,,0,0,False,False,No Card,100,100,1024,1370,705,1264,2,False,False,False,False,False,0,False,False,False,False,82,,47.304,,8235,,10044,,47.304,,True,3.944,3.944,3.944,3.944,3.944,3.944,3.944,3.944,3.944,3.944,3.944,3.944,0,,False,False,True,,,,,,,,,,,,,,,False,False,18.52,,95.1,,75.7,,95.1,,1590,74,10,19,7,139567.1,18608.95,,Idle,,20,,10,,,20,Go Home,False,False,False,False,False,False,False,False,False,False,False,False,33.8027920380556,-117.4659261431046,2210.7,2972.0,1049.4,396.9,True,1,1,False,False,False,False,,True,False,False,Course Lock,196.8,67,16.4,93,NE,S,0.89,11.4,Calm,False,False,Android,7.0.2,M300 RTK,1ZN7L4R0H1D00F,1W9DL31001461C,1ZMLH8300204F0,1Z6PH74DAP0QN7,"Corona, CA",728.3,5.7,137.7,8.547347,2.013246,0,0,DJI Matrice 300 RTK,M300 RTK,1ZN7L4R0H1D00F,1W9DL31001461C,1ZMLH8300204F0,1Z6PH74DAP0QN7,DJI Pilot,Android,7.0.2,1EF72A62-B7C3-C88D-164E-CE6F8C8424AE,1ZN7L4R0H1D00F,1W9DL31001461C,,1ZMLH8300204F0,1W9DL31001461C,,,,,
2023-11-01,11:29:58.64 AM,5m 36.3s,336.3,33.8000860771151,-117.4724547038154,104.3,137.7,16.7,1368,2633.9,6.409526,6.94893,-3.131716,2.23694,-5.59235,1.342164,0.671082,0.894776,-2.2,1.7,2.7,-120.7,239.3,239.0,Tripod,Other,,22,5,True,,True,False,,Smart,RC,False,True,False,,,True,,False,False,False,False,False,False,False,False,False,False,0,Follow Yaw,-77.9,0,-127.5,232.5,False,False,False,False,False,,0,0,False,False,No Card,100,100,1024,1368,708,1271,2,False,False,False,False,False,0,False,False,False,False,82,,47.304,,8235,,10044,,47.304,,True,3.943,3.943,3.943,3.943,3.943,3.943,3.943,3.943,3.943,3.943,3.943,3.943,0,,False,False,True,,,,,,,,,,,,,,,False,False,18.52,,95.1,,75.7,,95.1,,1590,74,10,19,7,139364.6,18581.95,,Idle,,20,,10,,,20,Go Home,False,False,False,False,False,False,False,False,False,False,False,False,33.8027920380556,-117.4659261431046,2211.6,2972.0,1049.4,396.9,True,1,1,False,False,False,False,,True,False,False,Course Lock,196.8,67,16.4,93,NE,S,0.89,11.4,Calm,False,False,Android,7.0.2,M300 RTK,1ZN7L4R0H1D00F,1W9DL31001461C,1ZMLH8300204F0,1Z6PH74DAP0QN7,"Corona, CA",728.3,5.7,137.7,8.547347,2.013246,0,0,DJI Matrice 300 RTK,M300 RTK,1ZN7L4R0H1D00F,1W9DL31001461C,1ZMLH8300204F0,1Z6PH74DAP0QN7,DJI Pilot,Android,7.0.2,1EF72A62-B7C3-C88D-164E-CE6F8C8424AE,1ZN7L4R0H1D00F,1W9DL31001461C,,1ZMLH8300204F0,1W9DL31001461C,,,,,
2023-11-01,11:29:58.74 AM,5m 36.4s,336.4,33.8000847218204,-117.472457482431,104.3,137.7,16.7,1368,2634.8,6.409526,6.94893,-3.131716,2.23694,-5.59235,1.342164,0.671082,0.894776,-2.1,1.8,2.7,-120.2,239.8,239.5,Tripod,Other,,22,5,True,,True,False,,Smart,RC,False,True,False,,,True,,False,False,False,False,False,False,False,False,False,False,0,Follow Yaw,-77.9,0,-126.9,233.1,False,False,False,False,False,,0,0,False,False,No Card,100,100,1024,1372,692,1278,2,False,False,False,False,False,0,False,False,False,False,82,,47.304,,8235,,10044,,47.304,,True,3.943,3.943,3.943,3.943,3.943,3.943,3.943,3.943,3.943,3.943,3.943,3.943,0,,False,False,True,,,,,,,,,,,,,,,False,False,18.52,,95.1,,75.7,,95.1,,1590,74,10,19,7,139364.6,18581.95,,Idle,,20,,10,,,20,Go Home,False,False,False,False,False,False,False,False,False,False,False,False,33.8027920380556,-117.4659261431046,2212.6,2972.0,1049.4,396.9,True,1,1,False,False,False,False,,True,False,False,Course Lock,196.8,67,16.4,93,NE,S,0.89,11.4,Calm,False,False,Android,7.0.2,M300 RTK,1ZN7L4R0H1D00F,1W9DL31001461C,1ZMLH8300204F0,1Z6PH74DAP0QN7,"Corona, CA",728.3,5.7,137.7,8.547347,2.013246,0,0,DJI Matrice 300 RTK,M300 RTK,1ZN7L4R0H1D00F,1W9DL31001461C,1ZMLH8300204F0,1Z6PH74DAP0QN7,DJI Pilot,Android,7.0.2,1EF72A62-B7C3-C88D-164E-CE6F8C8424AE,1ZN7L4R0H1D00F,1W9DL31001461C,,1ZMLH8300204F0,1W9DL31001461C,,,,,
2023-11-01,11:29:58.82 AM,5m 36.5s,336.5,33.8000835320998,-117.4724603101964,104.3,137.7,16.7,1368,2635.8,6.409526,6.94893,-3.131716,2.23694,-5.59235,1.342164,0.671082,0.894776,-2.1,1.8,2.7,-119.6,240.4,243.1,Tripod,Other,,22,5,True,,True,False,,Smart,RC,False,True,False,,,True,,False,False,False,False,False,False,False,False,False,False,0,Follow Yaw,-77.9,0,-126.3,233.7,False,False,False,False,False,,0,0,False,False,No Card,100,100,1024,1370,695,1288,2,False,False,False,False,False,0,False,False,False,False,82,,47.304,,8235,,10044,,47.304,,True,3.943,3.943,3.943,3.943,3.943,3.943,3.943,3.943,3.943,3.943,3.943,3.943,0,,False,False,True,,,,,,,,,,,,,,,False,False,18.52,,95.1,,75.7,,95.1,,1590,74,10,19,7,139364.6,18581.95,,Idle,,20,,10,,,20,Go Home,False,False,False,False,False,False,False,False,False,False,False,False,33.8027920380556,-117.4659261431046,2213.5,2972.0,1049.4,396.9,True,1,1,False,False,False,False,,True,False,False,Course Lock,196.8,67,16.4,93,NE,S,0.89,11.4,Calm,False,False,Android,7.0.2,M300 RTK,1ZN7L4R0H1D00F,1W9DL31001461C,1ZMLH8300204F0,1Z6PH74DAP0QN7,"Corona, CA",728.3,5.7,137.7,8.547347,2.013246,0,0,DJI Matrice 300 RTK,M300 RTK,1ZN7L4R0H1D00F,1W9DL31001461C,1ZMLH8300204F0,1Z6PH74DAP0QN7,DJI Pilot,Android,7.0.2,1EF72A62-B7C3-C88D-164E-CE6F8C8424AE,1ZN7L4R0H1D00F,1W9DL31001461C,,1ZMLH8300204F0,1W9DL31001461C,,,,,
2023-11-01,11:29:58.94 AM,5m 36.6s,336.6,33.8000822469822,-117.4724631269114,104.0,137.7,16.7,1368,2636.8,6.30325,6.94893,-2.908022,2.23694,-5.59235,1.342164,0.671082,0.894776,-2.1,1.9,2.8,-118.9,241.1,241.2,Tripod,Other,,22,5,True,,True,False,,Smart,RC,False,True,False,,,True,,False,False,False,False,False,False,False,False,False,False,0,Follow Yaw,-77.9,0,-125.7,234.3,False,False,False,False,False,,0,0,False,False,No Card,100,100,1024,1370,698,1307,2,False,False,False,False,False,0,False,False,False,False,82,,47.304,,8235,,10044,,47.304,,True,3.943,3.943,3.943,3.943,3.943,3.943,3.943,3.943,3.943,3.943,3.943,3.943,0,,False,False,True,,,,,,,,,,,,,,,False,False,18.52,,95.1,,75.7,,95.1,,1590,74,10,19,7,139364.6,18581.95,,Idle,,20,,10,,,20,Go Home,False,False,False,False,False,False,False,False,False,False,False,False,33.8027920380556,-117.4659261431046,2214.5,2972.0,1049.4,396.9,True,1,1,False,False,False,False,,True,False,False,Course Lock,196.8,67,16.4,93,NE,S,0.89,11.4,Calm,False,False,Android,7.0.2,M300 RTK,1ZN7L4R0H1D00F,1W9DL31001461C,1ZMLH8300204F0,1Z6PH74DAP0QN7,"Corona, CA",728.3,5.7,137.7,8.547347,2.013246,0,0,DJI Matrice 300 RTK,M300 RTK,1ZN7L4R0H1D00F,1W9DL31001461C,1ZMLH8300204F0,1Z6PH74DAP0QN7,DJI Pilot,Android,7.0.2,1EF72A62-B7C3-C88D-164E-CE6F8C8424AE,1ZN7L4R0H1D00F,1W9DL31001461C,,1ZMLH8300204F0,1W9DL31001461C,,,,,
2023-11-01,11:29:59.04 AM,5m 36.7s,336.7,33.8000809761193,-117.4724658859,104.0,137.7,16.7,1368,2637.7,6.30325,6.94893,-2.908022,2.23694,-5.59235,1.342164,0.671082,0.894776,-2,1.9,2.7,-118.2,241.8,240.9,Tripod,Other,,22,5,True,,True,False,,Smart,RC,False,True,False,,,True,,False,False,False,False,False,False,False,False,False,False,0,Follow Yaw,-77.9,0,-125,235,False,False,False,False,False,,0,0,False,False,No Card,100,100,1024,1373,698,1316,2,False,False,False,False,False,0,False,False,False,False,82,,47.304,,8235,,10044,,47.304,,True,3.943,3.943,3.943,3.943,3.943,3.943,3.943,3.943,3.943,3.943,3.943,3.943,0,,False,False,True,,,,,,,,,,,,,,,False,False,18.52,,95.1,,75.7,,95.1,,1590,74,10,19,7,139364.6,18581.95,,Idle,,20,,10,,,20,Go Home,False,False,False,False,False,False,False,False,False,False,False,False,33.8027920380556,-117.4659261431046,2215.5,2972.0,1049.4,396.9,True,1,1,False,False,False,False,,True,False,False,Course Lock,196.8,67,16.4,93,NE,S,0.89,11.4,Calm,False,False,Android,7.0.2,M300 RTK,1ZN7L4R0H1D00F,1W9DL31001461C,1ZMLH8300204F0,1Z6PH74DAP0QN7,"Corona, CA",728.3,5.7,137.7,8.547347,2.013246,0,0,DJI Matrice 300 RTK,M300 RTK,1ZN7L4R0H1D00F,1W9DL31001461C,1ZMLH8300204F0,1Z6PH74DAP0QN7,DJI Pilot,Android,7.0.2,1EF72A62-B7C3-C88D-164E-CE6F8C8424AE,1ZN7L4R0H1D00F,1W9DL31001461C,,1ZMLH8300204F0,1W9DL31001461C,,,,,
2023-11-01,11:29:59.14 AM,5m 36.8s,336.8,33.8000796964843,-117.4724688785978,104.0,137.7,16.7,1368,2638.8,6.405621,6.94893,-2.684328,2.23694,-5.816044,1.342164,0.671082,0.894776,-2.1,2,2.9,-117.5,242.5,242.7,Tripod,Other,,22,5,True,,True,False,,Smart,RC,False,True,False,,,True,,False,False,False,False,False,False,False,False,False,False,0,Follow Yaw,-77.9,0,-124.2,235.8,False,False,False,False,False,,0,0,False,False,No Card,100,100,1024,1371,705,1318,2,False,False,False,False,False,0,False,False,False,False,82,,47.304,,8235,,10044,,47.304,,True,3.943,3.943,3.943,3.943,3.943,3.943,3.943,3.943,3.943,3.943,3.943,3.943,0,,False,False,True,,,,,,,,,,,,,,,False,False,18.52,,95.1,,75.7,,95.1,,1590,74,10,19,7,139364.6,18581.95,,Idle,,20,,10,,,20,Go Home,False,False,False,False,False,False,False,False,False,False,False,False,33.8027920380556,-117.4659261431046,2216.5,2972.0,1049.4,396.9,True,1,1,False,False,False,False,,True,False,False,Course Lock,196.8,67,16.4,93,NE,S,0.89,11.4,Calm,False,False,Android,7.0.2,M300 RTK,1ZN7L4R0H1D00F,1W9DL31001461C,1ZMLH8300204F0,1Z6PH74DAP0QN7,"Corona, CA",728.3,5.7,137.7,8.547347,2.013246,0,0,DJI Matrice 300 RTK,M300 RTK,1ZN7L4R0H1D00F,1W9DL31001461C,1ZMLH8300204F0,1Z6PH74DAP0QN7,DJI Pilot,Android,7.0.2,1EF72A62-B7C3-C88D-164E-CE6F8C8424AE,1ZN7L4R0H1D00F,1W9DL31001461C,,1ZMLH8300204F0,1W9DL31001461C,,,,,
2023-11-01,11:29:59.24 AM,5m 36.9s,336.9,33.8000785001846,-117.47247162901,103.6,137.7,16.4,1367,2639.7,6.405621,6.94893,-2.684328,2.23694,-5.816044,1.342164,0.671082,0.894776,-2.2,2.1,3,-116.8,243.2,242.3,Tripod,Other,,22,5,True,,True,False,,Smart,RC,False,True,False,,,True,,False,False,False,False,False,False,False,False,False,False,0,Follow Yaw,-77.9,0,-123.4,236.6,False,False,False,False,False,,0,0,False,False,No Card,100,100,1024,1372,710,1319,2,False,False,False,False,False,0,False,False,False,False,82,,47.304,,8235,,10044,,47.304,,True,3.943,3.943,3.943,3.943,3.943,3.943,3.943,3.943,3.943,3.943,3.943,3.943,0,,False,False,True,,,,,,,,,,,,,,,False,False,18.52,,95.1,,75.7,,95.1,,1590,74,10,19,7,139364.6,18581.95,,Idle,,20,,10,,,20,Go Home,False,False,False,False,False,False,False,False,False,False,False,False,33.8027920380556,-117.4659261431046,2217.4,2972.0,1049.4,396.9,True,1,1,False,False,False,False,,True,False,False,Course Lock,196.8,67,16.4,93,NE,S,0.89,11.4,Calm,False,False,Android,7.0.2,M300 RTK,1ZN7L4R0H1D00F,1W9DL31001461C,1ZMLH8300204F0,1Z6PH74DAP0QN7,"Corona, CA",728.3,5.7,137.7,8.547347,2.013246,0,0,DJI Matrice 300 RTK,M300 RTK,1ZN7L4R0H1D00F,1W9DL31001461C,1ZMLH8300204F0,1Z6PH74DAP0QN7,DJI Pilot,Android,7.0.2,1EF72A62-B7C3-C88D-164E-CE6F8C8424AE,1ZN7L4R0H1D00F,1W9DL31001461C,,1ZMLH8300204F0,1W9DL31001461C,,,,,
2023-11-01,11:29:59.34 AM,5m 37.0s,337.0,33.8000774184708,-117.4724743640835,103.6,137.7,16.4,1367,2640.6,6.405621,6.94893,-2.684328,2.23694,-5.816044,1.342164,0.671082,0.894776,-2.3,2.1,3.1,-116,244,244.5,Tripod,Other,,22,5,True,,True,False,,Smart,RC,False,True,False,,,True,,False,False,False,False,False,False,False,False,False,False,0,Follow Yaw,-77.9,0,-122.6,237.4,False,False,False,False,False,,0,0,False,False,No Card,100,100,1024,1370,703,1332,2,False,False,False,False,False,0,False,False,False,False,82,,47.28,,4088,,4986,,47.28,,True,3.943,3.943,3.943,3.943,3.943,3.943,3.943,3.943,3.943,3.943,3.943,3.943,0,,False,False,True,,,,,,,,,,,,,,,False,False,9.118,,95.1,,75.7,,95.1,,1590,74,10,19,7,139364.6,18581.95,,Idle,,20,,10,,,20,Go Home,False,False,False,False,False,False,False,False,False,False,False,False,33.8027920380556,-117.4659261431046,2218.4,2972.0,1049.4,396.9,True,1,1,False,False,False,False,,True,False,False,Course Lock,196.8,67,16.4,93,NE,S,0.89,11.4,Calm,False,False,Android,7.0.2,M300 RTK,1ZN7L4R0H1D00F,1W9DL31001461C,1ZMLH8300204F0,1Z6PH74DAP0QN7,"Corona, CA",728.3,5.7,137.7,8.547347,2.013246,0,0,DJI Matrice 300 RTK,M300 RTK,1ZN7L4R0H1D00F,1W9DL31001461C,1ZMLH8300204F0,1Z6PH74DAP0QN7,DJI Pilot,Android,7.0.2,1EF72A62-B7C3-C88D-164E-CE6F8C8424AE,1ZN7L4R0H1D00F,1W9DL31001461C,,1ZMLH8300204F0,1W9DL31001461C,,,,,
2023-11-01,11:29:59.44 AM,5m 37.1s,337.1,33.8000764365401,-117.47247742094,103.3,137.7,16.4,1367,2641.6,6.315147,6.94893,-2.460634,2.23694,-5.816044,1.342164,0.671082,0.894776,-2.3,2.1,3.1,-115.2,244.8,248.8,Tripod,Other,,22,5,True,,True,False,,Smart,RC,False,True,False,,,True,,False,False,False,False,False,False,False,False,False,False,0,Follow Yaw,-77.9,0,-122.2,237.8,False,False,False,False,False,,0,0,False,False,No Card,100,100,1024,1371,704,1333,2,False,False,False,False,False,0,False,False,False,False,82,,47.28,,4088,,4986,,47.28,,True,3.943,3.943,3.943,3.943,3.943,3.943,3.943,3.943,3.943,3.943,3.943,3.943,0,,False,False,True,,,,,,,,,,,,,,,False,False,9.118,,95.1,,75.7,,95.1,,1590,74,10,19,7,139364.6,18581.95,,Idle,,20,,10,,,20,Go Home,False,False,False,False,False,False,False,False,False,False,False,False,33.8027920380556,-117.4659261431046,2219.3,2972.0,1049.4,396.9,True,1,1,False,False,False,False,,True,False,False,Course Lock,196.8,67,16.4,93,NE,S,0.89,11.4,Calm,False,False,Android,7.0.2,M300 RTK,1ZN7L4R0H1D00F,1W9DL31001461C,1ZMLH8300204F0,1Z6PH74DAP0QN7,"Corona, CA",728.3,5.7,137.7,8.547347,2.013246,0,0,DJI Matrice 300 RTK,M300 RTK,1ZN7L4R0H1D00F,1W9DL31001461C,1ZMLH8300204F0,1Z6PH74DAP0QN7,DJI Pilot,Android,7.0.2,1EF72A62-B7C3-C88D-164E-CE6F8C8424AE,1ZN7L4R0H1D00F,1W9DL31001461C,,1ZMLH8300204F0,1W9DL31001461C,,,,,
2023-11-01,11:29:59.54 AM,5m 37.2s,337.2,33.8000753866253,-117.4724803577257,103.3,137.7,16.4,1367,2642.6,6.521744,6.94893,-2.460634,2.23694,-6.039738,1.342164,0.671082,0.894776,-2.2,2.1,3,-114.5,245.5,246.7,Tripod,Other,,22,5,True,,True,False,,Smart,RC,False,True,False,,,True,,False,False,False,False,False,False,False,False,False,False,0,Follow Yaw,-77.9,0,-121,239,False,False,False,False,False,,0,0,False,False,No Card,100,100,1024,1372,700,1341,2,False,False,False,False,False,0,False,False,False,False,82,,47.28,,4088,,4986,,47.28,,True,3.943,3.943,3.943,3.943,3.943,3.943,3.943,3.943,3.943,3.943,3.943,3.943,0,,False,False,True,,,,,,,,,,,,,,,False,False,9.118,,95.1,,75.7,,95.1,,1590,74,10,19,7,139364.6,18581.95,,Idle,,20,,10,,,20,Go Home,False,False,False,False,False,False,False,False,False,False,False,False,33.8027920380556,-117.4659261431046,2220.3,2972.0,1049.4,396.9,True,1,1,False,False,False,False,,True,False,False,Course Lock,196.8,67,16.4,93,NE,S,0.89,11.4,Calm,False,False,Android,7.0.2,M300 RTK,1ZN7L4R0H1D00F,1W9DL31001461C,1ZMLH8300204F0,1Z6PH74DAP0QN7,"Corona, CA",728.3,5.7,137.7,8.547347,2.013246,0,0,DJI Matrice 300 RTK,M300 RTK,1ZN7L4R0H1D00F,1W9DL31001461C,1ZMLH8300204F0,1Z6PH74DAP0QN7,DJI Pilot,Android,7.0.2,1EF72A62-B7C3-C88D-164E-CE6F8C8424AE,1ZN7L4R0H1D00F,1W9DL31001461C,,1ZMLH8300204F0,1W9DL31001461C,,,,,
2023-11-01,11:29:59.65 AM,5m 37.3s,337.3,33.8000744046946,-117.4724833233746,103.3,137.7,16.4,1367,2643.5,6.440678,6.94893,-2.23694,2.23694,-6.039738,1.342164,0.671082,0.894776,-2.1,2.1,2.9,-113.7,246.3,248.2,Tripod,Other,,22,5,True,,True,False,,Smart,RC,False,True,False,,,True,,False,False,False,False,False,False,False,False,False,False,0,Follow Yaw,-77.9,0,-120.1,239.9,False,False,False,False,False,,0,0,False,False,No Card,100,100,1024,1369,700,1351,2,False,False,False,False,False,0,False,False,False,False,82,,47.28,,4088,,4986,,47.28,,True,3.942,3.942,3.942,3.942,3.942,3.942,3.942,3.942,3.942,3.942,3.942,3.942,0,,False,False,True,,,,,,,,,,,,,,,False,False,9.118,,95.1,,75.7,,95.1,,1591,74,10,19,7,139178.4,18557.12,,Idle,,20,,10,,,20,Go Home,False,False,False,False,False,False,False,False,False,False,False,False,33.8027920380556,-117.4659261431046,2221.3,2972.0,1049.4,396.9,True,1,1,False,False,False,False,,True,False,False,Course Lock,196.8,67,16.4,93,NE,S,0.89,11.4,Calm,False,False,Android,7.0.2,M300 RTK,1ZN7L4R0H1D00F,1W9DL31001461C,1ZMLH8300204F0,1Z6PH74DAP0QN7,"Corona, CA",728.3,5.7,137.7,8.547347,2.013246,0,0,DJI Matrice 300 RTK,M300 RTK,1ZN7L4R0H1D00F,1W9DL31001461C,1ZMLH8300204F0,1Z6PH74DAP0QN7,DJI Pilot,Android,7.0.2,1EF72A62-B7C3-C88D-164E-CE6F8C8424AE,1ZN7L4R0H1D00F,1W9DL31001461C,,1ZMLH8300204F0,1W9DL31001461C,,,,,
2023-11-01,11:29:59.75 AM,5m 37.4s,337.4,33.8000734359221,-117.4724863005688,103.0,137.7,16.0,1367,2644.5,6.440678,6.94893,-2.23694,2.23694,-6.039738,1.342164,0.671082,0.894776,-2,2.2,2.9,-112.9,247.1,248.6,Tripod,Other,,22,5,True,,True,False,,Smart,RC,False,True,False,,,True,,False,False,False,False,False,False,False,False,False,False,0,Follow Yaw,-77.9,0,-119.3,240.7,False,False,False,False,False,,0,0,False,False,No Card,100,100,1024,1369,700,1350,2,False,False,False,False,False,0,False,False,False,False,82,,47.28,,4088,,4986,,47.28,,True,3.942,3.942,3.942,3.942,3.942,3.942,3.942,3.942,3.942,3.942,3.942,3.942,0,,False,False,True,,,,,,,,,,,,,,,False,False,9.118,,95.1,,75.7,,95.1,,1591,74,10,19,7,139178.4,18557.12,,Idle,,20,,10,,,20,Go Home,False,False,False,False,False,False,False,False,False,False,False,False,33.8027920380556,-117.4659261431046,2222.2,2972.0,1049.4,396.9,True,1,1,False,False,False,False,,True,False,False,Course Lock,196.8,67,16.4,93,NE,S,0.89,11.4,Calm,False,False,Android,7.0.2,M300 RTK,1ZN7L4R0H1D00F,1W9DL31001461C,1ZMLH8300204F0,1Z6PH74DAP0QN7,"Corona, CA",728.3,5.7,137.7,8.547347,2.013246,0,0,DJI Matrice 300 RTK,M300 RTK,1ZN7L4R0H1D00F,1W9DL31001461C,1ZMLH8300204F0,1Z6PH74DAP0QN7,DJI Pilot,Android,7.0.2,1EF72A62-B7C3-C88D-164E-CE6F8C8424AE,1ZN7L4R0H1D00F,1W9DL31001461C,,1ZMLH8300204F0,1W9DL31001461C,,,,,
2023-11-01,11:29:59.86 AM,5m 37.5s,337.5,33.800072400262,-117.4724893321906,103.0,137.7,16.0,1367,2645.5,6.366442,6.94893,-2.013246,2.23694,-6.039738,1.342164,0.671082,0.894776,-2.2,2.2,3.1,-112.1,247.9,247.6,Tripod,Other,,22,5,True,,True,False,,Smart,RC,False,True,False,,,True,,False,False,False,False,False,False,False,False,False,False,0,Follow Yaw,-77.9,0,-118.3,241.7,False,False,False,False,False,,0,0,False,False,No Card,100,100,1024,1371,702,1351,2,False,False,False,False,False,0,False,False,False,False,82,,47.28,,4088,,4986,,47.28,,True,3.942,3.942,3.942,3.942,3.942,3.942,3.942,3.942,3.942,3.942,3.942,3.942,0,,False,False,True,,,,,,,,,,,,,,,False,False,9.118,,95.1,,75.7,,95.1,,1591,74,10,19,7,139178.4,18557.12,,Idle,,20,,10,,,20,Go Home,False,False,False,False,False,False,False,False,False,False,False,False,33.8027920380556,-117.4659261431046,2223.2,2972.0,1049.4,396.9,True,1,1,False,False,False,False,,True,False,False,Course Lock,196.8,67,16.4,93,NE,SE,0.89,11.4,Calm,False,False,Android,7.0.2,M300 RTK,1ZN7L4R0H1D00F,1W9DL31001461C,1ZMLH8300204F0,1Z6PH74DAP0QN7,"Corona, CA",728.3,5.7,137.7,8.547347,2.013246,0,0,DJI Matrice 300 RTK,M300 RTK,1ZN7L4R0H1D00F,1W9DL31001461C,1ZMLH8300204F0,1Z6PH74DAP0QN7,DJI Pilot,Android,7.0.2,1EF72A62-B7C3-C88D-164E-CE6F8C8424AE,1ZN7L4R0H1D00F,1W9DL31001461C,,1ZMLH8300204F0,1W9DL31001461C,,,,,
2023-11-01,11:29:59.96 AM,5m 37.6s,337.6,33.8000715575889,-117.4724921904685,103.0,137.7,16.0,1367,2646.4,6.366442,6.94893,-2.013246,2.23694,-6.039738,1.342164,0.671082,0.894776,-2.2,2.3,3.1,-111.2,248.8,250.4,Tripod,Other,,22,5,True,,True,False,,Smart,RC,False,True,False,,,True,,False,False,False,False,False,False,False,False,False,False,0,Follow Yaw,-77.9,0,-117.4,242.6,False,False,False,False,False,,0,0,False,False,No Card,100,100,1024,1370,705,1351,2,False,False,False,False,False,0,False,False,False,False,82,,47.28,,4088,,4986,,47.28,,True,3.942,3.942,3.942,3.942,3.942,3.942,3.942,3.942,3.942,3.942,3.942,3.942,0,,False,False,True,,,,,,,,,,,,,,,False,False,9.118,,95.1,,75.7,,95.1,,1591,74,10,19,7,139178.4,18557.12,,Idle,,20,,10,,,20,Go Home,False,False,False,False,False,False,False,False,False,False,False,False,33.8027920380556,-117.4659261431046,2224.1,2972.0,1049.4,396.9,True,1,1,False,False,False,False,,True,False,False,Course Lock,196.8,67,16.4,93,NE,SE,0.89,11.4,Calm,False,False,Android,7.0.2,M300 RTK,1ZN7L4R0H1D00F,1W9DL31001461C,1ZMLH8300204F0,1Z6PH74DAP0QN7,"Corona, CA",728.3,5.7,137.7,8.547347,2.013246,0,0,DJI Matrice 300 RTK,M300 RTK,1ZN7L4R0H1D00F,1W9DL31001461C,1ZMLH8300204F0,1Z6PH74DAP0QN7,DJI Pilot,Android,7.0.2,1EF72A62-B7C3-C88D-164E-CE6F8C8424AE,1ZN7L4R0H1D00F,1W9DL31001461C,,1ZMLH8300204F0,1W9DL31001461C,,,,,
2023-11-01,11:30:00.07 AM,5m 37.7s,337.7,33.8000707686452,-117.472495374158,102.6,137.7,16.0,1366,2647.4,6.29928,6.94893,-1.789552,2.23694,-6.039738,1.342164,0.671082,0.894776,-2.1,2.1,2.9,-110.3,249.7,253.3,Tripod,Other,,22,5,True,,True,False,,Smart,RC,False,True,False,,,True,,False,False,False,False,False,False,False,False,False,False,0,Follow Yaw,-77.9,0,-116.5,243.5,False,False,False,False,False,,0,0,False,False,No Card,100,100,1024,1370,703,1356,2,False,False,False,False,False,0,False,False,False,False,82,,47.28,,4088,,4986,,47.28,,True,3.942,3.942,3.942,3.942,3.942,3.942,3.942,3.942,3.942,3.942,3.942,3.942,0,,False,False,True,,,,,,,,,,,,,,,False,False,9.118,,95.1,,75.7,,95.1,,1591,74,10,19,7,139178.4,18557.12,,Idle,,20,,10,,,20,Go Home,False,False,False,False,False,False,False,False,False,False,False,False,33.8027920380556,-117.4659261431046,2225.1,2972.0,1049.4,396.9,True,1,1,False,False,False,False,,True,False,False,Course Lock,196.8,67,16.4,93,NE,SE,0.89,11.4,Calm,False,False,Android,7.0.2,M300 RTK,1ZN7L4R0H1D00F,1W9DL31001461C,1ZMLH8300204F0,1Z6PH74DAP0QN7,"Corona, CA",728.3,5.7,137.7,8.547347,2.013246,0,0,DJI Matrice 300 RTK,M300 RTK,1ZN7L4R0H1D00F,1W9DL31001461C,1ZMLH8300204F0,1Z6PH74DAP0QN7,DJI Pilot,Android,7.0.2,1EF72A62-B7C3-C88D-164E-CE6F8C8424AE,1ZN7L4R0H1D00F,1W9DL31001461C,,1ZMLH8300204F0,1W9DL31001461C,,,,,
2023-11-01,11:30:00.17 AM,5m 37.8s,337.8,33.8000700180794,-117.4724982680613,102.6,137.7,16.0,1366,2648.4,6.514067,6.94893,-1.789552,2.23694,-6.263432,1.342164,0.671082,0.894776,-1.9,1.8,2.6,-109.5,250.5,252.6,Tripod,Other,,22,5,True,,True,False,,Smart,RC,False,True,False,,,True,,False,False,False,False,False,False,False,False,False,False,0,Follow Yaw,-77.9,0,-115.6,244.4,False,False,False,False,False,,0,0,False,False,No Card,100,100,1024,1370,701,1359,2,False,False,False,False,False,0,False,False,False,False,82,,47.28,,4088,,4986,,47.28,,True,3.942,3.942,3.942,3.942,3.942,3.942,3.942,3.942,3.942,3.942,3.942,3.942,0,,False,False,True,,,,,,,,,,,,,,,False,False,9.118,,95.1,,75.7,,95.1,,1591,74,10,19,7,139178.4,18557.12,,Idle,,20,,10,,,20,Go Home,False,False,False,False,False,False,False,False,False,False,False,False,33.8027920380556,-117.4659261431046,2226.0,2972.0,1049.4,396.9,True,1,1,False,False,False,False,,True,False,False,Course Lock,196.8,67,16.4,93,NE,SE,0.89,11.4,Calm,False,False,Android,7.0.2,M300 RTK,1ZN7L4R0H1D00F,1W9DL31001461C,1ZMLH8300204F0,1Z6PH74DAP0QN7,"Corona, CA",728.3,5.7,137.7,8.547347,2.013246,0,0,DJI Matrice 300 RTK,M300 RTK,1ZN7L4R0H1D00F,1W9DL31001461C,1ZMLH8300204F0,1Z6PH74DAP0QN7,DJI Pilot,Android,7.0.2,1EF72A62-B7C3-C88D-164E-CE6F8C8424AE,1ZN7L4R0H1D00F,1W9DL31001461C,,1ZMLH8300204F0,1W9DL31001461C,,,,,
2023-11-01,11:30:00.24 AM,5m 37.9s,337.9,33.8000692894441,-117.4725016051379,102.3,137.7,16.0,1366,2649.4,6.456197,6.94893,-1.565858,2.23694,-6.263432,1.342164,0.671082,0.894776,-1.7,1.8,2.4,-108.5,251.5,255.2,Tripod,Other,,22,5,True,,True,False,,Smart,RC,False,True,False,,,True,,False,False,False,False,False,False,False,False,False,False,0,Follow Yaw,-77.9,0,-114.7,245.3,False,False,False,False,False,,0,0,False,False,No Card,100,100,1024,1370,699,1359,2,False,False,False,False,False,0,False,False,False,False,82,,47.28,,4088,,4986,,47.28,,True,3.942,3.942,3.942,3.942,3.942,3.942,3.942,3.942,3.942,3.942,3.942,3.942,0,,False,False,True,,,,,,,,,,,,,,,False,False,9.118,,95.1,,75.7,,95.1,,1591,74,10,19,7,139178.4,18557.12,,Idle,,20,,10,,,20,Go Home,False,False,False,False,False,False,False,False,False,False,False,False,33.8027920380556,-117.4659261431046,2227.1,2972.0,1049.4,396.9,True,1,1,False,False,False,False,,True,False,False,Course Lock,196.8,67,16.4,93,NE,SE,0.89,11.4,Calm,False,False,Android,7.0.2,M300 RTK,1ZN7L4R0H1D00F,1W9DL31001461C,1ZMLH8300204F0,1Z6PH74DAP0QN7,"Corona, CA",728.3,5.7,137.7,8.547347,2.013246,0,0,DJI Matrice 300 RTK,M300 RTK,1ZN7L4R0H1D00F,1W9DL31001461C,1ZMLH8300204F0,1Z6PH74DAP0QN7,DJI Pilot,Android,7.0.2,1EF72A62-B7C3-C88D-164E-CE6F8C8424AE,1ZN7L4R0H1D00F,1W9DL31001461C,,1ZMLH8300204F0,1W9DL31001461C,,,,,
2023-11-01,11:30:00.34 AM,5m 38.0s,338.0,33.8000686161828,-117.4725045280692,102.3,137.7,16.0,1366,2650.3,6.456197,6.94893,-1.565858,2.23694,-6.263432,1.342164,0.671082,0.894776,-1.7,2,2.6,-107.6,252.4,254.5,Tripod,Other,,22,5,True,,True,False,,Smart,RC,False,True,False,,,True,,False,False,False,False,False,False,False,False,False,False,0,Follow Yaw,-77.9,0,-113.7,246.3,False,False,False,False,False,,0,0,False,False,No Card,100,100,1024,1369,706,1346,2,False,False,False,False,False,0,False,False,False,False,82,,47.364,,8235,,10044,,47.364,,True,3.942,3.942,3.942,3.942,3.942,3.942,3.942,3.942,3.942,3.942,3.942,3.942,0,,False,False,True,,,,,,,,,,,,,,,False,False,18.498,,95.1,,75.7,,95.1,,1591,74,10,19,7,139178.4,18557.12,,Idle,,20,,10,,,20,Go Home,False,False,False,False,False,False,False,False,False,False,False,False,33.8027920380556,-117.4659261431046,2228.0,2972.0,1049.4,396.9,True,1,1,False,False,False,False,,True,False,False,Course Lock,196.8,67,16.4,93,NE,SE,0.89,11.4,Calm,False,False,Android,7.0.2,M300 RTK,1ZN7L4R0H1D00F,1W9DL31001461C,1ZMLH8300204F0,1Z6PH74DAP0QN7,"Corona, CA",728.3,5.7,137.7,8.547347,2.013246,0,0,DJI Matrice 300 RTK,M300 RTK,1ZN7L4R0H1D00F,1W9DL31001461C,1ZMLH8300204F0,1Z6PH74DAP0QN7,DJI Pilot,Android,7.0.2,1EF72A62-B7C3-C88D-164E-CE6F8C8424AE,1ZN7L4R0H1D00F,1W9DL31001461C,,1ZMLH8300204F0,1W9DL31001461C,,,,,
2023-11-01,11:30:00.44 AM,5m 38.1s,338.1,33.8000678124361,-117.4725078390865,102.3,137.7,16.0,1366,2651.4,6.456197,6.94893,-1.565858,2.23694,-6.263432,1.342164,0.671082,0.894776,-1.8,2.2,2.8,-106.6,253.4,253.7,Tripod,Other,,22,5,True,,True,False,,Smart,RC,False,True,False,,,True,,False,False,False,False,False,False,False,False,False,False,0,Follow Yaw,-77.9,0,-112.8,247.2,False,False,False,False,False,,0,0,False,False,No Card,100,100,1024,1370,709,1330,2,False,False,False,False,False,0,False,False,False,False,82,,47.364,,8235,,10044,,47.364,,True,3.942,3.942,3.942,3.942,3.942,3.942,3.942,3.942,3.942,3.942,3.942,3.942,0,,False,False,True,,,,,,,,,,,,,,,False,False,18.498,,95.1,,75.7,,95.1,,1591,74,10,19,7,139178.4,18557.12,,Idle,,20,,10,,,20,Go Home,False,False,False,False,False,False,False,False,False,False,False,False,33.8027920380556,-117.4659261431046,2229.0,2972.0,1049.4,396.9,True,1,1,False,False,False,False,,True,False,False,Course Lock,196.8,67,16.4,93,NE,SE,0.89,11.4,Calm,False,False,Android,7.0.2,M300 RTK,1ZN7L4R0H1D00F,1W9DL31001461C,1ZMLH8300204F0,1Z6PH74DAP0QN7,"Corona, CA",728.3,5.7,137.7,8.547347,2.013246,0,0,DJI Matrice 300 RTK,M300 RTK,1ZN7L4R0H1D00F,1W9DL31001461C,1ZMLH8300204F0,1Z6PH74DAP0QN7,DJI Pilot,Android,7.0.2,1EF72A62-B7C3-C88D-164E-CE6F8C8424AE,1ZN7L4R0H1D00F,1W9DL31001461C,,1ZMLH8300204F0,1W9DL31001461C,,,,,
2023-11-01,11:30:00.54 AM,5m 38.2s,338.2,33.8000671687808,-117.4725109581225,102.0,137.7,16.0,1366,2652.3,6.405621,6.94893,-1.342164,2.23694,-6.263432,1.342164,0.671082,0.894776,-1.9,2.3,2.9,-105.7,254.3,256.0,Tripod,Other,,22,5,True,,True,False,,Smart,RC,False,True,False,,,True,,False,False,False,False,False,False,False,False,False,False,0,Follow Yaw,-77.9,0,-111.9,248.1,False,False,False,False,False,,0,0,False,False,No Card,100,100,1024,1372,713,1308,2,False,False,False,False,False,0,False,False,False,False,82,,47.364,,8235,,10044,,47.364,,True,3.942,3.942,3.942,3.942,3.942,3.942,3.942,3.942,3.942,3.942,3.942,3.942,0,,False,False,True,,,,,,,,,,,,,,,False,False,18.498,,95.1,,75.7,,95.1,,1591,74,10,19,7,139178.4,18557.12,,Idle,,20,,10,,,20,Go Home,False,False,False,False,False,False,False,False,False,False,False,False,33.8027920380556,-117.4659261431046,2229.9,2972.0,1049.4,396.9,True,1,1,False,False,False,False,,True,False,False,Course Lock,196.8,67,16.4,93,NE,SE,0.89,11.4,Calm,False,False,Android,7.0.2,M300 RTK,1ZN7L4R0H1D00F,1W9DL31001461C,1ZMLH8300204F0,1Z6PH74DAP0QN7,"Corona, CA",728.3,5.7,137.7,8.547347,2.013246,0,0,DJI Matrice 300 RTK,M300 RTK,1ZN7L4R0H1D00F,1W9DL31001461C,1ZMLH8300204F0,1Z6PH74DAP0QN7,DJI Pilot,Android,7.0.2,1EF72A62-B7C3-C88D-164E-CE6F8C8424AE,1ZN7L4R0H1D00F,1W9DL31001461C,,1ZMLH8300204F0,1W9DL31001461C,,,,,
2023-11-01,11:30:00.64 AM,5m 38.3s,338.3,33.8000665859821,-117.4725142226289,102.0,137.7,15.7,1366,2653.4,6.405621,6.94893,-1.342164,2.23694,-6.263432,1.342164,0.671082,0.894776,-1.9,2.2,2.9,-104.8,255.2,257.8,Tripod,Other,,22,5,True,,True,False,,Smart,RC,False,True,False,,,True,,False,False,False,False,False,False,False,False,False,False,0,Follow Yaw,-77.9,0,-111.5,248.5,False,False,False,False,False,,0,0,False,False,No Card,100,100,1024,1370,752,1091,2,False,False,False,False,False,0,False,False,False,False,82,,47.364,,8235,,10044,,47.364,,True,3.947,3.947,3.947,3.947,3.947,3.947,3.947,3.947,3.947,3.947,3.947,3.947,0,,False,False,True,,,,,,,,,,,,,,,False,False,18.498,,95.1,,75.7,,95.1,,1591,74,10,19,7,138997.7,18533.03,,Idle,,20,,10,,,20,Go Home,False,False,False,False,False,False,False,False,False,False,False,False,33.8027920380556,-117.4659261431046,2230.9,2972.0,1049.4,396.9,True,1,1,False,False,False,False,,True,False,False,Course Lock,196.8,67,16.4,93,NE,SE,0.89,11.4,Calm,False,False,Android,7.0.2,M300 RTK,1ZN7L4R0H1D00F,1W9DL31001461C,1ZMLH8300204F0,1Z6PH74DAP0QN7,"Corona, CA",728.3,5.7,137.7,8.547347,2.013246,0,0,DJI Matrice 300 RTK,M300 RTK,1ZN7L4R0H1D00F,1W9DL31001461C,1ZMLH8300204F0,1Z6PH74DAP0QN7,DJI Pilot,Android,7.0.2,1EF72A62-B7C3-C88D-164E-CE6F8C8424AE,1ZN7L4R0H1D00F,1W9DL31001461C,,1ZMLH8300204F0,1W9DL31001461C,,,,,
2023-11-01,11:30:00.74 AM,5m 38.4s,338.4,33.8000660300481,-117.4725173838875,102.0,137.7,15.7,1366,2654.3,6.362511,6.94893,-1.11847,2.23694,-6.263432,1.342164,0.671082,0.894776,-1.9,1.7,2.5,-103.9,256.1,258.0,Tripod,Other,,22,5,True,,True,False,,Smart,RC,False,True,False,,,True,,False,False,False,False,False,False,False,False,False,False,0,Follow Yaw,-77.9,0,-110.5,249.5,False,False,False,False,False,,0,0,False,False,No Card,100,100,1024,1370,752,1091,2,False,False,False,False,False,0,False,False,False,False,82,,47.364,,8235,,10044,,47.364,,True,3.947,3.947,3.947,3.947,3.947,3.947,3.947,3.947,3.947,3.947,3.947,3.947,0,,False,False,True,,,,,,,,,,,,,,,False,False,18.498,,95.1,,75.7,,95.1,,1591,74,10,19,7,138997.7,18533.03,,Idle,,20,,10,,,20,Go Home,False,False,False,False,False,False,False,False,False,False,False,False,33.8027920380556,-117.4659261431046,2231.9,2972.0,1049.4,396.9,True,1,1,False,False,False,False,,True,False,False,Course Lock,196.8,67,16.4,93,NE,SE,1.11,11.4,Calm,False,False,Android,7.0.2,M300 RTK,1ZN7L4R0H1D00F,1W9DL31001461C,1ZMLH8300204F0,1Z6PH74DAP0QN7,"Corona, CA",728.3,5.7,137.7,8.547347,2.013246,0,0,DJI Matrice 300 RTK,M300 RTK,1ZN7L4R0H1D00F,1W9DL31001461C,1ZMLH8300204F0,1Z6PH74DAP0QN7,DJI Pilot,Android,7.0.2,1EF72A62-B7C3-C88D-164E-CE6F8C8424AE,1ZN7L4R0H1D00F,1W9DL31001461C,,1ZMLH8300204F0,1W9DL31001461C,,,,,
2023-11-01,11:30:00.84 AM,5m 38.5s,338.5,33.8000655941827,-117.472520606666,101.7,137.7,15.7,1365,2655.3,6.362511,6.94893,-1.11847,2.23694,-6.263432,1.342164,0.671082,0.894776,-1.8,0.6,1.8,-103.2,256.8,260.7,Tripod,Other,,22,5,True,,True,False,,Smart,RC,False,True,False,,,True,,False,False,False,False,False,False,False,False,False,False,0,Follow Yaw,-77.9,0,-110.3,249.7,False,False,False,False,False,,0,0,False,False,No Card,100,100,1024,1372,774,1024,2,False,False,False,False,False,0,False,False,False,False,82,,47.364,,8235,,10044,,47.364,,True,3.947,3.947,3.947,3.947,3.947,3.947,3.947,3.947,3.947,3.947,3.947,3.947,0,,False,False,True,,,,,,,,,,,,,,,False,False,18.498,,95.1,,75.7,,95.1,,1591,74,10,19,7,138997.7,18533.03,,Idle,,20,,10,,,20,Go Home,False,False,False,False,False,False,False,False,False,False,False,False,33.8027920380556,-117.4659261431046,2232.8,2972.0,1049.4,396.9,True,1,1,False,False,False,False,,True,False,False,Course Lock,196.8,67,16.4,93,NE,SE,1.11,11.4,Calm,False,False,Android,7.0.2,M300 RTK,1ZN7L4R0H1D00F,1W9DL31001461C,1ZMLH8300204F0,1Z6PH74DAP0QN7,"Corona, CA",728.3,5.7,137.7,8.547347,2.013246,0,0,DJI Matrice 300 RTK,M300 RTK,1ZN7L4R0H1D00F,1W9DL31001461C,1ZMLH8300204F0,1Z6PH74DAP0QN7,DJI Pilot,Android,7.0.2,1EF72A62-B7C3-C88D-164E-CE6F8C8424AE,1ZN7L4R0H1D00F,1W9DL31001461C,,1ZMLH8300204F0,1W9DL31001461C,,,,,
2023-11-01,11:30:00.94 AM,5m 38.6s,338.6,33.8000651243253,-117.4725236173414,101.7,137.7,15.7,1365,2656.3,6.362511,6.94893,-1.11847,2.23694,-6.263432,1.342164,0.671082,0.894776,-1.8,-0.9,2,-102.6,257.4,259.3,Tripod,Other,,22,5,True,,True,False,,Smart,RC,False,True,False,,,True,,False,False,False,False,False,False,False,False,False,False,0,Follow Yaw,-77.9,0,-110.3,249.7,False,False,False,False,False,,0,0,False,False,No Card,100,100,1024,1372,774,1024,2,False,False,False,False,False,0,False,False,False,False,82,,47.364,,8235,,10044,,47.364,,True,3.947,3.947,3.947,3.947,3.947,3.947,3.947,3.947,3.947,3.947,3.947,3.947,0,,False,False,True,,,,,,,,,,,,,,,False,False,18.498,,95.1,,75.7,,95.1,,1591,74,10,19,7,138997.7,18533.03,,Idle,,20,,10,,,20,Go Home,False,False,False,False,False,False,False,False,False,False,False,False,33.8027920380556,-117.4659261431046,2233.7,2972.0,1049.4,396.9,True,1,1,False,False,False,False,,True,False,False,Course Lock,196.8,67,16.4,93,NE,SE,1.11,11.4,Calm,False,False,Android,7.0.2,M300 RTK,1ZN7L4R0H1D00F,1W9DL31001461C,1ZMLH8300204F0,1Z6PH74DAP0QN7,"Corona, CA",728.3,5.7,137.7,8.547347,2.013246,0,0,DJI Matrice 300 RTK,M300 RTK,1ZN7L4R0H1D00F,1W9DL31001461C,1ZMLH8300204F0,1Z6PH74DAP0QN7,DJI Pilot,Android,7.0.2,1EF72A62-B7C3-C88D-164E-CE6F8C8424AE,1ZN7L4R0H1D00F,1W9DL31001461C,,1ZMLH8300204F0,1W9DL31001461C,,,,,
2023-11-01,11:30:01.04 AM,5m 38.7s,338.7,33.800064790436,-117.4725267746416,101.7,137.7,15.7,1365,2657.2,6.362511,6.94893,-1.11847,2.23694,-6.263432,1.342164,0.671082,0.894776,-1.9,-1.6,2.4,-102.2,257.8,262.7,Tripod,Other,,22,5,True,,True,False,,Smart,RC,False,True,False,,,True,,False,False,False,False,False,False,False,False,False,False,0,Follow Yaw,-77.9,0,-110.3,249.7,False,False,False,False,False,,0,0,False,False,No Card,100,100,1024,1373,774,1024,2,False,False,False,False,False,0,False,False,False,False,82,,47.328,,4088,,4986,,47.328,,True,3.947,3.947,3.947,3.947,3.947,3.947,3.947,3.947,3.947,3.947,3.947,3.947,0,,False,False,True,,,,,,,,,,,,,,,False,False,9.164,,95.1,,75.7,,95.1,,1591,74,10,19,7,138997.7,18533.03,,Idle,,20,,10,,,20,Go Home,False,False,False,False,False,False,False,False,False,False,False,False,33.8027920380556,-117.4659261431046,2234.6,2972.0,1049.4,396.9,True,1,1,False,False,False,False,,True,False,False,Course Lock,196.8,67,16.4,93,NE,SE,1.11,11.4,Calm,False,False,Android,7.0.2,M300 RTK,1ZN7L4R0H1D00F,1W9DL31001461C,1ZMLH8300204F0,1Z6PH74DAP0QN7,"Corona, CA",728.3,5.7,137.7,8.547347,2.013246,0,0,DJI Matrice 300 RTK,M300 RTK,1ZN7L4R0H1D00F,1W9DL31001461C,1ZMLH8300204F0,1Z6PH74DAP0QN7,DJI Pilot,Android,7.0.2,1EF72A62-B7C3-C88D-164E-CE6F8C8424AE,1ZN7L4R0H1D00F,1W9DL31001461C,,1ZMLH8300204F0,1W9DL31001461C,,,,,
2023-11-01,11:30:01.14 AM,5m 38.8s,338.8,33.800064266301,-117.472530097534,101.3,137.7,15.7,1365,2658.2,6.362511,6.94893,-1.11847,2.23694,-6.263432,1.342164,0.447388,0.894776,-2,-1.7,2.6,-102,258,259.2,Tripod,Other,,22,5,True,,True,False,,Smart,RC,False,True,False,,,True,,False,False,False,False,False,False,False,False,False,False,0,Follow Yaw,-77.9,0,-110.3,249.7,False,False,False,False,False,,0,0,False,False,No Card,100,100,1024,1373,785,1024,2,False,False,False,False,False,0,False,False,False,False,82,,47.328,,4088,,4986,,47.328,,True,3.947,3.947,3.947,3.947,3.947,3.947,3.947,3.947,3.947,3.947,3.947,3.947,0,,False,False,True,,,,,,,,,,,,,,,False,False,9.164,,95.1,,75.7,,95.1,,1591,74,10,19,7,138997.7,18533.03,,Idle,,20,,10,,,20,Go Home,False,False,False,False,False,False,False,False,False,False,False,False,33.8027920380556,-117.4659261431046,2235.6,2972.0,1049.4,396.9,True,1,1,False,False,False,False,,True,False,False,Course Lock,196.8,67,16.4,93,NE,SE,1.11,11.4,Calm,False,False,Android,7.0.2,M300 RTK,1ZN7L4R0H1D00F,1W9DL31001461C,1ZMLH8300204F0,1Z6PH74DAP0QN7,"Corona, CA",728.3,5.7,137.7,8.547347,2.013246,0,0,DJI Matrice 300 RTK,M300 RTK,1ZN7L4R0H1D00F,1W9DL31001461C,1ZMLH8300204F0,1Z6PH74DAP0QN7,DJI Pilot,Android,7.0.2,1EF72A62-B7C3-C88D-164E-CE6F8C8424AE,1ZN7L4R0H1D00F,1W9DL31001461C,,1ZMLH8300204F0,1W9DL31001461C,,,,,
2023-11-01,11:30:01.24 AM,5m 38.9s,338.9,33.8000637882197,-117.4725330193108,101.3,137.7,15.7,1365,2659.1,6.362511,6.94893,-1.11847,2.23694,-6.263432,1.342164,0.447388,0.894776,-2,-1.3,2.3,-101.9,258.1,258.8,Tripod,Other,,22,5,True,,True,False,,Smart,RC,False,True,False,,,True,,False,False,False,False,False,False,False,False,False,False,0,Follow Yaw,-77.9,0,-110.3,249.7,False,False,False,False,False,,0,0,False,False,No Card,100,100,1024,1375,781,1024,2,False,False,False,False,False,0,False,False,False,False,82,,47.328,,4088,,4986,,47.328,,True,3.947,3.947,3.947,3.947,3.947,3.947,3.947,3.947,3.947,3.947,3.947,3.947,0,,False,False,True,,,,,,,,,,,,,,,False,False,9.164,,95.1,,75.7,,95.1,,1591,74,10,19,7,138997.7,18533.03,,Idle,,20,,10,,,20,Go Home,False,False,False,False,False,False,False,False,False,False,False,False,33.8027920380556,-117.4659261431046,2236.5,2972.0,1049.4,396.9,True,1,1,False,False,False,False,,True,False,False,Course Lock,196.8,67,16.4,93,NE,SE,1.11,11.4,Calm,False,False,Android,7.0.2,M300 RTK,1ZN7L4R0H1D00F,1W9DL31001461C,1ZMLH8300204F0,1Z6PH74DAP0QN7,"Corona, CA",728.3,5.7,137.7,8.547347,2.013246,0,0,DJI Matrice 300 RTK,M300 RTK,1ZN7L4R0H1D00F,1W9DL31001461C,1ZMLH8300204F0,1Z6PH74DAP0QN7,DJI Pilot,Android,7.0.2,1EF72A62-B7C3-C88D-164E-CE6F8C8424AE,1ZN7L4R0H1D00F,1W9DL31001461C,,1ZMLH8300204F0,1W9DL31001461C,,,,,
2023-11-01,11:30:01.34 AM,5m 39.0s,339.0,33.8000632920459,-117.4725360059061,101.3,137.7,15.7,1365,2660.1,6.362511,6.94893,-1.11847,2.23694,-6.263432,1.342164,0.447388,0.894776,-2,-1,2.2,-101.9,258.1,258.6,Tripod,Other,,22,5,True,,True,False,,Smart,RC,False,True,False,,,True,,False,False,False,False,False,False,False,False,False,False,0,Follow Yaw,-77.9,0,-110.3,249.7,False,False,False,False,False,,0,0,False,False,No Card,100,100,1024,1374,778,1024,2,False,False,False,False,False,0,False,False,False,False,81,,47.304,,8184,,10044,,47.304,,True,3.947,3.947,3.947,3.947,3.947,3.947,3.947,3.947,3.947,3.947,3.947,3.947,0,,False,False,True,,,,,,,,,,,,,,,False,False,18.748,,95.3,,75.7,,95.3,,1591,74,10,19,7,138997.7,18533.03,,Idle,,20,,10,,,20,Go Home,False,False,False,False,False,False,False,False,False,False,False,False,33.8027920380556,-117.4659261431046,2237.4,2972.0,1049.4,396.9,True,1,1,False,False,False,False,,True,False,False,Course Lock,196.8,67,16.4,93,NE,SE,1.11,11.4,Calm,False,False,Android,7.0.2,M300 RTK,1ZN7L4R0H1D00F,1W9DL31001461C,1ZMLH8300204F0,1Z6PH74DAP0QN7,"Corona, CA",728.3,5.7,137.7,8.547347,2.013246,0,0,DJI Matrice 300 RTK,M300 RTK,1ZN7L4R0H1D00F,1W9DL31001461C,1ZMLH8300204F0,1Z6PH74DAP0QN7,DJI Pilot,Android,7.0.2,1EF72A62-B7C3-C88D-164E-CE6F8C8424AE,1ZN7L4R0H1D00F,1W9DL31001461C,,1ZMLH8300204F0,1W9DL31001461C,,,,,
2023-11-01,11:30:01.44 AM,5m 39.1s,339.1,33.8000625590244,-117.4725395188006,101.0,137.7,15.7,1365,2661.2,6.405621,6.94893,-1.342164,2.23694,-6.263432,1.342164,0.447388,0.894776,-1.9,-0.9,2.1,-102,258,255.9,Tripod,Other,,22,5,True,,True,False,,Smart,RC,False,True,False,,,True,,False,False,False,False,False,False,False,False,False,False,0,Follow Yaw,-77.9,0,-110.3,249.7,False,False,False,False,False,,0,0,False,False,No Card,100,100,1024,1372,782,1024,2,False,False,False,False,False,0,False,False,False,False,81,,47.304,,8184,,10044,,47.304,,True,3.947,3.947,3.947,3.947,3.947,3.947,3.947,3.947,3.947,3.947,3.947,3.947,0,,False,False,True,,,,,,,,,,,,,,,False,False,18.748,,95.3,,75.7,,95.3,,1591,74,10,19,7,138997.7,18533.03,,Idle,,20,,10,,,20,Go Home,False,False,False,False,False,False,False,False,False,False,False,False,33.8027920380556,-117.4659261431046,2238.4,2972.0,1049.4,396.9,True,1,1,False,False,False,False,,True,False,False,Course Lock,196.8,67,16.4,93,NE,SE,0.89,11.4,Calm,False,False,Android,7.0.2,M300 RTK,1ZN7L4R0H1D00F,1W9DL31001461C,1ZMLH8300204F0,1Z6PH74DAP0QN7,"Corona, CA",728.3,5.7,137.7,8.547347,2.013246,0,0,DJI Matrice 300 RTK,M300 RTK,1ZN7L4R0H1D00F,1W9DL31001461C,1ZMLH8300204F0,1Z6PH74DAP0QN7,DJI Pilot,Android,7.0.2,1EF72A62-B7C3-C88D-164E-CE6F8C8424AE,1ZN7L4R0H1D00F,1W9DL31001461C,,1ZMLH8300204F0,1W9DL31001461C,,,,,
2023-11-01,11:30:01.54 AM,5m 39.2s,339.2,33.8000620107661,-117.4725426985316,101.0,137.7,15.7,1365,2662.2,6.405621,6.94893,-1.342164,2.23694,-6.263432,1.342164,0.447388,0.894776,-1.9,-0.8,2,-102,258,258.2,Tripod,Other,,22,5,True,,True,False,,Smart,RC,False,True,False,,,True,,False,False,False,False,False,False,False,False,False,False,0,Follow Yaw,-77.9,0,-110.3,249.7,False,False,False,False,False,,0,0,False,False,No Card,100,100,1024,1373,780,1024,2,False,False,False,False,False,0,False,False,False,False,81,,47.304,,8184,,10044,,47.304,,True,3.947,3.947,3.947,3.947,3.947,3.947,3.947,3.947,3.947,3.947,3.947,3.947,0,,False,False,True,,,,,,,,,,,,,,,False,False,18.748,,95.3,,75.7,,95.3,,1591,74,10,19,7,138997.7,18533.03,,Idle,,20,,10,,,20,Go Home,False,False,False,False,False,False,False,False,False,False,False,False,33.8027920380556,-117.4659261431046,2239.4,2972.0,1049.4,396.9,True,1,1,False,False,False,False,,True,False,False,Course Lock,196.8,67,16.4,93,E,S,0.89,11.4,Calm,False,False,Android,7.0.2,M300 RTK,1ZN7L4R0H1D00F,1W9DL31001461C,1ZMLH8300204F0,1Z6PH74DAP0QN7,"Corona, CA",728.3,5.7,137.7,8.547347,2.013246,0,0,DJI Matrice 300 RTK,M300 RTK,1ZN7L4R0H1D00F,1W9DL31001461C,1ZMLH8300204F0,1Z6PH74DAP0QN7,DJI Pilot,Android,7.0.2,1EF72A62-B7C3-C88D-164E-CE6F8C8424AE,1ZN7L4R0H1D00F,1W9DL31001461C,,1ZMLH8300204F0,1W9DL31001461C,,,,,
2023-11-01,11:30:01.61 AM,5m 39.3s,339.3,33.8000614866311,-117.4725458543475,101.0,137.7,15.7,1365,2663.1,6.405621,6.94893,-1.342164,2.23694,-6.263432,1.342164,0.447388,0.894776,-1.9,-0.9,2.1,-102,258,258.6,Tripod,Other,,22,5,True,,True,False,,Smart,RC,False,True,False,,,True,,False,False,False,False,False,False,False,False,False,False,0,Follow Yaw,-77.9,0,-110.3,249.7,False,False,False,False,False,,0,0,False,False,No Card,100,100,1024,1372,781,1024,2,False,False,False,False,False,0,False,False,False,False,81,,47.304,,8184,,10044,,47.304,,True,3.944,3.944,3.944,3.944,3.944,3.944,3.944,3.944,3.944,3.944,3.944,3.944,0,,False,False,True,,,,,,,,,,,,,,,False,False,18.748,,95.3,,75.7,,95.3,,1592,75,10,19,7,138883.9,18517.86,,Idle,,20,,10,,,20,Go Home,False,False,False,False,False,False,False,False,False,False,False,False,33.8027920380556,-117.4659261431046,2240.3,2972.0,1049.4,396.9,True,1,1,False,False,False,False,,True,False,False,Course Lock,196.8,67,16.4,93,E,S,0.89,11.4,Calm,False,False,Android,7.0.2,M300 RTK,1ZN7L4R0H1D00F,1W9DL31001461C,1ZMLH8300204F0,1Z6PH74DAP0QN7,"Corona, CA",728.3,5.7,137.7,8.547347,2.013246,0,0,DJI Matrice 300 RTK,M300 RTK,1ZN7L4R0H1D00F,1W9DL31001461C,1ZMLH8300204F0,1Z6PH74DAP0QN7,DJI Pilot,Android,7.0.2,1EF72A62-B7C3-C88D-164E-CE6F8C8424AE,1ZN7L4R0H1D00F,1W9DL31001461C,,1ZMLH8300204F0,1W9DL31001461C,,,,,
2023-11-01,11:30:01.71 AM,5m 39.4s,339.4,33.8000609542722,-117.4725488661774,101.0,137.7,15.7,1365,2664.1,6.405621,6.94893,-1.342164,2.23694,-6.263432,1.342164,0.447388,0.894776,-1.9,-0.8,2,-101.9,258.1,257.9,Tripod,Other,,22,5,True,,True,False,,Smart,RC,False,True,False,,,True,,False,False,False,False,False,False,False,False,False,False,0,Follow Yaw,-77.9,0,-110.3,249.7,False,False,False,False,False,,0,0,False,False,No Card,100,100,1024,1373,783,1024,2,False,False,False,False,False,0,False,False,False,False,81,,47.304,,8184,,10044,,47.304,,True,3.944,3.944,3.944,3.944,3.944,3.944,3.944,3.944,3.944,3.944,3.944,3.944,0,,False,False,True,,,,,,,,,,,,,,,False,False,18.748,,95.3,,75.7,,95.3,,1592,75,10,19,7,138883.9,18517.86,,Idle,,20,,10,,,20,Go Home,False,False,False,False,False,False,False,False,False,False,False,False,33.8027920380556,-117.4659261431046,2241.2,2972.0,1049.4,396.9,True,1,1,False,False,False,False,,True,False,False,Course Lock,196.8,67,16.4,93,E,S,0.89,11.4,Calm,False,False,Android,7.0.2,M300 RTK,1ZN7L4R0H1D00F,1W9DL31001461C,1ZMLH8300204F0,1Z6PH74DAP0QN7,"Corona, CA",728.3,5.7,137.7,8.547347,2.013246,0,0,DJI Matrice 300 RTK,M300 RTK,1ZN7L4R0H1D00F,1W9DL31001461C,1ZMLH8300204F0,1Z6PH74DAP0QN7,DJI Pilot,Android,7.0.2,1EF72A62-B7C3-C88D-164E-CE6F8C8424AE,1ZN7L4R0H1D00F,1W9DL31001461C,,1ZMLH8300204F0,1W9DL31001461C,,,,,
2023-11-01,11:30:01.82 AM,5m 39.5s,339.5,33.800060351188,-117.472551998573,100.7,137.7,15.7,1364,2665.0,6.405621,6.94893,-1.342164,2.23694,-6.263432,1.342164,0.447388,0.894776,-1.7,-0.8,1.8,-101.9,258.1,256.9,Tripod,Other,,22,5,True,,True,False,,Smart,RC,False,True,False,,,True,,False,False,False,False,False,False,False,False,False,False,0,Follow Yaw,-77.9,0,-110.3,249.7,False,False,False,False,False,,0,0,False,False,No Card,100,100,1024,1372,782,1024,2,False,False,False,False,False,0,False,False,False,False,81,,47.304,,8184,,10044,,47.304,,True,3.944,3.944,3.944,3.944,3.944,3.944,3.944,3.944,3.944,3.944,3.944,3.944,0,,False,False,True,,,,,,,,,,,,,,,False,False,18.748,,95.3,,75.7,,95.3,,1592,75,10,19,7,138883.9,18517.86,,Idle,,20,,10,,,20,Go Home,False,False,False,False,False,False,False,False,False,False,False,False,33.8027920380556,-117.4659261431046,2242.2,2972.0,1049.4,396.9,True,1,1,False,False,False,False,,True,False,False,Course Lock,196.8,67,16.4,93,E,S,0.89,11.4,Calm,False,False,Android,7.0.2,M300 RTK,1ZN7L4R0H1D00F,1W9DL31001461C,1ZMLH8300204F0,1Z6PH74DAP0QN7,"Corona, CA",728.3,5.7,137.7,8.547347,2.013246,0,0,DJI Matrice 300 RTK,M300 RTK,1ZN7L4R0H1D00F,1W9DL31001461C,1ZMLH8300204F0,1Z6PH74DAP0QN7,DJI Pilot,Android,7.0.2,1EF72A62-B7C3-C88D-164E-CE6F8C8424AE,1ZN7L4R0H1D00F,1W9DL31001461C,,1ZMLH8300204F0,1W9DL31001461C,,,,,
2023-11-01,11:30:01.94 AM,5m 39.6s,339.6,33.8000597809993,-117.4725551665938,100.7,137.7,15.7,1364,2666.0,6.405621,6.94893,-1.342164,2.23694,-6.263432,1.342164,0.447388,0.894776,-1.6,-0.7,1.7,-101.9,258.1,257.7,Tripod,Other,,22,5,True,,True,False,,Smart,RC,False,True,False,,,True,,False,False,False,False,False,False,False,False,False,False,0,Follow Yaw,-77.9,0,-110.3,249.7,False,False,False,False,False,,0,0,False,False,No Card,100,100,1024,1373,779,1024,2,False,False,False,False,False,0,False,False,False,False,81,,47.304,,8184,,10044,,47.304,,True,3.944,3.944,3.944,3.944,3.944,3.944,3.944,3.944,3.944,3.944,3.944,3.944,0,,False,False,True,,,,,,,,,,,,,,,False,False,18.748,,95.3,,75.7,,95.3,,1592,75,10,19,7,138883.9,18517.86,,Idle,,20,,10,,,20,Go Home,False,False,False,False,False,False,False,False,False,False,False,False,33.8027920380556,-117.4659261431046,2243.1,2972.0,1049.4,396.9,True,1,1,False,False,False,False,,True,False,False,Course Lock,196.8,67,16.4,93,E,S,0.89,11.4,Calm,False,False,Android,7.0.2,M300 RTK,1ZN7L4R0H1D00F,1W9DL31001461C,1ZMLH8300204F0,1Z6PH74DAP0QN7,"Corona, CA",728.3,5.7,137.7,8.547347,2.013246,0,0,DJI Matrice 300 RTK,M300 RTK,1ZN7L4R0H1D00F,1W9DL31001461C,1ZMLH8300204F0,1Z6PH74DAP0QN7,DJI Pilot,Android,7.0.2,1EF72A62-B7C3-C88D-164E-CE6F8C8424AE,1ZN7L4R0H1D00F,1W9DL31001461C,,1ZMLH8300204F0,1W9DL31001461C,,,,,
2023-11-01,11:30:02.03 AM,5m 39.7s,339.7,33.8000592700225,-117.4725580423545,100.7,137.7,15.7,1364,2666.9,6.405621,6.94893,-1.342164,2.23694,-6.263432,1.342164,0.447388,0.894776,-1.6,-0.7,1.7,-102,258,257.9,Tripod,Other,,22,5,True,,True,False,,Smart,RC,False,True,False,,,True,,False,False,False,False,False,False,False,False,False,False,0,Follow Yaw,-77.9,0,-110.3,249.7,False,False,False,False,False,,0,0,False,False,No Card,100,100,1024,1370,780,1024,2,False,False,False,False,False,0,False,False,False,False,81,,47.304,,8184,,10044,,47.304,,True,3.944,3.944,3.944,3.944,3.944,3.944,3.944,3.944,3.944,3.944,3.944,3.944,0,,False,False,True,,,,,,,,,,,,,,,False,False,18.748,,95.3,,75.7,,95.3,,1592,75,10,19,7,138883.9,18517.86,,Idle,,20,,10,,,20,Go Home,False,False,False,False,False,False,False,False,False,False,False,False,33.8027920380556,-117.4659261431046,2244.0,2972.0,1049.4,396.9,True,1,1,False,False,False,False,,True,False,False,Course Lock,196.8,67,16.4,93,E,S,0.89,11.4,Calm,False,False,Android,7.0.2,M300 RTK,1ZN7L4R0H1D00F,1W9DL31001461C,1ZMLH8300204F0,1Z6PH74DAP0QN7,"Corona, CA",728.3,5.7,137.7,8.547347,2.013246,0,0,DJI Matrice 300 RTK,M300 RTK,1ZN7L4R0H1D00F,1W9DL31001461C,1ZMLH8300204F0,1Z6PH74DAP0QN7,DJI Pilot,Android,7.0.2,1EF72A62-B7C3-C88D-164E-CE6F8C8424AE,1ZN7L4R0H1D00F,1W9DL31001461C,,1ZMLH8300204F0,1W9DL31001461C,,,,,
2023-11-01,11:30:02.13 AM,5m 39.8s,339.8,33.8000586702279,-117.4725613352292,100.7,137.7,15.7,1364,2667.9,6.405621,6.94893,-1.342164,2.23694,-6.263432,1.342164,0.447388,0.894776,-1.5,-0.7,1.6,-102,258,257.6,Tripod,Other,,22,5,True,,True,False,,Smart,RC,False,True,False,,,True,,False,False,False,False,False,False,False,False,False,False,0,Follow Yaw,-77.9,0,-110.3,249.7,False,False,False,False,False,,0,0,False,False,No Card,100,100,1024,1368,782,1024,2,False,False,False,False,False,0,False,False,False,False,81,,47.304,,8184,,10044,,47.304,,True,3.944,3.944,3.944,3.944,3.944,3.944,3.944,3.944,3.944,3.944,3.944,3.944,0,,False,False,True,,,,,,,,,,,,,,,False,False,18.748,,95.3,,75.7,,95.3,,1592,75,10,19,7,138883.9,18517.86,,Idle,,20,,10,,,20,Go Home,False,False,False,False,False,False,False,False,False,False,False,False,33.8027920380556,-117.4659261431046,2245.0,2972.0,1049.4,396.9,True,1,1,False,False,False,False,,True,False,False,Course Lock,196.8,67,16.4,93,E,S,0.89,11.4,Calm,False,False,Android,7.0.2,M300 RTK,1ZN7L4R0H1D00F,1W9DL31001461C,1ZMLH8300204F0,1Z6PH74DAP0QN7,"Corona, CA",728.3,5.7,137.7,8.547347,2.013246,0,0,DJI Matrice 300 RTK,M300 RTK,1ZN7L4R0H1D00F,1W9DL31001461C,1ZMLH8300204F0,1Z6PH74DAP0QN7,DJI Pilot,Android,7.0.2,1EF72A62-B7C3-C88D-164E-CE6F8C8424AE,1ZN7L4R0H1D00F,1W9DL31001461C,,1ZMLH8300204F0,1W9DL31001461C,,,,,
2023-11-01,11:30:02.23 AM,5m 39.9s,339.9,33.8000579295308,-117.4725647476798,100.7,137.7,15.7,1364,2669.0,6.405621,6.94893,-1.342164,2.23694,-6.263432,1.342164,0.447388,0.894776,-1.6,-0.6,1.7,-102,258,255.3,Tripod,Other,,22,5,True,,True,False,,Smart,RC,False,True,False,,,True,,False,False,False,False,False,False,False,False,False,False,0,Follow Yaw,-77.9,0,-110.3,249.7,False,False,False,False,False,,0,0,False,False,No Card,100,100,1024,1371,780,1024,2,False,False,False,False,False,0,False,False,False,False,82,,47.172,,4088,,4986,,47.172,,True,3.944,3.944,3.944,3.944,3.944,3.944,3.944,3.944,3.944,3.944,3.944,3.944,0,,False,False,True,,,,,,,,,,,,,,,False,False,9.612,,95.3,,75.7,,95.3,,1592,75,10,19,7,138883.9,18517.86,,Idle,,20,,10,,,20,Go Home,False,False,False,False,False,False,False,False,False,False,False,False,33.8027920380556,-117.4659261431046,2246.1,2972.0,1049.4,396.9,True,1,1,False,False,False,False,,True,False,False,Course Lock,196.8,67,16.4,93,E,S,0.89,11.4,Calm,False,False,Android,7.0.2,M300 RTK,1ZN7L4R0H1D00F,1W9DL31001461C,1ZMLH8300204F0,1Z6PH74DAP0QN7,"Corona, CA",728.3,5.7,137.7,8.547347,2.013246,0,0,DJI Matrice 300 RTK,M300 RTK,1ZN7L4R0H1D00F,1W9DL31001461C,1ZMLH8300204F0,1Z6PH74DAP0QN7,DJI Pilot,Android,7.0.2,1EF72A62-B7C3-C88D-164E-CE6F8C8424AE,1ZN7L4R0H1D00F,1W9DL31001461C,,1ZMLH8300204F0,1W9DL31001461C,,,,,
2023-11-01,11:30:02.34 AM,5m 40.0s,340.0,33.8000573768864,-117.4725677448308,100.3,137.7,15.7,1364,2669.9,6.405621,6.94893,-1.342164,2.23694,-6.263432,1.342164,0.447388,0.894776,-1.7,-0.6,1.8,-102.1,257.9,257.4,Tripod,Other,,22,5,True,,True,False,,Smart,RC,False,True,False,,,True,,False,False,False,False,False,False,False,False,False,False,0,Follow Yaw,-77.9,0,-110.3,249.7,False,False,False,False,False,,0,0,False,False,No Card,100,100,1024,1369,779,1024,2,False,False,False,False,False,0,False,False,False,False,81,,47.184,,8184,,10044,,47.184,,True,3.944,3.944,3.944,3.944,3.944,3.944,3.944,3.944,3.944,3.944,3.944,3.944,0,,False,False,True,,,,,,,,,,,,,,,False,False,19.4,,95.3,,75.7,,95.3,,1592,75,10,19,7,138883.9,18517.86,,Idle,,20,,10,,,20,Go Home,False,False,False,False,False,False,False,False,False,False,False,False,33.8027920380556,-117.4659261431046,2247.0,2972.0,1049.4,396.9,True,1,1,False,False,False,False,,True,False,False,Course Lock,196.8,67,16.4,93,E,S,0.89,11.4,Calm,False,False,Android,7.0.2,M300 RTK,1ZN7L4R0H1D00F,1W9DL31001461C,1ZMLH8300204F0,1Z6PH74DAP0QN7,"Corona, CA",728.3,5.7,137.7,8.547347,2.013246,0,0,DJI Matrice 300 RTK,M300 RTK,1ZN7L4R0H1D00F,1W9DL31001461C,1ZMLH8300204F0,1Z6PH74DAP0QN7,DJI Pilot,Android,7.0.2,1EF72A62-B7C3-C88D-164E-CE6F8C8424AE,1ZN7L4R0H1D00F,1W9DL31001461C,,1ZMLH8300204F0,1W9DL31001461C,,,,,
2023-11-01,11:30:02.44 AM,5m 40.1s,340.1,33.800056860427,-117.4725708444047,100.3,137.7,15.7,1364,2670.9,6.405621,6.94893,-1.342164,2.23694,-6.263432,1.342164,0.447388,0.894776,-1.7,-0.6,1.8,-102.1,257.9,258.6,Tripod,Other,,22,5,True,,True,False,,Smart,RC,False,True,False,,,True,,False,False,False,False,False,False,False,False,False,False,0,Follow Yaw,-77.9,0,-110.3,249.7,False,False,False,False,False,,0,0,False,False,No Card,100,100,1024,1369,781,1024,2,False,False,False,False,False,0,False,False,False,False,81,,47.184,,8184,,10044,,47.184,,True,3.944,3.944,3.944,3.944,3.944,3.944,3.944,3.944,3.944,3.944,3.944,3.944,0,,False,False,True,,,,,,,,,,,,,,,False,False,19.4,,95.3,,75.7,,95.3,,1592,75,10,19,7,138883.9,18517.86,,Idle,,20,,10,,,20,Go Home,False,False,False,False,False,False,False,False,False,False,False,False,33.8027920380556,-117.4659261431046,2247.9,2972.0,1049.4,396.9,True,1,1,False,False,False,False,,True,False,False,Course Lock,196.8,67,16.4,93,E,S,0.89,11.4,Calm,False,False,Android,7.0.2,M300 RTK,1ZN7L4R0H1D00F,1W9DL31001461C,1ZMLH8300204F0,1Z6PH74DAP0QN7,"Corona, CA",728.3,5.7,137.7,8.547347,2.013246,0,0,DJI Matrice 300 RTK,M300 RTK,1ZN7L4R0H1D00F,1W9DL31001461C,1ZMLH8300204F0,1Z6PH74DAP0QN7,DJI Pilot,Android,7.0.2,1EF72A62-B7C3-C88D-164E-CE6F8C8424AE,1ZN7L4R0H1D00F,1W9DL31001461C,,1ZMLH8300204F0,1W9DL31001461C,,,,,
2023-11-01,11:30:02.54 AM,5m 40.2s,340.2,33.8000562792732,-117.4725739941181,100.3,137.7,15.4,1364,2671.9,6.405621,6.94893,-1.342164,2.23694,-6.263432,1.342164,0.447388,0.894776,-1.6,-0.6,1.7,-102.1,257.9,257.4,Tripod,Other,,22,5,True,,True,False,,Smart,RC,False,True,False,,,True,,False,False,False,False,False,False,False,False,False,False,0,Follow Yaw,-77.9,0,-110.3,249.7,False,False,False,False,False,,0,0,False,False,No Card,100,100,1024,1369,779,1024,2,False,False,False,False,False,0,False,False,False,False,81,,47.184,,8184,,10044,,47.184,,True,3.944,3.944,3.944,3.944,3.944,3.944,3.944,3.944,3.944,3.944,3.944,3.944,0,,False,False,True,,,,,,,,,,,,,,,False,False,19.4,,95.3,,75.7,,95.3,,1592,75,10,19,7,138883.9,18517.86,,Idle,,20,,10,,,20,Go Home,False,False,False,False,False,False,False,False,False,False,False,False,33.8027920380556,-117.4659261431046,2248.8,2972.0,1049.4,396.9,True,1,1,False,False,False,False,,True,False,False,Course Lock,196.8,67,16.4,93,E,S,1.11,11.4,Calm,False,False,Android,7.0.2,M300 RTK,1ZN7L4R0H1D00F,1W9DL31001461C,1ZMLH8300204F0,1Z6PH74DAP0QN7,"Corona, CA",728.3,5.7,137.7,8.547347,2.013246,0,0,DJI Matrice 300 RTK,M300 RTK,1ZN7L4R0H1D00F,1W9DL31001461C,1ZMLH8300204F0,1Z6PH74DAP0QN7,DJI Pilot,Android,7.0.2,1EF72A62-B7C3-C88D-164E-CE6F8C8424AE,1ZN7L4R0H1D00F,1W9DL31001461C,,1ZMLH8300204F0,1W9DL31001461C,,,,,
2023-11-01,11:30:02.65 AM,5m 40.3s,340.3,33.8000557507521,-117.4725772828694,100.3,137.7,15.4,1364,2672.9,6.405621,6.94893,-1.342164,2.23694,-6.263432,1.342164,0.447388,0.894776,-1.5,-0.6,1.6,-102.1,257.9,259.0,Tripod,Other,,22,5,True,,True,False,,Smart,RC,False,True,False,,,True,,False,False,False,False,False,False,False,False,False,False,0,Follow Yaw,-77.9,0,-110.3,249.7,False,False,False,False,False,,0,0,False,False,No Card,100,100,1024,1371,775,1024,2,False,False,False,False,False,0,False,False,False,False,81,,47.184,,8184,,10044,,47.184,,True,3.936,3.936,3.936,3.936,3.936,3.936,3.936,3.936,3.936,3.936,3.936,3.936,0,,False,False,True,,,,,,,,,,,,,,,False,False,19.4,,95.3,,75.7,,95.3,,1592,75,10,19,7,139010.2,18534.69,,Idle,,20,,10,,,20,Go Home,False,False,False,False,False,False,False,False,False,False,False,False,33.8027920380556,-117.4659261431046,2249.8,2972.0,1049.4,396.9,True,1,1,False,False,False,False,,True,False,False,Course Lock,196.8,67,16.4,93,E,S,1.11,11.4,Calm,False,False,Android,7.0.2,M300 RTK,1ZN7L4R0H1D00F,1W9DL31001461C,1ZMLH8300204F0,1Z6PH74DAP0QN7,"Corona, CA",728.3,5.7,137.7,8.547347,2.013246,0,0,DJI Matrice 300 RTK,M300 RTK,1ZN7L4R0H1D00F,1W9DL31001461C,1ZMLH8300204F0,1Z6PH74DAP0QN7,DJI Pilot,Android,7.0.2,1EF72A62-B7C3-C88D-164E-CE6F8C8424AE,1ZN7L4R0H1D00F,1W9DL31001461C,,1ZMLH8300204F0,1W9DL31001461C,,,,,
2023-11-01,11:30:02.75 AM,5m 40.4s,340.4,33.8000551986559,-117.4725802689699,100.0,137.7,15.4,1364,2673.8,6.405621,6.94893,-1.342164,2.23694,-6.263432,1.342164,0.447388,0.894776,-1.5,-0.5,1.5,-102.1,257.9,257.4,Tripod,Other,,22,5,True,,True,False,,Smart,RC,False,True,False,,,True,,False,False,False,False,False,False,False,False,False,False,0,Follow Yaw,-77.9,0,-110.3,249.7,False,False,False,False,False,,0,0,False,False,No Card,100,100,1024,1369,777,1024,2,False,False,False,False,False,0,False,False,False,False,81,,47.184,,8184,,10044,,47.184,,True,3.936,3.936,3.936,3.936,3.936,3.936,3.936,3.936,3.936,3.936,3.936,3.936,0,,False,False,True,,,,,,,,,,,,,,,False,False,19.4,,95.3,,75.7,,95.3,,1592,75,10,19,7,139010.2,18534.69,,Idle,,20,,10,,,20,Go Home,False,False,False,False,False,False,False,False,False,False,False,False,33.8027920380556,-117.4659261431046,2250.7,2972.0,1049.4,396.9,True,1,1,False,False,False,False,,True,False,False,Course Lock,196.8,67,16.4,93,E,S,1.11,11.4,Calm,False,False,Android,7.0.2,M300 RTK,1ZN7L4R0H1D00F,1W9DL31001461C,1ZMLH8300204F0,1Z6PH74DAP0QN7,"Corona, CA",728.3,5.7,137.7,8.547347,2.013246,0,0,DJI Matrice 300 RTK,M300 RTK,1ZN7L4R0H1D00F,1W9DL31001461C,1ZMLH8300204F0,1Z6PH74DAP0QN7,DJI Pilot,Android,7.0.2,1EF72A62-B7C3-C88D-164E-CE6F8C8424AE,1ZN7L4R0H1D00F,1W9DL31001461C,,1ZMLH8300204F0,1W9DL31001461C,,,,,
2023-11-01,11:30:02.85 AM,5m 40.5s,340.5,33.8000545429389,-117.4725834012005,100.0,137.7,15.4,1364,2674.8,6.405621,6.94893,-1.342164,2.23694,-6.263432,1.342164,0.447388,0.894776,-1.6,-0.3,1.6,-102.1,257.9,255.8,Tripod,Other,,22,5,True,,True,False,,Smart,RC,False,True,False,,,True,,False,False,False,False,False,False,False,False,False,False,0,Follow Yaw,-77.9,0,-110.3,249.7,False,False,False,False,False,,0,0,False,False,No Card,100,100,1024,1367,782,1024,2,False,False,False,False,False,0,False,False,False,False,81,,47.184,,8184,,10044,,47.184,,True,3.936,3.936,3.936,3.936,3.936,3.936,3.936,3.936,3.936,3.936,3.936,3.936,0,,False,False,True,,,,,,,,,,,,,,,False,False,19.4,,95.3,,75.7,,95.3,,1592,75,10,19,7,139010.2,18534.69,,Idle,,20,,10,,,20,Go Home,False,False,False,False,False,False,False,False,False,False,False,False,33.8027920380556,-117.4659261431046,2251.7,2972.0,1049.4,396.9,True,1,1,False,False,False,False,,True,False,False,Course Lock,196.8,67,16.4,93,E,S,1.11,11.4,Calm,False,False,Android,7.0.2,M300 RTK,1ZN7L4R0H1D00F,1W9DL31001461C,1ZMLH8300204F0,1Z6PH74DAP0QN7,"Corona, CA",728.3,5.7,137.7,8.547347,2.013246,0,0,DJI Matrice 300 RTK,M300 RTK,1ZN7L4R0H1D00F,1W9DL31001461C,1ZMLH8300204F0,1Z6PH74DAP0QN7,DJI Pilot,Android,7.0.2,1EF72A62-B7C3-C88D-164E-CE6F8C8424AE,1ZN7L4R0H1D00F,1W9DL31001461C,,1ZMLH8300204F0,1W9DL31001461C,,,,,
2023-11-01,11:30:02.95 AM,5m 40.6s,340.6,33.8000539617851,-117.4725865415127,100.0,137.7,15.4,1364,2675.8,6.405621,6.94893,-1.342164,2.23694,-6.263432,1.342164,0.447388,0.894776,-1.6,-0.3,1.6,-102.1,257.9,257.4,Tripod,Other,,22,5,True,,True,False,,Smart,RC,False,True,False,,,True,,False,False,False,False,False,False,False,False,False,False,0,Follow Yaw,-77.9,0,-110.3,249.7,False,False,False,False,False,,0,0,False,False,No Card,100,100,1024,1369,780,1024,2,False,False,False,False,False,0,False,False,False,False,81,,47.184,,8184,,10044,,47.184,,True,3.936,3.936,3.936,3.936,3.936,3.936,3.936,3.936,3.936,3.936,3.936,3.936,0,,False,False,True,,,,,,,,,,,,,,,False,False,19.4,,95.3,,75.7,,95.3,,1592,75,10,19,7,139010.2,18534.69,,Idle,,20,,10,,,20,Go Home,False,False,False,False,False,False,False,False,False,False,False,False,33.8027920380556,-117.4659261431046,2252.6,2972.0,1049.4,396.9,True,1,1,False,False,False,False,,True,False,False,Course Lock,196.8,67,16.4,93,E,S,1.11,11.4,Calm,False,False,Android,7.0.2,M300 RTK,1ZN7L4R0H1D00F,1W9DL31001461C,1ZMLH8300204F0,1Z6PH74DAP0QN7,"Corona, CA",728.3,5.7,137.7,8.547347,2.013246,0,0,DJI Matrice 300 RTK,M300 RTK,1ZN7L4R0H1D00F,1W9DL31001461C,1ZMLH8300204F0,1Z6PH74DAP0QN7,DJI Pilot,Android,7.0.2,1EF72A62-B7C3-C88D-164E-CE6F8C8424AE,1ZN7L4R0H1D00F,1W9DL31001461C,,1ZMLH8300204F0,1W9DL31001461C,,,,,
2023-11-01,11:30:03.06 AM,5m 40.7s,340.7,33.8000534771247,-117.4725895309118,100.0,137.7,15.4,1364,2676.7,6.405621,6.94893,-1.342164,2.23694,-6.263432,1.342164,0.447388,0.894776,-1.6,-0.5,1.6,-102.2,257.8,258.9,Tripod,Other,,22,5,True,,True,False,,Smart,RC,False,True,False,,,True,,False,False,False,False,False,False,False,False,False,False,0,Follow Yaw,-77.9,0,-110.3,249.7,False,False,False,False,False,,0,0,False,False,No Card,100,100,1024,1369,779,1024,2,False,False,False,False,False,0,False,False,False,False,81,,47.184,,8184,,10044,,47.184,,True,3.936,3.936,3.936,3.936,3.936,3.936,3.936,3.936,3.936,3.936,3.936,3.936,0,,False,False,True,,,,,,,,,,,,,,,False,False,19.4,,95.3,,75.7,,95.3,,1592,75,10,19,7,139010.2,18534.69,,Idle,,20,,10,,,20,Go Home,False,False,False,False,False,False,False,False,False,False,False,False,33.8027920380556,-117.4659261431046,2253.5,2972.0,1049.4,396.9,True,1,1,False,False,False,False,,True,False,False,Course Lock,196.8,67,16.4,93,E,S,1.11,11.4,Calm,False,False,Android,7.0.2,M300 RTK,1ZN7L4R0H1D00F,1W9DL31001461C,1ZMLH8300204F0,1Z6PH74DAP0QN7,"Corona, CA",728.3,5.7,137.7,8.547347,2.013246,0,0,DJI Matrice 300 RTK,M300 RTK,1ZN7L4R0H1D00F,1W9DL31001461C,1ZMLH8300204F0,1Z6PH74DAP0QN7,DJI Pilot,Android,7.0.2,1EF72A62-B7C3-C88D-164E-CE6F8C8424AE,1ZN7L4R0H1D00F,1W9DL31001461C,,1ZMLH8300204F0,1W9DL31001461C,,,,,
2023-11-01,11:30:03.17 AM,5m 40.8s,340.8,33.8000528784266,-117.4725928122412,99.7,137.7,15.4,1363,2677.7,6.405621,6.94893,-1.342164,2.23694,-6.263432,1.342164,0.447388,0.894776,-1.5,-0.8,1.7,-102.3,257.7,257.6,Tripod,Other,,22,5,True,,True,False,,Smart,RC,False,True,False,,,True,,False,False,False,False,False,False,False,False,False,False,0,Follow Yaw,-77.9,0,-110.3,249.7,False,False,False,False,False,,0,0,False,False,No Card,100,100,1024,1370,776,1024,2,False,False,False,False,False,0,False,False,False,False,81,,47.184,,8184,,10044,,47.184,,True,3.936,3.936,3.936,3.936,3.936,3.936,3.936,3.936,3.936,3.936,3.936,3.936,0,,False,False,True,,,,,,,,,,,,,,,False,False,19.4,,95.3,,75.7,,95.3,,1592,75,10,19,7,139010.2,18534.69,,Idle,,20,,10,,,20,Go Home,False,False,False,False,False,False,False,False,False,False,False,False,33.8027920380556,-117.4659261431046,2254.5,2972.0,1049.4,396.9,True,1,1,False,False,False,False,,True,False,False,Course Lock,196.8,67,16.4,93,E,S,1.11,11.4,Calm,False,False,Android,7.0.2,M300 RTK,1ZN7L4R0H1D00F,1W9DL31001461C,1ZMLH8300204F0,1Z6PH74DAP0QN7,"Corona, CA",728.3,5.7,137.7,8.547347,2.013246,0,0,DJI Matrice 300 RTK,M300 RTK,1ZN7L4R0H1D00F,1W9DL31001461C,1ZMLH8300204F0,1Z6PH74DAP0QN7,DJI Pilot,Android,7.0.2,1EF72A62-B7C3-C88D-164E-CE6F8C8424AE,1ZN7L4R0H1D00F,1W9DL31001461C,,1ZMLH8300204F0,1W9DL31001461C,,,,,
2023-11-01,11:30:03.27 AM,5m 40.9s,340.9,33.8000522468329,-117.4725959936216,99.7,137.7,15.4,1363,2678.7,6.405621,6.94893,-1.342164,2.23694,-6.263432,1.342164,0.447388,0.894776,-1.5,-1,1.8,-102.4,257.6,256.5,Tripod,Other,,22,5,True,,True,False,,Smart,RC,False,True,False,,,True,,False,False,False,False,False,False,False,False,False,False,0,Follow Yaw,-77.9,0,-110.3,249.7,False,False,False,False,False,,0,0,False,False,No Card,100,100,1024,1367,780,1024,2,False,False,False,False,False,0,False,False,False,False,81,,47.184,,8184,,10044,,47.184,,True,3.936,3.936,3.936,3.936,3.936,3.936,3.936,3.936,3.936,3.936,3.936,3.936,0,,False,False,True,,,,,,,,,,,,,,,False,False,19.4,,95.3,,75.7,,95.3,,1592,75,10,19,7,139010.2,18534.69,,Idle,,20,,10,,,20,Go Home,False,False,False,False,False,False,False,False,False,False,False,False,33.8027920380556,-117.4659261431046,2255.5,2972.0,1049.4,396.9,True,1,1,False,False,False,False,,True,False,False,Course Lock,196.8,67,16.4,93,E,S,1.11,11.4,Calm,False,False,Android,7.0.2,M300 RTK,1ZN7L4R0H1D00F,1W9DL31001461C,1ZMLH8300204F0,1Z6PH74DAP0QN7,"Corona, CA",728.3,5.7,137.7,8.547347,2.013246,0,0,DJI Matrice 300 RTK,M300 RTK,1ZN7L4R0H1D00F,1W9DL31001461C,1ZMLH8300204F0,1Z6PH74DAP0QN7,DJI Pilot,Android,7.0.2,1EF72A62-B7C3-C88D-164E-CE6F8C8424AE,1ZN7L4R0H1D00F,1W9DL31001461C,,1ZMLH8300204F0,1W9DL31001461C,,,,,
2023-11-01,11:30:03.38 AM,5m 41.0s,341.0,33.8000516870611,-117.4725989553121,99.7,137.7,15.4,1363,2679.6,6.405621,6.94893,-1.342164,2.23694,-6.263432,1.342164,0.447388,0.894776,-1.7,-1,1.9,-102.3,257.7,257.1,Tripod,Other,,22,5,True,,True,False,,Smart,RC,False,True,False,,,True,,False,False,False,False,False,False,False,False,False,False,0,Follow Yaw,-77.9,0,-110.3,249.7,False,False,False,False,False,,0,0,False,False,No Card,100,100,1024,1370,781,1024,2,False,False,False,False,False,0,False,False,False,False,81,,47.22,,8184,,10044,,47.22,,True,3.936,3.936,3.936,3.936,3.936,3.936,3.936,3.936,3.936,3.936,3.936,3.936,0,,False,False,True,,,,,,,,,,,,,,,False,False,19.192,,95.3,,75.7,,95.3,,1592,75,10,19,7,139010.2,18534.69,,Idle,,20,,10,,,20,Go Home,False,False,False,False,False,False,False,False,False,False,False,False,33.8027920380556,-117.4659261431046,2256.4,2972.0,1049.4,396.9,True,1,1,False,False,False,False,,True,False,False,Course Lock,196.8,67,16.4,93,E,S,1.11,11.4,Calm,False,False,Android,7.0.2,M300 RTK,1ZN7L4R0H1D00F,1W9DL31001461C,1ZMLH8300204F0,1Z6PH74DAP0QN7,"Corona, CA",728.3,5.7,137.7,8.547347,2.013246,0,0,DJI Matrice 300 RTK,M300 RTK,1ZN7L4R0H1D00F,1W9DL31001461C,1ZMLH8300204F0,1Z6PH74DAP0QN7,DJI Pilot,Android,7.0.2,1EF72A62-B7C3-C88D-164E-CE6F8C8424AE,1ZN7L4R0H1D00F,1W9DL31001461C,,1ZMLH8300204F0,1W9DL31001461C,,,,,
2023-11-01,11:30:03.48 AM,5m 41.1s,341.1,33.8000511629261,-117.4726021155812,99.7,137.7,15.4,1363,2680.6,6.405621,6.94893,-1.342164,2.23694,-6.263432,1.342164,0.447388,0.894776,-1.8,-0.9,2,-102.3,257.7,258.7,Tripod,Other,,22,5,True,,True,False,,Smart,RC,False,True,False,,,True,,False,False,False,False,False,False,False,False,False,False,0,Follow Yaw,-77.9,0,-110.3,249.7,False,False,False,False,False,,0,0,False,False,No Card,100,100,1024,1370,781,1024,2,False,False,False,False,False,0,False,False,False,False,81,,47.22,,8184,,10044,,47.22,,True,3.936,3.936,3.936,3.936,3.936,3.936,3.936,3.936,3.936,3.936,3.936,3.936,0,,False,False,True,,,,,,,,,,,,,,,False,False,19.192,,95.3,,75.7,,95.3,,1592,75,10,19,7,139010.2,18534.69,,Idle,,20,,10,,,20,Go Home,False,False,False,False,False,False,False,False,False,False,False,False,33.8027920380556,-117.4659261431046,2257.3,2972.0,1049.4,396.9,True,1,1,False,False,False,False,,True,False,False,Course Lock,196.8,67,16.4,93,E,S,1.11,11.4,Calm,False,False,Android,7.0.2,M300 RTK,1ZN7L4R0H1D00F,1W9DL31001461C,1ZMLH8300204F0,1Z6PH74DAP0QN7,"Corona, CA",728.3,5.7,137.7,8.547347,2.013246,0,0,DJI Matrice 300 RTK,M300 RTK,1ZN7L4R0H1D00F,1W9DL31001461C,1ZMLH8300204F0,1Z6PH74DAP0QN7,DJI Pilot,Android,7.0.2,1EF72A62-B7C3-C88D-164E-CE6F8C8424AE,1ZN7L4R0H1D00F,1W9DL31001461C,,1ZMLH8300204F0,1W9DL31001461C,,,,,
2023-11-01,11:30:03.54 AM,5m 41.2s,341.2,33.8000505631315,-117.4726052306588,99.4,137.7,15.4,1363,2681.6,6.405621,6.94893,-1.342164,2.23694,-6.263432,1.342164,0.447388,0.894776,-1.8,-0.6,1.8,-102.2,257.8,256.9,Tripod,Other,,22,5,True,,True,False,,Smart,RC,False,True,False,,,True,,False,False,False,False,False,False,False,False,False,False,0,Follow Yaw,-77.9,0,-110.3,249.7,False,False,False,False,False,,0,0,False,False,No Card,100,100,1024,1371,783,1024,2,False,False,False,False,False,0,False,False,False,False,81,,47.22,,8184,,10044,,47.22,,True,3.936,3.936,3.936,3.936,3.936,3.936,3.936,3.936,3.936,3.936,3.936,3.936,0,,False,False,True,,,,,,,,,,,,,,,False,False,19.192,,95.3,,75.7,,95.3,,1592,75,10,19,7,139010.2,18534.69,,Idle,,20,,10,,,20,Go Home,False,False,False,False,False,False,False,False,False,False,False,False,33.8027920380556,-117.4659261431046,2258.2,2972.0,1049.4,396.9,True,1,1,False,False,False,False,,True,False,False,Course Lock,196.8,67,16.4,93,E,S,1.11,11.4,Calm,False,False,Android,7.0.2,M300 RTK,1ZN7L4R0H1D00F,1W9DL31001461C,1ZMLH8300204F0,1Z6PH74DAP0QN7,"Corona, CA",728.3,5.7,137.7,8.547347,2.013246,0,0,DJI Matrice 300 RTK,M300 RTK,1ZN7L4R0H1D00F,1W9DL31001461C,1ZMLH8300204F0,1Z6PH74DAP0QN7,DJI Pilot,Android,7.0.2,1EF72A62-B7C3-C88D-164E-CE6F8C8424AE,1ZN7L4R0H1D00F,1W9DL31001461C,,1ZMLH8300204F0,1W9DL31001461C,,,,,
2023-11-01,11:30:03.64 AM,5m 41.3s,341.3,33.8000498536852,-117.472608222367,99.4,137.7,15.4,1363,2682.5,6.405621,6.94893,-1.342164,2.23694,-6.263432,1.342164,0.447388,0.894776,-1.8,-0.5,1.8,-102.2,257.8,254.0,Tripod,Other,,22,5,True,,True,False,,Smart,RC,False,True,False,,,True,,False,False,False,False,False,False,False,False,False,False,0,Follow Yaw,-77.9,0,-110.3,249.7,False,False,False,False,False,,0,0,False,False,No Card,100,100,1024,1372,783,1024,2,False,False,False,False,False,0,False,False,False,False,81,,47.22,,8184,,10044,,47.22,,True,3.932,3.932,3.932,3.932,3.932,3.932,3.932,3.932,3.932,3.932,3.932,3.932,0,,False,False,True,,,,,,,,,,,,,,,False,False,19.192,,95.3,,75.7,,95.3,,1591,75,10,19,7,139482.9,18597.72,,Idle,,20,,10,,,20,Go Home,False,False,False,False,False,False,False,False,False,False,False,False,33.8027920380556,-117.4659261431046,2259.2,2972.0,1049.4,396.9,True,1,1,False,False,False,False,,True,False,False,Course Lock,196.8,67,16.4,93,E,S,1.11,11.4,Calm,False,False,Android,7.0.2,M300 RTK,1ZN7L4R0H1D00F,1W9DL31001461C,1ZMLH8300204F0,1Z6PH74DAP0QN7,"Corona, CA",728.3,5.7,137.7,8.547347,2.013246,0,0,DJI Matrice 300 RTK,M300 RTK,1ZN7L4R0H1D00F,1W9DL31001461C,1ZMLH8300204F0,1Z6PH74DAP0QN7,DJI Pilot,Android,7.0.2,1EF72A62-B7C3-C88D-164E-CE6F8C8424AE,1ZN7L4R0H1D00F,1W9DL31001461C,,1ZMLH8300204F0,1W9DL31001461C,,,,,
2023-11-01,11:30:03.74 AM,5m 41.4s,341.4,33.8000492451184,-117.4726113204565,99.4,137.7,15.4,1363,2683.5,6.405621,6.94893,-1.342164,2.23694,-6.263432,1.342164,0.447388,0.894776,-1.6,-0.3,1.6,-102.2,257.8,256.7,Tripod,Other,,22,5,True,,True,False,,Smart,RC,False,True,False,,,True,,False,False,False,False,False,False,False,False,False,False,0,Follow Yaw,-77.9,0,-110.3,249.7,False,False,False,False,False,,0,0,False,False,No Card,100,100,1024,1372,783,1024,2,False,False,False,False,False,0,False,False,False,False,81,,47.22,,8184,,10044,,47.22,,True,3.932,3.932,3.932,3.932,3.932,3.932,3.932,3.932,3.932,3.932,3.932,3.932,0,,False,False,True,,,,,,,,,,,,,,,False,False,19.192,,95.3,,75.7,,95.3,,1591,75,10,19,7,139482.9,18597.72,,Idle,,20,,10,,,20,Go Home,False,False,False,False,False,False,False,False,False,False,False,False,33.8027920380556,-117.4659261431046,2260.1,2972.0,1049.4,396.9,True,1,1,False,False,False,False,,True,False,False,Course Lock,196.8,67,16.4,93,E,S,1.11,11.4,Calm,False,False,Android,7.0.2,M300 RTK,1ZN7L4R0H1D00F,1W9DL31001461C,1ZMLH8300204F0,1Z6PH74DAP0QN7,"Corona, CA",728.3,5.7,137.7,8.547347,2.013246,0,0,DJI Matrice 300 RTK,M300 RTK,1ZN7L4R0H1D00F,1W9DL31001461C,1ZMLH8300204F0,1Z6PH74DAP0QN7,DJI Pilot,Android,7.0.2,1EF72A62-B7C3-C88D-164E-CE6F8C8424AE,1ZN7L4R0H1D00F,1W9DL31001461C,,1ZMLH8300204F0,1W9DL31001461C,,,,,
2023-11-01,11:30:03.84 AM,5m 41.5s,341.5,33.8000485186761,-117.4726141442635,99.4,137.7,15.4,1363,2684.4,6.405621,6.94893,-1.342164,2.23694,-6.263432,1.342164,0.447388,0.894776,-1.2,-0.1,1.2,-102.2,257.8,252.7,Tripod,Other,,22,5,True,,True,False,,Smart,RC,False,True,False,,,True,,False,False,False,False,False,False,False,False,False,False,0,Follow Yaw,-77.9,0,-110.3,249.7,False,False,False,False,False,,0,0,False,False,No Card,100,100,1024,1371,782,1024,2,False,False,False,False,False,0,False,False,False,False,81,,47.22,,8184,,10044,,47.22,,True,3.932,3.932,3.932,3.932,3.932,3.932,3.932,3.932,3.932,3.932,3.932,3.932,0,,False,False,True,,,,,,,,,,,,,,,False,False,19.192,,95.3,,75.7,,95.3,,1591,75,10,19,7,139482.9,18597.72,,Idle,,20,,10,,,20,Go Home,False,False,False,False,False,False,False,False,False,False,False,False,33.8027920380556,-117.4659261431046,2261.0,2972.0,1049.4,396.9,True,1,1,False,False,False,False,,True,False,False,Course Lock,196.8,67,16.4,93,E,S,1.11,11.4,Calm,False,False,Android,7.0.2,M300 RTK,1ZN7L4R0H1D00F,1W9DL31001461C,1ZMLH8300204F0,1Z6PH74DAP0QN7,"Corona, CA",728.3,5.7,137.7,8.547347,2.013246,0,0,DJI Matrice 300 RTK,M300 RTK,1ZN7L4R0H1D00F,1W9DL31001461C,1ZMLH8300204F0,1Z6PH74DAP0QN7,DJI Pilot,Android,7.0.2,1EF72A62-B7C3-C88D-164E-CE6F8C8424AE,1ZN7L4R0H1D00F,1W9DL31001461C,,1ZMLH8300204F0,1W9DL31001461C,,,,,
2023-11-01,11:30:03.94 AM,5m 41.6s,341.6,33.8000479068197,-117.4726171994706,99.4,137.7,15.4,1363,2685.3,6.405621,6.94893,-1.342164,2.23694,-6.263432,1.342164,0.447388,0.894776,-1.1,-0.1,1.1,-102.2,257.8,256.4,Tripod,Other,,22,5,True,,True,False,,Smart,RC,False,True,False,,,True,,False,False,False,False,False,False,False,False,False,False,0,Follow Yaw,-77.9,0,-110.3,249.7,False,False,False,False,False,,0,0,False,False,No Card,100,100,1024,1372,781,1024,2,False,False,False,False,False,0,False,False,False,False,81,,47.22,,8184,,10044,,47.22,,True,3.932,3.932,3.932,3.932,3.932,3.932,3.932,3.932,3.932,3.932,3.932,3.932,0,,False,False,True,,,,,,,,,,,,,,,False,False,19.192,,95.3,,75.7,,95.3,,1591,75,10,19,7,139482.9,18597.72,,Idle,,20,,10,,,20,Go Home,False,False,False,False,False,False,False,False,False,False,False,False,33.8027920380556,-117.4659261431046,2261.9,2972.0,1049.4,396.9,True,1,1,False,False,False,False,,True,False,False,Course Lock,196.8,67,16.4,93,E,S,1.11,11.4,Calm,False,False,Android,7.0.2,M300 RTK,1ZN7L4R0H1D00F,1W9DL31001461C,1ZMLH8300204F0,1Z6PH74DAP0QN7,"Corona, CA",728.3,5.7,137.7,8.547347,2.013246,0,0,DJI Matrice 300 RTK,M300 RTK,1ZN7L4R0H1D00F,1W9DL31001461C,1ZMLH8300204F0,1Z6PH74DAP0QN7,DJI Pilot,Android,7.0.2,1EF72A62-B7C3-C88D-164E-CE6F8C8424AE,1ZN7L4R0H1D00F,1W9DL31001461C,,1ZMLH8300204F0,1W9DL31001461C,,,,,
2023-11-01,11:30:04.04 AM,5m 41.7s,341.7,33.8000473602062,-117.4726204654613,99.0,137.7,15.4,1363,2686.3,6.405621,6.94893,-1.342164,2.23694,-6.263432,1.342164,0.447388,0.894776,-1.4,-0.1,1.4,-102.1,257.9,258.6,Tripod,Other,,22,5,True,,True,False,,Smart,RC,False,True,False,,,True,,False,False,False,False,False,False,False,False,False,False,0,Follow Yaw,-77.9,0,-110.3,249.7,False,False,False,False,False,,0,0,False,False,No Card,100,100,1024,1373,780,1024,2,False,False,False,False,False,0,False,False,False,False,82,,47.22,,4088,,4986,,47.22,,True,3.932,3.932,3.932,3.932,3.932,3.932,3.932,3.932,3.932,3.932,3.932,3.932,0,,False,False,True,,,,,,,,,,,,,,,False,False,9.404,,95.3,,75.7,,95.3,,1591,75,10,19,7,139482.9,18597.72,,Idle,,20,,10,,,20,Go Home,False,False,False,False,False,False,False,False,False,False,False,False,33.8027920380556,-117.4659261431046,2262.9,2972.0,1049.4,396.9,True,1,1,False,False,False,False,,True,False,False,Course Lock,196.8,67,16.4,93,E,S,1.11,11.4,Calm,False,False,Android,7.0.2,M300 RTK,1ZN7L4R0H1D00F,1W9DL31001461C,1ZMLH8300204F0,1Z6PH74DAP0QN7,"Corona, CA",728.3,5.7,137.7,8.547347,2.013246,0,0,DJI Matrice 300 RTK,M300 RTK,1ZN7L4R0H1D00F,1W9DL31001461C,1ZMLH8300204F0,1Z6PH74DAP0QN7,DJI Pilot,Android,7.0.2,1EF72A62-B7C3-C88D-164E-CE6F8C8424AE,1ZN7L4R0H1D00F,1W9DL31001461C,,1ZMLH8300204F0,1W9DL31001461C,,,,,
2023-11-01,11:30:04.14 AM,5m 41.8s,341.8,33.8000467675389,-117.4726235160504,99.0,137.7,15.4,1363,2687.3,6.405621,6.94893,-1.342164,2.23694,-6.263432,1.342164,0.447388,0.894776,-1.7,-0.2,1.7,-102.1,257.9,256.8,Tripod,Other,,22,5,True,,True,False,,Smart,RC,False,True,False,,,True,,False,False,False,False,False,False,False,False,False,False,0,Follow Yaw,-77.9,0,-110.3,249.7,False,False,False,False,False,,0,0,False,False,No Card,100,100,1024,1379,780,1024,2,False,False,False,False,False,0,False,False,False,False,82,,47.22,,4088,,4986,,47.22,,True,3.932,3.932,3.932,3.932,3.932,3.932,3.932,3.932,3.932,3.932,3.932,3.932,0,,False,False,True,,,,,,,,,,,,,,,False,False,9.404,,95.3,,75.7,,95.3,,1591,75,10,19,7,139482.9,18597.72,,Idle,,20,,10,,,20,Go Home,False,False,False,False,False,False,False,False,False,False,False,False,33.8027920380556,-117.4659261431046,2263.8,2972.0,1049.4,396.9,True,1,1,False,False,False,False,,True,False,False,Course Lock,196.8,67,16.4,93,E,S,1.11,11.4,Calm,False,False,Android,7.0.2,M300 RTK,1ZN7L4R0H1D00F,1W9DL31001461C,1ZMLH8300204F0,1Z6PH74DAP0QN7,"Corona, CA",728.3,5.7,137.7,8.547347,2.013246,0,0,DJI Matrice 300 RTK,M300 RTK,1ZN7L4R0H1D00F,1W9DL31001461C,1ZMLH8300204F0,1Z6PH74DAP0QN7,DJI Pilot,Android,7.0.2,1EF72A62-B7C3-C88D-164E-CE6F8C8424AE,1ZN7L4R0H1D00F,1W9DL31001461C,,1ZMLH8300204F0,1W9DL31001461C,,,,,
2023-11-01,11:30:04.24 AM,5m 41.9s,341.9,33.8000461403313,-117.4726268302013,99.0,137.7,15.4,1363,2688.3,6.405621,6.94893,-1.342164,2.23694,-6.263432,1.342164,0.447388,0.894776,-2,-0.5,2,-102.2,257.8,257.1,Tripod,Other,,22,5,True,,True,False,,Smart,RC,False,True,False,,,True,,False,False,False,False,False,False,False,False,False,False,0,Follow Yaw,-77.9,0,-110.3,249.7,False,False,False,False,False,,0,0,False,False,No Card,100,100,1024,1381,780,1024,2,False,False,False,False,False,0,False,False,False,False,82,,47.22,,4088,,4986,,47.22,,True,3.932,3.932,3.932,3.932,3.932,3.932,3.932,3.932,3.932,3.932,3.932,3.932,0,,False,False,True,,,,,,,,,,,,,,,False,False,9.404,,95.3,,75.7,,95.3,,1591,75,10,19,7,139482.9,18597.72,,Idle,,20,,10,,,20,Go Home,False,False,False,False,False,False,False,False,False,False,False,False,33.8027920380556,-117.4659261431046,2264.8,2972.0,1049.4,396.9,True,1,1,False,False,False,False,,True,False,False,Course Lock,196.8,67,16.4,93,E,S,1.11,11.4,Calm,False,False,Android,7.0.2,M300 RTK,1ZN7L4R0H1D00F,1W9DL31001461C,1ZMLH8300204F0,1Z6PH74DAP0QN7,"Corona, CA",728.3,5.7,137.7,8.547347,2.013246,0,0,DJI Matrice 300 RTK,M300 RTK,1ZN7L4R0H1D00F,1W9DL31001461C,1ZMLH8300204F0,1Z6PH74DAP0QN7,DJI Pilot,Android,7.0.2,1EF72A62-B7C3-C88D-164E-CE6F8C8424AE,1ZN7L4R0H1D00F,1W9DL31001461C,,1ZMLH8300204F0,1W9DL31001461C,,,,,
2023-11-01,11:30:04.34 AM,5m 42.0s,342.0,33.8000455767217,-117.4726297259188,99.0,137.7,15.4,1363,2689.2,6.405621,6.94893,-1.342164,2.23694,-6.263432,1.342164,0.447388,0.894776,-2.1,-0.6,2.1,-102.3,257.7,256.8,Tripod,Other,,22,5,True,,True,False,,Smart,RC,False,True,False,,,True,,False,False,False,False,False,False,False,False,False,False,0,Follow Yaw,-77.9,0,-110.3,249.7,False,False,False,False,False,,0,0,False,False,No Card,100,100,1024,1383,779,1024,2,False,False,False,False,False,0,False,False,False,False,81,,47.244,,8184,,10044,,47.244,,True,3.932,3.932,3.932,3.932,3.932,3.932,3.932,3.932,3.932,3.932,3.932,3.932,0,,False,False,True,,,,,,,,,,,,,,,False,False,18.974,,95.3,,75.7,,95.3,,1591,75,10,19,7,139482.9,18597.72,,Idle,,20,,10,,,20,Go Home,False,False,False,False,False,False,False,False,False,False,False,False,33.8027920380556,-117.4659261431046,2265.7,2972.0,1049.4,396.9,True,1,1,False,False,False,False,,True,False,False,Course Lock,196.8,67,16.4,93,E,S,1.11,11.4,Calm,False,False,Android,7.0.2,M300 RTK,1ZN7L4R0H1D00F,1W9DL31001461C,1ZMLH8300204F0,1Z6PH74DAP0QN7,"Corona, CA",728.3,5.7,137.7,8.547347,2.013246,0,0,DJI Matrice 300 RTK,M300 RTK,1ZN7L4R0H1D00F,1W9DL31001461C,1ZMLH8300204F0,1Z6PH74DAP0QN7,DJI Pilot,Android,7.0.2,1EF72A62-B7C3-C88D-164E-CE6F8C8424AE,1ZN7L4R0H1D00F,1W9DL31001461C,,1ZMLH8300204F0,1W9DL31001461C,,,,,
2023-11-01,11:30:04.44 AM,5m 42.1s,342.1,33.800044989537,-117.4726325332326,98.7,137.7,15.4,1363,2690.1,6.405621,6.94893,-1.342164,2.23694,-6.263432,1.342164,0.447388,0.894776,-2.2,-0.8,2.3,-102.4,257.6,255.8,Tripod,Other,,22,5,True,,True,False,,Smart,RC,False,True,False,,,True,,False,False,False,False,False,False,False,False,False,False,0,Follow Yaw,-77.9,0,-110.3,249.7,False,False,False,False,False,,0,0,False,False,No Card,100,100,1024,1385,779,1024,2,False,False,False,False,False,0,False,False,False,False,81,,47.244,,8184,,10044,,47.244,,True,3.932,3.932,3.932,3.932,3.932,3.932,3.932,3.932,3.932,3.932,3.932,3.932,0,,False,False,True,,,,,,,,,,,,,,,False,False,18.974,,95.3,,75.7,,95.3,,1591,75,10,19,7,139482.9,18597.72,,Idle,,20,,10,,,20,Go Home,False,False,False,False,False,False,False,False,False,False,False,False,33.8027920380556,-117.4659261431046,2266.6,2972.0,1049.4,396.9,True,1,1,False,False,False,False,,True,False,False,Course Lock,196.8,67,16.4,93,E,S,1.11,11.4,Calm,False,False,Android,7.0.2,M300 RTK,1ZN7L4R0H1D00F,1W9DL31001461C,1ZMLH8300204F0,1Z6PH74DAP0QN7,"Corona, CA",728.3,5.7,137.7,8.547347,2.013246,0,0,DJI Matrice 300 RTK,M300 RTK,1ZN7L4R0H1D00F,1W9DL31001461C,1ZMLH8300204F0,1Z6PH74DAP0QN7,DJI Pilot,Android,7.0.2,1EF72A62-B7C3-C88D-164E-CE6F8C8424AE,1ZN7L4R0H1D00F,1W9DL31001461C,,1ZMLH8300204F0,1W9DL31001461C,,,,,
2023-11-01,11:30:04.51 AM,5m 42.2s,342.2,33.8000443782289,-117.4726355589169,98.7,137.7,15.4,1363,2691.0,6.405621,6.94893,-1.342164,2.23694,-6.263432,1.342164,0.447388,0.894776,-2.3,-0.9,2.4,-102.4,257.6,256.3,Tripod,Other,,22,5,True,,True,False,,Smart,RC,False,True,False,,,True,,False,False,False,False,False,False,False,False,False,False,0,Follow Yaw,-77.9,0,-110.3,249.7,False,False,False,False,False,,0,0,False,False,No Card,100,100,1024,1386,776,1024,2,False,False,False,False,False,0,False,False,False,False,81,,47.244,,8184,,10044,,47.244,,True,3.932,3.932,3.932,3.932,3.932,3.932,3.932,3.932,3.932,3.932,3.932,3.932,0,,False,False,True,,,,,,,,,,,,,,,False,False,18.974,,95.3,,75.7,,95.3,,1591,75,10,19,7,139482.9,18597.72,,Idle,,20,,10,,,20,Go Home,False,False,False,False,False,False,False,False,False,False,False,False,33.8027920380556,-117.4659261431046,2267.5,2972.0,1049.4,396.9,True,1,1,False,False,False,False,,True,False,False,Course Lock,196.8,67,16.4,93,E,S,1.11,11.4,Calm,False,False,Android,7.0.2,M300 RTK,1ZN7L4R0H1D00F,1W9DL31001461C,1ZMLH8300204F0,1Z6PH74DAP0QN7,"Corona, CA",728.3,5.7,137.7,8.547347,2.013246,0,0,DJI Matrice 300 RTK,M300 RTK,1ZN7L4R0H1D00F,1W9DL31001461C,1ZMLH8300204F0,1Z6PH74DAP0QN7,DJI Pilot,Android,7.0.2,1EF72A62-B7C3-C88D-164E-CE6F8C8424AE,1ZN7L4R0H1D00F,1W9DL31001461C,,1ZMLH8300204F0,1W9DL31001461C,,,,,
2023-11-01,11:30:04.64 AM,5m 42.3s,342.3,33.8000437279945,-117.4726387762526,98.7,137.7,15.4,1363,2692.0,6.405621,6.94893,-1.342164,2.23694,-6.263432,1.342164,0.447388,0.894776,-2.3,-0.6,2.3,-102.3,257.7,256.3,Tripod,Other,,22,5,True,,True,False,,Smart,RC,False,True,False,,,True,,False,False,False,False,False,False,False,False,False,False,0,Follow Yaw,-77.9,0,-110.3,249.7,False,False,False,False,False,,0,0,False,False,No Card,100,100,1024,1381,778,1024,2,False,False,False,False,False,0,False,False,False,False,81,,47.244,,8184,,10044,,47.244,,True,3.938,3.938,3.938,3.938,3.938,3.938,3.938,3.938,3.938,3.938,3.938,3.938,0,,False,False,True,,,,,,,,,,,,,,,False,False,18.974,,95.3,,75.7,,95.3,,1590,76,10,19,7,140142.7,18685.69,,Idle,,20,,10,,,20,Go Home,False,False,False,False,False,False,False,False,False,False,False,False,33.8027920380556,-117.4659261431046,2268.5,2972.0,1049.4,396.9,True,1,1,False,False,False,False,,True,False,False,Course Lock,196.8,67,16.4,93,E,S,1.11,11.4,Calm,False,False,Android,7.0.2,M300 RTK,1ZN7L4R0H1D00F,1W9DL31001461C,1ZMLH8300204F0,1Z6PH74DAP0QN7,"Corona, CA",728.3,5.7,137.7,8.547347,2.013246,0,0,DJI Matrice 300 RTK,M300 RTK,1ZN7L4R0H1D00F,1W9DL31001461C,1ZMLH8300204F0,1Z6PH74DAP0QN7,DJI Pilot,Android,7.0.2,1EF72A62-B7C3-C88D-164E-CE6F8C8424AE,1ZN7L4R0H1D00F,1W9DL31001461C,,1ZMLH8300204F0,1W9DL31001461C,,,,,
2023-11-01,11:30:04.72 AM,5m 42.4s,342.4,33.8000430925631,-117.4726418291506,98.7,137.7,15.4,1363,2693.0,6.405621,6.94893,-1.342164,2.23694,-6.263432,1.342164,0.447388,0.894776,-2.2,-0.1,2.2,-102.2,257.8,255.9,Tripod,Other,,22,5,True,,True,False,,Smart,RC,False,True,False,,,True,,False,False,False,False,False,False,False,False,False,False,0,Follow Yaw,-77.9,0,-110.3,249.7,False,False,False,False,False,,0,0,False,False,No Card,100,100,1024,1385,775,1024,2,False,False,False,False,False,0,False,False,False,False,81,,47.244,,8184,,10044,,47.244,,True,3.938,3.938,3.938,3.938,3.938,3.938,3.938,3.938,3.938,3.938,3.938,3.938,0,,False,False,True,,,,,,,,,,,,,,,False,False,18.974,,95.3,,75.7,,95.3,,1590,76,10,19,7,140142.7,18685.69,,Idle,,20,,10,,,20,Go Home,False,False,False,False,False,False,False,False,False,False,False,False,33.8027920380556,-117.4659261431046,2269.4,2972.0,1049.4,396.9,True,1,1,False,False,False,False,,True,False,False,Course Lock,196.8,67,16.4,93,E,S,1.11,11.4,Calm,False,False,Android,7.0.2,M300 RTK,1ZN7L4R0H1D00F,1W9DL31001461C,1ZMLH8300204F0,1Z6PH74DAP0QN7,"Corona, CA",728.3,5.7,137.7,8.547347,2.013246,0,0,DJI Matrice 300 RTK,M300 RTK,1ZN7L4R0H1D00F,1W9DL31001461C,1ZMLH8300204F0,1Z6PH74DAP0QN7,DJI Pilot,Android,7.0.2,1EF72A62-B7C3-C88D-164E-CE6F8C8424AE,1ZN7L4R0H1D00F,1W9DL31001461C,,1ZMLH8300204F0,1W9DL31001461C,,,,,
2023-11-01,11:30:04.84 AM,5m 42.5s,342.5,33.8000425651385,-117.4726452072954,98.7,137.7,15.4,1363,2694.0,6.405621,6.94893,-1.342164,2.23694,-6.263432,1.342164,0.447388,0.894776,-2.1,0,2.1,-102.2,257.8,259.3,Tripod,Other,,22,5,True,,True,False,,Smart,RC,False,True,False,,,True,,False,False,False,False,False,False,False,False,False,False,0,Follow Yaw,-77.9,0,-110.3,249.7,False,False,False,False,False,,0,0,False,False,No Card,100,100,1024,1382,777,1024,2,False,False,False,False,False,0,False,False,False,False,81,,47.244,,8184,,10044,,47.244,,True,3.938,3.938,3.938,3.938,3.938,3.938,3.938,3.938,3.938,3.938,3.938,3.938,0,,False,False,True,,,,,,,,,,,,,,,False,False,18.974,,95.3,,75.7,,95.3,,1590,76,10,19,7,140142.7,18685.69,,Idle,,20,,10,,,20,Go Home,False,False,False,False,False,False,False,False,False,False,False,False,33.8027920380556,-117.4659261431046,2270.4,2972.0,1049.4,396.9,True,1,1,False,False,False,False,,True,False,False,Course Lock,196.8,67,16.4,93,E,S,1.11,11.4,Calm,False,False,Android,7.0.2,M300 RTK,1ZN7L4R0H1D00F,1W9DL31001461C,1ZMLH8300204F0,1Z6PH74DAP0QN7,"Corona, CA",728.3,5.7,137.7,8.547347,2.013246,0,0,DJI Matrice 300 RTK,M300 RTK,1ZN7L4R0H1D00F,1W9DL31001461C,1ZMLH8300204F0,1Z6PH74DAP0QN7,DJI Pilot,Android,7.0.2,1EF72A62-B7C3-C88D-164E-CE6F8C8424AE,1ZN7L4R0H1D00F,1W9DL31001461C,,1ZMLH8300204F0,1W9DL31001461C,,,,,
2023-11-01,11:30:04.93 AM,5m 42.6s,342.6,33.8000419850812,-117.4726481346799,98.4,137.7,15.4,1362,2694.9,6.405621,6.94893,-1.342164,2.23694,-6.263432,1.342164,0.447388,0.894776,-2,0,2,-102.2,257.8,256.5,Tripod,Other,,22,5,True,,True,False,,Smart,RC,False,True,False,,,True,,False,False,False,False,False,False,False,False,False,False,0,Follow Yaw,-77.9,0,-110.3,249.7,False,False,False,False,False,,0,0,False,False,No Card,100,100,1024,1383,777,1024,2,False,False,False,False,False,0,False,False,False,False,81,,47.244,,8184,,10044,,47.244,,True,3.938,3.938,3.938,3.938,3.938,3.938,3.938,3.938,3.938,3.938,3.938,3.938,0,,False,False,True,,,,,,,,,,,,,,,False,False,18.974,,95.3,,75.7,,95.3,,1590,76,10,19,7,140142.7,18685.69,,Idle,,20,,10,,,20,Go Home,False,False,False,False,False,False,False,False,False,False,False,False,33.8027920380556,-117.4659261431046,2271.3,2972.0,1049.4,396.9,True,1,1,False,False,False,False,,True,False,False,Course Lock,196.8,67,16.4,93,E,S,1.11,11.4,Calm,False,False,Android,7.0.2,M300 RTK,1ZN7L4R0H1D00F,1W9DL31001461C,1ZMLH8300204F0,1Z6PH74DAP0QN7,"Corona, CA",728.3,5.7,137.7,8.547347,2.013246,0,0,DJI Matrice 300 RTK,M300 RTK,1ZN7L4R0H1D00F,1W9DL31001461C,1ZMLH8300204F0,1Z6PH74DAP0QN7,DJI Pilot,Android,7.0.2,1EF72A62-B7C3-C88D-164E-CE6F8C8424AE,1ZN7L4R0H1D00F,1W9DL31001461C,,1ZMLH8300204F0,1W9DL31001461C,,,,,
2023-11-01,11:30:05.03 AM,5m 42.7s,342.7,33.8000413074338,-117.4726509576623,98.4,137.7,15.0,1362,2695.8,6.405621,6.94893,-1.342164,2.23694,-6.263432,1.342164,0.447388,0.894776,-2.1,-0.2,2.1,-102.2,257.8,253.8,Tripod,Other,,22,5,True,,True,False,,Smart,RC,False,True,False,,,True,,False,False,False,False,False,False,False,False,False,False,0,Follow Yaw,-77.9,0,-110.3,249.7,False,False,False,False,False,,0,0,False,False,No Card,100,100,1024,1383,777,1024,2,False,False,False,False,False,0,False,False,False,False,81,,47.244,,8184,,10044,,47.244,,True,3.938,3.938,3.938,3.938,3.938,3.938,3.938,3.938,3.938,3.938,3.938,3.938,0,,False,False,True,,,,,,,,,,,,,,,False,False,18.974,,95.3,,75.7,,95.3,,1590,76,10,19,7,140142.7,18685.69,,Idle,,20,,10,,,20,Go Home,False,False,False,False,False,False,False,False,False,False,False,False,33.8027920380556,-117.4659261431046,2272.2,2972.0,1049.4,396.9,True,1,1,False,False,False,False,,True,False,False,Course Lock,196.8,67,16.4,93,E,S,1.11,11.4,Calm,False,False,Android,7.0.2,M300 RTK,1ZN7L4R0H1D00F,1W9DL31001461C,1ZMLH8300204F0,1Z6PH74DAP0QN7,"Corona, CA",728.3,5.7,137.7,8.547347,2.013246,0,0,DJI Matrice 300 RTK,M300 RTK,1ZN7L4R0H1D00F,1W9DL31001461C,1ZMLH8300204F0,1Z6PH74DAP0QN7,DJI Pilot,Android,7.0.2,1EF72A62-B7C3-C88D-164E-CE6F8C8424AE,1ZN7L4R0H1D00F,1W9DL31001461C,,1ZMLH8300204F0,1W9DL31001461C,,,,,
2023-11-01,11:30:05.13 AM,5m 42.8s,342.8,33.8000406720024,-117.4726541703798,98.4,137.7,15.0,1362,2696.8,6.405621,6.94893,-1.342164,2.23694,-6.263432,1.342164,0.447388,0.894776,-2.2,-0.3,2.2,-102.2,257.8,256.6,Tripod,Other,,22,5,True,,True,False,,Smart,RC,False,True,False,,,True,,False,False,False,False,False,False,False,False,False,False,0,Follow Yaw,-77.9,0,-110.3,249.7,False,False,False,False,False,,0,0,False,False,No Card,100,100,1024,1384,780,1024,2,False,False,False,False,False,0,False,False,False,False,81,,47.244,,8184,,10044,,47.244,,True,3.938,3.938,3.938,3.938,3.938,3.938,3.938,3.938,3.938,3.938,3.938,3.938,0,,False,False,True,,,,,,,,,,,,,,,False,False,18.974,,95.3,,75.7,,95.3,,1590,76,10,19,7,140142.7,18685.69,,Idle,,20,,10,,,20,Go Home,False,False,False,False,False,False,False,False,False,False,False,False,33.8027920380556,-117.4659261431046,2273.1,2972.0,1049.4,396.9,True,1,1,False,False,False,False,,True,False,False,Course Lock,196.8,67,16.4,93,E,S,1.11,11.4,Calm,False,False,Android,7.0.2,M300 RTK,1ZN7L4R0H1D00F,1W9DL31001461C,1ZMLH8300204F0,1Z6PH74DAP0QN7,"Corona, CA",728.3,5.7,137.7,8.547347,2.013246,0,0,DJI Matrice 300 RTK,M300 RTK,1ZN7L4R0H1D00F,1W9DL31001461C,1ZMLH8300204F0,1Z6PH74DAP0QN7,DJI Pilot,Android,7.0.2,1EF72A62-B7C3-C88D-164E-CE6F8C8424AE,1ZN7L4R0H1D00F,1W9DL31001461C,,1ZMLH8300204F0,1W9DL31001461C,,,,,
2023-11-01,11:30:05.24 AM,5m 42.9s,342.9,33.800039955977,-117.4726574972306,98.4,137.7,15.0,1362,2697.9,6.405621,6.94893,-1.342164,2.23694,-6.263432,1.342164,0.447388,0.894776,-2.3,-0.4,2.3,-102.1,257.9,255.4,Tripod,Other,,22,5,True,,True,False,,Smart,RC,False,True,False,,,True,,False,False,False,False,False,False,False,False,False,False,0,Follow Yaw,-77.9,0,-110.3,249.7,False,False,False,False,False,,0,0,False,False,No Card,100,100,1024,1384,779,1024,2,False,False,False,False,False,0,False,False,False,False,82,,47.208,,4088,,4986,,47.208,,True,3.938,3.938,3.938,3.938,3.938,3.938,3.938,3.938,3.938,3.938,3.938,3.938,0,,False,False,True,,,,,,,,,,,,,,,False,False,9.46,,95.3,,75.7,,95.3,,1590,76,10,19,7,140142.7,18685.69,,Idle,,20,,10,,,20,Go Home,False,False,False,False,False,False,False,False,False,False,False,False,33.8027920380556,-117.4659261431046,2274.2,2972.0,1049.4,396.9,True,1,1,False,False,False,False,,True,False,False,Course Lock,196.8,67,16.4,93,E,S,1.34,11.4,Calm,False,False,Android,7.0.2,M300 RTK,1ZN7L4R0H1D00F,1W9DL31001461C,1ZMLH8300204F0,1Z6PH74DAP0QN7,"Corona, CA",728.3,5.7,137.7,8.547347,2.013246,0,0,DJI Matrice 300 RTK,M300 RTK,1ZN7L4R0H1D00F,1W9DL31001461C,1ZMLH8300204F0,1Z6PH74DAP0QN7,DJI Pilot,Android,7.0.2,1EF72A62-B7C3-C88D-164E-CE6F8C8424AE,1ZN7L4R0H1D00F,1W9DL31001461C,,1ZMLH8300204F0,1W9DL31001461C,,,,,
2023-11-01,11:30:05.34 AM,5m 43.0s,343.0,33.8000393523445,-117.4726605855892,98.4,137.7,15.0,1362,2698.8,6.405621,6.94893,-1.342164,2.23694,-6.263432,1.342164,0.447388,0.894776,-2.5,-0.4,2.5,-102.1,257.9,256.7,Tripod,Other,,22,5,True,,True,False,,Smart,RC,False,True,False,,,True,,False,False,False,False,False,False,False,False,False,False,0,Follow Yaw,-77.9,0,-110.3,249.7,False,False,False,False,False,,0,0,False,False,No Card,100,100,1024,1379,778,1024,2,False,False,False,False,False,0,False,False,False,False,81,,47.256,,8184,,10044,,47.256,,True,3.938,3.938,3.938,3.938,3.938,3.938,3.938,3.938,3.938,3.938,3.938,3.938,0,,False,False,True,,,,,,,,,,,,,,,False,False,19.094,,95.3,,75.7,,95.3,,1590,76,10,19,7,140142.7,18685.69,,Idle,,20,,10,,,20,Go Home,False,False,False,False,False,False,False,False,False,False,False,False,33.8027920380556,-117.4659261431046,2275.1,2972.0,1049.4,396.9,True,1,1,False,False,False,False,,True,False,False,Course Lock,196.8,67,16.4,93,E,S,1.34,11.4,Calm,False,False,Android,7.0.2,M300 RTK,1ZN7L4R0H1D00F,1W9DL31001461C,1ZMLH8300204F0,1Z6PH74DAP0QN7,"Corona, CA",728.3,5.7,137.7,8.547347,2.013246,0,0,DJI Matrice 300 RTK,M300 RTK,1ZN7L4R0H1D00F,1W9DL31001461C,1ZMLH8300204F0,1Z6PH74DAP0QN7,DJI Pilot,Android,7.0.2,1EF72A62-B7C3-C88D-164E-CE6F8C8424AE,1ZN7L4R0H1D00F,1W9DL31001461C,,1ZMLH8300204F0,1W9DL31001461C,,,,,
2023-11-01,11:30:05.44 AM,5m 43.1s,343.1,33.8000387070444,-117.4726634278686,98.0,137.7,15.0,1362,2699.7,6.405621,6.94893,-1.342164,2.23694,-6.263432,1.342164,0.447388,0.894776,-2.6,-0.6,2.6,-102,258,254.7,Tripod,Other,,22,5,True,,True,False,,Smart,RC,False,True,False,,,True,,False,False,False,False,False,False,False,False,False,False,0,Follow Yaw,-77.9,0,-110.3,249.7,False,False,False,False,False,,0,0,False,False,No Card,100,100,1024,1377,778,1024,2,False,False,False,False,False,0,False,False,False,False,81,,47.256,,8184,,10044,,47.256,,True,3.938,3.938,3.938,3.938,3.938,3.938,3.938,3.938,3.938,3.938,3.938,3.938,0,,False,False,True,,,,,,,,,,,,,,,False,False,19.094,,95.3,,75.7,,95.3,,1590,76,10,19,7,140142.7,18685.69,,Idle,,20,,10,,,20,Go Home,False,False,False,False,False,False,False,False,False,False,False,False,33.8027920380556,-117.4659261431046,2276.0,2972.0,1049.4,396.9,True,1,1,False,False,False,False,,True,False,False,Course Lock,196.8,67,16.4,93,E,S,1.34,11.4,Calm,False,False,Android,7.0.2,M300 RTK,1ZN7L4R0H1D00F,1W9DL31001461C,1ZMLH8300204F0,1Z6PH74DAP0QN7,"Corona, CA",728.3,5.7,137.7,8.547347,2.013246,0,0,DJI Matrice 300 RTK,M300 RTK,1ZN7L4R0H1D00F,1W9DL31001461C,1ZMLH8300204F0,1Z6PH74DAP0QN7,DJI Pilot,Android,7.0.2,1EF72A62-B7C3-C88D-164E-CE6F8C8424AE,1ZN7L4R0H1D00F,1W9DL31001461C,,1ZMLH8300204F0,1W9DL31001461C,,,,,
2023-11-01,11:30:05.55 AM,5m 43.2s,343.2,33.8000381088946,-117.4726665226595,98.0,137.7,15.0,1362,2700.7,6.405621,6.94893,-1.342164,2.23694,-6.263432,1.342164,0.447388,0.894776,-2.4,-0.7,2.5,-102,258,256.9,Tripod,Other,,22,5,True,,True,False,,Smart,RC,False,True,False,,,True,,False,False,False,False,False,False,False,False,False,False,0,Follow Yaw,-77.9,0,-110.3,249.7,False,False,False,False,False,,0,0,False,False,No Card,100,100,1024,1378,778,1024,2,False,False,False,False,False,0,False,False,False,False,81,,47.256,,8184,,10044,,47.256,,True,3.938,3.938,3.938,3.938,3.938,3.938,3.938,3.938,3.938,3.938,3.938,3.938,0,,False,False,True,,,,,,,,,,,,,,,False,False,19.094,,95.3,,75.7,,95.3,,1590,76,10,19,7,140142.7,18685.69,,Idle,,20,,10,,,20,Go Home,False,False,False,False,False,False,False,False,False,False,False,False,33.8027920380556,-117.4659261431046,2276.9,2972.0,1049.4,396.9,True,1,1,False,False,False,False,,True,False,False,Course Lock,196.8,67,16.4,93,E,S,1.34,11.4,Calm,False,False,Android,7.0.2,M300 RTK,1ZN7L4R0H1D00F,1W9DL31001461C,1ZMLH8300204F0,1Z6PH74DAP0QN7,"Corona, CA",728.3,5.7,137.7,8.547347,2.013246,0,0,DJI Matrice 300 RTK,M300 RTK,1ZN7L4R0H1D00F,1W9DL31001461C,1ZMLH8300204F0,1Z6PH74DAP0QN7,DJI Pilot,Android,7.0.2,1EF72A62-B7C3-C88D-164E-CE6F8C8424AE,1ZN7L4R0H1D00F,1W9DL31001461C,,1ZMLH8300204F0,1W9DL31001461C,,,,,
2023-11-01,11:30:05.65 AM,5m 43.3s,343.3,33.8000375743427,-117.4726695483438,98.0,137.7,15.0,1362,2701.6,6.405621,6.94893,-1.342164,2.23694,-6.263432,1.342164,0.447388,0.894776,-2.2,-0.9,2.3,-102,258,257.9,Tripod,Other,,22,5,True,,True,False,,Smart,RC,False,True,False,,,True,,False,False,False,False,False,False,False,False,False,False,0,Follow Yaw,-77.9,0,-110.3,249.7,False,False,False,False,False,,0,0,False,False,No Card,100,100,1024,1378,779,1024,2,False,False,False,False,False,0,False,False,False,False,81,,47.256,,8184,,10044,,47.256,,True,3.937,3.937,3.937,3.937,3.937,3.937,3.937,3.937,3.937,3.937,3.937,3.937,0,,False,False,True,,,,,,,,,,,,,,,False,False,19.094,,95.3,,75.7,,95.3,,1588,76,9,19,7,140790.4,18772.05,,Idle,,20,,10,,,20,Go Home,False,False,False,False,False,False,False,False,False,False,False,False,33.8027920380556,-117.4659261431046,2277.8,2972.0,1049.4,396.9,True,1,1,False,False,False,False,,True,False,False,Course Lock,196.8,67,16.4,93,E,S,1.34,11.4,Calm,False,False,Android,7.0.2,M300 RTK,1ZN7L4R0H1D00F,1W9DL31001461C,1ZMLH8300204F0,1Z6PH74DAP0QN7,"Corona, CA",728.3,5.7,137.7,8.547347,2.013246,0,0,DJI Matrice 300 RTK,M300 RTK,1ZN7L4R0H1D00F,1W9DL31001461C,1ZMLH8300204F0,1Z6PH74DAP0QN7,DJI Pilot,Android,7.0.2,1EF72A62-B7C3-C88D-164E-CE6F8C8424AE,1ZN7L4R0H1D00F,1W9DL31001461C,,1ZMLH8300204F0,1W9DL31001461C,,,,,
2023-11-01,11:30:05.76 AM,5m 43.4s,343.4,33.8000369833202,-117.4726726378568,98.0,137.7,15.0,1362,2702.6,6.405621,6.94893,-1.342164,2.23694,-6.263432,1.342164,0.447388,0.894776,-2.2,-1,2.4,-102.1,257.9,257.0,Tripod,Other,,22,5,True,,True,False,,Smart,RC,False,True,False,,,True,,False,False,False,False,False,False,False,False,False,False,0,Follow Yaw,-77.9,0,-110.3,249.7,False,False,False,False,False,,0,0,False,False,No Card,100,100,1024,1378,778,1024,2,False,False,False,False,False,0,False,False,False,False,81,,47.256,,8184,,10044,,47.256,,True,3.937,3.937,3.937,3.937,3.937,3.937,3.937,3.937,3.937,3.937,3.937,3.937,0,,False,False,True,,,,,,,,,,,,,,,False,False,19.094,,95.3,,75.7,,95.3,,1588,76,9,19,7,140790.4,18772.05,,Idle,,20,,10,,,20,Go Home,False,False,False,False,False,False,False,False,False,False,False,False,33.8027920380556,-117.4659261431046,2278.8,2972.0,1049.4,396.9,True,1,1,False,False,False,False,,True,False,False,Course Lock,196.8,67,16.4,93,E,S,1.34,11.4,Calm,False,False,Android,7.0.2,M300 RTK,1ZN7L4R0H1D00F,1W9DL31001461C,1ZMLH8300204F0,1Z6PH74DAP0QN7,"Corona, CA",728.3,5.7,137.7,8.547347,2.013246,0,0,DJI Matrice 300 RTK,M300 RTK,1ZN7L4R0H1D00F,1W9DL31001461C,1ZMLH8300204F0,1Z6PH74DAP0QN7,DJI Pilot,Android,7.0.2,1EF72A62-B7C3-C88D-164E-CE6F8C8424AE,1ZN7L4R0H1D00F,1W9DL31001461C,,1ZMLH8300204F0,1W9DL31001461C,,,,,
2023-11-01,11:30:05.86 AM,5m 43.5s,343.5,33.8000364443822,-117.4726755594688,98.0,137.7,15.0,1362,2703.5,6.405621,6.94893,-1.342164,2.23694,-6.263432,1.342164,0.447388,0.894776,-2.3,-1,2.5,-102.1,257.9,257.4,Tripod,Other,,22,5,True,,True,False,,Smart,RC,False,True,False,,,True,,False,False,False,False,False,False,False,False,False,False,0,Follow Yaw,-77.9,0,-110.3,249.7,False,False,False,False,False,,0,0,False,False,No Card,100,100,1024,1378,778,1024,2,False,False,False,False,False,0,False,False,False,False,81,,47.256,,8184,,10044,,47.256,,True,3.937,3.937,3.937,3.937,3.937,3.937,3.937,3.937,3.937,3.937,3.937,3.937,0,,False,False,True,,,,,,,,,,,,,,,False,False,19.094,,95.3,,75.7,,95.3,,1588,76,9,19,7,140790.4,18772.05,,Idle,,20,,10,,,20,Go Home,False,False,False,False,False,False,False,False,False,False,False,False,33.8027920380556,-117.4659261431046,2279.6,2972.0,1049.4,396.9,True,1,1,False,False,False,False,,True,False,False,Course Lock,196.8,67,16.4,93,E,S,1.34,11.4,Calm,False,False,Android,7.0.2,M300 RTK,1ZN7L4R0H1D00F,1W9DL31001461C,1ZMLH8300204F0,1Z6PH74DAP0QN7,"Corona, CA",728.3,5.7,137.7,8.547347,2.013246,0,0,DJI Matrice 300 RTK,M300 RTK,1ZN7L4R0H1D00F,1W9DL31001461C,1ZMLH8300204F0,1Z6PH74DAP0QN7,DJI Pilot,Android,7.0.2,1EF72A62-B7C3-C88D-164E-CE6F8C8424AE,1ZN7L4R0H1D00F,1W9DL31001461C,,1ZMLH8300204F0,1W9DL31001461C,,,,,
2023-11-01,11:30:05.96 AM,5m 43.6s,343.6,33.8000358533597,-117.4726786300146,97.7,137.7,15.0,1362,2704.5,6.405621,6.94893,-1.342164,2.23694,-6.263432,1.342164,0.447388,0.894776,-2.5,-0.9,2.6,-102.1,257.9,256.9,Tripod,Other,,22,5,True,,True,False,,Smart,RC,False,True,False,,,True,,False,False,False,False,False,False,False,False,False,False,0,Follow Yaw,-77.9,0,-110.3,249.7,False,False,False,False,False,,0,0,False,False,No Card,100,100,1024,1379,779,1024,2,False,False,False,False,False,0,False,False,False,False,81,,47.256,,8184,,10044,,47.256,,True,3.937,3.937,3.937,3.937,3.937,3.937,3.937,3.937,3.937,3.937,3.937,3.937,0,,False,False,True,,,,,,,,,,,,,,,False,False,19.094,,95.3,,75.7,,95.3,,1588,76,9,19,7,140790.4,18772.05,,Idle,,20,,10,,,20,Go Home,False,False,False,False,False,False,False,False,False,False,False,False,33.8027920380556,-117.4659261431046,2280.6,2972.0,1049.4,396.9,True,1,1,False,False,False,False,,True,False,False,Course Lock,196.8,67,16.4,93,E,S,1.34,11.4,Calm,False,False,Android,7.0.2,M300 RTK,1ZN7L4R0H1D00F,1W9DL31001461C,1ZMLH8300204F0,1Z6PH74DAP0QN7,"Corona, CA",728.3,5.7,137.7,8.547347,2.013246,0,0,DJI Matrice 300 RTK,M300 RTK,1ZN7L4R0H1D00F,1W9DL31001461C,1ZMLH8300204F0,1Z6PH74DAP0QN7,DJI Pilot,Android,7.0.2,1EF72A62-B7C3-C88D-164E-CE6F8C8424AE,1ZN7L4R0H1D00F,1W9DL31001461C,,1ZMLH8300204F0,1W9DL31001461C,,,,,
2023-11-01,11:30:06.06 AM,5m 43.7s,343.7,33.800035382954,-117.4726817784086,97.7,137.7,15.0,1362,2705.4,6.405621,6.94893,-1.342164,2.23694,-6.263432,1.342164,0.447388,0.894776,-2.6,-0.7,2.6,-102.1,257.9,259.8,Tripod,Other,,22,5,True,,True,False,,Smart,RC,False,True,False,,,True,,False,False,False,False,False,False,False,False,False,False,0,Follow Yaw,-77.9,0,-110.3,249.7,False,False,False,False,False,,0,0,False,False,No Card,100,100,1024,1381,779,1024,2,False,False,False,False,False,0,False,False,False,False,81,,47.256,,8184,,10044,,47.256,,True,3.937,3.937,3.937,3.937,3.937,3.937,3.937,3.937,3.937,3.937,3.937,3.937,0,,False,False,True,,,,,,,,,,,,,,,False,False,19.094,,95.3,,75.7,,95.3,,1588,76,9,19,7,140790.4,18772.05,,Idle,,20,,10,,,20,Go Home,False,False,False,False,False,False,False,False,False,False,False,False,33.8027920380556,-117.4659261431046,2281.5,2972.0,1049.4,396.9,True,1,1,False,False,False,False,,True,False,False,Course Lock,196.8,67,16.4,93,E,S,1.34,11.4,Calm,False,False,Android,7.0.2,M300 RTK,1ZN7L4R0H1D00F,1W9DL31001461C,1ZMLH8300204F0,1Z6PH74DAP0QN7,"Corona, CA",728.3,5.7,137.7,8.547347,2.013246,0,0,DJI Matrice 300 RTK,M300 RTK,1ZN7L4R0H1D00F,1W9DL31001461C,1ZMLH8300204F0,1Z6PH74DAP0QN7,DJI Pilot,Android,7.0.2,1EF72A62-B7C3-C88D-164E-CE6F8C8424AE,1ZN7L4R0H1D00F,1W9DL31001461C,,1ZMLH8300204F0,1W9DL31001461C,,,,,
2023-11-01,11:30:06.17 AM,5m 43.8s,343.8,33.8000347727424,-117.4726850224632,97.7,137.7,15.0,1362,2706.4,6.405621,6.94893,-1.342164,2.23694,-6.263432,1.342164,0.447388,0.894776,-2.6,-0.5,2.6,-102,258,257.2,Tripod,Other,,22,5,True,,True,False,,Smart,RC,False,True,False,,,True,,False,False,False,False,False,False,False,False,False,False,0,Follow Yaw,-77.9,0,-110.3,249.7,False,False,False,False,False,,0,0,False,False,No Card,100,100,1024,1381,779,1024,2,False,False,False,False,False,0,False,False,False,False,81,,47.256,,8184,,10044,,47.256,,True,3.937,3.937,3.937,3.937,3.937,3.937,3.937,3.937,3.937,3.937,3.937,3.937,0,,False,False,True,,,,,,,,,,,,,,,False,False,19.094,,95.3,,75.7,,95.3,,1588,76,9,19,7,140790.4,18772.05,,Idle,,20,,10,,,20,Go Home,False,False,False,False,False,False,False,False,False,False,False,False,33.8027920380556,-117.4659261431046,2282.5,2972.0,1049.4,396.9,True,1,1,False,False,False,False,,True,False,False,Course Lock,196.8,67,16.4,93,E,S,1.34,11.4,Calm,False,False,Android,7.0.2,M300 RTK,1ZN7L4R0H1D00F,1W9DL31001461C,1ZMLH8300204F0,1Z6PH74DAP0QN7,"Corona, CA",728.3,5.7,137.7,8.547347,2.013246,0,0,DJI Matrice 300 RTK,M300 RTK,1ZN7L4R0H1D00F,1W9DL31001461C,1ZMLH8300204F0,1Z6PH74DAP0QN7,DJI Pilot,Android,7.0.2,1EF72A62-B7C3-C88D-164E-CE6F8C8424AE,1ZN7L4R0H1D00F,1W9DL31001461C,,1ZMLH8300204F0,1W9DL31001461C,,,,,
2023-11-01,11:30:06.27 AM,5m 43.9s,343.9,33.8000342206463,-117.4726884182557,97.7,137.7,15.0,1362,2707.5,6.405621,6.94893,-1.342164,2.23694,-6.263432,1.342164,0.447388,0.894776,-2.5,-0.6,2.5,-102.1,257.9,258.9,Tripod,Other,,22,5,True,,True,False,,Smart,RC,False,True,False,,,True,,False,False,False,False,False,False,False,False,False,False,0,Follow Yaw,-77.9,0,-110.3,249.7,False,False,False,False,False,,0,0,False,False,No Card,100,100,1024,1380,783,1024,2,False,False,False,False,False,0,False,False,False,False,81,,47.256,,8184,,10044,,47.256,,True,3.937,3.937,3.937,3.937,3.937,3.937,3.937,3.937,3.937,3.937,3.937,3.937,0,,False,False,True,,,,,,,,,,,,,,,False,False,19.094,,95.3,,75.7,,95.3,,1588,76,9,19,7,140790.4,18772.05,,Idle,,20,,10,,,20,Go Home,False,False,False,False,False,False,False,False,False,False,False,False,33.8027920380556,-117.4659261431046,2283.5,2972.0,1049.4,396.9,True,1,1,False,False,False,False,,True,False,False,Course Lock,196.8,67,16.4,93,E,S,1.34,11.4,Calm,False,False,Android,7.0.2,M300 RTK,1ZN7L4R0H1D00F,1W9DL31001461C,1ZMLH8300204F0,1Z6PH74DAP0QN7,"Corona, CA",728.3,5.7,137.7,8.547347,2.013246,0,0,DJI Matrice 300 RTK,M300 RTK,1ZN7L4R0H1D00F,1W9DL31001461C,1ZMLH8300204F0,1Z6PH74DAP0QN7,DJI Pilot,Android,7.0.2,1EF72A62-B7C3-C88D-164E-CE6F8C8424AE,1ZN7L4R0H1D00F,1W9DL31001461C,,1ZMLH8300204F0,1W9DL31001461C,,,,,
2023-11-01,11:30:06.37 AM,5m 44.0s,344.0,33.8000336394924,-117.4726915453734,97.4,137.7,15.0,1361,2708.5,6.405621,6.94893,-1.342164,2.23694,-6.263432,1.342164,0.447388,0.894776,-2.4,-0.7,2.5,-102.1,257.9,257.3,Tripod,Other,,22,5,True,,True,False,,Smart,RC,False,True,False,,,True,,False,False,False,False,False,False,False,False,False,False,0,Follow Yaw,-77.9,0,-110.3,249.7,False,False,False,False,False,,0,0,False,False,No Card,100,100,1024,1379,783,1024,2,False,False,False,False,False,0,False,False,False,False,81,,47.256,,8184,,10044,,47.256,,True,3.937,3.937,3.937,3.937,3.937,3.937,3.937,3.937,3.937,3.937,3.937,3.937,0,,False,False,True,,,,,,,,,,,,,,,False,False,18.746,,95.3,,75.7,,95.3,,1588,76,9,19,7,140790.4,18772.05,,Idle,,20,,10,,,20,Go Home,False,False,False,False,False,False,False,False,False,False,False,False,33.8027920380556,-117.4659261431046,2284.4,2972.0,1049.4,396.9,True,1,1,False,False,False,False,,True,False,False,Course Lock,196.8,67,16.4,93,E,S,1.34,11.4,Calm,False,False,Android,7.0.2,M300 RTK,1ZN7L4R0H1D00F,1W9DL31001461C,1ZMLH8300204F0,1Z6PH74DAP0QN7,"Corona, CA",728.3,5.7,137.7,8.547347,2.013246,0,0,DJI Matrice 300 RTK,M300 RTK,1ZN7L4R0H1D00F,1W9DL31001461C,1ZMLH8300204F0,1Z6PH74DAP0QN7,DJI Pilot,Android,7.0.2,1EF72A62-B7C3-C88D-164E-CE6F8C8424AE,1ZN7L4R0H1D00F,1W9DL31001461C,,1ZMLH8300204F0,1W9DL31001461C,,,,,
2023-11-01,11:30:06.47 AM,5m 44.1s,344.1,33.8000331614111,-117.4726946756247,97.4,137.7,15.0,1361,2709.4,6.405621,6.94893,-1.342164,2.23694,-6.263432,1.342164,0.447388,0.894776,-2.4,-0.9,2.5,-102.1,257.9,259.5,Tripod,Other,,22,5,True,,True,False,,Smart,RC,False,True,False,,,True,,False,False,False,False,False,False,False,False,False,False,0,Follow Yaw,-77.9,0,-110.3,249.7,False,False,False,False,False,,0,0,False,False,No Card,100,100,1024,1379,783,1024,2,False,False,False,False,False,0,False,False,False,False,81,,47.256,,8184,,10044,,47.256,,True,3.937,3.937,3.937,3.937,3.937,3.937,3.937,3.937,3.937,3.937,3.937,3.937,0,,False,False,True,,,,,,,,,,,,,,,False,False,18.746,,95.3,,75.7,,95.3,,1588,76,9,19,7,140790.4,18772.05,,Idle,,20,,10,,,20,Go Home,False,False,False,False,False,False,False,False,False,False,False,False,33.8027920380556,-117.4659261431046,2285.4,2972.0,1049.4,396.9,True,1,1,False,False,False,False,,True,False,False,Course Lock,196.8,67,16.4,93,E,S,1.34,11.4,Calm,False,False,Android,7.0.2,M300 RTK,1ZN7L4R0H1D00F,1W9DL31001461C,1ZMLH8300204F0,1Z6PH74DAP0QN7,"Corona, CA",728.3,5.7,137.7,8.547347,2.013246,0,0,DJI Matrice 300 RTK,M300 RTK,1ZN7L4R0H1D00F,1W9DL31001461C,1ZMLH8300204F0,1Z6PH74DAP0QN7,DJI Pilot,Android,7.0.2,1EF72A62-B7C3-C88D-164E-CE6F8C8424AE,1ZN7L4R0H1D00F,1W9DL31001461C,,1ZMLH8300204F0,1W9DL31001461C,,,,,
2023-11-01,11:30:06.57 AM,5m 44.2s,344.2,33.8000326197318,-117.4726976534786,97.4,137.7,15.0,1361,2710.3,6.405621,6.94893,-1.342164,2.23694,-6.263432,1.342164,0.447388,0.894776,-2.4,-0.9,2.5,-102.1,257.9,257.6,Tripod,Other,,22,5,True,,True,False,,Smart,RC,False,True,False,,,True,,False,False,False,False,False,False,False,False,False,False,0,Follow Yaw,-77.9,0,-110.3,249.7,False,False,False,False,False,,0,0,False,False,No Card,100,100,1024,1378,783,1024,2,False,False,False,False,False,0,False,False,False,False,81,,47.256,,8184,,10044,,47.256,,True,3.937,3.937,3.937,3.937,3.937,3.937,3.937,3.937,3.937,3.937,3.937,3.937,0,,False,False,True,,,,,,,,,,,,,,,False,False,18.746,,95.3,,75.7,,95.3,,1588,76,9,19,7,140790.4,18772.05,,Idle,,20,,10,,,20,Go Home,False,False,False,False,False,False,False,False,False,False,False,False,33.8027920380556,-117.4659261431046,2286.3,2972.0,1049.4,396.9,True,1,1,False,False,False,False,,True,False,False,Course Lock,196.8,67,16.4,93,E,S,1.34,11.4,Calm,False,False,Android,7.0.2,M300 RTK,1ZN7L4R0H1D00F,1W9DL31001461C,1ZMLH8300204F0,1Z6PH74DAP0QN7,"Corona, CA",728.3,5.7,137.7,8.547347,2.013246,0,0,DJI Matrice 300 RTK,M300 RTK,1ZN7L4R0H1D00F,1W9DL31001461C,1ZMLH8300204F0,1Z6PH74DAP0QN7,DJI Pilot,Android,7.0.2,1EF72A62-B7C3-C88D-164E-CE6F8C8424AE,1ZN7L4R0H1D00F,1W9DL31001461C,,1ZMLH8300204F0,1W9DL31001461C,,,,,
2023-11-01,11:30:06.64 AM,5m 44.3s,344.3,33.800031970594,-117.4727005854812,97.4,137.7,14.7,1361,2711.3,6.405621,6.94893,-1.342164,2.23694,-6.263432,1.342164,0.447388,0.894776,-2.4,-0.8,2.5,-102.1,257.9,255.0,Tripod,Other,,22,5,True,,True,False,,Smart,RC,False,True,False,,,True,,False,False,False,False,False,False,False,False,False,False,0,Follow Yaw,-77.9,0,-110.3,249.7,False,False,False,False,False,,0,0,False,False,No Card,100,100,1024,1378,784,1024,2,False,False,False,False,False,0,False,False,False,False,81,,47.256,,8184,,10044,,47.256,,True,3.941,3.941,3.941,3.941,3.941,3.941,3.941,3.941,3.941,3.941,3.941,3.941,0,,False,False,True,,,,,,,,,,,,,,,False,False,18.746,,95.3,,75.7,,95.3,,1585,76,9,19,7,141329.3,18843.91,,Idle,,20,,10,,,20,Go Home,False,False,False,False,False,False,False,False,False,False,False,False,33.8027920380556,-117.4659261431046,2287.2,2972.0,1049.4,396.9,True,1,1,False,False,False,False,,True,False,False,Course Lock,196.8,67,16.4,93,E,S,1.34,11.4,Calm,False,False,Android,7.0.2,M300 RTK,1ZN7L4R0H1D00F,1W9DL31001461C,1ZMLH8300204F0,1Z6PH74DAP0QN7,"Corona, CA",728.3,5.7,137.7,8.547347,2.013246,0,0,DJI Matrice 300 RTK,M300 RTK,1ZN7L4R0H1D00F,1W9DL31001461C,1ZMLH8300204F0,1Z6PH74DAP0QN7,DJI Pilot,Android,7.0.2,1EF72A62-B7C3-C88D-164E-CE6F8C8424AE,1ZN7L4R0H1D00F,1W9DL31001461C,,1ZMLH8300204F0,1W9DL31001461C,,,,,
2023-11-01,11:30:06.74 AM,5m 44.4s,344.4,33.8000313894401,-117.4727037114444,97.1,137.7,15.0,1361,2712.2,6.405621,6.94893,-1.342164,2.23694,-6.263432,1.342164,0.447388,0.894776,-2.3,-0.8,2.4,-102.1,257.9,257.3,Tripod,Other,,22,5,True,,True,False,,Smart,RC,False,True,False,,,True,,False,False,False,False,False,False,False,False,False,False,0,Follow Yaw,-77.9,0,-110.3,249.7,False,False,False,False,False,,0,0,False,False,No Card,100,100,1024,1377,781,1024,2,False,False,False,False,False,0,False,False,False,False,81,,47.256,,8184,,10044,,47.256,,True,3.941,3.941,3.941,3.941,3.941,3.941,3.941,3.941,3.941,3.941,3.941,3.941,0,,False,False,True,,,,,,,,,,,,,,,False,False,18.746,,95.3,,75.7,,95.3,,1585,76,9,19,7,141329.3,18843.91,,Idle,,20,,10,,,20,Go Home,False,False,False,False,False,False,False,False,False,False,False,False,33.8027920380556,-117.4659261431046,2288.1,2972.0,1049.4,396.9,True,1,1,False,False,False,False,,True,False,False,Course Lock,196.8,67,16.4,93,E,S,1.34,11.4,Calm,False,False,Android,7.0.2,M300 RTK,1ZN7L4R0H1D00F,1W9DL31001461C,1ZMLH8300204F0,1Z6PH74DAP0QN7,"Corona, CA",728.3,5.7,137.7,8.547347,2.013246,0,0,DJI Matrice 300 RTK,M300 RTK,1ZN7L4R0H1D00F,1W9DL31001461C,1ZMLH8300204F0,1Z6PH74DAP0QN7,DJI Pilot,Android,7.0.2,1EF72A62-B7C3-C88D-164E-CE6F8C8424AE,1ZN7L4R0H1D00F,1W9DL31001461C,,1ZMLH8300204F0,1W9DL31001461C,,,,,
2023-11-01,11:30:06.84 AM,5m 44.5s,344.5,33.8000308932663,-117.472706868085,97.1,137.7,14.7,1361,2713.2,6.405621,6.94893,-1.342164,2.23694,-6.263432,1.342164,0.447388,0.894776,-2.2,-0.8,2.3,-102.1,257.9,259.2,Tripod,Other,,22,5,True,,True,False,,Smart,RC,False,True,False,,,True,,False,False,False,False,False,False,False,False,False,False,0,Follow Yaw,-77.9,0,-110.3,249.7,False,False,False,False,False,,0,0,False,False,No Card,100,100,1024,1376,781,1024,2,False,False,False,False,False,0,False,False,False,False,81,,47.256,,8184,,10044,,47.256,,True,3.941,3.941,3.941,3.941,3.941,3.941,3.941,3.941,3.941,3.941,3.941,3.941,0,,False,False,True,,,,,,,,,,,,,,,False,False,18.746,,95.3,,75.7,,95.3,,1585,76,9,19,7,141329.3,18843.91,,Idle,,20,,10,,,20,Go Home,False,False,False,False,False,False,False,False,False,False,False,False,33.8027920380556,-117.4659261431046,2289.1,2972.0,1049.4,396.9,True,1,1,False,False,False,False,,True,False,False,Course Lock,196.8,67,16.4,93,E,S,1.34,11.4,Calm,False,False,Android,7.0.2,M300 RTK,1ZN7L4R0H1D00F,1W9DL31001461C,1ZMLH8300204F0,1Z6PH74DAP0QN7,"Corona, CA",728.3,5.7,137.7,8.547347,2.013246,0,0,DJI Matrice 300 RTK,M300 RTK,1ZN7L4R0H1D00F,1W9DL31001461C,1ZMLH8300204F0,1Z6PH74DAP0QN7,DJI Pilot,Android,7.0.2,1EF72A62-B7C3-C88D-164E-CE6F8C8424AE,1ZN7L4R0H1D00F,1W9DL31001461C,,1ZMLH8300204F0,1W9DL31001461C,,,,,
2023-11-01,11:30:06.94 AM,5m 44.6s,344.6,33.8000303406218,-117.4727098348884,97.1,137.7,14.7,1361,2714.1,6.405621,6.94893,-1.342164,2.23694,-6.263432,1.342164,0.447388,0.894776,-2.2,-0.8,2.3,-102.2,257.8,257.3,Tripod,Other,,22,5,True,,True,False,,Smart,RC,False,True,False,,,True,,False,False,False,False,False,False,False,False,False,False,0,Follow Yaw,-77.9,0,-110.3,249.7,False,False,False,False,False,,0,0,False,False,No Card,100,100,1024,1375,783,1024,2,False,False,False,False,False,0,False,False,False,False,81,,47.256,,8184,,10044,,47.256,,True,3.941,3.941,3.941,3.941,3.941,3.941,3.941,3.941,3.941,3.941,3.941,3.941,0,,False,False,True,,,,,,,,,,,,,,,False,False,18.746,,95.3,,75.7,,95.3,,1585,76,9,19,7,141329.3,18843.91,,Idle,,20,,10,,,20,Go Home,False,False,False,False,False,False,False,False,False,False,False,False,33.8027920380556,-117.4659261431046,2290.0,2972.0,1049.4,396.9,True,1,1,False,False,False,False,,True,False,False,Course Lock,196.8,67,16.4,93,E,S,1.34,11.4,Calm,False,False,Android,7.0.2,M300 RTK,1ZN7L4R0H1D00F,1W9DL31001461C,1ZMLH8300204F0,1Z6PH74DAP0QN7,"Corona, CA",728.3,5.7,137.7,8.547347,2.013246,0,0,DJI Matrice 300 RTK,M300 RTK,1ZN7L4R0H1D00F,1W9DL31001461C,1ZMLH8300204F0,1Z6PH74DAP0QN7,DJI Pilot,Android,7.0.2,1EF72A62-B7C3-C88D-164E-CE6F8C8424AE,1ZN7L4R0H1D00F,1W9DL31001461C,,1ZMLH8300204F0,1W9DL31001461C,,,,,
2023-11-01,11:30:07.04 AM,5m 44.7s,344.7,33.8000298301933,-117.4727127729935,97.1,137.7,14.7,1361,2715.0,6.405621,6.94893,-1.342164,2.23694,-6.263432,1.342164,0.447388,0.894776,-2.1,-0.6,2.1,-102.1,257.9,258.1,Tripod,Other,,22,5,True,,True,False,,Smart,RC,False,True,False,,,True,,False,False,False,False,False,False,False,False,False,False,0,Follow Yaw,-77.9,0,-110.3,249.7,False,False,False,False,False,,0,0,False,False,No Card,100,100,1024,1376,782,1024,2,False,False,False,False,False,0,False,False,False,False,82,,47.232,,4088,,4986,,47.232,,True,3.941,3.941,3.941,3.941,3.941,3.941,3.941,3.941,3.941,3.941,3.941,3.941,0,,False,False,True,,,,,,,,,,,,,,,False,False,9.302,,95.5,,75.7,,95.5,,1585,76,9,19,7,141329.3,18843.91,,Idle,,20,,10,,,20,Go Home,False,False,False,False,False,False,False,False,False,False,False,False,33.8027920380556,-117.4659261431046,2290.8,2972.0,1049.4,396.9,True,1,1,False,False,False,False,,True,False,False,Course Lock,196.8,67,16.4,93,E,S,1.34,11.4,Calm,False,False,Android,7.0.2,M300 RTK,1ZN7L4R0H1D00F,1W9DL31001461C,1ZMLH8300204F0,1Z6PH74DAP0QN7,"Corona, CA",728.3,5.7,137.7,8.547347,2.013246,0,0,DJI Matrice 300 RTK,M300 RTK,1ZN7L4R0H1D00F,1W9DL31001461C,1ZMLH8300204F0,1Z6PH74DAP0QN7,DJI Pilot,Android,7.0.2,1EF72A62-B7C3-C88D-164E-CE6F8C8424AE,1ZN7L4R0H1D00F,1W9DL31001461C,,1ZMLH8300204F0,1W9DL31001461C,,,,,
2023-11-01,11:30:07.14 AM,5m 44.8s,344.8,33.8000292600046,-117.4727158836179,97.1,137.7,14.7,1361,2716.0,6.405621,6.94893,-1.342164,2.23694,-6.263432,1.342164,0.447388,0.894776,-2.1,-0.6,2.1,-102.2,257.8,257.5,Tripod,Other,,22,5,True,,True,False,,Smart,RC,False,True,False,,,True,,False,False,False,False,False,False,False,False,False,False,0,Follow Yaw,-77.9,0,-110.3,249.7,False,False,False,False,False,,0,0,False,False,No Card,100,100,1024,1376,782,1024,2,False,False,False,False,False,0,False,False,False,False,82,,47.232,,4088,,4986,,47.232,,True,3.941,3.941,3.941,3.941,3.941,3.941,3.941,3.941,3.941,3.941,3.941,3.941,0,,False,False,True,,,,,,,,,,,,,,,False,False,9.302,,95.5,,75.7,,95.5,,1585,76,9,19,7,141329.3,18843.91,,Idle,,20,,10,,,20,Go Home,False,False,False,False,False,False,False,False,False,False,False,False,33.8027920380556,-117.4659261431046,2291.8,2972.0,1049.4,396.9,True,1,1,False,False,False,False,,True,False,False,Course Lock,196.8,67,16.4,93,E,S,1.34,11.4,Calm,False,False,Android,7.0.2,M300 RTK,1ZN7L4R0H1D00F,1W9DL31001461C,1ZMLH8300204F0,1Z6PH74DAP0QN7,"Corona, CA",728.3,5.7,137.7,8.547347,2.013246,0,0,DJI Matrice 300 RTK,M300 RTK,1ZN7L4R0H1D00F,1W9DL31001461C,1ZMLH8300204F0,1Z6PH74DAP0QN7,DJI Pilot,Android,7.0.2,1EF72A62-B7C3-C88D-164E-CE6F8C8424AE,1ZN7L4R0H1D00F,1W9DL31001461C,,1ZMLH8300204F0,1W9DL31001461C,,,,,
2023-11-01,11:30:07.24 AM,5m 44.9s,344.9,33.8000283964977,-117.4727192983776,96.7,137.7,14.7,1361,2717.1,6.405621,6.94893,-1.342164,2.23694,-6.263432,1.342164,0.447388,0.894776,-2.1,-0.8,2.2,-102.2,257.8,253.0,Tripod,Other,,22,5,True,,True,False,,Smart,RC,False,True,False,,,True,,False,False,False,False,False,False,False,False,False,False,0,Follow Yaw,-77.9,0,-110.3,249.7,False,False,False,False,False,,0,0,False,False,No Card,100,100,1024,1374,783,1024,2,False,False,False,False,False,0,False,False,False,False,82,,47.232,,4088,,4986,,47.232,,True,3.941,3.941,3.941,3.941,3.941,3.941,3.941,3.941,3.941,3.941,3.941,3.941,0,,False,False,True,,,,,,,,,,,,,,,False,False,9.302,,95.5,,75.7,,95.5,,1585,76,9,19,7,141329.3,18843.91,,Idle,,20,,10,,,20,Go Home,False,False,False,False,False,False,False,False,False,False,False,False,33.8027920380556,-117.4659261431046,2292.8,2972.0,1049.4,396.9,True,1,1,False,False,False,False,,True,False,False,Course Lock,196.8,67,16.4,93,E,S,1.34,11.4,Calm,False,False,Android,7.0.2,M300 RTK,1ZN7L4R0H1D00F,1W9DL31001461C,1ZMLH8300204F0,1Z6PH74DAP0QN7,"Corona, CA",728.3,5.7,137.7,8.547347,2.013246,0,0,DJI Matrice 300 RTK,M300 RTK,1ZN7L4R0H1D00F,1W9DL31001461C,1ZMLH8300204F0,1Z6PH74DAP0QN7,DJI Pilot,Android,7.0.2,1EF72A62-B7C3-C88D-164E-CE6F8C8424AE,1ZN7L4R0H1D00F,1W9DL31001461C,,1ZMLH8300204F0,1W9DL31001461C,,,,,
2023-11-01,11:30:07.34 AM,5m 45.0s,345.0,33.8000278235677,-117.4727222734276,96.7,137.7,14.7,1361,2718.0,6.624515,6.94893,-1.342164,2.23694,-6.487126,1.342164,0.447388,0.894776,-2,-0.9,2.1,-102.2,257.8,256.9,Tripod,Other,,22,5,True,,True,False,,Smart,RC,False,True,False,,,True,,False,False,False,False,False,False,False,False,False,False,0,Follow Yaw,-77.9,0,-110.3,249.7,False,False,False,False,False,,0,0,False,False,No Card,100,100,1024,1374,783,1024,2,False,False,False,False,False,0,False,False,False,False,81,,47.28,,8184,,10044,,47.28,,True,3.941,3.941,3.941,3.941,3.941,3.941,3.941,3.941,3.941,3.941,3.941,3.941,0,,False,False,True,,,,,,,,,,,,,,,False,False,18.77,,95.5,,75.7,,95.5,,1585,76,9,19,7,141329.3,18843.91,,Idle,,20,,10,,,20,Go Home,False,False,False,False,False,False,False,False,False,False,False,False,33.8027920380556,-117.4659261431046,2293.7,2972.0,1049.4,396.9,True,1,1,False,False,False,False,,True,False,False,Course Lock,196.8,67,16.4,93,E,S,1.34,11.4,Calm,False,False,Android,7.0.2,M300 RTK,1ZN7L4R0H1D00F,1W9DL31001461C,1ZMLH8300204F0,1Z6PH74DAP0QN7,"Corona, CA",728.3,5.7,137.7,8.547347,2.013246,0,0,DJI Matrice 300 RTK,M300 RTK,1ZN7L4R0H1D00F,1W9DL31001461C,1ZMLH8300204F0,1Z6PH74DAP0QN7,DJI Pilot,Android,7.0.2,1EF72A62-B7C3-C88D-164E-CE6F8C8424AE,1ZN7L4R0H1D00F,1W9DL31001461C,,1ZMLH8300204F0,1W9DL31001461C,,,,,
2023-11-01,11:30:07.44 AM,5m 45.1s,345.1,33.8000271431791,-117.4727257586135,96.7,137.7,14.7,1361,2719.1,6.624515,6.94893,-1.342164,2.23694,-6.487126,1.342164,0.447388,0.894776,-1.9,-0.8,2,-102.2,257.8,256.7,Tripod,Other,,22,5,True,,True,False,,Smart,RC,False,True,False,,,True,,False,False,False,False,False,False,False,False,False,False,0,Follow Yaw,-77.9,0,-110.3,249.7,False,False,False,False,False,,0,0,False,False,No Card,100,100,1024,1374,782,1024,2,False,False,False,False,False,0,False,False,False,False,81,,47.28,,8184,,10044,,47.28,,True,3.941,3.941,3.941,3.941,3.941,3.941,3.941,3.941,3.941,3.941,3.941,3.941,0,,False,False,True,,,,,,,,,,,,,,,False,False,18.77,,95.5,,75.7,,95.5,,1585,76,9,19,7,141329.3,18843.91,,Idle,,20,,10,,,20,Go Home,False,False,False,False,False,False,False,False,False,False,False,False,33.8027920380556,-117.4659261431046,2294.8,2972.0,1049.4,396.9,True,1,1,False,False,False,False,,True,False,False,Course Lock,196.8,67,16.4,93,E,S,1.34,11.4,Calm,False,False,Android,7.0.2,M300 RTK,1ZN7L4R0H1D00F,1W9DL31001461C,1ZMLH8300204F0,1Z6PH74DAP0QN7,"Corona, CA",728.3,5.7,137.7,8.547347,2.013246,0,0,DJI Matrice 300 RTK,M300 RTK,1ZN7L4R0H1D00F,1W9DL31001461C,1ZMLH8300204F0,1Z6PH74DAP0QN7,DJI Pilot,Android,7.0.2,1EF72A62-B7C3-C88D-164E-CE6F8C8424AE,1ZN7L4R0H1D00F,1W9DL31001461C,,1ZMLH8300204F0,1W9DL31001461C,,,,,
2023-11-01,11:30:07.54 AM,5m 45.2s,345.2,33.8000265280332,-117.4727289335615,96.7,137.7,14.7,1361,2720.1,6.624515,6.94893,-1.342164,2.23694,-6.487126,1.342164,0.447388,0.894776,-1.8,-0.7,1.9,-102.1,257.9,256.8,Tripod,Other,,22,5,True,,True,False,,Smart,RC,False,True,False,,,True,,False,False,False,False,False,False,False,False,False,False,0,Follow Yaw,-77.9,0,-110.3,249.7,False,False,False,False,False,,0,0,False,False,No Card,100,100,1024,1373,784,1024,2,False,False,False,False,False,0,False,False,False,False,81,,47.28,,8184,,10044,,47.28,,True,3.941,3.941,3.941,3.941,3.941,3.941,3.941,3.941,3.941,3.941,3.941,3.941,0,,False,False,True,,,,,,,,,,,,,,,False,False,18.77,,95.5,,75.7,,95.5,,1585,76,9,19,7,141329.3,18843.91,,Idle,,20,,10,,,20,Go Home,False,False,False,False,False,False,False,False,False,False,False,False,33.8027920380556,-117.4659261431046,2295.8,2972.0,1049.4,396.9,True,1,1,False,False,False,False,,True,False,False,Course Lock,196.8,67,16.4,93,E,S,1.34,11.4,Calm,False,False,Android,7.0.2,M300 RTK,1ZN7L4R0H1D00F,1W9DL31001461C,1ZMLH8300204F0,1Z6PH74DAP0QN7,"Corona, CA",728.3,5.7,137.7,8.547347,2.013246,0,0,DJI Matrice 300 RTK,M300 RTK,1ZN7L4R0H1D00F,1W9DL31001461C,1ZMLH8300204F0,1Z6PH74DAP0QN7,DJI Pilot,Android,7.0.2,1EF72A62-B7C3-C88D-164E-CE6F8C8424AE,1ZN7L4R0H1D00F,1W9DL31001461C,,1ZMLH8300204F0,1W9DL31001461C,,,,,
2023-11-01,11:30:07.61 AM,5m 45.3s,345.3,33.8000261173877,-117.4727317017864,96.4,137.7,14.7,1360,2720.9,6.624515,6.94893,-1.342164,2.23694,-6.487126,1.342164,0.447388,0.894776,-1.8,-0.6,1.8,-102.1,257.9,259.8,Tripod,Other,,22,5,True,,True,False,,Smart,RC,False,True,False,,,True,,False,False,False,False,False,False,False,False,False,False,0,Follow Yaw,-77.9,0,-110.3,249.7,False,False,False,False,False,,0,0,False,False,No Card,100,100,1024,1373,785,1024,2,False,False,False,False,False,0,False,False,False,False,81,,47.28,,8184,,10044,,47.28,,True,3.94,3.94,3.94,3.94,3.94,3.94,3.94,3.94,3.94,3.94,3.94,3.94,0,,False,False,True,,,,,,,,,,,,,,,False,False,18.77,,95.5,,75.7,,95.5,,1583,76,9,19,7,141671.9,18889.59,,Idle,,20,,10,,,20,Go Home,False,False,False,False,False,False,False,False,False,False,False,False,33.8027920380556,-117.4659261431046,2296.6,2972.0,1049.4,396.9,True,1,1,False,False,False,False,,True,False,False,Course Lock,196.8,67,16.4,93,E,S,1.34,11.4,Calm,False,False,Android,7.0.2,M300 RTK,1ZN7L4R0H1D00F,1W9DL31001461C,1ZMLH8300204F0,1Z6PH74DAP0QN7,"Corona, CA",728.3,5.7,137.7,8.547347,2.013246,0,0,DJI Matrice 300 RTK,M300 RTK,1ZN7L4R0H1D00F,1W9DL31001461C,1ZMLH8300204F0,1Z6PH74DAP0QN7,DJI Pilot,Android,7.0.2,1EF72A62-B7C3-C88D-164E-CE6F8C8424AE,1ZN7L4R0H1D00F,1W9DL31001461C,,1ZMLH8300204F0,1W9DL31001461C,,,,,
2023-11-01,11:30:07.71 AM,5m 45.4s,345.4,33.8000254786667,-117.4727350126386,96.4,137.7,14.7,1360,2722.0,6.624515,6.94893,-1.342164,2.23694,-6.487126,1.342164,0.447388,0.894776,-1.6,-0.5,1.6,-102,258,256.9,Tripod,Other,,22,5,True,,True,False,,Smart,RC,False,True,False,,,True,,False,False,False,False,False,False,False,False,False,False,0,Follow Yaw,-77.9,0,-110.3,249.7,False,False,False,False,False,,0,0,False,False,No Card,100,100,1024,1373,785,1024,2,False,False,False,False,False,0,False,False,False,False,81,,47.28,,8184,,10044,,47.28,,True,3.94,3.94,3.94,3.94,3.94,3.94,3.94,3.94,3.94,3.94,3.94,3.94,0,,False,False,True,,,,,,,,,,,,,,,False,False,18.77,,95.5,,75.7,,95.5,,1583,76,9,19,7,141671.9,18889.59,,Idle,,20,,10,,,20,Go Home,False,False,False,False,False,False,False,False,False,False,False,False,33.8027920380556,-117.4659261431046,2297.6,2972.0,1049.4,396.9,True,1,1,False,False,False,False,,True,False,False,Course Lock,196.8,67,16.4,93,E,S,1.34,11.4,Calm,False,False,Android,7.0.2,M300 RTK,1ZN7L4R0H1D00F,1W9DL31001461C,1ZMLH8300204F0,1Z6PH74DAP0QN7,"Corona, CA",728.3,5.7,137.7,8.547347,2.013246,0,0,DJI Matrice 300 RTK,M300 RTK,1ZN7L4R0H1D00F,1W9DL31001461C,1ZMLH8300204F0,1Z6PH74DAP0QN7,DJI Pilot,Android,7.0.2,1EF72A62-B7C3-C88D-164E-CE6F8C8424AE,1ZN7L4R0H1D00F,1W9DL31001461C,,1ZMLH8300204F0,1W9DL31001461C,,,,,
2023-11-01,11:30:07.84 AM,5m 45.5s,345.5,33.8000248673586,-117.4727380691652,96.4,137.7,14.7,1360,2722.9,6.624515,6.94893,-1.342164,2.23694,-6.487126,1.342164,0.447388,0.894776,-1.3,-0.3,1.3,-102,258,256.4,Tripod,Other,,22,5,True,,True,False,,Smart,RC,False,True,False,,,True,,False,False,False,False,False,False,False,False,False,False,0,Follow Yaw,-77.9,0,-110.3,249.7,False,False,False,False,False,,0,0,False,False,No Card,100,100,1024,1377,855,1024,2,False,False,False,False,False,0,False,False,False,False,81,,47.28,,8184,,10044,,47.28,,True,3.94,3.94,3.94,3.94,3.94,3.94,3.94,3.94,3.94,3.94,3.94,3.94,0,,False,False,True,,,,,,,,,,,,,,,False,False,18.77,,95.5,,75.7,,95.5,,1583,76,9,19,7,141671.9,18889.59,,Idle,,20,,10,,,20,Go Home,False,False,False,False,False,False,False,False,False,False,False,False,33.8027920380556,-117.4659261431046,2298.5,2972.0,1049.4,396.9,True,1,1,False,False,False,False,,True,False,False,Course Lock,196.8,67,16.4,93,E,S,1.34,11.4,Calm,False,False,Android,7.0.2,M300 RTK,1ZN7L4R0H1D00F,1W9DL31001461C,1ZMLH8300204F0,1Z6PH74DAP0QN7,"Corona, CA",728.3,5.7,137.7,8.547347,2.013246,0,0,DJI Matrice 300 RTK,M300 RTK,1ZN7L4R0H1D00F,1W9DL31001461C,1ZMLH8300204F0,1Z6PH74DAP0QN7,DJI Pilot,Android,7.0.2,1EF72A62-B7C3-C88D-164E-CE6F8C8424AE,1ZN7L4R0H1D00F,1W9DL31001461C,,1ZMLH8300204F0,1W9DL31001461C,,,,,
2023-11-01,11:30:07.94 AM,5m 45.6s,345.6,33.800024254954,-117.4727412272902,96.4,137.7,14.7,1360,2723.9,6.624515,6.94893,-1.342164,2.23694,-6.487126,1.342164,0.223694,0.894776,-1.1,0,1.1,-101.9,258.1,256.8,Tripod,Other,,22,5,True,,True,False,,Smart,RC,False,True,False,,,True,,False,False,False,False,False,False,False,False,False,False,0,Follow Yaw,-77.9,0,-110.3,249.7,False,False,False,False,False,,0,0,False,False,No Card,100,100,1024,1376,870,1024,2,False,False,False,False,False,0,False,False,False,False,81,,47.28,,8184,,10044,,47.28,,True,3.94,3.94,3.94,3.94,3.94,3.94,3.94,3.94,3.94,3.94,3.94,3.94,0,,False,False,True,,,,,,,,,,,,,,,False,False,18.77,,95.5,,75.7,,95.5,,1583,76,9,19,7,141671.9,18889.59,,Idle,,20,,10,,,20,Go Home,False,False,False,False,False,False,False,False,False,False,False,False,33.8027920380556,-117.4659261431046,2299.5,2972.0,1049.4,396.9,True,1,1,False,False,False,False,,True,False,False,Course Lock,196.8,67,16.4,93,E,S,1.34,11.4,Calm,False,False,Android,7.0.2,M300 RTK,1ZN7L4R0H1D00F,1W9DL31001461C,1ZMLH8300204F0,1Z6PH74DAP0QN7,"Corona, CA",728.3,5.7,137.7,8.547347,2.013246,0,0,DJI Matrice 300 RTK,M300 RTK,1ZN7L4R0H1D00F,1W9DL31001461C,1ZMLH8300204F0,1Z6PH74DAP0QN7,DJI Pilot,Android,7.0.2,1EF72A62-B7C3-C88D-164E-CE6F8C8424AE,1ZN7L4R0H1D00F,1W9DL31001461C,,1ZMLH8300204F0,1W9DL31001461C,,,,,
2023-11-01,11:30:08.02 AM,5m 45.7s,345.7,33.8000236666728,-117.4727445559552,96.4,137.7,14.7,1360,2724.9,6.624515,6.94893,-1.342164,2.23694,-6.487126,1.342164,0.223694,0.894776,-0.9,0,0.9,-101.9,258.1,257.9,Tripod,Other,,22,5,True,,True,False,,Smart,RC,False,True,False,,,True,,False,False,False,False,False,False,False,False,False,False,0,Follow Yaw,-77.9,0,-110.3,249.7,False,False,False,False,False,,0,0,False,False,No Card,100,100,1024,1376,866,1024,2,False,False,False,False,False,0,False,False,False,False,81,,47.28,,8184,,10044,,47.28,,True,3.94,3.94,3.94,3.94,3.94,3.94,3.94,3.94,3.94,3.94,3.94,3.94,0,,False,False,True,,,,,,,,,,,,,,,False,False,18.77,,95.5,,75.7,,95.5,,1583,76,9,19,7,141671.9,18889.59,,Idle,,20,,10,,,20,Go Home,False,False,False,False,False,False,False,False,False,False,False,False,33.8027920380556,-117.4659261431046,2300.5,2972.0,1049.4,396.9,True,1,1,False,False,False,False,,True,False,False,Course Lock,196.8,67,16.4,93,E,S,1.34,11.4,Calm,False,False,Android,7.0.2,M300 RTK,1ZN7L4R0H1D00F,1W9DL31001461C,1ZMLH8300204F0,1Z6PH74DAP0QN7,"Corona, CA",728.3,5.7,137.7,8.547347,2.013246,0,0,DJI Matrice 300 RTK,M300 RTK,1ZN7L4R0H1D00F,1W9DL31001461C,1ZMLH8300204F0,1Z6PH74DAP0QN7,DJI Pilot,Android,7.0.2,1EF72A62-B7C3-C88D-164E-CE6F8C8424AE,1ZN7L4R0H1D00F,1W9DL31001461C,,1ZMLH8300204F0,1W9DL31001461C,,,,,
2023-11-01,11:30:08.13 AM,5m 45.8s,345.8,33.800023087712,-117.472747716719,96.1,137.7,14.7,1360,2725.9,6.624515,6.94893,-1.342164,2.23694,-6.487126,1.342164,0.223694,0.894776,-0.9,-0.3,0.9,-101.9,258.1,257.5,Tripod,Other,,22,5,True,,True,False,,Smart,RC,False,True,False,,,True,,False,False,False,False,False,False,False,False,False,False,0,Follow Yaw,-77.9,0,-110.3,249.7,False,False,False,False,False,,0,0,False,False,No Card,100,100,1024,1378,855,1024,2,False,False,False,False,False,0,False,False,False,False,81,,47.28,,8184,,10044,,47.28,,True,3.94,3.94,3.94,3.94,3.94,3.94,3.94,3.94,3.94,3.94,3.94,3.94,0,,False,False,True,,,,,,,,,,,,,,,False,False,18.77,,95.5,,75.7,,95.5,,1583,76,9,19,7,141671.9,18889.59,,Idle,,20,,10,,,20,Go Home,False,False,False,False,False,False,False,False,False,False,False,False,33.8027920380556,-117.4659261431046,2301.4,2972.0,1049.4,396.9,True,1,1,False,False,False,False,,True,False,False,Course Lock,196.8,67,16.4,93,E,S,1.34,11.4,Calm,False,False,Android,7.0.2,M300 RTK,1ZN7L4R0H1D00F,1W9DL31001461C,1ZMLH8300204F0,1Z6PH74DAP0QN7,"Corona, CA",728.3,5.7,137.7,8.547347,2.013246,0,0,DJI Matrice 300 RTK,M300 RTK,1ZN7L4R0H1D00F,1W9DL31001461C,1ZMLH8300204F0,1Z6PH74DAP0QN7,DJI Pilot,Android,7.0.2,1EF72A62-B7C3-C88D-164E-CE6F8C8424AE,1ZN7L4R0H1D00F,1W9DL31001461C,,1ZMLH8300204F0,1W9DL31001461C,,,,,
2023-11-01,11:30:08.23 AM,5m 45.9s,345.9,33.8000225410984,-117.4727509701748,96.1,137.7,14.7,1360,2726.9,6.624515,6.94893,-1.342164,2.23694,-6.487126,1.342164,0.223694,0.894776,-1,-0.9,1.3,-102,258,258.5,Tripod,Other,,22,5,True,,True,False,,Smart,RC,False,True,False,,,True,,False,False,False,False,False,False,False,False,False,False,0,Follow Yaw,-77.9,0,-110.3,249.7,False,False,False,False,False,,0,0,False,False,No Card,100,100,1024,1379,848,1024,2,False,False,False,False,False,0,False,False,False,False,81,,47.28,,8184,,10044,,47.28,,True,3.94,3.94,3.94,3.94,3.94,3.94,3.94,3.94,3.94,3.94,3.94,3.94,0,,False,False,True,,,,,,,,,,,,,,,False,False,18.77,,95.5,,75.7,,95.5,,1583,76,9,19,7,141671.9,18889.59,,Idle,,20,,10,,,20,Go Home,False,False,False,False,False,False,False,False,False,False,False,False,33.8027920380556,-117.4659261431046,2302.4,2972.0,1049.4,396.9,True,1,1,False,False,False,False,,True,False,False,Course Lock,196.8,67,16.4,93,E,S,1.34,11.4,Calm,False,False,Android,7.0.2,M300 RTK,1ZN7L4R0H1D00F,1W9DL31001461C,1ZMLH8300204F0,1Z6PH74DAP0QN7,"Corona, CA",728.3,5.7,137.7,8.547347,2.013246,0,0,DJI Matrice 300 RTK,M300 RTK,1ZN7L4R0H1D00F,1W9DL31001461C,1ZMLH8300204F0,1Z6PH74DAP0QN7,DJI Pilot,Android,7.0.2,1EF72A62-B7C3-C88D-164E-CE6F8C8424AE,1ZN7L4R0H1D00F,1W9DL31001461C,,1ZMLH8300204F0,1W9DL31001461C,,,,,
2023-11-01,11:30:08.34 AM,5m 46.0s,346.0,33.8000219807784,-117.4727540972925,96.1,137.7,14.7,1360,2727.9,6.405621,6.94893,-1.342164,2.23694,-6.263432,1.342164,0.223694,0.894776,-1.2,-1.4,1.8,-102.2,257.8,257.8,Tripod,Other,,22,5,True,,True,False,,Smart,RC,False,True,False,,,True,,False,False,False,False,False,False,False,False,False,False,0,Follow Yaw,-77.9,0,-110.3,249.7,False,False,False,False,False,,0,0,False,False,No Card,100,100,1024,1379,847,1024,2,False,False,False,False,False,0,False,False,False,False,81,,47.256,,8184,,10044,,47.256,,True,3.94,3.94,3.94,3.94,3.94,3.94,3.94,3.94,3.94,3.94,3.94,3.94,0,,False,False,True,,,,,,,,,,,,,,,False,False,19.122,,95.5,,75.7,,95.5,,1583,76,9,19,7,141671.9,18889.59,,Idle,,20,,10,,,20,Go Home,False,False,False,False,False,False,False,False,False,False,False,False,33.8027920380556,-117.4659261431046,2303.3,2972.0,1049.4,396.9,True,1,1,False,False,False,False,,True,False,False,Course Lock,196.8,67,16.4,93,E,S,1.34,11.4,Calm,False,False,Android,7.0.2,M300 RTK,1ZN7L4R0H1D00F,1W9DL31001461C,1ZMLH8300204F0,1Z6PH74DAP0QN7,"Corona, CA",728.3,5.7,137.7,8.547347,2.013246,0,0,DJI Matrice 300 RTK,M300 RTK,1ZN7L4R0H1D00F,1W9DL31001461C,1ZMLH8300204F0,1Z6PH74DAP0QN7,DJI Pilot,Android,7.0.2,1EF72A62-B7C3-C88D-164E-CE6F8C8424AE,1ZN7L4R0H1D00F,1W9DL31001461C,,1ZMLH8300204F0,1W9DL31001461C,,,,,
2023-11-01,11:30:08.44 AM,5m 46.1s,346.1,33.8000214380026,-117.4727571675084,96.1,137.7,14.7,1360,2728.9,6.405621,6.94893,-1.342164,2.23694,-6.263432,1.342164,0.223694,0.894776,-1.6,-1.5,2.1,-102.3,257.7,257.9,Tripod,Other,,22,5,True,,True,False,,Smart,RC,False,True,False,,,True,,False,False,False,False,False,False,False,False,False,False,0,Follow Yaw,-77.9,0,-110.3,249.7,False,False,False,False,False,,0,0,False,False,No Card,100,100,1024,1378,843,1033,2,False,False,False,False,False,0,False,False,False,False,81,,47.256,,8184,,10044,,47.256,,True,3.94,3.94,3.94,3.94,3.94,3.94,3.94,3.94,3.94,3.94,3.94,3.94,0,,False,False,True,,,,,,,,,,,,,,,False,False,19.122,,95.5,,75.7,,95.5,,1583,76,9,19,7,141671.9,18889.59,,Idle,,20,,10,,,20,Go Home,False,False,False,False,False,False,False,False,False,False,False,False,33.8027920380556,-117.4659261431046,2304.3,2972.0,1049.4,396.9,True,1,1,False,False,False,False,,True,False,False,Course Lock,196.8,67,16.4,93,E,S,1.34,11.4,Calm,False,False,Android,7.0.2,M300 RTK,1ZN7L4R0H1D00F,1W9DL31001461C,1ZMLH8300204F0,1Z6PH74DAP0QN7,"Corona, CA",728.3,5.7,137.7,8.547347,2.013246,0,0,DJI Matrice 300 RTK,M300 RTK,1ZN7L4R0H1D00F,1W9DL31001461C,1ZMLH8300204F0,1Z6PH74DAP0QN7,DJI Pilot,Android,7.0.2,1EF72A62-B7C3-C88D-164E-CE6F8C8424AE,1ZN7L4R0H1D00F,1W9DL31001461C,,1ZMLH8300204F0,1W9DL31001461C,,,,,
2023-11-01,11:30:08.54 AM,5m 46.2s,346.2,33.8000208508179,-117.4727602745044,96.1,137.7,14.7,1360,2729.8,6.405621,6.94893,-1.342164,2.23694,-6.263432,1.342164,0.223694,0.894776,-2,-1.1,2.2,-102.3,257.7,257.1,Tripod,Other,,22,5,True,,True,False,,Smart,RC,False,True,False,,,True,,False,False,False,False,False,False,False,False,False,False,0,Follow Yaw,-77.9,0,-110.3,249.7,False,False,False,False,False,,0,0,False,False,No Card,100,100,1024,1376,840,1076,2,False,False,False,False,False,0,False,False,False,False,81,,47.256,,8184,,10044,,47.256,,True,3.94,3.94,3.94,3.94,3.94,3.94,3.94,3.94,3.94,3.94,3.94,3.94,0,,False,False,True,,,,,,,,,,,,,,,False,False,19.122,,95.5,,75.7,,95.5,,1583,76,9,19,7,141671.9,18889.59,,Idle,,20,,10,,,20,Go Home,False,False,False,False,False,False,False,False,False,False,False,False,33.8027920380556,-117.4659261431046,2305.2,2972.0,1049.4,396.9,True,1,1,False,False,False,False,,True,False,False,Course Lock,196.8,67,16.4,93,E,S,1.34,11.4,Calm,False,False,Android,7.0.2,M300 RTK,1ZN7L4R0H1D00F,1W9DL31001461C,1ZMLH8300204F0,1Z6PH74DAP0QN7,"Corona, CA",728.3,5.7,137.7,8.547347,2.013246,0,0,DJI Matrice 300 RTK,M300 RTK,1ZN7L4R0H1D00F,1W9DL31001461C,1ZMLH8300204F0,1Z6PH74DAP0QN7,DJI Pilot,Android,7.0.2,1EF72A62-B7C3-C88D-164E-CE6F8C8424AE,1ZN7L4R0H1D00F,1W9DL31001461C,,1ZMLH8300204F0,1W9DL31001461C,,,,,
2023-11-01,11:30:08.64 AM,5m 46.3s,346.3,33.8000203568371,-117.4727630818181,96.1,137.7,14.7,1360,2730.7,6.405621,6.94893,-1.342164,2.23694,-6.263432,1.342164,0.223694,0.894776,-2.3,-0.4,2.3,-102.2,257.8,258.0,Tripod,Other,,22,5,True,,True,False,,Smart,RC,False,True,False,,,True,,False,False,False,False,False,False,False,False,False,False,0,Follow Yaw,-77.9,0,-110.3,249.7,False,False,False,False,False,,0,0,False,False,No Card,100,100,1024,1376,847,1073,2,False,False,False,False,False,0,False,False,False,False,81,,47.256,,8184,,10044,,47.256,,True,3.939,3.939,3.939,3.939,3.939,3.939,3.939,3.939,3.939,3.939,3.939,3.939,0,,False,False,True,,,,,,,,,,,,,,,False,False,19.122,,95.5,,75.7,,95.5,,1580,77,9,19,7,141869.0,18915.87,,Idle,,20,,10,,,20,Go Home,False,False,False,False,False,False,False,False,False,False,False,False,33.8027920380556,-117.4659261431046,2306.1,2972.0,1049.4,396.9,True,1,1,False,False,False,False,,True,False,False,Course Lock,196.8,67,16.4,93,E,S,1.34,11.4,Calm,False,False,Android,7.0.2,M300 RTK,1ZN7L4R0H1D00F,1W9DL31001461C,1ZMLH8300204F0,1Z6PH74DAP0QN7,"Corona, CA",728.3,5.7,137.7,8.547347,2.013246,0,0,DJI Matrice 300 RTK,M300 RTK,1ZN7L4R0H1D00F,1W9DL31001461C,1ZMLH8300204F0,1Z6PH74DAP0QN7,DJI Pilot,Android,7.0.2,1EF72A62-B7C3-C88D-164E-CE6F8C8424AE,1ZN7L4R0H1D00F,1W9DL31001461C,,1ZMLH8300204F0,1W9DL31001461C,,,,,
2023-11-01,11:30:08.75 AM,5m 46.4s,346.4,33.8000197718454,-117.4727661634144,96.1,137.7,14.7,1360,2731.6,6.405621,6.94893,-1.342164,2.23694,-6.263432,1.342164,0.223694,0.894776,-2.6,-0.1,2.6,-102,258,257.1,Tripod,Other,,22,5,True,,True,False,,Smart,RC,False,True,False,,,True,,False,False,False,False,False,False,False,False,False,False,0,Follow Yaw,-77.9,0,-110.2,249.8,False,False,False,False,False,,0,0,False,False,No Card,100,100,1024,1376,847,1073,2,False,False,False,False,False,0,False,False,False,False,81,,47.256,,8184,,10044,,47.256,,True,3.939,3.939,3.939,3.939,3.939,3.939,3.939,3.939,3.939,3.939,3.939,3.939,0,,False,False,True,,,,,,,,,,,,,,,False,False,19.122,,95.5,,75.7,,95.5,,1580,77,9,19,7,141869.0,18915.87,,Idle,,20,,10,,,20,Go Home,False,False,False,False,False,False,False,False,False,False,False,False,33.8027920380556,-117.4659261431046,2307.0,2972.0,1049.4,396.9,True,1,1,False,False,False,False,,True,False,False,Course Lock,196.8,67,16.4,93,E,S,1.34,11.4,Calm,False,False,Android,7.0.2,M300 RTK,1ZN7L4R0H1D00F,1W9DL31001461C,1ZMLH8300204F0,1Z6PH74DAP0QN7,"Corona, CA",728.3,5.7,137.7,8.547347,2.013246,0,0,DJI Matrice 300 RTK,M300 RTK,1ZN7L4R0H1D00F,1W9DL31001461C,1ZMLH8300204F0,1Z6PH74DAP0QN7,DJI Pilot,Android,7.0.2,1EF72A62-B7C3-C88D-164E-CE6F8C8424AE,1ZN7L4R0H1D00F,1W9DL31001461C,,1ZMLH8300204F0,1W9DL31001461C,,,,,
2023-11-01,11:30:08.85 AM,5m 46.5s,346.5,33.8000189691952,-117.472769751518,95.8,137.7,14.7,1360,2732.8,6.405621,6.94893,-1.342164,2.23694,-6.263432,1.342164,0.223694,0.894776,-2.7,0,2.7,-101.9,258.1,254.9,Tripod,Other,,22,5,True,,True,False,,Smart,RC,False,True,False,,,True,,False,False,False,False,False,False,False,False,False,False,0,Follow Yaw,-77.9,0,-110.1,249.9,False,False,False,False,False,,0,0,False,False,No Card,100,100,1024,1376,847,1051,2,False,False,False,False,False,0,False,False,False,False,81,,47.256,,8184,,10044,,47.256,,True,3.939,3.939,3.939,3.939,3.939,3.939,3.939,3.939,3.939,3.939,3.939,3.939,0,,False,False,True,,,,,,,,,,,,,,,False,False,19.122,,95.5,,75.7,,95.5,,1580,77,9,19,7,141869.0,18915.87,,Idle,,20,,10,,,20,Go Home,False,False,False,False,False,False,False,False,False,False,False,False,33.8027920380556,-117.4659261431046,2308.1,2972.0,1049.4,396.9,True,1,1,False,False,False,False,,True,False,False,Course Lock,196.8,67,16.4,93,E,S,1.34,11.4,Calm,False,False,Android,7.0.2,M300 RTK,1ZN7L4R0H1D00F,1W9DL31001461C,1ZMLH8300204F0,1Z6PH74DAP0QN7,"Corona, CA",728.3,5.7,137.7,8.547347,2.013246,0,0,DJI Matrice 300 RTK,M300 RTK,1ZN7L4R0H1D00F,1W9DL31001461C,1ZMLH8300204F0,1Z6PH74DAP0QN7,DJI Pilot,Android,7.0.2,1EF72A62-B7C3-C88D-164E-CE6F8C8424AE,1ZN7L4R0H1D00F,1W9DL31001461C,,1ZMLH8300204F0,1W9DL31001461C,,,,,
2023-11-01,11:30:08.94 AM,5m 46.6s,346.6,33.8000184138095,-117.4727727280525,95.8,137.7,14.7,1360,2733.7,6.405621,6.94893,-1.342164,2.23694,-6.263432,1.342164,0.223694,0.894776,-2.6,-0.1,2.6,-101.8,258.2,257.3,Tripod,Other,,22,5,True,,True,False,,Smart,RC,False,True,False,,,True,,False,False,False,False,False,False,False,False,False,False,0,Follow Yaw,-77.9,0,-110.1,249.9,False,False,False,False,False,,0,0,False,False,No Card,100,100,1024,1376,844,1074,2,False,False,False,False,False,0,False,False,False,False,81,,47.256,,8184,,10044,,47.256,,True,3.939,3.939,3.939,3.939,3.939,3.939,3.939,3.939,3.939,3.939,3.939,3.939,0,,False,False,True,,,,,,,,,,,,,,,False,False,19.122,,95.5,,75.7,,95.5,,1580,77,9,19,7,141869.0,18915.87,,Idle,,20,,10,,,20,Go Home,False,False,False,False,False,False,False,False,False,False,False,False,33.8027920380556,-117.4659261431046,2309.0,2972.0,1049.4,396.9,True,1,1,False,False,False,False,,True,False,False,Course Lock,196.8,67,16.4,93,E,S,1.34,11.4,Calm,False,False,Android,7.0.2,M300 RTK,1ZN7L4R0H1D00F,1W9DL31001461C,1ZMLH8300204F0,1Z6PH74DAP0QN7,"Corona, CA",728.3,5.7,137.7,8.547347,2.013246,0,0,DJI Matrice 300 RTK,M300 RTK,1ZN7L4R0H1D00F,1W9DL31001461C,1ZMLH8300204F0,1Z6PH74DAP0QN7,DJI Pilot,Android,7.0.2,1EF72A62-B7C3-C88D-164E-CE6F8C8424AE,1ZN7L4R0H1D00F,1W9DL31001461C,,1ZMLH8300204F0,1W9DL31001461C,,,,,
2023-11-01,11:30:09.06 AM,5m 46.7s,346.7,33.8000176747572,-117.4727757078855,95.8,137.7,14.7,1360,2734.6,6.405621,6.94893,-1.342164,2.23694,-6.263432,1.342164,0.223694,0.894776,-2.3,-0.2,2.3,-101.7,258.3,253.3,Tripod,Other,,22,5,True,,True,False,,Smart,RC,False,True,False,,,True,,False,False,False,False,False,False,False,False,False,False,0,Follow Yaw,-77.9,0,-110.1,249.9,False,False,False,False,False,,0,0,False,False,No Card,100,100,1024,1375,824,1131,2,False,False,False,False,False,0,False,False,False,False,81,,47.256,,8184,,10044,,47.256,,True,3.939,3.939,3.939,3.939,3.939,3.939,3.939,3.939,3.939,3.939,3.939,3.939,0,,False,False,True,,,,,,,,,,,,,,,False,False,19.122,,95.5,,75.7,,95.5,,1580,77,9,19,7,141869.0,18915.87,,Idle,,20,,10,,,20,Go Home,False,False,False,False,False,False,False,False,False,False,False,False,33.8027920380556,-117.4659261431046,2309.9,2972.0,1049.4,396.9,True,1,1,False,False,False,False,,True,False,False,Course Lock,196.8,67,16.4,93,E,S,1.56,11.4,Calm,False,False,Android,7.0.2,M300 RTK,1ZN7L4R0H1D00F,1W9DL31001461C,1ZMLH8300204F0,1Z6PH74DAP0QN7,"Corona, CA",728.3,5.7,137.7,8.547347,2.013246,0,0,DJI Matrice 300 RTK,M300 RTK,1ZN7L4R0H1D00F,1W9DL31001461C,1ZMLH8300204F0,1Z6PH74DAP0QN7,DJI Pilot,Android,7.0.2,1EF72A62-B7C3-C88D-164E-CE6F8C8424AE,1ZN7L4R0H1D00F,1W9DL31001461C,,1ZMLH8300204F0,1W9DL31001461C,,,,,
2023-11-01,11:30:09.17 AM,5m 46.8s,346.8,33.8000170919585,-117.472778842755,95.8,137.7,14.7,1360,2735.6,6.405621,6.94893,-1.342164,2.23694,-6.263432,1.342164,0.223694,0.894776,-2,-0.3,2,-101.6,258.4,257.3,Tripod,Other,,21,5,True,,True,False,,Smart,RC,False,True,False,,,True,,False,False,False,False,False,False,False,False,False,False,0,Follow Yaw,-77.9,0,-110,250,False,False,False,False,False,,0,0,False,False,No Card,100,100,1024,1374,816,1142,2,False,False,False,False,False,0,False,False,False,False,81,,47.256,,8184,,10044,,47.256,,True,3.939,3.939,3.939,3.939,3.939,3.939,3.939,3.939,3.939,3.939,3.939,3.939,0,,False,False,True,,,,,,,,,,,,,,,False,False,19.122,,95.5,,75.7,,95.5,,1580,77,9,19,7,141869.0,18915.87,,Idle,,20,,10,,,20,Go Home,False,False,False,False,False,False,False,False,False,False,False,False,33.8027920380556,-117.4659261431046,2310.9,2972.0,1049.4,396.9,True,1,1,False,False,False,False,,True,False,False,Course Lock,196.8,67,16.4,93,E,S,1.56,11.4,Calm,False,False,Android,7.0.2,M300 RTK,1ZN7L4R0H1D00F,1W9DL31001461C,1ZMLH8300204F0,1Z6PH74DAP0QN7,"Corona, CA",728.3,5.7,137.7,8.547347,2.013246,0,0,DJI Matrice 300 RTK,M300 RTK,1ZN7L4R0H1D00F,1W9DL31001461C,1ZMLH8300204F0,1Z6PH74DAP0QN7,DJI Pilot,Android,7.0.2,1EF72A62-B7C3-C88D-164E-CE6F8C8424AE,1ZN7L4R0H1D00F,1W9DL31001461C,,1ZMLH8300204F0,1W9DL31001461C,,,,,
2023-11-01,11:30:09.27 AM,5m 46.9s,346.9,33.8000165332833,-117.4727821555865,95.8,137.7,14.7,1360,2736.6,6.405621,6.94893,-1.342164,2.23694,-6.263432,1.342164,0.223694,0.894776,-2,-0.2,2,-101.7,258.3,258.5,Tripod,Other,,21,5,True,,True,False,,Smart,RC,False,True,False,,,True,,False,False,False,False,False,False,False,False,False,False,0,Follow Yaw,-77.9,0,-109.8,250.2,False,False,False,False,False,,0,0,False,False,No Card,100,100,1024,1373,814,1128,2,False,False,False,False,False,0,False,False,False,False,81,,47.256,,8184,,10044,,47.256,,True,3.939,3.939,3.939,3.939,3.939,3.939,3.939,3.939,3.939,3.939,3.939,3.939,0,,False,False,True,,,,,,,,,,,,,,,False,False,19.122,,95.5,,75.7,,95.5,,1580,77,9,19,7,141869.0,18915.87,,Idle,,20,,10,,,20,Go Home,False,False,False,False,False,False,False,False,False,False,False,False,33.8027920380556,-117.4659261431046,2311.9,2972.0,1049.4,396.9,True,1,1,False,False,False,False,,True,False,False,Course Lock,196.8,67,16.4,93,E,S,1.56,11.4,Calm,False,False,Android,7.0.2,M300 RTK,1ZN7L4R0H1D00F,1W9DL31001461C,1ZMLH8300204F0,1Z6PH74DAP0QN7,"Corona, CA",728.3,5.7,137.7,8.547347,2.013246,0,0,DJI Matrice 300 RTK,M300 RTK,1ZN7L4R0H1D00F,1W9DL31001461C,1ZMLH8300204F0,1Z6PH74DAP0QN7,DJI Pilot,Android,7.0.2,1EF72A62-B7C3-C88D-164E-CE6F8C8424AE,1ZN7L4R0H1D00F,1W9DL31001461C,,1ZMLH8300204F0,1W9DL31001461C,,,,,
2023-11-01,11:30:09.38 AM,5m 47.0s,347.0,33.8000159981831,-117.472785131956,95.8,137.7,14.7,1360,2737.6,6.362511,6.94893,-1.11847,2.23694,-6.263432,1.342164,0.223694,0.894776,-2.1,-0.1,2.1,-101.7,258.3,257.7,Tripod,Other,,21,5,True,,True,False,,Smart,RC,False,True,False,,,True,,False,False,False,False,False,False,False,False,False,False,0,Follow Yaw,-77.9,0,-109.6,250.4,False,False,False,False,False,,0,0,False,False,No Card,100,100,1024,1374,811,1120,2,False,False,False,False,False,0,False,False,False,False,81,,47.232,,8134,,10044,,47.232,,True,3.939,3.939,3.939,3.939,3.939,3.939,3.939,3.939,3.939,3.939,3.939,3.939,0,,False,False,True,,,,,,,,,,,,,,,False,False,19.076,,95.5,,75.7,,95.5,,1580,77,9,19,7,141869.0,18915.87,,Idle,,20,,10,,,20,Go Home,False,False,False,False,False,False,False,False,False,False,False,False,33.8027920380556,-117.4659261431046,2312.8,2972.0,1049.4,396.9,True,1,1,False,False,False,False,,True,False,False,Course Lock,196.8,67,16.4,93,E,S,1.56,11.4,Calm,False,False,Android,7.0.2,M300 RTK,1ZN7L4R0H1D00F,1W9DL31001461C,1ZMLH8300204F0,1Z6PH74DAP0QN7,"Corona, CA",728.3,5.7,137.7,8.547347,2.013246,0,0,DJI Matrice 300 RTK,M300 RTK,1ZN7L4R0H1D00F,1W9DL31001461C,1ZMLH8300204F0,1Z6PH74DAP0QN7,DJI Pilot,Android,7.0.2,1EF72A62-B7C3-C88D-164E-CE6F8C8424AE,1ZN7L4R0H1D00F,1W9DL31001461C,,1ZMLH8300204F0,1W9DL31001461C,,,,,
2023-11-01,11:30:09.44 AM,5m 47.1s,347.1,33.8000152251388,-117.4727884693624,95.4,137.7,14.7,1359,2738.6,6.362511,6.94893,-1.11847,2.23694,-6.263432,1.342164,0.223694,0.894776,-2.2,-0.2,2.2,-101.7,258.3,254.4,Tripod,Other,,21,5,True,,True,False,,Smart,RC,False,True,False,,,True,,False,False,False,False,False,False,False,False,False,False,0,Follow Yaw,-77.9,0,-109.4,250.6,False,False,False,False,False,,0,0,False,False,No Card,100,100,1024,1374,803,1122,2,False,False,False,False,False,0,False,False,False,False,81,,47.232,,8134,,10044,,47.232,,True,3.939,3.939,3.939,3.939,3.939,3.939,3.939,3.939,3.939,3.939,3.939,3.939,0,,False,False,True,,,,,,,,,,,,,,,False,False,19.076,,95.5,,75.7,,95.5,,1580,77,9,19,7,141869.0,18915.87,,Idle,,20,,10,,,20,Go Home,False,False,False,False,False,False,False,False,False,False,False,False,33.8027920380556,-117.4659261431046,2313.8,2972.0,1049.4,396.9,True,1,1,False,False,False,False,,True,False,False,Course Lock,196.8,67,16.4,93,E,S,1.56,11.4,Calm,False,False,Android,7.0.2,M300 RTK,1ZN7L4R0H1D00F,1W9DL31001461C,1ZMLH8300204F0,1Z6PH74DAP0QN7,"Corona, CA",728.3,5.7,137.7,8.547347,2.013246,0,0,DJI Matrice 300 RTK,M300 RTK,1ZN7L4R0H1D00F,1W9DL31001461C,1ZMLH8300204F0,1Z6PH74DAP0QN7,DJI Pilot,Android,7.0.2,1EF72A62-B7C3-C88D-164E-CE6F8C8424AE,1ZN7L4R0H1D00F,1W9DL31001461C,,1ZMLH8300204F0,1W9DL31001461C,,,,,
2023-11-01,11:30:09.54 AM,5m 47.2s,347.2,33.8000146549501,-117.4727916167667,95.4,137.7,14.7,1359,2739.6,6.362511,6.94893,-1.11847,2.23694,-6.263432,1.342164,0.223694,0.894776,-2.2,-0.4,2.2,-101.7,258.3,257.7,Tripod,Other,,21,5,True,,True,False,,Smart,RC,False,True,False,,,True,,False,False,False,False,False,False,False,False,False,False,0,Follow Yaw,-77.9,0,-109.2,250.8,False,False,False,False,False,,0,0,False,False,No Card,100,100,1024,1373,801,1122,2,False,False,False,False,False,0,False,False,False,False,81,,47.232,,8134,,10044,,47.232,,True,3.939,3.939,3.939,3.939,3.939,3.939,3.939,3.939,3.939,3.939,3.939,3.939,0,,False,False,True,,,,,,,,,,,,,,,False,False,19.076,,95.5,,75.7,,95.5,,1580,77,9,19,7,141869.0,18915.87,,Idle,,20,,10,,,20,Go Home,False,False,False,False,False,False,False,False,False,False,False,False,33.8027920380556,-117.4659261431046,2314.7,2972.0,1049.4,396.9,True,1,1,False,False,False,False,,True,False,False,Course Lock,196.8,67,16.4,93,E,S,1.56,11.4,Calm,False,False,Android,7.0.2,M300 RTK,1ZN7L4R0H1D00F,1W9DL31001461C,1ZMLH8300204F0,1Z6PH74DAP0QN7,"Corona, CA",728.3,5.7,137.7,8.547347,2.013246,0,0,DJI Matrice 300 RTK,M300 RTK,1ZN7L4R0H1D00F,1W9DL31001461C,1ZMLH8300204F0,1Z6PH74DAP0QN7,DJI Pilot,Android,7.0.2,1EF72A62-B7C3-C88D-164E-CE6F8C8424AE,1ZN7L4R0H1D00F,1W9DL31001461C,,1ZMLH8300204F0,1W9DL31001461C,,,,,
2023-11-01,11:30:09.64 AM,5m 47.3s,347.3,33.8000142941961,-117.4727944140196,95.4,137.7,14.7,1359,2740.4,6.362511,6.94893,-1.11847,2.23694,-6.263432,1.342164,0.223694,0.894776,-2.4,-0.5,2.4,-101.6,258.4,261.1,Tripod,Other,,21,5,True,,True,False,,Smart,RC,False,True,False,,,True,,False,False,False,False,False,False,False,False,False,False,0,Follow Yaw,-77.9,0,-109.1,250.9,False,False,False,False,False,,0,0,False,False,No Card,100,100,1024,1372,800,1121,2,False,False,False,False,False,0,False,False,False,False,81,,47.232,,8134,,10044,,47.232,,True,3.937,3.937,3.937,3.937,3.937,3.937,3.937,3.937,3.937,3.937,3.937,3.937,0,,False,False,True,,,,,,,,,,,,,,,False,False,19.076,,95.5,,75.7,,95.5,,1577,77,9,19,7,142059.7,18941.29,,Idle,,20,,10,,,20,Go Home,False,False,False,False,False,False,False,False,False,False,False,False,33.8027920380556,-117.4659261431046,2315.6,2972.0,1049.4,396.9,True,1,1,False,False,False,False,,True,False,False,Course Lock,196.8,67,16.4,93,E,S,1.56,11.4,Calm,False,False,Android,7.0.2,M300 RTK,1ZN7L4R0H1D00F,1W9DL31001461C,1ZMLH8300204F0,1Z6PH74DAP0QN7,"Corona, CA",728.3,5.7,137.7,8.547347,2.013246,0,0,DJI Matrice 300 RTK,M300 RTK,1ZN7L4R0H1D00F,1W9DL31001461C,1ZMLH8300204F0,1Z6PH74DAP0QN7,DJI Pilot,Android,7.0.2,1EF72A62-B7C3-C88D-164E-CE6F8C8424AE,1ZN7L4R0H1D00F,1W9DL31001461C,,1ZMLH8300204F0,1W9DL31001461C,,,,,
2023-11-01,11:30:09.74 AM,5m 47.4s,347.4,33.8000137399069,-117.4727975139234,95.4,137.7,14.7,1359,2741.4,6.362511,6.94893,-1.11847,2.23694,-6.263432,1.342164,0.223694,0.894776,-2.2,-0.3,2.2,-101.5,258.5,257.8,Tripod,Other,,21,5,True,,True,False,,Smart,RC,False,True,False,,,True,,False,False,False,False,False,False,False,False,False,False,0,Follow Yaw,-77.9,0,-108.9,251.1,False,False,False,False,False,,0,0,False,False,No Card,100,100,1024,1372,801,1118,2,False,False,False,False,False,0,False,False,False,False,81,,47.232,,8134,,10044,,47.232,,True,3.937,3.937,3.937,3.937,3.937,3.937,3.937,3.937,3.937,3.937,3.937,3.937,0,,False,False,True,,,,,,,,,,,,,,,False,False,19.076,,95.5,,75.7,,95.5,,1577,77,9,19,7,142059.7,18941.29,,Idle,,20,,10,,,20,Go Home,False,False,False,False,False,False,False,False,False,False,False,False,33.8027920380556,-117.4659261431046,2316.5,2972.0,1049.4,396.9,True,1,1,False,False,False,False,,True,False,False,Course Lock,196.8,67,16.4,93,E,S,1.56,11.4,Calm,False,False,Android,7.0.2,M300 RTK,1ZN7L4R0H1D00F,1W9DL31001461C,1ZMLH8300204F0,1Z6PH74DAP0QN7,"Corona, CA",728.3,5.7,137.7,8.547347,2.013246,0,0,DJI Matrice 300 RTK,M300 RTK,1ZN7L4R0H1D00F,1W9DL31001461C,1ZMLH8300204F0,1Z6PH74DAP0QN7,DJI Pilot,Android,7.0.2,1EF72A62-B7C3-C88D-164E-CE6F8C8424AE,1ZN7L4R0H1D00F,1W9DL31001461C,,1ZMLH8300204F0,1W9DL31001461C,,,,,
2023-11-01,11:30:09.84 AM,5m 47.5s,347.5,33.8000131708147,-117.472800819168,95.4,137.7,14.7,1359,2742.4,6.362511,6.94893,-1.11847,2.23694,-6.263432,1.342164,0.223694,0.894776,-2,-0.1,2,-101.3,258.7,258.2,Tripod,Other,,21,5,True,,True,False,,Smart,RC,False,True,False,,,True,,False,False,False,False,False,False,False,False,False,False,0,Follow Yaw,-77.9,0,-108.7,251.3,False,False,False,False,False,,0,0,False,False,No Card,100,100,1024,1373,801,1116,2,False,False,False,False,False,0,False,False,False,False,81,,47.232,,8134,,10044,,47.232,,True,3.937,3.937,3.937,3.937,3.937,3.937,3.937,3.937,3.937,3.937,3.937,3.937,0,,False,False,True,,,,,,,,,,,,,,,False,False,19.076,,95.5,,75.7,,95.5,,1577,77,9,19,7,142059.7,18941.29,,Idle,,20,,10,,,20,Go Home,False,False,False,False,False,False,False,False,False,False,False,False,33.8027920380556,-117.4659261431046,2317.5,2972.0,1049.4,396.9,True,1,1,False,False,False,False,,True,False,False,Course Lock,196.8,67,16.4,93,E,S,1.56,11.4,Calm,False,False,Android,7.0.2,M300 RTK,1ZN7L4R0H1D00F,1W9DL31001461C,1ZMLH8300204F0,1Z6PH74DAP0QN7,"Corona, CA",728.3,5.7,137.7,8.547347,2.013246,0,0,DJI Matrice 300 RTK,M300 RTK,1ZN7L4R0H1D00F,1W9DL31001461C,1ZMLH8300204F0,1Z6PH74DAP0QN7,DJI Pilot,Android,7.0.2,1EF72A62-B7C3-C88D-164E-CE6F8C8424AE,1ZN7L4R0H1D00F,1W9DL31001461C,,1ZMLH8300204F0,1W9DL31001461C,,,,,
2023-11-01,11:30:09.94 AM,5m 47.6s,347.6,33.8000126395524,-117.4728037759105,95.4,137.7,14.7,1359,2743.3,6.362511,6.94893,-1.11847,2.23694,-6.263432,1.342164,0.223694,0.894776,-2.1,0.1,2.1,-101.2,258.8,257.7,Tripod,Other,,21,5,True,,True,False,,Smart,RC,False,True,False,,,True,,False,False,False,False,False,False,False,False,False,False,0,Follow Yaw,-77.9,0,-108.6,251.4,False,False,False,False,False,,0,0,False,False,No Card,100,100,1024,1372,802,1115,2,False,False,False,False,False,0,False,False,False,False,81,,47.232,,8134,,10044,,47.232,,True,3.937,3.937,3.937,3.937,3.937,3.937,3.937,3.937,3.937,3.937,3.937,3.937,0,,False,False,True,,,,,,,,,,,,,,,False,False,19.076,,95.5,,75.7,,95.5,,1577,77,9,19,7,142059.7,18941.29,,Idle,,20,,10,,,20,Go Home,False,False,False,False,False,False,False,False,False,False,False,False,33.8027920380556,-117.4659261431046,2318.4,2972.0,1049.4,396.9,True,1,1,False,False,False,False,,True,False,False,Course Lock,196.8,67,16.4,93,E,S,1.56,11.4,Calm,False,False,Android,7.0.2,M300 RTK,1ZN7L4R0H1D00F,1W9DL31001461C,1ZMLH8300204F0,1Z6PH74DAP0QN7,"Corona, CA",728.3,5.7,137.7,8.547347,2.013246,0,0,DJI Matrice 300 RTK,M300 RTK,1ZN7L4R0H1D00F,1W9DL31001461C,1ZMLH8300204F0,1Z6PH74DAP0QN7,DJI Pilot,Android,7.0.2,1EF72A62-B7C3-C88D-164E-CE6F8C8424AE,1ZN7L4R0H1D00F,1W9DL31001461C,,1ZMLH8300204F0,1W9DL31001461C,,,,,
2023-11-01,11:30:10.04 AM,5m 47.7s,347.7,33.8000120616881,-117.4728069876385,95.1,137.7,14.7,1359,2744.3,6.362511,6.94893,-1.11847,2.23694,-6.263432,1.342164,0.223694,0.894776,-2.1,0.2,2.1,-101,259,257.7,Tripod,Other,,21,5,True,,True,False,,Smart,RC,False,True,False,,,True,,False,False,False,False,False,False,False,False,False,False,0,Follow Yaw,-77.9,0,-108.4,251.6,False,False,False,False,False,,0,0,False,False,No Card,100,100,1024,1373,801,1116,2,False,False,False,False,False,0,False,False,False,False,81,,47.256,,4038,,4986,,47.256,,True,3.937,3.937,3.937,3.937,3.937,3.937,3.937,3.937,3.937,3.937,3.937,3.937,0,,False,False,True,,,,,,,,,,,,,,,False,False,9.288,,95.5,,75.7,,95.5,,1577,77,9,19,7,142059.7,18941.29,,Idle,,20,,10,,,20,Go Home,False,False,False,False,False,False,False,False,False,False,False,False,33.8027920380556,-117.4659261431046,2319.3,2972.0,1049.4,396.9,True,1,1,False,False,False,False,,True,False,False,Course Lock,196.8,67,16.4,93,E,S,1.56,11.4,Calm,False,False,Android,7.0.2,M300 RTK,1ZN7L4R0H1D00F,1W9DL31001461C,1ZMLH8300204F0,1Z6PH74DAP0QN7,"Corona, CA",728.3,5.7,137.7,8.547347,2.013246,0,0,DJI Matrice 300 RTK,M300 RTK,1ZN7L4R0H1D00F,1W9DL31001461C,1ZMLH8300204F0,1Z6PH74DAP0QN7,DJI Pilot,Android,7.0.2,1EF72A62-B7C3-C88D-164E-CE6F8C8424AE,1ZN7L4R0H1D00F,1W9DL31001461C,,1ZMLH8300204F0,1W9DL31001461C,,,,,
2023-11-01,11:30:10.14 AM,5m 47.8s,347.8,33.8000115200088,-117.4728100863877,95.1,137.7,14.7,1359,2745.3,6.362511,6.94893,-1.11847,2.23694,-6.263432,1.342164,0.223694,0.894776,-2.3,0.1,2.3,-100.8,259.2,258.1,Tripod,Other,,21,5,True,,True,False,,Smart,RC,False,True,False,,,True,,False,False,False,False,False,False,False,False,False,False,0,Follow Yaw,-77.9,0,-108.3,251.7,False,False,False,False,False,,0,0,False,False,No Card,100,100,1024,1374,797,1121,2,False,False,False,False,False,0,False,False,False,False,81,,47.256,,4038,,4986,,47.256,,True,3.937,3.937,3.937,3.937,3.937,3.937,3.937,3.937,3.937,3.937,3.937,3.937,0,,False,False,True,,,,,,,,,,,,,,,False,False,9.288,,95.5,,75.7,,95.5,,1577,77,9,19,7,142059.7,18941.29,,Idle,,20,,10,,,20,Go Home,False,False,False,False,False,False,False,False,False,False,False,False,33.8027920380556,-117.4659261431046,2320.3,2972.0,1049.4,396.9,True,1,1,False,False,False,False,,True,False,False,Course Lock,196.8,67,16.4,93,E,S,1.56,11.4,Calm,False,False,Android,7.0.2,M300 RTK,1ZN7L4R0H1D00F,1W9DL31001461C,1ZMLH8300204F0,1Z6PH74DAP0QN7,"Corona, CA",728.3,5.7,137.7,8.547347,2.013246,0,0,DJI Matrice 300 RTK,M300 RTK,1ZN7L4R0H1D00F,1W9DL31001461C,1ZMLH8300204F0,1Z6PH74DAP0QN7,DJI Pilot,Android,7.0.2,1EF72A62-B7C3-C88D-164E-CE6F8C8424AE,1ZN7L4R0H1D00F,1W9DL31001461C,,1ZMLH8300204F0,1W9DL31001461C,,,,,
2023-11-01,11:30:10.24 AM,5m 47.9s,347.9,33.8000108615505,-117.4728131770553,95.1,137.7,14.7,1359,2746.3,6.362511,6.94893,-1.11847,2.23694,-6.263432,1.342164,0.223694,0.894776,-2.6,0.2,2.6,-100.5,259.5,255.6,Tripod,Other,,21,5,True,,True,False,,Smart,RC,False,True,False,,,True,,False,False,False,False,False,False,False,False,False,False,0,Follow Yaw,-77.9,0,-108.1,251.9,False,False,False,False,False,,0,0,False,False,No Card,100,100,1024,1367,798,1127,2,False,False,False,False,False,0,False,False,False,False,81,,47.256,,4038,,4986,,47.256,,True,3.937,3.937,3.937,3.937,3.937,3.937,3.937,3.937,3.937,3.937,3.937,3.937,0,,False,False,True,,,,,,,,,,,,,,,False,False,9.288,,95.5,,75.7,,95.5,,1577,77,9,19,7,142059.7,18941.29,,Idle,,20,,10,,,20,Go Home,False,False,False,False,False,False,False,False,False,False,False,False,33.8027920380556,-117.4659261431046,2321.2,2972.0,1049.4,396.9,True,1,1,False,False,False,False,,True,False,False,Course Lock,196.8,67,16.4,93,E,S,1.56,11.4,Calm,False,False,Android,7.0.2,M300 RTK,1ZN7L4R0H1D00F,1W9DL31001461C,1ZMLH8300204F0,1Z6PH74DAP0QN7,"Corona, CA",728.3,5.7,137.7,8.547347,2.013246,0,0,DJI Matrice 300 RTK,M300 RTK,1ZN7L4R0H1D00F,1W9DL31001461C,1ZMLH8300204F0,1Z6PH74DAP0QN7,DJI Pilot,Android,7.0.2,1EF72A62-B7C3-C88D-164E-CE6F8C8424AE,1ZN7L4R0H1D00F,1W9DL31001461C,,1ZMLH8300204F0,1W9DL31001461C,,,,,
2023-11-01,11:30:10.31 AM,5m 48.0s,348.0,33.8000103220643,-117.4728162795981,95.1,137.7,14.4,1359,2747.2,6.362511,6.94893,-1.11847,2.23694,-6.263432,1.342164,0.447388,0.894776,-2.8,0.5,2.8,-100.3,259.7,258.1,Tripod,Other,,21,5,True,,True,False,,Smart,RC,False,True,False,,,True,,False,False,False,False,False,False,False,False,False,False,0,Follow Yaw,-77.9,0,-108,252,False,False,False,False,False,,0,0,False,False,No Card,100,100,1024,1369,797,1125,2,False,False,False,False,False,0,False,False,False,False,81,,47.292,,8134,,10044,,47.292,,True,3.937,3.937,3.937,3.937,3.937,3.937,3.937,3.937,3.937,3.937,3.937,3.937,0,,False,False,True,,,,,,,,,,,,,,,False,False,18.738,,95.5,,75.7,,95.5,,1577,77,9,19,7,142059.7,18941.29,,Idle,,20,,10,,,20,Go Home,False,False,False,False,False,False,False,False,False,False,False,False,33.8027920380556,-117.4659261431046,2322.2,2972.0,1049.4,396.9,True,1,1,False,False,False,False,,True,False,False,Course Lock,196.8,67,16.4,93,E,S,1.56,11.4,Calm,False,False,Android,7.0.2,M300 RTK,1ZN7L4R0H1D00F,1W9DL31001461C,1ZMLH8300204F0,1Z6PH74DAP0QN7,"Corona, CA",728.3,5.7,137.7,8.547347,2.013246,0,0,DJI Matrice 300 RTK,M300 RTK,1ZN7L4R0H1D00F,1W9DL31001461C,1ZMLH8300204F0,1Z6PH74DAP0QN7,DJI Pilot,Android,7.0.2,1EF72A62-B7C3-C88D-164E-CE6F8C8424AE,1ZN7L4R0H1D00F,1W9DL31001461C,,1ZMLH8300204F0,1W9DL31001461C,,,,,
2023-11-01,11:30:10.42 AM,5m 48.1s,348.1,33.8000100128466,-117.4728194147974,95.1,137.7,14.4,1359,2748.2,6.362511,6.94893,-1.11847,2.23694,-6.263432,1.342164,0.447388,0.894776,-3,0.6,3,-100.1,259.9,263.2,Tripod,Other,,21,5,True,,True,False,,Smart,RC,False,True,False,,,True,,False,False,False,False,False,False,False,False,False,False,0,Follow Yaw,-77.9,0,-107.8,252.2,False,False,False,False,False,,0,0,False,False,No Card,100,100,1024,1373,797,1121,2,False,False,False,False,False,0,False,False,False,False,81,,47.292,,8134,,10044,,47.292,,True,3.937,3.937,3.937,3.937,3.937,3.937,3.937,3.937,3.937,3.937,3.937,3.937,0,,False,False,True,,,,,,,,,,,,,,,False,False,18.738,,95.5,,75.7,,95.5,,1577,77,9,19,7,142059.7,18941.29,,Idle,,20,,10,,,20,Go Home,False,False,False,False,False,False,False,False,False,False,False,False,33.8027920380556,-117.4659261431046,2323.1,2972.0,1049.4,396.9,True,1,1,False,False,False,False,,True,False,False,Course Lock,196.8,67,16.4,93,E,S,1.56,11.4,Calm,False,False,Android,7.0.2,M300 RTK,1ZN7L4R0H1D00F,1W9DL31001461C,1ZMLH8300204F0,1Z6PH74DAP0QN7,"Corona, CA",728.3,5.7,137.7,8.547347,2.013246,0,0,DJI Matrice 300 RTK,M300 RTK,1ZN7L4R0H1D00F,1W9DL31001461C,1ZMLH8300204F0,1Z6PH74DAP0QN7,DJI Pilot,Android,7.0.2,1EF72A62-B7C3-C88D-164E-CE6F8C8424AE,1ZN7L4R0H1D00F,1W9DL31001461C,,1ZMLH8300204F0,1W9DL31001461C,,,,,
2023-11-01,11:30:10.52 AM,5m 48.2s,348.2,33.8000095418926,-117.4728223832502,95.1,137.7,14.4,1359,2749.1,6.362511,6.94893,-1.11847,2.23694,-6.263432,1.342164,0.447388,0.894776,-2.9,0.5,2.9,-99.9,260.1,259.1,Tripod,Other,,22,5,True,,True,False,,Smart,RC,False,True,False,,,True,,False,False,False,False,False,False,False,False,False,False,0,Follow Yaw,-77.9,0,-107.6,252.4,False,False,False,False,False,,0,0,False,False,No Card,100,100,1024,1370,799,1122,2,False,False,False,False,False,0,False,False,False,False,81,,47.292,,8134,,10044,,47.292,,True,3.937,3.937,3.937,3.937,3.937,3.937,3.937,3.937,3.937,3.937,3.937,3.937,0,,False,False,True,,,,,,,,,,,,,,,False,False,18.738,,95.5,,75.7,,95.5,,1577,77,9,19,7,142059.7,18941.29,,Idle,,20,,10,,,20,Go Home,False,False,False,False,False,False,False,False,False,False,False,False,33.8027920380556,-117.4659261431046,2323.9,2972.0,1049.4,396.9,True,1,1,False,False,False,False,,True,False,False,Course Lock,196.8,67,16.4,93,E,S,1.56,11.4,Calm,False,False,Android,7.0.2,M300 RTK,1ZN7L4R0H1D00F,1W9DL31001461C,1ZMLH8300204F0,1Z6PH74DAP0QN7,"Corona, CA",728.3,5.7,137.7,8.547347,2.013246,0,0,DJI Matrice 300 RTK,M300 RTK,1ZN7L4R0H1D00F,1W9DL31001461C,1ZMLH8300204F0,1Z6PH74DAP0QN7,DJI Pilot,Android,7.0.2,1EF72A62-B7C3-C88D-164E-CE6F8C8424AE,1ZN7L4R0H1D00F,1W9DL31001461C,,1ZMLH8300204F0,1W9DL31001461C,,,,,
2023-11-01,11:30:10.64 AM,5m 48.3s,348.3,33.800009039688,-117.4728254082747,94.8,137.7,14.4,1359,2750.0,6.362511,6.94893,-1.11847,2.23694,-6.263432,1.342164,0.447388,0.894776,-2.8,0.4,2.8,-99.7,260.3,258.7,Tripod,Other,,22,5,True,,True,False,,Smart,RC,False,True,False,,,True,,False,False,False,False,False,False,False,False,False,False,0,Follow Yaw,-77.9,0,-107.5,252.5,False,False,False,False,False,,0,0,False,False,No Card,100,100,1024,1374,800,1112,2,False,False,False,False,False,0,False,False,False,False,81,,47.292,,8134,,10044,,47.292,,True,3.936,3.936,3.936,3.936,3.936,3.936,3.936,3.936,3.936,3.936,3.936,3.936,0,,False,False,True,,,,,,,,,,,,,,,False,False,18.738,,95.5,,75.7,,95.5,,1573,77,9,19,7,142219.1,18962.55,,Idle,,20,,10,,,20,Go Home,False,False,False,False,False,False,False,False,False,False,False,False,33.8027920380556,-117.4659261431046,2324.9,2972.0,1049.4,396.9,True,1,1,False,False,False,False,,True,False,False,Course Lock,196.8,67,16.4,93,E,S,1.56,11.4,Calm,False,False,Android,7.0.2,M300 RTK,1ZN7L4R0H1D00F,1W9DL31001461C,1ZMLH8300204F0,1Z6PH74DAP0QN7,"Corona, CA",728.3,5.7,137.7,8.547347,2.013246,0,0,DJI Matrice 300 RTK,M300 RTK,1ZN7L4R0H1D00F,1W9DL31001461C,1ZMLH8300204F0,1Z6PH74DAP0QN7,DJI Pilot,Android,7.0.2,1EF72A62-B7C3-C88D-164E-CE6F8C8424AE,1ZN7L4R0H1D00F,1W9DL31001461C,,1ZMLH8300204F0,1W9DL31001461C,,,,,
2023-11-01,11:30:10.73 AM,5m 48.4s,348.4,33.8000085418694,-117.4728287032935,94.8,137.7,14.4,1359,2751.1,6.327021,6.94893,-0.894776,2.23694,-6.263432,1.342164,0.447388,0.894776,-2.7,0.3,2.7,-99.5,260.5,259.6,Tripod,Other,,22,5,True,,True,False,,Smart,RC,False,True,False,,,True,,False,False,False,False,False,False,False,False,False,False,0,Follow Yaw,-77.9,0,-107.3,252.7,False,False,False,False,False,,0,0,False,False,No Card,100,100,1024,1372,804,1107,2,False,False,False,False,False,0,False,False,False,False,81,,47.292,,8134,,10044,,47.292,,True,3.936,3.936,3.936,3.936,3.936,3.936,3.936,3.936,3.936,3.936,3.936,3.936,0,,False,False,True,,,,,,,,,,,,,,,False,False,18.738,,95.5,,75.7,,95.5,,1573,77,9,19,7,142219.1,18962.55,,Idle,,20,,10,,,20,Go Home,False,False,False,False,False,False,False,False,False,False,False,False,33.8027920380556,-117.4659261431046,2325.8,2972.0,1049.4,396.9,True,1,1,False,False,False,False,,True,False,False,Course Lock,196.8,67,16.4,93,E,S,1.56,11.4,Calm,False,False,Android,7.0.2,M300 RTK,1ZN7L4R0H1D00F,1W9DL31001461C,1ZMLH8300204F0,1Z6PH74DAP0QN7,"Corona, CA",728.3,5.7,137.7,8.547347,2.013246,0,0,DJI Matrice 300 RTK,M300 RTK,1ZN7L4R0H1D00F,1W9DL31001461C,1ZMLH8300204F0,1Z6PH74DAP0QN7,DJI Pilot,Android,7.0.2,1EF72A62-B7C3-C88D-164E-CE6F8C8424AE,1ZN7L4R0H1D00F,1W9DL31001461C,,1ZMLH8300204F0,1W9DL31001461C,,,,,
2023-11-01,11:30:10.83 AM,5m 48.5s,348.5,33.8000081586368,-117.4728320580178,94.8,137.7,14.4,1359,2752.1,6.327021,6.94893,-0.894776,2.23694,-6.263432,1.342164,0.447388,0.894776,-2.5,0.1,2.5,-99.3,260.7,262.1,Tripod,Other,,22,5,True,,True,False,,Smart,RC,False,True,False,,,True,,False,False,False,False,False,False,False,False,False,False,0,Follow Yaw,-77.9,0,-107.2,252.8,False,False,False,False,False,,0,0,False,False,No Card,100,100,1024,1366,805,1107,2,False,False,False,False,False,0,False,False,False,False,81,,47.292,,8134,,10044,,47.292,,True,3.936,3.936,3.936,3.936,3.936,3.936,3.936,3.936,3.936,3.936,3.936,3.936,0,,False,False,True,,,,,,,,,,,,,,,False,False,18.738,,95.5,,75.7,,95.5,,1573,77,9,19,7,142219.1,18962.55,,Idle,,20,,10,,,20,Go Home,False,False,False,False,False,False,False,False,False,False,False,False,33.8027920380556,-117.4659261431046,2326.8,2972.0,1049.4,396.9,True,1,1,False,False,False,False,,True,False,False,Course Lock,196.8,67,16.4,93,E,S,1.56,11.4,Calm,False,False,Android,7.0.2,M300 RTK,1ZN7L4R0H1D00F,1W9DL31001461C,1ZMLH8300204F0,1Z6PH74DAP0QN7,"Corona, CA",728.3,5.7,137.7,8.547347,2.013246,0,0,DJI Matrice 300 RTK,M300 RTK,1ZN7L4R0H1D00F,1W9DL31001461C,1ZMLH8300204F0,1Z6PH74DAP0QN7,DJI Pilot,Android,7.0.2,1EF72A62-B7C3-C88D-164E-CE6F8C8424AE,1ZN7L4R0H1D00F,1W9DL31001461C,,1ZMLH8300204F0,1W9DL31001461C,,,,,
2023-11-01,11:30:10.94 AM,5m 48.6s,348.6,33.800007726061,-117.4728350690231,94.8,137.7,14.4,1359,2753.0,6.327021,6.94893,-0.894776,2.23694,-6.263432,1.342164,0.447388,0.894776,-2.4,0,2.4,-99.2,260.8,260.1,Tripod,Other,,22,5,True,,True,False,,Smart,RC,False,True,False,,,True,,False,False,False,False,False,False,False,False,False,False,0,Follow Yaw,-77.9,0,-107,253,False,False,False,False,False,,0,0,False,False,No Card,100,100,1024,1370,805,1101,2,False,False,False,False,False,0,False,False,False,False,81,,47.292,,8134,,10044,,47.292,,True,3.936,3.936,3.936,3.936,3.936,3.936,3.936,3.936,3.936,3.936,3.936,3.936,0,,False,False,True,,,,,,,,,,,,,,,False,False,18.738,,95.5,,75.7,,95.5,,1573,77,9,19,7,142219.1,18962.55,,Idle,,20,,10,,,20,Go Home,False,False,False,False,False,False,False,False,False,False,False,False,33.8027920380556,-117.4659261431046,2327.7,2972.0,1049.4,396.9,True,1,1,False,False,False,False,,True,False,False,Course Lock,196.8,67,16.4,93,E,S,1.56,11.4,Calm,False,False,Android,7.0.2,M300 RTK,1ZN7L4R0H1D00F,1W9DL31001461C,1ZMLH8300204F0,1Z6PH74DAP0QN7,"Corona, CA",728.3,5.7,137.7,8.547347,2.013246,0,0,DJI Matrice 300 RTK,M300 RTK,1ZN7L4R0H1D00F,1W9DL31001461C,1ZMLH8300204F0,1Z6PH74DAP0QN7,DJI Pilot,Android,7.0.2,1EF72A62-B7C3-C88D-164E-CE6F8C8424AE,1ZN7L4R0H1D00F,1W9DL31001461C,,1ZMLH8300204F0,1W9DL31001461C,,,,,
2023-11-01,11:30:11.04 AM,5m 48.7s,348.7,33.8000072611379,-117.472838178328,94.8,137.7,14.4,1359,2754.0,6.327021,6.94893,-0.894776,2.23694,-6.263432,1.342164,0.447388,0.894776,-2.3,0.1,2.3,-99,261,259.7,Tripod,Other,,22,5,True,,True,False,,Smart,RC,False,True,False,,,True,,False,False,False,False,False,False,False,False,False,False,0,Follow Yaw,-77.9,0,-106.9,253.1,False,False,False,False,False,,0,0,False,False,No Card,100,100,1024,1371,805,1102,2,False,False,False,False,False,0,False,False,False,False,81,,47.292,,8134,,10044,,47.292,,True,3.936,3.936,3.936,3.936,3.936,3.936,3.936,3.936,3.936,3.936,3.936,3.936,0,,False,False,True,,,,,,,,,,,,,,,False,False,18.738,,95.5,,75.7,,95.5,,1573,77,9,19,7,142219.1,18962.55,,Idle,,20,,10,,,20,Go Home,False,False,False,False,False,False,False,False,False,False,False,False,33.8027920380556,-117.4659261431046,2328.6,2972.0,1049.4,396.9,True,1,1,False,False,False,False,,True,False,False,Course Lock,196.8,67,16.4,93,E,S,1.56,11.4,Calm,False,False,Android,7.0.2,M300 RTK,1ZN7L4R0H1D00F,1W9DL31001461C,1ZMLH8300204F0,1Z6PH74DAP0QN7,"Corona, CA",728.3,5.7,137.7,8.547347,2.013246,0,0,DJI Matrice 300 RTK,M300 RTK,1ZN7L4R0H1D00F,1W9DL31001461C,1ZMLH8300204F0,1Z6PH74DAP0QN7,DJI Pilot,Android,7.0.2,1EF72A62-B7C3-C88D-164E-CE6F8C8424AE,1ZN7L4R0H1D00F,1W9DL31001461C,,1ZMLH8300204F0,1W9DL31001461C,,,,,
2023-11-01,11:30:11.14 AM,5m 48.8s,348.8,33.800006811566,-117.4728413442048,94.4,137.7,14.4,1358,2754.9,6.327021,6.94893,-0.894776,2.23694,-6.263432,1.342164,0.223694,0.894776,-2.3,0.1,2.3,-98.9,261.1,260.3,Tripod,Other,,21,5,True,,True,False,,Smart,RC,False,True,False,,,True,,False,False,False,False,False,False,False,False,False,False,0,Follow Yaw,-77.9,0,-106.8,253.2,False,False,False,False,False,,0,0,False,False,No Card,100,100,1024,1368,807,1099,2,False,False,False,False,False,0,False,False,False,False,81,,47.292,,8134,,10044,,47.292,,True,3.936,3.936,3.936,3.936,3.936,3.936,3.936,3.936,3.936,3.936,3.936,3.936,0,,False,False,True,,,,,,,,,,,,,,,False,False,18.738,,95.5,,75.7,,95.5,,1573,77,9,19,7,142219.1,18962.55,,Idle,,20,,10,,,20,Go Home,False,False,False,False,False,False,False,False,False,False,False,False,33.8027920380556,-117.4659261431046,2329.6,2972.0,1049.4,396.9,True,1,1,False,False,False,False,,True,False,False,Course Lock,196.8,67,16.4,93,E,S,1.56,11.4,Calm,False,False,Android,7.0.2,M300 RTK,1ZN7L4R0H1D00F,1W9DL31001461C,1ZMLH8300204F0,1Z6PH74DAP0QN7,"Corona, CA",728.3,5.7,137.7,8.547347,2.013246,0,0,DJI Matrice 300 RTK,M300 RTK,1ZN7L4R0H1D00F,1W9DL31001461C,1ZMLH8300204F0,1Z6PH74DAP0QN7,DJI Pilot,Android,7.0.2,1EF72A62-B7C3-C88D-164E-CE6F8C8424AE,1ZN7L4R0H1D00F,1W9DL31001461C,,1ZMLH8300204F0,1W9DL31001461C,,,,,
2023-11-01,11:30:11.25 AM,5m 48.9s,348.9,33.8000062537131,-117.4728446997538,94.4,137.7,14.1,1358,2756.0,6.548543,6.94893,-0.894776,2.23694,-6.487126,1.342164,0.223694,0.894776,-2.3,0.1,2.3,-98.8,261.2,258.6,Tripod,Other,,21,5,True,,True,False,,Smart,RC,False,True,False,,,True,,False,False,False,False,False,False,False,False,False,False,0,Follow Yaw,-77.9,0,-106.7,253.3,False,False,False,False,False,,0,0,False,False,No Card,100,100,1024,1369,808,1097,2,False,False,False,False,False,0,False,False,False,False,81,,47.292,,8134,,10044,,47.292,,True,3.936,3.936,3.936,3.936,3.936,3.936,3.936,3.936,3.936,3.936,3.936,3.936,0,,False,False,True,,,,,,,,,,,,,,,False,False,18.738,,95.5,,75.7,,95.5,,1573,77,9,19,7,142219.1,18962.55,,Idle,,20,,10,,,20,Go Home,False,False,False,False,False,False,False,False,False,False,False,False,33.8027920380556,-117.4659261431046,2330.6,2972.0,1049.4,396.9,True,1,1,False,False,False,False,,True,False,False,Course Lock,196.8,67,16.4,93,E,S,1.56,11.4,Calm,False,False,Android,7.0.2,M300 RTK,1ZN7L4R0H1D00F,1W9DL31001461C,1ZMLH8300204F0,1Z6PH74DAP0QN7,"Corona, CA",728.3,5.7,137.7,8.547347,2.013246,0,0,DJI Matrice 300 RTK,M300 RTK,1ZN7L4R0H1D00F,1W9DL31001461C,1ZMLH8300204F0,1Z6PH74DAP0QN7,DJI Pilot,Android,7.0.2,1EF72A62-B7C3-C88D-164E-CE6F8C8424AE,1ZN7L4R0H1D00F,1W9DL31001461C,,1ZMLH8300204F0,1W9DL31001461C,,,,,
2023-11-01,11:30:11.35 AM,5m 49.0s,349.0,33.8000057975622,-117.4728478737122,94.4,137.7,14.4,1358,2757.0,6.548543,6.94893,-0.894776,2.23694,-6.487126,1.342164,0.223694,0.894776,-2.1,0.1,2.1,-98.7,261.3,260.1,Tripod,Other,,21,5,True,,True,False,,Smart,RC,False,True,False,,,True,,False,False,False,False,False,False,False,False,False,False,0,Follow Yaw,-77.9,0,-106.5,253.5,False,False,False,False,False,,0,0,False,False,No Card,100,100,1024,1375,806,1103,2,False,False,False,False,False,0,False,False,False,False,81,,47.196,,4038,,4986,,47.196,,True,3.936,3.936,3.936,3.936,3.936,3.936,3.936,3.936,3.936,3.936,3.936,3.936,0,,False,False,True,,,,,,,,,,,,,,,False,False,9.186,,95.7,,75.7,,95.7,,1573,77,9,19,7,142219.1,18962.55,,Idle,,20,,10,,,20,Go Home,False,False,False,False,False,False,False,False,False,False,False,False,33.8027920380556,-117.4659261431046,2331.5,2972.0,1049.4,396.9,True,1,1,False,False,False,False,,True,False,False,Course Lock,196.8,67,16.4,93,E,S,1.56,11.4,Calm,False,False,Android,7.0.2,M300 RTK,1ZN7L4R0H1D00F,1W9DL31001461C,1ZMLH8300204F0,1Z6PH74DAP0QN7,"Corona, CA",728.3,5.7,137.7,8.547347,2.013246,0,0,DJI Matrice 300 RTK,M300 RTK,1ZN7L4R0H1D00F,1W9DL31001461C,1ZMLH8300204F0,1Z6PH74DAP0QN7,DJI Pilot,Android,7.0.2,1EF72A62-B7C3-C88D-164E-CE6F8C8424AE,1ZN7L4R0H1D00F,1W9DL31001461C,,1ZMLH8300204F0,1W9DL31001461C,,,,,
2023-11-01,11:30:11.45 AM,5m 49.1s,349.1,33.8000053973336,-117.4728509685031,94.4,137.7,14.1,1358,2757.9,6.548543,6.94893,-0.894776,2.23694,-6.487126,1.342164,0.223694,0.894776,-1.9,0,1.9,-98.7,261.3,261.1,Tripod,Other,,21,5,True,,True,False,,Smart,RC,False,True,False,,,True,,False,False,False,False,False,False,False,False,False,False,0,Follow Yaw,-77.9,0,-106.4,253.6,False,False,False,False,False,,0,0,False,False,No Card,100,100,1024,1375,810,1103,2,False,False,False,False,False,0,False,False,False,False,81,,47.196,,4038,,4986,,47.196,,True,3.936,3.936,3.936,3.936,3.936,3.936,3.936,3.936,3.936,3.936,3.936,3.936,0,,False,False,True,,,,,,,,,,,,,,,False,False,9.186,,95.7,,75.7,,95.7,,1573,77,9,19,7,142219.1,18962.55,,Idle,,20,,10,,,20,Go Home,False,False,False,False,False,False,False,False,False,False,False,False,33.8027920380556,-117.4659261431046,2332.4,2972.0,1049.4,396.9,True,1,1,False,False,False,False,,True,False,False,Course Lock,196.8,67,16.4,93,E,S,1.56,11.4,Calm,False,False,Android,7.0.2,M300 RTK,1ZN7L4R0H1D00F,1W9DL31001461C,1ZMLH8300204F0,1Z6PH74DAP0QN7,"Corona, CA",728.3,5.7,137.7,8.547347,2.013246,0,0,DJI Matrice 300 RTK,M300 RTK,1ZN7L4R0H1D00F,1W9DL31001461C,1ZMLH8300204F0,1Z6PH74DAP0QN7,DJI Pilot,Android,7.0.2,1EF72A62-B7C3-C88D-164E-CE6F8C8424AE,1ZN7L4R0H1D00F,1W9DL31001461C,,1ZMLH8300204F0,1W9DL31001461C,,,,,
2023-11-01,11:30:11.54 AM,5m 49.2s,349.2,33.8000049367966,-117.4728541531822,94.4,137.7,14.1,1358,2758.9,6.548543,6.94893,-0.894776,2.23694,-6.487126,1.342164,0.223694,0.894776,-1.6,0.2,1.6,-98.6,261.4,260.1,Tripod,Other,,21,5,True,,True,False,,Smart,RC,False,True,False,,,True,,False,False,False,False,False,False,False,False,False,False,0,Follow Yaw,-77.9,0,-106.3,253.7,False,False,False,False,False,,0,0,False,False,No Card,100,100,1024,1376,807,1103,2,False,False,False,False,False,0,False,False,False,False,81,,47.196,,4038,,4986,,47.196,,True,3.936,3.936,3.936,3.936,3.936,3.936,3.936,3.936,3.936,3.936,3.936,3.936,0,,False,False,True,,,,,,,,,,,,,,,False,False,9.186,,95.7,,75.7,,95.7,,1573,77,9,19,7,142219.1,18962.55,,Idle,,20,,10,,,20,Go Home,False,False,False,False,False,False,False,False,False,False,False,False,33.8027920380556,-117.4659261431046,2333.3,2972.0,1049.4,396.9,True,1,1,False,False,False,False,,True,False,False,Course Lock,196.8,67,16.4,93,E,S,1.56,11.4,Calm,False,False,Android,7.0.2,M300 RTK,1ZN7L4R0H1D00F,1W9DL31001461C,1ZMLH8300204F0,1Z6PH74DAP0QN7,"Corona, CA",728.3,5.7,137.7,8.547347,2.013246,0,0,DJI Matrice 300 RTK,M300 RTK,1ZN7L4R0H1D00F,1W9DL31001461C,1ZMLH8300204F0,1Z6PH74DAP0QN7,DJI Pilot,Android,7.0.2,1EF72A62-B7C3-C88D-164E-CE6F8C8424AE,1ZN7L4R0H1D00F,1W9DL31001461C,,1ZMLH8300204F0,1W9DL31001461C,,,,,
2023-11-01,11:30:11.66 AM,5m 49.3s,349.3,33.8000043030099,-117.4728574353362,94.1,137.7,14.1,1358,2759.9,6.548543,6.94893,-0.894776,2.23694,-6.487126,1.342164,0.223694,0.894776,-1.4,0.4,1.4,-98.4,261.6,256.9,Tripod,Other,,21,5,True,,True,False,,Smart,RC,False,True,False,,,True,,False,False,False,False,False,False,False,False,False,False,0,Follow Yaw,-77.9,0,-106.2,253.8,False,False,False,False,False,,0,0,False,False,No Card,100,100,1024,1368,810,1102,2,False,False,False,False,False,0,False,False,False,False,81,,47.196,,4038,,4986,,47.196,,True,3.94,3.94,3.94,3.94,3.94,3.94,3.94,3.94,3.94,3.94,3.94,3.94,0,,False,False,True,,,,,,,,,,,,,,,False,False,9.186,,95.7,,75.7,,95.7,,1569,77,9,19,7,142205.6,18960.75,,Idle,,20,,10,,,20,Go Home,False,False,False,False,False,False,False,False,False,False,False,False,33.8027920380556,-117.4659261431046,2334.3,2972.0,1049.4,396.9,True,1,1,False,False,False,False,,True,False,False,Course Lock,196.8,67,16.4,93,E,S,1.56,11.4,Calm,False,False,Android,7.0.2,M300 RTK,1ZN7L4R0H1D00F,1W9DL31001461C,1ZMLH8300204F0,1Z6PH74DAP0QN7,"Corona, CA",728.3,5.7,137.7,8.547347,2.013246,0,0,DJI Matrice 300 RTK,M300 RTK,1ZN7L4R0H1D00F,1W9DL31001461C,1ZMLH8300204F0,1Z6PH74DAP0QN7,DJI Pilot,Android,7.0.2,1EF72A62-B7C3-C88D-164E-CE6F8C8424AE,1ZN7L4R0H1D00F,1W9DL31001461C,,1ZMLH8300204F0,1W9DL31001461C,,,,,
2023-11-01,11:30:11.77 AM,5m 49.4s,349.4,33.8000038567276,-117.4728604465064,94.1,137.7,14.1,1358,2760.8,6.327021,6.94893,-0.894776,2.23694,-6.263432,1.342164,0.223694,0.894776,-1.7,0.6,1.8,-98.3,261.7,259.8,Tripod,Other,,20,5,True,,True,False,,Smart,RC,False,True,False,,,True,,False,False,False,False,False,False,False,False,False,False,0,Follow Yaw,-77.9,0,-106.1,253.9,False,False,False,False,False,,0,0,False,False,No Card,100,100,1024,1370,811,1102,2,False,False,False,False,False,0,False,False,False,False,81,,47.196,,4038,,4986,,47.196,,True,3.94,3.94,3.94,3.94,3.94,3.94,3.94,3.94,3.94,3.94,3.94,3.94,0,,False,False,True,,,,,,,,,,,,,,,False,False,9.186,,95.7,,75.7,,95.7,,1569,77,9,19,7,142205.6,18960.75,,Idle,,20,,10,,,20,Go Home,False,False,False,False,False,False,False,False,False,False,False,False,33.8027920380556,-117.4659261431046,2335.2,2972.0,1049.4,396.9,True,1,1,False,False,False,False,,True,False,False,Course Lock,196.8,67,16.4,93,E,S,1.56,11.4,Calm,False,False,Android,7.0.2,M300 RTK,1ZN7L4R0H1D00F,1W9DL31001461C,1ZMLH8300204F0,1Z6PH74DAP0QN7,"Corona, CA",728.3,5.7,137.7,8.547347,2.013246,0,0,DJI Matrice 300 RTK,M300 RTK,1ZN7L4R0H1D00F,1W9DL31001461C,1ZMLH8300204F0,1Z6PH74DAP0QN7,DJI Pilot,Android,7.0.2,1EF72A62-B7C3-C88D-164E-CE6F8C8424AE,1ZN7L4R0H1D00F,1W9DL31001461C,,1ZMLH8300204F0,1W9DL31001461C,,,,,
2023-11-01,11:30:11.87 AM,5m 49.5s,349.5,33.8000034932323,-117.4728632868067,94.1,137.7,14.1,1358,2761.7,6.327021,6.94893,-0.894776,2.23694,-6.263432,1.342164,0.223694,0.894776,-1.9,0.5,1.9,-98.1,261.9,261.2,Tripod,Other,,20,5,True,,True,False,,Smart,RC,False,True,False,,,True,,False,False,False,False,False,False,False,False,False,False,0,Follow Yaw,-77.9,0,-105.9,254.1,False,False,False,False,False,,0,0,False,False,No Card,100,100,1024,1368,801,1142,2,False,False,False,False,False,0,False,False,False,False,81,,47.196,,4038,,4986,,47.196,,True,3.94,3.94,3.94,3.94,3.94,3.94,3.94,3.94,3.94,3.94,3.94,3.94,0,,False,False,True,,,,,,,,,,,,,,,False,False,9.186,,95.7,,75.7,,95.7,,1569,77,9,19,7,142205.6,18960.75,,Idle,,20,,10,,,20,Go Home,False,False,False,False,False,False,False,False,False,False,False,False,33.8027920380556,-117.4659261431046,2336.1,2972.0,1049.4,396.9,True,1,1,False,False,False,False,,True,False,False,Course Lock,196.8,67,16.4,93,E,S,1.56,11.4,Calm,False,False,Android,7.0.2,M300 RTK,1ZN7L4R0H1D00F,1W9DL31001461C,1ZMLH8300204F0,1Z6PH74DAP0QN7,"Corona, CA",728.3,5.7,137.7,8.547347,2.013246,0,0,DJI Matrice 300 RTK,M300 RTK,1ZN7L4R0H1D00F,1W9DL31001461C,1ZMLH8300204F0,1Z6PH74DAP0QN7,DJI Pilot,Android,7.0.2,1EF72A62-B7C3-C88D-164E-CE6F8C8424AE,1ZN7L4R0H1D00F,1W9DL31001461C,,1ZMLH8300204F0,1W9DL31001461C,,,,,
2023-11-01,11:30:11.97 AM,5m 49.6s,349.6,33.8000030209077,-117.472866580671,94.1,137.7,14.1,1358,2762.7,6.327021,6.94893,-0.894776,2.23694,-6.263432,1.342164,0.223694,0.894776,-1.9,0.6,1.9,-98,262,260.2,Tripod,Other,,21,5,True,,True,False,,Smart,RC,False,True,False,,,True,,False,False,False,False,False,False,False,False,False,False,0,Follow Yaw,-77.9,0,-105.8,254.2,False,False,False,False,False,,0,0,False,False,No Card,100,100,1024,1368,801,1147,2,False,False,False,False,False,0,False,False,False,False,81,,47.196,,4038,,4986,,47.196,,True,3.94,3.94,3.94,3.94,3.94,3.94,3.94,3.94,3.94,3.94,3.94,3.94,0,,False,False,True,,,,,,,,,,,,,,,False,False,9.186,,95.7,,75.7,,95.7,,1569,77,9,19,7,142205.6,18960.75,,Idle,,20,,10,,,20,Go Home,False,False,False,False,False,False,False,False,False,False,False,False,33.8027920380556,-117.4659261431046,2337.0,2972.0,1049.4,396.9,True,1,1,False,False,False,False,,True,False,False,Course Lock,196.8,67,16.4,93,E,S,1.56,11.4,Calm,False,False,Android,7.0.2,M300 RTK,1ZN7L4R0H1D00F,1W9DL31001461C,1ZMLH8300204F0,1Z6PH74DAP0QN7,"Corona, CA",728.3,5.7,137.7,8.547347,2.013246,0,0,DJI Matrice 300 RTK,M300 RTK,1ZN7L4R0H1D00F,1W9DL31001461C,1ZMLH8300204F0,1Z6PH74DAP0QN7,DJI Pilot,Android,7.0.2,1EF72A62-B7C3-C88D-164E-CE6F8C8424AE,1ZN7L4R0H1D00F,1W9DL31001461C,,1ZMLH8300204F0,1W9DL31001461C,,,,,
2023-11-01,11:30:12.07 AM,5m 49.7s,349.7,33.8000025897025,-117.472870157889,94.1,137.7,14.1,1358,2763.8,6.327021,6.94893,-0.894776,2.23694,-6.263432,1.342164,0.223694,0.894776,-1.9,0.7,2,-97.8,262.2,261.7,Tripod,Other,,21,5,True,,True,False,,Smart,RC,False,True,False,,,True,,False,False,False,False,False,False,False,False,False,False,0,Follow Yaw,-77.9,0,-105.6,254.4,False,False,False,False,False,,0,0,False,False,No Card,100,100,1024,1370,801,1147,2,False,False,False,False,False,0,False,False,False,False,81,,47.196,,4038,,4986,,47.196,,True,3.94,3.94,3.94,3.94,3.94,3.94,3.94,3.94,3.94,3.94,3.94,3.94,0,,False,False,True,,,,,,,,,,,,,,,False,False,9.186,,95.7,,75.7,,95.7,,1569,77,9,19,7,142205.6,18960.75,,Idle,,20,,10,,,20,Go Home,False,False,False,False,False,False,False,False,False,False,False,False,33.8027920380556,-117.4659261431046,2338.1,2972.0,1049.4,396.9,True,1,1,False,False,False,False,,True,False,False,Course Lock,196.8,67,16.4,93,E,S,1.56,11.4,Calm,False,False,Android,7.0.2,M300 RTK,1ZN7L4R0H1D00F,1W9DL31001461C,1ZMLH8300204F0,1Z6PH74DAP0QN7,"Corona, CA",728.3,5.7,137.7,8.547347,2.013246,0,0,DJI Matrice 300 RTK,M300 RTK,1ZN7L4R0H1D00F,1W9DL31001461C,1ZMLH8300204F0,1Z6PH74DAP0QN7,DJI Pilot,Android,7.0.2,1EF72A62-B7C3-C88D-164E-CE6F8C8424AE,1ZN7L4R0H1D00F,1W9DL31001461C,,1ZMLH8300204F0,1W9DL31001461C,,,,,
2023-11-01,11:30:12.18 AM,5m 49.8s,349.8,33.8000021574008,-117.4728733338267,93.8,137.7,14.1,1358,2764.8,6.327021,6.94893,-0.894776,2.23694,-6.263432,1.342164,0.223694,0.894776,-2,0.8,2.1,-97.6,262.4,260.6,Tripod,Other,,21,5,True,,True,False,,Smart,RC,False,True,False,,,True,,False,False,False,False,False,False,False,False,False,False,0,Follow Yaw,-77.9,0,-105.4,254.6,False,False,False,False,False,,0,0,False,False,No Card,100,100,1024,1368,800,1146,2,False,False,False,False,False,0,False,False,False,False,81,,47.196,,4038,,4986,,47.196,,True,3.94,3.94,3.94,3.94,3.94,3.94,3.94,3.94,3.94,3.94,3.94,3.94,0,,False,False,True,,,,,,,,,,,,,,,False,False,9.186,,95.7,,75.7,,95.7,,1569,77,9,19,7,142205.6,18960.75,,Idle,,20,,10,,,20,Go Home,False,False,False,False,False,False,False,False,False,False,False,False,33.8027920380556,-117.4659261431046,2339.0,2972.0,1049.4,396.9,True,1,1,False,False,False,False,,True,False,False,Course Lock,196.8,67,16.4,93,E,S,1.56,11.4,Calm,False,False,Android,7.0.2,M300 RTK,1ZN7L4R0H1D00F,1W9DL31001461C,1ZMLH8300204F0,1Z6PH74DAP0QN7,"Corona, CA",728.3,5.7,137.7,8.547347,2.013246,0,0,DJI Matrice 300 RTK,M300 RTK,1ZN7L4R0H1D00F,1W9DL31001461C,1ZMLH8300204F0,1Z6PH74DAP0QN7,DJI Pilot,Android,7.0.2,1EF72A62-B7C3-C88D-164E-CE6F8C8424AE,1ZN7L4R0H1D00F,1W9DL31001461C,,1ZMLH8300204F0,1W9DL31001461C,,,,,
2023-11-01,11:30:12.24 AM,5m 49.9s,349.9,33.800001824608,-117.472876205794,93.8,137.7,14.1,1358,2765.7,6.548543,6.94893,-0.894776,2.23694,-6.487126,1.342164,0.223694,0.894776,-2.1,1.1,2.3,-97.3,262.7,262.0,Tripod,Other,,21,5,True,,True,False,,Smart,RC,False,True,False,,,True,,False,False,False,False,False,False,False,False,False,False,0,Follow Yaw,-77.9,0,-105.1,254.9,False,False,False,False,False,,0,0,False,False,No Card,100,100,1024,1368,802,1134,2,False,False,False,False,False,0,False,False,False,False,81,,47.196,,4038,,4986,,47.196,,True,3.94,3.94,3.94,3.94,3.94,3.94,3.94,3.94,3.94,3.94,3.94,3.94,0,,False,False,True,,,,,,,,,,,,,,,False,False,9.186,,95.7,,75.7,,95.7,,1569,77,9,19,7,142205.6,18960.75,,Idle,,20,,10,,,20,Go Home,False,False,False,False,False,False,False,False,False,False,False,False,33.8027920380556,-117.4659261431046,2339.9,2972.0,1049.4,396.9,True,1,1,False,False,False,False,,True,False,False,Course Lock,196.8,67,16.4,93,E,S,1.56,11.4,Calm,False,False,Android,7.0.2,M300 RTK,1ZN7L4R0H1D00F,1W9DL31001461C,1ZMLH8300204F0,1Z6PH74DAP0QN7,"Corona, CA",728.3,5.7,137.7,8.547347,2.013246,0,0,DJI Matrice 300 RTK,M300 RTK,1ZN7L4R0H1D00F,1W9DL31001461C,1ZMLH8300204F0,1Z6PH74DAP0QN7,DJI Pilot,Android,7.0.2,1EF72A62-B7C3-C88D-164E-CE6F8C8424AE,1ZN7L4R0H1D00F,1W9DL31001461C,,1ZMLH8300204F0,1W9DL31001461C,,,,,
2023-11-01,11:30:12.34 AM,5m 50.0s,350.0,33.8000014347963,-117.4728793569918,93.8,137.7,14.1,1358,2766.6,6.521744,6.94893,-0.671082,2.23694,-6.487126,1.342164,0.223694,0.894776,-2.2,1.4,2.6,-97,263,261.5,Tripod,Other,,21,5,True,,True,False,,Smart,RC,False,True,False,,,True,,False,False,False,False,False,False,False,False,False,False,0,Follow Yaw,-77.9,0,-104.9,255.1,False,False,False,False,False,,0,0,False,False,No Card,100,100,1024,1367,809,1117,2,False,False,False,False,False,0,False,False,False,False,81,,47.292,,8134,,10044,,47.292,,True,3.94,3.94,3.94,3.94,3.94,3.94,3.94,3.94,3.94,3.94,3.94,3.94,0,,False,False,True,,,,,,,,,,,,,,,False,False,18.646,,95.7,,75.7,,95.7,,1569,77,9,19,7,142205.6,18960.75,,Idle,,20,,10,,,20,Go Home,False,False,False,False,False,False,False,False,False,False,False,False,33.8027920380556,-117.4659261431046,2340.8,2972.0,1049.4,396.9,True,1,1,False,False,False,False,,True,False,False,Course Lock,196.8,67,16.4,93,E,S,1.56,11.4,Calm,False,False,Android,7.0.2,M300 RTK,1ZN7L4R0H1D00F,1W9DL31001461C,1ZMLH8300204F0,1Z6PH74DAP0QN7,"Corona, CA",728.3,5.7,137.7,8.547347,2.013246,0,0,DJI Matrice 300 RTK,M300 RTK,1ZN7L4R0H1D00F,1W9DL31001461C,1ZMLH8300204F0,1Z6PH74DAP0QN7,DJI Pilot,Android,7.0.2,1EF72A62-B7C3-C88D-164E-CE6F8C8424AE,1ZN7L4R0H1D00F,1W9DL31001461C,,1ZMLH8300204F0,1W9DL31001461C,,,,,
2023-11-01,11:30:12.44 AM,5m 50.1s,350.1,33.8000010647219,-117.4728827066032,93.8,137.7,14.1,1358,2767.7,6.521744,6.94893,-0.671082,2.23694,-6.487126,1.342164,0.447388,0.894776,-2.4,1.2,2.6,-96.9,263.1,262.4,Tripod,Other,,21,5,True,,True,False,,Smart,RC,False,True,False,,,True,,False,False,False,False,False,False,False,False,False,False,0,Follow Yaw,-77.9,0,-104.8,255.2,False,False,False,False,False,,0,0,False,False,No Card,100,100,1024,1366,810,1114,2,False,False,False,False,False,0,False,False,False,False,81,,47.292,,8134,,10044,,47.292,,True,3.94,3.94,3.94,3.94,3.94,3.94,3.94,3.94,3.94,3.94,3.94,3.94,0,,False,False,True,,,,,,,,,,,,,,,False,False,18.646,,95.7,,75.7,,95.7,,1569,77,9,19,7,142205.6,18960.75,,Idle,,20,,10,,,20,Go Home,False,False,False,False,False,False,False,False,False,False,False,False,33.8027920380556,-117.4659261431046,2341.8,2972.0,1049.4,396.9,True,1,1,False,False,False,False,,True,False,False,Course Lock,196.8,67,16.4,93,E,S,1.56,11.4,Calm,False,False,Android,7.0.2,M300 RTK,1ZN7L4R0H1D00F,1W9DL31001461C,1ZMLH8300204F0,1Z6PH74DAP0QN7,"Corona, CA",728.3,5.7,137.7,8.547347,2.013246,0,0,DJI Matrice 300 RTK,M300 RTK,1ZN7L4R0H1D00F,1W9DL31001461C,1ZMLH8300204F0,1Z6PH74DAP0QN7,DJI Pilot,Android,7.0.2,1EF72A62-B7C3-C88D-164E-CE6F8C8424AE,1ZN7L4R0H1D00F,1W9DL31001461C,,1ZMLH8300204F0,1W9DL31001461C,,,,,
2023-11-01,11:30:12.54 AM,5m 50.2s,350.2,33.8000007300102,-117.4728858912822,93.8,137.7,14.1,1358,2768.6,6.521744,6.94893,-0.671082,2.23694,-6.487126,1.342164,0.447388,0.894776,-2.2,0.7,2.3,-96.7,263.3,262.7,Tripod,Other,,22,5,True,,True,False,,Smart,RC,False,True,False,,,True,,False,False,False,False,False,False,False,False,False,False,0,Follow Yaw,-77.9,0,-104.6,255.4,False,False,False,False,False,,0,0,False,False,No Card,100,100,1024,1365,812,1111,2,False,False,False,False,False,0,False,False,False,False,81,,47.292,,8134,,10044,,47.292,,True,3.94,3.94,3.94,3.94,3.94,3.94,3.94,3.94,3.94,3.94,3.94,3.94,0,,False,False,True,,,,,,,,,,,,,,,False,False,18.646,,95.7,,75.7,,95.7,,1569,77,9,19,7,142205.6,18960.75,,Idle,,20,,10,,,20,Go Home,False,False,False,False,False,False,False,False,False,False,False,False,33.8027920380556,-117.4659261431046,2342.7,2972.0,1049.4,396.9,True,1,1,False,False,False,False,,True,False,False,Course Lock,196.8,67,16.4,93,E,S,1.56,11.4,Calm,False,False,Android,7.0.2,M300 RTK,1ZN7L4R0H1D00F,1W9DL31001461C,1ZMLH8300204F0,1Z6PH74DAP0QN7,"Corona, CA",728.3,5.7,137.7,8.547347,2.013246,0,0,DJI Matrice 300 RTK,M300 RTK,1ZN7L4R0H1D00F,1W9DL31001461C,1ZMLH8300204F0,1Z6PH74DAP0QN7,DJI Pilot,Android,7.0.2,1EF72A62-B7C3-C88D-164E-CE6F8C8424AE,1ZN7L4R0H1D00F,1W9DL31001461C,,1ZMLH8300204F0,1W9DL31001461C,,,,,
2023-11-01,11:30:12.64 AM,5m 50.3s,350.3,33.8000004775372,-117.4728895118775,93.5,137.7,14.1,1357,2769.7,6.521744,6.94893,-0.671082,2.23694,-6.487126,1.342164,0.447388,0.894776,-1.8,0.2,1.8,-96.6,263.4,265.2,Tripod,Other,,22,5,True,,True,False,,Smart,RC,False,True,False,,,True,,False,False,False,False,False,False,False,False,False,False,0,Follow Yaw,-77.9,0,-104.5,255.5,False,False,False,False,False,,0,0,False,False,No Card,100,100,1024,1367,809,1110,2,False,False,False,False,False,0,False,False,False,False,81,,47.292,,8134,,10044,,47.292,,True,3.94,3.94,3.94,3.94,3.94,3.94,3.94,3.94,3.94,3.94,3.94,3.94,0,,False,False,True,,,,,,,,,,,,,,,False,False,18.646,,95.7,,75.7,,95.7,,1566,78,9,19,7,141986.3,18931.50,,Idle,,20,,10,,,20,Go Home,False,False,False,False,False,False,False,False,False,False,False,False,33.8027920380556,-117.4659261431046,2343.7,2972.0,1049.4,396.9,True,1,1,False,False,False,False,,True,False,False,Course Lock,196.8,67,16.4,93,E,S,1.56,11.4,Calm,False,False,Android,7.0.2,M300 RTK,1ZN7L4R0H1D00F,1W9DL31001461C,1ZMLH8300204F0,1Z6PH74DAP0QN7,"Corona, CA",728.3,5.7,137.7,8.547347,2.013246,0,0,DJI Matrice 300 RTK,M300 RTK,1ZN7L4R0H1D00F,1W9DL31001461C,1ZMLH8300204F0,1Z6PH74DAP0QN7,DJI Pilot,Android,7.0.2,1EF72A62-B7C3-C88D-164E-CE6F8C8424AE,1ZN7L4R0H1D00F,1W9DL31001461C,,1ZMLH8300204F0,1W9DL31001461C,,,,,
2023-11-01,11:30:12.74 AM,5m 50.4s,350.4,33.800000192717,-117.4728925811039,93.5,137.7,14.1,1357,2770.7,6.521744,6.94893,-0.671082,2.23694,-6.487126,1.342164,0.447388,0.894776,-1.7,0,1.7,-96.5,263.5,263.6,Tripod,Other,,22,5,True,,True,False,,Smart,RC,False,True,False,,,True,,False,False,False,False,False,False,False,False,False,False,0,Follow Yaw,-77.9,0,-104.3,255.7,False,False,False,False,False,,0,0,False,False,No Card,100,100,1024,1367,809,1110,2,False,False,False,False,False,0,False,False,False,False,81,,47.292,,8134,,10044,,47.292,,True,3.94,3.94,3.94,3.94,3.94,3.94,3.94,3.94,3.94,3.94,3.94,3.94,0,,False,False,True,,,,,,,,,,,,,,,False,False,18.646,,95.7,,75.7,,95.7,,1566,78,9,19,7,141986.3,18931.50,,Idle,,20,,10,,,20,Go Home,False,False,False,False,False,False,False,False,False,False,False,False,33.8027920380556,-117.4659261431046,2344.6,2972.0,1049.4,396.9,True,1,1,False,False,False,False,,True,False,False,Course Lock,196.8,67,16.4,93,E,S,1.56,11.4,Calm,False,False,Android,7.0.2,M300 RTK,1ZN7L4R0H1D00F,1W9DL31001461C,1ZMLH8300204F0,1Z6PH74DAP0QN7,"Corona, CA",728.3,5.7,137.7,8.547347,2.013246,0,0,DJI Matrice 300 RTK,M300 RTK,1ZN7L4R0H1D00F,1W9DL31001461C,1ZMLH8300204F0,1Z6PH74DAP0QN7,DJI Pilot,Android,7.0.2,1EF72A62-B7C3-C88D-164E-CE6F8C8424AE,1ZN7L4R0H1D00F,1W9DL31001461C,,1ZMLH8300204F0,1W9DL31001461C,,,,,
2023-11-01,11:30:12.84 AM,5m 50.5s,350.5,33.800000025224,-117.472895763309,93.5,137.7,14.1,1357,2771.6,6.502534,6.94893,-0.447388,2.23694,-6.487126,1.342164,0.223694,0.894776,-1.6,-0.1,1.6,-96.3,263.7,266.3,Tripod,Other,,22,5,True,,True,False,,Smart,RC,False,True,False,,,True,,False,False,False,False,False,False,False,False,False,False,0,Follow Yaw,-77.9,0,-104.2,255.8,False,False,False,False,False,,0,0,False,False,No Card,100,100,1024,1366,816,1090,2,False,False,False,False,False,0,False,False,False,False,81,,47.292,,8134,,10044,,47.292,,True,3.94,3.94,3.94,3.94,3.94,3.94,3.94,3.94,3.94,3.94,3.94,3.94,0,,False,False,True,,,,,,,,,,,,,,,False,False,18.646,,95.7,,75.7,,95.7,,1566,78,9,19,7,141986.3,18931.50,,Idle,,20,,10,,,20,Go Home,False,False,False,False,False,False,False,False,False,False,False,False,33.8027920380556,-117.4659261431046,2345.5,2972.0,1049.4,396.9,True,1,1,False,False,False,False,,True,False,False,Course Lock,196.8,67,16.4,93,E,S,1.56,11.4,Calm,False,False,Android,7.0.2,M300 RTK,1ZN7L4R0H1D00F,1W9DL31001461C,1ZMLH8300204F0,1Z6PH74DAP0QN7,"Corona, CA",728.3,5.7,137.7,8.547347,2.013246,0,0,DJI Matrice 300 RTK,M300 RTK,1ZN7L4R0H1D00F,1W9DL31001461C,1ZMLH8300204F0,1Z6PH74DAP0QN7,DJI Pilot,Android,7.0.2,1EF72A62-B7C3-C88D-164E-CE6F8C8424AE,1ZN7L4R0H1D00F,1W9DL31001461C,,1ZMLH8300204F0,1W9DL31001461C,,,,,
2023-11-01,11:30:12.94 AM,5m 50.6s,350.6,33.7999997516431,-117.4728989719032,93.5,137.7,14.1,1357,2772.6,6.502534,6.94893,-0.447388,2.23694,-6.487126,1.342164,0.223694,0.894776,-1.7,0,1.7,-96.1,263.9,264.1,Tripod,Other,,22,5,True,,True,False,,Smart,RC,False,True,False,,,True,,False,False,False,False,False,False,False,False,False,False,0,Follow Yaw,-77.9,0,-104.1,255.9,False,False,False,False,False,,0,0,False,False,No Card,100,100,1024,1369,815,1060,2,False,False,False,False,False,0,False,False,False,False,81,,47.292,,8134,,10044,,47.292,,True,3.94,3.94,3.94,3.94,3.94,3.94,3.94,3.94,3.94,3.94,3.94,3.94,0,,False,False,True,,,,,,,,,,,,,,,False,False,18.646,,95.7,,75.7,,95.7,,1566,78,9,19,7,141986.3,18931.50,,Idle,,20,,10,,,20,Go Home,False,False,False,False,False,False,False,False,False,False,False,False,33.8027920380556,-117.4659261431046,2346.4,2972.0,1049.4,396.9,True,1,1,False,False,False,False,,True,False,False,Course Lock,196.8,67,16.4,93,E,S,1.56,11.4,Calm,False,False,Android,7.0.2,M300 RTK,1ZN7L4R0H1D00F,1W9DL31001461C,1ZMLH8300204F0,1Z6PH74DAP0QN7,"Corona, CA",728.3,5.7,137.7,8.547347,2.013246,0,0,DJI Matrice 300 RTK,M300 RTK,1ZN7L4R0H1D00F,1W9DL31001461C,1ZMLH8300204F0,1Z6PH74DAP0QN7,DJI Pilot,Android,7.0.2,1EF72A62-B7C3-C88D-164E-CE6F8C8424AE,1ZN7L4R0H1D00F,1W9DL31001461C,,1ZMLH8300204F0,1W9DL31001461C,,,,,
2023-11-01,11:30:13.04 AM,5m 50.7s,350.7,33.799999373619,-117.4729021768689,93.5,137.7,14.1,1357,2773.6,6.502534,6.94893,-0.447388,2.23694,-6.487126,1.342164,0.223694,0.894776,-1.8,0,1.8,-96,264,261.9,Tripod,Other,,22,5,True,,True,False,,Smart,RC,False,True,False,,,True,,False,False,False,False,False,False,False,False,False,False,0,Follow Yaw,-77.9,0,-104,256,False,False,False,False,False,,0,0,False,False,No Card,100,100,1024,1368,824,1024,2,False,False,False,False,False,0,False,False,False,False,81,,47.184,,4038,,4986,,47.184,,True,3.94,3.94,3.94,3.94,3.94,3.94,3.94,3.94,3.94,3.94,3.94,3.94,0,,False,False,True,,,,,,,,,,,,,,,False,False,9.334,,95.7,,75.7,,95.7,,1566,78,9,19,7,141986.3,18931.50,,Idle,,20,,10,,,20,Go Home,False,False,False,False,False,False,False,False,False,False,False,False,33.8027920380556,-117.4659261431046,2347.3,2972.0,1049.4,396.9,True,1,1,False,False,False,False,,True,False,False,Course Lock,196.8,67,16.4,93,E,S,1.56,11.4,Calm,False,False,Android,7.0.2,M300 RTK,1ZN7L4R0H1D00F,1W9DL31001461C,1ZMLH8300204F0,1Z6PH74DAP0QN7,"Corona, CA",728.3,5.7,137.7,8.547347,2.013246,0,0,DJI Matrice 300 RTK,M300 RTK,1ZN7L4R0H1D00F,1W9DL31001461C,1ZMLH8300204F0,1Z6PH74DAP0QN7,DJI Pilot,Android,7.0.2,1EF72A62-B7C3-C88D-164E-CE6F8C8424AE,1ZN7L4R0H1D00F,1W9DL31001461C,,1ZMLH8300204F0,1W9DL31001461C,,,,,
2023-11-01,11:30:13.14 AM,5m 50.8s,350.8,33.7999991016828,-117.4729053782062,93.1,137.7,14.1,1357,2774.6,6.502534,6.94893,-0.447388,2.23694,-6.487126,1.342164,0.223694,0.894776,-1.9,-0.3,1.9,-95.9,264.1,264.1,Tripod,Other,,22,5,True,,True,False,,Smart,RC,False,True,False,,,True,,False,False,False,False,False,False,False,False,False,False,0,Follow Yaw,-77.9,0,-104,256,False,False,False,False,False,,0,0,False,False,No Card,100,100,1024,1368,821,1024,2,False,False,False,False,False,0,False,False,False,False,81,,47.184,,4038,,4986,,47.184,,True,3.94,3.94,3.94,3.94,3.94,3.94,3.94,3.94,3.94,3.94,3.94,3.94,0,,False,False,True,,,,,,,,,,,,,,,False,False,9.334,,95.7,,75.7,,95.7,,1566,78,9,19,7,141986.3,18931.50,,Idle,,20,,10,,,20,Go Home,False,False,False,False,False,False,False,False,False,False,False,False,33.8027920380556,-117.4659261431046,2348.3,2972.0,1049.4,396.9,True,1,1,False,False,False,False,,True,False,False,Course Lock,196.8,67,16.4,93,E,S,1.56,11.4,Calm,False,False,Android,7.0.2,M300 RTK,1ZN7L4R0H1D00F,1W9DL31001461C,1ZMLH8300204F0,1Z6PH74DAP0QN7,"Corona, CA",728.3,5.7,137.7,8.547347,2.013246,0,0,DJI Matrice 300 RTK,M300 RTK,1ZN7L4R0H1D00F,1W9DL31001461C,1ZMLH8300204F0,1Z6PH74DAP0QN7,DJI Pilot,Android,7.0.2,1EF72A62-B7C3-C88D-164E-CE6F8C8424AE,1ZN7L4R0H1D00F,1W9DL31001461C,,1ZMLH8300204F0,1W9DL31001461C,,,,,
2023-11-01,11:30:13.24 AM,5m 50.9s,350.9,33.7999989994326,-117.4729088879669,93.1,137.7,14.1,1357,2775.6,6.502534,6.94893,-0.447388,2.23694,-6.487126,1.342164,0.223694,0.894776,-2,-0.5,2,-95.8,264.2,267.9,Tripod,Other,,22,5,True,,True,False,,Smart,RC,False,True,False,,,True,,False,False,False,False,False,False,False,False,False,False,0,Follow Yaw,-77.9,0,-104,256,False,False,False,False,False,,0,0,False,False,No Card,100,100,1024,1369,807,1024,2,False,False,False,False,False,0,False,False,False,False,81,,47.184,,4038,,4986,,47.184,,True,3.94,3.94,3.94,3.94,3.94,3.94,3.94,3.94,3.94,3.94,3.94,3.94,0,,False,False,True,,,,,,,,,,,,,,,False,False,9.334,,95.7,,75.7,,95.7,,1566,78,9,19,7,141986.3,18931.50,,Idle,,20,,10,,,20,Go Home,False,False,False,False,False,False,False,False,False,False,False,False,33.8027920380556,-117.4659261431046,2349.2,2972.0,1049.4,396.9,True,1,1,False,False,False,False,,True,False,False,Course Lock,196.8,67,16.4,93,E,S,1.56,11.4,Calm,False,False,Android,7.0.2,M300 RTK,1ZN7L4R0H1D00F,1W9DL31001461C,1ZMLH8300204F0,1Z6PH74DAP0QN7,"Corona, CA",728.3,5.7,137.7,8.547347,2.013246,0,0,DJI Matrice 300 RTK,M300 RTK,1ZN7L4R0H1D00F,1W9DL31001461C,1ZMLH8300204F0,1Z6PH74DAP0QN7,DJI Pilot,Android,7.0.2,1EF72A62-B7C3-C88D-164E-CE6F8C8424AE,1ZN7L4R0H1D00F,1W9DL31001461C,,1ZMLH8300204F0,1W9DL31001461C,,,,,
2023-11-01,11:30:13.34 AM,5m 51.0s,351.0,33.7999987598437,-117.4729119520804,93.1,137.7,13.7,1357,2776.6,6.502534,6.94893,-0.447388,2.23694,-6.487126,1.342164,0.223694,0.894776,-2.1,-0.6,2.1,-95.7,264.3,264.6,Tripod,Other,,22,5,True,,True,False,,Smart,RC,False,True,False,,,True,,False,False,False,False,False,False,False,False,False,False,0,Follow Yaw,-77.9,0,-104,256,False,False,False,False,False,,0,0,False,False,No Card,100,100,1024,1368,791,1034,2,False,False,False,False,False,0,False,False,False,False,81,,47.22,,8134,,10044,,47.22,,True,3.94,3.94,3.94,3.94,3.94,3.94,3.94,3.94,3.94,3.94,3.94,3.94,0,,False,False,True,,,,,,,,,,,,,,,False,False,18.822,,95.7,,75.7,,95.7,,1566,78,9,19,7,141986.3,18931.50,,Idle,,20,,10,,,20,Go Home,False,False,False,False,False,False,False,False,False,False,False,False,33.8027920380556,-117.4659261431046,2350.1,2972.0,1049.4,396.9,True,1,1,False,False,False,False,,True,False,False,Course Lock,196.8,67,16.4,93,E,S,1.56,11.4,Calm,False,False,Android,7.0.2,M300 RTK,1ZN7L4R0H1D00F,1W9DL31001461C,1ZMLH8300204F0,1Z6PH74DAP0QN7,"Corona, CA",728.3,5.7,137.7,8.547347,2.013246,0,0,DJI Matrice 300 RTK,M300 RTK,1ZN7L4R0H1D00F,1W9DL31001461C,1ZMLH8300204F0,1Z6PH74DAP0QN7,DJI Pilot,Android,7.0.2,1EF72A62-B7C3-C88D-164E-CE6F8C8424AE,1ZN7L4R0H1D00F,1W9DL31001461C,,1ZMLH8300204F0,1W9DL31001461C,,,,,
2023-11-01,11:30:13.42 AM,5m 51.1s,351.1,33.7999985591812,-117.4729152142776,93.1,137.7,13.7,1357,2777.6,6.502534,6.94893,-0.447388,2.23694,-6.487126,1.342164,0.223694,0.894776,-2.2,-0.7,2.3,-95.8,264.2,265.7,Tripod,Other,,22,5,True,,True,False,,Smart,RC,False,True,False,,,True,,False,False,False,False,False,False,False,False,False,False,0,Follow Yaw,-77.9,0,-104,256,False,False,False,False,False,,0,0,False,False,No Card,100,100,1024,1368,779,1083,2,False,False,False,False,False,0,False,False,False,False,81,,47.22,,8134,,10044,,47.22,,True,3.94,3.94,3.94,3.94,3.94,3.94,3.94,3.94,3.94,3.94,3.94,3.94,0,,False,False,True,,,,,,,,,,,,,,,False,False,18.822,,95.7,,75.7,,95.7,,1566,78,9,19,7,141986.3,18931.50,,Idle,,20,,10,,,20,Go Home,False,False,False,False,False,False,False,False,False,False,False,False,33.8027920380556,-117.4659261431046,2351.0,2972.0,1049.4,396.9,True,1,1,False,False,False,False,,True,False,False,Course Lock,196.8,67,16.4,93,E,S,1.56,11.4,Calm,False,False,Android,7.0.2,M300 RTK,1ZN7L4R0H1D00F,1W9DL31001461C,1ZMLH8300204F0,1Z6PH74DAP0QN7,"Corona, CA",728.3,5.7,137.7,8.547347,2.013246,0,0,DJI Matrice 300 RTK,M300 RTK,1ZN7L4R0H1D00F,1W9DL31001461C,1ZMLH8300204F0,1Z6PH74DAP0QN7,DJI Pilot,Android,7.0.2,1EF72A62-B7C3-C88D-164E-CE6F8C8424AE,1ZN7L4R0H1D00F,1W9DL31001461C,,1ZMLH8300204F0,1W9DL31001461C,,,,,
2023-11-01,11:30:13.52 AM,5m 51.2s,351.2,33.7999983078047,-117.4729184502506,93.1,137.7,13.7,1357,2778.5,6.502534,6.94893,-0.447388,2.23694,-6.487126,1.342164,0.223694,0.894776,-2,-0.6,2,-95.7,264.3,264.6,Tripod,Other,,22,5,True,,True,False,,Smart,RC,False,True,False,,,True,,False,False,False,False,False,False,False,False,False,False,0,Follow Yaw,-77.9,0,-104,256,False,False,False,False,False,,0,0,False,False,No Card,100,100,1024,1368,779,1091,2,False,False,False,False,False,0,False,False,False,False,81,,47.22,,8134,,10044,,47.22,,True,3.94,3.94,3.94,3.94,3.94,3.94,3.94,3.94,3.94,3.94,3.94,3.94,0,,False,False,True,,,,,,,,,,,,,,,False,False,18.822,,95.7,,75.7,,95.7,,1566,78,9,19,7,141986.3,18931.50,,Idle,,20,,10,,,20,Go Home,False,False,False,False,False,False,False,False,False,False,False,False,33.8027920380556,-117.4659261431046,2352.0,2972.0,1049.4,396.9,True,1,1,False,False,False,False,,True,False,False,Course Lock,196.8,67,16.4,93,E,S,1.56,11.4,Calm,False,False,Android,7.0.2,M300 RTK,1ZN7L4R0H1D00F,1W9DL31001461C,1ZMLH8300204F0,1Z6PH74DAP0QN7,"Corona, CA",728.3,5.7,137.7,8.547347,2.013246,0,0,DJI Matrice 300 RTK,M300 RTK,1ZN7L4R0H1D00F,1W9DL31001461C,1ZMLH8300204F0,1Z6PH74DAP0QN7,DJI Pilot,Android,7.0.2,1EF72A62-B7C3-C88D-164E-CE6F8C8424AE,1ZN7L4R0H1D00F,1W9DL31001461C,,1ZMLH8300204F0,1W9DL31001461C,,,,,
2023-11-01,11:30:13.62 AM,5m 51.3s,351.3,33.7999980967252,-117.4729216783069,93.1,137.7,13.7,1357,2779.5,6.502534,6.94893,-0.447388,2.23694,-6.487126,1.342164,0.223694,0.894776,-1.7,-0.7,1.8,-95.8,264.2,265.5,Tripod,Other,,22,5,True,,True,False,,Smart,RC,False,True,False,,,True,,False,False,False,False,False,False,False,False,False,False,0,Follow Yaw,-77.9,0,-103.9,256.1,False,False,False,False,False,,0,0,False,False,No Card,100,100,1024,1368,802,1024,2,False,False,False,False,False,0,False,False,False,False,81,,47.22,,8134,,10044,,47.22,,True,3.938,3.938,3.938,3.938,3.938,3.938,3.938,3.938,3.938,3.938,3.938,3.938,0,,False,False,True,,,,,,,,,,,,,,,False,False,18.822,,95.7,,75.7,,95.7,,1564,78,9,19,7,141682.6,18891.01,,Idle,,20,,10,,,20,Go Home,False,False,False,False,False,False,False,False,False,False,False,False,33.8027920380556,-117.4659261431046,2352.9,2972.0,1049.4,396.9,True,1,1,False,False,False,False,,True,False,False,Course Lock,196.8,67,16.4,93,E,S,1.56,11.4,Calm,False,False,Android,7.0.2,M300 RTK,1ZN7L4R0H1D00F,1W9DL31001461C,1ZMLH8300204F0,1Z6PH74DAP0QN7,"Corona, CA",728.3,5.7,137.7,8.547347,2.013246,0,0,DJI Matrice 300 RTK,M300 RTK,1ZN7L4R0H1D00F,1W9DL31001461C,1ZMLH8300204F0,1Z6PH74DAP0QN7,DJI Pilot,Android,7.0.2,1EF72A62-B7C3-C88D-164E-CE6F8C8424AE,1ZN7L4R0H1D00F,1W9DL31001461C,,1ZMLH8300204F0,1W9DL31001461C,,,,,
2023-11-01,11:30:13.73 AM,5m 51.4s,351.4,33.799997850009,-117.472924899271,92.8,137.7,13.7,1357,2780.5,6.502534,6.94893,-0.447388,2.23694,-6.487126,1.342164,0.447388,0.894776,-1.6,-0.6,1.7,-95.8,264.2,264.7,Tripod,Other,,22,5,True,,True,False,,Smart,RC,False,True,False,,,True,,False,False,False,False,False,False,False,False,False,False,0,Follow Yaw,-77.9,0,-103.9,256.1,False,False,False,False,False,,0,0,False,False,No Card,100,100,1024,1368,821,1024,2,False,False,False,False,False,0,False,False,False,False,81,,47.22,,8134,,10044,,47.22,,True,3.938,3.938,3.938,3.938,3.938,3.938,3.938,3.938,3.938,3.938,3.938,3.938,0,,False,False,True,,,,,,,,,,,,,,,False,False,18.822,,95.7,,75.7,,95.7,,1564,78,9,19,7,141682.6,18891.01,,Idle,,20,,10,,,20,Go Home,False,False,False,False,False,False,False,False,False,False,False,False,33.8027920380556,-117.4659261431046,2353.8,2972.0,1049.4,396.9,True,1,1,False,False,False,False,,True,False,False,Course Lock,196.8,67,16.4,93,E,S,1.56,11.4,Calm,False,False,Android,7.0.2,M300 RTK,1ZN7L4R0H1D00F,1W9DL31001461C,1ZMLH8300204F0,1Z6PH74DAP0QN7,"Corona, CA",728.3,5.7,137.7,8.547347,2.013246,0,0,DJI Matrice 300 RTK,M300 RTK,1ZN7L4R0H1D00F,1W9DL31001461C,1ZMLH8300204F0,1Z6PH74DAP0QN7,DJI Pilot,Android,7.0.2,1EF72A62-B7C3-C88D-164E-CE6F8C8424AE,1ZN7L4R0H1D00F,1W9DL31001461C,,1ZMLH8300204F0,1W9DL31001461C,,,,,
2023-11-01,11:30:13.83 AM,5m 51.5s,351.5,33.7999975901345,-117.4729280659725,92.8,137.7,13.7,1357,2781.5,6.502534,6.94893,-0.447388,2.23694,-6.487126,1.342164,0.447388,0.894776,-1.5,-0.6,1.6,-95.7,264.3,264.3,Tripod,Other,,22,5,True,,True,False,,Smart,RC,False,True,False,,,True,,False,False,False,False,False,False,False,False,False,False,0,Follow Yaw,-77.9,0,-103.9,256.1,False,False,False,False,False,,0,0,False,False,No Card,100,100,1024,1370,828,1024,2,False,False,False,False,False,0,False,False,False,False,81,,47.22,,8134,,10044,,47.22,,True,3.938,3.938,3.938,3.938,3.938,3.938,3.938,3.938,3.938,3.938,3.938,3.938,0,,False,False,True,,,,,,,,,,,,,,,False,False,18.822,,95.7,,75.7,,95.7,,1564,78,9,19,7,141682.6,18891.01,,Idle,,20,,10,,,20,Go Home,False,False,False,False,False,False,False,False,False,False,False,False,33.8027920380556,-117.4659261431046,2354.7,2972.0,1049.4,396.9,True,1,1,False,False,False,False,,True,False,False,Course Lock,196.8,67,16.4,93,E,S,1.56,11.4,Calm,False,False,Android,7.0.2,M300 RTK,1ZN7L4R0H1D00F,1W9DL31001461C,1ZMLH8300204F0,1Z6PH74DAP0QN7,"Corona, CA",728.3,5.7,137.7,8.547347,2.013246,0,0,DJI Matrice 300 RTK,M300 RTK,1ZN7L4R0H1D00F,1W9DL31001461C,1ZMLH8300204F0,1Z6PH74DAP0QN7,DJI Pilot,Android,7.0.2,1EF72A62-B7C3-C88D-164E-CE6F8C8424AE,1ZN7L4R0H1D00F,1W9DL31001461C,,1ZMLH8300204F0,1W9DL31001461C,,,,,
2023-11-01,11:30:13.94 AM,5m 51.6s,351.6,33.7999973505456,-117.4729311074902,92.8,137.7,13.7,1357,2782.4,6.502534,6.94893,-0.447388,2.23694,-6.487126,1.342164,0.447388,0.894776,-1.5,-0.4,1.5,-95.7,264.3,264.5,Tripod,Other,,21,5,True,,True,False,,Smart,RC,False,True,False,,,True,,False,False,False,False,False,False,False,False,False,False,0,Follow Yaw,-77.9,0,-103.9,256.1,False,False,False,False,False,,0,0,False,False,No Card,100,100,1024,1369,823,1024,2,False,False,False,False,False,0,False,False,False,False,81,,47.22,,8134,,10044,,47.22,,True,3.938,3.938,3.938,3.938,3.938,3.938,3.938,3.938,3.938,3.938,3.938,3.938,0,,False,False,True,,,,,,,,,,,,,,,False,False,18.822,,95.7,,75.7,,95.7,,1564,78,9,19,7,141682.6,18891.01,,Idle,,20,,10,,,20,Go Home,False,False,False,False,False,False,False,False,False,False,False,False,33.8027920380556,-117.4659261431046,2355.6,2972.0,1049.4,396.9,True,1,1,False,False,False,False,,True,False,False,Course Lock,196.8,67,16.4,93,E,S,1.56,11.4,Calm,False,False,Android,7.0.2,M300 RTK,1ZN7L4R0H1D00F,1W9DL31001461C,1ZMLH8300204F0,1Z6PH74DAP0QN7,"Corona, CA",728.3,5.7,137.7,8.547347,2.013246,0,0,DJI Matrice 300 RTK,M300 RTK,1ZN7L4R0H1D00F,1W9DL31001461C,1ZMLH8300204F0,1Z6PH74DAP0QN7,DJI Pilot,Android,7.0.2,1EF72A62-B7C3-C88D-164E-CE6F8C8424AE,1ZN7L4R0H1D00F,1W9DL31001461C,,1ZMLH8300204F0,1W9DL31001461C,,,,,
2023-11-01,11:30:14.04 AM,5m 51.7s,351.7,33.7999970695632,-117.4729343980558,92.8,137.7,13.7,1357,2783.4,6.502534,6.94893,-0.447388,2.23694,-6.487126,1.342164,0.223694,0.894776,-1.6,-0.4,1.6,-95.7,264.3,264.1,Tripod,Other,,21,5,True,,True,False,,Smart,RC,False,True,False,,,True,,False,False,False,False,False,False,False,False,False,False,0,Follow Yaw,-77.9,0,-103.9,256.1,False,False,False,False,False,,0,0,False,False,No Card,100,100,1024,1369,821,1024,2,False,False,False,False,False,0,False,False,False,False,81,,47.22,,8134,,10044,,47.22,,True,3.938,3.938,3.938,3.938,3.938,3.938,3.938,3.938,3.938,3.938,3.938,3.938,0,,False,False,True,,,,,,,,,,,,,,,False,False,18.822,,95.7,,75.7,,95.7,,1564,78,9,19,7,141682.6,18891.01,,Idle,,20,,10,,,20,Go Home,False,False,False,False,False,False,False,False,False,False,False,False,33.8027920380556,-117.4659261431046,2356.5,2972.0,1049.4,396.9,True,1,1,False,False,False,False,,True,False,False,Course Lock,196.8,67,16.4,93,E,S,1.56,11.4,Calm,False,False,Android,7.0.2,M300 RTK,1ZN7L4R0H1D00F,1W9DL31001461C,1ZMLH8300204F0,1Z6PH74DAP0QN7,"Corona, CA",728.3,5.7,137.7,8.547347,2.013246,0,0,DJI Matrice 300 RTK,M300 RTK,1ZN7L4R0H1D00F,1W9DL31001461C,1ZMLH8300204F0,1Z6PH74DAP0QN7,DJI Pilot,Android,7.0.2,1EF72A62-B7C3-C88D-164E-CE6F8C8424AE,1ZN7L4R0H1D00F,1W9DL31001461C,,1ZMLH8300204F0,1W9DL31001461C,,,,,
2023-11-01,11:30:14.14 AM,5m 51.8s,351.8,33.7999968302484,-117.4729374229154,92.8,137.7,13.7,1357,2784.3,6.502534,6.94893,-0.447388,2.23694,-6.487126,1.342164,0.223694,0.894776,-1.7,-0.6,1.8,-95.7,264.3,264.5,Tripod,Other,,21,5,True,,True,False,,Smart,RC,False,True,False,,,True,,False,False,False,False,False,False,False,False,False,False,0,Follow Yaw,-77.9,0,-103.9,256.1,False,False,False,False,False,,0,0,False,False,No Card,100,100,1024,1370,829,1024,2,False,False,False,False,False,0,False,False,False,False,81,,47.22,,8134,,10044,,47.22,,True,3.938,3.938,3.938,3.938,3.938,3.938,3.938,3.938,3.938,3.938,3.938,3.938,0,,False,False,True,,,,,,,,,,,,,,,False,False,18.822,,95.7,,75.7,,95.7,,1564,78,9,19,7,141682.6,18891.01,,Idle,,20,,10,,,20,Go Home,False,False,False,False,False,False,False,False,False,False,False,False,33.8027920380556,-117.4659261431046,2357.4,2972.0,1049.4,396.9,True,1,1,False,False,False,False,,True,False,False,Course Lock,196.8,67,16.4,93,E,S,1.56,11.4,Calm,False,False,Android,7.0.2,M300 RTK,1ZN7L4R0H1D00F,1W9DL31001461C,1ZMLH8300204F0,1Z6PH74DAP0QN7,"Corona, CA",728.3,5.7,137.7,8.547347,2.013246,0,0,DJI Matrice 300 RTK,M300 RTK,1ZN7L4R0H1D00F,1W9DL31001461C,1ZMLH8300204F0,1Z6PH74DAP0QN7,DJI Pilot,Android,7.0.2,1EF72A62-B7C3-C88D-164E-CE6F8C8424AE,1ZN7L4R0H1D00F,1W9DL31001461C,,1ZMLH8300204F0,1W9DL31001461C,,,,,
2023-11-01,11:30:14.24 AM,5m 51.9s,351.9,33.7999965698257,-117.4729407373962,92.5,137.7,13.7,1356,2785.3,6.279389,6.94893,-0.447388,2.23694,-6.263432,1.342164,0.223694,0.894776,-1.8,-0.6,1.8,-95.7,264.3,264.5,Tripod,Other,,21,5,True,,True,False,,Smart,RC,False,True,False,,,True,,False,False,False,False,False,False,False,False,False,False,0,Follow Yaw,-77.9,0,-103.9,256.1,False,False,False,False,False,,0,0,False,False,No Card,100,100,1024,1370,881,1024,2,False,False,False,False,False,0,False,False,False,False,81,,47.196,,4038,,4986,,47.196,,True,3.938,3.938,3.938,3.938,3.938,3.938,3.938,3.938,3.938,3.938,3.938,3.938,0,,False,False,True,,,,,,,,,,,,,,,False,False,9.302,,95.7,,75.7,,95.7,,1564,78,9,19,7,141682.6,18891.01,,Idle,,20,,10,,,20,Go Home,False,False,False,False,False,False,False,False,False,False,False,False,33.8027920380556,-117.4659261431046,2358.3,2972.0,1049.4,396.9,True,1,1,False,False,False,False,,True,False,False,Course Lock,196.8,67,16.4,93,E,S,1.56,11.4,Calm,False,False,Android,7.0.2,M300 RTK,1ZN7L4R0H1D00F,1W9DL31001461C,1ZMLH8300204F0,1Z6PH74DAP0QN7,"Corona, CA",728.3,5.7,137.7,8.547347,2.013246,0,0,DJI Matrice 300 RTK,M300 RTK,1ZN7L4R0H1D00F,1W9DL31001461C,1ZMLH8300204F0,1Z6PH74DAP0QN7,DJI Pilot,Android,7.0.2,1EF72A62-B7C3-C88D-164E-CE6F8C8424AE,1ZN7L4R0H1D00F,1W9DL31001461C,,1ZMLH8300204F0,1W9DL31001461C,,,,,
2023-11-01,11:30:14.35 AM,5m 52.0s,352.0,33.7999963165303,-117.4729439072314,92.5,137.7,13.7,1356,2786.3,6.279389,6.94893,-0.447388,2.23694,-6.263432,1.342164,0.223694,0.894776,-1.7,-0.5,1.7,-95.7,264.3,264.5,Tripod,Other,,21,5,True,,True,False,,Smart,RC,False,True,False,,,True,,False,False,False,False,False,False,False,False,False,False,0,Follow Yaw,-77.9,0,-103.9,256.1,False,False,False,False,False,,0,0,False,False,No Card,100,100,1024,1370,881,1024,2,False,False,False,False,False,0,False,False,False,False,81,,47.22,,8134,,10044,,47.22,,True,3.938,3.938,3.938,3.938,3.938,3.938,3.938,3.938,3.938,3.938,3.938,3.938,0,,False,False,True,,,,,,,,,,,,,,,False,False,18.776,,95.7,,75.7,,95.7,,1564,78,9,19,7,141682.6,18891.01,,Idle,,20,,10,,,20,Go Home,False,False,False,False,False,False,False,False,False,False,False,False,33.8027920380556,-117.4659261431046,2359.2,2972.0,1049.4,396.9,True,1,1,False,False,False,False,,True,False,False,Course Lock,196.8,67,16.4,93,E,S,1.56,11.4,Calm,False,False,Android,7.0.2,M300 RTK,1ZN7L4R0H1D00F,1W9DL31001461C,1ZMLH8300204F0,1Z6PH74DAP0QN7,"Corona, CA",728.3,5.7,137.7,8.547347,2.013246,0,0,DJI Matrice 300 RTK,M300 RTK,1ZN7L4R0H1D00F,1W9DL31001461C,1ZMLH8300204F0,1Z6PH74DAP0QN7,DJI Pilot,Android,7.0.2,1EF72A62-B7C3-C88D-164E-CE6F8C8424AE,1ZN7L4R0H1D00F,1W9DL31001461C,,1ZMLH8300204F0,1W9DL31001461C,,,,,
2023-11-01,11:30:14.46 AM,5m 52.1s,352.1,33.7999961106593,-117.4729470884468,92.5,137.7,13.7,1356,2787.3,6.279389,6.94893,-0.447388,2.23694,-6.263432,1.342164,0.223694,0.894776,-1.5,-0.4,1.5,-95.8,264.2,265.5,Tripod,Other,,21,5,True,,True,False,,Smart,RC,False,True,False,,,True,,False,False,False,False,False,False,False,False,False,False,0,Follow Yaw,-77.9,0,-103.9,256.1,False,False,False,False,False,,0,0,False,False,No Card,100,100,1024,1369,866,1024,2,False,False,False,False,False,0,False,False,False,False,81,,47.22,,8134,,10044,,47.22,,True,3.938,3.938,3.938,3.938,3.938,3.938,3.938,3.938,3.938,3.938,3.938,3.938,0,,False,False,True,,,,,,,,,,,,,,,False,False,18.776,,95.7,,75.7,,95.7,,1564,78,9,19,7,141682.6,18891.01,,Idle,,20,,10,,,20,Go Home,False,False,False,False,False,False,False,False,False,False,False,False,33.8027920380556,-117.4659261431046,2360.1,2972.0,1049.4,396.9,True,1,1,False,False,False,False,,True,False,False,Course Lock,196.8,67,16.4,93,E,S,1.56,11.4,Calm,False,False,Android,7.0.2,M300 RTK,1ZN7L4R0H1D00F,1W9DL31001461C,1ZMLH8300204F0,1Z6PH74DAP0QN7,"Corona, CA",728.3,5.7,137.7,8.547347,2.013246,0,0,DJI Matrice 300 RTK,M300 RTK,1ZN7L4R0H1D00F,1W9DL31001461C,1ZMLH8300204F0,1Z6PH74DAP0QN7,DJI Pilot,Android,7.0.2,1EF72A62-B7C3-C88D-164E-CE6F8C8424AE,1ZN7L4R0H1D00F,1W9DL31001461C,,1ZMLH8300204F0,1W9DL31001461C,,,,,
2023-11-01,11:30:14.56 AM,5m 52.2s,352.2,33.7999958696998,-117.4729502467366,92.5,137.7,13.7,1356,2788.2,6.279389,6.94893,-0.447388,2.23694,-6.263432,1.342164,0.223694,0.894776,-1.5,-0.5,1.5,-95.9,264.1,264.7,Tripod,Other,,22,5,True,,True,False,,Smart,RC,False,True,False,,,True,,False,False,False,False,False,False,False,False,False,False,0,Follow Yaw,-77.9,0,-103.9,256.1,False,False,False,False,False,,0,0,False,False,No Card,100,100,1024,1367,863,1024,2,False,False,False,False,False,0,False,False,False,False,81,,47.22,,8134,,10044,,47.22,,True,3.938,3.938,3.938,3.938,3.938,3.938,3.938,3.938,3.938,3.938,3.938,3.938,0,,False,False,True,,,,,,,,,,,,,,,False,False,18.776,,95.7,,75.7,,95.7,,1564,78,9,19,7,141682.6,18891.01,,Idle,,20,,10,,,20,Go Home,False,False,False,False,False,False,False,False,False,False,False,False,33.8027920380556,-117.4659261431046,2361.0,2972.0,1049.4,396.9,True,1,1,False,False,False,False,,True,False,False,Course Lock,196.8,67,16.4,93,E,S,1.56,11.4,Calm,False,False,Android,7.0.2,M300 RTK,1ZN7L4R0H1D00F,1W9DL31001461C,1ZMLH8300204F0,1Z6PH74DAP0QN7,"Corona, CA",728.3,5.7,137.7,8.547347,2.013246,0,0,DJI Matrice 300 RTK,M300 RTK,1ZN7L4R0H1D00F,1W9DL31001461C,1ZMLH8300204F0,1Z6PH74DAP0QN7,DJI Pilot,Android,7.0.2,1EF72A62-B7C3-C88D-164E-CE6F8C8424AE,1ZN7L4R0H1D00F,1W9DL31001461C,,1ZMLH8300204F0,1W9DL31001461C,,,,,
2023-11-01,11:30:14.66 AM,5m 52.3s,352.3,33.7999954639886,-117.4729531508657,92.5,137.7,13.7,1356,2789.1,6.279389,6.94893,-0.447388,2.23694,-6.263432,1.342164,0,0.894776,-1.6,-1,1.8,-95.9,264.1,260.4,Tripod,Other,,22,5,True,,True,False,,Smart,RC,False,True,False,,,True,,False,False,False,False,False,False,False,False,False,False,0,Follow Yaw,-77.9,0,-103.9,256.1,False,False,False,False,False,,0,0,False,False,No Card,100,100,1024,1367,863,1024,2,False,False,False,False,False,0,False,False,False,False,81,,47.22,,8134,,10044,,47.22,,True,3.936,3.936,3.936,3.936,3.936,3.936,3.936,3.936,3.936,3.936,3.936,3.936,0,,False,False,True,,,,,,,,,,,,,,,False,False,18.776,,95.7,,75.7,,95.7,,1562,78,9,19,7,141412.8,18855.04,,Idle,,20,,10,,,20,Go Home,False,False,False,False,False,False,False,False,False,False,False,False,33.8027920380556,-117.4659261431046,2361.9,2972.0,1049.4,396.9,True,1,1,False,False,False,False,,True,False,False,Course Lock,196.8,67,16.4,93,E,S,1.56,11.4,Calm,False,False,Android,7.0.2,M300 RTK,1ZN7L4R0H1D00F,1W9DL31001461C,1ZMLH8300204F0,1Z6PH74DAP0QN7,"Corona, CA",728.3,5.7,137.7,8.547347,2.013246,0,0,DJI Matrice 300 RTK,M300 RTK,1ZN7L4R0H1D00F,1W9DL31001461C,1ZMLH8300204F0,1Z6PH74DAP0QN7,DJI Pilot,Android,7.0.2,1EF72A62-B7C3-C88D-164E-CE6F8C8424AE,1ZN7L4R0H1D00F,1W9DL31001461C,,1ZMLH8300204F0,1W9DL31001461C,,,,,
2023-11-01,11:30:14.76 AM,5m 52.4s,352.4,33.7999952197395,-117.4729560845176,92.5,137.7,13.7,1356,2790.0,6.279389,6.94893,-0.447388,2.23694,-6.263432,1.342164,0,0.894776,-2.4,-1.4,2.7,-95.9,264.1,264.2,Tripod,Other,,22,5,True,,True,False,,Smart,RC,False,True,False,,,True,,False,False,False,False,False,False,False,False,False,False,0,Follow Yaw,-77.9,0,-103.9,256.1,False,False,False,False,False,,0,0,False,False,No Card,100,100,1024,1368,858,1024,2,False,False,False,False,False,0,False,False,False,False,81,,47.22,,8134,,10044,,47.22,,True,3.936,3.936,3.936,3.936,3.936,3.936,3.936,3.936,3.936,3.936,3.936,3.936,0,,False,False,True,,,,,,,,,,,,,,,False,False,18.776,,95.7,,75.7,,95.7,,1562,78,9,19,7,141412.8,18855.04,,Idle,,20,,10,,,20,Go Home,False,False,False,False,False,False,False,False,False,False,False,False,33.8027920380556,-117.4659261431046,2362.7,2972.0,1049.4,396.9,True,1,1,False,False,False,False,,True,False,False,Course Lock,196.8,67,16.4,93,E,S,1.56,11.4,Calm,False,False,Android,7.0.2,M300 RTK,1ZN7L4R0H1D00F,1W9DL31001461C,1ZMLH8300204F0,1Z6PH74DAP0QN7,"Corona, CA",728.3,5.7,137.7,8.547347,2.013246,0,0,DJI Matrice 300 RTK,M300 RTK,1ZN7L4R0H1D00F,1W9DL31001461C,1ZMLH8300204F0,1Z6PH74DAP0QN7,DJI Pilot,Android,7.0.2,1EF72A62-B7C3-C88D-164E-CE6F8C8424AE,1ZN7L4R0H1D00F,1W9DL31001461C,,1ZMLH8300204F0,1W9DL31001461C,,,,,
2023-11-01,11:30:14.87 AM,5m 52.5s,352.5,33.7999949447879,-117.4729595682191,92.5,137.7,13.7,1356,2791.1,6.29928,6.94893,-0.671082,2.23694,-6.263432,1.342164,0.223694,0.894776,-3.1,-0.7,3.1,-95.6,264.4,264.5,Tripod,Other,,22,5,True,,True,False,,Smart,RC,False,True,False,,,True,,False,False,False,False,False,False,False,False,False,False,0,Follow Yaw,-77.9,0,-103.9,256.1,False,False,False,False,False,,0,0,False,False,No Card,100,100,1024,1367,859,1024,2,False,False,False,False,False,0,False,False,False,False,81,,47.22,,8134,,10044,,47.22,,True,3.936,3.936,3.936,3.936,3.936,3.936,3.936,3.936,3.936,3.936,3.936,3.936,0,,False,False,True,,,,,,,,,,,,,,,False,False,18.776,,95.7,,75.7,,95.7,,1562,78,9,19,7,141412.8,18855.04,,Idle,,20,,10,,,20,Go Home,False,False,False,False,False,False,False,False,False,False,False,False,33.8027920380556,-117.4659261431046,2363.7,2972.0,1049.4,396.9,True,1,1,False,False,False,False,,True,False,False,Course Lock,196.8,67,16.4,93,E,S,1.56,11.4,Calm,False,False,Android,7.0.2,M300 RTK,1ZN7L4R0H1D00F,1W9DL31001461C,1ZMLH8300204F0,1Z6PH74DAP0QN7,"Corona, CA",728.3,5.7,137.7,8.547347,2.013246,0,0,DJI Matrice 300 RTK,M300 RTK,1ZN7L4R0H1D00F,1W9DL31001461C,1ZMLH8300204F0,1Z6PH74DAP0QN7,DJI Pilot,Android,7.0.2,1EF72A62-B7C3-C88D-164E-CE6F8C8424AE,1ZN7L4R0H1D00F,1W9DL31001461C,,1ZMLH8300204F0,1W9DL31001461C,,,,,
2023-11-01,11:30:14.97 AM,5m 52.6s,352.6,33.799994671207,-117.4729626931926,92.1,137.7,13.7,1356,2792.0,6.29928,6.94893,-0.671082,2.23694,-6.263432,1.342164,0.223694,0.894776,-3.3,0,3.3,-95.6,264.4,263.9,Tripod,Other,,22,5,True,,True,False,,Smart,RC,False,True,False,,,True,,False,False,False,False,False,False,False,False,False,False,0,Follow Yaw,-77.9,0,-103.9,256.1,False,False,False,False,False,,0,0,False,False,No Card,100,100,1024,1366,857,1024,2,False,False,False,False,False,0,False,False,False,False,81,,47.22,,8134,,10044,,47.22,,True,3.936,3.936,3.936,3.936,3.936,3.936,3.936,3.936,3.936,3.936,3.936,3.936,0,,False,False,True,,,,,,,,,,,,,,,False,False,18.776,,95.7,,75.7,,95.7,,1562,78,9,19,7,141412.8,18855.04,,Idle,,20,,10,,,20,Go Home,False,False,False,False,False,False,False,False,False,False,False,False,33.8027920380556,-117.4659261431046,2364.6,2972.0,1049.4,396.9,True,1,1,False,False,False,False,,True,False,False,Course Lock,196.8,67,16.4,93,E,S,1.56,11.4,Calm,False,False,Android,7.0.2,M300 RTK,1ZN7L4R0H1D00F,1W9DL31001461C,1ZMLH8300204F0,1Z6PH74DAP0QN7,"Corona, CA",728.3,5.7,137.7,8.547347,2.013246,0,0,DJI Matrice 300 RTK,M300 RTK,1ZN7L4R0H1D00F,1W9DL31001461C,1ZMLH8300204F0,1Z6PH74DAP0QN7,DJI Pilot,Android,7.0.2,1EF72A62-B7C3-C88D-164E-CE6F8C8424AE,1ZN7L4R0H1D00F,1W9DL31001461C,,1ZMLH8300204F0,1W9DL31001461C,,,,,
2023-11-01,11:30:15.07 AM,5m 52.7s,352.7,33.7999942602874,-117.4729658229492,92.1,137.7,13.7,1356,2793.0,6.279389,6.94893,-0.447388,2.23694,-6.263432,1.342164,0.223694,0.894776,-3.1,0.1,3.1,-95.5,264.5,261.0,Tripod,Other,,22,5,True,,True,False,,Smart,RC,False,True,False,,,True,,False,False,False,False,False,False,False,False,False,False,0,Follow Yaw,-77.9,0,-103.9,256.1,False,False,False,False,False,,0,0,False,False,No Card,100,100,1024,1362,854,1024,2,False,False,False,False,False,0,False,False,False,False,81,,47.22,,8134,,10044,,47.22,,True,3.936,3.936,3.936,3.936,3.936,3.936,3.936,3.936,3.936,3.936,3.936,3.936,0,,False,False,True,,,,,,,,,,,,,,,False,False,18.776,,95.7,,75.7,,95.7,,1562,78,9,19,7,141412.8,18855.04,,Idle,,20,,10,,,20,Go Home,False,False,False,False,False,False,False,False,False,False,False,False,33.8027920380556,-117.4659261431046,2365.5,2972.0,1049.4,396.9,True,1,1,False,False,False,False,,True,False,False,Course Lock,196.8,67,16.4,93,E,S,1.56,11.4,Calm,False,False,Android,7.0.2,M300 RTK,1ZN7L4R0H1D00F,1W9DL31001461C,1ZMLH8300204F0,1Z6PH74DAP0QN7,"Corona, CA",728.3,5.7,137.7,8.547347,2.013246,0,0,DJI Matrice 300 RTK,M300 RTK,1ZN7L4R0H1D00F,1W9DL31001461C,1ZMLH8300204F0,1Z6PH74DAP0QN7,DJI Pilot,Android,7.0.2,1EF72A62-B7C3-C88D-164E-CE6F8C8424AE,1ZN7L4R0H1D00F,1W9DL31001461C,,1ZMLH8300204F0,1W9DL31001461C,,,,,
2023-11-01,11:30:15.14 AM,5m 52.8s,352.8,33.799994004799,-117.4729689777755,92.1,137.7,13.7,1356,2793.9,6.279389,6.94893,-0.447388,2.23694,-6.263432,1.342164,0.223694,0.894776,-2.7,0,2.7,-95.5,264.5,264.4,Tripod,Other,,22,5,True,,True,False,,Smart,RC,False,True,False,,,True,,False,False,False,False,False,False,False,False,False,False,0,Follow Yaw,-77.9,0,-103.9,256.1,False,False,False,False,False,,0,0,False,False,No Card,100,100,1024,1360,854,1024,2,False,False,False,False,False,0,False,False,False,False,81,,47.22,,8134,,10044,,47.22,,True,3.936,3.936,3.936,3.936,3.936,3.936,3.936,3.936,3.936,3.936,3.936,3.936,0,,False,False,True,,,,,,,,,,,,,,,False,False,18.776,,95.7,,75.7,,95.7,,1562,78,9,19,7,141412.8,18855.04,,Idle,,20,,10,,,20,Go Home,False,False,False,False,False,False,False,False,False,False,False,False,33.8027920380556,-117.4659261431046,2366.4,2972.0,1049.4,396.9,True,1,1,False,False,False,False,,True,False,False,Course Lock,196.8,67,16.4,93,E,S,1.56,11.4,Calm,False,False,Android,7.0.2,M300 RTK,1ZN7L4R0H1D00F,1W9DL31001461C,1ZMLH8300204F0,1Z6PH74DAP0QN7,"Corona, CA",728.3,5.7,137.7,8.547347,2.013246,0,0,DJI Matrice 300 RTK,M300 RTK,1ZN7L4R0H1D00F,1W9DL31001461C,1ZMLH8300204F0,1Z6PH74DAP0QN7,DJI Pilot,Android,7.0.2,1EF72A62-B7C3-C88D-164E-CE6F8C8424AE,1ZN7L4R0H1D00F,1W9DL31001461C,,1ZMLH8300204F0,1W9DL31001461C,,,,,
2023-11-01,11:30:15.24 AM,5m 52.9s,352.9,33.7999936925658,-117.4729720976362,92.1,137.7,13.7,1356,2794.9,6.279389,6.94893,-0.447388,2.23694,-6.263432,1.342164,0.223694,0.894776,-2.5,-0.4,2.5,-95.6,264.4,263.1,Tripod,Other,,22,5,True,,True,False,,Smart,RC,False,True,False,,,True,,False,False,False,False,False,False,False,False,False,False,0,Follow Yaw,-77.9,0,-103.9,256.1,False,False,False,False,False,,0,0,False,False,No Card,100,100,1024,1361,853,1024,2,False,False,False,False,False,0,False,False,False,False,81,,47.22,,8134,,10044,,47.22,,True,3.936,3.936,3.936,3.936,3.936,3.936,3.936,3.936,3.936,3.936,3.936,3.936,0,,False,False,True,,,,,,,,,,,,,,,False,False,18.776,,95.7,,75.7,,95.7,,1562,78,9,19,7,141412.8,18855.04,,Idle,,20,,10,,,20,Go Home,False,False,False,False,False,False,False,False,False,False,False,False,33.8027920380556,-117.4659261431046,2367.3,2972.0,1049.4,396.9,True,1,1,False,False,False,False,,True,False,False,Course Lock,196.8,67,16.4,93,E,S,1.56,11.4,Calm,False,False,Android,7.0.2,M300 RTK,1ZN7L4R0H1D00F,1W9DL31001461C,1ZMLH8300204F0,1Z6PH74DAP0QN7,"Corona, CA",728.3,5.7,137.7,8.547347,2.013246,0,0,DJI Matrice 300 RTK,M300 RTK,1ZN7L4R0H1D00F,1W9DL31001461C,1ZMLH8300204F0,1Z6PH74DAP0QN7,DJI Pilot,Android,7.0.2,1EF72A62-B7C3-C88D-164E-CE6F8C8424AE,1ZN7L4R0H1D00F,1W9DL31001461C,,1ZMLH8300204F0,1W9DL31001461C,,,,,
2023-11-01,11:30:15.34 AM,5m 53.0s,353.0,33.7999934546217,-117.4729752420717,92.1,137.7,13.7,1356,2795.9,6.279389,6.94893,-0.447388,2.23694,-6.263432,1.342164,0.223694,0.894776,-2.4,-1,2.6,-95.6,264.4,264.7,Tripod,Other,,22,5,True,,True,False,,Smart,RC,False,True,False,,,True,,False,False,False,False,False,False,False,False,False,False,0,Follow Yaw,-77.9,0,-103.9,256.1,False,False,False,False,False,,0,0,False,False,No Card,100,100,1024,1360,852,1024,2,False,False,False,False,False,0,False,False,False,False,81,,47.22,,8134,,10044,,47.22,,True,3.936,3.936,3.936,3.936,3.936,3.936,3.936,3.936,3.936,3.936,3.936,3.936,0,,False,False,True,,,,,,,,,,,,,,,False,False,18.72,,95.9,,75.7,,95.9,,1562,78,9,19,7,141412.8,18855.04,,Idle,,20,,10,,,20,Go Home,False,False,False,False,False,False,False,False,False,False,False,False,33.8027920380556,-117.4659261431046,2368.2,2972.0,1049.4,396.9,True,1,1,False,False,False,False,,True,False,False,Course Lock,196.8,67,16.4,93,E,S,1.56,11.4,Calm,False,False,Android,7.0.2,M300 RTK,1ZN7L4R0H1D00F,1W9DL31001461C,1ZMLH8300204F0,1Z6PH74DAP0QN7,"Corona, CA",728.3,5.7,137.7,8.547347,2.013246,0,0,DJI Matrice 300 RTK,M300 RTK,1ZN7L4R0H1D00F,1W9DL31001461C,1ZMLH8300204F0,1Z6PH74DAP0QN7,DJI Pilot,Android,7.0.2,1EF72A62-B7C3-C88D-164E-CE6F8C8424AE,1ZN7L4R0H1D00F,1W9DL31001461C,,1ZMLH8300204F0,1W9DL31001461C,,,,,
2023-11-01,11:30:15.44 AM,5m 53.1s,353.1,33.799993310978,-117.4729786146087,92.1,137.7,13.7,1356,2796.9,6.279389,6.94893,-0.447388,2.23694,-6.263432,1.342164,0.223694,0.894776,-2.5,-1.4,2.8,-95.6,264.4,267.0,Tripod,Other,,22,5,True,,True,False,,Smart,RC,False,True,False,,,True,,False,False,False,False,False,False,False,False,False,False,0,Follow Yaw,-77.9,0,-103.9,256.1,False,False,False,False,False,,0,0,False,False,No Card,100,100,1024,1360,851,1024,2,False,False,False,False,False,0,False,False,False,False,81,,47.22,,8134,,10044,,47.22,,True,3.936,3.936,3.936,3.936,3.936,3.936,3.936,3.936,3.936,3.936,3.936,3.936,0,,False,False,True,,,,,,,,,,,,,,,False,False,18.72,,95.9,,75.7,,95.9,,1562,78,9,19,7,141412.8,18855.04,,Idle,,20,,10,,,20,Go Home,False,False,False,False,False,False,False,False,False,False,False,False,33.8027920380556,-117.4659261431046,2369.2,2972.0,1049.4,396.9,True,1,1,False,False,False,False,,True,False,False,Course Lock,196.8,67,16.4,93,E,S,1.56,11.4,Calm,False,False,Android,7.0.2,M300 RTK,1ZN7L4R0H1D00F,1W9DL31001461C,1ZMLH8300204F0,1Z6PH74DAP0QN7,"Corona, CA",728.3,5.7,137.7,8.547347,2.013246,0,0,DJI Matrice 300 RTK,M300 RTK,1ZN7L4R0H1D00F,1W9DL31001461C,1ZMLH8300204F0,1Z6PH74DAP0QN7,DJI Pilot,Android,7.0.2,1EF72A62-B7C3-C88D-164E-CE6F8C8424AE,1ZN7L4R0H1D00F,1W9DL31001461C,,1ZMLH8300204F0,1W9DL31001461C,,,,,
2023-11-01,11:30:15.54 AM,5m 53.2s,353.2,33.7999930807095,-117.4729817951644,92.1,137.7,13.7,1356,2797.8,6.279389,6.94893,-0.447388,2.23694,-6.263432,1.342164,0.223694,0.894776,-2.6,-1.2,2.8,-95.5,264.5,265.0,Tripod,Other,,22,5,True,,True,False,,Smart,RC,False,True,False,,,True,,False,False,False,False,False,False,False,False,False,False,0,Follow Yaw,-77.9,0,-103.9,256.1,False,False,False,False,False,,0,0,False,False,No Card,100,100,1024,1358,853,1024,2,False,False,False,False,False,0,False,False,False,False,81,,47.22,,8134,,10044,,47.22,,True,3.936,3.936,3.936,3.936,3.936,3.936,3.936,3.936,3.936,3.936,3.936,3.936,0,,False,False,True,,,,,,,,,,,,,,,False,False,18.72,,95.9,,75.7,,95.9,,1562,78,9,19,7,141412.8,18855.04,,Idle,,20,,10,,,20,Go Home,False,False,False,False,False,False,False,False,False,False,False,False,33.8027920380556,-117.4659261431046,2370.1,2972.0,1049.4,396.9,True,1,1,False,False,False,False,,True,False,False,Course Lock,196.8,67,16.4,93,E,S,1.56,11.4,Calm,False,False,Android,7.0.2,M300 RTK,1ZN7L4R0H1D00F,1W9DL31001461C,1ZMLH8300204F0,1Z6PH74DAP0QN7,"Corona, CA",728.3,5.7,137.7,8.547347,2.013246,0,0,DJI Matrice 300 RTK,M300 RTK,1ZN7L4R0H1D00F,1W9DL31001461C,1ZMLH8300204F0,1Z6PH74DAP0QN7,DJI Pilot,Android,7.0.2,1EF72A62-B7C3-C88D-164E-CE6F8C8424AE,1ZN7L4R0H1D00F,1W9DL31001461C,,1ZMLH8300204F0,1W9DL31001461C,,,,,
2023-11-01,11:30:15.64 AM,5m 53.3s,353.3,33.7999926717088,-117.4729850718758,92.1,137.7,13.7,1356,2798.9,6.279389,6.94893,-0.447388,2.23694,-6.263432,1.342164,0.223694,0.894776,-2.5,-0.8,2.6,-95.6,264.4,261.4,Tripod,Other,,22,5,True,,True,False,,Smart,RC,False,True,False,,,True,,False,False,False,False,False,False,False,False,False,False,0,Follow Yaw,-77.9,0,-103.9,256.1,False,False,False,False,False,,0,0,False,False,No Card,100,100,1024,1358,854,1024,2,False,False,False,False,False,0,False,False,False,False,81,,47.22,,8134,,10044,,47.22,,True,3.933,3.933,3.933,3.933,3.933,3.933,3.933,3.933,3.933,3.933,3.933,3.933,0,,False,False,True,,,,,,,,,,,,,,,False,False,18.72,,95.9,,75.7,,95.9,,1561,78,9,19,7,141190.6,18825.41,,Idle,,20,,10,,,20,Go Home,False,False,False,False,False,False,False,False,False,False,False,False,33.8027920380556,-117.4659261431046,2371.1,2972.0,1049.4,396.9,True,1,1,False,False,False,False,,True,False,False,Course Lock,196.8,67,16.4,93,E,S,1.56,11.4,Calm,False,False,Android,7.0.2,M300 RTK,1ZN7L4R0H1D00F,1W9DL31001461C,1ZMLH8300204F0,1Z6PH74DAP0QN7,"Corona, CA",728.3,5.7,137.7,8.547347,2.013246,0,0,DJI Matrice 300 RTK,M300 RTK,1ZN7L4R0H1D00F,1W9DL31001461C,1ZMLH8300204F0,1Z6PH74DAP0QN7,DJI Pilot,Android,7.0.2,1EF72A62-B7C3-C88D-164E-CE6F8C8424AE,1ZN7L4R0H1D00F,1W9DL31001461C,,1ZMLH8300204F0,1W9DL31001461C,,,,,
2023-11-01,11:30:15.74 AM,5m 53.4s,353.4,33.7999924414402,-117.4729880965704,91.8,137.7,13.7,1356,2799.8,6.279389,6.94893,-0.447388,2.23694,-6.263432,1.342164,0.223694,0.894776,-2.2,-0.7,2.3,-95.7,264.3,264.7,Tripod,Other,,22,5,True,,True,False,,Smart,RC,False,True,False,,,True,,False,False,False,False,False,False,False,False,False,False,0,Follow Yaw,-77.9,0,-103.9,256.1,False,False,False,False,False,,0,0,False,False,No Card,100,100,1024,1359,857,1024,2,False,False,False,False,False,0,False,False,False,False,81,,47.22,,8134,,10044,,47.22,,True,3.933,3.933,3.933,3.933,3.933,3.933,3.933,3.933,3.933,3.933,3.933,3.933,0,,False,False,True,,,,,,,,,,,,,,,False,False,18.72,,95.9,,75.7,,95.9,,1561,78,9,19,7,141190.6,18825.41,,Idle,,20,,10,,,20,Go Home,False,False,False,False,False,False,False,False,False,False,False,False,33.8027920380556,-117.4659261431046,2371.9,2972.0,1049.4,396.9,True,1,1,False,False,False,False,,True,False,False,Course Lock,196.8,67,16.4,93,E,S,1.56,11.4,Calm,False,False,Android,7.0.2,M300 RTK,1ZN7L4R0H1D00F,1W9DL31001461C,1ZMLH8300204F0,1Z6PH74DAP0QN7,"Corona, CA",728.3,5.7,137.7,8.547347,2.013246,0,0,DJI Matrice 300 RTK,M300 RTK,1ZN7L4R0H1D00F,1W9DL31001461C,1ZMLH8300204F0,1Z6PH74DAP0QN7,DJI Pilot,Android,7.0.2,1EF72A62-B7C3-C88D-164E-CE6F8C8424AE,1ZN7L4R0H1D00F,1W9DL31001461C,,1ZMLH8300204F0,1W9DL31001461C,,,,,
2023-11-01,11:30:15.84 AM,5m 53.5s,353.5,33.7999921634732,-117.4729911933404,91.8,137.7,13.7,1356,2800.7,6.279389,6.94893,-0.447388,2.23694,-6.263432,1.342164,0.223694,0.894776,-1.9,-0.8,2,-95.7,264.3,263.8,Tripod,Other,,22,5,True,,True,False,,Smart,RC,False,True,False,,,True,,False,False,False,False,False,False,False,False,False,False,0,Follow Yaw,-77.9,0,-103.9,256.1,False,False,False,False,False,,0,0,False,False,No Card,100,100,1024,1359,859,1024,2,False,False,False,False,False,0,False,False,False,False,81,,47.22,,8134,,10044,,47.22,,True,3.933,3.933,3.933,3.933,3.933,3.933,3.933,3.933,3.933,3.933,3.933,3.933,0,,False,False,True,,,,,,,,,,,,,,,False,False,18.72,,95.9,,75.7,,95.9,,1561,78,9,19,7,141190.6,18825.41,,Idle,,20,,10,,,20,Go Home,False,False,False,False,False,False,False,False,False,False,False,False,33.8027920380556,-117.4659261431046,2372.8,2972.0,1049.4,396.9,True,1,1,False,False,False,False,,True,False,False,Course Lock,196.8,67,16.4,93,E,S,1.56,11.4,Calm,False,False,Android,7.0.2,M300 RTK,1ZN7L4R0H1D00F,1W9DL31001461C,1ZMLH8300204F0,1Z6PH74DAP0QN7,"Corona, CA",728.3,5.7,137.7,8.547347,2.013246,0,0,DJI Matrice 300 RTK,M300 RTK,1ZN7L4R0H1D00F,1W9DL31001461C,1ZMLH8300204F0,1Z6PH74DAP0QN7,DJI Pilot,Android,7.0.2,1EF72A62-B7C3-C88D-164E-CE6F8C8424AE,1ZN7L4R0H1D00F,1W9DL31001461C,,1ZMLH8300204F0,1W9DL31001461C,,,,,
2023-11-01,11:30:15.94 AM,5m 53.6s,353.6,33.7999919452664,-117.4729941880174,91.8,137.7,13.7,1356,2801.6,6.279389,6.94893,-0.447388,2.23694,-6.263432,1.342164,0.223694,0.894776,-1.7,-1.2,2,-95.8,264.2,264.9,Tripod,Other,,22,5,True,,True,False,,Smart,RC,False,True,False,,,True,,False,False,False,False,False,False,False,False,False,False,0,Follow Yaw,-77.9,0,-103.9,256.1,False,False,False,False,False,,0,0,False,False,No Card,100,100,1024,1358,868,1024,2,False,False,False,False,False,0,False,False,False,False,81,,47.22,,8134,,10044,,47.22,,True,3.933,3.933,3.933,3.933,3.933,3.933,3.933,3.933,3.933,3.933,3.933,3.933,0,,False,False,True,,,,,,,,,,,,,,,False,False,18.72,,95.9,,75.7,,95.9,,1561,78,9,19,7,141190.6,18825.41,,Idle,,20,,10,,,20,Go Home,False,False,False,False,False,False,False,False,False,False,False,False,33.8027920380556,-117.4659261431046,2373.7,2972.0,1049.4,396.9,True,1,1,False,False,False,False,,True,False,False,Course Lock,196.8,67,16.4,93,E,S,1.56,11.4,Calm,False,False,Android,7.0.2,M300 RTK,1ZN7L4R0H1D00F,1W9DL31001461C,1ZMLH8300204F0,1Z6PH74DAP0QN7,"Corona, CA",728.3,5.7,137.7,8.547347,2.013246,0,0,DJI Matrice 300 RTK,M300 RTK,1ZN7L4R0H1D00F,1W9DL31001461C,1ZMLH8300204F0,1Z6PH74DAP0QN7,DJI Pilot,Android,7.0.2,1EF72A62-B7C3-C88D-164E-CE6F8C8424AE,1ZN7L4R0H1D00F,1W9DL31001461C,,1ZMLH8300204F0,1W9DL31001461C,,,,,
2023-11-01,11:30:16.04 AM,5m 53.7s,353.7,33.7999920343584,-117.4729973049092,91.8,137.7,13.7,1356,2802.6,6.279389,6.94893,-0.447388,2.23694,-6.263432,1.342164,0.223694,0.894776,-1.9,-1.4,2.3,-95.7,264.3,271.9,Tripod,Other,,22,5,True,,True,False,,Smart,RC,False,True,False,,,True,,False,False,False,False,False,False,False,False,False,False,0,Follow Yaw,-77.9,0,-103.9,256.1,False,False,False,False,False,,0,0,False,False,No Card,100,100,1024,1359,894,1024,2,False,False,False,False,False,0,False,False,False,False,81,,47.22,,8134,,10044,,47.22,,True,3.933,3.933,3.933,3.933,3.933,3.933,3.933,3.933,3.933,3.933,3.933,3.933,0,,False,False,True,,,,,,,,,,,,,,,False,False,18.72,,95.9,,75.7,,95.9,,1561,78,9,19,7,141190.6,18825.41,,Idle,,20,,10,,,20,Go Home,False,False,False,False,False,False,False,False,False,False,False,False,33.8027920380556,-117.4659261431046,2374.5,2972.0,1049.4,396.9,True,1,1,False,False,False,False,,True,False,False,Course Lock,196.8,67,16.4,93,E,S,1.56,11.4,Calm,False,False,Android,7.0.2,M300 RTK,1ZN7L4R0H1D00F,1W9DL31001461C,1ZMLH8300204F0,1Z6PH74DAP0QN7,"Corona, CA",728.3,5.7,137.7,8.547347,2.013246,0,0,DJI Matrice 300 RTK,M300 RTK,1ZN7L4R0H1D00F,1W9DL31001461C,1ZMLH8300204F0,1Z6PH74DAP0QN7,DJI Pilot,Android,7.0.2,1EF72A62-B7C3-C88D-164E-CE6F8C8424AE,1ZN7L4R0H1D00F,1W9DL31001461C,,1ZMLH8300204F0,1W9DL31001461C,,,,,
2023-11-01,11:30:16.14 AM,5m 53.8s,353.8,33.799991825472,-117.4730005751882,91.8,137.7,13.7,1356,2803.6,6.279389,6.94893,-0.447388,2.23694,-6.263432,1.342164,0.223694,0.894776,-2.3,-1.5,2.7,-95.7,264.3,265.6,Tripod,Other,,21,5,True,,True,False,,Smart,RC,False,True,False,,,True,,False,False,False,False,False,False,False,False,False,False,0,Follow Yaw,-77.9,0,-103.9,256.1,False,False,False,False,False,,0,0,False,False,No Card,100,100,1024,1360,898,1024,2,False,False,False,False,False,0,False,False,False,False,81,,47.172,,4038,,4986,,47.172,,True,3.933,3.933,3.933,3.933,3.933,3.933,3.933,3.933,3.933,3.933,3.933,3.933,0,,False,False,True,,,,,,,,,,,,,,,False,False,9.288,,95.9,,75.7,,95.9,,1561,78,9,19,7,141190.6,18825.41,,Idle,,20,,10,,,20,Go Home,False,False,False,False,False,False,False,False,False,False,False,False,33.8027920380556,-117.4659261431046,2375.4,2972.0,1049.4,396.9,True,1,1,False,False,False,False,,True,False,False,Course Lock,196.8,67,16.4,93,E,S,1.56,11.4,Calm,False,False,Android,7.0.2,M300 RTK,1ZN7L4R0H1D00F,1W9DL31001461C,1ZMLH8300204F0,1Z6PH74DAP0QN7,"Corona, CA",728.3,5.7,137.7,8.547347,2.013246,0,0,DJI Matrice 300 RTK,M300 RTK,1ZN7L4R0H1D00F,1W9DL31001461C,1ZMLH8300204F0,1Z6PH74DAP0QN7,DJI Pilot,Android,7.0.2,1EF72A62-B7C3-C88D-164E-CE6F8C8424AE,1ZN7L4R0H1D00F,1W9DL31001461C,,1ZMLH8300204F0,1W9DL31001461C,,,,,
2023-11-01,11:30:16.24 AM,5m 53.9s,353.9,33.7999915343468,-117.4730032124567,91.8,137.7,13.7,1356,2804.4,6.279389,6.94893,-0.447388,2.23694,-6.263432,1.342164,0.223694,0.894776,-2.7,-1.6,3.1,-95.7,264.3,262.4,Tripod,Other,,21,5,True,,True,False,,Smart,RC,False,True,False,,,True,,False,False,False,False,False,False,False,False,False,False,0,Follow Yaw,-77.9,0,-103.9,256.1,False,False,False,False,False,,0,0,False,False,No Card,100,100,1024,1360,898,1024,2,False,False,False,False,False,0,False,False,False,False,81,,47.172,,4038,,4986,,47.172,,True,3.933,3.933,3.933,3.933,3.933,3.933,3.933,3.933,3.933,3.933,3.933,3.933,0,,False,False,True,,,,,,,,,,,,,,,False,False,9.288,,95.9,,75.7,,95.9,,1561,78,9,19,7,141190.6,18825.41,,Idle,,20,,10,,,20,Go Home,False,False,False,False,False,False,False,False,False,False,False,False,33.8027920380556,-117.4659261431046,2376.2,2972.0,1049.4,396.9,True,1,1,False,False,False,False,,True,False,False,Course Lock,196.8,67,16.4,93,E,S,1.56,11.4,Calm,False,False,Android,7.0.2,M300 RTK,1ZN7L4R0H1D00F,1W9DL31001461C,1ZMLH8300204F0,1Z6PH74DAP0QN7,"Corona, CA",728.3,5.7,137.7,8.547347,2.013246,0,0,DJI Matrice 300 RTK,M300 RTK,1ZN7L4R0H1D00F,1W9DL31001461C,1ZMLH8300204F0,1Z6PH74DAP0QN7,DJI Pilot,Android,7.0.2,1EF72A62-B7C3-C88D-164E-CE6F8C8424AE,1ZN7L4R0H1D00F,1W9DL31001461C,,1ZMLH8300204F0,1W9DL31001461C,,,,,
2023-11-01,11:30:16.34 AM,5m 54.0s,354.0,33.7999913369738,-117.4730062617262,91.8,137.7,13.7,1356,2805.3,6.279389,6.94893,-0.447388,2.23694,-6.263432,1.342164,0.223694,0.894776,-3,-1.6,3.4,-95.7,264.3,265.5,Tripod,Other,,21,5,True,,True,False,,Smart,RC,False,True,False,,,True,,False,False,False,False,False,False,False,False,False,False,0,Follow Yaw,-77.9,0,-103.9,256.1,False,False,False,False,False,,0,0,False,False,No Card,100,100,1024,1360,895,1024,2,False,False,False,False,False,0,False,False,False,False,81,,47.22,,8134,,10044,,47.22,,True,3.933,3.933,3.933,3.933,3.933,3.933,3.933,3.933,3.933,3.933,3.933,3.933,0,,False,False,True,,,,,,,,,,,,,,,False,False,18.892,,95.9,,75.7,,95.9,,1561,78,9,19,7,141190.6,18825.41,,Idle,,20,,10,,,20,Go Home,False,False,False,False,False,False,False,False,False,False,False,False,33.8027920380556,-117.4659261431046,2377.1,2972.0,1049.4,396.9,True,1,1,False,False,False,False,,True,False,False,Course Lock,196.8,67,16.4,93,E,S,1.56,11.4,Calm,False,False,Android,7.0.2,M300 RTK,1ZN7L4R0H1D00F,1W9DL31001461C,1ZMLH8300204F0,1Z6PH74DAP0QN7,"Corona, CA",728.3,5.7,137.7,8.547347,2.013246,0,0,DJI Matrice 300 RTK,M300 RTK,1ZN7L4R0H1D00F,1W9DL31001461C,1ZMLH8300204F0,1Z6PH74DAP0QN7,DJI Pilot,Android,7.0.2,1EF72A62-B7C3-C88D-164E-CE6F8C8424AE,1ZN7L4R0H1D00F,1W9DL31001461C,,1ZMLH8300204F0,1W9DL31001461C,,,,,
2023-11-01,11:30:16.44 AM,5m 54.1s,354.1,33.7999909822506,-117.4730096819286,91.8,137.7,13.7,1356,2806.3,6.056285,6.94893,-0.447388,2.23694,-6.039738,1.342164,0,0.894776,-3,-1.6,3.4,-95.6,264.4,262.8,Tripod,Other,,21,5,True,,True,False,,Smart,RC,False,True,False,,,True,,False,False,False,False,False,False,False,False,False,False,0,Follow Yaw,-77.9,0,-103.9,256.1,False,False,False,False,False,,0,0,False,False,No Card,100,100,1024,1359,898,1024,2,False,False,False,False,False,0,False,False,False,False,81,,47.22,,8134,,10044,,47.22,,True,3.933,3.933,3.933,3.933,3.933,3.933,3.933,3.933,3.933,3.933,3.933,3.933,0,,False,False,True,,,,,,,,,,,,,,,False,False,18.892,,95.9,,75.7,,95.9,,1561,78,9,19,7,141190.6,18825.41,,Idle,,20,,10,,,20,Go Home,False,False,False,False,False,False,False,False,False,False,False,False,33.8027920380556,-117.4659261431046,2378.1,2972.0,1049.4,396.9,True,1,1,False,False,False,False,,True,False,False,Course Lock,196.8,67,16.4,93,E,S,1.56,11.4,Calm,False,False,Android,7.0.2,M300 RTK,1ZN7L4R0H1D00F,1W9DL31001461C,1ZMLH8300204F0,1Z6PH74DAP0QN7,"Corona, CA",728.3,5.7,137.7,8.547347,2.013246,0,0,DJI Matrice 300 RTK,M300 RTK,1ZN7L4R0H1D00F,1W9DL31001461C,1ZMLH8300204F0,1Z6PH74DAP0QN7,DJI Pilot,Android,7.0.2,1EF72A62-B7C3-C88D-164E-CE6F8C8424AE,1ZN7L4R0H1D00F,1W9DL31001461C,,1ZMLH8300204F0,1W9DL31001461C,,,,,
2023-11-01,11:30:16.51 AM,5m 54.2s,354.2,33.7999907832328,-117.4730125982628,91.5,137.7,13.7,1355,2807.2,6.056285,6.94893,-0.447388,2.23694,-6.039738,1.342164,0,0.894776,-2.9,-1.5,3.2,-95.5,264.5,265.3,Tripod,Other,,21,5,True,,True,False,,Smart,RC,False,True,False,,,True,,False,False,False,False,False,False,False,False,False,False,0,Follow Yaw,-77.9,0,-103.9,256.1,False,False,False,False,False,,0,0,False,False,No Card,100,100,1024,1359,898,1024,2,False,False,False,False,False,0,False,False,False,False,81,,47.22,,8134,,10044,,47.22,,True,3.933,3.933,3.933,3.933,3.933,3.933,3.933,3.933,3.933,3.933,3.933,3.933,0,,False,False,True,,,,,,,,,,,,,,,False,False,18.892,,95.9,,75.7,,95.9,,1561,78,9,19,7,141190.6,18825.41,,Idle,,20,,10,,,20,Go Home,False,False,False,False,False,False,False,False,False,False,False,False,33.8027920380556,-117.4659261431046,2378.9,2972.0,1049.4,396.9,True,1,1,False,False,False,False,,True,False,False,Course Lock,196.8,67,16.4,93,E,S,1.56,11.4,Calm,False,False,Android,7.0.2,M300 RTK,1ZN7L4R0H1D00F,1W9DL31001461C,1ZMLH8300204F0,1Z6PH74DAP0QN7,"Corona, CA",728.3,5.7,137.7,8.547347,2.013246,0,0,DJI Matrice 300 RTK,M300 RTK,1ZN7L4R0H1D00F,1W9DL31001461C,1ZMLH8300204F0,1Z6PH74DAP0QN7,DJI Pilot,Android,7.0.2,1EF72A62-B7C3-C88D-164E-CE6F8C8424AE,1ZN7L4R0H1D00F,1W9DL31001461C,,1ZMLH8300204F0,1W9DL31001461C,,,,,
2023-11-01,11:30:16.64 AM,5m 54.3s,354.3,33.7999907851517,-117.4730156536348,91.5,137.7,13.7,1355,2808.2,6.056285,6.94893,-0.447388,2.23694,-6.039738,1.342164,0,0.894776,-3,-1.5,3.3,-95.4,264.6,270.0,Tripod,Other,,21,5,True,,True,False,,Smart,RC,False,True,False,,,True,,False,False,False,False,False,False,False,False,False,False,0,Follow Yaw,-77.9,0,-103.9,256.1,False,False,False,False,False,,0,0,False,False,No Card,100,100,1024,1361,898,1024,2,False,False,False,False,False,0,False,False,False,False,81,,47.22,,8134,,10044,,47.22,,True,3.936,3.936,3.936,3.936,3.936,3.936,3.936,3.936,3.936,3.936,3.936,3.936,0,,False,False,True,,,,,,,,,,,,,,,False,False,18.892,,95.9,,75.7,,95.9,,1561,79,9,19,7,141018.9,18802.52,,Idle,,20,,10,,,20,Go Home,False,False,False,False,False,False,False,False,False,False,False,False,33.8027920380556,-117.4659261431046,2379.7,2972.0,1049.4,396.9,True,1,1,False,False,False,False,,True,False,False,Course Lock,196.8,67,16.4,93,E,S,1.56,11.4,Calm,False,False,Android,7.0.2,M300 RTK,1ZN7L4R0H1D00F,1W9DL31001461C,1ZMLH8300204F0,1Z6PH74DAP0QN7,"Corona, CA",728.3,5.7,137.7,8.547347,2.013246,0,0,DJI Matrice 300 RTK,M300 RTK,1ZN7L4R0H1D00F,1W9DL31001461C,1ZMLH8300204F0,1Z6PH74DAP0QN7,DJI Pilot,Android,7.0.2,1EF72A62-B7C3-C88D-164E-CE6F8C8424AE,1ZN7L4R0H1D00F,1W9DL31001461C,,1ZMLH8300204F0,1W9DL31001461C,,,,,
2023-11-01,11:30:16.72 AM,5m 54.4s,354.4,33.7999906080643,-117.4730185511666,91.5,137.7,13.7,1355,2809.0,6.056285,6.94893,-0.447388,2.23694,-6.039738,1.342164,0,0.894776,-3,-1.6,3.4,-95.5,264.5,265.7,Tripod,Other,,21,5,True,,True,False,,Smart,RC,False,True,False,,,True,,False,False,False,False,False,False,False,False,False,False,0,Follow Yaw,-77.9,0,-103.9,256.1,False,False,False,False,False,,0,0,False,False,No Card,100,100,1024,1361,893,1024,2,False,False,False,False,False,0,False,False,False,False,81,,47.22,,8134,,10044,,47.22,,True,3.936,3.936,3.936,3.936,3.936,3.936,3.936,3.936,3.936,3.936,3.936,3.936,0,,False,False,True,,,,,,,,,,,,,,,False,False,18.892,,95.9,,75.7,,95.9,,1561,79,9,19,7,141018.9,18802.52,,Idle,,20,,10,,,20,Go Home,False,False,False,False,False,False,False,False,False,False,False,False,33.8027920380556,-117.4659261431046,2380.5,2972.0,1049.4,396.9,True,1,1,False,False,False,False,,True,False,False,Course Lock,196.8,67,16.4,93,E,S,1.56,11.4,Calm,False,False,Android,7.0.2,M300 RTK,1ZN7L4R0H1D00F,1W9DL31001461C,1ZMLH8300204F0,1Z6PH74DAP0QN7,"Corona, CA",728.3,5.7,137.7,8.547347,2.013246,0,0,DJI Matrice 300 RTK,M300 RTK,1ZN7L4R0H1D00F,1W9DL31001461C,1ZMLH8300204F0,1Z6PH74DAP0QN7,DJI Pilot,Android,7.0.2,1EF72A62-B7C3-C88D-164E-CE6F8C8424AE,1ZN7L4R0H1D00F,1W9DL31001461C,,1ZMLH8300204F0,1W9DL31001461C,,,,,
2023-11-01,11:30:16.84 AM,5m 54.5s,354.5,33.7999902349745,-117.4730217069825,91.5,137.7,13.7,1355,2810.0,6.056285,6.94893,-0.447388,2.23694,-6.039738,1.342164,0,0.894776,-2.8,-1.6,3.2,-95.6,264.4,261.9,Tripod,Other,,21,5,True,,True,False,,Smart,RC,False,True,False,,,True,,False,False,False,False,False,False,False,False,False,False,0,Follow Yaw,-77.9,0,-103.9,256.1,False,False,False,False,False,,0,0,False,False,No Card,100,100,1024,1361,879,1024,2,False,False,False,False,False,0,False,False,False,False,81,,47.22,,8134,,10044,,47.22,,True,3.936,3.936,3.936,3.936,3.936,3.936,3.936,3.936,3.936,3.936,3.936,3.936,0,,False,False,True,,,,,,,,,,,,,,,False,False,18.892,,95.9,,75.7,,95.9,,1561,79,9,19,7,141018.9,18802.52,,Idle,,20,,10,,,20,Go Home,False,False,False,False,False,False,False,False,False,False,False,False,33.8027920380556,-117.4659261431046,2381.5,2972.0,1049.4,396.9,True,1,1,False,False,False,False,,True,False,False,Course Lock,196.8,67,16.4,93,E,S,1.56,11.4,Calm,False,False,Android,7.0.2,M300 RTK,1ZN7L4R0H1D00F,1W9DL31001461C,1ZMLH8300204F0,1Z6PH74DAP0QN7,"Corona, CA",728.3,5.7,137.7,8.547347,2.013246,0,0,DJI Matrice 300 RTK,M300 RTK,1ZN7L4R0H1D00F,1W9DL31001461C,1ZMLH8300204F0,1Z6PH74DAP0QN7,DJI Pilot,Android,7.0.2,1EF72A62-B7C3-C88D-164E-CE6F8C8424AE,1ZN7L4R0H1D00F,1W9DL31001461C,,1ZMLH8300204F0,1W9DL31001461C,,,,,
2023-11-01,11:30:16.92 AM,5m 54.6s,354.6,33.7999900318447,-117.4730245982469,91.5,137.7,13.7,1355,2810.9,6.056285,6.94893,-0.447388,2.23694,-6.039738,1.342164,0,0.894776,-2.5,-1.6,2.9,-95.7,264.3,265.1,Tripod,Other,,21,5,True,,True,False,,Smart,RC,False,True,False,,,True,,False,False,False,False,False,False,False,False,False,False,0,Follow Yaw,-77.9,0,-103.9,256.1,False,False,False,False,False,,0,0,False,False,No Card,100,100,1024,1357,876,1024,2,False,False,False,False,False,0,False,False,False,False,81,,47.22,,8134,,10044,,47.22,,True,3.936,3.936,3.936,3.936,3.936,3.936,3.936,3.936,3.936,3.936,3.936,3.936,0,,False,False,True,,,,,,,,,,,,,,,False,False,18.892,,95.9,,75.7,,95.9,,1561,79,9,19,7,141018.9,18802.52,,Idle,,20,,10,,,20,Go Home,False,False,False,False,False,False,False,False,False,False,False,False,33.8027920380556,-117.4659261431046,2382.3,2972.0,1049.4,396.9,True,1,1,False,False,False,False,,True,False,False,Course Lock,196.8,67,16.4,93,E,S,1.56,11.4,Calm,False,False,Android,7.0.2,M300 RTK,1ZN7L4R0H1D00F,1W9DL31001461C,1ZMLH8300204F0,1Z6PH74DAP0QN7,"Corona, CA",728.3,5.7,137.7,8.547347,2.013246,0,0,DJI Matrice 300 RTK,M300 RTK,1ZN7L4R0H1D00F,1W9DL31001461C,1ZMLH8300204F0,1Z6PH74DAP0QN7,DJI Pilot,Android,7.0.2,1EF72A62-B7C3-C88D-164E-CE6F8C8424AE,1ZN7L4R0H1D00F,1W9DL31001461C,,1ZMLH8300204F0,1W9DL31001461C,,,,,
2023-11-01,11:30:17.04 AM,5m 54.7s,354.7,33.7999898607881,-117.4730276684628,91.5,137.7,13.7,1355,2811.8,6.056285,6.94893,-0.447388,2.23694,-6.039738,1.342164,0,0.894776,-2.3,-1.4,2.6,-95.7,264.3,266.1,Tripod,Other,,21,5,True,,True,False,,Smart,RC,False,True,False,,,True,,False,False,False,False,False,False,False,False,False,False,0,Follow Yaw,-77.9,0,-103.9,256.1,False,False,False,False,False,,0,0,False,False,No Card,100,100,1024,1359,873,1024,2,False,False,False,False,False,0,False,False,False,False,81,,47.22,,8134,,10044,,47.22,,True,3.936,3.936,3.936,3.936,3.936,3.936,3.936,3.936,3.936,3.936,3.936,3.936,0,,False,False,True,,,,,,,,,,,,,,,False,False,18.892,,95.9,,75.7,,95.9,,1561,79,9,19,7,141018.9,18802.52,,Idle,,20,,10,,,20,Go Home,False,False,False,False,False,False,False,False,False,False,False,False,33.8027920380556,-117.4659261431046,2383.2,2972.0,1049.4,396.9,True,1,1,False,False,False,False,,True,False,False,Course Lock,196.8,67,16.4,93,E,S,1.56,11.4,Calm,False,False,Android,7.0.2,M300 RTK,1ZN7L4R0H1D00F,1W9DL31001461C,1ZMLH8300204F0,1Z6PH74DAP0QN7,"Corona, CA",728.3,5.7,137.7,8.547347,2.013246,0,0,DJI Matrice 300 RTK,M300 RTK,1ZN7L4R0H1D00F,1W9DL31001461C,1ZMLH8300204F0,1Z6PH74DAP0QN7,DJI Pilot,Android,7.0.2,1EF72A62-B7C3-C88D-164E-CE6F8C8424AE,1ZN7L4R0H1D00F,1W9DL31001461C,,1ZMLH8300204F0,1W9DL31001461C,,,,,
2023-11-01,11:30:17.14 AM,5m 54.8s,354.8,33.7999896368246,-117.4730307009093,91.5,137.7,13.7,1355,2812.7,6.056285,6.94893,-0.447388,2.23694,-6.039738,1.342164,0,0.894776,-2.4,-1,2.6,-95.6,264.4,264.9,Tripod,Other,,22,5,True,,True,False,,Smart,RC,False,True,False,,,True,,False,False,False,False,False,False,False,False,False,False,0,Follow Yaw,-77.9,0,-103.9,256.1,False,False,False,False,False,,0,0,False,False,No Card,100,100,1024,1357,838,1024,2,False,False,False,False,False,0,False,False,False,False,81,,47.22,,8134,,10044,,47.22,,True,3.936,3.936,3.936,3.936,3.936,3.936,3.936,3.936,3.936,3.936,3.936,3.936,0,,False,False,True,,,,,,,,,,,,,,,False,False,18.892,,95.9,,75.7,,95.9,,1561,79,9,19,7,141018.9,18802.52,,Idle,,20,,10,,,20,Go Home,False,False,False,False,False,False,False,False,False,False,False,False,33.8027920380556,-117.4659261431046,2384.0,2972.0,1049.4,396.9,True,1,1,False,False,False,False,,True,False,False,Course Lock,196.8,67,16.4,93,E,S,1.56,11.4,Calm,False,False,Android,7.0.2,M300 RTK,1ZN7L4R0H1D00F,1W9DL31001461C,1ZMLH8300204F0,1Z6PH74DAP0QN7,"Corona, CA",728.3,5.7,137.7,8.547347,2.013246,0,0,DJI Matrice 300 RTK,M300 RTK,1ZN7L4R0H1D00F,1W9DL31001461C,1ZMLH8300204F0,1Z6PH74DAP0QN7,DJI Pilot,Android,7.0.2,1EF72A62-B7C3-C88D-164E-CE6F8C8424AE,1ZN7L4R0H1D00F,1W9DL31001461C,,1ZMLH8300204F0,1W9DL31001461C,,,,,
2023-11-01,11:30:17.24 AM,5m 54.9s,354.9,33.7999895532152,-117.473034023142,91.5,137.7,14.1,1355,2813.8,6.056285,6.94893,-0.447388,2.23694,-6.039738,1.342164,0,0.894776,-2.5,-0.8,2.6,-95.6,264.4,268.2,Tripod,Other,,22,5,True,,True,False,,Smart,RC,False,True,False,,,True,,False,False,False,False,False,False,False,False,False,False,0,Follow Yaw,-77.9,0,-103.9,256.1,False,False,False,False,False,,0,0,False,False,No Card,100,100,1024,1357,849,1024,2,False,False,False,False,False,0,False,False,False,False,81,,47.208,,4038,,4986,,47.208,,True,3.936,3.936,3.936,3.936,3.936,3.936,3.936,3.936,3.936,3.936,3.936,3.936,0,,False,False,True,,,,,,,,,,,,,,,False,False,9.312,,95.9,,75.7,,95.9,,1561,79,9,19,7,141018.9,18802.52,,Idle,,20,,10,,,20,Go Home,False,False,False,False,False,False,False,False,False,False,False,False,33.8027920380556,-117.4659261431046,2384.9,2972.0,1049.4,396.9,True,1,1,False,False,False,False,,True,False,False,Course Lock,196.8,67,16.4,93,E,S,1.56,11.4,Calm,False,False,Android,7.0.2,M300 RTK,1ZN7L4R0H1D00F,1W9DL31001461C,1ZMLH8300204F0,1Z6PH74DAP0QN7,"Corona, CA",728.3,5.7,137.7,8.547347,2.013246,0,0,DJI Matrice 300 RTK,M300 RTK,1ZN7L4R0H1D00F,1W9DL31001461C,1ZMLH8300204F0,1Z6PH74DAP0QN7,DJI Pilot,Android,7.0.2,1EF72A62-B7C3-C88D-164E-CE6F8C8424AE,1ZN7L4R0H1D00F,1W9DL31001461C,,1ZMLH8300204F0,1W9DL31001461C,,,,,
2023-11-01,11:30:17.34 AM,5m 55.0s,355.0,33.7999893522785,-117.4730370593819,91.5,137.7,14.1,1355,2814.7,6.056285,6.94893,-0.447388,2.23694,-6.039738,1.342164,0.223694,0.894776,-2.7,-0.9,2.8,-95.6,264.4,265.4,Tripod,Other,,22,5,True,,True,False,,Smart,RC,False,True,False,,,True,,False,False,False,False,False,False,False,False,False,False,0,Follow Yaw,-77.9,0,-103.9,256.1,False,False,False,False,False,,0,0,False,False,No Card,100,100,1024,1357,861,1024,2,False,False,False,False,False,0,False,False,False,False,81,,47.232,,8134,,10044,,47.232,,True,3.936,3.936,3.936,3.936,3.936,3.936,3.936,3.936,3.936,3.936,3.936,3.936,0,,False,False,True,,,,,,,,,,,,,,,False,False,18.772,,95.9,,75.7,,95.9,,1561,79,9,19,7,141018.9,18802.52,,Idle,,20,,10,,,20,Go Home,False,False,False,False,False,False,False,False,False,False,False,False,33.8027920380556,-117.4659261431046,2385.8,2972.0,1049.4,396.9,True,1,1,False,False,False,False,,True,False,False,Course Lock,196.8,67,16.4,93,E,S,1.56,11.4,Calm,False,False,Android,7.0.2,M300 RTK,1ZN7L4R0H1D00F,1W9DL31001461C,1ZMLH8300204F0,1Z6PH74DAP0QN7,"Corona, CA",728.3,5.7,137.7,8.547347,2.013246,0,0,DJI Matrice 300 RTK,M300 RTK,1ZN7L4R0H1D00F,1W9DL31001461C,1ZMLH8300204F0,1Z6PH74DAP0QN7,DJI Pilot,Android,7.0.2,1EF72A62-B7C3-C88D-164E-CE6F8C8424AE,1ZN7L4R0H1D00F,1W9DL31001461C,,1ZMLH8300204F0,1W9DL31001461C,,,,,
2023-11-01,11:30:17.44 AM,5m 55.1s,355.1,33.7999890046827,-117.4730399138663,91.5,137.7,13.7,1355,2815.5,6.056285,6.94893,-0.447388,2.23694,-6.039738,1.342164,0.223694,0.894776,-2.9,-1.2,3.1,-95.6,264.4,261.6,Tripod,Other,,22,5,True,,True,False,,Smart,RC,False,True,False,,,True,,False,False,False,False,False,False,False,False,False,False,0,Follow Yaw,-77.9,0,-103.9,256.1,False,False,False,False,False,,0,0,False,False,No Card,100,100,1024,1355,861,1024,2,False,False,False,False,False,0,False,False,False,False,81,,47.232,,8134,,10044,,47.232,,True,3.936,3.936,3.936,3.936,3.936,3.936,3.936,3.936,3.936,3.936,3.936,3.936,0,,False,False,True,,,,,,,,,,,,,,,False,False,18.772,,95.9,,75.7,,95.9,,1561,79,9,19,7,141018.9,18802.52,,Idle,,20,,10,,,20,Go Home,False,False,False,False,False,False,False,False,False,False,False,False,33.8027920380556,-117.4659261431046,2386.6,2972.0,1049.4,396.9,True,1,1,False,False,False,False,,True,False,False,Course Lock,196.8,67,16.4,93,E,S,1.56,11.4,Calm,False,False,Android,7.0.2,M300 RTK,1ZN7L4R0H1D00F,1W9DL31001461C,1ZMLH8300204F0,1Z6PH74DAP0QN7,"Corona, CA",728.3,5.7,137.7,8.547347,2.013246,0,0,DJI Matrice 300 RTK,M300 RTK,1ZN7L4R0H1D00F,1W9DL31001461C,1ZMLH8300204F0,1Z6PH74DAP0QN7,DJI Pilot,Android,7.0.2,1EF72A62-B7C3-C88D-164E-CE6F8C8424AE,1ZN7L4R0H1D00F,1W9DL31001461C,,1ZMLH8300204F0,1W9DL31001461C,,,,,
2023-11-01,11:30:17.55 AM,5m 55.2s,355.2,33.799988805939,-117.4730429489517,91.5,137.7,13.7,1355,2816.5,6.056285,6.94893,-0.447388,2.23694,-6.039738,1.342164,0.223694,0.894776,-3.1,-1.5,3.4,-95.6,264.4,265.4,Tripod,Other,,22,5,True,,True,False,,Smart,RC,False,True,False,,,True,,False,False,False,False,False,False,False,False,False,False,0,Follow Yaw,-77.9,0,-103.9,256.1,False,False,False,False,False,,0,0,False,False,No Card,100,100,1024,1359,860,1024,2,False,False,False,False,False,0,False,False,False,False,81,,47.232,,8134,,10044,,47.232,,True,3.936,3.936,3.936,3.936,3.936,3.936,3.936,3.936,3.936,3.936,3.936,3.936,0,,False,False,True,,,,,,,,,,,,,,,False,False,18.772,,95.9,,75.7,,95.9,,1561,79,9,19,7,141018.9,18802.52,,Idle,,20,,10,,,20,Go Home,False,False,False,False,False,False,False,False,False,False,False,False,33.8027920380556,-117.4659261431046,2387.5,2972.0,1049.4,396.9,True,1,1,False,False,False,False,,True,False,False,Course Lock,196.8,67,16.4,93,E,S,1.56,11.4,Calm,False,False,Android,7.0.2,M300 RTK,1ZN7L4R0H1D00F,1W9DL31001461C,1ZMLH8300204F0,1Z6PH74DAP0QN7,"Corona, CA",728.3,5.7,137.7,8.547347,2.013246,0,0,DJI Matrice 300 RTK,M300 RTK,1ZN7L4R0H1D00F,1W9DL31001461C,1ZMLH8300204F0,1Z6PH74DAP0QN7,DJI Pilot,Android,7.0.2,1EF72A62-B7C3-C88D-164E-CE6F8C8424AE,1ZN7L4R0H1D00F,1W9DL31001461C,,1ZMLH8300204F0,1W9DL31001461C,,,,,
2023-11-01,11:30:17.64 AM,5m 55.3s,355.3,33.7999885290686,-117.4730460256001,91.5,137.7,13.7,1355,2817.4,6.056285,6.94893,-0.447388,2.23694,-6.039738,1.342164,0.223694,0.894776,-3.2,-1.8,3.6,-95.6,264.4,263.8,Tripod,Other,,22,5,True,,True,False,,Smart,RC,False,True,False,,,True,,False,False,False,False,False,False,False,False,False,False,0,Follow Yaw,-77.9,0,-103.9,256.1,False,False,False,False,False,,0,0,False,False,No Card,100,100,1024,1354,860,1024,2,False,False,False,False,False,0,False,False,False,False,81,,47.232,,8134,,10044,,47.232,,True,3.937,3.937,3.937,3.937,3.937,3.937,3.937,3.937,3.937,3.937,3.937,3.937,0,,False,False,True,,,,,,,,,,,,,,,False,False,18.772,,95.9,,75.7,,95.9,,1560,79,9,19,7,140918.7,18789.16,,Idle,,20,,10,,,20,Go Home,False,False,False,False,False,False,False,False,False,False,False,False,33.8027920380556,-117.4659261431046,2388.4,2972.0,1049.4,396.9,True,1,1,False,False,False,False,,True,False,False,Course Lock,196.8,67,16.4,93,E,S,1.56,11.4,Calm,False,False,Android,7.0.2,M300 RTK,1ZN7L4R0H1D00F,1W9DL31001461C,1ZMLH8300204F0,1Z6PH74DAP0QN7,"Corona, CA",728.3,5.7,137.7,8.547347,2.013246,0,0,DJI Matrice 300 RTK,M300 RTK,1ZN7L4R0H1D00F,1W9DL31001461C,1ZMLH8300204F0,1Z6PH74DAP0QN7,DJI Pilot,Android,7.0.2,1EF72A62-B7C3-C88D-164E-CE6F8C8424AE,1ZN7L4R0H1D00F,1W9DL31001461C,,1ZMLH8300204F0,1W9DL31001461C,,,,,
2023-11-01,11:30:17.75 AM,5m 55.4s,355.4,33.7999883374523,-117.4730490751995,91.2,137.7,13.7,1355,2818.3,6.043879,6.94893,-0.223694,2.23694,-6.039738,1.342164,0.223694,0.894776,-3.2,-2,3.7,-95.6,264.4,265.6,Tripod,Other,,21,5,True,,True,False,,Smart,RC,False,True,False,,,True,,False,False,False,False,False,False,False,False,False,False,0,Follow Yaw,-77.9,0,-103.9,256.1,False,False,False,False,False,,0,0,False,False,No Card,100,100,1024,1355,859,1024,2,False,False,False,False,False,0,False,False,False,False,81,,47.232,,8134,,10044,,47.232,,True,3.937,3.937,3.937,3.937,3.937,3.937,3.937,3.937,3.937,3.937,3.937,3.937,0,,False,False,True,,,,,,,,,,,,,,,False,False,18.772,,95.9,,75.7,,95.9,,1560,79,9,19,7,140918.7,18789.16,,Idle,,20,,10,,,20,Go Home,False,False,False,False,False,False,False,False,False,False,False,False,33.8027920380556,-117.4659261431046,2389.3,2972.0,1049.4,396.9,True,1,1,False,False,False,False,,True,False,False,Course Lock,196.8,67,16.4,93,E,S,1.56,11.4,Calm,False,False,Android,7.0.2,M300 RTK,1ZN7L4R0H1D00F,1W9DL31001461C,1ZMLH8300204F0,1Z6PH74DAP0QN7,"Corona, CA",728.3,5.7,137.7,8.547347,2.013246,0,0,DJI Matrice 300 RTK,M300 RTK,1ZN7L4R0H1D00F,1W9DL31001461C,1ZMLH8300204F0,1Z6PH74DAP0QN7,DJI Pilot,Android,7.0.2,1EF72A62-B7C3-C88D-164E-CE6F8C8424AE,1ZN7L4R0H1D00F,1W9DL31001461C,,1ZMLH8300204F0,1W9DL31001461C,,,,,
2023-11-01,11:30:17.85 AM,5m 55.5s,355.5,33.7999880430375,-117.4730520141293,91.2,137.7,13.7,1355,2819.2,6.043879,6.94893,-0.223694,2.23694,-6.039738,1.342164,0.223694,0.894776,-3,-1.8,3.4,-95.5,264.5,263.1,Tripod,Other,,21,5,True,,True,False,,Smart,RC,False,True,False,,,True,,False,False,False,False,False,False,False,False,False,False,0,Follow Yaw,-77.9,0,-103.9,256.1,False,False,False,False,False,,0,0,False,False,No Card,100,100,1024,1354,861,1024,2,False,False,False,False,False,0,False,False,False,False,81,,47.232,,8134,,10044,,47.232,,True,3.937,3.937,3.937,3.937,3.937,3.937,3.937,3.937,3.937,3.937,3.937,3.937,0,,False,False,True,,,,,,,,,,,,,,,False,False,18.772,,95.9,,75.7,,95.9,,1560,79,9,19,7,140918.7,18789.16,,Idle,,20,,10,,,20,Go Home,False,False,False,False,False,False,False,False,False,False,False,False,33.8027920380556,-117.4659261431046,2390.1,2972.0,1049.4,396.9,True,1,1,False,False,False,False,,True,False,False,Course Lock,196.8,67,16.4,93,E,S,1.56,11.4,Calm,False,False,Android,7.0.2,M300 RTK,1ZN7L4R0H1D00F,1W9DL31001461C,1ZMLH8300204F0,1Z6PH74DAP0QN7,"Corona, CA",728.3,5.7,137.7,8.547347,2.013246,0,0,DJI Matrice 300 RTK,M300 RTK,1ZN7L4R0H1D00F,1W9DL31001461C,1ZMLH8300204F0,1Z6PH74DAP0QN7,DJI Pilot,Android,7.0.2,1EF72A62-B7C3-C88D-164E-CE6F8C8424AE,1ZN7L4R0H1D00F,1W9DL31001461C,,1ZMLH8300204F0,1W9DL31001461C,,,,,
2023-11-01,11:30:17.95 AM,5m 55.6s,355.6,33.7999878473093,-117.4730550685118,91.2,137.7,13.7,1355,2820.2,6.043879,6.94893,-0.223694,2.23694,-6.039738,1.342164,0.223694,0.894776,-2.8,-1.5,3.1,-95.5,264.5,265.5,Tripod,Other,,21,5,True,,True,False,,Smart,RC,False,True,False,,,True,,False,False,False,False,False,False,False,False,False,False,0,Follow Yaw,-77.9,0,-103.9,256.1,False,False,False,False,False,,0,0,False,False,No Card,100,100,1024,1350,862,1024,2,False,False,False,False,False,0,False,False,False,False,81,,47.232,,8134,,10044,,47.232,,True,3.937,3.937,3.937,3.937,3.937,3.937,3.937,3.937,3.937,3.937,3.937,3.937,0,,False,False,True,,,,,,,,,,,,,,,False,False,18.772,,95.9,,75.7,,95.9,,1560,79,9,19,7,140918.7,18789.16,,Idle,,20,,10,,,20,Go Home,False,False,False,False,False,False,False,False,False,False,False,False,33.8027920380556,-117.4659261431046,2391.0,2972.0,1049.4,396.9,True,1,1,False,False,False,False,,True,False,False,Course Lock,196.8,67,16.4,93,E,S,1.56,11.4,Calm,False,False,Android,7.0.2,M300 RTK,1ZN7L4R0H1D00F,1W9DL31001461C,1ZMLH8300204F0,1Z6PH74DAP0QN7,"Corona, CA",728.3,5.7,137.7,8.547347,2.013246,0,0,DJI Matrice 300 RTK,M300 RTK,1ZN7L4R0H1D00F,1W9DL31001461C,1ZMLH8300204F0,1Z6PH74DAP0QN7,DJI Pilot,Android,7.0.2,1EF72A62-B7C3-C88D-164E-CE6F8C8424AE,1ZN7L4R0H1D00F,1W9DL31001461C,,1ZMLH8300204F0,1W9DL31001461C,,,,,
2023-11-01,11:30:18.06 AM,5m 55.7s,355.7,33.7999876965382,-117.4730581872179,91.2,137.7,13.7,1355,2821.1,6.043879,6.94893,-0.223694,2.23694,-6.039738,1.342164,0.223694,0.894776,-2.6,-1.5,3,-95.6,264.4,266.6,Tripod,Other,,21,5,True,,True,False,,Smart,RC,False,True,False,,,True,,False,False,False,False,False,False,False,False,False,False,0,Follow Yaw,-77.9,0,-103.9,256.1,False,False,False,False,False,,0,0,False,False,No Card,100,100,1024,1350,865,1024,2,False,False,False,False,False,0,False,False,False,False,81,,47.232,,8134,,10044,,47.232,,True,3.937,3.937,3.937,3.937,3.937,3.937,3.937,3.937,3.937,3.937,3.937,3.937,0,,False,False,True,,,,,,,,,,,,,,,False,False,18.772,,95.9,,75.7,,95.9,,1560,79,9,19,7,140918.7,18789.16,,Idle,,20,,10,,,20,Go Home,False,False,False,False,False,False,False,False,False,False,False,False,33.8027920380556,-117.4659261431046,2391.9,2972.0,1049.4,396.9,True,1,1,False,False,False,False,,True,False,False,Course Lock,196.8,67,16.4,93,E,S,1.56,11.4,Calm,False,False,Android,7.0.2,M300 RTK,1ZN7L4R0H1D00F,1W9DL31001461C,1ZMLH8300204F0,1Z6PH74DAP0QN7,"Corona, CA",728.3,5.7,137.7,8.547347,2.013246,0,0,DJI Matrice 300 RTK,M300 RTK,1ZN7L4R0H1D00F,1W9DL31001461C,1ZMLH8300204F0,1Z6PH74DAP0QN7,DJI Pilot,Android,7.0.2,1EF72A62-B7C3-C88D-164E-CE6F8C8424AE,1ZN7L4R0H1D00F,1W9DL31001461C,,1ZMLH8300204F0,1W9DL31001461C,,,,,
2023-11-01,11:30:18.16 AM,5m 55.8s,355.8,33.799987524111,-117.4730612488574,91.2,137.7,13.7,1355,2822.0,6.043879,6.94893,-0.223694,2.23694,-6.039738,1.342164,0.223694,0.894776,-2.4,-1.9,3,-95.6,264.4,266.1,Tripod,Other,,22,5,True,,True,False,,Smart,RC,False,True,False,,,True,,False,False,False,False,False,False,False,False,False,False,0,Follow Yaw,-77.9,0,-103.9,256.1,False,False,False,False,False,,0,0,False,False,No Card,100,100,1024,1353,861,1024,2,False,False,False,False,False,0,False,False,False,False,81,,47.232,,8134,,10044,,47.232,,True,3.937,3.937,3.937,3.937,3.937,3.937,3.937,3.937,3.937,3.937,3.937,3.937,0,,False,False,True,,,,,,,,,,,,,,,False,False,18.772,,95.9,,75.7,,95.9,,1560,79,9,19,7,140918.7,18789.16,,Idle,,20,,10,,,20,Go Home,False,False,False,False,False,False,False,False,False,False,False,False,33.8027920380556,-117.4659261431046,2392.7,2972.0,1049.4,396.9,True,1,1,False,False,False,False,,True,False,False,Course Lock,196.8,67,16.4,93,E,S,1.56,11.4,Calm,False,False,Android,7.0.2,M300 RTK,1ZN7L4R0H1D00F,1W9DL31001461C,1ZMLH8300204F0,1Z6PH74DAP0QN7,"Corona, CA",728.3,5.7,137.7,8.547347,2.013246,0,0,DJI Matrice 300 RTK,M300 RTK,1ZN7L4R0H1D00F,1W9DL31001461C,1ZMLH8300204F0,1Z6PH74DAP0QN7,DJI Pilot,Android,7.0.2,1EF72A62-B7C3-C88D-164E-CE6F8C8424AE,1ZN7L4R0H1D00F,1W9DL31001461C,,1ZMLH8300204F0,1W9DL31001461C,,,,,
2023-11-01,11:30:18.26 AM,5m 55.9s,355.9,33.7999873695021,-117.4730640784371,91.2,137.7,13.7,1355,2822.9,6.043879,6.94893,-0.223694,2.23694,-6.039738,1.342164,0.223694,0.894776,-2.4,-2.3,3.3,-95.6,264.4,266.2,Tripod,Other,,22,5,True,,True,False,,Smart,RC,False,True,False,,,True,,False,False,False,False,False,False,False,False,False,False,0,Follow Yaw,-77.9,0,-103.9,256.1,False,False,False,False,False,,0,0,False,False,No Card,100,100,1024,1349,862,1024,2,False,False,False,False,False,0,False,False,False,False,81,,47.232,,8134,,10044,,47.232,,True,3.937,3.937,3.937,3.937,3.937,3.937,3.937,3.937,3.937,3.937,3.937,3.937,0,,False,False,True,,,,,,,,,,,,,,,False,False,18.772,,95.9,,75.7,,95.9,,1560,79,9,19,7,140918.7,18789.16,,Idle,,20,,10,,,20,Go Home,False,False,False,False,False,False,False,False,False,False,False,False,33.8027920380556,-117.4659261431046,2393.5,2972.0,1049.4,396.9,True,1,1,False,False,False,False,,True,False,False,Course Lock,196.8,67,16.4,93,E,S,1.56,11.4,Calm,False,False,Android,7.0.2,M300 RTK,1ZN7L4R0H1D00F,1W9DL31001461C,1ZMLH8300204F0,1Z6PH74DAP0QN7,"Corona, CA",728.3,5.7,137.7,8.547347,2.013246,0,0,DJI Matrice 300 RTK,M300 RTK,1ZN7L4R0H1D00F,1W9DL31001461C,1ZMLH8300204F0,1Z6PH74DAP0QN7,DJI Pilot,Android,7.0.2,1EF72A62-B7C3-C88D-164E-CE6F8C8424AE,1ZN7L4R0H1D00F,1W9DL31001461C,,1ZMLH8300204F0,1W9DL31001461C,,,,,
2023-11-01,11:30:18.37 AM,5m 56.0s,356.0,33.7999871968008,-117.4730672542098,91.2,137.7,13.7,1355,2823.9,6.043879,6.94893,-0.223694,2.23694,-6.039738,1.342164,0.223694,0.894776,-2.4,-2.6,3.5,-95.7,264.3,266.2,Tripod,Other,,22,5,True,,True,False,,Smart,RC,False,True,False,,,True,,False,False,False,False,False,False,False,False,False,False,0,Follow Yaw,-77.9,0,-103.9,256.1,False,False,False,False,False,,0,0,False,False,No Card,100,100,1024,1348,863,1024,2,False,False,False,False,False,0,False,False,False,False,81,,47.232,,8134,,10044,,47.232,,True,3.937,3.937,3.937,3.937,3.937,3.937,3.937,3.937,3.937,3.937,3.937,3.937,0,,False,False,True,,,,,,,,,,,,,,,False,False,18.578,,95.9,,75.7,,95.9,,1560,79,9,19,7,140918.7,18789.16,,Idle,,20,,10,,,20,Go Home,False,False,False,False,False,False,False,False,False,False,False,False,33.8027920380556,-117.4659261431046,2394.4,2972.0,1049.4,396.9,True,1,1,False,False,False,False,,True,False,False,Course Lock,196.8,67,16.4,93,E,S,1.56,11.4,Calm,False,False,Android,7.0.2,M300 RTK,1ZN7L4R0H1D00F,1W9DL31001461C,1ZMLH8300204F0,1Z6PH74DAP0QN7,"Corona, CA",728.3,5.7,137.7,8.547347,2.013246,0,0,DJI Matrice 300 RTK,M300 RTK,1ZN7L4R0H1D00F,1W9DL31001461C,1ZMLH8300204F0,1Z6PH74DAP0QN7,DJI Pilot,Android,7.0.2,1EF72A62-B7C3-C88D-164E-CE6F8C8424AE,1ZN7L4R0H1D00F,1W9DL31001461C,,1ZMLH8300204F0,1W9DL31001461C,,,,,
2023-11-01,11:30:18.47 AM,5m 56.1s,356.1,33.7999869887367,-117.4730702196937,90.8,137.7,13.7,1355,2824.8,6.043879,6.94893,-0.223694,2.23694,-6.039738,1.342164,0.223694,0.894776,-2.4,-2.6,3.5,-95.7,264.3,265.1,Tripod,Other,,22,5,True,,True,False,,Smart,RC,False,True,False,,,True,,False,False,False,False,False,False,False,False,False,False,0,Follow Yaw,-77.9,0,-103.9,256.1,False,False,False,False,False,,0,0,False,False,No Card,100,100,1024,1347,864,1024,2,False,False,False,False,False,0,False,False,False,False,81,,47.232,,8134,,10044,,47.232,,True,3.937,3.937,3.937,3.937,3.937,3.937,3.937,3.937,3.937,3.937,3.937,3.937,0,,False,False,True,,,,,,,,,,,,,,,False,False,18.578,,95.9,,75.7,,95.9,,1560,79,9,19,7,140918.7,18789.16,,Idle,,20,,10,,,20,Go Home,False,False,False,False,False,False,False,False,False,False,False,False,33.8027920380556,-117.4659261431046,2395.3,2972.0,1049.4,396.9,True,1,1,False,False,False,False,,True,False,False,Course Lock,196.8,67,16.4,93,E,S,1.56,11.4,Calm,False,False,Android,7.0.2,M300 RTK,1ZN7L4R0H1D00F,1W9DL31001461C,1ZMLH8300204F0,1Z6PH74DAP0QN7,"Corona, CA",728.3,5.7,137.7,8.547347,2.013246,0,0,DJI Matrice 300 RTK,M300 RTK,1ZN7L4R0H1D00F,1W9DL31001461C,1ZMLH8300204F0,1Z6PH74DAP0QN7,DJI Pilot,Android,7.0.2,1EF72A62-B7C3-C88D-164E-CE6F8C8424AE,1ZN7L4R0H1D00F,1W9DL31001461C,,1ZMLH8300204F0,1W9DL31001461C,,,,,
2023-11-01,11:30:18.54 AM,5m 56.2s,356.2,33.7999868127458,-117.47307322806,90.8,137.7,13.7,1355,2825.7,6.043879,6.94893,-0.223694,2.23694,-6.039738,1.342164,0.223694,0.894776,-2.6,-2.4,3.5,-95.7,264.3,265.9,Tripod,Other,,22,5,True,,True,False,,Smart,RC,False,True,False,,,True,,False,False,False,False,False,False,False,False,False,False,0,Follow Yaw,-77.9,0,-103.9,256.1,False,False,False,False,False,,0,0,False,False,No Card,100,100,1024,1348,871,1024,2,False,False,False,False,False,0,False,False,False,False,81,,47.232,,8134,,10044,,47.232,,True,3.937,3.937,3.937,3.937,3.937,3.937,3.937,3.937,3.937,3.937,3.937,3.937,0,,False,False,True,,,,,,,,,,,,,,,False,False,18.578,,95.9,,75.7,,95.9,,1560,79,9,19,7,140918.7,18789.16,,Idle,,20,,10,,,20,Go Home,False,False,False,False,False,False,False,False,False,False,False,False,33.8027920380556,-117.4659261431046,2396.1,2972.0,1049.4,396.9,True,1,1,False,False,False,False,,True,False,False,Course Lock,196.8,67,16.4,93,E,S,1.56,11.4,Calm,False,False,Android,7.0.2,M300 RTK,1ZN7L4R0H1D00F,1W9DL31001461C,1ZMLH8300204F0,1Z6PH74DAP0QN7,"Corona, CA",728.3,5.7,137.7,8.547347,2.013246,0,0,DJI Matrice 300 RTK,M300 RTK,1ZN7L4R0H1D00F,1W9DL31001461C,1ZMLH8300204F0,1Z6PH74DAP0QN7,DJI Pilot,Android,7.0.2,1EF72A62-B7C3-C88D-164E-CE6F8C8424AE,1ZN7L4R0H1D00F,1W9DL31001461C,,1ZMLH8300204F0,1W9DL31001461C,,,,,
2023-11-01,11:30:18.64 AM,5m 56.3s,356.3,33.7999866929513,-117.4730763825564,90.8,137.7,13.7,1355,2826.6,6.043879,6.94893,-0.223694,2.23694,-6.039738,1.342164,0.223694,0.894776,-2.8,-2.2,3.5,-95.7,264.3,267.3,Tripod,Other,,22,5,True,,True,False,,Smart,RC,False,True,False,,,True,,False,False,False,False,False,False,False,False,False,False,0,Follow Yaw,-77.9,0,-103.9,256.1,False,False,False,False,False,,0,0,False,False,No Card,100,100,1024,1348,871,1024,2,False,False,False,False,False,0,False,False,False,False,81,,47.232,,8134,,10044,,47.232,,True,3.935,3.935,3.935,3.935,3.935,3.935,3.935,3.935,3.935,3.935,3.935,3.935,0,,False,False,True,,,,,,,,,,,,,,,False,False,18.578,,95.9,,75.7,,95.9,,1560,79,9,19,7,140833.0,18777.73,,Idle,,20,,10,,,20,Go Home,False,False,False,False,False,False,False,False,False,False,False,False,33.8027920380556,-117.4659261431046,2397.0,2972.0,1049.4,396.9,True,1,1,False,False,False,False,,True,False,False,Course Lock,196.8,67,16.4,93,E,S,1.56,11.4,Calm,False,False,Android,7.0.2,M300 RTK,1ZN7L4R0H1D00F,1W9DL31001461C,1ZMLH8300204F0,1Z6PH74DAP0QN7,"Corona, CA",728.3,5.7,137.7,8.547347,2.013246,0,0,DJI Matrice 300 RTK,M300 RTK,1ZN7L4R0H1D00F,1W9DL31001461C,1ZMLH8300204F0,1Z6PH74DAP0QN7,DJI Pilot,Android,7.0.2,1EF72A62-B7C3-C88D-164E-CE6F8C8424AE,1ZN7L4R0H1D00F,1W9DL31001461C,,1ZMLH8300204F0,1W9DL31001461C,,,,,
2023-11-01,11:30:18.74 AM,5m 56.4s,356.4,33.7999865070917,-117.4730793861397,90.8,137.7,13.7,1355,2827.6,6.043879,6.94893,-0.223694,2.23694,-6.039738,1.342164,0.223694,0.894776,-2.7,-2.2,3.4,-95.8,264.2,265.7,Tripod,Other,,22,5,True,,True,False,,Smart,RC,False,True,False,,,True,,False,False,False,False,False,False,False,False,False,False,0,Follow Yaw,-77.9,0,-103.9,256.1,False,False,False,False,False,,0,0,False,False,No Card,100,100,1024,1350,897,1024,2,False,False,False,False,False,0,False,False,False,False,81,,47.232,,8134,,10044,,47.232,,True,3.935,3.935,3.935,3.935,3.935,3.935,3.935,3.935,3.935,3.935,3.935,3.935,0,,False,False,True,,,,,,,,,,,,,,,False,False,18.578,,95.9,,75.7,,95.9,,1560,79,9,19,7,140833.0,18777.73,,Idle,,20,,10,,,20,Go Home,False,False,False,False,False,False,False,False,False,False,False,False,33.8027920380556,-117.4659261431046,2397.8,2972.0,1049.4,396.9,True,1,1,False,False,False,False,,True,False,False,Course Lock,196.8,67,16.4,93,SE,SW,1.56,11.4,Calm,False,False,Android,7.0.2,M300 RTK,1ZN7L4R0H1D00F,1W9DL31001461C,1ZMLH8300204F0,1Z6PH74DAP0QN7,"Corona, CA",728.3,5.7,137.7,8.547347,2.013246,0,0,DJI Matrice 300 RTK,M300 RTK,1ZN7L4R0H1D00F,1W9DL31001461C,1ZMLH8300204F0,1Z6PH74DAP0QN7,DJI Pilot,Android,7.0.2,1EF72A62-B7C3-C88D-164E-CE6F8C8424AE,1ZN7L4R0H1D00F,1W9DL31001461C,,1ZMLH8300204F0,1W9DL31001461C,,,,,
2023-11-01,11:30:18.84 AM,5m 56.5s,356.5,33.7999863708495,-117.4730819976788,90.8,137.7,13.7,1355,2828.3,6.043879,6.94893,-0.223694,2.23694,-6.039738,1.342164,0.223694,0.894776,-2.5,-2.2,3.3,-95.8,264.2,266.4,Tripod,Other,,22,5,True,,True,False,,Smart,RC,False,True,False,,,True,,False,False,False,False,False,False,False,False,False,False,0,Follow Yaw,-77.9,0,-103.9,256.1,False,False,False,False,False,,0,0,False,False,No Card,100,100,1024,1349,911,1024,2,False,False,False,False,False,0,False,False,False,False,81,,47.232,,8134,,10044,,47.232,,True,3.935,3.935,3.935,3.935,3.935,3.935,3.935,3.935,3.935,3.935,3.935,3.935,0,,False,False,True,,,,,,,,,,,,,,,False,False,18.578,,95.9,,75.7,,95.9,,1560,79,9,19,7,140833.0,18777.73,,Idle,,20,,10,,,20,Go Home,False,False,False,False,False,False,False,False,False,False,False,False,33.8027920380556,-117.4659261431046,2398.6,2972.0,1049.4,396.9,True,1,1,False,False,False,False,,True,False,False,Course Lock,196.8,67,16.4,93,SE,SW,1.56,11.4,Calm,False,False,Android,7.0.2,M300 RTK,1ZN7L4R0H1D00F,1W9DL31001461C,1ZMLH8300204F0,1Z6PH74DAP0QN7,"Corona, CA",728.3,5.7,137.7,8.547347,2.013246,0,0,DJI Matrice 300 RTK,M300 RTK,1ZN7L4R0H1D00F,1W9DL31001461C,1ZMLH8300204F0,1Z6PH74DAP0QN7,DJI Pilot,Android,7.0.2,1EF72A62-B7C3-C88D-164E-CE6F8C8424AE,1ZN7L4R0H1D00F,1W9DL31001461C,,1ZMLH8300204F0,1W9DL31001461C,,,,,
2023-11-01,11:30:18.94 AM,5m 56.6s,356.6,33.7999861627855,-117.4730850949436,90.8,137.7,13.7,1355,2829.3,6.056285,6.94893,-0.447388,2.23694,-6.039738,1.342164,0.223694,0.894776,-2.4,-2.1,3.1,-95.8,264.2,265.3,Tripod,Other,,22,5,True,,True,False,,Smart,RC,False,True,False,,,True,,False,False,False,False,False,False,False,False,False,False,0,Follow Yaw,-77.9,0,-103.9,256.1,False,False,False,False,False,,0,0,False,False,No Card,100,100,1024,1350,905,1024,2,False,False,False,False,False,0,False,False,False,False,81,,47.232,,8134,,10044,,47.232,,True,3.935,3.935,3.935,3.935,3.935,3.935,3.935,3.935,3.935,3.935,3.935,3.935,0,,False,False,True,,,,,,,,,,,,,,,False,False,18.578,,95.9,,75.7,,95.9,,1560,79,9,19,7,140833.0,18777.73,,Idle,,20,,10,,,20,Go Home,False,False,False,False,False,False,False,False,False,False,False,False,33.8027920380556,-117.4659261431046,2399.5,2972.0,1049.4,396.9,True,1,1,False,False,False,False,,True,False,False,Course Lock,196.8,67,16.4,93,SE,SW,1.56,11.4,Calm,False,False,Android,7.0.2,M300 RTK,1ZN7L4R0H1D00F,1W9DL31001461C,1ZMLH8300204F0,1Z6PH74DAP0QN7,"Corona, CA",728.3,5.7,137.7,8.547347,2.013246,0,0,DJI Matrice 300 RTK,M300 RTK,1ZN7L4R0H1D00F,1W9DL31001461C,1ZMLH8300204F0,1Z6PH74DAP0QN7,DJI Pilot,Android,7.0.2,1EF72A62-B7C3-C88D-164E-CE6F8C8424AE,1ZN7L4R0H1D00F,1W9DL31001461C,,1ZMLH8300204F0,1W9DL31001461C,,,,,
2023-11-01,11:30:19.04 AM,5m 56.7s,356.7,33.7999860229796,-117.4730881610363,90.8,137.7,13.7,1355,2830.2,6.056285,6.94893,-0.447388,2.23694,-6.039738,1.342164,0,0.894776,-2.5,-1.8,3,-95.7,264.3,266.8,Tripod,Other,,22,5,True,,True,False,,Smart,RC,False,True,False,,,True,,False,False,False,False,False,False,False,False,False,False,0,Follow Yaw,-77.9,0,-103.9,256.1,False,False,False,False,False,,0,0,False,False,No Card,100,100,1024,1350,903,1024,2,False,False,False,False,False,0,False,False,False,False,81,,47.22,,4038,,4986,,47.22,,True,3.935,3.935,3.935,3.935,3.935,3.935,3.935,3.935,3.935,3.935,3.935,3.935,0,,False,False,True,,,,,,,,,,,,,,,False,False,9.118,,95.9,,75.7,,95.9,,1560,79,9,19,7,140833.0,18777.73,,Idle,,20,,10,,,20,Go Home,False,False,False,False,False,False,False,False,False,False,False,False,33.8027920380556,-117.4659261431046,2400.3,2972.0,1049.4,396.9,True,1,1,False,False,False,False,,True,False,False,Course Lock,196.8,67,16.4,93,SE,SW,1.56,11.4,Calm,False,False,Android,7.0.2,M300 RTK,1ZN7L4R0H1D00F,1W9DL31001461C,1ZMLH8300204F0,1Z6PH74DAP0QN7,"Corona, CA",728.3,5.7,137.7,8.547347,2.013246,0,0,DJI Matrice 300 RTK,M300 RTK,1ZN7L4R0H1D00F,1W9DL31001461C,1ZMLH8300204F0,1Z6PH74DAP0QN7,DJI Pilot,Android,7.0.2,1EF72A62-B7C3-C88D-164E-CE6F8C8424AE,1ZN7L4R0H1D00F,1W9DL31001461C,,1ZMLH8300204F0,1W9DL31001461C,,,,,
2023-11-01,11:30:19.14 AM,5m 56.8s,356.8,33.799985815738,-117.4730911167892,90.8,137.7,13.7,1355,2831.1,6.056285,6.94893,-0.447388,2.23694,-6.039738,1.342164,0,0.894776,-2.6,-1.4,2.9,-95.6,264.4,265.1,Tripod,Other,,22,5,True,,True,False,,Smart,RC,False,True,False,,,True,,False,False,False,False,False,False,False,False,False,False,0,Follow Yaw,-77.9,0,-103.9,256.1,False,False,False,False,False,,0,0,False,False,No Card,100,100,1024,1348,900,1024,2,False,False,False,False,False,0,False,False,False,False,81,,47.22,,4038,,4986,,47.22,,True,3.935,3.935,3.935,3.935,3.935,3.935,3.935,3.935,3.935,3.935,3.935,3.935,0,,False,False,True,,,,,,,,,,,,,,,False,False,9.118,,95.9,,75.7,,95.9,,1560,79,9,19,7,140833.0,18777.73,,Idle,,20,,10,,,20,Go Home,False,False,False,False,False,False,False,False,False,False,False,False,33.8027920380556,-117.4659261431046,2401.2,2972.0,1049.4,396.9,True,1,1,False,False,False,False,,True,False,False,Course Lock,196.8,67,16.4,93,SE,SW,1.56,11.4,Calm,False,False,Android,7.0.2,M300 RTK,1ZN7L4R0H1D00F,1W9DL31001461C,1ZMLH8300204F0,1Z6PH74DAP0QN7,"Corona, CA",728.3,5.7,137.7,8.547347,2.013246,0,0,DJI Matrice 300 RTK,M300 RTK,1ZN7L4R0H1D00F,1W9DL31001461C,1ZMLH8300204F0,1Z6PH74DAP0QN7,DJI Pilot,Android,7.0.2,1EF72A62-B7C3-C88D-164E-CE6F8C8424AE,1ZN7L4R0H1D00F,1W9DL31001461C,,1ZMLH8300204F0,1W9DL31001461C,,,,,
2023-11-01,11:30:19.24 AM,5m 56.9s,356.9,33.7999855498326,-117.4730941050338,90.8,137.7,13.7,1355,2832.0,6.056285,6.94893,-0.447388,2.23694,-6.039738,1.342164,0,0.894776,-2.7,-1.4,3,-95.6,264.4,263.8,Tripod,Other,,22,5,True,,True,False,,Smart,RC,False,True,False,,,True,,False,False,False,False,False,False,False,False,False,False,0,Follow Yaw,-77.9,0,-103.9,256.1,False,False,False,False,False,,0,0,False,False,No Card,100,100,1024,1348,892,1024,2,False,False,False,False,False,0,False,False,False,False,81,,47.22,,4038,,4986,,47.22,,True,3.935,3.935,3.935,3.935,3.935,3.935,3.935,3.935,3.935,3.935,3.935,3.935,0,,False,False,True,,,,,,,,,,,,,,,False,False,9.118,,95.9,,75.7,,95.9,,1560,79,9,19,7,140833.0,18777.73,,Idle,,20,,10,,,20,Go Home,False,False,False,False,False,False,False,False,False,False,False,False,33.8027920380556,-117.4659261431046,2402.0,2972.0,1049.4,396.9,True,1,1,False,False,False,False,,True,False,False,Course Lock,196.8,67,16.4,93,SE,SW,1.56,11.4,Calm,False,False,Android,7.0.2,M300 RTK,1ZN7L4R0H1D00F,1W9DL31001461C,1ZMLH8300204F0,1Z6PH74DAP0QN7,"Corona, CA",728.3,5.7,137.7,8.547347,2.013246,0,0,DJI Matrice 300 RTK,M300 RTK,1ZN7L4R0H1D00F,1W9DL31001461C,1ZMLH8300204F0,1Z6PH74DAP0QN7,DJI Pilot,Android,7.0.2,1EF72A62-B7C3-C88D-164E-CE6F8C8424AE,1ZN7L4R0H1D00F,1W9DL31001461C,,1ZMLH8300204F0,1W9DL31001461C,,,,,
2023-11-01,11:30:19.34 AM,5m 57.0s,357.0,33.7999853521855,-117.4730970591374,90.8,137.7,13.7,1355,2832.9,6.043879,6.94893,-0.223694,2.23694,-6.039738,1.342164,0,0.894776,-2.8,-1.7,3.2,-95.7,264.3,265.3,Tripod,Other,,22,5,True,,True,False,,Smart,RC,False,True,False,,,True,,False,False,False,False,False,False,False,False,False,False,0,Follow Yaw,-77.9,0,-103.9,256.1,False,False,False,False,False,,0,0,False,False,No Card,100,100,1024,1350,884,1024,2,False,False,False,False,False,0,False,False,False,False,81,,47.28,,8134,,10044,,47.28,,True,3.935,3.935,3.935,3.935,3.935,3.935,3.935,3.935,3.935,3.935,3.935,3.935,0,,False,False,True,,,,,,,,,,,,,,,False,False,18.402,,95.9,,75.7,,95.9,,1560,79,9,19,7,140833.0,18777.73,,Idle,,20,,10,,,20,Go Home,False,False,False,False,False,False,False,False,False,False,False,False,33.8027920380556,-117.4659261431046,2402.9,2972.0,1049.4,396.9,True,1,1,False,False,False,False,,True,False,False,Course Lock,196.8,67,16.4,93,SE,SW,1.56,11.4,Calm,False,False,Android,7.0.2,M300 RTK,1ZN7L4R0H1D00F,1W9DL31001461C,1ZMLH8300204F0,1Z6PH74DAP0QN7,"Corona, CA",728.3,5.7,137.7,8.547347,2.013246,0,0,DJI Matrice 300 RTK,M300 RTK,1ZN7L4R0H1D00F,1W9DL31001461C,1ZMLH8300204F0,1Z6PH74DAP0QN7,DJI Pilot,Android,7.0.2,1EF72A62-B7C3-C88D-164E-CE6F8C8424AE,1ZN7L4R0H1D00F,1W9DL31001461C,,1ZMLH8300204F0,1W9DL31001461C,,,,,
2023-11-01,11:30:19.42 AM,5m 57.1s,357.1,33.7999851528936,-117.4731002631135,90.8,137.7,14.1,1355,2833.9,6.056285,6.94893,-0.447388,2.23694,-6.039738,1.342164,0,0.894776,-2.7,-2,3.3,-95.8,264.2,265.7,Tripod,Other,,22,5,True,,True,False,,Smart,RC,False,True,False,,,True,,False,False,False,False,False,False,False,False,False,False,0,Follow Yaw,-77.9,0,-103.9,256.1,False,False,False,False,False,,0,0,False,False,No Card,100,100,1024,1350,876,1024,2,False,False,False,False,False,0,False,False,False,False,81,,47.28,,8134,,10044,,47.28,,True,3.935,3.935,3.935,3.935,3.935,3.935,3.935,3.935,3.935,3.935,3.935,3.935,0,,False,False,True,,,,,,,,,,,,,,,False,False,18.402,,95.9,,75.7,,95.9,,1560,79,9,19,7,140833.0,18777.73,,Idle,,20,,10,,,20,Go Home,False,False,False,False,False,False,False,False,False,False,False,False,33.8027920380556,-117.4659261431046,2403.8,2972.0,1049.4,396.9,True,1,1,False,False,False,False,,True,False,False,Course Lock,196.8,67,16.4,93,SE,SW,1.56,11.4,Calm,False,False,Android,7.0.2,M300 RTK,1ZN7L4R0H1D00F,1W9DL31001461C,1ZMLH8300204F0,1Z6PH74DAP0QN7,"Corona, CA",728.3,5.7,137.7,8.547347,2.013246,0,0,DJI Matrice 300 RTK,M300 RTK,1ZN7L4R0H1D00F,1W9DL31001461C,1ZMLH8300204F0,1Z6PH74DAP0QN7,DJI Pilot,Android,7.0.2,1EF72A62-B7C3-C88D-164E-CE6F8C8424AE,1ZN7L4R0H1D00F,1W9DL31001461C,,1ZMLH8300204F0,1W9DL31001461C,,,,,
2023-11-01,11:30:19.54 AM,5m 57.2s,357.2,33.7999849508604,-117.4731030752104,90.5,137.7,14.1,1354,2834.8,6.056285,6.94893,-0.447388,2.23694,-6.039738,1.342164,0,0.894776,-2.6,-2,3.2,-95.8,264.2,265.0,Tripod,Other,,22,5,True,,True,False,,Smart,RC,False,True,False,,,True,,False,False,False,False,False,False,False,False,False,False,0,Follow Yaw,-77.9,0,-103.9,256.1,False,False,False,False,False,,0,0,False,False,No Card,100,100,1024,1349,877,1024,2,False,False,False,False,False,0,False,False,False,False,81,,47.28,,8134,,10044,,47.28,,True,3.935,3.935,3.935,3.935,3.935,3.935,3.935,3.935,3.935,3.935,3.935,3.935,0,,False,False,True,,,,,,,,,,,,,,,False,False,18.402,,95.9,,75.7,,95.9,,1560,79,9,19,7,140833.0,18777.73,,Idle,,20,,10,,,20,Go Home,False,False,False,False,False,False,False,False,False,False,False,False,33.8027920380556,-117.4659261431046,2404.6,2972.0,1049.4,396.9,True,1,1,False,False,False,False,,True,False,False,Course Lock,196.8,67,16.4,93,SE,SW,1.56,11.4,Calm,False,False,Android,7.0.2,M300 RTK,1ZN7L4R0H1D00F,1W9DL31001461C,1ZMLH8300204F0,1Z6PH74DAP0QN7,"Corona, CA",728.3,5.7,137.7,8.547347,2.013246,0,0,DJI Matrice 300 RTK,M300 RTK,1ZN7L4R0H1D00F,1W9DL31001461C,1ZMLH8300204F0,1Z6PH74DAP0QN7,DJI Pilot,Android,7.0.2,1EF72A62-B7C3-C88D-164E-CE6F8C8424AE,1ZN7L4R0H1D00F,1W9DL31001461C,,1ZMLH8300204F0,1W9DL31001461C,,,,,
2023-11-01,11:30:19.64 AM,5m 57.3s,357.3,33.7999849067256,-117.4731061531782,90.5,137.7,14.1,1354,2835.7,6.056285,6.94893,-0.447388,2.23694,-6.039738,1.342164,0,0.894776,-2.6,-1.9,3.2,-95.8,264.2,269.0,Tripod,Other,,22,5,True,,True,False,,Smart,RC,False,True,False,,,True,,False,False,False,False,False,False,False,False,False,False,0,Follow Yaw,-77.9,0,-103.9,256.1,False,False,False,False,False,,0,0,False,False,No Card,100,100,1024,1350,872,1024,2,False,False,False,False,False,0,False,False,False,False,81,,47.28,,8134,,10044,,47.28,,True,3.939,3.939,3.939,3.939,3.939,3.939,3.939,3.939,3.939,3.939,3.939,3.939,0,,False,False,True,,,,,,,,,,,,,,,False,False,18.402,,95.9,,75.7,,95.9,,1560,79,9,19,7,140660.3,18754.71,,Idle,,20,,10,,,20,Go Home,False,False,False,False,False,False,False,False,False,False,False,False,33.8027920380556,-117.4659261431046,2405.4,2972.0,1049.4,396.9,True,1,1,False,False,False,False,,True,False,False,Course Lock,196.8,67,16.4,93,SE,SW,1.56,11.4,Calm,False,False,Android,7.0.2,M300 RTK,1ZN7L4R0H1D00F,1W9DL31001461C,1ZMLH8300204F0,1Z6PH74DAP0QN7,"Corona, CA",728.3,5.7,137.7,8.547347,2.013246,0,0,DJI Matrice 300 RTK,M300 RTK,1ZN7L4R0H1D00F,1W9DL31001461C,1ZMLH8300204F0,1Z6PH74DAP0QN7,DJI Pilot,Android,7.0.2,1EF72A62-B7C3-C88D-164E-CE6F8C8424AE,1ZN7L4R0H1D00F,1W9DL31001461C,,1ZMLH8300204F0,1W9DL31001461C,,,,,
2023-11-01,11:30:19.73 AM,5m 57.4s,357.4,33.79998469126,-117.4731091252594,90.5,137.7,14.1,1354,2836.6,6.056285,6.94893,-0.447388,2.23694,-6.039738,1.342164,0,0.894776,-2.7,-1.5,3,-95.7,264.3,265.0,Tripod,Other,,22,5,True,,True,False,,Smart,RC,False,True,False,,,True,,False,False,False,False,False,False,False,False,False,False,0,Follow Yaw,-77.9,0,-103.9,256.1,False,False,False,False,False,,0,0,False,False,No Card,100,100,1024,1349,874,1024,2,False,False,False,False,False,0,False,False,False,False,81,,47.28,,8134,,10044,,47.28,,True,3.939,3.939,3.939,3.939,3.939,3.939,3.939,3.939,3.939,3.939,3.939,3.939,0,,False,False,True,,,,,,,,,,,,,,,False,False,18.402,,95.9,,75.7,,95.9,,1560,79,9,19,7,140660.3,18754.71,,Idle,,20,,10,,,20,Go Home,False,False,False,False,False,False,False,False,False,False,False,False,33.8027920380556,-117.4659261431046,2406.3,2972.0,1049.4,396.9,True,1,1,False,False,False,False,,True,False,False,Course Lock,196.8,67,16.4,93,SE,SW,1.56,11.4,Calm,False,False,Android,7.0.2,M300 RTK,1ZN7L4R0H1D00F,1W9DL31001461C,1ZMLH8300204F0,1Z6PH74DAP0QN7,"Corona, CA",728.3,5.7,137.7,8.547347,2.013246,0,0,DJI Matrice 300 RTK,M300 RTK,1ZN7L4R0H1D00F,1W9DL31001461C,1ZMLH8300204F0,1Z6PH74DAP0QN7,DJI Pilot,Android,7.0.2,1EF72A62-B7C3-C88D-164E-CE6F8C8424AE,1ZN7L4R0H1D00F,1W9DL31001461C,,1ZMLH8300204F0,1W9DL31001461C,,,,,
2023-11-01,11:30:19.84 AM,5m 57.5s,357.5,33.7999842904832,-117.47311178199,90.5,137.7,14.1,1354,2837.4,6.056285,6.94893,-0.447388,2.23694,-6.039738,1.342164,0.223694,0.894776,-2.8,-1.2,3,-95.7,264.3,259.7,Tripod,Other,,22,5,True,,True,False,,Smart,RC,False,True,False,,,True,,False,False,False,False,False,False,False,False,False,False,0,Follow Yaw,-77.9,0,-103.9,256.1,False,False,False,False,False,,0,0,False,False,No Card,100,100,1024,1348,878,1024,2,False,False,False,False,False,0,False,False,False,False,81,,47.28,,8134,,10044,,47.28,,True,3.939,3.939,3.939,3.939,3.939,3.939,3.939,3.939,3.939,3.939,3.939,3.939,0,,False,False,True,,,,,,,,,,,,,,,False,False,18.402,,95.9,,75.7,,95.9,,1560,79,9,19,7,140660.3,18754.71,,Idle,,20,,10,,,20,Go Home,False,False,False,False,False,False,False,False,False,False,False,False,33.8027920380556,-117.4659261431046,2407.1,2972.0,1049.4,396.9,True,1,1,False,False,False,False,,True,False,False,Course Lock,196.8,67,16.4,93,SE,SW,1.56,11.4,Calm,False,False,Android,7.0.2,M300 RTK,1ZN7L4R0H1D00F,1W9DL31001461C,1ZMLH8300204F0,1Z6PH74DAP0QN7,"Corona, CA",728.3,5.7,137.7,8.547347,2.013246,0,0,DJI Matrice 300 RTK,M300 RTK,1ZN7L4R0H1D00F,1W9DL31001461C,1ZMLH8300204F0,1Z6PH74DAP0QN7,DJI Pilot,Android,7.0.2,1EF72A62-B7C3-C88D-164E-CE6F8C8424AE,1ZN7L4R0H1D00F,1W9DL31001461C,,1ZMLH8300204F0,1W9DL31001461C,,,,,
2023-11-01,11:30:19.94 AM,5m 57.6s,357.6,33.7999840602147,-117.4731147369182,90.5,137.7,14.1,1354,2838.3,6.056285,6.94893,-0.447388,2.23694,-6.039738,1.342164,0.223694,0.894776,-2.6,-1.2,2.8,-95.7,264.3,264.6,Tripod,Other,,22,5,True,,True,False,,Smart,RC,False,True,False,,,True,,False,False,False,False,False,False,False,False,False,False,0,Follow Yaw,-77.9,0,-103.9,256.1,False,False,False,False,False,,0,0,False,False,No Card,100,100,1024,1350,878,1024,2,False,False,False,False,False,0,False,False,False,False,81,,47.28,,8134,,10044,,47.28,,True,3.939,3.939,3.939,3.939,3.939,3.939,3.939,3.939,3.939,3.939,3.939,3.939,0,,False,False,True,,,,,,,,,,,,,,,False,False,18.402,,95.9,,75.7,,95.9,,1560,79,9,19,7,140660.3,18754.71,,Idle,,20,,10,,,20,Go Home,False,False,False,False,False,False,False,False,False,False,False,False,33.8027920380556,-117.4659261431046,2407.9,2972.0,1049.4,396.9,True,1,1,False,False,False,False,,True,False,False,Course Lock,196.8,67,16.4,93,SE,SW,1.56,11.4,Calm,False,False,Android,7.0.2,M300 RTK,1ZN7L4R0H1D00F,1W9DL31001461C,1ZMLH8300204F0,1Z6PH74DAP0QN7,"Corona, CA",728.3,5.7,137.7,8.547347,2.013246,0,0,DJI Matrice 300 RTK,M300 RTK,1ZN7L4R0H1D00F,1W9DL31001461C,1ZMLH8300204F0,1Z6PH74DAP0QN7,DJI Pilot,Android,7.0.2,1EF72A62-B7C3-C88D-164E-CE6F8C8424AE,1ZN7L4R0H1D00F,1W9DL31001461C,,1ZMLH8300204F0,1W9DL31001461C,,,,,
2023-11-01,11:30:20.04 AM,5m 57.7s,357.7,33.7999838554402,-117.473118102693,90.5,137.7,13.7,1354,2839.3,6.056285,6.94893,-0.447388,2.23694,-6.039738,1.342164,0.223694,0.894776,-2.3,-1.4,2.6,-95.8,264.2,265.8,Tripod,Other,,22,5,True,,True,False,,Smart,RC,False,True,False,,,True,,False,False,False,False,False,False,False,False,False,False,0,Follow Yaw,-77.9,0,-103.9,256.1,False,False,False,False,False,,0,0,False,False,No Card,100,100,1024,1350,876,1024,2,False,False,False,False,False,0,False,False,False,False,81,,47.28,,8134,,10044,,47.28,,True,3.939,3.939,3.939,3.939,3.939,3.939,3.939,3.939,3.939,3.939,3.939,3.939,0,,False,False,True,,,,,,,,,,,,,,,False,False,18.402,,95.9,,75.7,,95.9,,1560,79,9,19,7,140660.3,18754.71,,Idle,,20,,10,,,20,Go Home,False,False,False,False,False,False,False,False,False,False,False,False,33.8027920380556,-117.4659261431046,2408.9,2972.0,1049.4,396.9,True,1,1,False,False,False,False,,True,False,False,Course Lock,196.8,67,16.4,93,SE,SW,1.56,11.4,Calm,False,False,Android,7.0.2,M300 RTK,1ZN7L4R0H1D00F,1W9DL31001461C,1ZMLH8300204F0,1Z6PH74DAP0QN7,"Corona, CA",728.3,5.7,137.7,8.547347,2.013246,0,0,DJI Matrice 300 RTK,M300 RTK,1ZN7L4R0H1D00F,1W9DL31001461C,1ZMLH8300204F0,1Z6PH74DAP0QN7,DJI Pilot,Android,7.0.2,1EF72A62-B7C3-C88D-164E-CE6F8C8424AE,1ZN7L4R0H1D00F,1W9DL31001461C,,1ZMLH8300204F0,1W9DL31001461C,,,,,
2023-11-01,11:30:20.14 AM,5m 57.8s,357.8,33.7999836276388,-117.4731210980297,90.5,137.7,14.1,1354,2840.2,6.056285,6.94893,-0.447388,2.23694,-6.039738,1.342164,0.223694,0.894776,-2.1,-1.4,2.5,-95.8,264.2,264.7,Tripod,Other,,22,5,True,,True,False,,Smart,RC,False,True,False,,,True,,False,False,False,False,False,False,False,False,False,False,0,Follow Yaw,-77.9,0,-103.9,256.1,False,False,False,False,False,,0,0,False,False,No Card,100,100,1024,1349,873,1024,2,False,False,False,False,False,0,False,False,False,False,81,,47.28,,8134,,10044,,47.28,,True,3.939,3.939,3.939,3.939,3.939,3.939,3.939,3.939,3.939,3.939,3.939,3.939,0,,False,False,True,,,,,,,,,,,,,,,False,False,18.402,,95.9,,75.7,,95.9,,1560,79,9,19,7,140660.3,18754.71,,Idle,,20,,10,,,20,Go Home,False,False,False,False,False,False,False,False,False,False,False,False,33.8027920380556,-117.4659261431046,2409.7,2972.0,1049.4,396.9,True,1,1,False,False,False,False,,True,False,False,Course Lock,196.8,67,16.4,93,SE,SW,1.56,11.4,Calm,False,False,Android,7.0.2,M300 RTK,1ZN7L4R0H1D00F,1W9DL31001461C,1ZMLH8300204F0,1Z6PH74DAP0QN7,"Corona, CA",728.3,5.7,137.7,8.547347,2.013246,0,0,DJI Matrice 300 RTK,M300 RTK,1ZN7L4R0H1D00F,1W9DL31001461C,1ZMLH8300204F0,1Z6PH74DAP0QN7,DJI Pilot,Android,7.0.2,1EF72A62-B7C3-C88D-164E-CE6F8C8424AE,1ZN7L4R0H1D00F,1W9DL31001461C,,1ZMLH8300204F0,1W9DL31001461C,,,,,
2023-11-01,11:30:20.25 AM,5m 57.9s,357.9,33.799983343641,-117.4731240067769,90.5,137.7,13.7,1354,2841.1,6.056285,6.94893,-0.447388,2.23694,-6.039738,1.342164,0.223694,0.894776,-2.3,-1.5,2.7,-95.7,264.3,263.2,Tripod,Other,,22,5,True,,True,False,,Smart,RC,False,True,False,,,True,,False,False,False,False,False,False,False,False,False,False,0,Follow Yaw,-77.9,0,-103.9,256.1,False,False,False,False,False,,0,0,False,False,No Card,100,100,1024,1349,871,1024,2,False,False,False,False,False,0,False,False,False,False,81,,47.28,,8134,,10044,,47.28,,True,3.939,3.939,3.939,3.939,3.939,3.939,3.939,3.939,3.939,3.939,3.939,3.939,0,,False,False,True,,,,,,,,,,,,,,,False,False,18.402,,95.9,,75.7,,95.9,,1560,79,9,19,7,140660.3,18754.71,,Idle,,20,,10,,,20,Go Home,False,False,False,False,False,False,False,False,False,False,False,False,33.8027920380556,-117.4659261431046,2410.6,2972.0,1049.4,396.9,True,1,1,False,False,False,False,,True,False,False,Course Lock,196.8,67,16.4,93,SE,SW,1.56,11.4,Calm,False,False,Android,7.0.2,M300 RTK,1ZN7L4R0H1D00F,1W9DL31001461C,1ZMLH8300204F0,1Z6PH74DAP0QN7,"Corona, CA",728.3,5.7,137.7,8.547347,2.013246,0,0,DJI Matrice 300 RTK,M300 RTK,1ZN7L4R0H1D00F,1W9DL31001461C,1ZMLH8300204F0,1Z6PH74DAP0QN7,DJI Pilot,Android,7.0.2,1EF72A62-B7C3-C88D-164E-CE6F8C8424AE,1ZN7L4R0H1D00F,1W9DL31001461C,,1ZMLH8300204F0,1W9DL31001461C,,,,,
2023-11-01,11:30:20.35 AM,5m 58.0s,358.0,33.7999831073416,-117.4731269923826,90.5,137.7,13.7,1354,2842.0,6.056285,6.94893,-0.447388,2.23694,-6.039738,1.342164,0.223694,0.894776,-2.4,-1.5,2.8,-95.7,264.3,264.5,Tripod,Other,,22,5,True,,True,False,,Smart,RC,False,True,False,,,True,,False,False,False,False,False,False,False,False,False,False,0,Follow Yaw,-77.9,0,-103.9,256.1,False,False,False,False,False,,0,0,False,False,No Card,100,100,1024,1350,869,1024,2,False,False,False,False,False,0,False,False,False,False,81,,47.184,,8134,,10044,,47.184,,True,3.939,3.939,3.939,3.939,3.939,3.939,3.939,3.939,3.939,3.939,3.939,3.939,0,,False,False,True,,,,,,,,,,,,,,,False,False,19.188,,95.9,,75.7,,95.9,,1560,79,9,19,7,140660.3,18754.71,,Idle,,20,,10,,,20,Go Home,False,False,False,False,False,False,False,False,False,False,False,False,33.8027920380556,-117.4659261431046,2411.4,2972.0,1049.4,396.9,True,1,1,False,False,False,False,,True,False,False,Course Lock,196.8,67,16.4,93,SE,SW,1.56,11.4,Calm,False,False,Android,7.0.2,M300 RTK,1ZN7L4R0H1D00F,1W9DL31001461C,1ZMLH8300204F0,1Z6PH74DAP0QN7,"Corona, CA",728.3,5.7,137.7,8.547347,2.013246,0,0,DJI Matrice 300 RTK,M300 RTK,1ZN7L4R0H1D00F,1W9DL31001461C,1ZMLH8300204F0,1Z6PH74DAP0QN7,DJI Pilot,Android,7.0.2,1EF72A62-B7C3-C88D-164E-CE6F8C8424AE,1ZN7L4R0H1D00F,1W9DL31001461C,,1ZMLH8300204F0,1W9DL31001461C,,,,,
2023-11-01,11:30:20.45 AM,5m 58.1s,358.1,33.7999829527328,-117.4731300282926,90.5,137.7,13.7,1354,2843.0,6.056285,6.94893,-0.447388,2.23694,-6.039738,1.342164,0.223694,0.894776,-2.4,-1.4,2.7,-95.7,264.3,266.4,Tripod,Other,,22,5,True,,True,False,,Smart,RC,False,True,False,,,True,,False,False,False,False,False,False,False,False,False,False,0,Follow Yaw,-77.9,0,-103.9,256.1,False,False,False,False,False,,0,0,False,False,No Card,100,100,1024,1348,870,1024,2,False,False,False,False,False,0,False,False,False,False,81,,47.184,,8134,,10044,,47.184,,True,3.939,3.939,3.939,3.939,3.939,3.939,3.939,3.939,3.939,3.939,3.939,3.939,0,,False,False,True,,,,,,,,,,,,,,,False,False,19.188,,95.9,,75.7,,95.9,,1560,79,9,19,7,140660.3,18754.71,,Idle,,20,,10,,,20,Go Home,False,False,False,False,False,False,False,False,False,False,False,False,33.8027920380556,-117.4659261431046,2412.3,2972.0,1049.4,396.9,True,1,1,False,False,False,False,,True,False,False,Course Lock,196.8,67,16.4,93,SE,SW,1.56,11.4,Calm,False,False,Android,7.0.2,M300 RTK,1ZN7L4R0H1D00F,1W9DL31001461C,1ZMLH8300204F0,1Z6PH74DAP0QN7,"Corona, CA",728.3,5.7,137.7,8.547347,2.013246,0,0,DJI Matrice 300 RTK,M300 RTK,1ZN7L4R0H1D00F,1W9DL31001461C,1ZMLH8300204F0,1Z6PH74DAP0QN7,DJI Pilot,Android,7.0.2,1EF72A62-B7C3-C88D-164E-CE6F8C8424AE,1ZN7L4R0H1D00F,1W9DL31001461C,,1ZMLH8300204F0,1W9DL31001461C,,,,,
2023-11-01,11:30:20.55 AM,5m 58.2s,358.2,33.7999827010822,-117.4731331720684,90.2,137.7,13.7,1354,2843.9,6.056285,6.94893,-0.447388,2.23694,-6.039738,1.342164,0.223694,0.894776,-2.4,-1.3,2.7,-95.7,264.3,264.4,Tripod,Other,,22,5,True,,True,False,,Smart,RC,False,True,False,,,True,,False,False,False,False,False,False,False,False,False,False,0,Follow Yaw,-77.9,0,-103.9,256.1,False,False,False,False,False,,0,0,False,False,No Card,100,100,1024,1346,871,1024,2,False,False,False,False,False,0,False,False,False,False,81,,47.184,,8134,,10044,,47.184,,True,3.939,3.939,3.939,3.939,3.939,3.939,3.939,3.939,3.939,3.939,3.939,3.939,0,,False,False,True,,,,,,,,,,,,,,,False,False,19.188,,95.9,,75.7,,95.9,,1560,79,9,19,7,140660.3,18754.71,,Idle,,20,,10,,,20,Go Home,False,False,False,False,False,False,False,False,False,False,False,False,33.8027920380556,-117.4659261431046,2413.2,2972.0,1049.4,396.9,True,1,1,False,False,False,False,,True,False,False,Course Lock,196.8,67,16.4,93,SE,SW,1.56,11.4,Calm,False,False,Android,7.0.2,M300 RTK,1ZN7L4R0H1D00F,1W9DL31001461C,1ZMLH8300204F0,1Z6PH74DAP0QN7,"Corona, CA",728.3,5.7,137.7,8.547347,2.013246,0,0,DJI Matrice 300 RTK,M300 RTK,1ZN7L4R0H1D00F,1W9DL31001461C,1ZMLH8300204F0,1Z6PH74DAP0QN7,DJI Pilot,Android,7.0.2,1EF72A62-B7C3-C88D-164E-CE6F8C8424AE,1ZN7L4R0H1D00F,1W9DL31001461C,,1ZMLH8300204F0,1W9DL31001461C,,,,,
2023-11-01,11:30:20.66 AM,5m 58.3s,358.3,33.7999825675813,-117.4731358940298,90.2,137.7,14.1,1354,2844.8,6.056285,6.94893,-0.447388,2.23694,-6.039738,1.342164,0.223694,0.894776,-2.3,-1.2,2.5,-95.8,264.2,266.6,Tripod,Other,,22,5,True,,True,False,,Smart,RC,False,True,False,,,True,,False,False,False,False,False,False,False,False,False,False,0,Follow Yaw,-77.9,0,-103.9,256.1,False,False,False,False,False,,0,0,False,False,No Card,100,100,1024,1350,869,1024,2,False,False,False,False,False,0,False,False,False,False,81,,47.184,,8134,,10044,,47.184,,True,3.936,3.936,3.936,3.936,3.936,3.936,3.936,3.936,3.936,3.936,3.936,3.936,0,,False,False,True,,,,,,,,,,,,,,,False,False,19.188,,95.9,,75.7,,95.9,,1560,79,9,19,7,140482.0,18730.94,,Idle,,20,,10,,,20,Go Home,False,False,False,False,False,False,False,False,False,False,False,False,33.8027920380556,-117.4659261431046,2414.0,2972.0,1049.4,396.9,True,1,1,False,False,False,False,,True,False,False,Course Lock,196.8,67,16.4,93,SE,SW,1.56,11.4,Calm,False,False,Android,7.0.2,M300 RTK,1ZN7L4R0H1D00F,1W9DL31001461C,1ZMLH8300204F0,1Z6PH74DAP0QN7,"Corona, CA",728.3,5.7,137.7,8.547347,2.013246,0,0,DJI Matrice 300 RTK,M300 RTK,1ZN7L4R0H1D00F,1W9DL31001461C,1ZMLH8300204F0,1Z6PH74DAP0QN7,DJI Pilot,Android,7.0.2,1EF72A62-B7C3-C88D-164E-CE6F8C8424AE,1ZN7L4R0H1D00F,1W9DL31001461C,,1ZMLH8300204F0,1W9DL31001461C,,,,,
2023-11-01,11:30:20.77 AM,5m 58.4s,358.4,33.799982333475,-117.4731388833464,90.2,137.7,14.1,1354,2845.7,6.056285,6.94893,-0.447388,2.23694,-6.039738,1.342164,0.223694,0.894776,-2.3,-1.4,2.6,-95.9,264.1,264.6,Tripod,Other,,22,5,True,,True,False,,Smart,RC,False,True,False,,,True,,False,False,False,False,False,False,False,False,False,False,0,Follow Yaw,-77.9,0,-103.9,256.1,False,False,False,False,False,,0,0,False,False,No Card,100,100,1024,1347,872,1024,2,False,False,False,False,False,0,False,False,False,False,81,,47.184,,8134,,10044,,47.184,,True,3.936,3.936,3.936,3.936,3.936,3.936,3.936,3.936,3.936,3.936,3.936,3.936,0,,False,False,True,,,,,,,,,,,,,,,False,False,19.188,,95.9,,75.7,,95.9,,1560,79,9,19,7,140482.0,18730.94,,Idle,,20,,10,,,20,Go Home,False,False,False,False,False,False,False,False,False,False,False,False,33.8027920380556,-117.4659261431046,2414.8,2972.0,1049.4,396.9,True,1,1,False,False,False,False,,True,False,False,Course Lock,196.8,67,16.4,93,SE,SW,1.56,11.4,Calm,False,False,Android,7.0.2,M300 RTK,1ZN7L4R0H1D00F,1W9DL31001461C,1ZMLH8300204F0,1Z6PH74DAP0QN7,"Corona, CA",728.3,5.7,137.7,8.547347,2.013246,0,0,DJI Matrice 300 RTK,M300 RTK,1ZN7L4R0H1D00F,1W9DL31001461C,1ZMLH8300204F0,1Z6PH74DAP0QN7,DJI Pilot,Android,7.0.2,1EF72A62-B7C3-C88D-164E-CE6F8C8424AE,1ZN7L4R0H1D00F,1W9DL31001461C,,1ZMLH8300204F0,1W9DL31001461C,,,,,
2023-11-01,11:30:20.87 AM,5m 58.5s,358.5,33.7999819976667,-117.4731419370692,90.2,137.7,14.1,1354,2846.6,6.056285,6.94893,-0.447388,2.23694,-6.039738,1.342164,0.223694,0.894776,-2.1,-1.6,2.6,-95.9,264.1,262.4,Tripod,Other,,22,5,True,,True,False,,Smart,RC,False,True,False,,,True,,False,False,False,False,False,False,False,False,False,False,0,Follow Yaw,-77.9,0,-103.9,256.1,False,False,False,False,False,,0,0,False,False,No Card,100,100,1024,1346,874,1024,2,False,False,False,False,False,0,False,False,False,False,81,,47.184,,8134,,10044,,47.184,,True,3.936,3.936,3.936,3.936,3.936,3.936,3.936,3.936,3.936,3.936,3.936,3.936,0,,False,False,True,,,,,,,,,,,,,,,False,False,19.188,,95.9,,75.7,,95.9,,1560,79,9,19,7,140482.0,18730.94,,Idle,,20,,10,,,20,Go Home,False,False,False,False,False,False,False,False,False,False,False,False,33.8027920380556,-117.4659261431046,2415.7,2972.0,1049.4,396.9,True,1,1,False,False,False,False,,True,False,False,Course Lock,196.8,67,16.4,93,SE,SW,1.56,11.4,Calm,False,False,Android,7.0.2,M300 RTK,1ZN7L4R0H1D00F,1W9DL31001461C,1ZMLH8300204F0,1Z6PH74DAP0QN7,"Corona, CA",728.3,5.7,137.7,8.547347,2.013246,0,0,DJI Matrice 300 RTK,M300 RTK,1ZN7L4R0H1D00F,1W9DL31001461C,1ZMLH8300204F0,1Z6PH74DAP0QN7,DJI Pilot,Android,7.0.2,1EF72A62-B7C3-C88D-164E-CE6F8C8424AE,1ZN7L4R0H1D00F,1W9DL31001461C,,1ZMLH8300204F0,1W9DL31001461C,,,,,
2023-11-01,11:30:20.97 AM,5m 58.6s,358.6,33.7999817345027,-117.47314493455,90.2,137.7,14.1,1354,2847.5,6.056285,6.94893,-0.447388,2.23694,-6.039738,1.342164,0.223694,0.894776,-2,-1.7,2.6,-95.9,264.1,263.9,Tripod,Other,,22,5,True,,True,False,,Smart,RC,False,True,False,,,True,,False,False,False,False,False,False,False,False,False,False,0,Follow Yaw,-77.9,0,-103.9,256.1,False,False,False,False,False,,0,0,False,False,No Card,100,100,1024,1347,874,1024,2,False,False,False,False,False,0,False,False,False,False,81,,47.184,,8134,,10044,,47.184,,True,3.936,3.936,3.936,3.936,3.936,3.936,3.936,3.936,3.936,3.936,3.936,3.936,0,,False,False,True,,,,,,,,,,,,,,,False,False,19.188,,95.9,,75.7,,95.9,,1560,79,9,19,7,140482.0,18730.94,,Idle,,20,,10,,,20,Go Home,False,False,False,False,False,False,False,False,False,False,False,False,33.8027920380556,-117.4659261431046,2416.6,2972.0,1049.4,396.9,True,1,1,False,False,False,False,,True,False,False,Course Lock,196.8,67,16.4,93,SE,SW,1.56,11.4,Calm,False,False,Android,7.0.2,M300 RTK,1ZN7L4R0H1D00F,1W9DL31001461C,1ZMLH8300204F0,1Z6PH74DAP0QN7,"Corona, CA",728.3,5.7,137.7,8.547347,2.013246,0,0,DJI Matrice 300 RTK,M300 RTK,1ZN7L4R0H1D00F,1W9DL31001461C,1ZMLH8300204F0,1Z6PH74DAP0QN7,DJI Pilot,Android,7.0.2,1EF72A62-B7C3-C88D-164E-CE6F8C8424AE,1ZN7L4R0H1D00F,1W9DL31001461C,,1ZMLH8300204F0,1W9DL31001461C,,,,,
2023-11-01,11:30:21.08 AM,5m 58.7s,358.7,33.7999812550508,-117.4731479561109,90.2,137.7,14.1,1354,2848.4,6.056285,6.94893,-0.447388,2.23694,-6.039738,1.342164,0.223694,0.894776,-1.8,-1.3,2.2,-95.9,264.1,259.1,Tripod,Other,,22,5,True,,True,False,,Smart,RC,False,True,False,,,True,,False,False,False,False,False,False,False,False,False,False,0,Follow Yaw,-77.9,0,-103.9,256.1,False,False,False,False,False,,0,0,False,False,No Card,100,100,1024,1348,872,1024,2,False,False,False,False,False,0,False,False,False,False,81,,47.184,,8134,,10044,,47.184,,True,3.936,3.936,3.936,3.936,3.936,3.936,3.936,3.936,3.936,3.936,3.936,3.936,0,,False,False,True,,,,,,,,,,,,,,,False,False,19.188,,95.9,,75.7,,95.9,,1560,79,9,19,7,140482.0,18730.94,,Idle,,20,,10,,,20,Go Home,False,False,False,False,False,False,False,False,False,False,False,False,33.8027920380556,-117.4659261431046,2417.5,2972.0,1049.4,396.9,True,1,1,False,False,False,False,,True,False,False,Course Lock,196.8,67,16.4,93,SE,SW,1.56,11.4,Calm,False,False,Android,7.0.2,M300 RTK,1ZN7L4R0H1D00F,1W9DL31001461C,1ZMLH8300204F0,1Z6PH74DAP0QN7,"Corona, CA",728.3,5.7,137.7,8.547347,2.013246,0,0,DJI Matrice 300 RTK,M300 RTK,1ZN7L4R0H1D00F,1W9DL31001461C,1ZMLH8300204F0,1Z6PH74DAP0QN7,DJI Pilot,Android,7.0.2,1EF72A62-B7C3-C88D-164E-CE6F8C8424AE,1ZN7L4R0H1D00F,1W9DL31001461C,,1ZMLH8300204F0,1W9DL31001461C,,,,,
2023-11-01,11:30:21.14 AM,5m 58.8s,358.8,33.7999809507674,-117.4731509468295,90.2,137.7,14.1,1354,2849.4,6.056285,6.94893,-0.447388,2.23694,-6.039738,1.342164,0.223694,0.894776,-1.8,-0.9,2,-95.8,264.2,263.0,Tripod,Other,,22,5,True,,True,False,,Smart,RC,False,True,False,,,True,,False,False,False,False,False,False,False,False,False,False,0,Follow Yaw,-77.9,0,-103.9,256.1,False,False,False,False,False,,0,0,False,False,No Card,100,100,1024,1344,874,1024,2,False,False,False,False,False,0,False,False,False,False,81,,47.184,,8134,,10044,,47.184,,True,3.936,3.936,3.936,3.936,3.936,3.936,3.936,3.936,3.936,3.936,3.936,3.936,0,,False,False,True,,,,,,,,,,,,,,,False,False,19.188,,95.9,,75.7,,95.9,,1560,79,9,19,7,140482.0,18730.94,,Idle,,20,,10,,,20,Go Home,False,False,False,False,False,False,False,False,False,False,False,False,33.8027920380556,-117.4659261431046,2418.3,2972.0,1049.4,396.9,True,1,1,False,False,False,False,,True,False,False,Course Lock,196.8,67,16.4,93,SE,SW,1.56,11.4,Calm,False,False,Android,7.0.2,M300 RTK,1ZN7L4R0H1D00F,1W9DL31001461C,1ZMLH8300204F0,1Z6PH74DAP0QN7,"Corona, CA",728.3,5.7,137.7,8.547347,2.013246,0,0,DJI Matrice 300 RTK,M300 RTK,1ZN7L4R0H1D00F,1W9DL31001461C,1ZMLH8300204F0,1Z6PH74DAP0QN7,DJI Pilot,Android,7.0.2,1EF72A62-B7C3-C88D-164E-CE6F8C8424AE,1ZN7L4R0H1D00F,1W9DL31001461C,,1ZMLH8300204F0,1W9DL31001461C,,,,,
2023-11-01,11:30:21.24 AM,5m 58.9s,358.9,33.79998085866,-117.4731536890775,90.2,137.7,14.1,1354,2850.2,6.056285,6.94893,-0.447388,2.23694,-6.039738,1.342164,0.223694,0.894776,-1.9,-0.6,1.9,-95.9,264.1,267.6,Tripod,Other,,22,5,True,,True,False,,Smart,RC,False,True,False,,,True,,False,False,False,False,False,False,False,False,False,False,0,Follow Yaw,-77.9,0,-103.9,256.1,False,False,False,False,False,,0,0,False,False,No Card,100,100,1024,1348,873,1024,2,False,False,False,False,False,0,False,False,False,False,81,,47.184,,8134,,10044,,47.184,,True,3.936,3.936,3.936,3.936,3.936,3.936,3.936,3.936,3.936,3.936,3.936,3.936,0,,False,False,True,,,,,,,,,,,,,,,False,False,19.188,,95.9,,75.7,,95.9,,1560,79,9,19,7,140482.0,18730.94,,Idle,,20,,10,,,20,Go Home,False,False,False,False,False,False,False,False,False,False,False,False,33.8027920380556,-117.4659261431046,2419.1,2972.0,1049.4,396.9,True,1,1,False,False,False,False,,True,False,False,Course Lock,196.8,67,16.4,93,SE,SW,1.56,11.4,Calm,False,False,Android,7.0.2,M300 RTK,1ZN7L4R0H1D00F,1W9DL31001461C,1ZMLH8300204F0,1Z6PH74DAP0QN7,"Corona, CA",728.3,5.7,137.7,8.547347,2.013246,0,0,DJI Matrice 300 RTK,M300 RTK,1ZN7L4R0H1D00F,1W9DL31001461C,1ZMLH8300204F0,1Z6PH74DAP0QN7,DJI Pilot,Android,7.0.2,1EF72A62-B7C3-C88D-164E-CE6F8C8424AE,1ZN7L4R0H1D00F,1W9DL31001461C,,1ZMLH8300204F0,1W9DL31001461C,,,,,
2023-11-01,11:30:21.34 AM,5m 59.0s,359.0,33.7999805664383,-117.4731567988772,90.2,137.7,14.1,1354,2851.1,6.056285,6.94893,-0.447388,2.23694,-6.039738,1.342164,0.223694,0.894776,-1.8,-0.5,1.8,-95.9,264.1,263.5,Tripod,Other,,22,5,True,,True,False,,Smart,RC,False,True,False,,,True,,False,False,False,False,False,False,False,False,False,False,0,Follow Yaw,-77.9,0,-103.9,256.1,False,False,False,False,False,,0,0,False,False,No Card,100,100,1024,1344,870,1024,2,False,False,False,False,False,0,False,False,False,False,80,,47.172,,8084,,10044,,47.172,,True,3.936,3.936,3.936,3.936,3.936,3.936,3.936,3.936,3.936,3.936,3.936,3.936,0,,False,False,True,,,,,,,,,,,,,,,False,False,18.752,,96.0,,75.7,,96.0,,1560,79,9,19,7,140482.0,18730.94,,Idle,,20,,10,,,20,Go Home,False,False,False,False,False,False,False,False,False,False,False,False,33.8027920380556,-117.4659261431046,2420.0,2972.0,1049.4,396.9,True,1,1,False,False,False,False,,True,False,False,Course Lock,196.8,67,16.4,93,SE,SW,1.56,11.4,Calm,False,False,Android,7.0.2,M300 RTK,1ZN7L4R0H1D00F,1W9DL31001461C,1ZMLH8300204F0,1Z6PH74DAP0QN7,"Corona, CA",728.3,5.7,137.7,8.547347,2.013246,0,0,DJI Matrice 300 RTK,M300 RTK,1ZN7L4R0H1D00F,1W9DL31001461C,1ZMLH8300204F0,1Z6PH74DAP0QN7,DJI Pilot,Android,7.0.2,1EF72A62-B7C3-C88D-164E-CE6F8C8424AE,1ZN7L4R0H1D00F,1W9DL31001461C,,1ZMLH8300204F0,1W9DL31001461C,,,,,
2023-11-01,11:30:21.44 AM,5m 59.1s,359.1,33.7999801856728,-117.473159914532,89.8,137.7,14.1,1354,2852.1,6.056285,6.94893,-0.447388,2.23694,-6.039738,1.342164,0.223694,0.894776,-1.7,-0.7,1.8,-95.9,264.1,261.6,Tripod,Other,,22,5,True,,True,False,,Smart,RC,False,True,False,,,True,,False,False,False,False,False,False,False,False,False,False,0,Follow Yaw,-77.9,0,-103.9,256.1,False,False,False,False,False,,0,0,False,False,No Card,100,100,1024,1345,867,1024,2,False,False,False,False,False,0,False,False,False,False,80,,47.172,,8084,,10044,,47.172,,True,3.936,3.936,3.936,3.936,3.936,3.936,3.936,3.936,3.936,3.936,3.936,3.936,0,,False,False,True,,,,,,,,,,,,,,,False,False,18.752,,96.0,,75.7,,96.0,,1560,79,9,19,7,140482.0,18730.94,,Idle,,20,,10,,,20,Go Home,False,False,False,False,False,False,False,False,False,False,False,False,33.8027920380556,-117.4659261431046,2420.9,2972.0,1049.4,396.9,True,1,1,False,False,False,False,,True,False,False,Course Lock,196.8,67,16.4,93,SE,SW,1.56,11.4,Calm,False,False,Android,7.0.2,M300 RTK,1ZN7L4R0H1D00F,1W9DL31001461C,1ZMLH8300204F0,1Z6PH74DAP0QN7,"Corona, CA",728.3,5.7,137.7,8.547347,2.013246,0,0,DJI Matrice 300 RTK,M300 RTK,1ZN7L4R0H1D00F,1W9DL31001461C,1ZMLH8300204F0,1Z6PH74DAP0QN7,DJI Pilot,Android,7.0.2,1EF72A62-B7C3-C88D-164E-CE6F8C8424AE,1ZN7L4R0H1D00F,1W9DL31001461C,,1ZMLH8300204F0,1W9DL31001461C,,,,,
2023-11-01,11:30:21.54 AM,5m 59.2s,359.2,33.7999798967407,-117.4731630411549,89.8,137.7,14.1,1354,2853.0,6.056285,6.94893,-0.447388,2.23694,-6.039738,1.342164,0.223694,0.894776,-1.7,-0.9,1.9,-95.9,264.1,263.6,Tripod,Other,,22,5,True,,True,False,,Smart,RC,False,True,False,,,True,,False,False,False,False,False,False,False,False,False,False,0,Follow Yaw,-77.9,0,-103.9,256.1,False,False,False,False,False,,0,0,False,False,No Card,100,100,1024,1343,866,1024,2,False,False,False,False,False,0,False,False,False,False,80,,47.172,,8084,,10044,,47.172,,True,3.936,3.936,3.936,3.936,3.936,3.936,3.936,3.936,3.936,3.936,3.936,3.936,0,,False,False,True,,,,,,,,,,,,,,,False,False,18.752,,96.0,,75.7,,96.0,,1560,79,9,19,7,140482.0,18730.94,,Idle,,20,,10,,,20,Go Home,False,False,False,False,False,False,False,False,False,False,False,False,33.8027920380556,-117.4659261431046,2421.8,2972.0,1049.4,396.9,True,1,1,False,False,False,False,,True,False,False,Course Lock,196.8,67,16.4,93,SE,SW,1.56,11.4,Calm,False,False,Android,7.0.2,M300 RTK,1ZN7L4R0H1D00F,1W9DL31001461C,1ZMLH8300204F0,1Z6PH74DAP0QN7,"Corona, CA",728.3,5.7,137.7,8.547347,2.013246,0,0,DJI Matrice 300 RTK,M300 RTK,1ZN7L4R0H1D00F,1W9DL31001461C,1ZMLH8300204F0,1Z6PH74DAP0QN7,DJI Pilot,Android,7.0.2,1EF72A62-B7C3-C88D-164E-CE6F8C8424AE,1ZN7L4R0H1D00F,1W9DL31001461C,,1ZMLH8300204F0,1W9DL31001461C,,,,,
2023-11-01,11:30:21.64 AM,5m 59.3s,359.3,33.7999797783169,-117.4731657362322,89.8,137.7,14.1,1354,2853.9,6.056285,6.94893,-0.447388,2.23694,-6.039738,1.342164,0.223694,0.894776,-1.8,-1.1,2.1,-95.9,264.1,266.9,Tripod,Other,,22,5,True,,True,False,,Smart,RC,False,True,False,,,True,,False,False,False,False,False,False,False,False,False,False,0,Follow Yaw,-77.9,0,-103.9,256.1,False,False,False,False,False,,0,0,False,False,No Card,100,100,1024,1345,865,1024,2,False,False,False,False,False,0,False,False,False,False,80,,47.172,,8084,,10044,,47.172,,True,3.933,3.933,3.933,3.933,3.933,3.933,3.933,3.933,3.933,3.933,3.933,3.933,0,,False,False,True,,,,,,,,,,,,,,,False,False,18.752,,96.0,,75.7,,96.0,,1560,80,9,19,7,140459.0,18727.86,,Idle,,20,,10,,,20,Go Home,False,False,False,False,False,False,False,False,False,False,False,False,33.8027920380556,-117.4659261431046,2422.6,2972.0,1049.4,396.9,True,1,1,False,False,False,False,,True,False,False,Course Lock,196.8,67,16.4,93,SE,SW,1.56,11.4,Calm,False,False,Android,7.0.2,M300 RTK,1ZN7L4R0H1D00F,1W9DL31001461C,1ZMLH8300204F0,1Z6PH74DAP0QN7,"Corona, CA",728.3,5.7,137.7,8.547347,2.013246,0,0,DJI Matrice 300 RTK,M300 RTK,1ZN7L4R0H1D00F,1W9DL31001461C,1ZMLH8300204F0,1Z6PH74DAP0QN7,DJI Pilot,Android,7.0.2,1EF72A62-B7C3-C88D-164E-CE6F8C8424AE,1ZN7L4R0H1D00F,1W9DL31001461C,,1ZMLH8300204F0,1W9DL31001461C,,,,,
2023-11-01,11:30:21.74 AM,5m 59.4s,359.4,33.7999795258439,-117.4731686909955,89.8,137.7,14.1,1354,2854.8,5.833225,6.94893,-0.447388,2.23694,-5.816044,1.342164,0.223694,0.894776,-2,-1.2,2.3,-95.9,264.1,264.1,Tripod,Other,,22,5,True,,True,False,,Smart,RC,False,True,False,,,True,,False,False,False,False,False,False,False,False,False,False,0,Follow Yaw,-77.9,0,-103.9,256.1,False,False,False,False,False,,0,0,False,False,No Card,100,100,1024,1346,865,1024,2,False,False,False,False,False,0,False,False,False,False,80,,47.172,,8084,,10044,,47.172,,True,3.933,3.933,3.933,3.933,3.933,3.933,3.933,3.933,3.933,3.933,3.933,3.933,0,,False,False,True,,,,,,,,,,,,,,,False,False,18.752,,96.0,,75.7,,96.0,,1560,80,9,19,7,140459.0,18727.86,,Idle,,20,,10,,,20,Go Home,False,False,False,False,False,False,False,False,False,False,False,False,33.8027920380556,-117.4659261431046,2423.4,2972.0,1049.4,396.9,True,1,1,False,False,False,False,,True,False,False,Course Lock,196.8,67,16.4,93,SE,SW,1.56,11.4,Calm,False,False,Android,7.0.2,M300 RTK,1ZN7L4R0H1D00F,1W9DL31001461C,1ZMLH8300204F0,1Z6PH74DAP0QN7,"Corona, CA",728.3,5.7,137.7,8.547347,2.013246,0,0,DJI Matrice 300 RTK,M300 RTK,1ZN7L4R0H1D00F,1W9DL31001461C,1ZMLH8300204F0,1Z6PH74DAP0QN7,DJI Pilot,Android,7.0.2,1EF72A62-B7C3-C88D-164E-CE6F8C8424AE,1ZN7L4R0H1D00F,1W9DL31001461C,,1ZMLH8300204F0,1W9DL31001461C,,,,,
2023-11-01,11:30:21.84 AM,5m 59.5s,359.5,33.799979354239,-117.4731717069488,89.8,137.7,14.1,1354,2855.7,5.833225,6.94893,-0.447388,2.23694,-5.816044,1.342164,0.223694,0.894776,-2,-1.4,2.4,-95.9,264.1,266.0,Tripod,Other,,22,5,True,,True,False,,Smart,RC,False,True,False,,,True,,False,False,False,False,False,False,False,False,False,False,0,Follow Yaw,-77.9,0,-103.9,256.1,False,False,False,False,False,,0,0,False,False,No Card,100,100,1024,1345,866,1024,2,False,False,False,False,False,0,False,False,False,False,80,,47.172,,8084,,10044,,47.172,,True,3.933,3.933,3.933,3.933,3.933,3.933,3.933,3.933,3.933,3.933,3.933,3.933,0,,False,False,True,,,,,,,,,,,,,,,False,False,18.752,,96.0,,75.7,,96.0,,1560,80,9,19,7,140459.0,18727.86,,Idle,,20,,10,,,20,Go Home,False,False,False,False,False,False,False,False,False,False,False,False,33.8027920380556,-117.4659261431046,2424.3,2972.0,1049.4,396.9,True,1,1,False,False,False,False,,True,False,False,Course Lock,196.8,67,16.4,93,SE,SW,1.56,11.4,Calm,False,False,Android,7.0.2,M300 RTK,1ZN7L4R0H1D00F,1W9DL31001461C,1ZMLH8300204F0,1Z6PH74DAP0QN7,"Corona, CA",728.3,5.7,137.7,8.547347,2.013246,0,0,DJI Matrice 300 RTK,M300 RTK,1ZN7L4R0H1D00F,1W9DL31001461C,1ZMLH8300204F0,1Z6PH74DAP0QN7,DJI Pilot,Android,7.0.2,1EF72A62-B7C3-C88D-164E-CE6F8C8424AE,1ZN7L4R0H1D00F,1W9DL31001461C,,1ZMLH8300204F0,1W9DL31001461C,,,,,
2023-11-01,11:30:21.94 AM,5m 59.6s,359.6,33.7999791141019,-117.4731746610524,89.8,137.7,14.1,1354,2856.6,5.833225,6.94893,-0.447388,2.23694,-5.816044,1.342164,0.223694,0.894776,-2,-1.3,2.3,-95.9,264.1,264.4,Tripod,Other,,22,5,True,,True,False,,Smart,RC,False,True,False,,,True,,False,False,False,False,False,False,False,False,False,False,0,Follow Yaw,-77.9,0,-103.9,256.1,False,False,False,False,False,,0,0,False,False,No Card,100,100,1024,1345,867,1024,2,False,False,False,False,False,0,False,False,False,False,80,,47.172,,8084,,10044,,47.172,,True,3.933,3.933,3.933,3.933,3.933,3.933,3.933,3.933,3.933,3.933,3.933,3.933,0,,False,False,True,,,,,,,,,,,,,,,False,False,18.752,,96.0,,75.7,,96.0,,1560,80,9,19,7,140459.0,18727.86,,Idle,,20,,10,,,20,Go Home,False,False,False,False,False,False,False,False,False,False,False,False,33.8027920380556,-117.4659261431046,2425.1,2972.0,1049.4,396.9,True,1,1,False,False,False,False,,True,False,False,Course Lock,196.8,67,16.4,93,SE,SW,1.56,11.4,Calm,False,False,Android,7.0.2,M300 RTK,1ZN7L4R0H1D00F,1W9DL31001461C,1ZMLH8300204F0,1Z6PH74DAP0QN7,"Corona, CA",728.3,5.7,137.7,8.547347,2.013246,0,0,DJI Matrice 300 RTK,M300 RTK,1ZN7L4R0H1D00F,1W9DL31001461C,1ZMLH8300204F0,1Z6PH74DAP0QN7,DJI Pilot,Android,7.0.2,1EF72A62-B7C3-C88D-164E-CE6F8C8424AE,1ZN7L4R0H1D00F,1W9DL31001461C,,1ZMLH8300204F0,1W9DL31001461C,,,,,
2023-11-01,11:30:22.04 AM,5m 59.7s,359.7,33.7999787396414,-117.4731777165894,89.8,137.7,14.1,1354,2857.5,5.833225,6.94893,-0.447388,2.23694,-5.816044,1.342164,0.223694,0.894776,-2,-1.1,2.2,-95.8,264.2,261.6,Tripod,Other,,22,5,True,,True,False,,Smart,RC,False,True,False,,,True,,False,False,False,False,False,False,False,False,False,False,0,Follow Yaw,-77.9,0,-103.9,256.1,False,False,False,False,False,,0,0,False,False,No Card,100,100,1024,1346,867,1024,2,False,False,False,False,False,0,False,False,False,False,81,,47.172,,4038,,4986,,47.172,,True,3.933,3.933,3.933,3.933,3.933,3.933,3.933,3.933,3.933,3.933,3.933,3.933,0,,False,False,True,,,,,,,,,,,,,,,False,False,9.412,,96.0,,75.7,,96.0,,1560,80,9,19,7,140459.0,18727.86,,Idle,,20,,10,,,20,Go Home,False,False,False,False,False,False,False,False,False,False,False,False,33.8027920380556,-117.4659261431046,2426.0,2972.0,1049.4,396.9,True,1,1,False,False,False,False,,True,False,False,Course Lock,196.8,67,16.4,93,SE,SW,1.56,11.4,Calm,False,False,Android,7.0.2,M300 RTK,1ZN7L4R0H1D00F,1W9DL31001461C,1ZMLH8300204F0,1Z6PH74DAP0QN7,"Corona, CA",728.3,5.7,137.7,8.547347,2.013246,0,0,DJI Matrice 300 RTK,M300 RTK,1ZN7L4R0H1D00F,1W9DL31001461C,1ZMLH8300204F0,1Z6PH74DAP0QN7,DJI Pilot,Android,7.0.2,1EF72A62-B7C3-C88D-164E-CE6F8C8424AE,1ZN7L4R0H1D00F,1W9DL31001461C,,1ZMLH8300204F0,1W9DL31001461C,,,,,
2023-11-01,11:30:22.14 AM,5m 59.8s,359.8,33.7999784874426,-117.4731806774552,89.8,137.7,14.1,1354,2858.4,5.833225,6.94893,-0.447388,2.23694,-5.816044,1.342164,0.223694,0.894776,-2,-1,2.2,-95.8,264.2,264.1,Tripod,Other,,22,5,True,,True,False,,Smart,RC,False,True,False,,,True,,False,False,False,False,False,False,False,False,False,False,0,Follow Yaw,-77.9,0,-103.9,256.1,False,False,False,False,False,,0,0,False,False,No Card,100,100,1024,1346,866,1024,2,False,False,False,False,False,0,False,False,False,False,81,,47.172,,4038,,4986,,47.172,,True,3.933,3.933,3.933,3.933,3.933,3.933,3.933,3.933,3.933,3.933,3.933,3.933,0,,False,False,True,,,,,,,,,,,,,,,False,False,9.412,,96.0,,75.7,,96.0,,1560,80,9,19,7,140459.0,18727.86,,Idle,,20,,10,,,20,Go Home,False,False,False,False,False,False,False,False,False,False,False,False,33.8027920380556,-117.4659261431046,2426.9,2972.0,1049.4,396.9,True,1,1,False,False,False,False,,True,False,False,Course Lock,196.8,67,16.4,93,SE,SW,1.56,11.4,Calm,False,False,Android,7.0.2,M300 RTK,1ZN7L4R0H1D00F,1W9DL31001461C,1ZMLH8300204F0,1Z6PH74DAP0QN7,"Corona, CA",728.3,5.7,137.7,8.547347,2.013246,0,0,DJI Matrice 300 RTK,M300 RTK,1ZN7L4R0H1D00F,1W9DL31001461C,1ZMLH8300204F0,1Z6PH74DAP0QN7,DJI Pilot,Android,7.0.2,1EF72A62-B7C3-C88D-164E-CE6F8C8424AE,1ZN7L4R0H1D00F,1W9DL31001461C,,1ZMLH8300204F0,1W9DL31001461C,,,,,
2023-11-01,11:30:22.24 AM,5m 59.9s,359.9,33.7999781143527,-117.4731834935929,89.8,137.7,14.4,1354,2859.3,5.833225,6.94893,-0.447388,2.23694,-5.816044,1.342164,0.223694,0.894776,-2,-1.2,2.3,-95.8,264.2,260.9,Tripod,Other,,22,5,True,,True,False,,Smart,RC,False,True,False,,,True,,False,False,False,False,False,False,False,False,False,False,0,Follow Yaw,-77.9,0,-103.9,256.1,False,False,False,False,False,,0,0,False,False,No Card,100,100,1024,1346,868,1024,2,False,False,False,False,False,0,False,False,False,False,81,,47.172,,4038,,4986,,47.172,,True,3.933,3.933,3.933,3.933,3.933,3.933,3.933,3.933,3.933,3.933,3.933,3.933,0,,False,False,True,,,,,,,,,,,,,,,False,False,9.412,,96.0,,75.7,,96.0,,1560,80,9,19,7,140459.0,18727.86,,Idle,,20,,10,,,20,Go Home,False,False,False,False,False,False,False,False,False,False,False,False,33.8027920380556,-117.4659261431046,2427.7,2972.0,1049.4,396.9,True,1,1,False,False,False,False,,True,False,False,Course Lock,196.8,67,16.4,93,SE,SW,1.56,11.4,Calm,False,False,Android,7.0.2,M300 RTK,1ZN7L4R0H1D00F,1W9DL31001461C,1ZMLH8300204F0,1Z6PH74DAP0QN7,"Corona, CA",728.3,5.7,137.7,8.547347,2.013246,0,0,DJI Matrice 300 RTK,M300 RTK,1ZN7L4R0H1D00F,1W9DL31001461C,1ZMLH8300204F0,1Z6PH74DAP0QN7,DJI Pilot,Android,7.0.2,1EF72A62-B7C3-C88D-164E-CE6F8C8424AE,1ZN7L4R0H1D00F,1W9DL31001461C,,1ZMLH8300204F0,1W9DL31001461C,,,,,
2023-11-01,11:30:22.32 AM,6m 0.0s,360.0,33.7999778810688,-117.4731862810323,89.5,137.7,14.4,1353,2860.1,5.833225,6.94893,-0.447388,2.23694,-5.816044,1.342164,0.223694,0.894776,-2,-1.6,2.5,-95.9,264.1,264.2,Tripod,Other,,22,5,True,,True,False,,Smart,RC,False,True,False,,,True,,False,False,False,False,False,False,False,False,False,False,0,Follow Yaw,-77.9,0,-103.9,256.1,False,False,False,False,False,,0,0,False,False,No Card,100,100,1024,1346,868,1024,2,False,False,False,False,False,0,False,False,False,False,80,,47.208,,8084,,10044,,47.208,,True,3.933,3.933,3.933,3.933,3.933,3.933,3.933,3.933,3.933,3.933,3.933,3.933,0,,False,False,True,,,,,,,,,,,,,,,False,False,18.968,,96.0,,75.7,,96.0,,1560,80,9,19,7,140459.0,18727.86,,Idle,,20,,10,,,20,Go Home,False,False,False,False,False,False,False,False,False,False,False,False,33.8027920380556,-117.4659261431046,2428.5,2972.0,1049.4,396.9,True,1,1,False,False,False,False,,True,False,False,Course Lock,196.8,67,16.4,93,SE,SW,1.56,11.4,Calm,False,False,Android,7.0.2,M300 RTK,1ZN7L4R0H1D00F,1W9DL31001461C,1ZMLH8300204F0,1Z6PH74DAP0QN7,"Corona, CA",728.3,5.7,137.7,8.547347,2.013246,0,0,DJI Matrice 300 RTK,M300 RTK,1ZN7L4R0H1D00F,1W9DL31001461C,1ZMLH8300204F0,1Z6PH74DAP0QN7,DJI Pilot,Android,7.0.2,1EF72A62-B7C3-C88D-164E-CE6F8C8424AE,1ZN7L4R0H1D00F,1W9DL31001461C,,1ZMLH8300204F0,1W9DL31001461C,,,,,
2023-11-01,11:30:22.42 AM,6m 0.1s,360.1,33.799977490983,-117.4731894892142,89.5,137.7,14.4,1353,2861.1,5.833225,6.94893,-0.447388,2.23694,-5.816044,1.342164,0.223694,0.894776,-1.9,-1.9,2.6,-95.9,264.1,261.6,Tripod,Other,,22,5,True,,True,False,,Smart,RC,False,True,False,,,True,,False,False,False,False,False,False,False,False,False,False,0,Follow Yaw,-77.9,0,-103.9,256.1,False,False,False,False,False,,0,0,False,False,No Card,100,100,1024,1344,871,1024,2,False,False,False,False,False,0,False,False,False,False,80,,47.208,,8084,,10044,,47.208,,True,3.933,3.933,3.933,3.933,3.933,3.933,3.933,3.933,3.933,3.933,3.933,3.933,0,,False,False,True,,,,,,,,,,,,,,,False,False,18.968,,96.0,,75.7,,96.0,,1560,80,9,19,7,140459.0,18727.86,,Idle,,20,,10,,,20,Go Home,False,False,False,False,False,False,False,False,False,False,False,False,33.8027920380556,-117.4659261431046,2429.5,2972.0,1049.4,396.9,True,1,1,False,False,False,False,,True,False,False,Course Lock,196.8,67,16.4,93,SE,SW,1.56,11.4,Calm,False,False,Android,7.0.2,M300 RTK,1ZN7L4R0H1D00F,1W9DL31001461C,1ZMLH8300204F0,1Z6PH74DAP0QN7,"Corona, CA",728.3,5.7,137.7,8.547347,2.013246,0,0,DJI Matrice 300 RTK,M300 RTK,1ZN7L4R0H1D00F,1W9DL31001461C,1ZMLH8300204F0,1Z6PH74DAP0QN7,DJI Pilot,Android,7.0.2,1EF72A62-B7C3-C88D-164E-CE6F8C8424AE,1ZN7L4R0H1D00F,1W9DL31001461C,,1ZMLH8300204F0,1W9DL31001461C,,,,,
2023-11-01,11:30:22.52 AM,6m 0.2s,360.2,33.7999772042439,-117.4731925832629,89.5,137.7,14.4,1353,2862.1,5.833225,6.94893,-0.447388,2.23694,-5.816044,1.342164,0.223694,0.894776,-2.1,-1.7,2.7,-95.8,264.2,263.6,Tripod,Other,,22,5,True,,True,False,,Smart,RC,False,True,False,,,True,,False,False,False,False,False,False,False,False,False,False,0,Follow Yaw,-77.9,0,-103.9,256.1,False,False,False,False,False,,0,0,False,False,No Card,100,100,1024,1344,868,1024,2,False,False,False,False,False,0,False,False,False,False,80,,47.208,,8084,,10044,,47.208,,True,3.933,3.933,3.933,3.933,3.933,3.933,3.933,3.933,3.933,3.933,3.933,3.933,0,,False,False,True,,,,,,,,,,,,,,,False,False,18.968,,96.0,,75.7,,96.0,,1560,80,9,19,7,140459.0,18727.86,,Idle,,20,,10,,,20,Go Home,False,False,False,False,False,False,False,False,False,False,False,False,33.8027920380556,-117.4659261431046,2430.4,2972.0,1049.4,396.9,True,1,1,False,False,False,False,,True,False,False,Course Lock,196.8,67,16.4,93,SE,SW,1.56,11.4,Calm,False,False,Android,7.0.2,M300 RTK,1ZN7L4R0H1D00F,1W9DL31001461C,1ZMLH8300204F0,1Z6PH74DAP0QN7,"Corona, CA",728.3,5.7,137.7,8.547347,2.013246,0,0,DJI Matrice 300 RTK,M300 RTK,1ZN7L4R0H1D00F,1W9DL31001461C,1ZMLH8300204F0,1Z6PH74DAP0QN7,DJI Pilot,Android,7.0.2,1EF72A62-B7C3-C88D-164E-CE6F8C8424AE,1ZN7L4R0H1D00F,1W9DL31001461C,,1ZMLH8300204F0,1W9DL31001461C,,,,,
2023-11-01,11:30:22.63 AM,6m 0.3s,360.3,33.7999770079674,-117.4731953595694,89.5,137.7,14.4,1353,2862.9,5.833225,6.94893,-0.447388,2.23694,-5.816044,1.342164,0.223694,0.894776,-2.2,-1.5,2.6,-95.7,264.3,265.1,Tripod,Other,,22,5,True,,True,False,,Smart,RC,False,True,False,,,True,,False,False,False,False,False,False,False,False,False,False,0,Follow Yaw,-77.9,0,-103.9,256.1,False,False,False,False,False,,0,0,False,False,No Card,100,100,1024,1343,869,1024,2,False,False,False,False,False,0,False,False,False,False,80,,47.208,,8084,,10044,,47.208,,True,3.934,3.934,3.934,3.934,3.934,3.934,3.934,3.934,3.934,3.934,3.934,3.934,0,,False,False,True,,,,,,,,,,,,,,,False,False,18.968,,96.0,,75.7,,96.0,,1559,80,9,19,7,140556.9,18740.92,,Idle,,20,,10,,,20,Go Home,False,False,False,False,False,False,False,False,False,False,False,False,33.8027920380556,-117.4659261431046,2431.2,2972.0,1049.4,396.9,True,1,1,False,False,False,False,,True,False,False,Course Lock,196.8,67,16.4,93,SE,SW,1.56,11.4,Calm,False,False,Android,7.0.2,M300 RTK,1ZN7L4R0H1D00F,1W9DL31001461C,1ZMLH8300204F0,1Z6PH74DAP0QN7,"Corona, CA",728.3,5.7,137.7,8.547347,2.013246,0,0,DJI Matrice 300 RTK,M300 RTK,1ZN7L4R0H1D00F,1W9DL31001461C,1ZMLH8300204F0,1Z6PH74DAP0QN7,DJI Pilot,Android,7.0.2,1EF72A62-B7C3-C88D-164E-CE6F8C8424AE,1ZN7L4R0H1D00F,1W9DL31001461C,,1ZMLH8300204F0,1W9DL31001461C,,,,,
2023-11-01,11:30:22.74 AM,6m 0.4s,360.4,33.7999767475446,-117.4731983043543,89.5,137.7,14.4,1353,2863.8,5.833225,6.94893,-0.447388,2.23694,-5.816044,1.342164,0.223694,0.894776,-2.3,-1.3,2.6,-95.6,264.4,263.9,Tripod,Other,,22,5,True,,True,False,,Smart,RC,False,True,False,,,True,,False,False,False,False,False,False,False,False,False,False,0,Follow Yaw,-77.9,0,-103.9,256.1,False,False,False,False,False,,0,0,False,False,No Card,100,100,1024,1345,868,1024,2,False,False,False,False,False,0,False,False,False,False,80,,47.208,,8084,,10044,,47.208,,True,3.934,3.934,3.934,3.934,3.934,3.934,3.934,3.934,3.934,3.934,3.934,3.934,0,,False,False,True,,,,,,,,,,,,,,,False,False,18.968,,96.0,,75.7,,96.0,,1559,80,9,19,7,140556.9,18740.92,,Idle,,20,,10,,,20,Go Home,False,False,False,False,False,False,False,False,False,False,False,False,33.8027920380556,-117.4659261431046,2432.0,2972.0,1049.4,396.9,True,1,1,False,False,False,False,,True,False,False,Course Lock,196.8,67,16.4,93,SE,SW,1.56,11.4,Calm,False,False,Android,7.0.2,M300 RTK,1ZN7L4R0H1D00F,1W9DL31001461C,1ZMLH8300204F0,1Z6PH74DAP0QN7,"Corona, CA",728.3,5.7,137.7,8.547347,2.013246,0,0,DJI Matrice 300 RTK,M300 RTK,1ZN7L4R0H1D00F,1W9DL31001461C,1ZMLH8300204F0,1Z6PH74DAP0QN7,DJI Pilot,Android,7.0.2,1EF72A62-B7C3-C88D-164E-CE6F8C8424AE,1ZN7L4R0H1D00F,1W9DL31001461C,,1ZMLH8300204F0,1W9DL31001461C,,,,,
2023-11-01,11:30:22.84 AM,6m 0.5s,360.5,33.7999766606457,-117.4732010674662,89.5,137.7,14.4,1353,2864.6,5.833225,6.94893,-0.447388,2.23694,-5.816044,1.342164,0.223694,0.894776,-2.4,-1.4,2.7,-95.4,264.6,267.8,Tripod,Other,,22,5,True,,True,False,,Smart,RC,False,True,False,,,True,,False,False,False,False,False,False,False,False,False,False,0,Follow Yaw,-77.9,0,-103.9,256.1,False,False,False,False,False,,0,0,False,False,No Card,100,100,1024,1344,867,1024,2,False,False,False,False,False,0,False,False,False,False,80,,47.208,,8084,,10044,,47.208,,True,3.934,3.934,3.934,3.934,3.934,3.934,3.934,3.934,3.934,3.934,3.934,3.934,0,,False,False,True,,,,,,,,,,,,,,,False,False,18.968,,96.0,,75.7,,96.0,,1559,80,9,19,7,140556.9,18740.92,,Idle,,20,,10,,,20,Go Home,False,False,False,False,False,False,False,False,False,False,False,False,33.8027920380556,-117.4659261431046,2432.8,2972.0,1049.4,396.9,True,1,1,False,False,False,False,,True,False,False,Course Lock,196.8,67,16.4,93,SE,SW,1.56,11.4,Calm,False,False,Android,7.0.2,M300 RTK,1ZN7L4R0H1D00F,1W9DL31001461C,1ZMLH8300204F0,1Z6PH74DAP0QN7,"Corona, CA",728.3,5.7,137.7,8.547347,2.013246,0,0,DJI Matrice 300 RTK,M300 RTK,1ZN7L4R0H1D00F,1W9DL31001461C,1ZMLH8300204F0,1Z6PH74DAP0QN7,DJI Pilot,Android,7.0.2,1EF72A62-B7C3-C88D-164E-CE6F8C8424AE,1ZN7L4R0H1D00F,1W9DL31001461C,,1ZMLH8300204F0,1W9DL31001461C,,,,,
2023-11-01,11:30:22.94 AM,6m 0.6s,360.6,33.7999764309254,-117.4732040140654,89.5,137.7,14.4,1353,2865.5,5.833225,6.94893,-0.447388,2.23694,-5.816044,1.342164,0.223694,0.894776,-2.3,-1.5,2.7,-95.2,264.8,264.6,Tripod,Other,,22,5,True,,True,False,,Smart,RC,False,True,False,,,True,,False,False,False,False,False,False,False,False,False,False,0,Follow Yaw,-77.9,0,-103.9,256.1,False,False,False,False,False,,0,0,False,False,No Card,100,100,1024,1341,867,1024,2,False,False,False,False,False,0,False,False,False,False,80,,47.208,,8084,,10044,,47.208,,True,3.934,3.934,3.934,3.934,3.934,3.934,3.934,3.934,3.934,3.934,3.934,3.934,0,,False,False,True,,,,,,,,,,,,,,,False,False,18.968,,96.0,,75.7,,96.0,,1559,80,9,19,7,140556.9,18740.92,,Idle,,20,,10,,,20,Go Home,False,False,False,False,False,False,False,False,False,False,False,False,33.8027920380556,-117.4659261431046,2433.6,2972.0,1049.4,396.9,True,1,1,False,False,False,False,,True,False,False,Course Lock,196.8,67,16.4,93,SE,SW,1.56,11.4,Calm,False,False,Android,7.0.2,M300 RTK,1ZN7L4R0H1D00F,1W9DL31001461C,1ZMLH8300204F0,1Z6PH74DAP0QN7,"Corona, CA",728.3,5.7,137.7,8.547347,2.013246,0,0,DJI Matrice 300 RTK,M300 RTK,1ZN7L4R0H1D00F,1W9DL31001461C,1ZMLH8300204F0,1Z6PH74DAP0QN7,DJI Pilot,Android,7.0.2,1EF72A62-B7C3-C88D-164E-CE6F8C8424AE,1ZN7L4R0H1D00F,1W9DL31001461C,,1ZMLH8300204F0,1W9DL31001461C,,,,,
2023-11-01,11:30:23.04 AM,6m 0.7s,360.7,33.7999762310853,-117.4732070515424,89.5,137.7,14.4,1353,2866.5,6.056285,6.94893,-0.447388,2.23694,-6.039738,1.342164,0.223694,0.894776,-2.3,-1.8,2.9,-95.2,264.8,265.4,Tripod,Other,,22,5,True,,True,False,,Smart,RC,False,True,False,,,True,,False,False,False,False,False,False,False,False,False,False,0,Follow Yaw,-77.9,0,-103.9,256.1,False,False,False,False,False,,0,0,False,False,No Card,100,100,1024,1341,868,1024,2,False,False,False,False,False,0,False,False,False,False,80,,47.208,,8084,,10044,,47.208,,True,3.934,3.934,3.934,3.934,3.934,3.934,3.934,3.934,3.934,3.934,3.934,3.934,0,,False,False,True,,,,,,,,,,,,,,,False,False,18.968,,96.0,,75.7,,96.0,,1559,80,9,19,7,140556.9,18740.92,,Idle,,20,,10,,,20,Go Home,False,False,False,False,False,False,False,False,False,False,False,False,33.8027920380556,-117.4659261431046,2434.5,2972.0,1049.4,396.9,True,1,1,False,False,False,False,,True,False,False,Course Lock,196.8,67,16.4,93,SE,SW,1.78,11.4,Calm,False,False,Android,7.0.2,M300 RTK,1ZN7L4R0H1D00F,1W9DL31001461C,1ZMLH8300204F0,1Z6PH74DAP0QN7,"Corona, CA",728.3,5.7,137.7,8.547347,2.013246,0,0,DJI Matrice 300 RTK,M300 RTK,1ZN7L4R0H1D00F,1W9DL31001461C,1ZMLH8300204F0,1Z6PH74DAP0QN7,DJI Pilot,Android,7.0.2,1EF72A62-B7C3-C88D-164E-CE6F8C8424AE,1ZN7L4R0H1D00F,1W9DL31001461C,,1ZMLH8300204F0,1W9DL31001461C,,,,,
2023-11-01,11:30:23.14 AM,6m 0.8s,360.8,33.7999760147974,-117.473210175114,89.5,137.7,14.4,1353,2867.4,6.056285,6.94893,-0.447388,2.23694,-6.039738,1.342164,0.223694,0.894776,-2.1,-2,2.9,-95.1,264.9,265.2,Tripod,Other,,22,5,True,,True,False,,Smart,RC,False,True,False,,,True,,False,False,False,False,False,False,False,False,False,False,0,Follow Yaw,-77.9,0,-103.9,256.1,False,False,False,False,False,,0,0,False,False,No Card,100,100,1024,1341,868,1024,2,False,False,False,False,False,0,False,False,False,False,80,,47.208,,8084,,10044,,47.208,,True,3.934,3.934,3.934,3.934,3.934,3.934,3.934,3.934,3.934,3.934,3.934,3.934,0,,False,False,True,,,,,,,,,,,,,,,False,False,18.968,,96.0,,75.7,,96.0,,1559,80,9,19,7,140556.9,18740.92,,Idle,,20,,10,,,20,Go Home,False,False,False,False,False,False,False,False,False,False,False,False,33.8027920380556,-117.4659261431046,2435.4,2972.0,1049.4,396.9,True,1,1,False,False,False,False,,True,False,False,Course Lock,196.8,67,16.4,93,SE,SW,1.78,11.4,Calm,False,False,Android,7.0.2,M300 RTK,1ZN7L4R0H1D00F,1W9DL31001461C,1ZMLH8300204F0,1Z6PH74DAP0QN7,"Corona, CA",728.3,5.7,137.7,8.547347,2.013246,0,0,DJI Matrice 300 RTK,M300 RTK,1ZN7L4R0H1D00F,1W9DL31001461C,1ZMLH8300204F0,1Z6PH74DAP0QN7,DJI Pilot,Android,7.0.2,1EF72A62-B7C3-C88D-164E-CE6F8C8424AE,1ZN7L4R0H1D00F,1W9DL31001461C,,1ZMLH8300204F0,1W9DL31001461C,,,,,
2023-11-01,11:30:23.25 AM,6m 0.9s,360.9,33.7999756820045,-117.473213083284,89.2,137.7,14.4,1353,2868.3,6.043879,6.94893,-0.223694,2.23694,-6.039738,1.342164,0.223694,0.894776,-1.9,-1.9,2.6,-95,265,262.1,Tripod,Other,,22,5,True,,True,False,,Smart,RC,False,True,False,,,True,,False,False,False,False,False,False,False,False,False,False,0,Follow Yaw,-77.9,0,-103.9,256.1,False,False,False,False,False,,0,0,False,False,No Card,100,100,1024,1342,868,1024,2,False,False,False,False,False,0,False,False,False,False,80,,47.208,,8084,,10044,,47.208,,True,3.934,3.934,3.934,3.934,3.934,3.934,3.934,3.934,3.934,3.934,3.934,3.934,0,,False,False,True,,,,,,,,,,,,,,,False,False,18.968,,96.0,,75.7,,96.0,,1559,80,9,19,7,140556.9,18740.92,,Idle,,20,,10,,,20,Go Home,False,False,False,False,False,False,False,False,False,False,False,False,33.8027920380556,-117.4659261431046,2436.2,2972.0,1049.4,396.9,True,1,1,False,False,False,False,,True,False,False,Course Lock,196.8,67,16.4,93,SE,SW,1.78,11.4,Calm,False,False,Android,7.0.2,M300 RTK,1ZN7L4R0H1D00F,1W9DL31001461C,1ZMLH8300204F0,1Z6PH74DAP0QN7,"Corona, CA",728.3,5.7,137.7,8.547347,2.013246,0,0,DJI Matrice 300 RTK,M300 RTK,1ZN7L4R0H1D00F,1W9DL31001461C,1ZMLH8300204F0,1Z6PH74DAP0QN7,DJI Pilot,Android,7.0.2,1EF72A62-B7C3-C88D-164E-CE6F8C8424AE,1ZN7L4R0H1D00F,1W9DL31001461C,,1ZMLH8300204F0,1W9DL31001461C,,,,,
2023-11-01,11:30:23.35 AM,6m 1.0s,361.0,33.7999754851798,-117.4732160919802,89.2,137.7,14.4,1353,2869.2,6.043879,6.94893,-0.223694,2.23694,-6.039738,1.342164,0.223694,0.894776,-1.8,-2.1,2.7,-95.1,264.9,265.4,Tripod,Other,,22,5,True,,True,False,,Smart,RC,False,True,False,,,True,,False,False,False,False,False,False,False,False,False,False,0,Follow Yaw,-77.9,0,-103.9,256.1,False,False,False,False,False,,0,0,False,False,No Card,100,100,1024,1341,868,1024,2,False,False,False,False,False,0,False,False,False,False,81,,47.172,,4038,,4986,,47.172,,True,3.934,3.934,3.934,3.934,3.934,3.934,3.934,3.934,3.934,3.934,3.934,3.934,0,,False,False,True,,,,,,,,,,,,,,,False,False,9.278,,96.0,,75.7,,96.0,,1559,80,9,19,7,140556.9,18740.92,,Idle,,20,,10,,,20,Go Home,False,False,False,False,False,False,False,False,False,False,False,False,33.8027920380556,-117.4659261431046,2437.1,2972.0,1049.4,396.9,True,1,1,False,False,False,False,,True,False,False,Course Lock,196.8,67,16.4,93,SE,SW,1.78,11.4,Calm,False,False,Android,7.0.2,M300 RTK,1ZN7L4R0H1D00F,1W9DL31001461C,1ZMLH8300204F0,1Z6PH74DAP0QN7,"Corona, CA",728.3,5.7,137.7,8.547347,2.013246,0,0,DJI Matrice 300 RTK,M300 RTK,1ZN7L4R0H1D00F,1W9DL31001461C,1ZMLH8300204F0,1Z6PH74DAP0QN7,DJI Pilot,Android,7.0.2,1EF72A62-B7C3-C88D-164E-CE6F8C8424AE,1ZN7L4R0H1D00F,1W9DL31001461C,,1ZMLH8300204F0,1W9DL31001461C,,,,,
2023-11-01,11:30:23.45 AM,6m 1.1s,361.1,33.7999754267903,-117.4732191020784,89.2,137.7,14.4,1353,2870.1,6.043879,6.94893,-0.223694,2.23694,-6.039738,1.342164,0.223694,0.894776,-1.5,-2.4,2.8,-95.1,264.9,268.6,Tripod,Other,,22,5,True,,True,False,,Smart,RC,False,True,False,,,True,,False,False,False,False,False,False,False,False,False,False,0,Follow Yaw,-77.9,0,-103.9,256.1,False,False,False,False,False,,0,0,False,False,No Card,100,100,1024,1341,868,1024,2,False,False,False,False,False,0,False,False,False,False,81,,47.172,,4038,,4986,,47.172,,True,3.934,3.934,3.934,3.934,3.934,3.934,3.934,3.934,3.934,3.934,3.934,3.934,0,,False,False,True,,,,,,,,,,,,,,,False,False,9.278,,96.0,,75.7,,96.0,,1559,80,9,19,7,140556.9,18740.92,,Idle,,20,,10,,,20,Go Home,False,False,False,False,False,False,False,False,False,False,False,False,33.8027920380556,-117.4659261431046,2437.9,2972.0,1049.4,396.9,True,1,1,False,False,False,False,,True,False,False,Course Lock,196.8,67,16.4,93,SE,SW,1.78,11.4,Calm,False,False,Android,7.0.2,M300 RTK,1ZN7L4R0H1D00F,1W9DL31001461C,1ZMLH8300204F0,1Z6PH74DAP0QN7,"Corona, CA",728.3,5.7,137.7,8.547347,2.013246,0,0,DJI Matrice 300 RTK,M300 RTK,1ZN7L4R0H1D00F,1W9DL31001461C,1ZMLH8300204F0,1Z6PH74DAP0QN7,DJI Pilot,Android,7.0.2,1EF72A62-B7C3-C88D-164E-CE6F8C8424AE,1ZN7L4R0H1D00F,1W9DL31001461C,,1ZMLH8300204F0,1W9DL31001461C,,,,,
2023-11-01,11:30:23.54 AM,6m 1.2s,361.2,33.7999752431237,-117.4732222884892,89.2,137.7,14.4,1353,2871.1,6.043879,6.94893,-0.223694,2.23694,-6.039738,1.342164,0.223694,0.894776,-1.2,-2.4,2.6,-95.2,264.8,266.0,Tripod,Other,,22,5,True,,True,False,,Smart,RC,False,True,False,,,True,,False,False,False,False,False,False,False,False,False,False,0,Follow Yaw,-77.9,0,-103.9,256.1,False,False,False,False,False,,0,0,False,False,No Card,100,100,1024,1342,871,1024,2,False,False,False,False,False,0,False,False,False,False,81,,47.172,,4038,,4986,,47.172,,True,3.934,3.934,3.934,3.934,3.934,3.934,3.934,3.934,3.934,3.934,3.934,3.934,0,,False,False,True,,,,,,,,,,,,,,,False,False,9.278,,96.0,,75.7,,96.0,,1559,80,9,19,7,140556.9,18740.92,,Idle,,20,,10,,,20,Go Home,False,False,False,False,False,False,False,False,False,False,False,False,33.8027920380556,-117.4659261431046,2438.8,2972.0,1049.4,396.9,True,1,1,False,False,False,False,,True,False,False,Course Lock,196.8,67,16.4,93,SE,SW,1.78,11.4,Calm,False,False,Android,7.0.2,M300 RTK,1ZN7L4R0H1D00F,1W9DL31001461C,1ZMLH8300204F0,1Z6PH74DAP0QN7,"Corona, CA",728.3,5.7,137.7,8.547347,2.013246,0,0,DJI Matrice 300 RTK,M300 RTK,1ZN7L4R0H1D00F,1W9DL31001461C,1ZMLH8300204F0,1Z6PH74DAP0QN7,DJI Pilot,Android,7.0.2,1EF72A62-B7C3-C88D-164E-CE6F8C8424AE,1ZN7L4R0H1D00F,1W9DL31001461C,,1ZMLH8300204F0,1W9DL31001461C,,,,,
2023-11-01,11:30:23.66 AM,6m 1.3s,361.3,33.7999751082522,-117.4732250921745,89.2,137.7,14.4,1353,2871.9,6.043879,6.94893,-0.223694,2.23694,-6.039738,1.342164,0.223694,0.894776,-1.1,-2.4,2.6,-95.3,264.7,266.6,Tripod,Other,,22,5,True,,True,False,,Smart,RC,False,True,False,,,True,,False,False,False,False,False,False,False,False,False,False,0,Follow Yaw,-77.9,0,-103.9,256.1,False,False,False,False,False,,0,0,False,False,No Card,100,100,1024,1343,871,1024,2,False,False,False,False,False,0,False,False,False,False,81,,47.172,,4038,,4986,,47.172,,True,3.931,3.931,3.931,3.931,3.931,3.931,3.931,3.931,3.931,3.931,3.931,3.931,0,,False,False,True,,,,,,,,,,,,,,,False,False,9.278,,96.0,,75.7,,96.0,,1558,80,9,19,7,140681.5,18757.54,,Idle,,20,,10,,,20,Go Home,False,False,False,False,False,False,False,False,False,False,False,False,33.8027920380556,-117.4659261431046,2439.6,2972.0,1049.4,396.9,True,1,1,False,False,False,False,,True,False,False,Course Lock,196.8,67,16.4,93,SE,SW,1.78,11.4,Calm,False,False,Android,7.0.2,M300 RTK,1ZN7L4R0H1D00F,1W9DL31001461C,1ZMLH8300204F0,1Z6PH74DAP0QN7,"Corona, CA",728.3,5.7,137.7,8.547347,2.013246,0,0,DJI Matrice 300 RTK,M300 RTK,1ZN7L4R0H1D00F,1W9DL31001461C,1ZMLH8300204F0,1Z6PH74DAP0QN7,DJI Pilot,Android,7.0.2,1EF72A62-B7C3-C88D-164E-CE6F8C8424AE,1ZN7L4R0H1D00F,1W9DL31001461C,,1ZMLH8300204F0,1W9DL31001461C,,,,,
2023-11-01,11:30:23.77 AM,6m 1.4s,361.4,33.7999749421299,-117.4732281333624,89.2,137.7,14.4,1353,2872.9,6.043879,6.94893,-0.223694,2.23694,-6.039738,1.342164,0.223694,0.894776,-0.8,-2.3,2.4,-95.5,264.5,266.2,Tripod,Other,,22,5,True,,True,False,,Smart,RC,False,True,False,,,True,,False,False,False,False,False,False,False,False,False,False,0,Follow Yaw,-77.9,0,-103.9,256.1,False,False,False,False,False,,0,0,False,False,No Card,100,100,1024,1342,871,1024,2,False,False,False,False,False,0,False,False,False,False,81,,47.172,,4038,,4986,,47.172,,True,3.931,3.931,3.931,3.931,3.931,3.931,3.931,3.931,3.931,3.931,3.931,3.931,0,,False,False,True,,,,,,,,,,,,,,,False,False,9.278,,96.0,,75.7,,96.0,,1558,80,9,19,7,140681.5,18757.54,,Idle,,20,,10,,,20,Go Home,False,False,False,False,False,False,False,False,False,False,False,False,33.8027920380556,-117.4659261431046,2440.5,2972.0,1049.4,396.9,True,1,1,False,False,False,False,,True,False,False,Course Lock,196.8,67,16.4,93,SE,SW,1.78,11.4,Calm,False,False,Android,7.0.2,M300 RTK,1ZN7L4R0H1D00F,1W9DL31001461C,1ZMLH8300204F0,1Z6PH74DAP0QN7,"Corona, CA",728.3,5.7,137.7,8.547347,2.013246,0,0,DJI Matrice 300 RTK,M300 RTK,1ZN7L4R0H1D00F,1W9DL31001461C,1ZMLH8300204F0,1Z6PH74DAP0QN7,DJI Pilot,Android,7.0.2,1EF72A62-B7C3-C88D-164E-CE6F8C8424AE,1ZN7L4R0H1D00F,1W9DL31001461C,,1ZMLH8300204F0,1W9DL31001461C,,,,,
2023-11-01,11:30:23.87 AM,6m 1.5s,361.5,33.7999747019927,-117.4732311451098,89.2,137.7,14.4,1353,2873.8,6.043879,6.94893,-0.223694,2.23694,-6.039738,1.342164,0.223694,0.894776,-0.7,-2.2,2.3,-95.7,264.3,264.5,Tripod,Other,,22,5,True,,True,False,,Smart,RC,False,True,False,,,True,,False,False,False,False,False,False,False,False,False,False,0,Follow Yaw,-77.9,0,-103.9,256.1,False,False,False,False,False,,0,0,False,False,No Card,100,100,1024,1341,872,1024,2,False,False,False,False,False,0,False,False,False,False,81,,47.172,,4038,,4986,,47.172,,True,3.931,3.931,3.931,3.931,3.931,3.931,3.931,3.931,3.931,3.931,3.931,3.931,0,,False,False,True,,,,,,,,,,,,,,,False,False,9.278,,96.0,,75.7,,96.0,,1558,80,9,19,7,140681.5,18757.54,,Idle,,20,,10,,,20,Go Home,False,False,False,False,False,False,False,False,False,False,False,False,33.8027920380556,-117.4659261431046,2441.3,2972.0,1049.4,396.9,True,1,1,False,False,False,False,,True,False,False,Course Lock,196.8,67,16.4,93,SE,SW,1.78,11.4,Calm,False,False,Android,7.0.2,M300 RTK,1ZN7L4R0H1D00F,1W9DL31001461C,1ZMLH8300204F0,1Z6PH74DAP0QN7,"Corona, CA",728.3,5.7,137.7,8.547347,2.013246,0,0,DJI Matrice 300 RTK,M300 RTK,1ZN7L4R0H1D00F,1W9DL31001461C,1ZMLH8300204F0,1Z6PH74DAP0QN7,DJI Pilot,Android,7.0.2,1EF72A62-B7C3-C88D-164E-CE6F8C8424AE,1ZN7L4R0H1D00F,1W9DL31001461C,,1ZMLH8300204F0,1W9DL31001461C,,,,,
2023-11-01,11:30:23.97 AM,6m 1.6s,361.6,33.7999745147625,-117.4732343358914,88.9,137.7,14.4,1353,2874.8,6.043879,6.94893,-0.223694,2.23694,-6.039738,1.342164,0.223694,0.894776,-0.7,-2.4,2.5,-95.9,264.1,265.9,Tripod,Other,,22,5,True,,True,False,,Smart,RC,False,True,False,,,True,,False,False,False,False,False,False,False,False,False,False,0,Follow Yaw,-77.9,0,-103.9,256.1,False,False,False,False,False,,0,0,False,False,No Card,100,100,1024,1342,872,1024,2,False,False,False,False,False,0,False,False,False,False,81,,47.172,,4038,,4986,,47.172,,True,3.931,3.931,3.931,3.931,3.931,3.931,3.931,3.931,3.931,3.931,3.931,3.931,0,,False,False,True,,,,,,,,,,,,,,,False,False,9.278,,96.0,,75.7,,96.0,,1558,80,9,19,7,140681.5,18757.54,,Idle,,20,,10,,,20,Go Home,False,False,False,False,False,False,False,False,False,False,False,False,33.8027920380556,-117.4659261431046,2442.2,2972.0,1049.4,396.9,True,1,1,False,False,False,False,,True,False,False,Course Lock,196.8,67,16.4,93,SE,SW,2.01,11.4,Calm,False,False,Android,7.0.2,M300 RTK,1ZN7L4R0H1D00F,1W9DL31001461C,1ZMLH8300204F0,1Z6PH74DAP0QN7,"Corona, CA",728.3,5.7,137.7,8.547347,2.013246,0,0,DJI Matrice 300 RTK,M300 RTK,1ZN7L4R0H1D00F,1W9DL31001461C,1ZMLH8300204F0,1Z6PH74DAP0QN7,DJI Pilot,Android,7.0.2,1EF72A62-B7C3-C88D-164E-CE6F8C8424AE,1ZN7L4R0H1D00F,1W9DL31001461C,,1ZMLH8300204F0,1W9DL31001461C,,,,,
2023-11-01,11:30:24.07 AM,6m 1.7s,361.7,33.7999744059332,-117.4732372713576,88.9,137.7,14.4,1353,2875.6,6.043879,6.94893,-0.223694,2.23694,-6.039738,1.342164,0.223694,0.894776,-0.6,-2.7,2.7,-96.1,263.9,267.4,Tripod,Other,,22,5,True,,True,False,,Smart,RC,False,True,False,,,True,,False,False,False,False,False,False,False,False,False,False,0,Follow Yaw,-77.9,0,-103.9,256.1,False,False,False,False,False,,0,0,False,False,No Card,100,100,1024,1341,873,1024,2,False,False,False,False,False,0,False,False,False,False,81,,47.172,,4038,,4986,,47.172,,True,3.931,3.931,3.931,3.931,3.931,3.931,3.931,3.931,3.931,3.931,3.931,3.931,0,,False,False,True,,,,,,,,,,,,,,,False,False,9.278,,96.0,,75.7,,96.0,,1558,80,9,19,7,140681.5,18757.54,,Idle,,20,,10,,,20,Go Home,False,False,False,False,False,False,False,False,False,False,False,False,33.8027920380556,-117.4659261431046,2443.1,2972.0,1049.4,396.9,True,1,1,False,False,False,False,,True,False,False,Course Lock,196.8,67,16.4,93,SE,SW,2.01,11.4,Calm,False,False,Android,7.0.2,M300 RTK,1ZN7L4R0H1D00F,1W9DL31001461C,1ZMLH8300204F0,1Z6PH74DAP0QN7,"Corona, CA",728.3,5.7,137.7,8.547347,2.013246,0,0,DJI Matrice 300 RTK,M300 RTK,1ZN7L4R0H1D00F,1W9DL31001461C,1ZMLH8300204F0,1Z6PH74DAP0QN7,DJI Pilot,Android,7.0.2,1EF72A62-B7C3-C88D-164E-CE6F8C8424AE,1ZN7L4R0H1D00F,1W9DL31001461C,,1ZMLH8300204F0,1W9DL31001461C,,,,,
2023-11-01,11:30:24.18 AM,6m 1.8s,361.8,33.799974208286,-117.4732402944854,88.9,137.7,14.4,1353,2876.6,6.043879,6.94893,-0.223694,2.23694,-6.039738,1.342164,0.223694,0.894776,-0.6,-2.6,2.6,-96.1,263.9,265.5,Tripod,Other,,22,5,True,,True,False,,Smart,RC,False,True,False,,,True,,False,False,False,False,False,False,False,False,False,False,0,Follow Yaw,-77.9,0,-103.9,256.1,False,False,False,False,False,,0,0,False,False,No Card,100,100,1024,1342,873,1024,2,False,False,False,False,False,0,False,False,False,False,81,,47.172,,4038,,4986,,47.172,,True,3.931,3.931,3.931,3.931,3.931,3.931,3.931,3.931,3.931,3.931,3.931,3.931,0,,False,False,True,,,,,,,,,,,,,,,False,False,9.278,,96.0,,75.7,,96.0,,1558,80,9,19,7,140681.5,18757.54,,Idle,,20,,10,,,20,Go Home,False,False,False,False,False,False,False,False,False,False,False,False,33.8027920380556,-117.4659261431046,2443.9,2972.0,1049.4,396.9,True,1,1,False,False,False,False,,True,False,False,Course Lock,196.8,67,16.4,93,SE,SW,2.01,11.4,Calm,False,False,Android,7.0.2,M300 RTK,1ZN7L4R0H1D00F,1W9DL31001461C,1ZMLH8300204F0,1Z6PH74DAP0QN7,"Corona, CA",728.3,5.7,137.7,8.547347,2.013246,0,0,DJI Matrice 300 RTK,M300 RTK,1ZN7L4R0H1D00F,1W9DL31001461C,1ZMLH8300204F0,1Z6PH74DAP0QN7,DJI Pilot,Android,7.0.2,1EF72A62-B7C3-C88D-164E-CE6F8C8424AE,1ZN7L4R0H1D00F,1W9DL31001461C,,1ZMLH8300204F0,1W9DL31001461C,,,,,
2023-11-01,11:30:24.28 AM,6m 1.9s,361.9,33.7999740268125,-117.4732436019566,88.9,137.7,14.4,1353,2877.6,6.056285,6.94893,-0.447388,2.23694,-6.039738,1.342164,0.223694,0.894776,-0.7,-2.4,2.5,-95.9,264.1,266.2,Tripod,Other,,22,5,True,,True,False,,Smart,RC,False,True,False,,,True,,False,False,False,False,False,False,False,False,False,False,0,Follow Yaw,-77.9,0,-103.9,256.1,False,False,False,False,False,,0,0,False,False,No Card,100,100,1024,1342,873,1024,2,False,False,False,False,False,0,False,False,False,False,81,,47.172,,4038,,4986,,47.172,,True,3.931,3.931,3.931,3.931,3.931,3.931,3.931,3.931,3.931,3.931,3.931,3.931,0,,False,False,True,,,,,,,,,,,,,,,False,False,9.278,,96.0,,75.7,,96.0,,1558,80,9,19,7,140681.5,18757.54,,Idle,,20,,10,,,20,Go Home,False,False,False,False,False,False,False,False,False,False,False,False,33.8027920380556,-117.4659261431046,2444.9,2972.0,1049.4,396.9,True,1,1,False,False,False,False,,True,False,False,Course Lock,196.8,67,16.4,93,SE,SW,2.01,11.4,Calm,False,False,Android,7.0.2,M300 RTK,1ZN7L4R0H1D00F,1W9DL31001461C,1ZMLH8300204F0,1Z6PH74DAP0QN7,"Corona, CA",728.3,5.7,137.7,8.547347,2.013246,0,0,DJI Matrice 300 RTK,M300 RTK,1ZN7L4R0H1D00F,1W9DL31001461C,1ZMLH8300204F0,1Z6PH74DAP0QN7,DJI Pilot,Android,7.0.2,1EF72A62-B7C3-C88D-164E-CE6F8C8424AE,1ZN7L4R0H1D00F,1W9DL31001461C,,1ZMLH8300204F0,1W9DL31001461C,,,,,
2023-11-01,11:30:24.34 AM,6m 2.0s,362.0,33.7999738206674,-117.4732464669967,88.9,137.7,14.4,1353,2878.4,6.056285,6.94893,-0.447388,2.23694,-6.039738,1.342164,0.223694,0.894776,-0.7,-2.3,2.4,-95.8,264.2,265.0,Tripod,Other,,22,5,True,,True,False,,Smart,RC,False,True,False,,,True,,False,False,False,False,False,False,False,False,False,False,0,Follow Yaw,-77.9,0,-103.9,256.1,False,False,False,False,False,,0,0,False,False,No Card,100,100,1024,1341,874,1024,2,False,False,False,False,False,0,False,False,False,False,80,,47.22,,8084,,10044,,47.22,,True,3.931,3.931,3.931,3.931,3.931,3.931,3.931,3.931,3.931,3.931,3.931,3.931,0,,False,False,True,,,,,,,,,,,,,,,False,False,18.562,,96.0,,75.7,,96.0,,1558,80,9,19,7,140681.5,18757.54,,Idle,,20,,10,,,20,Go Home,False,False,False,False,False,False,False,False,False,False,False,False,33.8027920380556,-117.4659261431046,2445.7,2972.0,1049.4,396.9,True,1,1,False,False,False,False,,True,False,False,Course Lock,196.8,67,16.4,93,SE,SW,2.01,11.4,Calm,False,False,Android,7.0.2,M300 RTK,1ZN7L4R0H1D00F,1W9DL31001461C,1ZMLH8300204F0,1Z6PH74DAP0QN7,"Corona, CA",728.3,5.7,137.7,8.547347,2.013246,0,0,DJI Matrice 300 RTK,M300 RTK,1ZN7L4R0H1D00F,1W9DL31001461C,1ZMLH8300204F0,1Z6PH74DAP0QN7,DJI Pilot,Android,7.0.2,1EF72A62-B7C3-C88D-164E-CE6F8C8424AE,1ZN7L4R0H1D00F,1W9DL31001461C,,1ZMLH8300204F0,1W9DL31001461C,,,,,
2023-11-01,11:30:24.44 AM,6m 2.1s,362.1,33.7999736411128,-117.4732494243164,88.9,137.7,14.4,1353,2879.3,6.056285,6.94893,-0.447388,2.23694,-6.039738,1.342164,0,0.894776,-0.9,-1.9,2.1,-95.7,264.3,265.8,Tripod,Other,,22,5,True,,True,False,,Smart,RC,False,True,False,,,True,,False,False,False,False,False,False,False,False,False,False,0,Follow Yaw,-77.9,0,-103.9,256.1,False,False,False,False,False,,0,0,False,False,No Card,100,100,1024,1341,876,1024,2,False,False,False,False,False,0,False,False,False,False,80,,47.22,,8084,,10044,,47.22,,True,3.931,3.931,3.931,3.931,3.931,3.931,3.931,3.931,3.931,3.931,3.931,3.931,0,,False,False,True,,,,,,,,,,,,,,,False,False,18.562,,96.0,,75.7,,96.0,,1558,80,9,19,7,140681.5,18757.54,,Idle,,20,,10,,,20,Go Home,False,False,False,False,False,False,False,False,False,False,False,False,33.8027920380556,-117.4659261431046,2446.5,2972.0,1049.4,396.9,True,1,1,False,False,False,False,,True,False,False,Course Lock,196.8,67,16.4,93,SE,SW,2.01,11.4,Calm,False,False,Android,7.0.2,M300 RTK,1ZN7L4R0H1D00F,1W9DL31001461C,1ZMLH8300204F0,1Z6PH74DAP0QN7,"Corona, CA",728.3,5.7,137.7,8.547347,2.013246,0,0,DJI Matrice 300 RTK,M300 RTK,1ZN7L4R0H1D00F,1W9DL31001461C,1ZMLH8300204F0,1Z6PH74DAP0QN7,DJI Pilot,Android,7.0.2,1EF72A62-B7C3-C88D-164E-CE6F8C8424AE,1ZN7L4R0H1D00F,1W9DL31001461C,,1ZMLH8300204F0,1W9DL31001461C,,,,,
2023-11-01,11:30:24.54 AM,6m 2.2s,362.2,33.7999734248248,-117.4732524183336,88.9,137.7,14.4,1353,2880.3,6.056285,6.94893,-0.447388,2.23694,-6.039738,1.342164,0,0.894776,-1.1,-1.6,1.9,-95.7,264.3,265.0,Tripod,Other,,22,5,True,,True,False,,Smart,RC,False,True,False,,,True,,False,False,False,False,False,False,False,False,False,False,0,Follow Yaw,-77.9,0,-103.9,256.1,False,False,False,False,False,,0,0,False,False,No Card,100,100,1024,1341,875,1024,2,False,False,False,False,False,0,False,False,False,False,80,,47.22,,8084,,10044,,47.22,,True,3.931,3.931,3.931,3.931,3.931,3.931,3.931,3.931,3.931,3.931,3.931,3.931,0,,False,False,True,,,,,,,,,,,,,,,False,False,18.562,,96.0,,75.7,,96.0,,1558,80,9,19,7,140681.5,18757.54,,Idle,,20,,10,,,20,Go Home,False,False,False,False,False,False,False,False,False,False,False,False,33.8027920380556,-117.4659261431046,2447.4,2972.0,1049.4,396.9,True,1,1,False,False,False,False,,True,False,False,Course Lock,196.8,67,16.4,93,SE,SW,2.01,11.4,Calm,False,False,Android,7.0.2,M300 RTK,1ZN7L4R0H1D00F,1W9DL31001461C,1ZMLH8300204F0,1Z6PH74DAP0QN7,"Corona, CA",728.3,5.7,137.7,8.547347,2.013246,0,0,DJI Matrice 300 RTK,M300 RTK,1ZN7L4R0H1D00F,1W9DL31001461C,1ZMLH8300204F0,1Z6PH74DAP0QN7,DJI Pilot,Android,7.0.2,1EF72A62-B7C3-C88D-164E-CE6F8C8424AE,1ZN7L4R0H1D00F,1W9DL31001461C,,1ZMLH8300204F0,1W9DL31001461C,,,,,
2023-11-01,11:30:24.64 AM,6m 2.3s,362.3,33.799973363694,-117.4732554884672,88.9,137.7,14.4,1353,2881.2,6.056285,6.94893,-0.447388,2.23694,-6.039738,1.342164,0,0.894776,-1.2,-1.7,2,-95.7,264.3,268.6,Tripod,Other,,22,5,True,,True,False,,Smart,RC,False,True,False,,,True,,False,False,False,False,False,False,False,False,False,False,0,Follow Yaw,-77.9,0,-103.9,256.1,False,False,False,False,False,,0,0,False,False,No Card,100,100,1024,1343,874,1024,2,False,False,False,False,False,0,False,False,False,False,80,,47.22,,8084,,10044,,47.22,,True,3.936,3.936,3.936,3.936,3.936,3.936,3.936,3.936,3.936,3.936,3.936,3.936,0,,False,False,True,,,,,,,,,,,,,,,False,False,18.562,,96.0,,75.7,,96.0,,1557,80,9,19,7,140742.1,18765.62,,Idle,,20,,10,,,20,Go Home,False,False,False,False,False,False,False,False,False,False,False,False,33.8027920380556,-117.4659261431046,2448.2,2972.0,1049.4,396.9,True,1,1,False,False,False,False,,True,False,False,Course Lock,196.8,67,16.4,93,SE,SW,2.01,11.4,Calm,False,False,Android,7.0.2,M300 RTK,1ZN7L4R0H1D00F,1W9DL31001461C,1ZMLH8300204F0,1Z6PH74DAP0QN7,"Corona, CA",728.3,5.7,137.7,8.547347,2.013246,0,0,DJI Matrice 300 RTK,M300 RTK,1ZN7L4R0H1D00F,1W9DL31001461C,1ZMLH8300204F0,1Z6PH74DAP0QN7,DJI Pilot,Android,7.0.2,1EF72A62-B7C3-C88D-164E-CE6F8C8424AE,1ZN7L4R0H1D00F,1W9DL31001461C,,1ZMLH8300204F0,1W9DL31001461C,,,,,
2023-11-01,11:30:24.74 AM,6m 2.4s,362.4,33.799973176738,-117.4732584840512,88.9,137.7,14.4,1353,2882.1,6.056285,6.94893,-0.447388,2.23694,-6.039738,1.342164,0.223694,0.894776,-1,-1.9,2.1,-95.8,264.2,265.7,Tripod,Other,,22,5,True,,True,False,,Smart,RC,False,True,False,,,True,,False,False,False,False,False,False,False,False,False,False,0,Follow Yaw,-77.9,0,-103.9,256.1,False,False,False,False,False,,0,0,False,False,No Card,100,100,1024,1343,873,1024,2,False,False,False,False,False,0,False,False,False,False,80,,47.22,,8084,,10044,,47.22,,True,3.936,3.936,3.936,3.936,3.936,3.936,3.936,3.936,3.936,3.936,3.936,3.936,0,,False,False,True,,,,,,,,,,,,,,,False,False,18.562,,96.0,,75.7,,96.0,,1557,80,9,19,7,140742.1,18765.62,,Idle,,20,,10,,,20,Go Home,False,False,False,False,False,False,False,False,False,False,False,False,33.8027920380556,-117.4659261431046,2449.1,2972.0,1049.4,396.9,True,1,1,False,False,False,False,,True,False,False,Course Lock,196.8,67,16.4,93,SE,SW,2.01,11.4,Calm,False,False,Android,7.0.2,M300 RTK,1ZN7L4R0H1D00F,1W9DL31001461C,1ZMLH8300204F0,1Z6PH74DAP0QN7,"Corona, CA",728.3,5.7,137.7,8.547347,2.013246,0,0,DJI Matrice 300 RTK,M300 RTK,1ZN7L4R0H1D00F,1W9DL31001461C,1ZMLH8300204F0,1Z6PH74DAP0QN7,DJI Pilot,Android,7.0.2,1EF72A62-B7C3-C88D-164E-CE6F8C8424AE,1ZN7L4R0H1D00F,1W9DL31001461C,,1ZMLH8300204F0,1W9DL31001461C,,,,,
2023-11-01,11:30:24.84 AM,6m 2.5s,362.5,33.7999728603929,-117.4732612900456,88.5,137.7,14.4,1352,2883.0,6.056285,6.94893,-0.447388,2.23694,-6.039738,1.342164,0.223694,0.894776,-0.8,-2.2,2.3,-95.8,264.2,262.2,Tripod,Other,,22,5,True,,True,False,,Smart,RC,False,True,False,,,True,,False,False,False,False,False,False,False,False,False,False,0,Follow Yaw,-77.9,0,-103.9,256.1,False,False,False,False,False,,0,0,False,False,No Card,100,100,1024,1339,875,1024,2,False,False,False,False,False,0,False,False,False,False,80,,47.22,,8084,,10044,,47.22,,True,3.936,3.936,3.936,3.936,3.936,3.936,3.936,3.936,3.936,3.936,3.936,3.936,0,,False,False,True,,,,,,,,,,,,,,,False,False,18.562,,96.0,,75.7,,96.0,,1557,80,9,19,7,140742.1,18765.62,,Idle,,20,,10,,,20,Go Home,False,False,False,False,False,False,False,False,False,False,False,False,33.8027920380556,-117.4659261431046,2449.9,2972.0,1049.4,396.9,True,1,1,False,False,False,False,,True,False,False,Course Lock,196.8,67,16.4,93,SE,SW,2.01,11.4,Calm,False,False,Android,7.0.2,M300 RTK,1ZN7L4R0H1D00F,1W9DL31001461C,1ZMLH8300204F0,1Z6PH74DAP0QN7,"Corona, CA",728.3,5.7,137.7,8.547347,2.013246,0,0,DJI Matrice 300 RTK,M300 RTK,1ZN7L4R0H1D00F,1W9DL31001461C,1ZMLH8300204F0,1Z6PH74DAP0QN7,DJI Pilot,Android,7.0.2,1EF72A62-B7C3-C88D-164E-CE6F8C8424AE,1ZN7L4R0H1D00F,1W9DL31001461C,,1ZMLH8300204F0,1W9DL31001461C,,,,,
2023-11-01,11:30:24.94 AM,6m 2.6s,362.6,33.7999726630199,-117.4732642466231,88.5,137.7,14.4,1352,2883.9,5.833225,6.94893,-0.447388,2.23694,-5.816044,1.342164,0.223694,0.894776,-1,-2.2,2.4,-95.6,264.4,265.4,Tripod,Other,,22,5,True,,True,False,,Smart,RC,False,True,False,,,True,,False,False,False,False,False,False,False,False,False,False,0,Follow Yaw,-77.9,0,-103.9,256.1,False,False,False,False,False,,0,0,False,False,No Card,100,100,1024,1341,875,1024,2,False,False,False,False,False,0,False,False,False,False,80,,47.22,,8084,,10044,,47.22,,True,3.936,3.936,3.936,3.936,3.936,3.936,3.936,3.936,3.936,3.936,3.936,3.936,0,,False,False,True,,,,,,,,,,,,,,,False,False,18.562,,96.0,,75.7,,96.0,,1557,80,9,19,7,140742.1,18765.62,,Idle,,20,,10,,,20,Go Home,False,False,False,False,False,False,False,False,False,False,False,False,33.8027920380556,-117.4659261431046,2450.8,2972.0,1049.4,396.9,True,1,1,False,False,False,False,,True,False,False,Course Lock,196.8,67,16.4,93,SE,SW,2.01,11.4,Calm,False,False,Android,7.0.2,M300 RTK,1ZN7L4R0H1D00F,1W9DL31001461C,1ZMLH8300204F0,1Z6PH74DAP0QN7,"Corona, CA",728.3,5.7,137.7,8.547347,2.013246,0,0,DJI Matrice 300 RTK,M300 RTK,1ZN7L4R0H1D00F,1W9DL31001461C,1ZMLH8300204F0,1Z6PH74DAP0QN7,DJI Pilot,Android,7.0.2,1EF72A62-B7C3-C88D-164E-CE6F8C8424AE,1ZN7L4R0H1D00F,1W9DL31001461C,,1ZMLH8300204F0,1W9DL31001461C,,,,,
2023-11-01,11:30:25.04 AM,6m 2.7s,362.7,33.7999725007354,-117.4732670841195,88.5,137.7,14.4,1352,2884.7,5.833225,6.94893,-0.447388,2.23694,-5.816044,1.342164,0,0.894776,-1,-2,2.2,-95.6,264.4,266.0,Tripod,Other,,22,5,True,,True,False,,Smart,RC,False,True,False,,,True,,False,False,False,False,False,False,False,False,False,False,0,Follow Yaw,-77.9,0,-103.9,256.1,False,False,False,False,False,,0,0,False,False,No Card,100,100,1024,1341,876,1024,2,False,False,False,False,False,0,False,False,False,False,81,,47.172,,4038,,4986,,47.172,,True,3.936,3.936,3.936,3.936,3.936,3.936,3.936,3.936,3.936,3.936,3.936,3.936,0,,False,False,True,,,,,,,,,,,,,,,False,False,9.796,,96.0,,75.7,,96.0,,1557,80,9,19,7,140742.1,18765.62,,Idle,,20,,10,,,20,Go Home,False,False,False,False,False,False,False,False,False,False,False,False,33.8027920380556,-117.4659261431046,2451.6,2972.0,1049.4,396.9,True,1,1,False,False,False,False,,True,False,False,Course Lock,196.8,67,16.4,93,SE,SW,2.23,11.4,Calm,False,False,Android,7.0.2,M300 RTK,1ZN7L4R0H1D00F,1W9DL31001461C,1ZMLH8300204F0,1Z6PH74DAP0QN7,"Corona, CA",728.3,5.7,137.7,8.547347,2.013246,0,0,DJI Matrice 300 RTK,M300 RTK,1ZN7L4R0H1D00F,1W9DL31001461C,1ZMLH8300204F0,1Z6PH74DAP0QN7,DJI Pilot,Android,7.0.2,1EF72A62-B7C3-C88D-164E-CE6F8C8424AE,1ZN7L4R0H1D00F,1W9DL31001461C,,1ZMLH8300204F0,1W9DL31001461C,,,,,
2023-11-01,11:30:25.14 AM,6m 2.8s,362.8,33.7999723033624,-117.4732700199156,88.5,137.7,14.4,1352,2885.6,5.833225,6.94893,-0.447388,2.23694,-5.816044,1.342164,0,0.894776,-1,-2.1,2.3,-95.7,264.3,265.3,Tripod,Other,,22,5,True,,True,False,,Smart,RC,False,True,False,,,True,,False,False,False,False,False,False,False,False,False,False,0,Follow Yaw,-77.9,0,-103.9,256.1,False,False,False,False,False,,0,0,False,False,No Card,100,100,1024,1341,875,1024,2,False,False,False,False,False,0,False,False,False,False,81,,47.172,,4038,,4986,,47.172,,True,3.936,3.936,3.936,3.936,3.936,3.936,3.936,3.936,3.936,3.936,3.936,3.936,0,,False,False,True,,,,,,,,,,,,,,,False,False,9.796,,96.0,,75.7,,96.0,,1557,80,9,19,7,140742.1,18765.62,,Idle,,20,,10,,,20,Go Home,False,False,False,False,False,False,False,False,False,False,False,False,33.8027920380556,-117.4659261431046,2452.4,2972.0,1049.4,396.9,True,1,1,False,False,False,False,,True,False,False,Course Lock,196.8,67,16.4,93,SE,SW,2.23,11.4,Calm,False,False,Android,7.0.2,M300 RTK,1ZN7L4R0H1D00F,1W9DL31001461C,1ZMLH8300204F0,1Z6PH74DAP0QN7,"Corona, CA",728.3,5.7,137.7,8.547347,2.013246,0,0,DJI Matrice 300 RTK,M300 RTK,1ZN7L4R0H1D00F,1W9DL31001461C,1ZMLH8300204F0,1Z6PH74DAP0QN7,DJI Pilot,Android,7.0.2,1EF72A62-B7C3-C88D-164E-CE6F8C8424AE,1ZN7L4R0H1D00F,1W9DL31001461C,,1ZMLH8300204F0,1W9DL31001461C,,,,,
2023-11-01,11:30:25.24 AM,6m 2.9s,362.9,33.7999719384964,-117.4732728107362,88.5,137.7,14.4,1352,2886.5,5.833225,6.94893,-0.447388,2.23694,-5.816044,1.342164,0,0.894776,-1,-2.2,2.4,-95.7,264.3,261.0,Tripod,Other,,22,5,True,,True,False,,Smart,RC,False,True,False,,,True,,False,False,False,False,False,False,False,False,False,False,0,Follow Yaw,-77.9,0,-103.9,256.1,False,False,False,False,False,,0,0,False,False,No Card,100,100,1024,1341,874,1024,2,False,False,False,False,False,0,False,False,False,False,81,,47.172,,4038,,4986,,47.172,,True,3.936,3.936,3.936,3.936,3.936,3.936,3.936,3.936,3.936,3.936,3.936,3.936,0,,False,False,True,,,,,,,,,,,,,,,False,False,9.796,,96.0,,75.7,,96.0,,1557,80,9,19,7,140742.1,18765.62,,Idle,,20,,10,,,20,Go Home,False,False,False,False,False,False,False,False,False,False,False,False,33.8027920380556,-117.4659261431046,2453.2,2972.0,1049.4,396.9,True,1,1,False,False,False,False,,True,False,False,Course Lock,196.8,67,16.4,93,SE,SW,2.23,11.4,Calm,False,False,Android,7.0.2,M300 RTK,1ZN7L4R0H1D00F,1W9DL31001461C,1ZMLH8300204F0,1Z6PH74DAP0QN7,"Corona, CA",728.3,5.7,137.7,8.547347,2.013246,0,0,DJI Matrice 300 RTK,M300 RTK,1ZN7L4R0H1D00F,1W9DL31001461C,1ZMLH8300204F0,1Z6PH74DAP0QN7,DJI Pilot,Android,7.0.2,1EF72A62-B7C3-C88D-164E-CE6F8C8424AE,1ZN7L4R0H1D00F,1W9DL31001461C,,1ZMLH8300204F0,1W9DL31001461C,,,,,
2023-11-01,11:30:25.32 AM,6m 3.0s,363.0,33.7999717128881,-117.4732757202256,88.5,137.7,14.4,1352,2887.4,5.833225,6.94893,-0.447388,2.23694,-5.816044,1.342164,0,0.894776,-0.9,-2.2,2.3,-95.7,264.3,264.6,Tripod,Other,,22,5,True,,True,False,,Smart,RC,False,True,False,,,True,,False,False,False,False,False,False,False,False,False,False,0,Follow Yaw,-77.9,0,-103.9,256.1,False,False,False,False,False,,0,0,False,False,No Card,100,100,1024,1340,875,1024,2,False,False,False,False,False,0,False,False,False,False,80,,47.196,,8084,,10044,,47.196,,True,3.936,3.936,3.936,3.936,3.936,3.936,3.936,3.936,3.936,3.936,3.936,3.936,0,,False,False,True,,,,,,,,,,,,,,,False,False,19.786,,96.0,,75.7,,96.0,,1557,80,9,19,7,140742.1,18765.62,,Idle,,20,,10,,,20,Go Home,False,False,False,False,False,False,False,False,False,False,False,False,33.8027920380556,-117.4659261431046,2454.1,2972.0,1049.4,396.9,True,1,1,False,False,False,False,,True,False,False,Course Lock,196.8,67,16.4,93,SE,SW,2.23,11.4,Calm,False,False,Android,7.0.2,M300 RTK,1ZN7L4R0H1D00F,1W9DL31001461C,1ZMLH8300204F0,1Z6PH74DAP0QN7,"Corona, CA",728.3,5.7,137.7,8.547347,2.013246,0,0,DJI Matrice 300 RTK,M300 RTK,1ZN7L4R0H1D00F,1W9DL31001461C,1ZMLH8300204F0,1Z6PH74DAP0QN7,DJI Pilot,Android,7.0.2,1EF72A62-B7C3-C88D-164E-CE6F8C8424AE,1ZN7L4R0H1D00F,1W9DL31001461C,,1ZMLH8300204F0,1W9DL31001461C,,,,,
2023-11-01,11:30:25.42 AM,6m 3.1s,363.1,33.7999716501125,-117.4732787652894,88.5,137.7,14.4,1352,2888.3,5.833225,6.94893,-0.447388,2.23694,-5.816044,1.342164,0,0.894776,-0.7,-2.1,2.2,-95.8,264.2,268.5,Tripod,Other,,22,5,True,,True,False,,Smart,RC,False,True,False,,,True,,False,False,False,False,False,False,False,False,False,False,0,Follow Yaw,-77.9,0,-103.9,256.1,False,False,False,False,False,,0,0,False,False,No Card,100,100,1024,1340,876,1024,2,False,False,False,False,False,0,False,False,False,False,80,,47.196,,8084,,10044,,47.196,,True,3.936,3.936,3.936,3.936,3.936,3.936,3.936,3.936,3.936,3.936,3.936,3.936,0,,False,False,True,,,,,,,,,,,,,,,False,False,19.786,,96.0,,75.7,,96.0,,1557,80,9,19,7,140742.1,18765.62,,Idle,,20,,10,,,20,Go Home,False,False,False,False,False,False,False,False,False,False,False,False,33.8027920380556,-117.4659261431046,2454.9,2972.0,1049.4,396.9,True,1,1,False,False,False,False,,True,False,False,Course Lock,196.8,67,16.4,93,SE,SW,2.23,11.4,Calm,False,False,Android,7.0.2,M300 RTK,1ZN7L4R0H1D00F,1W9DL31001461C,1ZMLH8300204F0,1Z6PH74DAP0QN7,"Corona, CA",728.3,5.7,137.7,8.547347,2.013246,0,0,DJI Matrice 300 RTK,M300 RTK,1ZN7L4R0H1D00F,1W9DL31001461C,1ZMLH8300204F0,1Z6PH74DAP0QN7,DJI Pilot,Android,7.0.2,1EF72A62-B7C3-C88D-164E-CE6F8C8424AE,1ZN7L4R0H1D00F,1W9DL31001461C,,1ZMLH8300204F0,1W9DL31001461C,,,,,
2023-11-01,11:30:25.54 AM,6m 3.2s,363.2,33.7999714064117,-117.4732818103531,88.5,137.7,14.7,1352,2889.2,5.833225,6.94893,-0.447388,2.23694,-5.816044,1.342164,0,0.894776,-0.7,-1.9,2,-95.8,264.2,264.4,Tripod,Other,,22,5,True,,True,False,,Smart,RC,False,True,False,,,True,,False,False,False,False,False,False,False,False,False,False,0,Follow Yaw,-77.9,0,-103.9,256.1,False,False,False,False,False,,0,0,False,False,No Card,100,100,1024,1334,891,1024,2,False,False,False,False,False,0,False,False,False,False,80,,47.196,,8084,,10044,,47.196,,True,3.936,3.936,3.936,3.936,3.936,3.936,3.936,3.936,3.936,3.936,3.936,3.936,0,,False,False,True,,,,,,,,,,,,,,,False,False,19.786,,96.0,,75.7,,96.0,,1557,80,9,19,7,140742.1,18765.62,,Idle,,20,,10,,,20,Go Home,False,False,False,False,False,False,False,False,False,False,False,False,33.8027920380556,-117.4659261431046,2455.8,2972.0,1049.4,396.9,True,1,1,False,False,False,False,,True,False,False,Course Lock,196.8,67,16.4,93,SE,SW,2.23,11.4,Calm,False,False,Android,7.0.2,M300 RTK,1ZN7L4R0H1D00F,1W9DL31001461C,1ZMLH8300204F0,1Z6PH74DAP0QN7,"Corona, CA",728.3,5.7,137.7,8.547347,2.013246,0,0,DJI Matrice 300 RTK,M300 RTK,1ZN7L4R0H1D00F,1W9DL31001461C,1ZMLH8300204F0,1Z6PH74DAP0QN7,DJI Pilot,Android,7.0.2,1EF72A62-B7C3-C88D-164E-CE6F8C8424AE,1ZN7L4R0H1D00F,1W9DL31001461C,,1ZMLH8300204F0,1W9DL31001461C,,,,,
2023-11-01,11:30:25.62 AM,6m 3.3s,363.3,33.799971010295,-117.4732845911953,88.5,137.7,14.7,1352,2890.1,5.833225,6.94893,-0.447388,2.23694,-5.816044,1.342164,0,0.894776,-0.9,-1.6,1.8,-95.8,264.2,260.2,Tripod,Other,,22,5,True,,True,False,,Smart,RC,False,True,False,,,True,,False,False,False,False,False,False,False,False,False,False,0,Follow Yaw,-77.9,0,-103.9,256.1,False,False,False,False,False,,0,0,False,False,No Card,100,100,1024,1339,899,1024,2,False,False,False,False,False,0,False,False,False,False,80,,47.196,,8084,,10044,,47.196,,True,3.935,3.935,3.935,3.935,3.935,3.935,3.935,3.935,3.935,3.935,3.935,3.935,0,,False,False,True,,,,,,,,,,,,,,,False,False,19.786,,96.0,,75.7,,96.0,,1556,81,9,19,7,140861.3,18781.51,,Idle,,20,,10,,,20,Go Home,False,False,False,False,False,False,False,False,False,False,False,False,33.8027920380556,-117.4659261431046,2456.6,2972.0,1049.4,396.9,True,1,1,False,False,False,False,,True,False,False,Course Lock,196.8,67,16.4,93,SE,SW,2.23,11.4,Calm,False,False,Android,7.0.2,M300 RTK,1ZN7L4R0H1D00F,1W9DL31001461C,1ZMLH8300204F0,1Z6PH74DAP0QN7,"Corona, CA",728.3,5.7,137.7,8.547347,2.013246,0,0,DJI Matrice 300 RTK,M300 RTK,1ZN7L4R0H1D00F,1W9DL31001461C,1ZMLH8300204F0,1Z6PH74DAP0QN7,DJI Pilot,Android,7.0.2,1EF72A62-B7C3-C88D-164E-CE6F8C8424AE,1ZN7L4R0H1D00F,1W9DL31001461C,,1ZMLH8300204F0,1W9DL31001461C,,,,,
2023-11-01,11:30:25.73 AM,6m 3.4s,363.4,33.799970747131,-117.473287470502,88.5,137.7,14.4,1352,2890.9,5.833225,6.94893,-0.447388,2.23694,-5.816044,1.342164,0,0.894776,-1,-1.4,1.7,-95.8,264.2,263.7,Tripod,Other,,22,5,True,,True,False,,Smart,RC,False,True,False,,,True,,False,False,False,False,False,False,False,False,False,False,0,Follow Yaw,-77.9,0,-103.9,256.1,False,False,False,False,False,,0,0,False,False,No Card,100,100,1024,1336,888,1024,2,False,False,False,False,False,0,False,False,False,False,80,,47.196,,8084,,10044,,47.196,,True,3.935,3.935,3.935,3.935,3.935,3.935,3.935,3.935,3.935,3.935,3.935,3.935,0,,False,False,True,,,,,,,,,,,,,,,False,False,19.786,,96.0,,75.7,,96.0,,1556,81,9,19,7,140861.3,18781.51,,Idle,,20,,10,,,20,Go Home,False,False,False,False,False,False,False,False,False,False,False,False,33.8027920380556,-117.4659261431046,2457.4,2972.0,1049.4,396.9,True,1,1,False,False,False,False,,True,False,False,Course Lock,196.8,67,16.4,93,SE,SW,2.23,11.4,Calm,False,False,Android,7.0.2,M300 RTK,1ZN7L4R0H1D00F,1W9DL31001461C,1ZMLH8300204F0,1Z6PH74DAP0QN7,"Corona, CA",728.3,5.7,137.7,8.547347,2.013246,0,0,DJI Matrice 300 RTK,M300 RTK,1ZN7L4R0H1D00F,1W9DL31001461C,1ZMLH8300204F0,1Z6PH74DAP0QN7,DJI Pilot,Android,7.0.2,1EF72A62-B7C3-C88D-164E-CE6F8C8424AE,1ZN7L4R0H1D00F,1W9DL31001461C,,1ZMLH8300204F0,1W9DL31001461C,,,,,
2023-11-01,11:30:25.83 AM,6m 3.5s,363.5,33.7999705892326,-117.4732900401482,88.5,137.7,14.7,1352,2891.7,5.833225,6.94893,-0.447388,2.23694,-5.816044,1.342164,0,0.894776,-1.1,-1.7,2,-95.7,264.3,265.7,Tripod,Other,,22,5,True,,True,False,,Smart,RC,False,True,False,,,True,,False,False,False,False,False,False,False,False,False,False,0,Follow Yaw,-77.9,0,-103.9,256.1,False,False,False,False,False,,0,0,False,False,No Card,100,100,1024,1327,877,1024,2,False,False,False,False,False,0,False,False,False,False,80,,47.196,,8084,,10044,,47.196,,True,3.935,3.935,3.935,3.935,3.935,3.935,3.935,3.935,3.935,3.935,3.935,3.935,0,,False,False,True,,,,,,,,,,,,,,,False,False,19.786,,96.0,,75.7,,96.0,,1556,81,9,19,7,140861.3,18781.51,,Idle,,20,,10,,,20,Go Home,False,False,False,False,False,False,False,False,False,False,False,False,33.8027920380556,-117.4659261431046,2458.2,2972.0,1049.4,396.9,True,1,1,False,False,False,False,,True,False,False,Course Lock,196.8,67,16.4,93,SE,SW,2.23,11.4,Calm,False,False,Android,7.0.2,M300 RTK,1ZN7L4R0H1D00F,1W9DL31001461C,1ZMLH8300204F0,1Z6PH74DAP0QN7,"Corona, CA",728.3,5.7,137.7,8.547347,2.013246,0,0,DJI Matrice 300 RTK,M300 RTK,1ZN7L4R0H1D00F,1W9DL31001461C,1ZMLH8300204F0,1Z6PH74DAP0QN7,DJI Pilot,Android,7.0.2,1EF72A62-B7C3-C88D-164E-CE6F8C8424AE,1ZN7L4R0H1D00F,1W9DL31001461C,,1ZMLH8300204F0,1W9DL31001461C,,,,,
2023-11-01,11:30:25.93 AM,6m 3.6s,363.6,33.7999703370338,-117.4732928689032,88.2,137.7,14.7,1352,2892.6,5.833225,6.94893,-0.447388,2.23694,-5.816044,1.342164,0,0.894776,-1.5,-1.8,2.3,-95.4,264.6,263.8,Tripod,Other,,22,5,True,,True,False,,Smart,RC,False,True,False,,,True,,False,False,False,False,False,False,False,False,False,False,0,Follow Yaw,-77.9,0,-103.9,256.1,False,False,False,False,False,,0,0,False,False,No Card,100,100,1024,1325,868,1024,2,False,False,False,False,False,0,False,False,False,False,80,,47.196,,8084,,10044,,47.196,,True,3.935,3.935,3.935,3.935,3.935,3.935,3.935,3.935,3.935,3.935,3.935,3.935,0,,False,False,True,,,,,,,,,,,,,,,False,False,19.786,,96.0,,75.7,,96.0,,1556,81,9,19,7,140861.3,18781.51,,Idle,,20,,10,,,20,Go Home,False,False,False,False,False,False,False,False,False,False,False,False,33.8027920380556,-117.4659261431046,2459.0,2972.0,1049.4,396.9,True,1,1,False,False,False,False,,True,False,False,Course Lock,196.8,67,16.4,93,SE,SW,2.23,11.4,Calm,False,False,Android,7.0.2,M300 RTK,1ZN7L4R0H1D00F,1W9DL31001461C,1ZMLH8300204F0,1Z6PH74DAP0QN7,"Corona, CA",728.3,5.7,137.7,8.547347,2.013246,0,0,DJI Matrice 300 RTK,M300 RTK,1ZN7L4R0H1D00F,1W9DL31001461C,1ZMLH8300204F0,1Z6PH74DAP0QN7,DJI Pilot,Android,7.0.2,1EF72A62-B7C3-C88D-164E-CE6F8C8424AE,1ZN7L4R0H1D00F,1W9DL31001461C,,1ZMLH8300204F0,1W9DL31001461C,,,,,
2023-11-01,11:30:26.03 AM,6m 3.7s,363.7,33.7999700645494,-117.4732956115636,88.2,137.7,14.4,1352,2893.4,5.833225,6.94893,-0.447388,2.23694,-5.816044,1.342164,0,0.894776,-1.8,-1.5,2.3,-95.2,264.8,263.1,Tripod,Other,,22,5,True,,True,False,,Smart,RC,False,True,False,,,True,,False,False,False,False,False,False,False,False,False,False,0,Follow Yaw,-77.9,0,-103.9,256.1,False,False,False,False,False,,0,0,False,False,No Card,100,100,1024,1318,857,1024,2,False,False,False,False,False,0,False,False,False,False,80,,47.196,,8084,,10044,,47.196,,True,3.935,3.935,3.935,3.935,3.935,3.935,3.935,3.935,3.935,3.935,3.935,3.935,0,,False,False,True,,,,,,,,,,,,,,,False,False,19.786,,96.0,,75.7,,96.0,,1556,81,9,19,7,140861.3,18781.51,,Idle,,20,,10,,,20,Go Home,False,False,False,False,False,False,False,False,False,False,False,False,33.8027920380556,-117.4659261431046,2459.8,2972.0,1049.4,396.9,True,1,1,False,False,False,False,,True,False,False,Course Lock,196.8,67,16.4,93,SE,SW,2.23,11.4,Calm,False,False,Android,7.0.2,M300 RTK,1ZN7L4R0H1D00F,1W9DL31001461C,1ZMLH8300204F0,1Z6PH74DAP0QN7,"Corona, CA",728.3,5.7,137.7,8.547347,2.013246,0,0,DJI Matrice 300 RTK,M300 RTK,1ZN7L4R0H1D00F,1W9DL31001461C,1ZMLH8300204F0,1Z6PH74DAP0QN7,DJI Pilot,Android,7.0.2,1EF72A62-B7C3-C88D-164E-CE6F8C8424AE,1ZN7L4R0H1D00F,1W9DL31001461C,,1ZMLH8300204F0,1W9DL31001461C,,,,,
2023-11-01,11:30:26.14 AM,6m 3.8s,363.8,33.7999698186555,-117.4732984396588,88.2,137.7,14.4,1352,2894.3,5.833225,6.94893,-0.447388,2.23694,-5.816044,1.342164,0.223694,0.894776,-1.6,-1.2,2,-94.9,265.1,264.0,Tripod,Other,,22,5,True,,True,False,,Smart,RC,False,True,False,,,True,,False,False,False,False,False,False,False,False,False,False,0,Follow Yaw,-77.9,0,-103.9,256.1,False,False,False,False,False,,0,0,False,False,No Card,100,100,1024,1321,863,1024,2,False,False,False,False,False,0,False,False,False,False,80,,47.196,,8084,,10044,,47.196,,True,3.935,3.935,3.935,3.935,3.935,3.935,3.935,3.935,3.935,3.935,3.935,3.935,0,,False,False,True,,,,,,,,,,,,,,,False,False,19.786,,96.0,,75.7,,96.0,,1556,81,9,19,7,140861.3,18781.51,,Idle,,20,,10,,,20,Go Home,False,False,False,False,False,False,False,False,False,False,False,False,33.8027920380556,-117.4659261431046,2460.6,2972.0,1049.4,396.9,True,1,1,False,False,False,False,,True,False,False,Course Lock,196.8,67,16.4,93,SE,SW,2.23,11.4,Calm,False,False,Android,7.0.2,M300 RTK,1ZN7L4R0H1D00F,1W9DL31001461C,1ZMLH8300204F0,1Z6PH74DAP0QN7,"Corona, CA",728.3,5.7,137.7,8.547347,2.013246,0,0,DJI Matrice 300 RTK,M300 RTK,1ZN7L4R0H1D00F,1W9DL31001461C,1ZMLH8300204F0,1Z6PH74DAP0QN7,DJI Pilot,Android,7.0.2,1EF72A62-B7C3-C88D-164E-CE6F8C8424AE,1ZN7L4R0H1D00F,1W9DL31001461C,,1ZMLH8300204F0,1W9DL31001461C,,,,,
2023-11-01,11:30:26.24 AM,6m 3.9s,363.9,33.7999694134926,-117.473301681487,88.2,137.7,14.4,1352,2895.3,5.833225,6.94893,-0.447388,2.23694,-5.816044,1.342164,0.223694,0.894776,-1,-1.1,1.4,-94.8,265.2,261.4,Tripod,Other,,22,5,True,,True,False,,Smart,RC,False,True,False,,,True,,False,False,False,False,False,False,False,False,False,False,0,Follow Yaw,-77.9,0,-103.9,256.1,False,False,False,False,False,,0,0,False,False,No Card,100,100,1024,1325,868,1024,2,False,False,False,False,False,0,False,False,False,False,80,,47.196,,8084,,10044,,47.196,,True,3.935,3.935,3.935,3.935,3.935,3.935,3.935,3.935,3.935,3.935,3.935,3.935,0,,False,False,True,,,,,,,,,,,,,,,False,False,19.786,,96.0,,75.7,,96.0,,1556,81,9,19,7,140861.3,18781.51,,Idle,,20,,10,,,20,Go Home,False,False,False,False,False,False,False,False,False,False,False,False,33.8027920380556,-117.4659261431046,2461.6,2972.0,1049.4,396.9,True,1,1,False,False,False,False,,True,False,False,Course Lock,196.8,67,16.4,93,SE,SW,2.46,11.4,Calm,False,False,Android,7.0.2,M300 RTK,1ZN7L4R0H1D00F,1W9DL31001461C,1ZMLH8300204F0,1Z6PH74DAP0QN7,"Corona, CA",728.3,5.7,137.7,8.547347,2.013246,0,0,DJI Matrice 300 RTK,M300 RTK,1ZN7L4R0H1D00F,1W9DL31001461C,1ZMLH8300204F0,1Z6PH74DAP0QN7,DJI Pilot,Android,7.0.2,1EF72A62-B7C3-C88D-164E-CE6F8C8424AE,1ZN7L4R0H1D00F,1W9DL31001461C,,1ZMLH8300204F0,1W9DL31001461C,,,,,
2023-11-01,11:30:26.35 AM,6m 4.0s,364.0,33.7999692073474,-117.4733044106228,88.2,137.7,14.4,1352,2896.1,5.833225,6.94893,-0.447388,2.23694,-5.816044,1.342164,0.223694,0.894776,-0.7,-1.4,1.5,-94.9,265.1,264.8,Tripod,Other,,22,5,True,,True,False,,Smart,RC,False,True,False,,,True,,False,False,False,False,False,False,False,False,False,False,0,Follow Yaw,-77.9,0,-103.9,256.1,False,False,False,False,False,,0,0,False,False,No Card,100,100,1024,1323,877,1024,2,False,False,False,False,False,0,False,False,False,False,81,,47.076,,4038,,4986,,47.076,,True,3.935,3.935,3.935,3.935,3.935,3.935,3.935,3.935,3.935,3.935,3.935,3.935,0,,False,False,True,,,,,,,,,,,,,,,False,False,9.82,,96.2,,75.7,,96.2,,1556,81,9,19,7,140861.3,18781.51,,Idle,,20,,10,,,20,Go Home,False,False,False,False,False,False,False,False,False,False,False,False,33.8027920380556,-117.4659261431046,2462.3,2972.0,1049.4,396.9,True,1,1,False,False,False,False,,True,False,False,Course Lock,196.8,67,16.4,93,SE,SW,2.46,11.4,Calm,False,False,Android,7.0.2,M300 RTK,1ZN7L4R0H1D00F,1W9DL31001461C,1ZMLH8300204F0,1Z6PH74DAP0QN7,"Corona, CA",728.3,5.7,137.7,8.547347,2.013246,0,0,DJI Matrice 300 RTK,M300 RTK,1ZN7L4R0H1D00F,1W9DL31001461C,1ZMLH8300204F0,1Z6PH74DAP0QN7,DJI Pilot,Android,7.0.2,1EF72A62-B7C3-C88D-164E-CE6F8C8424AE,1ZN7L4R0H1D00F,1W9DL31001461C,,1ZMLH8300204F0,1W9DL31001461C,,,,,
2023-11-01,11:30:26.45 AM,6m 4.1s,364.1,33.7999691001629,-117.4733073668706,88.2,137.7,14.4,1352,2897.0,5.820344,6.94893,-0.223694,2.23694,-5.816044,1.342164,0.223694,0.894776,-0.7,-2,2.1,-95.2,264.8,267.5,Tripod,Other,,22,5,True,,True,False,,Smart,RC,False,True,False,,,True,,False,False,False,False,False,False,False,False,False,False,0,Follow Yaw,-77.9,0,-103.9,256.1,False,False,False,False,False,,0,0,False,False,No Card,100,100,1024,1327,880,1024,2,False,False,False,False,False,0,False,False,False,False,81,,47.076,,4038,,4986,,47.076,,True,3.935,3.935,3.935,3.935,3.935,3.935,3.935,3.935,3.935,3.935,3.935,3.935,0,,False,False,True,,,,,,,,,,,,,,,False,False,9.82,,96.2,,75.7,,96.2,,1556,81,9,19,7,140861.3,18781.51,,Idle,,20,,10,,,20,Go Home,False,False,False,False,False,False,False,False,False,False,False,False,33.8027920380556,-117.4659261431046,2463.2,2972.0,1049.4,396.9,True,1,1,False,False,False,False,,True,False,False,Course Lock,196.8,67,16.4,93,SE,SW,2.46,11.4,Calm,False,False,Android,7.0.2,M300 RTK,1ZN7L4R0H1D00F,1W9DL31001461C,1ZMLH8300204F0,1Z6PH74DAP0QN7,"Corona, CA",728.3,5.7,137.7,8.547347,2.013246,0,0,DJI Matrice 300 RTK,M300 RTK,1ZN7L4R0H1D00F,1W9DL31001461C,1ZMLH8300204F0,1Z6PH74DAP0QN7,DJI Pilot,Android,7.0.2,1EF72A62-B7C3-C88D-164E-CE6F8C8424AE,1ZN7L4R0H1D00F,1W9DL31001461C,,1ZMLH8300204F0,1W9DL31001461C,,,,,
2023-11-01,11:30:26.55 AM,6m 4.2s,364.2,33.7999688910023,-117.4733103992346,88.2,137.7,14.4,1352,2897.9,5.833225,6.94893,-0.447388,2.23694,-5.816044,1.342164,0.223694,0.894776,-1,-2.3,2.5,-95.4,264.6,265.2,Tripod,Other,,22,5,True,,True,False,,Smart,RC,False,True,False,,,True,,False,False,False,False,False,False,False,False,False,False,0,Follow Yaw,-77.9,0,-103.9,256.1,False,False,False,False,False,,0,0,False,False,No Card,100,100,1024,1334,873,1024,2,False,False,False,False,False,0,False,False,False,False,81,,47.076,,4038,,4986,,47.076,,True,3.935,3.935,3.935,3.935,3.935,3.935,3.935,3.935,3.935,3.935,3.935,3.935,0,,False,False,True,,,,,,,,,,,,,,,False,False,9.82,,96.2,,75.7,,96.2,,1556,81,9,19,7,140861.3,18781.51,,Idle,,20,,10,,,20,Go Home,False,False,False,False,False,False,False,False,False,False,False,False,33.8027920380556,-117.4659261431046,2464.0,2972.0,1049.4,396.9,True,1,1,False,False,False,False,,True,False,False,Course Lock,196.8,67,16.4,93,SE,SW,2.46,11.4,Calm,False,False,Android,7.0.2,M300 RTK,1ZN7L4R0H1D00F,1W9DL31001461C,1ZMLH8300204F0,1Z6PH74DAP0QN7,"Corona, CA",728.3,5.7,137.7,8.547347,2.013246,0,0,DJI Matrice 300 RTK,M300 RTK,1ZN7L4R0H1D00F,1W9DL31001461C,1ZMLH8300204F0,1Z6PH74DAP0QN7,DJI Pilot,Android,7.0.2,1EF72A62-B7C3-C88D-164E-CE6F8C8424AE,1ZN7L4R0H1D00F,1W9DL31001461C,,1ZMLH8300204F0,1W9DL31001461C,,,,,
2023-11-01,11:30:26.65 AM,6m 4.3s,364.3,33.7999687029497,-117.4733130063205,88.2,137.7,14.4,1352,2898.7,5.833225,6.94893,-0.447388,2.23694,-5.816044,1.342164,0.223694,0.894776,-0.9,-2.6,2.7,-95.7,264.3,265.0,Tripod,Other,,22,5,True,,True,False,,Smart,RC,False,True,False,,,True,,False,False,False,False,False,False,False,False,False,False,0,Follow Yaw,-77.9,0,-103.9,256.1,False,False,False,False,False,,0,0,False,False,No Card,100,100,1024,1330,866,1024,2,False,False,False,False,False,0,False,False,False,False,81,,47.076,,4038,,4986,,47.076,,True,3.926,3.926,3.926,3.926,3.926,3.926,3.926,3.926,3.926,3.926,3.926,3.926,0,,False,False,True,,,,,,,,,,,,,,,False,False,9.82,,96.2,,75.7,,96.2,,1555,81,8,19,7,141358.0,18847.74,,Idle,,20,,10,,,20,Go Home,False,False,False,False,False,False,False,False,False,False,False,False,33.8027920380556,-117.4659261431046,2464.8,2972.0,1049.4,396.9,True,1,1,False,False,False,False,,True,False,False,Course Lock,196.8,67,16.4,93,SE,SW,2.46,11.4,Calm,False,False,Android,7.0.2,M300 RTK,1ZN7L4R0H1D00F,1W9DL31001461C,1ZMLH8300204F0,1Z6PH74DAP0QN7,"Corona, CA",728.3,5.7,137.7,8.547347,2.013246,0,0,DJI Matrice 300 RTK,M300 RTK,1ZN7L4R0H1D00F,1W9DL31001461C,1ZMLH8300204F0,1Z6PH74DAP0QN7,DJI Pilot,Android,7.0.2,1EF72A62-B7C3-C88D-164E-CE6F8C8424AE,1ZN7L4R0H1D00F,1W9DL31001461C,,1ZMLH8300204F0,1W9DL31001461C,,,,,
2023-11-01,11:30:26.76 AM,6m 4.4s,364.4,33.7999684951598,-117.4733158952758,88.2,137.7,14.4,1352,2899.6,5.833225,6.94893,-0.447388,2.23694,-5.816044,1.342164,0.223694,0.894776,-0.5,-2.8,2.8,-95.9,264.1,265.0,Tripod,Other,,22,5,True,,True,False,,Smart,RC,False,True,False,,,True,,False,False,False,False,False,False,False,False,False,False,0,Follow Yaw,-77.9,0,-103.9,256.1,False,False,False,False,False,,0,0,False,False,No Card,100,100,1024,1323,864,1024,2,False,False,False,False,False,0,False,False,False,False,81,,47.076,,4038,,4986,,47.076,,True,3.926,3.926,3.926,3.926,3.926,3.926,3.926,3.926,3.926,3.926,3.926,3.926,0,,False,False,True,,,,,,,,,,,,,,,False,False,9.82,,96.2,,75.7,,96.2,,1555,81,8,19,7,141358.0,18847.74,,Idle,,20,,10,,,20,Go Home,False,False,False,False,False,False,False,False,False,False,False,False,33.8027920380556,-117.4659261431046,2465.6,2972.0,1049.4,396.9,True,1,1,False,False,False,False,,True,False,False,Course Lock,196.8,67,16.4,93,SE,SW,2.46,11.4,Calm,False,False,Android,7.0.2,M300 RTK,1ZN7L4R0H1D00F,1W9DL31001461C,1ZMLH8300204F0,1Z6PH74DAP0QN7,"Corona, CA",728.3,5.7,137.7,8.547347,2.013246,0,0,DJI Matrice 300 RTK,M300 RTK,1ZN7L4R0H1D00F,1W9DL31001461C,1ZMLH8300204F0,1Z6PH74DAP0QN7,DJI Pilot,Android,7.0.2,1EF72A62-B7C3-C88D-164E-CE6F8C8424AE,1ZN7L4R0H1D00F,1W9DL31001461C,,1ZMLH8300204F0,1W9DL31001461C,,,,,
2023-11-01,11:30:26.86 AM,6m 4.5s,364.5,33.7999682827097,-117.4733188446788,88.2,137.7,14.4,1352,2900.5,5.833225,6.94893,-0.447388,2.23694,-5.816044,1.342164,0.223694,0.894776,-0.3,-2.8,2.8,-95.8,264.2,265.0,Tripod,Other,,22,5,True,,True,False,,Smart,RC,False,True,False,,,True,,False,False,False,False,False,False,False,False,False,False,0,Follow Yaw,-77.9,0,-103.9,256.1,False,False,False,False,False,,0,0,False,False,No Card,100,100,1024,1326,860,1024,2,False,False,False,False,False,0,False,False,False,False,81,,47.076,,4038,,4986,,47.076,,True,3.926,3.926,3.926,3.926,3.926,3.926,3.926,3.926,3.926,3.926,3.926,3.926,0,,False,False,True,,,,,,,,,,,,,,,False,False,9.82,,96.2,,75.7,,96.2,,1555,81,8,19,7,141358.0,18847.74,,Idle,,20,,10,,,20,Go Home,False,False,False,False,False,False,False,False,False,False,False,False,33.8027920380556,-117.4659261431046,2466.5,2972.0,1049.4,396.9,True,1,1,False,False,False,False,,True,False,False,Course Lock,196.8,67,16.4,93,SE,SW,2.46,11.4,Calm,False,False,Android,7.0.2,M300 RTK,1ZN7L4R0H1D00F,1W9DL31001461C,1ZMLH8300204F0,1Z6PH74DAP0QN7,"Corona, CA",728.3,5.7,137.7,8.547347,2.013246,0,0,DJI Matrice 300 RTK,M300 RTK,1ZN7L4R0H1D00F,1W9DL31001461C,1ZMLH8300204F0,1Z6PH74DAP0QN7,DJI Pilot,Android,7.0.2,1EF72A62-B7C3-C88D-164E-CE6F8C8424AE,1ZN7L4R0H1D00F,1W9DL31001461C,,1ZMLH8300204F0,1W9DL31001461C,,,,,
2023-11-01,11:30:26.97 AM,6m 4.6s,364.6,33.7999680645029,-117.473321721759,87.9,137.7,14.7,1352,2901.4,5.833225,6.94893,-0.447388,2.23694,-5.816044,1.342164,0.223694,0.894776,-0.3,-2.4,2.4,-95.7,264.3,264.7,Tripod,Other,,22,5,True,,True,False,,Smart,RC,False,True,False,,,True,,False,False,False,False,False,False,False,False,False,False,0,Follow Yaw,-77.9,0,-103.9,256.1,False,False,False,False,False,,0,0,False,False,No Card,100,100,1024,1325,869,1024,2,False,False,False,False,False,0,False,False,False,False,81,,47.076,,4038,,4986,,47.076,,True,3.926,3.926,3.926,3.926,3.926,3.926,3.926,3.926,3.926,3.926,3.926,3.926,0,,False,False,True,,,,,,,,,,,,,,,False,False,9.82,,96.2,,75.7,,96.2,,1555,81,8,19,7,141358.0,18847.74,,Idle,,20,,10,,,20,Go Home,False,False,False,False,False,False,False,False,False,False,False,False,33.8027920380556,-117.4659261431046,2467.3,2972.0,1049.4,396.9,True,1,1,False,False,False,False,,True,False,False,Course Lock,196.8,67,16.4,93,SE,SW,2.46,11.4,Calm,False,False,Android,7.0.2,M300 RTK,1ZN7L4R0H1D00F,1W9DL31001461C,1ZMLH8300204F0,1Z6PH74DAP0QN7,"Corona, CA",728.3,5.7,137.7,8.547347,2.013246,0,0,DJI Matrice 300 RTK,M300 RTK,1ZN7L4R0H1D00F,1W9DL31001461C,1ZMLH8300204F0,1Z6PH74DAP0QN7,DJI Pilot,Android,7.0.2,1EF72A62-B7C3-C88D-164E-CE6F8C8424AE,1ZN7L4R0H1D00F,1W9DL31001461C,,1ZMLH8300204F0,1W9DL31001461C,,,,,
2023-11-01,11:30:27.07 AM,6m 4.7s,364.7,33.7999679597855,-117.4733245816862,87.9,137.7,14.7,1352,2902.2,5.833225,6.94893,-0.447388,2.23694,-5.816044,1.342164,0.223694,0.894776,-0.5,-2.2,2.2,-95.6,264.4,267.4,Tripod,Other,,22,5,True,,True,False,,Smart,RC,False,True,False,,,True,,False,False,False,False,False,False,False,False,False,False,0,Follow Yaw,-77.9,0,-103.9,256.1,False,False,False,False,False,,0,0,False,False,No Card,100,100,1024,1306,900,1024,2,False,False,False,False,False,0,False,False,False,False,81,,47.076,,4038,,4986,,47.076,,True,3.926,3.926,3.926,3.926,3.926,3.926,3.926,3.926,3.926,3.926,3.926,3.926,0,,False,False,True,,,,,,,,,,,,,,,False,False,9.82,,96.2,,75.7,,96.2,,1555,81,8,19,7,141358.0,18847.74,,Idle,,20,,10,,,20,Go Home,False,False,False,False,False,False,False,False,False,False,False,False,33.8027920380556,-117.4659261431046,2468.1,2972.0,1049.4,396.9,True,1,1,False,False,False,False,,True,False,False,Course Lock,196.8,67,16.4,93,SE,SW,2.46,11.4,Calm,False,False,Android,7.0.2,M300 RTK,1ZN7L4R0H1D00F,1W9DL31001461C,1ZMLH8300204F0,1Z6PH74DAP0QN7,"Corona, CA",728.3,5.7,137.7,8.547347,2.013246,0,0,DJI Matrice 300 RTK,M300 RTK,1ZN7L4R0H1D00F,1W9DL31001461C,1ZMLH8300204F0,1Z6PH74DAP0QN7,DJI Pilot,Android,7.0.2,1EF72A62-B7C3-C88D-164E-CE6F8C8424AE,1ZN7L4R0H1D00F,1W9DL31001461C,,1ZMLH8300204F0,1W9DL31001461C,,,,,
2023-11-01,11:30:27.17 AM,6m 4.8s,364.8,33.7999677415787,-117.4733275930213,87.9,137.7,14.7,1352,2903.2,5.833225,6.94893,-0.447388,2.23694,-5.816044,1.342164,0.223694,0.894776,-0.5,-2.1,2.1,-95.6,264.4,265.0,Tripod,Other,,22,5,True,,True,False,,Smart,RC,False,True,False,,,True,,False,False,False,False,False,False,False,False,False,False,0,Follow Yaw,-77.9,0,-103.9,256.1,False,False,False,False,False,,0,0,False,False,No Card,100,100,1024,1318,900,1024,2,False,False,False,False,False,0,False,False,False,False,81,,47.076,,4038,,4986,,47.076,,True,3.926,3.926,3.926,3.926,3.926,3.926,3.926,3.926,3.926,3.926,3.926,3.926,0,,False,False,True,,,,,,,,,,,,,,,False,False,9.82,,96.2,,75.7,,96.2,,1555,81,8,19,7,141358.0,18847.74,,Idle,,20,,10,,,20,Go Home,False,False,False,False,False,False,False,False,False,False,False,False,33.8027920380556,-117.4659261431046,2469.0,2972.0,1049.4,396.9,True,1,1,False,False,False,False,,True,False,False,Course Lock,196.8,67,16.4,93,SE,SW,2.46,11.4,Calm,False,False,Android,7.0.2,M300 RTK,1ZN7L4R0H1D00F,1W9DL31001461C,1ZMLH8300204F0,1Z6PH74DAP0QN7,"Corona, CA",728.3,5.7,137.7,8.547347,2.013246,0,0,DJI Matrice 300 RTK,M300 RTK,1ZN7L4R0H1D00F,1W9DL31001461C,1ZMLH8300204F0,1Z6PH74DAP0QN7,DJI Pilot,Android,7.0.2,1EF72A62-B7C3-C88D-164E-CE6F8C8424AE,1ZN7L4R0H1D00F,1W9DL31001461C,,1ZMLH8300204F0,1W9DL31001461C,,,,,
2023-11-01,11:30:27.28 AM,6m 4.9s,364.9,33.7999675453022,-117.4733299459464,87.9,137.7,14.7,1352,2903.9,5.833225,6.94893,-0.447388,2.23694,-5.816044,1.342164,0.223694,0.894776,-0.4,-2,2,-95.6,264.4,264.2,Tripod,Other,,22,5,True,,True,False,,Smart,RC,False,True,False,,,True,,False,False,False,False,False,False,False,False,False,False,0,Follow Yaw,-77.9,0,-103.9,256.1,False,False,False,False,False,,0,0,False,False,No Card,100,100,1024,1324,877,1024,2,False,False,False,False,False,0,False,False,False,False,81,,47.076,,4038,,4986,,47.076,,True,3.926,3.926,3.926,3.926,3.926,3.926,3.926,3.926,3.926,3.926,3.926,3.926,0,,False,False,True,,,,,,,,,,,,,,,False,False,9.82,,96.2,,75.7,,96.2,,1555,81,8,19,7,141358.0,18847.74,,Idle,,20,,10,,,20,Go Home,False,False,False,False,False,False,False,False,False,False,False,False,33.8027920380556,-117.4659261431046,2469.6,2972.0,1049.4,396.9,True,1,1,False,False,False,False,,True,False,False,Course Lock,196.8,67,16.4,93,SE,SW,2.46,11.4,Calm,False,False,Android,7.0.2,M300 RTK,1ZN7L4R0H1D00F,1W9DL31001461C,1ZMLH8300204F0,1Z6PH74DAP0QN7,"Corona, CA",728.3,5.7,137.7,8.547347,2.013246,0,0,DJI Matrice 300 RTK,M300 RTK,1ZN7L4R0H1D00F,1W9DL31001461C,1ZMLH8300204F0,1Z6PH74DAP0QN7,DJI Pilot,Android,7.0.2,1EF72A62-B7C3-C88D-164E-CE6F8C8424AE,1ZN7L4R0H1D00F,1W9DL31001461C,,1ZMLH8300204F0,1W9DL31001461C,,,,,
2023-11-01,11:30:27.34 AM,6m 5.0s,365.0,33.7999673443655,-117.4733327738768,87.9,137.7,14.7,1352,2904.7,5.833225,6.94893,-0.447388,2.23694,-5.816044,1.342164,0,0.894776,-0.1,-2,2,-95.6,264.4,265.1,Tripod,Other,,22,5,True,,True,False,,Smart,RC,False,True,False,,,True,,False,False,False,False,False,False,False,False,False,False,0,Follow Yaw,-77.9,0,-103.9,256.1,False,False,False,False,False,,0,0,False,False,No Card,100,100,1024,1317,876,1024,2,False,False,False,False,False,0,False,False,False,False,80,,47.124,,8084,,10044,,47.124,,True,3.926,3.926,3.926,3.926,3.926,3.926,3.926,3.926,3.926,3.926,3.926,3.926,0,,False,False,True,,,,,,,,,,,,,,,False,False,19.264,,96.2,,75.7,,96.2,,1555,81,8,19,7,141358.0,18847.74,,Idle,,20,,10,,,20,Go Home,False,False,False,False,False,False,False,False,False,False,False,False,33.8027920380556,-117.4659261431046,2470.4,2972.0,1049.4,396.9,True,1,1,False,False,False,False,,True,False,False,Course Lock,196.8,67,16.4,93,SE,SW,2.46,11.4,Calm,False,False,Android,7.0.2,M300 RTK,1ZN7L4R0H1D00F,1W9DL31001461C,1ZMLH8300204F0,1Z6PH74DAP0QN7,"Corona, CA",728.3,5.7,137.7,8.547347,2.013246,0,0,DJI Matrice 300 RTK,M300 RTK,1ZN7L4R0H1D00F,1W9DL31001461C,1ZMLH8300204F0,1Z6PH74DAP0QN7,DJI Pilot,Android,7.0.2,1EF72A62-B7C3-C88D-164E-CE6F8C8424AE,1ZN7L4R0H1D00F,1W9DL31001461C,,1ZMLH8300204F0,1W9DL31001461C,,,,,
2023-11-01,11:30:27.44 AM,6m 5.1s,365.1,33.7999671708417,-117.473336007953,87.9,137.7,14.7,1352,2905.7,5.833225,6.94893,-0.447388,2.23694,-5.816044,1.342164,0,0.894776,-0.1,-2.1,2.1,-95.6,264.4,266.3,Tripod,Other,,22,5,True,,True,False,,Smart,RC,False,True,False,,,True,,False,False,False,False,False,False,False,False,False,False,0,Follow Yaw,-77.9,0,-103.9,256.1,False,False,False,False,False,,0,0,False,False,No Card,100,100,1024,1318,873,1024,2,False,False,False,False,False,0,False,False,False,False,80,,47.124,,8084,,10044,,47.124,,True,3.926,3.926,3.926,3.926,3.926,3.926,3.926,3.926,3.926,3.926,3.926,3.926,0,,False,False,True,,,,,,,,,,,,,,,False,False,19.264,,96.2,,75.7,,96.2,,1555,81,8,19,7,141358.0,18847.74,,Idle,,20,,10,,,20,Go Home,False,False,False,False,False,False,False,False,False,False,False,False,33.8027920380556,-117.4659261431046,2471.4,2972.0,1049.4,396.9,True,1,1,False,False,False,False,,True,False,False,Course Lock,196.8,67,16.4,93,SE,SW,2.68,11.4,Calm,False,False,Android,7.0.2,M300 RTK,1ZN7L4R0H1D00F,1W9DL31001461C,1ZMLH8300204F0,1Z6PH74DAP0QN7,"Corona, CA",728.3,5.7,137.7,8.547347,2.013246,0,0,DJI Matrice 300 RTK,M300 RTK,1ZN7L4R0H1D00F,1W9DL31001461C,1ZMLH8300204F0,1Z6PH74DAP0QN7,DJI Pilot,Android,7.0.2,1EF72A62-B7C3-C88D-164E-CE6F8C8424AE,1ZN7L4R0H1D00F,1W9DL31001461C,,1ZMLH8300204F0,1W9DL31001461C,,,,,
2023-11-01,11:30:27.54 AM,6m 5.2s,365.2,33.7999669844339,-117.4733388505624,87.9,137.7,14.7,1352,2906.6,5.820344,6.94893,-0.223694,2.23694,-5.816044,1.342164,0,0.894776,-0.2,-2,2,-95.6,264.4,265.4,Tripod,Other,,22,5,True,,True,False,,Smart,RC,False,True,False,,,True,,False,False,False,False,False,False,False,False,False,False,0,Follow Yaw,-77.9,0,-103.9,256.1,False,False,False,False,False,,0,0,False,False,No Card,100,100,1024,1311,886,1024,2,False,False,False,False,False,0,False,False,False,False,80,,47.124,,8084,,10044,,47.124,,True,3.926,3.926,3.926,3.926,3.926,3.926,3.926,3.926,3.926,3.926,3.926,3.926,0,,False,False,True,,,,,,,,,,,,,,,False,False,19.264,,96.2,,75.7,,96.2,,1555,81,8,19,7,141358.0,18847.74,,Idle,,20,,10,,,20,Go Home,False,False,False,False,False,False,False,False,False,False,False,False,33.8027920380556,-117.4659261431046,2472.2,2972.0,1049.4,396.9,True,1,1,False,False,False,False,,True,False,False,Course Lock,196.8,67,16.4,93,SE,SW,2.68,11.4,Calm,False,False,Android,7.0.2,M300 RTK,1ZN7L4R0H1D00F,1W9DL31001461C,1ZMLH8300204F0,1Z6PH74DAP0QN7,"Corona, CA",728.3,5.7,137.7,8.547347,2.013246,0,0,DJI Matrice 300 RTK,M300 RTK,1ZN7L4R0H1D00F,1W9DL31001461C,1ZMLH8300204F0,1Z6PH74DAP0QN7,DJI Pilot,Android,7.0.2,1EF72A62-B7C3-C88D-164E-CE6F8C8424AE,1ZN7L4R0H1D00F,1W9DL31001461C,,1ZMLH8300204F0,1W9DL31001461C,,,,,
2023-11-01,11:30:27.64 AM,6m 5.3s,365.3,33.7999666870037,-117.4733416436095,87.9,137.7,14.4,1352,2907.4,5.820344,6.94893,-0.223694,2.23694,-5.816044,1.342164,0,0.894776,-0.3,-2.2,2.2,-95.6,264.4,262.6,Tripod,Other,,22,5,True,,True,False,,Smart,RC,False,True,False,,,True,,False,False,False,False,False,False,False,False,False,False,0,Follow Yaw,-77.9,0,-103.9,256.1,False,False,False,False,False,,0,0,False,False,No Card,100,100,1024,1302,896,1024,2,False,False,False,False,False,0,False,False,False,False,80,,47.124,,8084,,10044,,47.124,,True,3.923,3.923,3.923,3.923,3.923,3.923,3.923,3.923,3.923,3.923,3.923,3.923,0,,False,False,True,,,,,,,,,,,,,,,False,False,19.264,,96.2,,75.7,,96.2,,1553,81,8,19,7,142162.0,18954.94,,Idle,,20,,10,,,20,Go Home,False,False,False,False,False,False,False,False,False,False,False,False,33.8027920380556,-117.4659261431046,2473.0,2972.0,1049.4,396.9,True,1,1,False,False,False,False,,True,False,False,Course Lock,196.8,67,16.4,93,SE,SW,2.68,11.4,Calm,False,False,Android,7.0.2,M300 RTK,1ZN7L4R0H1D00F,1W9DL31001461C,1ZMLH8300204F0,1Z6PH74DAP0QN7,"Corona, CA",728.3,5.7,137.7,8.547347,2.013246,0,0,DJI Matrice 300 RTK,M300 RTK,1ZN7L4R0H1D00F,1W9DL31001461C,1ZMLH8300204F0,1Z6PH74DAP0QN7,DJI Pilot,Android,7.0.2,1EF72A62-B7C3-C88D-164E-CE6F8C8424AE,1ZN7L4R0H1D00F,1W9DL31001461C,,1ZMLH8300204F0,1W9DL31001461C,,,,,
2023-11-01,11:30:27.74 AM,6m 5.4s,365.4,33.7999665090939,-117.4733444792917,87.9,137.7,14.7,1352,2908.3,5.820344,6.94893,-0.223694,2.23694,-5.816044,1.342164,0,0.894776,-0.4,-2.5,2.5,-95.6,264.4,265.6,Tripod,Other,,22,5,True,,True,False,,Smart,RC,False,True,False,,,True,,False,False,False,False,False,False,False,False,False,False,0,Follow Yaw,-77.9,0,-103.9,256.1,False,False,False,False,False,,0,0,False,False,No Card,100,100,1024,1300,901,1024,2,False,False,False,False,False,0,False,False,False,False,80,,47.124,,8084,,10044,,47.124,,True,3.923,3.923,3.923,3.923,3.923,3.923,3.923,3.923,3.923,3.923,3.923,3.923,0,,False,False,True,,,,,,,,,,,,,,,False,False,19.264,,96.2,,75.7,,96.2,,1553,81,8,19,7,142162.0,18954.94,,Idle,,20,,10,,,20,Go Home,False,False,False,False,False,False,False,False,False,False,False,False,33.8027920380556,-117.4659261431046,2473.8,2972.0,1049.4,396.9,True,1,1,False,False,False,False,,True,False,False,Course Lock,196.8,67,16.4,93,SE,SW,2.68,11.4,Calm,False,False,Android,7.0.2,M300 RTK,1ZN7L4R0H1D00F,1W9DL31001461C,1ZMLH8300204F0,1Z6PH74DAP0QN7,"Corona, CA",728.3,5.7,137.7,8.547347,2.013246,0,0,DJI Matrice 300 RTK,M300 RTK,1ZN7L4R0H1D00F,1W9DL31001461C,1ZMLH8300204F0,1Z6PH74DAP0QN7,DJI Pilot,Android,7.0.2,1EF72A62-B7C3-C88D-164E-CE6F8C8424AE,1ZN7L4R0H1D00F,1W9DL31001461C,,1ZMLH8300204F0,1W9DL31001461C,,,,,
2023-11-01,11:30:27.84 AM,6m 5.5s,365.5,33.7999663462612,-117.4733474615987,87.9,137.7,14.7,1352,2909.2,5.820344,6.94893,-0.223694,2.23694,-5.816044,1.342164,0,0.894776,-0.2,-2.8,2.8,-95.6,264.4,266.2,Tripod,Other,,22,5,True,,True,False,,Smart,RC,False,True,False,,,True,,False,False,False,False,False,False,False,False,False,False,0,Follow Yaw,-77.9,0,-103.9,256.1,False,False,False,False,False,,0,0,False,False,No Card,100,100,1024,1314,891,1024,2,False,False,False,False,False,0,False,False,False,False,80,,47.124,,8084,,10044,,47.124,,True,3.923,3.923,3.923,3.923,3.923,3.923,3.923,3.923,3.923,3.923,3.923,3.923,0,,False,False,True,,,,,,,,,,,,,,,False,False,19.264,,96.2,,75.7,,96.2,,1553,81,8,19,7,142162.0,18954.94,,Idle,,20,,10,,,20,Go Home,False,False,False,False,False,False,False,False,False,False,False,False,33.8027920380556,-117.4659261431046,2474.6,2972.0,1049.4,396.9,True,1,1,False,False,False,False,,True,False,False,Course Lock,196.8,67,16.4,93,SE,SW,2.68,11.4,Calm,False,False,Android,7.0.2,M300 RTK,1ZN7L4R0H1D00F,1W9DL31001461C,1ZMLH8300204F0,1Z6PH74DAP0QN7,"Corona, CA",728.3,5.7,137.7,8.547347,2.013246,0,0,DJI Matrice 300 RTK,M300 RTK,1ZN7L4R0H1D00F,1W9DL31001461C,1ZMLH8300204F0,1Z6PH74DAP0QN7,DJI Pilot,Android,7.0.2,1EF72A62-B7C3-C88D-164E-CE6F8C8424AE,1ZN7L4R0H1D00F,1W9DL31001461C,,1ZMLH8300204F0,1W9DL31001461C,,,,,
2023-11-01,11:30:27.94 AM,6m 5.6s,365.6,33.7999661708185,-117.4733503115475,87.9,137.7,14.7,1352,2910.1,5.820344,6.94893,-0.223694,2.23694,-5.816044,1.342164,0,0.894776,0,-2.9,2.9,-95.6,264.4,265.7,Tripod,Other,,22,5,True,,True,False,,Smart,RC,False,True,False,,,True,,False,False,False,False,False,False,False,False,False,False,0,Follow Yaw,-77.9,0,-103.9,256.1,False,False,False,False,False,,0,0,False,False,No Card,100,100,1024,1321,876,1024,2,False,False,False,False,False,0,False,False,False,False,80,,47.124,,8084,,10044,,47.124,,True,3.923,3.923,3.923,3.923,3.923,3.923,3.923,3.923,3.923,3.923,3.923,3.923,0,,False,False,True,,,,,,,,,,,,,,,False,False,19.264,,96.2,,75.7,,96.2,,1553,81,8,19,7,142162.0,18954.94,,Idle,,20,,10,,,20,Go Home,False,False,False,False,False,False,False,False,False,False,False,False,33.8027920380556,-117.4659261431046,2475.5,2972.0,1049.4,396.9,True,1,1,False,False,False,False,,True,False,False,Course Lock,196.8,67,16.4,93,SE,SW,2.68,11.4,Calm,False,False,Android,7.0.2,M300 RTK,1ZN7L4R0H1D00F,1W9DL31001461C,1ZMLH8300204F0,1Z6PH74DAP0QN7,"Corona, CA",728.3,5.7,137.7,8.547347,2.013246,0,0,DJI Matrice 300 RTK,M300 RTK,1ZN7L4R0H1D00F,1W9DL31001461C,1ZMLH8300204F0,1Z6PH74DAP0QN7,DJI Pilot,Android,7.0.2,1EF72A62-B7C3-C88D-164E-CE6F8C8424AE,1ZN7L4R0H1D00F,1W9DL31001461C,,1ZMLH8300204F0,1W9DL31001461C,,,,,
2023-11-01,11:30:28.04 AM,6m 5.7s,365.7,33.7999661242165,-117.4733529980483,87.5,137.7,14.7,1351,2910.9,5.820344,6.94893,-0.223694,2.23694,-5.816044,1.342164,0,0.894776,0.3,-2.8,2.8,-95.7,264.3,268.8,Tripod,Other,,22,5,True,,True,False,,Smart,RC,False,True,False,,,True,,False,False,False,False,False,False,False,False,False,False,0,Follow Yaw,-77.9,0,-103.9,256.1,False,False,False,False,False,,0,0,False,False,No Card,100,100,1024,1322,837,1024,2,False,False,False,False,False,0,False,False,False,False,81,,47.136,,4038,,4986,,47.136,,True,3.923,3.923,3.923,3.923,3.923,3.923,3.923,3.923,3.923,3.923,3.923,3.923,0,,False,False,True,,,,,,,,,,,,,,,False,False,9.796,,96.2,,75.7,,96.2,,1553,81,8,19,7,142162.0,18954.94,,Idle,,20,,10,,,20,Go Home,False,False,False,False,False,False,False,False,False,False,False,False,33.8027920380556,-117.4659261431046,2476.2,2972.0,1049.4,396.9,True,1,1,False,False,False,False,,True,False,False,Course Lock,196.8,67,16.4,93,SE,SW,2.68,11.4,Calm,False,False,Android,7.0.2,M300 RTK,1ZN7L4R0H1D00F,1W9DL31001461C,1ZMLH8300204F0,1Z6PH74DAP0QN7,"Corona, CA",728.3,5.7,137.7,8.547347,2.013246,0,0,DJI Matrice 300 RTK,M300 RTK,1ZN7L4R0H1D00F,1W9DL31001461C,1ZMLH8300204F0,1Z6PH74DAP0QN7,DJI Pilot,Android,7.0.2,1EF72A62-B7C3-C88D-164E-CE6F8C8424AE,1ZN7L4R0H1D00F,1W9DL31001461C,,1ZMLH8300204F0,1W9DL31001461C,,,,,
2023-11-01,11:30:28.14 AM,6m 5.8s,365.8,33.799965959739,-117.4733558132788,87.5,137.7,14.7,1351,2911.7,5.596822,6.94893,-0.223694,2.23694,-5.59235,1.342164,0,0.894776,0.4,-2.8,2.8,-95.7,264.3,265.9,Tripod,Other,,22,5,True,,True,False,,Smart,RC,False,True,False,,,True,,False,False,False,False,False,False,False,False,False,False,0,Follow Yaw,-77.9,0,-103.9,256.1,False,False,False,False,False,,0,0,False,False,No Card,100,100,1024,1320,850,908,2,False,False,False,False,False,0,False,False,False,False,81,,47.136,,4038,,4986,,47.136,,True,3.923,3.923,3.923,3.923,3.923,3.923,3.923,3.923,3.923,3.923,3.923,3.923,0,,False,False,True,,,,,,,,,,,,,,,False,False,9.796,,96.2,,75.7,,96.2,,1553,81,8,19,7,142162.0,18954.94,,Idle,,20,,10,,,20,Go Home,False,False,False,False,False,False,False,False,False,False,False,False,33.8027920380556,-117.4659261431046,2477.0,2972.0,1049.4,396.9,True,1,1,False,False,False,False,,True,False,False,Course Lock,196.8,67,16.4,93,SE,SW,2.68,11.4,Calm,False,False,Android,7.0.2,M300 RTK,1ZN7L4R0H1D00F,1W9DL31001461C,1ZMLH8300204F0,1Z6PH74DAP0QN7,"Corona, CA",728.3,5.7,137.7,8.547347,2.013246,0,0,DJI Matrice 300 RTK,M300 RTK,1ZN7L4R0H1D00F,1W9DL31001461C,1ZMLH8300204F0,1Z6PH74DAP0QN7,DJI Pilot,Android,7.0.2,1EF72A62-B7C3-C88D-164E-CE6F8C8424AE,1ZN7L4R0H1D00F,1W9DL31001461C,,1ZMLH8300204F0,1W9DL31001461C,,,,,
2023-11-01,11:30:28.21 AM,6m 5.9s,365.9,33.7999656801272,-117.4733586525895,87.5,137.7,14.7,1351,2912.6,5.596822,6.94893,-0.223694,2.23694,-5.59235,1.342164,0.223694,0.894776,0.1,-2.9,2.9,-95.8,264.2,263.2,Tripod,Other,,22,5,True,,True,False,,Smart,RC,False,True,False,,,True,,False,False,False,False,False,False,False,False,False,False,0,Follow Yaw,-77.9,0,-103.9,256.1,False,False,False,False,False,,0,0,False,False,No Card,100,100,1024,1320,870,898,2,False,False,False,False,False,0,False,False,False,False,81,,47.136,,4038,,4986,,47.136,,True,3.923,3.923,3.923,3.923,3.923,3.923,3.923,3.923,3.923,3.923,3.923,3.923,0,,False,False,True,,,,,,,,,,,,,,,False,False,9.796,,96.2,,75.7,,96.2,,1553,81,8,19,7,142162.0,18954.94,,Idle,,20,,10,,,20,Go Home,False,False,False,False,False,False,False,False,False,False,False,False,33.8027920380556,-117.4659261431046,2477.8,2972.0,1049.4,396.9,True,1,1,False,False,False,False,,True,False,False,Course Lock,196.8,67,16.4,93,SE,SW,2.68,11.4,Calm,False,False,Android,7.0.2,M300 RTK,1ZN7L4R0H1D00F,1W9DL31001461C,1ZMLH8300204F0,1Z6PH74DAP0QN7,"Corona, CA",728.3,5.7,137.7,8.547347,2.013246,0,0,DJI Matrice 300 RTK,M300 RTK,1ZN7L4R0H1D00F,1W9DL31001461C,1ZMLH8300204F0,1Z6PH74DAP0QN7,DJI Pilot,Android,7.0.2,1EF72A62-B7C3-C88D-164E-CE6F8C8424AE,1ZN7L4R0H1D00F,1W9DL31001461C,,1ZMLH8300204F0,1W9DL31001461C,,,,,
2023-11-01,11:30:28.32 AM,6m 6.0s,366.0,33.7999655027657,-117.4733614440698,87.5,137.7,14.7,1351,2913.5,5.596822,6.94893,-0.223694,2.23694,-5.59235,1.342164,0.223694,0.894776,0,-3.2,3.2,-95.9,264.1,265.6,Tripod,Other,,21,5,True,,True,False,,Smart,RC,False,True,False,,,True,,False,False,False,False,False,False,False,False,False,False,0,Follow Yaw,-77.9,0,-104.1,255.9,False,False,False,False,False,,0,0,False,False,No Card,100,100,1024,1316,862,910,2,False,False,False,False,False,0,False,False,False,False,80,,47.148,,8084,,10044,,47.148,,True,3.923,3.923,3.923,3.923,3.923,3.923,3.923,3.923,3.923,3.923,3.923,3.923,0,,False,False,True,,,,,,,,,,,,,,,False,False,19.764,,96.2,,75.7,,96.2,,1553,81,8,19,7,142162.0,18954.94,,Idle,,20,,10,,,20,Go Home,False,False,False,False,False,False,False,False,False,False,False,False,33.8027920380556,-117.4659261431046,2478.6,2972.0,1049.4,396.9,True,1,1,False,False,False,False,,True,False,False,Course Lock,196.8,67,16.4,93,SE,SW,2.9,11.4,Calm,False,False,Android,7.0.2,M300 RTK,1ZN7L4R0H1D00F,1W9DL31001461C,1ZMLH8300204F0,1Z6PH74DAP0QN7,"Corona, CA",728.3,5.7,137.7,8.547347,2.013246,0,0,DJI Matrice 300 RTK,M300 RTK,1ZN7L4R0H1D00F,1W9DL31001461C,1ZMLH8300204F0,1Z6PH74DAP0QN7,DJI Pilot,Android,7.0.2,1EF72A62-B7C3-C88D-164E-CE6F8C8424AE,1ZN7L4R0H1D00F,1W9DL31001461C,,1ZMLH8300204F0,1W9DL31001461C,,,,,
2023-11-01,11:30:28.42 AM,6m 6.1s,366.1,33.7999653884538,-117.4733645638479,87.5,137.7,14.7,1351,2914.4,5.596822,6.94893,-0.223694,2.23694,-5.59235,1.342164,0.223694,0.894776,-0.1,-3.5,3.5,-96,264,267.4,Tripod,Other,,21,5,True,,True,False,,Smart,RC,False,True,False,,,True,,False,False,False,False,False,False,False,False,False,False,0,Follow Yaw,-77.9,0,-104.3,255.7,False,False,False,False,False,,0,0,False,False,No Card,100,100,1024,1308,850,929,2,False,False,False,False,False,0,False,False,False,False,80,,47.148,,8084,,10044,,47.148,,True,3.923,3.923,3.923,3.923,3.923,3.923,3.923,3.923,3.923,3.923,3.923,3.923,0,,False,False,True,,,,,,,,,,,,,,,False,False,19.764,,96.2,,75.7,,96.2,,1553,81,8,19,7,142162.0,18954.94,,Idle,,20,,10,,,20,Go Home,False,False,False,False,False,False,False,False,False,False,False,False,33.8027920380556,-117.4659261431046,2479.5,2972.0,1049.4,396.9,True,1,1,False,False,False,False,,True,False,False,Course Lock,196.8,67,16.4,93,SE,SW,2.9,11.4,Calm,False,False,Android,7.0.2,M300 RTK,1ZN7L4R0H1D00F,1W9DL31001461C,1ZMLH8300204F0,1Z6PH74DAP0QN7,"Corona, CA",728.3,5.7,137.7,8.547347,2.013246,0,0,DJI Matrice 300 RTK,M300 RTK,1ZN7L4R0H1D00F,1W9DL31001461C,1ZMLH8300204F0,1Z6PH74DAP0QN7,DJI Pilot,Android,7.0.2,1EF72A62-B7C3-C88D-164E-CE6F8C8424AE,1ZN7L4R0H1D00F,1W9DL31001461C,,1ZMLH8300204F0,1W9DL31001461C,,,,,
2023-11-01,11:30:28.52 AM,6m 6.2s,366.2,33.7999651883395,-117.473367358297,87.5,137.7,14.7,1351,2915.2,5.610216,6.94893,-0.447388,2.23694,-5.59235,1.342164,0.223694,0.894776,0,-3.4,3.4,-96.1,263.9,265.0,Tripod,Other,,21,5,True,,True,False,,Smart,RC,False,True,False,,,True,,False,False,False,False,False,False,False,False,False,False,0,Follow Yaw,-77.9,0,-104.5,255.5,False,False,False,False,False,,0,0,False,False,No Card,100,100,1024,1312,845,931,2,False,False,False,False,False,0,False,False,False,False,80,,47.148,,8084,,10044,,47.148,,True,3.923,3.923,3.923,3.923,3.923,3.923,3.923,3.923,3.923,3.923,3.923,3.923,0,,False,False,True,,,,,,,,,,,,,,,False,False,19.764,,96.2,,75.7,,96.2,,1553,81,8,19,7,142162.0,18954.94,,Idle,,20,,10,,,20,Go Home,False,False,False,False,False,False,False,False,False,False,False,False,33.8027920380556,-117.4659261431046,2480.3,2972.0,1049.4,396.9,True,1,1,False,False,False,False,,True,False,False,Course Lock,196.8,67,16.4,93,SE,SW,2.9,11.4,Calm,False,False,Android,7.0.2,M300 RTK,1ZN7L4R0H1D00F,1W9DL31001461C,1ZMLH8300204F0,1Z6PH74DAP0QN7,"Corona, CA",728.3,5.7,137.7,8.547347,2.013246,0,0,DJI Matrice 300 RTK,M300 RTK,1ZN7L4R0H1D00F,1W9DL31001461C,1ZMLH8300204F0,1Z6PH74DAP0QN7,DJI Pilot,Android,7.0.2,1EF72A62-B7C3-C88D-164E-CE6F8C8424AE,1ZN7L4R0H1D00F,1W9DL31001461C,,1ZMLH8300204F0,1W9DL31001461C,,,,,
2023-11-01,11:30:28.64 AM,6m 6.3s,366.3,33.7999650268774,-117.4733698998222,87.5,137.7,14.4,1351,2916.0,5.610216,6.94893,-0.447388,2.23694,-5.59235,1.342164,0.223694,0.894776,0,-3.1,3.1,-96.3,263.7,265.6,Tripod,Other,,21,5,True,,True,False,,Smart,RC,False,True,False,,,True,,False,False,False,False,False,False,False,False,False,False,0,Follow Yaw,-77.9,0,-104.7,255.3,False,False,False,False,False,,0,0,False,False,No Card,100,100,1024,1325,730,928,2,False,False,False,False,False,0,False,False,False,False,80,,47.148,,8084,,10044,,47.148,,True,3.926,3.926,3.926,3.926,3.926,3.926,3.926,3.926,3.926,3.926,3.926,3.926,0,,False,False,True,,,,,,,,,,,,,,,False,False,19.764,,96.2,,75.7,,96.2,,1551,81,8,19,7,143017.2,19068.96,,Idle,,20,,10,,,20,Go Home,False,False,False,False,False,False,False,False,False,False,False,False,33.8027920380556,-117.4659261431046,2481.0,2972.0,1049.4,396.9,True,1,1,False,False,False,False,,True,False,False,Course Lock,196.8,67,16.4,93,SE,SW,2.9,11.4,Calm,False,False,Android,7.0.2,M300 RTK,1ZN7L4R0H1D00F,1W9DL31001461C,1ZMLH8300204F0,1Z6PH74DAP0QN7,"Corona, CA",728.3,5.7,137.7,8.547347,2.013246,0,0,DJI Matrice 300 RTK,M300 RTK,1ZN7L4R0H1D00F,1W9DL31001461C,1ZMLH8300204F0,1Z6PH74DAP0QN7,DJI Pilot,Android,7.0.2,1EF72A62-B7C3-C88D-164E-CE6F8C8424AE,1ZN7L4R0H1D00F,1W9DL31001461C,,1ZMLH8300204F0,1W9DL31001461C,,,,,
2023-11-01,11:30:28.73 AM,6m 6.4s,366.4,33.7999648056552,-117.4733726679646,87.5,137.7,14.4,1351,2916.9,5.610216,6.94893,-0.447388,2.23694,-5.59235,1.342164,0.223694,0.894776,0.1,-3,3,-96.4,263.6,264.5,Tripod,Other,,21,5,True,,True,False,,Smart,RC,False,True,False,,,True,,False,False,False,False,False,False,False,False,False,False,0,Follow Yaw,-77.9,0,-104.8,255.2,False,False,False,False,False,,0,0,False,False,No Card,100,100,1024,1328,733,934,2,False,False,False,False,False,0,False,False,False,False,80,,47.148,,8084,,10044,,47.148,,True,3.926,3.926,3.926,3.926,3.926,3.926,3.926,3.926,3.926,3.926,3.926,3.926,0,,False,False,True,,,,,,,,,,,,,,,False,False,19.764,,96.2,,75.7,,96.2,,1551,81,8,19,7,143017.2,19068.96,,Idle,,20,,10,,,20,Go Home,False,False,False,False,False,False,False,False,False,False,False,False,33.8027920380556,-117.4659261431046,2481.8,2972.0,1049.4,396.9,True,1,1,False,False,False,False,,True,False,False,Course Lock,196.8,67,16.4,93,SE,SW,2.9,11.4,Calm,False,False,Android,7.0.2,M300 RTK,1ZN7L4R0H1D00F,1W9DL31001461C,1ZMLH8300204F0,1Z6PH74DAP0QN7,"Corona, CA",728.3,5.7,137.7,8.547347,2.013246,0,0,DJI Matrice 300 RTK,M300 RTK,1ZN7L4R0H1D00F,1W9DL31001461C,1ZMLH8300204F0,1Z6PH74DAP0QN7,DJI Pilot,Android,7.0.2,1EF72A62-B7C3-C88D-164E-CE6F8C8424AE,1ZN7L4R0H1D00F,1W9DL31001461C,,1ZMLH8300204F0,1W9DL31001461C,,,,,
2023-11-01,11:30:28.84 AM,6m 6.5s,366.5,33.7999646455637,-117.4733754210981,87.2,137.7,14.4,1351,2917.7,5.610216,6.94893,-0.447388,2.23694,-5.59235,1.342164,0.223694,0.894776,0,-2.9,2.9,-96.6,263.4,265.9,Tripod,Other,,21,5,True,,True,False,,Smart,RC,False,True,False,,,True,,False,False,False,False,False,False,False,False,False,False,0,Follow Yaw,-77.9,0,-105,255,False,False,False,False,False,,0,0,False,False,No Card,100,100,1024,1321,813,968,2,False,False,False,False,False,0,False,False,False,False,80,,47.148,,8084,,10044,,47.148,,True,3.926,3.926,3.926,3.926,3.926,3.926,3.926,3.926,3.926,3.926,3.926,3.926,0,,False,False,True,,,,,,,,,,,,,,,False,False,19.764,,96.2,,75.7,,96.2,,1551,81,8,19,7,143017.2,19068.96,,Idle,,20,,10,,,20,Go Home,False,False,False,False,False,False,False,False,False,False,False,False,33.8027920380556,-117.4659261431046,2482.6,2972.0,1049.4,396.9,True,1,1,False,False,False,False,,True,False,False,Course Lock,196.8,67,16.4,93,SE,SW,2.9,11.4,Calm,False,False,Android,7.0.2,M300 RTK,1ZN7L4R0H1D00F,1W9DL31001461C,1ZMLH8300204F0,1Z6PH74DAP0QN7,"Corona, CA",728.3,5.7,137.7,8.547347,2.013246,0,0,DJI Matrice 300 RTK,M300 RTK,1ZN7L4R0H1D00F,1W9DL31001461C,1ZMLH8300204F0,1Z6PH74DAP0QN7,DJI Pilot,Android,7.0.2,1EF72A62-B7C3-C88D-164E-CE6F8C8424AE,1ZN7L4R0H1D00F,1W9DL31001461C,,1ZMLH8300204F0,1W9DL31001461C,,,,,
2023-11-01,11:30:28.93 AM,6m 6.6s,366.6,33.7999644133763,-117.4733781709329,87.2,137.7,14.4,1351,2918.5,5.610216,6.94893,-0.447388,2.23694,-5.59235,1.342164,0.447388,0.894776,0,-2.9,2.9,-96.8,263.2,264.1,Tripod,Other,,21,5,True,,True,False,,Smart,RC,False,True,False,,,True,,False,False,False,False,False,False,False,False,False,False,0,Follow Yaw,-77.9,0,-105.1,254.9,False,False,False,False,False,,0,0,False,False,No Card,100,100,1024,1318,818,969,2,False,False,False,False,False,0,False,False,False,False,80,,47.148,,8084,,10044,,47.148,,True,3.926,3.926,3.926,3.926,3.926,3.926,3.926,3.926,3.926,3.926,3.926,3.926,0,,False,False,True,,,,,,,,,,,,,,,False,False,19.764,,96.2,,75.7,,96.2,,1551,81,8,19,7,143017.2,19068.96,,Idle,,20,,10,,,20,Go Home,False,False,False,False,False,False,False,False,False,False,False,False,33.8027920380556,-117.4659261431046,2483.4,2972.0,1049.4,396.9,True,1,1,False,False,False,False,,True,False,False,Course Lock,196.8,67,16.4,93,SE,SW,2.9,11.4,Calm,False,False,Android,7.0.2,M300 RTK,1ZN7L4R0H1D00F,1W9DL31001461C,1ZMLH8300204F0,1Z6PH74DAP0QN7,"Corona, CA",728.3,5.7,137.7,8.547347,2.013246,0,0,DJI Matrice 300 RTK,M300 RTK,1ZN7L4R0H1D00F,1W9DL31001461C,1ZMLH8300204F0,1Z6PH74DAP0QN7,DJI Pilot,Android,7.0.2,1EF72A62-B7C3-C88D-164E-CE6F8C8424AE,1ZN7L4R0H1D00F,1W9DL31001461C,,1ZMLH8300204F0,1W9DL31001461C,,,,,
2023-11-01,11:30:29.03 AM,6m 6.7s,366.7,33.7999641310232,-117.473380941137,87.2,137.7,14.4,1351,2919.4,5.610216,6.94893,-0.447388,2.23694,-5.59235,1.342164,0.447388,0.894776,-0.1,-2.8,2.8,-96.9,263.1,263.0,Tripod,Other,,21,5,True,,True,False,,Smart,RC,False,True,False,,,True,,False,False,False,False,False,False,False,False,False,False,0,Follow Yaw,-77.9,0,-105.2,254.8,False,False,False,False,False,,0,0,False,False,No Card,100,100,1024,1314,806,947,2,False,False,False,False,False,0,False,False,False,False,80,,47.148,,8084,,10044,,47.148,,True,3.926,3.926,3.926,3.926,3.926,3.926,3.926,3.926,3.926,3.926,3.926,3.926,0,,False,False,True,,,,,,,,,,,,,,,False,False,19.764,,96.2,,75.7,,96.2,,1551,81,8,19,7,143017.2,19068.96,,Idle,,20,,10,,,20,Go Home,False,False,False,False,False,False,False,False,False,False,False,False,33.8027920380556,-117.4659261431046,2484.2,2972.0,1049.4,396.9,True,1,1,False,False,False,False,,True,False,False,Course Lock,196.8,67,16.4,93,SE,SW,2.9,11.4,Calm,False,False,Android,7.0.2,M300 RTK,1ZN7L4R0H1D00F,1W9DL31001461C,1ZMLH8300204F0,1Z6PH74DAP0QN7,"Corona, CA",728.3,5.7,137.7,8.547347,2.013246,0,0,DJI Matrice 300 RTK,M300 RTK,1ZN7L4R0H1D00F,1W9DL31001461C,1ZMLH8300204F0,1Z6PH74DAP0QN7,DJI Pilot,Android,7.0.2,1EF72A62-B7C3-C88D-164E-CE6F8C8424AE,1ZN7L4R0H1D00F,1W9DL31001461C,,1ZMLH8300204F0,1W9DL31001461C,,,,,
2023-11-01,11:30:29.14 AM,6m 6.8s,366.8,33.7999638736159,-117.4733836817356,87.2,137.7,14.4,1351,2920.2,5.610216,6.94893,-0.447388,2.23694,-5.59235,1.342164,0.447388,0.894776,-0.1,-2.6,2.6,-97,263,263.5,Tripod,Other,,21,5,True,,True,False,,Smart,RC,False,True,False,,,True,,False,False,False,False,False,False,False,False,False,False,0,Follow Yaw,-77.9,0,-105.3,254.7,False,False,False,False,False,,0,0,False,False,No Card,100,100,1024,1321,803,940,2,False,False,False,False,False,0,False,False,False,False,80,,47.148,,8084,,10044,,47.148,,True,3.926,3.926,3.926,3.926,3.926,3.926,3.926,3.926,3.926,3.926,3.926,3.926,0,,False,False,True,,,,,,,,,,,,,,,False,False,19.764,,96.2,,75.7,,96.2,,1551,81,8,19,7,143017.2,19068.96,,Idle,,20,,10,,,20,Go Home,False,False,False,False,False,False,False,False,False,False,False,False,33.8027920380556,-117.4659261431046,2485.0,2972.0,1049.4,396.9,True,1,1,False,False,False,False,,True,False,False,Course Lock,196.8,67,16.4,93,SE,SW,2.9,11.4,Calm,False,False,Android,7.0.2,M300 RTK,1ZN7L4R0H1D00F,1W9DL31001461C,1ZMLH8300204F0,1Z6PH74DAP0QN7,"Corona, CA",728.3,5.7,137.7,8.547347,2.013246,0,0,DJI Matrice 300 RTK,M300 RTK,1ZN7L4R0H1D00F,1W9DL31001461C,1ZMLH8300204F0,1Z6PH74DAP0QN7,DJI Pilot,Android,7.0.2,1EF72A62-B7C3-C88D-164E-CE6F8C8424AE,1ZN7L4R0H1D00F,1W9DL31001461C,,1ZMLH8300204F0,1W9DL31001461C,,,,,
2023-11-01,11:30:29.24 AM,6m 6.9s,366.9,33.7999634879162,-117.4733863277455,87.2,137.7,14.4,1351,2921.0,5.410436,6.94893,-0.671082,2.23694,-5.368656,1.342164,0.447388,0.894776,-0.2,-2.5,2.5,-97.1,262.9,260.0,Tripod,Other,,21,5,True,,True,False,,Smart,RC,False,True,False,,,True,,False,False,False,False,False,False,False,False,False,False,0,Follow Yaw,-77.9,0,-105.4,254.6,False,False,False,False,False,,0,0,False,False,No Card,100,100,1024,1326,807,939,2,False,False,False,False,False,0,False,False,False,False,80,,47.148,,8084,,10044,,47.148,,True,3.926,3.926,3.926,3.926,3.926,3.926,3.926,3.926,3.926,3.926,3.926,3.926,0,,False,False,True,,,,,,,,,,,,,,,False,False,19.764,,96.2,,75.7,,96.2,,1551,81,8,19,7,143017.2,19068.96,,Idle,,20,,10,,,20,Go Home,False,False,False,False,False,False,False,False,False,False,False,False,33.8027920380556,-117.4659261431046,2485.8,2972.0,1049.4,396.9,True,1,1,False,False,False,False,,True,False,False,Course Lock,196.8,67,16.4,93,SE,SW,3.13,11.4,Calm,False,False,Android,7.0.2,M300 RTK,1ZN7L4R0H1D00F,1W9DL31001461C,1ZMLH8300204F0,1Z6PH74DAP0QN7,"Corona, CA",728.3,5.7,137.7,8.547347,2.013246,0,0,DJI Matrice 300 RTK,M300 RTK,1ZN7L4R0H1D00F,1W9DL31001461C,1ZMLH8300204F0,1Z6PH74DAP0QN7,DJI Pilot,Android,7.0.2,1EF72A62-B7C3-C88D-164E-CE6F8C8424AE,1ZN7L4R0H1D00F,1W9DL31001461C,,1ZMLH8300204F0,1W9DL31001461C,,,,,
2023-11-01,11:30:29.34 AM,6m 7.0s,367.0,33.7999632019994,-117.4733890516035,86.9,137.7,14.4,1351,2921.9,5.410436,6.94893,-0.671082,2.23694,-5.368656,1.342164,0.447388,0.894776,-0.1,-2.5,2.5,-97.3,262.7,262.8,Tripod,Other,,21,5,True,,True,False,,Smart,RC,False,True,False,,,True,,False,False,False,False,False,False,False,False,False,False,0,Follow Yaw,-77.9,0,-105.6,254.4,False,False,False,False,False,,0,0,False,False,No Card,100,100,1024,1326,812,945,2,False,False,False,False,False,0,False,False,False,False,80,,47.088,,8034,,10044,,47.088,,True,3.926,3.926,3.926,3.926,3.926,3.926,3.926,3.926,3.926,3.926,3.926,3.926,0,,False,False,True,,,,,,,,,,,,,,,False,False,19.834,,96.4,,75.7,,96.4,,1551,81,8,19,7,143017.2,19068.96,,Idle,,20,,10,,,20,Go Home,False,False,False,False,False,False,False,False,False,False,False,False,33.8027920380556,-117.4659261431046,2486.6,2972.0,1049.4,396.9,True,1,1,False,False,False,False,,True,False,False,Course Lock,196.8,67,16.4,93,SE,SW,3.13,11.4,Calm,False,False,Android,7.0.2,M300 RTK,1ZN7L4R0H1D00F,1W9DL31001461C,1ZMLH8300204F0,1Z6PH74DAP0QN7,"Corona, CA",728.3,5.7,137.7,8.547347,2.013246,0,0,DJI Matrice 300 RTK,M300 RTK,1ZN7L4R0H1D00F,1W9DL31001461C,1ZMLH8300204F0,1Z6PH74DAP0QN7,DJI Pilot,Android,7.0.2,1EF72A62-B7C3-C88D-164E-CE6F8C8424AE,1ZN7L4R0H1D00F,1W9DL31001461C,,1ZMLH8300204F0,1W9DL31001461C,,,,,
2023-11-01,11:30:29.45 AM,6m 7.1s,367.1,33.7999630388926,-117.4733917594631,86.9,137.7,14.4,1351,2922.7,5.410436,6.94893,-0.671082,2.23694,-5.368656,1.342164,0.223694,0.894776,-0.1,-2.5,2.5,-97.4,262.6,265.8,Tripod,Other,,21,5,True,,True,False,,Smart,RC,False,True,False,,,True,,False,False,False,False,False,False,False,False,False,False,0,Follow Yaw,-77.9,0,-105.7,254.3,False,False,False,False,False,,0,0,False,False,No Card,100,100,1024,1326,816,962,2,False,False,False,False,False,0,False,False,False,False,80,,47.088,,8034,,10044,,47.088,,True,3.926,3.926,3.926,3.926,3.926,3.926,3.926,3.926,3.926,3.926,3.926,3.926,0,,False,False,True,,,,,,,,,,,,,,,False,False,19.834,,96.4,,75.7,,96.4,,1551,81,8,19,7,143017.2,19068.96,,Idle,,20,,10,,,20,Go Home,False,False,False,False,False,False,False,False,False,False,False,False,33.8027920380556,-117.4659261431046,2487.4,2972.0,1049.4,396.9,True,1,1,False,False,False,False,,True,False,False,Course Lock,196.8,67,16.4,93,SE,SW,3.13,11.4,Calm,False,False,Android,7.0.2,M300 RTK,1ZN7L4R0H1D00F,1W9DL31001461C,1ZMLH8300204F0,1Z6PH74DAP0QN7,"Corona, CA",728.3,5.7,137.7,8.547347,2.013246,0,0,DJI Matrice 300 RTK,M300 RTK,1ZN7L4R0H1D00F,1W9DL31001461C,1ZMLH8300204F0,1Z6PH74DAP0QN7,DJI Pilot,Android,7.0.2,1EF72A62-B7C3-C88D-164E-CE6F8C8424AE,1ZN7L4R0H1D00F,1W9DL31001461C,,1ZMLH8300204F0,1W9DL31001461C,,,,,
2023-11-01,11:30:29.56 AM,6m 7.2s,367.2,33.7999627483157,-117.4733944703739,86.9,137.7,14.1,1351,2923.5,5.410436,6.94893,-0.671082,2.23694,-5.368656,1.342164,0.223694,0.894776,-0.1,-2.4,2.4,-97.6,262.4,262.6,Tripod,Other,,21,5,True,,True,False,,Smart,RC,False,True,False,,,True,,False,False,False,False,False,False,False,False,False,False,0,Follow Yaw,-77.9,0,-105.8,254.2,False,False,False,False,False,,0,0,False,False,No Card,100,100,1024,1327,815,965,2,False,False,False,False,False,0,False,False,False,False,80,,47.088,,8034,,10044,,47.088,,True,3.926,3.926,3.926,3.926,3.926,3.926,3.926,3.926,3.926,3.926,3.926,3.926,0,,False,False,True,,,,,,,,,,,,,,,False,False,19.834,,96.4,,75.7,,96.4,,1551,81,8,19,7,143017.2,19068.96,,Idle,,20,,10,,,20,Go Home,False,False,False,False,False,False,False,False,False,False,False,False,33.8027920380556,-117.4659261431046,2488.1,2972.0,1049.4,396.9,True,1,1,False,False,False,False,,True,False,False,Course Lock,196.8,67,16.4,93,SE,SW,3.13,11.4,Calm,False,False,Android,7.0.2,M300 RTK,1ZN7L4R0H1D00F,1W9DL31001461C,1ZMLH8300204F0,1Z6PH74DAP0QN7,"Corona, CA",728.3,5.7,137.7,8.547347,2.013246,0,0,DJI Matrice 300 RTK,M300 RTK,1ZN7L4R0H1D00F,1W9DL31001461C,1ZMLH8300204F0,1Z6PH74DAP0QN7,DJI Pilot,Android,7.0.2,1EF72A62-B7C3-C88D-164E-CE6F8C8424AE,1ZN7L4R0H1D00F,1W9DL31001461C,,1ZMLH8300204F0,1W9DL31001461C,,,,,
2023-11-01,11:30:29.66 AM,6m 7.3s,367.3,33.7999623110796,-117.4733972105602,86.9,137.7,14.1,1351,2924.4,5.410436,6.94893,-0.671082,2.23694,-5.368656,1.342164,0.223694,0.894776,-0.1,-2.2,2.2,-97.7,262.3,259.1,Tripod,Other,,21,5,True,,True,False,,Smart,RC,False,True,False,,,True,,False,False,False,False,False,False,False,False,False,False,0,Follow Yaw,-77.9,0,-105.9,254.1,False,False,False,False,False,,0,0,False,False,No Card,100,100,1024,1328,814,965,2,False,False,False,False,False,0,False,False,False,False,80,,47.088,,8034,,10044,,47.088,,True,3.928,3.928,3.928,3.928,3.928,3.928,3.928,3.928,3.928,3.928,3.928,3.928,0,,False,False,True,,,,,,,,,,,,,,,False,False,19.834,,96.4,,75.7,,96.4,,1547,81,8,19,7,143919.6,19189.29,,Idle,,20,,10,,,20,Go Home,False,False,False,False,False,False,False,False,False,False,False,False,33.8027920380556,-117.4659261431046,2489.0,2972.0,1049.4,396.9,True,1,1,False,False,False,False,,True,False,False,Course Lock,196.8,67,16.4,93,SE,SW,3.13,11.4,Calm,False,False,Android,7.0.2,M300 RTK,1ZN7L4R0H1D00F,1W9DL31001461C,1ZMLH8300204F0,1Z6PH74DAP0QN7,"Corona, CA",728.3,5.7,137.7,8.547347,2.013246,0,0,DJI Matrice 300 RTK,M300 RTK,1ZN7L4R0H1D00F,1W9DL31001461C,1ZMLH8300204F0,1Z6PH74DAP0QN7,DJI Pilot,Android,7.0.2,1EF72A62-B7C3-C88D-164E-CE6F8C8424AE,1ZN7L4R0H1D00F,1W9DL31001461C,,1ZMLH8300204F0,1W9DL31001461C,,,,,
2023-11-01,11:30:29.77 AM,6m 7.4s,367.4,33.7999619947345,-117.473399909266,86.9,137.7,14.1,1351,2925.2,5.410436,6.94893,-0.671082,2.23694,-5.368656,1.342164,0.223694,0.894776,-0.2,-1.9,1.9,-97.8,262.2,261.9,Tripod,Other,,21,5,True,,True,False,,Smart,RC,False,True,False,,,True,,False,False,False,False,False,False,False,False,False,False,0,Follow Yaw,-77.9,0,-106,254,False,False,False,False,False,,0,0,False,False,No Card,100,100,1024,1327,818,975,2,False,False,False,False,False,0,False,False,False,False,80,,47.088,,8034,,10044,,47.088,,True,3.928,3.928,3.928,3.928,3.928,3.928,3.928,3.928,3.928,3.928,3.928,3.928,0,,False,False,True,,,,,,,,,,,,,,,False,False,19.834,,96.4,,75.7,,96.4,,1547,81,8,19,7,143919.6,19189.29,,Idle,,20,,10,,,20,Go Home,False,False,False,False,False,False,False,False,False,False,False,False,33.8027920380556,-117.4659261431046,2489.8,2972.0,1049.4,396.9,True,1,1,False,False,False,False,,True,False,False,Course Lock,196.8,67,16.4,93,SE,SW,3.13,11.4,Calm,False,False,Android,7.0.2,M300 RTK,1ZN7L4R0H1D00F,1W9DL31001461C,1ZMLH8300204F0,1Z6PH74DAP0QN7,"Corona, CA",728.3,5.7,137.7,8.547347,2.013246,0,0,DJI Matrice 300 RTK,M300 RTK,1ZN7L4R0H1D00F,1W9DL31001461C,1ZMLH8300204F0,1Z6PH74DAP0QN7,DJI Pilot,Android,7.0.2,1EF72A62-B7C3-C88D-164E-CE6F8C8424AE,1ZN7L4R0H1D00F,1W9DL31001461C,,1ZMLH8300204F0,1W9DL31001461C,,,,,
2023-11-01,11:30:29.87 AM,6m 7.5s,367.5,33.799961785574,-117.4734026528334,86.9,137.7,14.1,1351,2926.0,5.410436,6.94893,-0.671082,2.23694,-5.368656,1.342164,0.223694,0.894776,-0.3,-1.9,1.9,-97.9,262.1,264.7,Tripod,Other,,21,5,True,,True,False,,Smart,RC,False,True,False,,,True,,False,False,False,False,False,False,False,False,False,False,0,Follow Yaw,-77.9,0,-106.1,253.9,False,False,False,False,False,,0,0,False,False,No Card,100,100,1024,1328,812,999,2,False,False,False,False,False,0,False,False,False,False,80,,47.088,,8034,,10044,,47.088,,True,3.928,3.928,3.928,3.928,3.928,3.928,3.928,3.928,3.928,3.928,3.928,3.928,0,,False,False,True,,,,,,,,,,,,,,,False,False,19.834,,96.4,,75.7,,96.4,,1547,81,8,19,7,143919.6,19189.29,,Idle,,20,,10,,,20,Go Home,False,False,False,False,False,False,False,False,False,False,False,False,33.8027920380556,-117.4659261431046,2490.5,2972.0,1049.4,396.9,True,1,1,False,False,False,False,,True,False,False,Course Lock,196.8,67,16.4,93,SE,SW,3.13,11.4,Calm,False,False,Android,7.0.2,M300 RTK,1ZN7L4R0H1D00F,1W9DL31001461C,1ZMLH8300204F0,1Z6PH74DAP0QN7,"Corona, CA",728.3,5.7,137.7,8.547347,2.013246,0,0,DJI Matrice 300 RTK,M300 RTK,1ZN7L4R0H1D00F,1W9DL31001461C,1ZMLH8300204F0,1Z6PH74DAP0QN7,DJI Pilot,Android,7.0.2,1EF72A62-B7C3-C88D-164E-CE6F8C8424AE,1ZN7L4R0H1D00F,1W9DL31001461C,,1ZMLH8300204F0,1W9DL31001461C,,,,,
2023-11-01,11:30:29.97 AM,6m 7.6s,367.6,33.7999614785493,-117.4734053457666,86.6,137.7,14.1,1350,2926.8,5.410436,6.94893,-0.671082,2.23694,-5.368656,1.342164,0.223694,0.894776,-0.3,-1.8,1.8,-97.9,262.1,262.1,Tripod,Other,,22,5,True,,True,False,,Smart,RC,False,True,False,,,True,,False,False,False,False,False,False,False,False,False,False,0,Follow Yaw,-77.9,0,-106.1,253.9,False,False,False,False,False,,0,0,False,False,No Card,100,100,1024,1329,795,1024,2,False,False,False,False,False,0,False,False,False,False,80,,47.088,,8034,,10044,,47.088,,True,3.928,3.928,3.928,3.928,3.928,3.928,3.928,3.928,3.928,3.928,3.928,3.928,0,,False,False,True,,,,,,,,,,,,,,,False,False,19.834,,96.4,,75.7,,96.4,,1547,81,8,19,7,143919.6,19189.29,,Idle,,20,,10,,,20,Go Home,False,False,False,False,False,False,False,False,False,False,False,False,33.8027920380556,-117.4659261431046,2491.3,2972.0,1049.4,396.9,True,1,1,False,False,False,False,,True,False,False,Course Lock,196.8,67,16.4,93,SE,SW,3.13,11.4,Calm,False,False,Android,7.0.2,M300 RTK,1ZN7L4R0H1D00F,1W9DL31001461C,1ZMLH8300204F0,1Z6PH74DAP0QN7,"Corona, CA",728.3,5.7,137.7,8.547347,2.013246,0,0,DJI Matrice 300 RTK,M300 RTK,1ZN7L4R0H1D00F,1W9DL31001461C,1ZMLH8300204F0,1Z6PH74DAP0QN7,DJI Pilot,Android,7.0.2,1EF72A62-B7C3-C88D-164E-CE6F8C8424AE,1ZN7L4R0H1D00F,1W9DL31001461C,,1ZMLH8300204F0,1W9DL31001461C,,,,,
2023-11-01,11:30:30.08 AM,6m 7.7s,367.7,33.7999609736033,-117.4734079542545,86.6,137.7,14.1,1350,2927.7,5.410436,6.94893,-0.671082,2.23694,-5.368656,1.342164,0.223694,0.894776,-0.4,-1.7,1.7,-97.9,262.1,256.8,Tripod,Other,,22,5,True,,True,False,,Smart,RC,False,True,False,,,True,,False,False,False,False,False,False,False,False,False,False,0,Follow Yaw,-77.9,0,-106.1,253.9,False,False,False,False,False,,0,0,False,False,No Card,100,100,1024,1327,786,1024,2,False,False,False,False,False,0,False,False,False,False,80,,47.088,,8034,,10044,,47.088,,True,3.928,3.928,3.928,3.928,3.928,3.928,3.928,3.928,3.928,3.928,3.928,3.928,0,,False,False,True,,,,,,,,,,,,,,,False,False,19.834,,96.4,,75.7,,96.4,,1547,81,8,19,7,143919.6,19189.29,,Idle,,20,,10,,,20,Go Home,False,False,False,False,False,False,False,False,False,False,False,False,33.8027920380556,-117.4659261431046,2492.1,2972.0,1049.4,396.9,True,1,1,False,False,False,False,,True,False,False,Course Lock,196.8,67,16.4,93,SE,SW,3.13,11.4,Calm,False,False,Android,7.0.2,M300 RTK,1ZN7L4R0H1D00F,1W9DL31001461C,1ZMLH8300204F0,1Z6PH74DAP0QN7,"Corona, CA",728.3,5.7,137.7,8.547347,2.013246,0,0,DJI Matrice 300 RTK,M300 RTK,1ZN7L4R0H1D00F,1W9DL31001461C,1ZMLH8300204F0,1Z6PH74DAP0QN7,DJI Pilot,Android,7.0.2,1EF72A62-B7C3-C88D-164E-CE6F8C8424AE,1ZN7L4R0H1D00F,1W9DL31001461C,,1ZMLH8300204F0,1W9DL31001461C,,,,,
2023-11-01,11:30:30.18 AM,6m 7.8s,367.8,33.7999606435518,-117.4734106388586,86.6,137.7,14.1,1350,2928.5,5.410436,6.94893,-0.671082,2.23694,-5.368656,1.342164,0.223694,0.894776,-0.5,-1.6,1.6,-97.9,262.1,261.5,Tripod,Other,,22,5,True,,True,False,,Smart,RC,False,True,False,,,True,,False,False,False,False,False,False,False,False,False,False,0,Follow Yaw,-77.9,0,-106.1,253.9,False,False,False,False,False,,0,0,False,False,No Card,100,100,1024,1326,786,1024,2,False,False,False,False,False,0,False,False,False,False,80,,47.088,,8034,,10044,,47.088,,True,3.928,3.928,3.928,3.928,3.928,3.928,3.928,3.928,3.928,3.928,3.928,3.928,0,,False,False,True,,,,,,,,,,,,,,,False,False,19.834,,96.4,,75.7,,96.4,,1547,81,8,19,7,143919.6,19189.29,,Idle,,20,,10,,,20,Go Home,False,False,False,False,False,False,False,False,False,False,False,False,33.8027920380556,-117.4659261431046,2492.9,2972.0,1049.4,396.9,True,1,1,False,False,False,False,,True,False,False,Course Lock,196.8,67,16.4,93,SE,SW,3.13,11.4,Calm,False,False,Android,7.0.2,M300 RTK,1ZN7L4R0H1D00F,1W9DL31001461C,1ZMLH8300204F0,1Z6PH74DAP0QN7,"Corona, CA",728.3,5.7,137.7,8.547347,2.013246,0,0,DJI Matrice 300 RTK,M300 RTK,1ZN7L4R0H1D00F,1W9DL31001461C,1ZMLH8300204F0,1Z6PH74DAP0QN7,DJI Pilot,Android,7.0.2,1EF72A62-B7C3-C88D-164E-CE6F8C8424AE,1ZN7L4R0H1D00F,1W9DL31001461C,,1ZMLH8300204F0,1W9DL31001461C,,,,,
2023-11-01,11:30:30.24 AM,6m 7.9s,367.9,33.7999603551679,-117.4734133264315,86.6,137.7,14.1,1350,2929.3,5.410436,6.94893,-0.671082,2.23694,-5.368656,1.342164,0.223694,0.894776,-0.5,-1.7,1.7,-98.1,261.9,262.6,Tripod,Other,,22,5,True,,True,False,,Smart,RC,False,True,False,,,True,,False,False,False,False,False,False,False,False,False,False,0,Follow Yaw,-77.9,0,-106.1,253.9,False,False,False,False,False,,0,0,False,False,No Card,100,100,1024,1329,778,1024,2,False,False,False,False,False,0,False,False,False,False,80,,47.088,,8034,,10044,,47.088,,True,3.928,3.928,3.928,3.928,3.928,3.928,3.928,3.928,3.928,3.928,3.928,3.928,0,,False,False,True,,,,,,,,,,,,,,,False,False,19.834,,96.4,,75.7,,96.4,,1547,81,8,19,7,143919.6,19189.29,,Idle,,20,,10,,,20,Go Home,False,False,False,False,False,False,False,False,False,False,False,False,33.8027920380556,-117.4659261431046,2493.7,2972.0,1049.4,396.9,True,1,1,False,False,False,False,,True,False,False,Course Lock,196.8,67,16.4,93,SE,SW,3.13,11.4,Calm,False,False,Android,7.0.2,M300 RTK,1ZN7L4R0H1D00F,1W9DL31001461C,1ZMLH8300204F0,1Z6PH74DAP0QN7,"Corona, CA",728.3,5.7,137.7,8.547347,2.013246,0,0,DJI Matrice 300 RTK,M300 RTK,1ZN7L4R0H1D00F,1W9DL31001461C,1ZMLH8300204F0,1Z6PH74DAP0QN7,DJI Pilot,Android,7.0.2,1EF72A62-B7C3-C88D-164E-CE6F8C8424AE,1ZN7L4R0H1D00F,1W9DL31001461C,,1ZMLH8300204F0,1W9DL31001461C,,,,,
2023-11-01,11:30:30.34 AM,6m 8.0s,368.0,33.7999600262129,-117.4734160239828,86.6,137.7,14.1,1350,2930.1,5.410436,6.94893,-0.671082,2.23694,-5.368656,1.342164,0.223694,0.894776,-0.4,-1.8,1.8,-98.1,261.9,261.6,Tripod,Other,,22,5,True,,True,False,,Smart,RC,False,True,False,,,True,,False,False,False,False,False,False,False,False,False,False,0,Follow Yaw,-77.9,0,-106.1,253.9,False,False,False,False,False,,0,0,False,False,No Card,100,100,1024,1329,781,1024,2,False,False,False,False,False,0,False,False,False,False,80,,47.076,,8034,,10044,,47.076,,True,3.928,3.928,3.928,3.928,3.928,3.928,3.928,3.928,3.928,3.928,3.928,3.928,0,,False,False,True,,,,,,,,,,,,,,,False,False,19.934,,96.4,,75.7,,96.4,,1547,81,8,19,7,143919.6,19189.29,,Idle,,20,,10,,,20,Go Home,False,False,False,False,False,False,False,False,False,False,False,False,33.8027920380556,-117.4659261431046,2494.5,2972.0,1049.4,396.9,True,1,1,False,False,False,False,,True,False,False,Course Lock,196.8,67,16.4,93,SE,SW,3.13,11.4,Calm,False,False,Android,7.0.2,M300 RTK,1ZN7L4R0H1D00F,1W9DL31001461C,1ZMLH8300204F0,1Z6PH74DAP0QN7,"Corona, CA",728.3,5.7,137.7,8.547347,2.013246,0,0,DJI Matrice 300 RTK,M300 RTK,1ZN7L4R0H1D00F,1W9DL31001461C,1ZMLH8300204F0,1Z6PH74DAP0QN7,DJI Pilot,Android,7.0.2,1EF72A62-B7C3-C88D-164E-CE6F8C8424AE,1ZN7L4R0H1D00F,1W9DL31001461C,,1ZMLH8300204F0,1W9DL31001461C,,,,,
2023-11-01,11:30:30.44 AM,6m 8.1s,368.1,33.7999596163898,-117.4734186143281,86.2,137.7,14.1,1350,2930.9,5.410436,6.94893,-0.671082,2.23694,-5.368656,1.342164,0.447388,0.894776,-0.3,-1.9,1.9,-98.2,261.8,259.2,Tripod,Other,,22,5,True,,True,False,,Smart,RC,False,True,False,,,True,,False,False,False,False,False,False,False,False,False,False,0,Follow Yaw,-77.9,0,-106.1,253.9,False,False,False,False,False,,0,0,False,False,No Card,100,100,1024,1330,781,1024,2,False,False,False,False,False,0,False,False,False,False,80,,47.076,,8034,,10044,,47.076,,True,3.928,3.928,3.928,3.928,3.928,3.928,3.928,3.928,3.928,3.928,3.928,3.928,0,,False,False,True,,,,,,,,,,,,,,,False,False,19.934,,96.4,,75.7,,96.4,,1547,81,8,19,7,143919.6,19189.29,,Idle,,20,,10,,,20,Go Home,False,False,False,False,False,False,False,False,False,False,False,False,33.8027920380556,-117.4659261431046,2495.3,2972.0,1049.4,396.9,True,1,1,False,False,False,False,,True,False,False,Course Lock,196.8,67,16.4,93,SE,SW,3.13,11.4,Calm,False,False,Android,7.0.2,M300 RTK,1ZN7L4R0H1D00F,1W9DL31001461C,1ZMLH8300204F0,1Z6PH74DAP0QN7,"Corona, CA",728.3,5.7,137.7,8.547347,2.013246,0,0,DJI Matrice 300 RTK,M300 RTK,1ZN7L4R0H1D00F,1W9DL31001461C,1ZMLH8300204F0,1Z6PH74DAP0QN7,DJI Pilot,Android,7.0.2,1EF72A62-B7C3-C88D-164E-CE6F8C8424AE,1ZN7L4R0H1D00F,1W9DL31001461C,,1ZMLH8300204F0,1W9DL31001461C,,,,,
2023-11-01,11:30:30.54 AM,6m 8.2s,368.2,33.7999592668751,-117.4734213150131,86.2,137.7,14.1,1350,2931.8,5.410436,6.94893,-0.671082,2.23694,-5.368656,1.342164,0.447388,0.894776,0,-2,2,-98.2,261.8,261.1,Tripod,Other,,22,5,True,,True,False,,Smart,RC,False,True,False,,,True,,False,False,False,False,False,False,False,False,False,False,0,Follow Yaw,-77.9,0,-106.1,253.9,False,False,False,False,False,,0,0,False,False,No Card,100,100,1024,1330,785,1024,2,False,False,False,False,False,0,False,False,False,False,80,,47.076,,8034,,10044,,47.076,,True,3.928,3.928,3.928,3.928,3.928,3.928,3.928,3.928,3.928,3.928,3.928,3.928,0,,False,False,True,,,,,,,,,,,,,,,False,False,19.934,,96.4,,75.7,,96.4,,1547,81,8,19,7,143919.6,19189.29,,Idle,,20,,10,,,20,Go Home,False,False,False,False,False,False,False,False,False,False,False,False,33.8027920380556,-117.4659261431046,2496.1,2972.0,1049.4,396.9,True,1,1,False,False,False,False,,True,False,False,Course Lock,196.8,67,16.4,93,SE,SW,3.13,11.4,Calm,False,False,Android,7.0.2,M300 RTK,1ZN7L4R0H1D00F,1W9DL31001461C,1ZMLH8300204F0,1Z6PH74DAP0QN7,"Corona, CA",728.3,5.7,137.7,8.547347,2.013246,0,0,DJI Matrice 300 RTK,M300 RTK,1ZN7L4R0H1D00F,1W9DL31001461C,1ZMLH8300204F0,1Z6PH74DAP0QN7,DJI Pilot,Android,7.0.2,1EF72A62-B7C3-C88D-164E-CE6F8C8424AE,1ZN7L4R0H1D00F,1W9DL31001461C,,1ZMLH8300204F0,1W9DL31001461C,,,,,
2023-11-01,11:30:30.64 AM,6m 8.3s,368.3,33.7999589949389,-117.4734240667447,86.2,137.7,14.1,1350,2932.6,5.410436,6.94893,-0.671082,2.23694,-5.368656,1.342164,0.447388,0.894776,0.3,-2,2,-98.2,261.8,263.2,Tripod,Other,,22,5,True,,True,False,,Smart,RC,False,True,False,,,True,,False,False,False,False,False,False,False,False,False,False,0,Follow Yaw,-77.9,0,-106.1,253.9,False,False,False,False,False,,0,0,False,False,No Card,100,100,1024,1330,785,1024,2,False,False,False,False,False,0,False,False,False,False,80,,47.076,,8034,,10044,,47.076,,True,3.921,3.921,3.921,3.921,3.921,3.921,3.921,3.921,3.921,3.921,3.921,3.921,0,,False,False,True,,,,,,,,,,,,,,,False,False,19.934,,96.4,,75.7,,96.4,,1542,82,8,19,7,144891.4,19318.85,,Idle,,20,,10,,,20,Go Home,False,False,False,False,False,False,False,False,False,False,False,False,33.8027920380556,-117.4659261431046,2496.9,2972.0,1049.4,396.9,True,1,1,False,False,False,False,,True,False,False,Course Lock,196.8,67,16.4,93,SE,SW,3.13,11.4,Calm,False,False,Android,7.0.2,M300 RTK,1ZN7L4R0H1D00F,1W9DL31001461C,1ZMLH8300204F0,1Z6PH74DAP0QN7,"Corona, CA",728.3,5.7,137.7,8.547347,2.013246,0,0,DJI Matrice 300 RTK,M300 RTK,1ZN7L4R0H1D00F,1W9DL31001461C,1ZMLH8300204F0,1Z6PH74DAP0QN7,DJI Pilot,Android,7.0.2,1EF72A62-B7C3-C88D-164E-CE6F8C8424AE,1ZN7L4R0H1D00F,1W9DL31001461C,,1ZMLH8300204F0,1W9DL31001461C,,,,,
2023-11-01,11:30:30.74 AM,6m 8.4s,368.4,33.7999586289765,-117.4734267580286,86.2,137.7,13.7,1350,2933.4,5.410436,6.94893,-0.671082,2.23694,-5.368656,1.342164,0.447388,0.894776,0.3,-1.8,1.8,-98.2,261.8,260.7,Tripod,Other,,22,5,True,,True,False,,Smart,RC,False,True,False,,,True,,False,False,False,False,False,False,False,False,False,False,0,Follow Yaw,-77.9,0,-106.1,253.9,False,False,False,False,False,,0,0,False,False,No Card,100,100,1024,1328,787,1024,2,False,False,False,False,False,0,False,False,False,False,80,,47.076,,8034,,10044,,47.076,,True,3.921,3.921,3.921,3.921,3.921,3.921,3.921,3.921,3.921,3.921,3.921,3.921,0,,False,False,True,,,,,,,,,,,,,,,False,False,19.934,,96.4,,75.7,,96.4,,1542,82,8,19,7,144891.4,19318.85,,Idle,,20,,10,,,20,Go Home,False,False,False,False,False,False,False,False,False,False,False,False,33.8027920380556,-117.4659261431046,2497.7,2972.0,1049.4,396.9,True,1,1,False,False,False,False,,True,False,False,Course Lock,196.8,67,16.4,93,SE,SW,3.13,11.4,Calm,False,False,Android,7.0.2,M300 RTK,1ZN7L4R0H1D00F,1W9DL31001461C,1ZMLH8300204F0,1Z6PH74DAP0QN7,"Corona, CA",728.3,5.7,137.7,8.547347,2.013246,0,0,DJI Matrice 300 RTK,M300 RTK,1ZN7L4R0H1D00F,1W9DL31001461C,1ZMLH8300204F0,1Z6PH74DAP0QN7,DJI Pilot,Android,7.0.2,1EF72A62-B7C3-C88D-164E-CE6F8C8424AE,1ZN7L4R0H1D00F,1W9DL31001461C,,1ZMLH8300204F0,1W9DL31001461C,,,,,
2023-11-01,11:30:30.84 AM,6m 8.5s,368.5,33.7999581895474,-117.473429278195,85.9,137.7,13.7,1350,2934.2,5.442709,6.94893,-0.894776,2.23694,-5.368656,1.342164,0.447388,0.894776,0,-1.5,1.5,-98.1,261.9,258.1,Tripod,Other,,22,5,True,,True,False,,Smart,RC,False,True,False,,,True,,False,False,False,False,False,False,False,False,False,False,0,Follow Yaw,-77.9,0,-106.1,253.9,False,False,False,False,False,,0,0,False,False,No Card,100,100,1024,1329,790,1024,2,False,False,False,False,False,0,False,False,False,False,80,,47.076,,8034,,10044,,47.076,,True,3.921,3.921,3.921,3.921,3.921,3.921,3.921,3.921,3.921,3.921,3.921,3.921,0,,False,False,True,,,,,,,,,,,,,,,False,False,19.934,,96.4,,75.7,,96.4,,1542,82,8,19,7,144891.4,19318.85,,Idle,,20,,10,,,20,Go Home,False,False,False,False,False,False,False,False,False,False,False,False,33.8027920380556,-117.4659261431046,2498.4,2972.0,1049.4,396.9,True,1,1,False,False,False,False,,True,False,False,Course Lock,196.8,67,16.4,93,SE,SW,3.13,11.4,Calm,False,False,Android,7.0.2,M300 RTK,1ZN7L4R0H1D00F,1W9DL31001461C,1ZMLH8300204F0,1Z6PH74DAP0QN7,"Corona, CA",728.3,5.7,137.7,8.547347,2.013246,0,0,DJI Matrice 300 RTK,M300 RTK,1ZN7L4R0H1D00F,1W9DL31001461C,1ZMLH8300204F0,1Z6PH74DAP0QN7,DJI Pilot,Android,7.0.2,1EF72A62-B7C3-C88D-164E-CE6F8C8424AE,1ZN7L4R0H1D00F,1W9DL31001461C,,1ZMLH8300204F0,1W9DL31001461C,,,,,
2023-11-01,11:30:30.94 AM,6m 8.6s,368.6,33.7999577967203,-117.473431930225,85.9,137.7,13.7,1350,2935.0,5.442709,6.94893,-0.894776,2.23694,-5.368656,1.342164,0.447388,0.894776,-0.1,-1.1,1.1,-98,262,259.8,Tripod,Other,,22,5,True,,True,False,,Smart,RC,False,True,False,,,True,,False,False,False,False,False,False,False,False,False,False,0,Follow Yaw,-77.9,0,-106.1,253.9,False,False,False,False,False,,0,0,False,False,No Card,100,100,1024,1328,795,1024,2,False,False,False,False,False,0,False,False,False,False,80,,47.076,,8034,,10044,,47.076,,True,3.921,3.921,3.921,3.921,3.921,3.921,3.921,3.921,3.921,3.921,3.921,3.921,0,,False,False,True,,,,,,,,,,,,,,,False,False,19.934,,96.4,,75.7,,96.4,,1542,82,8,19,7,144891.4,19318.85,,Idle,,20,,10,,,20,Go Home,False,False,False,False,False,False,False,False,False,False,False,False,33.8027920380556,-117.4659261431046,2499.2,2972.0,1049.4,396.9,True,1,1,False,False,False,False,,True,False,False,Course Lock,196.8,67,16.4,93,SE,SW,3.13,11.4,Calm,False,False,Android,7.0.2,M300 RTK,1ZN7L4R0H1D00F,1W9DL31001461C,1ZMLH8300204F0,1Z6PH74DAP0QN7,"Corona, CA",728.3,5.7,137.7,8.547347,2.013246,0,0,DJI Matrice 300 RTK,M300 RTK,1ZN7L4R0H1D00F,1W9DL31001461C,1ZMLH8300204F0,1Z6PH74DAP0QN7,DJI Pilot,Android,7.0.2,1EF72A62-B7C3-C88D-164E-CE6F8C8424AE,1ZN7L4R0H1D00F,1W9DL31001461C,,1ZMLH8300204F0,1W9DL31001461C,,,,,
2023-11-01,11:30:31.04 AM,6m 8.7s,368.7,33.7999574019742,-117.4734345995729,85.9,137.7,13.7,1350,2935.8,5.442709,6.94893,-0.894776,2.23694,-5.368656,1.342164,0.447388,0.894776,-0.3,-0.9,0.9,-97.9,262.1,259.9,Tripod,Other,,22,5,True,,True,False,,Smart,RC,False,True,False,,,True,,False,False,False,False,False,False,False,False,False,False,0,Follow Yaw,-77.9,0,-106.1,253.9,False,False,False,False,False,,0,0,False,False,No Card,100,100,1024,1327,810,1064,2,False,False,False,False,False,0,False,False,False,False,80,,47.076,,3988,,4986,,47.076,,True,3.921,3.921,3.921,3.921,3.921,3.921,3.921,3.921,3.921,3.921,3.921,3.921,0,,False,False,True,,,,,,,,,,,,,,,False,False,9.898,,96.4,,75.7,,96.4,,1542,82,8,19,7,144891.4,19318.85,,Idle,,20,,10,,,20,Go Home,False,False,False,False,False,False,False,False,False,False,False,False,33.8027920380556,-117.4659261431046,2500.0,2972.0,1049.4,396.9,True,1,1,False,False,False,False,,True,False,False,Course Lock,196.8,67,16.4,93,SE,SW,3.13,11.4,Calm,False,False,Android,7.0.2,M300 RTK,1ZN7L4R0H1D00F,1W9DL31001461C,1ZMLH8300204F0,1Z6PH74DAP0QN7,"Corona, CA",728.3,5.7,137.7,8.547347,2.013246,0,0,DJI Matrice 300 RTK,M300 RTK,1ZN7L4R0H1D00F,1W9DL31001461C,1ZMLH8300204F0,1Z6PH74DAP0QN7,DJI Pilot,Android,7.0.2,1EF72A62-B7C3-C88D-164E-CE6F8C8424AE,1ZN7L4R0H1D00F,1W9DL31001461C,,1ZMLH8300204F0,1W9DL31001461C,,,,,
2023-11-01,11:30:31.14 AM,6m 8.8s,368.8,33.7999570072282,-117.4734372485516,85.9,137.7,13.7,1350,2936.7,5.442709,6.94893,-0.894776,2.23694,-5.368656,1.342164,0.447388,0.894776,-0.3,-0.8,0.8,-97.9,262.1,259.8,Tripod,Other,,22,5,True,,True,False,,Smart,RC,False,True,False,,,True,,False,False,False,False,False,False,False,False,False,False,0,Follow Yaw,-77.9,0,-106.1,253.9,False,False,False,False,False,,0,0,False,False,No Card,100,100,1024,1327,838,1111,2,False,False,False,False,False,0,False,False,False,False,80,,47.076,,3988,,4986,,47.076,,True,3.921,3.921,3.921,3.921,3.921,3.921,3.921,3.921,3.921,3.921,3.921,3.921,0,,False,False,True,,,,,,,,,,,,,,,False,False,9.898,,96.4,,75.7,,96.4,,1542,82,8,19,7,144891.4,19318.85,,Idle,,20,,10,,,20,Go Home,False,False,False,False,False,False,False,False,False,False,False,False,33.8027920380556,-117.4659261431046,2500.8,2972.0,1049.4,396.9,True,1,1,False,False,False,False,,True,False,False,Course Lock,196.8,67,16.4,93,SE,SW,3.13,11.4,Calm,False,False,Android,7.0.2,M300 RTK,1ZN7L4R0H1D00F,1W9DL31001461C,1ZMLH8300204F0,1Z6PH74DAP0QN7,"Corona, CA",728.3,5.7,137.7,8.547347,2.013246,0,0,DJI Matrice 300 RTK,M300 RTK,1ZN7L4R0H1D00F,1W9DL31001461C,1ZMLH8300204F0,1Z6PH74DAP0QN7,DJI Pilot,Android,7.0.2,1EF72A62-B7C3-C88D-164E-CE6F8C8424AE,1ZN7L4R0H1D00F,1W9DL31001461C,,1ZMLH8300204F0,1W9DL31001461C,,,,,
2023-11-01,11:30:31.21 AM,6m 8.9s,368.9,33.799956550529,-117.4734396174752,85.6,137.7,13.7,1349,2937.4,5.442709,6.94893,-0.894776,2.23694,-5.368656,1.342164,0.447388,0.894776,-0.1,-0.8,0.8,-98,262,256.9,Tripod,Other,,22,5,True,,True,False,,Smart,RC,False,True,False,,,True,,False,False,False,False,False,False,False,False,False,False,0,Follow Yaw,-77.9,0,-106,254,False,False,False,False,False,,0,0,False,False,No Card,100,100,1024,1325,842,1089,2,False,False,False,False,False,0,False,False,False,False,80,,47.076,,3988,,4986,,47.076,,True,3.921,3.921,3.921,3.921,3.921,3.921,3.921,3.921,3.921,3.921,3.921,3.921,0,,False,False,True,,,,,,,,,,,,,,,False,False,9.898,,96.4,,75.7,,96.4,,1542,82,8,19,7,144891.4,19318.85,,Idle,,20,,10,,,20,Go Home,False,False,False,False,False,False,False,False,False,False,False,False,33.8027920380556,-117.4659261431046,2501.5,2972.0,1049.4,396.9,True,1,1,False,False,False,False,,True,False,False,Course Lock,196.8,67,16.4,93,SE,SW,3.35,11.4,Calm,False,False,Android,7.0.2,M300 RTK,1ZN7L4R0H1D00F,1W9DL31001461C,1ZMLH8300204F0,1Z6PH74DAP0QN7,"Corona, CA",728.3,5.7,137.7,8.547347,2.013246,0,0,DJI Matrice 300 RTK,M300 RTK,1ZN7L4R0H1D00F,1W9DL31001461C,1ZMLH8300204F0,1Z6PH74DAP0QN7,DJI Pilot,Android,7.0.2,1EF72A62-B7C3-C88D-164E-CE6F8C8424AE,1ZN7L4R0H1D00F,1W9DL31001461C,,1ZMLH8300204F0,1W9DL31001461C,,,,,
2023-11-01,11:30:31.34 AM,6m 9.0s,369.0,33.7999561445437,-117.473442239405,85.6,137.7,13.7,1349,2938.2,5.442709,6.94893,-0.894776,2.23694,-5.368656,1.342164,0.447388,0.894776,0,-0.6,0.6,-97.9,262.1,259.4,Tripod,Other,,22,5,True,,True,False,,Smart,RC,False,True,False,,,True,,False,False,False,False,False,False,False,False,False,False,0,Follow Yaw,-77.9,0,-105.9,254.1,False,False,False,False,False,,0,0,False,False,No Card,100,100,1024,1326,841,1047,2,False,False,False,False,False,0,False,False,False,False,80,,47.124,,8034,,10044,,47.124,,True,3.921,3.921,3.921,3.921,3.921,3.921,3.921,3.921,3.921,3.921,3.921,3.921,0,,False,False,True,,,,,,,,,,,,,,,False,False,19.468,,96.4,,75.7,,96.4,,1542,82,8,19,7,144891.4,19318.85,,Idle,,20,,10,,,20,Go Home,False,False,False,False,False,False,False,False,False,False,False,False,33.8027920380556,-117.4659261431046,2502.3,2972.0,1049.4,396.9,True,1,1,False,False,False,False,,True,False,False,Course Lock,196.8,67,16.4,93,SE,SW,3.35,11.4,Calm,False,False,Android,7.0.2,M300 RTK,1ZN7L4R0H1D00F,1W9DL31001461C,1ZMLH8300204F0,1Z6PH74DAP0QN7,"Corona, CA",728.3,5.7,137.7,8.547347,2.013246,0,0,DJI Matrice 300 RTK,M300 RTK,1ZN7L4R0H1D00F,1W9DL31001461C,1ZMLH8300204F0,1Z6PH74DAP0QN7,DJI Pilot,Android,7.0.2,1EF72A62-B7C3-C88D-164E-CE6F8C8424AE,1ZN7L4R0H1D00F,1W9DL31001461C,,1ZMLH8300204F0,1W9DL31001461C,,,,,
2023-11-01,11:30:31.42 AM,6m 9.1s,369.1,33.7999557254002,-117.4734451482346,85.6,137.7,13.4,1349,2939.1,5.442709,6.94893,-0.894776,2.23694,-5.368656,1.342164,0.223694,0.894776,-0.1,-0.5,0.5,-97.9,262.1,260.1,Tripod,Other,,22,5,True,,True,False,,Smart,RC,False,True,False,,,True,,False,False,False,False,False,False,False,False,False,False,0,Follow Yaw,-77.9,0,-105.9,254.1,False,False,False,False,False,,0,0,False,False,No Card,100,100,1024,1324,849,1024,2,False,False,False,False,False,0,False,False,False,False,80,,47.124,,8034,,10044,,47.124,,True,3.921,3.921,3.921,3.921,3.921,3.921,3.921,3.921,3.921,3.921,3.921,3.921,0,,False,False,True,,,,,,,,,,,,,,,False,False,19.468,,96.4,,75.7,,96.4,,1542,82,8,19,7,144891.4,19318.85,,Idle,,20,,10,,,20,Go Home,False,False,False,False,False,False,False,False,False,False,False,False,33.8027920380556,-117.4659261431046,2503.2,2972.0,1049.4,396.9,True,1,1,False,False,False,False,,True,False,False,Course Lock,196.8,67,16.4,93,SE,SW,3.35,11.4,Calm,False,False,Android,7.0.2,M300 RTK,1ZN7L4R0H1D00F,1W9DL31001461C,1ZMLH8300204F0,1Z6PH74DAP0QN7,"Corona, CA",728.3,5.7,137.7,8.547347,2.013246,0,0,DJI Matrice 300 RTK,M300 RTK,1ZN7L4R0H1D00F,1W9DL31001461C,1ZMLH8300204F0,1Z6PH74DAP0QN7,DJI Pilot,Android,7.0.2,1EF72A62-B7C3-C88D-164E-CE6F8C8424AE,1ZN7L4R0H1D00F,1W9DL31001461C,,1ZMLH8300204F0,1W9DL31001461C,,,,,
2023-11-01,11:30:31.52 AM,6m 9.2s,369.2,33.7999553191407,-117.4734477841837,85.6,137.7,13.4,1349,2939.9,5.442709,6.94893,-0.894776,2.23694,-5.368656,1.342164,0.223694,0.894776,0,-0.7,0.7,-97.9,262.1,259.4,Tripod,Other,,22,5,True,,True,False,,Smart,RC,False,True,False,,,True,,False,False,False,False,False,False,False,False,False,False,0,Follow Yaw,-77.9,0,-105.9,254.1,False,False,False,False,False,,0,0,False,False,No Card,100,100,1024,1323,848,1024,2,False,False,False,False,False,0,False,False,False,False,80,,47.124,,8034,,10044,,47.124,,True,3.921,3.921,3.921,3.921,3.921,3.921,3.921,3.921,3.921,3.921,3.921,3.921,0,,False,False,True,,,,,,,,,,,,,,,False,False,19.468,,96.4,,75.7,,96.4,,1542,82,8,19,7,144891.4,19318.85,,Idle,,20,,10,,,20,Go Home,False,False,False,False,False,False,False,False,False,False,False,False,33.8027920380556,-117.4659261431046,2504.0,2972.0,1049.4,396.9,True,1,1,False,False,False,False,,True,False,False,Course Lock,196.8,67,16.4,93,SE,SW,3.35,11.4,Calm,False,False,Android,7.0.2,M300 RTK,1ZN7L4R0H1D00F,1W9DL31001461C,1ZMLH8300204F0,1Z6PH74DAP0QN7,"Corona, CA",728.3,5.7,137.7,8.547347,2.013246,0,0,DJI Matrice 300 RTK,M300 RTK,1ZN7L4R0H1D00F,1W9DL31001461C,1ZMLH8300204F0,1Z6PH74DAP0QN7,DJI Pilot,Android,7.0.2,1EF72A62-B7C3-C88D-164E-CE6F8C8424AE,1ZN7L4R0H1D00F,1W9DL31001461C,,1ZMLH8300204F0,1W9DL31001461C,,,,,
2023-11-01,11:30:31.64 AM,6m 9.3s,369.3,33.7999550699573,-117.473450424421,85.6,137.7,13.4,1349,2940.7,5.442709,6.94893,-0.894776,2.23694,-5.368656,1.342164,0.223694,0.894776,0,-1,1,-97.9,262.1,263.5,Tripod,Other,,22,5,True,,True,False,,Smart,RC,False,True,False,,,True,,False,False,False,False,False,False,False,False,False,False,0,Follow Yaw,-77.9,0,-105.9,254.1,False,False,False,False,False,,0,0,False,False,No Card,100,100,1024,1321,850,1024,2,False,False,False,False,False,0,False,False,False,False,80,,47.124,,8034,,10044,,47.124,,True,3.924,3.924,3.924,3.924,3.924,3.924,3.924,3.924,3.924,3.924,3.924,3.924,0,,False,False,True,,,,,,,,,,,,,,,False,False,19.468,,96.4,,75.7,,96.4,,1536,82,8,19,7,145800.0,19440.00,,Idle,,20,,10,,,20,Go Home,False,False,False,False,False,False,False,False,False,False,False,False,33.8027920380556,-117.4659261431046,2504.7,2972.0,1049.4,396.9,True,1,1,False,False,False,False,,True,False,False,Course Lock,196.8,67,16.4,93,SE,SW,3.35,11.4,Calm,False,False,Android,7.0.2,M300 RTK,1ZN7L4R0H1D00F,1W9DL31001461C,1ZMLH8300204F0,1Z6PH74DAP0QN7,"Corona, CA",728.3,5.7,137.7,8.547347,2.013246,0,0,DJI Matrice 300 RTK,M300 RTK,1ZN7L4R0H1D00F,1W9DL31001461C,1ZMLH8300204F0,1Z6PH74DAP0QN7,DJI Pilot,Android,7.0.2,1EF72A62-B7C3-C88D-164E-CE6F8C8424AE,1ZN7L4R0H1D00F,1W9DL31001461C,,1ZMLH8300204F0,1W9DL31001461C,,,,,
2023-11-01,11:30:31.73 AM,6m 9.4s,369.4,33.799954674663,-117.4734530465158,85.6,137.7,13.7,1349,2941.5,5.442709,6.94893,-0.894776,2.23694,-5.368656,1.342164,0.223694,0.894776,-0.1,-1,1,-97.8,262.2,259.7,Tripod,Other,,22,5,True,,True,False,,Smart,RC,False,True,False,,,True,,False,False,False,False,False,False,False,False,False,False,0,Follow Yaw,-77.9,0,-105.9,254.1,False,False,False,False,False,,0,0,False,False,No Card,100,100,1024,1321,858,1024,2,False,False,False,False,False,0,False,False,False,False,80,,47.124,,8034,,10044,,47.124,,True,3.924,3.924,3.924,3.924,3.924,3.924,3.924,3.924,3.924,3.924,3.924,3.924,0,,False,False,True,,,,,,,,,,,,,,,False,False,19.468,,96.4,,75.7,,96.4,,1536,82,8,19,7,145800.0,19440.00,,Idle,,20,,10,,,20,Go Home,False,False,False,False,False,False,False,False,False,False,False,False,33.8027920380556,-117.4659261431046,2505.5,2972.0,1049.4,396.9,True,1,1,False,False,False,False,,True,False,False,Course Lock,196.8,67,16.4,93,SE,SW,3.35,11.4,Calm,False,False,Android,7.0.2,M300 RTK,1ZN7L4R0H1D00F,1W9DL31001461C,1ZMLH8300204F0,1Z6PH74DAP0QN7,"Corona, CA",728.3,5.7,137.7,8.547347,2.013246,0,0,DJI Matrice 300 RTK,M300 RTK,1ZN7L4R0H1D00F,1W9DL31001461C,1ZMLH8300204F0,1Z6PH74DAP0QN7,DJI Pilot,Android,7.0.2,1EF72A62-B7C3-C88D-164E-CE6F8C8424AE,1ZN7L4R0H1D00F,1W9DL31001461C,,1ZMLH8300204F0,1W9DL31001461C,,,,,
2023-11-01,11:30:31.84 AM,6m 9.5s,369.5,33.7999542588091,-117.473455519924,85.6,137.7,13.7,1349,2942.3,5.442709,6.94893,-0.894776,2.23694,-5.368656,1.342164,0.223694,0.894776,-0.1,-0.9,0.9,-97.8,262.2,258.5,Tripod,Other,,22,5,True,,True,False,,Smart,RC,False,True,False,,,True,,False,False,False,False,False,False,False,False,False,False,0,Follow Yaw,-77.9,0,-105.9,254.1,False,False,False,False,False,,0,0,False,False,No Card,100,100,1024,1321,871,1024,2,False,False,False,False,False,0,False,False,False,False,80,,47.124,,8034,,10044,,47.124,,True,3.924,3.924,3.924,3.924,3.924,3.924,3.924,3.924,3.924,3.924,3.924,3.924,0,,False,False,True,,,,,,,,,,,,,,,False,False,19.468,,96.4,,75.7,,96.4,,1536,82,8,19,7,145800.0,19440.00,,Idle,,20,,10,,,20,Go Home,False,False,False,False,False,False,False,False,False,False,False,False,33.8027920380556,-117.4659261431046,2506.3,2972.0,1049.4,396.9,True,1,1,False,False,False,False,,True,False,False,Course Lock,196.8,67,16.4,93,SE,SW,3.35,11.4,Calm,False,False,Android,7.0.2,M300 RTK,1ZN7L4R0H1D00F,1W9DL31001461C,1ZMLH8300204F0,1Z6PH74DAP0QN7,"Corona, CA",728.3,5.7,137.7,8.547347,2.013246,0,0,DJI Matrice 300 RTK,M300 RTK,1ZN7L4R0H1D00F,1W9DL31001461C,1ZMLH8300204F0,1Z6PH74DAP0QN7,DJI Pilot,Android,7.0.2,1EF72A62-B7C3-C88D-164E-CE6F8C8424AE,1ZN7L4R0H1D00F,1W9DL31001461C,,1ZMLH8300204F0,1W9DL31001461C,,,,,
2023-11-01,11:30:31.94 AM,6m 9.6s,369.6,33.7999538530979,-117.4734581120834,85.3,137.7,13.7,1349,2943.1,5.222189,6.94893,-0.894776,2.23694,-5.144962,1.342164,0.223694,0.894776,-0.1,-0.6,0.6,-97.8,262.2,259.3,Tripod,Other,,22,5,True,,True,False,,Smart,RC,False,True,False,,,True,,False,False,False,False,False,False,False,False,False,False,0,Follow Yaw,-77.9,0,-105.9,254.1,False,False,False,False,False,,0,0,False,False,No Card,100,100,1024,1323,870,1024,2,False,False,False,False,False,0,False,False,False,False,80,,47.124,,8034,,10044,,47.124,,True,3.924,3.924,3.924,3.924,3.924,3.924,3.924,3.924,3.924,3.924,3.924,3.924,0,,False,False,True,,,,,,,,,,,,,,,False,False,19.468,,96.4,,75.7,,96.4,,1536,82,8,19,7,145800.0,19440.00,,Idle,,20,,10,,,20,Go Home,False,False,False,False,False,False,False,False,False,False,False,False,33.8027920380556,-117.4659261431046,2507.1,2972.0,1049.4,396.9,True,1,1,False,False,False,False,,True,False,False,Course Lock,196.8,67,16.4,93,SE,SW,3.35,11.4,Calm,False,False,Android,7.0.2,M300 RTK,1ZN7L4R0H1D00F,1W9DL31001461C,1ZMLH8300204F0,1Z6PH74DAP0QN7,"Corona, CA",728.3,5.7,137.7,8.547347,2.013246,0,0,DJI Matrice 300 RTK,M300 RTK,1ZN7L4R0H1D00F,1W9DL31001461C,1ZMLH8300204F0,1Z6PH74DAP0QN7,DJI Pilot,Android,7.0.2,1EF72A62-B7C3-C88D-164E-CE6F8C8424AE,1ZN7L4R0H1D00F,1W9DL31001461C,,1ZMLH8300204F0,1W9DL31001461C,,,,,
2023-11-01,11:30:32.04 AM,6m 9.7s,369.7,33.7999534194255,-117.473460783328,85.3,137.7,13.7,1349,2943.9,5.222189,6.94893,-0.894776,2.23694,-5.144962,1.342164,0.223694,0.894776,-0.1,-0.5,0.5,-97.8,262.2,258.9,Tripod,Other,,22,5,True,,True,False,,Smart,RC,False,True,False,,,True,,False,False,False,False,False,False,False,False,False,False,0,Follow Yaw,-77.9,0,-105.9,254.1,False,False,False,False,False,,0,0,False,False,No Card,100,100,1024,1321,870,1024,2,False,False,False,False,False,0,False,False,False,False,80,,47.124,,8034,,10044,,47.124,,True,3.924,3.924,3.924,3.924,3.924,3.924,3.924,3.924,3.924,3.924,3.924,3.924,0,,False,False,True,,,,,,,,,,,,,,,False,False,19.468,,96.4,,75.7,,96.4,,1536,82,8,19,7,145800.0,19440.00,,Idle,,20,,10,,,20,Go Home,False,False,False,False,False,False,False,False,False,False,False,False,33.8027920380556,-117.4659261431046,2507.9,2972.0,1049.4,396.9,True,1,1,False,False,False,False,,True,False,False,Course Lock,196.8,67,16.4,93,SE,SW,3.35,11.4,Calm,False,False,Android,7.0.2,M300 RTK,1ZN7L4R0H1D00F,1W9DL31001461C,1ZMLH8300204F0,1Z6PH74DAP0QN7,"Corona, CA",728.3,5.7,137.7,8.547347,2.013246,0,0,DJI Matrice 300 RTK,M300 RTK,1ZN7L4R0H1D00F,1W9DL31001461C,1ZMLH8300204F0,1Z6PH74DAP0QN7,DJI Pilot,Android,7.0.2,1EF72A62-B7C3-C88D-164E-CE6F8C8424AE,1ZN7L4R0H1D00F,1W9DL31001461C,,1ZMLH8300204F0,1W9DL31001461C,,,,,
2023-11-01,11:30:32.15 AM,6m 9.8s,369.8,33.7999530115213,-117.4734633667461,85.3,137.7,13.7,1349,2944.7,5.222189,6.94893,-0.894776,2.23694,-5.144962,1.342164,0.223694,0.894776,-0.1,-0.5,0.5,-97.9,262.1,259.2,Tripod,Other,,22,5,True,,True,False,,Smart,RC,False,True,False,,,True,,False,False,False,False,False,False,False,False,False,False,0,Follow Yaw,-77.9,0,-105.9,254.1,False,False,False,False,False,,0,0,False,False,No Card,100,100,1024,1320,883,991,2,False,False,False,False,False,0,False,False,False,False,80,,47.124,,8034,,10044,,47.124,,True,3.924,3.924,3.924,3.924,3.924,3.924,3.924,3.924,3.924,3.924,3.924,3.924,0,,False,False,True,,,,,,,,,,,,,,,False,False,19.468,,96.4,,75.7,,96.4,,1536,82,8,19,7,145800.0,19440.00,,Idle,,20,,10,,,20,Go Home,False,False,False,False,False,False,False,False,False,False,False,False,33.8027920380556,-117.4659261431046,2508.6,2972.0,1049.4,396.9,True,1,1,False,False,False,False,,True,False,False,Course Lock,196.8,67,16.4,93,SE,SW,3.35,11.4,Calm,False,False,Android,7.0.2,M300 RTK,1ZN7L4R0H1D00F,1W9DL31001461C,1ZMLH8300204F0,1Z6PH74DAP0QN7,"Corona, CA",728.3,5.7,137.7,8.547347,2.013246,0,0,DJI Matrice 300 RTK,M300 RTK,1ZN7L4R0H1D00F,1W9DL31001461C,1ZMLH8300204F0,1Z6PH74DAP0QN7,DJI Pilot,Android,7.0.2,1EF72A62-B7C3-C88D-164E-CE6F8C8424AE,1ZN7L4R0H1D00F,1W9DL31001461C,,1ZMLH8300204F0,1W9DL31001461C,,,,,
2023-11-01,11:30:32.25 AM,6m 9.9s,369.9,33.7999526233544,-117.4734659096733,85.3,137.7,13.7,1349,2945.5,5.222189,6.94893,-0.894776,2.23694,-5.144962,1.342164,0.223694,0.894776,-0.3,-0.6,0.6,-98,262,259.5,Tripod,Other,,22,5,True,,True,False,,Smart,RC,False,True,False,,,True,,False,False,False,False,False,False,False,False,False,False,0,Follow Yaw,-77.9,0,-105.9,254.1,False,False,False,False,False,,0,0,False,False,No Card,100,100,1024,1321,908,794,2,False,False,False,False,False,0,False,False,False,False,80,,47.124,,8034,,10044,,47.124,,True,3.924,3.924,3.924,3.924,3.924,3.924,3.924,3.924,3.924,3.924,3.924,3.924,0,,False,False,True,,,,,,,,,,,,,,,False,False,19.468,,96.4,,75.7,,96.4,,1536,82,8,19,7,145800.0,19440.00,,Idle,,20,,10,,,20,Go Home,False,False,False,False,False,False,False,False,False,False,False,False,33.8027920380556,-117.4659261431046,2509.4,2972.0,1049.4,396.9,True,1,1,False,False,False,False,,True,False,False,Course Lock,196.8,67,16.4,93,SE,SW,3.35,11.4,Calm,False,False,Android,7.0.2,M300 RTK,1ZN7L4R0H1D00F,1W9DL31001461C,1ZMLH8300204F0,1Z6PH74DAP0QN7,"Corona, CA",728.3,5.7,137.7,8.547347,2.013246,0,0,DJI Matrice 300 RTK,M300 RTK,1ZN7L4R0H1D00F,1W9DL31001461C,1ZMLH8300204F0,1Z6PH74DAP0QN7,DJI Pilot,Android,7.0.2,1EF72A62-B7C3-C88D-164E-CE6F8C8424AE,1ZN7L4R0H1D00F,1W9DL31001461C,,1ZMLH8300204F0,1W9DL31001461C,,,,,
2023-11-01,11:30:32.35 AM,6m 10.0s,370.0,33.7999521822805,-117.4734686085441,85.3,137.7,13.7,1349,2946.3,5.222189,6.94893,-0.894776,2.23694,-5.144962,1.342164,0.223694,0.894776,-0.5,-0.9,1,-98,262,258.8,Tripod,Other,,22,5,True,,True,False,,Smart,RC,False,True,False,,,True,,False,False,False,False,False,False,False,False,False,False,0,Follow Yaw,-77.9,0,-106.2,253.8,False,False,False,False,False,,0,0,False,False,No Card,100,100,1024,1319,911,793,2,False,False,False,False,False,0,False,False,False,False,80,,47.124,,8034,,10044,,47.124,,True,3.924,3.924,3.924,3.924,3.924,3.924,3.924,3.924,3.924,3.924,3.924,3.924,0,,False,False,True,,,,,,,,,,,,,,,False,False,19.616,,96.4,,75.7,,96.4,,1536,82,8,19,7,145800.0,19440.00,,Idle,,20,,10,,,20,Go Home,False,False,False,False,False,False,False,False,False,False,False,False,33.8027920380556,-117.4659261431046,2510.2,2972.0,1049.4,396.9,True,1,1,False,False,False,False,,True,False,False,Course Lock,196.8,67,16.4,93,SE,SW,3.35,11.4,Calm,False,False,Android,7.0.2,M300 RTK,1ZN7L4R0H1D00F,1W9DL31001461C,1ZMLH8300204F0,1Z6PH74DAP0QN7,"Corona, CA",728.3,5.7,137.7,8.547347,2.013246,0,0,DJI Matrice 300 RTK,M300 RTK,1ZN7L4R0H1D00F,1W9DL31001461C,1ZMLH8300204F0,1Z6PH74DAP0QN7,DJI Pilot,Android,7.0.2,1EF72A62-B7C3-C88D-164E-CE6F8C8424AE,1ZN7L4R0H1D00F,1W9DL31001461C,,1ZMLH8300204F0,1W9DL31001461C,,,,,
2023-11-01,11:30:32.46 AM,6m 10.1s,370.1,33.7999518130285,-117.4734710726336,85.3,137.7,13.7,1349,2947.1,5.222189,6.94893,-0.894776,2.23694,-5.144962,1.342164,0.223694,0.894776,-0.5,-1.7,1.7,-98.1,261.9,259.7,Tripod,Other,,22,5,True,,True,False,,Smart,RC,False,True,False,,,True,,False,False,False,False,False,False,False,False,False,False,0,Follow Yaw,-77.9,0,-106.7,253.3,False,False,False,False,False,,0,0,False,False,No Card,100,100,1024,1319,882,1024,2,False,False,False,False,False,0,False,False,False,False,80,,47.124,,8034,,10044,,47.124,,True,3.924,3.924,3.924,3.924,3.924,3.924,3.924,3.924,3.924,3.924,3.924,3.924,0,,False,False,True,,,,,,,,,,,,,,,False,False,19.616,,96.4,,75.7,,96.4,,1536,82,8,19,7,145800.0,19440.00,,Idle,,20,,10,,,20,Go Home,False,False,False,False,False,False,False,False,False,False,False,False,33.8027920380556,-117.4659261431046,2510.9,2972.0,1049.4,396.9,True,1,1,False,False,False,False,,True,False,False,Course Lock,196.8,67,16.4,93,SE,SW,3.35,11.4,Calm,False,False,Android,7.0.2,M300 RTK,1ZN7L4R0H1D00F,1W9DL31001461C,1ZMLH8300204F0,1Z6PH74DAP0QN7,"Corona, CA",728.3,5.7,137.7,8.547347,2.013246,0,0,DJI Matrice 300 RTK,M300 RTK,1ZN7L4R0H1D00F,1W9DL31001461C,1ZMLH8300204F0,1Z6PH74DAP0QN7,DJI Pilot,Android,7.0.2,1EF72A62-B7C3-C88D-164E-CE6F8C8424AE,1ZN7L4R0H1D00F,1W9DL31001461C,,1ZMLH8300204F0,1W9DL31001461C,,,,,
2023-11-01,11:30:32.56 AM,6m 10.2s,370.2,33.7999513714064,-117.4734736422799,85.3,137.7,13.7,1349,2947.9,5.222189,6.94893,-0.894776,2.23694,-5.144962,1.342164,0,0.894776,-0.5,-1.7,1.7,-98.2,261.8,258.3,Tripod,Other,,22,5,True,,True,False,,Smart,RC,False,True,False,,,True,,False,False,False,False,False,False,False,False,False,False,0,Follow Yaw,-77.9,0,-106.9,253.1,False,False,False,False,False,,0,0,False,False,No Card,100,100,1024,1319,878,1024,2,False,False,False,False,False,0,False,False,False,False,80,,47.124,,8034,,10044,,47.124,,True,3.924,3.924,3.924,3.924,3.924,3.924,3.924,3.924,3.924,3.924,3.924,3.924,0,,False,False,True,,,,,,,,,,,,,,,False,False,19.616,,96.4,,75.7,,96.4,,1536,82,8,19,7,145800.0,19440.00,,Idle,,20,,10,,,20,Go Home,False,False,False,False,False,False,False,False,False,False,False,False,33.8027920380556,-117.4659261431046,2511.7,2972.0,1049.4,396.9,True,1,1,False,False,False,False,,True,False,False,Course Lock,196.8,67,16.4,93,SE,SW,3.35,11.4,Calm,False,False,Android,7.0.2,M300 RTK,1ZN7L4R0H1D00F,1W9DL31001461C,1ZMLH8300204F0,1Z6PH74DAP0QN7,"Corona, CA",728.3,5.7,137.7,8.547347,2.013246,0,0,DJI Matrice 300 RTK,M300 RTK,1ZN7L4R0H1D00F,1W9DL31001461C,1ZMLH8300204F0,1Z6PH74DAP0QN7,DJI Pilot,Android,7.0.2,1EF72A62-B7C3-C88D-164E-CE6F8C8424AE,1ZN7L4R0H1D00F,1W9DL31001461C,,1ZMLH8300204F0,1W9DL31001461C,,,,,
2023-11-01,11:30:32.67 AM,6m 10.3s,370.3,33.7999509210122,-117.4734762569527,85.3,137.7,13.7,1349,2948.7,5.222189,6.94893,-0.894776,2.23694,-5.144962,1.342164,0,0.894776,-0.7,-0.4,0.8,-98.4,261.6,258.2,Tripod,Other,,22,5,True,,True,False,,Smart,RC,False,True,False,,,True,,False,False,False,False,False,False,False,False,False,False,0,Follow Yaw,-77.9,0,-106.9,253.1,False,False,False,False,False,,0,0,False,False,No Card,100,100,1024,1317,879,1024,2,False,False,False,False,False,0,False,False,False,False,80,,47.124,,8034,,10044,,47.124,,True,3.927,3.927,3.927,3.927,3.927,3.927,3.927,3.927,3.927,3.927,3.927,3.927,0,,False,False,True,,,,,,,,,,,,,,,False,False,19.616,,96.4,,75.7,,96.4,,1530,82,8,19,7,146492.0,19532.27,,Idle,,20,,10,,,20,Go Home,False,False,False,False,False,False,False,False,False,False,False,False,33.8027920380556,-117.4659261431046,2512.5,2972.0,1049.4,396.9,True,1,1,False,False,False,False,,True,False,False,Course Lock,196.8,67,16.4,93,SE,SW,3.35,11.4,Calm,False,False,Android,7.0.2,M300 RTK,1ZN7L4R0H1D00F,1W9DL31001461C,1ZMLH8300204F0,1Z6PH74DAP0QN7,"Corona, CA",728.3,5.7,137.7,8.547347,2.013246,0,0,DJI Matrice 300 RTK,M300 RTK,1ZN7L4R0H1D00F,1W9DL31001461C,1ZMLH8300204F0,1Z6PH74DAP0QN7,DJI Pilot,Android,7.0.2,1EF72A62-B7C3-C88D-164E-CE6F8C8424AE,1ZN7L4R0H1D00F,1W9DL31001461C,,1ZMLH8300204F0,1W9DL31001461C,,,,,
2023-11-01,11:30:32.77 AM,6m 10.4s,370.4,33.799950462394,-117.4734788402059,84.9,137.7,13.7,1349,2949.5,5.222189,6.94893,-0.894776,2.23694,-5.144962,1.342164,0,0.894776,-0.8,0.2,0.8,-98.7,261.3,257.9,Tripod,Other,,22,5,True,,True,False,,Smart,RC,False,True,False,,,True,,False,False,False,False,False,False,False,False,False,False,0,Follow Yaw,-77.9,0,-106.9,253.1,False,False,False,False,False,,0,0,False,False,No Card,100,100,1024,1314,885,1024,2,False,False,False,False,False,0,False,False,False,False,80,,47.124,,8034,,10044,,47.124,,True,3.927,3.927,3.927,3.927,3.927,3.927,3.927,3.927,3.927,3.927,3.927,3.927,0,,False,False,True,,,,,,,,,,,,,,,False,False,19.616,,96.4,,75.7,,96.4,,1530,82,8,19,7,146492.0,19532.27,,Idle,,20,,10,,,20,Go Home,False,False,False,False,False,False,False,False,False,False,False,False,33.8027920380556,-117.4659261431046,2513.3,2972.0,1049.4,396.9,True,1,1,False,False,False,False,,True,False,False,Course Lock,196.8,67,16.4,93,SE,SW,3.35,11.4,Calm,False,False,Android,7.0.2,M300 RTK,1ZN7L4R0H1D00F,1W9DL31001461C,1ZMLH8300204F0,1Z6PH74DAP0QN7,"Corona, CA",728.3,5.7,137.7,8.547347,2.013246,0,0,DJI Matrice 300 RTK,M300 RTK,1ZN7L4R0H1D00F,1W9DL31001461C,1ZMLH8300204F0,1Z6PH74DAP0QN7,DJI Pilot,Android,7.0.2,1EF72A62-B7C3-C88D-164E-CE6F8C8424AE,1ZN7L4R0H1D00F,1W9DL31001461C,,1ZMLH8300204F0,1W9DL31001461C,,,,,
2023-11-01,11:30:32.87 AM,6m 10.5s,370.5,33.799949899881,-117.4734815069973,84.9,137.7,13.7,1349,2950.3,5.442709,6.94893,-0.894776,2.23694,-5.368656,1.342164,0.223694,0.894776,-0.6,0.2,0.6,-98.8,261.2,255.7,Tripod,Other,,22,5,True,,True,False,,Smart,RC,False,True,False,,,True,,False,False,False,False,False,False,False,False,False,False,0,Follow Yaw,-77.9,0,-106.9,253.1,False,False,False,False,False,,0,0,False,False,No Card,100,100,1024,1313,887,1024,2,False,False,False,False,False,0,False,False,False,False,80,,47.124,,8034,,10044,,47.124,,True,3.927,3.927,3.927,3.927,3.927,3.927,3.927,3.927,3.927,3.927,3.927,3.927,0,,False,False,True,,,,,,,,,,,,,,,False,False,19.616,,96.4,,75.7,,96.4,,1530,82,8,19,7,146492.0,19532.27,,Idle,,20,,10,,,20,Go Home,False,False,False,False,False,False,False,False,False,False,False,False,33.8027920380556,-117.4659261431046,2514.1,2972.0,1049.4,396.9,True,1,1,False,False,False,False,,True,False,False,Course Lock,196.8,67,16.4,93,SE,SW,3.35,11.4,Calm,False,False,Android,7.0.2,M300 RTK,1ZN7L4R0H1D00F,1W9DL31001461C,1ZMLH8300204F0,1Z6PH74DAP0QN7,"Corona, CA",728.3,5.7,137.7,8.547347,2.013246,0,0,DJI Matrice 300 RTK,M300 RTK,1ZN7L4R0H1D00F,1W9DL31001461C,1ZMLH8300204F0,1Z6PH74DAP0QN7,DJI Pilot,Android,7.0.2,1EF72A62-B7C3-C88D-164E-CE6F8C8424AE,1ZN7L4R0H1D00F,1W9DL31001461C,,1ZMLH8300204F0,1W9DL31001461C,,,,,
2023-11-01,11:30:32.98 AM,6m 10.6s,370.6,33.7999494593554,-117.4734841221649,84.9,137.7,13.7,1349,2951.1,5.442709,6.94893,-0.894776,2.23694,-5.368656,1.342164,0.223694,0.894776,-0.3,-0.3,0.4,-98.9,261.1,258.5,Tripod,Other,,22,5,True,,True,False,,Smart,RC,False,True,False,,,True,,False,False,False,False,False,False,False,False,False,False,0,Follow Yaw,-77.9,0,-106.9,253.1,False,False,False,False,False,,0,0,False,False,No Card,100,100,1024,1315,886,1024,2,False,False,False,False,False,0,False,False,False,False,80,,47.124,,8034,,10044,,47.124,,True,3.927,3.927,3.927,3.927,3.927,3.927,3.927,3.927,3.927,3.927,3.927,3.927,0,,False,False,True,,,,,,,,,,,,,,,False,False,19.616,,96.4,,75.7,,96.4,,1530,82,8,19,7,146492.0,19532.27,,Idle,,20,,10,,,20,Go Home,False,False,False,False,False,False,False,False,False,False,False,False,33.8027920380556,-117.4659261431046,2514.9,2972.0,1049.4,396.9,True,1,1,False,False,False,False,,True,False,False,Course Lock,196.8,67,16.4,93,SE,SW,3.35,11.4,Calm,False,False,Android,7.0.2,M300 RTK,1ZN7L4R0H1D00F,1W9DL31001461C,1ZMLH8300204F0,1Z6PH74DAP0QN7,"Corona, CA",728.3,5.7,137.7,8.547347,2.013246,0,0,DJI Matrice 300 RTK,M300 RTK,1ZN7L4R0H1D00F,1W9DL31001461C,1ZMLH8300204F0,1Z6PH74DAP0QN7,DJI Pilot,Android,7.0.2,1EF72A62-B7C3-C88D-164E-CE6F8C8424AE,1ZN7L4R0H1D00F,1W9DL31001461C,,1ZMLH8300204F0,1W9DL31001461C,,,,,
2023-11-01,11:30:33.08 AM,6m 10.7s,370.7,33.7999491668595,-117.4734867719683,84.9,137.7,13.7,1349,2952.0,5.442709,6.94893,-0.894776,2.23694,-5.368656,1.342164,0.223694,0.894776,-0.1,-0.9,0.9,-99,261,262.4,Tripod,Other,,22,5,True,,True,False,,Smart,RC,False,True,False,,,True,,False,False,False,False,False,False,False,False,False,False,0,Follow Yaw,-77.9,0,-106.9,253.1,False,False,False,False,False,,0,0,False,False,No Card,100,100,1024,1313,885,1024,2,False,False,False,False,False,0,False,False,False,False,80,,47.124,,8034,,10044,,47.124,,True,3.927,3.927,3.927,3.927,3.927,3.927,3.927,3.927,3.927,3.927,3.927,3.927,0,,False,False,True,,,,,,,,,,,,,,,False,False,19.616,,96.4,,75.7,,96.4,,1530,82,8,19,7,146492.0,19532.27,,Idle,,20,,10,,,20,Go Home,False,False,False,False,False,False,False,False,False,False,False,False,33.8027920380556,-117.4659261431046,2515.7,2972.0,1049.4,396.9,True,1,1,False,False,False,False,,True,False,False,Course Lock,196.8,67,16.4,93,SE,SW,3.35,11.4,Calm,False,False,Android,7.0.2,M300 RTK,1ZN7L4R0H1D00F,1W9DL31001461C,1ZMLH8300204F0,1Z6PH74DAP0QN7,"Corona, CA",728.3,5.7,137.7,8.547347,2.013246,0,0,DJI Matrice 300 RTK,M300 RTK,1ZN7L4R0H1D00F,1W9DL31001461C,1ZMLH8300204F0,1Z6PH74DAP0QN7,DJI Pilot,Android,7.0.2,1EF72A62-B7C3-C88D-164E-CE6F8C8424AE,1ZN7L4R0H1D00F,1W9DL31001461C,,1ZMLH8300204F0,1W9DL31001461C,,,,,
2023-11-01,11:30:33.18 AM,6m 10.8s,370.8,33.7999487323648,-117.4734893971968,84.9,137.7,13.7,1349,2952.8,5.442709,6.94893,-0.894776,2.23694,-5.368656,1.342164,0.223694,0.894776,0.1,-1.1,1.1,-99,261,258.7,Tripod,Other,,21,5,True,,True,False,,Smart,RC,False,True,False,,,True,,False,False,False,False,False,False,False,False,False,False,0,Follow Yaw,-77.9,0,-106.9,253.1,False,False,False,False,False,,0,0,False,False,No Card,100,100,1024,1310,885,1024,2,False,False,False,False,False,0,False,False,False,False,80,,47.124,,8034,,10044,,47.124,,True,3.927,3.927,3.927,3.927,3.927,3.927,3.927,3.927,3.927,3.927,3.927,3.927,0,,False,False,True,,,,,,,,,,,,,,,False,False,19.616,,96.4,,75.7,,96.4,,1530,82,8,19,7,146492.0,19532.27,,Idle,,20,,10,,,20,Go Home,False,False,False,False,False,False,False,False,False,False,False,False,33.8027920380556,-117.4659261431046,2516.5,2972.0,1049.4,396.9,True,1,1,False,False,False,False,,True,False,False,Course Lock,196.8,67,16.4,93,SE,SW,3.35,11.4,Calm,False,False,Android,7.0.2,M300 RTK,1ZN7L4R0H1D00F,1W9DL31001461C,1ZMLH8300204F0,1Z6PH74DAP0QN7,"Corona, CA",728.3,5.7,137.7,8.547347,2.013246,0,0,DJI Matrice 300 RTK,M300 RTK,1ZN7L4R0H1D00F,1W9DL31001461C,1ZMLH8300204F0,1Z6PH74DAP0QN7,DJI Pilot,Android,7.0.2,1EF72A62-B7C3-C88D-164E-CE6F8C8424AE,1ZN7L4R0H1D00F,1W9DL31001461C,,1ZMLH8300204F0,1W9DL31001461C,,,,,
2023-11-01,11:30:33.24 AM,6m 10.9s,370.9,33.7999482731984,-117.4734919880368,84.9,137.7,13.7,1349,2953.6,5.442709,6.94893,-0.894776,2.23694,-5.368656,1.342164,0.223694,0.894776,0.4,-0.9,0.9,-98.9,261.1,257.9,Tripod,Other,,21,5,True,,True,False,,Smart,RC,False,True,False,,,True,,False,False,False,False,False,False,False,False,False,False,0,Follow Yaw,-77.9,0,-106.9,253.1,False,False,False,False,False,,0,0,False,False,No Card,100,100,1024,1310,885,1024,2,False,False,False,False,False,0,False,False,False,False,80,,47.124,,8034,,10044,,47.124,,True,3.927,3.927,3.927,3.927,3.927,3.927,3.927,3.927,3.927,3.927,3.927,3.927,0,,False,False,True,,,,,,,,,,,,,,,False,False,19.616,,96.4,,75.7,,96.4,,1530,82,8,19,7,146492.0,19532.27,,Idle,,20,,10,,,20,Go Home,False,False,False,False,False,False,False,False,False,False,False,False,33.8027920380556,-117.4659261431046,2517.2,2972.0,1049.4,396.9,True,1,1,False,False,False,False,,True,False,False,Course Lock,196.8,67,16.4,93,SE,SW,3.35,11.4,Calm,False,False,Android,7.0.2,M300 RTK,1ZN7L4R0H1D00F,1W9DL31001461C,1ZMLH8300204F0,1Z6PH74DAP0QN7,"Corona, CA",728.3,5.7,137.7,8.547347,2.013246,0,0,DJI Matrice 300 RTK,M300 RTK,1ZN7L4R0H1D00F,1W9DL31001461C,1ZMLH8300204F0,1Z6PH74DAP0QN7,DJI Pilot,Android,7.0.2,1EF72A62-B7C3-C88D-164E-CE6F8C8424AE,1ZN7L4R0H1D00F,1W9DL31001461C,,1ZMLH8300204F0,1W9DL31001461C,,,,,
2023-11-01,11:30:33.34 AM,6m 11.0s,371.0,33.7999478236265,-117.4734945961123,84.9,137.7,13.7,1349,2954.4,5.222189,6.94893,-0.894776,2.23694,-5.144962,1.342164,0.223694,0.894776,0.4,-0.5,0.6,-98.8,261.2,258.2,Tripod,Other,,21,5,True,,True,False,,Smart,RC,False,True,False,,,True,,False,False,False,False,False,False,False,False,False,False,0,Follow Yaw,-77.9,0,-106.9,253.1,False,False,False,False,False,,0,0,False,False,No Card,100,100,1024,1311,884,1024,2,False,False,False,False,False,0,False,False,False,False,80,,47.1,,8034,,10044,,47.1,,True,3.927,3.927,3.927,3.927,3.927,3.927,3.927,3.927,3.927,3.927,3.927,3.927,0,,False,False,True,,,,,,,,,,,,,,,False,False,19.782,,96.4,,75.7,,96.4,,1530,82,8,19,7,146492.0,19532.27,,Idle,,20,,10,,,20,Go Home,False,False,False,False,False,False,False,False,False,False,False,False,33.8027920380556,-117.4659261431046,2518.0,2972.0,1049.4,396.9,True,1,1,False,False,False,False,,True,False,False,Course Lock,196.8,67,16.4,93,SE,SW,3.35,11.4,Calm,False,False,Android,7.0.2,M300 RTK,1ZN7L4R0H1D00F,1W9DL31001461C,1ZMLH8300204F0,1Z6PH74DAP0QN7,"Corona, CA",728.3,5.7,137.7,8.547347,2.013246,0,0,DJI Matrice 300 RTK,M300 RTK,1ZN7L4R0H1D00F,1W9DL31001461C,1ZMLH8300204F0,1Z6PH74DAP0QN7,DJI Pilot,Android,7.0.2,1EF72A62-B7C3-C88D-164E-CE6F8C8424AE,1ZN7L4R0H1D00F,1W9DL31001461C,,1ZMLH8300204F0,1W9DL31001461C,,,,,
2023-11-01,11:30:33.44 AM,6m 11.1s,371.1,33.7999472923642,-117.4734972729645,84.9,137.7,13.7,1349,2955.2,5.222189,6.94893,-0.894776,2.23694,-5.144962,1.342164,0,0.894776,0.4,-0.1,0.4,-98.7,261.3,256.5,Tripod,Other,,21,5,True,,True,False,,Smart,RC,False,True,False,,,True,,False,False,False,False,False,False,False,False,False,False,0,Follow Yaw,-77.9,0,-106.9,253.1,False,False,False,False,False,,0,0,False,False,No Card,100,100,1024,1311,888,1024,2,False,False,False,False,False,0,False,False,False,False,80,,47.1,,8034,,10044,,47.1,,True,3.927,3.927,3.927,3.927,3.927,3.927,3.927,3.927,3.927,3.927,3.927,3.927,0,,False,False,True,,,,,,,,,,,,,,,False,False,19.782,,96.4,,75.7,,96.4,,1530,82,8,19,7,146492.0,19532.27,,Idle,,20,,10,,,20,Go Home,False,False,False,False,False,False,False,False,False,False,False,False,33.8027920380556,-117.4659261431046,2518.9,2972.0,1049.4,396.9,True,1,1,False,False,False,False,,True,False,False,Course Lock,196.8,67,16.4,93,SE,SW,3.35,11.4,Calm,False,False,Android,7.0.2,M300 RTK,1ZN7L4R0H1D00F,1W9DL31001461C,1ZMLH8300204F0,1Z6PH74DAP0QN7,"Corona, CA",728.3,5.7,137.7,8.547347,2.013246,0,0,DJI Matrice 300 RTK,M300 RTK,1ZN7L4R0H1D00F,1W9DL31001461C,1ZMLH8300204F0,1Z6PH74DAP0QN7,DJI Pilot,Android,7.0.2,1EF72A62-B7C3-C88D-164E-CE6F8C8424AE,1ZN7L4R0H1D00F,1W9DL31001461C,,1ZMLH8300204F0,1W9DL31001461C,,,,,
2023-11-01,11:30:33.54 AM,6m 11.2s,371.2,33.7999468189431,-117.4734999875039,84.9,137.7,13.7,1349,2956.0,5.222189,6.94893,-0.894776,2.23694,-5.144962,1.342164,0,0.894776,0.2,0,0.2,-98.6,261.4,258.1,Tripod,Other,,21,5,True,,True,False,,Smart,RC,False,True,False,,,True,,False,False,False,False,False,False,False,False,False,False,0,Follow Yaw,-77.9,0,-106.9,253.1,False,False,False,False,False,,0,0,False,False,No Card,100,100,1024,1312,920,1024,2,False,False,False,False,False,0,False,False,False,False,80,,47.1,,8034,,10044,,47.1,,True,3.927,3.927,3.927,3.927,3.927,3.927,3.927,3.927,3.927,3.927,3.927,3.927,0,,False,False,True,,,,,,,,,,,,,,,False,False,19.782,,96.4,,75.7,,96.4,,1530,82,8,19,7,146492.0,19532.27,,Idle,,20,,10,,,20,Go Home,False,False,False,False,False,False,False,False,False,False,False,False,33.8027920380556,-117.4659261431046,2519.7,2972.0,1049.4,396.9,True,1,1,False,False,False,False,,True,False,False,Course Lock,196.8,67,16.4,93,SE,SW,3.35,11.4,Calm,False,False,Android,7.0.2,M300 RTK,1ZN7L4R0H1D00F,1W9DL31001461C,1ZMLH8300204F0,1Z6PH74DAP0QN7,"Corona, CA",728.3,5.7,137.7,8.547347,2.013246,0,0,DJI Matrice 300 RTK,M300 RTK,1ZN7L4R0H1D00F,1W9DL31001461C,1ZMLH8300204F0,1Z6PH74DAP0QN7,DJI Pilot,Android,7.0.2,1EF72A62-B7C3-C88D-164E-CE6F8C8424AE,1ZN7L4R0H1D00F,1W9DL31001461C,,1ZMLH8300204F0,1W9DL31001461C,,,,,
2023-11-01,11:30:33.64 AM,6m 11.3s,371.3,33.7999463822553,-117.4735023451295,84.9,137.7,13.7,1349,2956.8,5.222189,6.94893,-0.894776,2.23694,-5.144962,1.342164,0,0.894776,0,0,0,-98.6,261.4,257.4,Tripod,Other,,21,5,True,,True,False,,Smart,RC,False,True,False,,,True,,False,False,False,False,False,False,False,False,False,False,0,Follow Yaw,-77.9,0,-106.9,253.1,False,False,False,False,False,,0,0,False,False,No Card,100,100,1024,1311,920,1024,2,False,False,False,False,False,0,False,False,False,False,80,,47.1,,8034,,10044,,47.1,,True,3.927,3.927,3.927,3.927,3.927,3.927,3.927,3.927,3.927,3.927,3.927,3.927,0,,False,False,True,,,,,,,,,,,,,,,False,False,19.782,,96.4,,75.7,,96.4,,1524,82,8,19,7,146989.0,19598.54,,Idle,,20,,10,,,20,Go Home,False,False,False,False,False,False,False,False,False,False,False,False,33.8027920380556,-117.4659261431046,2520.4,2972.0,1049.4,396.9,True,1,1,False,False,False,False,,True,False,False,Course Lock,196.8,67,16.4,93,SE,SW,3.35,11.4,Calm,False,False,Android,7.0.2,M300 RTK,1ZN7L4R0H1D00F,1W9DL31001461C,1ZMLH8300204F0,1Z6PH74DAP0QN7,"Corona, CA",728.3,5.7,137.7,8.547347,2.013246,0,0,DJI Matrice 300 RTK,M300 RTK,1ZN7L4R0H1D00F,1W9DL31001461C,1ZMLH8300204F0,1Z6PH74DAP0QN7,DJI Pilot,Android,7.0.2,1EF72A62-B7C3-C88D-164E-CE6F8C8424AE,1ZN7L4R0H1D00F,1W9DL31001461C,,1ZMLH8300204F0,1W9DL31001461C,,,,,
2023-11-01,11:30:33.74 AM,6m 11.4s,371.4,33.7999459208959,-117.4735050317128,84.6,137.7,13.7,1348,2957.6,5.222189,6.94893,-0.894776,2.23694,-5.144962,1.342164,0,0.894776,-0.2,-0.1,0.2,-98.7,261.3,258.3,Tripod,Other,,21,5,True,,True,False,,Smart,RC,False,True,False,,,True,,False,False,False,False,False,False,False,False,False,False,0,Follow Yaw,-77.9,0,-106.9,253.1,False,False,False,False,False,,0,0,False,False,No Card,100,100,1024,1311,919,1024,2,False,False,False,False,False,0,False,False,False,False,80,,47.1,,8034,,10044,,47.1,,True,3.927,3.927,3.927,3.927,3.927,3.927,3.927,3.927,3.927,3.927,3.927,3.927,0,,False,False,True,,,,,,,,,,,,,,,False,False,19.782,,96.4,,75.7,,96.4,,1524,82,8,19,7,146989.0,19598.54,,Idle,,20,,10,,,20,Go Home,False,False,False,False,False,False,False,False,False,False,False,False,33.8027920380556,-117.4659261431046,2521.2,2972.0,1049.4,396.9,True,1,1,False,False,False,False,,True,False,False,Course Lock,196.8,67,16.4,93,SE,SW,3.35,11.4,Calm,False,False,Android,7.0.2,M300 RTK,1ZN7L4R0H1D00F,1W9DL31001461C,1ZMLH8300204F0,1Z6PH74DAP0QN7,"Corona, CA",728.3,5.7,137.7,8.547347,2.013246,0,0,DJI Matrice 300 RTK,M300 RTK,1ZN7L4R0H1D00F,1W9DL31001461C,1ZMLH8300204F0,1Z6PH74DAP0QN7,DJI Pilot,Android,7.0.2,1EF72A62-B7C3-C88D-164E-CE6F8C8424AE,1ZN7L4R0H1D00F,1W9DL31001461C,,1ZMLH8300204F0,1W9DL31001461C,,,,,
2023-11-01,11:30:33.84 AM,6m 11.5s,371.5,33.7999455568524,-117.4735076328612,84.6,137.7,13.7,1348,2958.4,5.222189,6.94893,-0.894776,2.23694,-5.144962,1.342164,0,0.894776,-0.4,-0.2,0.4,-98.7,261.3,260.4,Tripod,Other,,21,5,True,,True,False,,Smart,RC,False,True,False,,,True,,False,False,False,False,False,False,False,False,False,False,0,Follow Yaw,-77.9,0,-106.9,253.1,False,False,False,False,False,,0,0,False,False,No Card,100,100,1024,1312,914,1024,2,False,False,False,False,False,0,False,False,False,False,80,,47.1,,8034,,10044,,47.1,,True,3.927,3.927,3.927,3.927,3.927,3.927,3.927,3.927,3.927,3.927,3.927,3.927,0,,False,False,True,,,,,,,,,,,,,,,False,False,19.782,,96.4,,75.7,,96.4,,1524,82,8,19,7,146989.0,19598.54,,Idle,,20,,10,,,20,Go Home,False,False,False,False,False,False,False,False,False,False,False,False,33.8027920380556,-117.4659261431046,2522.0,2972.0,1049.4,396.9,True,1,1,False,False,False,False,,True,False,False,Course Lock,196.8,67,16.4,93,SE,SW,3.35,11.4,Calm,False,False,Android,7.0.2,M300 RTK,1ZN7L4R0H1D00F,1W9DL31001461C,1ZMLH8300204F0,1Z6PH74DAP0QN7,"Corona, CA",728.3,5.7,137.7,8.547347,2.013246,0,0,DJI Matrice 300 RTK,M300 RTK,1ZN7L4R0H1D00F,1W9DL31001461C,1ZMLH8300204F0,1Z6PH74DAP0QN7,DJI Pilot,Android,7.0.2,1EF72A62-B7C3-C88D-164E-CE6F8C8424AE,1ZN7L4R0H1D00F,1W9DL31001461C,,1ZMLH8300204F0,1W9DL31001461C,,,,,
2023-11-01,11:30:33.94 AM,6m 11.6s,371.6,33.7999451292108,-117.4735101992912,84.6,137.7,13.7,1348,2959.2,5.222189,6.94893,-0.894776,2.23694,-5.144962,1.342164,0,0.894776,-0.5,-0.3,0.5,-98.8,261.2,258.6,Tripod,Other,,21,5,True,,True,False,,Smart,RC,False,True,False,,,True,,False,False,False,False,False,False,False,False,False,False,0,Follow Yaw,-77.9,0,-106.9,253.1,False,False,False,False,False,,0,0,False,False,No Card,100,100,1024,1311,915,1024,2,False,False,False,False,False,0,False,False,False,False,80,,47.1,,8034,,10044,,47.1,,True,3.927,3.927,3.927,3.927,3.927,3.927,3.927,3.927,3.927,3.927,3.927,3.927,0,,False,False,True,,,,,,,,,,,,,,,False,False,19.782,,96.4,,75.7,,96.4,,1524,82,8,19,7,146989.0,19598.54,,Idle,,20,,10,,,20,Go Home,False,False,False,False,False,False,False,False,False,False,False,False,33.8027920380556,-117.4659261431046,2522.7,2972.0,1049.4,396.9,True,1,1,False,False,False,False,,True,False,False,Course Lock,196.8,67,16.4,93,SE,SW,3.35,11.4,Calm,False,False,Android,7.0.2,M300 RTK,1ZN7L4R0H1D00F,1W9DL31001461C,1ZMLH8300204F0,1Z6PH74DAP0QN7,"Corona, CA",728.3,5.7,137.7,8.547347,2.013246,0,0,DJI Matrice 300 RTK,M300 RTK,1ZN7L4R0H1D00F,1W9DL31001461C,1ZMLH8300204F0,1Z6PH74DAP0QN7,DJI Pilot,Android,7.0.2,1EF72A62-B7C3-C88D-164E-CE6F8C8424AE,1ZN7L4R0H1D00F,1W9DL31001461C,,1ZMLH8300204F0,1W9DL31001461C,,,,,
2023-11-01,11:30:34.00 AM,6m 11.7s,371.7,33.7999446971832,-117.4735126524128,84.6,137.7,13.7,1348,2960.0,5.222189,6.94893,-0.894776,2.23694,-5.144962,1.342164,0,0.894776,-0.4,-0.4,0.5,-98.7,261.3,258.0,Tripod,Other,,21,5,True,,True,False,,Smart,RC,False,True,False,,,True,,False,False,False,False,False,False,False,False,False,False,0,Follow Yaw,-77.9,0,-106.9,253.1,False,False,False,False,False,,0,0,False,False,No Card,100,100,1024,1311,916,1024,2,False,False,False,False,False,0,False,False,False,False,80,,47.052,,3988,,4986,,47.052,,True,3.927,3.927,3.927,3.927,3.927,3.927,3.927,3.927,3.927,3.927,3.927,3.927,0,,False,False,True,,,,,,,,,,,,,,,False,False,9.894,,96.4,,75.7,,96.4,,1524,82,8,19,7,146989.0,19598.54,,Idle,,20,,10,,,20,Go Home,False,False,False,False,False,False,False,False,False,False,False,False,33.8027920380556,-117.4659261431046,2523.5,2972.0,1049.4,396.9,True,1,1,False,False,False,False,,True,False,False,Course Lock,196.8,67,16.4,93,SE,SW,3.35,11.4,Calm,False,False,Android,7.0.2,M300 RTK,1ZN7L4R0H1D00F,1W9DL31001461C,1ZMLH8300204F0,1Z6PH74DAP0QN7,"Corona, CA",728.3,5.7,137.7,8.547347,2.013246,0,0,DJI Matrice 300 RTK,M300 RTK,1ZN7L4R0H1D00F,1W9DL31001461C,1ZMLH8300204F0,1Z6PH74DAP0QN7,DJI Pilot,Android,7.0.2,1EF72A62-B7C3-C88D-164E-CE6F8C8424AE,1ZN7L4R0H1D00F,1W9DL31001461C,,1ZMLH8300204F0,1W9DL31001461C,,,,,
2023-11-01,11:30:34.14 AM,6m 11.8s,371.8,33.7999442695417,-117.4735152053184,84.6,137.7,14.1,1348,2960.8,5.222189,6.94893,-0.894776,2.23694,-5.144962,1.342164,0,0.894776,-0.3,-0.3,0.4,-98.8,261.2,258.6,Tripod,Other,,22,5,True,,True,False,,Smart,RC,False,True,False,,,True,,False,False,False,False,False,False,False,False,False,False,0,Follow Yaw,-77.9,0,-106.9,253.1,False,False,False,False,False,,0,0,False,False,No Card,100,100,1024,1312,916,1024,2,False,False,False,False,False,0,False,False,False,False,80,,47.052,,3988,,4986,,47.052,,True,3.927,3.927,3.927,3.927,3.927,3.927,3.927,3.927,3.927,3.927,3.927,3.927,0,,False,False,True,,,,,,,,,,,,,,,False,False,9.894,,96.4,,75.7,,96.4,,1524,82,8,19,7,146989.0,19598.54,,Idle,,20,,10,,,20,Go Home,False,False,False,False,False,False,False,False,False,False,False,False,33.8027920380556,-117.4659261431046,2524.3,2972.0,1049.4,396.9,True,1,1,False,False,False,False,,True,False,False,Course Lock,196.8,67,16.4,93,SE,SW,3.35,11.4,Calm,False,False,Android,7.0.2,M300 RTK,1ZN7L4R0H1D00F,1W9DL31001461C,1ZMLH8300204F0,1Z6PH74DAP0QN7,"Corona, CA",728.3,5.7,137.7,8.547347,2.013246,0,0,DJI Matrice 300 RTK,M300 RTK,1ZN7L4R0H1D00F,1W9DL31001461C,1ZMLH8300204F0,1Z6PH74DAP0QN7,DJI Pilot,Android,7.0.2,1EF72A62-B7C3-C88D-164E-CE6F8C8424AE,1ZN7L4R0H1D00F,1W9DL31001461C,,1ZMLH8300204F0,1W9DL31001461C,,,,,
2023-11-01,11:30:34.24 AM,6m 11.9s,371.9,33.7999439238648,-117.4735179901189,84.6,137.7,14.1,1348,2961.6,5.222189,6.94893,-0.894776,2.23694,-5.144962,1.342164,0,0.894776,-0.2,-0.2,0.2,-98.8,261.2,261.5,Tripod,Other,,22,5,True,,True,False,,Smart,RC,False,True,False,,,True,,False,False,False,False,False,False,False,False,False,False,0,Follow Yaw,-77.9,0,-106.9,253.1,False,False,False,False,False,,0,0,False,False,No Card,100,100,1024,1311,904,1024,2,False,False,False,False,False,0,False,False,False,False,80,,47.052,,3988,,4986,,47.052,,True,3.927,3.927,3.927,3.927,3.927,3.927,3.927,3.927,3.927,3.927,3.927,3.927,0,,False,False,True,,,,,,,,,,,,,,,False,False,9.894,,96.4,,75.7,,96.4,,1524,82,8,19,7,146989.0,19598.54,,Idle,,20,,10,,,20,Go Home,False,False,False,False,False,False,False,False,False,False,False,False,33.8027920380556,-117.4659261431046,2525.1,2972.0,1049.4,396.9,True,1,1,False,False,False,False,,True,False,False,Course Lock,196.8,67,16.4,93,SE,SW,3.35,11.4,Calm,False,False,Android,7.0.2,M300 RTK,1ZN7L4R0H1D00F,1W9DL31001461C,1ZMLH8300204F0,1Z6PH74DAP0QN7,"Corona, CA",728.3,5.7,137.7,8.547347,2.013246,0,0,DJI Matrice 300 RTK,M300 RTK,1ZN7L4R0H1D00F,1W9DL31001461C,1ZMLH8300204F0,1Z6PH74DAP0QN7,DJI Pilot,Android,7.0.2,1EF72A62-B7C3-C88D-164E-CE6F8C8424AE,1ZN7L4R0H1D00F,1W9DL31001461C,,1ZMLH8300204F0,1W9DL31001461C,,,,,
2023-11-01,11:30:34.34 AM,6m 12.0s,372.0,33.7999435296671,-117.4735204081923,84.6,137.7,14.1,1348,2962.4,5.222189,6.94893,-0.894776,2.23694,-5.144962,1.342164,0,0.894776,-0.2,-0.1,0.2,-98.8,261.2,258.9,Tripod,Other,,22,5,True,,True,False,,Smart,RC,False,True,False,,,True,,False,False,False,False,False,False,False,False,False,False,0,Follow Yaw,-77.9,0,-106.9,253.1,False,False,False,False,False,,0,0,False,False,No Card,100,100,1024,1311,909,1024,2,False,False,False,False,False,0,False,False,False,False,80,,47.076,,8034,,10044,,47.076,,True,3.927,3.927,3.927,3.927,3.927,3.927,3.927,3.927,3.927,3.927,3.927,3.927,0,,False,False,True,,,,,,,,,,,,,,,False,False,19.986,,96.4,,75.7,,96.4,,1524,82,8,19,7,146989.0,19598.54,,Idle,,20,,10,,,20,Go Home,False,False,False,False,False,False,False,False,False,False,False,False,33.8027920380556,-117.4659261431046,2525.8,2972.0,1049.4,396.9,True,1,1,False,False,False,False,,True,False,False,Course Lock,196.8,67,16.4,93,SE,SW,3.35,11.4,Calm,False,False,Android,7.0.2,M300 RTK,1ZN7L4R0H1D00F,1W9DL31001461C,1ZMLH8300204F0,1Z6PH74DAP0QN7,"Corona, CA",728.3,5.7,137.7,8.547347,2.013246,0,0,DJI Matrice 300 RTK,M300 RTK,1ZN7L4R0H1D00F,1W9DL31001461C,1ZMLH8300204F0,1Z6PH74DAP0QN7,DJI Pilot,Android,7.0.2,1EF72A62-B7C3-C88D-164E-CE6F8C8424AE,1ZN7L4R0H1D00F,1W9DL31001461C,,1ZMLH8300204F0,1W9DL31001461C,,,,,
2023-11-01,11:30:34.42 AM,6m 12.1s,372.1,33.7999430129336,-117.4735228925685,84.6,137.7,14.1,1348,2963.1,5.222189,6.94893,-0.894776,2.23694,-5.144962,1.342164,0,0.894776,-0.4,-0.3,0.5,-98.8,261.2,255.9,Tripod,Other,,22,5,True,,True,False,,Smart,RC,False,True,False,,,True,,False,False,False,False,False,False,False,False,False,False,0,Follow Yaw,-77.9,0,-106.9,253.1,False,False,False,False,False,,0,0,False,False,No Card,100,100,1024,1310,910,1024,2,False,False,False,False,False,0,False,False,False,False,80,,47.076,,8034,,10044,,47.076,,True,3.927,3.927,3.927,3.927,3.927,3.927,3.927,3.927,3.927,3.927,3.927,3.927,0,,False,False,True,,,,,,,,,,,,,,,False,False,19.986,,96.4,,75.7,,96.4,,1524,82,8,19,7,146989.0,19598.54,,Idle,,20,,10,,,20,Go Home,False,False,False,False,False,False,False,False,False,False,False,False,33.8027920380556,-117.4659261431046,2526.6,2972.0,1049.4,396.9,True,1,1,False,False,False,False,,True,False,False,Course Lock,196.8,67,16.4,93,SE,SW,3.35,11.4,Calm,False,False,Android,7.0.2,M300 RTK,1ZN7L4R0H1D00F,1W9DL31001461C,1ZMLH8300204F0,1Z6PH74DAP0QN7,"Corona, CA",728.3,5.7,137.7,8.547347,2.013246,0,0,DJI Matrice 300 RTK,M300 RTK,1ZN7L4R0H1D00F,1W9DL31001461C,1ZMLH8300204F0,1Z6PH74DAP0QN7,DJI Pilot,Android,7.0.2,1EF72A62-B7C3-C88D-164E-CE6F8C8424AE,1ZN7L4R0H1D00F,1W9DL31001461C,,1ZMLH8300204F0,1W9DL31001461C,,,,,
2023-11-01,11:30:34.54 AM,6m 12.2s,372.2,33.7999425973537,-117.4735254149616,84.6,137.7,14.1,1348,2963.9,5.222189,6.94893,-0.894776,2.23694,-5.144962,1.342164,0,0.894776,-0.5,-0.6,0.7,-98.8,261.2,258.7,Tripod,Other,,22,5,True,,True,False,,Smart,RC,False,True,False,,,True,,False,False,False,False,False,False,False,False,False,False,0,Follow Yaw,-77.9,0,-106.9,253.1,False,False,False,False,False,,0,0,False,False,No Card,100,100,1024,1309,913,1024,2,False,False,False,False,False,0,False,False,False,False,80,,47.076,,8034,,10044,,47.076,,True,3.927,3.927,3.927,3.927,3.927,3.927,3.927,3.927,3.927,3.927,3.927,3.927,0,,False,False,True,,,,,,,,,,,,,,,False,False,19.986,,96.4,,75.7,,96.4,,1524,82,8,19,7,146989.0,19598.54,,Idle,,20,,10,,,20,Go Home,False,False,False,False,False,False,False,False,False,False,False,False,33.8027920380556,-117.4659261431046,2527.3,2972.0,1049.4,396.9,True,1,1,False,False,False,False,,True,False,False,Course Lock,196.8,67,16.4,93,SE,SW,3.35,11.4,Calm,False,False,Android,7.0.2,M300 RTK,1ZN7L4R0H1D00F,1W9DL31001461C,1ZMLH8300204F0,1Z6PH74DAP0QN7,"Corona, CA",728.3,5.7,137.7,8.547347,2.013246,0,0,DJI Matrice 300 RTK,M300 RTK,1ZN7L4R0H1D00F,1W9DL31001461C,1ZMLH8300204F0,1Z6PH74DAP0QN7,DJI Pilot,Android,7.0.2,1EF72A62-B7C3-C88D-164E-CE6F8C8424AE,1ZN7L4R0H1D00F,1W9DL31001461C,,1ZMLH8300204F0,1W9DL31001461C,,,,,
2023-11-01,11:30:34.64 AM,6m 12.3s,372.3,33.799942273333,-117.4735279102234,84.6,137.7,14.1,1348,2964.7,5.001949,6.94893,-0.894776,2.23694,-4.921268,1.342164,0,0.894776,-0.5,-0.7,0.8,-98.8,261.2,261.1,Tripod,Other,,22,5,True,,True,False,,Smart,RC,False,True,False,,,True,,False,False,False,False,False,False,False,False,False,False,0,Follow Yaw,-77.9,0,-106.9,253.1,False,False,False,False,False,,0,0,False,False,No Card,100,100,1024,1309,915,1024,2,False,False,False,False,False,0,False,False,False,False,80,,47.076,,8034,,10044,,47.076,,True,3.926,3.926,3.926,3.926,3.926,3.926,3.926,3.926,3.926,3.926,3.926,3.926,0,,False,False,True,,,,,,,,,,,,,,,False,False,19.986,,96.4,,75.7,,96.4,,1518,82,8,19,7,147424.0,19656.54,,Idle,,20,,10,,,20,Go Home,False,False,False,False,False,False,False,False,False,False,False,False,33.8027920380556,-117.4659261431046,2528.1,2972.0,1049.4,396.9,True,1,1,False,False,False,False,,True,False,False,Course Lock,196.8,67,16.4,93,SE,SW,3.35,11.4,Calm,False,False,Android,7.0.2,M300 RTK,1ZN7L4R0H1D00F,1W9DL31001461C,1ZMLH8300204F0,1Z6PH74DAP0QN7,"Corona, CA",728.3,5.7,137.7,8.547347,2.013246,0,0,DJI Matrice 300 RTK,M300 RTK,1ZN7L4R0H1D00F,1W9DL31001461C,1ZMLH8300204F0,1Z6PH74DAP0QN7,DJI Pilot,Android,7.0.2,1EF72A62-B7C3-C88D-164E-CE6F8C8424AE,1ZN7L4R0H1D00F,1W9DL31001461C,,1ZMLH8300204F0,1W9DL31001461C,,,,,
2023-11-01,11:30:34.74 AM,6m 12.4s,372.4,33.799941846788,-117.4735305427088,84.6,137.7,14.1,1348,2965.5,5.001949,6.94893,-0.894776,2.23694,-4.921268,1.342164,0,0.894776,-0.5,-0.6,0.7,-98.8,261.2,258.9,Tripod,Other,,22,5,True,,True,False,,Smart,RC,False,True,False,,,True,,False,False,False,False,False,False,False,False,False,False,0,Follow Yaw,-77.9,0,-106.9,253.1,False,False,False,False,False,,0,0,False,False,No Card,100,100,1024,1309,914,1024,2,False,False,False,False,False,0,False,False,False,False,80,,47.076,,8034,,10044,,47.076,,True,3.926,3.926,3.926,3.926,3.926,3.926,3.926,3.926,3.926,3.926,3.926,3.926,0,,False,False,True,,,,,,,,,,,,,,,False,False,19.986,,96.4,,75.7,,96.4,,1518,82,8,19,7,147424.0,19656.54,,Idle,,20,,10,,,20,Go Home,False,False,False,False,False,False,False,False,False,False,False,False,33.8027920380556,-117.4659261431046,2528.9,2972.0,1049.4,396.9,True,1,1,False,False,False,False,,True,False,False,Course Lock,196.8,67,16.4,93,SE,SW,3.35,11.4,Calm,False,False,Android,7.0.2,M300 RTK,1ZN7L4R0H1D00F,1W9DL31001461C,1ZMLH8300204F0,1Z6PH74DAP0QN7,"Corona, CA",728.3,5.7,137.7,8.547347,2.013246,0,0,DJI Matrice 300 RTK,M300 RTK,1ZN7L4R0H1D00F,1W9DL31001461C,1ZMLH8300204F0,1Z6PH74DAP0QN7,DJI Pilot,Android,7.0.2,1EF72A62-B7C3-C88D-164E-CE6F8C8424AE,1ZN7L4R0H1D00F,1W9DL31001461C,,1ZMLH8300204F0,1W9DL31001461C,,,,,
2023-11-01,11:30:34.83 AM,6m 12.5s,372.5,33.7999415277017,-117.4735329556694,84.6,137.7,14.1,1348,2966.2,5.001949,6.94893,-0.894776,2.23694,-4.921268,1.342164,0,0.894776,-0.3,-0.3,0.4,-98.8,261.2,260.9,Tripod,Other,,22,5,True,,True,False,,Smart,RC,False,True,False,,,True,,False,False,False,False,False,False,False,False,False,False,0,Follow Yaw,-77.9,0,-106.9,253.1,False,False,False,False,False,,0,0,False,False,No Card,100,100,1024,1310,911,1024,2,False,False,False,False,False,0,False,False,False,False,80,,47.076,,8034,,10044,,47.076,,True,3.926,3.926,3.926,3.926,3.926,3.926,3.926,3.926,3.926,3.926,3.926,3.926,0,,False,False,True,,,,,,,,,,,,,,,False,False,19.986,,96.4,,75.7,,96.4,,1518,82,8,19,7,147424.0,19656.54,,Idle,,20,,10,,,20,Go Home,False,False,False,False,False,False,False,False,False,False,False,False,33.8027920380556,-117.4659261431046,2529.6,2972.0,1049.4,396.9,True,1,1,False,False,False,False,,True,False,False,Course Lock,196.8,67,16.4,93,SE,SW,3.35,11.4,Calm,False,False,Android,7.0.2,M300 RTK,1ZN7L4R0H1D00F,1W9DL31001461C,1ZMLH8300204F0,1Z6PH74DAP0QN7,"Corona, CA",728.3,5.7,137.7,8.547347,2.013246,0,0,DJI Matrice 300 RTK,M300 RTK,1ZN7L4R0H1D00F,1W9DL31001461C,1ZMLH8300204F0,1Z6PH74DAP0QN7,DJI Pilot,Android,7.0.2,1EF72A62-B7C3-C88D-164E-CE6F8C8424AE,1ZN7L4R0H1D00F,1W9DL31001461C,,1ZMLH8300204F0,1W9DL31001461C,,,,,
2023-11-01,11:30:34.94 AM,6m 12.6s,372.6,33.7999411354228,-117.4735354483746,84.6,137.7,14.1,1348,2967.0,5.001949,6.94893,-0.894776,2.23694,-4.921268,1.342164,0,0.894776,-0.1,-0.1,0.1,-98.8,261.2,259.2,Tripod,Other,,22,5,True,,True,False,,Smart,RC,False,True,False,,,True,,False,False,False,False,False,False,False,False,False,False,0,Follow Yaw,-77.9,0,-106.9,253.1,False,False,False,False,False,,0,0,False,False,No Card,100,100,1024,1311,909,1024,2,False,False,False,False,False,0,False,False,False,False,80,,47.076,,8034,,10044,,47.076,,True,3.926,3.926,3.926,3.926,3.926,3.926,3.926,3.926,3.926,3.926,3.926,3.926,0,,False,False,True,,,,,,,,,,,,,,,False,False,19.986,,96.4,,75.7,,96.4,,1518,82,8,19,7,147424.0,19656.54,,Idle,,20,,10,,,20,Go Home,False,False,False,False,False,False,False,False,False,False,False,False,33.8027920380556,-117.4659261431046,2530.3,2972.0,1049.4,396.9,True,1,1,False,False,False,False,,True,False,False,Course Lock,196.8,67,16.4,93,SE,SW,3.35,11.4,Calm,False,False,Android,7.0.2,M300 RTK,1ZN7L4R0H1D00F,1W9DL31001461C,1ZMLH8300204F0,1Z6PH74DAP0QN7,"Corona, CA",728.3,5.7,137.7,8.547347,2.013246,0,0,DJI Matrice 300 RTK,M300 RTK,1ZN7L4R0H1D00F,1W9DL31001461C,1ZMLH8300204F0,1Z6PH74DAP0QN7,DJI Pilot,Android,7.0.2,1EF72A62-B7C3-C88D-164E-CE6F8C8424AE,1ZN7L4R0H1D00F,1W9DL31001461C,,1ZMLH8300204F0,1W9DL31001461C,,,,,
2023-11-01,11:30:35.03 AM,6m 12.7s,372.7,33.7999407524643,-117.473537856717,84.6,137.7,14.1,1348,2967.7,4.966812,6.94893,-0.671082,2.23694,-4.921268,1.342164,0,0.894776,-0.1,-0.3,0.3,-98.9,261.1,259.1,Tripod,Other,,22,5,True,,True,False,,Smart,RC,False,True,False,,,True,,False,False,False,False,False,False,False,False,False,False,0,Follow Yaw,-77.9,0,-106.9,253.1,False,False,False,False,False,,0,0,False,False,No Card,100,100,1024,1306,914,1024,2,False,False,False,False,False,0,False,False,False,False,80,,47.076,,8034,,10044,,47.076,,True,3.926,3.926,3.926,3.926,3.926,3.926,3.926,3.926,3.926,3.926,3.926,3.926,0,,False,False,True,,,,,,,,,,,,,,,False,False,19.986,,96.4,,75.7,,96.4,,1518,82,8,19,7,147424.0,19656.54,,Idle,,20,,10,,,20,Go Home,False,False,False,False,False,False,False,False,False,False,False,False,33.8027920380556,-117.4659261431046,2531.0,2972.0,1049.4,396.9,True,1,1,False,False,False,False,,True,False,False,Course Lock,196.8,67,16.4,93,SE,SW,3.35,11.4,Calm,False,False,Android,7.0.2,M300 RTK,1ZN7L4R0H1D00F,1W9DL31001461C,1ZMLH8300204F0,1Z6PH74DAP0QN7,"Corona, CA",728.3,5.7,137.7,8.547347,2.013246,0,0,DJI Matrice 300 RTK,M300 RTK,1ZN7L4R0H1D00F,1W9DL31001461C,1ZMLH8300204F0,1Z6PH74DAP0QN7,DJI Pilot,Android,7.0.2,1EF72A62-B7C3-C88D-164E-CE6F8C8424AE,1ZN7L4R0H1D00F,1W9DL31001461C,,1ZMLH8300204F0,1W9DL31001461C,,,,,
2023-11-01,11:30:35.13 AM,6m 12.8s,372.8,33.7999403791004,-117.4735403155287,84.6,137.7,14.1,1348,2968.5,4.966812,6.94893,-0.671082,2.23694,-4.921268,1.342164,0,0.894776,-0.1,-0.7,0.7,-99,261,259.6,Tripod,Other,,22,5,True,,True,False,,Smart,RC,False,True,False,,,True,,False,False,False,False,False,False,False,False,False,False,0,Follow Yaw,-77.9,0,-106.9,253.1,False,False,False,False,False,,0,0,False,False,No Card,100,100,1024,1306,917,1024,2,False,False,False,False,False,0,False,False,False,False,80,,47.076,,8034,,10044,,47.076,,True,3.926,3.926,3.926,3.926,3.926,3.926,3.926,3.926,3.926,3.926,3.926,3.926,0,,False,False,True,,,,,,,,,,,,,,,False,False,19.986,,96.4,,75.7,,96.4,,1518,82,8,19,7,147424.0,19656.54,,Idle,,20,,10,,,20,Go Home,False,False,False,False,False,False,False,False,False,False,False,False,33.8027920380556,-117.4659261431046,2531.8,2972.0,1049.4,396.9,True,1,1,False,False,False,False,,True,False,False,Course Lock,196.8,67,16.4,93,SE,SW,3.35,11.4,Calm,False,False,Android,7.0.2,M300 RTK,1ZN7L4R0H1D00F,1W9DL31001461C,1ZMLH8300204F0,1Z6PH74DAP0QN7,"Corona, CA",728.3,5.7,137.7,8.547347,2.013246,0,0,DJI Matrice 300 RTK,M300 RTK,1ZN7L4R0H1D00F,1W9DL31001461C,1ZMLH8300204F0,1Z6PH74DAP0QN7,DJI Pilot,Android,7.0.2,1EF72A62-B7C3-C88D-164E-CE6F8C8424AE,1ZN7L4R0H1D00F,1W9DL31001461C,,1ZMLH8300204F0,1W9DL31001461C,,,,,
2023-11-01,11:30:35.24 AM,6m 12.9s,372.9,33.7999399934006,-117.4735429173368,84.6,137.7,14.4,1348,2969.3,4.966812,6.94893,-0.671082,2.23694,-4.921268,1.342164,0,0.894776,-0.2,-0.8,0.8,-99.1,260.9,259.8,Tripod,Other,,22,5,True,,True,False,,Smart,RC,False,True,False,,,True,,False,False,False,False,False,False,False,False,False,False,0,Follow Yaw,-77.9,0,-106.9,253.1,False,False,False,False,False,,0,0,False,False,No Card,100,100,1024,1306,915,1024,2,False,False,False,False,False,0,False,False,False,False,80,,47.076,,8034,,10044,,47.076,,True,3.926,3.926,3.926,3.926,3.926,3.926,3.926,3.926,3.926,3.926,3.926,3.926,0,,False,False,True,,,,,,,,,,,,,,,False,False,19.986,,96.4,,75.7,,96.4,,1518,82,8,19,7,147424.0,19656.54,,Idle,,20,,10,,,20,Go Home,False,False,False,False,False,False,False,False,False,False,False,False,33.8027920380556,-117.4659261431046,2532.6,2972.0,1049.4,396.9,True,1,1,False,False,False,False,,True,False,False,Course Lock,196.8,67,16.4,93,SE,SW,3.35,11.4,Calm,False,False,Android,7.0.2,M300 RTK,1ZN7L4R0H1D00F,1W9DL31001461C,1ZMLH8300204F0,1Z6PH74DAP0QN7,"Corona, CA",728.3,5.7,137.7,8.547347,2.013246,0,0,DJI Matrice 300 RTK,M300 RTK,1ZN7L4R0H1D00F,1W9DL31001461C,1ZMLH8300204F0,1Z6PH74DAP0QN7,DJI Pilot,Android,7.0.2,1EF72A62-B7C3-C88D-164E-CE6F8C8424AE,1ZN7L4R0H1D00F,1W9DL31001461C,,1ZMLH8300204F0,1W9DL31001461C,,,,,
2023-11-01,11:30:35.34 AM,6m 13.0s,373.0,33.7999396055078,-117.4735453617168,84.6,137.7,14.4,1348,2970.1,5.001949,6.94893,-0.894776,2.23694,-4.921268,1.342164,0,0.894776,-0.4,-1,1,-99.2,260.8,259.1,Tripod,Other,,22,5,True,,True,False,,Smart,RC,False,True,False,,,True,,False,False,False,False,False,False,False,False,False,False,0,Follow Yaw,-77.9,0,-106.9,253.1,False,False,False,False,False,,0,0,False,False,No Card,100,100,1024,1307,857,1024,2,False,False,False,False,False,0,False,False,False,False,80,,46.992,,3988,,4986,,46.992,,True,3.926,3.926,3.926,3.926,3.926,3.926,3.926,3.926,3.926,3.926,3.926,3.926,0,,False,False,True,,,,,,,,,,,,,,,False,False,10.18,,96.6,,75.7,,96.6,,1518,82,8,19,7,147424.0,19656.54,,Idle,,20,,10,,,20,Go Home,False,False,False,False,False,False,False,False,False,False,False,False,33.8027920380556,-117.4659261431046,2533.3,2972.0,1049.4,396.9,True,1,1,False,False,False,False,,True,False,False,Course Lock,196.8,67,16.4,93,SE,SW,3.35,11.4,Calm,False,False,Android,7.0.2,M300 RTK,1ZN7L4R0H1D00F,1W9DL31001461C,1ZMLH8300204F0,1Z6PH74DAP0QN7,"Corona, CA",728.3,5.7,137.7,8.547347,2.013246,0,0,DJI Matrice 300 RTK,M300 RTK,1ZN7L4R0H1D00F,1W9DL31001461C,1ZMLH8300204F0,1Z6PH74DAP0QN7,DJI Pilot,Android,7.0.2,1EF72A62-B7C3-C88D-164E-CE6F8C8424AE,1ZN7L4R0H1D00F,1W9DL31001461C,,1ZMLH8300204F0,1W9DL31001461C,,,,,
2023-11-01,11:30:35.44 AM,6m 13.1s,373.1,33.7999391611444,-117.4735478079112,84.3,137.7,14.4,1348,2970.8,5.001949,6.94893,-0.894776,2.23694,-4.921268,1.342164,0,0.894776,-0.5,-1,1.1,-99.1,260.9,257.6,Tripod,Other,,22,5,True,,True,False,,Smart,RC,False,True,False,,,True,,False,False,False,False,False,False,False,False,False,False,0,Follow Yaw,-77.9,0,-106.9,253.1,False,False,False,False,False,,0,0,False,False,No Card,100,100,1024,1307,857,1024,2,False,False,False,False,False,0,False,False,False,False,80,,46.992,,3988,,4986,,46.992,,True,3.926,3.926,3.926,3.926,3.926,3.926,3.926,3.926,3.926,3.926,3.926,3.926,0,,False,False,True,,,,,,,,,,,,,,,False,False,10.18,,96.6,,75.7,,96.6,,1518,82,8,19,7,147424.0,19656.54,,Idle,,20,,10,,,20,Go Home,False,False,False,False,False,False,False,False,False,False,False,False,33.8027920380556,-117.4659261431046,2534.0,2972.0,1049.4,396.9,True,1,1,False,False,False,False,,True,False,False,Course Lock,196.8,67,16.4,93,SE,SW,3.35,11.4,Calm,False,False,Android,7.0.2,M300 RTK,1ZN7L4R0H1D00F,1W9DL31001461C,1ZMLH8300204F0,1Z6PH74DAP0QN7,"Corona, CA",728.3,5.7,137.7,8.547347,2.013246,0,0,DJI Matrice 300 RTK,M300 RTK,1ZN7L4R0H1D00F,1W9DL31001461C,1ZMLH8300204F0,1Z6PH74DAP0QN7,DJI Pilot,Android,7.0.2,1EF72A62-B7C3-C88D-164E-CE6F8C8424AE,1ZN7L4R0H1D00F,1W9DL31001461C,,1ZMLH8300204F0,1W9DL31001461C,,,,,
2023-11-01,11:30:35.54 AM,6m 13.2s,373.2,33.7999387559815,-117.4735502345611,84.3,137.7,14.4,1348,2971.6,5.001949,6.94893,-0.894776,2.23694,-4.921268,1.342164,0,0.894776,-0.7,-0.5,0.8,-98.9,261.1,258.6,Tripod,Other,,22,5,True,,True,False,,Smart,RC,False,True,False,,,True,,False,False,False,False,False,False,False,False,False,False,0,Follow Yaw,-77.9,0,-106.9,253.1,False,False,False,False,False,,0,0,False,False,No Card,100,100,1024,1312,941,1024,2,False,False,False,False,False,0,False,False,False,False,80,,46.992,,3988,,4986,,46.992,,True,3.926,3.926,3.926,3.926,3.926,3.926,3.926,3.926,3.926,3.926,3.926,3.926,0,,False,False,True,,,,,,,,,,,,,,,False,False,10.18,,96.6,,75.7,,96.6,,1518,82,8,19,7,147424.0,19656.54,,Idle,,20,,10,,,20,Go Home,False,False,False,False,False,False,False,False,False,False,False,False,33.8027920380556,-117.4659261431046,2534.8,2972.0,1049.4,396.9,True,1,1,False,False,False,False,,True,False,False,Course Lock,196.8,67,16.4,93,SE,SW,3.35,11.4,Calm,False,False,Android,7.0.2,M300 RTK,1ZN7L4R0H1D00F,1W9DL31001461C,1ZMLH8300204F0,1Z6PH74DAP0QN7,"Corona, CA",728.3,5.7,137.7,8.547347,2.013246,0,0,DJI Matrice 300 RTK,M300 RTK,1ZN7L4R0H1D00F,1W9DL31001461C,1ZMLH8300204F0,1Z6PH74DAP0QN7,DJI Pilot,Android,7.0.2,1EF72A62-B7C3-C88D-164E-CE6F8C8424AE,1ZN7L4R0H1D00F,1W9DL31001461C,,1ZMLH8300204F0,1W9DL31001461C,,,,,
2023-11-01,11:30:35.65 AM,6m 13.3s,373.3,33.7999384297678,-117.4735525679417,84.3,137.7,14.4,1348,2972.3,4.782031,6.94893,-0.894776,2.23694,-4.697574,1.342164,0,0.894776,-1,0,1,-98.7,261.3,260.4,Tripod,Other,,22,5,True,,True,False,,Smart,RC,False,True,False,,,True,,False,False,False,False,False,False,False,False,False,False,0,Follow Yaw,-77.9,0,-106.9,253.1,False,False,False,False,False,,0,0,False,False,No Card,100,100,1024,1309,971,1024,2,False,False,False,False,False,0,False,False,False,False,80,,46.992,,3988,,4986,,46.992,,True,3.922,3.922,3.922,3.922,3.922,3.922,3.922,3.922,3.922,3.922,3.922,3.922,0,,False,False,True,,,,,,,,,,,,,,,False,False,10.18,,96.6,,75.7,,96.6,,1512,82,8,19,7,147940.4,19725.38,,Idle,,20,,10,,,20,Go Home,False,False,False,False,False,False,False,False,False,False,False,False,33.8027920380556,-117.4659261431046,2535.5,2972.0,1049.4,396.9,True,1,1,False,False,False,False,,True,False,False,Course Lock,196.8,67,16.4,93,SE,SW,3.35,11.4,Calm,False,False,Android,7.0.2,M300 RTK,1ZN7L4R0H1D00F,1W9DL31001461C,1ZMLH8300204F0,1Z6PH74DAP0QN7,"Corona, CA",728.3,5.7,137.7,8.547347,2.013246,0,0,DJI Matrice 300 RTK,M300 RTK,1ZN7L4R0H1D00F,1W9DL31001461C,1ZMLH8300204F0,1Z6PH74DAP0QN7,DJI Pilot,Android,7.0.2,1EF72A62-B7C3-C88D-164E-CE6F8C8424AE,1ZN7L4R0H1D00F,1W9DL31001461C,,1ZMLH8300204F0,1W9DL31001461C,,,,,
2023-11-01,11:30:35.76 AM,6m 13.4s,373.4,33.799938039682,-117.4735549786756,84.3,137.7,14.4,1348,2973.0,4.782031,6.94893,-0.894776,2.23694,-4.697574,1.342164,0,0.894776,-1.1,0.3,1.1,-98.6,261.4,258.9,Tripod,Other,,22,5,True,,True,False,,Smart,RC,False,True,False,,,True,,False,False,False,False,False,False,False,False,False,False,0,Follow Yaw,-77.9,0,-106.9,253.1,False,False,False,False,False,,0,0,False,False,No Card,100,100,1024,1310,979,1024,2,False,False,False,False,False,0,False,False,False,False,80,,46.992,,3988,,4986,,46.992,,True,3.922,3.922,3.922,3.922,3.922,3.922,3.922,3.922,3.922,3.922,3.922,3.922,0,,False,False,True,,,,,,,,,,,,,,,False,False,10.18,,96.6,,75.7,,96.6,,1512,82,8,19,7,147940.4,19725.38,,Idle,,20,,10,,,20,Go Home,False,False,False,False,False,False,False,False,False,False,False,False,33.8027920380556,-117.4659261431046,2536.2,2972.0,1049.4,396.9,True,1,1,False,False,False,False,,True,False,False,Course Lock,196.8,67,16.4,93,SE,SW,3.35,11.4,Calm,False,False,Android,7.0.2,M300 RTK,1ZN7L4R0H1D00F,1W9DL31001461C,1ZMLH8300204F0,1Z6PH74DAP0QN7,"Corona, CA",728.3,5.7,137.7,8.547347,2.013246,0,0,DJI Matrice 300 RTK,M300 RTK,1ZN7L4R0H1D00F,1W9DL31001461C,1ZMLH8300204F0,1Z6PH74DAP0QN7,DJI Pilot,Android,7.0.2,1EF72A62-B7C3-C88D-164E-CE6F8C8424AE,1ZN7L4R0H1D00F,1W9DL31001461C,,1ZMLH8300204F0,1W9DL31001461C,,,,,
2023-11-01,11:30:35.86 AM,6m 13.5s,373.5,33.7999375958668,-117.4735575582178,84.3,137.7,14.4,1348,2973.8,4.782031,6.94893,-0.894776,2.23694,-4.697574,1.342164,0,0.894776,-1.2,0.2,1.2,-98.6,261.4,258.3,Tripod,Other,,22,5,True,,True,False,,Smart,RC,False,True,False,,,True,,False,False,False,False,False,False,False,False,False,False,0,Follow Yaw,-77.9,0,-106.9,253.1,False,False,False,False,False,,0,0,False,False,No Card,100,100,1024,1310,971,1024,2,False,False,False,False,False,0,False,False,False,False,80,,46.992,,3988,,4986,,46.992,,True,3.922,3.922,3.922,3.922,3.922,3.922,3.922,3.922,3.922,3.922,3.922,3.922,0,,False,False,True,,,,,,,,,,,,,,,False,False,10.18,,96.6,,75.7,,96.6,,1512,82,8,19,7,147940.4,19725.38,,Idle,,20,,10,,,20,Go Home,False,False,False,False,False,False,False,False,False,False,False,False,33.8027920380556,-117.4659261431046,2537.0,2972.0,1049.4,396.9,True,1,1,False,False,False,False,,True,False,False,Course Lock,196.8,67,16.4,93,SE,SW,3.35,11.4,Calm,False,False,Android,7.0.2,M300 RTK,1ZN7L4R0H1D00F,1W9DL31001461C,1ZMLH8300204F0,1Z6PH74DAP0QN7,"Corona, CA",728.3,5.7,137.7,8.547347,2.013246,0,0,DJI Matrice 300 RTK,M300 RTK,1ZN7L4R0H1D00F,1W9DL31001461C,1ZMLH8300204F0,1Z6PH74DAP0QN7,DJI Pilot,Android,7.0.2,1EF72A62-B7C3-C88D-164E-CE6F8C8424AE,1ZN7L4R0H1D00F,1W9DL31001461C,,1ZMLH8300204F0,1W9DL31001461C,,,,,
2023-11-01,11:30:35.96 AM,6m 13.6s,373.6,33.7999372411436,-117.4735598584471,84.3,137.7,14.4,1348,2974.5,4.966812,6.94893,-0.671082,2.23694,-4.921268,1.342164,0,0.894776,-1.2,0,1.2,-98.6,261.4,259.4,Tripod,Other,,22,5,True,,True,False,,Smart,RC,False,True,False,,,True,,False,False,False,False,False,False,False,False,False,False,0,Follow Yaw,-77.9,0,-106.9,253.1,False,False,False,False,False,,0,0,False,False,No Card,100,100,1024,1313,958,1024,2,False,False,False,False,False,0,False,False,False,False,80,,46.992,,3988,,4986,,46.992,,True,3.922,3.922,3.922,3.922,3.922,3.922,3.922,3.922,3.922,3.922,3.922,3.922,0,,False,False,True,,,,,,,,,,,,,,,False,False,10.18,,96.6,,75.7,,96.6,,1512,82,8,19,7,147940.4,19725.38,,Idle,,20,,10,,,20,Go Home,False,False,False,False,False,False,False,False,False,False,False,False,33.8027920380556,-117.4659261431046,2537.7,2972.0,1049.4,396.9,True,1,1,False,False,False,False,,True,False,False,Course Lock,196.8,67,16.4,93,SE,SW,3.35,11.4,Calm,False,False,Android,7.0.2,M300 RTK,1ZN7L4R0H1D00F,1W9DL31001461C,1ZMLH8300204F0,1Z6PH74DAP0QN7,"Corona, CA",728.3,5.7,137.7,8.547347,2.013246,0,0,DJI Matrice 300 RTK,M300 RTK,1ZN7L4R0H1D00F,1W9DL31001461C,1ZMLH8300204F0,1Z6PH74DAP0QN7,DJI Pilot,Android,7.0.2,1EF72A62-B7C3-C88D-164E-CE6F8C8424AE,1ZN7L4R0H1D00F,1W9DL31001461C,,1ZMLH8300204F0,1W9DL31001461C,,,,,
2023-11-01,11:30:36.07 AM,6m 13.7s,373.7,33.7999369124628,-117.4735622595324,84.3,137.7,14.4,1348,2975.3,4.745266,6.94893,-0.671082,2.23694,-4.697574,1.342164,0,0.894776,-1.3,-0.4,1.3,-98.7,261.3,260.6,Tripod,Other,,22,5,True,,True,False,,Smart,RC,False,True,False,,,True,,False,False,False,False,False,False,False,False,False,False,0,Follow Yaw,-77.9,0,-106.9,253.1,False,False,False,False,False,,0,0,False,False,No Card,100,100,1024,1316,949,1024,2,False,False,False,False,False,0,False,False,False,False,80,,46.992,,3988,,4986,,46.992,,True,3.922,3.922,3.922,3.922,3.922,3.922,3.922,3.922,3.922,3.922,3.922,3.922,0,,False,False,True,,,,,,,,,,,,,,,False,False,10.18,,96.6,,75.7,,96.6,,1512,82,8,19,7,147940.4,19725.38,,Idle,,20,,10,,,20,Go Home,False,False,False,False,False,False,False,False,False,False,False,False,33.8027920380556,-117.4659261431046,2538.4,2972.0,1049.4,396.9,True,1,1,False,False,False,False,,True,False,False,Course Lock,196.8,67,16.4,93,SE,SW,3.35,11.4,Calm,False,False,Android,7.0.2,M300 RTK,1ZN7L4R0H1D00F,1W9DL31001461C,1ZMLH8300204F0,1Z6PH74DAP0QN7,"Corona, CA",728.3,5.7,137.7,8.547347,2.013246,0,0,DJI Matrice 300 RTK,M300 RTK,1ZN7L4R0H1D00F,1W9DL31001461C,1ZMLH8300204F0,1Z6PH74DAP0QN7,DJI Pilot,Android,7.0.2,1EF72A62-B7C3-C88D-164E-CE6F8C8424AE,1ZN7L4R0H1D00F,1W9DL31001461C,,1ZMLH8300204F0,1W9DL31001461C,,,,,
2023-11-01,11:30:36.17 AM,6m 13.8s,373.8,33.7999365497899,-117.473564680822,84.3,137.7,14.4,1348,2976.0,4.745266,6.94893,-0.671082,2.23694,-4.697574,1.342164,0,0.894776,-1.3,-0.7,1.4,-98.7,261.3,259.7,Tripod,Other,,22,5,True,,True,False,,Smart,RC,False,True,False,,,True,,False,False,False,False,False,False,False,False,False,False,0,Follow Yaw,-77.9,0,-106.9,253.1,False,False,False,False,False,,0,0,False,False,No Card,100,100,1024,1315,949,1024,2,False,False,False,False,False,0,False,False,False,False,80,,46.992,,3988,,4986,,46.992,,True,3.922,3.922,3.922,3.922,3.922,3.922,3.922,3.922,3.922,3.922,3.922,3.922,0,,False,False,True,,,,,,,,,,,,,,,False,False,10.18,,96.6,,75.7,,96.6,,1512,82,8,19,7,147940.4,19725.38,,Idle,,20,,10,,,20,Go Home,False,False,False,False,False,False,False,False,False,False,False,False,33.8027920380556,-117.4659261431046,2539.1,2972.0,1049.4,396.9,True,1,1,False,False,False,False,,True,False,False,Course Lock,196.8,67,16.4,93,SE,SW,3.35,11.4,Calm,False,False,Android,7.0.2,M300 RTK,1ZN7L4R0H1D00F,1W9DL31001461C,1ZMLH8300204F0,1Z6PH74DAP0QN7,"Corona, CA",728.3,5.7,137.7,8.547347,2.013246,0,0,DJI Matrice 300 RTK,M300 RTK,1ZN7L4R0H1D00F,1W9DL31001461C,1ZMLH8300204F0,1Z6PH74DAP0QN7,DJI Pilot,Android,7.0.2,1EF72A62-B7C3-C88D-164E-CE6F8C8424AE,1ZN7L4R0H1D00F,1W9DL31001461C,,1ZMLH8300204F0,1W9DL31001461C,,,,,
2023-11-01,11:30:36.27 AM,6m 13.9s,373.9,33.7999361544956,-117.4735672372737,84.3,137.7,14.4,1348,2976.8,4.782031,6.94893,-0.894776,2.23694,-4.697574,1.342164,0,0.894776,-1.4,-0.7,1.5,-98.6,261.4,259.4,Tripod,Other,,22,5,True,,True,False,,Smart,RC,False,True,False,,,True,,False,False,False,False,False,False,False,False,False,False,0,Follow Yaw,-77.9,0,-106.9,253.1,False,False,False,False,False,,0,0,False,False,No Card,100,100,1024,1312,954,1024,2,False,False,False,False,False,0,False,False,False,False,80,,46.992,,3988,,4986,,46.992,,True,3.922,3.922,3.922,3.922,3.922,3.922,3.922,3.922,3.922,3.922,3.922,3.922,0,,False,False,True,,,,,,,,,,,,,,,False,False,10.18,,96.6,,75.7,,96.6,,1512,82,8,19,7,147940.4,19725.38,,Idle,,20,,10,,,20,Go Home,False,False,False,False,False,False,False,False,False,False,False,False,33.8027920380556,-117.4659261431046,2539.9,2972.0,1049.4,396.9,True,1,1,False,False,False,False,,True,False,False,Course Lock,196.8,67,16.4,93,SE,SW,3.35,11.4,Calm,False,False,Android,7.0.2,M300 RTK,1ZN7L4R0H1D00F,1W9DL31001461C,1ZMLH8300204F0,1Z6PH74DAP0QN7,"Corona, CA",728.3,5.7,137.7,8.547347,2.013246,0,0,DJI Matrice 300 RTK,M300 RTK,1ZN7L4R0H1D00F,1W9DL31001461C,1ZMLH8300204F0,1Z6PH74DAP0QN7,DJI Pilot,Android,7.0.2,1EF72A62-B7C3-C88D-164E-CE6F8C8424AE,1ZN7L4R0H1D00F,1W9DL31001461C,,1ZMLH8300204F0,1W9DL31001461C,,,,,
2023-11-01,11:30:36.38 AM,6m 14.0s,374.0,33.7999357877107,-117.4735696804168,84.3,137.7,14.4,1348,2977.6,4.745266,6.94893,-0.671082,2.23694,-4.697574,1.342164,0,0.894776,-1.6,-0.6,1.7,-98.5,261.5,259.7,Tripod,Other,,22,5,True,,True,False,,Smart,RC,False,True,False,,,True,,False,False,False,False,False,False,False,False,False,False,0,Follow Yaw,-77.9,0,-106.9,253.1,False,False,False,False,False,,0,0,False,False,No Card,100,100,1024,1311,955,1024,2,False,False,False,False,False,0,False,False,False,False,80,,47.076,,8034,,10044,,47.076,,True,3.922,3.922,3.922,3.922,3.922,3.922,3.922,3.922,3.922,3.922,3.922,3.922,0,,False,False,True,,,,,,,,,,,,,,,False,False,19.19,,96.6,,75.7,,96.6,,1512,82,8,19,7,147940.4,19725.38,,Idle,,20,,10,,,20,Go Home,False,False,False,False,False,False,False,False,False,False,False,False,33.8027920380556,-117.4659261431046,2540.6,2972.0,1049.4,396.9,True,1,1,False,False,False,False,,True,False,False,Course Lock,196.8,67,16.4,93,SE,SW,3.35,11.4,Calm,False,False,Android,7.0.2,M300 RTK,1ZN7L4R0H1D00F,1W9DL31001461C,1ZMLH8300204F0,1Z6PH74DAP0QN7,"Corona, CA",728.3,5.7,137.7,8.547347,2.013246,0,0,DJI Matrice 300 RTK,M300 RTK,1ZN7L4R0H1D00F,1W9DL31001461C,1ZMLH8300204F0,1Z6PH74DAP0QN7,DJI Pilot,Android,7.0.2,1EF72A62-B7C3-C88D-164E-CE6F8C8424AE,1ZN7L4R0H1D00F,1W9DL31001461C,,1ZMLH8300204F0,1W9DL31001461C,,,,,
2023-11-01,11:30:36.44 AM,6m 14.1s,374.1,33.7999354765741,-117.4735721888732,84.3,137.7,14.4,1348,2978.3,4.966812,6.94893,-0.671082,2.23694,-4.921268,1.342164,0,0.894776,-1.6,-0.6,1.7,-98.6,261.4,261.5,Tripod,Other,,22,5,True,,True,False,,Smart,RC,False,True,False,,,True,,False,False,False,False,False,False,False,False,False,False,0,Follow Yaw,-77.9,0,-106.9,253.1,False,False,False,False,False,,0,0,False,False,No Card,100,100,1024,1314,956,1024,2,False,False,False,False,False,0,False,False,False,False,80,,47.076,,8034,,10044,,47.076,,True,3.922,3.922,3.922,3.922,3.922,3.922,3.922,3.922,3.922,3.922,3.922,3.922,0,,False,False,True,,,,,,,,,,,,,,,False,False,19.19,,96.6,,75.7,,96.6,,1512,82,8,19,7,147940.4,19725.38,,Idle,,20,,10,,,20,Go Home,False,False,False,False,False,False,False,False,False,False,False,False,33.8027920380556,-117.4659261431046,2541.3,2972.0,1049.4,396.9,True,1,1,False,False,False,False,,True,False,False,Course Lock,196.8,67,16.4,93,SE,SW,3.35,11.4,Calm,False,False,Android,7.0.2,M300 RTK,1ZN7L4R0H1D00F,1W9DL31001461C,1ZMLH8300204F0,1Z6PH74DAP0QN7,"Corona, CA",728.3,5.7,137.7,8.547347,2.013246,0,0,DJI Matrice 300 RTK,M300 RTK,1ZN7L4R0H1D00F,1W9DL31001461C,1ZMLH8300204F0,1Z6PH74DAP0QN7,DJI Pilot,Android,7.0.2,1EF72A62-B7C3-C88D-164E-CE6F8C8424AE,1ZN7L4R0H1D00F,1W9DL31001461C,,1ZMLH8300204F0,1W9DL31001461C,,,,,
2023-11-01,11:30:36.54 AM,6m 14.2s,374.2,33.7999351089669,-117.4735746580756,84.3,137.7,14.4,1348,2979.1,5.001949,6.94893,-0.894776,2.23694,-4.921268,1.342164,0,0.894776,-1.2,-1.1,1.6,-98.8,261.2,259.8,Tripod,Other,,22,5,True,,True,False,,Smart,RC,False,True,False,,,True,,False,False,False,False,False,False,False,False,False,False,0,Follow Yaw,-77.9,0,-106.9,253.1,False,False,False,False,False,,0,0,False,False,No Card,100,100,1024,1324,955,1024,2,False,False,False,False,False,0,False,False,False,False,80,,47.076,,8034,,10044,,47.076,,True,3.922,3.922,3.922,3.922,3.922,3.922,3.922,3.922,3.922,3.922,3.922,3.922,0,,False,False,True,,,,,,,,,,,,,,,False,False,19.19,,96.6,,75.7,,96.6,,1512,82,8,19,7,147940.4,19725.38,,Idle,,20,,10,,,20,Go Home,False,False,False,False,False,False,False,False,False,False,False,False,33.8027920380556,-117.4659261431046,2542.1,2972.0,1049.4,396.9,True,1,1,False,False,False,False,,True,False,False,Course Lock,196.8,67,16.4,93,SE,SW,3.13,11.4,Calm,False,False,Android,7.0.2,M300 RTK,1ZN7L4R0H1D00F,1W9DL31001461C,1ZMLH8300204F0,1Z6PH74DAP0QN7,"Corona, CA",728.3,5.7,137.7,8.547347,2.013246,0,0,DJI Matrice 300 RTK,M300 RTK,1ZN7L4R0H1D00F,1W9DL31001461C,1ZMLH8300204F0,1Z6PH74DAP0QN7,DJI Pilot,Android,7.0.2,1EF72A62-B7C3-C88D-164E-CE6F8C8424AE,1ZN7L4R0H1D00F,1W9DL31001461C,,1ZMLH8300204F0,1W9DL31001461C,,,,,
2023-11-01,11:30:36.64 AM,6m 14.3s,374.3,33.7999346136155,-117.4735770100112,84.3,137.7,14.7,1348,2979.8,5.001949,6.94893,-0.894776,2.23694,-4.921268,1.342164,0,0.894776,-1,-1,1.4,-98.8,261.2,255.7,Tripod,Other,,22,5,True,,True,False,,Smart,RC,False,True,False,,,True,,False,False,False,False,False,False,False,False,False,False,0,Follow Yaw,-77.9,0,-106.9,253.1,False,False,False,False,False,,0,0,False,False,No Card,100,100,1024,1347,958,1024,2,False,False,False,False,False,0,False,False,False,False,80,,47.076,,8034,,10044,,47.076,,True,3.918,3.918,3.918,3.918,3.918,3.918,3.918,3.918,3.918,3.918,3.918,3.918,0,,False,False,True,,,,,,,,,,,,,,,False,False,19.19,,96.6,,75.7,,96.6,,1507,83,8,19,7,148447.8,19793.05,,Idle,,20,,10,,,20,Go Home,False,False,False,False,False,False,False,False,False,False,False,False,33.8027920380556,-117.4659261431046,2542.8,2972.0,1049.4,396.9,True,1,1,False,False,False,False,,True,False,False,Course Lock,196.8,67,16.4,93,SE,SW,3.13,11.4,Calm,False,False,Android,7.0.2,M300 RTK,1ZN7L4R0H1D00F,1W9DL31001461C,1ZMLH8300204F0,1Z6PH74DAP0QN7,"Corona, CA",728.3,5.7,137.7,8.547347,2.013246,0,0,DJI Matrice 300 RTK,M300 RTK,1ZN7L4R0H1D00F,1W9DL31001461C,1ZMLH8300204F0,1Z6PH74DAP0QN7,DJI Pilot,Android,7.0.2,1EF72A62-B7C3-C88D-164E-CE6F8C8424AE,1ZN7L4R0H1D00F,1W9DL31001461C,,1ZMLH8300204F0,1W9DL31001461C,,,,,
2023-11-01,11:30:36.74 AM,6m 14.4s,374.4,33.7999341856998,-117.4735795856775,84.3,137.7,14.7,1348,2980.6,5.001949,6.94893,-0.894776,2.23694,-4.921268,1.342164,0,0.894776,-0.9,-0.5,1,-98.8,261.2,258.6,Tripod,Other,,22,5,True,,True,False,,Smart,RC,False,True,False,,,True,,False,False,False,False,False,False,False,False,False,False,0,Follow Yaw,-77.9,0,-106.9,253.1,False,False,False,False,False,,0,0,False,False,No Card,100,100,1024,1404,956,1024,2,False,False,False,False,False,0,False,False,False,False,80,,47.076,,8034,,10044,,47.076,,True,3.918,3.918,3.918,3.918,3.918,3.918,3.918,3.918,3.918,3.918,3.918,3.918,0,,False,False,True,,,,,,,,,,,,,,,False,False,19.19,,96.6,,75.7,,96.6,,1507,83,8,19,7,148447.8,19793.05,,Idle,,20,,10,,,20,Go Home,False,False,False,False,False,False,False,False,False,False,False,False,33.8027920380556,-117.4659261431046,2543.6,2972.0,1049.4,396.9,True,1,1,False,False,False,False,,True,False,False,Course Lock,196.8,67,16.4,93,SE,SW,3.13,11.4,Calm,False,False,Android,7.0.2,M300 RTK,1ZN7L4R0H1D00F,1W9DL31001461C,1ZMLH8300204F0,1Z6PH74DAP0QN7,"Corona, CA",728.3,5.7,137.7,8.547347,2.013246,0,0,DJI Matrice 300 RTK,M300 RTK,1ZN7L4R0H1D00F,1W9DL31001461C,1ZMLH8300204F0,1Z6PH74DAP0QN7,DJI Pilot,Android,7.0.2,1EF72A62-B7C3-C88D-164E-CE6F8C8424AE,1ZN7L4R0H1D00F,1W9DL31001461C,,1ZMLH8300204F0,1W9DL31001461C,,,,,
2023-11-01,11:30:36.84 AM,6m 14.5s,374.5,33.7999338726443,-117.4735819409941,84.3,137.7,14.7,1348,2981.3,4.782031,6.94893,-0.894776,2.23694,-4.697574,1.342164,0,0.894776,-1,0,1,-98.8,261.2,260.9,Tripod,Other,,22,5,True,,True,False,,Smart,RC,False,True,False,,,True,,False,False,False,False,False,False,False,False,False,False,0,Follow Yaw,-77.9,0,-106.9,253.1,False,False,False,False,False,,0,0,False,False,No Card,100,100,1024,1409,953,1024,2,False,False,False,False,False,0,False,False,False,False,80,,47.076,,8034,,10044,,47.076,,True,3.918,3.918,3.918,3.918,3.918,3.918,3.918,3.918,3.918,3.918,3.918,3.918,0,,False,False,True,,,,,,,,,,,,,,,False,False,19.19,,96.6,,75.7,,96.6,,1507,83,8,19,7,148447.8,19793.05,,Idle,,20,,10,,,20,Go Home,False,False,False,False,False,False,False,False,False,False,False,False,33.8027920380556,-117.4659261431046,2544.3,2972.0,1049.4,396.9,True,1,1,False,False,False,False,,True,False,False,Course Lock,196.8,67,16.4,93,SE,SW,3.13,11.4,Calm,False,False,Android,7.0.2,M300 RTK,1ZN7L4R0H1D00F,1W9DL31001461C,1ZMLH8300204F0,1Z6PH74DAP0QN7,"Corona, CA",728.3,5.7,137.7,8.547347,2.013246,0,0,DJI Matrice 300 RTK,M300 RTK,1ZN7L4R0H1D00F,1W9DL31001461C,1ZMLH8300204F0,1Z6PH74DAP0QN7,DJI Pilot,Android,7.0.2,1EF72A62-B7C3-C88D-164E-CE6F8C8424AE,1ZN7L4R0H1D00F,1W9DL31001461C,,1ZMLH8300204F0,1W9DL31001461C,,,,,
2023-11-01,11:30:36.94 AM,6m 14.6s,374.6,33.7999334680296,-117.4735843971669,84.3,137.7,14.7,1348,2982.1,5.001949,6.94893,-0.894776,2.23694,-4.921268,1.342164,0,0.894776,-1.2,0,1.2,-98.8,261.2,258.7,Tripod,Other,,22,5,True,,True,False,,Smart,RC,False,True,False,,,True,,False,False,False,False,False,False,False,False,False,False,0,Follow Yaw,-77.9,0,-106.9,253.1,False,False,False,False,False,,0,0,False,False,No Card,100,100,1024,1415,942,1024,2,False,False,False,False,False,0,False,False,False,False,80,,47.076,,8034,,10044,,47.076,,True,3.918,3.918,3.918,3.918,3.918,3.918,3.918,3.918,3.918,3.918,3.918,3.918,0,,False,False,True,,,,,,,,,,,,,,,False,False,19.19,,96.6,,75.7,,96.6,,1507,83,8,19,7,148447.8,19793.05,,Idle,,20,,10,,,20,Go Home,False,False,False,False,False,False,False,False,False,False,False,False,33.8027920380556,-117.4659261431046,2545.0,2972.0,1049.4,396.9,True,1,1,False,False,False,False,,True,False,False,Course Lock,196.8,67,16.4,93,SE,SW,3.13,11.4,Calm,False,False,Android,7.0.2,M300 RTK,1ZN7L4R0H1D00F,1W9DL31001461C,1ZMLH8300204F0,1Z6PH74DAP0QN7,"Corona, CA",728.3,5.7,137.7,8.547347,2.013246,0,0,DJI Matrice 300 RTK,M300 RTK,1ZN7L4R0H1D00F,1W9DL31001461C,1ZMLH8300204F0,1Z6PH74DAP0QN7,DJI Pilot,Android,7.0.2,1EF72A62-B7C3-C88D-164E-CE6F8C8424AE,1ZN7L4R0H1D00F,1W9DL31001461C,,1ZMLH8300204F0,1W9DL31001461C,,,,,
2023-11-01,11:30:37.04 AM,6m 14.7s,374.7,33.7999329907707,-117.4735866008282,84.3,137.7,14.7,1348,2982.8,5.001949,6.94893,-0.894776,2.23694,-4.921268,1.342164,0,0.894776,-1.7,0.2,1.7,-98.7,261.3,255.3,Tripod,Other,,22,5,True,,True,False,,Smart,RC,False,True,False,,,True,,False,False,False,False,False,False,False,False,False,False,0,Follow Yaw,-77.9,0,-106.9,253.1,False,False,False,False,False,,0,0,False,False,No Card,100,100,1024,1415,898,1024,2,False,False,False,False,False,0,False,False,False,False,80,,47.112,,3988,,4986,,47.112,,True,3.918,3.918,3.918,3.918,3.918,3.918,3.918,3.918,3.918,3.918,3.918,3.918,0,,False,False,True,,,,,,,,,,,,,,,False,False,9.362,,96.6,,75.7,,96.6,,1507,83,8,19,7,148447.8,19793.05,,Idle,,20,,10,,,20,Go Home,False,False,False,False,False,False,False,False,False,False,False,False,33.8027920380556,-117.4659261431046,2545.7,2972.0,1049.4,396.9,True,1,1,False,False,False,False,,True,False,False,Course Lock,196.8,67,16.4,93,SE,SW,3.13,11.4,Calm,False,False,Android,7.0.2,M300 RTK,1ZN7L4R0H1D00F,1W9DL31001461C,1ZMLH8300204F0,1Z6PH74DAP0QN7,"Corona, CA",728.3,5.7,137.7,8.547347,2.013246,0,0,DJI Matrice 300 RTK,M300 RTK,1ZN7L4R0H1D00F,1W9DL31001461C,1ZMLH8300204F0,1Z6PH74DAP0QN7,DJI Pilot,Android,7.0.2,1EF72A62-B7C3-C88D-164E-CE6F8C8424AE,1ZN7L4R0H1D00F,1W9DL31001461C,,1ZMLH8300204F0,1W9DL31001461C,,,,,
2023-11-01,11:30:37.14 AM,6m 14.8s,374.8,33.7999325919128,-117.47358904727,84.3,137.7,14.7,1348,2983.6,5.001949,6.94893,-0.894776,2.23694,-4.921268,1.342164,0,0.894776,-2.5,0.5,2.5,-98.5,261.5,258.8,Tripod,Other,,22,5,True,,True,False,,Smart,RC,False,True,False,,,True,,False,False,False,False,False,False,False,False,False,False,0,Follow Yaw,-77.9,0,-106.9,253.1,False,False,False,False,False,,0,0,False,False,No Card,100,100,1024,1415,903,937,2,False,False,False,False,False,0,False,False,False,False,80,,47.112,,3988,,4986,,47.112,,True,3.918,3.918,3.918,3.918,3.918,3.918,3.918,3.918,3.918,3.918,3.918,3.918,0,,False,False,True,,,,,,,,,,,,,,,False,False,9.362,,96.6,,75.7,,96.6,,1507,83,8,19,7,148447.8,19793.05,,Idle,,20,,10,,,20,Go Home,False,False,False,False,False,False,False,False,False,False,False,False,33.8027920380556,-117.4659261431046,2546.4,2972.0,1049.4,396.9,True,1,1,False,False,False,False,,True,False,False,Course Lock,196.8,67,16.4,93,SE,SW,3.13,11.4,Calm,False,False,Android,7.0.2,M300 RTK,1ZN7L4R0H1D00F,1W9DL31001461C,1ZMLH8300204F0,1Z6PH74DAP0QN7,"Corona, CA",728.3,5.7,137.7,8.547347,2.013246,0,0,DJI Matrice 300 RTK,M300 RTK,1ZN7L4R0H1D00F,1W9DL31001461C,1ZMLH8300204F0,1Z6PH74DAP0QN7,DJI Pilot,Android,7.0.2,1EF72A62-B7C3-C88D-164E-CE6F8C8424AE,1ZN7L4R0H1D00F,1W9DL31001461C,,1ZMLH8300204F0,1W9DL31001461C,,,,,
2023-11-01,11:30:37.24 AM,6m 14.9s,374.9,33.7999322393826,-117.4735915572108,84.3,137.7,14.7,1348,2984.3,4.966812,6.94893,-0.671082,2.23694,-4.921268,1.342164,0,0.894776,-3.2,0,3.2,-98.5,261.5,260.4,Tripod,Other,,22,5,True,,True,False,,Smart,RC,False,True,False,,,True,,False,False,False,False,False,False,False,False,False,False,0,Follow Yaw,-77.9,0,-106.9,253.1,False,False,False,False,False,,0,0,False,False,No Card,100,100,1024,1417,909,852,2,False,False,False,False,False,0,False,False,False,False,80,,47.112,,3988,,4986,,47.112,,True,3.918,3.918,3.918,3.918,3.918,3.918,3.918,3.918,3.918,3.918,3.918,3.918,0,,False,False,True,,,,,,,,,,,,,,,False,False,9.362,,96.6,,75.7,,96.6,,1507,83,8,19,7,148447.8,19793.05,,Idle,,20,,10,,,20,Go Home,False,False,False,False,False,False,False,False,False,False,False,False,33.8027920380556,-117.4659261431046,2547.2,2972.0,1049.4,396.9,True,1,1,False,False,False,False,,True,False,False,Course Lock,196.8,67,16.4,93,SE,SW,3.13,11.4,Calm,False,False,Android,7.0.2,M300 RTK,1ZN7L4R0H1D00F,1W9DL31001461C,1ZMLH8300204F0,1Z6PH74DAP0QN7,"Corona, CA",728.3,5.7,137.7,8.547347,2.013246,0,0,DJI Matrice 300 RTK,M300 RTK,1ZN7L4R0H1D00F,1W9DL31001461C,1ZMLH8300204F0,1Z6PH74DAP0QN7,DJI Pilot,Android,7.0.2,1EF72A62-B7C3-C88D-164E-CE6F8C8424AE,1ZN7L4R0H1D00F,1W9DL31001461C,,1ZMLH8300204F0,1W9DL31001461C,,,,,
2023-11-01,11:30:37.31 AM,6m 15.0s,375.0,33.799931877258,-117.4735940424942,84.3,137.7,14.7,1348,2985.1,4.966812,6.94893,-0.671082,2.23694,-4.921268,1.342164,0,0.894776,-4.1,-1.1,4.2,-98.3,261.7,260.0,Tripod,Other,,22,5,True,,True,False,,Smart,RC,False,True,False,,,True,,False,False,False,False,False,False,False,False,False,False,0,Follow Yaw,-77.9,0,-107,253,False,False,False,False,False,,0,0,False,False,No Card,100,100,1024,1422,899,844,2,False,False,False,False,False,0,False,False,False,False,80,,47.16,,8034,,10044,,47.16,,True,3.918,3.918,3.918,3.918,3.918,3.918,3.918,3.918,3.918,3.918,3.918,3.918,0,,False,False,True,,,,,,,,,,,,,,,False,False,18.918,,96.6,,75.7,,96.6,,1507,83,8,19,7,148447.8,19793.05,,Idle,,20,,10,,,20,Go Home,False,False,False,False,False,False,False,False,False,False,False,False,33.8027920380556,-117.4659261431046,2547.9,2972.0,1049.4,396.9,True,1,1,False,False,False,False,,True,False,False,Course Lock,196.8,67,16.4,93,SE,SW,3.13,11.4,Calm,False,False,Android,7.0.2,M300 RTK,1ZN7L4R0H1D00F,1W9DL31001461C,1ZMLH8300204F0,1Z6PH74DAP0QN7,"Corona, CA",728.3,5.7,137.7,8.547347,2.013246,0,0,DJI Matrice 300 RTK,M300 RTK,1ZN7L4R0H1D00F,1W9DL31001461C,1ZMLH8300204F0,1Z6PH74DAP0QN7,DJI Pilot,Android,7.0.2,1EF72A62-B7C3-C88D-164E-CE6F8C8424AE,1ZN7L4R0H1D00F,1W9DL31001461C,,1ZMLH8300204F0,1W9DL31001461C,,,,,
2023-11-01,11:30:37.44 AM,6m 15.1s,375.1,33.7999316856417,-117.4735969550348,84.3,137.7,14.7,1348,2986.0,4.966812,6.94893,-0.671082,2.23694,-4.921268,1.342164,0,0.894776,-4.6,-2,5,-98.1,261.9,265.4,Tripod,Other,,22,5,True,,True,False,,Smart,RC,False,True,False,,,True,,False,False,False,False,False,False,False,False,False,False,0,Follow Yaw,-77.9,0,-107.4,252.6,False,False,False,False,False,,0,0,False,False,No Card,100,100,1024,1423,901,853,2,False,False,False,False,False,0,False,False,False,False,80,,47.16,,8034,,10044,,47.16,,True,3.918,3.918,3.918,3.918,3.918,3.918,3.918,3.918,3.918,3.918,3.918,3.918,0,,False,False,True,,,,,,,,,,,,,,,False,False,18.918,,96.6,,75.7,,96.6,,1507,83,8,19,7,148447.8,19793.05,,Idle,,20,,10,,,20,Go Home,False,False,False,False,False,False,False,False,False,False,False,False,33.8027920380556,-117.4659261431046,2548.7,2972.0,1049.4,396.9,True,1,1,False,False,False,False,,True,False,False,Course Lock,196.8,67,16.4,93,SE,SW,3.13,11.4,Calm,False,False,Android,7.0.2,M300 RTK,1ZN7L4R0H1D00F,1W9DL31001461C,1ZMLH8300204F0,1Z6PH74DAP0QN7,"Corona, CA",728.3,5.7,137.7,8.547347,2.013246,0,0,DJI Matrice 300 RTK,M300 RTK,1ZN7L4R0H1D00F,1W9DL31001461C,1ZMLH8300204F0,1Z6PH74DAP0QN7,DJI Pilot,Android,7.0.2,1EF72A62-B7C3-C88D-164E-CE6F8C8424AE,1ZN7L4R0H1D00F,1W9DL31001461C,,1ZMLH8300204F0,1W9DL31001461C,,,,,
2023-11-01,11:30:37.52 AM,6m 15.2s,375.2,33.7999313188568,-117.4735995489262,83.9,137.7,14.7,1348,2986.8,5.188543,6.94893,-0.671082,2.23694,-5.144962,1.342164,0,0.894776,-4.8,-2.1,5.2,-98,262,260.3,Tripod,Other,,22,5,True,,True,False,,Smart,RC,False,True,False,,,True,,False,False,False,False,False,False,False,False,False,False,0,Follow Yaw,-77.9,0,-107.8,252.2,False,False,False,False,False,,0,0,False,False,No Card,100,100,1024,1423,901,853,2,False,False,False,False,False,0,False,False,False,False,80,,47.16,,8034,,10044,,47.16,,True,3.918,3.918,3.918,3.918,3.918,3.918,3.918,3.918,3.918,3.918,3.918,3.918,0,,False,False,True,,,,,,,,,,,,,,,False,False,18.918,,96.6,,75.7,,96.6,,1507,83,8,19,7,148447.8,19793.05,,Idle,,20,,10,,,20,Go Home,False,False,False,False,False,False,False,False,False,False,False,False,33.8027920380556,-117.4659261431046,2549.5,2972.0,1049.4,396.9,True,1,1,False,False,False,False,,True,False,False,Course Lock,196.8,67,16.4,93,SE,SW,3.13,11.4,Calm,False,False,Android,7.0.2,M300 RTK,1ZN7L4R0H1D00F,1W9DL31001461C,1ZMLH8300204F0,1Z6PH74DAP0QN7,"Corona, CA",728.3,5.7,137.7,8.547347,2.013246,0,0,DJI Matrice 300 RTK,M300 RTK,1ZN7L4R0H1D00F,1W9DL31001461C,1ZMLH8300204F0,1Z6PH74DAP0QN7,DJI Pilot,Android,7.0.2,1EF72A62-B7C3-C88D-164E-CE6F8C8424AE,1ZN7L4R0H1D00F,1W9DL31001461C,,1ZMLH8300204F0,1W9DL31001461C,,,,,
2023-11-01,11:30:37.64 AM,6m 15.3s,375.3,33.7999308945049,-117.473601896986,83.9,137.7,14.7,1348,2987.5,5.222189,6.94893,-0.894776,2.23694,-5.144962,1.342164,0,0.894776,-4.8,-1.8,5.1,-98.3,261.7,257.7,Tripod,Other,,22,5,True,,True,False,,Smart,RC,False,True,False,,,True,,False,False,False,False,False,False,False,False,False,False,0,Follow Yaw,-77.9,0,-108.1,251.9,False,False,False,False,False,,0,0,False,False,No Card,100,100,1024,1426,890,857,2,False,False,False,False,False,0,False,False,False,False,80,,47.16,,8034,,10044,,47.16,,True,3.926,3.926,3.926,3.926,3.926,3.926,3.926,3.926,3.926,3.926,3.926,3.926,0,,False,False,True,,,,,,,,,,,,,,,False,False,18.918,,96.6,,75.7,,96.6,,1501,83,8,19,7,148558.5,19807.80,,Idle,,20,,10,,,20,Go Home,False,False,False,False,False,False,False,False,False,False,False,False,33.8027920380556,-117.4659261431046,2550.2,2972.0,1049.4,396.9,True,1,1,False,False,False,False,,True,False,False,Course Lock,196.8,67,16.4,93,SE,SW,3.13,11.4,Calm,False,False,Android,7.0.2,M300 RTK,1ZN7L4R0H1D00F,1W9DL31001461C,1ZMLH8300204F0,1Z6PH74DAP0QN7,"Corona, CA",728.3,5.7,137.7,8.547347,2.013246,0,0,DJI Matrice 300 RTK,M300 RTK,1ZN7L4R0H1D00F,1W9DL31001461C,1ZMLH8300204F0,1Z6PH74DAP0QN7,DJI Pilot,Android,7.0.2,1EF72A62-B7C3-C88D-164E-CE6F8C8424AE,1ZN7L4R0H1D00F,1W9DL31001461C,,1ZMLH8300204F0,1W9DL31001461C,,,,,
2023-11-01,11:30:37.72 AM,6m 15.4s,375.4,33.7999304808439,-117.4736045576749,83.9,137.7,14.7,1348,2988.3,5.222189,6.94893,-0.894776,2.23694,-5.144962,1.342164,0,0.894776,-3.9,-1.3,4.1,-98.8,261.2,259.4,Tripod,Other,,22,5,True,,True,False,,Smart,RC,False,True,False,,,True,,False,False,False,False,False,False,False,False,False,False,0,Follow Yaw,-77.9,0,-108.5,251.5,False,False,False,False,False,,0,0,False,False,No Card,100,100,1024,1426,891,838,2,False,False,False,False,False,0,False,False,False,False,80,,47.16,,8034,,10044,,47.16,,True,3.926,3.926,3.926,3.926,3.926,3.926,3.926,3.926,3.926,3.926,3.926,3.926,0,,False,False,True,,,,,,,,,,,,,,,False,False,18.918,,96.6,,75.7,,96.6,,1501,83,8,19,7,148558.5,19807.80,,Idle,,20,,10,,,20,Go Home,False,False,False,False,False,False,False,False,False,False,False,False,33.8027920380556,-117.4659261431046,2551.0,2972.0,1049.4,396.9,True,1,1,False,False,False,False,,True,False,False,Course Lock,196.8,67,16.4,93,SE,SW,3.13,11.4,Calm,False,False,Android,7.0.2,M300 RTK,1ZN7L4R0H1D00F,1W9DL31001461C,1ZMLH8300204F0,1Z6PH74DAP0QN7,"Corona, CA",728.3,5.7,137.7,8.547347,2.013246,0,0,DJI Matrice 300 RTK,M300 RTK,1ZN7L4R0H1D00F,1W9DL31001461C,1ZMLH8300204F0,1Z6PH74DAP0QN7,DJI Pilot,Android,7.0.2,1EF72A62-B7C3-C88D-164E-CE6F8C8424AE,1ZN7L4R0H1D00F,1W9DL31001461C,,1ZMLH8300204F0,1W9DL31001461C,,,,,
2023-11-01,11:30:37.84 AM,6m 15.5s,375.5,33.799930084179,-117.4736072210028,83.9,137.7,14.7,1348,2989.1,5.442709,6.94893,-0.894776,2.23694,-5.368656,1.342164,0,0.894776,-3,-1.3,3.2,-99.4,260.6,259.8,Tripod,Other,,22,5,True,,True,False,,Smart,RC,False,True,False,,,True,,False,False,False,False,False,False,False,False,False,False,0,Follow Yaw,-77.9,0,-108.9,251.1,False,False,False,False,False,,0,0,False,False,No Card,100,100,1024,1424,893,839,2,False,False,False,False,False,0,False,False,False,False,80,,47.16,,8034,,10044,,47.16,,True,3.926,3.926,3.926,3.926,3.926,3.926,3.926,3.926,3.926,3.926,3.926,3.926,0,,False,False,True,,,,,,,,,,,,,,,False,False,18.918,,96.6,,75.7,,96.6,,1501,83,8,19,7,148558.5,19807.80,,Idle,,20,,10,,,20,Go Home,False,False,False,False,False,False,False,False,False,False,False,False,33.8027920380556,-117.4659261431046,2551.8,2972.0,1049.4,396.9,True,1,1,False,False,False,False,,True,False,False,Course Lock,196.8,67,16.4,93,SE,SW,3.13,11.4,Calm,False,False,Android,7.0.2,M300 RTK,1ZN7L4R0H1D00F,1W9DL31001461C,1ZMLH8300204F0,1Z6PH74DAP0QN7,"Corona, CA",728.3,5.7,137.7,8.547347,2.013246,0,0,DJI Matrice 300 RTK,M300 RTK,1ZN7L4R0H1D00F,1W9DL31001461C,1ZMLH8300204F0,1Z6PH74DAP0QN7,DJI Pilot,Android,7.0.2,1EF72A62-B7C3-C88D-164E-CE6F8C8424AE,1ZN7L4R0H1D00F,1W9DL31001461C,,1ZMLH8300204F0,1W9DL31001461C,,,,,
2023-11-01,11:30:37.93 AM,6m 15.6s,375.6,33.7999296461206,-117.4736099177294,83.9,137.7,14.7,1348,2990.0,5.442709,6.94893,-0.894776,2.23694,-5.368656,1.342164,0,0.894776,-2.9,-2,3.5,-99.9,260.1,258.9,Tripod,Other,,22,5,True,,True,False,,Smart,RC,False,True,False,,,True,,False,False,False,False,False,False,False,False,False,False,0,Follow Yaw,-77.9,0,-109.3,250.7,False,False,False,False,False,,0,0,False,False,No Card,100,100,1024,1423,896,846,2,False,False,False,False,False,0,False,False,False,False,80,,47.16,,8034,,10044,,47.16,,True,3.926,3.926,3.926,3.926,3.926,3.926,3.926,3.926,3.926,3.926,3.926,3.926,0,,False,False,True,,,,,,,,,,,,,,,False,False,18.918,,96.6,,75.7,,96.6,,1501,83,8,19,7,148558.5,19807.80,,Idle,,20,,10,,,20,Go Home,False,False,False,False,False,False,False,False,False,False,False,False,33.8027920380556,-117.4659261431046,2552.6,2972.0,1049.4,396.9,True,1,1,False,False,False,False,,True,False,False,Course Lock,196.8,67,16.4,93,SE,SW,3.13,11.4,Calm,False,False,Android,7.0.2,M300 RTK,1ZN7L4R0H1D00F,1W9DL31001461C,1ZMLH8300204F0,1Z6PH74DAP0QN7,"Corona, CA",728.3,5.7,137.7,8.547347,2.013246,0,0,DJI Matrice 300 RTK,M300 RTK,1ZN7L4R0H1D00F,1W9DL31001461C,1ZMLH8300204F0,1Z6PH74DAP0QN7,DJI Pilot,Android,7.0.2,1EF72A62-B7C3-C88D-164E-CE6F8C8424AE,1ZN7L4R0H1D00F,1W9DL31001461C,,1ZMLH8300204F0,1W9DL31001461C,,,,,
2023-11-01,11:30:38.03 AM,6m 15.7s,375.7,33.7999289490101,-117.4736128082516,83.9,137.7,14.7,1348,2990.9,5.442709,6.94893,-0.894776,2.23694,-5.368656,1.342164,0,0.894776,-3.4,-2.2,4,-100.3,259.7,253.8,Tripod,Other,,22,5,True,,True,False,,Smart,RC,False,True,False,,,True,,False,False,False,False,False,False,False,False,False,False,0,Follow Yaw,-77.9,0,-109.7,250.3,False,False,False,False,False,,0,0,False,False,No Card,100,100,1024,1423,901,866,2,False,False,False,False,False,0,False,False,False,False,80,,47.16,,8034,,10044,,47.16,,True,3.926,3.926,3.926,3.926,3.926,3.926,3.926,3.926,3.926,3.926,3.926,3.926,0,,False,False,True,,,,,,,,,,,,,,,False,False,18.918,,96.6,,75.7,,96.6,,1501,83,8,19,7,148558.5,19807.80,,Idle,,20,,10,,,20,Go Home,False,False,False,False,False,False,False,False,False,False,False,False,33.8027920380556,-117.4659261431046,2553.5,2972.0,1049.4,396.9,True,1,1,False,False,False,False,,True,False,False,Course Lock,196.8,67,16.4,93,SE,SW,3.13,11.4,Calm,False,False,Android,7.0.2,M300 RTK,1ZN7L4R0H1D00F,1W9DL31001461C,1ZMLH8300204F0,1Z6PH74DAP0QN7,"Corona, CA",728.3,5.7,137.7,8.547347,2.013246,0,0,DJI Matrice 300 RTK,M300 RTK,1ZN7L4R0H1D00F,1W9DL31001461C,1ZMLH8300204F0,1Z6PH74DAP0QN7,DJI Pilot,Android,7.0.2,1EF72A62-B7C3-C88D-164E-CE6F8C8424AE,1ZN7L4R0H1D00F,1W9DL31001461C,,1ZMLH8300204F0,1W9DL31001461C,,,,,
2023-11-01,11:30:38.13 AM,6m 15.8s,375.8,33.799928441597,-117.4736155443147,83.9,137.7,15.0,1348,2991.7,5.483925,6.94893,-1.11847,2.23694,-5.368656,1.342164,0,0.894776,-3.9,-1.9,4.3,-100.8,259.2,257.4,Tripod,Other,,22,5,True,,True,False,,Smart,RC,False,True,False,,,True,,False,False,False,False,False,False,False,False,False,False,0,Follow Yaw,-77.9,0,-110,250,False,False,False,False,False,,0,0,False,False,No Card,100,100,1024,1424,901,867,2,False,False,False,False,False,0,False,False,False,False,80,,47.16,,8034,,10044,,47.16,,True,3.926,3.926,3.926,3.926,3.926,3.926,3.926,3.926,3.926,3.926,3.926,3.926,0,,False,False,True,,,,,,,,,,,,,,,False,False,18.918,,96.6,,75.7,,96.6,,1501,83,8,19,7,148558.5,19807.80,,Idle,,20,,10,,,20,Go Home,False,False,False,False,False,False,False,False,False,False,False,False,33.8027920380556,-117.4659261431046,2554.4,2972.0,1049.4,396.9,True,1,1,False,False,False,False,,True,False,False,Course Lock,196.8,67,16.4,93,SE,SW,3.13,11.4,Calm,False,False,Android,7.0.2,M300 RTK,1ZN7L4R0H1D00F,1W9DL31001461C,1ZMLH8300204F0,1Z6PH74DAP0QN7,"Corona, CA",728.3,5.7,137.7,8.547347,2.013246,0,0,DJI Matrice 300 RTK,M300 RTK,1ZN7L4R0H1D00F,1W9DL31001461C,1ZMLH8300204F0,1Z6PH74DAP0QN7,DJI Pilot,Android,7.0.2,1EF72A62-B7C3-C88D-164E-CE6F8C8424AE,1ZN7L4R0H1D00F,1W9DL31001461C,,1ZMLH8300204F0,1W9DL31001461C,,,,,
2023-11-01,11:30:38.24 AM,6m 15.9s,375.9,33.7999281178504,-117.4736184293117,83.9,137.7,15.0,1348,2992.6,5.483925,6.94893,-1.11847,2.23694,-5.368656,1.342164,0,0.894776,-4.1,-1.7,4.4,-101.1,258.9,262.3,Tripod,Other,,22,5,True,,True,False,,Smart,RC,False,True,False,,,True,,False,False,False,False,False,False,False,False,False,False,0,Follow Yaw,-77.9,0,-110.3,249.7,False,False,False,False,False,,0,0,False,False,No Card,100,100,1024,1424,902,873,2,False,False,False,False,False,0,False,False,False,False,80,,47.064,,3988,,4986,,47.064,,True,3.926,3.926,3.926,3.926,3.926,3.926,3.926,3.926,3.926,3.926,3.926,3.926,0,,False,False,True,,,,,,,,,,,,,,,False,False,9.612,,96.6,,75.7,,96.6,,1501,83,8,19,7,148558.5,19807.80,,Idle,,20,,10,,,20,Go Home,False,False,False,False,False,False,False,False,False,False,False,False,33.8027920380556,-117.4659261431046,2555.2,2972.0,1049.4,396.9,True,1,1,False,False,False,False,,True,False,False,Course Lock,196.8,67,16.4,93,SE,SW,3.13,11.4,Calm,False,False,Android,7.0.2,M300 RTK,1ZN7L4R0H1D00F,1W9DL31001461C,1ZMLH8300204F0,1Z6PH74DAP0QN7,"Corona, CA",728.3,5.7,137.7,8.547347,2.013246,0,0,DJI Matrice 300 RTK,M300 RTK,1ZN7L4R0H1D00F,1W9DL31001461C,1ZMLH8300204F0,1Z6PH74DAP0QN7,DJI Pilot,Android,7.0.2,1EF72A62-B7C3-C88D-164E-CE6F8C8424AE,1ZN7L4R0H1D00F,1W9DL31001461C,,1ZMLH8300204F0,1W9DL31001461C,,,,,
2023-11-01,11:30:38.34 AM,6m 16.0s,376.0,33.7999275742522,-117.4736213948781,83.9,137.7,15.0,1348,2993.5,5.7031,6.94893,-1.11847,2.23694,-5.59235,1.342164,0,0.894776,-3.8,-1.6,4.1,-101.5,258.5,257.5,Tripod,Other,,22,5,True,,True,False,,Smart,RC,False,True,False,,,True,,False,False,False,False,False,False,False,False,False,False,0,Follow Yaw,-77.9,0,-110.7,249.3,False,False,False,False,False,,0,0,False,False,No Card,100,100,1024,1427,902,891,2,False,False,False,False,False,0,False,False,False,False,80,,47.1,,8034,,10044,,47.1,,True,3.926,3.926,3.926,3.926,3.926,3.926,3.926,3.926,3.926,3.926,3.926,3.926,0,,False,False,True,,,,,,,,,,,,,,,False,False,19.298,,96.6,,75.7,,96.6,,1501,83,8,19,7,148558.5,19807.80,,Idle,,20,,10,,,20,Go Home,False,False,False,False,False,False,False,False,False,False,False,False,33.8027920380556,-117.4659261431046,2556.1,2972.0,1049.4,396.9,True,1,1,False,False,False,False,,True,False,False,Course Lock,196.8,67,16.4,93,SE,SW,3.13,11.4,Calm,False,False,Android,7.0.2,M300 RTK,1ZN7L4R0H1D00F,1W9DL31001461C,1ZMLH8300204F0,1Z6PH74DAP0QN7,"Corona, CA",728.3,5.7,137.7,8.547347,2.013246,0,0,DJI Matrice 300 RTK,M300 RTK,1ZN7L4R0H1D00F,1W9DL31001461C,1ZMLH8300204F0,1Z6PH74DAP0QN7,DJI Pilot,Android,7.0.2,1EF72A62-B7C3-C88D-164E-CE6F8C8424AE,1ZN7L4R0H1D00F,1W9DL31001461C,,1ZMLH8300204F0,1W9DL31001461C,,,,,
2023-11-01,11:30:38.45 AM,6m 16.1s,376.1,33.7999270317506,-117.4736240678546,83.9,137.7,15.0,1348,2994.4,5.7031,6.94893,-1.11847,2.23694,-5.59235,1.342164,0,0.894776,-3.1,-1.7,3.5,-102.1,257.9,256.2,Tripod,Other,,22,5,True,,True,False,,Smart,RC,False,True,False,,,True,,False,False,False,False,False,False,False,False,False,False,0,Follow Yaw,-77.9,0,-111,249,False,False,False,False,False,,0,0,False,False,No Card,100,100,1024,1429,902,907,2,False,False,False,False,False,0,False,False,False,False,80,,47.1,,8034,,10044,,47.1,,True,3.926,3.926,3.926,3.926,3.926,3.926,3.926,3.926,3.926,3.926,3.926,3.926,0,,False,False,True,,,,,,,,,,,,,,,False,False,19.298,,96.6,,75.7,,96.6,,1501,83,8,19,7,148558.5,19807.80,,Idle,,20,,10,,,20,Go Home,False,False,False,False,False,False,False,False,False,False,False,False,33.8027920380556,-117.4659261431046,2556.9,2972.0,1049.4,396.9,True,1,1,False,False,False,False,,True,False,False,Course Lock,196.8,67,16.4,93,SE,SW,3.13,11.4,Calm,False,False,Android,7.0.2,M300 RTK,1ZN7L4R0H1D00F,1W9DL31001461C,1ZMLH8300204F0,1Z6PH74DAP0QN7,"Corona, CA",728.3,5.7,137.7,8.547347,2.013246,0,0,DJI Matrice 300 RTK,M300 RTK,1ZN7L4R0H1D00F,1W9DL31001461C,1ZMLH8300204F0,1Z6PH74DAP0QN7,DJI Pilot,Android,7.0.2,1EF72A62-B7C3-C88D-164E-CE6F8C8424AE,1ZN7L4R0H1D00F,1W9DL31001461C,,1ZMLH8300204F0,1W9DL31001461C,,,,,
2023-11-01,11:30:38.55 AM,6m 16.2s,376.2,33.7999264870559,-117.4736269361109,83.9,137.7,15.0,1348,2995.3,5.7031,6.94893,-1.11847,2.23694,-5.59235,1.342164,0,0.894776,-2.8,-1.9,3.3,-102.8,257.2,257.1,Tripod,Other,,22,5,True,,True,False,,Smart,RC,False,True,False,,,True,,False,False,False,False,False,False,False,False,False,False,0,Follow Yaw,-77.9,0,-111.2,248.8,False,False,False,False,False,,0,0,False,False,No Card,100,100,1024,1429,899,911,2,False,False,False,False,False,0,False,False,False,False,80,,47.1,,8034,,10044,,47.1,,True,3.926,3.926,3.926,3.926,3.926,3.926,3.926,3.926,3.926,3.926,3.926,3.926,0,,False,False,True,,,,,,,,,,,,,,,False,False,19.298,,96.6,,75.7,,96.6,,1501,83,8,19,7,148558.5,19807.80,,Idle,,20,,10,,,20,Go Home,False,False,False,False,False,False,False,False,False,False,False,False,33.8027920380556,-117.4659261431046,2557.8,2972.0,1049.4,396.9,True,1,1,False,False,False,False,,True,False,False,Course Lock,196.8,67,16.4,93,SE,SW,3.13,11.4,Calm,False,False,Android,7.0.2,M300 RTK,1ZN7L4R0H1D00F,1W9DL31001461C,1ZMLH8300204F0,1Z6PH74DAP0QN7,"Corona, CA",728.3,5.7,137.7,8.547347,2.013246,0,0,DJI Matrice 300 RTK,M300 RTK,1ZN7L4R0H1D00F,1W9DL31001461C,1ZMLH8300204F0,1Z6PH74DAP0QN7,DJI Pilot,Android,7.0.2,1EF72A62-B7C3-C88D-164E-CE6F8C8424AE,1ZN7L4R0H1D00F,1W9DL31001461C,,1ZMLH8300204F0,1W9DL31001461C,,,,,
2023-11-01,11:30:38.65 AM,6m 16.3s,376.3,33.7999258716359,-117.4736300025334,83.9,137.7,15.0,1348,2996.2,5.9689,6.94893,-1.342164,2.23694,-5.816044,1.342164,0,0.894776,-3.1,-2.3,3.8,-103.2,256.8,256.4,Tripod,Other,,22,5,True,,True,False,,Smart,RC,False,True,False,,,True,,False,False,False,False,False,False,False,False,False,False,0,Follow Yaw,-77.9,0,-111.4,248.6,False,False,False,False,False,,0,0,False,False,No Card,100,100,1024,1428,899,916,2,False,False,False,False,False,0,False,False,False,False,80,,47.1,,8034,,10044,,47.1,,True,3.926,3.926,3.926,3.926,3.926,3.926,3.926,3.926,3.926,3.926,3.926,3.926,0,,False,False,True,,,,,,,,,,,,,,,False,False,19.298,,96.6,,75.7,,96.6,,1496,83,8,19,7,148191.5,19758.87,,Idle,,20,,10,,,20,Go Home,False,False,False,False,False,False,False,False,False,False,False,False,33.8027920380556,-117.4659261431046,2558.8,2972.0,1049.4,396.9,True,1,1,False,False,False,False,,True,False,False,Course Lock,196.8,67,16.4,93,SE,SW,3.13,11.4,Calm,False,False,Android,7.0.2,M300 RTK,1ZN7L4R0H1D00F,1W9DL31001461C,1ZMLH8300204F0,1Z6PH74DAP0QN7,"Corona, CA",728.3,5.7,137.7,8.547347,2.013246,0,0,DJI Matrice 300 RTK,M300 RTK,1ZN7L4R0H1D00F,1W9DL31001461C,1ZMLH8300204F0,1Z6PH74DAP0QN7,DJI Pilot,Android,7.0.2,1EF72A62-B7C3-C88D-164E-CE6F8C8424AE,1ZN7L4R0H1D00F,1W9DL31001461C,,1ZMLH8300204F0,1W9DL31001461C,,,,,
2023-11-01,11:30:38.76 AM,6m 16.4s,376.4,33.7999252822582,-117.4736329154864,83.6,137.7,15.0,1347,2997.1,5.9689,6.94893,-1.342164,2.23694,-5.816044,1.342164,0,0.894776,-3.6,-2.3,4.2,-103.4,256.6,256.3,Tripod,Other,,22,5,True,,True,False,,Smart,RC,False,True,False,,,True,,False,False,False,False,False,False,False,False,False,False,0,Follow Yaw,-77.9,0,-111.6,248.4,False,False,False,False,False,,0,0,False,False,No Card,100,100,1024,1427,898,929,2,False,False,False,False,False,0,False,False,False,False,80,,47.1,,8034,,10044,,47.1,,True,3.926,3.926,3.926,3.926,3.926,3.926,3.926,3.926,3.926,3.926,3.926,3.926,0,,False,False,True,,,,,,,,,,,,,,,False,False,19.298,,96.6,,75.7,,96.6,,1496,83,8,19,7,148191.5,19758.87,,Idle,,20,,10,,,20,Go Home,False,False,False,False,False,False,False,False,False,False,False,False,33.8027920380556,-117.4659261431046,2559.6,2972.0,1049.4,396.9,True,1,1,False,False,False,False,,True,False,False,Course Lock,196.8,67,16.4,93,SE,SW,3.13,11.4,Calm,False,False,Android,7.0.2,M300 RTK,1ZN7L4R0H1D00F,1W9DL31001461C,1ZMLH8300204F0,1Z6PH74DAP0QN7,"Corona, CA",728.3,5.7,137.7,8.547347,2.013246,0,0,DJI Matrice 300 RTK,M300 RTK,1ZN7L4R0H1D00F,1W9DL31001461C,1ZMLH8300204F0,1Z6PH74DAP0QN7,DJI Pilot,Android,7.0.2,1EF72A62-B7C3-C88D-164E-CE6F8C8424AE,1ZN7L4R0H1D00F,1W9DL31001461C,,1ZMLH8300204F0,1W9DL31001461C,,,,,
2023-11-01,11:30:38.86 AM,6m 16.5s,376.5,33.7999245401905,-117.473635773517,83.6,137.7,14.7,1347,2998.0,5.9689,6.94893,-1.342164,2.23694,-5.816044,1.342164,0,0.894776,-4,-2.1,4.5,-103.4,256.6,252.6,Tripod,Other,,22,5,True,,True,False,,Smart,RC,False,True,False,,,True,,False,False,False,False,False,False,False,False,False,False,0,Follow Yaw,-77.9,0,-111.8,248.2,False,False,False,False,False,,0,0,False,False,No Card,100,100,1024,1423,900,944,2,False,False,False,False,False,0,False,False,False,False,80,,47.1,,8034,,10044,,47.1,,True,3.926,3.926,3.926,3.926,3.926,3.926,3.926,3.926,3.926,3.926,3.926,3.926,0,,False,False,True,,,,,,,,,,,,,,,False,False,19.298,,96.6,,75.7,,96.6,,1496,83,8,19,7,148191.5,19758.87,,Idle,,20,,10,,,20,Go Home,False,False,False,False,False,False,False,False,False,False,False,False,33.8027920380556,-117.4659261431046,2560.5,2972.0,1049.4,396.9,True,1,1,False,False,False,False,,True,False,False,Course Lock,196.8,67,16.4,93,SE,SW,3.13,11.4,Calm,False,False,Android,7.0.2,M300 RTK,1ZN7L4R0H1D00F,1W9DL31001461C,1ZMLH8300204F0,1Z6PH74DAP0QN7,"Corona, CA",728.3,5.7,137.7,8.547347,2.013246,0,0,DJI Matrice 300 RTK,M300 RTK,1ZN7L4R0H1D00F,1W9DL31001461C,1ZMLH8300204F0,1Z6PH74DAP0QN7,DJI Pilot,Android,7.0.2,1EF72A62-B7C3-C88D-164E-CE6F8C8424AE,1ZN7L4R0H1D00F,1W9DL31001461C,,1ZMLH8300204F0,1W9DL31001461C,,,,,
2023-11-01,11:30:38.96 AM,6m 16.6s,376.6,33.7999238787168,-117.4736387357848,83.6,137.7,14.7,1347,2999.0,6.023145,6.94893,-1.565858,2.23694,-5.816044,1.342164,0,0.894776,-4.1,-1.7,4.4,-103.5,256.5,254.9,Tripod,Other,,22,5,True,,True,False,,Smart,RC,False,True,False,,,True,,False,False,False,False,False,False,False,False,False,False,0,Follow Yaw,-77.9,0,-111.9,248.1,False,False,False,False,False,,0,0,False,False,No Card,100,100,1024,1422,900,955,2,False,False,False,False,False,0,False,False,False,False,80,,47.1,,8034,,10044,,47.1,,True,3.926,3.926,3.926,3.926,3.926,3.926,3.926,3.926,3.926,3.926,3.926,3.926,0,,False,False,True,,,,,,,,,,,,,,,False,False,19.298,,96.6,,75.7,,96.6,,1496,83,8,19,7,148191.5,19758.87,,Idle,,20,,10,,,20,Go Home,False,False,False,False,False,False,False,False,False,False,False,False,33.8027920380556,-117.4659261431046,2561.5,2972.0,1049.4,396.9,True,1,1,False,False,False,False,,True,False,False,Course Lock,196.8,67,16.4,93,SE,SW,3.13,11.4,Calm,False,False,Android,7.0.2,M300 RTK,1ZN7L4R0H1D00F,1W9DL31001461C,1ZMLH8300204F0,1Z6PH74DAP0QN7,"Corona, CA",728.3,5.7,137.7,8.547347,2.013246,0,0,DJI Matrice 300 RTK,M300 RTK,1ZN7L4R0H1D00F,1W9DL31001461C,1ZMLH8300204F0,1Z6PH74DAP0QN7,DJI Pilot,Android,7.0.2,1EF72A62-B7C3-C88D-164E-CE6F8C8424AE,1ZN7L4R0H1D00F,1W9DL31001461C,,1ZMLH8300204F0,1W9DL31001461C,,,,,
2023-11-01,11:30:39.07 AM,6m 16.7s,376.7,33.7999232073744,-117.4736415633854,83.6,137.7,14.7,1347,2999.9,6.239418,6.94893,-1.565858,2.23694,-6.039738,1.342164,0,0.894776,-3.9,-1.2,4,-103.6,256.4,254.0,Tripod,Other,,22,5,True,,True,False,,Smart,RC,False,True,False,,,True,,False,False,False,False,False,False,False,False,False,False,0,Follow Yaw,-77.9,0,-112,248,False,False,False,False,False,,0,0,False,False,No Card,100,100,1024,1419,900,956,2,False,False,False,False,False,0,False,False,False,False,80,,47.1,,8034,,10044,,47.1,,True,3.926,3.926,3.926,3.926,3.926,3.926,3.926,3.926,3.926,3.926,3.926,3.926,0,,False,False,True,,,,,,,,,,,,,,,False,False,19.298,,96.6,,75.7,,96.6,,1496,83,8,19,7,148191.5,19758.87,,Idle,,20,,10,,,20,Go Home,False,False,False,False,False,False,False,False,False,False,False,False,33.8027920380556,-117.4659261431046,2562.3,2972.0,1049.4,396.9,True,1,1,False,False,False,False,,True,False,False,Course Lock,196.8,67,16.4,93,SE,SW,3.13,11.4,Calm,False,False,Android,7.0.2,M300 RTK,1ZN7L4R0H1D00F,1W9DL31001461C,1ZMLH8300204F0,1Z6PH74DAP0QN7,"Corona, CA",728.3,5.7,137.7,8.547347,2.013246,0,0,DJI Matrice 300 RTK,M300 RTK,1ZN7L4R0H1D00F,1W9DL31001461C,1ZMLH8300204F0,1Z6PH74DAP0QN7,DJI Pilot,Android,7.0.2,1EF72A62-B7C3-C88D-164E-CE6F8C8424AE,1ZN7L4R0H1D00F,1W9DL31001461C,,1ZMLH8300204F0,1W9DL31001461C,,,,,
2023-11-01,11:30:39.17 AM,6m 16.8s,376.8,33.7999224927196,-117.4736445597942,83.6,137.7,14.7,1347,3000.8,6.239418,6.94893,-1.565858,2.23694,-6.039738,1.342164,0,0.894776,-3.7,-0.6,3.7,-103.6,256.4,253.9,Tripod,Other,,22,5,True,,True,False,,Smart,RC,False,True,False,,,True,,False,False,False,False,False,False,False,False,False,False,0,Follow Yaw,-77.9,0,-112.1,247.9,False,False,False,False,False,,0,0,False,False,No Card,100,100,1024,1417,923,978,2,False,False,False,False,False,0,False,False,False,False,80,,47.1,,8034,,10044,,47.1,,True,3.926,3.926,3.926,3.926,3.926,3.926,3.926,3.926,3.926,3.926,3.926,3.926,0,,False,False,True,,,,,,,,,,,,,,,False,False,19.298,,96.6,,75.7,,96.6,,1496,83,8,19,7,148191.5,19758.87,,Idle,,20,,10,,,20,Go Home,False,False,False,False,False,False,False,False,False,False,False,False,33.8027920380556,-117.4659261431046,2563.3,2972.0,1049.4,396.9,True,1,1,False,False,False,False,,True,False,False,Course Lock,196.8,67,16.4,93,SE,SW,3.13,11.4,Calm,False,False,Android,7.0.2,M300 RTK,1ZN7L4R0H1D00F,1W9DL31001461C,1ZMLH8300204F0,1Z6PH74DAP0QN7,"Corona, CA",728.3,5.7,137.7,8.547347,2.013246,0,0,DJI Matrice 300 RTK,M300 RTK,1ZN7L4R0H1D00F,1W9DL31001461C,1ZMLH8300204F0,1Z6PH74DAP0QN7,DJI Pilot,Android,7.0.2,1EF72A62-B7C3-C88D-164E-CE6F8C8424AE,1ZN7L4R0H1D00F,1W9DL31001461C,,1ZMLH8300204F0,1W9DL31001461C,,,,,
2023-11-01,11:30:39.27 AM,6m 16.9s,376.9,33.7999219496697,-117.473647681634,83.6,137.7,14.7,1347,3001.8,6.239418,6.94893,-1.565858,2.23694,-6.039738,1.342164,0,0.894776,-3.5,0,3.5,-103.7,256.3,258.1,Tripod,Other,,22,5,True,,True,False,,Smart,RC,False,True,False,,,True,,False,False,False,False,False,False,False,False,False,False,0,Follow Yaw,-77.9,0,-112.2,247.8,False,False,False,False,False,,0,0,False,False,No Card,100,100,1024,1417,923,978,2,False,False,False,False,False,0,False,False,False,False,80,,47.1,,8034,,10044,,47.1,,True,3.926,3.926,3.926,3.926,3.926,3.926,3.926,3.926,3.926,3.926,3.926,3.926,0,,False,False,True,,,,,,,,,,,,,,,False,False,19.298,,96.6,,75.7,,96.6,,1496,83,8,19,7,148191.5,19758.87,,Idle,,20,,10,,,20,Go Home,False,False,False,False,False,False,False,False,False,False,False,False,33.8027920380556,-117.4659261431046,2564.2,2972.0,1049.4,396.9,True,1,1,False,False,False,False,,True,False,False,Course Lock,196.8,67,16.4,93,SE,SW,3.13,11.4,Calm,False,False,Android,7.0.2,M300 RTK,1ZN7L4R0H1D00F,1W9DL31001461C,1ZMLH8300204F0,1Z6PH74DAP0QN7,"Corona, CA",728.3,5.7,137.7,8.547347,2.013246,0,0,DJI Matrice 300 RTK,M300 RTK,1ZN7L4R0H1D00F,1W9DL31001461C,1ZMLH8300204F0,1Z6PH74DAP0QN7,DJI Pilot,Android,7.0.2,1EF72A62-B7C3-C88D-164E-CE6F8C8424AE,1ZN7L4R0H1D00F,1W9DL31001461C,,1ZMLH8300204F0,1W9DL31001461C,,,,,
2023-11-01,11:30:39.38 AM,6m 17.0s,377.0,33.7999212358373,-117.4736507342848,83.6,137.7,14.7,1347,3002.7,6.456197,6.94893,-1.565858,2.23694,-6.263432,1.342164,0,0.894776,-3.3,-0.1,3.3,-103.9,256.1,254.2,Tripod,Other,,22,5,True,,True,False,,Smart,RC,False,True,False,,,True,,False,False,False,False,False,False,False,False,False,False,0,Follow Yaw,-77.9,0,-112.3,247.7,False,False,False,False,False,,0,0,False,False,No Card,100,100,1024,1406,923,1024,2,False,False,False,False,False,0,False,False,False,False,80,,47.124,,8034,,10044,,47.124,,True,3.926,3.926,3.926,3.926,3.926,3.926,3.926,3.926,3.926,3.926,3.926,3.926,0,,False,False,True,,,,,,,,,,,,,,,False,False,19.146,,96.8,,75.7,,96.8,,1496,83,8,19,7,148191.5,19758.87,,Idle,,20,,10,,,20,Go Home,False,False,False,False,False,False,False,False,False,False,False,False,33.8027920380556,-117.4659261431046,2565.2,2972.0,1049.4,396.9,True,1,1,False,False,False,False,,True,False,False,Course Lock,196.8,67,16.4,93,SE,SW,3.13,11.4,Calm,False,False,Android,7.0.2,M300 RTK,1ZN7L4R0H1D00F,1W9DL31001461C,1ZMLH8300204F0,1Z6PH74DAP0QN7,"Corona, CA",728.3,5.7,137.7,8.547347,2.013246,0,0,DJI Matrice 300 RTK,M300 RTK,1ZN7L4R0H1D00F,1W9DL31001461C,1ZMLH8300204F0,1Z6PH74DAP0QN7,DJI Pilot,Android,7.0.2,1EF72A62-B7C3-C88D-164E-CE6F8C8424AE,1ZN7L4R0H1D00F,1W9DL31001461C,,1ZMLH8300204F0,1W9DL31001461C,,,,,
2023-11-01,11:30:39.44 AM,6m 17.1s,377.1,33.7999204756771,-117.4736541352726,83.6,137.7,14.7,1347,3003.8,6.456197,6.94893,-1.565858,2.23694,-6.263432,1.342164,0,0.894776,-3.2,-0.3,3.2,-104,256,254.9,Tripod,Other,,22,5,True,,True,False,,Smart,RC,False,True,False,,,True,,False,False,False,False,False,False,False,False,False,False,0,Follow Yaw,-77.9,0,-112.3,247.7,False,False,False,False,False,,0,0,False,False,No Card,100,100,1024,1407,907,1024,2,False,False,False,False,False,0,False,False,False,False,80,,47.124,,8034,,10044,,47.124,,True,3.926,3.926,3.926,3.926,3.926,3.926,3.926,3.926,3.926,3.926,3.926,3.926,0,,False,False,True,,,,,,,,,,,,,,,False,False,19.146,,96.8,,75.7,,96.8,,1496,83,8,19,7,148191.5,19758.87,,Idle,,20,,10,,,20,Go Home,False,False,False,False,False,False,False,False,False,False,False,False,33.8027920380556,-117.4659261431046,2566.2,2972.0,1049.4,396.9,True,1,1,False,False,False,False,,True,False,False,Course Lock,196.8,67,16.4,93,SE,SW,3.13,11.4,Calm,False,False,Android,7.0.2,M300 RTK,1ZN7L4R0H1D00F,1W9DL31001461C,1ZMLH8300204F0,1Z6PH74DAP0QN7,"Corona, CA",728.3,5.7,137.7,8.547347,2.013246,0,0,DJI Matrice 300 RTK,M300 RTK,1ZN7L4R0H1D00F,1W9DL31001461C,1ZMLH8300204F0,1Z6PH74DAP0QN7,DJI Pilot,Android,7.0.2,1EF72A62-B7C3-C88D-164E-CE6F8C8424AE,1ZN7L4R0H1D00F,1W9DL31001461C,,1ZMLH8300204F0,1W9DL31001461C,,,,,
2023-11-01,11:30:39.54 AM,6m 17.2s,377.2,33.7999197514278,-117.4736572632974,83.6,137.7,14.7,1347,3004.8,6.456197,6.94893,-1.565858,2.23694,-6.263432,1.342164,0,0.894776,-3.1,-0.3,3.1,-104,256,254.4,Tripod,Other,,22,5,True,,True,False,,Smart,RC,False,True,False,,,True,,False,False,False,False,False,False,False,False,False,False,0,Follow Yaw,-77.9,0,-112.3,247.7,False,False,False,False,False,,0,0,False,False,No Card,100,100,1024,1407,905,1024,2,False,False,False,False,False,0,False,False,False,False,80,,47.124,,8034,,10044,,47.124,,True,3.926,3.926,3.926,3.926,3.926,3.926,3.926,3.926,3.926,3.926,3.926,3.926,0,,False,False,True,,,,,,,,,,,,,,,False,False,19.146,,96.8,,75.7,,96.8,,1496,83,8,19,7,148191.5,19758.87,,Idle,,20,,10,,,20,Go Home,False,False,False,False,False,False,False,False,False,False,False,False,33.8027920380556,-117.4659261431046,2567.2,2972.0,1049.4,396.9,True,1,1,False,False,False,False,,True,False,False,Course Lock,196.8,67,16.4,93,SE,SW,3.13,11.4,Calm,False,False,Android,7.0.2,M300 RTK,1ZN7L4R0H1D00F,1W9DL31001461C,1ZMLH8300204F0,1Z6PH74DAP0QN7,"Corona, CA",728.3,5.7,137.7,8.547347,2.013246,0,0,DJI Matrice 300 RTK,M300 RTK,1ZN7L4R0H1D00F,1W9DL31001461C,1ZMLH8300204F0,1Z6PH74DAP0QN7,DJI Pilot,Android,7.0.2,1EF72A62-B7C3-C88D-164E-CE6F8C8424AE,1ZN7L4R0H1D00F,1W9DL31001461C,,1ZMLH8300204F0,1W9DL31001461C,,,,,
2023-11-01,11:30:39.64 AM,6m 17.3s,377.3,33.7999190990004,-117.4736601934858,83.6,137.7,15.0,1347,3005.7,6.456197,6.94893,-1.565858,2.23694,-6.263432,1.342164,0,0.894776,-2.9,-0.2,2.9,-103.9,256.1,255.0,Tripod,Other,,22,5,True,,True,False,,Smart,RC,False,True,False,,,True,,False,False,False,False,False,False,False,False,False,False,0,Follow Yaw,-77.9,0,-112.3,247.7,False,False,False,False,False,,0,0,False,False,No Card,100,100,1024,1403,901,1024,2,False,False,False,False,False,0,False,False,False,False,80,,47.124,,8034,,10044,,47.124,,True,3.925,3.925,3.925,3.925,3.925,3.925,3.925,3.925,3.925,3.925,3.925,3.925,0,,False,False,True,,,,,,,,,,,,,,,False,False,19.146,,96.8,,75.7,,96.8,,1492,83,8,19,7,147598.3,19679.78,,Idle,,20,,10,,,20,Go Home,False,False,False,False,False,False,False,False,False,False,False,False,33.8027920380556,-117.4659261431046,2568.1,2972.0,1049.4,396.9,True,1,1,False,False,False,False,,True,False,False,Course Lock,196.8,67,16.4,93,SE,SW,2.9,11.4,Calm,False,False,Android,7.0.2,M300 RTK,1ZN7L4R0H1D00F,1W9DL31001461C,1ZMLH8300204F0,1Z6PH74DAP0QN7,"Corona, CA",728.3,5.7,137.7,8.547347,2.013246,0,0,DJI Matrice 300 RTK,M300 RTK,1ZN7L4R0H1D00F,1W9DL31001461C,1ZMLH8300204F0,1Z6PH74DAP0QN7,DJI Pilot,Android,7.0.2,1EF72A62-B7C3-C88D-164E-CE6F8C8424AE,1ZN7L4R0H1D00F,1W9DL31001461C,,1ZMLH8300204F0,1W9DL31001461C,,,,,
2023-11-01,11:30:39.74 AM,6m 17.4s,377.4,33.7999183840715,-117.4736633480648,83.6,137.7,14.7,1347,3006.7,6.456197,6.94893,-1.565858,2.23694,-6.263432,1.342164,0,0.894776,-2.7,0,2.7,-103.9,256.1,254.7,Tripod,Other,,21,5,True,,True,False,,Smart,RC,False,True,False,,,True,,False,False,False,False,False,False,False,False,False,False,0,Follow Yaw,-77.9,0,-112.3,247.7,False,False,False,False,False,,0,0,False,False,No Card,100,100,1024,1403,902,1024,2,False,False,False,False,False,0,False,False,False,False,80,,47.124,,8034,,10044,,47.124,,True,3.925,3.925,3.925,3.925,3.925,3.925,3.925,3.925,3.925,3.925,3.925,3.925,0,,False,False,True,,,,,,,,,,,,,,,False,False,19.146,,96.8,,75.7,,96.8,,1492,83,8,19,7,147598.3,19679.78,,Idle,,20,,10,,,20,Go Home,False,False,False,False,False,False,False,False,False,False,False,False,33.8027920380556,-117.4659261431046,2569.1,2972.0,1049.4,396.9,True,1,1,False,False,False,False,,True,False,False,Course Lock,196.8,67,16.4,93,SE,SW,2.9,11.4,Calm,False,False,Android,7.0.2,M300 RTK,1ZN7L4R0H1D00F,1W9DL31001461C,1ZMLH8300204F0,1Z6PH74DAP0QN7,"Corona, CA",728.3,5.7,137.7,8.547347,2.013246,0,0,DJI Matrice 300 RTK,M300 RTK,1ZN7L4R0H1D00F,1W9DL31001461C,1ZMLH8300204F0,1Z6PH74DAP0QN7,DJI Pilot,Android,7.0.2,1EF72A62-B7C3-C88D-164E-CE6F8C8424AE,1ZN7L4R0H1D00F,1W9DL31001461C,,1ZMLH8300204F0,1W9DL31001461C,,,,,
2023-11-01,11:30:39.84 AM,6m 17.5s,377.5,33.7999177072465,-117.4736665662251,83.6,137.7,14.7,1347,3007.7,6.673433,6.94893,-1.565858,2.23694,-6.487126,1.342164,0,0.894776,-2.3,0.1,2.3,-104,256,255.7,Tripod,Other,,21,5,True,,True,False,,Smart,RC,False,True,False,,,True,,False,False,False,False,False,False,False,False,False,False,0,Follow Yaw,-77.9,0,-112.3,247.7,False,False,False,False,False,,0,0,False,False,No Card,100,100,1024,1412,894,1024,2,False,False,False,False,False,0,False,False,False,False,80,,47.124,,8034,,10044,,47.124,,True,3.925,3.925,3.925,3.925,3.925,3.925,3.925,3.925,3.925,3.925,3.925,3.925,0,,False,False,True,,,,,,,,,,,,,,,False,False,19.146,,96.8,,75.7,,96.8,,1492,83,8,19,7,147598.3,19679.78,,Idle,,20,,10,,,20,Go Home,False,False,False,False,False,False,False,False,False,False,False,False,33.8027920380556,-117.4659261431046,2570.1,2972.0,1049.4,396.9,True,1,1,False,False,False,False,,True,False,False,Course Lock,196.8,67,16.4,93,SE,SW,2.9,11.4,Calm,False,False,Android,7.0.2,M300 RTK,1ZN7L4R0H1D00F,1W9DL31001461C,1ZMLH8300204F0,1Z6PH74DAP0QN7,"Corona, CA",728.3,5.7,137.7,8.547347,2.013246,0,0,DJI Matrice 300 RTK,M300 RTK,1ZN7L4R0H1D00F,1W9DL31001461C,1ZMLH8300204F0,1Z6PH74DAP0QN7,DJI Pilot,Android,7.0.2,1EF72A62-B7C3-C88D-164E-CE6F8C8424AE,1ZN7L4R0H1D00F,1W9DL31001461C,,1ZMLH8300204F0,1W9DL31001461C,,,,,
2023-11-01,11:30:39.94 AM,6m 17.6s,377.6,33.7999170150703,-117.4736697644287,83.6,137.7,14.7,1347,3008.7,6.673433,6.94893,-1.565858,2.23694,-6.487126,1.342164,0,0.894776,-2.2,-0.1,2.2,-104.2,255.8,255.4,Tripod,Other,,21,5,True,,True,False,,Smart,RC,False,True,False,,,True,,False,False,False,False,False,False,False,False,False,False,0,Follow Yaw,-77.9,0,-112.3,247.7,False,False,False,False,False,,0,0,False,False,No Card,100,100,1024,1405,898,1024,2,False,False,False,False,False,0,False,False,False,False,80,,47.124,,8034,,10044,,47.124,,True,3.925,3.925,3.925,3.925,3.925,3.925,3.925,3.925,3.925,3.925,3.925,3.925,0,,False,False,True,,,,,,,,,,,,,,,False,False,19.146,,96.8,,75.7,,96.8,,1492,83,8,19,7,147598.3,19679.78,,Idle,,20,,10,,,20,Go Home,False,False,False,False,False,False,False,False,False,False,False,False,33.8027920380556,-117.4659261431046,2571.1,2972.0,1049.4,396.9,True,1,1,False,False,False,False,,True,False,False,Course Lock,196.8,67,16.4,93,SE,SW,2.9,11.4,Calm,False,False,Android,7.0.2,M300 RTK,1ZN7L4R0H1D00F,1W9DL31001461C,1ZMLH8300204F0,1Z6PH74DAP0QN7,"Corona, CA",728.3,5.7,137.7,8.547347,2.013246,0,0,DJI Matrice 300 RTK,M300 RTK,1ZN7L4R0H1D00F,1W9DL31001461C,1ZMLH8300204F0,1Z6PH74DAP0QN7,DJI Pilot,Android,7.0.2,1EF72A62-B7C3-C88D-164E-CE6F8C8424AE,1ZN7L4R0H1D00F,1W9DL31001461C,,1ZMLH8300204F0,1W9DL31001461C,,,,,
2023-11-01,11:30:40.04 AM,6m 17.7s,377.7,33.7999161652699,-117.4736733200406,83.6,137.7,14.7,1347,3009.8,6.673433,6.94893,-1.565858,2.23694,-6.487126,1.342164,0,0.894776,-2.2,-0.5,2.2,-104.4,255.6,253.9,Tripod,Other,,21,5,True,,True,False,,Smart,RC,False,True,False,,,True,,False,False,False,False,False,False,False,False,False,False,0,Follow Yaw,-77.9,0,-112.3,247.7,False,False,False,False,False,,0,0,False,False,No Card,100,100,1024,1404,899,1024,2,False,False,False,False,False,0,False,False,False,False,80,,47.124,,8034,,10044,,47.124,,True,3.925,3.925,3.925,3.925,3.925,3.925,3.925,3.925,3.925,3.925,3.925,3.925,0,,False,False,True,,,,,,,,,,,,,,,False,False,19.146,,96.8,,75.7,,96.8,,1492,83,8,19,7,147598.3,19679.78,,Idle,,20,,10,,,20,Go Home,False,False,False,False,False,False,False,False,False,False,False,False,33.8027920380556,-117.4659261431046,2572.2,2972.0,1049.4,396.9,True,1,1,False,False,False,False,,True,False,False,Course Lock,196.8,67,16.4,93,SE,SW,2.9,11.4,Calm,False,False,Android,7.0.2,M300 RTK,1ZN7L4R0H1D00F,1W9DL31001461C,1ZMLH8300204F0,1Z6PH74DAP0QN7,"Corona, CA",728.3,5.7,137.7,8.547347,2.013246,0,0,DJI Matrice 300 RTK,M300 RTK,1ZN7L4R0H1D00F,1W9DL31001461C,1ZMLH8300204F0,1Z6PH74DAP0QN7,DJI Pilot,Android,7.0.2,1EF72A62-B7C3-C88D-164E-CE6F8C8424AE,1ZN7L4R0H1D00F,1W9DL31001461C,,1ZMLH8300204F0,1W9DL31001461C,,,,,
2023-11-01,11:30:40.14 AM,6m 17.8s,377.8,33.7999154571942,-117.4736765725894,83.6,137.7,15.0,1347,3010.8,6.673433,6.94893,-1.565858,2.23694,-6.487126,1.342164,0,0.894776,-2.3,-0.9,2.4,-104.4,255.6,255.3,Tripod,Other,,21,5,True,,True,False,,Smart,RC,False,True,False,,,True,,False,False,False,False,False,False,False,False,False,False,0,Follow Yaw,-77.9,0,-112.3,247.7,False,False,False,False,False,,0,0,False,False,No Card,100,100,1024,1404,899,1024,2,False,False,False,False,False,0,False,False,False,False,80,,47.064,,3988,,4986,,47.064,,True,3.925,3.925,3.925,3.925,3.925,3.925,3.925,3.925,3.925,3.925,3.925,3.925,0,,False,False,True,,,,,,,,,,,,,,,False,False,9.782,,96.8,,75.7,,96.8,,1492,83,8,19,7,147598.3,19679.78,,Idle,,20,,10,,,20,Go Home,False,False,False,False,False,False,False,False,False,False,False,False,33.8027920380556,-117.4659261431046,2573.2,2972.0,1049.4,396.9,True,1,1,False,False,False,False,,True,False,False,Course Lock,196.8,67,16.4,93,SE,SW,2.9,11.4,Calm,False,False,Android,7.0.2,M300 RTK,1ZN7L4R0H1D00F,1W9DL31001461C,1ZMLH8300204F0,1Z6PH74DAP0QN7,"Corona, CA",728.3,5.7,137.7,8.547347,2.013246,0,0,DJI Matrice 300 RTK,M300 RTK,1ZN7L4R0H1D00F,1W9DL31001461C,1ZMLH8300204F0,1Z6PH74DAP0QN7,DJI Pilot,Android,7.0.2,1EF72A62-B7C3-C88D-164E-CE6F8C8424AE,1ZN7L4R0H1D00F,1W9DL31001461C,,1ZMLH8300204F0,1W9DL31001461C,,,,,
2023-11-01,11:30:40.24 AM,6m 17.9s,377.9,33.7999147984618,-117.473679697398,83.6,137.7,15.0,1347,3011.8,6.673433,6.94893,-1.565858,2.23694,-6.487126,1.342164,0,0.894776,-2.3,-0.9,2.4,-104.3,255.7,255.7,Tripod,Other,,21,5,True,,True,False,,Smart,RC,False,True,False,,,True,,False,False,False,False,False,False,False,False,False,False,0,Follow Yaw,-77.9,0,-112.3,247.7,False,False,False,False,False,,0,0,False,False,No Card,100,100,1024,1404,899,1024,2,False,False,False,False,False,0,False,False,False,False,80,,47.064,,3988,,4986,,47.064,,True,3.925,3.925,3.925,3.925,3.925,3.925,3.925,3.925,3.925,3.925,3.925,3.925,0,,False,False,True,,,,,,,,,,,,,,,False,False,9.782,,96.8,,75.7,,96.8,,1492,83,8,19,7,147598.3,19679.78,,Idle,,20,,10,,,20,Go Home,False,False,False,False,False,False,False,False,False,False,False,False,33.8027920380556,-117.4659261431046,2574.2,2972.0,1049.4,396.9,True,1,1,False,False,False,False,,True,False,False,Course Lock,196.8,67,16.4,93,SE,SW,2.9,11.4,Calm,False,False,Android,7.0.2,M300 RTK,1ZN7L4R0H1D00F,1W9DL31001461C,1ZMLH8300204F0,1Z6PH74DAP0QN7,"Corona, CA",728.3,5.7,137.7,8.547347,2.013246,0,0,DJI Matrice 300 RTK,M300 RTK,1ZN7L4R0H1D00F,1W9DL31001461C,1ZMLH8300204F0,1Z6PH74DAP0QN7,DJI Pilot,Android,7.0.2,1EF72A62-B7C3-C88D-164E-CE6F8C8424AE,1ZN7L4R0H1D00F,1W9DL31001461C,,1ZMLH8300204F0,1W9DL31001461C,,,,,
2023-11-01,11:30:40.34 AM,6m 18.0s,378.0,33.799914069004,-117.4736829608322,83.3,137.7,15.0,1347,3012.8,6.673433,6.94893,-1.565858,2.23694,-6.487126,1.342164,0,0.894776,-2.2,-0.6,2.2,-104.2,255.8,254.9,Tripod,Other,,22,5,True,,True,False,,Smart,RC,False,True,False,,,True,,False,False,False,False,False,False,False,False,False,False,0,Follow Yaw,-77.9,0,-112.3,247.7,False,False,False,False,False,,0,0,False,False,No Card,100,100,1024,1404,900,1024,2,False,False,False,False,False,0,False,False,False,False,79,,47.076,,7983,,10044,,47.076,,True,3.925,3.925,3.925,3.925,3.925,3.925,3.925,3.925,3.925,3.925,3.925,3.925,0,,False,False,True,,,,,,,,,,,,,,,False,False,19.698,,96.8,,75.7,,96.8,,1492,83,8,19,7,147598.3,19679.78,,Idle,,20,,10,,,20,Go Home,False,False,False,False,False,False,False,False,False,False,False,False,33.8027920380556,-117.4659261431046,2575.2,2972.0,1049.4,396.9,True,1,1,False,False,False,False,,True,False,False,Course Lock,196.8,67,16.4,93,SE,SW,2.9,11.4,Calm,False,False,Android,7.0.2,M300 RTK,1ZN7L4R0H1D00F,1W9DL31001461C,1ZMLH8300204F0,1Z6PH74DAP0QN7,"Corona, CA",728.3,5.7,137.7,8.547347,2.013246,0,0,DJI Matrice 300 RTK,M300 RTK,1ZN7L4R0H1D00F,1W9DL31001461C,1ZMLH8300204F0,1Z6PH74DAP0QN7,DJI Pilot,Android,7.0.2,1EF72A62-B7C3-C88D-164E-CE6F8C8424AE,1ZN7L4R0H1D00F,1W9DL31001461C,,1ZMLH8300204F0,1W9DL31001461C,,,,,
2023-11-01,11:30:40.44 AM,6m 18.1s,378.1,33.7999133779244,-117.4736857081107,83.3,137.7,15.0,1347,3013.7,6.673433,6.94893,-1.565858,2.23694,-6.487126,1.342164,0,0.894776,-2,-0.4,2,-104.3,255.7,253.1,Tripod,Other,,22,5,True,,True,False,,Smart,RC,False,True,False,,,True,,False,False,False,False,False,False,False,False,False,False,0,Follow Yaw,-77.9,0,-112.3,247.7,False,False,False,False,False,,0,0,False,False,No Card,100,100,1024,1401,901,1024,2,False,False,False,False,False,0,False,False,False,False,79,,47.076,,7983,,10044,,47.076,,True,3.925,3.925,3.925,3.925,3.925,3.925,3.925,3.925,3.925,3.925,3.925,3.925,0,,False,False,True,,,,,,,,,,,,,,,False,False,19.698,,96.8,,75.7,,96.8,,1492,83,8,19,7,147598.3,19679.78,,Idle,,20,,10,,,20,Go Home,False,False,False,False,False,False,False,False,False,False,False,False,33.8027920380556,-117.4659261431046,2576.0,2972.0,1049.4,396.9,True,1,1,False,False,False,False,,True,False,False,Course Lock,196.8,67,16.4,93,SE,SW,2.9,11.4,Calm,False,False,Android,7.0.2,M300 RTK,1ZN7L4R0H1D00F,1W9DL31001461C,1ZMLH8300204F0,1Z6PH74DAP0QN7,"Corona, CA",728.3,5.7,137.7,8.547347,2.013246,0,0,DJI Matrice 300 RTK,M300 RTK,1ZN7L4R0H1D00F,1W9DL31001461C,1ZMLH8300204F0,1Z6PH74DAP0QN7,DJI Pilot,Android,7.0.2,1EF72A62-B7C3-C88D-164E-CE6F8C8424AE,1ZN7L4R0H1D00F,1W9DL31001461C,,1ZMLH8300204F0,1W9DL31001461C,,,,,
2023-11-01,11:30:40.54 AM,6m 18.2s,378.2,33.7999126440805,-117.4736889481245,83.3,137.7,15.0,1347,3014.7,6.891082,6.94893,-1.565858,2.23694,-6.71082,1.342164,0,0.894776,-1.7,-0.2,1.7,-104.3,255.7,254.7,Tripod,Other,,22,5,True,,True,False,,Smart,RC,False,True,False,,,True,,False,False,False,False,False,False,False,False,False,False,0,Follow Yaw,-77.9,0,-112.3,247.7,False,False,False,False,False,,0,0,False,False,No Card,100,100,1024,1390,902,1024,2,False,False,False,False,False,0,False,False,False,False,79,,47.076,,7983,,10044,,47.076,,True,3.925,3.925,3.925,3.925,3.925,3.925,3.925,3.925,3.925,3.925,3.925,3.925,0,,False,False,True,,,,,,,,,,,,,,,False,False,19.698,,96.8,,75.7,,96.8,,1492,83,8,19,7,147598.3,19679.78,,Idle,,20,,10,,,20,Go Home,False,False,False,False,False,False,False,False,False,False,False,False,33.8027920380556,-117.4659261431046,2577.0,2972.0,1049.4,396.9,True,1,1,False,False,False,False,,True,False,False,Course Lock,196.8,67,16.4,93,SE,SW,2.9,11.4,Calm,False,False,Android,7.0.2,M300 RTK,1ZN7L4R0H1D00F,1W9DL31001461C,1ZMLH8300204F0,1Z6PH74DAP0QN7,"Corona, CA",728.3,5.7,137.7,8.547347,2.013246,0,0,DJI Matrice 300 RTK,M300 RTK,1ZN7L4R0H1D00F,1W9DL31001461C,1ZMLH8300204F0,1Z6PH74DAP0QN7,DJI Pilot,Android,7.0.2,1EF72A62-B7C3-C88D-164E-CE6F8C8424AE,1ZN7L4R0H1D00F,1W9DL31001461C,,1ZMLH8300204F0,1W9DL31001461C,,,,,
2023-11-01,11:30:40.64 AM,6m 18.3s,378.3,33.799911772898,-117.4736923372373,83.3,137.7,15.0,1347,3015.8,6.891082,6.94893,-1.565858,2.23694,-6.71082,1.342164,0,0.894776,-1.4,-0.2,1.4,-104.3,255.7,252.8,Tripod,Other,,22,5,True,,True,False,,Smart,RC,False,True,False,,,True,,False,False,False,False,False,False,False,False,False,False,0,Follow Yaw,-77.9,0,-112.3,247.7,False,False,False,False,False,,0,0,False,False,No Card,100,100,1024,1370,902,1024,2,False,False,False,False,False,0,False,False,False,False,79,,47.076,,7983,,10044,,47.076,,True,3.926,3.926,3.926,3.926,3.926,3.926,3.926,3.926,3.926,3.926,3.926,3.926,0,,False,False,True,,,,,,,,,,,,,,,False,False,19.698,,96.8,,75.7,,96.8,,1490,83,8,19,7,147002.3,19600.31,,Idle,,20,,10,,,20,Go Home,False,False,False,False,False,False,False,False,False,False,False,False,33.8027920380556,-117.4659261431046,2578.1,2972.0,1049.4,396.9,True,1,1,False,False,False,False,,True,False,False,Course Lock,196.8,67,16.4,93,SE,SW,2.9,11.4,Calm,False,False,Android,7.0.2,M300 RTK,1ZN7L4R0H1D00F,1W9DL31001461C,1ZMLH8300204F0,1Z6PH74DAP0QN7,"Corona, CA",728.3,5.7,137.7,8.547347,2.013246,0,0,DJI Matrice 300 RTK,M300 RTK,1ZN7L4R0H1D00F,1W9DL31001461C,1ZMLH8300204F0,1Z6PH74DAP0QN7,DJI Pilot,Android,7.0.2,1EF72A62-B7C3-C88D-164E-CE6F8C8424AE,1ZN7L4R0H1D00F,1W9DL31001461C,,1ZMLH8300204F0,1W9DL31001461C,,,,,
2023-11-01,11:30:40.74 AM,6m 18.4s,378.4,33.7999110294597,-117.4736955949814,83.3,137.7,15.0,1347,3016.8,6.891082,6.94893,-1.565858,2.23694,-6.71082,1.342164,0,0.894776,-1.2,-0.2,1.2,-104.1,255.9,254.6,Tripod,Other,,22,5,True,,True,False,,Smart,RC,False,True,False,,,True,,False,False,False,False,False,False,False,False,False,False,0,Follow Yaw,-77.9,0,-112.3,247.7,False,False,False,False,False,,0,0,False,False,No Card,100,100,1024,1365,901,1024,2,False,False,False,False,False,0,False,False,False,False,79,,47.076,,7983,,10044,,47.076,,True,3.926,3.926,3.926,3.926,3.926,3.926,3.926,3.926,3.926,3.926,3.926,3.926,0,,False,False,True,,,,,,,,,,,,,,,False,False,19.698,,96.8,,75.7,,96.8,,1490,83,8,19,7,147002.3,19600.31,,Idle,,20,,10,,,20,Go Home,False,False,False,False,False,False,False,False,False,False,False,False,33.8027920380556,-117.4659261431046,2579.1,2972.0,1049.4,396.9,True,1,1,False,False,False,False,,True,False,False,Course Lock,196.8,67,16.4,93,SE,SW,2.9,11.4,Calm,False,False,Android,7.0.2,M300 RTK,1ZN7L4R0H1D00F,1W9DL31001461C,1ZMLH8300204F0,1Z6PH74DAP0QN7,"Corona, CA",728.3,5.7,137.7,8.547347,2.013246,0,0,DJI Matrice 300 RTK,M300 RTK,1ZN7L4R0H1D00F,1W9DL31001461C,1ZMLH8300204F0,1Z6PH74DAP0QN7,DJI Pilot,Android,7.0.2,1EF72A62-B7C3-C88D-164E-CE6F8C8424AE,1ZN7L4R0H1D00F,1W9DL31001461C,,1ZMLH8300204F0,1W9DL31001461C,,,,,
2023-11-01,11:30:40.84 AM,6m 18.5s,378.5,33.7999104140397,-117.4736987456843,83.3,137.7,15.0,1347,3017.8,6.891082,6.94893,-1.565858,2.23694,-6.71082,1.342164,0,0.894776,-1,0.1,1,-104.1,255.9,256.7,Tripod,Other,,22,5,True,,True,False,,Smart,RC,False,True,False,,,True,,False,False,False,False,False,False,False,False,False,False,0,Follow Yaw,-77.9,0,-112.3,247.7,False,False,False,False,False,,0,0,False,False,No Card,100,100,1024,1356,900,1024,2,False,False,False,False,False,0,False,False,False,False,79,,47.076,,7983,,10044,,47.076,,True,3.926,3.926,3.926,3.926,3.926,3.926,3.926,3.926,3.926,3.926,3.926,3.926,0,,False,False,True,,,,,,,,,,,,,,,False,False,19.698,,96.8,,75.7,,96.8,,1490,83,8,19,7,147002.3,19600.31,,Idle,,20,,10,,,20,Go Home,False,False,False,False,False,False,False,False,False,False,False,False,33.8027920380556,-117.4659261431046,2580.1,2972.0,1049.4,396.9,True,1,1,False,False,False,False,,True,False,False,Course Lock,196.8,67,16.4,93,SE,SW,2.9,11.4,Calm,False,False,Android,7.0.2,M300 RTK,1ZN7L4R0H1D00F,1W9DL31001461C,1ZMLH8300204F0,1Z6PH74DAP0QN7,"Corona, CA",728.3,5.7,137.7,8.547347,2.013246,0,0,DJI Matrice 300 RTK,M300 RTK,1ZN7L4R0H1D00F,1W9DL31001461C,1ZMLH8300204F0,1Z6PH74DAP0QN7,DJI Pilot,Android,7.0.2,1EF72A62-B7C3-C88D-164E-CE6F8C8424AE,1ZN7L4R0H1D00F,1W9DL31001461C,,1ZMLH8300204F0,1W9DL31001461C,,,,,
2023-11-01,11:30:40.94 AM,6m 18.6s,378.6,33.7999096999331,-117.4737019875124,83.3,137.7,15.0,1347,3018.8,6.891082,6.94893,-1.565858,2.23694,-6.71082,1.342164,0,0.894776,-1.1,0.1,1.1,-104.2,255.8,255.1,Tripod,Other,,22,5,True,,True,False,,Smart,RC,False,True,False,,,True,,False,False,False,False,False,False,False,False,False,False,0,Follow Yaw,-77.9,0,-112.3,247.7,False,False,False,False,False,,0,0,False,False,No Card,100,100,1024,1353,900,1024,2,False,False,False,False,False,0,False,False,False,False,79,,47.076,,7983,,10044,,47.076,,True,3.926,3.926,3.926,3.926,3.926,3.926,3.926,3.926,3.926,3.926,3.926,3.926,0,,False,False,True,,,,,,,,,,,,,,,False,False,19.698,,96.8,,75.7,,96.8,,1490,83,8,19,7,147002.3,19600.31,,Idle,,20,,10,,,20,Go Home,False,False,False,False,False,False,False,False,False,False,False,False,33.8027920380556,-117.4659261431046,2581.1,2972.0,1049.4,396.9,True,1,1,False,False,False,False,,True,False,False,Course Lock,196.8,67,16.4,93,SE,SW,2.9,11.4,Calm,False,False,Android,7.0.2,M300 RTK,1ZN7L4R0H1D00F,1W9DL31001461C,1ZMLH8300204F0,1Z6PH74DAP0QN7,"Corona, CA",728.3,5.7,137.7,8.547347,2.013246,0,0,DJI Matrice 300 RTK,M300 RTK,1ZN7L4R0H1D00F,1W9DL31001461C,1ZMLH8300204F0,1Z6PH74DAP0QN7,DJI Pilot,Android,7.0.2,1EF72A62-B7C3-C88D-164E-CE6F8C8424AE,1ZN7L4R0H1D00F,1W9DL31001461C,,1ZMLH8300204F0,1W9DL31001461C,,,,,
2023-11-01,11:30:41.03 AM,6m 18.7s,378.7,33.7999088608237,-117.4737058187264,83.3,137.7,15.0,1347,3020.0,6.891082,6.94893,-1.565858,2.23694,-6.71082,1.342164,0,0.894776,-1.4,-0.2,1.4,-104.3,255.7,255.2,Tripod,Other,,22,5,True,,True,False,,Smart,RC,False,True,False,,,True,,False,False,False,False,False,False,False,False,False,False,0,Follow Yaw,-77.9,0,-112.3,247.7,False,False,False,False,False,,0,0,False,False,No Card,100,100,1024,1352,902,1024,2,False,False,False,False,False,0,False,False,False,False,79,,47.076,,7983,,10044,,47.076,,True,3.926,3.926,3.926,3.926,3.926,3.926,3.926,3.926,3.926,3.926,3.926,3.926,0,,False,False,True,,,,,,,,,,,,,,,False,False,19.698,,96.8,,75.7,,96.8,,1490,83,8,19,7,147002.3,19600.31,,Idle,,20,,10,,,20,Go Home,False,False,False,False,False,False,False,False,False,False,False,False,33.8027920380556,-117.4659261431046,2582.3,2972.0,1049.4,396.9,True,1,1,False,False,False,False,,True,False,False,Course Lock,196.8,67,16.4,93,SE,SW,2.9,11.4,Calm,False,False,Android,7.0.2,M300 RTK,1ZN7L4R0H1D00F,1W9DL31001461C,1ZMLH8300204F0,1Z6PH74DAP0QN7,"Corona, CA",728.3,5.7,137.7,8.547347,2.013246,0,0,DJI Matrice 300 RTK,M300 RTK,1ZN7L4R0H1D00F,1W9DL31001461C,1ZMLH8300204F0,1Z6PH74DAP0QN7,DJI Pilot,Android,7.0.2,1EF72A62-B7C3-C88D-164E-CE6F8C8424AE,1ZN7L4R0H1D00F,1W9DL31001461C,,1ZMLH8300204F0,1W9DL31001461C,,,,,
2023-11-01,11:30:41.13 AM,6m 18.8s,378.8,33.7999081914003,-117.4737089309176,83.3,137.7,15.0,1347,3021.0,6.891082,6.94893,-1.565858,2.23694,-6.71082,1.342164,0,0.894776,-1.6,-0.8,1.7,-104.3,255.7,255.4,Tripod,Other,,22,5,True,,True,False,,Smart,RC,False,True,False,,,True,,False,False,False,False,False,False,False,False,False,False,0,Follow Yaw,-77.9,0,-112.3,247.7,False,False,False,False,False,,0,0,False,False,No Card,100,100,1024,1348,902,1024,2,False,False,False,False,False,0,False,False,False,False,79,,47.076,,7983,,10044,,47.076,,True,3.926,3.926,3.926,3.926,3.926,3.926,3.926,3.926,3.926,3.926,3.926,3.926,0,,False,False,True,,,,,,,,,,,,,,,False,False,19.698,,96.8,,75.7,,96.8,,1490,83,8,19,7,147002.3,19600.31,,Idle,,20,,10,,,20,Go Home,False,False,False,False,False,False,False,False,False,False,False,False,33.8027920380556,-117.4659261431046,2583.2,2972.0,1049.4,396.9,True,1,1,False,False,False,False,,True,False,False,Course Lock,196.8,67,16.4,93,SE,SW,2.9,11.4,Calm,False,False,Android,7.0.2,M300 RTK,1ZN7L4R0H1D00F,1W9DL31001461C,1ZMLH8300204F0,1Z6PH74DAP0QN7,"Corona, CA",728.3,5.7,137.7,8.547347,2.013246,0,0,DJI Matrice 300 RTK,M300 RTK,1ZN7L4R0H1D00F,1W9DL31001461C,1ZMLH8300204F0,1Z6PH74DAP0QN7,DJI Pilot,Android,7.0.2,1EF72A62-B7C3-C88D-164E-CE6F8C8424AE,1ZN7L4R0H1D00F,1W9DL31001461C,,1ZMLH8300204F0,1W9DL31001461C,,,,,
2023-11-01,11:30:41.23 AM,6m 18.9s,378.9,33.799907441657,-117.4737121327496,83.3,137.7,15.0,1347,3022.0,6.891082,6.94893,-1.565858,2.23694,-6.71082,1.342164,0,0.894776,-1.6,-1,1.8,-104.3,255.7,254.2,Tripod,Other,,22,5,True,,True,False,,Smart,RC,False,True,False,,,True,,False,False,False,False,False,False,False,False,False,False,0,Follow Yaw,-77.9,0,-112.3,247.7,False,False,False,False,False,,0,0,False,False,No Card,100,100,1024,1348,903,1024,2,False,False,False,False,False,0,False,False,False,False,79,,47.076,,7983,,10044,,47.076,,True,3.926,3.926,3.926,3.926,3.926,3.926,3.926,3.926,3.926,3.926,3.926,3.926,0,,False,False,True,,,,,,,,,,,,,,,False,False,19.698,,96.8,,75.7,,96.8,,1490,83,8,19,7,147002.3,19600.31,,Idle,,20,,10,,,20,Go Home,False,False,False,False,False,False,False,False,False,False,False,False,33.8027920380556,-117.4659261431046,2584.2,2972.0,1049.4,396.9,True,1,1,False,False,False,False,,True,False,False,Course Lock,196.8,67,16.4,93,SE,SW,2.9,11.4,Calm,False,False,Android,7.0.2,M300 RTK,1ZN7L4R0H1D00F,1W9DL31001461C,1ZMLH8300204F0,1Z6PH74DAP0QN7,"Corona, CA",728.3,5.7,137.7,8.547347,2.013246,0,0,DJI Matrice 300 RTK,M300 RTK,1ZN7L4R0H1D00F,1W9DL31001461C,1ZMLH8300204F0,1Z6PH74DAP0QN7,DJI Pilot,Android,7.0.2,1EF72A62-B7C3-C88D-164E-CE6F8C8424AE,1ZN7L4R0H1D00F,1W9DL31001461C,,1ZMLH8300204F0,1W9DL31001461C,,,,,
2023-11-01,11:30:41.34 AM,6m 19.0s,379.0,33.7999067176818,-117.4737154069044,83.3,137.7,15.0,1347,3023.0,6.891082,6.94893,-1.565858,2.23694,-6.71082,1.342164,0,0.894776,-1.3,-0.8,1.5,-104.2,255.8,255.0,Tripod,Other,,22,5,True,,True,False,,Smart,RC,False,True,False,,,True,,False,False,False,False,False,False,False,False,False,False,0,Follow Yaw,-77.9,0,-112.3,247.7,False,False,False,False,False,,0,0,False,False,No Card,100,100,1024,1349,903,1024,2,False,False,False,False,False,0,False,False,False,False,79,,47.076,,7983,,10044,,47.076,,True,3.926,3.926,3.926,3.926,3.926,3.926,3.926,3.926,3.926,3.926,3.926,3.926,0,,False,False,True,,,,,,,,,,,,,,,False,False,19.55,,96.8,,75.7,,96.8,,1490,83,8,19,7,147002.3,19600.31,,Idle,,20,,10,,,20,Go Home,False,False,False,False,False,False,False,False,False,False,False,False,33.8027920380556,-117.4659261431046,2585.2,2972.0,1049.4,396.9,True,1,1,False,False,False,False,,True,False,False,Course Lock,196.8,67,16.4,93,SE,SW,2.9,11.4,Calm,False,False,Android,7.0.2,M300 RTK,1ZN7L4R0H1D00F,1W9DL31001461C,1ZMLH8300204F0,1Z6PH74DAP0QN7,"Corona, CA",728.3,5.7,137.7,8.547347,2.013246,0,0,DJI Matrice 300 RTK,M300 RTK,1ZN7L4R0H1D00F,1W9DL31001461C,1ZMLH8300204F0,1Z6PH74DAP0QN7,DJI Pilot,Android,7.0.2,1EF72A62-B7C3-C88D-164E-CE6F8C8424AE,1ZN7L4R0H1D00F,1W9DL31001461C,,1ZMLH8300204F0,1W9DL31001461C,,,,,
2023-11-01,11:30:41.44 AM,6m 19.1s,379.1,33.7999060444205,-117.4737185919134,83.3,137.7,15.0,1347,3024.0,6.673433,6.94893,-1.565858,2.23694,-6.487126,1.342164,0,0.894776,-1,-0.7,1.2,-104.1,255.9,255.7,Tripod,Other,,22,5,True,,True,False,,Smart,RC,False,True,False,,,True,,False,False,False,False,False,False,False,False,False,False,0,Follow Yaw,-77.9,0,-112.3,247.7,False,False,False,False,False,,0,0,False,False,No Card,100,100,1024,1352,902,1024,2,False,False,False,False,False,0,False,False,False,False,79,,47.076,,7983,,10044,,47.076,,True,3.926,3.926,3.926,3.926,3.926,3.926,3.926,3.926,3.926,3.926,3.926,3.926,0,,False,False,True,,,,,,,,,,,,,,,False,False,19.55,,96.8,,75.7,,96.8,,1490,83,8,19,7,147002.3,19600.31,,Idle,,20,,10,,,20,Go Home,False,False,False,False,False,False,False,False,False,False,False,False,33.8027920380556,-117.4659261431046,2586.2,2972.0,1049.4,396.9,True,1,1,False,False,False,False,,True,False,False,Course Lock,196.8,67,16.4,93,SE,SW,2.9,11.4,Calm,False,False,Android,7.0.2,M300 RTK,1ZN7L4R0H1D00F,1W9DL31001461C,1ZMLH8300204F0,1Z6PH74DAP0QN7,"Corona, CA",728.3,5.7,137.7,8.547347,2.013246,0,0,DJI Matrice 300 RTK,M300 RTK,1ZN7L4R0H1D00F,1W9DL31001461C,1ZMLH8300204F0,1Z6PH74DAP0QN7,DJI Pilot,Android,7.0.2,1EF72A62-B7C3-C88D-164E-CE6F8C8424AE,1ZN7L4R0H1D00F,1W9DL31001461C,,1ZMLH8300204F0,1W9DL31001461C,,,,,
2023-11-01,11:30:41.54 AM,6m 19.2s,379.2,33.7999053215419,-117.4737218484204,83.0,137.7,15.0,1347,3025.1,6.673433,6.94893,-1.565858,2.23694,-6.487126,1.342164,0,0.894776,-0.9,-0.5,1,-104.1,255.9,255.0,Tripod,Other,,22,5,True,,True,False,,Smart,RC,False,True,False,,,True,,False,False,False,False,False,False,False,False,False,False,0,Follow Yaw,-77.9,0,-112.3,247.7,False,False,False,False,False,,0,0,False,False,No Card,100,100,1024,1351,903,1024,2,False,False,False,False,False,0,False,False,False,False,79,,47.076,,7983,,10044,,47.076,,True,3.926,3.926,3.926,3.926,3.926,3.926,3.926,3.926,3.926,3.926,3.926,3.926,0,,False,False,True,,,,,,,,,,,,,,,False,False,19.55,,96.8,,75.7,,96.8,,1490,83,8,19,7,147002.3,19600.31,,Idle,,20,,10,,,20,Go Home,False,False,False,False,False,False,False,False,False,False,False,False,33.8027920380556,-117.4659261431046,2587.2,2972.0,1049.4,396.9,True,1,1,False,False,False,False,,True,False,False,Course Lock,196.8,67,16.4,93,SE,SW,2.9,11.4,Calm,False,False,Android,7.0.2,M300 RTK,1ZN7L4R0H1D00F,1W9DL31001461C,1ZMLH8300204F0,1Z6PH74DAP0QN7,"Corona, CA",728.3,5.7,137.7,8.547347,2.013246,0,0,DJI Matrice 300 RTK,M300 RTK,1ZN7L4R0H1D00F,1W9DL31001461C,1ZMLH8300204F0,1Z6PH74DAP0QN7,DJI Pilot,Android,7.0.2,1EF72A62-B7C3-C88D-164E-CE6F8C8424AE,1ZN7L4R0H1D00F,1W9DL31001461C,,1ZMLH8300204F0,1W9DL31001461C,,,,,
2023-11-01,11:30:41.64 AM,6m 19.3s,379.3,33.7999046888517,-117.473724630747,83.0,137.7,15.0,1347,3025.9,6.673433,6.94893,-1.565858,2.23694,-6.487126,1.342164,0,0.894776,-0.9,-0.4,0.9,-104.1,255.9,254.6,Tripod,Other,,22,5,True,,True,False,,Smart,RC,False,True,False,,,True,,False,False,False,False,False,False,False,False,False,False,0,Follow Yaw,-77.9,0,-112.3,247.7,False,False,False,False,False,,0,0,False,False,No Card,100,100,1024,1351,903,1024,2,False,False,False,False,False,0,False,False,False,False,79,,47.076,,7983,,10044,,47.076,,True,3.922,3.922,3.922,3.922,3.922,3.922,3.922,3.922,3.922,3.922,3.922,3.922,0,,False,False,True,,,,,,,,,,,,,,,False,False,19.55,,96.8,,75.7,,96.8,,1487,84,8,19,7,146573.5,19543.14,,Idle,,20,,10,,,20,Go Home,False,False,False,False,False,False,False,False,False,False,False,False,33.8027920380556,-117.4659261431046,2588.1,2972.0,1049.4,396.9,True,1,1,False,False,False,False,,True,False,False,Course Lock,196.8,67,16.4,93,SE,SW,2.9,11.4,Calm,False,False,Android,7.0.2,M300 RTK,1ZN7L4R0H1D00F,1W9DL31001461C,1ZMLH8300204F0,1Z6PH74DAP0QN7,"Corona, CA",728.3,5.7,137.7,8.547347,2.013246,0,0,DJI Matrice 300 RTK,M300 RTK,1ZN7L4R0H1D00F,1W9DL31001461C,1ZMLH8300204F0,1Z6PH74DAP0QN7,DJI Pilot,Android,7.0.2,1EF72A62-B7C3-C88D-164E-CE6F8C8424AE,1ZN7L4R0H1D00F,1W9DL31001461C,,1ZMLH8300204F0,1W9DL31001461C,,,,,
2023-11-01,11:30:41.75 AM,6m 19.4s,379.4,33.7999039868069,-117.4737278271362,83.0,137.7,15.0,1347,3026.9,6.673433,6.94893,-1.565858,2.23694,-6.487126,1.342164,0,0.894776,-1,-0.4,1,-104.1,255.9,255.1,Tripod,Other,,22,5,True,,True,False,,Smart,RC,False,True,False,,,True,,False,False,False,False,False,False,False,False,False,False,0,Follow Yaw,-77.9,0,-112.3,247.7,False,False,False,False,False,,0,0,False,False,No Card,100,100,1024,1353,903,1024,2,False,False,False,False,False,0,False,False,False,False,79,,47.076,,7983,,10044,,47.076,,True,3.922,3.922,3.922,3.922,3.922,3.922,3.922,3.922,3.922,3.922,3.922,3.922,0,,False,False,True,,,,,,,,,,,,,,,False,False,19.55,,96.8,,75.7,,96.8,,1487,84,8,19,7,146573.5,19543.14,,Idle,,20,,10,,,20,Go Home,False,False,False,False,False,False,False,False,False,False,False,False,33.8027920380556,-117.4659261431046,2589.1,2972.0,1049.4,396.9,True,1,1,False,False,False,False,,True,False,False,Course Lock,196.8,67,16.4,93,SE,SW,2.9,11.4,Calm,False,False,Android,7.0.2,M300 RTK,1ZN7L4R0H1D00F,1W9DL31001461C,1ZMLH8300204F0,1Z6PH74DAP0QN7,"Corona, CA",728.3,5.7,137.7,8.547347,2.013246,0,0,DJI Matrice 300 RTK,M300 RTK,1ZN7L4R0H1D00F,1W9DL31001461C,1ZMLH8300204F0,1Z6PH74DAP0QN7,DJI Pilot,Android,7.0.2,1EF72A62-B7C3-C88D-164E-CE6F8C8424AE,1ZN7L4R0H1D00F,1W9DL31001461C,,1ZMLH8300204F0,1W9DL31001461C,,,,,
2023-11-01,11:30:41.85 AM,6m 19.5s,379.5,33.7999034983087,-117.4737310970028,83.0,137.7,15.4,1347,3027.9,6.673433,6.94893,-1.565858,2.23694,-6.487126,1.342164,0,0.894776,-1.2,-0.4,1.2,-104.1,255.9,259.8,Tripod,Other,,22,5,True,,True,False,,Smart,RC,False,True,False,,,True,,False,False,False,False,False,False,False,False,False,False,0,Follow Yaw,-77.9,0,-112.3,247.7,False,False,False,False,False,,0,0,False,False,No Card,100,100,1024,1351,902,1024,2,False,False,False,False,False,0,False,False,False,False,79,,47.076,,7983,,10044,,47.076,,True,3.922,3.922,3.922,3.922,3.922,3.922,3.922,3.922,3.922,3.922,3.922,3.922,0,,False,False,True,,,,,,,,,,,,,,,False,False,19.55,,96.8,,75.7,,96.8,,1487,84,8,19,7,146573.5,19543.14,,Idle,,20,,10,,,20,Go Home,False,False,False,False,False,False,False,False,False,False,False,False,33.8027920380556,-117.4659261431046,2590.1,2972.0,1049.4,396.9,True,1,1,False,False,False,False,,True,False,False,Course Lock,196.8,67,16.4,93,SE,SW,2.9,11.4,Calm,False,False,Android,7.0.2,M300 RTK,1ZN7L4R0H1D00F,1W9DL31001461C,1ZMLH8300204F0,1Z6PH74DAP0QN7,"Corona, CA",728.3,5.7,137.7,8.547347,2.013246,0,0,DJI Matrice 300 RTK,M300 RTK,1ZN7L4R0H1D00F,1W9DL31001461C,1ZMLH8300204F0,1Z6PH74DAP0QN7,DJI Pilot,Android,7.0.2,1EF72A62-B7C3-C88D-164E-CE6F8C8424AE,1ZN7L4R0H1D00F,1W9DL31001461C,,1ZMLH8300204F0,1W9DL31001461C,,,,,
2023-11-01,11:30:41.95 AM,6m 19.6s,379.6,33.7999028184683,-117.4737342815169,83.0,137.7,15.4,1347,3028.9,6.673433,6.94893,-1.565858,2.23694,-6.487126,1.342164,0,0.894776,-1.2,-0.3,1.2,-104.1,255.9,255.5,Tripod,Other,,22,5,True,,True,False,,Smart,RC,False,True,False,,,True,,False,False,False,False,False,False,False,False,False,False,0,Follow Yaw,-77.9,0,-112.3,247.7,False,False,False,False,False,,0,0,False,False,No Card,100,100,1024,1349,901,1024,2,False,False,False,False,False,0,False,False,False,False,79,,47.076,,7983,,10044,,47.076,,True,3.922,3.922,3.922,3.922,3.922,3.922,3.922,3.922,3.922,3.922,3.922,3.922,0,,False,False,True,,,,,,,,,,,,,,,False,False,19.55,,96.8,,75.7,,96.8,,1487,84,8,19,7,146573.5,19543.14,,Idle,,20,,10,,,20,Go Home,False,False,False,False,False,False,False,False,False,False,False,False,33.8027920380556,-117.4659261431046,2591.0,2972.0,1049.4,396.9,True,1,1,False,False,False,False,,True,False,False,Course Lock,196.8,67,16.4,93,SE,SW,2.9,11.4,Calm,False,False,Android,7.0.2,M300 RTK,1ZN7L4R0H1D00F,1W9DL31001461C,1ZMLH8300204F0,1Z6PH74DAP0QN7,"Corona, CA",728.3,5.7,137.7,8.547347,2.013246,0,0,DJI Matrice 300 RTK,M300 RTK,1ZN7L4R0H1D00F,1W9DL31001461C,1ZMLH8300204F0,1Z6PH74DAP0QN7,DJI Pilot,Android,7.0.2,1EF72A62-B7C3-C88D-164E-CE6F8C8424AE,1ZN7L4R0H1D00F,1W9DL31001461C,,1ZMLH8300204F0,1W9DL31001461C,,,,,
2023-11-01,11:30:42.06 AM,6m 19.7s,379.7,33.7999019234366,-117.4737376575999,83.0,137.7,15.4,1347,3030.0,6.673433,6.94893,-1.565858,2.23694,-6.487126,1.342164,0,0.894776,-1.1,-0.3,1.1,-104.1,255.9,252.3,Tripod,Other,,22,5,True,,True,False,,Smart,RC,False,True,False,,,True,,False,False,False,False,False,False,False,False,False,False,0,Follow Yaw,-77.9,0,-112.3,247.7,False,False,False,False,False,,0,0,False,False,No Card,100,100,1024,1349,901,1024,2,False,False,False,False,False,0,False,False,False,False,79,,47.076,,7983,,10044,,47.076,,True,3.922,3.922,3.922,3.922,3.922,3.922,3.922,3.922,3.922,3.922,3.922,3.922,0,,False,False,True,,,,,,,,,,,,,,,False,False,19.55,,96.8,,75.7,,96.8,,1487,84,8,19,7,146573.5,19543.14,,Idle,,20,,10,,,20,Go Home,False,False,False,False,False,False,False,False,False,False,False,False,33.8027920380556,-117.4659261431046,2592.1,2972.0,1049.4,396.9,True,1,1,False,False,False,False,,True,False,False,Course Lock,196.8,67,16.4,93,SE,SW,2.9,11.4,Calm,False,False,Android,7.0.2,M300 RTK,1ZN7L4R0H1D00F,1W9DL31001461C,1ZMLH8300204F0,1Z6PH74DAP0QN7,"Corona, CA",728.3,5.7,137.7,8.547347,2.013246,0,0,DJI Matrice 300 RTK,M300 RTK,1ZN7L4R0H1D00F,1W9DL31001461C,1ZMLH8300204F0,1Z6PH74DAP0QN7,DJI Pilot,Android,7.0.2,1EF72A62-B7C3-C88D-164E-CE6F8C8424AE,1ZN7L4R0H1D00F,1W9DL31001461C,,1ZMLH8300204F0,1W9DL31001461C,,,,,
2023-11-01,11:30:42.16 AM,6m 19.8s,379.8,33.7999012444186,-117.4737408473919,83.0,137.7,15.4,1347,3031.0,6.673433,6.94893,-1.565858,2.23694,-6.487126,1.342164,0,0.894776,-1.1,-0.5,1.2,-104,256,255.6,Tripod,Other,,23,5,True,,True,False,,Smart,RC,False,True,False,,,True,,False,False,False,False,False,False,False,False,False,False,0,Follow Yaw,-77.9,0,-112.3,247.7,False,False,False,False,False,,0,0,False,False,No Card,100,100,1024,1351,901,1024,2,False,False,False,False,False,0,False,False,False,False,79,,47.076,,7983,,10044,,47.076,,True,3.922,3.922,3.922,3.922,3.922,3.922,3.922,3.922,3.922,3.922,3.922,3.922,0,,False,False,True,,,,,,,,,,,,,,,False,False,19.55,,96.8,,75.7,,96.8,,1487,84,8,19,7,146573.5,19543.14,,Idle,,20,,10,,,20,Go Home,False,False,False,False,False,False,False,False,False,False,False,False,33.8027920380556,-117.4659261431046,2593.1,2972.0,1049.4,396.9,True,1,1,False,False,False,False,,True,False,False,Course Lock,196.8,67,16.4,93,SE,SW,2.9,11.4,Calm,False,False,Android,7.0.2,M300 RTK,1ZN7L4R0H1D00F,1W9DL31001461C,1ZMLH8300204F0,1Z6PH74DAP0QN7,"Corona, CA",728.3,5.7,137.7,8.547347,2.013246,0,0,DJI Matrice 300 RTK,M300 RTK,1ZN7L4R0H1D00F,1W9DL31001461C,1ZMLH8300204F0,1Z6PH74DAP0QN7,DJI Pilot,Android,7.0.2,1EF72A62-B7C3-C88D-164E-CE6F8C8424AE,1ZN7L4R0H1D00F,1W9DL31001461C,,1ZMLH8300204F0,1W9DL31001461C,,,,,
2023-11-01,11:30:42.26 AM,6m 19.9s,379.9,33.7999006372224,-117.4737437312343,83.0,137.7,15.4,1347,3031.9,6.673433,6.94893,-1.565858,2.23694,-6.487126,1.342164,0,0.894776,-0.9,-0.7,1.1,-104.1,255.9,255.7,Tripod,Other,,23,5,True,,True,False,,Smart,RC,False,True,False,,,True,,False,False,False,False,False,False,False,False,False,False,0,Follow Yaw,-77.9,0,-112.3,247.7,False,False,False,False,False,,0,0,False,False,No Card,100,100,1024,1346,907,1024,2,False,False,False,False,False,0,False,False,False,False,79,,47.076,,7983,,10044,,47.076,,True,3.922,3.922,3.922,3.922,3.922,3.922,3.922,3.922,3.922,3.922,3.922,3.922,0,,False,False,True,,,,,,,,,,,,,,,False,False,19.55,,96.8,,75.7,,96.8,,1487,84,8,19,7,146573.5,19543.14,,Idle,,20,,10,,,20,Go Home,False,False,False,False,False,False,False,False,False,False,False,False,33.8027920380556,-117.4659261431046,2594.0,2972.0,1049.4,396.9,True,1,1,False,False,False,False,,True,False,False,Course Lock,196.8,67,16.4,93,SE,SW,2.9,11.4,Calm,False,False,Android,7.0.2,M300 RTK,1ZN7L4R0H1D00F,1W9DL31001461C,1ZMLH8300204F0,1Z6PH74DAP0QN7,"Corona, CA",728.3,5.7,137.7,8.547347,2.013246,0,0,DJI Matrice 300 RTK,M300 RTK,1ZN7L4R0H1D00F,1W9DL31001461C,1ZMLH8300204F0,1Z6PH74DAP0QN7,DJI Pilot,Android,7.0.2,1EF72A62-B7C3-C88D-164E-CE6F8C8424AE,1ZN7L4R0H1D00F,1W9DL31001461C,,1ZMLH8300204F0,1W9DL31001461C,,,,,
2023-11-01,11:30:42.36 AM,6m 20.0s,380.0,33.7998999782159,-117.4737468722887,83.0,137.7,15.4,1347,3032.9,6.673433,6.94893,-1.565858,2.23694,-6.487126,1.342164,0,0.894776,-0.9,-0.8,1.2,-104.3,255.7,255.8,Tripod,Other,,23,5,True,,True,False,,Smart,RC,False,True,False,,,True,,False,False,False,False,False,False,False,False,False,False,0,Follow Yaw,-77.9,0,-112.3,247.7,False,False,False,False,False,,0,0,False,False,No Card,100,100,1024,1342,908,1024,2,False,False,False,False,False,0,False,False,False,False,79,,47.088,,7983,,10044,,47.088,,True,3.922,3.922,3.922,3.922,3.922,3.922,3.922,3.922,3.922,3.922,3.922,3.922,0,,False,False,True,,,,,,,,,,,,,,,False,False,19.404,,96.8,,75.7,,96.8,,1487,84,8,19,7,146573.5,19543.14,,Idle,,20,,10,,,20,Go Home,False,False,False,False,False,False,False,False,False,False,False,False,33.8027920380556,-117.4659261431046,2595.0,2972.0,1049.4,396.9,True,1,1,False,False,False,False,,True,False,False,Course Lock,196.8,67,16.4,93,SE,SW,2.9,11.4,Calm,False,False,Android,7.0.2,M300 RTK,1ZN7L4R0H1D00F,1W9DL31001461C,1ZMLH8300204F0,1Z6PH74DAP0QN7,"Corona, CA",728.3,5.7,137.7,8.547347,2.013246,0,0,DJI Matrice 300 RTK,M300 RTK,1ZN7L4R0H1D00F,1W9DL31001461C,1ZMLH8300204F0,1Z6PH74DAP0QN7,DJI Pilot,Android,7.0.2,1EF72A62-B7C3-C88D-164E-CE6F8C8424AE,1ZN7L4R0H1D00F,1W9DL31001461C,,1ZMLH8300204F0,1W9DL31001461C,,,,,
2023-11-01,11:30:42.47 AM,6m 20.1s,380.1,33.7998992811054,-117.4737499266711,83.0,137.7,15.4,1347,3033.9,6.456197,6.94893,-1.565858,2.23694,-6.263432,1.342164,0,0.894776,-0.9,-1.2,1.5,-104.5,255.5,254.6,Tripod,Other,,23,5,True,,True,False,,Smart,RC,False,True,False,,,True,,False,False,False,False,False,False,False,False,False,False,0,Follow Yaw,-77.9,0,-112.3,247.7,False,False,False,False,False,,0,0,False,False,No Card,100,100,1024,1338,908,1024,2,False,False,False,False,False,0,False,False,False,False,79,,47.088,,7983,,10044,,47.088,,True,3.922,3.922,3.922,3.922,3.922,3.922,3.922,3.922,3.922,3.922,3.922,3.922,0,,False,False,True,,,,,,,,,,,,,,,False,False,19.404,,96.8,,75.7,,96.8,,1487,84,8,19,7,146573.5,19543.14,,Idle,,20,,10,,,20,Go Home,False,False,False,False,False,False,False,False,False,False,False,False,33.8027920380556,-117.4659261431046,2595.9,2972.0,1049.4,396.9,True,1,1,False,False,False,False,,True,False,False,Course Lock,196.8,67,16.4,93,SE,SW,2.9,11.4,Calm,False,False,Android,7.0.2,M300 RTK,1ZN7L4R0H1D00F,1W9DL31001461C,1ZMLH8300204F0,1Z6PH74DAP0QN7,"Corona, CA",728.3,5.7,137.7,8.547347,2.013246,0,0,DJI Matrice 300 RTK,M300 RTK,1ZN7L4R0H1D00F,1W9DL31001461C,1ZMLH8300204F0,1Z6PH74DAP0QN7,DJI Pilot,Android,7.0.2,1EF72A62-B7C3-C88D-164E-CE6F8C8424AE,1ZN7L4R0H1D00F,1W9DL31001461C,,1ZMLH8300204F0,1W9DL31001461C,,,,,
2023-11-01,11:30:42.57 AM,6m 20.2s,380.2,33.7998986064735,-117.4737530307807,83.0,137.7,15.4,1347,3034.8,6.456197,6.94893,-1.565858,2.23694,-6.263432,1.342164,0,0.894776,-1.3,-1.7,2.1,-104.5,255.5,255.3,Tripod,Other,,23,5,True,,True,False,,Smart,RC,False,True,False,,,True,,False,False,False,False,False,False,False,False,False,False,0,Follow Yaw,-77.9,0,-112.3,247.7,False,False,False,False,False,,0,0,False,False,No Card,100,100,1024,1338,908,1024,2,False,False,False,False,False,0,False,False,False,False,79,,47.088,,7983,,10044,,47.088,,True,3.922,3.922,3.922,3.922,3.922,3.922,3.922,3.922,3.922,3.922,3.922,3.922,0,,False,False,True,,,,,,,,,,,,,,,False,False,19.404,,96.8,,75.7,,96.8,,1487,84,8,19,7,146573.5,19543.14,,Idle,,20,,10,,,20,Go Home,False,False,False,False,False,False,False,False,False,False,False,False,33.8027920380556,-117.4659261431046,2596.9,2972.0,1049.4,396.9,True,1,1,False,False,False,False,,True,False,False,Course Lock,196.8,67,16.4,93,SE,SW,2.9,11.4,Calm,False,False,Android,7.0.2,M300 RTK,1ZN7L4R0H1D00F,1W9DL31001461C,1ZMLH8300204F0,1Z6PH74DAP0QN7,"Corona, CA",728.3,5.7,137.7,8.547347,2.013246,0,0,DJI Matrice 300 RTK,M300 RTK,1ZN7L4R0H1D00F,1W9DL31001461C,1ZMLH8300204F0,1Z6PH74DAP0QN7,DJI Pilot,Android,7.0.2,1EF72A62-B7C3-C88D-164E-CE6F8C8424AE,1ZN7L4R0H1D00F,1W9DL31001461C,,1ZMLH8300204F0,1W9DL31001461C,,,,,
2023-11-01,11:30:42.67 AM,6m 20.3s,380.3,33.7998979293744,-117.4737563558996,83.0,137.7,15.4,1347,3035.9,6.456197,6.94893,-1.565858,2.23694,-6.263432,1.342164,0,0.894776,-1.6,-1.3,2,-104.2,255.8,256.2,Tripod,Other,,23,5,True,,True,False,,Smart,RC,False,True,False,,,True,,False,False,False,False,False,False,False,False,False,False,0,Follow Yaw,-77.9,0,-112.3,247.7,False,False,False,False,False,,0,0,False,False,No Card,100,100,1024,1342,904,1024,2,False,False,False,False,False,0,False,False,False,False,79,,47.088,,7983,,10044,,47.088,,True,3.924,3.924,3.924,3.924,3.924,3.924,3.924,3.924,3.924,3.924,3.924,3.924,0,,False,False,True,,,,,,,,,,,,,,,False,False,19.404,,96.8,,75.7,,96.8,,1485,84,8,19,7,146302.9,19507.05,,Idle,,20,,10,,,20,Go Home,False,False,False,False,False,False,False,False,False,False,False,False,33.8027920380556,-117.4659261431046,2597.9,2972.0,1049.4,396.9,True,1,1,False,False,False,False,,True,False,False,Course Lock,196.8,67,16.4,93,SE,SW,2.9,11.4,Calm,False,False,Android,7.0.2,M300 RTK,1ZN7L4R0H1D00F,1W9DL31001461C,1ZMLH8300204F0,1Z6PH74DAP0QN7,"Corona, CA",728.3,5.7,137.7,8.547347,2.013246,0,0,DJI Matrice 300 RTK,M300 RTK,1ZN7L4R0H1D00F,1W9DL31001461C,1ZMLH8300204F0,1Z6PH74DAP0QN7,DJI Pilot,Android,7.0.2,1EF72A62-B7C3-C88D-164E-CE6F8C8424AE,1ZN7L4R0H1D00F,1W9DL31001461C,,1ZMLH8300204F0,1W9DL31001461C,,,,,
2023-11-01,11:30:42.78 AM,6m 20.4s,380.4,33.7998971848395,-117.4737596246117,82.6,137.7,15.4,1346,3036.9,6.456197,6.94893,-1.565858,2.23694,-6.263432,1.342164,0,0.894776,-1.4,-0.4,1.4,-103.8,256.2,254.6,Tripod,Other,,23,5,True,,True,False,,Smart,RC,False,True,False,,,True,,False,False,False,False,False,False,False,False,False,False,0,Follow Yaw,-77.9,0,-112.3,247.7,False,False,False,False,False,,0,0,False,False,No Card,100,100,1024,1338,908,1024,2,False,False,False,False,False,0,False,False,False,False,79,,47.088,,7983,,10044,,47.088,,True,3.924,3.924,3.924,3.924,3.924,3.924,3.924,3.924,3.924,3.924,3.924,3.924,0,,False,False,True,,,,,,,,,,,,,,,False,False,19.404,,96.8,,75.7,,96.8,,1485,84,8,19,7,146302.9,19507.05,,Idle,,20,,10,,,20,Go Home,False,False,False,False,False,False,False,False,False,False,False,False,33.8027920380556,-117.4659261431046,2598.9,2972.0,1049.4,396.9,True,1,1,False,False,False,False,,True,False,False,Course Lock,196.8,67,16.4,93,SE,SW,2.9,11.4,Calm,False,False,Android,7.0.2,M300 RTK,1ZN7L4R0H1D00F,1W9DL31001461C,1ZMLH8300204F0,1Z6PH74DAP0QN7,"Corona, CA",728.3,5.7,137.7,8.547347,2.013246,0,0,DJI Matrice 300 RTK,M300 RTK,1ZN7L4R0H1D00F,1W9DL31001461C,1ZMLH8300204F0,1Z6PH74DAP0QN7,DJI Pilot,Android,7.0.2,1EF72A62-B7C3-C88D-164E-CE6F8C8424AE,1ZN7L4R0H1D00F,1W9DL31001461C,,1ZMLH8300204F0,1W9DL31001461C,,,,,
2023-11-01,11:30:42.84 AM,6m 20.5s,380.5,33.7998965781917,-117.4737623047627,82.6,137.7,15.4,1346,3037.7,6.456197,6.94893,-1.565858,2.23694,-6.263432,1.342164,0,0.894776,-1.1,0.3,1.1,-103.6,256.4,254.7,Tripod,Other,,23,5,True,,True,False,,Smart,RC,False,True,False,,,True,,False,False,False,False,False,False,False,False,False,False,0,Follow Yaw,-77.9,0,-112.3,247.7,False,False,False,False,False,,0,0,False,False,No Card,100,100,1024,1338,908,1024,2,False,False,False,False,False,0,False,False,False,False,79,,47.088,,7983,,10044,,47.088,,True,3.924,3.924,3.924,3.924,3.924,3.924,3.924,3.924,3.924,3.924,3.924,3.924,0,,False,False,True,,,,,,,,,,,,,,,False,False,19.404,,96.8,,75.7,,96.8,,1485,84,8,19,7,146302.9,19507.05,,Idle,,20,,10,,,20,Go Home,False,False,False,False,False,False,False,False,False,False,False,False,33.8027920380556,-117.4659261431046,2599.7,2972.0,1049.4,396.9,True,1,1,False,False,False,False,,True,False,False,Course Lock,196.8,67,16.4,93,SE,SW,2.9,11.4,Calm,False,False,Android,7.0.2,M300 RTK,1ZN7L4R0H1D00F,1W9DL31001461C,1ZMLH8300204F0,1Z6PH74DAP0QN7,"Corona, CA",728.3,5.7,137.7,8.547347,2.013246,0,0,DJI Matrice 300 RTK,M300 RTK,1ZN7L4R0H1D00F,1W9DL31001461C,1ZMLH8300204F0,1Z6PH74DAP0QN7,DJI Pilot,Android,7.0.2,1EF72A62-B7C3-C88D-164E-CE6F8C8424AE,1ZN7L4R0H1D00F,1W9DL31001461C,,1ZMLH8300204F0,1W9DL31001461C,,,,,
2023-11-01,11:30:42.94 AM,6m 20.6s,380.6,33.7998958950617,-117.4737654000484,82.6,137.7,15.4,1346,3038.7,6.456197,6.94893,-1.565858,2.23694,-6.263432,1.342164,0,0.894776,-0.9,0.4,0.9,-103.6,256.4,255.1,Tripod,Other,,23,5,True,,True,False,,Smart,RC,False,True,False,,,True,,False,False,False,False,False,False,False,False,False,False,0,Follow Yaw,-77.9,0,-112.3,247.7,False,False,False,False,False,,0,0,False,False,No Card,100,100,1024,1340,910,1024,2,False,False,False,False,False,0,False,False,False,False,79,,47.088,,7983,,10044,,47.088,,True,3.924,3.924,3.924,3.924,3.924,3.924,3.924,3.924,3.924,3.924,3.924,3.924,0,,False,False,True,,,,,,,,,,,,,,,False,False,19.404,,96.8,,75.7,,96.8,,1485,84,8,19,7,146302.9,19507.05,,Idle,,20,,10,,,20,Go Home,False,False,False,False,False,False,False,False,False,False,False,False,33.8027920380556,-117.4659261431046,2600.7,2972.0,1049.4,396.9,True,1,1,False,False,False,False,,True,False,False,Course Lock,196.8,67,16.4,93,SE,SW,2.9,11.4,Calm,False,False,Android,7.0.2,M300 RTK,1ZN7L4R0H1D00F,1W9DL31001461C,1ZMLH8300204F0,1Z6PH74DAP0QN7,"Corona, CA",728.3,5.7,137.7,8.547347,2.013246,0,0,DJI Matrice 300 RTK,M300 RTK,1ZN7L4R0H1D00F,1W9DL31001461C,1ZMLH8300204F0,1Z6PH74DAP0QN7,DJI Pilot,Android,7.0.2,1EF72A62-B7C3-C88D-164E-CE6F8C8424AE,1ZN7L4R0H1D00F,1W9DL31001461C,,1ZMLH8300204F0,1W9DL31001461C,,,,,
2023-11-01,11:30:43.04 AM,6m 20.7s,380.7,33.7998951823259,-117.4737685241972,82.6,137.7,15.4,1346,3039.7,6.456197,6.94893,-1.565858,2.23694,-6.263432,1.342164,0,0.894776,-0.7,0,0.7,-103.7,256.3,254.6,Tripod,Other,,23,5,True,,True,False,,Smart,RC,False,True,False,,,True,,False,False,False,False,False,False,False,False,False,False,0,Follow Yaw,-77.9,0,-112.3,247.7,False,False,False,False,False,,0,0,False,False,No Card,100,100,1024,1344,906,1024,2,False,False,False,False,False,0,False,False,False,False,80,,47.052,,3988,,4986,,47.052,,True,3.924,3.924,3.924,3.924,3.924,3.924,3.924,3.924,3.924,3.924,3.924,3.924,0,,False,False,True,,,,,,,,,,,,,,,False,False,9.634,,96.8,,75.7,,96.8,,1485,84,8,19,7,146302.9,19507.05,,Idle,,20,,10,,,20,Go Home,False,False,False,False,False,False,False,False,False,False,False,False,33.8027920380556,-117.4659261431046,2601.7,2972.0,1049.4,396.9,True,1,1,False,False,False,False,,True,False,False,Course Lock,196.8,67,16.4,93,SE,SW,2.9,11.4,Calm,False,False,Android,7.0.2,M300 RTK,1ZN7L4R0H1D00F,1W9DL31001461C,1ZMLH8300204F0,1Z6PH74DAP0QN7,"Corona, CA",728.3,5.7,137.7,8.547347,2.013246,0,0,DJI Matrice 300 RTK,M300 RTK,1ZN7L4R0H1D00F,1W9DL31001461C,1ZMLH8300204F0,1Z6PH74DAP0QN7,DJI Pilot,Android,7.0.2,1EF72A62-B7C3-C88D-164E-CE6F8C8424AE,1ZN7L4R0H1D00F,1W9DL31001461C,,1ZMLH8300204F0,1W9DL31001461C,,,,,
2023-11-01,11:30:43.14 AM,6m 20.8s,380.8,33.7998945301725,-117.4737716167616,82.6,137.7,15.4,1346,3040.7,6.456197,6.94893,-1.565858,2.23694,-6.263432,1.342164,0,0.894776,-0.6,-0.4,0.7,-103.9,256.1,255.7,Tripod,Other,,23,5,True,,True,False,,Smart,RC,False,True,False,,,True,,False,False,False,False,False,False,False,False,False,False,0,Follow Yaw,-77.9,0,-112.3,247.7,False,False,False,False,False,,0,0,False,False,No Card,100,100,1024,1345,900,1024,2,False,False,False,False,False,0,False,False,False,False,80,,47.052,,3988,,4986,,47.052,,True,3.924,3.924,3.924,3.924,3.924,3.924,3.924,3.924,3.924,3.924,3.924,3.924,0,,False,False,True,,,,,,,,,,,,,,,False,False,9.634,,96.8,,75.7,,96.8,,1485,84,8,19,7,146302.9,19507.05,,Idle,,20,,10,,,20,Go Home,False,False,False,False,False,False,False,False,False,False,False,False,33.8027920380556,-117.4659261431046,2602.6,2972.0,1049.4,396.9,True,1,1,False,False,False,False,,True,False,False,Course Lock,196.8,67,16.4,93,SE,SW,2.9,11.4,Calm,False,False,Android,7.0.2,M300 RTK,1ZN7L4R0H1D00F,1W9DL31001461C,1ZMLH8300204F0,1Z6PH74DAP0QN7,"Corona, CA",728.3,5.7,137.7,8.547347,2.013246,0,0,DJI Matrice 300 RTK,M300 RTK,1ZN7L4R0H1D00F,1W9DL31001461C,1ZMLH8300204F0,1Z6PH74DAP0QN7,DJI Pilot,Android,7.0.2,1EF72A62-B7C3-C88D-164E-CE6F8C8424AE,1ZN7L4R0H1D00F,1W9DL31001461C,,1ZMLH8300204F0,1W9DL31001461C,,,,,
2023-11-01,11:30:43.24 AM,6m 20.9s,380.9,33.7998937664486,-117.4737746447548,82.6,137.7,15.4,1346,3041.6,6.456197,6.94893,-1.565858,2.23694,-6.263432,1.342164,0,0.894776,-0.7,-0.9,1.1,-104.1,255.9,253.1,Tripod,Other,,23,5,True,,True,False,,Smart,RC,False,True,False,,,True,,False,False,False,False,False,False,False,False,False,False,0,Follow Yaw,-77.9,0,-112.3,247.7,False,False,False,False,False,,0,0,False,False,No Card,100,100,1024,1344,896,1024,2,False,False,False,False,False,0,False,False,False,False,80,,47.052,,3988,,4986,,47.052,,True,3.924,3.924,3.924,3.924,3.924,3.924,3.924,3.924,3.924,3.924,3.924,3.924,0,,False,False,True,,,,,,,,,,,,,,,False,False,9.634,,96.8,,75.7,,96.8,,1485,84,8,19,7,146302.9,19507.05,,Idle,,20,,10,,,20,Go Home,False,False,False,False,False,False,False,False,False,False,False,False,33.8027920380556,-117.4659261431046,2603.6,2972.0,1049.4,396.9,True,1,1,False,False,False,False,,True,False,False,Course Lock,196.8,67,16.4,93,SE,SW,2.9,11.4,Calm,False,False,Android,7.0.2,M300 RTK,1ZN7L4R0H1D00F,1W9DL31001461C,1ZMLH8300204F0,1Z6PH74DAP0QN7,"Corona, CA",728.3,5.7,137.7,8.547347,2.013246,0,0,DJI Matrice 300 RTK,M300 RTK,1ZN7L4R0H1D00F,1W9DL31001461C,1ZMLH8300204F0,1Z6PH74DAP0QN7,DJI Pilot,Android,7.0.2,1EF72A62-B7C3-C88D-164E-CE6F8C8424AE,1ZN7L4R0H1D00F,1W9DL31001461C,,1ZMLH8300204F0,1W9DL31001461C,,,,,
2023-11-01,11:30:43.34 AM,6m 21.0s,381.0,33.7998931082645,-117.4737777200837,82.6,137.7,15.4,1346,3042.6,6.456197,6.94893,-1.565858,2.23694,-6.263432,1.342164,0,0.894776,-0.7,-1.2,1.3,-104.2,255.8,255.5,Tripod,Other,,23,5,True,,True,False,,Smart,RC,False,True,False,,,True,,False,False,False,False,False,False,False,False,False,False,0,Follow Yaw,-77.9,0,-112.3,247.7,False,False,False,False,False,,0,0,False,False,No Card,100,100,1024,1344,910,954,2,False,False,False,False,False,0,False,False,False,False,79,,47.1,,7983,,10044,,47.1,,True,3.924,3.924,3.924,3.924,3.924,3.924,3.924,3.924,3.924,3.924,3.924,3.924,0,,False,False,True,,,,,,,,,,,,,,,False,False,19.302,,96.8,,75.7,,96.8,,1485,84,8,19,7,146302.9,19507.05,,Idle,,20,,10,,,20,Go Home,False,False,False,False,False,False,False,False,False,False,False,False,33.8027920380556,-117.4659261431046,2604.5,2972.0,1049.4,396.9,True,1,1,False,False,False,False,,True,False,False,Course Lock,196.8,67,16.4,93,SE,SW,2.9,11.4,Calm,False,False,Android,7.0.2,M300 RTK,1ZN7L4R0H1D00F,1W9DL31001461C,1ZMLH8300204F0,1Z6PH74DAP0QN7,"Corona, CA",728.3,5.7,137.7,8.547347,2.013246,0,0,DJI Matrice 300 RTK,M300 RTK,1ZN7L4R0H1D00F,1W9DL31001461C,1ZMLH8300204F0,1Z6PH74DAP0QN7,DJI Pilot,Android,7.0.2,1EF72A62-B7C3-C88D-164E-CE6F8C8424AE,1ZN7L4R0H1D00F,1W9DL31001461C,,1ZMLH8300204F0,1W9DL31001461C,,,,,
2023-11-01,11:30:43.41 AM,6m 21.1s,381.1,33.7998925567166,-117.4737808011852,82.6,137.7,15.4,1346,3043.5,6.456197,6.94893,-1.565858,2.23694,-6.263432,1.342164,0,0.894776,-0.5,-1.2,1.3,-104.1,255.9,257.8,Tripod,Other,,23,5,True,,True,False,,Smart,RC,False,True,False,,,True,,False,False,False,False,False,False,False,False,False,False,0,Follow Yaw,-77.9,0,-112.3,247.7,False,False,False,False,False,,0,0,False,False,No Card,100,100,1024,1344,910,954,2,False,False,False,False,False,0,False,False,False,False,79,,47.1,,7983,,10044,,47.1,,True,3.924,3.924,3.924,3.924,3.924,3.924,3.924,3.924,3.924,3.924,3.924,3.924,0,,False,False,True,,,,,,,,,,,,,,,False,False,19.302,,96.8,,75.7,,96.8,,1485,84,8,19,7,146302.9,19507.05,,Idle,,20,,10,,,20,Go Home,False,False,False,False,False,False,False,False,False,False,False,False,33.8027920380556,-117.4659261431046,2605.5,2972.0,1049.4,396.9,True,1,1,False,False,False,False,,True,False,False,Course Lock,196.8,67,16.4,93,SE,SW,2.9,11.4,Calm,False,False,Android,7.0.2,M300 RTK,1ZN7L4R0H1D00F,1W9DL31001461C,1ZMLH8300204F0,1Z6PH74DAP0QN7,"Corona, CA",728.3,5.7,137.7,8.547347,2.013246,0,0,DJI Matrice 300 RTK,M300 RTK,1ZN7L4R0H1D00F,1W9DL31001461C,1ZMLH8300204F0,1Z6PH74DAP0QN7,DJI Pilot,Android,7.0.2,1EF72A62-B7C3-C88D-164E-CE6F8C8424AE,1ZN7L4R0H1D00F,1W9DL31001461C,,1ZMLH8300204F0,1W9DL31001461C,,,,,
2023-11-01,11:30:43.51 AM,6m 21.2s,381.2,33.7998918993548,-117.4737838565572,82.6,137.7,15.4,1346,3044.5,6.456197,6.94893,-1.565858,2.23694,-6.263432,1.342164,0,0.894776,-0.4,-0.9,0.9,-104.2,255.8,255.4,Tripod,Other,,22,5,True,,True,False,,Smart,RC,False,True,False,,,True,,False,False,False,False,False,False,False,False,False,False,0,Follow Yaw,-77.9,0,-112.4,247.6,False,False,False,False,False,,0,0,False,False,No Card,100,100,1024,1345,908,839,2,False,False,False,False,False,0,False,False,False,False,79,,47.1,,7983,,10044,,47.1,,True,3.924,3.924,3.924,3.924,3.924,3.924,3.924,3.924,3.924,3.924,3.924,3.924,0,,False,False,True,,,,,,,,,,,,,,,False,False,19.302,,96.8,,75.7,,96.8,,1485,84,8,19,7,146302.9,19507.05,,Idle,,20,,10,,,20,Go Home,False,False,False,False,False,False,False,False,False,False,False,False,33.8027920380556,-117.4659261431046,2606.4,2972.0,1049.4,396.9,True,1,1,False,False,False,False,,True,False,False,Course Lock,196.8,67,16.4,93,SE,SW,2.9,11.4,Calm,False,False,Android,7.0.2,M300 RTK,1ZN7L4R0H1D00F,1W9DL31001461C,1ZMLH8300204F0,1Z6PH74DAP0QN7,"Corona, CA",728.3,5.7,137.7,8.547347,2.013246,0,0,DJI Matrice 300 RTK,M300 RTK,1ZN7L4R0H1D00F,1W9DL31001461C,1ZMLH8300204F0,1Z6PH74DAP0QN7,DJI Pilot,Android,7.0.2,1EF72A62-B7C3-C88D-164E-CE6F8C8424AE,1ZN7L4R0H1D00F,1W9DL31001461C,,1ZMLH8300204F0,1W9DL31001461C,,,,,
2023-11-01,11:30:43.61 AM,6m 21.3s,381.3,33.7998913763163,-117.4737869024457,82.6,137.7,15.4,1346,3045.4,6.456197,6.94893,-1.565858,2.23694,-6.263432,1.342164,0,0.894776,-0.3,-1.3,1.3,-104.3,255.7,258.3,Tripod,Other,,22,5,True,,True,False,,Smart,RC,False,True,False,,,True,,False,False,False,False,False,False,False,False,False,False,0,Follow Yaw,-77.9,0,-112.7,247.3,False,False,False,False,False,,0,0,False,False,No Card,100,100,1024,1347,900,877,2,False,False,False,False,False,0,False,False,False,False,79,,47.1,,7983,,10044,,47.1,,True,3.926,3.926,3.926,3.926,3.926,3.926,3.926,3.926,3.926,3.926,3.926,3.926,0,,False,False,True,,,,,,,,,,,,,,,False,False,19.302,,96.8,,75.7,,96.8,,1484,84,8,19,7,146073.8,19476.51,,Idle,,20,,10,,,20,Go Home,False,False,False,False,False,False,False,False,False,False,False,False,33.8027920380556,-117.4659261431046,2607.3,2972.0,1049.4,396.9,True,1,1,False,False,False,False,,True,False,False,Course Lock,196.8,67,16.4,93,SE,SW,2.9,11.4,Calm,False,False,Android,7.0.2,M300 RTK,1ZN7L4R0H1D00F,1W9DL31001461C,1ZMLH8300204F0,1Z6PH74DAP0QN7,"Corona, CA",728.3,5.7,137.7,8.547347,2.013246,0,0,DJI Matrice 300 RTK,M300 RTK,1ZN7L4R0H1D00F,1W9DL31001461C,1ZMLH8300204F0,1Z6PH74DAP0QN7,DJI Pilot,Android,7.0.2,1EF72A62-B7C3-C88D-164E-CE6F8C8424AE,1ZN7L4R0H1D00F,1W9DL31001461C,,1ZMLH8300204F0,1W9DL31001461C,,,,,
2023-11-01,11:30:43.72 AM,6m 21.4s,381.4,33.7998907214217,-117.4737899239241,82.6,137.7,15.4,1346,3046.4,6.239418,6.94893,-1.565858,2.23694,-6.039738,1.342164,0,0.894776,-0.2,-2.1,2.1,-104.5,255.5,255.3,Tripod,Other,,22,5,True,,True,False,,Smart,RC,False,True,False,,,True,,False,False,False,False,False,False,False,False,False,False,0,Follow Yaw,-77.9,0,-113.1,246.9,False,False,False,False,False,,0,0,False,False,No Card,100,100,1024,1351,887,947,2,False,False,False,False,False,0,False,False,False,False,79,,47.1,,7983,,10044,,47.1,,True,3.926,3.926,3.926,3.926,3.926,3.926,3.926,3.926,3.926,3.926,3.926,3.926,0,,False,False,True,,,,,,,,,,,,,,,False,False,19.302,,96.8,,75.7,,96.8,,1484,84,8,19,7,146073.8,19476.51,,Idle,,20,,10,,,20,Go Home,False,False,False,False,False,False,False,False,False,False,False,False,33.8027920380556,-117.4659261431046,2608.3,2972.0,1049.4,396.9,True,1,1,False,False,False,False,,True,False,False,Course Lock,196.8,67,16.4,93,SE,SW,2.9,11.4,Calm,False,False,Android,7.0.2,M300 RTK,1ZN7L4R0H1D00F,1W9DL31001461C,1ZMLH8300204F0,1Z6PH74DAP0QN7,"Corona, CA",728.3,5.7,137.7,8.547347,2.013246,0,0,DJI Matrice 300 RTK,M300 RTK,1ZN7L4R0H1D00F,1W9DL31001461C,1ZMLH8300204F0,1Z6PH74DAP0QN7,DJI Pilot,Android,7.0.2,1EF72A62-B7C3-C88D-164E-CE6F8C8424AE,1ZN7L4R0H1D00F,1W9DL31001461C,,1ZMLH8300204F0,1W9DL31001461C,,,,,
2023-11-01,11:30:43.84 AM,6m 21.5s,381.5,33.7998899670182,-117.4737932408789,82.3,137.7,15.4,1346,3047.4,6.239418,6.94893,-1.565858,2.23694,-6.039738,1.342164,0,0.894776,-0.4,-2.3,2.3,-104.7,255.3,254.6,Tripod,Other,,22,5,True,,True,False,,Smart,RC,False,True,False,,,True,,False,False,False,False,False,False,False,False,False,False,0,Follow Yaw,-77.9,0,-113.3,246.7,False,False,False,False,False,,0,0,False,False,No Card,100,100,1024,1352,877,999,2,False,False,False,False,False,0,False,False,False,False,79,,47.1,,7983,,10044,,47.1,,True,3.926,3.926,3.926,3.926,3.926,3.926,3.926,3.926,3.926,3.926,3.926,3.926,0,,False,False,True,,,,,,,,,,,,,,,False,False,19.302,,96.8,,75.7,,96.8,,1484,84,8,19,7,146073.8,19476.51,,Idle,,20,,10,,,20,Go Home,False,False,False,False,False,False,False,False,False,False,False,False,33.8027920380556,-117.4659261431046,2609.3,2972.0,1049.4,396.9,True,1,1,False,False,False,False,,True,False,False,Course Lock,196.8,67,16.4,93,E,S,2.9,11.4,Calm,False,False,Android,7.0.2,M300 RTK,1ZN7L4R0H1D00F,1W9DL31001461C,1ZMLH8300204F0,1Z6PH74DAP0QN7,"Corona, CA",728.3,5.7,137.7,8.547347,2.013246,0,0,DJI Matrice 300 RTK,M300 RTK,1ZN7L4R0H1D00F,1W9DL31001461C,1ZMLH8300204F0,1Z6PH74DAP0QN7,DJI Pilot,Android,7.0.2,1EF72A62-B7C3-C88D-164E-CE6F8C8424AE,1ZN7L4R0H1D00F,1W9DL31001461C,,1ZMLH8300204F0,1W9DL31001461C,,,,,
2023-11-01,11:30:43.94 AM,6m 21.6s,381.6,33.7998892603132,-117.4737962414934,82.3,137.7,15.4,1346,3048.4,6.239418,6.94893,-1.565858,2.23694,-6.039738,1.342164,0,0.894776,-0.7,-1.7,1.8,-104.8,255.2,254.1,Tripod,Other,,23,5,True,,True,False,,Smart,RC,False,True,False,,,True,,False,False,False,False,False,False,False,False,False,False,0,Follow Yaw,-77.9,0,-113.3,246.7,False,False,False,False,False,,0,0,False,False,No Card,100,100,1024,1347,880,999,2,False,False,False,False,False,0,False,False,False,False,79,,47.1,,7983,,10044,,47.1,,True,3.926,3.926,3.926,3.926,3.926,3.926,3.926,3.926,3.926,3.926,3.926,3.926,0,,False,False,True,,,,,,,,,,,,,,,False,False,19.302,,96.8,,75.7,,96.8,,1484,84,8,19,7,146073.8,19476.51,,Idle,,20,,10,,,20,Go Home,False,False,False,False,False,False,False,False,False,False,False,False,33.8027920380556,-117.4659261431046,2610.2,2972.0,1049.4,396.9,True,1,1,False,False,False,False,,True,False,False,Course Lock,196.8,67,16.4,93,E,S,3.13,11.4,Calm,False,False,Android,7.0.2,M300 RTK,1ZN7L4R0H1D00F,1W9DL31001461C,1ZMLH8300204F0,1Z6PH74DAP0QN7,"Corona, CA",728.3,5.7,137.7,8.547347,2.013246,0,0,DJI Matrice 300 RTK,M300 RTK,1ZN7L4R0H1D00F,1W9DL31001461C,1ZMLH8300204F0,1Z6PH74DAP0QN7,DJI Pilot,Android,7.0.2,1EF72A62-B7C3-C88D-164E-CE6F8C8424AE,1ZN7L4R0H1D00F,1W9DL31001461C,,1ZMLH8300204F0,1W9DL31001461C,,,,,
2023-11-01,11:30:44.03 AM,6m 21.7s,381.7,33.7998885988395,-117.4737987417855,82.3,137.7,15.4,1346,3049.2,6.239418,6.94893,-1.565858,2.23694,-6.039738,1.342164,0,0.894776,-0.8,-0.7,1,-105,255,252.3,Tripod,Other,,23,5,True,,True,False,,Smart,RC,False,True,False,,,True,,False,False,False,False,False,False,False,False,False,False,0,Follow Yaw,-77.9,0,-113.3,246.7,False,False,False,False,False,,0,0,False,False,No Card,100,100,1024,1343,880,999,2,False,False,False,False,False,0,False,False,False,False,79,,47.1,,7983,,10044,,47.1,,True,3.926,3.926,3.926,3.926,3.926,3.926,3.926,3.926,3.926,3.926,3.926,3.926,0,,False,False,True,,,,,,,,,,,,,,,False,False,19.302,,96.8,,75.7,,96.8,,1484,84,8,19,7,146073.8,19476.51,,Idle,,20,,10,,,20,Go Home,False,False,False,False,False,False,False,False,False,False,False,False,33.8027920380556,-117.4659261431046,2611.0,2972.0,1049.4,396.9,True,1,1,False,False,False,False,,True,False,False,Course Lock,196.8,67,16.4,93,E,S,3.13,11.4,Calm,False,False,Android,7.0.2,M300 RTK,1ZN7L4R0H1D00F,1W9DL31001461C,1ZMLH8300204F0,1Z6PH74DAP0QN7,"Corona, CA",728.3,5.7,137.7,8.547347,2.013246,0,0,DJI Matrice 300 RTK,M300 RTK,1ZN7L4R0H1D00F,1W9DL31001461C,1ZMLH8300204F0,1Z6PH74DAP0QN7,DJI Pilot,Android,7.0.2,1EF72A62-B7C3-C88D-164E-CE6F8C8424AE,1ZN7L4R0H1D00F,1W9DL31001461C,,1ZMLH8300204F0,1W9DL31001461C,,,,,
2023-11-01,11:30:44.13 AM,6m 21.8s,381.8,33.7998878899414,-117.4738016750252,82.3,137.7,15.4,1346,3050.1,6.239418,6.94893,-1.565858,2.23694,-6.039738,1.342164,0,0.894776,-0.9,-0.2,0.9,-105.1,254.9,253.7,Tripod,Other,,22,5,True,,True,False,,Smart,RC,False,True,False,,,True,,False,False,False,False,False,False,False,False,False,False,0,Follow Yaw,-77.9,0,-113.3,246.7,False,False,False,False,False,,0,0,False,False,No Card,100,100,1024,1340,880,999,2,False,False,False,False,False,0,False,False,False,False,79,,47.1,,7983,,10044,,47.1,,True,3.926,3.926,3.926,3.926,3.926,3.926,3.926,3.926,3.926,3.926,3.926,3.926,0,,False,False,True,,,,,,,,,,,,,,,False,False,19.302,,96.8,,75.7,,96.8,,1484,84,8,19,7,146073.8,19476.51,,Idle,,20,,10,,,20,Go Home,False,False,False,False,False,False,False,False,False,False,False,False,33.8027920380556,-117.4659261431046,2611.9,2972.0,1049.4,396.9,True,1,1,False,False,False,False,,True,False,False,Course Lock,196.8,67,16.4,93,E,S,3.13,11.4,Calm,False,False,Android,7.0.2,M300 RTK,1ZN7L4R0H1D00F,1W9DL31001461C,1ZMLH8300204F0,1Z6PH74DAP0QN7,"Corona, CA",728.3,5.7,137.7,8.547347,2.013246,0,0,DJI Matrice 300 RTK,M300 RTK,1ZN7L4R0H1D00F,1W9DL31001461C,1ZMLH8300204F0,1Z6PH74DAP0QN7,DJI Pilot,Android,7.0.2,1EF72A62-B7C3-C88D-164E-CE6F8C8424AE,1ZN7L4R0H1D00F,1W9DL31001461C,,1ZMLH8300204F0,1W9DL31001461C,,,,,
2023-11-01,11:30:44.24 AM,6m 21.9s,381.9,33.7998870502837,-117.4738047055749,82.3,137.7,15.4,1346,3051.1,6.239418,6.94893,-1.565858,2.23694,-6.039738,1.342164,0,0.894776,-1,-0.2,1,-105.2,254.8,251.5,Tripod,Other,,22,5,True,,True,False,,Smart,RC,False,True,False,,,True,,False,False,False,False,False,False,False,False,False,False,0,Follow Yaw,-77.9,0,-113.4,246.6,False,False,False,False,False,,0,0,False,False,No Card,100,100,1024,1340,877,998,2,False,False,False,False,False,0,False,False,False,False,79,,47.1,,7983,,10044,,47.1,,True,3.926,3.926,3.926,3.926,3.926,3.926,3.926,3.926,3.926,3.926,3.926,3.926,0,,False,False,True,,,,,,,,,,,,,,,False,False,19.302,,96.8,,75.7,,96.8,,1484,84,8,19,7,146073.8,19476.51,,Idle,,20,,10,,,20,Go Home,False,False,False,False,False,False,False,False,False,False,False,False,33.8027920380556,-117.4659261431046,2612.9,2972.0,1049.4,396.9,True,1,1,False,False,False,False,,True,False,False,Course Lock,196.8,67,16.4,93,E,S,3.13,11.4,Calm,False,False,Android,7.0.2,M300 RTK,1ZN7L4R0H1D00F,1W9DL31001461C,1ZMLH8300204F0,1Z6PH74DAP0QN7,"Corona, CA",728.3,5.7,137.7,8.547347,2.013246,0,0,DJI Matrice 300 RTK,M300 RTK,1ZN7L4R0H1D00F,1W9DL31001461C,1ZMLH8300204F0,1Z6PH74DAP0QN7,DJI Pilot,Android,7.0.2,1EF72A62-B7C3-C88D-164E-CE6F8C8424AE,1ZN7L4R0H1D00F,1W9DL31001461C,,1ZMLH8300204F0,1W9DL31001461C,,,,,
2023-11-01,11:30:44.34 AM,6m 22.0s,382.0,33.7998863002663,-117.4738077823882,82.3,137.7,15.4,1346,3052.0,6.239418,6.94893,-1.565858,2.23694,-6.039738,1.342164,0,0.894776,-1,-0.3,1,-105.3,254.7,253.6,Tripod,Other,,22,5,True,,True,False,,Smart,RC,False,True,False,,,True,,False,False,False,False,False,False,False,False,False,False,0,Follow Yaw,-77.9,0,-113.4,246.6,False,False,False,False,False,,0,0,False,False,No Card,100,100,1024,1343,846,968,2,False,False,False,False,False,0,False,False,False,False,80,,47.028,,3988,,4986,,47.028,,True,3.926,3.926,3.926,3.926,3.926,3.926,3.926,3.926,3.926,3.926,3.926,3.926,0,,False,False,True,,,,,,,,,,,,,,,False,False,9.792,,96.9,,75.7,,96.9,,1484,84,8,19,7,146073.8,19476.51,,Idle,,20,,10,,,20,Go Home,False,False,False,False,False,False,False,False,False,False,False,False,33.8027920380556,-117.4659261431046,2613.9,2972.0,1049.4,396.9,True,1,1,False,False,False,False,,True,False,False,Course Lock,196.8,67,16.4,93,E,S,3.13,11.4,Calm,False,False,Android,7.0.2,M300 RTK,1ZN7L4R0H1D00F,1W9DL31001461C,1ZMLH8300204F0,1Z6PH74DAP0QN7,"Corona, CA",728.3,5.7,137.7,8.547347,2.013246,0,0,DJI Matrice 300 RTK,M300 RTK,1ZN7L4R0H1D00F,1W9DL31001461C,1ZMLH8300204F0,1Z6PH74DAP0QN7,DJI Pilot,Android,7.0.2,1EF72A62-B7C3-C88D-164E-CE6F8C8424AE,1ZN7L4R0H1D00F,1W9DL31001461C,,1ZMLH8300204F0,1W9DL31001461C,,,,,
2023-11-01,11:30:44.44 AM,6m 22.1s,382.1,33.7998856467423,-117.4738106508094,82.3,137.7,15.4,1346,3052.9,6.239418,6.94893,-1.565858,2.23694,-6.039738,1.342164,0,0.894776,-0.8,-0.6,1,-105.4,254.6,254.6,Tripod,Other,,22,5,True,,True,False,,Smart,RC,False,True,False,,,True,,False,False,False,False,False,False,False,False,False,False,0,Follow Yaw,-77.9,0,-113.4,246.6,False,False,False,False,False,,0,0,False,False,No Card,100,100,1024,1343,846,968,2,False,False,False,False,False,0,False,False,False,False,80,,47.028,,3988,,4986,,47.028,,True,3.926,3.926,3.926,3.926,3.926,3.926,3.926,3.926,3.926,3.926,3.926,3.926,0,,False,False,True,,,,,,,,,,,,,,,False,False,9.792,,96.9,,75.7,,96.9,,1484,84,8,19,7,146073.8,19476.51,,Idle,,20,,10,,,20,Go Home,False,False,False,False,False,False,False,False,False,False,False,False,33.8027920380556,-117.4659261431046,2614.7,2972.0,1049.4,396.9,True,1,1,False,False,False,False,,True,False,False,Course Lock,196.8,67,16.4,93,E,S,3.13,11.4,Calm,False,False,Android,7.0.2,M300 RTK,1ZN7L4R0H1D00F,1W9DL31001461C,1ZMLH8300204F0,1Z6PH74DAP0QN7,"Corona, CA",728.3,5.7,137.7,8.547347,2.013246,0,0,DJI Matrice 300 RTK,M300 RTK,1ZN7L4R0H1D00F,1W9DL31001461C,1ZMLH8300204F0,1Z6PH74DAP0QN7,DJI Pilot,Android,7.0.2,1EF72A62-B7C3-C88D-164E-CE6F8C8424AE,1ZN7L4R0H1D00F,1W9DL31001461C,,1ZMLH8300204F0,1W9DL31001461C,,,,,
2023-11-01,11:30:44.54 AM,6m 22.2s,382.2,33.7998849340064,-117.473813571844,82.3,137.7,15.7,1346,3053.9,6.023145,6.94893,-1.565858,2.23694,-5.816044,1.342164,0,0.894776,-0.8,-0.6,1,-105.3,254.7,253.6,Tripod,Other,,22,5,True,,True,False,,Smart,RC,False,True,False,,,True,,False,False,False,False,False,False,False,False,False,False,0,Follow Yaw,-77.9,0,-113.5,246.5,False,False,False,False,False,,0,0,False,False,No Card,100,100,1024,1346,865,878,2,False,False,False,False,False,0,False,False,False,False,80,,47.028,,3988,,4986,,47.028,,True,3.926,3.926,3.926,3.926,3.926,3.926,3.926,3.926,3.926,3.926,3.926,3.926,0,,False,False,True,,,,,,,,,,,,,,,False,False,9.792,,96.9,,75.7,,96.9,,1484,84,8,19,7,146073.8,19476.51,,Idle,,20,,10,,,20,Go Home,False,False,False,False,False,False,False,False,False,False,False,False,33.8027920380556,-117.4659261431046,2615.7,2972.0,1049.4,396.9,True,1,1,False,False,False,False,,True,False,False,Course Lock,196.8,67,16.4,93,E,S,3.13,11.4,Calm,False,False,Android,7.0.2,M300 RTK,1ZN7L4R0H1D00F,1W9DL31001461C,1ZMLH8300204F0,1Z6PH74DAP0QN7,"Corona, CA",728.3,5.7,137.7,8.547347,2.013246,0,0,DJI Matrice 300 RTK,M300 RTK,1ZN7L4R0H1D00F,1W9DL31001461C,1ZMLH8300204F0,1Z6PH74DAP0QN7,DJI Pilot,Android,7.0.2,1EF72A62-B7C3-C88D-164E-CE6F8C8424AE,1ZN7L4R0H1D00F,1W9DL31001461C,,1ZMLH8300204F0,1W9DL31001461C,,,,,
2023-11-01,11:30:44.65 AM,6m 22.3s,382.3,33.799884279386,-117.4738163196997,82.3,137.7,15.7,1346,3054.7,6.023145,6.94893,-1.565858,2.23694,-5.816044,1.342164,0.223694,0.894776,-0.8,-0.4,0.8,-105.3,254.7,254.0,Tripod,Other,,22,5,True,,True,False,,Smart,RC,False,True,False,,,True,,False,False,False,False,False,False,False,False,False,False,0,Follow Yaw,-77.9,0,-113.6,246.4,False,False,False,False,False,,0,0,False,False,No Card,100,100,1024,1346,873,872,2,False,False,False,False,False,0,False,False,False,False,80,,47.028,,3988,,4986,,47.028,,True,3.923,3.923,3.923,3.923,3.923,3.923,3.923,3.923,3.923,3.923,3.923,3.923,0,,False,False,True,,,,,,,,,,,,,,,False,False,9.792,,96.9,,75.7,,96.9,,1483,84,8,19,7,145893.5,19452.47,,Idle,,20,,10,,,20,Go Home,False,False,False,False,False,False,False,False,False,False,False,False,33.8027920380556,-117.4659261431046,2616.5,2972.0,1049.4,396.9,True,1,1,False,False,False,False,,True,False,False,Course Lock,196.8,67,16.4,93,E,S,3.13,11.4,Calm,False,False,Android,7.0.2,M300 RTK,1ZN7L4R0H1D00F,1W9DL31001461C,1ZMLH8300204F0,1Z6PH74DAP0QN7,"Corona, CA",728.3,5.7,137.7,8.547347,2.013246,0,0,DJI Matrice 300 RTK,M300 RTK,1ZN7L4R0H1D00F,1W9DL31001461C,1ZMLH8300204F0,1Z6PH74DAP0QN7,DJI Pilot,Android,7.0.2,1EF72A62-B7C3-C88D-164E-CE6F8C8424AE,1ZN7L4R0H1D00F,1W9DL31001461C,,1ZMLH8300204F0,1W9DL31001461C,,,,,
2023-11-01,11:30:44.75 AM,6m 22.4s,382.4,33.7998835781635,-117.4738192103043,82.3,137.7,15.7,1346,3055.6,6.023145,6.94893,-1.565858,2.23694,-5.816044,1.342164,0.223694,0.894776,-0.9,-0.6,1,-105.2,254.8,253.7,Tripod,Other,,22,5,True,,True,False,,Smart,RC,False,True,False,,,True,,False,False,False,False,False,False,False,False,False,False,0,Follow Yaw,-77.9,0,-113.9,246.1,False,False,False,False,False,,0,0,False,False,No Card,100,100,1024,1346,878,871,2,False,False,False,False,False,0,False,False,False,False,80,,47.028,,3988,,4986,,47.028,,True,3.923,3.923,3.923,3.923,3.923,3.923,3.923,3.923,3.923,3.923,3.923,3.923,0,,False,False,True,,,,,,,,,,,,,,,False,False,9.792,,96.9,,75.7,,96.9,,1483,84,8,19,7,145893.5,19452.47,,Idle,,20,,10,,,20,Go Home,False,False,False,False,False,False,False,False,False,False,False,False,33.8027920380556,-117.4659261431046,2617.4,2972.0,1049.4,396.9,True,1,1,False,False,False,False,,True,False,False,Course Lock,196.8,67,16.4,93,E,S,3.13,11.4,Calm,False,False,Android,7.0.2,M300 RTK,1ZN7L4R0H1D00F,1W9DL31001461C,1ZMLH8300204F0,1Z6PH74DAP0QN7,"Corona, CA",728.3,5.7,137.7,8.547347,2.013246,0,0,DJI Matrice 300 RTK,M300 RTK,1ZN7L4R0H1D00F,1W9DL31001461C,1ZMLH8300204F0,1Z6PH74DAP0QN7,DJI Pilot,Android,7.0.2,1EF72A62-B7C3-C88D-164E-CE6F8C8424AE,1ZN7L4R0H1D00F,1W9DL31001461C,,1ZMLH8300204F0,1W9DL31001461C,,,,,
2023-11-01,11:30:44.86 AM,6m 22.5s,382.5,33.7998827478262,-117.4738221544295,82.3,137.7,15.7,1346,3056.6,6.023145,6.94893,-1.565858,2.23694,-5.816044,1.342164,0.223694,0.894776,-0.8,-1,1.2,-105.3,254.7,251.2,Tripod,Other,,22,5,True,,True,False,,Smart,RC,False,True,False,,,True,,False,False,False,False,False,False,False,False,False,False,0,Follow Yaw,-77.9,0,-114.2,245.8,False,False,False,False,False,,0,0,False,False,No Card,100,100,1024,1346,881,866,2,False,False,False,False,False,0,False,False,False,False,80,,47.028,,3988,,4986,,47.028,,True,3.923,3.923,3.923,3.923,3.923,3.923,3.923,3.923,3.923,3.923,3.923,3.923,0,,False,False,True,,,,,,,,,,,,,,,False,False,9.792,,96.9,,75.7,,96.9,,1483,84,8,19,7,145893.5,19452.47,,Idle,,20,,10,,,20,Go Home,False,False,False,False,False,False,False,False,False,False,False,False,33.8027920380556,-117.4659261431046,2618.4,2972.0,1049.4,396.9,True,1,1,False,False,False,False,,True,False,False,Course Lock,196.8,67,16.4,93,E,S,3.13,11.4,Calm,False,False,Android,7.0.2,M300 RTK,1ZN7L4R0H1D00F,1W9DL31001461C,1ZMLH8300204F0,1Z6PH74DAP0QN7,"Corona, CA",728.3,5.7,137.7,8.547347,2.013246,0,0,DJI Matrice 300 RTK,M300 RTK,1ZN7L4R0H1D00F,1W9DL31001461C,1ZMLH8300204F0,1Z6PH74DAP0QN7,DJI Pilot,Android,7.0.2,1EF72A62-B7C3-C88D-164E-CE6F8C8424AE,1ZN7L4R0H1D00F,1W9DL31001461C,,1ZMLH8300204F0,1W9DL31001461C,,,,,
2023-11-01,11:30:44.96 AM,6m 22.6s,382.6,33.7998820466038,-117.4738250332827,82.0,137.7,15.7,1346,3057.5,6.023145,6.94893,-1.565858,2.23694,-5.816044,1.342164,0.223694,0.894776,-0.9,-1.4,1.6,-105.4,254.6,253.6,Tripod,Other,,22,5,True,,True,False,,Smart,RC,False,True,False,,,True,,False,False,False,False,False,False,False,False,False,False,0,Follow Yaw,-77.9,0,-114.5,245.5,False,False,False,False,False,,0,0,False,False,No Card,100,100,1024,1344,885,846,2,False,False,False,False,False,0,False,False,False,False,80,,47.028,,3988,,4986,,47.028,,True,3.923,3.923,3.923,3.923,3.923,3.923,3.923,3.923,3.923,3.923,3.923,3.923,0,,False,False,True,,,,,,,,,,,,,,,False,False,9.792,,96.9,,75.7,,96.9,,1483,84,8,19,7,145893.5,19452.47,,Idle,,20,,10,,,20,Go Home,False,False,False,False,False,False,False,False,False,False,False,False,33.8027920380556,-117.4659261431046,2619.3,2972.0,1049.4,396.9,True,1,1,False,False,False,False,,True,False,False,Course Lock,196.8,67,16.4,93,E,S,3.13,11.4,Calm,False,False,Android,7.0.2,M300 RTK,1ZN7L4R0H1D00F,1W9DL31001461C,1ZMLH8300204F0,1Z6PH74DAP0QN7,"Corona, CA",728.3,5.7,137.7,8.547347,2.013246,0,0,DJI Matrice 300 RTK,M300 RTK,1ZN7L4R0H1D00F,1W9DL31001461C,1ZMLH8300204F0,1Z6PH74DAP0QN7,DJI Pilot,Android,7.0.2,1EF72A62-B7C3-C88D-164E-CE6F8C8424AE,1ZN7L4R0H1D00F,1W9DL31001461C,,1ZMLH8300204F0,1W9DL31001461C,,,,,
2023-11-01,11:30:45.06 AM,6m 22.7s,382.7,33.7998814994419,-117.4738281143842,82.0,137.7,15.7,1346,3058.4,6.023145,6.94893,-1.565858,2.23694,-5.816044,1.342164,0.223694,0.894776,-1.2,-1.7,2,-105.7,254.3,257.9,Tripod,Other,,22,5,True,,True,False,,Smart,RC,False,True,False,,,True,,False,False,False,False,False,False,False,False,False,False,0,Follow Yaw,-77.9,0,-114.9,245.1,False,False,False,False,False,,0,0,False,False,No Card,100,100,1024,1345,891,826,2,False,False,False,False,False,0,False,False,False,False,80,,47.028,,3988,,4986,,47.028,,True,3.923,3.923,3.923,3.923,3.923,3.923,3.923,3.923,3.923,3.923,3.923,3.923,0,,False,False,True,,,,,,,,,,,,,,,False,False,9.792,,96.9,,75.7,,96.9,,1483,84,8,19,7,145893.5,19452.47,,Idle,,20,,10,,,20,Go Home,False,False,False,False,False,False,False,False,False,False,False,False,33.8027920380556,-117.4659261431046,2620.2,2972.0,1049.4,396.9,True,1,1,False,False,False,False,,True,False,False,Course Lock,196.8,67,16.4,93,E,S,3.13,11.4,Calm,False,False,Android,7.0.2,M300 RTK,1ZN7L4R0H1D00F,1W9DL31001461C,1ZMLH8300204F0,1Z6PH74DAP0QN7,"Corona, CA",728.3,5.7,137.7,8.547347,2.013246,0,0,DJI Matrice 300 RTK,M300 RTK,1ZN7L4R0H1D00F,1W9DL31001461C,1ZMLH8300204F0,1Z6PH74DAP0QN7,DJI Pilot,Android,7.0.2,1EF72A62-B7C3-C88D-164E-CE6F8C8424AE,1ZN7L4R0H1D00F,1W9DL31001461C,,1ZMLH8300204F0,1W9DL31001461C,,,,,
2023-11-01,11:30:45.17 AM,6m 22.8s,382.8,33.7998807954782,-117.4738309947218,82.0,137.7,15.7,1346,3059.4,6.023145,6.94893,-1.565858,2.23694,-5.816044,1.342164,0.223694,0.894776,-1.3,-2.1,2.4,-106,254,253.6,Tripod,Other,,22,5,True,,True,False,,Smart,RC,False,True,False,,,True,,False,False,False,False,False,False,False,False,False,False,0,Follow Yaw,-77.9,0,-115.3,244.7,False,False,False,False,False,,0,0,False,False,No Card,100,100,1024,1344,893,826,2,False,False,False,False,False,0,False,False,False,False,80,,47.028,,3988,,4986,,47.028,,True,3.923,3.923,3.923,3.923,3.923,3.923,3.923,3.923,3.923,3.923,3.923,3.923,0,,False,False,True,,,,,,,,,,,,,,,False,False,9.792,,96.9,,75.7,,96.9,,1483,84,8,19,7,145893.5,19452.47,,Idle,,20,,10,,,20,Go Home,False,False,False,False,False,False,False,False,False,False,False,False,33.8027920380556,-117.4659261431046,2621.1,2972.0,1049.4,396.9,True,1,1,False,False,False,False,,True,False,False,Course Lock,196.8,67,16.4,93,E,S,3.13,11.4,Calm,False,False,Android,7.0.2,M300 RTK,1ZN7L4R0H1D00F,1W9DL31001461C,1ZMLH8300204F0,1Z6PH74DAP0QN7,"Corona, CA",728.3,5.7,137.7,8.547347,2.013246,0,0,DJI Matrice 300 RTK,M300 RTK,1ZN7L4R0H1D00F,1W9DL31001461C,1ZMLH8300204F0,1Z6PH74DAP0QN7,DJI Pilot,Android,7.0.2,1EF72A62-B7C3-C88D-164E-CE6F8C8424AE,1ZN7L4R0H1D00F,1W9DL31001461C,,1ZMLH8300204F0,1W9DL31001461C,,,,,
2023-11-01,11:30:45.27 AM,6m 22.9s,382.9,33.7998799103151,-117.4738340049848,82.0,137.7,15.7,1346,3060.3,6.023145,6.94893,-1.565858,2.23694,-5.816044,1.342164,0.223694,0.894776,-1.2,-2.4,2.6,-106.4,253.6,250.5,Tripod,Other,,22,5,True,,True,False,,Smart,RC,False,True,False,,,True,,False,False,False,False,False,False,False,False,False,False,0,Follow Yaw,-77.9,0,-115.8,244.2,False,False,False,False,False,,0,0,False,False,No Card,100,100,1024,1342,895,827,2,False,False,False,False,False,0,False,False,False,False,80,,47.028,,3988,,4986,,47.028,,True,3.923,3.923,3.923,3.923,3.923,3.923,3.923,3.923,3.923,3.923,3.923,3.923,0,,False,False,True,,,,,,,,,,,,,,,False,False,9.792,,96.9,,75.7,,96.9,,1483,84,8,19,7,145893.5,19452.47,,Idle,,20,,10,,,20,Go Home,False,False,False,False,False,False,False,False,False,False,False,False,33.8027920380556,-117.4659261431046,2622.1,2972.0,1049.4,396.9,True,1,1,False,False,False,False,,True,False,False,Course Lock,196.8,67,16.4,93,E,S,3.13,11.4,Calm,False,False,Android,7.0.2,M300 RTK,1ZN7L4R0H1D00F,1W9DL31001461C,1ZMLH8300204F0,1Z6PH74DAP0QN7,"Corona, CA",728.3,5.7,137.7,8.547347,2.013246,0,0,DJI Matrice 300 RTK,M300 RTK,1ZN7L4R0H1D00F,1W9DL31001461C,1ZMLH8300204F0,1Z6PH74DAP0QN7,DJI Pilot,Android,7.0.2,1EF72A62-B7C3-C88D-164E-CE6F8C8424AE,1ZN7L4R0H1D00F,1W9DL31001461C,,1ZMLH8300204F0,1W9DL31001461C,,,,,
2023-11-01,11:30:45.38 AM,6m 23.0s,383.0,33.7998791586529,-117.473836891961,82.0,137.7,15.7,1346,3061.2,6.085134,6.94893,-1.789552,2.23694,-5.816044,1.342164,0,0.894776,-1,-2.4,2.6,-106.9,253.1,252.6,Tripod,Other,,22,5,True,,True,False,,Smart,RC,False,True,False,,,True,,False,False,False,False,False,False,False,False,False,False,0,Follow Yaw,-77.9,0,-116.2,243.8,False,False,False,False,False,,0,0,False,False,No Card,100,100,1024,1341,898,827,2,False,False,False,False,False,0,False,False,False,False,79,,47.076,,7983,,10044,,47.076,,True,3.923,3.923,3.923,3.923,3.923,3.923,3.923,3.923,3.923,3.923,3.923,3.923,0,,False,False,True,,,,,,,,,,,,,,,False,False,19.214,,96.9,,75.7,,96.9,,1483,84,8,19,7,145893.5,19452.47,,Idle,,20,,10,,,20,Go Home,False,False,False,False,False,False,False,False,False,False,False,False,33.8027920380556,-117.4659261431046,2623.0,2972.0,1049.4,396.9,True,1,1,False,False,False,False,,True,False,False,Course Lock,196.8,67,16.4,93,E,S,3.13,11.4,Calm,False,False,Android,7.0.2,M300 RTK,1ZN7L4R0H1D00F,1W9DL31001461C,1ZMLH8300204F0,1Z6PH74DAP0QN7,"Corona, CA",728.3,5.7,137.7,8.547347,2.013246,0,0,DJI Matrice 300 RTK,M300 RTK,1ZN7L4R0H1D00F,1W9DL31001461C,1ZMLH8300204F0,1Z6PH74DAP0QN7,DJI Pilot,Android,7.0.2,1EF72A62-B7C3-C88D-164E-CE6F8C8424AE,1ZN7L4R0H1D00F,1W9DL31001461C,,1ZMLH8300204F0,1W9DL31001461C,,,,,
2023-11-01,11:30:45.48 AM,6m 23.1s,383.1,33.7998785426846,-117.4738395691019,82.0,137.7,15.7,1346,3062.1,6.085134,6.94893,-1.789552,2.23694,-5.816044,1.342164,0,0.894776,-1,-2.6,2.7,-107.4,252.6,254.5,Tripod,Other,,22,5,True,,True,False,,Smart,RC,False,True,False,,,True,,False,False,False,False,False,False,False,False,False,False,0,Follow Yaw,-77.9,0,-116.7,243.3,False,False,False,False,False,,0,0,False,False,No Card,100,100,1024,1342,897,831,2,False,False,False,False,False,0,False,False,False,False,79,,47.076,,7983,,10044,,47.076,,True,3.923,3.923,3.923,3.923,3.923,3.923,3.923,3.923,3.923,3.923,3.923,3.923,0,,False,False,True,,,,,,,,,,,,,,,False,False,19.214,,96.9,,75.7,,96.9,,1483,84,8,19,7,145893.5,19452.47,,Idle,,20,,10,,,20,Go Home,False,False,False,False,False,False,False,False,False,False,False,False,33.8027920380556,-117.4659261431046,2623.8,2972.0,1049.4,396.9,True,1,1,False,False,False,False,,True,False,False,Course Lock,196.8,67,16.4,93,E,S,3.13,11.4,Calm,False,False,Android,7.0.2,M300 RTK,1ZN7L4R0H1D00F,1W9DL31001461C,1ZMLH8300204F0,1Z6PH74DAP0QN7,"Corona, CA",728.3,5.7,137.7,8.547347,2.013246,0,0,DJI Matrice 300 RTK,M300 RTK,1ZN7L4R0H1D00F,1W9DL31001461C,1ZMLH8300204F0,1Z6PH74DAP0QN7,DJI Pilot,Android,7.0.2,1EF72A62-B7C3-C88D-164E-CE6F8C8424AE,1ZN7L4R0H1D00F,1W9DL31001461C,,1ZMLH8300204F0,1W9DL31001461C,,,,,
2023-11-01,11:30:45.54 AM,6m 23.2s,383.2,33.7998777743005,-117.4738424213597,82.0,137.7,15.7,1346,3063.0,6.085134,6.94893,-1.789552,2.23694,-5.816044,1.342164,0,0.894776,-1,-2.7,2.8,-107.9,252.1,252.0,Tripod,Other,,22,5,True,,True,False,,Smart,RC,False,True,False,,,True,,False,False,False,False,False,False,False,False,False,False,0,Follow Yaw,-77.9,0,-117.1,242.9,False,False,False,False,False,,0,0,False,False,No Card,100,100,1024,1342,897,837,2,False,False,False,False,False,0,False,False,False,False,79,,47.076,,7983,,10044,,47.076,,True,3.923,3.923,3.923,3.923,3.923,3.923,3.923,3.923,3.923,3.923,3.923,3.923,0,,False,False,True,,,,,,,,,,,,,,,False,False,19.214,,96.9,,75.7,,96.9,,1483,84,8,19,7,145893.5,19452.47,,Idle,,20,,10,,,20,Go Home,False,False,False,False,False,False,False,False,False,False,False,False,33.8027920380556,-117.4659261431046,2624.7,2972.0,1049.4,396.9,True,1,1,False,False,False,False,,True,False,False,Course Lock,196.8,67,16.4,93,E,S,3.13,11.4,Calm,False,False,Android,7.0.2,M300 RTK,1ZN7L4R0H1D00F,1W9DL31001461C,1ZMLH8300204F0,1Z6PH74DAP0QN7,"Corona, CA",728.3,5.7,137.7,8.547347,2.013246,0,0,DJI Matrice 300 RTK,M300 RTK,1ZN7L4R0H1D00F,1W9DL31001461C,1ZMLH8300204F0,1Z6PH74DAP0QN7,DJI Pilot,Android,7.0.2,1EF72A62-B7C3-C88D-164E-CE6F8C8424AE,1ZN7L4R0H1D00F,1W9DL31001461C,,1ZMLH8300204F0,1W9DL31001461C,,,,,
2023-11-01,11:30:45.64 AM,6m 23.3s,383.3,33.7998768301996,-117.4738452511868,82.0,137.7,15.7,1346,3063.9,5.871701,6.94893,-1.789552,2.23694,-5.59235,1.342164,0,0.894776,-1.1,-2.8,3,-108.4,251.6,248.1,Tripod,Other,,22,5,True,,True,False,,Smart,RC,False,True,False,,,True,,False,False,False,False,False,False,False,False,False,False,0,Follow Yaw,-77.9,0,-117.6,242.4,False,False,False,False,False,,0,0,False,False,No Card,100,100,1024,1341,896,842,2,False,False,False,False,False,0,False,False,False,False,79,,47.076,,7983,,10044,,47.076,,True,3.923,3.923,3.923,3.923,3.923,3.923,3.923,3.923,3.923,3.923,3.923,3.923,0,,False,False,True,,,,,,,,,,,,,,,False,False,19.214,,96.9,,75.7,,96.9,,1482,85,8,20,7,145786.6,19438.21,,Idle,,20,,10,,,20,Go Home,False,False,False,False,False,False,False,False,False,False,False,False,33.8027920380556,-117.4659261431046,2625.6,2972.0,1049.4,396.9,True,1,1,False,False,False,False,,True,False,False,Course Lock,196.8,67,16.4,93,E,S,3.13,11.4,Calm,False,False,Android,7.0.2,M300 RTK,1ZN7L4R0H1D00F,1W9DL31001461C,1ZMLH8300204F0,1Z6PH74DAP0QN7,"Corona, CA",728.3,5.7,137.7,8.547347,2.013246,0,0,DJI Matrice 300 RTK,M300 RTK,1ZN7L4R0H1D00F,1W9DL31001461C,1ZMLH8300204F0,1Z6PH74DAP0QN7,DJI Pilot,Android,7.0.2,1EF72A62-B7C3-C88D-164E-CE6F8C8424AE,1ZN7L4R0H1D00F,1W9DL31001461C,,1ZMLH8300204F0,1W9DL31001461C,,,,,
2023-11-01,11:30:45.74 AM,6m 23.4s,383.4,33.7998760072638,-117.4738480823332,82.0,137.7,15.7,1346,3064.8,5.871701,6.94893,-1.789552,2.23694,-5.59235,1.342164,0,0.894776,-1.3,-2.8,3,-108.9,251.1,250.7,Tripod,Other,,22,5,True,,True,False,,Smart,RC,False,True,False,,,True,,False,False,False,False,False,False,False,False,False,False,0,Follow Yaw,-77.9,0,-118,242,False,False,False,False,False,,0,0,False,False,No Card,100,100,1024,1341,896,848,2,False,False,False,False,False,0,False,False,False,False,79,,47.076,,7983,,10044,,47.076,,True,3.923,3.923,3.923,3.923,3.923,3.923,3.923,3.923,3.923,3.923,3.923,3.923,0,,False,False,True,,,,,,,,,,,,,,,False,False,19.214,,96.9,,75.7,,96.9,,1482,85,8,20,7,145786.6,19438.21,,Idle,,20,,10,,,20,Go Home,False,False,False,False,False,False,False,False,False,False,False,False,33.8027920380556,-117.4659261431046,2626.5,2972.0,1049.4,396.9,True,1,1,False,False,False,False,,True,False,False,Course Lock,196.8,67,16.4,93,E,S,3.13,11.4,Calm,False,False,Android,7.0.2,M300 RTK,1ZN7L4R0H1D00F,1W9DL31001461C,1ZMLH8300204F0,1Z6PH74DAP0QN7,"Corona, CA",728.3,5.7,137.7,8.547347,2.013246,0,0,DJI Matrice 300 RTK,M300 RTK,1ZN7L4R0H1D00F,1W9DL31001461C,1ZMLH8300204F0,1Z6PH74DAP0QN7,DJI Pilot,Android,7.0.2,1EF72A62-B7C3-C88D-164E-CE6F8C8424AE,1ZN7L4R0H1D00F,1W9DL31001461C,,1ZMLH8300204F0,1W9DL31001461C,,,,,
2023-11-01,11:30:45.84 AM,6m 23.5s,383.5,33.7998752386056,-117.4738511304483,82.0,137.7,15.7,1346,3065.8,5.943697,6.94893,-2.013246,2.23694,-5.59235,1.342164,0,0.894776,-1.3,-2.7,2.9,-109.4,250.6,253.1,Tripod,Other,,22,5,True,,True,False,,Smart,RC,False,True,False,,,True,,False,False,False,False,False,False,False,False,False,False,0,Follow Yaw,-77.9,0,-118.4,241.6,False,False,False,False,False,,0,0,False,False,No Card,100,100,1024,1341,893,853,2,False,False,False,False,False,0,False,False,False,False,79,,47.076,,7983,,10044,,47.076,,True,3.923,3.923,3.923,3.923,3.923,3.923,3.923,3.923,3.923,3.923,3.923,3.923,0,,False,False,True,,,,,,,,,,,,,,,False,False,19.214,,96.9,,75.7,,96.9,,1482,85,8,20,7,145786.6,19438.21,,Idle,,20,,10,,,20,Go Home,False,False,False,False,False,False,False,False,False,False,False,False,33.8027920380556,-117.4659261431046,2627.5,2972.0,1049.4,396.9,True,1,1,False,False,False,False,,True,False,False,Course Lock,196.8,67,16.4,93,E,S,3.13,11.4,Calm,False,False,Android,7.0.2,M300 RTK,1ZN7L4R0H1D00F,1W9DL31001461C,1ZMLH8300204F0,1Z6PH74DAP0QN7,"Corona, CA",728.3,5.7,137.7,8.547347,2.013246,0,0,DJI Matrice 300 RTK,M300 RTK,1ZN7L4R0H1D00F,1W9DL31001461C,1ZMLH8300204F0,1Z6PH74DAP0QN7,DJI Pilot,Android,7.0.2,1EF72A62-B7C3-C88D-164E-CE6F8C8424AE,1ZN7L4R0H1D00F,1W9DL31001461C,,1ZMLH8300204F0,1W9DL31001461C,,,,,
2023-11-01,11:30:45.94 AM,6m 23.6s,383.6,33.7998743783882,-117.473853964811,82.0,137.7,15.4,1346,3066.7,5.943697,6.94893,-2.013246,2.23694,-5.59235,1.342164,0,0.894776,-1.1,-2.6,2.8,-109.8,250.2,249.9,Tripod,Other,,22,5,True,,True,False,,Smart,RC,False,True,False,,,True,,False,False,False,False,False,False,False,False,False,False,0,Follow Yaw,-77.9,0,-118.7,241.3,False,False,False,False,False,,0,0,False,False,No Card,100,100,1024,1341,891,861,2,False,False,False,False,False,0,False,False,False,False,79,,47.076,,7983,,10044,,47.076,,True,3.923,3.923,3.923,3.923,3.923,3.923,3.923,3.923,3.923,3.923,3.923,3.923,0,,False,False,True,,,,,,,,,,,,,,,False,False,19.214,,96.9,,75.7,,96.9,,1482,85,8,20,7,145786.6,19438.21,,Idle,,20,,10,,,20,Go Home,False,False,False,False,False,False,False,False,False,False,False,False,33.8027920380556,-117.4659261431046,2628.4,2972.0,1049.4,396.9,True,1,1,False,False,False,False,,True,False,False,Course Lock,196.8,67,16.4,93,E,S,3.13,11.4,Calm,False,False,Android,7.0.2,M300 RTK,1ZN7L4R0H1D00F,1W9DL31001461C,1ZMLH8300204F0,1Z6PH74DAP0QN7,"Corona, CA",728.3,5.7,137.7,8.547347,2.013246,0,0,DJI Matrice 300 RTK,M300 RTK,1ZN7L4R0H1D00F,1W9DL31001461C,1ZMLH8300204F0,1Z6PH74DAP0QN7,DJI Pilot,Android,7.0.2,1EF72A62-B7C3-C88D-164E-CE6F8C8424AE,1ZN7L4R0H1D00F,1W9DL31001461C,,1ZMLH8300204F0,1W9DL31001461C,,,,,
2023-11-01,11:30:46.04 AM,6m 23.7s,383.7,33.7998735581937,-117.473856616676,81.6,137.7,15.7,1345,3067.6,5.943697,6.94893,-2.013246,2.23694,-5.59235,1.342164,0,0.894776,-1,-2.4,2.6,-110.2,249.8,249.5,Tripod,Other,,22,5,True,,True,False,,Smart,RC,False,True,False,,,True,,False,False,False,False,False,False,False,False,False,False,0,Follow Yaw,-77.9,0,-119.1,240.9,False,False,False,False,False,,0,0,False,False,No Card,100,100,1024,1341,891,861,2,False,False,False,False,False,0,False,False,False,False,80,,47.04,,3988,,4986,,47.04,,True,3.923,3.923,3.923,3.923,3.923,3.923,3.923,3.923,3.923,3.923,3.923,3.923,0,,False,False,True,,,,,,,,,,,,,,,False,False,9.528,,96.9,,75.7,,96.9,,1482,85,8,20,7,145786.6,19438.21,,Idle,,20,,10,,,20,Go Home,False,False,False,False,False,False,False,False,False,False,False,False,33.8027920380556,-117.4659261431046,2629.3,2972.0,1049.4,396.9,True,1,1,False,False,False,False,,True,False,False,Course Lock,196.8,67,16.4,93,E,S,3.13,11.4,Calm,False,False,Android,7.0.2,M300 RTK,1ZN7L4R0H1D00F,1W9DL31001461C,1ZMLH8300204F0,1Z6PH74DAP0QN7,"Corona, CA",728.3,5.7,137.7,8.547347,2.013246,0,0,DJI Matrice 300 RTK,M300 RTK,1ZN7L4R0H1D00F,1W9DL31001461C,1ZMLH8300204F0,1Z6PH74DAP0QN7,DJI Pilot,Android,7.0.2,1EF72A62-B7C3-C88D-164E-CE6F8C8424AE,1ZN7L4R0H1D00F,1W9DL31001461C,,1ZMLH8300204F0,1W9DL31001461C,,,,,
2023-11-01,11:30:46.14 AM,6m 23.8s,383.8,33.799872665355,-117.4738594140526,81.6,137.7,15.7,1345,3068.5,5.943697,6.94893,-2.013246,2.23694,-5.59235,1.342164,0,0.894776,-0.9,-2.3,2.4,-110.6,249.4,248.9,Tripod,Other,,22,5,True,,True,False,,Smart,RC,False,True,False,,,True,,False,False,False,False,False,False,False,False,False,False,0,Follow Yaw,-77.9,0,-119.4,240.6,False,False,False,False,False,,0,0,False,False,No Card,100,100,1024,1339,887,875,2,False,False,False,False,False,0,False,False,False,False,80,,47.04,,3988,,4986,,47.04,,True,3.923,3.923,3.923,3.923,3.923,3.923,3.923,3.923,3.923,3.923,3.923,3.923,0,,False,False,True,,,,,,,,,,,,,,,False,False,9.528,,96.9,,75.7,,96.9,,1482,85,8,20,7,145786.6,19438.21,,Idle,,20,,10,,,20,Go Home,False,False,False,False,False,False,False,False,False,False,False,False,33.8027920380556,-117.4659261431046,2630.2,2972.0,1049.4,396.9,True,1,1,False,False,False,False,,True,False,False,Course Lock,196.8,67,16.4,93,E,S,3.13,11.4,Calm,False,False,Android,7.0.2,M300 RTK,1ZN7L4R0H1D00F,1W9DL31001461C,1ZMLH8300204F0,1Z6PH74DAP0QN7,"Corona, CA",728.3,5.7,137.7,8.547347,2.013246,0,0,DJI Matrice 300 RTK,M300 RTK,1ZN7L4R0H1D00F,1W9DL31001461C,1ZMLH8300204F0,1Z6PH74DAP0QN7,DJI Pilot,Android,7.0.2,1EF72A62-B7C3-C88D-164E-CE6F8C8424AE,1ZN7L4R0H1D00F,1W9DL31001461C,,1ZMLH8300204F0,1W9DL31001461C,,,,,
2023-11-01,11:30:46.24 AM,6m 23.9s,383.9,33.799871617085,-117.4738621262828,81.6,137.7,15.7,1345,3069.4,5.943697,6.94893,-2.013246,2.23694,-5.59235,1.342164,0,0.894776,-0.9,-2.2,2.3,-111,249,245.0,Tripod,Other,,22,5,True,,True,False,,Smart,RC,False,True,False,,,True,,False,False,False,False,False,False,False,False,False,False,0,Follow Yaw,-77.9,0,-119.8,240.2,False,False,False,False,False,,0,0,False,False,No Card,100,100,1024,1339,887,875,2,False,False,False,False,False,0,False,False,False,False,80,,47.04,,3988,,4986,,47.04,,True,3.923,3.923,3.923,3.923,3.923,3.923,3.923,3.923,3.923,3.923,3.923,3.923,0,,False,False,True,,,,,,,,,,,,,,,False,False,9.528,,96.9,,75.7,,96.9,,1482,85,8,20,7,145786.6,19438.21,,Idle,,20,,10,,,20,Go Home,False,False,False,False,False,False,False,False,False,False,False,False,33.8027920380556,-117.4659261431046,2631.1,2972.0,1049.4,396.9,True,1,1,False,False,False,False,,True,False,False,Course Lock,196.8,67,16.4,93,E,S,3.35,11.4,Calm,False,False,Android,7.0.2,M300 RTK,1ZN7L4R0H1D00F,1W9DL31001461C,1ZMLH8300204F0,1Z6PH74DAP0QN7,"Corona, CA",728.3,5.7,137.7,8.547347,2.013246,0,0,DJI Matrice 300 RTK,M300 RTK,1ZN7L4R0H1D00F,1W9DL31001461C,1ZMLH8300204F0,1Z6PH74DAP0QN7,DJI Pilot,Android,7.0.2,1EF72A62-B7C3-C88D-164E-CE6F8C8424AE,1ZN7L4R0H1D00F,1W9DL31001461C,,1ZMLH8300204F0,1W9DL31001461C,,,,,
2023-11-01,11:30:46.34 AM,6m 24.0s,384.0,33.7998706803856,-117.4738648923223,81.6,137.7,15.7,1345,3070.3,6.023145,6.94893,-2.23694,2.23694,-5.59235,1.342164,0,0.894776,-0.9,-2.1,2.2,-111.4,248.6,247.8,Tripod,Other,,22,5,True,,True,False,,Smart,RC,False,True,False,,,True,,False,False,False,False,False,False,False,False,False,False,0,Follow Yaw,-77.9,0,-120.1,239.9,False,False,False,False,False,,0,0,False,False,No Card,100,100,1024,1340,888,876,2,False,False,False,False,False,0,False,False,False,False,79,,47.052,,7933,,10044,,47.052,,True,3.923,3.923,3.923,3.923,3.923,3.923,3.923,3.923,3.923,3.923,3.923,3.923,0,,False,False,True,,,,,,,,,,,,,,,False,False,19.414,,96.9,,75.7,,96.9,,1482,85,8,20,7,145786.6,19438.21,,Idle,,20,,10,,,20,Go Home,False,False,False,False,False,False,False,False,False,False,False,False,33.8027920380556,-117.4659261431046,2632.0,2972.0,1049.4,396.9,True,1,1,False,False,False,False,,True,False,False,Course Lock,196.8,67,16.4,93,E,S,3.35,11.4,Calm,False,False,Android,7.0.2,M300 RTK,1ZN7L4R0H1D00F,1W9DL31001461C,1ZMLH8300204F0,1Z6PH74DAP0QN7,"Corona, CA",728.3,5.7,137.7,8.547347,2.013246,0,0,DJI Matrice 300 RTK,M300 RTK,1ZN7L4R0H1D00F,1W9DL31001461C,1ZMLH8300204F0,1Z6PH74DAP0QN7,DJI Pilot,Android,7.0.2,1EF72A62-B7C3-C88D-164E-CE6F8C8424AE,1ZN7L4R0H1D00F,1W9DL31001461C,,1ZMLH8300204F0,1W9DL31001461C,,,,,
2023-11-01,11:30:46.40 AM,6m 24.1s,384.1,33.7998697593115,-117.4738675042737,81.6,137.7,15.7,1345,3071.1,6.023145,6.94893,-2.23694,2.23694,-5.59235,1.342164,0,0.894776,-0.9,-2,2.1,-111.8,248.2,247.0,Tripod,Other,,22,5,True,,True,False,,Smart,RC,False,True,False,,,True,,False,False,False,False,False,False,False,False,False,False,0,Follow Yaw,-77.9,0,-120.4,239.6,False,False,False,False,False,,0,0,False,False,No Card,100,100,1024,1340,887,876,2,False,False,False,False,False,0,False,False,False,False,79,,47.052,,7933,,10044,,47.052,,True,3.923,3.923,3.923,3.923,3.923,3.923,3.923,3.923,3.923,3.923,3.923,3.923,0,,False,False,True,,,,,,,,,,,,,,,False,False,19.414,,96.9,,75.7,,96.9,,1482,85,8,20,7,145786.6,19438.21,,Idle,,20,,10,,,20,Go Home,False,False,False,False,False,False,False,False,False,False,False,False,33.8027920380556,-117.4659261431046,2632.9,2972.0,1049.4,396.9,True,1,1,False,False,False,False,,True,False,False,Course Lock,196.8,67,16.4,93,E,S,3.35,11.4,Calm,False,False,Android,7.0.2,M300 RTK,1ZN7L4R0H1D00F,1W9DL31001461C,1ZMLH8300204F0,1Z6PH74DAP0QN7,"Corona, CA",728.3,5.7,137.7,8.547347,2.013246,0,0,DJI Matrice 300 RTK,M300 RTK,1ZN7L4R0H1D00F,1W9DL31001461C,1ZMLH8300204F0,1Z6PH74DAP0QN7,DJI Pilot,Android,7.0.2,1EF72A62-B7C3-C88D-164E-CE6F8C8424AE,1ZN7L4R0H1D00F,1W9DL31001461C,,1ZMLH8300204F0,1W9DL31001461C,,,,,
2023-11-01,11:30:46.54 AM,6m 24.2s,384.2,33.7998687930062,-117.473870228544,81.6,137.7,15.7,1345,3072.0,5.816044,6.94893,-2.23694,2.23694,-5.368656,1.342164,0,0.894776,-0.9,-1.9,2.1,-112.2,247.8,246.8,Tripod,Other,,22,5,True,,True,False,,Smart,RC,False,True,False,,,True,,False,False,False,False,False,False,False,False,False,False,0,Follow Yaw,-77.9,0,-120.6,239.4,False,False,False,False,False,,0,0,False,False,No Card,100,100,1024,1339,887,884,2,False,False,False,False,False,0,False,False,False,False,79,,47.052,,7933,,10044,,47.052,,True,3.923,3.923,3.923,3.923,3.923,3.923,3.923,3.923,3.923,3.923,3.923,3.923,0,,False,False,True,,,,,,,,,,,,,,,False,False,19.414,,96.9,,75.7,,96.9,,1482,85,8,20,7,145786.6,19438.21,,Idle,,20,,10,,,20,Go Home,False,False,False,False,False,False,False,False,False,False,False,False,33.8027920380556,-117.4659261431046,2633.8,2972.0,1049.4,396.9,True,1,1,False,False,False,False,,True,False,False,Course Lock,196.8,67,16.4,93,E,S,3.35,11.4,Calm,False,False,Android,7.0.2,M300 RTK,1ZN7L4R0H1D00F,1W9DL31001461C,1ZMLH8300204F0,1Z6PH74DAP0QN7,"Corona, CA",728.3,5.7,137.7,8.547347,2.013246,0,0,DJI Matrice 300 RTK,M300 RTK,1ZN7L4R0H1D00F,1W9DL31001461C,1ZMLH8300204F0,1Z6PH74DAP0QN7,DJI Pilot,Android,7.0.2,1EF72A62-B7C3-C88D-164E-CE6F8C8424AE,1ZN7L4R0H1D00F,1W9DL31001461C,,1ZMLH8300204F0,1W9DL31001461C,,,,,
2023-11-01,11:30:46.61 AM,6m 24.3s,384.3,33.7998679618465,-117.4738729111689,81.6,137.7,15.7,1345,3072.9,5.816044,6.94893,-2.23694,2.23694,-5.368656,1.342164,0,0.894776,-0.9,-1.7,1.9,-112.4,247.6,249.5,Tripod,Other,,22,5,True,,True,False,,Smart,RC,False,True,False,,,True,,False,False,False,False,False,False,False,False,False,False,0,Follow Yaw,-77.9,0,-120.9,239.1,False,False,False,False,False,,0,0,False,False,No Card,100,100,1024,1338,887,888,2,False,False,False,False,False,0,False,False,False,False,79,,47.052,,7933,,10044,,47.052,,True,3.922,3.922,3.922,3.922,3.922,3.922,3.922,3.922,3.922,3.922,3.922,3.922,0,,False,False,True,,,,,,,,,,,,,,,False,False,19.414,,96.9,,75.7,,96.9,,1481,85,8,20,7,145682.6,19424.35,,Idle,,20,,10,,,20,Go Home,False,False,False,False,False,False,False,False,False,False,False,False,33.8027920380556,-117.4659261431046,2634.6,2972.0,1049.4,396.9,True,1,1,False,False,False,False,,True,False,False,Course Lock,196.8,67,16.4,93,E,S,3.35,11.4,Calm,False,False,Android,7.0.2,M300 RTK,1ZN7L4R0H1D00F,1W9DL31001461C,1ZMLH8300204F0,1Z6PH74DAP0QN7,"Corona, CA",728.3,5.7,137.7,8.547347,2.013246,0,0,DJI Matrice 300 RTK,M300 RTK,1ZN7L4R0H1D00F,1W9DL31001461C,1ZMLH8300204F0,1Z6PH74DAP0QN7,DJI Pilot,Android,7.0.2,1EF72A62-B7C3-C88D-164E-CE6F8C8424AE,1ZN7L4R0H1D00F,1W9DL31001461C,,1ZMLH8300204F0,1W9DL31001461C,,,,,
2023-11-01,11:30:46.74 AM,6m 24.4s,384.4,33.7998669821088,-117.473875603195,81.6,137.7,15.7,1345,3073.8,5.816044,6.94893,-2.23694,2.23694,-5.368656,1.342164,0,0.894776,-0.8,-1.5,1.7,-112.7,247.3,246.3,Tripod,Other,,21,5,True,,True,False,,Smart,RC,False,True,False,,,True,,False,False,False,False,False,False,False,False,False,False,0,Follow Yaw,-77.9,0,-121.2,238.8,False,False,False,False,False,,0,0,False,False,No Card,100,100,1024,1338,887,889,2,False,False,False,False,False,0,False,False,False,False,79,,47.052,,7933,,10044,,47.052,,True,3.922,3.922,3.922,3.922,3.922,3.922,3.922,3.922,3.922,3.922,3.922,3.922,0,,False,False,True,,,,,,,,,,,,,,,False,False,19.414,,96.9,,75.7,,96.9,,1481,85,8,20,7,145682.6,19424.35,,Idle,,20,,10,,,20,Go Home,False,False,False,False,False,False,False,False,False,False,False,False,33.8027920380556,-117.4659261431046,2635.5,2972.0,1049.4,396.9,True,1,1,False,False,False,False,,True,False,False,Course Lock,196.8,67,16.4,93,E,SW,3.35,11.4,Calm,False,False,Android,7.0.2,M300 RTK,1ZN7L4R0H1D00F,1W9DL31001461C,1ZMLH8300204F0,1Z6PH74DAP0QN7,"Corona, CA",728.3,5.7,137.7,8.547347,2.013246,0,0,DJI Matrice 300 RTK,M300 RTK,1ZN7L4R0H1D00F,1W9DL31001461C,1ZMLH8300204F0,1Z6PH74DAP0QN7,DJI Pilot,Android,7.0.2,1EF72A62-B7C3-C88D-164E-CE6F8C8424AE,1ZN7L4R0H1D00F,1W9DL31001461C,,1ZMLH8300204F0,1W9DL31001461C,,,,,
2023-11-01,11:30:46.81 AM,6m 24.5s,384.5,33.7998660476024,-117.4738781861183,81.6,137.7,15.7,1345,3074.7,5.816044,6.94893,-2.23694,2.23694,-5.368656,1.342164,0,0.894776,-0.8,-1.3,1.5,-112.9,247.1,246.4,Tripod,Other,,21,5,True,,True,False,,Smart,RC,False,True,False,,,True,,False,False,False,False,False,False,False,False,False,False,0,Follow Yaw,-77.9,0,-121.5,238.5,False,False,False,False,False,,0,0,False,False,No Card,100,100,1024,1338,886,889,2,False,False,False,False,False,0,False,False,False,False,79,,47.052,,7933,,10044,,47.052,,True,3.922,3.922,3.922,3.922,3.922,3.922,3.922,3.922,3.922,3.922,3.922,3.922,0,,False,False,True,,,,,,,,,,,,,,,False,False,19.414,,96.9,,75.7,,96.9,,1481,85,8,20,7,145682.6,19424.35,,Idle,,20,,10,,,20,Go Home,False,False,False,False,False,False,False,False,False,False,False,False,33.8027920380556,-117.4659261431046,2636.4,2972.0,1049.4,396.9,True,1,1,False,False,False,False,,True,False,False,Course Lock,196.8,67,16.4,93,E,SW,3.35,11.4,Calm,False,False,Android,7.0.2,M300 RTK,1ZN7L4R0H1D00F,1W9DL31001461C,1ZMLH8300204F0,1Z6PH74DAP0QN7,"Corona, CA",728.3,5.7,137.7,8.547347,2.013246,0,0,DJI Matrice 300 RTK,M300 RTK,1ZN7L4R0H1D00F,1W9DL31001461C,1ZMLH8300204F0,1Z6PH74DAP0QN7,DJI Pilot,Android,7.0.2,1EF72A62-B7C3-C88D-164E-CE6F8C8424AE,1ZN7L4R0H1D00F,1W9DL31001461C,,1ZMLH8300204F0,1W9DL31001461C,,,,,
2023-11-01,11:30:46.94 AM,6m 24.6s,384.6,33.7998650607374,-117.4738808415293,81.6,137.7,15.7,1345,3075.5,5.816044,6.94893,-2.23694,2.23694,-5.368656,1.342164,0,0.894776,-1,-1.2,1.5,-113.2,246.8,245.9,Tripod,Other,,21,5,True,,True,False,,Smart,RC,False,True,False,,,True,,False,False,False,False,False,False,False,False,False,False,0,Follow Yaw,-77.9,0,-121.7,238.3,False,False,False,False,False,,0,0,False,False,No Card,100,100,1024,1339,887,889,2,False,False,False,False,False,0,False,False,False,False,79,,47.052,,7933,,10044,,47.052,,True,3.922,3.922,3.922,3.922,3.922,3.922,3.922,3.922,3.922,3.922,3.922,3.922,0,,False,False,True,,,,,,,,,,,,,,,False,False,19.414,,96.9,,75.7,,96.9,,1481,85,8,20,7,145682.6,19424.35,,Idle,,20,,10,,,20,Go Home,False,False,False,False,False,False,False,False,False,False,False,False,33.8027920380556,-117.4659261431046,2637.2,2972.0,1049.4,396.9,True,1,1,False,False,False,False,,True,False,False,Course Lock,196.8,67,16.4,93,E,SW,3.35,11.4,Calm,False,False,Android,7.0.2,M300 RTK,1ZN7L4R0H1D00F,1W9DL31001461C,1ZMLH8300204F0,1Z6PH74DAP0QN7,"Corona, CA",728.3,5.7,137.7,8.547347,2.013246,0,0,DJI Matrice 300 RTK,M300 RTK,1ZN7L4R0H1D00F,1W9DL31001461C,1ZMLH8300204F0,1Z6PH74DAP0QN7,DJI Pilot,Android,7.0.2,1EF72A62-B7C3-C88D-164E-CE6F8C8424AE,1ZN7L4R0H1D00F,1W9DL31001461C,,1ZMLH8300204F0,1W9DL31001461C,,,,,
2023-11-01,11:30:47.03 AM,6m 24.7s,384.7,33.7998639025416,-117.473883380828,81.6,137.7,15.7,1345,3076.4,5.816044,6.94893,-2.23694,2.23694,-5.368656,1.342164,0,0.894776,-1.1,-1.2,1.6,-113.4,246.6,241.2,Tripod,Other,,21,5,True,,True,False,,Smart,RC,False,True,False,,,True,,False,False,False,False,False,False,False,False,False,False,0,Follow Yaw,-77.9,0,-122,238,False,False,False,False,False,,0,0,False,False,No Card,100,100,1024,1339,883,898,2,False,False,False,False,False,0,False,False,False,False,79,,47.052,,7933,,10044,,47.052,,True,3.922,3.922,3.922,3.922,3.922,3.922,3.922,3.922,3.922,3.922,3.922,3.922,0,,False,False,True,,,,,,,,,,,,,,,False,False,19.414,,96.9,,75.7,,96.9,,1481,85,8,20,7,145682.6,19424.35,,Idle,,20,,10,,,20,Go Home,False,False,False,False,False,False,False,False,False,False,False,False,33.8027920380556,-117.4659261431046,2638.1,2972.0,1049.4,396.9,True,1,1,False,False,False,False,,True,False,False,Course Lock,196.8,67,16.4,93,E,SW,3.35,11.4,Calm,False,False,Android,7.0.2,M300 RTK,1ZN7L4R0H1D00F,1W9DL31001461C,1ZMLH8300204F0,1Z6PH74DAP0QN7,"Corona, CA",728.3,5.7,137.7,8.547347,2.013246,0,0,DJI Matrice 300 RTK,M300 RTK,1ZN7L4R0H1D00F,1W9DL31001461C,1ZMLH8300204F0,1Z6PH74DAP0QN7,DJI Pilot,Android,7.0.2,1EF72A62-B7C3-C88D-164E-CE6F8C8424AE,1ZN7L4R0H1D00F,1W9DL31001461C,,1ZMLH8300204F0,1W9DL31001461C,,,,,
2023-11-01,11:30:47.14 AM,6m 24.8s,384.8,33.7998628926497,-117.4738860088603,81.6,137.7,15.7,1345,3077.3,5.816044,6.94893,-2.23694,2.23694,-5.368656,1.342164,0,0.894776,-1.2,-1.2,1.6,-113.6,246.4,245.1,Tripod,Other,,21,5,True,,True,False,,Smart,RC,False,True,False,,,True,,False,False,False,False,False,False,False,False,False,False,0,Follow Yaw,-77.9,0,-122.2,237.8,False,False,False,False,False,,0,0,False,False,No Card,100,100,1024,1339,883,899,2,False,False,False,False,False,0,False,False,False,False,79,,47.052,,7933,,10044,,47.052,,True,3.922,3.922,3.922,3.922,3.922,3.922,3.922,3.922,3.922,3.922,3.922,3.922,0,,False,False,True,,,,,,,,,,,,,,,False,False,19.414,,96.9,,75.7,,96.9,,1481,85,8,20,7,145682.6,19424.35,,Idle,,20,,10,,,20,Go Home,False,False,False,False,False,False,False,False,False,False,False,False,33.8027920380556,-117.4659261431046,2639.0,2972.0,1049.4,396.9,True,1,1,False,False,False,False,,True,False,False,Course Lock,196.8,67,16.4,93,E,SW,3.35,11.4,Calm,False,False,Android,7.0.2,M300 RTK,1ZN7L4R0H1D00F,1W9DL31001461C,1ZMLH8300204F0,1Z6PH74DAP0QN7,"Corona, CA",728.3,5.7,137.7,8.547347,2.013246,0,0,DJI Matrice 300 RTK,M300 RTK,1ZN7L4R0H1D00F,1W9DL31001461C,1ZMLH8300204F0,1Z6PH74DAP0QN7,DJI Pilot,Android,7.0.2,1EF72A62-B7C3-C88D-164E-CE6F8C8424AE,1ZN7L4R0H1D00F,1W9DL31001461C,,1ZMLH8300204F0,1W9DL31001461C,,,,,
2023-11-01,11:30:47.24 AM,6m 24.9s,384.9,33.7998618399936,-117.4738886563958,81.6,137.7,15.7,1345,3078.2,5.905691,6.94893,-2.460634,2.23694,-5.368656,1.342164,0,0.894776,-1.2,-1.4,1.8,-113.9,246.1,244.4,Tripod,Other,,21,5,True,,True,False,,Smart,RC,False,True,False,,,True,,False,False,False,False,False,False,False,False,False,False,0,Follow Yaw,-77.9,0,-122.4,237.6,False,False,False,False,False,,0,0,False,False,No Card,100,100,1024,1336,883,900,2,False,False,False,False,False,0,False,False,False,False,79,,47.052,,7933,,10044,,47.052,,True,3.922,3.922,3.922,3.922,3.922,3.922,3.922,3.922,3.922,3.922,3.922,3.922,0,,False,False,True,,,,,,,,,,,,,,,False,False,19.414,,96.9,,75.7,,96.9,,1481,85,8,20,7,145682.6,19424.35,,Idle,,20,,10,,,20,Go Home,False,False,False,False,False,False,False,False,False,False,False,False,33.8027920380556,-117.4659261431046,2639.9,2972.0,1049.4,396.9,True,1,1,False,False,False,False,,True,False,False,Course Lock,196.8,67,16.4,93,E,SW,3.35,11.4,Calm,False,False,Android,7.0.2,M300 RTK,1ZN7L4R0H1D00F,1W9DL31001461C,1ZMLH8300204F0,1Z6PH74DAP0QN7,"Corona, CA",728.3,5.7,137.7,8.547347,2.013246,0,0,DJI Matrice 300 RTK,M300 RTK,1ZN7L4R0H1D00F,1W9DL31001461C,1ZMLH8300204F0,1Z6PH74DAP0QN7,DJI Pilot,Android,7.0.2,1EF72A62-B7C3-C88D-164E-CE6F8C8424AE,1ZN7L4R0H1D00F,1W9DL31001461C,,1ZMLH8300204F0,1W9DL31001461C,,,,,
2023-11-01,11:30:47.35 AM,6m 25.0s,385.0,33.7998607689709,-117.4738913955101,81.3,137.7,15.7,1345,3079.1,5.7031,6.94893,-2.460634,2.23694,-5.144962,1.342164,0,0.894776,-1.4,-1.6,2.1,-114.3,245.7,244.8,Tripod,Other,,21,5,True,,True,False,,Smart,RC,False,True,False,,,True,,False,False,False,False,False,False,False,False,False,False,0,Follow Yaw,-77.9,0,-122.6,237.4,False,False,False,False,False,,0,0,False,False,No Card,100,100,1024,1335,884,900,2,False,False,False,False,False,0,False,False,False,False,79,,47.052,,3938,,4986,,47.052,,True,3.922,3.922,3.922,3.922,3.922,3.922,3.922,3.922,3.922,3.922,3.922,3.922,0,,False,False,True,,,,,,,,,,,,,,,False,False,9.39,,96.9,,75.7,,96.9,,1481,85,8,20,7,145682.6,19424.35,,Idle,,20,,10,,,20,Go Home,False,False,False,False,False,False,False,False,False,False,False,False,33.8027920380556,-117.4659261431046,2640.8,2972.0,1049.4,396.9,True,1,1,False,False,False,False,,True,False,False,Course Lock,196.8,67,16.4,93,E,SW,3.35,11.4,Calm,False,False,Android,7.0.2,M300 RTK,1ZN7L4R0H1D00F,1W9DL31001461C,1ZMLH8300204F0,1Z6PH74DAP0QN7,"Corona, CA",728.3,5.7,137.7,8.547347,2.013246,0,0,DJI Matrice 300 RTK,M300 RTK,1ZN7L4R0H1D00F,1W9DL31001461C,1ZMLH8300204F0,1Z6PH74DAP0QN7,DJI Pilot,Android,7.0.2,1EF72A62-B7C3-C88D-164E-CE6F8C8424AE,1ZN7L4R0H1D00F,1W9DL31001461C,,1ZMLH8300204F0,1W9DL31001461C,,,,,
2023-11-01,11:30:47.45 AM,6m 25.1s,385.1,33.79985979499,-117.4738939719186,81.3,137.7,15.7,1345,3080.0,5.7031,6.94893,-2.460634,2.23694,-5.144962,1.342164,0,0.894776,-1.5,-1.7,2.2,-114.6,245.4,245.5,Tripod,Other,,21,5,True,,True,False,,Smart,RC,False,True,False,,,True,,False,False,False,False,False,False,False,False,False,False,0,Follow Yaw,-77.9,0,-122.9,237.1,False,False,False,False,False,,0,0,False,False,No Card,100,100,1024,1336,884,900,2,False,False,False,False,False,0,False,False,False,False,79,,47.052,,3938,,4986,,47.052,,True,3.922,3.922,3.922,3.922,3.922,3.922,3.922,3.922,3.922,3.922,3.922,3.922,0,,False,False,True,,,,,,,,,,,,,,,False,False,9.39,,96.9,,75.7,,96.9,,1481,85,8,20,7,145682.6,19424.35,,Idle,,20,,10,,,20,Go Home,False,False,False,False,False,False,False,False,False,False,False,False,33.8027920380556,-117.4659261431046,2641.7,2972.0,1049.4,396.9,True,1,1,False,False,False,False,,True,False,False,Course Lock,196.8,67,16.4,93,E,SW,3.35,11.4,Calm,False,False,Android,7.0.2,M300 RTK,1ZN7L4R0H1D00F,1W9DL31001461C,1ZMLH8300204F0,1Z6PH74DAP0QN7,"Corona, CA",728.3,5.7,137.7,8.547347,2.013246,0,0,DJI Matrice 300 RTK,M300 RTK,1ZN7L4R0H1D00F,1W9DL31001461C,1ZMLH8300204F0,1Z6PH74DAP0QN7,DJI Pilot,Android,7.0.2,1EF72A62-B7C3-C88D-164E-CE6F8C8424AE,1ZN7L4R0H1D00F,1W9DL31001461C,,1ZMLH8300204F0,1W9DL31001461C,,,,,
2023-11-01,11:30:47.54 AM,6m 25.2s,385.2,33.799858751106,-117.473896559831,81.3,137.7,15.7,1345,3080.8,5.7031,6.94893,-2.460634,2.23694,-5.144962,1.342164,0.223694,0.894776,-1.5,-1.7,2.2,-114.8,245.2,244.1,Tripod,Other,,22,5,True,,True,False,,Smart,RC,False,True,False,,,True,,False,False,False,False,False,False,False,False,False,False,0,Follow Yaw,-77.9,0,-123.1,236.9,False,False,False,False,False,,0,0,False,False,No Card,100,100,1024,1335,881,905,2,False,False,False,False,False,0,False,False,False,False,79,,47.052,,3938,,4986,,47.052,,True,3.922,3.922,3.922,3.922,3.922,3.922,3.922,3.922,3.922,3.922,3.922,3.922,0,,False,False,True,,,,,,,,,,,,,,,False,False,9.39,,96.9,,75.7,,96.9,,1481,85,8,20,7,145682.6,19424.35,,Idle,,20,,10,,,20,Go Home,False,False,False,False,False,False,False,False,False,False,False,False,33.8027920380556,-117.4659261431046,2642.5,2972.0,1049.4,396.9,True,1,1,False,False,False,False,,True,False,False,Course Lock,196.8,67,16.4,93,E,SW,3.35,11.4,Calm,False,False,Android,7.0.2,M300 RTK,1ZN7L4R0H1D00F,1W9DL31001461C,1ZMLH8300204F0,1Z6PH74DAP0QN7,"Corona, CA",728.3,5.7,137.7,8.547347,2.013246,0,0,DJI Matrice 300 RTK,M300 RTK,1ZN7L4R0H1D00F,1W9DL31001461C,1ZMLH8300204F0,1Z6PH74DAP0QN7,DJI Pilot,Android,7.0.2,1EF72A62-B7C3-C88D-164E-CE6F8C8424AE,1ZN7L4R0H1D00F,1W9DL31001461C,,1ZMLH8300204F0,1W9DL31001461C,,,,,
2023-11-01,11:30:47.65 AM,6m 25.3s,385.3,33.7998578637499,-117.4738992736694,81.3,137.7,15.7,1345,3081.7,5.7031,6.94893,-2.460634,2.23694,-5.144962,1.342164,0.223694,0.894776,-1.5,-1.6,2.1,-115,245,248.5,Tripod,Other,,22,5,True,,True,False,,Smart,RC,False,True,False,,,True,,False,False,False,False,False,False,False,False,False,False,0,Follow Yaw,-77.9,0,-123.3,236.7,False,False,False,False,False,,0,0,False,False,No Card,100,100,1024,1335,882,905,2,False,False,False,False,False,0,False,False,False,False,79,,47.052,,3938,,4986,,47.052,,True,3.923,3.923,3.923,3.923,3.923,3.923,3.923,3.923,3.923,3.923,3.923,3.923,0,,False,False,True,,,,,,,,,,,,,,,False,False,9.39,,96.9,,75.7,,96.9,,1480,85,8,20,7,145579.5,19410.61,,Idle,,20,,10,,,20,Go Home,False,False,False,False,False,False,False,False,False,False,False,False,33.8027920380556,-117.4659261431046,2643.4,2972.0,1049.4,396.9,True,1,1,False,False,False,False,,True,False,False,Course Lock,196.8,67,16.4,93,E,SW,3.35,11.4,Calm,False,False,Android,7.0.2,M300 RTK,1ZN7L4R0H1D00F,1W9DL31001461C,1ZMLH8300204F0,1Z6PH74DAP0QN7,"Corona, CA",728.3,5.7,137.7,8.547347,2.013246,0,0,DJI Matrice 300 RTK,M300 RTK,1ZN7L4R0H1D00F,1W9DL31001461C,1ZMLH8300204F0,1Z6PH74DAP0QN7,DJI Pilot,Android,7.0.2,1EF72A62-B7C3-C88D-164E-CE6F8C8424AE,1ZN7L4R0H1D00F,1W9DL31001461C,,1ZMLH8300204F0,1W9DL31001461C,,,,,
2023-11-01,11:30:47.76 AM,6m 25.4s,385.4,33.7998568080784,-117.4739018415838,81.3,137.7,15.7,1345,3082.6,5.7031,6.94893,-2.460634,2.23694,-5.144962,1.342164,0,0.894776,-1.6,-1.4,2.1,-115.2,244.8,243.6,Tripod,Other,,22,5,True,,True,False,,Smart,RC,False,True,False,,,True,,False,False,False,False,False,False,False,False,False,False,0,Follow Yaw,-77.9,0,-123.5,236.5,False,False,False,False,False,,0,0,False,False,No Card,100,100,1024,1335,879,904,2,False,False,False,False,False,0,False,False,False,False,79,,47.052,,3938,,4986,,47.052,,True,3.923,3.923,3.923,3.923,3.923,3.923,3.923,3.923,3.923,3.923,3.923,3.923,0,,False,False,True,,,,,,,,,,,,,,,False,False,9.39,,96.9,,75.7,,96.9,,1480,85,8,20,7,145579.5,19410.61,,Idle,,20,,10,,,20,Go Home,False,False,False,False,False,False,False,False,False,False,False,False,33.8027920380556,-117.4659261431046,2644.3,2972.0,1049.4,396.9,True,1,1,False,False,False,False,,True,False,False,Course Lock,196.8,67,16.4,93,E,SW,3.35,11.4,Calm,False,False,Android,7.0.2,M300 RTK,1ZN7L4R0H1D00F,1W9DL31001461C,1ZMLH8300204F0,1Z6PH74DAP0QN7,"Corona, CA",728.3,5.7,137.7,8.547347,2.013246,0,0,DJI Matrice 300 RTK,M300 RTK,1ZN7L4R0H1D00F,1W9DL31001461C,1ZMLH8300204F0,1Z6PH74DAP0QN7,DJI Pilot,Android,7.0.2,1EF72A62-B7C3-C88D-164E-CE6F8C8424AE,1ZN7L4R0H1D00F,1W9DL31001461C,,1ZMLH8300204F0,1W9DL31001461C,,,,,
2023-11-01,11:30:47.86 AM,6m 25.5s,385.5,33.7998555879294,-117.4739042377625,81.3,137.7,15.7,1345,3083.4,5.7031,6.94893,-2.460634,2.23694,-5.144962,1.342164,0,0.894776,-1.9,-1.1,2.1,-115.4,244.6,238.5,Tripod,Other,,22,5,True,,True,False,,Smart,RC,False,True,False,,,True,,False,False,False,False,False,False,False,False,False,False,0,Follow Yaw,-77.9,0,-123.7,236.3,False,False,False,False,False,,0,0,False,False,No Card,100,100,1024,1336,873,902,2,False,False,False,False,False,0,False,False,False,False,79,,47.052,,3938,,4986,,47.052,,True,3.923,3.923,3.923,3.923,3.923,3.923,3.923,3.923,3.923,3.923,3.923,3.923,0,,False,False,True,,,,,,,,,,,,,,,False,False,9.39,,96.9,,75.7,,96.9,,1480,85,8,20,7,145579.5,19410.61,,Idle,,20,,10,,,20,Go Home,False,False,False,False,False,False,False,False,False,False,False,False,33.8027920380556,-117.4659261431046,2645.1,2972.0,1049.4,396.9,True,1,1,False,False,False,False,,True,False,False,Course Lock,196.8,67,16.4,93,E,SW,3.35,11.4,Calm,False,False,Android,7.0.2,M300 RTK,1ZN7L4R0H1D00F,1W9DL31001461C,1ZMLH8300204F0,1Z6PH74DAP0QN7,"Corona, CA",728.3,5.7,137.7,8.547347,2.013246,0,0,DJI Matrice 300 RTK,M300 RTK,1ZN7L4R0H1D00F,1W9DL31001461C,1ZMLH8300204F0,1Z6PH74DAP0QN7,DJI Pilot,Android,7.0.2,1EF72A62-B7C3-C88D-164E-CE6F8C8424AE,1ZN7L4R0H1D00F,1W9DL31001461C,,1ZMLH8300204F0,1W9DL31001461C,,,,,
2023-11-01,11:30:47.96 AM,6m 25.6s,385.6,33.7998545023779,-117.4739067691856,81.3,137.7,15.7,1345,3084.3,5.7031,6.94893,-2.460634,2.23694,-5.144962,1.342164,0,0.894776,-2.1,-0.9,2.2,-115.6,244.4,242.7,Tripod,Other,,22,5,True,,True,False,,Smart,RC,False,True,False,,,True,,False,False,False,False,False,False,False,False,False,False,0,Follow Yaw,-77.9,0,-123.9,236.1,False,False,False,False,False,,0,0,False,False,No Card,100,100,1024,1341,865,902,2,False,False,False,False,False,0,False,False,False,False,79,,47.052,,3938,,4986,,47.052,,True,3.923,3.923,3.923,3.923,3.923,3.923,3.923,3.923,3.923,3.923,3.923,3.923,0,,False,False,True,,,,,,,,,,,,,,,False,False,9.39,,96.9,,75.7,,96.9,,1480,85,8,20,7,145579.5,19410.61,,Idle,,20,,10,,,20,Go Home,False,False,False,False,False,False,False,False,False,False,False,False,33.8027920380556,-117.4659261431046,2646.0,2972.0,1049.4,396.9,True,1,1,False,False,False,False,,True,False,False,Course Lock,196.8,67,16.4,93,E,SW,3.35,11.4,Calm,False,False,Android,7.0.2,M300 RTK,1ZN7L4R0H1D00F,1W9DL31001461C,1ZMLH8300204F0,1Z6PH74DAP0QN7,"Corona, CA",728.3,5.7,137.7,8.547347,2.013246,0,0,DJI Matrice 300 RTK,M300 RTK,1ZN7L4R0H1D00F,1W9DL31001461C,1ZMLH8300204F0,1Z6PH74DAP0QN7,DJI Pilot,Android,7.0.2,1EF72A62-B7C3-C88D-164E-CE6F8C8424AE,1ZN7L4R0H1D00F,1W9DL31001461C,,1ZMLH8300204F0,1W9DL31001461C,,,,,
2023-11-01,11:30:48.06 AM,6m 25.7s,385.7,33.7998535355242,-117.4739092935167,81.3,137.7,15.7,1345,3085.1,5.7031,6.94893,-2.460634,2.23694,-5.144962,1.342164,0,0.894776,-1.9,-0.8,2,-115.7,244.3,245.2,Tripod,Other,,22,5,True,,True,False,,Smart,RC,False,True,False,,,True,,False,False,False,False,False,False,False,False,False,False,0,Follow Yaw,-77.9,0,-124.2,235.8,False,False,False,False,False,,0,0,False,False,No Card,100,100,1024,1341,862,906,2,False,False,False,False,False,0,False,False,False,False,79,,47.052,,3938,,4986,,47.052,,True,3.923,3.923,3.923,3.923,3.923,3.923,3.923,3.923,3.923,3.923,3.923,3.923,0,,False,False,True,,,,,,,,,,,,,,,False,False,9.39,,96.9,,75.7,,96.9,,1480,85,8,20,7,145579.5,19410.61,,Idle,,20,,10,,,20,Go Home,False,False,False,False,False,False,False,False,False,False,False,False,33.8027920380556,-117.4659261431046,2646.8,2972.0,1049.4,396.9,True,1,1,False,False,False,False,,True,False,False,Course Lock,196.8,67,16.4,93,E,SW,3.35,11.4,Calm,False,False,Android,7.0.2,M300 RTK,1ZN7L4R0H1D00F,1W9DL31001461C,1ZMLH8300204F0,1Z6PH74DAP0QN7,"Corona, CA",728.3,5.7,137.7,8.547347,2.013246,0,0,DJI Matrice 300 RTK,M300 RTK,1ZN7L4R0H1D00F,1W9DL31001461C,1ZMLH8300204F0,1Z6PH74DAP0QN7,DJI Pilot,Android,7.0.2,1EF72A62-B7C3-C88D-164E-CE6F8C8424AE,1ZN7L4R0H1D00F,1W9DL31001461C,,1ZMLH8300204F0,1W9DL31001461C,,,,,
2023-11-01,11:30:48.17 AM,6m 25.8s,385.8,33.7998524494244,-117.4739118216825,81.3,137.7,15.7,1345,3086.0,5.7031,6.94893,-2.460634,2.23694,-5.144962,1.342164,0,0.894776,-1.5,-0.8,1.7,-115.8,244.2,242.6,Tripod,Other,,23,5,True,,True,False,,Smart,RC,False,True,False,,,True,,False,False,False,False,False,False,False,False,False,False,0,Follow Yaw,-77.9,0,-124.4,235.6,False,False,False,False,False,,0,0,False,False,No Card,100,100,1024,1337,853,918,2,False,False,False,False,False,0,False,False,False,False,79,,47.052,,3938,,4986,,47.052,,True,3.923,3.923,3.923,3.923,3.923,3.923,3.923,3.923,3.923,3.923,3.923,3.923,0,,False,False,True,,,,,,,,,,,,,,,False,False,9.39,,96.9,,75.7,,96.9,,1480,85,8,20,7,145579.5,19410.61,,Idle,,20,,10,,,20,Go Home,False,False,False,False,False,False,False,False,False,False,False,False,33.8027920380556,-117.4659261431046,2647.7,2972.0,1049.4,396.9,True,1,1,False,False,False,False,,True,False,False,Course Lock,196.8,67,16.4,93,E,SW,3.35,11.4,Calm,False,False,Android,7.0.2,M300 RTK,1ZN7L4R0H1D00F,1W9DL31001461C,1ZMLH8300204F0,1Z6PH74DAP0QN7,"Corona, CA",728.3,5.7,137.7,8.547347,2.013246,0,0,DJI Matrice 300 RTK,M300 RTK,1ZN7L4R0H1D00F,1W9DL31001461C,1ZMLH8300204F0,1Z6PH74DAP0QN7,DJI Pilot,Android,7.0.2,1EF72A62-B7C3-C88D-164E-CE6F8C8424AE,1ZN7L4R0H1D00F,1W9DL31001461C,,1ZMLH8300204F0,1W9DL31001461C,,,,,
2023-11-01,11:30:48.27 AM,6m 25.9s,385.9,33.799851275055,-117.473914224211,81.3,137.7,15.7,1345,3086.8,5.7031,6.94893,-2.460634,2.23694,-5.144962,1.342164,0,0.894776,-1.3,-1.1,1.7,-115.9,244.1,239.5,Tripod,Other,,23,5,True,,True,False,,Smart,RC,False,True,False,,,True,,False,False,False,False,False,False,False,False,False,False,0,Follow Yaw,-77.9,0,-124.6,235.4,False,False,False,False,False,,0,0,False,False,No Card,100,100,1024,1338,853,916,2,False,False,False,False,False,0,False,False,False,False,79,,47.052,,3938,,4986,,47.052,,True,3.923,3.923,3.923,3.923,3.923,3.923,3.923,3.923,3.923,3.923,3.923,3.923,0,,False,False,True,,,,,,,,,,,,,,,False,False,9.39,,96.9,,75.7,,96.9,,1480,85,8,20,7,145579.5,19410.61,,Idle,,20,,10,,,20,Go Home,False,False,False,False,False,False,False,False,False,False,False,False,33.8027920380556,-117.4659261431046,2648.5,2972.0,1049.4,396.9,True,1,1,False,False,False,False,,True,False,False,Course Lock,196.8,67,16.4,93,E,SW,3.35,11.4,Calm,False,False,Android,7.0.2,M300 RTK,1ZN7L4R0H1D00F,1W9DL31001461C,1ZMLH8300204F0,1Z6PH74DAP0QN7,"Corona, CA",728.3,5.7,137.7,8.547347,2.013246,0,0,DJI Matrice 300 RTK,M300 RTK,1ZN7L4R0H1D00F,1W9DL31001461C,1ZMLH8300204F0,1Z6PH74DAP0QN7,DJI Pilot,Android,7.0.2,1EF72A62-B7C3-C88D-164E-CE6F8C8424AE,1ZN7L4R0H1D00F,1W9DL31001461C,,1ZMLH8300204F0,1W9DL31001461C,,,,,
2023-11-01,11:30:48.37 AM,6m 26.0s,386.0,33.7998502454258,-117.4739165875681,81.3,137.7,16.0,1345,3087.7,5.502144,6.94893,-2.460634,2.23694,-4.921268,1.342164,0,0.894776,-1.3,-1.3,1.8,-116.1,243.9,242.3,Tripod,Other,,23,5,True,,True,False,,Smart,RC,False,True,False,,,True,,False,False,False,False,False,False,False,False,False,False,0,Follow Yaw,-77.9,0,-124.7,235.3,False,False,False,False,False,,0,0,False,False,No Card,100,100,1024,1337,854,915,2,False,False,False,False,False,0,False,False,False,False,79,,47.088,,7933,,10044,,47.088,,True,3.923,3.923,3.923,3.923,3.923,3.923,3.923,3.923,3.923,3.923,3.923,3.923,0,,False,False,True,,,,,,,,,,,,,,,False,False,18.886,,97.1,,75.7,,97.1,,1480,85,8,20,7,145579.5,19410.61,,Idle,,20,,10,,,20,Go Home,False,False,False,False,False,False,False,False,False,False,False,False,33.8027920380556,-117.4659261431046,2649.3,2972.0,1049.4,396.9,True,1,1,False,False,False,False,,True,False,False,Course Lock,196.8,67,16.4,93,E,SW,3.35,11.4,Calm,False,False,Android,7.0.2,M300 RTK,1ZN7L4R0H1D00F,1W9DL31001461C,1ZMLH8300204F0,1Z6PH74DAP0QN7,"Corona, CA",728.3,5.7,137.7,8.547347,2.013246,0,0,DJI Matrice 300 RTK,M300 RTK,1ZN7L4R0H1D00F,1W9DL31001461C,1ZMLH8300204F0,1Z6PH74DAP0QN7,DJI Pilot,Android,7.0.2,1EF72A62-B7C3-C88D-164E-CE6F8C8424AE,1ZN7L4R0H1D00F,1W9DL31001461C,,1ZMLH8300204F0,1W9DL31001461C,,,,,
2023-11-01,11:30:48.47 AM,6m 26.1s,386.1,33.799849170017,-117.4739193388461,81.3,137.7,16.0,1345,3088.6,5.502144,6.94893,-2.460634,2.23694,-4.921268,1.342164,0,0.894776,-1.4,-1.1,1.7,-116.3,243.7,244.8,Tripod,Other,,23,5,True,,True,False,,Smart,RC,False,True,False,,,True,,False,False,False,False,False,False,False,False,False,False,0,Follow Yaw,-77.9,0,-124.9,235.1,False,False,False,False,False,,0,0,False,False,No Card,100,100,1024,1338,854,912,2,False,False,False,False,False,0,False,False,False,False,79,,47.088,,7933,,10044,,47.088,,True,3.923,3.923,3.923,3.923,3.923,3.923,3.923,3.923,3.923,3.923,3.923,3.923,0,,False,False,True,,,,,,,,,,,,,,,False,False,18.886,,97.1,,75.7,,97.1,,1480,85,8,20,7,145579.5,19410.61,,Idle,,20,,10,,,20,Go Home,False,False,False,False,False,False,False,False,False,False,False,False,33.8027920380556,-117.4659261431046,2650.3,2972.0,1049.4,396.9,True,1,1,False,False,False,False,,True,False,False,Course Lock,196.8,67,16.4,93,E,SW,3.35,11.4,Calm,False,False,Android,7.0.2,M300 RTK,1ZN7L4R0H1D00F,1W9DL31001461C,1ZMLH8300204F0,1Z6PH74DAP0QN7,"Corona, CA",728.3,5.7,137.7,8.547347,2.013246,0,0,DJI Matrice 300 RTK,M300 RTK,1ZN7L4R0H1D00F,1W9DL31001461C,1ZMLH8300204F0,1Z6PH74DAP0QN7,DJI Pilot,Android,7.0.2,1EF72A62-B7C3-C88D-164E-CE6F8C8424AE,1ZN7L4R0H1D00F,1W9DL31001461C,,1ZMLH8300204F0,1W9DL31001461C,,,,,
2023-11-01,11:30:48.57 AM,6m 26.2s,386.2,33.7998480921411,-117.4739218235522,81.0,137.7,16.0,1345,3089.4,5.502144,6.94893,-2.460634,2.23694,-4.921268,1.342164,0,0.894776,-1.6,-0.9,1.8,-116.5,243.5,242.4,Tripod,Other,,23,5,True,,True,False,,Smart,RC,False,True,False,,,True,,False,False,False,False,False,False,False,False,False,False,0,Follow Yaw,-77.9,0,-125.1,234.9,False,False,False,False,False,,0,0,False,False,No Card,100,100,1024,1338,859,909,2,False,False,False,False,False,0,False,False,False,False,79,,47.088,,7933,,10044,,47.088,,True,3.923,3.923,3.923,3.923,3.923,3.923,3.923,3.923,3.923,3.923,3.923,3.923,0,,False,False,True,,,,,,,,,,,,,,,False,False,18.886,,97.1,,75.7,,97.1,,1480,85,8,20,7,145579.5,19410.61,,Idle,,20,,10,,,20,Go Home,False,False,False,False,False,False,False,False,False,False,False,False,33.8027920380556,-117.4659261431046,2651.1,2972.0,1049.4,396.9,True,1,1,False,False,False,False,,True,False,False,Course Lock,196.8,67,16.4,93,E,SW,3.35,11.4,Calm,False,False,Android,7.0.2,M300 RTK,1ZN7L4R0H1D00F,1W9DL31001461C,1ZMLH8300204F0,1Z6PH74DAP0QN7,"Corona, CA",728.3,5.7,137.7,8.547347,2.013246,0,0,DJI Matrice 300 RTK,M300 RTK,1ZN7L4R0H1D00F,1W9DL31001461C,1ZMLH8300204F0,1Z6PH74DAP0QN7,DJI Pilot,Android,7.0.2,1EF72A62-B7C3-C88D-164E-CE6F8C8424AE,1ZN7L4R0H1D00F,1W9DL31001461C,,1ZMLH8300204F0,1W9DL31001461C,,,,,
2023-11-01,11:30:48.68 AM,6m 26.3s,386.3,33.799847052095,-117.4739241520672,81.0,137.7,16.0,1345,3090.2,5.502144,6.94893,-2.460634,2.23694,-4.921268,1.342164,0.223694,0.894776,-1.6,-0.8,1.7,-116.8,243.2,241.7,Tripod,Other,,23,5,True,,True,False,,Smart,RC,False,True,False,,,True,,False,False,False,False,False,False,False,False,False,False,0,Follow Yaw,-77.9,0,-125.3,234.7,False,False,False,False,False,,0,0,False,False,No Card,100,100,1024,1338,856,897,2,False,False,False,False,False,0,False,False,False,False,79,,47.088,,7933,,10044,,47.088,,True,3.924,3.924,3.924,3.924,3.924,3.924,3.924,3.924,3.924,3.924,3.924,3.924,0,,False,False,True,,,,,,,,,,,,,,,False,False,18.886,,97.1,,75.7,,97.1,,1479,85,8,20,7,145436.0,19391.46,,Idle,,20,,10,,,20,Go Home,False,False,False,False,False,False,False,False,False,False,False,False,33.8027920380556,-117.4659261431046,2651.9,2972.0,1049.4,396.9,True,1,1,False,False,False,False,,True,False,False,Course Lock,196.8,67,16.4,93,E,SW,3.13,11.4,Calm,False,False,Android,7.0.2,M300 RTK,1ZN7L4R0H1D00F,1W9DL31001461C,1ZMLH8300204F0,1Z6PH74DAP0QN7,"Corona, CA",728.3,5.7,137.7,8.547347,2.013246,0,0,DJI Matrice 300 RTK,M300 RTK,1ZN7L4R0H1D00F,1W9DL31001461C,1ZMLH8300204F0,1Z6PH74DAP0QN7,DJI Pilot,Android,7.0.2,1EF72A62-B7C3-C88D-164E-CE6F8C8424AE,1ZN7L4R0H1D00F,1W9DL31001461C,,1ZMLH8300204F0,1W9DL31001461C,,,,,
2023-11-01,11:30:48.74 AM,6m 26.4s,386.4,33.7998459775086,-117.4739266023849,81.0,137.7,16.0,1345,3091.1,5.502144,6.94893,-2.460634,2.23694,-4.921268,1.342164,0.223694,0.894776,-1.6,-1.1,1.9,-117,243,242.1,Tripod,Other,,23,5,True,,True,False,,Smart,RC,False,True,False,,,True,,False,False,False,False,False,False,False,False,False,False,0,Follow Yaw,-77.9,0,-125.5,234.5,False,False,False,False,False,,0,0,False,False,No Card,100,100,1024,1338,851,866,2,False,False,False,False,False,0,False,False,False,False,79,,47.088,,7933,,10044,,47.088,,True,3.924,3.924,3.924,3.924,3.924,3.924,3.924,3.924,3.924,3.924,3.924,3.924,0,,False,False,True,,,,,,,,,,,,,,,False,False,18.886,,97.1,,75.7,,97.1,,1479,85,8,20,7,145436.0,19391.46,,Idle,,20,,10,,,20,Go Home,False,False,False,False,False,False,False,False,False,False,False,False,33.8027920380556,-117.4659261431046,2652.7,2972.0,1049.4,396.9,True,1,1,False,False,False,False,,True,False,False,Course Lock,196.8,67,16.4,93,E,SW,3.13,11.4,Calm,False,False,Android,7.0.2,M300 RTK,1ZN7L4R0H1D00F,1W9DL31001461C,1ZMLH8300204F0,1Z6PH74DAP0QN7,"Corona, CA",728.3,5.7,137.7,8.547347,2.013246,0,0,DJI Matrice 300 RTK,M300 RTK,1ZN7L4R0H1D00F,1W9DL31001461C,1ZMLH8300204F0,1Z6PH74DAP0QN7,DJI Pilot,Android,7.0.2,1EF72A62-B7C3-C88D-164E-CE6F8C8424AE,1ZN7L4R0H1D00F,1W9DL31001461C,,1ZMLH8300204F0,1W9DL31001461C,,,,,
2023-11-01,11:30:48.84 AM,6m 26.5s,386.5,33.7998448056063,-117.4739290160876,81.0,137.7,15.7,1345,3091.9,5.502144,6.94893,-2.460634,2.23694,-4.921268,1.342164,0.223694,0.894776,-1.7,-1.3,2.1,-117.2,242.8,239.7,Tripod,Other,,23,5,True,,True,False,,Smart,RC,False,True,False,,,True,,False,False,False,False,False,False,False,False,False,False,0,Follow Yaw,-77.9,0,-125.8,234.2,False,False,False,False,False,,0,0,False,False,No Card,100,100,1024,1337,845,838,2,False,False,False,False,False,0,False,False,False,False,79,,47.088,,7933,,10044,,47.088,,True,3.924,3.924,3.924,3.924,3.924,3.924,3.924,3.924,3.924,3.924,3.924,3.924,0,,False,False,True,,,,,,,,,,,,,,,False,False,18.886,,97.1,,75.7,,97.1,,1479,85,8,20,7,145436.0,19391.46,,Idle,,20,,10,,,20,Go Home,False,False,False,False,False,False,False,False,False,False,False,False,33.8027920380556,-117.4659261431046,2653.6,2972.0,1049.4,396.9,True,1,1,False,False,False,False,,True,False,False,Course Lock,196.8,67,16.4,93,E,SW,3.13,11.4,Calm,False,False,Android,7.0.2,M300 RTK,1ZN7L4R0H1D00F,1W9DL31001461C,1ZMLH8300204F0,1Z6PH74DAP0QN7,"Corona, CA",728.3,5.7,137.7,8.547347,2.013246,0,0,DJI Matrice 300 RTK,M300 RTK,1ZN7L4R0H1D00F,1W9DL31001461C,1ZMLH8300204F0,1Z6PH74DAP0QN7,DJI Pilot,Android,7.0.2,1EF72A62-B7C3-C88D-164E-CE6F8C8424AE,1ZN7L4R0H1D00F,1W9DL31001461C,,1ZMLH8300204F0,1W9DL31001461C,,,,,
2023-11-01,11:30:48.94 AM,6m 26.6s,386.6,33.799843716217,-117.4739314436446,81.0,137.7,15.7,1345,3092.8,5.605755,6.94893,-2.684328,2.23694,-4.921268,1.342164,0.223694,0.894776,-1.8,-1.4,2.2,-117.4,242.6,241.6,Tripod,Other,,23,5,True,,True,False,,Smart,RC,False,True,False,,,True,,False,False,False,False,False,False,False,False,False,False,0,Follow Yaw,-77.9,0,-126.1,233.9,False,False,False,False,False,,0,0,False,False,No Card,100,100,1024,1337,848,838,2,False,False,False,False,False,0,False,False,False,False,79,,47.088,,7933,,10044,,47.088,,True,3.924,3.924,3.924,3.924,3.924,3.924,3.924,3.924,3.924,3.924,3.924,3.924,0,,False,False,True,,,,,,,,,,,,,,,False,False,18.886,,97.1,,75.7,,97.1,,1479,85,8,20,7,145436.0,19391.46,,Idle,,20,,10,,,20,Go Home,False,False,False,False,False,False,False,False,False,False,False,False,33.8027920380556,-117.4659261431046,2654.4,2972.0,1049.4,396.9,True,1,1,False,False,False,False,,True,False,False,Course Lock,196.8,67,16.4,93,E,SW,3.13,11.4,Calm,False,False,Android,7.0.2,M300 RTK,1ZN7L4R0H1D00F,1W9DL31001461C,1ZMLH8300204F0,1Z6PH74DAP0QN7,"Corona, CA",728.3,5.7,137.7,8.547347,2.013246,0,0,DJI Matrice 300 RTK,M300 RTK,1ZN7L4R0H1D00F,1W9DL31001461C,1ZMLH8300204F0,1Z6PH74DAP0QN7,DJI Pilot,Android,7.0.2,1EF72A62-B7C3-C88D-164E-CE6F8C8424AE,1ZN7L4R0H1D00F,1W9DL31001461C,,1ZMLH8300204F0,1W9DL31001461C,,,,,
2023-11-01,11:30:49.04 AM,6m 26.7s,386.7,33.799842621345,-117.4739341027254,81.0,137.7,15.7,1345,3093.7,5.605755,6.94893,-2.684328,2.23694,-4.921268,1.342164,0.223694,0.894776,-2.2,-1.8,2.8,-117.7,242.3,243.6,Tripod,Other,,23,5,True,,True,False,,Smart,RC,False,True,False,,,True,,False,False,False,False,False,False,False,False,False,False,0,Follow Yaw,-77.9,0,-126.5,233.5,False,False,False,False,False,,0,0,False,False,No Card,100,100,1024,1337,862,845,2,False,False,False,False,False,0,False,False,False,False,79,,47.076,,3938,,4986,,47.076,,True,3.924,3.924,3.924,3.924,3.924,3.924,3.924,3.924,3.924,3.924,3.924,3.924,0,,False,False,True,,,,,,,,,,,,,,,False,False,9.464,,97.1,,75.7,,97.1,,1479,85,8,20,7,145436.0,19391.46,,Idle,,20,,10,,,20,Go Home,False,False,False,False,False,False,False,False,False,False,False,False,33.8027920380556,-117.4659261431046,2655.3,2972.0,1049.4,396.9,True,1,1,False,False,False,False,,True,False,False,Course Lock,196.8,67,16.4,93,E,SW,3.13,11.4,Calm,False,False,Android,7.0.2,M300 RTK,1ZN7L4R0H1D00F,1W9DL31001461C,1ZMLH8300204F0,1Z6PH74DAP0QN7,"Corona, CA",728.3,5.7,137.7,8.547347,2.013246,0,0,DJI Matrice 300 RTK,M300 RTK,1ZN7L4R0H1D00F,1W9DL31001461C,1ZMLH8300204F0,1Z6PH74DAP0QN7,DJI Pilot,Android,7.0.2,1EF72A62-B7C3-C88D-164E-CE6F8C8424AE,1ZN7L4R0H1D00F,1W9DL31001461C,,1ZMLH8300204F0,1W9DL31001461C,,,,,
2023-11-01,11:30:49.14 AM,6m 26.8s,386.8,33.799841505091,-117.4739365216235,81.0,137.7,15.7,1345,3094.5,5.605755,6.94893,-2.684328,2.23694,-4.921268,1.342164,0.223694,0.894776,-2.5,-2.1,3.2,-118.1,241.9,240.9,Tripod,Other,,23,5,True,,True,False,,Smart,RC,False,True,False,,,True,,False,False,False,False,False,False,False,False,False,False,0,Follow Yaw,-77.9,0,-126.9,233.1,False,False,False,False,False,,0,0,False,False,No Card,100,100,1024,1336,865,857,2,False,False,False,False,False,0,False,False,False,False,79,,47.076,,3938,,4986,,47.076,,True,3.924,3.924,3.924,3.924,3.924,3.924,3.924,3.924,3.924,3.924,3.924,3.924,0,,False,False,True,,,,,,,,,,,,,,,False,False,9.464,,97.1,,75.7,,97.1,,1479,85,8,20,7,145436.0,19391.46,,Idle,,20,,10,,,20,Go Home,False,False,False,False,False,False,False,False,False,False,False,False,33.8027920380556,-117.4659261431046,2656.2,2972.0,1049.4,396.9,True,1,1,False,False,False,False,,True,False,False,Course Lock,196.8,67,16.4,93,E,SW,3.13,11.4,Calm,False,False,Android,7.0.2,M300 RTK,1ZN7L4R0H1D00F,1W9DL31001461C,1ZMLH8300204F0,1Z6PH74DAP0QN7,"Corona, CA",728.3,5.7,137.7,8.547347,2.013246,0,0,DJI Matrice 300 RTK,M300 RTK,1ZN7L4R0H1D00F,1W9DL31001461C,1ZMLH8300204F0,1Z6PH74DAP0QN7,DJI Pilot,Android,7.0.2,1EF72A62-B7C3-C88D-164E-CE6F8C8424AE,1ZN7L4R0H1D00F,1W9DL31001461C,,1ZMLH8300204F0,1W9DL31001461C,,,,,
2023-11-01,11:30:49.24 AM,6m 26.9s,386.9,33.7998404867011,-117.4739387433861,81.0,137.7,15.7,1345,3095.3,5.410436,6.94893,-2.684328,2.23694,-4.697574,1.342164,0.223694,0.894776,-2.6,-2.1,3.3,-118.5,241.5,241.1,Tripod,Other,,23,5,True,,True,False,,Smart,RC,False,True,False,,,True,,False,False,False,False,False,False,False,False,False,False,0,Follow Yaw,-77.9,0,-127.3,232.7,False,False,False,False,False,,0,0,False,False,No Card,100,100,1024,1336,865,860,2,False,False,False,False,False,0,False,False,False,False,79,,47.076,,3938,,4986,,47.076,,True,3.924,3.924,3.924,3.924,3.924,3.924,3.924,3.924,3.924,3.924,3.924,3.924,0,,False,False,True,,,,,,,,,,,,,,,False,False,9.464,,97.1,,75.7,,97.1,,1479,85,8,20,7,145436.0,19391.46,,Idle,,20,,10,,,20,Go Home,False,False,False,False,False,False,False,False,False,False,False,False,33.8027920380556,-117.4659261431046,2656.9,2972.0,1049.4,396.9,True,1,1,False,False,False,False,,True,False,False,Course Lock,196.8,67,16.4,93,E,SW,3.13,11.4,Calm,False,False,Android,7.0.2,M300 RTK,1ZN7L4R0H1D00F,1W9DL31001461C,1ZMLH8300204F0,1Z6PH74DAP0QN7,"Corona, CA",728.3,5.7,137.7,8.547347,2.013246,0,0,DJI Matrice 300 RTK,M300 RTK,1ZN7L4R0H1D00F,1W9DL31001461C,1ZMLH8300204F0,1Z6PH74DAP0QN7,DJI Pilot,Android,7.0.2,1EF72A62-B7C3-C88D-164E-CE6F8C8424AE,1ZN7L4R0H1D00F,1W9DL31001461C,,1ZMLH8300204F0,1W9DL31001461C,,,,,
2023-11-01,11:30:49.34 AM,6m 27.0s,387.0,33.7998393836053,-117.4739409893114,80.7,137.7,15.7,1344,3096.1,5.524834,6.94893,-2.908022,2.23694,-4.697574,1.342164,0.223694,0.894776,-2.5,-1.9,3.1,-118.8,241.2,239.4,Tripod,Other,,23,5,True,,True,False,,Smart,RC,False,True,False,,,True,,False,False,False,False,False,False,False,False,False,False,0,Follow Yaw,-77.9,0,-127.7,232.3,False,False,False,False,False,,0,0,False,False,No Card,100,100,1024,1336,864,864,2,False,False,False,False,False,0,False,False,False,False,79,,47.1,,7933,,10044,,47.1,,True,3.924,3.924,3.924,3.924,3.924,3.924,3.924,3.924,3.924,3.924,3.924,3.924,0,,False,False,True,,,,,,,,,,,,,,,False,False,19.052,,97.1,,75.7,,97.1,,1479,85,8,20,7,145436.0,19391.46,,Idle,,20,,10,,,20,Go Home,False,False,False,False,False,False,False,False,False,False,False,False,33.8027920380556,-117.4659261431046,2657.7,2972.0,1049.4,396.9,True,1,1,False,False,False,False,,True,False,False,Course Lock,196.8,67,16.4,93,E,SW,3.13,11.4,Calm,False,False,Android,7.0.2,M300 RTK,1ZN7L4R0H1D00F,1W9DL31001461C,1ZMLH8300204F0,1Z6PH74DAP0QN7,"Corona, CA",728.3,5.7,137.7,8.547347,2.013246,0,0,DJI Matrice 300 RTK,M300 RTK,1ZN7L4R0H1D00F,1W9DL31001461C,1ZMLH8300204F0,1Z6PH74DAP0QN7,DJI Pilot,Android,7.0.2,1EF72A62-B7C3-C88D-164E-CE6F8C8424AE,1ZN7L4R0H1D00F,1W9DL31001461C,,1ZMLH8300204F0,1W9DL31001461C,,,,,
2023-11-01,11:30:49.44 AM,6m 27.1s,387.1,33.7998380335191,-117.4739435683587,80.7,137.7,15.7,1344,3097.0,5.524834,6.94893,-2.908022,2.23694,-4.697574,1.342164,0.223694,0.894776,-2.2,-1.7,2.7,-119.1,240.9,237.7,Tripod,Other,,23,5,True,,True,False,,Smart,RC,False,True,False,,,True,,False,False,False,False,False,False,False,False,False,False,0,Follow Yaw,-77.9,0,-128,232,False,False,False,False,False,,0,0,False,False,No Card,100,100,1024,1336,864,867,2,False,False,False,False,False,0,False,False,False,False,79,,47.1,,7933,,10044,,47.1,,True,3.924,3.924,3.924,3.924,3.924,3.924,3.924,3.924,3.924,3.924,3.924,3.924,0,,False,False,True,,,,,,,,,,,,,,,False,False,19.052,,97.1,,75.7,,97.1,,1479,85,8,20,7,145436.0,19391.46,,Idle,,20,,10,,,20,Go Home,False,False,False,False,False,False,False,False,False,False,False,False,33.8027920380556,-117.4659261431046,2658.6,2972.0,1049.4,396.9,True,1,1,False,False,False,False,,True,False,False,Course Lock,196.8,67,16.4,93,E,SW,3.13,11.4,Calm,False,False,Android,7.0.2,M300 RTK,1ZN7L4R0H1D00F,1W9DL31001461C,1ZMLH8300204F0,1Z6PH74DAP0QN7,"Corona, CA",728.3,5.7,137.7,8.547347,2.013246,0,0,DJI Matrice 300 RTK,M300 RTK,1ZN7L4R0H1D00F,1W9DL31001461C,1ZMLH8300204F0,1Z6PH74DAP0QN7,DJI Pilot,Android,7.0.2,1EF72A62-B7C3-C88D-164E-CE6F8C8424AE,1ZN7L4R0H1D00F,1W9DL31001461C,,1ZMLH8300204F0,1W9DL31001461C,,,,,
2023-11-01,11:30:49.50 AM,6m 27.2s,387.2,33.7998368087099,-117.4739459310973,80.7,137.7,15.7,1344,3097.8,5.524834,6.94893,-2.908022,2.23694,-4.697574,1.342164,0.223694,0.894776,-2,-1.3,2.3,-119.4,240.6,238.0,Tripod,Other,,23,5,True,,True,False,,Smart,RC,False,True,False,,,True,,False,False,False,False,False,False,False,False,False,False,0,Follow Yaw,-77.9,0,-128.3,231.7,False,False,False,False,False,,0,0,False,False,No Card,100,100,1024,1336,863,869,2,False,False,False,False,False,0,False,False,False,False,79,,47.1,,7933,,10044,,47.1,,True,3.924,3.924,3.924,3.924,3.924,3.924,3.924,3.924,3.924,3.924,3.924,3.924,0,,False,False,True,,,,,,,,,,,,,,,False,False,19.052,,97.1,,75.7,,97.1,,1479,85,8,20,7,145436.0,19391.46,,Idle,,20,,10,,,20,Go Home,False,False,False,False,False,False,False,False,False,False,False,False,33.8027920380556,-117.4659261431046,2659.5,2972.0,1049.4,396.9,True,1,1,False,False,False,False,,True,False,False,Course Lock,196.8,67,16.4,93,E,SW,3.13,11.4,Calm,False,False,Android,7.0.2,M300 RTK,1ZN7L4R0H1D00F,1W9DL31001461C,1ZMLH8300204F0,1Z6PH74DAP0QN7,"Corona, CA",728.3,5.7,137.7,8.547347,2.013246,0,0,DJI Matrice 300 RTK,M300 RTK,1ZN7L4R0H1D00F,1W9DL31001461C,1ZMLH8300204F0,1Z6PH74DAP0QN7,DJI Pilot,Android,7.0.2,1EF72A62-B7C3-C88D-164E-CE6F8C8424AE,1ZN7L4R0H1D00F,1W9DL31001461C,,1ZMLH8300204F0,1W9DL31001461C,,,,,
2023-11-01,11:30:49.64 AM,6m 27.3s,387.3,33.7998354608167,-117.4739483229052,80.7,137.7,15.7,1344,3098.7,5.524834,6.94893,-2.908022,2.23694,-4.697574,1.342164,0.223694,0.894776,-1.8,-0.8,1.9,-119.7,240.3,235.8,Tripod,Other,,23,5,True,,True,False,,Smart,RC,False,True,False,,,True,,False,False,False,False,False,False,False,False,False,False,0,Follow Yaw,-77.9,0,-128.6,231.4,False,False,False,False,False,,0,0,False,False,No Card,100,100,1024,1333,863,873,2,False,False,False,False,False,0,False,False,False,False,79,,47.1,,7933,,10044,,47.1,,True,3.922,3.922,3.922,3.922,3.922,3.922,3.922,3.922,3.922,3.922,3.922,3.922,0,,False,False,True,,,,,,,,,,,,,,,False,False,19.052,,97.1,,75.7,,97.1,,1478,85,8,20,7,145143.8,19352.51,,Idle,,20,,10,,,20,Go Home,False,False,False,False,False,False,False,False,False,False,False,False,33.8027920380556,-117.4659261431046,2660.3,2972.0,1049.4,396.9,True,1,1,False,False,False,False,,True,False,False,Course Lock,196.8,67,16.4,93,E,SW,3.13,11.4,Calm,False,False,Android,7.0.2,M300 RTK,1ZN7L4R0H1D00F,1W9DL31001461C,1ZMLH8300204F0,1Z6PH74DAP0QN7,"Corona, CA",728.3,5.7,137.7,8.547347,2.013246,0,0,DJI Matrice 300 RTK,M300 RTK,1ZN7L4R0H1D00F,1W9DL31001461C,1ZMLH8300204F0,1Z6PH74DAP0QN7,DJI Pilot,Android,7.0.2,1EF72A62-B7C3-C88D-164E-CE6F8C8424AE,1ZN7L4R0H1D00F,1W9DL31001461C,,1ZMLH8300204F0,1W9DL31001461C,,,,,
2023-11-01,11:30:49.71 AM,6m 27.4s,387.4,33.7998341990001,-117.4739506683672,80.7,137.7,15.7,1344,3099.5,5.524834,6.94893,-2.908022,2.23694,-4.697574,1.342164,0.223694,0.894776,-1.8,-0.4,1.8,-120.1,239.9,237.0,Tripod,Other,,23,5,True,,True,False,,Smart,RC,False,True,False,,,True,,False,False,False,False,False,False,False,False,False,False,0,Follow Yaw,-77.9,0,-128.9,231.1,False,False,False,False,False,,0,0,False,False,No Card,100,100,1024,1331,865,875,2,False,False,False,False,False,0,False,False,False,False,79,,47.1,,7933,,10044,,47.1,,True,3.922,3.922,3.922,3.922,3.922,3.922,3.922,3.922,3.922,3.922,3.922,3.922,0,,False,False,True,,,,,,,,,,,,,,,False,False,19.052,,97.1,,75.7,,97.1,,1478,85,8,20,7,145143.8,19352.51,,Idle,,20,,10,,,20,Go Home,False,False,False,False,False,False,False,False,False,False,False,False,33.8027920380556,-117.4659261431046,2661.2,2972.0,1049.4,396.9,True,1,1,False,False,False,False,,True,False,False,Course Lock,196.8,67,16.4,93,E,SW,3.13,11.4,Calm,False,False,Android,7.0.2,M300 RTK,1ZN7L4R0H1D00F,1W9DL31001461C,1ZMLH8300204F0,1Z6PH74DAP0QN7,"Corona, CA",728.3,5.7,137.7,8.547347,2.013246,0,0,DJI Matrice 300 RTK,M300 RTK,1ZN7L4R0H1D00F,1W9DL31001461C,1ZMLH8300204F0,1Z6PH74DAP0QN7,DJI Pilot,Android,7.0.2,1EF72A62-B7C3-C88D-164E-CE6F8C8424AE,1ZN7L4R0H1D00F,1W9DL31001461C,,1ZMLH8300204F0,1W9DL31001461C,,,,,
2023-11-01,11:30:49.81 AM,6m 27.5s,387.5,33.7998330353217,-117.4739531397962,80.7,137.7,15.4,1344,3100.4,5.524834,6.94893,-2.908022,2.23694,-4.697574,1.342164,0.223694,0.894776,-1.8,-0.4,1.8,-120.5,239.5,240.4,Tripod,Other,,23,5,True,,True,False,,Smart,RC,False,True,False,,,True,,False,False,False,False,False,False,False,False,False,False,0,Follow Yaw,-77.9,0,-129.2,230.8,False,False,False,False,False,,0,0,False,False,No Card,100,100,1024,1330,865,887,2,False,False,False,False,False,0,False,False,False,False,79,,47.1,,7933,,10044,,47.1,,True,3.922,3.922,3.922,3.922,3.922,3.922,3.922,3.922,3.922,3.922,3.922,3.922,0,,False,False,True,,,,,,,,,,,,,,,False,False,19.052,,97.1,,75.7,,97.1,,1478,85,8,20,7,145143.8,19352.51,,Idle,,20,,10,,,20,Go Home,False,False,False,False,False,False,False,False,False,False,False,False,33.8027920380556,-117.4659261431046,2662.0,2972.0,1049.4,396.9,True,1,1,False,False,False,False,,True,False,False,Course Lock,196.8,67,16.4,93,E,SW,3.13,11.4,Calm,False,False,Android,7.0.2,M300 RTK,1ZN7L4R0H1D00F,1W9DL31001461C,1ZMLH8300204F0,1Z6PH74DAP0QN7,"Corona, CA",728.3,5.7,137.7,8.547347,2.013246,0,0,DJI Matrice 300 RTK,M300 RTK,1ZN7L4R0H1D00F,1W9DL31001461C,1ZMLH8300204F0,1Z6PH74DAP0QN7,DJI Pilot,Android,7.0.2,1EF72A62-B7C3-C88D-164E-CE6F8C8424AE,1ZN7L4R0H1D00F,1W9DL31001461C,,1ZMLH8300204F0,1W9DL31001461C,,,,,
2023-11-01,11:30:49.94 AM,6m 27.6s,387.6,33.7998317737792,-117.4739554948654,80.7,137.7,15.4,1344,3101.3,5.645781,6.94893,-3.131716,2.23694,-4.697574,1.342164,0.223694,0.894776,-1.9,-0.7,2,-120.8,239.2,237.1,Tripod,Other,,23,5,True,,True,False,,Smart,RC,False,True,False,,,True,,False,False,False,False,False,False,False,False,False,False,0,Follow Yaw,-77.9,0,-129.5,230.5,False,False,False,False,False,,0,0,False,False,No Card,100,100,1024,1333,858,902,2,False,False,False,False,False,0,False,False,False,False,79,,47.1,,7933,,10044,,47.1,,True,3.922,3.922,3.922,3.922,3.922,3.922,3.922,3.922,3.922,3.922,3.922,3.922,0,,False,False,True,,,,,,,,,,,,,,,False,False,19.052,,97.1,,75.7,,97.1,,1478,85,8,20,7,145143.8,19352.51,,Idle,,20,,10,,,20,Go Home,False,False,False,False,False,False,False,False,False,False,False,False,33.8027920380556,-117.4659261431046,2662.9,2972.0,1049.4,396.9,True,1,1,False,False,False,False,,True,False,False,Course Lock,196.8,67,16.4,93,E,SW,3.13,11.4,Calm,False,False,Android,7.0.2,M300 RTK,1ZN7L4R0H1D00F,1W9DL31001461C,1ZMLH8300204F0,1Z6PH74DAP0QN7,"Corona, CA",728.3,5.7,137.7,8.547347,2.013246,0,0,DJI Matrice 300 RTK,M300 RTK,1ZN7L4R0H1D00F,1W9DL31001461C,1ZMLH8300204F0,1Z6PH74DAP0QN7,DJI Pilot,Android,7.0.2,1EF72A62-B7C3-C88D-164E-CE6F8C8424AE,1ZN7L4R0H1D00F,1W9DL31001461C,,1ZMLH8300204F0,1W9DL31001461C,,,,,
2023-11-01,11:30:50.04 AM,6m 27.7s,387.7,33.7998304313686,-117.4739577074744,80.7,137.7,15.4,1344,3102.1,5.645781,6.94893,-3.131716,2.23694,-4.697574,1.342164,0.223694,0.894776,-2.1,-0.8,2.2,-121,239,233.8,Tripod,Other,,23,5,True,,True,False,,Smart,RC,False,True,False,,,True,,False,False,False,False,False,False,False,False,False,False,0,Follow Yaw,-77.9,0,-129.7,230.3,False,False,False,False,False,,0,0,False,False,No Card,100,100,1024,1333,858,911,2,False,False,False,False,False,0,False,False,False,False,79,,47.1,,7933,,10044,,47.1,,True,3.922,3.922,3.922,3.922,3.922,3.922,3.922,3.922,3.922,3.922,3.922,3.922,0,,False,False,True,,,,,,,,,,,,,,,False,False,19.052,,97.1,,75.7,,97.1,,1478,85,8,20,7,145143.8,19352.51,,Idle,,20,,10,,,20,Go Home,False,False,False,False,False,False,False,False,False,False,False,False,33.8027920380556,-117.4659261431046,2663.7,2972.0,1049.4,396.9,True,1,1,False,False,False,False,,True,False,False,Course Lock,196.8,67,16.4,93,E,SW,3.13,11.4,Calm,False,False,Android,7.0.2,M300 RTK,1ZN7L4R0H1D00F,1W9DL31001461C,1ZMLH8300204F0,1Z6PH74DAP0QN7,"Corona, CA",728.3,5.7,137.7,8.547347,2.013246,0,0,DJI Matrice 300 RTK,M300 RTK,1ZN7L4R0H1D00F,1W9DL31001461C,1ZMLH8300204F0,1Z6PH74DAP0QN7,DJI Pilot,Android,7.0.2,1EF72A62-B7C3-C88D-164E-CE6F8C8424AE,1ZN7L4R0H1D00F,1W9DL31001461C,,1ZMLH8300204F0,1W9DL31001461C,,,,,
2023-11-01,11:30:50.14 AM,6m 27.8s,387.8,33.7998291448804,-117.4739600440299,80.3,137.7,15.4,1344,3102.9,5.645781,6.94893,-3.131716,2.23694,-4.697574,1.342164,0.223694,0.894776,-2,-0.6,2,-121.3,238.7,236.4,Tripod,Other,,22,5,True,,True,False,,Smart,RC,False,True,False,,,True,,False,False,False,False,False,False,False,False,False,False,0,Follow Yaw,-77.9,0,-130,230,False,False,False,False,False,,0,0,False,False,No Card,100,100,1024,1333,859,911,2,False,False,False,False,False,0,False,False,False,False,79,,47.1,,7933,,10044,,47.1,,True,3.922,3.922,3.922,3.922,3.922,3.922,3.922,3.922,3.922,3.922,3.922,3.922,0,,False,False,True,,,,,,,,,,,,,,,False,False,19.052,,97.1,,75.7,,97.1,,1478,85,8,20,7,145143.8,19352.51,,Idle,,20,,10,,,20,Go Home,False,False,False,False,False,False,False,False,False,False,False,False,33.8027920380556,-117.4659261431046,2664.5,2972.0,1049.4,396.9,True,1,1,False,False,False,False,,True,False,False,Course Lock,196.8,67,16.4,93,E,SW,3.13,11.4,Calm,False,False,Android,7.0.2,M300 RTK,1ZN7L4R0H1D00F,1W9DL31001461C,1ZMLH8300204F0,1Z6PH74DAP0QN7,"Corona, CA",728.3,5.7,137.7,8.547347,2.013246,0,0,DJI Matrice 300 RTK,M300 RTK,1ZN7L4R0H1D00F,1W9DL31001461C,1ZMLH8300204F0,1Z6PH74DAP0QN7,DJI Pilot,Android,7.0.2,1EF72A62-B7C3-C88D-164E-CE6F8C8424AE,1ZN7L4R0H1D00F,1W9DL31001461C,,1ZMLH8300204F0,1W9DL31001461C,,,,,
2023-11-01,11:30:50.24 AM,6m 27.9s,387.9,33.7998276404594,-117.4739622443926,80.3,137.7,15.4,1344,3103.8,5.645781,6.94893,-3.131716,2.23694,-4.697574,1.342164,0.223694,0.894776,-1.8,-0.3,1.8,-121.6,238.4,230.5,Tripod,Other,,22,5,True,,True,False,,Smart,RC,False,True,False,,,True,,False,False,False,False,False,False,False,False,False,False,0,Follow Yaw,-77.9,0,-130.1,229.9,False,False,False,False,False,,0,0,False,False,No Card,100,100,1024,1335,858,911,2,False,False,False,False,False,0,False,False,False,False,79,,47.1,,7933,,10044,,47.1,,True,3.922,3.922,3.922,3.922,3.922,3.922,3.922,3.922,3.922,3.922,3.922,3.922,0,,False,False,True,,,,,,,,,,,,,,,False,False,19.052,,97.1,,75.7,,97.1,,1478,85,8,20,7,145143.8,19352.51,,Idle,,20,,10,,,20,Go Home,False,False,False,False,False,False,False,False,False,False,False,False,33.8027920380556,-117.4659261431046,2665.3,2972.0,1049.4,396.9,True,1,1,False,False,False,False,,True,False,False,Course Lock,196.8,67,16.4,93,E,SW,3.13,11.4,Calm,False,False,Android,7.0.2,M300 RTK,1ZN7L4R0H1D00F,1W9DL31001461C,1ZMLH8300204F0,1Z6PH74DAP0QN7,"Corona, CA",728.3,5.7,137.7,8.547347,2.013246,0,0,DJI Matrice 300 RTK,M300 RTK,1ZN7L4R0H1D00F,1W9DL31001461C,1ZMLH8300204F0,1Z6PH74DAP0QN7,DJI Pilot,Android,7.0.2,1EF72A62-B7C3-C88D-164E-CE6F8C8424AE,1ZN7L4R0H1D00F,1W9DL31001461C,,1ZMLH8300204F0,1W9DL31001461C,,,,,
2023-11-01,11:30:50.33 AM,6m 28.0s,388.0,33.7998264019438,-117.4739644361376,80.3,137.7,15.4,1344,3104.6,5.645781,6.94893,-3.131716,2.23694,-4.697574,1.342164,0.223694,0.894776,-1.8,-0.4,1.8,-121.8,238.2,235.7,Tripod,Other,,22,5,True,,True,False,,Smart,RC,False,True,False,,,True,,False,False,False,False,False,False,False,False,False,False,0,Follow Yaw,-77.9,0,-130.3,229.7,False,False,False,False,False,,0,0,False,False,No Card,100,100,1024,1336,859,911,2,False,False,False,False,False,0,False,False,False,False,79,,47.04,,3938,,4986,,47.04,,True,3.922,3.922,3.922,3.922,3.922,3.922,3.922,3.922,3.922,3.922,3.922,3.922,0,,False,False,True,,,,,,,,,,,,,,,False,False,9.168,,97.1,,75.7,,97.1,,1478,85,8,20,7,145143.8,19352.51,,Idle,,20,,10,,,20,Go Home,False,False,False,False,False,False,False,False,False,False,False,False,33.8027920380556,-117.4659261431046,2666.1,2972.0,1049.4,396.9,True,1,1,False,False,False,False,,True,False,False,Course Lock,196.8,67,16.4,93,E,SW,3.13,11.4,Calm,False,False,Android,7.0.2,M300 RTK,1ZN7L4R0H1D00F,1W9DL31001461C,1ZMLH8300204F0,1Z6PH74DAP0QN7,"Corona, CA",728.3,5.7,137.7,8.547347,2.013246,0,0,DJI Matrice 300 RTK,M300 RTK,1ZN7L4R0H1D00F,1W9DL31001461C,1ZMLH8300204F0,1Z6PH74DAP0QN7,DJI Pilot,Android,7.0.2,1EF72A62-B7C3-C88D-164E-CE6F8C8424AE,1ZN7L4R0H1D00F,1W9DL31001461C,,1ZMLH8300204F0,1W9DL31001461C,,,,,
2023-11-01,11:30:50.44 AM,6m 28.1s,388.1,33.7998251776829,-117.4739669052988,80.3,137.7,15.4,1344,3105.5,5.645781,6.94893,-3.131716,2.23694,-4.697574,1.342164,0.223694,0.894776,-1.8,-0.2,1.8,-121.8,238.2,239.1,Tripod,Other,,22,5,True,,True,False,,Smart,RC,False,True,False,,,True,,False,False,False,False,False,False,False,False,False,False,0,Follow Yaw,-77.9,0,-130.5,229.5,False,False,False,False,False,,0,0,False,False,No Card,100,100,1024,1337,859,911,2,False,False,False,False,False,0,False,False,False,False,79,,47.04,,3938,,4986,,47.04,,True,3.922,3.922,3.922,3.922,3.922,3.922,3.922,3.922,3.922,3.922,3.922,3.922,0,,False,False,True,,,,,,,,,,,,,,,False,False,9.168,,97.1,,75.7,,97.1,,1478,85,8,20,7,145143.8,19352.51,,Idle,,20,,10,,,20,Go Home,False,False,False,False,False,False,False,False,False,False,False,False,33.8027920380556,-117.4659261431046,2667.0,2972.0,1049.4,396.9,True,1,1,False,False,False,False,,True,False,False,Course Lock,196.8,67,16.4,93,E,SW,3.13,11.4,Calm,False,False,Android,7.0.2,M300 RTK,1ZN7L4R0H1D00F,1W9DL31001461C,1ZMLH8300204F0,1Z6PH74DAP0QN7,"Corona, CA",728.3,5.7,137.7,8.547347,2.013246,0,0,DJI Matrice 300 RTK,M300 RTK,1ZN7L4R0H1D00F,1W9DL31001461C,1ZMLH8300204F0,1Z6PH74DAP0QN7,DJI Pilot,Android,7.0.2,1EF72A62-B7C3-C88D-164E-CE6F8C8424AE,1ZN7L4R0H1D00F,1W9DL31001461C,,1ZMLH8300204F0,1W9DL31001461C,,,,,
2023-11-01,11:30:50.54 AM,6m 28.2s,388.2,33.7998238777623,-117.4739692209492,80.3,137.7,15.4,1344,3106.3,5.645781,6.94893,-3.131716,2.23694,-4.697574,1.342164,0.223694,0.894776,-1.7,0,1.7,-122,238,235.9,Tripod,Other,,23,5,True,,True,False,,Smart,RC,False,True,False,,,True,,False,False,False,False,False,False,False,False,False,False,0,Follow Yaw,-77.9,0,-130.7,229.3,False,False,False,False,False,,0,0,False,False,No Card,100,100,1024,1339,858,913,2,False,False,False,False,False,0,False,False,False,False,79,,47.04,,3938,,4986,,47.04,,True,3.922,3.922,3.922,3.922,3.922,3.922,3.922,3.922,3.922,3.922,3.922,3.922,0,,False,False,True,,,,,,,,,,,,,,,False,False,9.168,,97.1,,75.7,,97.1,,1478,85,8,20,7,145143.8,19352.51,,Idle,,20,,10,,,20,Go Home,False,False,False,False,False,False,False,False,False,False,False,False,33.8027920380556,-117.4659261431046,2667.8,2972.0,1049.4,396.9,True,1,1,False,False,False,False,,True,False,False,Course Lock,196.8,67,16.4,93,E,SW,2.9,11.4,Calm,False,False,Android,7.0.2,M300 RTK,1ZN7L4R0H1D00F,1W9DL31001461C,1ZMLH8300204F0,1Z6PH74DAP0QN7,"Corona, CA",728.3,5.7,137.7,8.547347,2.013246,0,0,DJI Matrice 300 RTK,M300 RTK,1ZN7L4R0H1D00F,1W9DL31001461C,1ZMLH8300204F0,1Z6PH74DAP0QN7,DJI Pilot,Android,7.0.2,1EF72A62-B7C3-C88D-164E-CE6F8C8424AE,1ZN7L4R0H1D00F,1W9DL31001461C,,1ZMLH8300204F0,1W9DL31001461C,,,,,
2023-11-01,11:30:50.64 AM,6m 28.3s,388.3,33.7998225556373,-117.4739713823466,80.3,137.7,15.4,1344,3107.1,5.645781,6.94893,-3.131716,2.23694,-4.697574,1.342164,0.223694,0.894776,-1.6,-0.4,1.6,-122.4,237.6,233.6,Tripod,Other,,23,5,True,,True,False,,Smart,RC,False,True,False,,,True,,False,False,False,False,False,False,False,False,False,False,0,Follow Yaw,-77.9,0,-130.9,229.1,False,False,False,False,False,,0,0,False,False,No Card,100,100,1024,1338,855,919,2,False,False,False,False,False,0,False,False,False,False,79,,47.04,,3938,,4986,,47.04,,True,3.925,3.925,3.925,3.925,3.925,3.925,3.925,3.925,3.925,3.925,3.925,3.925,0,,False,False,True,,,,,,,,,,,,,,,False,False,9.168,,97.1,,75.7,,97.1,,1478,86,8,20,7,144648.9,19286.52,,Idle,,20,,10,,,20,Go Home,False,False,False,False,False,False,False,False,False,False,False,False,33.8027920380556,-117.4659261431046,2668.6,2972.0,1049.4,396.9,True,1,1,False,False,False,False,,True,False,False,Course Lock,196.8,67,16.4,93,E,SW,2.9,11.4,Calm,False,False,Android,7.0.2,M300 RTK,1ZN7L4R0H1D00F,1W9DL31001461C,1ZMLH8300204F0,1Z6PH74DAP0QN7,"Corona, CA",728.3,5.7,137.7,8.547347,2.013246,0,0,DJI Matrice 300 RTK,M300 RTK,1ZN7L4R0H1D00F,1W9DL31001461C,1ZMLH8300204F0,1Z6PH74DAP0QN7,DJI Pilot,Android,7.0.2,1EF72A62-B7C3-C88D-164E-CE6F8C8424AE,1ZN7L4R0H1D00F,1W9DL31001461C,,1ZMLH8300204F0,1W9DL31001461C,,,,,
2023-11-01,11:30:50.75 AM,6m 28.4s,388.4,33.7998212617475,-117.4739736779165,80.3,137.7,15.4,1344,3108.0,5.645781,6.94893,-3.131716,2.23694,-4.697574,1.342164,0.223694,0.894776,-1.6,-0.7,1.7,-122.7,237.3,235.8,Tripod,Other,,23,5,True,,True,False,,Smart,RC,False,True,False,,,True,,False,False,False,False,False,False,False,False,False,False,0,Follow Yaw,-77.9,0,-131.1,228.9,False,False,False,False,False,,0,0,False,False,No Card,100,100,1024,1339,854,922,2,False,False,False,False,False,0,False,False,False,False,79,,47.04,,3938,,4986,,47.04,,True,3.925,3.925,3.925,3.925,3.925,3.925,3.925,3.925,3.925,3.925,3.925,3.925,0,,False,False,True,,,,,,,,,,,,,,,False,False,9.168,,97.1,,75.7,,97.1,,1478,86,8,20,7,144648.9,19286.52,,Idle,,20,,10,,,20,Go Home,False,False,False,False,False,False,False,False,False,False,False,False,33.8027920380556,-117.4659261431046,2669.5,2972.0,1049.4,396.9,True,1,1,False,False,False,False,,True,False,False,Course Lock,196.8,67,16.4,93,E,SW,2.9,11.4,Calm,False,False,Android,7.0.2,M300 RTK,1ZN7L4R0H1D00F,1W9DL31001461C,1ZMLH8300204F0,1Z6PH74DAP0QN7,"Corona, CA",728.3,5.7,137.7,8.547347,2.013246,0,0,DJI Matrice 300 RTK,M300 RTK,1ZN7L4R0H1D00F,1W9DL31001461C,1ZMLH8300204F0,1Z6PH74DAP0QN7,DJI Pilot,Android,7.0.2,1EF72A62-B7C3-C88D-164E-CE6F8C8424AE,1ZN7L4R0H1D00F,1W9DL31001461C,,1ZMLH8300204F0,1W9DL31001461C,,,,,
2023-11-01,11:30:50.85 AM,6m 28.5s,388.5,33.7998198094111,-117.4739760532724,80.3,137.7,15.4,1344,3108.9,5.645781,6.94893,-3.131716,2.23694,-4.697574,1.342164,0.223694,0.894776,-1.7,-0.8,1.8,-122.9,237.1,233.6,Tripod,Other,,23,5,True,,True,False,,Smart,RC,False,True,False,,,True,,False,False,False,False,False,False,False,False,False,False,0,Follow Yaw,-77.9,0,-131.3,228.7,False,False,False,False,False,,0,0,False,False,No Card,100,100,1024,1339,854,923,2,False,False,False,False,False,0,False,False,False,False,79,,47.04,,3938,,4986,,47.04,,True,3.925,3.925,3.925,3.925,3.925,3.925,3.925,3.925,3.925,3.925,3.925,3.925,0,,False,False,True,,,,,,,,,,,,,,,False,False,9.168,,97.1,,75.7,,97.1,,1478,86,8,20,7,144648.9,19286.52,,Idle,,20,,10,,,20,Go Home,False,False,False,False,False,False,False,False,False,False,False,False,33.8027920380556,-117.4659261431046,2670.3,2972.0,1049.4,396.9,True,1,1,False,False,False,False,,True,False,False,Course Lock,196.8,67,16.4,93,E,SW,2.9,11.4,Calm,False,False,Android,7.0.2,M300 RTK,1ZN7L4R0H1D00F,1W9DL31001461C,1ZMLH8300204F0,1Z6PH74DAP0QN7,"Corona, CA",728.3,5.7,137.7,8.547347,2.013246,0,0,DJI Matrice 300 RTK,M300 RTK,1ZN7L4R0H1D00F,1W9DL31001461C,1ZMLH8300204F0,1Z6PH74DAP0QN7,DJI Pilot,Android,7.0.2,1EF72A62-B7C3-C88D-164E-CE6F8C8424AE,1ZN7L4R0H1D00F,1W9DL31001461C,,1ZMLH8300204F0,1W9DL31001461C,,,,,
2023-11-01,11:30:50.95 AM,6m 28.6s,388.6,33.7998184927687,-117.473978334988,80.0,137.7,15.4,1344,3109.7,5.645781,6.94893,-3.131716,2.23694,-4.697574,1.342164,0.223694,0.894776,-2,-0.8,2.1,-123,237,235.2,Tripod,Other,,23,5,True,,True,False,,Smart,RC,False,True,False,,,True,,False,False,False,False,False,False,False,False,False,False,0,Follow Yaw,-77.9,0,-131.5,228.5,False,False,False,False,False,,0,0,False,False,No Card,100,100,1024,1337,856,923,2,False,False,False,False,False,0,False,False,False,False,79,,47.04,,3938,,4986,,47.04,,True,3.925,3.925,3.925,3.925,3.925,3.925,3.925,3.925,3.925,3.925,3.925,3.925,0,,False,False,True,,,,,,,,,,,,,,,False,False,9.168,,97.1,,75.7,,97.1,,1478,86,8,20,7,144648.9,19286.52,,Idle,,20,,10,,,20,Go Home,False,False,False,False,False,False,False,False,False,False,False,False,33.8027920380556,-117.4659261431046,2671.2,2972.0,1049.4,396.9,True,1,1,False,False,False,False,,True,False,False,Course Lock,196.8,67,16.4,93,E,SW,2.9,11.4,Calm,False,False,Android,7.0.2,M300 RTK,1ZN7L4R0H1D00F,1W9DL31001461C,1ZMLH8300204F0,1Z6PH74DAP0QN7,"Corona, CA",728.3,5.7,137.7,8.547347,2.013246,0,0,DJI Matrice 300 RTK,M300 RTK,1ZN7L4R0H1D00F,1W9DL31001461C,1ZMLH8300204F0,1Z6PH74DAP0QN7,DJI Pilot,Android,7.0.2,1EF72A62-B7C3-C88D-164E-CE6F8C8424AE,1ZN7L4R0H1D00F,1W9DL31001461C,,1ZMLH8300204F0,1W9DL31001461C,,,,,
2023-11-01,11:30:51.05 AM,6m 28.7s,388.7,33.7998171950412,-117.473980675337,80.0,137.7,15.4,1344,3110.6,5.645781,6.94893,-3.131716,2.23694,-4.697574,1.342164,0.223694,0.894776,-2.2,-0.7,2.3,-123.1,236.9,236.2,Tripod,Other,,23,5,True,,True,False,,Smart,RC,False,True,False,,,True,,False,False,False,False,False,False,False,False,False,False,0,Follow Yaw,-77.9,0,-131.6,228.4,False,False,False,False,False,,0,0,False,False,No Card,100,100,1024,1339,856,920,2,False,False,False,False,False,0,False,False,False,False,79,,47.04,,3938,,4986,,47.04,,True,3.925,3.925,3.925,3.925,3.925,3.925,3.925,3.925,3.925,3.925,3.925,3.925,0,,False,False,True,,,,,,,,,,,,,,,False,False,9.168,,97.1,,75.7,,97.1,,1478,86,8,20,7,144648.9,19286.52,,Idle,,20,,10,,,20,Go Home,False,False,False,False,False,False,False,False,False,False,False,False,33.8027920380556,-117.4659261431046,2672.0,2972.0,1049.4,396.9,True,1,1,False,False,False,False,,True,False,False,Course Lock,196.8,67,16.4,93,E,SW,2.9,11.4,Calm,False,False,Android,7.0.2,M300 RTK,1ZN7L4R0H1D00F,1W9DL31001461C,1ZMLH8300204F0,1Z6PH74DAP0QN7,"Corona, CA",728.3,5.7,137.7,8.547347,2.013246,0,0,DJI Matrice 300 RTK,M300 RTK,1ZN7L4R0H1D00F,1W9DL31001461C,1ZMLH8300204F0,1Z6PH74DAP0QN7,DJI Pilot,Android,7.0.2,1EF72A62-B7C3-C88D-164E-CE6F8C8424AE,1ZN7L4R0H1D00F,1W9DL31001461C,,1ZMLH8300204F0,1W9DL31001461C,,,,,
2023-11-01,11:30:51.16 AM,6m 28.8s,388.8,33.7998158679818,-117.473982959774,80.0,137.7,15.4,1344,3111.4,5.645781,6.94893,-3.131716,2.23694,-4.697574,1.342164,0.223694,0.894776,-2.2,-0.8,2.3,-123.4,236.6,235.0,Tripod,Other,,23,5,True,,True,False,,Smart,RC,False,True,False,,,True,,False,False,False,False,False,False,False,False,False,False,0,Follow Yaw,-77.9,0,-131.8,228.2,False,False,False,False,False,,0,0,False,False,No Card,100,100,1024,1339,856,919,2,False,False,False,False,False,0,False,False,False,False,79,,47.04,,3938,,4986,,47.04,,True,3.925,3.925,3.925,3.925,3.925,3.925,3.925,3.925,3.925,3.925,3.925,3.925,0,,False,False,True,,,,,,,,,,,,,,,False,False,9.168,,97.1,,75.7,,97.1,,1478,86,8,20,7,144648.9,19286.52,,Idle,,20,,10,,,20,Go Home,False,False,False,False,False,False,False,False,False,False,False,False,33.8027920380556,-117.4659261431046,2672.8,2972.0,1049.4,396.9,True,1,1,False,False,False,False,,True,False,False,Course Lock,196.8,67,16.4,93,E,SW,2.9,11.4,Calm,False,False,Android,7.0.2,M300 RTK,1ZN7L4R0H1D00F,1W9DL31001461C,1ZMLH8300204F0,1Z6PH74DAP0QN7,"Corona, CA",728.3,5.7,137.7,8.547347,2.013246,0,0,DJI Matrice 300 RTK,M300 RTK,1ZN7L4R0H1D00F,1W9DL31001461C,1ZMLH8300204F0,1Z6PH74DAP0QN7,DJI Pilot,Android,7.0.2,1EF72A62-B7C3-C88D-164E-CE6F8C8424AE,1ZN7L4R0H1D00F,1W9DL31001461C,,1ZMLH8300204F0,1W9DL31001461C,,,,,
2023-11-01,11:30:51.26 AM,6m 28.9s,388.9,33.7998146335781,-117.473985282434,80.0,137.7,15.4,1344,3112.2,5.645781,6.94893,-3.131716,2.23694,-4.697574,1.342164,0.223694,0.894776,-2.1,-0.9,2.2,-123.5,236.5,237.3,Tripod,Other,,23,5,True,,True,False,,Smart,RC,False,True,False,,,True,,False,False,False,False,False,False,False,False,False,False,0,Follow Yaw,-77.9,0,-132,228,False,False,False,False,False,,0,0,False,False,No Card,100,100,1024,1339,856,919,2,False,False,False,False,False,0,False,False,False,False,79,,47.04,,3938,,4986,,47.04,,True,3.925,3.925,3.925,3.925,3.925,3.925,3.925,3.925,3.925,3.925,3.925,3.925,0,,False,False,True,,,,,,,,,,,,,,,False,False,9.168,,97.1,,75.7,,97.1,,1478,86,8,20,7,144648.9,19286.52,,Idle,,20,,10,,,20,Go Home,False,False,False,False,False,False,False,False,False,False,False,False,33.8027920380556,-117.4659261431046,2673.6,2972.0,1049.4,396.9,True,1,1,False,False,False,False,,True,False,False,Course Lock,196.8,67,16.4,93,E,SW,2.9,11.4,Calm,False,False,Android,7.0.2,M300 RTK,1ZN7L4R0H1D00F,1W9DL31001461C,1ZMLH8300204F0,1Z6PH74DAP0QN7,"Corona, CA",728.3,5.7,137.7,8.547347,2.013246,0,0,DJI Matrice 300 RTK,M300 RTK,1ZN7L4R0H1D00F,1W9DL31001461C,1ZMLH8300204F0,1Z6PH74DAP0QN7,DJI Pilot,Android,7.0.2,1EF72A62-B7C3-C88D-164E-CE6F8C8424AE,1ZN7L4R0H1D00F,1W9DL31001461C,,1ZMLH8300204F0,1W9DL31001461C,,,,,
2023-11-01,11:30:51.36 AM,6m 29.0s,389.0,33.7998133725839,-117.4739874463466,80.0,137.7,15.4,1344,3113.0,5.645781,6.94893,-3.131716,2.23694,-4.697574,1.342164,0.223694,0.894776,-1.8,-0.8,1.9,-123.7,236.3,234.9,Tripod,Other,,23,5,True,,True,False,,Smart,RC,False,True,False,,,True,,False,False,False,False,False,False,False,False,False,False,0,Follow Yaw,-77.9,0,-132.2,227.8,False,False,False,False,False,,0,0,False,False,No Card,100,100,1024,1340,850,928,2,False,False,False,False,False,0,False,False,False,False,79,,47.136,,7933,,10044,,47.136,,True,3.925,3.925,3.925,3.925,3.925,3.925,3.925,3.925,3.925,3.925,3.925,3.925,0,,False,False,True,,,,,,,,,,,,,,,False,False,18.846,,97.1,,75.7,,97.1,,1478,86,8,20,7,144648.9,19286.52,,Idle,,20,,10,,,20,Go Home,False,False,False,False,False,False,False,False,False,False,False,False,33.8027920380556,-117.4659261431046,2674.4,2972.0,1049.4,396.9,True,1,1,False,False,False,False,,True,False,False,Course Lock,196.8,67,16.4,93,E,SW,2.9,11.4,Calm,False,False,Android,7.0.2,M300 RTK,1ZN7L4R0H1D00F,1W9DL31001461C,1ZMLH8300204F0,1Z6PH74DAP0QN7,"Corona, CA",728.3,5.7,137.7,8.547347,2.013246,0,0,DJI Matrice 300 RTK,M300 RTK,1ZN7L4R0H1D00F,1W9DL31001461C,1ZMLH8300204F0,1Z6PH74DAP0QN7,DJI Pilot,Android,7.0.2,1EF72A62-B7C3-C88D-164E-CE6F8C8424AE,1ZN7L4R0H1D00F,1W9DL31001461C,,1ZMLH8300204F0,1W9DL31001461C,,,,,
2023-11-01,11:30:51.47 AM,6m 29.1s,389.1,33.7998120430573,-117.4739899037564,80.0,137.7,15.4,1344,3113.9,5.645781,6.94893,-3.131716,2.23694,-4.697574,1.342164,0.223694,0.894776,-1.6,-0.8,1.7,-123.8,236.2,236.9,Tripod,Other,,23,5,True,,True,False,,Smart,RC,False,True,False,,,True,,False,False,False,False,False,False,False,False,False,False,0,Follow Yaw,-77.9,0,-132.3,227.7,False,False,False,False,False,,0,0,False,False,No Card,100,100,1024,1339,849,933,2,False,False,False,False,False,0,False,False,False,False,79,,47.136,,7933,,10044,,47.136,,True,3.925,3.925,3.925,3.925,3.925,3.925,3.925,3.925,3.925,3.925,3.925,3.925,0,,False,False,True,,,,,,,,,,,,,,,False,False,18.846,,97.1,,75.7,,97.1,,1478,86,8,20,7,144648.9,19286.52,,Idle,,20,,10,,,20,Go Home,False,False,False,False,False,False,False,False,False,False,False,False,33.8027920380556,-117.4659261431046,2675.3,2972.0,1049.4,396.9,True,1,1,False,False,False,False,,True,False,False,Course Lock,196.8,67,16.4,93,E,SW,2.9,11.4,Calm,False,False,Android,7.0.2,M300 RTK,1ZN7L4R0H1D00F,1W9DL31001461C,1ZMLH8300204F0,1Z6PH74DAP0QN7,"Corona, CA",728.3,5.7,137.7,8.547347,2.013246,0,0,DJI Matrice 300 RTK,M300 RTK,1ZN7L4R0H1D00F,1W9DL31001461C,1ZMLH8300204F0,1Z6PH74DAP0QN7,DJI Pilot,Android,7.0.2,1EF72A62-B7C3-C88D-164E-CE6F8C8424AE,1ZN7L4R0H1D00F,1W9DL31001461C,,1ZMLH8300204F0,1W9DL31001461C,,,,,
2023-11-01,11:30:51.57 AM,6m 29.2s,389.2,33.7998107050328,-117.4739921876161,80.0,137.7,15.4,1344,3114.8,5.461066,6.94893,-3.131716,2.23694,-4.47388,1.342164,0.223694,0.894776,-1.5,-0.7,1.6,-124,236,234.8,Tripod,Other,,22,5,True,,True,False,,Smart,RC,False,True,False,,,True,,False,False,False,False,False,False,False,False,False,False,0,Follow Yaw,-77.9,0,-132.5,227.5,False,False,False,False,False,,0,0,False,False,No Card,100,100,1024,1338,850,933,2,False,False,False,False,False,0,False,False,False,False,79,,47.136,,7933,,10044,,47.136,,True,3.925,3.925,3.925,3.925,3.925,3.925,3.925,3.925,3.925,3.925,3.925,3.925,0,,False,False,True,,,,,,,,,,,,,,,False,False,18.846,,97.1,,75.7,,97.1,,1478,86,8,20,7,144648.9,19286.52,,Idle,,20,,10,,,20,Go Home,False,False,False,False,False,False,False,False,False,False,False,False,33.8027920380556,-117.4659261431046,2676.1,2972.0,1049.4,396.9,True,1,1,False,False,False,False,,True,False,False,Course Lock,196.8,67,16.4,93,E,SW,2.9,11.4,Calm,False,False,Android,7.0.2,M300 RTK,1ZN7L4R0H1D00F,1W9DL31001461C,1ZMLH8300204F0,1Z6PH74DAP0QN7,"Corona, CA",728.3,5.7,137.7,8.547347,2.013246,0,0,DJI Matrice 300 RTK,M300 RTK,1ZN7L4R0H1D00F,1W9DL31001461C,1ZMLH8300204F0,1Z6PH74DAP0QN7,DJI Pilot,Android,7.0.2,1EF72A62-B7C3-C88D-164E-CE6F8C8424AE,1ZN7L4R0H1D00F,1W9DL31001461C,,1ZMLH8300204F0,1W9DL31001461C,,,,,
2023-11-01,11:30:51.67 AM,6m 29.3s,389.3,33.7998094105948,-117.4739944401386,80.0,137.7,15.4,1344,3115.6,5.461066,6.94893,-3.131716,2.23694,-4.47388,1.342164,0.223694,0.894776,-1.5,-0.7,1.6,-124.2,235.8,235.3,Tripod,Other,,22,5,True,,True,False,,Smart,RC,False,True,False,,,True,,False,False,False,False,False,False,False,False,False,False,0,Follow Yaw,-77.9,0,-132.7,227.3,False,False,False,False,False,,0,0,False,False,No Card,100,100,1024,1337,852,931,2,False,False,False,False,False,0,False,False,False,False,79,,47.136,,7933,,10044,,47.136,,True,3.928,3.928,3.928,3.928,3.928,3.928,3.928,3.928,3.928,3.928,3.928,3.928,0,,False,False,True,,,,,,,,,,,,,,,False,False,18.846,,97.1,,75.7,,97.1,,1478,86,8,20,7,143956.0,19194.14,,Idle,,20,,10,,,20,Go Home,False,False,False,False,False,False,False,False,False,False,False,False,33.8027920380556,-117.4659261431046,2677.0,2972.0,1049.4,396.9,True,1,1,False,False,False,False,,True,False,False,Course Lock,196.8,67,16.4,93,E,SW,2.9,11.4,Calm,False,False,Android,7.0.2,M300 RTK,1ZN7L4R0H1D00F,1W9DL31001461C,1ZMLH8300204F0,1Z6PH74DAP0QN7,"Corona, CA",728.3,5.7,137.7,8.547347,2.013246,0,0,DJI Matrice 300 RTK,M300 RTK,1ZN7L4R0H1D00F,1W9DL31001461C,1ZMLH8300204F0,1Z6PH74DAP0QN7,DJI Pilot,Android,7.0.2,1EF72A62-B7C3-C88D-164E-CE6F8C8424AE,1ZN7L4R0H1D00F,1W9DL31001461C,,1ZMLH8300204F0,1W9DL31001461C,,,,,
2023-11-01,11:30:51.77 AM,6m 29.4s,389.4,33.7998080711996,-117.4739967062269,79.7,137.7,15.4,1343,3116.5,5.461066,6.94893,-3.131716,2.23694,-4.47388,1.342164,0.223694,0.894776,-1.4,-0.9,1.6,-124.5,235.5,234.5,Tripod,Other,,21,5,True,,True,False,,Smart,RC,False,True,False,,,True,,False,False,False,False,False,False,False,False,False,False,0,Follow Yaw,-77.9,0,-132.8,227.2,False,False,False,False,False,,0,0,False,False,No Card,100,100,1024,1339,855,921,2,False,False,False,False,False,0,False,False,False,False,79,,47.136,,7933,,10044,,47.136,,True,3.928,3.928,3.928,3.928,3.928,3.928,3.928,3.928,3.928,3.928,3.928,3.928,0,,False,False,True,,,,,,,,,,,,,,,False,False,18.846,,97.1,,75.7,,97.1,,1478,86,8,20,7,143956.0,19194.14,,Idle,,20,,10,,,20,Go Home,False,False,False,False,False,False,False,False,False,False,False,False,33.8027920380556,-117.4659261431046,2677.8,2972.0,1049.4,396.9,True,1,1,False,False,False,False,,True,False,False,Course Lock,196.8,67,16.4,93,E,SW,2.9,11.4,Calm,False,False,Android,7.0.2,M300 RTK,1ZN7L4R0H1D00F,1W9DL31001461C,1ZMLH8300204F0,1Z6PH74DAP0QN7,"Corona, CA",728.3,5.7,137.7,8.547347,2.013246,0,0,DJI Matrice 300 RTK,M300 RTK,1ZN7L4R0H1D00F,1W9DL31001461C,1ZMLH8300204F0,1Z6PH74DAP0QN7,DJI Pilot,Android,7.0.2,1EF72A62-B7C3-C88D-164E-CE6F8C8424AE,1ZN7L4R0H1D00F,1W9DL31001461C,,1ZMLH8300204F0,1W9DL31001461C,,,,,
2023-11-01,11:30:51.88 AM,6m 29.5s,389.5,33.7998066465503,-117.4739989483999,79.7,137.7,15.4,1343,3117.3,5.461066,6.94893,-3.131716,2.23694,-4.47388,1.342164,0.223694,0.894776,-1.3,-1,1.6,-124.6,235.4,232.5,Tripod,Other,,21,5,True,,True,False,,Smart,RC,False,True,False,,,True,,False,False,False,False,False,False,False,False,False,False,0,Follow Yaw,-77.9,0,-133,227,False,False,False,False,False,,0,0,False,False,No Card,100,100,1024,1340,855,921,2,False,False,False,False,False,0,False,False,False,False,79,,47.136,,7933,,10044,,47.136,,True,3.928,3.928,3.928,3.928,3.928,3.928,3.928,3.928,3.928,3.928,3.928,3.928,0,,False,False,True,,,,,,,,,,,,,,,False,False,18.846,,97.1,,75.7,,97.1,,1478,86,8,20,7,143956.0,19194.14,,Idle,,20,,10,,,20,Go Home,False,False,False,False,False,False,False,False,False,False,False,False,33.8027920380556,-117.4659261431046,2678.6,2972.0,1049.4,396.9,True,1,1,False,False,False,False,,True,False,False,Course Lock,196.8,67,16.4,93,E,SW,2.9,11.4,Calm,False,False,Android,7.0.2,M300 RTK,1ZN7L4R0H1D00F,1W9DL31001461C,1ZMLH8300204F0,1Z6PH74DAP0QN7,"Corona, CA",728.3,5.7,137.7,8.547347,2.013246,0,0,DJI Matrice 300 RTK,M300 RTK,1ZN7L4R0H1D00F,1W9DL31001461C,1ZMLH8300204F0,1Z6PH74DAP0QN7,DJI Pilot,Android,7.0.2,1EF72A62-B7C3-C88D-164E-CE6F8C8424AE,1ZN7L4R0H1D00F,1W9DL31001461C,,1ZMLH8300204F0,1W9DL31001461C,,,,,
2023-11-01,11:30:51.98 AM,6m 29.6s,389.6,33.7998052849506,-117.4740011807182,79.7,137.7,15.4,1343,3118.2,5.461066,6.94893,-3.131716,2.23694,-4.47388,1.342164,0.223694,0.894776,-1.4,-0.9,1.6,-124.8,235.2,233.7,Tripod,Other,,21,5,True,,True,False,,Smart,RC,False,True,False,,,True,,False,False,False,False,False,False,False,False,False,False,0,Follow Yaw,-77.9,0,-133.1,226.9,False,False,False,False,False,,0,0,False,False,No Card,100,100,1024,1341,853,921,2,False,False,False,False,False,0,False,False,False,False,79,,47.136,,7933,,10044,,47.136,,True,3.928,3.928,3.928,3.928,3.928,3.928,3.928,3.928,3.928,3.928,3.928,3.928,0,,False,False,True,,,,,,,,,,,,,,,False,False,18.846,,97.1,,75.7,,97.1,,1478,86,8,20,7,143956.0,19194.14,,Idle,,20,,10,,,20,Go Home,False,False,False,False,False,False,False,False,False,False,False,False,33.8027920380556,-117.4659261431046,2679.4,2972.0,1049.4,396.9,True,1,1,False,False,False,False,,True,False,False,Course Lock,196.8,67,16.4,93,E,SW,2.9,11.4,Calm,False,False,Android,7.0.2,M300 RTK,1ZN7L4R0H1D00F,1W9DL31001461C,1ZMLH8300204F0,1Z6PH74DAP0QN7,"Corona, CA",728.3,5.7,137.7,8.547347,2.013246,0,0,DJI Matrice 300 RTK,M300 RTK,1ZN7L4R0H1D00F,1W9DL31001461C,1ZMLH8300204F0,1Z6PH74DAP0QN7,DJI Pilot,Android,7.0.2,1EF72A62-B7C3-C88D-164E-CE6F8C8424AE,1ZN7L4R0H1D00F,1W9DL31001461C,,1ZMLH8300204F0,1W9DL31001461C,,,,,
2023-11-01,11:30:52.04 AM,6m 29.7s,389.7,33.799804031632,-117.4740032498772,79.7,137.7,15.4,1343,3118.9,5.461066,6.94893,-3.131716,2.23694,-4.47388,1.342164,0.223694,0.894776,-1.7,-1,1.9,-125,235,233.9,Tripod,Other,,21,5,True,,True,False,,Smart,RC,False,True,False,,,True,,False,False,False,False,False,False,False,False,False,False,0,Follow Yaw,-77.9,0,-133.3,226.7,False,False,False,False,False,,0,0,False,False,No Card,100,100,1024,1342,850,922,2,False,False,False,False,False,0,False,False,False,False,79,,47.088,,3938,,4986,,47.088,,True,3.928,3.928,3.928,3.928,3.928,3.928,3.928,3.928,3.928,3.928,3.928,3.928,0,,False,False,True,,,,,,,,,,,,,,,False,False,9.422,,97.1,,75.7,,97.1,,1478,86,8,20,7,143956.0,19194.14,,Idle,,20,,10,,,20,Go Home,False,False,False,False,False,False,False,False,False,False,False,False,33.8027920380556,-117.4659261431046,2680.2,2972.0,1049.4,396.9,True,1,1,False,False,False,False,,True,False,False,Course Lock,196.8,67,16.4,93,E,SW,2.9,11.4,Calm,False,False,Android,7.0.2,M300 RTK,1ZN7L4R0H1D00F,1W9DL31001461C,1ZMLH8300204F0,1Z6PH74DAP0QN7,"Corona, CA",728.3,5.7,137.7,8.547347,2.013246,0,0,DJI Matrice 300 RTK,M300 RTK,1ZN7L4R0H1D00F,1W9DL31001461C,1ZMLH8300204F0,1Z6PH74DAP0QN7,DJI Pilot,Android,7.0.2,1EF72A62-B7C3-C88D-164E-CE6F8C8424AE,1ZN7L4R0H1D00F,1W9DL31001461C,,1ZMLH8300204F0,1W9DL31001461C,,,,,
2023-11-01,11:30:52.14 AM,6m 29.8s,389.8,33.799802660712,-117.4740054304479,79.7,137.7,15.4,1343,3119.8,5.59235,6.94893,-3.35541,2.23694,-4.47388,1.342164,0.223694,0.894776,-2,-0.8,2.1,-125.2,234.8,232.8,Tripod,Other,,21,5,True,,True,False,,Smart,RC,False,True,False,,,True,,False,False,False,False,False,False,False,False,False,False,0,Follow Yaw,-77.9,0,-133.5,226.5,False,False,False,False,False,,0,0,False,False,No Card,100,100,1024,1343,848,929,2,False,False,False,False,False,0,False,False,False,False,79,,47.088,,3938,,4986,,47.088,,True,3.928,3.928,3.928,3.928,3.928,3.928,3.928,3.928,3.928,3.928,3.928,3.928,0,,False,False,True,,,,,,,,,,,,,,,False,False,9.422,,97.1,,75.7,,97.1,,1478,86,8,20,7,143956.0,19194.14,,Idle,,20,,10,,,20,Go Home,False,False,False,False,False,False,False,False,False,False,False,False,33.8027920380556,-117.4659261431046,2681.0,2972.0,1049.4,396.9,True,1,1,False,False,False,False,,True,False,False,Course Lock,196.8,67,16.4,93,E,SW,2.9,11.4,Calm,False,False,Android,7.0.2,M300 RTK,1ZN7L4R0H1D00F,1W9DL31001461C,1ZMLH8300204F0,1Z6PH74DAP0QN7,"Corona, CA",728.3,5.7,137.7,8.547347,2.013246,0,0,DJI Matrice 300 RTK,M300 RTK,1ZN7L4R0H1D00F,1W9DL31001461C,1ZMLH8300204F0,1Z6PH74DAP0QN7,DJI Pilot,Android,7.0.2,1EF72A62-B7C3-C88D-164E-CE6F8C8424AE,1ZN7L4R0H1D00F,1W9DL31001461C,,1ZMLH8300204F0,1W9DL31001461C,,,,,
2023-11-01,11:30:52.24 AM,6m 29.9s,389.9,33.7998011741094,-117.4740078104632,79.7,137.7,15.0,1343,3120.7,5.415058,6.94893,-3.35541,2.23694,-4.250186,1.342164,0.223694,0.894776,-2.2,-0.4,2.2,-125.3,234.7,233.0,Tripod,Other,,21,5,True,,True,False,,Smart,RC,False,True,False,,,True,,False,False,False,False,False,False,False,False,False,False,0,Follow Yaw,-77.9,0,-133.7,226.3,False,False,False,False,False,,0,0,False,False,No Card,100,100,1024,1341,846,938,2,False,False,False,False,False,0,False,False,False,False,79,,47.088,,3938,,4986,,47.088,,True,3.928,3.928,3.928,3.928,3.928,3.928,3.928,3.928,3.928,3.928,3.928,3.928,0,,False,False,True,,,,,,,,,,,,,,,False,False,9.422,,97.1,,75.7,,97.1,,1478,86,8,20,7,143956.0,19194.14,,Idle,,20,,10,,,20,Go Home,False,False,False,False,False,False,False,False,False,False,False,False,33.8027920380556,-117.4659261431046,2681.9,2972.0,1049.4,396.9,True,1,1,False,False,False,False,,True,False,False,Course Lock,196.8,67,16.4,93,E,SW,2.9,11.4,Calm,False,False,Android,7.0.2,M300 RTK,1ZN7L4R0H1D00F,1W9DL31001461C,1ZMLH8300204F0,1Z6PH74DAP0QN7,"Corona, CA",728.3,5.7,137.7,8.547347,2.013246,0,0,DJI Matrice 300 RTK,M300 RTK,1ZN7L4R0H1D00F,1W9DL31001461C,1ZMLH8300204F0,1Z6PH74DAP0QN7,DJI Pilot,Android,7.0.2,1EF72A62-B7C3-C88D-164E-CE6F8C8424AE,1ZN7L4R0H1D00F,1W9DL31001461C,,1ZMLH8300204F0,1W9DL31001461C,,,,,
2023-11-01,11:30:52.34 AM,6m 30.0s,390.0,33.799799851162,-117.4740098663863,79.7,137.7,15.4,1343,3121.4,5.415058,6.94893,-3.35541,2.23694,-4.250186,1.342164,0.223694,0.894776,-2.5,0,2.5,-125.4,234.6,232.2,Tripod,Other,,21,5,True,,True,False,,Smart,RC,False,True,False,,,True,,False,False,False,False,False,False,False,False,False,False,0,Follow Yaw,-77.9,0,-133.8,226.2,False,False,False,False,False,,0,0,False,False,No Card,100,100,1024,1342,846,938,2,False,False,False,False,False,0,False,False,False,False,79,,47.1,,7933,,10044,,47.1,,True,3.928,3.928,3.928,3.928,3.928,3.928,3.928,3.928,3.928,3.928,3.928,3.928,0,,False,False,True,,,,,,,,,,,,,,,False,False,18.984,,97.1,,75.7,,97.1,,1478,86,8,20,7,143956.0,19194.14,,Idle,,20,,10,,,20,Go Home,False,False,False,False,False,False,False,False,False,False,False,False,33.8027920380556,-117.4659261431046,2682.6,2972.0,1049.4,396.9,True,1,1,False,False,False,False,,True,False,False,Course Lock,196.8,67,16.4,93,E,SW,2.9,11.4,Calm,False,False,Android,7.0.2,M300 RTK,1ZN7L4R0H1D00F,1W9DL31001461C,1ZMLH8300204F0,1Z6PH74DAP0QN7,"Corona, CA",728.3,5.7,137.7,8.547347,2.013246,0,0,DJI Matrice 300 RTK,M300 RTK,1ZN7L4R0H1D00F,1W9DL31001461C,1ZMLH8300204F0,1Z6PH74DAP0QN7,DJI Pilot,Android,7.0.2,1EF72A62-B7C3-C88D-164E-CE6F8C8424AE,1ZN7L4R0H1D00F,1W9DL31001461C,,1ZMLH8300204F0,1W9DL31001461C,,,,,
2023-11-01,11:30:52.44 AM,6m 30.1s,390.1,33.799798478049,-117.4740120693467,79.7,137.7,15.4,1343,3122.3,5.415058,6.94893,-3.35541,2.23694,-4.250186,1.342164,0.223694,0.894776,-2.5,0,2.5,-125.6,234.4,233.1,Tripod,Other,,21,5,True,,True,False,,Smart,RC,False,True,False,,,True,,False,False,False,False,False,False,False,False,False,False,0,Follow Yaw,-77.9,0,-134,226,False,False,False,False,False,,0,0,False,False,No Card,100,100,1024,1340,846,937,2,False,False,False,False,False,0,False,False,False,False,79,,47.1,,7933,,10044,,47.1,,True,3.928,3.928,3.928,3.928,3.928,3.928,3.928,3.928,3.928,3.928,3.928,3.928,0,,False,False,True,,,,,,,,,,,,,,,False,False,18.984,,97.1,,75.7,,97.1,,1478,86,8,20,7,143956.0,19194.14,,Idle,,20,,10,,,20,Go Home,False,False,False,False,False,False,False,False,False,False,False,False,33.8027920380556,-117.4659261431046,2683.5,2972.0,1049.4,396.9,True,1,1,False,False,False,False,,True,False,False,Course Lock,196.8,67,16.4,93,E,SW,2.9,11.4,Calm,False,False,Android,7.0.2,M300 RTK,1ZN7L4R0H1D00F,1W9DL31001461C,1ZMLH8300204F0,1Z6PH74DAP0QN7,"Corona, CA",728.3,5.7,137.7,8.547347,2.013246,0,0,DJI Matrice 300 RTK,M300 RTK,1ZN7L4R0H1D00F,1W9DL31001461C,1ZMLH8300204F0,1Z6PH74DAP0QN7,DJI Pilot,Android,7.0.2,1EF72A62-B7C3-C88D-164E-CE6F8C8424AE,1ZN7L4R0H1D00F,1W9DL31001461C,,1ZMLH8300204F0,1W9DL31001461C,,,,,
2023-11-01,11:30:52.54 AM,6m 30.2s,390.2,33.7997970816349,-117.4740142451757,79.3,137.7,15.0,1343,3123.1,5.59235,6.94893,-3.35541,2.23694,-4.47388,1.342164,0.223694,0.894776,-2.4,-0.1,2.4,-125.7,234.3,232.3,Tripod,Other,,21,5,True,,True,False,,Smart,RC,False,True,False,,,True,,False,False,False,False,False,False,False,False,False,False,0,Follow Yaw,-77.9,0,-134.1,225.9,False,False,False,False,False,,0,0,False,False,No Card,100,100,1024,1341,847,936,2,False,False,False,False,False,0,False,False,False,False,79,,47.1,,7933,,10044,,47.1,,True,3.928,3.928,3.928,3.928,3.928,3.928,3.928,3.928,3.928,3.928,3.928,3.928,0,,False,False,True,,,,,,,,,,,,,,,False,False,18.984,,97.1,,75.7,,97.1,,1478,86,8,20,7,143956.0,19194.14,,Idle,,20,,10,,,20,Go Home,False,False,False,False,False,False,False,False,False,False,False,False,33.8027920380556,-117.4659261431046,2684.3,2972.0,1049.4,396.9,True,1,1,False,False,False,False,,True,False,False,Course Lock,196.8,67,16.4,93,E,SW,2.9,11.4,Calm,False,False,Android,7.0.2,M300 RTK,1ZN7L4R0H1D00F,1W9DL31001461C,1ZMLH8300204F0,1Z6PH74DAP0QN7,"Corona, CA",728.3,5.7,137.7,8.547347,2.013246,0,0,DJI Matrice 300 RTK,M300 RTK,1ZN7L4R0H1D00F,1W9DL31001461C,1ZMLH8300204F0,1Z6PH74DAP0QN7,DJI Pilot,Android,7.0.2,1EF72A62-B7C3-C88D-164E-CE6F8C8424AE,1ZN7L4R0H1D00F,1W9DL31001461C,,1ZMLH8300204F0,1W9DL31001461C,,,,,
2023-11-01,11:30:52.64 AM,6m 30.3s,390.3,33.7997957595099,-117.4740164305708,79.3,137.7,15.0,1343,3123.9,5.59235,6.94893,-3.35541,2.23694,-4.47388,1.342164,0.223694,0.894776,-2.3,-0.2,2.3,-125.9,234.1,233.9,Tripod,Other,,21,5,True,,True,False,,Smart,RC,False,True,False,,,True,,False,False,False,False,False,False,False,False,False,False,0,Follow Yaw,-77.9,0,-134.2,225.8,False,False,False,False,False,,0,0,False,False,No Card,100,100,1024,1343,846,935,2,False,False,False,False,False,0,False,False,False,False,79,,47.1,,7933,,10044,,47.1,,True,3.926,3.926,3.926,3.926,3.926,3.926,3.926,3.926,3.926,3.926,3.926,3.926,0,,False,False,True,,,,,,,,,,,,,,,False,False,18.984,,97.1,,75.7,,97.1,,1479,86,8,20,7,143252.2,19100.30,,Idle,,20,,10,,,20,Go Home,False,False,False,False,False,False,False,False,False,False,False,False,33.8027920380556,-117.4659261431046,2685.1,2972.0,1049.4,396.9,True,1,1,False,False,False,False,,True,False,False,Course Lock,196.8,67,16.4,93,E,SW,2.68,11.4,Calm,False,False,Android,7.0.2,M300 RTK,1ZN7L4R0H1D00F,1W9DL31001461C,1ZMLH8300204F0,1Z6PH74DAP0QN7,"Corona, CA",728.3,5.7,137.7,8.547347,2.013246,0,0,DJI Matrice 300 RTK,M300 RTK,1ZN7L4R0H1D00F,1W9DL31001461C,1ZMLH8300204F0,1Z6PH74DAP0QN7,DJI Pilot,Android,7.0.2,1EF72A62-B7C3-C88D-164E-CE6F8C8424AE,1ZN7L4R0H1D00F,1W9DL31001461C,,1ZMLH8300204F0,1W9DL31001461C,,,,,
2023-11-01,11:30:52.74 AM,6m 30.4s,390.4,33.7997943543237,-117.4740186073069,79.3,137.7,15.0,1343,3124.8,5.59235,6.94893,-3.35541,2.23694,-4.47388,1.342164,0.223694,0.894776,-2.2,-0.2,2.2,-126,234,232.1,Tripod,Other,,21,5,True,,True,False,,Smart,RC,False,True,False,,,True,,False,False,False,False,False,False,False,False,False,False,0,Follow Yaw,-77.9,0,-134.4,225.6,False,False,False,False,False,,0,0,False,False,No Card,100,100,1024,1342,849,932,2,False,False,False,False,False,0,False,False,False,False,79,,47.1,,7933,,10044,,47.1,,True,3.926,3.926,3.926,3.926,3.926,3.926,3.926,3.926,3.926,3.926,3.926,3.926,0,,False,False,True,,,,,,,,,,,,,,,False,False,18.984,,97.1,,75.7,,97.1,,1479,86,8,20,7,143252.2,19100.30,,Idle,,20,,10,,,20,Go Home,False,False,False,False,False,False,False,False,False,False,False,False,33.8027920380556,-117.4659261431046,2685.9,2972.0,1049.4,396.9,True,1,1,False,False,False,False,,True,False,False,Course Lock,196.8,67,16.4,93,E,SW,2.68,11.4,Calm,False,False,Android,7.0.2,M300 RTK,1ZN7L4R0H1D00F,1W9DL31001461C,1ZMLH8300204F0,1Z6PH74DAP0QN7,"Corona, CA",728.3,5.7,137.7,8.547347,2.013246,0,0,DJI Matrice 300 RTK,M300 RTK,1ZN7L4R0H1D00F,1W9DL31001461C,1ZMLH8300204F0,1Z6PH74DAP0QN7,DJI Pilot,Android,7.0.2,1EF72A62-B7C3-C88D-164E-CE6F8C8424AE,1ZN7L4R0H1D00F,1W9DL31001461C,,1ZMLH8300204F0,1W9DL31001461C,,,,,
2023-11-01,11:30:52.81 AM,6m 30.5s,390.5,33.7997930464534,-117.4740208426765,79.3,137.7,15.0,1343,3125.6,5.59235,6.94893,-3.35541,2.23694,-4.47388,1.342164,0.223694,0.894776,-2.3,-0.2,2.3,-126.1,233.9,234.8,Tripod,Other,,21,5,True,,True,False,,Smart,RC,False,True,False,,,True,,False,False,False,False,False,False,False,False,False,False,0,Follow Yaw,-77.9,0,-134.5,225.5,False,False,False,False,False,,0,0,False,False,No Card,100,100,1024,1342,849,929,2,False,False,False,False,False,0,False,False,False,False,79,,47.1,,7933,,10044,,47.1,,True,3.926,3.926,3.926,3.926,3.926,3.926,3.926,3.926,3.926,3.926,3.926,3.926,0,,False,False,True,,,,,,,,,,,,,,,False,False,18.984,,97.1,,75.7,,97.1,,1479,86,8,20,7,143252.2,19100.30,,Idle,,20,,10,,,20,Go Home,False,False,False,False,False,False,False,False,False,False,False,False,33.8027920380556,-117.4659261431046,2686.7,2972.0,1049.4,396.9,True,1,1,False,False,False,False,,True,False,False,Course Lock,196.8,67,16.4,93,E,SW,2.68,11.4,Calm,False,False,Android,7.0.2,M300 RTK,1ZN7L4R0H1D00F,1W9DL31001461C,1ZMLH8300204F0,1Z6PH74DAP0QN7,"Corona, CA",728.3,5.7,137.7,8.547347,2.013246,0,0,DJI Matrice 300 RTK,M300 RTK,1ZN7L4R0H1D00F,1W9DL31001461C,1ZMLH8300204F0,1Z6PH74DAP0QN7,DJI Pilot,Android,7.0.2,1EF72A62-B7C3-C88D-164E-CE6F8C8424AE,1ZN7L4R0H1D00F,1W9DL31001461C,,1ZMLH8300204F0,1W9DL31001461C,,,,,
2023-11-01,11:30:52.91 AM,6m 30.6s,390.6,33.7997916396224,-117.4740230262573,79.3,137.7,15.0,1343,3126.4,5.59235,6.94893,-3.35541,2.23694,-4.47388,1.342164,0.223694,0.894776,-2.5,-0.1,2.5,-126.2,233.8,232.2,Tripod,Other,,21,5,True,,True,False,,Smart,RC,False,True,False,,,True,,False,False,False,False,False,False,False,False,False,False,0,Follow Yaw,-77.9,0,-134.7,225.3,False,False,False,False,False,,0,0,False,False,No Card,100,100,1024,1342,849,929,2,False,False,False,False,False,0,False,False,False,False,79,,47.1,,7933,,10044,,47.1,,True,3.926,3.926,3.926,3.926,3.926,3.926,3.926,3.926,3.926,3.926,3.926,3.926,0,,False,False,True,,,,,,,,,,,,,,,False,False,18.984,,97.1,,75.7,,97.1,,1479,86,8,20,7,143252.2,19100.30,,Idle,,20,,10,,,20,Go Home,False,False,False,False,False,False,False,False,False,False,False,False,33.8027920380556,-117.4659261431046,2687.5,2972.0,1049.4,396.9,True,1,1,False,False,False,False,,True,False,False,Course Lock,196.8,67,16.4,93,E,SW,2.68,11.4,Calm,False,False,Android,7.0.2,M300 RTK,1ZN7L4R0H1D00F,1W9DL31001461C,1ZMLH8300204F0,1Z6PH74DAP0QN7,"Corona, CA",728.3,5.7,137.7,8.547347,2.013246,0,0,DJI Matrice 300 RTK,M300 RTK,1ZN7L4R0H1D00F,1W9DL31001461C,1ZMLH8300204F0,1Z6PH74DAP0QN7,DJI Pilot,Android,7.0.2,1EF72A62-B7C3-C88D-164E-CE6F8C8424AE,1ZN7L4R0H1D00F,1W9DL31001461C,,1ZMLH8300204F0,1W9DL31001461C,,,,,
2023-11-01,11:30:53.01 AM,6m 30.7s,390.7,33.7997900192448,-117.4740252323926,79.3,137.7,15.0,1343,3127.3,5.59235,6.94893,-3.35541,2.23694,-4.47388,1.342164,0.223694,0.894776,-2.3,0,2.3,-126.4,233.6,228.5,Tripod,Other,,21,5,True,,True,False,,Smart,RC,False,True,False,,,True,,False,False,False,False,False,False,False,False,False,False,0,Follow Yaw,-77.9,0,-134.8,225.2,False,False,False,False,False,,0,0,False,False,No Card,100,100,1024,1340,849,929,2,False,False,False,False,False,0,False,False,False,False,79,,47.1,,7933,,10044,,47.1,,True,3.926,3.926,3.926,3.926,3.926,3.926,3.926,3.926,3.926,3.926,3.926,3.926,0,,False,False,True,,,,,,,,,,,,,,,False,False,18.984,,97.1,,75.7,,97.1,,1479,86,8,20,7,143252.2,19100.30,,Idle,,20,,10,,,20,Go Home,False,False,False,False,False,False,False,False,False,False,False,False,33.8027920380556,-117.4659261431046,2688.4,2972.0,1049.4,396.9,True,1,1,False,False,False,False,,True,False,False,Course Lock,196.8,67,16.4,93,E,SW,2.68,11.4,Calm,False,False,Android,7.0.2,M300 RTK,1ZN7L4R0H1D00F,1W9DL31001461C,1ZMLH8300204F0,1Z6PH74DAP0QN7,"Corona, CA",728.3,5.7,137.7,8.547347,2.013246,0,0,DJI Matrice 300 RTK,M300 RTK,1ZN7L4R0H1D00F,1W9DL31001461C,1ZMLH8300204F0,1Z6PH74DAP0QN7,DJI Pilot,Android,7.0.2,1EF72A62-B7C3-C88D-164E-CE6F8C8424AE,1ZN7L4R0H1D00F,1W9DL31001461C,,1ZMLH8300204F0,1W9DL31001461C,,,,,
2023-11-01,11:30:53.12 AM,6m 30.8s,390.8,33.7997885828079,-117.4740274292093,79.3,137.7,15.0,1343,3128.2,5.59235,6.94893,-3.35541,2.23694,-4.47388,1.342164,0.223694,0.894776,-2,-0.2,2,-126.7,233.3,231.8,Tripod,Other,,21,5,True,,True,False,,Smart,RC,False,True,False,,,True,,False,False,False,False,False,False,False,False,False,False,0,Follow Yaw,-77.9,0,-135,225,False,False,False,False,False,,0,0,False,False,No Card,100,100,1024,1340,849,928,2,False,False,False,False,False,0,False,False,False,False,79,,47.1,,7933,,10044,,47.1,,True,3.926,3.926,3.926,3.926,3.926,3.926,3.926,3.926,3.926,3.926,3.926,3.926,0,,False,False,True,,,,,,,,,,,,,,,False,False,18.984,,97.1,,75.7,,97.1,,1479,86,8,20,7,143252.2,19100.30,,Idle,,20,,10,,,20,Go Home,False,False,False,False,False,False,False,False,False,False,False,False,33.8027920380556,-117.4659261431046,2689.2,2972.0,1049.4,396.9,True,1,1,False,False,False,False,,True,False,False,Course Lock,196.8,67,16.4,93,E,SW,2.68,11.4,Calm,False,False,Android,7.0.2,M300 RTK,1ZN7L4R0H1D00F,1W9DL31001461C,1ZMLH8300204F0,1Z6PH74DAP0QN7,"Corona, CA",728.3,5.7,137.7,8.547347,2.013246,0,0,DJI Matrice 300 RTK,M300 RTK,1ZN7L4R0H1D00F,1W9DL31001461C,1ZMLH8300204F0,1Z6PH74DAP0QN7,DJI Pilot,Android,7.0.2,1EF72A62-B7C3-C88D-164E-CE6F8C8424AE,1ZN7L4R0H1D00F,1W9DL31001461C,,1ZMLH8300204F0,1W9DL31001461C,,,,,
2023-11-01,11:30:53.24 AM,6m 30.9s,390.9,33.7997873363425,-117.4740294852149,79.0,137.7,15.0,1343,3128.9,5.59235,6.94893,-3.35541,2.23694,-4.47388,1.342164,0.223694,0.894776,-2,-0.4,2,-126.8,233.2,233.8,Tripod,Other,,21,5,True,,True,False,,Smart,RC,False,True,False,,,True,,False,False,False,False,False,False,False,False,False,False,0,Follow Yaw,-77.9,0,-135.2,224.8,False,False,False,False,False,,0,0,False,False,No Card,100,100,1024,1340,852,919,2,False,False,False,False,False,0,False,False,False,False,79,,47.064,,3938,,4986,,47.064,,True,3.926,3.926,3.926,3.926,3.926,3.926,3.926,3.926,3.926,3.926,3.926,3.926,0,,False,False,True,,,,,,,,,,,,,,,False,False,9.344,,97.3,,75.7,,97.3,,1479,86,8,20,7,143252.2,19100.30,,Idle,,20,,10,,,20,Go Home,False,False,False,False,False,False,False,False,False,False,False,False,33.8027920380556,-117.4659261431046,2689.9,2972.0,1049.4,396.9,True,1,1,False,False,False,False,,True,False,False,Course Lock,196.8,67,16.4,93,E,SW,2.68,11.4,Calm,False,False,Android,7.0.2,M300 RTK,1ZN7L4R0H1D00F,1W9DL31001461C,1ZMLH8300204F0,1Z6PH74DAP0QN7,"Corona, CA",728.3,5.7,137.7,8.547347,2.013246,0,0,DJI Matrice 300 RTK,M300 RTK,1ZN7L4R0H1D00F,1W9DL31001461C,1ZMLH8300204F0,1Z6PH74DAP0QN7,DJI Pilot,Android,7.0.2,1EF72A62-B7C3-C88D-164E-CE6F8C8424AE,1ZN7L4R0H1D00F,1W9DL31001461C,,1ZMLH8300204F0,1W9DL31001461C,,,,,
2023-11-01,11:30:53.34 AM,6m 31.0s,391.0,33.7997859037434,-117.4740316579514,79.0,137.7,15.0,1343,3129.8,5.59235,6.94893,-3.35541,2.23694,-4.47388,1.342164,0.223694,0.894776,-2.2,-0.5,2.2,-127,233,231.5,Tripod,Other,,21,5,True,,True,False,,Smart,RC,False,True,False,,,True,,False,False,False,False,False,False,False,False,False,False,0,Follow Yaw,-77.9,0,-135.3,224.7,False,False,False,False,False,,0,0,False,False,No Card,100,100,1024,1340,852,919,2,False,False,False,False,False,0,False,False,False,False,79,,47.1,,7933,,10044,,47.1,,True,3.926,3.926,3.926,3.926,3.926,3.926,3.926,3.926,3.926,3.926,3.926,3.926,0,,False,False,True,,,,,,,,,,,,,,,False,False,18.762,,97.3,,75.7,,97.3,,1479,86,8,20,7,143252.2,19100.30,,Idle,,20,,10,,,20,Go Home,False,False,False,False,False,False,False,False,False,False,False,False,33.8027920380556,-117.4659261431046,2690.8,2972.0,1049.4,396.9,True,1,1,False,False,False,False,,True,False,False,Course Lock,196.8,67,16.4,93,E,SW,2.68,11.4,Calm,False,False,Android,7.0.2,M300 RTK,1ZN7L4R0H1D00F,1W9DL31001461C,1ZMLH8300204F0,1Z6PH74DAP0QN7,"Corona, CA",728.3,5.7,137.7,8.547347,2.013246,0,0,DJI Matrice 300 RTK,M300 RTK,1ZN7L4R0H1D00F,1W9DL31001461C,1ZMLH8300204F0,1Z6PH74DAP0QN7,DJI Pilot,Android,7.0.2,1EF72A62-B7C3-C88D-164E-CE6F8C8424AE,1ZN7L4R0H1D00F,1W9DL31001461C,,1ZMLH8300204F0,1W9DL31001461C,,,,,
2023-11-01,11:30:53.43 AM,6m 31.1s,391.1,33.7997843403847,-117.4740338588914,79.0,137.7,15.0,1343,3130.7,5.415058,6.94893,-3.35541,2.23694,-4.250186,1.342164,0.223694,0.894776,-2.2,-0.6,2.2,-127.2,232.8,229.4,Tripod,Other,,21,5,True,,True,False,,Smart,RC,False,True,False,,,True,,False,False,False,False,False,False,False,False,False,False,0,Follow Yaw,-77.9,0,-135.5,224.5,False,False,False,False,False,,0,0,False,False,No Card,100,100,1024,1339,849,922,2,False,False,False,False,False,0,False,False,False,False,79,,47.1,,7933,,10044,,47.1,,True,3.926,3.926,3.926,3.926,3.926,3.926,3.926,3.926,3.926,3.926,3.926,3.926,0,,False,False,True,,,,,,,,,,,,,,,False,False,18.762,,97.3,,75.7,,97.3,,1479,86,8,20,7,143252.2,19100.30,,Idle,,20,,10,,,20,Go Home,False,False,False,False,False,False,False,False,False,False,False,False,33.8027920380556,-117.4659261431046,2691.6,2972.0,1049.4,396.9,True,1,1,False,False,False,False,,True,False,False,Course Lock,196.8,67,16.4,93,E,SW,2.68,11.4,Calm,False,False,Android,7.0.2,M300 RTK,1ZN7L4R0H1D00F,1W9DL31001461C,1ZMLH8300204F0,1Z6PH74DAP0QN7,"Corona, CA",728.3,5.7,137.7,8.547347,2.013246,0,0,DJI Matrice 300 RTK,M300 RTK,1ZN7L4R0H1D00F,1W9DL31001461C,1ZMLH8300204F0,1Z6PH74DAP0QN7,DJI Pilot,Android,7.0.2,1EF72A62-B7C3-C88D-164E-CE6F8C8424AE,1ZN7L4R0H1D00F,1W9DL31001461C,,1ZMLH8300204F0,1W9DL31001461C,,,,,
2023-11-01,11:30:53.53 AM,6m 31.2s,391.2,33.7997828762608,-117.4740360286591,79.0,137.7,15.0,1343,3131.5,5.556443,6.94893,-3.579104,2.23694,-4.250186,1.342164,0.223694,0.894776,-2.2,-0.5,2.2,-127.4,232.6,230.9,Tripod,Other,,21,5,True,,True,False,,Smart,RC,False,True,False,,,True,,False,False,False,False,False,False,False,False,False,False,0,Follow Yaw,-77.9,0,-135.7,224.3,False,False,False,False,False,,0,0,False,False,No Card,100,100,1024,1337,850,925,2,False,False,False,False,False,0,False,False,False,False,79,,47.1,,7933,,10044,,47.1,,True,3.926,3.926,3.926,3.926,3.926,3.926,3.926,3.926,3.926,3.926,3.926,3.926,0,,False,False,True,,,,,,,,,,,,,,,False,False,18.762,,97.3,,75.7,,97.3,,1479,86,8,20,7,143252.2,19100.30,,Idle,,20,,10,,,20,Go Home,False,False,False,False,False,False,False,False,False,False,False,False,33.8027920380556,-117.4659261431046,2692.4,2972.0,1049.4,396.9,True,1,1,False,False,False,False,,True,False,False,Course Lock,196.8,67,16.4,93,E,SW,2.68,11.4,Calm,False,False,Android,7.0.2,M300 RTK,1ZN7L4R0H1D00F,1W9DL31001461C,1ZMLH8300204F0,1Z6PH74DAP0QN7,"Corona, CA",728.3,5.7,137.7,8.547347,2.013246,0,0,DJI Matrice 300 RTK,M300 RTK,1ZN7L4R0H1D00F,1W9DL31001461C,1ZMLH8300204F0,1Z6PH74DAP0QN7,DJI Pilot,Android,7.0.2,1EF72A62-B7C3-C88D-164E-CE6F8C8424AE,1ZN7L4R0H1D00F,1W9DL31001461C,,1ZMLH8300204F0,1W9DL31001461C,,,,,
2023-11-01,11:30:53.64 AM,6m 31.3s,391.3,33.799781493279,-117.4740381845725,79.0,137.7,15.0,1343,3132.3,5.556443,6.94893,-3.579104,2.23694,-4.250186,1.342164,0.223694,0.894776,-2,-0.3,2,-127.4,232.6,232.3,Tripod,Other,,21,5,True,,True,False,,Smart,RC,False,True,False,,,True,,False,False,False,False,False,False,False,False,False,False,0,Follow Yaw,-77.9,0,-135.9,224.1,False,False,False,False,False,,0,0,False,False,No Card,100,100,1024,1337,850,926,2,False,False,False,False,False,0,False,False,False,False,79,,47.1,,7933,,10044,,47.1,,True,3.927,3.927,3.927,3.927,3.927,3.927,3.927,3.927,3.927,3.927,3.927,3.927,0,,False,False,True,,,,,,,,,,,,,,,False,False,18.762,,97.3,,75.7,,97.3,,1481,86,8,20,7,142676.5,19023.54,,Idle,,20,,10,,,20,Go Home,False,False,False,False,False,False,False,False,False,False,False,False,33.8027920380556,-117.4659261431046,2693.2,2972.0,1049.4,396.9,True,1,1,False,False,False,False,,True,False,False,Course Lock,196.8,67,16.4,93,E,SW,2.68,11.4,Calm,False,False,Android,7.0.2,M300 RTK,1ZN7L4R0H1D00F,1W9DL31001461C,1ZMLH8300204F0,1Z6PH74DAP0QN7,"Corona, CA",728.3,5.7,137.7,8.547347,2.013246,0,0,DJI Matrice 300 RTK,M300 RTK,1ZN7L4R0H1D00F,1W9DL31001461C,1ZMLH8300204F0,1Z6PH74DAP0QN7,DJI Pilot,Android,7.0.2,1EF72A62-B7C3-C88D-164E-CE6F8C8424AE,1ZN7L4R0H1D00F,1W9DL31001461C,,1ZMLH8300204F0,1W9DL31001461C,,,,,
2023-11-01,11:30:53.74 AM,6m 31.4s,391.4,33.7997800239466,-117.474040354464,79.0,137.7,15.0,1343,3133.2,5.729361,6.94893,-3.579104,2.23694,-4.47388,1.342164,0.223694,0.894776,-1.9,0,1.9,-127.5,232.5,230.8,Tripod,Other,,21,5,True,,True,False,,Smart,RC,False,True,False,,,True,,False,False,False,False,False,False,False,False,False,False,0,Follow Yaw,-77.9,0,-136,224,False,False,False,False,False,,0,0,False,False,No Card,100,100,1024,1335,852,927,2,False,False,False,False,False,0,False,False,False,False,79,,47.1,,7933,,10044,,47.1,,True,3.927,3.927,3.927,3.927,3.927,3.927,3.927,3.927,3.927,3.927,3.927,3.927,0,,False,False,True,,,,,,,,,,,,,,,False,False,18.762,,97.3,,75.7,,97.3,,1481,86,8,20,7,142676.5,19023.54,,Idle,,20,,10,,,20,Go Home,False,False,False,False,False,False,False,False,False,False,False,False,33.8027920380556,-117.4659261431046,2694.0,2972.0,1049.4,396.9,True,1,1,False,False,False,False,,True,False,False,Course Lock,196.8,67,16.4,93,E,SW,2.68,11.4,Calm,False,False,Android,7.0.2,M300 RTK,1ZN7L4R0H1D00F,1W9DL31001461C,1ZMLH8300204F0,1Z6PH74DAP0QN7,"Corona, CA",728.3,5.7,137.7,8.547347,2.013246,0,0,DJI Matrice 300 RTK,M300 RTK,1ZN7L4R0H1D00F,1W9DL31001461C,1ZMLH8300204F0,1Z6PH74DAP0QN7,DJI Pilot,Android,7.0.2,1EF72A62-B7C3-C88D-164E-CE6F8C8424AE,1ZN7L4R0H1D00F,1W9DL31001461C,,1ZMLH8300204F0,1W9DL31001461C,,,,,
2023-11-01,11:30:53.84 AM,6m 31.5s,391.5,33.7997785233635,-117.4740425620424,79.0,137.7,15.0,1343,3134.1,5.729361,6.94893,-3.579104,2.23694,-4.47388,1.342164,0.223694,0.894776,-1.8,-0.1,1.8,-127.7,232.3,230.7,Tripod,Other,,21,5,True,,True,False,,Smart,RC,False,True,False,,,True,,False,False,False,False,False,False,False,False,False,False,0,Follow Yaw,-77.9,0,-136.2,223.8,False,False,False,False,False,,0,0,False,False,No Card,100,100,1024,1337,851,925,2,False,False,False,False,False,0,False,False,False,False,79,,47.1,,7933,,10044,,47.1,,True,3.927,3.927,3.927,3.927,3.927,3.927,3.927,3.927,3.927,3.927,3.927,3.927,0,,False,False,True,,,,,,,,,,,,,,,False,False,18.762,,97.3,,75.7,,97.3,,1481,86,8,20,7,142676.5,19023.54,,Idle,,20,,10,,,20,Go Home,False,False,False,False,False,False,False,False,False,False,False,False,33.8027920380556,-117.4659261431046,2694.9,2972.0,1049.4,396.9,True,1,1,False,False,False,False,,True,False,False,Course Lock,196.8,67,16.4,93,E,SW,2.68,11.4,Calm,False,False,Android,7.0.2,M300 RTK,1ZN7L4R0H1D00F,1W9DL31001461C,1ZMLH8300204F0,1Z6PH74DAP0QN7,"Corona, CA",728.3,5.7,137.7,8.547347,2.013246,0,0,DJI Matrice 300 RTK,M300 RTK,1ZN7L4R0H1D00F,1W9DL31001461C,1ZMLH8300204F0,1Z6PH74DAP0QN7,DJI Pilot,Android,7.0.2,1EF72A62-B7C3-C88D-164E-CE6F8C8424AE,1ZN7L4R0H1D00F,1W9DL31001461C,,1ZMLH8300204F0,1W9DL31001461C,,,,,
2023-11-01,11:30:53.95 AM,6m 31.6s,391.6,33.7997770540311,-117.4740447431493,79.0,137.7,15.0,1343,3134.9,5.729361,6.94893,-3.579104,2.23694,-4.47388,1.342164,0.223694,0.894776,-1.7,-0.2,1.7,-127.8,232.2,230.9,Tripod,Other,,21,5,True,,True,False,,Smart,RC,False,True,False,,,True,,False,False,False,False,False,False,False,False,False,False,0,Follow Yaw,-77.9,0,-136.4,223.6,False,False,False,False,False,,0,0,False,False,No Card,100,100,1024,1336,850,926,2,False,False,False,False,False,0,False,False,False,False,79,,47.1,,7933,,10044,,47.1,,True,3.927,3.927,3.927,3.927,3.927,3.927,3.927,3.927,3.927,3.927,3.927,3.927,0,,False,False,True,,,,,,,,,,,,,,,False,False,18.762,,97.3,,75.7,,97.3,,1481,86,8,20,7,142676.5,19023.54,,Idle,,20,,10,,,20,Go Home,False,False,False,False,False,False,False,False,False,False,False,False,33.8027920380556,-117.4659261431046,2695.7,2972.0,1049.4,396.9,True,1,1,False,False,False,False,,True,False,False,Course Lock,196.8,67,16.4,93,E,SW,2.68,11.4,Calm,False,False,Android,7.0.2,M300 RTK,1ZN7L4R0H1D00F,1W9DL31001461C,1ZMLH8300204F0,1Z6PH74DAP0QN7,"Corona, CA",728.3,5.7,137.7,8.547347,2.013246,0,0,DJI Matrice 300 RTK,M300 RTK,1ZN7L4R0H1D00F,1W9DL31001461C,1ZMLH8300204F0,1Z6PH74DAP0QN7,DJI Pilot,Android,7.0.2,1EF72A62-B7C3-C88D-164E-CE6F8C8424AE,1ZN7L4R0H1D00F,1W9DL31001461C,,1ZMLH8300204F0,1W9DL31001461C,,,,,
2023-11-01,11:30:54.05 AM,6m 31.7s,391.7,33.7997756038877,-117.4740468345329,78.7,137.7,15.0,1343,3135.7,5.729361,6.94893,-3.579104,2.23694,-4.47388,1.342164,0.223694,0.894776,-1.7,-0.2,1.7,-127.9,232.1,230.1,Tripod,Other,,21,5,True,,True,False,,Smart,RC,False,True,False,,,True,,False,False,False,False,False,False,False,False,False,False,0,Follow Yaw,-77.9,0,-136.5,223.5,False,False,False,False,False,,0,0,False,False,No Card,100,100,1024,1338,848,926,2,False,False,False,False,False,0,False,False,False,False,79,,47.1,,7933,,10044,,47.1,,True,3.927,3.927,3.927,3.927,3.927,3.927,3.927,3.927,3.927,3.927,3.927,3.927,0,,False,False,True,,,,,,,,,,,,,,,False,False,18.762,,97.3,,75.7,,97.3,,1481,86,8,20,7,142676.5,19023.54,,Idle,,20,,10,,,20,Go Home,False,False,False,False,False,False,False,False,False,False,False,False,33.8027920380556,-117.4659261431046,2696.5,2972.0,1049.4,396.9,True,1,1,False,False,False,False,,True,False,False,Course Lock,196.8,67,16.4,93,E,SW,2.68,11.4,Calm,False,False,Android,7.0.2,M300 RTK,1ZN7L4R0H1D00F,1W9DL31001461C,1ZMLH8300204F0,1Z6PH74DAP0QN7,"Corona, CA",728.3,5.7,137.7,8.547347,2.013246,0,0,DJI Matrice 300 RTK,M300 RTK,1ZN7L4R0H1D00F,1W9DL31001461C,1ZMLH8300204F0,1Z6PH74DAP0QN7,DJI Pilot,Android,7.0.2,1EF72A62-B7C3-C88D-164E-CE6F8C8424AE,1ZN7L4R0H1D00F,1W9DL31001461C,,1ZMLH8300204F0,1W9DL31001461C,,,,,
2023-11-01,11:30:54.16 AM,6m 31.8s,391.8,33.7997741345553,-117.4740490169592,78.7,137.7,15.0,1343,3136.6,5.729361,6.94893,-3.579104,2.23694,-4.47388,1.342164,0.223694,0.894776,-1.7,-0.2,1.7,-128.1,231.9,230.9,Tripod,Other,,21,5,True,,True,False,,Smart,RC,False,True,False,,,True,,False,False,False,False,False,False,False,False,False,False,0,Follow Yaw,-77.9,0,-136.7,223.3,False,False,False,False,False,,0,0,False,False,No Card,100,100,1024,1338,848,926,2,False,False,False,False,False,0,False,False,False,False,79,,47.1,,7933,,10044,,47.1,,True,3.927,3.927,3.927,3.927,3.927,3.927,3.927,3.927,3.927,3.927,3.927,3.927,0,,False,False,True,,,,,,,,,,,,,,,False,False,18.762,,97.3,,75.7,,97.3,,1481,86,8,20,7,142676.5,19023.54,,Idle,,20,,10,,,20,Go Home,False,False,False,False,False,False,False,False,False,False,False,False,33.8027920380556,-117.4659261431046,2697.3,2972.0,1049.4,396.9,True,1,1,False,False,False,False,,True,False,False,Course Lock,196.8,67,16.4,93,E,SW,2.68,11.4,Calm,False,False,Android,7.0.2,M300 RTK,1ZN7L4R0H1D00F,1W9DL31001461C,1ZMLH8300204F0,1Z6PH74DAP0QN7,"Corona, CA",728.3,5.7,137.7,8.547347,2.013246,0,0,DJI Matrice 300 RTK,M300 RTK,1ZN7L4R0H1D00F,1W9DL31001461C,1ZMLH8300204F0,1Z6PH74DAP0QN7,DJI Pilot,Android,7.0.2,1EF72A62-B7C3-C88D-164E-CE6F8C8424AE,1ZN7L4R0H1D00F,1W9DL31001461C,,1ZMLH8300204F0,1W9DL31001461C,,,,,
2023-11-01,11:30:54.26 AM,6m 31.9s,391.9,33.7997727455428,-117.4740512763677,78.7,137.7,14.7,1343,3137.4,5.729361,6.94893,-3.579104,2.23694,-4.47388,1.342164,0.223694,0.894776,-1.6,-0.3,1.6,-128.2,231.8,233.5,Tripod,Other,,21,5,True,,True,False,,Smart,RC,False,True,False,,,True,,False,False,False,False,False,False,False,False,False,False,0,Follow Yaw,-77.9,0,-136.9,223.1,False,False,False,False,False,,0,0,False,False,No Card,100,100,1024,1336,851,926,2,False,False,False,False,False,0,False,False,False,False,79,,47.1,,7933,,10044,,47.1,,True,3.927,3.927,3.927,3.927,3.927,3.927,3.927,3.927,3.927,3.927,3.927,3.927,0,,False,False,True,,,,,,,,,,,,,,,False,False,18.762,,97.3,,75.7,,97.3,,1481,86,8,20,7,142676.5,19023.54,,Idle,,20,,10,,,20,Go Home,False,False,False,False,False,False,False,False,False,False,False,False,33.8027920380556,-117.4659261431046,2698.1,2972.0,1049.4,396.9,True,1,1,False,False,False,False,,True,False,False,Course Lock,196.8,67,16.4,93,E,SW,2.46,11.4,Calm,False,False,Android,7.0.2,M300 RTK,1ZN7L4R0H1D00F,1W9DL31001461C,1ZMLH8300204F0,1Z6PH74DAP0QN7,"Corona, CA",728.3,5.7,137.7,8.547347,2.013246,0,0,DJI Matrice 300 RTK,M300 RTK,1ZN7L4R0H1D00F,1W9DL31001461C,1ZMLH8300204F0,1Z6PH74DAP0QN7,DJI Pilot,Android,7.0.2,1EF72A62-B7C3-C88D-164E-CE6F8C8424AE,1ZN7L4R0H1D00F,1W9DL31001461C,,1ZMLH8300204F0,1W9DL31001461C,,,,,
2023-11-01,11:30:54.37 AM,6m 32.0s,392.0,33.7997712148054,-117.4740535880185,78.7,137.7,14.7,1343,3138.3,5.729361,6.94893,-3.579104,2.23694,-4.47388,1.342164,0.223694,0.894776,-1.4,-0.5,1.4,-128.4,231.6,231.4,Tripod,Other,,21,5,True,,True,False,,Smart,RC,False,True,False,,,True,,False,False,False,False,False,False,False,False,False,False,0,Follow Yaw,-77.9,0,-137,223,False,False,False,False,False,,0,0,False,False,No Card,100,100,1024,1338,853,920,2,False,False,False,False,False,0,False,False,False,False,79,,47.112,,7933,,10044,,47.112,,True,3.927,3.927,3.927,3.927,3.927,3.927,3.927,3.927,3.927,3.927,3.927,3.927,0,,False,False,True,,,,,,,,,,,,,,,False,False,18.854,,97.3,,75.7,,97.3,,1481,86,8,20,7,142676.5,19023.54,,Idle,,20,,10,,,20,Go Home,False,False,False,False,False,False,False,False,False,False,False,False,33.8027920380556,-117.4659261431046,2699.0,2972.0,1049.4,396.9,True,1,1,False,False,False,False,,True,False,False,Course Lock,196.8,67,16.4,93,E,SW,2.46,11.4,Calm,False,False,Android,7.0.2,M300 RTK,1ZN7L4R0H1D00F,1W9DL31001461C,1ZMLH8300204F0,1Z6PH74DAP0QN7,"Corona, CA",728.3,5.7,137.7,8.547347,2.013246,0,0,DJI Matrice 300 RTK,M300 RTK,1ZN7L4R0H1D00F,1W9DL31001461C,1ZMLH8300204F0,1Z6PH74DAP0QN7,DJI Pilot,Android,7.0.2,1EF72A62-B7C3-C88D-164E-CE6F8C8424AE,1ZN7L4R0H1D00F,1W9DL31001461C,,1ZMLH8300204F0,1W9DL31001461C,,,,,
2023-11-01,11:30:54.47 AM,6m 32.1s,392.1,33.7997698729431,-117.4740557087188,78.7,137.7,14.7,1343,3139.1,5.59235,6.94893,-3.35541,2.23694,-4.47388,1.342164,0.223694,0.894776,-1.1,-0.7,1.3,-128.5,231.5,232.7,Tripod,Other,,21,5,True,,True,False,,Smart,RC,False,True,False,,,True,,False,False,False,False,False,False,False,False,False,False,0,Follow Yaw,-77.9,0,-137.2,222.8,False,False,False,False,False,,0,0,False,False,No Card,100,100,1024,1338,853,920,2,False,False,False,False,False,0,False,False,False,False,79,,47.112,,7933,,10044,,47.112,,True,3.927,3.927,3.927,3.927,3.927,3.927,3.927,3.927,3.927,3.927,3.927,3.927,0,,False,False,True,,,,,,,,,,,,,,,False,False,18.854,,97.3,,75.7,,97.3,,1481,86,8,20,7,142676.5,19023.54,,Idle,,20,,10,,,20,Go Home,False,False,False,False,False,False,False,False,False,False,False,False,33.8027920380556,-117.4659261431046,2699.8,2972.0,1049.4,396.9,True,1,1,False,False,False,False,,True,False,False,Course Lock,196.8,67,16.4,93,E,SW,2.46,11.4,Calm,False,False,Android,7.0.2,M300 RTK,1ZN7L4R0H1D00F,1W9DL31001461C,1ZMLH8300204F0,1Z6PH74DAP0QN7,"Corona, CA",728.3,5.7,137.7,8.547347,2.013246,0,0,DJI Matrice 300 RTK,M300 RTK,1ZN7L4R0H1D00F,1W9DL31001461C,1ZMLH8300204F0,1Z6PH74DAP0QN7,DJI Pilot,Android,7.0.2,1EF72A62-B7C3-C88D-164E-CE6F8C8424AE,1ZN7L4R0H1D00F,1W9DL31001461C,,1ZMLH8300204F0,1W9DL31001461C,,,,,
2023-11-01,11:30:54.57 AM,6m 32.2s,392.2,33.7997684359579,-117.474057902443,78.7,137.7,14.7,1343,3140.0,5.59235,6.94893,-3.35541,2.23694,-4.47388,1.342164,0.223694,0.894776,-1.1,-0.9,1.4,-128.7,231.3,231.7,Tripod,Other,,22,5,True,,True,False,,Smart,RC,False,True,False,,,True,,False,False,False,False,False,False,False,False,False,False,0,Follow Yaw,-77.9,0,-137.4,222.6,False,False,False,False,False,,0,0,False,False,No Card,100,100,1024,1338,853,919,2,False,False,False,False,False,0,False,False,False,False,79,,47.112,,7933,,10044,,47.112,,True,3.927,3.927,3.927,3.927,3.927,3.927,3.927,3.927,3.927,3.927,3.927,3.927,0,,False,False,True,,,,,,,,,,,,,,,False,False,18.854,,97.3,,75.7,,97.3,,1481,86,8,20,7,142676.5,19023.54,,Idle,,20,,10,,,20,Go Home,False,False,False,False,False,False,False,False,False,False,False,False,33.8027920380556,-117.4659261431046,2700.6,2972.0,1049.4,396.9,True,1,1,False,False,False,False,,True,False,False,Course Lock,196.8,67,16.4,93,E,SW,2.46,11.4,Calm,False,False,Android,7.0.2,M300 RTK,1ZN7L4R0H1D00F,1W9DL31001461C,1ZMLH8300204F0,1Z6PH74DAP0QN7,"Corona, CA",728.3,5.7,137.7,8.547347,2.013246,0,0,DJI Matrice 300 RTK,M300 RTK,1ZN7L4R0H1D00F,1W9DL31001461C,1ZMLH8300204F0,1Z6PH74DAP0QN7,DJI Pilot,Android,7.0.2,1EF72A62-B7C3-C88D-164E-CE6F8C8424AE,1ZN7L4R0H1D00F,1W9DL31001461C,,1ZMLH8300204F0,1W9DL31001461C,,,,,
2023-11-01,11:30:54.67 AM,6m 32.3s,392.3,33.7997668671166,-117.4740600637579,78.7,137.7,14.7,1343,3140.9,5.59235,6.94893,-3.35541,2.23694,-4.47388,1.342164,0.223694,0.894776,-1.3,-1.1,1.7,-128.9,231.1,228.8,Tripod,Other,,22,5,True,,True,False,,Smart,RC,False,True,False,,,True,,False,False,False,False,False,False,False,False,False,False,0,Follow Yaw,-77.9,0,-137.5,222.5,False,False,False,False,False,,0,0,False,False,No Card,100,100,1024,1340,851,920,2,False,False,False,False,False,0,False,False,False,False,79,,47.112,,7933,,10044,,47.112,,True,3.925,3.925,3.925,3.925,3.925,3.925,3.925,3.925,3.925,3.925,3.925,3.925,0,,False,False,True,,,,,,,,,,,,,,,False,False,18.854,,97.3,,75.7,,97.3,,1484,86,8,20,7,142197.0,18959.60,,Idle,,20,,10,,,20,Go Home,False,False,False,False,False,False,False,False,False,False,False,False,33.8027920380556,-117.4659261431046,2701.5,2972.0,1049.4,396.9,True,1,1,False,False,False,False,,True,False,False,Course Lock,196.8,67,16.4,93,E,SW,2.46,11.4,Calm,False,False,Android,7.0.2,M300 RTK,1ZN7L4R0H1D00F,1W9DL31001461C,1ZMLH8300204F0,1Z6PH74DAP0QN7,"Corona, CA",728.3,5.7,137.7,8.547347,2.013246,0,0,DJI Matrice 300 RTK,M300 RTK,1ZN7L4R0H1D00F,1W9DL31001461C,1ZMLH8300204F0,1Z6PH74DAP0QN7,DJI Pilot,Android,7.0.2,1EF72A62-B7C3-C88D-164E-CE6F8C8424AE,1ZN7L4R0H1D00F,1W9DL31001461C,,1ZMLH8300204F0,1W9DL31001461C,,,,,
2023-11-01,11:30:54.78 AM,6m 32.4s,392.4,33.7997654199887,-117.4740622322062,78.4,137.7,14.7,1342,3141.7,5.415058,6.94893,-3.35541,2.23694,-4.250186,1.342164,0.223694,0.894776,-1.5,-1.1,1.8,-129.1,230.9,231.2,Tripod,Other,,22,5,True,,True,False,,Smart,RC,False,True,False,,,True,,False,False,False,False,False,False,False,False,False,False,0,Follow Yaw,-77.9,0,-137.7,222.3,False,False,False,False,False,,0,0,False,False,No Card,100,100,1024,1339,850,926,2,False,False,False,False,False,0,False,False,False,False,79,,47.112,,7933,,10044,,47.112,,True,3.925,3.925,3.925,3.925,3.925,3.925,3.925,3.925,3.925,3.925,3.925,3.925,0,,False,False,True,,,,,,,,,,,,,,,False,False,18.854,,97.3,,75.7,,97.3,,1484,86,8,20,7,142197.0,18959.60,,Idle,,20,,10,,,20,Go Home,False,False,False,False,False,False,False,False,False,False,False,False,33.8027920380556,-117.4659261431046,2702.3,2972.0,1049.4,396.9,True,1,1,False,False,False,False,,True,False,False,Course Lock,196.8,67,16.4,93,E,SW,2.46,11.4,Calm,False,False,Android,7.0.2,M300 RTK,1ZN7L4R0H1D00F,1W9DL31001461C,1ZMLH8300204F0,1Z6PH74DAP0QN7,"Corona, CA",728.3,5.7,137.7,8.547347,2.013246,0,0,DJI Matrice 300 RTK,M300 RTK,1ZN7L4R0H1D00F,1W9DL31001461C,1ZMLH8300204F0,1Z6PH74DAP0QN7,DJI Pilot,Android,7.0.2,1EF72A62-B7C3-C88D-164E-CE6F8C8424AE,1ZN7L4R0H1D00F,1W9DL31001461C,,1ZMLH8300204F0,1W9DL31001461C,,,,,
2023-11-01,11:30:54.84 AM,6m 32.5s,392.5,33.7997641195198,-117.4740641779133,78.4,137.7,14.7,1342,3142.5,5.415058,6.94893,-3.35541,2.23694,-4.250186,1.342164,0.223694,0.894776,-1.7,-1.3,2.1,-129.3,230.7,231.1,Tripod,Other,,22,5,True,,True,False,,Smart,RC,False,True,False,,,True,,False,False,False,False,False,False,False,False,False,False,0,Follow Yaw,-77.9,0,-137.9,222.1,False,False,False,False,False,,0,0,False,False,No Card,100,100,1024,1340,846,930,2,False,False,False,False,False,0,False,False,False,False,79,,47.112,,7933,,10044,,47.112,,True,3.925,3.925,3.925,3.925,3.925,3.925,3.925,3.925,3.925,3.925,3.925,3.925,0,,False,False,True,,,,,,,,,,,,,,,False,False,18.854,,97.3,,75.7,,97.3,,1484,86,8,20,7,142197.0,18959.60,,Idle,,20,,10,,,20,Go Home,False,False,False,False,False,False,False,False,False,False,False,False,33.8027920380556,-117.4659261431046,2703.0,2972.0,1049.4,396.9,True,1,1,False,False,False,False,,True,False,False,Course Lock,196.8,67,16.4,93,E,SW,2.46,11.4,Calm,False,False,Android,7.0.2,M300 RTK,1ZN7L4R0H1D00F,1W9DL31001461C,1ZMLH8300204F0,1Z6PH74DAP0QN7,"Corona, CA",728.3,5.7,137.7,8.547347,2.013246,0,0,DJI Matrice 300 RTK,M300 RTK,1ZN7L4R0H1D00F,1W9DL31001461C,1ZMLH8300204F0,1Z6PH74DAP0QN7,DJI Pilot,Android,7.0.2,1EF72A62-B7C3-C88D-164E-CE6F8C8424AE,1ZN7L4R0H1D00F,1W9DL31001461C,,1ZMLH8300204F0,1W9DL31001461C,,,,,
2023-11-01,11:30:54.94 AM,6m 32.6s,392.6,33.7997626800675,-117.4740663120556,78.4,137.7,14.7,1342,3143.3,5.415058,6.94893,-3.35541,2.23694,-4.250186,1.342164,0.223694,0.894776,-1.8,-1.5,2.3,-129.6,230.4,230.9,Tripod,Other,,22,5,True,,True,False,,Smart,RC,False,True,False,,,True,,False,False,False,False,False,False,False,False,False,False,0,Follow Yaw,-77.9,0,-138,222,False,False,False,False,False,,0,0,False,False,No Card,100,100,1024,1339,847,932,2,False,False,False,False,False,0,False,False,False,False,79,,47.112,,7933,,10044,,47.112,,True,3.925,3.925,3.925,3.925,3.925,3.925,3.925,3.925,3.925,3.925,3.925,3.925,0,,False,False,True,,,,,,,,,,,,,,,False,False,18.854,,97.3,,75.7,,97.3,,1484,86,8,20,7,142197.0,18959.60,,Idle,,20,,10,,,20,Go Home,False,False,False,False,False,False,False,False,False,False,False,False,33.8027920380556,-117.4659261431046,2703.8,2972.0,1049.4,396.9,True,1,1,False,False,False,False,,True,False,False,Course Lock,196.8,67,16.4,93,E,SW,2.46,11.4,Calm,False,False,Android,7.0.2,M300 RTK,1ZN7L4R0H1D00F,1W9DL31001461C,1ZMLH8300204F0,1Z6PH74DAP0QN7,"Corona, CA",728.3,5.7,137.7,8.547347,2.013246,0,0,DJI Matrice 300 RTK,M300 RTK,1ZN7L4R0H1D00F,1W9DL31001461C,1ZMLH8300204F0,1Z6PH74DAP0QN7,DJI Pilot,Android,7.0.2,1EF72A62-B7C3-C88D-164E-CE6F8C8424AE,1ZN7L4R0H1D00F,1W9DL31001461C,,1ZMLH8300204F0,1W9DL31001461C,,,,,
2023-11-01,11:30:55.04 AM,6m 32.7s,392.7,33.7997611852411,-117.4740686374783,78.4,137.7,14.7,1342,3144.2,5.556443,6.94893,-3.579104,2.23694,-4.250186,1.342164,0.223694,0.894776,-1.8,-1.5,2.3,-129.9,230.1,232.2,Tripod,Other,,22,5,True,,True,False,,Smart,RC,False,True,False,,,True,,False,False,False,False,False,False,False,False,False,False,0,Follow Yaw,-77.9,0,-138.2,221.8,False,False,False,False,False,,0,0,False,False,No Card,100,100,1024,1339,849,930,2,False,False,False,False,False,0,False,False,False,False,79,,47.04,,3938,,4986,,47.04,,True,3.925,3.925,3.925,3.925,3.925,3.925,3.925,3.925,3.925,3.925,3.925,3.925,0,,False,False,True,,,,,,,,,,,,,,,False,False,9.58,,97.3,,75.7,,97.3,,1484,86,8,20,7,142197.0,18959.60,,Idle,,20,,10,,,20,Go Home,False,False,False,False,False,False,False,False,False,False,False,False,33.8027920380556,-117.4659261431046,2704.7,2972.0,1049.4,396.9,True,1,1,False,False,False,False,,True,False,False,Course Lock,196.8,67,16.4,93,E,SW,2.46,11.4,Calm,False,False,Android,7.0.2,M300 RTK,1ZN7L4R0H1D00F,1W9DL31001461C,1ZMLH8300204F0,1Z6PH74DAP0QN7,"Corona, CA",728.3,5.7,137.7,8.547347,2.013246,0,0,DJI Matrice 300 RTK,M300 RTK,1ZN7L4R0H1D00F,1W9DL31001461C,1ZMLH8300204F0,1Z6PH74DAP0QN7,DJI Pilot,Android,7.0.2,1EF72A62-B7C3-C88D-164E-CE6F8C8424AE,1ZN7L4R0H1D00F,1W9DL31001461C,,1ZMLH8300204F0,1W9DL31001461C,,,,,
2023-11-01,11:30:55.14 AM,6m 32.8s,392.8,33.7997597216654,-117.4740707684456,78.4,137.7,14.7,1342,3145.0,5.556443,6.94893,-3.579104,2.23694,-4.250186,1.342164,0.223694,0.894776,-1.8,-1.3,2.2,-130.1,229.9,230.4,Tripod,Other,,22,5,True,,True,False,,Smart,RC,False,True,False,,,True,,False,False,False,False,False,False,False,False,False,False,0,Follow Yaw,-77.9,0,-138.3,221.7,False,False,False,False,False,,0,0,False,False,No Card,100,100,1024,1341,852,923,2,False,False,False,False,False,0,False,False,False,False,79,,47.04,,3938,,4986,,47.04,,True,3.925,3.925,3.925,3.925,3.925,3.925,3.925,3.925,3.925,3.925,3.925,3.925,0,,False,False,True,,,,,,,,,,,,,,,False,False,9.58,,97.3,,75.7,,97.3,,1484,86,8,20,7,142197.0,18959.60,,Idle,,20,,10,,,20,Go Home,False,False,False,False,False,False,False,False,False,False,False,False,33.8027920380556,-117.4659261431046,2705.5,2972.0,1049.4,396.9,True,1,1,False,False,False,False,,True,False,False,Course Lock,196.8,67,16.4,93,E,SW,2.46,11.4,Calm,False,False,Android,7.0.2,M300 RTK,1ZN7L4R0H1D00F,1W9DL31001461C,1ZMLH8300204F0,1Z6PH74DAP0QN7,"Corona, CA",728.3,5.7,137.7,8.547347,2.013246,0,0,DJI Matrice 300 RTK,M300 RTK,1ZN7L4R0H1D00F,1W9DL31001461C,1ZMLH8300204F0,1Z6PH74DAP0QN7,DJI Pilot,Android,7.0.2,1EF72A62-B7C3-C88D-164E-CE6F8C8424AE,1ZN7L4R0H1D00F,1W9DL31001461C,,1ZMLH8300204F0,1W9DL31001461C,,,,,
2023-11-01,11:30:55.24 AM,6m 32.9s,392.9,33.7997579664163,-117.4740728991656,78.4,137.7,14.4,1342,3145.9,5.556443,6.94893,-3.579104,2.23694,-4.250186,1.342164,0.223694,0.894776,-1.8,-1.2,2.1,-130.3,229.7,225.2,Tripod,Other,,22,5,True,,True,False,,Smart,RC,False,True,False,,,True,,False,False,False,False,False,False,False,False,False,False,0,Follow Yaw,-77.9,0,-138.5,221.5,False,False,False,False,False,,0,0,False,False,No Card,100,100,1024,1341,849,924,2,False,False,False,False,False,0,False,False,False,False,79,,47.04,,3938,,4986,,47.04,,True,3.925,3.925,3.925,3.925,3.925,3.925,3.925,3.925,3.925,3.925,3.925,3.925,0,,False,False,True,,,,,,,,,,,,,,,False,False,9.58,,97.3,,75.7,,97.3,,1484,86,8,20,7,142197.0,18959.60,,Idle,,20,,10,,,20,Go Home,False,False,False,False,False,False,False,False,False,False,False,False,33.8027920380556,-117.4659261431046,2706.3,2972.0,1049.4,396.9,True,1,1,False,False,False,False,,True,False,False,Course Lock,196.8,67,16.4,93,E,SW,2.46,11.4,Calm,False,False,Android,7.0.2,M300 RTK,1ZN7L4R0H1D00F,1W9DL31001461C,1ZMLH8300204F0,1Z6PH74DAP0QN7,"Corona, CA",728.3,5.7,137.7,8.547347,2.013246,0,0,DJI Matrice 300 RTK,M300 RTK,1ZN7L4R0H1D00F,1W9DL31001461C,1ZMLH8300204F0,1Z6PH74DAP0QN7,DJI Pilot,Android,7.0.2,1EF72A62-B7C3-C88D-164E-CE6F8C8424AE,1ZN7L4R0H1D00F,1W9DL31001461C,,1ZMLH8300204F0,1W9DL31001461C,,,,,
2023-11-01,11:30:55.34 AM,6m 33.0s,393.0,33.7997565357361,-117.4740748998364,78.4,137.7,14.4,1342,3146.7,5.556443,6.94893,-3.579104,2.23694,-4.250186,1.342164,0.223694,0.894776,-1.9,-1.3,2.3,-130.4,229.6,229.2,Tripod,Other,,22,5,True,,True,False,,Smart,RC,False,True,False,,,True,,False,False,False,False,False,False,False,False,False,False,0,Follow Yaw,-77.9,0,-138.7,221.3,False,False,False,False,False,,0,0,False,False,No Card,100,100,1024,1343,849,924,2,False,False,False,False,False,0,False,False,False,False,79,,47.076,,7933,,10044,,47.076,,True,3.925,3.925,3.925,3.925,3.925,3.925,3.925,3.925,3.925,3.925,3.925,3.925,0,,False,False,True,,,,,,,,,,,,,,,False,False,19.294,,97.3,,75.7,,97.3,,1484,86,8,20,7,142197.0,18959.60,,Idle,,20,,10,,,20,Go Home,False,False,False,False,False,False,False,False,False,False,False,False,33.8027920380556,-117.4659261431046,2707.1,2972.0,1049.4,396.9,True,1,1,False,False,False,False,,True,False,False,Course Lock,196.8,67,16.4,93,E,SW,2.46,11.4,Calm,False,False,Android,7.0.2,M300 RTK,1ZN7L4R0H1D00F,1W9DL31001461C,1ZMLH8300204F0,1Z6PH74DAP0QN7,"Corona, CA",728.3,5.7,137.7,8.547347,2.013246,0,0,DJI Matrice 300 RTK,M300 RTK,1ZN7L4R0H1D00F,1W9DL31001461C,1ZMLH8300204F0,1Z6PH74DAP0QN7,DJI Pilot,Android,7.0.2,1EF72A62-B7C3-C88D-164E-CE6F8C8424AE,1ZN7L4R0H1D00F,1W9DL31001461C,,1ZMLH8300204F0,1W9DL31001461C,,,,,
2023-11-01,11:30:55.44 AM,6m 33.1s,393.1,33.7997551012181,-117.4740771237844,78.4,137.7,14.4,1342,3147.6,5.556443,6.94893,-3.579104,2.23694,-4.250186,1.342164,0.223694,0.894776,-2,-1.2,2.3,-130.5,229.5,232.1,Tripod,Other,,22,5,True,,True,False,,Smart,RC,False,True,False,,,True,,False,False,False,False,False,False,False,False,False,False,0,Follow Yaw,-77.9,0,-138.8,221.2,False,False,False,False,False,,0,0,False,False,No Card,100,100,1024,1343,849,924,2,False,False,False,False,False,0,False,False,False,False,79,,47.076,,7933,,10044,,47.076,,True,3.925,3.925,3.925,3.925,3.925,3.925,3.925,3.925,3.925,3.925,3.925,3.925,0,,False,False,True,,,,,,,,,,,,,,,False,False,19.294,,97.3,,75.7,,97.3,,1484,86,8,20,7,142197.0,18959.60,,Idle,,20,,10,,,20,Go Home,False,False,False,False,False,False,False,False,False,False,False,False,33.8027920380556,-117.4659261431046,2707.9,2972.0,1049.4,396.9,True,1,1,False,False,False,False,,True,False,False,Course Lock,196.8,67,16.4,93,E,SW,2.46,11.4,Calm,False,False,Android,7.0.2,M300 RTK,1ZN7L4R0H1D00F,1W9DL31001461C,1ZMLH8300204F0,1Z6PH74DAP0QN7,"Corona, CA",728.3,5.7,137.7,8.547347,2.013246,0,0,DJI Matrice 300 RTK,M300 RTK,1ZN7L4R0H1D00F,1W9DL31001461C,1ZMLH8300204F0,1Z6PH74DAP0QN7,DJI Pilot,Android,7.0.2,1EF72A62-B7C3-C88D-164E-CE6F8C8424AE,1ZN7L4R0H1D00F,1W9DL31001461C,,1ZMLH8300204F0,1W9DL31001461C,,,,,
2023-11-01,11:30:55.54 AM,6m 33.2s,393.2,33.799753579527,-117.4740792223838,78.0,137.7,14.4,1342,3148.4,5.556443,6.94893,-3.579104,2.23694,-4.250186,1.342164,0.223694,0.894776,-2,-0.9,2.1,-130.5,229.5,228.8,Tripod,Other,,22,5,True,,True,False,,Smart,RC,False,True,False,,,True,,False,False,False,False,False,False,False,False,False,False,0,Follow Yaw,-77.9,0,-139,221,False,False,False,False,False,,0,0,False,False,No Card,100,100,1024,1344,849,924,2,False,False,False,False,False,0,False,False,False,False,79,,47.076,,7933,,10044,,47.076,,True,3.925,3.925,3.925,3.925,3.925,3.925,3.925,3.925,3.925,3.925,3.925,3.925,0,,False,False,True,,,,,,,,,,,,,,,False,False,19.294,,97.3,,75.7,,97.3,,1484,86,8,20,7,142197.0,18959.60,,Idle,,20,,10,,,20,Go Home,False,False,False,False,False,False,False,False,False,False,False,False,33.8027920380556,-117.4659261431046,2708.7,2972.0,1049.4,396.9,True,1,1,False,False,False,False,,True,False,False,Course Lock,196.8,67,16.4,93,E,SW,2.46,11.4,Calm,False,False,Android,7.0.2,M300 RTK,1ZN7L4R0H1D00F,1W9DL31001461C,1ZMLH8300204F0,1Z6PH74DAP0QN7,"Corona, CA",728.3,5.7,137.7,8.547347,2.013246,0,0,DJI Matrice 300 RTK,M300 RTK,1ZN7L4R0H1D00F,1W9DL31001461C,1ZMLH8300204F0,1Z6PH74DAP0QN7,DJI Pilot,Android,7.0.2,1EF72A62-B7C3-C88D-164E-CE6F8C8424AE,1ZN7L4R0H1D00F,1W9DL31001461C,,1ZMLH8300204F0,1W9DL31001461C,,,,,
2023-11-01,11:30:55.64 AM,6m 33.3s,393.3,33.7997519810797,-117.4740813233748,78.0,137.7,14.4,1342,3149.3,5.556443,6.94893,-3.579104,2.23694,-4.250186,1.342164,0.223694,0.894776,-2.1,-0.7,2.2,-130.6,229.4,227.5,Tripod,Other,,22,5,True,,True,False,,Smart,RC,False,True,False,,,True,,False,False,False,False,False,False,False,False,False,False,0,Follow Yaw,-77.9,0,-139.2,220.8,False,False,False,False,False,,0,0,False,False,No Card,100,100,1024,1345,848,924,2,False,False,False,False,False,0,False,False,False,False,79,,47.076,,7933,,10044,,47.076,,True,3.924,3.924,3.924,3.924,3.924,3.924,3.924,3.924,3.924,3.924,3.924,3.924,0,,False,False,True,,,,,,,,,,,,,,,False,False,19.294,,97.3,,75.7,,97.3,,1487,87,7,20,7,141878.2,18917.10,,Idle,,20,,10,,,20,Go Home,False,False,False,False,False,False,False,False,False,False,False,False,33.8027920380556,-117.4659261431046,2709.6,2972.0,1049.4,396.9,True,1,1,False,False,False,False,,True,False,False,Course Lock,196.8,67,16.4,93,E,SW,2.46,11.4,Calm,False,False,Android,7.0.2,M300 RTK,1ZN7L4R0H1D00F,1W9DL31001461C,1ZMLH8300204F0,1Z6PH74DAP0QN7,"Corona, CA",728.3,5.7,137.7,8.547347,2.013246,0,0,DJI Matrice 300 RTK,M300 RTK,1ZN7L4R0H1D00F,1W9DL31001461C,1ZMLH8300204F0,1Z6PH74DAP0QN7,DJI Pilot,Android,7.0.2,1EF72A62-B7C3-C88D-164E-CE6F8C8424AE,1ZN7L4R0H1D00F,1W9DL31001461C,,1ZMLH8300204F0,1W9DL31001461C,,,,,
2023-11-01,11:30:55.74 AM,6m 33.4s,393.4,33.7997504454081,-117.4740834202424,78.0,137.7,14.4,1342,3150.1,5.556443,6.94893,-3.579104,2.23694,-4.250186,1.342164,0.223694,0.894776,-2,-0.6,2,-130.8,229.2,228.6,Tripod,Other,,22,5,True,,True,False,,Smart,RC,False,True,False,,,True,,False,False,False,False,False,False,False,False,False,False,0,Follow Yaw,-77.9,0,-139.4,220.6,False,False,False,False,False,,0,0,False,False,No Card,100,100,1024,1345,847,924,2,False,False,False,False,False,0,False,False,False,False,79,,47.076,,7933,,10044,,47.076,,True,3.924,3.924,3.924,3.924,3.924,3.924,3.924,3.924,3.924,3.924,3.924,3.924,0,,False,False,True,,,,,,,,,,,,,,,False,False,19.294,,97.3,,75.7,,97.3,,1487,87,7,20,7,141878.2,18917.10,,Idle,,20,,10,,,20,Go Home,False,False,False,False,False,False,False,False,False,False,False,False,33.8027920380556,-117.4659261431046,2710.4,2972.0,1049.4,396.9,True,1,1,False,False,False,False,,True,False,False,Course Lock,196.8,67,16.4,93,E,SW,2.46,11.4,Calm,False,False,Android,7.0.2,M300 RTK,1ZN7L4R0H1D00F,1W9DL31001461C,1ZMLH8300204F0,1Z6PH74DAP0QN7,"Corona, CA",728.3,5.7,137.7,8.547347,2.013246,0,0,DJI Matrice 300 RTK,M300 RTK,1ZN7L4R0H1D00F,1W9DL31001461C,1ZMLH8300204F0,1Z6PH74DAP0QN7,DJI Pilot,Android,7.0.2,1EF72A62-B7C3-C88D-164E-CE6F8C8424AE,1ZN7L4R0H1D00F,1W9DL31001461C,,1ZMLH8300204F0,1W9DL31001461C,,,,,
2023-11-01,11:30:55.81 AM,6m 33.5s,393.5,33.7997487655444,-117.4740856058849,78.0,137.7,14.4,1342,3151.0,5.556443,6.94893,-3.579104,2.23694,-4.250186,1.342164,0.223694,0.894776,-1.9,-0.8,2,-131,229,227.2,Tripod,Other,,22,5,True,,True,False,,Smart,RC,False,True,False,,,True,,False,False,False,False,False,False,False,False,False,False,0,Follow Yaw,-77.9,0,-139.5,220.5,False,False,False,False,False,,0,0,False,False,No Card,100,100,1024,1344,848,924,2,False,False,False,False,False,0,False,False,False,False,79,,47.076,,7933,,10044,,47.076,,True,3.924,3.924,3.924,3.924,3.924,3.924,3.924,3.924,3.924,3.924,3.924,3.924,0,,False,False,True,,,,,,,,,,,,,,,False,False,19.294,,97.3,,75.7,,97.3,,1487,87,7,20,7,141878.2,18917.10,,Idle,,20,,10,,,20,Go Home,False,False,False,False,False,False,False,False,False,False,False,False,33.8027920380556,-117.4659261431046,2711.2,2972.0,1049.4,396.9,True,1,1,False,False,False,False,,True,False,False,Course Lock,196.8,67,16.4,93,E,SW,2.46,11.4,Calm,False,False,Android,7.0.2,M300 RTK,1ZN7L4R0H1D00F,1W9DL31001461C,1ZMLH8300204F0,1Z6PH74DAP0QN7,"Corona, CA",728.3,5.7,137.7,8.547347,2.013246,0,0,DJI Matrice 300 RTK,M300 RTK,1ZN7L4R0H1D00F,1W9DL31001461C,1ZMLH8300204F0,1Z6PH74DAP0QN7,DJI Pilot,Android,7.0.2,1EF72A62-B7C3-C88D-164E-CE6F8C8424AE,1ZN7L4R0H1D00F,1W9DL31001461C,,1ZMLH8300204F0,1W9DL31001461C,,,,,
2023-11-01,11:30:55.94 AM,6m 33.6s,393.6,33.7997472082166,-117.4740877068346,78.0,137.7,14.4,1342,3151.9,5.556443,6.94893,-3.579104,2.23694,-4.250186,1.342164,0.223694,0.894776,-1.8,-1,2,-131.3,228.7,228.2,Tripod,Other,,22,5,True,,True,False,,Smart,RC,False,True,False,,,True,,False,False,False,False,False,False,False,False,False,False,0,Follow Yaw,-77.9,0,-139.7,220.3,False,False,False,False,False,,0,0,False,False,No Card,100,100,1024,1346,846,923,2,False,False,False,False,False,0,False,False,False,False,79,,47.076,,7933,,10044,,47.076,,True,3.924,3.924,3.924,3.924,3.924,3.924,3.924,3.924,3.924,3.924,3.924,3.924,0,,False,False,True,,,,,,,,,,,,,,,False,False,19.294,,97.3,,75.7,,97.3,,1487,87,7,20,7,141878.2,18917.10,,Idle,,20,,10,,,20,Go Home,False,False,False,False,False,False,False,False,False,False,False,False,33.8027920380556,-117.4659261431046,2712.0,2972.0,1049.4,396.9,True,1,1,False,False,False,False,,True,False,False,Course Lock,196.8,67,16.4,93,E,SW,2.46,11.4,Calm,False,False,Android,7.0.2,M300 RTK,1ZN7L4R0H1D00F,1W9DL31001461C,1ZMLH8300204F0,1Z6PH74DAP0QN7,"Corona, CA",728.3,5.7,137.7,8.547347,2.013246,0,0,DJI Matrice 300 RTK,M300 RTK,1ZN7L4R0H1D00F,1W9DL31001461C,1ZMLH8300204F0,1Z6PH74DAP0QN7,DJI Pilot,Android,7.0.2,1EF72A62-B7C3-C88D-164E-CE6F8C8424AE,1ZN7L4R0H1D00F,1W9DL31001461C,,1ZMLH8300204F0,1W9DL31001461C,,,,,
2023-11-01,11:30:56.04 AM,6m 33.7s,393.7,33.7997457652006,-117.4740897648194,78.0,137.7,14.4,1342,3152.7,5.7031,6.94893,-3.802798,2.23694,-4.250186,1.342164,0.223694,0.894776,-1.9,-1.1,2.1,-131.4,228.6,229.8,Tripod,Other,,22,5,True,,True,False,,Smart,RC,False,True,False,,,True,,False,False,False,False,False,False,False,False,False,False,0,Follow Yaw,-77.9,0,-139.9,220.1,False,False,False,False,False,,0,0,False,False,No Card,100,100,1024,1347,846,923,2,False,False,False,False,False,0,False,False,False,False,79,,47.076,,7933,,10044,,47.076,,True,3.924,3.924,3.924,3.924,3.924,3.924,3.924,3.924,3.924,3.924,3.924,3.924,0,,False,False,True,,,,,,,,,,,,,,,False,False,19.294,,97.3,,75.7,,97.3,,1487,87,7,20,7,141878.2,18917.10,,Idle,,20,,10,,,20,Go Home,False,False,False,False,False,False,False,False,False,False,False,False,33.8027920380556,-117.4659261431046,2712.8,2972.0,1049.4,396.9,True,1,1,False,False,False,False,,True,False,False,Course Lock,196.8,67,16.4,93,E,SW,2.46,11.4,Calm,False,False,Android,7.0.2,M300 RTK,1ZN7L4R0H1D00F,1W9DL31001461C,1ZMLH8300204F0,1Z6PH74DAP0QN7,"Corona, CA",728.3,5.7,137.7,8.547347,2.013246,0,0,DJI Matrice 300 RTK,M300 RTK,1ZN7L4R0H1D00F,1W9DL31001461C,1ZMLH8300204F0,1Z6PH74DAP0QN7,DJI Pilot,Android,7.0.2,1EF72A62-B7C3-C88D-164E-CE6F8C8424AE,1ZN7L4R0H1D00F,1W9DL31001461C,,1ZMLH8300204F0,1W9DL31001461C,,,,,
2023-11-01,11:30:56.12 AM,6m 33.8s,393.8,33.7997442062279,-117.4740918461834,78.0,137.7,14.4,1342,3153.6,5.538403,6.94893,-3.802798,2.23694,-4.026492,1.342164,0.223694,0.894776,-2,-0.9,2.1,-131.6,228.4,227.9,Tripod,Other,,22,5,True,,True,False,,Smart,RC,False,True,False,,,True,,False,False,False,False,False,False,False,False,False,False,0,Follow Yaw,-77.9,0,-140,220,False,False,False,False,False,,0,0,False,False,No Card,100,100,1024,1345,847,923,2,False,False,False,False,False,0,False,False,False,False,79,,47.076,,7933,,10044,,47.076,,True,3.924,3.924,3.924,3.924,3.924,3.924,3.924,3.924,3.924,3.924,3.924,3.924,0,,False,False,True,,,,,,,,,,,,,,,False,False,19.294,,97.3,,75.7,,97.3,,1487,87,7,20,7,141878.2,18917.10,,Idle,,20,,10,,,20,Go Home,False,False,False,False,False,False,False,False,False,False,False,False,33.8027920380556,-117.4659261431046,2713.6,2972.0,1049.4,396.9,True,1,1,False,False,False,False,,True,False,False,Course Lock,196.8,67,16.4,93,E,SW,2.46,11.4,Calm,False,False,Android,7.0.2,M300 RTK,1ZN7L4R0H1D00F,1W9DL31001461C,1ZMLH8300204F0,1Z6PH74DAP0QN7,"Corona, CA",728.3,5.7,137.7,8.547347,2.013246,0,0,DJI Matrice 300 RTK,M300 RTK,1ZN7L4R0H1D00F,1W9DL31001461C,1ZMLH8300204F0,1Z6PH74DAP0QN7,DJI Pilot,Android,7.0.2,1EF72A62-B7C3-C88D-164E-CE6F8C8424AE,1ZN7L4R0H1D00F,1W9DL31001461C,,1ZMLH8300204F0,1W9DL31001461C,,,,,
2023-11-01,11:30:56.24 AM,6m 33.9s,393.9,33.7997426184717,-117.4740938650792,78.0,137.7,14.1,1342,3154.4,5.538403,6.94893,-3.802798,2.23694,-4.026492,1.342164,0.223694,0.894776,-2.1,-0.8,2.2,-131.8,228.2,226.5,Tripod,Other,,22,5,True,,True,False,,Smart,RC,False,True,False,,,True,,False,False,False,False,False,False,False,False,False,False,0,Follow Yaw,-77.9,0,-140.2,219.8,False,False,False,False,False,,0,0,False,False,No Card,100,100,1024,1346,847,923,2,False,False,False,False,False,0,False,False,False,False,79,,47.076,,7933,,10044,,47.076,,True,3.924,3.924,3.924,3.924,3.924,3.924,3.924,3.924,3.924,3.924,3.924,3.924,0,,False,False,True,,,,,,,,,,,,,,,False,False,19.294,,97.3,,75.7,,97.3,,1487,87,7,20,7,141878.2,18917.10,,Idle,,20,,10,,,20,Go Home,False,False,False,False,False,False,False,False,False,False,False,False,33.8027920380556,-117.4659261431046,2714.4,2972.0,1049.4,396.9,True,1,1,False,False,False,False,,True,False,False,Course Lock,196.8,67,16.4,93,E,SW,2.46,11.4,Calm,False,False,Android,7.0.2,M300 RTK,1ZN7L4R0H1D00F,1W9DL31001461C,1ZMLH8300204F0,1Z6PH74DAP0QN7,"Corona, CA",728.3,5.7,137.7,8.547347,2.013246,0,0,DJI Matrice 300 RTK,M300 RTK,1ZN7L4R0H1D00F,1W9DL31001461C,1ZMLH8300204F0,1Z6PH74DAP0QN7,DJI Pilot,Android,7.0.2,1EF72A62-B7C3-C88D-164E-CE6F8C8424AE,1ZN7L4R0H1D00F,1W9DL31001461C,,1ZMLH8300204F0,1W9DL31001461C,,,,,
2023-11-01,11:30:56.33 AM,6m 34.0s,394.0,33.7997410397617,-117.4740959374544,77.7,137.7,14.1,1342,3155.3,5.538403,6.94893,-3.802798,2.23694,-4.026492,1.342164,0.223694,0.894776,-2.2,-0.9,2.3,-131.9,228.1,227.4,Tripod,Other,,22,5,True,,True,False,,Smart,RC,False,True,False,,,True,,False,False,False,False,False,False,False,False,False,False,0,Follow Yaw,-77.9,0,-140.4,219.6,False,False,False,False,False,,0,0,False,False,No Card,100,100,1024,1345,848,922,2,False,False,False,False,False,0,False,False,False,False,79,,47.052,,7933,,10044,,47.052,,True,3.924,3.924,3.924,3.924,3.924,3.924,3.924,3.924,3.924,3.924,3.924,3.924,0,,False,False,True,,,,,,,,,,,,,,,False,False,19.106,,97.3,,75.7,,97.3,,1487,87,7,20,7,141878.2,18917.10,,Idle,,20,,10,,,20,Go Home,False,False,False,False,False,False,False,False,False,False,False,False,33.8027920380556,-117.4659261431046,2715.2,2972.0,1049.4,396.9,True,1,1,False,False,False,False,,True,False,False,Course Lock,196.8,67,16.4,93,E,SW,2.46,11.4,Calm,False,False,Android,7.0.2,M300 RTK,1ZN7L4R0H1D00F,1W9DL31001461C,1ZMLH8300204F0,1Z6PH74DAP0QN7,"Corona, CA",728.3,5.7,137.7,8.547347,2.013246,0,0,DJI Matrice 300 RTK,M300 RTK,1ZN7L4R0H1D00F,1W9DL31001461C,1ZMLH8300204F0,1Z6PH74DAP0QN7,DJI Pilot,Android,7.0.2,1EF72A62-B7C3-C88D-164E-CE6F8C8424AE,1ZN7L4R0H1D00F,1W9DL31001461C,,1ZMLH8300204F0,1W9DL31001461C,,,,,
2023-11-01,11:30:56.43 AM,6m 34.1s,394.1,33.7997394541986,-117.4740979816261,77.7,137.7,14.1,1342,3156.1,5.538403,6.94893,-3.802798,2.23694,-4.026492,1.342164,0.223694,0.894776,-2.1,-0.9,2.2,-132.1,227.9,226.9,Tripod,Other,,22,5,True,,True,False,,Smart,RC,False,True,False,,,True,,False,False,False,False,False,False,False,False,False,False,0,Follow Yaw,-77.9,0,-140.5,219.5,False,False,False,False,False,,0,0,False,False,No Card,100,100,1024,1345,848,922,2,False,False,False,False,False,0,False,False,False,False,79,,47.052,,7933,,10044,,47.052,,True,3.924,3.924,3.924,3.924,3.924,3.924,3.924,3.924,3.924,3.924,3.924,3.924,0,,False,False,True,,,,,,,,,,,,,,,False,False,19.106,,97.3,,75.7,,97.3,,1487,87,7,20,7,141878.2,18917.10,,Idle,,20,,10,,,20,Go Home,False,False,False,False,False,False,False,False,False,False,False,False,33.8027920380556,-117.4659261431046,2716.0,2972.0,1049.4,396.9,True,1,1,False,False,False,False,,True,False,False,Course Lock,196.8,67,16.4,93,E,SW,2.46,11.4,Calm,False,False,Android,7.0.2,M300 RTK,1ZN7L4R0H1D00F,1W9DL31001461C,1ZMLH8300204F0,1Z6PH74DAP0QN7,"Corona, CA",728.3,5.7,137.7,8.547347,2.013246,0,0,DJI Matrice 300 RTK,M300 RTK,1ZN7L4R0H1D00F,1W9DL31001461C,1ZMLH8300204F0,1Z6PH74DAP0QN7,DJI Pilot,Android,7.0.2,1EF72A62-B7C3-C88D-164E-CE6F8C8424AE,1ZN7L4R0H1D00F,1W9DL31001461C,,1ZMLH8300204F0,1W9DL31001461C,,,,,
2023-11-01,11:30:56.54 AM,6m 34.2s,394.2,33.7997378634269,-117.4741000487234,77.7,137.7,14.1,1342,3157.0,5.538403,6.94893,-3.802798,2.23694,-4.026492,1.342164,0.223694,0.894776,-2,-0.8,2.1,-132.2,227.8,227.1,Tripod,Other,,22,5,True,,True,False,,Smart,RC,False,True,False,,,True,,False,False,False,False,False,False,False,False,False,False,0,Follow Yaw,-77.9,0,-140.7,219.3,False,False,False,False,False,,0,0,False,False,No Card,100,100,1024,1346,847,919,2,False,False,False,False,False,0,False,False,False,False,79,,47.052,,7933,,10044,,47.052,,True,3.924,3.924,3.924,3.924,3.924,3.924,3.924,3.924,3.924,3.924,3.924,3.924,0,,False,False,True,,,,,,,,,,,,,,,False,False,19.106,,97.3,,75.7,,97.3,,1487,87,7,20,7,141878.2,18917.10,,Idle,,20,,10,,,20,Go Home,False,False,False,False,False,False,False,False,False,False,False,False,33.8027920380556,-117.4659261431046,2716.8,2972.0,1049.4,396.9,True,1,1,False,False,False,False,,True,False,False,Course Lock,196.8,67,16.4,93,E,SW,2.46,11.4,Calm,False,False,Android,7.0.2,M300 RTK,1ZN7L4R0H1D00F,1W9DL31001461C,1ZMLH8300204F0,1Z6PH74DAP0QN7,"Corona, CA",728.3,5.7,137.7,8.547347,2.013246,0,0,DJI Matrice 300 RTK,M300 RTK,1ZN7L4R0H1D00F,1W9DL31001461C,1ZMLH8300204F0,1Z6PH74DAP0QN7,DJI Pilot,Android,7.0.2,1EF72A62-B7C3-C88D-164E-CE6F8C8424AE,1ZN7L4R0H1D00F,1W9DL31001461C,,1ZMLH8300204F0,1W9DL31001461C,,,,,
2023-11-01,11:30:56.64 AM,6m 34.3s,394.3,33.7997363167901,-117.4741023140695,77.7,137.7,14.1,1342,3157.8,5.7031,6.94893,-3.802798,2.23694,-4.250186,1.342164,0.223694,0.894776,-2,-0.6,2,-132.4,227.6,230.5,Tripod,Other,,22,5,True,,True,False,,Smart,RC,False,True,False,,,True,,False,False,False,False,False,False,False,False,False,False,0,Follow Yaw,-77.9,0,-140.9,219.1,False,False,False,False,False,,0,0,False,False,No Card,100,100,1024,1349,844,919,2,False,False,False,False,False,0,False,False,False,False,79,,47.052,,7933,,10044,,47.052,,True,3.921,3.921,3.921,3.921,3.921,3.921,3.921,3.921,3.921,3.921,3.921,3.921,0,,False,False,True,,,,,,,,,,,,,,,False,False,19.106,,97.3,,75.7,,97.3,,1489,87,7,20,7,141806.3,18907.51,,Idle,,20,,10,,,20,Go Home,False,False,False,False,False,False,False,False,False,False,False,False,33.8027920380556,-117.4659261431046,2717.7,2972.0,1049.4,396.9,True,1,1,False,False,False,False,,True,False,False,Course Lock,196.8,67,16.4,93,E,SW,2.46,11.4,Calm,False,False,Android,7.0.2,M300 RTK,1ZN7L4R0H1D00F,1W9DL31001461C,1ZMLH8300204F0,1Z6PH74DAP0QN7,"Corona, CA",728.3,5.7,137.7,8.547347,2.013246,0,0,DJI Matrice 300 RTK,M300 RTK,1ZN7L4R0H1D00F,1W9DL31001461C,1ZMLH8300204F0,1Z6PH74DAP0QN7,DJI Pilot,Android,7.0.2,1EF72A62-B7C3-C88D-164E-CE6F8C8424AE,1ZN7L4R0H1D00F,1W9DL31001461C,,1ZMLH8300204F0,1W9DL31001461C,,,,,
2023-11-01,11:30:56.74 AM,6m 34.4s,394.4,33.7997347268408,-117.4741044028142,77.7,137.7,14.1,1342,3158.7,5.7031,6.94893,-3.802798,2.23694,-4.250186,1.342164,0.223694,0.894776,-2,-0.6,2,-132.6,227.4,227.5,Tripod,Other,,22,5,True,,True,False,,Smart,RC,False,True,False,,,True,,False,False,False,False,False,False,False,False,False,False,0,Follow Yaw,-77.9,0,-141.1,218.9,False,False,False,False,False,,0,0,False,False,No Card,100,100,1024,1349,843,919,2,False,False,False,False,False,0,False,False,False,False,79,,47.052,,7933,,10044,,47.052,,True,3.921,3.921,3.921,3.921,3.921,3.921,3.921,3.921,3.921,3.921,3.921,3.921,0,,False,False,True,,,,,,,,,,,,,,,False,False,19.106,,97.3,,75.7,,97.3,,1489,87,7,20,7,141806.3,18907.51,,Idle,,20,,10,,,20,Go Home,False,False,False,False,False,False,False,False,False,False,False,False,33.8027920380556,-117.4659261431046,2718.5,2972.0,1049.4,396.9,True,1,1,False,False,False,False,,True,False,False,Course Lock,196.8,67,16.4,93,E,SW,2.46,11.4,Calm,False,False,Android,7.0.2,M300 RTK,1ZN7L4R0H1D00F,1W9DL31001461C,1ZMLH8300204F0,1Z6PH74DAP0QN7,"Corona, CA",728.3,5.7,137.7,8.547347,2.013246,0,0,DJI Matrice 300 RTK,M300 RTK,1ZN7L4R0H1D00F,1W9DL31001461C,1ZMLH8300204F0,1Z6PH74DAP0QN7,DJI Pilot,Android,7.0.2,1EF72A62-B7C3-C88D-164E-CE6F8C8424AE,1ZN7L4R0H1D00F,1W9DL31001461C,,1ZMLH8300204F0,1W9DL31001461C,,,,,
2023-11-01,11:30:56.85 AM,6m 34.5s,394.5,33.7997331730766,-117.474106178806,77.7,137.7,14.1,1342,3159.5,5.7031,6.94893,-3.802798,2.23694,-4.250186,1.342164,0.223694,0.894776,-1.8,-0.7,1.9,-132.8,227.2,223.5,Tripod,Other,,22,5,True,,True,False,,Smart,RC,False,True,False,,,True,,False,False,False,False,False,False,False,False,False,False,0,Follow Yaw,-77.9,0,-141.3,218.7,False,False,False,False,False,,0,0,False,False,No Card,100,100,1024,1347,846,919,2,False,False,False,False,False,0,False,False,False,False,79,,47.052,,7933,,10044,,47.052,,True,3.921,3.921,3.921,3.921,3.921,3.921,3.921,3.921,3.921,3.921,3.921,3.921,0,,False,False,True,,,,,,,,,,,,,,,False,False,19.106,,97.3,,75.7,,97.3,,1489,87,7,20,7,141806.3,18907.51,,Idle,,20,,10,,,20,Go Home,False,False,False,False,False,False,False,False,False,False,False,False,33.8027920380556,-117.4659261431046,2719.2,2972.0,1049.4,396.9,True,1,1,False,False,False,False,,True,False,False,Course Lock,196.8,67,16.4,93,E,SW,2.46,11.4,Calm,False,False,Android,7.0.2,M300 RTK,1ZN7L4R0H1D00F,1W9DL31001461C,1ZMLH8300204F0,1Z6PH74DAP0QN7,"Corona, CA",728.3,5.7,137.7,8.547347,2.013246,0,0,DJI Matrice 300 RTK,M300 RTK,1ZN7L4R0H1D00F,1W9DL31001461C,1ZMLH8300204F0,1Z6PH74DAP0QN7,DJI Pilot,Android,7.0.2,1EF72A62-B7C3-C88D-164E-CE6F8C8424AE,1ZN7L4R0H1D00F,1W9DL31001461C,,1ZMLH8300204F0,1W9DL31001461C,,,,,
2023-11-01,11:30:56.95 AM,6m 34.6s,394.6,33.7997315751777,-117.474108248336,77.7,137.7,14.1,1342,3160.3,5.7031,6.94893,-3.802798,2.23694,-4.250186,1.342164,0.223694,0.894776,-1.6,-0.9,1.8,-133,227,227.1,Tripod,Other,,22,5,True,,True,False,,Smart,RC,False,True,False,,,True,,False,False,False,False,False,False,False,False,False,False,0,Follow Yaw,-77.9,0,-141.4,218.6,False,False,False,False,False,,0,0,False,False,No Card,100,100,1024,1349,852,918,2,False,False,False,False,False,0,False,False,False,False,79,,47.052,,7933,,10044,,47.052,,True,3.921,3.921,3.921,3.921,3.921,3.921,3.921,3.921,3.921,3.921,3.921,3.921,0,,False,False,True,,,,,,,,,,,,,,,False,False,19.106,,97.3,,75.7,,97.3,,1489,87,7,20,7,141806.3,18907.51,,Idle,,20,,10,,,20,Go Home,False,False,False,False,False,False,False,False,False,False,False,False,33.8027920380556,-117.4659261431046,2720.0,2972.0,1049.4,396.9,True,1,1,False,False,False,False,,True,False,False,Course Lock,196.8,67,16.4,93,E,SW,2.46,11.4,Calm,False,False,Android,7.0.2,M300 RTK,1ZN7L4R0H1D00F,1W9DL31001461C,1ZMLH8300204F0,1Z6PH74DAP0QN7,"Corona, CA",728.3,5.7,137.7,8.547347,2.013246,0,0,DJI Matrice 300 RTK,M300 RTK,1ZN7L4R0H1D00F,1W9DL31001461C,1ZMLH8300204F0,1Z6PH74DAP0QN7,DJI Pilot,Android,7.0.2,1EF72A62-B7C3-C88D-164E-CE6F8C8424AE,1ZN7L4R0H1D00F,1W9DL31001461C,,1ZMLH8300204F0,1W9DL31001461C,,,,,
2023-11-01,11:30:57.05 AM,6m 34.7s,394.7,33.7997299375299,-117.4741100881978,77.7,137.7,14.1,1342,3161.2,5.7031,6.94893,-3.802798,2.23694,-4.250186,1.342164,0.223694,0.894776,-1.5,-1.2,1.9,-133.2,226.8,223.0,Tripod,Other,,22,5,True,,True,False,,Smart,RC,False,True,False,,,True,,False,False,False,False,False,False,False,False,False,False,0,Follow Yaw,-77.9,0,-141.6,218.4,False,False,False,False,False,,0,0,False,False,No Card,100,100,1024,1349,852,918,2,False,False,False,False,False,0,False,False,False,False,79,,47.052,,7933,,10044,,47.052,,True,3.921,3.921,3.921,3.921,3.921,3.921,3.921,3.921,3.921,3.921,3.921,3.921,0,,False,False,True,,,,,,,,,,,,,,,False,False,19.106,,97.3,,75.7,,97.3,,1489,87,7,20,7,141806.3,18907.51,,Idle,,20,,10,,,20,Go Home,False,False,False,False,False,False,False,False,False,False,False,False,33.8027920380556,-117.4659261431046,2720.8,2972.0,1049.4,396.9,True,1,1,False,False,False,False,,True,False,False,Course Lock,196.8,67,16.4,93,E,SW,2.46,11.4,Calm,False,False,Android,7.0.2,M300 RTK,1ZN7L4R0H1D00F,1W9DL31001461C,1ZMLH8300204F0,1Z6PH74DAP0QN7,"Corona, CA",728.3,5.7,137.7,8.547347,2.013246,0,0,DJI Matrice 300 RTK,M300 RTK,1ZN7L4R0H1D00F,1W9DL31001461C,1ZMLH8300204F0,1Z6PH74DAP0QN7,DJI Pilot,Android,7.0.2,1EF72A62-B7C3-C88D-164E-CE6F8C8424AE,1ZN7L4R0H1D00F,1W9DL31001461C,,1ZMLH8300204F0,1W9DL31001461C,,,,,
2023-11-01,11:30:57.16 AM,6m 34.8s,394.8,33.7997283253762,-117.474112129978,77.4,137.7,14.1,1341,3162.0,5.7031,6.94893,-3.802798,2.23694,-4.250186,1.342164,0.223694,0.894776,-1.7,-1.5,2.2,-133.4,226.6,226.4,Tripod,Other,,22,5,True,,True,False,,Smart,RC,False,True,False,,,True,,False,False,False,False,False,False,False,False,False,False,0,Follow Yaw,-77.9,0,-141.8,218.2,False,False,False,False,False,,0,0,False,False,No Card,100,100,1024,1348,943,927,2,False,False,False,False,False,0,False,False,False,False,79,,47.052,,7933,,10044,,47.052,,True,3.921,3.921,3.921,3.921,3.921,3.921,3.921,3.921,3.921,3.921,3.921,3.921,0,,False,False,True,,,,,,,,,,,,,,,False,False,19.106,,97.3,,75.7,,97.3,,1489,87,7,20,7,141806.3,18907.51,,Idle,,20,,10,,,20,Go Home,False,False,False,False,False,False,False,False,False,False,False,False,33.8027920380556,-117.4659261431046,2721.6,2972.0,1049.4,396.9,True,1,1,False,False,False,False,,True,False,False,Course Lock,196.8,67,16.4,93,E,SW,2.46,11.4,Calm,False,False,Android,7.0.2,M300 RTK,1ZN7L4R0H1D00F,1W9DL31001461C,1ZMLH8300204F0,1Z6PH74DAP0QN7,"Corona, CA",728.3,5.7,137.7,8.547347,2.013246,0,0,DJI Matrice 300 RTK,M300 RTK,1ZN7L4R0H1D00F,1W9DL31001461C,1ZMLH8300204F0,1Z6PH74DAP0QN7,DJI Pilot,Android,7.0.2,1EF72A62-B7C3-C88D-164E-CE6F8C8424AE,1ZN7L4R0H1D00F,1W9DL31001461C,,1ZMLH8300204F0,1W9DL31001461C,,,,,
2023-11-01,11:30:57.26 AM,6m 34.9s,394.9,33.7997265553241,-117.4741144412577,77.4,137.7,14.1,1341,3163.0,5.538403,6.94893,-3.802798,2.23694,-4.026492,1.342164,0.223694,0.894776,-1.8,-1.6,2.4,-133.5,226.5,227.3,Tripod,Other,,22,5,True,,True,False,,Smart,RC,False,True,False,,,True,,False,False,False,False,False,False,False,False,False,False,0,Follow Yaw,-77.9,0,-142,218,False,False,False,False,False,,0,0,False,False,No Card,100,100,1024,1348,955,929,2,False,False,False,False,False,0,False,False,False,False,79,,47.052,,7933,,10044,,47.052,,True,3.921,3.921,3.921,3.921,3.921,3.921,3.921,3.921,3.921,3.921,3.921,3.921,0,,False,False,True,,,,,,,,,,,,,,,False,False,19.106,,97.3,,75.7,,97.3,,1489,87,7,20,7,141806.3,18907.51,,Idle,,20,,10,,,20,Go Home,False,False,False,False,False,False,False,False,False,False,False,False,33.8027920380556,-117.4659261431046,2722.5,2972.0,1049.4,396.9,True,1,1,False,False,False,False,,True,False,False,Course Lock,196.8,67,16.4,93,E,SW,2.46,11.4,Calm,False,False,Android,7.0.2,M300 RTK,1ZN7L4R0H1D00F,1W9DL31001461C,1ZMLH8300204F0,1Z6PH74DAP0QN7,"Corona, CA",728.3,5.7,137.7,8.547347,2.013246,0,0,DJI Matrice 300 RTK,M300 RTK,1ZN7L4R0H1D00F,1W9DL31001461C,1ZMLH8300204F0,1Z6PH74DAP0QN7,DJI Pilot,Android,7.0.2,1EF72A62-B7C3-C88D-164E-CE6F8C8424AE,1ZN7L4R0H1D00F,1W9DL31001461C,,1ZMLH8300204F0,1W9DL31001461C,,,,,
2023-11-01,11:30:57.36 AM,6m 35.0s,395.0,33.799724904244,-117.4741164912021,77.4,137.7,14.1,1341,3163.8,5.538403,6.94893,-3.802798,2.23694,-4.026492,1.342164,0.223694,0.894776,-1.9,-1.4,2.3,-133.6,226.4,225.8,Tripod,Other,,22,5,True,,True,False,,Smart,RC,False,True,False,,,True,,False,False,False,False,False,False,False,False,False,False,0,Follow Yaw,-77.9,0,-142.1,217.9,False,False,False,False,False,,0,0,False,False,No Card,100,100,1024,1349,951,931,2,False,False,False,False,False,0,False,False,False,False,79,,47.076,,7933,,10044,,47.076,,True,3.921,3.921,3.921,3.921,3.921,3.921,3.921,3.921,3.921,3.921,3.921,3.921,0,,False,False,True,,,,,,,,,,,,,,,False,False,19.13,,97.5,,75.7,,97.5,,1489,87,7,20,7,141806.3,18907.51,,Idle,,20,,10,,,20,Go Home,False,False,False,False,False,False,False,False,False,False,False,False,33.8027920380556,-117.4659261431046,2723.3,2972.0,1049.4,396.9,True,1,1,False,False,False,False,,True,False,False,Course Lock,196.8,67,16.4,93,E,SW,2.46,11.4,Calm,False,False,Android,7.0.2,M300 RTK,1ZN7L4R0H1D00F,1W9DL31001461C,1ZMLH8300204F0,1Z6PH74DAP0QN7,"Corona, CA",728.3,5.7,137.7,8.547347,2.013246,0,0,DJI Matrice 300 RTK,M300 RTK,1ZN7L4R0H1D00F,1W9DL31001461C,1ZMLH8300204F0,1Z6PH74DAP0QN7,DJI Pilot,Android,7.0.2,1EF72A62-B7C3-C88D-164E-CE6F8C8424AE,1ZN7L4R0H1D00F,1W9DL31001461C,,1ZMLH8300204F0,1W9DL31001461C,,,,,
2023-11-01,11:30:57.47 AM,6m 35.1s,395.1,33.7997234083211,-117.474118250783,77.4,137.7,14.1,1341,3164.6,5.538403,6.94893,-3.802798,2.23694,-4.026492,1.342164,0.223694,0.894776,-1.8,-1.3,2.2,-133.8,226.2,224.3,Tripod,Other,,22,5,True,,True,False,,Smart,RC,False,True,False,,,True,,False,False,False,False,False,False,False,False,False,False,0,Follow Yaw,-77.9,0,-142.3,217.7,False,False,False,False,False,,0,0,False,False,No Card,100,100,1024,1350,960,930,2,False,False,False,False,False,0,False,False,False,False,79,,47.076,,7933,,10044,,47.076,,True,3.921,3.921,3.921,3.921,3.921,3.921,3.921,3.921,3.921,3.921,3.921,3.921,0,,False,False,True,,,,,,,,,,,,,,,False,False,19.13,,97.5,,75.7,,97.5,,1489,87,7,20,7,141806.3,18907.51,,Idle,,20,,10,,,20,Go Home,False,False,False,False,False,False,False,False,False,False,False,False,33.8027920380556,-117.4659261431046,2724.0,2972.0,1049.4,396.9,True,1,1,False,False,False,False,,True,False,False,Course Lock,196.8,67,16.4,93,E,SW,2.46,11.4,Calm,False,False,Android,7.0.2,M300 RTK,1ZN7L4R0H1D00F,1W9DL31001461C,1ZMLH8300204F0,1Z6PH74DAP0QN7,"Corona, CA",728.3,5.7,137.7,8.547347,2.013246,0,0,DJI Matrice 300 RTK,M300 RTK,1ZN7L4R0H1D00F,1W9DL31001461C,1ZMLH8300204F0,1Z6PH74DAP0QN7,DJI Pilot,Android,7.0.2,1EF72A62-B7C3-C88D-164E-CE6F8C8424AE,1ZN7L4R0H1D00F,1W9DL31001461C,,1ZMLH8300204F0,1W9DL31001461C,,,,,
2023-11-01,11:30:57.57 AM,6m 35.2s,395.2,33.7997216673267,-117.4741203693392,77.4,137.7,14.1,1341,3165.5,5.694319,6.94893,-4.026492,2.23694,-4.026492,1.342164,0,0.894776,-1.7,-1.3,2.1,-134,226,225.3,Tripod,Other,,22,5,True,,True,False,,Smart,RC,False,True,False,,,True,,False,False,False,False,False,False,False,False,False,False,0,Follow Yaw,-77.9,0,-142.4,217.6,False,False,False,False,False,,0,0,False,False,No Card,100,100,1024,1351,963,931,2,False,False,False,False,False,0,False,False,False,False,79,,47.076,,7933,,10044,,47.076,,True,3.921,3.921,3.921,3.921,3.921,3.921,3.921,3.921,3.921,3.921,3.921,3.921,0,,False,False,True,,,,,,,,,,,,,,,False,False,19.13,,97.5,,75.7,,97.5,,1489,87,7,20,7,141806.3,18907.51,,Idle,,20,,10,,,20,Go Home,False,False,False,False,False,False,False,False,False,False,False,False,33.8027920380556,-117.4659261431046,2724.9,2972.0,1049.4,396.9,True,1,1,False,False,False,False,,True,False,False,Course Lock,196.8,67,16.4,93,E,SW,2.46,11.4,Calm,False,False,Android,7.0.2,M300 RTK,1ZN7L4R0H1D00F,1W9DL31001461C,1ZMLH8300204F0,1Z6PH74DAP0QN7,"Corona, CA",728.3,5.7,137.7,8.547347,2.013246,0,0,DJI Matrice 300 RTK,M300 RTK,1ZN7L4R0H1D00F,1W9DL31001461C,1ZMLH8300204F0,1Z6PH74DAP0QN7,DJI Pilot,Android,7.0.2,1EF72A62-B7C3-C88D-164E-CE6F8C8424AE,1ZN7L4R0H1D00F,1W9DL31001461C,,1ZMLH8300204F0,1W9DL31001461C,,,,,
2023-11-01,11:30:57.67 AM,6m 35.3s,395.3,33.7997198468348,-117.4741225951015,77.4,137.7,14.1,1341,3166.4,5.694319,6.94893,-4.026492,2.23694,-4.026492,1.342164,0,0.894776,-1.7,-1.3,2.1,-134.2,225.8,225.4,Tripod,Other,,22,5,True,,True,False,,Smart,RC,False,True,False,,,True,,False,False,False,False,False,False,False,False,False,False,0,Follow Yaw,-77.9,0,-142.6,217.4,False,False,False,False,False,,0,0,False,False,No Card,100,100,1024,1351,966,931,2,False,False,False,False,False,0,False,False,False,False,79,,47.076,,7933,,10044,,47.076,,True,3.922,3.922,3.922,3.922,3.922,3.922,3.922,3.922,3.922,3.922,3.922,3.922,0,,False,False,True,,,,,,,,,,,,,,,False,False,19.13,,97.5,,75.7,,97.5,,1492,87,7,20,7,141911.7,18921.56,,Idle,,20,,10,,,20,Go Home,False,False,False,False,False,False,False,False,False,False,False,False,33.8027920380556,-117.4659261431046,2725.8,2972.0,1049.4,396.9,True,1,1,False,False,False,False,,True,False,False,Course Lock,196.8,67,16.4,93,E,SW,2.46,11.4,Calm,False,False,Android,7.0.2,M300 RTK,1ZN7L4R0H1D00F,1W9DL31001461C,1ZMLH8300204F0,1Z6PH74DAP0QN7,"Corona, CA",728.3,5.7,137.7,8.547347,2.013246,0,0,DJI Matrice 300 RTK,M300 RTK,1ZN7L4R0H1D00F,1W9DL31001461C,1ZMLH8300204F0,1Z6PH74DAP0QN7,DJI Pilot,Android,7.0.2,1EF72A62-B7C3-C88D-164E-CE6F8C8424AE,1ZN7L4R0H1D00F,1W9DL31001461C,,1ZMLH8300204F0,1W9DL31001461C,,,,,
2023-11-01,11:30:57.77 AM,6m 35.4s,395.4,33.7997181469597,-117.4741246278516,77.4,137.7,14.1,1341,3167.3,5.694319,6.94893,-4.026492,2.23694,-4.026492,1.342164,0,0.894776,-1.7,-1.2,2,-134.3,225.7,224.8,Tripod,Other,,22,5,True,,True,False,,Smart,RC,False,True,False,,,True,,False,False,False,False,False,False,False,False,False,False,0,Follow Yaw,-77.9,0,-142.8,217.2,False,False,False,False,False,,0,0,False,False,No Card,100,100,1024,1350,970,931,2,False,False,False,False,False,0,False,False,False,False,79,,47.076,,7933,,10044,,47.076,,True,3.922,3.922,3.922,3.922,3.922,3.922,3.922,3.922,3.922,3.922,3.922,3.922,0,,False,False,True,,,,,,,,,,,,,,,False,False,19.13,,97.5,,75.7,,97.5,,1492,87,7,20,7,141911.7,18921.56,,Idle,,20,,10,,,20,Go Home,False,False,False,False,False,False,False,False,False,False,False,False,33.8027920380556,-117.4659261431046,2726.6,2972.0,1049.4,396.9,True,1,1,False,False,False,False,,True,False,False,Course Lock,196.8,67,16.4,93,E,SW,2.46,11.4,Calm,False,False,Android,7.0.2,M300 RTK,1ZN7L4R0H1D00F,1W9DL31001461C,1ZMLH8300204F0,1Z6PH74DAP0QN7,"Corona, CA",728.3,5.7,137.7,8.547347,2.013246,0,0,DJI Matrice 300 RTK,M300 RTK,1ZN7L4R0H1D00F,1W9DL31001461C,1ZMLH8300204F0,1Z6PH74DAP0QN7,DJI Pilot,Android,7.0.2,1EF72A62-B7C3-C88D-164E-CE6F8C8424AE,1ZN7L4R0H1D00F,1W9DL31001461C,,1ZMLH8300204F0,1W9DL31001461C,,,,,
2023-11-01,11:30:57.87 AM,6m 35.5s,395.5,33.7997167508198,-117.4741264651158,77.4,137.7,13.7,1341,3168.1,5.694319,6.94893,-4.026492,2.23694,-4.026492,1.342164,0,0.894776,-1.9,-1,2.1,-134.4,225.6,227.5,Tripod,Other,,22,5,True,,True,False,,Smart,RC,False,True,False,,,True,,False,False,False,False,False,False,False,False,False,False,0,Follow Yaw,-77.9,0,-142.9,217.1,False,False,False,False,False,,0,0,False,False,No Card,100,100,1024,1350,985,932,2,False,False,False,False,False,0,False,False,False,False,79,,47.076,,7933,,10044,,47.076,,True,3.922,3.922,3.922,3.922,3.922,3.922,3.922,3.922,3.922,3.922,3.922,3.922,0,,False,False,True,,,,,,,,,,,,,,,False,False,19.13,,97.5,,75.7,,97.5,,1492,87,7,20,7,141911.7,18921.56,,Idle,,20,,10,,,20,Go Home,False,False,False,False,False,False,False,False,False,False,False,False,33.8027920380556,-117.4659261431046,2727.3,2972.0,1049.4,396.9,True,1,1,False,False,False,False,,True,False,False,Course Lock,196.8,67,16.4,93,E,SW,2.46,11.4,Calm,False,False,Android,7.0.2,M300 RTK,1ZN7L4R0H1D00F,1W9DL31001461C,1ZMLH8300204F0,1Z6PH74DAP0QN7,"Corona, CA",728.3,5.7,137.7,8.547347,2.013246,0,0,DJI Matrice 300 RTK,M300 RTK,1ZN7L4R0H1D00F,1W9DL31001461C,1ZMLH8300204F0,1Z6PH74DAP0QN7,DJI Pilot,Android,7.0.2,1EF72A62-B7C3-C88D-164E-CE6F8C8424AE,1ZN7L4R0H1D00F,1W9DL31001461C,,1ZMLH8300204F0,1W9DL31001461C,,,,,
2023-11-01,11:30:57.98 AM,6m 35.6s,395.6,33.7997150588945,-117.4741284788162,77.4,137.7,14.1,1341,3168.9,5.694319,6.94893,-4.026492,2.23694,-4.026492,1.342164,0,0.894776,-1.9,-0.8,2,-134.6,225.4,224.6,Tripod,Other,,22,5,True,,True,False,,Smart,RC,False,True,False,,,True,,False,False,False,False,False,False,False,False,False,False,0,Follow Yaw,-77.9,0,-143.1,216.9,False,False,False,False,False,,0,0,False,False,No Card,100,100,1024,1351,967,933,2,False,False,False,False,False,0,False,False,False,False,79,,47.076,,7933,,10044,,47.076,,True,3.922,3.922,3.922,3.922,3.922,3.922,3.922,3.922,3.922,3.922,3.922,3.922,0,,False,False,True,,,,,,,,,,,,,,,False,False,19.13,,97.5,,75.7,,97.5,,1492,87,7,20,7,141911.7,18921.56,,Idle,,20,,10,,,20,Go Home,False,False,False,False,False,False,False,False,False,False,False,False,33.8027920380556,-117.4659261431046,2728.1,2972.0,1049.4,396.9,True,1,1,False,False,False,False,,True,False,False,Course Lock,196.8,67,16.4,93,E,SW,2.46,11.4,Calm,False,False,Android,7.0.2,M300 RTK,1ZN7L4R0H1D00F,1W9DL31001461C,1ZMLH8300204F0,1Z6PH74DAP0QN7,"Corona, CA",728.3,5.7,137.7,8.547347,2.013246,0,0,DJI Matrice 300 RTK,M300 RTK,1ZN7L4R0H1D00F,1W9DL31001461C,1ZMLH8300204F0,1Z6PH74DAP0QN7,DJI Pilot,Android,7.0.2,1EF72A62-B7C3-C88D-164E-CE6F8C8424AE,1ZN7L4R0H1D00F,1W9DL31001461C,,1ZMLH8300204F0,1W9DL31001461C,,,,,
2023-11-01,11:30:58.04 AM,6m 35.7s,395.7,33.7997132279857,-117.4741306710148,77.4,137.7,14.1,1341,3169.9,5.694319,6.94893,-4.026492,2.23694,-4.026492,1.342164,0,0.894776,-1.7,-0.8,1.8,-134.7,225.3,224.8,Tripod,Other,,22,5,True,,True,False,,Smart,RC,False,True,False,,,True,,False,False,False,False,False,False,False,False,False,False,0,Follow Yaw,-77.9,0,-143.2,216.8,False,False,False,False,False,,0,0,False,False,No Card,100,100,1024,1351,967,933,2,False,False,False,False,False,0,False,False,False,False,79,,47.052,,3938,,4986,,47.052,,True,3.922,3.922,3.922,3.922,3.922,3.922,3.922,3.922,3.922,3.922,3.922,3.922,0,,False,False,True,,,,,,,,,,,,,,,False,False,9.528,,97.5,,75.7,,97.5,,1492,87,7,20,7,141911.7,18921.56,,Idle,,20,,10,,,20,Go Home,False,False,False,False,False,False,False,False,False,False,False,False,33.8027920380556,-117.4659261431046,2729.0,2972.0,1049.4,396.9,True,1,1,False,False,False,False,,True,False,False,Course Lock,196.8,67,16.4,93,E,SW,2.46,11.4,Calm,False,False,Android,7.0.2,M300 RTK,1ZN7L4R0H1D00F,1W9DL31001461C,1ZMLH8300204F0,1Z6PH74DAP0QN7,"Corona, CA",728.3,5.7,137.7,8.547347,2.013246,0,0,DJI Matrice 300 RTK,M300 RTK,1ZN7L4R0H1D00F,1W9DL31001461C,1ZMLH8300204F0,1Z6PH74DAP0QN7,DJI Pilot,Android,7.0.2,1EF72A62-B7C3-C88D-164E-CE6F8C8424AE,1ZN7L4R0H1D00F,1W9DL31001461C,,1ZMLH8300204F0,1W9DL31001461C,,,,,
2023-11-01,11:30:58.14 AM,6m 35.8s,395.8,33.7997115152266,-117.4741327092489,77.4,137.7,14.1,1341,3170.8,5.694319,6.94893,-4.026492,2.23694,-4.026492,1.342164,0,0.894776,-1.6,-1,1.8,-134.8,225.2,224.6,Tripod,Other,,22,5,True,,True,False,,Smart,RC,False,True,False,,,True,,False,False,False,False,False,False,False,False,False,False,0,Follow Yaw,-77.9,0,-143.4,216.6,False,False,False,False,False,,0,0,False,False,No Card,100,100,1024,1355,955,933,2,False,False,False,False,False,0,False,False,False,False,79,,47.052,,3938,,4986,,47.052,,True,3.922,3.922,3.922,3.922,3.922,3.922,3.922,3.922,3.922,3.922,3.922,3.922,0,,False,False,True,,,,,,,,,,,,,,,False,False,9.528,,97.5,,75.7,,97.5,,1492,87,7,20,7,141911.7,18921.56,,Idle,,20,,10,,,20,Go Home,False,False,False,False,False,False,False,False,False,False,False,False,33.8027920380556,-117.4659261431046,2729.8,2972.0,1049.4,396.9,True,1,1,False,False,False,False,,True,False,False,Course Lock,196.8,67,16.4,93,E,SW,2.46,11.4,Calm,False,False,Android,7.0.2,M300 RTK,1ZN7L4R0H1D00F,1W9DL31001461C,1ZMLH8300204F0,1Z6PH74DAP0QN7,"Corona, CA",728.3,5.7,137.7,8.547347,2.013246,0,0,DJI Matrice 300 RTK,M300 RTK,1ZN7L4R0H1D00F,1W9DL31001461C,1ZMLH8300204F0,1Z6PH74DAP0QN7,DJI Pilot,Android,7.0.2,1EF72A62-B7C3-C88D-164E-CE6F8C8424AE,1ZN7L4R0H1D00F,1W9DL31001461C,,1ZMLH8300204F0,1W9DL31001461C,,,,,
2023-11-01,11:30:58.24 AM,6m 35.9s,395.9,33.799709695283,-117.47413504164,77.4,137.7,14.1,1341,3171.7,5.694319,6.94893,-4.026492,2.23694,-4.026492,1.342164,0,0.894776,-1.4,-1.2,1.8,-135,225,226.8,Tripod,Other,,22,5,True,,True,False,,Smart,RC,False,True,False,,,True,,False,False,False,False,False,False,False,False,False,False,0,Follow Yaw,-77.9,0,-143.5,216.5,False,False,False,False,False,,0,0,False,False,No Card,100,100,1024,1355,954,933,2,False,False,False,False,False,0,False,False,False,False,79,,47.052,,3938,,4986,,47.052,,True,3.922,3.922,3.922,3.922,3.922,3.922,3.922,3.922,3.922,3.922,3.922,3.922,0,,False,False,True,,,,,,,,,,,,,,,False,False,9.528,,97.5,,75.7,,97.5,,1492,87,7,20,7,141911.7,18921.56,,Idle,,20,,10,,,20,Go Home,False,False,False,False,False,False,False,False,False,False,False,False,33.8027920380556,-117.4659261431046,2730.7,2972.0,1049.4,396.9,True,1,1,False,False,False,False,,True,False,False,Course Lock,196.8,67,16.4,93,E,SW,2.46,11.4,Calm,False,False,Android,7.0.2,M300 RTK,1ZN7L4R0H1D00F,1W9DL31001461C,1ZMLH8300204F0,1Z6PH74DAP0QN7,"Corona, CA",728.3,5.7,137.7,8.547347,2.013246,0,0,DJI Matrice 300 RTK,M300 RTK,1ZN7L4R0H1D00F,1W9DL31001461C,1ZMLH8300204F0,1Z6PH74DAP0QN7,DJI Pilot,Android,7.0.2,1EF72A62-B7C3-C88D-164E-CE6F8C8424AE,1ZN7L4R0H1D00F,1W9DL31001461C,,1ZMLH8300204F0,1W9DL31001461C,,,,,
2023-11-01,11:30:58.34 AM,6m 36.0s,396.0,33.79970805928,-117.4741369820692,77.4,137.7,14.1,1341,3172.6,5.694319,6.94893,-4.026492,2.23694,-4.026492,1.342164,0,0.894776,-1.4,-1.5,2,-135.1,224.9,224.5,Tripod,Other,,22,5,True,,True,False,,Smart,RC,False,True,False,,,True,,False,False,False,False,False,False,False,False,False,False,0,Follow Yaw,-77.9,0,-143.7,216.3,False,False,False,False,False,,0,0,False,False,No Card,100,100,1024,1356,953,933,2,False,False,False,False,False,0,False,False,False,False,79,,47.076,,7933,,10044,,47.076,,True,3.922,3.922,3.922,3.922,3.922,3.922,3.922,3.922,3.922,3.922,3.922,3.922,0,,False,False,True,,,,,,,,,,,,,,,False,False,19.622,,97.5,,75.7,,97.5,,1492,87,7,20,7,141911.7,18921.56,,Idle,,20,,10,,,20,Go Home,False,False,False,False,False,False,False,False,False,False,False,False,33.8027920380556,-117.4659261431046,2731.5,2972.0,1049.4,396.9,True,1,1,False,False,False,False,,True,False,False,Course Lock,196.8,67,16.4,93,E,SW,2.46,11.4,Calm,False,False,Android,7.0.2,M300 RTK,1ZN7L4R0H1D00F,1W9DL31001461C,1ZMLH8300204F0,1Z6PH74DAP0QN7,"Corona, CA",728.3,5.7,137.7,8.547347,2.013246,0,0,DJI Matrice 300 RTK,M300 RTK,1ZN7L4R0H1D00F,1W9DL31001461C,1ZMLH8300204F0,1Z6PH74DAP0QN7,DJI Pilot,Android,7.0.2,1EF72A62-B7C3-C88D-164E-CE6F8C8424AE,1ZN7L4R0H1D00F,1W9DL31001461C,,1ZMLH8300204F0,1W9DL31001461C,,,,,
2023-11-01,11:30:58.44 AM,6m 36.1s,396.1,33.7997063454244,-117.4741389927184,77.4,137.7,14.1,1341,3173.4,5.694319,6.94893,-4.026492,2.23694,-4.026492,1.342164,0,0.894776,-1.6,-1.4,2.1,-135.3,224.7,224.2,Tripod,Other,,22,5,True,,True,False,,Smart,RC,False,True,False,,,True,,False,False,False,False,False,False,False,False,False,False,0,Follow Yaw,-77.9,0,-143.8,216.2,False,False,False,False,False,,0,0,False,False,No Card,100,100,1024,1356,947,948,2,False,False,False,False,False,0,False,False,False,False,79,,47.076,,7933,,10044,,47.076,,True,3.922,3.922,3.922,3.922,3.922,3.922,3.922,3.922,3.922,3.922,3.922,3.922,0,,False,False,True,,,,,,,,,,,,,,,False,False,19.622,,97.5,,75.7,,97.5,,1492,87,7,20,7,141911.7,18921.56,,Idle,,20,,10,,,20,Go Home,False,False,False,False,False,False,False,False,False,False,False,False,33.8027920380556,-117.4659261431046,2732.3,2972.0,1049.4,396.9,True,1,1,False,False,False,False,,True,False,False,Course Lock,196.8,67,16.4,93,E,SW,2.46,11.4,Calm,False,False,Android,7.0.2,M300 RTK,1ZN7L4R0H1D00F,1W9DL31001461C,1ZMLH8300204F0,1Z6PH74DAP0QN7,"Corona, CA",728.3,5.7,137.7,8.547347,2.013246,0,0,DJI Matrice 300 RTK,M300 RTK,1ZN7L4R0H1D00F,1W9DL31001461C,1ZMLH8300204F0,1Z6PH74DAP0QN7,DJI Pilot,Android,7.0.2,1EF72A62-B7C3-C88D-164E-CE6F8C8424AE,1ZN7L4R0H1D00F,1W9DL31001461C,,1ZMLH8300204F0,1W9DL31001461C,,,,,
2023-11-01,11:30:58.54 AM,6m 36.2s,396.2,33.7997046093643,-117.4741410145831,77.4,137.7,14.1,1341,3174.3,5.694319,6.94893,-4.026492,2.23694,-4.026492,1.342164,0,0.894776,-1.8,-1.1,2.1,-135.4,224.6,224.0,Tripod,Other,,22,5,True,,True,False,,Smart,RC,False,True,False,,,True,,False,False,False,False,False,False,False,False,False,False,0,Follow Yaw,-77.9,0,-144,216,False,False,False,False,False,,0,0,False,False,No Card,100,100,1024,1354,946,956,2,False,False,False,False,False,0,False,False,False,False,79,,47.076,,7933,,10044,,47.076,,True,3.922,3.922,3.922,3.922,3.922,3.922,3.922,3.922,3.922,3.922,3.922,3.922,0,,False,False,True,,,,,,,,,,,,,,,False,False,19.622,,97.5,,75.7,,97.5,,1492,87,7,20,7,141911.7,18921.56,,Idle,,20,,10,,,20,Go Home,False,False,False,False,False,False,False,False,False,False,False,False,33.8027920380556,-117.4659261431046,2733.1,2972.0,1049.4,396.9,True,1,1,False,False,False,False,,True,False,False,Course Lock,196.8,67,16.4,93,E,SW,2.46,11.4,Calm,False,False,Android,7.0.2,M300 RTK,1ZN7L4R0H1D00F,1W9DL31001461C,1ZMLH8300204F0,1Z6PH74DAP0QN7,"Corona, CA",728.3,5.7,137.7,8.547347,2.013246,0,0,DJI Matrice 300 RTK,M300 RTK,1ZN7L4R0H1D00F,1W9DL31001461C,1ZMLH8300204F0,1Z6PH74DAP0QN7,DJI Pilot,Android,7.0.2,1EF72A62-B7C3-C88D-164E-CE6F8C8424AE,1ZN7L4R0H1D00F,1W9DL31001461C,,1ZMLH8300204F0,1W9DL31001461C,,,,,
2023-11-01,11:30:58.60 AM,6m 36.3s,396.3,33.7997027565252,-117.4741430002863,77.4,137.7,14.1,1341,3175.2,5.694319,6.94893,-4.026492,2.23694,-4.026492,1.342164,0,0.894776,-1.9,-0.8,2,-135.5,224.5,221.6,Tripod,Other,,22,5,True,,True,False,,Smart,RC,False,True,False,,,True,,False,False,False,False,False,False,False,False,False,False,0,Follow Yaw,-77.9,0,-144.1,215.9,False,False,False,False,False,,0,0,False,False,No Card,100,100,1024,1354,947,955,2,False,False,False,False,False,0,False,False,False,False,79,,47.076,,7933,,10044,,47.076,,True,3.926,3.926,3.926,3.926,3.926,3.926,3.926,3.926,3.926,3.926,3.926,3.926,0,,False,False,True,,,,,,,,,,,,,,,False,False,19.622,,97.5,,75.7,,97.5,,1493,87,7,20,7,142175.3,18956.71,,Idle,,20,,10,,,20,Go Home,False,False,False,False,False,False,False,False,False,False,False,False,33.8027920380556,-117.4659261431046,2734.0,2972.0,1049.4,396.9,True,1,1,False,False,False,False,,True,False,False,Course Lock,196.8,67,16.4,93,E,SW,2.46,11.4,Calm,False,False,Android,7.0.2,M300 RTK,1ZN7L4R0H1D00F,1W9DL31001461C,1ZMLH8300204F0,1Z6PH74DAP0QN7,"Corona, CA",728.3,5.7,137.7,8.547347,2.013246,0,0,DJI Matrice 300 RTK,M300 RTK,1ZN7L4R0H1D00F,1W9DL31001461C,1ZMLH8300204F0,1Z6PH74DAP0QN7,DJI Pilot,Android,7.0.2,1EF72A62-B7C3-C88D-164E-CE6F8C8424AE,1ZN7L4R0H1D00F,1W9DL31001461C,,1ZMLH8300204F0,1W9DL31001461C,,,,,
2023-11-01,11:30:58.74 AM,6m 36.4s,396.4,33.7997010020984,-117.4741450221097,77.4,137.7,14.1,1341,3176.1,5.694319,6.94893,-4.026492,2.23694,-4.026492,1.342164,0,0.894776,-1.8,-0.7,1.9,-135.7,224.3,223.7,Tripod,Other,,22,5,True,,True,False,,Smart,RC,False,True,False,,,True,,False,False,False,False,False,False,False,False,False,False,0,Follow Yaw,-77.9,0,-144.2,215.8,False,False,False,False,False,,0,0,False,False,No Card,100,100,1024,1360,945,938,2,False,False,False,False,False,0,False,False,False,False,79,,47.076,,7933,,10044,,47.076,,True,3.926,3.926,3.926,3.926,3.926,3.926,3.926,3.926,3.926,3.926,3.926,3.926,0,,False,False,True,,,,,,,,,,,,,,,False,False,19.622,,97.5,,75.7,,97.5,,1493,87,7,20,7,142175.3,18956.71,,Idle,,20,,10,,,20,Go Home,False,False,False,False,False,False,False,False,False,False,False,False,33.8027920380556,-117.4659261431046,2734.8,2972.0,1049.4,396.9,True,1,1,False,False,False,False,,True,False,False,Course Lock,196.8,67,16.4,93,E,SW,2.46,11.4,Calm,False,False,Android,7.0.2,M300 RTK,1ZN7L4R0H1D00F,1W9DL31001461C,1ZMLH8300204F0,1Z6PH74DAP0QN7,"Corona, CA",728.3,5.7,137.7,8.547347,2.013246,0,0,DJI Matrice 300 RTK,M300 RTK,1ZN7L4R0H1D00F,1W9DL31001461C,1ZMLH8300204F0,1Z6PH74DAP0QN7,DJI Pilot,Android,7.0.2,1EF72A62-B7C3-C88D-164E-CE6F8C8424AE,1ZN7L4R0H1D00F,1W9DL31001461C,,1ZMLH8300204F0,1W9DL31001461C,,,,,
2023-11-01,11:30:58.84 AM,6m 36.5s,396.5,33.7996993548562,-117.4741470480564,77.4,137.7,14.1,1341,3177.0,5.694319,6.94893,-4.026492,2.23694,-4.026492,1.342164,0,0.894776,-1.7,-1.1,2,-136,224,225.6,Tripod,Other,,22,5,True,,True,False,,Smart,RC,False,True,False,,,True,,False,False,False,False,False,False,False,False,False,False,0,Follow Yaw,-77.9,0,-144.3,215.7,False,False,False,False,False,,0,0,False,False,No Card,100,100,1024,1366,942,936,2,False,False,False,False,False,0,False,False,False,False,79,,47.076,,7933,,10044,,47.076,,True,3.926,3.926,3.926,3.926,3.926,3.926,3.926,3.926,3.926,3.926,3.926,3.926,0,,False,False,True,,,,,,,,,,,,,,,False,False,19.622,,97.5,,75.7,,97.5,,1493,87,7,20,7,142175.3,18956.71,,Idle,,20,,10,,,20,Go Home,False,False,False,False,False,False,False,False,False,False,False,False,33.8027920380556,-117.4659261431046,2735.6,2972.0,1049.4,396.9,True,1,1,False,False,False,False,,True,False,False,Course Lock,196.8,67,16.4,93,E,SW,2.46,11.4,Calm,False,False,Android,7.0.2,M300 RTK,1ZN7L4R0H1D00F,1W9DL31001461C,1ZMLH8300204F0,1Z6PH74DAP0QN7,"Corona, CA",728.3,5.7,137.7,8.547347,2.013246,0,0,DJI Matrice 300 RTK,M300 RTK,1ZN7L4R0H1D00F,1W9DL31001461C,1ZMLH8300204F0,1Z6PH74DAP0QN7,DJI Pilot,Android,7.0.2,1EF72A62-B7C3-C88D-164E-CE6F8C8424AE,1ZN7L4R0H1D00F,1W9DL31001461C,,1ZMLH8300204F0,1W9DL31001461C,,,,,
2023-11-01,11:30:58.94 AM,6m 36.6s,396.6,33.7996975913831,-117.4741490636123,77.0,137.7,14.1,1341,3177.9,5.854632,6.94893,-4.250186,2.23694,-4.026492,1.342164,0,0.894776,-1.7,-1.6,2.3,-136.2,223.8,223.5,Tripod,Other,,22,5,True,,True,False,,Smart,RC,False,True,False,,,True,,False,False,False,False,False,False,False,False,False,False,0,Follow Yaw,-77.9,0,-144.4,215.6,False,False,False,False,False,,0,0,False,False,No Card,100,100,1024,1364,943,936,2,False,False,False,False,False,0,False,False,False,False,79,,47.076,,7933,,10044,,47.076,,True,3.926,3.926,3.926,3.926,3.926,3.926,3.926,3.926,3.926,3.926,3.926,3.926,0,,False,False,True,,,,,,,,,,,,,,,False,False,19.622,,97.5,,75.7,,97.5,,1493,87,7,20,7,142175.3,18956.71,,Idle,,20,,10,,,20,Go Home,False,False,False,False,False,False,False,False,False,False,False,False,33.8027920380556,-117.4659261431046,2736.4,2972.0,1049.4,396.9,True,1,1,False,False,False,False,,True,False,False,Course Lock,196.8,67,16.4,93,E,SW,2.46,11.4,Calm,False,False,Android,7.0.2,M300 RTK,1ZN7L4R0H1D00F,1W9DL31001461C,1ZMLH8300204F0,1Z6PH74DAP0QN7,"Corona, CA",728.3,5.7,137.7,8.547347,2.013246,0,0,DJI Matrice 300 RTK,M300 RTK,1ZN7L4R0H1D00F,1W9DL31001461C,1ZMLH8300204F0,1Z6PH74DAP0QN7,DJI Pilot,Android,7.0.2,1EF72A62-B7C3-C88D-164E-CE6F8C8424AE,1ZN7L4R0H1D00F,1W9DL31001461C,,1ZMLH8300204F0,1W9DL31001461C,,,,,
2023-11-01,11:30:59.04 AM,6m 36.7s,396.7,33.7996959345464,-117.4741509642516,77.0,137.7,14.1,1341,3178.7,5.854632,6.94893,-4.250186,2.23694,-4.026492,1.342164,0,0.894776,-1.6,-1.5,2.1,-136.3,223.7,223.6,Tripod,Other,,22,5,True,,True,False,,Smart,RC,False,True,False,,,True,,False,False,False,False,False,False,False,False,False,False,0,Follow Yaw,-77.9,0,-144.6,215.4,False,False,False,False,False,,0,0,False,False,No Card,100,100,1024,1363,947,937,2,False,False,False,False,False,0,False,False,False,False,79,,47.076,,7933,,10044,,47.076,,True,3.926,3.926,3.926,3.926,3.926,3.926,3.926,3.926,3.926,3.926,3.926,3.926,0,,False,False,True,,,,,,,,,,,,,,,False,False,19.622,,97.5,,75.7,,97.5,,1493,87,7,20,7,142175.3,18956.71,,Idle,,20,,10,,,20,Go Home,False,False,False,False,False,False,False,False,False,False,False,False,33.8027920380556,-117.4659261431046,2737.2,2972.0,1049.4,396.9,True,1,1,False,False,False,False,,True,False,False,Course Lock,196.8,67,16.4,93,E,SW,2.46,11.4,Calm,False,False,Android,7.0.2,M300 RTK,1ZN7L4R0H1D00F,1W9DL31001461C,1ZMLH8300204F0,1Z6PH74DAP0QN7,"Corona, CA",728.3,5.7,137.7,8.547347,2.013246,0,0,DJI Matrice 300 RTK,M300 RTK,1ZN7L4R0H1D00F,1W9DL31001461C,1ZMLH8300204F0,1Z6PH74DAP0QN7,DJI Pilot,Android,7.0.2,1EF72A62-B7C3-C88D-164E-CE6F8C8424AE,1ZN7L4R0H1D00F,1W9DL31001461C,,1ZMLH8300204F0,1W9DL31001461C,,,,,
2023-11-01,11:30:59.14 AM,6m 36.8s,396.8,33.7996941425639,-117.474152934946,77.0,137.7,14.1,1341,3179.6,5.7031,6.94893,-4.250186,2.23694,-3.802798,1.342164,0,0.894776,-1.7,-1,1.9,-136.3,223.7,222.4,Tripod,Other,,22,5,True,,True,False,,Smart,RC,False,True,False,,,True,,False,False,False,False,False,False,False,False,False,False,0,Follow Yaw,-77.9,0,-144.7,215.3,False,False,False,False,False,,0,0,False,False,No Card,100,100,1024,1364,946,939,2,False,False,False,False,False,0,False,False,False,False,79,,47.076,,7933,,10044,,47.076,,True,3.926,3.926,3.926,3.926,3.926,3.926,3.926,3.926,3.926,3.926,3.926,3.926,0,,False,False,True,,,,,,,,,,,,,,,False,False,19.622,,97.5,,75.7,,97.5,,1493,87,7,20,7,142175.3,18956.71,,Idle,,20,,10,,,20,Go Home,False,False,False,False,False,False,False,False,False,False,False,False,33.8027920380556,-117.4659261431046,2738.0,2972.0,1049.4,396.9,True,1,1,False,False,False,False,,True,False,False,Course Lock,196.8,67,16.4,93,E,SW,2.46,11.4,Calm,False,False,Android,7.0.2,M300 RTK,1ZN7L4R0H1D00F,1W9DL31001461C,1ZMLH8300204F0,1Z6PH74DAP0QN7,"Corona, CA",728.3,5.7,137.7,8.547347,2.013246,0,0,DJI Matrice 300 RTK,M300 RTK,1ZN7L4R0H1D00F,1W9DL31001461C,1ZMLH8300204F0,1Z6PH74DAP0QN7,DJI Pilot,Android,7.0.2,1EF72A62-B7C3-C88D-164E-CE6F8C8424AE,1ZN7L4R0H1D00F,1W9DL31001461C,,1ZMLH8300204F0,1W9DL31001461C,,,,,
2023-11-01,11:30:59.24 AM,6m 36.9s,396.9,33.7996923023347,-117.4741549403174,77.0,137.7,14.1,1341,3180.5,5.7031,6.94893,-4.250186,2.23694,-3.802798,1.342164,0,0.894776,-1.7,-0.6,1.8,-136.4,223.6,222.1,Tripod,Other,,22,5,True,,True,False,,Smart,RC,False,True,False,,,True,,False,False,False,False,False,False,False,False,False,False,0,Follow Yaw,-77.9,0,-144.9,215.1,False,False,False,False,False,,0,0,False,False,No Card,100,100,1024,1363,945,939,2,False,False,False,False,False,0,False,False,False,False,79,,47.076,,7933,,10044,,47.076,,True,3.926,3.926,3.926,3.926,3.926,3.926,3.926,3.926,3.926,3.926,3.926,3.926,0,,False,False,True,,,,,,,,,,,,,,,False,False,19.622,,97.5,,75.7,,97.5,,1493,87,7,20,7,142175.3,18956.71,,Idle,,20,,10,,,20,Go Home,False,False,False,False,False,False,False,False,False,False,False,False,33.8027920380556,-117.4659261431046,2738.8,2972.0,1049.4,396.9,True,1,1,False,False,False,False,,True,False,False,Course Lock,196.8,67,16.4,93,E,SW,2.46,11.4,Calm,False,False,Android,7.0.2,M300 RTK,1ZN7L4R0H1D00F,1W9DL31001461C,1ZMLH8300204F0,1Z6PH74DAP0QN7,"Corona, CA",728.3,5.7,137.7,8.547347,2.013246,0,0,DJI Matrice 300 RTK,M300 RTK,1ZN7L4R0H1D00F,1W9DL31001461C,1ZMLH8300204F0,1Z6PH74DAP0QN7,DJI Pilot,Android,7.0.2,1EF72A62-B7C3-C88D-164E-CE6F8C8424AE,1ZN7L4R0H1D00F,1W9DL31001461C,,1ZMLH8300204F0,1W9DL31001461C,,,,,
2023-11-01,11:30:59.34 AM,6m 37.0s,397.0,33.7996904878737,-117.4741569005798,77.0,137.7,14.1,1341,3181.4,5.7031,6.94893,-4.250186,2.23694,-3.802798,1.342164,0,0.894776,-1.9,-0.5,1.9,-136.6,223.4,221.9,Tripod,Other,,22,5,True,,True,False,,Smart,RC,False,True,False,,,True,,False,False,False,False,False,False,False,False,False,False,0,Follow Yaw,-77.9,0,-145,215,False,False,False,False,False,,0,0,False,False,No Card,100,100,1024,1362,947,940,2,False,False,False,False,False,0,False,False,False,False,79,,46.968,,3938,,4986,,46.968,,True,3.926,3.926,3.926,3.926,3.926,3.926,3.926,3.926,3.926,3.926,3.926,3.926,0,,False,False,True,,,,,,,,,,,,,,,False,False,9.788,,97.5,,75.7,,97.5,,1493,87,7,20,7,142175.3,18956.71,,Idle,,20,,10,,,20,Go Home,False,False,False,False,False,False,False,False,False,False,False,False,33.8027920380556,-117.4659261431046,2739.7,2972.0,1049.4,396.9,True,1,1,False,False,False,False,,True,False,False,Course Lock,196.8,67,16.4,93,E,SW,2.46,11.4,Calm,False,False,Android,7.0.2,M300 RTK,1ZN7L4R0H1D00F,1W9DL31001461C,1ZMLH8300204F0,1Z6PH74DAP0QN7,"Corona, CA",728.3,5.7,137.7,8.547347,2.013246,0,0,DJI Matrice 300 RTK,M300 RTK,1ZN7L4R0H1D00F,1W9DL31001461C,1ZMLH8300204F0,1Z6PH74DAP0QN7,DJI Pilot,Android,7.0.2,1EF72A62-B7C3-C88D-164E-CE6F8C8424AE,1ZN7L4R0H1D00F,1W9DL31001461C,,1ZMLH8300204F0,1W9DL31001461C,,,,,
2023-11-01,11:30:59.43 AM,6m 37.1s,397.1,33.7996885549888,-117.4741586468012,77.0,137.7,14.1,1341,3182.3,5.7031,6.94893,-4.250186,2.23694,-3.802798,1.342164,0,0.894776,-2,-0.4,2,-136.7,223.3,216.8,Tripod,Other,,22,5,True,,True,False,,Smart,RC,False,True,False,,,True,,False,False,False,False,False,False,False,False,False,False,0,Follow Yaw,-77.9,0,-145.1,214.9,False,False,False,False,False,,0,0,False,False,No Card,100,100,1024,1363,948,939,2,False,False,False,False,False,0,False,False,False,False,79,,46.968,,3938,,4986,,46.968,,True,3.926,3.926,3.926,3.926,3.926,3.926,3.926,3.926,3.926,3.926,3.926,3.926,0,,False,False,True,,,,,,,,,,,,,,,False,False,9.788,,97.5,,75.7,,97.5,,1493,87,7,20,7,142175.3,18956.71,,Idle,,20,,10,,,20,Go Home,False,False,False,False,False,False,False,False,False,False,False,False,33.8027920380556,-117.4659261431046,2740.4,2972.0,1049.4,396.9,True,1,1,False,False,False,False,,True,False,False,Course Lock,196.8,67,16.4,93,E,SW,2.46,11.4,Calm,False,False,Android,7.0.2,M300 RTK,1ZN7L4R0H1D00F,1W9DL31001461C,1ZMLH8300204F0,1Z6PH74DAP0QN7,"Corona, CA",728.3,5.7,137.7,8.547347,2.013246,0,0,DJI Matrice 300 RTK,M300 RTK,1ZN7L4R0H1D00F,1W9DL31001461C,1ZMLH8300204F0,1Z6PH74DAP0QN7,DJI Pilot,Android,7.0.2,1EF72A62-B7C3-C88D-164E-CE6F8C8424AE,1ZN7L4R0H1D00F,1W9DL31001461C,,1ZMLH8300204F0,1W9DL31001461C,,,,,
2023-11-01,11:30:59.53 AM,6m 37.2s,397.2,33.7996866218298,-117.474160684623,77.0,137.7,14.1,1341,3183.2,5.7031,6.94893,-4.250186,2.23694,-3.802798,1.342164,0,0.894776,-2,-0.3,2,-136.8,223.2,221.2,Tripod,Other,,22,5,True,,True,False,,Smart,RC,False,True,False,,,True,,False,False,False,False,False,False,False,False,False,False,0,Follow Yaw,-77.9,0,-145.3,214.7,False,False,False,False,False,,0,0,False,False,No Card,100,100,1024,1364,948,939,2,False,False,False,False,False,0,False,False,False,False,79,,46.968,,3938,,4986,,46.968,,True,3.926,3.926,3.926,3.926,3.926,3.926,3.926,3.926,3.926,3.926,3.926,3.926,0,,False,False,True,,,,,,,,,,,,,,,False,False,9.788,,97.5,,75.7,,97.5,,1493,87,7,20,7,142175.3,18956.71,,Idle,,20,,10,,,20,Go Home,False,False,False,False,False,False,False,False,False,False,False,False,33.8027920380556,-117.4659261431046,2741.3,2972.0,1049.4,396.9,True,1,1,False,False,False,False,,True,False,False,Course Lock,196.8,67,16.4,93,E,SW,2.46,11.4,Calm,False,False,Android,7.0.2,M300 RTK,1ZN7L4R0H1D00F,1W9DL31001461C,1ZMLH8300204F0,1Z6PH74DAP0QN7,"Corona, CA",728.3,5.7,137.7,8.547347,2.013246,0,0,DJI Matrice 300 RTK,M300 RTK,1ZN7L4R0H1D00F,1W9DL31001461C,1ZMLH8300204F0,1Z6PH74DAP0QN7,DJI Pilot,Android,7.0.2,1EF72A62-B7C3-C88D-164E-CE6F8C8424AE,1ZN7L4R0H1D00F,1W9DL31001461C,,1ZMLH8300204F0,1W9DL31001461C,,,,,
2023-11-01,11:30:59.64 AM,6m 37.3s,397.3,33.7996850431199,-117.4741626504931,77.0,137.7,14.1,1341,3184.0,5.7031,6.94893,-4.250186,2.23694,-3.802798,1.342164,0,0.894776,-1.9,-0.3,1.9,-136.9,223.1,225.9,Tripod,Other,,22,5,True,,True,False,,Smart,RC,False,True,False,,,True,,False,False,False,False,False,False,False,False,False,False,0,Follow Yaw,-77.9,0,-145.4,214.6,False,False,False,False,False,,0,0,False,False,No Card,100,100,1024,1363,948,939,2,False,False,False,False,False,0,False,False,False,False,79,,46.968,,3938,,4986,,46.968,,True,3.922,3.922,3.922,3.922,3.922,3.922,3.922,3.922,3.922,3.922,3.922,3.922,0,,False,False,True,,,,,,,,,,,,,,,False,False,9.788,,97.5,,75.7,,97.5,,1494,87,7,20,7,142685.0,19024.66,,Idle,,20,,10,,,20,Go Home,False,False,False,False,False,False,False,False,False,False,False,False,33.8027920380556,-117.4659261431046,2742.1,2972.0,1049.4,396.9,True,1,1,False,False,False,False,,True,False,False,Course Lock,196.8,67,16.4,93,E,SW,2.46,11.4,Calm,False,False,Android,7.0.2,M300 RTK,1ZN7L4R0H1D00F,1W9DL31001461C,1ZMLH8300204F0,1Z6PH74DAP0QN7,"Corona, CA",728.3,5.7,137.7,8.547347,2.013246,0,0,DJI Matrice 300 RTK,M300 RTK,1ZN7L4R0H1D00F,1W9DL31001461C,1ZMLH8300204F0,1Z6PH74DAP0QN7,DJI Pilot,Android,7.0.2,1EF72A62-B7C3-C88D-164E-CE6F8C8424AE,1ZN7L4R0H1D00F,1W9DL31001461C,,1ZMLH8300204F0,1W9DL31001461C,,,,,
2023-11-01,11:30:59.75 AM,6m 37.4s,397.4,33.7996832102922,-117.4741646034985,77.0,137.7,14.1,1341,3184.9,5.871701,6.94893,-4.47388,2.23694,-3.802798,1.342164,0,0.894776,-2,-0.3,2,-137,223,221.5,Tripod,Other,,22,5,True,,True,False,,Smart,RC,False,True,False,,,True,,False,False,False,False,False,False,False,False,False,False,0,Follow Yaw,-77.9,0,-145.5,214.5,False,False,False,False,False,,0,0,False,False,No Card,100,100,1024,1364,948,939,2,False,False,False,False,False,0,False,False,False,False,79,,46.968,,3938,,4986,,46.968,,True,3.922,3.922,3.922,3.922,3.922,3.922,3.922,3.922,3.922,3.922,3.922,3.922,0,,False,False,True,,,,,,,,,,,,,,,False,False,9.788,,97.5,,75.7,,97.5,,1494,87,7,20,7,142685.0,19024.66,,Idle,,20,,10,,,20,Go Home,False,False,False,False,False,False,False,False,False,False,False,False,33.8027920380556,-117.4659261431046,2742.9,2972.0,1049.4,396.9,True,1,1,False,False,False,False,,True,False,False,Course Lock,196.8,67,16.4,93,E,SW,2.46,11.4,Calm,False,False,Android,7.0.2,M300 RTK,1ZN7L4R0H1D00F,1W9DL31001461C,1ZMLH8300204F0,1Z6PH74DAP0QN7,"Corona, CA",728.3,5.7,137.7,8.547347,2.013246,0,0,DJI Matrice 300 RTK,M300 RTK,1ZN7L4R0H1D00F,1W9DL31001461C,1ZMLH8300204F0,1Z6PH74DAP0QN7,DJI Pilot,Android,7.0.2,1EF72A62-B7C3-C88D-164E-CE6F8C8424AE,1ZN7L4R0H1D00F,1W9DL31001461C,,1ZMLH8300204F0,1W9DL31001461C,,,,,
2023-11-01,11:30:59.85 AM,6m 37.5s,397.5,33.7996815635982,-117.4741663726868,77.0,137.7,14.1,1341,3185.7,5.871701,6.94893,-4.47388,2.23694,-3.802798,1.342164,0,0.894776,-2,-0.2,2,-137.1,222.9,221.7,Tripod,Other,,22,5,True,,True,False,,Smart,RC,False,True,False,,,True,,False,False,False,False,False,False,False,False,False,False,0,Follow Yaw,-77.9,0,-145.7,214.3,False,False,False,False,False,,0,0,False,False,No Card,100,100,1024,1364,948,939,2,False,False,False,False,False,0,False,False,False,False,79,,46.968,,3938,,4986,,46.968,,True,3.922,3.922,3.922,3.922,3.922,3.922,3.922,3.922,3.922,3.922,3.922,3.922,0,,False,False,True,,,,,,,,,,,,,,,False,False,9.788,,97.5,,75.7,,97.5,,1494,87,7,20,7,142685.0,19024.66,,Idle,,20,,10,,,20,Go Home,False,False,False,False,False,False,False,False,False,False,False,False,33.8027920380556,-117.4659261431046,2743.6,2972.0,1049.4,396.9,True,1,1,False,False,False,False,,True,False,False,Course Lock,196.8,67,16.4,93,E,SW,2.46,11.4,Calm,False,False,Android,7.0.2,M300 RTK,1ZN7L4R0H1D00F,1W9DL31001461C,1ZMLH8300204F0,1Z6PH74DAP0QN7,"Corona, CA",728.3,5.7,137.7,8.547347,2.013246,0,0,DJI Matrice 300 RTK,M300 RTK,1ZN7L4R0H1D00F,1W9DL31001461C,1ZMLH8300204F0,1Z6PH74DAP0QN7,DJI Pilot,Android,7.0.2,1EF72A62-B7C3-C88D-164E-CE6F8C8424AE,1ZN7L4R0H1D00F,1W9DL31001461C,,1ZMLH8300204F0,1W9DL31001461C,,,,,
2023-11-01,11:30:59.95 AM,6m 37.6s,397.6,33.799679731867,-117.4741683192598,77.0,137.7,14.1,1341,3186.6,5.871701,6.94893,-4.47388,2.23694,-3.802798,1.342164,0,0.894776,-1.8,-0.1,1.8,-137.2,222.8,221.4,Tripod,Other,,22,5,True,,True,False,,Smart,RC,False,True,False,,,True,,False,False,False,False,False,False,False,False,False,False,0,Follow Yaw,-77.9,0,-145.8,214.2,False,False,False,False,False,,0,0,False,False,No Card,100,100,1024,1362,954,960,2,False,False,False,False,False,0,False,False,False,False,79,,46.968,,3938,,4986,,46.968,,True,3.922,3.922,3.922,3.922,3.922,3.922,3.922,3.922,3.922,3.922,3.922,3.922,0,,False,False,True,,,,,,,,,,,,,,,False,False,9.788,,97.5,,75.7,,97.5,,1494,87,7,20,7,142685.0,19024.66,,Idle,,20,,10,,,20,Go Home,False,False,False,False,False,False,False,False,False,False,False,False,33.8027920380556,-117.4659261431046,2744.4,2972.0,1049.4,396.9,True,1,1,False,False,False,False,,True,False,False,Course Lock,196.8,67,16.4,93,E,SW,2.46,11.4,Calm,False,False,Android,7.0.2,M300 RTK,1ZN7L4R0H1D00F,1W9DL31001461C,1ZMLH8300204F0,1Z6PH74DAP0QN7,"Corona, CA",728.3,5.7,137.7,8.547347,2.013246,0,0,DJI Matrice 300 RTK,M300 RTK,1ZN7L4R0H1D00F,1W9DL31001461C,1ZMLH8300204F0,1Z6PH74DAP0QN7,DJI Pilot,Android,7.0.2,1EF72A62-B7C3-C88D-164E-CE6F8C8424AE,1ZN7L4R0H1D00F,1W9DL31001461C,,1ZMLH8300204F0,1W9DL31001461C,,,,,
2023-11-01,11:31:00.05 AM,6m 37.7s,397.7,33.7996777828085,-117.4741702860989,77.0,137.7,14.1,1341,3187.5,6.018989,6.94893,-4.47388,2.23694,-4.026492,1.342164,0,0.894776,-1.7,-0.1,1.7,-137.4,222.6,219.9,Tripod,Other,,22,5,True,,True,False,,Smart,RC,False,True,False,,,True,,False,False,False,False,False,False,False,False,False,False,0,Follow Yaw,-77.9,0,-145.9,214.1,False,False,False,False,False,,0,0,False,False,No Card,100,100,1024,1359,960,1024,2,False,False,False,False,False,0,False,False,False,False,79,,46.968,,3938,,4986,,46.968,,True,3.922,3.922,3.922,3.922,3.922,3.922,3.922,3.922,3.922,3.922,3.922,3.922,0,,False,False,True,,,,,,,,,,,,,,,False,False,9.788,,97.5,,75.7,,97.5,,1494,87,7,20,7,142685.0,19024.66,,Idle,,20,,10,,,20,Go Home,False,False,False,False,False,False,False,False,False,False,False,False,33.8027920380556,-117.4659261431046,2745.3,2972.0,1049.4,396.9,True,1,1,False,False,False,False,,True,False,False,Course Lock,196.8,67,16.4,93,E,SW,2.46,11.4,Calm,False,False,Android,7.0.2,M300 RTK,1ZN7L4R0H1D00F,1W9DL31001461C,1ZMLH8300204F0,1Z6PH74DAP0QN7,"Corona, CA",728.3,5.7,137.7,8.547347,2.013246,0,0,DJI Matrice 300 RTK,M300 RTK,1ZN7L4R0H1D00F,1W9DL31001461C,1ZMLH8300204F0,1Z6PH74DAP0QN7,DJI Pilot,Android,7.0.2,1EF72A62-B7C3-C88D-164E-CE6F8C8424AE,1ZN7L4R0H1D00F,1W9DL31001461C,,1ZMLH8300204F0,1W9DL31001461C,,,,,
2023-11-01,11:31:00.16 AM,6m 37.8s,397.8,33.7996759403863,-117.4741722469592,77.0,137.7,14.1,1341,3188.4,6.018989,6.94893,-4.47388,2.23694,-4.026492,1.342164,0,0.894776,-1.6,-0.1,1.6,-137.5,222.5,221.4,Tripod,Other,,22,5,True,,True,False,,Smart,RC,False,True,False,,,True,,False,False,False,False,False,False,False,False,False,False,0,Follow Yaw,-77.9,0,-145.9,214.1,False,False,False,False,False,,0,0,False,False,No Card,100,100,1024,1360,1002,1024,2,False,False,False,False,False,0,False,False,False,False,79,,46.968,,3938,,4986,,46.968,,True,3.922,3.922,3.922,3.922,3.922,3.922,3.922,3.922,3.922,3.922,3.922,3.922,0,,False,False,True,,,,,,,,,,,,,,,False,False,9.788,,97.5,,75.7,,97.5,,1494,87,7,20,7,142685.0,19024.66,,Idle,,20,,10,,,20,Go Home,False,False,False,False,False,False,False,False,False,False,False,False,33.8027920380556,-117.4659261431046,2746.1,2972.0,1049.4,396.9,True,1,1,False,False,False,False,,True,False,False,Course Lock,196.8,67,16.4,93,E,SW,2.46,11.4,Calm,False,False,Android,7.0.2,M300 RTK,1ZN7L4R0H1D00F,1W9DL31001461C,1ZMLH8300204F0,1Z6PH74DAP0QN7,"Corona, CA",728.3,5.7,137.7,8.547347,2.013246,0,0,DJI Matrice 300 RTK,M300 RTK,1ZN7L4R0H1D00F,1W9DL31001461C,1ZMLH8300204F0,1Z6PH74DAP0QN7,DJI Pilot,Android,7.0.2,1EF72A62-B7C3-C88D-164E-CE6F8C8424AE,1ZN7L4R0H1D00F,1W9DL31001461C,,1ZMLH8300204F0,1W9DL31001461C,,,,,
2023-11-01,11:31:00.26 AM,6m 37.9s,397.9,33.7996739000428,-117.4741743676389,77.0,137.7,14.1,1341,3189.4,6.018989,6.94893,-4.47388,2.23694,-4.026492,1.342164,0,0.894776,-1.5,-0.1,1.5,-137.5,222.5,220.8,Tripod,Other,,22,5,True,,True,False,,Smart,RC,False,True,False,,,True,,False,False,False,False,False,False,False,False,False,False,0,Follow Yaw,-77.9,0,-145.9,214.1,False,False,False,False,False,,0,0,False,False,No Card,100,100,1024,1360,1002,1024,2,False,False,False,False,False,0,False,False,False,False,79,,46.968,,3938,,4986,,46.968,,True,3.922,3.922,3.922,3.922,3.922,3.922,3.922,3.922,3.922,3.922,3.922,3.922,0,,False,False,True,,,,,,,,,,,,,,,False,False,9.788,,97.5,,75.7,,97.5,,1494,87,7,20,7,142685.0,19024.66,,Idle,,20,,10,,,20,Go Home,False,False,False,False,False,False,False,False,False,False,False,False,33.8027920380556,-117.4659261431046,2747.0,2972.0,1049.4,396.9,True,1,1,False,False,False,False,,True,False,False,Course Lock,196.8,67,16.4,93,E,SW,2.46,11.4,Calm,False,False,Android,7.0.2,M300 RTK,1ZN7L4R0H1D00F,1W9DL31001461C,1ZMLH8300204F0,1Z6PH74DAP0QN7,"Corona, CA",728.3,5.7,137.7,8.547347,2.013246,0,0,DJI Matrice 300 RTK,M300 RTK,1ZN7L4R0H1D00F,1W9DL31001461C,1ZMLH8300204F0,1Z6PH74DAP0QN7,DJI Pilot,Android,7.0.2,1EF72A62-B7C3-C88D-164E-CE6F8C8424AE,1ZN7L4R0H1D00F,1W9DL31001461C,,1ZMLH8300204F0,1W9DL31001461C,,,,,
2023-11-01,11:31:00.37 AM,6m 38.0s,398.0,33.7996720348679,-117.4741763484766,77.0,137.7,14.1,1341,3190.3,6.018989,6.94893,-4.47388,2.23694,-4.026492,1.342164,0,0.894776,-1.6,-0.1,1.6,-137.5,222.5,221.4,Tripod,Other,,22,5,True,,True,False,,Smart,RC,False,True,False,,,True,,False,False,False,False,False,False,False,False,False,False,0,Follow Yaw,-77.9,0,-145.9,214.1,False,False,False,False,False,,0,0,False,False,No Card,100,100,1024,1360,1024,1024,2,False,False,False,False,False,0,False,False,False,False,78,,47.016,,7883,,10044,,47.016,,True,3.922,3.922,3.922,3.922,3.922,3.922,3.922,3.922,3.922,3.922,3.922,3.922,0,,False,False,True,,,,,,,,,,,,,,,False,False,19.524,,97.5,,75.7,,97.5,,1494,87,7,20,7,142685.0,19024.66,,Idle,,20,,10,,,20,Go Home,False,False,False,False,False,False,False,False,False,False,False,False,33.8027920380556,-117.4659261431046,2747.8,2972.0,1049.4,396.9,True,1,1,False,False,False,False,,True,False,False,Course Lock,196.8,67,16.4,93,E,SW,2.46,11.4,Calm,False,False,Android,7.0.2,M300 RTK,1ZN7L4R0H1D00F,1W9DL31001461C,1ZMLH8300204F0,1Z6PH74DAP0QN7,"Corona, CA",728.3,5.7,137.7,8.547347,2.013246,0,0,DJI Matrice 300 RTK,M300 RTK,1ZN7L4R0H1D00F,1W9DL31001461C,1ZMLH8300204F0,1Z6PH74DAP0QN7,DJI Pilot,Android,7.0.2,1EF72A62-B7C3-C88D-164E-CE6F8C8424AE,1ZN7L4R0H1D00F,1W9DL31001461C,,1ZMLH8300204F0,1W9DL31001461C,,,,,
2023-11-01,11:31:00.47 AM,6m 38.1s,398.1,33.7996703497958,-117.4741782636094,77.0,137.7,14.1,1341,3191.2,6.018989,6.94893,-4.47388,2.23694,-4.026492,1.342164,0,0.894776,-1.7,-0.2,1.7,-137.5,222.5,223.3,Tripod,Other,,22,5,True,,True,False,,Smart,RC,False,True,False,,,True,,False,False,False,False,False,False,False,False,False,False,0,Follow Yaw,-77.9,0,-145.9,214.1,False,False,False,False,False,,0,0,False,False,No Card,100,100,1024,1360,1024,1024,2,False,False,False,False,False,0,False,False,False,False,78,,47.016,,7883,,10044,,47.016,,True,3.922,3.922,3.922,3.922,3.922,3.922,3.922,3.922,3.922,3.922,3.922,3.922,0,,False,False,True,,,,,,,,,,,,,,,False,False,19.524,,97.5,,75.7,,97.5,,1494,87,7,20,7,142685.0,19024.66,,Idle,,20,,10,,,20,Go Home,False,False,False,False,False,False,False,False,False,False,False,False,33.8027920380556,-117.4659261431046,2748.6,2972.0,1049.4,396.9,True,1,1,False,False,False,False,,True,False,False,Course Lock,196.8,67,16.4,93,E,SW,2.46,11.4,Calm,False,False,Android,7.0.2,M300 RTK,1ZN7L4R0H1D00F,1W9DL31001461C,1ZMLH8300204F0,1Z6PH74DAP0QN7,"Corona, CA",728.3,5.7,137.7,8.547347,2.013246,0,0,DJI Matrice 300 RTK,M300 RTK,1ZN7L4R0H1D00F,1W9DL31001461C,1ZMLH8300204F0,1Z6PH74DAP0QN7,DJI Pilot,Android,7.0.2,1EF72A62-B7C3-C88D-164E-CE6F8C8424AE,1ZN7L4R0H1D00F,1W9DL31001461C,,1ZMLH8300204F0,1W9DL31001461C,,,,,
2023-11-01,11:31:00.58 AM,6m 38.2s,398.2,33.7996684966826,-117.474180245746,77.0,137.7,14.1,1341,3192.1,6.018989,6.94893,-4.47388,2.23694,-4.026492,1.342164,0,0.894776,-1.7,-0.3,1.7,-137.5,222.5,221.6,Tripod,Other,,22,5,True,,True,False,,Smart,RC,False,True,False,,,True,,False,False,False,False,False,False,False,False,False,False,0,Follow Yaw,-77.9,0,-145.9,214.1,False,False,False,False,False,,0,0,False,False,No Card,100,100,1024,1358,1024,1024,2,False,False,False,False,False,0,False,False,False,False,78,,47.016,,7883,,10044,,47.016,,True,3.922,3.922,3.922,3.922,3.922,3.922,3.922,3.922,3.922,3.922,3.922,3.922,0,,False,False,True,,,,,,,,,,,,,,,False,False,19.524,,97.5,,75.7,,97.5,,1494,87,7,20,7,142685.0,19024.66,,Idle,,20,,10,,,20,Go Home,False,False,False,False,False,False,False,False,False,False,False,False,33.8027920380556,-117.4659261431046,2749.4,2972.0,1049.4,396.9,True,1,1,False,False,False,False,,True,False,False,Course Lock,196.8,67,16.4,93,E,SW,2.46,11.4,Calm,False,False,Android,7.0.2,M300 RTK,1ZN7L4R0H1D00F,1W9DL31001461C,1ZMLH8300204F0,1Z6PH74DAP0QN7,"Corona, CA",728.3,5.7,137.7,8.547347,2.013246,0,0,DJI Matrice 300 RTK,M300 RTK,1ZN7L4R0H1D00F,1W9DL31001461C,1ZMLH8300204F0,1Z6PH74DAP0QN7,DJI Pilot,Android,7.0.2,1EF72A62-B7C3-C88D-164E-CE6F8C8424AE,1ZN7L4R0H1D00F,1W9DL31001461C,,1ZMLH8300204F0,1W9DL31001461C,,,,,
2023-11-01,11:31:00.64 AM,6m 38.3s,398.3,33.7996666846887,-117.4741820807835,77.0,137.7,14.1,1341,3192.9,6.018989,6.94893,-4.47388,2.23694,-4.026492,1.342164,0,0.894776,-1.8,-0.3,1.8,-137.4,222.6,220.0,Tripod,Other,,22,5,True,,True,False,,Smart,RC,False,True,False,,,True,,False,False,False,False,False,False,False,False,False,False,0,Follow Yaw,-77.9,0,-145.9,214.1,False,False,False,False,False,,0,0,False,False,No Card,100,100,1024,1356,1024,1024,2,False,False,False,False,False,0,False,False,False,False,78,,47.016,,7883,,10044,,47.016,,True,3.92,3.92,3.92,3.92,3.92,3.92,3.92,3.92,3.92,3.92,3.92,3.92,0,,False,False,True,,,,,,,,,,,,,,,False,False,19.524,,97.5,,75.7,,97.5,,1494,88,7,20,7,143384.7,19117.96,,Idle,,20,,10,,,20,Go Home,False,False,False,False,False,False,False,False,False,False,False,False,33.8027920380556,-117.4659261431046,2750.2,2972.0,1049.4,396.9,True,1,1,False,False,False,False,,True,False,False,Course Lock,196.8,67,16.4,93,E,SW,2.46,11.4,Calm,False,False,Android,7.0.2,M300 RTK,1ZN7L4R0H1D00F,1W9DL31001461C,1ZMLH8300204F0,1Z6PH74DAP0QN7,"Corona, CA",728.3,5.7,137.7,8.547347,2.013246,0,0,DJI Matrice 300 RTK,M300 RTK,1ZN7L4R0H1D00F,1W9DL31001461C,1ZMLH8300204F0,1Z6PH74DAP0QN7,DJI Pilot,Android,7.0.2,1EF72A62-B7C3-C88D-164E-CE6F8C8424AE,1ZN7L4R0H1D00F,1W9DL31001461C,,1ZMLH8300204F0,1W9DL31001461C,,,,,
2023-11-01,11:31:00.74 AM,6m 38.4s,398.4,33.7996648351391,-117.4741840459114,77.0,137.7,14.1,1341,3193.8,6.018989,6.94893,-4.47388,2.23694,-4.026492,1.342164,0,0.894776,-1.8,-0.1,1.8,-137.4,222.6,221.4,Tripod,Other,,22,5,True,,True,False,,Smart,RC,False,True,False,,,True,,False,False,False,False,False,False,False,False,False,False,0,Follow Yaw,-77.9,0,-145.9,214.1,False,False,False,False,False,,0,0,False,False,No Card,100,100,1024,1354,1024,1024,2,False,False,False,False,False,0,False,False,False,False,78,,47.016,,7883,,10044,,47.016,,True,3.92,3.92,3.92,3.92,3.92,3.92,3.92,3.92,3.92,3.92,3.92,3.92,0,,False,False,True,,,,,,,,,,,,,,,False,False,19.524,,97.5,,75.7,,97.5,,1494,88,7,20,7,143384.7,19117.96,,Idle,,20,,10,,,20,Go Home,False,False,False,False,False,False,False,False,False,False,False,False,33.8027920380556,-117.4659261431046,2751.0,2972.0,1049.4,396.9,True,1,1,False,False,False,False,,True,False,False,Course Lock,196.8,67,16.4,93,E,SW,2.46,11.4,Calm,False,False,Android,7.0.2,M300 RTK,1ZN7L4R0H1D00F,1W9DL31001461C,1ZMLH8300204F0,1Z6PH74DAP0QN7,"Corona, CA",728.3,5.7,137.7,8.547347,2.013246,0,0,DJI Matrice 300 RTK,M300 RTK,1ZN7L4R0H1D00F,1W9DL31001461C,1ZMLH8300204F0,1Z6PH74DAP0QN7,DJI Pilot,Android,7.0.2,1EF72A62-B7C3-C88D-164E-CE6F8C8424AE,1ZN7L4R0H1D00F,1W9DL31001461C,,1ZMLH8300204F0,1W9DL31001461C,,,,,
2023-11-01,11:31:00.84 AM,6m 38.5s,398.5,33.7996626333335,-117.4741863147622,77.0,137.7,14.1,1341,3194.9,6.018989,6.94893,-4.47388,2.23694,-4.026492,1.342164,0,0.894776,-1.6,0,1.6,-137.4,222.6,220.5,Tripod,Other,,22,5,True,,True,False,,Smart,RC,False,True,False,,,True,,False,False,False,False,False,False,False,False,False,False,0,Follow Yaw,-77.9,0,-145.9,214.1,False,False,False,False,False,,0,0,False,False,No Card,100,100,1030,1350,1024,1024,2,False,False,False,False,False,0,False,False,False,False,78,,47.016,,7883,,10044,,47.016,,True,3.92,3.92,3.92,3.92,3.92,3.92,3.92,3.92,3.92,3.92,3.92,3.92,0,,False,False,True,,,,,,,,,,,,,,,False,False,19.524,,97.5,,75.7,,97.5,,1494,88,7,20,7,143384.7,19117.96,,Idle,,20,,10,,,20,Go Home,False,False,False,False,False,False,False,False,False,False,False,False,33.8027920380556,-117.4659261431046,2752.0,2972.0,1049.4,396.9,True,1,1,False,False,False,False,,True,False,False,Course Lock,196.8,67,16.4,93,E,SW,2.46,11.4,Calm,False,False,Android,7.0.2,M300 RTK,1ZN7L4R0H1D00F,1W9DL31001461C,1ZMLH8300204F0,1Z6PH74DAP0QN7,"Corona, CA",728.3,5.7,137.7,8.547347,2.013246,0,0,DJI Matrice 300 RTK,M300 RTK,1ZN7L4R0H1D00F,1W9DL31001461C,1ZMLH8300204F0,1Z6PH74DAP0QN7,DJI Pilot,Android,7.0.2,1EF72A62-B7C3-C88D-164E-CE6F8C8424AE,1ZN7L4R0H1D00F,1W9DL31001461C,,1ZMLH8300204F0,1W9DL31001461C,,,,,
2023-11-01,11:31:00.94 AM,6m 38.6s,398.6,33.7996608487525,-117.4741882230916,77.0,137.7,14.1,1341,3195.8,6.018989,6.94893,-4.47388,2.23694,-4.026492,1.342164,0,0.894776,-1.4,0,1.4,-137.5,222.5,221.6,Tripod,Other,,22,5,True,,True,False,,Smart,RC,False,True,False,,,True,,False,False,False,False,False,False,False,False,False,False,0,Follow Yaw,-77.9,0,-145.9,214.1,False,False,False,False,False,,0,0,False,False,No Card,100,100,1098,1343,1024,1024,2,False,False,False,False,False,0,False,False,False,False,78,,47.016,,7883,,10044,,47.016,,True,3.92,3.92,3.92,3.92,3.92,3.92,3.92,3.92,3.92,3.92,3.92,3.92,0,,False,False,True,,,,,,,,,,,,,,,False,False,19.524,,97.5,,75.7,,97.5,,1494,88,7,20,7,143384.7,19117.96,,Idle,,20,,10,,,20,Go Home,False,False,False,False,False,False,False,False,False,False,False,False,33.8027920380556,-117.4659261431046,2752.8,2972.0,1049.4,396.9,True,1,1,False,False,False,False,,True,False,False,Course Lock,196.8,67,16.4,93,E,SW,2.46,11.4,Calm,False,False,Android,7.0.2,M300 RTK,1ZN7L4R0H1D00F,1W9DL31001461C,1ZMLH8300204F0,1Z6PH74DAP0QN7,"Corona, CA",728.3,5.7,137.7,8.547347,2.013246,0,0,DJI Matrice 300 RTK,M300 RTK,1ZN7L4R0H1D00F,1W9DL31001461C,1ZMLH8300204F0,1Z6PH74DAP0QN7,DJI Pilot,Android,7.0.2,1EF72A62-B7C3-C88D-164E-CE6F8C8424AE,1ZN7L4R0H1D00F,1W9DL31001461C,,1ZMLH8300204F0,1W9DL31001461C,,,,,
2023-11-01,11:31:01.04 AM,6m 38.7s,398.7,33.7996590142801,-117.4741899805284,77.0,137.7,14.1,1341,3196.6,6.018989,6.94893,-4.47388,2.23694,-4.026492,1.342164,0,0.894776,-1.1,-0.1,1.1,-137.6,222.4,218.5,Tripod,Other,,22,5,True,,True,False,,Smart,RC,False,True,False,,,True,,False,False,False,False,False,False,False,False,False,False,0,Follow Yaw,-77.9,0,-145.9,214.1,False,False,False,False,False,,0,0,False,False,No Card,100,100,1072,1336,1024,1024,2,False,False,False,False,False,0,False,False,False,False,79,,46.968,,3938,,4986,,46.968,,True,3.92,3.92,3.92,3.92,3.92,3.92,3.92,3.92,3.92,3.92,3.92,3.92,0,,False,False,True,,,,,,,,,,,,,,,False,False,9.718,,97.5,,75.7,,97.5,,1494,88,7,20,7,143384.7,19117.96,,Idle,,20,,10,,,20,Go Home,False,False,False,False,False,False,False,False,False,False,False,False,33.8027920380556,-117.4659261431046,2753.5,2972.0,1049.4,396.9,True,1,1,False,False,False,False,,True,False,False,Course Lock,196.8,67,16.4,93,E,SW,2.46,11.4,Calm,False,False,Android,7.0.2,M300 RTK,1ZN7L4R0H1D00F,1W9DL31001461C,1ZMLH8300204F0,1Z6PH74DAP0QN7,"Corona, CA",728.3,5.7,137.7,8.547347,2.013246,0,0,DJI Matrice 300 RTK,M300 RTK,1ZN7L4R0H1D00F,1W9DL31001461C,1ZMLH8300204F0,1Z6PH74DAP0QN7,DJI Pilot,Android,7.0.2,1EF72A62-B7C3-C88D-164E-CE6F8C8424AE,1ZN7L4R0H1D00F,1W9DL31001461C,,1ZMLH8300204F0,1W9DL31001461C,,,,,
2023-11-01,11:31:01.14 AM,6m 38.8s,398.8,33.7996571392365,-117.474191971695,77.0,137.7,14.1,1341,3197.5,6.018989,6.94893,-4.47388,2.23694,-4.026492,1.342164,0,0.894776,-1,-0.4,1,-137.7,222.3,221.4,Tripod,Other,,22,5,True,,True,False,,Smart,RC,False,True,False,,,True,,False,False,False,False,False,False,False,False,False,False,0,Follow Yaw,-77.9,0,-145.9,214.1,False,False,False,False,False,,0,0,False,False,No Card,100,100,1033,1328,1024,1024,2,False,False,False,False,False,0,False,False,False,False,79,,46.968,,3938,,4986,,46.968,,True,3.92,3.92,3.92,3.92,3.92,3.92,3.92,3.92,3.92,3.92,3.92,3.92,0,,False,False,True,,,,,,,,,,,,,,,False,False,9.718,,97.5,,75.7,,97.5,,1494,88,7,20,7,143384.7,19117.96,,Idle,,20,,10,,,20,Go Home,False,False,False,False,False,False,False,False,False,False,False,False,33.8027920380556,-117.4659261431046,2754.4,2972.0,1049.4,396.9,True,1,1,False,False,False,False,,True,False,False,Course Lock,196.8,67,16.4,93,E,SW,2.46,11.4,Calm,False,False,Android,7.0.2,M300 RTK,1ZN7L4R0H1D00F,1W9DL31001461C,1ZMLH8300204F0,1Z6PH74DAP0QN7,"Corona, CA",728.3,5.7,137.7,8.547347,2.013246,0,0,DJI Matrice 300 RTK,M300 RTK,1ZN7L4R0H1D00F,1W9DL31001461C,1ZMLH8300204F0,1Z6PH74DAP0QN7,DJI Pilot,Android,7.0.2,1EF72A62-B7C3-C88D-164E-CE6F8C8424AE,1ZN7L4R0H1D00F,1W9DL31001461C,,1ZMLH8300204F0,1W9DL31001461C,,,,,
2023-11-01,11:31:01.24 AM,6m 38.9s,398.9,33.7996551748268,-117.4741942032299,77.0,137.7,14.1,1341,3198.5,6.018989,6.94893,-4.47388,2.23694,-4.026492,1.342164,0,0.894776,-0.9,-0.4,0.9,-137.8,222.2,223.3,Tripod,Other,,22,5,True,,True,False,,Smart,RC,False,True,False,,,True,,False,False,False,False,False,False,False,False,False,False,0,Follow Yaw,-77.9,0,-145.9,214.1,False,False,False,False,False,,0,0,False,False,No Card,100,100,1024,1325,1024,1024,2,False,False,False,False,False,0,False,False,False,False,79,,46.968,,3938,,4986,,46.968,,True,3.92,3.92,3.92,3.92,3.92,3.92,3.92,3.92,3.92,3.92,3.92,3.92,0,,False,False,True,,,,,,,,,,,,,,,False,False,9.718,,97.5,,75.7,,97.5,,1494,88,7,20,7,143384.7,19117.96,,Idle,,20,,10,,,20,Go Home,False,False,False,False,False,False,False,False,False,False,False,False,33.8027920380556,-117.4659261431046,2755.3,2972.0,1049.4,396.9,True,1,1,False,False,False,False,,True,False,False,Course Lock,196.8,67,16.4,93,E,SW,2.46,11.4,Calm,False,False,Android,7.0.2,M300 RTK,1ZN7L4R0H1D00F,1W9DL31001461C,1ZMLH8300204F0,1Z6PH74DAP0QN7,"Corona, CA",728.3,5.7,137.7,8.547347,2.013246,0,0,DJI Matrice 300 RTK,M300 RTK,1ZN7L4R0H1D00F,1W9DL31001461C,1ZMLH8300204F0,1Z6PH74DAP0QN7,DJI Pilot,Android,7.0.2,1EF72A62-B7C3-C88D-164E-CE6F8C8424AE,1ZN7L4R0H1D00F,1W9DL31001461C,,1ZMLH8300204F0,1W9DL31001461C,,,,,
2023-11-01,11:31:01.34 AM,6m 39.0s,399.0,33.799653288818,-117.4741962018391,77.0,137.7,14.4,1341,3199.4,6.018989,6.94893,-4.47388,2.23694,-4.026492,1.342164,0,0.894776,-0.7,-0.4,0.8,-137.9,222.1,221.3,Tripod,Other,,22,5,True,,True,False,,Smart,RC,False,True,False,,,True,,False,False,False,False,False,False,False,False,False,False,0,Follow Yaw,-77.9,0,-145.9,214.1,False,False,False,False,False,,0,0,False,False,No Card,100,100,1024,1326,1024,1024,2,False,False,False,False,False,0,False,False,False,False,78,,47.016,,7883,,10044,,47.016,,True,3.92,3.92,3.92,3.92,3.92,3.92,3.92,3.92,3.92,3.92,3.92,3.92,0,,False,False,True,,,,,,,,,,,,,,,False,False,19.574,,97.7,,75.7,,97.7,,1494,88,7,20,7,143384.7,19117.96,,Idle,,20,,10,,,20,Go Home,False,False,False,False,False,False,False,False,False,False,False,False,33.8027920380556,-117.4659261431046,2756.1,2972.0,1049.4,396.9,True,1,1,False,False,False,False,,True,False,False,Course Lock,196.8,67,16.4,93,E,SW,2.46,11.4,Calm,False,False,Android,7.0.2,M300 RTK,1ZN7L4R0H1D00F,1W9DL31001461C,1ZMLH8300204F0,1Z6PH74DAP0QN7,"Corona, CA",728.3,5.7,137.7,8.547347,2.013246,0,0,DJI Matrice 300 RTK,M300 RTK,1ZN7L4R0H1D00F,1W9DL31001461C,1ZMLH8300204F0,1Z6PH74DAP0QN7,DJI Pilot,Android,7.0.2,1EF72A62-B7C3-C88D-164E-CE6F8C8424AE,1ZN7L4R0H1D00F,1W9DL31001461C,,1ZMLH8300204F0,1W9DL31001461C,,,,,
2023-11-01,11:31:01.44 AM,6m 39.1s,399.1,33.7996513584003,-117.4741983072832,77.0,137.7,14.4,1341,3200.4,6.018989,6.94893,-4.47388,2.23694,-4.026492,1.342164,0,0.894776,-0.5,-0.3,0.5,-137.9,222.1,222.1,Tripod,Other,,22,5,True,,True,False,,Smart,RC,False,True,False,,,True,,False,False,False,False,False,False,False,False,False,False,0,Follow Yaw,-77.9,0,-145.9,214.1,False,False,False,False,False,,0,0,False,False,No Card,100,100,1024,1326,1024,1024,2,False,False,False,False,False,0,False,False,False,False,78,,47.016,,7883,,10044,,47.016,,True,3.92,3.92,3.92,3.92,3.92,3.92,3.92,3.92,3.92,3.92,3.92,3.92,0,,False,False,True,,,,,,,,,,,,,,,False,False,19.574,,97.7,,75.7,,97.7,,1494,88,7,20,7,143384.7,19117.96,,Idle,,20,,10,,,20,Go Home,False,False,False,False,False,False,False,False,False,False,False,False,33.8027920380556,-117.4659261431046,2757.0,2972.0,1049.4,396.9,True,1,1,False,False,False,False,,True,False,False,Course Lock,196.8,67,16.4,93,E,SW,2.46,11.4,Calm,False,False,Android,7.0.2,M300 RTK,1ZN7L4R0H1D00F,1W9DL31001461C,1ZMLH8300204F0,1Z6PH74DAP0QN7,"Corona, CA",728.3,5.7,137.7,8.547347,2.013246,0,0,DJI Matrice 300 RTK,M300 RTK,1ZN7L4R0H1D00F,1W9DL31001461C,1ZMLH8300204F0,1Z6PH74DAP0QN7,DJI Pilot,Android,7.0.2,1EF72A62-B7C3-C88D-164E-CE6F8C8424AE,1ZN7L4R0H1D00F,1W9DL31001461C,,1ZMLH8300204F0,1W9DL31001461C,,,,,
2023-11-01,11:31:01.51 AM,6m 39.2s,399.2,33.7996494723916,-117.4742002909659,77.0,137.7,14.4,1341,3201.3,6.018989,6.94893,-4.47388,2.23694,-4.026492,1.342164,0,0.894776,-0.4,-0.3,0.5,-138,222,221.1,Tripod,Other,,22,5,True,,True,False,,Smart,RC,False,True,False,,,True,,False,False,False,False,False,False,False,False,False,False,0,Follow Yaw,-77.9,0,-145.9,214.1,False,False,False,False,False,,0,0,False,False,No Card,100,100,1024,1325,1024,1024,2,False,False,False,False,False,0,False,False,False,False,78,,47.016,,7883,,10044,,47.016,,True,3.92,3.92,3.92,3.92,3.92,3.92,3.92,3.92,3.92,3.92,3.92,3.92,0,,False,False,True,,,,,,,,,,,,,,,False,False,19.574,,97.7,,75.7,,97.7,,1494,88,7,20,7,143384.7,19117.96,,Idle,,20,,10,,,20,Go Home,False,False,False,False,False,False,False,False,False,False,False,False,33.8027920380556,-117.4659261431046,2757.8,2972.0,1049.4,396.9,True,1,1,False,False,False,False,,True,False,False,Course Lock,196.8,67,16.4,93,E,SW,2.46,11.4,Calm,False,False,Android,7.0.2,M300 RTK,1ZN7L4R0H1D00F,1W9DL31001461C,1ZMLH8300204F0,1Z6PH74DAP0QN7,"Corona, CA",728.3,5.7,137.7,8.547347,2.013246,0,0,DJI Matrice 300 RTK,M300 RTK,1ZN7L4R0H1D00F,1W9DL31001461C,1ZMLH8300204F0,1Z6PH74DAP0QN7,DJI Pilot,Android,7.0.2,1EF72A62-B7C3-C88D-164E-CE6F8C8424AE,1ZN7L4R0H1D00F,1W9DL31001461C,,1ZMLH8300204F0,1W9DL31001461C,,,,,
2023-11-01,11:31:01.64 AM,6m 39.3s,399.3,33.7996474528819,-117.4742021084175,77.0,137.7,14.4,1341,3202.2,6.018989,6.94893,-4.47388,2.23694,-4.026492,1.342164,0,0.894776,-0.4,-0.2,0.4,-137.9,222.1,216.7,Tripod,Other,,22,5,True,,True,False,,Smart,RC,False,True,False,,,True,,False,False,False,False,False,False,False,False,False,False,0,Follow Yaw,-77.9,0,-145.9,214.1,False,False,False,False,False,,0,0,False,False,No Card,100,100,1024,1324,1024,1024,2,False,False,False,False,False,0,False,False,False,False,78,,47.016,,7883,,10044,,47.016,,True,3.919,3.919,3.919,3.919,3.919,3.919,3.919,3.919,3.919,3.919,3.919,3.919,0,,False,False,True,,,,,,,,,,,,,,,False,False,19.574,,97.7,,75.7,,97.7,,1492,88,7,20,7,144114.2,19215.23,,Idle,,20,,10,,,20,Go Home,False,False,False,False,False,False,False,False,False,False,False,False,33.8027920380556,-117.4659261431046,2758.6,2972.0,1049.4,396.9,True,1,1,False,False,False,False,,True,False,False,Course Lock,196.8,67,16.4,93,E,SW,2.46,11.4,Calm,False,False,Android,7.0.2,M300 RTK,1ZN7L4R0H1D00F,1W9DL31001461C,1ZMLH8300204F0,1Z6PH74DAP0QN7,"Corona, CA",728.3,5.7,137.7,8.547347,2.013246,0,0,DJI Matrice 300 RTK,M300 RTK,1ZN7L4R0H1D00F,1W9DL31001461C,1ZMLH8300204F0,1Z6PH74DAP0QN7,DJI Pilot,Android,7.0.2,1EF72A62-B7C3-C88D-164E-CE6F8C8424AE,1ZN7L4R0H1D00F,1W9DL31001461C,,1ZMLH8300204F0,1W9DL31001461C,,,,,
2023-11-01,11:31:01.72 AM,6m 39.4s,399.4,33.7996456666561,-117.4742039398677,77.0,137.7,14.4,1341,3203.1,5.871701,6.94893,-4.47388,2.23694,-3.802798,1.342164,0,0.894776,-0.5,-0.1,0.5,-138,222,220.4,Tripod,Other,,22,5,True,,True,False,,Smart,RC,False,True,False,,,True,,False,False,False,False,False,False,False,False,False,False,0,Follow Yaw,-77.9,0,-145.9,214.1,False,False,False,False,False,,0,0,False,False,No Card,100,100,1024,1324,1024,1024,2,False,False,False,False,False,0,False,False,False,False,78,,47.016,,7883,,10044,,47.016,,True,3.919,3.919,3.919,3.919,3.919,3.919,3.919,3.919,3.919,3.919,3.919,3.919,0,,False,False,True,,,,,,,,,,,,,,,False,False,19.574,,97.7,,75.7,,97.7,,1492,88,7,20,7,144114.2,19215.23,,Idle,,20,,10,,,20,Go Home,False,False,False,False,False,False,False,False,False,False,False,False,33.8027920380556,-117.4659261431046,2759.4,2972.0,1049.4,396.9,True,1,1,False,False,False,False,,True,False,False,Course Lock,196.8,67,16.4,93,E,SW,2.46,11.4,Calm,False,False,Android,7.0.2,M300 RTK,1ZN7L4R0H1D00F,1W9DL31001461C,1ZMLH8300204F0,1Z6PH74DAP0QN7,"Corona, CA",728.3,5.7,137.7,8.547347,2.013246,0,0,DJI Matrice 300 RTK,M300 RTK,1ZN7L4R0H1D00F,1W9DL31001461C,1ZMLH8300204F0,1Z6PH74DAP0QN7,DJI Pilot,Android,7.0.2,1EF72A62-B7C3-C88D-164E-CE6F8C8424AE,1ZN7L4R0H1D00F,1W9DL31001461C,,1ZMLH8300204F0,1W9DL31001461C,,,,,
2023-11-01,11:31:01.82 AM,6m 39.5s,399.5,33.7996440841084,-117.4742060360343,77.0,137.7,14.4,1341,3203.9,5.871701,6.94893,-4.47388,2.23694,-3.802798,1.342164,0,0.894776,-0.7,0,0.7,-138,222,227.7,Tripod,Other,,22,5,True,,True,False,,Smart,RC,False,True,False,,,True,,False,False,False,False,False,False,False,False,False,False,0,Follow Yaw,-77.9,0,-145.9,214.1,False,False,False,False,False,,0,0,False,False,No Card,100,100,1024,1323,1024,1024,2,False,False,False,False,False,0,False,False,False,False,78,,47.016,,7883,,10044,,47.016,,True,3.919,3.919,3.919,3.919,3.919,3.919,3.919,3.919,3.919,3.919,3.919,3.919,0,,False,False,True,,,,,,,,,,,,,,,False,False,19.574,,97.7,,75.7,,97.7,,1492,88,7,20,7,144114.2,19215.23,,Idle,,20,,10,,,20,Go Home,False,False,False,False,False,False,False,False,False,False,False,False,33.8027920380556,-117.4659261431046,2760.2,2972.0,1049.4,396.9,True,1,1,False,False,False,False,,True,False,False,Course Lock,196.8,67,16.4,93,E,SW,2.46,11.4,Calm,False,False,Android,7.0.2,M300 RTK,1ZN7L4R0H1D00F,1W9DL31001461C,1ZMLH8300204F0,1Z6PH74DAP0QN7,"Corona, CA",728.3,5.7,137.7,8.547347,2.013246,0,0,DJI Matrice 300 RTK,M300 RTK,1ZN7L4R0H1D00F,1W9DL31001461C,1ZMLH8300204F0,1Z6PH74DAP0QN7,DJI Pilot,Android,7.0.2,1EF72A62-B7C3-C88D-164E-CE6F8C8424AE,1ZN7L4R0H1D00F,1W9DL31001461C,,1ZMLH8300204F0,1W9DL31001461C,,,,,
2023-11-01,11:31:01.94 AM,6m 39.6s,399.6,33.7996422408638,-117.4742079563212,77.0,137.7,14.4,1341,3204.8,5.871701,6.94893,-4.47388,2.23694,-3.802798,1.342164,0,0.894776,-1,0.1,1,-138,222,220.8,Tripod,Other,,22,5,True,,True,False,,Smart,RC,False,True,False,,,True,,False,False,False,False,False,False,False,False,False,False,0,Follow Yaw,-77.9,0,-145.9,214.1,False,False,False,False,False,,0,0,False,False,No Card,100,100,1024,1321,1024,1024,2,False,False,False,False,False,0,False,False,False,False,78,,47.016,,7883,,10044,,47.016,,True,3.919,3.919,3.919,3.919,3.919,3.919,3.919,3.919,3.919,3.919,3.919,3.919,0,,False,False,True,,,,,,,,,,,,,,,False,False,19.574,,97.7,,75.7,,97.7,,1492,88,7,20,7,144114.2,19215.23,,Idle,,20,,10,,,20,Go Home,False,False,False,False,False,False,False,False,False,False,False,False,33.8027920380556,-117.4659261431046,2761.0,2972.0,1049.4,396.9,True,1,1,False,False,False,False,,True,False,False,Course Lock,196.8,67,16.4,93,E,SW,2.46,11.4,Calm,False,False,Android,7.0.2,M300 RTK,1ZN7L4R0H1D00F,1W9DL31001461C,1ZMLH8300204F0,1Z6PH74DAP0QN7,"Corona, CA",728.3,5.7,137.7,8.547347,2.013246,0,0,DJI Matrice 300 RTK,M300 RTK,1ZN7L4R0H1D00F,1W9DL31001461C,1ZMLH8300204F0,1Z6PH74DAP0QN7,DJI Pilot,Android,7.0.2,1EF72A62-B7C3-C88D-164E-CE6F8C8424AE,1ZN7L4R0H1D00F,1W9DL31001461C,,1ZMLH8300204F0,1W9DL31001461C,,,,,
2023-11-01,11:31:02.03 AM,6m 39.7s,399.7,33.7996401454203,-117.4742099651974,77.0,137.7,14.4,1341,3205.8,5.871701,6.94893,-4.47388,2.23694,-3.802798,1.342164,0,0.894776,-1.3,0.2,1.3,-138,222,218.5,Tripod,Other,,22,5,True,,True,False,,Smart,RC,False,True,False,,,True,,False,False,False,False,False,False,False,False,False,False,0,Follow Yaw,-77.9,0,-145.9,214.1,False,False,False,False,False,,0,0,False,False,No Card,100,100,1024,1321,1024,1024,2,False,False,False,False,False,0,False,False,False,False,78,,47.016,,7883,,10044,,47.016,,True,3.919,3.919,3.919,3.919,3.919,3.919,3.919,3.919,3.919,3.919,3.919,3.919,0,,False,False,True,,,,,,,,,,,,,,,False,False,19.574,,97.7,,75.7,,97.7,,1492,88,7,20,7,144114.2,19215.23,,Idle,,20,,10,,,20,Go Home,False,False,False,False,False,False,False,False,False,False,False,False,33.8027920380556,-117.4659261431046,2761.9,2972.0,1049.4,396.9,True,1,1,False,False,False,False,,True,False,False,Course Lock,196.8,67,16.4,93,E,SW,2.46,11.4,Calm,False,False,Android,7.0.2,M300 RTK,1ZN7L4R0H1D00F,1W9DL31001461C,1ZMLH8300204F0,1Z6PH74DAP0QN7,"Corona, CA",728.3,5.7,137.7,8.547347,2.013246,0,0,DJI Matrice 300 RTK,M300 RTK,1ZN7L4R0H1D00F,1W9DL31001461C,1ZMLH8300204F0,1Z6PH74DAP0QN7,DJI Pilot,Android,7.0.2,1EF72A62-B7C3-C88D-164E-CE6F8C8424AE,1ZN7L4R0H1D00F,1W9DL31001461C,,1ZMLH8300204F0,1W9DL31001461C,,,,,
2023-11-01,11:31:02.14 AM,6m 39.8s,399.8,33.7996382813419,-117.474211894968,77.0,137.7,14.4,1341,3206.7,5.871701,6.94893,-4.47388,2.23694,-3.802798,1.342164,0,0.894776,-1.3,0.1,1.3,-138,222,220.7,Tripod,Other,,22,5,True,,True,False,,Smart,RC,False,True,False,,,True,,False,False,False,False,False,False,False,False,False,False,0,Follow Yaw,-77.9,0,-145.9,214.1,False,False,False,False,False,,0,0,False,False,No Card,100,100,1024,1322,1024,1024,2,False,False,False,False,False,0,False,False,False,False,78,,47.016,,7883,,10044,,47.016,,True,3.919,3.919,3.919,3.919,3.919,3.919,3.919,3.919,3.919,3.919,3.919,3.919,0,,False,False,True,,,,,,,,,,,,,,,False,False,19.574,,97.7,,75.7,,97.7,,1492,88,7,20,7,144114.2,19215.23,,Idle,,20,,10,,,20,Go Home,False,False,False,False,False,False,False,False,False,False,False,False,33.8027920380556,-117.4659261431046,2762.7,2972.0,1049.4,396.9,True,1,1,False,False,False,False,,True,False,False,Course Lock,196.8,67,16.4,93,E,SW,2.46,11.4,Calm,False,False,Android,7.0.2,M300 RTK,1ZN7L4R0H1D00F,1W9DL31001461C,1ZMLH8300204F0,1Z6PH74DAP0QN7,"Corona, CA",728.3,5.7,137.7,8.547347,2.013246,0,0,DJI Matrice 300 RTK,M300 RTK,1ZN7L4R0H1D00F,1W9DL31001461C,1ZMLH8300204F0,1Z6PH74DAP0QN7,DJI Pilot,Android,7.0.2,1EF72A62-B7C3-C88D-164E-CE6F8C8424AE,1ZN7L4R0H1D00F,1W9DL31001461C,,1ZMLH8300204F0,1W9DL31001461C,,,,,
2023-11-01,11:31:02.24 AM,6m 39.9s,399.9,33.799636373951,-117.4742139435516,77.0,137.7,14.4,1341,3207.6,5.871701,6.94893,-4.47388,2.23694,-3.802798,1.342164,0,0.894776,-1.1,0.1,1.1,-138,222,221.7,Tripod,Other,,22,5,True,,True,False,,Smart,RC,False,True,False,,,True,,False,False,False,False,False,False,False,False,False,False,0,Follow Yaw,-77.9,0,-145.9,214.1,False,False,False,False,False,,0,0,False,False,No Card,100,100,1024,1322,1024,1024,2,False,False,False,False,False,0,False,False,False,False,78,,47.016,,7883,,10044,,47.016,,True,3.919,3.919,3.919,3.919,3.919,3.919,3.919,3.919,3.919,3.919,3.919,3.919,0,,False,False,True,,,,,,,,,,,,,,,False,False,19.574,,97.7,,75.7,,97.7,,1492,88,7,20,7,144114.2,19215.23,,Idle,,20,,10,,,20,Go Home,False,False,False,False,False,False,False,False,False,False,False,False,33.8027920380556,-117.4659261431046,2763.6,2972.0,1049.4,396.9,True,1,1,False,False,False,False,,True,False,False,Course Lock,196.8,67,16.4,93,E,SW,2.46,11.4,Calm,False,False,Android,7.0.2,M300 RTK,1ZN7L4R0H1D00F,1W9DL31001461C,1ZMLH8300204F0,1Z6PH74DAP0QN7,"Corona, CA",728.3,5.7,137.7,8.547347,2.013246,0,0,DJI Matrice 300 RTK,M300 RTK,1ZN7L4R0H1D00F,1W9DL31001461C,1ZMLH8300204F0,1Z6PH74DAP0QN7,DJI Pilot,Android,7.0.2,1EF72A62-B7C3-C88D-164E-CE6F8C8424AE,1ZN7L4R0H1D00F,1W9DL31001461C,,1ZMLH8300204F0,1W9DL31001461C,,,,,
2023-11-01,11:31:02.34 AM,6m 40.0s,400.0,33.7996346118487,-117.4742157857225,77.0,137.7,14.4,1341,3208.5,5.871701,6.94893,-4.47388,2.23694,-3.802798,1.342164,0,0.894776,-0.8,0.1,0.8,-138,222,220.9,Tripod,Other,,22,5,True,,True,False,,Smart,RC,False,True,False,,,True,,False,False,False,False,False,False,False,False,False,False,0,Follow Yaw,-77.9,0,-145.9,214.1,False,False,False,False,False,,0,0,False,False,No Card,100,100,1024,1323,1024,1024,2,False,False,False,False,False,0,False,False,False,False,79,,46.98,,3938,,4986,,46.98,,True,3.919,3.919,3.919,3.919,3.919,3.919,3.919,3.919,3.919,3.919,3.919,3.919,0,,False,False,True,,,,,,,,,,,,,,,False,False,9.768,,97.7,,75.7,,97.7,,1492,88,7,20,7,144114.2,19215.23,,Idle,,20,,10,,,20,Go Home,False,False,False,False,False,False,False,False,False,False,False,False,33.8027920380556,-117.4659261431046,2764.4,2972.0,1049.4,396.9,True,1,1,False,False,False,False,,True,False,False,Course Lock,196.8,67,16.4,93,E,SW,2.46,11.4,Calm,False,False,Android,7.0.2,M300 RTK,1ZN7L4R0H1D00F,1W9DL31001461C,1ZMLH8300204F0,1Z6PH74DAP0QN7,"Corona, CA",728.3,5.7,137.7,8.547347,2.013246,0,0,DJI Matrice 300 RTK,M300 RTK,1ZN7L4R0H1D00F,1W9DL31001461C,1ZMLH8300204F0,1Z6PH74DAP0QN7,DJI Pilot,Android,7.0.2,1EF72A62-B7C3-C88D-164E-CE6F8C8424AE,1ZN7L4R0H1D00F,1W9DL31001461C,,1ZMLH8300204F0,1W9DL31001461C,,,,,
2023-11-01,11:31:02.44 AM,6m 40.1s,400.1,33.799632723921,-117.4742177257806,77.0,137.7,14.4,1341,3209.4,5.871701,6.94893,-4.47388,2.23694,-3.802798,1.342164,0,0.894776,-0.6,0,0.6,-138.1,221.9,220.4,Tripod,Other,,22,5,True,,True,False,,Smart,RC,False,True,False,,,True,,False,False,False,False,False,False,False,False,False,False,0,Follow Yaw,-77.9,0,-145.9,214.1,False,False,False,False,False,,0,0,False,False,No Card,100,100,1024,1322,1024,1024,2,False,False,False,False,False,0,False,False,False,False,79,,46.98,,3938,,4986,,46.98,,True,3.919,3.919,3.919,3.919,3.919,3.919,3.919,3.919,3.919,3.919,3.919,3.919,0,,False,False,True,,,,,,,,,,,,,,,False,False,9.768,,97.7,,75.7,,97.7,,1492,88,7,20,7,144114.2,19215.23,,Idle,,20,,10,,,20,Go Home,False,False,False,False,False,False,False,False,False,False,False,False,33.8027920380556,-117.4659261431046,2765.2,2972.0,1049.4,396.9,True,1,1,False,False,False,False,,True,False,False,Course Lock,196.8,67,16.4,93,E,SW,2.46,11.4,Calm,False,False,Android,7.0.2,M300 RTK,1ZN7L4R0H1D00F,1W9DL31001461C,1ZMLH8300204F0,1Z6PH74DAP0QN7,"Corona, CA",728.3,5.7,137.7,8.547347,2.013246,0,0,DJI Matrice 300 RTK,M300 RTK,1ZN7L4R0H1D00F,1W9DL31001461C,1ZMLH8300204F0,1Z6PH74DAP0QN7,DJI Pilot,Android,7.0.2,1EF72A62-B7C3-C88D-164E-CE6F8C8424AE,1ZN7L4R0H1D00F,1W9DL31001461C,,1ZMLH8300204F0,1W9DL31001461C,,,,,
2023-11-01,11:31:02.54 AM,6m 40.2s,400.2,33.7996309763475,-117.474219549479,77.0,137.7,14.4,1341,3210.2,5.7031,6.94893,-4.250186,2.23694,-3.802798,1.342164,0,0.894776,-0.4,0,0.4,-138.1,221.9,220.9,Tripod,Other,,22,5,True,,True,False,,Smart,RC,False,True,False,,,True,,False,False,False,False,False,False,False,False,False,False,0,Follow Yaw,-77.9,0,-145.9,214.1,False,False,False,False,False,,0,0,False,False,No Card,100,100,1024,1322,1024,1024,2,False,False,False,False,False,0,False,False,False,False,79,,46.98,,3938,,4986,,46.98,,True,3.919,3.919,3.919,3.919,3.919,3.919,3.919,3.919,3.919,3.919,3.919,3.919,0,,False,False,True,,,,,,,,,,,,,,,False,False,9.768,,97.7,,75.7,,97.7,,1492,88,7,20,7,144114.2,19215.23,,Idle,,20,,10,,,20,Go Home,False,False,False,False,False,False,False,False,False,False,False,False,33.8027920380556,-117.4659261431046,2766.0,2972.0,1049.4,396.9,True,1,1,False,False,False,False,,True,False,False,Course Lock,196.8,67,16.4,93,E,SW,2.46,11.4,Calm,False,False,Android,7.0.2,M300 RTK,1ZN7L4R0H1D00F,1W9DL31001461C,1ZMLH8300204F0,1Z6PH74DAP0QN7,"Corona, CA",728.3,5.7,137.7,8.547347,2.013246,0,0,DJI Matrice 300 RTK,M300 RTK,1ZN7L4R0H1D00F,1W9DL31001461C,1ZMLH8300204F0,1Z6PH74DAP0QN7,DJI Pilot,Android,7.0.2,1EF72A62-B7C3-C88D-164E-CE6F8C8424AE,1ZN7L4R0H1D00F,1W9DL31001461C,,1ZMLH8300204F0,1W9DL31001461C,,,,,
2023-11-01,11:31:02.64 AM,6m 40.3s,400.3,33.7996291596934,-117.4742215325021,77.0,137.7,14.7,1341,3211.1,5.7031,6.94893,-4.250186,2.23694,-3.802798,1.342164,0,0.894776,-0.2,0,0.2,-138.2,221.8,222.2,Tripod,Other,,22,5,True,,True,False,,Smart,RC,False,True,False,,,True,,False,False,False,False,False,False,False,False,False,False,0,Follow Yaw,-77.9,0,-145.9,214.1,False,False,False,False,False,,0,0,False,False,No Card,100,100,1024,1324,1024,1024,2,False,False,False,False,False,0,False,False,False,False,79,,46.98,,3938,,4986,,46.98,,True,3.916,3.916,3.916,3.916,3.916,3.916,3.916,3.916,3.916,3.916,3.916,3.916,0,,False,False,True,,,,,,,,,,,,,,,False,False,9.768,,97.7,,75.7,,97.7,,1490,88,7,20,7,144798.8,19306.51,,Idle,,20,,10,,,20,Go Home,False,False,False,False,False,False,False,False,False,False,False,False,33.8027920380556,-117.4659261431046,2766.8,2972.0,1049.4,396.9,True,1,1,False,False,False,False,,True,False,False,Course Lock,196.8,67,16.4,93,E,SW,2.46,11.4,Calm,False,False,Android,7.0.2,M300 RTK,1ZN7L4R0H1D00F,1W9DL31001461C,1ZMLH8300204F0,1Z6PH74DAP0QN7,"Corona, CA",728.3,5.7,137.7,8.547347,2.013246,0,0,DJI Matrice 300 RTK,M300 RTK,1ZN7L4R0H1D00F,1W9DL31001461C,1ZMLH8300204F0,1Z6PH74DAP0QN7,DJI Pilot,Android,7.0.2,1EF72A62-B7C3-C88D-164E-CE6F8C8424AE,1ZN7L4R0H1D00F,1W9DL31001461C,,1ZMLH8300204F0,1W9DL31001461C,,,,,
2023-11-01,11:31:02.74 AM,6m 40.4s,400.4,33.7996272558662,-117.4742235266374,77.0,137.7,14.7,1341,3212.1,5.7031,6.94893,-4.250186,2.23694,-3.802798,1.342164,0,0.894776,-0.3,0,0.3,-138.1,221.9,221.0,Tripod,Other,,22,5,True,,True,False,,Smart,RC,False,True,False,,,True,,False,False,False,False,False,False,False,False,False,False,0,Follow Yaw,-77.9,0,-145.9,214.1,False,False,False,False,False,,0,0,False,False,No Card,100,100,1024,1332,1024,1024,2,False,False,False,False,False,0,False,False,False,False,79,,46.98,,3938,,4986,,46.98,,True,3.916,3.916,3.916,3.916,3.916,3.916,3.916,3.916,3.916,3.916,3.916,3.916,0,,False,False,True,,,,,,,,,,,,,,,False,False,9.768,,97.7,,75.7,,97.7,,1490,88,7,20,7,144798.8,19306.51,,Idle,,20,,10,,,20,Go Home,False,False,False,False,False,False,False,False,False,False,False,False,33.8027920380556,-117.4659261431046,2767.6,2972.0,1049.4,396.9,True,1,1,False,False,False,False,,True,False,False,Course Lock,196.8,67,16.4,93,E,SW,2.46,11.4,Calm,False,False,Android,7.0.2,M300 RTK,1ZN7L4R0H1D00F,1W9DL31001461C,1ZMLH8300204F0,1Z6PH74DAP0QN7,"Corona, CA",728.3,5.7,137.7,8.547347,2.013246,0,0,DJI Matrice 300 RTK,M300 RTK,1ZN7L4R0H1D00F,1W9DL31001461C,1ZMLH8300204F0,1Z6PH74DAP0QN7,DJI Pilot,Android,7.0.2,1EF72A62-B7C3-C88D-164E-CE6F8C8424AE,1ZN7L4R0H1D00F,1W9DL31001461C,,1ZMLH8300204F0,1W9DL31001461C,,,,,
2023-11-01,11:31:02.85 AM,6m 40.5s,400.5,33.7996255461225,-117.4742251831356,77.0,137.7,14.4,1341,3212.9,5.7031,6.94893,-4.250186,2.23694,-3.802798,1.342164,0,0.894776,-0.5,0,0.5,-138.1,221.9,218.8,Tripod,Other,,22,5,True,,True,False,,Smart,RC,False,True,False,,,True,,False,False,False,False,False,False,False,False,False,False,0,Follow Yaw,-77.9,0,-145.9,214.1,False,False,False,False,False,,0,0,False,False,No Card,100,100,1030,1334,1024,1024,2,False,False,False,False,False,0,False,False,False,False,79,,46.98,,3938,,4986,,46.98,,True,3.916,3.916,3.916,3.916,3.916,3.916,3.916,3.916,3.916,3.916,3.916,3.916,0,,False,False,True,,,,,,,,,,,,,,,False,False,9.768,,97.7,,75.7,,97.7,,1490,88,7,20,7,144798.8,19306.51,,Idle,,20,,10,,,20,Go Home,False,False,False,False,False,False,False,False,False,False,False,False,33.8027920380556,-117.4659261431046,2768.3,2972.0,1049.4,396.9,True,1,1,False,False,False,False,,True,False,False,Course Lock,196.8,67,16.4,93,E,SW,2.46,11.4,Calm,False,False,Android,7.0.2,M300 RTK,1ZN7L4R0H1D00F,1W9DL31001461C,1ZMLH8300204F0,1Z6PH74DAP0QN7,"Corona, CA",728.3,5.7,137.7,8.547347,2.013246,0,0,DJI Matrice 300 RTK,M300 RTK,1ZN7L4R0H1D00F,1W9DL31001461C,1ZMLH8300204F0,1Z6PH74DAP0QN7,DJI Pilot,Android,7.0.2,1EF72A62-B7C3-C88D-164E-CE6F8C8424AE,1ZN7L4R0H1D00F,1W9DL31001461C,,1ZMLH8300204F0,1W9DL31001461C,,,,,
2023-11-01,11:31:02.95 AM,6m 40.6s,400.6,33.7996236694342,-117.4742271300591,77.0,137.7,14.7,1341,3213.8,5.7031,6.94893,-4.250186,2.23694,-3.802798,1.342164,0,0.894776,-0.9,0,0.9,-138.1,221.9,220.7,Tripod,Other,,22,5,True,,True,False,,Smart,RC,False,True,False,,,True,,False,False,False,False,False,False,False,False,False,False,0,Follow Yaw,-77.9,0,-145.9,214.1,False,False,False,False,False,,0,0,False,False,No Card,100,100,1052,1337,1024,1024,2,False,False,False,False,False,0,False,False,False,False,79,,46.98,,3938,,4986,,46.98,,True,3.916,3.916,3.916,3.916,3.916,3.916,3.916,3.916,3.916,3.916,3.916,3.916,0,,False,False,True,,,,,,,,,,,,,,,False,False,9.768,,97.7,,75.7,,97.7,,1490,88,7,20,7,144798.8,19306.51,,Idle,,20,,10,,,20,Go Home,False,False,False,False,False,False,False,False,False,False,False,False,33.8027920380556,-117.4659261431046,2769.2,2972.0,1049.4,396.9,True,1,1,False,False,False,False,,True,False,False,Course Lock,196.8,67,16.4,93,E,SW,2.46,11.4,Calm,False,False,Android,7.0.2,M300 RTK,1ZN7L4R0H1D00F,1W9DL31001461C,1ZMLH8300204F0,1Z6PH74DAP0QN7,"Corona, CA",728.3,5.7,137.7,8.547347,2.013246,0,0,DJI Matrice 300 RTK,M300 RTK,1ZN7L4R0H1D00F,1W9DL31001461C,1ZMLH8300204F0,1Z6PH74DAP0QN7,DJI Pilot,Android,7.0.2,1EF72A62-B7C3-C88D-164E-CE6F8C8424AE,1ZN7L4R0H1D00F,1W9DL31001461C,,1ZMLH8300204F0,1W9DL31001461C,,,,,
2023-11-01,11:31:03.06 AM,6m 40.7s,400.7,33.7996219309069,-117.4742288273162,77.0,137.7,14.7,1341,3214.6,5.556443,6.94893,-4.250186,2.23694,-3.579104,1.342164,0,0.894776,-1.3,0,1.3,-138,222,219.0,Tripod,Other,,22,5,True,,True,False,,Smart,RC,False,True,False,,,True,,False,False,False,False,False,False,False,False,False,False,0,Follow Yaw,-77.9,0,-145.9,214.1,False,False,False,False,False,,0,0,False,False,No Card,100,100,1060,1328,1024,1024,2,False,False,False,False,False,0,False,False,False,False,79,,46.98,,3938,,4986,,46.98,,True,3.916,3.916,3.916,3.916,3.916,3.916,3.916,3.916,3.916,3.916,3.916,3.916,0,,False,False,True,,,,,,,,,,,,,,,False,False,9.768,,97.7,,75.7,,97.7,,1490,88,7,20,7,144798.8,19306.51,,Idle,,20,,10,,,20,Go Home,False,False,False,False,False,False,False,False,False,False,False,False,33.8027920380556,-117.4659261431046,2769.9,2972.0,1049.4,396.9,True,1,1,False,False,False,False,,True,False,False,Course Lock,196.8,67,16.4,93,E,SW,2.46,11.4,Calm,False,False,Android,7.0.2,M300 RTK,1ZN7L4R0H1D00F,1W9DL31001461C,1ZMLH8300204F0,1Z6PH74DAP0QN7,"Corona, CA",728.3,5.7,137.7,8.547347,2.013246,0,0,DJI Matrice 300 RTK,M300 RTK,1ZN7L4R0H1D00F,1W9DL31001461C,1ZMLH8300204F0,1Z6PH74DAP0QN7,DJI Pilot,Android,7.0.2,1EF72A62-B7C3-C88D-164E-CE6F8C8424AE,1ZN7L4R0H1D00F,1W9DL31001461C,,1ZMLH8300204F0,1W9DL31001461C,,,,,
2023-11-01,11:31:03.17 AM,6m 40.8s,400.8,33.7996201435846,-117.4742306588695,77.0,137.7,14.7,1341,3215.4,5.556443,6.94893,-4.250186,2.23694,-3.579104,1.342164,0,0.894776,-1.5,0.2,1.5,-137.9,222.1,220.4,Tripod,Other,,22,5,True,,True,False,,Smart,RC,False,True,False,,,True,,False,False,False,False,False,False,False,False,False,False,0,Follow Yaw,-77.9,0,-145.9,214.1,False,False,False,False,False,,0,0,False,False,No Card,100,100,1088,1334,1022,1024,2,False,False,False,False,False,0,False,False,False,False,79,,46.98,,3938,,4986,,46.98,,True,3.916,3.916,3.916,3.916,3.916,3.916,3.916,3.916,3.916,3.916,3.916,3.916,0,,False,False,True,,,,,,,,,,,,,,,False,False,9.768,,97.7,,75.7,,97.7,,1490,88,7,20,7,144798.8,19306.51,,Idle,,20,,10,,,20,Go Home,False,False,False,False,False,False,False,False,False,False,False,False,33.8027920380556,-117.4659261431046,2770.7,2972.0,1049.4,396.9,True,1,1,False,False,False,False,,True,False,False,Course Lock,196.8,67,16.4,93,E,SW,2.46,11.4,Calm,False,False,Android,7.0.2,M300 RTK,1ZN7L4R0H1D00F,1W9DL31001461C,1ZMLH8300204F0,1Z6PH74DAP0QN7,"Corona, CA",728.3,5.7,137.7,8.547347,2.013246,0,0,DJI Matrice 300 RTK,M300 RTK,1ZN7L4R0H1D00F,1W9DL31001461C,1ZMLH8300204F0,1Z6PH74DAP0QN7,DJI Pilot,Android,7.0.2,1EF72A62-B7C3-C88D-164E-CE6F8C8424AE,1ZN7L4R0H1D00F,1W9DL31001461C,,1ZMLH8300204F0,1W9DL31001461C,,,,,
2023-11-01,11:31:03.27 AM,6m 40.9s,400.9,33.7996184746862,-117.474232813381,77.0,137.7,14.7,1341,3216.3,5.556443,6.94893,-4.250186,2.23694,-3.579104,1.342164,0,0.894776,-1.4,0.4,1.4,-137.9,222.1,227.0,Tripod,Other,,22,5,True,,True,False,,Smart,RC,False,True,False,,,True,,False,False,False,False,False,False,False,False,False,False,0,Follow Yaw,-77.9,0,-145.9,214.1,False,False,False,False,False,,0,0,False,False,No Card,100,100,1100,1329,1023,1024,2,False,False,False,False,False,0,False,False,False,False,79,,46.98,,3938,,4986,,46.98,,True,3.916,3.916,3.916,3.916,3.916,3.916,3.916,3.916,3.916,3.916,3.916,3.916,0,,False,False,True,,,,,,,,,,,,,,,False,False,9.768,,97.7,,75.7,,97.7,,1490,88,7,20,7,144798.8,19306.51,,Idle,,20,,10,,,20,Go Home,False,False,False,False,False,False,False,False,False,False,False,False,33.8027920380556,-117.4659261431046,2771.5,2972.0,1049.4,396.9,True,1,1,False,False,False,False,,True,False,False,Course Lock,196.8,67,16.4,93,E,SW,2.46,11.4,Calm,False,False,Android,7.0.2,M300 RTK,1ZN7L4R0H1D00F,1W9DL31001461C,1ZMLH8300204F0,1Z6PH74DAP0QN7,"Corona, CA",728.3,5.7,137.7,8.547347,2.013246,0,0,DJI Matrice 300 RTK,M300 RTK,1ZN7L4R0H1D00F,1W9DL31001461C,1ZMLH8300204F0,1Z6PH74DAP0QN7,DJI Pilot,Android,7.0.2,1EF72A62-B7C3-C88D-164E-CE6F8C8424AE,1ZN7L4R0H1D00F,1W9DL31001461C,,1ZMLH8300204F0,1W9DL31001461C,,,,,
2023-11-01,11:31:03.37 AM,6m 41.0s,401.0,33.7996168038688,-117.4742345686737,77.0,137.7,14.7,1341,3217.1,5.556443,6.94893,-4.250186,2.23694,-3.579104,1.342164,0,0.894776,-1.3,0.6,1.4,-137.8,222.2,221.1,Tripod,Other,,22,5,True,,True,False,,Smart,RC,False,True,False,,,True,,False,False,False,False,False,False,False,False,False,False,0,Follow Yaw,-77.9,0,-145.9,214.1,False,False,False,False,False,,0,0,False,False,No Card,100,100,1065,1323,1024,1024,2,False,False,False,False,False,0,False,False,False,False,78,,47.016,,7883,,10044,,47.016,,True,3.916,3.916,3.916,3.916,3.916,3.916,3.916,3.916,3.916,3.916,3.916,3.916,0,,False,False,True,,,,,,,,,,,,,,,False,False,19.186,,97.7,,75.7,,97.7,,1490,88,7,20,7,144798.8,19306.51,,Idle,,20,,10,,,20,Go Home,False,False,False,False,False,False,False,False,False,False,False,False,33.8027920380556,-117.4659261431046,2772.2,2972.0,1049.4,396.9,True,1,1,False,False,False,False,,True,False,False,Course Lock,196.8,67,16.4,93,E,SW,2.46,11.4,Calm,False,False,Android,7.0.2,M300 RTK,1ZN7L4R0H1D00F,1W9DL31001461C,1ZMLH8300204F0,1Z6PH74DAP0QN7,"Corona, CA",728.3,5.7,137.7,8.547347,2.013246,0,0,DJI Matrice 300 RTK,M300 RTK,1ZN7L4R0H1D00F,1W9DL31001461C,1ZMLH8300204F0,1Z6PH74DAP0QN7,DJI Pilot,Android,7.0.2,1EF72A62-B7C3-C88D-164E-CE6F8C8424AE,1ZN7L4R0H1D00F,1W9DL31001461C,,1ZMLH8300204F0,1W9DL31001461C,,,,,
2023-11-01,11:31:03.47 AM,6m 41.1s,401.1,33.7996149652844,-117.4742362357276,77.0,137.7,14.7,1341,3218.0,5.556443,6.94893,-4.250186,2.23694,-3.579104,1.342164,0,0.894776,-1.2,0.7,1.3,-137.8,222.2,216.9,Tripod,Other,,22,5,True,,True,False,,Smart,RC,False,True,False,,,True,,False,False,False,False,False,False,False,False,False,False,0,Follow Yaw,-77.9,0,-145.9,214.1,False,False,False,False,False,,0,0,False,False,No Card,100,100,1067,1325,1024,1024,2,False,False,False,False,False,0,False,False,False,False,78,,47.016,,7883,,10044,,47.016,,True,3.916,3.916,3.916,3.916,3.916,3.916,3.916,3.916,3.916,3.916,3.916,3.916,0,,False,False,True,,,,,,,,,,,,,,,False,False,19.186,,97.7,,75.7,,97.7,,1490,88,7,20,7,144798.8,19306.51,,Idle,,20,,10,,,20,Go Home,False,False,False,False,False,False,False,False,False,False,False,False,33.8027920380556,-117.4659261431046,2773.0,2972.0,1049.4,396.9,True,1,1,False,False,False,False,,True,False,False,Course Lock,196.8,67,16.4,93,E,SW,2.46,11.4,Calm,False,False,Android,7.0.2,M300 RTK,1ZN7L4R0H1D00F,1W9DL31001461C,1ZMLH8300204F0,1Z6PH74DAP0QN7,"Corona, CA",728.3,5.7,137.7,8.547347,2.013246,0,0,DJI Matrice 300 RTK,M300 RTK,1ZN7L4R0H1D00F,1W9DL31001461C,1ZMLH8300204F0,1Z6PH74DAP0QN7,DJI Pilot,Android,7.0.2,1EF72A62-B7C3-C88D-164E-CE6F8C8424AE,1ZN7L4R0H1D00F,1W9DL31001461C,,1ZMLH8300204F0,1W9DL31001461C,,,,,
2023-11-01,11:31:03.58 AM,6m 41.2s,401.2,33.7996132171626,-117.4742380711155,77.0,137.7,14.7,1341,3218.8,5.387264,6.94893,-4.026492,2.23694,-3.579104,1.342164,0,0.894776,-1.2,0.6,1.3,-137.8,222.2,221.1,Tripod,Other,,22,5,True,,True,False,,Smart,RC,False,True,False,,,True,,False,False,False,False,False,False,False,False,False,False,0,Follow Yaw,-77.9,0,-145.9,214.1,False,False,False,False,False,,0,0,False,False,No Card,100,100,1068,1324,1024,1024,2,False,False,False,False,False,0,False,False,False,False,78,,47.016,,7883,,10044,,47.016,,True,3.916,3.916,3.916,3.916,3.916,3.916,3.916,3.916,3.916,3.916,3.916,3.916,0,,False,False,True,,,,,,,,,,,,,,,False,False,19.186,,97.7,,75.7,,97.7,,1490,88,7,20,7,144798.8,19306.51,,Idle,,20,,10,,,20,Go Home,False,False,False,False,False,False,False,False,False,False,False,False,33.8027920380556,-117.4659261431046,2773.8,2972.0,1049.4,396.9,True,1,1,False,False,False,False,,True,False,False,Course Lock,196.8,67,16.4,93,E,SW,2.46,11.4,Calm,False,False,Android,7.0.2,M300 RTK,1ZN7L4R0H1D00F,1W9DL31001461C,1ZMLH8300204F0,1Z6PH74DAP0QN7,"Corona, CA",728.3,5.7,137.7,8.547347,2.013246,0,0,DJI Matrice 300 RTK,M300 RTK,1ZN7L4R0H1D00F,1W9DL31001461C,1ZMLH8300204F0,1Z6PH74DAP0QN7,DJI Pilot,Android,7.0.2,1EF72A62-B7C3-C88D-164E-CE6F8C8424AE,1ZN7L4R0H1D00F,1W9DL31001461C,,1ZMLH8300204F0,1W9DL31001461C,,,,,
2023-11-01,11:31:03.64 AM,6m 41.3s,401.3,33.7996113944777,-117.4742399784553,77.0,137.7,14.7,1341,3219.7,5.538403,6.94893,-4.026492,2.23694,-3.802798,1.342164,0,0.894776,-1.2,0.4,1.2,-137.8,222.2,221.0,Tripod,Other,,22,5,True,,True,False,,Smart,RC,False,True,False,,,True,,False,False,False,False,False,False,False,False,False,False,0,Follow Yaw,-77.9,0,-145.9,214.1,False,False,False,False,False,,0,0,False,False,No Card,100,100,1068,1323,1024,1024,2,False,False,False,False,False,0,False,False,False,False,78,,47.016,,7883,,10044,,47.016,,True,3.913,3.913,3.913,3.913,3.913,3.913,3.913,3.913,3.913,3.913,3.913,3.913,0,,False,False,True,,,,,,,,,,,,,,,False,False,19.186,,97.7,,75.7,,97.7,,1487,88,7,20,7,145356.9,19380.92,,Idle,,20,,10,,,20,Go Home,False,False,False,False,False,False,False,False,False,False,False,False,33.8027920380556,-117.4659261431046,2774.6,2972.0,1049.4,396.9,True,1,1,False,False,False,False,,True,False,False,Course Lock,196.8,67,16.4,93,E,SW,2.46,11.4,Calm,False,False,Android,7.0.2,M300 RTK,1ZN7L4R0H1D00F,1W9DL31001461C,1ZMLH8300204F0,1Z6PH74DAP0QN7,"Corona, CA",728.3,5.7,137.7,8.547347,2.013246,0,0,DJI Matrice 300 RTK,M300 RTK,1ZN7L4R0H1D00F,1W9DL31001461C,1ZMLH8300204F0,1Z6PH74DAP0QN7,DJI Pilot,Android,7.0.2,1EF72A62-B7C3-C88D-164E-CE6F8C8424AE,1ZN7L4R0H1D00F,1W9DL31001461C,,1ZMLH8300204F0,1W9DL31001461C,,,,,
2023-11-01,11:31:03.74 AM,6m 41.4s,401.4,33.7996095723411,-117.4742419216266,77.0,137.7,14.7,1341,3220.6,5.538403,6.94893,-4.026492,2.23694,-3.802798,1.342164,0,0.894776,-1.3,0.2,1.3,-137.9,222.1,221.5,Tripod,Other,,22,5,True,,True,False,,Smart,RC,False,True,False,,,True,,False,False,False,False,False,False,False,False,False,False,0,Follow Yaw,-77.9,0,-145.9,214.1,False,False,False,False,False,,0,0,False,False,No Card,100,100,1071,1320,1021,1024,2,False,False,False,False,False,0,False,False,False,False,78,,47.016,,7883,,10044,,47.016,,True,3.913,3.913,3.913,3.913,3.913,3.913,3.913,3.913,3.913,3.913,3.913,3.913,0,,False,False,True,,,,,,,,,,,,,,,False,False,19.186,,97.7,,75.7,,97.7,,1487,88,7,20,7,145356.9,19380.92,,Idle,,20,,10,,,20,Go Home,False,False,False,False,False,False,False,False,False,False,False,False,33.8027920380556,-117.4659261431046,2775.4,2972.0,1049.4,396.9,True,1,1,False,False,False,False,,True,False,False,Course Lock,196.8,67,16.4,93,E,SW,2.46,11.4,Calm,False,False,Android,7.0.2,M300 RTK,1ZN7L4R0H1D00F,1W9DL31001461C,1ZMLH8300204F0,1Z6PH74DAP0QN7,"Corona, CA",728.3,5.7,137.7,8.547347,2.013246,0,0,DJI Matrice 300 RTK,M300 RTK,1ZN7L4R0H1D00F,1W9DL31001461C,1ZMLH8300204F0,1Z6PH74DAP0QN7,DJI Pilot,Android,7.0.2,1EF72A62-B7C3-C88D-164E-CE6F8C8424AE,1ZN7L4R0H1D00F,1W9DL31001461C,,1ZMLH8300204F0,1W9DL31001461C,,,,,
2023-11-01,11:31:03.84 AM,6m 41.5s,401.5,33.7996081474176,-117.4742437238838,77.0,137.7,14.7,1341,3221.3,5.538403,6.94893,-4.026492,2.23694,-3.802798,1.342164,0,0.894776,-1.5,0.3,1.5,-137.8,222.2,226.4,Tripod,Other,,22,5,True,,True,False,,Smart,RC,False,True,False,,,True,,False,False,False,False,False,False,False,False,False,False,0,Follow Yaw,-77.9,0,-145.9,214.1,False,False,False,False,False,,0,0,False,False,No Card,100,100,1097,1312,1021,1024,2,False,False,False,False,False,0,False,False,False,False,78,,47.016,,7883,,10044,,47.016,,True,3.913,3.913,3.913,3.913,3.913,3.913,3.913,3.913,3.913,3.913,3.913,3.913,0,,False,False,True,,,,,,,,,,,,,,,False,False,19.186,,97.7,,75.7,,97.7,,1487,88,7,20,7,145356.9,19380.92,,Idle,,20,,10,,,20,Go Home,False,False,False,False,False,False,False,False,False,False,False,False,33.8027920380556,-117.4659261431046,2776.1,2972.0,1049.4,396.9,True,1,1,False,False,False,False,,True,False,False,Course Lock,196.8,67,16.4,93,E,SW,2.46,11.4,Calm,False,False,Android,7.0.2,M300 RTK,1ZN7L4R0H1D00F,1W9DL31001461C,1ZMLH8300204F0,1Z6PH74DAP0QN7,"Corona, CA",728.3,5.7,137.7,8.547347,2.013246,0,0,DJI Matrice 300 RTK,M300 RTK,1ZN7L4R0H1D00F,1W9DL31001461C,1ZMLH8300204F0,1Z6PH74DAP0QN7,DJI Pilot,Android,7.0.2,1EF72A62-B7C3-C88D-164E-CE6F8C8424AE,1ZN7L4R0H1D00F,1W9DL31001461C,,1ZMLH8300204F0,1W9DL31001461C,,,,,
2023-11-01,11:31:03.94 AM,6m 41.6s,401.6,33.7996064458978,-117.474245585764,77.0,137.7,14.7,1341,3222.2,5.538403,6.94893,-4.026492,2.23694,-3.802798,1.342164,0,0.894776,-1.4,0.5,1.4,-137.7,222.3,222.2,Tripod,Other,,22,5,True,,True,False,,Smart,RC,False,True,False,,,True,,False,False,False,False,False,False,False,False,False,False,0,Follow Yaw,-77.9,0,-145.9,214.1,False,False,False,False,False,,0,0,False,False,No Card,100,100,1097,1310,1023,1024,2,False,False,False,False,False,0,False,False,False,False,78,,47.016,,7883,,10044,,47.016,,True,3.913,3.913,3.913,3.913,3.913,3.913,3.913,3.913,3.913,3.913,3.913,3.913,0,,False,False,True,,,,,,,,,,,,,,,False,False,19.186,,97.7,,75.7,,97.7,,1487,88,7,20,7,145356.9,19380.92,,Idle,,20,,10,,,20,Go Home,False,False,False,False,False,False,False,False,False,False,False,False,33.8027920380556,-117.4659261431046,2776.9,2972.0,1049.4,396.9,True,1,1,False,False,False,False,,True,False,False,Course Lock,196.8,67,16.4,93,E,SW,2.46,11.4,Calm,False,False,Android,7.0.2,M300 RTK,1ZN7L4R0H1D00F,1W9DL31001461C,1ZMLH8300204F0,1Z6PH74DAP0QN7,"Corona, CA",728.3,5.7,137.7,8.547347,2.013246,0,0,DJI Matrice 300 RTK,M300 RTK,1ZN7L4R0H1D00F,1W9DL31001461C,1ZMLH8300204F0,1Z6PH74DAP0QN7,DJI Pilot,Android,7.0.2,1EF72A62-B7C3-C88D-164E-CE6F8C8424AE,1ZN7L4R0H1D00F,1W9DL31001461C,,1ZMLH8300204F0,1W9DL31001461C,,,,,
2023-11-01,11:31:04.04 AM,6m 41.7s,401.7,33.7996047081929,-117.4742474688587,77.0,137.7,14.7,1341,3223.0,5.538403,6.94893,-4.026492,2.23694,-3.802798,1.342164,0,0.894776,-1.4,0.6,1.5,-137.7,222.3,222.0,Tripod,Other,,22,5,True,,True,False,,Smart,RC,False,True,False,,,True,,False,False,False,False,False,False,False,False,False,False,0,Follow Yaw,-77.9,0,-145.9,214.1,False,False,False,False,False,,0,0,False,False,No Card,100,100,1095,1311,1024,1024,2,False,False,False,False,False,0,False,False,False,False,79,,46.992,,3938,,4986,,46.992,,True,3.913,3.913,3.913,3.913,3.913,3.913,3.913,3.913,3.913,3.913,3.913,3.913,0,,False,False,True,,,,,,,,,,,,,,,False,False,9.546,,97.7,,75.7,,97.7,,1487,88,7,20,7,145356.9,19380.92,,Idle,,20,,10,,,20,Go Home,False,False,False,False,False,False,False,False,False,False,False,False,33.8027920380556,-117.4659261431046,2777.6,2972.0,1049.4,396.9,True,1,1,False,False,False,False,,True,False,False,Course Lock,196.8,67,16.4,93,E,SW,2.46,11.4,Calm,False,False,Android,7.0.2,M300 RTK,1ZN7L4R0H1D00F,1W9DL31001461C,1ZMLH8300204F0,1Z6PH74DAP0QN7,"Corona, CA",728.3,5.7,137.7,8.547347,2.013246,0,0,DJI Matrice 300 RTK,M300 RTK,1ZN7L4R0H1D00F,1W9DL31001461C,1ZMLH8300204F0,1Z6PH74DAP0QN7,DJI Pilot,Android,7.0.2,1EF72A62-B7C3-C88D-164E-CE6F8C8424AE,1ZN7L4R0H1D00F,1W9DL31001461C,,1ZMLH8300204F0,1W9DL31001461C,,,,,
2023-11-01,11:31:04.14 AM,6m 41.8s,401.8,33.7996030247656,-117.4742493565715,77.0,137.7,14.7,1341,3223.9,5.538403,6.94893,-4.026492,2.23694,-3.802798,1.342164,0,0.894776,-1.4,0.6,1.5,-137.8,222.2,222.9,Tripod,Other,,22,5,True,,True,False,,Smart,RC,False,True,False,,,True,,False,False,False,False,False,False,False,False,False,False,0,Follow Yaw,-77.9,0,-145.9,214.1,False,False,False,False,False,,0,0,False,False,No Card,100,100,1089,1313,1024,1024,2,False,False,False,False,False,0,False,False,False,False,79,,46.992,,3938,,4986,,46.992,,True,3.913,3.913,3.913,3.913,3.913,3.913,3.913,3.913,3.913,3.913,3.913,3.913,0,,False,False,True,,,,,,,,,,,,,,,False,False,9.546,,97.7,,75.7,,97.7,,1487,88,7,20,7,145356.9,19380.92,,Idle,,20,,10,,,20,Go Home,False,False,False,False,False,False,False,False,False,False,False,False,33.8027920380556,-117.4659261431046,2778.4,2972.0,1049.4,396.9,True,1,1,False,False,False,False,,True,False,False,Course Lock,196.8,67,16.4,93,E,SW,2.46,11.4,Calm,False,False,Android,7.0.2,M300 RTK,1ZN7L4R0H1D00F,1W9DL31001461C,1ZMLH8300204F0,1Z6PH74DAP0QN7,"Corona, CA",728.3,5.7,137.7,8.547347,2.013246,0,0,DJI Matrice 300 RTK,M300 RTK,1ZN7L4R0H1D00F,1W9DL31001461C,1ZMLH8300204F0,1Z6PH74DAP0QN7,DJI Pilot,Android,7.0.2,1EF72A62-B7C3-C88D-164E-CE6F8C8424AE,1ZN7L4R0H1D00F,1W9DL31001461C,,1ZMLH8300204F0,1W9DL31001461C,,,,,
2023-11-01,11:31:04.20 AM,6m 41.9s,401.9,33.7996014167238,-117.4742512422226,77.0,137.7,14.7,1341,3224.7,5.538403,6.94893,-4.026492,2.23694,-3.802798,1.342164,0,0.894776,-1.2,0.4,1.2,-137.8,222.2,224.2,Tripod,Other,,22,5,True,,True,False,,Smart,RC,False,True,False,,,True,,False,False,False,False,False,False,False,False,False,False,0,Follow Yaw,-77.9,0,-145.9,214.1,False,False,False,False,False,,0,0,False,False,No Card,100,100,1050,1340,1023,1024,2,False,False,False,False,False,0,False,False,False,False,79,,46.992,,3938,,4986,,46.992,,True,3.913,3.913,3.913,3.913,3.913,3.913,3.913,3.913,3.913,3.913,3.913,3.913,0,,False,False,True,,,,,,,,,,,,,,,False,False,9.546,,97.7,,75.7,,97.7,,1487,88,7,20,7,145356.9,19380.92,,Idle,,20,,10,,,20,Go Home,False,False,False,False,False,False,False,False,False,False,False,False,33.8027920380556,-117.4659261431046,2779.2,2972.0,1049.4,396.9,True,1,1,False,False,False,False,,True,False,False,Course Lock,196.8,67,16.4,93,E,SW,2.46,11.4,Calm,False,False,Android,7.0.2,M300 RTK,1ZN7L4R0H1D00F,1W9DL31001461C,1ZMLH8300204F0,1Z6PH74DAP0QN7,"Corona, CA",728.3,5.7,137.7,8.547347,2.013246,0,0,DJI Matrice 300 RTK,M300 RTK,1ZN7L4R0H1D00F,1W9DL31001461C,1ZMLH8300204F0,1Z6PH74DAP0QN7,DJI Pilot,Android,7.0.2,1EF72A62-B7C3-C88D-164E-CE6F8C8424AE,1ZN7L4R0H1D00F,1W9DL31001461C,,1ZMLH8300204F0,1W9DL31001461C,,,,,
2023-11-01,11:31:04.34 AM,6m 42.0s,402.0,33.799599763999,-117.4742531518096,77.0,137.7,14.7,1341,3225.5,5.377968,6.94893,-3.802798,2.23694,-3.802798,1.342164,0,0.894776,-1.1,0.2,1.1,-137.8,222.2,223.8,Tripod,Other,,22,5,True,,True,False,,Smart,RC,False,True,False,,,True,,False,False,False,False,False,False,False,False,False,False,0,Follow Yaw,-77.9,0,-145.9,214.1,False,False,False,False,False,,0,0,False,False,No Card,100,100,1024,1368,968,1024,2,False,False,False,False,False,0,False,False,False,False,78,,47.028,,7883,,10044,,47.028,,True,3.913,3.913,3.913,3.913,3.913,3.913,3.913,3.913,3.913,3.913,3.913,3.913,0,,False,False,True,,,,,,,,,,,,,,,False,False,19.14,,97.7,,75.7,,97.7,,1487,88,7,20,7,145356.9,19380.92,,Idle,,20,,10,,,20,Go Home,False,False,False,False,False,False,False,False,False,False,False,False,33.8027920380556,-117.4659261431046,2780.0,2972.0,1049.4,396.9,True,1,1,False,False,False,False,,True,False,False,Course Lock,196.8,67,16.4,93,E,SW,2.46,11.4,Calm,False,False,Android,7.0.2,M300 RTK,1ZN7L4R0H1D00F,1W9DL31001461C,1ZMLH8300204F0,1Z6PH74DAP0QN7,"Corona, CA",728.3,5.7,137.7,8.547347,2.013246,0,0,DJI Matrice 300 RTK,M300 RTK,1ZN7L4R0H1D00F,1W9DL31001461C,1ZMLH8300204F0,1Z6PH74DAP0QN7,DJI Pilot,Android,7.0.2,1EF72A62-B7C3-C88D-164E-CE6F8C8424AE,1ZN7L4R0H1D00F,1W9DL31001461C,,1ZMLH8300204F0,1W9DL31001461C,,,,,
2023-11-01,11:31:04.41 AM,6m 42.1s,402.1,33.7995981118224,-117.4742551961875,77.0,137.7,14.7,1341,3226.4,5.377968,6.94893,-3.802798,2.23694,-3.802798,1.342164,0,0.894776,-1.3,0,1.3,-137.8,222.2,225.7,Tripod,Other,,22,5,True,,True,False,,Smart,RC,False,True,False,,,True,,False,False,False,False,False,False,False,False,False,False,0,Follow Yaw,-77.9,0,-145.9,214.1,False,False,False,False,False,,0,0,False,False,No Card,100,100,1024,1366,957,1024,2,False,False,False,False,False,0,False,False,False,False,78,,47.028,,7883,,10044,,47.028,,True,3.913,3.913,3.913,3.913,3.913,3.913,3.913,3.913,3.913,3.913,3.913,3.913,0,,False,False,True,,,,,,,,,,,,,,,False,False,19.14,,97.7,,75.7,,97.7,,1487,88,7,20,7,145356.9,19380.92,,Idle,,20,,10,,,20,Go Home,False,False,False,False,False,False,False,False,False,False,False,False,33.8027920380556,-117.4659261431046,2780.8,2972.0,1049.4,396.9,True,1,1,False,False,False,False,,True,False,False,Course Lock,196.8,67,16.4,93,E,SW,2.46,11.4,Calm,False,False,Android,7.0.2,M300 RTK,1ZN7L4R0H1D00F,1W9DL31001461C,1ZMLH8300204F0,1Z6PH74DAP0QN7,"Corona, CA",728.3,5.7,137.7,8.547347,2.013246,0,0,DJI Matrice 300 RTK,M300 RTK,1ZN7L4R0H1D00F,1W9DL31001461C,1ZMLH8300204F0,1Z6PH74DAP0QN7,DJI Pilot,Android,7.0.2,1EF72A62-B7C3-C88D-164E-CE6F8C8424AE,1ZN7L4R0H1D00F,1W9DL31001461C,,1ZMLH8300204F0,1W9DL31001461C,,,,,
2023-11-01,11:31:04.51 AM,6m 42.2s,402.2,33.7995964782866,-117.4742571337098,77.0,137.7,14.7,1341,3227.2,5.377968,6.94893,-3.802798,2.23694,-3.802798,1.342164,0,0.894776,-1.7,-0.3,1.7,-137.8,222.2,224.5,Tripod,Other,,22,5,True,,True,False,,Smart,RC,False,True,False,,,True,,False,False,False,False,False,False,False,False,False,False,0,Follow Yaw,-77.9,0,-145.9,214.1,False,False,False,False,False,,0,0,False,False,No Card,100,100,1024,1366,962,1024,2,False,False,False,False,False,0,False,False,False,False,78,,47.028,,7883,,10044,,47.028,,True,3.913,3.913,3.913,3.913,3.913,3.913,3.913,3.913,3.913,3.913,3.913,3.913,0,,False,False,True,,,,,,,,,,,,,,,False,False,19.14,,97.7,,75.7,,97.7,,1487,88,7,20,7,145356.9,19380.92,,Idle,,20,,10,,,20,Go Home,False,False,False,False,False,False,False,False,False,False,False,False,33.8027920380556,-117.4659261431046,2781.6,2972.0,1049.4,396.9,True,1,1,False,False,False,False,,True,False,False,Course Lock,196.8,67,16.4,93,E,SW,2.46,11.4,Calm,False,False,Android,7.0.2,M300 RTK,1ZN7L4R0H1D00F,1W9DL31001461C,1ZMLH8300204F0,1Z6PH74DAP0QN7,"Corona, CA",728.3,5.7,137.7,8.547347,2.013246,0,0,DJI Matrice 300 RTK,M300 RTK,1ZN7L4R0H1D00F,1W9DL31001461C,1ZMLH8300204F0,1Z6PH74DAP0QN7,DJI Pilot,Android,7.0.2,1EF72A62-B7C3-C88D-164E-CE6F8C8424AE,1ZN7L4R0H1D00F,1W9DL31001461C,,1ZMLH8300204F0,1W9DL31001461C,,,,,
2023-11-01,11:31:04.64 AM,6m 42.3s,402.3,33.7995949261672,-117.474259065707,77.0,137.7,14.7,1341,3228.0,5.377968,6.94893,-3.802798,2.23694,-3.802798,1.342164,0,0.894776,-2.1,-0.6,2.1,-137.7,222.3,225.9,Tripod,Other,,22,5,True,,True,False,,Smart,RC,False,True,False,,,True,,False,False,False,False,False,False,False,False,False,False,0,Follow Yaw,-77.9,0,-145.9,214.1,False,False,False,False,False,,0,0,False,False,No Card,100,100,1024,1372,964,1024,2,False,False,False,False,False,0,False,False,False,False,78,,47.028,,7883,,10044,,47.028,,True,3.917,3.917,3.917,3.917,3.917,3.917,3.917,3.917,3.917,3.917,3.917,3.917,0,,False,False,True,,,,,,,,,,,,,,,False,False,19.14,,97.7,,75.7,,97.7,,1484,88,7,20,7,145657.0,19420.94,,Idle,,20,,10,,,20,Go Home,False,False,False,False,False,False,False,False,False,False,False,False,33.8027920380556,-117.4659261431046,2782.3,2972.0,1049.4,396.9,True,1,1,False,False,False,False,,True,False,False,Course Lock,196.8,67,16.4,93,E,SW,2.46,11.4,Calm,False,False,Android,7.0.2,M300 RTK,1ZN7L4R0H1D00F,1W9DL31001461C,1ZMLH8300204F0,1Z6PH74DAP0QN7,"Corona, CA",728.3,5.7,137.7,8.547347,2.013246,0,0,DJI Matrice 300 RTK,M300 RTK,1ZN7L4R0H1D00F,1W9DL31001461C,1ZMLH8300204F0,1Z6PH74DAP0QN7,DJI Pilot,Android,7.0.2,1EF72A62-B7C3-C88D-164E-CE6F8C8424AE,1ZN7L4R0H1D00F,1W9DL31001461C,,1ZMLH8300204F0,1W9DL31001461C,,,,,
2023-11-01,11:31:04.72 AM,6m 42.4s,402.4,33.7995932219061,-117.4742611257741,77.0,137.7,14.7,1341,3228.9,5.538403,6.94893,-3.802798,2.23694,-4.026492,1.342164,0,0.894776,-2.2,-0.6,2.2,-137.6,222.4,225.1,Tripod,Other,,22,5,True,,True,False,,Smart,RC,False,True,False,,,True,,False,False,False,False,False,False,False,False,False,False,0,Follow Yaw,-77.9,0,-145.9,214.1,False,False,False,False,False,,0,0,False,False,No Card,100,100,1024,1372,964,1024,2,False,False,False,False,False,0,False,False,False,False,78,,47.028,,7883,,10044,,47.028,,True,3.917,3.917,3.917,3.917,3.917,3.917,3.917,3.917,3.917,3.917,3.917,3.917,0,,False,False,True,,,,,,,,,,,,,,,False,False,19.14,,97.7,,75.7,,97.7,,1484,88,7,20,7,145657.0,19420.94,,Idle,,20,,10,,,20,Go Home,False,False,False,False,False,False,False,False,False,False,False,False,33.8027920380556,-117.4659261431046,2783.2,2972.0,1049.4,396.9,True,1,1,False,False,False,False,,True,False,False,Course Lock,196.8,67,16.4,93,E,SW,2.46,11.4,Calm,False,False,Android,7.0.2,M300 RTK,1ZN7L4R0H1D00F,1W9DL31001461C,1ZMLH8300204F0,1Z6PH74DAP0QN7,"Corona, CA",728.3,5.7,137.7,8.547347,2.013246,0,0,DJI Matrice 300 RTK,M300 RTK,1ZN7L4R0H1D00F,1W9DL31001461C,1ZMLH8300204F0,1Z6PH74DAP0QN7,DJI Pilot,Android,7.0.2,1EF72A62-B7C3-C88D-164E-CE6F8C8424AE,1ZN7L4R0H1D00F,1W9DL31001461C,,1ZMLH8300204F0,1W9DL31001461C,,,,,
2023-11-01,11:31:04.82 AM,6m 42.5s,402.5,33.7995917799866,-117.4742627755926,77.0,137.7,14.7,1341,3229.7,5.538403,6.94893,-3.802798,2.23694,-4.026492,1.342164,0,0.894776,-2.1,-0.7,2.2,-137.5,222.5,223.5,Tripod,Other,,22,5,True,,True,False,,Smart,RC,False,True,False,,,True,,False,False,False,False,False,False,False,False,False,False,0,Follow Yaw,-77.9,0,-145.9,214.1,False,False,False,False,False,,0,0,False,False,No Card,100,100,1024,1375,952,1024,2,False,False,False,False,False,0,False,False,False,False,78,,47.028,,7883,,10044,,47.028,,True,3.917,3.917,3.917,3.917,3.917,3.917,3.917,3.917,3.917,3.917,3.917,3.917,0,,False,False,True,,,,,,,,,,,,,,,False,False,19.14,,97.7,,75.7,,97.7,,1484,88,7,20,7,145657.0,19420.94,,Idle,,20,,10,,,20,Go Home,False,False,False,False,False,False,False,False,False,False,False,False,33.8027920380556,-117.4659261431046,2783.8,2972.0,1049.4,396.9,True,1,1,False,False,False,False,,True,False,False,Course Lock,196.8,67,16.4,93,E,SW,2.46,11.4,Calm,False,False,Android,7.0.2,M300 RTK,1ZN7L4R0H1D00F,1W9DL31001461C,1ZMLH8300204F0,1Z6PH74DAP0QN7,"Corona, CA",728.3,5.7,137.7,8.547347,2.013246,0,0,DJI Matrice 300 RTK,M300 RTK,1ZN7L4R0H1D00F,1W9DL31001461C,1ZMLH8300204F0,1Z6PH74DAP0QN7,DJI Pilot,Android,7.0.2,1EF72A62-B7C3-C88D-164E-CE6F8C8424AE,1ZN7L4R0H1D00F,1W9DL31001461C,,1ZMLH8300204F0,1W9DL31001461C,,,,,
2023-11-01,11:31:04.93 AM,6m 42.6s,402.6,33.7995901587866,-117.4742647519359,77.0,137.7,14.7,1341,3230.5,5.538403,6.94893,-3.802798,2.23694,-4.026492,1.342164,0,0.894776,-1.8,-0.8,1.9,-137.5,222.5,225.3,Tripod,Other,,22,5,True,,True,False,,Smart,RC,False,True,False,,,True,,False,False,False,False,False,False,False,False,False,False,0,Follow Yaw,-77.9,0,-145.9,214.1,False,False,False,False,False,,0,0,False,False,No Card,100,100,1024,1384,875,1024,2,False,False,False,False,False,0,False,False,False,False,78,,47.028,,7883,,10044,,47.028,,True,3.917,3.917,3.917,3.917,3.917,3.917,3.917,3.917,3.917,3.917,3.917,3.917,0,,False,False,True,,,,,,,,,,,,,,,False,False,19.14,,97.7,,75.7,,97.7,,1484,88,7,20,7,145657.0,19420.94,,Idle,,20,,10,,,20,Go Home,False,False,False,False,False,False,False,False,False,False,False,False,33.8027920380556,-117.4659261431046,2784.6,2972.0,1049.4,396.9,True,1,1,False,False,False,False,,True,False,False,Course Lock,196.8,67,16.4,93,E,SW,2.46,11.4,Calm,False,False,Android,7.0.2,M300 RTK,1ZN7L4R0H1D00F,1W9DL31001461C,1ZMLH8300204F0,1Z6PH74DAP0QN7,"Corona, CA",728.3,5.7,137.7,8.547347,2.013246,0,0,DJI Matrice 300 RTK,M300 RTK,1ZN7L4R0H1D00F,1W9DL31001461C,1ZMLH8300204F0,1Z6PH74DAP0QN7,DJI Pilot,Android,7.0.2,1EF72A62-B7C3-C88D-164E-CE6F8C8424AE,1ZN7L4R0H1D00F,1W9DL31001461C,,1ZMLH8300204F0,1W9DL31001461C,,,,,
2023-11-01,11:31:05.03 AM,6m 42.7s,402.7,33.7995882738744,-117.4742668299394,77.0,137.7,14.7,1341,3231.4,5.538403,6.94893,-3.802798,2.23694,-4.026492,1.342164,0,0.894776,-1.6,-0.9,1.8,-137.6,222.4,222.4,Tripod,Other,,22,5,True,,True,False,,Smart,RC,False,True,False,,,True,,False,False,False,False,False,False,False,False,False,False,0,Follow Yaw,-77.9,0,-145.9,214.1,False,False,False,False,False,,0,0,False,False,No Card,100,100,1024,1385,831,1009,2,False,False,False,False,False,0,False,False,False,False,78,,47.028,,7883,,10044,,47.028,,True,3.917,3.917,3.917,3.917,3.917,3.917,3.917,3.917,3.917,3.917,3.917,3.917,0,,False,False,True,,,,,,,,,,,,,,,False,False,19.14,,97.7,,75.7,,97.7,,1484,88,7,20,7,145657.0,19420.94,,Idle,,20,,10,,,20,Go Home,False,False,False,False,False,False,False,False,False,False,False,False,33.8027920380556,-117.4659261431046,2785.5,2972.0,1049.4,396.9,True,1,1,False,False,False,False,,True,False,False,Course Lock,196.8,67,16.4,93,E,SW,2.46,11.4,Calm,False,False,Android,7.0.2,M300 RTK,1ZN7L4R0H1D00F,1W9DL31001461C,1ZMLH8300204F0,1Z6PH74DAP0QN7,"Corona, CA",728.3,5.7,137.7,8.547347,2.013246,0,0,DJI Matrice 300 RTK,M300 RTK,1ZN7L4R0H1D00F,1W9DL31001461C,1ZMLH8300204F0,1Z6PH74DAP0QN7,DJI Pilot,Android,7.0.2,1EF72A62-B7C3-C88D-164E-CE6F8C8424AE,1ZN7L4R0H1D00F,1W9DL31001461C,,1ZMLH8300204F0,1W9DL31001461C,,,,,
2023-11-01,11:31:05.14 AM,6m 42.8s,402.8,33.7995865443934,-117.4742689298789,77.0,137.7,14.7,1341,3232.3,5.538403,6.94893,-3.802798,2.23694,-4.026492,1.342164,0,0.894776,-1.5,-1.1,1.8,-137.6,222.4,225.2,Tripod,Other,,22,5,True,,True,False,,Smart,RC,False,True,False,,,True,,False,False,False,False,False,False,False,False,False,False,0,Follow Yaw,-77.9,0,-145.9,214.1,False,False,False,False,False,,0,0,False,False,No Card,100,100,1024,1388,826,1004,2,False,False,False,False,False,0,False,False,False,False,78,,47.028,,7883,,10044,,47.028,,True,3.917,3.917,3.917,3.917,3.917,3.917,3.917,3.917,3.917,3.917,3.917,3.917,0,,False,False,True,,,,,,,,,,,,,,,False,False,19.14,,97.7,,75.7,,97.7,,1484,88,7,20,7,145657.0,19420.94,,Idle,,20,,10,,,20,Go Home,False,False,False,False,False,False,False,False,False,False,False,False,33.8027920380556,-117.4659261431046,2786.3,2972.0,1049.4,396.9,True,1,1,False,False,False,False,,True,False,False,Course Lock,196.8,67,16.4,93,E,SW,2.46,11.4,Calm,False,False,Android,7.0.2,M300 RTK,1ZN7L4R0H1D00F,1W9DL31001461C,1ZMLH8300204F0,1Z6PH74DAP0QN7,"Corona, CA",728.3,5.7,137.7,8.547347,2.013246,0,0,DJI Matrice 300 RTK,M300 RTK,1ZN7L4R0H1D00F,1W9DL31001461C,1ZMLH8300204F0,1Z6PH74DAP0QN7,DJI Pilot,Android,7.0.2,1EF72A62-B7C3-C88D-164E-CE6F8C8424AE,1ZN7L4R0H1D00F,1W9DL31001461C,,1ZMLH8300204F0,1W9DL31001461C,,,,,
2023-11-01,11:31:05.24 AM,6m 42.9s,402.9,33.7995849215486,-117.474270840105,77.0,137.7,14.7,1341,3233.2,5.538403,6.94893,-3.802798,2.23694,-4.026492,1.342164,0,0.894776,-1.6,-1.2,2,-137.6,222.4,224.3,Tripod,Other,,22,5,True,,True,False,,Smart,RC,False,True,False,,,True,,False,False,False,False,False,False,False,False,False,False,0,Follow Yaw,-77.9,0,-145.9,214.1,False,False,False,False,False,,0,0,False,False,No Card,100,100,1024,1388,829,1004,2,False,False,False,False,False,0,False,False,False,False,78,,47.028,,7883,,10044,,47.028,,True,3.917,3.917,3.917,3.917,3.917,3.917,3.917,3.917,3.917,3.917,3.917,3.917,0,,False,False,True,,,,,,,,,,,,,,,False,False,19.14,,97.7,,75.7,,97.7,,1484,88,7,20,7,145657.0,19420.94,,Idle,,20,,10,,,20,Go Home,False,False,False,False,False,False,False,False,False,False,False,False,33.8027920380556,-117.4659261431046,2787.1,2972.0,1049.4,396.9,True,1,1,False,False,False,False,,True,False,False,Course Lock,196.8,67,16.4,93,E,SW,2.46,11.4,Calm,False,False,Android,7.0.2,M300 RTK,1ZN7L4R0H1D00F,1W9DL31001461C,1ZMLH8300204F0,1Z6PH74DAP0QN7,"Corona, CA",728.3,5.7,137.7,8.547347,2.013246,0,0,DJI Matrice 300 RTK,M300 RTK,1ZN7L4R0H1D00F,1W9DL31001461C,1ZMLH8300204F0,1Z6PH74DAP0QN7,DJI Pilot,Android,7.0.2,1EF72A62-B7C3-C88D-164E-CE6F8C8424AE,1ZN7L4R0H1D00F,1W9DL31001461C,,1ZMLH8300204F0,1W9DL31001461C,,,,,
2023-11-01,11:31:05.34 AM,6m 43.0s,403.0,33.7995831802801,-117.4742729441884,77.0,137.7,14.7,1341,3234.1,5.538403,6.94893,-3.802798,2.23694,-4.026492,1.342164,0,0.894776,-1.8,-1.3,2.2,-137.7,222.3,225.1,Tripod,Other,,22,5,True,,True,False,,Smart,RC,False,True,False,,,True,,False,False,False,False,False,False,False,False,False,False,0,Follow Yaw,-77.9,0,-145.9,214.1,False,False,False,False,False,,0,0,False,False,No Card,100,100,1024,1386,836,995,2,False,False,False,False,False,0,False,False,False,False,78,,47.052,,7883,,10044,,47.052,,True,3.917,3.917,3.917,3.917,3.917,3.917,3.917,3.917,3.917,3.917,3.917,3.917,0,,False,False,True,,,,,,,,,,,,,,,False,False,18.85,,97.7,,75.7,,97.7,,1484,88,7,20,7,145657.0,19420.94,,Idle,,20,,10,,,20,Go Home,False,False,False,False,False,False,False,False,False,False,False,False,33.8027920380556,-117.4659261431046,2787.9,2972.0,1049.4,396.9,True,1,1,False,False,False,False,,True,False,False,Course Lock,196.8,67,16.4,93,E,SW,2.46,11.4,Calm,False,False,Android,7.0.2,M300 RTK,1ZN7L4R0H1D00F,1W9DL31001461C,1ZMLH8300204F0,1Z6PH74DAP0QN7,"Corona, CA",728.3,5.7,137.7,8.547347,2.013246,0,0,DJI Matrice 300 RTK,M300 RTK,1ZN7L4R0H1D00F,1W9DL31001461C,1ZMLH8300204F0,1Z6PH74DAP0QN7,DJI Pilot,Android,7.0.2,1EF72A62-B7C3-C88D-164E-CE6F8C8424AE,1ZN7L4R0H1D00F,1W9DL31001461C,,1ZMLH8300204F0,1W9DL31001461C,,,,,
2023-11-01,11:31:05.45 AM,6m 43.1s,403.1,33.7995814645055,-117.4742750446227,77.0,137.7,14.7,1341,3234.9,5.694319,6.94893,-4.026492,2.23694,-4.026492,1.342164,0.223694,0.894776,-1.9,-1.4,2.3,-137.8,222.2,225.4,Tripod,Other,,22,5,True,,True,False,,Smart,RC,False,True,False,,,True,,False,False,False,False,False,False,False,False,False,False,0,Follow Yaw,-77.9,0,-146,214,False,False,False,False,False,,0,0,False,False,No Card,100,100,1024,1388,870,971,2,False,False,False,False,False,0,False,False,False,False,78,,47.052,,7883,,10044,,47.052,,True,3.917,3.917,3.917,3.917,3.917,3.917,3.917,3.917,3.917,3.917,3.917,3.917,0,,False,False,True,,,,,,,,,,,,,,,False,False,18.85,,97.7,,75.7,,97.7,,1484,88,7,20,7,145657.0,19420.94,,Idle,,20,,10,,,20,Go Home,False,False,False,False,False,False,False,False,False,False,False,False,33.8027920380556,-117.4659261431046,2788.8,2972.0,1049.4,396.9,True,1,1,False,False,False,False,,True,False,False,Course Lock,196.8,67,16.4,93,E,SW,2.46,11.4,Calm,False,False,Android,7.0.2,M300 RTK,1ZN7L4R0H1D00F,1W9DL31001461C,1ZMLH8300204F0,1Z6PH74DAP0QN7,"Corona, CA",728.3,5.7,137.7,8.547347,2.013246,0,0,DJI Matrice 300 RTK,M300 RTK,1ZN7L4R0H1D00F,1W9DL31001461C,1ZMLH8300204F0,1Z6PH74DAP0QN7,DJI Pilot,Android,7.0.2,1EF72A62-B7C3-C88D-164E-CE6F8C8424AE,1ZN7L4R0H1D00F,1W9DL31001461C,,1ZMLH8300204F0,1W9DL31001461C,,,,,
2023-11-01,11:31:05.55 AM,6m 43.2s,403.2,33.7995797862867,-117.4742770724868,76.7,137.7,14.7,1341,3235.8,5.694319,6.94893,-4.026492,2.23694,-4.026492,1.342164,0.223694,0.894776,-1.9,-1.4,2.3,-137.8,222.2,225.1,Tripod,Other,,22,5,True,,True,False,,Smart,RC,False,True,False,,,True,,False,False,False,False,False,False,False,False,False,False,0,Follow Yaw,-77.9,0,-146,214,False,False,False,False,False,,0,0,False,False,No Card,100,100,1024,1388,879,940,2,False,False,False,False,False,0,False,False,False,False,78,,47.052,,7883,,10044,,47.052,,True,3.917,3.917,3.917,3.917,3.917,3.917,3.917,3.917,3.917,3.917,3.917,3.917,0,,False,False,True,,,,,,,,,,,,,,,False,False,18.85,,97.7,,75.7,,97.7,,1484,88,7,20,7,145657.0,19420.94,,Idle,,20,,10,,,20,Go Home,False,False,False,False,False,False,False,False,False,False,False,False,33.8027920380556,-117.4659261431046,2789.6,2972.0,1049.4,396.9,True,1,1,False,False,False,False,,True,False,False,Course Lock,196.8,67,16.4,93,E,SW,2.46,11.4,Calm,False,False,Android,7.0.2,M300 RTK,1ZN7L4R0H1D00F,1W9DL31001461C,1ZMLH8300204F0,1Z6PH74DAP0QN7,"Corona, CA",728.3,5.7,137.7,8.547347,2.013246,0,0,DJI Matrice 300 RTK,M300 RTK,1ZN7L4R0H1D00F,1W9DL31001461C,1ZMLH8300204F0,1Z6PH74DAP0QN7,DJI Pilot,Android,7.0.2,1EF72A62-B7C3-C88D-164E-CE6F8C8424AE,1ZN7L4R0H1D00F,1W9DL31001461C,,1ZMLH8300204F0,1W9DL31001461C,,,,,
2023-11-01,11:31:05.66 AM,6m 43.3s,403.3,33.7995781500096,-117.4742792006709,76.7,137.7,14.7,1341,3236.7,5.694319,6.94893,-4.026492,2.23694,-4.026492,1.342164,0.223694,0.894776,-2,-1.6,2.5,-138,222,227.2,Tripod,Other,,22,5,True,,True,False,,Smart,RC,False,True,False,,,True,,False,False,False,False,False,False,False,False,False,False,0,Follow Yaw,-77.9,0,-146.1,213.9,False,False,False,False,False,,0,0,False,False,No Card,100,100,1024,1387,881,933,2,False,False,False,False,False,0,False,False,False,False,78,,47.052,,7883,,10044,,47.052,,True,3.923,3.923,3.923,3.923,3.923,3.923,3.923,3.923,3.923,3.923,3.923,3.923,0,,False,False,True,,,,,,,,,,,,,,,False,False,18.85,,97.7,,75.7,,97.7,,1481,88,7,20,7,145643.5,19419.13,,Idle,,20,,10,,,20,Go Home,False,False,False,False,False,False,False,False,False,False,False,False,33.8027920380556,-117.4659261431046,2790.4,2972.0,1049.4,396.9,True,1,1,False,False,False,False,,True,False,False,Course Lock,196.8,67,16.4,93,E,SW,2.46,11.4,Calm,False,False,Android,7.0.2,M300 RTK,1ZN7L4R0H1D00F,1W9DL31001461C,1ZMLH8300204F0,1Z6PH74DAP0QN7,"Corona, CA",728.3,5.7,137.7,8.547347,2.013246,0,0,DJI Matrice 300 RTK,M300 RTK,1ZN7L4R0H1D00F,1W9DL31001461C,1ZMLH8300204F0,1Z6PH74DAP0QN7,DJI Pilot,Android,7.0.2,1EF72A62-B7C3-C88D-164E-CE6F8C8424AE,1ZN7L4R0H1D00F,1W9DL31001461C,,1ZMLH8300204F0,1W9DL31001461C,,,,,
2023-11-01,11:31:05.76 AM,6m 43.4s,403.4,33.7995764534241,-117.4742812376681,76.7,137.7,14.7,1341,3237.6,5.694319,6.94893,-4.026492,2.23694,-4.026492,1.342164,0.223694,0.894776,-2.2,-1.8,2.8,-138,222,224.9,Tripod,Other,,22,5,True,,True,False,,Smart,RC,False,True,False,,,True,,False,False,False,False,False,False,False,False,False,False,0,Follow Yaw,-77.9,0,-146.2,213.8,False,False,False,False,False,,0,0,False,False,No Card,100,100,1024,1385,880,933,2,False,False,False,False,False,0,False,False,False,False,78,,47.052,,7883,,10044,,47.052,,True,3.923,3.923,3.923,3.923,3.923,3.923,3.923,3.923,3.923,3.923,3.923,3.923,0,,False,False,True,,,,,,,,,,,,,,,False,False,18.85,,97.7,,75.7,,97.7,,1481,88,7,20,7,145643.5,19419.13,,Idle,,20,,10,,,20,Go Home,False,False,False,False,False,False,False,False,False,False,False,False,33.8027920380556,-117.4659261431046,2791.3,2972.0,1049.4,396.9,True,1,1,False,False,False,False,,True,False,False,Course Lock,196.8,67,16.4,93,E,SW,2.46,11.4,Calm,False,False,Android,7.0.2,M300 RTK,1ZN7L4R0H1D00F,1W9DL31001461C,1ZMLH8300204F0,1Z6PH74DAP0QN7,"Corona, CA",728.3,5.7,137.7,8.547347,2.013246,0,0,DJI Matrice 300 RTK,M300 RTK,1ZN7L4R0H1D00F,1W9DL31001461C,1ZMLH8300204F0,1Z6PH74DAP0QN7,DJI Pilot,Android,7.0.2,1EF72A62-B7C3-C88D-164E-CE6F8C8424AE,1ZN7L4R0H1D00F,1W9DL31001461C,,1ZMLH8300204F0,1W9DL31001461C,,,,,
2023-11-01,11:31:05.86 AM,6m 43.5s,403.5,33.7995745542571,-117.4742831037541,76.7,137.7,14.7,1341,3238.5,5.694319,6.94893,-4.026492,2.23694,-4.026492,1.342164,0.223694,0.894776,-2.2,-1.8,2.8,-138.1,221.9,219.2,Tripod,Other,,22,5,True,,True,False,,Smart,RC,False,True,False,,,True,,False,False,False,False,False,False,False,False,False,False,0,Follow Yaw,-77.9,0,-146.4,213.6,False,False,False,False,False,,0,0,False,False,No Card,100,100,1024,1380,884,917,2,False,False,False,False,False,0,False,False,False,False,78,,47.052,,7883,,10044,,47.052,,True,3.923,3.923,3.923,3.923,3.923,3.923,3.923,3.923,3.923,3.923,3.923,3.923,0,,False,False,True,,,,,,,,,,,,,,,False,False,18.85,,97.7,,75.7,,97.7,,1481,88,7,20,7,145643.5,19419.13,,Idle,,20,,10,,,20,Go Home,False,False,False,False,False,False,False,False,False,False,False,False,33.8027920380556,-117.4659261431046,2792.1,2972.0,1049.4,396.9,True,1,1,False,False,False,False,,True,False,False,Course Lock,196.8,67,16.4,93,E,SW,2.46,11.4,Calm,False,False,Android,7.0.2,M300 RTK,1ZN7L4R0H1D00F,1W9DL31001461C,1ZMLH8300204F0,1Z6PH74DAP0QN7,"Corona, CA",728.3,5.7,137.7,8.547347,2.013246,0,0,DJI Matrice 300 RTK,M300 RTK,1ZN7L4R0H1D00F,1W9DL31001461C,1ZMLH8300204F0,1Z6PH74DAP0QN7,DJI Pilot,Android,7.0.2,1EF72A62-B7C3-C88D-164E-CE6F8C8424AE,1ZN7L4R0H1D00F,1W9DL31001461C,,1ZMLH8300204F0,1W9DL31001461C,,,,,
2023-11-01,11:31:05.97 AM,6m 43.6s,403.6,33.7995728176488,-117.4742851138879,76.7,137.7,14.7,1341,3239.3,5.694319,6.94893,-4.026492,2.23694,-4.026492,1.342164,0.223694,0.894776,-2.4,-1.7,2.9,-138.2,221.8,223.8,Tripod,Other,,22,5,True,,True,False,,Smart,RC,False,True,False,,,True,,False,False,False,False,False,False,False,False,False,False,0,Follow Yaw,-77.9,0,-146.5,213.5,False,False,False,False,False,,0,0,False,False,No Card,100,100,1024,1378,898,867,2,False,False,False,False,False,0,False,False,False,False,78,,47.052,,7883,,10044,,47.052,,True,3.923,3.923,3.923,3.923,3.923,3.923,3.923,3.923,3.923,3.923,3.923,3.923,0,,False,False,True,,,,,,,,,,,,,,,False,False,18.85,,97.7,,75.7,,97.7,,1481,88,7,20,7,145643.5,19419.13,,Idle,,20,,10,,,20,Go Home,False,False,False,False,False,False,False,False,False,False,False,False,33.8027920380556,-117.4659261431046,2792.9,2972.0,1049.4,396.9,True,1,1,False,False,False,False,,True,False,False,Course Lock,196.8,67,16.4,93,E,SW,2.46,11.4,Calm,False,False,Android,7.0.2,M300 RTK,1ZN7L4R0H1D00F,1W9DL31001461C,1ZMLH8300204F0,1Z6PH74DAP0QN7,"Corona, CA",728.3,5.7,137.7,8.547347,2.013246,0,0,DJI Matrice 300 RTK,M300 RTK,1ZN7L4R0H1D00F,1W9DL31001461C,1ZMLH8300204F0,1Z6PH74DAP0QN7,DJI Pilot,Android,7.0.2,1EF72A62-B7C3-C88D-164E-CE6F8C8424AE,1ZN7L4R0H1D00F,1W9DL31001461C,,1ZMLH8300204F0,1W9DL31001461C,,,,,
2023-11-01,11:31:06.07 AM,6m 43.7s,403.7,33.7995712693672,-117.47428710223,76.7,137.7,14.4,1341,3240.2,5.694319,6.94893,-4.026492,2.23694,-4.026492,1.342164,0.223694,0.894776,-2.4,-2.1,3.1,-138.5,221.5,226.8,Tripod,Other,,22,5,True,,True,False,,Smart,RC,False,True,False,,,True,,False,False,False,False,False,False,False,False,False,False,0,Follow Yaw,-77.9,0,-146.8,213.2,False,False,False,False,False,,0,0,False,False,No Card,100,100,1024,1378,904,840,2,False,False,False,False,False,0,False,False,False,False,78,,47.052,,7883,,10044,,47.052,,True,3.923,3.923,3.923,3.923,3.923,3.923,3.923,3.923,3.923,3.923,3.923,3.923,0,,False,False,True,,,,,,,,,,,,,,,False,False,18.85,,97.7,,75.7,,97.7,,1481,88,7,20,7,145643.5,19419.13,,Idle,,20,,10,,,20,Go Home,False,False,False,False,False,False,False,False,False,False,False,False,33.8027920380556,-117.4659261431046,2793.7,2972.0,1049.4,396.9,True,1,1,False,False,False,False,,True,False,False,Course Lock,196.8,67,16.4,93,E,SW,2.46,11.4,Calm,False,False,Android,7.0.2,M300 RTK,1ZN7L4R0H1D00F,1W9DL31001461C,1ZMLH8300204F0,1Z6PH74DAP0QN7,"Corona, CA",728.3,5.7,137.7,8.547347,2.013246,0,0,DJI Matrice 300 RTK,M300 RTK,1ZN7L4R0H1D00F,1W9DL31001461C,1ZMLH8300204F0,1Z6PH74DAP0QN7,DJI Pilot,Android,7.0.2,1EF72A62-B7C3-C88D-164E-CE6F8C8424AE,1ZN7L4R0H1D00F,1W9DL31001461C,,1ZMLH8300204F0,1W9DL31001461C,,,,,
2023-11-01,11:31:06.17 AM,6m 43.8s,403.8,33.7995694993151,-117.4742891020967,76.7,137.7,14.4,1341,3241.1,5.854632,6.94893,-4.250186,2.23694,-4.026492,1.342164,0.223694,0.894776,-2.4,-2.7,3.6,-138.7,221.3,223.1,Tripod,Other,,22,5,True,,True,False,,Smart,RC,False,True,False,,,True,,False,False,False,False,False,False,False,False,False,False,0,Follow Yaw,-77.9,0,-147.1,212.9,False,False,False,False,False,,0,0,False,False,No Card,100,100,1024,1378,912,808,2,False,False,False,False,False,0,False,False,False,False,78,,47.052,,7883,,10044,,47.052,,True,3.923,3.923,3.923,3.923,3.923,3.923,3.923,3.923,3.923,3.923,3.923,3.923,0,,False,False,True,,,,,,,,,,,,,,,False,False,18.85,,97.7,,75.7,,97.7,,1481,88,7,20,7,145643.5,19419.13,,Idle,,20,,10,,,20,Go Home,False,False,False,False,False,False,False,False,False,False,False,False,33.8027920380556,-117.4659261431046,2794.5,2972.0,1049.4,396.9,True,1,1,False,False,False,False,,True,False,False,Course Lock,196.8,67,16.4,93,E,SW,2.46,11.4,Calm,False,False,Android,7.0.2,M300 RTK,1ZN7L4R0H1D00F,1W9DL31001461C,1ZMLH8300204F0,1Z6PH74DAP0QN7,"Corona, CA",728.3,5.7,137.7,8.547347,2.013246,0,0,DJI Matrice 300 RTK,M300 RTK,1ZN7L4R0H1D00F,1W9DL31001461C,1ZMLH8300204F0,1Z6PH74DAP0QN7,DJI Pilot,Android,7.0.2,1EF72A62-B7C3-C88D-164E-CE6F8C8424AE,1ZN7L4R0H1D00F,1W9DL31001461C,,1ZMLH8300204F0,1W9DL31001461C,,,,,
2023-11-01,11:31:06.28 AM,6m 43.9s,403.9,33.7995676141287,-117.4742909314646,76.7,137.7,14.4,1341,3241.9,5.7031,6.94893,-4.250186,2.23694,-3.802798,1.342164,0,0.894776,-2.4,-3,3.8,-138.8,221.2,218.8,Tripod,Other,,22,5,True,,True,False,,Smart,RC,False,True,False,,,True,,False,False,False,False,False,False,False,False,False,False,0,Follow Yaw,-77.9,0,-147.5,212.5,False,False,False,False,False,,0,0,False,False,No Card,100,100,1024,1380,914,798,2,False,False,False,False,False,0,False,False,False,False,78,,47.052,,7883,,10044,,47.052,,True,3.923,3.923,3.923,3.923,3.923,3.923,3.923,3.923,3.923,3.923,3.923,3.923,0,,False,False,True,,,,,,,,,,,,,,,False,False,18.85,,97.7,,75.7,,97.7,,1481,88,7,20,7,145643.5,19419.13,,Idle,,20,,10,,,20,Go Home,False,False,False,False,False,False,False,False,False,False,False,False,33.8027920380556,-117.4659261431046,2795.3,2972.0,1049.4,396.9,True,1,1,False,False,False,False,,True,False,False,Course Lock,196.8,67,16.4,93,E,SW,2.46,11.4,Calm,False,False,Android,7.0.2,M300 RTK,1ZN7L4R0H1D00F,1W9DL31001461C,1ZMLH8300204F0,1Z6PH74DAP0QN7,"Corona, CA",728.3,5.7,137.7,8.547347,2.013246,0,0,DJI Matrice 300 RTK,M300 RTK,1ZN7L4R0H1D00F,1W9DL31001461C,1ZMLH8300204F0,1Z6PH74DAP0QN7,DJI Pilot,Android,7.0.2,1EF72A62-B7C3-C88D-164E-CE6F8C8424AE,1ZN7L4R0H1D00F,1W9DL31001461C,,1ZMLH8300204F0,1W9DL31001461C,,,,,
2023-11-01,11:31:06.34 AM,6m 44.0s,404.0,33.7995658665551,-117.4742927493904,76.7,137.7,14.4,1341,3242.8,5.871701,6.94893,-4.47388,2.23694,-3.802798,1.342164,0,0.894776,-2.4,-3,3.8,-139,221,220.8,Tripod,Other,,22,5,True,,True,False,,Smart,RC,False,True,False,,,True,,False,False,False,False,False,False,False,False,False,False,0,Follow Yaw,-77.9,0,-148,212,False,False,False,False,False,,0,0,False,False,No Card,100,100,1024,1398,913,831,2,False,False,False,False,False,0,False,False,False,False,78,,47.04,,7834,,10044,,47.04,,True,3.923,3.923,3.923,3.923,3.923,3.923,3.923,3.923,3.923,3.923,3.923,3.923,0,,False,False,True,,,,,,,,,,,,,,,False,False,19.234,,97.8,,75.7,,97.8,,1481,88,7,20,7,145643.5,19419.13,,Idle,,20,,10,,,20,Go Home,False,False,False,False,False,False,False,False,False,False,False,False,33.8027920380556,-117.4659261431046,2796.1,2972.0,1049.4,396.9,True,1,1,False,False,False,False,,True,False,False,Course Lock,196.8,67,16.4,93,E,SW,2.46,11.4,Calm,False,False,Android,7.0.2,M300 RTK,1ZN7L4R0H1D00F,1W9DL31001461C,1ZMLH8300204F0,1Z6PH74DAP0QN7,"Corona, CA",728.3,5.7,137.7,8.547347,2.013246,0,0,DJI Matrice 300 RTK,M300 RTK,1ZN7L4R0H1D00F,1W9DL31001461C,1ZMLH8300204F0,1Z6PH74DAP0QN7,DJI Pilot,Android,7.0.2,1EF72A62-B7C3-C88D-164E-CE6F8C8424AE,1ZN7L4R0H1D00F,1W9DL31001461C,,1ZMLH8300204F0,1W9DL31001461C,,,,,
2023-11-01,11:31:06.44 AM,6m 44.1s,404.1,33.7995639498439,-117.4742947442679,76.4,137.7,14.4,1340,3243.7,5.871701,6.94893,-4.47388,2.23694,-3.802798,1.342164,0,0.894776,-2.5,-2.6,3.6,-139.2,220.8,220.8,Tripod,Other,,22,5,True,,True,False,,Smart,RC,False,True,False,,,True,,False,False,False,False,False,False,False,False,False,False,0,Follow Yaw,-77.9,0,-148.6,211.4,False,False,False,False,False,,0,0,False,False,No Card,100,100,1024,1398,913,831,2,False,False,False,False,False,0,False,False,False,False,78,,47.04,,7834,,10044,,47.04,,True,3.923,3.923,3.923,3.923,3.923,3.923,3.923,3.923,3.923,3.923,3.923,3.923,0,,False,False,True,,,,,,,,,,,,,,,False,False,19.234,,97.8,,75.7,,97.8,,1481,88,7,20,7,145643.5,19419.13,,Idle,,20,,10,,,20,Go Home,False,False,False,False,False,False,False,False,False,False,False,False,33.8027920380556,-117.4659261431046,2796.9,2972.0,1049.4,396.9,True,1,1,False,False,False,False,,True,False,False,Course Lock,196.8,67,16.4,93,E,SW,2.46,11.4,Calm,False,False,Android,7.0.2,M300 RTK,1ZN7L4R0H1D00F,1W9DL31001461C,1ZMLH8300204F0,1Z6PH74DAP0QN7,"Corona, CA",728.3,5.7,137.7,8.547347,2.013246,0,0,DJI Matrice 300 RTK,M300 RTK,1ZN7L4R0H1D00F,1W9DL31001461C,1ZMLH8300204F0,1Z6PH74DAP0QN7,DJI Pilot,Android,7.0.2,1EF72A62-B7C3-C88D-164E-CE6F8C8424AE,1ZN7L4R0H1D00F,1W9DL31001461C,,1ZMLH8300204F0,1W9DL31001461C,,,,,
2023-11-01,11:31:06.54 AM,6m 44.2s,404.2,33.7995620501287,-117.474296607818,76.4,137.7,14.4,1340,3244.6,5.871701,6.94893,-4.47388,2.23694,-3.802798,1.342164,0,0.894776,-2.6,-2.1,3.3,-139.5,220.5,219.1,Tripod,Other,,22,5,True,,True,False,,Smart,RC,False,True,False,,,True,,False,False,False,False,False,False,False,False,False,False,0,Follow Yaw,-77.9,0,-149,211,False,False,False,False,False,,0,0,False,False,No Card,100,100,1024,1402,896,957,2,False,False,False,False,False,0,False,False,False,False,78,,47.04,,7834,,10044,,47.04,,True,3.923,3.923,3.923,3.923,3.923,3.923,3.923,3.923,3.923,3.923,3.923,3.923,0,,False,False,True,,,,,,,,,,,,,,,False,False,19.234,,97.8,,75.7,,97.8,,1481,88,7,20,7,145643.5,19419.13,,Idle,,20,,10,,,20,Go Home,False,False,False,False,False,False,False,False,False,False,False,False,33.8027920380556,-117.4659261431046,2797.7,2972.0,1049.4,396.9,True,1,1,False,False,False,False,,True,False,False,Course Lock,196.8,67,16.4,93,E,SW,2.46,11.4,Calm,False,False,Android,7.0.2,M300 RTK,1ZN7L4R0H1D00F,1W9DL31001461C,1ZMLH8300204F0,1Z6PH74DAP0QN7,"Corona, CA",728.3,5.7,137.7,8.547347,2.013246,0,0,DJI Matrice 300 RTK,M300 RTK,1ZN7L4R0H1D00F,1W9DL31001461C,1ZMLH8300204F0,1Z6PH74DAP0QN7,DJI Pilot,Android,7.0.2,1EF72A62-B7C3-C88D-164E-CE6F8C8424AE,1ZN7L4R0H1D00F,1W9DL31001461C,,1ZMLH8300204F0,1W9DL31001461C,,,,,
2023-11-01,11:31:06.64 AM,6m 44.3s,404.3,33.7995602529378,-117.4742984824806,76.4,137.7,14.4,1340,3245.5,5.871701,6.94893,-4.47388,2.23694,-3.802798,1.342164,0,0.894776,-2.5,-1.2,2.7,-139.9,220.1,220.9,Tripod,Other,,22,5,True,,True,False,,Smart,RC,False,True,False,,,True,,False,False,False,False,False,False,False,False,False,False,0,Follow Yaw,-77.9,0,-149.1,210.9,False,False,False,False,False,,0,0,False,False,No Card,100,100,1024,1402,919,1024,2,False,False,False,False,False,0,False,False,False,False,78,,47.04,,7834,,10044,,47.04,,True,3.921,3.921,3.921,3.921,3.921,3.921,3.921,3.921,3.921,3.921,3.921,3.921,0,,False,False,True,,,,,,,,,,,,,,,False,False,19.234,,97.8,,75.7,,97.8,,1479,89,7,20,7,145393.4,19385.79,,Idle,,20,,10,,,20,Go Home,False,False,False,False,False,False,False,False,False,False,False,False,33.8027920380556,-117.4659261431046,2798.5,2972.0,1049.4,396.9,True,1,1,False,False,False,False,,True,False,False,Course Lock,196.8,67,16.4,93,E,SW,2.46,11.4,Calm,False,False,Android,7.0.2,M300 RTK,1ZN7L4R0H1D00F,1W9DL31001461C,1ZMLH8300204F0,1Z6PH74DAP0QN7,"Corona, CA",728.3,5.7,137.7,8.547347,2.013246,0,0,DJI Matrice 300 RTK,M300 RTK,1ZN7L4R0H1D00F,1W9DL31001461C,1ZMLH8300204F0,1Z6PH74DAP0QN7,DJI Pilot,Android,7.0.2,1EF72A62-B7C3-C88D-164E-CE6F8C8424AE,1ZN7L4R0H1D00F,1W9DL31001461C,,1ZMLH8300204F0,1W9DL31001461C,,,,,
2023-11-01,11:31:06.74 AM,6m 44.4s,404.4,33.7995583334853,-117.4743003396602,76.4,137.7,14.4,1340,3246.4,5.871701,6.94893,-4.47388,2.23694,-3.802798,1.342164,0,0.894776,-2.5,-0.4,2.5,-140.3,219.7,218.8,Tripod,Other,,21,5,True,,True,False,,Smart,RC,False,True,False,,,True,,False,False,False,False,False,False,False,False,False,False,0,Follow Yaw,-77.9,0,-149.1,210.9,False,False,False,False,False,,0,0,False,False,No Card,100,100,1024,1406,901,1024,2,False,False,False,False,False,0,False,False,False,False,78,,47.04,,7834,,10044,,47.04,,True,3.921,3.921,3.921,3.921,3.921,3.921,3.921,3.921,3.921,3.921,3.921,3.921,0,,False,False,True,,,,,,,,,,,,,,,False,False,19.234,,97.8,,75.7,,97.8,,1479,89,7,20,7,145393.4,19385.79,,Idle,,20,,10,,,20,Go Home,False,False,False,False,False,False,False,False,False,False,False,False,33.8027920380556,-117.4659261431046,2799.3,2972.0,1049.4,396.9,True,1,1,False,False,False,False,,True,False,False,Course Lock,196.8,67,16.4,93,E,SW,2.46,11.4,Calm,False,False,Android,7.0.2,M300 RTK,1ZN7L4R0H1D00F,1W9DL31001461C,1ZMLH8300204F0,1Z6PH74DAP0QN7,"Corona, CA",728.3,5.7,137.7,8.547347,2.013246,0,0,DJI Matrice 300 RTK,M300 RTK,1ZN7L4R0H1D00F,1W9DL31001461C,1ZMLH8300204F0,1Z6PH74DAP0QN7,DJI Pilot,Android,7.0.2,1EF72A62-B7C3-C88D-164E-CE6F8C8424AE,1ZN7L4R0H1D00F,1W9DL31001461C,,1ZMLH8300204F0,1W9DL31001461C,,,,,
2023-11-01,11:31:06.84 AM,6m 44.5s,404.5,33.7995561486757,-117.4743022138486,76.4,137.7,14.4,1340,3247.3,5.871701,6.94893,-4.47388,2.23694,-3.802798,1.342164,0,0.894776,-2.9,-0.4,2.9,-140.6,219.4,215.4,Tripod,Other,,21,5,True,,True,False,,Smart,RC,False,True,False,,,True,,False,False,False,False,False,False,False,False,False,False,0,Follow Yaw,-77.9,0,-149.1,210.9,False,False,False,False,False,,0,0,False,False,No Card,100,100,1024,1408,905,1024,2,False,False,False,False,False,0,False,False,False,False,78,,47.04,,7834,,10044,,47.04,,True,3.921,3.921,3.921,3.921,3.921,3.921,3.921,3.921,3.921,3.921,3.921,3.921,0,,False,False,True,,,,,,,,,,,,,,,False,False,19.234,,97.8,,75.7,,97.8,,1479,89,7,20,7,145393.4,19385.79,,Idle,,20,,10,,,20,Go Home,False,False,False,False,False,False,False,False,False,False,False,False,33.8027920380556,-117.4659261431046,2800.1,2972.0,1049.4,396.9,True,1,1,False,False,False,False,,True,False,False,Course Lock,196.8,67,16.4,93,E,SW,2.46,11.4,Calm,False,False,Android,7.0.2,M300 RTK,1ZN7L4R0H1D00F,1W9DL31001461C,1ZMLH8300204F0,1Z6PH74DAP0QN7,"Corona, CA",728.3,5.7,137.7,8.547347,2.013246,0,0,DJI Matrice 300 RTK,M300 RTK,1ZN7L4R0H1D00F,1W9DL31001461C,1ZMLH8300204F0,1Z6PH74DAP0QN7,DJI Pilot,Android,7.0.2,1EF72A62-B7C3-C88D-164E-CE6F8C8424AE,1ZN7L4R0H1D00F,1W9DL31001461C,,1ZMLH8300204F0,1W9DL31001461C,,,,,
2023-11-01,11:31:06.94 AM,6m 44.6s,404.6,33.7995543152997,-117.4743039967468,76.4,137.7,14.4,1340,3248.2,5.871701,6.94893,-4.47388,2.23694,-3.802798,1.342164,0,0.894776,-3.2,-0.3,3.2,-140.7,219.3,218.9,Tripod,Other,,21,5,True,,True,False,,Smart,RC,False,True,False,,,True,,False,False,False,False,False,False,False,False,False,False,0,Follow Yaw,-77.9,0,-149.1,210.9,False,False,False,False,False,,0,0,False,False,No Card,100,100,1024,1408,904,1024,2,False,False,False,False,False,0,False,False,False,False,78,,47.04,,7834,,10044,,47.04,,True,3.921,3.921,3.921,3.921,3.921,3.921,3.921,3.921,3.921,3.921,3.921,3.921,0,,False,False,True,,,,,,,,,,,,,,,False,False,19.234,,97.8,,75.7,,97.8,,1479,89,7,20,7,145393.4,19385.79,,Idle,,20,,10,,,20,Go Home,False,False,False,False,False,False,False,False,False,False,False,False,33.8027920380556,-117.4659261431046,2800.9,2972.0,1049.4,396.9,True,1,1,False,False,False,False,,True,False,False,Course Lock,196.8,67,16.4,93,E,SW,2.46,11.4,Calm,False,False,Android,7.0.2,M300 RTK,1ZN7L4R0H1D00F,1W9DL31001461C,1ZMLH8300204F0,1Z6PH74DAP0QN7,"Corona, CA",728.3,5.7,137.7,8.547347,2.013246,0,0,DJI Matrice 300 RTK,M300 RTK,1ZN7L4R0H1D00F,1W9DL31001461C,1ZMLH8300204F0,1Z6PH74DAP0QN7,DJI Pilot,Android,7.0.2,1EF72A62-B7C3-C88D-164E-CE6F8C8424AE,1ZN7L4R0H1D00F,1W9DL31001461C,,1ZMLH8300204F0,1W9DL31001461C,,,,,
2023-11-01,11:31:07.04 AM,6m 44.7s,404.7,33.7995524841168,-117.4743060415371,76.4,137.7,14.4,1340,3249.1,5.871701,6.94893,-4.47388,2.23694,-3.802798,1.342164,0,0.894776,-3.5,-0.3,3.5,-140.7,219.3,222.8,Tripod,Other,,21,5,True,,True,False,,Smart,RC,False,True,False,,,True,,False,False,False,False,False,False,False,False,False,False,0,Follow Yaw,-77.9,0,-149.1,210.9,False,False,False,False,False,,0,0,False,False,No Card,100,100,1024,1404,915,1024,2,False,False,False,False,False,0,False,False,False,False,78,,47.004,,3889,,4986,,47.004,,True,3.921,3.921,3.921,3.921,3.921,3.921,3.921,3.921,3.921,3.921,3.921,3.921,0,,False,False,True,,,,,,,,,,,,,,,False,False,9.292,,97.7,,75.7,,97.8,,1479,89,7,20,7,145393.4,19385.79,,Idle,,20,,10,,,20,Go Home,False,False,False,False,False,False,False,False,False,False,False,False,33.8027920380556,-117.4659261431046,2801.8,2972.0,1049.4,396.9,True,1,1,False,False,False,False,,True,False,False,Course Lock,196.8,67,16.4,93,E,SW,2.46,11.4,Calm,False,False,Android,7.0.2,M300 RTK,1ZN7L4R0H1D00F,1W9DL31001461C,1ZMLH8300204F0,1Z6PH74DAP0QN7,"Corona, CA",728.3,5.7,137.7,8.547347,2.013246,0,0,DJI Matrice 300 RTK,M300 RTK,1ZN7L4R0H1D00F,1W9DL31001461C,1ZMLH8300204F0,1Z6PH74DAP0QN7,DJI Pilot,Android,7.0.2,1EF72A62-B7C3-C88D-164E-CE6F8C8424AE,1ZN7L4R0H1D00F,1W9DL31001461C,,1ZMLH8300204F0,1W9DL31001461C,,,,,
2023-11-01,11:31:07.14 AM,6m 44.8s,404.8,33.7995505657608,-117.4743079712252,76.4,137.7,14.4,1340,3250.0,6.18707,6.94893,-4.697574,2.23694,-4.026492,1.342164,0,0.894776,-3.6,-0.7,3.6,-140.8,219.2,219.8,Tripod,Other,,21,5,True,,True,False,,Smart,RC,False,True,False,,,True,,False,False,False,False,False,False,False,False,False,False,0,Follow Yaw,-77.9,0,-149.1,210.9,False,False,False,False,False,,0,0,False,False,No Card,100,100,1024,1403,916,1024,2,False,False,False,False,False,0,False,False,False,False,78,,47.004,,3889,,4986,,47.004,,True,3.921,3.921,3.921,3.921,3.921,3.921,3.921,3.921,3.921,3.921,3.921,3.921,0,,False,False,True,,,,,,,,,,,,,,,False,False,9.292,,97.7,,75.7,,97.8,,1479,89,7,20,7,145393.4,19385.79,,Idle,,20,,10,,,20,Go Home,False,False,False,False,False,False,False,False,False,False,False,False,33.8027920380556,-117.4659261431046,2802.6,2972.0,1049.4,396.9,True,1,1,False,False,False,False,,True,False,False,Course Lock,196.8,67,16.4,93,E,SW,2.46,11.4,Calm,False,False,Android,7.0.2,M300 RTK,1ZN7L4R0H1D00F,1W9DL31001461C,1ZMLH8300204F0,1Z6PH74DAP0QN7,"Corona, CA",728.3,5.7,137.7,8.547347,2.013246,0,0,DJI Matrice 300 RTK,M300 RTK,1ZN7L4R0H1D00F,1W9DL31001461C,1ZMLH8300204F0,1Z6PH74DAP0QN7,DJI Pilot,Android,7.0.2,1EF72A62-B7C3-C88D-164E-CE6F8C8424AE,1ZN7L4R0H1D00F,1W9DL31001461C,,1ZMLH8300204F0,1W9DL31001461C,,,,,
2023-11-01,11:31:07.24 AM,6m 44.9s,404.9,33.7995486471307,-117.4743097003556,76.4,137.7,14.4,1340,3250.9,6.18707,6.94893,-4.697574,2.23694,-4.026492,1.342164,0,0.894776,-3.6,-1.1,3.7,-140.9,219.1,216.8,Tripod,Other,,21,5,True,,True,False,,Smart,RC,False,True,False,,,True,,False,False,False,False,False,False,False,False,False,False,0,Follow Yaw,-77.9,0,-149.1,210.9,False,False,False,False,False,,0,0,False,False,No Card,100,100,1024,1403,923,1024,2,False,False,False,False,False,0,False,False,False,False,78,,47.004,,3889,,4986,,47.004,,True,3.921,3.921,3.921,3.921,3.921,3.921,3.921,3.921,3.921,3.921,3.921,3.921,0,,False,False,True,,,,,,,,,,,,,,,False,False,9.292,,97.7,,75.7,,97.8,,1479,89,7,20,7,145393.4,19385.79,,Idle,,20,,10,,,20,Go Home,False,False,False,False,False,False,False,False,False,False,False,False,33.8027920380556,-117.4659261431046,2803.4,2972.0,1049.4,396.9,True,1,1,False,False,False,False,,True,False,False,Course Lock,196.8,67,16.4,93,E,SW,2.46,11.4,Calm,False,False,Android,7.0.2,M300 RTK,1ZN7L4R0H1D00F,1W9DL31001461C,1ZMLH8300204F0,1Z6PH74DAP0QN7,"Corona, CA",728.3,5.7,137.7,8.547347,2.013246,0,0,DJI Matrice 300 RTK,M300 RTK,1ZN7L4R0H1D00F,1W9DL31001461C,1ZMLH8300204F0,1Z6PH74DAP0QN7,DJI Pilot,Android,7.0.2,1EF72A62-B7C3-C88D-164E-CE6F8C8424AE,1ZN7L4R0H1D00F,1W9DL31001461C,,1ZMLH8300204F0,1W9DL31001461C,,,,,
2023-11-01,11:31:07.34 AM,6m 45.0s,405.0,33.7995467060219,-117.4743116623292,76.4,137.7,14.7,1340,3251.8,6.18707,6.94893,-4.697574,2.23694,-4.026492,1.342164,0,0.894776,-3.5,-1.2,3.7,-140.9,219.1,220.0,Tripod,Other,,21,5,True,,True,False,,Smart,RC,False,True,False,,,True,,False,False,False,False,False,False,False,False,False,False,0,Follow Yaw,-77.9,0,-149.1,210.9,False,False,False,False,False,,0,0,False,False,No Card,100,100,1024,1402,932,1024,2,False,False,False,False,False,0,False,False,False,False,78,,47.1,,7834,,10044,,47.1,,True,3.921,3.921,3.921,3.921,3.921,3.921,3.921,3.921,3.921,3.921,3.921,3.921,0,,False,False,True,,,,,,,,,,,,,,,False,False,18.706,,97.8,,75.7,,97.8,,1479,89,7,20,7,145393.4,19385.79,,Idle,,20,,10,,,20,Go Home,False,False,False,False,False,False,False,False,False,False,False,False,33.8027920380556,-117.4659261431046,2804.2,2972.0,1049.4,396.9,True,1,1,False,False,False,False,,True,False,False,Course Lock,196.8,67,16.4,93,E,SW,2.46,11.4,Calm,False,False,Android,7.0.2,M300 RTK,1ZN7L4R0H1D00F,1W9DL31001461C,1ZMLH8300204F0,1Z6PH74DAP0QN7,"Corona, CA",728.3,5.7,137.7,8.547347,2.013246,0,0,DJI Matrice 300 RTK,M300 RTK,1ZN7L4R0H1D00F,1W9DL31001461C,1ZMLH8300204F0,1Z6PH74DAP0QN7,DJI Pilot,Android,7.0.2,1EF72A62-B7C3-C88D-164E-CE6F8C8424AE,1ZN7L4R0H1D00F,1W9DL31001461C,,1ZMLH8300204F0,1W9DL31001461C,,,,,
2023-11-01,11:31:07.42 AM,6m 45.1s,405.1,33.7995446681456,-117.4743136834722,76.4,137.7,14.4,1340,3252.8,6.18707,6.94893,-4.697574,2.23694,-4.026492,1.342164,0,0.894776,-3.3,-1.3,3.5,-140.9,219.1,219.4,Tripod,Other,,21,5,True,,True,False,,Smart,RC,False,True,False,,,True,,False,False,False,False,False,False,False,False,False,False,0,Follow Yaw,-77.9,0,-149.1,210.9,False,False,False,False,False,,0,0,False,False,No Card,100,100,1024,1402,931,1024,2,False,False,False,False,False,0,False,False,False,False,78,,47.1,,7834,,10044,,47.1,,True,3.921,3.921,3.921,3.921,3.921,3.921,3.921,3.921,3.921,3.921,3.921,3.921,0,,False,False,True,,,,,,,,,,,,,,,False,False,18.706,,97.8,,75.7,,97.8,,1479,89,7,20,7,145393.4,19385.79,,Idle,,20,,10,,,20,Go Home,False,False,False,False,False,False,False,False,False,False,False,False,33.8027920380556,-117.4659261431046,2805.1,2972.0,1049.4,396.9,True,1,1,False,False,False,False,,True,False,False,Course Lock,196.8,67,16.4,93,E,SW,2.46,11.4,Calm,False,False,Android,7.0.2,M300 RTK,1ZN7L4R0H1D00F,1W9DL31001461C,1ZMLH8300204F0,1Z6PH74DAP0QN7,"Corona, CA",728.3,5.7,137.7,8.547347,2.013246,0,0,DJI Matrice 300 RTK,M300 RTK,1ZN7L4R0H1D00F,1W9DL31001461C,1ZMLH8300204F0,1Z6PH74DAP0QN7,DJI Pilot,Android,7.0.2,1EF72A62-B7C3-C88D-164E-CE6F8C8424AE,1ZN7L4R0H1D00F,1W9DL31001461C,,1ZMLH8300204F0,1W9DL31001461C,,,,,
2023-11-01,11:31:07.54 AM,6m 45.2s,405.2,33.7995427070254,-117.474315683875,76.4,137.7,14.4,1340,3253.7,6.18707,6.94893,-4.697574,2.23694,-4.026492,1.342164,0,0.894776,-3.2,-1.3,3.4,-140.9,219.1,220.2,Tripod,Other,,21,5,True,,True,False,,Smart,RC,False,True,False,,,True,,False,False,False,False,False,False,False,False,False,False,0,Follow Yaw,-77.9,0,-149.1,210.9,False,False,False,False,False,,0,0,False,False,No Card,100,100,1024,1403,929,1024,2,False,False,False,False,False,0,False,False,False,False,78,,47.1,,7834,,10044,,47.1,,True,3.921,3.921,3.921,3.921,3.921,3.921,3.921,3.921,3.921,3.921,3.921,3.921,0,,False,False,True,,,,,,,,,,,,,,,False,False,18.706,,97.8,,75.7,,97.8,,1479,89,7,20,7,145393.4,19385.79,,Idle,,20,,10,,,20,Go Home,False,False,False,False,False,False,False,False,False,False,False,False,33.8027920380556,-117.4659261431046,2805.9,2972.0,1049.4,396.9,True,1,1,False,False,False,False,,True,False,False,Course Lock,196.8,67,16.4,93,E,SW,2.46,11.4,Calm,False,False,Android,7.0.2,M300 RTK,1ZN7L4R0H1D00F,1W9DL31001461C,1ZMLH8300204F0,1Z6PH74DAP0QN7,"Corona, CA",728.3,5.7,137.7,8.547347,2.013246,0,0,DJI Matrice 300 RTK,M300 RTK,1ZN7L4R0H1D00F,1W9DL31001461C,1ZMLH8300204F0,1Z6PH74DAP0QN7,DJI Pilot,Android,7.0.2,1EF72A62-B7C3-C88D-164E-CE6F8C8424AE,1ZN7L4R0H1D00F,1W9DL31001461C,,1ZMLH8300204F0,1W9DL31001461C,,,,,
2023-11-01,11:31:07.63 AM,6m 45.3s,405.3,33.7995406976586,-117.4743175801025,76.1,137.7,14.4,1340,3254.7,6.18707,6.94893,-4.697574,2.23694,-4.026492,1.342164,0,0.894776,-3.1,-1.5,3.4,-140.8,219.2,218.1,Tripod,Other,,21,5,True,,True,False,,Smart,RC,False,True,False,,,True,,False,False,False,False,False,False,False,False,False,False,0,Follow Yaw,-77.9,0,-149.1,210.9,False,False,False,False,False,,0,0,False,False,No Card,100,100,1024,1402,917,1024,2,False,False,False,False,False,0,False,False,False,False,78,,47.1,,7834,,10044,,47.1,,True,3.922,3.922,3.922,3.922,3.922,3.922,3.922,3.922,3.922,3.922,3.922,3.922,0,,False,False,True,,,,,,,,,,,,,,,False,False,18.706,,97.8,,75.7,,97.8,,1476,89,7,20,7,145004.2,19333.89,,Idle,,20,,10,,,20,Go Home,False,False,False,False,False,False,False,False,False,False,False,False,33.8027920380556,-117.4659261431046,2806.8,2972.0,1049.4,396.9,True,1,1,False,False,False,False,,True,False,False,Course Lock,196.8,67,16.4,93,E,SW,2.46,11.4,Calm,False,False,Android,7.0.2,M300 RTK,1ZN7L4R0H1D00F,1W9DL31001461C,1ZMLH8300204F0,1Z6PH74DAP0QN7,"Corona, CA",728.3,5.7,137.7,8.547347,2.013246,0,0,DJI Matrice 300 RTK,M300 RTK,1ZN7L4R0H1D00F,1W9DL31001461C,1ZMLH8300204F0,1Z6PH74DAP0QN7,DJI Pilot,Android,7.0.2,1EF72A62-B7C3-C88D-164E-CE6F8C8424AE,1ZN7L4R0H1D00F,1W9DL31001461C,,1ZMLH8300204F0,1W9DL31001461C,,,,,
2023-11-01,11:31:07.73 AM,6m 45.4s,405.4,33.7995387239285,-117.4743195940504,76.1,137.7,14.7,1340,3255.6,6.18707,6.94893,-4.697574,2.23694,-4.026492,1.342164,0,0.894776,-3.1,-1.7,3.5,-140.8,219.2,220.2,Tripod,Other,,21,5,True,,True,False,,Smart,RC,False,True,False,,,True,,False,False,False,False,False,False,False,False,False,False,0,Follow Yaw,-77.9,0,-149.1,210.9,False,False,False,False,False,,0,0,False,False,No Card,100,100,1024,1403,911,1024,2,False,False,False,False,False,0,False,False,False,False,78,,47.1,,7834,,10044,,47.1,,True,3.922,3.922,3.922,3.922,3.922,3.922,3.922,3.922,3.922,3.922,3.922,3.922,0,,False,False,True,,,,,,,,,,,,,,,False,False,18.706,,97.8,,75.7,,97.8,,1476,89,7,20,7,145004.2,19333.89,,Idle,,20,,10,,,20,Go Home,False,False,False,False,False,False,False,False,False,False,False,False,33.8027920380556,-117.4659261431046,2807.6,2972.0,1049.4,396.9,True,1,1,False,False,False,False,,True,False,False,Course Lock,196.8,67,16.4,93,E,SW,2.46,11.4,Calm,False,False,Android,7.0.2,M300 RTK,1ZN7L4R0H1D00F,1W9DL31001461C,1ZMLH8300204F0,1Z6PH74DAP0QN7,"Corona, CA",728.3,5.7,137.7,8.547347,2.013246,0,0,DJI Matrice 300 RTK,M300 RTK,1ZN7L4R0H1D00F,1W9DL31001461C,1ZMLH8300204F0,1Z6PH74DAP0QN7,DJI Pilot,Android,7.0.2,1EF72A62-B7C3-C88D-164E-CE6F8C8424AE,1ZN7L4R0H1D00F,1W9DL31001461C,,1ZMLH8300204F0,1W9DL31001461C,,,,,
2023-11-01,11:31:07.84 AM,6m 45.5s,405.5,33.7995370755897,-117.4743215773827,76.1,137.7,14.7,1340,3256.5,6.18707,6.94893,-4.697574,2.23694,-4.026492,1.342164,0,0.894776,-3.4,-1.7,3.8,-140.8,219.2,224.9,Tripod,Other,,21,5,True,,True,False,,Smart,RC,False,True,False,,,True,,False,False,False,False,False,False,False,False,False,False,0,Follow Yaw,-77.9,0,-149.1,210.9,False,False,False,False,False,,0,0,False,False,No Card,100,100,1024,1404,931,1014,2,False,False,False,False,False,0,False,False,False,False,78,,47.1,,7834,,10044,,47.1,,True,3.922,3.922,3.922,3.922,3.922,3.922,3.922,3.922,3.922,3.922,3.922,3.922,0,,False,False,True,,,,,,,,,,,,,,,False,False,18.706,,97.8,,75.7,,97.8,,1476,89,7,20,7,145004.2,19333.89,,Idle,,20,,10,,,20,Go Home,False,False,False,False,False,False,False,False,False,False,False,False,33.8027920380556,-117.4659261431046,2808.4,2972.0,1049.4,396.9,True,1,1,False,False,False,False,,True,False,False,Course Lock,196.8,67,16.4,93,E,SW,2.46,11.4,Calm,False,False,Android,7.0.2,M300 RTK,1ZN7L4R0H1D00F,1W9DL31001461C,1ZMLH8300204F0,1Z6PH74DAP0QN7,"Corona, CA",728.3,5.7,137.7,8.547347,2.013246,0,0,DJI Matrice 300 RTK,M300 RTK,1ZN7L4R0H1D00F,1W9DL31001461C,1ZMLH8300204F0,1Z6PH74DAP0QN7,DJI Pilot,Android,7.0.2,1EF72A62-B7C3-C88D-164E-CE6F8C8424AE,1ZN7L4R0H1D00F,1W9DL31001461C,,1ZMLH8300204F0,1W9DL31001461C,,,,,
2023-11-01,11:31:07.94 AM,6m 45.6s,405.6,33.7995351180332,-117.4743236032882,76.1,137.7,14.7,1340,3257.4,6.334925,6.94893,-4.697574,2.23694,-4.250186,1.342164,0,0.894776,-3.4,-1.6,3.7,-140.8,219.2,220.6,Tripod,Other,,21,5,True,,True,False,,Smart,RC,False,True,False,,,True,,False,False,False,False,False,False,False,False,False,False,0,Follow Yaw,-77.9,0,-149.1,210.9,False,False,False,False,False,,0,0,False,False,No Card,100,100,1024,1404,931,1014,2,False,False,False,False,False,0,False,False,False,False,78,,47.1,,7834,,10044,,47.1,,True,3.922,3.922,3.922,3.922,3.922,3.922,3.922,3.922,3.922,3.922,3.922,3.922,0,,False,False,True,,,,,,,,,,,,,,,False,False,18.706,,97.8,,75.7,,97.8,,1476,89,7,20,7,145004.2,19333.89,,Idle,,20,,10,,,20,Go Home,False,False,False,False,False,False,False,False,False,False,False,False,33.8027920380556,-117.4659261431046,2809.3,2972.0,1049.4,396.9,True,1,1,False,False,False,False,,True,False,False,Course Lock,196.8,67,16.4,93,E,SW,2.46,11.4,Calm,False,False,Android,7.0.2,M300 RTK,1ZN7L4R0H1D00F,1W9DL31001461C,1ZMLH8300204F0,1Z6PH74DAP0QN7,"Corona, CA",728.3,5.7,137.7,8.547347,2.013246,0,0,DJI Matrice 300 RTK,M300 RTK,1ZN7L4R0H1D00F,1W9DL31001461C,1ZMLH8300204F0,1Z6PH74DAP0QN7,DJI Pilot,Android,7.0.2,1EF72A62-B7C3-C88D-164E-CE6F8C8424AE,1ZN7L4R0H1D00F,1W9DL31001461C,,1ZMLH8300204F0,1W9DL31001461C,,,,,
2023-11-01,11:31:08.05 AM,6m 45.7s,405.7,33.7995331163419,-117.4743256610256,76.1,137.7,14.7,1340,3258.4,6.334925,6.94893,-4.697574,2.23694,-4.250186,1.342164,0,0.894776,-3.4,-1.6,3.7,-140.8,219.2,220.5,Tripod,Other,,21,5,True,,True,False,,Smart,RC,False,True,False,,,True,,False,False,False,False,False,False,False,False,False,False,0,Follow Yaw,-77.9,0,-149.1,210.9,False,False,False,False,False,,0,0,False,False,No Card,100,100,1024,1408,931,1008,2,False,False,False,False,False,0,False,False,False,False,78,,47.1,,7834,,10044,,47.1,,True,3.922,3.922,3.922,3.922,3.922,3.922,3.922,3.922,3.922,3.922,3.922,3.922,0,,False,False,True,,,,,,,,,,,,,,,False,False,18.706,,97.8,,75.7,,97.8,,1476,89,7,20,7,145004.2,19333.89,,Idle,,20,,10,,,20,Go Home,False,False,False,False,False,False,False,False,False,False,False,False,33.8027920380556,-117.4659261431046,2810.1,2972.0,1049.4,396.9,True,1,1,False,False,False,False,,True,False,False,Course Lock,196.8,67,16.4,93,E,SW,2.46,11.4,Calm,False,False,Android,7.0.2,M300 RTK,1ZN7L4R0H1D00F,1W9DL31001461C,1ZMLH8300204F0,1Z6PH74DAP0QN7,"Corona, CA",728.3,5.7,137.7,8.547347,2.013246,0,0,DJI Matrice 300 RTK,M300 RTK,1ZN7L4R0H1D00F,1W9DL31001461C,1ZMLH8300204F0,1Z6PH74DAP0QN7,DJI Pilot,Android,7.0.2,1EF72A62-B7C3-C88D-164E-CE6F8C8424AE,1ZN7L4R0H1D00F,1W9DL31001461C,,1ZMLH8300204F0,1W9DL31001461C,,,,,
2023-11-01,11:31:08.16 AM,6m 45.8s,405.8,33.799531138774,-117.4743277078569,76.1,137.7,14.4,1340,3259.3,6.334925,6.94893,-4.697574,2.23694,-4.250186,1.342164,0,0.894776,-3.4,-1.9,3.8,-140.9,219.1,220.6,Tripod,Other,,22,5,True,,True,False,,Smart,RC,False,True,False,,,True,,False,False,False,False,False,False,False,False,False,False,0,Follow Yaw,-77.9,0,-149.1,210.9,False,False,False,False,False,,0,0,False,False,No Card,100,100,1024,1409,922,1014,2,False,False,False,False,False,0,False,False,False,False,78,,47.1,,7834,,10044,,47.1,,True,3.922,3.922,3.922,3.922,3.922,3.922,3.922,3.922,3.922,3.922,3.922,3.922,0,,False,False,True,,,,,,,,,,,,,,,False,False,18.706,,97.8,,75.7,,97.8,,1476,89,7,20,7,145004.2,19333.89,,Idle,,20,,10,,,20,Go Home,False,False,False,False,False,False,False,False,False,False,False,False,33.8027920380556,-117.4659261431046,2811.0,2972.0,1049.4,396.9,True,1,1,False,False,False,False,,True,False,False,Course Lock,196.8,67,16.4,93,E,SW,2.46,11.4,Calm,False,False,Android,7.0.2,M300 RTK,1ZN7L4R0H1D00F,1W9DL31001461C,1ZMLH8300204F0,1Z6PH74DAP0QN7,"Corona, CA",728.3,5.7,137.7,8.547347,2.013246,0,0,DJI Matrice 300 RTK,M300 RTK,1ZN7L4R0H1D00F,1W9DL31001461C,1ZMLH8300204F0,1Z6PH74DAP0QN7,DJI Pilot,Android,7.0.2,1EF72A62-B7C3-C88D-164E-CE6F8C8424AE,1ZN7L4R0H1D00F,1W9DL31001461C,,1ZMLH8300204F0,1W9DL31001461C,,,,,
2023-11-01,11:31:08.26 AM,6m 45.9s,405.9,33.7995289898754,-117.4743295539242,76.1,137.7,14.4,1340,3260.3,6.334925,6.94893,-4.697574,2.23694,-4.250186,1.342164,0,0.894776,-3.2,-2.1,3.8,-140.9,219.1,215.5,Tripod,Other,,22,5,True,,True,False,,Smart,RC,False,True,False,,,True,,False,False,False,False,False,False,False,False,False,False,0,Follow Yaw,-77.9,0,-149.1,210.9,False,False,False,False,False,,0,0,False,False,No Card,100,100,1024,1408,922,1017,2,False,False,False,False,False,0,False,False,False,False,78,,47.1,,7834,,10044,,47.1,,True,3.922,3.922,3.922,3.922,3.922,3.922,3.922,3.922,3.922,3.922,3.922,3.922,0,,False,False,True,,,,,,,,,,,,,,,False,False,18.706,,97.8,,75.7,,97.8,,1476,89,7,20,7,145004.2,19333.89,,Idle,,20,,10,,,20,Go Home,False,False,False,False,False,False,False,False,False,False,False,False,33.8027920380556,-117.4659261431046,2811.8,2972.0,1049.4,396.9,True,1,1,False,False,False,False,,True,False,False,Course Lock,196.8,67,16.4,93,E,SW,2.46,11.4,Calm,False,False,Android,7.0.2,M300 RTK,1ZN7L4R0H1D00F,1W9DL31001461C,1ZMLH8300204F0,1Z6PH74DAP0QN7,"Corona, CA",728.3,5.7,137.7,8.547347,2.013246,0,0,DJI Matrice 300 RTK,M300 RTK,1ZN7L4R0H1D00F,1W9DL31001461C,1ZMLH8300204F0,1Z6PH74DAP0QN7,DJI Pilot,Android,7.0.2,1EF72A62-B7C3-C88D-164E-CE6F8C8424AE,1ZN7L4R0H1D00F,1W9DL31001461C,,1ZMLH8300204F0,1W9DL31001461C,,,,,
2023-11-01,11:31:08.36 AM,6m 46.0s,406.0,33.7995269769448,-117.4743315884887,76.1,137.7,14.4,1340,3261.2,6.334925,6.94893,-4.697574,2.23694,-4.250186,1.342164,0,0.894776,-3.1,-2,3.6,-140.7,219.3,220.0,Tripod,Other,,22,5,True,,True,False,,Smart,RC,False,True,False,,,True,,False,False,False,False,False,False,False,False,False,False,0,Follow Yaw,-77.9,0,-149.1,210.9,False,False,False,False,False,,0,0,False,False,No Card,100,100,1024,1407,921,1017,2,False,False,False,False,False,0,False,False,False,False,78,,47.064,,7834,,10044,,47.064,,True,3.922,3.922,3.922,3.922,3.922,3.922,3.922,3.922,3.922,3.922,3.922,3.922,0,,False,False,True,,,,,,,,,,,,,,,False,False,18.996,,97.8,,75.7,,97.8,,1476,89,7,20,7,145004.2,19333.89,,Idle,,20,,10,,,20,Go Home,False,False,False,False,False,False,False,False,False,False,False,False,33.8027920380556,-117.4659261431046,2812.7,2972.0,1049.4,396.9,True,1,1,False,False,False,False,,True,False,False,Course Lock,196.8,67,16.4,93,E,SW,2.46,11.4,Calm,False,False,Android,7.0.2,M300 RTK,1ZN7L4R0H1D00F,1W9DL31001461C,1ZMLH8300204F0,1Z6PH74DAP0QN7,"Corona, CA",728.3,5.7,137.7,8.547347,2.013246,0,0,DJI Matrice 300 RTK,M300 RTK,1ZN7L4R0H1D00F,1W9DL31001461C,1ZMLH8300204F0,1Z6PH74DAP0QN7,DJI Pilot,Android,7.0.2,1EF72A62-B7C3-C88D-164E-CE6F8C8424AE,1ZN7L4R0H1D00F,1W9DL31001461C,,1ZMLH8300204F0,1W9DL31001461C,,,,,
2023-11-01,11:31:08.46 AM,6m 46.1s,406.1,33.7995250421411,-117.4743337367328,76.1,137.7,14.4,1340,3262.2,6.334925,6.94893,-4.697574,2.23694,-4.250186,1.342164,0,0.894776,-3.1,-1.7,3.5,-140.6,219.4,222.6,Tripod,Other,,22,5,True,,True,False,,Smart,RC,False,True,False,,,True,,False,False,False,False,False,False,False,False,False,False,0,Follow Yaw,-77.9,0,-149.1,210.9,False,False,False,False,False,,0,0,False,False,No Card,100,100,1024,1407,923,1016,2,False,False,False,False,False,0,False,False,False,False,78,,47.064,,7834,,10044,,47.064,,True,3.922,3.922,3.922,3.922,3.922,3.922,3.922,3.922,3.922,3.922,3.922,3.922,0,,False,False,True,,,,,,,,,,,,,,,False,False,18.996,,97.8,,75.7,,97.8,,1476,89,7,20,7,145004.2,19333.89,,Idle,,20,,10,,,20,Go Home,False,False,False,False,False,False,False,False,False,False,False,False,33.8027920380556,-117.4659261431046,2813.6,2972.0,1049.4,396.9,True,1,1,False,False,False,False,,True,False,False,Course Lock,196.8,67,16.4,93,E,SW,2.46,11.4,Calm,False,False,Android,7.0.2,M300 RTK,1ZN7L4R0H1D00F,1W9DL31001461C,1ZMLH8300204F0,1Z6PH74DAP0QN7,"Corona, CA",728.3,5.7,137.7,8.547347,2.013246,0,0,DJI Matrice 300 RTK,M300 RTK,1ZN7L4R0H1D00F,1W9DL31001461C,1ZMLH8300204F0,1Z6PH74DAP0QN7,DJI Pilot,Android,7.0.2,1EF72A62-B7C3-C88D-164E-CE6F8C8424AE,1ZN7L4R0H1D00F,1W9DL31001461C,,1ZMLH8300204F0,1W9DL31001461C,,,,,
2023-11-01,11:31:08.57 AM,6m 46.2s,406.2,33.7995230215349,-117.4743357879554,76.1,137.7,14.4,1340,3263.2,6.502534,6.94893,-4.921268,2.23694,-4.250186,1.342164,0,0.894776,-3,-1.6,3.4,-140.6,219.4,220.1,Tripod,Other,,21,5,True,,True,False,,Smart,RC,False,True,False,,,True,,False,False,False,False,False,False,False,False,False,False,0,Follow Yaw,-77.9,0,-149.1,210.9,False,False,False,False,False,,0,0,False,False,No Card,100,100,1024,1407,923,1016,2,False,False,False,False,False,0,False,False,False,False,78,,47.064,,7834,,10044,,47.064,,True,3.922,3.922,3.922,3.922,3.922,3.922,3.922,3.922,3.922,3.922,3.922,3.922,0,,False,False,True,,,,,,,,,,,,,,,False,False,18.996,,97.8,,75.7,,97.8,,1476,89,7,20,7,145004.2,19333.89,,Idle,,20,,10,,,20,Go Home,False,False,False,False,False,False,False,False,False,False,False,False,33.8027920380556,-117.4659261431046,2814.5,2972.0,1049.4,396.9,True,1,1,False,False,False,False,,True,False,False,Course Lock,196.8,67,16.4,93,E,SW,2.46,11.4,Calm,False,False,Android,7.0.2,M300 RTK,1ZN7L4R0H1D00F,1W9DL31001461C,1ZMLH8300204F0,1Z6PH74DAP0QN7,"Corona, CA",728.3,5.7,137.7,8.547347,2.013246,0,0,DJI Matrice 300 RTK,M300 RTK,1ZN7L4R0H1D00F,1W9DL31001461C,1ZMLH8300204F0,1Z6PH74DAP0QN7,DJI Pilot,Android,7.0.2,1EF72A62-B7C3-C88D-164E-CE6F8C8424AE,1ZN7L4R0H1D00F,1W9DL31001461C,,1ZMLH8300204F0,1W9DL31001461C,,,,,
2023-11-01,11:31:08.67 AM,6m 46.3s,406.3,33.7995208057487,-117.4743381912673,76.1,137.7,14.4,1340,3264.2,6.502534,6.94893,-4.921268,2.23694,-4.250186,1.342164,0,0.894776,-2.9,-1.7,3.3,-140.7,219.3,222.0,Tripod,Other,,21,5,True,,True,False,,Smart,RC,False,True,False,,,True,,False,False,False,False,False,False,False,False,False,False,0,Follow Yaw,-77.9,0,-149.1,210.9,False,False,False,False,False,,0,0,False,False,No Card,100,100,1024,1408,921,1020,2,False,False,False,False,False,0,False,False,False,False,78,,47.064,,7834,,10044,,47.064,,True,3.921,3.921,3.921,3.921,3.921,3.921,3.921,3.921,3.921,3.921,3.921,3.921,0,,False,False,True,,,,,,,,,,,,,,,False,False,18.996,,97.8,,75.7,,97.8,,1474,89,7,20,7,144499.4,19266.59,,Idle,,20,,10,,,20,Go Home,False,False,False,False,False,False,False,False,False,False,False,False,33.8027920380556,-117.4659261431046,2815.5,2972.0,1049.4,396.9,True,1,1,False,False,False,False,,True,False,False,Course Lock,196.8,67,16.4,93,E,SW,2.46,11.4,Calm,False,False,Android,7.0.2,M300 RTK,1ZN7L4R0H1D00F,1W9DL31001461C,1ZMLH8300204F0,1Z6PH74DAP0QN7,"Corona, CA",728.3,5.7,137.7,8.547347,2.013246,0,0,DJI Matrice 300 RTK,M300 RTK,1ZN7L4R0H1D00F,1W9DL31001461C,1ZMLH8300204F0,1Z6PH74DAP0QN7,DJI Pilot,Android,7.0.2,1EF72A62-B7C3-C88D-164E-CE6F8C8424AE,1ZN7L4R0H1D00F,1W9DL31001461C,,1ZMLH8300204F0,1W9DL31001461C,,,,,
2023-11-01,11:31:08.78 AM,6m 46.4s,406.4,33.7995187538918,-117.47434028964,76.1,137.7,14.4,1340,3265.2,6.502534,6.94893,-4.921268,2.23694,-4.250186,1.342164,0,0.894776,-2.6,-1.8,3.1,-140.8,219.2,220.3,Tripod,Other,,21,5,True,,True,False,,Smart,RC,False,True,False,,,True,,False,False,False,False,False,False,False,False,False,False,0,Follow Yaw,-77.9,0,-149.1,210.9,False,False,False,False,False,,0,0,False,False,No Card,100,100,1024,1409,918,1024,2,False,False,False,False,False,0,False,False,False,False,78,,47.064,,7834,,10044,,47.064,,True,3.921,3.921,3.921,3.921,3.921,3.921,3.921,3.921,3.921,3.921,3.921,3.921,0,,False,False,True,,,,,,,,,,,,,,,False,False,18.996,,97.8,,75.7,,97.8,,1474,89,7,20,7,144499.4,19266.59,,Idle,,20,,10,,,20,Go Home,False,False,False,False,False,False,False,False,False,False,False,False,33.8027920380556,-117.4659261431046,2816.4,2972.0,1049.4,396.9,True,1,1,False,False,False,False,,True,False,False,Course Lock,196.8,67,16.4,93,E,SW,2.46,11.4,Calm,False,False,Android,7.0.2,M300 RTK,1ZN7L4R0H1D00F,1W9DL31001461C,1ZMLH8300204F0,1Z6PH74DAP0QN7,"Corona, CA",728.3,5.7,137.7,8.547347,2.013246,0,0,DJI Matrice 300 RTK,M300 RTK,1ZN7L4R0H1D00F,1W9DL31001461C,1ZMLH8300204F0,1Z6PH74DAP0QN7,DJI Pilot,Android,7.0.2,1EF72A62-B7C3-C88D-164E-CE6F8C8424AE,1ZN7L4R0H1D00F,1W9DL31001461C,,1ZMLH8300204F0,1W9DL31001461C,,,,,
2023-11-01,11:31:08.87 AM,6m 46.5s,406.5,33.7995168157985,-117.4743422958979,76.1,137.7,14.4,1340,3266.2,6.502534,6.94893,-4.921268,2.23694,-4.250186,1.342164,0,0.894776,-2.6,-2,3.2,-140.9,219.1,220.7,Tripod,Other,,21,5,True,,True,False,,Smart,RC,False,True,False,,,True,,False,False,False,False,False,False,False,False,False,False,0,Follow Yaw,-77.9,0,-149.1,210.9,False,False,False,False,False,,0,0,False,False,No Card,100,100,1024,1408,916,1024,2,False,False,False,False,False,0,False,False,False,False,78,,47.064,,7834,,10044,,47.064,,True,3.921,3.921,3.921,3.921,3.921,3.921,3.921,3.921,3.921,3.921,3.921,3.921,0,,False,False,True,,,,,,,,,,,,,,,False,False,18.996,,97.8,,75.7,,97.8,,1474,89,7,20,7,144499.4,19266.59,,Idle,,20,,10,,,20,Go Home,False,False,False,False,False,False,False,False,False,False,False,False,33.8027920380556,-117.4659261431046,2817.2,2972.0,1049.4,396.9,True,1,1,False,False,False,False,,True,False,False,Course Lock,196.8,67,16.4,93,E,SW,2.46,11.4,Calm,False,False,Android,7.0.2,M300 RTK,1ZN7L4R0H1D00F,1W9DL31001461C,1ZMLH8300204F0,1Z6PH74DAP0QN7,"Corona, CA",728.3,5.7,137.7,8.547347,2.013246,0,0,DJI Matrice 300 RTK,M300 RTK,1ZN7L4R0H1D00F,1W9DL31001461C,1ZMLH8300204F0,1Z6PH74DAP0QN7,DJI Pilot,Android,7.0.2,1EF72A62-B7C3-C88D-164E-CE6F8C8424AE,1ZN7L4R0H1D00F,1W9DL31001461C,,1ZMLH8300204F0,1W9DL31001461C,,,,,
2023-11-01,11:31:08.94 AM,6m 46.6s,406.6,33.7995148670141,-117.4743442619535,76.1,137.7,14.4,1340,3267.1,6.502534,6.94893,-4.921268,2.23694,-4.250186,1.342164,0,0.894776,-2.8,-2.2,3.5,-141,219,219.9,Tripod,Other,,21,5,True,,True,False,,Smart,RC,False,True,False,,,True,,False,False,False,False,False,False,False,False,False,False,0,Follow Yaw,-77.9,0,-149.1,210.9,False,False,False,False,False,,0,0,False,False,No Card,100,100,1024,1407,918,1024,2,False,False,False,False,False,0,False,False,False,False,78,,47.064,,7834,,10044,,47.064,,True,3.921,3.921,3.921,3.921,3.921,3.921,3.921,3.921,3.921,3.921,3.921,3.921,0,,False,False,True,,,,,,,,,,,,,,,False,False,18.996,,97.8,,75.7,,97.8,,1474,89,7,20,7,144499.4,19266.59,,Idle,,20,,10,,,20,Go Home,False,False,False,False,False,False,False,False,False,False,False,False,33.8027920380556,-117.4659261431046,2818.1,2972.0,1049.4,396.9,True,1,1,False,False,False,False,,True,False,False,Course Lock,196.8,67,16.4,93,E,SW,2.46,11.4,Calm,False,False,Android,7.0.2,M300 RTK,1ZN7L4R0H1D00F,1W9DL31001461C,1ZMLH8300204F0,1Z6PH74DAP0QN7,"Corona, CA",728.3,5.7,137.7,8.547347,2.013246,0,0,DJI Matrice 300 RTK,M300 RTK,1ZN7L4R0H1D00F,1W9DL31001461C,1ZMLH8300204F0,1Z6PH74DAP0QN7,DJI Pilot,Android,7.0.2,1EF72A62-B7C3-C88D-164E-CE6F8C8424AE,1ZN7L4R0H1D00F,1W9DL31001461C,,1ZMLH8300204F0,1W9DL31001461C,,,,,
2023-11-01,11:31:09.04 AM,6m 46.7s,406.7,33.7995127194861,-117.4743462508729,76.1,137.7,14.4,1340,3268.1,6.502534,6.94893,-4.921268,2.23694,-4.250186,1.342164,0,0.894776,-3.2,-1.8,3.6,-141,219,217.5,Tripod,Other,,21,5,True,,True,False,,Smart,RC,False,True,False,,,True,,False,False,False,False,False,False,False,False,False,False,0,Follow Yaw,-77.9,0,-149.1,210.9,False,False,False,False,False,,0,0,False,False,No Card,100,100,1024,1407,918,1024,2,False,False,False,False,False,0,False,False,False,False,78,,47.064,,7834,,10044,,47.064,,True,3.921,3.921,3.921,3.921,3.921,3.921,3.921,3.921,3.921,3.921,3.921,3.921,0,,False,False,True,,,,,,,,,,,,,,,False,False,18.996,,97.8,,75.7,,97.8,,1474,89,7,20,7,144499.4,19266.59,,Idle,,20,,10,,,20,Go Home,False,False,False,False,False,False,False,False,False,False,False,False,33.8027920380556,-117.4659261431046,2818.9,2972.0,1049.4,396.9,True,1,1,False,False,False,False,,True,False,False,Course Lock,196.8,67,16.4,93,E,SW,2.46,11.4,Calm,False,False,Android,7.0.2,M300 RTK,1ZN7L4R0H1D00F,1W9DL31001461C,1ZMLH8300204F0,1Z6PH74DAP0QN7,"Corona, CA",728.3,5.7,137.7,8.547347,2.013246,0,0,DJI Matrice 300 RTK,M300 RTK,1ZN7L4R0H1D00F,1W9DL31001461C,1ZMLH8300204F0,1Z6PH74DAP0QN7,DJI Pilot,Android,7.0.2,1EF72A62-B7C3-C88D-164E-CE6F8C8424AE,1ZN7L4R0H1D00F,1W9DL31001461C,,1ZMLH8300204F0,1W9DL31001461C,,,,,
2023-11-01,11:31:09.14 AM,6m 46.8s,406.8,33.7995106341854,-117.4743482856434,76.1,137.7,14.4,1340,3269.1,6.502534,6.94893,-4.921268,2.23694,-4.250186,1.342164,0,0.894776,-3.5,-1.3,3.7,-141,219,219.0,Tripod,Other,,21,5,True,,True,False,,Smart,RC,False,True,False,,,True,,False,False,False,False,False,False,False,False,False,False,0,Follow Yaw,-77.9,0,-149.1,210.9,False,False,False,False,False,,0,0,False,False,No Card,100,100,1024,1409,918,1024,2,False,False,False,False,False,0,False,False,False,False,78,,47.064,,7834,,10044,,47.064,,True,3.921,3.921,3.921,3.921,3.921,3.921,3.921,3.921,3.921,3.921,3.921,3.921,0,,False,False,True,,,,,,,,,,,,,,,False,False,18.996,,97.8,,75.7,,97.8,,1474,89,7,20,7,144499.4,19266.59,,Idle,,20,,10,,,20,Go Home,False,False,False,False,False,False,False,False,False,False,False,False,33.8027920380556,-117.4659261431046,2819.8,2972.0,1049.4,396.9,True,1,1,False,False,False,False,,True,False,False,Course Lock,196.8,67,16.4,93,E,SW,2.46,11.4,Calm,False,False,Android,7.0.2,M300 RTK,1ZN7L4R0H1D00F,1W9DL31001461C,1ZMLH8300204F0,1Z6PH74DAP0QN7,"Corona, CA",728.3,5.7,137.7,8.547347,2.013246,0,0,DJI Matrice 300 RTK,M300 RTK,1ZN7L4R0H1D00F,1W9DL31001461C,1ZMLH8300204F0,1Z6PH74DAP0QN7,DJI Pilot,Android,7.0.2,1EF72A62-B7C3-C88D-164E-CE6F8C8424AE,1ZN7L4R0H1D00F,1W9DL31001461C,,1ZMLH8300204F0,1W9DL31001461C,,,,,
2023-11-01,11:31:09.24 AM,6m 46.9s,406.9,33.7995085151669,-117.4743505239406,76.1,137.7,14.4,1340,3270.1,6.673433,6.94893,-5.144962,2.23694,-4.250186,1.342164,0,0.894776,-3.7,-1,3.8,-141,219,221.2,Tripod,Other,,21,5,True,,True,False,,Smart,RC,False,True,False,,,True,,False,False,False,False,False,False,False,False,False,False,0,Follow Yaw,-77.9,0,-149.1,210.9,False,False,False,False,False,,0,0,False,False,No Card,100,100,1024,1410,917,1024,2,False,False,False,False,False,0,False,False,False,False,78,,47.064,,7834,,10044,,47.064,,True,3.921,3.921,3.921,3.921,3.921,3.921,3.921,3.921,3.921,3.921,3.921,3.921,0,,False,False,True,,,,,,,,,,,,,,,False,False,18.996,,97.8,,75.7,,97.8,,1474,89,7,20,7,144499.4,19266.59,,Idle,,20,,10,,,20,Go Home,False,False,False,False,False,False,False,False,False,False,False,False,33.8027920380556,-117.4659261431046,2820.8,2972.0,1049.4,396.9,True,1,1,False,False,False,False,,True,False,False,Course Lock,196.8,67,16.4,93,E,SW,2.46,11.4,Calm,False,False,Android,7.0.2,M300 RTK,1ZN7L4R0H1D00F,1W9DL31001461C,1ZMLH8300204F0,1Z6PH74DAP0QN7,"Corona, CA",728.3,5.7,137.7,8.547347,2.013246,0,0,DJI Matrice 300 RTK,M300 RTK,1ZN7L4R0H1D00F,1W9DL31001461C,1ZMLH8300204F0,1Z6PH74DAP0QN7,DJI Pilot,Android,7.0.2,1EF72A62-B7C3-C88D-164E-CE6F8C8424AE,1ZN7L4R0H1D00F,1W9DL31001461C,,1ZMLH8300204F0,1W9DL31001461C,,,,,
2023-11-01,11:31:09.34 AM,6m 47.0s,407.0,33.7995063986155,-117.4743525726789,75.7,137.7,14.4,1340,3271.1,6.673433,6.94893,-5.144962,2.23694,-4.250186,1.342164,0,0.894776,-3.6,-0.9,3.7,-141.1,218.9,218.8,Tripod,Other,,21,5,True,,True,False,,Smart,RC,False,True,False,,,True,,False,False,False,False,False,False,False,False,False,False,0,Follow Yaw,-77.9,0,-149.1,210.9,False,False,False,False,False,,0,0,False,False,No Card,100,100,1024,1411,916,1024,2,False,False,False,False,False,0,False,False,False,False,78,,47.004,,7834,,10044,,47.004,,True,3.921,3.921,3.921,3.921,3.921,3.921,3.921,3.921,3.921,3.921,3.921,3.921,0,,False,False,True,,,,,,,,,,,,,,,False,False,19.638,,97.8,,75.7,,97.8,,1474,89,7,20,7,144499.4,19266.59,,Idle,,20,,10,,,20,Go Home,False,False,False,False,False,False,False,False,False,False,False,False,33.8027920380556,-117.4659261431046,2821.7,2972.0,1049.4,396.9,True,1,1,False,False,False,False,,True,False,False,Course Lock,196.8,67,16.4,93,E,SW,2.46,11.4,Calm,False,False,Android,7.0.2,M300 RTK,1ZN7L4R0H1D00F,1W9DL31001461C,1ZMLH8300204F0,1Z6PH74DAP0QN7,"Corona, CA",728.3,5.7,137.7,8.547347,2.013246,0,0,DJI Matrice 300 RTK,M300 RTK,1ZN7L4R0H1D00F,1W9DL31001461C,1ZMLH8300204F0,1Z6PH74DAP0QN7,DJI Pilot,Android,7.0.2,1EF72A62-B7C3-C88D-164E-CE6F8C8424AE,1ZN7L4R0H1D00F,1W9DL31001461C,,1ZMLH8300204F0,1W9DL31001461C,,,,,
2023-11-01,11:31:09.44 AM,6m 47.1s,407.1,33.7995041444512,-117.4743546847822,75.7,137.7,14.4,1340,3272.1,6.533243,6.94893,-5.144962,2.23694,-4.026492,1.342164,0,0.894776,-3.3,-0.7,3.3,-141.1,218.9,217.9,Tripod,Other,,21,5,True,,True,False,,Smart,RC,False,True,False,,,True,,False,False,False,False,False,False,False,False,False,False,0,Follow Yaw,-77.9,0,-149.1,210.9,False,False,False,False,False,,0,0,False,False,No Card,100,100,1024,1413,909,1024,2,False,False,False,False,False,0,False,False,False,False,78,,47.004,,7834,,10044,,47.004,,True,3.921,3.921,3.921,3.921,3.921,3.921,3.921,3.921,3.921,3.921,3.921,3.921,0,,False,False,True,,,,,,,,,,,,,,,False,False,19.638,,97.8,,75.7,,97.8,,1474,89,7,20,7,144499.4,19266.59,,Idle,,20,,10,,,20,Go Home,False,False,False,False,False,False,False,False,False,False,False,False,33.8027920380556,-117.4659261431046,2822.6,2972.0,1049.4,396.9,True,1,1,False,False,False,False,,True,False,False,Course Lock,196.8,67,16.4,93,E,SW,2.46,11.4,Calm,False,False,Android,7.0.2,M300 RTK,1ZN7L4R0H1D00F,1W9DL31001461C,1ZMLH8300204F0,1Z6PH74DAP0QN7,"Corona, CA",728.3,5.7,137.7,8.547347,2.013246,0,0,DJI Matrice 300 RTK,M300 RTK,1ZN7L4R0H1D00F,1W9DL31001461C,1ZMLH8300204F0,1Z6PH74DAP0QN7,DJI Pilot,Android,7.0.2,1EF72A62-B7C3-C88D-164E-CE6F8C8424AE,1ZN7L4R0H1D00F,1W9DL31001461C,,1ZMLH8300204F0,1W9DL31001461C,,,,,
2023-11-01,11:31:09.54 AM,6m 47.2s,407.2,33.7995019848616,-117.4743567303867,75.7,137.7,14.4,1340,3273.1,6.533243,6.94893,-5.144962,2.23694,-4.026492,1.342164,0,0.894776,-3.3,-0.6,3.3,-141.1,218.9,218.2,Tripod,Other,,21,5,True,,True,False,,Smart,RC,False,True,False,,,True,,False,False,False,False,False,False,False,False,False,False,0,Follow Yaw,-77.9,0,-149.1,210.9,False,False,False,False,False,,0,0,False,False,No Card,100,100,1024,1411,910,1024,2,False,False,False,False,False,0,False,False,False,False,78,,47.004,,7834,,10044,,47.004,,True,3.921,3.921,3.921,3.921,3.921,3.921,3.921,3.921,3.921,3.921,3.921,3.921,0,,False,False,True,,,,,,,,,,,,,,,False,False,19.638,,97.8,,75.7,,97.8,,1474,89,7,20,7,144499.4,19266.59,,Idle,,20,,10,,,20,Go Home,False,False,False,False,False,False,False,False,False,False,False,False,33.8027920380556,-117.4659261431046,2823.5,2972.0,1049.4,396.9,True,1,1,False,False,False,False,,True,False,False,Course Lock,196.8,67,16.4,93,E,SW,2.46,11.4,Calm,False,False,Android,7.0.2,M300 RTK,1ZN7L4R0H1D00F,1W9DL31001461C,1ZMLH8300204F0,1Z6PH74DAP0QN7,"Corona, CA",728.3,5.7,137.7,8.547347,2.013246,0,0,DJI Matrice 300 RTK,M300 RTK,1ZN7L4R0H1D00F,1W9DL31001461C,1ZMLH8300204F0,1Z6PH74DAP0QN7,DJI Pilot,Android,7.0.2,1EF72A62-B7C3-C88D-164E-CE6F8C8424AE,1ZN7L4R0H1D00F,1W9DL31001461C,,1ZMLH8300204F0,1W9DL31001461C,,,,,
2023-11-01,11:31:09.64 AM,6m 47.3s,407.3,33.799500317882,-117.474358270288,75.7,137.7,14.4,1340,3273.9,6.533243,6.94893,-5.144962,2.23694,-4.026492,1.342164,0,0.894776,-3.6,-0.6,3.6,-141.1,218.9,217.5,Tripod,Other,,21,5,True,,True,False,,Smart,RC,False,True,False,,,True,,False,False,False,False,False,False,False,False,False,False,0,Follow Yaw,-77.9,0,-149.1,210.9,False,False,False,False,False,,0,0,False,False,No Card,100,100,1024,1409,915,1024,2,False,False,False,False,False,0,False,False,False,False,78,,47.004,,7834,,10044,,47.004,,True,3.918,3.918,3.918,3.918,3.918,3.918,3.918,3.918,3.918,3.918,3.918,3.918,0,,False,False,True,,,,,,,,,,,,,,,False,False,19.638,,97.8,,75.7,,97.8,,1473,89,7,20,7,144065.7,19208.76,,Idle,,20,,10,,,20,Go Home,False,False,False,False,False,False,False,False,False,False,False,False,33.8027920380556,-117.4659261431046,2824.2,2972.0,1049.4,396.9,True,1,1,False,False,False,False,,True,False,False,Course Lock,196.8,67,16.4,93,E,SW,2.46,11.4,Calm,False,False,Android,7.0.2,M300 RTK,1ZN7L4R0H1D00F,1W9DL31001461C,1ZMLH8300204F0,1Z6PH74DAP0QN7,"Corona, CA",728.3,5.7,137.7,8.547347,2.013246,0,0,DJI Matrice 300 RTK,M300 RTK,1ZN7L4R0H1D00F,1W9DL31001461C,1ZMLH8300204F0,1Z6PH74DAP0QN7,DJI Pilot,Android,7.0.2,1EF72A62-B7C3-C88D-164E-CE6F8C8424AE,1ZN7L4R0H1D00F,1W9DL31001461C,,1ZMLH8300204F0,1W9DL31001461C,,,,,
2023-11-01,11:31:09.74 AM,6m 47.4s,407.4,33.799498178852,-117.474360281061,75.7,137.7,14.7,1340,3274.9,6.533243,6.94893,-5.144962,2.23694,-4.026492,1.342164,0,0.894776,-3.6,-0.4,3.6,-141.1,218.9,217.9,Tripod,Other,,21,5,True,,True,False,,Smart,RC,False,True,False,,,True,,False,False,False,False,False,False,False,False,False,False,0,Follow Yaw,-77.9,0,-149.1,210.9,False,False,False,False,False,,0,0,False,False,No Card,100,100,1024,1409,916,1024,2,False,False,False,False,False,0,False,False,False,False,78,,47.004,,7834,,10044,,47.004,,True,3.918,3.918,3.918,3.918,3.918,3.918,3.918,3.918,3.918,3.918,3.918,3.918,0,,False,False,True,,,,,,,,,,,,,,,False,False,19.638,,97.8,,75.7,,97.8,,1473,89,7,20,7,144065.7,19208.76,,Idle,,20,,10,,,20,Go Home,False,False,False,False,False,False,False,False,False,False,False,False,33.8027920380556,-117.4659261431046,2825.1,2972.0,1049.4,396.9,True,1,1,False,False,False,False,,True,False,False,Course Lock,196.8,67,16.4,93,E,SW,2.46,11.4,Calm,False,False,Android,7.0.2,M300 RTK,1ZN7L4R0H1D00F,1W9DL31001461C,1ZMLH8300204F0,1Z6PH74DAP0QN7,"Corona, CA",728.3,5.7,137.7,8.547347,2.013246,0,0,DJI Matrice 300 RTK,M300 RTK,1ZN7L4R0H1D00F,1W9DL31001461C,1ZMLH8300204F0,1Z6PH74DAP0QN7,DJI Pilot,Android,7.0.2,1EF72A62-B7C3-C88D-164E-CE6F8C8424AE,1ZN7L4R0H1D00F,1W9DL31001461C,,1ZMLH8300204F0,1W9DL31001461C,,,,,
2023-11-01,11:31:09.81 AM,6m 47.5s,407.5,33.7994955247333,-117.4743627289975,75.7,137.7,14.7,1340,3276.1,6.673433,6.94893,-5.144962,2.23694,-4.250186,1.342164,0,0.894776,-3.5,-0.3,3.5,-141.2,218.8,217.4,Tripod,Other,,21,5,True,,True,False,,Smart,RC,False,True,False,,,True,,False,False,False,False,False,False,False,False,False,False,0,Follow Yaw,-77.9,0,-149.1,210.9,False,False,False,False,False,,0,0,False,False,No Card,100,100,1024,1411,914,1024,2,False,False,False,False,False,0,False,False,False,False,78,,47.004,,7834,,10044,,47.004,,True,3.918,3.918,3.918,3.918,3.918,3.918,3.918,3.918,3.918,3.918,3.918,3.918,0,,False,False,True,,,,,,,,,,,,,,,False,False,19.638,,97.8,,75.7,,97.8,,1473,89,7,20,7,144065.7,19208.76,,Idle,,20,,10,,,20,Go Home,False,False,False,False,False,False,False,False,False,False,False,False,33.8027920380556,-117.4659261431046,2826.1,2972.0,1049.4,396.9,True,1,1,False,False,False,False,,True,False,False,Course Lock,196.8,67,16.4,93,E,SW,2.46,11.4,Calm,False,False,Android,7.0.2,M300 RTK,1ZN7L4R0H1D00F,1W9DL31001461C,1ZMLH8300204F0,1Z6PH74DAP0QN7,"Corona, CA",728.3,5.7,137.7,8.547347,2.013246,0,0,DJI Matrice 300 RTK,M300 RTK,1ZN7L4R0H1D00F,1W9DL31001461C,1ZMLH8300204F0,1Z6PH74DAP0QN7,DJI Pilot,Android,7.0.2,1EF72A62-B7C3-C88D-164E-CE6F8C8424AE,1ZN7L4R0H1D00F,1W9DL31001461C,,1ZMLH8300204F0,1W9DL31001461C,,,,,
2023-11-01,11:31:09.94 AM,6m 47.6s,407.6,33.799493314978,-117.4743647979297,75.7,137.7,14.7,1340,3277.1,6.847375,6.94893,-5.368656,2.23694,-4.250186,1.342164,0,0.894776,-3.4,-0.5,3.4,-141.3,218.7,217.8,Tripod,Other,,21,5,True,,True,False,,Smart,RC,False,True,False,,,True,,False,False,False,False,False,False,False,False,False,False,0,Follow Yaw,-77.9,0,-149.1,210.9,False,False,False,False,False,,0,0,False,False,No Card,100,100,1024,1411,912,1024,2,False,False,False,False,False,0,False,False,False,False,78,,47.004,,7834,,10044,,47.004,,True,3.918,3.918,3.918,3.918,3.918,3.918,3.918,3.918,3.918,3.918,3.918,3.918,0,,False,False,True,,,,,,,,,,,,,,,False,False,19.638,,97.8,,75.7,,97.8,,1473,89,7,20,7,144065.7,19208.76,,Idle,,20,,10,,,20,Go Home,False,False,False,False,False,False,False,False,False,False,False,False,33.8027920380556,-117.4659261431046,2827.0,2972.0,1049.4,396.9,True,1,1,False,False,False,False,,True,False,False,Course Lock,196.8,67,16.4,93,E,SW,2.46,11.4,Calm,False,False,Android,7.0.2,M300 RTK,1ZN7L4R0H1D00F,1W9DL31001461C,1ZMLH8300204F0,1Z6PH74DAP0QN7,"Corona, CA",728.3,5.7,137.7,8.547347,2.013246,0,0,DJI Matrice 300 RTK,M300 RTK,1ZN7L4R0H1D00F,1W9DL31001461C,1ZMLH8300204F0,1Z6PH74DAP0QN7,DJI Pilot,Android,7.0.2,1EF72A62-B7C3-C88D-164E-CE6F8C8424AE,1ZN7L4R0H1D00F,1W9DL31001461C,,1ZMLH8300204F0,1W9DL31001461C,,,,,
2023-11-01,11:31:10.01 AM,6m 47.7s,407.7,33.7994911279753,-117.4743667726856,75.7,137.7,14.7,1340,3278.1,6.847375,6.94893,-5.368656,2.23694,-4.250186,1.342164,0,0.894776,-3.3,-0.3,3.3,-141.4,218.6,216.8,Tripod,Other,,21,5,True,,True,False,,Smart,RC,False,True,False,,,True,,False,False,False,False,False,False,False,False,False,False,0,Follow Yaw,-77.9,0,-149.1,210.9,False,False,False,False,False,,0,0,False,False,No Card,100,100,1024,1409,913,1024,2,False,False,False,False,False,0,False,False,False,False,78,,46.944,,3889,,4986,,46.944,,True,3.918,3.918,3.918,3.918,3.918,3.918,3.918,3.918,3.918,3.918,3.918,3.918,0,,False,False,True,,,,,,,,,,,,,,,False,False,9.644,,97.8,,75.7,,97.8,,1473,89,7,20,7,144065.7,19208.76,,Idle,,20,,10,,,20,Go Home,False,False,False,False,False,False,False,False,False,False,False,False,33.8027920380556,-117.4659261431046,2827.9,2972.0,1049.4,396.9,True,1,1,False,False,False,False,,True,False,False,Course Lock,196.8,67,16.4,93,E,SW,2.46,11.4,Calm,False,False,Android,7.0.2,M300 RTK,1ZN7L4R0H1D00F,1W9DL31001461C,1ZMLH8300204F0,1Z6PH74DAP0QN7,"Corona, CA",728.3,5.7,137.7,8.547347,2.013246,0,0,DJI Matrice 300 RTK,M300 RTK,1ZN7L4R0H1D00F,1W9DL31001461C,1ZMLH8300204F0,1Z6PH74DAP0QN7,DJI Pilot,Android,7.0.2,1EF72A62-B7C3-C88D-164E-CE6F8C8424AE,1ZN7L4R0H1D00F,1W9DL31001461C,,1ZMLH8300204F0,1W9DL31001461C,,,,,
2023-11-01,11:31:10.14 AM,6m 47.8s,407.8,33.7994889039653,-117.4743688534826,75.7,137.7,14.4,1340,3279.1,6.847375,6.94893,-5.368656,2.23694,-4.250186,1.342164,0,0.894776,-3.2,-0.6,3.2,-141.6,218.4,217.8,Tripod,Other,,21,5,True,,True,False,,Smart,RC,False,True,False,,,True,,False,False,False,False,False,False,False,False,False,False,0,Follow Yaw,-77.9,0,-149.1,210.9,False,False,False,False,False,,0,0,False,False,No Card,100,100,1024,1408,911,1024,2,False,False,False,False,False,0,False,False,False,False,78,,46.944,,3889,,4986,,46.944,,True,3.918,3.918,3.918,3.918,3.918,3.918,3.918,3.918,3.918,3.918,3.918,3.918,0,,False,False,True,,,,,,,,,,,,,,,False,False,9.644,,97.8,,75.7,,97.8,,1473,89,7,20,7,144065.7,19208.76,,Idle,,20,,10,,,20,Go Home,False,False,False,False,False,False,False,False,False,False,False,False,33.8027920380556,-117.4659261431046,2828.8,2972.0,1049.4,396.9,True,1,1,False,False,False,False,,True,False,False,Course Lock,196.8,67,16.4,93,E,SW,2.46,11.4,Calm,False,False,Android,7.0.2,M300 RTK,1ZN7L4R0H1D00F,1W9DL31001461C,1ZMLH8300204F0,1Z6PH74DAP0QN7,"Corona, CA",728.3,5.7,137.7,8.547347,2.013246,0,0,DJI Matrice 300 RTK,M300 RTK,1ZN7L4R0H1D00F,1W9DL31001461C,1ZMLH8300204F0,1Z6PH74DAP0QN7,DJI Pilot,Android,7.0.2,1EF72A62-B7C3-C88D-164E-CE6F8C8424AE,1ZN7L4R0H1D00F,1W9DL31001461C,,1ZMLH8300204F0,1W9DL31001461C,,,,,
2023-11-01,11:31:10.24 AM,6m 47.9s,407.9,33.7994866689901,-117.4743710627619,75.7,137.7,14.7,1340,3280.2,6.847375,6.94893,-5.368656,2.23694,-4.250186,1.342164,0,0.894776,-3.1,-0.9,3.2,-141.6,218.4,219.4,Tripod,Other,,21,5,True,,True,False,,Smart,RC,False,True,False,,,True,,False,False,False,False,False,False,False,False,False,False,0,Follow Yaw,-77.9,0,-149.1,210.9,False,False,False,False,False,,0,0,False,False,No Card,100,100,1024,1408,911,1024,2,False,False,False,False,False,0,False,False,False,False,78,,46.944,,3889,,4986,,46.944,,True,3.918,3.918,3.918,3.918,3.918,3.918,3.918,3.918,3.918,3.918,3.918,3.918,0,,False,False,True,,,,,,,,,,,,,,,False,False,9.644,,97.8,,75.7,,97.8,,1473,89,7,20,7,144065.7,19208.76,,Idle,,20,,10,,,20,Go Home,False,False,False,False,False,False,False,False,False,False,False,False,33.8027920380556,-117.4659261431046,2829.8,2972.0,1049.4,396.9,True,1,1,False,False,False,False,,True,False,False,Course Lock,196.8,67,16.4,93,E,SW,2.46,11.4,Calm,False,False,Android,7.0.2,M300 RTK,1ZN7L4R0H1D00F,1W9DL31001461C,1ZMLH8300204F0,1Z6PH74DAP0QN7,"Corona, CA",728.3,5.7,137.7,8.547347,2.013246,0,0,DJI Matrice 300 RTK,M300 RTK,1ZN7L4R0H1D00F,1W9DL31001461C,1ZMLH8300204F0,1Z6PH74DAP0QN7,DJI Pilot,Android,7.0.2,1EF72A62-B7C3-C88D-164E-CE6F8C8424AE,1ZN7L4R0H1D00F,1W9DL31001461C,,1ZMLH8300204F0,1W9DL31001461C,,,,,
2023-11-01,11:31:10.34 AM,6m 48.0s,408.0,33.7994845409253,-117.474373054846,75.7,137.7,14.7,1340,3281.2,6.847375,6.94893,-5.368656,2.23694,-4.250186,1.342164,0,0.894776,-3.1,-0.6,3.1,-141.4,218.6,217.8,Tripod,Other,,21,5,True,,True,False,,Smart,RC,False,True,False,,,True,,False,False,False,False,False,False,False,False,False,False,0,Follow Yaw,-77.9,0,-149.1,210.9,False,False,False,False,False,,0,0,False,False,No Card,100,100,1024,1407,910,1024,2,False,False,False,False,False,0,False,False,False,False,78,,46.98,,7834,,10044,,46.98,,True,3.918,3.918,3.918,3.918,3.918,3.918,3.918,3.918,3.918,3.918,3.918,3.918,0,,False,False,True,,,,,,,,,,,,,,,False,False,19.252,,97.8,,75.7,,97.8,,1473,89,7,20,7,144065.7,19208.76,,Idle,,20,,10,,,20,Go Home,False,False,False,False,False,False,False,False,False,False,False,False,33.8027920380556,-117.4659261431046,2830.7,2972.0,1049.4,396.9,True,1,1,False,False,False,False,,True,False,False,Course Lock,196.8,67,16.4,93,E,SW,2.46,11.4,Calm,False,False,Android,7.0.2,M300 RTK,1ZN7L4R0H1D00F,1W9DL31001461C,1ZMLH8300204F0,1Z6PH74DAP0QN7,"Corona, CA",728.3,5.7,137.7,8.547347,2.013246,0,0,DJI Matrice 300 RTK,M300 RTK,1ZN7L4R0H1D00F,1W9DL31001461C,1ZMLH8300204F0,1Z6PH74DAP0QN7,DJI Pilot,Android,7.0.2,1EF72A62-B7C3-C88D-164E-CE6F8C8424AE,1ZN7L4R0H1D00F,1W9DL31001461C,,1ZMLH8300204F0,1W9DL31001461C,,,,,
2023-11-01,11:31:10.42 AM,6m 48.1s,408.1,33.799482004408,-117.4743755033906,75.7,137.7,14.7,1340,3282.4,6.847375,6.94893,-5.368656,2.23694,-4.250186,1.342164,0,0.894776,-3.3,-0.1,3.3,-141.2,218.8,218.7,Tripod,Other,,21,5,True,,True,False,,Smart,RC,False,True,False,,,True,,False,False,False,False,False,False,False,False,False,False,0,Follow Yaw,-77.9,0,-149.1,210.9,False,False,False,False,False,,0,0,False,False,No Card,100,100,1024,1408,911,1024,2,False,False,False,False,False,0,False,False,False,False,78,,46.98,,7834,,10044,,46.98,,True,3.918,3.918,3.918,3.918,3.918,3.918,3.918,3.918,3.918,3.918,3.918,3.918,0,,False,False,True,,,,,,,,,,,,,,,False,False,19.252,,97.8,,75.7,,97.8,,1473,89,7,20,7,144065.7,19208.76,,Idle,,20,,10,,,20,Go Home,False,False,False,False,False,False,False,False,False,False,False,False,33.8027920380556,-117.4659261431046,2831.7,2972.0,1049.4,396.9,True,1,1,False,False,False,False,,True,False,False,Course Lock,196.8,67,16.4,93,E,SW,2.46,11.4,Calm,False,False,Android,7.0.2,M300 RTK,1ZN7L4R0H1D00F,1W9DL31001461C,1ZMLH8300204F0,1Z6PH74DAP0QN7,"Corona, CA",728.3,5.7,137.7,8.547347,2.013246,0,0,DJI Matrice 300 RTK,M300 RTK,1ZN7L4R0H1D00F,1W9DL31001461C,1ZMLH8300204F0,1Z6PH74DAP0QN7,DJI Pilot,Android,7.0.2,1EF72A62-B7C3-C88D-164E-CE6F8C8424AE,1ZN7L4R0H1D00F,1W9DL31001461C,,1ZMLH8300204F0,1W9DL31001461C,,,,,
2023-11-01,11:31:10.54 AM,6m 48.2s,408.2,33.7994798459148,-117.474377540594,75.7,137.7,14.7,1340,3283.4,6.847375,6.94893,-5.368656,2.23694,-4.250186,1.342164,0,0.894776,-3.1,0,3.1,-141.1,218.9,218.1,Tripod,Other,,22,5,True,,True,False,,Smart,RC,False,True,False,,,True,,False,False,False,False,False,False,False,False,False,False,0,Follow Yaw,-77.9,0,-149.1,210.9,False,False,False,False,False,,0,0,False,False,No Card,100,100,1024,1407,911,1024,2,False,False,False,False,False,0,False,False,False,False,78,,46.98,,7834,,10044,,46.98,,True,3.918,3.918,3.918,3.918,3.918,3.918,3.918,3.918,3.918,3.918,3.918,3.918,0,,False,False,True,,,,,,,,,,,,,,,False,False,19.252,,97.8,,75.7,,97.8,,1473,89,7,20,7,144065.7,19208.76,,Idle,,20,,10,,,20,Go Home,False,False,False,False,False,False,False,False,False,False,False,False,33.8027920380556,-117.4659261431046,2832.6,2972.0,1049.4,396.9,True,1,1,False,False,False,False,,True,False,False,Course Lock,196.8,67,16.4,93,E,SW,2.46,11.4,Calm,False,False,Android,7.0.2,M300 RTK,1ZN7L4R0H1D00F,1W9DL31001461C,1ZMLH8300204F0,1Z6PH74DAP0QN7,"Corona, CA",728.3,5.7,137.7,8.547347,2.013246,0,0,DJI Matrice 300 RTK,M300 RTK,1ZN7L4R0H1D00F,1W9DL31001461C,1ZMLH8300204F0,1Z6PH74DAP0QN7,DJI Pilot,Android,7.0.2,1EF72A62-B7C3-C88D-164E-CE6F8C8424AE,1ZN7L4R0H1D00F,1W9DL31001461C,,1ZMLH8300204F0,1W9DL31001461C,,,,,
2023-11-01,11:31:10.64 AM,6m 48.3s,408.3,33.7994776920818,-117.4743793369858,75.7,137.7,14.7,1340,3284.3,6.988423,6.988423,-5.368656,2.23694,-4.47388,1.342164,0,0.894776,-2.8,-0.3,2.8,-141.2,218.8,214.7,Tripod,Other,,22,5,True,,True,False,,Smart,RC,False,True,False,,,True,,False,False,False,False,False,False,False,False,False,False,0,Follow Yaw,-77.9,0,-149.1,210.9,False,False,False,False,False,,0,0,False,False,No Card,100,100,1024,1407,911,1024,2,False,False,False,False,False,0,False,False,False,False,78,,46.98,,7834,,10044,,46.98,,True,3.914,3.914,3.914,3.914,3.914,3.914,3.914,3.914,3.914,3.914,3.914,3.914,0,,False,False,True,,,,,,,,,,,,,,,False,False,19.252,,97.8,,75.7,,97.8,,1472,89,7,20,7,143891.3,19185.50,,Idle,,20,,10,,,20,Go Home,False,False,False,False,False,False,False,False,False,False,False,False,33.8027920380556,-117.4659261431046,2833.5,2972.0,1049.4,396.9,True,1,1,False,False,False,False,,True,False,False,Course Lock,196.8,67,16.4,93,E,SW,2.46,11.4,Calm,False,False,Android,7.0.2,M300 RTK,1ZN7L4R0H1D00F,1W9DL31001461C,1ZMLH8300204F0,1Z6PH74DAP0QN7,"Corona, CA",728.3,5.7,137.7,8.547347,2.013246,0,0,DJI Matrice 300 RTK,M300 RTK,1ZN7L4R0H1D00F,1W9DL31001461C,1ZMLH8300204F0,1Z6PH74DAP0QN7,DJI Pilot,Android,7.0.2,1EF72A62-B7C3-C88D-164E-CE6F8C8424AE,1ZN7L4R0H1D00F,1W9DL31001461C,,1ZMLH8300204F0,1W9DL31001461C,,,,,
2023-11-01,11:31:10.74 AM,6m 48.4s,408.4,33.7994754222922,-117.4743814810345,75.7,137.7,14.7,1340,3285.4,6.988423,6.988423,-5.368656,2.23694,-4.47388,1.342164,0,0.894776,-2.6,-0.5,2.6,-141.1,218.9,218.1,Tripod,Other,,22,5,True,,True,False,,Smart,RC,False,True,False,,,True,,False,False,False,False,False,False,False,False,False,False,0,Follow Yaw,-77.9,0,-149.1,210.9,False,False,False,False,False,,0,0,False,False,No Card,100,100,1024,1408,910,1024,2,False,False,False,False,False,0,False,False,False,False,78,,46.98,,7834,,10044,,46.98,,True,3.914,3.914,3.914,3.914,3.914,3.914,3.914,3.914,3.914,3.914,3.914,3.914,0,,False,False,True,,,,,,,,,,,,,,,False,False,19.252,,97.8,,75.7,,97.8,,1472,89,7,20,7,143891.3,19185.50,,Idle,,20,,10,,,20,Go Home,False,False,False,False,False,False,False,False,False,False,False,False,33.8027920380556,-117.4659261431046,2834.4,2972.0,1049.4,396.9,True,1,1,False,False,False,False,,True,False,False,Course Lock,196.8,67,16.4,93,E,SW,2.46,11.4,Calm,False,False,Android,7.0.2,M300 RTK,1ZN7L4R0H1D00F,1W9DL31001461C,1ZMLH8300204F0,1Z6PH74DAP0QN7,"Corona, CA",728.3,5.7,137.7,8.547347,2.013246,0,0,DJI Matrice 300 RTK,M300 RTK,1ZN7L4R0H1D00F,1W9DL31001461C,1ZMLH8300204F0,1Z6PH74DAP0QN7,DJI Pilot,Android,7.0.2,1EF72A62-B7C3-C88D-164E-CE6F8C8424AE,1ZN7L4R0H1D00F,1W9DL31001461C,,1ZMLH8300204F0,1W9DL31001461C,,,,,
2023-11-01,11:31:10.84 AM,6m 48.5s,408.5,33.7994731398926,-117.4743837019209,75.7,137.7,14.7,1340,3286.4,6.988423,6.988423,-5.368656,2.23694,-4.47388,1.342164,0,0.894776,-2.4,-0.7,2.5,-141.1,218.9,218.9,Tripod,Other,,22,5,True,,True,False,,Smart,RC,False,True,False,,,True,,False,False,False,False,False,False,False,False,False,False,0,Follow Yaw,-77.9,0,-149.1,210.9,False,False,False,False,False,,0,0,False,False,No Card,100,100,1024,1406,910,1024,2,False,False,False,False,False,0,False,False,False,False,78,,46.98,,7834,,10044,,46.98,,True,3.914,3.914,3.914,3.914,3.914,3.914,3.914,3.914,3.914,3.914,3.914,3.914,0,,False,False,True,,,,,,,,,,,,,,,False,False,19.252,,97.8,,75.7,,97.8,,1472,89,7,20,7,143891.3,19185.50,,Idle,,20,,10,,,20,Go Home,False,False,False,False,False,False,False,False,False,False,False,False,33.8027920380556,-117.4659261431046,2835.4,2972.0,1049.4,396.9,True,1,1,False,False,False,False,,True,False,False,Course Lock,196.8,67,16.4,93,E,SW,2.46,11.4,Calm,False,False,Android,7.0.2,M300 RTK,1ZN7L4R0H1D00F,1W9DL31001461C,1ZMLH8300204F0,1Z6PH74DAP0QN7,"Corona, CA",728.3,5.7,137.7,8.547347,2.013246,0,0,DJI Matrice 300 RTK,M300 RTK,1ZN7L4R0H1D00F,1W9DL31001461C,1ZMLH8300204F0,1Z6PH74DAP0QN7,DJI Pilot,Android,7.0.2,1EF72A62-B7C3-C88D-164E-CE6F8C8424AE,1ZN7L4R0H1D00F,1W9DL31001461C,,1ZMLH8300204F0,1W9DL31001461C,,,,,
2023-11-01,11:31:10.94 AM,6m 48.6s,408.6,33.7994708583155,-117.4743858559788,75.7,137.7,14.7,1340,3287.5,6.988423,6.988423,-5.368656,2.23694,-4.47388,1.342164,0,0.894776,-2.4,-0.6,2.4,-141,219,218.1,Tripod,Other,,22,5,True,,True,False,,Smart,RC,False,True,False,,,True,,False,False,False,False,False,False,False,False,False,False,0,Follow Yaw,-77.9,0,-149.1,210.9,False,False,False,False,False,,0,0,False,False,No Card,100,100,1024,1398,918,1024,2,False,False,False,False,False,0,False,False,False,False,78,,46.98,,7834,,10044,,46.98,,True,3.914,3.914,3.914,3.914,3.914,3.914,3.914,3.914,3.914,3.914,3.914,3.914,0,,False,False,True,,,,,,,,,,,,,,,False,False,19.252,,97.8,,75.7,,97.8,,1472,89,7,20,7,143891.3,19185.50,,Idle,,20,,10,,,20,Go Home,False,False,False,False,False,False,False,False,False,False,False,False,33.8027920380556,-117.4659261431046,2836.3,2972.0,1049.4,396.9,True,1,1,False,False,False,False,,True,False,False,Course Lock,196.8,67,16.4,93,E,SW,2.46,11.4,Calm,False,False,Android,7.0.2,M300 RTK,1ZN7L4R0H1D00F,1W9DL31001461C,1ZMLH8300204F0,1Z6PH74DAP0QN7,"Corona, CA",728.3,5.7,137.7,8.547347,2.013246,0,0,DJI Matrice 300 RTK,M300 RTK,1ZN7L4R0H1D00F,1W9DL31001461C,1ZMLH8300204F0,1Z6PH74DAP0QN7,DJI Pilot,Android,7.0.2,1EF72A62-B7C3-C88D-164E-CE6F8C8424AE,1ZN7L4R0H1D00F,1W9DL31001461C,,1ZMLH8300204F0,1W9DL31001461C,,,,,
2023-11-01,11:31:11.04 AM,6m 48.7s,408.7,33.7994686872124,-117.4743880411059,75.7,137.7,14.7,1340,3288.5,6.988423,6.988423,-5.368656,2.23694,-4.47388,1.342164,0,0.894776,-2.5,-0.5,2.5,-140.9,219.1,219.9,Tripod,Other,,22,5,True,,True,False,,Smart,RC,False,True,False,,,True,,False,False,False,False,False,False,False,False,False,False,0,Follow Yaw,-77.9,0,-149.1,210.9,False,False,False,False,False,,0,0,False,False,No Card,100,100,1024,1395,924,1024,2,False,False,False,False,False,0,False,False,False,False,78,,46.98,,7834,,10044,,46.98,,True,3.914,3.914,3.914,3.914,3.914,3.914,3.914,3.914,3.914,3.914,3.914,3.914,0,,False,False,True,,,,,,,,,,,,,,,False,False,19.252,,97.8,,75.7,,97.8,,1472,89,7,20,7,143891.3,19185.50,,Idle,,20,,10,,,20,Go Home,False,False,False,False,False,False,False,False,False,False,False,False,33.8027920380556,-117.4659261431046,2837.3,2972.0,1049.4,396.9,True,1,1,False,False,False,False,,True,False,False,Course Lock,196.8,67,16.4,93,E,SW,2.46,11.4,Calm,False,False,Android,7.0.2,M300 RTK,1ZN7L4R0H1D00F,1W9DL31001461C,1ZMLH8300204F0,1Z6PH74DAP0QN7,"Corona, CA",728.3,5.7,137.7,8.547347,2.013246,0,0,DJI Matrice 300 RTK,M300 RTK,1ZN7L4R0H1D00F,1W9DL31001461C,1ZMLH8300204F0,1Z6PH74DAP0QN7,DJI Pilot,Android,7.0.2,1EF72A62-B7C3-C88D-164E-CE6F8C8424AE,1ZN7L4R0H1D00F,1W9DL31001461C,,1ZMLH8300204F0,1W9DL31001461C,,,,,
2023-11-01,11:31:11.15 AM,6m 48.8s,408.8,33.7994665300898,-117.4743900881537,75.7,137.7,14.7,1340,3289.5,7.161702,7.161702,-5.59235,2.23694,-4.47388,1.342164,0,0.894776,-2.3,-0.5,2.3,-140.9,219.1,218.2,Tripod,Other,,22,5,True,,True,False,,Smart,RC,False,True,False,,,True,,False,False,False,False,False,False,False,False,False,False,0,Follow Yaw,-77.9,0,-149.1,210.9,False,False,False,False,False,,0,0,False,False,No Card,100,100,1024,1395,927,1024,2,False,False,False,False,False,0,False,False,False,False,78,,46.98,,7834,,10044,,46.98,,True,3.914,3.914,3.914,3.914,3.914,3.914,3.914,3.914,3.914,3.914,3.914,3.914,0,,False,False,True,,,,,,,,,,,,,,,False,False,19.252,,97.8,,75.7,,97.8,,1472,89,7,20,7,143891.3,19185.50,,Idle,,20,,10,,,20,Go Home,False,False,False,False,False,False,False,False,False,False,False,False,33.8027920380556,-117.4659261431046,2838.1,2972.0,1049.4,396.9,True,1,1,False,False,False,False,,True,False,False,Course Lock,196.8,67,16.4,93,E,SW,2.46,11.4,Calm,False,False,Android,7.0.2,M300 RTK,1ZN7L4R0H1D00F,1W9DL31001461C,1ZMLH8300204F0,1Z6PH74DAP0QN7,"Corona, CA",728.3,5.7,137.7,8.547347,2.013246,0,0,DJI Matrice 300 RTK,M300 RTK,1ZN7L4R0H1D00F,1W9DL31001461C,1ZMLH8300204F0,1Z6PH74DAP0QN7,DJI Pilot,Android,7.0.2,1EF72A62-B7C3-C88D-164E-CE6F8C8424AE,1ZN7L4R0H1D00F,1W9DL31001461C,,1ZMLH8300204F0,1W9DL31001461C,,,,,
2023-11-01,11:31:11.25 AM,6m 48.9s,408.9,33.7994640925332,-117.4743925940742,75.4,137.7,15.0,1339,3290.7,7.161702,7.161702,-5.59235,2.23694,-4.47388,1.342164,0,0.894776,-2.3,-0.6,2.3,-140.8,219.2,220.5,Tripod,Other,,22,5,True,,True,False,,Smart,RC,False,True,False,,,True,,False,False,False,False,False,False,False,False,False,False,0,Follow Yaw,-77.9,0,-149.1,210.9,False,False,False,False,False,,0,0,False,False,No Card,100,100,1024,1400,947,1024,2,False,False,False,False,False,0,False,False,False,False,78,,46.98,,7834,,10044,,46.98,,True,3.914,3.914,3.914,3.914,3.914,3.914,3.914,3.914,3.914,3.914,3.914,3.914,0,,False,False,True,,,,,,,,,,,,,,,False,False,19.252,,97.8,,75.7,,97.8,,1472,89,7,20,7,143891.3,19185.50,,Idle,,20,,10,,,20,Go Home,False,False,False,False,False,False,False,False,False,False,False,False,33.8027920380556,-117.4659261431046,2839.2,2972.0,1049.4,396.9,True,1,1,False,False,False,False,,True,False,False,Course Lock,196.8,67,16.4,93,E,SW,2.46,11.4,Calm,False,False,Android,7.0.2,M300 RTK,1ZN7L4R0H1D00F,1W9DL31001461C,1ZMLH8300204F0,1Z6PH74DAP0QN7,"Corona, CA",728.3,5.7,137.7,8.547347,2.013246,0,0,DJI Matrice 300 RTK,M300 RTK,1ZN7L4R0H1D00F,1W9DL31001461C,1ZMLH8300204F0,1Z6PH74DAP0QN7,DJI Pilot,Android,7.0.2,1EF72A62-B7C3-C88D-164E-CE6F8C8424AE,1ZN7L4R0H1D00F,1W9DL31001461C,,1ZMLH8300204F0,1W9DL31001461C,,,,,
2023-11-01,11:31:11.35 AM,6m 49.0s,409.0,33.7994618079406,-117.4743947889632,75.4,137.7,15.0,1339,3291.8,6.988423,7.161702,-5.368656,2.23694,-4.47388,1.342164,0,0.894776,-2.4,-0.2,2.4,-140.6,219.4,218.6,Tripod,Other,,22,5,True,,True,False,,Smart,RC,False,True,False,,,True,,False,False,False,False,False,False,False,False,False,False,0,Follow Yaw,-77.9,0,-149.1,210.9,False,False,False,False,False,,0,0,False,False,No Card,100,100,1024,1398,960,1024,2,False,False,False,False,False,0,False,False,False,False,78,,47.028,,3889,,4986,,47.028,,True,3.914,3.914,3.914,3.914,3.914,3.914,3.914,3.914,3.914,3.914,3.914,3.914,0,,False,False,True,,,,,,,,,,,,,,,False,False,9.422,,97.8,,75.7,,97.8,,1472,89,7,20,7,143891.3,19185.50,,Idle,,20,,10,,,20,Go Home,False,False,False,False,False,False,False,False,False,False,False,False,33.8027920380556,-117.4659261431046,2840.2,2972.0,1049.4,396.9,True,1,1,False,False,False,False,,True,False,False,Course Lock,196.8,67,16.4,93,E,SW,2.46,11.4,Calm,False,False,Android,7.0.2,M300 RTK,1ZN7L4R0H1D00F,1W9DL31001461C,1ZMLH8300204F0,1Z6PH74DAP0QN7,"Corona, CA",728.3,5.7,137.7,8.547347,2.013246,0,0,DJI Matrice 300 RTK,M300 RTK,1ZN7L4R0H1D00F,1W9DL31001461C,1ZMLH8300204F0,1Z6PH74DAP0QN7,DJI Pilot,Android,7.0.2,1EF72A62-B7C3-C88D-164E-CE6F8C8424AE,1ZN7L4R0H1D00F,1W9DL31001461C,,1ZMLH8300204F0,1W9DL31001461C,,,,,
2023-11-01,11:31:11.46 AM,6m 49.1s,409.1,33.7994595970887,-117.4743969380113,75.4,137.7,15.0,1339,3292.8,6.988423,7.161702,-5.368656,2.23694,-4.47388,1.342164,0,0.894776,-2.4,-0.2,2.4,-140.4,219.6,218.9,Tripod,Other,,22,5,True,,True,False,,Smart,RC,False,True,False,,,True,,False,False,False,False,False,False,False,False,False,False,0,Follow Yaw,-77.9,0,-149.1,210.9,False,False,False,False,False,,0,0,False,False,No Card,100,100,1024,1397,963,1024,2,False,False,False,False,False,0,False,False,False,False,78,,47.028,,3889,,4986,,47.028,,True,3.914,3.914,3.914,3.914,3.914,3.914,3.914,3.914,3.914,3.914,3.914,3.914,0,,False,False,True,,,,,,,,,,,,,,,False,False,9.422,,97.8,,75.7,,97.8,,1472,89,7,20,7,143891.3,19185.50,,Idle,,20,,10,,,20,Go Home,False,False,False,False,False,False,False,False,False,False,False,False,33.8027920380556,-117.4659261431046,2841.1,2972.0,1049.4,396.9,True,1,1,False,False,False,False,,True,False,False,Course Lock,196.8,67,16.4,93,E,SW,2.46,11.4,Calm,False,False,Android,7.0.2,M300 RTK,1ZN7L4R0H1D00F,1W9DL31001461C,1ZMLH8300204F0,1Z6PH74DAP0QN7,"Corona, CA",728.3,5.7,137.7,8.547347,2.013246,0,0,DJI Matrice 300 RTK,M300 RTK,1ZN7L4R0H1D00F,1W9DL31001461C,1ZMLH8300204F0,1Z6PH74DAP0QN7,DJI Pilot,Android,7.0.2,1EF72A62-B7C3-C88D-164E-CE6F8C8424AE,1ZN7L4R0H1D00F,1W9DL31001461C,,1ZMLH8300204F0,1W9DL31001461C,,,,,
2023-11-01,11:31:11.54 AM,6m 49.2s,409.2,33.7994573272991,-117.4743991594854,75.4,137.7,15.0,1339,3293.9,6.988423,7.161702,-5.368656,2.23694,-4.47388,1.342164,0,0.894776,-2.2,-0.4,2.2,-140.6,219.4,219.1,Tripod,Other,,22,5,True,,True,False,,Smart,RC,False,True,False,,,True,,False,False,False,False,False,False,False,False,False,False,0,Follow Yaw,-77.9,0,-149.1,210.9,False,False,False,False,False,,0,0,False,False,No Card,100,100,1024,1396,965,1024,2,False,False,False,False,False,0,False,False,False,False,78,,47.028,,3889,,4986,,47.028,,True,3.914,3.914,3.914,3.914,3.914,3.914,3.914,3.914,3.914,3.914,3.914,3.914,0,,False,False,True,,,,,,,,,,,,,,,False,False,9.422,,97.8,,75.7,,97.8,,1472,89,7,20,7,143891.3,19185.50,,Idle,,20,,10,,,20,Go Home,False,False,False,False,False,False,False,False,False,False,False,False,33.8027920380556,-117.4659261431046,2842.1,2972.0,1049.4,396.9,True,1,1,False,False,False,False,,True,False,False,Course Lock,196.8,67,16.4,93,E,SW,2.46,11.4,Calm,False,False,Android,7.0.2,M300 RTK,1ZN7L4R0H1D00F,1W9DL31001461C,1ZMLH8300204F0,1Z6PH74DAP0QN7,"Corona, CA",728.3,5.7,137.7,8.547347,2.013246,0,0,DJI Matrice 300 RTK,M300 RTK,1ZN7L4R0H1D00F,1W9DL31001461C,1ZMLH8300204F0,1Z6PH74DAP0QN7,DJI Pilot,Android,7.0.2,1EF72A62-B7C3-C88D-164E-CE6F8C8424AE,1ZN7L4R0H1D00F,1W9DL31001461C,,1ZMLH8300204F0,1W9DL31001461C,,,,,
2023-11-01,11:31:11.66 AM,6m 49.3s,409.3,33.79945499912,-117.4744014766924,75.4,137.7,14.7,1339,3295.0,6.988423,7.161702,-5.368656,2.23694,-4.47388,1.342164,0,0.894776,-2.2,-0.6,2.2,-140.7,219.3,219.5,Tripod,Other,,22,5,True,,True,False,,Smart,RC,False,True,False,,,True,,False,False,False,False,False,False,False,False,False,False,0,Follow Yaw,-77.9,0,-149.1,210.9,False,False,False,False,False,,0,0,False,False,No Card,100,100,1024,1395,963,1024,2,False,False,False,False,False,0,False,False,False,False,78,,47.028,,3889,,4986,,47.028,,True,3.916,3.916,3.916,3.916,3.916,3.916,3.916,3.916,3.916,3.916,3.916,3.916,0,,False,False,True,,,,,,,,,,,,,,,False,False,9.422,,97.8,,75.7,,97.8,,1472,90,7,20,7,143839.9,19178.66,,Idle,,20,,10,,,20,Go Home,False,False,False,False,False,False,False,False,False,False,False,False,33.8027920380556,-117.4659261431046,2843.1,2972.0,1049.4,396.9,True,1,1,False,False,False,False,,True,False,False,Course Lock,196.8,67,16.4,93,E,SW,2.46,11.4,Calm,False,False,Android,7.0.2,M300 RTK,1ZN7L4R0H1D00F,1W9DL31001461C,1ZMLH8300204F0,1Z6PH74DAP0QN7,"Corona, CA",728.3,5.7,137.7,8.547347,2.013246,0,0,DJI Matrice 300 RTK,M300 RTK,1ZN7L4R0H1D00F,1W9DL31001461C,1ZMLH8300204F0,1Z6PH74DAP0QN7,DJI Pilot,Android,7.0.2,1EF72A62-B7C3-C88D-164E-CE6F8C8424AE,1ZN7L4R0H1D00F,1W9DL31001461C,,1ZMLH8300204F0,1W9DL31001461C,,,,,
2023-11-01,11:31:11.76 AM,6m 49.4s,409.4,33.7994527298786,-117.4744037269986,75.4,137.7,15.0,1339,3296.1,6.988423,7.161702,-5.368656,2.23694,-4.47388,1.342164,0,0.894776,-2.5,-1,2.6,-140.8,219.2,219.4,Tripod,Other,,22,5,True,,True,False,,Smart,RC,False,True,False,,,True,,False,False,False,False,False,False,False,False,False,False,0,Follow Yaw,-77.9,0,-149.1,210.9,False,False,False,False,False,,0,0,False,False,No Card,100,100,1024,1398,957,1024,2,False,False,False,False,False,0,False,False,False,False,78,,47.028,,3889,,4986,,47.028,,True,3.916,3.916,3.916,3.916,3.916,3.916,3.916,3.916,3.916,3.916,3.916,3.916,0,,False,False,True,,,,,,,,,,,,,,,False,False,9.422,,97.8,,75.7,,97.8,,1472,90,7,20,7,143839.9,19178.66,,Idle,,20,,10,,,20,Go Home,False,False,False,False,False,False,False,False,False,False,False,False,33.8027920380556,-117.4659261431046,2844.0,2972.0,1049.4,396.9,True,1,1,False,False,False,False,,True,False,False,Course Lock,196.8,67,16.4,93,E,SW,2.46,11.4,Calm,False,False,Android,7.0.2,M300 RTK,1ZN7L4R0H1D00F,1W9DL31001461C,1ZMLH8300204F0,1Z6PH74DAP0QN7,"Corona, CA",728.3,5.7,137.7,8.547347,2.013246,0,0,DJI Matrice 300 RTK,M300 RTK,1ZN7L4R0H1D00F,1W9DL31001461C,1ZMLH8300204F0,1Z6PH74DAP0QN7,DJI Pilot,Android,7.0.2,1EF72A62-B7C3-C88D-164E-CE6F8C8424AE,1ZN7L4R0H1D00F,1W9DL31001461C,,1ZMLH8300204F0,1W9DL31001461C,,,,,
2023-11-01,11:31:11.84 AM,6m 49.5s,409.5,33.799450559872,-117.4744058762014,75.4,137.7,15.0,1339,3297.1,6.988423,7.161702,-5.368656,2.23694,-4.47388,1.342164,0,0.894776,-2.7,-1.3,2.9,-140.9,219.1,219.4,Tripod,Other,,22,5,True,,True,False,,Smart,RC,False,True,False,,,True,,False,False,False,False,False,False,False,False,False,False,0,Follow Yaw,-77.9,0,-149.1,210.9,False,False,False,False,False,,0,0,False,False,No Card,100,100,1024,1398,961,1024,2,False,False,False,False,False,0,False,False,False,False,78,,47.028,,3889,,4986,,47.028,,True,3.916,3.916,3.916,3.916,3.916,3.916,3.916,3.916,3.916,3.916,3.916,3.916,0,,False,False,True,,,,,,,,,,,,,,,False,False,9.422,,97.8,,75.7,,97.8,,1472,90,7,20,7,143839.9,19178.66,,Idle,,20,,10,,,20,Go Home,False,False,False,False,False,False,False,False,False,False,False,False,33.8027920380556,-117.4659261431046,2845.0,2972.0,1049.4,396.9,True,1,1,False,False,False,False,,True,False,False,Course Lock,196.8,67,16.4,93,E,SW,2.46,11.4,Calm,False,False,Android,7.0.2,M300 RTK,1ZN7L4R0H1D00F,1W9DL31001461C,1ZMLH8300204F0,1Z6PH74DAP0QN7,"Corona, CA",728.3,5.7,137.7,8.547347,2.013246,0,0,DJI Matrice 300 RTK,M300 RTK,1ZN7L4R0H1D00F,1W9DL31001461C,1ZMLH8300204F0,1Z6PH74DAP0QN7,DJI Pilot,Android,7.0.2,1EF72A62-B7C3-C88D-164E-CE6F8C8424AE,1ZN7L4R0H1D00F,1W9DL31001461C,,1ZMLH8300204F0,1W9DL31001461C,,,,,
2023-11-01,11:31:11.98 AM,6m 49.6s,409.6,33.7994482909048,-117.4744081273942,75.4,137.7,15.0,1339,3298.2,6.988423,7.161702,-5.368656,2.23694,-4.47388,1.342164,0,0.894776,-2.5,-1.5,2.9,-141,219,219.5,Tripod,Other,,22,5,True,,True,False,,Smart,RC,False,True,False,,,True,,False,False,False,False,False,False,False,False,False,False,0,Follow Yaw,-77.9,0,-149.1,210.9,False,False,False,False,False,,0,0,False,False,No Card,100,100,1024,1397,973,1024,2,False,False,False,False,False,0,False,False,False,False,78,,47.028,,3889,,4986,,47.028,,True,3.916,3.916,3.916,3.916,3.916,3.916,3.916,3.916,3.916,3.916,3.916,3.916,0,,False,False,True,,,,,,,,,,,,,,,False,False,9.422,,97.8,,75.7,,97.8,,1472,90,7,20,7,143839.9,19178.66,,Idle,,20,,10,,,20,Go Home,False,False,False,False,False,False,False,False,False,False,False,False,33.8027920380556,-117.4659261431046,2845.9,2972.0,1049.4,396.9,True,1,1,False,False,False,False,,True,False,False,Course Lock,196.8,67,16.4,93,E,SW,2.46,11.4,Calm,False,False,Android,7.0.2,M300 RTK,1ZN7L4R0H1D00F,1W9DL31001461C,1ZMLH8300204F0,1Z6PH74DAP0QN7,"Corona, CA",728.3,5.7,137.7,8.547347,2.013246,0,0,DJI Matrice 300 RTK,M300 RTK,1ZN7L4R0H1D00F,1W9DL31001461C,1ZMLH8300204F0,1Z6PH74DAP0QN7,DJI Pilot,Android,7.0.2,1EF72A62-B7C3-C88D-164E-CE6F8C8424AE,1ZN7L4R0H1D00F,1W9DL31001461C,,1ZMLH8300204F0,1W9DL31001461C,,,,,
2023-11-01,11:31:12.04 AM,6m 49.7s,409.7,33.7994459089964,-117.4744104034608,75.4,137.7,14.7,1339,3299.3,6.988423,7.161702,-5.368656,2.23694,-4.47388,1.342164,0,0.894776,-2.3,-2,3,-141.2,218.8,218.4,Tripod,Other,,22,5,True,,True,False,,Smart,RC,False,True,False,,,True,,False,False,False,False,False,False,False,False,False,False,0,Follow Yaw,-77.9,0,-149.1,210.9,False,False,False,False,False,,0,0,False,False,No Card,100,100,1024,1395,977,1024,2,False,False,False,False,False,0,False,False,False,False,78,,47.028,,3889,,4986,,47.028,,True,3.916,3.916,3.916,3.916,3.916,3.916,3.916,3.916,3.916,3.916,3.916,3.916,0,,False,False,True,,,,,,,,,,,,,,,False,False,9.422,,97.8,,75.7,,97.8,,1472,90,7,20,7,143839.9,19178.66,,Idle,,20,,10,,,20,Go Home,False,False,False,False,False,False,False,False,False,False,False,False,33.8027920380556,-117.4659261431046,2846.9,2972.0,1049.4,396.9,True,1,1,False,False,False,False,,True,False,False,Course Lock,196.8,67,16.4,93,E,SW,2.46,11.4,Calm,False,False,Android,7.0.2,M300 RTK,1ZN7L4R0H1D00F,1W9DL31001461C,1ZMLH8300204F0,1Z6PH74DAP0QN7,"Corona, CA",728.3,5.7,137.7,8.547347,2.013246,0,0,DJI Matrice 300 RTK,M300 RTK,1ZN7L4R0H1D00F,1W9DL31001461C,1ZMLH8300204F0,1Z6PH74DAP0QN7,DJI Pilot,Android,7.0.2,1EF72A62-B7C3-C88D-164E-CE6F8C8424AE,1ZN7L4R0H1D00F,1W9DL31001461C,,1ZMLH8300204F0,1W9DL31001461C,,,,,
2023-11-01,11:31:12.14 AM,6m 49.8s,409.8,33.7994436087784,-117.4744126251512,75.4,137.7,15.0,1339,3300.3,7.161702,7.161702,-5.59235,2.23694,-4.47388,1.342164,0,0.894776,-2.1,-2,2.9,-141.2,218.8,218.7,Tripod,Other,,22,5,True,,True,False,,Smart,RC,False,True,False,,,True,,False,False,False,False,False,False,False,False,False,False,0,Follow Yaw,-77.9,0,-149.1,210.9,False,False,False,False,False,,0,0,False,False,No Card,100,100,1024,1398,976,1024,2,False,False,False,False,False,0,False,False,False,False,78,,47.028,,3889,,4986,,47.028,,True,3.916,3.916,3.916,3.916,3.916,3.916,3.916,3.916,3.916,3.916,3.916,3.916,0,,False,False,True,,,,,,,,,,,,,,,False,False,9.422,,97.8,,75.7,,97.8,,1472,90,7,20,7,143839.9,19178.66,,Idle,,20,,10,,,20,Go Home,False,False,False,False,False,False,False,False,False,False,False,False,33.8027920380556,-117.4659261431046,2847.9,2972.0,1049.4,396.9,True,1,1,False,False,False,False,,True,False,False,Course Lock,196.8,67,16.4,93,E,SW,2.46,11.4,Calm,False,False,Android,7.0.2,M300 RTK,1ZN7L4R0H1D00F,1W9DL31001461C,1ZMLH8300204F0,1Z6PH74DAP0QN7,"Corona, CA",728.3,5.7,137.7,8.547347,2.013246,0,0,DJI Matrice 300 RTK,M300 RTK,1ZN7L4R0H1D00F,1W9DL31001461C,1ZMLH8300204F0,1Z6PH74DAP0QN7,DJI Pilot,Android,7.0.2,1EF72A62-B7C3-C88D-164E-CE6F8C8424AE,1ZN7L4R0H1D00F,1W9DL31001461C,,1ZMLH8300204F0,1W9DL31001461C,,,,,
2023-11-01,11:31:12.24 AM,6m 49.9s,409.9,33.7994415366359,-117.474414629533,75.4,137.7,15.0,1339,3301.3,7.161702,7.161702,-5.59235,2.23694,-4.47388,1.342164,0,0.894776,-2,-1.4,2.4,-141.2,218.8,218.7,Tripod,Other,,22,5,True,,True,False,,Smart,RC,False,True,False,,,True,,False,False,False,False,False,False,False,False,False,False,0,Follow Yaw,-77.9,0,-149.1,210.9,False,False,False,False,False,,0,0,False,False,No Card,100,100,1024,1398,972,1024,2,False,False,False,False,False,0,False,False,False,False,78,,47.028,,3889,,4986,,47.028,,True,3.916,3.916,3.916,3.916,3.916,3.916,3.916,3.916,3.916,3.916,3.916,3.916,0,,False,False,True,,,,,,,,,,,,,,,False,False,9.422,,97.8,,75.7,,97.8,,1472,90,7,20,7,143839.9,19178.66,,Idle,,20,,10,,,20,Go Home,False,False,False,False,False,False,False,False,False,False,False,False,33.8027920380556,-117.4659261431046,2848.8,2972.0,1049.4,396.9,True,1,1,False,False,False,False,,True,False,False,Course Lock,196.8,67,16.4,93,E,SW,2.46,11.4,Calm,False,False,Android,7.0.2,M300 RTK,1ZN7L4R0H1D00F,1W9DL31001461C,1ZMLH8300204F0,1Z6PH74DAP0QN7,"Corona, CA",728.3,5.7,137.7,8.547347,2.013246,0,0,DJI Matrice 300 RTK,M300 RTK,1ZN7L4R0H1D00F,1W9DL31001461C,1ZMLH8300204F0,1Z6PH74DAP0QN7,DJI Pilot,Android,7.0.2,1EF72A62-B7C3-C88D-164E-CE6F8C8424AE,1ZN7L4R0H1D00F,1W9DL31001461C,,1ZMLH8300204F0,1W9DL31001461C,,,,,
2023-11-01,11:31:12.34 AM,6m 50.0s,410.0,33.7994392336767,-117.4744167909613,75.4,137.7,15.0,1339,3302.4,7.161702,7.161702,-5.59235,2.23694,-4.47388,1.342164,0,0.894776,-2,-0.6,2,-141.1,218.9,217.9,Tripod,Other,,22,5,True,,True,False,,Smart,RC,False,True,False,,,True,,False,False,False,False,False,False,False,False,False,False,0,Follow Yaw,-77.9,0,-149.1,210.9,False,False,False,False,False,,0,0,False,False,No Card,100,100,1024,1398,973,1024,2,False,False,False,False,False,0,False,False,False,False,78,,47.016,,7834,,10044,,47.016,,True,3.916,3.916,3.916,3.916,3.916,3.916,3.916,3.916,3.916,3.916,3.916,3.916,0,,False,False,True,,,,,,,,,,,,,,,False,False,19.072,,98.0,,75.7,,98.0,,1472,90,7,20,7,143839.9,19178.66,,Idle,,20,,10,,,20,Go Home,False,False,False,False,False,False,False,False,False,False,False,False,33.8027920380556,-117.4659261431046,2849.7,2972.0,1049.4,396.9,True,1,1,False,False,False,False,,True,False,False,Course Lock,196.8,67,16.4,93,E,SW,2.46,11.4,Calm,False,False,Android,7.0.2,M300 RTK,1ZN7L4R0H1D00F,1W9DL31001461C,1ZMLH8300204F0,1Z6PH74DAP0QN7,"Corona, CA",728.3,5.7,137.7,8.547347,2.013246,0,0,DJI Matrice 300 RTK,M300 RTK,1ZN7L4R0H1D00F,1W9DL31001461C,1ZMLH8300204F0,1Z6PH74DAP0QN7,DJI Pilot,Android,7.0.2,1EF72A62-B7C3-C88D-164E-CE6F8C8424AE,1ZN7L4R0H1D00F,1W9DL31001461C,,1ZMLH8300204F0,1W9DL31001461C,,,,,
2023-11-01,11:31:12.44 AM,6m 50.1s,410.1,33.7994367958459,-117.4744191284344,75.4,137.7,15.0,1339,3303.5,7.161702,7.161702,-5.59235,2.23694,-4.47388,1.342164,0,0.894776,-2.2,-0.1,2.2,-141.1,218.9,218.5,Tripod,Other,,22,5,True,,True,False,,Smart,RC,False,True,False,,,True,,False,False,False,False,False,False,False,False,False,False,0,Follow Yaw,-77.9,0,-149.1,210.9,False,False,False,False,False,,0,0,False,False,No Card,100,100,1024,1398,973,1024,2,False,False,False,False,False,0,False,False,False,False,78,,47.016,,7834,,10044,,47.016,,True,3.916,3.916,3.916,3.916,3.916,3.916,3.916,3.916,3.916,3.916,3.916,3.916,0,,False,False,True,,,,,,,,,,,,,,,False,False,19.072,,98.0,,75.7,,98.0,,1472,90,7,20,7,143839.9,19178.66,,Idle,,20,,10,,,20,Go Home,False,False,False,False,False,False,False,False,False,False,False,False,33.8027920380556,-117.4659261431046,2850.8,2972.0,1049.4,396.9,True,1,1,False,False,False,False,,True,False,False,Course Lock,196.8,67,16.4,93,E,SW,2.46,11.4,Calm,False,False,Android,7.0.2,M300 RTK,1ZN7L4R0H1D00F,1W9DL31001461C,1ZMLH8300204F0,1Z6PH74DAP0QN7,"Corona, CA",728.3,5.7,137.7,8.547347,2.013246,0,0,DJI Matrice 300 RTK,M300 RTK,1ZN7L4R0H1D00F,1W9DL31001461C,1ZMLH8300204F0,1Z6PH74DAP0QN7,DJI Pilot,Android,7.0.2,1EF72A62-B7C3-C88D-164E-CE6F8C8424AE,1ZN7L4R0H1D00F,1W9DL31001461C,,1ZMLH8300204F0,1W9DL31001461C,,,,,
2023-11-01,11:31:12.54 AM,6m 50.2s,410.2,33.7994344821956,-117.4744213067167,75.4,137.7,15.0,1339,3304.6,7.161702,7.161702,-5.59235,2.23694,-4.47388,1.342164,0,0.894776,-2.3,0,2.3,-141.1,218.9,218.0,Tripod,Other,,22,5,True,,True,False,,Smart,RC,False,True,False,,,True,,False,False,False,False,False,False,False,False,False,False,0,Follow Yaw,-77.9,0,-149.1,210.9,False,False,False,False,False,,0,0,False,False,No Card,100,100,1024,1398,972,1024,2,False,False,False,False,False,0,False,False,False,False,78,,47.016,,7834,,10044,,47.016,,True,3.916,3.916,3.916,3.916,3.916,3.916,3.916,3.916,3.916,3.916,3.916,3.916,0,,False,False,True,,,,,,,,,,,,,,,False,False,19.072,,98.0,,75.7,,98.0,,1472,90,7,20,7,143839.9,19178.66,,Idle,,20,,10,,,20,Go Home,False,False,False,False,False,False,False,False,False,False,False,False,33.8027920380556,-117.4659261431046,2851.7,2972.0,1049.4,396.9,True,1,1,False,False,False,False,,True,False,False,Course Lock,196.8,67,16.4,93,E,SW,2.46,11.4,Calm,False,False,Android,7.0.2,M300 RTK,1ZN7L4R0H1D00F,1W9DL31001461C,1ZMLH8300204F0,1Z6PH74DAP0QN7,"Corona, CA",728.3,5.7,137.7,8.547347,2.013246,0,0,DJI Matrice 300 RTK,M300 RTK,1ZN7L4R0H1D00F,1W9DL31001461C,1ZMLH8300204F0,1Z6PH74DAP0QN7,DJI Pilot,Android,7.0.2,1EF72A62-B7C3-C88D-164E-CE6F8C8424AE,1ZN7L4R0H1D00F,1W9DL31001461C,,1ZMLH8300204F0,1W9DL31001461C,,,,,
2023-11-01,11:31:12.64 AM,6m 50.3s,410.3,33.7994323379572,-117.4744232892244,75.4,137.7,15.0,1339,3305.6,7.161702,7.161702,-5.59235,2.23694,-4.47388,1.342164,0,0.894776,-2.3,-0.2,2.3,-141.2,218.8,217.5,Tripod,Other,,22,5,True,,True,False,,Smart,RC,False,True,False,,,True,,False,False,False,False,False,False,False,False,False,False,0,Follow Yaw,-77.9,0,-149.1,210.9,False,False,False,False,False,,0,0,False,False,No Card,100,100,1024,1397,976,1024,2,False,False,False,False,False,0,False,False,False,False,78,,47.016,,7834,,10044,,47.016,,True,3.92,3.92,3.92,3.92,3.92,3.92,3.92,3.92,3.92,3.92,3.92,3.92,0,,False,False,True,,,,,,,,,,,,,,,False,False,19.072,,98.0,,75.7,,98.0,,1472,90,7,20,7,143748.7,19166.50,,Idle,,20,,10,,,20,Go Home,False,False,False,False,False,False,False,False,False,False,False,False,33.8027920380556,-117.4659261431046,2852.6,2972.0,1049.4,396.9,True,1,1,False,False,False,False,,True,False,False,Course Lock,196.8,67,16.4,93,E,SW,2.46,11.4,Calm,False,False,Android,7.0.2,M300 RTK,1ZN7L4R0H1D00F,1W9DL31001461C,1ZMLH8300204F0,1Z6PH74DAP0QN7,"Corona, CA",728.3,5.7,137.7,8.547347,2.013246,0,0,DJI Matrice 300 RTK,M300 RTK,1ZN7L4R0H1D00F,1W9DL31001461C,1ZMLH8300204F0,1Z6PH74DAP0QN7,DJI Pilot,Android,7.0.2,1EF72A62-B7C3-C88D-164E-CE6F8C8424AE,1ZN7L4R0H1D00F,1W9DL31001461C,,1ZMLH8300204F0,1W9DL31001461C,,,,,
2023-11-01,11:31:12.74 AM,6m 50.4s,410.4,33.7994300317084,-117.4744254576211,75.4,137.7,15.0,1339,3306.6,7.161702,7.161702,-5.59235,2.23694,-4.47388,1.342164,0,0.894776,-2.2,-0.5,2.2,-141.2,218.8,218.0,Tripod,Other,,22,5,True,,True,False,,Smart,RC,False,True,False,,,True,,False,False,False,False,False,False,False,False,False,False,0,Follow Yaw,-77.9,0,-149.1,210.9,False,False,False,False,False,,0,0,False,False,No Card,100,100,1024,1401,975,1024,2,False,False,False,False,False,0,False,False,False,False,78,,47.016,,7834,,10044,,47.016,,True,3.92,3.92,3.92,3.92,3.92,3.92,3.92,3.92,3.92,3.92,3.92,3.92,0,,False,False,True,,,,,,,,,,,,,,,False,False,19.072,,98.0,,75.7,,98.0,,1472,90,7,20,7,143748.7,19166.50,,Idle,,20,,10,,,20,Go Home,False,False,False,False,False,False,False,False,False,False,False,False,33.8027920380556,-117.4659261431046,2853.5,2972.0,1049.4,396.9,True,1,1,False,False,False,False,,True,False,False,Course Lock,196.8,67,16.4,93,E,SW,2.46,11.4,Calm,False,False,Android,7.0.2,M300 RTK,1ZN7L4R0H1D00F,1W9DL31001461C,1ZMLH8300204F0,1Z6PH74DAP0QN7,"Corona, CA",728.3,5.7,137.7,8.547347,2.013246,0,0,DJI Matrice 300 RTK,M300 RTK,1ZN7L4R0H1D00F,1W9DL31001461C,1ZMLH8300204F0,1Z6PH74DAP0QN7,DJI Pilot,Android,7.0.2,1EF72A62-B7C3-C88D-164E-CE6F8C8424AE,1ZN7L4R0H1D00F,1W9DL31001461C,,1ZMLH8300204F0,1W9DL31001461C,,,,,
2023-11-01,11:31:12.84 AM,6m 50.5s,410.5,33.7994273959563,-117.4744277916821,75.4,137.7,15.0,1339,3307.8,7.161702,7.161702,-5.59235,2.23694,-4.47388,1.342164,0,0.894776,-2.1,-0.4,2.1,-141.2,218.8,216.3,Tripod,Other,,22,5,True,,True,False,,Smart,RC,False,True,False,,,True,,False,False,False,False,False,False,False,False,False,False,0,Follow Yaw,-77.9,0,-149.1,210.9,False,False,False,False,False,,0,0,False,False,No Card,100,100,1024,1403,971,1024,2,False,False,False,False,False,0,False,False,False,False,78,,47.016,,7834,,10044,,47.016,,True,3.92,3.92,3.92,3.92,3.92,3.92,3.92,3.92,3.92,3.92,3.92,3.92,0,,False,False,True,,,,,,,,,,,,,,,False,False,19.072,,98.0,,75.7,,98.0,,1472,90,7,20,7,143748.7,19166.50,,Idle,,20,,10,,,20,Go Home,False,False,False,False,False,False,False,False,False,False,False,False,33.8027920380556,-117.4659261431046,2854.6,2972.0,1049.4,396.9,True,1,1,False,False,False,False,,True,False,False,Course Lock,196.8,67,16.4,93,E,SW,2.46,11.4,Calm,False,False,Android,7.0.2,M300 RTK,1ZN7L4R0H1D00F,1W9DL31001461C,1ZMLH8300204F0,1Z6PH74DAP0QN7,"Corona, CA",728.3,5.7,137.7,8.547347,2.013246,0,0,DJI Matrice 300 RTK,M300 RTK,1ZN7L4R0H1D00F,1W9DL31001461C,1ZMLH8300204F0,1Z6PH74DAP0QN7,DJI Pilot,Android,7.0.2,1EF72A62-B7C3-C88D-164E-CE6F8C8424AE,1ZN7L4R0H1D00F,1W9DL31001461C,,1ZMLH8300204F0,1W9DL31001461C,,,,,
2023-11-01,11:31:12.94 AM,6m 50.6s,410.6,33.7994250554413,-117.4744299748815,75.4,137.7,15.0,1339,3308.9,7.161702,7.161702,-5.59235,2.23694,-4.47388,1.342164,0,0.894776,-2,-0.4,2,-141.2,218.8,217.7,Tripod,Other,,22,5,True,,True,False,,Smart,RC,False,True,False,,,True,,False,False,False,False,False,False,False,False,False,False,0,Follow Yaw,-77.9,0,-149.1,210.9,False,False,False,False,False,,0,0,False,False,No Card,100,100,1024,1402,972,1024,2,False,False,False,False,False,0,False,False,False,False,78,,47.016,,7834,,10044,,47.016,,True,3.92,3.92,3.92,3.92,3.92,3.92,3.92,3.92,3.92,3.92,3.92,3.92,0,,False,False,True,,,,,,,,,,,,,,,False,False,19.072,,98.0,,75.7,,98.0,,1472,90,7,20,7,143748.7,19166.50,,Idle,,20,,10,,,20,Go Home,False,False,False,False,False,False,False,False,False,False,False,False,33.8027920380556,-117.4659261431046,2855.6,2972.0,1049.4,396.9,True,1,1,False,False,False,False,,True,False,False,Course Lock,196.8,67,16.4,93,E,SW,2.46,11.4,Calm,False,False,Android,7.0.2,M300 RTK,1ZN7L4R0H1D00F,1W9DL31001461C,1ZMLH8300204F0,1Z6PH74DAP0QN7,"Corona, CA",728.3,5.7,137.7,8.547347,2.013246,0,0,DJI Matrice 300 RTK,M300 RTK,1ZN7L4R0H1D00F,1W9DL31001461C,1ZMLH8300204F0,1Z6PH74DAP0QN7,DJI Pilot,Android,7.0.2,1EF72A62-B7C3-C88D-164E-CE6F8C8424AE,1ZN7L4R0H1D00F,1W9DL31001461C,,1ZMLH8300204F0,1W9DL31001461C,,,,,
2023-11-01,11:31:13.01 AM,6m 50.7s,410.7,33.7994229457432,-117.4744322266258,75.4,137.7,15.0,1339,3309.9,7.161702,7.161702,-5.59235,2.23694,-4.47388,1.342164,0,0.894776,-2.1,-0.4,2.1,-141.2,218.8,221.5,Tripod,Other,,22,5,True,,True,False,,Smart,RC,False,True,False,,,True,,False,False,False,False,False,False,False,False,False,False,0,Follow Yaw,-77.9,0,-149.1,210.9,False,False,False,False,False,,0,0,False,False,No Card,100,100,1024,1396,976,1024,2,False,False,False,False,False,0,False,False,False,False,78,,47.004,,3889,,4986,,47.004,,True,3.92,3.92,3.92,3.92,3.92,3.92,3.92,3.92,3.92,3.92,3.92,3.92,0,,False,False,True,,,,,,,,,,,,,,,False,False,9.57,,98.0,,75.7,,98.0,,1472,90,7,20,7,143748.7,19166.50,,Idle,,20,,10,,,20,Go Home,False,False,False,False,False,False,False,False,False,False,False,False,33.8027920380556,-117.4659261431046,2856.5,2972.0,1049.4,396.9,True,1,1,False,False,False,False,,True,False,False,Course Lock,196.8,67,16.4,93,E,SW,2.46,11.4,Calm,False,False,Android,7.0.2,M300 RTK,1ZN7L4R0H1D00F,1W9DL31001461C,1ZMLH8300204F0,1Z6PH74DAP0QN7,"Corona, CA",728.3,5.7,137.7,8.547347,2.013246,0,0,DJI Matrice 300 RTK,M300 RTK,1ZN7L4R0H1D00F,1W9DL31001461C,1ZMLH8300204F0,1Z6PH74DAP0QN7,DJI Pilot,Android,7.0.2,1EF72A62-B7C3-C88D-164E-CE6F8C8424AE,1ZN7L4R0H1D00F,1W9DL31001461C,,1ZMLH8300204F0,1W9DL31001461C,,,,,
2023-11-01,11:31:13.14 AM,6m 50.8s,410.8,33.799420498592,-117.4744345243913,75.4,137.7,15.0,1339,3311.1,7.161702,7.161702,-5.59235,2.23694,-4.47388,1.342164,0,0.894776,-2.2,-0.3,2.2,-141.1,218.9,217.9,Tripod,Other,,22,5,True,,True,False,,Smart,RC,False,True,False,,,True,,False,False,False,False,False,False,False,False,False,False,0,Follow Yaw,-77.9,0,-149.1,210.9,False,False,False,False,False,,0,0,False,False,No Card,100,100,1024,1395,975,1024,2,False,False,False,False,False,0,False,False,False,False,78,,47.004,,3889,,4986,,47.004,,True,3.92,3.92,3.92,3.92,3.92,3.92,3.92,3.92,3.92,3.92,3.92,3.92,0,,False,False,True,,,,,,,,,,,,,,,False,False,9.57,,98.0,,75.7,,98.0,,1472,90,7,20,7,143748.7,19166.50,,Idle,,20,,10,,,20,Go Home,False,False,False,False,False,False,False,False,False,False,False,False,33.8027920380556,-117.4659261431046,2857.5,2972.0,1049.4,396.9,True,1,1,False,False,False,False,,True,False,False,Course Lock,196.8,67,16.4,93,E,SW,2.46,11.4,Calm,False,False,Android,7.0.2,M300 RTK,1ZN7L4R0H1D00F,1W9DL31001461C,1ZMLH8300204F0,1Z6PH74DAP0QN7,"Corona, CA",728.3,5.7,137.7,8.547347,2.013246,0,0,DJI Matrice 300 RTK,M300 RTK,1ZN7L4R0H1D00F,1W9DL31001461C,1ZMLH8300204F0,1Z6PH74DAP0QN7,DJI Pilot,Android,7.0.2,1EF72A62-B7C3-C88D-164E-CE6F8C8424AE,1ZN7L4R0H1D00F,1W9DL31001461C,,1ZMLH8300204F0,1W9DL31001461C,,,,,
2023-11-01,11:31:13.21 AM,6m 50.9s,410.9,33.7994185007385,-117.4744363030786,75.4,137.7,15.0,1339,3312.0,7.161702,7.161702,-5.59235,2.23694,-4.47388,1.342164,0,0.894776,-2.2,-0.1,2.2,-140.9,219.1,216.4,Tripod,Other,,22,5,True,,True,False,,Smart,RC,False,True,False,,,True,,False,False,False,False,False,False,False,False,False,False,0,Follow Yaw,-77.9,0,-149.1,210.9,False,False,False,False,False,,0,0,False,False,No Card,100,100,1024,1392,974,1024,2,False,False,False,False,False,0,False,False,False,False,78,,47.004,,3889,,4986,,47.004,,True,3.92,3.92,3.92,3.92,3.92,3.92,3.92,3.92,3.92,3.92,3.92,3.92,0,,False,False,True,,,,,,,,,,,,,,,False,False,9.57,,98.0,,75.7,,98.0,,1472,90,7,20,7,143748.7,19166.50,,Idle,,20,,10,,,20,Go Home,False,False,False,False,False,False,False,False,False,False,False,False,33.8027920380556,-117.4659261431046,2858.3,2972.0,1049.4,396.9,True,1,1,False,False,False,False,,True,False,False,Course Lock,196.8,67,16.4,93,E,SW,2.46,11.4,Calm,False,False,Android,7.0.2,M300 RTK,1ZN7L4R0H1D00F,1W9DL31001461C,1ZMLH8300204F0,1Z6PH74DAP0QN7,"Corona, CA",728.3,5.7,137.7,8.547347,2.013246,0,0,DJI Matrice 300 RTK,M300 RTK,1ZN7L4R0H1D00F,1W9DL31001461C,1ZMLH8300204F0,1Z6PH74DAP0QN7,DJI Pilot,Android,7.0.2,1EF72A62-B7C3-C88D-164E-CE6F8C8424AE,1ZN7L4R0H1D00F,1W9DL31001461C,,1ZMLH8300204F0,1W9DL31001461C,,,,,
2023-11-01,11:31:13.34 AM,6m 51.0s,411.0,33.7994161870882,-117.4744384754286,75.4,137.7,15.0,1339,3313.0,7.161702,7.161702,-5.59235,2.23694,-4.47388,1.342164,0,0.894776,-2,0,2,-140.8,219.2,217.9,Tripod,Other,,22,5,True,,True,False,,Smart,RC,False,True,False,,,True,,False,False,False,False,False,False,False,False,False,False,0,Follow Yaw,-77.9,0,-149.1,210.9,False,False,False,False,False,,0,0,False,False,No Card,100,100,1024,1392,967,1024,2,False,False,False,False,False,0,False,False,False,False,78,,47.04,,7834,,10044,,47.04,,True,3.92,3.92,3.92,3.92,3.92,3.92,3.92,3.92,3.92,3.92,3.92,3.92,0,,False,False,True,,,,,,,,,,,,,,,False,False,19.432,,98.0,,75.7,,98.0,,1472,90,7,20,7,143748.7,19166.50,,Idle,,20,,10,,,20,Go Home,False,False,False,False,False,False,False,False,False,False,False,False,33.8027920380556,-117.4659261431046,2859.3,2972.0,1049.4,396.9,True,1,1,False,False,False,False,,True,False,False,Course Lock,196.8,67,16.4,93,E,SW,2.46,11.4,Calm,False,False,Android,7.0.2,M300 RTK,1ZN7L4R0H1D00F,1W9DL31001461C,1ZMLH8300204F0,1Z6PH74DAP0QN7,"Corona, CA",728.3,5.7,137.7,8.547347,2.013246,0,0,DJI Matrice 300 RTK,M300 RTK,1ZN7L4R0H1D00F,1W9DL31001461C,1ZMLH8300204F0,1Z6PH74DAP0QN7,DJI Pilot,Android,7.0.2,1EF72A62-B7C3-C88D-164E-CE6F8C8424AE,1ZN7L4R0H1D00F,1W9DL31001461C,,1ZMLH8300204F0,1W9DL31001461C,,,,,
2023-11-01,11:31:13.42 AM,6m 51.1s,411.1,33.7994137333579,-117.4744407621386,75.4,137.7,15.0,1339,3314.2,7.161702,7.161702,-5.59235,2.23694,-4.47388,1.342164,0,0.894776,-1.8,0,1.8,-140.8,219.2,217.7,Tripod,Other,,22,5,True,,True,False,,Smart,RC,False,True,False,,,True,,False,False,False,False,False,False,False,False,False,False,0,Follow Yaw,-77.9,0,-149.1,210.9,False,False,False,False,False,,0,0,False,False,No Card,100,100,1024,1382,967,1024,2,False,False,False,False,False,0,False,False,False,False,78,,47.04,,7834,,10044,,47.04,,True,3.92,3.92,3.92,3.92,3.92,3.92,3.92,3.92,3.92,3.92,3.92,3.92,0,,False,False,True,,,,,,,,,,,,,,,False,False,19.432,,98.0,,75.7,,98.0,,1472,90,7,20,7,143748.7,19166.50,,Idle,,20,,10,,,20,Go Home,False,False,False,False,False,False,False,False,False,False,False,False,33.8027920380556,-117.4659261431046,2860.3,2972.0,1049.4,396.9,True,1,1,False,False,False,False,,True,False,False,Course Lock,196.8,67,16.4,93,E,SW,2.46,11.4,Calm,False,False,Android,7.0.2,M300 RTK,1ZN7L4R0H1D00F,1W9DL31001461C,1ZMLH8300204F0,1Z6PH74DAP0QN7,"Corona, CA",728.3,5.7,137.7,8.547347,2.013246,0,0,DJI Matrice 300 RTK,M300 RTK,1ZN7L4R0H1D00F,1W9DL31001461C,1ZMLH8300204F0,1Z6PH74DAP0QN7,DJI Pilot,Android,7.0.2,1EF72A62-B7C3-C88D-164E-CE6F8C8424AE,1ZN7L4R0H1D00F,1W9DL31001461C,,1ZMLH8300204F0,1W9DL31001461C,,,,,
2023-11-01,11:31:13.52 AM,6m 51.2s,411.2,33.7994114087425,-117.4744429536,75.4,137.7,15.0,1339,3315.3,7.161702,7.161702,-5.59235,2.23694,-4.47388,1.342164,0,0.894776,-1.8,-0.1,1.8,-140.8,219.2,218.0,Tripod,Other,,22,5,True,,True,False,,Smart,RC,False,True,False,,,True,,False,False,False,False,False,False,False,False,False,False,0,Follow Yaw,-77.9,0,-149.1,210.9,False,False,False,False,False,,0,0,False,False,No Card,100,100,1024,1372,965,1024,2,False,False,False,False,False,0,False,False,False,False,78,,47.04,,7834,,10044,,47.04,,True,3.92,3.92,3.92,3.92,3.92,3.92,3.92,3.92,3.92,3.92,3.92,3.92,0,,False,False,True,,,,,,,,,,,,,,,False,False,19.432,,98.0,,75.7,,98.0,,1472,90,7,20,7,143748.7,19166.50,,Idle,,20,,10,,,20,Go Home,False,False,False,False,False,False,False,False,False,False,False,False,33.8027920380556,-117.4659261431046,2861.3,2972.0,1049.4,396.9,True,1,1,False,False,False,False,,True,False,False,Course Lock,196.8,67,16.4,93,E,SW,2.46,11.4,Calm,False,False,Android,7.0.2,M300 RTK,1ZN7L4R0H1D00F,1W9DL31001461C,1ZMLH8300204F0,1Z6PH74DAP0QN7,"Corona, CA",728.3,5.7,137.7,8.547347,2.013246,0,0,DJI Matrice 300 RTK,M300 RTK,1ZN7L4R0H1D00F,1W9DL31001461C,1ZMLH8300204F0,1Z6PH74DAP0QN7,DJI Pilot,Android,7.0.2,1EF72A62-B7C3-C88D-164E-CE6F8C8424AE,1ZN7L4R0H1D00F,1W9DL31001461C,,1ZMLH8300204F0,1W9DL31001461C,,,,,
2023-11-01,11:31:13.64 AM,6m 51.3s,411.3,33.7994089931161,-117.4744451092094,75.4,137.7,15.4,1339,3316.4,7.161702,7.161702,-5.59235,2.23694,-4.47388,1.342164,0,0.894776,-1.8,-0.2,1.8,-140.9,219.1,216.5,Tripod,Other,,22,5,True,,True,False,,Smart,RC,False,True,False,,,True,,False,False,False,False,False,False,False,False,False,False,0,Follow Yaw,-77.9,0,-149.1,210.9,False,False,False,False,False,,0,0,False,False,No Card,100,100,1024,1368,966,1024,2,False,False,False,False,False,0,False,False,False,False,78,,47.04,,7834,,10044,,47.04,,True,3.92,3.92,3.92,3.92,3.92,3.92,3.92,3.92,3.92,3.92,3.92,3.92,0,,False,False,True,,,,,,,,,,,,,,,False,False,19.432,,98.0,,75.7,,98.0,,1471,90,7,20,7,143677.0,19156.94,,Idle,,20,,10,,,20,Go Home,False,False,False,False,False,False,False,False,False,False,False,False,33.8027920380556,-117.4659261431046,2862.2,2972.0,1049.4,396.9,True,1,1,False,False,False,False,,True,False,False,Course Lock,196.8,67,16.4,93,E,SW,2.46,11.4,Calm,False,False,Android,7.0.2,M300 RTK,1ZN7L4R0H1D00F,1W9DL31001461C,1ZMLH8300204F0,1Z6PH74DAP0QN7,"Corona, CA",728.3,5.7,137.7,8.547347,2.013246,0,0,DJI Matrice 300 RTK,M300 RTK,1ZN7L4R0H1D00F,1W9DL31001461C,1ZMLH8300204F0,1Z6PH74DAP0QN7,DJI Pilot,Android,7.0.2,1EF72A62-B7C3-C88D-164E-CE6F8C8424AE,1ZN7L4R0H1D00F,1W9DL31001461C,,1ZMLH8300204F0,1W9DL31001461C,,,,,
2023-11-01,11:31:13.73 AM,6m 51.4s,411.4,33.7994065424013,-117.4744474108921,75.4,137.7,15.4,1339,3317.5,7.161702,7.161702,-5.59235,2.23694,-4.47388,1.342164,0,0.894776,-1.7,-0.2,1.7,-140.9,219.1,217.9,Tripod,Other,,22,5,True,,True,False,,Smart,RC,False,True,False,,,True,,False,False,False,False,False,False,False,False,False,False,0,Follow Yaw,-77.9,0,-149.1,210.9,False,False,False,False,False,,0,0,False,False,No Card,100,100,1024,1368,966,1024,2,False,False,False,False,False,0,False,False,False,False,78,,47.04,,7834,,10044,,47.04,,True,3.92,3.92,3.92,3.92,3.92,3.92,3.92,3.92,3.92,3.92,3.92,3.92,0,,False,False,True,,,,,,,,,,,,,,,False,False,19.432,,98.0,,75.7,,98.0,,1471,90,7,20,7,143677.0,19156.94,,Idle,,20,,10,,,20,Go Home,False,False,False,False,False,False,False,False,False,False,False,False,33.8027920380556,-117.4659261431046,2863.2,2972.0,1049.4,396.9,True,1,1,False,False,False,False,,True,False,False,Course Lock,196.8,67,16.4,93,E,SW,2.46,11.4,Calm,False,False,Android,7.0.2,M300 RTK,1ZN7L4R0H1D00F,1W9DL31001461C,1ZMLH8300204F0,1Z6PH74DAP0QN7,"Corona, CA",728.3,5.7,137.7,8.547347,2.013246,0,0,DJI Matrice 300 RTK,M300 RTK,1ZN7L4R0H1D00F,1W9DL31001461C,1ZMLH8300204F0,1Z6PH74DAP0QN7,DJI Pilot,Android,7.0.2,1EF72A62-B7C3-C88D-164E-CE6F8C8424AE,1ZN7L4R0H1D00F,1W9DL31001461C,,1ZMLH8300204F0,1W9DL31001461C,,,,,
2023-11-01,11:31:13.84 AM,6m 51.5s,411.5,33.799404116358,-117.4744495922824,75.4,137.7,15.4,1339,3318.6,7.161702,7.161702,-5.59235,2.23694,-4.47388,1.342164,0,0.894776,-1.7,-0.2,1.7,-141,219,216.7,Tripod,Other,,22,5,True,,True,False,,Smart,RC,False,True,False,,,True,,False,False,False,False,False,False,False,False,False,False,0,Follow Yaw,-77.9,0,-149.1,210.9,False,False,False,False,False,,0,0,False,False,No Card,100,100,1024,1323,964,1024,2,False,False,False,False,False,0,False,False,False,False,78,,47.04,,7834,,10044,,47.04,,True,3.92,3.92,3.92,3.92,3.92,3.92,3.92,3.92,3.92,3.92,3.92,3.92,0,,False,False,True,,,,,,,,,,,,,,,False,False,19.432,,98.0,,75.7,,98.0,,1471,90,7,20,7,143677.0,19156.94,,Idle,,20,,10,,,20,Go Home,False,False,False,False,False,False,False,False,False,False,False,False,33.8027920380556,-117.4659261431046,2864.2,2972.0,1049.4,396.9,True,1,1,False,False,False,False,,True,False,False,Course Lock,196.8,67,16.4,93,E,SW,2.46,11.4,Calm,False,False,Android,7.0.2,M300 RTK,1ZN7L4R0H1D00F,1W9DL31001461C,1ZMLH8300204F0,1Z6PH74DAP0QN7,"Corona, CA",728.3,5.7,137.7,8.547347,2.013246,0,0,DJI Matrice 300 RTK,M300 RTK,1ZN7L4R0H1D00F,1W9DL31001461C,1ZMLH8300204F0,1Z6PH74DAP0QN7,DJI Pilot,Android,7.0.2,1EF72A62-B7C3-C88D-164E-CE6F8C8424AE,1ZN7L4R0H1D00F,1W9DL31001461C,,1ZMLH8300204F0,1W9DL31001461C,,,,,
2023-11-01,11:31:13.94 AM,6m 51.6s,411.6,33.7994017706346,-117.4744517957943,75.4,137.7,15.4,1339,3319.7,7.161702,7.161702,-5.59235,2.23694,-4.47388,1.342164,0,0.894776,-1.5,-0.4,1.5,-140.9,219.1,217.9,Tripod,Other,,22,5,True,,True,False,,Smart,RC,False,True,False,,,True,,False,False,False,False,False,False,False,False,False,False,0,Follow Yaw,-77.9,0,-149.1,210.9,False,False,False,False,False,,0,0,False,False,No Card,100,100,1024,1312,964,1024,2,False,False,False,False,False,0,False,False,False,False,78,,47.04,,7834,,10044,,47.04,,True,3.92,3.92,3.92,3.92,3.92,3.92,3.92,3.92,3.92,3.92,3.92,3.92,0,,False,False,True,,,,,,,,,,,,,,,False,False,19.432,,98.0,,75.7,,98.0,,1471,90,7,20,7,143677.0,19156.94,,Idle,,20,,10,,,20,Go Home,False,False,False,False,False,False,False,False,False,False,False,False,33.8027920380556,-117.4659261431046,2865.2,2972.0,1049.4,396.9,True,1,1,False,False,False,False,,True,False,False,Course Lock,196.8,67,16.4,93,E,SW,2.46,11.4,Calm,False,False,Android,7.0.2,M300 RTK,1ZN7L4R0H1D00F,1W9DL31001461C,1ZMLH8300204F0,1Z6PH74DAP0QN7,"Corona, CA",728.3,5.7,137.7,8.547347,2.013246,0,0,DJI Matrice 300 RTK,M300 RTK,1ZN7L4R0H1D00F,1W9DL31001461C,1ZMLH8300204F0,1Z6PH74DAP0QN7,DJI Pilot,Android,7.0.2,1EF72A62-B7C3-C88D-164E-CE6F8C8424AE,1ZN7L4R0H1D00F,1W9DL31001461C,,1ZMLH8300204F0,1W9DL31001461C,,,,,
2023-11-01,11:31:14.04 AM,6m 51.7s,411.7,33.7993997511249,-117.4744536635038,75.4,137.7,15.4,1339,3320.6,7.161702,7.161702,-5.59235,2.23694,-4.47388,1.342164,0,0.894776,-1.2,-0.4,1.2,-141,219,217.5,Tripod,Other,,22,5,True,,True,False,,Smart,RC,False,True,False,,,True,,False,False,False,False,False,False,False,False,False,False,0,Follow Yaw,-77.9,0,-149.1,210.9,False,False,False,False,False,,0,0,False,False,No Card,100,100,1024,1305,964,1024,2,False,False,False,False,False,0,False,False,False,False,78,,47.04,,7834,,10044,,47.04,,True,3.92,3.92,3.92,3.92,3.92,3.92,3.92,3.92,3.92,3.92,3.92,3.92,0,,False,False,True,,,,,,,,,,,,,,,False,False,19.432,,98.0,,75.7,,98.0,,1471,90,7,20,7,143677.0,19156.94,,Idle,,20,,10,,,20,Go Home,False,False,False,False,False,False,False,False,False,False,False,False,33.8027920380556,-117.4659261431046,2866.0,2972.0,1049.4,396.9,True,1,1,False,False,False,False,,True,False,False,Course Lock,196.8,67,16.4,93,E,SW,2.46,11.4,Calm,False,False,Android,7.0.2,M300 RTK,1ZN7L4R0H1D00F,1W9DL31001461C,1ZMLH8300204F0,1Z6PH74DAP0QN7,"Corona, CA",728.3,5.7,137.7,8.547347,2.013246,0,0,DJI Matrice 300 RTK,M300 RTK,1ZN7L4R0H1D00F,1W9DL31001461C,1ZMLH8300204F0,1Z6PH74DAP0QN7,DJI Pilot,Android,7.0.2,1EF72A62-B7C3-C88D-164E-CE6F8C8424AE,1ZN7L4R0H1D00F,1W9DL31001461C,,1ZMLH8300204F0,1W9DL31001461C,,,,,
2023-11-01,11:31:14.14 AM,6m 51.8s,411.8,33.7993974514552,-117.474455823458,75.4,137.7,15.4,1339,3321.7,7.161702,7.161702,-5.59235,2.23694,-4.47388,1.342164,0,0.894776,-0.9,-0.3,0.9,-141,219,217.9,Tripod,Other,,22,5,True,,True,False,,Smart,RC,False,True,False,,,True,,False,False,False,False,False,False,False,False,False,False,0,Follow Yaw,-77.9,0,-149.1,210.9,False,False,False,False,False,,0,0,False,False,No Card,100,100,1024,1300,965,1024,2,False,False,False,False,False,0,False,False,False,False,78,,47.04,,7834,,10044,,47.04,,True,3.92,3.92,3.92,3.92,3.92,3.92,3.92,3.92,3.92,3.92,3.92,3.92,0,,False,False,True,,,,,,,,,,,,,,,False,False,19.432,,98.0,,75.7,,98.0,,1471,90,7,20,7,143677.0,19156.94,,Idle,,20,,10,,,20,Go Home,False,False,False,False,False,False,False,False,False,False,False,False,33.8027920380556,-117.4659261431046,2867.0,2972.0,1049.4,396.9,True,1,1,False,False,False,False,,True,False,False,Course Lock,196.8,67,16.4,93,E,SW,2.46,11.4,Calm,False,False,Android,7.0.2,M300 RTK,1ZN7L4R0H1D00F,1W9DL31001461C,1ZMLH8300204F0,1Z6PH74DAP0QN7,"Corona, CA",728.3,5.7,137.7,8.547347,2.013246,0,0,DJI Matrice 300 RTK,M300 RTK,1ZN7L4R0H1D00F,1W9DL31001461C,1ZMLH8300204F0,1Z6PH74DAP0QN7,DJI Pilot,Android,7.0.2,1EF72A62-B7C3-C88D-164E-CE6F8C8424AE,1ZN7L4R0H1D00F,1W9DL31001461C,,1ZMLH8300204F0,1W9DL31001461C,,,,,
2023-11-01,11:31:14.25 AM,6m 51.9s,411.9,33.7993949100036,-117.4744582075348,75.4,137.7,15.4,1339,3322.8,6.988423,7.161702,-5.368656,2.23694,-4.47388,1.342164,0,0.894776,-0.7,-0.3,0.7,-141,219,217.9,Tripod,Other,,22,5,True,,True,False,,Smart,RC,False,True,False,,,True,,False,False,False,False,False,False,False,False,False,False,0,Follow Yaw,-77.9,0,-149.1,210.9,False,False,False,False,False,,0,0,False,False,No Card,100,100,1024,1305,965,1024,2,False,False,False,False,False,0,False,False,False,False,78,,47.04,,7834,,10044,,47.04,,True,3.92,3.92,3.92,3.92,3.92,3.92,3.92,3.92,3.92,3.92,3.92,3.92,0,,False,False,True,,,,,,,,,,,,,,,False,False,19.432,,98.0,,75.7,,98.0,,1471,90,7,20,7,143677.0,19156.94,,Idle,,20,,10,,,20,Go Home,False,False,False,False,False,False,False,False,False,False,False,False,33.8027920380556,-117.4659261431046,2868.0,2972.0,1049.4,396.9,True,1,1,False,False,False,False,,True,False,False,Course Lock,196.8,67,16.4,93,E,SW,2.46,11.4,Calm,False,False,Android,7.0.2,M300 RTK,1ZN7L4R0H1D00F,1W9DL31001461C,1ZMLH8300204F0,1Z6PH74DAP0QN7,"Corona, CA",728.3,5.7,137.7,8.547347,2.013246,0,0,DJI Matrice 300 RTK,M300 RTK,1ZN7L4R0H1D00F,1W9DL31001461C,1ZMLH8300204F0,1Z6PH74DAP0QN7,DJI Pilot,Android,7.0.2,1EF72A62-B7C3-C88D-164E-CE6F8C8424AE,1ZN7L4R0H1D00F,1W9DL31001461C,,1ZMLH8300204F0,1W9DL31001461C,,,,,
2023-11-01,11:31:14.35 AM,6m 52.0s,412.0,33.7993925020529,-117.4744604703295,75.4,137.7,15.4,1339,3324.0,6.988423,7.161702,-5.368656,2.23694,-4.47388,1.342164,0,0.894776,-0.3,-0.5,0.5,-141,219,217.9,Tripod,Other,,22,5,True,,True,False,,Smart,RC,False,True,False,,,True,,False,False,False,False,False,False,False,False,False,False,0,Follow Yaw,-77.9,0,-149.1,210.9,False,False,False,False,False,,0,0,False,False,No Card,100,100,1024,1308,962,1024,2,False,False,False,False,False,0,False,False,False,False,78,,46.992,,3889,,4986,,46.992,,True,3.92,3.92,3.92,3.92,3.92,3.92,3.92,3.92,3.92,3.92,3.92,3.92,0,,False,False,True,,,,,,,,,,,,,,,False,False,9.52,,98.0,,75.7,,98.0,,1471,90,7,20,7,143677.0,19156.94,,Idle,,20,,10,,,20,Go Home,False,False,False,False,False,False,False,False,False,False,False,False,33.8027920380556,-117.4659261431046,2869.0,2972.0,1049.4,396.9,True,1,1,False,False,False,False,,True,False,False,Course Lock,196.8,67,16.4,93,E,SW,2.46,11.4,Calm,False,False,Android,7.0.2,M300 RTK,1ZN7L4R0H1D00F,1W9DL31001461C,1ZMLH8300204F0,1Z6PH74DAP0QN7,"Corona, CA",728.3,5.7,137.7,8.547347,2.013246,0,0,DJI Matrice 300 RTK,M300 RTK,1ZN7L4R0H1D00F,1W9DL31001461C,1ZMLH8300204F0,1Z6PH74DAP0QN7,DJI Pilot,Android,7.0.2,1EF72A62-B7C3-C88D-164E-CE6F8C8424AE,1ZN7L4R0H1D00F,1W9DL31001461C,,1ZMLH8300204F0,1W9DL31001461C,,,,,
2023-11-01,11:31:14.45 AM,6m 52.1s,412.1,33.7993900121375,-117.4744624713817,75.4,137.7,15.4,1339,3325.1,6.847375,7.161702,-5.368656,2.23694,-4.250186,1.342164,0,0.894776,-0.1,-0.3,0.3,-140.9,219.1,213.7,Tripod,Other,,22,5,True,,True,False,,Smart,RC,False,True,False,,,True,,False,False,False,False,False,False,False,False,False,False,0,Follow Yaw,-77.9,0,-149.1,210.9,False,False,False,False,False,,0,0,False,False,No Card,100,100,1024,1309,962,1024,2,False,False,False,False,False,0,False,False,False,False,78,,46.992,,3889,,4986,,46.992,,True,3.92,3.92,3.92,3.92,3.92,3.92,3.92,3.92,3.92,3.92,3.92,3.92,0,,False,False,True,,,,,,,,,,,,,,,False,False,9.52,,98.0,,75.7,,98.0,,1471,90,7,20,7,143677.0,19156.94,,Idle,,20,,10,,,20,Go Home,False,False,False,False,False,False,False,False,False,False,False,False,33.8027920380556,-117.4659261431046,2870.0,2972.0,1049.4,396.9,True,1,1,False,False,False,False,,True,False,False,Course Lock,196.8,67,16.4,93,E,SW,2.46,11.4,Calm,False,False,Android,7.0.2,M300 RTK,1ZN7L4R0H1D00F,1W9DL31001461C,1ZMLH8300204F0,1Z6PH74DAP0QN7,"Corona, CA",728.3,5.7,137.7,8.547347,2.013246,0,0,DJI Matrice 300 RTK,M300 RTK,1ZN7L4R0H1D00F,1W9DL31001461C,1ZMLH8300204F0,1Z6PH74DAP0QN7,DJI Pilot,Android,7.0.2,1EF72A62-B7C3-C88D-164E-CE6F8C8424AE,1ZN7L4R0H1D00F,1W9DL31001461C,,1ZMLH8300204F0,1W9DL31001461C,,,,,
2023-11-01,11:31:14.56 AM,6m 52.2s,412.2,33.799387855015,-117.4744644730988,75.4,137.7,15.4,1339,3326.0,6.847375,7.161702,-5.368656,2.23694,-4.250186,1.342164,0,0.894776,0,-0.2,0.2,-140.8,219.2,217.6,Tripod,Other,,21,5,True,,True,False,,Smart,RC,False,True,False,,,True,,False,False,False,False,False,False,False,False,False,False,0,Follow Yaw,-77.9,0,-149.1,210.9,False,False,False,False,False,,0,0,False,False,No Card,100,100,1024,1309,961,1024,2,False,False,False,False,False,0,False,False,False,False,78,,46.992,,3889,,4986,,46.992,,True,3.92,3.92,3.92,3.92,3.92,3.92,3.92,3.92,3.92,3.92,3.92,3.92,0,,False,False,True,,,,,,,,,,,,,,,False,False,9.52,,98.0,,75.7,,98.0,,1471,90,7,20,7,143677.0,19156.94,,Idle,,20,,10,,,20,Go Home,False,False,False,False,False,False,False,False,False,False,False,False,33.8027920380556,-117.4659261431046,2870.8,2972.0,1049.4,396.9,True,1,1,False,False,False,False,,True,False,False,Course Lock,196.8,67,16.4,93,E,SW,2.46,11.4,Calm,False,False,Android,7.0.2,M300 RTK,1ZN7L4R0H1D00F,1W9DL31001461C,1ZMLH8300204F0,1Z6PH74DAP0QN7,"Corona, CA",728.3,5.7,137.7,8.547347,2.013246,0,0,DJI Matrice 300 RTK,M300 RTK,1ZN7L4R0H1D00F,1W9DL31001461C,1ZMLH8300204F0,1Z6PH74DAP0QN7,DJI Pilot,Android,7.0.2,1EF72A62-B7C3-C88D-164E-CE6F8C8424AE,1ZN7L4R0H1D00F,1W9DL31001461C,,1ZMLH8300204F0,1W9DL31001461C,,,,,
2023-11-01,11:31:14.66 AM,6m 52.3s,412.3,33.7993857083094,-117.4744665171983,75.4,137.7,15.7,1339,3327.0,6.847375,7.161702,-5.368656,2.23694,-4.250186,1.342164,0,0.894776,-0.1,-0.1,0.1,-140.7,219.3,218.3,Tripod,Other,,21,5,True,,True,False,,Smart,RC,False,True,False,,,True,,False,False,False,False,False,False,False,False,False,False,0,Follow Yaw,-77.9,0,-149.1,210.9,False,False,False,False,False,,0,0,False,False,No Card,100,100,1024,1307,962,1024,2,False,False,False,False,False,0,False,False,False,False,78,,46.992,,3889,,4986,,46.992,,True,3.919,3.919,3.919,3.919,3.919,3.919,3.919,3.919,3.919,3.919,3.919,3.919,0,,False,False,True,,,,,,,,,,,,,,,False,False,9.52,,98.0,,75.7,,98.0,,1471,90,7,20,7,143697.3,19159.64,,Idle,,20,,10,,,20,Go Home,False,False,False,False,False,False,False,False,False,False,False,False,33.8027920380556,-117.4659261431046,2871.7,2972.0,1049.4,396.9,True,1,1,False,False,False,False,,True,False,False,Course Lock,196.8,67,16.4,93,E,SW,2.46,11.4,Calm,False,False,Android,7.0.2,M300 RTK,1ZN7L4R0H1D00F,1W9DL31001461C,1ZMLH8300204F0,1Z6PH74DAP0QN7,"Corona, CA",728.3,5.7,137.7,8.547347,2.013246,0,0,DJI Matrice 300 RTK,M300 RTK,1ZN7L4R0H1D00F,1W9DL31001461C,1ZMLH8300204F0,1Z6PH74DAP0QN7,DJI Pilot,Android,7.0.2,1EF72A62-B7C3-C88D-164E-CE6F8C8424AE,1ZN7L4R0H1D00F,1W9DL31001461C,,1ZMLH8300204F0,1W9DL31001461C,,,,,
2023-11-01,11:31:14.77 AM,6m 52.4s,412.4,33.7993834988282,-117.4744685935525,75.4,137.7,15.7,1339,3328.1,6.673433,7.161702,-5.144962,2.23694,-4.250186,1.342164,0,0.894776,-0.3,-0.3,0.4,-140.8,219.2,217.9,Tripod,Other,,22,5,True,,True,False,,Smart,RC,False,True,False,,,True,,False,False,False,False,False,False,False,False,False,False,0,Follow Yaw,-77.9,0,-149.1,210.9,False,False,False,False,False,,0,0,False,False,No Card,100,100,1024,1309,959,1024,2,False,False,False,False,False,0,False,False,False,False,78,,46.992,,3889,,4986,,46.992,,True,3.919,3.919,3.919,3.919,3.919,3.919,3.919,3.919,3.919,3.919,3.919,3.919,0,,False,False,True,,,,,,,,,,,,,,,False,False,9.52,,98.0,,75.7,,98.0,,1471,90,7,20,7,143697.3,19159.64,,Idle,,20,,10,,,20,Go Home,False,False,False,False,False,False,False,False,False,False,False,False,33.8027920380556,-117.4659261431046,2872.7,2972.0,1049.4,396.9,True,1,1,False,False,False,False,,True,False,False,Course Lock,196.8,67,16.4,93,E,SW,2.46,11.4,Calm,False,False,Android,7.0.2,M300 RTK,1ZN7L4R0H1D00F,1W9DL31001461C,1ZMLH8300204F0,1Z6PH74DAP0QN7,"Corona, CA",728.3,5.7,137.7,8.547347,2.013246,0,0,DJI Matrice 300 RTK,M300 RTK,1ZN7L4R0H1D00F,1W9DL31001461C,1ZMLH8300204F0,1Z6PH74DAP0QN7,DJI Pilot,Android,7.0.2,1EF72A62-B7C3-C88D-164E-CE6F8C8424AE,1ZN7L4R0H1D00F,1W9DL31001461C,,1ZMLH8300204F0,1W9DL31001461C,,,,,
2023-11-01,11:31:14.87 AM,6m 52.5s,412.5,33.7993813008604,-117.4744705699164,75.4,137.7,15.7,1339,3329.1,6.673433,7.161702,-5.144962,2.23694,-4.250186,1.342164,0,0.894776,-0.5,-0.8,0.9,-141,219,216.7,Tripod,Other,,22,5,True,,True,False,,Smart,RC,False,True,False,,,True,,False,False,False,False,False,False,False,False,False,False,0,Follow Yaw,-77.9,0,-149.1,210.9,False,False,False,False,False,,0,0,False,False,No Card,100,100,1024,1309,959,1024,2,False,False,False,False,False,0,False,False,False,False,78,,46.992,,3889,,4986,,46.992,,True,3.919,3.919,3.919,3.919,3.919,3.919,3.919,3.919,3.919,3.919,3.919,3.919,0,,False,False,True,,,,,,,,,,,,,,,False,False,9.52,,98.0,,75.7,,98.0,,1471,90,7,20,7,143697.3,19159.64,,Idle,,20,,10,,,20,Go Home,False,False,False,False,False,False,False,False,False,False,False,False,33.8027920380556,-117.4659261431046,2873.6,2972.0,1049.4,396.9,True,1,1,False,False,False,False,,True,False,False,Course Lock,196.8,67,16.4,93,E,SW,2.46,11.4,Calm,False,False,Android,7.0.2,M300 RTK,1ZN7L4R0H1D00F,1W9DL31001461C,1ZMLH8300204F0,1Z6PH74DAP0QN7,"Corona, CA",728.3,5.7,137.7,8.547347,2.013246,0,0,DJI Matrice 300 RTK,M300 RTK,1ZN7L4R0H1D00F,1W9DL31001461C,1ZMLH8300204F0,1Z6PH74DAP0QN7,DJI Pilot,Android,7.0.2,1EF72A62-B7C3-C88D-164E-CE6F8C8424AE,1ZN7L4R0H1D00F,1W9DL31001461C,,1ZMLH8300204F0,1W9DL31001461C,,,,,
2023-11-01,11:31:14.98 AM,6m 52.6s,412.6,33.7993791261936,-117.4744726048648,75.4,137.7,15.7,1339,3330.1,6.673433,7.161702,-5.144962,2.23694,-4.250186,1.342164,0,0.894776,-0.6,-1.1,1.2,-141,219,217.8,Tripod,Other,,22,5,True,,True,False,,Smart,RC,False,True,False,,,True,,False,False,False,False,False,False,False,False,False,False,0,Follow Yaw,-77.9,0,-149.1,210.9,False,False,False,False,False,,0,0,False,False,No Card,100,100,1024,1309,959,1024,2,False,False,False,False,False,0,False,False,False,False,78,,46.992,,3889,,4986,,46.992,,True,3.919,3.919,3.919,3.919,3.919,3.919,3.919,3.919,3.919,3.919,3.919,3.919,0,,False,False,True,,,,,,,,,,,,,,,False,False,9.52,,98.0,,75.7,,98.0,,1471,90,7,20,7,143697.3,19159.64,,Idle,,20,,10,,,20,Go Home,False,False,False,False,False,False,False,False,False,False,False,False,33.8027920380556,-117.4659261431046,2874.5,2972.0,1049.4,396.9,True,1,1,False,False,False,False,,True,False,False,Course Lock,196.8,67,16.4,93,E,SW,2.46,11.4,Calm,False,False,Android,7.0.2,M300 RTK,1ZN7L4R0H1D00F,1W9DL31001461C,1ZMLH8300204F0,1Z6PH74DAP0QN7,"Corona, CA",728.3,5.7,137.7,8.547347,2.013246,0,0,DJI Matrice 300 RTK,M300 RTK,1ZN7L4R0H1D00F,1W9DL31001461C,1ZMLH8300204F0,1Z6PH74DAP0QN7,DJI Pilot,Android,7.0.2,1EF72A62-B7C3-C88D-164E-CE6F8C8424AE,1ZN7L4R0H1D00F,1W9DL31001461C,,1ZMLH8300204F0,1W9DL31001461C,,,,,
2023-11-01,11:31:15.04 AM,6m 52.7s,412.7,33.7993771313556,-117.4744746701375,75.4,137.7,15.7,1339,3331.0,6.533243,7.161702,-5.144962,2.23694,-4.026492,1.342164,0,0.894776,-0.7,-1.2,1.3,-141,219,220.7,Tripod,Other,,22,5,True,,True,False,,Smart,RC,False,True,False,,,True,,False,False,False,False,False,False,False,False,False,False,0,Follow Yaw,-77.9,0,-149.1,210.9,False,False,False,False,False,,0,0,False,False,No Card,100,100,1024,1308,963,1024,2,False,False,False,False,False,0,False,False,False,False,78,,46.992,,3889,,4986,,46.992,,True,3.919,3.919,3.919,3.919,3.919,3.919,3.919,3.919,3.919,3.919,3.919,3.919,0,,False,False,True,,,,,,,,,,,,,,,False,False,9.52,,98.0,,75.7,,98.0,,1471,90,7,20,7,143697.3,19159.64,,Idle,,20,,10,,,20,Go Home,False,False,False,False,False,False,False,False,False,False,False,False,33.8027920380556,-117.4659261431046,2875.3,2972.0,1049.4,396.9,True,1,1,False,False,False,False,,True,False,False,Course Lock,196.8,67,16.4,93,E,SW,2.46,11.4,Calm,False,False,Android,7.0.2,M300 RTK,1ZN7L4R0H1D00F,1W9DL31001461C,1ZMLH8300204F0,1Z6PH74DAP0QN7,"Corona, CA",728.3,5.7,137.7,8.547347,2.013246,0,0,DJI Matrice 300 RTK,M300 RTK,1ZN7L4R0H1D00F,1W9DL31001461C,1ZMLH8300204F0,1Z6PH74DAP0QN7,DJI Pilot,Android,7.0.2,1EF72A62-B7C3-C88D-164E-CE6F8C8424AE,1ZN7L4R0H1D00F,1W9DL31001461C,,1ZMLH8300204F0,1W9DL31001461C,,,,,
2023-11-01,11:31:15.14 AM,6m 52.8s,412.8,33.7993748851411,-117.4744767604104,75.4,137.7,15.7,1339,3332.1,6.533243,7.161702,-5.144962,2.23694,-4.026492,1.342164,0,0.894776,-0.9,-1.1,1.4,-141,219,217.7,Tripod,Other,,22,5,True,,True,False,,Smart,RC,False,True,False,,,True,,False,False,False,False,False,False,False,False,False,False,0,Follow Yaw,-77.9,0,-149.1,210.9,False,False,False,False,False,,0,0,False,False,No Card,100,100,1024,1309,962,1024,2,False,False,False,False,False,0,False,False,False,False,78,,46.992,,3889,,4986,,46.992,,True,3.919,3.919,3.919,3.919,3.919,3.919,3.919,3.919,3.919,3.919,3.919,3.919,0,,False,False,True,,,,,,,,,,,,,,,False,False,9.52,,98.0,,75.7,,98.0,,1471,90,7,20,7,143697.3,19159.64,,Idle,,20,,10,,,20,Go Home,False,False,False,False,False,False,False,False,False,False,False,False,33.8027920380556,-117.4659261431046,2876.3,2972.0,1049.4,396.9,True,1,1,False,False,False,False,,True,False,False,Course Lock,196.8,67,16.4,93,E,SW,2.46,11.4,Calm,False,False,Android,7.0.2,M300 RTK,1ZN7L4R0H1D00F,1W9DL31001461C,1ZMLH8300204F0,1Z6PH74DAP0QN7,"Corona, CA",728.3,5.7,137.7,8.547347,2.013246,0,0,DJI Matrice 300 RTK,M300 RTK,1ZN7L4R0H1D00F,1W9DL31001461C,1ZMLH8300204F0,1Z6PH74DAP0QN7,DJI Pilot,Android,7.0.2,1EF72A62-B7C3-C88D-164E-CE6F8C8424AE,1ZN7L4R0H1D00F,1W9DL31001461C,,1ZMLH8300204F0,1W9DL31001461C,,,,,
2023-11-01,11:31:15.24 AM,6m 52.9s,412.9,33.7993728261568,-117.4744785477025,75.4,137.7,15.7,1339,3333.0,6.533243,7.161702,-5.144962,2.23694,-4.026492,1.342164,0,0.894776,-0.7,-0.8,1,-140.8,219.2,215.8,Tripod,Other,,22,5,True,,True,False,,Smart,RC,False,True,False,,,True,,False,False,False,False,False,False,False,False,False,False,0,Follow Yaw,-77.9,0,-149.1,210.9,False,False,False,False,False,,0,0,False,False,No Card,100,100,1024,1309,962,1024,2,False,False,False,False,False,0,False,False,False,False,78,,46.992,,3889,,4986,,46.992,,True,3.919,3.919,3.919,3.919,3.919,3.919,3.919,3.919,3.919,3.919,3.919,3.919,0,,False,False,True,,,,,,,,,,,,,,,False,False,9.52,,98.0,,75.7,,98.0,,1471,90,7,20,7,143697.3,19159.64,,Idle,,20,,10,,,20,Go Home,False,False,False,False,False,False,False,False,False,False,False,False,33.8027920380556,-117.4659261431046,2877.1,2972.0,1049.4,396.9,True,1,1,False,False,False,False,,True,False,False,Course Lock,196.8,67,16.4,93,E,SW,2.46,11.4,Calm,False,False,Android,7.0.2,M300 RTK,1ZN7L4R0H1D00F,1W9DL31001461C,1ZMLH8300204F0,1Z6PH74DAP0QN7,"Corona, CA",728.3,5.7,137.7,8.547347,2.013246,0,0,DJI Matrice 300 RTK,M300 RTK,1ZN7L4R0H1D00F,1W9DL31001461C,1ZMLH8300204F0,1Z6PH74DAP0QN7,DJI Pilot,Android,7.0.2,1EF72A62-B7C3-C88D-164E-CE6F8C8424AE,1ZN7L4R0H1D00F,1W9DL31001461C,,1ZMLH8300204F0,1W9DL31001461C,,,,,
2023-11-01,11:31:15.34 AM,6m 53.0s,413.0,33.7993706997368,-117.4744804897115,75.1,137.7,15.7,1339,3334.0,6.358578,7.161702,-4.921268,2.23694,-4.026492,1.342164,0,0.894776,-0.7,-0.3,0.7,-140.6,219.4,217.1,Tripod,Other,,22,5,True,,True,False,,Smart,RC,False,True,False,,,True,,False,False,False,False,False,False,False,False,False,False,0,Follow Yaw,-77.9,0,-149.1,210.9,False,False,False,False,False,,0,0,False,False,No Card,100,100,1024,1309,961,1024,2,False,False,False,False,False,0,False,False,False,False,78,,47.028,,7834,,10044,,47.028,,True,3.919,3.919,3.919,3.919,3.919,3.919,3.919,3.919,3.919,3.919,3.919,3.919,0,,False,False,True,,,,,,,,,,,,,,,False,False,19.02,,98.2,,75.7,,98.2,,1471,90,7,20,7,143697.3,19159.64,,Idle,,20,,10,,,20,Go Home,False,False,False,False,False,False,False,False,False,False,False,False,33.8027920380556,-117.4659261431046,2877.9,2972.0,1049.4,396.9,True,1,1,False,False,False,False,,True,False,False,Course Lock,196.8,67,16.4,93,E,SW,2.46,11.4,Calm,False,False,Android,7.0.2,M300 RTK,1ZN7L4R0H1D00F,1W9DL31001461C,1ZMLH8300204F0,1Z6PH74DAP0QN7,"Corona, CA",728.3,5.7,137.7,8.547347,2.013246,0,0,DJI Matrice 300 RTK,M300 RTK,1ZN7L4R0H1D00F,1W9DL31001461C,1ZMLH8300204F0,1Z6PH74DAP0QN7,DJI Pilot,Android,7.0.2,1EF72A62-B7C3-C88D-164E-CE6F8C8424AE,1ZN7L4R0H1D00F,1W9DL31001461C,,1ZMLH8300204F0,1W9DL31001461C,,,,,
2023-11-01,11:31:15.44 AM,6m 53.1s,413.1,33.7993686111466,-117.4744826560337,75.1,137.7,15.7,1339,3335.0,6.358578,7.161702,-4.921268,2.23694,-4.026492,1.342164,0,0.894776,-0.8,0.1,0.8,-140.4,219.6,220.7,Tripod,Other,,22,5,True,,True,False,,Smart,RC,False,True,False,,,True,,False,False,False,False,False,False,False,False,False,False,0,Follow Yaw,-77.9,0,-149.1,210.9,False,False,False,False,False,,0,0,False,False,No Card,100,100,1024,1308,961,1024,2,False,False,False,False,False,0,False,False,False,False,78,,47.028,,7834,,10044,,47.028,,True,3.919,3.919,3.919,3.919,3.919,3.919,3.919,3.919,3.919,3.919,3.919,3.919,0,,False,False,True,,,,,,,,,,,,,,,False,False,19.02,,98.2,,75.7,,98.2,,1471,90,7,20,7,143697.3,19159.64,,Idle,,20,,10,,,20,Go Home,False,False,False,False,False,False,False,False,False,False,False,False,33.8027920380556,-117.4659261431046,2878.9,2972.0,1049.4,396.9,True,1,1,False,False,False,False,,True,False,False,Course Lock,196.8,67,16.4,93,E,SW,2.46,11.4,Calm,False,False,Android,7.0.2,M300 RTK,1ZN7L4R0H1D00F,1W9DL31001461C,1ZMLH8300204F0,1Z6PH74DAP0QN7,"Corona, CA",728.3,5.7,137.7,8.547347,2.013246,0,0,DJI Matrice 300 RTK,M300 RTK,1ZN7L4R0H1D00F,1W9DL31001461C,1ZMLH8300204F0,1Z6PH74DAP0QN7,DJI Pilot,Android,7.0.2,1EF72A62-B7C3-C88D-164E-CE6F8C8424AE,1ZN7L4R0H1D00F,1W9DL31001461C,,1ZMLH8300204F0,1W9DL31001461C,,,,,
2023-11-01,11:31:15.54 AM,6m 53.2s,413.2,33.7993665233787,-117.4744846107193,75.1,137.7,15.7,1339,3335.9,6.358578,7.161702,-4.921268,2.23694,-4.026492,1.342164,0,0.894776,-0.7,0.1,0.7,-140.5,219.5,217.8,Tripod,Other,,22,5,True,,True,False,,Smart,RC,False,True,False,,,True,,False,False,False,False,False,False,False,False,False,False,0,Follow Yaw,-77.9,0,-149.1,210.9,False,False,False,False,False,,0,0,False,False,No Card,100,100,1024,1307,961,1024,2,False,False,False,False,False,0,False,False,False,False,78,,47.028,,7834,,10044,,47.028,,True,3.919,3.919,3.919,3.919,3.919,3.919,3.919,3.919,3.919,3.919,3.919,3.919,0,,False,False,True,,,,,,,,,,,,,,,False,False,19.02,,98.2,,75.7,,98.2,,1471,90,7,20,7,143697.3,19159.64,,Idle,,20,,10,,,20,Go Home,False,False,False,False,False,False,False,False,False,False,False,False,33.8027920380556,-117.4659261431046,2879.7,2972.0,1049.4,396.9,True,1,1,False,False,False,False,,True,False,False,Course Lock,196.8,67,16.4,93,E,SW,2.46,11.4,Calm,False,False,Android,7.0.2,M300 RTK,1ZN7L4R0H1D00F,1W9DL31001461C,1ZMLH8300204F0,1Z6PH74DAP0QN7,"Corona, CA",728.3,5.7,137.7,8.547347,2.013246,0,0,DJI Matrice 300 RTK,M300 RTK,1ZN7L4R0H1D00F,1W9DL31001461C,1ZMLH8300204F0,1Z6PH74DAP0QN7,DJI Pilot,Android,7.0.2,1EF72A62-B7C3-C88D-164E-CE6F8C8424AE,1ZN7L4R0H1D00F,1W9DL31001461C,,1ZMLH8300204F0,1W9DL31001461C,,,,,
2023-11-01,11:31:15.64 AM,6m 53.3s,413.3,33.7993642486548,-117.4744866081636,75.1,137.7,15.7,1339,3337.0,6.358578,7.161702,-4.921268,2.23694,-4.026492,1.342164,0,0.894776,-0.6,-0.2,0.6,-140.6,219.4,216.1,Tripod,Other,,22,5,True,,True,False,,Smart,RC,False,True,False,,,True,,False,False,False,False,False,False,False,False,False,False,0,Follow Yaw,-77.9,0,-149.1,210.9,False,False,False,False,False,,0,0,False,False,No Card,100,100,1024,1307,960,1024,2,False,False,False,False,False,0,False,False,False,False,78,,47.028,,7834,,10044,,47.028,,True,3.919,3.919,3.919,3.919,3.919,3.919,3.919,3.919,3.919,3.919,3.919,3.919,0,,False,False,True,,,,,,,,,,,,,,,False,False,19.02,,98.2,,75.7,,98.2,,1471,90,7,20,7,143722.0,19162.93,,Idle,,20,,10,,,20,Go Home,False,False,False,False,False,False,False,False,False,False,False,False,33.8027920380556,-117.4659261431046,2880.6,2972.0,1049.4,396.9,True,1,1,False,False,False,False,,True,False,False,Course Lock,196.8,67,16.4,93,E,SW,2.46,11.4,Calm,False,False,Android,7.0.2,M300 RTK,1ZN7L4R0H1D00F,1W9DL31001461C,1ZMLH8300204F0,1Z6PH74DAP0QN7,"Corona, CA",728.3,5.7,137.7,8.547347,2.013246,0,0,DJI Matrice 300 RTK,M300 RTK,1ZN7L4R0H1D00F,1W9DL31001461C,1ZMLH8300204F0,1Z6PH74DAP0QN7,DJI Pilot,Android,7.0.2,1EF72A62-B7C3-C88D-164E-CE6F8C8424AE,1ZN7L4R0H1D00F,1W9DL31001461C,,1ZMLH8300204F0,1W9DL31001461C,,,,,
2023-11-01,11:31:15.74 AM,6m 53.4s,413.4,33.7993621811725,-117.4744885589708,75.1,137.7,15.7,1339,3337.9,6.18707,7.161702,-4.697574,2.23694,-4.026492,1.342164,0,0.894776,-0.4,-0.7,0.8,-140.7,219.3,218.0,Tripod,Other,,22,5,True,,True,False,,Smart,RC,False,True,False,,,True,,False,False,False,False,False,False,False,False,False,False,0,Follow Yaw,-77.9,0,-149.1,210.9,False,False,False,False,False,,0,0,False,False,No Card,100,100,1024,1309,958,1024,2,False,False,False,False,False,0,False,False,False,False,78,,47.028,,7834,,10044,,47.028,,True,3.919,3.919,3.919,3.919,3.919,3.919,3.919,3.919,3.919,3.919,3.919,3.919,0,,False,False,True,,,,,,,,,,,,,,,False,False,19.02,,98.2,,75.7,,98.2,,1471,90,7,20,7,143722.0,19162.93,,Idle,,20,,10,,,20,Go Home,False,False,False,False,False,False,False,False,False,False,False,False,33.8027920380556,-117.4659261431046,2881.5,2972.0,1049.4,396.9,True,1,1,False,False,False,False,,True,False,False,Course Lock,196.8,67,16.4,93,E,SW,2.46,11.4,Calm,False,False,Android,7.0.2,M300 RTK,1ZN7L4R0H1D00F,1W9DL31001461C,1ZMLH8300204F0,1Z6PH74DAP0QN7,"Corona, CA",728.3,5.7,137.7,8.547347,2.013246,0,0,DJI Matrice 300 RTK,M300 RTK,1ZN7L4R0H1D00F,1W9DL31001461C,1ZMLH8300204F0,1Z6PH74DAP0QN7,DJI Pilot,Android,7.0.2,1EF72A62-B7C3-C88D-164E-CE6F8C8424AE,1ZN7L4R0H1D00F,1W9DL31001461C,,1ZMLH8300204F0,1W9DL31001461C,,,,,
2023-11-01,11:31:15.84 AM,6m 53.5s,413.5,33.7993604031706,-117.4744903636272,75.1,137.7,15.7,1339,3338.8,6.043879,7.161702,-4.697574,2.23694,-3.802798,1.342164,0,0.894776,-0.3,-0.8,0.8,-140.8,219.2,220.1,Tripod,Other,,22,5,True,,True,False,,Smart,RC,False,True,False,,,True,,False,False,False,False,False,False,False,False,False,False,0,Follow Yaw,-77.9,0,-149.1,210.9,False,False,False,False,False,,0,0,False,False,No Card,100,100,1024,1308,958,1024,2,False,False,False,False,False,0,False,False,False,False,78,,47.028,,7834,,10044,,47.028,,True,3.919,3.919,3.919,3.919,3.919,3.919,3.919,3.919,3.919,3.919,3.919,3.919,0,,False,False,True,,,,,,,,,,,,,,,False,False,19.02,,98.2,,75.7,,98.2,,1471,90,7,20,7,143722.0,19162.93,,Idle,,20,,10,,,20,Go Home,False,False,False,False,False,False,False,False,False,False,False,False,33.8027920380556,-117.4659261431046,2882.3,2972.0,1049.4,396.9,True,1,1,False,False,False,False,,True,False,False,Course Lock,196.8,67,16.4,93,E,SW,2.46,11.4,Calm,False,False,Android,7.0.2,M300 RTK,1ZN7L4R0H1D00F,1W9DL31001461C,1ZMLH8300204F0,1Z6PH74DAP0QN7,"Corona, CA",728.3,5.7,137.7,8.547347,2.013246,0,0,DJI Matrice 300 RTK,M300 RTK,1ZN7L4R0H1D00F,1W9DL31001461C,1ZMLH8300204F0,1Z6PH74DAP0QN7,DJI Pilot,Android,7.0.2,1EF72A62-B7C3-C88D-164E-CE6F8C8424AE,1ZN7L4R0H1D00F,1W9DL31001461C,,1ZMLH8300204F0,1W9DL31001461C,,,,,
2023-11-01,11:31:15.94 AM,6m 53.6s,413.6,33.7993583916107,-117.4744922684748,75.1,137.7,15.7,1339,3339.7,6.043879,7.161702,-4.697574,2.23694,-3.802798,1.342164,0,0.894776,-0.4,-0.7,0.8,-140.8,219.2,218.1,Tripod,Other,,22,5,True,,True,False,,Smart,RC,False,True,False,,,True,,False,False,False,False,False,False,False,False,False,False,0,Follow Yaw,-77.9,0,-149.1,210.9,False,False,False,False,False,,0,0,False,False,No Card,100,100,1024,1309,957,1024,2,False,False,False,False,False,0,False,False,False,False,78,,47.028,,7834,,10044,,47.028,,True,3.919,3.919,3.919,3.919,3.919,3.919,3.919,3.919,3.919,3.919,3.919,3.919,0,,False,False,True,,,,,,,,,,,,,,,False,False,19.02,,98.2,,75.7,,98.2,,1471,90,7,20,7,143722.0,19162.93,,Idle,,20,,10,,,20,Go Home,False,False,False,False,False,False,False,False,False,False,False,False,33.8027920380556,-117.4659261431046,2883.1,2972.0,1049.4,396.9,True,1,1,False,False,False,False,,True,False,False,Course Lock,196.8,67,16.4,93,E,SW,2.46,11.4,Calm,False,False,Android,7.0.2,M300 RTK,1ZN7L4R0H1D00F,1W9DL31001461C,1ZMLH8300204F0,1Z6PH74DAP0QN7,"Corona, CA",728.3,5.7,137.7,8.547347,2.013246,0,0,DJI Matrice 300 RTK,M300 RTK,1ZN7L4R0H1D00F,1W9DL31001461C,1ZMLH8300204F0,1Z6PH74DAP0QN7,DJI Pilot,Android,7.0.2,1EF72A62-B7C3-C88D-164E-CE6F8C8424AE,1ZN7L4R0H1D00F,1W9DL31001461C,,1ZMLH8300204F0,1W9DL31001461C,,,,,
2023-11-01,11:31:16.04 AM,6m 53.7s,413.7,33.7993560543853,-117.4744943959438,75.1,137.7,15.7,1339,3340.8,6.043879,7.161702,-4.697574,2.23694,-3.802798,1.342164,0,0.894776,-0.7,-0.6,0.9,-140.9,219.1,217.1,Tripod,Other,,22,5,True,,True,False,,Smart,RC,False,True,False,,,True,,False,False,False,False,False,False,False,False,False,False,0,Follow Yaw,-77.9,0,-149.1,210.9,False,False,False,False,False,,0,0,False,False,No Card,100,100,1024,1306,960,1024,2,False,False,False,False,False,0,False,False,False,False,78,,46.968,,3889,,4986,,46.968,,True,3.919,3.919,3.919,3.919,3.919,3.919,3.919,3.919,3.919,3.919,3.919,3.919,0,,False,False,True,,,,,,,,,,,,,,,False,False,9.482,,98.2,,75.7,,98.2,,1471,90,7,20,7,143722.0,19162.93,,Idle,,20,,10,,,20,Go Home,False,False,False,False,False,False,False,False,False,False,False,False,33.8027920380556,-117.4659261431046,2884.1,2972.0,1049.4,396.9,True,1,1,False,False,False,False,,True,False,False,Course Lock,196.8,67,16.4,93,E,SW,2.46,11.4,Calm,False,False,Android,7.0.2,M300 RTK,1ZN7L4R0H1D00F,1W9DL31001461C,1ZMLH8300204F0,1Z6PH74DAP0QN7,"Corona, CA",728.3,5.7,137.7,8.547347,2.013246,0,0,DJI Matrice 300 RTK,M300 RTK,1ZN7L4R0H1D00F,1W9DL31001461C,1ZMLH8300204F0,1Z6PH74DAP0QN7,DJI Pilot,Android,7.0.2,1EF72A62-B7C3-C88D-164E-CE6F8C8424AE,1ZN7L4R0H1D00F,1W9DL31001461C,,1ZMLH8300204F0,1W9DL31001461C,,,,,
2023-11-01,11:31:16.14 AM,6m 53.8s,413.8,33.7993540477597,-117.4744962923954,75.1,137.7,15.7,1339,3341.7,6.043879,7.161702,-4.697574,2.23694,-3.802798,1.342164,0,0.894776,-0.8,-0.4,0.8,-140.9,219.1,218.1,Tripod,Other,,22,5,True,,True,False,,Smart,RC,False,True,False,,,True,,False,False,False,False,False,False,False,False,False,False,0,Follow Yaw,-77.9,0,-149.1,210.9,False,False,False,False,False,,0,0,False,False,No Card,100,100,1024,1307,957,1024,2,False,False,False,False,False,0,False,False,False,False,78,,46.968,,3889,,4986,,46.968,,True,3.919,3.919,3.919,3.919,3.919,3.919,3.919,3.919,3.919,3.919,3.919,3.919,0,,False,False,True,,,,,,,,,,,,,,,False,False,9.482,,98.2,,75.7,,98.2,,1471,90,7,20,7,143722.0,19162.93,,Idle,,20,,10,,,20,Go Home,False,False,False,False,False,False,False,False,False,False,False,False,33.8027920380556,-117.4659261431046,2884.9,2972.0,1049.4,396.9,True,1,1,False,False,False,False,,True,False,False,Course Lock,196.8,67,16.4,93,E,SW,2.46,11.4,Calm,False,False,Android,7.0.2,M300 RTK,1ZN7L4R0H1D00F,1W9DL31001461C,1ZMLH8300204F0,1Z6PH74DAP0QN7,"Corona, CA",728.3,5.7,137.7,8.547347,2.013246,0,0,DJI Matrice 300 RTK,M300 RTK,1ZN7L4R0H1D00F,1W9DL31001461C,1ZMLH8300204F0,1Z6PH74DAP0QN7,DJI Pilot,Android,7.0.2,1EF72A62-B7C3-C88D-164E-CE6F8C8424AE,1ZN7L4R0H1D00F,1W9DL31001461C,,1ZMLH8300204F0,1W9DL31001461C,,,,,
2023-11-01,11:31:16.24 AM,6m 53.9s,413.9,33.799352172442,-117.4744979232144,75.1,137.7,15.7,1339,3342.6,6.043879,7.161702,-4.697574,2.23694,-3.802798,1.342164,0,0.894776,-0.8,-0.4,0.8,-141,219,215.8,Tripod,Other,,22,5,True,,True,False,,Smart,RC,False,True,False,,,True,,False,False,False,False,False,False,False,False,False,False,0,Follow Yaw,-77.9,0,-149.1,210.9,False,False,False,False,False,,0,0,False,False,No Card,100,100,1024,1306,959,1024,2,False,False,False,False,False,0,False,False,False,False,78,,46.968,,3889,,4986,,46.968,,True,3.919,3.919,3.919,3.919,3.919,3.919,3.919,3.919,3.919,3.919,3.919,3.919,0,,False,False,True,,,,,,,,,,,,,,,False,False,9.482,,98.2,,75.7,,98.2,,1471,90,7,20,7,143722.0,19162.93,,Idle,,20,,10,,,20,Go Home,False,False,False,False,False,False,False,False,False,False,False,False,33.8027920380556,-117.4659261431046,2885.6,2972.0,1049.4,396.9,True,1,1,False,False,False,False,,True,False,False,Course Lock,196.8,67,16.4,93,E,SW,2.46,11.4,Calm,False,False,Android,7.0.2,M300 RTK,1ZN7L4R0H1D00F,1W9DL31001461C,1ZMLH8300204F0,1Z6PH74DAP0QN7,"Corona, CA",728.3,5.7,137.7,8.547347,2.013246,0,0,DJI Matrice 300 RTK,M300 RTK,1ZN7L4R0H1D00F,1W9DL31001461C,1ZMLH8300204F0,1Z6PH74DAP0QN7,DJI Pilot,Android,7.0.2,1EF72A62-B7C3-C88D-164E-CE6F8C8424AE,1ZN7L4R0H1D00F,1W9DL31001461C,,1ZMLH8300204F0,1W9DL31001461C,,,,,
2023-11-01,11:31:16.34 AM,6m 54.0s,414.0,33.7993501940517,-117.4744997929032,75.1,137.7,15.7,1339,3343.5,5.871701,7.161702,-4.47388,2.23694,-3.802798,1.342164,0,0.894776,-0.9,-0.7,1.1,-141,219,218.1,Tripod,Other,,22,5,True,,True,False,,Smart,RC,False,True,False,,,True,,False,False,False,False,False,False,False,False,False,False,0,Follow Yaw,-77.9,0,-149.1,210.9,False,False,False,False,False,,0,0,False,False,No Card,100,100,1024,1307,958,1024,2,False,False,False,False,False,0,False,False,False,False,78,,47.028,,7834,,10044,,47.028,,True,3.919,3.919,3.919,3.919,3.919,3.919,3.919,3.919,3.919,3.919,3.919,3.919,0,,False,False,True,,,,,,,,,,,,,,,False,False,19.02,,98.2,,75.7,,98.2,,1471,90,7,20,7,143722.0,19162.93,,Idle,,20,,10,,,20,Go Home,False,False,False,False,False,False,False,False,False,False,False,False,33.8027920380556,-117.4659261431046,2886.5,2972.0,1049.4,396.9,True,1,1,False,False,False,False,,True,False,False,Course Lock,196.8,67,16.4,93,E,SW,2.46,11.4,Calm,False,False,Android,7.0.2,M300 RTK,1ZN7L4R0H1D00F,1W9DL31001461C,1ZMLH8300204F0,1Z6PH74DAP0QN7,"Corona, CA",728.3,5.7,137.7,8.547347,2.013246,0,0,DJI Matrice 300 RTK,M300 RTK,1ZN7L4R0H1D00F,1W9DL31001461C,1ZMLH8300204F0,1Z6PH74DAP0QN7,DJI Pilot,Android,7.0.2,1EF72A62-B7C3-C88D-164E-CE6F8C8424AE,1ZN7L4R0H1D00F,1W9DL31001461C,,1ZMLH8300204F0,1W9DL31001461C,,,,,
2023-11-01,11:31:16.42 AM,6m 54.1s,414.1,33.7993483085912,-117.4745017992603,75.1,137.7,15.7,1339,3344.4,5.871701,7.161702,-4.47388,2.23694,-3.802798,1.342164,0,0.894776,-1.1,-1.1,1.5,-141.1,218.9,221.4,Tripod,Other,,22,5,True,,True,False,,Smart,RC,False,True,False,,,True,,False,False,False,False,False,False,False,False,False,False,0,Follow Yaw,-77.9,0,-149.1,210.9,False,False,False,False,False,,0,0,False,False,No Card,100,100,1024,1305,959,1024,2,False,False,False,False,False,0,False,False,False,False,78,,47.028,,7834,,10044,,47.028,,True,3.919,3.919,3.919,3.919,3.919,3.919,3.919,3.919,3.919,3.919,3.919,3.919,0,,False,False,True,,,,,,,,,,,,,,,False,False,19.02,,98.2,,75.7,,98.2,,1471,90,7,20,7,143722.0,19162.93,,Idle,,20,,10,,,20,Go Home,False,False,False,False,False,False,False,False,False,False,False,False,33.8027920380556,-117.4659261431046,2887.3,2972.0,1049.4,396.9,True,1,1,False,False,False,False,,True,False,False,Course Lock,196.8,67,16.4,93,E,SW,2.46,11.4,Calm,False,False,Android,7.0.2,M300 RTK,1ZN7L4R0H1D00F,1W9DL31001461C,1ZMLH8300204F0,1Z6PH74DAP0QN7,"Corona, CA",728.3,5.7,137.7,8.547347,2.013246,0,0,DJI Matrice 300 RTK,M300 RTK,1ZN7L4R0H1D00F,1W9DL31001461C,1ZMLH8300204F0,1Z6PH74DAP0QN7,DJI Pilot,Android,7.0.2,1EF72A62-B7C3-C88D-164E-CE6F8C8424AE,1ZN7L4R0H1D00F,1W9DL31001461C,,1ZMLH8300204F0,1W9DL31001461C,,,,,
2023-11-01,11:31:16.52 AM,6m 54.2s,414.2,33.7993463551466,-117.4745036641119,75.1,137.7,15.7,1339,3345.3,5.871701,7.161702,-4.47388,2.23694,-3.802798,1.342164,0,0.894776,-1.2,-1.4,1.8,-141.2,218.8,218.4,Tripod,Other,,22,5,True,,True,False,,Smart,RC,False,True,False,,,True,,False,False,False,False,False,False,False,False,False,False,0,Follow Yaw,-77.9,0,-149.1,210.9,False,False,False,False,False,,0,0,False,False,No Card,100,100,1024,1308,959,1024,2,False,False,False,False,False,0,False,False,False,False,78,,47.028,,7834,,10044,,47.028,,True,3.919,3.919,3.919,3.919,3.919,3.919,3.919,3.919,3.919,3.919,3.919,3.919,0,,False,False,True,,,,,,,,,,,,,,,False,False,19.02,,98.2,,75.7,,98.2,,1471,90,7,20,7,143722.0,19162.93,,Idle,,20,,10,,,20,Go Home,False,False,False,False,False,False,False,False,False,False,False,False,33.8027920380556,-117.4659261431046,2888.1,2972.0,1049.4,396.9,True,1,1,False,False,False,False,,True,False,False,Course Lock,196.8,67,16.4,93,E,SW,2.46,11.4,Calm,False,False,Android,7.0.2,M300 RTK,1ZN7L4R0H1D00F,1W9DL31001461C,1ZMLH8300204F0,1Z6PH74DAP0QN7,"Corona, CA",728.3,5.7,137.7,8.547347,2.013246,0,0,DJI Matrice 300 RTK,M300 RTK,1ZN7L4R0H1D00F,1W9DL31001461C,1ZMLH8300204F0,1Z6PH74DAP0QN7,DJI Pilot,Android,7.0.2,1EF72A62-B7C3-C88D-164E-CE6F8C8424AE,1ZN7L4R0H1D00F,1W9DL31001461C,,1ZMLH8300204F0,1W9DL31001461C,,,,,
2023-11-01,11:31:16.64 AM,6m 54.3s,414.3,33.7993443868991,-117.474505377401,75.1,137.7,15.7,1339,3346.2,5.871701,7.161702,-4.47388,2.23694,-3.802798,1.342164,0,0.894776,-1.1,-1.5,1.8,-141.2,218.8,215.8,Tripod,Other,,22,5,True,,True,False,,Smart,RC,False,True,False,,,True,,False,False,False,False,False,False,False,False,False,False,0,Follow Yaw,-77.9,0,-149.1,210.9,False,False,False,False,False,,0,0,False,False,No Card,100,100,1024,1309,956,1024,2,False,False,False,False,False,0,False,False,False,False,78,,47.028,,7834,,10044,,47.028,,True,3.917,3.917,3.917,3.917,3.917,3.917,3.917,3.917,3.917,3.917,3.917,3.917,0,,False,False,True,,,,,,,,,,,,,,,False,False,19.02,,98.2,,75.7,,98.2,,1471,91,7,20,7,143668.5,19155.80,,Idle,,20,,10,,,20,Go Home,False,False,False,False,False,False,False,False,False,False,False,False,33.8027920380556,-117.4659261431046,2888.9,2972.0,1049.4,396.9,True,1,1,False,False,False,False,,True,False,False,Course Lock,196.8,67,16.4,93,E,SW,2.46,11.4,Calm,False,False,Android,7.0.2,M300 RTK,1ZN7L4R0H1D00F,1W9DL31001461C,1ZMLH8300204F0,1Z6PH74DAP0QN7,"Corona, CA",728.3,5.7,137.7,8.547347,2.013246,0,0,DJI Matrice 300 RTK,M300 RTK,1ZN7L4R0H1D00F,1W9DL31001461C,1ZMLH8300204F0,1Z6PH74DAP0QN7,DJI Pilot,Android,7.0.2,1EF72A62-B7C3-C88D-164E-CE6F8C8424AE,1ZN7L4R0H1D00F,1W9DL31001461C,,1ZMLH8300204F0,1W9DL31001461C,,,,,
2023-11-01,11:31:16.73 AM,6m 54.4s,414.4,33.7993424307133,-117.4745072060647,75.1,137.7,15.7,1339,3347.1,5.729361,7.161702,-4.47388,2.23694,-3.579104,1.342164,0,0.894776,-1,-1.5,1.8,-141.2,218.8,217.8,Tripod,Other,,22,5,True,,True,False,,Smart,RC,False,True,False,,,True,,False,False,False,False,False,False,False,False,False,False,0,Follow Yaw,-77.9,0,-149.1,210.9,False,False,False,False,False,,0,0,False,False,No Card,100,100,1024,1309,957,1024,2,False,False,False,False,False,0,False,False,False,False,78,,47.028,,7834,,10044,,47.028,,True,3.917,3.917,3.917,3.917,3.917,3.917,3.917,3.917,3.917,3.917,3.917,3.917,0,,False,False,True,,,,,,,,,,,,,,,False,False,19.02,,98.2,,75.7,,98.2,,1471,91,7,20,7,143668.5,19155.80,,Idle,,20,,10,,,20,Go Home,False,False,False,False,False,False,False,False,False,False,False,False,33.8027920380556,-117.4659261431046,2889.7,2972.0,1049.4,396.9,True,1,1,False,False,False,False,,True,False,False,Course Lock,196.8,67,16.4,93,E,SW,2.46,11.4,Calm,False,False,Android,7.0.2,M300 RTK,1ZN7L4R0H1D00F,1W9DL31001461C,1ZMLH8300204F0,1Z6PH74DAP0QN7,"Corona, CA",728.3,5.7,137.7,8.547347,2.013246,0,0,DJI Matrice 300 RTK,M300 RTK,1ZN7L4R0H1D00F,1W9DL31001461C,1ZMLH8300204F0,1Z6PH74DAP0QN7,DJI Pilot,Android,7.0.2,1EF72A62-B7C3-C88D-164E-CE6F8C8424AE,1ZN7L4R0H1D00F,1W9DL31001461C,,1ZMLH8300204F0,1W9DL31001461C,,,,,
2023-11-01,11:31:16.84 AM,6m 54.5s,414.5,33.7993406976686,-117.4745091038815,75.1,137.7,15.7,1339,3347.9,5.729361,7.161702,-4.47388,2.23694,-3.579104,1.342164,0,0.894776,-0.9,-1,1.3,-141.2,218.8,222.3,Tripod,Other,,22,5,True,,True,False,,Smart,RC,False,True,False,,,True,,False,False,False,False,False,False,False,False,False,False,0,Follow Yaw,-77.9,0,-149.1,210.9,False,False,False,False,False,,0,0,False,False,No Card,100,100,1024,1308,957,1024,2,False,False,False,False,False,0,False,False,False,False,78,,47.028,,7834,,10044,,47.028,,True,3.917,3.917,3.917,3.917,3.917,3.917,3.917,3.917,3.917,3.917,3.917,3.917,0,,False,False,True,,,,,,,,,,,,,,,False,False,19.02,,98.2,,75.7,,98.2,,1471,91,7,20,7,143668.5,19155.80,,Idle,,20,,10,,,20,Go Home,False,False,False,False,False,False,False,False,False,False,False,False,33.8027920380556,-117.4659261431046,2890.5,2972.0,1049.4,396.9,True,1,1,False,False,False,False,,True,False,False,Course Lock,196.8,67,16.4,93,E,SW,2.46,11.4,Calm,False,False,Android,7.0.2,M300 RTK,1ZN7L4R0H1D00F,1W9DL31001461C,1ZMLH8300204F0,1Z6PH74DAP0QN7,"Corona, CA",728.3,5.7,137.7,8.547347,2.013246,0,0,DJI Matrice 300 RTK,M300 RTK,1ZN7L4R0H1D00F,1W9DL31001461C,1ZMLH8300204F0,1Z6PH74DAP0QN7,DJI Pilot,Android,7.0.2,1EF72A62-B7C3-C88D-164E-CE6F8C8424AE,1ZN7L4R0H1D00F,1W9DL31001461C,,1ZMLH8300204F0,1W9DL31001461C,,,,,
2023-11-01,11:31:16.94 AM,6m 54.6s,414.6,33.7993387680733,-117.474510911181,75.1,137.7,15.7,1339,3348.8,5.729361,7.161702,-4.47388,2.23694,-3.579104,1.342164,0,0.894776,-0.8,-0.5,0.9,-141.1,218.9,217.8,Tripod,Other,,22,5,True,,True,False,,Smart,RC,False,True,False,,,True,,False,False,False,False,False,False,False,False,False,False,0,Follow Yaw,-77.9,0,-149.1,210.9,False,False,False,False,False,,0,0,False,False,No Card,100,100,1024,1308,957,1024,2,False,False,False,False,False,0,False,False,False,False,78,,47.028,,7834,,10044,,47.028,,True,3.917,3.917,3.917,3.917,3.917,3.917,3.917,3.917,3.917,3.917,3.917,3.917,0,,False,False,True,,,,,,,,,,,,,,,False,False,19.02,,98.2,,75.7,,98.2,,1471,91,7,20,7,143668.5,19155.80,,Idle,,20,,10,,,20,Go Home,False,False,False,False,False,False,False,False,False,False,False,False,33.8027920380556,-117.4659261431046,2891.3,2972.0,1049.4,396.9,True,1,1,False,False,False,False,,True,False,False,Course Lock,196.8,67,16.4,93,E,SW,2.46,11.4,Calm,False,False,Android,7.0.2,M300 RTK,1ZN7L4R0H1D00F,1W9DL31001461C,1ZMLH8300204F0,1Z6PH74DAP0QN7,"Corona, CA",728.3,5.7,137.7,8.547347,2.013246,0,0,DJI Matrice 300 RTK,M300 RTK,1ZN7L4R0H1D00F,1W9DL31001461C,1ZMLH8300204F0,1Z6PH74DAP0QN7,DJI Pilot,Android,7.0.2,1EF72A62-B7C3-C88D-164E-CE6F8C8424AE,1ZN7L4R0H1D00F,1W9DL31001461C,,1ZMLH8300204F0,1W9DL31001461C,,,,,
2023-11-01,11:31:17.04 AM,6m 54.7s,414.7,33.7993369730754,-117.4745126696632,75.1,137.7,16.0,1339,3349.7,5.729361,7.161702,-4.47388,2.23694,-3.579104,1.342164,0,0.894776,-0.7,-0.4,0.8,-141.1,218.9,219.1,Tripod,Other,,22,5,True,,True,False,,Smart,RC,False,True,False,,,True,,False,False,False,False,False,False,False,False,False,False,0,Follow Yaw,-77.9,0,-149.1,210.9,False,False,False,False,False,,0,0,False,False,No Card,100,100,1024,1308,956,1024,2,False,False,False,False,False,0,False,False,False,False,78,,47.028,,7834,,10044,,47.028,,True,3.917,3.917,3.917,3.917,3.917,3.917,3.917,3.917,3.917,3.917,3.917,3.917,0,,False,False,True,,,,,,,,,,,,,,,False,False,19.02,,98.2,,75.7,,98.2,,1471,91,7,20,7,143668.5,19155.80,,Idle,,20,,10,,,20,Go Home,False,False,False,False,False,False,False,False,False,False,False,False,33.8027920380556,-117.4659261431046,2892.1,2972.0,1049.4,396.9,True,1,1,False,False,False,False,,True,False,False,Course Lock,196.8,67,16.4,93,E,SW,2.46,11.4,Calm,False,False,Android,7.0.2,M300 RTK,1ZN7L4R0H1D00F,1W9DL31001461C,1ZMLH8300204F0,1Z6PH74DAP0QN7,"Corona, CA",728.3,5.7,137.7,8.547347,2.013246,0,0,DJI Matrice 300 RTK,M300 RTK,1ZN7L4R0H1D00F,1W9DL31001461C,1ZMLH8300204F0,1Z6PH74DAP0QN7,DJI Pilot,Android,7.0.2,1EF72A62-B7C3-C88D-164E-CE6F8C8424AE,1ZN7L4R0H1D00F,1W9DL31001461C,,1ZMLH8300204F0,1W9DL31001461C,,,,,
2023-11-01,11:31:17.14 AM,6m 54.8s,414.8,33.7993350703448,-117.4745144675939,75.1,137.7,15.7,1339,3350.6,5.729361,7.161702,-4.47388,2.23694,-3.579104,1.342164,0,0.894776,-0.6,-0.5,0.7,-141.1,218.9,218.1,Tripod,Other,,22,5,True,,True,False,,Smart,RC,False,True,False,,,True,,False,False,False,False,False,False,False,False,False,False,0,Follow Yaw,-77.9,0,-149.1,210.9,False,False,False,False,False,,0,0,False,False,No Card,100,100,1024,1309,957,1024,2,False,False,False,False,False,0,False,False,False,False,78,,47.028,,7834,,10044,,47.028,,True,3.917,3.917,3.917,3.917,3.917,3.917,3.917,3.917,3.917,3.917,3.917,3.917,0,,False,False,True,,,,,,,,,,,,,,,False,False,19.02,,98.2,,75.7,,98.2,,1471,91,7,20,7,143668.5,19155.80,,Idle,,20,,10,,,20,Go Home,False,False,False,False,False,False,False,False,False,False,False,False,33.8027920380556,-117.4659261431046,2892.9,2972.0,1049.4,396.9,True,1,1,False,False,False,False,,True,False,False,Course Lock,196.8,67,16.4,93,E,SW,2.46,11.4,Calm,False,False,Android,7.0.2,M300 RTK,1ZN7L4R0H1D00F,1W9DL31001461C,1ZMLH8300204F0,1Z6PH74DAP0QN7,"Corona, CA",728.3,5.7,137.7,8.547347,2.013246,0,0,DJI Matrice 300 RTK,M300 RTK,1ZN7L4R0H1D00F,1W9DL31001461C,1ZMLH8300204F0,1Z6PH74DAP0QN7,DJI Pilot,Android,7.0.2,1EF72A62-B7C3-C88D-164E-CE6F8C8424AE,1ZN7L4R0H1D00F,1W9DL31001461C,,1ZMLH8300204F0,1W9DL31001461C,,,,,
2023-11-01,11:31:17.25 AM,6m 54.9s,414.9,33.799333101549,-117.4745163368458,75.1,137.7,15.7,1339,3351.5,5.729361,7.161702,-4.47388,2.23694,-3.579104,1.342164,0,0.894776,-0.4,-0.6,0.7,-141.1,218.9,218.2,Tripod,Other,,22,5,True,,True,False,,Smart,RC,False,True,False,,,True,,False,False,False,False,False,False,False,False,False,False,0,Follow Yaw,-77.9,0,-149.1,210.9,False,False,False,False,False,,0,0,False,False,No Card,100,100,1024,1310,957,1024,2,False,False,False,False,False,0,False,False,False,False,78,,47.028,,7834,,10044,,47.028,,True,3.917,3.917,3.917,3.917,3.917,3.917,3.917,3.917,3.917,3.917,3.917,3.917,0,,False,False,True,,,,,,,,,,,,,,,False,False,19.02,,98.2,,75.7,,98.2,,1471,91,7,20,7,143668.5,19155.80,,Idle,,20,,10,,,20,Go Home,False,False,False,False,False,False,False,False,False,False,False,False,33.8027920380556,-117.4659261431046,2893.7,2972.0,1049.4,396.9,True,1,1,False,False,False,False,,True,False,False,Course Lock,196.8,67,16.4,93,E,SW,2.46,11.4,Calm,False,False,Android,7.0.2,M300 RTK,1ZN7L4R0H1D00F,1W9DL31001461C,1ZMLH8300204F0,1Z6PH74DAP0QN7,"Corona, CA",728.3,5.7,137.7,8.547347,2.013246,0,0,DJI Matrice 300 RTK,M300 RTK,1ZN7L4R0H1D00F,1W9DL31001461C,1ZMLH8300204F0,1Z6PH74DAP0QN7,DJI Pilot,Android,7.0.2,1EF72A62-B7C3-C88D-164E-CE6F8C8424AE,1ZN7L4R0H1D00F,1W9DL31001461C,,1ZMLH8300204F0,1W9DL31001461C,,,,,
2023-11-01,11:31:17.35 AM,6m 55.0s,415.0,33.7993312067681,-117.4745181217338,75.1,137.7,15.7,1339,3352.4,5.729361,7.161702,-4.47388,2.23694,-3.579104,1.342164,0,0.894776,-0.3,-0.8,0.8,-141.1,218.9,218.0,Tripod,Other,,22,5,True,,True,False,,Smart,RC,False,True,False,,,True,,False,False,False,False,False,False,False,False,False,False,0,Follow Yaw,-77.9,0,-149.1,210.9,False,False,False,False,False,,0,0,False,False,No Card,100,100,1024,1309,957,1024,2,False,False,False,False,False,0,False,False,False,False,78,,47.016,,7834,,10044,,47.016,,True,3.917,3.917,3.917,3.917,3.917,3.917,3.917,3.917,3.917,3.917,3.917,3.917,0,,False,False,True,,,,,,,,,,,,,,,False,False,18.938,,98.2,,75.7,,98.2,,1471,91,7,20,7,143668.5,19155.80,,Idle,,20,,10,,,20,Go Home,False,False,False,False,False,False,False,False,False,False,False,False,33.8027920380556,-117.4659261431046,2894.5,2972.0,1049.4,396.9,True,1,1,False,False,False,False,,True,False,False,Course Lock,196.8,67,16.4,93,E,SW,2.46,11.4,Calm,False,False,Android,7.0.2,M300 RTK,1ZN7L4R0H1D00F,1W9DL31001461C,1ZMLH8300204F0,1Z6PH74DAP0QN7,"Corona, CA",728.3,5.7,137.7,8.547347,2.013246,0,0,DJI Matrice 300 RTK,M300 RTK,1ZN7L4R0H1D00F,1W9DL31001461C,1ZMLH8300204F0,1Z6PH74DAP0QN7,DJI Pilot,Android,7.0.2,1EF72A62-B7C3-C88D-164E-CE6F8C8424AE,1ZN7L4R0H1D00F,1W9DL31001461C,,1ZMLH8300204F0,1W9DL31001461C,,,,,
2023-11-01,11:31:17.45 AM,6m 55.1s,415.1,33.799329385728,-117.4745198897391,75.1,137.7,15.7,1339,3353.2,5.729361,7.161702,-4.47388,2.23694,-3.579104,1.342164,0,0.894776,-0.5,-0.7,0.8,-141.2,218.8,218.8,Tripod,Other,,22,5,True,,True,False,,Smart,RC,False,True,False,,,True,,False,False,False,False,False,False,False,False,False,False,0,Follow Yaw,-77.9,0,-149.1,210.9,False,False,False,False,False,,0,0,False,False,No Card,100,100,1024,1310,957,1024,2,False,False,False,False,False,0,False,False,False,False,78,,47.016,,7834,,10044,,47.016,,True,3.917,3.917,3.917,3.917,3.917,3.917,3.917,3.917,3.917,3.917,3.917,3.917,0,,False,False,True,,,,,,,,,,,,,,,False,False,18.938,,98.2,,75.7,,98.2,,1471,91,7,20,7,143668.5,19155.80,,Idle,,20,,10,,,20,Go Home,False,False,False,False,False,False,False,False,False,False,False,False,33.8027920380556,-117.4659261431046,2895.2,2972.0,1049.4,396.9,True,1,1,False,False,False,False,,True,False,False,Course Lock,196.8,67,16.4,93,E,SW,2.46,11.4,Calm,False,False,Android,7.0.2,M300 RTK,1ZN7L4R0H1D00F,1W9DL31001461C,1ZMLH8300204F0,1Z6PH74DAP0QN7,"Corona, CA",728.3,5.7,137.7,8.547347,2.013246,0,0,DJI Matrice 300 RTK,M300 RTK,1ZN7L4R0H1D00F,1W9DL31001461C,1ZMLH8300204F0,1Z6PH74DAP0QN7,DJI Pilot,Android,7.0.2,1EF72A62-B7C3-C88D-164E-CE6F8C8424AE,1ZN7L4R0H1D00F,1W9DL31001461C,,1ZMLH8300204F0,1W9DL31001461C,,,,,
2023-11-01,11:31:17.56 AM,6m 55.2s,415.2,33.7993275153446,-117.474521643347,75.1,137.7,15.7,1339,3354.1,5.729361,7.161702,-4.47388,2.23694,-3.579104,1.342164,0,0.894776,-0.8,-0.4,0.8,-141.2,218.8,217.9,Tripod,Other,,22,5,True,,True,False,,Smart,RC,False,True,False,,,True,,False,False,False,False,False,False,False,False,False,False,0,Follow Yaw,-77.9,0,-149.1,210.9,False,False,False,False,False,,0,0,False,False,No Card,100,100,1024,1311,956,1024,2,False,False,False,False,False,0,False,False,False,False,78,,47.016,,7834,,10044,,47.016,,True,3.917,3.917,3.917,3.917,3.917,3.917,3.917,3.917,3.917,3.917,3.917,3.917,0,,False,False,True,,,,,,,,,,,,,,,False,False,18.938,,98.2,,75.7,,98.2,,1471,91,7,20,7,143668.5,19155.80,,Idle,,20,,10,,,20,Go Home,False,False,False,False,False,False,False,False,False,False,False,False,33.8027920380556,-117.4659261431046,2896.0,2972.0,1049.4,396.9,True,1,1,False,False,False,False,,True,False,False,Course Lock,196.8,67,16.4,93,E,SW,2.46,11.4,Calm,False,False,Android,7.0.2,M300 RTK,1ZN7L4R0H1D00F,1W9DL31001461C,1ZMLH8300204F0,1Z6PH74DAP0QN7,"Corona, CA",728.3,5.7,137.7,8.547347,2.013246,0,0,DJI Matrice 300 RTK,M300 RTK,1ZN7L4R0H1D00F,1W9DL31001461C,1ZMLH8300204F0,1Z6PH74DAP0QN7,DJI Pilot,Android,7.0.2,1EF72A62-B7C3-C88D-164E-CE6F8C8424AE,1ZN7L4R0H1D00F,1W9DL31001461C,,1ZMLH8300204F0,1W9DL31001461C,,,,,
2023-11-01,11:31:17.66 AM,6m 55.3s,415.3,33.7993256605865,-117.4745233780309,75.1,137.7,15.7,1339,3354.9,5.729361,7.161702,-4.47388,2.23694,-3.579104,1.342164,0,0.894776,-1,-0.4,1,-141.4,218.6,217.8,Tripod,Other,,22,5,True,,True,False,,Smart,RC,False,True,False,,,True,,False,False,False,False,False,False,False,False,False,False,0,Follow Yaw,-77.9,0,-149.1,210.9,False,False,False,False,False,,0,0,False,False,No Card,100,100,1024,1312,953,1024,2,False,False,False,False,False,0,False,False,False,False,78,,47.016,,7834,,10044,,47.016,,True,3.918,3.918,3.918,3.918,3.918,3.918,3.918,3.918,3.918,3.918,3.918,3.918,0,,False,False,True,,,,,,,,,,,,,,,False,False,18.938,,98.2,,75.7,,98.2,,1471,91,7,20,7,143540.0,19138.67,,Idle,,20,,10,,,20,Go Home,False,False,False,False,False,False,False,False,False,False,False,False,33.8027920380556,-117.4659261431046,2896.8,2972.0,1049.4,396.9,True,1,1,False,False,False,False,,True,False,False,Course Lock,196.8,67,16.4,93,E,SW,2.46,11.4,Calm,False,False,Android,7.0.2,M300 RTK,1ZN7L4R0H1D00F,1W9DL31001461C,1ZMLH8300204F0,1Z6PH74DAP0QN7,"Corona, CA",728.3,5.7,137.7,8.547347,2.013246,0,0,DJI Matrice 300 RTK,M300 RTK,1ZN7L4R0H1D00F,1W9DL31001461C,1ZMLH8300204F0,1Z6PH74DAP0QN7,DJI Pilot,Android,7.0.2,1EF72A62-B7C3-C88D-164E-CE6F8C8424AE,1ZN7L4R0H1D00F,1W9DL31001461C,,1ZMLH8300204F0,1W9DL31001461C,,,,,
2023-11-01,11:31:17.76 AM,6m 55.4s,415.4,33.7993238063768,-117.4745251271702,75.1,137.7,15.7,1339,3355.8,5.729361,7.161702,-4.47388,2.23694,-3.579104,1.342164,0,0.894776,-1.1,-0.8,1.3,-141.4,218.6,218.0,Tripod,Other,,22,5,True,,True,False,,Smart,RC,False,True,False,,,True,,False,False,False,False,False,False,False,False,False,False,0,Follow Yaw,-77.9,0,-149.1,210.9,False,False,False,False,False,,0,0,False,False,No Card,100,100,1024,1311,954,1024,2,False,False,False,False,False,0,False,False,False,False,78,,47.016,,7834,,10044,,47.016,,True,3.918,3.918,3.918,3.918,3.918,3.918,3.918,3.918,3.918,3.918,3.918,3.918,0,,False,False,True,,,,,,,,,,,,,,,False,False,18.938,,98.2,,75.7,,98.2,,1471,91,7,20,7,143540.0,19138.67,,Idle,,20,,10,,,20,Go Home,False,False,False,False,False,False,False,False,False,False,False,False,33.8027920380556,-117.4659261431046,2897.6,2972.0,1049.4,396.9,True,1,1,False,False,False,False,,True,False,False,Course Lock,196.8,67,16.4,93,E,SW,2.46,11.4,Calm,False,False,Android,7.0.2,M300 RTK,1ZN7L4R0H1D00F,1W9DL31001461C,1ZMLH8300204F0,1Z6PH74DAP0QN7,"Corona, CA",728.3,5.7,137.7,8.547347,2.013246,0,0,DJI Matrice 300 RTK,M300 RTK,1ZN7L4R0H1D00F,1W9DL31001461C,1ZMLH8300204F0,1Z6PH74DAP0QN7,DJI Pilot,Android,7.0.2,1EF72A62-B7C3-C88D-164E-CE6F8C8424AE,1ZN7L4R0H1D00F,1W9DL31001461C,,1ZMLH8300204F0,1W9DL31001461C,,,,,
2023-11-01,11:31:17.87 AM,6m 55.5s,415.5,33.7993220527724,-117.4745269405668,75.1,137.7,15.7,1339,3356.6,5.729361,7.161702,-4.47388,2.23694,-3.579104,1.342164,0,0.894776,-0.8,-1.2,1.4,-141.4,218.6,220.6,Tripod,Other,,22,5,True,,True,False,,Smart,RC,False,True,False,,,True,,False,False,False,False,False,False,False,False,False,False,0,Follow Yaw,-77.9,0,-149.1,210.9,False,False,False,False,False,,0,0,False,False,No Card,100,100,1024,1311,954,1024,2,False,False,False,False,False,0,False,False,False,False,78,,47.016,,7834,,10044,,47.016,,True,3.918,3.918,3.918,3.918,3.918,3.918,3.918,3.918,3.918,3.918,3.918,3.918,0,,False,False,True,,,,,,,,,,,,,,,False,False,18.938,,98.2,,75.7,,98.2,,1471,91,7,20,7,143540.0,19138.67,,Idle,,20,,10,,,20,Go Home,False,False,False,False,False,False,False,False,False,False,False,False,33.8027920380556,-117.4659261431046,2898.3,2972.0,1049.4,396.9,True,1,1,False,False,False,False,,True,False,False,Course Lock,196.8,67,16.4,93,E,SW,2.46,11.4,Calm,False,False,Android,7.0.2,M300 RTK,1ZN7L4R0H1D00F,1W9DL31001461C,1ZMLH8300204F0,1Z6PH74DAP0QN7,"Corona, CA",728.3,5.7,137.7,8.547347,2.013246,0,0,DJI Matrice 300 RTK,M300 RTK,1ZN7L4R0H1D00F,1W9DL31001461C,1ZMLH8300204F0,1Z6PH74DAP0QN7,DJI Pilot,Android,7.0.2,1EF72A62-B7C3-C88D-164E-CE6F8C8424AE,1ZN7L4R0H1D00F,1W9DL31001461C,,1ZMLH8300204F0,1W9DL31001461C,,,,,
2023-11-01,11:31:17.97 AM,6m 55.6s,415.6,33.7993201991109,-117.4745286817938,75.1,137.7,15.7,1339,3357.5,5.729361,7.161702,-4.47388,2.23694,-3.579104,1.342164,0,0.894776,-0.6,-1.2,1.3,-141.3,218.7,217.9,Tripod,Other,,22,5,True,,True,False,,Smart,RC,False,True,False,,,True,,False,False,False,False,False,False,False,False,False,False,0,Follow Yaw,-77.9,0,-149.1,210.9,False,False,False,False,False,,0,0,False,False,No Card,100,100,1024,1311,956,1024,2,False,False,False,False,False,0,False,False,False,False,78,,47.016,,7834,,10044,,47.016,,True,3.918,3.918,3.918,3.918,3.918,3.918,3.918,3.918,3.918,3.918,3.918,3.918,0,,False,False,True,,,,,,,,,,,,,,,False,False,18.938,,98.2,,75.7,,98.2,,1471,91,7,20,7,143540.0,19138.67,,Idle,,20,,10,,,20,Go Home,False,False,False,False,False,False,False,False,False,False,False,False,33.8027920380556,-117.4659261431046,2899.1,2972.0,1049.4,396.9,True,1,1,False,False,False,False,,True,False,False,Course Lock,196.8,67,16.4,93,E,SW,2.46,11.4,Calm,False,False,Android,7.0.2,M300 RTK,1ZN7L4R0H1D00F,1W9DL31001461C,1ZMLH8300204F0,1Z6PH74DAP0QN7,"Corona, CA",728.3,5.7,137.7,8.547347,2.013246,0,0,DJI Matrice 300 RTK,M300 RTK,1ZN7L4R0H1D00F,1W9DL31001461C,1ZMLH8300204F0,1Z6PH74DAP0QN7,DJI Pilot,Android,7.0.2,1EF72A62-B7C3-C88D-164E-CE6F8C8424AE,1ZN7L4R0H1D00F,1W9DL31001461C,,1ZMLH8300204F0,1W9DL31001461C,,,,,
2023-11-01,11:31:18.07 AM,6m 55.7s,415.7,33.7993182094813,-117.4745302043579,75.1,137.7,15.7,1339,3358.4,5.59235,7.161702,-4.47388,2.23694,-3.35541,1.342164,0,0.894776,-0.5,-1,1.1,-141.2,218.8,212.4,Tripod,Other,,22,5,True,,True,False,,Smart,RC,False,True,False,,,True,,False,False,False,False,False,False,False,False,False,False,0,Follow Yaw,-77.9,0,-149.1,210.9,False,False,False,False,False,,0,0,False,False,No Card,100,100,1024,1311,956,1024,2,False,False,False,False,False,0,False,False,False,False,78,,47.016,,7834,,10044,,47.016,,True,3.918,3.918,3.918,3.918,3.918,3.918,3.918,3.918,3.918,3.918,3.918,3.918,0,,False,False,True,,,,,,,,,,,,,,,False,False,18.938,,98.2,,75.7,,98.2,,1471,91,7,20,7,143540.0,19138.67,,Idle,,20,,10,,,20,Go Home,False,False,False,False,False,False,False,False,False,False,False,False,33.8027920380556,-117.4659261431046,2899.8,2972.0,1049.4,396.9,True,1,1,False,False,False,False,,True,False,False,Course Lock,196.8,67,16.4,93,E,SW,2.46,11.4,Calm,False,False,Android,7.0.2,M300 RTK,1ZN7L4R0H1D00F,1W9DL31001461C,1ZMLH8300204F0,1Z6PH74DAP0QN7,"Corona, CA",728.3,5.7,137.7,8.547347,2.013246,0,0,DJI Matrice 300 RTK,M300 RTK,1ZN7L4R0H1D00F,1W9DL31001461C,1ZMLH8300204F0,1Z6PH74DAP0QN7,DJI Pilot,Android,7.0.2,1EF72A62-B7C3-C88D-164E-CE6F8C8424AE,1ZN7L4R0H1D00F,1W9DL31001461C,,1ZMLH8300204F0,1W9DL31001461C,,,,,
2023-11-01,11:31:18.17 AM,6m 55.8s,415.8,33.7993163437581,-117.4745319036728,75.1,137.7,15.7,1339,3359.2,5.59235,7.161702,-4.47388,2.23694,-3.35541,1.342164,0,0.894776,-0.7,-0.5,0.8,-141.1,218.9,217.1,Tripod,Other,,22,5,True,,True,False,,Smart,RC,False,True,False,,,True,,False,False,False,False,False,False,False,False,False,False,0,Follow Yaw,-77.9,0,-149.1,210.9,False,False,False,False,False,,0,0,False,False,No Card,100,100,1024,1313,953,1024,2,False,False,False,False,False,0,False,False,False,False,78,,47.016,,7834,,10044,,47.016,,True,3.918,3.918,3.918,3.918,3.918,3.918,3.918,3.918,3.918,3.918,3.918,3.918,0,,False,False,True,,,,,,,,,,,,,,,False,False,18.938,,98.2,,75.7,,98.2,,1471,91,7,20,7,143540.0,19138.67,,Idle,,20,,10,,,20,Go Home,False,False,False,False,False,False,False,False,False,False,False,False,33.8027920380556,-117.4659261431046,2900.6,2972.0,1049.4,396.9,True,1,1,False,False,False,False,,True,False,False,Course Lock,196.8,67,16.4,93,E,SW,2.46,11.4,Calm,False,False,Android,7.0.2,M300 RTK,1ZN7L4R0H1D00F,1W9DL31001461C,1ZMLH8300204F0,1Z6PH74DAP0QN7,"Corona, CA",728.3,5.7,137.7,8.547347,2.013246,0,0,DJI Matrice 300 RTK,M300 RTK,1ZN7L4R0H1D00F,1W9DL31001461C,1ZMLH8300204F0,1Z6PH74DAP0QN7,DJI Pilot,Android,7.0.2,1EF72A62-B7C3-C88D-164E-CE6F8C8424AE,1ZN7L4R0H1D00F,1W9DL31001461C,,1ZMLH8300204F0,1W9DL31001461C,,,,,
2023-11-01,11:31:18.24 AM,6m 55.9s,415.9,33.7993145663045,-117.474533575426,75.1,137.7,15.7,1339,3360.0,5.59235,7.161702,-4.47388,2.23694,-3.35541,1.342164,0,0.894776,-0.8,-0.2,0.8,-141,219,218.0,Tripod,Other,,22,5,True,,True,False,,Smart,RC,False,True,False,,,True,,False,False,False,False,False,False,False,False,False,False,0,Follow Yaw,-77.9,0,-149.1,210.9,False,False,False,False,False,,0,0,False,False,No Card,100,100,1024,1313,955,1024,2,False,False,False,False,False,0,False,False,False,False,78,,47.016,,7834,,10044,,47.016,,True,3.918,3.918,3.918,3.918,3.918,3.918,3.918,3.918,3.918,3.918,3.918,3.918,0,,False,False,True,,,,,,,,,,,,,,,False,False,18.938,,98.2,,75.7,,98.2,,1471,91,7,20,7,143540.0,19138.67,,Idle,,20,,10,,,20,Go Home,False,False,False,False,False,False,False,False,False,False,False,False,33.8027920380556,-117.4659261431046,2901.3,2972.0,1049.4,396.9,True,1,1,False,False,False,False,,True,False,False,Course Lock,196.8,67,16.4,93,E,SW,2.46,11.4,Calm,False,False,Android,7.0.2,M300 RTK,1ZN7L4R0H1D00F,1W9DL31001461C,1ZMLH8300204F0,1Z6PH74DAP0QN7,"Corona, CA",728.3,5.7,137.7,8.547347,2.013246,0,0,DJI Matrice 300 RTK,M300 RTK,1ZN7L4R0H1D00F,1W9DL31001461C,1ZMLH8300204F0,1Z6PH74DAP0QN7,DJI Pilot,Android,7.0.2,1EF72A62-B7C3-C88D-164E-CE6F8C8424AE,1ZN7L4R0H1D00F,1W9DL31001461C,,1ZMLH8300204F0,1W9DL31001461C,,,,,
2023-11-01,11:31:18.34 AM,6m 56.0s,416.0,33.7993128192792,-117.4745351789319,74.8,137.7,15.7,1339,3360.8,5.59235,7.161702,-4.47388,2.23694,-3.35541,1.342164,0,0.894776,-0.8,-0.1,0.8,-141,219,217.3,Tripod,Other,,22,5,True,,True,False,,Smart,RC,False,True,False,,,True,,False,False,False,False,False,False,False,False,False,False,0,Follow Yaw,-77.9,0,-149.1,210.9,False,False,False,False,False,,0,0,False,False,No Card,100,100,1024,1317,954,1024,2,False,False,False,False,False,0,False,False,False,False,78,,47.016,,7834,,10044,,47.016,,True,3.918,3.918,3.918,3.918,3.918,3.918,3.918,3.918,3.918,3.918,3.918,3.918,0,,False,False,True,,,,,,,,,,,,,,,False,False,19.168,,98.2,,75.7,,98.2,,1471,91,7,20,7,143540.0,19138.67,,Idle,,20,,10,,,20,Go Home,False,False,False,False,False,False,False,False,False,False,False,False,33.8027920380556,-117.4659261431046,2902.1,2972.0,1049.4,396.9,True,1,1,False,False,False,False,,True,False,False,Course Lock,196.8,67,16.4,93,E,SW,2.46,11.4,Calm,False,False,Android,7.0.2,M300 RTK,1ZN7L4R0H1D00F,1W9DL31001461C,1ZMLH8300204F0,1Z6PH74DAP0QN7,"Corona, CA",728.3,5.7,137.7,8.547347,2.013246,0,0,DJI Matrice 300 RTK,M300 RTK,1ZN7L4R0H1D00F,1W9DL31001461C,1ZMLH8300204F0,1Z6PH74DAP0QN7,DJI Pilot,Android,7.0.2,1EF72A62-B7C3-C88D-164E-CE6F8C8424AE,1ZN7L4R0H1D00F,1W9DL31001461C,,1ZMLH8300204F0,1W9DL31001461C,,,,,
2023-11-01,11:31:18.44 AM,6m 56.1s,416.1,33.7993108455491,-117.4745371566682,74.8,137.7,15.7,1339,3361.8,5.415058,7.161702,-4.250186,2.23694,-3.35541,1.342164,0,0.894776,-0.4,0,0.4,-141.1,218.9,219.7,Tripod,Other,,22,5,True,,True,False,,Smart,RC,False,True,False,,,True,,False,False,False,False,False,False,False,False,False,False,0,Follow Yaw,-77.9,0,-149.1,210.9,False,False,False,False,False,,0,0,False,False,No Card,100,100,1024,1330,953,1024,2,False,False,False,False,False,0,False,False,False,False,78,,47.016,,7834,,10044,,47.016,,True,3.918,3.918,3.918,3.918,3.918,3.918,3.918,3.918,3.918,3.918,3.918,3.918,0,,False,False,True,,,,,,,,,,,,,,,False,False,19.168,,98.2,,75.7,,98.2,,1471,91,7,20,7,143540.0,19138.67,,Idle,,20,,10,,,20,Go Home,False,False,False,False,False,False,False,False,False,False,False,False,33.8027920380556,-117.4659261431046,2902.9,2972.0,1049.4,396.9,True,1,1,False,False,False,False,,True,False,False,Course Lock,196.8,67,16.4,93,E,SW,2.46,11.4,Calm,False,False,Android,7.0.2,M300 RTK,1ZN7L4R0H1D00F,1W9DL31001461C,1ZMLH8300204F0,1Z6PH74DAP0QN7,"Corona, CA",728.3,5.7,137.7,8.547347,2.013246,0,0,DJI Matrice 300 RTK,M300 RTK,1ZN7L4R0H1D00F,1W9DL31001461C,1ZMLH8300204F0,1Z6PH74DAP0QN7,DJI Pilot,Android,7.0.2,1EF72A62-B7C3-C88D-164E-CE6F8C8424AE,1ZN7L4R0H1D00F,1W9DL31001461C,,1ZMLH8300204F0,1W9DL31001461C,,,,,
2023-11-01,11:31:18.54 AM,6m 56.2s,416.2,33.7993090160109,-117.4745388750495,74.8,137.7,15.7,1339,3362.6,5.415058,7.161702,-4.250186,2.23694,-3.35541,1.342164,0,0.894776,-0.2,-0.2,0.2,-141.1,218.9,217.9,Tripod,Other,,22,5,True,,True,False,,Smart,RC,False,True,False,,,True,,False,False,False,False,False,False,False,False,False,False,0,Follow Yaw,-77.9,0,-149.1,210.9,False,False,False,False,False,,0,0,False,False,No Card,100,100,1024,1330,953,1024,2,False,False,False,False,False,0,False,False,False,False,78,,47.016,,7834,,10044,,47.016,,True,3.918,3.918,3.918,3.918,3.918,3.918,3.918,3.918,3.918,3.918,3.918,3.918,0,,False,False,True,,,,,,,,,,,,,,,False,False,19.168,,98.2,,75.7,,98.2,,1471,91,7,20,7,143540.0,19138.67,,Idle,,20,,10,,,20,Go Home,False,False,False,False,False,False,False,False,False,False,False,False,33.8027920380556,-117.4659261431046,2903.7,2972.0,1049.4,396.9,True,1,1,False,False,False,False,,True,False,False,Course Lock,196.8,67,16.4,93,E,SW,2.46,11.4,Calm,False,False,Android,7.0.2,M300 RTK,1ZN7L4R0H1D00F,1W9DL31001461C,1ZMLH8300204F0,1Z6PH74DAP0QN7,"Corona, CA",728.3,5.7,137.7,8.547347,2.013246,0,0,DJI Matrice 300 RTK,M300 RTK,1ZN7L4R0H1D00F,1W9DL31001461C,1ZMLH8300204F0,1Z6PH74DAP0QN7,DJI Pilot,Android,7.0.2,1EF72A62-B7C3-C88D-164E-CE6F8C8424AE,1ZN7L4R0H1D00F,1W9DL31001461C,,1ZMLH8300204F0,1W9DL31001461C,,,,,
2023-11-01,11:31:18.64 AM,6m 56.3s,416.3,33.7993072278663,-117.474540578391,74.8,137.7,15.7,1339,3363.4,5.415058,7.161702,-4.250186,2.23694,-3.35541,1.342164,0,0.894776,-0.2,-0.4,0.4,-141,219,218.3,Tripod,Other,,22,5,True,,True,False,,Smart,RC,False,True,False,,,True,,False,False,False,False,False,False,False,False,False,False,0,Follow Yaw,-77.9,0,-149.1,210.9,False,False,False,False,False,,0,0,False,False,No Card,100,100,1024,1325,955,1024,2,False,False,False,False,False,0,False,False,False,False,78,,47.016,,7834,,10044,,47.016,,True,3.917,3.917,3.917,3.917,3.917,3.917,3.917,3.917,3.917,3.917,3.917,3.917,0,,False,False,True,,,,,,,,,,,,,,,False,False,19.168,,98.2,,75.7,,98.2,,1472,91,7,20,7,143383.7,19117.83,,Idle,,20,,10,,,20,Go Home,False,False,False,False,False,False,False,False,False,False,False,False,33.8027920380556,-117.4659261431046,2904.4,2972.0,1049.4,396.9,True,1,1,False,False,False,False,,True,False,False,Course Lock,196.8,67,16.4,93,E,SW,2.46,11.4,Calm,False,False,Android,7.0.2,M300 RTK,1ZN7L4R0H1D00F,1W9DL31001461C,1ZMLH8300204F0,1Z6PH74DAP0QN7,"Corona, CA",728.3,5.7,137.7,8.547347,2.013246,0,0,DJI Matrice 300 RTK,M300 RTK,1ZN7L4R0H1D00F,1W9DL31001461C,1ZMLH8300204F0,1Z6PH74DAP0QN7,DJI Pilot,Android,7.0.2,1EF72A62-B7C3-C88D-164E-CE6F8C8424AE,1ZN7L4R0H1D00F,1W9DL31001461C,,1ZMLH8300204F0,1W9DL31001461C,,,,,
2023-11-01,11:31:18.74 AM,6m 56.4s,416.4,33.7993054260152,-117.4745422804724,74.8,137.7,15.7,1339,3364.3,5.415058,7.161702,-4.250186,2.23694,-3.35541,1.342164,0,0.894776,-0.3,-0.5,0.5,-141,219,218.1,Tripod,Other,,22,5,True,,True,False,,Smart,RC,False,True,False,,,True,,False,False,False,False,False,False,False,False,False,False,0,Follow Yaw,-77.9,0,-149.1,210.9,False,False,False,False,False,,0,0,False,False,No Card,100,100,1024,1325,955,1024,2,False,False,False,False,False,0,False,False,False,False,78,,47.016,,7834,,10044,,47.016,,True,3.917,3.917,3.917,3.917,3.917,3.917,3.917,3.917,3.917,3.917,3.917,3.917,0,,False,False,True,,,,,,,,,,,,,,,False,False,19.168,,98.2,,75.7,,98.2,,1472,91,7,20,7,143383.7,19117.83,,Idle,,20,,10,,,20,Go Home,False,False,False,False,False,False,False,False,False,False,False,False,33.8027920380556,-117.4659261431046,2905.2,2972.0,1049.4,396.9,True,1,1,False,False,False,False,,True,False,False,Course Lock,196.8,67,16.4,93,E,SW,2.46,11.4,Calm,False,False,Android,7.0.2,M300 RTK,1ZN7L4R0H1D00F,1W9DL31001461C,1ZMLH8300204F0,1Z6PH74DAP0QN7,"Corona, CA",728.3,5.7,137.7,8.547347,2.013246,0,0,DJI Matrice 300 RTK,M300 RTK,1ZN7L4R0H1D00F,1W9DL31001461C,1ZMLH8300204F0,1Z6PH74DAP0QN7,DJI Pilot,Android,7.0.2,1EF72A62-B7C3-C88D-164E-CE6F8C8424AE,1ZN7L4R0H1D00F,1W9DL31001461C,,1ZMLH8300204F0,1W9DL31001461C,,,,,
2023-11-01,11:31:18.84 AM,6m 56.5s,416.5,33.79930376397,-117.4745438010045,74.8,137.7,15.7,1339,3365.0,5.415058,7.161702,-4.250186,2.23694,-3.35541,1.342164,0,0.894776,-0.5,-0.4,0.6,-141,219,217.2,Tripod,Other,,22,5,True,,True,False,,Smart,RC,False,True,False,,,True,,False,False,False,False,False,False,False,False,False,False,0,Follow Yaw,-77.9,0,-149.1,210.9,False,False,False,False,False,,0,0,False,False,No Card,100,100,1024,1326,956,1024,2,False,False,False,False,False,0,False,False,False,False,78,,47.016,,7834,,10044,,47.016,,True,3.917,3.917,3.917,3.917,3.917,3.917,3.917,3.917,3.917,3.917,3.917,3.917,0,,False,False,True,,,,,,,,,,,,,,,False,False,19.168,,98.2,,75.7,,98.2,,1472,91,7,20,7,143383.7,19117.83,,Idle,,20,,10,,,20,Go Home,False,False,False,False,False,False,False,False,False,False,False,False,33.8027920380556,-117.4659261431046,2905.9,2972.0,1049.4,396.9,True,1,1,False,False,False,False,,True,False,False,Course Lock,196.8,67,16.4,93,E,SW,2.46,11.4,Calm,False,False,Android,7.0.2,M300 RTK,1ZN7L4R0H1D00F,1W9DL31001461C,1ZMLH8300204F0,1Z6PH74DAP0QN7,"Corona, CA",728.3,5.7,137.7,8.547347,2.013246,0,0,DJI Matrice 300 RTK,M300 RTK,1ZN7L4R0H1D00F,1W9DL31001461C,1ZMLH8300204F0,1Z6PH74DAP0QN7,DJI Pilot,Android,7.0.2,1EF72A62-B7C3-C88D-164E-CE6F8C8424AE,1ZN7L4R0H1D00F,1W9DL31001461C,,1ZMLH8300204F0,1W9DL31001461C,,,,,
2023-11-01,11:31:18.94 AM,6m 56.6s,416.6,33.7993019914507,-117.4745454707515,74.8,137.7,15.7,1339,3365.9,5.415058,7.161702,-4.250186,2.23694,-3.35541,1.342164,0,0.894776,-0.8,-0.2,0.8,-141.1,218.9,218.0,Tripod,Other,,22,5,True,,True,False,,Smart,RC,False,True,False,,,True,,False,False,False,False,False,False,False,False,False,False,0,Follow Yaw,-77.9,0,-149.1,210.9,False,False,False,False,False,,0,0,False,False,No Card,100,100,1024,1329,953,1024,2,False,False,False,False,False,0,False,False,False,False,78,,47.016,,7834,,10044,,47.016,,True,3.917,3.917,3.917,3.917,3.917,3.917,3.917,3.917,3.917,3.917,3.917,3.917,0,,False,False,True,,,,,,,,,,,,,,,False,False,19.168,,98.2,,75.7,,98.2,,1472,91,7,20,7,143383.7,19117.83,,Idle,,20,,10,,,20,Go Home,False,False,False,False,False,False,False,False,False,False,False,False,33.8027920380556,-117.4659261431046,2906.6,2972.0,1049.4,396.9,True,1,1,False,False,False,False,,True,False,False,Course Lock,196.8,67,16.4,93,E,SW,2.46,11.4,Calm,False,False,Android,7.0.2,M300 RTK,1ZN7L4R0H1D00F,1W9DL31001461C,1ZMLH8300204F0,1Z6PH74DAP0QN7,"Corona, CA",728.3,5.7,137.7,8.547347,2.013246,0,0,DJI Matrice 300 RTK,M300 RTK,1ZN7L4R0H1D00F,1W9DL31001461C,1ZMLH8300204F0,1Z6PH74DAP0QN7,DJI Pilot,Android,7.0.2,1EF72A62-B7C3-C88D-164E-CE6F8C8424AE,1ZN7L4R0H1D00F,1W9DL31001461C,,1ZMLH8300204F0,1W9DL31001461C,,,,,
2023-11-01,11:31:19.04 AM,6m 56.7s,416.7,33.7993001202449,-117.47454742587,74.8,137.7,15.7,1339,3366.8,5.415058,7.161702,-4.250186,2.23694,-3.35541,1.342164,0,0.894776,-0.9,-0.2,0.9,-141.2,218.8,220.9,Tripod,Other,,22,5,True,,True,False,,Smart,RC,False,True,False,,,True,,False,False,False,False,False,False,False,False,False,False,0,Follow Yaw,-77.9,0,-149.1,210.9,False,False,False,False,False,,0,0,False,False,No Card,100,100,1024,1328,953,1024,2,False,False,False,False,False,0,False,False,False,False,78,,46.956,,3889,,4986,,46.956,,True,3.917,3.917,3.917,3.917,3.917,3.917,3.917,3.917,3.917,3.917,3.917,3.917,0,,False,False,True,,,,,,,,,,,,,,,False,False,9.62,,98.2,,75.7,,98.2,,1472,91,7,20,7,143383.7,19117.83,,Idle,,20,,10,,,20,Go Home,False,False,False,False,False,False,False,False,False,False,False,False,33.8027920380556,-117.4659261431046,2907.4,2972.0,1049.4,396.9,True,1,1,False,False,False,False,,True,False,False,Course Lock,196.8,67,16.4,93,E,SW,2.46,11.4,Calm,False,False,Android,7.0.2,M300 RTK,1ZN7L4R0H1D00F,1W9DL31001461C,1ZMLH8300204F0,1Z6PH74DAP0QN7,"Corona, CA",728.3,5.7,137.7,8.547347,2.013246,0,0,DJI Matrice 300 RTK,M300 RTK,1ZN7L4R0H1D00F,1W9DL31001461C,1ZMLH8300204F0,1Z6PH74DAP0QN7,DJI Pilot,Android,7.0.2,1EF72A62-B7C3-C88D-164E-CE6F8C8424AE,1ZN7L4R0H1D00F,1W9DL31001461C,,1ZMLH8300204F0,1W9DL31001461C,,,,,
2023-11-01,11:31:19.14 AM,6m 56.8s,416.8,33.7992983510152,-117.4745491162412,74.8,137.7,15.7,1339,3367.6,5.415058,7.161702,-4.250186,2.23694,-3.35541,1.342164,0,0.894776,-0.8,-0.3,0.8,-141.3,218.7,218.4,Tripod,Other,,22,5,True,,True,False,,Smart,RC,False,True,False,,,True,,False,False,False,False,False,False,False,False,False,False,0,Follow Yaw,-77.9,0,-149.1,210.9,False,False,False,False,False,,0,0,False,False,No Card,100,100,1024,1325,955,1024,2,False,False,False,False,False,0,False,False,False,False,78,,46.956,,3889,,4986,,46.956,,True,3.917,3.917,3.917,3.917,3.917,3.917,3.917,3.917,3.917,3.917,3.917,3.917,0,,False,False,True,,,,,,,,,,,,,,,False,False,9.62,,98.2,,75.7,,98.2,,1472,91,7,20,7,143383.7,19117.83,,Idle,,20,,10,,,20,Go Home,False,False,False,False,False,False,False,False,False,False,False,False,33.8027920380556,-117.4659261431046,2908.2,2972.0,1049.4,396.9,True,1,1,False,False,False,False,,True,False,False,Course Lock,196.8,67,16.4,93,E,SW,2.46,11.4,Calm,False,False,Android,7.0.2,M300 RTK,1ZN7L4R0H1D00F,1W9DL31001461C,1ZMLH8300204F0,1Z6PH74DAP0QN7,"Corona, CA",728.3,5.7,137.7,8.547347,2.013246,0,0,DJI Matrice 300 RTK,M300 RTK,1ZN7L4R0H1D00F,1W9DL31001461C,1ZMLH8300204F0,1Z6PH74DAP0QN7,DJI Pilot,Android,7.0.2,1EF72A62-B7C3-C88D-164E-CE6F8C8424AE,1ZN7L4R0H1D00F,1W9DL31001461C,,1ZMLH8300204F0,1W9DL31001461C,,,,,
2023-11-01,11:31:19.21 AM,6m 56.9s,416.9,33.7992963232816,-117.4745508720029,74.8,137.7,16.0,1339,3368.5,5.415058,7.161702,-4.250186,2.23694,-3.35541,1.342164,0,0.894776,-0.9,-0.7,1.1,-141.4,218.6,215.7,Tripod,Other,,22,5,True,,True,False,,Smart,RC,False,True,False,,,True,,False,False,False,False,False,False,False,False,False,False,0,Follow Yaw,-77.9,0,-149.1,210.9,False,False,False,False,False,,0,0,False,False,No Card,100,100,1024,1324,955,1024,2,False,False,False,False,False,0,False,False,False,False,78,,46.956,,3889,,4986,,46.956,,True,3.917,3.917,3.917,3.917,3.917,3.917,3.917,3.917,3.917,3.917,3.917,3.917,0,,False,False,True,,,,,,,,,,,,,,,False,False,9.62,,98.2,,75.7,,98.2,,1472,91,7,20,7,143383.7,19117.83,,Idle,,20,,10,,,20,Go Home,False,False,False,False,False,False,False,False,False,False,False,False,33.8027920380556,-117.4659261431046,2909.0,2972.0,1049.4,396.9,True,1,1,False,False,False,False,,True,False,False,Course Lock,196.8,67,16.4,93,E,SW,2.46,11.4,Calm,False,False,Android,7.0.2,M300 RTK,1ZN7L4R0H1D00F,1W9DL31001461C,1ZMLH8300204F0,1Z6PH74DAP0QN7,"Corona, CA",728.3,5.7,137.7,8.547347,2.013246,0,0,DJI Matrice 300 RTK,M300 RTK,1ZN7L4R0H1D00F,1W9DL31001461C,1ZMLH8300204F0,1Z6PH74DAP0QN7,DJI Pilot,Android,7.0.2,1EF72A62-B7C3-C88D-164E-CE6F8C8424AE,1ZN7L4R0H1D00F,1W9DL31001461C,,1ZMLH8300204F0,1W9DL31001461C,,,,,
2023-11-01,11:31:19.34 AM,6m 57.0s,417.0,33.7992946316304,-117.4745524646903,74.8,137.7,16.0,1339,3369.3,5.415058,7.161702,-4.250186,2.23694,-3.35541,1.342164,0,0.894776,-0.9,-1,1.3,-141.5,218.5,218.0,Tripod,Other,,22,5,True,,True,False,,Smart,RC,False,True,False,,,True,,False,False,False,False,False,False,False,False,False,False,0,Follow Yaw,-77.9,0,-149.1,210.9,False,False,False,False,False,,0,0,False,False,No Card,100,100,1024,1324,955,1024,2,False,False,False,False,False,0,False,False,False,False,77,,46.98,,7783,,10044,,46.98,,True,3.917,3.917,3.917,3.917,3.917,3.917,3.917,3.917,3.917,3.917,3.917,3.917,0,,False,False,True,,,,,,,,,,,,,,,False,False,19.426,,98.2,,75.7,,98.2,,1472,91,7,20,7,143383.7,19117.83,,Idle,,20,,10,,,20,Go Home,False,False,False,False,False,False,False,False,False,False,False,False,33.8027920380556,-117.4659261431046,2909.7,2972.0,1049.4,396.9,True,1,1,False,False,False,False,,True,False,False,Course Lock,196.8,67,16.4,93,E,SW,2.46,11.4,Calm,False,False,Android,7.0.2,M300 RTK,1ZN7L4R0H1D00F,1W9DL31001461C,1ZMLH8300204F0,1Z6PH74DAP0QN7,"Corona, CA",728.3,5.7,137.7,8.547347,2.013246,0,0,DJI Matrice 300 RTK,M300 RTK,1ZN7L4R0H1D00F,1W9DL31001461C,1ZMLH8300204F0,1Z6PH74DAP0QN7,DJI Pilot,Android,7.0.2,1EF72A62-B7C3-C88D-164E-CE6F8C8424AE,1ZN7L4R0H1D00F,1W9DL31001461C,,1ZMLH8300204F0,1W9DL31001461C,,,,,
2023-11-01,11:31:19.42 AM,6m 57.1s,417.1,33.799292979728,-117.4745541408052,74.8,137.7,15.7,1339,3370.1,5.415058,7.161702,-4.250186,2.23694,-3.35541,1.342164,0,0.894776,-1,-0.9,1.3,-141.4,218.6,220.1,Tripod,Other,,22,5,True,,True,False,,Smart,RC,False,True,False,,,True,,False,False,False,False,False,False,False,False,False,False,0,Follow Yaw,-77.9,0,-149.1,210.9,False,False,False,False,False,,0,0,False,False,No Card,100,100,1024,1323,957,1024,2,False,False,False,False,False,0,False,False,False,False,77,,46.98,,7783,,10044,,46.98,,True,3.917,3.917,3.917,3.917,3.917,3.917,3.917,3.917,3.917,3.917,3.917,3.917,0,,False,False,True,,,,,,,,,,,,,,,False,False,19.426,,98.2,,75.7,,98.2,,1472,91,7,20,7,143383.7,19117.83,,Idle,,20,,10,,,20,Go Home,False,False,False,False,False,False,False,False,False,False,False,False,33.8027920380556,-117.4659261431046,2910.4,2972.0,1049.4,396.9,True,1,1,False,False,False,False,,True,False,False,Course Lock,196.8,67,16.4,93,E,SW,2.46,11.4,Calm,False,False,Android,7.0.2,M300 RTK,1ZN7L4R0H1D00F,1W9DL31001461C,1ZMLH8300204F0,1Z6PH74DAP0QN7,"Corona, CA",728.3,5.7,137.7,8.547347,2.013246,0,0,DJI Matrice 300 RTK,M300 RTK,1ZN7L4R0H1D00F,1W9DL31001461C,1ZMLH8300204F0,1Z6PH74DAP0QN7,DJI Pilot,Android,7.0.2,1EF72A62-B7C3-C88D-164E-CE6F8C8424AE,1ZN7L4R0H1D00F,1W9DL31001461C,,1ZMLH8300204F0,1W9DL31001461C,,,,,
2023-11-01,11:31:19.54 AM,6m 57.2s,417.2,33.7992912025485,-117.4745557935589,74.8,137.7,15.7,1339,3370.9,5.279367,7.161702,-4.250186,2.23694,-3.131716,1.342164,0,0.894776,-1,-0.6,1.1,-141.3,218.7,217.6,Tripod,Other,,22,5,True,,True,False,,Smart,RC,False,True,False,,,True,,False,False,False,False,False,False,False,False,False,False,0,Follow Yaw,-77.9,0,-149.1,210.9,False,False,False,False,False,,0,0,False,False,No Card,100,100,1024,1329,959,1024,2,False,False,False,False,False,0,False,False,False,False,77,,46.98,,7783,,10044,,46.98,,True,3.917,3.917,3.917,3.917,3.917,3.917,3.917,3.917,3.917,3.917,3.917,3.917,0,,False,False,True,,,,,,,,,,,,,,,False,False,19.426,,98.2,,75.7,,98.2,,1472,91,7,20,7,143383.7,19117.83,,Idle,,20,,10,,,20,Go Home,False,False,False,False,False,False,False,False,False,False,False,False,33.8027920380556,-117.4659261431046,2911.1,2972.0,1049.4,396.9,True,1,1,False,False,False,False,,True,False,False,Course Lock,196.8,67,16.4,93,E,SW,2.46,11.4,Calm,False,False,Android,7.0.2,M300 RTK,1ZN7L4R0H1D00F,1W9DL31001461C,1ZMLH8300204F0,1Z6PH74DAP0QN7,"Corona, CA",728.3,5.7,137.7,8.547347,2.013246,0,0,DJI Matrice 300 RTK,M300 RTK,1ZN7L4R0H1D00F,1W9DL31001461C,1ZMLH8300204F0,1Z6PH74DAP0QN7,DJI Pilot,Android,7.0.2,1EF72A62-B7C3-C88D-164E-CE6F8C8424AE,1ZN7L4R0H1D00F,1W9DL31001461C,,1ZMLH8300204F0,1W9DL31001461C,,,,,
2023-11-01,11:31:19.64 AM,6m 57.3s,417.3,33.7992894925307,-117.4745574330974,74.8,137.7,15.7,1339,3371.7,5.279367,7.161702,-4.250186,2.23694,-3.131716,1.342164,0,0.894776,-1.1,-0.2,1.1,-141.3,218.7,218.5,Tripod,Other,,22,5,True,,True,False,,Smart,RC,False,True,False,,,True,,False,False,False,False,False,False,False,False,False,False,0,Follow Yaw,-77.9,0,-149.1,210.9,False,False,False,False,False,,0,0,False,False,No Card,100,100,1024,1336,959,1024,2,False,False,False,False,False,0,False,False,False,False,77,,46.98,,7783,,10044,,46.98,,True,3.917,3.917,3.917,3.917,3.917,3.917,3.917,3.917,3.917,3.917,3.917,3.917,0,,False,False,True,,,,,,,,,,,,,,,False,False,19.426,,98.2,,75.7,,98.2,,1472,91,7,20,7,143317.9,19109.06,,Idle,,20,,10,,,20,Go Home,False,False,False,False,False,False,False,False,False,False,False,False,33.8027920380556,-117.4659261431046,2911.9,2972.0,1049.4,396.9,True,1,1,False,False,False,False,,True,False,False,Course Lock,196.8,67,16.4,93,E,SW,2.46,11.4,Calm,False,False,Android,7.0.2,M300 RTK,1ZN7L4R0H1D00F,1W9DL31001461C,1ZMLH8300204F0,1Z6PH74DAP0QN7,"Corona, CA",728.3,5.7,137.7,8.547347,2.013246,0,0,DJI Matrice 300 RTK,M300 RTK,1ZN7L4R0H1D00F,1W9DL31001461C,1ZMLH8300204F0,1Z6PH74DAP0QN7,DJI Pilot,Android,7.0.2,1EF72A62-B7C3-C88D-164E-CE6F8C8424AE,1ZN7L4R0H1D00F,1W9DL31001461C,,1ZMLH8300204F0,1W9DL31001461C,,,,,
2023-11-01,11:31:19.74 AM,6m 57.4s,417.4,33.7992877265905,-117.4745590702006,74.8,137.7,16.0,1339,3372.5,5.279367,7.161702,-4.250186,2.23694,-3.131716,1.342164,0,0.894776,-1.2,-0.1,1.2,-141.3,218.7,217.6,Tripod,Other,,22,5,True,,True,False,,Smart,RC,False,True,False,,,True,,False,False,False,False,False,False,False,False,False,False,0,Follow Yaw,-77.9,0,-149.1,210.9,False,False,False,False,False,,0,0,False,False,No Card,100,100,1024,1343,956,1024,2,False,False,False,False,False,0,False,False,False,False,77,,46.98,,7783,,10044,,46.98,,True,3.917,3.917,3.917,3.917,3.917,3.917,3.917,3.917,3.917,3.917,3.917,3.917,0,,False,False,True,,,,,,,,,,,,,,,False,False,19.426,,98.2,,75.7,,98.2,,1472,91,7,20,7,143317.9,19109.06,,Idle,,20,,10,,,20,Go Home,False,False,False,False,False,False,False,False,False,False,False,False,33.8027920380556,-117.4659261431046,2912.6,2972.0,1049.4,396.9,True,1,1,False,False,False,False,,True,False,False,Course Lock,196.8,67,16.4,93,E,SW,2.46,11.4,Calm,False,False,Android,7.0.2,M300 RTK,1ZN7L4R0H1D00F,1W9DL31001461C,1ZMLH8300204F0,1Z6PH74DAP0QN7,"Corona, CA",728.3,5.7,137.7,8.547347,2.013246,0,0,DJI Matrice 300 RTK,M300 RTK,1ZN7L4R0H1D00F,1W9DL31001461C,1ZMLH8300204F0,1Z6PH74DAP0QN7,DJI Pilot,Android,7.0.2,1EF72A62-B7C3-C88D-164E-CE6F8C8424AE,1ZN7L4R0H1D00F,1W9DL31001461C,,1ZMLH8300204F0,1W9DL31001461C,,,,,
2023-11-01,11:31:19.83 AM,6m 57.5s,417.5,33.7992860141055,-117.4745607840746,74.8,137.7,16.0,1339,3373.3,5.279367,7.161702,-4.250186,2.23694,-3.131716,1.342164,0,0.894776,-1.4,-0.1,1.4,-141.3,218.7,219.7,Tripod,Other,,22,5,True,,True,False,,Smart,RC,False,True,False,,,True,,False,False,False,False,False,False,False,False,False,False,0,Follow Yaw,-77.9,0,-149.1,210.9,False,False,False,False,False,,0,0,False,False,No Card,100,100,1024,1346,957,1024,2,False,False,False,False,False,0,False,False,False,False,77,,46.98,,7783,,10044,,46.98,,True,3.917,3.917,3.917,3.917,3.917,3.917,3.917,3.917,3.917,3.917,3.917,3.917,0,,False,False,True,,,,,,,,,,,,,,,False,False,19.426,,98.2,,75.7,,98.2,,1472,91,7,20,7,143317.9,19109.06,,Idle,,20,,10,,,20,Go Home,False,False,False,False,False,False,False,False,False,False,False,False,33.8027920380556,-117.4659261431046,2913.3,2972.0,1049.4,396.9,True,1,1,False,False,False,False,,True,False,False,Course Lock,196.8,67,16.4,93,E,SW,2.46,11.4,Calm,False,False,Android,7.0.2,M300 RTK,1ZN7L4R0H1D00F,1W9DL31001461C,1ZMLH8300204F0,1Z6PH74DAP0QN7,"Corona, CA",728.3,5.7,137.7,8.547347,2.013246,0,0,DJI Matrice 300 RTK,M300 RTK,1ZN7L4R0H1D00F,1W9DL31001461C,1ZMLH8300204F0,1Z6PH74DAP0QN7,DJI Pilot,Android,7.0.2,1EF72A62-B7C3-C88D-164E-CE6F8C8424AE,1ZN7L4R0H1D00F,1W9DL31001461C,,1ZMLH8300204F0,1W9DL31001461C,,,,,
2023-11-01,11:31:19.93 AM,6m 57.6s,417.6,33.7992842509066,-117.4745624198584,74.8,137.7,16.0,1339,3374.1,5.279367,7.161702,-4.250186,2.23694,-3.131716,1.342164,0,0.894776,-1.4,0,1.4,-141.3,218.7,217.6,Tripod,Other,,22,5,True,,True,False,,Smart,RC,False,True,False,,,True,,False,False,False,False,False,False,False,False,False,False,0,Follow Yaw,-77.9,0,-149.1,210.9,False,False,False,False,False,,0,0,False,False,No Card,100,100,1024,1349,956,1024,2,False,False,False,False,False,0,False,False,False,False,77,,46.98,,7783,,10044,,46.98,,True,3.917,3.917,3.917,3.917,3.917,3.917,3.917,3.917,3.917,3.917,3.917,3.917,0,,False,False,True,,,,,,,,,,,,,,,False,False,19.426,,98.2,,75.7,,98.2,,1472,91,7,20,7,143317.9,19109.06,,Idle,,20,,10,,,20,Go Home,False,False,False,False,False,False,False,False,False,False,False,False,33.8027920380556,-117.4659261431046,2914.0,2972.0,1049.4,396.9,True,1,1,False,False,False,False,,True,False,False,Course Lock,196.8,67,16.4,93,E,SW,2.46,11.4,Calm,False,False,Android,7.0.2,M300 RTK,1ZN7L4R0H1D00F,1W9DL31001461C,1ZMLH8300204F0,1Z6PH74DAP0QN7,"Corona, CA",728.3,5.7,137.7,8.547347,2.013246,0,0,DJI Matrice 300 RTK,M300 RTK,1ZN7L4R0H1D00F,1W9DL31001461C,1ZMLH8300204F0,1Z6PH74DAP0QN7,DJI Pilot,Android,7.0.2,1EF72A62-B7C3-C88D-164E-CE6F8C8424AE,1ZN7L4R0H1D00F,1W9DL31001461C,,1ZMLH8300204F0,1W9DL31001461C,,,,,
2023-11-01,11:31:20.03 AM,6m 57.7s,417.7,33.799282222899,-117.4745642166574,74.8,137.7,16.0,1339,3375.1,5.279367,7.161702,-4.250186,2.23694,-3.131716,1.342164,0,0.894776,-1.4,0.2,1.4,-141.2,218.8,216.3,Tripod,Other,,22,5,True,,True,False,,Smart,RC,False,True,False,,,True,,False,False,False,False,False,False,False,False,False,False,0,Follow Yaw,-77.9,0,-149.1,210.9,False,False,False,False,False,,0,0,False,False,No Card,100,100,1024,1349,960,1024,2,False,False,False,False,False,0,False,False,False,False,77,,46.98,,7783,,10044,,46.98,,True,3.917,3.917,3.917,3.917,3.917,3.917,3.917,3.917,3.917,3.917,3.917,3.917,0,,False,False,True,,,,,,,,,,,,,,,False,False,19.426,,98.2,,75.7,,98.2,,1472,91,7,20,7,143317.9,19109.06,,Idle,,20,,10,,,20,Go Home,False,False,False,False,False,False,False,False,False,False,False,False,33.8027920380556,-117.4659261431046,2914.9,2972.0,1049.4,396.9,True,1,1,False,False,False,False,,True,False,False,Course Lock,196.8,67,16.4,93,E,SW,2.46,11.4,Calm,False,False,Android,7.0.2,M300 RTK,1ZN7L4R0H1D00F,1W9DL31001461C,1ZMLH8300204F0,1Z6PH74DAP0QN7,"Corona, CA",728.3,5.7,137.7,8.547347,2.013246,0,0,DJI Matrice 300 RTK,M300 RTK,1ZN7L4R0H1D00F,1W9DL31001461C,1ZMLH8300204F0,1Z6PH74DAP0QN7,DJI Pilot,Android,7.0.2,1EF72A62-B7C3-C88D-164E-CE6F8C8424AE,1ZN7L4R0H1D00F,1W9DL31001461C,,1ZMLH8300204F0,1W9DL31001461C,,,,,
2023-11-01,11:31:20.14 AM,6m 57.8s,417.8,33.7992804353026,-117.4745658717433,74.8,137.7,16.0,1339,3375.9,5.279367,7.161702,-4.250186,2.23694,-3.131716,1.342164,0,0.894776,-1.5,0.4,1.5,-141.1,218.9,217.5,Tripod,Other,,22,5,True,,True,False,,Smart,RC,False,True,False,,,True,,False,False,False,False,False,False,False,False,False,False,0,Follow Yaw,-77.9,0,-149.1,210.9,False,False,False,False,False,,0,0,False,False,No Card,100,100,1024,1350,956,1024,2,False,False,False,False,False,0,False,False,False,False,77,,46.98,,7783,,10044,,46.98,,True,3.917,3.917,3.917,3.917,3.917,3.917,3.917,3.917,3.917,3.917,3.917,3.917,0,,False,False,True,,,,,,,,,,,,,,,False,False,19.426,,98.2,,75.7,,98.2,,1472,91,7,20,7,143317.9,19109.06,,Idle,,20,,10,,,20,Go Home,False,False,False,False,False,False,False,False,False,False,False,False,33.8027920380556,-117.4659261431046,2915.6,2972.0,1049.4,396.9,True,1,1,False,False,False,False,,True,False,False,Course Lock,196.8,67,16.4,93,E,SW,2.46,11.4,Calm,False,False,Android,7.0.2,M300 RTK,1ZN7L4R0H1D00F,1W9DL31001461C,1ZMLH8300204F0,1Z6PH74DAP0QN7,"Corona, CA",728.3,5.7,137.7,8.547347,2.013246,0,0,DJI Matrice 300 RTK,M300 RTK,1ZN7L4R0H1D00F,1W9DL31001461C,1ZMLH8300204F0,1Z6PH74DAP0QN7,DJI Pilot,Android,7.0.2,1EF72A62-B7C3-C88D-164E-CE6F8C8424AE,1ZN7L4R0H1D00F,1W9DL31001461C,,1ZMLH8300204F0,1W9DL31001461C,,,,,
2023-11-01,11:31:20.25 AM,6m 57.9s,417.9,33.7992786666211,-117.4745672880794,74.8,137.7,16.0,1339,3376.6,5.279367,7.161702,-4.250186,2.23694,-3.131716,1.342164,0,0.894776,-1.5,0.4,1.5,-141,219,213.6,Tripod,Other,,22,5,True,,True,False,,Smart,RC,False,True,False,,,True,,False,False,False,False,False,False,False,False,False,False,0,Follow Yaw,-77.9,0,-149.1,210.9,False,False,False,False,False,,0,0,False,False,No Card,100,100,1024,1349,955,1024,2,False,False,False,False,False,0,False,False,False,False,77,,46.98,,7783,,10044,,46.98,,True,3.917,3.917,3.917,3.917,3.917,3.917,3.917,3.917,3.917,3.917,3.917,3.917,0,,False,False,True,,,,,,,,,,,,,,,False,False,19.426,,98.2,,75.7,,98.2,,1472,91,7,20,7,143317.9,19109.06,,Idle,,20,,10,,,20,Go Home,False,False,False,False,False,False,False,False,False,False,False,False,33.8027920380556,-117.4659261431046,2916.3,2972.0,1049.4,396.9,True,1,1,False,False,False,False,,True,False,False,Course Lock,196.8,67,16.4,93,E,SW,2.46,11.4,Calm,False,False,Android,7.0.2,M300 RTK,1ZN7L4R0H1D00F,1W9DL31001461C,1ZMLH8300204F0,1Z6PH74DAP0QN7,"Corona, CA",728.3,5.7,137.7,8.547347,2.013246,0,0,DJI Matrice 300 RTK,M300 RTK,1ZN7L4R0H1D00F,1W9DL31001461C,1ZMLH8300204F0,1Z6PH74DAP0QN7,DJI Pilot,Android,7.0.2,1EF72A62-B7C3-C88D-164E-CE6F8C8424AE,1ZN7L4R0H1D00F,1W9DL31001461C,,1ZMLH8300204F0,1W9DL31001461C,,,,,
2023-11-01,11:31:20.36 AM,6m 58.0s,418.0,33.7992769884023,-117.4745688588386,74.8,137.7,16.0,1339,3377.4,5.415058,7.161702,-4.250186,2.23694,-3.35541,1.342164,0,0.894776,-1.6,0.3,1.6,-141,219,217.8,Tripod,Other,,22,5,True,,True,False,,Smart,RC,False,True,False,,,True,,False,False,False,False,False,False,False,False,False,False,0,Follow Yaw,-77.9,0,-149.1,210.9,False,False,False,False,False,,0,0,False,False,No Card,100,100,1024,1350,958,1024,2,False,False,False,False,False,0,False,False,False,False,77,,47.028,,7783,,10044,,47.028,,True,3.917,3.917,3.917,3.917,3.917,3.917,3.917,3.917,3.917,3.917,3.917,3.917,0,,False,False,True,,,,,,,,,,,,,,,False,False,19.44,,98.2,,75.7,,98.2,,1472,91,7,20,7,143317.9,19109.06,,Idle,,20,,10,,,20,Go Home,False,False,False,False,False,False,False,False,False,False,False,False,33.8027920380556,-117.4659261431046,2917.0,2972.0,1049.4,396.9,True,1,1,False,False,False,False,,True,False,False,Course Lock,196.8,67,16.4,93,E,SW,2.46,11.4,Calm,False,False,Android,7.0.2,M300 RTK,1ZN7L4R0H1D00F,1W9DL31001461C,1ZMLH8300204F0,1Z6PH74DAP0QN7,"Corona, CA",728.3,5.7,137.7,8.547347,2.013246,0,0,DJI Matrice 300 RTK,M300 RTK,1ZN7L4R0H1D00F,1W9DL31001461C,1ZMLH8300204F0,1Z6PH74DAP0QN7,DJI Pilot,Android,7.0.2,1EF72A62-B7C3-C88D-164E-CE6F8C8424AE,1ZN7L4R0H1D00F,1W9DL31001461C,,1ZMLH8300204F0,1W9DL31001461C,,,,,
2023-11-01,11:31:20.46 AM,6m 58.1s,418.1,33.7992752273964,-117.474570539484,74.8,137.7,16.0,1339,3378.2,5.415058,7.161702,-4.250186,2.23694,-3.35541,1.342164,0,0.894776,-1.6,0.1,1.6,-140.9,219.1,218.4,Tripod,Other,,22,5,True,,True,False,,Smart,RC,False,True,False,,,True,,False,False,False,False,False,False,False,False,False,False,0,Follow Yaw,-77.9,0,-149.1,210.9,False,False,False,False,False,,0,0,False,False,No Card,100,100,1024,1349,957,1024,2,False,False,False,False,False,0,False,False,False,False,77,,47.028,,7783,,10044,,47.028,,True,3.917,3.917,3.917,3.917,3.917,3.917,3.917,3.917,3.917,3.917,3.917,3.917,0,,False,False,True,,,,,,,,,,,,,,,False,False,19.44,,98.2,,75.7,,98.2,,1472,91,7,20,7,143317.9,19109.06,,Idle,,20,,10,,,20,Go Home,False,False,False,False,False,False,False,False,False,False,False,False,33.8027920380556,-117.4659261431046,2917.7,2972.0,1049.4,396.9,True,1,1,False,False,False,False,,True,False,False,Course Lock,196.8,67,16.4,93,E,SW,2.46,11.4,Calm,False,False,Android,7.0.2,M300 RTK,1ZN7L4R0H1D00F,1W9DL31001461C,1ZMLH8300204F0,1Z6PH74DAP0QN7,"Corona, CA",728.3,5.7,137.7,8.547347,2.013246,0,0,DJI Matrice 300 RTK,M300 RTK,1ZN7L4R0H1D00F,1W9DL31001461C,1ZMLH8300204F0,1Z6PH74DAP0QN7,DJI Pilot,Android,7.0.2,1EF72A62-B7C3-C88D-164E-CE6F8C8424AE,1ZN7L4R0H1D00F,1W9DL31001461C,,1ZMLH8300204F0,1W9DL31001461C,,,,,
2023-11-01,11:31:20.56 AM,6m 58.2s,418.2,33.7992735653512,-117.4745721287516,74.8,137.7,16.0,1339,3379.0,5.415058,7.161702,-4.250186,2.23694,-3.35541,1.342164,0,0.894776,-1.8,0.1,1.8,-140.8,219.2,218.4,Tripod,Other,,22,5,True,,True,False,,Smart,RC,False,True,False,,,True,,False,False,False,False,False,False,False,False,False,False,0,Follow Yaw,-77.9,0,-149.1,210.9,False,False,False,False,False,,0,0,False,False,No Card,100,100,1024,1349,957,1024,2,False,False,False,False,False,0,False,False,False,False,77,,47.028,,7783,,10044,,47.028,,True,3.917,3.917,3.917,3.917,3.917,3.917,3.917,3.917,3.917,3.917,3.917,3.917,0,,False,False,True,,,,,,,,,,,,,,,False,False,19.44,,98.2,,75.7,,98.2,,1472,91,7,20,7,143317.9,19109.06,,Idle,,20,,10,,,20,Go Home,False,False,False,False,False,False,False,False,False,False,False,False,33.8027920380556,-117.4659261431046,2918.4,2972.0,1049.4,396.9,True,1,1,False,False,False,False,,True,False,False,Course Lock,196.8,67,16.4,93,E,SW,2.46,11.4,Calm,False,False,Android,7.0.2,M300 RTK,1ZN7L4R0H1D00F,1W9DL31001461C,1ZMLH8300204F0,1Z6PH74DAP0QN7,"Corona, CA",728.3,5.7,137.7,8.547347,2.013246,0,0,DJI Matrice 300 RTK,M300 RTK,1ZN7L4R0H1D00F,1W9DL31001461C,1ZMLH8300204F0,1Z6PH74DAP0QN7,DJI Pilot,Android,7.0.2,1EF72A62-B7C3-C88D-164E-CE6F8C8424AE,1ZN7L4R0H1D00F,1W9DL31001461C,,1ZMLH8300204F0,1W9DL31001461C,,,,,
2023-11-01,11:31:20.66 AM,6m 58.3s,418.3,33.7992718813756,-117.4745739120158,74.8,137.7,16.0,1339,3379.8,5.415058,7.161702,-4.250186,2.23694,-3.35541,1.342164,0,0.894776,-1.7,-0.1,1.7,-140.8,219.2,221.3,Tripod,Other,,22,5,True,,True,False,,Smart,RC,False,True,False,,,True,,False,False,False,False,False,False,False,False,False,False,0,Follow Yaw,-77.9,0,-149.1,210.9,False,False,False,False,False,,0,0,False,False,No Card,100,100,1024,1349,957,1024,2,False,False,False,False,False,0,False,False,False,False,77,,47.028,,7783,,10044,,47.028,,True,3.918,3.918,3.918,3.918,3.918,3.918,3.918,3.918,3.918,3.918,3.918,3.918,0,,False,False,True,,,,,,,,,,,,,,,False,False,19.44,,98.2,,75.7,,98.2,,1471,91,7,20,7,143429.9,19123.99,,Idle,,20,,10,,,20,Go Home,False,False,False,False,False,False,False,False,False,False,False,False,33.8027920380556,-117.4659261431046,2919.2,2972.0,1049.4,396.9,True,1,1,False,False,False,False,,True,False,False,Course Lock,196.8,67,16.4,93,E,SW,2.46,11.4,Calm,False,False,Android,7.0.2,M300 RTK,1ZN7L4R0H1D00F,1W9DL31001461C,1ZMLH8300204F0,1Z6PH74DAP0QN7,"Corona, CA",728.3,5.7,137.7,8.547347,2.013246,0,0,DJI Matrice 300 RTK,M300 RTK,1ZN7L4R0H1D00F,1W9DL31001461C,1ZMLH8300204F0,1Z6PH74DAP0QN7,DJI Pilot,Android,7.0.2,1EF72A62-B7C3-C88D-164E-CE6F8C8424AE,1ZN7L4R0H1D00F,1W9DL31001461C,,1ZMLH8300204F0,1W9DL31001461C,,,,,
2023-11-01,11:31:20.77 AM,6m 58.4s,418.4,33.7992701433966,-117.4745756199832,74.8,137.7,16.0,1339,3380.7,5.415058,7.161702,-4.250186,2.23694,-3.35541,1.342164,0,0.894776,-1.6,-0.3,1.6,-140.9,219.1,219.2,Tripod,Other,,22,5,True,,True,False,,Smart,RC,False,True,False,,,True,,False,False,False,False,False,False,False,False,False,False,0,Follow Yaw,-77.9,0,-149.1,210.9,False,False,False,False,False,,0,0,False,False,No Card,100,100,1024,1348,959,1024,2,False,False,False,False,False,0,False,False,False,False,77,,47.028,,7783,,10044,,47.028,,True,3.918,3.918,3.918,3.918,3.918,3.918,3.918,3.918,3.918,3.918,3.918,3.918,0,,False,False,True,,,,,,,,,,,,,,,False,False,19.44,,98.2,,75.7,,98.2,,1471,91,7,20,7,143429.9,19123.99,,Idle,,20,,10,,,20,Go Home,False,False,False,False,False,False,False,False,False,False,False,False,33.8027920380556,-117.4659261431046,2919.9,2972.0,1049.4,396.9,True,1,1,False,False,False,False,,True,False,False,Course Lock,196.8,67,16.4,93,E,SW,2.46,11.4,Calm,False,False,Android,7.0.2,M300 RTK,1ZN7L4R0H1D00F,1W9DL31001461C,1ZMLH8300204F0,1Z6PH74DAP0QN7,"Corona, CA",728.3,5.7,137.7,8.547347,2.013246,0,0,DJI Matrice 300 RTK,M300 RTK,1ZN7L4R0H1D00F,1W9DL31001461C,1ZMLH8300204F0,1Z6PH74DAP0QN7,DJI Pilot,Android,7.0.2,1EF72A62-B7C3-C88D-164E-CE6F8C8424AE,1ZN7L4R0H1D00F,1W9DL31001461C,,1ZMLH8300204F0,1W9DL31001461C,,,,,
2023-11-01,11:31:20.87 AM,6m 58.5s,418.5,33.7992684144639,-117.4745773261004,74.8,137.7,16.0,1339,3381.5,5.415058,7.161702,-4.250186,2.23694,-3.35541,1.342164,0,0.894776,-1.5,-0.5,1.5,-140.9,219.1,219.3,Tripod,Other,,22,5,True,,True,False,,Smart,RC,False,True,False,,,True,,False,False,False,False,False,False,False,False,False,False,0,Follow Yaw,-77.9,0,-149.1,210.9,False,False,False,False,False,,0,0,False,False,No Card,100,100,1024,1353,959,1024,2,False,False,False,False,False,0,False,False,False,False,77,,47.028,,7783,,10044,,47.028,,True,3.918,3.918,3.918,3.918,3.918,3.918,3.918,3.918,3.918,3.918,3.918,3.918,0,,False,False,True,,,,,,,,,,,,,,,False,False,19.44,,98.2,,75.7,,98.2,,1471,91,7,20,7,143429.9,19123.99,,Idle,,20,,10,,,20,Go Home,False,False,False,False,False,False,False,False,False,False,False,False,33.8027920380556,-117.4659261431046,2920.6,2972.0,1049.4,396.9,True,1,1,False,False,False,False,,True,False,False,Course Lock,196.8,67,16.4,93,E,SW,2.46,11.4,Calm,False,False,Android,7.0.2,M300 RTK,1ZN7L4R0H1D00F,1W9DL31001461C,1ZMLH8300204F0,1Z6PH74DAP0QN7,"Corona, CA",728.3,5.7,137.7,8.547347,2.013246,0,0,DJI Matrice 300 RTK,M300 RTK,1ZN7L4R0H1D00F,1W9DL31001461C,1ZMLH8300204F0,1Z6PH74DAP0QN7,DJI Pilot,Android,7.0.2,1EF72A62-B7C3-C88D-164E-CE6F8C8424AE,1ZN7L4R0H1D00F,1W9DL31001461C,,1ZMLH8300204F0,1W9DL31001461C,,,,,
2023-11-01,11:31:20.97 AM,6m 58.6s,418.6,33.7992666825157,-117.4745790464274,74.8,137.7,16.0,1339,3382.3,5.415058,7.161702,-4.250186,2.23694,-3.35541,1.342164,0,0.894776,-1.6,-0.6,1.7,-140.9,219.1,219.5,Tripod,Other,,22,5,True,,True,False,,Smart,RC,False,True,False,,,True,,False,False,False,False,False,False,False,False,False,False,0,Follow Yaw,-77.9,0,-149.1,210.9,False,False,False,False,False,,0,0,False,False,No Card,100,100,1024,1352,958,1024,2,False,False,False,False,False,0,False,False,False,False,77,,47.028,,7783,,10044,,47.028,,True,3.918,3.918,3.918,3.918,3.918,3.918,3.918,3.918,3.918,3.918,3.918,3.918,0,,False,False,True,,,,,,,,,,,,,,,False,False,19.44,,98.2,,75.7,,98.2,,1471,91,7,20,7,143429.9,19123.99,,Idle,,20,,10,,,20,Go Home,False,False,False,False,False,False,False,False,False,False,False,False,33.8027920380556,-117.4659261431046,2921.4,2972.0,1049.4,396.9,True,1,1,False,False,False,False,,True,False,False,Course Lock,196.8,67,16.4,93,E,SW,2.46,11.4,Calm,False,False,Android,7.0.2,M300 RTK,1ZN7L4R0H1D00F,1W9DL31001461C,1ZMLH8300204F0,1Z6PH74DAP0QN7,"Corona, CA",728.3,5.7,137.7,8.547347,2.013246,0,0,DJI Matrice 300 RTK,M300 RTK,1ZN7L4R0H1D00F,1W9DL31001461C,1ZMLH8300204F0,1Z6PH74DAP0QN7,DJI Pilot,Android,7.0.2,1EF72A62-B7C3-C88D-164E-CE6F8C8424AE,1ZN7L4R0H1D00F,1W9DL31001461C,,1ZMLH8300204F0,1W9DL31001461C,,,,,
2023-11-01,11:31:21.08 AM,6m 58.7s,418.7,33.7992649275407,-117.4745808304699,74.8,137.7,16.0,1339,3383.1,5.415058,7.161702,-4.250186,2.23694,-3.35541,1.342164,0,0.894776,-1.8,-0.7,1.9,-140.9,219.1,220.1,Tripod,Other,,22,5,True,,True,False,,Smart,RC,False,True,False,,,True,,False,False,False,False,False,False,False,False,False,False,0,Follow Yaw,-77.9,0,-149.1,210.9,False,False,False,False,False,,0,0,False,False,No Card,100,100,1024,1352,956,1024,2,False,False,False,False,False,0,False,False,False,False,77,,47.028,,7783,,10044,,47.028,,True,3.918,3.918,3.918,3.918,3.918,3.918,3.918,3.918,3.918,3.918,3.918,3.918,0,,False,False,True,,,,,,,,,,,,,,,False,False,19.44,,98.2,,75.7,,98.2,,1471,91,7,20,7,143429.9,19123.99,,Idle,,20,,10,,,20,Go Home,False,False,False,False,False,False,False,False,False,False,False,False,33.8027920380556,-117.4659261431046,2922.2,2972.0,1049.4,396.9,True,1,1,False,False,False,False,,True,False,False,Course Lock,196.8,67,16.4,93,E,SW,2.46,11.4,Calm,False,False,Android,7.0.2,M300 RTK,1ZN7L4R0H1D00F,1W9DL31001461C,1ZMLH8300204F0,1Z6PH74DAP0QN7,"Corona, CA",728.3,5.7,137.7,8.547347,2.013246,0,0,DJI Matrice 300 RTK,M300 RTK,1ZN7L4R0H1D00F,1W9DL31001461C,1ZMLH8300204F0,1Z6PH74DAP0QN7,DJI Pilot,Android,7.0.2,1EF72A62-B7C3-C88D-164E-CE6F8C8424AE,1ZN7L4R0H1D00F,1W9DL31001461C,,1ZMLH8300204F0,1W9DL31001461C,,,,,
2023-11-01,11:31:21.14 AM,6m 58.8s,418.8,33.7992631931254,-117.4745825683777,74.8,137.7,16.0,1339,3384.0,5.415058,7.161702,-4.250186,2.23694,-3.35541,1.342164,0,0.894776,-2,-0.8,2.1,-140.9,219.1,219.7,Tripod,Other,,22,5,True,,True,False,,Smart,RC,False,True,False,,,True,,False,False,False,False,False,False,False,False,False,False,0,Follow Yaw,-77.9,0,-149.1,210.9,False,False,False,False,False,,0,0,False,False,No Card,100,100,1024,1347,958,1024,2,False,False,False,False,False,0,False,False,False,False,77,,47.028,,7783,,10044,,47.028,,True,3.918,3.918,3.918,3.918,3.918,3.918,3.918,3.918,3.918,3.918,3.918,3.918,0,,False,False,True,,,,,,,,,,,,,,,False,False,19.44,,98.2,,75.7,,98.2,,1471,91,7,20,7,143429.9,19123.99,,Idle,,20,,10,,,20,Go Home,False,False,False,False,False,False,False,False,False,False,False,False,33.8027920380556,-117.4659261431046,2922.9,2972.0,1049.4,396.9,True,1,1,False,False,False,False,,True,False,False,Course Lock,196.8,67,16.4,93,E,SW,2.46,11.4,Calm,False,False,Android,7.0.2,M300 RTK,1ZN7L4R0H1D00F,1W9DL31001461C,1ZMLH8300204F0,1Z6PH74DAP0QN7,"Corona, CA",728.3,5.7,137.7,8.547347,2.013246,0,0,DJI Matrice 300 RTK,M300 RTK,1ZN7L4R0H1D00F,1W9DL31001461C,1ZMLH8300204F0,1Z6PH74DAP0QN7,DJI Pilot,Android,7.0.2,1EF72A62-B7C3-C88D-164E-CE6F8C8424AE,1ZN7L4R0H1D00F,1W9DL31001461C,,1ZMLH8300204F0,1W9DL31001461C,,,,,
2023-11-01,11:31:21.24 AM,6m 58.9s,418.9,33.7992614132046,-117.4745842656606,74.8,137.7,16.0,1339,3384.8,5.415058,7.161702,-4.250186,2.23694,-3.35541,1.342164,0,0.894776,-2.1,-0.9,2.2,-140.9,219.1,218.3,Tripod,Other,,22,5,True,,True,False,,Smart,RC,False,True,False,,,True,,False,False,False,False,False,False,False,False,False,False,0,Follow Yaw,-77.9,0,-149.1,210.9,False,False,False,False,False,,0,0,False,False,No Card,100,100,1024,1351,960,1024,2,False,False,False,False,False,0,False,False,False,False,77,,47.028,,7783,,10044,,47.028,,True,3.918,3.918,3.918,3.918,3.918,3.918,3.918,3.918,3.918,3.918,3.918,3.918,0,,False,False,True,,,,,,,,,,,,,,,False,False,19.44,,98.2,,75.7,,98.2,,1471,91,7,20,7,143429.9,19123.99,,Idle,,20,,10,,,20,Go Home,False,False,False,False,False,False,False,False,False,False,False,False,33.8027920380556,-117.4659261431046,2923.7,2972.0,1049.4,396.9,True,1,1,False,False,False,False,,True,False,False,Course Lock,196.8,67,16.4,93,E,SW,2.46,11.4,Calm,False,False,Android,7.0.2,M300 RTK,1ZN7L4R0H1D00F,1W9DL31001461C,1ZMLH8300204F0,1Z6PH74DAP0QN7,"Corona, CA",728.3,5.7,137.7,8.547347,2.013246,0,0,DJI Matrice 300 RTK,M300 RTK,1ZN7L4R0H1D00F,1W9DL31001461C,1ZMLH8300204F0,1Z6PH74DAP0QN7,DJI Pilot,Android,7.0.2,1EF72A62-B7C3-C88D-164E-CE6F8C8424AE,1ZN7L4R0H1D00F,1W9DL31001461C,,1ZMLH8300204F0,1W9DL31001461C,,,,,
2023-11-01,11:31:21.34 AM,6m 59.0s,419.0,33.7992596563107,-117.4745860154487,74.8,137.7,16.0,1339,3385.6,5.556443,7.161702,-4.250186,2.23694,-3.579104,1.342164,0,0.894776,-2,-0.8,2.1,-140.8,219.2,219.6,Tripod,Other,,22,5,True,,True,False,,Smart,RC,False,True,False,,,True,,False,False,False,False,False,False,False,False,False,False,0,Follow Yaw,-77.9,0,-149.1,210.9,False,False,False,False,False,,0,0,False,False,No Card,100,100,1024,1356,960,1024,2,False,False,False,False,False,0,False,False,False,False,77,,46.98,,7783,,10044,,46.98,,True,3.918,3.918,3.918,3.918,3.918,3.918,3.918,3.918,3.918,3.918,3.918,3.918,0,,False,False,True,,,,,,,,,,,,,,,False,False,18.67,,98.2,,75.7,,98.2,,1471,91,7,20,7,143429.9,19123.99,,Idle,,20,,10,,,20,Go Home,False,False,False,False,False,False,False,False,False,False,False,False,33.8027920380556,-117.4659261431046,2924.4,2972.0,1049.4,396.9,True,1,1,False,False,False,False,,True,False,False,Course Lock,196.8,67,16.4,93,E,SW,2.46,11.4,Calm,False,False,Android,7.0.2,M300 RTK,1ZN7L4R0H1D00F,1W9DL31001461C,1ZMLH8300204F0,1Z6PH74DAP0QN7,"Corona, CA",728.3,5.7,137.7,8.547347,2.013246,0,0,DJI Matrice 300 RTK,M300 RTK,1ZN7L4R0H1D00F,1W9DL31001461C,1ZMLH8300204F0,1Z6PH74DAP0QN7,DJI Pilot,Android,7.0.2,1EF72A62-B7C3-C88D-164E-CE6F8C8424AE,1ZN7L4R0H1D00F,1W9DL31001461C,,1ZMLH8300204F0,1W9DL31001461C,,,,,
2023-11-01,11:31:21.44 AM,6m 59.1s,419.1,33.7992578465098,-117.474587694821,74.8,137.7,16.0,1339,3386.4,5.556443,7.161702,-4.250186,2.23694,-3.579104,1.342164,0,0.894776,-1.9,-0.7,2,-140.8,219.2,217.6,Tripod,Other,,22,5,True,,True,False,,Smart,RC,False,True,False,,,True,,False,False,False,False,False,False,False,False,False,False,0,Follow Yaw,-77.9,0,-149.1,210.9,False,False,False,False,False,,0,0,False,False,No Card,100,100,1024,1398,961,1024,2,False,False,False,False,False,0,False,False,False,False,77,,46.98,,7783,,10044,,46.98,,True,3.918,3.918,3.918,3.918,3.918,3.918,3.918,3.918,3.918,3.918,3.918,3.918,0,,False,False,True,,,,,,,,,,,,,,,False,False,18.67,,98.2,,75.7,,98.2,,1471,91,7,20,7,143429.9,19123.99,,Idle,,20,,10,,,20,Go Home,False,False,False,False,False,False,False,False,False,False,False,False,33.8027920380556,-117.4659261431046,2925.2,2972.0,1049.4,396.9,True,1,1,False,False,False,False,,True,False,False,Course Lock,196.8,67,16.4,93,E,SW,2.46,11.4,Calm,False,False,Android,7.0.2,M300 RTK,1ZN7L4R0H1D00F,1W9DL31001461C,1ZMLH8300204F0,1Z6PH74DAP0QN7,"Corona, CA",728.3,5.7,137.7,8.547347,2.013246,0,0,DJI Matrice 300 RTK,M300 RTK,1ZN7L4R0H1D00F,1W9DL31001461C,1ZMLH8300204F0,1Z6PH74DAP0QN7,DJI Pilot,Android,7.0.2,1EF72A62-B7C3-C88D-164E-CE6F8C8424AE,1ZN7L4R0H1D00F,1W9DL31001461C,,1ZMLH8300204F0,1W9DL31001461C,,,,,
2023-11-01,11:31:21.54 AM,6m 59.2s,419.2,33.7992560731682,-117.4745894535206,74.4,137.7,16.0,1338,3387.3,5.556443,7.161702,-4.250186,2.23694,-3.579104,1.342164,0,0.894776,-1.7,-0.8,1.8,-140.8,219.2,219.4,Tripod,Other,,22,5,True,,True,False,,Smart,RC,False,True,False,,,True,,False,False,False,False,False,False,False,False,False,False,0,Follow Yaw,-77.9,0,-149.1,210.9,False,False,False,False,False,,0,0,False,False,No Card,100,100,1024,1398,961,1024,2,False,False,False,False,False,0,False,False,False,False,77,,46.98,,7783,,10044,,46.98,,True,3.918,3.918,3.918,3.918,3.918,3.918,3.918,3.918,3.918,3.918,3.918,3.918,0,,False,False,True,,,,,,,,,,,,,,,False,False,18.67,,98.2,,75.7,,98.2,,1471,91,7,20,7,143429.9,19123.99,,Idle,,20,,10,,,20,Go Home,False,False,False,False,False,False,False,False,False,False,False,False,33.8027920380556,-117.4659261431046,2925.9,2972.0,1049.4,396.9,True,1,1,False,False,False,False,,True,False,False,Course Lock,196.8,67,16.4,93,E,SW,2.46,11.4,Calm,False,False,Android,7.0.2,M300 RTK,1ZN7L4R0H1D00F,1W9DL31001461C,1ZMLH8300204F0,1Z6PH74DAP0QN7,"Corona, CA",728.3,5.7,137.7,8.547347,2.013246,0,0,DJI Matrice 300 RTK,M300 RTK,1ZN7L4R0H1D00F,1W9DL31001461C,1ZMLH8300204F0,1Z6PH74DAP0QN7,DJI Pilot,Android,7.0.2,1EF72A62-B7C3-C88D-164E-CE6F8C8424AE,1ZN7L4R0H1D00F,1W9DL31001461C,,1ZMLH8300204F0,1W9DL31001461C,,,,,
2023-11-01,11:31:21.64 AM,6m 59.3s,419.3,33.7992542770738,-117.4745911130752,74.4,137.7,16.0,1338,3388.1,5.556443,7.161702,-4.250186,2.23694,-3.579104,1.342164,0,0.894776,-1.6,-0.8,1.7,-140.8,219.2,217.5,Tripod,Other,,22,5,True,,True,False,,Smart,RC,False,True,False,,,True,,False,False,False,False,False,False,False,False,False,False,0,Follow Yaw,-77.9,0,-149.1,210.9,False,False,False,False,False,,0,0,False,False,No Card,100,100,1024,1392,960,1024,2,False,False,False,False,False,0,False,False,False,False,77,,46.98,,7783,,10044,,46.98,,True,3.917,3.917,3.917,3.917,3.917,3.917,3.917,3.917,3.917,3.917,3.917,3.917,0,,False,False,True,,,,,,,,,,,,,,,False,False,18.67,,98.2,,75.7,,98.2,,1470,91,7,20,7,143574.0,19143.20,,Idle,,20,,10,,,20,Go Home,False,False,False,False,False,False,False,False,False,False,False,False,33.8027920380556,-117.4659261431046,2926.7,2972.0,1049.4,396.9,True,1,1,False,False,False,False,,True,False,False,Course Lock,196.8,67,16.4,93,E,SW,2.46,11.4,Calm,False,False,Android,7.0.2,M300 RTK,1ZN7L4R0H1D00F,1W9DL31001461C,1ZMLH8300204F0,1Z6PH74DAP0QN7,"Corona, CA",728.3,5.7,137.7,8.547347,2.013246,0,0,DJI Matrice 300 RTK,M300 RTK,1ZN7L4R0H1D00F,1W9DL31001461C,1ZMLH8300204F0,1Z6PH74DAP0QN7,DJI Pilot,Android,7.0.2,1EF72A62-B7C3-C88D-164E-CE6F8C8424AE,1ZN7L4R0H1D00F,1W9DL31001461C,,1ZMLH8300204F0,1W9DL31001461C,,,,,
2023-11-01,11:31:21.74 AM,6m 59.4s,419.4,33.7992524897515,-117.4745928683009,74.4,137.7,16.0,1338,3389.0,5.556443,7.161702,-4.250186,2.23694,-3.579104,1.342164,0,0.894776,-1.8,-0.9,2,-140.8,219.2,219.2,Tripod,Other,,22,5,True,,True,False,,Smart,RC,False,True,False,,,True,,False,False,False,False,False,False,False,False,False,False,0,Follow Yaw,-77.9,0,-149.1,210.9,False,False,False,False,False,,0,0,False,False,No Card,100,100,1024,1392,959,1024,2,False,False,False,False,False,0,False,False,False,False,77,,46.98,,7783,,10044,,46.98,,True,3.917,3.917,3.917,3.917,3.917,3.917,3.917,3.917,3.917,3.917,3.917,3.917,0,,False,False,True,,,,,,,,,,,,,,,False,False,18.67,,98.2,,75.7,,98.2,,1470,91,7,20,7,143574.0,19143.20,,Idle,,20,,10,,,20,Go Home,False,False,False,False,False,False,False,False,False,False,False,False,33.8027920380556,-117.4659261431046,2927.4,2972.0,1049.4,396.9,True,1,1,False,False,False,False,,True,False,False,Course Lock,196.8,67,16.4,93,E,SW,2.46,11.4,Calm,False,False,Android,7.0.2,M300 RTK,1ZN7L4R0H1D00F,1W9DL31001461C,1ZMLH8300204F0,1Z6PH74DAP0QN7,"Corona, CA",728.3,5.7,137.7,8.547347,2.013246,0,0,DJI Matrice 300 RTK,M300 RTK,1ZN7L4R0H1D00F,1W9DL31001461C,1ZMLH8300204F0,1Z6PH74DAP0QN7,DJI Pilot,Android,7.0.2,1EF72A62-B7C3-C88D-164E-CE6F8C8424AE,1ZN7L4R0H1D00F,1W9DL31001461C,,1ZMLH8300204F0,1W9DL31001461C,,,,,
2023-11-01,11:31:21.84 AM,6m 59.5s,419.5,33.7992508778719,-117.4745946942052,74.4,137.7,16.0,1338,3389.8,5.556443,7.161702,-4.250186,2.23694,-3.579104,1.342164,0,0.894776,-2.1,-0.9,2.2,-140.9,219.1,223.2,Tripod,Other,,22,5,True,,True,False,,Smart,RC,False,True,False,,,True,,False,False,False,False,False,False,False,False,False,False,0,Follow Yaw,-77.9,0,-149.1,210.9,False,False,False,False,False,,0,0,False,False,No Card,100,100,1024,1391,957,1024,2,False,False,False,False,False,0,False,False,False,False,77,,46.98,,7783,,10044,,46.98,,True,3.917,3.917,3.917,3.917,3.917,3.917,3.917,3.917,3.917,3.917,3.917,3.917,0,,False,False,True,,,,,,,,,,,,,,,False,False,18.67,,98.2,,75.7,,98.2,,1470,91,7,20,7,143574.0,19143.20,,Idle,,20,,10,,,20,Go Home,False,False,False,False,False,False,False,False,False,False,False,False,33.8027920380556,-117.4659261431046,2928.2,2972.0,1049.4,396.9,True,1,1,False,False,False,False,,True,False,False,Course Lock,196.8,67,16.4,93,E,SW,2.46,11.4,Calm,False,False,Android,7.0.2,M300 RTK,1ZN7L4R0H1D00F,1W9DL31001461C,1ZMLH8300204F0,1Z6PH74DAP0QN7,"Corona, CA",728.3,5.7,137.7,8.547347,2.013246,0,0,DJI Matrice 300 RTK,M300 RTK,1ZN7L4R0H1D00F,1W9DL31001461C,1ZMLH8300204F0,1Z6PH74DAP0QN7,DJI Pilot,Android,7.0.2,1EF72A62-B7C3-C88D-164E-CE6F8C8424AE,1ZN7L4R0H1D00F,1W9DL31001461C,,1ZMLH8300204F0,1W9DL31001461C,,,,,
2023-11-01,11:31:21.94 AM,6m 59.6s,419.6,33.7992490897273,-117.4745964638626,74.4,137.7,16.0,1338,3390.6,5.556443,7.161702,-4.250186,2.23694,-3.579104,1.342164,0,0.894776,-2.4,-0.9,2.5,-140.9,219.1,219.4,Tripod,Other,,22,5,True,,True,False,,Smart,RC,False,True,False,,,True,,False,False,False,False,False,False,False,False,False,False,0,Follow Yaw,-77.9,0,-149.1,210.9,False,False,False,False,False,,0,0,False,False,No Card,100,100,1024,1388,956,1024,2,False,False,False,False,False,0,False,False,False,False,77,,46.98,,7783,,10044,,46.98,,True,3.917,3.917,3.917,3.917,3.917,3.917,3.917,3.917,3.917,3.917,3.917,3.917,0,,False,False,True,,,,,,,,,,,,,,,False,False,18.67,,98.2,,75.7,,98.2,,1470,91,7,20,7,143574.0,19143.20,,Idle,,20,,10,,,20,Go Home,False,False,False,False,False,False,False,False,False,False,False,False,33.8027920380556,-117.4659261431046,2929.0,2972.0,1049.4,396.9,True,1,1,False,False,False,False,,True,False,False,Course Lock,196.8,67,16.4,93,E,SW,2.46,11.4,Calm,False,False,Android,7.0.2,M300 RTK,1ZN7L4R0H1D00F,1W9DL31001461C,1ZMLH8300204F0,1Z6PH74DAP0QN7,"Corona, CA",728.3,5.7,137.7,8.547347,2.013246,0,0,DJI Matrice 300 RTK,M300 RTK,1ZN7L4R0H1D00F,1W9DL31001461C,1ZMLH8300204F0,1Z6PH74DAP0QN7,DJI Pilot,Android,7.0.2,1EF72A62-B7C3-C88D-164E-CE6F8C8424AE,1ZN7L4R0H1D00F,1W9DL31001461C,,1ZMLH8300204F0,1W9DL31001461C,,,,,
2023-11-01,11:31:22.04 AM,6m 59.7s,419.7,33.7992470332102,-117.4745983633474,74.4,137.7,16.0,1338,3391.6,5.729361,7.161702,-4.47388,2.23694,-3.579104,1.342164,0,0.894776,-2.5,-0.9,2.6,-141,219,217.5,Tripod,Other,,22,5,True,,True,False,,Smart,RC,False,True,False,,,True,,False,False,False,False,False,False,False,False,False,False,0,Follow Yaw,-77.9,0,-149.1,210.9,False,False,False,False,False,,0,0,False,False,No Card,100,100,1024,1382,958,1024,2,False,False,False,False,False,0,False,False,False,False,78,,46.98,,3889,,4986,,46.98,,True,3.917,3.917,3.917,3.917,3.917,3.917,3.917,3.917,3.917,3.917,3.917,3.917,0,,False,False,True,,,,,,,,,,,,,,,False,False,9.472,,98.4,,75.7,,98.4,,1470,91,7,20,7,143574.0,19143.20,,Idle,,20,,10,,,20,Go Home,False,False,False,False,False,False,False,False,False,False,False,False,33.8027920380556,-117.4659261431046,2929.8,2972.0,1049.4,396.9,True,1,1,False,False,False,False,,True,False,False,Course Lock,196.8,67,16.4,93,E,SW,2.46,11.4,Calm,False,False,Android,7.0.2,M300 RTK,1ZN7L4R0H1D00F,1W9DL31001461C,1ZMLH8300204F0,1Z6PH74DAP0QN7,"Corona, CA",728.3,5.7,137.7,8.547347,2.013246,0,0,DJI Matrice 300 RTK,M300 RTK,1ZN7L4R0H1D00F,1W9DL31001461C,1ZMLH8300204F0,1Z6PH74DAP0QN7,DJI Pilot,Android,7.0.2,1EF72A62-B7C3-C88D-164E-CE6F8C8424AE,1ZN7L4R0H1D00F,1W9DL31001461C,,1ZMLH8300204F0,1W9DL31001461C,,,,,
2023-11-01,11:31:22.14 AM,6m 59.8s,419.8,33.7992451891432,-117.4746001605844,74.4,137.7,16.0,1338,3392.4,5.729361,7.161702,-4.47388,2.23694,-3.579104,1.342164,0,0.894776,-2.4,-0.9,2.5,-141,219,219.0,Tripod,Other,,22,5,True,,True,False,,Smart,RC,False,True,False,,,True,,False,False,False,False,False,False,False,False,False,False,0,Follow Yaw,-77.9,0,-149.1,210.9,False,False,False,False,False,,0,0,False,False,No Card,100,100,1024,1383,958,1024,2,False,False,False,False,False,0,False,False,False,False,78,,46.98,,3889,,4986,,46.98,,True,3.917,3.917,3.917,3.917,3.917,3.917,3.917,3.917,3.917,3.917,3.917,3.917,0,,False,False,True,,,,,,,,,,,,,,,False,False,9.472,,98.4,,75.7,,98.4,,1470,91,7,20,7,143574.0,19143.20,,Idle,,20,,10,,,20,Go Home,False,False,False,False,False,False,False,False,False,False,False,False,33.8027920380556,-117.4659261431046,2930.6,2972.0,1049.4,396.9,True,1,1,False,False,False,False,,True,False,False,Course Lock,196.8,67,16.4,93,E,SW,2.46,11.4,Calm,False,False,Android,7.0.2,M300 RTK,1ZN7L4R0H1D00F,1W9DL31001461C,1ZMLH8300204F0,1Z6PH74DAP0QN7,"Corona, CA",728.3,5.7,137.7,8.547347,2.013246,0,0,DJI Matrice 300 RTK,M300 RTK,1ZN7L4R0H1D00F,1W9DL31001461C,1ZMLH8300204F0,1Z6PH74DAP0QN7,DJI Pilot,Android,7.0.2,1EF72A62-B7C3-C88D-164E-CE6F8C8424AE,1ZN7L4R0H1D00F,1W9DL31001461C,,1ZMLH8300204F0,1W9DL31001461C,,,,,
2023-11-01,11:31:22.24 AM,6m 59.9s,419.9,33.799243291621,-117.4746017533003,74.4,137.7,16.0,1338,3393.3,5.729361,7.161702,-4.47388,2.23694,-3.579104,1.342164,0,0.894776,-2.2,-0.8,2.3,-141,219,214.8,Tripod,Other,,22,5,True,,True,False,,Smart,RC,False,True,False,,,True,,False,False,False,False,False,False,False,False,False,False,0,Follow Yaw,-77.9,0,-149.1,210.9,False,False,False,False,False,,0,0,False,False,No Card,100,100,1024,1384,957,1024,2,False,False,False,False,False,0,False,False,False,False,78,,46.98,,3889,,4986,,46.98,,True,3.917,3.917,3.917,3.917,3.917,3.917,3.917,3.917,3.917,3.917,3.917,3.917,0,,False,False,True,,,,,,,,,,,,,,,False,False,9.472,,98.4,,75.7,,98.4,,1470,91,7,20,7,143574.0,19143.20,,Idle,,20,,10,,,20,Go Home,False,False,False,False,False,False,False,False,False,False,False,False,33.8027920380556,-117.4659261431046,2931.3,2972.0,1049.4,396.9,True,1,1,False,False,False,False,,True,False,False,Course Lock,196.8,67,16.4,93,E,SW,2.46,11.4,Calm,False,False,Android,7.0.2,M300 RTK,1ZN7L4R0H1D00F,1W9DL31001461C,1ZMLH8300204F0,1Z6PH74DAP0QN7,"Corona, CA",728.3,5.7,137.7,8.547347,2.013246,0,0,DJI Matrice 300 RTK,M300 RTK,1ZN7L4R0H1D00F,1W9DL31001461C,1ZMLH8300204F0,1Z6PH74DAP0QN7,DJI Pilot,Android,7.0.2,1EF72A62-B7C3-C88D-164E-CE6F8C8424AE,1ZN7L4R0H1D00F,1W9DL31001461C,,1ZMLH8300204F0,1W9DL31001461C,,,,,
2023-11-01,11:31:22.32 AM,7m 0.0s,420.0,33.7992413184392,-117.4746036354568,74.4,137.7,16.0,1338,3394.2,5.729361,7.161702,-4.47388,2.23694,-3.579104,1.342164,0,0.894776,-1.9,-0.7,2,-140.9,219.1,218.4,Tripod,Other,,22,5,True,,True,False,,Smart,RC,False,True,False,,,True,,False,False,False,False,False,False,False,False,False,False,0,Follow Yaw,-77.9,0,-149.1,210.9,False,False,False,False,False,,0,0,False,False,No Card,100,100,1024,1382,957,1024,2,False,False,False,False,False,0,False,False,False,False,77,,47.028,,7783,,10044,,47.028,,True,3.917,3.917,3.917,3.917,3.917,3.917,3.917,3.917,3.917,3.917,3.917,3.917,0,,False,False,True,,,,,,,,,,,,,,,False,False,19.112,,98.4,,75.7,,98.4,,1470,91,7,20,7,143574.0,19143.20,,Idle,,20,,10,,,20,Go Home,False,False,False,False,False,False,False,False,False,False,False,False,33.8027920380556,-117.4659261431046,2932.2,2972.0,1049.4,396.9,True,1,1,False,False,False,False,,True,False,False,Course Lock,196.8,67,16.4,93,E,SW,2.46,11.4,Calm,False,False,Android,7.0.2,M300 RTK,1ZN7L4R0H1D00F,1W9DL31001461C,1ZMLH8300204F0,1Z6PH74DAP0QN7,"Corona, CA",728.3,5.7,137.7,8.547347,2.013246,0,0,DJI Matrice 300 RTK,M300 RTK,1ZN7L4R0H1D00F,1W9DL31001461C,1ZMLH8300204F0,1Z6PH74DAP0QN7,DJI Pilot,Android,7.0.2,1EF72A62-B7C3-C88D-164E-CE6F8C8424AE,1ZN7L4R0H1D00F,1W9DL31001461C,,1ZMLH8300204F0,1W9DL31001461C,,,,,
2023-11-01,11:31:22.44 AM,7m 0.1s,420.1,33.7992394417508,-117.4746054082736,74.4,137.7,16.0,1338,3395.0,5.729361,7.161702,-4.47388,2.23694,-3.579104,1.342164,0,0.894776,-1.7,-0.6,1.8,-140.8,219.2,218.1,Tripod,Other,,22,5,True,,True,False,,Smart,RC,False,True,False,,,True,,False,False,False,False,False,False,False,False,False,False,0,Follow Yaw,-77.9,0,-149.1,210.9,False,False,False,False,False,,0,0,False,False,No Card,100,100,1024,1382,936,1024,2,False,False,False,False,False,0,False,False,False,False,77,,47.028,,7783,,10044,,47.028,,True,3.917,3.917,3.917,3.917,3.917,3.917,3.917,3.917,3.917,3.917,3.917,3.917,0,,False,False,True,,,,,,,,,,,,,,,False,False,19.112,,98.4,,75.7,,98.4,,1470,91,7,20,7,143574.0,19143.20,,Idle,,20,,10,,,20,Go Home,False,False,False,False,False,False,False,False,False,False,False,False,33.8027920380556,-117.4659261431046,2933.0,2972.0,1049.4,396.9,True,1,1,False,False,False,False,,True,False,False,Course Lock,196.8,67,16.4,93,E,SW,2.68,11.4,Calm,False,False,Android,7.0.2,M300 RTK,1ZN7L4R0H1D00F,1W9DL31001461C,1ZMLH8300204F0,1Z6PH74DAP0QN7,"Corona, CA",728.3,5.7,137.7,8.547347,2.013246,0,0,DJI Matrice 300 RTK,M300 RTK,1ZN7L4R0H1D00F,1W9DL31001461C,1ZMLH8300204F0,1Z6PH74DAP0QN7,DJI Pilot,Android,7.0.2,1EF72A62-B7C3-C88D-164E-CE6F8C8424AE,1ZN7L4R0H1D00F,1W9DL31001461C,,1ZMLH8300204F0,1W9DL31001461C,,,,,
2023-11-01,11:31:22.54 AM,7m 0.2s,420.2,33.799237545051,-117.4746072120358,74.4,137.7,16.4,1338,3395.9,5.729361,7.161702,-4.47388,2.23694,-3.579104,1.342164,0,0.894776,-1.7,-0.4,1.7,-140.8,219.2,218.3,Tripod,Other,,23,5,True,,True,False,,Smart,RC,False,True,False,,,True,,False,False,False,False,False,False,False,False,False,False,0,Follow Yaw,-77.9,0,-149.1,210.9,False,False,False,False,False,,0,0,False,False,No Card,100,100,1024,1381,923,1072,2,False,False,False,False,False,0,False,False,False,False,77,,47.028,,7783,,10044,,47.028,,True,3.917,3.917,3.917,3.917,3.917,3.917,3.917,3.917,3.917,3.917,3.917,3.917,0,,False,False,True,,,,,,,,,,,,,,,False,False,19.112,,98.4,,75.7,,98.4,,1470,91,7,20,7,143574.0,19143.20,,Idle,,20,,10,,,20,Go Home,False,False,False,False,False,False,False,False,False,False,False,False,33.8027920380556,-117.4659261431046,2933.7,2972.0,1049.4,396.9,True,1,1,False,False,False,False,,True,False,False,Course Lock,196.8,67,16.4,93,E,SW,2.68,11.4,Calm,False,False,Android,7.0.2,M300 RTK,1ZN7L4R0H1D00F,1W9DL31001461C,1ZMLH8300204F0,1Z6PH74DAP0QN7,"Corona, CA",728.3,5.7,137.7,8.547347,2.013246,0,0,DJI Matrice 300 RTK,M300 RTK,1ZN7L4R0H1D00F,1W9DL31001461C,1ZMLH8300204F0,1Z6PH74DAP0QN7,DJI Pilot,Android,7.0.2,1EF72A62-B7C3-C88D-164E-CE6F8C8424AE,1ZN7L4R0H1D00F,1W9DL31001461C,,1ZMLH8300204F0,1W9DL31001461C,,,,,
2023-11-01,11:31:22.63 AM,7m 0.3s,420.3,33.7992356834397,-117.474609063247,74.4,137.7,16.4,1338,3396.8,5.729361,7.161702,-4.47388,2.23694,-3.579104,1.342164,0,0.894776,-1.8,-0.3,1.8,-140.8,219.2,219.5,Tripod,Other,,23,5,True,,True,False,,Smart,RC,False,True,False,,,True,,False,False,False,False,False,False,False,False,False,False,0,Follow Yaw,-77.9,0,-149.1,210.9,False,False,False,False,False,,0,0,False,False,No Card,100,100,1024,1379,921,1078,2,False,False,False,False,False,0,False,False,False,False,77,,47.028,,7783,,10044,,47.028,,True,3.918,3.918,3.918,3.918,3.918,3.918,3.918,3.918,3.918,3.918,3.918,3.918,0,,False,False,True,,,,,,,,,,,,,,,False,False,19.112,,98.4,,75.7,,98.4,,1469,92,7,20,7,143563.9,19141.85,,Idle,,20,,10,,,20,Go Home,False,False,False,False,False,False,False,False,False,False,False,False,33.8027920380556,-117.4659261431046,2934.6,2972.0,1049.4,396.9,True,1,1,False,False,False,False,,True,False,False,Course Lock,196.8,67,16.4,93,E,SW,2.68,11.4,Calm,False,False,Android,7.0.2,M300 RTK,1ZN7L4R0H1D00F,1W9DL31001461C,1ZMLH8300204F0,1Z6PH74DAP0QN7,"Corona, CA",728.3,5.7,137.7,8.547347,2.013246,0,0,DJI Matrice 300 RTK,M300 RTK,1ZN7L4R0H1D00F,1W9DL31001461C,1ZMLH8300204F0,1Z6PH74DAP0QN7,DJI Pilot,Android,7.0.2,1EF72A62-B7C3-C88D-164E-CE6F8C8424AE,1ZN7L4R0H1D00F,1W9DL31001461C,,1ZMLH8300204F0,1W9DL31001461C,,,,,
2023-11-01,11:31:22.73 AM,7m 0.4s,420.4,33.7992337894812,-117.4746108821108,74.4,137.7,16.4,1338,3397.7,5.729361,7.161702,-4.47388,2.23694,-3.579104,1.342164,0,0.894776,-2,-0.3,2,-140.7,219.3,218.5,Tripod,Other,,23,5,True,,True,False,,Smart,RC,False,True,False,,,True,,False,False,False,False,False,False,False,False,False,False,0,Follow Yaw,-77.9,0,-149.1,210.9,False,False,False,False,False,,0,0,False,False,No Card,100,100,1024,1380,929,1031,2,False,False,False,False,False,0,False,False,False,False,77,,47.028,,7783,,10044,,47.028,,True,3.918,3.918,3.918,3.918,3.918,3.918,3.918,3.918,3.918,3.918,3.918,3.918,0,,False,False,True,,,,,,,,,,,,,,,False,False,19.112,,98.4,,75.7,,98.4,,1469,92,7,20,7,143563.9,19141.85,,Idle,,20,,10,,,20,Go Home,False,False,False,False,False,False,False,False,False,False,False,False,33.8027920380556,-117.4659261431046,2935.4,2972.0,1049.4,396.9,True,1,1,False,False,False,False,,True,False,False,Course Lock,196.8,67,16.4,93,E,SW,2.68,11.4,Calm,False,False,Android,7.0.2,M300 RTK,1ZN7L4R0H1D00F,1W9DL31001461C,1ZMLH8300204F0,1Z6PH74DAP0QN7,"Corona, CA",728.3,5.7,137.7,8.547347,2.013246,0,0,DJI Matrice 300 RTK,M300 RTK,1ZN7L4R0H1D00F,1W9DL31001461C,1ZMLH8300204F0,1Z6PH74DAP0QN7,DJI Pilot,Android,7.0.2,1EF72A62-B7C3-C88D-164E-CE6F8C8424AE,1ZN7L4R0H1D00F,1W9DL31001461C,,1ZMLH8300204F0,1W9DL31001461C,,,,,
2023-11-01,11:31:22.84 AM,7m 0.5s,420.5,33.7992319983211,-117.4746125770692,74.4,137.7,16.0,1338,3398.5,5.729361,7.161702,-4.47388,2.23694,-3.579104,1.342164,0,0.894776,-2,-0.2,2,-140.7,219.3,218.1,Tripod,Other,,23,5,True,,True,False,,Smart,RC,False,True,False,,,True,,False,False,False,False,False,False,False,False,False,False,0,Follow Yaw,-77.9,0,-149,211,False,False,False,False,False,,0,0,False,False,No Card,100,100,1024,1381,941,1024,2,False,False,False,False,False,0,False,False,False,False,77,,47.028,,7783,,10044,,47.028,,True,3.918,3.918,3.918,3.918,3.918,3.918,3.918,3.918,3.918,3.918,3.918,3.918,0,,False,False,True,,,,,,,,,,,,,,,False,False,19.112,,98.4,,75.7,,98.4,,1469,92,7,20,7,143563.9,19141.85,,Idle,,20,,10,,,20,Go Home,False,False,False,False,False,False,False,False,False,False,False,False,33.8027920380556,-117.4659261431046,2936.1,2972.0,1049.4,396.9,True,1,1,False,False,False,False,,True,False,False,Course Lock,196.8,67,16.4,93,E,SW,2.68,11.4,Calm,False,False,Android,7.0.2,M300 RTK,1ZN7L4R0H1D00F,1W9DL31001461C,1ZMLH8300204F0,1Z6PH74DAP0QN7,"Corona, CA",728.3,5.7,137.7,8.547347,2.013246,0,0,DJI Matrice 300 RTK,M300 RTK,1ZN7L4R0H1D00F,1W9DL31001461C,1ZMLH8300204F0,1Z6PH74DAP0QN7,DJI Pilot,Android,7.0.2,1EF72A62-B7C3-C88D-164E-CE6F8C8424AE,1ZN7L4R0H1D00F,1W9DL31001461C,,1ZMLH8300204F0,1W9DL31001461C,,,,,
2023-11-01,11:31:22.94 AM,7m 0.6s,420.6,33.7992301123124,-117.4746144028293,74.4,137.7,16.4,1338,3399.4,5.871701,7.161702,-4.47388,2.23694,-3.802798,1.342164,0,0.894776,-2.1,-0.5,2.1,-140.8,219.2,218.8,Tripod,Other,,23,5,True,,True,False,,Smart,RC,False,True,False,,,True,,False,False,False,False,False,False,False,False,False,False,0,Follow Yaw,-77.9,0,-149,211,False,False,False,False,False,,0,0,False,False,No Card,100,100,1024,1380,928,1024,2,False,False,False,False,False,0,False,False,False,False,77,,47.028,,7783,,10044,,47.028,,True,3.918,3.918,3.918,3.918,3.918,3.918,3.918,3.918,3.918,3.918,3.918,3.918,0,,False,False,True,,,,,,,,,,,,,,,False,False,19.112,,98.4,,75.7,,98.4,,1469,92,7,20,7,143563.9,19141.85,,Idle,,20,,10,,,20,Go Home,False,False,False,False,False,False,False,False,False,False,False,False,33.8027920380556,-117.4659261431046,2936.9,2972.0,1049.4,396.9,True,1,1,False,False,False,False,,True,False,False,Course Lock,196.8,67,16.4,93,E,SW,2.68,11.4,Calm,False,False,Android,7.0.2,M300 RTK,1ZN7L4R0H1D00F,1W9DL31001461C,1ZMLH8300204F0,1Z6PH74DAP0QN7,"Corona, CA",728.3,5.7,137.7,8.547347,2.013246,0,0,DJI Matrice 300 RTK,M300 RTK,1ZN7L4R0H1D00F,1W9DL31001461C,1ZMLH8300204F0,1Z6PH74DAP0QN7,DJI Pilot,Android,7.0.2,1EF72A62-B7C3-C88D-164E-CE6F8C8424AE,1ZN7L4R0H1D00F,1W9DL31001461C,,1ZMLH8300204F0,1W9DL31001461C,,,,,
2023-11-01,11:31:23.04 AM,7m 0.7s,420.7,33.7992283326658,-117.474616248907,74.4,137.7,16.4,1338,3400.3,5.871701,7.161702,-4.47388,2.23694,-3.802798,1.342164,0,0.894776,-2.2,-0.7,2.3,-140.8,219.2,220.7,Tripod,Other,,23,5,True,,True,False,,Smart,RC,False,True,False,,,True,,False,False,False,False,False,False,False,False,False,False,0,Follow Yaw,-77.9,0,-149,211,False,False,False,False,False,,0,0,False,False,No Card,100,100,1024,1381,899,1046,2,False,False,False,False,False,0,False,False,False,False,77,,47.028,,7783,,10044,,47.028,,True,3.918,3.918,3.918,3.918,3.918,3.918,3.918,3.918,3.918,3.918,3.918,3.918,0,,False,False,True,,,,,,,,,,,,,,,False,False,19.112,,98.4,,75.7,,98.4,,1469,92,7,20,7,143563.9,19141.85,,Idle,,20,,10,,,20,Go Home,False,False,False,False,False,False,False,False,False,False,False,False,33.8027920380556,-117.4659261431046,2937.7,2972.0,1049.4,396.9,True,1,1,False,False,False,False,,True,False,False,Course Lock,196.8,67,16.4,93,E,SW,2.68,11.4,Calm,False,False,Android,7.0.2,M300 RTK,1ZN7L4R0H1D00F,1W9DL31001461C,1ZMLH8300204F0,1Z6PH74DAP0QN7,"Corona, CA",728.3,5.7,137.7,8.547347,2.013246,0,0,DJI Matrice 300 RTK,M300 RTK,1ZN7L4R0H1D00F,1W9DL31001461C,1ZMLH8300204F0,1Z6PH74DAP0QN7,DJI Pilot,Android,7.0.2,1EF72A62-B7C3-C88D-164E-CE6F8C8424AE,1ZN7L4R0H1D00F,1W9DL31001461C,,1ZMLH8300204F0,1W9DL31001461C,,,,,
2023-11-01,11:31:23.14 AM,7m 0.8s,420.8,33.7992264452863,-117.474618085934,74.4,137.7,16.4,1338,3401.2,5.871701,7.161702,-4.47388,2.23694,-3.802798,1.342164,0,0.894776,-2.3,-0.9,2.4,-140.8,219.2,218.9,Tripod,Other,,23,5,True,,True,False,,Smart,RC,False,True,False,,,True,,False,False,False,False,False,False,False,False,False,False,0,Follow Yaw,-77.9,0,-149,211,False,False,False,False,False,,0,0,False,False,No Card,100,100,1024,1382,901,1046,2,False,False,False,False,False,0,False,False,False,False,77,,47.028,,7783,,10044,,47.028,,True,3.918,3.918,3.918,3.918,3.918,3.918,3.918,3.918,3.918,3.918,3.918,3.918,0,,False,False,True,,,,,,,,,,,,,,,False,False,19.112,,98.4,,75.7,,98.4,,1469,92,7,20,7,143563.9,19141.85,,Idle,,20,,10,,,20,Go Home,False,False,False,False,False,False,False,False,False,False,False,False,33.8027920380556,-117.4659261431046,2938.5,2972.0,1049.4,396.9,True,1,1,False,False,False,False,,True,False,False,Course Lock,196.8,67,16.4,93,E,SW,2.68,11.4,Calm,False,False,Android,7.0.2,M300 RTK,1ZN7L4R0H1D00F,1W9DL31001461C,1ZMLH8300204F0,1Z6PH74DAP0QN7,"Corona, CA",728.3,5.7,137.7,8.547347,2.013246,0,0,DJI Matrice 300 RTK,M300 RTK,1ZN7L4R0H1D00F,1W9DL31001461C,1ZMLH8300204F0,1Z6PH74DAP0QN7,DJI Pilot,Android,7.0.2,1EF72A62-B7C3-C88D-164E-CE6F8C8424AE,1ZN7L4R0H1D00F,1W9DL31001461C,,1ZMLH8300204F0,1W9DL31001461C,,,,,
2023-11-01,11:31:23.24 AM,7m 0.9s,420.9,33.7992243783523,-117.4746201415479,74.4,137.7,16.4,1338,3402.1,6.043879,7.161702,-4.697574,2.23694,-3.802798,1.342164,0,0.894776,-2.5,-0.9,2.6,-140.8,219.2,219.5,Tripod,Other,,23,5,True,,True,False,,Smart,RC,False,True,False,,,True,,False,False,False,False,False,False,False,False,False,False,0,Follow Yaw,-77.9,0,-149,211,False,False,False,False,False,,0,0,False,False,No Card,100,100,1024,1383,902,1046,2,False,False,False,False,False,0,False,False,False,False,77,,47.028,,7783,,10044,,47.028,,True,3.918,3.918,3.918,3.918,3.918,3.918,3.918,3.918,3.918,3.918,3.918,3.918,0,,False,False,True,,,,,,,,,,,,,,,False,False,19.112,,98.4,,75.7,,98.4,,1469,92,7,20,7,143563.9,19141.85,,Idle,,20,,10,,,20,Go Home,False,False,False,False,False,False,False,False,False,False,False,False,33.8027920380556,-117.4659261431046,2939.4,2972.0,1049.4,396.9,True,1,1,False,False,False,False,,True,False,False,Course Lock,196.8,67,16.4,93,E,SW,2.68,11.4,Calm,False,False,Android,7.0.2,M300 RTK,1ZN7L4R0H1D00F,1W9DL31001461C,1ZMLH8300204F0,1Z6PH74DAP0QN7,"Corona, CA",728.3,5.7,137.7,8.547347,2.013246,0,0,DJI Matrice 300 RTK,M300 RTK,1ZN7L4R0H1D00F,1W9DL31001461C,1ZMLH8300204F0,1Z6PH74DAP0QN7,DJI Pilot,Android,7.0.2,1EF72A62-B7C3-C88D-164E-CE6F8C8424AE,1ZN7L4R0H1D00F,1W9DL31001461C,,1ZMLH8300204F0,1W9DL31001461C,,,,,
2023-11-01,11:31:23.35 AM,7m 1.0s,421.0,33.7992225559415,-117.4746219073138,74.4,137.7,16.4,1338,3403.0,6.043879,7.161702,-4.697574,2.23694,-3.802798,1.342164,0,0.894776,-2.4,-0.7,2.5,-140.8,219.2,218.8,Tripod,Other,,23,5,True,,True,False,,Smart,RC,False,True,False,,,True,,False,False,False,False,False,False,False,False,False,False,0,Follow Yaw,-77.9,0,-149,211,False,False,False,False,False,,0,0,False,False,No Card,100,100,1024,1382,899,1122,2,False,False,False,False,False,0,False,False,False,False,77,,47.016,,7783,,10044,,47.016,,True,3.918,3.918,3.918,3.918,3.918,3.918,3.918,3.918,3.918,3.918,3.918,3.918,0,,False,False,True,,,,,,,,,,,,,,,False,False,19.61,,98.4,,75.7,,98.4,,1469,92,7,20,7,143563.9,19141.85,,Idle,,20,,10,,,20,Go Home,False,False,False,False,False,False,False,False,False,False,False,False,33.8027920380556,-117.4659261431046,2940.2,2972.0,1049.4,396.9,True,1,1,False,False,False,False,,True,False,False,Course Lock,196.8,67,16.4,93,E,SW,2.68,11.4,Calm,False,False,Android,7.0.2,M300 RTK,1ZN7L4R0H1D00F,1W9DL31001461C,1ZMLH8300204F0,1Z6PH74DAP0QN7,"Corona, CA",728.3,5.7,137.7,8.547347,2.013246,0,0,DJI Matrice 300 RTK,M300 RTK,1ZN7L4R0H1D00F,1W9DL31001461C,1ZMLH8300204F0,1Z6PH74DAP0QN7,DJI Pilot,Android,7.0.2,1EF72A62-B7C3-C88D-164E-CE6F8C8424AE,1ZN7L4R0H1D00F,1W9DL31001461C,,1ZMLH8300204F0,1W9DL31001461C,,,,,
2023-11-01,11:31:23.45 AM,7m 1.1s,421.1,33.799220265044,-117.474623946249,74.4,137.7,16.4,1338,3404.0,6.043879,7.161702,-4.697574,2.23694,-3.802798,1.342164,0,0.894776,-2.4,-0.6,2.4,-140.8,219.2,216.4,Tripod,Other,,23,5,True,,True,False,,Smart,RC,False,True,False,,,True,,False,False,False,False,False,False,False,False,False,False,0,Follow Yaw,-77.9,0,-149,211,False,False,False,False,False,,0,0,False,False,No Card,100,100,1024,1382,904,1137,2,False,False,False,False,False,0,False,False,False,False,77,,47.016,,7783,,10044,,47.016,,True,3.918,3.918,3.918,3.918,3.918,3.918,3.918,3.918,3.918,3.918,3.918,3.918,0,,False,False,True,,,,,,,,,,,,,,,False,False,19.61,,98.4,,75.7,,98.4,,1469,92,7,20,7,143563.9,19141.85,,Idle,,20,,10,,,20,Go Home,False,False,False,False,False,False,False,False,False,False,False,False,33.8027920380556,-117.4659261431046,2941.1,2972.0,1049.4,396.9,True,1,1,False,False,False,False,,True,False,False,Course Lock,196.8,67,16.4,93,E,SW,2.46,11.4,Calm,False,False,Android,7.0.2,M300 RTK,1ZN7L4R0H1D00F,1W9DL31001461C,1ZMLH8300204F0,1Z6PH74DAP0QN7,"Corona, CA",728.3,5.7,137.7,8.547347,2.013246,0,0,DJI Matrice 300 RTK,M300 RTK,1ZN7L4R0H1D00F,1W9DL31001461C,1ZMLH8300204F0,1Z6PH74DAP0QN7,DJI Pilot,Android,7.0.2,1EF72A62-B7C3-C88D-164E-CE6F8C8424AE,1ZN7L4R0H1D00F,1W9DL31001461C,,1ZMLH8300204F0,1W9DL31001461C,,,,,
2023-11-01,11:31:23.55 AM,7m 1.2s,421.2,33.7992182899432,-117.4746258361471,74.4,137.7,16.4,1338,3404.9,6.043879,7.161702,-4.697574,2.23694,-3.802798,1.342164,0,0.894776,-2.2,-0.4,2.2,-140.8,219.2,218.4,Tripod,Other,,23,5,True,,True,False,,Smart,RC,False,True,False,,,True,,False,False,False,False,False,False,False,False,False,False,0,Follow Yaw,-77.9,0,-148.9,211.1,False,False,False,False,False,,0,0,False,False,No Card,100,100,1024,1382,926,1059,2,False,False,False,False,False,0,False,False,False,False,77,,47.016,,7783,,10044,,47.016,,True,3.918,3.918,3.918,3.918,3.918,3.918,3.918,3.918,3.918,3.918,3.918,3.918,0,,False,False,True,,,,,,,,,,,,,,,False,False,19.61,,98.4,,75.7,,98.4,,1469,92,7,20,7,143563.9,19141.85,,Idle,,20,,10,,,20,Go Home,False,False,False,False,False,False,False,False,False,False,False,False,33.8027920380556,-117.4659261431046,2941.9,2972.0,1049.4,396.9,True,1,1,False,False,False,False,,True,False,False,Course Lock,196.8,67,16.4,93,E,SW,2.46,11.4,Calm,False,False,Android,7.0.2,M300 RTK,1ZN7L4R0H1D00F,1W9DL31001461C,1ZMLH8300204F0,1Z6PH74DAP0QN7,"Corona, CA",728.3,5.7,137.7,8.547347,2.013246,0,0,DJI Matrice 300 RTK,M300 RTK,1ZN7L4R0H1D00F,1W9DL31001461C,1ZMLH8300204F0,1Z6PH74DAP0QN7,DJI Pilot,Android,7.0.2,1EF72A62-B7C3-C88D-164E-CE6F8C8424AE,1ZN7L4R0H1D00F,1W9DL31001461C,,1ZMLH8300204F0,1W9DL31001461C,,,,,
2023-11-01,11:31:23.66 AM,7m 1.3s,421.3,33.7992165453851,-117.4746275382594,74.4,137.7,16.4,1338,3405.8,6.043879,7.161702,-4.697574,2.23694,-3.802798,1.342164,0,0.894776,-2.1,0,2.1,-140.6,219.4,219.0,Tripod,Other,,23,5,True,,True,False,,Smart,RC,False,True,False,,,True,,False,False,False,False,False,False,False,False,False,False,0,Follow Yaw,-77.9,0,-148.7,211.3,False,False,False,False,False,,0,0,False,False,No Card,100,100,1024,1381,933,1028,2,False,False,False,False,False,0,False,False,False,False,77,,47.016,,7783,,10044,,47.016,,True,3.918,3.918,3.918,3.918,3.918,3.918,3.918,3.918,3.918,3.918,3.918,3.918,0,,False,False,True,,,,,,,,,,,,,,,False,False,19.61,,98.4,,75.7,,98.4,,1468,92,7,20,7,143547.8,19139.71,,Idle,,20,,10,,,20,Go Home,False,False,False,False,False,False,False,False,False,False,False,False,33.8027920380556,-117.4659261431046,2942.7,2972.0,1049.4,396.9,True,1,1,False,False,False,False,,True,False,False,Course Lock,196.8,67,16.4,93,E,SW,2.46,11.4,Calm,False,False,Android,7.0.2,M300 RTK,1ZN7L4R0H1D00F,1W9DL31001461C,1ZMLH8300204F0,1Z6PH74DAP0QN7,"Corona, CA",728.3,5.7,137.7,8.547347,2.013246,0,0,DJI Matrice 300 RTK,M300 RTK,1ZN7L4R0H1D00F,1W9DL31001461C,1ZMLH8300204F0,1Z6PH74DAP0QN7,DJI Pilot,Android,7.0.2,1EF72A62-B7C3-C88D-164E-CE6F8C8424AE,1ZN7L4R0H1D00F,1W9DL31001461C,,1ZMLH8300204F0,1W9DL31001461C,,,,,
2023-11-01,11:31:23.76 AM,7m 1.4s,421.4,33.7992145793306,-117.4746294394452,74.4,137.7,16.4,1338,3406.7,6.043879,7.161702,-4.697574,2.23694,-3.802798,1.342164,0,0.894776,-1.9,0.1,1.9,-140.6,219.4,218.7,Tripod,Other,,23,5,True,,True,False,,Smart,RC,False,True,False,,,True,,False,False,False,False,False,False,False,False,False,False,0,Follow Yaw,-77.9,0,-148.7,211.3,False,False,False,False,False,,0,0,False,False,No Card,100,100,1024,1382,915,1103,2,False,False,False,False,False,0,False,False,False,False,77,,47.016,,7783,,10044,,47.016,,True,3.918,3.918,3.918,3.918,3.918,3.918,3.918,3.918,3.918,3.918,3.918,3.918,0,,False,False,True,,,,,,,,,,,,,,,False,False,19.61,,98.4,,75.7,,98.4,,1468,92,7,20,7,143547.8,19139.71,,Idle,,20,,10,,,20,Go Home,False,False,False,False,False,False,False,False,False,False,False,False,33.8027920380556,-117.4659261431046,2943.5,2972.0,1049.4,396.9,True,1,1,False,False,False,False,,True,False,False,Course Lock,196.8,67,16.4,93,E,SW,2.46,11.4,Calm,False,False,Android,7.0.2,M300 RTK,1ZN7L4R0H1D00F,1W9DL31001461C,1ZMLH8300204F0,1Z6PH74DAP0QN7,"Corona, CA",728.3,5.7,137.7,8.547347,2.013246,0,0,DJI Matrice 300 RTK,M300 RTK,1ZN7L4R0H1D00F,1W9DL31001461C,1ZMLH8300204F0,1Z6PH74DAP0QN7,DJI Pilot,Android,7.0.2,1EF72A62-B7C3-C88D-164E-CE6F8C8424AE,1ZN7L4R0H1D00F,1W9DL31001461C,,1ZMLH8300204F0,1W9DL31001461C,,,,,
2023-11-01,11:31:23.86 AM,7m 1.5s,421.5,33.7992127207348,-117.4746311853264,74.4,137.7,16.4,1338,3407.5,6.043879,7.161702,-4.697574,2.23694,-3.802798,1.342164,0,0.894776,-1.7,-0.3,1.7,-140.6,219.4,217.9,Tripod,Other,,23,5,True,,True,False,,Smart,RC,False,True,False,,,True,,False,False,False,False,False,False,False,False,False,False,0,Follow Yaw,-77.9,0,-148.7,211.3,False,False,False,False,False,,0,0,False,False,No Card,100,100,1024,1382,923,1076,2,False,False,False,False,False,0,False,False,False,False,77,,47.016,,7783,,10044,,47.016,,True,3.918,3.918,3.918,3.918,3.918,3.918,3.918,3.918,3.918,3.918,3.918,3.918,0,,False,False,True,,,,,,,,,,,,,,,False,False,19.61,,98.4,,75.7,,98.4,,1468,92,7,20,7,143547.8,19139.71,,Idle,,20,,10,,,20,Go Home,False,False,False,False,False,False,False,False,False,False,False,False,33.8027920380556,-117.4659261431046,2944.3,2972.0,1049.4,396.9,True,1,1,False,False,False,False,,True,False,False,Course Lock,196.8,67,16.4,93,E,SW,2.46,11.4,Calm,False,False,Android,7.0.2,M300 RTK,1ZN7L4R0H1D00F,1W9DL31001461C,1ZMLH8300204F0,1Z6PH74DAP0QN7,"Corona, CA",728.3,5.7,137.7,8.547347,2.013246,0,0,DJI Matrice 300 RTK,M300 RTK,1ZN7L4R0H1D00F,1W9DL31001461C,1ZMLH8300204F0,1Z6PH74DAP0QN7,DJI Pilot,Android,7.0.2,1EF72A62-B7C3-C88D-164E-CE6F8C8424AE,1ZN7L4R0H1D00F,1W9DL31001461C,,1ZMLH8300204F0,1W9DL31001461C,,,,,
2023-11-01,11:31:23.96 AM,7m 1.6s,421.6,33.7992107694833,-117.4746330994078,74.4,137.7,16.4,1338,3408.5,6.043879,7.161702,-4.697574,2.23694,-3.802798,1.342164,0,0.894776,-1.7,-0.5,1.7,-140.6,219.4,219.1,Tripod,Other,,23,5,True,,True,False,,Smart,RC,False,True,False,,,True,,False,False,False,False,False,False,False,False,False,False,0,Follow Yaw,-77.9,0,-148.6,211.4,False,False,False,False,False,,0,0,False,False,No Card,100,100,1024,1381,937,1032,2,False,False,False,False,False,0,False,False,False,False,77,,47.016,,7783,,10044,,47.016,,True,3.918,3.918,3.918,3.918,3.918,3.918,3.918,3.918,3.918,3.918,3.918,3.918,0,,False,False,True,,,,,,,,,,,,,,,False,False,19.61,,98.4,,75.7,,98.4,,1468,92,7,20,7,143547.8,19139.71,,Idle,,20,,10,,,20,Go Home,False,False,False,False,False,False,False,False,False,False,False,False,33.8027920380556,-117.4659261431046,2945.1,2972.0,1049.4,396.9,True,1,1,False,False,False,False,,True,False,False,Course Lock,196.8,67,16.4,93,E,SW,2.68,11.4,Calm,False,False,Android,7.0.2,M300 RTK,1ZN7L4R0H1D00F,1W9DL31001461C,1ZMLH8300204F0,1Z6PH74DAP0QN7,"Corona, CA",728.3,5.7,137.7,8.547347,2.013246,0,0,DJI Matrice 300 RTK,M300 RTK,1ZN7L4R0H1D00F,1W9DL31001461C,1ZMLH8300204F0,1Z6PH74DAP0QN7,DJI Pilot,Android,7.0.2,1EF72A62-B7C3-C88D-164E-CE6F8C8424AE,1ZN7L4R0H1D00F,1W9DL31001461C,,1ZMLH8300204F0,1W9DL31001461C,,,,,
2023-11-01,11:31:24.07 AM,7m 1.7s,421.7,33.7992086633488,-117.4746349845022,74.4,137.7,16.4,1338,3409.4,6.043879,7.161702,-4.697574,2.23694,-3.802798,1.342164,0,0.894776,-1.7,-0.4,1.7,-140.5,219.5,216.6,Tripod,Other,,23,5,True,,True,False,,Smart,RC,False,True,False,,,True,,False,False,False,False,False,False,False,False,False,False,0,Follow Yaw,-77.9,0,-148.6,211.4,False,False,False,False,False,,0,0,False,False,No Card,100,100,1024,1380,938,1027,2,False,False,False,False,False,0,False,False,False,False,77,,47.016,,7783,,10044,,47.016,,True,3.918,3.918,3.918,3.918,3.918,3.918,3.918,3.918,3.918,3.918,3.918,3.918,0,,False,False,True,,,,,,,,,,,,,,,False,False,19.61,,98.4,,75.7,,98.4,,1468,92,7,20,7,143547.8,19139.71,,Idle,,20,,10,,,20,Go Home,False,False,False,False,False,False,False,False,False,False,False,False,33.8027920380556,-117.4659261431046,2946.0,2972.0,1049.4,396.9,True,1,1,False,False,False,False,,True,False,False,Course Lock,196.8,67,16.4,93,E,SW,2.68,11.4,Calm,False,False,Android,7.0.2,M300 RTK,1ZN7L4R0H1D00F,1W9DL31001461C,1ZMLH8300204F0,1Z6PH74DAP0QN7,"Corona, CA",728.3,5.7,137.7,8.547347,2.013246,0,0,DJI Matrice 300 RTK,M300 RTK,1ZN7L4R0H1D00F,1W9DL31001461C,1ZMLH8300204F0,1Z6PH74DAP0QN7,DJI Pilot,Android,7.0.2,1EF72A62-B7C3-C88D-164E-CE6F8C8424AE,1ZN7L4R0H1D00F,1W9DL31001461C,,1ZMLH8300204F0,1W9DL31001461C,,,,,
2023-11-01,11:31:24.17 AM,7m 1.8s,421.8,33.7992067000356,-117.4746369014802,74.1,137.7,16.4,1338,3410.3,6.043879,7.161702,-4.697574,2.23694,-3.802798,1.342164,0,0.894776,-1.8,-0.5,1.8,-140.5,219.5,219.0,Tripod,Other,,23,5,True,,True,False,,Smart,RC,False,True,False,,,True,,False,False,False,False,False,False,False,False,False,False,0,Follow Yaw,-77.9,0,-148.6,211.4,False,False,False,False,False,,0,0,False,False,No Card,100,100,1024,1381,935,1047,2,False,False,False,False,False,0,False,False,False,False,77,,47.016,,7783,,10044,,47.016,,True,3.918,3.918,3.918,3.918,3.918,3.918,3.918,3.918,3.918,3.918,3.918,3.918,0,,False,False,True,,,,,,,,,,,,,,,False,False,19.61,,98.4,,75.7,,98.4,,1468,92,7,20,7,143547.8,19139.71,,Idle,,20,,10,,,20,Go Home,False,False,False,False,False,False,False,False,False,False,False,False,33.8027920380556,-117.4659261431046,2946.8,2972.0,1049.4,396.9,True,1,1,False,False,False,False,,True,False,False,Course Lock,196.8,67,16.4,93,E,SW,2.68,11.4,Calm,False,False,Android,7.0.2,M300 RTK,1ZN7L4R0H1D00F,1W9DL31001461C,1ZMLH8300204F0,1Z6PH74DAP0QN7,"Corona, CA",728.3,5.7,137.7,8.547347,2.013246,0,0,DJI Matrice 300 RTK,M300 RTK,1ZN7L4R0H1D00F,1W9DL31001461C,1ZMLH8300204F0,1Z6PH74DAP0QN7,DJI Pilot,Android,7.0.2,1EF72A62-B7C3-C88D-164E-CE6F8C8424AE,1ZN7L4R0H1D00F,1W9DL31001461C,,1ZMLH8300204F0,1W9DL31001461C,,,,,
2023-11-01,11:31:24.28 AM,7m 1.9s,421.9,33.7992045346892,-117.4746389415802,74.1,137.7,16.4,1338,3411.3,6.043879,7.161702,-4.697574,2.23694,-3.802798,1.342164,0,0.894776,-1.9,-0.7,2,-140.5,219.5,218.0,Tripod,Other,,23,5,True,,True,False,,Smart,RC,False,True,False,,,True,,False,False,False,False,False,False,False,False,False,False,0,Follow Yaw,-77.9,0,-148.6,211.4,False,False,False,False,False,,0,0,False,False,No Card,100,100,1024,1381,926,1080,2,False,False,False,False,False,0,False,False,False,False,77,,47.016,,7783,,10044,,47.016,,True,3.918,3.918,3.918,3.918,3.918,3.918,3.918,3.918,3.918,3.918,3.918,3.918,0,,False,False,True,,,,,,,,,,,,,,,False,False,19.61,,98.4,,75.7,,98.4,,1468,92,7,20,7,143547.8,19139.71,,Idle,,20,,10,,,20,Go Home,False,False,False,False,False,False,False,False,False,False,False,False,33.8027920380556,-117.4659261431046,2947.7,2972.0,1049.4,396.9,True,1,1,False,False,False,False,,True,False,False,Course Lock,196.8,67,16.4,93,E,SW,2.68,11.4,Calm,False,False,Android,7.0.2,M300 RTK,1ZN7L4R0H1D00F,1W9DL31001461C,1ZMLH8300204F0,1Z6PH74DAP0QN7,"Corona, CA",728.3,5.7,137.7,8.547347,2.013246,0,0,DJI Matrice 300 RTK,M300 RTK,1ZN7L4R0H1D00F,1W9DL31001461C,1ZMLH8300204F0,1Z6PH74DAP0QN7,DJI Pilot,Android,7.0.2,1EF72A62-B7C3-C88D-164E-CE6F8C8424AE,1ZN7L4R0H1D00F,1W9DL31001461C,,1ZMLH8300204F0,1W9DL31001461C,,,,,
2023-11-01,11:31:24.34 AM,7m 2.0s,422.0,33.7992026547113,-117.4746407669897,74.1,137.7,16.4,1338,3412.2,6.043879,7.161702,-4.697574,2.23694,-3.802798,1.342164,0,0.894776,-2,-0.9,2.1,-140.5,219.5,218.8,Tripod,Other,,23,5,True,,True,False,,Smart,RC,False,True,False,,,True,,False,False,False,False,False,False,False,False,False,False,0,Follow Yaw,-77.9,0,-148.5,211.5,False,False,False,False,False,,0,0,False,False,No Card,100,100,1024,1381,950,1075,2,False,False,False,False,False,0,False,False,False,False,77,,46.956,,7783,,10044,,46.956,,True,3.918,3.918,3.918,3.918,3.918,3.918,3.918,3.918,3.918,3.918,3.918,3.918,0,,False,False,True,,,,,,,,,,,,,,,False,False,19.376,,98.4,,75.7,,98.4,,1468,92,7,20,7,143547.8,19139.71,,Idle,,20,,10,,,20,Go Home,False,False,False,False,False,False,False,False,False,False,False,False,33.8027920380556,-117.4659261431046,2948.5,2972.0,1049.4,396.9,True,1,1,False,False,False,False,,True,False,False,Course Lock,196.8,67,16.4,93,E,SW,2.68,11.4,Calm,False,False,Android,7.0.2,M300 RTK,1ZN7L4R0H1D00F,1W9DL31001461C,1ZMLH8300204F0,1Z6PH74DAP0QN7,"Corona, CA",728.3,5.7,137.7,8.547347,2.013246,0,0,DJI Matrice 300 RTK,M300 RTK,1ZN7L4R0H1D00F,1W9DL31001461C,1ZMLH8300204F0,1Z6PH74DAP0QN7,DJI Pilot,Android,7.0.2,1EF72A62-B7C3-C88D-164E-CE6F8C8424AE,1ZN7L4R0H1D00F,1W9DL31001461C,,1ZMLH8300204F0,1W9DL31001461C,,,,,
2023-11-01,11:31:24.44 AM,7m 2.1s,422.1,33.7992007333398,-117.4746428221088,74.1,137.7,16.4,1338,3413.2,6.043879,7.161702,-4.697574,2.23694,-3.802798,1.342164,0,0.894776,-2.1,-0.7,2.2,-140.5,219.5,221.6,Tripod,Other,,23,5,True,,True,False,,Smart,RC,False,True,False,,,True,,False,False,False,False,False,False,False,False,False,False,0,Follow Yaw,-77.9,0,-148.5,211.5,False,False,False,False,False,,0,0,False,False,No Card,100,100,1024,1382,1013,1024,2,False,False,False,False,False,0,False,False,False,False,77,,46.956,,7783,,10044,,46.956,,True,3.918,3.918,3.918,3.918,3.918,3.918,3.918,3.918,3.918,3.918,3.918,3.918,0,,False,False,True,,,,,,,,,,,,,,,False,False,19.376,,98.4,,75.7,,98.4,,1468,92,7,20,7,143547.8,19139.71,,Idle,,20,,10,,,20,Go Home,False,False,False,False,False,False,False,False,False,False,False,False,33.8027920380556,-117.4659261431046,2949.4,2972.0,1049.4,396.9,True,1,1,False,False,False,False,,True,False,False,Course Lock,196.8,67,16.4,93,E,SW,2.68,11.4,Calm,False,False,Android,7.0.2,M300 RTK,1ZN7L4R0H1D00F,1W9DL31001461C,1ZMLH8300204F0,1Z6PH74DAP0QN7,"Corona, CA",728.3,5.7,137.7,8.547347,2.013246,0,0,DJI Matrice 300 RTK,M300 RTK,1ZN7L4R0H1D00F,1W9DL31001461C,1ZMLH8300204F0,1Z6PH74DAP0QN7,DJI Pilot,Android,7.0.2,1EF72A62-B7C3-C88D-164E-CE6F8C8424AE,1ZN7L4R0H1D00F,1W9DL31001461C,,1ZMLH8300204F0,1W9DL31001461C,,,,,
2023-11-01,11:31:24.54 AM,7m 2.2s,422.2,33.7991987426137,-117.4746447545183,74.1,137.7,16.4,1338,3414.1,6.043879,7.161702,-4.697574,2.23694,-3.802798,1.342164,0,0.894776,-2.1,-0.5,2.1,-140.5,219.5,218.8,Tripod,Other,,23,5,True,,True,False,,Smart,RC,False,True,False,,,True,,False,False,False,False,False,False,False,False,False,False,0,Follow Yaw,-77.9,0,-148.5,211.5,False,False,False,False,False,,0,0,False,False,No Card,100,100,1024,1383,1024,1043,2,False,False,False,False,False,0,False,False,False,False,77,,46.956,,7783,,10044,,46.956,,True,3.918,3.918,3.918,3.918,3.918,3.918,3.918,3.918,3.918,3.918,3.918,3.918,0,,False,False,True,,,,,,,,,,,,,,,False,False,19.376,,98.4,,75.7,,98.4,,1468,92,7,20,7,143547.8,19139.71,,Idle,,20,,10,,,20,Go Home,False,False,False,False,False,False,False,False,False,False,False,False,33.8027920380556,-117.4659261431046,2950.2,2972.0,1049.4,396.9,True,1,1,False,False,False,False,,True,False,False,Course Lock,196.8,67,16.4,93,E,SW,2.68,11.4,Calm,False,False,Android,7.0.2,M300 RTK,1ZN7L4R0H1D00F,1W9DL31001461C,1ZMLH8300204F0,1Z6PH74DAP0QN7,"Corona, CA",728.3,5.7,137.7,8.547347,2.013246,0,0,DJI Matrice 300 RTK,M300 RTK,1ZN7L4R0H1D00F,1W9DL31001461C,1ZMLH8300204F0,1Z6PH74DAP0QN7,DJI Pilot,Android,7.0.2,1EF72A62-B7C3-C88D-164E-CE6F8C8424AE,1ZN7L4R0H1D00F,1W9DL31001461C,,1ZMLH8300204F0,1W9DL31001461C,,,,,
2023-11-01,11:31:24.64 AM,7m 2.3s,422.3,33.7991967995861,-117.4746465900609,74.1,137.7,16.4,1338,3415.0,6.18707,7.161702,-4.697574,2.23694,-4.026492,1.342164,0,0.894776,-2.1,-0.5,2.1,-140.4,219.6,218.1,Tripod,Other,,23,5,True,,True,False,,Smart,RC,False,True,False,,,True,,False,False,False,False,False,False,False,False,False,False,0,Follow Yaw,-77.9,0,-148.5,211.5,False,False,False,False,False,,0,0,False,False,No Card,100,100,1024,1382,1024,1051,2,False,False,False,False,False,0,False,False,False,False,77,,46.956,,7783,,10044,,46.956,,True,3.916,3.916,3.916,3.916,3.916,3.916,3.916,3.916,3.916,3.916,3.916,3.916,0,,False,False,True,,,,,,,,,,,,,,,False,False,19.376,,98.4,,75.7,,98.4,,1468,92,7,20,7,143710.6,19161.41,,Idle,,20,,10,,,20,Go Home,False,False,False,False,False,False,False,False,False,False,False,False,33.8027920380556,-117.4659261431046,2951.0,2972.0,1049.4,396.9,True,1,1,False,False,False,False,,True,False,False,Course Lock,196.8,67,16.4,93,E,SW,2.68,11.4,Calm,False,False,Android,7.0.2,M300 RTK,1ZN7L4R0H1D00F,1W9DL31001461C,1ZMLH8300204F0,1Z6PH74DAP0QN7,"Corona, CA",728.3,5.7,137.7,8.547347,2.013246,0,0,DJI Matrice 300 RTK,M300 RTK,1ZN7L4R0H1D00F,1W9DL31001461C,1ZMLH8300204F0,1Z6PH74DAP0QN7,DJI Pilot,Android,7.0.2,1EF72A62-B7C3-C88D-164E-CE6F8C8424AE,1ZN7L4R0H1D00F,1W9DL31001461C,,1ZMLH8300204F0,1W9DL31001461C,,,,,
2023-11-01,11:31:24.74 AM,7m 2.4s,422.4,33.7991947989913,-117.4746485252845,74.1,137.7,16.4,1338,3415.9,6.18707,7.161702,-4.697574,2.23694,-4.026492,1.342164,0,0.894776,-2.1,-0.6,2.1,-140.4,219.6,218.7,Tripod,Other,,21,5,True,,True,False,,Smart,RC,False,True,False,,,True,,False,False,False,False,False,False,False,False,False,False,0,Follow Yaw,-77.9,0,-148.5,211.5,False,False,False,False,False,,0,0,False,False,No Card,100,100,1024,1381,1024,1065,2,False,False,False,False,False,0,False,False,False,False,77,,46.956,,7783,,10044,,46.956,,True,3.916,3.916,3.916,3.916,3.916,3.916,3.916,3.916,3.916,3.916,3.916,3.916,0,,False,False,True,,,,,,,,,,,,,,,False,False,19.376,,98.4,,75.7,,98.4,,1468,92,7,20,7,143710.6,19161.41,,Idle,,20,,10,,,20,Go Home,False,False,False,False,False,False,False,False,False,False,False,False,33.8027920380556,-117.4659261431046,2951.9,2972.0,1049.4,396.9,True,1,1,False,False,False,False,,True,False,False,Course Lock,196.8,67,16.4,93,E,SW,2.68,11.4,Calm,False,False,Android,7.0.2,M300 RTK,1ZN7L4R0H1D00F,1W9DL31001461C,1ZMLH8300204F0,1Z6PH74DAP0QN7,"Corona, CA",728.3,5.7,137.7,8.547347,2.013246,0,0,DJI Matrice 300 RTK,M300 RTK,1ZN7L4R0H1D00F,1W9DL31001461C,1ZMLH8300204F0,1Z6PH74DAP0QN7,DJI Pilot,Android,7.0.2,1EF72A62-B7C3-C88D-164E-CE6F8C8424AE,1ZN7L4R0H1D00F,1W9DL31001461C,,1ZMLH8300204F0,1W9DL31001461C,,,,,
2023-11-01,11:31:24.80 AM,7m 2.5s,422.5,33.7991927062892,-117.4746505441598,74.1,137.7,16.4,1338,3416.9,6.18707,7.161702,-4.697574,2.23694,-4.026492,1.342164,0,0.894776,-2,-0.6,2,-140.3,219.7,218.7,Tripod,Other,,21,5,True,,True,False,,Smart,RC,False,True,False,,,True,,False,False,False,False,False,False,False,False,False,False,0,Follow Yaw,-77.9,0,-148.4,211.6,False,False,False,False,False,,0,0,False,False,No Card,100,100,1024,1381,1024,1065,2,False,False,False,False,False,0,False,False,False,False,77,,46.956,,7783,,10044,,46.956,,True,3.916,3.916,3.916,3.916,3.916,3.916,3.916,3.916,3.916,3.916,3.916,3.916,0,,False,False,True,,,,,,,,,,,,,,,False,False,19.376,,98.4,,75.7,,98.4,,1468,92,7,20,7,143710.6,19161.41,,Idle,,20,,10,,,20,Go Home,False,False,False,False,False,False,False,False,False,False,False,False,33.8027920380556,-117.4659261431046,2952.8,2972.0,1049.4,396.9,True,1,1,False,False,False,False,,True,False,False,Course Lock,196.8,67,16.4,93,E,SW,2.68,11.4,Calm,False,False,Android,7.0.2,M300 RTK,1ZN7L4R0H1D00F,1W9DL31001461C,1ZMLH8300204F0,1Z6PH74DAP0QN7,"Corona, CA",728.3,5.7,137.7,8.547347,2.013246,0,0,DJI Matrice 300 RTK,M300 RTK,1ZN7L4R0H1D00F,1W9DL31001461C,1ZMLH8300204F0,1Z6PH74DAP0QN7,DJI Pilot,Android,7.0.2,1EF72A62-B7C3-C88D-164E-CE6F8C8424AE,1ZN7L4R0H1D00F,1W9DL31001461C,,1ZMLH8300204F0,1W9DL31001461C,,,,,
2023-11-01,11:31:24.94 AM,7m 2.6s,422.6,33.7991906843123,-117.4746524939696,74.1,137.7,16.4,1338,3417.9,6.18707,7.161702,-4.697574,2.23694,-4.026492,1.342164,0,0.894776,-2,-0.5,2,-140.3,219.7,218.7,Tripod,Other,,21,5,True,,True,False,,Smart,RC,False,True,False,,,True,,False,False,False,False,False,False,False,False,False,False,0,Follow Yaw,-77.9,0,-148.4,211.6,False,False,False,False,False,,0,0,False,False,No Card,100,100,1024,1382,1012,1211,2,False,False,False,False,False,0,False,False,False,False,77,,46.956,,7783,,10044,,46.956,,True,3.916,3.916,3.916,3.916,3.916,3.916,3.916,3.916,3.916,3.916,3.916,3.916,0,,False,False,True,,,,,,,,,,,,,,,False,False,19.376,,98.4,,75.7,,98.4,,1468,92,7,20,7,143710.6,19161.41,,Idle,,20,,10,,,20,Go Home,False,False,False,False,False,False,False,False,False,False,False,False,33.8027920380556,-117.4659261431046,2953.6,2972.0,1049.4,396.9,True,1,1,False,False,False,False,,True,False,False,Course Lock,196.8,67,16.4,93,E,SW,2.68,11.4,Calm,False,False,Android,7.0.2,M300 RTK,1ZN7L4R0H1D00F,1W9DL31001461C,1ZMLH8300204F0,1Z6PH74DAP0QN7,"Corona, CA",728.3,5.7,137.7,8.547347,2.013246,0,0,DJI Matrice 300 RTK,M300 RTK,1ZN7L4R0H1D00F,1W9DL31001461C,1ZMLH8300204F0,1Z6PH74DAP0QN7,DJI Pilot,Android,7.0.2,1EF72A62-B7C3-C88D-164E-CE6F8C8424AE,1ZN7L4R0H1D00F,1W9DL31001461C,,1ZMLH8300204F0,1W9DL31001461C,,,,,
2023-11-01,11:31:25.04 AM,7m 2.7s,422.7,33.7991888004966,-117.4746545225655,74.1,137.7,16.4,1338,3418.8,6.18707,7.161702,-4.697574,2.23694,-4.026492,1.342164,0,0.894776,-2,-0.2,2,-140.2,219.8,221.8,Tripod,Other,,21,5,True,,True,False,,Smart,RC,False,True,False,,,True,,False,False,False,False,False,False,False,False,False,False,0,Follow Yaw,-77.9,0,-148.1,211.9,False,False,False,False,False,,0,0,False,False,No Card,100,100,1024,1382,1011,1215,2,False,False,False,False,False,0,False,False,False,False,77,,46.932,,3839,,4986,,46.932,,True,3.916,3.916,3.916,3.916,3.916,3.916,3.916,3.916,3.916,3.916,3.916,3.916,0,,False,False,True,,,,,,,,,,,,,,,False,False,9.69,,98.4,,75.7,,98.4,,1468,92,7,20,7,143710.6,19161.41,,Idle,,20,,10,,,20,Go Home,False,False,False,False,False,False,False,False,False,False,False,False,33.8027920380556,-117.4659261431046,2954.5,2972.0,1049.4,396.9,True,1,1,False,False,False,False,,True,False,False,Course Lock,196.8,67,16.4,93,E,SW,2.68,11.4,Calm,False,False,Android,7.0.2,M300 RTK,1ZN7L4R0H1D00F,1W9DL31001461C,1ZMLH8300204F0,1Z6PH74DAP0QN7,"Corona, CA",728.3,5.7,137.7,8.547347,2.013246,0,0,DJI Matrice 300 RTK,M300 RTK,1ZN7L4R0H1D00F,1W9DL31001461C,1ZMLH8300204F0,1Z6PH74DAP0QN7,DJI Pilot,Android,7.0.2,1EF72A62-B7C3-C88D-164E-CE6F8C8424AE,1ZN7L4R0H1D00F,1W9DL31001461C,,1ZMLH8300204F0,1W9DL31001461C,,,,,
2023-11-01,11:31:25.14 AM,7m 2.8s,422.8,33.7991867829058,-117.4746564955792,74.1,137.7,16.4,1338,3419.7,6.18707,7.161702,-4.697574,2.23694,-4.026492,1.342164,0,0.894776,-2,0.4,2,-140,220,219.0,Tripod,Other,,21,5,True,,True,False,,Smart,RC,False,True,False,,,True,,False,False,False,False,False,False,False,False,False,False,0,Follow Yaw,-77.9,0,-147.7,212.3,False,False,False,False,False,,0,0,False,False,No Card,100,100,1024,1381,1013,1211,2,False,False,False,False,False,0,False,False,False,False,77,,46.932,,3839,,4986,,46.932,,True,3.916,3.916,3.916,3.916,3.916,3.916,3.916,3.916,3.916,3.916,3.916,3.916,0,,False,False,True,,,,,,,,,,,,,,,False,False,9.69,,98.4,,75.7,,98.4,,1468,92,7,20,7,143710.6,19161.41,,Idle,,20,,10,,,20,Go Home,False,False,False,False,False,False,False,False,False,False,False,False,33.8027920380556,-117.4659261431046,2955.4,2972.0,1049.4,396.9,True,1,1,False,False,False,False,,True,False,False,Course Lock,196.8,67,16.4,93,E,SW,2.68,11.4,Calm,False,False,Android,7.0.2,M300 RTK,1ZN7L4R0H1D00F,1W9DL31001461C,1ZMLH8300204F0,1Z6PH74DAP0QN7,"Corona, CA",728.3,5.7,137.7,8.547347,2.013246,0,0,DJI Matrice 300 RTK,M300 RTK,1ZN7L4R0H1D00F,1W9DL31001461C,1ZMLH8300204F0,1Z6PH74DAP0QN7,DJI Pilot,Android,7.0.2,1EF72A62-B7C3-C88D-164E-CE6F8C8424AE,1ZN7L4R0H1D00F,1W9DL31001461C,,1ZMLH8300204F0,1W9DL31001461C,,,,,
2023-11-01,11:31:25.24 AM,7m 2.9s,422.9,33.799184930615,-117.4746583455741,74.1,137.7,16.4,1338,3420.6,6.18707,7.161702,-4.697574,2.23694,-4.026492,1.342164,0,0.894776,-2,0.8,2.1,-139.9,220.1,219.6,Tripod,Other,,21,5,True,,True,False,,Smart,RC,False,True,False,,,True,,False,False,False,False,False,False,False,False,False,False,0,Follow Yaw,-77.9,0,-147.3,212.7,False,False,False,False,False,,0,0,False,False,No Card,100,100,1024,1381,1013,1211,2,False,False,False,False,False,0,False,False,False,False,77,,46.932,,3839,,4986,,46.932,,True,3.916,3.916,3.916,3.916,3.916,3.916,3.916,3.916,3.916,3.916,3.916,3.916,0,,False,False,True,,,,,,,,,,,,,,,False,False,9.69,,98.4,,75.7,,98.4,,1468,92,7,20,7,143710.6,19161.41,,Idle,,20,,10,,,20,Go Home,False,False,False,False,False,False,False,False,False,False,False,False,33.8027920380556,-117.4659261431046,2956.2,2972.0,1049.4,396.9,True,1,1,False,False,False,False,,True,False,False,Course Lock,196.8,67,16.4,93,E,SW,2.68,11.4,Calm,False,False,Android,7.0.2,M300 RTK,1ZN7L4R0H1D00F,1W9DL31001461C,1ZMLH8300204F0,1Z6PH74DAP0QN7,"Corona, CA",728.3,5.7,137.7,8.547347,2.013246,0,0,DJI Matrice 300 RTK,M300 RTK,1ZN7L4R0H1D00F,1W9DL31001461C,1ZMLH8300204F0,1Z6PH74DAP0QN7,DJI Pilot,Android,7.0.2,1EF72A62-B7C3-C88D-164E-CE6F8C8424AE,1ZN7L4R0H1D00F,1W9DL31001461C,,1ZMLH8300204F0,1W9DL31001461C,,,,,
2023-11-01,11:31:25.34 AM,7m 3.0s,423.0,33.7991828417506,-117.4746604546056,74.1,137.7,16.4,1338,3421.6,6.18707,7.161702,-4.697574,2.23694,-4.026492,1.342164,0,0.894776,-1.9,0.8,2,-139.6,220.4,219.9,Tripod,Other,,22,5,True,,True,False,,Smart,RC,False,True,False,,,True,,False,False,False,False,False,False,False,False,False,False,0,Follow Yaw,-77.9,0,-146.9,213.1,False,False,False,False,False,,0,0,False,False,No Card,100,100,1024,1383,1009,1213,2,False,False,False,False,False,0,False,False,False,False,77,,46.956,,7733,,10044,,46.956,,True,3.916,3.916,3.916,3.916,3.916,3.916,3.916,3.916,3.916,3.916,3.916,3.916,0,,False,False,True,,,,,,,,,,,,,,,False,False,19.464,,98.4,,75.7,,98.4,,1468,92,7,20,7,143710.6,19161.41,,Idle,,20,,10,,,20,Go Home,False,False,False,False,False,False,False,False,False,False,False,False,33.8027920380556,-117.4659261431046,2957.1,2972.0,1049.4,396.9,True,1,1,False,False,False,False,,True,False,False,Course Lock,196.8,67,16.4,93,E,SW,2.68,11.4,Calm,False,False,Android,7.0.2,M300 RTK,1ZN7L4R0H1D00F,1W9DL31001461C,1ZMLH8300204F0,1Z6PH74DAP0QN7,"Corona, CA",728.3,5.7,137.7,8.547347,2.013246,0,0,DJI Matrice 300 RTK,M300 RTK,1ZN7L4R0H1D00F,1W9DL31001461C,1ZMLH8300204F0,1Z6PH74DAP0QN7,DJI Pilot,Android,7.0.2,1EF72A62-B7C3-C88D-164E-CE6F8C8424AE,1ZN7L4R0H1D00F,1W9DL31001461C,,1ZMLH8300204F0,1W9DL31001461C,,,,,
2023-11-01,11:31:25.42 AM,7m 3.1s,423.1,33.7991807956504,-117.4746624170327,74.1,137.7,16.4,1338,3422.6,6.334925,7.161702,-4.697574,2.23694,-4.250186,1.342164,0,0.894776,-1.8,0.6,1.8,-139.2,220.8,218.5,Tripod,Other,,22,5,True,,True,False,,Smart,RC,False,True,False,,,True,,False,False,False,False,False,False,False,False,False,False,0,Follow Yaw,-77.9,0,-146.5,213.5,False,False,False,False,False,,0,0,False,False,No Card,100,100,1024,1381,1008,1214,2,False,False,False,False,False,0,False,False,False,False,77,,46.956,,7733,,10044,,46.956,,True,3.916,3.916,3.916,3.916,3.916,3.916,3.916,3.916,3.916,3.916,3.916,3.916,0,,False,False,True,,,,,,,,,,,,,,,False,False,19.464,,98.4,,75.7,,98.4,,1468,92,7,20,7,143710.6,19161.41,,Idle,,20,,10,,,20,Go Home,False,False,False,False,False,False,False,False,False,False,False,False,33.8027920380556,-117.4659261431046,2957.9,2972.0,1049.4,396.9,True,1,1,False,False,False,False,,True,False,False,Course Lock,196.8,67,16.4,93,E,SW,2.68,11.4,Calm,False,False,Android,7.0.2,M300 RTK,1ZN7L4R0H1D00F,1W9DL31001461C,1ZMLH8300204F0,1Z6PH74DAP0QN7,"Corona, CA",728.3,5.7,137.7,8.547347,2.013246,0,0,DJI Matrice 300 RTK,M300 RTK,1ZN7L4R0H1D00F,1W9DL31001461C,1ZMLH8300204F0,1Z6PH74DAP0QN7,DJI Pilot,Android,7.0.2,1EF72A62-B7C3-C88D-164E-CE6F8C8424AE,1ZN7L4R0H1D00F,1W9DL31001461C,,1ZMLH8300204F0,1W9DL31001461C,,,,,
2023-11-01,11:31:25.52 AM,7m 3.2s,423.2,33.7991788112293,-117.4746644774812,74.1,137.7,16.4,1338,3423.5,6.334925,7.161702,-4.697574,2.23694,-4.250186,1.342164,0,0.894776,-1.7,0.8,1.8,-138.7,221.3,220.7,Tripod,Other,,22,5,True,,True,False,,Smart,RC,False,True,False,,,True,,False,False,False,False,False,False,False,False,False,False,0,Follow Yaw,-77.9,0,-146,214,False,False,False,False,False,,0,0,False,False,No Card,100,100,1024,1382,1005,1214,2,False,False,False,False,False,0,False,False,False,False,77,,46.956,,7733,,10044,,46.956,,True,3.916,3.916,3.916,3.916,3.916,3.916,3.916,3.916,3.916,3.916,3.916,3.916,0,,False,False,True,,,,,,,,,,,,,,,False,False,19.464,,98.4,,75.7,,98.4,,1468,92,7,20,7,143710.6,19161.41,,Idle,,20,,10,,,20,Go Home,False,False,False,False,False,False,False,False,False,False,False,False,33.8027920380556,-117.4659261431046,2958.8,2972.0,1049.4,396.9,True,1,1,False,False,False,False,,True,False,False,Course Lock,196.8,67,16.4,93,E,SW,2.68,11.4,Calm,False,False,Android,7.0.2,M300 RTK,1ZN7L4R0H1D00F,1W9DL31001461C,1ZMLH8300204F0,1Z6PH74DAP0QN7,"Corona, CA",728.3,5.7,137.7,8.547347,2.013246,0,0,DJI Matrice 300 RTK,M300 RTK,1ZN7L4R0H1D00F,1W9DL31001461C,1ZMLH8300204F0,1Z6PH74DAP0QN7,DJI Pilot,Android,7.0.2,1EF72A62-B7C3-C88D-164E-CE6F8C8424AE,1ZN7L4R0H1D00F,1W9DL31001461C,,1ZMLH8300204F0,1W9DL31001461C,,,,,
2023-11-01,11:31:25.64 AM,7m 3.3s,423.3,33.7991768808116,-117.4746665323221,74.1,137.7,16.7,1338,3424.5,6.334925,7.161702,-4.697574,2.23694,-4.250186,1.342164,0,0.894776,-1.5,0.9,1.7,-138.2,221.8,221.4,Tripod,Other,,22,5,True,,True,False,,Smart,RC,False,True,False,,,True,,False,False,False,False,False,False,False,False,False,False,0,Follow Yaw,-77.9,0,-145.6,214.4,False,False,False,False,False,,0,0,False,False,No Card,100,100,1024,1382,1006,1197,2,False,False,False,False,False,0,False,False,False,False,77,,46.956,,7733,,10044,,46.956,,True,3.913,3.913,3.913,3.913,3.913,3.913,3.913,3.913,3.913,3.913,3.913,3.913,0,,False,False,True,,,,,,,,,,,,,,,False,False,19.464,,98.4,,75.7,,98.4,,1466,92,7,20,7,143992.8,19199.04,,Idle,,20,,10,,,20,Go Home,False,False,False,False,False,False,False,False,False,False,False,False,33.8027920380556,-117.4659261431046,2959.7,2972.0,1049.4,396.9,True,1,1,False,False,False,False,,True,False,False,Course Lock,196.8,67,16.4,93,E,SW,2.68,11.4,Calm,False,False,Android,7.0.2,M300 RTK,1ZN7L4R0H1D00F,1W9DL31001461C,1ZMLH8300204F0,1Z6PH74DAP0QN7,"Corona, CA",728.3,5.7,137.7,8.547347,2.013246,0,0,DJI Matrice 300 RTK,M300 RTK,1ZN7L4R0H1D00F,1W9DL31001461C,1ZMLH8300204F0,1Z6PH74DAP0QN7,DJI Pilot,Android,7.0.2,1EF72A62-B7C3-C88D-164E-CE6F8C8424AE,1ZN7L4R0H1D00F,1W9DL31001461C,,1ZMLH8300204F0,1W9DL31001461C,,,,,
2023-11-01,11:31:25.74 AM,7m 3.4s,423.4,33.7991749298342,-117.4746686394362,74.1,137.7,16.7,1338,3425.4,6.334925,7.161702,-4.697574,2.23694,-4.250186,1.342164,0,0.894776,-1.5,0.9,1.7,-137.8,222.2,221.9,Tripod,Other,,22,5,True,,True,False,,Smart,RC,False,True,False,,,True,,False,False,False,False,False,False,False,False,False,False,0,Follow Yaw,-77.9,0,-145.2,214.8,False,False,False,False,False,,0,0,False,False,No Card,100,100,1024,1381,1024,1125,2,False,False,False,False,False,0,False,False,False,False,77,,46.956,,7733,,10044,,46.956,,True,3.913,3.913,3.913,3.913,3.913,3.913,3.913,3.913,3.913,3.913,3.913,3.913,0,,False,False,True,,,,,,,,,,,,,,,False,False,19.464,,98.4,,75.7,,98.4,,1466,92,7,20,7,143992.8,19199.04,,Idle,,20,,10,,,20,Go Home,False,False,False,False,False,False,False,False,False,False,False,False,33.8027920380556,-117.4659261431046,2960.6,2972.0,1049.4,396.9,True,1,1,False,False,False,False,,True,False,False,Course Lock,196.8,67,16.4,93,E,SW,2.68,11.4,Calm,False,False,Android,7.0.2,M300 RTK,1ZN7L4R0H1D00F,1W9DL31001461C,1ZMLH8300204F0,1Z6PH74DAP0QN7,"Corona, CA",728.3,5.7,137.7,8.547347,2.013246,0,0,DJI Matrice 300 RTK,M300 RTK,1ZN7L4R0H1D00F,1W9DL31001461C,1ZMLH8300204F0,1Z6PH74DAP0QN7,DJI Pilot,Android,7.0.2,1EF72A62-B7C3-C88D-164E-CE6F8C8424AE,1ZN7L4R0H1D00F,1W9DL31001461C,,1ZMLH8300204F0,1W9DL31001461C,,,,,
2023-11-01,11:31:25.83 AM,7m 3.5s,423.5,33.7991731411413,-117.4746711167306,74.1,137.7,16.7,1338,3426.4,6.327021,7.161702,-4.47388,2.23694,-4.47388,1.342164,0,0.894776,-1.5,0.8,1.7,-137.4,222.6,229.0,Tripod,Other,,22,5,True,,True,False,,Smart,RC,False,True,False,,,True,,False,False,False,False,False,False,False,False,False,False,0,Follow Yaw,-77.9,0,-144.9,215.1,False,False,False,False,False,,0,0,False,False,No Card,100,100,1024,1381,1024,1125,2,False,False,False,False,False,0,False,False,False,False,77,,46.956,,7733,,10044,,46.956,,True,3.913,3.913,3.913,3.913,3.913,3.913,3.913,3.913,3.913,3.913,3.913,3.913,0,,False,False,True,,,,,,,,,,,,,,,False,False,19.464,,98.4,,75.7,,98.4,,1466,92,7,20,7,143992.8,19199.04,,Idle,,20,,10,,,20,Go Home,False,False,False,False,False,False,False,False,False,False,False,False,33.8027920380556,-117.4659261431046,2961.5,2972.0,1049.4,396.9,True,1,1,False,False,False,False,,True,False,False,Course Lock,196.8,67,16.4,93,E,SW,2.68,11.4,Calm,False,False,Android,7.0.2,M300 RTK,1ZN7L4R0H1D00F,1W9DL31001461C,1ZMLH8300204F0,1Z6PH74DAP0QN7,"Corona, CA",728.3,5.7,137.7,8.547347,2.013246,0,0,DJI Matrice 300 RTK,M300 RTK,1ZN7L4R0H1D00F,1W9DL31001461C,1ZMLH8300204F0,1Z6PH74DAP0QN7,DJI Pilot,Android,7.0.2,1EF72A62-B7C3-C88D-164E-CE6F8C8424AE,1ZN7L4R0H1D00F,1W9DL31001461C,,1ZMLH8300204F0,1W9DL31001461C,,,,,
2023-11-01,11:31:25.94 AM,7m 3.6s,423.6,33.7991712386848,-117.4746732979096,74.1,137.7,16.7,1338,3427.4,6.327021,7.161702,-4.47388,2.23694,-4.47388,1.342164,0,0.894776,-1.7,0.3,1.7,-137,223,223.6,Tripod,Other,,22,5,True,,True,False,,Smart,RC,False,True,False,,,True,,False,False,False,False,False,False,False,False,False,False,0,Follow Yaw,-77.9,0,-144.7,215.3,False,False,False,False,False,,0,0,False,False,No Card,100,100,1024,1380,1024,1040,2,False,False,False,False,False,0,False,False,False,False,77,,46.956,,7733,,10044,,46.956,,True,3.913,3.913,3.913,3.913,3.913,3.913,3.913,3.913,3.913,3.913,3.913,3.913,0,,False,False,True,,,,,,,,,,,,,,,False,False,19.464,,98.4,,75.7,,98.4,,1466,92,7,20,7,143992.8,19199.04,,Idle,,20,,10,,,20,Go Home,False,False,False,False,False,False,False,False,False,False,False,False,33.8027920380556,-117.4659261431046,2962.4,2972.0,1049.4,396.9,True,1,1,False,False,False,False,,True,False,False,Course Lock,196.8,67,16.4,93,E,SW,2.68,11.4,Calm,False,False,Android,7.0.2,M300 RTK,1ZN7L4R0H1D00F,1W9DL31001461C,1ZMLH8300204F0,1Z6PH74DAP0QN7,"Corona, CA",728.3,5.7,137.7,8.547347,2.013246,0,0,DJI Matrice 300 RTK,M300 RTK,1ZN7L4R0H1D00F,1W9DL31001461C,1ZMLH8300204F0,1Z6PH74DAP0QN7,DJI Pilot,Android,7.0.2,1EF72A62-B7C3-C88D-164E-CE6F8C8424AE,1ZN7L4R0H1D00F,1W9DL31001461C,,1ZMLH8300204F0,1W9DL31001461C,,,,,
2023-11-01,11:31:26.04 AM,7m 3.7s,423.7,33.7991693748805,-117.474675172634,74.1,137.7,16.7,1338,3428.2,6.327021,7.161702,-4.47388,2.23694,-4.47388,1.342164,0,0.894776,-1.8,-0.2,1.8,-136.8,223.2,219.8,Tripod,Other,,22,5,True,,True,False,,Smart,RC,False,True,False,,,True,,False,False,False,False,False,False,False,False,False,False,0,Follow Yaw,-77.9,0,-144.6,215.4,False,False,False,False,False,,0,0,False,False,No Card,100,100,1024,1380,1024,1082,2,False,False,False,False,False,0,False,False,False,False,77,,46.956,,7733,,10044,,46.956,,True,3.913,3.913,3.913,3.913,3.913,3.913,3.913,3.913,3.913,3.913,3.913,3.913,0,,False,False,True,,,,,,,,,,,,,,,False,False,19.464,,98.4,,75.7,,98.4,,1466,92,7,20,7,143992.8,19199.04,,Idle,,20,,10,,,20,Go Home,False,False,False,False,False,False,False,False,False,False,False,False,33.8027920380556,-117.4659261431046,2963.2,2972.0,1049.4,396.9,True,1,1,False,False,False,False,,True,False,False,Course Lock,196.8,67,16.4,93,E,SW,2.68,11.4,Calm,False,False,Android,7.0.2,M300 RTK,1ZN7L4R0H1D00F,1W9DL31001461C,1ZMLH8300204F0,1Z6PH74DAP0QN7,"Corona, CA",728.3,5.7,137.7,8.547347,2.013246,0,0,DJI Matrice 300 RTK,M300 RTK,1ZN7L4R0H1D00F,1W9DL31001461C,1ZMLH8300204F0,1Z6PH74DAP0QN7,DJI Pilot,Android,7.0.2,1EF72A62-B7C3-C88D-164E-CE6F8C8424AE,1ZN7L4R0H1D00F,1W9DL31001461C,,1ZMLH8300204F0,1W9DL31001461C,,,,,
2023-11-01,11:31:26.14 AM,7m 3.8s,423.8,33.7991674875011,-117.4746773566374,74.1,137.7,16.7,1338,3429.2,6.327021,7.161702,-4.47388,2.23694,-4.47388,1.342164,0,0.894776,-1.8,-0.7,1.9,-136.5,223.5,223.8,Tripod,Other,,22,5,True,,True,False,,Smart,RC,False,True,False,,,True,,False,False,False,False,False,False,False,False,False,False,0,Follow Yaw,-77.9,0,-144.6,215.4,False,False,False,False,False,,0,0,False,False,No Card,100,100,1024,1381,1008,1182,2,False,False,False,False,False,0,False,False,False,False,77,,46.956,,7733,,10044,,46.956,,True,3.913,3.913,3.913,3.913,3.913,3.913,3.913,3.913,3.913,3.913,3.913,3.913,0,,False,False,True,,,,,,,,,,,,,,,False,False,19.464,,98.4,,75.7,,98.4,,1466,92,7,20,7,143992.8,19199.04,,Idle,,20,,10,,,20,Go Home,False,False,False,False,False,False,False,False,False,False,False,False,33.8027920380556,-117.4659261431046,2964.1,2972.0,1049.4,396.9,True,1,1,False,False,False,False,,True,False,False,Course Lock,196.8,67,16.4,93,E,SW,2.68,11.4,Calm,False,False,Android,7.0.2,M300 RTK,1ZN7L4R0H1D00F,1W9DL31001461C,1ZMLH8300204F0,1Z6PH74DAP0QN7,"Corona, CA",728.3,5.7,137.7,8.547347,2.013246,0,0,DJI Matrice 300 RTK,M300 RTK,1ZN7L4R0H1D00F,1W9DL31001461C,1ZMLH8300204F0,1Z6PH74DAP0QN7,DJI Pilot,Android,7.0.2,1EF72A62-B7C3-C88D-164E-CE6F8C8424AE,1ZN7L4R0H1D00F,1W9DL31001461C,,1ZMLH8300204F0,1W9DL31001461C,,,,,
2023-11-01,11:31:26.24 AM,7m 3.9s,423.9,33.7991655189794,-117.4746797492598,74.1,137.7,16.7,1338,3430.2,6.327021,7.161702,-4.47388,2.23694,-4.47388,1.342164,0,0.894776,-1.7,-0.8,1.8,-136.4,223.6,225.2,Tripod,Other,,22,5,True,,True,False,,Smart,RC,False,True,False,,,True,,False,False,False,False,False,False,False,False,False,False,0,Follow Yaw,-77.9,0,-144.4,215.6,False,False,False,False,False,,0,0,False,False,No Card,100,100,1024,1381,1024,1095,2,False,False,False,False,False,0,False,False,False,False,77,,46.956,,7733,,10044,,46.956,,True,3.913,3.913,3.913,3.913,3.913,3.913,3.913,3.913,3.913,3.913,3.913,3.913,0,,False,False,True,,,,,,,,,,,,,,,False,False,19.464,,98.4,,75.7,,98.4,,1466,92,7,20,7,143992.8,19199.04,,Idle,,20,,10,,,20,Go Home,False,False,False,False,False,False,False,False,False,False,False,False,33.8027920380556,-117.4659261431046,2965.1,2972.0,1049.4,396.9,True,1,1,False,False,False,False,,True,False,False,Course Lock,196.8,67,16.4,93,E,SW,2.68,11.4,Calm,False,False,Android,7.0.2,M300 RTK,1ZN7L4R0H1D00F,1W9DL31001461C,1ZMLH8300204F0,1Z6PH74DAP0QN7,"Corona, CA",728.3,5.7,137.7,8.547347,2.013246,0,0,DJI Matrice 300 RTK,M300 RTK,1ZN7L4R0H1D00F,1W9DL31001461C,1ZMLH8300204F0,1Z6PH74DAP0QN7,DJI Pilot,Android,7.0.2,1EF72A62-B7C3-C88D-164E-CE6F8C8424AE,1ZN7L4R0H1D00F,1W9DL31001461C,,1ZMLH8300204F0,1W9DL31001461C,,,,,
2023-11-01,11:31:26.35 AM,7m 4.0s,424.0,33.7991636173453,-117.4746819618171,74.1,137.7,16.7,1338,3431.2,6.327021,7.161702,-4.47388,2.23694,-4.47388,1.342164,0,0.894776,-1.6,-0.3,1.6,-136.3,223.7,224.0,Tripod,Other,,22,5,True,,True,False,,Smart,RC,False,True,False,,,True,,False,False,False,False,False,False,False,False,False,False,0,Follow Yaw,-77.9,0,-144.2,215.8,False,False,False,False,False,,0,0,False,False,No Card,100,100,1024,1381,1024,1024,2,False,False,False,False,False,0,False,False,False,False,77,,46.92,,3839,,4986,,46.92,,True,3.913,3.913,3.913,3.913,3.913,3.913,3.913,3.913,3.913,3.913,3.913,3.913,0,,False,False,True,,,,,,,,,,,,,,,False,False,9.556,,98.6,,75.7,,98.6,,1466,92,7,20,7,143992.8,19199.04,,Idle,,20,,10,,,20,Go Home,False,False,False,False,False,False,False,False,False,False,False,False,33.8027920380556,-117.4659261431046,2966.0,2972.0,1049.4,396.9,True,1,1,False,False,False,False,,True,False,False,Course Lock,196.8,67,16.4,93,E,SW,2.68,11.4,Calm,False,False,Android,7.0.2,M300 RTK,1ZN7L4R0H1D00F,1W9DL31001461C,1ZMLH8300204F0,1Z6PH74DAP0QN7,"Corona, CA",728.3,5.7,137.7,8.547347,2.013246,0,0,DJI Matrice 300 RTK,M300 RTK,1ZN7L4R0H1D00F,1W9DL31001461C,1ZMLH8300204F0,1Z6PH74DAP0QN7,DJI Pilot,Android,7.0.2,1EF72A62-B7C3-C88D-164E-CE6F8C8424AE,1ZN7L4R0H1D00F,1W9DL31001461C,,1ZMLH8300204F0,1W9DL31001461C,,,,,
2023-11-01,11:31:26.45 AM,7m 4.1s,424.1,33.7991617244833,-117.4746843570372,74.1,137.7,16.7,1338,3432.2,6.327021,7.161702,-4.47388,2.23694,-4.47388,1.342164,0,0.894776,-1.7,-0.2,1.7,-136.2,223.8,226.4,Tripod,Other,,22,5,True,,True,False,,Smart,RC,False,True,False,,,True,,False,False,False,False,False,False,False,False,False,False,0,Follow Yaw,-77.9,0,-144.2,215.8,False,False,False,False,False,,0,0,False,False,No Card,100,100,1024,1381,1024,1024,2,False,False,False,False,False,0,False,False,False,False,77,,46.92,,3839,,4986,,46.92,,True,3.913,3.913,3.913,3.913,3.913,3.913,3.913,3.913,3.913,3.913,3.913,3.913,0,,False,False,True,,,,,,,,,,,,,,,False,False,9.556,,98.6,,75.7,,98.6,,1466,92,7,20,7,143992.8,19199.04,,Idle,,20,,10,,,20,Go Home,False,False,False,False,False,False,False,False,False,False,False,False,33.8027920380556,-117.4659261431046,2967.0,2972.0,1049.4,396.9,True,1,1,False,False,False,False,,True,False,False,Course Lock,196.8,67,16.4,93,E,SW,2.68,11.4,Calm,False,False,Android,7.0.2,M300 RTK,1ZN7L4R0H1D00F,1W9DL31001461C,1ZMLH8300204F0,1Z6PH74DAP0QN7,"Corona, CA",728.3,5.7,137.7,8.547347,2.013246,0,0,DJI Matrice 300 RTK,M300 RTK,1ZN7L4R0H1D00F,1W9DL31001461C,1ZMLH8300204F0,1Z6PH74DAP0QN7,DJI Pilot,Android,7.0.2,1EF72A62-B7C3-C88D-164E-CE6F8C8424AE,1ZN7L4R0H1D00F,1W9DL31001461C,,1ZMLH8300204F0,1W9DL31001461C,,,,,
2023-11-01,11:31:26.55 AM,7m 4.2s,424.2,33.7991598275094,-117.4746866114667,74.1,137.7,16.7,1338,3433.2,6.327021,7.161702,-4.47388,2.23694,-4.47388,1.342164,0,0.894776,-1.7,-0.7,1.8,-136.2,223.8,224.6,Tripod,Other,,22,5,True,,True,False,,Smart,RC,False,True,False,,,True,,False,False,False,False,False,False,False,False,False,False,0,Follow Yaw,-77.9,0,-144.2,215.8,False,False,False,False,False,,0,0,False,False,No Card,100,100,1024,1383,1024,1100,2,False,False,False,False,False,0,False,False,False,False,77,,46.92,,3839,,4986,,46.92,,True,3.913,3.913,3.913,3.913,3.913,3.913,3.913,3.913,3.913,3.913,3.913,3.913,0,,False,False,True,,,,,,,,,,,,,,,False,False,9.556,,98.6,,75.7,,98.6,,1466,92,7,20,7,143992.8,19199.04,,Idle,,20,,10,,,20,Go Home,False,False,False,False,False,False,False,False,False,False,False,False,33.8027920380556,-117.4659261431046,2967.9,2972.0,1049.4,396.9,True,1,1,False,False,False,False,,True,False,False,Course Lock,196.8,67,16.4,93,E,SW,2.68,11.4,Calm,False,False,Android,7.0.2,M300 RTK,1ZN7L4R0H1D00F,1W9DL31001461C,1ZMLH8300204F0,1Z6PH74DAP0QN7,"Corona, CA",728.3,5.7,137.7,8.547347,2.013246,0,0,DJI Matrice 300 RTK,M300 RTK,1ZN7L4R0H1D00F,1W9DL31001461C,1ZMLH8300204F0,1Z6PH74DAP0QN7,DJI Pilot,Android,7.0.2,1EF72A62-B7C3-C88D-164E-CE6F8C8424AE,1ZN7L4R0H1D00F,1W9DL31001461C,,1ZMLH8300204F0,1W9DL31001461C,,,,,
2023-11-01,11:31:26.65 AM,7m 4.3s,424.3,33.7991577561893,-117.4746888773694,74.1,137.7,16.7,1338,3434.2,6.327021,7.161702,-4.47388,2.23694,-4.47388,1.342164,0,0.894776,-1.7,-1.1,2,-136.2,223.8,222.2,Tripod,Other,,22,5,True,,True,False,,Smart,RC,False,True,False,,,True,,False,False,False,False,False,False,False,False,False,False,0,Follow Yaw,-77.9,0,-144.2,215.8,False,False,False,False,False,,0,0,False,False,No Card,100,100,1024,1382,1024,1072,2,False,False,False,False,False,0,False,False,False,False,77,,46.92,,3839,,4986,,46.92,,True,3.914,3.914,3.914,3.914,3.914,3.914,3.914,3.914,3.914,3.914,3.914,3.914,0,,False,False,True,,,,,,,,,,,,,,,False,False,9.556,,98.6,,75.7,,98.6,,1464,92,7,20,7,144277.6,19237.02,,Idle,,20,,10,,,20,Go Home,False,False,False,False,False,False,False,False,False,False,False,False,33.8027920380556,-117.4659261431046,2968.9,2972.0,1049.4,396.9,True,1,1,False,False,False,False,,True,False,False,Course Lock,196.8,67,16.4,93,E,SW,2.68,11.4,Calm,False,False,Android,7.0.2,M300 RTK,1ZN7L4R0H1D00F,1W9DL31001461C,1ZMLH8300204F0,1Z6PH74DAP0QN7,"Corona, CA",728.3,5.7,137.7,8.547347,2.013246,0,0,DJI Matrice 300 RTK,M300 RTK,1ZN7L4R0H1D00F,1W9DL31001461C,1ZMLH8300204F0,1Z6PH74DAP0QN7,DJI Pilot,Android,7.0.2,1EF72A62-B7C3-C88D-164E-CE6F8C8424AE,1ZN7L4R0H1D00F,1W9DL31001461C,,1ZMLH8300204F0,1W9DL31001461C,,,,,
2023-11-01,11:31:26.76 AM,7m 4.4s,424.4,33.7991558312542,-117.4746911432721,74.1,137.7,16.7,1338,3435.2,6.327021,7.161702,-4.47388,2.23694,-4.47388,1.342164,0,0.894776,-1.6,-1.1,1.9,-136.1,223.9,224.3,Tripod,Other,,22,5,True,,True,False,,Smart,RC,False,True,False,,,True,,False,False,False,False,False,False,False,False,False,False,0,Follow Yaw,-77.9,0,-144.1,215.9,False,False,False,False,False,,0,0,False,False,No Card,100,100,1024,1382,1024,1047,2,False,False,False,False,False,0,False,False,False,False,77,,46.92,,3839,,4986,,46.92,,True,3.914,3.914,3.914,3.914,3.914,3.914,3.914,3.914,3.914,3.914,3.914,3.914,0,,False,False,True,,,,,,,,,,,,,,,False,False,9.556,,98.6,,75.7,,98.6,,1464,92,7,20,7,144277.6,19237.02,,Idle,,20,,10,,,20,Go Home,False,False,False,False,False,False,False,False,False,False,False,False,33.8027920380556,-117.4659261431046,2969.8,2972.0,1049.4,396.9,True,1,1,False,False,False,False,,True,False,False,Course Lock,196.8,67,16.4,93,E,SW,2.68,11.4,Calm,False,False,Android,7.0.2,M300 RTK,1ZN7L4R0H1D00F,1W9DL31001461C,1ZMLH8300204F0,1Z6PH74DAP0QN7,"Corona, CA",728.3,5.7,137.7,8.547347,2.013246,0,0,DJI Matrice 300 RTK,M300 RTK,1ZN7L4R0H1D00F,1W9DL31001461C,1ZMLH8300204F0,1Z6PH74DAP0QN7,DJI Pilot,Android,7.0.2,1EF72A62-B7C3-C88D-164E-CE6F8C8424AE,1ZN7L4R0H1D00F,1W9DL31001461C,,1ZMLH8300204F0,1W9DL31001461C,,,,,
2023-11-01,11:31:26.86 AM,7m 4.5s,424.5,33.7991539364733,-117.474693341635,74.1,137.7,16.7,1338,3436.1,6.487126,7.161702,-4.697574,2.23694,-4.47388,1.342164,0,0.894776,-1.4,-0.8,1.6,-136.1,223.9,223.9,Tripod,Other,,22,5,True,,True,False,,Smart,RC,False,True,False,,,True,,False,False,False,False,False,False,False,False,False,False,0,Follow Yaw,-77.9,0,-144.1,215.9,False,False,False,False,False,,0,0,False,False,No Card,100,100,1024,1383,1024,1048,2,False,False,False,False,False,0,False,False,False,False,77,,46.92,,3839,,4986,,46.92,,True,3.914,3.914,3.914,3.914,3.914,3.914,3.914,3.914,3.914,3.914,3.914,3.914,0,,False,False,True,,,,,,,,,,,,,,,False,False,9.556,,98.6,,75.7,,98.6,,1464,92,7,20,7,144277.6,19237.02,,Idle,,20,,10,,,20,Go Home,False,False,False,False,False,False,False,False,False,False,False,False,33.8027920380556,-117.4659261431046,2970.7,2972.0,1049.4,396.9,True,1,1,False,False,False,False,,True,False,False,Course Lock,196.8,67,16.4,93,E,SW,2.68,11.4,Calm,False,False,Android,7.0.2,M300 RTK,1ZN7L4R0H1D00F,1W9DL31001461C,1ZMLH8300204F0,1Z6PH74DAP0QN7,"Corona, CA",728.3,5.7,137.7,8.547347,2.013246,0,0,DJI Matrice 300 RTK,M300 RTK,1ZN7L4R0H1D00F,1W9DL31001461C,1ZMLH8300204F0,1Z6PH74DAP0QN7,DJI Pilot,Android,7.0.2,1EF72A62-B7C3-C88D-164E-CE6F8C8424AE,1ZN7L4R0H1D00F,1W9DL31001461C,,1ZMLH8300204F0,1W9DL31001461C,,,,,
2023-11-01,11:31:26.96 AM,7m 4.6s,424.6,33.7991520011213,-117.474695600796,74.1,137.7,16.7,1338,3437.1,6.487126,7.161702,-4.697574,2.23694,-4.47388,1.342164,0,0.894776,-1.3,-0.9,1.5,-136.1,223.9,224.1,Tripod,Other,,22,5,True,,True,False,,Smart,RC,False,True,False,,,True,,False,False,False,False,False,False,False,False,False,False,0,Follow Yaw,-77.9,0,-144.1,215.9,False,False,False,False,False,,0,0,False,False,No Card,100,100,1024,1382,1024,1034,2,False,False,False,False,False,0,False,False,False,False,77,,46.92,,3839,,4986,,46.92,,True,3.914,3.914,3.914,3.914,3.914,3.914,3.914,3.914,3.914,3.914,3.914,3.914,0,,False,False,True,,,,,,,,,,,,,,,False,False,9.556,,98.6,,75.7,,98.6,,1464,92,7,20,7,144277.6,19237.02,,Idle,,20,,10,,,20,Go Home,False,False,False,False,False,False,False,False,False,False,False,False,33.8027920380556,-117.4659261431046,2971.6,2972.0,1049.4,396.9,True,1,1,False,False,False,False,,True,False,False,Course Lock,196.8,67,16.4,93,E,SW,2.68,11.4,Calm,False,False,Android,7.0.2,M300 RTK,1ZN7L4R0H1D00F,1W9DL31001461C,1ZMLH8300204F0,1Z6PH74DAP0QN7,"Corona, CA",728.3,5.7,137.7,8.547347,2.013246,0,0,DJI Matrice 300 RTK,M300 RTK,1ZN7L4R0H1D00F,1W9DL31001461C,1ZMLH8300204F0,1Z6PH74DAP0QN7,DJI Pilot,Android,7.0.2,1EF72A62-B7C3-C88D-164E-CE6F8C8424AE,1ZN7L4R0H1D00F,1W9DL31001461C,,1ZMLH8300204F0,1W9DL31001461C,,,,,
2023-11-01,11:31:27.07 AM,7m 4.7s,424.7,33.7991500931822,-117.4746978485974,74.1,137.7,16.7,1338,3438.1,6.487126,7.161702,-4.697574,2.23694,-4.47388,1.342164,0,0.894776,-1.2,-1,1.5,-136.2,223.8,224.3,Tripod,Other,,22,5,True,,True,False,,Smart,RC,False,True,False,,,True,,False,False,False,False,False,False,False,False,False,False,0,Follow Yaw,-77.9,0,-144,216,False,False,False,False,False,,0,0,False,False,No Card,100,100,1024,1382,1024,1034,2,False,False,False,False,False,0,False,False,False,False,77,,46.92,,3839,,4986,,46.92,,True,3.914,3.914,3.914,3.914,3.914,3.914,3.914,3.914,3.914,3.914,3.914,3.914,0,,False,False,True,,,,,,,,,,,,,,,False,False,9.556,,98.6,,75.7,,98.6,,1464,92,7,20,7,144277.6,19237.02,,Idle,,20,,10,,,20,Go Home,False,False,False,False,False,False,False,False,False,False,False,False,33.8027920380556,-117.4659261431046,2972.5,2972.5,1049.4,396.9,True,1,1,False,False,False,False,,True,False,False,Course Lock,196.8,67,16.4,93,E,SW,2.68,11.4,Calm,False,False,Android,7.0.2,M300 RTK,1ZN7L4R0H1D00F,1W9DL31001461C,1ZMLH8300204F0,1Z6PH74DAP0QN7,"Corona, CA",728.3,5.7,137.7,8.547347,2.013246,0,0,DJI Matrice 300 RTK,M300 RTK,1ZN7L4R0H1D00F,1W9DL31001461C,1ZMLH8300204F0,1Z6PH74DAP0QN7,DJI Pilot,Android,7.0.2,1EF72A62-B7C3-C88D-164E-CE6F8C8424AE,1ZN7L4R0H1D00F,1W9DL31001461C,,1ZMLH8300204F0,1W9DL31001461C,,,,,
2023-11-01,11:31:27.17 AM,7m 4.8s,424.8,33.7991481578302,-117.474700094502,74.1,137.7,16.7,1338,3439.1,6.487126,7.161702,-4.697574,2.23694,-4.47388,1.342164,0,0.894776,-1.3,-1.3,1.8,-136.2,223.8,223.9,Tripod,Other,,22,5,True,,True,False,,Smart,RC,False,True,False,,,True,,False,False,False,False,False,False,False,False,False,False,0,Follow Yaw,-77.9,0,-144,216,False,False,False,False,False,,0,0,False,False,No Card,100,100,1024,1382,1024,1033,2,False,False,False,False,False,0,False,False,False,False,77,,46.92,,3839,,4986,,46.92,,True,3.914,3.914,3.914,3.914,3.914,3.914,3.914,3.914,3.914,3.914,3.914,3.914,0,,False,False,True,,,,,,,,,,,,,,,False,False,9.556,,98.6,,75.7,,98.6,,1464,92,7,20,7,144277.6,19237.02,,Idle,,20,,10,,,20,Go Home,False,False,False,False,False,False,False,False,False,False,False,False,33.8027920380556,-117.4659261431046,2973.5,2973.5,1049.4,396.9,True,1,1,False,False,False,False,,True,False,False,Course Lock,196.8,67,16.4,93,E,SW,2.68,11.4,Calm,False,False,Android,7.0.2,M300 RTK,1ZN7L4R0H1D00F,1W9DL31001461C,1ZMLH8300204F0,1Z6PH74DAP0QN7,"Corona, CA",728.3,5.7,137.7,8.547347,2.013246,0,0,DJI Matrice 300 RTK,M300 RTK,1ZN7L4R0H1D00F,1W9DL31001461C,1ZMLH8300204F0,1Z6PH74DAP0QN7,DJI Pilot,Android,7.0.2,1EF72A62-B7C3-C88D-164E-CE6F8C8424AE,1ZN7L4R0H1D00F,1W9DL31001461C,,1ZMLH8300204F0,1W9DL31001461C,,,,,
2023-11-01,11:31:27.27 AM,7m 4.9s,424.9,33.7991462871726,-117.4747023102446,74.1,137.7,16.7,1338,3440.0,6.487126,7.161702,-4.697574,2.23694,-4.47388,1.342164,0,0.894776,-1.7,-1.3,2.1,-136.2,223.8,224.5,Tripod,Other,,22,5,True,,True,False,,Smart,RC,False,True,False,,,True,,False,False,False,False,False,False,False,False,False,False,0,Follow Yaw,-77.9,0,-144,216,False,False,False,False,False,,0,0,False,False,No Card,100,100,1024,1381,1024,1024,2,False,False,False,False,False,0,False,False,False,False,77,,46.92,,3839,,4986,,46.92,,True,3.914,3.914,3.914,3.914,3.914,3.914,3.914,3.914,3.914,3.914,3.914,3.914,0,,False,False,True,,,,,,,,,,,,,,,False,False,9.556,,98.6,,75.7,,98.6,,1464,92,7,20,7,144277.6,19237.02,,Idle,,20,,10,,,20,Go Home,False,False,False,False,False,False,False,False,False,False,False,False,33.8027920380556,-117.4659261431046,2974.4,2974.4,1049.4,396.9,True,1,1,False,False,False,False,,True,False,False,Course Lock,196.8,67,16.4,93,E,SW,2.68,11.4,Calm,False,False,Android,7.0.2,M300 RTK,1ZN7L4R0H1D00F,1W9DL31001461C,1ZMLH8300204F0,1Z6PH74DAP0QN7,"Corona, CA",728.3,5.7,137.7,8.547347,2.013246,0,0,DJI Matrice 300 RTK,M300 RTK,1ZN7L4R0H1D00F,1W9DL31001461C,1ZMLH8300204F0,1Z6PH74DAP0QN7,DJI Pilot,Android,7.0.2,1EF72A62-B7C3-C88D-164E-CE6F8C8424AE,1ZN7L4R0H1D00F,1W9DL31001461C,,1ZMLH8300204F0,1W9DL31001461C,,,,,
2023-11-01,11:31:27.38 AM,7m 5.0s,425.0,33.7991443471604,-117.4747045312857,74.1,137.7,16.7,1338,3441.0,6.487126,7.161702,-4.697574,2.23694,-4.47388,1.342164,0,0.894776,-2.1,-1,2.3,-136,224,223.5,Tripod,Other,,22,5,True,,True,False,,Smart,RC,False,True,False,,,True,,False,False,False,False,False,False,False,False,False,False,0,Follow Yaw,-77.9,0,-144,216,False,False,False,False,False,,0,0,False,False,No Card,100,100,1024,1381,1024,1024,2,False,False,False,False,False,0,False,False,False,False,77,,46.992,,7733,,10044,,46.992,,True,3.914,3.914,3.914,3.914,3.914,3.914,3.914,3.914,3.914,3.914,3.914,3.914,0,,False,False,True,,,,,,,,,,,,,,,False,False,19.006,,98.6,,75.7,,98.6,,1464,92,7,20,7,144277.6,19237.02,,Idle,,20,,10,,,20,Go Home,False,False,False,False,False,False,False,False,False,False,False,False,33.8027920380556,-117.4659261431046,2975.3,2975.3,1049.4,396.9,True,1,1,False,False,False,False,,True,False,False,Course Lock,196.8,67,16.4,93,E,SW,2.68,11.4,Calm,False,False,Android,7.0.2,M300 RTK,1ZN7L4R0H1D00F,1W9DL31001461C,1ZMLH8300204F0,1Z6PH74DAP0QN7,"Corona, CA",728.3,5.7,137.7,8.547347,2.013246,0,0,DJI Matrice 300 RTK,M300 RTK,1ZN7L4R0H1D00F,1W9DL31001461C,1ZMLH8300204F0,1Z6PH74DAP0QN7,DJI Pilot,Android,7.0.2,1EF72A62-B7C3-C88D-164E-CE6F8C8424AE,1ZN7L4R0H1D00F,1W9DL31001461C,,1ZMLH8300204F0,1W9DL31001461C,,,,,
2023-11-01,11:31:27.48 AM,7m 5.1s,425.1,33.7991421692041,-117.474706723876,74.1,137.7,16.7,1338,3442.0,6.487126,7.161702,-4.697574,2.23694,-4.47388,1.342164,0,0.894776,-2.5,-0.7,2.5,-135.9,224.1,219.9,Tripod,Other,,22,5,True,,True,False,,Smart,RC,False,True,False,,,True,,False,False,False,False,False,False,False,False,False,False,0,Follow Yaw,-77.9,0,-144,216,False,False,False,False,False,,0,0,False,False,No Card,100,100,1024,1385,1024,1074,2,False,False,False,False,False,0,False,False,False,False,77,,46.992,,7733,,10044,,46.992,,True,3.914,3.914,3.914,3.914,3.914,3.914,3.914,3.914,3.914,3.914,3.914,3.914,0,,False,False,True,,,,,,,,,,,,,,,False,False,19.006,,98.6,,75.7,,98.6,,1464,92,7,20,7,144277.6,19237.02,,Idle,,20,,10,,,20,Go Home,False,False,False,False,False,False,False,False,False,False,False,False,33.8027920380556,-117.4659261431046,2976.2,2976.2,1049.4,396.9,True,1,1,False,False,False,False,,True,False,False,Course Lock,196.8,67,16.4,93,E,SW,2.68,11.4,Calm,False,False,Android,7.0.2,M300 RTK,1ZN7L4R0H1D00F,1W9DL31001461C,1ZMLH8300204F0,1Z6PH74DAP0QN7,"Corona, CA",728.3,5.7,137.7,8.547347,2.013246,0,0,DJI Matrice 300 RTK,M300 RTK,1ZN7L4R0H1D00F,1W9DL31001461C,1ZMLH8300204F0,1Z6PH74DAP0QN7,DJI Pilot,Android,7.0.2,1EF72A62-B7C3-C88D-164E-CE6F8C8424AE,1ZN7L4R0H1D00F,1W9DL31001461C,,1ZMLH8300204F0,1W9DL31001461C,,,,,
2023-11-01,11:31:27.54 AM,7m 5.2s,425.2,33.7991400967875,-117.4747090635859,74.1,137.7,17.0,1338,3443.1,6.487126,7.161702,-4.697574,2.23694,-4.47388,1.342164,0,0.894776,-2.6,-0.5,2.6,-135.8,224.2,223.1,Tripod,Other,,22,5,True,,True,False,,Smart,RC,False,True,False,,,True,,False,False,False,False,False,False,False,False,False,False,0,Follow Yaw,-77.9,0,-144,216,False,False,False,False,False,,0,0,False,False,No Card,100,100,1024,1385,1024,1096,2,False,False,False,False,False,0,False,False,False,False,77,,46.992,,7733,,10044,,46.992,,True,3.914,3.914,3.914,3.914,3.914,3.914,3.914,3.914,3.914,3.914,3.914,3.914,0,,False,False,True,,,,,,,,,,,,,,,False,False,19.006,,98.6,,75.7,,98.6,,1464,92,7,20,7,144277.6,19237.02,,Idle,,20,,10,,,20,Go Home,False,False,False,False,False,False,False,False,False,False,False,False,33.8027920380556,-117.4659261431046,2977.2,2977.2,1049.4,396.9,True,1,1,False,False,False,False,,True,False,False,Course Lock,196.8,67,16.4,93,E,SW,2.68,11.4,Calm,False,False,Android,7.0.2,M300 RTK,1ZN7L4R0H1D00F,1W9DL31001461C,1ZMLH8300204F0,1Z6PH74DAP0QN7,"Corona, CA",728.3,5.7,137.7,8.547347,2.013246,0,0,DJI Matrice 300 RTK,M300 RTK,1ZN7L4R0H1D00F,1W9DL31001461C,1ZMLH8300204F0,1Z6PH74DAP0QN7,DJI Pilot,Android,7.0.2,1EF72A62-B7C3-C88D-164E-CE6F8C8424AE,1ZN7L4R0H1D00F,1W9DL31001461C,,1ZMLH8300204F0,1W9DL31001461C,,,,,
2023-11-01,11:31:27.64 AM,7m 5.3s,425.3,33.7991383777234,-117.4747112297252,74.1,137.7,17.0,1338,3444.0,6.487126,7.161702,-4.697574,2.23694,-4.47388,1.342164,0,0.894776,-2.4,-0.5,2.4,-135.7,224.3,226.3,Tripod,Other,,22,5,True,,True,False,,Smart,RC,False,True,False,,,True,,False,False,False,False,False,False,False,False,False,False,0,Follow Yaw,-77.9,0,-144,216,False,False,False,False,False,,0,0,False,False,No Card,100,100,1024,1385,1024,1049,2,False,False,False,False,False,0,False,False,False,False,77,,46.992,,7733,,10044,,46.992,,True,3.912,3.912,3.912,3.912,3.912,3.912,3.912,3.912,3.912,3.912,3.912,3.912,0,,False,False,True,,,,,,,,,,,,,,,False,False,19.006,,98.6,,75.7,,98.6,,1462,93,7,20,7,144443.2,19259.09,,Idle,,20,,10,,,20,Go Home,False,False,False,False,False,False,False,False,False,False,False,False,33.8027920380556,-117.4659261431046,2978.1,2978.1,1049.4,396.9,True,1,1,False,False,False,False,,True,False,False,Course Lock,196.8,67,16.4,93,E,SW,2.68,11.4,Calm,False,False,Android,7.0.2,M300 RTK,1ZN7L4R0H1D00F,1W9DL31001461C,1ZMLH8300204F0,1Z6PH74DAP0QN7,"Corona, CA",728.3,5.7,137.7,8.547347,2.013246,0,0,DJI Matrice 300 RTK,M300 RTK,1ZN7L4R0H1D00F,1W9DL31001461C,1ZMLH8300204F0,1Z6PH74DAP0QN7,DJI Pilot,Android,7.0.2,1EF72A62-B7C3-C88D-164E-CE6F8C8424AE,1ZN7L4R0H1D00F,1W9DL31001461C,,1ZMLH8300204F0,1W9DL31001461C,,,,,
2023-11-01,11:31:27.74 AM,7m 5.4s,425.4,33.7991364105724,-117.4747134887213,74.1,137.7,17.0,1338,3445.0,6.487126,7.161702,-4.697574,2.23694,-4.47388,1.342164,0,0.894776,-2.1,-0.5,2.1,-135.7,224.3,223.6,Tripod,Other,,22,5,True,,True,False,,Smart,RC,False,True,False,,,True,,False,False,False,False,False,False,False,False,False,False,0,Follow Yaw,-77.9,0,-143.9,216.1,False,False,False,False,False,,0,0,False,False,No Card,100,100,1024,1384,1024,1024,2,False,False,False,False,False,0,False,False,False,False,77,,46.992,,7733,,10044,,46.992,,True,3.912,3.912,3.912,3.912,3.912,3.912,3.912,3.912,3.912,3.912,3.912,3.912,0,,False,False,True,,,,,,,,,,,,,,,False,False,19.006,,98.6,,75.7,,98.6,,1462,93,7,20,7,144443.2,19259.09,,Idle,,20,,10,,,20,Go Home,False,False,False,False,False,False,False,False,False,False,False,False,33.8027920380556,-117.4659261431046,2979.0,2979.0,1049.4,396.9,True,1,1,False,False,False,False,,True,False,False,Course Lock,196.8,67,16.4,93,E,SW,2.68,11.4,Calm,False,False,Android,7.0.2,M300 RTK,1ZN7L4R0H1D00F,1W9DL31001461C,1ZMLH8300204F0,1Z6PH74DAP0QN7,"Corona, CA",728.3,5.7,137.7,8.547347,2.013246,0,0,DJI Matrice 300 RTK,M300 RTK,1ZN7L4R0H1D00F,1W9DL31001461C,1ZMLH8300204F0,1Z6PH74DAP0QN7,DJI Pilot,Android,7.0.2,1EF72A62-B7C3-C88D-164E-CE6F8C8424AE,1ZN7L4R0H1D00F,1W9DL31001461C,,1ZMLH8300204F0,1W9DL31001461C,,,,,
2023-11-01,11:31:27.84 AM,7m 5.5s,425.5,33.7991346046094,-117.474715722421,74.1,137.7,17.0,1338,3445.9,6.643372,7.161702,-4.697574,2.23694,-4.697574,1.342164,0,0.894776,-1.8,-0.6,1.8,-135.6,224.4,225.7,Tripod,Other,,22,5,True,,True,False,,Smart,RC,False,True,False,,,True,,False,False,False,False,False,False,False,False,False,False,0,Follow Yaw,-77.9,0,-143.9,216.1,False,False,False,False,False,,0,0,False,False,No Card,100,100,1024,1385,1024,1049,2,False,False,False,False,False,0,False,False,False,False,77,,46.992,,7733,,10044,,46.992,,True,3.912,3.912,3.912,3.912,3.912,3.912,3.912,3.912,3.912,3.912,3.912,3.912,0,,False,False,True,,,,,,,,,,,,,,,False,False,19.006,,98.6,,75.7,,98.6,,1462,93,7,20,7,144443.2,19259.09,,Idle,,20,,10,,,20,Go Home,False,False,False,False,False,False,False,False,False,False,False,False,33.8027920380556,-117.4659261431046,2979.9,2979.9,1049.4,396.9,True,1,1,False,False,False,False,,True,False,False,Course Lock,196.8,67,16.4,93,E,SW,2.9,11.4,Calm,False,False,Android,7.0.2,M300 RTK,1ZN7L4R0H1D00F,1W9DL31001461C,1ZMLH8300204F0,1Z6PH74DAP0QN7,"Corona, CA",728.3,5.7,137.7,8.547347,2.013246,0,0,DJI Matrice 300 RTK,M300 RTK,1ZN7L4R0H1D00F,1W9DL31001461C,1ZMLH8300204F0,1Z6PH74DAP0QN7,DJI Pilot,Android,7.0.2,1EF72A62-B7C3-C88D-164E-CE6F8C8424AE,1ZN7L4R0H1D00F,1W9DL31001461C,,1ZMLH8300204F0,1W9DL31001461C,,,,,
2023-11-01,11:31:27.94 AM,7m 5.6s,425.6,33.7991326547285,-117.474717996158,74.1,137.7,17.0,1338,3446.9,6.643372,7.161702,-4.697574,2.23694,-4.697574,1.342164,0,0.894776,-1.5,-0.7,1.6,-135.6,224.4,224.0,Tripod,Other,,22,5,True,,True,False,,Smart,RC,False,True,False,,,True,,False,False,False,False,False,False,False,False,False,False,0,Follow Yaw,-77.9,0,-143.9,216.1,False,False,False,False,False,,0,0,False,False,No Card,100,100,1024,1384,1024,1024,2,False,False,False,False,False,0,False,False,False,False,77,,46.992,,7733,,10044,,46.992,,True,3.912,3.912,3.912,3.912,3.912,3.912,3.912,3.912,3.912,3.912,3.912,3.912,0,,False,False,True,,,,,,,,,,,,,,,False,False,19.006,,98.6,,75.7,,98.6,,1462,93,7,20,7,144443.2,19259.09,,Idle,,20,,10,,,20,Go Home,False,False,False,False,False,False,False,False,False,False,False,False,33.8027920380556,-117.4659261431046,2980.9,2980.9,1049.4,396.9,True,1,1,False,False,False,False,,True,False,False,Course Lock,196.8,67,16.4,93,E,SW,2.9,11.4,Calm,False,False,Android,7.0.2,M300 RTK,1ZN7L4R0H1D00F,1W9DL31001461C,1ZMLH8300204F0,1Z6PH74DAP0QN7,"Corona, CA",728.3,5.7,137.7,8.547347,2.013246,0,0,DJI Matrice 300 RTK,M300 RTK,1ZN7L4R0H1D00F,1W9DL31001461C,1ZMLH8300204F0,1Z6PH74DAP0QN7,DJI Pilot,Android,7.0.2,1EF72A62-B7C3-C88D-164E-CE6F8C8424AE,1ZN7L4R0H1D00F,1W9DL31001461C,,1ZMLH8300204F0,1W9DL31001461C,,,,,
2023-11-01,11:31:28.04 AM,7m 5.7s,425.7,33.7991305453044,-117.4747201924592,74.1,137.7,17.0,1338,3447.9,6.643372,7.161702,-4.697574,2.23694,-4.697574,1.342164,0,0.894776,-1.3,-0.7,1.4,-135.6,224.4,220.8,Tripod,Other,,22,5,True,,True,False,,Smart,RC,False,True,False,,,True,,False,False,False,False,False,False,False,False,False,False,0,Follow Yaw,-77.9,0,-143.9,216.1,False,False,False,False,False,,0,0,False,False,No Card,100,100,1024,1384,1024,1024,2,False,False,False,False,False,0,False,False,False,False,77,,46.932,,3839,,4986,,46.932,,True,3.912,3.912,3.912,3.912,3.912,3.912,3.912,3.912,3.912,3.912,3.912,3.912,0,,False,False,True,,,,,,,,,,,,,,,False,False,9.394,,98.6,,75.7,,98.6,,1462,93,7,20,7,144443.2,19259.09,,Idle,,20,,10,,,20,Go Home,False,False,False,False,False,False,False,False,False,False,False,False,33.8027920380556,-117.4659261431046,2981.8,2981.8,1049.4,396.9,True,1,1,False,False,False,False,,True,False,False,Course Lock,196.8,67,16.4,93,E,SW,2.9,11.4,Calm,False,False,Android,7.0.2,M300 RTK,1ZN7L4R0H1D00F,1W9DL31001461C,1ZMLH8300204F0,1Z6PH74DAP0QN7,"Corona, CA",728.3,5.7,137.7,8.547347,2.013246,0,0,DJI Matrice 300 RTK,M300 RTK,1ZN7L4R0H1D00F,1W9DL31001461C,1ZMLH8300204F0,1Z6PH74DAP0QN7,DJI Pilot,Android,7.0.2,1EF72A62-B7C3-C88D-164E-CE6F8C8424AE,1ZN7L4R0H1D00F,1W9DL31001461C,,1ZMLH8300204F0,1W9DL31001461C,,,,,
2023-11-01,11:31:28.14 AM,7m 5.8s,425.8,33.799128589941,-117.4747224588773,74.1,137.7,17.0,1338,3448.9,6.643372,7.161702,-4.697574,2.23694,-4.697574,1.342164,0,0.894776,-1.4,-0.6,1.5,-135.6,224.4,223.9,Tripod,Other,,22,5,True,,True,False,,Smart,RC,False,True,False,,,True,,False,False,False,False,False,False,False,False,False,False,0,Follow Yaw,-77.9,0,-143.9,216.1,False,False,False,False,False,,0,0,False,False,No Card,100,100,1024,1385,1024,1024,2,False,False,False,False,False,0,False,False,False,False,77,,46.932,,3839,,4986,,46.932,,True,3.912,3.912,3.912,3.912,3.912,3.912,3.912,3.912,3.912,3.912,3.912,3.912,0,,False,False,True,,,,,,,,,,,,,,,False,False,9.394,,98.6,,75.7,,98.6,,1462,93,7,20,7,144443.2,19259.09,,Idle,,20,,10,,,20,Go Home,False,False,False,False,False,False,False,False,False,False,False,False,33.8027920380556,-117.4659261431046,2982.7,2982.7,1049.4,396.9,True,1,1,False,False,False,False,,True,False,False,Course Lock,196.8,67,16.4,93,E,SW,2.9,11.4,Calm,False,False,Android,7.0.2,M300 RTK,1ZN7L4R0H1D00F,1W9DL31001461C,1ZMLH8300204F0,1Z6PH74DAP0QN7,"Corona, CA",728.3,5.7,137.7,8.547347,2.013246,0,0,DJI Matrice 300 RTK,M300 RTK,1ZN7L4R0H1D00F,1W9DL31001461C,1ZMLH8300204F0,1Z6PH74DAP0QN7,DJI Pilot,Android,7.0.2,1EF72A62-B7C3-C88D-164E-CE6F8C8424AE,1ZN7L4R0H1D00F,1W9DL31001461C,,1ZMLH8300204F0,1W9DL31001461C,,,,,
2023-11-01,11:31:28.24 AM,7m 5.9s,425.9,33.799126590991,-117.4747248391193,74.1,137.7,17.0,1338,3449.9,6.643372,7.161702,-4.697574,2.23694,-4.697574,1.342164,0,0.894776,-1.5,-0.6,1.6,-135.6,224.4,224.6,Tripod,Other,,22,5,True,,True,False,,Smart,RC,False,True,False,,,True,,False,False,False,False,False,False,False,False,False,False,0,Follow Yaw,-77.9,0,-143.9,216.1,False,False,False,False,False,,0,0,False,False,No Card,100,100,1024,1386,1024,1024,2,False,False,False,False,False,0,False,False,False,False,77,,46.932,,3839,,4986,,46.932,,True,3.912,3.912,3.912,3.912,3.912,3.912,3.912,3.912,3.912,3.912,3.912,3.912,0,,False,False,True,,,,,,,,,,,,,,,False,False,9.394,,98.6,,75.7,,98.6,,1462,93,7,20,7,144443.2,19259.09,,Idle,,20,,10,,,20,Go Home,False,False,False,False,False,False,False,False,False,False,False,False,33.8027920380556,-117.4659261431046,2983.7,2983.7,1049.4,396.9,True,1,1,False,False,False,False,,True,False,False,Course Lock,196.8,67,16.4,93,E,SW,2.9,11.4,Calm,False,False,Android,7.0.2,M300 RTK,1ZN7L4R0H1D00F,1W9DL31001461C,1ZMLH8300204F0,1Z6PH74DAP0QN7,"Corona, CA",728.3,5.7,137.7,8.547347,2.013246,0,0,DJI Matrice 300 RTK,M300 RTK,1ZN7L4R0H1D00F,1W9DL31001461C,1ZMLH8300204F0,1Z6PH74DAP0QN7,DJI Pilot,Android,7.0.2,1EF72A62-B7C3-C88D-164E-CE6F8C8424AE,1ZN7L4R0H1D00F,1W9DL31001461C,,1ZMLH8300204F0,1W9DL31001461C,,,,,
2023-11-01,11:31:28.34 AM,7m 6.0s,426.0,33.7991247463758,-117.4747269908785,74.1,137.7,17.0,1338,3450.9,6.643372,7.161702,-4.697574,2.23694,-4.697574,1.342164,0,0.894776,-1.7,-0.8,1.8,-135.7,224.3,224.1,Tripod,Other,,22,5,True,,True,False,,Smart,RC,False,True,False,,,True,,False,False,False,False,False,False,False,False,False,False,0,Follow Yaw,-77.9,0,-143.9,216.1,False,False,False,False,False,,0,0,False,False,No Card,100,100,1024,1386,1024,1024,2,False,False,False,False,False,0,False,False,False,False,77,,46.968,,7733,,10044,,46.968,,True,3.912,3.912,3.912,3.912,3.912,3.912,3.912,3.912,3.912,3.912,3.912,3.912,0,,False,False,True,,,,,,,,,,,,,,,False,False,19.132,,98.6,,75.7,,98.6,,1462,93,7,20,7,144443.2,19259.09,,Idle,,20,,10,,,20,Go Home,False,False,False,False,False,False,False,False,False,False,False,False,33.8027920380556,-117.4659261431046,2984.6,2984.6,1049.4,396.9,True,1,1,False,False,False,False,,True,False,False,Course Lock,196.8,67,16.4,93,E,SW,2.68,11.4,Calm,False,False,Android,7.0.2,M300 RTK,1ZN7L4R0H1D00F,1W9DL31001461C,1ZMLH8300204F0,1Z6PH74DAP0QN7,"Corona, CA",728.3,5.7,137.7,8.547347,2.013246,0,0,DJI Matrice 300 RTK,M300 RTK,1ZN7L4R0H1D00F,1W9DL31001461C,1ZMLH8300204F0,1Z6PH74DAP0QN7,DJI Pilot,Android,7.0.2,1EF72A62-B7C3-C88D-164E-CE6F8C8424AE,1ZN7L4R0H1D00F,1W9DL31001461C,,1ZMLH8300204F0,1W9DL31001461C,,,,,
2023-11-01,11:31:28.41 AM,7m 6.1s,426.1,33.7991228277456,-117.4747291988693,74.1,137.7,17.0,1338,3451.8,6.643372,7.161702,-4.697574,2.23694,-4.697574,1.342164,0,0.894776,-1.8,-1,2,-135.8,224.2,223.7,Tripod,Other,,22,5,True,,True,False,,Smart,RC,False,True,False,,,True,,False,False,False,False,False,False,False,False,False,False,0,Follow Yaw,-77.9,0,-143.9,216.1,False,False,False,False,False,,0,0,False,False,No Card,100,100,1024,1385,1024,1024,2,False,False,False,False,False,0,False,False,False,False,77,,46.968,,7733,,10044,,46.968,,True,3.912,3.912,3.912,3.912,3.912,3.912,3.912,3.912,3.912,3.912,3.912,3.912,0,,False,False,True,,,,,,,,,,,,,,,False,False,19.132,,98.6,,75.7,,98.6,,1462,93,7,20,7,144443.2,19259.09,,Idle,,20,,10,,,20,Go Home,False,False,False,False,False,False,False,False,False,False,False,False,33.8027920380556,-117.4659261431046,2985.5,2985.5,1049.4,396.9,True,1,1,False,False,False,False,,True,False,False,Course Lock,196.8,67,16.4,93,E,SW,2.68,11.4,Calm,False,False,Android,7.0.2,M300 RTK,1ZN7L4R0H1D00F,1W9DL31001461C,1ZMLH8300204F0,1Z6PH74DAP0QN7,"Corona, CA",728.3,5.7,137.7,8.547347,2.013246,0,0,DJI Matrice 300 RTK,M300 RTK,1ZN7L4R0H1D00F,1W9DL31001461C,1ZMLH8300204F0,1Z6PH74DAP0QN7,DJI Pilot,Android,7.0.2,1EF72A62-B7C3-C88D-164E-CE6F8C8424AE,1ZN7L4R0H1D00F,1W9DL31001461C,,1ZMLH8300204F0,1W9DL31001461C,,,,,
2023-11-01,11:31:28.52 AM,7m 6.2s,426.2,33.7991207879504,-117.4747315645767,74.1,137.7,17.0,1338,3452.9,6.643372,7.161702,-4.697574,2.23694,-4.697574,1.342164,0,0.894776,-1.9,-1.2,2.2,-135.9,224.1,223.9,Tripod,Other,,22,5,True,,True,False,,Smart,RC,False,True,False,,,True,,False,False,False,False,False,False,False,False,False,False,0,Follow Yaw,-77.9,0,-143.9,216.1,False,False,False,False,False,,0,0,False,False,No Card,100,100,1024,1385,1024,1024,2,False,False,False,False,False,0,False,False,False,False,77,,46.968,,7733,,10044,,46.968,,True,3.912,3.912,3.912,3.912,3.912,3.912,3.912,3.912,3.912,3.912,3.912,3.912,0,,False,False,True,,,,,,,,,,,,,,,False,False,19.132,,98.6,,75.7,,98.6,,1462,93,7,20,7,144443.2,19259.09,,Idle,,20,,10,,,20,Go Home,False,False,False,False,False,False,False,False,False,False,False,False,33.8027920380556,-117.4659261431046,2986.5,2986.5,1049.4,396.9,True,1,1,False,False,False,False,,True,False,False,Course Lock,196.8,67,16.4,93,E,SW,2.68,11.4,Calm,False,False,Android,7.0.2,M300 RTK,1ZN7L4R0H1D00F,1W9DL31001461C,1ZMLH8300204F0,1Z6PH74DAP0QN7,"Corona, CA",728.3,5.7,137.7,8.547347,2.013246,0,0,DJI Matrice 300 RTK,M300 RTK,1ZN7L4R0H1D00F,1W9DL31001461C,1ZMLH8300204F0,1Z6PH74DAP0QN7,DJI Pilot,Android,7.0.2,1EF72A62-B7C3-C88D-164E-CE6F8C8424AE,1ZN7L4R0H1D00F,1W9DL31001461C,,1ZMLH8300204F0,1W9DL31001461C,,,,,
2023-11-01,11:31:28.62 AM,7m 6.3s,426.3,33.7991189263391,-117.4747338219028,74.1,137.7,17.0,1338,3453.8,6.643372,7.161702,-4.697574,2.23694,-4.697574,1.342164,0,0.894776,-1.8,-1.3,2.2,-135.9,224.1,225.2,Tripod,Other,,22,5,True,,True,False,,Smart,RC,False,True,False,,,True,,False,False,False,False,False,False,False,False,False,False,0,Follow Yaw,-77.9,0,-143.9,216.1,False,False,False,False,False,,0,0,False,False,No Card,100,100,1024,1386,1024,1116,2,False,False,False,False,False,0,False,False,False,False,77,,46.968,,7733,,10044,,46.968,,True,3.914,3.914,3.914,3.914,3.914,3.914,3.914,3.914,3.914,3.914,3.914,3.914,0,,False,False,True,,,,,,,,,,,,,,,False,False,19.132,,98.6,,75.7,,98.6,,1460,93,7,20,7,144442.3,19258.97,,Idle,,20,,10,,,20,Go Home,False,False,False,False,False,False,False,False,False,False,False,False,33.8027920380556,-117.4659261431046,2987.4,2987.4,1049.4,396.9,True,1,1,False,False,False,False,,True,False,False,Course Lock,196.8,67,16.4,93,E,SW,2.68,11.4,Calm,False,False,Android,7.0.2,M300 RTK,1ZN7L4R0H1D00F,1W9DL31001461C,1ZMLH8300204F0,1Z6PH74DAP0QN7,"Corona, CA",728.3,5.7,137.7,8.547347,2.013246,0,0,DJI Matrice 300 RTK,M300 RTK,1ZN7L4R0H1D00F,1W9DL31001461C,1ZMLH8300204F0,1Z6PH74DAP0QN7,DJI Pilot,Android,7.0.2,1EF72A62-B7C3-C88D-164E-CE6F8C8424AE,1ZN7L4R0H1D00F,1W9DL31001461C,,1ZMLH8300204F0,1W9DL31001461C,,,,,
2023-11-01,11:31:28.74 AM,7m 6.4s,426.4,33.7991169622035,-117.474736073508,74.1,137.7,17.0,1338,3454.8,6.487126,7.161702,-4.697574,2.23694,-4.47388,1.342164,0,0.894776,-1.6,-1.2,2,-135.8,224.2,223.6,Tripod,Other,,22,5,True,,True,False,,Smart,RC,False,True,False,,,True,,False,False,False,False,False,False,False,False,False,False,0,Follow Yaw,-77.9,0,-143.9,216.1,False,False,False,False,False,,0,0,False,False,No Card,100,100,1024,1387,1015,1169,2,False,False,False,False,False,0,False,False,False,False,77,,46.968,,7733,,10044,,46.968,,True,3.914,3.914,3.914,3.914,3.914,3.914,3.914,3.914,3.914,3.914,3.914,3.914,0,,False,False,True,,,,,,,,,,,,,,,False,False,19.132,,98.6,,75.7,,98.6,,1460,93,7,20,7,144442.3,19258.97,,Idle,,20,,10,,,20,Go Home,False,False,False,False,False,False,False,False,False,False,False,False,33.8027920380556,-117.4659261431046,2988.3,2988.3,1049.4,396.9,True,1,1,False,False,False,False,,True,False,False,Course Lock,196.8,67,16.4,93,E,SW,2.68,11.4,Calm,False,False,Android,7.0.2,M300 RTK,1ZN7L4R0H1D00F,1W9DL31001461C,1ZMLH8300204F0,1Z6PH74DAP0QN7,"Corona, CA",728.3,5.7,137.7,8.547347,2.013246,0,0,DJI Matrice 300 RTK,M300 RTK,1ZN7L4R0H1D00F,1W9DL31001461C,1ZMLH8300204F0,1Z6PH74DAP0QN7,DJI Pilot,Android,7.0.2,1EF72A62-B7C3-C88D-164E-CE6F8C8424AE,1ZN7L4R0H1D00F,1W9DL31001461C,,1ZMLH8300204F0,1W9DL31001461C,,,,,
2023-11-01,11:31:28.82 AM,7m 6.5s,426.5,33.7991148064517,-117.4747382412656,74.1,137.7,17.0,1338,3455.9,6.487126,7.161702,-4.697574,2.23694,-4.47388,1.342164,0,0.894776,-1.6,-0.6,1.7,-135.8,224.2,219.8,Tripod,Other,,22,5,True,,True,False,,Smart,RC,False,True,False,,,True,,False,False,False,False,False,False,False,False,False,False,0,Follow Yaw,-77.9,0,-143.7,216.3,False,False,False,False,False,,0,0,False,False,No Card,100,100,1024,1387,1024,1138,2,False,False,False,False,False,0,False,False,False,False,77,,46.968,,7733,,10044,,46.968,,True,3.914,3.914,3.914,3.914,3.914,3.914,3.914,3.914,3.914,3.914,3.914,3.914,0,,False,False,True,,,,,,,,,,,,,,,False,False,19.132,,98.6,,75.7,,98.6,,1460,93,7,20,7,144442.3,19258.97,,Idle,,20,,10,,,20,Go Home,False,False,False,False,False,False,False,False,False,False,False,False,33.8027920380556,-117.4659261431046,2989.3,2989.3,1049.4,396.9,True,1,1,False,False,False,False,,True,False,False,Course Lock,196.8,67,16.4,93,E,SW,2.68,11.4,Calm,False,False,Android,7.0.2,M300 RTK,1ZN7L4R0H1D00F,1W9DL31001461C,1ZMLH8300204F0,1Z6PH74DAP0QN7,"Corona, CA",728.3,5.7,137.7,8.547347,2.013246,0,0,DJI Matrice 300 RTK,M300 RTK,1ZN7L4R0H1D00F,1W9DL31001461C,1ZMLH8300204F0,1Z6PH74DAP0QN7,DJI Pilot,Android,7.0.2,1EF72A62-B7C3-C88D-164E-CE6F8C8424AE,1ZN7L4R0H1D00F,1W9DL31001461C,,1ZMLH8300204F0,1W9DL31001461C,,,,,
2023-11-01,11:31:28.94 AM,7m 6.6s,426.6,33.799112818741,-117.4747404788927,74.1,137.7,17.0,1338,3456.9,6.487126,7.161702,-4.697574,2.23694,-4.47388,1.342164,0,0.894776,-1.7,0.2,1.7,-135.6,224.4,223.0,Tripod,Other,,22,5,True,,True,False,,Smart,RC,False,True,False,,,True,,False,False,False,False,False,False,False,False,False,False,0,Follow Yaw,-77.9,0,-143.5,216.5,False,False,False,False,False,,0,0,False,False,No Card,100,100,1024,1385,1024,1039,2,False,False,False,False,False,0,False,False,False,False,77,,46.968,,7733,,10044,,46.968,,True,3.914,3.914,3.914,3.914,3.914,3.914,3.914,3.914,3.914,3.914,3.914,3.914,0,,False,False,True,,,,,,,,,,,,,,,False,False,19.132,,98.6,,75.7,,98.6,,1460,93,7,20,7,144442.3,19258.97,,Idle,,20,,10,,,20,Go Home,False,False,False,False,False,False,False,False,False,False,False,False,33.8027920380556,-117.4659261431046,2990.2,2990.2,1049.4,396.9,True,1,1,False,False,False,False,,True,False,False,Course Lock,196.8,67,16.4,93,E,SW,2.68,11.4,Calm,False,False,Android,7.0.2,M300 RTK,1ZN7L4R0H1D00F,1W9DL31001461C,1ZMLH8300204F0,1Z6PH74DAP0QN7,"Corona, CA",728.3,5.7,137.7,8.547347,2.013246,0,0,DJI Matrice 300 RTK,M300 RTK,1ZN7L4R0H1D00F,1W9DL31001461C,1ZMLH8300204F0,1Z6PH74DAP0QN7,DJI Pilot,Android,7.0.2,1EF72A62-B7C3-C88D-164E-CE6F8C8424AE,1ZN7L4R0H1D00F,1W9DL31001461C,,1ZMLH8300204F0,1W9DL31001461C,,,,,
2023-11-01,11:31:29.03 AM,7m 6.7s,426.7,33.7991110294998,-117.474742511849,74.1,137.7,17.3,1338,3457.8,6.643372,7.161702,-4.697574,2.23694,-4.697574,1.342164,0,0.894776,-1.7,0.6,1.8,-135.5,224.5,223.3,Tripod,Other,,22,5,True,,True,False,,Smart,RC,False,True,False,,,True,,False,False,False,False,False,False,False,False,False,False,0,Follow Yaw,-77.9,0,-143.3,216.7,False,False,False,False,False,,0,0,False,False,No Card,100,100,1024,1386,1024,1024,2,False,False,False,False,False,0,False,False,False,False,77,,46.968,,7733,,10044,,46.968,,True,3.914,3.914,3.914,3.914,3.914,3.914,3.914,3.914,3.914,3.914,3.914,3.914,0,,False,False,True,,,,,,,,,,,,,,,False,False,19.132,,98.6,,75.7,,98.6,,1460,93,7,20,7,144442.3,19258.97,,Idle,,20,,10,,,20,Go Home,False,False,False,False,False,False,False,False,False,False,False,False,33.8027920380556,-117.4659261431046,2991.0,2991.0,1049.4,396.9,True,1,1,False,False,False,False,,True,False,False,Course Lock,196.8,67,16.4,93,E,SW,2.68,11.4,Calm,False,False,Android,7.0.2,M300 RTK,1ZN7L4R0H1D00F,1W9DL31001461C,1ZMLH8300204F0,1Z6PH74DAP0QN7,"Corona, CA",728.3,5.7,137.7,8.547347,2.013246,0,0,DJI Matrice 300 RTK,M300 RTK,1ZN7L4R0H1D00F,1W9DL31001461C,1ZMLH8300204F0,1Z6PH74DAP0QN7,DJI Pilot,Android,7.0.2,1EF72A62-B7C3-C88D-164E-CE6F8C8424AE,1ZN7L4R0H1D00F,1W9DL31001461C,,1ZMLH8300204F0,1W9DL31001461C,,,,,
2023-11-01,11:31:29.13 AM,7m 6.8s,426.8,33.799109075507,-117.4747447590732,74.1,137.7,17.3,1338,3458.7,6.643372,7.161702,-4.697574,2.23694,-4.697574,1.342164,0,0.894776,-1.6,0,1.6,-135.4,224.6,223.7,Tripod,Other,,22,5,True,,True,False,,Smart,RC,False,True,False,,,True,,False,False,False,False,False,False,False,False,False,False,0,Follow Yaw,-77.9,0,-143.3,216.7,False,False,False,False,False,,0,0,False,False,No Card,100,100,1024,1386,1024,1024,2,False,False,False,False,False,0,False,False,False,False,77,,46.968,,7733,,10044,,46.968,,True,3.914,3.914,3.914,3.914,3.914,3.914,3.914,3.914,3.914,3.914,3.914,3.914,0,,False,False,True,,,,,,,,,,,,,,,False,False,19.132,,98.6,,75.7,,98.6,,1460,93,7,20,7,144442.3,19258.97,,Idle,,20,,10,,,20,Go Home,False,False,False,False,False,False,False,False,False,False,False,False,33.8027920380556,-117.4659261431046,2992.0,2992.0,1049.4,396.9,True,1,1,False,False,False,False,,True,False,False,Course Lock,196.8,67,16.4,93,E,SW,2.68,11.4,Calm,False,False,Android,7.0.2,M300 RTK,1ZN7L4R0H1D00F,1W9DL31001461C,1ZMLH8300204F0,1Z6PH74DAP0QN7,"Corona, CA",728.3,5.7,137.7,8.547347,2.013246,0,0,DJI Matrice 300 RTK,M300 RTK,1ZN7L4R0H1D00F,1W9DL31001461C,1ZMLH8300204F0,1Z6PH74DAP0QN7,DJI Pilot,Android,7.0.2,1EF72A62-B7C3-C88D-164E-CE6F8C8424AE,1ZN7L4R0H1D00F,1W9DL31001461C,,1ZMLH8300204F0,1W9DL31001461C,,,,,
2023-11-01,11:31:29.24 AM,7m 6.9s,426.9,33.7991071823709,-117.4747471056999,74.1,137.7,17.3,1338,3459.7,6.643372,7.161702,-4.697574,2.23694,-4.697574,1.342164,0,0.894776,-1.6,-0.7,1.7,-135.3,224.7,225.8,Tripod,Other,,22,5,True,,True,False,,Smart,RC,False,True,False,,,True,,False,False,False,False,False,False,False,False,False,False,0,Follow Yaw,-77.9,0,-143.3,216.7,False,False,False,False,False,,0,0,False,False,No Card,100,100,1024,1385,1024,1024,2,False,False,False,False,False,0,False,False,False,False,77,,46.968,,7733,,10044,,46.968,,True,3.914,3.914,3.914,3.914,3.914,3.914,3.914,3.914,3.914,3.914,3.914,3.914,0,,False,False,True,,,,,,,,,,,,,,,False,False,19.132,,98.6,,75.7,,98.6,,1460,93,7,20,7,144442.3,19258.97,,Idle,,20,,10,,,20,Go Home,False,False,False,False,False,False,False,False,False,False,False,False,33.8027920380556,-117.4659261431046,2992.9,2992.9,1049.4,396.9,True,1,1,False,False,False,False,,True,False,False,Course Lock,196.8,67,16.4,93,E,SW,2.68,11.4,Calm,False,False,Android,7.0.2,M300 RTK,1ZN7L4R0H1D00F,1W9DL31001461C,1ZMLH8300204F0,1Z6PH74DAP0QN7,"Corona, CA",728.3,5.7,137.7,8.547347,2.013246,0,0,DJI Matrice 300 RTK,M300 RTK,1ZN7L4R0H1D00F,1W9DL31001461C,1ZMLH8300204F0,1Z6PH74DAP0QN7,DJI Pilot,Android,7.0.2,1EF72A62-B7C3-C88D-164E-CE6F8C8424AE,1ZN7L4R0H1D00F,1W9DL31001461C,,1ZMLH8300204F0,1W9DL31001461C,,,,,
2023-11-01,11:31:29.34 AM,7m 7.0s,427.0,33.7991052396174,-117.4747493624695,74.1,137.7,17.3,1338,3460.7,6.643372,7.161702,-4.697574,2.23694,-4.697574,1.342164,0,0.894776,-1.7,-0.9,1.9,-135.2,224.8,223.9,Tripod,Other,,22,5,True,,True,False,,Smart,RC,False,True,False,,,True,,False,False,False,False,False,False,False,False,False,False,0,Follow Yaw,-77.9,0,-143.3,216.7,False,False,False,False,False,,0,0,False,False,No Card,100,100,1024,1384,1024,1024,2,False,False,False,False,False,0,False,False,False,False,77,,46.944,,7733,,10044,,46.944,,True,3.914,3.914,3.914,3.914,3.914,3.914,3.914,3.914,3.914,3.914,3.914,3.914,0,,False,False,True,,,,,,,,,,,,,,,False,False,19.288,,98.6,,75.7,,98.6,,1460,93,7,20,7,144442.3,19258.97,,Idle,,20,,10,,,20,Go Home,False,False,False,False,False,False,False,False,False,False,False,False,33.8027920380556,-117.4659261431046,2993.8,2993.8,1049.4,396.9,True,1,1,False,False,False,False,,True,False,False,Course Lock,196.8,67,16.4,93,E,SW,2.68,11.4,Calm,False,False,Android,7.0.2,M300 RTK,1ZN7L4R0H1D00F,1W9DL31001461C,1ZMLH8300204F0,1Z6PH74DAP0QN7,"Corona, CA",728.3,5.7,137.7,8.547347,2.013246,0,0,DJI Matrice 300 RTK,M300 RTK,1ZN7L4R0H1D00F,1W9DL31001461C,1ZMLH8300204F0,1Z6PH74DAP0QN7,DJI Pilot,Android,7.0.2,1EF72A62-B7C3-C88D-164E-CE6F8C8424AE,1ZN7L4R0H1D00F,1W9DL31001461C,,1ZMLH8300204F0,1W9DL31001461C,,,,,
2023-11-01,11:31:29.44 AM,7m 7.1s,427.1,33.7991031817296,-117.4747518899239,74.1,137.7,17.3,1338,3461.8,6.487126,7.161702,-4.697574,2.23694,-4.47388,1.342164,0,0.894776,-1.8,-0.7,1.9,-135.1,224.9,225.5,Tripod,Other,,22,5,True,,True,False,,Smart,RC,False,True,False,,,True,,False,False,False,False,False,False,False,False,False,False,0,Follow Yaw,-77.9,0,-143.3,216.7,False,False,False,False,False,,0,0,False,False,No Card,100,100,1024,1384,1024,1024,2,False,False,False,False,False,0,False,False,False,False,77,,46.944,,7733,,10044,,46.944,,True,3.914,3.914,3.914,3.914,3.914,3.914,3.914,3.914,3.914,3.914,3.914,3.914,0,,False,False,True,,,,,,,,,,,,,,,False,False,19.288,,98.6,,75.7,,98.6,,1460,93,7,20,7,144442.3,19258.97,,Idle,,20,,10,,,20,Go Home,False,False,False,False,False,False,False,False,False,False,False,False,33.8027920380556,-117.4659261431046,2994.9,2994.9,1049.4,396.9,True,1,1,False,False,False,False,,True,False,False,Course Lock,196.8,67,16.4,93,E,SW,2.68,11.4,Calm,False,False,Android,7.0.2,M300 RTK,1ZN7L4R0H1D00F,1W9DL31001461C,1ZMLH8300204F0,1Z6PH74DAP0QN7,"Corona, CA",728.3,5.7,137.7,8.547347,2.013246,0,0,DJI Matrice 300 RTK,M300 RTK,1ZN7L4R0H1D00F,1W9DL31001461C,1ZMLH8300204F0,1Z6PH74DAP0QN7,DJI Pilot,Android,7.0.2,1EF72A62-B7C3-C88D-164E-CE6F8C8424AE,1ZN7L4R0H1D00F,1W9DL31001461C,,1ZMLH8300204F0,1W9DL31001461C,,,,,
2023-11-01,11:31:29.55 AM,7m 7.2s,427.2,33.7991011211006,-117.4747542786394,74.1,137.7,17.3,1338,3462.8,6.487126,7.161702,-4.697574,2.23694,-4.47388,1.342164,0,0.894776,-1.8,-0.4,1.8,-135,225,223.9,Tripod,Other,,22,5,True,,True,False,,Smart,RC,False,True,False,,,True,,False,False,False,False,False,False,False,False,False,False,0,Follow Yaw,-77.9,0,-143.3,216.7,False,False,False,False,False,,0,0,False,False,No Card,100,100,1024,1384,1024,1024,2,False,False,False,False,False,0,False,False,False,False,77,,46.944,,7733,,10044,,46.944,,True,3.914,3.914,3.914,3.914,3.914,3.914,3.914,3.914,3.914,3.914,3.914,3.914,0,,False,False,True,,,,,,,,,,,,,,,False,False,19.288,,98.6,,75.7,,98.6,,1460,93,7,20,7,144442.3,19258.97,,Idle,,20,,10,,,20,Go Home,False,False,False,False,False,False,False,False,False,False,False,False,33.8027920380556,-117.4659261431046,2995.8,2995.8,1049.4,396.9,True,1,1,False,False,False,False,,True,False,False,Course Lock,196.8,67,16.4,93,E,SW,2.68,11.4,Calm,False,False,Android,7.0.2,M300 RTK,1ZN7L4R0H1D00F,1W9DL31001461C,1ZMLH8300204F0,1Z6PH74DAP0QN7,"Corona, CA",728.3,5.7,137.7,8.547347,2.013246,0,0,DJI Matrice 300 RTK,M300 RTK,1ZN7L4R0H1D00F,1W9DL31001461C,1ZMLH8300204F0,1Z6PH74DAP0QN7,DJI Pilot,Android,7.0.2,1EF72A62-B7C3-C88D-164E-CE6F8C8424AE,1ZN7L4R0H1D00F,1W9DL31001461C,,1ZMLH8300204F0,1W9DL31001461C,,,,,
2023-11-01,11:31:29.65 AM,7m 7.3s,427.3,33.7990991174904,-117.4747563811662,74.1,137.7,17.3,1338,3463.8,6.643372,7.161702,-4.697574,2.23694,-4.697574,1.342164,0,0.894776,-1.8,-0.1,1.8,-135,225,221.0,Tripod,Other,,22,5,True,,True,False,,Smart,RC,False,True,False,,,True,,False,False,False,False,False,False,False,False,False,False,0,Follow Yaw,-77.9,0,-143.3,216.7,False,False,False,False,False,,0,0,False,False,No Card,100,100,1024,1385,1024,1024,2,False,False,False,False,False,0,False,False,False,False,77,,46.944,,7733,,10044,,46.944,,True,3.915,3.915,3.915,3.915,3.915,3.915,3.915,3.915,3.915,3.915,3.915,3.915,0,,False,False,True,,,,,,,,,,,,,,,False,False,19.288,,98.6,,75.7,,98.6,,1458,93,7,20,7,144369.7,19249.30,,Idle,,20,,10,,,20,Go Home,False,False,False,False,False,False,False,False,False,False,False,False,33.8027920380556,-117.4659261431046,2996.7,2996.7,1049.4,396.9,True,1,1,False,False,False,False,,True,False,False,Course Lock,196.8,67,16.4,93,E,SW,2.68,11.4,Calm,False,False,Android,7.0.2,M300 RTK,1ZN7L4R0H1D00F,1W9DL31001461C,1ZMLH8300204F0,1Z6PH74DAP0QN7,"Corona, CA",728.3,5.7,137.7,8.547347,2.013246,0,0,DJI Matrice 300 RTK,M300 RTK,1ZN7L4R0H1D00F,1W9DL31001461C,1ZMLH8300204F0,1Z6PH74DAP0QN7,DJI Pilot,Android,7.0.2,1EF72A62-B7C3-C88D-164E-CE6F8C8424AE,1ZN7L4R0H1D00F,1W9DL31001461C,,1ZMLH8300204F0,1W9DL31001461C,,,,,
2023-11-01,11:31:29.75 AM,7m 7.4s,427.4,33.799097145131,-117.474758661717,74.1,137.7,17.3,1338,3464.8,6.643372,7.161702,-4.697574,2.23694,-4.697574,1.342164,0,0.894776,-1.7,-0.3,1.7,-135.1,224.9,223.8,Tripod,Other,,22,5,True,,True,False,,Smart,RC,False,True,False,,,True,,False,False,False,False,False,False,False,False,False,False,0,Follow Yaw,-77.9,0,-143.3,216.7,False,False,False,False,False,,0,0,False,False,No Card,100,100,1024,1383,975,1024,2,False,False,False,False,False,0,False,False,False,False,77,,46.944,,7733,,10044,,46.944,,True,3.915,3.915,3.915,3.915,3.915,3.915,3.915,3.915,3.915,3.915,3.915,3.915,0,,False,False,True,,,,,,,,,,,,,,,False,False,19.288,,98.6,,75.7,,98.6,,1458,93,7,20,7,144369.7,19249.30,,Idle,,20,,10,,,20,Go Home,False,False,False,False,False,False,False,False,False,False,False,False,33.8027920380556,-117.4659261431046,2997.7,2997.7,1049.4,396.9,True,1,1,False,False,False,False,,True,False,False,Course Lock,196.8,67,16.4,93,E,SW,2.68,11.4,Calm,False,False,Android,7.0.2,M300 RTK,1ZN7L4R0H1D00F,1W9DL31001461C,1ZMLH8300204F0,1Z6PH74DAP0QN7,"Corona, CA",728.3,5.7,137.7,8.547347,2.013246,0,0,DJI Matrice 300 RTK,M300 RTK,1ZN7L4R0H1D00F,1W9DL31001461C,1ZMLH8300204F0,1Z6PH74DAP0QN7,DJI Pilot,Android,7.0.2,1EF72A62-B7C3-C88D-164E-CE6F8C8424AE,1ZN7L4R0H1D00F,1W9DL31001461C,,1ZMLH8300204F0,1W9DL31001461C,,,,,
2023-11-01,11:31:29.85 AM,7m 7.5s,427.5,33.7990953706928,-117.4747608786245,74.1,137.7,17.3,1338,3465.7,6.643372,7.161702,-4.697574,2.23694,-4.697574,1.342164,0,0.894776,-1.7,-0.7,1.8,-135.2,224.8,226.0,Tripod,Other,,22,5,True,,True,False,,Smart,RC,False,True,False,,,True,,False,False,False,False,False,False,False,False,False,False,0,Follow Yaw,-77.9,0,-143.3,216.7,False,False,False,False,False,,0,0,False,False,No Card,100,100,1024,1383,919,1024,2,False,False,False,False,False,0,False,False,False,False,77,,46.944,,7733,,10044,,46.944,,True,3.915,3.915,3.915,3.915,3.915,3.915,3.915,3.915,3.915,3.915,3.915,3.915,0,,False,False,True,,,,,,,,,,,,,,,False,False,19.288,,98.6,,75.7,,98.6,,1458,93,7,20,7,144369.7,19249.30,,Idle,,20,,10,,,20,Go Home,False,False,False,False,False,False,False,False,False,False,False,False,33.8027920380556,-117.4659261431046,2998.6,2998.6,1049.4,396.9,True,1,1,False,False,False,False,,True,False,False,Course Lock,196.8,67,16.4,93,E,SW,2.68,11.4,Calm,False,False,Android,7.0.2,M300 RTK,1ZN7L4R0H1D00F,1W9DL31001461C,1ZMLH8300204F0,1Z6PH74DAP0QN7,"Corona, CA",728.3,5.7,137.7,8.547347,2.013246,0,0,DJI Matrice 300 RTK,M300 RTK,1ZN7L4R0H1D00F,1W9DL31001461C,1ZMLH8300204F0,1Z6PH74DAP0QN7,DJI Pilot,Android,7.0.2,1EF72A62-B7C3-C88D-164E-CE6F8C8424AE,1ZN7L4R0H1D00F,1W9DL31001461C,,1ZMLH8300204F0,1W9DL31001461C,,,,,
2023-11-01,11:31:29.95 AM,7m 7.6s,427.6,33.7990934128622,-117.4747631504544,74.1,137.7,17.3,1338,3466.7,6.643372,7.161702,-4.697574,2.23694,-4.697574,1.342164,0,0.894776,-1.8,-0.8,1.9,-135.2,224.8,223.9,Tripod,Other,,22,5,True,,True,False,,Smart,RC,False,True,False,,,True,,False,False,False,False,False,False,False,False,False,False,0,Follow Yaw,-77.9,0,-143.3,216.7,False,False,False,False,False,,0,0,False,False,No Card,100,100,1024,1381,916,1024,2,False,False,False,False,False,0,False,False,False,False,77,,46.944,,7733,,10044,,46.944,,True,3.915,3.915,3.915,3.915,3.915,3.915,3.915,3.915,3.915,3.915,3.915,3.915,0,,False,False,True,,,,,,,,,,,,,,,False,False,19.288,,98.6,,75.7,,98.6,,1458,93,7,20,7,144369.7,19249.30,,Idle,,20,,10,,,20,Go Home,False,False,False,False,False,False,False,False,False,False,False,False,33.8027920380556,-117.4659261431046,2999.5,2999.5,1049.4,396.9,True,1,1,False,False,False,False,,True,False,False,Course Lock,196.8,67,16.4,93,E,SW,2.68,11.4,Calm,False,False,Android,7.0.2,M300 RTK,1ZN7L4R0H1D00F,1W9DL31001461C,1ZMLH8300204F0,1Z6PH74DAP0QN7,"Corona, CA",728.3,5.7,137.7,8.547347,2.013246,0,0,DJI Matrice 300 RTK,M300 RTK,1ZN7L4R0H1D00F,1W9DL31001461C,1ZMLH8300204F0,1Z6PH74DAP0QN7,DJI Pilot,Android,7.0.2,1EF72A62-B7C3-C88D-164E-CE6F8C8424AE,1ZN7L4R0H1D00F,1W9DL31001461C,,1ZMLH8300204F0,1W9DL31001461C,,,,,
2023-11-01,11:31:30.06 AM,7m 7.7s,427.7,33.7990914791549,-117.474765379639,74.1,137.7,17.3,1338,3467.7,6.643372,7.161702,-4.697574,2.23694,-4.697574,1.342164,0,0.894776,-1.9,-0.7,2,-135.2,224.8,223.7,Tripod,Other,,22,5,True,,True,False,,Smart,RC,False,True,False,,,True,,False,False,False,False,False,False,False,False,False,False,0,Follow Yaw,-77.9,0,-143.3,216.7,False,False,False,False,False,,0,0,False,False,No Card,100,100,1024,1384,961,1024,2,False,False,False,False,False,0,False,False,False,False,77,,46.944,,7733,,10044,,46.944,,True,3.915,3.915,3.915,3.915,3.915,3.915,3.915,3.915,3.915,3.915,3.915,3.915,0,,False,False,True,,,,,,,,,,,,,,,False,False,19.288,,98.6,,75.7,,98.6,,1458,93,7,20,7,144369.7,19249.30,,Idle,,20,,10,,,20,Go Home,False,False,False,False,False,False,False,False,False,False,False,False,33.8027920380556,-117.4659261431046,3000.4,3000.4,1049.4,396.9,True,1,1,False,False,False,False,,True,False,False,Course Lock,196.8,67,16.4,93,E,SW,2.68,11.4,Calm,False,False,Android,7.0.2,M300 RTK,1ZN7L4R0H1D00F,1W9DL31001461C,1ZMLH8300204F0,1Z6PH74DAP0QN7,"Corona, CA",728.3,5.7,137.7,8.547347,2.013246,0,0,DJI Matrice 300 RTK,M300 RTK,1ZN7L4R0H1D00F,1W9DL31001461C,1ZMLH8300204F0,1Z6PH74DAP0QN7,DJI Pilot,Android,7.0.2,1EF72A62-B7C3-C88D-164E-CE6F8C8424AE,1ZN7L4R0H1D00F,1W9DL31001461C,,1ZMLH8300204F0,1W9DL31001461C,,,,,
2023-11-01,11:31:30.16 AM,7m 7.8s,427.8,33.7990895218726,-117.4747676482838,74.1,137.7,17.3,1338,3468.7,6.643372,7.161702,-4.697574,2.23694,-4.697574,1.342164,0,0.894776,-2.2,-0.5,2.2,-135.2,224.8,223.9,Tripod,Other,,22,5,True,,True,False,,Smart,RC,False,True,False,,,True,,False,False,False,False,False,False,False,False,False,False,0,Follow Yaw,-77.9,0,-143.3,216.7,False,False,False,False,False,,0,0,False,False,No Card,100,100,1024,1385,950,1024,2,False,False,False,False,False,0,False,False,False,False,77,,46.944,,7733,,10044,,46.944,,True,3.915,3.915,3.915,3.915,3.915,3.915,3.915,3.915,3.915,3.915,3.915,3.915,0,,False,False,True,,,,,,,,,,,,,,,False,False,19.288,,98.6,,75.7,,98.6,,1458,93,7,20,7,144369.7,19249.30,,Idle,,20,,10,,,20,Go Home,False,False,False,False,False,False,False,False,False,False,False,False,33.8027920380556,-117.4659261431046,3001.4,3001.4,1049.4,396.9,True,1,1,False,False,False,False,,True,False,False,Course Lock,196.8,67,16.4,93,E,SW,2.68,11.4,Calm,False,False,Android,7.0.2,M300 RTK,1ZN7L4R0H1D00F,1W9DL31001461C,1ZMLH8300204F0,1Z6PH74DAP0QN7,"Corona, CA",728.3,5.7,137.7,8.547347,2.013246,0,0,DJI Matrice 300 RTK,M300 RTK,1ZN7L4R0H1D00F,1W9DL31001461C,1ZMLH8300204F0,1Z6PH74DAP0QN7,DJI Pilot,Android,7.0.2,1EF72A62-B7C3-C88D-164E-CE6F8C8424AE,1ZN7L4R0H1D00F,1W9DL31001461C,,1ZMLH8300204F0,1W9DL31001461C,,,,,
2023-11-01,11:31:30.27 AM,7m 7.9s,427.9,33.7990874209465,-117.4747701731199,74.1,137.7,17.3,1338,3469.8,6.643372,7.161702,-4.697574,2.23694,-4.697574,1.342164,0,0.894776,-2.2,-0.5,2.2,-135.2,224.8,224.9,Tripod,Other,,22,5,True,,True,False,,Smart,RC,False,True,False,,,True,,False,False,False,False,False,False,False,False,False,False,0,Follow Yaw,-77.9,0,-143.3,216.7,False,False,False,False,False,,0,0,False,False,No Card,100,100,1024,1383,913,1024,2,False,False,False,False,False,0,False,False,False,False,77,,46.944,,7733,,10044,,46.944,,True,3.915,3.915,3.915,3.915,3.915,3.915,3.915,3.915,3.915,3.915,3.915,3.915,0,,False,False,True,,,,,,,,,,,,,,,False,False,19.288,,98.6,,75.7,,98.6,,1458,93,7,20,7,144369.7,19249.30,,Idle,,20,,10,,,20,Go Home,False,False,False,False,False,False,False,False,False,False,False,False,33.8027920380556,-117.4659261431046,3002.4,3002.4,1049.4,396.9,True,1,1,False,False,False,False,,True,False,False,Course Lock,196.8,67,16.4,93,E,SW,2.68,11.4,Calm,False,False,Android,7.0.2,M300 RTK,1ZN7L4R0H1D00F,1W9DL31001461C,1ZMLH8300204F0,1Z6PH74DAP0QN7,"Corona, CA",728.3,5.7,137.7,8.547347,2.013246,0,0,DJI Matrice 300 RTK,M300 RTK,1ZN7L4R0H1D00F,1W9DL31001461C,1ZMLH8300204F0,1Z6PH74DAP0QN7,DJI Pilot,Android,7.0.2,1EF72A62-B7C3-C88D-164E-CE6F8C8424AE,1ZN7L4R0H1D00F,1W9DL31001461C,,1ZMLH8300204F0,1W9DL31001461C,,,,,
2023-11-01,11:31:30.37 AM,7m 8.0s,428.0,33.7990853452404,-117.4747725975639,74.1,137.7,17.3,1338,3470.8,6.643372,7.161702,-4.697574,2.23694,-4.697574,1.342164,0,0.894776,-2.1,-0.6,2.1,-135.1,224.9,224.1,Tripod,Other,,22,5,True,,True,False,,Smart,RC,False,True,False,,,True,,False,False,False,False,False,False,False,False,False,False,0,Follow Yaw,-77.9,0,-143.3,216.7,False,False,False,False,False,,0,0,False,False,No Card,100,100,1024,1382,905,1024,2,False,False,False,False,False,0,False,False,False,False,77,,46.956,,7733,,10044,,46.956,,True,3.915,3.915,3.915,3.915,3.915,3.915,3.915,3.915,3.915,3.915,3.915,3.915,0,,False,False,True,,,,,,,,,,,,,,,False,False,19.096,,98.7,,75.7,,98.7,,1458,93,7,20,7,144369.7,19249.30,,Idle,,20,,10,,,20,Go Home,False,False,False,False,False,False,False,False,False,False,False,False,33.8027920380556,-117.4659261431046,3003.4,3003.4,1049.4,396.9,True,1,1,False,False,False,False,,True,False,False,Course Lock,196.8,67,16.4,93,E,SW,2.9,11.4,Calm,False,False,Android,7.0.2,M300 RTK,1ZN7L4R0H1D00F,1W9DL31001461C,1ZMLH8300204F0,1Z6PH74DAP0QN7,"Corona, CA",728.3,5.7,137.7,8.547347,2.013246,0,0,DJI Matrice 300 RTK,M300 RTK,1ZN7L4R0H1D00F,1W9DL31001461C,1ZMLH8300204F0,1Z6PH74DAP0QN7,DJI Pilot,Android,7.0.2,1EF72A62-B7C3-C88D-164E-CE6F8C8424AE,1ZN7L4R0H1D00F,1W9DL31001461C,,1ZMLH8300204F0,1W9DL31001461C,,,,,
2023-11-01,11:31:30.47 AM,7m 8.1s,428.1,33.7990835178953,-117.4747748330881,74.1,137.7,17.3,1338,3471.8,6.643372,7.161702,-4.697574,2.23694,-4.697574,1.342164,0,0.894776,-2,-0.6,2,-135.1,224.9,225.4,Tripod,Other,,22,5,True,,True,False,,Smart,RC,False,True,False,,,True,,False,False,False,False,False,False,False,False,False,False,0,Follow Yaw,-77.9,0,-143.3,216.7,False,False,False,False,False,,0,0,False,False,No Card,100,100,1024,1385,918,1024,2,False,False,False,False,False,0,False,False,False,False,77,,46.956,,7733,,10044,,46.956,,True,3.915,3.915,3.915,3.915,3.915,3.915,3.915,3.915,3.915,3.915,3.915,3.915,0,,False,False,True,,,,,,,,,,,,,,,False,False,19.096,,98.7,,75.7,,98.7,,1458,93,7,20,7,144369.7,19249.30,,Idle,,20,,10,,,20,Go Home,False,False,False,False,False,False,False,False,False,False,False,False,33.8027920380556,-117.4659261431046,3004.3,3004.3,1049.4,396.9,True,1,1,False,False,False,False,,True,False,False,Course Lock,196.8,67,16.4,93,E,SW,2.9,11.4,Calm,False,False,Android,7.0.2,M300 RTK,1ZN7L4R0H1D00F,1W9DL31001461C,1ZMLH8300204F0,1Z6PH74DAP0QN7,"Corona, CA",728.3,5.7,137.7,8.547347,2.013246,0,0,DJI Matrice 300 RTK,M300 RTK,1ZN7L4R0H1D00F,1W9DL31001461C,1ZMLH8300204F0,1Z6PH74DAP0QN7,DJI Pilot,Android,7.0.2,1EF72A62-B7C3-C88D-164E-CE6F8C8424AE,1ZN7L4R0H1D00F,1W9DL31001461C,,1ZMLH8300204F0,1W9DL31001461C,,,,,
2023-11-01,11:31:30.57 AM,7m 8.2s,428.2,33.7990814454786,-117.4747772743345,74.1,137.7,17.3,1338,3472.8,6.643372,7.161702,-4.697574,2.23694,-4.697574,1.342164,0,0.894776,-1.7,-0.6,1.8,-135.2,224.8,224.3,Tripod,Other,,22,5,True,,True,False,,Smart,RC,False,True,False,,,True,,False,False,False,False,False,False,False,False,False,False,0,Follow Yaw,-77.9,0,-143.3,216.7,False,False,False,False,False,,0,0,False,False,No Card,100,100,1024,1383,922,1024,2,False,False,False,False,False,0,False,False,False,False,77,,46.956,,7733,,10044,,46.956,,True,3.915,3.915,3.915,3.915,3.915,3.915,3.915,3.915,3.915,3.915,3.915,3.915,0,,False,False,True,,,,,,,,,,,,,,,False,False,19.096,,98.7,,75.7,,98.7,,1458,93,7,20,7,144369.7,19249.30,,Idle,,20,,10,,,20,Go Home,False,False,False,False,False,False,False,False,False,False,False,False,33.8027920380556,-117.4659261431046,3005.3,3005.3,1049.4,396.9,True,1,1,False,False,False,False,,True,False,False,Course Lock,196.8,67,16.4,93,E,SW,2.9,11.4,Calm,False,False,Android,7.0.2,M300 RTK,1ZN7L4R0H1D00F,1W9DL31001461C,1ZMLH8300204F0,1Z6PH74DAP0QN7,"Corona, CA",728.3,5.7,137.7,8.547347,2.013246,0,0,DJI Matrice 300 RTK,M300 RTK,1ZN7L4R0H1D00F,1W9DL31001461C,1ZMLH8300204F0,1Z6PH74DAP0QN7,DJI Pilot,Android,7.0.2,1EF72A62-B7C3-C88D-164E-CE6F8C8424AE,1ZN7L4R0H1D00F,1W9DL31001461C,,1ZMLH8300204F0,1W9DL31001461C,,,,,
2023-11-01,11:31:30.64 AM,7m 8.3s,428.3,33.7990794646212,-117.4747793452974,74.1,137.7,17.3,1338,3473.8,6.643372,7.161702,-4.697574,2.23694,-4.697574,1.342164,0,0.894776,-1.5,-0.7,1.6,-135.2,224.8,220.9,Tripod,Other,,22,5,True,,True,False,,Smart,RC,False,True,False,,,True,,False,False,False,False,False,False,False,False,False,False,0,Follow Yaw,-77.9,0,-143.3,216.7,False,False,False,False,False,,0,0,False,False,No Card,100,100,1024,1384,883,1024,2,False,False,False,False,False,0,False,False,False,False,77,,46.956,,7733,,10044,,46.956,,True,3.914,3.914,3.914,3.914,3.914,3.914,3.914,3.914,3.914,3.914,3.914,3.914,0,,False,False,True,,,,,,,,,,,,,,,False,False,19.096,,98.7,,75.7,,98.7,,1457,93,7,20,7,144294.1,19239.21,,Idle,,20,,10,,,20,Go Home,False,False,False,False,False,False,False,False,False,False,False,False,33.8027920380556,-117.4659261431046,3006.2,3006.2,1049.4,396.9,True,1,1,False,False,False,False,,True,False,False,Course Lock,196.8,67,16.4,93,E,SW,2.9,11.4,Calm,False,False,Android,7.0.2,M300 RTK,1ZN7L4R0H1D00F,1W9DL31001461C,1ZMLH8300204F0,1Z6PH74DAP0QN7,"Corona, CA",728.3,5.7,137.7,8.547347,2.013246,0,0,DJI Matrice 300 RTK,M300 RTK,1ZN7L4R0H1D00F,1W9DL31001461C,1ZMLH8300204F0,1Z6PH74DAP0QN7,DJI Pilot,Android,7.0.2,1EF72A62-B7C3-C88D-164E-CE6F8C8424AE,1ZN7L4R0H1D00F,1W9DL31001461C,,1ZMLH8300204F0,1W9DL31001461C,,,,,
2023-11-01,11:31:30.74 AM,7m 8.4s,428.4,33.7990774867792,-117.4747816578554,74.1,137.7,17.3,1338,3474.8,6.643372,7.161702,-4.697574,2.23694,-4.697574,1.342164,0,0.894776,-1.5,-0.8,1.7,-135.2,224.8,224.1,Tripod,Other,,22,5,True,,True,False,,Smart,RC,False,True,False,,,True,,False,False,False,False,False,False,False,False,False,False,0,Follow Yaw,-77.9,0,-143.3,216.7,False,False,False,False,False,,0,0,False,False,No Card,100,100,1024,1383,875,1024,2,False,False,False,False,False,0,False,False,False,False,77,,46.956,,7733,,10044,,46.956,,True,3.914,3.914,3.914,3.914,3.914,3.914,3.914,3.914,3.914,3.914,3.914,3.914,0,,False,False,True,,,,,,,,,,,,,,,False,False,19.096,,98.7,,75.7,,98.7,,1457,93,7,20,7,144294.1,19239.21,,Idle,,20,,10,,,20,Go Home,False,False,False,False,False,False,False,False,False,False,False,False,33.8027920380556,-117.4659261431046,3007.1,3007.1,1049.4,396.9,True,1,1,False,False,False,False,,True,False,False,Course Lock,196.8,67,16.4,93,E,SW,2.9,11.4,Calm,False,False,Android,7.0.2,M300 RTK,1ZN7L4R0H1D00F,1W9DL31001461C,1ZMLH8300204F0,1Z6PH74DAP0QN7,"Corona, CA",728.3,5.7,137.7,8.547347,2.013246,0,0,DJI Matrice 300 RTK,M300 RTK,1ZN7L4R0H1D00F,1W9DL31001461C,1ZMLH8300204F0,1Z6PH74DAP0QN7,DJI Pilot,Android,7.0.2,1EF72A62-B7C3-C88D-164E-CE6F8C8424AE,1ZN7L4R0H1D00F,1W9DL31001461C,,1ZMLH8300204F0,1W9DL31001461C,,,,,
2023-11-01,11:31:30.84 AM,7m 8.5s,428.5,33.7990756109132,-117.4747839607957,74.1,137.7,17.3,1338,3475.8,6.643372,7.161702,-4.697574,2.23694,-4.697574,1.342164,0,0.894776,-1.8,-0.9,2,-135.2,224.8,225.5,Tripod,Other,,22,5,True,,True,False,,Smart,RC,False,True,False,,,True,,False,False,False,False,False,False,False,False,False,False,0,Follow Yaw,-77.9,0,-143.3,216.7,False,False,False,False,False,,0,0,False,False,No Card,100,100,1024,1383,877,1024,2,False,False,False,False,False,0,False,False,False,False,77,,46.956,,7733,,10044,,46.956,,True,3.914,3.914,3.914,3.914,3.914,3.914,3.914,3.914,3.914,3.914,3.914,3.914,0,,False,False,True,,,,,,,,,,,,,,,False,False,19.096,,98.7,,75.7,,98.7,,1457,93,7,20,7,144294.1,19239.21,,Idle,,20,,10,,,20,Go Home,False,False,False,False,False,False,False,False,False,False,False,False,33.8027920380556,-117.4659261431046,3008.1,3008.1,1049.4,396.9,True,1,1,False,False,False,False,,True,False,False,Course Lock,196.8,67,16.4,93,E,SW,2.9,11.4,Calm,False,False,Android,7.0.2,M300 RTK,1ZN7L4R0H1D00F,1W9DL31001461C,1ZMLH8300204F0,1Z6PH74DAP0QN7,"Corona, CA",728.3,5.7,137.7,8.547347,2.013246,0,0,DJI Matrice 300 RTK,M300 RTK,1ZN7L4R0H1D00F,1W9DL31001461C,1ZMLH8300204F0,1Z6PH74DAP0QN7,DJI Pilot,Android,7.0.2,1EF72A62-B7C3-C88D-164E-CE6F8C8424AE,1ZN7L4R0H1D00F,1W9DL31001461C,,1ZMLH8300204F0,1W9DL31001461C,,,,,
2023-11-01,11:31:30.94 AM,7m 8.6s,428.6,33.7990735489135,-117.474786379467,74.1,137.7,17.3,1338,3476.8,6.643372,7.161702,-4.697574,2.23694,-4.697574,1.342164,0,0.894776,-1.9,-1.1,2.1,-135.2,224.8,224.2,Tripod,Other,,22,5,True,,True,False,,Smart,RC,False,True,False,,,True,,False,False,False,False,False,False,False,False,False,False,0,Follow Yaw,-77.9,0,-143.3,216.7,False,False,False,False,False,,0,0,False,False,No Card,100,100,1024,1383,876,1024,2,False,False,False,False,False,0,False,False,False,False,77,,46.956,,7733,,10044,,46.956,,True,3.914,3.914,3.914,3.914,3.914,3.914,3.914,3.914,3.914,3.914,3.914,3.914,0,,False,False,True,,,,,,,,,,,,,,,False,False,19.096,,98.7,,75.7,,98.7,,1457,93,7,20,7,144294.1,19239.21,,Idle,,20,,10,,,20,Go Home,False,False,False,False,False,False,False,False,False,False,False,False,33.8027920380556,-117.4659261431046,3009.1,3009.1,1049.4,396.9,True,1,1,False,False,False,False,,True,False,False,Course Lock,196.8,67,16.4,93,E,SW,2.9,11.4,Calm,False,False,Android,7.0.2,M300 RTK,1ZN7L4R0H1D00F,1W9DL31001461C,1ZMLH8300204F0,1Z6PH74DAP0QN7,"Corona, CA",728.3,5.7,137.7,8.547347,2.013246,0,0,DJI Matrice 300 RTK,M300 RTK,1ZN7L4R0H1D00F,1W9DL31001461C,1ZMLH8300204F0,1Z6PH74DAP0QN7,DJI Pilot,Android,7.0.2,1EF72A62-B7C3-C88D-164E-CE6F8C8424AE,1ZN7L4R0H1D00F,1W9DL31001461C,,1ZMLH8300204F0,1W9DL31001461C,,,,,
2023-11-01,11:31:31.04 AM,7m 8.7s,428.7,33.7990717588499,-117.4747883289572,74.1,137.7,17.3,1338,3477.7,6.643372,7.161702,-4.697574,2.23694,-4.697574,1.342164,0,0.894776,-2,-1.2,2.3,-135.3,224.7,222.1,Tripod,Other,,22,5,True,,True,False,,Smart,RC,False,True,False,,,True,,False,False,False,False,False,False,False,False,False,False,0,Follow Yaw,-77.9,0,-143.3,216.7,False,False,False,False,False,,0,0,False,False,No Card,100,100,1024,1382,879,1024,2,False,False,False,False,False,0,False,False,False,False,77,,46.932,,3839,,4986,,46.932,,True,3.914,3.914,3.914,3.914,3.914,3.914,3.914,3.914,3.914,3.914,3.914,3.914,0,,False,False,True,,,,,,,,,,,,,,,False,False,9.334,,98.7,,75.7,,98.7,,1457,93,7,20,7,144294.1,19239.21,,Idle,,20,,10,,,20,Go Home,False,False,False,False,False,False,False,False,False,False,False,False,33.8027920380556,-117.4659261431046,3009.9,3009.9,1049.4,396.9,True,1,1,False,False,False,False,,True,False,False,Course Lock,196.8,67,16.4,93,E,SW,2.9,11.4,Calm,False,False,Android,7.0.2,M300 RTK,1ZN7L4R0H1D00F,1W9DL31001461C,1ZMLH8300204F0,1Z6PH74DAP0QN7,"Corona, CA",728.3,5.7,137.7,8.547347,2.013246,0,0,DJI Matrice 300 RTK,M300 RTK,1ZN7L4R0H1D00F,1W9DL31001461C,1ZMLH8300204F0,1Z6PH74DAP0QN7,DJI Pilot,Android,7.0.2,1EF72A62-B7C3-C88D-164E-CE6F8C8424AE,1ZN7L4R0H1D00F,1W9DL31001461C,,1ZMLH8300204F0,1W9DL31001461C,,,,,
2023-11-01,11:31:31.14 AM,7m 8.8s,428.8,33.7990697955367,-117.4747905982822,74.1,137.7,17.3,1338,3478.7,6.643372,7.161702,-4.697574,2.23694,-4.697574,1.342164,0,0.894776,-2,-1.2,2.3,-135.4,224.6,223.8,Tripod,Other,,22,5,True,,True,False,,Smart,RC,False,True,False,,,True,,False,False,False,False,False,False,False,False,False,False,0,Follow Yaw,-77.9,0,-143.3,216.7,False,False,False,False,False,,0,0,False,False,No Card,100,100,1024,1384,891,1024,2,False,False,False,False,False,0,False,False,False,False,77,,46.932,,3839,,4986,,46.932,,True,3.914,3.914,3.914,3.914,3.914,3.914,3.914,3.914,3.914,3.914,3.914,3.914,0,,False,False,True,,,,,,,,,,,,,,,False,False,9.334,,98.7,,75.7,,98.7,,1457,93,7,20,7,144294.1,19239.21,,Idle,,20,,10,,,20,Go Home,False,False,False,False,False,False,False,False,False,False,False,False,33.8027920380556,-117.4659261431046,3010.8,3010.8,1049.4,396.9,True,1,1,False,False,False,False,,True,False,False,Course Lock,196.8,67,16.4,93,E,SW,2.9,11.4,Calm,False,False,Android,7.0.2,M300 RTK,1ZN7L4R0H1D00F,1W9DL31001461C,1ZMLH8300204F0,1Z6PH74DAP0QN7,"Corona, CA",728.3,5.7,137.7,8.547347,2.013246,0,0,DJI Matrice 300 RTK,M300 RTK,1ZN7L4R0H1D00F,1W9DL31001461C,1ZMLH8300204F0,1Z6PH74DAP0QN7,DJI Pilot,Android,7.0.2,1EF72A62-B7C3-C88D-164E-CE6F8C8424AE,1ZN7L4R0H1D00F,1W9DL31001461C,,1ZMLH8300204F0,1W9DL31001461C,,,,,
2023-11-01,11:31:31.24 AM,7m 8.9s,428.9,33.7990676110013,-117.4747931771338,74.1,137.7,17.3,1338,3479.8,6.643372,7.161702,-4.697574,2.23694,-4.697574,1.342164,0,0.894776,-2.1,-1,2.3,-135.4,224.6,224.4,Tripod,Other,,22,5,True,,True,False,,Smart,RC,False,True,False,,,True,,False,False,False,False,False,False,False,False,False,False,0,Follow Yaw,-77.9,0,-143.3,216.7,False,False,False,False,False,,0,0,False,False,No Card,100,100,1024,1385,893,1024,2,False,False,False,False,False,0,False,False,False,False,77,,46.932,,3839,,4986,,46.932,,True,3.914,3.914,3.914,3.914,3.914,3.914,3.914,3.914,3.914,3.914,3.914,3.914,0,,False,False,True,,,,,,,,,,,,,,,False,False,9.334,,98.7,,75.7,,98.7,,1457,93,7,20,7,144294.1,19239.21,,Idle,,20,,10,,,20,Go Home,False,False,False,False,False,False,False,False,False,False,False,False,33.8027920380556,-117.4659261431046,3011.9,3011.9,1049.4,396.9,True,1,1,False,False,False,False,,True,False,False,Course Lock,196.8,67,16.4,93,E,SW,2.9,11.4,Calm,False,False,Android,7.0.2,M300 RTK,1ZN7L4R0H1D00F,1W9DL31001461C,1ZMLH8300204F0,1Z6PH74DAP0QN7,"Corona, CA",728.3,5.7,137.7,8.547347,2.013246,0,0,DJI Matrice 300 RTK,M300 RTK,1ZN7L4R0H1D00F,1W9DL31001461C,1ZMLH8300204F0,1Z6PH74DAP0QN7,DJI Pilot,Android,7.0.2,1EF72A62-B7C3-C88D-164E-CE6F8C8424AE,1ZN7L4R0H1D00F,1W9DL31001461C,,1ZMLH8300204F0,1W9DL31001461C,,,,,
2023-11-01,11:31:31.34 AM,7m 9.0s,429.0,33.7990657266373,-117.4747953374591,73.8,137.7,17.3,1338,3480.8,6.643372,7.161702,-4.697574,2.23694,-4.697574,1.342164,0,0.894776,-2.1,-0.8,2.2,-135.3,224.7,223.6,Tripod,Other,,22,5,True,,True,False,,Smart,RC,False,True,False,,,True,,False,False,False,False,False,False,False,False,False,False,0,Follow Yaw,-77.9,0,-143.3,216.7,False,False,False,False,False,,0,0,False,False,No Card,100,100,1024,1385,902,1024,2,False,False,False,False,False,0,False,False,False,False,77,,46.956,,7733,,10044,,46.956,,True,3.914,3.914,3.914,3.914,3.914,3.914,3.914,3.914,3.914,3.914,3.914,3.914,0,,False,False,True,,,,,,,,,,,,,,,False,False,18.896,,98.7,,75.7,,98.7,,1457,93,7,20,7,144294.1,19239.21,,Idle,,20,,10,,,20,Go Home,False,False,False,False,False,False,False,False,False,False,False,False,33.8027920380556,-117.4659261431046,3012.8,3012.8,1049.4,396.9,True,1,1,False,False,False,False,,True,False,False,Course Lock,196.8,67,16.4,93,E,SW,2.9,11.4,Calm,False,False,Android,7.0.2,M300 RTK,1ZN7L4R0H1D00F,1W9DL31001461C,1ZMLH8300204F0,1Z6PH74DAP0QN7,"Corona, CA",728.3,5.7,137.7,8.547347,2.013246,0,0,DJI Matrice 300 RTK,M300 RTK,1ZN7L4R0H1D00F,1W9DL31001461C,1ZMLH8300204F0,1Z6PH74DAP0QN7,DJI Pilot,Android,7.0.2,1EF72A62-B7C3-C88D-164E-CE6F8C8424AE,1ZN7L4R0H1D00F,1W9DL31001461C,,1ZMLH8300204F0,1W9DL31001461C,,,,,
2023-11-01,11:31:31.40 AM,7m 9.1s,429.1,33.7990636440779,-117.4747976055265,73.8,137.7,17.3,1338,3481.8,6.643372,7.161702,-4.697574,2.23694,-4.697574,1.342164,0,0.894776,-2.2,-0.7,2.3,-135.3,224.7,222.1,Tripod,Other,,22,5,True,,True,False,,Smart,RC,False,True,False,,,True,,False,False,False,False,False,False,False,False,False,False,0,Follow Yaw,-77.9,0,-143.3,216.7,False,False,False,False,False,,0,0,False,False,No Card,100,100,1024,1385,907,1024,2,False,False,False,False,False,0,False,False,False,False,77,,46.956,,7733,,10044,,46.956,,True,3.914,3.914,3.914,3.914,3.914,3.914,3.914,3.914,3.914,3.914,3.914,3.914,0,,False,False,True,,,,,,,,,,,,,,,False,False,18.896,,98.7,,75.7,,98.7,,1457,93,7,20,7,144294.1,19239.21,,Idle,,20,,10,,,20,Go Home,False,False,False,False,False,False,False,False,False,False,False,False,33.8027920380556,-117.4659261431046,3013.7,3013.7,1049.4,396.9,True,1,1,False,False,False,False,,True,False,False,Course Lock,196.8,67,16.4,93,E,SW,2.9,11.4,Calm,False,False,Android,7.0.2,M300 RTK,1ZN7L4R0H1D00F,1W9DL31001461C,1ZMLH8300204F0,1Z6PH74DAP0QN7,"Corona, CA",728.3,5.7,137.7,8.547347,2.013246,0,0,DJI Matrice 300 RTK,M300 RTK,1ZN7L4R0H1D00F,1W9DL31001461C,1ZMLH8300204F0,1Z6PH74DAP0QN7,DJI Pilot,Android,7.0.2,1EF72A62-B7C3-C88D-164E-CE6F8C8424AE,1ZN7L4R0H1D00F,1W9DL31001461C,,1ZMLH8300204F0,1W9DL31001461C,,,,,
2023-11-01,11:31:31.54 AM,7m 9.2s,429.2,33.7990615491827,-117.4747999976025,73.8,137.7,17.3,1338,3482.8,6.643372,7.161702,-4.697574,2.23694,-4.697574,1.342164,0,0.894776,-2.4,-0.6,2.4,-135.3,224.7,223.4,Tripod,Other,,22,5,True,,True,False,,Smart,RC,False,True,False,,,True,,False,False,False,False,False,False,False,False,False,False,0,Follow Yaw,-77.9,0,-143.3,216.7,False,False,False,False,False,,0,0,False,False,No Card,100,100,1024,1384,908,1024,2,False,False,False,False,False,0,False,False,False,False,77,,46.956,,7733,,10044,,46.956,,True,3.914,3.914,3.914,3.914,3.914,3.914,3.914,3.914,3.914,3.914,3.914,3.914,0,,False,False,True,,,,,,,,,,,,,,,False,False,18.896,,98.7,,75.7,,98.7,,1457,93,7,20,7,144294.1,19239.21,,Idle,,20,,10,,,20,Go Home,False,False,False,False,False,False,False,False,False,False,False,False,33.8027920380556,-117.4659261431046,3014.7,3014.7,1049.4,396.9,True,1,1,False,False,False,False,,True,False,False,Course Lock,196.8,67,16.4,93,E,SW,2.9,11.4,Calm,False,False,Android,7.0.2,M300 RTK,1ZN7L4R0H1D00F,1W9DL31001461C,1ZMLH8300204F0,1Z6PH74DAP0QN7,"Corona, CA",728.3,5.7,137.7,8.547347,2.013246,0,0,DJI Matrice 300 RTK,M300 RTK,1ZN7L4R0H1D00F,1W9DL31001461C,1ZMLH8300204F0,1Z6PH74DAP0QN7,DJI Pilot,Android,7.0.2,1EF72A62-B7C3-C88D-164E-CE6F8C8424AE,1ZN7L4R0H1D00F,1W9DL31001461C,,1ZMLH8300204F0,1W9DL31001461C,,,,,
2023-11-01,11:31:31.64 AM,7m 9.3s,429.3,33.7990598186052,-117.4748021646282,73.8,137.7,17.3,1338,3483.8,6.643372,7.161702,-4.697574,2.23694,-4.697574,1.342164,0,0.894776,-2.3,-0.6,2.3,-135.3,224.7,226.1,Tripod,Other,,22,5,True,,True,False,,Smart,RC,False,True,False,,,True,,False,False,False,False,False,False,False,False,False,False,0,Follow Yaw,-77.9,0,-143.3,216.7,False,False,False,False,False,,0,0,False,False,No Card,100,100,1024,1383,908,1024,2,False,False,False,False,False,0,False,False,False,False,77,,46.956,,7733,,10044,,46.956,,True,3.911,3.911,3.911,3.911,3.911,3.911,3.911,3.911,3.911,3.911,3.911,3.911,0,,False,False,True,,,,,,,,,,,,,,,False,False,18.896,,98.7,,75.7,,98.7,,1456,93,7,20,7,144158.0,19221.08,,Idle,,20,,10,,,20,Go Home,False,False,False,False,False,False,False,False,False,False,False,False,33.8027920380556,-117.4659261431046,3015.6,3015.6,1049.4,396.9,True,1,1,False,False,False,False,,True,False,False,Course Lock,196.8,67,16.4,93,E,SW,2.9,11.4,Calm,False,False,Android,7.0.2,M300 RTK,1ZN7L4R0H1D00F,1W9DL31001461C,1ZMLH8300204F0,1Z6PH74DAP0QN7,"Corona, CA",728.3,5.7,137.7,8.547347,2.013246,0,0,DJI Matrice 300 RTK,M300 RTK,1ZN7L4R0H1D00F,1W9DL31001461C,1ZMLH8300204F0,1Z6PH74DAP0QN7,DJI Pilot,Android,7.0.2,1EF72A62-B7C3-C88D-164E-CE6F8C8424AE,1ZN7L4R0H1D00F,1W9DL31001461C,,1ZMLH8300204F0,1W9DL31001461C,,,,,
2023-11-01,11:31:31.74 AM,7m 9.4s,429.4,33.7990579394497,-117.4748043273245,73.8,137.7,17.3,1338,3484.7,6.643372,7.161702,-4.697574,2.23694,-4.697574,1.342164,0,0.894776,-2.2,-0.7,2.3,-135.3,224.7,223.7,Tripod,Other,,22,5,True,,True,False,,Smart,RC,False,True,False,,,True,,False,False,False,False,False,False,False,False,False,False,0,Follow Yaw,-77.9,0,-143.3,216.7,False,False,False,False,False,,0,0,False,False,No Card,100,100,1024,1382,908,1024,2,False,False,False,False,False,0,False,False,False,False,77,,46.956,,7733,,10044,,46.956,,True,3.911,3.911,3.911,3.911,3.911,3.911,3.911,3.911,3.911,3.911,3.911,3.911,0,,False,False,True,,,,,,,,,,,,,,,False,False,18.896,,98.7,,75.7,,98.7,,1456,93,7,20,7,144158.0,19221.08,,Idle,,20,,10,,,20,Go Home,False,False,False,False,False,False,False,False,False,False,False,False,33.8027920380556,-117.4659261431046,3016.5,3016.5,1049.4,396.9,True,1,1,False,False,False,False,,True,False,False,Course Lock,196.8,67,16.4,93,E,SW,2.9,11.4,Calm,False,False,Android,7.0.2,M300 RTK,1ZN7L4R0H1D00F,1W9DL31001461C,1ZMLH8300204F0,1Z6PH74DAP0QN7,"Corona, CA",728.3,5.7,137.7,8.547347,2.013246,0,0,DJI Matrice 300 RTK,M300 RTK,1ZN7L4R0H1D00F,1W9DL31001461C,1ZMLH8300204F0,1Z6PH74DAP0QN7,DJI Pilot,Android,7.0.2,1EF72A62-B7C3-C88D-164E-CE6F8C8424AE,1ZN7L4R0H1D00F,1W9DL31001461C,,1ZMLH8300204F0,1W9DL31001461C,,,,,
2023-11-01,11:31:31.84 AM,7m 9.5s,429.5,33.79905586484,-117.474806725709,73.8,137.7,17.3,1338,3485.8,6.643372,7.161702,-4.697574,2.23694,-4.697574,1.342164,0,0.894776,-2.1,-0.9,2.2,-135.3,224.7,223.8,Tripod,Other,,22,5,True,,True,False,,Smart,RC,False,True,False,,,True,,False,False,False,False,False,False,False,False,False,False,0,Follow Yaw,-77.9,0,-143.3,216.7,False,False,False,False,False,,0,0,False,False,No Card,100,100,1024,1380,909,1024,2,False,False,False,False,False,0,False,False,False,False,77,,46.956,,7733,,10044,,46.956,,True,3.911,3.911,3.911,3.911,3.911,3.911,3.911,3.911,3.911,3.911,3.911,3.911,0,,False,False,True,,,,,,,,,,,,,,,False,False,18.896,,98.7,,75.7,,98.7,,1456,93,7,20,7,144158.0,19221.08,,Idle,,20,,10,,,20,Go Home,False,False,False,False,False,False,False,False,False,False,False,False,33.8027920380556,-117.4659261431046,3017.5,3017.5,1049.4,396.9,True,1,1,False,False,False,False,,True,False,False,Course Lock,196.8,67,16.4,93,E,SW,2.68,11.4,Calm,False,False,Android,7.0.2,M300 RTK,1ZN7L4R0H1D00F,1W9DL31001461C,1ZMLH8300204F0,1Z6PH74DAP0QN7,"Corona, CA",728.3,5.7,137.7,8.547347,2.013246,0,0,DJI Matrice 300 RTK,M300 RTK,1ZN7L4R0H1D00F,1W9DL31001461C,1ZMLH8300204F0,1Z6PH74DAP0QN7,DJI Pilot,Android,7.0.2,1EF72A62-B7C3-C88D-164E-CE6F8C8424AE,1ZN7L4R0H1D00F,1W9DL31001461C,,1ZMLH8300204F0,1W9DL31001461C,,,,,
2023-11-01,11:31:31.94 AM,7m 9.6s,429.6,33.7990537770722,-117.4748091142596,73.8,137.7,17.3,1338,3486.8,6.487126,7.161702,-4.697574,2.23694,-4.47388,1.342164,0,0.894776,-2.1,-0.8,2.2,-135.3,224.7,223.5,Tripod,Other,,22,5,True,,True,False,,Smart,RC,False,True,False,,,True,,False,False,False,False,False,False,False,False,False,False,0,Follow Yaw,-77.9,0,-143.3,216.7,False,False,False,False,False,,0,0,False,False,No Card,100,100,1024,1381,909,1024,2,False,False,False,False,False,0,False,False,False,False,77,,46.956,,7733,,10044,,46.956,,True,3.911,3.911,3.911,3.911,3.911,3.911,3.911,3.911,3.911,3.911,3.911,3.911,0,,False,False,True,,,,,,,,,,,,,,,False,False,18.896,,98.7,,75.7,,98.7,,1456,93,7,20,7,144158.0,19221.08,,Idle,,20,,10,,,20,Go Home,False,False,False,False,False,False,False,False,False,False,False,False,33.8027920380556,-117.4659261431046,3018.5,3018.5,1049.4,396.9,True,1,1,False,False,False,False,,True,False,False,Course Lock,196.8,67,16.4,93,E,SW,2.68,11.4,Calm,False,False,Android,7.0.2,M300 RTK,1ZN7L4R0H1D00F,1W9DL31001461C,1ZMLH8300204F0,1Z6PH74DAP0QN7,"Corona, CA",728.3,5.7,137.7,8.547347,2.013246,0,0,DJI Matrice 300 RTK,M300 RTK,1ZN7L4R0H1D00F,1W9DL31001461C,1ZMLH8300204F0,1Z6PH74DAP0QN7,DJI Pilot,Android,7.0.2,1EF72A62-B7C3-C88D-164E-CE6F8C8424AE,1ZN7L4R0H1D00F,1W9DL31001461C,,1ZMLH8300204F0,1W9DL31001461C,,,,,
2023-11-01,11:31:32.04 AM,7m 9.7s,429.7,33.7990519916688,-117.474811329528,73.8,137.7,17.3,1338,3487.7,6.487126,7.161702,-4.697574,2.23694,-4.47388,1.342164,0,0.894776,-2.3,-0.6,2.3,-135.2,224.8,225.8,Tripod,Other,,22,5,True,,True,False,,Smart,RC,False,True,False,,,True,,False,False,False,False,False,False,False,False,False,False,0,Follow Yaw,-77.9,0,-143.3,216.7,False,False,False,False,False,,0,0,False,False,No Card,100,100,1024,1382,910,1024,2,False,False,False,False,False,0,False,False,False,False,77,,46.956,,7733,,10044,,46.956,,True,3.911,3.911,3.911,3.911,3.911,3.911,3.911,3.911,3.911,3.911,3.911,3.911,0,,False,False,True,,,,,,,,,,,,,,,False,False,18.896,,98.7,,75.7,,98.7,,1456,93,7,20,7,144158.0,19221.08,,Idle,,20,,10,,,20,Go Home,False,False,False,False,False,False,False,False,False,False,False,False,33.8027920380556,-117.4659261431046,3019.4,3019.4,1049.4,396.9,True,1,1,False,False,False,False,,True,False,False,Course Lock,196.8,67,16.4,93,E,SW,2.68,11.4,Calm,False,False,Android,7.0.2,M300 RTK,1ZN7L4R0H1D00F,1W9DL31001461C,1ZMLH8300204F0,1Z6PH74DAP0QN7,"Corona, CA",728.3,5.7,137.7,8.547347,2.013246,0,0,DJI Matrice 300 RTK,M300 RTK,1ZN7L4R0H1D00F,1W9DL31001461C,1ZMLH8300204F0,1Z6PH74DAP0QN7,DJI Pilot,Android,7.0.2,1EF72A62-B7C3-C88D-164E-CE6F8C8424AE,1ZN7L4R0H1D00F,1W9DL31001461C,,1ZMLH8300204F0,1W9DL31001461C,,,,,
2023-11-01,11:31:32.13 AM,7m 9.8s,429.8,33.7990500149233,-117.4748136011054,73.8,137.7,17.3,1338,3488.7,6.487126,7.161702,-4.697574,2.23694,-4.47388,1.342164,0,0.894776,-2.4,-0.5,2.4,-135.2,224.8,223.6,Tripod,Other,,22,5,True,,True,False,,Smart,RC,False,True,False,,,True,,False,False,False,False,False,False,False,False,False,False,0,Follow Yaw,-77.9,0,-143.3,216.7,False,False,False,False,False,,0,0,False,False,No Card,100,100,1024,1384,906,1024,2,False,False,False,False,False,0,False,False,False,False,77,,46.956,,7733,,10044,,46.956,,True,3.911,3.911,3.911,3.911,3.911,3.911,3.911,3.911,3.911,3.911,3.911,3.911,0,,False,False,True,,,,,,,,,,,,,,,False,False,18.896,,98.7,,75.7,,98.7,,1456,93,7,20,7,144158.0,19221.08,,Idle,,20,,10,,,20,Go Home,False,False,False,False,False,False,False,False,False,False,False,False,33.8027920380556,-117.4659261431046,3020.3,3020.3,1049.4,396.9,True,1,1,False,False,False,False,,True,False,False,Course Lock,196.8,67,16.4,93,E,SW,2.68,11.4,Calm,False,False,Android,7.0.2,M300 RTK,1ZN7L4R0H1D00F,1W9DL31001461C,1ZMLH8300204F0,1Z6PH74DAP0QN7,"Corona, CA",728.3,5.7,137.7,8.547347,2.013246,0,0,DJI Matrice 300 RTK,M300 RTK,1ZN7L4R0H1D00F,1W9DL31001461C,1ZMLH8300204F0,1Z6PH74DAP0QN7,DJI Pilot,Android,7.0.2,1EF72A62-B7C3-C88D-164E-CE6F8C8424AE,1ZN7L4R0H1D00F,1W9DL31001461C,,1ZMLH8300204F0,1W9DL31001461C,,,,,
2023-11-01,11:31:32.23 AM,7m 9.9s,429.9,33.7990479652594,-117.4748158984792,73.8,137.7,17.3,1338,3489.8,6.487126,7.161702,-4.697574,2.23694,-4.47388,1.342164,0,0.894776,-2.5,-0.3,2.5,-135.1,224.9,222.9,Tripod,Other,,22,5,True,,True,False,,Smart,RC,False,True,False,,,True,,False,False,False,False,False,False,False,False,False,False,0,Follow Yaw,-77.9,0,-143.3,216.7,False,False,False,False,False,,0,0,False,False,No Card,100,100,1024,1383,904,1024,2,False,False,False,False,False,0,False,False,False,False,77,,46.956,,7733,,10044,,46.956,,True,3.911,3.911,3.911,3.911,3.911,3.911,3.911,3.911,3.911,3.911,3.911,3.911,0,,False,False,True,,,,,,,,,,,,,,,False,False,18.896,,98.7,,75.7,,98.7,,1456,93,7,20,7,144158.0,19221.08,,Idle,,20,,10,,,20,Go Home,False,False,False,False,False,False,False,False,False,False,False,False,33.8027920380556,-117.4659261431046,3021.3,3021.3,1049.4,396.9,True,1,1,False,False,False,False,,True,False,False,Course Lock,196.8,67,16.4,93,E,SW,2.68,11.4,Calm,False,False,Android,7.0.2,M300 RTK,1ZN7L4R0H1D00F,1W9DL31001461C,1ZMLH8300204F0,1Z6PH74DAP0QN7,"Corona, CA",728.3,5.7,137.7,8.547347,2.013246,0,0,DJI Matrice 300 RTK,M300 RTK,1ZN7L4R0H1D00F,1W9DL31001461C,1ZMLH8300204F0,1Z6PH74DAP0QN7,DJI Pilot,Android,7.0.2,1EF72A62-B7C3-C88D-164E-CE6F8C8424AE,1ZN7L4R0H1D00F,1W9DL31001461C,,1ZMLH8300204F0,1W9DL31001461C,,,,,
2023-11-01,11:31:32.34 AM,7m 10.0s,430.0,33.7990458870861,-117.4748182908387,73.8,137.7,17.3,1338,3490.8,6.487126,7.161702,-4.697574,2.23694,-4.47388,1.342164,0,0.894776,-2.4,-0.4,2.4,-135.1,224.9,223.7,Tripod,Other,,22,5,True,,True,False,,Smart,RC,False,True,False,,,True,,False,False,False,False,False,False,False,False,False,False,0,Follow Yaw,-77.9,0,-143.3,216.7,False,False,False,False,False,,0,0,False,False,No Card,100,100,1024,1383,904,1024,2,False,False,False,False,False,0,False,False,False,False,77,,46.932,,3839,,4986,,46.932,,True,3.911,3.911,3.911,3.911,3.911,3.911,3.911,3.911,3.911,3.911,3.911,3.911,0,,False,False,True,,,,,,,,,,,,,,,False,False,9.252,,98.7,,75.7,,98.7,,1456,93,7,20,7,144158.0,19221.08,,Idle,,20,,10,,,20,Go Home,False,False,False,False,False,False,False,False,False,False,False,False,33.8027920380556,-117.4659261431046,3022.2,3022.2,1049.4,396.9,True,1,1,False,False,False,False,,True,False,False,Course Lock,196.8,67,16.4,93,E,SW,2.68,11.4,Calm,False,False,Android,7.0.2,M300 RTK,1ZN7L4R0H1D00F,1W9DL31001461C,1ZMLH8300204F0,1Z6PH74DAP0QN7,"Corona, CA",728.3,5.7,137.7,8.547347,2.013246,0,0,DJI Matrice 300 RTK,M300 RTK,1ZN7L4R0H1D00F,1W9DL31001461C,1ZMLH8300204F0,1Z6PH74DAP0QN7,DJI Pilot,Android,7.0.2,1EF72A62-B7C3-C88D-164E-CE6F8C8424AE,1ZN7L4R0H1D00F,1W9DL31001461C,,1ZMLH8300204F0,1W9DL31001461C,,,,,
2023-11-01,11:31:32.44 AM,7m 10.1s,430.1,33.799043962151,-117.4748203781506,73.8,137.7,17.3,1338,3491.8,6.487126,7.161702,-4.697574,2.23694,-4.47388,1.342164,0,0.894776,-2.5,-0.6,2.5,-135.2,224.8,222.0,Tripod,Other,,22,5,True,,True,False,,Smart,RC,False,True,False,,,True,,False,False,False,False,False,False,False,False,False,False,0,Follow Yaw,-77.9,0,-143.3,216.7,False,False,False,False,False,,0,0,False,False,No Card,100,100,1024,1381,904,1024,2,False,False,False,False,False,0,False,False,False,False,77,,46.932,,3839,,4986,,46.932,,True,3.911,3.911,3.911,3.911,3.911,3.911,3.911,3.911,3.911,3.911,3.911,3.911,0,,False,False,True,,,,,,,,,,,,,,,False,False,9.252,,98.7,,75.7,,98.7,,1456,93,7,20,7,144158.0,19221.08,,Idle,,20,,10,,,20,Go Home,False,False,False,False,False,False,False,False,False,False,False,False,33.8027920380556,-117.4659261431046,3023.1,3023.1,1049.4,396.9,True,1,1,False,False,False,False,,True,False,False,Course Lock,196.8,67,16.4,93,E,SW,2.68,11.4,Calm,False,False,Android,7.0.2,M300 RTK,1ZN7L4R0H1D00F,1W9DL31001461C,1ZMLH8300204F0,1Z6PH74DAP0QN7,"Corona, CA",728.3,5.7,137.7,8.547347,2.013246,0,0,DJI Matrice 300 RTK,M300 RTK,1ZN7L4R0H1D00F,1W9DL31001461C,1ZMLH8300204F0,1Z6PH74DAP0QN7,DJI Pilot,Android,7.0.2,1EF72A62-B7C3-C88D-164E-CE6F8C8424AE,1ZN7L4R0H1D00F,1W9DL31001461C,,1ZMLH8300204F0,1W9DL31001461C,,,,,
2023-11-01,11:31:32.54 AM,7m 10.2s,430.2,33.7990419826642,-117.4748226495217,73.8,137.7,17.3,1338,3492.8,6.487126,7.161702,-4.697574,2.23694,-4.47388,1.342164,0,0.894776,-2.6,-0.7,2.6,-135.2,224.8,223.6,Tripod,Other,,22,5,True,,True,False,,Smart,RC,False,True,False,,,True,,False,False,False,False,False,False,False,False,False,False,0,Follow Yaw,-77.9,0,-143.3,216.7,False,False,False,False,False,,0,0,False,False,No Card,100,100,1024,1382,904,1024,2,False,False,False,False,False,0,False,False,False,False,77,,46.932,,3839,,4986,,46.932,,True,3.911,3.911,3.911,3.911,3.911,3.911,3.911,3.911,3.911,3.911,3.911,3.911,0,,False,False,True,,,,,,,,,,,,,,,False,False,9.252,,98.7,,75.7,,98.7,,1456,93,7,20,7,144158.0,19221.08,,Idle,,20,,10,,,20,Go Home,False,False,False,False,False,False,False,False,False,False,False,False,33.8027920380556,-117.4659261431046,3024.1,3024.1,1049.4,396.9,True,1,1,False,False,False,False,,True,False,False,Course Lock,196.8,67,16.4,93,E,SW,2.68,11.4,Calm,False,False,Android,7.0.2,M300 RTK,1ZN7L4R0H1D00F,1W9DL31001461C,1ZMLH8300204F0,1Z6PH74DAP0QN7,"Corona, CA",728.3,5.7,137.7,8.547347,2.013246,0,0,DJI Matrice 300 RTK,M300 RTK,1ZN7L4R0H1D00F,1W9DL31001461C,1ZMLH8300204F0,1Z6PH74DAP0QN7,DJI Pilot,Android,7.0.2,1EF72A62-B7C3-C88D-164E-CE6F8C8424AE,1ZN7L4R0H1D00F,1W9DL31001461C,,1ZMLH8300204F0,1W9DL31001461C,,,,,
2023-11-01,11:31:32.65 AM,7m 10.3s,430.3,33.7990400138684,-117.4748249865927,73.8,137.7,17.3,1338,3493.8,6.487126,7.161702,-4.697574,2.23694,-4.47388,1.342164,0,0.894776,-2.7,-0.6,2.7,-135.2,224.8,224.6,Tripod,Other,,22,5,True,,True,False,,Smart,RC,False,True,False,,,True,,False,False,False,False,False,False,False,False,False,False,0,Follow Yaw,-77.9,0,-143.3,216.7,False,False,False,False,False,,0,0,False,False,No Card,100,100,1024,1384,900,1024,2,False,False,False,False,False,0,False,False,False,False,77,,46.932,,3839,,4986,,46.932,,True,3.913,3.913,3.913,3.913,3.913,3.913,3.913,3.913,3.913,3.913,3.913,3.913,0,,False,False,True,,,,,,,,,,,,,,,False,False,9.252,,98.7,,75.7,,98.7,,1455,94,7,20,7,143874.7,19183.29,,Idle,,20,,10,,,20,Go Home,False,False,False,False,False,False,False,False,False,False,False,False,33.8027920380556,-117.4659261431046,3025.0,3025.0,1049.4,396.9,True,1,1,False,False,False,False,,True,False,False,Course Lock,196.8,67,16.4,93,E,SW,2.68,11.4,Calm,False,False,Android,7.0.2,M300 RTK,1ZN7L4R0H1D00F,1W9DL31001461C,1ZMLH8300204F0,1Z6PH74DAP0QN7,"Corona, CA",728.3,5.7,137.7,8.547347,2.013246,0,0,DJI Matrice 300 RTK,M300 RTK,1ZN7L4R0H1D00F,1W9DL31001461C,1ZMLH8300204F0,1Z6PH74DAP0QN7,DJI Pilot,Android,7.0.2,1EF72A62-B7C3-C88D-164E-CE6F8C8424AE,1ZN7L4R0H1D00F,1W9DL31001461C,,1ZMLH8300204F0,1W9DL31001461C,,,,,
2023-11-01,11:31:32.75 AM,7m 10.4s,430.4,33.7990380390418,-117.4748272470733,73.8,137.7,17.3,1338,3494.8,6.487126,7.161702,-4.697574,2.23694,-4.47388,1.342164,0,0.894776,-2.8,-0.5,2.8,-135.2,224.8,223.5,Tripod,Other,,22,5,True,,True,False,,Smart,RC,False,True,False,,,True,,False,False,False,False,False,False,False,False,False,False,0,Follow Yaw,-77.9,0,-143.3,216.7,False,False,False,False,False,,0,0,False,False,No Card,100,100,1024,1383,900,1024,2,False,False,False,False,False,0,False,False,False,False,77,,46.932,,3839,,4986,,46.932,,True,3.913,3.913,3.913,3.913,3.913,3.913,3.913,3.913,3.913,3.913,3.913,3.913,0,,False,False,True,,,,,,,,,,,,,,,False,False,9.252,,98.7,,75.7,,98.7,,1455,94,7,20,7,143874.7,19183.29,,Idle,,20,,10,,,20,Go Home,False,False,False,False,False,False,False,False,False,False,False,False,33.8027920380556,-117.4659261431046,3026.0,3026.0,1049.4,396.9,True,1,1,False,False,False,False,,True,False,False,Course Lock,196.8,67,16.4,93,E,SW,2.68,11.4,Calm,False,False,Android,7.0.2,M300 RTK,1ZN7L4R0H1D00F,1W9DL31001461C,1ZMLH8300204F0,1Z6PH74DAP0QN7,"Corona, CA",728.3,5.7,137.7,8.547347,2.013246,0,0,DJI Matrice 300 RTK,M300 RTK,1ZN7L4R0H1D00F,1W9DL31001461C,1ZMLH8300204F0,1Z6PH74DAP0QN7,DJI Pilot,Android,7.0.2,1EF72A62-B7C3-C88D-164E-CE6F8C8424AE,1ZN7L4R0H1D00F,1W9DL31001461C,,1ZMLH8300204F0,1W9DL31001461C,,,,,
2023-11-01,11:31:32.85 AM,7m 10.5s,430.5,33.7990362388355,-117.4748294885454,73.4,137.7,17.3,1337,3495.7,6.487126,7.161702,-4.697574,2.23694,-4.47388,1.342164,0,0.894776,-2.9,-0.2,2.9,-135.2,224.8,225.9,Tripod,Other,,22,5,True,,True,False,,Smart,RC,False,True,False,,,True,,False,False,False,False,False,False,False,False,False,False,0,Follow Yaw,-77.9,0,-143.3,216.7,False,False,False,False,False,,0,0,False,False,No Card,100,100,1024,1383,900,1024,2,False,False,False,False,False,0,False,False,False,False,77,,46.932,,3839,,4986,,46.932,,True,3.913,3.913,3.913,3.913,3.913,3.913,3.913,3.913,3.913,3.913,3.913,3.913,0,,False,False,True,,,,,,,,,,,,,,,False,False,9.252,,98.7,,75.7,,98.7,,1455,94,7,20,7,143874.7,19183.29,,Idle,,20,,10,,,20,Go Home,False,False,False,False,False,False,False,False,False,False,False,False,33.8027920380556,-117.4659261431046,3026.9,3026.9,1049.4,396.9,True,1,1,False,False,False,False,,True,False,False,Course Lock,196.8,67,16.4,93,E,SW,2.68,11.4,Calm,False,False,Android,7.0.2,M300 RTK,1ZN7L4R0H1D00F,1W9DL31001461C,1ZMLH8300204F0,1Z6PH74DAP0QN7,"Corona, CA",728.3,5.7,137.7,8.547347,2.013246,0,0,DJI Matrice 300 RTK,M300 RTK,1ZN7L4R0H1D00F,1W9DL31001461C,1ZMLH8300204F0,1Z6PH74DAP0QN7,DJI Pilot,Android,7.0.2,1EF72A62-B7C3-C88D-164E-CE6F8C8424AE,1ZN7L4R0H1D00F,1W9DL31001461C,,1ZMLH8300204F0,1W9DL31001461C,,,,,
2023-11-01,11:31:32.96 AM,7m 10.6s,430.6,33.799034270588,-117.4748317696012,73.4,137.7,17.3,1337,3496.7,6.487126,7.161702,-4.697574,2.23694,-4.47388,1.342164,0,0.894776,-3,-0.1,3,-135.1,224.9,223.9,Tripod,Other,,22,5,True,,True,False,,Smart,RC,False,True,False,,,True,,False,False,False,False,False,False,False,False,False,False,0,Follow Yaw,-77.9,0,-143.3,216.7,False,False,False,False,False,,0,0,False,False,No Card,100,100,1024,1384,900,1024,2,False,False,False,False,False,0,False,False,False,False,77,,46.932,,3839,,4986,,46.932,,True,3.913,3.913,3.913,3.913,3.913,3.913,3.913,3.913,3.913,3.913,3.913,3.913,0,,False,False,True,,,,,,,,,,,,,,,False,False,9.252,,98.7,,75.7,,98.7,,1455,94,7,20,7,143874.7,19183.29,,Idle,,20,,10,,,20,Go Home,False,False,False,False,False,False,False,False,False,False,False,False,33.8027920380556,-117.4659261431046,3027.8,3027.8,1049.4,396.9,True,1,1,False,False,False,False,,True,False,False,Course Lock,196.8,67,16.4,93,E,SW,2.68,11.4,Calm,False,False,Android,7.0.2,M300 RTK,1ZN7L4R0H1D00F,1W9DL31001461C,1ZMLH8300204F0,1Z6PH74DAP0QN7,"Corona, CA",728.3,5.7,137.7,8.547347,2.013246,0,0,DJI Matrice 300 RTK,M300 RTK,1ZN7L4R0H1D00F,1W9DL31001461C,1ZMLH8300204F0,1Z6PH74DAP0QN7,DJI Pilot,Android,7.0.2,1EF72A62-B7C3-C88D-164E-CE6F8C8424AE,1ZN7L4R0H1D00F,1W9DL31001461C,,1ZMLH8300204F0,1W9DL31001461C,,,,,
2023-11-01,11:31:33.06 AM,7m 10.7s,430.7,33.7990320364351,-117.4748339800093,73.4,137.7,17.3,1337,3497.8,6.643372,7.161702,-4.697574,2.23694,-4.697574,1.342164,0,0.894776,-3,0,3,-135.1,224.9,219.4,Tripod,Other,,22,5,True,,True,False,,Smart,RC,False,True,False,,,True,,False,False,False,False,False,False,False,False,False,False,0,Follow Yaw,-77.9,0,-143.3,216.7,False,False,False,False,False,,0,0,False,False,No Card,100,100,1024,1383,900,1024,2,False,False,False,False,False,0,False,False,False,False,77,,46.932,,3839,,4986,,46.932,,True,3.913,3.913,3.913,3.913,3.913,3.913,3.913,3.913,3.913,3.913,3.913,3.913,0,,False,False,True,,,,,,,,,,,,,,,False,False,9.252,,98.7,,75.7,,98.7,,1455,94,7,20,7,143874.7,19183.29,,Idle,,20,,10,,,20,Go Home,False,False,False,False,False,False,False,False,False,False,False,False,33.8027920380556,-117.4659261431046,3028.8,3028.8,1049.4,396.9,True,1,1,False,False,False,False,,True,False,False,Course Lock,196.8,67,16.4,93,E,SW,2.68,11.4,Calm,False,False,Android,7.0.2,M300 RTK,1ZN7L4R0H1D00F,1W9DL31001461C,1ZMLH8300204F0,1Z6PH74DAP0QN7,"Corona, CA",728.3,5.7,137.7,8.547347,2.013246,0,0,DJI Matrice 300 RTK,M300 RTK,1ZN7L4R0H1D00F,1W9DL31001461C,1ZMLH8300204F0,1Z6PH74DAP0QN7,DJI Pilot,Android,7.0.2,1EF72A62-B7C3-C88D-164E-CE6F8C8424AE,1ZN7L4R0H1D00F,1W9DL31001461C,,1ZMLH8300204F0,1W9DL31001461C,,,,,
2023-11-01,11:31:33.16 AM,7m 10.8s,430.8,33.7990299470225,-117.4748363997888,73.4,137.7,17.3,1337,3498.8,6.643372,7.161702,-4.697574,2.23694,-4.697574,1.342164,0,0.894776,-2.8,-0.3,2.8,-135.1,224.9,223.9,Tripod,Other,,22,5,True,,True,False,,Smart,RC,False,True,False,,,True,,False,False,False,False,False,False,False,False,False,False,0,Follow Yaw,-77.9,0,-143.3,216.7,False,False,False,False,False,,0,0,False,False,No Card,100,100,1024,1384,900,1024,2,False,False,False,False,False,0,False,False,False,False,77,,46.932,,3839,,4986,,46.932,,True,3.913,3.913,3.913,3.913,3.913,3.913,3.913,3.913,3.913,3.913,3.913,3.913,0,,False,False,True,,,,,,,,,,,,,,,False,False,9.252,,98.7,,75.7,,98.7,,1455,94,7,20,7,143874.7,19183.29,,Idle,,20,,10,,,20,Go Home,False,False,False,False,False,False,False,False,False,False,False,False,33.8027920380556,-117.4659261431046,3029.8,3029.8,1049.4,396.9,True,1,1,False,False,False,False,,True,False,False,Course Lock,196.8,67,16.4,93,E,SW,2.68,11.4,Calm,False,False,Android,7.0.2,M300 RTK,1ZN7L4R0H1D00F,1W9DL31001461C,1ZMLH8300204F0,1Z6PH74DAP0QN7,"Corona, CA",728.3,5.7,137.7,8.547347,2.013246,0,0,DJI Matrice 300 RTK,M300 RTK,1ZN7L4R0H1D00F,1W9DL31001461C,1ZMLH8300204F0,1Z6PH74DAP0QN7,DJI Pilot,Android,7.0.2,1EF72A62-B7C3-C88D-164E-CE6F8C8424AE,1ZN7L4R0H1D00F,1W9DL31001461C,,1ZMLH8300204F0,1W9DL31001461C,,,,,
2023-11-01,11:31:33.26 AM,7m 10.9s,430.9,33.7990279242233,-117.4748386764224,73.4,137.7,17.3,1337,3499.8,6.643372,7.161702,-4.697574,2.23694,-4.697574,1.342164,0,0.894776,-2.5,-0.6,2.5,-135.2,224.8,223.0,Tripod,Other,,22,5,True,,True,False,,Smart,RC,False,True,False,,,True,,False,False,False,False,False,False,False,False,False,False,0,Follow Yaw,-77.9,0,-143.3,216.7,False,False,False,False,False,,0,0,False,False,No Card,100,100,1024,1383,901,1024,2,False,False,False,False,False,0,False,False,False,False,77,,46.932,,3839,,4986,,46.932,,True,3.913,3.913,3.913,3.913,3.913,3.913,3.913,3.913,3.913,3.913,3.913,3.913,0,,False,False,True,,,,,,,,,,,,,,,False,False,9.252,,98.7,,75.7,,98.7,,1455,94,7,20,7,143874.7,19183.29,,Idle,,20,,10,,,20,Go Home,False,False,False,False,False,False,False,False,False,False,False,False,33.8027920380556,-117.4659261431046,3030.7,3030.7,1049.4,396.9,True,1,1,False,False,False,False,,True,False,False,Course Lock,196.8,67,16.4,93,E,SW,2.68,11.4,Calm,False,False,Android,7.0.2,M300 RTK,1ZN7L4R0H1D00F,1W9DL31001461C,1ZMLH8300204F0,1Z6PH74DAP0QN7,"Corona, CA",728.3,5.7,137.7,8.547347,2.013246,0,0,DJI Matrice 300 RTK,M300 RTK,1ZN7L4R0H1D00F,1W9DL31001461C,1ZMLH8300204F0,1Z6PH74DAP0QN7,DJI Pilot,Android,7.0.2,1EF72A62-B7C3-C88D-164E-CE6F8C8424AE,1ZN7L4R0H1D00F,1W9DL31001461C,,1ZMLH8300204F0,1W9DL31001461C,,,,,
2023-11-01,11:31:33.37 AM,7m 11.0s,431.0,33.7990259307559,-117.4748409926552,73.4,137.7,17.3,1337,3500.8,6.643372,7.161702,-4.697574,2.23694,-4.697574,1.342164,0,0.894776,-2.4,-0.7,2.5,-135.2,224.8,223.9,Tripod,Other,,22,5,True,,True,False,,Smart,RC,False,True,False,,,True,,False,False,False,False,False,False,False,False,False,False,0,Follow Yaw,-77.9,0,-143.3,216.7,False,False,False,False,False,,0,0,False,False,No Card,100,100,1024,1384,902,1024,2,False,False,False,False,False,0,False,False,False,False,77,,47.004,,7733,,10044,,47.004,,True,3.913,3.913,3.913,3.913,3.913,3.913,3.913,3.913,3.913,3.913,3.913,3.913,0,,False,False,True,,,,,,,,,,,,,,,False,False,18.516,,98.7,,75.7,,98.7,,1455,94,7,20,7,143874.7,19183.29,,Idle,,20,,10,,,20,Go Home,False,False,False,False,False,False,False,False,False,False,False,False,33.8027920380556,-117.4659261431046,3031.7,3031.7,1049.4,396.9,True,1,1,False,False,False,False,,True,False,False,Course Lock,196.8,67,16.4,93,E,SW,2.68,11.4,Calm,False,False,Android,7.0.2,M300 RTK,1ZN7L4R0H1D00F,1W9DL31001461C,1ZMLH8300204F0,1Z6PH74DAP0QN7,"Corona, CA",728.3,5.7,137.7,8.547347,2.013246,0,0,DJI Matrice 300 RTK,M300 RTK,1ZN7L4R0H1D00F,1W9DL31001461C,1ZMLH8300204F0,1Z6PH74DAP0QN7,DJI Pilot,Android,7.0.2,1EF72A62-B7C3-C88D-164E-CE6F8C8424AE,1ZN7L4R0H1D00F,1W9DL31001461C,,1ZMLH8300204F0,1W9DL31001461C,,,,,
2023-11-01,11:31:33.47 AM,7m 11.1s,431.1,33.7990240137705,-117.4748431260348,73.4,137.7,17.3,1337,3501.8,6.643372,7.161702,-4.697574,2.23694,-4.697574,1.342164,0,0.894776,-2.4,-0.9,2.5,-135.2,224.8,222.7,Tripod,Other,,22,5,True,,True,False,,Smart,RC,False,True,False,,,True,,False,False,False,False,False,False,False,False,False,False,0,Follow Yaw,-77.9,0,-143.3,216.7,False,False,False,False,False,,0,0,False,False,No Card,100,100,1024,1385,901,1024,2,False,False,False,False,False,0,False,False,False,False,77,,47.004,,7733,,10044,,47.004,,True,3.913,3.913,3.913,3.913,3.913,3.913,3.913,3.913,3.913,3.913,3.913,3.913,0,,False,False,True,,,,,,,,,,,,,,,False,False,18.516,,98.7,,75.7,,98.7,,1455,94,7,20,7,143874.7,19183.29,,Idle,,20,,10,,,20,Go Home,False,False,False,False,False,False,False,False,False,False,False,False,33.8027920380556,-117.4659261431046,3032.6,3032.6,1049.4,396.9,True,1,1,False,False,False,False,,True,False,False,Course Lock,196.8,67,16.4,93,E,SW,2.68,11.4,Calm,False,False,Android,7.0.2,M300 RTK,1ZN7L4R0H1D00F,1W9DL31001461C,1ZMLH8300204F0,1Z6PH74DAP0QN7,"Corona, CA",728.3,5.7,137.7,8.547347,2.013246,0,0,DJI Matrice 300 RTK,M300 RTK,1ZN7L4R0H1D00F,1W9DL31001461C,1ZMLH8300204F0,1Z6PH74DAP0QN7,DJI Pilot,Android,7.0.2,1EF72A62-B7C3-C88D-164E-CE6F8C8424AE,1ZN7L4R0H1D00F,1W9DL31001461C,,1ZMLH8300204F0,1W9DL31001461C,,,,,
2023-11-01,11:31:33.58 AM,7m 11.2s,431.2,33.7990220175618,-117.474845434892,73.4,137.7,17.3,1337,3502.8,6.643372,7.161702,-4.697574,2.23694,-4.697574,1.342164,0,0.894776,-2.4,-0.8,2.5,-135.2,224.8,223.8,Tripod,Other,,22,5,True,,True,False,,Smart,RC,False,True,False,,,True,,False,False,False,False,False,False,False,False,False,False,0,Follow Yaw,-77.9,0,-143.3,216.7,False,False,False,False,False,,0,0,False,False,No Card,100,100,1024,1383,900,1024,2,False,False,False,False,False,0,False,False,False,False,77,,47.004,,7733,,10044,,47.004,,True,3.913,3.913,3.913,3.913,3.913,3.913,3.913,3.913,3.913,3.913,3.913,3.913,0,,False,False,True,,,,,,,,,,,,,,,False,False,18.516,,98.7,,75.7,,98.7,,1455,94,7,20,7,143874.7,19183.29,,Idle,,20,,10,,,20,Go Home,False,False,False,False,False,False,False,False,False,False,False,False,33.8027920380556,-117.4659261431046,3033.5,3033.5,1049.4,396.9,True,1,1,False,False,False,False,,True,False,False,Course Lock,196.8,67,16.4,93,E,SW,2.68,11.4,Calm,False,False,Android,7.0.2,M300 RTK,1ZN7L4R0H1D00F,1W9DL31001461C,1ZMLH8300204F0,1Z6PH74DAP0QN7,"Corona, CA",728.3,5.7,137.7,8.547347,2.013246,0,0,DJI Matrice 300 RTK,M300 RTK,1ZN7L4R0H1D00F,1W9DL31001461C,1ZMLH8300204F0,1Z6PH74DAP0QN7,DJI Pilot,Android,7.0.2,1EF72A62-B7C3-C88D-164E-CE6F8C8424AE,1ZN7L4R0H1D00F,1W9DL31001461C,,1ZMLH8300204F0,1W9DL31001461C,,,,,
2023-11-01,11:31:33.68 AM,7m 11.3s,431.3,33.7990200547969,-117.4748478511512,73.4,137.7,17.3,1337,3503.8,6.643372,7.161702,-4.697574,2.23694,-4.697574,1.342164,0,0.894776,-2.4,-0.8,2.5,-135.2,224.8,225.6,Tripod,Other,,22,5,True,,True,False,,Smart,RC,False,True,False,,,True,,False,False,False,False,False,False,False,False,False,False,0,Follow Yaw,-77.9,0,-143.3,216.7,False,False,False,False,False,,0,0,False,False,No Card,100,100,1024,1380,908,1024,2,False,False,False,False,False,0,False,False,False,False,77,,47.004,,7733,,10044,,47.004,,True,3.914,3.914,3.914,3.914,3.914,3.914,3.914,3.914,3.914,3.914,3.914,3.914,0,,False,False,True,,,,,,,,,,,,,,,False,False,18.516,,98.7,,75.7,,98.7,,1454,94,7,20,7,143401.7,19120.23,,Idle,,20,,10,,,20,Go Home,False,False,False,False,False,False,False,False,False,False,False,False,33.8027920380556,-117.4659261431046,3034.5,3034.5,1049.4,396.9,True,1,1,False,False,False,False,,True,False,False,Course Lock,196.8,67,16.4,93,E,SW,2.68,11.4,Calm,False,False,Android,7.0.2,M300 RTK,1ZN7L4R0H1D00F,1W9DL31001461C,1ZMLH8300204F0,1Z6PH74DAP0QN7,"Corona, CA",728.3,5.7,137.7,8.547347,2.013246,0,0,DJI Matrice 300 RTK,M300 RTK,1ZN7L4R0H1D00F,1W9DL31001461C,1ZMLH8300204F0,1Z6PH74DAP0QN7,DJI Pilot,Android,7.0.2,1EF72A62-B7C3-C88D-164E-CE6F8C8424AE,1ZN7L4R0H1D00F,1W9DL31001461C,,1ZMLH8300204F0,1W9DL31001461C,,,,,
2023-11-01,11:31:33.74 AM,7m 11.4s,431.4,33.7990180629743,-117.4748501575756,73.4,137.7,17.3,1337,3504.8,6.643372,7.161702,-4.697574,2.23694,-4.697574,1.342164,0,0.894776,-2.4,-0.7,2.5,-135.2,224.8,223.8,Tripod,Other,,22,5,True,,True,False,,Smart,RC,False,True,False,,,True,,False,False,False,False,False,False,False,False,False,False,0,Follow Yaw,-77.9,0,-143.3,216.7,False,False,False,False,False,,0,0,False,False,No Card,100,100,1024,1381,905,1024,2,False,False,False,False,False,0,False,False,False,False,77,,47.004,,7733,,10044,,47.004,,True,3.914,3.914,3.914,3.914,3.914,3.914,3.914,3.914,3.914,3.914,3.914,3.914,0,,False,False,True,,,,,,,,,,,,,,,False,False,18.516,,98.7,,75.7,,98.7,,1454,94,7,20,7,143401.7,19120.23,,Idle,,20,,10,,,20,Go Home,False,False,False,False,False,False,False,False,False,False,False,False,33.8027920380556,-117.4659261431046,3035.5,3035.5,1049.4,396.9,True,1,1,False,False,False,False,,True,False,False,Course Lock,196.8,67,16.4,93,E,SW,2.68,11.4,Calm,False,False,Android,7.0.2,M300 RTK,1ZN7L4R0H1D00F,1W9DL31001461C,1ZMLH8300204F0,1Z6PH74DAP0QN7,"Corona, CA",728.3,5.7,137.7,8.547347,2.013246,0,0,DJI Matrice 300 RTK,M300 RTK,1ZN7L4R0H1D00F,1W9DL31001461C,1ZMLH8300204F0,1Z6PH74DAP0QN7,DJI Pilot,Android,7.0.2,1EF72A62-B7C3-C88D-164E-CE6F8C8424AE,1ZN7L4R0H1D00F,1W9DL31001461C,,1ZMLH8300204F0,1W9DL31001461C,,,,,
2023-11-01,11:31:33.84 AM,7m 11.5s,431.5,33.7990161191243,-117.4748523102781,73.4,137.7,17.3,1337,3505.8,6.643372,7.161702,-4.697574,2.23694,-4.697574,1.342164,0,0.894776,-2.3,-0.6,2.3,-135.1,224.9,222.6,Tripod,Other,,22,5,True,,True,False,,Smart,RC,False,True,False,,,True,,False,False,False,False,False,False,False,False,False,False,0,Follow Yaw,-77.9,0,-143.3,216.7,False,False,False,False,False,,0,0,False,False,No Card,100,100,1024,1384,902,1024,2,False,False,False,False,False,0,False,False,False,False,77,,47.004,,7733,,10044,,47.004,,True,3.914,3.914,3.914,3.914,3.914,3.914,3.914,3.914,3.914,3.914,3.914,3.914,0,,False,False,True,,,,,,,,,,,,,,,False,False,18.516,,98.7,,75.7,,98.7,,1454,94,7,20,7,143401.7,19120.23,,Idle,,20,,10,,,20,Go Home,False,False,False,False,False,False,False,False,False,False,False,False,33.8027920380556,-117.4659261431046,3036.4,3036.4,1049.4,396.9,True,1,1,False,False,False,False,,True,False,False,Course Lock,196.8,67,16.4,93,E,SW,2.68,11.4,Calm,False,False,Android,7.0.2,M300 RTK,1ZN7L4R0H1D00F,1W9DL31001461C,1ZMLH8300204F0,1Z6PH74DAP0QN7,"Corona, CA",728.3,5.7,137.7,8.547347,2.013246,0,0,DJI Matrice 300 RTK,M300 RTK,1ZN7L4R0H1D00F,1W9DL31001461C,1ZMLH8300204F0,1Z6PH74DAP0QN7,DJI Pilot,Android,7.0.2,1EF72A62-B7C3-C88D-164E-CE6F8C8424AE,1ZN7L4R0H1D00F,1W9DL31001461C,,1ZMLH8300204F0,1W9DL31001461C,,,,,
2023-11-01,11:31:33.94 AM,7m 11.6s,431.6,33.7990141179812,-117.4748546168263,73.4,137.7,17.0,1337,3506.8,6.643372,7.161702,-4.697574,2.23694,-4.697574,1.342164,0,0.894776,-2.2,-0.5,2.2,-135.1,224.9,223.7,Tripod,Other,,22,5,True,,True,False,,Smart,RC,False,True,False,,,True,,False,False,False,False,False,False,False,False,False,False,0,Follow Yaw,-77.9,0,-143.3,216.7,False,False,False,False,False,,0,0,False,False,No Card,100,100,1024,1384,901,1024,2,False,False,False,False,False,0,False,False,False,False,77,,47.004,,7733,,10044,,47.004,,True,3.914,3.914,3.914,3.914,3.914,3.914,3.914,3.914,3.914,3.914,3.914,3.914,0,,False,False,True,,,,,,,,,,,,,,,False,False,18.516,,98.7,,75.7,,98.7,,1454,94,7,20,7,143401.7,19120.23,,Idle,,20,,10,,,20,Go Home,False,False,False,False,False,False,False,False,False,False,False,False,33.8027920380556,-117.4659261431046,3037.3,3037.3,1049.4,396.9,True,1,1,False,False,False,False,,True,False,False,Course Lock,196.8,67,16.4,93,E,SW,2.68,11.4,Calm,False,False,Android,7.0.2,M300 RTK,1ZN7L4R0H1D00F,1W9DL31001461C,1ZMLH8300204F0,1Z6PH74DAP0QN7,"Corona, CA",728.3,5.7,137.7,8.547347,2.013246,0,0,DJI Matrice 300 RTK,M300 RTK,1ZN7L4R0H1D00F,1W9DL31001461C,1ZMLH8300204F0,1Z6PH74DAP0QN7,DJI Pilot,Android,7.0.2,1EF72A62-B7C3-C88D-164E-CE6F8C8424AE,1ZN7L4R0H1D00F,1W9DL31001461C,,1ZMLH8300204F0,1W9DL31001461C,,,,,
2023-11-01,11:31:34.04 AM,7m 11.7s,431.7,33.7990120891512,-117.4748569163365,73.1,137.7,17.0,1337,3507.8,6.643372,7.161702,-4.697574,2.23694,-4.697574,1.342164,0,0.894776,-2.2,-0.6,2.2,-135.1,224.9,223.2,Tripod,Other,,22,5,True,,True,False,,Smart,RC,False,True,False,,,True,,False,False,False,False,False,False,False,False,False,False,0,Follow Yaw,-77.9,0,-143.3,216.7,False,False,False,False,False,,0,0,False,False,No Card,100,100,1024,1385,898,1024,2,False,False,False,False,False,0,False,False,False,False,77,,46.956,,3839,,4986,,46.956,,True,3.914,3.914,3.914,3.914,3.914,3.914,3.914,3.914,3.914,3.914,3.914,3.914,0,,False,False,True,,,,,,,,,,,,,,,False,False,9.386,,98.7,,75.7,,98.7,,1454,94,7,20,7,143401.7,19120.23,,Idle,,20,,10,,,20,Go Home,False,False,False,False,False,False,False,False,False,False,False,False,33.8027920380556,-117.4659261431046,3038.3,3038.3,1049.4,396.9,True,1,1,False,False,False,False,,True,False,False,Course Lock,196.8,67,16.4,93,E,SW,2.68,11.4,Calm,False,False,Android,7.0.2,M300 RTK,1ZN7L4R0H1D00F,1W9DL31001461C,1ZMLH8300204F0,1Z6PH74DAP0QN7,"Corona, CA",728.3,5.7,137.7,8.547347,2.013246,0,0,DJI Matrice 300 RTK,M300 RTK,1ZN7L4R0H1D00F,1W9DL31001461C,1ZMLH8300204F0,1Z6PH74DAP0QN7,DJI Pilot,Android,7.0.2,1EF72A62-B7C3-C88D-164E-CE6F8C8424AE,1ZN7L4R0H1D00F,1W9DL31001461C,,1ZMLH8300204F0,1W9DL31001461C,,,,,
2023-11-01,11:31:34.14 AM,7m 11.8s,431.8,33.799009983565,-117.4748593419195,73.1,137.7,17.0,1337,3508.9,6.643372,7.161702,-4.697574,2.23694,-4.697574,1.342164,0,0.894776,-2.1,-0.7,2.2,-135.2,224.8,223.7,Tripod,Other,,22,5,True,,True,False,,Smart,RC,False,True,False,,,True,,False,False,False,False,False,False,False,False,False,False,0,Follow Yaw,-77.9,0,-143.3,216.7,False,False,False,False,False,,0,0,False,False,No Card,100,100,1024,1386,899,1024,2,False,False,False,False,False,0,False,False,False,False,77,,46.956,,3839,,4986,,46.956,,True,3.914,3.914,3.914,3.914,3.914,3.914,3.914,3.914,3.914,3.914,3.914,3.914,0,,False,False,True,,,,,,,,,,,,,,,False,False,9.386,,98.7,,75.7,,98.7,,1454,94,7,20,7,143401.7,19120.23,,Idle,,20,,10,,,20,Go Home,False,False,False,False,False,False,False,False,False,False,False,False,33.8027920380556,-117.4659261431046,3039.3,3039.3,1049.4,396.9,True,1,1,False,False,False,False,,True,False,False,Course Lock,196.8,67,16.4,93,E,SW,2.68,11.4,Calm,False,False,Android,7.0.2,M300 RTK,1ZN7L4R0H1D00F,1W9DL31001461C,1ZMLH8300204F0,1Z6PH74DAP0QN7,"Corona, CA",728.3,5.7,137.7,8.547347,2.013246,0,0,DJI Matrice 300 RTK,M300 RTK,1ZN7L4R0H1D00F,1W9DL31001461C,1ZMLH8300204F0,1Z6PH74DAP0QN7,DJI Pilot,Android,7.0.2,1EF72A62-B7C3-C88D-164E-CE6F8C8424AE,1ZN7L4R0H1D00F,1W9DL31001461C,,1ZMLH8300204F0,1W9DL31001461C,,,,,
2023-11-01,11:31:34.24 AM,7m 11.9s,431.9,33.7990080709657,-117.4748616988752,73.1,137.7,17.0,1337,3509.9,6.643372,7.161702,-4.697574,2.23694,-4.697574,1.342164,0,0.894776,-2.1,-0.9,2.2,-135.2,224.8,225.6,Tripod,Other,,22,5,True,,True,False,,Smart,RC,False,True,False,,,True,,False,False,False,False,False,False,False,False,False,False,0,Follow Yaw,-77.9,0,-143.3,216.7,False,False,False,False,False,,0,0,False,False,No Card,100,100,1024,1383,901,1024,2,False,False,False,False,False,0,False,False,False,False,77,,46.956,,3839,,4986,,46.956,,True,3.914,3.914,3.914,3.914,3.914,3.914,3.914,3.914,3.914,3.914,3.914,3.914,0,,False,False,True,,,,,,,,,,,,,,,False,False,9.386,,98.7,,75.7,,98.7,,1454,94,7,20,7,143401.7,19120.23,,Idle,,20,,10,,,20,Go Home,False,False,False,False,False,False,False,False,False,False,False,False,33.8027920380556,-117.4659261431046,3040.2,3040.2,1049.4,396.9,True,1,1,False,False,False,False,,True,False,False,Course Lock,196.8,67,16.4,93,E,SW,2.68,11.4,Calm,False,False,Android,7.0.2,M300 RTK,1ZN7L4R0H1D00F,1W9DL31001461C,1ZMLH8300204F0,1Z6PH74DAP0QN7,"Corona, CA",728.3,5.7,137.7,8.547347,2.013246,0,0,DJI Matrice 300 RTK,M300 RTK,1ZN7L4R0H1D00F,1W9DL31001461C,1ZMLH8300204F0,1Z6PH74DAP0QN7,DJI Pilot,Android,7.0.2,1EF72A62-B7C3-C88D-164E-CE6F8C8424AE,1ZN7L4R0H1D00F,1W9DL31001461C,,1ZMLH8300204F0,1W9DL31001461C,,,,,
2023-11-01,11:31:34.34 AM,7m 12.0s,432.0,33.799005962364,-117.4748641383588,73.1,137.7,17.0,1337,3511.0,6.643372,7.161702,-4.697574,2.23694,-4.697574,1.342164,0,0.894776,-2.2,-0.8,2.3,-135.1,224.9,223.8,Tripod,Other,,22,5,True,,True,False,,Smart,RC,False,True,False,,,True,,False,False,False,False,False,False,False,False,False,False,0,Follow Yaw,-77.9,0,-143.3,216.7,False,False,False,False,False,,0,0,False,False,No Card,100,100,1024,1385,900,1024,2,False,False,False,False,False,0,False,False,False,False,77,,46.992,,7733,,10044,,46.992,,True,3.914,3.914,3.914,3.914,3.914,3.914,3.914,3.914,3.914,3.914,3.914,3.914,0,,False,False,True,,,,,,,,,,,,,,,False,False,18.994,,98.7,,75.7,,98.7,,1454,94,7,20,7,143401.7,19120.23,,Idle,,20,,10,,,20,Go Home,False,False,False,False,False,False,False,False,False,False,False,False,33.8027920380556,-117.4659261431046,3041.2,3041.2,1049.4,396.9,True,1,1,False,False,False,False,,True,False,False,Course Lock,196.8,67,16.4,93,E,SW,2.68,11.4,Calm,False,False,Android,7.0.2,M300 RTK,1ZN7L4R0H1D00F,1W9DL31001461C,1ZMLH8300204F0,1Z6PH74DAP0QN7,"Corona, CA",728.3,5.7,137.7,8.547347,2.013246,0,0,DJI Matrice 300 RTK,M300 RTK,1ZN7L4R0H1D00F,1W9DL31001461C,1ZMLH8300204F0,1Z6PH74DAP0QN7,DJI Pilot,Android,7.0.2,1EF72A62-B7C3-C88D-164E-CE6F8C8424AE,1ZN7L4R0H1D00F,1W9DL31001461C,,1ZMLH8300204F0,1W9DL31001461C,,,,,
2023-11-01,11:31:34.40 AM,7m 12.1s,432.1,33.7990040607299,-117.4748662800958,73.1,137.7,17.0,1337,3511.9,6.643372,7.161702,-4.697574,2.23694,-4.697574,1.342164,0,0.894776,-2.2,-0.6,2.2,-135.1,224.9,223.1,Tripod,Other,,22,5,True,,True,False,,Smart,RC,False,True,False,,,True,,False,False,False,False,False,False,False,False,False,False,0,Follow Yaw,-77.9,0,-143.3,216.7,False,False,False,False,False,,0,0,False,False,No Card,100,100,1024,1385,899,1024,2,False,False,False,False,False,0,False,False,False,False,77,,46.992,,7733,,10044,,46.992,,True,3.914,3.914,3.914,3.914,3.914,3.914,3.914,3.914,3.914,3.914,3.914,3.914,0,,False,False,True,,,,,,,,,,,,,,,False,False,18.994,,98.7,,75.7,,98.7,,1454,94,7,20,7,143401.7,19120.23,,Idle,,20,,10,,,20,Go Home,False,False,False,False,False,False,False,False,False,False,False,False,33.8027920380556,-117.4659261431046,3042.1,3042.1,1049.4,396.9,True,1,1,False,False,False,False,,True,False,False,Course Lock,196.8,67,16.4,93,E,SW,2.68,11.4,Calm,False,False,Android,7.0.2,M300 RTK,1ZN7L4R0H1D00F,1W9DL31001461C,1ZMLH8300204F0,1Z6PH74DAP0QN7,"Corona, CA",728.3,5.7,137.7,8.547347,2.013246,0,0,DJI Matrice 300 RTK,M300 RTK,1ZN7L4R0H1D00F,1W9DL31001461C,1ZMLH8300204F0,1Z6PH74DAP0QN7,DJI Pilot,Android,7.0.2,1EF72A62-B7C3-C88D-164E-CE6F8C8424AE,1ZN7L4R0H1D00F,1W9DL31001461C,,1ZMLH8300204F0,1W9DL31001461C,,,,,
2023-11-01,11:31:34.54 AM,7m 12.2s,432.2,33.7990019480163,-117.4748687185693,73.1,137.7,17.0,1337,3513.0,6.643372,7.161702,-4.697574,2.23694,-4.697574,1.342164,0,0.894776,-2,-0.4,2,-135,225,223.8,Tripod,Other,,22,5,True,,True,False,,Smart,RC,False,True,False,,,True,,False,False,False,False,False,False,False,False,False,False,0,Follow Yaw,-77.9,0,-143.3,216.7,False,False,False,False,False,,0,0,False,False,No Card,100,100,1024,1384,899,1024,2,False,False,False,False,False,0,False,False,False,False,77,,46.992,,7733,,10044,,46.992,,True,3.914,3.914,3.914,3.914,3.914,3.914,3.914,3.914,3.914,3.914,3.914,3.914,0,,False,False,True,,,,,,,,,,,,,,,False,False,18.994,,98.7,,75.7,,98.7,,1454,94,7,20,7,143401.7,19120.23,,Idle,,20,,10,,,20,Go Home,False,False,False,False,False,False,False,False,False,False,False,False,33.8027920380556,-117.4659261431046,3043.1,3043.1,1049.4,396.9,True,1,1,False,False,False,False,,True,False,False,Course Lock,196.8,67,16.4,93,E,SW,2.68,11.4,Calm,False,False,Android,7.0.2,M300 RTK,1ZN7L4R0H1D00F,1W9DL31001461C,1ZMLH8300204F0,1Z6PH74DAP0QN7,"Corona, CA",728.3,5.7,137.7,8.547347,2.013246,0,0,DJI Matrice 300 RTK,M300 RTK,1ZN7L4R0H1D00F,1W9DL31001461C,1ZMLH8300204F0,1Z6PH74DAP0QN7,DJI Pilot,Android,7.0.2,1EF72A62-B7C3-C88D-164E-CE6F8C8424AE,1ZN7L4R0H1D00F,1W9DL31001461C,,1ZMLH8300204F0,1W9DL31001461C,,,,,
2023-11-01,11:31:34.64 AM,7m 12.3s,432.3,33.7990001171075,-117.4748711392018,73.1,137.7,17.0,1337,3514.0,6.643372,7.161702,-4.697574,2.23694,-4.697574,1.342164,0,0.894776,-1.9,-0.4,1.9,-135,225,227.6,Tripod,Other,,22,5,True,,True,False,,Smart,RC,False,True,False,,,True,,False,False,False,False,False,False,False,False,False,False,0,Follow Yaw,-77.9,0,-143.3,216.7,False,False,False,False,False,,0,0,False,False,No Card,100,100,1024,1383,901,1024,2,False,False,False,False,False,0,False,False,False,False,77,,46.992,,7733,,10044,,46.992,,True,3.92,3.92,3.92,3.92,3.92,3.92,3.92,3.92,3.92,3.92,3.92,3.92,0,,False,False,True,,,,,,,,,,,,,,,False,False,18.994,,98.7,,75.7,,98.7,,1455,94,7,20,7,142833.1,19044.41,,Idle,,20,,10,,,20,Go Home,False,False,False,False,False,False,False,False,False,False,False,False,33.8027920380556,-117.4659261431046,3044.1,3044.1,1049.4,396.9,True,1,1,False,False,False,False,,True,False,False,Course Lock,196.8,67,16.4,93,E,SW,2.68,11.4,Calm,False,False,Android,7.0.2,M300 RTK,1ZN7L4R0H1D00F,1W9DL31001461C,1ZMLH8300204F0,1Z6PH74DAP0QN7,"Corona, CA",728.3,5.7,137.7,8.547347,2.013246,0,0,DJI Matrice 300 RTK,M300 RTK,1ZN7L4R0H1D00F,1W9DL31001461C,1ZMLH8300204F0,1Z6PH74DAP0QN7,DJI Pilot,Android,7.0.2,1EF72A62-B7C3-C88D-164E-CE6F8C8424AE,1ZN7L4R0H1D00F,1W9DL31001461C,,1ZMLH8300204F0,1W9DL31001461C,,,,,
2023-11-01,11:31:34.71 AM,7m 12.4s,432.4,33.7989981211729,-117.4748734768629,73.1,137.7,17.0,1337,3515.0,6.643372,7.161702,-4.697574,2.23694,-4.697574,1.342164,0,0.894776,-1.8,-0.5,1.8,-135,225,224.2,Tripod,Other,,22,5,True,,True,False,,Smart,RC,False,True,False,,,True,,False,False,False,False,False,False,False,False,False,False,0,Follow Yaw,-77.9,0,-143.3,216.7,False,False,False,False,False,,0,0,False,False,No Card,100,100,1024,1384,900,1024,2,False,False,False,False,False,0,False,False,False,False,77,,46.992,,7733,,10044,,46.992,,True,3.92,3.92,3.92,3.92,3.92,3.92,3.92,3.92,3.92,3.92,3.92,3.92,0,,False,False,True,,,,,,,,,,,,,,,False,False,18.994,,98.7,,75.7,,98.7,,1455,94,7,20,7,142833.1,19044.41,,Idle,,20,,10,,,20,Go Home,False,False,False,False,False,False,False,False,False,False,False,False,33.8027920380556,-117.4659261431046,3045.1,3045.1,1049.4,396.9,True,1,1,False,False,False,False,,True,False,False,Course Lock,196.8,67,16.4,93,E,SW,2.68,11.4,Calm,False,False,Android,7.0.2,M300 RTK,1ZN7L4R0H1D00F,1W9DL31001461C,1ZMLH8300204F0,1Z6PH74DAP0QN7,"Corona, CA",728.3,5.7,137.7,8.547347,2.013246,0,0,DJI Matrice 300 RTK,M300 RTK,1ZN7L4R0H1D00F,1W9DL31001461C,1ZMLH8300204F0,1Z6PH74DAP0QN7,DJI Pilot,Android,7.0.2,1EF72A62-B7C3-C88D-164E-CE6F8C8424AE,1ZN7L4R0H1D00F,1W9DL31001461C,,1ZMLH8300204F0,1W9DL31001461C,,,,,
2023-11-01,11:31:34.84 AM,7m 12.5s,432.5,33.7989959478768,-117.47487575094,73.1,137.7,17.0,1337,3516.0,6.643372,7.161702,-4.697574,2.23694,-4.697574,1.342164,0,0.894776,-1.8,-0.5,1.8,-135,225,221.0,Tripod,Other,,22,5,True,,True,False,,Smart,RC,False,True,False,,,True,,False,False,False,False,False,False,False,False,False,False,0,Follow Yaw,-77.9,0,-143.3,216.7,False,False,False,False,False,,0,0,False,False,No Card,100,100,1024,1384,902,1024,2,False,False,False,False,False,0,False,False,False,False,77,,46.992,,7733,,10044,,46.992,,True,3.92,3.92,3.92,3.92,3.92,3.92,3.92,3.92,3.92,3.92,3.92,3.92,0,,False,False,True,,,,,,,,,,,,,,,False,False,18.994,,98.7,,75.7,,98.7,,1455,94,7,20,7,142833.1,19044.41,,Idle,,20,,10,,,20,Go Home,False,False,False,False,False,False,False,False,False,False,False,False,33.8027920380556,-117.4659261431046,3046.0,3046.0,1049.4,396.9,True,1,1,False,False,False,False,,True,False,False,Course Lock,196.8,67,16.4,93,E,SW,2.68,11.4,Calm,False,False,Android,7.0.2,M300 RTK,1ZN7L4R0H1D00F,1W9DL31001461C,1ZMLH8300204F0,1Z6PH74DAP0QN7,"Corona, CA",728.3,5.7,137.7,8.547347,2.013246,0,0,DJI Matrice 300 RTK,M300 RTK,1ZN7L4R0H1D00F,1W9DL31001461C,1ZMLH8300204F0,1Z6PH74DAP0QN7,DJI Pilot,Android,7.0.2,1EF72A62-B7C3-C88D-164E-CE6F8C8424AE,1ZN7L4R0H1D00F,1W9DL31001461C,,1ZMLH8300204F0,1W9DL31001461C,,,,,
2023-11-01,11:31:34.94 AM,7m 12.6s,432.6,33.7989940407601,-117.4748779676388,73.1,137.7,17.0,1337,3517.0,6.643372,7.161702,-4.697574,2.23694,-4.697574,1.342164,0,0.894776,-1.8,-0.6,1.8,-135.1,224.9,224.0,Tripod,Other,,22,5,True,,True,False,,Smart,RC,False,True,False,,,True,,False,False,False,False,False,False,False,False,False,False,0,Follow Yaw,-77.9,0,-143.3,216.7,False,False,False,False,False,,0,0,False,False,No Card,100,100,1024,1383,902,1024,2,False,False,False,False,False,0,False,False,False,False,77,,46.992,,7733,,10044,,46.992,,True,3.92,3.92,3.92,3.92,3.92,3.92,3.92,3.92,3.92,3.92,3.92,3.92,0,,False,False,True,,,,,,,,,,,,,,,False,False,18.994,,98.7,,75.7,,98.7,,1455,94,7,20,7,142833.1,19044.41,,Idle,,20,,10,,,20,Go Home,False,False,False,False,False,False,False,False,False,False,False,False,33.8027920380556,-117.4659261431046,3046.9,3046.9,1049.4,396.9,True,1,1,False,False,False,False,,True,False,False,Course Lock,196.8,67,16.4,93,E,SW,2.68,11.4,Calm,False,False,Android,7.0.2,M300 RTK,1ZN7L4R0H1D00F,1W9DL31001461C,1ZMLH8300204F0,1Z6PH74DAP0QN7,"Corona, CA",728.3,5.7,137.7,8.547347,2.013246,0,0,DJI Matrice 300 RTK,M300 RTK,1ZN7L4R0H1D00F,1W9DL31001461C,1ZMLH8300204F0,1Z6PH74DAP0QN7,DJI Pilot,Android,7.0.2,1EF72A62-B7C3-C88D-164E-CE6F8C8424AE,1ZN7L4R0H1D00F,1W9DL31001461C,,1ZMLH8300204F0,1W9DL31001461C,,,,,
2023-11-01,11:31:35.04 AM,7m 12.7s,432.7,33.7989922287662,-117.4748803831635,73.1,137.7,17.0,1337,3518.0,6.643372,7.161702,-4.697574,2.23694,-4.697574,1.342164,0,0.894776,-1.9,-0.7,2,-135.1,224.9,227.9,Tripod,Other,,22,5,True,,True,False,,Smart,RC,False,True,False,,,True,,False,False,False,False,False,False,False,False,False,False,0,Follow Yaw,-77.9,0,-143.3,216.7,False,False,False,False,False,,0,0,False,False,No Card,100,100,1024,1382,903,1024,2,False,False,False,False,False,0,False,False,False,False,77,,46.992,,7733,,10044,,46.992,,True,3.92,3.92,3.92,3.92,3.92,3.92,3.92,3.92,3.92,3.92,3.92,3.92,0,,False,False,True,,,,,,,,,,,,,,,False,False,18.994,,98.7,,75.7,,98.7,,1455,94,7,20,7,142833.1,19044.41,,Idle,,20,,10,,,20,Go Home,False,False,False,False,False,False,False,False,False,False,False,False,33.8027920380556,-117.4659261431046,3047.9,3047.9,1049.4,396.9,True,1,1,False,False,False,False,,True,False,False,Course Lock,196.8,67,16.4,93,E,SW,2.68,11.4,Calm,False,False,Android,7.0.2,M300 RTK,1ZN7L4R0H1D00F,1W9DL31001461C,1ZMLH8300204F0,1Z6PH74DAP0QN7,"Corona, CA",728.3,5.7,137.7,8.547347,2.013246,0,0,DJI Matrice 300 RTK,M300 RTK,1ZN7L4R0H1D00F,1W9DL31001461C,1ZMLH8300204F0,1Z6PH74DAP0QN7,DJI Pilot,Android,7.0.2,1EF72A62-B7C3-C88D-164E-CE6F8C8424AE,1ZN7L4R0H1D00F,1W9DL31001461C,,1ZMLH8300204F0,1W9DL31001461C,,,,,
2023-11-01,11:31:35.12 AM,7m 12.8s,432.8,33.7989901448362,-117.474882840608,73.1,137.7,17.0,1337,3519.0,6.643372,7.161702,-4.697574,2.23694,-4.697574,1.342164,0,0.894776,-2.1,-0.8,2.2,-135.2,224.8,224.4,Tripod,Other,,21,5,True,,True,False,,Smart,RC,False,True,False,,,True,,False,False,False,False,False,False,False,False,False,False,0,Follow Yaw,-77.9,0,-143.3,216.7,False,False,False,False,False,,0,0,False,False,No Card,100,100,1024,1381,904,1024,2,False,False,False,False,False,0,False,False,False,False,77,,46.992,,7733,,10044,,46.992,,True,3.92,3.92,3.92,3.92,3.92,3.92,3.92,3.92,3.92,3.92,3.92,3.92,0,,False,False,True,,,,,,,,,,,,,,,False,False,18.994,,98.7,,75.7,,98.7,,1455,94,7,20,7,142833.1,19044.41,,Idle,,20,,10,,,20,Go Home,False,False,False,False,False,False,False,False,False,False,False,False,33.8027920380556,-117.4659261431046,3048.9,3048.9,1049.4,396.9,True,1,1,False,False,False,False,,True,False,False,Course Lock,196.8,67,16.4,93,E,SW,2.68,11.4,Calm,False,False,Android,7.0.2,M300 RTK,1ZN7L4R0H1D00F,1W9DL31001461C,1ZMLH8300204F0,1Z6PH74DAP0QN7,"Corona, CA",728.3,5.7,137.7,8.547347,2.013246,0,0,DJI Matrice 300 RTK,M300 RTK,1ZN7L4R0H1D00F,1W9DL31001461C,1ZMLH8300204F0,1Z6PH74DAP0QN7,DJI Pilot,Android,7.0.2,1EF72A62-B7C3-C88D-164E-CE6F8C8424AE,1ZN7L4R0H1D00F,1W9DL31001461C,,1ZMLH8300204F0,1W9DL31001461C,,,,,
2023-11-01,11:31:35.23 AM,7m 12.9s,432.9,33.7989882475881,-117.4748851001158,73.1,137.7,17.0,1337,3520.0,6.643372,7.161702,-4.697574,2.23694,-4.697574,1.342164,0,0.894776,-2.3,-0.8,2.4,-135.2,224.8,224.7,Tripod,Other,,21,5,True,,True,False,,Smart,RC,False,True,False,,,True,,False,False,False,False,False,False,False,False,False,False,0,Follow Yaw,-77.9,0,-143.3,216.7,False,False,False,False,False,,0,0,False,False,No Card,100,100,1024,1381,905,1024,2,False,False,False,False,False,0,False,False,False,False,77,,46.992,,7733,,10044,,46.992,,True,3.92,3.92,3.92,3.92,3.92,3.92,3.92,3.92,3.92,3.92,3.92,3.92,0,,False,False,True,,,,,,,,,,,,,,,False,False,18.994,,98.7,,75.7,,98.7,,1455,94,7,20,7,142833.1,19044.41,,Idle,,20,,10,,,20,Go Home,False,False,False,False,False,False,False,False,False,False,False,False,33.8027920380556,-117.4659261431046,3049.8,3049.8,1049.4,396.9,True,1,1,False,False,False,False,,True,False,False,Course Lock,196.8,67,16.4,93,E,SW,2.68,11.4,Calm,False,False,Android,7.0.2,M300 RTK,1ZN7L4R0H1D00F,1W9DL31001461C,1ZMLH8300204F0,1Z6PH74DAP0QN7,"Corona, CA",728.3,5.7,137.7,8.547347,2.013246,0,0,DJI Matrice 300 RTK,M300 RTK,1ZN7L4R0H1D00F,1W9DL31001461C,1ZMLH8300204F0,1Z6PH74DAP0QN7,DJI Pilot,Android,7.0.2,1EF72A62-B7C3-C88D-164E-CE6F8C8424AE,1ZN7L4R0H1D00F,1W9DL31001461C,,1ZMLH8300204F0,1W9DL31001461C,,,,,
2023-11-01,11:31:35.33 AM,7m 13.0s,433.0,33.7989861595461,-117.4748875639862,73.1,137.7,17.0,1337,3521.1,6.643372,7.161702,-4.697574,2.23694,-4.697574,1.342164,0,0.894776,-2.3,-0.8,2.4,-135.2,224.8,224.4,Tripod,Other,,21,5,True,,True,False,,Smart,RC,False,True,False,,,True,,False,False,False,False,False,False,False,False,False,False,0,Follow Yaw,-77.9,0,-143.3,216.7,False,False,False,False,False,,0,0,False,False,No Card,100,100,1024,1381,906,1024,2,False,False,False,False,False,0,False,False,False,False,77,,46.872,,3839,,4986,,46.872,,True,3.92,3.92,3.92,3.92,3.92,3.92,3.92,3.92,3.92,3.92,3.92,3.92,0,,False,False,True,,,,,,,,,,,,,,,False,False,9.606,,98.7,,75.7,,98.7,,1455,94,7,20,7,142833.1,19044.41,,Idle,,20,,10,,,20,Go Home,False,False,False,False,False,False,False,False,False,False,False,False,33.8027920380556,-117.4659261431046,3050.8,3050.8,1049.4,396.9,True,1,1,False,False,False,False,,True,False,False,Course Lock,196.8,67,16.4,93,E,SW,2.68,11.4,Calm,False,False,Android,7.0.2,M300 RTK,1ZN7L4R0H1D00F,1W9DL31001461C,1ZMLH8300204F0,1Z6PH74DAP0QN7,"Corona, CA",728.3,5.7,137.7,8.547347,2.013246,0,0,DJI Matrice 300 RTK,M300 RTK,1ZN7L4R0H1D00F,1W9DL31001461C,1ZMLH8300204F0,1Z6PH74DAP0QN7,DJI Pilot,Android,7.0.2,1EF72A62-B7C3-C88D-164E-CE6F8C8424AE,1ZN7L4R0H1D00F,1W9DL31001461C,,1ZMLH8300204F0,1W9DL31001461C,,,,,
2023-11-01,11:31:35.43 AM,7m 13.1s,433.1,33.7989840786315,-117.4748898047664,72.8,137.7,17.0,1337,3522.1,6.643372,7.161702,-4.697574,2.23694,-4.697574,1.342164,0,0.894776,-2.3,-0.9,2.4,-135.3,224.7,221.8,Tripod,Other,,21,5,True,,True,False,,Smart,RC,False,True,False,,,True,,False,False,False,False,False,False,False,False,False,False,0,Follow Yaw,-77.9,0,-143.3,216.7,False,False,False,False,False,,0,0,False,False,No Card,100,100,1024,1382,906,1024,2,False,False,False,False,False,0,False,False,False,False,77,,46.872,,3839,,4986,,46.872,,True,3.92,3.92,3.92,3.92,3.92,3.92,3.92,3.92,3.92,3.92,3.92,3.92,0,,False,False,True,,,,,,,,,,,,,,,False,False,9.606,,98.7,,75.7,,98.7,,1455,94,7,20,7,142833.1,19044.41,,Idle,,20,,10,,,20,Go Home,False,False,False,False,False,False,False,False,False,False,False,False,33.8027920380556,-117.4659261431046,3051.8,3051.8,1049.4,396.9,True,1,1,False,False,False,False,,True,False,False,Course Lock,196.8,67,16.4,93,E,SW,2.68,11.4,Calm,False,False,Android,7.0.2,M300 RTK,1ZN7L4R0H1D00F,1W9DL31001461C,1ZMLH8300204F0,1Z6PH74DAP0QN7,"Corona, CA",728.3,5.7,137.7,8.547347,2.013246,0,0,DJI Matrice 300 RTK,M300 RTK,1ZN7L4R0H1D00F,1W9DL31001461C,1ZMLH8300204F0,1Z6PH74DAP0QN7,DJI Pilot,Android,7.0.2,1EF72A62-B7C3-C88D-164E-CE6F8C8424AE,1ZN7L4R0H1D00F,1W9DL31001461C,,1ZMLH8300204F0,1W9DL31001461C,,,,,
2023-11-01,11:31:35.54 AM,7m 13.2s,433.2,33.7989819631766,-117.4748922699802,72.8,137.7,17.0,1337,3523.2,6.643372,7.161702,-4.697574,2.23694,-4.697574,1.342164,0,0.894776,-2.1,-1,2.3,-135.3,224.7,224.0,Tripod,Other,,21,5,True,,True,False,,Smart,RC,False,True,False,,,True,,False,False,False,False,False,False,False,False,False,False,0,Follow Yaw,-77.9,0,-143.3,216.7,False,False,False,False,False,,0,0,False,False,No Card,100,100,1024,1380,906,1024,2,False,False,False,False,False,0,False,False,False,False,77,,46.872,,3839,,4986,,46.872,,True,3.92,3.92,3.92,3.92,3.92,3.92,3.92,3.92,3.92,3.92,3.92,3.92,0,,False,False,True,,,,,,,,,,,,,,,False,False,9.606,,98.7,,75.7,,98.7,,1455,94,7,20,7,142833.1,19044.41,,Idle,,20,,10,,,20,Go Home,False,False,False,False,False,False,False,False,False,False,False,False,33.8027920380556,-117.4659261431046,3052.8,3052.8,1049.4,396.9,True,1,1,False,False,False,False,,True,False,False,Course Lock,196.8,67,16.4,93,E,SW,2.68,11.4,Calm,False,False,Android,7.0.2,M300 RTK,1ZN7L4R0H1D00F,1W9DL31001461C,1ZMLH8300204F0,1Z6PH74DAP0QN7,"Corona, CA",728.3,5.7,137.7,8.547347,2.013246,0,0,DJI Matrice 300 RTK,M300 RTK,1ZN7L4R0H1D00F,1W9DL31001461C,1ZMLH8300204F0,1Z6PH74DAP0QN7,DJI Pilot,Android,7.0.2,1EF72A62-B7C3-C88D-164E-CE6F8C8424AE,1ZN7L4R0H1D00F,1W9DL31001461C,,1ZMLH8300204F0,1W9DL31001461C,,,,,
2023-11-01,11:31:35.64 AM,7m 13.3s,433.3,33.7989801034843,-117.4748944595327,72.8,137.7,17.0,1337,3524.1,6.643372,7.161702,-4.697574,2.23694,-4.697574,1.342164,0,0.894776,-2,-0.9,2.1,-135.3,224.7,224.3,Tripod,Other,,21,5,True,,True,False,,Smart,RC,False,True,False,,,True,,False,False,False,False,False,False,False,False,False,False,0,Follow Yaw,-77.9,0,-143.3,216.7,False,False,False,False,False,,0,0,False,False,No Card,100,100,1024,1381,906,1024,2,False,False,False,False,False,0,False,False,False,False,77,,46.872,,3839,,4986,,46.872,,True,3.914,3.914,3.914,3.914,3.914,3.914,3.914,3.914,3.914,3.914,3.914,3.914,0,,False,False,True,,,,,,,,,,,,,,,False,False,9.606,,98.7,,75.7,,98.7,,1455,94,7,21,7,142397.1,18986.28,,Idle,,20,,10,,,20,Go Home,False,False,False,False,False,False,False,False,False,False,False,False,33.8027920380556,-117.4659261431046,3053.7,3053.7,1049.4,396.9,True,1,1,False,False,False,False,,True,False,False,Course Lock,196.8,67,16.4,93,E,SW,2.68,11.4,Calm,False,False,Android,7.0.2,M300 RTK,1ZN7L4R0H1D00F,1W9DL31001461C,1ZMLH8300204F0,1Z6PH74DAP0QN7,"Corona, CA",728.3,5.7,137.7,8.547347,2.013246,0,0,DJI Matrice 300 RTK,M300 RTK,1ZN7L4R0H1D00F,1W9DL31001461C,1ZMLH8300204F0,1Z6PH74DAP0QN7,DJI Pilot,Android,7.0.2,1EF72A62-B7C3-C88D-164E-CE6F8C8424AE,1ZN7L4R0H1D00F,1W9DL31001461C,,1ZMLH8300204F0,1W9DL31001461C,,,,,
2023-11-01,11:31:35.74 AM,7m 13.4s,433.4,33.7989780952139,-117.4748967850893,72.8,137.7,17.0,1337,3525.1,6.643372,7.161702,-4.697574,2.23694,-4.697574,1.342164,0,0.894776,-1.8,-0.8,1.9,-135.3,224.7,223.8,Tripod,Other,,21,5,True,,True,False,,Smart,RC,False,True,False,,,True,,False,False,False,False,False,False,False,False,False,False,0,Follow Yaw,-77.9,0,-143.3,216.7,False,False,False,False,False,,0,0,False,False,No Card,100,100,1024,1379,905,1024,2,False,False,False,False,False,0,False,False,False,False,77,,46.872,,3839,,4986,,46.872,,True,3.914,3.914,3.914,3.914,3.914,3.914,3.914,3.914,3.914,3.914,3.914,3.914,0,,False,False,True,,,,,,,,,,,,,,,False,False,9.606,,98.7,,75.7,,98.7,,1455,94,7,21,7,142397.1,18986.28,,Idle,,20,,10,,,20,Go Home,False,False,False,False,False,False,False,False,False,False,False,False,33.8027920380556,-117.4659261431046,3054.7,3054.7,1049.4,396.9,True,1,1,False,False,False,False,,True,False,False,Course Lock,196.8,67,16.4,93,E,SW,2.68,11.4,Calm,False,False,Android,7.0.2,M300 RTK,1ZN7L4R0H1D00F,1W9DL31001461C,1ZMLH8300204F0,1Z6PH74DAP0QN7,"Corona, CA",728.3,5.7,137.7,8.547347,2.013246,0,0,DJI Matrice 300 RTK,M300 RTK,1ZN7L4R0H1D00F,1W9DL31001461C,1ZMLH8300204F0,1Z6PH74DAP0QN7,DJI Pilot,Android,7.0.2,1EF72A62-B7C3-C88D-164E-CE6F8C8424AE,1ZN7L4R0H1D00F,1W9DL31001461C,,1ZMLH8300204F0,1W9DL31001461C,,,,,
2023-11-01,11:31:35.85 AM,7m 13.5s,433.5,33.7989761645221,-117.4748990178294,72.8,137.7,17.0,1337,3526.1,6.643372,7.161702,-4.697574,2.23694,-4.697574,1.342164,0,0.894776,-1.8,-0.6,1.8,-135.2,224.8,223.8,Tripod,Other,,21,5,True,,True,False,,Smart,RC,False,True,False,,,True,,False,False,False,False,False,False,False,False,False,False,0,Follow Yaw,-77.9,0,-143.3,216.7,False,False,False,False,False,,0,0,False,False,No Card,100,100,1024,1380,899,1024,2,False,False,False,False,False,0,False,False,False,False,77,,46.872,,3839,,4986,,46.872,,True,3.914,3.914,3.914,3.914,3.914,3.914,3.914,3.914,3.914,3.914,3.914,3.914,0,,False,False,True,,,,,,,,,,,,,,,False,False,9.606,,98.7,,75.7,,98.7,,1455,94,7,21,7,142397.1,18986.28,,Idle,,20,,10,,,20,Go Home,False,False,False,False,False,False,False,False,False,False,False,False,33.8027920380556,-117.4659261431046,3055.6,3055.6,1049.4,396.9,True,1,1,False,False,False,False,,True,False,False,Course Lock,196.8,67,16.4,93,E,SW,2.68,11.4,Calm,False,False,Android,7.0.2,M300 RTK,1ZN7L4R0H1D00F,1W9DL31001461C,1ZMLH8300204F0,1Z6PH74DAP0QN7,"Corona, CA",728.3,5.7,137.7,8.547347,2.013246,0,0,DJI Matrice 300 RTK,M300 RTK,1ZN7L4R0H1D00F,1W9DL31001461C,1ZMLH8300204F0,1Z6PH74DAP0QN7,DJI Pilot,Android,7.0.2,1EF72A62-B7C3-C88D-164E-CE6F8C8424AE,1ZN7L4R0H1D00F,1W9DL31001461C,,1ZMLH8300204F0,1W9DL31001461C,,,,,
2023-11-01,11:31:35.95 AM,7m 13.6s,433.6,33.7989740567428,-117.4749014563872,72.8,137.7,17.0,1337,3527.2,6.643372,7.161702,-4.697574,2.23694,-4.697574,1.342164,0,0.894776,-1.9,-0.5,1.9,-135.2,224.8,223.8,Tripod,Other,,21,5,True,,True,False,,Smart,RC,False,True,False,,,True,,False,False,False,False,False,False,False,False,False,False,0,Follow Yaw,-77.9,0,-143.3,216.7,False,False,False,False,False,,0,0,False,False,No Card,100,100,1024,1379,900,1024,2,False,False,False,False,False,0,False,False,False,False,77,,46.872,,3839,,4986,,46.872,,True,3.914,3.914,3.914,3.914,3.914,3.914,3.914,3.914,3.914,3.914,3.914,3.914,0,,False,False,True,,,,,,,,,,,,,,,False,False,9.606,,98.7,,75.7,,98.7,,1455,94,7,21,7,142397.1,18986.28,,Idle,,20,,10,,,20,Go Home,False,False,False,False,False,False,False,False,False,False,False,False,33.8027920380556,-117.4659261431046,3056.6,3056.6,1049.4,396.9,True,1,1,False,False,False,False,,True,False,False,Course Lock,196.8,67,16.4,93,E,SW,2.68,11.4,Calm,False,False,Android,7.0.2,M300 RTK,1ZN7L4R0H1D00F,1W9DL31001461C,1ZMLH8300204F0,1Z6PH74DAP0QN7,"Corona, CA",728.3,5.7,137.7,8.547347,2.013246,0,0,DJI Matrice 300 RTK,M300 RTK,1ZN7L4R0H1D00F,1W9DL31001461C,1ZMLH8300204F0,1Z6PH74DAP0QN7,DJI Pilot,Android,7.0.2,1EF72A62-B7C3-C88D-164E-CE6F8C8424AE,1ZN7L4R0H1D00F,1W9DL31001461C,,1ZMLH8300204F0,1W9DL31001461C,,,,,
2023-11-01,11:31:36.05 AM,7m 13.7s,433.7,33.7989721699116,-117.4749037110635,72.8,137.7,17.0,1337,3528.2,6.643372,7.161702,-4.697574,2.23694,-4.697574,1.342164,0,0.894776,-2,-0.5,2,-135.2,224.8,224.7,Tripod,Other,,21,5,True,,True,False,,Smart,RC,False,True,False,,,True,,False,False,False,False,False,False,False,False,False,False,0,Follow Yaw,-77.9,0,-143.3,216.7,False,False,False,False,False,,0,0,False,False,No Card,100,100,1024,1379,905,1024,2,False,False,False,False,False,0,False,False,False,False,77,,46.872,,3839,,4986,,46.872,,True,3.914,3.914,3.914,3.914,3.914,3.914,3.914,3.914,3.914,3.914,3.914,3.914,0,,False,False,True,,,,,,,,,,,,,,,False,False,9.606,,98.7,,75.7,,98.7,,1455,94,7,21,7,142397.1,18986.28,,Idle,,20,,10,,,20,Go Home,False,False,False,False,False,False,False,False,False,False,False,False,33.8027920380556,-117.4659261431046,3057.5,3057.5,1049.4,396.9,True,1,1,False,False,False,False,,True,False,False,Course Lock,196.8,67,16.4,93,E,SW,2.68,11.4,Calm,False,False,Android,7.0.2,M300 RTK,1ZN7L4R0H1D00F,1W9DL31001461C,1ZMLH8300204F0,1Z6PH74DAP0QN7,"Corona, CA",728.3,5.7,137.7,8.547347,2.013246,0,0,DJI Matrice 300 RTK,M300 RTK,1ZN7L4R0H1D00F,1W9DL31001461C,1ZMLH8300204F0,1Z6PH74DAP0QN7,DJI Pilot,Android,7.0.2,1EF72A62-B7C3-C88D-164E-CE6F8C8424AE,1ZN7L4R0H1D00F,1W9DL31001461C,,1ZMLH8300204F0,1W9DL31001461C,,,,,
2023-11-01,11:31:36.16 AM,7m 13.8s,433.8,33.7989700681632,-117.4749061580043,72.8,137.7,17.0,1337,3529.2,6.643372,7.161702,-4.697574,2.23694,-4.697574,1.342164,0,0.894776,-2,-0.6,2,-135.2,224.8,224.0,Tripod,Other,,21,5,True,,True,False,,Smart,RC,False,True,False,,,True,,False,False,False,False,False,False,False,False,False,False,0,Follow Yaw,-77.9,0,-143.3,216.7,False,False,False,False,False,,0,0,False,False,No Card,100,100,1024,1379,906,1024,2,False,False,False,False,False,0,False,False,False,False,77,,46.872,,3839,,4986,,46.872,,True,3.914,3.914,3.914,3.914,3.914,3.914,3.914,3.914,3.914,3.914,3.914,3.914,0,,False,False,True,,,,,,,,,,,,,,,False,False,9.606,,98.7,,75.7,,98.7,,1455,94,7,21,7,142397.1,18986.28,,Idle,,20,,10,,,20,Go Home,False,False,False,False,False,False,False,False,False,False,False,False,33.8027920380556,-117.4659261431046,3058.5,3058.5,1049.4,396.9,True,1,1,False,False,False,False,,True,False,False,Course Lock,196.8,67,16.4,93,E,SW,2.68,11.4,Calm,False,False,Android,7.0.2,M300 RTK,1ZN7L4R0H1D00F,1W9DL31001461C,1ZMLH8300204F0,1Z6PH74DAP0QN7,"Corona, CA",728.3,5.7,137.7,8.547347,2.013246,0,0,DJI Matrice 300 RTK,M300 RTK,1ZN7L4R0H1D00F,1W9DL31001461C,1ZMLH8300204F0,1Z6PH74DAP0QN7,DJI Pilot,Android,7.0.2,1EF72A62-B7C3-C88D-164E-CE6F8C8424AE,1ZN7L4R0H1D00F,1W9DL31001461C,,1ZMLH8300204F0,1W9DL31001461C,,,,,
2023-11-01,11:31:36.26 AM,7m 13.9s,433.9,33.7989681955868,-117.4749082883951,72.8,137.7,17.0,1337,3530.2,6.643372,7.161702,-4.697574,2.23694,-4.697574,1.342164,0,0.894776,-1.9,-0.7,2,-135.2,224.8,223.3,Tripod,Other,,21,5,True,,True,False,,Smart,RC,False,True,False,,,True,,False,False,False,False,False,False,False,False,False,False,0,Follow Yaw,-77.9,0,-143.3,216.7,False,False,False,False,False,,0,0,False,False,No Card,100,100,1024,1380,905,1024,2,False,False,False,False,False,0,False,False,False,False,77,,46.872,,3839,,4986,,46.872,,True,3.914,3.914,3.914,3.914,3.914,3.914,3.914,3.914,3.914,3.914,3.914,3.914,0,,False,False,True,,,,,,,,,,,,,,,False,False,9.606,,98.7,,75.7,,98.7,,1455,94,7,21,7,142397.1,18986.28,,Idle,,20,,10,,,20,Go Home,False,False,False,False,False,False,False,False,False,False,False,False,33.8027920380556,-117.4659261431046,3059.4,3059.4,1049.4,396.9,True,1,1,False,False,False,False,,True,False,False,Course Lock,196.8,67,16.4,93,E,SW,2.68,11.4,Calm,False,False,Android,7.0.2,M300 RTK,1ZN7L4R0H1D00F,1W9DL31001461C,1ZMLH8300204F0,1Z6PH74DAP0QN7,"Corona, CA",728.3,5.7,137.7,8.547347,2.013246,0,0,DJI Matrice 300 RTK,M300 RTK,1ZN7L4R0H1D00F,1W9DL31001461C,1ZMLH8300204F0,1Z6PH74DAP0QN7,DJI Pilot,Android,7.0.2,1EF72A62-B7C3-C88D-164E-CE6F8C8424AE,1ZN7L4R0H1D00F,1W9DL31001461C,,1ZMLH8300204F0,1W9DL31001461C,,,,,
2023-11-01,11:31:36.37 AM,7m 14.0s,434.0,33.7989661009657,-117.4749107280991,72.8,137.7,17.0,1337,3531.2,6.643372,7.161702,-4.697574,2.23694,-4.697574,1.342164,0,0.894776,-1.9,-0.8,2,-135.2,224.8,224.0,Tripod,Other,,21,5,True,,True,False,,Smart,RC,False,True,False,,,True,,False,False,False,False,False,False,False,False,False,False,0,Follow Yaw,-77.9,0,-143.3,216.7,False,False,False,False,False,,0,0,False,False,No Card,100,100,1024,1381,905,1024,2,False,False,False,False,False,0,False,False,False,False,77,,46.932,,7733,,10044,,46.932,,True,3.914,3.914,3.914,3.914,3.914,3.914,3.914,3.914,3.914,3.914,3.914,3.914,0,,False,False,True,,,,,,,,,,,,,,,False,False,19.054,,98.9,,75.7,,98.9,,1455,94,7,21,7,142397.1,18986.28,,Idle,,20,,10,,,20,Go Home,False,False,False,False,False,False,False,False,False,False,False,False,33.8027920380556,-117.4659261431046,3060.4,3060.4,1049.4,396.9,True,1,1,False,False,False,False,,True,False,False,Course Lock,196.8,67,16.4,93,E,SW,2.68,11.4,Calm,False,False,Android,7.0.2,M300 RTK,1ZN7L4R0H1D00F,1W9DL31001461C,1ZMLH8300204F0,1Z6PH74DAP0QN7,"Corona, CA",728.3,5.7,137.7,8.547347,2.013246,0,0,DJI Matrice 300 RTK,M300 RTK,1ZN7L4R0H1D00F,1W9DL31001461C,1ZMLH8300204F0,1Z6PH74DAP0QN7,DJI Pilot,Android,7.0.2,1EF72A62-B7C3-C88D-164E-CE6F8C8424AE,1ZN7L4R0H1D00F,1W9DL31001461C,,1ZMLH8300204F0,1W9DL31001461C,,,,,
2023-11-01,11:31:36.47 AM,7m 14.1s,434.1,33.7989642245515,-117.4749130315085,72.8,137.7,17.0,1337,3532.2,6.643372,7.161702,-4.697574,2.23694,-4.697574,1.342164,0,0.894776,-1.8,-0.8,1.9,-135.2,224.8,225.5,Tripod,Other,,21,5,True,,True,False,,Smart,RC,False,True,False,,,True,,False,False,False,False,False,False,False,False,False,False,0,Follow Yaw,-77.9,0,-143.3,216.7,False,False,False,False,False,,0,0,False,False,No Card,100,100,1024,1381,905,1024,2,False,False,False,False,False,0,False,False,False,False,77,,46.932,,7733,,10044,,46.932,,True,3.914,3.914,3.914,3.914,3.914,3.914,3.914,3.914,3.914,3.914,3.914,3.914,0,,False,False,True,,,,,,,,,,,,,,,False,False,19.054,,98.9,,75.7,,98.9,,1455,94,7,21,7,142397.1,18986.28,,Idle,,20,,10,,,20,Go Home,False,False,False,False,False,False,False,False,False,False,False,False,33.8027920380556,-117.4659261431046,3061.4,3061.4,1049.4,396.9,True,1,1,False,False,False,False,,True,False,False,Course Lock,196.8,67,16.4,93,E,SW,2.68,11.4,Calm,False,False,Android,7.0.2,M300 RTK,1ZN7L4R0H1D00F,1W9DL31001461C,1ZMLH8300204F0,1Z6PH74DAP0QN7,"Corona, CA",728.3,5.7,137.7,8.547347,2.013246,0,0,DJI Matrice 300 RTK,M300 RTK,1ZN7L4R0H1D00F,1W9DL31001461C,1ZMLH8300204F0,1Z6PH74DAP0QN7,DJI Pilot,Android,7.0.2,1EF72A62-B7C3-C88D-164E-CE6F8C8424AE,1ZN7L4R0H1D00F,1W9DL31001461C,,1ZMLH8300204F0,1W9DL31001461C,,,,,
2023-11-01,11:31:36.58 AM,7m 14.2s,434.2,33.7989622395821,-117.4749153604874,72.8,137.7,17.0,1337,3533.2,6.643372,7.161702,-4.697574,2.23694,-4.697574,1.342164,0,0.894776,-1.8,-0.9,2,-135.2,224.8,224.2,Tripod,Other,,21,5,True,,True,False,,Smart,RC,False,True,False,,,True,,False,False,False,False,False,False,False,False,False,False,0,Follow Yaw,-77.9,0,-143.3,216.7,False,False,False,False,False,,0,0,False,False,No Card,100,100,1024,1380,905,1024,2,False,False,False,False,False,0,False,False,False,False,77,,46.932,,7733,,10044,,46.932,,True,3.914,3.914,3.914,3.914,3.914,3.914,3.914,3.914,3.914,3.914,3.914,3.914,0,,False,False,True,,,,,,,,,,,,,,,False,False,19.054,,98.9,,75.7,,98.9,,1455,94,7,21,7,142397.1,18986.28,,Idle,,20,,10,,,20,Go Home,False,False,False,False,False,False,False,False,False,False,False,False,33.8027920380556,-117.4659261431046,3062.3,3062.3,1049.4,396.9,True,1,1,False,False,False,False,,True,False,False,Course Lock,196.8,67,16.4,93,E,SW,2.68,11.4,Calm,False,False,Android,7.0.2,M300 RTK,1ZN7L4R0H1D00F,1W9DL31001461C,1ZMLH8300204F0,1Z6PH74DAP0QN7,"Corona, CA",728.3,5.7,137.7,8.547347,2.013246,0,0,DJI Matrice 300 RTK,M300 RTK,1ZN7L4R0H1D00F,1W9DL31001461C,1ZMLH8300204F0,1Z6PH74DAP0QN7,DJI Pilot,Android,7.0.2,1EF72A62-B7C3-C88D-164E-CE6F8C8424AE,1ZN7L4R0H1D00F,1W9DL31001461C,,1ZMLH8300204F0,1W9DL31001461C,,,,,
2023-11-01,11:31:36.64 AM,7m 14.3s,434.3,33.7989603053266,-117.4749177046647,72.5,137.7,17.0,1336,3534.2,6.643372,7.161702,-4.697574,2.23694,-4.697574,1.342164,0,0.894776,-1.8,-1,2,-135.1,224.9,225.2,Tripod,Other,,21,5,True,,True,False,,Smart,RC,False,True,False,,,True,,False,False,False,False,False,False,False,False,False,False,0,Follow Yaw,-77.9,0,-143.3,216.7,False,False,False,False,False,,0,0,False,False,No Card,100,100,1024,1380,904,1024,2,False,False,False,False,False,0,False,False,False,False,77,,46.932,,7733,,10044,,46.932,,True,3.913,3.913,3.913,3.913,3.913,3.913,3.913,3.913,3.913,3.913,3.913,3.913,0,,False,False,True,,,,,,,,,,,,,,,False,False,19.054,,98.9,,75.7,,98.9,,1457,94,7,21,7,142193.2,18959.09,,Idle,,20,,10,,,20,Go Home,False,False,False,False,False,False,False,False,False,False,False,False,33.8027920380556,-117.4659261431046,3063.3,3063.3,1049.4,396.9,True,1,1,False,False,False,False,,True,False,False,Course Lock,196.8,67,16.4,93,E,SW,2.68,11.4,Calm,False,False,Android,7.0.2,M300 RTK,1ZN7L4R0H1D00F,1W9DL31001461C,1ZMLH8300204F0,1Z6PH74DAP0QN7,"Corona, CA",728.3,5.7,137.7,8.547347,2.013246,0,0,DJI Matrice 300 RTK,M300 RTK,1ZN7L4R0H1D00F,1W9DL31001461C,1ZMLH8300204F0,1Z6PH74DAP0QN7,DJI Pilot,Android,7.0.2,1EF72A62-B7C3-C88D-164E-CE6F8C8424AE,1ZN7L4R0H1D00F,1W9DL31001461C,,1ZMLH8300204F0,1W9DL31001461C,,,,,
2023-11-01,11:31:36.74 AM,7m 14.4s,434.4,33.7989583362567,-117.474920016581,72.5,137.7,17.0,1336,3535.2,6.643372,7.161702,-4.697574,2.23694,-4.697574,1.342164,0,0.894776,-1.8,-0.8,1.9,-135,225,224.2,Tripod,Other,,21,5,True,,True,False,,Smart,RC,False,True,False,,,True,,False,False,False,False,False,False,False,False,False,False,0,Follow Yaw,-77.9,0,-143.3,216.7,False,False,False,False,False,,0,0,False,False,No Card,100,100,1024,1381,903,1024,2,False,False,False,False,False,0,False,False,False,False,77,,46.932,,7733,,10044,,46.932,,True,3.913,3.913,3.913,3.913,3.913,3.913,3.913,3.913,3.913,3.913,3.913,3.913,0,,False,False,True,,,,,,,,,,,,,,,False,False,19.054,,98.9,,75.7,,98.9,,1457,94,7,21,7,142193.2,18959.09,,Idle,,20,,10,,,20,Go Home,False,False,False,False,False,False,False,False,False,False,False,False,33.8027920380556,-117.4659261431046,3064.2,3064.2,1049.4,396.9,True,1,1,False,False,False,False,,True,False,False,Course Lock,196.8,67,16.4,93,E,SW,2.68,11.4,Calm,False,False,Android,7.0.2,M300 RTK,1ZN7L4R0H1D00F,1W9DL31001461C,1ZMLH8300204F0,1Z6PH74DAP0QN7,"Corona, CA",728.3,5.7,137.7,8.547347,2.013246,0,0,DJI Matrice 300 RTK,M300 RTK,1ZN7L4R0H1D00F,1W9DL31001461C,1ZMLH8300204F0,1Z6PH74DAP0QN7,DJI Pilot,Android,7.0.2,1EF72A62-B7C3-C88D-164E-CE6F8C8424AE,1ZN7L4R0H1D00F,1W9DL31001461C,,1ZMLH8300204F0,1W9DL31001461C,,,,,
2023-11-01,11:31:36.84 AM,7m 14.5s,434.5,33.7989563066042,-117.4749224120122,72.5,137.7,17.0,1336,3536.3,6.643372,7.161702,-4.697574,2.23694,-4.697574,1.342164,0,0.894776,-1.7,-0.7,1.8,-135.1,224.9,224.4,Tripod,Other,,21,5,True,,True,False,,Smart,RC,False,True,False,,,True,,False,False,False,False,False,False,False,False,False,False,0,Follow Yaw,-77.9,0,-143.3,216.7,False,False,False,False,False,,0,0,False,False,No Card,100,100,1024,1379,904,1024,2,False,False,False,False,False,0,False,False,False,False,77,,46.932,,7733,,10044,,46.932,,True,3.913,3.913,3.913,3.913,3.913,3.913,3.913,3.913,3.913,3.913,3.913,3.913,0,,False,False,True,,,,,,,,,,,,,,,False,False,19.054,,98.9,,75.7,,98.9,,1457,94,7,21,7,142193.2,18959.09,,Idle,,20,,10,,,20,Go Home,False,False,False,False,False,False,False,False,False,False,False,False,33.8027920380556,-117.4659261431046,3065.2,3065.2,1049.4,396.9,True,1,1,False,False,False,False,,True,False,False,Course Lock,196.8,67,16.4,93,E,SW,2.68,11.4,Calm,False,False,Android,7.0.2,M300 RTK,1ZN7L4R0H1D00F,1W9DL31001461C,1ZMLH8300204F0,1Z6PH74DAP0QN7,"Corona, CA",728.3,5.7,137.7,8.547347,2.013246,0,0,DJI Matrice 300 RTK,M300 RTK,1ZN7L4R0H1D00F,1W9DL31001461C,1ZMLH8300204F0,1Z6PH74DAP0QN7,DJI Pilot,Android,7.0.2,1EF72A62-B7C3-C88D-164E-CE6F8C8424AE,1ZN7L4R0H1D00F,1W9DL31001461C,,1ZMLH8300204F0,1W9DL31001461C,,,,,
2023-11-01,11:31:36.94 AM,7m 14.6s,434.6,33.7989543441134,-117.4749247277348,72.5,137.7,17.3,1336,3537.3,6.643372,7.161702,-4.697574,2.23694,-4.697574,1.342164,0,0.894776,-1.7,-0.7,1.8,-135.1,224.9,224.4,Tripod,Other,,21,5,True,,True,False,,Smart,RC,False,True,False,,,True,,False,False,False,False,False,False,False,False,False,False,0,Follow Yaw,-77.9,0,-143.3,216.7,False,False,False,False,False,,0,0,False,False,No Card,100,100,1024,1381,906,1024,2,False,False,False,False,False,0,False,False,False,False,77,,46.932,,7733,,10044,,46.932,,True,3.913,3.913,3.913,3.913,3.913,3.913,3.913,3.913,3.913,3.913,3.913,3.913,0,,False,False,True,,,,,,,,,,,,,,,False,False,19.054,,98.9,,75.7,,98.9,,1457,94,7,21,7,142193.2,18959.09,,Idle,,20,,10,,,20,Go Home,False,False,False,False,False,False,False,False,False,False,False,False,33.8027920380556,-117.4659261431046,3066.2,3066.2,1049.4,396.9,True,1,1,False,False,False,False,,True,False,False,Course Lock,196.8,67,16.4,93,E,SW,2.68,11.4,Calm,False,False,Android,7.0.2,M300 RTK,1ZN7L4R0H1D00F,1W9DL31001461C,1ZMLH8300204F0,1Z6PH74DAP0QN7,"Corona, CA",728.3,5.7,137.7,8.547347,2.013246,0,0,DJI Matrice 300 RTK,M300 RTK,1ZN7L4R0H1D00F,1W9DL31001461C,1ZMLH8300204F0,1Z6PH74DAP0QN7,DJI Pilot,Android,7.0.2,1EF72A62-B7C3-C88D-164E-CE6F8C8424AE,1ZN7L4R0H1D00F,1W9DL31001461C,,1ZMLH8300204F0,1W9DL31001461C,,,,,
2023-11-01,11:31:37.04 AM,7m 14.7s,434.7,33.7989527322338,-117.4749270078552,72.5,137.7,17.0,1336,3538.2,6.643372,7.161702,-4.697574,2.23694,-4.697574,1.342164,0,0.894776,-1.8,-0.7,1.9,-135.1,224.9,229.6,Tripod,Other,,21,5,True,,True,False,,Smart,RC,False,True,False,,,True,,False,False,False,False,False,False,False,False,False,False,0,Follow Yaw,-77.9,0,-143.3,216.7,False,False,False,False,False,,0,0,False,False,No Card,100,100,1024,1382,905,1024,2,False,False,False,False,False,0,False,False,False,False,77,,46.944,,3839,,4986,,46.944,,True,3.913,3.913,3.913,3.913,3.913,3.913,3.913,3.913,3.913,3.913,3.913,3.913,0,,False,False,True,,,,,,,,,,,,,,,False,False,9.52,,98.9,,75.7,,98.9,,1457,94,7,21,7,142193.2,18959.09,,Idle,,20,,10,,,20,Go Home,False,False,False,False,False,False,False,False,False,False,False,False,33.8027920380556,-117.4659261431046,3067.1,3067.1,1049.4,396.9,True,1,1,False,False,False,False,,True,False,False,Course Lock,196.8,67,16.4,93,E,SW,2.68,11.4,Calm,False,False,Android,7.0.2,M300 RTK,1ZN7L4R0H1D00F,1W9DL31001461C,1ZMLH8300204F0,1Z6PH74DAP0QN7,"Corona, CA",728.3,5.7,137.7,8.547347,2.013246,0,0,DJI Matrice 300 RTK,M300 RTK,1ZN7L4R0H1D00F,1W9DL31001461C,1ZMLH8300204F0,1Z6PH74DAP0QN7,DJI Pilot,Android,7.0.2,1EF72A62-B7C3-C88D-164E-CE6F8C8424AE,1ZN7L4R0H1D00F,1W9DL31001461C,,1ZMLH8300204F0,1W9DL31001461C,,,,,
2023-11-01,11:31:37.14 AM,7m 14.8s,434.8,33.7989507119018,-117.4749294420533,72.5,137.7,17.0,1336,3539.2,6.643372,7.161702,-4.697574,2.23694,-4.697574,1.342164,0,0.894776,-2,-1,2.2,-135.2,224.8,225.0,Tripod,Other,,21,5,True,,True,False,,Smart,RC,False,True,False,,,True,,False,False,False,False,False,False,False,False,False,False,0,Follow Yaw,-77.9,0,-143.3,216.7,False,False,False,False,False,,0,0,False,False,No Card,100,100,1024,1381,905,1024,2,False,False,False,False,False,0,False,False,False,False,77,,46.944,,3839,,4986,,46.944,,True,3.913,3.913,3.913,3.913,3.913,3.913,3.913,3.913,3.913,3.913,3.913,3.913,0,,False,False,True,,,,,,,,,,,,,,,False,False,9.52,,98.9,,75.7,,98.9,,1457,94,7,21,7,142193.2,18959.09,,Idle,,20,,10,,,20,Go Home,False,False,False,False,False,False,False,False,False,False,False,False,33.8027920380556,-117.4659261431046,3068.0,3068.0,1049.4,396.9,True,1,1,False,False,False,False,,True,False,False,Course Lock,196.8,67,16.4,93,E,SW,2.68,11.4,Calm,False,False,Android,7.0.2,M300 RTK,1ZN7L4R0H1D00F,1W9DL31001461C,1ZMLH8300204F0,1Z6PH74DAP0QN7,"Corona, CA",728.3,5.7,137.7,8.547347,2.013246,0,0,DJI Matrice 300 RTK,M300 RTK,1ZN7L4R0H1D00F,1W9DL31001461C,1ZMLH8300204F0,1Z6PH74DAP0QN7,DJI Pilot,Android,7.0.2,1EF72A62-B7C3-C88D-164E-CE6F8C8424AE,1ZN7L4R0H1D00F,1W9DL31001461C,,1ZMLH8300204F0,1W9DL31001461C,,,,,
2023-11-01,11:31:37.24 AM,7m 14.9s,434.9,33.7989488064298,-117.4749316896743,72.5,137.7,17.0,1336,3540.2,6.643372,7.161702,-4.697574,2.23694,-4.697574,1.342164,0,0.894776,-2.2,-1.2,2.5,-135.1,224.9,224.4,Tripod,Other,,21,5,True,,True,False,,Smart,RC,False,True,False,,,True,,False,False,False,False,False,False,False,False,False,False,0,Follow Yaw,-77.9,0,-143.3,216.7,False,False,False,False,False,,0,0,False,False,No Card,100,100,1024,1381,905,1024,2,False,False,False,False,False,0,False,False,False,False,77,,46.944,,3839,,4986,,46.944,,True,3.913,3.913,3.913,3.913,3.913,3.913,3.913,3.913,3.913,3.913,3.913,3.913,0,,False,False,True,,,,,,,,,,,,,,,False,False,9.52,,98.9,,75.7,,98.9,,1457,94,7,21,7,142193.2,18959.09,,Idle,,20,,10,,,20,Go Home,False,False,False,False,False,False,False,False,False,False,False,False,33.8027920380556,-117.4659261431046,3069.0,3069.0,1049.4,396.9,True,1,1,False,False,False,False,,True,False,False,Course Lock,196.8,67,16.4,93,E,SW,2.68,11.4,Calm,False,False,Android,7.0.2,M300 RTK,1ZN7L4R0H1D00F,1W9DL31001461C,1ZMLH8300204F0,1Z6PH74DAP0QN7,"Corona, CA",728.3,5.7,137.7,8.547347,2.013246,0,0,DJI Matrice 300 RTK,M300 RTK,1ZN7L4R0H1D00F,1W9DL31001461C,1ZMLH8300204F0,1Z6PH74DAP0QN7,DJI Pilot,Android,7.0.2,1EF72A62-B7C3-C88D-164E-CE6F8C8424AE,1ZN7L4R0H1D00F,1W9DL31001461C,,1ZMLH8300204F0,1W9DL31001461C,,,,,
2023-11-01,11:31:37.34 AM,7m 15.0s,435.0,33.7989468877997,-117.4749339948257,72.5,137.7,17.0,1336,3541.2,6.643372,7.161702,-4.697574,2.23694,-4.697574,1.342164,0,0.894776,-2.3,-1.1,2.5,-135.1,224.9,224.9,Tripod,Other,,21,5,True,,True,False,,Smart,RC,False,True,False,,,True,,False,False,False,False,False,False,False,False,False,False,0,Follow Yaw,-77.9,0,-143.3,216.7,False,False,False,False,False,,0,0,False,False,No Card,100,100,1024,1382,894,1024,2,False,False,False,False,False,0,False,False,False,False,76,,46.944,,7683,,10044,,46.944,,True,3.913,3.913,3.913,3.913,3.913,3.913,3.913,3.913,3.913,3.913,3.913,3.913,0,,False,False,True,,,,,,,,,,,,,,,False,False,19.164,,98.9,,75.7,,98.9,,1457,94,7,21,7,142193.2,18959.09,,Idle,,20,,10,,,20,Go Home,False,False,False,False,False,False,False,False,False,False,False,False,33.8027920380556,-117.4659261431046,3069.9,3069.9,1049.4,396.9,True,1,1,False,False,False,False,,True,False,False,Course Lock,196.8,67,16.4,93,E,SW,2.68,11.4,Calm,False,False,Android,7.0.2,M300 RTK,1ZN7L4R0H1D00F,1W9DL31001461C,1ZMLH8300204F0,1Z6PH74DAP0QN7,"Corona, CA",728.3,5.7,137.7,8.547347,2.013246,0,0,DJI Matrice 300 RTK,M300 RTK,1ZN7L4R0H1D00F,1W9DL31001461C,1ZMLH8300204F0,1Z6PH74DAP0QN7,DJI Pilot,Android,7.0.2,1EF72A62-B7C3-C88D-164E-CE6F8C8424AE,1ZN7L4R0H1D00F,1W9DL31001461C,,1ZMLH8300204F0,1W9DL31001461C,,,,,
2023-11-01,11:31:37.44 AM,7m 15.1s,435.1,33.7989450256402,-117.4749362844683,72.5,137.7,17.0,1336,3542.1,6.643372,7.161702,-4.697574,2.23694,-4.697574,1.342164,0,0.894776,-2.5,-0.8,2.6,-135.1,224.9,225.6,Tripod,Other,,21,5,True,,True,False,,Smart,RC,False,True,False,,,True,,False,False,False,False,False,False,False,False,False,False,0,Follow Yaw,-77.9,0,-143.3,216.7,False,False,False,False,False,,0,0,False,False,No Card,100,100,1024,1381,893,1024,2,False,False,False,False,False,0,False,False,False,False,76,,46.944,,7683,,10044,,46.944,,True,3.913,3.913,3.913,3.913,3.913,3.913,3.913,3.913,3.913,3.913,3.913,3.913,0,,False,False,True,,,,,,,,,,,,,,,False,False,19.164,,98.9,,75.7,,98.9,,1457,94,7,21,7,142193.2,18959.09,,Idle,,20,,10,,,20,Go Home,False,False,False,False,False,False,False,False,False,False,False,False,33.8027920380556,-117.4659261431046,3070.8,3070.8,1049.4,396.9,True,1,1,False,False,False,False,,True,False,False,Course Lock,196.8,67,16.4,93,E,SW,2.68,11.4,Calm,False,False,Android,7.0.2,M300 RTK,1ZN7L4R0H1D00F,1W9DL31001461C,1ZMLH8300204F0,1Z6PH74DAP0QN7,"Corona, CA",728.3,5.7,137.7,8.547347,2.013246,0,0,DJI Matrice 300 RTK,M300 RTK,1ZN7L4R0H1D00F,1W9DL31001461C,1ZMLH8300204F0,1Z6PH74DAP0QN7,DJI Pilot,Android,7.0.2,1EF72A62-B7C3-C88D-164E-CE6F8C8424AE,1ZN7L4R0H1D00F,1W9DL31001461C,,1ZMLH8300204F0,1W9DL31001461C,,,,,
2023-11-01,11:31:37.50 AM,7m 15.2s,435.2,33.7989430096942,-117.4749387144014,72.5,137.7,17.0,1336,3543.2,6.643372,7.161702,-4.697574,2.23694,-4.697574,1.342164,0,0.894776,-2.6,-0.8,2.7,-135.2,224.8,225.0,Tripod,Other,,21,5,True,,True,False,,Smart,RC,False,True,False,,,True,,False,False,False,False,False,False,False,False,False,False,0,Follow Yaw,-77.9,0,-143.3,216.7,False,False,False,False,False,,0,0,False,False,No Card,100,100,1024,1380,895,1024,2,False,False,False,False,False,0,False,False,False,False,76,,46.944,,7683,,10044,,46.944,,True,3.913,3.913,3.913,3.913,3.913,3.913,3.913,3.913,3.913,3.913,3.913,3.913,0,,False,False,True,,,,,,,,,,,,,,,False,False,19.164,,98.9,,75.7,,98.9,,1457,94,7,21,7,142193.2,18959.09,,Idle,,20,,10,,,20,Go Home,False,False,False,False,False,False,False,False,False,False,False,False,33.8027920380556,-117.4659261431046,3071.8,3071.8,1049.4,396.9,True,1,1,False,False,False,False,,True,False,False,Course Lock,196.8,67,16.4,93,E,SW,2.68,11.4,Calm,False,False,Android,7.0.2,M300 RTK,1ZN7L4R0H1D00F,1W9DL31001461C,1ZMLH8300204F0,1Z6PH74DAP0QN7,"Corona, CA",728.3,5.7,137.7,8.547347,2.013246,0,0,DJI Matrice 300 RTK,M300 RTK,1ZN7L4R0H1D00F,1W9DL31001461C,1ZMLH8300204F0,1Z6PH74DAP0QN7,DJI Pilot,Android,7.0.2,1EF72A62-B7C3-C88D-164E-CE6F8C8424AE,1ZN7L4R0H1D00F,1W9DL31001461C,,1ZMLH8300204F0,1W9DL31001461C,,,,,
2023-11-01,11:31:37.64 AM,7m 15.3s,435.3,33.7989410104701,-117.4749409614477,72.5,137.7,17.0,1336,3544.2,6.643372,7.161702,-4.697574,2.23694,-4.697574,1.342164,0,0.894776,-2.6,-0.9,2.7,-135.2,224.8,223.0,Tripod,Other,,21,5,True,,True,False,,Smart,RC,False,True,False,,,True,,False,False,False,False,False,False,False,False,False,False,0,Follow Yaw,-77.9,0,-143.3,216.7,False,False,False,False,False,,0,0,False,False,No Card,100,100,1024,1381,897,1024,2,False,False,False,False,False,0,False,False,False,False,76,,46.944,,7683,,10044,,46.944,,True,3.911,3.911,3.911,3.911,3.911,3.911,3.911,3.911,3.911,3.911,3.911,3.911,0,,False,False,True,,,,,,,,,,,,,,,False,False,19.164,,98.9,,75.7,,98.9,,1458,95,7,21,7,142158.1,18954.42,,Idle,,20,,10,,,20,Go Home,False,False,False,False,False,False,False,False,False,False,False,False,33.8027920380556,-117.4659261431046,3072.8,3072.8,1049.4,396.9,True,1,1,False,False,False,False,,True,False,False,Course Lock,196.8,67,16.4,93,E,SW,2.68,11.4,Calm,False,False,Android,7.0.2,M300 RTK,1ZN7L4R0H1D00F,1W9DL31001461C,1ZMLH8300204F0,1Z6PH74DAP0QN7,"Corona, CA",728.3,5.7,137.7,8.547347,2.013246,0,0,DJI Matrice 300 RTK,M300 RTK,1ZN7L4R0H1D00F,1W9DL31001461C,1ZMLH8300204F0,1Z6PH74DAP0QN7,DJI Pilot,Android,7.0.2,1EF72A62-B7C3-C88D-164E-CE6F8C8424AE,1ZN7L4R0H1D00F,1W9DL31001461C,,1ZMLH8300204F0,1W9DL31001461C,,,,,
2023-11-01,11:31:37.74 AM,7m 15.4s,435.4,33.7989390808748,-117.4749432783325,72.5,137.7,17.0,1336,3545.2,6.643372,7.161702,-4.697574,2.23694,-4.697574,1.342164,0,0.894776,-2.6,-1,2.7,-135.2,224.8,224.9,Tripod,Other,,21,5,True,,True,False,,Smart,RC,False,True,False,,,True,,False,False,False,False,False,False,False,False,False,False,0,Follow Yaw,-77.9,0,-143.3,216.7,False,False,False,False,False,,0,0,False,False,No Card,100,100,1024,1381,899,1024,2,False,False,False,False,False,0,False,False,False,False,76,,46.944,,7683,,10044,,46.944,,True,3.911,3.911,3.911,3.911,3.911,3.911,3.911,3.911,3.911,3.911,3.911,3.911,0,,False,False,True,,,,,,,,,,,,,,,False,False,19.164,,98.9,,75.7,,98.9,,1458,95,7,21,7,142158.1,18954.42,,Idle,,20,,10,,,20,Go Home,False,False,False,False,False,False,False,False,False,False,False,False,33.8027920380556,-117.4659261431046,3073.7,3073.7,1049.4,396.9,True,1,1,False,False,False,False,,True,False,False,Course Lock,196.8,67,16.4,93,E,SW,2.68,11.4,Calm,False,False,Android,7.0.2,M300 RTK,1ZN7L4R0H1D00F,1W9DL31001461C,1ZMLH8300204F0,1Z6PH74DAP0QN7,"Corona, CA",728.3,5.7,137.7,8.547347,2.013246,0,0,DJI Matrice 300 RTK,M300 RTK,1ZN7L4R0H1D00F,1W9DL31001461C,1ZMLH8300204F0,1Z6PH74DAP0QN7,DJI Pilot,Android,7.0.2,1EF72A62-B7C3-C88D-164E-CE6F8C8424AE,1ZN7L4R0H1D00F,1W9DL31001461C,,1ZMLH8300204F0,1W9DL31001461C,,,,,
2023-11-01,11:31:37.84 AM,7m 15.5s,435.5,33.7989371677272,-117.4749456222121,72.5,137.7,17.0,1336,3546.2,6.643372,7.161702,-4.697574,2.23694,-4.697574,1.342164,0,0.894776,-2.6,-1,2.7,-135.2,224.8,225.5,Tripod,Other,,21,5,True,,True,False,,Smart,RC,False,True,False,,,True,,False,False,False,False,False,False,False,False,False,False,0,Follow Yaw,-77.9,0,-143.3,216.7,False,False,False,False,False,,0,0,False,False,No Card,100,100,1024,1380,903,1024,2,False,False,False,False,False,0,False,False,False,False,76,,46.944,,7683,,10044,,46.944,,True,3.911,3.911,3.911,3.911,3.911,3.911,3.911,3.911,3.911,3.911,3.911,3.911,0,,False,False,True,,,,,,,,,,,,,,,False,False,19.164,,98.9,,75.7,,98.9,,1458,95,7,21,7,142158.1,18954.42,,Idle,,20,,10,,,20,Go Home,False,False,False,False,False,False,False,False,False,False,False,False,33.8027920380556,-117.4659261431046,3074.7,3074.7,1049.4,396.9,True,1,1,False,False,False,False,,True,False,False,Course Lock,196.8,67,16.4,93,E,SW,2.68,11.4,Calm,False,False,Android,7.0.2,M300 RTK,1ZN7L4R0H1D00F,1W9DL31001461C,1ZMLH8300204F0,1Z6PH74DAP0QN7,"Corona, CA",728.3,5.7,137.7,8.547347,2.013246,0,0,DJI Matrice 300 RTK,M300 RTK,1ZN7L4R0H1D00F,1W9DL31001461C,1ZMLH8300204F0,1Z6PH74DAP0QN7,DJI Pilot,Android,7.0.2,1EF72A62-B7C3-C88D-164E-CE6F8C8424AE,1ZN7L4R0H1D00F,1W9DL31001461C,,1ZMLH8300204F0,1W9DL31001461C,,,,,
2023-11-01,11:31:37.94 AM,7m 15.6s,435.6,33.7989351213529,-117.4749480718598,72.5,137.7,17.0,1336,3547.2,6.643372,7.161702,-4.697574,2.23694,-4.697574,1.342164,0,0.894776,-2.5,-0.8,2.6,-135.1,224.9,224.8,Tripod,Other,,21,5,True,,True,False,,Smart,RC,False,True,False,,,True,,False,False,False,False,False,False,False,False,False,False,0,Follow Yaw,-77.9,0,-143.3,216.7,False,False,False,False,False,,0,0,False,False,No Card,100,100,1024,1380,903,1024,2,False,False,False,False,False,0,False,False,False,False,76,,46.944,,7683,,10044,,46.944,,True,3.911,3.911,3.911,3.911,3.911,3.911,3.911,3.911,3.911,3.911,3.911,3.911,0,,False,False,True,,,,,,,,,,,,,,,False,False,19.164,,98.9,,75.7,,98.9,,1458,95,7,21,7,142158.1,18954.42,,Idle,,20,,10,,,20,Go Home,False,False,False,False,False,False,False,False,False,False,False,False,33.8027920380556,-117.4659261431046,3075.7,3075.7,1049.4,396.9,True,1,1,False,False,False,False,,True,False,False,Course Lock,196.8,67,16.4,93,E,SW,2.68,11.4,Calm,False,False,Android,7.0.2,M300 RTK,1ZN7L4R0H1D00F,1W9DL31001461C,1ZMLH8300204F0,1Z6PH74DAP0QN7,"Corona, CA",728.3,5.7,137.7,8.547347,2.013246,0,0,DJI Matrice 300 RTK,M300 RTK,1ZN7L4R0H1D00F,1W9DL31001461C,1ZMLH8300204F0,1Z6PH74DAP0QN7,DJI Pilot,Android,7.0.2,1EF72A62-B7C3-C88D-164E-CE6F8C8424AE,1ZN7L4R0H1D00F,1W9DL31001461C,,1ZMLH8300204F0,1W9DL31001461C,,,,,
2023-11-01,11:31:38.04 AM,7m 15.7s,435.7,33.7989333619918,-117.4749500281741,72.1,137.7,17.0,1336,3548.1,6.643372,7.161702,-4.697574,2.23694,-4.697574,1.342164,0,0.894776,-2.3,-0.7,2.4,-135,225,222.7,Tripod,Other,,21,5,True,,True,False,,Smart,RC,False,True,False,,,True,,False,False,False,False,False,False,False,False,False,False,0,Follow Yaw,-77.9,0,-143.3,216.7,False,False,False,False,False,,0,0,False,False,No Card,100,100,1024,1381,903,1024,2,False,False,False,False,False,0,False,False,False,False,76,,46.944,,7683,,10044,,46.944,,True,3.911,3.911,3.911,3.911,3.911,3.911,3.911,3.911,3.911,3.911,3.911,3.911,0,,False,False,True,,,,,,,,,,,,,,,False,False,19.164,,98.9,,75.7,,98.9,,1458,95,7,21,7,142158.1,18954.42,,Idle,,20,,10,,,20,Go Home,False,False,False,False,False,False,False,False,False,False,False,False,33.8027920380556,-117.4659261431046,3076.5,3076.5,1049.4,396.9,True,1,1,False,False,False,False,,True,False,False,Course Lock,196.8,67,16.4,93,E,SW,2.68,11.4,Calm,False,False,Android,7.0.2,M300 RTK,1ZN7L4R0H1D00F,1W9DL31001461C,1ZMLH8300204F0,1Z6PH74DAP0QN7,"Corona, CA",728.3,5.7,137.7,8.547347,2.013246,0,0,DJI Matrice 300 RTK,M300 RTK,1ZN7L4R0H1D00F,1W9DL31001461C,1ZMLH8300204F0,1Z6PH74DAP0QN7,DJI Pilot,Android,7.0.2,1EF72A62-B7C3-C88D-164E-CE6F8C8424AE,1ZN7L4R0H1D00F,1W9DL31001461C,,1ZMLH8300204F0,1W9DL31001461C,,,,,
2023-11-01,11:31:38.14 AM,7m 15.8s,435.8,33.7989313180846,-117.4749524680908,72.1,137.7,16.7,1336,3549.2,6.643372,7.161702,-4.697574,2.23694,-4.697574,1.342164,0,0.894776,-2.1,-0.7,2.2,-135,225,224.7,Tripod,Other,,21,5,True,,True,False,,Smart,RC,False,True,False,,,True,,False,False,False,False,False,False,False,False,False,False,0,Follow Yaw,-77.9,0,-143.3,216.7,False,False,False,False,False,,0,0,False,False,No Card,100,100,1024,1381,906,1024,2,False,False,False,False,False,0,False,False,False,False,76,,46.944,,7683,,10044,,46.944,,True,3.911,3.911,3.911,3.911,3.911,3.911,3.911,3.911,3.911,3.911,3.911,3.911,0,,False,False,True,,,,,,,,,,,,,,,False,False,19.164,,98.9,,75.7,,98.9,,1458,95,7,21,7,142158.1,18954.42,,Idle,,20,,10,,,20,Go Home,False,False,False,False,False,False,False,False,False,False,False,False,33.8027920380556,-117.4659261431046,3077.5,3077.5,1049.4,396.9,True,1,1,False,False,False,False,,True,False,False,Course Lock,196.8,67,16.4,93,E,SW,2.68,11.4,Calm,False,False,Android,7.0.2,M300 RTK,1ZN7L4R0H1D00F,1W9DL31001461C,1ZMLH8300204F0,1Z6PH74DAP0QN7,"Corona, CA",728.3,5.7,137.7,8.547347,2.013246,0,0,DJI Matrice 300 RTK,M300 RTK,1ZN7L4R0H1D00F,1W9DL31001461C,1ZMLH8300204F0,1Z6PH74DAP0QN7,DJI Pilot,Android,7.0.2,1EF72A62-B7C3-C88D-164E-CE6F8C8424AE,1ZN7L4R0H1D00F,1W9DL31001461C,,1ZMLH8300204F0,1W9DL31001461C,,,,,
2023-11-01,11:31:38.24 AM,7m 15.9s,435.9,33.7989292544402,-117.474954651218,72.1,137.7,16.7,1336,3550.2,6.643372,7.161702,-4.697574,2.23694,-4.697574,1.342164,0,0.894776,-2,-0.7,2.1,-135,225,221.3,Tripod,Other,,21,5,True,,True,False,,Smart,RC,False,True,False,,,True,,False,False,False,False,False,False,False,False,False,False,0,Follow Yaw,-77.9,0,-143.3,216.7,False,False,False,False,False,,0,0,False,False,No Card,100,100,1024,1382,905,1024,2,False,False,False,False,False,0,False,False,False,False,76,,46.944,,7683,,10044,,46.944,,True,3.911,3.911,3.911,3.911,3.911,3.911,3.911,3.911,3.911,3.911,3.911,3.911,0,,False,False,True,,,,,,,,,,,,,,,False,False,19.164,,98.9,,75.7,,98.9,,1458,95,7,21,7,142158.1,18954.42,,Idle,,20,,10,,,20,Go Home,False,False,False,False,False,False,False,False,False,False,False,False,33.8027920380556,-117.4659261431046,3078.4,3078.4,1049.4,396.9,True,1,1,False,False,False,False,,True,False,False,Course Lock,196.8,67,16.4,93,E,SW,2.68,11.4,Calm,False,False,Android,7.0.2,M300 RTK,1ZN7L4R0H1D00F,1W9DL31001461C,1ZMLH8300204F0,1Z6PH74DAP0QN7,"Corona, CA",728.3,5.7,137.7,8.547347,2.013246,0,0,DJI Matrice 300 RTK,M300 RTK,1ZN7L4R0H1D00F,1W9DL31001461C,1ZMLH8300204F0,1Z6PH74DAP0QN7,DJI Pilot,Android,7.0.2,1EF72A62-B7C3-C88D-164E-CE6F8C8424AE,1ZN7L4R0H1D00F,1W9DL31001461C,,1ZMLH8300204F0,1W9DL31001461C,,,,,
2023-11-01,11:31:38.34 AM,7m 16.0s,436.0,33.798927193537,-117.47495709683,72.1,137.7,16.7,1336,3551.2,6.643372,7.161702,-4.697574,2.23694,-4.697574,1.342164,0,0.894776,-1.9,-0.8,2,-135,225,224.5,Tripod,Other,,21,5,True,,True,False,,Smart,RC,False,True,False,,,True,,False,False,False,False,False,False,False,False,False,False,0,Follow Yaw,-77.9,0,-143.3,216.7,False,False,False,False,False,,0,0,False,False,No Card,100,100,1024,1382,905,1024,2,False,False,False,False,False,0,False,False,False,False,77,,46.896,,3839,,4986,,46.896,,True,3.911,3.911,3.911,3.911,3.911,3.911,3.911,3.911,3.911,3.911,3.911,3.911,0,,False,False,True,,,,,,,,,,,,,,,False,False,9.408,,98.9,,75.7,,98.9,,1458,95,7,21,7,142158.1,18954.42,,Idle,,20,,10,,,20,Go Home,False,False,False,False,False,False,False,False,False,False,False,False,33.8027920380556,-117.4659261431046,3079.4,3079.4,1049.4,396.9,True,1,1,False,False,False,False,,True,False,False,Course Lock,196.8,67,16.4,93,E,SW,2.68,11.4,Calm,False,False,Android,7.0.2,M300 RTK,1ZN7L4R0H1D00F,1W9DL31001461C,1ZMLH8300204F0,1Z6PH74DAP0QN7,"Corona, CA",728.3,5.7,137.7,8.547347,2.013246,0,0,DJI Matrice 300 RTK,M300 RTK,1ZN7L4R0H1D00F,1W9DL31001461C,1ZMLH8300204F0,1Z6PH74DAP0QN7,DJI Pilot,Android,7.0.2,1EF72A62-B7C3-C88D-164E-CE6F8C8424AE,1ZN7L4R0H1D00F,1W9DL31001461C,,1ZMLH8300204F0,1W9DL31001461C,,,,,
2023-11-01,11:31:38.43 AM,7m 16.1s,436.1,33.7989253459063,-117.4749594593057,72.1,137.7,16.7,1336,3552.2,6.643372,7.161702,-4.697574,2.23694,-4.697574,1.342164,0,0.894776,-1.8,-0.8,1.9,-135,225,226.7,Tripod,Other,,21,5,True,,True,False,,Smart,RC,False,True,False,,,True,,False,False,False,False,False,False,False,False,False,False,0,Follow Yaw,-77.9,0,-143.3,216.7,False,False,False,False,False,,0,0,False,False,No Card,100,100,1024,1382,905,1024,2,False,False,False,False,False,0,False,False,False,False,77,,46.896,,3839,,4986,,46.896,,True,3.911,3.911,3.911,3.911,3.911,3.911,3.911,3.911,3.911,3.911,3.911,3.911,0,,False,False,True,,,,,,,,,,,,,,,False,False,9.408,,98.9,,75.7,,98.9,,1458,95,7,21,7,142158.1,18954.42,,Idle,,20,,10,,,20,Go Home,False,False,False,False,False,False,False,False,False,False,False,False,33.8027920380556,-117.4659261431046,3080.4,3080.4,1049.4,396.9,True,1,1,False,False,False,False,,True,False,False,Course Lock,196.8,67,16.4,93,E,SW,2.68,11.4,Calm,False,False,Android,7.0.2,M300 RTK,1ZN7L4R0H1D00F,1W9DL31001461C,1ZMLH8300204F0,1Z6PH74DAP0QN7,"Corona, CA",728.3,5.7,137.7,8.547347,2.013246,0,0,DJI Matrice 300 RTK,M300 RTK,1ZN7L4R0H1D00F,1W9DL31001461C,1ZMLH8300204F0,1Z6PH74DAP0QN7,DJI Pilot,Android,7.0.2,1EF72A62-B7C3-C88D-164E-CE6F8C8424AE,1ZN7L4R0H1D00F,1W9DL31001461C,,1ZMLH8300204F0,1W9DL31001461C,,,,,
2023-11-01,11:31:38.54 AM,7m 16.2s,436.2,33.7989233831414,-117.4749618030101,72.1,137.7,16.7,1336,3553.2,6.643372,7.161702,-4.697574,2.23694,-4.697574,1.342164,0,0.894776,-1.8,-0.9,2,-135.1,224.9,224.7,Tripod,Other,,21,5,True,,True,False,,Smart,RC,False,True,False,,,True,,False,False,False,False,False,False,False,False,False,False,0,Follow Yaw,-77.9,0,-143.3,216.7,False,False,False,False,False,,0,0,False,False,No Card,100,100,1024,1383,902,1024,2,False,False,False,False,False,0,False,False,False,False,77,,46.896,,3839,,4986,,46.896,,True,3.911,3.911,3.911,3.911,3.911,3.911,3.911,3.911,3.911,3.911,3.911,3.911,0,,False,False,True,,,,,,,,,,,,,,,False,False,9.408,,98.9,,75.7,,98.9,,1458,95,7,21,7,142158.1,18954.42,,Idle,,20,,10,,,20,Go Home,False,False,False,False,False,False,False,False,False,False,False,False,33.8027920380556,-117.4659261431046,3081.3,3081.3,1049.4,396.9,True,1,1,False,False,False,False,,True,False,False,Course Lock,196.8,67,16.4,93,E,SW,2.68,11.4,Calm,False,False,Android,7.0.2,M300 RTK,1ZN7L4R0H1D00F,1W9DL31001461C,1ZMLH8300204F0,1Z6PH74DAP0QN7,"Corona, CA",728.3,5.7,137.7,8.547347,2.013246,0,0,DJI Matrice 300 RTK,M300 RTK,1ZN7L4R0H1D00F,1W9DL31001461C,1ZMLH8300204F0,1Z6PH74DAP0QN7,DJI Pilot,Android,7.0.2,1EF72A62-B7C3-C88D-164E-CE6F8C8424AE,1ZN7L4R0H1D00F,1W9DL31001461C,,1ZMLH8300204F0,1W9DL31001461C,,,,,
2023-11-01,11:31:38.64 AM,7m 16.3s,436.3,33.7989213603422,-117.4749643193368,72.1,137.7,16.7,1336,3554.3,6.643372,7.161702,-4.697574,2.23694,-4.697574,1.342164,0,0.894776,-1.8,-1.1,2.1,-135.2,224.8,225.9,Tripod,Other,,21,5,True,,True,False,,Smart,RC,False,True,False,,,True,,False,False,False,False,False,False,False,False,False,False,0,Follow Yaw,-77.9,0,-143.3,216.7,False,False,False,False,False,,0,0,False,False,No Card,100,100,1024,1382,904,1024,2,False,False,False,False,False,0,False,False,False,False,77,,46.896,,3839,,4986,,46.896,,True,3.913,3.913,3.913,3.913,3.913,3.913,3.913,3.913,3.913,3.913,3.913,3.913,0,,False,False,True,,,,,,,,,,,,,,,False,False,9.408,,98.9,,75.7,,98.9,,1458,95,7,21,7,142194.4,18959.26,,Idle,,20,,10,,,20,Go Home,False,False,False,False,False,False,False,False,False,False,False,False,33.8027920380556,-117.4659261431046,3082.3,3082.3,1049.4,396.9,True,1,1,False,False,False,False,,True,False,False,Course Lock,196.8,67,16.4,93,E,SW,2.68,11.4,Calm,False,False,Android,7.0.2,M300 RTK,1ZN7L4R0H1D00F,1W9DL31001461C,1ZMLH8300204F0,1Z6PH74DAP0QN7,"Corona, CA",728.3,5.7,137.7,8.547347,2.013246,0,0,DJI Matrice 300 RTK,M300 RTK,1ZN7L4R0H1D00F,1W9DL31001461C,1ZMLH8300204F0,1Z6PH74DAP0QN7,DJI Pilot,Android,7.0.2,1EF72A62-B7C3-C88D-164E-CE6F8C8424AE,1ZN7L4R0H1D00F,1W9DL31001461C,,1ZMLH8300204F0,1W9DL31001461C,,,,,
2023-11-01,11:31:38.74 AM,7m 16.4s,436.4,33.7989193940136,-117.4749666596085,72.1,137.7,16.7,1336,3555.3,6.643372,7.161702,-4.697574,2.23694,-4.697574,1.342164,0,0.894776,-1.9,-1.2,2.2,-135.2,224.8,224.6,Tripod,Other,,21,5,True,,True,False,,Smart,RC,False,True,False,,,True,,False,False,False,False,False,False,False,False,False,False,0,Follow Yaw,-77.9,0,-143.3,216.7,False,False,False,False,False,,0,0,False,False,No Card,100,100,1024,1382,907,1024,2,False,False,False,False,False,0,False,False,False,False,77,,46.896,,3839,,4986,,46.896,,True,3.913,3.913,3.913,3.913,3.913,3.913,3.913,3.913,3.913,3.913,3.913,3.913,0,,False,False,True,,,,,,,,,,,,,,,False,False,9.408,,98.9,,75.7,,98.9,,1458,95,7,21,7,142194.4,18959.26,,Idle,,20,,10,,,20,Go Home,False,False,False,False,False,False,False,False,False,False,False,False,33.8027920380556,-117.4659261431046,3083.3,3083.3,1049.4,396.9,True,1,1,False,False,False,False,,True,False,False,Course Lock,196.8,67,16.4,93,E,SW,2.68,11.4,Calm,False,False,Android,7.0.2,M300 RTK,1ZN7L4R0H1D00F,1W9DL31001461C,1ZMLH8300204F0,1Z6PH74DAP0QN7,"Corona, CA",728.3,5.7,137.7,8.547347,2.013246,0,0,DJI Matrice 300 RTK,M300 RTK,1ZN7L4R0H1D00F,1W9DL31001461C,1ZMLH8300204F0,1Z6PH74DAP0QN7,DJI Pilot,Android,7.0.2,1EF72A62-B7C3-C88D-164E-CE6F8C8424AE,1ZN7L4R0H1D00F,1W9DL31001461C,,1ZMLH8300204F0,1W9DL31001461C,,,,,
2023-11-01,11:31:38.84 AM,7m 16.5s,436.5,33.7989172887014,-117.4749690037252,72.1,137.7,16.7,1336,3556.3,6.643372,7.161702,-4.697574,2.23694,-4.697574,1.342164,0,0.894776,-1.8,-1.1,2.1,-135.2,224.8,222.7,Tripod,Other,,21,5,True,,True,False,,Smart,RC,False,True,False,,,True,,False,False,False,False,False,False,False,False,False,False,0,Follow Yaw,-77.9,0,-143.3,216.7,False,False,False,False,False,,0,0,False,False,No Card,100,100,1024,1384,904,1024,2,False,False,False,False,False,0,False,False,False,False,77,,46.896,,3839,,4986,,46.896,,True,3.913,3.913,3.913,3.913,3.913,3.913,3.913,3.913,3.913,3.913,3.913,3.913,0,,False,False,True,,,,,,,,,,,,,,,False,False,9.408,,98.9,,75.7,,98.9,,1458,95,7,21,7,142194.4,18959.26,,Idle,,20,,10,,,20,Go Home,False,False,False,False,False,False,False,False,False,False,False,False,33.8027920380556,-117.4659261431046,3084.3,3084.3,1049.4,396.9,True,1,1,False,False,False,False,,True,False,False,Course Lock,196.8,67,16.4,93,E,SW,2.68,11.4,Calm,False,False,Android,7.0.2,M300 RTK,1ZN7L4R0H1D00F,1W9DL31001461C,1ZMLH8300204F0,1Z6PH74DAP0QN7,"Corona, CA",728.3,5.7,137.7,8.547347,2.013246,0,0,DJI Matrice 300 RTK,M300 RTK,1ZN7L4R0H1D00F,1W9DL31001461C,1ZMLH8300204F0,1Z6PH74DAP0QN7,DJI Pilot,Android,7.0.2,1EF72A62-B7C3-C88D-164E-CE6F8C8424AE,1ZN7L4R0H1D00F,1W9DL31001461C,,1ZMLH8300204F0,1W9DL31001461C,,,,,
2023-11-01,11:31:38.95 AM,7m 16.6s,436.6,33.7989152985236,-117.474971335838,72.1,137.7,16.7,1336,3557.3,6.643372,7.161702,-4.697574,2.23694,-4.697574,1.342164,0,0.894776,-1.7,-0.9,1.9,-135.1,224.9,224.2,Tripod,Other,,21,5,True,,True,False,,Smart,RC,False,True,False,,,True,,False,False,False,False,False,False,False,False,False,False,0,Follow Yaw,-77.9,0,-143.3,216.7,False,False,False,False,False,,0,0,False,False,No Card,100,100,1024,1383,902,1024,2,False,False,False,False,False,0,False,False,False,False,77,,46.896,,3839,,4986,,46.896,,True,3.913,3.913,3.913,3.913,3.913,3.913,3.913,3.913,3.913,3.913,3.913,3.913,0,,False,False,True,,,,,,,,,,,,,,,False,False,9.408,,98.9,,75.7,,98.9,,1458,95,7,21,7,142194.4,18959.26,,Idle,,20,,10,,,20,Go Home,False,False,False,False,False,False,False,False,False,False,False,False,33.8027920380556,-117.4659261431046,3085.2,3085.2,1049.4,396.9,True,1,1,False,False,False,False,,True,False,False,Course Lock,196.8,67,16.4,93,E,SW,2.68,11.4,Calm,False,False,Android,7.0.2,M300 RTK,1ZN7L4R0H1D00F,1W9DL31001461C,1ZMLH8300204F0,1Z6PH74DAP0QN7,"Corona, CA",728.3,5.7,137.7,8.547347,2.013246,0,0,DJI Matrice 300 RTK,M300 RTK,1ZN7L4R0H1D00F,1W9DL31001461C,1ZMLH8300204F0,1Z6PH74DAP0QN7,DJI Pilot,Android,7.0.2,1EF72A62-B7C3-C88D-164E-CE6F8C8424AE,1ZN7L4R0H1D00F,1W9DL31001461C,,1ZMLH8300204F0,1W9DL31001461C,,,,,
2023-11-01,11:31:39.04 AM,7m 16.7s,436.7,33.7989134774834,-117.4749736905516,72.1,137.7,16.7,1336,3558.3,6.643372,7.161702,-4.697574,2.23694,-4.697574,1.342164,0,0.894776,-1.5,-0.5,1.5,-135.1,224.9,227.0,Tripod,Other,,21,5,True,,True,False,,Smart,RC,False,True,False,,,True,,False,False,False,False,False,False,False,False,False,False,0,Follow Yaw,-77.9,0,-143.3,216.7,False,False,False,False,False,,0,0,False,False,No Card,100,100,1024,1383,899,1024,2,False,False,False,False,False,0,False,False,False,False,77,,46.896,,3839,,4986,,46.896,,True,3.913,3.913,3.913,3.913,3.913,3.913,3.913,3.913,3.913,3.913,3.913,3.913,0,,False,False,True,,,,,,,,,,,,,,,False,False,9.408,,98.9,,75.7,,98.9,,1458,95,7,21,7,142194.4,18959.26,,Idle,,20,,10,,,20,Go Home,False,False,False,False,False,False,False,False,False,False,False,False,33.8027920380556,-117.4659261431046,3086.2,3086.2,1049.4,396.9,True,1,1,False,False,False,False,,True,False,False,Course Lock,196.8,67,16.4,93,E,SW,2.68,11.4,Calm,False,False,Android,7.0.2,M300 RTK,1ZN7L4R0H1D00F,1W9DL31001461C,1ZMLH8300204F0,1Z6PH74DAP0QN7,"Corona, CA",728.3,5.7,137.7,8.547347,2.013246,0,0,DJI Matrice 300 RTK,M300 RTK,1ZN7L4R0H1D00F,1W9DL31001461C,1ZMLH8300204F0,1Z6PH74DAP0QN7,DJI Pilot,Android,7.0.2,1EF72A62-B7C3-C88D-164E-CE6F8C8424AE,1ZN7L4R0H1D00F,1W9DL31001461C,,1ZMLH8300204F0,1W9DL31001461C,,,,,
2023-11-01,11:31:39.15 AM,7m 16.8s,436.8,33.7989113976653,-117.4749761475233,72.1,137.7,16.7,1336,3559.4,6.643372,7.161702,-4.697574,2.23694,-4.697574,1.342164,0,0.894776,-1.4,-0.4,1.4,-135.1,224.9,224.4,Tripod,Other,,20,5,True,,True,False,,Smart,RC,False,True,False,,,True,,False,False,False,False,False,False,False,False,False,False,0,Follow Yaw,-77.9,0,-143.3,216.7,False,False,False,False,False,,0,0,False,False,No Card,100,100,1024,1382,891,1040,2,False,False,False,False,False,0,False,False,False,False,77,,46.896,,3839,,4986,,46.896,,True,3.913,3.913,3.913,3.913,3.913,3.913,3.913,3.913,3.913,3.913,3.913,3.913,0,,False,False,True,,,,,,,,,,,,,,,False,False,9.408,,98.9,,75.7,,98.9,,1458,95,7,21,7,142194.4,18959.26,,Idle,,20,,10,,,20,Go Home,False,False,False,False,False,False,False,False,False,False,False,False,33.8027920380556,-117.4659261431046,3087.2,3087.2,1049.4,396.9,True,1,1,False,False,False,False,,True,False,False,Course Lock,196.8,67,16.4,93,E,SW,2.68,11.4,Calm,False,False,Android,7.0.2,M300 RTK,1ZN7L4R0H1D00F,1W9DL31001461C,1ZMLH8300204F0,1Z6PH74DAP0QN7,"Corona, CA",728.3,5.7,137.7,8.547347,2.013246,0,0,DJI Matrice 300 RTK,M300 RTK,1ZN7L4R0H1D00F,1W9DL31001461C,1ZMLH8300204F0,1Z6PH74DAP0QN7,DJI Pilot,Android,7.0.2,1EF72A62-B7C3-C88D-164E-CE6F8C8424AE,1ZN7L4R0H1D00F,1W9DL31001461C,,1ZMLH8300204F0,1W9DL31001461C,,,,,
2023-11-01,11:31:39.26 AM,7m 16.9s,436.9,33.7989094442208,-117.4749783609208,72.1,137.7,16.7,1336,3560.4,6.643372,7.161702,-4.697574,2.23694,-4.697574,1.342164,0,0.894776,-1.3,-0.5,1.3,-135.2,224.8,223.2,Tripod,Other,,20,5,True,,True,False,,Smart,RC,False,True,False,,,True,,False,False,False,False,False,False,False,False,False,False,0,Follow Yaw,-77.9,0,-143.3,216.7,False,False,False,False,False,,0,0,False,False,No Card,100,100,1024,1381,891,1042,2,False,False,False,False,False,0,False,False,False,False,77,,46.896,,3839,,4986,,46.896,,True,3.913,3.913,3.913,3.913,3.913,3.913,3.913,3.913,3.913,3.913,3.913,3.913,0,,False,False,True,,,,,,,,,,,,,,,False,False,9.408,,98.9,,75.7,,98.9,,1458,95,7,21,7,142194.4,18959.26,,Idle,,20,,10,,,20,Go Home,False,False,False,False,False,False,False,False,False,False,False,False,33.8027920380556,-117.4659261431046,3088.1,3088.1,1049.4,396.9,True,1,1,False,False,False,False,,True,False,False,Course Lock,196.8,67,16.4,93,E,SW,2.68,11.4,Calm,False,False,Android,7.0.2,M300 RTK,1ZN7L4R0H1D00F,1W9DL31001461C,1ZMLH8300204F0,1Z6PH74DAP0QN7,"Corona, CA",728.3,5.7,137.7,8.547347,2.013246,0,0,DJI Matrice 300 RTK,M300 RTK,1ZN7L4R0H1D00F,1W9DL31001461C,1ZMLH8300204F0,1Z6PH74DAP0QN7,DJI Pilot,Android,7.0.2,1EF72A62-B7C3-C88D-164E-CE6F8C8424AE,1ZN7L4R0H1D00F,1W9DL31001461C,,1ZMLH8300204F0,1W9DL31001461C,,,,,
2023-11-01,11:31:39.36 AM,7m 17.0s,437.0,33.7989073729007,-117.474980812831,71.8,137.7,16.7,1336,3561.4,6.643372,7.161702,-4.697574,2.23694,-4.697574,1.342164,0,0.894776,-1.3,-0.7,1.4,-135.2,224.8,224.5,Tripod,Other,,21,5,True,,True,False,,Smart,RC,False,True,False,,,True,,False,False,False,False,False,False,False,False,False,False,0,Follow Yaw,-77.9,0,-143.3,216.7,False,False,False,False,False,,0,0,False,False,No Card,100,100,1024,1383,881,1073,2,False,False,False,False,False,0,False,False,False,False,76,,46.932,,7683,,10044,,46.932,,True,3.913,3.913,3.913,3.913,3.913,3.913,3.913,3.913,3.913,3.913,3.913,3.913,0,,False,False,True,,,,,,,,,,,,,,,False,False,19.264,,98.9,,75.7,,98.9,,1458,95,7,21,7,142194.4,18959.26,,Idle,,20,,10,,,20,Go Home,False,False,False,False,False,False,False,False,False,False,False,False,33.8027920380556,-117.4659261431046,3089.1,3089.1,1049.4,396.9,True,1,1,False,False,False,False,,True,False,False,Course Lock,196.8,67,16.4,93,E,SW,2.68,11.4,Calm,False,False,Android,7.0.2,M300 RTK,1ZN7L4R0H1D00F,1W9DL31001461C,1ZMLH8300204F0,1Z6PH74DAP0QN7,"Corona, CA",728.3,5.7,137.7,8.547347,2.013246,0,0,DJI Matrice 300 RTK,M300 RTK,1ZN7L4R0H1D00F,1W9DL31001461C,1ZMLH8300204F0,1Z6PH74DAP0QN7,DJI Pilot,Android,7.0.2,1EF72A62-B7C3-C88D-164E-CE6F8C8424AE,1ZN7L4R0H1D00F,1W9DL31001461C,,1ZMLH8300204F0,1W9DL31001461C,,,,,
2023-11-01,11:31:39.47 AM,7m 17.1s,437.1,33.7989054668805,-117.4749830902378,71.8,137.7,16.7,1336,3562.4,6.643372,7.161702,-4.697574,2.23694,-4.697574,1.342164,0,0.894776,-1.4,-0.9,1.6,-135.3,224.7,224.7,Tripod,Other,,21,5,True,,True,False,,Smart,RC,False,True,False,,,True,,False,False,False,False,False,False,False,False,False,False,0,Follow Yaw,-77.9,0,-143.3,216.7,False,False,False,False,False,,0,0,False,False,No Card,100,100,1024,1381,878,1088,2,False,False,False,False,False,0,False,False,False,False,76,,46.932,,7683,,10044,,46.932,,True,3.913,3.913,3.913,3.913,3.913,3.913,3.913,3.913,3.913,3.913,3.913,3.913,0,,False,False,True,,,,,,,,,,,,,,,False,False,19.264,,98.9,,75.7,,98.9,,1458,95,7,21,7,142194.4,18959.26,,Idle,,20,,10,,,20,Go Home,False,False,False,False,False,False,False,False,False,False,False,False,33.8027920380556,-117.4659261431046,3090.1,3090.1,1049.4,396.9,True,1,1,False,False,False,False,,True,False,False,Course Lock,196.8,67,16.4,93,E,SW,2.68,11.4,Calm,False,False,Android,7.0.2,M300 RTK,1ZN7L4R0H1D00F,1W9DL31001461C,1ZMLH8300204F0,1Z6PH74DAP0QN7,"Corona, CA",728.3,5.7,137.7,8.547347,2.013246,0,0,DJI Matrice 300 RTK,M300 RTK,1ZN7L4R0H1D00F,1W9DL31001461C,1ZMLH8300204F0,1Z6PH74DAP0QN7,DJI Pilot,Android,7.0.2,1EF72A62-B7C3-C88D-164E-CE6F8C8424AE,1ZN7L4R0H1D00F,1W9DL31001461C,,1ZMLH8300204F0,1W9DL31001461C,,,,,
2023-11-01,11:31:39.57 AM,7m 17.2s,437.2,33.7989033958346,-117.4749855311234,71.8,137.7,16.7,1336,3563.5,6.643372,7.161702,-4.697574,2.23694,-4.697574,1.342164,0,0.894776,-1.6,-0.9,1.8,-135.3,224.7,224.4,Tripod,Other,,21,5,True,,True,False,,Smart,RC,False,True,False,,,True,,False,False,False,False,False,False,False,False,False,False,0,Follow Yaw,-77.9,0,-143.2,216.8,False,False,False,False,False,,0,0,False,False,No Card,100,100,1024,1382,884,1056,2,False,False,False,False,False,0,False,False,False,False,76,,46.932,,7683,,10044,,46.932,,True,3.913,3.913,3.913,3.913,3.913,3.913,3.913,3.913,3.913,3.913,3.913,3.913,0,,False,False,True,,,,,,,,,,,,,,,False,False,19.264,,98.9,,75.7,,98.9,,1458,95,7,21,7,142194.4,18959.26,,Idle,,20,,10,,,20,Go Home,False,False,False,False,False,False,False,False,False,False,False,False,33.8027920380556,-117.4659261431046,3091.1,3091.1,1049.4,396.9,True,1,1,False,False,False,False,,True,False,False,Course Lock,196.8,67,16.4,93,E,SW,2.68,11.4,Calm,False,False,Android,7.0.2,M300 RTK,1ZN7L4R0H1D00F,1W9DL31001461C,1ZMLH8300204F0,1Z6PH74DAP0QN7,"Corona, CA",728.3,5.7,137.7,8.547347,2.013246,0,0,DJI Matrice 300 RTK,M300 RTK,1ZN7L4R0H1D00F,1W9DL31001461C,1ZMLH8300204F0,1Z6PH74DAP0QN7,DJI Pilot,Android,7.0.2,1EF72A62-B7C3-C88D-164E-CE6F8C8424AE,1ZN7L4R0H1D00F,1W9DL31001461C,,1ZMLH8300204F0,1W9DL31001461C,,,,,
2023-11-01,11:31:39.67 AM,7m 17.3s,437.3,33.7989014854283,-117.474987743588,71.8,137.7,16.7,1336,3564.4,6.643372,7.161702,-4.697574,2.23694,-4.697574,1.342164,0,0.894776,-2,-0.7,2.1,-135.3,224.7,223.9,Tripod,Other,,21,5,True,,True,False,,Smart,RC,False,True,False,,,True,,False,False,False,False,False,False,False,False,False,False,0,Follow Yaw,-77.9,0,-143.1,216.9,False,False,False,False,False,,0,0,False,False,No Card,100,100,1024,1382,896,1024,2,False,False,False,False,False,0,False,False,False,False,76,,46.932,,7683,,10044,,46.932,,True,3.917,3.917,3.917,3.917,3.917,3.917,3.917,3.917,3.917,3.917,3.917,3.917,0,,False,False,True,,,,,,,,,,,,,,,False,False,19.264,,98.9,,75.7,,98.9,,1458,95,7,21,7,142254.3,18967.24,,Idle,,20,,10,,,20,Go Home,False,False,False,False,False,False,False,False,False,False,False,False,33.8027920380556,-117.4659261431046,3092.0,3092.0,1049.4,396.9,True,1,1,False,False,False,False,,True,False,False,Course Lock,196.8,67,16.4,93,E,SW,2.68,11.4,Calm,False,False,Android,7.0.2,M300 RTK,1ZN7L4R0H1D00F,1W9DL31001461C,1ZMLH8300204F0,1Z6PH74DAP0QN7,"Corona, CA",728.3,5.7,137.7,8.547347,2.013246,0,0,DJI Matrice 300 RTK,M300 RTK,1ZN7L4R0H1D00F,1W9DL31001461C,1ZMLH8300204F0,1Z6PH74DAP0QN7,DJI Pilot,Android,7.0.2,1EF72A62-B7C3-C88D-164E-CE6F8C8424AE,1ZN7L4R0H1D00F,1W9DL31001461C,,1ZMLH8300204F0,1W9DL31001461C,,,,,
2023-11-01,11:31:39.78 AM,7m 17.4s,437.4,33.7988994058843,-117.4749901726809,71.8,137.7,16.7,1336,3565.5,6.643372,7.161702,-4.697574,2.23694,-4.697574,1.342164,0.223694,0.894776,-2.2,-0.4,2.2,-135.2,224.8,224.1,Tripod,Other,,20,5,True,,True,False,,Smart,RC,False,True,False,,,True,,False,False,False,False,False,False,False,False,False,False,0,Follow Yaw,-77.9,0,-143.1,216.9,False,False,False,False,False,,0,0,False,False,No Card,100,100,1024,1381,906,1024,2,False,False,False,False,False,0,False,False,False,False,76,,46.932,,7683,,10044,,46.932,,True,3.917,3.917,3.917,3.917,3.917,3.917,3.917,3.917,3.917,3.917,3.917,3.917,0,,False,False,True,,,,,,,,,,,,,,,False,False,19.264,,98.9,,75.7,,98.9,,1458,95,7,21,7,142254.3,18967.24,,Idle,,20,,10,,,20,Go Home,False,False,False,False,False,False,False,False,False,False,False,False,33.8027920380556,-117.4659261431046,3093.0,3093.0,1049.4,396.9,True,1,1,False,False,False,False,,True,False,False,Course Lock,196.8,67,16.4,93,E,SW,2.68,11.4,Calm,False,False,Android,7.0.2,M300 RTK,1ZN7L4R0H1D00F,1W9DL31001461C,1ZMLH8300204F0,1Z6PH74DAP0QN7,"Corona, CA",728.3,5.7,137.7,8.547347,2.013246,0,0,DJI Matrice 300 RTK,M300 RTK,1ZN7L4R0H1D00F,1W9DL31001461C,1ZMLH8300204F0,1Z6PH74DAP0QN7,DJI Pilot,Android,7.0.2,1EF72A62-B7C3-C88D-164E-CE6F8C8424AE,1ZN7L4R0H1D00F,1W9DL31001461C,,1ZMLH8300204F0,1W9DL31001461C,,,,,
2023-11-01,11:31:39.84 AM,7m 17.5s,437.5,33.798897766866,-117.4749920483021,71.8,137.7,16.7,1336,3566.3,6.643372,7.161702,-4.697574,2.23694,-4.697574,1.342164,0.223694,0.894776,-2.3,-0.5,2.3,-135.2,224.8,223.5,Tripod,Other,,20,5,True,,True,False,,Smart,RC,False,True,False,,,True,,False,False,False,False,False,False,False,False,False,False,0,Follow Yaw,-77.9,0,-143.1,216.9,False,False,False,False,False,,0,0,False,False,No Card,100,100,1024,1382,909,1024,2,False,False,False,False,False,0,False,False,False,False,76,,46.932,,7683,,10044,,46.932,,True,3.917,3.917,3.917,3.917,3.917,3.917,3.917,3.917,3.917,3.917,3.917,3.917,0,,False,False,True,,,,,,,,,,,,,,,False,False,19.264,,98.9,,75.7,,98.9,,1458,95,7,21,7,142254.3,18967.24,,Idle,,20,,10,,,20,Go Home,False,False,False,False,False,False,False,False,False,False,False,False,33.8027920380556,-117.4659261431046,3093.8,3093.8,1049.4,396.9,True,1,1,False,False,False,False,,True,False,False,Course Lock,196.8,67,16.4,93,E,SW,2.68,11.4,Calm,False,False,Android,7.0.2,M300 RTK,1ZN7L4R0H1D00F,1W9DL31001461C,1ZMLH8300204F0,1Z6PH74DAP0QN7,"Corona, CA",728.3,5.7,137.7,8.547347,2.013246,0,0,DJI Matrice 300 RTK,M300 RTK,1ZN7L4R0H1D00F,1W9DL31001461C,1ZMLH8300204F0,1Z6PH74DAP0QN7,DJI Pilot,Android,7.0.2,1EF72A62-B7C3-C88D-164E-CE6F8C8424AE,1ZN7L4R0H1D00F,1W9DL31001461C,,1ZMLH8300204F0,1W9DL31001461C,,,,,
2023-11-01,11:31:39.94 AM,7m 17.6s,437.6,33.7988957034956,-117.4749944515316,71.8,137.7,16.7,1336,3567.3,6.643372,7.161702,-4.697574,2.23694,-4.697574,1.342164,0,0.894776,-2.4,-0.6,2.4,-135.1,224.9,224.0,Tripod,Other,,21,5,True,,True,False,,Smart,RC,False,True,False,,,True,,False,False,False,False,False,False,False,False,False,False,0,Follow Yaw,-77.9,0,-143.1,216.9,False,False,False,False,False,,0,0,False,False,No Card,100,100,1024,1382,908,1024,2,False,False,False,False,False,0,False,False,False,False,76,,46.932,,7683,,10044,,46.932,,True,3.917,3.917,3.917,3.917,3.917,3.917,3.917,3.917,3.917,3.917,3.917,3.917,0,,False,False,True,,,,,,,,,,,,,,,False,False,19.264,,98.9,,75.7,,98.9,,1458,95,7,21,7,142254.3,18967.24,,Idle,,20,,10,,,20,Go Home,False,False,False,False,False,False,False,False,False,False,False,False,33.8027920380556,-117.4659261431046,3094.8,3094.8,1049.4,396.9,True,1,1,False,False,False,False,,True,False,False,Course Lock,196.8,67,16.4,93,E,SW,2.68,11.4,Calm,False,False,Android,7.0.2,M300 RTK,1ZN7L4R0H1D00F,1W9DL31001461C,1ZMLH8300204F0,1Z6PH74DAP0QN7,"Corona, CA",728.3,5.7,137.7,8.547347,2.013246,0,0,DJI Matrice 300 RTK,M300 RTK,1ZN7L4R0H1D00F,1W9DL31001461C,1ZMLH8300204F0,1Z6PH74DAP0QN7,DJI Pilot,Android,7.0.2,1EF72A62-B7C3-C88D-164E-CE6F8C8424AE,1ZN7L4R0H1D00F,1W9DL31001461C,,1ZMLH8300204F0,1W9DL31001461C,,,,,
2023-11-01,11:31:40.04 AM,7m 17.7s,437.7,33.7988938503824,-117.4749966273296,71.8,137.7,16.7,1336,3568.3,6.643372,7.161702,-4.697574,2.23694,-4.697574,1.342164,0,0.894776,-2.3,-0.5,2.3,-135.1,224.9,224.2,Tripod,Other,,21,5,True,,True,False,,Smart,RC,False,True,False,,,True,,False,False,False,False,False,False,False,False,False,False,0,Follow Yaw,-77.9,0,-143.1,216.9,False,False,False,False,False,,0,0,False,False,No Card,100,100,1024,1381,904,1024,2,False,False,False,False,False,0,False,False,False,False,77,,46.86,,3839,,4986,,46.86,,True,3.917,3.917,3.917,3.917,3.917,3.917,3.917,3.917,3.917,3.917,3.917,3.917,0,,False,False,True,,,,,,,,,,,,,,,False,False,9.774,,98.9,,75.7,,98.9,,1458,95,7,21,7,142254.3,18967.24,,Idle,,20,,10,,,20,Go Home,False,False,False,False,False,False,False,False,False,False,False,False,33.8027920380556,-117.4659261431046,3095.7,3095.7,1049.4,396.9,True,1,1,False,False,False,False,,True,False,False,Course Lock,196.8,67,16.4,93,E,SW,2.68,11.4,Calm,False,False,Android,7.0.2,M300 RTK,1ZN7L4R0H1D00F,1W9DL31001461C,1ZMLH8300204F0,1Z6PH74DAP0QN7,"Corona, CA",728.3,5.7,137.7,8.547347,2.013246,0,0,DJI Matrice 300 RTK,M300 RTK,1ZN7L4R0H1D00F,1W9DL31001461C,1ZMLH8300204F0,1Z6PH74DAP0QN7,DJI Pilot,Android,7.0.2,1EF72A62-B7C3-C88D-164E-CE6F8C8424AE,1ZN7L4R0H1D00F,1W9DL31001461C,,1ZMLH8300204F0,1W9DL31001461C,,,,,
2023-11-01,11:31:40.14 AM,7m 17.8s,437.8,33.7988917771434,-117.4749990310745,71.8,137.7,16.7,1336,3569.3,6.643372,7.161702,-4.697574,2.23694,-4.697574,1.342164,0,0.894776,-2.2,-0.3,2.2,-135,225,223.9,Tripod,Other,,21,5,True,,True,False,,Smart,RC,False,True,False,,,True,,False,False,False,False,False,False,False,False,False,False,0,Follow Yaw,-77.9,0,-143.1,216.9,False,False,False,False,False,,0,0,False,False,No Card,100,100,1024,1381,904,1024,2,False,False,False,False,False,0,False,False,False,False,77,,46.86,,3839,,4986,,46.86,,True,3.917,3.917,3.917,3.917,3.917,3.917,3.917,3.917,3.917,3.917,3.917,3.917,0,,False,False,True,,,,,,,,,,,,,,,False,False,9.774,,98.9,,75.7,,98.9,,1458,95,7,21,7,142254.3,18967.24,,Idle,,20,,10,,,20,Go Home,False,False,False,False,False,False,False,False,False,False,False,False,33.8027920380556,-117.4659261431046,3096.6,3096.6,1049.4,396.9,True,1,1,False,False,False,False,,True,False,False,Course Lock,196.8,67,16.4,93,E,SW,2.68,11.4,Calm,False,False,Android,7.0.2,M300 RTK,1ZN7L4R0H1D00F,1W9DL31001461C,1ZMLH8300204F0,1Z6PH74DAP0QN7,"Corona, CA",728.3,5.7,137.7,8.547347,2.013246,0,0,DJI Matrice 300 RTK,M300 RTK,1ZN7L4R0H1D00F,1W9DL31001461C,1ZMLH8300204F0,1Z6PH74DAP0QN7,DJI Pilot,Android,7.0.2,1EF72A62-B7C3-C88D-164E-CE6F8C8424AE,1ZN7L4R0H1D00F,1W9DL31001461C,,1ZMLH8300204F0,1W9DL31001461C,,,,,
2023-11-01,11:31:40.24 AM,7m 17.9s,437.9,33.7988896742984,-117.4750012242318,71.8,137.7,16.7,1336,3570.4,6.643372,7.161702,-4.697574,2.23694,-4.697574,1.342164,0,0.894776,-2,-0.3,2,-135,225,220.9,Tripod,Other,,21,5,True,,True,False,,Smart,RC,False,True,False,,,True,,False,False,False,False,False,False,False,False,False,False,0,Follow Yaw,-77.9,0,-143.1,216.9,False,False,False,False,False,,0,0,False,False,No Card,100,100,1024,1381,905,1024,2,False,False,False,False,False,0,False,False,False,False,77,,46.86,,3839,,4986,,46.86,,True,3.917,3.917,3.917,3.917,3.917,3.917,3.917,3.917,3.917,3.917,3.917,3.917,0,,False,False,True,,,,,,,,,,,,,,,False,False,9.774,,98.9,,75.7,,98.9,,1458,95,7,21,7,142254.3,18967.24,,Idle,,20,,10,,,20,Go Home,False,False,False,False,False,False,False,False,False,False,False,False,33.8027920380556,-117.4659261431046,3097.6,3097.6,1049.4,396.9,True,1,1,False,False,False,False,,True,False,False,Course Lock,196.8,67,16.4,93,E,SW,2.68,11.4,Calm,False,False,Android,7.0.2,M300 RTK,1ZN7L4R0H1D00F,1W9DL31001461C,1ZMLH8300204F0,1Z6PH74DAP0QN7,"Corona, CA",728.3,5.7,137.7,8.547347,2.013246,0,0,DJI Matrice 300 RTK,M300 RTK,1ZN7L4R0H1D00F,1W9DL31001461C,1ZMLH8300204F0,1Z6PH74DAP0QN7,DJI Pilot,Android,7.0.2,1EF72A62-B7C3-C88D-164E-CE6F8C8424AE,1ZN7L4R0H1D00F,1W9DL31001461C,,1ZMLH8300204F0,1W9DL31001461C,,,,,
2023-11-01,11:31:40.34 AM,7m 18.0s,438.0,33.7988876901514,-117.4750035127611,71.8,137.7,16.7,1336,3571.4,6.643372,7.161702,-4.697574,2.23694,-4.697574,1.342164,0,0.894776,-1.8,-0.4,1.8,-135,225,223.7,Tripod,Other,,21,5,True,,True,False,,Smart,RC,False,True,False,,,True,,False,False,False,False,False,False,False,False,False,False,0,Follow Yaw,-77.9,0,-143.1,216.9,False,False,False,False,False,,0,0,False,False,No Card,100,100,1024,1381,906,1024,2,False,False,False,False,False,0,False,False,False,False,76,,46.956,,7683,,10044,,46.956,,True,3.917,3.917,3.917,3.917,3.917,3.917,3.917,3.917,3.917,3.917,3.917,3.917,0,,False,False,True,,,,,,,,,,,,,,,False,False,19.418,,99.1,,75.7,,99.1,,1458,95,7,21,7,142254.3,18967.24,,Idle,,20,,10,,,20,Go Home,False,False,False,False,False,False,False,False,False,False,False,False,33.8027920380556,-117.4659261431046,3098.5,3098.5,1049.4,396.9,True,1,1,False,False,False,False,,True,False,False,Course Lock,196.8,67,16.4,93,E,SW,2.68,11.4,Calm,False,False,Android,7.0.2,M300 RTK,1ZN7L4R0H1D00F,1W9DL31001461C,1ZMLH8300204F0,1Z6PH74DAP0QN7,"Corona, CA",728.3,5.7,137.7,8.547347,2.013246,0,0,DJI Matrice 300 RTK,M300 RTK,1ZN7L4R0H1D00F,1W9DL31001461C,1ZMLH8300204F0,1Z6PH74DAP0QN7,DJI Pilot,Android,7.0.2,1EF72A62-B7C3-C88D-164E-CE6F8C8424AE,1ZN7L4R0H1D00F,1W9DL31001461C,,1ZMLH8300204F0,1W9DL31001461C,,,,,
2023-11-01,11:31:40.44 AM,7m 18.1s,438.1,33.7988857356104,-117.4750057611398,71.8,137.7,16.7,1336,3572.3,6.643372,7.161702,-4.697574,2.23694,-4.697574,1.342164,0,0.894776,-1.7,-0.5,1.7,-135,225,223.7,Tripod,Other,,21,5,True,,True,False,,Smart,RC,False,True,False,,,True,,False,False,False,False,False,False,False,False,False,False,0,Follow Yaw,-77.9,0,-143.1,216.9,False,False,False,False,False,,0,0,False,False,No Card,100,100,1024,1382,907,1024,2,False,False,False,False,False,0,False,False,False,False,76,,46.956,,7683,,10044,,46.956,,True,3.917,3.917,3.917,3.917,3.917,3.917,3.917,3.917,3.917,3.917,3.917,3.917,0,,False,False,True,,,,,,,,,,,,,,,False,False,19.418,,99.1,,75.7,,99.1,,1458,95,7,21,7,142254.3,18967.24,,Idle,,20,,10,,,20,Go Home,False,False,False,False,False,False,False,False,False,False,False,False,33.8027920380556,-117.4659261431046,3099.5,3099.5,1049.4,396.9,True,1,1,False,False,False,False,,True,False,False,Course Lock,196.8,67,16.4,93,E,SW,2.68,11.4,Calm,False,False,Android,7.0.2,M300 RTK,1ZN7L4R0H1D00F,1W9DL31001461C,1ZMLH8300204F0,1Z6PH74DAP0QN7,"Corona, CA",728.3,5.7,137.7,8.547347,2.013246,0,0,DJI Matrice 300 RTK,M300 RTK,1ZN7L4R0H1D00F,1W9DL31001461C,1ZMLH8300204F0,1Z6PH74DAP0QN7,DJI Pilot,Android,7.0.2,1EF72A62-B7C3-C88D-164E-CE6F8C8424AE,1ZN7L4R0H1D00F,1W9DL31001461C,,1ZMLH8300204F0,1W9DL31001461C,,,,,
2023-11-01,11:31:40.50 AM,7m 18.2s,438.2,33.7988836544216,-117.4750081699357,71.8,137.7,16.7,1336,3573.4,6.643372,7.161702,-4.697574,2.23694,-4.697574,1.342164,0,0.894776,-1.7,-0.4,1.7,-134.9,225.1,223.8,Tripod,Other,,22,5,True,,True,False,,Smart,RC,False,True,False,,,True,,False,False,False,False,False,False,False,False,False,False,0,Follow Yaw,-77.9,0,-143.1,216.9,False,False,False,False,False,,0,0,False,False,No Card,100,100,1024,1381,907,1024,2,False,False,False,False,False,0,False,False,False,False,76,,46.956,,7683,,10044,,46.956,,True,3.917,3.917,3.917,3.917,3.917,3.917,3.917,3.917,3.917,3.917,3.917,3.917,0,,False,False,True,,,,,,,,,,,,,,,False,False,19.418,,99.1,,75.7,,99.1,,1458,95,7,21,7,142254.3,18967.24,,Idle,,20,,10,,,20,Go Home,False,False,False,False,False,False,False,False,False,False,False,False,33.8027920380556,-117.4659261431046,3100.5,3100.5,1049.4,396.9,True,1,1,False,False,False,False,,True,False,False,Course Lock,196.8,67,16.4,93,E,SW,2.68,11.4,Calm,False,False,Android,7.0.2,M300 RTK,1ZN7L4R0H1D00F,1W9DL31001461C,1ZMLH8300204F0,1Z6PH74DAP0QN7,"Corona, CA",728.3,5.7,137.7,8.547347,2.013246,0,0,DJI Matrice 300 RTK,M300 RTK,1ZN7L4R0H1D00F,1W9DL31001461C,1ZMLH8300204F0,1Z6PH74DAP0QN7,DJI Pilot,Android,7.0.2,1EF72A62-B7C3-C88D-164E-CE6F8C8424AE,1ZN7L4R0H1D00F,1W9DL31001461C,,1ZMLH8300204F0,1W9DL31001461C,,,,,
2023-11-01,11:31:40.64 AM,7m 18.3s,438.3,33.7988817459343,-117.4750105783606,71.8,137.7,16.7,1336,3574.4,6.643372,7.161702,-4.697574,2.23694,-4.697574,1.342164,0,0.894776,-1.7,-0.4,1.7,-134.9,225.1,226.3,Tripod,Other,,22,5,True,,True,False,,Smart,RC,False,True,False,,,True,,False,False,False,False,False,False,False,False,False,False,0,Follow Yaw,-77.9,0,-143.1,216.9,False,False,False,False,False,,0,0,False,False,No Card,100,100,1024,1381,907,1024,2,False,False,False,False,False,0,False,False,False,False,76,,46.956,,7683,,10044,,46.956,,True,3.911,3.911,3.911,3.911,3.911,3.911,3.911,3.911,3.911,3.911,3.911,3.911,0,,False,False,True,,,,,,,,,,,,,,,False,False,19.418,,99.1,,75.7,,99.1,,1458,95,7,21,7,142428.7,18990.50,,Idle,,20,,10,,,20,Go Home,False,False,False,False,False,False,False,False,False,False,False,False,33.8027920380556,-117.4659261431046,3101.4,3101.4,1049.4,396.9,True,1,1,False,False,False,False,,True,False,False,Course Lock,196.8,67,16.4,93,E,SW,2.68,11.4,Calm,False,False,Android,7.0.2,M300 RTK,1ZN7L4R0H1D00F,1W9DL31001461C,1ZMLH8300204F0,1Z6PH74DAP0QN7,"Corona, CA",728.3,5.7,137.7,8.547347,2.013246,0,0,DJI Matrice 300 RTK,M300 RTK,1ZN7L4R0H1D00F,1W9DL31001461C,1ZMLH8300204F0,1Z6PH74DAP0QN7,DJI Pilot,Android,7.0.2,1EF72A62-B7C3-C88D-164E-CE6F8C8424AE,1ZN7L4R0H1D00F,1W9DL31001461C,,1ZMLH8300204F0,1W9DL31001461C,,,,,
2023-11-01,11:31:40.71 AM,7m 18.4s,438.4,33.7988796803709,-117.4750130198131,71.5,137.7,16.7,1335,3575.5,6.643372,7.161702,-4.697574,2.23694,-4.697574,1.342164,0,0.894776,-1.7,-0.5,1.7,-135,225,224.4,Tripod,Other,,22,5,True,,True,False,,Smart,RC,False,True,False,,,True,,False,False,False,False,False,False,False,False,False,False,0,Follow Yaw,-77.9,0,-143.1,216.9,False,False,False,False,False,,0,0,False,False,No Card,100,100,1024,1381,907,1024,2,False,False,False,False,False,0,False,False,False,False,76,,46.956,,7683,,10044,,46.956,,True,3.911,3.911,3.911,3.911,3.911,3.911,3.911,3.911,3.911,3.911,3.911,3.911,0,,False,False,True,,,,,,,,,,,,,,,False,False,19.418,,99.1,,75.7,,99.1,,1458,95,7,21,7,142428.7,18990.50,,Idle,,20,,10,,,20,Go Home,False,False,False,False,False,False,False,False,False,False,False,False,33.8027920380556,-117.4659261431046,3102.4,3102.4,1049.4,396.9,True,1,1,False,False,False,False,,True,False,False,Course Lock,196.8,67,16.4,93,E,SW,2.68,11.4,Calm,False,False,Android,7.0.2,M300 RTK,1ZN7L4R0H1D00F,1W9DL31001461C,1ZMLH8300204F0,1Z6PH74DAP0QN7,"Corona, CA",728.3,5.7,137.7,8.547347,2.013246,0,0,DJI Matrice 300 RTK,M300 RTK,1ZN7L4R0H1D00F,1W9DL31001461C,1ZMLH8300204F0,1Z6PH74DAP0QN7,DJI Pilot,Android,7.0.2,1EF72A62-B7C3-C88D-164E-CE6F8C8424AE,1ZN7L4R0H1D00F,1W9DL31001461C,,1ZMLH8300204F0,1W9DL31001461C,,,,,
2023-11-01,11:31:40.84 AM,7m 18.5s,438.5,33.7988779473262,-117.4750148583555,71.5,137.7,16.7,1335,3576.3,6.643372,7.161702,-4.697574,2.23694,-4.697574,1.342164,0,0.894776,-1.8,-0.7,1.9,-135.1,224.9,221.3,Tripod,Other,,22,5,True,,True,False,,Smart,RC,False,True,False,,,True,,False,False,False,False,False,False,False,False,False,False,0,Follow Yaw,-77.9,0,-143.1,216.9,False,False,False,False,False,,0,0,False,False,No Card,100,100,1024,1381,905,1024,2,False,False,False,False,False,0,False,False,False,False,76,,46.956,,7683,,10044,,46.956,,True,3.911,3.911,3.911,3.911,3.911,3.911,3.911,3.911,3.911,3.911,3.911,3.911,0,,False,False,True,,,,,,,,,,,,,,,False,False,19.418,,99.1,,75.7,,99.1,,1458,95,7,21,7,142428.7,18990.50,,Idle,,20,,10,,,20,Go Home,False,False,False,False,False,False,False,False,False,False,False,False,33.8027920380556,-117.4659261431046,3103.2,3103.2,1049.4,396.9,True,1,1,False,False,False,False,,True,False,False,Course Lock,196.8,67,16.4,93,E,SW,2.68,11.4,Calm,False,False,Android,7.0.2,M300 RTK,1ZN7L4R0H1D00F,1W9DL31001461C,1ZMLH8300204F0,1Z6PH74DAP0QN7,"Corona, CA",728.3,5.7,137.7,8.547347,2.013246,0,0,DJI Matrice 300 RTK,M300 RTK,1ZN7L4R0H1D00F,1W9DL31001461C,1ZMLH8300204F0,1Z6PH74DAP0QN7,DJI Pilot,Android,7.0.2,1EF72A62-B7C3-C88D-164E-CE6F8C8424AE,1ZN7L4R0H1D00F,1W9DL31001461C,,1ZMLH8300204F0,1W9DL31001461C,,,,,
2023-11-01,11:31:40.92 AM,7m 18.6s,438.6,33.7988759036932,-117.4750172706769,71.5,137.7,16.7,1335,3577.4,6.643372,7.161702,-4.697574,2.23694,-4.697574,1.342164,0,0.894776,-1.9,-0.9,2.1,-135.1,224.9,224.4,Tripod,Other,,22,5,True,,True,False,,Smart,RC,False,True,False,,,True,,False,False,False,False,False,False,False,False,False,False,0,Follow Yaw,-77.9,0,-143.1,216.9,False,False,False,False,False,,0,0,False,False,No Card,100,100,1024,1380,906,1024,2,False,False,False,False,False,0,False,False,False,False,76,,46.956,,7683,,10044,,46.956,,True,3.911,3.911,3.911,3.911,3.911,3.911,3.911,3.911,3.911,3.911,3.911,3.911,0,,False,False,True,,,,,,,,,,,,,,,False,False,19.418,,99.1,,75.7,,99.1,,1458,95,7,21,7,142428.7,18990.50,,Idle,,20,,10,,,20,Go Home,False,False,False,False,False,False,False,False,False,False,False,False,33.8027920380556,-117.4659261431046,3104.2,3104.2,1049.4,396.9,True,1,1,False,False,False,False,,True,False,False,Course Lock,196.8,67,16.4,93,E,SW,2.68,11.4,Calm,False,False,Android,7.0.2,M300 RTK,1ZN7L4R0H1D00F,1W9DL31001461C,1ZMLH8300204F0,1Z6PH74DAP0QN7,"Corona, CA",728.3,5.7,137.7,8.547347,2.013246,0,0,DJI Matrice 300 RTK,M300 RTK,1ZN7L4R0H1D00F,1W9DL31001461C,1ZMLH8300204F0,1Z6PH74DAP0QN7,DJI Pilot,Android,7.0.2,1EF72A62-B7C3-C88D-164E-CE6F8C8424AE,1ZN7L4R0H1D00F,1W9DL31001461C,,1ZMLH8300204F0,1W9DL31001461C,,,,,
2023-11-01,11:31:41.02 AM,7m 18.7s,438.7,33.7988739645034,-117.4750194982122,71.5,137.7,16.7,1335,3578.3,6.643372,7.161702,-4.697574,2.23694,-4.697574,1.342164,0,0.894776,-1.9,-0.9,2.1,-135.1,224.9,223.6,Tripod,Other,,22,5,True,,True,False,,Smart,RC,False,True,False,,,True,,False,False,False,False,False,False,False,False,False,False,0,Follow Yaw,-77.9,0,-143.1,216.9,False,False,False,False,False,,0,0,False,False,No Card,100,100,1024,1382,905,1024,2,False,False,False,False,False,0,False,False,False,False,76,,46.956,,7683,,10044,,46.956,,True,3.911,3.911,3.911,3.911,3.911,3.911,3.911,3.911,3.911,3.911,3.911,3.911,0,,False,False,True,,,,,,,,,,,,,,,False,False,19.418,,99.1,,75.7,,99.1,,1458,95,7,21,7,142428.7,18990.50,,Idle,,20,,10,,,20,Go Home,False,False,False,False,False,False,False,False,False,False,False,False,33.8027920380556,-117.4659261431046,3105.1,3105.1,1049.4,396.9,True,1,1,False,False,False,False,,True,False,False,Course Lock,196.8,67,16.4,93,E,SW,2.68,11.4,Calm,False,False,Android,7.0.2,M300 RTK,1ZN7L4R0H1D00F,1W9DL31001461C,1ZMLH8300204F0,1Z6PH74DAP0QN7,"Corona, CA",728.3,5.7,137.7,8.547347,2.013246,0,0,DJI Matrice 300 RTK,M300 RTK,1ZN7L4R0H1D00F,1W9DL31001461C,1ZMLH8300204F0,1Z6PH74DAP0QN7,DJI Pilot,Android,7.0.2,1EF72A62-B7C3-C88D-164E-CE6F8C8424AE,1ZN7L4R0H1D00F,1W9DL31001461C,,1ZMLH8300204F0,1W9DL31001461C,,,,,
2023-11-01,11:31:41.14 AM,7m 18.8s,438.8,33.7988719151136,-117.475021905668,71.5,137.7,16.7,1335,3579.4,6.643372,7.161702,-4.697574,2.23694,-4.697574,1.342164,0,0.894776,-1.9,-0.9,2.1,-135.1,224.9,224.3,Tripod,Other,,21,5,True,,True,False,,Smart,RC,False,True,False,,,True,,False,False,False,False,False,False,False,False,False,False,0,Follow Yaw,-77.9,0,-143.1,216.9,False,False,False,False,False,,0,0,False,False,No Card,100,100,1024,1380,907,1024,2,False,False,False,False,False,0,False,False,False,False,76,,46.956,,7683,,10044,,46.956,,True,3.911,3.911,3.911,3.911,3.911,3.911,3.911,3.911,3.911,3.911,3.911,3.911,0,,False,False,True,,,,,,,,,,,,,,,False,False,19.418,,99.1,,75.7,,99.1,,1458,95,7,21,7,142428.7,18990.50,,Idle,,20,,10,,,20,Go Home,False,False,False,False,False,False,False,False,False,False,False,False,33.8027920380556,-117.4659261431046,3106.1,3106.1,1049.4,396.9,True,1,1,False,False,False,False,,True,False,False,Course Lock,196.8,67,16.4,93,E,SW,2.68,11.4,Calm,False,False,Android,7.0.2,M300 RTK,1ZN7L4R0H1D00F,1W9DL31001461C,1ZMLH8300204F0,1Z6PH74DAP0QN7,"Corona, CA",728.3,5.7,137.7,8.547347,2.013246,0,0,DJI Matrice 300 RTK,M300 RTK,1ZN7L4R0H1D00F,1W9DL31001461C,1ZMLH8300204F0,1Z6PH74DAP0QN7,DJI Pilot,Android,7.0.2,1EF72A62-B7C3-C88D-164E-CE6F8C8424AE,1ZN7L4R0H1D00F,1W9DL31001461C,,1ZMLH8300204F0,1W9DL31001461C,,,,,
2023-11-01,11:31:41.24 AM,7m 18.9s,438.9,33.7988698402298,-117.475024179838,71.5,137.7,16.7,1335,3580.4,6.643372,7.161702,-4.697574,2.23694,-4.697574,1.342164,0,0.894776,-1.8,-0.9,2,-135,225,222.3,Tripod,Other,,21,5,True,,True,False,,Smart,RC,False,True,False,,,True,,False,False,False,False,False,False,False,False,False,False,0,Follow Yaw,-77.9,0,-143.1,216.9,False,False,False,False,False,,0,0,False,False,No Card,100,100,1024,1380,910,1024,2,False,False,False,False,False,0,False,False,False,False,76,,46.956,,7683,,10044,,46.956,,True,3.911,3.911,3.911,3.911,3.911,3.911,3.911,3.911,3.911,3.911,3.911,3.911,0,,False,False,True,,,,,,,,,,,,,,,False,False,19.418,,99.1,,75.7,,99.1,,1458,95,7,21,7,142428.7,18990.50,,Idle,,20,,10,,,20,Go Home,False,False,False,False,False,False,False,False,False,False,False,False,33.8027920380556,-117.4659261431046,3107.1,3107.1,1049.4,396.9,True,1,1,False,False,False,False,,True,False,False,Course Lock,196.8,67,16.4,93,E,SW,2.68,11.4,Calm,False,False,Android,7.0.2,M300 RTK,1ZN7L4R0H1D00F,1W9DL31001461C,1ZMLH8300204F0,1Z6PH74DAP0QN7,"Corona, CA",728.3,5.7,137.7,8.547347,2.013246,0,0,DJI Matrice 300 RTK,M300 RTK,1ZN7L4R0H1D00F,1W9DL31001461C,1ZMLH8300204F0,1Z6PH74DAP0QN7,DJI Pilot,Android,7.0.2,1EF72A62-B7C3-C88D-164E-CE6F8C8424AE,1ZN7L4R0H1D00F,1W9DL31001461C,,1ZMLH8300204F0,1W9DL31001461C,,,,,
2023-11-01,11:31:41.33 AM,7m 19.0s,439.0,33.7988678722564,-117.4750264593063,71.5,137.7,16.7,1335,3581.4,6.643372,7.161702,-4.697574,2.23694,-4.697574,1.342164,0,0.894776,-1.9,-0.7,2,-134.9,225.1,223.9,Tripod,Other,,21,5,True,,True,False,,Smart,RC,False,True,False,,,True,,False,False,False,False,False,False,False,False,False,False,0,Follow Yaw,-77.9,0,-143.1,216.9,False,False,False,False,False,,0,0,False,False,No Card,100,100,1024,1380,912,1024,2,False,False,False,False,False,0,False,False,False,False,76,,46.92,,7683,,10044,,46.92,,True,3.911,3.911,3.911,3.911,3.911,3.911,3.911,3.911,3.911,3.911,3.911,3.911,0,,False,False,True,,,,,,,,,,,,,,,False,False,18.9,,99.1,,75.7,,99.1,,1458,95,7,21,7,142428.7,18990.50,,Idle,,20,,10,,,20,Go Home,False,False,False,False,False,False,False,False,False,False,False,False,33.8027920380556,-117.4659261431046,3108.0,3108.0,1049.4,396.9,True,1,1,False,False,False,False,,True,False,False,Course Lock,196.8,67,16.4,93,E,SW,2.68,11.4,Calm,False,False,Android,7.0.2,M300 RTK,1ZN7L4R0H1D00F,1W9DL31001461C,1ZMLH8300204F0,1Z6PH74DAP0QN7,"Corona, CA",728.3,5.7,137.7,8.547347,2.013246,0,0,DJI Matrice 300 RTK,M300 RTK,1ZN7L4R0H1D00F,1W9DL31001461C,1ZMLH8300204F0,1Z6PH74DAP0QN7,DJI Pilot,Android,7.0.2,1EF72A62-B7C3-C88D-164E-CE6F8C8424AE,1ZN7L4R0H1D00F,1W9DL31001461C,,1ZMLH8300204F0,1W9DL31001461C,,,,,
2023-11-01,11:31:41.44 AM,7m 19.1s,439.1,33.7988660342203,-117.4750286169927,71.5,137.7,16.7,1335,3582.3,6.643372,7.161702,-4.697574,2.23694,-4.697574,1.342164,0,0.894776,-2,-0.7,2.1,-134.9,225.1,224.2,Tripod,Other,,21,5,True,,True,False,,Smart,RC,False,True,False,,,True,,False,False,False,False,False,False,False,False,False,False,0,Follow Yaw,-77.9,0,-143.1,216.9,False,False,False,False,False,,0,0,False,False,No Card,100,100,1024,1381,913,1024,2,False,False,False,False,False,0,False,False,False,False,76,,46.92,,7683,,10044,,46.92,,True,3.911,3.911,3.911,3.911,3.911,3.911,3.911,3.911,3.911,3.911,3.911,3.911,0,,False,False,True,,,,,,,,,,,,,,,False,False,18.9,,99.1,,75.7,,99.1,,1458,95,7,21,7,142428.7,18990.50,,Idle,,20,,10,,,20,Go Home,False,False,False,False,False,False,False,False,False,False,False,False,33.8027920380556,-117.4659261431046,3108.9,3108.9,1049.4,396.9,True,1,1,False,False,False,False,,True,False,False,Course Lock,196.8,67,16.4,93,E,SW,2.68,11.4,Calm,False,False,Android,7.0.2,M300 RTK,1ZN7L4R0H1D00F,1W9DL31001461C,1ZMLH8300204F0,1Z6PH74DAP0QN7,"Corona, CA",728.3,5.7,137.7,8.547347,2.013246,0,0,DJI Matrice 300 RTK,M300 RTK,1ZN7L4R0H1D00F,1W9DL31001461C,1ZMLH8300204F0,1Z6PH74DAP0QN7,DJI Pilot,Android,7.0.2,1EF72A62-B7C3-C88D-164E-CE6F8C8424AE,1ZN7L4R0H1D00F,1W9DL31001461C,,1ZMLH8300204F0,1W9DL31001461C,,,,,
2023-11-01,11:31:41.53 AM,7m 19.2s,439.2,33.7988639639967,-117.4750310064916,71.5,137.7,16.7,1335,3583.4,6.643372,7.161702,-4.697574,2.23694,-4.697574,1.342164,0,0.894776,-2.2,-0.7,2.3,-134.8,225.2,223.8,Tripod,Other,,21,5,True,,True,False,,Smart,RC,False,True,False,,,True,,False,False,False,False,False,False,False,False,False,False,0,Follow Yaw,-77.9,0,-143.1,216.9,False,False,False,False,False,,0,0,False,False,No Card,100,100,1024,1381,913,1024,2,False,False,False,False,False,0,False,False,False,False,76,,46.92,,7683,,10044,,46.92,,True,3.911,3.911,3.911,3.911,3.911,3.911,3.911,3.911,3.911,3.911,3.911,3.911,0,,False,False,True,,,,,,,,,,,,,,,False,False,18.9,,99.1,,75.7,,99.1,,1458,95,7,21,7,142428.7,18990.50,,Idle,,20,,10,,,20,Go Home,False,False,False,False,False,False,False,False,False,False,False,False,33.8027920380556,-117.4659261431046,3109.9,3109.9,1049.4,396.9,True,1,1,False,False,False,False,,True,False,False,Course Lock,196.8,67,16.4,93,E,SW,2.68,11.4,Calm,False,False,Android,7.0.2,M300 RTK,1ZN7L4R0H1D00F,1W9DL31001461C,1ZMLH8300204F0,1Z6PH74DAP0QN7,"Corona, CA",728.3,5.7,137.7,8.547347,2.013246,0,0,DJI Matrice 300 RTK,M300 RTK,1ZN7L4R0H1D00F,1W9DL31001461C,1ZMLH8300204F0,1Z6PH74DAP0QN7,DJI Pilot,Android,7.0.2,1EF72A62-B7C3-C88D-164E-CE6F8C8424AE,1ZN7L4R0H1D00F,1W9DL31001461C,,1ZMLH8300204F0,1W9DL31001461C,,,,,
2023-11-01,11:31:41.64 AM,7m 19.3s,439.3,33.7988619636761,-117.4750333789406,71.5,137.7,16.7,1335,3584.4,6.643372,7.161702,-4.697574,2.23694,-4.697574,1.342164,0,0.894776,-2.1,-0.6,2.1,-134.9,225.1,224.5,Tripod,Other,,21,5,True,,True,False,,Smart,RC,False,True,False,,,True,,False,False,False,False,False,False,False,False,False,False,0,Follow Yaw,-77.9,0,-143.1,216.9,False,False,False,False,False,,0,0,False,False,No Card,100,100,1024,1382,909,1024,2,False,False,False,False,False,0,False,False,False,False,76,,46.92,,7683,,10044,,46.92,,True,3.911,3.911,3.911,3.911,3.911,3.911,3.911,3.911,3.911,3.911,3.911,3.911,0,,False,False,True,,,,,,,,,,,,,,,False,False,18.9,,99.1,,75.7,,99.1,,1457,96,7,21,7,142696.9,19026.25,,Idle,,20,,10,,,20,Go Home,False,False,False,False,False,False,False,False,False,False,False,False,33.8027920380556,-117.4659261431046,3110.9,3110.9,1049.4,396.9,True,1,1,False,False,False,False,,True,False,False,Course Lock,196.8,67,16.4,93,E,SW,2.68,11.4,Calm,False,False,Android,7.0.2,M300 RTK,1ZN7L4R0H1D00F,1W9DL31001461C,1ZMLH8300204F0,1Z6PH74DAP0QN7,"Corona, CA",728.3,5.7,137.7,8.547347,2.013246,0,0,DJI Matrice 300 RTK,M300 RTK,1ZN7L4R0H1D00F,1W9DL31001461C,1ZMLH8300204F0,1Z6PH74DAP0QN7,DJI Pilot,Android,7.0.2,1EF72A62-B7C3-C88D-164E-CE6F8C8424AE,1ZN7L4R0H1D00F,1W9DL31001461C,,1ZMLH8300204F0,1W9DL31001461C,,,,,
2023-11-01,11:31:41.74 AM,7m 19.4s,439.4,33.7988598739893,-117.4750357930041,71.5,137.7,16.7,1335,3585.5,6.643372,7.161702,-4.697574,2.23694,-4.697574,1.342164,0,0.894776,-2,-0.6,2,-135,225,223.8,Tripod,Other,,21,5,True,,True,False,,Smart,RC,False,True,False,,,True,,False,False,False,False,False,False,False,False,False,False,0,Follow Yaw,-77.9,0,-143.1,216.9,False,False,False,False,False,,0,0,False,False,No Card,100,100,1024,1382,908,1024,2,False,False,False,False,False,0,False,False,False,False,76,,46.92,,7683,,10044,,46.92,,True,3.911,3.911,3.911,3.911,3.911,3.911,3.911,3.911,3.911,3.911,3.911,3.911,0,,False,False,True,,,,,,,,,,,,,,,False,False,18.9,,99.1,,75.7,,99.1,,1457,96,7,21,7,142696.9,19026.25,,Idle,,20,,10,,,20,Go Home,False,False,False,False,False,False,False,False,False,False,False,False,33.8027920380556,-117.4659261431046,3111.9,3111.9,1049.4,396.9,True,1,1,False,False,False,False,,True,False,False,Course Lock,196.8,67,16.4,93,E,SW,2.68,11.4,Calm,False,False,Android,7.0.2,M300 RTK,1ZN7L4R0H1D00F,1W9DL31001461C,1ZMLH8300204F0,1Z6PH74DAP0QN7,"Corona, CA",728.3,5.7,137.7,8.547347,2.013246,0,0,DJI Matrice 300 RTK,M300 RTK,1ZN7L4R0H1D00F,1W9DL31001461C,1ZMLH8300204F0,1Z6PH74DAP0QN7,DJI Pilot,Android,7.0.2,1EF72A62-B7C3-C88D-164E-CE6F8C8424AE,1ZN7L4R0H1D00F,1W9DL31001461C,,1ZMLH8300204F0,1W9DL31001461C,,,,,
2023-11-01,11:31:41.84 AM,7m 19.5s,439.5,33.7988581209332,-117.475037973977,71.5,137.7,16.7,1335,3586.4,6.643372,7.161702,-4.697574,2.23694,-4.697574,1.342164,0,0.894776,-1.9,-0.7,2,-135,225,225.9,Tripod,Other,,21,5,True,,True,False,,Smart,RC,False,True,False,,,True,,False,False,False,False,False,False,False,False,False,False,0,Follow Yaw,-77.9,0,-143.1,216.9,False,False,False,False,False,,0,0,False,False,No Card,100,100,1024,1382,908,1024,2,False,False,False,False,False,0,False,False,False,False,76,,46.92,,7683,,10044,,46.92,,True,3.911,3.911,3.911,3.911,3.911,3.911,3.911,3.911,3.911,3.911,3.911,3.911,0,,False,False,True,,,,,,,,,,,,,,,False,False,18.9,,99.1,,75.7,,99.1,,1457,96,7,21,7,142696.9,19026.25,,Idle,,20,,10,,,20,Go Home,False,False,False,False,False,False,False,False,False,False,False,False,33.8027920380556,-117.4659261431046,3112.8,3112.8,1049.4,396.9,True,1,1,False,False,False,False,,True,False,False,Course Lock,196.8,67,16.4,93,E,SW,2.68,11.4,Calm,False,False,Android,7.0.2,M300 RTK,1ZN7L4R0H1D00F,1W9DL31001461C,1ZMLH8300204F0,1Z6PH74DAP0QN7,"Corona, CA",728.3,5.7,137.7,8.547347,2.013246,0,0,DJI Matrice 300 RTK,M300 RTK,1ZN7L4R0H1D00F,1W9DL31001461C,1ZMLH8300204F0,1Z6PH74DAP0QN7,DJI Pilot,Android,7.0.2,1EF72A62-B7C3-C88D-164E-CE6F8C8424AE,1ZN7L4R0H1D00F,1W9DL31001461C,,1ZMLH8300204F0,1W9DL31001461C,,,,,
2023-11-01,11:31:41.95 AM,7m 19.6s,439.6,33.7988561472031,-117.4750402604446,71.5,137.7,16.7,1335,3587.4,6.643372,7.161702,-4.697574,2.23694,-4.697574,1.342164,0,0.894776,-2,-0.7,2.1,-135.1,224.9,223.9,Tripod,Other,,21,5,True,,True,False,,Smart,RC,False,True,False,,,True,,False,False,False,False,False,False,False,False,False,False,0,Follow Yaw,-77.9,0,-143.1,216.9,False,False,False,False,False,,0,0,False,False,No Card,100,100,1024,1382,909,1024,2,False,False,False,False,False,0,False,False,False,False,76,,46.92,,7683,,10044,,46.92,,True,3.911,3.911,3.911,3.911,3.911,3.911,3.911,3.911,3.911,3.911,3.911,3.911,0,,False,False,True,,,,,,,,,,,,,,,False,False,18.9,,99.1,,75.7,,99.1,,1457,96,7,21,7,142696.9,19026.25,,Idle,,20,,10,,,20,Go Home,False,False,False,False,False,False,False,False,False,False,False,False,33.8027920380556,-117.4659261431046,3113.7,3113.7,1049.4,396.9,True,1,1,False,False,False,False,,True,False,False,Course Lock,196.8,67,16.4,93,E,SW,2.68,11.4,Calm,False,False,Android,7.0.2,M300 RTK,1ZN7L4R0H1D00F,1W9DL31001461C,1ZMLH8300204F0,1Z6PH74DAP0QN7,"Corona, CA",728.3,5.7,137.7,8.547347,2.013246,0,0,DJI Matrice 300 RTK,M300 RTK,1ZN7L4R0H1D00F,1W9DL31001461C,1ZMLH8300204F0,1Z6PH74DAP0QN7,DJI Pilot,Android,7.0.2,1EF72A62-B7C3-C88D-164E-CE6F8C8424AE,1ZN7L4R0H1D00F,1W9DL31001461C,,1ZMLH8300204F0,1W9DL31001461C,,,,,
2023-11-01,11:31:42.04 AM,7m 19.7s,439.7,33.7988543217769,-117.4750426373159,71.5,137.7,16.7,1335,3588.4,6.643372,7.161702,-4.697574,2.23694,-4.697574,1.342164,0,0.894776,-2,-0.7,2.1,-135.1,224.9,227.2,Tripod,Other,,21,5,True,,True,False,,Smart,RC,False,True,False,,,True,,False,False,False,False,False,False,False,False,False,False,0,Follow Yaw,-77.9,0,-143.1,216.9,False,False,False,False,False,,0,0,False,False,No Card,100,100,1024,1382,911,1024,2,False,False,False,False,False,0,False,False,False,False,76,,46.92,,7683,,10044,,46.92,,True,3.911,3.911,3.911,3.911,3.911,3.911,3.911,3.911,3.911,3.911,3.911,3.911,0,,False,False,True,,,,,,,,,,,,,,,False,False,18.9,,99.1,,75.7,,99.1,,1457,96,7,21,7,142696.9,19026.25,,Idle,,20,,10,,,20,Go Home,False,False,False,False,False,False,False,False,False,False,False,False,33.8027920380556,-117.4659261431046,3114.7,3114.7,1049.4,396.9,True,1,1,False,False,False,False,,True,False,False,Course Lock,196.8,67,16.4,93,E,SW,2.68,11.4,Calm,False,False,Android,7.0.2,M300 RTK,1ZN7L4R0H1D00F,1W9DL31001461C,1ZMLH8300204F0,1Z6PH74DAP0QN7,"Corona, CA",728.3,5.7,137.7,8.547347,2.013246,0,0,DJI Matrice 300 RTK,M300 RTK,1ZN7L4R0H1D00F,1W9DL31001461C,1ZMLH8300204F0,1Z6PH74DAP0QN7,DJI Pilot,Android,7.0.2,1EF72A62-B7C3-C88D-164E-CE6F8C8424AE,1ZN7L4R0H1D00F,1W9DL31001461C,,1ZMLH8300204F0,1W9DL31001461C,,,,,
2023-11-01,11:31:42.15 AM,7m 19.8s,439.8,33.7988522477155,-117.4750450546162,71.1,137.7,16.7,1335,3589.4,6.643372,7.161702,-4.697574,2.23694,-4.697574,1.342164,0,0.894776,-2,-0.6,2,-135.1,224.9,224.0,Tripod,Other,,21,5,True,,True,False,,Smart,RC,False,True,False,,,True,,False,False,False,False,False,False,False,False,False,False,0,Follow Yaw,-77.9,0,-143.1,216.9,False,False,False,False,False,,0,0,False,False,No Card,100,100,1024,1383,910,1024,2,False,False,False,False,False,0,False,False,False,False,76,,46.92,,7683,,10044,,46.92,,True,3.911,3.911,3.911,3.911,3.911,3.911,3.911,3.911,3.911,3.911,3.911,3.911,0,,False,False,True,,,,,,,,,,,,,,,False,False,18.9,,99.1,,75.7,,99.1,,1457,96,7,21,7,142696.9,19026.25,,Idle,,20,,10,,,20,Go Home,False,False,False,False,False,False,False,False,False,False,False,False,33.8027920380556,-117.4659261431046,3115.7,3115.7,1049.4,396.9,True,1,1,False,False,False,False,,True,False,False,Course Lock,196.8,67,16.4,93,E,SW,2.68,11.4,Calm,False,False,Android,7.0.2,M300 RTK,1ZN7L4R0H1D00F,1W9DL31001461C,1ZMLH8300204F0,1Z6PH74DAP0QN7,"Corona, CA",728.3,5.7,137.7,8.547347,2.013246,0,0,DJI Matrice 300 RTK,M300 RTK,1ZN7L4R0H1D00F,1W9DL31001461C,1ZMLH8300204F0,1Z6PH74DAP0QN7,DJI Pilot,Android,7.0.2,1EF72A62-B7C3-C88D-164E-CE6F8C8424AE,1ZN7L4R0H1D00F,1W9DL31001461C,,1ZMLH8300204F0,1W9DL31001461C,,,,,
2023-11-01,11:31:42.25 AM,7m 19.9s,439.9,33.7988503326491,-117.4750473214363,71.1,137.7,16.7,1335,3590.4,6.643372,7.161702,-4.697574,2.23694,-4.697574,1.342164,0,0.894776,-2.1,-0.6,2.1,-135.1,224.9,224.5,Tripod,Other,,21,5,True,,True,False,,Smart,RC,False,True,False,,,True,,False,False,False,False,False,False,False,False,False,False,0,Follow Yaw,-77.9,0,-143.1,216.9,False,False,False,False,False,,0,0,False,False,No Card,100,100,1024,1383,905,1024,2,False,False,False,False,False,0,False,False,False,False,76,,46.92,,7683,,10044,,46.92,,True,3.911,3.911,3.911,3.911,3.911,3.911,3.911,3.911,3.911,3.911,3.911,3.911,0,,False,False,True,,,,,,,,,,,,,,,False,False,18.9,,99.1,,75.7,,99.1,,1457,96,7,21,7,142696.9,19026.25,,Idle,,20,,10,,,20,Go Home,False,False,False,False,False,False,False,False,False,False,False,False,33.8027920380556,-117.4659261431046,3116.6,3116.6,1049.4,396.9,True,1,1,False,False,False,False,,True,False,False,Course Lock,196.8,67,16.4,93,E,SW,2.68,11.4,Calm,False,False,Android,7.0.2,M300 RTK,1ZN7L4R0H1D00F,1W9DL31001461C,1ZMLH8300204F0,1Z6PH74DAP0QN7,"Corona, CA",728.3,5.7,137.7,8.547347,2.013246,0,0,DJI Matrice 300 RTK,M300 RTK,1ZN7L4R0H1D00F,1W9DL31001461C,1ZMLH8300204F0,1Z6PH74DAP0QN7,DJI Pilot,Android,7.0.2,1EF72A62-B7C3-C88D-164E-CE6F8C8424AE,1ZN7L4R0H1D00F,1W9DL31001461C,,1ZMLH8300204F0,1W9DL31001461C,,,,,
2023-11-01,11:31:42.35 AM,7m 20.0s,440.0,33.7988483687876,-117.4750496212429,71.1,137.7,16.7,1335,3591.4,6.643372,7.161702,-4.697574,2.23694,-4.697574,1.342164,0,0.894776,-2.2,-0.6,2.2,-135,225,224.2,Tripod,Other,,21,5,True,,True,False,,Smart,RC,False,True,False,,,True,,False,False,False,False,False,False,False,False,False,False,0,Follow Yaw,-77.9,0,-143.1,216.9,False,False,False,False,False,,0,0,False,False,No Card,100,100,1024,1383,907,1024,2,False,False,False,False,False,0,False,False,False,False,76,,46.98,,7683,,10044,,46.98,,True,3.911,3.911,3.911,3.911,3.911,3.911,3.911,3.911,3.911,3.911,3.911,3.911,0,,False,False,True,,,,,,,,,,,,,,,False,False,18.636,,99.1,,75.7,,99.1,,1457,96,7,21,7,142696.9,19026.25,,Idle,,20,,10,,,20,Go Home,False,False,False,False,False,False,False,False,False,False,False,False,33.8027920380556,-117.4659261431046,3117.6,3117.6,1049.4,396.9,True,1,1,False,False,False,False,,True,False,False,Course Lock,196.8,67,16.4,93,E,SW,2.68,11.4,Calm,False,False,Android,7.0.2,M300 RTK,1ZN7L4R0H1D00F,1W9DL31001461C,1ZMLH8300204F0,1Z6PH74DAP0QN7,"Corona, CA",728.3,5.7,137.7,8.547347,2.013246,0,0,DJI Matrice 300 RTK,M300 RTK,1ZN7L4R0H1D00F,1W9DL31001461C,1ZMLH8300204F0,1Z6PH74DAP0QN7,DJI Pilot,Android,7.0.2,1EF72A62-B7C3-C88D-164E-CE6F8C8424AE,1ZN7L4R0H1D00F,1W9DL31001461C,,1ZMLH8300204F0,1W9DL31001461C,,,,,
2023-11-01,11:31:42.46 AM,7m 20.1s,440.1,33.7988461390209,-117.4750522516152,71.1,137.7,16.7,1335,3592.5,6.643372,7.161702,-4.697574,2.23694,-4.697574,1.342164,0,0.894776,-2.2,-0.7,2.3,-135,225,224.4,Tripod,Other,,21,5,True,,True,False,,Smart,RC,False,True,False,,,True,,False,False,False,False,False,False,False,False,False,False,0,Follow Yaw,-77.9,0,-143.1,216.9,False,False,False,False,False,,0,0,False,False,No Card,100,100,1024,1382,908,1024,2,False,False,False,False,False,0,False,False,False,False,76,,46.98,,7683,,10044,,46.98,,True,3.911,3.911,3.911,3.911,3.911,3.911,3.911,3.911,3.911,3.911,3.911,3.911,0,,False,False,True,,,,,,,,,,,,,,,False,False,18.636,,99.1,,75.7,,99.1,,1457,96,7,21,7,142696.9,19026.25,,Idle,,20,,10,,,20,Go Home,False,False,False,False,False,False,False,False,False,False,False,False,33.8027920380556,-117.4659261431046,3118.6,3118.6,1049.4,396.9,True,1,1,False,False,False,False,,True,False,False,Course Lock,196.8,67,16.4,93,E,SW,2.68,11.4,Calm,False,False,Android,7.0.2,M300 RTK,1ZN7L4R0H1D00F,1W9DL31001461C,1ZMLH8300204F0,1Z6PH74DAP0QN7,"Corona, CA",728.3,5.7,137.7,8.547347,2.013246,0,0,DJI Matrice 300 RTK,M300 RTK,1ZN7L4R0H1D00F,1W9DL31001461C,1ZMLH8300204F0,1Z6PH74DAP0QN7,DJI Pilot,Android,7.0.2,1EF72A62-B7C3-C88D-164E-CE6F8C8424AE,1ZN7L4R0H1D00F,1W9DL31001461C,,1ZMLH8300204F0,1W9DL31001461C,,,,,
2023-11-01,11:31:42.56 AM,7m 20.2s,440.2,33.7988441515843,-117.4750545790892,71.1,137.7,16.7,1335,3593.5,6.643372,7.161702,-4.697574,2.23694,-4.697574,1.342164,0,0.894776,-2.3,-0.6,2.3,-134.9,225.1,224.2,Tripod,Other,,21,5,True,,True,False,,Smart,RC,False,True,False,,,True,,False,False,False,False,False,False,False,False,False,False,0,Follow Yaw,-77.9,0,-143.1,216.9,False,False,False,False,False,,0,0,False,False,No Card,100,100,1024,1382,910,1024,2,False,False,False,False,False,0,False,False,False,False,76,,46.98,,7683,,10044,,46.98,,True,3.911,3.911,3.911,3.911,3.911,3.911,3.911,3.911,3.911,3.911,3.911,3.911,0,,False,False,True,,,,,,,,,,,,,,,False,False,18.636,,99.1,,75.7,,99.1,,1457,96,7,21,7,142696.9,19026.25,,Idle,,20,,10,,,20,Go Home,False,False,False,False,False,False,False,False,False,False,False,False,33.8027920380556,-117.4659261431046,3119.6,3119.6,1049.4,396.9,True,1,1,False,False,False,False,,True,False,False,Course Lock,196.8,67,16.4,93,E,SW,2.68,11.4,Calm,False,False,Android,7.0.2,M300 RTK,1ZN7L4R0H1D00F,1W9DL31001461C,1ZMLH8300204F0,1Z6PH74DAP0QN7,"Corona, CA",728.3,5.7,137.7,8.547347,2.013246,0,0,DJI Matrice 300 RTK,M300 RTK,1ZN7L4R0H1D00F,1W9DL31001461C,1ZMLH8300204F0,1Z6PH74DAP0QN7,DJI Pilot,Android,7.0.2,1EF72A62-B7C3-C88D-164E-CE6F8C8424AE,1ZN7L4R0H1D00F,1W9DL31001461C,,1ZMLH8300204F0,1W9DL31001461C,,,,,
2023-11-01,11:31:42.66 AM,7m 20.3s,440.3,33.7988422866835,-117.4750568345393,71.1,137.7,16.7,1335,3594.5,6.643372,7.161702,-4.697574,2.23694,-4.697574,1.342164,0,0.894776,-2.3,-0.6,2.3,-135,225,225.1,Tripod,Other,,21,5,True,,True,False,,Smart,RC,False,True,False,,,True,,False,False,False,False,False,False,False,False,False,False,0,Follow Yaw,-77.9,0,-143.1,216.9,False,False,False,False,False,,0,0,False,False,No Card,100,100,1024,1382,912,1024,2,False,False,False,False,False,0,False,False,False,False,76,,46.98,,7683,,10044,,46.98,,True,3.91,3.91,3.91,3.91,3.91,3.91,3.91,3.91,3.91,3.91,3.91,3.91,0,,False,False,True,,,,,,,,,,,,,,,False,False,18.636,,99.1,,75.7,,99.1,,1457,96,7,21,7,142831.1,19044.15,,Idle,,20,,10,,,20,Go Home,False,False,False,False,False,False,False,False,False,False,False,False,33.8027920380556,-117.4659261431046,3120.5,3120.5,1049.4,396.9,True,1,1,False,False,False,False,,True,False,False,Course Lock,196.8,67,16.4,93,E,SW,2.68,11.4,Calm,False,False,Android,7.0.2,M300 RTK,1ZN7L4R0H1D00F,1W9DL31001461C,1ZMLH8300204F0,1Z6PH74DAP0QN7,"Corona, CA",728.3,5.7,137.7,8.547347,2.013246,0,0,DJI Matrice 300 RTK,M300 RTK,1ZN7L4R0H1D00F,1W9DL31001461C,1ZMLH8300204F0,1Z6PH74DAP0QN7,DJI Pilot,Android,7.0.2,1EF72A62-B7C3-C88D-164E-CE6F8C8424AE,1ZN7L4R0H1D00F,1W9DL31001461C,,1ZMLH8300204F0,1W9DL31001461C,,,,,
2023-11-01,11:31:42.77 AM,7m 20.4s,440.4,33.7988403129534,-117.4750591601578,71.1,137.7,16.7,1335,3595.5,6.643372,7.161702,-4.697574,2.23694,-4.697574,1.342164,0,0.894776,-2.2,-0.7,2.3,-135,225,224.3,Tripod,Other,,21,5,True,,True,False,,Smart,RC,False,True,False,,,True,,False,False,False,False,False,False,False,False,False,False,0,Follow Yaw,-77.9,0,-143.1,216.9,False,False,False,False,False,,0,0,False,False,No Card,100,100,1024,1382,911,1024,2,False,False,False,False,False,0,False,False,False,False,76,,46.98,,7683,,10044,,46.98,,True,3.91,3.91,3.91,3.91,3.91,3.91,3.91,3.91,3.91,3.91,3.91,3.91,0,,False,False,True,,,,,,,,,,,,,,,False,False,18.636,,99.1,,75.7,,99.1,,1457,96,7,21,7,142831.1,19044.15,,Idle,,20,,10,,,20,Go Home,False,False,False,False,False,False,False,False,False,False,False,False,33.8027920380556,-117.4659261431046,3121.5,3121.5,1049.4,396.9,True,1,1,False,False,False,False,,True,False,False,Course Lock,196.8,67,16.4,93,E,SW,2.68,11.4,Calm,False,False,Android,7.0.2,M300 RTK,1ZN7L4R0H1D00F,1W9DL31001461C,1ZMLH8300204F0,1Z6PH74DAP0QN7,"Corona, CA",728.3,5.7,137.7,8.547347,2.013246,0,0,DJI Matrice 300 RTK,M300 RTK,1ZN7L4R0H1D00F,1W9DL31001461C,1ZMLH8300204F0,1Z6PH74DAP0QN7,DJI Pilot,Android,7.0.2,1EF72A62-B7C3-C88D-164E-CE6F8C8424AE,1ZN7L4R0H1D00F,1W9DL31001461C,,1ZMLH8300204F0,1W9DL31001461C,,,,,
2023-11-01,11:31:42.87 AM,7m 20.5s,440.5,33.7988384316048,-117.4750612336978,71.1,137.7,16.7,1335,3596.4,6.643372,7.161702,-4.697574,2.23694,-4.697574,1.342164,0,0.894776,-2.3,-0.8,2.4,-135,225,222.4,Tripod,Other,,21,5,True,,True,False,,Smart,RC,False,True,False,,,True,,False,False,False,False,False,False,False,False,False,False,0,Follow Yaw,-77.9,0,-143.1,216.9,False,False,False,False,False,,0,0,False,False,No Card,100,100,1024,1379,913,1024,2,False,False,False,False,False,0,False,False,False,False,76,,46.98,,7683,,10044,,46.98,,True,3.91,3.91,3.91,3.91,3.91,3.91,3.91,3.91,3.91,3.91,3.91,3.91,0,,False,False,True,,,,,,,,,,,,,,,False,False,18.636,,99.1,,75.7,,99.1,,1457,96,7,21,7,142831.1,19044.15,,Idle,,20,,10,,,20,Go Home,False,False,False,False,False,False,False,False,False,False,False,False,33.8027920380556,-117.4659261431046,3122.3,3122.3,1049.4,396.9,True,1,1,False,False,False,False,,True,False,False,Course Lock,196.8,67,16.4,93,E,SW,2.68,11.4,Calm,False,False,Android,7.0.2,M300 RTK,1ZN7L4R0H1D00F,1W9DL31001461C,1ZMLH8300204F0,1Z6PH74DAP0QN7,"Corona, CA",728.3,5.7,137.7,8.547347,2.013246,0,0,DJI Matrice 300 RTK,M300 RTK,1ZN7L4R0H1D00F,1W9DL31001461C,1ZMLH8300204F0,1Z6PH74DAP0QN7,DJI Pilot,Android,7.0.2,1EF72A62-B7C3-C88D-164E-CE6F8C8424AE,1ZN7L4R0H1D00F,1W9DL31001461C,,1ZMLH8300204F0,1W9DL31001461C,,,,,
2023-11-01,11:31:42.97 AM,7m 20.6s,440.6,33.7988364633573,-117.4750635287626,71.1,137.7,16.7,1335,3597.4,6.643372,7.161702,-4.697574,2.23694,-4.697574,1.342164,0,0.894776,-2.4,-0.8,2.5,-135.1,224.9,224.0,Tripod,Other,,21,5,True,,True,False,,Smart,RC,False,True,False,,,True,,False,False,False,False,False,False,False,False,False,False,0,Follow Yaw,-77.9,0,-143.1,216.9,False,False,False,False,False,,0,0,False,False,No Card,100,100,1024,1380,913,1024,2,False,False,False,False,False,0,False,False,False,False,76,,46.98,,7683,,10044,,46.98,,True,3.91,3.91,3.91,3.91,3.91,3.91,3.91,3.91,3.91,3.91,3.91,3.91,0,,False,False,True,,,,,,,,,,,,,,,False,False,18.636,,99.1,,75.7,,99.1,,1457,96,7,21,7,142831.1,19044.15,,Idle,,20,,10,,,20,Go Home,False,False,False,False,False,False,False,False,False,False,False,False,33.8027920380556,-117.4659261431046,3123.3,3123.3,1049.4,396.9,True,1,1,False,False,False,False,,True,False,False,Course Lock,196.8,67,16.4,93,E,SW,2.68,11.4,Calm,False,False,Android,7.0.2,M300 RTK,1ZN7L4R0H1D00F,1W9DL31001461C,1ZMLH8300204F0,1Z6PH74DAP0QN7,"Corona, CA",728.3,5.7,137.7,8.547347,2.013246,0,0,DJI Matrice 300 RTK,M300 RTK,1ZN7L4R0H1D00F,1W9DL31001461C,1ZMLH8300204F0,1Z6PH74DAP0QN7,DJI Pilot,Android,7.0.2,1EF72A62-B7C3-C88D-164E-CE6F8C8424AE,1ZN7L4R0H1D00F,1W9DL31001461C,,1ZMLH8300204F0,1W9DL31001461C,,,,,
2023-11-01,11:31:43.07 AM,7m 20.7s,440.7,33.7988346423172,-117.4750655469162,71.1,137.7,16.7,1335,3598.4,6.643372,7.161702,-4.697574,2.23694,-4.697574,1.342164,0,0.894776,-2.4,-0.8,2.5,-135.2,224.8,222.6,Tripod,Other,,21,5,True,,True,False,,Smart,RC,False,True,False,,,True,,False,False,False,False,False,False,False,False,False,False,0,Follow Yaw,-77.9,0,-143.1,216.9,False,False,False,False,False,,0,0,False,False,No Card,100,100,1024,1380,910,1024,2,False,False,False,False,False,0,False,False,False,False,77,,46.908,,3839,,4986,,46.908,,True,3.91,3.91,3.91,3.91,3.91,3.91,3.91,3.91,3.91,3.91,3.91,3.91,0,,False,False,True,,,,,,,,,,,,,,,False,False,9.306,,99.1,,75.7,,99.1,,1457,96,7,21,7,142831.1,19044.15,,Idle,,20,,10,,,20,Go Home,False,False,False,False,False,False,False,False,False,False,False,False,33.8027920380556,-117.4659261431046,3124.1,3124.1,1049.4,396.9,True,1,1,False,False,False,False,,True,False,False,Course Lock,196.8,67,16.4,93,E,SW,2.68,11.4,Calm,False,False,Android,7.0.2,M300 RTK,1ZN7L4R0H1D00F,1W9DL31001461C,1ZMLH8300204F0,1Z6PH74DAP0QN7,"Corona, CA",728.3,5.7,137.7,8.547347,2.013246,0,0,DJI Matrice 300 RTK,M300 RTK,1ZN7L4R0H1D00F,1W9DL31001461C,1ZMLH8300204F0,1Z6PH74DAP0QN7,DJI Pilot,Android,7.0.2,1EF72A62-B7C3-C88D-164E-CE6F8C8424AE,1ZN7L4R0H1D00F,1W9DL31001461C,,1ZMLH8300204F0,1W9DL31001461C,,,,,
2023-11-01,11:31:43.14 AM,7m 20.8s,440.8,33.7988325679817,-117.4750679330752,71.1,137.7,16.7,1335,3599.4,6.643372,7.161702,-4.697574,2.23694,-4.697574,1.342164,0,0.894776,-2.4,-0.7,2.5,-135.3,224.7,223.7,Tripod,Other,,21,5,True,,True,False,,Smart,RC,False,True,False,,,True,,False,False,False,False,False,False,False,False,False,False,0,Follow Yaw,-77.9,0,-143.1,216.9,False,False,False,False,False,,0,0,False,False,No Card,100,100,1024,1380,909,1024,2,False,False,False,False,False,0,False,False,False,False,77,,46.908,,3839,,4986,,46.908,,True,3.91,3.91,3.91,3.91,3.91,3.91,3.91,3.91,3.91,3.91,3.91,3.91,0,,False,False,True,,,,,,,,,,,,,,,False,False,9.306,,99.1,,75.7,,99.1,,1457,96,7,21,7,142831.1,19044.15,,Idle,,20,,10,,,20,Go Home,False,False,False,False,False,False,False,False,False,False,False,False,33.8027920380556,-117.4659261431046,3125.1,3125.1,1049.4,396.9,True,1,1,False,False,False,False,,True,False,False,Course Lock,196.8,67,16.4,93,E,SW,2.68,11.4,Calm,False,False,Android,7.0.2,M300 RTK,1ZN7L4R0H1D00F,1W9DL31001461C,1ZMLH8300204F0,1Z6PH74DAP0QN7,"Corona, CA",728.3,5.7,137.7,8.547347,2.013246,0,0,DJI Matrice 300 RTK,M300 RTK,1ZN7L4R0H1D00F,1W9DL31001461C,1ZMLH8300204F0,1Z6PH74DAP0QN7,DJI Pilot,Android,7.0.2,1EF72A62-B7C3-C88D-164E-CE6F8C8424AE,1ZN7L4R0H1D00F,1W9DL31001461C,,1ZMLH8300204F0,1W9DL31001461C,,,,,
2023-11-01,11:31:43.24 AM,7m 20.9s,440.9,33.7988306282436,-117.4750702178832,71.1,137.7,16.7,1335,3600.4,6.643372,7.161702,-4.697574,2.23694,-4.697574,1.342164,0,0.894776,-2.4,-0.6,2.4,-135.2,224.8,224.3,Tripod,Other,,21,5,True,,True,False,,Smart,RC,False,True,False,,,True,,False,False,False,False,False,False,False,False,False,False,0,Follow Yaw,-77.9,0,-143.1,216.9,False,False,False,False,False,,0,0,False,False,No Card,100,100,1024,1380,909,1024,2,False,False,False,False,False,0,False,False,False,False,77,,46.908,,3839,,4986,,46.908,,True,3.91,3.91,3.91,3.91,3.91,3.91,3.91,3.91,3.91,3.91,3.91,3.91,0,,False,False,True,,,,,,,,,,,,,,,False,False,9.306,,99.1,,75.7,,99.1,,1457,96,7,21,7,142831.1,19044.15,,Idle,,20,,10,,,20,Go Home,False,False,False,False,False,False,False,False,False,False,False,False,33.8027920380556,-117.4659261431046,3126.1,3126.1,1049.4,396.9,True,1,1,False,False,False,False,,True,False,False,Course Lock,196.8,67,16.4,93,E,SW,2.68,11.4,Calm,False,False,Android,7.0.2,M300 RTK,1ZN7L4R0H1D00F,1W9DL31001461C,1ZMLH8300204F0,1Z6PH74DAP0QN7,"Corona, CA",728.3,5.7,137.7,8.547347,2.013246,0,0,DJI Matrice 300 RTK,M300 RTK,1ZN7L4R0H1D00F,1W9DL31001461C,1ZMLH8300204F0,1Z6PH74DAP0QN7,DJI Pilot,Android,7.0.2,1EF72A62-B7C3-C88D-164E-CE6F8C8424AE,1ZN7L4R0H1D00F,1W9DL31001461C,,1ZMLH8300204F0,1W9DL31001461C,,,,,
2023-11-01,11:31:43.34 AM,7m 21.0s,441.0,33.7988286419035,-117.475072481044,71.1,137.7,16.7,1335,3601.4,6.643372,7.161702,-4.697574,2.23694,-4.697574,1.342164,0,0.894776,-2.4,-0.4,2.4,-135.2,224.8,223.4,Tripod,Other,,21,5,True,,True,False,,Smart,RC,False,True,False,,,True,,False,False,False,False,False,False,False,False,False,False,0,Follow Yaw,-77.9,0,-143.1,216.9,False,False,False,False,False,,0,0,False,False,No Card,100,100,1024,1379,909,1024,2,False,False,False,False,False,0,False,False,False,False,76,,46.956,,7683,,10044,,46.956,,True,3.91,3.91,3.91,3.91,3.91,3.91,3.91,3.91,3.91,3.91,3.91,3.91,0,,False,False,True,,,,,,,,,,,,,,,False,False,18.618,,99.1,,75.7,,99.1,,1457,96,7,21,7,142831.1,19044.15,,Idle,,20,,10,,,20,Go Home,False,False,False,False,False,False,False,False,False,False,False,False,33.8027920380556,-117.4659261431046,3127.0,3127.0,1049.4,396.9,True,1,1,False,False,False,False,,True,False,False,Course Lock,196.8,67,16.4,93,E,SW,2.68,11.4,Calm,False,False,Android,7.0.2,M300 RTK,1ZN7L4R0H1D00F,1W9DL31001461C,1ZMLH8300204F0,1Z6PH74DAP0QN7,"Corona, CA",728.3,5.7,137.7,8.547347,2.013246,0,0,DJI Matrice 300 RTK,M300 RTK,1ZN7L4R0H1D00F,1W9DL31001461C,1ZMLH8300204F0,1Z6PH74DAP0QN7,DJI Pilot,Android,7.0.2,1EF72A62-B7C3-C88D-164E-CE6F8C8424AE,1ZN7L4R0H1D00F,1W9DL31001461C,,1ZMLH8300204F0,1W9DL31001461C,,,,,
2023-11-01,11:31:43.44 AM,7m 21.1s,441.1,33.7988265324795,-117.4750747790878,71.1,137.7,16.7,1335,3602.4,6.643372,7.161702,-4.697574,2.23694,-4.697574,1.342164,0,0.894776,-2.3,-0.2,2.3,-135.2,224.8,222.1,Tripod,Other,,21,5,True,,True,False,,Smart,RC,False,True,False,,,True,,False,False,False,False,False,False,False,False,False,False,0,Follow Yaw,-77.9,0,-143.1,216.9,False,False,False,False,False,,0,0,False,False,No Card,100,100,1024,1379,908,1024,2,False,False,False,False,False,0,False,False,False,False,76,,46.956,,7683,,10044,,46.956,,True,3.91,3.91,3.91,3.91,3.91,3.91,3.91,3.91,3.91,3.91,3.91,3.91,0,,False,False,True,,,,,,,,,,,,,,,False,False,18.618,,99.1,,75.7,,99.1,,1457,96,7,21,7,142831.1,19044.15,,Idle,,20,,10,,,20,Go Home,False,False,False,False,False,False,False,False,False,False,False,False,33.8027920380556,-117.4659261431046,3128.0,3128.0,1049.4,396.9,True,1,1,False,False,False,False,,True,False,False,Course Lock,196.8,67,16.4,93,E,SW,2.68,11.4,Calm,False,False,Android,7.0.2,M300 RTK,1ZN7L4R0H1D00F,1W9DL31001461C,1ZMLH8300204F0,1Z6PH74DAP0QN7,"Corona, CA",728.3,5.7,137.7,8.547347,2.013246,0,0,DJI Matrice 300 RTK,M300 RTK,1ZN7L4R0H1D00F,1W9DL31001461C,1ZMLH8300204F0,1Z6PH74DAP0QN7,DJI Pilot,Android,7.0.2,1EF72A62-B7C3-C88D-164E-CE6F8C8424AE,1ZN7L4R0H1D00F,1W9DL31001461C,,1ZMLH8300204F0,1W9DL31001461C,,,,,
2023-11-01,11:31:43.54 AM,7m 21.2s,441.2,33.798824528321,-117.4750770437123,70.8,137.7,16.4,1335,3603.4,6.643372,7.161702,-4.697574,2.23694,-4.697574,1.342164,0,0.894776,-2.2,-0.1,2.2,-135.1,224.9,223.1,Tripod,Other,,21,5,True,,True,False,,Smart,RC,False,True,False,,,True,,False,False,False,False,False,False,False,False,False,False,0,Follow Yaw,-77.9,0,-143.1,216.9,False,False,False,False,False,,0,0,False,False,No Card,100,100,1024,1378,910,1024,2,False,False,False,False,False,0,False,False,False,False,76,,46.956,,7683,,10044,,46.956,,True,3.91,3.91,3.91,3.91,3.91,3.91,3.91,3.91,3.91,3.91,3.91,3.91,0,,False,False,True,,,,,,,,,,,,,,,False,False,18.618,,99.1,,75.7,,99.1,,1457,96,7,21,7,142831.1,19044.15,,Idle,,20,,10,,,20,Go Home,False,False,False,False,False,False,False,False,False,False,False,False,33.8027920380556,-117.4659261431046,3128.9,3128.9,1049.4,396.9,True,1,1,False,False,False,False,,True,False,False,Course Lock,196.8,67,16.4,93,E,SW,2.46,11.4,Calm,False,False,Android,7.0.2,M300 RTK,1ZN7L4R0H1D00F,1W9DL31001461C,1ZMLH8300204F0,1Z6PH74DAP0QN7,"Corona, CA",728.3,5.7,137.7,8.547347,2.013246,0,0,DJI Matrice 300 RTK,M300 RTK,1ZN7L4R0H1D00F,1W9DL31001461C,1ZMLH8300204F0,1Z6PH74DAP0QN7,DJI Pilot,Android,7.0.2,1EF72A62-B7C3-C88D-164E-CE6F8C8424AE,1ZN7L4R0H1D00F,1W9DL31001461C,,1ZMLH8300204F0,1W9DL31001461C,,,,,
2023-11-01,11:31:43.64 AM,7m 21.3s,441.3,33.7988224729004,-117.4750794020183,70.8,137.7,16.4,1335,3604.5,6.643372,7.161702,-4.697574,2.23694,-4.697574,1.342164,0,0.894776,-2.2,0,2.2,-135,225,223.6,Tripod,Other,,21,5,True,,True,False,,Smart,RC,False,True,False,,,True,,False,False,False,False,False,False,False,False,False,False,0,Follow Yaw,-77.9,0,-143.1,216.9,False,False,False,False,False,,0,0,False,False,No Card,100,100,1024,1378,911,1024,2,False,False,False,False,False,0,False,False,False,False,76,,46.956,,7683,,10044,,46.956,,True,3.916,3.916,3.916,3.916,3.916,3.916,3.916,3.916,3.916,3.916,3.916,3.916,0,,False,False,True,,,,,,,,,,,,,,,False,False,18.618,,99.1,,75.7,,99.1,,1456,96,7,21,7,142708.3,19027.77,,Idle,,20,,10,,,20,Go Home,False,False,False,False,False,False,False,False,False,False,False,False,33.8027920380556,-117.4659261431046,3129.9,3129.9,1049.4,396.9,True,1,1,False,False,False,False,,True,False,False,Course Lock,196.8,67,16.4,93,E,SW,2.46,11.4,Calm,False,False,Android,7.0.2,M300 RTK,1ZN7L4R0H1D00F,1W9DL31001461C,1ZMLH8300204F0,1Z6PH74DAP0QN7,"Corona, CA",728.3,5.7,137.7,8.547347,2.013246,0,0,DJI Matrice 300 RTK,M300 RTK,1ZN7L4R0H1D00F,1W9DL31001461C,1ZMLH8300204F0,1Z6PH74DAP0QN7,DJI Pilot,Android,7.0.2,1EF72A62-B7C3-C88D-164E-CE6F8C8424AE,1ZN7L4R0H1D00F,1W9DL31001461C,,1ZMLH8300204F0,1W9DL31001461C,,,,,
2023-11-01,11:31:43.74 AM,7m 21.4s,441.4,33.7988204654525,-117.475081676415,70.8,137.7,16.4,1335,3605.5,6.643372,7.161702,-4.697574,2.23694,-4.697574,1.342164,0,0.894776,-2.2,0,2.2,-135,225,223.2,Tripod,Other,,21,5,True,,True,False,,Smart,RC,False,True,False,,,True,,False,False,False,False,False,False,False,False,False,False,0,Follow Yaw,-77.9,0,-143.1,216.9,False,False,False,False,False,,0,0,False,False,No Card,100,100,1024,1377,913,1024,2,False,False,False,False,False,0,False,False,False,False,76,,46.956,,7683,,10044,,46.956,,True,3.916,3.916,3.916,3.916,3.916,3.916,3.916,3.916,3.916,3.916,3.916,3.916,0,,False,False,True,,,,,,,,,,,,,,,False,False,18.618,,99.1,,75.7,,99.1,,1456,96,7,21,7,142708.3,19027.77,,Idle,,20,,10,,,20,Go Home,False,False,False,False,False,False,False,False,False,False,False,False,33.8027920380556,-117.4659261431046,3130.9,3130.9,1049.4,396.9,True,1,1,False,False,False,False,,True,False,False,Course Lock,196.8,67,16.4,93,E,SW,2.46,11.4,Calm,False,False,Android,7.0.2,M300 RTK,1ZN7L4R0H1D00F,1W9DL31001461C,1ZMLH8300204F0,1Z6PH74DAP0QN7,"Corona, CA",728.3,5.7,137.7,8.547347,2.013246,0,0,DJI Matrice 300 RTK,M300 RTK,1ZN7L4R0H1D00F,1W9DL31001461C,1ZMLH8300204F0,1Z6PH74DAP0QN7,DJI Pilot,Android,7.0.2,1EF72A62-B7C3-C88D-164E-CE6F8C8424AE,1ZN7L4R0H1D00F,1W9DL31001461C,,1ZMLH8300204F0,1W9DL31001461C,,,,,
2023-11-01,11:31:43.84 AM,7m 21.5s,441.5,33.7988186235785,-117.4750837098455,70.8,137.7,16.4,1335,3606.4,6.643372,7.161702,-4.697574,2.23694,-4.697574,1.342164,0,0.894776,-2.3,0,2.3,-134.9,225.1,222.5,Tripod,Other,,21,5,True,,True,False,,Smart,RC,False,True,False,,,True,,False,False,False,False,False,False,False,False,False,False,0,Follow Yaw,-77.9,0,-143.1,216.9,False,False,False,False,False,,0,0,False,False,No Card,100,100,1024,1378,907,1024,2,False,False,False,False,False,0,False,False,False,False,76,,46.956,,7683,,10044,,46.956,,True,3.916,3.916,3.916,3.916,3.916,3.916,3.916,3.916,3.916,3.916,3.916,3.916,0,,False,False,True,,,,,,,,,,,,,,,False,False,18.618,,99.1,,75.7,,99.1,,1456,96,7,21,7,142708.3,19027.77,,Idle,,20,,10,,,20,Go Home,False,False,False,False,False,False,False,False,False,False,False,False,33.8027920380556,-117.4659261431046,3131.7,3131.7,1049.4,396.9,True,1,1,False,False,False,False,,True,False,False,Course Lock,196.8,67,16.4,93,E,SW,2.46,11.4,Calm,False,False,Android,7.0.2,M300 RTK,1ZN7L4R0H1D00F,1W9DL31001461C,1ZMLH8300204F0,1Z6PH74DAP0QN7,"Corona, CA",728.3,5.7,137.7,8.547347,2.013246,0,0,DJI Matrice 300 RTK,M300 RTK,1ZN7L4R0H1D00F,1W9DL31001461C,1ZMLH8300204F0,1Z6PH74DAP0QN7,DJI Pilot,Android,7.0.2,1EF72A62-B7C3-C88D-164E-CE6F8C8424AE,1ZN7L4R0H1D00F,1W9DL31001461C,,1ZMLH8300204F0,1W9DL31001461C,,,,,
2023-11-01,11:31:43.94 AM,7m 21.6s,441.6,33.7988166388832,-117.4750859724496,70.8,137.7,16.4,1335,3607.4,6.643372,7.161702,-4.697574,2.23694,-4.697574,1.342164,0,0.894776,-2.4,-0.1,2.4,-134.9,225.1,223.4,Tripod,Other,,21,5,True,,True,False,,Smart,RC,False,True,False,,,True,,False,False,False,False,False,False,False,False,False,False,0,Follow Yaw,-77.9,0,-143.1,216.9,False,False,False,False,False,,0,0,False,False,No Card,100,100,1024,1377,908,1024,2,False,False,False,False,False,0,False,False,False,False,76,,46.956,,7683,,10044,,46.956,,True,3.916,3.916,3.916,3.916,3.916,3.916,3.916,3.916,3.916,3.916,3.916,3.916,0,,False,False,True,,,,,,,,,,,,,,,False,False,18.618,,99.1,,75.7,,99.1,,1456,96,7,21,7,142708.3,19027.77,,Idle,,20,,10,,,20,Go Home,False,False,False,False,False,False,False,False,False,False,False,False,33.8027920380556,-117.4659261431046,3132.7,3132.7,1049.4,396.9,True,1,1,False,False,False,False,,True,False,False,Course Lock,196.8,67,16.4,93,E,SW,2.46,11.4,Calm,False,False,Android,7.0.2,M300 RTK,1ZN7L4R0H1D00F,1W9DL31001461C,1ZMLH8300204F0,1Z6PH74DAP0QN7,"Corona, CA",728.3,5.7,137.7,8.547347,2.013246,0,0,DJI Matrice 300 RTK,M300 RTK,1ZN7L4R0H1D00F,1W9DL31001461C,1ZMLH8300204F0,1Z6PH74DAP0QN7,DJI Pilot,Android,7.0.2,1EF72A62-B7C3-C88D-164E-CE6F8C8424AE,1ZN7L4R0H1D00F,1W9DL31001461C,,1ZMLH8300204F0,1W9DL31001461C,,,,,
2023-11-01,11:31:44.04 AM,7m 21.7s,441.7,33.7988146492536,-117.4750884056762,70.8,137.7,16.4,1335,3608.4,6.643372,7.161702,-4.697574,2.23694,-4.697574,1.342164,0,0.894776,-2.4,-0.1,2.4,-134.9,225.1,225.4,Tripod,Other,,21,5,True,,True,False,,Smart,RC,False,True,False,,,True,,False,False,False,False,False,False,False,False,False,False,0,Follow Yaw,-77.9,0,-143.1,216.9,False,False,False,False,False,,0,0,False,False,No Card,100,100,1024,1378,908,1024,2,False,False,False,False,False,0,False,False,False,False,76,,46.956,,7683,,10044,,46.956,,True,3.916,3.916,3.916,3.916,3.916,3.916,3.916,3.916,3.916,3.916,3.916,3.916,0,,False,False,True,,,,,,,,,,,,,,,False,False,18.618,,99.1,,75.7,,99.1,,1456,96,7,21,7,142708.3,19027.77,,Idle,,20,,10,,,20,Go Home,False,False,False,False,False,False,False,False,False,False,False,False,33.8027920380556,-117.4659261431046,3133.7,3133.7,1049.4,396.9,True,1,1,False,False,False,False,,True,False,False,Course Lock,196.8,67,16.4,93,E,SW,2.46,11.4,Calm,False,False,Android,7.0.2,M300 RTK,1ZN7L4R0H1D00F,1W9DL31001461C,1ZMLH8300204F0,1Z6PH74DAP0QN7,"Corona, CA",728.3,5.7,137.7,8.547347,2.013246,0,0,DJI Matrice 300 RTK,M300 RTK,1ZN7L4R0H1D00F,1W9DL31001461C,1ZMLH8300204F0,1Z6PH74DAP0QN7,DJI Pilot,Android,7.0.2,1EF72A62-B7C3-C88D-164E-CE6F8C8424AE,1ZN7L4R0H1D00F,1W9DL31001461C,,1ZMLH8300204F0,1W9DL31001461C,,,,,
2023-11-01,11:31:44.14 AM,7m 21.8s,441.8,33.798812672234,-117.4750906915769,70.8,137.7,16.4,1335,3609.4,6.643372,7.161702,-4.697574,2.23694,-4.697574,1.342164,0,0.894776,-2.2,-0.1,2.2,-134.9,225.1,223.8,Tripod,Other,,21,5,True,,True,False,,Smart,RC,False,True,False,,,True,,False,False,False,False,False,False,False,False,False,False,0,Follow Yaw,-77.9,0,-143.1,216.9,False,False,False,False,False,,0,0,False,False,No Card,100,100,1024,1378,907,1024,2,False,False,False,False,False,0,False,False,False,False,76,,46.956,,7683,,10044,,46.956,,True,3.916,3.916,3.916,3.916,3.916,3.916,3.916,3.916,3.916,3.916,3.916,3.916,0,,False,False,True,,,,,,,,,,,,,,,False,False,18.618,,99.1,,75.7,,99.1,,1456,96,7,21,7,142708.3,19027.77,,Idle,,20,,10,,,20,Go Home,False,False,False,False,False,False,False,False,False,False,False,False,33.8027920380556,-117.4659261431046,3134.6,3134.6,1049.4,396.9,True,1,1,False,False,False,False,,True,False,False,Course Lock,196.8,67,16.4,93,E,SW,2.46,11.4,Calm,False,False,Android,7.0.2,M300 RTK,1ZN7L4R0H1D00F,1W9DL31001461C,1ZMLH8300204F0,1Z6PH74DAP0QN7,"Corona, CA",728.3,5.7,137.7,8.547347,2.013246,0,0,DJI Matrice 300 RTK,M300 RTK,1ZN7L4R0H1D00F,1W9DL31001461C,1ZMLH8300204F0,1Z6PH74DAP0QN7,DJI Pilot,Android,7.0.2,1EF72A62-B7C3-C88D-164E-CE6F8C8424AE,1ZN7L4R0H1D00F,1W9DL31001461C,,1ZMLH8300204F0,1W9DL31001461C,,,,,
2023-11-01,11:31:44.24 AM,7m 21.9s,441.9,33.7988105118219,-117.4750929398524,70.8,137.7,16.7,1335,3610.5,6.643372,7.161702,-4.697574,2.23694,-4.697574,1.342164,0,0.894776,-2.2,-0.2,2.2,-134.9,225.1,220.8,Tripod,Other,,21,5,True,,True,False,,Smart,RC,False,True,False,,,True,,False,False,False,False,False,False,False,False,False,False,0,Follow Yaw,-77.9,0,-143.1,216.9,False,False,False,False,False,,0,0,False,False,No Card,100,100,1024,1379,907,1024,2,False,False,False,False,False,0,False,False,False,False,76,,46.956,,7683,,10044,,46.956,,True,3.916,3.916,3.916,3.916,3.916,3.916,3.916,3.916,3.916,3.916,3.916,3.916,0,,False,False,True,,,,,,,,,,,,,,,False,False,18.618,,99.1,,75.7,,99.1,,1456,96,7,21,7,142708.3,19027.77,,Idle,,20,,10,,,20,Go Home,False,False,False,False,False,False,False,False,False,False,False,False,33.8027920380556,-117.4659261431046,3135.6,3135.6,1049.4,396.9,True,1,1,False,False,False,False,,True,False,False,Course Lock,196.8,67,16.4,93,E,SW,2.46,11.4,Calm,False,False,Android,7.0.2,M300 RTK,1ZN7L4R0H1D00F,1W9DL31001461C,1ZMLH8300204F0,1Z6PH74DAP0QN7,"Corona, CA",728.3,5.7,137.7,8.547347,2.013246,0,0,DJI Matrice 300 RTK,M300 RTK,1ZN7L4R0H1D00F,1W9DL31001461C,1ZMLH8300204F0,1Z6PH74DAP0QN7,DJI Pilot,Android,7.0.2,1EF72A62-B7C3-C88D-164E-CE6F8C8424AE,1ZN7L4R0H1D00F,1W9DL31001461C,,1ZMLH8300204F0,1W9DL31001461C,,,,,
2023-11-01,11:31:44.32 AM,7m 22.0s,442.0,33.7988085260301,-117.4750952313609,70.8,137.7,16.7,1335,3611.5,6.643372,7.161702,-4.697574,2.23694,-4.697574,1.342164,0,0.894776,-2.2,-0.3,2.2,-135,225,223.7,Tripod,Other,,21,5,True,,True,False,,Smart,RC,False,True,False,,,True,,False,False,False,False,False,False,False,False,False,False,0,Follow Yaw,-77.9,0,-143.1,216.9,False,False,False,False,False,,0,0,False,False,No Card,100,100,1024,1380,903,1024,2,False,False,False,False,False,0,False,False,False,False,76,,46.92,,3789,,4986,,46.92,,True,3.916,3.916,3.916,3.916,3.916,3.916,3.916,3.916,3.916,3.916,3.916,3.916,0,,False,False,True,,,,,,,,,,,,,,,False,False,9.338,,99.1,,75.7,,99.1,,1456,96,7,21,7,142708.3,19027.77,,Idle,,20,,10,,,20,Go Home,False,False,False,False,False,False,False,False,False,False,False,False,33.8027920380556,-117.4659261431046,3136.5,3136.5,1049.4,396.9,True,1,1,False,False,False,False,,True,False,False,Course Lock,196.8,67,16.4,93,E,SW,2.46,11.4,Calm,False,False,Android,7.0.2,M300 RTK,1ZN7L4R0H1D00F,1W9DL31001461C,1ZMLH8300204F0,1Z6PH74DAP0QN7,"Corona, CA",728.3,5.7,137.7,8.547347,2.013246,0,0,DJI Matrice 300 RTK,M300 RTK,1ZN7L4R0H1D00F,1W9DL31001461C,1ZMLH8300204F0,1Z6PH74DAP0QN7,DJI Pilot,Android,7.0.2,1EF72A62-B7C3-C88D-164E-CE6F8C8424AE,1ZN7L4R0H1D00F,1W9DL31001461C,,1ZMLH8300204F0,1W9DL31001461C,,,,,
2023-11-01,11:31:44.42 AM,7m 22.1s,442.1,33.7988066937507,-117.4750976108608,70.8,137.7,16.7,1335,3612.4,6.643372,7.161702,-4.697574,2.23694,-4.697574,1.342164,0,0.894776,-2.2,-0.4,2.2,-134.9,225.1,227.1,Tripod,Other,,21,5,True,,True,False,,Smart,RC,False,True,False,,,True,,False,False,False,False,False,False,False,False,False,False,0,Follow Yaw,-77.9,0,-143.1,216.9,False,False,False,False,False,,0,0,False,False,No Card,100,100,1024,1380,905,1024,2,False,False,False,False,False,0,False,False,False,False,76,,46.92,,3789,,4986,,46.92,,True,3.916,3.916,3.916,3.916,3.916,3.916,3.916,3.916,3.916,3.916,3.916,3.916,0,,False,False,True,,,,,,,,,,,,,,,False,False,9.338,,99.1,,75.7,,99.1,,1456,96,7,21,7,142708.3,19027.77,,Idle,,20,,10,,,20,Go Home,False,False,False,False,False,False,False,False,False,False,False,False,33.8027920380556,-117.4659261431046,3137.5,3137.5,1049.4,396.9,True,1,1,False,False,False,False,,True,False,False,Course Lock,196.8,67,16.4,93,E,SW,2.46,11.4,Calm,False,False,Android,7.0.2,M300 RTK,1ZN7L4R0H1D00F,1W9DL31001461C,1ZMLH8300204F0,1Z6PH74DAP0QN7,"Corona, CA",728.3,5.7,137.7,8.547347,2.013246,0,0,DJI Matrice 300 RTK,M300 RTK,1ZN7L4R0H1D00F,1W9DL31001461C,1ZMLH8300204F0,1Z6PH74DAP0QN7,DJI Pilot,Android,7.0.2,1EF72A62-B7C3-C88D-164E-CE6F8C8424AE,1ZN7L4R0H1D00F,1W9DL31001461C,,1ZMLH8300204F0,1W9DL31001461C,,,,,
2023-11-01,11:31:44.52 AM,7m 22.2s,442.2,33.798804725229,-117.4750999124094,70.8,137.7,16.4,1335,3613.4,6.643372,7.161702,-4.697574,2.23694,-4.697574,1.342164,0,0.894776,-2.2,-0.5,2.2,-135,225,224.1,Tripod,Other,,20,5,True,,True,False,,Smart,RC,False,True,False,,,True,,False,False,False,False,False,False,False,False,False,False,0,Follow Yaw,-77.9,0,-143.1,216.9,False,False,False,False,False,,0,0,False,False,No Card,100,100,1024,1383,904,1024,2,False,False,False,False,False,0,False,False,False,False,76,,46.92,,3789,,4986,,46.92,,True,3.916,3.916,3.916,3.916,3.916,3.916,3.916,3.916,3.916,3.916,3.916,3.916,0,,False,False,True,,,,,,,,,,,,,,,False,False,9.338,,99.1,,75.7,,99.1,,1456,96,7,21,7,142708.3,19027.77,,Idle,,20,,10,,,20,Go Home,False,False,False,False,False,False,False,False,False,False,False,False,33.8027920380556,-117.4659261431046,3138.4,3138.4,1049.4,396.9,True,1,1,False,False,False,False,,True,False,False,Course Lock,196.8,67,16.4,93,E,SW,2.46,11.4,Calm,False,False,Android,7.0.2,M300 RTK,1ZN7L4R0H1D00F,1W9DL31001461C,1ZMLH8300204F0,1Z6PH74DAP0QN7,"Corona, CA",728.3,5.7,137.7,8.547347,2.013246,0,0,DJI Matrice 300 RTK,M300 RTK,1ZN7L4R0H1D00F,1W9DL31001461C,1ZMLH8300204F0,1Z6PH74DAP0QN7,DJI Pilot,Android,7.0.2,1EF72A62-B7C3-C88D-164E-CE6F8C8424AE,1ZN7L4R0H1D00F,1W9DL31001461C,,1ZMLH8300204F0,1W9DL31001461C,,,,,
2023-11-01,11:31:44.63 AM,7m 22.3s,442.3,33.7988026914647,-117.4751022447592,70.8,137.7,16.7,1335,3614.5,6.643372,7.161702,-4.697574,2.23694,-4.697574,1.342164,0,0.894776,-2.2,-0.5,2.2,-135,225,223.6,Tripod,Other,,20,5,True,,True,False,,Smart,RC,False,True,False,,,True,,False,False,False,False,False,False,False,False,False,False,0,Follow Yaw,-77.9,0,-143.1,216.9,False,False,False,False,False,,0,0,False,False,No Card,100,100,1024,1384,904,1024,2,False,False,False,False,False,0,False,False,False,False,76,,46.92,,3789,,4986,,46.92,,True,3.911,3.911,3.911,3.911,3.911,3.911,3.911,3.911,3.911,3.911,3.911,3.911,0,,False,False,True,,,,,,,,,,,,,,,False,False,9.338,,99.1,,75.7,,99.1,,1455,96,7,21,7,142399.2,18986.56,,Idle,,20,,10,,,20,Go Home,False,False,False,False,False,False,False,False,False,False,False,False,33.8027920380556,-117.4659261431046,3139.4,3139.4,1049.4,396.9,True,1,1,False,False,False,False,,True,False,False,Course Lock,196.8,67,16.4,93,E,SW,2.46,11.4,Calm,False,False,Android,7.0.2,M300 RTK,1ZN7L4R0H1D00F,1W9DL31001461C,1ZMLH8300204F0,1Z6PH74DAP0QN7,"Corona, CA",728.3,5.7,137.7,8.547347,2.013246,0,0,DJI Matrice 300 RTK,M300 RTK,1ZN7L4R0H1D00F,1W9DL31001461C,1ZMLH8300204F0,1Z6PH74DAP0QN7,DJI Pilot,Android,7.0.2,1EF72A62-B7C3-C88D-164E-CE6F8C8424AE,1ZN7L4R0H1D00F,1W9DL31001461C,,1ZMLH8300204F0,1W9DL31001461C,,,,,
2023-11-01,11:31:44.73 AM,7m 22.4s,442.4,33.7988007177346,-117.4751045481016,70.8,137.7,16.7,1335,3615.5,6.643372,7.161702,-4.697574,2.23694,-4.697574,1.342164,0,0.894776,-2.4,-0.4,2.4,-134.9,225.1,224.1,Tripod,Other,,20,5,True,,True,False,,Smart,RC,False,True,False,,,True,,False,False,False,False,False,False,False,False,False,False,0,Follow Yaw,-77.9,0,-143.1,216.9,False,False,False,False,False,,0,0,False,False,No Card,100,100,1024,1384,902,1024,2,False,False,False,False,False,0,False,False,False,False,76,,46.92,,3789,,4986,,46.92,,True,3.911,3.911,3.911,3.911,3.911,3.911,3.911,3.911,3.911,3.911,3.911,3.911,0,,False,False,True,,,,,,,,,,,,,,,False,False,9.338,,99.1,,75.7,,99.1,,1455,96,7,21,7,142399.2,18986.56,,Idle,,20,,10,,,20,Go Home,False,False,False,False,False,False,False,False,False,False,False,False,33.8027920380556,-117.4659261431046,3140.4,3140.4,1049.4,396.9,True,1,1,False,False,False,False,,True,False,False,Course Lock,196.8,67,16.4,93,E,SW,2.46,11.4,Calm,False,False,Android,7.0.2,M300 RTK,1ZN7L4R0H1D00F,1W9DL31001461C,1ZMLH8300204F0,1Z6PH74DAP0QN7,"Corona, CA",728.3,5.7,137.7,8.547347,2.013246,0,0,DJI Matrice 300 RTK,M300 RTK,1ZN7L4R0H1D00F,1W9DL31001461C,1ZMLH8300204F0,1Z6PH74DAP0QN7,DJI Pilot,Android,7.0.2,1EF72A62-B7C3-C88D-164E-CE6F8C8424AE,1ZN7L4R0H1D00F,1W9DL31001461C,,1ZMLH8300204F0,1W9DL31001461C,,,,,
2023-11-01,11:31:44.83 AM,7m 22.5s,442.5,33.7987990899555,-117.4751067258479,70.8,137.7,16.4,1335,3616.4,6.643372,7.161702,-4.697574,2.23694,-4.697574,1.342164,0,0.894776,-2.5,-0.4,2.5,-134.9,225.1,228.0,Tripod,Other,,20,5,True,,True,False,,Smart,RC,False,True,False,,,True,,False,False,False,False,False,False,False,False,False,False,0,Follow Yaw,-77.9,0,-143.1,216.9,False,False,False,False,False,,0,0,False,False,No Card,100,100,1024,1382,876,1137,2,False,False,False,False,False,0,False,False,False,False,76,,46.92,,3789,,4986,,46.92,,True,3.911,3.911,3.911,3.911,3.911,3.911,3.911,3.911,3.911,3.911,3.911,3.911,0,,False,False,True,,,,,,,,,,,,,,,False,False,9.338,,99.1,,75.7,,99.1,,1455,96,7,21,7,142399.2,18986.56,,Idle,,20,,10,,,20,Go Home,False,False,False,False,False,False,False,False,False,False,False,False,33.8027920380556,-117.4659261431046,3141.2,3141.2,1049.4,396.9,True,1,1,False,False,False,False,,True,False,False,Course Lock,196.8,67,16.4,93,E,SW,2.46,11.4,Calm,False,False,Android,7.0.2,M300 RTK,1ZN7L4R0H1D00F,1W9DL31001461C,1ZMLH8300204F0,1Z6PH74DAP0QN7,"Corona, CA",728.3,5.7,137.7,8.547347,2.013246,0,0,DJI Matrice 300 RTK,M300 RTK,1ZN7L4R0H1D00F,1W9DL31001461C,1ZMLH8300204F0,1Z6PH74DAP0QN7,DJI Pilot,Android,7.0.2,1EF72A62-B7C3-C88D-164E-CE6F8C8424AE,1ZN7L4R0H1D00F,1W9DL31001461C,,1ZMLH8300204F0,1W9DL31001461C,,,,,
2023-11-01,11:31:44.94 AM,7m 22.6s,442.6,33.798797038921,-117.4751091505393,70.8,137.7,16.4,1335,3617.4,6.643372,7.161702,-4.697574,2.23694,-4.697574,1.342164,0,0.894776,-2.4,-0.4,2.4,-135,225,224.4,Tripod,Other,,20,5,True,,True,False,,Smart,RC,False,True,False,,,True,,False,False,False,False,False,False,False,False,False,False,0,Follow Yaw,-77.9,0,-143,217,False,False,False,False,False,,0,0,False,False,No Card,100,100,1024,1383,887,1095,2,False,False,False,False,False,0,False,False,False,False,76,,46.92,,3789,,4986,,46.92,,True,3.911,3.911,3.911,3.911,3.911,3.911,3.911,3.911,3.911,3.911,3.911,3.911,0,,False,False,True,,,,,,,,,,,,,,,False,False,9.338,,99.1,,75.7,,99.1,,1455,96,7,21,7,142399.2,18986.56,,Idle,,20,,10,,,20,Go Home,False,False,False,False,False,False,False,False,False,False,False,False,33.8027920380556,-117.4659261431046,3142.2,3142.2,1049.4,396.9,True,1,1,False,False,False,False,,True,False,False,Course Lock,196.8,67,16.4,93,E,SW,2.46,11.4,Calm,False,False,Android,7.0.2,M300 RTK,1ZN7L4R0H1D00F,1W9DL31001461C,1ZMLH8300204F0,1Z6PH74DAP0QN7,"Corona, CA",728.3,5.7,137.7,8.547347,2.013246,0,0,DJI Matrice 300 RTK,M300 RTK,1ZN7L4R0H1D00F,1W9DL31001461C,1ZMLH8300204F0,1Z6PH74DAP0QN7,DJI Pilot,Android,7.0.2,1EF72A62-B7C3-C88D-164E-CE6F8C8424AE,1ZN7L4R0H1D00F,1W9DL31001461C,,1ZMLH8300204F0,1W9DL31001461C,,,,,
2023-11-01,11:31:45.04 AM,7m 22.7s,442.7,33.7987946260359,-117.4751114752816,70.5,137.7,16.4,1334,3618.5,6.643372,7.161702,-4.697574,2.23694,-4.697574,1.342164,0,0.894776,-2.3,-0.1,2.3,-134.9,225.1,218.6,Tripod,Other,,20,5,True,,True,False,,Smart,RC,False,True,False,,,True,,False,False,False,False,False,False,False,False,False,False,0,Follow Yaw,-77.9,0,-142.8,217.2,False,False,False,False,False,,0,0,False,False,No Card,100,100,1024,1383,893,1059,2,False,False,False,False,False,0,False,False,False,False,76,,46.92,,3789,,4986,,46.92,,True,3.911,3.911,3.911,3.911,3.911,3.911,3.911,3.911,3.911,3.911,3.911,3.911,0,,False,False,True,,,,,,,,,,,,,,,False,False,9.338,,99.1,,75.7,,99.1,,1455,96,7,21,7,142399.2,18986.56,,Idle,,20,,10,,,20,Go Home,False,False,False,False,False,False,False,False,False,False,False,False,33.8027920380556,-117.4659261431046,3143.2,3143.2,1049.4,396.9,True,1,1,False,False,False,False,,True,False,False,Course Lock,196.8,67,16.4,93,E,SW,2.46,11.4,Calm,False,False,Android,7.0.2,M300 RTK,1ZN7L4R0H1D00F,1W9DL31001461C,1ZMLH8300204F0,1Z6PH74DAP0QN7,"Corona, CA",728.3,5.7,137.7,8.547347,2.013246,0,0,DJI Matrice 300 RTK,M300 RTK,1ZN7L4R0H1D00F,1W9DL31001461C,1ZMLH8300204F0,1Z6PH74DAP0QN7,DJI Pilot,Android,7.0.2,1EF72A62-B7C3-C88D-164E-CE6F8C8424AE,1ZN7L4R0H1D00F,1W9DL31001461C,,1ZMLH8300204F0,1W9DL31001461C,,,,,
2023-11-01,11:31:45.14 AM,7m 22.8s,442.8,33.798792633665,-117.4751137940038,70.5,137.7,16.4,1334,3619.5,6.643372,7.161702,-4.697574,2.23694,-4.697574,1.342164,0,0.894776,-2.2,0,2.2,-134.8,225.2,224.0,Tripod,Other,,20,5,True,,True,False,,Smart,RC,False,True,False,,,True,,False,False,False,False,False,False,False,False,False,False,0,Follow Yaw,-77.9,0,-142.7,217.3,False,False,False,False,False,,0,0,False,False,No Card,100,100,1024,1382,904,1024,2,False,False,False,False,False,0,False,False,False,False,76,,46.92,,3789,,4986,,46.92,,True,3.911,3.911,3.911,3.911,3.911,3.911,3.911,3.911,3.911,3.911,3.911,3.911,0,,False,False,True,,,,,,,,,,,,,,,False,False,9.338,,99.1,,75.7,,99.1,,1455,96,7,21,7,142399.2,18986.56,,Idle,,20,,10,,,20,Go Home,False,False,False,False,False,False,False,False,False,False,False,False,33.8027920380556,-117.4659261431046,3144.2,3144.2,1049.4,396.9,True,1,1,False,False,False,False,,True,False,False,Course Lock,196.8,67,16.4,93,E,SW,2.46,11.4,Calm,False,False,Android,7.0.2,M300 RTK,1ZN7L4R0H1D00F,1W9DL31001461C,1ZMLH8300204F0,1Z6PH74DAP0QN7,"Corona, CA",728.3,5.7,137.7,8.547347,2.013246,0,0,DJI Matrice 300 RTK,M300 RTK,1ZN7L4R0H1D00F,1W9DL31001461C,1ZMLH8300204F0,1Z6PH74DAP0QN7,DJI Pilot,Android,7.0.2,1EF72A62-B7C3-C88D-164E-CE6F8C8424AE,1ZN7L4R0H1D00F,1W9DL31001461C,,1ZMLH8300204F0,1W9DL31001461C,,,,,
2023-11-01,11:31:45.25 AM,7m 22.9s,442.9,33.7987909250178,-117.4751159209304,70.5,137.7,16.4,1334,3620.4,6.643372,7.161702,-4.697574,2.23694,-4.697574,1.342164,0,0.894776,-2.3,-0.3,2.3,-134.7,225.3,225.9,Tripod,Other,,20,5,True,,True,False,,Smart,RC,False,True,False,,,True,,False,False,False,False,False,False,False,False,False,False,0,Follow Yaw,-77.9,0,-142.7,217.3,False,False,False,False,False,,0,0,False,False,No Card,100,100,1024,1383,910,1024,2,False,False,False,False,False,0,False,False,False,False,76,,46.92,,3789,,4986,,46.92,,True,3.911,3.911,3.911,3.911,3.911,3.911,3.911,3.911,3.911,3.911,3.911,3.911,0,,False,False,True,,,,,,,,,,,,,,,False,False,9.338,,99.1,,75.7,,99.1,,1455,96,7,21,7,142399.2,18986.56,,Idle,,20,,10,,,20,Go Home,False,False,False,False,False,False,False,False,False,False,False,False,33.8027920380556,-117.4659261431046,3145.1,3145.1,1049.4,396.9,True,1,1,False,False,False,False,,True,False,False,Course Lock,196.8,67,16.4,93,E,SW,2.46,11.4,Calm,False,False,Android,7.0.2,M300 RTK,1ZN7L4R0H1D00F,1W9DL31001461C,1ZMLH8300204F0,1Z6PH74DAP0QN7,"Corona, CA",728.3,5.7,137.7,8.547347,2.013246,0,0,DJI Matrice 300 RTK,M300 RTK,1ZN7L4R0H1D00F,1W9DL31001461C,1ZMLH8300204F0,1Z6PH74DAP0QN7,DJI Pilot,Android,7.0.2,1EF72A62-B7C3-C88D-164E-CE6F8C8424AE,1ZN7L4R0H1D00F,1W9DL31001461C,,1ZMLH8300204F0,1W9DL31001461C,,,,,
2023-11-01,11:31:45.35 AM,7m 23.0s,443.0,33.7987889633494,-117.4751182271384,70.5,137.7,16.4,1334,3621.4,6.643372,7.161702,-4.697574,2.23694,-4.697574,1.342164,0,0.894776,-2.3,-0.6,2.3,-134.6,225.4,224.3,Tripod,Other,,20,5,True,,True,False,,Smart,RC,False,True,False,,,True,,False,False,False,False,False,False,False,False,False,False,0,Follow Yaw,-77.9,0,-142.7,217.3,False,False,False,False,False,,0,0,False,False,No Card,100,100,1024,1383,910,1024,2,False,False,False,False,False,0,False,False,False,False,76,,46.956,,7633,,10044,,46.956,,True,3.911,3.911,3.911,3.911,3.911,3.911,3.911,3.911,3.911,3.911,3.911,3.911,0,,False,False,True,,,,,,,,,,,,,,,False,False,18.71,,99.1,,75.7,,99.1,,1455,96,7,21,7,142399.2,18986.56,,Idle,,20,,10,,,20,Go Home,False,False,False,False,False,False,False,False,False,False,False,False,33.8027920380556,-117.4659261431046,3146.0,3146.0,1049.4,396.9,True,1,1,False,False,False,False,,True,False,False,Course Lock,196.8,67,16.4,93,E,SW,2.46,11.4,Calm,False,False,Android,7.0.2,M300 RTK,1ZN7L4R0H1D00F,1W9DL31001461C,1ZMLH8300204F0,1Z6PH74DAP0QN7,"Corona, CA",728.3,5.7,137.7,8.547347,2.013246,0,0,DJI Matrice 300 RTK,M300 RTK,1ZN7L4R0H1D00F,1W9DL31001461C,1ZMLH8300204F0,1Z6PH74DAP0QN7,DJI Pilot,Android,7.0.2,1EF72A62-B7C3-C88D-164E-CE6F8C8424AE,1ZN7L4R0H1D00F,1W9DL31001461C,,1ZMLH8300204F0,1W9DL31001461C,,,,,
2023-11-01,11:31:45.45 AM,7m 23.1s,443.1,33.7987870110014,-117.4751206025562,70.5,137.7,16.4,1334,3622.5,6.643372,7.161702,-4.697574,2.23694,-4.697574,1.342164,0,0.894776,-2.3,-0.6,2.3,-134.5,225.5,225.3,Tripod,Other,,20,5,True,,True,False,,Smart,RC,False,True,False,,,True,,False,False,False,False,False,False,False,False,False,False,0,Follow Yaw,-77.9,0,-142.7,217.3,False,False,False,False,False,,0,0,False,False,No Card,100,100,1024,1384,899,1024,2,False,False,False,False,False,0,False,False,False,False,76,,46.956,,7633,,10044,,46.956,,True,3.911,3.911,3.911,3.911,3.911,3.911,3.911,3.911,3.911,3.911,3.911,3.911,0,,False,False,True,,,,,,,,,,,,,,,False,False,18.71,,99.1,,75.7,,99.1,,1455,96,7,21,7,142399.2,18986.56,,Idle,,20,,10,,,20,Go Home,False,False,False,False,False,False,False,False,False,False,False,False,33.8027920380556,-117.4659261431046,3147.0,3147.0,1049.4,396.9,True,1,1,False,False,False,False,,True,False,False,Course Lock,196.8,67,16.4,93,E,SW,2.46,11.4,Calm,False,False,Android,7.0.2,M300 RTK,1ZN7L4R0H1D00F,1W9DL31001461C,1ZMLH8300204F0,1Z6PH74DAP0QN7,"Corona, CA",728.3,5.7,137.7,8.547347,2.013246,0,0,DJI Matrice 300 RTK,M300 RTK,1ZN7L4R0H1D00F,1W9DL31001461C,1ZMLH8300204F0,1Z6PH74DAP0QN7,DJI Pilot,Android,7.0.2,1EF72A62-B7C3-C88D-164E-CE6F8C8424AE,1ZN7L4R0H1D00F,1W9DL31001461C,,1ZMLH8300204F0,1W9DL31001461C,,,,,
2023-11-01,11:31:45.56 AM,7m 23.2s,443.2,33.7987849440674,-117.475123040339,70.5,137.7,16.4,1334,3623.5,6.643372,7.161702,-4.697574,2.23694,-4.697574,1.342164,0,0.894776,-2.2,-0.4,2.2,-134.4,225.6,224.4,Tripod,Other,,20,5,True,,True,False,,Smart,RC,False,True,False,,,True,,False,False,False,False,False,False,False,False,False,False,0,Follow Yaw,-77.9,0,-142.7,217.3,False,False,False,False,False,,0,0,False,False,No Card,100,100,1024,1384,894,1024,2,False,False,False,False,False,0,False,False,False,False,76,,46.956,,7633,,10044,,46.956,,True,3.911,3.911,3.911,3.911,3.911,3.911,3.911,3.911,3.911,3.911,3.911,3.911,0,,False,False,True,,,,,,,,,,,,,,,False,False,18.71,,99.1,,75.7,,99.1,,1455,96,7,21,7,142399.2,18986.56,,Idle,,20,,10,,,20,Go Home,False,False,False,False,False,False,False,False,False,False,False,False,33.8027920380556,-117.4659261431046,3148.0,3148.0,1049.4,396.9,True,1,1,False,False,False,False,,True,False,False,Course Lock,196.8,67,16.4,93,E,SW,2.46,11.4,Calm,False,False,Android,7.0.2,M300 RTK,1ZN7L4R0H1D00F,1W9DL31001461C,1ZMLH8300204F0,1Z6PH74DAP0QN7,"Corona, CA",728.3,5.7,137.7,8.547347,2.013246,0,0,DJI Matrice 300 RTK,M300 RTK,1ZN7L4R0H1D00F,1W9DL31001461C,1ZMLH8300204F0,1Z6PH74DAP0QN7,DJI Pilot,Android,7.0.2,1EF72A62-B7C3-C88D-164E-CE6F8C8424AE,1ZN7L4R0H1D00F,1W9DL31001461C,,1ZMLH8300204F0,1W9DL31001461C,,,,,
2023-11-01,11:31:45.66 AM,7m 23.3s,443.3,33.7987828886468,-117.4751253500519,70.5,137.7,16.4,1334,3624.5,6.643372,7.161702,-4.697574,2.23694,-4.697574,1.342164,0,0.894776,-2.1,-0.3,2.1,-134.4,225.6,223.0,Tripod,Other,,20,5,True,,True,False,,Smart,RC,False,True,False,,,True,,False,False,False,False,False,False,False,False,False,False,0,Follow Yaw,-77.9,0,-142.7,217.3,False,False,False,False,False,,0,0,False,False,No Card,100,100,1024,1383,895,1024,2,False,False,False,False,False,0,False,False,False,False,76,,46.956,,7633,,10044,,46.956,,True,3.911,3.911,3.911,3.911,3.911,3.911,3.911,3.911,3.911,3.911,3.911,3.911,0,,False,False,True,,,,,,,,,,,,,,,False,False,18.71,,99.1,,75.7,,99.1,,1455,96,7,21,7,142020.5,18936.06,,Idle,,20,,10,,,20,Go Home,False,False,False,False,False,False,False,False,False,False,False,False,33.8027920380556,-117.4659261431046,3149.0,3149.0,1049.4,396.9,True,1,1,False,False,False,False,,True,False,False,Course Lock,196.8,67,16.4,93,E,SW,2.46,11.4,Calm,False,False,Android,7.0.2,M300 RTK,1ZN7L4R0H1D00F,1W9DL31001461C,1ZMLH8300204F0,1Z6PH74DAP0QN7,"Corona, CA",728.3,5.7,137.7,8.547347,2.013246,0,0,DJI Matrice 300 RTK,M300 RTK,1ZN7L4R0H1D00F,1W9DL31001461C,1ZMLH8300204F0,1Z6PH74DAP0QN7,DJI Pilot,Android,7.0.2,1EF72A62-B7C3-C88D-164E-CE6F8C8424AE,1ZN7L4R0H1D00F,1W9DL31001461C,,1ZMLH8300204F0,1W9DL31001461C,,,,,
2023-11-01,11:31:45.77 AM,7m 23.4s,443.4,33.7987809234147,-117.4751276756189,70.5,137.7,16.4,1334,3625.5,6.643372,7.161702,-4.697574,2.23694,-4.697574,1.342164,0,0.894776,-2,-0.5,2,-134.6,225.4,224.5,Tripod,Other,,20,5,True,,True,False,,Smart,RC,False,True,False,,,True,,False,False,False,False,False,False,False,False,False,False,0,Follow Yaw,-77.9,0,-142.7,217.3,False,False,False,False,False,,0,0,False,False,No Card,100,100,1024,1383,902,1024,2,False,False,False,False,False,0,False,False,False,False,76,,46.956,,7633,,10044,,46.956,,True,3.911,3.911,3.911,3.911,3.911,3.911,3.911,3.911,3.911,3.911,3.911,3.911,0,,False,False,True,,,,,,,,,,,,,,,False,False,18.71,,99.1,,75.7,,99.1,,1455,96,7,21,7,142020.5,18936.06,,Idle,,20,,10,,,20,Go Home,False,False,False,False,False,False,False,False,False,False,False,False,33.8027920380556,-117.4659261431046,3149.9,3149.9,1049.4,396.9,True,1,1,False,False,False,False,,True,False,False,Course Lock,196.8,67,16.4,93,E,SW,2.46,11.4,Calm,False,False,Android,7.0.2,M300 RTK,1ZN7L4R0H1D00F,1W9DL31001461C,1ZMLH8300204F0,1Z6PH74DAP0QN7,"Corona, CA",728.3,5.7,137.7,8.547347,2.013246,0,0,DJI Matrice 300 RTK,M300 RTK,1ZN7L4R0H1D00F,1W9DL31001461C,1ZMLH8300204F0,1Z6PH74DAP0QN7,DJI Pilot,Android,7.0.2,1EF72A62-B7C3-C88D-164E-CE6F8C8424AE,1ZN7L4R0H1D00F,1W9DL31001461C,,1ZMLH8300204F0,1W9DL31001461C,,,,,
2023-11-01,11:31:45.87 AM,7m 23.5s,443.5,33.7987790401472,-117.4751297691878,70.5,137.7,16.4,1334,3626.5,6.643372,7.161702,-4.697574,2.23694,-4.697574,1.342164,0,0.894776,-2.1,-0.8,2.2,-134.7,225.3,222.7,Tripod,Other,,20,5,True,,True,False,,Smart,RC,False,True,False,,,True,,False,False,False,False,False,False,False,False,False,False,0,Follow Yaw,-77.9,0,-142.7,217.3,False,False,False,False,False,,0,0,False,False,No Card,100,100,1024,1383,902,1024,2,False,False,False,False,False,0,False,False,False,False,76,,46.956,,7633,,10044,,46.956,,True,3.911,3.911,3.911,3.911,3.911,3.911,3.911,3.911,3.911,3.911,3.911,3.911,0,,False,False,True,,,,,,,,,,,,,,,False,False,18.71,,99.1,,75.7,,99.1,,1455,96,7,21,7,142020.5,18936.06,,Idle,,20,,10,,,20,Go Home,False,False,False,False,False,False,False,False,False,False,False,False,33.8027920380556,-117.4659261431046,3150.8,3150.8,1049.4,396.9,True,1,1,False,False,False,False,,True,False,False,Course Lock,196.8,67,16.4,93,E,SW,2.46,11.4,Calm,False,False,Android,7.0.2,M300 RTK,1ZN7L4R0H1D00F,1W9DL31001461C,1ZMLH8300204F0,1Z6PH74DAP0QN7,"Corona, CA",728.3,5.7,137.7,8.547347,2.013246,0,0,DJI Matrice 300 RTK,M300 RTK,1ZN7L4R0H1D00F,1W9DL31001461C,1ZMLH8300204F0,1Z6PH74DAP0QN7,DJI Pilot,Android,7.0.2,1EF72A62-B7C3-C88D-164E-CE6F8C8424AE,1ZN7L4R0H1D00F,1W9DL31001461C,,1ZMLH8300204F0,1W9DL31001461C,,,,,
2023-11-01,11:31:45.97 AM,7m 23.6s,443.6,33.7987770806718,-117.4751320525528,70.5,137.7,16.4,1334,3627.5,6.643372,7.161702,-4.697574,2.23694,-4.697574,1.342164,0,0.894776,-2.2,-0.9,2.3,-134.7,225.3,224.0,Tripod,Other,,20,5,True,,True,False,,Smart,RC,False,True,False,,,True,,False,False,False,False,False,False,False,False,False,False,0,Follow Yaw,-77.9,0,-142.7,217.3,False,False,False,False,False,,0,0,False,False,No Card,100,100,1024,1383,906,1024,2,False,False,False,False,False,0,False,False,False,False,76,,46.956,,7633,,10044,,46.956,,True,3.911,3.911,3.911,3.911,3.911,3.911,3.911,3.911,3.911,3.911,3.911,3.911,0,,False,False,True,,,,,,,,,,,,,,,False,False,18.71,,99.1,,75.7,,99.1,,1455,96,7,21,7,142020.5,18936.06,,Idle,,20,,10,,,20,Go Home,False,False,False,False,False,False,False,False,False,False,False,False,33.8027920380556,-117.4659261431046,3151.7,3151.7,1049.4,396.9,True,1,1,False,False,False,False,,True,False,False,Course Lock,196.8,67,16.4,93,E,SW,2.46,11.4,Calm,False,False,Android,7.0.2,M300 RTK,1ZN7L4R0H1D00F,1W9DL31001461C,1ZMLH8300204F0,1Z6PH74DAP0QN7,"Corona, CA",728.3,5.7,137.7,8.547347,2.013246,0,0,DJI Matrice 300 RTK,M300 RTK,1ZN7L4R0H1D00F,1W9DL31001461C,1ZMLH8300204F0,1Z6PH74DAP0QN7,DJI Pilot,Android,7.0.2,1EF72A62-B7C3-C88D-164E-CE6F8C8424AE,1ZN7L4R0H1D00F,1W9DL31001461C,,1ZMLH8300204F0,1W9DL31001461C,,,,,
2023-11-01,11:31:46.08 AM,7m 23.7s,443.7,33.7987751743775,-117.4751343227024,70.2,137.7,16.4,1334,3628.5,6.643372,7.161702,-4.697574,2.23694,-4.697574,1.342164,0,0.894776,-2.3,-0.7,2.4,-134.6,225.4,224.7,Tripod,Other,,20,5,True,,True,False,,Smart,RC,False,True,False,,,True,,False,False,False,False,False,False,False,False,False,False,0,Follow Yaw,-77.9,0,-142.7,217.3,False,False,False,False,False,,0,0,False,False,No Card,100,100,1024,1384,908,1024,2,False,False,False,False,False,0,False,False,False,False,76,,46.908,,3789,,4986,,46.908,,True,3.911,3.911,3.911,3.911,3.911,3.911,3.911,3.911,3.911,3.911,3.911,3.911,0,,False,False,True,,,,,,,,,,,,,,,False,False,9.412,,99.3,,75.7,,99.3,,1455,96,7,21,7,142020.5,18936.06,,Idle,,20,,10,,,20,Go Home,False,False,False,False,False,False,False,False,False,False,False,False,33.8027920380556,-117.4659261431046,3152.7,3152.7,1049.4,396.9,True,1,1,False,False,False,False,,True,False,False,Course Lock,196.8,67,16.4,93,E,SW,2.46,11.4,Calm,False,False,Android,7.0.2,M300 RTK,1ZN7L4R0H1D00F,1W9DL31001461C,1ZMLH8300204F0,1Z6PH74DAP0QN7,"Corona, CA",728.3,5.7,137.7,8.547347,2.013246,0,0,DJI Matrice 300 RTK,M300 RTK,1ZN7L4R0H1D00F,1W9DL31001461C,1ZMLH8300204F0,1Z6PH74DAP0QN7,DJI Pilot,Android,7.0.2,1EF72A62-B7C3-C88D-164E-CE6F8C8424AE,1ZN7L4R0H1D00F,1W9DL31001461C,,1ZMLH8300204F0,1W9DL31001461C,,,,,
2023-11-01,11:31:46.18 AM,7m 23.8s,443.8,33.7987732099678,-117.4751365884814,70.2,137.7,16.4,1334,3629.4,6.643372,7.161702,-4.697574,2.23694,-4.697574,1.342164,0,0.894776,-2.3,-0.5,2.3,-134.6,225.4,223.7,Tripod,Other,,20,5,True,,True,False,,Smart,RC,False,True,False,,,True,,False,False,False,False,False,False,False,False,False,False,0,Follow Yaw,-77.9,0,-142.7,217.3,False,False,False,False,False,,0,0,False,False,No Card,100,100,1024,1383,906,1024,2,False,False,False,False,False,0,False,False,False,False,76,,46.908,,3789,,4986,,46.908,,True,3.911,3.911,3.911,3.911,3.911,3.911,3.911,3.911,3.911,3.911,3.911,3.911,0,,False,False,True,,,,,,,,,,,,,,,False,False,9.412,,99.3,,75.7,,99.3,,1455,96,7,21,7,142020.5,18936.06,,Idle,,20,,10,,,20,Go Home,False,False,False,False,False,False,False,False,False,False,False,False,33.8027920380556,-117.4659261431046,3153.6,3153.6,1049.4,396.9,True,1,1,False,False,False,False,,True,False,False,Course Lock,196.8,67,16.4,93,E,SW,2.46,11.4,Calm,False,False,Android,7.0.2,M300 RTK,1ZN7L4R0H1D00F,1W9DL31001461C,1ZMLH8300204F0,1Z6PH74DAP0QN7,"Corona, CA",728.3,5.7,137.7,8.547347,2.013246,0,0,DJI Matrice 300 RTK,M300 RTK,1ZN7L4R0H1D00F,1W9DL31001461C,1ZMLH8300204F0,1Z6PH74DAP0QN7,DJI Pilot,Android,7.0.2,1EF72A62-B7C3-C88D-164E-CE6F8C8424AE,1ZN7L4R0H1D00F,1W9DL31001461C,,1ZMLH8300204F0,1W9DL31001461C,,,,,
2023-11-01,11:31:46.24 AM,7m 23.9s,443.9,33.7987711038333,-117.4751391502934,70.2,137.7,16.7,1334,3630.5,6.643372,7.161702,-4.697574,2.23694,-4.697574,1.342164,0,0.894776,-2.3,-0.3,2.3,-134.6,225.4,225.3,Tripod,Other,,20,5,True,,True,False,,Smart,RC,False,True,False,,,True,,False,False,False,False,False,False,False,False,False,False,0,Follow Yaw,-77.9,0,-142.7,217.3,False,False,False,False,False,,0,0,False,False,No Card,100,100,1024,1383,906,1024,2,False,False,False,False,False,0,False,False,False,False,76,,46.908,,3789,,4986,,46.908,,True,3.911,3.911,3.911,3.911,3.911,3.911,3.911,3.911,3.911,3.911,3.911,3.911,0,,False,False,True,,,,,,,,,,,,,,,False,False,9.412,,99.3,,75.7,,99.3,,1455,96,7,21,7,142020.5,18936.06,,Idle,,20,,10,,,20,Go Home,False,False,False,False,False,False,False,False,False,False,False,False,33.8027920380556,-117.4659261431046,3154.7,3154.7,1049.4,396.9,True,1,1,False,False,False,False,,True,False,False,Course Lock,196.8,67,16.4,93,E,SW,2.46,11.4,Calm,False,False,Android,7.0.2,M300 RTK,1ZN7L4R0H1D00F,1W9DL31001461C,1ZMLH8300204F0,1Z6PH74DAP0QN7,"Corona, CA",728.3,5.7,137.7,8.547347,2.013246,0,0,DJI Matrice 300 RTK,M300 RTK,1ZN7L4R0H1D00F,1W9DL31001461C,1ZMLH8300204F0,1Z6PH74DAP0QN7,DJI Pilot,Android,7.0.2,1EF72A62-B7C3-C88D-164E-CE6F8C8424AE,1ZN7L4R0H1D00F,1W9DL31001461C,,1ZMLH8300204F0,1W9DL31001461C,,,,,
2023-11-01,11:31:46.34 AM,7m 24.0s,444.0,33.7987691246206,-117.4751414381114,70.2,137.7,16.7,1334,3631.5,6.643372,7.161702,-4.697574,2.23694,-4.697574,1.342164,0,0.894776,-2.3,-0.1,2.3,-134.6,225.4,223.8,Tripod,Other,,20,5,True,,True,False,,Smart,RC,False,True,False,,,True,,False,False,False,False,False,False,False,False,False,False,0,Follow Yaw,-77.9,0,-142.7,217.3,False,False,False,False,False,,0,0,False,False,No Card,100,100,1024,1383,906,1024,2,False,False,False,False,False,0,False,False,False,False,76,,46.944,,7633,,10044,,46.944,,True,3.911,3.911,3.911,3.911,3.911,3.911,3.911,3.911,3.911,3.911,3.911,3.911,0,,False,False,True,,,,,,,,,,,,,,,False,False,18.83,,99.3,,75.7,,99.3,,1455,96,7,21,7,142020.5,18936.06,,Idle,,20,,10,,,20,Go Home,False,False,False,False,False,False,False,False,False,False,False,False,33.8027920380556,-117.4659261431046,3155.6,3155.6,1049.4,396.9,True,1,1,False,False,False,False,,True,False,False,Course Lock,196.8,67,16.4,93,E,SW,2.46,11.4,Calm,False,False,Android,7.0.2,M300 RTK,1ZN7L4R0H1D00F,1W9DL31001461C,1ZMLH8300204F0,1Z6PH74DAP0QN7,"Corona, CA",728.3,5.7,137.7,8.547347,2.013246,0,0,DJI Matrice 300 RTK,M300 RTK,1ZN7L4R0H1D00F,1W9DL31001461C,1ZMLH8300204F0,1Z6PH74DAP0QN7,DJI Pilot,Android,7.0.2,1EF72A62-B7C3-C88D-164E-CE6F8C8424AE,1ZN7L4R0H1D00F,1W9DL31001461C,,1ZMLH8300204F0,1W9DL31001461C,,,,,
2023-11-01,11:31:46.44 AM,7m 24.1s,444.1,33.7987670428836,-117.4751437222391,70.2,137.7,16.7,1334,3632.6,6.643372,7.161702,-4.697574,2.23694,-4.697574,1.342164,0,0.894776,-2.3,-0.2,2.3,-134.5,225.5,222.3,Tripod,Other,,20,5,True,,True,False,,Smart,RC,False,True,False,,,True,,False,False,False,False,False,False,False,False,False,False,0,Follow Yaw,-77.9,0,-142.7,217.3,False,False,False,False,False,,0,0,False,False,No Card,100,100,1024,1382,904,1024,2,False,False,False,False,False,0,False,False,False,False,76,,46.944,,7633,,10044,,46.944,,True,3.911,3.911,3.911,3.911,3.911,3.911,3.911,3.911,3.911,3.911,3.911,3.911,0,,False,False,True,,,,,,,,,,,,,,,False,False,18.83,,99.3,,75.7,,99.3,,1455,96,7,21,7,142020.5,18936.06,,Idle,,20,,10,,,20,Go Home,False,False,False,False,False,False,False,False,False,False,False,False,33.8027920380556,-117.4659261431046,3156.6,3156.6,1049.4,396.9,True,1,1,False,False,False,False,,True,False,False,Course Lock,196.8,67,16.4,93,E,SW,2.46,11.4,Calm,False,False,Android,7.0.2,M300 RTK,1ZN7L4R0H1D00F,1W9DL31001461C,1ZMLH8300204F0,1Z6PH74DAP0QN7,"Corona, CA",728.3,5.7,137.7,8.547347,2.013246,0,0,DJI Matrice 300 RTK,M300 RTK,1ZN7L4R0H1D00F,1W9DL31001461C,1ZMLH8300204F0,1Z6PH74DAP0QN7,DJI Pilot,Android,7.0.2,1EF72A62-B7C3-C88D-164E-CE6F8C8424AE,1ZN7L4R0H1D00F,1W9DL31001461C,,1ZMLH8300204F0,1W9DL31001461C,,,,,
2023-11-01,11:31:46.54 AM,7m 24.2s,444.2,33.7987650554471,-117.4751460163865,70.2,137.7,16.7,1334,3633.6,6.643372,7.161702,-4.697574,2.23694,-4.697574,1.342164,0,0.894776,-2.3,-0.3,2.3,-134.6,225.4,223.8,Tripod,Other,,20,5,True,,True,False,,Smart,RC,False,True,False,,,True,,False,False,False,False,False,False,False,False,False,False,0,Follow Yaw,-77.9,0,-142.7,217.3,False,False,False,False,False,,0,0,False,False,No Card,100,100,1024,1382,905,1024,2,False,False,False,False,False,0,False,False,False,False,76,,46.944,,7633,,10044,,46.944,,True,3.911,3.911,3.911,3.911,3.911,3.911,3.911,3.911,3.911,3.911,3.911,3.911,0,,False,False,True,,,,,,,,,,,,,,,False,False,18.83,,99.3,,75.7,,99.3,,1455,96,7,21,7,142020.5,18936.06,,Idle,,20,,10,,,20,Go Home,False,False,False,False,False,False,False,False,False,False,False,False,33.8027920380556,-117.4659261431046,3157.5,3157.5,1049.4,396.9,True,1,1,False,False,False,False,,True,False,False,Course Lock,196.8,67,16.4,93,E,SW,2.46,11.4,Calm,False,False,Android,7.0.2,M300 RTK,1ZN7L4R0H1D00F,1W9DL31001461C,1ZMLH8300204F0,1Z6PH74DAP0QN7,"Corona, CA",728.3,5.7,137.7,8.547347,2.013246,0,0,DJI Matrice 300 RTK,M300 RTK,1ZN7L4R0H1D00F,1W9DL31001461C,1ZMLH8300204F0,1Z6PH74DAP0QN7,DJI Pilot,Android,7.0.2,1EF72A62-B7C3-C88D-164E-CE6F8C8424AE,1ZN7L4R0H1D00F,1W9DL31001461C,,1ZMLH8300204F0,1W9DL31001461C,,,,,
2023-11-01,11:31:46.64 AM,7m 24.3s,444.3,33.7987631118712,-117.4751482377162,70.2,137.7,16.7,1334,3634.5,6.643372,7.161702,-4.697574,2.23694,-4.697574,1.342164,0,0.894776,-2.4,-0.4,2.4,-134.6,225.4,223.5,Tripod,Other,,20,5,True,,True,False,,Smart,RC,False,True,False,,,True,,False,False,False,False,False,False,False,False,False,False,0,Follow Yaw,-77.9,0,-142.7,217.3,False,False,False,False,False,,0,0,False,False,No Card,100,100,1024,1382,905,1024,2,False,False,False,False,False,0,False,False,False,False,76,,46.944,,7633,,10044,,46.944,,True,3.914,3.914,3.914,3.914,3.914,3.914,3.914,3.914,3.914,3.914,3.914,3.914,0,,False,False,True,,,,,,,,,,,,,,,False,False,18.83,,99.3,,75.7,,99.3,,1454,97,7,21,7,141659.4,18887.92,,Idle,,20,,10,,,20,Go Home,False,False,False,False,False,False,False,False,False,False,False,False,33.8027920380556,-117.4659261431046,3158.5,3158.5,1049.4,396.9,True,1,1,False,False,False,False,,True,False,False,Course Lock,196.8,67,16.4,93,E,SW,2.46,11.4,Calm,False,False,Android,7.0.2,M300 RTK,1ZN7L4R0H1D00F,1W9DL31001461C,1ZMLH8300204F0,1Z6PH74DAP0QN7,"Corona, CA",728.3,5.7,137.7,8.547347,2.013246,0,0,DJI Matrice 300 RTK,M300 RTK,1ZN7L4R0H1D00F,1W9DL31001461C,1ZMLH8300204F0,1Z6PH74DAP0QN7,DJI Pilot,Android,7.0.2,1EF72A62-B7C3-C88D-164E-CE6F8C8424AE,1ZN7L4R0H1D00F,1W9DL31001461C,,1ZMLH8300204F0,1W9DL31001461C,,,,,
2023-11-01,11:31:46.74 AM,7m 24.4s,444.4,33.798761010671,-117.4751506536043,70.2,137.7,16.4,1334,3635.6,6.643372,7.161702,-4.697574,2.23694,-4.697574,1.342164,0,0.894776,-2.4,-0.4,2.4,-134.6,225.4,223.6,Tripod,Other,,20,5,True,,True,False,,Smart,RC,False,True,False,,,True,,False,False,False,False,False,False,False,False,False,False,0,Follow Yaw,-77.9,0,-142.7,217.3,False,False,False,False,False,,0,0,False,False,No Card,100,100,1024,1383,901,1024,2,False,False,False,False,False,0,False,False,False,False,76,,46.944,,7633,,10044,,46.944,,True,3.914,3.914,3.914,3.914,3.914,3.914,3.914,3.914,3.914,3.914,3.914,3.914,0,,False,False,True,,,,,,,,,,,,,,,False,False,18.83,,99.3,,75.7,,99.3,,1454,97,7,21,7,141659.4,18887.92,,Idle,,20,,10,,,20,Go Home,False,False,False,False,False,False,False,False,False,False,False,False,33.8027920380556,-117.4659261431046,3159.5,3159.5,1049.4,396.9,True,1,1,False,False,False,False,,True,False,False,Course Lock,196.8,67,16.4,93,E,SW,2.46,11.4,Calm,False,False,Android,7.0.2,M300 RTK,1ZN7L4R0H1D00F,1W9DL31001461C,1ZMLH8300204F0,1Z6PH74DAP0QN7,"Corona, CA",728.3,5.7,137.7,8.547347,2.013246,0,0,DJI Matrice 300 RTK,M300 RTK,1ZN7L4R0H1D00F,1W9DL31001461C,1ZMLH8300204F0,1Z6PH74DAP0QN7,DJI Pilot,Android,7.0.2,1EF72A62-B7C3-C88D-164E-CE6F8C8424AE,1ZN7L4R0H1D00F,1W9DL31001461C,,1ZMLH8300204F0,1W9DL31001461C,,,,,
2023-11-01,11:31:46.84 AM,7m 24.5s,444.5,33.79875914111,-117.475152835577,70.2,137.7,16.7,1334,3636.6,6.643372,7.161702,-4.697574,2.23694,-4.697574,1.342164,0,0.894776,-2.4,-0.3,2.4,-134.6,225.4,224.1,Tripod,Other,,20,5,True,,True,False,,Smart,RC,False,True,False,,,True,,False,False,False,False,False,False,False,False,False,False,0,Follow Yaw,-77.9,0,-142.7,217.3,False,False,False,False,False,,0,0,False,False,No Card,100,100,1024,1383,886,1066,2,False,False,False,False,False,0,False,False,False,False,76,,46.944,,7633,,10044,,46.944,,True,3.914,3.914,3.914,3.914,3.914,3.914,3.914,3.914,3.914,3.914,3.914,3.914,0,,False,False,True,,,,,,,,,,,,,,,False,False,18.83,,99.3,,75.7,,99.3,,1454,97,7,21,7,141659.4,18887.92,,Idle,,20,,10,,,20,Go Home,False,False,False,False,False,False,False,False,False,False,False,False,33.8027920380556,-117.4659261431046,3160.4,3160.4,1049.4,396.9,True,1,1,False,False,False,False,,True,False,False,Course Lock,196.8,67,16.4,93,E,SW,2.46,11.4,Calm,False,False,Android,7.0.2,M300 RTK,1ZN7L4R0H1D00F,1W9DL31001461C,1ZMLH8300204F0,1Z6PH74DAP0QN7,"Corona, CA",728.3,5.7,137.7,8.547347,2.013246,0,0,DJI Matrice 300 RTK,M300 RTK,1ZN7L4R0H1D00F,1W9DL31001461C,1ZMLH8300204F0,1Z6PH74DAP0QN7,DJI Pilot,Android,7.0.2,1EF72A62-B7C3-C88D-164E-CE6F8C8424AE,1ZN7L4R0H1D00F,1W9DL31001461C,,1ZMLH8300204F0,1W9DL31001461C,,,,,
2023-11-01,11:31:46.94 AM,7m 24.6s,444.6,33.798757144353,-117.475155130549,70.2,137.7,16.7,1334,3637.6,6.643372,7.161702,-4.697574,2.23694,-4.697574,1.342164,0,0.894776,-2.3,-0.2,2.3,-134.5,225.5,223.6,Tripod,Other,,20,5,True,,True,False,,Smart,RC,False,True,False,,,True,,False,False,False,False,False,False,False,False,False,False,0,Follow Yaw,-77.9,0,-142.7,217.3,False,False,False,False,False,,0,0,False,False,No Card,100,100,1024,1383,877,1085,2,False,False,False,False,False,0,False,False,False,False,76,,46.944,,7633,,10044,,46.944,,True,3.914,3.914,3.914,3.914,3.914,3.914,3.914,3.914,3.914,3.914,3.914,3.914,0,,False,False,True,,,,,,,,,,,,,,,False,False,18.83,,99.3,,75.7,,99.3,,1454,97,7,21,7,141659.4,18887.92,,Idle,,20,,10,,,20,Go Home,False,False,False,False,False,False,False,False,False,False,False,False,33.8027920380556,-117.4659261431046,3161.3,3161.3,1049.4,396.9,True,1,1,False,False,False,False,,True,False,False,Course Lock,196.8,67,16.4,93,E,SW,2.46,11.4,Calm,False,False,Android,7.0.2,M300 RTK,1ZN7L4R0H1D00F,1W9DL31001461C,1ZMLH8300204F0,1Z6PH74DAP0QN7,"Corona, CA",728.3,5.7,137.7,8.547347,2.013246,0,0,DJI Matrice 300 RTK,M300 RTK,1ZN7L4R0H1D00F,1W9DL31001461C,1ZMLH8300204F0,1Z6PH74DAP0QN7,DJI Pilot,Android,7.0.2,1EF72A62-B7C3-C88D-164E-CE6F8C8424AE,1ZN7L4R0H1D00F,1W9DL31001461C,,1ZMLH8300204F0,1W9DL31001461C,,,,,
2023-11-01,11:31:47.04 AM,7m 24.7s,444.7,33.7987550990752,-117.4751574627133,70.2,137.7,16.7,1334,3638.6,6.643372,7.161702,-4.697574,2.23694,-4.697574,1.342164,0,0.894776,-2.1,0,2.1,-134.5,225.5,223.4,Tripod,Other,,20,5,True,,True,False,,Smart,RC,False,True,False,,,True,,False,False,False,False,False,False,False,False,False,False,0,Follow Yaw,-77.9,0,-142.6,217.4,False,False,False,False,False,,0,0,False,False,No Card,100,100,1024,1383,884,1053,2,False,False,False,False,False,0,False,False,False,False,76,,46.944,,7633,,10044,,46.944,,True,3.914,3.914,3.914,3.914,3.914,3.914,3.914,3.914,3.914,3.914,3.914,3.914,0,,False,False,True,,,,,,,,,,,,,,,False,False,18.83,,99.3,,75.7,,99.3,,1454,97,7,21,7,141659.4,18887.92,,Idle,,20,,10,,,20,Go Home,False,False,False,False,False,False,False,False,False,False,False,False,33.8027920380556,-117.4659261431046,3162.3,3162.3,1049.4,396.9,True,1,1,False,False,False,False,,True,False,False,Course Lock,196.8,67,16.4,93,E,SW,2.46,11.4,Calm,False,False,Android,7.0.2,M300 RTK,1ZN7L4R0H1D00F,1W9DL31001461C,1ZMLH8300204F0,1Z6PH74DAP0QN7,"Corona, CA",728.3,5.7,137.7,8.547347,2.013246,0,0,DJI Matrice 300 RTK,M300 RTK,1ZN7L4R0H1D00F,1W9DL31001461C,1ZMLH8300204F0,1Z6PH74DAP0QN7,DJI Pilot,Android,7.0.2,1EF72A62-B7C3-C88D-164E-CE6F8C8424AE,1ZN7L4R0H1D00F,1W9DL31001461C,,1ZMLH8300204F0,1W9DL31001461C,,,,,
2023-11-01,11:31:47.14 AM,7m 24.8s,444.8,33.7987531047854,-117.4751597714571,70.2,137.7,16.7,1334,3639.6,6.643372,7.161702,-4.697574,2.23694,-4.697574,1.342164,0,0.894776,-2.1,0.1,2.1,-134.5,225.5,223.8,Tripod,Other,,20,5,True,,True,False,,Smart,RC,False,True,False,,,True,,False,False,False,False,False,False,False,False,False,False,0,Follow Yaw,-77.9,0,-142.5,217.5,False,False,False,False,False,,0,0,False,False,No Card,100,100,1024,1384,890,1035,2,False,False,False,False,False,0,False,False,False,False,76,,46.944,,7633,,10044,,46.944,,True,3.914,3.914,3.914,3.914,3.914,3.914,3.914,3.914,3.914,3.914,3.914,3.914,0,,False,False,True,,,,,,,,,,,,,,,False,False,18.83,,99.3,,75.7,,99.3,,1454,97,7,21,7,141659.4,18887.92,,Idle,,20,,10,,,20,Go Home,False,False,False,False,False,False,False,False,False,False,False,False,33.8027920380556,-117.4659261431046,3163.3,3163.3,1049.4,396.9,True,1,1,False,False,False,False,,True,False,False,Course Lock,196.8,67,16.4,93,E,SW,2.46,11.4,Calm,False,False,Android,7.0.2,M300 RTK,1ZN7L4R0H1D00F,1W9DL31001461C,1ZMLH8300204F0,1Z6PH74DAP0QN7,"Corona, CA",728.3,5.7,137.7,8.547347,2.013246,0,0,DJI Matrice 300 RTK,M300 RTK,1ZN7L4R0H1D00F,1W9DL31001461C,1ZMLH8300204F0,1Z6PH74DAP0QN7,DJI Pilot,Android,7.0.2,1EF72A62-B7C3-C88D-164E-CE6F8C8424AE,1ZN7L4R0H1D00F,1W9DL31001461C,,1ZMLH8300204F0,1W9DL31001461C,,,,,
2023-11-01,11:31:47.24 AM,7m 24.9s,444.9,33.7987511052872,-117.4751622619359,70.2,137.7,16.7,1334,3640.7,6.643372,7.161702,-4.697574,2.23694,-4.697574,1.342164,0,0.894776,-2,0,2,-134.5,225.5,225.9,Tripod,Other,,20,5,True,,True,False,,Smart,RC,False,True,False,,,True,,False,False,False,False,False,False,False,False,False,False,0,Follow Yaw,-77.9,0,-142.5,217.5,False,False,False,False,False,,0,0,False,False,No Card,100,100,1024,1382,891,1055,2,False,False,False,False,False,0,False,False,False,False,76,,46.944,,7633,,10044,,46.944,,True,3.914,3.914,3.914,3.914,3.914,3.914,3.914,3.914,3.914,3.914,3.914,3.914,0,,False,False,True,,,,,,,,,,,,,,,False,False,18.83,,99.3,,75.7,,99.3,,1454,97,7,21,7,141659.4,18887.92,,Idle,,20,,10,,,20,Go Home,False,False,False,False,False,False,False,False,False,False,False,False,33.8027920380556,-117.4659261431046,3164.3,3164.3,1049.4,396.9,True,1,1,False,False,False,False,,True,False,False,Course Lock,196.8,67,16.4,93,E,SW,2.46,11.4,Calm,False,False,Android,7.0.2,M300 RTK,1ZN7L4R0H1D00F,1W9DL31001461C,1ZMLH8300204F0,1Z6PH74DAP0QN7,"Corona, CA",728.3,5.7,137.7,8.547347,2.013246,0,0,DJI Matrice 300 RTK,M300 RTK,1ZN7L4R0H1D00F,1W9DL31001461C,1ZMLH8300204F0,1Z6PH74DAP0QN7,DJI Pilot,Android,7.0.2,1EF72A62-B7C3-C88D-164E-CE6F8C8424AE,1ZN7L4R0H1D00F,1W9DL31001461C,,1ZMLH8300204F0,1W9DL31001461C,,,,,
2023-11-01,11:31:47.34 AM,7m 25.0s,445.0,33.7987491230591,-117.4751645962236,70.2,137.7,16.7,1334,3641.7,6.643372,7.161702,-4.697574,2.23694,-4.697574,1.342164,0,0.894776,-2.1,-0.2,2.1,-134.4,225.6,224.3,Tripod,Other,,20,5,True,,True,False,,Smart,RC,False,True,False,,,True,,False,False,False,False,False,False,False,False,False,False,0,Follow Yaw,-77.9,0,-142.5,217.5,False,False,False,False,False,,0,0,False,False,No Card,100,100,1024,1383,884,1088,2,False,False,False,False,False,0,False,False,False,False,76,,46.872,,3789,,4986,,46.872,,True,3.914,3.914,3.914,3.914,3.914,3.914,3.914,3.914,3.914,3.914,3.914,3.914,0,,False,False,True,,,,,,,,,,,,,,,False,False,9.51,,99.3,,75.7,,99.3,,1454,97,7,21,7,141659.4,18887.92,,Idle,,20,,10,,,20,Go Home,False,False,False,False,False,False,False,False,False,False,False,False,33.8027920380556,-117.4659261431046,3165.2,3165.2,1049.4,396.9,True,1,1,False,False,False,False,,True,False,False,Course Lock,196.8,67,16.4,93,E,SW,2.46,11.4,Calm,False,False,Android,7.0.2,M300 RTK,1ZN7L4R0H1D00F,1W9DL31001461C,1ZMLH8300204F0,1Z6PH74DAP0QN7,"Corona, CA",728.3,5.7,137.7,8.547347,2.013246,0,0,DJI Matrice 300 RTK,M300 RTK,1ZN7L4R0H1D00F,1W9DL31001461C,1ZMLH8300204F0,1Z6PH74DAP0QN7,DJI Pilot,Android,7.0.2,1EF72A62-B7C3-C88D-164E-CE6F8C8424AE,1ZN7L4R0H1D00F,1W9DL31001461C,,1ZMLH8300204F0,1W9DL31001461C,,,,,
2023-11-01,11:31:47.41 AM,7m 25.1s,445.1,33.7987473053085,-117.4751668931336,69.8,137.7,16.7,1334,3642.6,6.643372,7.161702,-4.697574,2.23694,-4.697574,1.342164,0,0.894776,-2.2,-0.3,2.2,-134.4,225.6,226.3,Tripod,Other,,20,5,True,,True,False,,Smart,RC,False,True,False,,,True,,False,False,False,False,False,False,False,False,False,False,0,Follow Yaw,-77.9,0,-142.4,217.6,False,False,False,False,False,,0,0,False,False,No Card,100,100,1024,1383,884,1088,2,False,False,False,False,False,0,False,False,False,False,76,,46.872,,3789,,4986,,46.872,,True,3.914,3.914,3.914,3.914,3.914,3.914,3.914,3.914,3.914,3.914,3.914,3.914,0,,False,False,True,,,,,,,,,,,,,,,False,False,9.51,,99.3,,75.7,,99.3,,1454,97,7,21,7,141659.4,18887.92,,Idle,,20,,10,,,20,Go Home,False,False,False,False,False,False,False,False,False,False,False,False,33.8027920380556,-117.4659261431046,3166.1,3166.1,1049.4,396.9,True,1,1,False,False,False,False,,True,False,False,Course Lock,196.8,67,16.4,93,E,SW,2.46,11.4,Calm,False,False,Android,7.0.2,M300 RTK,1ZN7L4R0H1D00F,1W9DL31001461C,1ZMLH8300204F0,1Z6PH74DAP0QN7,"Corona, CA",728.3,5.7,137.7,8.547347,2.013246,0,0,DJI Matrice 300 RTK,M300 RTK,1ZN7L4R0H1D00F,1W9DL31001461C,1ZMLH8300204F0,1Z6PH74DAP0QN7,DJI Pilot,Android,7.0.2,1EF72A62-B7C3-C88D-164E-CE6F8C8424AE,1ZN7L4R0H1D00F,1W9DL31001461C,,1ZMLH8300204F0,1W9DL31001461C,,,,,
2023-11-01,11:31:47.54 AM,7m 25.2s,445.2,33.7987453441883,-117.4751692260401,69.8,137.7,16.7,1334,3643.6,6.643372,7.161702,-4.697574,2.23694,-4.697574,1.342164,0,0.894776,-2.3,-0.2,2.3,-134.3,225.7,224.6,Tripod,Other,,20,5,True,,True,False,,Smart,RC,False,True,False,,,True,,False,False,False,False,False,False,False,False,False,False,0,Follow Yaw,-77.9,0,-142.4,217.6,False,False,False,False,False,,0,0,False,False,No Card,100,100,1024,1382,885,1088,2,False,False,False,False,False,0,False,False,False,False,76,,46.872,,3789,,4986,,46.872,,True,3.914,3.914,3.914,3.914,3.914,3.914,3.914,3.914,3.914,3.914,3.914,3.914,0,,False,False,True,,,,,,,,,,,,,,,False,False,9.51,,99.3,,75.7,,99.3,,1454,97,7,21,7,141659.4,18887.92,,Idle,,20,,10,,,20,Go Home,False,False,False,False,False,False,False,False,False,False,False,False,33.8027920380556,-117.4659261431046,3167.1,3167.1,1049.4,396.9,True,1,1,False,False,False,False,,True,False,False,Course Lock,196.8,67,16.4,93,E,SW,2.46,11.4,Calm,False,False,Android,7.0.2,M300 RTK,1ZN7L4R0H1D00F,1W9DL31001461C,1ZMLH8300204F0,1Z6PH74DAP0QN7,"Corona, CA",728.3,5.7,137.7,8.547347,2.013246,0,0,DJI Matrice 300 RTK,M300 RTK,1ZN7L4R0H1D00F,1W9DL31001461C,1ZMLH8300204F0,1Z6PH74DAP0QN7,DJI Pilot,Android,7.0.2,1EF72A62-B7C3-C88D-164E-CE6F8C8424AE,1ZN7L4R0H1D00F,1W9DL31001461C,,1ZMLH8300204F0,1W9DL31001461C,,,,,
2023-11-01,11:31:47.64 AM,7m 25.3s,445.3,33.7987433238563,-117.4751713424728,69.8,137.7,16.7,1334,3644.6,6.643372,7.161702,-4.697574,2.23694,-4.697574,1.342164,0,0.894776,-2.4,0,2.4,-134.3,225.7,221.0,Tripod,Other,,20,5,True,,True,False,,Smart,RC,False,True,False,,,True,,False,False,False,False,False,False,False,False,False,False,0,Follow Yaw,-77.9,0,-142.3,217.7,False,False,False,False,False,,0,0,False,False,No Card,100,100,1024,1381,887,1085,2,False,False,False,False,False,0,False,False,False,False,76,,46.872,,3789,,4986,,46.872,,True,3.908,3.908,3.908,3.908,3.908,3.908,3.908,3.908,3.908,3.908,3.908,3.908,0,,False,False,True,,,,,,,,,,,,,,,False,False,9.51,,99.3,,75.7,,99.3,,1454,97,7,21,7,141411.3,18854.84,,Idle,,20,,10,,,20,Go Home,False,False,False,False,False,False,False,False,False,False,False,False,33.8027920380556,-117.4659261431046,3168.0,3168.0,1049.4,396.9,True,1,1,False,False,False,False,,True,False,False,Course Lock,196.8,67,16.4,93,E,SW,2.46,11.4,Calm,False,False,Android,7.0.2,M300 RTK,1ZN7L4R0H1D00F,1W9DL31001461C,1ZMLH8300204F0,1Z6PH74DAP0QN7,"Corona, CA",728.3,5.7,137.7,8.547347,2.013246,0,0,DJI Matrice 300 RTK,M300 RTK,1ZN7L4R0H1D00F,1W9DL31001461C,1ZMLH8300204F0,1Z6PH74DAP0QN7,DJI Pilot,Android,7.0.2,1EF72A62-B7C3-C88D-164E-CE6F8C8424AE,1ZN7L4R0H1D00F,1W9DL31001461C,,1ZMLH8300204F0,1W9DL31001461C,,,,,
2023-11-01,11:31:47.72 AM,7m 25.4s,445.4,33.7987413662998,-117.4751736634217,69.8,137.7,16.7,1334,3645.6,6.643372,7.161702,-4.697574,2.23694,-4.697574,1.342164,0,0.894776,-2.5,0,2.5,-134.2,225.8,224.5,Tripod,Other,,20,5,True,,True,False,,Smart,RC,False,True,False,,,True,,False,False,False,False,False,False,False,False,False,False,0,Follow Yaw,-77.9,0,-142.2,217.8,False,False,False,False,False,,0,0,False,False,No Card,100,100,1024,1380,896,1059,2,False,False,False,False,False,0,False,False,False,False,76,,46.872,,3789,,4986,,46.872,,True,3.908,3.908,3.908,3.908,3.908,3.908,3.908,3.908,3.908,3.908,3.908,3.908,0,,False,False,True,,,,,,,,,,,,,,,False,False,9.51,,99.3,,75.7,,99.3,,1454,97,7,21,7,141411.3,18854.84,,Idle,,20,,10,,,20,Go Home,False,False,False,False,False,False,False,False,False,False,False,False,33.8027920380556,-117.4659261431046,3169.0,3169.0,1049.4,396.9,True,1,1,False,False,False,False,,True,False,False,Course Lock,196.8,67,16.4,93,E,SW,2.46,11.4,Calm,False,False,Android,7.0.2,M300 RTK,1ZN7L4R0H1D00F,1W9DL31001461C,1ZMLH8300204F0,1Z6PH74DAP0QN7,"Corona, CA",728.3,5.7,137.7,8.547347,2.013246,0,0,DJI Matrice 300 RTK,M300 RTK,1ZN7L4R0H1D00F,1W9DL31001461C,1ZMLH8300204F0,1Z6PH74DAP0QN7,DJI Pilot,Android,7.0.2,1EF72A62-B7C3-C88D-164E-CE6F8C8424AE,1ZN7L4R0H1D00F,1W9DL31001461C,,1ZMLH8300204F0,1W9DL31001461C,,,,,
2023-11-01,11:31:47.84 AM,7m 25.5s,445.5,33.7987394770015,-117.4751761175947,69.8,137.7,16.7,1334,3646.6,6.643372,7.161702,-4.697574,2.23694,-4.697574,1.342164,0,0.894776,-2.5,-0.1,2.5,-134.1,225.9,227.1,Tripod,Other,,20,5,True,,True,False,,Smart,RC,False,True,False,,,True,,False,False,False,False,False,False,False,False,False,False,0,Follow Yaw,-77.9,0,-142.1,217.9,False,False,False,False,False,,0,0,False,False,No Card,100,100,1024,1382,895,1056,2,False,False,False,False,False,0,False,False,False,False,76,,46.872,,3789,,4986,,46.872,,True,3.908,3.908,3.908,3.908,3.908,3.908,3.908,3.908,3.908,3.908,3.908,3.908,0,,False,False,True,,,,,,,,,,,,,,,False,False,9.51,,99.3,,75.7,,99.3,,1454,97,7,21,7,141411.3,18854.84,,Idle,,20,,10,,,20,Go Home,False,False,False,False,False,False,False,False,False,False,False,False,33.8027920380556,-117.4659261431046,3170.0,3170.0,1049.4,396.9,True,1,1,False,False,False,False,,True,False,False,Course Lock,196.8,67,16.4,93,E,SW,2.46,11.4,Calm,False,False,Android,7.0.2,M300 RTK,1ZN7L4R0H1D00F,1W9DL31001461C,1ZMLH8300204F0,1Z6PH74DAP0QN7,"Corona, CA",728.3,5.7,137.7,8.547347,2.013246,0,0,DJI Matrice 300 RTK,M300 RTK,1ZN7L4R0H1D00F,1W9DL31001461C,1ZMLH8300204F0,1Z6PH74DAP0QN7,DJI Pilot,Android,7.0.2,1EF72A62-B7C3-C88D-164E-CE6F8C8424AE,1ZN7L4R0H1D00F,1W9DL31001461C,,1ZMLH8300204F0,1W9DL31001461C,,,,,
2023-11-01,11:31:47.93 AM,7m 25.6s,445.6,33.7987375290395,-117.4751784606032,69.8,137.7,16.7,1334,3647.6,6.643372,7.161702,-4.697574,2.23694,-4.697574,1.342164,0,0.894776,-2.5,-0.2,2.5,-134,226,224.9,Tripod,Other,,20,5,True,,True,False,,Smart,RC,False,True,False,,,True,,False,False,False,False,False,False,False,False,False,False,0,Follow Yaw,-77.9,0,-142.1,217.9,False,False,False,False,False,,0,0,False,False,No Card,100,100,1024,1383,892,1060,2,False,False,False,False,False,0,False,False,False,False,76,,46.872,,3789,,4986,,46.872,,True,3.908,3.908,3.908,3.908,3.908,3.908,3.908,3.908,3.908,3.908,3.908,3.908,0,,False,False,True,,,,,,,,,,,,,,,False,False,9.51,,99.3,,75.7,,99.3,,1454,97,7,21,7,141411.3,18854.84,,Idle,,20,,10,,,20,Go Home,False,False,False,False,False,False,False,False,False,False,False,False,33.8027920380556,-117.4659261431046,3170.9,3170.9,1049.4,396.9,True,1,1,False,False,False,False,,True,False,False,Course Lock,196.8,67,16.4,93,E,SW,2.46,11.4,Calm,False,False,Android,7.0.2,M300 RTK,1ZN7L4R0H1D00F,1W9DL31001461C,1ZMLH8300204F0,1Z6PH74DAP0QN7,"Corona, CA",728.3,5.7,137.7,8.547347,2.013246,0,0,DJI Matrice 300 RTK,M300 RTK,1ZN7L4R0H1D00F,1W9DL31001461C,1ZMLH8300204F0,1Z6PH74DAP0QN7,DJI Pilot,Android,7.0.2,1EF72A62-B7C3-C88D-164E-CE6F8C8424AE,1ZN7L4R0H1D00F,1W9DL31001461C,,1ZMLH8300204F0,1W9DL31001461C,,,,,
2023-11-01,11:31:48.03 AM,7m 25.7s,445.7,33.7987356120542,-117.4751808951699,69.8,137.7,16.7,1334,3648.6,6.643372,7.161702,-4.697574,2.23694,-4.697574,1.342164,0,0.894776,-2.5,-0.3,2.5,-133.9,226.1,226.5,Tripod,Other,,20,5,True,,True,False,,Smart,RC,False,True,False,,,True,,False,False,False,False,False,False,False,False,False,False,0,Follow Yaw,-77.9,0,-142,218,False,False,False,False,False,,0,0,False,False,No Card,100,100,1024,1381,891,1061,2,False,False,False,False,False,0,False,False,False,False,76,,46.872,,3789,,4986,,46.872,,True,3.908,3.908,3.908,3.908,3.908,3.908,3.908,3.908,3.908,3.908,3.908,3.908,0,,False,False,True,,,,,,,,,,,,,,,False,False,9.51,,99.3,,75.7,,99.3,,1454,97,7,21,7,141411.3,18854.84,,Idle,,20,,10,,,20,Go Home,False,False,False,False,False,False,False,False,False,False,False,False,33.8027920380556,-117.4659261431046,3171.9,3171.9,1049.4,396.9,True,1,1,False,False,False,False,,True,False,False,Course Lock,196.8,67,16.4,93,E,SW,2.46,11.4,Calm,False,False,Android,7.0.2,M300 RTK,1ZN7L4R0H1D00F,1W9DL31001461C,1ZMLH8300204F0,1Z6PH74DAP0QN7,"Corona, CA",728.3,5.7,137.7,8.547347,2.013246,0,0,DJI Matrice 300 RTK,M300 RTK,1ZN7L4R0H1D00F,1W9DL31001461C,1ZMLH8300204F0,1Z6PH74DAP0QN7,DJI Pilot,Android,7.0.2,1EF72A62-B7C3-C88D-164E-CE6F8C8424AE,1ZN7L4R0H1D00F,1W9DL31001461C,,1ZMLH8300204F0,1W9DL31001461C,,,,,
2023-11-01,11:31:48.14 AM,7m 25.8s,445.8,33.7987336638181,-117.4751832550428,69.8,137.7,16.7,1334,3649.7,6.643372,7.161702,-4.697574,2.23694,-4.697574,1.342164,0,0.894776,-2.5,-0.3,2.5,-133.9,226.1,225.1,Tripod,Other,,20,5,True,,True,False,,Smart,RC,False,True,False,,,True,,False,False,False,False,False,False,False,False,False,False,0,Follow Yaw,-77.9,0,-142,218,False,False,False,False,False,,0,0,False,False,No Card,100,100,1024,1381,894,1059,2,False,False,False,False,False,0,False,False,False,False,76,,46.872,,3789,,4986,,46.872,,True,3.908,3.908,3.908,3.908,3.908,3.908,3.908,3.908,3.908,3.908,3.908,3.908,0,,False,False,True,,,,,,,,,,,,,,,False,False,9.51,,99.3,,75.7,,99.3,,1454,97,7,21,7,141411.3,18854.84,,Idle,,20,,10,,,20,Go Home,False,False,False,False,False,False,False,False,False,False,False,False,33.8027920380556,-117.4659261431046,3172.9,3172.9,1049.4,396.9,True,1,1,False,False,False,False,,True,False,False,Course Lock,196.8,67,16.4,93,E,SW,2.46,11.4,Calm,False,False,Android,7.0.2,M300 RTK,1ZN7L4R0H1D00F,1W9DL31001461C,1ZMLH8300204F0,1Z6PH74DAP0QN7,"Corona, CA",728.3,5.7,137.7,8.547347,2.013246,0,0,DJI Matrice 300 RTK,M300 RTK,1ZN7L4R0H1D00F,1W9DL31001461C,1ZMLH8300204F0,1Z6PH74DAP0QN7,DJI Pilot,Android,7.0.2,1EF72A62-B7C3-C88D-164E-CE6F8C8424AE,1ZN7L4R0H1D00F,1W9DL31001461C,,1ZMLH8300204F0,1W9DL31001461C,,,,,
2023-11-01,11:31:48.24 AM,7m 25.9s,445.9,33.7987315486373,-117.475185671838,69.8,137.7,16.7,1334,3650.7,6.643372,7.161702,-4.697574,2.23694,-4.697574,1.342164,0,0.894776,-2.4,-0.2,2.4,-133.8,226.2,223.5,Tripod,Other,,20,5,True,,True,False,,Smart,RC,False,True,False,,,True,,False,False,False,False,False,False,False,False,False,False,0,Follow Yaw,-77.9,0,-142,218,False,False,False,False,False,,0,0,False,False,No Card,100,100,1024,1381,897,1042,2,False,False,False,False,False,0,False,False,False,False,76,,46.872,,3789,,4986,,46.872,,True,3.908,3.908,3.908,3.908,3.908,3.908,3.908,3.908,3.908,3.908,3.908,3.908,0,,False,False,True,,,,,,,,,,,,,,,False,False,9.51,,99.3,,75.7,,99.3,,1454,97,7,21,7,141411.3,18854.84,,Idle,,20,,10,,,20,Go Home,False,False,False,False,False,False,False,False,False,False,False,False,33.8027920380556,-117.4659261431046,3173.9,3173.9,1049.4,396.9,True,1,1,False,False,False,False,,True,False,False,Course Lock,196.8,67,16.4,93,E,SW,2.46,11.4,Calm,False,False,Android,7.0.2,M300 RTK,1ZN7L4R0H1D00F,1W9DL31001461C,1ZMLH8300204F0,1Z6PH74DAP0QN7,"Corona, CA",728.3,5.7,137.7,8.547347,2.013246,0,0,DJI Matrice 300 RTK,M300 RTK,1ZN7L4R0H1D00F,1W9DL31001461C,1ZMLH8300204F0,1Z6PH74DAP0QN7,DJI Pilot,Android,7.0.2,1EF72A62-B7C3-C88D-164E-CE6F8C8424AE,1ZN7L4R0H1D00F,1W9DL31001461C,,1ZMLH8300204F0,1W9DL31001461C,,,,,
2023-11-01,11:31:48.35 AM,7m 26.0s,446.0,33.7987295864206,-117.4751880472558,69.8,137.7,16.7,1334,3651.7,6.643372,7.161702,-4.697574,2.23694,-4.697574,1.342164,0,0.894776,-2.3,-0.1,2.3,-133.7,226.3,225.1,Tripod,Other,,20,5,True,,True,False,,Smart,RC,False,True,False,,,True,,False,False,False,False,False,False,False,False,False,False,0,Follow Yaw,-77.9,0,-142,218,False,False,False,False,False,,0,0,False,False,No Card,100,100,1024,1382,900,1038,2,False,False,False,False,False,0,False,False,False,False,76,,46.908,,7633,,10044,,46.908,,True,3.908,3.908,3.908,3.908,3.908,3.908,3.908,3.908,3.908,3.908,3.908,3.908,0,,False,False,True,,,,,,,,,,,,,,,False,False,18.848,,99.3,,75.7,,99.3,,1454,97,7,21,7,141411.3,18854.84,,Idle,,20,,10,,,20,Go Home,False,False,False,False,False,False,False,False,False,False,False,False,33.8027920380556,-117.4659261431046,3174.8,3174.8,1049.4,396.9,True,1,1,False,False,False,False,,True,False,False,Course Lock,196.8,67,16.4,93,E,SW,2.46,11.4,Calm,False,False,Android,7.0.2,M300 RTK,1ZN7L4R0H1D00F,1W9DL31001461C,1ZMLH8300204F0,1Z6PH74DAP0QN7,"Corona, CA",728.3,5.7,137.7,8.547347,2.013246,0,0,DJI Matrice 300 RTK,M300 RTK,1ZN7L4R0H1D00F,1W9DL31001461C,1ZMLH8300204F0,1Z6PH74DAP0QN7,DJI Pilot,Android,7.0.2,1EF72A62-B7C3-C88D-164E-CE6F8C8424AE,1ZN7L4R0H1D00F,1W9DL31001461C,,1ZMLH8300204F0,1W9DL31001461C,,,,,
2023-11-01,11:31:48.45 AM,7m 26.1s,446.1,33.7987278155461,-117.4751904394554,69.8,137.7,16.7,1334,3652.7,6.643372,7.161702,-4.697574,2.23694,-4.697574,1.342164,0,0.894776,-2.3,-0.1,2.3,-133.7,226.3,228.3,Tripod,Other,,20,5,True,,True,False,,Smart,RC,False,True,False,,,True,,False,False,False,False,False,False,False,False,False,False,0,Follow Yaw,-77.9,0,-142,218,False,False,False,False,False,,0,0,False,False,No Card,100,100,1024,1381,899,1038,2,False,False,False,False,False,0,False,False,False,False,76,,46.908,,7633,,10044,,46.908,,True,3.908,3.908,3.908,3.908,3.908,3.908,3.908,3.908,3.908,3.908,3.908,3.908,0,,False,False,True,,,,,,,,,,,,,,,False,False,18.848,,99.3,,75.7,,99.3,,1454,97,7,21,7,141411.3,18854.84,,Idle,,20,,10,,,20,Go Home,False,False,False,False,False,False,False,False,False,False,False,False,33.8027920380556,-117.4659261431046,3175.8,3175.8,1049.4,396.9,True,1,1,False,False,False,False,,True,False,False,Course Lock,196.8,67,16.4,93,E,SW,2.46,11.4,Calm,False,False,Android,7.0.2,M300 RTK,1ZN7L4R0H1D00F,1W9DL31001461C,1ZMLH8300204F0,1Z6PH74DAP0QN7,"Corona, CA",728.3,5.7,137.7,8.547347,2.013246,0,0,DJI Matrice 300 RTK,M300 RTK,1ZN7L4R0H1D00F,1W9DL31001461C,1ZMLH8300204F0,1Z6PH74DAP0QN7,DJI Pilot,Android,7.0.2,1EF72A62-B7C3-C88D-164E-CE6F8C8424AE,1ZN7L4R0H1D00F,1W9DL31001461C,,1ZMLH8300204F0,1W9DL31001461C,,,,,
2023-11-01,11:31:48.55 AM,7m 26.2s,446.2,33.7987258749857,-117.4751928294697,69.8,137.7,16.7,1334,3653.7,6.6509,7.161702,-4.47388,2.23694,-4.921268,1.342164,0,0.894776,-2.2,-0.2,2.2,-133.7,226.3,225.6,Tripod,Other,,20,5,True,,True,False,,Smart,RC,False,True,False,,,True,,False,False,False,False,False,False,False,False,False,False,0,Follow Yaw,-77.9,0,-142,218,False,False,False,False,False,,0,0,False,False,No Card,100,100,1024,1381,929,1024,2,False,False,False,False,False,0,False,False,False,False,76,,46.908,,7633,,10044,,46.908,,True,3.908,3.908,3.908,3.908,3.908,3.908,3.908,3.908,3.908,3.908,3.908,3.908,0,,False,False,True,,,,,,,,,,,,,,,False,False,18.848,,99.3,,75.7,,99.3,,1454,97,7,21,7,141411.3,18854.84,,Idle,,20,,10,,,20,Go Home,False,False,False,False,False,False,False,False,False,False,False,False,33.8027920380556,-117.4659261431046,3176.8,3176.8,1049.4,396.9,True,1,1,False,False,False,False,,True,False,False,Course Lock,196.8,67,16.4,93,E,SW,2.46,11.4,Calm,False,False,Android,7.0.2,M300 RTK,1ZN7L4R0H1D00F,1W9DL31001461C,1ZMLH8300204F0,1Z6PH74DAP0QN7,"Corona, CA",728.3,5.7,137.7,8.547347,2.013246,0,0,DJI Matrice 300 RTK,M300 RTK,1ZN7L4R0H1D00F,1W9DL31001461C,1ZMLH8300204F0,1Z6PH74DAP0QN7,DJI Pilot,Android,7.0.2,1EF72A62-B7C3-C88D-164E-CE6F8C8424AE,1ZN7L4R0H1D00F,1W9DL31001461C,,1ZMLH8300204F0,1W9DL31001461C,,,,,
2023-11-01,11:31:48.66 AM,7m 26.3s,446.3,33.798723770496,-117.4751951887654,69.5,137.7,16.7,1333,3654.8,6.6509,7.161702,-4.47388,2.23694,-4.921268,1.342164,0,0.894776,-2.3,-0.5,2.3,-133.8,226.2,222.9,Tripod,Other,,20,5,True,,True,False,,Smart,RC,False,True,False,,,True,,False,False,False,False,False,False,False,False,False,False,0,Follow Yaw,-77.9,0,-142,218,False,False,False,False,False,,0,0,False,False,No Card,100,100,1024,1381,921,1024,2,False,False,False,False,False,0,False,False,False,False,76,,46.908,,7633,,10044,,46.908,,True,3.911,3.911,3.911,3.911,3.911,3.911,3.911,3.911,3.911,3.911,3.911,3.911,0,,False,False,True,,,,,,,,,,,,,,,False,False,18.848,,99.3,,75.7,,99.3,,1454,97,7,21,7,141312.8,18841.71,,Idle,,20,,10,,,20,Go Home,False,False,False,False,False,False,False,False,False,False,False,False,33.8027920380556,-117.4659261431046,3177.7,3177.7,1049.4,396.9,True,1,1,False,False,False,False,,True,False,False,Course Lock,196.8,67,16.4,93,E,SW,2.46,11.4,Calm,False,False,Android,7.0.2,M300 RTK,1ZN7L4R0H1D00F,1W9DL31001461C,1ZMLH8300204F0,1Z6PH74DAP0QN7,"Corona, CA",728.3,5.7,137.7,8.547347,2.013246,0,0,DJI Matrice 300 RTK,M300 RTK,1ZN7L4R0H1D00F,1W9DL31001461C,1ZMLH8300204F0,1Z6PH74DAP0QN7,DJI Pilot,Android,7.0.2,1EF72A62-B7C3-C88D-164E-CE6F8C8424AE,1ZN7L4R0H1D00F,1W9DL31001461C,,1ZMLH8300204F0,1W9DL31001461C,,,,,
2023-11-01,11:31:48.76 AM,7m 26.4s,446.4,33.7987218159549,-117.4751975810475,69.5,137.7,16.7,1333,3655.8,6.803387,7.161702,-4.697574,2.23694,-4.921268,1.342164,0,0.894776,-2.3,-0.7,2.4,-133.8,226.2,225.4,Tripod,Other,,20,5,True,,True,False,,Smart,RC,False,True,False,,,True,,False,False,False,False,False,False,False,False,False,False,0,Follow Yaw,-77.9,0,-142,218,False,False,False,False,False,,0,0,False,False,No Card,100,100,1024,1381,916,1024,2,False,False,False,False,False,0,False,False,False,False,76,,46.908,,7633,,10044,,46.908,,True,3.911,3.911,3.911,3.911,3.911,3.911,3.911,3.911,3.911,3.911,3.911,3.911,0,,False,False,True,,,,,,,,,,,,,,,False,False,18.848,,99.3,,75.7,,99.3,,1454,97,7,21,7,141312.8,18841.71,,Idle,,20,,10,,,20,Go Home,False,False,False,False,False,False,False,False,False,False,False,False,33.8027920380556,-117.4659261431046,3178.7,3178.7,1049.4,396.9,True,1,1,False,False,False,False,,True,False,False,Course Lock,196.8,67,16.4,93,E,SW,2.46,11.4,Calm,False,False,Android,7.0.2,M300 RTK,1ZN7L4R0H1D00F,1W9DL31001461C,1ZMLH8300204F0,1Z6PH74DAP0QN7,"Corona, CA",728.3,5.7,137.7,8.547347,2.013246,0,0,DJI Matrice 300 RTK,M300 RTK,1ZN7L4R0H1D00F,1W9DL31001461C,1ZMLH8300204F0,1Z6PH74DAP0QN7,DJI Pilot,Android,7.0.2,1EF72A62-B7C3-C88D-164E-CE6F8C8424AE,1ZN7L4R0H1D00F,1W9DL31001461C,,1ZMLH8300204F0,1W9DL31001461C,,,,,
2023-11-01,11:31:48.86 AM,7m 26.5s,446.5,33.7987200428874,-117.4752000609912,69.5,137.7,16.7,1333,3656.8,6.643372,7.161702,-4.697574,2.23694,-4.697574,1.342164,0,0.894776,-2.3,-0.8,2.4,-133.8,226.2,229.2,Tripod,Other,,20,5,True,,True,False,,Smart,RC,False,True,False,,,True,,False,False,False,False,False,False,False,False,False,False,0,Follow Yaw,-77.9,0,-142,218,False,False,False,False,False,,0,0,False,False,No Card,100,100,1024,1381,918,1024,2,False,False,False,False,False,0,False,False,False,False,76,,46.908,,7633,,10044,,46.908,,True,3.911,3.911,3.911,3.911,3.911,3.911,3.911,3.911,3.911,3.911,3.911,3.911,0,,False,False,True,,,,,,,,,,,,,,,False,False,18.848,,99.3,,75.7,,99.3,,1454,97,7,21,7,141312.8,18841.71,,Idle,,20,,10,,,20,Go Home,False,False,False,False,False,False,False,False,False,False,False,False,33.8027920380556,-117.4659261431046,3179.7,3179.7,1049.4,396.9,True,1,1,False,False,False,False,,True,False,False,Course Lock,196.8,67,16.4,93,E,SW,2.46,11.4,Calm,False,False,Android,7.0.2,M300 RTK,1ZN7L4R0H1D00F,1W9DL31001461C,1ZMLH8300204F0,1Z6PH74DAP0QN7,"Corona, CA",728.3,5.7,137.7,8.547347,2.013246,0,0,DJI Matrice 300 RTK,M300 RTK,1ZN7L4R0H1D00F,1W9DL31001461C,1ZMLH8300204F0,1Z6PH74DAP0QN7,DJI Pilot,Android,7.0.2,1EF72A62-B7C3-C88D-164E-CE6F8C8424AE,1ZN7L4R0H1D00F,1W9DL31001461C,,1ZMLH8300204F0,1W9DL31001461C,,,,,
2023-11-01,11:31:48.97 AM,7m 26.6s,446.6,33.7987180886204,-117.4752024553143,69.5,137.7,16.7,1333,3657.8,6.643372,7.161702,-4.697574,2.23694,-4.697574,1.342164,0,0.894776,-2.2,-0.7,2.3,-133.9,226.1,225.5,Tripod,Other,,21,5,True,,True,False,,Smart,RC,False,True,False,,,True,,False,False,False,False,False,False,False,False,False,False,0,Follow Yaw,-77.9,0,-142,218,False,False,False,False,False,,0,0,False,False,No Card,100,100,1024,1381,919,1024,2,False,False,False,False,False,0,False,False,False,False,76,,46.908,,7633,,10044,,46.908,,True,3.911,3.911,3.911,3.911,3.911,3.911,3.911,3.911,3.911,3.911,3.911,3.911,0,,False,False,True,,,,,,,,,,,,,,,False,False,18.848,,99.3,,75.7,,99.3,,1454,97,7,21,7,141312.8,18841.71,,Idle,,20,,10,,,20,Go Home,False,False,False,False,False,False,False,False,False,False,False,False,33.8027920380556,-117.4659261431046,3180.7,3180.7,1049.4,396.9,True,1,1,False,False,False,False,,True,False,False,Course Lock,196.8,67,16.4,93,E,SW,2.46,11.4,Calm,False,False,Android,7.0.2,M300 RTK,1ZN7L4R0H1D00F,1W9DL31001461C,1ZMLH8300204F0,1Z6PH74DAP0QN7,"Corona, CA",728.3,5.7,137.7,8.547347,2.013246,0,0,DJI Matrice 300 RTK,M300 RTK,1ZN7L4R0H1D00F,1W9DL31001461C,1ZMLH8300204F0,1Z6PH74DAP0QN7,DJI Pilot,Android,7.0.2,1EF72A62-B7C3-C88D-164E-CE6F8C8424AE,1ZN7L4R0H1D00F,1W9DL31001461C,,1ZMLH8300204F0,1W9DL31001461C,,,,,
2023-11-01,11:31:49.07 AM,7m 26.7s,446.7,33.7987162516808,-117.4752046553058,69.5,137.7,17.0,1333,3658.7,6.643372,7.161702,-4.697574,2.23694,-4.697574,1.342164,0,0.894776,-2.1,-0.6,2.1,-133.9,226.1,224.8,Tripod,Other,,21,5,True,,True,False,,Smart,RC,False,True,False,,,True,,False,False,False,False,False,False,False,False,False,False,0,Follow Yaw,-77.9,0,-142,218,False,False,False,False,False,,0,0,False,False,No Card,100,100,1024,1380,924,1024,2,False,False,False,False,False,0,False,False,False,False,76,,46.896,,3789,,4986,,46.896,,True,3.911,3.911,3.911,3.911,3.911,3.911,3.911,3.911,3.911,3.911,3.911,3.911,0,,False,False,True,,,,,,,,,,,,,,,False,False,9.422,,99.3,,75.7,,99.3,,1454,97,7,21,7,141312.8,18841.71,,Idle,,20,,10,,,20,Go Home,False,False,False,False,False,False,False,False,False,False,False,False,33.8027920380556,-117.4659261431046,3181.6,3181.6,1049.4,396.9,True,1,1,False,False,False,False,,True,False,False,Course Lock,196.8,67,16.4,93,E,SW,2.46,11.4,Calm,False,False,Android,7.0.2,M300 RTK,1ZN7L4R0H1D00F,1W9DL31001461C,1ZMLH8300204F0,1Z6PH74DAP0QN7,"Corona, CA",728.3,5.7,137.7,8.547347,2.013246,0,0,DJI Matrice 300 RTK,M300 RTK,1ZN7L4R0H1D00F,1W9DL31001461C,1ZMLH8300204F0,1Z6PH74DAP0QN7,DJI Pilot,Android,7.0.2,1EF72A62-B7C3-C88D-164E-CE6F8C8424AE,1ZN7L4R0H1D00F,1W9DL31001461C,,1ZMLH8300204F0,1W9DL31001461C,,,,,
2023-11-01,11:31:49.18 AM,7m 26.8s,446.8,33.798714299881,-117.4752070214874,69.5,137.7,17.0,1333,3659.8,6.643372,7.161702,-4.697574,2.23694,-4.697574,1.342164,0,0.894776,-2.1,-0.5,2.1,-133.9,226.1,225.2,Tripod,Other,,21,5,True,,True,False,,Smart,RC,False,True,False,,,True,,False,False,False,False,False,False,False,False,False,False,0,Follow Yaw,-77.9,0,-142,218,False,False,False,False,False,,0,0,False,False,No Card,100,100,1024,1384,926,1024,2,False,False,False,False,False,0,False,False,False,False,76,,46.896,,3789,,4986,,46.896,,True,3.911,3.911,3.911,3.911,3.911,3.911,3.911,3.911,3.911,3.911,3.911,3.911,0,,False,False,True,,,,,,,,,,,,,,,False,False,9.422,,99.3,,75.7,,99.3,,1454,97,7,21,7,141312.8,18841.71,,Idle,,20,,10,,,20,Go Home,False,False,False,False,False,False,False,False,False,False,False,False,33.8027920380556,-117.4659261431046,3182.5,3182.5,1049.4,396.9,True,1,1,False,False,False,False,,True,False,False,Course Lock,196.8,67,16.4,93,E,SW,2.46,11.4,Calm,False,False,Android,7.0.2,M300 RTK,1ZN7L4R0H1D00F,1W9DL31001461C,1ZMLH8300204F0,1Z6PH74DAP0QN7,"Corona, CA",728.3,5.7,137.7,8.547347,2.013246,0,0,DJI Matrice 300 RTK,M300 RTK,1ZN7L4R0H1D00F,1W9DL31001461C,1ZMLH8300204F0,1Z6PH74DAP0QN7,DJI Pilot,Android,7.0.2,1EF72A62-B7C3-C88D-164E-CE6F8C8424AE,1ZN7L4R0H1D00F,1W9DL31001461C,,1ZMLH8300204F0,1W9DL31001461C,,,,,
2023-11-01,11:31:49.24 AM,7m 26.9s,446.9,33.7987119755397,-117.4752096173373,69.5,137.7,16.7,1333,3660.9,6.643372,7.161702,-4.697574,2.23694,-4.697574,1.342164,0,0.894776,-2,-0.3,2,-133.9,226.1,222.8,Tripod,Other,,21,5,True,,True,False,,Smart,RC,False,True,False,,,True,,False,False,False,False,False,False,False,False,False,False,0,Follow Yaw,-77.9,0,-142,218,False,False,False,False,False,,0,0,False,False,No Card,100,100,1024,1384,924,1024,2,False,False,False,False,False,0,False,False,False,False,76,,46.896,,3789,,4986,,46.896,,True,3.911,3.911,3.911,3.911,3.911,3.911,3.911,3.911,3.911,3.911,3.911,3.911,0,,False,False,True,,,,,,,,,,,,,,,False,False,9.422,,99.3,,75.7,,99.3,,1454,97,7,21,7,141312.8,18841.71,,Idle,,20,,10,,,20,Go Home,False,False,False,False,False,False,False,False,False,False,False,False,33.8027920380556,-117.4659261431046,3183.6,3183.6,1049.4,396.9,True,1,1,False,False,False,False,,True,False,False,Course Lock,196.8,67,16.4,93,E,SW,2.46,11.4,Calm,False,False,Android,7.0.2,M300 RTK,1ZN7L4R0H1D00F,1W9DL31001461C,1ZMLH8300204F0,1Z6PH74DAP0QN7,"Corona, CA",728.3,5.7,137.7,8.547347,2.013246,0,0,DJI Matrice 300 RTK,M300 RTK,1ZN7L4R0H1D00F,1W9DL31001461C,1ZMLH8300204F0,1Z6PH74DAP0QN7,DJI Pilot,Android,7.0.2,1EF72A62-B7C3-C88D-164E-CE6F8C8424AE,1ZN7L4R0H1D00F,1W9DL31001461C,,1ZMLH8300204F0,1W9DL31001461C,,,,,
2023-11-01,11:31:49.34 AM,7m 27.0s,447.0,33.7987099859101,-117.4752119968784,69.5,137.7,17.0,1333,3661.9,6.643372,7.161702,-4.697574,2.23694,-4.697574,1.342164,0,0.894776,-2,-0.2,2,-133.9,226.1,224.8,Tripod,Other,,20,5,True,,True,False,,Smart,RC,False,True,False,,,True,,False,False,False,False,False,False,False,False,False,False,0,Follow Yaw,-77.9,0,-142,218,False,False,False,False,False,,0,0,False,False,No Card,100,100,1024,1386,922,1024,2,False,False,False,False,False,0,False,False,False,False,76,,46.932,,7633,,10044,,46.932,,True,3.911,3.911,3.911,3.911,3.911,3.911,3.911,3.911,3.911,3.911,3.911,3.911,0,,False,False,True,,,,,,,,,,,,,,,False,False,18.978,,99.3,,75.7,,99.3,,1454,97,7,21,7,141312.8,18841.71,,Idle,,20,,10,,,20,Go Home,False,False,False,False,False,False,False,False,False,False,False,False,33.8027920380556,-117.4659261431046,3184.6,3184.6,1049.4,396.9,True,1,1,False,False,False,False,,True,False,False,Course Lock,196.8,67,16.4,93,E,SW,2.46,11.4,Calm,False,False,Android,7.0.2,M300 RTK,1ZN7L4R0H1D00F,1W9DL31001461C,1ZMLH8300204F0,1Z6PH74DAP0QN7,"Corona, CA",728.3,5.7,137.7,8.547347,2.013246,0,0,DJI Matrice 300 RTK,M300 RTK,1ZN7L4R0H1D00F,1W9DL31001461C,1ZMLH8300204F0,1Z6PH74DAP0QN7,DJI Pilot,Android,7.0.2,1EF72A62-B7C3-C88D-164E-CE6F8C8424AE,1ZN7L4R0H1D00F,1W9DL31001461C,,1ZMLH8300204F0,1W9DL31001461C,,,,,
2023-11-01,11:31:49.44 AM,7m 27.1s,447.1,33.7987082281938,-117.4752143868927,69.5,137.7,17.0,1333,3662.9,6.643372,7.161702,-4.697574,2.23694,-4.697574,1.342164,0,0.894776,-2.1,-0.1,2.1,-133.8,226.2,228.4,Tripod,Other,,20,5,True,,True,False,,Smart,RC,False,True,False,,,True,,False,False,False,False,False,False,False,False,False,False,0,Follow Yaw,-77.9,0,-142,218,False,False,False,False,False,,0,0,False,False,No Card,100,100,1041,1405,922,1024,2,False,False,False,False,False,0,False,False,False,False,76,,46.932,,7633,,10044,,46.932,,True,3.911,3.911,3.911,3.911,3.911,3.911,3.911,3.911,3.911,3.911,3.911,3.911,0,,False,False,True,,,,,,,,,,,,,,,False,False,18.978,,99.3,,75.7,,99.3,,1454,97,7,21,7,141312.8,18841.71,,Idle,,20,,10,,,20,Go Home,False,False,False,False,False,False,False,False,False,False,False,False,33.8027920380556,-117.4659261431046,3185.5,3185.5,1049.4,396.9,True,1,1,False,False,False,False,,True,False,False,Course Lock,196.8,67,16.4,93,E,SW,2.23,11.4,Calm,False,False,Android,7.0.2,M300 RTK,1ZN7L4R0H1D00F,1W9DL31001461C,1ZMLH8300204F0,1Z6PH74DAP0QN7,"Corona, CA",728.3,5.7,137.7,8.547347,2.013246,0,0,DJI Matrice 300 RTK,M300 RTK,1ZN7L4R0H1D00F,1W9DL31001461C,1ZMLH8300204F0,1Z6PH74DAP0QN7,DJI Pilot,Android,7.0.2,1EF72A62-B7C3-C88D-164E-CE6F8C8424AE,1ZN7L4R0H1D00F,1W9DL31001461C,,1ZMLH8300204F0,1W9DL31001461C,,,,,
2023-11-01,11:31:49.54 AM,7m 27.2s,447.2,33.7987062637841,-117.4752167696087,69.5,137.7,17.0,1333,3663.9,6.643372,7.161702,-4.697574,2.23694,-4.697574,1.342164,0,0.894776,-2.1,0,2.1,-133.8,226.2,225.2,Tripod,Other,,20,5,True,,True,False,,Smart,RC,False,True,False,,,True,,False,False,False,False,False,False,False,False,False,False,0,Follow Yaw,-77.9,0,-142,218,False,False,False,False,False,,0,0,False,False,No Card,100,100,1074,1403,922,1024,2,False,False,False,False,False,0,False,False,False,False,76,,46.932,,7633,,10044,,46.932,,True,3.911,3.911,3.911,3.911,3.911,3.911,3.911,3.911,3.911,3.911,3.911,3.911,0,,False,False,True,,,,,,,,,,,,,,,False,False,18.978,,99.3,,75.7,,99.3,,1454,97,7,21,7,141312.8,18841.71,,Idle,,20,,10,,,20,Go Home,False,False,False,False,False,False,False,False,False,False,False,False,33.8027920380556,-117.4659261431046,3186.5,3186.5,1049.4,396.9,True,1,1,False,False,False,False,,True,False,False,Course Lock,196.8,67,16.4,93,E,SW,2.23,11.4,Calm,False,False,Android,7.0.2,M300 RTK,1ZN7L4R0H1D00F,1W9DL31001461C,1ZMLH8300204F0,1Z6PH74DAP0QN7,"Corona, CA",728.3,5.7,137.7,8.547347,2.013246,0,0,DJI Matrice 300 RTK,M300 RTK,1ZN7L4R0H1D00F,1W9DL31001461C,1ZMLH8300204F0,1Z6PH74DAP0QN7,DJI Pilot,Android,7.0.2,1EF72A62-B7C3-C88D-164E-CE6F8C8424AE,1ZN7L4R0H1D00F,1W9DL31001461C,,1ZMLH8300204F0,1W9DL31001461C,,,,,
2023-11-01,11:31:49.64 AM,7m 27.3s,447.3,33.7987041919157,-117.475219046129,69.5,137.7,17.0,1333,3664.9,6.643372,7.161702,-4.697574,2.23694,-4.697574,1.342164,0,0.894776,-2.1,0,2.1,-133.9,226.1,222.3,Tripod,Other,,20,5,True,,True,False,,Smart,RC,False,True,False,,,True,,False,False,False,False,False,False,False,False,False,False,0,Follow Yaw,-77.9,0,-142,218,False,False,False,False,False,,0,0,False,False,No Card,100,100,1072,1395,921,1024,2,False,False,False,False,False,0,False,False,False,False,76,,46.932,,7633,,10044,,46.932,,True,3.912,3.912,3.912,3.912,3.912,3.912,3.912,3.912,3.912,3.912,3.912,3.912,0,,False,False,True,,,,,,,,,,,,,,,False,False,18.978,,99.3,,75.7,,99.3,,1455,97,7,21,7,141306.8,18840.91,,Idle,,20,,10,,,20,Go Home,False,False,False,False,False,False,False,False,False,False,False,False,33.8027920380556,-117.4659261431046,3187.5,3187.5,1049.4,396.9,True,1,1,False,False,False,False,,True,False,False,Course Lock,196.8,67,16.4,93,E,SW,2.23,11.4,Calm,False,False,Android,7.0.2,M300 RTK,1ZN7L4R0H1D00F,1W9DL31001461C,1ZMLH8300204F0,1Z6PH74DAP0QN7,"Corona, CA",728.3,5.7,137.7,8.547347,2.013246,0,0,DJI Matrice 300 RTK,M300 RTK,1ZN7L4R0H1D00F,1W9DL31001461C,1ZMLH8300204F0,1Z6PH74DAP0QN7,DJI Pilot,Android,7.0.2,1EF72A62-B7C3-C88D-164E-CE6F8C8424AE,1ZN7L4R0H1D00F,1W9DL31001461C,,1ZMLH8300204F0,1W9DL31001461C,,,,,
2023-11-01,11:31:49.74 AM,7m 27.4s,447.4,33.7987022250389,-117.4752214352361,69.5,137.7,17.0,1333,3666.0,6.643372,7.161702,-4.697574,2.23694,-4.697574,1.342164,0,0.894776,-2.3,0,2.3,-133.9,226.1,225.2,Tripod,Other,,20,5,True,,True,False,,Smart,RC,False,True,False,,,True,,False,False,False,False,False,False,False,False,False,False,0,Follow Yaw,-77.9,0,-142,218,False,False,False,False,False,,0,0,False,False,No Card,100,100,1071,1395,922,1024,2,False,False,False,False,False,0,False,False,False,False,76,,46.932,,7633,,10044,,46.932,,True,3.912,3.912,3.912,3.912,3.912,3.912,3.912,3.912,3.912,3.912,3.912,3.912,0,,False,False,True,,,,,,,,,,,,,,,False,False,18.978,,99.3,,75.7,,99.3,,1455,97,7,21,7,141306.8,18840.91,,Idle,,20,,10,,,20,Go Home,False,False,False,False,False,False,False,False,False,False,False,False,33.8027920380556,-117.4659261431046,3188.5,3188.5,1049.4,396.9,True,1,1,False,False,False,False,,True,False,False,Course Lock,196.8,67,16.4,93,E,SW,2.23,11.4,Calm,False,False,Android,7.0.2,M300 RTK,1ZN7L4R0H1D00F,1W9DL31001461C,1ZMLH8300204F0,1Z6PH74DAP0QN7,"Corona, CA",728.3,5.7,137.7,8.547347,2.013246,0,0,DJI Matrice 300 RTK,M300 RTK,1ZN7L4R0H1D00F,1W9DL31001461C,1ZMLH8300204F0,1Z6PH74DAP0QN7,DJI Pilot,Android,7.0.2,1EF72A62-B7C3-C88D-164E-CE6F8C8424AE,1ZN7L4R0H1D00F,1W9DL31001461C,,1ZMLH8300204F0,1W9DL31001461C,,,,,
2023-11-01,11:31:49.84 AM,7m 27.5s,447.5,33.7987003510918,-117.4752239300649,69.5,137.7,16.7,1333,3667.0,6.803387,7.161702,-4.697574,2.23694,-4.921268,1.342164,0,0.894776,-2.4,-0.1,2.4,-133.9,226.1,227.8,Tripod,Other,,20,5,True,,True,False,,Smart,RC,False,True,False,,,True,,False,False,False,False,False,False,False,False,False,False,0,Follow Yaw,-77.9,0,-142,218,False,False,False,False,False,,0,0,False,False,No Card,100,100,1072,1394,922,1024,2,False,False,False,False,False,0,False,False,False,False,76,,46.932,,7633,,10044,,46.932,,True,3.912,3.912,3.912,3.912,3.912,3.912,3.912,3.912,3.912,3.912,3.912,3.912,0,,False,False,True,,,,,,,,,,,,,,,False,False,18.978,,99.3,,75.7,,99.3,,1455,97,7,21,7,141306.8,18840.91,,Idle,,20,,10,,,20,Go Home,False,False,False,False,False,False,False,False,False,False,False,False,33.8027920380556,-117.4659261431046,3189.4,3189.4,1049.4,396.9,True,1,1,False,False,False,False,,True,False,False,Course Lock,196.8,67,16.4,93,E,SW,2.23,11.4,Calm,False,False,Android,7.0.2,M300 RTK,1ZN7L4R0H1D00F,1W9DL31001461C,1ZMLH8300204F0,1Z6PH74DAP0QN7,"Corona, CA",728.3,5.7,137.7,8.547347,2.013246,0,0,DJI Matrice 300 RTK,M300 RTK,1ZN7L4R0H1D00F,1W9DL31001461C,1ZMLH8300204F0,1Z6PH74DAP0QN7,DJI Pilot,Android,7.0.2,1EF72A62-B7C3-C88D-164E-CE6F8C8424AE,1ZN7L4R0H1D00F,1W9DL31001461C,,1ZMLH8300204F0,1W9DL31001461C,,,,,
2023-11-01,11:31:49.94 AM,7m 27.6s,447.6,33.7986983935353,-117.4752263487156,69.5,137.7,16.7,1333,3668.0,6.803387,7.161702,-4.697574,2.23694,-4.921268,1.342164,0,0.894776,-2.4,-0.1,2.4,-133.9,226.1,225.7,Tripod,Other,,20,5,True,,True,False,,Smart,RC,False,True,False,,,True,,False,False,False,False,False,False,False,False,False,False,0,Follow Yaw,-77.9,0,-142,218,False,False,False,False,False,,0,0,False,False,No Card,100,100,1069,1392,922,1024,2,False,False,False,False,False,0,False,False,False,False,76,,46.932,,7633,,10044,,46.932,,True,3.912,3.912,3.912,3.912,3.912,3.912,3.912,3.912,3.912,3.912,3.912,3.912,0,,False,False,True,,,,,,,,,,,,,,,False,False,18.978,,99.3,,75.7,,99.3,,1455,97,7,21,7,141306.8,18840.91,,Idle,,20,,10,,,20,Go Home,False,False,False,False,False,False,False,False,False,False,False,False,33.8027920380556,-117.4659261431046,3190.4,3190.4,1049.4,396.9,True,1,1,False,False,False,False,,True,False,False,Course Lock,196.8,67,16.4,93,E,SW,2.23,11.4,Calm,False,False,Android,7.0.2,M300 RTK,1ZN7L4R0H1D00F,1W9DL31001461C,1ZMLH8300204F0,1Z6PH74DAP0QN7,"Corona, CA",728.3,5.7,137.7,8.547347,2.013246,0,0,DJI Matrice 300 RTK,M300 RTK,1ZN7L4R0H1D00F,1W9DL31001461C,1ZMLH8300204F0,1Z6PH74DAP0QN7,DJI Pilot,Android,7.0.2,1EF72A62-B7C3-C88D-164E-CE6F8C8424AE,1ZN7L4R0H1D00F,1W9DL31001461C,,1ZMLH8300204F0,1W9DL31001461C,,,,,
2023-11-01,11:31:50.00 AM,7m 27.7s,447.7,33.7986963208446,-117.4752286716849,69.5,137.7,17.0,1333,3669.0,6.803387,7.161702,-4.697574,2.23694,-4.921268,1.342164,0,0.894776,-2.3,-0.1,2.3,-133.8,226.2,222.9,Tripod,Other,,20,5,True,,True,False,,Smart,RC,False,True,False,,,True,,False,False,False,False,False,False,False,False,False,False,0,Follow Yaw,-77.9,0,-142,218,False,False,False,False,False,,0,0,False,False,No Card,100,100,1069,1392,922,1024,2,False,False,False,False,False,0,False,False,False,False,76,,46.932,,7633,,10044,,46.932,,True,3.912,3.912,3.912,3.912,3.912,3.912,3.912,3.912,3.912,3.912,3.912,3.912,0,,False,False,True,,,,,,,,,,,,,,,False,False,18.978,,99.3,,75.7,,99.3,,1455,97,7,21,7,141306.8,18840.91,,Idle,,20,,10,,,20,Go Home,False,False,False,False,False,False,False,False,False,False,False,False,33.8027920380556,-117.4659261431046,3191.4,3191.4,1049.4,396.9,True,1,1,False,False,False,False,,True,False,False,Course Lock,196.8,67,16.4,93,E,SW,2.23,11.4,Calm,False,False,Android,7.0.2,M300 RTK,1ZN7L4R0H1D00F,1W9DL31001461C,1ZMLH8300204F0,1Z6PH74DAP0QN7,"Corona, CA",728.3,5.7,137.7,8.547347,2.013246,0,0,DJI Matrice 300 RTK,M300 RTK,1ZN7L4R0H1D00F,1W9DL31001461C,1ZMLH8300204F0,1Z6PH74DAP0QN7,DJI Pilot,Android,7.0.2,1EF72A62-B7C3-C88D-164E-CE6F8C8424AE,1ZN7L4R0H1D00F,1W9DL31001461C,,1ZMLH8300204F0,1W9DL31001461C,,,,,
2023-11-01,11:31:50.14 AM,7m 27.8s,447.8,33.7986943525971,-117.475231101118,69.5,137.7,17.0,1333,3670.1,6.803387,7.161702,-4.697574,2.23694,-4.921268,1.342164,0,0.894776,-2.2,-0.1,2.2,-133.8,226.2,225.7,Tripod,Other,,20,5,True,,True,False,,Smart,RC,False,True,False,,,True,,False,False,False,False,False,False,False,False,False,False,0,Follow Yaw,-77.9,0,-142,218,False,False,False,False,False,,0,0,False,False,No Card,100,100,1069,1388,922,1024,2,False,False,False,False,False,0,False,False,False,False,76,,46.932,,7633,,10044,,46.932,,True,3.912,3.912,3.912,3.912,3.912,3.912,3.912,3.912,3.912,3.912,3.912,3.912,0,,False,False,True,,,,,,,,,,,,,,,False,False,18.978,,99.3,,75.7,,99.3,,1455,97,7,21,7,141306.8,18840.91,,Idle,,20,,10,,,20,Go Home,False,False,False,False,False,False,False,False,False,False,False,False,33.8027920380556,-117.4659261431046,3192.4,3192.4,1049.4,396.9,True,1,1,False,False,False,False,,True,False,False,Course Lock,196.8,67,16.4,93,E,SW,2.23,11.4,Calm,False,False,Android,7.0.2,M300 RTK,1ZN7L4R0H1D00F,1W9DL31001461C,1ZMLH8300204F0,1Z6PH74DAP0QN7,"Corona, CA",728.3,5.7,137.7,8.547347,2.013246,0,0,DJI Matrice 300 RTK,M300 RTK,1ZN7L4R0H1D00F,1W9DL31001461C,1ZMLH8300204F0,1Z6PH74DAP0QN7,DJI Pilot,Android,7.0.2,1EF72A62-B7C3-C88D-164E-CE6F8C8424AE,1ZN7L4R0H1D00F,1W9DL31001461C,,1ZMLH8300204F0,1W9DL31001461C,,,,,
2023-11-01,11:31:50.24 AM,7m 27.9s,447.9,33.7986924369823,-117.475233555188,69.5,137.7,17.0,1333,3671.1,6.803387,7.161702,-4.697574,2.23694,-4.921268,1.342164,0,0.894776,-2.2,-0.1,2.2,-133.8,226.2,226.7,Tripod,Other,,20,5,True,,True,False,,Smart,RC,False,True,False,,,True,,False,False,False,False,False,False,False,False,False,False,0,Follow Yaw,-77.9,0,-142,218,False,False,False,False,False,,0,0,False,False,No Card,100,100,1060,1386,930,1024,2,False,False,False,False,False,0,False,False,False,False,76,,46.932,,7633,,10044,,46.932,,True,3.912,3.912,3.912,3.912,3.912,3.912,3.912,3.912,3.912,3.912,3.912,3.912,0,,False,False,True,,,,,,,,,,,,,,,False,False,18.978,,99.3,,75.7,,99.3,,1455,97,7,21,7,141306.8,18840.91,,Idle,,20,,10,,,20,Go Home,False,False,False,False,False,False,False,False,False,False,False,False,33.8027920380556,-117.4659261431046,3193.4,3193.4,1049.4,396.9,True,1,1,False,False,False,False,,True,False,False,Course Lock,196.8,67,16.4,93,E,SW,2.23,11.4,Calm,False,False,Android,7.0.2,M300 RTK,1ZN7L4R0H1D00F,1W9DL31001461C,1ZMLH8300204F0,1Z6PH74DAP0QN7,"Corona, CA",728.3,5.7,137.7,8.547347,2.013246,0,0,DJI Matrice 300 RTK,M300 RTK,1ZN7L4R0H1D00F,1W9DL31001461C,1ZMLH8300204F0,1Z6PH74DAP0QN7,DJI Pilot,Android,7.0.2,1EF72A62-B7C3-C88D-164E-CE6F8C8424AE,1ZN7L4R0H1D00F,1W9DL31001461C,,1ZMLH8300204F0,1W9DL31001461C,,,,,
2023-11-01,11:31:50.34 AM,7m 28.0s,448.0,33.7986904684607,-117.4752360018153,69.2,137.7,17.0,1333,3672.1,6.803387,7.161702,-4.697574,2.23694,-4.921268,1.342164,0,0.894776,-2.2,-0.1,2.2,-133.8,226.2,225.9,Tripod,Other,,21,5,True,,True,False,,Smart,RC,False,True,False,,,True,,False,False,False,False,False,False,False,False,False,False,0,Follow Yaw,-77.9,0,-142,218,False,False,False,False,False,,0,0,False,False,No Card,100,100,1030,1393,933,1024,2,False,False,False,False,False,0,False,False,False,False,76,,46.872,,3789,,4986,,46.872,,True,3.912,3.912,3.912,3.912,3.912,3.912,3.912,3.912,3.912,3.912,3.912,3.912,0,,False,False,True,,,,,,,,,,,,,,,False,False,9.662,,99.3,,75.7,,99.3,,1455,97,7,21,7,141306.8,18840.91,,Idle,,20,,10,,,20,Go Home,False,False,False,False,False,False,False,False,False,False,False,False,33.8027920380556,-117.4659261431046,3194.4,3194.4,1049.4,396.9,True,1,1,False,False,False,False,,True,False,False,Course Lock,196.8,67,16.4,93,E,SW,2.23,11.4,Calm,False,False,Android,7.0.2,M300 RTK,1ZN7L4R0H1D00F,1W9DL31001461C,1ZMLH8300204F0,1Z6PH74DAP0QN7,"Corona, CA",728.3,5.7,137.7,8.547347,2.013246,0,0,DJI Matrice 300 RTK,M300 RTK,1ZN7L4R0H1D00F,1W9DL31001461C,1ZMLH8300204F0,1Z6PH74DAP0QN7,DJI Pilot,Android,7.0.2,1EF72A62-B7C3-C88D-164E-CE6F8C8424AE,1ZN7L4R0H1D00F,1W9DL31001461C,,1ZMLH8300204F0,1W9DL31001461C,,,,,
2023-11-01,11:31:50.44 AM,7m 28.1s,448.1,33.7986885437997,-117.4752382586673,69.2,137.7,17.0,1333,3673.1,6.803387,7.161702,-4.697574,2.23694,-4.921268,1.342164,0,0.894776,-2.1,-0.2,2.1,-133.8,226.2,224.2,Tripod,Other,,21,5,True,,True,False,,Smart,RC,False,True,False,,,True,,False,False,False,False,False,False,False,False,False,False,0,Follow Yaw,-77.9,0,-142,218,False,False,False,False,False,,0,0,False,False,No Card,100,100,1028,1389,927,1024,2,False,False,False,False,False,0,False,False,False,False,76,,46.872,,3789,,4986,,46.872,,True,3.912,3.912,3.912,3.912,3.912,3.912,3.912,3.912,3.912,3.912,3.912,3.912,0,,False,False,True,,,,,,,,,,,,,,,False,False,9.662,,99.3,,75.7,,99.3,,1455,97,7,21,7,141306.8,18840.91,,Idle,,20,,10,,,20,Go Home,False,False,False,False,False,False,False,False,False,False,False,False,33.8027920380556,-117.4659261431046,3195.3,3195.3,1049.4,396.9,True,1,1,False,False,False,False,,True,False,False,Course Lock,196.8,67,16.4,93,E,SW,2.23,11.4,Calm,False,False,Android,7.0.2,M300 RTK,1ZN7L4R0H1D00F,1W9DL31001461C,1ZMLH8300204F0,1Z6PH74DAP0QN7,"Corona, CA",728.3,5.7,137.7,8.547347,2.013246,0,0,DJI Matrice 300 RTK,M300 RTK,1ZN7L4R0H1D00F,1W9DL31001461C,1ZMLH8300204F0,1Z6PH74DAP0QN7,DJI Pilot,Android,7.0.2,1EF72A62-B7C3-C88D-164E-CE6F8C8424AE,1ZN7L4R0H1D00F,1W9DL31001461C,,1ZMLH8300204F0,1W9DL31001461C,,,,,
2023-11-01,11:31:50.54 AM,7m 28.2s,448.2,33.7986865799383,-117.4752406993983,69.2,137.7,17.0,1333,3674.1,6.803387,7.161702,-4.697574,2.23694,-4.921268,1.342164,0,0.894776,-2,-0.3,2,-133.8,226.2,225.9,Tripod,Other,,21,5,True,,True,False,,Smart,RC,False,True,False,,,True,,False,False,False,False,False,False,False,False,False,False,0,Follow Yaw,-77.9,0,-142,218,False,False,False,False,False,,0,0,False,False,No Card,100,100,1042,1387,901,1024,2,False,False,False,False,False,0,False,False,False,False,76,,46.872,,3789,,4986,,46.872,,True,3.912,3.912,3.912,3.912,3.912,3.912,3.912,3.912,3.912,3.912,3.912,3.912,0,,False,False,True,,,,,,,,,,,,,,,False,False,9.662,,99.3,,75.7,,99.3,,1455,97,7,21,7,141306.8,18840.91,,Idle,,20,,10,,,20,Go Home,False,False,False,False,False,False,False,False,False,False,False,False,33.8027920380556,-117.4659261431046,3196.3,3196.3,1049.4,396.9,True,1,1,False,False,False,False,,True,False,False,Course Lock,196.8,67,16.4,93,E,SW,2.23,11.4,Calm,False,False,Android,7.0.2,M300 RTK,1ZN7L4R0H1D00F,1W9DL31001461C,1ZMLH8300204F0,1Z6PH74DAP0QN7,"Corona, CA",728.3,5.7,137.7,8.547347,2.013246,0,0,DJI Matrice 300 RTK,M300 RTK,1ZN7L4R0H1D00F,1W9DL31001461C,1ZMLH8300204F0,1Z6PH74DAP0QN7,DJI Pilot,Android,7.0.2,1EF72A62-B7C3-C88D-164E-CE6F8C8424AE,1ZN7L4R0H1D00F,1W9DL31001461C,,1ZMLH8300204F0,1W9DL31001461C,,,,,
2023-11-01,11:31:50.64 AM,7m 28.3s,448.3,33.7986844971048,-117.4752430878664,69.2,137.7,17.0,1333,3675.2,6.803387,7.161702,-4.697574,2.23694,-4.921268,1.342164,0,0.894776,-2.1,-0.5,2.1,-133.9,226.1,223.6,Tripod,Other,,21,5,True,,True,False,,Smart,RC,False,True,False,,,True,,False,False,False,False,False,False,False,False,False,False,0,Follow Yaw,-77.9,0,-142,218,False,False,False,False,False,,0,0,False,False,No Card,100,100,1069,1384,887,1024,2,False,False,False,False,False,0,False,False,False,False,76,,46.872,,3789,,4986,,46.872,,True,3.91,3.91,3.91,3.91,3.91,3.91,3.91,3.91,3.91,3.91,3.91,3.91,0,,False,False,True,,,,,,,,,,,,,,,False,False,9.662,,99.3,,75.7,,99.3,,1455,97,7,21,7,141425.0,18856.66,,Idle,,20,,10,,,20,Go Home,False,False,False,False,False,False,False,False,False,False,False,False,33.8027920380556,-117.4659261431046,3197.3,3197.3,1049.4,396.9,True,1,1,False,False,False,False,,True,False,False,Course Lock,196.8,67,16.4,93,E,SW,2.23,11.4,Calm,False,False,Android,7.0.2,M300 RTK,1ZN7L4R0H1D00F,1W9DL31001461C,1ZMLH8300204F0,1Z6PH74DAP0QN7,"Corona, CA",728.3,5.7,137.7,8.547347,2.013246,0,0,DJI Matrice 300 RTK,M300 RTK,1ZN7L4R0H1D00F,1W9DL31001461C,1ZMLH8300204F0,1Z6PH74DAP0QN7,DJI Pilot,Android,7.0.2,1EF72A62-B7C3-C88D-164E-CE6F8C8424AE,1ZN7L4R0H1D00F,1W9DL31001461C,,1ZMLH8300204F0,1W9DL31001461C,,,,,
2023-11-01,11:31:50.73 AM,7m 28.4s,448.4,33.798682517618,-117.4752455228453,69.2,137.7,17.0,1333,3676.2,6.803387,7.161702,-4.697574,2.23694,-4.921268,1.342164,0,0.894776,-2.1,-0.5,2.1,-133.8,226.2,225.6,Tripod,Other,,21,5,True,,True,False,,Smart,RC,False,True,False,,,True,,False,False,False,False,False,False,False,False,False,False,0,Follow Yaw,-77.9,0,-142,218,False,False,False,False,False,,0,0,False,False,No Card,100,100,1074,1382,886,1024,2,False,False,False,False,False,0,False,False,False,False,76,,46.872,,3789,,4986,,46.872,,True,3.91,3.91,3.91,3.91,3.91,3.91,3.91,3.91,3.91,3.91,3.91,3.91,0,,False,False,True,,,,,,,,,,,,,,,False,False,9.662,,99.3,,75.7,,99.3,,1455,97,7,21,7,141425.0,18856.66,,Idle,,20,,10,,,20,Go Home,False,False,False,False,False,False,False,False,False,False,False,False,33.8027920380556,-117.4659261431046,3198.3,3198.3,1049.4,396.9,True,1,1,False,False,False,False,,True,False,False,Course Lock,196.8,67,16.4,93,E,SW,2.23,11.4,Calm,False,False,Android,7.0.2,M300 RTK,1ZN7L4R0H1D00F,1W9DL31001461C,1ZMLH8300204F0,1Z6PH74DAP0QN7,"Corona, CA",728.3,5.7,137.7,8.547347,2.013246,0,0,DJI Matrice 300 RTK,M300 RTK,1ZN7L4R0H1D00F,1W9DL31001461C,1ZMLH8300204F0,1Z6PH74DAP0QN7,DJI Pilot,Android,7.0.2,1EF72A62-B7C3-C88D-164E-CE6F8C8424AE,1ZN7L4R0H1D00F,1W9DL31001461C,,1ZMLH8300204F0,1W9DL31001461C,,,,,
2023-11-01,11:31:50.83 AM,7m 28.5s,448.5,33.7986806030998,-117.4752480270959,69.2,137.7,17.0,1333,3677.2,6.803387,7.161702,-4.697574,2.23694,-4.921268,1.342164,0,0.894776,-2,-0.5,2,-133.8,226.2,227.3,Tripod,Other,,21,5,True,,True,False,,Smart,RC,False,True,False,,,True,,False,False,False,False,False,False,False,False,False,False,0,Follow Yaw,-77.9,0,-142,218,False,False,False,False,False,,0,0,False,False,No Card,100,100,1052,1378,898,1024,2,False,False,False,False,False,0,False,False,False,False,76,,46.872,,3789,,4986,,46.872,,True,3.91,3.91,3.91,3.91,3.91,3.91,3.91,3.91,3.91,3.91,3.91,3.91,0,,False,False,True,,,,,,,,,,,,,,,False,False,9.662,,99.3,,75.7,,99.3,,1455,97,7,21,7,141425.0,18856.66,,Idle,,20,,10,,,20,Go Home,False,False,False,False,False,False,False,False,False,False,False,False,33.8027920380556,-117.4659261431046,3199.3,3199.3,1049.4,396.9,True,1,1,False,False,False,False,,True,False,False,Course Lock,196.8,67,16.4,93,E,SW,2.23,11.4,Calm,False,False,Android,7.0.2,M300 RTK,1ZN7L4R0H1D00F,1W9DL31001461C,1ZMLH8300204F0,1Z6PH74DAP0QN7,"Corona, CA",728.3,5.7,137.7,8.547347,2.013246,0,0,DJI Matrice 300 RTK,M300 RTK,1ZN7L4R0H1D00F,1W9DL31001461C,1ZMLH8300204F0,1Z6PH74DAP0QN7,DJI Pilot,Android,7.0.2,1EF72A62-B7C3-C88D-164E-CE6F8C8424AE,1ZN7L4R0H1D00F,1W9DL31001461C,,1ZMLH8300204F0,1W9DL31001461C,,,,,
2023-11-01,11:31:50.93 AM,7m 28.6s,448.6,33.7986786189527,-117.4752504638892,69.2,137.7,17.0,1333,3678.3,6.803387,7.161702,-4.697574,2.23694,-4.921268,1.342164,0,0.894776,-1.8,-0.4,1.8,-133.8,226.2,225.5,Tripod,Other,,21,5,True,,True,False,,Smart,RC,False,True,False,,,True,,False,False,False,False,False,False,False,False,False,False,0,Follow Yaw,-77.9,0,-142,218,False,False,False,False,False,,0,0,False,False,No Card,100,100,1024,1374,924,1024,2,False,False,False,False,False,0,False,False,False,False,76,,46.872,,3789,,4986,,46.872,,True,3.91,3.91,3.91,3.91,3.91,3.91,3.91,3.91,3.91,3.91,3.91,3.91,0,,False,False,True,,,,,,,,,,,,,,,False,False,9.662,,99.3,,75.7,,99.3,,1455,97,7,21,7,141425.0,18856.66,,Idle,,20,,10,,,20,Go Home,False,False,False,False,False,False,False,False,False,False,False,False,33.8027920380556,-117.4659261431046,3200.3,3200.3,1049.4,396.9,True,1,1,False,False,False,False,,True,False,False,Course Lock,196.8,67,16.4,93,E,SW,2.23,11.4,Calm,False,False,Android,7.0.2,M300 RTK,1ZN7L4R0H1D00F,1W9DL31001461C,1ZMLH8300204F0,1Z6PH74DAP0QN7,"Corona, CA",728.3,5.7,137.7,8.547347,2.013246,0,0,DJI Matrice 300 RTK,M300 RTK,1ZN7L4R0H1D00F,1W9DL31001461C,1ZMLH8300204F0,1Z6PH74DAP0QN7,DJI Pilot,Android,7.0.2,1EF72A62-B7C3-C88D-164E-CE6F8C8424AE,1ZN7L4R0H1D00F,1W9DL31001461C,,1ZMLH8300204F0,1W9DL31001461C,,,,,
2023-11-01,11:31:51.03 AM,7m 28.7s,448.7,33.7986766945659,-117.4752529119802,69.2,137.7,17.0,1333,3679.3,6.803387,7.161702,-4.697574,2.23694,-4.921268,1.342164,0,0.894776,-1.9,-0.3,1.9,-133.8,226.2,226.5,Tripod,Other,,21,5,True,,True,False,,Smart,RC,False,True,False,,,True,,False,False,False,False,False,False,False,False,False,False,0,Follow Yaw,-77.9,0,-142,218,False,False,False,False,False,,0,0,False,False,No Card,100,100,1024,1374,924,1024,2,False,False,False,False,False,0,False,False,False,False,76,,46.872,,3789,,4986,,46.872,,True,3.91,3.91,3.91,3.91,3.91,3.91,3.91,3.91,3.91,3.91,3.91,3.91,0,,False,False,True,,,,,,,,,,,,,,,False,False,9.662,,99.3,,75.7,,99.3,,1455,97,7,21,7,141425.0,18856.66,,Idle,,20,,10,,,20,Go Home,False,False,False,False,False,False,False,False,False,False,False,False,33.8027920380556,-117.4659261431046,3201.2,3201.2,1049.4,396.9,True,1,1,False,False,False,False,,True,False,False,Course Lock,196.8,67,16.4,93,E,SW,2.23,11.4,Calm,False,False,Android,7.0.2,M300 RTK,1ZN7L4R0H1D00F,1W9DL31001461C,1ZMLH8300204F0,1Z6PH74DAP0QN7,"Corona, CA",728.3,5.7,137.7,8.547347,2.013246,0,0,DJI Matrice 300 RTK,M300 RTK,1ZN7L4R0H1D00F,1W9DL31001461C,1ZMLH8300204F0,1Z6PH74DAP0QN7,DJI Pilot,Android,7.0.2,1EF72A62-B7C3-C88D-164E-CE6F8C8424AE,1ZN7L4R0H1D00F,1W9DL31001461C,,1ZMLH8300204F0,1W9DL31001461C,,,,,
2023-11-01,11:31:51.14 AM,7m 28.8s,448.8,33.7986747139826,-117.4752553437842,69.2,137.7,17.0,1333,3680.3,6.803387,7.161702,-4.697574,2.23694,-4.921268,1.342164,0,0.894776,-1.6,-0.2,1.6,-133.7,226.3,225.5,Tripod,Other,,21,5,True,,True,False,,Smart,RC,False,True,False,,,True,,False,False,False,False,False,False,False,False,False,False,0,Follow Yaw,-77.9,0,-142,218,False,False,False,False,False,,0,0,False,False,No Card,100,100,1024,1366,905,1024,2,False,False,False,False,False,0,False,False,False,False,76,,46.872,,3789,,4986,,46.872,,True,3.91,3.91,3.91,3.91,3.91,3.91,3.91,3.91,3.91,3.91,3.91,3.91,0,,False,False,True,,,,,,,,,,,,,,,False,False,9.662,,99.3,,75.7,,99.3,,1455,97,7,21,7,141425.0,18856.66,,Idle,,20,,10,,,20,Go Home,False,False,False,False,False,False,False,False,False,False,False,False,33.8027920380556,-117.4659261431046,3202.2,3202.2,1049.4,396.9,True,1,1,False,False,False,False,,True,False,False,Course Lock,196.8,67,16.4,93,E,SW,2.23,11.4,Calm,False,False,Android,7.0.2,M300 RTK,1ZN7L4R0H1D00F,1W9DL31001461C,1ZMLH8300204F0,1Z6PH74DAP0QN7,"Corona, CA",728.3,5.7,137.7,8.547347,2.013246,0,0,DJI Matrice 300 RTK,M300 RTK,1ZN7L4R0H1D00F,1W9DL31001461C,1ZMLH8300204F0,1Z6PH74DAP0QN7,DJI Pilot,Android,7.0.2,1EF72A62-B7C3-C88D-164E-CE6F8C8424AE,1ZN7L4R0H1D00F,1W9DL31001461C,,1ZMLH8300204F0,1W9DL31001461C,,,,,
2023-11-01,11:31:51.24 AM,7m 28.9s,448.9,33.798672645952,-117.4752578044514,69.2,137.7,17.0,1333,3681.4,6.803387,7.161702,-4.697574,2.23694,-4.921268,1.342164,0,0.894776,-1.4,-0.2,1.4,-133.7,226.3,224.6,Tripod,Other,,21,5,True,,True,False,,Smart,RC,False,True,False,,,True,,False,False,False,False,False,False,False,False,False,False,0,Follow Yaw,-77.9,0,-142,218,False,False,False,False,False,,0,0,False,False,No Card,100,100,1024,1359,905,1024,2,False,False,False,False,False,0,False,False,False,False,76,,46.872,,3789,,4986,,46.872,,True,3.91,3.91,3.91,3.91,3.91,3.91,3.91,3.91,3.91,3.91,3.91,3.91,0,,False,False,True,,,,,,,,,,,,,,,False,False,9.662,,99.3,,75.7,,99.3,,1455,97,7,21,7,141425.0,18856.66,,Idle,,20,,10,,,20,Go Home,False,False,False,False,False,False,False,False,False,False,False,False,33.8027920380556,-117.4659261431046,3203.2,3203.2,1049.4,396.9,True,1,1,False,False,False,False,,True,False,False,Course Lock,196.8,67,16.4,93,E,SW,2.23,11.4,Calm,False,False,Android,7.0.2,M300 RTK,1ZN7L4R0H1D00F,1W9DL31001461C,1ZMLH8300204F0,1Z6PH74DAP0QN7,"Corona, CA",728.3,5.7,137.7,8.547347,2.013246,0,0,DJI Matrice 300 RTK,M300 RTK,1ZN7L4R0H1D00F,1W9DL31001461C,1ZMLH8300204F0,1Z6PH74DAP0QN7,DJI Pilot,Android,7.0.2,1EF72A62-B7C3-C88D-164E-CE6F8C8424AE,1ZN7L4R0H1D00F,1W9DL31001461C,,1ZMLH8300204F0,1W9DL31001461C,,,,,
2023-11-01,11:31:51.34 AM,7m 29.0s,449.0,33.7986706656428,-117.4752602268131,69.2,137.7,17.0,1333,3682.4,6.803387,7.161702,-4.697574,2.23694,-4.921268,1.342164,0,0.894776,-1.3,-0.1,1.3,-133.7,226.3,225.4,Tripod,Other,,21,5,True,,True,False,,Smart,RC,False,True,False,,,True,,False,False,False,False,False,False,False,False,False,False,0,Follow Yaw,-77.9,0,-142,218,False,False,False,False,False,,0,0,False,False,No Card,100,100,1024,1360,904,1024,2,False,False,False,False,False,0,False,False,False,False,76,,46.884,,7633,,10044,,46.884,,True,3.91,3.91,3.91,3.91,3.91,3.91,3.91,3.91,3.91,3.91,3.91,3.91,0,,False,False,True,,,,,,,,,,,,,,,False,False,19.214,,99.5,,75.7,,99.5,,1455,97,7,21,7,141425.0,18856.66,,Idle,,20,,10,,,20,Go Home,False,False,False,False,False,False,False,False,False,False,False,False,33.8027920380556,-117.4659261431046,3204.2,3204.2,1049.4,396.9,True,1,1,False,False,False,False,,True,False,False,Course Lock,196.8,67,16.4,93,E,SW,2.23,11.4,Calm,False,False,Android,7.0.2,M300 RTK,1ZN7L4R0H1D00F,1W9DL31001461C,1ZMLH8300204F0,1Z6PH74DAP0QN7,"Corona, CA",728.3,5.7,137.7,8.547347,2.013246,0,0,DJI Matrice 300 RTK,M300 RTK,1ZN7L4R0H1D00F,1W9DL31001461C,1ZMLH8300204F0,1Z6PH74DAP0QN7,DJI Pilot,Android,7.0.2,1EF72A62-B7C3-C88D-164E-CE6F8C8424AE,1ZN7L4R0H1D00F,1W9DL31001461C,,1ZMLH8300204F0,1W9DL31001461C,,,,,
2023-11-01,11:31:51.44 AM,7m 29.1s,449.1,33.7986688075952,-117.475262675234,69.2,137.7,17.0,1333,3683.4,6.803387,7.161702,-4.697574,2.23694,-4.921268,1.342164,0,0.894776,-1.4,0,1.4,-133.7,226.3,227.5,Tripod,Other,,21,5,True,,True,False,,Smart,RC,False,True,False,,,True,,False,False,False,False,False,False,False,False,False,False,0,Follow Yaw,-77.9,0,-142,218,False,False,False,False,False,,0,0,False,False,No Card,100,100,1024,1361,906,1024,2,False,False,False,False,False,0,False,False,False,False,76,,46.884,,7633,,10044,,46.884,,True,3.91,3.91,3.91,3.91,3.91,3.91,3.91,3.91,3.91,3.91,3.91,3.91,0,,False,False,True,,,,,,,,,,,,,,,False,False,19.214,,99.5,,75.7,,99.5,,1455,97,7,21,7,141425.0,18856.66,,Idle,,20,,10,,,20,Go Home,False,False,False,False,False,False,False,False,False,False,False,False,33.8027920380556,-117.4659261431046,3205.2,3205.2,1049.4,396.9,True,1,1,False,False,False,False,,True,False,False,Course Lock,196.8,67,16.4,93,E,SW,2.23,11.4,Calm,False,False,Android,7.0.2,M300 RTK,1ZN7L4R0H1D00F,1W9DL31001461C,1ZMLH8300204F0,1Z6PH74DAP0QN7,"Corona, CA",728.3,5.7,137.7,8.547347,2.013246,0,0,DJI Matrice 300 RTK,M300 RTK,1ZN7L4R0H1D00F,1W9DL31001461C,1ZMLH8300204F0,1Z6PH74DAP0QN7,DJI Pilot,Android,7.0.2,1EF72A62-B7C3-C88D-164E-CE6F8C8424AE,1ZN7L4R0H1D00F,1W9DL31001461C,,1ZMLH8300204F0,1W9DL31001461C,,,,,
2023-11-01,11:31:51.54 AM,7m 29.2s,449.2,33.7986668601815,-117.4752650737217,69.2,137.7,17.0,1333,3684.4,6.803387,7.161702,-4.697574,2.23694,-4.921268,1.342164,0,0.894776,-1.6,-0.1,1.6,-133.8,226.2,225.6,Tripod,Other,,21,5,True,,True,False,,Smart,RC,False,True,False,,,True,,False,False,False,False,False,False,False,False,False,False,0,Follow Yaw,-77.9,0,-142,218,False,False,False,False,False,,0,0,False,False,No Card,100,100,1024,1374,922,1024,2,False,False,False,False,False,0,False,False,False,False,76,,46.884,,7633,,10044,,46.884,,True,3.91,3.91,3.91,3.91,3.91,3.91,3.91,3.91,3.91,3.91,3.91,3.91,0,,False,False,True,,,,,,,,,,,,,,,False,False,19.214,,99.5,,75.7,,99.5,,1455,97,7,21,7,141425.0,18856.66,,Idle,,20,,10,,,20,Go Home,False,False,False,False,False,False,False,False,False,False,False,False,33.8027920380556,-117.4659261431046,3206.2,3206.2,1049.4,396.9,True,1,1,False,False,False,False,,True,False,False,Course Lock,196.8,67,16.4,93,E,SW,2.23,11.4,Calm,False,False,Android,7.0.2,M300 RTK,1ZN7L4R0H1D00F,1W9DL31001461C,1ZMLH8300204F0,1Z6PH74DAP0QN7,"Corona, CA",728.3,5.7,137.7,8.547347,2.013246,0,0,DJI Matrice 300 RTK,M300 RTK,1ZN7L4R0H1D00F,1W9DL31001461C,1ZMLH8300204F0,1Z6PH74DAP0QN7,DJI Pilot,Android,7.0.2,1EF72A62-B7C3-C88D-164E-CE6F8C8424AE,1ZN7L4R0H1D00F,1W9DL31001461C,,1ZMLH8300204F0,1W9DL31001461C,,,,,
2023-11-01,11:31:51.65 AM,7m 29.3s,449.3,33.7986650120026,-117.4752673612924,69.2,137.7,17.0,1333,3685.4,6.803387,7.161702,-4.697574,2.23694,-4.921268,1.342164,0,0.894776,-1.9,-0.3,1.9,-133.8,226.2,225.8,Tripod,Other,,21,5,True,,True,False,,Smart,RC,False,True,False,,,True,,False,False,False,False,False,False,False,False,False,False,0,Follow Yaw,-77.9,0,-142,218,False,False,False,False,False,,0,0,False,False,No Card,100,100,1024,1370,927,1024,2,False,False,False,False,False,0,False,False,False,False,76,,46.884,,7633,,10044,,46.884,,True,3.908,3.908,3.908,3.908,3.908,3.908,3.908,3.908,3.908,3.908,3.908,3.908,0,,False,False,True,,,,,,,,,,,,,,,False,False,19.214,,99.5,,75.7,,99.5,,1455,98,7,21,7,141727.5,18897.00,,Idle,,20,,10,,,20,Go Home,False,False,False,False,False,False,False,False,False,False,False,False,33.8027920380556,-117.4659261431046,3207.1,3207.1,1049.4,396.9,True,1,1,False,False,False,False,,True,False,False,Course Lock,196.8,67,16.4,93,E,SW,2.23,11.4,Calm,False,False,Android,7.0.2,M300 RTK,1ZN7L4R0H1D00F,1W9DL31001461C,1ZMLH8300204F0,1Z6PH74DAP0QN7,"Corona, CA",728.3,5.7,137.7,8.547347,2.013246,0,0,DJI Matrice 300 RTK,M300 RTK,1ZN7L4R0H1D00F,1W9DL31001461C,1ZMLH8300204F0,1Z6PH74DAP0QN7,DJI Pilot,Android,7.0.2,1EF72A62-B7C3-C88D-164E-CE6F8C8424AE,1ZN7L4R0H1D00F,1W9DL31001461C,,1ZMLH8300204F0,1W9DL31001461C,,,,,
2023-11-01,11:31:51.76 AM,7m 29.4s,449.4,33.7986630813108,-117.4752697331435,69.2,137.7,17.0,1333,3686.4,6.643372,7.161702,-4.697574,2.23694,-4.697574,1.342164,0,0.894776,-1.9,-0.3,1.9,-133.8,226.2,225.5,Tripod,Other,,21,5,True,,True,False,,Smart,RC,False,True,False,,,True,,False,False,False,False,False,False,False,False,False,False,0,Follow Yaw,-77.9,0,-142,218,False,False,False,False,False,,0,0,False,False,No Card,100,100,1024,1364,922,1024,2,False,False,False,False,False,0,False,False,False,False,76,,46.884,,7633,,10044,,46.884,,True,3.908,3.908,3.908,3.908,3.908,3.908,3.908,3.908,3.908,3.908,3.908,3.908,0,,False,False,True,,,,,,,,,,,,,,,False,False,19.214,,99.5,,75.7,,99.5,,1455,98,7,21,7,141727.5,18897.00,,Idle,,20,,10,,,20,Go Home,False,False,False,False,False,False,False,False,False,False,False,False,33.8027920380556,-117.4659261431046,3208.1,3208.1,1049.4,396.9,True,1,1,False,False,False,False,,True,False,False,Course Lock,196.8,67,16.4,93,E,SW,2.23,11.4,Calm,False,False,Android,7.0.2,M300 RTK,1ZN7L4R0H1D00F,1W9DL31001461C,1ZMLH8300204F0,1Z6PH74DAP0QN7,"Corona, CA",728.3,5.7,137.7,8.547347,2.013246,0,0,DJI Matrice 300 RTK,M300 RTK,1ZN7L4R0H1D00F,1W9DL31001461C,1ZMLH8300204F0,1Z6PH74DAP0QN7,DJI Pilot,Android,7.0.2,1EF72A62-B7C3-C88D-164E-CE6F8C8424AE,1ZN7L4R0H1D00F,1W9DL31001461C,,1ZMLH8300204F0,1W9DL31001461C,,,,,
2023-11-01,11:31:51.84 AM,7m 29.5s,449.5,33.7986611881747,-117.4752720530409,69.2,137.7,17.3,1333,3687.4,6.643372,7.161702,-4.697574,2.23694,-4.697574,1.342164,0,0.894776,-2,-0.1,2,-133.8,226.2,225.5,Tripod,Other,,21,5,True,,True,False,,Smart,RC,False,True,False,,,True,,False,False,False,False,False,False,False,False,False,False,0,Follow Yaw,-77.9,0,-142,218,False,False,False,False,False,,0,0,False,False,No Card,100,100,1024,1359,918,1024,2,False,False,False,False,False,0,False,False,False,False,76,,46.884,,7633,,10044,,46.884,,True,3.908,3.908,3.908,3.908,3.908,3.908,3.908,3.908,3.908,3.908,3.908,3.908,0,,False,False,True,,,,,,,,,,,,,,,False,False,19.214,,99.5,,75.7,,99.5,,1455,98,7,21,7,141727.5,18897.00,,Idle,,20,,10,,,20,Go Home,False,False,False,False,False,False,False,False,False,False,False,False,33.8027920380556,-117.4659261431046,3209.0,3209.0,1049.4,396.9,True,1,1,False,False,False,False,,True,False,False,Course Lock,196.8,67,16.4,93,E,SW,2.46,11.4,Calm,False,False,Android,7.0.2,M300 RTK,1ZN7L4R0H1D00F,1W9DL31001461C,1ZMLH8300204F0,1Z6PH74DAP0QN7,"Corona, CA",728.3,5.7,137.7,8.547347,2.013246,0,0,DJI Matrice 300 RTK,M300 RTK,1ZN7L4R0H1D00F,1W9DL31001461C,1ZMLH8300204F0,1Z6PH74DAP0QN7,DJI Pilot,Android,7.0.2,1EF72A62-B7C3-C88D-164E-CE6F8C8424AE,1ZN7L4R0H1D00F,1W9DL31001461C,,1ZMLH8300204F0,1W9DL31001461C,,,,,
2023-11-01,11:31:51.96 AM,7m 29.6s,449.6,33.7986592670774,-117.475274401719,69.2,137.7,17.3,1333,3688.4,6.643372,7.161702,-4.697574,2.23694,-4.697574,1.342164,0,0.894776,-2,0,2,-133.8,226.2,225.4,Tripod,Other,,21,5,True,,True,False,,Smart,RC,False,True,False,,,True,,False,False,False,False,False,False,False,False,False,False,0,Follow Yaw,-77.9,0,-142,218,False,False,False,False,False,,0,0,False,False,No Card,100,100,1024,1361,917,1024,2,False,False,False,False,False,0,False,False,False,False,76,,46.884,,7633,,10044,,46.884,,True,3.908,3.908,3.908,3.908,3.908,3.908,3.908,3.908,3.908,3.908,3.908,3.908,0,,False,False,True,,,,,,,,,,,,,,,False,False,19.214,,99.5,,75.7,,99.5,,1455,98,7,21,7,141727.5,18897.00,,Idle,,20,,10,,,20,Go Home,False,False,False,False,False,False,False,False,False,False,False,False,33.8027920380556,-117.4659261431046,3210.0,3210.0,1049.4,396.9,True,1,1,False,False,False,False,,True,False,False,Course Lock,196.8,67,16.4,93,E,SW,2.46,11.4,Calm,False,False,Android,7.0.2,M300 RTK,1ZN7L4R0H1D00F,1W9DL31001461C,1ZMLH8300204F0,1Z6PH74DAP0QN7,"Corona, CA",728.3,5.7,137.7,8.547347,2.013246,0,0,DJI Matrice 300 RTK,M300 RTK,1ZN7L4R0H1D00F,1W9DL31001461C,1ZMLH8300204F0,1Z6PH74DAP0QN7,DJI Pilot,Android,7.0.2,1EF72A62-B7C3-C88D-164E-CE6F8C8424AE,1ZN7L4R0H1D00F,1W9DL31001461C,,1ZMLH8300204F0,1W9DL31001461C,,,,,
2023-11-01,11:31:52.06 AM,7m 29.7s,449.7,33.7986573051348,-117.4752767745597,69.2,137.7,17.3,1333,3689.4,6.643372,7.161702,-4.697574,2.23694,-4.697574,1.342164,0,0.894776,-2,0,2,-133.8,226.2,225.1,Tripod,Other,,21,5,True,,True,False,,Smart,RC,False,True,False,,,True,,False,False,False,False,False,False,False,False,False,False,0,Follow Yaw,-77.9,0,-142,218,False,False,False,False,False,,0,0,False,False,No Card,100,100,1024,1371,906,1024,2,False,False,False,False,False,0,False,False,False,False,76,,46.884,,7633,,10044,,46.884,,True,3.908,3.908,3.908,3.908,3.908,3.908,3.908,3.908,3.908,3.908,3.908,3.908,0,,False,False,True,,,,,,,,,,,,,,,False,False,19.214,,99.5,,75.7,,99.5,,1455,98,7,21,7,141727.5,18897.00,,Idle,,20,,10,,,20,Go Home,False,False,False,False,False,False,False,False,False,False,False,False,33.8027920380556,-117.4659261431046,3211.0,3211.0,1049.4,396.9,True,1,1,False,False,False,False,,True,False,False,Course Lock,196.8,67,16.4,93,E,SW,2.46,11.4,Calm,False,False,Android,7.0.2,M300 RTK,1ZN7L4R0H1D00F,1W9DL31001461C,1ZMLH8300204F0,1Z6PH74DAP0QN7,"Corona, CA",728.3,5.7,137.7,8.547347,2.013246,0,0,DJI Matrice 300 RTK,M300 RTK,1ZN7L4R0H1D00F,1W9DL31001461C,1ZMLH8300204F0,1Z6PH74DAP0QN7,DJI Pilot,Android,7.0.2,1EF72A62-B7C3-C88D-164E-CE6F8C8424AE,1ZN7L4R0H1D00F,1W9DL31001461C,,1ZMLH8300204F0,1W9DL31001461C,,,,,
2023-11-01,11:31:52.16 AM,7m 29.8s,449.8,33.7986553895201,-117.4752791173827,69.2,137.7,17.3,1333,3690.4,6.643372,7.161702,-4.697574,2.23694,-4.697574,1.342164,0,0.894776,-1.9,-0.2,1.9,-133.8,226.2,225.4,Tripod,Other,,21,5,True,,True,False,,Smart,RC,False,True,False,,,True,,False,False,False,False,False,False,False,False,False,False,0,Follow Yaw,-77.9,0,-142,218,False,False,False,False,False,,0,0,False,False,No Card,100,100,1024,1371,913,1024,2,False,False,False,False,False,0,False,False,False,False,76,,46.848,,3789,,4986,,46.848,,True,3.908,3.908,3.908,3.908,3.908,3.908,3.908,3.908,3.908,3.908,3.908,3.908,0,,False,False,True,,,,,,,,,,,,,,,False,False,9.68,,99.5,,75.7,,99.5,,1455,98,7,21,7,141727.5,18897.00,,Idle,,20,,10,,,20,Go Home,False,False,False,False,False,False,False,False,False,False,False,False,33.8027920380556,-117.4659261431046,3211.9,3211.9,1049.4,396.9,True,1,1,False,False,False,False,,True,False,False,Course Lock,196.8,67,16.4,93,E,SW,2.46,11.4,Calm,False,False,Android,7.0.2,M300 RTK,1ZN7L4R0H1D00F,1W9DL31001461C,1ZMLH8300204F0,1Z6PH74DAP0QN7,"Corona, CA",728.3,5.7,137.7,8.547347,2.013246,0,0,DJI Matrice 300 RTK,M300 RTK,1ZN7L4R0H1D00F,1W9DL31001461C,1ZMLH8300204F0,1Z6PH74DAP0QN7,DJI Pilot,Android,7.0.2,1EF72A62-B7C3-C88D-164E-CE6F8C8424AE,1ZN7L4R0H1D00F,1W9DL31001461C,,1ZMLH8300204F0,1W9DL31001461C,,,,,
2023-11-01,11:31:52.27 AM,7m 29.9s,449.9,33.7986534059214,-117.4752815561964,68.8,137.7,17.3,1333,3691.4,6.487126,7.161702,-4.47388,2.23694,-4.697574,1.342164,0,0.894776,-1.9,-0.1,1.9,-133.8,226.2,225.6,Tripod,Other,,21,5,True,,True,False,,Smart,RC,False,True,False,,,True,,False,False,False,False,False,False,False,False,False,False,0,Follow Yaw,-77.9,0,-142,218,False,False,False,False,False,,0,0,False,False,No Card,100,100,1024,1362,925,1024,2,False,False,False,False,False,0,False,False,False,False,76,,46.848,,3789,,4986,,46.848,,True,3.908,3.908,3.908,3.908,3.908,3.908,3.908,3.908,3.908,3.908,3.908,3.908,0,,False,False,True,,,,,,,,,,,,,,,False,False,9.68,,99.5,,75.7,,99.5,,1455,98,7,21,7,141727.5,18897.00,,Idle,,20,,10,,,20,Go Home,False,False,False,False,False,False,False,False,False,False,False,False,33.8027920380556,-117.4659261431046,3212.9,3212.9,1049.4,396.9,True,1,1,False,False,False,False,,True,False,False,Course Lock,196.8,67,16.4,93,E,SW,2.46,11.4,Calm,False,False,Android,7.0.2,M300 RTK,1ZN7L4R0H1D00F,1W9DL31001461C,1ZMLH8300204F0,1Z6PH74DAP0QN7,"Corona, CA",728.3,5.7,137.7,8.547347,2.013246,0,0,DJI Matrice 300 RTK,M300 RTK,1ZN7L4R0H1D00F,1W9DL31001461C,1ZMLH8300204F0,1Z6PH74DAP0QN7,DJI Pilot,Android,7.0.2,1EF72A62-B7C3-C88D-164E-CE6F8C8424AE,1ZN7L4R0H1D00F,1W9DL31001461C,,1ZMLH8300204F0,1W9DL31001461C,,,,,
2023-11-01,11:31:52.38 AM,7m 30.0s,450.0,33.7986514870171,-117.4752838903604,68.8,137.7,17.3,1333,3692.4,6.487126,7.161702,-4.47388,2.23694,-4.697574,1.342164,0,0.894776,-2,0,2,-133.8,226.2,225.3,Tripod,Other,,21,5,True,,True,False,,Smart,RC,False,True,False,,,True,,False,False,False,False,False,False,False,False,False,False,0,Follow Yaw,-77.9,0,-142,218,False,False,False,False,False,,0,0,False,False,No Card,100,100,1024,1367,925,1024,2,False,False,False,False,False,0,False,False,False,False,76,,46.884,,7633,,10044,,46.884,,True,3.908,3.908,3.908,3.908,3.908,3.908,3.908,3.908,3.908,3.908,3.908,3.908,0,,False,False,True,,,,,,,,,,,,,,,False,False,19.388,,99.5,,75.7,,99.5,,1455,98,7,21,7,141727.5,18897.00,,Idle,,20,,10,,,20,Go Home,False,False,False,False,False,False,False,False,False,False,False,False,33.8027920380556,-117.4659261431046,3213.9,3213.9,1049.4,396.9,True,1,1,False,False,False,False,,True,False,False,Course Lock,196.8,67,16.4,93,E,SW,2.46,11.4,Calm,False,False,Android,7.0.2,M300 RTK,1ZN7L4R0H1D00F,1W9DL31001461C,1ZMLH8300204F0,1Z6PH74DAP0QN7,"Corona, CA",728.3,5.7,137.7,8.547347,2.013246,0,0,DJI Matrice 300 RTK,M300 RTK,1ZN7L4R0H1D00F,1W9DL31001461C,1ZMLH8300204F0,1Z6PH74DAP0QN7,DJI Pilot,Android,7.0.2,1EF72A62-B7C3-C88D-164E-CE6F8C8424AE,1ZN7L4R0H1D00F,1W9DL31001461C,,1ZMLH8300204F0,1W9DL31001461C,,,,,
2023-11-01,11:31:52.44 AM,7m 30.1s,450.1,33.7986496558342,-117.4752860420268,68.8,137.7,17.3,1333,3693.4,6.487126,7.161702,-4.47388,2.23694,-4.697574,1.342164,0,0.894776,-2.1,0.2,2.1,-133.9,226.1,224.3,Tripod,Other,,21,5,True,,True,False,,Smart,RC,False,True,False,,,True,,False,False,False,False,False,False,False,False,False,False,0,Follow Yaw,-77.9,0,-142,218,False,False,False,False,False,,0,0,False,False,No Card,100,100,1024,1378,917,1024,2,False,False,False,False,False,0,False,False,False,False,76,,46.884,,7633,,10044,,46.884,,True,3.908,3.908,3.908,3.908,3.908,3.908,3.908,3.908,3.908,3.908,3.908,3.908,0,,False,False,True,,,,,,,,,,,,,,,False,False,19.388,,99.5,,75.7,,99.5,,1455,98,7,21,7,141727.5,18897.00,,Idle,,20,,10,,,20,Go Home,False,False,False,False,False,False,False,False,False,False,False,False,33.8027920380556,-117.4659261431046,3214.7,3214.7,1049.4,396.9,True,1,1,False,False,False,False,,True,False,False,Course Lock,196.8,67,16.4,93,E,SW,2.46,11.4,Calm,False,False,Android,7.0.2,M300 RTK,1ZN7L4R0H1D00F,1W9DL31001461C,1ZMLH8300204F0,1Z6PH74DAP0QN7,"Corona, CA",728.3,5.7,137.7,8.547347,2.013246,0,0,DJI Matrice 300 RTK,M300 RTK,1ZN7L4R0H1D00F,1W9DL31001461C,1ZMLH8300204F0,1Z6PH74DAP0QN7,DJI Pilot,Android,7.0.2,1EF72A62-B7C3-C88D-164E-CE6F8C8424AE,1ZN7L4R0H1D00F,1W9DL31001461C,,1ZMLH8300204F0,1W9DL31001461C,,,,,
2023-11-01,11:31:52.54 AM,7m 30.2s,450.2,33.7986477478951,-117.4752883575536,68.8,137.7,17.3,1333,3694.4,6.487126,7.161702,-4.47388,2.23694,-4.697574,1.342164,0,0.894776,-2,0.3,2,-133.8,226.2,225.2,Tripod,Other,,21,5,True,,True,False,,Smart,RC,False,True,False,,,True,,False,False,False,False,False,False,False,False,False,False,0,Follow Yaw,-77.9,0,-142,218,False,False,False,False,False,,0,0,False,False,No Card,100,100,1024,1376,914,1024,2,False,False,False,False,False,0,False,False,False,False,76,,46.884,,7633,,10044,,46.884,,True,3.908,3.908,3.908,3.908,3.908,3.908,3.908,3.908,3.908,3.908,3.908,3.908,0,,False,False,True,,,,,,,,,,,,,,,False,False,19.388,,99.5,,75.7,,99.5,,1455,98,7,21,7,141727.5,18897.00,,Idle,,20,,10,,,20,Go Home,False,False,False,False,False,False,False,False,False,False,False,False,33.8027920380556,-117.4659261431046,3215.7,3215.7,1049.4,396.9,True,1,1,False,False,False,False,,True,False,False,Course Lock,196.8,67,16.4,93,E,SW,2.46,11.4,Calm,False,False,Android,7.0.2,M300 RTK,1ZN7L4R0H1D00F,1W9DL31001461C,1ZMLH8300204F0,1Z6PH74DAP0QN7,"Corona, CA",728.3,5.7,137.7,8.547347,2.013246,0,0,DJI Matrice 300 RTK,M300 RTK,1ZN7L4R0H1D00F,1W9DL31001461C,1ZMLH8300204F0,1Z6PH74DAP0QN7,DJI Pilot,Android,7.0.2,1EF72A62-B7C3-C88D-164E-CE6F8C8424AE,1ZN7L4R0H1D00F,1W9DL31001461C,,1ZMLH8300204F0,1W9DL31001461C,,,,,
2023-11-01,11:31:52.64 AM,7m 30.3s,450.3,33.7986458920405,-117.4752907270131,68.8,137.7,17.3,1333,3695.4,6.487126,7.161702,-4.47388,2.23694,-4.697574,1.342164,0,0.894776,-1.9,0.3,1.9,-133.8,226.2,226.6,Tripod,Other,,21,5,True,,True,False,,Smart,RC,False,True,False,,,True,,False,False,False,False,False,False,False,False,False,False,0,Follow Yaw,-77.9,0,-142,218,False,False,False,False,False,,0,0,False,False,No Card,100,100,1024,1365,910,1024,2,False,False,False,False,False,0,False,False,False,False,76,,46.884,,7633,,10044,,46.884,,True,3.908,3.908,3.908,3.908,3.908,3.908,3.908,3.908,3.908,3.908,3.908,3.908,0,,False,False,True,,,,,,,,,,,,,,,False,False,19.388,,99.5,,75.7,,99.5,,1455,98,7,21,7,142162.2,18954.96,,Idle,,20,,10,,,20,Go Home,False,False,False,False,False,False,False,False,False,False,False,False,33.8027920380556,-117.4659261431046,3216.6,3216.6,1049.4,396.9,True,1,1,False,False,False,False,,True,False,False,Course Lock,196.8,67,16.4,93,E,SW,2.46,11.4,Calm,False,False,Android,7.0.2,M300 RTK,1ZN7L4R0H1D00F,1W9DL31001461C,1ZMLH8300204F0,1Z6PH74DAP0QN7,"Corona, CA",728.3,5.7,137.7,8.547347,2.013246,0,0,DJI Matrice 300 RTK,M300 RTK,1ZN7L4R0H1D00F,1W9DL31001461C,1ZMLH8300204F0,1Z6PH74DAP0QN7,DJI Pilot,Android,7.0.2,1EF72A62-B7C3-C88D-164E-CE6F8C8424AE,1ZN7L4R0H1D00F,1W9DL31001461C,,1ZMLH8300204F0,1W9DL31001461C,,,,,
2023-11-01,11:31:52.74 AM,7m 30.4s,450.4,33.7986439945183,-117.4752930528069,68.8,137.7,17.3,1333,3696.3,6.487126,7.161702,-4.47388,2.23694,-4.697574,1.342164,0,0.894776,-1.8,0.1,1.8,-133.9,226.1,225.5,Tripod,Other,,21,5,True,,True,False,,Smart,RC,False,True,False,,,True,,False,False,False,False,False,False,False,False,False,False,0,Follow Yaw,-77.9,0,-142,218,False,False,False,False,False,,0,0,False,False,No Card,100,100,1024,1363,920,1024,2,False,False,False,False,False,0,False,False,False,False,76,,46.884,,7633,,10044,,46.884,,True,3.908,3.908,3.908,3.908,3.908,3.908,3.908,3.908,3.908,3.908,3.908,3.908,0,,False,False,True,,,,,,,,,,,,,,,False,False,19.388,,99.5,,75.7,,99.5,,1455,98,7,21,7,142162.2,18954.96,,Idle,,20,,10,,,20,Go Home,False,False,False,False,False,False,False,False,False,False,False,False,33.8027920380556,-117.4659261431046,3217.6,3217.6,1049.4,396.9,True,1,1,False,False,False,False,,True,False,False,Course Lock,196.8,67,16.4,93,E,SW,2.46,11.4,Calm,False,False,Android,7.0.2,M300 RTK,1ZN7L4R0H1D00F,1W9DL31001461C,1ZMLH8300204F0,1Z6PH74DAP0QN7,"Corona, CA",728.3,5.7,137.7,8.547347,2.013246,0,0,DJI Matrice 300 RTK,M300 RTK,1ZN7L4R0H1D00F,1W9DL31001461C,1ZMLH8300204F0,1Z6PH74DAP0QN7,DJI Pilot,Android,7.0.2,1EF72A62-B7C3-C88D-164E-CE6F8C8424AE,1ZN7L4R0H1D00F,1W9DL31001461C,,1ZMLH8300204F0,1W9DL31001461C,,,,,
2023-11-01,11:31:52.84 AM,7m 30.5s,450.5,33.7986417979212,-117.4752952945676,68.8,137.7,17.3,1333,3697.4,6.487126,7.161702,-4.47388,2.23694,-4.697574,1.342164,0,0.894776,-1.7,-0.2,1.7,-134,226,220.3,Tripod,Other,,21,5,True,,True,False,,Smart,RC,False,True,False,,,True,,False,False,False,False,False,False,False,False,False,False,0,Follow Yaw,-77.9,0,-142,218,False,False,False,False,False,,0,0,False,False,No Card,100,100,1024,1355,919,1024,2,False,False,False,False,False,0,False,False,False,False,76,,46.884,,7633,,10044,,46.884,,True,3.908,3.908,3.908,3.908,3.908,3.908,3.908,3.908,3.908,3.908,3.908,3.908,0,,False,False,True,,,,,,,,,,,,,,,False,False,19.388,,99.5,,75.7,,99.5,,1455,98,7,21,7,142162.2,18954.96,,Idle,,20,,10,,,20,Go Home,False,False,False,False,False,False,False,False,False,False,False,False,33.8027920380556,-117.4659261431046,3218.6,3218.6,1049.4,396.9,True,1,1,False,False,False,False,,True,False,False,Course Lock,196.8,67,16.4,93,E,SW,2.23,11.4,Calm,False,False,Android,7.0.2,M300 RTK,1ZN7L4R0H1D00F,1W9DL31001461C,1ZMLH8300204F0,1Z6PH74DAP0QN7,"Corona, CA",728.3,5.7,137.7,8.547347,2.013246,0,0,DJI Matrice 300 RTK,M300 RTK,1ZN7L4R0H1D00F,1W9DL31001461C,1ZMLH8300204F0,1Z6PH74DAP0QN7,DJI Pilot,Android,7.0.2,1EF72A62-B7C3-C88D-164E-CE6F8C8424AE,1ZN7L4R0H1D00F,1W9DL31001461C,,1ZMLH8300204F0,1W9DL31001461C,,,,,
2023-11-01,11:31:52.94 AM,7m 30.6s,450.6,33.7986398710672,-117.4752976004045,68.8,137.7,17.3,1333,3698.4,6.487126,7.161702,-4.47388,2.23694,-4.697574,1.342164,0,0.894776,-1.7,-0.6,1.8,-134,226,224.8,Tripod,Other,,21,5,True,,True,False,,Smart,RC,False,True,False,,,True,,False,False,False,False,False,False,False,False,False,False,0,Follow Yaw,-77.9,0,-142,218,False,False,False,False,False,,0,0,False,False,No Card,100,100,1024,1350,917,1024,2,False,False,False,False,False,0,False,False,False,False,76,,46.884,,7633,,10044,,46.884,,True,3.908,3.908,3.908,3.908,3.908,3.908,3.908,3.908,3.908,3.908,3.908,3.908,0,,False,False,True,,,,,,,,,,,,,,,False,False,19.388,,99.5,,75.7,,99.5,,1455,98,7,21,7,142162.2,18954.96,,Idle,,20,,10,,,20,Go Home,False,False,False,False,False,False,False,False,False,False,False,False,33.8027920380556,-117.4659261431046,3219.5,3219.5,1049.4,396.9,True,1,1,False,False,False,False,,True,False,False,Course Lock,196.8,67,16.4,93,E,SW,2.23,11.4,Calm,False,False,Android,7.0.2,M300 RTK,1ZN7L4R0H1D00F,1W9DL31001461C,1ZMLH8300204F0,1Z6PH74DAP0QN7,"Corona, CA",728.3,5.7,137.7,8.547347,2.013246,0,0,DJI Matrice 300 RTK,M300 RTK,1ZN7L4R0H1D00F,1W9DL31001461C,1ZMLH8300204F0,1Z6PH74DAP0QN7,DJI Pilot,Android,7.0.2,1EF72A62-B7C3-C88D-164E-CE6F8C8424AE,1ZN7L4R0H1D00F,1W9DL31001461C,,1ZMLH8300204F0,1W9DL31001461C,,,,,
2023-11-01,11:31:53.04 AM,7m 30.7s,450.7,33.7986381796902,-117.475299854164,68.8,137.7,17.3,1333,3699.3,6.643372,7.161702,-4.697574,2.23694,-4.697574,1.342164,0,0.894776,-1.7,-0.4,1.7,-133.9,226.1,227.9,Tripod,Other,,21,5,True,,True,False,,Smart,RC,False,True,False,,,True,,False,False,False,False,False,False,False,False,False,False,0,Follow Yaw,-77.9,0,-142,218,False,False,False,False,False,,0,0,False,False,No Card,100,100,1024,1351,923,1024,2,False,False,False,False,False,0,False,False,False,False,76,,46.884,,7633,,10044,,46.884,,True,3.908,3.908,3.908,3.908,3.908,3.908,3.908,3.908,3.908,3.908,3.908,3.908,0,,False,False,True,,,,,,,,,,,,,,,False,False,19.388,,99.5,,75.7,,99.5,,1455,98,7,21,7,142162.2,18954.96,,Idle,,20,,10,,,20,Go Home,False,False,False,False,False,False,False,False,False,False,False,False,33.8027920380556,-117.4659261431046,3220.4,3220.4,1049.4,396.9,True,1,1,False,False,False,False,,True,False,False,Course Lock,196.8,67,16.4,93,E,SW,2.23,11.4,Calm,False,False,Android,7.0.2,M300 RTK,1ZN7L4R0H1D00F,1W9DL31001461C,1ZMLH8300204F0,1Z6PH74DAP0QN7,"Corona, CA",728.3,5.7,137.7,8.547347,2.013246,0,0,DJI Matrice 300 RTK,M300 RTK,1ZN7L4R0H1D00F,1W9DL31001461C,1ZMLH8300204F0,1Z6PH74DAP0QN7,DJI Pilot,Android,7.0.2,1EF72A62-B7C3-C88D-164E-CE6F8C8424AE,1ZN7L4R0H1D00F,1W9DL31001461C,,1ZMLH8300204F0,1W9DL31001461C,,,,,
2023-11-01,11:31:53.14 AM,7m 30.8s,450.8,33.7986362607859,-117.475302135591,68.8,137.7,17.7,1333,3700.3,6.643372,7.161702,-4.697574,2.23694,-4.697574,1.342164,0,0.894776,-1.6,0,1.6,-133.8,226.2,224.6,Tripod,Other,,21,5,True,,True,False,,Smart,RC,False,True,False,,,True,,False,False,False,False,False,False,False,False,False,False,0,Follow Yaw,-77.9,0,-142,218,False,False,False,False,False,,0,0,False,False,No Card,100,100,1024,1369,918,1024,2,False,False,False,False,False,0,False,False,False,False,76,,46.884,,7633,,10044,,46.884,,True,3.908,3.908,3.908,3.908,3.908,3.908,3.908,3.908,3.908,3.908,3.908,3.908,0,,False,False,True,,,,,,,,,,,,,,,False,False,19.388,,99.5,,75.7,,99.5,,1455,98,7,21,7,142162.2,18954.96,,Idle,,20,,10,,,20,Go Home,False,False,False,False,False,False,False,False,False,False,False,False,33.8027920380556,-117.4659261431046,3221.3,3221.3,1049.4,396.9,True,1,1,False,False,False,False,,True,False,False,Course Lock,196.8,67,16.4,93,E,SW,2.23,11.4,Calm,False,False,Android,7.0.2,M300 RTK,1ZN7L4R0H1D00F,1W9DL31001461C,1ZMLH8300204F0,1Z6PH74DAP0QN7,"Corona, CA",728.3,5.7,137.7,8.547347,2.013246,0,0,DJI Matrice 300 RTK,M300 RTK,1ZN7L4R0H1D00F,1W9DL31001461C,1ZMLH8300204F0,1Z6PH74DAP0QN7,DJI Pilot,Android,7.0.2,1EF72A62-B7C3-C88D-164E-CE6F8C8424AE,1ZN7L4R0H1D00F,1W9DL31001461C,,1ZMLH8300204F0,1W9DL31001461C,,,,,
2023-11-01,11:31:53.24 AM,7m 30.9s,450.9,33.7986343566846,-117.4753045067824,68.8,137.7,17.7,1333,3701.3,6.487126,7.161702,-4.47388,2.23694,-4.697574,1.342164,0,0.894776,-1.5,0.3,1.5,-133.7,226.3,225.9,Tripod,Other,,21,5,True,,True,False,,Smart,RC,False,True,False,,,True,,False,False,False,False,False,False,False,False,False,False,0,Follow Yaw,-77.9,0,-142,218,False,False,False,False,False,,0,0,False,False,No Card,100,100,1024,1380,909,1024,2,False,False,False,False,False,0,False,False,False,False,76,,46.848,,3789,,4986,,46.848,,True,3.908,3.908,3.908,3.908,3.908,3.908,3.908,3.908,3.908,3.908,3.908,3.908,0,,False,False,True,,,,,,,,,,,,,,,False,False,9.686,,99.5,,75.7,,99.5,,1455,98,7,21,7,142162.2,18954.96,,Idle,,20,,10,,,20,Go Home,False,False,False,False,False,False,False,False,False,False,False,False,33.8027920380556,-117.4659261431046,3222.3,3222.3,1049.4,396.9,True,1,1,False,False,False,False,,True,False,False,Course Lock,196.8,67,16.4,93,E,SW,2.23,11.4,Calm,False,False,Android,7.0.2,M300 RTK,1ZN7L4R0H1D00F,1W9DL31001461C,1ZMLH8300204F0,1Z6PH74DAP0QN7,"Corona, CA",728.3,5.7,137.7,8.547347,2.013246,0,0,DJI Matrice 300 RTK,M300 RTK,1ZN7L4R0H1D00F,1W9DL31001461C,1ZMLH8300204F0,1Z6PH74DAP0QN7,DJI Pilot,Android,7.0.2,1EF72A62-B7C3-C88D-164E-CE6F8C8424AE,1ZN7L4R0H1D00F,1W9DL31001461C,,1ZMLH8300204F0,1W9DL31001461C,,,,,
2023-11-01,11:31:53.34 AM,7m 31.0s,451.0,33.798632447649,-117.4753067986413,68.8,137.7,17.7,1333,3702.3,6.487126,7.161702,-4.47388,2.23694,-4.697574,1.342164,0,0.894776,-1.3,0.6,1.4,-133.8,226.2,224.9,Tripod,Other,,21,5,True,,True,False,,Smart,RC,False,True,False,,,True,,False,False,False,False,False,False,False,False,False,False,0,Follow Yaw,-77.9,0,-142,218,False,False,False,False,False,,0,0,False,False,No Card,100,100,1024,1372,908,1024,2,False,False,False,False,False,0,False,False,False,False,76,,46.872,,7633,,10044,,46.872,,True,3.908,3.908,3.908,3.908,3.908,3.908,3.908,3.908,3.908,3.908,3.908,3.908,0,,False,False,True,,,,,,,,,,,,,,,False,False,19.432,,99.5,,75.7,,99.5,,1455,98,7,21,7,142162.2,18954.96,,Idle,,20,,10,,,20,Go Home,False,False,False,False,False,False,False,False,False,False,False,False,33.8027920380556,-117.4659261431046,3223.3,3223.3,1049.4,396.9,True,1,1,False,False,False,False,,True,False,False,Course Lock,196.8,67,16.4,93,E,SW,2.23,11.4,Calm,False,False,Android,7.0.2,M300 RTK,1ZN7L4R0H1D00F,1W9DL31001461C,1ZMLH8300204F0,1Z6PH74DAP0QN7,"Corona, CA",728.3,5.7,137.7,8.547347,2.013246,0,0,DJI Matrice 300 RTK,M300 RTK,1ZN7L4R0H1D00F,1W9DL31001461C,1ZMLH8300204F0,1Z6PH74DAP0QN7,DJI Pilot,Android,7.0.2,1EF72A62-B7C3-C88D-164E-CE6F8C8424AE,1ZN7L4R0H1D00F,1W9DL31001461C,,1ZMLH8300204F0,1W9DL31001461C,,,,,
2023-11-01,11:31:53.41 AM,7m 31.1s,451.1,33.7986305789104,-117.4753090808517,68.8,137.7,17.7,1333,3703.2,6.487126,7.161702,-4.47388,2.23694,-4.697574,1.342164,0,0.894776,-1.2,0.6,1.3,-133.9,226.1,225.4,Tripod,Other,,21,5,True,,True,False,,Smart,RC,False,True,False,,,True,,False,False,False,False,False,False,False,False,False,False,0,Follow Yaw,-77.9,0,-142,218,False,False,False,False,False,,0,0,False,False,No Card,100,100,1024,1360,908,1024,2,False,False,False,False,False,0,False,False,False,False,76,,46.872,,7633,,10044,,46.872,,True,3.908,3.908,3.908,3.908,3.908,3.908,3.908,3.908,3.908,3.908,3.908,3.908,0,,False,False,True,,,,,,,,,,,,,,,False,False,19.432,,99.5,,75.7,,99.5,,1455,98,7,21,7,142162.2,18954.96,,Idle,,20,,10,,,20,Go Home,False,False,False,False,False,False,False,False,False,False,False,False,33.8027920380556,-117.4659261431046,3224.2,3224.2,1049.4,396.9,True,1,1,False,False,False,False,,True,False,False,Course Lock,196.8,67,16.4,93,E,SW,2.23,11.4,Calm,False,False,Android,7.0.2,M300 RTK,1ZN7L4R0H1D00F,1W9DL31001461C,1ZMLH8300204F0,1Z6PH74DAP0QN7,"Corona, CA",728.3,5.7,137.7,8.547347,2.013246,0,0,DJI Matrice 300 RTK,M300 RTK,1ZN7L4R0H1D00F,1W9DL31001461C,1ZMLH8300204F0,1Z6PH74DAP0QN7,DJI Pilot,Android,7.0.2,1EF72A62-B7C3-C88D-164E-CE6F8C8424AE,1ZN7L4R0H1D00F,1W9DL31001461C,,1ZMLH8300204F0,1W9DL31001461C,,,,,
2023-11-01,11:31:53.54 AM,7m 31.2s,451.2,33.7986286994807,-117.4753113835136,68.8,137.7,17.7,1333,3704.2,6.487126,7.161702,-4.47388,2.23694,-4.697574,1.342164,0,0.894776,-1.1,0.1,1.1,-134,226,225.5,Tripod,Other,,21,5,True,,True,False,,Smart,RC,False,True,False,,,True,,False,False,False,False,False,False,False,False,False,False,0,Follow Yaw,-77.9,0,-142,218,False,False,False,False,False,,0,0,False,False,No Card,100,100,1024,1362,904,1024,2,False,False,False,False,False,0,False,False,False,False,76,,46.872,,7633,,10044,,46.872,,True,3.908,3.908,3.908,3.908,3.908,3.908,3.908,3.908,3.908,3.908,3.908,3.908,0,,False,False,True,,,,,,,,,,,,,,,False,False,19.432,,99.5,,75.7,,99.5,,1455,98,7,21,7,142162.2,18954.96,,Idle,,20,,10,,,20,Go Home,False,False,False,False,False,False,False,False,False,False,False,False,33.8027920380556,-117.4659261431046,3225.1,3225.1,1049.4,396.9,True,1,1,False,False,False,False,,True,False,False,Course Lock,196.8,67,16.4,93,E,SW,2.23,11.4,Calm,False,False,Android,7.0.2,M300 RTK,1ZN7L4R0H1D00F,1W9DL31001461C,1ZMLH8300204F0,1Z6PH74DAP0QN7,"Corona, CA",728.3,5.7,137.7,8.547347,2.013246,0,0,DJI Matrice 300 RTK,M300 RTK,1ZN7L4R0H1D00F,1W9DL31001461C,1ZMLH8300204F0,1Z6PH74DAP0QN7,DJI Pilot,Android,7.0.2,1EF72A62-B7C3-C88D-164E-CE6F8C8424AE,1ZN7L4R0H1D00F,1W9DL31001461C,,1ZMLH8300204F0,1W9DL31001461C,,,,,
2023-11-01,11:31:53.64 AM,7m 31.3s,451.3,33.7986270355166,-117.4753137513239,68.8,137.7,17.7,1333,3705.2,6.487126,7.161702,-4.47388,2.23694,-4.697574,1.342164,0,0.894776,-1.1,-0.4,1.1,-134.1,225.9,229.7,Tripod,Other,,21,5,True,,True,False,,Smart,RC,False,True,False,,,True,,False,False,False,False,False,False,False,False,False,False,0,Follow Yaw,-77.9,0,-142,218,False,False,False,False,False,,0,0,False,False,No Card,100,100,1024,1362,904,1024,2,False,False,False,False,False,0,False,False,False,False,76,,46.872,,7633,,10044,,46.872,,True,3.908,3.908,3.908,3.908,3.908,3.908,3.908,3.908,3.908,3.908,3.908,3.908,0,,False,False,True,,,,,,,,,,,,,,,False,False,19.432,,99.5,,75.7,,99.5,,1454,98,7,21,7,142682.3,19024.31,,Idle,,20,,10,,,20,Go Home,False,False,False,False,False,False,False,False,False,False,False,False,33.8027920380556,-117.4659261431046,3226.0,3226.0,1049.4,396.9,True,1,1,False,False,False,False,,True,False,False,Course Lock,196.8,67,16.4,93,E,SW,2.23,11.4,Calm,False,False,Android,7.0.2,M300 RTK,1ZN7L4R0H1D00F,1W9DL31001461C,1ZMLH8300204F0,1Z6PH74DAP0QN7,"Corona, CA",728.3,5.7,137.7,8.547347,2.013246,0,0,DJI Matrice 300 RTK,M300 RTK,1ZN7L4R0H1D00F,1W9DL31001461C,1ZMLH8300204F0,1Z6PH74DAP0QN7,DJI Pilot,Android,7.0.2,1EF72A62-B7C3-C88D-164E-CE6F8C8424AE,1ZN7L4R0H1D00F,1W9DL31001461C,,1ZMLH8300204F0,1W9DL31001461C,,,,,
2023-11-01,11:31:53.72 AM,7m 31.4s,451.4,33.7986251887083,-117.4753160388946,68.8,137.7,17.7,1333,3706.1,6.487126,7.161702,-4.47388,2.23694,-4.697574,1.342164,0,0.894776,-1.2,-0.5,1.3,-134.1,225.9,225.8,Tripod,Other,,21,5,True,,True,False,,Smart,RC,False,True,False,,,True,,False,False,False,False,False,False,False,False,False,False,0,Follow Yaw,-77.9,0,-142,218,False,False,False,False,False,,0,0,False,False,No Card,100,100,1024,1377,891,1024,2,False,False,False,False,False,0,False,False,False,False,76,,46.872,,7633,,10044,,46.872,,True,3.908,3.908,3.908,3.908,3.908,3.908,3.908,3.908,3.908,3.908,3.908,3.908,0,,False,False,True,,,,,,,,,,,,,,,False,False,19.432,,99.5,,75.7,,99.5,,1454,98,7,21,7,142682.3,19024.31,,Idle,,20,,10,,,20,Go Home,False,False,False,False,False,False,False,False,False,False,False,False,33.8027920380556,-117.4659261431046,3227.0,3227.0,1049.4,396.9,True,1,1,False,False,False,False,,True,False,False,Course Lock,196.8,67,16.4,93,E,SW,2.23,11.4,Calm,False,False,Android,7.0.2,M300 RTK,1ZN7L4R0H1D00F,1W9DL31001461C,1ZMLH8300204F0,1Z6PH74DAP0QN7,"Corona, CA",728.3,5.7,137.7,8.547347,2.013246,0,0,DJI Matrice 300 RTK,M300 RTK,1ZN7L4R0H1D00F,1W9DL31001461C,1ZMLH8300204F0,1Z6PH74DAP0QN7,DJI Pilot,Android,7.0.2,1EF72A62-B7C3-C88D-164E-CE6F8C8424AE,1ZN7L4R0H1D00F,1W9DL31001461C,,1ZMLH8300204F0,1W9DL31001461C,,,,,
2023-11-01,11:31:53.84 AM,7m 31.5s,451.5,33.7986231478165,-117.4753183099308,68.8,137.7,17.7,1333,3707.1,6.487126,7.161702,-4.47388,2.23694,-4.697574,1.342164,0,0.894776,-1.2,-0.2,1.2,-134.1,225.9,222.7,Tripod,Other,,21,5,True,,True,False,,Smart,RC,False,True,False,,,True,,False,False,False,False,False,False,False,False,False,False,0,Follow Yaw,-77.9,0,-142,218,False,False,False,False,False,,0,0,False,False,No Card,100,100,1024,1377,890,1024,2,False,False,False,False,False,0,False,False,False,False,76,,46.872,,7633,,10044,,46.872,,True,3.908,3.908,3.908,3.908,3.908,3.908,3.908,3.908,3.908,3.908,3.908,3.908,0,,False,False,True,,,,,,,,,,,,,,,False,False,19.432,,99.5,,75.7,,99.5,,1454,98,7,21,7,142682.3,19024.31,,Idle,,20,,10,,,20,Go Home,False,False,False,False,False,False,False,False,False,False,False,False,33.8027920380556,-117.4659261431046,3227.9,3227.9,1049.4,396.9,True,1,1,False,False,False,False,,True,False,False,Course Lock,196.8,67,16.4,93,E,SW,2.23,11.4,Calm,False,False,Android,7.0.2,M300 RTK,1ZN7L4R0H1D00F,1W9DL31001461C,1ZMLH8300204F0,1Z6PH74DAP0QN7,"Corona, CA",728.3,5.7,137.7,8.547347,2.013246,0,0,DJI Matrice 300 RTK,M300 RTK,1ZN7L4R0H1D00F,1W9DL31001461C,1ZMLH8300204F0,1Z6PH74DAP0QN7,DJI Pilot,Android,7.0.2,1EF72A62-B7C3-C88D-164E-CE6F8C8424AE,1ZN7L4R0H1D00F,1W9DL31001461C,,1ZMLH8300204F0,1W9DL31001461C,,,,,
2023-11-01,11:31:53.94 AM,7m 31.6s,451.6,33.7986212996376,-117.4753205702051,68.8,137.7,17.7,1333,3708.1,6.327021,7.161702,-4.47388,2.23694,-4.47388,1.342164,0,0.894776,-1.4,0,1.4,-134.1,225.9,225.4,Tripod,Other,,22,5,True,,True,False,,Smart,RC,False,True,False,,,True,,False,False,False,False,False,False,False,False,False,False,0,Follow Yaw,-77.9,0,-142,218,False,False,False,False,False,,0,0,False,False,No Card,100,100,1024,1376,890,1024,2,False,False,False,False,False,0,False,False,False,False,76,,46.872,,7633,,10044,,46.872,,True,3.908,3.908,3.908,3.908,3.908,3.908,3.908,3.908,3.908,3.908,3.908,3.908,0,,False,False,True,,,,,,,,,,,,,,,False,False,19.432,,99.5,,75.7,,99.5,,1454,98,7,21,7,142682.3,19024.31,,Idle,,20,,10,,,20,Go Home,False,False,False,False,False,False,False,False,False,False,False,False,33.8027920380556,-117.4659261431046,3228.8,3228.8,1049.4,396.9,True,1,1,False,False,False,False,,True,False,False,Course Lock,196.8,67,16.4,93,E,SW,2.23,11.4,Calm,False,False,Android,7.0.2,M300 RTK,1ZN7L4R0H1D00F,1W9DL31001461C,1ZMLH8300204F0,1Z6PH74DAP0QN7,"Corona, CA",728.3,5.7,137.7,8.547347,2.013246,0,0,DJI Matrice 300 RTK,M300 RTK,1ZN7L4R0H1D00F,1W9DL31001461C,1ZMLH8300204F0,1Z6PH74DAP0QN7,DJI Pilot,Android,7.0.2,1EF72A62-B7C3-C88D-164E-CE6F8C8424AE,1ZN7L4R0H1D00F,1W9DL31001461C,,1ZMLH8300204F0,1W9DL31001461C,,,,,
2023-11-01,11:31:54.03 AM,7m 31.7s,451.7,33.7986195405507,-117.475322929975,68.5,137.7,17.7,1332,3709.1,6.327021,7.161702,-4.47388,2.23694,-4.47388,1.342164,0,0.894776,-1.8,0.1,1.8,-134.1,225.9,228.1,Tripod,Other,,22,5,True,,True,False,,Smart,RC,False,True,False,,,True,,False,False,False,False,False,False,False,False,False,False,0,Follow Yaw,-77.9,0,-142,218,False,False,False,False,False,,0,0,False,False,No Card,100,100,1024,1377,889,1024,2,False,False,False,False,False,0,False,False,False,False,76,,46.872,,7633,,10044,,46.872,,True,3.908,3.908,3.908,3.908,3.908,3.908,3.908,3.908,3.908,3.908,3.908,3.908,0,,False,False,True,,,,,,,,,,,,,,,False,False,19.432,,99.5,,75.7,,99.5,,1454,98,7,21,7,142682.3,19024.31,,Idle,,20,,10,,,20,Go Home,False,False,False,False,False,False,False,False,False,False,False,False,33.8027920380556,-117.4659261431046,3229.8,3229.8,1049.4,396.9,True,1,1,False,False,False,False,,True,False,False,Course Lock,196.8,67,16.4,93,NE,S,2.23,11.4,Calm,False,False,Android,7.0.2,M300 RTK,1ZN7L4R0H1D00F,1W9DL31001461C,1ZMLH8300204F0,1Z6PH74DAP0QN7,"Corona, CA",728.3,5.7,137.7,8.547347,2.013246,0,0,DJI Matrice 300 RTK,M300 RTK,1ZN7L4R0H1D00F,1W9DL31001461C,1ZMLH8300204F0,1Z6PH74DAP0QN7,DJI Pilot,Android,7.0.2,1EF72A62-B7C3-C88D-164E-CE6F8C8424AE,1ZN7L4R0H1D00F,1W9DL31001461C,,1ZMLH8300204F0,1W9DL31001461C,,,,,
2023-11-01,11:31:54.13 AM,7m 31.8s,451.8,33.798617716221,-117.4753251920223,68.5,137.7,17.7,1332,3710.0,6.327021,7.161702,-4.47388,2.23694,-4.47388,1.342164,0,0.894776,-1.9,0.1,1.9,-134,226,225.8,Tripod,Other,,22,5,True,,True,False,,Smart,RC,False,True,False,,,True,,False,False,False,False,False,False,False,False,False,False,0,Follow Yaw,-77.9,0,-142,218,False,False,False,False,False,,0,0,False,False,No Card,100,100,1024,1379,890,1024,2,False,False,False,False,False,0,False,False,False,False,76,,46.872,,7633,,10044,,46.872,,True,3.908,3.908,3.908,3.908,3.908,3.908,3.908,3.908,3.908,3.908,3.908,3.908,0,,False,False,True,,,,,,,,,,,,,,,False,False,19.432,,99.5,,75.7,,99.5,,1454,98,7,21,7,142682.3,19024.31,,Idle,,20,,10,,,20,Go Home,False,False,False,False,False,False,False,False,False,False,False,False,33.8027920380556,-117.4659261431046,3230.7,3230.7,1049.4,396.9,True,1,1,False,False,False,False,,True,False,False,Course Lock,196.8,67,16.4,93,NE,S,2.23,11.4,Calm,False,False,Android,7.0.2,M300 RTK,1ZN7L4R0H1D00F,1W9DL31001461C,1ZMLH8300204F0,1Z6PH74DAP0QN7,"Corona, CA",728.3,5.7,137.7,8.547347,2.013246,0,0,DJI Matrice 300 RTK,M300 RTK,1ZN7L4R0H1D00F,1W9DL31001461C,1ZMLH8300204F0,1Z6PH74DAP0QN7,DJI Pilot,Android,7.0.2,1EF72A62-B7C3-C88D-164E-CE6F8C8424AE,1ZN7L4R0H1D00F,1W9DL31001461C,,1ZMLH8300204F0,1W9DL31001461C,,,,,
2023-11-01,11:31:54.24 AM,7m 31.9s,451.9,33.7986157520854,-117.4753274816959,68.5,137.7,17.7,1332,3711.0,6.170873,7.161702,-4.250186,2.23694,-4.47388,1.342164,0,0.894776,-1.9,0,1.9,-133.9,226.1,224.0,Tripod,Other,,22,5,True,,True,False,,Smart,RC,False,True,False,,,True,,False,False,False,False,False,False,False,False,False,False,0,Follow Yaw,-77.9,0,-142,218,False,False,False,False,False,,0,0,False,False,No Card,100,100,1024,1375,895,1024,2,False,False,False,False,False,0,False,False,False,False,76,,46.872,,7633,,10044,,46.872,,True,3.908,3.908,3.908,3.908,3.908,3.908,3.908,3.908,3.908,3.908,3.908,3.908,0,,False,False,True,,,,,,,,,,,,,,,False,False,19.432,,99.5,,75.7,,99.5,,1454,98,7,21,7,142682.3,19024.31,,Idle,,20,,10,,,20,Go Home,False,False,False,False,False,False,False,False,False,False,False,False,33.8027920380556,-117.4659261431046,3231.7,3231.7,1049.4,396.9,True,1,1,False,False,False,False,,True,False,False,Course Lock,196.8,67,16.4,93,NE,S,2.23,11.4,Calm,False,False,Android,7.0.2,M300 RTK,1ZN7L4R0H1D00F,1W9DL31001461C,1ZMLH8300204F0,1Z6PH74DAP0QN7,"Corona, CA",728.3,5.7,137.7,8.547347,2.013246,0,0,DJI Matrice 300 RTK,M300 RTK,1ZN7L4R0H1D00F,1W9DL31001461C,1ZMLH8300204F0,1Z6PH74DAP0QN7,DJI Pilot,Android,7.0.2,1EF72A62-B7C3-C88D-164E-CE6F8C8424AE,1ZN7L4R0H1D00F,1W9DL31001461C,,1ZMLH8300204F0,1W9DL31001461C,,,,,
2023-11-01,11:31:54.34 AM,7m 32.0s,452.0,33.7986139209025,-117.475329746176,68.5,137.7,17.7,1332,3712.0,6.170873,7.161702,-4.250186,2.23694,-4.47388,1.342164,0,0.894776,-1.9,-0.2,1.9,-133.9,226.1,225.7,Tripod,Other,,22,5,True,,True,False,,Smart,RC,False,True,False,,,True,,False,False,False,False,False,False,False,False,False,False,0,Follow Yaw,-77.9,0,-142,218,False,False,False,False,False,,0,0,False,False,No Card,100,100,1024,1374,896,1024,2,False,False,False,False,False,0,False,False,False,False,76,,46.848,,7633,,10044,,46.848,,True,3.908,3.908,3.908,3.908,3.908,3.908,3.908,3.908,3.908,3.908,3.908,3.908,0,,False,False,True,,,,,,,,,,,,,,,False,False,18.964,,99.5,,75.7,,99.5,,1454,98,7,21,7,142682.3,19024.31,,Idle,,20,,10,,,20,Go Home,False,False,False,False,False,False,False,False,False,False,False,False,33.8027920380556,-117.4659261431046,3232.6,3232.6,1049.4,396.9,True,1,1,False,False,False,False,,True,False,False,Course Lock,196.8,67,16.4,93,NE,S,2.23,11.4,Calm,False,False,Android,7.0.2,M300 RTK,1ZN7L4R0H1D00F,1W9DL31001461C,1ZMLH8300204F0,1Z6PH74DAP0QN7,"Corona, CA",728.3,5.7,137.7,8.547347,2.013246,0,0,DJI Matrice 300 RTK,M300 RTK,1ZN7L4R0H1D00F,1W9DL31001461C,1ZMLH8300204F0,1Z6PH74DAP0QN7,DJI Pilot,Android,7.0.2,1EF72A62-B7C3-C88D-164E-CE6F8C8424AE,1ZN7L4R0H1D00F,1W9DL31001461C,,1ZMLH8300204F0,1W9DL31001461C,,,,,
2023-11-01,11:31:54.44 AM,7m 32.1s,452.1,33.7986120869782,-117.4753319455079,68.5,137.7,17.7,1332,3712.9,6.170873,7.161702,-4.250186,2.23694,-4.47388,1.342164,0,0.894776,-1.9,-0.2,1.9,-133.9,226.1,224.9,Tripod,Other,,22,5,True,,True,False,,Smart,RC,False,True,False,,,True,,False,False,False,False,False,False,False,False,False,False,0,Follow Yaw,-77.9,0,-142,218,False,False,False,False,False,,0,0,False,False,No Card,100,100,1024,1374,898,1024,2,False,False,False,False,False,0,False,False,False,False,76,,46.848,,7633,,10044,,46.848,,True,3.908,3.908,3.908,3.908,3.908,3.908,3.908,3.908,3.908,3.908,3.908,3.908,0,,False,False,True,,,,,,,,,,,,,,,False,False,18.964,,99.5,,75.7,,99.5,,1454,98,7,21,7,142682.3,19024.31,,Idle,,20,,10,,,20,Go Home,False,False,False,False,False,False,False,False,False,False,False,False,33.8027920380556,-117.4659261431046,3233.5,3233.5,1049.4,396.9,True,1,1,False,False,False,False,,True,False,False,Course Lock,196.8,67,16.4,93,NE,S,2.23,11.4,Calm,False,False,Android,7.0.2,M300 RTK,1ZN7L4R0H1D00F,1W9DL31001461C,1ZMLH8300204F0,1Z6PH74DAP0QN7,"Corona, CA",728.3,5.7,137.7,8.547347,2.013246,0,0,DJI Matrice 300 RTK,M300 RTK,1ZN7L4R0H1D00F,1W9DL31001461C,1ZMLH8300204F0,1Z6PH74DAP0QN7,DJI Pilot,Android,7.0.2,1EF72A62-B7C3-C88D-164E-CE6F8C8424AE,1ZN7L4R0H1D00F,1W9DL31001461C,,1ZMLH8300204F0,1W9DL31001461C,,,,,
2023-11-01,11:31:54.54 AM,7m 32.2s,452.2,33.7986102544247,-117.4753341919279,68.5,137.7,17.7,1332,3713.9,6.170873,7.161702,-4.250186,2.23694,-4.47388,1.342164,0,0.894776,-1.9,-0.3,1.9,-133.9,226.1,225.5,Tripod,Other,,22,5,True,,True,False,,Smart,RC,False,True,False,,,True,,False,False,False,False,False,False,False,False,False,False,0,Follow Yaw,-77.9,0,-142,218,False,False,False,False,False,,0,0,False,False,No Card,100,100,1024,1375,899,1024,2,False,False,False,False,False,0,False,False,False,False,76,,46.848,,7633,,10044,,46.848,,True,3.908,3.908,3.908,3.908,3.908,3.908,3.908,3.908,3.908,3.908,3.908,3.908,0,,False,False,True,,,,,,,,,,,,,,,False,False,18.964,,99.5,,75.7,,99.5,,1454,98,7,21,7,142682.3,19024.31,,Idle,,20,,10,,,20,Go Home,False,False,False,False,False,False,False,False,False,False,False,False,33.8027920380556,-117.4659261431046,3234.4,3234.4,1049.4,396.9,True,1,1,False,False,False,False,,True,False,False,Course Lock,196.8,67,16.4,93,NE,S,2.23,11.4,Calm,False,False,Android,7.0.2,M300 RTK,1ZN7L4R0H1D00F,1W9DL31001461C,1ZMLH8300204F0,1Z6PH74DAP0QN7,"Corona, CA",728.3,5.7,137.7,8.547347,2.013246,0,0,DJI Matrice 300 RTK,M300 RTK,1ZN7L4R0H1D00F,1W9DL31001461C,1ZMLH8300204F0,1Z6PH74DAP0QN7,DJI Pilot,Android,7.0.2,1EF72A62-B7C3-C88D-164E-CE6F8C8424AE,1ZN7L4R0H1D00F,1W9DL31001461C,,1ZMLH8300204F0,1W9DL31001461C,,,,,
2023-11-01,11:31:54.64 AM,7m 32.3s,452.3,33.7986083667711,-117.4753365840244,68.5,137.7,17.7,1332,3714.9,6.327021,7.161702,-4.47388,2.23694,-4.47388,1.342164,0,0.894776,-2,-0.2,2,-133.9,226.1,226.4,Tripod,Other,,22,5,True,,True,False,,Smart,RC,False,True,False,,,True,,False,False,False,False,False,False,False,False,False,False,0,Follow Yaw,-77.9,0,-142,218,False,False,False,False,False,,0,0,False,False,No Card,100,100,1024,1375,898,1024,2,False,False,False,False,False,0,False,False,False,False,76,,46.848,,7633,,10044,,46.848,,True,3.905,3.905,3.905,3.905,3.905,3.905,3.905,3.905,3.905,3.905,3.905,3.905,0,,False,False,True,,,,,,,,,,,,,,,False,False,18.964,,99.5,,75.7,,99.5,,1452,98,6,21,7,143184.4,19091.25,,Idle,,20,,10,,,20,Go Home,False,False,False,False,False,False,False,False,False,False,False,False,33.8027920380556,-117.4659261431046,3235.4,3235.4,1049.4,396.9,True,1,1,False,False,False,False,,True,False,False,Course Lock,196.8,67,16.4,93,NE,S,2.23,11.4,Calm,False,False,Android,7.0.2,M300 RTK,1ZN7L4R0H1D00F,1W9DL31001461C,1ZMLH8300204F0,1Z6PH74DAP0QN7,"Corona, CA",728.3,5.7,137.7,8.547347,2.013246,0,0,DJI Matrice 300 RTK,M300 RTK,1ZN7L4R0H1D00F,1W9DL31001461C,1ZMLH8300204F0,1Z6PH74DAP0QN7,DJI Pilot,Android,7.0.2,1EF72A62-B7C3-C88D-164E-CE6F8C8424AE,1ZN7L4R0H1D00F,1W9DL31001461C,,1ZMLH8300204F0,1W9DL31001461C,,,,,
2023-11-01,11:31:54.75 AM,7m 32.4s,452.4,33.7986066142633,-117.4753387194038,68.5,137.7,17.7,1332,3715.8,6.327021,7.161702,-4.47388,2.23694,-4.47388,1.342164,0,0.894776,-2.1,0,2.1,-133.8,226.2,225.3,Tripod,Other,,22,5,True,,True,False,,Smart,RC,False,True,False,,,True,,False,False,False,False,False,False,False,False,False,False,0,Follow Yaw,-77.9,0,-142,218,False,False,False,False,False,,0,0,False,False,No Card,100,100,1024,1376,897,1024,2,False,False,False,False,False,0,False,False,False,False,76,,46.848,,7633,,10044,,46.848,,True,3.905,3.905,3.905,3.905,3.905,3.905,3.905,3.905,3.905,3.905,3.905,3.905,0,,False,False,True,,,,,,,,,,,,,,,False,False,18.964,,99.5,,75.7,,99.5,,1452,98,6,21,7,143184.4,19091.25,,Idle,,20,,10,,,20,Go Home,False,False,False,False,False,False,False,False,False,False,False,False,33.8027920380556,-117.4659261431046,3236.2,3236.2,1049.4,396.9,True,1,1,False,False,False,False,,True,False,False,Course Lock,196.8,67,16.4,93,NE,S,2.23,11.4,Calm,False,False,Android,7.0.2,M300 RTK,1ZN7L4R0H1D00F,1W9DL31001461C,1ZMLH8300204F0,1Z6PH74DAP0QN7,"Corona, CA",728.3,5.7,137.7,8.547347,2.013246,0,0,DJI Matrice 300 RTK,M300 RTK,1ZN7L4R0H1D00F,1W9DL31001461C,1ZMLH8300204F0,1Z6PH74DAP0QN7,DJI Pilot,Android,7.0.2,1EF72A62-B7C3-C88D-164E-CE6F8C8424AE,1ZN7L4R0H1D00F,1W9DL31001461C,,1ZMLH8300204F0,1W9DL31001461C,,,,,
2023-11-01,11:31:54.84 AM,7m 32.5s,452.5,33.7986047921266,-117.475341019097,68.5,137.7,17.7,1332,3716.7,6.170873,7.161702,-4.250186,2.23694,-4.47388,1.342164,0,0.894776,-2.5,0.2,2.5,-133.7,226.3,226.3,Tripod,Other,,22,5,True,,True,False,,Smart,RC,False,True,False,,,True,,False,False,False,False,False,False,False,False,False,False,0,Follow Yaw,-77.9,0,-142,218,False,False,False,False,False,,0,0,False,False,No Card,100,100,1024,1380,900,1024,2,False,False,False,False,False,0,False,False,False,False,76,,46.848,,7633,,10044,,46.848,,True,3.905,3.905,3.905,3.905,3.905,3.905,3.905,3.905,3.905,3.905,3.905,3.905,0,,False,False,True,,,,,,,,,,,,,,,False,False,18.964,,99.5,,75.7,,99.5,,1452,98,6,21,7,143184.4,19091.25,,Idle,,20,,10,,,20,Go Home,False,False,False,False,False,False,False,False,False,False,False,False,33.8027920380556,-117.4659261431046,3237.2,3237.2,1049.4,396.9,True,1,1,False,False,False,False,,True,False,False,Course Lock,196.8,67,16.4,93,NE,S,2.23,11.4,Calm,False,False,Android,7.0.2,M300 RTK,1ZN7L4R0H1D00F,1W9DL31001461C,1ZMLH8300204F0,1Z6PH74DAP0QN7,"Corona, CA",728.3,5.7,137.7,8.547347,2.013246,0,0,DJI Matrice 300 RTK,M300 RTK,1ZN7L4R0H1D00F,1W9DL31001461C,1ZMLH8300204F0,1Z6PH74DAP0QN7,DJI Pilot,Android,7.0.2,1EF72A62-B7C3-C88D-164E-CE6F8C8424AE,1ZN7L4R0H1D00F,1W9DL31001461C,,1ZMLH8300204F0,1W9DL31001461C,,,,,
2023-11-01,11:31:54.95 AM,7m 32.6s,452.6,33.7986029609437,-117.4753432696816,68.5,137.7,17.7,1332,3717.7,6.170873,7.161702,-4.250186,2.23694,-4.47388,1.342164,0,0.894776,-2.6,0.2,2.6,-133.8,226.2,225.6,Tripod,Other,,22,5,True,,True,False,,Smart,RC,False,True,False,,,True,,False,False,False,False,False,False,False,False,False,False,0,Follow Yaw,-77.9,0,-142,218,False,False,False,False,False,,0,0,False,False,No Card,100,100,1024,1385,902,1024,2,False,False,False,False,False,0,False,False,False,False,76,,46.848,,7633,,10044,,46.848,,True,3.905,3.905,3.905,3.905,3.905,3.905,3.905,3.905,3.905,3.905,3.905,3.905,0,,False,False,True,,,,,,,,,,,,,,,False,False,18.964,,99.5,,75.7,,99.5,,1452,98,6,21,7,143184.4,19091.25,,Idle,,20,,10,,,20,Go Home,False,False,False,False,False,False,False,False,False,False,False,False,33.8027920380556,-117.4659261431046,3238.1,3238.1,1049.4,396.9,True,1,1,False,False,False,False,,True,False,False,Course Lock,196.8,67,16.4,93,NE,S,2.23,11.4,Calm,False,False,Android,7.0.2,M300 RTK,1ZN7L4R0H1D00F,1W9DL31001461C,1ZMLH8300204F0,1Z6PH74DAP0QN7,"Corona, CA",728.3,5.7,137.7,8.547347,2.013246,0,0,DJI Matrice 300 RTK,M300 RTK,1ZN7L4R0H1D00F,1W9DL31001461C,1ZMLH8300204F0,1Z6PH74DAP0QN7,DJI Pilot,Android,7.0.2,1EF72A62-B7C3-C88D-164E-CE6F8C8424AE,1ZN7L4R0H1D00F,1W9DL31001461C,,1ZMLH8300204F0,1W9DL31001461C,,,,,
2023-11-01,11:31:55.05 AM,7m 32.7s,452.7,33.7986010653404,-117.4753455154007,68.5,137.7,17.7,1332,3718.7,6.170873,7.161702,-4.250186,2.23694,-4.47388,1.342164,0,0.894776,-2.7,0,2.7,-133.8,226.2,224.5,Tripod,Other,,22,5,True,,True,False,,Smart,RC,False,True,False,,,True,,False,False,False,False,False,False,False,False,False,False,0,Follow Yaw,-77.9,0,-142,218,False,False,False,False,False,,0,0,False,False,No Card,100,100,1024,1392,900,1024,2,False,False,False,False,False,0,False,False,False,False,76,,46.884,,3789,,4986,,46.884,,True,3.905,3.905,3.905,3.905,3.905,3.905,3.905,3.905,3.905,3.905,3.905,3.905,0,,False,False,True,,,,,,,,,,,,,,,False,False,9.232,,99.5,,75.7,,99.5,,1452,98,6,21,7,143184.4,19091.25,,Idle,,20,,10,,,20,Go Home,False,False,False,False,False,False,False,False,False,False,False,False,33.8027920380556,-117.4659261431046,3239.0,3239.0,1049.4,396.9,True,1,1,False,False,False,False,,True,False,False,Course Lock,196.8,67,16.4,93,NE,S,2.23,11.4,Calm,False,False,Android,7.0.2,M300 RTK,1ZN7L4R0H1D00F,1W9DL31001461C,1ZMLH8300204F0,1Z6PH74DAP0QN7,"Corona, CA",728.3,5.7,137.7,8.547347,2.013246,0,0,DJI Matrice 300 RTK,M300 RTK,1ZN7L4R0H1D00F,1W9DL31001461C,1ZMLH8300204F0,1Z6PH74DAP0QN7,DJI Pilot,Android,7.0.2,1EF72A62-B7C3-C88D-164E-CE6F8C8424AE,1ZN7L4R0H1D00F,1W9DL31001461C,,1ZMLH8300204F0,1W9DL31001461C,,,,,
2023-11-01,11:31:55.16 AM,7m 32.8s,452.8,33.7985992275784,-117.4753477835094,68.2,137.7,17.7,1332,3719.6,6.327021,7.161702,-4.47388,2.23694,-4.47388,1.342164,0,0.894776,-2.8,-0.2,2.8,-133.9,226.1,225.7,Tripod,Other,,22,5,True,,True,False,,Smart,RC,False,True,False,,,True,,False,False,False,False,False,False,False,False,False,False,0,Follow Yaw,-77.9,0,-142,218,False,False,False,False,False,,0,0,False,False,No Card,100,100,1024,1391,901,1024,2,False,False,False,False,False,0,False,False,False,False,76,,46.884,,3789,,4986,,46.884,,True,3.905,3.905,3.905,3.905,3.905,3.905,3.905,3.905,3.905,3.905,3.905,3.905,0,,False,False,True,,,,,,,,,,,,,,,False,False,9.232,,99.5,,75.7,,99.5,,1452,98,6,21,7,143184.4,19091.25,,Idle,,20,,10,,,20,Go Home,False,False,False,False,False,False,False,False,False,False,False,False,33.8027920380556,-117.4659261431046,3239.9,3239.9,1049.4,396.9,True,1,1,False,False,False,False,,True,False,False,Course Lock,196.8,67,16.4,93,NE,S,2.23,11.4,Calm,False,False,Android,7.0.2,M300 RTK,1ZN7L4R0H1D00F,1W9DL31001461C,1ZMLH8300204F0,1Z6PH74DAP0QN7,"Corona, CA",728.3,5.7,137.7,8.547347,2.013246,0,0,DJI Matrice 300 RTK,M300 RTK,1ZN7L4R0H1D00F,1W9DL31001461C,1ZMLH8300204F0,1Z6PH74DAP0QN7,DJI Pilot,Android,7.0.2,1EF72A62-B7C3-C88D-164E-CE6F8C8424AE,1ZN7L4R0H1D00F,1W9DL31001461C,,1ZMLH8300204F0,1W9DL31001461C,,,,,
2023-11-01,11:31:55.26 AM,7m 32.9s,452.9,33.7985971929916,-117.4753499508856,68.2,137.7,17.7,1332,3720.6,6.487126,7.161702,-4.47388,2.23694,-4.697574,1.342164,0,0.894776,-2.8,-0.2,2.8,-133.8,226.2,221.5,Tripod,Other,,22,5,True,,True,False,,Smart,RC,False,True,False,,,True,,False,False,False,False,False,False,False,False,False,False,0,Follow Yaw,-77.9,0,-142,218,False,False,False,False,False,,0,0,False,False,No Card,100,100,1024,1385,906,1024,2,False,False,False,False,False,0,False,False,False,False,76,,46.884,,3789,,4986,,46.884,,True,3.905,3.905,3.905,3.905,3.905,3.905,3.905,3.905,3.905,3.905,3.905,3.905,0,,False,False,True,,,,,,,,,,,,,,,False,False,9.232,,99.5,,75.7,,99.5,,1452,98,6,21,7,143184.4,19091.25,,Idle,,20,,10,,,20,Go Home,False,False,False,False,False,False,False,False,False,False,False,False,33.8027920380556,-117.4659261431046,3240.9,3240.9,1049.4,396.9,True,1,1,False,False,False,False,,True,False,False,Course Lock,196.8,67,16.4,93,NE,S,2.23,11.4,Calm,False,False,Android,7.0.2,M300 RTK,1ZN7L4R0H1D00F,1W9DL31001461C,1ZMLH8300204F0,1Z6PH74DAP0QN7,"Corona, CA",728.3,5.7,137.7,8.547347,2.013246,0,0,DJI Matrice 300 RTK,M300 RTK,1ZN7L4R0H1D00F,1W9DL31001461C,1ZMLH8300204F0,1Z6PH74DAP0QN7,DJI Pilot,Android,7.0.2,1EF72A62-B7C3-C88D-164E-CE6F8C8424AE,1ZN7L4R0H1D00F,1W9DL31001461C,,1ZMLH8300204F0,1W9DL31001461C,,,,,
2023-11-01,11:31:55.37 AM,7m 33.0s,453.0,33.7985953231564,-117.4753522235299,68.2,137.7,17.7,1332,3721.6,6.487126,7.161702,-4.47388,2.23694,-4.697574,1.342164,0,0.894776,-2.8,-0.1,2.8,-133.8,226.2,225.2,Tripod,Other,,22,5,True,,True,False,,Smart,RC,False,True,False,,,True,,False,False,False,False,False,False,False,False,False,False,0,Follow Yaw,-77.9,0,-142,218,False,False,False,False,False,,0,0,False,False,No Card,100,100,1024,1385,905,1024,2,False,False,False,False,False,0,False,False,False,False,76,,46.884,,7633,,10044,,46.884,,True,3.905,3.905,3.905,3.905,3.905,3.905,3.905,3.905,3.905,3.905,3.905,3.905,0,,False,False,True,,,,,,,,,,,,,,,False,False,18.488,,99.5,,75.7,,99.5,,1452,98,6,21,7,143184.4,19091.25,,Idle,,20,,10,,,20,Go Home,False,False,False,False,False,False,False,False,False,False,False,False,33.8027920380556,-117.4659261431046,3241.8,3241.8,1049.4,396.9,True,1,1,False,False,False,False,,True,False,False,Course Lock,196.8,67,16.4,93,NE,S,2.23,11.4,Calm,False,False,Android,7.0.2,M300 RTK,1ZN7L4R0H1D00F,1W9DL31001461C,1ZMLH8300204F0,1Z6PH74DAP0QN7,"Corona, CA",728.3,5.7,137.7,8.547347,2.013246,0,0,DJI Matrice 300 RTK,M300 RTK,1ZN7L4R0H1D00F,1W9DL31001461C,1ZMLH8300204F0,1Z6PH74DAP0QN7,DJI Pilot,Android,7.0.2,1EF72A62-B7C3-C88D-164E-CE6F8C8424AE,1ZN7L4R0H1D00F,1W9DL31001461C,,1ZMLH8300204F0,1W9DL31001461C,,,,,
2023-11-01,11:31:55.47 AM,7m 33.1s,453.1,33.7985934535954,-117.4753546670029,68.2,137.7,17.7,1332,3722.6,6.487126,7.161702,-4.47388,2.23694,-4.697574,1.342164,0,0.894776,-2.8,0,2.8,-133.8,226.2,227.3,Tripod,Other,,22,5,True,,True,False,,Smart,RC,False,True,False,,,True,,False,False,False,False,False,False,False,False,False,False,0,Follow Yaw,-77.9,0,-142,218,False,False,False,False,False,,0,0,False,False,No Card,100,100,1024,1386,905,1024,2,False,False,False,False,False,0,False,False,False,False,76,,46.884,,7633,,10044,,46.884,,True,3.905,3.905,3.905,3.905,3.905,3.905,3.905,3.905,3.905,3.905,3.905,3.905,0,,False,False,True,,,,,,,,,,,,,,,False,False,18.488,,99.5,,75.7,,99.5,,1452,98,6,21,7,143184.4,19091.25,,Idle,,20,,10,,,20,Go Home,False,False,False,False,False,False,False,False,False,False,False,False,33.8027920380556,-117.4659261431046,3242.8,3242.8,1049.4,396.9,True,1,1,False,False,False,False,,True,False,False,Course Lock,196.8,67,16.4,93,NE,S,2.23,11.4,Calm,False,False,Android,7.0.2,M300 RTK,1ZN7L4R0H1D00F,1W9DL31001461C,1ZMLH8300204F0,1Z6PH74DAP0QN7,"Corona, CA",728.3,5.7,137.7,8.547347,2.013246,0,0,DJI Matrice 300 RTK,M300 RTK,1ZN7L4R0H1D00F,1W9DL31001461C,1ZMLH8300204F0,1Z6PH74DAP0QN7,DJI Pilot,Android,7.0.2,1EF72A62-B7C3-C88D-164E-CE6F8C8424AE,1ZN7L4R0H1D00F,1W9DL31001461C,,1ZMLH8300204F0,1W9DL31001461C,,,,,
2023-11-01,11:31:55.57 AM,7m 33.2s,453.2,33.7985915730693,-117.4753569681805,68.2,137.7,17.7,1332,3723.6,6.487126,7.161702,-4.47388,2.23694,-4.697574,1.342164,0,0.894776,-3.2,0.1,3.2,-133.9,226.1,225.4,Tripod,Other,,22,5,True,,True,False,,Smart,RC,False,True,False,,,True,,False,False,False,False,False,False,False,False,False,False,0,Follow Yaw,-77.9,0,-142,218,False,False,False,False,False,,0,0,False,False,No Card,100,100,1024,1384,906,1024,2,False,False,False,False,False,0,False,False,False,False,76,,46.884,,7633,,10044,,46.884,,True,3.905,3.905,3.905,3.905,3.905,3.905,3.905,3.905,3.905,3.905,3.905,3.905,0,,False,False,True,,,,,,,,,,,,,,,False,False,18.488,,99.5,,75.7,,99.5,,1452,98,6,21,7,143184.4,19091.25,,Idle,,20,,10,,,20,Go Home,False,False,False,False,False,False,False,False,False,False,False,False,33.8027920380556,-117.4659261431046,3243.7,3243.7,1049.4,396.9,True,1,1,False,False,False,False,,True,False,False,Course Lock,196.8,67,16.4,93,NE,S,2.23,11.4,Calm,False,False,Android,7.0.2,M300 RTK,1ZN7L4R0H1D00F,1W9DL31001461C,1ZMLH8300204F0,1Z6PH74DAP0QN7,"Corona, CA",728.3,5.7,137.7,8.547347,2.013246,0,0,DJI Matrice 300 RTK,M300 RTK,1ZN7L4R0H1D00F,1W9DL31001461C,1ZMLH8300204F0,1Z6PH74DAP0QN7,DJI Pilot,Android,7.0.2,1EF72A62-B7C3-C88D-164E-CE6F8C8424AE,1ZN7L4R0H1D00F,1W9DL31001461C,,1ZMLH8300204F0,1W9DL31001461C,,,,,
2023-11-01,11:31:55.64 AM,7m 33.3s,453.3,33.7985897015893,-117.4753590428235,68.2,137.7,17.7,1332,3724.5,6.487126,7.161702,-4.47388,2.23694,-4.697574,1.342164,0,0.894776,-3.3,0,3.3,-133.9,226.1,222.6,Tripod,Other,,22,5,True,,True,False,,Smart,RC,False,True,False,,,True,,False,False,False,False,False,False,False,False,False,False,0,Follow Yaw,-77.9,0,-142,218,False,False,False,False,False,,0,0,False,False,No Card,100,100,1024,1384,911,1024,2,False,False,False,False,False,0,False,False,False,False,76,,46.884,,7633,,10044,,46.884,,True,3.907,3.907,3.907,3.907,3.907,3.907,3.907,3.907,3.907,3.907,3.907,3.907,0,,False,False,True,,,,,,,,,,,,,,,False,False,18.488,,99.5,,75.7,,99.5,,1451,98,6,21,7,143428.5,19123.80,,Idle,,20,,10,,,20,Go Home,False,False,False,False,False,False,False,False,False,False,False,False,33.8027920380556,-117.4659261431046,3244.6,3244.6,1049.4,396.9,True,1,1,False,False,False,False,,True,False,False,Course Lock,196.8,67,16.4,93,NE,S,2.23,11.4,Calm,False,False,Android,7.0.2,M300 RTK,1ZN7L4R0H1D00F,1W9DL31001461C,1ZMLH8300204F0,1Z6PH74DAP0QN7,"Corona, CA",728.3,5.7,137.7,8.547347,2.013246,0,0,DJI Matrice 300 RTK,M300 RTK,1ZN7L4R0H1D00F,1W9DL31001461C,1ZMLH8300204F0,1Z6PH74DAP0QN7,DJI Pilot,Android,7.0.2,1EF72A62-B7C3-C88D-164E-CE6F8C8424AE,1ZN7L4R0H1D00F,1W9DL31001461C,,1ZMLH8300204F0,1W9DL31001461C,,,,,
2023-11-01,11:31:55.74 AM,7m 33.4s,453.4,33.7985878007776,-117.475361354062,68.2,137.7,17.7,1332,3725.5,6.487126,7.161702,-4.47388,2.23694,-4.697574,1.342164,0,0.894776,-3.3,-0.1,3.3,-133.9,226.1,225.2,Tripod,Other,,22,5,True,,True,False,,Smart,RC,False,True,False,,,True,,False,False,False,False,False,False,False,False,False,False,0,Follow Yaw,-77.9,0,-142,218,False,False,False,False,False,,0,0,False,False,No Card,100,100,1024,1394,911,1024,2,False,False,False,False,False,0,False,False,False,False,76,,46.884,,7633,,10044,,46.884,,True,3.907,3.907,3.907,3.907,3.907,3.907,3.907,3.907,3.907,3.907,3.907,3.907,0,,False,False,True,,,,,,,,,,,,,,,False,False,18.488,,99.5,,75.7,,99.5,,1451,98,6,21,7,143428.5,19123.80,,Idle,,20,,10,,,20,Go Home,False,False,False,False,False,False,False,False,False,False,False,False,33.8027920380556,-117.4659261431046,3245.5,3245.5,1049.4,396.9,True,1,1,False,False,False,False,,True,False,False,Course Lock,196.8,67,16.4,93,NE,S,2.23,11.4,Calm,False,False,Android,7.0.2,M300 RTK,1ZN7L4R0H1D00F,1W9DL31001461C,1ZMLH8300204F0,1Z6PH74DAP0QN7,"Corona, CA",728.3,5.7,137.7,8.547347,2.013246,0,0,DJI Matrice 300 RTK,M300 RTK,1ZN7L4R0H1D00F,1W9DL31001461C,1ZMLH8300204F0,1Z6PH74DAP0QN7,DJI Pilot,Android,7.0.2,1EF72A62-B7C3-C88D-164E-CE6F8C8424AE,1ZN7L4R0H1D00F,1W9DL31001461C,,1ZMLH8300204F0,1W9DL31001461C,,,,,
2023-11-01,11:31:55.84 AM,7m 33.5s,453.5,33.7985859451972,-117.4753637739909,68.2,137.7,17.7,1332,3726.5,6.487126,7.161702,-4.47388,2.23694,-4.697574,1.342164,0,0.894776,-3,-0.3,3,-133.9,226.1,227.3,Tripod,Other,,22,5,True,,True,False,,Smart,RC,False,True,False,,,True,,False,False,False,False,False,False,False,False,False,False,0,Follow Yaw,-77.9,0,-142,218,False,False,False,False,False,,0,0,False,False,No Card,100,100,1024,1406,903,1024,2,False,False,False,False,False,0,False,False,False,False,76,,46.884,,7633,,10044,,46.884,,True,3.907,3.907,3.907,3.907,3.907,3.907,3.907,3.907,3.907,3.907,3.907,3.907,0,,False,False,True,,,,,,,,,,,,,,,False,False,18.488,,99.5,,75.7,,99.5,,1451,98,6,21,7,143428.5,19123.80,,Idle,,20,,10,,,20,Go Home,False,False,False,False,False,False,False,False,False,False,False,False,33.8027920380556,-117.4659261431046,3246.5,3246.5,1049.4,396.9,True,1,1,False,False,False,False,,True,False,False,Course Lock,196.8,67,16.4,93,NE,S,2.23,11.4,Calm,False,False,Android,7.0.2,M300 RTK,1ZN7L4R0H1D00F,1W9DL31001461C,1ZMLH8300204F0,1Z6PH74DAP0QN7,"Corona, CA",728.3,5.7,137.7,8.547347,2.013246,0,0,DJI Matrice 300 RTK,M300 RTK,1ZN7L4R0H1D00F,1W9DL31001461C,1ZMLH8300204F0,1Z6PH74DAP0QN7,DJI Pilot,Android,7.0.2,1EF72A62-B7C3-C88D-164E-CE6F8C8424AE,1ZN7L4R0H1D00F,1W9DL31001461C,,1ZMLH8300204F0,1W9DL31001461C,,,,,
2023-11-01,11:31:55.94 AM,7m 33.6s,453.6,33.7985840183432,-117.4753661160718,68.2,137.7,17.7,1332,3727.5,6.487126,7.161702,-4.47388,2.23694,-4.697574,1.342164,0,0.894776,-2.7,-0.3,2.7,-133.8,226.2,225.2,Tripod,Other,,22,5,True,,True,False,,Smart,RC,False,True,False,,,True,,False,False,False,False,False,False,False,False,False,False,0,Follow Yaw,-77.9,0,-142,218,False,False,False,False,False,,0,0,False,False,No Card,100,100,1024,1407,903,1024,2,False,False,False,False,False,0,False,False,False,False,76,,46.884,,7633,,10044,,46.884,,True,3.907,3.907,3.907,3.907,3.907,3.907,3.907,3.907,3.907,3.907,3.907,3.907,0,,False,False,True,,,,,,,,,,,,,,,False,False,18.488,,99.5,,75.7,,99.5,,1451,98,6,21,7,143428.5,19123.80,,Idle,,20,,10,,,20,Go Home,False,False,False,False,False,False,False,False,False,False,False,False,33.8027920380556,-117.4659261431046,3247.4,3247.4,1049.4,396.9,True,1,1,False,False,False,False,,True,False,False,Course Lock,196.8,67,16.4,93,NE,S,2.23,11.4,Calm,False,False,Android,7.0.2,M300 RTK,1ZN7L4R0H1D00F,1W9DL31001461C,1ZMLH8300204F0,1Z6PH74DAP0QN7,"Corona, CA",728.3,5.7,137.7,8.547347,2.013246,0,0,DJI Matrice 300 RTK,M300 RTK,1ZN7L4R0H1D00F,1W9DL31001461C,1ZMLH8300204F0,1Z6PH74DAP0QN7,DJI Pilot,Android,7.0.2,1EF72A62-B7C3-C88D-164E-CE6F8C8424AE,1ZN7L4R0H1D00F,1W9DL31001461C,,1ZMLH8300204F0,1W9DL31001461C,,,,,
2023-11-01,11:31:56.04 AM,7m 33.7s,453.7,33.7985821693418,-117.4753684739861,68.2,137.7,17.7,1332,3728.5,6.643372,7.161702,-4.697574,2.23694,-4.697574,1.342164,0,0.894776,-2.7,-0.3,2.7,-133.8,226.2,226.6,Tripod,Other,,22,5,True,,True,False,,Smart,RC,False,True,False,,,True,,False,False,False,False,False,False,False,False,False,False,0,Follow Yaw,-77.9,0,-142,218,False,False,False,False,False,,0,0,False,False,No Card,100,100,1024,1407,899,1024,2,False,False,False,False,False,0,False,False,False,False,76,,46.884,,7633,,10044,,46.884,,True,3.907,3.907,3.907,3.907,3.907,3.907,3.907,3.907,3.907,3.907,3.907,3.907,0,,False,False,True,,,,,,,,,,,,,,,False,False,18.488,,99.5,,75.7,,99.5,,1451,98,6,21,7,143428.5,19123.80,,Idle,,20,,10,,,20,Go Home,False,False,False,False,False,False,False,False,False,False,False,False,33.8027920380556,-117.4659261431046,3248.4,3248.4,1049.4,396.9,True,1,1,False,False,False,False,,True,False,False,Course Lock,196.8,67,16.4,93,NE,S,2.23,11.4,Calm,False,False,Android,7.0.2,M300 RTK,1ZN7L4R0H1D00F,1W9DL31001461C,1ZMLH8300204F0,1Z6PH74DAP0QN7,"Corona, CA",728.3,5.7,137.7,8.547347,2.013246,0,0,DJI Matrice 300 RTK,M300 RTK,1ZN7L4R0H1D00F,1W9DL31001461C,1ZMLH8300204F0,1Z6PH74DAP0QN7,DJI Pilot,Android,7.0.2,1EF72A62-B7C3-C88D-164E-CE6F8C8424AE,1ZN7L4R0H1D00F,1W9DL31001461C,,1ZMLH8300204F0,1W9DL31001461C,,,,,
2023-11-01,11:31:56.14 AM,7m 33.8s,453.8,33.7985802268625,-117.4753708257567,68.2,137.7,17.7,1332,3729.5,6.643372,7.161702,-4.697574,2.23694,-4.697574,1.342164,0,0.894776,-2.9,-0.1,2.9,-133.8,226.2,225.1,Tripod,Other,,22,5,True,,True,False,,Smart,RC,False,True,False,,,True,,False,False,False,False,False,False,False,False,False,False,0,Follow Yaw,-77.9,0,-142,218,False,False,False,False,False,,0,0,False,False,No Card,100,100,1024,1406,898,1024,2,False,False,False,False,False,0,False,False,False,False,76,,46.884,,7633,,10044,,46.884,,True,3.907,3.907,3.907,3.907,3.907,3.907,3.907,3.907,3.907,3.907,3.907,3.907,0,,False,False,True,,,,,,,,,,,,,,,False,False,18.488,,99.5,,75.7,,99.5,,1451,98,6,21,7,143428.5,19123.80,,Idle,,20,,10,,,20,Go Home,False,False,False,False,False,False,False,False,False,False,False,False,33.8027920380556,-117.4659261431046,3249.4,3249.4,1049.4,396.9,True,1,1,False,False,False,False,,True,False,False,Course Lock,196.8,67,16.4,93,NE,S,2.23,11.4,Calm,False,False,Android,7.0.2,M300 RTK,1ZN7L4R0H1D00F,1W9DL31001461C,1ZMLH8300204F0,1Z6PH74DAP0QN7,"Corona, CA",728.3,5.7,137.7,8.547347,2.013246,0,0,DJI Matrice 300 RTK,M300 RTK,1ZN7L4R0H1D00F,1W9DL31001461C,1ZMLH8300204F0,1Z6PH74DAP0QN7,DJI Pilot,Android,7.0.2,1EF72A62-B7C3-C88D-164E-CE6F8C8424AE,1ZN7L4R0H1D00F,1W9DL31001461C,,1ZMLH8300204F0,1W9DL31001461C,,,,,
2023-11-01,11:31:56.24 AM,7m 33.9s,453.9,33.7985782547772,-117.4753729521884,68.2,137.7,18.0,1332,3730.4,6.643372,7.161702,-4.697574,2.23694,-4.697574,1.342164,0,0.894776,-3,0,3,-133.9,226.1,221.8,Tripod,Other,,22,5,True,,True,False,,Smart,RC,False,True,False,,,True,,False,False,False,False,False,False,False,False,False,False,0,Follow Yaw,-77.9,0,-142,218,False,False,False,False,False,,0,0,False,False,No Card,100,100,1024,1407,897,1024,2,False,False,False,False,False,0,False,False,False,False,76,,46.884,,7633,,10044,,46.884,,True,3.907,3.907,3.907,3.907,3.907,3.907,3.907,3.907,3.907,3.907,3.907,3.907,0,,False,False,True,,,,,,,,,,,,,,,False,False,18.488,,99.5,,75.7,,99.5,,1451,98,6,21,7,143428.5,19123.80,,Idle,,20,,10,,,20,Go Home,False,False,False,False,False,False,False,False,False,False,False,False,33.8027920380556,-117.4659261431046,3250.3,3250.3,1049.4,396.9,True,1,1,False,False,False,False,,True,False,False,Course Lock,196.8,67,16.4,93,NE,S,2.23,11.4,Calm,False,False,Android,7.0.2,M300 RTK,1ZN7L4R0H1D00F,1W9DL31001461C,1ZMLH8300204F0,1Z6PH74DAP0QN7,"Corona, CA",728.3,5.7,137.7,8.547347,2.013246,0,0,DJI Matrice 300 RTK,M300 RTK,1ZN7L4R0H1D00F,1W9DL31001461C,1ZMLH8300204F0,1Z6PH74DAP0QN7,DJI Pilot,Android,7.0.2,1EF72A62-B7C3-C88D-164E-CE6F8C8424AE,1ZN7L4R0H1D00F,1W9DL31001461C,,1ZMLH8300204F0,1W9DL31001461C,,,,,
2023-11-01,11:31:56.34 AM,7m 34.0s,454.0,33.7985762889968,-117.475375299877,68.2,137.7,18.0,1332,3731.5,6.643372,7.161702,-4.697574,2.23694,-4.697574,1.342164,0,0.894776,-2.8,0.2,2.8,-133.9,226.1,224.7,Tripod,Other,,22,5,True,,True,False,,Smart,RC,False,True,False,,,True,,False,False,False,False,False,False,False,False,False,False,0,Follow Yaw,-77.9,0,-142,218,False,False,False,False,False,,0,0,False,False,No Card,100,100,1024,1418,894,1024,2,False,False,False,False,False,0,False,False,False,False,76,,46.932,,7633,,10044,,46.932,,True,3.907,3.907,3.907,3.907,3.907,3.907,3.907,3.907,3.907,3.907,3.907,3.907,0,,False,False,True,,,,,,,,,,,,,,,False,False,18.402,,99.6,,75.7,,99.6,,1451,98,6,21,7,143428.5,19123.80,,Idle,,20,,10,,,20,Go Home,False,False,False,False,False,False,False,False,False,False,False,False,33.8027920380556,-117.4659261431046,3251.2,3251.2,1049.4,396.9,True,1,1,False,False,False,False,,True,False,False,Course Lock,196.8,67,16.4,93,NE,S,2.23,11.4,Calm,False,False,Android,7.0.2,M300 RTK,1ZN7L4R0H1D00F,1W9DL31001461C,1ZMLH8300204F0,1Z6PH74DAP0QN7,"Corona, CA",728.3,5.7,137.7,8.547347,2.013246,0,0,DJI Matrice 300 RTK,M300 RTK,1ZN7L4R0H1D00F,1W9DL31001461C,1ZMLH8300204F0,1Z6PH74DAP0QN7,DJI Pilot,Android,7.0.2,1EF72A62-B7C3-C88D-164E-CE6F8C8424AE,1ZN7L4R0H1D00F,1W9DL31001461C,,1ZMLH8300204F0,1W9DL31001461C,,,,,
2023-11-01,11:31:56.41 AM,7m 34.1s,454.1,33.7985740773226,-117.4753778950053,67.9,137.7,18.0,1332,3732.6,6.643372,7.161702,-4.697574,2.23694,-4.697574,1.342164,0,0.894776,-2.7,0.2,2.7,-133.9,226.1,224.2,Tripod,Other,,22,5,True,,True,False,,Smart,RC,False,True,False,,,True,,False,False,False,False,False,False,False,False,False,False,0,Follow Yaw,-77.9,0,-142,218,False,False,False,False,False,,0,0,False,False,No Card,100,100,1024,1419,892,1024,2,False,False,False,False,False,0,False,False,False,False,76,,46.932,,7633,,10044,,46.932,,True,3.907,3.907,3.907,3.907,3.907,3.907,3.907,3.907,3.907,3.907,3.907,3.907,0,,False,False,True,,,,,,,,,,,,,,,False,False,18.402,,99.6,,75.7,,99.6,,1451,98,6,21,7,143428.5,19123.80,,Idle,,20,,10,,,20,Go Home,False,False,False,False,False,False,False,False,False,False,False,False,33.8027920380556,-117.4659261431046,3252.3,3252.3,1049.4,396.9,True,1,1,False,False,False,False,,True,False,False,Course Lock,196.8,67,16.4,93,NE,S,2.23,11.4,Calm,False,False,Android,7.0.2,M300 RTK,1ZN7L4R0H1D00F,1W9DL31001461C,1ZMLH8300204F0,1Z6PH74DAP0QN7,"Corona, CA",728.3,5.7,137.7,8.547347,2.013246,0,0,DJI Matrice 300 RTK,M300 RTK,1ZN7L4R0H1D00F,1W9DL31001461C,1ZMLH8300204F0,1Z6PH74DAP0QN7,DJI Pilot,Android,7.0.2,1EF72A62-B7C3-C88D-164E-CE6F8C8424AE,1ZN7L4R0H1D00F,1W9DL31001461C,,1ZMLH8300204F0,1W9DL31001461C,,,,,
2023-11-01,11:31:56.52 AM,7m 34.2s,454.2,33.7985720822104,-117.4753802824838,67.9,137.7,18.0,1332,3733.6,6.803387,7.161702,-4.697574,2.23694,-4.921268,1.342164,0,0.894776,-2.7,0.2,2.7,-133.9,226.1,224.8,Tripod,Other,,22,5,True,,True,False,,Smart,RC,False,True,False,,,True,,False,False,False,False,False,False,False,False,False,False,0,Follow Yaw,-77.9,0,-142,218,False,False,False,False,False,,0,0,False,False,No Card,100,100,1024,1424,892,1024,2,False,False,False,False,False,0,False,False,False,False,76,,46.932,,7633,,10044,,46.932,,True,3.907,3.907,3.907,3.907,3.907,3.907,3.907,3.907,3.907,3.907,3.907,3.907,0,,False,False,True,,,,,,,,,,,,,,,False,False,18.402,,99.6,,75.7,,99.6,,1451,98,6,21,7,143428.5,19123.80,,Idle,,20,,10,,,20,Go Home,False,False,False,False,False,False,False,False,False,False,False,False,33.8027920380556,-117.4659261431046,3253.3,3253.3,1049.4,396.9,True,1,1,False,False,False,False,,True,False,False,Course Lock,196.8,67,16.4,93,NE,S,2.23,11.4,Calm,False,False,Android,7.0.2,M300 RTK,1ZN7L4R0H1D00F,1W9DL31001461C,1ZMLH8300204F0,1Z6PH74DAP0QN7,"Corona, CA",728.3,5.7,137.7,8.547347,2.013246,0,0,DJI Matrice 300 RTK,M300 RTK,1ZN7L4R0H1D00F,1W9DL31001461C,1ZMLH8300204F0,1Z6PH74DAP0QN7,DJI Pilot,Android,7.0.2,1EF72A62-B7C3-C88D-164E-CE6F8C8424AE,1ZN7L4R0H1D00F,1W9DL31001461C,,1ZMLH8300204F0,1W9DL31001461C,,,,,
2023-11-01,11:31:56.64 AM,7m 34.3s,454.3,33.7985701391828,-117.4753826629526,67.9,137.7,18.0,1332,3734.6,6.803387,7.161702,-4.697574,2.23694,-4.921268,1.342164,0,0.894776,-2.6,0.1,2.6,-133.9,226.1,225.5,Tripod,Other,,22,5,True,,True,False,,Smart,RC,False,True,False,,,True,,False,False,False,False,False,False,False,False,False,False,0,Follow Yaw,-77.9,0,-142,218,False,False,False,False,False,,0,0,False,False,No Card,100,100,1024,1427,891,1024,2,False,False,False,False,False,0,False,False,False,False,76,,46.932,,7633,,10044,,46.932,,True,3.91,3.91,3.91,3.91,3.91,3.91,3.91,3.91,3.91,3.91,3.91,3.91,0,,False,False,True,,,,,,,,,,,,,,,False,False,18.402,,99.6,,75.7,,99.6,,1449,99,6,21,7,143260.8,19101.44,,Idle,,20,,10,,,20,Go Home,False,False,False,False,False,False,False,False,False,False,False,False,33.8027920380556,-117.4659261431046,3254.3,3254.3,1049.4,396.9,True,1,1,False,False,False,False,,True,False,False,Course Lock,196.8,67,16.4,93,NE,S,2.23,11.4,Calm,False,False,Android,7.0.2,M300 RTK,1ZN7L4R0H1D00F,1W9DL31001461C,1ZMLH8300204F0,1Z6PH74DAP0QN7,"Corona, CA",728.3,5.7,137.7,8.547347,2.013246,0,0,DJI Matrice 300 RTK,M300 RTK,1ZN7L4R0H1D00F,1W9DL31001461C,1ZMLH8300204F0,1Z6PH74DAP0QN7,DJI Pilot,Android,7.0.2,1EF72A62-B7C3-C88D-164E-CE6F8C8424AE,1ZN7L4R0H1D00F,1W9DL31001461C,,1ZMLH8300204F0,1W9DL31001461C,,,,,
2023-11-01,11:31:56.72 AM,7m 34.4s,454.4,33.7985682430312,-117.4753849508119,67.9,137.7,18.0,1332,3735.6,6.803387,7.161702,-4.697574,2.23694,-4.921268,1.342164,0,0.894776,-2.6,0.2,2.6,-133.8,226.2,225.0,Tripod,Other,,22,5,True,,True,False,,Smart,RC,False,True,False,,,True,,False,False,False,False,False,False,False,False,False,False,0,Follow Yaw,-77.9,0,-142,218,False,False,False,False,False,,0,0,False,False,No Card,100,100,1024,1427,887,1024,2,False,False,False,False,False,0,False,False,False,False,76,,46.932,,7633,,10044,,46.932,,True,3.91,3.91,3.91,3.91,3.91,3.91,3.91,3.91,3.91,3.91,3.91,3.91,0,,False,False,True,,,,,,,,,,,,,,,False,False,18.402,,99.6,,75.7,,99.6,,1449,99,6,21,7,143260.8,19101.44,,Idle,,20,,10,,,20,Go Home,False,False,False,False,False,False,False,False,False,False,False,False,33.8027920380556,-117.4659261431046,3255.2,3255.2,1049.4,396.9,True,1,1,False,False,False,False,,True,False,False,Course Lock,196.8,67,16.4,93,NE,S,2.23,11.4,Calm,False,False,Android,7.0.2,M300 RTK,1ZN7L4R0H1D00F,1W9DL31001461C,1ZMLH8300204F0,1Z6PH74DAP0QN7,"Corona, CA",728.3,5.7,137.7,8.547347,2.013246,0,0,DJI Matrice 300 RTK,M300 RTK,1ZN7L4R0H1D00F,1W9DL31001461C,1ZMLH8300204F0,1Z6PH74DAP0QN7,DJI Pilot,Android,7.0.2,1EF72A62-B7C3-C88D-164E-CE6F8C8424AE,1ZN7L4R0H1D00F,1W9DL31001461C,,1ZMLH8300204F0,1W9DL31001461C,,,,,
2023-11-01,11:31:56.82 AM,7m 34.5s,454.5,33.7985664060916,-117.4753872406092,67.9,137.7,18.0,1332,3736.6,6.803387,7.161702,-4.697574,2.23694,-4.921268,1.342164,0,0.894776,-2.5,0.2,2.5,-133.8,226.2,226.0,Tripod,Other,,22,5,True,,True,False,,Smart,RC,False,True,False,,,True,,False,False,False,False,False,False,False,False,False,False,0,Follow Yaw,-77.9,0,-142,218,False,False,False,False,False,,0,0,False,False,No Card,100,100,1024,1423,888,1024,2,False,False,False,False,False,0,False,False,False,False,76,,46.932,,7633,,10044,,46.932,,True,3.91,3.91,3.91,3.91,3.91,3.91,3.91,3.91,3.91,3.91,3.91,3.91,0,,False,False,True,,,,,,,,,,,,,,,False,False,18.402,,99.6,,75.7,,99.6,,1449,99,6,21,7,143260.8,19101.44,,Idle,,20,,10,,,20,Go Home,False,False,False,False,False,False,False,False,False,False,False,False,33.8027920380556,-117.4659261431046,3256.1,3256.1,1049.4,396.9,True,1,1,False,False,False,False,,True,False,False,Course Lock,196.8,67,16.4,93,NE,S,2.23,11.4,Calm,False,False,Android,7.0.2,M300 RTK,1ZN7L4R0H1D00F,1W9DL31001461C,1ZMLH8300204F0,1Z6PH74DAP0QN7,"Corona, CA",728.3,5.7,137.7,8.547347,2.013246,0,0,DJI Matrice 300 RTK,M300 RTK,1ZN7L4R0H1D00F,1W9DL31001461C,1ZMLH8300204F0,1Z6PH74DAP0QN7,DJI Pilot,Android,7.0.2,1EF72A62-B7C3-C88D-164E-CE6F8C8424AE,1ZN7L4R0H1D00F,1W9DL31001461C,,1ZMLH8300204F0,1W9DL31001461C,,,,,
2023-11-01,11:31:56.93 AM,7m 34.6s,454.6,33.7985644323615,-117.4753896530337,67.9,137.7,18.0,1332,3737.6,6.803387,7.161702,-4.697574,2.23694,-4.921268,1.342164,0,0.894776,-2.6,0,2.6,-133.8,226.2,225.4,Tripod,Other,,22,5,True,,True,False,,Smart,RC,False,True,False,,,True,,False,False,False,False,False,False,False,False,False,False,0,Follow Yaw,-77.9,0,-142,218,False,False,False,False,False,,0,0,False,False,No Card,100,100,1024,1420,895,1024,2,False,False,False,False,False,0,False,False,False,False,76,,46.932,,7633,,10044,,46.932,,True,3.91,3.91,3.91,3.91,3.91,3.91,3.91,3.91,3.91,3.91,3.91,3.91,0,,False,False,True,,,,,,,,,,,,,,,False,False,18.402,,99.6,,75.7,,99.6,,1449,99,6,21,7,143260.8,19101.44,,Idle,,20,,10,,,20,Go Home,False,False,False,False,False,False,False,False,False,False,False,False,33.8027920380556,-117.4659261431046,3257.1,3257.1,1049.4,396.9,True,1,1,False,False,False,False,,True,False,False,Course Lock,196.8,67,16.4,93,NE,S,2.23,11.4,Calm,False,False,Android,7.0.2,M300 RTK,1ZN7L4R0H1D00F,1W9DL31001461C,1ZMLH8300204F0,1Z6PH74DAP0QN7,"Corona, CA",728.3,5.7,137.7,8.547347,2.013246,0,0,DJI Matrice 300 RTK,M300 RTK,1ZN7L4R0H1D00F,1W9DL31001461C,1ZMLH8300204F0,1Z6PH74DAP0QN7,DJI Pilot,Android,7.0.2,1EF72A62-B7C3-C88D-164E-CE6F8C8424AE,1ZN7L4R0H1D00F,1W9DL31001461C,,1ZMLH8300204F0,1W9DL31001461C,,,,,
2023-11-01,11:31:57.03 AM,7m 34.7s,454.7,33.798562368717,-117.47539202138,67.9,137.7,18.0,1332,3738.6,6.803387,7.161702,-4.697574,2.23694,-4.921268,1.342164,0,0.894776,-2.6,0,2.6,-133.8,226.2,223.6,Tripod,Other,,22,5,True,,True,False,,Smart,RC,False,True,False,,,True,,False,False,False,False,False,False,False,False,False,False,0,Follow Yaw,-77.9,0,-142,218,False,False,False,False,False,,0,0,False,False,No Card,100,100,1024,1420,895,1024,2,False,False,False,False,False,0,False,False,False,False,76,,46.932,,7633,,10044,,46.932,,True,3.91,3.91,3.91,3.91,3.91,3.91,3.91,3.91,3.91,3.91,3.91,3.91,0,,False,False,True,,,,,,,,,,,,,,,False,False,18.402,,99.6,,75.7,,99.6,,1449,99,6,21,7,143260.8,19101.44,,Idle,,20,,10,,,20,Go Home,False,False,False,False,False,False,False,False,False,False,False,False,33.8027920380556,-117.4659261431046,3258.1,3258.1,1049.4,396.9,True,1,1,False,False,False,False,,True,False,False,Course Lock,196.8,67,16.4,93,NE,S,2.23,11.4,Calm,False,False,Android,7.0.2,M300 RTK,1ZN7L4R0H1D00F,1W9DL31001461C,1ZMLH8300204F0,1Z6PH74DAP0QN7,"Corona, CA",728.3,5.7,137.7,8.547347,2.013246,0,0,DJI Matrice 300 RTK,M300 RTK,1ZN7L4R0H1D00F,1W9DL31001461C,1ZMLH8300204F0,1Z6PH74DAP0QN7,DJI Pilot,Android,7.0.2,1EF72A62-B7C3-C88D-164E-CE6F8C8424AE,1ZN7L4R0H1D00F,1W9DL31001461C,,1ZMLH8300204F0,1W9DL31001461C,,,,,
2023-11-01,11:31:57.13 AM,7m 34.8s,454.8,33.7985603799098,-117.4753944546272,67.9,137.7,18.0,1332,3739.7,6.803387,7.161702,-4.697574,2.23694,-4.921268,1.342164,0,0.894776,-2.6,-0.1,2.6,-133.8,226.2,225.4,Tripod,Other,,22,5,True,,True,False,,Smart,RC,False,True,False,,,True,,False,False,False,False,False,False,False,False,False,False,0,Follow Yaw,-77.9,0,-142,218,False,False,False,False,False,,0,0,False,False,No Card,100,100,1024,1420,891,1024,2,False,False,False,False,False,0,False,False,False,False,76,,46.932,,7633,,10044,,46.932,,True,3.91,3.91,3.91,3.91,3.91,3.91,3.91,3.91,3.91,3.91,3.91,3.91,0,,False,False,True,,,,,,,,,,,,,,,False,False,18.402,,99.6,,75.7,,99.6,,1449,99,6,21,7,143260.8,19101.44,,Idle,,20,,10,,,20,Go Home,False,False,False,False,False,False,False,False,False,False,False,False,33.8027920380556,-117.4659261431046,3259.1,3259.1,1049.4,396.9,True,1,1,False,False,False,False,,True,False,False,Course Lock,196.8,67,16.4,93,NE,S,2.23,11.4,Calm,False,False,Android,7.0.2,M300 RTK,1ZN7L4R0H1D00F,1W9DL31001461C,1ZMLH8300204F0,1Z6PH74DAP0QN7,"Corona, CA",728.3,5.7,137.7,8.547347,2.013246,0,0,DJI Matrice 300 RTK,M300 RTK,1ZN7L4R0H1D00F,1W9DL31001461C,1ZMLH8300204F0,1Z6PH74DAP0QN7,DJI Pilot,Android,7.0.2,1EF72A62-B7C3-C88D-164E-CE6F8C8424AE,1ZN7L4R0H1D00F,1W9DL31001461C,,1ZMLH8300204F0,1W9DL31001461C,,,,,
2023-11-01,11:31:57.24 AM,7m 34.9s,454.9,33.7985583181842,-117.4753969499714,67.9,137.7,18.0,1332,3740.7,6.803387,7.161702,-4.697574,2.23694,-4.921268,1.342164,0,0.894776,-2.6,-0.2,2.6,-133.8,226.2,225.1,Tripod,Other,,22,5,True,,True,False,,Smart,RC,False,True,False,,,True,,False,False,False,False,False,False,False,False,False,False,0,Follow Yaw,-77.9,0,-142,218,False,False,False,False,False,,0,0,False,False,No Card,100,100,1024,1420,886,1024,2,False,False,False,False,False,0,False,False,False,False,76,,46.932,,7633,,10044,,46.932,,True,3.91,3.91,3.91,3.91,3.91,3.91,3.91,3.91,3.91,3.91,3.91,3.91,0,,False,False,True,,,,,,,,,,,,,,,False,False,18.402,,99.6,,75.7,,99.6,,1449,99,6,21,7,143260.8,19101.44,,Idle,,20,,10,,,20,Go Home,False,False,False,False,False,False,False,False,False,False,False,False,33.8027920380556,-117.4659261431046,3260.1,3260.1,1049.4,396.9,True,1,1,False,False,False,False,,True,False,False,Course Lock,196.8,67,16.4,93,NE,S,2.23,11.4,Calm,False,False,Android,7.0.2,M300 RTK,1ZN7L4R0H1D00F,1W9DL31001461C,1ZMLH8300204F0,1Z6PH74DAP0QN7,"Corona, CA",728.3,5.7,137.7,8.547347,2.013246,0,0,DJI Matrice 300 RTK,M300 RTK,1ZN7L4R0H1D00F,1W9DL31001461C,1ZMLH8300204F0,1Z6PH74DAP0QN7,DJI Pilot,Android,7.0.2,1EF72A62-B7C3-C88D-164E-CE6F8C8424AE,1ZN7L4R0H1D00F,1W9DL31001461C,,1ZMLH8300204F0,1W9DL31001461C,,,,,
2023-11-01,11:31:57.34 AM,7m 35.0s,455.0,33.7985563052537,-117.475399406103,67.9,137.7,18.0,1332,3741.8,6.803387,7.161702,-4.697574,2.23694,-4.921268,1.342164,0,0.894776,-2.6,-0.2,2.6,-133.8,226.2,225.3,Tripod,Other,,22,5,True,,True,False,,Smart,RC,False,True,False,,,True,,False,False,False,False,False,False,False,False,False,False,0,Follow Yaw,-77.9,0,-142,218,False,False,False,False,False,,0,0,False,False,No Card,100,100,1024,1416,886,1024,2,False,False,False,False,False,0,False,False,False,False,75,,46.908,,7582,,10044,,46.908,,True,3.91,3.91,3.91,3.91,3.91,3.91,3.91,3.91,3.91,3.91,3.91,3.91,0,,False,False,True,,,,,,,,,,,,,,,False,False,19.03,,99.6,,75.7,,99.6,,1449,99,6,21,7,143260.8,19101.44,,Idle,,20,,10,,,20,Go Home,False,False,False,False,False,False,False,False,False,False,False,False,33.8027920380556,-117.4659261431046,3261.1,3261.1,1049.4,396.9,True,1,1,False,False,False,False,,True,False,False,Course Lock,196.8,67,16.4,93,NE,S,2.23,11.4,Calm,False,False,Android,7.0.2,M300 RTK,1ZN7L4R0H1D00F,1W9DL31001461C,1ZMLH8300204F0,1Z6PH74DAP0QN7,"Corona, CA",728.3,5.7,137.7,8.547347,2.013246,0,0,DJI Matrice 300 RTK,M300 RTK,1ZN7L4R0H1D00F,1W9DL31001461C,1ZMLH8300204F0,1Z6PH74DAP0QN7,DJI Pilot,Android,7.0.2,1EF72A62-B7C3-C88D-164E-CE6F8C8424AE,1ZN7L4R0H1D00F,1W9DL31001461C,,1ZMLH8300204F0,1W9DL31001461C,,,,,
2023-11-01,11:31:57.44 AM,7m 35.1s,455.1,33.7985542421574,-117.4754020078286,67.9,137.7,18.0,1332,3742.9,6.959723,7.161702,-4.921268,2.23694,-4.921268,1.342164,0,0.894776,-2.6,-0.3,2.6,-133.8,226.2,226.3,Tripod,Other,,22,5,True,,True,False,,Smart,RC,False,True,False,,,True,,False,False,False,False,False,False,False,False,False,False,0,Follow Yaw,-77.9,0,-142,218,False,False,False,False,False,,0,0,False,False,No Card,100,100,1024,1416,887,1024,2,False,False,False,False,False,0,False,False,False,False,75,,46.908,,7582,,10044,,46.908,,True,3.91,3.91,3.91,3.91,3.91,3.91,3.91,3.91,3.91,3.91,3.91,3.91,0,,False,False,True,,,,,,,,,,,,,,,False,False,19.03,,99.6,,75.7,,99.6,,1449,99,6,21,7,143260.8,19101.44,,Idle,,20,,10,,,20,Go Home,False,False,False,False,False,False,False,False,False,False,False,False,33.8027920380556,-117.4659261431046,3262.2,3262.2,1049.4,396.9,True,1,1,False,False,False,False,,True,False,False,Course Lock,196.8,67,16.4,93,NE,S,2.23,11.4,Calm,False,False,Android,7.0.2,M300 RTK,1ZN7L4R0H1D00F,1W9DL31001461C,1ZMLH8300204F0,1Z6PH74DAP0QN7,"Corona, CA",728.3,5.7,137.7,8.547347,2.013246,0,0,DJI Matrice 300 RTK,M300 RTK,1ZN7L4R0H1D00F,1W9DL31001461C,1ZMLH8300204F0,1Z6PH74DAP0QN7,DJI Pilot,Android,7.0.2,1EF72A62-B7C3-C88D-164E-CE6F8C8424AE,1ZN7L4R0H1D00F,1W9DL31001461C,,1ZMLH8300204F0,1W9DL31001461C,,,,,
2023-11-01,11:31:57.54 AM,7m 35.2s,455.2,33.7985522053776,-117.4754044912564,67.9,137.7,18.0,1332,3743.9,6.959723,7.161702,-4.921268,2.23694,-4.921268,1.342164,0,0.894776,-2.6,-0.2,2.6,-133.8,226.2,225.3,Tripod,Other,,22,5,True,,True,False,,Smart,RC,False,True,False,,,True,,False,False,False,False,False,False,False,False,False,False,0,Follow Yaw,-77.9,0,-142,218,False,False,False,False,False,,0,0,False,False,No Card,100,100,1024,1416,886,1024,2,False,False,False,False,False,0,False,False,False,False,75,,46.908,,7582,,10044,,46.908,,True,3.91,3.91,3.91,3.91,3.91,3.91,3.91,3.91,3.91,3.91,3.91,3.91,0,,False,False,True,,,,,,,,,,,,,,,False,False,19.03,,99.6,,75.7,,99.6,,1449,99,6,21,7,143260.8,19101.44,,Idle,,20,,10,,,20,Go Home,False,False,False,False,False,False,False,False,False,False,False,False,33.8027920380556,-117.4659261431046,3263.2,3263.2,1049.4,396.9,True,1,1,False,False,False,False,,True,False,False,Course Lock,196.8,67,16.4,93,NE,S,2.23,11.4,Calm,False,False,Android,7.0.2,M300 RTK,1ZN7L4R0H1D00F,1W9DL31001461C,1ZMLH8300204F0,1Z6PH74DAP0QN7,"Corona, CA",728.3,5.7,137.7,8.547347,2.013246,0,0,DJI Matrice 300 RTK,M300 RTK,1ZN7L4R0H1D00F,1W9DL31001461C,1ZMLH8300204F0,1Z6PH74DAP0QN7,DJI Pilot,Android,7.0.2,1EF72A62-B7C3-C88D-164E-CE6F8C8424AE,1ZN7L4R0H1D00F,1W9DL31001461C,,1ZMLH8300204F0,1W9DL31001461C,,,,,
2023-11-01,11:31:57.64 AM,7m 35.3s,455.3,33.79855031745,-117.4754067849708,67.5,137.7,18.0,1331,3744.9,6.959723,7.161702,-4.921268,2.23694,-4.921268,1.342164,0,0.894776,-2.5,-0.1,2.5,-133.8,226.2,225.2,Tripod,Other,,22,5,True,,True,False,,Smart,RC,False,True,False,,,True,,False,False,False,False,False,False,False,False,False,False,0,Follow Yaw,-77.9,0,-142,218,False,False,False,False,False,,0,0,False,False,No Card,100,100,1024,1416,886,1024,2,False,False,False,False,False,0,False,False,False,False,75,,46.908,,7582,,10044,,46.908,,True,3.911,3.911,3.911,3.911,3.911,3.911,3.911,3.911,3.911,3.911,3.911,3.911,0,,False,False,True,,,,,,,,,,,,,,,False,False,19.03,,99.6,,75.7,,99.6,,1447,99,6,21,7,142839.3,19045.24,,Idle,,20,,10,,,20,Go Home,False,False,False,False,False,False,False,False,False,False,False,False,33.8027920380556,-117.4659261431046,3264.1,3264.1,1049.4,396.9,True,1,1,False,False,False,False,,True,False,False,Course Lock,196.8,67,16.4,93,NE,S,2.23,11.4,Calm,False,False,Android,7.0.2,M300 RTK,1ZN7L4R0H1D00F,1W9DL31001461C,1ZMLH8300204F0,1Z6PH74DAP0QN7,"Corona, CA",728.3,5.7,137.7,8.547347,2.013246,0,0,DJI Matrice 300 RTK,M300 RTK,1ZN7L4R0H1D00F,1W9DL31001461C,1ZMLH8300204F0,1Z6PH74DAP0QN7,DJI Pilot,Android,7.0.2,1EF72A62-B7C3-C88D-164E-CE6F8C8424AE,1ZN7L4R0H1D00F,1W9DL31001461C,,1ZMLH8300204F0,1W9DL31001461C,,,,,
2023-11-01,11:31:57.75 AM,7m 35.4s,455.4,33.7985482776547,-117.4754092639456,67.5,137.7,18.0,1331,3746.0,6.959723,7.161702,-4.921268,2.23694,-4.921268,1.342164,0,0.894776,-2.4,0,2.4,-133.8,226.2,225.2,Tripod,Other,,22,5,True,,True,False,,Smart,RC,False,True,False,,,True,,False,False,False,False,False,False,False,False,False,False,0,Follow Yaw,-77.9,0,-142,218,False,False,False,False,False,,0,0,False,False,No Card,100,100,1024,1415,887,1024,2,False,False,False,False,False,0,False,False,False,False,75,,46.908,,7582,,10044,,46.908,,True,3.911,3.911,3.911,3.911,3.911,3.911,3.911,3.911,3.911,3.911,3.911,3.911,0,,False,False,True,,,,,,,,,,,,,,,False,False,19.03,,99.6,,75.7,,99.6,,1447,99,6,21,7,142839.3,19045.24,,Idle,,20,,10,,,20,Go Home,False,False,False,False,False,False,False,False,False,False,False,False,33.8027920380556,-117.4659261431046,3265.1,3265.1,1049.4,396.9,True,1,1,False,False,False,False,,True,False,False,Course Lock,196.8,67,16.4,93,NE,S,2.23,11.4,Calm,False,False,Android,7.0.2,M300 RTK,1ZN7L4R0H1D00F,1W9DL31001461C,1ZMLH8300204F0,1Z6PH74DAP0QN7,"Corona, CA",728.3,5.7,137.7,8.547347,2.013246,0,0,DJI Matrice 300 RTK,M300 RTK,1ZN7L4R0H1D00F,1W9DL31001461C,1ZMLH8300204F0,1Z6PH74DAP0QN7,DJI Pilot,Android,7.0.2,1EF72A62-B7C3-C88D-164E-CE6F8C8424AE,1ZN7L4R0H1D00F,1W9DL31001461C,,1ZMLH8300204F0,1W9DL31001461C,,,,,
2023-11-01,11:31:57.86 AM,7m 35.5s,455.5,33.7985462592416,-117.4754118841848,67.5,137.7,18.0,1331,3747.0,6.959723,7.161702,-4.921268,2.23694,-4.921268,1.342164,0,0.894776,-2.3,0,2.3,-133.9,226.1,227.1,Tripod,Other,,22,5,True,,True,False,,Smart,RC,False,True,False,,,True,,False,False,False,False,False,False,False,False,False,False,0,Follow Yaw,-77.9,0,-142,218,False,False,False,False,False,,0,0,False,False,No Card,100,100,1024,1415,887,1024,2,False,False,False,False,False,0,False,False,False,False,75,,46.908,,7582,,10044,,46.908,,True,3.911,3.911,3.911,3.911,3.911,3.911,3.911,3.911,3.911,3.911,3.911,3.911,0,,False,False,True,,,,,,,,,,,,,,,False,False,19.03,,99.6,,75.7,,99.6,,1447,99,6,21,7,142839.3,19045.24,,Idle,,20,,10,,,20,Go Home,False,False,False,False,False,False,False,False,False,False,False,False,33.8027920380556,-117.4659261431046,3266.2,3266.2,1049.4,396.9,True,1,1,False,False,False,False,,True,False,False,Course Lock,196.8,67,16.4,93,NE,S,2.23,11.4,Calm,False,False,Android,7.0.2,M300 RTK,1ZN7L4R0H1D00F,1W9DL31001461C,1ZMLH8300204F0,1Z6PH74DAP0QN7,"Corona, CA",728.3,5.7,137.7,8.547347,2.013246,0,0,DJI Matrice 300 RTK,M300 RTK,1ZN7L4R0H1D00F,1W9DL31001461C,1ZMLH8300204F0,1Z6PH74DAP0QN7,DJI Pilot,Android,7.0.2,1EF72A62-B7C3-C88D-164E-CE6F8C8424AE,1ZN7L4R0H1D00F,1W9DL31001461C,,1ZMLH8300204F0,1W9DL31001461C,,,,,
2023-11-01,11:31:57.96 AM,7m 35.6s,455.6,33.7985442150603,-117.475414381632,67.5,137.7,18.0,1331,3748.1,6.959723,7.161702,-4.921268,2.23694,-4.921268,1.342164,0,0.894776,-2.2,0,2.2,-133.8,226.2,225.4,Tripod,Other,,22,5,True,,True,False,,Smart,RC,False,True,False,,,True,,False,False,False,False,False,False,False,False,False,False,0,Follow Yaw,-77.9,0,-142,218,False,False,False,False,False,,0,0,False,False,No Card,100,100,1024,1415,888,1024,2,False,False,False,False,False,0,False,False,False,False,75,,46.908,,7582,,10044,,46.908,,True,3.911,3.911,3.911,3.911,3.911,3.911,3.911,3.911,3.911,3.911,3.911,3.911,0,,False,False,True,,,,,,,,,,,,,,,False,False,19.03,,99.6,,75.7,,99.6,,1447,99,6,21,7,142839.3,19045.24,,Idle,,20,,10,,,20,Go Home,False,False,False,False,False,False,False,False,False,False,False,False,33.8027920380556,-117.4659261431046,3267.2,3267.2,1049.4,396.9,True,1,1,False,False,False,False,,True,False,False,Course Lock,196.8,67,16.4,93,NE,S,2.23,11.4,Calm,False,False,Android,7.0.2,M300 RTK,1ZN7L4R0H1D00F,1W9DL31001461C,1ZMLH8300204F0,1Z6PH74DAP0QN7,"Corona, CA",728.3,5.7,137.7,8.547347,2.013246,0,0,DJI Matrice 300 RTK,M300 RTK,1ZN7L4R0H1D00F,1W9DL31001461C,1ZMLH8300204F0,1Z6PH74DAP0QN7,DJI Pilot,Android,7.0.2,1EF72A62-B7C3-C88D-164E-CE6F8C8424AE,1ZN7L4R0H1D00F,1W9DL31001461C,,1ZMLH8300204F0,1W9DL31001461C,,,,,
2023-11-01,11:31:58.06 AM,7m 35.7s,455.7,33.7985417722951,-117.4754169824092,67.5,137.7,18.0,1331,3749.3,6.959723,7.161702,-4.921268,2.23694,-4.921268,1.342164,0,0.894776,-2.2,0.1,2.2,-133.8,226.2,221.5,Tripod,Other,,22,5,True,,True,False,,Smart,RC,False,True,False,,,True,,False,False,False,False,False,False,False,False,False,False,0,Follow Yaw,-77.9,0,-142,218,False,False,False,False,False,,0,0,False,False,No Card,100,100,1024,1414,887,1024,2,False,False,False,False,False,0,False,False,False,False,76,,46.884,,3789,,4986,,46.884,,True,3.911,3.911,3.911,3.911,3.911,3.911,3.911,3.911,3.911,3.911,3.911,3.911,0,,False,False,True,,,,,,,,,,,,,,,False,False,9.436,,99.6,,75.7,,99.6,,1447,99,6,21,7,142839.3,19045.24,,Idle,,20,,10,,,20,Go Home,False,False,False,False,False,False,False,False,False,False,False,False,33.8027920380556,-117.4659261431046,3268.3,3268.3,1049.4,396.9,True,1,1,False,False,False,False,,True,False,False,Course Lock,196.8,67,16.4,93,NE,S,2.23,11.4,Calm,False,False,Android,7.0.2,M300 RTK,1ZN7L4R0H1D00F,1W9DL31001461C,1ZMLH8300204F0,1Z6PH74DAP0QN7,"Corona, CA",728.3,5.7,137.7,8.547347,2.013246,0,0,DJI Matrice 300 RTK,M300 RTK,1ZN7L4R0H1D00F,1W9DL31001461C,1ZMLH8300204F0,1Z6PH74DAP0QN7,DJI Pilot,Android,7.0.2,1EF72A62-B7C3-C88D-164E-CE6F8C8424AE,1ZN7L4R0H1D00F,1W9DL31001461C,,1ZMLH8300204F0,1W9DL31001461C,,,,,
2023-11-01,11:31:58.16 AM,7m 35.8s,455.8,33.798539694396,-117.475419496432,67.5,137.7,18.0,1331,3750.4,6.959723,7.161702,-4.921268,2.23694,-4.921268,1.342164,0,0.894776,-2.3,0,2.3,-133.8,226.2,225.1,Tripod,Other,,22,5,True,,True,False,,Smart,RC,False,True,False,,,True,,False,False,False,False,False,False,False,False,False,False,0,Follow Yaw,-77.9,0,-142,218,False,False,False,False,False,,0,0,False,False,No Card,100,100,1024,1415,888,1024,2,False,False,False,False,False,0,False,False,False,False,76,,46.884,,3789,,4986,,46.884,,True,3.911,3.911,3.911,3.911,3.911,3.911,3.911,3.911,3.911,3.911,3.911,3.911,0,,False,False,True,,,,,,,,,,,,,,,False,False,9.436,,99.6,,75.7,,99.6,,1447,99,6,21,7,142839.3,19045.24,,Idle,,20,,10,,,20,Go Home,False,False,False,False,False,False,False,False,False,False,False,False,33.8027920380556,-117.4659261431046,3269.4,3269.4,1049.4,396.9,True,1,1,False,False,False,False,,True,False,False,Course Lock,196.8,67,16.4,93,NE,S,2.23,11.4,Calm,False,False,Android,7.0.2,M300 RTK,1ZN7L4R0H1D00F,1W9DL31001461C,1ZMLH8300204F0,1Z6PH74DAP0QN7,"Corona, CA",728.3,5.7,137.7,8.547347,2.013246,0,0,DJI Matrice 300 RTK,M300 RTK,1ZN7L4R0H1D00F,1W9DL31001461C,1ZMLH8300204F0,1Z6PH74DAP0QN7,DJI Pilot,Android,7.0.2,1EF72A62-B7C3-C88D-164E-CE6F8C8424AE,1ZN7L4R0H1D00F,1W9DL31001461C,,1ZMLH8300204F0,1W9DL31001461C,,,,,
2023-11-01,11:31:58.27 AM,7m 35.9s,455.9,33.7985378374449,-117.4754219817978,67.5,137.7,18.3,1331,3751.4,7.119656,7.161702,-4.921268,2.23694,-5.144962,1.342164,0,0.894776,-2.2,0,2.2,-133.8,226.2,228.0,Tripod,Other,,22,5,True,,True,False,,Smart,RC,False,True,False,,,True,,False,False,False,False,False,False,False,False,False,False,0,Follow Yaw,-77.9,0,-142,218,False,False,False,False,False,,0,0,False,False,No Card,100,100,1024,1415,890,1024,2,False,False,False,False,False,0,False,False,False,False,76,,46.884,,3789,,4986,,46.884,,True,3.911,3.911,3.911,3.911,3.911,3.911,3.911,3.911,3.911,3.911,3.911,3.911,0,,False,False,True,,,,,,,,,,,,,,,False,False,9.436,,99.6,,75.7,,99.6,,1447,99,6,21,7,142839.3,19045.24,,Idle,,20,,10,,,20,Go Home,False,False,False,False,False,False,False,False,False,False,False,False,33.8027920380556,-117.4659261431046,3270.3,3270.3,1049.4,396.9,True,1,1,False,False,False,False,,True,False,False,Course Lock,196.8,67,16.4,93,NE,S,2.23,11.4,Calm,False,False,Android,7.0.2,M300 RTK,1ZN7L4R0H1D00F,1W9DL31001461C,1ZMLH8300204F0,1Z6PH74DAP0QN7,"Corona, CA",728.3,5.7,137.7,8.547347,2.013246,0,0,DJI Matrice 300 RTK,M300 RTK,1ZN7L4R0H1D00F,1W9DL31001461C,1ZMLH8300204F0,1Z6PH74DAP0QN7,DJI Pilot,Android,7.0.2,1EF72A62-B7C3-C88D-164E-CE6F8C8424AE,1ZN7L4R0H1D00F,1W9DL31001461C,,1ZMLH8300204F0,1W9DL31001461C,,,,,
2023-11-01,11:31:58.37 AM,7m 36.0s,456.0,33.7985357817502,-117.4754245042734,67.5,137.7,18.3,1331,3752.5,7.119656,7.161702,-4.921268,2.23694,-5.144962,1.342164,0,0.894776,-2,-0.1,2,-133.9,226.1,225.5,Tripod,Other,,22,5,True,,True,False,,Smart,RC,False,True,False,,,True,,False,False,False,False,False,False,False,False,False,False,0,Follow Yaw,-77.9,0,-142,218,False,False,False,False,False,,0,0,False,False,No Card,100,100,1024,1415,890,1024,2,False,False,False,False,False,0,False,False,False,False,75,,46.908,,7582,,10044,,46.908,,True,3.911,3.911,3.911,3.911,3.911,3.911,3.911,3.911,3.911,3.911,3.911,3.911,0,,False,False,True,,,,,,,,,,,,,,,False,False,19.094,,99.6,,75.7,,99.6,,1447,99,6,21,7,142839.3,19045.24,,Idle,,20,,10,,,20,Go Home,False,False,False,False,False,False,False,False,False,False,False,False,33.8027920380556,-117.4659261431046,3271.4,3271.4,1049.4,396.9,True,1,1,False,False,False,False,,True,False,False,Course Lock,196.8,67,16.4,93,NE,S,2.23,11.4,Calm,False,False,Android,7.0.2,M300 RTK,1ZN7L4R0H1D00F,1W9DL31001461C,1ZMLH8300204F0,1Z6PH74DAP0QN7,"Corona, CA",728.3,5.7,137.7,8.547347,2.013246,0,0,DJI Matrice 300 RTK,M300 RTK,1ZN7L4R0H1D00F,1W9DL31001461C,1ZMLH8300204F0,1Z6PH74DAP0QN7,DJI Pilot,Android,7.0.2,1EF72A62-B7C3-C88D-164E-CE6F8C8424AE,1ZN7L4R0H1D00F,1W9DL31001461C,,1ZMLH8300204F0,1W9DL31001461C,,,,,
2023-11-01,11:31:58.47 AM,7m 36.1s,456.1,33.7985334363009,-117.4754272127515,67.5,137.7,18.3,1331,3753.6,7.119656,7.161702,-4.921268,2.23694,-5.144962,1.342164,0,0.894776,-2,-0.3,2,-134,226,223.8,Tripod,Other,,22,5,True,,True,False,,Smart,RC,False,True,False,,,True,,False,False,False,False,False,False,False,False,False,False,0,Follow Yaw,-77.9,0,-142,218,False,False,False,False,False,,0,0,False,False,No Card,100,100,1024,1414,890,1024,2,False,False,False,False,False,0,False,False,False,False,75,,46.908,,7582,,10044,,46.908,,True,3.911,3.911,3.911,3.911,3.911,3.911,3.911,3.911,3.911,3.911,3.911,3.911,0,,False,False,True,,,,,,,,,,,,,,,False,False,19.094,,99.6,,75.7,,99.6,,1447,99,6,21,7,142839.3,19045.24,,Idle,,20,,10,,,20,Go Home,False,False,False,False,False,False,False,False,False,False,False,False,33.8027920380556,-117.4659261431046,3272.5,3272.5,1049.4,396.9,True,1,1,False,False,False,False,,True,False,False,Course Lock,196.8,67,16.4,93,NE,S,2.23,11.4,Calm,False,False,Android,7.0.2,M300 RTK,1ZN7L4R0H1D00F,1W9DL31001461C,1ZMLH8300204F0,1Z6PH74DAP0QN7,"Corona, CA",728.3,5.7,137.7,8.547347,2.013246,0,0,DJI Matrice 300 RTK,M300 RTK,1ZN7L4R0H1D00F,1W9DL31001461C,1ZMLH8300204F0,1Z6PH74DAP0QN7,DJI Pilot,Android,7.0.2,1EF72A62-B7C3-C88D-164E-CE6F8C8424AE,1ZN7L4R0H1D00F,1W9DL31001461C,,1ZMLH8300204F0,1W9DL31001461C,,,,,
2023-11-01,11:31:58.57 AM,7m 36.2s,456.2,33.7985313542898,-117.4754297442158,67.5,137.7,18.3,1331,3754.7,7.119656,7.161702,-4.921268,2.23694,-5.144962,1.342164,0,0.894776,-2.4,-0.4,2.4,-134,226,225.2,Tripod,Other,,22,5,True,,True,False,,Smart,RC,False,True,False,,,True,,False,False,False,False,False,False,False,False,False,False,0,Follow Yaw,-77.9,0,-142,218,False,False,False,False,False,,0,0,False,False,No Card,100,100,1024,1414,890,1024,2,False,False,False,False,False,0,False,False,False,False,75,,46.908,,7582,,10044,,46.908,,True,3.911,3.911,3.911,3.911,3.911,3.911,3.911,3.911,3.911,3.911,3.911,3.911,0,,False,False,True,,,,,,,,,,,,,,,False,False,19.094,,99.6,,75.7,,99.6,,1447,99,6,21,7,142839.3,19045.24,,Idle,,20,,10,,,20,Go Home,False,False,False,False,False,False,False,False,False,False,False,False,33.8027920380556,-117.4659261431046,3273.5,3273.5,1049.4,396.9,True,1,1,False,False,False,False,,True,False,False,Course Lock,196.8,67,16.4,93,NE,S,2.23,11.4,Calm,False,False,Android,7.0.2,M300 RTK,1ZN7L4R0H1D00F,1W9DL31001461C,1ZMLH8300204F0,1Z6PH74DAP0QN7,"Corona, CA",728.3,5.7,137.7,8.547347,2.013246,0,0,DJI Matrice 300 RTK,M300 RTK,1ZN7L4R0H1D00F,1W9DL31001461C,1ZMLH8300204F0,1Z6PH74DAP0QN7,DJI Pilot,Android,7.0.2,1EF72A62-B7C3-C88D-164E-CE6F8C8424AE,1ZN7L4R0H1D00F,1W9DL31001461C,,1ZMLH8300204F0,1W9DL31001461C,,,,,
2023-11-01,11:31:58.64 AM,7m 36.3s,456.3,33.798529364386,-117.4754323461064,67.5,137.7,18.3,1331,3755.8,6.959723,7.161702,-4.921268,2.23694,-4.921268,1.342164,0,0.894776,-3,-0.3,3,-134,226,227.3,Tripod,Other,,22,5,True,,True,False,,Smart,RC,False,True,False,,,True,,False,False,False,False,False,False,False,False,False,False,0,Follow Yaw,-77.9,0,-142,218,False,False,False,False,False,,0,0,False,False,No Card,100,100,1024,1414,890,1024,2,False,False,False,False,False,0,False,False,False,False,75,,46.908,,7582,,10044,,46.908,,True,3.913,3.913,3.913,3.913,3.913,3.913,3.913,3.913,3.913,3.913,3.913,3.913,0,,False,False,True,,,,,,,,,,,,,,,False,False,19.094,,99.6,,75.7,,99.6,,1446,99,6,21,7,142474.8,18996.64,,Idle,,20,,10,,,20,Go Home,False,False,False,False,False,False,False,False,False,False,False,False,33.8027920380556,-117.4659261431046,3274.6,3274.6,1049.4,396.9,True,1,1,False,False,False,False,,True,False,False,Course Lock,196.8,67,16.4,93,NE,S,2.23,11.4,Calm,False,False,Android,7.0.2,M300 RTK,1ZN7L4R0H1D00F,1W9DL31001461C,1ZMLH8300204F0,1Z6PH74DAP0QN7,"Corona, CA",728.3,5.7,137.7,8.547347,2.013246,0,0,DJI Matrice 300 RTK,M300 RTK,1ZN7L4R0H1D00F,1W9DL31001461C,1ZMLH8300204F0,1Z6PH74DAP0QN7,DJI Pilot,Android,7.0.2,1EF72A62-B7C3-C88D-164E-CE6F8C8424AE,1ZN7L4R0H1D00F,1W9DL31001461C,,1ZMLH8300204F0,1W9DL31001461C,,,,,
2023-11-01,11:31:58.74 AM,7m 36.4s,456.4,33.7985272626376,-117.4754348764163,67.5,137.7,18.3,1331,3756.9,6.959723,7.161702,-4.921268,2.23694,-4.921268,1.342164,0,0.894776,-3.1,-0.1,3.1,-133.9,226.1,225.0,Tripod,Other,,22,5,True,,True,False,,Smart,RC,False,True,False,,,True,,False,False,False,False,False,False,False,False,False,False,0,Follow Yaw,-77.9,0,-142,218,False,False,False,False,False,,0,0,False,False,No Card,100,100,1024,1414,890,1024,2,False,False,False,False,False,0,False,False,False,False,75,,46.908,,7582,,10044,,46.908,,True,3.913,3.913,3.913,3.913,3.913,3.913,3.913,3.913,3.913,3.913,3.913,3.913,0,,False,False,True,,,,,,,,,,,,,,,False,False,19.094,,99.6,,75.7,,99.6,,1446,99,6,21,7,142474.8,18996.64,,Idle,,20,,10,,,20,Go Home,False,False,False,False,False,False,False,False,False,False,False,False,33.8027920380556,-117.4659261431046,3275.6,3275.6,1049.4,396.9,True,1,1,False,False,False,False,,True,False,False,Course Lock,196.8,67,16.4,93,NE,S,2.23,11.4,Calm,False,False,Android,7.0.2,M300 RTK,1ZN7L4R0H1D00F,1W9DL31001461C,1ZMLH8300204F0,1Z6PH74DAP0QN7,"Corona, CA",728.3,5.7,137.7,8.547347,2.013246,0,0,DJI Matrice 300 RTK,M300 RTK,1ZN7L4R0H1D00F,1W9DL31001461C,1ZMLH8300204F0,1Z6PH74DAP0QN7,DJI Pilot,Android,7.0.2,1EF72A62-B7C3-C88D-164E-CE6F8C8424AE,1ZN7L4R0H1D00F,1W9DL31001461C,,1ZMLH8300204F0,1W9DL31001461C,,,,,
2023-11-01,11:31:58.84 AM,7m 36.5s,456.5,33.7985252105066,-117.4754374099836,67.2,137.7,18.3,1331,3758.0,7.119656,7.161702,-4.921268,2.23694,-5.144962,1.342164,0,0.894776,-3,0,3,-133.9,226.1,225.7,Tripod,Other,,22,5,True,,True,False,,Smart,RC,False,True,False,,,True,,False,False,False,False,False,False,False,False,False,False,0,Follow Yaw,-77.9,0,-142,218,False,False,False,False,False,,0,0,False,False,No Card,100,100,1024,1415,892,1024,2,False,False,False,False,False,0,False,False,False,False,75,,46.908,,7582,,10044,,46.908,,True,3.913,3.913,3.913,3.913,3.913,3.913,3.913,3.913,3.913,3.913,3.913,3.913,0,,False,False,True,,,,,,,,,,,,,,,False,False,19.094,,99.6,,75.7,,99.6,,1446,99,6,21,7,142474.8,18996.64,,Idle,,20,,10,,,20,Go Home,False,False,False,False,False,False,False,False,False,False,False,False,33.8027920380556,-117.4659261431046,3276.6,3276.6,1049.4,396.9,True,1,1,False,False,False,False,,True,False,False,Course Lock,196.8,67,16.4,93,NE,S,2.23,11.4,Calm,False,False,Android,7.0.2,M300 RTK,1ZN7L4R0H1D00F,1W9DL31001461C,1ZMLH8300204F0,1Z6PH74DAP0QN7,"Corona, CA",728.3,5.7,137.7,8.547347,2.013246,0,0,DJI Matrice 300 RTK,M300 RTK,1ZN7L4R0H1D00F,1W9DL31001461C,1ZMLH8300204F0,1Z6PH74DAP0QN7,DJI Pilot,Android,7.0.2,1EF72A62-B7C3-C88D-164E-CE6F8C8424AE,1ZN7L4R0H1D00F,1W9DL31001461C,,1ZMLH8300204F0,1W9DL31001461C,,,,,
2023-11-01,11:31:58.94 AM,7m 36.6s,456.6,33.7985230840865,-117.4754399493235,67.2,137.7,18.3,1331,3759.0,7.119656,7.161702,-4.921268,2.23694,-5.144962,1.342164,0,0.894776,-2.9,0.1,2.9,-133.9,226.1,224.7,Tripod,Other,,21,5,True,,True,False,,Smart,RC,False,True,False,,,True,,False,False,False,False,False,False,False,False,False,False,0,Follow Yaw,-77.9,0,-142,218,False,False,False,False,False,,0,0,False,False,No Card,100,100,1024,1415,892,1024,2,False,False,False,False,False,0,False,False,False,False,75,,46.908,,7582,,10044,,46.908,,True,3.913,3.913,3.913,3.913,3.913,3.913,3.913,3.913,3.913,3.913,3.913,3.913,0,,False,False,True,,,,,,,,,,,,,,,False,False,19.094,,99.6,,75.7,,99.6,,1446,99,6,21,7,142474.8,18996.64,,Idle,,20,,10,,,20,Go Home,False,False,False,False,False,False,False,False,False,False,False,False,33.8027920380556,-117.4659261431046,3277.7,3277.7,1049.4,396.9,True,1,1,False,False,False,False,,True,False,False,Course Lock,196.8,67,16.4,93,NE,S,2.23,11.4,Calm,False,False,Android,7.0.2,M300 RTK,1ZN7L4R0H1D00F,1W9DL31001461C,1ZMLH8300204F0,1Z6PH74DAP0QN7,"Corona, CA",728.3,5.7,137.7,8.547347,2.013246,0,0,DJI Matrice 300 RTK,M300 RTK,1ZN7L4R0H1D00F,1W9DL31001461C,1ZMLH8300204F0,1Z6PH74DAP0QN7,DJI Pilot,Android,7.0.2,1EF72A62-B7C3-C88D-164E-CE6F8C8424AE,1ZN7L4R0H1D00F,1W9DL31001461C,,1ZMLH8300204F0,1W9DL31001461C,,,,,
2023-11-01,11:31:59.04 AM,7m 36.7s,456.7,33.7985207046452,-117.4754425275463,67.2,137.7,18.3,1331,3760.2,7.119656,7.161702,-4.921268,2.23694,-5.144962,1.342164,0,0.894776,-2.8,0.3,2.8,-133.8,226.2,222.0,Tripod,Other,,21,5,True,,True,False,,Smart,RC,False,True,False,,,True,,False,False,False,False,False,False,False,False,False,False,0,Follow Yaw,-77.9,0,-142,218,False,False,False,False,False,,0,0,False,False,No Card,100,100,1024,1413,891,1024,2,False,False,False,False,False,0,False,False,False,False,75,,46.908,,7582,,10044,,46.908,,True,3.913,3.913,3.913,3.913,3.913,3.913,3.913,3.913,3.913,3.913,3.913,3.913,0,,False,False,True,,,,,,,,,,,,,,,False,False,19.094,,99.6,,75.7,,99.6,,1446,99,6,21,7,142474.8,18996.64,,Idle,,20,,10,,,20,Go Home,False,False,False,False,False,False,False,False,False,False,False,False,33.8027920380556,-117.4659261431046,3278.8,3278.8,1049.4,396.9,True,1,1,False,False,False,False,,True,False,False,Course Lock,196.8,67,16.4,93,NE,S,2.23,11.4,Calm,False,False,Android,7.0.2,M300 RTK,1ZN7L4R0H1D00F,1W9DL31001461C,1ZMLH8300204F0,1Z6PH74DAP0QN7,"Corona, CA",728.3,5.7,137.7,8.547347,2.013246,0,0,DJI Matrice 300 RTK,M300 RTK,1ZN7L4R0H1D00F,1W9DL31001461C,1ZMLH8300204F0,1Z6PH74DAP0QN7,DJI Pilot,Android,7.0.2,1EF72A62-B7C3-C88D-164E-CE6F8C8424AE,1ZN7L4R0H1D00F,1W9DL31001461C,,1ZMLH8300204F0,1W9DL31001461C,,,,,
2023-11-01,11:31:59.14 AM,7m 36.8s,456.8,33.7985185382023,-117.4754450781429,67.2,137.7,18.3,1331,3761.3,7.119656,7.161702,-4.921268,2.23694,-5.144962,1.342164,0,0.894776,-2.8,0.4,2.8,-133.8,226.2,224.3,Tripod,Other,,21,5,True,,True,False,,Smart,RC,False,True,False,,,True,,False,False,False,False,False,False,False,False,False,False,0,Follow Yaw,-77.9,0,-142,218,False,False,False,False,False,,0,0,False,False,No Card,100,100,1024,1414,830,1024,2,False,False,False,False,False,0,False,False,False,False,75,,46.908,,7582,,10044,,46.908,,True,3.913,3.913,3.913,3.913,3.913,3.913,3.913,3.913,3.913,3.913,3.913,3.913,0,,False,False,True,,,,,,,,,,,,,,,False,False,19.094,,99.6,,75.7,,99.6,,1446,99,6,21,7,142474.8,18996.64,,Idle,,20,,10,,,20,Go Home,False,False,False,False,False,False,False,False,False,False,False,False,33.8027920380556,-117.4659261431046,3279.8,3279.8,1049.4,396.9,True,1,1,False,False,False,False,,True,False,False,Course Lock,196.8,67,16.4,93,NE,S,2.23,11.4,Calm,False,False,Android,7.0.2,M300 RTK,1ZN7L4R0H1D00F,1W9DL31001461C,1ZMLH8300204F0,1Z6PH74DAP0QN7,"Corona, CA",728.3,5.7,137.7,8.547347,2.013246,0,0,DJI Matrice 300 RTK,M300 RTK,1ZN7L4R0H1D00F,1W9DL31001461C,1ZMLH8300204F0,1Z6PH74DAP0QN7,DJI Pilot,Android,7.0.2,1EF72A62-B7C3-C88D-164E-CE6F8C8424AE,1ZN7L4R0H1D00F,1W9DL31001461C,,1ZMLH8300204F0,1W9DL31001461C,,,,,
2023-11-01,11:31:59.24 AM,7m 36.9s,456.9,33.7985164276818,-117.4754475452012,67.2,137.7,18.3,1331,3762.4,7.276075,7.276075,-5.144962,2.23694,-5.144962,1.342164,0,0.894776,-2.8,0.4,2.8,-133.8,226.2,224.1,Tripod,Other,,21,5,True,,True,False,,Smart,RC,False,True,False,,,True,,False,False,False,False,False,False,False,False,False,False,0,Follow Yaw,-77.9,0,-142,218,False,False,False,False,False,,0,0,False,False,No Card,100,100,1024,1413,812,1024,2,False,False,False,False,False,0,False,False,False,False,75,,46.908,,7582,,10044,,46.908,,True,3.913,3.913,3.913,3.913,3.913,3.913,3.913,3.913,3.913,3.913,3.913,3.913,0,,False,False,True,,,,,,,,,,,,,,,False,False,19.094,,99.6,,75.7,,99.6,,1446,99,6,21,7,142474.8,18996.64,,Idle,,20,,10,,,20,Go Home,False,False,False,False,False,False,False,False,False,False,False,False,33.8027920380556,-117.4659261431046,3280.9,3280.9,1049.4,396.9,True,1,1,False,False,False,False,,True,False,False,Course Lock,196.8,67,16.4,93,NE,S,2.23,11.4,Calm,False,False,Android,7.0.2,M300 RTK,1ZN7L4R0H1D00F,1W9DL31001461C,1ZMLH8300204F0,1Z6PH74DAP0QN7,"Corona, CA",728.3,5.7,137.7,8.547347,2.013246,0,0,DJI Matrice 300 RTK,M300 RTK,1ZN7L4R0H1D00F,1W9DL31001461C,1ZMLH8300204F0,1Z6PH74DAP0QN7,DJI Pilot,Android,7.0.2,1EF72A62-B7C3-C88D-164E-CE6F8C8424AE,1ZN7L4R0H1D00F,1W9DL31001461C,,1ZMLH8300204F0,1W9DL31001461C,,,,,
2023-11-01,11:31:59.34 AM,7m 37.0s,457.0,33.7985142524667,-117.475450106807,67.2,137.7,18.3,1331,3763.5,7.276075,7.276075,-5.144962,2.23694,-5.144962,1.342164,0,0.894776,-2.8,0.3,2.8,-133.8,226.2,224.3,Tripod,Other,,21,5,True,,True,False,,Smart,RC,False,True,False,,,True,,False,False,False,False,False,False,False,False,False,False,0,Follow Yaw,-77.9,0,-142,218,False,False,False,False,False,,0,0,False,False,No Card,100,100,1024,1413,855,1024,2,False,False,False,False,False,0,False,False,False,False,76,,46.872,,3789,,4986,,46.872,,True,3.913,3.913,3.913,3.913,3.913,3.913,3.913,3.913,3.913,3.913,3.913,3.913,0,,False,False,True,,,,,,,,,,,,,,,False,False,9.292,,99.6,,75.7,,99.6,,1446,99,6,21,7,142474.8,18996.64,,Idle,,20,,10,,,20,Go Home,False,False,False,False,False,False,False,False,False,False,False,False,33.8027920380556,-117.4659261431046,3281.9,3281.9,1049.4,396.9,True,1,1,False,False,False,False,,True,False,False,Course Lock,196.8,67,16.4,93,NE,S,2.23,11.4,Calm,False,False,Android,7.0.2,M300 RTK,1ZN7L4R0H1D00F,1W9DL31001461C,1ZMLH8300204F0,1Z6PH74DAP0QN7,"Corona, CA",728.3,5.7,137.7,8.547347,2.013246,0,0,DJI Matrice 300 RTK,M300 RTK,1ZN7L4R0H1D00F,1W9DL31001461C,1ZMLH8300204F0,1Z6PH74DAP0QN7,DJI Pilot,Android,7.0.2,1EF72A62-B7C3-C88D-164E-CE6F8C8424AE,1ZN7L4R0H1D00F,1W9DL31001461C,,1ZMLH8300204F0,1W9DL31001461C,,,,,
2023-11-01,11:31:59.44 AM,7m 37.1s,457.1,33.7985120586109,-117.475452730015,67.2,137.7,18.3,1331,3764.6,7.276075,7.276075,-5.144962,2.23694,-5.144962,1.342164,0.223694,0.894776,-2.9,0.4,2.9,-133.8,226.2,224.8,Tripod,Other,,21,5,True,,True,False,,Smart,RC,False,True,False,,,True,,False,False,False,False,False,False,False,False,False,False,0,Follow Yaw,-77.9,0,-142,218,False,False,False,False,False,,0,0,False,False,No Card,100,100,1024,1412,858,1024,2,False,False,False,False,False,0,False,False,False,False,76,,46.872,,3789,,4986,,46.872,,True,3.913,3.913,3.913,3.913,3.913,3.913,3.913,3.913,3.913,3.913,3.913,3.913,0,,False,False,True,,,,,,,,,,,,,,,False,False,9.292,,99.6,,75.7,,99.6,,1446,99,6,21,7,142474.8,18996.64,,Idle,,20,,10,,,20,Go Home,False,False,False,False,False,False,False,False,False,False,False,False,33.8027920380556,-117.4659261431046,3283.0,3283.0,1049.4,396.9,True,1,1,False,False,False,False,,True,False,False,Course Lock,196.8,67,16.4,93,NE,S,2.23,11.4,Calm,False,False,Android,7.0.2,M300 RTK,1ZN7L4R0H1D00F,1W9DL31001461C,1ZMLH8300204F0,1Z6PH74DAP0QN7,"Corona, CA",728.3,5.7,137.7,8.547347,2.013246,0,0,DJI Matrice 300 RTK,M300 RTK,1ZN7L4R0H1D00F,1W9DL31001461C,1ZMLH8300204F0,1Z6PH74DAP0QN7,DJI Pilot,Android,7.0.2,1EF72A62-B7C3-C88D-164E-CE6F8C8424AE,1ZN7L4R0H1D00F,1W9DL31001461C,,1ZMLH8300204F0,1W9DL31001461C,,,,,
2023-11-01,11:31:59.54 AM,7m 37.2s,457.2,33.7985098746237,-117.4754553124436,67.2,137.7,18.3,1331,3765.7,7.276075,7.276075,-5.144962,2.23694,-5.144962,1.342164,0.223694,0.894776,-2.8,0.4,2.8,-133.8,226.2,224.4,Tripod,Other,,22,5,True,,True,False,,Smart,RC,False,True,False,,,True,,False,False,False,False,False,False,False,False,False,False,0,Follow Yaw,-77.9,0,-142,218,False,False,False,False,False,,0,0,False,False,No Card,100,100,1024,1412,855,1024,2,False,False,False,False,False,0,False,False,False,False,76,,46.872,,3789,,4986,,46.872,,True,3.913,3.913,3.913,3.913,3.913,3.913,3.913,3.913,3.913,3.913,3.913,3.913,0,,False,False,True,,,,,,,,,,,,,,,False,False,9.292,,99.6,,75.7,,99.6,,1446,99,6,21,7,142474.8,18996.64,,Idle,,20,,10,,,20,Go Home,False,False,False,False,False,False,False,False,False,False,False,False,33.8027920380556,-117.4659261431046,3284.1,3284.1,1049.4,396.9,True,1,1,False,False,False,False,,True,False,False,Course Lock,196.8,67,16.4,93,NE,S,2.23,11.4,Calm,False,False,Android,7.0.2,M300 RTK,1ZN7L4R0H1D00F,1W9DL31001461C,1ZMLH8300204F0,1Z6PH74DAP0QN7,"Corona, CA",728.3,5.7,137.7,8.547347,2.013246,0,0,DJI Matrice 300 RTK,M300 RTK,1ZN7L4R0H1D00F,1W9DL31001461C,1ZMLH8300204F0,1Z6PH74DAP0QN7,DJI Pilot,Android,7.0.2,1EF72A62-B7C3-C88D-164E-CE6F8C8424AE,1ZN7L4R0H1D00F,1W9DL31001461C,,1ZMLH8300204F0,1W9DL31001461C,,,,,
2023-11-01,11:31:59.64 AM,7m 37.3s,457.3,33.7985078967817,-117.4754580727104,67.2,137.7,18.3,1331,3766.9,7.276075,7.276075,-5.144962,2.23694,-5.144962,1.342164,0.223694,0.894776,-2.6,0.3,2.6,-133.8,226.2,229.2,Tripod,Other,,22,5,True,,True,False,,Smart,RC,False,True,False,,,True,,False,False,False,False,False,False,False,False,False,False,0,Follow Yaw,-77.9,0,-142,218,False,False,False,False,False,,0,0,False,False,No Card,100,100,1024,1410,857,1024,2,False,False,False,False,False,0,False,False,False,False,76,,46.872,,3789,,4986,,46.872,,True,3.909,3.909,3.909,3.909,3.909,3.909,3.909,3.909,3.909,3.909,3.909,3.909,0,,False,False,True,,,,,,,,,,,,,,,False,False,9.292,,99.6,,75.7,,99.6,,1445,99,6,21,7,142274.7,18969.96,,Idle,,20,,10,,,20,Go Home,False,False,False,False,False,False,False,False,False,False,False,False,33.8027920380556,-117.4659261431046,3285.2,3285.2,1049.4,396.9,True,1,1,False,False,False,False,,True,False,False,Course Lock,196.8,67,16.4,93,NE,S,2.23,11.4,Calm,False,False,Android,7.0.2,M300 RTK,1ZN7L4R0H1D00F,1W9DL31001461C,1ZMLH8300204F0,1Z6PH74DAP0QN7,"Corona, CA",728.3,5.7,137.7,8.547347,2.013246,0,0,DJI Matrice 300 RTK,M300 RTK,1ZN7L4R0H1D00F,1W9DL31001461C,1ZMLH8300204F0,1Z6PH74DAP0QN7,DJI Pilot,Android,7.0.2,1EF72A62-B7C3-C88D-164E-CE6F8C8424AE,1ZN7L4R0H1D00F,1W9DL31001461C,,1ZMLH8300204F0,1W9DL31001461C,,,,,
2023-11-01,11:31:59.71 AM,7m 37.4s,457.4,33.7985057292422,-117.4754606882904,66.9,137.7,18.3,1331,3768.0,7.276075,7.276075,-5.144962,2.23694,-5.144962,1.342164,0.223694,0.894776,-2.5,0.2,2.5,-133.8,226.2,225.0,Tripod,Other,,22,5,True,,True,False,,Smart,RC,False,True,False,,,True,,False,False,False,False,False,False,False,False,False,False,0,Follow Yaw,-77.9,0,-142,218,False,False,False,False,False,,0,0,False,False,No Card,100,100,1024,1411,857,1024,2,False,False,False,False,False,0,False,False,False,False,76,,46.872,,3789,,4986,,46.872,,True,3.909,3.909,3.909,3.909,3.909,3.909,3.909,3.909,3.909,3.909,3.909,3.909,0,,False,False,True,,,,,,,,,,,,,,,False,False,9.292,,99.6,,75.7,,99.6,,1445,99,6,21,7,142274.7,18969.96,,Idle,,20,,10,,,20,Go Home,False,False,False,False,False,False,False,False,False,False,False,False,33.8027920380556,-117.4659261431046,3286.2,3286.2,1049.4,396.9,True,1,1,False,False,False,False,,True,False,False,Course Lock,196.8,67,16.4,93,NE,S,2.23,11.4,Calm,False,False,Android,7.0.2,M300 RTK,1ZN7L4R0H1D00F,1W9DL31001461C,1ZMLH8300204F0,1Z6PH74DAP0QN7,"Corona, CA",728.3,5.7,137.7,8.547347,2.013246,0,0,DJI Matrice 300 RTK,M300 RTK,1ZN7L4R0H1D00F,1W9DL31001461C,1ZMLH8300204F0,1Z6PH74DAP0QN7,DJI Pilot,Android,7.0.2,1EF72A62-B7C3-C88D-164E-CE6F8C8424AE,1ZN7L4R0H1D00F,1W9DL31001461C,,1ZMLH8300204F0,1W9DL31001461C,,,,,
2023-11-01,11:31:59.81 AM,7m 37.5s,457.5,33.7985036014515,-117.4754633572259,66.9,137.7,18.3,1331,3769.1,7.276075,7.276075,-5.144962,2.23694,-5.144962,1.342164,0.223694,0.894776,-2.4,0.2,2.4,-133.8,226.2,226.1,Tripod,Other,,22,5,True,,True,False,,Smart,RC,False,True,False,,,True,,False,False,False,False,False,False,False,False,False,False,0,Follow Yaw,-77.9,0,-142,218,False,False,False,False,False,,0,0,False,False,No Card,100,100,1024,1411,857,1024,2,False,False,False,False,False,0,False,False,False,False,76,,46.872,,3789,,4986,,46.872,,True,3.909,3.909,3.909,3.909,3.909,3.909,3.909,3.909,3.909,3.909,3.909,3.909,0,,False,False,True,,,,,,,,,,,,,,,False,False,9.292,,99.6,,75.7,,99.6,,1445,99,6,21,7,142274.7,18969.96,,Idle,,20,,10,,,20,Go Home,False,False,False,False,False,False,False,False,False,False,False,False,33.8027920380556,-117.4659261431046,3287.3,3287.3,1049.4,396.9,True,1,1,False,False,False,False,,True,False,False,Course Lock,196.8,67,16.4,93,NE,S,2.23,11.4,Calm,False,False,Android,7.0.2,M300 RTK,1ZN7L4R0H1D00F,1W9DL31001461C,1ZMLH8300204F0,1Z6PH74DAP0QN7,"Corona, CA",728.3,5.7,137.7,8.547347,2.013246,0,0,DJI Matrice 300 RTK,M300 RTK,1ZN7L4R0H1D00F,1W9DL31001461C,1ZMLH8300204F0,1Z6PH74DAP0QN7,DJI Pilot,Android,7.0.2,1EF72A62-B7C3-C88D-164E-CE6F8C8424AE,1ZN7L4R0H1D00F,1W9DL31001461C,,1ZMLH8300204F0,1W9DL31001461C,,,,,
2023-11-01,11:31:59.94 AM,7m 37.6s,457.6,33.7985014410394,-117.4754659889692,66.9,137.7,18.3,1331,3770.2,7.435933,7.435933,-5.144962,2.23694,-5.368656,1.342164,0.223694,0.894776,-2.4,0.1,2.4,-133.9,226.1,225.3,Tripod,Other,,22,5,True,,True,False,,Smart,RC,False,True,False,,,True,,False,False,False,False,False,False,False,False,False,False,0,Follow Yaw,-77.9,0,-142,218,False,False,False,False,False,,0,0,False,False,No Card,100,100,1024,1410,857,1024,2,False,False,False,False,False,0,False,False,False,False,76,,46.872,,3789,,4986,,46.872,,True,3.909,3.909,3.909,3.909,3.909,3.909,3.909,3.909,3.909,3.909,3.909,3.909,0,,False,False,True,,,,,,,,,,,,,,,False,False,9.292,,99.6,,75.7,,99.6,,1445,99,6,21,7,142274.7,18969.96,,Idle,,20,,10,,,20,Go Home,False,False,False,False,False,False,False,False,False,False,False,False,33.8027920380556,-117.4659261431046,3288.4,3288.4,1049.4,396.9,True,1,1,False,False,False,False,,True,False,False,Course Lock,196.8,67,16.4,93,NE,S,2.23,11.4,Calm,False,False,Android,7.0.2,M300 RTK,1ZN7L4R0H1D00F,1W9DL31001461C,1ZMLH8300204F0,1Z6PH74DAP0QN7,"Corona, CA",728.3,5.7,137.7,8.547347,2.013246,0,0,DJI Matrice 300 RTK,M300 RTK,1ZN7L4R0H1D00F,1W9DL31001461C,1ZMLH8300204F0,1Z6PH74DAP0QN7,DJI Pilot,Android,7.0.2,1EF72A62-B7C3-C88D-164E-CE6F8C8424AE,1ZN7L4R0H1D00F,1W9DL31001461C,,1ZMLH8300204F0,1W9DL31001461C,,,,,
2023-11-01,11:32:00.04 AM,7m 37.7s,457.7,33.7984995029461,-117.4754684015174,66.9,137.7,18.3,1331,3771.2,7.435933,7.435933,-5.144962,2.23694,-5.368656,1.342164,0.223694,0.894776,-2.4,0,2.4,-133.9,226.1,225.9,Tripod,Other,,22,5,True,,True,False,,Smart,RC,False,True,False,,,True,,False,False,False,False,False,False,False,False,False,False,0,Follow Yaw,-77.9,0,-142,218,False,False,False,False,False,,0,0,False,False,No Card,100,100,1024,1409,858,1024,2,False,False,False,False,False,0,False,False,False,False,76,,46.872,,3789,,4986,,46.872,,True,3.909,3.909,3.909,3.909,3.909,3.909,3.909,3.909,3.909,3.909,3.909,3.909,0,,False,False,True,,,,,,,,,,,,,,,False,False,9.292,,99.6,,75.7,,99.6,,1445,99,6,21,7,142274.7,18969.96,,Idle,,20,,10,,,20,Go Home,False,False,False,False,False,False,False,False,False,False,False,False,33.8027920380556,-117.4659261431046,3289.4,3289.4,1049.4,396.9,True,1,1,False,False,False,False,,True,False,False,Course Lock,196.8,67,16.4,93,NE,S,2.23,11.4,Calm,False,False,Android,7.0.2,M300 RTK,1ZN7L4R0H1D00F,1W9DL31001461C,1ZMLH8300204F0,1Z6PH74DAP0QN7,"Corona, CA",728.3,5.7,137.7,8.547347,2.013246,0,0,DJI Matrice 300 RTK,M300 RTK,1ZN7L4R0H1D00F,1W9DL31001461C,1ZMLH8300204F0,1Z6PH74DAP0QN7,DJI Pilot,Android,7.0.2,1EF72A62-B7C3-C88D-164E-CE6F8C8424AE,1ZN7L4R0H1D00F,1W9DL31001461C,,1ZMLH8300204F0,1W9DL31001461C,,,,,
2023-11-01,11:32:00.14 AM,7m 37.8s,457.8,33.7984973641903,-117.4754710148707,66.9,137.7,18.3,1331,3772.3,7.435933,7.435933,-5.144962,2.23694,-5.368656,1.342164,0.223694,0.894776,-2.5,0,2.5,-133.9,226.1,225.4,Tripod,Other,,22,5,True,,True,False,,Smart,RC,False,True,False,,,True,,False,False,False,False,False,False,False,False,False,False,0,Follow Yaw,-77.9,0,-142,218,False,False,False,False,False,,0,0,False,False,No Card,100,100,1024,1410,857,1024,2,False,False,False,False,False,0,False,False,False,False,76,,46.872,,3789,,4986,,46.872,,True,3.909,3.909,3.909,3.909,3.909,3.909,3.909,3.909,3.909,3.909,3.909,3.909,0,,False,False,True,,,,,,,,,,,,,,,False,False,9.292,,99.6,,75.7,,99.6,,1445,99,6,21,7,142274.7,18969.96,,Idle,,20,,10,,,20,Go Home,False,False,False,False,False,False,False,False,False,False,False,False,33.8027920380556,-117.4659261431046,3290.4,3290.4,1049.4,396.9,True,1,1,False,False,False,False,,True,False,False,Course Lock,196.8,67,16.4,93,NE,S,2.23,11.4,Calm,False,False,Android,7.0.2,M300 RTK,1ZN7L4R0H1D00F,1W9DL31001461C,1ZMLH8300204F0,1Z6PH74DAP0QN7,"Corona, CA",728.3,5.7,137.7,8.547347,2.013246,0,0,DJI Matrice 300 RTK,M300 RTK,1ZN7L4R0H1D00F,1W9DL31001461C,1ZMLH8300204F0,1Z6PH74DAP0QN7,DJI Pilot,Android,7.0.2,1EF72A62-B7C3-C88D-164E-CE6F8C8424AE,1ZN7L4R0H1D00F,1W9DL31001461C,,1ZMLH8300204F0,1W9DL31001461C,,,,,
2023-11-01,11:32:00.24 AM,7m 37.9s,457.9,33.7984950434126,-117.4754736589839,66.9,137.7,18.3,1331,3773.5,7.435933,7.435933,-5.144962,2.23694,-5.368656,1.342164,0.223694,0.894776,-2.6,0,2.6,-133.8,226.2,223.4,Tripod,Other,,22,5,True,,True,False,,Smart,RC,False,True,False,,,True,,False,False,False,False,False,False,False,False,False,False,0,Follow Yaw,-77.9,0,-142,218,False,False,False,False,False,,0,0,False,False,No Card,100,100,1024,1409,858,1024,2,False,False,False,False,False,0,False,False,False,False,76,,46.872,,3789,,4986,,46.872,,True,3.909,3.909,3.909,3.909,3.909,3.909,3.909,3.909,3.909,3.909,3.909,3.909,0,,False,False,True,,,,,,,,,,,,,,,False,False,9.292,,99.6,,75.7,,99.6,,1445,99,6,21,7,142274.7,18969.96,,Idle,,20,,10,,,20,Go Home,False,False,False,False,False,False,False,False,False,False,False,False,33.8027920380556,-117.4659261431046,3291.5,3291.5,1049.4,396.9,True,1,1,False,False,False,False,,True,False,False,Course Lock,196.8,67,16.4,93,NE,S,2.23,11.4,Calm,False,False,Android,7.0.2,M300 RTK,1ZN7L4R0H1D00F,1W9DL31001461C,1ZMLH8300204F0,1Z6PH74DAP0QN7,"Corona, CA",728.3,5.7,137.7,8.547347,2.013246,0,0,DJI Matrice 300 RTK,M300 RTK,1ZN7L4R0H1D00F,1W9DL31001461C,1ZMLH8300204F0,1Z6PH74DAP0QN7,DJI Pilot,Android,7.0.2,1EF72A62-B7C3-C88D-164E-CE6F8C8424AE,1ZN7L4R0H1D00F,1W9DL31001461C,,1ZMLH8300204F0,1W9DL31001461C,,,,,
2023-11-01,11:32:00.34 AM,7m 38.0s,458.0,33.7984928887573,-117.4754762718425,66.9,137.7,18.3,1331,3774.6,7.435933,7.435933,-5.144962,2.23694,-5.368656,1.342164,0.223694,0.894776,-2.6,0,2.6,-133.8,226.2,225.2,Tripod,Other,,22,5,True,,True,False,,Smart,RC,False,True,False,,,True,,False,False,False,False,False,False,False,False,False,False,0,Follow Yaw,-77.9,0,-142,218,False,False,False,False,False,,0,0,False,False,No Card,100,100,1024,1410,858,1024,2,False,False,False,False,False,0,False,False,False,False,75,,46.872,,7582,,10044,,46.872,,True,3.909,3.909,3.909,3.909,3.909,3.909,3.909,3.909,3.909,3.909,3.909,3.909,0,,False,False,True,,,,,,,,,,,,,,,False,False,18.746,,99.6,,75.7,,99.6,,1445,99,6,21,7,142274.7,18969.96,,Idle,,20,,10,,,20,Go Home,False,False,False,False,False,False,False,False,False,False,False,False,33.8027920380556,-117.4659261431046,3292.6,3292.6,1049.4,396.9,True,1,1,False,False,False,False,,True,False,False,Course Lock,196.8,67,16.4,93,NE,S,2.23,11.4,Calm,False,False,Android,7.0.2,M300 RTK,1ZN7L4R0H1D00F,1W9DL31001461C,1ZMLH8300204F0,1Z6PH74DAP0QN7,"Corona, CA",728.3,5.7,137.7,8.547347,2.013246,0,0,DJI Matrice 300 RTK,M300 RTK,1ZN7L4R0H1D00F,1W9DL31001461C,1ZMLH8300204F0,1Z6PH74DAP0QN7,DJI Pilot,Android,7.0.2,1EF72A62-B7C3-C88D-164E-CE6F8C8424AE,1ZN7L4R0H1D00F,1W9DL31001461C,,1ZMLH8300204F0,1W9DL31001461C,,,,,
2023-11-01,11:32:00.43 AM,7m 38.1s,458.1,33.7984908670546,-117.4754788561264,66.6,137.7,18.3,1330,3775.7,7.435933,7.435933,-5.144962,2.23694,-5.368656,1.342164,0.223694,0.894776,-2.6,0.1,2.6,-133.8,226.2,226.7,Tripod,Other,,22,5,True,,True,False,,Smart,RC,False,True,False,,,True,,False,False,False,False,False,False,False,False,False,False,0,Follow Yaw,-77.9,0,-142,218,False,False,False,False,False,,0,0,False,False,No Card,100,100,1024,1409,858,1024,2,False,False,False,False,False,0,False,False,False,False,75,,46.872,,7582,,10044,,46.872,,True,3.909,3.909,3.909,3.909,3.909,3.909,3.909,3.909,3.909,3.909,3.909,3.909,0,,False,False,True,,,,,,,,,,,,,,,False,False,18.746,,99.6,,75.7,,99.6,,1445,99,6,21,7,142274.7,18969.96,,Idle,,20,,10,,,20,Go Home,False,False,False,False,False,False,False,False,False,False,False,False,33.8027920380556,-117.4659261431046,3293.7,3293.7,1049.4,396.9,True,1,1,False,False,False,False,,True,False,False,Course Lock,196.8,67,16.4,93,NE,S,2.23,11.4,Calm,False,False,Android,7.0.2,M300 RTK,1ZN7L4R0H1D00F,1W9DL31001461C,1ZMLH8300204F0,1Z6PH74DAP0QN7,"Corona, CA",728.3,5.7,137.7,8.547347,2.013246,0,0,DJI Matrice 300 RTK,M300 RTK,1ZN7L4R0H1D00F,1W9DL31001461C,1ZMLH8300204F0,1Z6PH74DAP0QN7,DJI Pilot,Android,7.0.2,1EF72A62-B7C3-C88D-164E-CE6F8C8424AE,1ZN7L4R0H1D00F,1W9DL31001461C,,1ZMLH8300204F0,1W9DL31001461C,,,,,
2023-11-01,11:32:00.53 AM,7m 38.2s,458.2,33.7984886104232,-117.4754816131359,66.6,137.7,18.3,1330,3776.9,7.435933,7.435933,-5.144962,2.23694,-5.368656,1.342164,0.223694,0.894776,-2.7,0.2,2.7,-133.7,226.3,225.4,Tripod,Other,,22,5,True,,True,False,,Smart,RC,False,True,False,,,True,,False,False,False,False,False,False,False,False,False,False,0,Follow Yaw,-77.9,0,-142,218,False,False,False,False,False,,0,0,False,False,No Card,100,100,1024,1410,857,1024,2,False,False,False,False,False,0,False,False,False,False,75,,46.872,,7582,,10044,,46.872,,True,3.909,3.909,3.909,3.909,3.909,3.909,3.909,3.909,3.909,3.909,3.909,3.909,0,,False,False,True,,,,,,,,,,,,,,,False,False,18.746,,99.6,,75.7,,99.6,,1445,99,6,21,7,142274.7,18969.96,,Idle,,20,,10,,,20,Go Home,False,False,False,False,False,False,False,False,False,False,False,False,33.8027920380556,-117.4659261431046,3294.8,3294.8,1049.4,396.9,True,1,1,False,False,False,False,,True,False,False,Course Lock,196.8,67,16.4,93,NE,S,2.23,11.4,Calm,False,False,Android,7.0.2,M300 RTK,1ZN7L4R0H1D00F,1W9DL31001461C,1ZMLH8300204F0,1Z6PH74DAP0QN7,"Corona, CA",728.3,5.7,137.7,8.547347,2.013246,0,0,DJI Matrice 300 RTK,M300 RTK,1ZN7L4R0H1D00F,1W9DL31001461C,1ZMLH8300204F0,1Z6PH74DAP0QN7,DJI Pilot,Android,7.0.2,1EF72A62-B7C3-C88D-164E-CE6F8C8424AE,1ZN7L4R0H1D00F,1W9DL31001461C,,1ZMLH8300204F0,1W9DL31001461C,,,,,
2023-11-01,11:32:00.64 AM,7m 38.3s,458.3,33.7984865698055,-117.4754840492694,66.6,137.7,18.3,1330,3777.9,7.435933,7.435933,-5.144962,2.23694,-5.368656,1.342164,0.223694,0.894776,-2.8,0.1,2.8,-133.8,226.2,224.7,Tripod,Other,,22,5,True,,True,False,,Smart,RC,False,True,False,,,True,,False,False,False,False,False,False,False,False,False,False,0,Follow Yaw,-77.9,0,-142,218,False,False,False,False,False,,0,0,False,False,No Card,100,100,1024,1408,857,1024,2,False,False,False,False,False,0,False,False,False,False,75,,46.872,,7582,,10044,,46.872,,True,3.905,3.905,3.905,3.905,3.905,3.905,3.905,3.905,3.905,3.905,3.905,3.905,0,,False,False,True,,,,,,,,,,,,,,,False,False,18.746,,99.6,,75.7,,99.6,,1444,100,6,21,7,142137.9,18951.72,,Idle,,20,,10,,,20,Go Home,False,False,False,False,False,False,False,False,False,False,False,False,33.8027920380556,-117.4659261431046,3295.8,3295.8,1049.4,396.9,True,1,1,False,False,False,False,,True,False,False,Course Lock,196.8,67,16.4,93,NE,S,2.23,11.4,Calm,False,False,Android,7.0.2,M300 RTK,1ZN7L4R0H1D00F,1W9DL31001461C,1ZMLH8300204F0,1Z6PH74DAP0QN7,"Corona, CA",728.3,5.7,137.7,8.547347,2.013246,0,0,DJI Matrice 300 RTK,M300 RTK,1ZN7L4R0H1D00F,1W9DL31001461C,1ZMLH8300204F0,1Z6PH74DAP0QN7,DJI Pilot,Android,7.0.2,1EF72A62-B7C3-C88D-164E-CE6F8C8424AE,1ZN7L4R0H1D00F,1W9DL31001461C,,1ZMLH8300204F0,1W9DL31001461C,,,,,
2023-11-01,11:32:00.74 AM,7m 38.4s,458.4,33.7984843186567,-117.4754868173705,66.6,137.7,18.3,1330,3779.1,7.435933,7.435933,-5.144962,2.23694,-5.368656,1.342164,0.223694,0.894776,-2.8,0,2.8,-133.8,226.2,225.6,Tripod,Other,,22,5,True,,True,False,,Smart,RC,False,True,False,,,True,,False,False,False,False,False,False,False,False,False,False,0,Follow Yaw,-77.9,0,-142,218,False,False,False,False,False,,0,0,False,False,No Card,100,100,1024,1408,857,1024,2,False,False,False,False,False,0,False,False,False,False,75,,46.872,,7582,,10044,,46.872,,True,3.905,3.905,3.905,3.905,3.905,3.905,3.905,3.905,3.905,3.905,3.905,3.905,0,,False,False,True,,,,,,,,,,,,,,,False,False,18.746,,99.6,,75.7,,99.6,,1444,100,6,21,7,142137.9,18951.72,,Idle,,20,,10,,,20,Go Home,False,False,False,False,False,False,False,False,False,False,False,False,33.8027920380556,-117.4659261431046,3296.9,3296.9,1049.4,396.9,True,1,1,False,False,False,False,,True,False,False,Course Lock,196.8,67,16.4,93,NE,S,2.23,11.4,Calm,False,False,Android,7.0.2,M300 RTK,1ZN7L4R0H1D00F,1W9DL31001461C,1ZMLH8300204F0,1Z6PH74DAP0QN7,"Corona, CA",728.3,5.7,137.7,8.547347,2.013246,0,0,DJI Matrice 300 RTK,M300 RTK,1ZN7L4R0H1D00F,1W9DL31001461C,1ZMLH8300204F0,1Z6PH74DAP0QN7,DJI Pilot,Android,7.0.2,1EF72A62-B7C3-C88D-164E-CE6F8C8424AE,1ZN7L4R0H1D00F,1W9DL31001461C,,1ZMLH8300204F0,1W9DL31001461C,,,,,
2023-11-01,11:32:00.84 AM,7m 38.5s,458.5,33.7984824564972,-117.4754890721197,66.6,137.7,18.7,1330,3780.1,7.435933,7.435933,-5.144962,2.23694,-5.368656,1.342164,0.223694,0.894776,-2.7,0,2.7,-133.8,226.2,225.1,Tripod,Other,,22,5,True,,True,False,,Smart,RC,False,True,False,,,True,,False,False,False,False,False,False,False,False,False,False,0,Follow Yaw,-77.9,0,-142,218,False,False,False,False,False,,0,0,False,False,No Card,100,100,1024,1409,857,1024,2,False,False,False,False,False,0,False,False,False,False,75,,46.872,,7582,,10044,,46.872,,True,3.905,3.905,3.905,3.905,3.905,3.905,3.905,3.905,3.905,3.905,3.905,3.905,0,,False,False,True,,,,,,,,,,,,,,,False,False,18.746,,99.6,,75.7,,99.6,,1444,100,6,21,7,142137.9,18951.72,,Idle,,20,,10,,,20,Go Home,False,False,False,False,False,False,False,False,False,False,False,False,33.8027920380556,-117.4659261431046,3297.8,3297.8,1049.4,396.9,True,1,1,False,False,False,False,,True,False,False,Course Lock,196.8,67,16.4,93,NE,S,2.23,11.4,Calm,False,False,Android,7.0.2,M300 RTK,1ZN7L4R0H1D00F,1W9DL31001461C,1ZMLH8300204F0,1Z6PH74DAP0QN7,"Corona, CA",728.3,5.7,137.7,8.547347,2.013246,0,0,DJI Matrice 300 RTK,M300 RTK,1ZN7L4R0H1D00F,1W9DL31001461C,1ZMLH8300204F0,1Z6PH74DAP0QN7,DJI Pilot,Android,7.0.2,1EF72A62-B7C3-C88D-164E-CE6F8C8424AE,1ZN7L4R0H1D00F,1W9DL31001461C,,1ZMLH8300204F0,1W9DL31001461C,,,,,
2023-11-01,11:32:00.95 AM,7m 38.6s,458.6,33.7984802228926,-117.4754918256655,66.6,137.7,18.7,1330,3781.2,7.435933,7.435933,-5.144962,2.23694,-5.368656,1.342164,0.223694,0.894776,-2.7,-0.2,2.7,-133.8,226.2,225.6,Tripod,Other,,22,5,True,,True,False,,Smart,RC,False,True,False,,,True,,False,False,False,False,False,False,False,False,False,False,0,Follow Yaw,-77.9,0,-142,218,False,False,False,False,False,,0,0,False,False,No Card,100,100,1024,1409,856,1024,2,False,False,False,False,False,0,False,False,False,False,75,,46.872,,7582,,10044,,46.872,,True,3.905,3.905,3.905,3.905,3.905,3.905,3.905,3.905,3.905,3.905,3.905,3.905,0,,False,False,True,,,,,,,,,,,,,,,False,False,18.746,,99.6,,75.7,,99.6,,1444,100,6,21,7,142137.9,18951.72,,Idle,,20,,10,,,20,Go Home,False,False,False,False,False,False,False,False,False,False,False,False,33.8027920380556,-117.4659261431046,3299.0,3299.0,1049.4,396.9,True,1,1,False,False,False,False,,True,False,False,Course Lock,196.8,67,16.4,93,NE,S,2.23,11.4,Calm,False,False,Android,7.0.2,M300 RTK,1ZN7L4R0H1D00F,1W9DL31001461C,1ZMLH8300204F0,1Z6PH74DAP0QN7,"Corona, CA",728.3,5.7,137.7,8.547347,2.013246,0,0,DJI Matrice 300 RTK,M300 RTK,1ZN7L4R0H1D00F,1W9DL31001461C,1ZMLH8300204F0,1Z6PH74DAP0QN7,DJI Pilot,Android,7.0.2,1EF72A62-B7C3-C88D-164E-CE6F8C8424AE,1ZN7L4R0H1D00F,1W9DL31001461C,,1ZMLH8300204F0,1W9DL31001461C,,,,,
2023-11-01,11:32:01.05 AM,7m 38.7s,458.7,33.798477991207,-117.4754946782532,66.6,137.7,18.3,1330,3782.4,7.435933,7.435933,-5.144962,2.23694,-5.368656,1.342164,0.223694,0.894776,-2.5,-0.3,2.5,-133.8,226.2,226.7,Tripod,Other,,22,5,True,,True,False,,Smart,RC,False,True,False,,,True,,False,False,False,False,False,False,False,False,False,False,0,Follow Yaw,-77.9,0,-142,218,False,False,False,False,False,,0,0,False,False,No Card,100,100,1024,1409,855,1024,2,False,False,False,False,False,0,False,False,False,False,76,,46.884,,3789,,4986,,46.884,,True,3.905,3.905,3.905,3.905,3.905,3.905,3.905,3.905,3.905,3.905,3.905,3.905,0,,False,False,True,,,,,,,,,,,,,,,False,False,9.44,,99.6,,75.7,,99.6,,1444,100,6,21,7,142137.9,18951.72,,Idle,,20,,10,,,20,Go Home,False,False,False,False,False,False,False,False,False,False,False,False,33.8027920380556,-117.4659261431046,3300.1,3300.1,1049.4,396.9,True,1,1,False,False,False,False,,True,False,False,Course Lock,196.8,67,16.4,93,NE,S,2.23,11.4,Calm,False,False,Android,7.0.2,M300 RTK,1ZN7L4R0H1D00F,1W9DL31001461C,1ZMLH8300204F0,1Z6PH74DAP0QN7,"Corona, CA",728.3,5.7,137.7,8.547347,2.013246,0,0,DJI Matrice 300 RTK,M300 RTK,1ZN7L4R0H1D00F,1W9DL31001461C,1ZMLH8300204F0,1Z6PH74DAP0QN7,DJI Pilot,Android,7.0.2,1EF72A62-B7C3-C88D-164E-CE6F8C8424AE,1ZN7L4R0H1D00F,1W9DL31001461C,,1ZMLH8300204F0,1W9DL31001461C,,,,,
2023-11-01,11:32:01.16 AM,7m 38.8s,458.8,33.7984757356721,-117.4754974675482,66.2,137.7,18.3,1330,3783.6,7.435933,7.435933,-5.144962,2.23694,-5.368656,1.342164,0.223694,0.894776,-2.4,-0.3,2.4,-133.7,226.3,225.7,Tripod,Other,,22,5,True,,True,False,,Smart,RC,False,True,False,,,True,,False,False,False,False,False,False,False,False,False,False,0,Follow Yaw,-77.9,0,-142,218,False,False,False,False,False,,0,0,False,False,No Card,100,100,1024,1409,858,1024,2,False,False,False,False,False,0,False,False,False,False,76,,46.884,,3789,,4986,,46.884,,True,3.905,3.905,3.905,3.905,3.905,3.905,3.905,3.905,3.905,3.905,3.905,3.905,0,,False,False,True,,,,,,,,,,,,,,,False,False,9.44,,99.6,,75.7,,99.6,,1444,100,6,21,7,142137.9,18951.72,,Idle,,20,,10,,,20,Go Home,False,False,False,False,False,False,False,False,False,False,False,False,33.8027920380556,-117.4659261431046,3301.2,3301.2,1049.4,396.9,True,1,1,False,False,False,False,,True,False,False,Course Lock,196.8,67,16.4,93,NE,S,2.23,11.4,Calm,False,False,Android,7.0.2,M300 RTK,1ZN7L4R0H1D00F,1W9DL31001461C,1ZMLH8300204F0,1Z6PH74DAP0QN7,"Corona, CA",728.3,5.7,137.7,8.547347,2.013246,0,0,DJI Matrice 300 RTK,M300 RTK,1ZN7L4R0H1D00F,1W9DL31001461C,1ZMLH8300204F0,1Z6PH74DAP0QN7,DJI Pilot,Android,7.0.2,1EF72A62-B7C3-C88D-164E-CE6F8C8424AE,1ZN7L4R0H1D00F,1W9DL31001461C,,1ZMLH8300204F0,1W9DL31001461C,,,,,
2023-11-01,11:32:01.26 AM,7m 38.9s,458.9,33.7984737433012,-117.4754997638602,66.2,137.7,18.3,1330,3784.6,7.435933,7.435933,-5.144962,2.23694,-5.368656,1.342164,0.223694,0.894776,-2.4,-0.2,2.4,-133.7,226.3,223.7,Tripod,Other,,22,5,True,,True,False,,Smart,RC,False,True,False,,,True,,False,False,False,False,False,False,False,False,False,False,0,Follow Yaw,-77.9,0,-142,218,False,False,False,False,False,,0,0,False,False,No Card,100,100,1024,1409,859,1024,2,False,False,False,False,False,0,False,False,False,False,76,,46.884,,3789,,4986,,46.884,,True,3.905,3.905,3.905,3.905,3.905,3.905,3.905,3.905,3.905,3.905,3.905,3.905,0,,False,False,True,,,,,,,,,,,,,,,False,False,9.44,,99.6,,75.7,,99.6,,1444,100,6,21,7,142137.9,18951.72,,Idle,,20,,10,,,20,Go Home,False,False,False,False,False,False,False,False,False,False,False,False,33.8027920380556,-117.4659261431046,3302.2,3302.2,1049.4,396.9,True,1,1,False,False,False,False,,True,False,False,Course Lock,196.8,67,16.4,93,NE,S,2.23,11.4,Calm,False,False,Android,7.0.2,M300 RTK,1ZN7L4R0H1D00F,1W9DL31001461C,1ZMLH8300204F0,1Z6PH74DAP0QN7,"Corona, CA",728.3,5.7,137.7,8.547347,2.013246,0,0,DJI Matrice 300 RTK,M300 RTK,1ZN7L4R0H1D00F,1W9DL31001461C,1ZMLH8300204F0,1Z6PH74DAP0QN7,DJI Pilot,Android,7.0.2,1EF72A62-B7C3-C88D-164E-CE6F8C8424AE,1ZN7L4R0H1D00F,1W9DL31001461C,,1ZMLH8300204F0,1W9DL31001461C,,,,,
2023-11-01,11:32:01.37 AM,7m 39.0s,459.0,33.7984716105761,-117.4755023872332,66.2,137.7,18.3,1330,3785.7,7.435933,7.435933,-5.144962,2.23694,-5.368656,1.342164,0.223694,0.894776,-2.4,-0.1,2.4,-133.6,226.4,225.6,Tripod,Other,,22,5,True,,True,False,,Smart,RC,False,True,False,,,True,,False,False,False,False,False,False,False,False,False,False,0,Follow Yaw,-77.9,0,-142,218,False,False,False,False,False,,0,0,False,False,No Card,100,100,1024,1409,860,1024,2,False,False,False,False,False,0,False,False,False,False,75,,46.92,,7582,,10044,,46.92,,True,3.905,3.905,3.905,3.905,3.905,3.905,3.905,3.905,3.905,3.905,3.905,3.905,0,,False,False,True,,,,,,,,,,,,,,,False,False,18.766,,99.8,,75.7,,99.8,,1444,100,6,21,7,142137.9,18951.72,,Idle,,20,,10,,,20,Go Home,False,False,False,False,False,False,False,False,False,False,False,False,33.8027920380556,-117.4659261431046,3303.3,3303.3,1049.4,396.9,True,1,1,False,False,False,False,,True,False,False,Course Lock,196.8,67,16.4,93,NE,S,2.23,11.4,Calm,False,False,Android,7.0.2,M300 RTK,1ZN7L4R0H1D00F,1W9DL31001461C,1ZMLH8300204F0,1Z6PH74DAP0QN7,"Corona, CA",728.3,5.7,137.7,8.547347,2.013246,0,0,DJI Matrice 300 RTK,M300 RTK,1ZN7L4R0H1D00F,1W9DL31001461C,1ZMLH8300204F0,1Z6PH74DAP0QN7,DJI Pilot,Android,7.0.2,1EF72A62-B7C3-C88D-164E-CE6F8C8424AE,1ZN7L4R0H1D00F,1W9DL31001461C,,1ZMLH8300204F0,1W9DL31001461C,,,,,
2023-11-01,11:32:01.47 AM,7m 39.1s,459.1,33.7984693624427,-117.4755050051634,66.2,137.7,18.3,1330,3786.9,7.435933,7.435933,-5.144962,2.23694,-5.368656,1.342164,0.223694,0.894776,-2.3,-0.1,2.3,-133.6,226.4,224.0,Tripod,Other,,22,5,True,,True,False,,Smart,RC,False,True,False,,,True,,False,False,False,False,False,False,False,False,False,False,0,Follow Yaw,-77.9,0,-142,218,False,False,False,False,False,,0,0,False,False,No Card,100,100,1024,1409,859,1024,2,False,False,False,False,False,0,False,False,False,False,75,,46.92,,7582,,10044,,46.92,,True,3.905,3.905,3.905,3.905,3.905,3.905,3.905,3.905,3.905,3.905,3.905,3.905,0,,False,False,True,,,,,,,,,,,,,,,False,False,18.766,,99.8,,75.7,,99.8,,1444,100,6,21,7,142137.9,18951.72,,Idle,,20,,10,,,20,Go Home,False,False,False,False,False,False,False,False,False,False,False,False,33.8027920380556,-117.4659261431046,3304.4,3304.4,1049.4,396.9,True,1,1,False,False,False,False,,True,False,False,Course Lock,196.8,67,16.4,93,NE,S,2.23,11.4,Calm,False,False,Android,7.0.2,M300 RTK,1ZN7L4R0H1D00F,1W9DL31001461C,1ZMLH8300204F0,1Z6PH74DAP0QN7,"Corona, CA",728.3,5.7,137.7,8.547347,2.013246,0,0,DJI Matrice 300 RTK,M300 RTK,1ZN7L4R0H1D00F,1W9DL31001461C,1ZMLH8300204F0,1Z6PH74DAP0QN7,DJI Pilot,Android,7.0.2,1EF72A62-B7C3-C88D-164E-CE6F8C8424AE,1ZN7L4R0H1D00F,1W9DL31001461C,,1ZMLH8300204F0,1W9DL31001461C,,,,,
2023-11-01,11:32:01.57 AM,7m 39.2s,459.2,33.798467217656,-117.475507645442,66.2,137.7,18.3,1330,3788.0,7.435933,7.435933,-5.144962,2.23694,-5.368656,1.342164,0.223694,0.894776,-2.3,-0.2,2.3,-133.7,226.3,225.6,Tripod,Other,,22,5,True,,True,False,,Smart,RC,False,True,False,,,True,,False,False,False,False,False,False,False,False,False,False,0,Follow Yaw,-77.9,0,-142,218,False,False,False,False,False,,0,0,False,False,No Card,100,100,1024,1407,859,1024,2,False,False,False,False,False,0,False,False,False,False,75,,46.92,,7582,,10044,,46.92,,True,3.905,3.905,3.905,3.905,3.905,3.905,3.905,3.905,3.905,3.905,3.905,3.905,0,,False,False,True,,,,,,,,,,,,,,,False,False,18.766,,99.8,,75.7,,99.8,,1444,100,6,21,7,142137.9,18951.72,,Idle,,20,,10,,,20,Go Home,False,False,False,False,False,False,False,False,False,False,False,False,33.8027920380556,-117.4659261431046,3305.4,3305.4,1049.4,396.9,True,1,1,False,False,False,False,,True,False,False,Course Lock,196.8,67,16.4,93,NE,S,2.23,11.4,Calm,False,False,Android,7.0.2,M300 RTK,1ZN7L4R0H1D00F,1W9DL31001461C,1ZMLH8300204F0,1Z6PH74DAP0QN7,"Corona, CA",728.3,5.7,137.7,8.547347,2.013246,0,0,DJI Matrice 300 RTK,M300 RTK,1ZN7L4R0H1D00F,1W9DL31001461C,1ZMLH8300204F0,1Z6PH74DAP0QN7,DJI Pilot,Android,7.0.2,1EF72A62-B7C3-C88D-164E-CE6F8C8424AE,1ZN7L4R0H1D00F,1W9DL31001461C,,1ZMLH8300204F0,1W9DL31001461C,,,,,
2023-11-01,11:32:01.67 AM,7m 39.3s,459.3,33.7984650799967,-117.4755103490134,66.2,137.7,18.3,1330,3789.1,7.435933,7.435933,-5.144962,2.23694,-5.368656,1.342164,0.223694,0.894776,-2.2,-0.3,2.2,-133.7,226.3,226.4,Tripod,Other,,22,5,True,,True,False,,Smart,RC,False,True,False,,,True,,False,False,False,False,False,False,False,False,False,False,0,Follow Yaw,-77.9,0,-142,218,False,False,False,False,False,,0,0,False,False,No Card,100,100,1024,1405,860,1024,2,False,False,False,False,False,0,False,False,False,False,75,,46.92,,7582,,10044,,46.92,,True,3.908,3.908,3.908,3.908,3.908,3.908,3.908,3.908,3.908,3.908,3.908,3.908,0,,False,False,True,,,,,,,,,,,,,,,False,False,18.766,,99.8,,75.7,,99.8,,1443,100,6,21,7,141966.3,18928.84,,Idle,,20,,10,,,20,Go Home,False,False,False,False,False,False,False,False,False,False,False,False,33.8027920380556,-117.4659261431046,3306.5,3306.5,1049.4,396.9,True,1,1,False,False,False,False,,True,False,False,Course Lock,196.8,67,16.4,93,NE,S,2.23,11.4,Calm,False,False,Android,7.0.2,M300 RTK,1ZN7L4R0H1D00F,1W9DL31001461C,1ZMLH8300204F0,1Z6PH74DAP0QN7,"Corona, CA",728.3,5.7,137.7,8.547347,2.013246,0,0,DJI Matrice 300 RTK,M300 RTK,1ZN7L4R0H1D00F,1W9DL31001461C,1ZMLH8300204F0,1Z6PH74DAP0QN7,DJI Pilot,Android,7.0.2,1EF72A62-B7C3-C88D-164E-CE6F8C8424AE,1ZN7L4R0H1D00F,1W9DL31001461C,,1ZMLH8300204F0,1W9DL31001461C,,,,,
2023-11-01,11:32:01.74 AM,7m 39.4s,459.4,33.7984629354841,-117.475512990735,66.2,137.7,18.3,1330,3790.2,7.435933,7.435933,-5.144962,2.23694,-5.368656,1.342164,0.223694,0.894776,-2.2,-0.4,2.2,-133.8,226.2,225.6,Tripod,Other,,22,5,True,,True,False,,Smart,RC,False,True,False,,,True,,False,False,False,False,False,False,False,False,False,False,0,Follow Yaw,-77.9,0,-142,218,False,False,False,False,False,,0,0,False,False,No Card,100,100,1024,1405,861,1024,2,False,False,False,False,False,0,False,False,False,False,75,,46.92,,7582,,10044,,46.92,,True,3.908,3.908,3.908,3.908,3.908,3.908,3.908,3.908,3.908,3.908,3.908,3.908,0,,False,False,True,,,,,,,,,,,,,,,False,False,18.766,,99.8,,75.7,,99.8,,1443,100,6,21,7,141966.3,18928.84,,Idle,,20,,10,,,20,Go Home,False,False,False,False,False,False,False,False,False,False,False,False,33.8027920380556,-117.4659261431046,3307.6,3307.6,1049.4,396.9,True,1,1,False,False,False,False,,True,False,False,Course Lock,196.8,67,16.4,93,NE,S,2.23,11.4,Calm,False,False,Android,7.0.2,M300 RTK,1ZN7L4R0H1D00F,1W9DL31001461C,1ZMLH8300204F0,1Z6PH74DAP0QN7,"Corona, CA",728.3,5.7,137.7,8.547347,2.013246,0,0,DJI Matrice 300 RTK,M300 RTK,1ZN7L4R0H1D00F,1W9DL31001461C,1ZMLH8300204F0,1Z6PH74DAP0QN7,DJI Pilot,Android,7.0.2,1EF72A62-B7C3-C88D-164E-CE6F8C8424AE,1ZN7L4R0H1D00F,1W9DL31001461C,,1ZMLH8300204F0,1W9DL31001461C,,,,,
2023-11-01,11:32:01.84 AM,7m 39.5s,459.5,33.7984608383959,-117.4755158004816,65.9,137.7,18.3,1330,3791.4,7.435933,7.435933,-5.144962,2.23694,-5.368656,1.342164,0.223694,0.894776,-2.1,-0.3,2.1,-133.8,226.2,228.0,Tripod,Other,,22,5,True,,True,False,,Smart,RC,False,True,False,,,True,,False,False,False,False,False,False,False,False,False,False,0,Follow Yaw,-77.9,0,-142,218,False,False,False,False,False,,0,0,False,False,No Card,100,100,1024,1404,862,1024,2,False,False,False,False,False,0,False,False,False,False,75,,46.92,,7582,,10044,,46.92,,True,3.908,3.908,3.908,3.908,3.908,3.908,3.908,3.908,3.908,3.908,3.908,3.908,0,,False,False,True,,,,,,,,,,,,,,,False,False,18.766,,99.8,,75.7,,99.8,,1443,100,6,21,7,141966.3,18928.84,,Idle,,20,,10,,,20,Go Home,False,False,False,False,False,False,False,False,False,False,False,False,33.8027920380556,-117.4659261431046,3308.7,3308.7,1049.4,396.9,True,1,1,False,False,False,False,,True,False,False,Course Lock,196.8,67,16.4,93,NE,S,2.23,11.4,Calm,False,False,Android,7.0.2,M300 RTK,1ZN7L4R0H1D00F,1W9DL31001461C,1ZMLH8300204F0,1Z6PH74DAP0QN7,"Corona, CA",728.3,5.7,137.7,8.547347,2.013246,0,0,DJI Matrice 300 RTK,M300 RTK,1ZN7L4R0H1D00F,1W9DL31001461C,1ZMLH8300204F0,1Z6PH74DAP0QN7,DJI Pilot,Android,7.0.2,1EF72A62-B7C3-C88D-164E-CE6F8C8424AE,1ZN7L4R0H1D00F,1W9DL31001461C,,1ZMLH8300204F0,1W9DL31001461C,,,,,
2023-11-01,11:32:01.94 AM,7m 39.6s,459.6,33.7984588123071,-117.4755183056393,65.9,137.7,18.7,1330,3792.4,7.435933,7.435933,-5.144962,2.23694,-5.368656,1.342164,0.223694,0.894776,-2.1,-0.2,2.1,-133.8,226.2,225.7,Tripod,Other,,22,5,True,,True,False,,Smart,RC,False,True,False,,,True,,False,False,False,False,False,False,False,False,False,False,0,Follow Yaw,-77.9,0,-142,218,False,False,False,False,False,,0,0,False,False,No Card,100,100,1024,1406,861,1024,2,False,False,False,False,False,0,False,False,False,False,75,,46.92,,7582,,10044,,46.92,,True,3.908,3.908,3.908,3.908,3.908,3.908,3.908,3.908,3.908,3.908,3.908,3.908,0,,False,False,True,,,,,,,,,,,,,,,False,False,18.766,,99.8,,75.7,,99.8,,1443,100,6,21,7,141966.3,18928.84,,Idle,,20,,10,,,20,Go Home,False,False,False,False,False,False,False,False,False,False,False,False,33.8027920380556,-117.4659261431046,3309.7,3309.7,1049.4,396.9,True,1,1,False,False,False,False,,True,False,False,Course Lock,196.8,67,16.4,93,NE,S,2.23,11.4,Calm,False,False,Android,7.0.2,M300 RTK,1ZN7L4R0H1D00F,1W9DL31001461C,1ZMLH8300204F0,1Z6PH74DAP0QN7,"Corona, CA",728.3,5.7,137.7,8.547347,2.013246,0,0,DJI Matrice 300 RTK,M300 RTK,1ZN7L4R0H1D00F,1W9DL31001461C,1ZMLH8300204F0,1Z6PH74DAP0QN7,DJI Pilot,Android,7.0.2,1EF72A62-B7C3-C88D-164E-CE6F8C8424AE,1ZN7L4R0H1D00F,1W9DL31001461C,,1ZMLH8300204F0,1W9DL31001461C,,,,,
2023-11-01,11:32:02.04 AM,7m 39.7s,459.7,33.7984566255786,-117.4755209373413,65.9,137.7,18.7,1330,3793.6,7.435933,7.435933,-5.144962,2.23694,-5.368656,1.342164,0.223694,0.894776,-2.2,-0.1,2.2,-133.8,226.2,225.0,Tripod,Other,,22,5,True,,True,False,,Smart,RC,False,True,False,,,True,,False,False,False,False,False,False,False,False,False,False,0,Follow Yaw,-77.9,0,-142,218,False,False,False,False,False,,0,0,False,False,No Card,100,100,1024,1407,861,1024,2,False,False,False,False,False,0,False,False,False,False,75,,46.92,,7582,,10044,,46.92,,True,3.908,3.908,3.908,3.908,3.908,3.908,3.908,3.908,3.908,3.908,3.908,3.908,0,,False,False,True,,,,,,,,,,,,,,,False,False,18.766,,99.8,,75.7,,99.8,,1443,100,6,21,7,141966.3,18928.84,,Idle,,20,,10,,,20,Go Home,False,False,False,False,False,False,False,False,False,False,False,False,33.8027920380556,-117.4659261431046,3310.8,3310.8,1049.4,396.9,True,1,1,False,False,False,False,,True,False,False,Course Lock,196.8,67,16.4,93,NE,S,2.23,11.4,Calm,False,False,Android,7.0.2,M300 RTK,1ZN7L4R0H1D00F,1W9DL31001461C,1ZMLH8300204F0,1Z6PH74DAP0QN7,"Corona, CA",728.3,5.7,137.7,8.547347,2.013246,0,0,DJI Matrice 300 RTK,M300 RTK,1ZN7L4R0H1D00F,1W9DL31001461C,1ZMLH8300204F0,1Z6PH74DAP0QN7,DJI Pilot,Android,7.0.2,1EF72A62-B7C3-C88D-164E-CE6F8C8424AE,1ZN7L4R0H1D00F,1W9DL31001461C,,1ZMLH8300204F0,1W9DL31001461C,,,,,
2023-11-01,11:32:02.14 AM,7m 39.8s,459.8,33.798454385395,-117.4755237040818,65.9,137.7,18.7,1330,3794.7,7.435933,7.435933,-5.144962,2.23694,-5.368656,1.342164,0.223694,0.894776,-2.1,-0.1,2.1,-133.8,226.2,225.7,Tripod,Other,,22,5,True,,True,False,,Smart,RC,False,True,False,,,True,,False,False,False,False,False,False,False,False,False,False,0,Follow Yaw,-77.9,0,-142,218,False,False,False,False,False,,0,0,False,False,No Card,100,100,1024,1407,861,1024,2,False,False,False,False,False,0,False,False,False,False,75,,46.92,,7582,,10044,,46.92,,True,3.908,3.908,3.908,3.908,3.908,3.908,3.908,3.908,3.908,3.908,3.908,3.908,0,,False,False,True,,,,,,,,,,,,,,,False,False,18.766,,99.8,,75.7,,99.8,,1443,100,6,21,7,141966.3,18928.84,,Idle,,20,,10,,,20,Go Home,False,False,False,False,False,False,False,False,False,False,False,False,33.8027920380556,-117.4659261431046,3312.0,3312.0,1049.4,396.9,True,1,1,False,False,False,False,,True,False,False,Course Lock,196.8,67,16.4,93,NE,S,2.23,11.4,Calm,False,False,Android,7.0.2,M300 RTK,1ZN7L4R0H1D00F,1W9DL31001461C,1ZMLH8300204F0,1Z6PH74DAP0QN7,"Corona, CA",728.3,5.7,137.7,8.547347,2.013246,0,0,DJI Matrice 300 RTK,M300 RTK,1ZN7L4R0H1D00F,1W9DL31001461C,1ZMLH8300204F0,1Z6PH74DAP0QN7,DJI Pilot,Android,7.0.2,1EF72A62-B7C3-C88D-164E-CE6F8C8424AE,1ZN7L4R0H1D00F,1W9DL31001461C,,1ZMLH8300204F0,1W9DL31001461C,,,,,
2023-11-01,11:32:02.24 AM,7m 39.9s,459.9,33.7984522131953,-117.4755261857778,65.9,137.7,18.7,1330,3795.8,7.435933,7.435933,-5.144962,2.23694,-5.368656,1.342164,0.223694,0.894776,-2.1,-0.2,2.1,-133.8,226.2,223.5,Tripod,Other,,22,5,True,,True,False,,Smart,RC,False,True,False,,,True,,False,False,False,False,False,False,False,False,False,False,0,Follow Yaw,-77.9,0,-142,218,False,False,False,False,False,,0,0,False,False,No Card,100,100,1024,1403,861,1024,2,False,False,False,False,False,0,False,False,False,False,75,,46.92,,7582,,10044,,46.92,,True,3.908,3.908,3.908,3.908,3.908,3.908,3.908,3.908,3.908,3.908,3.908,3.908,0,,False,False,True,,,,,,,,,,,,,,,False,False,18.766,,99.8,,75.7,,99.8,,1443,100,6,21,7,141966.3,18928.84,,Idle,,20,,10,,,20,Go Home,False,False,False,False,False,False,False,False,False,False,False,False,33.8027920380556,-117.4659261431046,3313.0,3313.0,1049.4,396.9,True,1,1,False,False,False,False,,True,False,False,Course Lock,196.8,67,16.4,93,NE,S,2.01,11.4,Calm,False,False,Android,7.0.2,M300 RTK,1ZN7L4R0H1D00F,1W9DL31001461C,1ZMLH8300204F0,1Z6PH74DAP0QN7,"Corona, CA",728.3,5.7,137.7,8.547347,2.013246,0,0,DJI Matrice 300 RTK,M300 RTK,1ZN7L4R0H1D00F,1W9DL31001461C,1ZMLH8300204F0,1Z6PH74DAP0QN7,DJI Pilot,Android,7.0.2,1EF72A62-B7C3-C88D-164E-CE6F8C8424AE,1ZN7L4R0H1D00F,1W9DL31001461C,,1ZMLH8300204F0,1W9DL31001461C,,,,,
2023-11-01,11:32:02.30 AM,7m 40.0s,460.0,33.7984500801962,-117.4755288064294,65.9,137.7,18.7,1330,3796.9,7.435933,7.435933,-5.144962,2.23694,-5.368656,1.342164,0.223694,0.894776,-2.1,-0.3,2.1,-133.8,226.2,225.5,Tripod,Other,,22,5,True,,True,False,,Smart,RC,False,True,False,,,True,,False,False,False,False,False,False,False,False,False,False,0,Follow Yaw,-77.9,0,-142,218,False,False,False,False,False,,0,0,False,False,No Card,100,100,1024,1401,861,1024,2,False,False,False,False,False,0,False,False,False,False,76,,46.812,,3789,,4986,,46.812,,True,3.908,3.908,3.908,3.908,3.908,3.908,3.908,3.908,3.908,3.908,3.908,3.908,0,,False,False,True,,,,,,,,,,,,,,,False,False,9.782,,99.8,,75.7,,99.8,,1443,100,6,21,7,141966.3,18928.84,,Idle,,20,,10,,,20,Go Home,False,False,False,False,False,False,False,False,False,False,False,False,33.8027920380556,-117.4659261431046,3314.1,3314.1,1049.4,396.9,True,1,1,False,False,False,False,,True,False,False,Course Lock,196.8,67,16.4,93,NE,S,2.01,11.4,Calm,False,False,Android,7.0.2,M300 RTK,1ZN7L4R0H1D00F,1W9DL31001461C,1ZMLH8300204F0,1Z6PH74DAP0QN7,"Corona, CA",728.3,5.7,137.7,8.547347,2.013246,0,0,DJI Matrice 300 RTK,M300 RTK,1ZN7L4R0H1D00F,1W9DL31001461C,1ZMLH8300204F0,1Z6PH74DAP0QN7,DJI Pilot,Android,7.0.2,1EF72A62-B7C3-C88D-164E-CE6F8C8424AE,1ZN7L4R0H1D00F,1W9DL31001461C,,1ZMLH8300204F0,1W9DL31001461C,,,,,
2023-11-01,11:32:02.41 AM,7m 40.1s,460.1,33.7984479121085,-117.4755315028262,65.9,137.7,18.7,1330,3798.1,7.435933,7.435933,-5.144962,2.23694,-5.368656,1.342164,0.223694,0.894776,-2.2,-0.3,2.2,-133.9,226.1,225.9,Tripod,Other,,22,5,True,,True,False,,Smart,RC,False,True,False,,,True,,False,False,False,False,False,False,False,False,False,False,0,Follow Yaw,-77.9,0,-142,218,False,False,False,False,False,,0,0,False,False,No Card,100,100,1024,1402,860,1024,2,False,False,False,False,False,0,False,False,False,False,76,,46.812,,3789,,4986,,46.812,,True,3.908,3.908,3.908,3.908,3.908,3.908,3.908,3.908,3.908,3.908,3.908,3.908,0,,False,False,True,,,,,,,,,,,,,,,False,False,9.782,,99.8,,75.7,,99.8,,1443,100,6,21,7,141966.3,18928.84,,Idle,,20,,10,,,20,Go Home,False,False,False,False,False,False,False,False,False,False,False,False,33.8027920380556,-117.4659261431046,3315.2,3315.2,1049.4,396.9,True,1,1,False,False,False,False,,True,False,False,Course Lock,196.8,67,16.4,93,NE,S,2.01,11.4,Calm,False,False,Android,7.0.2,M300 RTK,1ZN7L4R0H1D00F,1W9DL31001461C,1ZMLH8300204F0,1Z6PH74DAP0QN7,"Corona, CA",728.3,5.7,137.7,8.547347,2.013246,0,0,DJI Matrice 300 RTK,M300 RTK,1ZN7L4R0H1D00F,1W9DL31001461C,1ZMLH8300204F0,1Z6PH74DAP0QN7,DJI Pilot,Android,7.0.2,1EF72A62-B7C3-C88D-164E-CE6F8C8424AE,1ZN7L4R0H1D00F,1W9DL31001461C,,1ZMLH8300204F0,1W9DL31001461C,,,,,
2023-11-01,11:32:02.54 AM,7m 40.2s,460.2,33.7984457774646,-117.4755341220758,65.9,137.7,18.7,1330,3799.2,7.435933,7.435933,-5.144962,2.23694,-5.368656,1.342164,0.223694,0.894776,-2.2,-0.3,2.2,-133.8,226.2,225.5,Tripod,Other,,22,5,True,,True,False,,Smart,RC,False,True,False,,,True,,False,False,False,False,False,False,False,False,False,False,0,Follow Yaw,-77.9,0,-142,218,False,False,False,False,False,,0,0,False,False,No Card,100,100,1024,1401,859,1024,2,False,False,False,False,False,0,False,False,False,False,76,,46.812,,3789,,4986,,46.812,,True,3.908,3.908,3.908,3.908,3.908,3.908,3.908,3.908,3.908,3.908,3.908,3.908,0,,False,False,True,,,,,,,,,,,,,,,False,False,9.782,,99.8,,75.7,,99.8,,1443,100,6,21,7,141966.3,18928.84,,Idle,,20,,10,,,20,Go Home,False,False,False,False,False,False,False,False,False,False,False,False,33.8027920380556,-117.4659261431046,3316.2,3316.2,1049.4,396.9,True,1,1,False,False,False,False,,True,False,False,Course Lock,196.8,67,16.4,93,NE,S,2.23,11.4,Calm,False,False,Android,7.0.2,M300 RTK,1ZN7L4R0H1D00F,1W9DL31001461C,1ZMLH8300204F0,1Z6PH74DAP0QN7,"Corona, CA",728.3,5.7,137.7,8.547347,2.013246,0,0,DJI Matrice 300 RTK,M300 RTK,1ZN7L4R0H1D00F,1W9DL31001461C,1ZMLH8300204F0,1Z6PH74DAP0QN7,DJI Pilot,Android,7.0.2,1EF72A62-B7C3-C88D-164E-CE6F8C8424AE,1ZN7L4R0H1D00F,1W9DL31001461C,,1ZMLH8300204F0,1W9DL31001461C,,,,,
2023-11-01,11:32:02.64 AM,7m 40.3s,460.3,33.798443870622,-117.47553652011,65.9,137.7,18.7,1330,3800.2,7.435933,7.435933,-5.144962,2.23694,-5.368656,1.342164,0.223694,0.894776,-2.2,-0.2,2.2,-133.9,226.1,226.2,Tripod,Other,,22,5,True,,True,False,,Smart,RC,False,True,False,,,True,,False,False,False,False,False,False,False,False,False,False,0,Follow Yaw,-77.9,0,-142,218,False,False,False,False,False,,0,0,False,False,No Card,100,100,1024,1402,859,1024,2,False,False,False,False,False,0,False,False,False,False,76,,46.812,,3789,,4986,,46.812,,True,3.908,3.908,3.908,3.908,3.908,3.908,3.908,3.908,3.908,3.908,3.908,3.908,0,,False,False,True,,,,,,,,,,,,,,,False,False,9.782,,99.8,,75.7,,99.8,,1443,100,6,21,7,141853.0,18913.73,,Idle,,20,,10,,,20,Go Home,False,False,False,False,False,False,False,False,False,False,False,False,33.8027920380556,-117.4659261431046,3317.2,3317.2,1049.4,396.9,True,1,1,False,False,False,False,,True,False,False,Course Lock,196.8,67,16.4,93,NE,S,2.23,11.4,Calm,False,False,Android,7.0.2,M300 RTK,1ZN7L4R0H1D00F,1W9DL31001461C,1ZMLH8300204F0,1Z6PH74DAP0QN7,"Corona, CA",728.3,5.7,137.7,8.547347,2.013246,0,0,DJI Matrice 300 RTK,M300 RTK,1ZN7L4R0H1D00F,1W9DL31001461C,1ZMLH8300204F0,1Z6PH74DAP0QN7,DJI Pilot,Android,7.0.2,1EF72A62-B7C3-C88D-164E-CE6F8C8424AE,1ZN7L4R0H1D00F,1W9DL31001461C,,1ZMLH8300204F0,1W9DL31001461C,,,,,
2023-11-01,11:32:02.72 AM,7m 40.4s,460.4,33.7984417450243,-117.4755391299997,65.6,137.7,18.7,1329,3801.3,7.435933,7.435933,-5.144962,2.23694,-5.368656,1.342164,0.223694,0.894776,-2.1,-0.2,2.1,-133.9,226.1,225.5,Tripod,Other,,22,5,True,,True,False,,Smart,RC,False,True,False,,,True,,False,False,False,False,False,False,False,False,False,False,0,Follow Yaw,-77.9,0,-142,218,False,False,False,False,False,,0,0,False,False,No Card,100,100,1024,1403,859,1024,2,False,False,False,False,False,0,False,False,False,False,76,,46.812,,3789,,4986,,46.812,,True,3.908,3.908,3.908,3.908,3.908,3.908,3.908,3.908,3.908,3.908,3.908,3.908,0,,False,False,True,,,,,,,,,,,,,,,False,False,9.782,,99.8,,75.7,,99.8,,1443,100,6,21,7,141853.0,18913.73,,Idle,,20,,10,,,20,Go Home,False,False,False,False,False,False,False,False,False,False,False,False,33.8027920380556,-117.4659261431046,3318.3,3318.3,1049.4,396.9,True,1,1,False,False,False,False,,True,False,False,Course Lock,196.8,67,16.4,93,NE,S,2.23,11.4,Calm,False,False,Android,7.0.2,M300 RTK,1ZN7L4R0H1D00F,1W9DL31001461C,1ZMLH8300204F0,1Z6PH74DAP0QN7,"Corona, CA",728.3,5.7,137.7,8.547347,2.013246,0,0,DJI Matrice 300 RTK,M300 RTK,1ZN7L4R0H1D00F,1W9DL31001461C,1ZMLH8300204F0,1Z6PH74DAP0QN7,DJI Pilot,Android,7.0.2,1EF72A62-B7C3-C88D-164E-CE6F8C8424AE,1ZN7L4R0H1D00F,1W9DL31001461C,,1ZMLH8300204F0,1W9DL31001461C,,,,,
2023-11-01,11:32:02.82 AM,7m 40.5s,460.5,33.7984395451376,-117.4755419930194,65.6,137.7,18.3,1329,3802.5,7.435933,7.435933,-5.144962,2.23694,-5.368656,1.342164,0.223694,0.894776,-2,-0.1,2,-133.8,226.2,227.2,Tripod,Other,,22,5,True,,True,False,,Smart,RC,False,True,False,,,True,,False,False,False,False,False,False,False,False,False,False,0,Follow Yaw,-77.9,0,-142,218,False,False,False,False,False,,0,0,False,False,No Card,100,100,1024,1404,858,1024,2,False,False,False,False,False,0,False,False,False,False,76,,46.812,,3789,,4986,,46.812,,True,3.908,3.908,3.908,3.908,3.908,3.908,3.908,3.908,3.908,3.908,3.908,3.908,0,,False,False,True,,,,,,,,,,,,,,,False,False,9.782,,99.8,,75.7,,99.8,,1443,100,6,21,7,141853.0,18913.73,,Idle,,20,,10,,,20,Go Home,False,False,False,False,False,False,False,False,False,False,False,False,33.8027920380556,-117.4659261431046,3319.4,3319.4,1049.4,396.9,True,1,1,False,False,False,False,,True,False,False,Course Lock,196.8,67,16.4,93,NE,S,2.23,11.4,Calm,False,False,Android,7.0.2,M300 RTK,1ZN7L4R0H1D00F,1W9DL31001461C,1ZMLH8300204F0,1Z6PH74DAP0QN7,"Corona, CA",728.3,5.7,137.7,8.547347,2.013246,0,0,DJI Matrice 300 RTK,M300 RTK,1ZN7L4R0H1D00F,1W9DL31001461C,1ZMLH8300204F0,1Z6PH74DAP0QN7,DJI Pilot,Android,7.0.2,1EF72A62-B7C3-C88D-164E-CE6F8C8424AE,1ZN7L4R0H1D00F,1W9DL31001461C,,1ZMLH8300204F0,1W9DL31001461C,,,,,
2023-11-01,11:32:02.94 AM,7m 40.6s,460.6,33.7984373115331,-117.4755447561313,65.6,137.7,18.3,1329,3803.7,7.435933,7.435933,-5.144962,2.23694,-5.368656,1.342164,0.223694,0.894776,-2,-0.2,2,-133.8,226.2,225.7,Tripod,Other,,22,5,True,,True,False,,Smart,RC,False,True,False,,,True,,False,False,False,False,False,False,False,False,False,False,0,Follow Yaw,-77.9,0,-142,218,False,False,False,False,False,,0,0,False,False,No Card,100,100,1024,1403,858,1024,2,False,False,False,False,False,0,False,False,False,False,76,,46.812,,3789,,4986,,46.812,,True,3.908,3.908,3.908,3.908,3.908,3.908,3.908,3.908,3.908,3.908,3.908,3.908,0,,False,False,True,,,,,,,,,,,,,,,False,False,9.782,,99.8,,75.7,,99.8,,1443,100,6,21,7,141853.0,18913.73,,Idle,,20,,10,,,20,Go Home,False,False,False,False,False,False,False,False,False,False,False,False,33.8027920380556,-117.4659261431046,3320.5,3320.5,1049.4,396.9,True,1,1,False,False,False,False,,True,False,False,Course Lock,196.8,67,16.4,93,NE,S,2.23,11.4,Calm,False,False,Android,7.0.2,M300 RTK,1ZN7L4R0H1D00F,1W9DL31001461C,1ZMLH8300204F0,1Z6PH74DAP0QN7,"Corona, CA",728.3,5.7,137.7,8.547347,2.013246,0,0,DJI Matrice 300 RTK,M300 RTK,1ZN7L4R0H1D00F,1W9DL31001461C,1ZMLH8300204F0,1Z6PH74DAP0QN7,DJI Pilot,Android,7.0.2,1EF72A62-B7C3-C88D-164E-CE6F8C8424AE,1ZN7L4R0H1D00F,1W9DL31001461C,,1ZMLH8300204F0,1W9DL31001461C,,,,,
2023-11-01,11:32:03.04 AM,7m 40.7s,460.7,33.7984355579287,-117.4755471053455,65.6,137.7,18.3,1329,3804.6,7.435933,7.435933,-5.144962,2.23694,-5.368656,1.342164,0.223694,0.894776,-2,-0.3,2,-133.8,226.2,228.0,Tripod,Other,,22,5,True,,True,False,,Smart,RC,False,True,False,,,True,,False,False,False,False,False,False,False,False,False,False,0,Follow Yaw,-77.9,0,-142,218,False,False,False,False,False,,0,0,False,False,No Card,100,100,1024,1403,869,1021,2,False,False,False,False,False,0,False,False,False,False,76,,46.812,,3789,,4986,,46.812,,True,3.908,3.908,3.908,3.908,3.908,3.908,3.908,3.908,3.908,3.908,3.908,3.908,0,,False,False,True,,,,,,,,,,,,,,,False,False,9.782,,99.8,,75.7,,99.8,,1443,100,6,21,7,141853.0,18913.73,,Idle,,20,,10,,,20,Go Home,False,False,False,False,False,False,False,False,False,False,False,False,33.8027920380556,-117.4659261431046,3321.5,3321.5,1049.4,396.9,True,1,1,False,False,False,False,,True,False,False,Course Lock,196.8,67,16.4,93,NE,S,2.23,11.4,Calm,False,False,Android,7.0.2,M300 RTK,1ZN7L4R0H1D00F,1W9DL31001461C,1ZMLH8300204F0,1Z6PH74DAP0QN7,"Corona, CA",728.3,5.7,137.7,8.547347,2.013246,0,0,DJI Matrice 300 RTK,M300 RTK,1ZN7L4R0H1D00F,1W9DL31001461C,1ZMLH8300204F0,1Z6PH74DAP0QN7,DJI Pilot,Android,7.0.2,1EF72A62-B7C3-C88D-164E-CE6F8C8424AE,1ZN7L4R0H1D00F,1W9DL31001461C,,1ZMLH8300204F0,1W9DL31001461C,,,,,
2023-11-01,11:32:03.13 AM,7m 40.8s,460.8,33.7984333509147,-117.4755498557988,65.6,137.7,18.7,1329,3805.8,7.435933,7.435933,-5.144962,2.23694,-5.368656,1.342164,0.223694,0.894776,-2,-0.2,2,-133.8,226.2,226.0,Tripod,Other,,22,5,True,,True,False,,Smart,RC,False,True,False,,,True,,False,False,False,False,False,False,False,False,False,False,0,Follow Yaw,-77.9,0,-142,218,False,False,False,False,False,,0,0,False,False,No Card,100,100,1024,1402,876,1024,2,False,False,False,False,False,0,False,False,False,False,76,,46.812,,3789,,4986,,46.812,,True,3.908,3.908,3.908,3.908,3.908,3.908,3.908,3.908,3.908,3.908,3.908,3.908,0,,False,False,True,,,,,,,,,,,,,,,False,False,9.782,,99.8,,75.7,,99.8,,1443,100,6,21,7,141853.0,18913.73,,Idle,,20,,10,,,20,Go Home,False,False,False,False,False,False,False,False,False,False,False,False,33.8027920380556,-117.4659261431046,3322.6,3322.6,1049.4,396.9,True,1,1,False,False,False,False,,True,False,False,Course Lock,196.8,67,16.4,93,NE,S,2.23,11.4,Calm,False,False,Android,7.0.2,M300 RTK,1ZN7L4R0H1D00F,1W9DL31001461C,1ZMLH8300204F0,1Z6PH74DAP0QN7,"Corona, CA",728.3,5.7,137.7,8.547347,2.013246,0,0,DJI Matrice 300 RTK,M300 RTK,1ZN7L4R0H1D00F,1W9DL31001461C,1ZMLH8300204F0,1Z6PH74DAP0QN7,DJI Pilot,Android,7.0.2,1EF72A62-B7C3-C88D-164E-CE6F8C8424AE,1ZN7L4R0H1D00F,1W9DL31001461C,,1ZMLH8300204F0,1W9DL31001461C,,,,,
2023-11-01,11:32:03.24 AM,7m 40.9s,460.9,33.7984309596858,-117.4755526303323,65.6,137.7,18.7,1329,3807.0,7.435933,7.435933,-5.144962,2.23694,-5.368656,1.342164,0.223694,0.894776,-1.9,-0.2,1.9,-133.8,226.2,223.9,Tripod,Other,,22,5,True,,True,False,,Smart,RC,False,True,False,,,True,,False,False,False,False,False,False,False,False,False,False,0,Follow Yaw,-77.9,0,-142,218,False,False,False,False,False,,0,0,False,False,No Card,100,100,1024,1402,884,1024,2,False,False,False,False,False,0,False,False,False,False,76,,46.812,,3789,,4986,,46.812,,True,3.908,3.908,3.908,3.908,3.908,3.908,3.908,3.908,3.908,3.908,3.908,3.908,0,,False,False,True,,,,,,,,,,,,,,,False,False,9.782,,99.8,,75.7,,99.8,,1443,100,6,21,7,141853.0,18913.73,,Idle,,20,,10,,,20,Go Home,False,False,False,False,False,False,False,False,False,False,False,False,33.8027920380556,-117.4659261431046,3323.7,3323.7,1049.4,396.9,True,1,1,False,False,False,False,,True,False,False,Course Lock,196.8,67,16.4,93,NE,S,2.23,11.4,Calm,False,False,Android,7.0.2,M300 RTK,1ZN7L4R0H1D00F,1W9DL31001461C,1ZMLH8300204F0,1Z6PH74DAP0QN7,"Corona, CA",728.3,5.7,137.7,8.547347,2.013246,0,0,DJI Matrice 300 RTK,M300 RTK,1ZN7L4R0H1D00F,1W9DL31001461C,1ZMLH8300204F0,1Z6PH74DAP0QN7,DJI Pilot,Android,7.0.2,1EF72A62-B7C3-C88D-164E-CE6F8C8424AE,1ZN7L4R0H1D00F,1W9DL31001461C,,1ZMLH8300204F0,1W9DL31001461C,,,,,
2023-11-01,11:32:03.34 AM,7m 41.0s,461.0,33.7984288382001,-117.4755552602613,65.6,137.7,18.7,1329,3808.1,7.435933,7.435933,-5.144962,2.23694,-5.368656,1.342164,0.223694,0.894776,-1.9,-0.2,1.9,-133.8,226.2,225.8,Tripod,Other,,22,5,True,,True,False,,Smart,RC,False,True,False,,,True,,False,False,False,False,False,False,False,False,False,False,0,Follow Yaw,-77.9,0,-142,218,False,False,False,False,False,,0,0,False,False,No Card,100,100,1024,1402,882,1024,2,False,False,False,False,False,0,False,False,False,False,75,,46.824,,7532,,10044,,46.824,,True,3.908,3.908,3.908,3.908,3.908,3.908,3.908,3.908,3.908,3.908,3.908,3.908,0,,False,False,True,,,,,,,,,,,,,,,False,False,19.7,,99.8,,75.7,,99.8,,1443,100,6,21,7,141853.0,18913.73,,Idle,,20,,10,,,20,Go Home,False,False,False,False,False,False,False,False,False,False,False,False,33.8027920380556,-117.4659261431046,3324.8,3324.8,1049.4,396.9,True,1,1,False,False,False,False,,True,False,False,Course Lock,196.8,67,16.4,93,NE,S,2.23,11.4,Calm,False,False,Android,7.0.2,M300 RTK,1ZN7L4R0H1D00F,1W9DL31001461C,1ZMLH8300204F0,1Z6PH74DAP0QN7,"Corona, CA",728.3,5.7,137.7,8.547347,2.013246,0,0,DJI Matrice 300 RTK,M300 RTK,1ZN7L4R0H1D00F,1W9DL31001461C,1ZMLH8300204F0,1Z6PH74DAP0QN7,DJI Pilot,Android,7.0.2,1EF72A62-B7C3-C88D-164E-CE6F8C8424AE,1ZN7L4R0H1D00F,1W9DL31001461C,,1ZMLH8300204F0,1W9DL31001461C,,,,,
2023-11-01,11:32:03.44 AM,7m 41.1s,461.1,33.7984269118944,-117.4755578127958,65.6,137.7,18.7,1329,3809.1,7.435933,7.435933,-5.144962,2.23694,-5.368656,1.342164,0.223694,0.894776,-2.1,-0.2,2.1,-133.8,226.2,227.7,Tripod,Other,,22,5,True,,True,False,,Smart,RC,False,True,False,,,True,,False,False,False,False,False,False,False,False,False,False,0,Follow Yaw,-77.9,0,-142,218,False,False,False,False,False,,0,0,False,False,No Card,100,100,1024,1403,882,1024,2,False,False,False,False,False,0,False,False,False,False,75,,46.824,,7532,,10044,,46.824,,True,3.908,3.908,3.908,3.908,3.908,3.908,3.908,3.908,3.908,3.908,3.908,3.908,0,,False,False,True,,,,,,,,,,,,,,,False,False,19.7,,99.8,,75.7,,99.8,,1443,100,6,21,7,141853.0,18913.73,,Idle,,20,,10,,,20,Go Home,False,False,False,False,False,False,False,False,False,False,False,False,33.8027920380556,-117.4659261431046,3325.8,3325.8,1049.4,396.9,True,1,1,False,False,False,False,,True,False,False,Course Lock,196.8,67,16.4,93,NE,S,2.23,11.4,Calm,False,False,Android,7.0.2,M300 RTK,1ZN7L4R0H1D00F,1W9DL31001461C,1ZMLH8300204F0,1Z6PH74DAP0QN7,"Corona, CA",728.3,5.7,137.7,8.547347,2.013246,0,0,DJI Matrice 300 RTK,M300 RTK,1ZN7L4R0H1D00F,1W9DL31001461C,1ZMLH8300204F0,1Z6PH74DAP0QN7,DJI Pilot,Android,7.0.2,1EF72A62-B7C3-C88D-164E-CE6F8C8424AE,1ZN7L4R0H1D00F,1W9DL31001461C,,1ZMLH8300204F0,1W9DL31001461C,,,,,
2023-11-01,11:32:03.54 AM,7m 41.2s,461.2,33.7984248030186,-117.475560441694,65.6,137.7,18.7,1329,3810.2,7.435933,7.435933,-5.144962,2.23694,-5.368656,1.342164,0,0.894776,-2.2,-0.2,2.2,-133.8,226.2,226.0,Tripod,Other,,22,5,True,,True,False,,Smart,RC,False,True,False,,,True,,False,False,False,False,False,False,False,False,False,False,0,Follow Yaw,-77.9,0,-142,218,False,False,False,False,False,,0,0,False,False,No Card,100,100,1024,1405,879,1024,2,False,False,False,False,False,0,False,False,False,False,75,,46.824,,7532,,10044,,46.824,,True,3.908,3.908,3.908,3.908,3.908,3.908,3.908,3.908,3.908,3.908,3.908,3.908,0,,False,False,True,,,,,,,,,,,,,,,False,False,19.7,,99.8,,75.7,,99.8,,1443,100,6,21,7,141853.0,18913.73,,Idle,,20,,10,,,20,Go Home,False,False,False,False,False,False,False,False,False,False,False,False,33.8027920380556,-117.4659261431046,3326.9,3326.9,1049.4,396.9,True,1,1,False,False,False,False,,True,False,False,Course Lock,196.8,67,16.4,93,NE,S,2.23,11.4,Calm,False,False,Android,7.0.2,M300 RTK,1ZN7L4R0H1D00F,1W9DL31001461C,1ZMLH8300204F0,1Z6PH74DAP0QN7,"Corona, CA",728.3,5.7,137.7,8.547347,2.013246,0,0,DJI Matrice 300 RTK,M300 RTK,1ZN7L4R0H1D00F,1W9DL31001461C,1ZMLH8300204F0,1Z6PH74DAP0QN7,DJI Pilot,Android,7.0.2,1EF72A62-B7C3-C88D-164E-CE6F8C8424AE,1ZN7L4R0H1D00F,1W9DL31001461C,,1ZMLH8300204F0,1W9DL31001461C,,,,,
2023-11-01,11:32:03.65 AM,7m 41.3s,461.3,33.7984225960045,-117.4755629549747,65.2,137.7,18.7,1329,3811.4,7.435933,7.435933,-5.144962,2.23694,-5.368656,1.342164,0,0.894776,-2.2,-0.2,2.2,-133.7,226.3,223.4,Tripod,Other,,22,5,True,,True,False,,Smart,RC,False,True,False,,,True,,False,False,False,False,False,False,False,False,False,False,0,Follow Yaw,-77.9,0,-142,218,False,False,False,False,False,,0,0,False,False,No Card,100,100,1024,1405,879,1024,2,False,False,False,False,False,0,False,False,False,False,75,,46.824,,7532,,10044,,46.824,,True,3.905,3.905,3.905,3.905,3.905,3.905,3.905,3.905,3.905,3.905,3.905,3.905,0,,False,False,True,,,,,,,,,,,,,,,False,False,19.7,,99.8,,75.7,,99.8,,1443,100,6,21,7,142027.8,18937.04,,Idle,,20,,10,,,20,Go Home,False,False,False,False,False,False,False,False,False,False,False,False,33.8027920380556,-117.4659261431046,3327.9,3327.9,1049.4,396.9,True,1,1,False,False,False,False,,True,False,False,Course Lock,196.8,67,16.4,93,NE,S,2.23,11.4,Calm,False,False,Android,7.0.2,M300 RTK,1ZN7L4R0H1D00F,1W9DL31001461C,1ZMLH8300204F0,1Z6PH74DAP0QN7,"Corona, CA",728.3,5.7,137.7,8.547347,2.013246,0,0,DJI Matrice 300 RTK,M300 RTK,1ZN7L4R0H1D00F,1W9DL31001461C,1ZMLH8300204F0,1Z6PH74DAP0QN7,DJI Pilot,Android,7.0.2,1EF72A62-B7C3-C88D-164E-CE6F8C8424AE,1ZN7L4R0H1D00F,1W9DL31001461C,,1ZMLH8300204F0,1W9DL31001461C,,,,,
2023-11-01,11:32:03.75 AM,7m 41.4s,461.4,33.7984203739134,-117.4755657081494,65.2,137.7,19.0,1329,3812.5,7.435933,7.435933,-5.144962,2.23694,-5.368656,1.342164,0,0.894776,-2.2,-0.1,2.2,-133.7,226.3,225.8,Tripod,Other,,22,5,True,,True,False,,Smart,RC,False,True,False,,,True,,False,False,False,False,False,False,False,False,False,False,0,Follow Yaw,-77.9,0,-142,218,False,False,False,False,False,,0,0,False,False,No Card,100,100,1024,1404,898,963,2,False,False,False,False,False,0,False,False,False,False,75,,46.824,,7532,,10044,,46.824,,True,3.905,3.905,3.905,3.905,3.905,3.905,3.905,3.905,3.905,3.905,3.905,3.905,0,,False,False,True,,,,,,,,,,,,,,,False,False,19.7,,99.8,,75.7,,99.8,,1443,100,6,21,7,142027.8,18937.04,,Idle,,20,,10,,,20,Go Home,False,False,False,False,False,False,False,False,False,False,False,False,33.8027920380556,-117.4659261431046,3329.1,3329.1,1049.4,396.9,True,1,1,False,False,False,False,,True,False,False,Course Lock,196.8,67,16.4,93,NE,S,2.23,11.4,Calm,False,False,Android,7.0.2,M300 RTK,1ZN7L4R0H1D00F,1W9DL31001461C,1ZMLH8300204F0,1Z6PH74DAP0QN7,"Corona, CA",728.3,5.7,137.7,8.547347,2.013246,0,0,DJI Matrice 300 RTK,M300 RTK,1ZN7L4R0H1D00F,1W9DL31001461C,1ZMLH8300204F0,1Z6PH74DAP0QN7,DJI Pilot,Android,7.0.2,1EF72A62-B7C3-C88D-164E-CE6F8C8424AE,1ZN7L4R0H1D00F,1W9DL31001461C,,1ZMLH8300204F0,1W9DL31001461C,,,,,
2023-11-01,11:32:03.85 AM,7m 41.5s,461.5,33.7984184964026,-117.4755680485809,65.2,137.7,18.7,1329,3813.5,7.435933,7.435933,-5.144962,2.23694,-5.368656,1.342164,0,0.894776,-2.1,-0.1,2.1,-133.7,226.3,226.0,Tripod,Other,,22,5,True,,True,False,,Smart,RC,False,True,False,,,True,,False,False,False,False,False,False,False,False,False,False,0,Follow Yaw,-77.9,0,-142.1,217.9,False,False,False,False,False,,0,0,False,False,No Card,100,100,1024,1404,912,847,2,False,False,False,False,False,0,False,False,False,False,75,,46.824,,7532,,10044,,46.824,,True,3.905,3.905,3.905,3.905,3.905,3.905,3.905,3.905,3.905,3.905,3.905,3.905,0,,False,False,True,,,,,,,,,,,,,,,False,False,19.7,,99.8,,75.7,,99.8,,1443,100,6,21,7,142027.8,18937.04,,Idle,,20,,10,,,20,Go Home,False,False,False,False,False,False,False,False,False,False,False,False,33.8027920380556,-117.4659261431046,3330.0,3330.0,1049.4,396.9,True,1,1,False,False,False,False,,True,False,False,Course Lock,196.8,67,16.4,93,NE,S,2.23,11.4,Calm,False,False,Android,7.0.2,M300 RTK,1ZN7L4R0H1D00F,1W9DL31001461C,1ZMLH8300204F0,1Z6PH74DAP0QN7,"Corona, CA",728.3,5.7,137.7,8.547347,2.013246,0,0,DJI Matrice 300 RTK,M300 RTK,1ZN7L4R0H1D00F,1W9DL31001461C,1ZMLH8300204F0,1Z6PH74DAP0QN7,DJI Pilot,Android,7.0.2,1EF72A62-B7C3-C88D-164E-CE6F8C8424AE,1ZN7L4R0H1D00F,1W9DL31001461C,,1ZMLH8300204F0,1W9DL31001461C,,,,,
2023-11-01,11:32:03.96 AM,7m 41.6s,461.6,33.7984164050711,-117.4755706498942,65.2,137.7,18.7,1329,3814.6,7.282948,7.435933,-4.921268,2.23694,-5.368656,1.342164,0,0.894776,-2,-0.8,2.1,-133.9,226.1,225.9,Tripod,Other,,22,5,True,,True,False,,Smart,RC,False,True,False,,,True,,False,False,False,False,False,False,False,False,False,False,0,Follow Yaw,-77.9,0,-142.4,217.6,False,False,False,False,False,,0,0,False,False,No Card,100,100,1024,1405,901,854,2,False,False,False,False,False,0,False,False,False,False,75,,46.824,,7532,,10044,,46.824,,True,3.905,3.905,3.905,3.905,3.905,3.905,3.905,3.905,3.905,3.905,3.905,3.905,0,,False,False,True,,,,,,,,,,,,,,,False,False,19.7,,99.8,,75.7,,99.8,,1443,100,6,21,7,142027.8,18937.04,,Idle,,20,,10,,,20,Go Home,False,False,False,False,False,False,False,False,False,False,False,False,33.8027920380556,-117.4659261431046,3331.1,3331.1,1049.4,396.9,True,1,1,False,False,False,False,,True,False,False,Course Lock,196.8,67,16.4,93,NE,S,2.23,11.4,Calm,False,False,Android,7.0.2,M300 RTK,1ZN7L4R0H1D00F,1W9DL31001461C,1ZMLH8300204F0,1Z6PH74DAP0QN7,"Corona, CA",728.3,5.7,137.7,8.547347,2.013246,0,0,DJI Matrice 300 RTK,M300 RTK,1ZN7L4R0H1D00F,1W9DL31001461C,1ZMLH8300204F0,1Z6PH74DAP0QN7,DJI Pilot,Android,7.0.2,1EF72A62-B7C3-C88D-164E-CE6F8C8424AE,1ZN7L4R0H1D00F,1W9DL31001461C,,1ZMLH8300204F0,1W9DL31001461C,,,,,
2023-11-01,11:32:04.06 AM,7m 41.7s,461.7,33.7984142460297,-117.4755732889357,65.2,137.7,19.0,1329,3815.7,7.435933,7.435933,-5.144962,2.23694,-5.368656,1.342164,0,0.894776,-2,-1.9,2.7,-134.1,225.9,225.4,Tripod,Other,,22,5,True,,True,False,,Smart,RC,False,True,False,,,True,,False,False,False,False,False,False,False,False,False,False,0,Follow Yaw,-77.9,0,-142.8,217.2,False,False,False,False,False,,0,0,False,False,No Card,100,100,1024,1404,902,835,2,False,False,False,False,False,0,False,False,False,False,75,,46.824,,7532,,10044,,46.824,,True,3.905,3.905,3.905,3.905,3.905,3.905,3.905,3.905,3.905,3.905,3.905,3.905,0,,False,False,True,,,,,,,,,,,,,,,False,False,19.7,,99.8,,75.7,,99.8,,1443,100,6,21,7,142027.8,18937.04,,Idle,,20,,10,,,20,Go Home,False,False,False,False,False,False,False,False,False,False,False,False,33.8027920380556,-117.4659261431046,3332.2,3332.2,1049.4,396.9,True,1,1,False,False,False,False,,True,False,False,Course Lock,196.8,67,16.4,93,NE,S,2.23,11.4,Calm,False,False,Android,7.0.2,M300 RTK,1ZN7L4R0H1D00F,1W9DL31001461C,1ZMLH8300204F0,1Z6PH74DAP0QN7,"Corona, CA",728.3,5.7,137.7,8.547347,2.013246,0,0,DJI Matrice 300 RTK,M300 RTK,1ZN7L4R0H1D00F,1W9DL31001461C,1ZMLH8300204F0,1Z6PH74DAP0QN7,DJI Pilot,Android,7.0.2,1EF72A62-B7C3-C88D-164E-CE6F8C8424AE,1ZN7L4R0H1D00F,1W9DL31001461C,,1ZMLH8300204F0,1W9DL31001461C,,,,,
2023-11-01,11:32:04.17 AM,7m 41.8s,461.8,33.7984120140699,-117.475576004877,65.2,137.7,19.0,1329,3816.9,7.276075,7.435933,-5.144962,2.23694,-5.144962,1.342164,0,0.894776,-2.1,-2.3,3.1,-134.3,225.7,225.3,Tripod,Other,,22,5,True,,True,False,,Smart,RC,False,True,False,,,True,,False,False,False,False,False,False,False,False,False,False,0,Follow Yaw,-77.9,0,-143.2,216.8,False,False,False,False,False,,0,0,False,False,No Card,100,100,1024,1405,908,801,2,False,False,False,False,False,0,False,False,False,False,75,,46.8,,3739,,4986,,46.8,,True,3.905,3.905,3.905,3.905,3.905,3.905,3.905,3.905,3.905,3.905,3.905,3.905,0,,False,False,True,,,,,,,,,,,,,,,False,False,9.662,,99.8,,75.7,,99.8,,1443,100,6,21,7,142027.8,18937.04,,Idle,,20,,10,,,20,Go Home,False,False,False,False,False,False,False,False,False,False,False,False,33.8027920380556,-117.4659261431046,3333.3,3333.3,1049.4,396.9,True,1,1,False,False,False,False,,True,False,False,Course Lock,196.8,67,16.4,93,NE,S,2.23,11.4,Calm,False,False,Android,7.0.2,M300 RTK,1ZN7L4R0H1D00F,1W9DL31001461C,1ZMLH8300204F0,1Z6PH74DAP0QN7,"Corona, CA",728.3,5.7,137.7,8.547347,2.013246,0,0,DJI Matrice 300 RTK,M300 RTK,1ZN7L4R0H1D00F,1W9DL31001461C,1ZMLH8300204F0,1Z6PH74DAP0QN7,DJI Pilot,Android,7.0.2,1EF72A62-B7C3-C88D-164E-CE6F8C8424AE,1ZN7L4R0H1D00F,1W9DL31001461C,,1ZMLH8300204F0,1W9DL31001461C,,,,,
2023-11-01,11:32:04.24 AM,7m 41.9s,461.9,33.7984097226241,-117.4755787382598,65.2,137.7,19.0,1329,3818.1,7.276075,7.435933,-5.144962,2.23694,-5.144962,1.342164,0,0.894776,-2.3,-2.4,3.3,-134.5,225.5,224.7,Tripod,Other,,22,5,True,,True,False,,Smart,RC,False,True,False,,,True,,False,False,False,False,False,False,False,False,False,False,0,Follow Yaw,-77.9,0,-143.7,216.3,False,False,False,False,False,,0,0,False,False,No Card,100,100,1024,1406,921,717,2,False,False,False,False,False,0,False,False,False,False,75,,46.8,,3739,,4986,,46.8,,True,3.905,3.905,3.905,3.905,3.905,3.905,3.905,3.905,3.905,3.905,3.905,3.905,0,,False,False,True,,,,,,,,,,,,,,,False,False,9.662,,99.8,,75.7,,99.8,,1443,100,6,21,7,142027.8,18937.04,,Idle,,20,,10,,,20,Go Home,False,False,False,False,False,False,False,False,False,False,False,False,33.8027920380556,-117.4659261431046,3334.4,3334.4,1049.4,396.9,True,1,1,False,False,False,False,,True,False,False,Course Lock,196.8,67,16.4,93,NE,S,2.23,11.4,Calm,False,False,Android,7.0.2,M300 RTK,1ZN7L4R0H1D00F,1W9DL31001461C,1ZMLH8300204F0,1Z6PH74DAP0QN7,"Corona, CA",728.3,5.7,137.7,8.547347,2.013246,0,0,DJI Matrice 300 RTK,M300 RTK,1ZN7L4R0H1D00F,1W9DL31001461C,1ZMLH8300204F0,1Z6PH74DAP0QN7,DJI Pilot,Android,7.0.2,1EF72A62-B7C3-C88D-164E-CE6F8C8424AE,1ZN7L4R0H1D00F,1W9DL31001461C,,1ZMLH8300204F0,1W9DL31001461C,,,,,
2023-11-01,11:32:04.34 AM,7m 42.0s,462.0,33.7984075364439,-117.4755812871658,65.2,137.7,19.0,1329,3819.2,7.276075,7.435933,-5.144962,2.23694,-5.144962,1.342164,0,0.894776,-2.2,-2.6,3.4,-134.9,225.1,224.0,Tripod,Other,,22,5,True,,True,False,,Smart,RC,False,True,False,,,True,,False,False,False,False,False,False,False,False,False,False,0,Follow Yaw,-77.9,0,-144.3,215.7,False,False,False,False,False,,0,0,False,False,No Card,100,100,1024,1406,923,718,2,False,False,False,False,False,0,False,False,False,False,75,,46.8,,7532,,10044,,46.8,,True,3.905,3.905,3.905,3.905,3.905,3.905,3.905,3.905,3.905,3.905,3.905,3.905,0,,False,False,True,,,,,,,,,,,,,,,False,False,19.412,,99.8,,75.7,,99.8,,1443,100,6,21,7,142027.8,18937.04,,Idle,,20,,10,,,20,Go Home,False,False,False,False,False,False,False,False,False,False,False,False,33.8027920380556,-117.4659261431046,3335.5,3335.5,1049.4,396.9,True,1,1,False,False,False,False,,True,False,False,Course Lock,196.8,67,16.4,93,NE,S,2.23,11.4,Calm,False,False,Android,7.0.2,M300 RTK,1ZN7L4R0H1D00F,1W9DL31001461C,1ZMLH8300204F0,1Z6PH74DAP0QN7,"Corona, CA",728.3,5.7,137.7,8.547347,2.013246,0,0,DJI Matrice 300 RTK,M300 RTK,1ZN7L4R0H1D00F,1W9DL31001461C,1ZMLH8300204F0,1Z6PH74DAP0QN7,DJI Pilot,Android,7.0.2,1EF72A62-B7C3-C88D-164E-CE6F8C8424AE,1ZN7L4R0H1D00F,1W9DL31001461C,,1ZMLH8300204F0,1W9DL31001461C,,,,,
2023-11-01,11:32:04.44 AM,7m 42.1s,462.1,33.7984053902865,-117.4755836815713,65.2,137.7,19.0,1329,3820.2,7.276075,7.435933,-5.144962,2.23694,-5.144962,1.342164,0,0.894776,-2.3,-3.3,4,-135.5,224.5,222.8,Tripod,Other,,22,5,True,,True,False,,Smart,RC,False,True,False,,,True,,False,False,False,False,False,False,False,False,False,False,0,Follow Yaw,-77.9,0,-145.2,214.8,False,False,False,False,False,,0,0,False,False,No Card,100,100,1024,1407,921,784,2,False,False,False,False,False,0,False,False,False,False,75,,46.8,,7532,,10044,,46.8,,True,3.905,3.905,3.905,3.905,3.905,3.905,3.905,3.905,3.905,3.905,3.905,3.905,0,,False,False,True,,,,,,,,,,,,,,,False,False,19.412,,99.8,,75.7,,99.8,,1443,100,6,21,7,142027.8,18937.04,,Idle,,20,,10,,,20,Go Home,False,False,False,False,False,False,False,False,False,False,False,False,33.8027920380556,-117.4659261431046,3336.5,3336.5,1049.4,396.9,True,1,1,False,False,False,False,,True,False,False,Course Lock,196.8,67,16.4,93,NE,S,2.23,11.4,Calm,False,False,Android,7.0.2,M300 RTK,1ZN7L4R0H1D00F,1W9DL31001461C,1ZMLH8300204F0,1Z6PH74DAP0QN7,"Corona, CA",728.3,5.7,137.7,8.547347,2.013246,0,0,DJI Matrice 300 RTK,M300 RTK,1ZN7L4R0H1D00F,1W9DL31001461C,1ZMLH8300204F0,1Z6PH74DAP0QN7,DJI Pilot,Android,7.0.2,1EF72A62-B7C3-C88D-164E-CE6F8C8424AE,1ZN7L4R0H1D00F,1W9DL31001461C,,1ZMLH8300204F0,1W9DL31001461C,,,,,
2023-11-01,11:32:04.54 AM,7m 42.2s,462.2,33.7984031528441,-117.4755861544435,65.2,137.7,19.0,1329,3821.3,7.282948,7.435933,-5.368656,2.23694,-4.921268,1.342164,0,0.894776,-2.3,-3.8,4.4,-136.1,223.9,222.5,Tripod,Other,,22,5,True,,True,False,,Smart,RC,False,True,False,,,True,,False,False,False,False,False,False,False,False,False,False,0,Follow Yaw,-77.9,0,-145.9,214.1,False,False,False,False,False,,0,0,False,False,No Card,100,100,1024,1407,905,884,2,False,False,False,False,False,0,False,False,False,False,75,,46.8,,7532,,10044,,46.8,,True,3.905,3.905,3.905,3.905,3.905,3.905,3.905,3.905,3.905,3.905,3.905,3.905,0,,False,False,True,,,,,,,,,,,,,,,False,False,19.412,,99.8,,75.7,,99.8,,1443,100,6,21,7,142027.8,18937.04,,Idle,,20,,10,,,20,Go Home,False,False,False,False,False,False,False,False,False,False,False,False,33.8027920380556,-117.4659261431046,3337.5,3337.5,1049.4,396.9,True,1,1,False,False,False,False,,True,False,False,Course Lock,196.8,67,16.4,93,NE,S,2.23,11.4,Calm,False,False,Android,7.0.2,M300 RTK,1ZN7L4R0H1D00F,1W9DL31001461C,1ZMLH8300204F0,1Z6PH74DAP0QN7,"Corona, CA",728.3,5.7,137.7,8.547347,2.013246,0,0,DJI Matrice 300 RTK,M300 RTK,1ZN7L4R0H1D00F,1W9DL31001461C,1ZMLH8300204F0,1Z6PH74DAP0QN7,DJI Pilot,Android,7.0.2,1EF72A62-B7C3-C88D-164E-CE6F8C8424AE,1ZN7L4R0H1D00F,1W9DL31001461C,,1ZMLH8300204F0,1W9DL31001461C,,,,,
2023-11-01,11:32:04.64 AM,7m 42.3s,462.3,33.7984011292225,-117.4755886130077,65.2,137.7,19.0,1329,3822.4,7.282948,7.435933,-5.368656,2.23694,-4.921268,1.342164,0,0.894776,-2.2,-3.4,4,-136.8,223.2,225.2,Tripod,Other,,22,5,True,,True,False,,Smart,RC,False,True,False,,,True,,False,False,False,False,False,False,False,False,False,False,0,Follow Yaw,-77.9,0,-146.4,213.6,False,False,False,False,False,,0,0,False,False,No Card,100,100,1024,1408,903,897,2,False,False,False,False,False,0,False,False,False,False,75,,46.8,,7532,,10044,,46.8,,True,3.901,3.901,3.901,3.901,3.901,3.901,3.901,3.901,3.901,3.901,3.901,3.901,0,,False,False,True,,,,,,,,,,,,,,,False,False,19.412,,99.8,,75.7,,99.8,,1441,101,6,21,7,142513.4,19001.79,,Idle,,20,,10,,,20,Go Home,False,False,False,False,False,False,False,False,False,False,False,False,33.8027920380556,-117.4659261431046,3338.5,3338.5,1049.4,396.9,True,1,1,False,False,False,False,,True,False,False,Course Lock,196.8,67,16.4,93,NE,S,2.23,11.4,Calm,False,False,Android,7.0.2,M300 RTK,1ZN7L4R0H1D00F,1W9DL31001461C,1ZMLH8300204F0,1Z6PH74DAP0QN7,"Corona, CA",728.3,5.7,137.7,8.547347,2.013246,0,0,DJI Matrice 300 RTK,M300 RTK,1ZN7L4R0H1D00F,1W9DL31001461C,1ZMLH8300204F0,1Z6PH74DAP0QN7,DJI Pilot,Android,7.0.2,1EF72A62-B7C3-C88D-164E-CE6F8C8424AE,1ZN7L4R0H1D00F,1W9DL31001461C,,1ZMLH8300204F0,1W9DL31001461C,,,,,
2023-11-01,11:32:04.74 AM,7m 42.4s,462.4,33.7983988331165,-117.4755910113304,65.2,137.7,19.0,1329,3823.5,7.303532,7.435933,-5.59235,2.23694,-4.697574,1.342164,0,0.894776,-2.1,-2.1,2.9,-137.4,222.6,220.9,Tripod,Other,,22,5,True,,True,False,,Smart,RC,False,True,False,,,True,,False,False,False,False,False,False,False,False,False,False,0,Follow Yaw,-77.9,0,-146.6,213.4,False,False,False,False,False,,0,0,False,False,No Card,100,100,1024,1407,898,959,2,False,False,False,False,False,0,False,False,False,False,75,,46.8,,7532,,10044,,46.8,,True,3.901,3.901,3.901,3.901,3.901,3.901,3.901,3.901,3.901,3.901,3.901,3.901,0,,False,False,True,,,,,,,,,,,,,,,False,False,19.412,,99.8,,75.7,,99.8,,1441,101,6,21,7,142513.4,19001.79,,Idle,,20,,10,,,20,Go Home,False,False,False,False,False,False,False,False,False,False,False,False,33.8027920380556,-117.4659261431046,3339.6,3339.6,1049.4,396.9,True,1,1,False,False,False,False,,True,False,False,Course Lock,196.8,67,16.4,93,NE,S,2.23,11.4,Calm,False,False,Android,7.0.2,M300 RTK,1ZN7L4R0H1D00F,1W9DL31001461C,1ZMLH8300204F0,1Z6PH74DAP0QN7,"Corona, CA",728.3,5.7,137.7,8.547347,2.013246,0,0,DJI Matrice 300 RTK,M300 RTK,1ZN7L4R0H1D00F,1W9DL31001461C,1ZMLH8300204F0,1Z6PH74DAP0QN7,DJI Pilot,Android,7.0.2,1EF72A62-B7C3-C88D-164E-CE6F8C8424AE,1ZN7L4R0H1D00F,1W9DL31001461C,,1ZMLH8300204F0,1W9DL31001461C,,,,,
2023-11-01,11:32:04.84 AM,7m 42.5s,462.5,33.798396512613,-117.4755932103736,65.2,137.7,19.0,1329,3824.6,7.303532,7.435933,-5.59235,2.23694,-4.697574,1.342164,0,0.894776,-2.1,-0.8,2.2,-137.9,222.1,218.2,Tripod,Other,,22,5,True,,True,False,,Smart,RC,False,True,False,,,True,,False,False,False,False,False,False,False,False,False,False,0,Follow Yaw,-77.9,0,-146.8,213.2,False,False,False,False,False,,0,0,False,False,No Card,100,100,1024,1408,888,1000,2,False,False,False,False,False,0,False,False,False,False,75,,46.8,,7532,,10044,,46.8,,True,3.901,3.901,3.901,3.901,3.901,3.901,3.901,3.901,3.901,3.901,3.901,3.901,0,,False,False,True,,,,,,,,,,,,,,,False,False,19.412,,99.8,,75.7,,99.8,,1441,101,6,21,7,142513.4,19001.79,,Idle,,20,,10,,,20,Go Home,False,False,False,False,False,False,False,False,False,False,False,False,33.8027920380556,-117.4659261431046,3340.6,3340.6,1049.4,396.9,True,1,1,False,False,False,False,,True,False,False,Course Lock,196.8,67,16.4,93,NE,S,2.23,11.4,Calm,False,False,Android,7.0.2,M300 RTK,1ZN7L4R0H1D00F,1W9DL31001461C,1ZMLH8300204F0,1Z6PH74DAP0QN7,"Corona, CA",728.3,5.7,137.7,8.547347,2.013246,0,0,DJI Matrice 300 RTK,M300 RTK,1ZN7L4R0H1D00F,1W9DL31001461C,1ZMLH8300204F0,1Z6PH74DAP0QN7,DJI Pilot,Android,7.0.2,1EF72A62-B7C3-C88D-164E-CE6F8C8424AE,1ZN7L4R0H1D00F,1W9DL31001461C,,1ZMLH8300204F0,1W9DL31001461C,,,,,
2023-11-01,11:32:04.94 AM,7m 42.6s,462.6,33.7983943160159,-117.4755954290438,65.2,137.7,19.0,1329,3825.6,7.303532,7.435933,-5.59235,2.23694,-4.697574,1.342164,0,0.894776,-2.1,-0.2,2.1,-138.3,221.7,220.0,Tripod,Other,,22,5,True,,True,False,,Smart,RC,False,True,False,,,True,,False,False,False,False,False,False,False,False,False,False,0,Follow Yaw,-77.9,0,-146.9,213.1,False,False,False,False,False,,0,0,False,False,No Card,100,100,1024,1409,874,1024,2,False,False,False,False,False,0,False,False,False,False,75,,46.8,,7532,,10044,,46.8,,True,3.901,3.901,3.901,3.901,3.901,3.901,3.901,3.901,3.901,3.901,3.901,3.901,0,,False,False,True,,,,,,,,,,,,,,,False,False,19.412,,99.8,,75.7,,99.8,,1441,101,6,21,7,142513.4,19001.79,,Idle,,20,,10,,,20,Go Home,False,False,False,False,False,False,False,False,False,False,False,False,33.8027920380556,-117.4659261431046,3341.5,3341.5,1049.4,396.9,True,1,1,False,False,False,False,,True,False,False,Course Lock,196.8,67,16.4,93,NE,S,2.23,11.4,Calm,False,False,Android,7.0.2,M300 RTK,1ZN7L4R0H1D00F,1W9DL31001461C,1ZMLH8300204F0,1Z6PH74DAP0QN7,"Corona, CA",728.3,5.7,137.7,8.547347,2.013246,0,0,DJI Matrice 300 RTK,M300 RTK,1ZN7L4R0H1D00F,1W9DL31001461C,1ZMLH8300204F0,1Z6PH74DAP0QN7,DJI Pilot,Android,7.0.2,1EF72A62-B7C3-C88D-164E-CE6F8C8424AE,1ZN7L4R0H1D00F,1W9DL31001461C,,1ZMLH8300204F0,1W9DL31001461C,,,,,
2023-11-01,11:32:05.04 AM,7m 42.7s,462.7,33.7983916651867,-117.4755980710129,64.9,137.7,19.3,1329,3826.9,7.303532,7.435933,-5.59235,2.23694,-4.697574,1.342164,0,0.894776,-2.1,0,2.1,-138.6,221.4,219.6,Tripod,Other,,22,5,True,,True,False,,Smart,RC,False,True,False,,,True,,False,False,False,False,False,False,False,False,False,False,0,Follow Yaw,-77.9,0,-146.9,213.1,False,False,False,False,False,,0,0,False,False,No Card,100,100,1024,1407,875,1024,2,False,False,False,False,False,0,False,False,False,False,75,,46.8,,7532,,10044,,46.8,,True,3.901,3.901,3.901,3.901,3.901,3.901,3.901,3.901,3.901,3.901,3.901,3.901,0,,False,False,True,,,,,,,,,,,,,,,False,False,19.412,,99.8,,75.7,,99.8,,1441,101,6,21,7,142513.4,19001.79,,Idle,,20,,10,,,20,Go Home,False,False,False,False,False,False,False,False,False,False,False,False,33.8027920380556,-117.4659261431046,3342.7,3342.7,1049.4,396.9,True,1,1,False,False,False,False,,True,False,False,Course Lock,196.8,67,16.4,93,NE,S,2.23,11.4,Calm,False,False,Android,7.0.2,M300 RTK,1ZN7L4R0H1D00F,1W9DL31001461C,1ZMLH8300204F0,1Z6PH74DAP0QN7,"Corona, CA",728.3,5.7,137.7,8.547347,2.013246,0,0,DJI Matrice 300 RTK,M300 RTK,1ZN7L4R0H1D00F,1W9DL31001461C,1ZMLH8300204F0,1Z6PH74DAP0QN7,DJI Pilot,Android,7.0.2,1EF72A62-B7C3-C88D-164E-CE6F8C8424AE,1ZN7L4R0H1D00F,1W9DL31001461C,,1ZMLH8300204F0,1W9DL31001461C,,,,,
2023-11-01,11:32:05.14 AM,7m 42.8s,462.8,33.798389450497,-117.4756003056815,64.9,137.7,19.3,1329,3827.9,7.303532,7.435933,-5.59235,2.23694,-4.697574,1.342164,0,0.894776,-2.2,0,2.2,-138.8,221.2,219.9,Tripod,Other,,22,5,True,,True,False,,Smart,RC,False,True,False,,,True,,False,False,False,False,False,False,False,False,False,False,0,Follow Yaw,-77.9,0,-146.9,213.1,False,False,False,False,False,,0,0,False,False,No Card,100,100,1024,1408,874,1024,2,False,False,False,False,False,0,False,False,False,False,75,,46.8,,7532,,10044,,46.8,,True,3.901,3.901,3.901,3.901,3.901,3.901,3.901,3.901,3.901,3.901,3.901,3.901,0,,False,False,True,,,,,,,,,,,,,,,False,False,19.412,,99.8,,75.7,,99.8,,1441,101,6,21,7,142513.4,19001.79,,Idle,,20,,10,,,20,Go Home,False,False,False,False,False,False,False,False,False,False,False,False,33.8027920380556,-117.4659261431046,3343.7,3343.7,1049.4,396.9,True,1,1,False,False,False,False,,True,False,False,Course Lock,196.8,67,16.4,93,NE,S,2.23,11.4,Calm,False,False,Android,7.0.2,M300 RTK,1ZN7L4R0H1D00F,1W9DL31001461C,1ZMLH8300204F0,1Z6PH74DAP0QN7,"Corona, CA",728.3,5.7,137.7,8.547347,2.013246,0,0,DJI Matrice 300 RTK,M300 RTK,1ZN7L4R0H1D00F,1W9DL31001461C,1ZMLH8300204F0,1Z6PH74DAP0QN7,DJI Pilot,Android,7.0.2,1EF72A62-B7C3-C88D-164E-CE6F8C8424AE,1ZN7L4R0H1D00F,1W9DL31001461C,,1ZMLH8300204F0,1W9DL31001461C,,,,,
2023-11-01,11:32:05.24 AM,7m 42.9s,462.9,33.7983871694681,-117.4756023861384,64.9,137.7,19.0,1329,3829.0,7.303532,7.435933,-5.59235,2.23694,-4.697574,1.342164,0,0.894776,-2.4,-0.1,2.4,-138.8,221.2,217.1,Tripod,Other,,22,5,True,,True,False,,Smart,RC,False,True,False,,,True,,False,False,False,False,False,False,False,False,False,False,0,Follow Yaw,-77.9,0,-146.9,213.1,False,False,False,False,False,,0,0,False,False,No Card,100,100,1024,1407,872,1024,2,False,False,False,False,False,0,False,False,False,False,75,,46.8,,7532,,10044,,46.8,,True,3.901,3.901,3.901,3.901,3.901,3.901,3.901,3.901,3.901,3.901,3.901,3.901,0,,False,False,True,,,,,,,,,,,,,,,False,False,19.412,,99.8,,75.7,,99.8,,1441,101,6,21,7,142513.4,19001.79,,Idle,,20,,10,,,20,Go Home,False,False,False,False,False,False,False,False,False,False,False,False,33.8027920380556,-117.4659261431046,3344.6,3344.6,1049.4,396.9,True,1,1,False,False,False,False,,True,False,False,Course Lock,196.8,67,16.4,93,NE,S,2.23,11.4,Calm,False,False,Android,7.0.2,M300 RTK,1ZN7L4R0H1D00F,1W9DL31001461C,1ZMLH8300204F0,1Z6PH74DAP0QN7,"Corona, CA",728.3,5.7,137.7,8.547347,2.013246,0,0,DJI Matrice 300 RTK,M300 RTK,1ZN7L4R0H1D00F,1W9DL31001461C,1ZMLH8300204F0,1Z6PH74DAP0QN7,DJI Pilot,Android,7.0.2,1EF72A62-B7C3-C88D-164E-CE6F8C8424AE,1ZN7L4R0H1D00F,1W9DL31001461C,,1ZMLH8300204F0,1W9DL31001461C,,,,,
2023-11-01,11:32:05.31 AM,7m 43.0s,463.0,33.7983847280736,-117.4756048417339,64.9,137.7,19.3,1329,3830.1,7.303532,7.435933,-5.59235,2.23694,-4.697574,1.342164,0,0.894776,-2.3,-0.1,2.3,-138.8,221.2,219.8,Tripod,Other,,22,5,True,,True,False,,Smart,RC,False,True,False,,,True,,False,False,False,False,False,False,False,False,False,False,0,Follow Yaw,-77.9,0,-146.9,213.1,False,False,False,False,False,,0,0,False,False,No Card,100,100,1024,1407,872,1024,2,False,False,False,False,False,0,False,False,False,False,75,,46.824,,7532,,10044,,46.824,,True,3.901,3.901,3.901,3.901,3.901,3.901,3.901,3.901,3.901,3.901,3.901,3.901,0,,False,False,True,,,,,,,,,,,,,,,False,False,19.292,,100.0,,75.7,,100.0,,1441,101,6,21,7,142513.4,19001.79,,Idle,,20,,10,,,20,Go Home,False,False,False,False,False,False,False,False,False,False,False,False,33.8027920380556,-117.4659261431046,3345.7,3345.7,1049.4,396.9,True,1,1,False,False,False,False,,True,False,False,Course Lock,196.8,67,16.4,93,NE,S,2.23,11.4,Calm,False,False,Android,7.0.2,M300 RTK,1ZN7L4R0H1D00F,1W9DL31001461C,1ZMLH8300204F0,1Z6PH74DAP0QN7,"Corona, CA",728.3,5.7,137.7,8.547347,2.013246,0,0,DJI Matrice 300 RTK,M300 RTK,1ZN7L4R0H1D00F,1W9DL31001461C,1ZMLH8300204F0,1Z6PH74DAP0QN7,DJI Pilot,Android,7.0.2,1EF72A62-B7C3-C88D-164E-CE6F8C8424AE,1ZN7L4R0H1D00F,1W9DL31001461C,,1ZMLH8300204F0,1W9DL31001461C,,,,,
2023-11-01,11:32:05.41 AM,7m 43.1s,463.1,33.79838243279,-117.4756073698172,64.9,137.7,19.3,1329,3831.3,7.303532,7.435933,-5.59235,2.23694,-4.697574,1.342164,0,0.894776,-2.2,0,2.2,-138.8,221.2,222.4,Tripod,Other,,22,5,True,,True,False,,Smart,RC,False,True,False,,,True,,False,False,False,False,False,False,False,False,False,False,0,Follow Yaw,-77.9,0,-146.9,213.1,False,False,False,False,False,,0,0,False,False,No Card,100,100,1024,1406,872,1024,2,False,False,False,False,False,0,False,False,False,False,75,,46.824,,7532,,10044,,46.824,,True,3.901,3.901,3.901,3.901,3.901,3.901,3.901,3.901,3.901,3.901,3.901,3.901,0,,False,False,True,,,,,,,,,,,,,,,False,False,19.292,,100.0,,75.7,,100.0,,1441,101,6,21,7,142513.4,19001.79,,Idle,,20,,10,,,20,Go Home,False,False,False,False,False,False,False,False,False,False,False,False,33.8027920380556,-117.4659261431046,3346.8,3346.8,1049.4,396.9,True,1,1,False,False,False,False,,True,False,False,Course Lock,196.8,67,16.4,93,NE,S,2.23,11.4,Calm,False,False,Android,7.0.2,M300 RTK,1ZN7L4R0H1D00F,1W9DL31001461C,1ZMLH8300204F0,1Z6PH74DAP0QN7,"Corona, CA",728.3,5.7,137.7,8.547347,2.013246,0,0,DJI Matrice 300 RTK,M300 RTK,1ZN7L4R0H1D00F,1W9DL31001461C,1ZMLH8300204F0,1Z6PH74DAP0QN7,DJI Pilot,Android,7.0.2,1EF72A62-B7C3-C88D-164E-CE6F8C8424AE,1ZN7L4R0H1D00F,1W9DL31001461C,,1ZMLH8300204F0,1W9DL31001461C,,,,,
2023-11-01,11:32:05.54 AM,7m 43.2s,463.2,33.7983801007731,-117.4756097462452,64.9,137.7,19.3,1329,3832.4,7.303532,7.435933,-5.59235,2.23694,-4.697574,1.342164,0.223694,0.894776,-2.2,0,2.2,-138.8,221.2,220.2,Tripod,Other,,22,5,True,,True,False,,Smart,RC,False,True,False,,,True,,False,False,False,False,False,False,False,False,False,False,0,Follow Yaw,-77.9,0,-146.9,213.1,False,False,False,False,False,,0,0,False,False,No Card,100,100,1024,1407,868,1024,2,False,False,False,False,False,0,False,False,False,False,75,,46.824,,7532,,10044,,46.824,,True,3.901,3.901,3.901,3.901,3.901,3.901,3.901,3.901,3.901,3.901,3.901,3.901,0,,False,False,True,,,,,,,,,,,,,,,False,False,19.292,,100.0,,75.7,,100.0,,1441,101,6,21,7,142513.4,19001.79,,Idle,,20,,10,,,20,Go Home,False,False,False,False,False,False,False,False,False,False,False,False,33.8027920380556,-117.4659261431046,3347.8,3347.8,1049.4,396.9,True,1,1,False,False,False,False,,True,False,False,Course Lock,196.8,67,16.4,93,NE,S,2.23,11.4,Calm,False,False,Android,7.0.2,M300 RTK,1ZN7L4R0H1D00F,1W9DL31001461C,1ZMLH8300204F0,1Z6PH74DAP0QN7,"Corona, CA",728.3,5.7,137.7,8.547347,2.013246,0,0,DJI Matrice 300 RTK,M300 RTK,1ZN7L4R0H1D00F,1W9DL31001461C,1ZMLH8300204F0,1Z6PH74DAP0QN7,DJI Pilot,Android,7.0.2,1EF72A62-B7C3-C88D-164E-CE6F8C8424AE,1ZN7L4R0H1D00F,1W9DL31001461C,,1ZMLH8300204F0,1W9DL31001461C,,,,,
2023-11-01,11:32:05.64 AM,7m 43.3s,463.3,33.7983779113033,-117.4756117361542,64.9,137.7,19.3,1329,3833.4,7.303532,7.435933,-5.59235,2.23694,-4.697574,1.342164,0.223694,0.894776,-2.2,0,2.2,-138.8,221.2,217.0,Tripod,Other,,22,5,True,,True,False,,Smart,RC,False,True,False,,,True,,False,False,False,False,False,False,False,False,False,False,0,Follow Yaw,-77.9,0,-146.9,213.1,False,False,False,False,False,,0,0,False,False,No Card,100,100,1024,1406,814,1024,2,False,False,False,False,False,0,False,False,False,False,75,,46.824,,7532,,10044,,46.824,,True,3.901,3.901,3.901,3.901,3.901,3.901,3.901,3.901,3.901,3.901,3.901,3.901,0,,False,False,True,,,,,,,,,,,,,,,False,False,19.292,,100.0,,75.7,,100.0,,1439,101,6,21,7,143097.3,19079.65,,Idle,,20,,10,,,20,Go Home,False,False,False,False,False,False,False,False,False,False,False,False,33.8027920380556,-117.4659261431046,3348.7,3348.7,1049.4,396.9,True,1,1,False,False,False,False,,True,False,False,Course Lock,196.8,67,16.4,93,NE,S,2.23,11.4,Calm,False,False,Android,7.0.2,M300 RTK,1ZN7L4R0H1D00F,1W9DL31001461C,1ZMLH8300204F0,1Z6PH74DAP0QN7,"Corona, CA",728.3,5.7,137.7,8.547347,2.013246,0,0,DJI Matrice 300 RTK,M300 RTK,1ZN7L4R0H1D00F,1W9DL31001461C,1ZMLH8300204F0,1Z6PH74DAP0QN7,DJI Pilot,Android,7.0.2,1EF72A62-B7C3-C88D-164E-CE6F8C8424AE,1ZN7L4R0H1D00F,1W9DL31001461C,,1ZMLH8300204F0,1W9DL31001461C,,,,,
2023-11-01,11:32:05.72 AM,7m 43.4s,463.4,33.7983754866307,-117.4756142084079,64.9,137.7,19.6,1329,3834.6,7.303532,7.435933,-5.59235,2.23694,-4.697574,1.342164,0.223694,0.894776,-2.3,-0.1,2.3,-138.8,221.2,220.2,Tripod,Other,,23,5,True,,True,False,,Smart,RC,False,True,False,,,True,,False,False,False,False,False,False,False,False,False,False,0,Follow Yaw,-77.9,0,-146.9,213.1,False,False,False,False,False,,0,0,False,False,No Card,100,100,1024,1406,694,1024,2,False,False,False,False,False,0,False,False,False,False,75,,46.824,,7532,,10044,,46.824,,True,3.901,3.901,3.901,3.901,3.901,3.901,3.901,3.901,3.901,3.901,3.901,3.901,0,,False,False,True,,,,,,,,,,,,,,,False,False,19.292,,100.0,,75.7,,100.0,,1439,101,6,21,7,143097.3,19079.65,,Idle,,20,,10,,,20,Go Home,False,False,False,False,False,False,False,False,False,False,False,False,33.8027920380556,-117.4659261431046,3349.8,3349.8,1049.4,396.9,True,1,1,False,False,False,False,,True,False,False,Course Lock,196.8,67,16.4,93,NE,S,2.23,11.4,Calm,False,False,Android,7.0.2,M300 RTK,1ZN7L4R0H1D00F,1W9DL31001461C,1ZMLH8300204F0,1Z6PH74DAP0QN7,"Corona, CA",728.3,5.7,137.7,8.547347,2.013246,0,0,DJI Matrice 300 RTK,M300 RTK,1ZN7L4R0H1D00F,1W9DL31001461C,1ZMLH8300204F0,1Z6PH74DAP0QN7,DJI Pilot,Android,7.0.2,1EF72A62-B7C3-C88D-164E-CE6F8C8424AE,1ZN7L4R0H1D00F,1W9DL31001461C,,1ZMLH8300204F0,1W9DL31001461C,,,,,
2023-11-01,11:32:05.82 AM,7m 43.5s,463.5,33.7983733563728,-117.4756164964322,64.9,137.7,19.3,1329,3835.6,7.303532,7.435933,-5.59235,2.23694,-4.697574,1.342164,0.223694,0.894776,-2.3,-0.2,2.3,-138.8,221.2,221.7,Tripod,Other,,23,5,True,,True,False,,Smart,RC,False,True,False,,,True,,False,False,False,False,False,False,False,False,False,False,0,Follow Yaw,-77.9,0,-146.9,213.1,False,False,False,False,False,,0,0,False,False,No Card,100,100,1024,1409,643,1024,2,False,False,False,False,False,0,False,False,False,False,75,,46.824,,7532,,10044,,46.824,,True,3.901,3.901,3.901,3.901,3.901,3.901,3.901,3.901,3.901,3.901,3.901,3.901,0,,False,False,True,,,,,,,,,,,,,,,False,False,19.292,,100.0,,75.7,,100.0,,1439,101,6,21,7,143097.3,19079.65,,Idle,,20,,10,,,20,Go Home,False,False,False,False,False,False,False,False,False,False,False,False,33.8027920380556,-117.4659261431046,3350.8,3350.8,1049.4,396.9,True,1,1,False,False,False,False,,True,False,False,Course Lock,196.8,67,16.4,93,NE,S,2.23,11.4,Calm,False,False,Android,7.0.2,M300 RTK,1ZN7L4R0H1D00F,1W9DL31001461C,1ZMLH8300204F0,1Z6PH74DAP0QN7,"Corona, CA",728.3,5.7,137.7,8.547347,2.013246,0,0,DJI Matrice 300 RTK,M300 RTK,1ZN7L4R0H1D00F,1W9DL31001461C,1ZMLH8300204F0,1Z6PH74DAP0QN7,DJI Pilot,Android,7.0.2,1EF72A62-B7C3-C88D-164E-CE6F8C8424AE,1ZN7L4R0H1D00F,1W9DL31001461C,,1ZMLH8300204F0,1W9DL31001461C,,,,,
2023-11-01,11:32:05.94 AM,7m 43.6s,463.6,33.7983710539619,-117.475618860985,64.6,137.7,19.6,1328,3836.7,7.133699,7.435933,-5.368656,2.23694,-4.697574,1.342164,0.223694,0.894776,-2.4,-0.2,2.4,-138.8,221.2,220.4,Tripod,Other,,23,5,True,,True,False,,Smart,RC,False,True,False,,,True,,False,False,False,False,False,False,False,False,False,False,0,Follow Yaw,-77.9,0,-146.9,213.1,False,False,False,False,False,,0,0,False,False,No Card,100,100,1024,1410,660,1024,2,False,False,False,False,False,0,False,False,False,False,75,,46.824,,7532,,10044,,46.824,,True,3.901,3.901,3.901,3.901,3.901,3.901,3.901,3.901,3.901,3.901,3.901,3.901,0,,False,False,True,,,,,,,,,,,,,,,False,False,19.292,,100.0,,75.7,,100.0,,1439,101,6,21,7,143097.3,19079.65,,Idle,,20,,10,,,20,Go Home,False,False,False,False,False,False,False,False,False,False,False,False,33.8027920380556,-117.4659261431046,3351.8,3351.8,1049.4,396.9,True,1,1,False,False,False,False,,True,False,False,Course Lock,196.8,67,16.4,93,NE,S,2.23,11.4,Calm,False,False,Android,7.0.2,M300 RTK,1ZN7L4R0H1D00F,1W9DL31001461C,1ZMLH8300204F0,1Z6PH74DAP0QN7,"Corona, CA",728.3,5.7,137.7,8.547347,2.013246,0,0,DJI Matrice 300 RTK,M300 RTK,1ZN7L4R0H1D00F,1W9DL31001461C,1ZMLH8300204F0,1Z6PH74DAP0QN7,DJI Pilot,Android,7.0.2,1EF72A62-B7C3-C88D-164E-CE6F8C8424AE,1ZN7L4R0H1D00F,1W9DL31001461C,,1ZMLH8300204F0,1W9DL31001461C,,,,,
2023-11-01,11:32:06.03 AM,7m 43.7s,463.7,33.7983686802773,-117.4756215034489,64.6,137.7,19.6,1328,3837.9,7.282948,7.435933,-5.368656,2.23694,-4.921268,1.342164,0.447388,0.894776,-2.3,-0.2,2.3,-138.9,221.1,222.7,Tripod,Other,,23,5,True,,True,False,,Smart,RC,False,True,False,,,True,,False,False,False,False,False,False,False,False,False,False,0,Follow Yaw,-77.9,0,-146.9,213.1,False,False,False,False,False,,0,0,False,False,No Card,100,100,1024,1409,667,1024,2,False,False,False,False,False,0,False,False,False,False,75,,46.824,,7532,,10044,,46.824,,True,3.901,3.901,3.901,3.901,3.901,3.901,3.901,3.901,3.901,3.901,3.901,3.901,0,,False,False,True,,,,,,,,,,,,,,,False,False,19.292,,100.0,,75.7,,100.0,,1439,101,6,21,7,143097.3,19079.65,,Idle,,20,,10,,,20,Go Home,False,False,False,False,False,False,False,False,False,False,False,False,33.8027920380556,-117.4659261431046,3353.0,3353.0,1049.4,396.9,True,1,1,False,False,False,False,,True,False,False,Course Lock,196.8,67,16.4,93,NE,S,2.23,11.4,Calm,False,False,Android,7.0.2,M300 RTK,1ZN7L4R0H1D00F,1W9DL31001461C,1ZMLH8300204F0,1Z6PH74DAP0QN7,"Corona, CA",728.3,5.7,137.7,8.547347,2.013246,0,0,DJI Matrice 300 RTK,M300 RTK,1ZN7L4R0H1D00F,1W9DL31001461C,1ZMLH8300204F0,1Z6PH74DAP0QN7,DJI Pilot,Android,7.0.2,1EF72A62-B7C3-C88D-164E-CE6F8C8424AE,1ZN7L4R0H1D00F,1W9DL31001461C,,1ZMLH8300204F0,1W9DL31001461C,,,,,
2023-11-01,11:32:06.13 AM,7m 43.8s,463.8,33.7983664990314,-117.4756237691248,64.6,137.7,19.6,1328,3838.9,7.282948,7.435933,-5.368656,2.23694,-4.921268,1.342164,0.671082,0.894776,-2.2,-0.2,2.2,-139,221,220.7,Tripod,Other,,23,5,True,,True,False,,Smart,RC,False,True,False,,,True,,False,False,False,False,False,False,False,False,False,False,0,Follow Yaw,-77.9,0,-146.9,213.1,False,False,False,False,False,,0,0,False,False,No Card,100,100,1024,1410,671,1024,2,False,False,False,False,False,0,False,False,False,False,75,,46.824,,7532,,10044,,46.824,,True,3.901,3.901,3.901,3.901,3.901,3.901,3.901,3.901,3.901,3.901,3.901,3.901,0,,False,False,True,,,,,,,,,,,,,,,False,False,19.292,,100.0,,75.7,,100.0,,1439,101,6,21,7,143097.3,19079.65,,Idle,,20,,10,,,20,Go Home,False,False,False,False,False,False,False,False,False,False,False,False,33.8027920380556,-117.4659261431046,3353.9,3353.9,1049.4,396.9,True,1,1,False,False,False,False,,True,False,False,Course Lock,196.8,67,16.4,93,NE,S,2.23,11.4,Calm,False,False,Android,7.0.2,M300 RTK,1ZN7L4R0H1D00F,1W9DL31001461C,1ZMLH8300204F0,1Z6PH74DAP0QN7,"Corona, CA",728.3,5.7,137.7,8.547347,2.013246,0,0,DJI Matrice 300 RTK,M300 RTK,1ZN7L4R0H1D00F,1W9DL31001461C,1ZMLH8300204F0,1Z6PH74DAP0QN7,DJI Pilot,Android,7.0.2,1EF72A62-B7C3-C88D-164E-CE6F8C8424AE,1ZN7L4R0H1D00F,1W9DL31001461C,,1ZMLH8300204F0,1W9DL31001461C,,,,,
2023-11-01,11:32:06.23 AM,7m 43.9s,463.9,33.7983642744731,-117.4756260198744,64.6,137.7,19.3,1328,3840.0,7.282948,7.435933,-5.368656,2.23694,-4.921268,1.342164,0.671082,0.894776,-2.1,-0.4,2.1,-139,221,220.0,Tripod,Other,,23,5,True,,True,False,,Smart,RC,False,True,False,,,True,,False,False,False,False,False,False,False,False,False,False,0,Follow Yaw,-77.9,0,-146.9,213.1,False,False,False,False,False,,0,0,False,False,No Card,100,100,1024,1409,677,1024,2,False,False,False,False,False,0,False,False,False,False,75,,46.824,,7532,,10044,,46.824,,True,3.901,3.901,3.901,3.901,3.901,3.901,3.901,3.901,3.901,3.901,3.901,3.901,0,,False,False,True,,,,,,,,,,,,,,,False,False,19.292,,100.0,,75.7,,100.0,,1439,101,6,21,7,143097.3,19079.65,,Idle,,20,,10,,,20,Go Home,False,False,False,False,False,False,False,False,False,False,False,False,33.8027920380556,-117.4659261431046,3354.9,3354.9,1049.4,396.9,True,1,1,False,False,False,False,,True,False,False,Course Lock,196.8,67,16.4,93,NE,S,2.23,11.4,Calm,False,False,Android,7.0.2,M300 RTK,1ZN7L4R0H1D00F,1W9DL31001461C,1ZMLH8300204F0,1Z6PH74DAP0QN7,"Corona, CA",728.3,5.7,137.7,8.547347,2.013246,0,0,DJI Matrice 300 RTK,M300 RTK,1ZN7L4R0H1D00F,1W9DL31001461C,1ZMLH8300204F0,1Z6PH74DAP0QN7,DJI Pilot,Android,7.0.2,1EF72A62-B7C3-C88D-164E-CE6F8C8424AE,1ZN7L4R0H1D00F,1W9DL31001461C,,1ZMLH8300204F0,1W9DL31001461C,,,,,
2023-11-01,11:32:06.34 AM,7m 44.0s,464.0,33.7983621083043,-117.4756282658408,64.3,137.7,19.3,1328,3841.0,7.282948,7.435933,-5.368656,2.23694,-4.921268,1.342164,0.671082,0.894776,-2,-0.5,2,-138.9,221.1,220.7,Tripod,Other,,23,5,True,,True,False,,Smart,RC,False,True,False,,,True,,False,False,False,False,False,False,False,False,False,False,0,Follow Yaw,-77.9,0,-146.9,213.1,False,False,False,False,False,,0,0,False,False,No Card,100,100,1024,1411,676,1024,2,False,False,False,False,False,0,False,False,False,False,75,,46.824,,7532,,10044,,46.824,,True,3.901,3.901,3.901,3.901,3.901,3.901,3.901,3.901,3.901,3.901,3.901,3.901,0,,False,False,True,,,,,,,,,,,,,,,False,False,18.96,,99.8,,75.7,,100.0,,1439,101,6,21,7,143097.3,19079.65,,Idle,,20,,10,,,20,Go Home,False,False,False,False,False,False,False,False,False,False,False,False,33.8027920380556,-117.4659261431046,3355.9,3355.9,1049.4,396.9,True,1,1,False,False,False,False,,True,False,False,Course Lock,196.8,67,16.4,93,NE,S,2.23,11.4,Calm,False,False,Android,7.0.2,M300 RTK,1ZN7L4R0H1D00F,1W9DL31001461C,1ZMLH8300204F0,1Z6PH74DAP0QN7,"Corona, CA",728.3,5.7,137.7,8.547347,2.013246,0,0,DJI Matrice 300 RTK,M300 RTK,1ZN7L4R0H1D00F,1W9DL31001461C,1ZMLH8300204F0,1Z6PH74DAP0QN7,DJI Pilot,Android,7.0.2,1EF72A62-B7C3-C88D-164E-CE6F8C8424AE,1ZN7L4R0H1D00F,1W9DL31001461C,,1ZMLH8300204F0,1W9DL31001461C,,,,,
2023-11-01,11:32:06.44 AM,7m 44.1s,464.1,33.7983598217928,-117.4756308554439,64.3,137.7,19.3,1328,3842.2,7.282948,7.435933,-5.368656,2.23694,-4.921268,1.342164,0.894776,0.894776,-2.1,-0.4,2.1,-138.9,221.1,223.2,Tripod,Other,,23,5,True,,True,False,,Smart,RC,False,True,False,,,True,,False,False,False,False,False,False,False,False,False,False,0,Follow Yaw,-77.9,0,-146.9,213.1,False,False,False,False,False,,0,0,False,False,No Card,100,100,1024,1410,678,1024,2,False,False,False,False,False,0,False,False,False,False,75,,46.824,,7532,,10044,,46.824,,True,3.901,3.901,3.901,3.901,3.901,3.901,3.901,3.901,3.901,3.901,3.901,3.901,0,,False,False,True,,,,,,,,,,,,,,,False,False,18.96,,99.8,,75.7,,100.0,,1439,101,6,21,7,143097.3,19079.65,,Idle,,20,,10,,,20,Go Home,False,False,False,False,False,False,False,False,False,False,False,False,33.8027920380556,-117.4659261431046,3357.0,3357.0,1049.4,396.9,True,1,1,False,False,False,False,,True,False,False,Course Lock,196.8,67,16.4,93,NE,S,2.23,11.4,Calm,False,False,Android,7.0.2,M300 RTK,1ZN7L4R0H1D00F,1W9DL31001461C,1ZMLH8300204F0,1Z6PH74DAP0QN7,"Corona, CA",728.3,5.7,137.7,8.547347,2.013246,0,0,DJI Matrice 300 RTK,M300 RTK,1ZN7L4R0H1D00F,1W9DL31001461C,1ZMLH8300204F0,1Z6PH74DAP0QN7,DJI Pilot,Android,7.0.2,1EF72A62-B7C3-C88D-164E-CE6F8C8424AE,1ZN7L4R0H1D00F,1W9DL31001461C,,1ZMLH8300204F0,1W9DL31001461C,,,,,
2023-11-01,11:32:06.54 AM,7m 44.2s,464.2,33.7983576654927,-117.4756330990188,63.9,137.7,19.3,1328,3843.2,7.282948,7.435933,-5.368656,2.23694,-4.921268,1.342164,0.894776,0.894776,-2.3,-0.2,2.3,-138.8,221.2,220.8,Tripod,Other,,23,5,True,,True,False,,Smart,RC,False,True,False,,,True,,False,False,False,False,False,False,False,False,False,False,0,Follow Yaw,-77.9,0,-146.9,213.1,False,False,False,False,False,,0,0,False,False,No Card,100,100,1024,1410,677,1024,2,False,False,False,False,False,0,False,False,False,False,75,,46.824,,7532,,10044,,46.824,,True,3.901,3.901,3.901,3.901,3.901,3.901,3.901,3.901,3.901,3.901,3.901,3.901,0,,False,False,True,,,,,,,,,,,,,,,False,False,18.96,,99.8,,75.7,,100.0,,1439,101,6,21,7,143097.3,19079.65,,Idle,,20,,10,,,20,Go Home,False,False,False,False,False,False,False,False,False,False,False,False,33.8027920380556,-117.4659261431046,3358.0,3358.0,1049.4,396.9,True,1,1,False,False,False,False,,True,False,False,Course Lock,196.8,67,16.4,93,NE,S,2.23,11.4,Calm,False,False,Android,7.0.2,M300 RTK,1ZN7L4R0H1D00F,1W9DL31001461C,1ZMLH8300204F0,1Z6PH74DAP0QN7,"Corona, CA",728.3,5.7,137.7,8.547347,2.013246,0,0,DJI Matrice 300 RTK,M300 RTK,1ZN7L4R0H1D00F,1W9DL31001461C,1ZMLH8300204F0,1Z6PH74DAP0QN7,DJI Pilot,Android,7.0.2,1EF72A62-B7C3-C88D-164E-CE6F8C8424AE,1ZN7L4R0H1D00F,1W9DL31001461C,,1ZMLH8300204F0,1W9DL31001461C,,,,,
2023-11-01,11:32:06.64 AM,7m 44.3s,464.3,33.7983553082559,-117.4756355302869,63.9,137.7,19.3,1328,3844.3,7.282948,7.435933,-5.368656,2.23694,-4.921268,1.342164,0.894776,0.894776,-2.5,-0.3,2.5,-138.8,221.2,220.5,Tripod,Other,,23,5,True,,True,False,,Smart,RC,False,True,False,,,True,,False,False,False,False,False,False,False,False,False,False,0,Follow Yaw,-77.9,0,-146.9,213.1,False,False,False,False,False,,0,0,False,False,No Card,100,100,1024,1407,677,1024,2,False,False,False,False,False,0,False,False,False,False,75,,46.824,,7532,,10044,,46.824,,True,3.898,3.898,3.898,3.898,3.898,3.898,3.898,3.898,3.898,3.898,3.898,3.898,0,,False,False,True,,,,,,,,,,,,,,,False,False,18.96,,99.8,,75.7,,100.0,,1437,101,6,21,7,143567.8,19142.38,,Idle,,20,,10,,,20,Go Home,False,False,False,False,False,False,False,False,False,False,False,False,33.8027920380556,-117.4659261431046,3359.0,3359.0,1049.4,396.9,True,1,1,False,False,False,False,,True,False,False,Course Lock,196.8,67,16.4,93,NE,S,2.23,11.4,Calm,False,False,Android,7.0.2,M300 RTK,1ZN7L4R0H1D00F,1W9DL31001461C,1ZMLH8300204F0,1Z6PH74DAP0QN7,"Corona, CA",728.3,5.7,137.7,8.547347,2.013246,0,0,DJI Matrice 300 RTK,M300 RTK,1ZN7L4R0H1D00F,1W9DL31001461C,1ZMLH8300204F0,1Z6PH74DAP0QN7,DJI Pilot,Android,7.0.2,1EF72A62-B7C3-C88D-164E-CE6F8C8424AE,1ZN7L4R0H1D00F,1W9DL31001461C,,1ZMLH8300204F0,1W9DL31001461C,,,,,
2023-11-01,11:32:06.75 AM,7m 44.4s,464.4,33.798352914834,-117.4756380182916,63.9,137.7,19.3,1328,3845.5,7.282948,7.435933,-5.368656,2.23694,-4.921268,1.342164,0.894776,0.894776,-2.8,-0.3,2.8,-138.8,221.2,220.8,Tripod,Other,,22,5,True,,True,False,,Smart,RC,False,True,False,,,True,,False,False,False,False,False,False,False,False,False,False,0,Follow Yaw,-77.9,0,-146.9,213.1,False,False,False,False,False,,0,0,False,False,No Card,100,100,1024,1407,683,1024,2,False,False,False,False,False,0,False,False,False,False,75,,46.824,,7532,,10044,,46.824,,True,3.898,3.898,3.898,3.898,3.898,3.898,3.898,3.898,3.898,3.898,3.898,3.898,0,,False,False,True,,,,,,,,,,,,,,,False,False,18.96,,99.8,,75.7,,100.0,,1437,101,6,21,7,143567.8,19142.38,,Idle,,20,,10,,,20,Go Home,False,False,False,False,False,False,False,False,False,False,False,False,33.8027920380556,-117.4659261431046,3360.1,3360.1,1049.4,396.9,True,1,1,False,False,False,False,,True,False,False,Course Lock,196.8,67,16.4,93,NE,S,2.23,11.4,Calm,False,False,Android,7.0.2,M300 RTK,1ZN7L4R0H1D00F,1W9DL31001461C,1ZMLH8300204F0,1Z6PH74DAP0QN7,"Corona, CA",728.3,5.7,137.7,8.547347,2.013246,0,0,DJI Matrice 300 RTK,M300 RTK,1ZN7L4R0H1D00F,1W9DL31001461C,1ZMLH8300204F0,1Z6PH74DAP0QN7,DJI Pilot,Android,7.0.2,1EF72A62-B7C3-C88D-164E-CE6F8C8424AE,1ZN7L4R0H1D00F,1W9DL31001461C,,1ZMLH8300204F0,1W9DL31001461C,,,,,
2023-11-01,11:32:06.85 AM,7m 44.5s,464.5,33.7983506669747,-117.475640206037,63.6,137.7,19.0,1327,3846.6,7.282948,7.435933,-5.368656,2.23694,-4.921268,1.342164,0.894776,0.894776,-2.8,-0.3,2.8,-138.7,221.3,218.9,Tripod,Other,,22,5,True,,True,False,,Smart,RC,False,True,False,,,True,,False,False,False,False,False,False,False,False,False,False,0,Follow Yaw,-77.9,0,-146.9,213.1,False,False,False,False,False,,0,0,False,False,No Card,100,100,1024,1407,683,1024,2,False,False,False,False,False,0,False,False,False,False,75,,46.824,,7532,,10044,,46.824,,True,3.898,3.898,3.898,3.898,3.898,3.898,3.898,3.898,3.898,3.898,3.898,3.898,0,,False,False,True,,,,,,,,,,,,,,,False,False,18.96,,99.8,,75.7,,100.0,,1437,101,6,21,7,143567.8,19142.38,,Idle,,20,,10,,,20,Go Home,False,False,False,False,False,False,False,False,False,False,False,False,33.8027920380556,-117.4659261431046,3361.1,3361.1,1049.4,396.9,True,1,1,False,False,False,False,,True,False,False,Course Lock,196.8,67,16.4,93,NE,S,2.23,11.4,Calm,False,False,Android,7.0.2,M300 RTK,1ZN7L4R0H1D00F,1W9DL31001461C,1ZMLH8300204F0,1Z6PH74DAP0QN7,"Corona, CA",728.3,5.7,137.7,8.547347,2.013246,0,0,DJI Matrice 300 RTK,M300 RTK,1ZN7L4R0H1D00F,1W9DL31001461C,1ZMLH8300204F0,1Z6PH74DAP0QN7,DJI Pilot,Android,7.0.2,1EF72A62-B7C3-C88D-164E-CE6F8C8424AE,1ZN7L4R0H1D00F,1W9DL31001461C,,1ZMLH8300204F0,1W9DL31001461C,,,,,
2023-11-01,11:32:06.95 AM,7m 44.6s,464.6,33.7983483684015,-117.4756425777644,63.6,137.7,19.0,1327,3847.7,7.449379,7.449379,-5.59235,2.23694,-4.921268,1.342164,0.894776,0.894776,-2.7,-0.3,2.7,-138.7,221.3,220.6,Tripod,Other,,22,5,True,,True,False,,Smart,RC,False,True,False,,,True,,False,False,False,False,False,False,False,False,False,False,0,Follow Yaw,-77.9,0,-146.9,213.1,False,False,False,False,False,,0,0,False,False,No Card,100,100,1024,1407,698,985,2,False,False,False,False,False,0,False,False,False,False,75,,46.824,,7532,,10044,,46.824,,True,3.898,3.898,3.898,3.898,3.898,3.898,3.898,3.898,3.898,3.898,3.898,3.898,0,,False,False,True,,,,,,,,,,,,,,,False,False,18.96,,99.8,,75.7,,100.0,,1437,101,6,21,7,143567.8,19142.38,,Idle,,20,,10,,,20,Go Home,False,False,False,False,False,False,False,False,False,False,False,False,33.8027920380556,-117.4659261431046,3362.1,3362.1,1049.4,396.9,True,1,1,False,False,False,False,,True,False,False,Course Lock,196.8,67,16.4,93,NE,S,2.23,11.4,Calm,False,False,Android,7.0.2,M300 RTK,1ZN7L4R0H1D00F,1W9DL31001461C,1ZMLH8300204F0,1Z6PH74DAP0QN7,"Corona, CA",728.3,5.7,137.7,8.547347,2.013246,0,0,DJI Matrice 300 RTK,M300 RTK,1ZN7L4R0H1D00F,1W9DL31001461C,1ZMLH8300204F0,1Z6PH74DAP0QN7,DJI Pilot,Android,7.0.2,1EF72A62-B7C3-C88D-164E-CE6F8C8424AE,1ZN7L4R0H1D00F,1W9DL31001461C,,1ZMLH8300204F0,1W9DL31001461C,,,,,
2023-11-01,11:32:07.04 AM,7m 44.7s,464.7,33.7983457112674,-117.475645230784,63.3,137.7,19.0,1327,3848.9,7.449379,7.449379,-5.59235,2.23694,-4.921268,1.342164,0.894776,0.894776,-2.6,-0.1,2.6,-138.7,221.3,219.6,Tripod,Other,,22,5,True,,True,False,,Smart,RC,False,True,False,,,True,,False,False,False,False,False,False,False,False,False,False,0,Follow Yaw,-77.9,0,-146.9,213.1,False,False,False,False,False,,0,0,False,False,No Card,100,100,1024,1408,700,961,2,False,False,False,False,False,0,False,False,False,False,75,,46.824,,3739,,4986,,46.824,,True,3.898,3.898,3.898,3.898,3.898,3.898,3.898,3.898,3.898,3.898,3.898,3.898,0,,False,False,True,,,,,,,,,,,,,,,False,False,8.97,,100.0,,75.7,,100.0,,1437,101,6,21,7,143567.8,19142.38,,Idle,,20,,10,,,20,Go Home,False,False,False,False,False,False,False,False,False,False,False,False,33.8027920380556,-117.4659261431046,3363.3,3363.3,1049.4,396.9,True,1,1,False,False,False,False,,True,False,False,Course Lock,196.8,67,16.4,93,NE,S,2.23,11.4,Calm,False,False,Android,7.0.2,M300 RTK,1ZN7L4R0H1D00F,1W9DL31001461C,1ZMLH8300204F0,1Z6PH74DAP0QN7,"Corona, CA",728.3,5.7,137.7,8.547347,2.013246,0,0,DJI Matrice 300 RTK,M300 RTK,1ZN7L4R0H1D00F,1W9DL31001461C,1ZMLH8300204F0,1Z6PH74DAP0QN7,DJI Pilot,Android,7.0.2,1EF72A62-B7C3-C88D-164E-CE6F8C8424AE,1ZN7L4R0H1D00F,1W9DL31001461C,,1ZMLH8300204F0,1W9DL31001461C,,,,,
2023-11-01,11:32:07.15 AM,7m 44.8s,464.8,33.7983434979484,-117.4756475109739,63.3,137.7,19.0,1327,3850.0,7.282948,7.449379,-5.368656,2.23694,-4.921268,1.342164,0.894776,0.894776,-2.4,-0.1,2.4,-138.7,221.3,220.5,Tripod,Other,,23,5,True,,True,False,,Smart,RC,False,True,False,,,True,,False,False,False,False,False,False,False,False,False,False,0,Follow Yaw,-77.9,0,-147,213,False,False,False,False,False,,0,0,False,False,No Card,100,100,1024,1409,711,918,2,False,False,False,False,False,0,False,False,False,False,75,,46.824,,3739,,4986,,46.824,,True,3.898,3.898,3.898,3.898,3.898,3.898,3.898,3.898,3.898,3.898,3.898,3.898,0,,False,False,True,,,,,,,,,,,,,,,False,False,8.97,,100.0,,75.7,,100.0,,1437,101,6,21,7,143567.8,19142.38,,Idle,,20,,10,,,20,Go Home,False,False,False,False,False,False,False,False,False,False,False,False,33.8027920380556,-117.4659261431046,3364.3,3364.3,1049.4,396.9,True,1,1,False,False,False,False,,True,False,False,Course Lock,196.8,67,16.4,93,NE,S,2.23,11.4,Calm,False,False,Android,7.0.2,M300 RTK,1ZN7L4R0H1D00F,1W9DL31001461C,1ZMLH8300204F0,1Z6PH74DAP0QN7,"Corona, CA",728.3,5.7,137.7,8.547347,2.013246,0,0,DJI Matrice 300 RTK,M300 RTK,1ZN7L4R0H1D00F,1W9DL31001461C,1ZMLH8300204F0,1Z6PH74DAP0QN7,DJI Pilot,Android,7.0.2,1EF72A62-B7C3-C88D-164E-CE6F8C8424AE,1ZN7L4R0H1D00F,1W9DL31001461C,,1ZMLH8300204F0,1W9DL31001461C,,,,,
2023-11-01,11:32:07.26 AM,7m 44.9s,464.9,33.7983412599577,-117.475649933583,62.9,137.7,18.7,1327,3851.1,7.282948,7.449379,-5.368656,2.23694,-4.921268,1.342164,0.671082,0.894776,-2.2,-0.4,2.2,-138.7,221.3,221.9,Tripod,Other,,23,5,True,,True,False,,Smart,RC,False,True,False,,,True,,False,False,False,False,False,False,False,False,False,False,0,Follow Yaw,-77.9,0,-147.1,212.9,False,False,False,False,False,,0,0,False,False,No Card,100,100,1024,1409,748,844,2,False,False,False,False,False,0,False,False,False,False,75,,46.824,,3739,,4986,,46.824,,True,3.898,3.898,3.898,3.898,3.898,3.898,3.898,3.898,3.898,3.898,3.898,3.898,0,,False,False,True,,,,,,,,,,,,,,,False,False,8.97,,100.0,,75.7,,100.0,,1437,101,6,21,7,143567.8,19142.38,,Idle,,20,,10,,,20,Go Home,False,False,False,False,False,False,False,False,False,False,False,False,33.8027920380556,-117.4659261431046,3365.3,3365.3,1049.4,396.9,True,1,1,False,False,False,False,,True,False,False,Course Lock,196.8,67,16.4,93,NE,S,2.23,11.4,Calm,False,False,Android,7.0.2,M300 RTK,1ZN7L4R0H1D00F,1W9DL31001461C,1ZMLH8300204F0,1Z6PH74DAP0QN7,"Corona, CA",728.3,5.7,137.7,8.547347,2.013246,0,0,DJI Matrice 300 RTK,M300 RTK,1ZN7L4R0H1D00F,1W9DL31001461C,1ZMLH8300204F0,1Z6PH74DAP0QN7,DJI Pilot,Android,7.0.2,1EF72A62-B7C3-C88D-164E-CE6F8C8424AE,1ZN7L4R0H1D00F,1W9DL31001461C,,1ZMLH8300204F0,1W9DL31001461C,,,,,
2023-11-01,11:32:07.36 AM,7m 45.0s,465.0,33.7983389452109,-117.4756523328541,62.9,137.7,18.7,1327,3852.2,7.282948,7.449379,-5.368656,2.23694,-4.921268,1.342164,0.671082,0.894776,-2.2,-1,2.4,-138.8,221.2,220.7,Tripod,Other,,23,5,True,,True,False,,Smart,RC,False,True,False,,,True,,False,False,False,False,False,False,False,False,False,False,0,Follow Yaw,-77.9,0,-147.4,212.6,False,False,False,False,False,,0,0,False,False,No Card,100,100,1024,1410,751,836,2,False,False,False,False,False,0,False,False,False,False,75,,46.824,,7532,,10044,,46.824,,True,3.898,3.898,3.898,3.898,3.898,3.898,3.898,3.898,3.898,3.898,3.898,3.898,0,,False,False,True,,,,,,,,,,,,,,,False,False,17.918,,100.0,,75.7,,100.0,,1437,101,6,21,7,143567.8,19142.38,,Idle,,20,,10,,,20,Go Home,False,False,False,False,False,False,False,False,False,False,False,False,33.8027920380556,-117.4659261431046,3366.4,3366.4,1049.4,396.9,True,1,1,False,False,False,False,,True,False,False,Course Lock,196.8,67,16.4,93,NE,S,2.23,11.4,Calm,False,False,Android,7.0.2,M300 RTK,1ZN7L4R0H1D00F,1W9DL31001461C,1ZMLH8300204F0,1Z6PH74DAP0QN7,"Corona, CA",728.3,5.7,137.7,8.547347,2.013246,0,0,DJI Matrice 300 RTK,M300 RTK,1ZN7L4R0H1D00F,1W9DL31001461C,1ZMLH8300204F0,1Z6PH74DAP0QN7,DJI Pilot,Android,7.0.2,1EF72A62-B7C3-C88D-164E-CE6F8C8424AE,1ZN7L4R0H1D00F,1W9DL31001461C,,1ZMLH8300204F0,1W9DL31001461C,,,,,
2023-11-01,11:32:07.46 AM,7m 45.1s,465.1,33.7983365945532,-117.4756545185378,62.9,137.7,18.7,1327,3853.3,7.133699,7.449379,-5.368656,2.23694,-4.697574,1.342164,0.671082,0.894776,-2.2,-1.8,2.8,-139,221,217.6,Tripod,Other,,23,5,True,,True,False,,Smart,RC,False,True,False,,,True,,False,False,False,False,False,False,False,False,False,False,0,Follow Yaw,-77.9,0,-147.8,212.2,False,False,False,False,False,,0,0,False,False,No Card,100,100,1024,1408,725,983,2,False,False,False,False,False,0,False,False,False,False,75,,46.824,,7532,,10044,,46.824,,True,3.898,3.898,3.898,3.898,3.898,3.898,3.898,3.898,3.898,3.898,3.898,3.898,0,,False,False,True,,,,,,,,,,,,,,,False,False,17.918,,100.0,,75.7,,100.0,,1437,101,6,21,7,143567.8,19142.38,,Idle,,20,,10,,,20,Go Home,False,False,False,False,False,False,False,False,False,False,False,False,33.8027920380556,-117.4659261431046,3367.4,3367.4,1049.4,396.9,True,1,1,False,False,False,False,,True,False,False,Course Lock,196.8,67,16.4,93,NE,S,2.23,11.4,Calm,False,False,Android,7.0.2,M300 RTK,1ZN7L4R0H1D00F,1W9DL31001461C,1ZMLH8300204F0,1Z6PH74DAP0QN7,"Corona, CA",728.3,5.7,137.7,8.547347,2.013246,0,0,DJI Matrice 300 RTK,M300 RTK,1ZN7L4R0H1D00F,1W9DL31001461C,1ZMLH8300204F0,1Z6PH74DAP0QN7,DJI Pilot,Android,7.0.2,1EF72A62-B7C3-C88D-164E-CE6F8C8424AE,1ZN7L4R0H1D00F,1W9DL31001461C,,1ZMLH8300204F0,1W9DL31001461C,,,,,
2023-11-01,11:32:07.56 AM,7m 45.2s,465.2,33.7983342395094,-117.4756568868016,62.6,137.7,18.7,1326,3854.4,7.303532,7.449379,-5.59235,2.23694,-4.697574,1.342164,0.671082,0.894776,-2.2,-2.2,3.1,-139.2,220.8,219.8,Tripod,Other,,23,5,True,,True,False,,Smart,RC,False,True,False,,,True,,False,False,False,False,False,False,False,False,False,False,0,Follow Yaw,-77.9,0,-148,212,False,False,False,False,False,,0,0,False,False,No Card,100,100,1024,1407,742,965,2,False,False,False,False,False,0,False,False,False,False,75,,46.824,,7532,,10044,,46.824,,True,3.898,3.898,3.898,3.898,3.898,3.898,3.898,3.898,3.898,3.898,3.898,3.898,0,,False,False,True,,,,,,,,,,,,,,,False,False,17.918,,100.0,,75.7,,100.0,,1437,101,6,21,7,143567.8,19142.38,,Idle,,20,,10,,,20,Go Home,False,False,False,False,False,False,False,False,False,False,False,False,33.8027920380556,-117.4659261431046,3368.4,3368.4,1049.4,396.9,True,1,1,False,False,False,False,,True,False,False,Course Lock,196.8,67,16.4,93,NE,S,2.23,11.4,Calm,False,False,Android,7.0.2,M300 RTK,1ZN7L4R0H1D00F,1W9DL31001461C,1ZMLH8300204F0,1Z6PH74DAP0QN7,"Corona, CA",728.3,5.7,137.7,8.547347,2.013246,0,0,DJI Matrice 300 RTK,M300 RTK,1ZN7L4R0H1D00F,1W9DL31001461C,1ZMLH8300204F0,1Z6PH74DAP0QN7,DJI Pilot,Android,7.0.2,1EF72A62-B7C3-C88D-164E-CE6F8C8424AE,1ZN7L4R0H1D00F,1W9DL31001461C,,1ZMLH8300204F0,1W9DL31001461C,,,,,
2023-11-01,11:32:07.67 AM,7m 45.3s,465.3,33.7983317794742,-117.4756594331924,62.6,137.7,18.3,1326,3855.6,7.303532,7.449379,-5.59235,2.23694,-4.697574,1.342164,0.671082,0.894776,-2.4,-1.4,2.7,-139.4,220.6,220.7,Tripod,Other,,23,5,True,,True,False,,Smart,RC,False,True,False,,,True,,False,False,False,False,False,False,False,False,False,False,0,Follow Yaw,-77.9,0,-148.1,211.9,False,False,False,False,False,,0,0,False,False,No Card,100,100,1024,1406,761,908,2,False,False,False,False,False,0,False,False,False,False,75,,46.824,,7532,,10044,,46.824,,True,3.903,3.903,3.903,3.903,3.903,3.903,3.903,3.903,3.903,3.903,3.903,3.903,0,,False,False,True,,,,,,,,,,,,,,,False,False,17.918,,100.0,,75.7,,100.0,,1434,102,6,21,7,143652.7,19153.70,,Idle,,20,,10,,,20,Go Home,False,False,False,False,False,False,False,False,False,False,False,False,33.8027920380556,-117.4659261431046,3369.5,3369.5,1049.4,396.9,True,1,1,False,False,False,False,,True,False,False,Course Lock,196.8,67,16.4,93,NE,S,2.23,11.4,Calm,False,False,Android,7.0.2,M300 RTK,1ZN7L4R0H1D00F,1W9DL31001461C,1ZMLH8300204F0,1Z6PH74DAP0QN7,"Corona, CA",728.3,5.7,137.7,8.547347,2.013246,0,0,DJI Matrice 300 RTK,M300 RTK,1ZN7L4R0H1D00F,1W9DL31001461C,1ZMLH8300204F0,1Z6PH74DAP0QN7,DJI Pilot,Android,7.0.2,1EF72A62-B7C3-C88D-164E-CE6F8C8424AE,1ZN7L4R0H1D00F,1W9DL31001461C,,1ZMLH8300204F0,1W9DL31001461C,,,,,
2023-11-01,11:32:07.77 AM,7m 45.4s,465.4,33.7983292613235,-117.4756619037142,62.6,137.7,18.3,1326,3856.8,7.303532,7.449379,-5.59235,2.23694,-4.697574,1.342164,0.671082,0.894776,-2.5,-0.7,2.5,-139.7,220.3,219.1,Tripod,Other,,23,5,True,,True,False,,Smart,RC,False,True,False,,,True,,False,False,False,False,False,False,False,False,False,False,0,Follow Yaw,-77.9,0,-148.2,211.8,False,False,False,False,False,,0,0,False,False,No Card,100,100,1024,1407,755,918,2,False,False,False,False,False,0,False,False,False,False,75,,46.824,,7532,,10044,,46.824,,True,3.903,3.903,3.903,3.903,3.903,3.903,3.903,3.903,3.903,3.903,3.903,3.903,0,,False,False,True,,,,,,,,,,,,,,,False,False,17.918,,100.0,,75.7,,100.0,,1434,102,6,21,7,143652.7,19153.70,,Idle,,20,,10,,,20,Go Home,False,False,False,False,False,False,False,False,False,False,False,False,33.8027920380556,-117.4659261431046,3370.6,3370.6,1049.4,396.9,True,1,1,False,False,False,False,,True,False,False,Course Lock,196.8,67,16.4,93,NE,S,2.23,11.4,Calm,False,False,Android,7.0.2,M300 RTK,1ZN7L4R0H1D00F,1W9DL31001461C,1ZMLH8300204F0,1Z6PH74DAP0QN7,"Corona, CA",728.3,5.7,137.7,8.547347,2.013246,0,0,DJI Matrice 300 RTK,M300 RTK,1ZN7L4R0H1D00F,1W9DL31001461C,1ZMLH8300204F0,1Z6PH74DAP0QN7,DJI Pilot,Android,7.0.2,1EF72A62-B7C3-C88D-164E-CE6F8C8424AE,1ZN7L4R0H1D00F,1W9DL31001461C,,1ZMLH8300204F0,1W9DL31001461C,,,,,
2023-11-01,11:32:07.87 AM,7m 45.5s,465.5,33.7983268166395,-117.4756642027065,62.3,137.7,18.3,1326,3857.9,7.303532,7.449379,-5.59235,2.23694,-4.697574,1.342164,0.671082,0.894776,-2.4,-0.7,2.5,-139.9,220.1,218.0,Tripod,Other,,23,5,True,,True,False,,Smart,RC,False,True,False,,,True,,False,False,False,False,False,False,False,False,False,False,0,Follow Yaw,-77.9,0,-148.4,211.6,False,False,False,False,False,,0,0,False,False,No Card,100,100,1024,1408,738,975,2,False,False,False,False,False,0,False,False,False,False,75,,46.824,,7532,,10044,,46.824,,True,3.903,3.903,3.903,3.903,3.903,3.903,3.903,3.903,3.903,3.903,3.903,3.903,0,,False,False,True,,,,,,,,,,,,,,,False,False,17.918,,100.0,,75.7,,100.0,,1434,102,6,21,7,143652.7,19153.70,,Idle,,20,,10,,,20,Go Home,False,False,False,False,False,False,False,False,False,False,False,False,33.8027920380556,-117.4659261431046,3371.7,3371.7,1049.4,396.9,True,1,1,False,False,False,False,,True,False,False,Course Lock,196.8,67,16.4,93,NE,S,2.23,11.4,Calm,False,False,Android,7.0.2,M300 RTK,1ZN7L4R0H1D00F,1W9DL31001461C,1ZMLH8300204F0,1Z6PH74DAP0QN7,"Corona, CA",728.3,5.7,137.7,8.547347,2.013246,0,0,DJI Matrice 300 RTK,M300 RTK,1ZN7L4R0H1D00F,1W9DL31001461C,1ZMLH8300204F0,1Z6PH74DAP0QN7,DJI Pilot,Android,7.0.2,1EF72A62-B7C3-C88D-164E-CE6F8C8424AE,1ZN7L4R0H1D00F,1W9DL31001461C,,1ZMLH8300204F0,1W9DL31001461C,,,,,
2023-11-01,11:32:07.98 AM,7m 45.6s,465.6,33.7983245145026,-117.475666430283,62.3,137.7,18.3,1326,3859.0,7.303532,7.449379,-5.59235,2.23694,-4.697574,1.342164,0.447388,0.894776,-2.3,-0.8,2.4,-140.1,219.9,218.8,Tripod,Other,,23,5,True,,True,False,,Smart,RC,False,True,False,,,True,,False,False,False,False,False,False,False,False,False,False,0,Follow Yaw,-77.9,0,-148.5,211.5,False,False,False,False,False,,0,0,False,False,No Card,100,100,1024,1410,746,1002,2,False,False,False,False,False,0,False,False,False,False,75,,46.824,,7532,,10044,,46.824,,True,3.903,3.903,3.903,3.903,3.903,3.903,3.903,3.903,3.903,3.903,3.903,3.903,0,,False,False,True,,,,,,,,,,,,,,,False,False,17.918,,100.0,,75.7,,100.0,,1434,102,6,21,7,143652.7,19153.70,,Idle,,20,,10,,,20,Go Home,False,False,False,False,False,False,False,False,False,False,False,False,33.8027920380556,-117.4659261431046,3372.7,3372.7,1049.4,396.9,True,1,1,False,False,False,False,,True,False,False,Course Lock,196.8,67,16.4,93,NE,S,2.46,11.4,Calm,False,False,Android,7.0.2,M300 RTK,1ZN7L4R0H1D00F,1W9DL31001461C,1ZMLH8300204F0,1Z6PH74DAP0QN7,"Corona, CA",728.3,5.7,137.7,8.547347,2.013246,0,0,DJI Matrice 300 RTK,M300 RTK,1ZN7L4R0H1D00F,1W9DL31001461C,1ZMLH8300204F0,1Z6PH74DAP0QN7,DJI Pilot,Android,7.0.2,1EF72A62-B7C3-C88D-164E-CE6F8C8424AE,1ZN7L4R0H1D00F,1W9DL31001461C,,1ZMLH8300204F0,1W9DL31001461C,,,,,
2023-11-01,11:32:08.04 AM,7m 45.7s,465.7,33.7983220391161,-117.4756689111132,62.3,137.7,18.3,1326,3860.2,7.303532,7.449379,-5.59235,2.23694,-4.697574,1.342164,0.447388,0.894776,-2.3,-0.7,2.4,-140.2,219.8,219.7,Tripod,Other,,23,5,True,,True,False,,Smart,RC,False,True,False,,,True,,False,False,False,False,False,False,False,False,False,False,0,Follow Yaw,-77.9,0,-148.5,211.5,False,False,False,False,False,,0,0,False,False,No Card,100,100,1024,1409,767,939,2,False,False,False,False,False,0,False,False,False,False,75,,46.824,,7532,,10044,,46.824,,True,3.903,3.903,3.903,3.903,3.903,3.903,3.903,3.903,3.903,3.903,3.903,3.903,0,,False,False,True,,,,,,,,,,,,,,,False,False,17.918,,100.0,,75.7,,100.0,,1434,102,6,21,7,143652.7,19153.70,,Idle,,20,,10,,,20,Go Home,False,False,False,False,False,False,False,False,False,False,False,False,33.8027920380556,-117.4659261431046,3373.8,3373.8,1049.4,396.9,True,1,1,False,False,False,False,,True,False,False,Course Lock,196.8,67,16.4,93,NE,S,2.46,11.4,Calm,False,False,Android,7.0.2,M300 RTK,1ZN7L4R0H1D00F,1W9DL31001461C,1ZMLH8300204F0,1Z6PH74DAP0QN7,"Corona, CA",728.3,5.7,137.7,8.547347,2.013246,0,0,DJI Matrice 300 RTK,M300 RTK,1ZN7L4R0H1D00F,1W9DL31001461C,1ZMLH8300204F0,1Z6PH74DAP0QN7,DJI Pilot,Android,7.0.2,1EF72A62-B7C3-C88D-164E-CE6F8C8424AE,1ZN7L4R0H1D00F,1W9DL31001461C,,1ZMLH8300204F0,1W9DL31001461C,,,,,
2023-11-01,11:32:08.14 AM,7m 45.8s,465.8,33.7983195999147,-117.4756712420198,62.0,137.7,18.3,1326,3861.3,7.303532,7.449379,-5.59235,2.23694,-4.697574,1.342164,0.447388,0.894776,-2.2,-0.3,2.2,-140.2,219.8,218.4,Tripod,Other,,23,5,True,,True,False,,Smart,RC,False,True,False,,,True,,False,False,False,False,False,False,False,False,False,False,0,Follow Yaw,-77.9,0,-148.5,211.5,False,False,False,False,False,,0,0,False,False,No Card,100,100,1024,1409,769,926,2,False,False,False,False,False,0,False,False,False,False,75,,46.824,,7532,,10044,,46.824,,True,3.903,3.903,3.903,3.903,3.903,3.903,3.903,3.903,3.903,3.903,3.903,3.903,0,,False,False,True,,,,,,,,,,,,,,,False,False,17.918,,100.0,,75.7,,100.0,,1434,102,6,21,7,143652.7,19153.70,,Idle,,20,,10,,,20,Go Home,False,False,False,False,False,False,False,False,False,False,False,False,33.8027920380556,-117.4659261431046,3374.8,3374.8,1049.4,396.9,True,1,1,False,False,False,False,,True,False,False,Course Lock,196.8,67,16.4,93,NE,S,2.46,11.4,Calm,False,False,Android,7.0.2,M300 RTK,1ZN7L4R0H1D00F,1W9DL31001461C,1ZMLH8300204F0,1Z6PH74DAP0QN7,"Corona, CA",728.3,5.7,137.7,8.547347,2.013246,0,0,DJI Matrice 300 RTK,M300 RTK,1ZN7L4R0H1D00F,1W9DL31001461C,1ZMLH8300204F0,1Z6PH74DAP0QN7,DJI Pilot,Android,7.0.2,1EF72A62-B7C3-C88D-164E-CE6F8C8424AE,1ZN7L4R0H1D00F,1W9DL31001461C,,1ZMLH8300204F0,1W9DL31001461C,,,,,
2023-11-01,11:32:08.24 AM,7m 45.9s,465.9,33.7983171598908,-117.4756736741125,62.0,137.7,18.3,1326,3862.4,7.303532,7.449379,-5.59235,2.23694,-4.697574,1.342164,0.447388,0.894776,-2.2,-0.3,2.2,-140.3,219.7,219.6,Tripod,Other,,23,5,True,,True,False,,Smart,RC,False,True,False,,,True,,False,False,False,False,False,False,False,False,False,False,0,Follow Yaw,-77.9,0,-148.7,211.3,False,False,False,False,False,,0,0,False,False,No Card,100,100,1024,1410,769,929,2,False,False,False,False,False,0,False,False,False,False,75,,46.824,,7532,,10044,,46.824,,True,3.903,3.903,3.903,3.903,3.903,3.903,3.903,3.903,3.903,3.903,3.903,3.903,0,,False,False,True,,,,,,,,,,,,,,,False,False,17.918,,100.0,,75.7,,100.0,,1434,102,6,21,7,143652.7,19153.70,,Idle,,20,,10,,,20,Go Home,False,False,False,False,False,False,False,False,False,False,False,False,33.8027920380556,-117.4659261431046,3375.9,3375.9,1049.4,396.9,True,1,1,False,False,False,False,,True,False,False,Course Lock,196.8,67,16.4,93,NE,S,2.46,11.4,Calm,False,False,Android,7.0.2,M300 RTK,1ZN7L4R0H1D00F,1W9DL31001461C,1ZMLH8300204F0,1Z6PH74DAP0QN7,"Corona, CA",728.3,5.7,137.7,8.547347,2.013246,0,0,DJI Matrice 300 RTK,M300 RTK,1ZN7L4R0H1D00F,1W9DL31001461C,1ZMLH8300204F0,1Z6PH74DAP0QN7,DJI Pilot,Android,7.0.2,1EF72A62-B7C3-C88D-164E-CE6F8C8424AE,1ZN7L4R0H1D00F,1W9DL31001461C,,1ZMLH8300204F0,1W9DL31001461C,,,,,
2023-11-01,11:32:08.34 AM,7m 46.0s,466.0,33.7983147121914,-117.4756760158222,62.0,137.7,18.3,1326,3863.6,7.4762,7.4762,-5.816044,2.23694,-4.697574,1.342164,0.447388,0.894776,-2.2,-0.7,2.3,-140.5,219.5,218.4,Tripod,Other,,23,5,True,,True,False,,Smart,RC,False,True,False,,,True,,False,False,False,False,False,False,False,False,False,False,0,Follow Yaw,-77.9,0,-148.8,211.2,False,False,False,False,False,,0,0,False,False,No Card,100,100,1024,1411,768,964,2,False,False,False,False,False,0,False,False,False,False,75,,46.872,,3739,,4986,,46.872,,True,3.903,3.903,3.903,3.903,3.903,3.903,3.903,3.903,3.903,3.903,3.903,3.903,0,,False,False,True,,,,,,,,,,,,,,,False,False,9.506,,100.0,,75.7,,100.0,,1434,102,6,21,7,143652.7,19153.70,,Idle,,20,,10,,,20,Go Home,False,False,False,False,False,False,False,False,False,False,False,False,33.8027920380556,-117.4659261431046,3376.9,3376.9,1049.4,396.9,True,1,1,False,False,False,False,,True,False,False,Course Lock,196.8,67,16.4,93,NE,S,2.46,11.4,Calm,False,False,Android,7.0.2,M300 RTK,1ZN7L4R0H1D00F,1W9DL31001461C,1ZMLH8300204F0,1Z6PH74DAP0QN7,"Corona, CA",728.3,5.7,137.7,8.547347,2.013246,0,0,DJI Matrice 300 RTK,M300 RTK,1ZN7L4R0H1D00F,1W9DL31001461C,1ZMLH8300204F0,1Z6PH74DAP0QN7,DJI Pilot,Android,7.0.2,1EF72A62-B7C3-C88D-164E-CE6F8C8424AE,1ZN7L4R0H1D00F,1W9DL31001461C,,1ZMLH8300204F0,1W9DL31001461C,,,,,
2023-11-01,11:32:08.44 AM,7m 46.1s,466.1,33.7983119500657,-117.4756783814471,62.0,137.7,18.3,1326,3864.8,7.4762,7.4762,-5.816044,2.23694,-4.697574,1.342164,0.447388,0.894776,-2.2,-0.9,2.3,-140.6,219.4,215.4,Tripod,Other,,23,5,True,,True,False,,Smart,RC,False,True,False,,,True,,False,False,False,False,False,False,False,False,False,False,0,Follow Yaw,-77.9,0,-148.9,211.1,False,False,False,False,False,,0,0,False,False,No Card,100,100,1024,1411,763,1003,2,False,False,False,False,False,0,False,False,False,False,75,,46.872,,3739,,4986,,46.872,,True,3.903,3.903,3.903,3.903,3.903,3.903,3.903,3.903,3.903,3.903,3.903,3.903,0,,False,False,True,,,,,,,,,,,,,,,False,False,9.506,,100.0,,75.7,,100.0,,1434,102,6,21,7,143652.7,19153.70,,Idle,,20,,10,,,20,Go Home,False,False,False,False,False,False,False,False,False,False,False,False,33.8027920380556,-117.4659261431046,3378.1,3378.1,1049.4,396.9,True,1,1,False,False,False,False,,True,False,False,Course Lock,196.8,67,16.4,93,NE,S,2.46,11.4,Calm,False,False,Android,7.0.2,M300 RTK,1ZN7L4R0H1D00F,1W9DL31001461C,1ZMLH8300204F0,1Z6PH74DAP0QN7,"Corona, CA",728.3,5.7,137.7,8.547347,2.013246,0,0,DJI Matrice 300 RTK,M300 RTK,1ZN7L4R0H1D00F,1W9DL31001461C,1ZMLH8300204F0,1Z6PH74DAP0QN7,DJI Pilot,Android,7.0.2,1EF72A62-B7C3-C88D-164E-CE6F8C8424AE,1ZN7L4R0H1D00F,1W9DL31001461C,,1ZMLH8300204F0,1W9DL31001461C,,,,,
2023-11-01,11:32:08.54 AM,7m 46.2s,466.2,33.7983094497335,-117.4756807246412,61.6,137.7,18.3,1325,3866.0,7.4762,7.4762,-5.816044,2.23694,-4.697574,1.342164,0.447388,0.894776,-2.1,-0.7,2.2,-140.6,219.4,217.9,Tripod,Other,,23,5,True,,True,False,,Smart,RC,False,True,False,,,True,,False,False,False,False,False,False,False,False,False,False,0,Follow Yaw,-77.9,0,-149,211,False,False,False,False,False,,0,0,False,False,No Card,100,100,1024,1410,766,975,2,False,False,False,False,False,0,False,False,False,False,75,,46.872,,3739,,4986,,46.872,,True,3.903,3.903,3.903,3.903,3.903,3.903,3.903,3.903,3.903,3.903,3.903,3.903,0,,False,False,True,,,,,,,,,,,,,,,False,False,9.506,,100.0,,75.7,,100.0,,1434,102,6,21,7,143652.7,19153.70,,Idle,,20,,10,,,20,Go Home,False,False,False,False,False,False,False,False,False,False,False,False,33.8027920380556,-117.4659261431046,3379.1,3379.1,1049.4,396.9,True,1,1,False,False,False,False,,True,False,False,Course Lock,196.8,67,16.4,93,NE,S,2.46,11.4,Calm,False,False,Android,7.0.2,M300 RTK,1ZN7L4R0H1D00F,1W9DL31001461C,1ZMLH8300204F0,1Z6PH74DAP0QN7,"Corona, CA",728.3,5.7,137.7,8.547347,2.013246,0,0,DJI Matrice 300 RTK,M300 RTK,1ZN7L4R0H1D00F,1W9DL31001461C,1ZMLH8300204F0,1Z6PH74DAP0QN7,DJI Pilot,Android,7.0.2,1EF72A62-B7C3-C88D-164E-CE6F8C8424AE,1ZN7L4R0H1D00F,1W9DL31001461C,,1ZMLH8300204F0,1W9DL31001461C,,,,,
2023-11-01,11:32:08.64 AM,7m 46.3s,466.3,33.7983072070827,-117.475682847898,61.6,137.7,18.3,1325,3867.0,7.4762,7.4762,-5.816044,2.23694,-4.697574,1.342164,0.447388,0.894776,-2.1,-0.1,2.1,-140.7,219.3,218.1,Tripod,Other,,23,5,True,,True,False,,Smart,RC,False,True,False,,,True,,False,False,False,False,False,False,False,False,False,False,0,Follow Yaw,-77.9,0,-149,211,False,False,False,False,False,,0,0,False,False,No Card,100,100,1024,1410,766,961,2,False,False,False,False,False,0,False,False,False,False,75,,46.872,,3739,,4986,,46.872,,True,3.906,3.906,3.906,3.906,3.906,3.906,3.906,3.906,3.906,3.906,3.906,3.906,0,,False,False,True,,,,,,,,,,,,,,,False,False,9.506,,100.0,,75.7,,100.0,,1432,102,6,21,7,143319.9,19109.33,,Idle,,20,,10,,,20,Go Home,False,False,False,False,False,False,False,False,False,False,False,False,33.8027920380556,-117.4659261431046,3380.1,3380.1,1049.4,396.9,True,1,1,False,False,False,False,,True,False,False,Course Lock,196.8,67,16.4,93,NE,S,2.46,11.4,Calm,False,False,Android,7.0.2,M300 RTK,1ZN7L4R0H1D00F,1W9DL31001461C,1ZMLH8300204F0,1Z6PH74DAP0QN7,"Corona, CA",728.3,5.7,137.7,8.547347,2.013246,0,0,DJI Matrice 300 RTK,M300 RTK,1ZN7L4R0H1D00F,1W9DL31001461C,1ZMLH8300204F0,1Z6PH74DAP0QN7,DJI Pilot,Android,7.0.2,1EF72A62-B7C3-C88D-164E-CE6F8C8424AE,1ZN7L4R0H1D00F,1W9DL31001461C,,1ZMLH8300204F0,1W9DL31001461C,,,,,
2023-11-01,11:32:08.74 AM,7m 46.4s,466.4,33.7983045946316,-117.4756852880724,61.6,137.7,18.3,1325,3868.2,7.4762,7.4762,-5.816044,2.23694,-4.697574,1.342164,0.447388,0.894776,-2,0.2,2,-140.7,219.3,217.8,Tripod,Other,,23,5,True,,True,False,,Smart,RC,False,True,False,,,True,,False,False,False,False,False,False,False,False,False,False,0,Follow Yaw,-77.9,0,-149.1,210.9,False,False,False,False,False,,0,0,False,False,No Card,100,100,1024,1410,757,962,2,False,False,False,False,False,0,False,False,False,False,75,,46.872,,3739,,4986,,46.872,,True,3.906,3.906,3.906,3.906,3.906,3.906,3.906,3.906,3.906,3.906,3.906,3.906,0,,False,False,True,,,,,,,,,,,,,,,False,False,9.506,,100.0,,75.7,,100.0,,1432,102,6,21,7,143319.9,19109.33,,Idle,,20,,10,,,20,Go Home,False,False,False,False,False,False,False,False,False,False,False,False,33.8027920380556,-117.4659261431046,3381.2,3381.2,1049.4,396.9,True,1,1,False,False,False,False,,True,False,False,Course Lock,196.8,67,16.4,93,NE,S,2.46,11.4,Calm,False,False,Android,7.0.2,M300 RTK,1ZN7L4R0H1D00F,1W9DL31001461C,1ZMLH8300204F0,1Z6PH74DAP0QN7,"Corona, CA",728.3,5.7,137.7,8.547347,2.013246,0,0,DJI Matrice 300 RTK,M300 RTK,1ZN7L4R0H1D00F,1W9DL31001461C,1ZMLH8300204F0,1Z6PH74DAP0QN7,DJI Pilot,Android,7.0.2,1EF72A62-B7C3-C88D-164E-CE6F8C8424AE,1ZN7L4R0H1D00F,1W9DL31001461C,,1ZMLH8300204F0,1W9DL31001461C,,,,,
2023-11-01,11:32:08.84 AM,7m 46.5s,466.5,33.7983018064637,-117.4756879805932,61.6,137.7,18.3,1325,3869.5,7.4762,7.4762,-5.816044,2.23694,-4.697574,1.342164,0.447388,0.894776,-2,0,2,-140.8,219.2,218.7,Tripod,Other,,23,5,True,,True,False,,Smart,RC,False,True,False,,,True,,False,False,False,False,False,False,False,False,False,False,0,Follow Yaw,-77.9,0,-149.1,210.9,False,False,False,False,False,,0,0,False,False,No Card,100,100,1024,1410,758,973,2,False,False,False,False,False,0,False,False,False,False,75,,46.872,,3739,,4986,,46.872,,True,3.906,3.906,3.906,3.906,3.906,3.906,3.906,3.906,3.906,3.906,3.906,3.906,0,,False,False,True,,,,,,,,,,,,,,,False,False,9.506,,100.0,,75.7,,100.0,,1432,102,6,21,7,143319.9,19109.33,,Idle,,20,,10,,,20,Go Home,False,False,False,False,False,False,False,False,False,False,False,False,33.8027920380556,-117.4659261431046,3382.4,3382.4,1049.4,396.9,True,1,1,False,False,False,False,,True,False,False,Course Lock,196.8,67,16.4,93,NE,S,2.46,11.4,Calm,False,False,Android,7.0.2,M300 RTK,1ZN7L4R0H1D00F,1W9DL31001461C,1ZMLH8300204F0,1Z6PH74DAP0QN7,"Corona, CA",728.3,5.7,137.7,8.547347,2.013246,0,0,DJI Matrice 300 RTK,M300 RTK,1ZN7L4R0H1D00F,1W9DL31001461C,1ZMLH8300204F0,1Z6PH74DAP0QN7,DJI Pilot,Android,7.0.2,1EF72A62-B7C3-C88D-164E-CE6F8C8424AE,1ZN7L4R0H1D00F,1W9DL31001461C,,1ZMLH8300204F0,1W9DL31001461C,,,,,
2023-11-01,11:32:08.91 AM,7m 46.6s,466.6,33.7982994201692,-117.475690233322,61.3,137.7,18.3,1325,3870.6,7.4762,7.4762,-5.816044,2.23694,-4.697574,1.342164,0.447388,0.894776,-1.9,-0.3,1.9,-140.9,219.1,218.1,Tripod,Other,,23,5,True,,True,False,,Smart,RC,False,True,False,,,True,,False,False,False,False,False,False,False,False,False,False,0,Follow Yaw,-77.9,0,-149.2,210.8,False,False,False,False,False,,0,0,False,False,No Card,100,100,1024,1410,767,950,2,False,False,False,False,False,0,False,False,False,False,75,,46.872,,3739,,4986,,46.872,,True,3.906,3.906,3.906,3.906,3.906,3.906,3.906,3.906,3.906,3.906,3.906,3.906,0,,False,False,True,,,,,,,,,,,,,,,False,False,9.506,,100.0,,75.7,,100.0,,1432,102,6,21,7,143319.9,19109.33,,Idle,,20,,10,,,20,Go Home,False,False,False,False,False,False,False,False,False,False,False,False,33.8027920380556,-117.4659261431046,3383.4,3383.4,1049.4,396.9,True,1,1,False,False,False,False,,True,False,False,Course Lock,196.8,67,16.4,93,NE,S,2.46,11.4,Calm,False,False,Android,7.0.2,M300 RTK,1ZN7L4R0H1D00F,1W9DL31001461C,1ZMLH8300204F0,1Z6PH74DAP0QN7,"Corona, CA",728.3,5.7,137.7,8.547347,2.013246,0,0,DJI Matrice 300 RTK,M300 RTK,1ZN7L4R0H1D00F,1W9DL31001461C,1ZMLH8300204F0,1Z6PH74DAP0QN7,DJI Pilot,Android,7.0.2,1EF72A62-B7C3-C88D-164E-CE6F8C8424AE,1ZN7L4R0H1D00F,1W9DL31001461C,,1ZMLH8300204F0,1W9DL31001461C,,,,,
2023-11-01,11:32:09.04 AM,7m 46.7s,466.7,33.7982967641315,-117.4756924293964,61.3,137.7,18.3,1325,3871.8,7.4762,7.4762,-5.816044,2.23694,-4.697574,1.342164,0.447388,0.894776,-1.9,-0.5,1.9,-141,219,214.4,Tripod,Other,,23,5,True,,True,False,,Smart,RC,False,True,False,,,True,,False,False,False,False,False,False,False,False,False,False,0,Follow Yaw,-77.9,0,-149.3,210.7,False,False,False,False,False,,0,0,False,False,No Card,100,100,1024,1410,776,947,2,False,False,False,False,False,0,False,False,False,False,75,,46.872,,3739,,4986,,46.872,,True,3.906,3.906,3.906,3.906,3.906,3.906,3.906,3.906,3.906,3.906,3.906,3.906,0,,False,False,True,,,,,,,,,,,,,,,False,False,9.506,,100.0,,75.7,,100.0,,1432,102,6,21,7,143319.9,19109.33,,Idle,,20,,10,,,20,Go Home,False,False,False,False,False,False,False,False,False,False,False,False,33.8027920380556,-117.4659261431046,3384.5,3384.5,1049.4,396.9,True,1,1,False,False,False,False,,True,False,False,Course Lock,196.8,67,16.4,93,NE,S,2.46,11.4,Calm,False,False,Android,7.0.2,M300 RTK,1ZN7L4R0H1D00F,1W9DL31001461C,1ZMLH8300204F0,1Z6PH74DAP0QN7,"Corona, CA",728.3,5.7,137.7,8.547347,2.013246,0,0,DJI Matrice 300 RTK,M300 RTK,1ZN7L4R0H1D00F,1W9DL31001461C,1ZMLH8300204F0,1Z6PH74DAP0QN7,DJI Pilot,Android,7.0.2,1EF72A62-B7C3-C88D-164E-CE6F8C8424AE,1ZN7L4R0H1D00F,1W9DL31001461C,,1ZMLH8300204F0,1W9DL31001461C,,,,,
2023-11-01,11:32:09.11 AM,7m 46.8s,466.8,33.7982941075456,-117.4756949000008,61.3,137.7,18.3,1325,3873.0,7.4762,7.4762,-5.816044,2.23694,-4.697574,1.342164,0.447388,0.894776,-1.8,-0.9,2,-141.1,218.9,217.6,Tripod,Other,,23,5,True,,True,False,,Smart,RC,False,True,False,,,True,,False,False,False,False,False,False,False,False,False,False,0,Follow Yaw,-77.9,0,-149.4,210.6,False,False,False,False,False,,0,0,False,False,No Card,100,100,1024,1412,786,962,2,False,False,False,False,False,0,False,False,False,False,75,,46.872,,3739,,4986,,46.872,,True,3.906,3.906,3.906,3.906,3.906,3.906,3.906,3.906,3.906,3.906,3.906,3.906,0,,False,False,True,,,,,,,,,,,,,,,False,False,9.506,,100.0,,75.7,,100.0,,1432,102,6,21,7,143319.9,19109.33,,Idle,,20,,10,,,20,Go Home,False,False,False,False,False,False,False,False,False,False,False,False,33.8027920380556,-117.4659261431046,3385.6,3385.6,1049.4,396.9,True,1,1,False,False,False,False,,True,False,False,Course Lock,196.8,67,16.4,93,NE,S,2.46,11.4,Calm,False,False,Android,7.0.2,M300 RTK,1ZN7L4R0H1D00F,1W9DL31001461C,1ZMLH8300204F0,1Z6PH74DAP0QN7,"Corona, CA",728.3,5.7,137.7,8.547347,2.013246,0,0,DJI Matrice 300 RTK,M300 RTK,1ZN7L4R0H1D00F,1W9DL31001461C,1ZMLH8300204F0,1Z6PH74DAP0QN7,DJI Pilot,Android,7.0.2,1EF72A62-B7C3-C88D-164E-CE6F8C8424AE,1ZN7L4R0H1D00F,1W9DL31001461C,,1ZMLH8300204F0,1W9DL31001461C,,,,,
2023-11-01,11:32:09.22 AM,7m 46.9s,466.9,33.7982919729017,-117.4756967916925,61.3,137.7,18.3,1325,3874.0,7.4762,7.4762,-5.816044,2.23694,-4.697574,1.342164,0.447388,0.894776,-1.7,-0.9,1.9,-141.1,218.9,216.3,Tripod,Other,,23,5,True,,True,False,,Smart,RC,False,True,False,,,True,,False,False,False,False,False,False,False,False,False,False,0,Follow Yaw,-77.9,0,-149.5,210.5,False,False,False,False,False,,0,0,False,False,No Card,100,100,1024,1413,786,961,2,False,False,False,False,False,0,False,False,False,False,75,,46.872,,3739,,4986,,46.872,,True,3.906,3.906,3.906,3.906,3.906,3.906,3.906,3.906,3.906,3.906,3.906,3.906,0,,False,False,True,,,,,,,,,,,,,,,False,False,9.506,,100.0,,75.7,,100.0,,1432,102,6,21,7,143319.9,19109.33,,Idle,,20,,10,,,20,Go Home,False,False,False,False,False,False,False,False,False,False,False,False,33.8027920380556,-117.4659261431046,3386.5,3386.5,1049.4,396.9,True,1,1,False,False,False,False,,True,False,False,Course Lock,196.8,67,16.4,93,NE,S,2.46,11.4,Calm,False,False,Android,7.0.2,M300 RTK,1ZN7L4R0H1D00F,1W9DL31001461C,1ZMLH8300204F0,1Z6PH74DAP0QN7,"Corona, CA",728.3,5.7,137.7,8.547347,2.013246,0,0,DJI Matrice 300 RTK,M300 RTK,1ZN7L4R0H1D00F,1W9DL31001461C,1ZMLH8300204F0,1Z6PH74DAP0QN7,DJI Pilot,Android,7.0.2,1EF72A62-B7C3-C88D-164E-CE6F8C8424AE,1ZN7L4R0H1D00F,1W9DL31001461C,,1ZMLH8300204F0,1W9DL31001461C,,,,,
2023-11-01,11:32:09.32 AM,7m 47.0s,467.0,33.798289327281,-117.4756992105906,61.0,137.7,18.3,1325,3875.2,7.4762,7.4762,-5.816044,2.23694,-4.697574,1.342164,0.447388,0.894776,-1.7,-0.5,1.7,-141.2,218.8,217.2,Tripod,Other,,23,5,True,,True,False,,Smart,RC,False,True,False,,,True,,False,False,False,False,False,False,False,False,False,False,0,Follow Yaw,-77.9,0,-149.6,210.4,False,False,False,False,False,,0,0,False,False,No Card,100,100,1024,1412,792,911,2,False,False,False,False,False,0,False,False,False,False,75,,46.836,,7532,,10044,,46.836,,True,3.906,3.906,3.906,3.906,3.906,3.906,3.906,3.906,3.906,3.906,3.906,3.906,0,,False,False,True,,,,,,,,,,,,,,,False,False,19.408,,100.0,,75.7,,100.0,,1432,102,6,21,7,143319.9,19109.33,,Idle,,20,,10,,,20,Go Home,False,False,False,False,False,False,False,False,False,False,False,False,33.8027920380556,-117.4659261431046,3387.6,3387.6,1049.4,396.9,True,1,1,False,False,False,False,,True,False,False,Course Lock,196.8,67,16.4,93,NE,S,2.46,11.4,Calm,False,False,Android,7.0.2,M300 RTK,1ZN7L4R0H1D00F,1W9DL31001461C,1ZMLH8300204F0,1Z6PH74DAP0QN7,"Corona, CA",728.3,5.7,137.7,8.547347,2.013246,0,0,DJI Matrice 300 RTK,M300 RTK,1ZN7L4R0H1D00F,1W9DL31001461C,1ZMLH8300204F0,1Z6PH74DAP0QN7,DJI Pilot,Android,7.0.2,1EF72A62-B7C3-C88D-164E-CE6F8C8424AE,1ZN7L4R0H1D00F,1W9DL31001461C,,1ZMLH8300204F0,1W9DL31001461C,,,,,
2023-11-01,11:32:09.44 AM,7m 47.1s,467.1,33.7982867488219,-117.475701617531,61.0,137.7,18.3,1325,3876.4,7.4762,7.4762,-5.816044,2.23694,-4.697574,1.342164,0.447388,0.894776,-1.8,-0.2,1.8,-141.3,218.7,217.8,Tripod,Other,,23,5,True,,True,False,,Smart,RC,False,True,False,,,True,,False,False,False,False,False,False,False,False,False,False,0,Follow Yaw,-77.9,0,-149.8,210.2,False,False,False,False,False,,0,0,False,False,No Card,100,100,1024,1414,787,943,2,False,False,False,False,False,0,False,False,False,False,75,,46.836,,7532,,10044,,46.836,,True,3.906,3.906,3.906,3.906,3.906,3.906,3.906,3.906,3.906,3.906,3.906,3.906,0,,False,False,True,,,,,,,,,,,,,,,False,False,19.408,,100.0,,75.7,,100.0,,1432,102,6,21,7,143319.9,19109.33,,Idle,,20,,10,,,20,Go Home,False,False,False,False,False,False,False,False,False,False,False,False,33.8027920380556,-117.4659261431046,3388.7,3388.7,1049.4,396.9,True,1,1,False,False,False,False,,True,False,False,Course Lock,196.8,67,16.4,93,NE,S,2.46,11.4,Calm,False,False,Android,7.0.2,M300 RTK,1ZN7L4R0H1D00F,1W9DL31001461C,1ZMLH8300204F0,1Z6PH74DAP0QN7,"Corona, CA",728.3,5.7,137.7,8.547347,2.013246,0,0,DJI Matrice 300 RTK,M300 RTK,1ZN7L4R0H1D00F,1W9DL31001461C,1ZMLH8300204F0,1Z6PH74DAP0QN7,DJI Pilot,Android,7.0.2,1EF72A62-B7C3-C88D-164E-CE6F8C8424AE,1ZN7L4R0H1D00F,1W9DL31001461C,,1ZMLH8300204F0,1W9DL31001461C,,,,,
2023-11-01,11:32:09.54 AM,7m 47.2s,467.2,33.7982842191578,-117.4757039384594,61.0,137.7,18.3,1325,3877.6,7.4762,7.4762,-5.816044,2.23694,-4.697574,1.342164,0.447388,0.894776,-2,-0.4,2,-141.4,218.6,217.3,Tripod,Other,,23,5,True,,True,False,,Smart,RC,False,True,False,,,True,,False,False,False,False,False,False,False,False,False,False,0,Follow Yaw,-77.9,0,-150,210,False,False,False,False,False,,0,0,False,False,No Card,100,100,1024,1414,792,963,2,False,False,False,False,False,0,False,False,False,False,75,,46.836,,7532,,10044,,46.836,,True,3.906,3.906,3.906,3.906,3.906,3.906,3.906,3.906,3.906,3.906,3.906,3.906,0,,False,False,True,,,,,,,,,,,,,,,False,False,19.408,,100.0,,75.7,,100.0,,1432,102,6,21,7,143319.9,19109.33,,Idle,,20,,10,,,20,Go Home,False,False,False,False,False,False,False,False,False,False,False,False,33.8027920380556,-117.4659261431046,3389.7,3389.7,1049.4,396.9,True,1,1,False,False,False,False,,True,False,False,Course Lock,196.8,67,16.4,93,NE,S,2.46,11.4,Calm,False,False,Android,7.0.2,M300 RTK,1ZN7L4R0H1D00F,1W9DL31001461C,1ZMLH8300204F0,1Z6PH74DAP0QN7,"Corona, CA",728.3,5.7,137.7,8.547347,2.013246,0,0,DJI Matrice 300 RTK,M300 RTK,1ZN7L4R0H1D00F,1W9DL31001461C,1ZMLH8300204F0,1Z6PH74DAP0QN7,DJI Pilot,Android,7.0.2,1EF72A62-B7C3-C88D-164E-CE6F8C8424AE,1ZN7L4R0H1D00F,1W9DL31001461C,,1ZMLH8300204F0,1W9DL31001461C,,,,,
2023-11-01,11:32:09.62 AM,7m 47.3s,467.3,33.7982818476663,-117.4757062055372,61.0,137.7,18.3,1325,3878.7,7.4762,7.4762,-5.816044,2.23694,-4.697574,1.342164,0.447388,0.894776,-2,-0.9,2.1,-141.6,218.4,218.4,Tripod,Other,,23,5,True,,True,False,,Smart,RC,False,True,False,,,True,,False,False,False,False,False,False,False,False,False,False,0,Follow Yaw,-77.9,0,-150.1,209.9,False,False,False,False,False,,0,0,False,False,No Card,100,100,1024,1415,815,962,2,False,False,False,False,False,0,False,False,False,False,75,,46.836,,7532,,10044,,46.836,,True,3.904,3.904,3.904,3.904,3.904,3.904,3.904,3.904,3.904,3.904,3.904,3.904,0,,False,False,True,,,,,,,,,,,,,,,False,False,19.408,,100.0,,75.7,,100.0,,1430,102,6,21,7,143013.8,19068.51,,Idle,,20,,10,,,20,Go Home,False,False,False,False,False,False,False,False,False,False,False,False,33.8027920380556,-117.4659261431046,3390.8,3390.8,1049.4,396.9,True,1,1,False,False,False,False,,True,False,False,Course Lock,196.8,67,16.4,93,NE,S,2.46,11.4,Calm,False,False,Android,7.0.2,M300 RTK,1ZN7L4R0H1D00F,1W9DL31001461C,1ZMLH8300204F0,1Z6PH74DAP0QN7,"Corona, CA",728.3,5.7,137.7,8.547347,2.013246,0,0,DJI Matrice 300 RTK,M300 RTK,1ZN7L4R0H1D00F,1W9DL31001461C,1ZMLH8300204F0,1Z6PH74DAP0QN7,DJI Pilot,Android,7.0.2,1EF72A62-B7C3-C88D-164E-CE6F8C8424AE,1ZN7L4R0H1D00F,1W9DL31001461C,,1ZMLH8300204F0,1W9DL31001461C,,,,,
2023-11-01,11:32:09.73 AM,7m 47.4s,467.4,33.7982793407549,-117.4757085048592,60.6,137.7,18.3,1324,3879.8,7.4762,7.4762,-5.816044,2.23694,-4.697574,1.342164,0.447388,0.894776,-2,-1,2.2,-141.8,218.2,217.3,Tripod,Other,,23,5,True,,True,False,,Smart,RC,False,True,False,,,True,,False,False,False,False,False,False,False,False,False,False,0,Follow Yaw,-77.9,0,-150.2,209.8,False,False,False,False,False,,0,0,False,False,No Card,100,100,1024,1415,813,961,2,False,False,False,False,False,0,False,False,False,False,75,,46.836,,7532,,10044,,46.836,,True,3.904,3.904,3.904,3.904,3.904,3.904,3.904,3.904,3.904,3.904,3.904,3.904,0,,False,False,True,,,,,,,,,,,,,,,False,False,19.408,,100.0,,75.7,,100.0,,1430,102,6,21,7,143013.8,19068.51,,Idle,,20,,10,,,20,Go Home,False,False,False,False,False,False,False,False,False,False,False,False,33.8027920380556,-117.4659261431046,3391.8,3391.8,1049.4,396.9,True,1,1,False,False,False,False,,True,False,False,Course Lock,196.8,67,16.4,93,NE,S,2.46,11.4,Calm,False,False,Android,7.0.2,M300 RTK,1ZN7L4R0H1D00F,1W9DL31001461C,1ZMLH8300204F0,1Z6PH74DAP0QN7,"Corona, CA",728.3,5.7,137.7,8.547347,2.013246,0,0,DJI Matrice 300 RTK,M300 RTK,1ZN7L4R0H1D00F,1W9DL31001461C,1ZMLH8300204F0,1Z6PH74DAP0QN7,DJI Pilot,Android,7.0.2,1EF72A62-B7C3-C88D-164E-CE6F8C8424AE,1ZN7L4R0H1D00F,1W9DL31001461C,,1ZMLH8300204F0,1W9DL31001461C,,,,,
2023-11-01,11:32:09.83 AM,7m 47.5s,467.5,33.7982769988693,-117.4757106252298,60.6,137.7,18.3,1324,3880.9,7.4762,7.4762,-5.816044,2.23694,-4.697574,1.342164,0.447388,0.894776,-1.9,-0.9,2.1,-141.9,218.1,216.9,Tripod,Other,,23,5,True,,True,False,,Smart,RC,False,True,False,,,True,,False,False,False,False,False,False,False,False,False,False,0,Follow Yaw,-77.9,0,-150.3,209.7,False,False,False,False,False,,0,0,False,False,No Card,100,100,1024,1415,814,962,2,False,False,False,False,False,0,False,False,False,False,75,,46.836,,7532,,10044,,46.836,,True,3.904,3.904,3.904,3.904,3.904,3.904,3.904,3.904,3.904,3.904,3.904,3.904,0,,False,False,True,,,,,,,,,,,,,,,False,False,19.408,,100.0,,75.7,,100.0,,1430,102,6,21,7,143013.8,19068.51,,Idle,,20,,10,,,20,Go Home,False,False,False,False,False,False,False,False,False,False,False,False,33.8027920380556,-117.4659261431046,3392.8,3392.8,1049.4,396.9,True,1,1,False,False,False,False,,True,False,False,Course Lock,196.8,67,16.4,93,NE,S,2.46,11.4,Calm,False,False,Android,7.0.2,M300 RTK,1ZN7L4R0H1D00F,1W9DL31001461C,1ZMLH8300204F0,1Z6PH74DAP0QN7,"Corona, CA",728.3,5.7,137.7,8.547347,2.013246,0,0,DJI Matrice 300 RTK,M300 RTK,1ZN7L4R0H1D00F,1W9DL31001461C,1ZMLH8300204F0,1Z6PH74DAP0QN7,DJI Pilot,Android,7.0.2,1EF72A62-B7C3-C88D-164E-CE6F8C8424AE,1ZN7L4R0H1D00F,1W9DL31001461C,,1ZMLH8300204F0,1W9DL31001461C,,,,,
2023-11-01,11:32:09.94 AM,7m 47.6s,467.6,33.7982744916839,-117.4757129039353,60.6,137.7,18.3,1324,3882.0,7.4762,7.4762,-5.816044,2.23694,-4.697574,1.342164,0.447388,0.894776,-1.9,-0.8,2,-142,218,217.0,Tripod,Other,,23,5,True,,True,False,,Smart,RC,False,True,False,,,True,,False,False,False,False,False,False,False,False,False,False,0,Follow Yaw,-77.9,0,-150.4,209.6,False,False,False,False,False,,0,0,False,False,No Card,100,100,1024,1414,810,962,2,False,False,False,False,False,0,False,False,False,False,75,,46.836,,7532,,10044,,46.836,,True,3.904,3.904,3.904,3.904,3.904,3.904,3.904,3.904,3.904,3.904,3.904,3.904,0,,False,False,True,,,,,,,,,,,,,,,False,False,19.408,,100.0,,75.7,,100.0,,1430,102,6,21,7,143013.8,19068.51,,Idle,,20,,10,,,20,Go Home,False,False,False,False,False,False,False,False,False,False,False,False,33.8027920380556,-117.4659261431046,3393.8,3393.8,1049.4,396.9,True,1,1,False,False,False,False,,True,False,False,Course Lock,196.8,67,16.4,93,NE,S,2.46,11.4,Calm,False,False,Android,7.0.2,M300 RTK,1ZN7L4R0H1D00F,1W9DL31001461C,1ZMLH8300204F0,1Z6PH74DAP0QN7,"Corona, CA",728.3,5.7,137.7,8.547347,2.013246,0,0,DJI Matrice 300 RTK,M300 RTK,1ZN7L4R0H1D00F,1W9DL31001461C,1ZMLH8300204F0,1Z6PH74DAP0QN7,DJI Pilot,Android,7.0.2,1EF72A62-B7C3-C88D-164E-CE6F8C8424AE,1ZN7L4R0H1D00F,1W9DL31001461C,,1ZMLH8300204F0,1W9DL31001461C,,,,,
2023-11-01,11:32:10.04 AM,7m 47.7s,467.7,33.7982719962859,-117.4757151306047,60.6,137.7,18.3,1324,3883.2,7.4762,7.4762,-5.816044,2.23694,-4.697574,1.342164,0.447388,0.894776,-1.8,-0.8,1.9,-142.1,217.9,216.5,Tripod,Other,,23,5,True,,True,False,,Smart,RC,False,True,False,,,True,,False,False,False,False,False,False,False,False,False,False,0,Follow Yaw,-77.9,0,-150.5,209.5,False,False,False,False,False,,0,0,False,False,No Card,100,100,1024,1414,810,962,2,False,False,False,False,False,0,False,False,False,False,75,,46.764,,3739,,4986,,46.764,,True,3.904,3.904,3.904,3.904,3.904,3.904,3.904,3.904,3.904,3.904,3.904,3.904,0,,False,False,True,,,,,,,,,,,,,,,False,False,9.732,,100.0,,75.7,,100.0,,1430,102,6,21,7,143013.8,19068.51,,Idle,,20,,10,,,20,Go Home,False,False,False,False,False,False,False,False,False,False,False,False,33.8027920380556,-117.4659261431046,3394.9,3394.9,1049.4,396.9,True,1,1,False,False,False,False,,True,False,False,Course Lock,196.8,67,16.4,93,NE,S,2.46,11.4,Calm,False,False,Android,7.0.2,M300 RTK,1ZN7L4R0H1D00F,1W9DL31001461C,1ZMLH8300204F0,1Z6PH74DAP0QN7,"Corona, CA",728.3,5.7,137.7,8.547347,2.013246,0,0,DJI Matrice 300 RTK,M300 RTK,1ZN7L4R0H1D00F,1W9DL31001461C,1ZMLH8300204F0,1Z6PH74DAP0QN7,DJI Pilot,Android,7.0.2,1EF72A62-B7C3-C88D-164E-CE6F8C8424AE,1ZN7L4R0H1D00F,1W9DL31001461C,,1ZMLH8300204F0,1W9DL31001461C,,,,,
2023-11-01,11:32:10.14 AM,7m 47.8s,467.8,33.7982693654682,-117.4757175004354,60.6,137.7,18.3,1324,3884.4,7.4762,7.4762,-5.816044,2.23694,-4.697574,1.342164,0.223694,0.894776,-1.9,-0.8,2,-142.2,217.8,216.8,Tripod,Other,,23,5,True,,True,False,,Smart,RC,False,True,False,,,True,,False,False,False,False,False,False,False,False,False,False,0,Follow Yaw,-77.9,0,-150.6,209.4,False,False,False,False,False,,0,0,False,False,No Card,100,100,1024,1413,806,971,2,False,False,False,False,False,0,False,False,False,False,75,,46.764,,3739,,4986,,46.764,,True,3.904,3.904,3.904,3.904,3.904,3.904,3.904,3.904,3.904,3.904,3.904,3.904,0,,False,False,True,,,,,,,,,,,,,,,False,False,9.732,,100.0,,75.7,,100.0,,1430,102,6,21,7,143013.8,19068.51,,Idle,,20,,10,,,20,Go Home,False,False,False,False,False,False,False,False,False,False,False,False,33.8027920380556,-117.4659261431046,3396.0,3396.0,1049.4,396.9,True,1,1,False,False,False,False,,True,False,False,Course Lock,196.8,67,16.4,93,NE,S,2.46,11.4,Calm,False,False,Android,7.0.2,M300 RTK,1ZN7L4R0H1D00F,1W9DL31001461C,1ZMLH8300204F0,1Z6PH74DAP0QN7,"Corona, CA",728.3,5.7,137.7,8.547347,2.013246,0,0,DJI Matrice 300 RTK,M300 RTK,1ZN7L4R0H1D00F,1W9DL31001461C,1ZMLH8300204F0,1Z6PH74DAP0QN7,DJI Pilot,Android,7.0.2,1EF72A62-B7C3-C88D-164E-CE6F8C8424AE,1ZN7L4R0H1D00F,1W9DL31001461C,,1ZMLH8300204F0,1W9DL31001461C,,,,,
2023-11-01,11:32:10.25 AM,7m 47.9s,467.9,33.7982666809211,-117.475719926343,60.3,137.7,18.3,1324,3885.6,7.4762,7.4762,-5.816044,2.23694,-4.697574,1.342164,0.223694,0.894776,-2.1,-0.7,2.2,-142.3,217.7,216.9,Tripod,Other,,23,5,True,,True,False,,Smart,RC,False,True,False,,,True,,False,False,False,False,False,False,False,False,False,False,0,Follow Yaw,-77.9,0,-150.7,209.3,False,False,False,False,False,,0,0,False,False,No Card,100,100,1024,1413,807,971,2,False,False,False,False,False,0,False,False,False,False,75,,46.764,,3739,,4986,,46.764,,True,3.904,3.904,3.904,3.904,3.904,3.904,3.904,3.904,3.904,3.904,3.904,3.904,0,,False,False,True,,,,,,,,,,,,,,,False,False,9.732,,100.0,,75.7,,100.0,,1430,102,6,21,7,143013.8,19068.51,,Idle,,20,,10,,,20,Go Home,False,False,False,False,False,False,False,False,False,False,False,False,33.8027920380556,-117.4659261431046,3397.1,3397.1,1049.4,396.9,True,1,1,False,False,False,False,,True,False,False,Course Lock,196.8,67,16.4,93,NE,S,2.46,11.4,Calm,False,False,Android,7.0.2,M300 RTK,1ZN7L4R0H1D00F,1W9DL31001461C,1ZMLH8300204F0,1Z6PH74DAP0QN7,"Corona, CA",728.3,5.7,137.7,8.547347,2.013246,0,0,DJI Matrice 300 RTK,M300 RTK,1ZN7L4R0H1D00F,1W9DL31001461C,1ZMLH8300204F0,1Z6PH74DAP0QN7,DJI Pilot,Android,7.0.2,1EF72A62-B7C3-C88D-164E-CE6F8C8424AE,1ZN7L4R0H1D00F,1W9DL31001461C,,1ZMLH8300204F0,1W9DL31001461C,,,,,
2023-11-01,11:32:10.35 AM,7m 48.0s,468.0,33.7982642831132,-117.4757220702989,60.3,137.7,18.3,1324,3886.7,7.516251,7.516251,-6.039738,2.23694,-4.47388,1.342164,0.223694,0.894776,-2.3,-0.7,2.4,-142.4,217.6,216.6,Tripod,Other,,23,5,True,,True,False,,Smart,RC,False,True,False,,,True,,False,False,False,False,False,False,False,False,False,False,0,Follow Yaw,-77.9,0,-150.7,209.3,False,False,False,False,False,,0,0,False,False,No Card,100,100,1024,1413,807,972,2,False,False,False,False,False,0,False,False,False,False,75,,46.812,,7532,,10044,,46.812,,True,3.904,3.904,3.904,3.904,3.904,3.904,3.904,3.904,3.904,3.904,3.904,3.904,0,,False,False,True,,,,,,,,,,,,,,,False,False,19.006,,100.0,,75.7,,100.0,,1430,102,6,21,7,143013.8,19068.51,,Idle,,20,,10,,,20,Go Home,False,False,False,False,False,False,False,False,False,False,False,False,33.8027920380556,-117.4659261431046,3398.1,3398.1,1049.4,396.9,True,1,1,False,False,False,False,,True,False,False,Course Lock,196.8,67,16.4,93,NE,S,2.46,11.4,Calm,False,False,Android,7.0.2,M300 RTK,1ZN7L4R0H1D00F,1W9DL31001461C,1ZMLH8300204F0,1Z6PH74DAP0QN7,"Corona, CA",728.3,5.7,137.7,8.547347,2.013246,0,0,DJI Matrice 300 RTK,M300 RTK,1ZN7L4R0H1D00F,1W9DL31001461C,1ZMLH8300204F0,1Z6PH74DAP0QN7,DJI Pilot,Android,7.0.2,1EF72A62-B7C3-C88D-164E-CE6F8C8424AE,1ZN7L4R0H1D00F,1W9DL31001461C,,1ZMLH8300204F0,1W9DL31001461C,,,,,
2023-11-01,11:32:10.45 AM,7m 48.1s,468.1,33.7982621679324,-117.4757241604043,60.3,137.7,18.3,1324,3887.7,7.516251,7.516251,-6.039738,2.23694,-4.47388,1.342164,0.223694,0.894776,-2.2,-0.8,2.3,-142.5,217.5,219.3,Tripod,Other,,23,5,True,,True,False,,Smart,RC,False,True,False,,,True,,False,False,False,False,False,False,False,False,False,False,0,Follow Yaw,-77.9,0,-150.8,209.2,False,False,False,False,False,,0,0,False,False,No Card,100,100,1024,1415,802,981,2,False,False,False,False,False,0,False,False,False,False,75,,46.812,,7532,,10044,,46.812,,True,3.904,3.904,3.904,3.904,3.904,3.904,3.904,3.904,3.904,3.904,3.904,3.904,0,,False,False,True,,,,,,,,,,,,,,,False,False,19.006,,100.0,,75.7,,100.0,,1430,102,6,21,7,143013.8,19068.51,,Idle,,20,,10,,,20,Go Home,False,False,False,False,False,False,False,False,False,False,False,False,33.8027920380556,-117.4659261431046,3399.0,3399.0,1049.4,396.9,True,1,1,False,False,False,False,,True,False,False,Course Lock,196.8,67,16.4,93,NE,S,2.46,11.4,Calm,False,False,Android,7.0.2,M300 RTK,1ZN7L4R0H1D00F,1W9DL31001461C,1ZMLH8300204F0,1Z6PH74DAP0QN7,"Corona, CA",728.3,5.7,137.7,8.547347,2.013246,0,0,DJI Matrice 300 RTK,M300 RTK,1ZN7L4R0H1D00F,1W9DL31001461C,1ZMLH8300204F0,1Z6PH74DAP0QN7,DJI Pilot,Android,7.0.2,1EF72A62-B7C3-C88D-164E-CE6F8C8424AE,1ZN7L4R0H1D00F,1W9DL31001461C,,1ZMLH8300204F0,1W9DL31001461C,,,,,
2023-11-01,11:32:10.56 AM,7m 48.2s,468.2,33.7982596681484,-117.4757263928463,60.3,137.7,18.3,1324,3888.8,7.516251,7.516251,-6.039738,2.23694,-4.47388,1.342164,0.223694,0.894776,-2.1,-0.8,2.2,-142.6,217.4,216.5,Tripod,Other,,23,5,True,,True,False,,Smart,RC,False,True,False,,,True,,False,False,False,False,False,False,False,False,False,False,0,Follow Yaw,-77.9,0,-150.9,209.1,False,False,False,False,False,,0,0,False,False,No Card,100,100,1024,1414,800,979,2,False,False,False,False,False,0,False,False,False,False,75,,46.812,,7532,,10044,,46.812,,True,3.904,3.904,3.904,3.904,3.904,3.904,3.904,3.904,3.904,3.904,3.904,3.904,0,,False,False,True,,,,,,,,,,,,,,,False,False,19.006,,100.0,,75.7,,100.0,,1430,102,6,21,7,143013.8,19068.51,,Idle,,20,,10,,,20,Go Home,False,False,False,False,False,False,False,False,False,False,False,False,33.8027920380556,-117.4659261431046,3400.0,3400.0,1049.4,396.9,True,1,1,False,False,False,False,,True,False,False,Course Lock,196.8,67,16.4,93,NE,S,2.46,11.4,Calm,False,False,Android,7.0.2,M300 RTK,1ZN7L4R0H1D00F,1W9DL31001461C,1ZMLH8300204F0,1Z6PH74DAP0QN7,"Corona, CA",728.3,5.7,137.7,8.547347,2.013246,0,0,DJI Matrice 300 RTK,M300 RTK,1ZN7L4R0H1D00F,1W9DL31001461C,1ZMLH8300204F0,1Z6PH74DAP0QN7,DJI Pilot,Android,7.0.2,1EF72A62-B7C3-C88D-164E-CE6F8C8424AE,1ZN7L4R0H1D00F,1W9DL31001461C,,1ZMLH8300204F0,1W9DL31001461C,,,,,
2023-11-01,11:32:10.66 AM,7m 48.3s,468.3,33.7982568591467,-117.4757286888697,60.3,137.7,18.3,1324,3890.1,7.516251,7.516251,-6.039738,2.23694,-4.47388,1.342164,0.223694,0.894776,-1.9,-0.7,2,-142.7,217.3,214.1,Tripod,Other,,23,5,True,,True,False,,Smart,RC,False,True,False,,,True,,False,False,False,False,False,False,False,False,False,False,0,Follow Yaw,-77.9,0,-150.9,209.1,False,False,False,False,False,,0,0,False,False,No Card,100,100,1024,1414,792,953,2,False,False,False,False,False,0,False,False,False,False,75,,46.812,,7532,,10044,,46.812,,True,3.901,3.901,3.901,3.901,3.901,3.901,3.901,3.901,3.901,3.901,3.901,3.901,0,,False,False,True,,,,,,,,,,,,,,,False,False,19.006,,100.0,,75.7,,100.0,,1429,102,6,21,7,142937.4,19058.32,,Idle,,20,,10,,,20,Go Home,False,False,False,False,False,False,False,False,False,False,False,False,33.8027920380556,-117.4659261431046,3401.1,3401.1,1049.4,396.9,True,1,1,False,False,False,False,,True,False,False,Course Lock,196.8,67,16.4,93,NE,S,2.46,11.4,Calm,False,False,Android,7.0.2,M300 RTK,1ZN7L4R0H1D00F,1W9DL31001461C,1ZMLH8300204F0,1Z6PH74DAP0QN7,"Corona, CA",728.3,5.7,137.7,8.547347,2.013246,0,0,DJI Matrice 300 RTK,M300 RTK,1ZN7L4R0H1D00F,1W9DL31001461C,1ZMLH8300204F0,1Z6PH74DAP0QN7,DJI Pilot,Android,7.0.2,1EF72A62-B7C3-C88D-164E-CE6F8C8424AE,1ZN7L4R0H1D00F,1W9DL31001461C,,1ZMLH8300204F0,1W9DL31001461C,,,,,
2023-11-01,11:32:10.76 AM,7m 48.4s,468.4,33.7982544657248,-117.475730787964,60.0,137.7,18.3,1324,3891.1,7.516251,7.516251,-6.039738,2.23694,-4.47388,1.342164,0.223694,0.894776,-1.8,-0.6,1.8,-142.9,217.1,216.0,Tripod,Other,,23,5,True,,True,False,,Smart,RC,False,True,False,,,True,,False,False,False,False,False,False,False,False,False,False,0,Follow Yaw,-77.9,0,-151,209,False,False,False,False,False,,0,0,False,False,No Card,100,100,1024,1414,792,915,2,False,False,False,False,False,0,False,False,False,False,75,,46.812,,7532,,10044,,46.812,,True,3.901,3.901,3.901,3.901,3.901,3.901,3.901,3.901,3.901,3.901,3.901,3.901,0,,False,False,True,,,,,,,,,,,,,,,False,False,19.006,,100.0,,75.7,,100.0,,1429,102,6,21,7,142937.4,19058.32,,Idle,,20,,10,,,20,Go Home,False,False,False,False,False,False,False,False,False,False,False,False,33.8027920380556,-117.4659261431046,3402.1,3402.1,1049.4,396.9,True,1,1,False,False,False,False,,True,False,False,Course Lock,196.8,67,16.4,93,NE,S,2.46,11.4,Calm,False,False,Android,7.0.2,M300 RTK,1ZN7L4R0H1D00F,1W9DL31001461C,1ZMLH8300204F0,1Z6PH74DAP0QN7,"Corona, CA",728.3,5.7,137.7,8.547347,2.013246,0,0,DJI Matrice 300 RTK,M300 RTK,1ZN7L4R0H1D00F,1W9DL31001461C,1ZMLH8300204F0,1Z6PH74DAP0QN7,DJI Pilot,Android,7.0.2,1EF72A62-B7C3-C88D-164E-CE6F8C8424AE,1ZN7L4R0H1D00F,1W9DL31001461C,,1ZMLH8300204F0,1W9DL31001461C,,,,,
2023-11-01,11:32:10.86 AM,7m 48.5s,468.5,33.7982517693902,-117.4757331751126,60.0,137.7,18.3,1324,3892.4,7.516251,7.516251,-6.039738,2.23694,-4.47388,1.342164,0.223694,0.894776,-1.8,-0.7,1.9,-143,217,216.3,Tripod,Other,,23,5,True,,True,False,,Smart,RC,False,True,False,,,True,,False,False,False,False,False,False,False,False,False,False,0,Follow Yaw,-77.9,0,-151.1,208.9,False,False,False,False,False,,0,0,False,False,No Card,100,100,1024,1414,805,911,2,False,False,False,False,False,0,False,False,False,False,75,,46.812,,7532,,10044,,46.812,,True,3.901,3.901,3.901,3.901,3.901,3.901,3.901,3.901,3.901,3.901,3.901,3.901,0,,False,False,True,,,,,,,,,,,,,,,False,False,19.006,,100.0,,75.7,,100.0,,1429,102,6,21,7,142937.4,19058.32,,Idle,,20,,10,,,20,Go Home,False,False,False,False,False,False,False,False,False,False,False,False,33.8027920380556,-117.4659261431046,3403.2,3403.2,1049.4,396.9,True,1,1,False,False,False,False,,True,False,False,Course Lock,196.8,67,16.4,93,NE,S,2.46,11.4,Calm,False,False,Android,7.0.2,M300 RTK,1ZN7L4R0H1D00F,1W9DL31001461C,1ZMLH8300204F0,1Z6PH74DAP0QN7,"Corona, CA",728.3,5.7,137.7,8.547347,2.013246,0,0,DJI Matrice 300 RTK,M300 RTK,1ZN7L4R0H1D00F,1W9DL31001461C,1ZMLH8300204F0,1Z6PH74DAP0QN7,DJI Pilot,Android,7.0.2,1EF72A62-B7C3-C88D-164E-CE6F8C8424AE,1ZN7L4R0H1D00F,1W9DL31001461C,,1ZMLH8300204F0,1W9DL31001461C,,,,,
2023-11-01,11:32:10.97 AM,7m 48.6s,468.6,33.7982492353401,-117.4757353791037,60.0,137.7,18.3,1324,3893.5,7.516251,7.516251,-6.039738,2.23694,-4.47388,1.342164,0.223694,0.894776,-1.8,-1.1,2.1,-143.1,216.9,215.8,Tripod,Other,,23,5,True,,True,False,,Smart,RC,False,True,False,,,True,,False,False,False,False,False,False,False,False,False,False,0,Follow Yaw,-77.9,0,-151.3,208.7,False,False,False,False,False,,0,0,False,False,No Card,100,100,1024,1413,797,995,2,False,False,False,False,False,0,False,False,False,False,75,,46.812,,7532,,10044,,46.812,,True,3.901,3.901,3.901,3.901,3.901,3.901,3.901,3.901,3.901,3.901,3.901,3.901,0,,False,False,True,,,,,,,,,,,,,,,False,False,19.006,,100.0,,75.7,,100.0,,1429,102,6,21,7,142937.4,19058.32,,Idle,,20,,10,,,20,Go Home,False,False,False,False,False,False,False,False,False,False,False,False,33.8027920380556,-117.4659261431046,3404.3,3404.3,1049.4,396.9,True,1,1,False,False,False,False,,True,False,False,Course Lock,196.8,67,16.4,93,NE,S,2.46,11.4,Calm,False,False,Android,7.0.2,M300 RTK,1ZN7L4R0H1D00F,1W9DL31001461C,1ZMLH8300204F0,1Z6PH74DAP0QN7,"Corona, CA",728.3,5.7,137.7,8.547347,2.013246,0,0,DJI Matrice 300 RTK,M300 RTK,1ZN7L4R0H1D00F,1W9DL31001461C,1ZMLH8300204F0,1Z6PH74DAP0QN7,DJI Pilot,Android,7.0.2,1EF72A62-B7C3-C88D-164E-CE6F8C8424AE,1ZN7L4R0H1D00F,1W9DL31001461C,,1ZMLH8300204F0,1W9DL31001461C,,,,,
2023-11-01,11:32:11.07 AM,7m 48.7s,468.7,33.7982467942197,-117.4757375686633,60.0,137.7,18.7,1324,3894.6,7.516251,7.516251,-6.039738,2.23694,-4.47388,1.342164,0.223694,0.894776,-1.9,-1.2,2.2,-143.2,216.8,216.6,Tripod,Other,,23,5,True,,True,False,,Smart,RC,False,True,False,,,True,,False,False,False,False,False,False,False,False,False,False,0,Follow Yaw,-77.9,0,-151.4,208.6,False,False,False,False,False,,0,0,False,False,No Card,100,100,1024,1413,794,988,2,False,False,False,False,False,0,False,False,False,False,75,,46.812,,7532,,10044,,46.812,,True,3.901,3.901,3.901,3.901,3.901,3.901,3.901,3.901,3.901,3.901,3.901,3.901,0,,False,False,True,,,,,,,,,,,,,,,False,False,19.006,,100.0,,75.7,,100.0,,1429,102,6,21,7,142937.4,19058.32,,Idle,,20,,10,,,20,Go Home,False,False,False,False,False,False,False,False,False,False,False,False,33.8027920380556,-117.4659261431046,3405.3,3405.3,1049.4,396.9,True,1,1,False,False,False,False,,True,False,False,Course Lock,196.8,67,16.4,93,NE,S,2.46,11.4,Calm,False,False,Android,7.0.2,M300 RTK,1ZN7L4R0H1D00F,1W9DL31001461C,1ZMLH8300204F0,1Z6PH74DAP0QN7,"Corona, CA",728.3,5.7,137.7,8.547347,2.013246,0,0,DJI Matrice 300 RTK,M300 RTK,1ZN7L4R0H1D00F,1W9DL31001461C,1ZMLH8300204F0,1Z6PH74DAP0QN7,DJI Pilot,Android,7.0.2,1EF72A62-B7C3-C88D-164E-CE6F8C8424AE,1ZN7L4R0H1D00F,1W9DL31001461C,,1ZMLH8300204F0,1W9DL31001461C,,,,,
2023-11-01,11:32:11.17 AM,7m 48.8s,468.8,33.7982441354408,-117.4757398382976,60.0,137.7,18.7,1324,3895.8,7.38529,7.516251,-6.039738,2.23694,-4.250186,1.342164,0.223694,0.894776,-1.9,-0.6,1.9,-143.3,216.7,215.3,Tripod,Other,,23,5,True,,True,False,,Smart,RC,False,True,False,,,True,,False,False,False,False,False,False,False,False,False,False,0,Follow Yaw,-77.9,0,-151.4,208.6,False,False,False,False,False,,0,0,False,False,No Card,100,100,1024,1414,801,904,2,False,False,False,False,False,0,False,False,False,False,75,,46.812,,7532,,10044,,46.812,,True,3.901,3.901,3.901,3.901,3.901,3.901,3.901,3.901,3.901,3.901,3.901,3.901,0,,False,False,True,,,,,,,,,,,,,,,False,False,19.006,,100.0,,75.7,,100.0,,1429,102,6,21,7,142937.4,19058.32,,Idle,,20,,10,,,20,Go Home,False,False,False,False,False,False,False,False,False,False,False,False,33.8027920380556,-117.4659261431046,3406.4,3406.4,1049.4,396.9,True,1,1,False,False,False,False,,True,False,False,Course Lock,196.8,67,16.4,93,NE,S,2.46,11.4,Calm,False,False,Android,7.0.2,M300 RTK,1ZN7L4R0H1D00F,1W9DL31001461C,1ZMLH8300204F0,1Z6PH74DAP0QN7,"Corona, CA",728.3,5.7,137.7,8.547347,2.013246,0,0,DJI Matrice 300 RTK,M300 RTK,1ZN7L4R0H1D00F,1W9DL31001461C,1ZMLH8300204F0,1Z6PH74DAP0QN7,DJI Pilot,Android,7.0.2,1EF72A62-B7C3-C88D-164E-CE6F8C8424AE,1ZN7L4R0H1D00F,1W9DL31001461C,,1ZMLH8300204F0,1W9DL31001461C,,,,,
2023-11-01,11:32:11.27 AM,7m 48.9s,468.9,33.7982416951428,-117.4757417266082,59.7,137.7,18.7,1323,3896.9,7.38529,7.516251,-6.039738,2.23694,-4.250186,1.342164,0.223694,0.894776,-2,-0.2,2,-143.2,216.8,212.7,Tripod,Other,,23,5,True,,True,False,,Smart,RC,False,True,False,,,True,,False,False,False,False,False,False,False,False,False,False,0,Follow Yaw,-77.9,0,-151.5,208.5,False,False,False,False,False,,0,0,False,False,No Card,100,100,1024,1414,810,868,2,False,False,False,False,False,0,False,False,False,False,75,,46.812,,7532,,10044,,46.812,,True,3.901,3.901,3.901,3.901,3.901,3.901,3.901,3.901,3.901,3.901,3.901,3.901,0,,False,False,True,,,,,,,,,,,,,,,False,False,19.006,,100.0,,75.7,,100.0,,1429,102,6,21,7,142937.4,19058.32,,Idle,,20,,10,,,20,Go Home,False,False,False,False,False,False,False,False,False,False,False,False,33.8027920380556,-117.4659261431046,3407.3,3407.3,1049.4,396.9,True,1,1,False,False,False,False,,True,False,False,Course Lock,196.8,67,16.4,93,NE,S,2.46,11.4,Calm,False,False,Android,7.0.2,M300 RTK,1ZN7L4R0H1D00F,1W9DL31001461C,1ZMLH8300204F0,1Z6PH74DAP0QN7,"Corona, CA",728.3,5.7,137.7,8.547347,2.013246,0,0,DJI Matrice 300 RTK,M300 RTK,1ZN7L4R0H1D00F,1W9DL31001461C,1ZMLH8300204F0,1Z6PH74DAP0QN7,DJI Pilot,Android,7.0.2,1EF72A62-B7C3-C88D-164E-CE6F8C8424AE,1ZN7L4R0H1D00F,1W9DL31001461C,,1ZMLH8300204F0,1W9DL31001461C,,,,,
2023-11-01,11:32:11.38 AM,7m 49.0s,469.0,33.7982391832971,-117.4757438504422,59.7,137.7,18.7,1323,3898.0,7.38529,7.516251,-6.039738,2.23694,-4.250186,1.342164,0.223694,0.894776,-2.6,-0.3,2.6,-143.3,216.7,215.0,Tripod,Other,,23,5,True,,True,False,,Smart,RC,False,True,False,,,True,,False,False,False,False,False,False,False,False,False,False,0,Follow Yaw,-77.9,0,-151.7,208.3,False,False,False,False,False,,0,0,False,False,No Card,100,100,1024,1413,800,952,2,False,False,False,False,False,0,False,False,False,False,75,,46.8,,3739,,4986,,46.8,,True,3.901,3.901,3.901,3.901,3.901,3.901,3.901,3.901,3.901,3.901,3.901,3.901,0,,False,False,True,,,,,,,,,,,,,,,False,False,9.602,,100.0,,75.7,,100.0,,1429,102,6,21,7,142937.4,19058.32,,Idle,,20,,10,,,20,Go Home,False,False,False,False,False,False,False,False,False,False,False,False,33.8027920380556,-117.4659261431046,3408.3,3408.3,1049.4,396.9,True,1,1,False,False,False,False,,True,False,False,Course Lock,196.8,67,16.4,93,NE,S,2.46,11.4,Calm,False,False,Android,7.0.2,M300 RTK,1ZN7L4R0H1D00F,1W9DL31001461C,1ZMLH8300204F0,1Z6PH74DAP0QN7,"Corona, CA",728.3,5.7,137.7,8.547347,2.013246,0,0,DJI Matrice 300 RTK,M300 RTK,1ZN7L4R0H1D00F,1W9DL31001461C,1ZMLH8300204F0,1Z6PH74DAP0QN7,DJI Pilot,Android,7.0.2,1EF72A62-B7C3-C88D-164E-CE6F8C8424AE,1ZN7L4R0H1D00F,1W9DL31001461C,,1ZMLH8300204F0,1W9DL31001461C,,,,,
2023-11-01,11:32:11.44 AM,7m 49.1s,469.1,33.7982367898753,-117.4757458477732,59.7,137.7,18.7,1323,3899.0,7.38529,7.516251,-6.039738,2.23694,-4.250186,1.342164,0.447388,0.894776,-2.8,-0.7,2.8,-143.4,216.6,214.7,Tripod,Other,,23,5,True,,True,False,,Smart,RC,False,True,False,,,True,,False,False,False,False,False,False,False,False,False,False,0,Follow Yaw,-77.9,0,-152,208,False,False,False,False,False,,0,0,False,False,No Card,100,100,1024,1413,800,952,2,False,False,False,False,False,0,False,False,False,False,75,,46.8,,3739,,4986,,46.8,,True,3.901,3.901,3.901,3.901,3.901,3.901,3.901,3.901,3.901,3.901,3.901,3.901,0,,False,False,True,,,,,,,,,,,,,,,False,False,9.602,,100.0,,75.7,,100.0,,1429,102,6,21,7,142937.4,19058.32,,Idle,,20,,10,,,20,Go Home,False,False,False,False,False,False,False,False,False,False,False,False,33.8027920380556,-117.4659261431046,3409.2,3409.2,1049.4,396.9,True,1,1,False,False,False,False,,True,False,False,Course Lock,196.8,67,16.4,93,NE,S,2.46,11.4,Calm,False,False,Android,7.0.2,M300 RTK,1ZN7L4R0H1D00F,1W9DL31001461C,1ZMLH8300204F0,1Z6PH74DAP0QN7,"Corona, CA",728.3,5.7,137.7,8.547347,2.013246,0,0,DJI Matrice 300 RTK,M300 RTK,1ZN7L4R0H1D00F,1W9DL31001461C,1ZMLH8300204F0,1Z6PH74DAP0QN7,DJI Pilot,Android,7.0.2,1EF72A62-B7C3-C88D-164E-CE6F8C8424AE,1ZN7L4R0H1D00F,1W9DL31001461C,,1ZMLH8300204F0,1W9DL31001461C,,,,,
2023-11-01,11:32:11.54 AM,7m 49.2s,469.2,33.7982344079668,-117.475747853928,59.7,137.7,18.7,1323,3900.1,7.38529,7.516251,-6.039738,2.23694,-4.250186,1.342164,0.447388,0.894776,-2.8,-1,2.9,-143.6,216.4,214.9,Tripod,Other,,23,5,True,,True,False,,Smart,RC,False,True,False,,,True,,False,False,False,False,False,False,False,False,False,False,0,Follow Yaw,-77.9,0,-152.1,207.9,False,False,False,False,False,,0,0,False,False,No Card,100,100,1024,1412,793,976,2,False,False,False,False,False,0,False,False,False,False,75,,46.8,,3739,,4986,,46.8,,True,3.901,3.901,3.901,3.901,3.901,3.901,3.901,3.901,3.901,3.901,3.901,3.901,0,,False,False,True,,,,,,,,,,,,,,,False,False,9.602,,100.0,,75.7,,100.0,,1429,102,6,21,7,142937.4,19058.32,,Idle,,20,,10,,,20,Go Home,False,False,False,False,False,False,False,False,False,False,False,False,33.8027920380556,-117.4659261431046,3410.2,3410.2,1049.4,396.9,True,1,1,False,False,False,False,,True,False,False,Course Lock,196.8,67,16.4,93,NE,S,2.46,11.4,Calm,False,False,Android,7.0.2,M300 RTK,1ZN7L4R0H1D00F,1W9DL31001461C,1ZMLH8300204F0,1Z6PH74DAP0QN7,"Corona, CA",728.3,5.7,137.7,8.547347,2.013246,0,0,DJI Matrice 300 RTK,M300 RTK,1ZN7L4R0H1D00F,1W9DL31001461C,1ZMLH8300204F0,1Z6PH74DAP0QN7,DJI Pilot,Android,7.0.2,1EF72A62-B7C3-C88D-164E-CE6F8C8424AE,1ZN7L4R0H1D00F,1W9DL31001461C,,1ZMLH8300204F0,1W9DL31001461C,,,,,
2023-11-01,11:32:11.64 AM,7m 49.3s,469.3,33.7982318051102,-117.4757501323862,59.7,137.7,18.3,1323,3901.3,7.38529,7.516251,-6.039738,2.23694,-4.250186,1.342164,0.447388,0.894776,-2.6,-0.9,2.7,-143.7,216.3,216.0,Tripod,Other,,23,5,True,,True,False,,Smart,RC,False,True,False,,,True,,False,False,False,False,False,False,False,False,False,False,0,Follow Yaw,-77.9,0,-152.2,207.8,False,False,False,False,False,,0,0,False,False,No Card,100,100,1024,1411,793,978,2,False,False,False,False,False,0,False,False,False,False,75,,46.8,,3739,,4986,,46.8,,True,3.902,3.902,3.902,3.902,3.902,3.902,3.902,3.902,3.902,3.902,3.902,3.902,0,,False,False,True,,,,,,,,,,,,,,,False,False,9.602,,100.0,,75.7,,100.0,,1428,103,6,21,7,142952.9,19060.39,,Idle,,20,,10,,,20,Go Home,False,False,False,False,False,False,False,False,False,False,False,False,33.8027920380556,-117.4659261431046,3411.3,3411.3,1049.4,396.9,True,1,1,False,False,False,False,,True,False,False,Course Lock,196.8,67,16.4,93,NE,S,2.46,11.4,Calm,False,False,Android,7.0.2,M300 RTK,1ZN7L4R0H1D00F,1W9DL31001461C,1ZMLH8300204F0,1Z6PH74DAP0QN7,"Corona, CA",728.3,5.7,137.7,8.547347,2.013246,0,0,DJI Matrice 300 RTK,M300 RTK,1ZN7L4R0H1D00F,1W9DL31001461C,1ZMLH8300204F0,1Z6PH74DAP0QN7,DJI Pilot,Android,7.0.2,1EF72A62-B7C3-C88D-164E-CE6F8C8424AE,1ZN7L4R0H1D00F,1W9DL31001461C,,1ZMLH8300204F0,1W9DL31001461C,,,,,
2023-11-01,11:32:11.74 AM,7m 49.4s,469.4,33.7982294133331,-117.4757521280678,59.3,137.7,18.3,1323,3902.3,7.38529,7.516251,-6.039738,2.23694,-4.250186,1.342164,0.447388,0.894776,-2.3,-0.7,2.4,-143.9,216.1,214.7,Tripod,Other,,23,5,True,,True,False,,Smart,RC,False,True,False,,,True,,False,False,False,False,False,False,False,False,False,False,0,Follow Yaw,-77.9,0,-152.3,207.7,False,False,False,False,False,,0,0,False,False,No Card,100,100,1024,1411,793,983,2,False,False,False,False,False,0,False,False,False,False,75,,46.8,,3739,,4986,,46.8,,True,3.902,3.902,3.902,3.902,3.902,3.902,3.902,3.902,3.902,3.902,3.902,3.902,0,,False,False,True,,,,,,,,,,,,,,,False,False,9.602,,100.0,,75.7,,100.0,,1428,103,6,21,7,142952.9,19060.39,,Idle,,20,,10,,,20,Go Home,False,False,False,False,False,False,False,False,False,False,False,False,33.8027920380556,-117.4659261431046,3412.2,3412.2,1049.4,396.9,True,1,1,False,False,False,False,,True,False,False,Course Lock,196.8,67,16.4,93,NE,S,2.46,11.4,Calm,False,False,Android,7.0.2,M300 RTK,1ZN7L4R0H1D00F,1W9DL31001461C,1ZMLH8300204F0,1Z6PH74DAP0QN7,"Corona, CA",728.3,5.7,137.7,8.547347,2.013246,0,0,DJI Matrice 300 RTK,M300 RTK,1ZN7L4R0H1D00F,1W9DL31001461C,1ZMLH8300204F0,1Z6PH74DAP0QN7,DJI Pilot,Android,7.0.2,1EF72A62-B7C3-C88D-164E-CE6F8C8424AE,1ZN7L4R0H1D00F,1W9DL31001461C,,1ZMLH8300204F0,1W9DL31001461C,,,,,
2023-11-01,11:32:11.84 AM,7m 49.5s,469.5,33.7982265426524,-117.4757541570657,59.3,137.7,18.3,1323,3903.6,7.38529,7.516251,-6.039738,2.23694,-4.250186,1.342164,0.447388,0.894776,-2.2,-0.6,2.2,-144.1,215.9,210.4,Tripod,Other,,23,5,True,,True,False,,Smart,RC,False,True,False,,,True,,False,False,False,False,False,False,False,False,False,False,0,Follow Yaw,-77.9,0,-152.3,207.7,False,False,False,False,False,,0,0,False,False,No Card,100,100,1024,1410,793,986,2,False,False,False,False,False,0,False,False,False,False,75,,46.8,,3739,,4986,,46.8,,True,3.902,3.902,3.902,3.902,3.902,3.902,3.902,3.902,3.902,3.902,3.902,3.902,0,,False,False,True,,,,,,,,,,,,,,,False,False,9.602,,100.0,,75.7,,100.0,,1428,103,6,21,7,142952.9,19060.39,,Idle,,20,,10,,,20,Go Home,False,False,False,False,False,False,False,False,False,False,False,False,33.8027920380556,-117.4659261431046,3413.3,3413.3,1049.4,396.9,True,1,1,False,False,False,False,,True,False,False,Course Lock,196.8,67,16.4,93,NE,S,2.46,11.4,Calm,False,False,Android,7.0.2,M300 RTK,1ZN7L4R0H1D00F,1W9DL31001461C,1ZMLH8300204F0,1Z6PH74DAP0QN7,"Corona, CA",728.3,5.7,137.7,8.547347,2.013246,0,0,DJI Matrice 300 RTK,M300 RTK,1ZN7L4R0H1D00F,1W9DL31001461C,1ZMLH8300204F0,1Z6PH74DAP0QN7,DJI Pilot,Android,7.0.2,1EF72A62-B7C3-C88D-164E-CE6F8C8424AE,1ZN7L4R0H1D00F,1W9DL31001461C,,1ZMLH8300204F0,1W9DL31001461C,,,,,
2023-11-01,11:32:11.94 AM,7m 49.6s,469.6,33.7982239937992,-117.4757562287812,59.3,137.7,18.3,1323,3904.7,7.38529,7.516251,-6.039738,2.23694,-4.250186,1.342164,0.223694,0.894776,-2,-0.5,2,-144.3,215.7,214.0,Tripod,Other,,23,5,True,,True,False,,Smart,RC,False,True,False,,,True,,False,False,False,False,False,False,False,False,False,False,0,Follow Yaw,-77.9,0,-152.4,207.6,False,False,False,False,False,,0,0,False,False,No Card,100,100,1024,1410,791,994,2,False,False,False,False,False,0,False,False,False,False,75,,46.8,,3739,,4986,,46.8,,True,3.902,3.902,3.902,3.902,3.902,3.902,3.902,3.902,3.902,3.902,3.902,3.902,0,,False,False,True,,,,,,,,,,,,,,,False,False,9.602,,100.0,,75.7,,100.0,,1428,103,6,21,7,142952.9,19060.39,,Idle,,20,,10,,,20,Go Home,False,False,False,False,False,False,False,False,False,False,False,False,33.8027920380556,-117.4659261431046,3414.3,3414.3,1049.4,396.9,True,1,1,False,False,False,False,,True,False,False,Course Lock,196.8,67,16.4,93,NE,S,2.46,11.4,Calm,False,False,Android,7.0.2,M300 RTK,1ZN7L4R0H1D00F,1W9DL31001461C,1ZMLH8300204F0,1Z6PH74DAP0QN7,"Corona, CA",728.3,5.7,137.7,8.547347,2.013246,0,0,DJI Matrice 300 RTK,M300 RTK,1ZN7L4R0H1D00F,1W9DL31001461C,1ZMLH8300204F0,1Z6PH74DAP0QN7,DJI Pilot,Android,7.0.2,1EF72A62-B7C3-C88D-164E-CE6F8C8424AE,1ZN7L4R0H1D00F,1W9DL31001461C,,1ZMLH8300204F0,1W9DL31001461C,,,,,
2023-11-01,11:32:12.00 AM,7m 49.7s,469.7,33.7982217610171,-117.4757582132474,59.3,137.7,18.3,1323,3905.7,7.38529,7.516251,-6.039738,2.23694,-4.250186,1.342164,0.223694,0.894776,-1.7,-0.4,1.7,-144.4,215.6,216.4,Tripod,Other,,23,5,True,,True,False,,Smart,RC,False,True,False,,,True,,False,False,False,False,False,False,False,False,False,False,0,Follow Yaw,-77.9,0,-152.4,207.6,False,False,False,False,False,,0,0,False,False,No Card,100,100,1024,1409,787,1005,2,False,False,False,False,False,0,False,False,False,False,75,,46.8,,3739,,4986,,46.8,,True,3.902,3.902,3.902,3.902,3.902,3.902,3.902,3.902,3.902,3.902,3.902,3.902,0,,False,False,True,,,,,,,,,,,,,,,False,False,9.602,,100.0,,75.7,,100.0,,1428,103,6,21,7,142952.9,19060.39,,Idle,,20,,10,,,20,Go Home,False,False,False,False,False,False,False,False,False,False,False,False,33.8027920380556,-117.4659261431046,3415.2,3415.2,1049.4,396.9,True,1,1,False,False,False,False,,True,False,False,Course Lock,196.8,67,16.4,93,NE,S,2.46,11.4,Calm,False,False,Android,7.0.2,M300 RTK,1ZN7L4R0H1D00F,1W9DL31001461C,1ZMLH8300204F0,1Z6PH74DAP0QN7,"Corona, CA",728.3,5.7,137.7,8.547347,2.013246,0,0,DJI Matrice 300 RTK,M300 RTK,1ZN7L4R0H1D00F,1W9DL31001461C,1ZMLH8300204F0,1Z6PH74DAP0QN7,DJI Pilot,Android,7.0.2,1EF72A62-B7C3-C88D-164E-CE6F8C8424AE,1ZN7L4R0H1D00F,1W9DL31001461C,,1ZMLH8300204F0,1W9DL31001461C,,,,,
2023-11-01,11:32:12.14 AM,7m 49.8s,469.8,33.7982192475266,-117.4757602551925,59.3,137.7,18.3,1323,3906.8,7.38529,7.516251,-6.039738,2.23694,-4.250186,1.342164,0.223694,0.894776,-1.5,-0.3,1.5,-144.4,215.6,214.0,Tripod,Other,,23,5,True,,True,False,,Smart,RC,False,True,False,,,True,,False,False,False,False,False,False,False,False,False,False,0,Follow Yaw,-77.9,0,-152.4,207.6,False,False,False,False,False,,0,0,False,False,No Card,100,100,1024,1406,784,1015,2,False,False,False,False,False,0,False,False,False,False,75,,46.8,,3739,,4986,,46.8,,True,3.902,3.902,3.902,3.902,3.902,3.902,3.902,3.902,3.902,3.902,3.902,3.902,0,,False,False,True,,,,,,,,,,,,,,,False,False,9.602,,100.0,,75.7,,100.0,,1428,103,6,21,7,142952.9,19060.39,,Idle,,20,,10,,,20,Go Home,False,False,False,False,False,False,False,False,False,False,False,False,33.8027920380556,-117.4659261431046,3416.2,3416.2,1049.4,396.9,True,1,1,False,False,False,False,,True,False,False,Course Lock,196.8,67,16.4,93,NE,S,2.46,11.4,Calm,False,False,Android,7.0.2,M300 RTK,1ZN7L4R0H1D00F,1W9DL31001461C,1ZMLH8300204F0,1Z6PH74DAP0QN7,"Corona, CA",728.3,5.7,137.7,8.547347,2.013246,0,0,DJI Matrice 300 RTK,M300 RTK,1ZN7L4R0H1D00F,1W9DL31001461C,1ZMLH8300204F0,1Z6PH74DAP0QN7,DJI Pilot,Android,7.0.2,1EF72A62-B7C3-C88D-164E-CE6F8C8424AE,1ZN7L4R0H1D00F,1W9DL31001461C,,1ZMLH8300204F0,1W9DL31001461C,,,,,
2023-11-01,11:32:12.24 AM,7m 49.9s,469.9,33.7982163458692,-117.4757625465979,59.3,137.7,18.3,1323,3908.1,7.38529,7.516251,-6.039738,2.23694,-4.250186,1.342164,0.223694,0.894776,-2.2,-0.1,2.2,-144.4,215.6,213.2,Tripod,Other,,23,5,True,,True,False,,Smart,RC,False,True,False,,,True,,False,False,False,False,False,False,False,False,False,False,0,Follow Yaw,-77.9,0,-152.4,207.6,False,False,False,False,False,,0,0,False,False,No Card,100,100,1024,1407,790,966,2,False,False,False,False,False,0,False,False,False,False,75,,46.8,,3739,,4986,,46.8,,True,3.902,3.902,3.902,3.902,3.902,3.902,3.902,3.902,3.902,3.902,3.902,3.902,0,,False,False,True,,,,,,,,,,,,,,,False,False,9.602,,100.0,,75.7,,100.0,,1428,103,6,21,7,142952.9,19060.39,,Idle,,20,,10,,,20,Go Home,False,False,False,False,False,False,False,False,False,False,False,False,33.8027920380556,-117.4659261431046,3417.3,3417.3,1049.4,396.9,True,1,1,False,False,False,False,,True,False,False,Course Lock,196.8,67,16.4,93,NE,S,2.46,11.4,Calm,False,False,Android,7.0.2,M300 RTK,1ZN7L4R0H1D00F,1W9DL31001461C,1ZMLH8300204F0,1Z6PH74DAP0QN7,"Corona, CA",728.3,5.7,137.7,8.547347,2.013246,0,0,DJI Matrice 300 RTK,M300 RTK,1ZN7L4R0H1D00F,1W9DL31001461C,1ZMLH8300204F0,1Z6PH74DAP0QN7,DJI Pilot,Android,7.0.2,1EF72A62-B7C3-C88D-164E-CE6F8C8424AE,1ZN7L4R0H1D00F,1W9DL31001461C,,1ZMLH8300204F0,1W9DL31001461C,,,,,
2023-11-01,11:32:12.32 AM,7m 50.0s,470.0,33.7982138348459,-117.4757645798016,59.0,137.7,18.3,1323,3909.2,7.38529,7.516251,-6.039738,2.23694,-4.250186,1.342164,0.447388,0.894776,-3,0.1,3,-144.3,215.7,213.9,Tripod,Other,,23,5,True,,True,False,,Smart,RC,False,True,False,,,True,,False,False,False,False,False,False,False,False,False,False,0,Follow Yaw,-77.9,0,-152.4,207.6,False,False,False,False,False,,0,0,False,False,No Card,100,100,1024,1409,808,892,2,False,False,False,False,False,0,False,False,False,False,75,,46.824,,7532,,10044,,46.824,,True,3.902,3.902,3.902,3.902,3.902,3.902,3.902,3.902,3.902,3.902,3.902,3.902,0,,False,False,True,,,,,,,,,,,,,,,False,False,18.84,,100.2,,75.7,,100.2,,1428,103,6,21,7,142952.9,19060.39,,Idle,,20,,10,,,20,Go Home,False,False,False,False,False,False,False,False,False,False,False,False,33.8027920380556,-117.4659261431046,3418.3,3418.3,1049.4,396.9,True,1,1,False,False,False,False,,True,False,False,Course Lock,196.8,67,16.4,93,NE,S,2.46,11.4,Calm,False,False,Android,7.0.2,M300 RTK,1ZN7L4R0H1D00F,1W9DL31001461C,1ZMLH8300204F0,1Z6PH74DAP0QN7,"Corona, CA",728.3,5.7,137.7,8.547347,2.013246,0,0,DJI Matrice 300 RTK,M300 RTK,1ZN7L4R0H1D00F,1W9DL31001461C,1ZMLH8300204F0,1Z6PH74DAP0QN7,DJI Pilot,Android,7.0.2,1EF72A62-B7C3-C88D-164E-CE6F8C8424AE,1ZN7L4R0H1D00F,1W9DL31001461C,,1ZMLH8300204F0,1W9DL31001461C,,,,,
2023-11-01,11:32:12.44 AM,7m 50.1s,470.1,33.7982117884716,-117.4757664033763,59.0,137.7,18.3,1323,3910.1,7.38529,7.516251,-6.039738,2.23694,-4.250186,1.342164,0.447388,0.894776,-3.7,0.3,3.7,-144.1,215.9,216.5,Tripod,Other,,23,5,True,,True,False,,Smart,RC,False,True,False,,,True,,False,False,False,False,False,False,False,False,False,False,0,Follow Yaw,-77.9,0,-152.6,207.4,False,False,False,False,False,,0,0,False,False,No Card,100,100,1024,1409,808,895,2,False,False,False,False,False,0,False,False,False,False,75,,46.824,,7532,,10044,,46.824,,True,3.902,3.902,3.902,3.902,3.902,3.902,3.902,3.902,3.902,3.902,3.902,3.902,0,,False,False,True,,,,,,,,,,,,,,,False,False,18.84,,100.2,,75.7,,100.2,,1428,103,6,21,7,142952.9,19060.39,,Idle,,20,,10,,,20,Go Home,False,False,False,False,False,False,False,False,False,False,False,False,33.8027920380556,-117.4659261431046,3419.1,3419.1,1049.4,396.9,True,1,1,False,False,False,False,,True,False,False,Course Lock,196.8,67,16.4,93,NE,S,2.46,11.4,Calm,False,False,Android,7.0.2,M300 RTK,1ZN7L4R0H1D00F,1W9DL31001461C,1ZMLH8300204F0,1Z6PH74DAP0QN7,"Corona, CA",728.3,5.7,137.7,8.547347,2.013246,0,0,DJI Matrice 300 RTK,M300 RTK,1ZN7L4R0H1D00F,1W9DL31001461C,1ZMLH8300204F0,1Z6PH74DAP0QN7,DJI Pilot,Android,7.0.2,1EF72A62-B7C3-C88D-164E-CE6F8C8424AE,1ZN7L4R0H1D00F,1W9DL31001461C,,1ZMLH8300204F0,1W9DL31001461C,,,,,
2023-11-01,11:32:12.52 AM,7m 50.2s,470.2,33.7982092985562,-117.4757684498571,59.0,137.7,18.3,1323,3911.2,7.38529,7.516251,-6.039738,2.23694,-4.250186,1.342164,0.447388,0.894776,-3.9,0,3.9,-144.1,215.9,214.3,Tripod,Other,,23,5,True,,True,False,,Smart,RC,False,True,False,,,True,,False,False,False,False,False,False,False,False,False,False,0,Follow Yaw,-77.9,0,-152.8,207.2,False,False,False,False,False,,0,0,False,False,No Card,100,100,1024,1410,802,927,2,False,False,False,False,False,0,False,False,False,False,75,,46.824,,7532,,10044,,46.824,,True,3.902,3.902,3.902,3.902,3.902,3.902,3.902,3.902,3.902,3.902,3.902,3.902,0,,False,False,True,,,,,,,,,,,,,,,False,False,18.84,,100.2,,75.7,,100.2,,1428,103,6,21,7,142952.9,19060.39,,Idle,,20,,10,,,20,Go Home,False,False,False,False,False,False,False,False,False,False,False,False,33.8027920380556,-117.4659261431046,3420.1,3420.1,1049.4,396.9,True,1,1,False,False,False,False,,True,False,False,Course Lock,196.8,67,16.4,93,NE,S,2.46,11.4,Calm,False,False,Android,7.0.2,M300 RTK,1ZN7L4R0H1D00F,1W9DL31001461C,1ZMLH8300204F0,1Z6PH74DAP0QN7,"Corona, CA",728.3,5.7,137.7,8.547347,2.013246,0,0,DJI Matrice 300 RTK,M300 RTK,1ZN7L4R0H1D00F,1W9DL31001461C,1ZMLH8300204F0,1Z6PH74DAP0QN7,DJI Pilot,Android,7.0.2,1EF72A62-B7C3-C88D-164E-CE6F8C8424AE,1ZN7L4R0H1D00F,1W9DL31001461C,,1ZMLH8300204F0,1W9DL31001461C,,,,,
2023-11-01,11:32:12.64 AM,7m 50.3s,470.3,33.7982066512908,-117.4757703836891,59.0,137.7,18.3,1323,3912.3,7.38529,7.516251,-6.039738,2.23694,-4.250186,1.342164,0.447388,0.894776,-3.6,-0.7,3.6,-144.3,215.7,211.2,Tripod,Other,,23,5,True,,True,False,,Smart,RC,False,True,False,,,True,,False,False,False,False,False,False,False,False,False,False,0,Follow Yaw,-77.9,0,-153,207,False,False,False,False,False,,0,0,False,False,No Card,100,100,1024,1412,794,960,2,False,False,False,False,False,0,False,False,False,False,75,,46.824,,7532,,10044,,46.824,,True,3.903,3.903,3.903,3.903,3.903,3.903,3.903,3.903,3.903,3.903,3.903,3.903,0,,False,False,True,,,,,,,,,,,,,,,False,False,18.84,,100.2,,75.7,,100.2,,1427,103,6,21,7,142976.2,19063.49,,Idle,,20,,10,,,20,Go Home,False,False,False,False,False,False,False,False,False,False,False,False,33.8027920380556,-117.4659261431046,3421.1,3421.1,1049.4,396.9,True,1,1,False,False,False,False,,True,False,False,Course Lock,196.8,67,16.4,93,NE,S,2.46,11.4,Calm,False,False,Android,7.0.2,M300 RTK,1ZN7L4R0H1D00F,1W9DL31001461C,1ZMLH8300204F0,1Z6PH74DAP0QN7,"Corona, CA",728.3,5.7,137.7,8.547347,2.013246,0,0,DJI Matrice 300 RTK,M300 RTK,1ZN7L4R0H1D00F,1W9DL31001461C,1ZMLH8300204F0,1Z6PH74DAP0QN7,DJI Pilot,Android,7.0.2,1EF72A62-B7C3-C88D-164E-CE6F8C8424AE,1ZN7L4R0H1D00F,1W9DL31001461C,,1ZMLH8300204F0,1W9DL31001461C,,,,,
2023-11-01,11:32:12.73 AM,7m 50.4s,470.4,33.7982039930601,-117.475772544468,58.7,137.7,18.3,1322,3913.5,7.38529,7.516251,-6.039738,2.23694,-4.250186,1.342164,0.447388,0.894776,-3.2,-1,3.3,-144.5,215.5,214.0,Tripod,Other,,23,5,True,,True,False,,Smart,RC,False,True,False,,,True,,False,False,False,False,False,False,False,False,False,False,0,Follow Yaw,-77.9,0,-153.1,206.9,False,False,False,False,False,,0,0,False,False,No Card,100,100,1024,1411,794,960,2,False,False,False,False,False,0,False,False,False,False,75,,46.824,,7532,,10044,,46.824,,True,3.903,3.903,3.903,3.903,3.903,3.903,3.903,3.903,3.903,3.903,3.903,3.903,0,,False,False,True,,,,,,,,,,,,,,,False,False,18.84,,100.2,,75.7,,100.2,,1427,103,6,21,7,142976.2,19063.49,,Idle,,20,,10,,,20,Go Home,False,False,False,False,False,False,False,False,False,False,False,False,33.8027920380556,-117.4659261431046,3422.2,3422.2,1049.4,396.9,True,1,1,False,False,False,False,,True,False,False,Course Lock,196.8,67,16.4,93,NE,S,2.46,11.4,Calm,False,False,Android,7.0.2,M300 RTK,1ZN7L4R0H1D00F,1W9DL31001461C,1ZMLH8300204F0,1Z6PH74DAP0QN7,"Corona, CA",728.3,5.7,137.7,8.547347,2.013246,0,0,DJI Matrice 300 RTK,M300 RTK,1ZN7L4R0H1D00F,1W9DL31001461C,1ZMLH8300204F0,1Z6PH74DAP0QN7,DJI Pilot,Android,7.0.2,1EF72A62-B7C3-C88D-164E-CE6F8C8424AE,1ZN7L4R0H1D00F,1W9DL31001461C,,1ZMLH8300204F0,1W9DL31001461C,,,,,
2023-11-01,11:32:12.84 AM,7m 50.5s,470.5,33.7982013548409,-117.4757747879605,58.7,137.7,18.3,1322,3914.7,7.38529,7.516251,-6.039738,2.23694,-4.250186,1.342164,0.447388,0.894776,-2.8,-0.8,2.9,-144.6,215.4,215.2,Tripod,Other,,23,5,True,,True,False,,Smart,RC,False,True,False,,,True,,False,False,False,False,False,False,False,False,False,False,0,Follow Yaw,-77.9,0,-153.2,206.8,False,False,False,False,False,,0,0,False,False,No Card,100,100,1024,1411,793,959,2,False,False,False,False,False,0,False,False,False,False,75,,46.824,,7532,,10044,,46.824,,True,3.903,3.903,3.903,3.903,3.903,3.903,3.903,3.903,3.903,3.903,3.903,3.903,0,,False,False,True,,,,,,,,,,,,,,,False,False,18.84,,100.2,,75.7,,100.2,,1427,103,6,21,7,142976.2,19063.49,,Idle,,20,,10,,,20,Go Home,False,False,False,False,False,False,False,False,False,False,False,False,33.8027920380556,-117.4659261431046,3423.2,3423.2,1049.4,396.9,True,1,1,False,False,False,False,,True,False,False,Course Lock,196.8,67,16.4,93,NE,S,2.46,11.4,Calm,False,False,Android,7.0.2,M300 RTK,1ZN7L4R0H1D00F,1W9DL31001461C,1ZMLH8300204F0,1Z6PH74DAP0QN7,"Corona, CA",728.3,5.7,137.7,8.547347,2.013246,0,0,DJI Matrice 300 RTK,M300 RTK,1ZN7L4R0H1D00F,1W9DL31001461C,1ZMLH8300204F0,1Z6PH74DAP0QN7,DJI Pilot,Android,7.0.2,1EF72A62-B7C3-C88D-164E-CE6F8C8424AE,1ZN7L4R0H1D00F,1W9DL31001461C,,1ZMLH8300204F0,1W9DL31001461C,,,,,
2023-11-01,11:32:12.94 AM,7m 50.6s,470.6,33.7981987763818,-117.4757768614078,58.7,137.7,18.3,1322,3915.8,7.38529,7.516251,-6.039738,2.23694,-4.250186,1.342164,0.447388,0.894776,-2.6,-0.6,2.6,-144.8,215.2,213.7,Tripod,Other,,23,5,True,,True,False,,Smart,RC,False,True,False,,,True,,False,False,False,False,False,False,False,False,False,False,0,Follow Yaw,-77.9,0,-153.3,206.7,False,False,False,False,False,,0,0,False,False,No Card,100,100,1024,1411,795,921,2,False,False,False,False,False,0,False,False,False,False,75,,46.824,,7532,,10044,,46.824,,True,3.903,3.903,3.903,3.903,3.903,3.903,3.903,3.903,3.903,3.903,3.903,3.903,0,,False,False,True,,,,,,,,,,,,,,,False,False,18.84,,100.2,,75.7,,100.2,,1427,103,6,21,7,142976.2,19063.49,,Idle,,20,,10,,,20,Go Home,False,False,False,False,False,False,False,False,False,False,False,False,33.8027920380556,-117.4659261431046,3424.2,3424.2,1049.4,396.9,True,1,1,False,False,False,False,,True,False,False,Course Lock,196.8,67,16.4,93,NE,S,2.46,11.4,Calm,False,False,Android,7.0.2,M300 RTK,1ZN7L4R0H1D00F,1W9DL31001461C,1ZMLH8300204F0,1Z6PH74DAP0QN7,"Corona, CA",728.3,5.7,137.7,8.547347,2.013246,0,0,DJI Matrice 300 RTK,M300 RTK,1ZN7L4R0H1D00F,1W9DL31001461C,1ZMLH8300204F0,1Z6PH74DAP0QN7,DJI Pilot,Android,7.0.2,1EF72A62-B7C3-C88D-164E-CE6F8C8424AE,1ZN7L4R0H1D00F,1W9DL31001461C,,1ZMLH8300204F0,1W9DL31001461C,,,,,
2023-11-01,11:32:13.05 AM,7m 50.7s,470.7,33.7981962672774,-117.47577902631,58.7,137.7,18.3,1322,3916.9,7.38529,7.516251,-6.039738,2.23694,-4.250186,1.342164,0.447388,0.894776,-2.4,-0.6,2.4,-145,215,215.6,Tripod,Other,,23,5,True,,True,False,,Smart,RC,False,True,False,,,True,,False,False,False,False,False,False,False,False,False,False,0,Follow Yaw,-77.9,0,-153.4,206.6,False,False,False,False,False,,0,0,False,False,No Card,100,100,1024,1411,802,904,2,False,False,False,False,False,0,False,False,False,False,75,,46.776,,3739,,4986,,46.776,,True,3.903,3.903,3.903,3.903,3.903,3.903,3.903,3.903,3.903,3.903,3.903,3.903,0,,False,False,True,,,,,,,,,,,,,,,False,False,9.418,,100.0,,75.7,,100.2,,1427,103,6,21,7,142976.2,19063.49,,Idle,,20,,10,,,20,Go Home,False,False,False,False,False,False,False,False,False,False,False,False,33.8027920380556,-117.4659261431046,3425.2,3425.2,1049.4,396.9,True,1,1,False,False,False,False,,True,False,False,Course Lock,196.8,67,16.4,93,NE,S,2.46,11.4,Calm,False,False,Android,7.0.2,M300 RTK,1ZN7L4R0H1D00F,1W9DL31001461C,1ZMLH8300204F0,1Z6PH74DAP0QN7,"Corona, CA",728.3,5.7,137.7,8.547347,2.013246,0,0,DJI Matrice 300 RTK,M300 RTK,1ZN7L4R0H1D00F,1W9DL31001461C,1ZMLH8300204F0,1Z6PH74DAP0QN7,DJI Pilot,Android,7.0.2,1EF72A62-B7C3-C88D-164E-CE6F8C8424AE,1ZN7L4R0H1D00F,1W9DL31001461C,,1ZMLH8300204F0,1W9DL31001461C,,,,,
2023-11-01,11:32:13.15 AM,7m 50.8s,470.8,33.7981936784014,-117.4757811061071,58.7,137.7,18.3,1322,3918.1,7.38529,7.516251,-6.039738,2.23694,-4.250186,1.342164,0.447388,0.894776,-2.3,-0.9,2.4,-145.1,214.9,213.7,Tripod,Other,,23,5,True,,True,False,,Smart,RC,False,True,False,,,True,,False,False,False,False,False,False,False,False,False,False,0,Follow Yaw,-77.9,0,-153.6,206.4,False,False,False,False,False,,0,0,False,False,No Card,100,100,1024,1411,797,965,2,False,False,False,False,False,0,False,False,False,False,75,,46.776,,3739,,4986,,46.776,,True,3.903,3.903,3.903,3.903,3.903,3.903,3.903,3.903,3.903,3.903,3.903,3.903,0,,False,False,True,,,,,,,,,,,,,,,False,False,9.418,,100.0,,75.7,,100.2,,1427,103,6,21,7,142976.2,19063.49,,Idle,,20,,10,,,20,Go Home,False,False,False,False,False,False,False,False,False,False,False,False,33.8027920380556,-117.4659261431046,3426.3,3426.3,1049.4,396.9,True,1,1,False,False,False,False,,True,False,False,Course Lock,196.8,67,16.4,93,NE,S,2.46,11.4,Calm,False,False,Android,7.0.2,M300 RTK,1ZN7L4R0H1D00F,1W9DL31001461C,1ZMLH8300204F0,1Z6PH74DAP0QN7,"Corona, CA",728.3,5.7,137.7,8.547347,2.013246,0,0,DJI Matrice 300 RTK,M300 RTK,1ZN7L4R0H1D00F,1W9DL31001461C,1ZMLH8300204F0,1Z6PH74DAP0QN7,DJI Pilot,Android,7.0.2,1EF72A62-B7C3-C88D-164E-CE6F8C8424AE,1ZN7L4R0H1D00F,1W9DL31001461C,,1ZMLH8300204F0,1W9DL31001461C,,,,,
2023-11-01,11:32:13.25 AM,7m 50.9s,470.9,33.7981911599766,-117.4757831112723,58.3,137.7,18.3,1322,3919.2,7.569323,7.569323,-6.263432,2.23694,-4.250186,1.342164,0.223694,0.894776,-2.3,-1.3,2.6,-145.2,214.8,213.4,Tripod,Other,,23,5,True,,True,False,,Smart,RC,False,True,False,,,True,,False,False,False,False,False,False,False,False,False,False,0,Follow Yaw,-77.9,0,-153.8,206.2,False,False,False,False,False,,0,0,False,False,No Card,100,100,1024,1413,800,963,2,False,False,False,False,False,0,False,False,False,False,75,,46.776,,3739,,4986,,46.776,,True,3.903,3.903,3.903,3.903,3.903,3.903,3.903,3.903,3.903,3.903,3.903,3.903,0,,False,False,True,,,,,,,,,,,,,,,False,False,9.418,,100.0,,75.7,,100.2,,1427,103,6,21,7,142976.2,19063.49,,Idle,,20,,10,,,20,Go Home,False,False,False,False,False,False,False,False,False,False,False,False,33.8027920380556,-117.4659261431046,3427.2,3427.2,1049.4,396.9,True,1,1,False,False,False,False,,True,False,False,Course Lock,196.8,67,16.4,93,NE,S,2.46,11.4,Calm,False,False,Android,7.0.2,M300 RTK,1ZN7L4R0H1D00F,1W9DL31001461C,1ZMLH8300204F0,1Z6PH74DAP0QN7,"Corona, CA",728.3,5.7,137.7,8.547347,2.013246,0,0,DJI Matrice 300 RTK,M300 RTK,1ZN7L4R0H1D00F,1W9DL31001461C,1ZMLH8300204F0,1Z6PH74DAP0QN7,DJI Pilot,Android,7.0.2,1EF72A62-B7C3-C88D-164E-CE6F8C8424AE,1ZN7L4R0H1D00F,1W9DL31001461C,,1ZMLH8300204F0,1W9DL31001461C,,,,,
2023-11-01,11:32:13.35 AM,7m 51.0s,471.0,33.79818856973,-117.4757851528876,58.3,137.7,18.0,1322,3920.3,7.569323,7.569323,-6.263432,2.23694,-4.250186,1.342164,0.223694,0.894776,-2.2,-1,2.4,-145.3,214.7,213.2,Tripod,Other,,23,5,True,,True,False,,Smart,RC,False,True,False,,,True,,False,False,False,False,False,False,False,False,False,False,0,Follow Yaw,-77.9,0,-153.9,206.1,False,False,False,False,False,,0,0,False,False,No Card,100,100,1024,1414,803,928,2,False,False,False,False,False,0,False,False,False,False,75,,46.824,,7532,,10044,,46.824,,True,3.903,3.903,3.903,3.903,3.903,3.903,3.903,3.903,3.903,3.903,3.903,3.903,0,,False,False,True,,,,,,,,,,,,,,,False,False,18.596,,100.2,,75.7,,100.2,,1427,103,6,21,7,142976.2,19063.49,,Idle,,20,,10,,,20,Go Home,False,False,False,False,False,False,False,False,False,False,False,False,33.8027920380556,-117.4659261431046,3428.2,3428.2,1049.4,396.9,True,1,1,False,False,False,False,,True,False,False,Course Lock,196.8,67,16.4,93,NE,S,2.46,11.4,Calm,False,False,Android,7.0.2,M300 RTK,1ZN7L4R0H1D00F,1W9DL31001461C,1ZMLH8300204F0,1Z6PH74DAP0QN7,"Corona, CA",728.3,5.7,137.7,8.547347,2.013246,0,0,DJI Matrice 300 RTK,M300 RTK,1ZN7L4R0H1D00F,1W9DL31001461C,1ZMLH8300204F0,1Z6PH74DAP0QN7,DJI Pilot,Android,7.0.2,1EF72A62-B7C3-C88D-164E-CE6F8C8424AE,1ZN7L4R0H1D00F,1W9DL31001461C,,1ZMLH8300204F0,1W9DL31001461C,,,,,
2023-11-01,11:32:13.46 AM,7m 51.1s,471.1,33.7981858076044,-117.4757872467864,58.3,137.7,18.0,1322,3921.5,7.569323,7.569323,-6.263432,2.23694,-4.250186,1.342164,0.447388,0.894776,-1.8,-0.5,1.8,-145.4,214.6,212.2,Tripod,Other,,23,5,True,,True,False,,Smart,RC,False,True,False,,,True,,False,False,False,False,False,False,False,False,False,False,0,Follow Yaw,-77.9,0,-154,206,False,False,False,False,False,,0,0,False,False,No Card,100,100,1024,1413,813,903,2,False,False,False,False,False,0,False,False,False,False,75,,46.824,,7532,,10044,,46.824,,True,3.903,3.903,3.903,3.903,3.903,3.903,3.903,3.903,3.903,3.903,3.903,3.903,0,,False,False,True,,,,,,,,,,,,,,,False,False,18.596,,100.2,,75.7,,100.2,,1427,103,6,21,7,142976.2,19063.49,,Idle,,20,,10,,,20,Go Home,False,False,False,False,False,False,False,False,False,False,False,False,33.8027920380556,-117.4659261431046,3429.3,3429.3,1049.4,396.9,True,1,1,False,False,False,False,,True,False,False,Course Lock,196.8,67,16.4,93,NE,S,2.46,11.4,Calm,False,False,Android,7.0.2,M300 RTK,1ZN7L4R0H1D00F,1W9DL31001461C,1ZMLH8300204F0,1Z6PH74DAP0QN7,"Corona, CA",728.3,5.7,137.7,8.547347,2.013246,0,0,DJI Matrice 300 RTK,M300 RTK,1ZN7L4R0H1D00F,1W9DL31001461C,1ZMLH8300204F0,1Z6PH74DAP0QN7,DJI Pilot,Android,7.0.2,1EF72A62-B7C3-C88D-164E-CE6F8C8424AE,1ZN7L4R0H1D00F,1W9DL31001461C,,1ZMLH8300204F0,1W9DL31001461C,,,,,
2023-11-01,11:32:13.56 AM,7m 51.2s,471.2,33.7981833292024,-117.4757891782269,58.3,137.7,18.0,1322,3922.6,7.569323,7.569323,-6.263432,2.23694,-4.250186,1.342164,0.447388,0.894776,-1.6,-0.4,1.6,-145.6,214.4,212.9,Tripod,Other,,23,5,True,,True,False,,Smart,RC,False,True,False,,,True,,False,False,False,False,False,False,False,False,False,False,0,Follow Yaw,-77.9,0,-154.2,205.8,False,False,False,False,False,,0,0,False,False,No Card,100,100,1024,1414,813,908,2,False,False,False,False,False,0,False,False,False,False,75,,46.824,,7532,,10044,,46.824,,True,3.903,3.903,3.903,3.903,3.903,3.903,3.903,3.903,3.903,3.903,3.903,3.903,0,,False,False,True,,,,,,,,,,,,,,,False,False,18.596,,100.2,,75.7,,100.2,,1427,103,6,21,7,142976.2,19063.49,,Idle,,20,,10,,,20,Go Home,False,False,False,False,False,False,False,False,False,False,False,False,33.8027920380556,-117.4659261431046,3430.2,3430.2,1049.4,396.9,True,1,1,False,False,False,False,,True,False,False,Course Lock,196.8,67,16.4,93,NE,S,2.46,11.4,Calm,False,False,Android,7.0.2,M300 RTK,1ZN7L4R0H1D00F,1W9DL31001461C,1ZMLH8300204F0,1Z6PH74DAP0QN7,"Corona, CA",728.3,5.7,137.7,8.547347,2.013246,0,0,DJI Matrice 300 RTK,M300 RTK,1ZN7L4R0H1D00F,1W9DL31001461C,1ZMLH8300204F0,1Z6PH74DAP0QN7,DJI Pilot,Android,7.0.2,1EF72A62-B7C3-C88D-164E-CE6F8C8424AE,1ZN7L4R0H1D00F,1W9DL31001461C,,1ZMLH8300204F0,1W9DL31001461C,,,,,
2023-11-01,11:32:13.66 AM,7m 51.3s,471.3,33.7981808584762,-117.4757912780633,58.3,137.7,18.0,1322,3923.7,7.44602,7.569323,-6.263432,2.23694,-4.026492,1.342164,0.447388,0.894776,-1.9,-0.7,2,-145.8,214.2,215.2,Tripod,Other,,23,5,True,,True,False,,Smart,RC,False,True,False,,,True,,False,False,False,False,False,False,False,False,False,False,0,Follow Yaw,-77.9,0,-154.4,205.6,False,False,False,False,False,,0,0,False,False,No Card,100,100,1024,1415,810,912,2,False,False,False,False,False,0,False,False,False,False,75,,46.824,,7532,,10044,,46.824,,True,3.903,3.903,3.903,3.903,3.903,3.903,3.903,3.903,3.903,3.903,3.903,3.903,0,,False,False,True,,,,,,,,,,,,,,,False,False,18.596,,100.2,,75.7,,100.2,,1427,103,5,21,7,142880.2,19050.70,,Idle,,20,,10,,,20,Go Home,False,False,False,False,False,False,False,False,False,False,False,False,33.8027920380556,-117.4659261431046,3431.2,3431.2,1049.4,396.9,True,1,1,False,False,False,False,,True,False,False,Course Lock,196.8,67,16.4,93,NE,S,2.46,11.4,Calm,False,False,Android,7.0.2,M300 RTK,1ZN7L4R0H1D00F,1W9DL31001461C,1ZMLH8300204F0,1Z6PH74DAP0QN7,"Corona, CA",728.3,5.7,137.7,8.547347,2.013246,0,0,DJI Matrice 300 RTK,M300 RTK,1ZN7L4R0H1D00F,1W9DL31001461C,1ZMLH8300204F0,1Z6PH74DAP0QN7,DJI Pilot,Android,7.0.2,1EF72A62-B7C3-C88D-164E-CE6F8C8424AE,1ZN7L4R0H1D00F,1W9DL31001461C,,1ZMLH8300204F0,1W9DL31001461C,,,,,
2023-11-01,11:32:13.77 AM,7m 51.4s,471.4,33.7981782772758,-117.4757932983198,58.0,137.7,18.0,1322,3924.8,7.44602,7.569323,-6.263432,2.23694,-4.026492,1.342164,0.447388,0.894776,-2.4,-1,2.6,-146,214,213.0,Tripod,Other,,23,5,True,,True,False,,Smart,RC,False,True,False,,,True,,False,False,False,False,False,False,False,False,False,False,0,Follow Yaw,-77.9,0,-154.6,205.4,False,False,False,False,False,,0,0,False,False,No Card,100,100,1024,1414,812,919,2,False,False,False,False,False,0,False,False,False,False,75,,46.824,,7532,,10044,,46.824,,True,3.903,3.903,3.903,3.903,3.903,3.903,3.903,3.903,3.903,3.903,3.903,3.903,0,,False,False,True,,,,,,,,,,,,,,,False,False,18.596,,100.2,,75.7,,100.2,,1427,103,5,21,7,142880.2,19050.70,,Idle,,20,,10,,,20,Go Home,False,False,False,False,False,False,False,False,False,False,False,False,33.8027920380556,-117.4659261431046,3432.2,3432.2,1049.4,396.9,True,1,1,False,False,False,False,,True,False,False,Course Lock,196.8,67,16.4,93,NE,S,2.46,11.4,Calm,False,False,Android,7.0.2,M300 RTK,1ZN7L4R0H1D00F,1W9DL31001461C,1ZMLH8300204F0,1Z6PH74DAP0QN7,"Corona, CA",728.3,5.7,137.7,8.547347,2.013246,0,0,DJI Matrice 300 RTK,M300 RTK,1ZN7L4R0H1D00F,1W9DL31001461C,1ZMLH8300204F0,1Z6PH74DAP0QN7,DJI Pilot,Android,7.0.2,1EF72A62-B7C3-C88D-164E-CE6F8C8424AE,1ZN7L4R0H1D00F,1W9DL31001461C,,1ZMLH8300204F0,1W9DL31001461C,,,,,
2023-11-01,11:32:13.87 AM,7m 51.5s,471.5,33.7981757097819,-117.4757955469252,58.0,137.7,18.0,1322,3926.0,7.44602,7.569323,-6.263432,2.23694,-4.026492,1.342164,0.223694,0.894776,-2.8,-1.2,3,-146.2,213.8,216.0,Tripod,Other,,23,5,True,,True,False,,Smart,RC,False,True,False,,,True,,False,False,False,False,False,False,False,False,False,False,0,Follow Yaw,-77.9,0,-154.8,205.2,False,False,False,False,False,,0,0,False,False,No Card,100,100,1024,1412,812,919,2,False,False,False,False,False,0,False,False,False,False,75,,46.824,,7532,,10044,,46.824,,True,3.903,3.903,3.903,3.903,3.903,3.903,3.903,3.903,3.903,3.903,3.903,3.903,0,,False,False,True,,,,,,,,,,,,,,,False,False,18.596,,100.2,,75.7,,100.2,,1427,103,5,21,7,142880.2,19050.70,,Idle,,20,,10,,,20,Go Home,False,False,False,False,False,False,False,False,False,False,False,False,33.8027920380556,-117.4659261431046,3433.3,3433.3,1049.4,396.9,True,1,1,False,False,False,False,,True,False,False,Course Lock,196.8,67,16.4,93,NE,S,2.46,11.4,Calm,False,False,Android,7.0.2,M300 RTK,1ZN7L4R0H1D00F,1W9DL31001461C,1ZMLH8300204F0,1Z6PH74DAP0QN7,"Corona, CA",728.3,5.7,137.7,8.547347,2.013246,0,0,DJI Matrice 300 RTK,M300 RTK,1ZN7L4R0H1D00F,1W9DL31001461C,1ZMLH8300204F0,1Z6PH74DAP0QN7,DJI Pilot,Android,7.0.2,1EF72A62-B7C3-C88D-164E-CE6F8C8424AE,1ZN7L4R0H1D00F,1W9DL31001461C,,1ZMLH8300204F0,1W9DL31001461C,,,,,
2023-11-01,11:32:13.97 AM,7m 51.6s,471.6,33.7981732555033,-117.4757974544505,58.0,137.7,18.0,1322,3927.0,7.44602,7.569323,-6.263432,2.23694,-4.026492,1.342164,0.223694,0.894776,-3,-1.3,3.2,-146.4,213.6,212.8,Tripod,Other,,23,5,True,,True,False,,Smart,RC,False,True,False,,,True,,False,False,False,False,False,False,False,False,False,False,0,Follow Yaw,-77.9,0,-155,205,False,False,False,False,False,,0,0,False,False,No Card,100,100,1024,1413,816,901,2,False,False,False,False,False,0,False,False,False,False,75,,46.824,,7532,,10044,,46.824,,True,3.903,3.903,3.903,3.903,3.903,3.903,3.903,3.903,3.903,3.903,3.903,3.903,0,,False,False,True,,,,,,,,,,,,,,,False,False,18.596,,100.2,,75.7,,100.2,,1427,103,5,21,7,142880.2,19050.70,,Idle,,20,,10,,,20,Go Home,False,False,False,False,False,False,False,False,False,False,False,False,33.8027920380556,-117.4659261431046,3434.2,3434.2,1049.4,396.9,True,1,1,False,False,False,False,,True,False,False,Course Lock,196.8,67,16.4,93,NE,S,2.46,11.4,Calm,False,False,Android,7.0.2,M300 RTK,1ZN7L4R0H1D00F,1W9DL31001461C,1ZMLH8300204F0,1Z6PH74DAP0QN7,"Corona, CA",728.3,5.7,137.7,8.547347,2.013246,0,0,DJI Matrice 300 RTK,M300 RTK,1ZN7L4R0H1D00F,1W9DL31001461C,1ZMLH8300204F0,1Z6PH74DAP0QN7,DJI Pilot,Android,7.0.2,1EF72A62-B7C3-C88D-164E-CE6F8C8424AE,1ZN7L4R0H1D00F,1W9DL31001461C,,1ZMLH8300204F0,1W9DL31001461C,,,,,
2023-11-01,11:32:14.08 AM,7m 51.7s,471.7,33.7981706159134,-117.4757994160736,58.0,137.7,18.0,1322,3928.1,7.44602,7.569323,-6.263432,2.23694,-4.026492,1.342164,0.223694,0.894776,-2.9,-1.2,3.1,-146.5,213.5,211.6,Tripod,Other,,23,5,True,,True,False,,Smart,RC,False,True,False,,,True,,False,False,False,False,False,False,False,False,False,False,0,Follow Yaw,-77.9,0,-155.2,204.8,False,False,False,False,False,,0,0,False,False,No Card,100,100,1024,1414,816,881,2,False,False,False,False,False,0,False,False,False,False,75,,46.824,,7532,,10044,,46.824,,True,3.903,3.903,3.903,3.903,3.903,3.903,3.903,3.903,3.903,3.903,3.903,3.903,0,,False,False,True,,,,,,,,,,,,,,,False,False,18.596,,100.2,,75.7,,100.2,,1427,103,5,21,7,142880.2,19050.70,,Idle,,20,,10,,,20,Go Home,False,False,False,False,False,False,False,False,False,False,False,False,33.8027920380556,-117.4659261431046,3435.2,3435.2,1049.4,396.9,True,1,1,False,False,False,False,,True,False,False,Course Lock,196.8,67,16.4,93,NE,S,2.46,11.4,Calm,False,False,Android,7.0.2,M300 RTK,1ZN7L4R0H1D00F,1W9DL31001461C,1ZMLH8300204F0,1Z6PH74DAP0QN7,"Corona, CA",728.3,5.7,137.7,8.547347,2.013246,0,0,DJI Matrice 300 RTK,M300 RTK,1ZN7L4R0H1D00F,1W9DL31001461C,1ZMLH8300204F0,1Z6PH74DAP0QN7,DJI Pilot,Android,7.0.2,1EF72A62-B7C3-C88D-164E-CE6F8C8424AE,1ZN7L4R0H1D00F,1W9DL31001461C,,1ZMLH8300204F0,1W9DL31001461C,,,,,
2023-11-01,11:32:14.14 AM,7m 51.8s,471.8,33.7981680034624,-117.4758014035086,58.0,137.7,17.7,1322,3929.3,7.44602,7.569323,-6.263432,2.23694,-4.026492,1.342164,0.223694,0.894776,-2.7,-1.3,2.9,-146.7,213.3,212.3,Tripod,Other,,23,5,True,,True,False,,Smart,RC,False,True,False,,,True,,False,False,False,False,False,False,False,False,False,False,0,Follow Yaw,-77.9,0,-155.4,204.6,False,False,False,False,False,,0,0,False,False,No Card,100,100,1024,1412,821,884,2,False,False,False,False,False,0,False,False,False,False,75,,46.824,,7532,,10044,,46.824,,True,3.903,3.903,3.903,3.903,3.903,3.903,3.903,3.903,3.903,3.903,3.903,3.903,0,,False,False,True,,,,,,,,,,,,,,,False,False,18.596,,100.2,,75.7,,100.2,,1427,103,5,21,7,142880.2,19050.70,,Idle,,20,,10,,,20,Go Home,False,False,False,False,False,False,False,False,False,False,False,False,33.8027920380556,-117.4659261431046,3436.2,3436.2,1049.4,396.9,True,1,1,False,False,False,False,,True,False,False,Course Lock,196.8,67,16.4,93,NE,S,2.46,11.4,Calm,False,False,Android,7.0.2,M300 RTK,1ZN7L4R0H1D00F,1W9DL31001461C,1ZMLH8300204F0,1Z6PH74DAP0QN7,"Corona, CA",728.3,5.7,137.7,8.547347,2.013246,0,0,DJI Matrice 300 RTK,M300 RTK,1ZN7L4R0H1D00F,1W9DL31001461C,1ZMLH8300204F0,1Z6PH74DAP0QN7,DJI Pilot,Android,7.0.2,1EF72A62-B7C3-C88D-164E-CE6F8C8424AE,1ZN7L4R0H1D00F,1W9DL31001461C,,1ZMLH8300204F0,1W9DL31001461C,,,,,
2023-11-01,11:32:14.24 AM,7m 51.9s,471.9,33.7981653419421,-117.4758035139006,57.7,137.7,17.7,1322,3930.4,7.44602,7.569323,-6.263432,2.23694,-4.026492,1.342164,0.223694,0.894776,-2.5,-1.4,2.8,-147,213,213.3,Tripod,Other,,23,5,True,,True,False,,Smart,RC,False,True,False,,,True,,False,False,False,False,False,False,False,False,False,False,0,Follow Yaw,-77.9,0,-155.7,204.3,False,False,False,False,False,,0,0,False,False,No Card,100,100,1024,1413,814,909,2,False,False,False,False,False,0,False,False,False,False,75,,46.824,,7532,,10044,,46.824,,True,3.903,3.903,3.903,3.903,3.903,3.903,3.903,3.903,3.903,3.903,3.903,3.903,0,,False,False,True,,,,,,,,,,,,,,,False,False,18.596,,100.2,,75.7,,100.2,,1427,103,5,21,7,142880.2,19050.70,,Idle,,20,,10,,,20,Go Home,False,False,False,False,False,False,False,False,False,False,False,False,33.8027920380556,-117.4659261431046,3437.2,3437.2,1049.4,396.9,True,1,1,False,False,False,False,,True,False,False,Course Lock,196.8,67,16.4,93,NE,S,2.46,11.4,Calm,False,False,Android,7.0.2,M300 RTK,1ZN7L4R0H1D00F,1W9DL31001461C,1ZMLH8300204F0,1Z6PH74DAP0QN7,"Corona, CA",728.3,5.7,137.7,8.547347,2.013246,0,0,DJI Matrice 300 RTK,M300 RTK,1ZN7L4R0H1D00F,1W9DL31001461C,1ZMLH8300204F0,1Z6PH74DAP0QN7,DJI Pilot,Android,7.0.2,1EF72A62-B7C3-C88D-164E-CE6F8C8424AE,1ZN7L4R0H1D00F,1W9DL31001461C,,1ZMLH8300204F0,1W9DL31001461C,,,,,
2023-11-01,11:32:14.34 AM,7m 52.0s,472.0,33.7981627130433,-117.4758054790697,57.7,137.7,18.0,1322,3931.6,7.44602,7.569323,-6.263432,2.23694,-4.026492,1.342164,0.223694,0.894776,-2.3,-1.4,2.6,-147.2,212.8,211.8,Tripod,Other,,23,5,True,,True,False,,Smart,RC,False,True,False,,,True,,False,False,False,False,False,False,False,False,False,False,0,Follow Yaw,-77.9,0,-155.9,204.1,False,False,False,False,False,,0,0,False,False,No Card,100,100,1024,1412,811,918,2,False,False,False,False,False,0,False,False,False,False,75,,46.836,,3739,,4986,,46.836,,True,3.903,3.903,3.903,3.903,3.903,3.903,3.903,3.903,3.903,3.903,3.903,3.903,0,,False,False,True,,,,,,,,,,,,,,,False,False,9.492,,100.2,,75.7,,100.2,,1427,103,5,21,7,142880.2,19050.70,,Idle,,20,,10,,,20,Go Home,False,False,False,False,False,False,False,False,False,False,False,False,33.8027920380556,-117.4659261431046,3438.2,3438.2,1049.4,396.9,True,1,1,False,False,False,False,,True,False,False,Course Lock,196.8,67,16.4,93,NE,S,2.46,11.4,Calm,False,False,Android,7.0.2,M300 RTK,1ZN7L4R0H1D00F,1W9DL31001461C,1ZMLH8300204F0,1Z6PH74DAP0QN7,"Corona, CA",728.3,5.7,137.7,8.547347,2.013246,0,0,DJI Matrice 300 RTK,M300 RTK,1ZN7L4R0H1D00F,1W9DL31001461C,1ZMLH8300204F0,1Z6PH74DAP0QN7,DJI Pilot,Android,7.0.2,1EF72A62-B7C3-C88D-164E-CE6F8C8424AE,1ZN7L4R0H1D00F,1W9DL31001461C,,1ZMLH8300204F0,1W9DL31001461C,,,,,
2023-11-01,11:32:14.44 AM,7m 52.1s,472.1,33.798160032334,-117.4758073596285,57.7,137.7,17.7,1322,3932.7,7.327472,7.569323,-6.263432,2.23694,-3.802798,1.342164,0.223694,0.894776,-2.2,-1.3,2.5,-147.4,212.6,210.2,Tripod,Other,,23,5,True,,True,False,,Smart,RC,False,True,False,,,True,,False,False,False,False,False,False,False,False,False,False,0,Follow Yaw,-77.9,0,-156.1,203.9,False,False,False,False,False,,0,0,False,False,No Card,100,100,1024,1412,813,903,2,False,False,False,False,False,0,False,False,False,False,75,,46.836,,3739,,4986,,46.836,,True,3.903,3.903,3.903,3.903,3.903,3.903,3.903,3.903,3.903,3.903,3.903,3.903,0,,False,False,True,,,,,,,,,,,,,,,False,False,9.492,,100.2,,75.7,,100.2,,1427,103,5,21,7,142880.2,19050.70,,Idle,,20,,10,,,20,Go Home,False,False,False,False,False,False,False,False,False,False,False,False,33.8027920380556,-117.4659261431046,3439.2,3439.2,1049.4,396.9,True,1,1,False,False,False,False,,True,False,False,Course Lock,196.8,67,16.4,93,NE,S,2.46,11.4,Calm,False,False,Android,7.0.2,M300 RTK,1ZN7L4R0H1D00F,1W9DL31001461C,1ZMLH8300204F0,1Z6PH74DAP0QN7,"Corona, CA",728.3,5.7,137.7,8.547347,2.013246,0,0,DJI Matrice 300 RTK,M300 RTK,1ZN7L4R0H1D00F,1W9DL31001461C,1ZMLH8300204F0,1Z6PH74DAP0QN7,DJI Pilot,Android,7.0.2,1EF72A62-B7C3-C88D-164E-CE6F8C8424AE,1ZN7L4R0H1D00F,1W9DL31001461C,,1ZMLH8300204F0,1W9DL31001461C,,,,,
2023-11-01,11:32:14.54 AM,7m 52.2s,472.2,33.7981575174729,-117.4758091888109,57.7,137.7,18.0,1322,3933.8,7.327472,7.569323,-6.263432,2.23694,-3.802798,1.342164,0.223694,0.894776,-2.2,-1,2.4,-147.7,212.3,211.1,Tripod,Other,,23,5,True,,True,False,,Smart,RC,False,True,False,,,True,,False,False,False,False,False,False,False,False,False,False,0,Follow Yaw,-77.9,0,-156.3,203.7,False,False,False,False,False,,0,0,False,False,No Card,100,100,1024,1412,814,845,2,False,False,False,False,False,0,False,False,False,False,75,,46.836,,3739,,4986,,46.836,,True,3.903,3.903,3.903,3.903,3.903,3.903,3.903,3.903,3.903,3.903,3.903,3.903,0,,False,False,True,,,,,,,,,,,,,,,False,False,9.492,,100.2,,75.7,,100.2,,1427,103,5,21,7,142880.2,19050.70,,Idle,,20,,10,,,20,Go Home,False,False,False,False,False,False,False,False,False,False,False,False,33.8027920380556,-117.4659261431046,3440.2,3440.2,1049.4,396.9,True,1,1,False,False,False,False,,True,False,False,Course Lock,196.8,67,16.4,93,NE,S,2.46,11.4,Calm,False,False,Android,7.0.2,M300 RTK,1ZN7L4R0H1D00F,1W9DL31001461C,1ZMLH8300204F0,1Z6PH74DAP0QN7,"Corona, CA",728.3,5.7,137.7,8.547347,2.013246,0,0,DJI Matrice 300 RTK,M300 RTK,1ZN7L4R0H1D00F,1W9DL31001461C,1ZMLH8300204F0,1Z6PH74DAP0QN7,DJI Pilot,Android,7.0.2,1EF72A62-B7C3-C88D-164E-CE6F8C8424AE,1ZN7L4R0H1D00F,1W9DL31001461C,,1ZMLH8300204F0,1W9DL31001461C,,,,,
2023-11-01,11:32:14.64 AM,7m 52.3s,472.3,33.7981549143422,-117.4758109502061,57.7,137.7,17.7,1322,3934.9,7.327472,7.569323,-6.263432,2.23694,-3.802798,1.342164,0.223694,0.894776,-2.3,-0.8,2.4,-147.8,212.2,209.3,Tripod,Other,,23,5,True,,True,False,,Smart,RC,False,True,False,,,True,,False,False,False,False,False,False,False,False,False,False,0,Follow Yaw,-77.9,0,-156.6,203.4,False,False,False,False,False,,0,0,False,False,No Card,100,100,1024,1412,817,816,2,False,False,False,False,False,0,False,False,False,False,75,,46.836,,3739,,4986,,46.836,,True,3.902,3.902,3.902,3.902,3.902,3.902,3.902,3.902,3.902,3.902,3.902,3.902,0,,False,False,True,,,,,,,,,,,,,,,False,False,9.492,,100.2,,75.7,,100.2,,1426,104,5,21,7,142604.4,19013.92,,Idle,,20,,10,,,20,Go Home,False,False,False,False,False,False,False,False,False,False,False,False,33.8027920380556,-117.4659261431046,3441.1,3441.1,1049.4,396.9,True,1,1,False,False,False,False,,True,False,False,Course Lock,196.8,67,16.4,93,NE,S,2.46,11.4,Calm,False,False,Android,7.0.2,M300 RTK,1ZN7L4R0H1D00F,1W9DL31001461C,1ZMLH8300204F0,1Z6PH74DAP0QN7,"Corona, CA",728.3,5.7,137.7,8.547347,2.013246,0,0,DJI Matrice 300 RTK,M300 RTK,1ZN7L4R0H1D00F,1W9DL31001461C,1ZMLH8300204F0,1Z6PH74DAP0QN7,DJI Pilot,Android,7.0.2,1EF72A62-B7C3-C88D-164E-CE6F8C8424AE,1ZN7L4R0H1D00F,1W9DL31001461C,,1ZMLH8300204F0,1W9DL31001461C,,,,,
2023-11-01,11:32:14.74 AM,7m 52.4s,472.4,33.798152265432,-117.4758128439595,57.4,137.7,17.7,1321,3936.0,7.327472,7.569323,-6.263432,2.23694,-3.802798,1.342164,0.223694,0.894776,-2.4,-1.3,2.7,-148.2,211.8,210.7,Tripod,Other,,23,5,True,,True,False,,Smart,RC,False,True,False,,,True,,False,False,False,False,False,False,False,False,False,False,0,Follow Yaw,-77.9,0,-157.1,202.9,False,False,False,False,False,,0,0,False,False,No Card,100,100,1024,1414,818,815,2,False,False,False,False,False,0,False,False,False,False,75,,46.836,,3739,,4986,,46.836,,True,3.902,3.902,3.902,3.902,3.902,3.902,3.902,3.902,3.902,3.902,3.902,3.902,0,,False,False,True,,,,,,,,,,,,,,,False,False,9.492,,100.2,,75.7,,100.2,,1426,104,5,21,7,142604.4,19013.92,,Idle,,20,,10,,,20,Go Home,False,False,False,False,False,False,False,False,False,False,False,False,33.8027920380556,-117.4659261431046,3442.1,3442.1,1049.4,396.9,True,1,1,False,False,False,False,,True,False,False,Course Lock,196.8,67,16.4,93,NE,S,2.46,11.4,Calm,False,False,Android,7.0.2,M300 RTK,1ZN7L4R0H1D00F,1W9DL31001461C,1ZMLH8300204F0,1Z6PH74DAP0QN7,"Corona, CA",728.3,5.7,137.7,8.547347,2.013246,0,0,DJI Matrice 300 RTK,M300 RTK,1ZN7L4R0H1D00F,1W9DL31001461C,1ZMLH8300204F0,1Z6PH74DAP0QN7,DJI Pilot,Android,7.0.2,1EF72A62-B7C3-C88D-164E-CE6F8C8424AE,1ZN7L4R0H1D00F,1W9DL31001461C,,1ZMLH8300204F0,1W9DL31001461C,,,,,
2023-11-01,11:32:14.84 AM,7m 52.5s,472.5,33.7981494353223,-117.4758149428063,57.4,137.7,17.7,1321,3937.2,7.519579,7.569323,-6.487126,2.23694,-3.802798,1.342164,0.223694,0.894776,-2.4,-2.1,3.1,-148.5,211.5,211.6,Tripod,Other,,23,5,True,,True,False,,Smart,RC,False,True,False,,,True,,False,False,False,False,False,False,False,False,False,False,0,Follow Yaw,-77.9,0,-157.6,202.4,False,False,False,False,False,,0,0,False,False,No Card,100,100,1024,1414,823,814,2,False,False,False,False,False,0,False,False,False,False,75,,46.836,,3739,,4986,,46.836,,True,3.902,3.902,3.902,3.902,3.902,3.902,3.902,3.902,3.902,3.902,3.902,3.902,0,,False,False,True,,,,,,,,,,,,,,,False,False,9.492,,100.2,,75.7,,100.2,,1426,104,5,21,7,142604.4,19013.92,,Idle,,20,,10,,,20,Go Home,False,False,False,False,False,False,False,False,False,False,False,False,33.8027920380556,-117.4659261431046,3443.1,3443.1,1049.4,396.9,True,1,1,False,False,False,False,,True,False,False,Course Lock,196.8,67,16.4,93,NE,S,2.46,11.4,Calm,False,False,Android,7.0.2,M300 RTK,1ZN7L4R0H1D00F,1W9DL31001461C,1ZMLH8300204F0,1Z6PH74DAP0QN7,"Corona, CA",728.3,5.7,137.7,8.547347,2.013246,0,0,DJI Matrice 300 RTK,M300 RTK,1ZN7L4R0H1D00F,1W9DL31001461C,1ZMLH8300204F0,1Z6PH74DAP0QN7,DJI Pilot,Android,7.0.2,1EF72A62-B7C3-C88D-164E-CE6F8C8424AE,1ZN7L4R0H1D00F,1W9DL31001461C,,1ZMLH8300204F0,1W9DL31001461C,,,,,
2023-11-01,11:32:14.94 AM,7m 52.6s,472.6,33.7981468944189,-117.475816712613,57.4,137.7,17.7,1321,3938.3,7.519579,7.569323,-6.487126,2.23694,-3.802798,1.342164,0.223694,0.894776,-2.4,-2.4,3.3,-148.9,211.1,210.0,Tripod,Other,,23,5,True,,True,False,,Smart,RC,False,True,False,,,True,,False,False,False,False,False,False,False,False,False,False,0,Follow Yaw,-77.9,0,-158,202,False,False,False,False,False,,0,0,False,False,No Card,100,100,1024,1412,825,809,2,False,False,False,False,False,0,False,False,False,False,75,,46.836,,3739,,4986,,46.836,,True,3.902,3.902,3.902,3.902,3.902,3.902,3.902,3.902,3.902,3.902,3.902,3.902,0,,False,False,True,,,,,,,,,,,,,,,False,False,9.492,,100.2,,75.7,,100.2,,1426,104,5,21,7,142604.4,19013.92,,Idle,,20,,10,,,20,Go Home,False,False,False,False,False,False,False,False,False,False,False,False,33.8027920380556,-117.4659261431046,3444.0,3444.0,1049.4,396.9,True,1,1,False,False,False,False,,True,False,False,Course Lock,196.8,67,16.4,93,NE,S,2.46,11.4,Calm,False,False,Android,7.0.2,M300 RTK,1ZN7L4R0H1D00F,1W9DL31001461C,1ZMLH8300204F0,1Z6PH74DAP0QN7,"Corona, CA",728.3,5.7,137.7,8.547347,2.013246,0,0,DJI Matrice 300 RTK,M300 RTK,1ZN7L4R0H1D00F,1W9DL31001461C,1ZMLH8300204F0,1Z6PH74DAP0QN7,DJI Pilot,Android,7.0.2,1EF72A62-B7C3-C88D-164E-CE6F8C8424AE,1ZN7L4R0H1D00F,1W9DL31001461C,,1ZMLH8300204F0,1W9DL31001461C,,,,,
2023-11-01,11:32:15.04 AM,7m 52.7s,472.7,33.7981442046634,-117.4758184312907,57.4,137.7,18.0,1321,3939.4,7.408966,7.569323,-6.487126,2.23694,-3.579104,1.342164,0.223694,0.894776,-2.4,-2.5,3.4,-149.3,210.7,207.9,Tripod,Other,,23,5,True,,True,False,,Smart,RC,False,True,False,,,True,,False,False,False,False,False,False,False,False,False,False,0,Follow Yaw,-77.9,0,-158.5,201.5,False,False,False,False,False,,0,0,False,False,No Card,100,100,1024,1413,827,793,2,False,False,False,False,False,0,False,False,False,False,75,,46.836,,3739,,4986,,46.836,,True,3.902,3.902,3.902,3.902,3.902,3.902,3.902,3.902,3.902,3.902,3.902,3.902,0,,False,False,True,,,,,,,,,,,,,,,False,False,9.492,,100.2,,75.7,,100.2,,1426,104,5,21,7,142604.4,19013.92,,Idle,,20,,10,,,20,Go Home,False,False,False,False,False,False,False,False,False,False,False,False,33.8027920380556,-117.4659261431046,3445.0,3445.0,1049.4,396.9,True,1,1,False,False,False,False,,True,False,False,Course Lock,196.8,67,16.4,93,NE,S,2.46,11.4,Calm,False,False,Android,7.0.2,M300 RTK,1ZN7L4R0H1D00F,1W9DL31001461C,1ZMLH8300204F0,1Z6PH74DAP0QN7,"Corona, CA",728.3,5.7,137.7,8.547347,2.013246,0,0,DJI Matrice 300 RTK,M300 RTK,1ZN7L4R0H1D00F,1W9DL31001461C,1ZMLH8300204F0,1Z6PH74DAP0QN7,DJI Pilot,Android,7.0.2,1EF72A62-B7C3-C88D-164E-CE6F8C8424AE,1ZN7L4R0H1D00F,1W9DL31001461C,,1ZMLH8300204F0,1W9DL31001461C,,,,,
2023-11-01,11:32:15.14 AM,7m 52.8s,472.8,33.7981414946223,-117.4758202147868,57.4,137.7,17.7,1321,3940.5,7.408966,7.569323,-6.487126,2.23694,-3.579104,1.342164,0.223694,0.894776,-2.4,-2.4,3.3,-149.7,210.3,208.6,Tripod,Other,,23,5,True,,True,False,,Smart,RC,False,True,False,,,True,,False,False,False,False,False,False,False,False,False,False,0,Follow Yaw,-77.9,0,-159.1,200.9,False,False,False,False,False,,0,0,False,False,No Card,100,100,1024,1413,830,792,2,False,False,False,False,False,0,False,False,False,False,75,,46.836,,3739,,4986,,46.836,,True,3.902,3.902,3.902,3.902,3.902,3.902,3.902,3.902,3.902,3.902,3.902,3.902,0,,False,False,True,,,,,,,,,,,,,,,False,False,9.492,,100.2,,75.7,,100.2,,1426,104,5,21,7,142604.4,19013.92,,Idle,,20,,10,,,20,Go Home,False,False,False,False,False,False,False,False,False,False,False,False,33.8027920380556,-117.4659261431046,3445.9,3445.9,1049.4,396.9,True,1,1,False,False,False,False,,True,False,False,Course Lock,196.8,67,16.4,93,NE,S,2.46,11.4,Calm,False,False,Android,7.0.2,M300 RTK,1ZN7L4R0H1D00F,1W9DL31001461C,1ZMLH8300204F0,1Z6PH74DAP0QN7,"Corona, CA",728.3,5.7,137.7,8.547347,2.013246,0,0,DJI Matrice 300 RTK,M300 RTK,1ZN7L4R0H1D00F,1W9DL31001461C,1ZMLH8300204F0,1Z6PH74DAP0QN7,DJI Pilot,Android,7.0.2,1EF72A62-B7C3-C88D-164E-CE6F8C8424AE,1ZN7L4R0H1D00F,1W9DL31001461C,,1ZMLH8300204F0,1W9DL31001461C,,,,,
2023-11-01,11:32:15.24 AM,7m 52.9s,472.9,33.7981386719141,-117.4758219948193,57.4,137.7,17.7,1321,3941.7,7.408966,7.569323,-6.487126,2.23694,-3.579104,1.342164,0.223694,0.894776,-2.5,-2.2,3.3,-150.2,209.8,207.6,Tripod,Other,,23,5,True,,True,False,,Smart,RC,False,True,False,,,True,,False,False,False,False,False,False,False,False,False,False,0,Follow Yaw,-77.9,0,-159.6,200.4,False,False,False,False,False,,0,0,False,False,No Card,100,100,1024,1408,846,794,2,False,False,False,False,False,0,False,False,False,False,75,,46.836,,3739,,4986,,46.836,,True,3.902,3.902,3.902,3.902,3.902,3.902,3.902,3.902,3.902,3.902,3.902,3.902,0,,False,False,True,,,,,,,,,,,,,,,False,False,9.492,,100.2,,75.7,,100.2,,1426,104,5,21,7,142604.4,19013.92,,Idle,,20,,10,,,20,Go Home,False,False,False,False,False,False,False,False,False,False,False,False,33.8027920380556,-117.4659261431046,3446.9,3446.9,1049.4,396.9,True,1,1,False,False,False,False,,True,False,False,Course Lock,196.8,67,16.4,93,NE,S,2.46,11.4,Calm,False,False,Android,7.0.2,M300 RTK,1ZN7L4R0H1D00F,1W9DL31001461C,1ZMLH8300204F0,1Z6PH74DAP0QN7,"Corona, CA",728.3,5.7,137.7,8.547347,2.013246,0,0,DJI Matrice 300 RTK,M300 RTK,1ZN7L4R0H1D00F,1W9DL31001461C,1ZMLH8300204F0,1Z6PH74DAP0QN7,DJI Pilot,Android,7.0.2,1EF72A62-B7C3-C88D-164E-CE6F8C8424AE,1ZN7L4R0H1D00F,1W9DL31001461C,,1ZMLH8300204F0,1W9DL31001461C,,,,,
2023-11-01,11:32:15.34 AM,7m 53.0s,473.0,33.7981360734436,-117.4758236170116,57.0,137.7,18.0,1321,3942.7,7.303532,7.569323,-6.487126,2.23694,-3.35541,1.342164,0.223694,0.894776,-2.6,-2.3,3.4,-150.7,209.3,207.4,Tripod,Other,,23,5,True,,True,False,,Smart,RC,False,True,False,,,True,,False,False,False,False,False,False,False,False,False,False,0,Follow Yaw,-77.9,0,-160.2,199.8,False,False,False,False,False,,0,0,False,False,No Card,100,100,1024,1411,830,817,2,False,False,False,False,False,0,False,False,False,False,75,,46.836,,7532,,10044,,46.836,,True,3.902,3.902,3.902,3.902,3.902,3.902,3.902,3.902,3.902,3.902,3.902,3.902,0,,False,False,True,,,,,,,,,,,,,,,False,False,18.974,,100.2,,75.7,,100.2,,1426,104,5,21,7,142604.4,19013.92,,Idle,,20,,10,,,20,Go Home,False,False,False,False,False,False,False,False,False,False,False,False,33.8027920380556,-117.4659261431046,3447.8,3447.8,1049.4,396.9,True,1,1,False,False,False,False,,True,False,False,Course Lock,196.8,67,16.4,93,NE,S,2.46,11.4,Calm,False,False,Android,7.0.2,M300 RTK,1ZN7L4R0H1D00F,1W9DL31001461C,1ZMLH8300204F0,1Z6PH74DAP0QN7,"Corona, CA",728.3,5.7,137.7,8.547347,2.013246,0,0,DJI Matrice 300 RTK,M300 RTK,1ZN7L4R0H1D00F,1W9DL31001461C,1ZMLH8300204F0,1Z6PH74DAP0QN7,DJI Pilot,Android,7.0.2,1EF72A62-B7C3-C88D-164E-CE6F8C8424AE,1ZN7L4R0H1D00F,1W9DL31001461C,,1ZMLH8300204F0,1W9DL31001461C,,,,,
2023-11-01,11:32:15.44 AM,7m 53.1s,473.1,33.7981329258924,-117.4758254654086,57.0,137.7,17.7,1321,3944.0,7.502924,7.569323,-6.71082,2.23694,-3.35541,1.342164,0.223694,0.894776,-2.5,-2.1,3.2,-151.3,208.7,206.0,Tripod,Other,,23,5,True,,True,False,,Smart,RC,False,True,False,,,True,,False,False,False,False,False,False,False,False,False,False,0,Follow Yaw,-77.9,0,-160.7,199.3,False,False,False,False,False,,0,0,False,False,No Card,100,100,1024,1414,829,824,2,False,False,False,False,False,0,False,False,False,False,75,,46.836,,7532,,10044,,46.836,,True,3.902,3.902,3.902,3.902,3.902,3.902,3.902,3.902,3.902,3.902,3.902,3.902,0,,False,False,True,,,,,,,,,,,,,,,False,False,18.974,,100.2,,75.7,,100.2,,1426,104,5,21,7,142604.4,19013.92,,Idle,,20,,10,,,20,Go Home,False,False,False,False,False,False,False,False,False,False,False,False,33.8027920380556,-117.4659261431046,3448.9,3448.9,1049.4,396.9,True,1,1,False,False,False,False,,True,False,False,Course Lock,196.8,67,16.4,93,NE,S,2.46,11.4,Calm,False,False,Android,7.0.2,M300 RTK,1ZN7L4R0H1D00F,1W9DL31001461C,1ZMLH8300204F0,1Z6PH74DAP0QN7,"Corona, CA",728.3,5.7,137.7,8.547347,2.013246,0,0,DJI Matrice 300 RTK,M300 RTK,1ZN7L4R0H1D00F,1W9DL31001461C,1ZMLH8300204F0,1Z6PH74DAP0QN7,DJI Pilot,Android,7.0.2,1EF72A62-B7C3-C88D-164E-CE6F8C8424AE,1ZN7L4R0H1D00F,1W9DL31001461C,,1ZMLH8300204F0,1W9DL31001461C,,,,,
2023-11-01,11:32:15.54 AM,7m 53.2s,473.2,33.7981302764339,-117.4758270343276,57.0,137.7,17.7,1321,3945.1,7.502924,7.569323,-6.71082,2.23694,-3.35541,1.342164,0.223694,0.894776,-2.2,-2,2.9,-151.9,208.1,206.2,Tripod,Other,,23,5,True,,True,False,,Smart,RC,False,True,False,,,True,,False,False,False,False,False,False,False,False,False,False,0,Follow Yaw,-77.9,0,-161.1,198.9,False,False,False,False,False,,0,0,False,False,No Card,100,100,1024,1408,825,844,2,False,False,False,False,False,0,False,False,False,False,75,,46.836,,7532,,10044,,46.836,,True,3.902,3.902,3.902,3.902,3.902,3.902,3.902,3.902,3.902,3.902,3.902,3.902,0,,False,False,True,,,,,,,,,,,,,,,False,False,18.974,,100.2,,75.7,,100.2,,1426,104,5,21,7,142604.4,19013.92,,Idle,,20,,10,,,20,Go Home,False,False,False,False,False,False,False,False,False,False,False,False,33.8027920380556,-117.4659261431046,3449.8,3449.8,1049.4,396.9,True,1,1,False,False,False,False,,True,False,False,Course Lock,196.8,67,16.4,93,NE,S,2.46,11.4,Calm,False,False,Android,7.0.2,M300 RTK,1ZN7L4R0H1D00F,1W9DL31001461C,1ZMLH8300204F0,1Z6PH74DAP0QN7,"Corona, CA",728.3,5.7,137.7,8.547347,2.013246,0,0,DJI Matrice 300 RTK,M300 RTK,1ZN7L4R0H1D00F,1W9DL31001461C,1ZMLH8300204F0,1Z6PH74DAP0QN7,DJI Pilot,Android,7.0.2,1EF72A62-B7C3-C88D-164E-CE6F8C8424AE,1ZN7L4R0H1D00F,1W9DL31001461C,,1ZMLH8300204F0,1W9DL31001461C,,,,,
2023-11-01,11:32:15.62 AM,7m 53.3s,473.3,33.7981279808761,-117.4758288035571,57.0,137.7,17.7,1321,3946.1,7.405589,7.569323,-6.71082,2.23694,-3.131716,1.342164,0.223694,0.894776,-2.2,-2,2.9,-152.5,207.5,212.6,Tripod,Other,,23,5,True,,True,False,,Smart,RC,False,True,False,,,True,,False,False,False,False,False,False,False,False,False,False,0,Follow Yaw,-77.9,0,-161.5,198.5,False,False,False,False,False,,0,0,False,False,No Card,100,100,1024,1397,832,844,2,False,False,False,False,False,0,False,False,False,False,75,,46.836,,7532,,10044,,46.836,,True,3.904,3.904,3.904,3.904,3.904,3.904,3.904,3.904,3.904,3.904,3.904,3.904,0,,False,False,True,,,,,,,,,,,,,,,False,False,18.974,,100.2,,75.7,,100.2,,1426,104,5,21,7,142278.4,18970.45,,Idle,,20,,10,,,20,Go Home,False,False,False,False,False,False,False,False,False,False,False,False,33.8027920380556,-117.4659261431046,3450.6,3450.6,1049.4,396.9,True,1,1,False,False,False,False,,True,False,False,Course Lock,196.8,67,16.4,93,NE,S,2.46,11.4,Calm,False,False,Android,7.0.2,M300 RTK,1ZN7L4R0H1D00F,1W9DL31001461C,1ZMLH8300204F0,1Z6PH74DAP0QN7,"Corona, CA",728.3,5.7,137.7,8.547347,2.013246,0,0,DJI Matrice 300 RTK,M300 RTK,1ZN7L4R0H1D00F,1W9DL31001461C,1ZMLH8300204F0,1Z6PH74DAP0QN7,DJI Pilot,Android,7.0.2,1EF72A62-B7C3-C88D-164E-CE6F8C8424AE,1ZN7L4R0H1D00F,1W9DL31001461C,,1ZMLH8300204F0,1W9DL31001461C,,,,,
2023-11-01,11:32:15.72 AM,7m 53.4s,473.4,33.79812508196,-117.4758304850425,57.0,137.7,17.7,1321,3947.3,7.405589,7.569323,-6.71082,2.23694,-3.131716,1.342164,0.223694,0.894776,-2.4,-1.8,3,-152.9,207.1,205.7,Tripod,Other,,23,5,True,,True,False,,Smart,RC,False,True,False,,,True,,False,False,False,False,False,False,False,False,False,False,0,Follow Yaw,-77.9,0,-161.9,198.1,False,False,False,False,False,,0,0,False,False,No Card,100,100,1024,1397,838,823,2,False,False,False,False,False,0,False,False,False,False,75,,46.836,,7532,,10044,,46.836,,True,3.904,3.904,3.904,3.904,3.904,3.904,3.904,3.904,3.904,3.904,3.904,3.904,0,,False,False,True,,,,,,,,,,,,,,,False,False,18.974,,100.2,,75.7,,100.2,,1426,104,5,21,7,142278.4,18970.45,,Idle,,20,,10,,,20,Go Home,False,False,False,False,False,False,False,False,False,False,False,False,33.8027920380556,-117.4659261431046,3451.6,3451.6,1049.4,396.9,True,1,1,False,False,False,False,,True,False,False,Course Lock,196.8,67,16.4,93,NE,S,2.46,11.4,Calm,False,False,Android,7.0.2,M300 RTK,1ZN7L4R0H1D00F,1W9DL31001461C,1ZMLH8300204F0,1Z6PH74DAP0QN7,"Corona, CA",728.3,5.7,137.7,8.547347,2.013246,0,0,DJI Matrice 300 RTK,M300 RTK,1ZN7L4R0H1D00F,1W9DL31001461C,1ZMLH8300204F0,1Z6PH74DAP0QN7,DJI Pilot,Android,7.0.2,1EF72A62-B7C3-C88D-164E-CE6F8C8424AE,1ZN7L4R0H1D00F,1W9DL31001461C,,1ZMLH8300204F0,1W9DL31001461C,,,,,
2023-11-01,11:32:15.84 AM,7m 53.5s,473.5,33.798122255414,-117.4758318080475,57.0,137.7,18.0,1321,3948.4,7.405589,7.569323,-6.71082,2.23694,-3.131716,1.342164,0.223694,0.894776,-2.5,-1.5,2.9,-153.3,206.7,201.2,Tripod,Other,,23,5,True,,True,False,,Smart,RC,False,True,False,,,True,,False,False,False,False,False,False,False,False,False,False,0,Follow Yaw,-77.9,0,-162.4,197.6,False,False,False,False,False,,0,0,False,False,No Card,100,100,1024,1396,840,822,2,False,False,False,False,False,0,False,False,False,False,75,,46.836,,7532,,10044,,46.836,,True,3.904,3.904,3.904,3.904,3.904,3.904,3.904,3.904,3.904,3.904,3.904,3.904,0,,False,False,True,,,,,,,,,,,,,,,False,False,18.974,,100.2,,75.7,,100.2,,1426,104,5,21,7,142278.4,18970.45,,Idle,,20,,10,,,20,Go Home,False,False,False,False,False,False,False,False,False,False,False,False,33.8027920380556,-117.4659261431046,3452.5,3452.5,1049.4,396.9,True,1,1,False,False,False,False,,True,False,False,Course Lock,196.8,67,16.4,93,NE,S,2.23,11.4,Calm,False,False,Android,7.0.2,M300 RTK,1ZN7L4R0H1D00F,1W9DL31001461C,1ZMLH8300204F0,1Z6PH74DAP0QN7,"Corona, CA",728.3,5.7,137.7,8.547347,2.013246,0,0,DJI Matrice 300 RTK,M300 RTK,1ZN7L4R0H1D00F,1W9DL31001461C,1ZMLH8300204F0,1Z6PH74DAP0QN7,DJI Pilot,Android,7.0.2,1EF72A62-B7C3-C88D-164E-CE6F8C8424AE,1ZN7L4R0H1D00F,1W9DL31001461C,,1ZMLH8300204F0,1W9DL31001461C,,,,,
2023-11-01,11:32:15.93 AM,7m 53.6s,473.6,33.7981194686168,-117.4758333464541,56.7,137.7,18.0,1321,3949.5,7.405589,7.569323,-6.71082,2.23694,-3.131716,1.342164,0.223694,0.894776,-2.4,-1.5,2.8,-153.7,206.3,204.6,Tripod,Other,,23,5,True,,True,False,,Smart,RC,False,True,False,,,True,,False,False,False,False,False,False,False,False,False,False,0,Follow Yaw,-77.9,0,-162.8,197.2,False,False,False,False,False,,0,0,False,False,No Card,100,100,1024,1398,845,844,2,False,False,False,False,False,0,False,False,False,False,75,,46.836,,7532,,10044,,46.836,,True,3.904,3.904,3.904,3.904,3.904,3.904,3.904,3.904,3.904,3.904,3.904,3.904,0,,False,False,True,,,,,,,,,,,,,,,False,False,18.974,,100.2,,75.7,,100.2,,1426,104,5,21,7,142278.4,18970.45,,Idle,,20,,10,,,20,Go Home,False,False,False,False,False,False,False,False,False,False,False,False,33.8027920380556,-117.4659261431046,3453.4,3453.4,1049.4,396.9,True,1,1,False,False,False,False,,True,False,False,Course Lock,196.8,67,16.4,93,NE,S,2.23,11.4,Calm,False,False,Android,7.0.2,M300 RTK,1ZN7L4R0H1D00F,1W9DL31001461C,1ZMLH8300204F0,1Z6PH74DAP0QN7,"Corona, CA",728.3,5.7,137.7,8.547347,2.013246,0,0,DJI Matrice 300 RTK,M300 RTK,1ZN7L4R0H1D00F,1W9DL31001461C,1ZMLH8300204F0,1Z6PH74DAP0QN7,DJI Pilot,Android,7.0.2,1EF72A62-B7C3-C88D-164E-CE6F8C8424AE,1ZN7L4R0H1D00F,1W9DL31001461C,,1ZMLH8300204F0,1W9DL31001461C,,,,,
2023-11-01,11:32:16.04 AM,7m 53.7s,473.7,33.7981166056116,-117.4758349064668,56.7,137.7,18.0,1321,3950.6,7.313801,7.569323,-6.71082,2.23694,-2.908022,1.342164,0.223694,0.894776,-2.2,-1.5,2.6,-154.1,205.9,204.3,Tripod,Other,,23,5,True,,True,False,,Smart,RC,False,True,False,,,True,,False,False,False,False,False,False,False,False,False,False,0,Follow Yaw,-77.9,0,-163.3,196.7,False,False,False,False,False,,0,0,False,False,No Card,100,100,1024,1396,831,959,2,False,False,False,False,False,0,False,False,False,False,75,,46.836,,7532,,10044,,46.836,,True,3.904,3.904,3.904,3.904,3.904,3.904,3.904,3.904,3.904,3.904,3.904,3.904,0,,False,False,True,,,,,,,,,,,,,,,False,False,18.974,,100.2,,75.7,,100.2,,1426,104,5,21,7,142278.4,18970.45,,Idle,,20,,10,,,20,Go Home,False,False,False,False,False,False,False,False,False,False,False,False,33.8027920380556,-117.4659261431046,3454.3,3454.3,1049.4,396.9,True,1,1,False,False,False,False,,True,False,False,Course Lock,196.8,67,16.4,93,NE,S,2.23,11.4,Calm,False,False,Android,7.0.2,M300 RTK,1ZN7L4R0H1D00F,1W9DL31001461C,1ZMLH8300204F0,1Z6PH74DAP0QN7,"Corona, CA",728.3,5.7,137.7,8.547347,2.013246,0,0,DJI Matrice 300 RTK,M300 RTK,1ZN7L4R0H1D00F,1W9DL31001461C,1ZMLH8300204F0,1Z6PH74DAP0QN7,DJI Pilot,Android,7.0.2,1EF72A62-B7C3-C88D-164E-CE6F8C8424AE,1ZN7L4R0H1D00F,1W9DL31001461C,,1ZMLH8300204F0,1W9DL31001461C,,,,,
2023-11-01,11:32:16.14 AM,7m 53.8s,473.8,33.7981136636573,-117.4758364779424,56.7,137.7,18.0,1321,3951.8,7.313801,7.569323,-6.71082,2.23694,-2.908022,1.342164,0.223694,0.894776,-2.2,-1.6,2.7,-154.6,205.4,203.9,Tripod,Other,,23,5,True,,True,False,,Smart,RC,False,True,False,,,True,,False,False,False,False,False,False,False,False,False,False,0,Follow Yaw,-77.9,0,-163.6,196.4,False,False,False,False,False,,0,0,False,False,No Card,100,100,1024,1397,815,986,2,False,False,False,False,False,0,False,False,False,False,75,,46.776,,3739,,4986,,46.776,,True,3.904,3.904,3.904,3.904,3.904,3.904,3.904,3.904,3.904,3.904,3.904,3.904,0,,False,False,True,,,,,,,,,,,,,,,False,False,9.404,,100.2,,75.7,,100.2,,1426,104,5,21,7,142278.4,18970.45,,Idle,,20,,10,,,20,Go Home,False,False,False,False,False,False,False,False,False,False,False,False,33.8027920380556,-117.4659261431046,3455.2,3455.2,1049.4,396.9,True,1,1,False,False,False,False,,True,False,False,Course Lock,196.8,67,16.4,93,NE,S,2.23,11.4,Calm,False,False,Android,7.0.2,M300 RTK,1ZN7L4R0H1D00F,1W9DL31001461C,1ZMLH8300204F0,1Z6PH74DAP0QN7,"Corona, CA",728.3,5.7,137.7,8.547347,2.013246,0,0,DJI Matrice 300 RTK,M300 RTK,1ZN7L4R0H1D00F,1W9DL31001461C,1ZMLH8300204F0,1Z6PH74DAP0QN7,DJI Pilot,Android,7.0.2,1EF72A62-B7C3-C88D-164E-CE6F8C8424AE,1ZN7L4R0H1D00F,1W9DL31001461C,,1ZMLH8300204F0,1W9DL31001461C,,,,,
2023-11-01,11:32:16.24 AM,7m 53.9s,473.9,33.7981110035077,-117.4758378933919,56.7,137.7,18.0,1321,3952.9,7.313801,7.569323,-6.71082,2.23694,-2.908022,1.342164,0.223694,0.894776,-2.6,-1.1,2.8,-155,205,203.8,Tripod,Other,,23,5,True,,True,False,,Smart,RC,False,True,False,,,True,,False,False,False,False,False,False,False,False,False,False,0,Follow Yaw,-77.9,0,-163.7,196.3,False,False,False,False,False,,0,0,False,False,No Card,100,100,1024,1396,815,981,2,False,False,False,False,False,0,False,False,False,False,75,,46.776,,3739,,4986,,46.776,,True,3.904,3.904,3.904,3.904,3.904,3.904,3.904,3.904,3.904,3.904,3.904,3.904,0,,False,False,True,,,,,,,,,,,,,,,False,False,9.404,,100.2,,75.7,,100.2,,1426,104,5,21,7,142278.4,18970.45,,Idle,,20,,10,,,20,Go Home,False,False,False,False,False,False,False,False,False,False,False,False,33.8027920380556,-117.4659261431046,3456.1,3456.1,1049.4,396.9,True,1,1,False,False,False,False,,True,False,False,Course Lock,196.8,67,16.4,93,NE,S,2.23,11.4,Calm,False,False,Android,7.0.2,M300 RTK,1ZN7L4R0H1D00F,1W9DL31001461C,1ZMLH8300204F0,1Z6PH74DAP0QN7,"Corona, CA",728.3,5.7,137.7,8.547347,2.013246,0,0,DJI Matrice 300 RTK,M300 RTK,1ZN7L4R0H1D00F,1W9DL31001461C,1ZMLH8300204F0,1Z6PH74DAP0QN7,DJI Pilot,Android,7.0.2,1EF72A62-B7C3-C88D-164E-CE6F8C8424AE,1ZN7L4R0H1D00F,1W9DL31001461C,,1ZMLH8300204F0,1W9DL31001461C,,,,,
2023-11-01,11:32:16.35 AM,7m 54.0s,474.0,33.7981083460994,-117.4758392695051,56.7,137.7,18.0,1321,3953.9,7.313801,7.569323,-6.71082,2.23694,-2.908022,1.342164,0.223694,0.894776,-2.8,-0.4,2.8,-155.3,204.7,203.2,Tripod,Other,,23,5,True,,True,False,,Smart,RC,False,True,False,,,True,,False,False,False,False,False,False,False,False,False,False,0,Follow Yaw,-77.9,0,-163.7,196.3,False,False,False,False,False,,0,0,False,False,No Card,100,100,1024,1396,820,955,2,False,False,False,False,False,0,False,False,False,False,74,,46.8,,7481,,10044,,46.8,,True,3.904,3.904,3.904,3.904,3.904,3.904,3.904,3.904,3.904,3.904,3.904,3.904,0,,False,False,True,,,,,,,,,,,,,,,False,False,18.956,,100.4,,75.7,,100.4,,1426,104,5,21,7,142278.4,18970.45,,Idle,,20,,10,,,20,Go Home,False,False,False,False,False,False,False,False,False,False,False,False,33.8027920380556,-117.4659261431046,3456.9,3456.9,1049.4,396.9,True,1,1,False,False,False,False,,True,False,False,Course Lock,196.8,67,16.4,93,NE,S,2.23,11.4,Calm,False,False,Android,7.0.2,M300 RTK,1ZN7L4R0H1D00F,1W9DL31001461C,1ZMLH8300204F0,1Z6PH74DAP0QN7,"Corona, CA",728.3,5.7,137.7,8.547347,2.013246,0,0,DJI Matrice 300 RTK,M300 RTK,1ZN7L4R0H1D00F,1W9DL31001461C,1ZMLH8300204F0,1Z6PH74DAP0QN7,DJI Pilot,Android,7.0.2,1EF72A62-B7C3-C88D-164E-CE6F8C8424AE,1ZN7L4R0H1D00F,1W9DL31001461C,,1ZMLH8300204F0,1W9DL31001461C,,,,,
2023-11-01,11:32:16.45 AM,7m 54.1s,474.1,33.7981051590736,-117.4758410359308,56.7,137.7,18.0,1321,3955.2,7.313801,7.569323,-6.71082,2.23694,-2.908022,1.342164,0.223694,0.894776,-2.8,-0.2,2.8,-155.6,204.4,204.7,Tripod,Other,,23,5,True,,True,False,,Smart,RC,False,True,False,,,True,,False,False,False,False,False,False,False,False,False,False,0,Follow Yaw,-77.9,0,-163.8,196.2,False,False,False,False,False,,0,0,False,False,No Card,100,100,1024,1400,817,955,2,False,False,False,False,False,0,False,False,False,False,74,,46.8,,7481,,10044,,46.8,,True,3.904,3.904,3.904,3.904,3.904,3.904,3.904,3.904,3.904,3.904,3.904,3.904,0,,False,False,True,,,,,,,,,,,,,,,False,False,18.956,,100.4,,75.7,,100.4,,1426,104,5,21,7,142278.4,18970.45,,Idle,,20,,10,,,20,Go Home,False,False,False,False,False,False,False,False,False,False,False,False,33.8027920380556,-117.4659261431046,3458.0,3458.0,1049.4,396.9,True,1,1,False,False,False,False,,True,False,False,Course Lock,196.8,67,16.4,93,NE,S,2.23,11.4,Calm,False,False,Android,7.0.2,M300 RTK,1ZN7L4R0H1D00F,1W9DL31001461C,1ZMLH8300204F0,1Z6PH74DAP0QN7,"Corona, CA",728.3,5.7,137.7,8.547347,2.013246,0,0,DJI Matrice 300 RTK,M300 RTK,1ZN7L4R0H1D00F,1W9DL31001461C,1ZMLH8300204F0,1Z6PH74DAP0QN7,DJI Pilot,Android,7.0.2,1EF72A62-B7C3-C88D-164E-CE6F8C8424AE,1ZN7L4R0H1D00F,1W9DL31001461C,,1ZMLH8300204F0,1W9DL31001461C,,,,,
2023-11-01,11:32:16.55 AM,7m 54.2s,474.2,33.7981024775419,-117.4758424328254,56.7,137.7,18.0,1321,3956.3,7.313801,7.569323,-6.71082,2.23694,-2.908022,1.342164,0.223694,0.894776,-2.8,-0.2,2.8,-155.7,204.3,203.4,Tripod,Other,,23,5,True,,True,False,,Smart,RC,False,True,False,,,True,,False,False,False,False,False,False,False,False,False,False,0,Follow Yaw,-77.9,0,-163.9,196.1,False,False,False,False,False,,0,0,False,False,No Card,100,100,1024,1401,815,960,2,False,False,False,False,False,0,False,False,False,False,74,,46.8,,7481,,10044,,46.8,,True,3.904,3.904,3.904,3.904,3.904,3.904,3.904,3.904,3.904,3.904,3.904,3.904,0,,False,False,True,,,,,,,,,,,,,,,False,False,18.956,,100.4,,75.7,,100.4,,1426,104,5,21,7,142278.4,18970.45,,Idle,,20,,10,,,20,Go Home,False,False,False,False,False,False,False,False,False,False,False,False,33.8027920380556,-117.4659261431046,3458.8,3458.8,1049.4,396.9,True,1,1,False,False,False,False,,True,False,False,Course Lock,196.8,67,16.4,93,NE,S,2.23,11.4,Calm,False,False,Android,7.0.2,M300 RTK,1ZN7L4R0H1D00F,1W9DL31001461C,1ZMLH8300204F0,1Z6PH74DAP0QN7,"Corona, CA",728.3,5.7,137.7,8.547347,2.013246,0,0,DJI Matrice 300 RTK,M300 RTK,1ZN7L4R0H1D00F,1W9DL31001461C,1ZMLH8300204F0,1Z6PH74DAP0QN7,DJI Pilot,Android,7.0.2,1EF72A62-B7C3-C88D-164E-CE6F8C8424AE,1ZN7L4R0H1D00F,1W9DL31001461C,,1ZMLH8300204F0,1W9DL31001461C,,,,,
2023-11-01,11:32:16.65 AM,7m 54.3s,474.3,33.7980997258332,-117.475843776117,56.4,137.7,18.0,1320,3957.4,7.313801,7.569323,-6.71082,2.23694,-2.908022,1.342164,0.223694,0.894776,-2.6,-0.2,2.6,-155.7,204.3,202.0,Tripod,Other,,23,5,True,,True,False,,Smart,RC,False,True,False,,,True,,False,False,False,False,False,False,False,False,False,False,0,Follow Yaw,-77.9,0,-164,196,False,False,False,False,False,,0,0,False,False,No Card,100,100,1024,1397,825,961,2,False,False,False,False,False,0,False,False,False,False,74,,46.8,,7481,,10044,,46.8,,True,3.902,3.902,3.902,3.902,3.902,3.902,3.902,3.902,3.902,3.902,3.902,3.902,0,,False,False,True,,,,,,,,,,,,,,,False,False,18.956,,100.4,,75.7,,100.4,,1426,104,5,21,7,142034.7,18937.96,,Idle,,20,,10,,,20,Go Home,False,False,False,False,False,False,False,False,False,False,False,False,33.8027920380556,-117.4659261431046,3459.7,3459.7,1049.4,396.9,True,1,1,False,False,False,False,,True,False,False,Course Lock,196.8,67,16.4,93,NE,S,2.23,11.4,Calm,False,False,Android,7.0.2,M300 RTK,1ZN7L4R0H1D00F,1W9DL31001461C,1ZMLH8300204F0,1Z6PH74DAP0QN7,"Corona, CA",728.3,5.7,137.7,8.547347,2.013246,0,0,DJI Matrice 300 RTK,M300 RTK,1ZN7L4R0H1D00F,1W9DL31001461C,1ZMLH8300204F0,1Z6PH74DAP0QN7,DJI Pilot,Android,7.0.2,1EF72A62-B7C3-C88D-164E-CE6F8C8424AE,1ZN7L4R0H1D00F,1W9DL31001461C,,1ZMLH8300204F0,1W9DL31001461C,,,,,
2023-11-01,11:32:16.76 AM,7m 54.4s,474.4,33.7980969110748,-117.4758452343666,56.4,137.7,18.3,1320,3958.5,7.313801,7.569323,-6.71082,2.23694,-2.908022,1.342164,0.223694,0.894776,-2.4,-0.3,2.4,-155.8,204.2,203.2,Tripod,Other,,23,5,True,,True,False,,Smart,RC,False,True,False,,,True,,False,False,False,False,False,False,False,False,False,False,0,Follow Yaw,-77.9,0,-164.1,195.9,False,False,False,False,False,,0,0,False,False,No Card,100,100,1024,1396,857,1007,2,False,False,False,False,False,0,False,False,False,False,74,,46.8,,7481,,10044,,46.8,,True,3.902,3.902,3.902,3.902,3.902,3.902,3.902,3.902,3.902,3.902,3.902,3.902,0,,False,False,True,,,,,,,,,,,,,,,False,False,18.956,,100.4,,75.7,,100.4,,1426,104,5,21,7,142034.7,18937.96,,Idle,,20,,10,,,20,Go Home,False,False,False,False,False,False,False,False,False,False,False,False,33.8027920380556,-117.4659261431046,3460.6,3460.6,1049.4,396.9,True,1,1,False,False,False,False,,True,False,False,Course Lock,196.8,67,16.4,93,NE,S,2.23,11.4,Calm,False,False,Android,7.0.2,M300 RTK,1ZN7L4R0H1D00F,1W9DL31001461C,1ZMLH8300204F0,1Z6PH74DAP0QN7,"Corona, CA",728.3,5.7,137.7,8.547347,2.013246,0,0,DJI Matrice 300 RTK,M300 RTK,1ZN7L4R0H1D00F,1W9DL31001461C,1ZMLH8300204F0,1Z6PH74DAP0QN7,DJI Pilot,Android,7.0.2,1EF72A62-B7C3-C88D-164E-CE6F8C8424AE,1ZN7L4R0H1D00F,1W9DL31001461C,,1ZMLH8300204F0,1W9DL31001461C,,,,,
2023-11-01,11:32:16.86 AM,7m 54.5s,474.5,33.7980943852485,-117.4758464737508,56.4,137.7,18.0,1320,3959.5,7.313801,7.569323,-6.71082,2.23694,-2.908022,1.342164,0.223694,0.894776,-2.4,-0.3,2.4,-155.9,204.1,202.1,Tripod,Other,,23,5,True,,True,False,,Smart,RC,False,True,False,,,True,,False,False,False,False,False,False,False,False,False,False,0,Follow Yaw,-77.9,0,-164.1,195.9,False,False,False,False,False,,0,0,False,False,No Card,100,100,1024,1396,839,1024,2,False,False,False,False,False,0,False,False,False,False,74,,46.8,,7481,,10044,,46.8,,True,3.902,3.902,3.902,3.902,3.902,3.902,3.902,3.902,3.902,3.902,3.902,3.902,0,,False,False,True,,,,,,,,,,,,,,,False,False,18.956,,100.4,,75.7,,100.4,,1426,104,5,21,7,142034.7,18937.96,,Idle,,20,,10,,,20,Go Home,False,False,False,False,False,False,False,False,False,False,False,False,33.8027920380556,-117.4659261431046,3461.3,3461.3,1049.4,396.9,True,1,1,False,False,False,False,,True,False,False,Course Lock,196.8,67,16.4,93,NE,S,2.23,11.4,Calm,False,False,Android,7.0.2,M300 RTK,1ZN7L4R0H1D00F,1W9DL31001461C,1ZMLH8300204F0,1Z6PH74DAP0QN7,"Corona, CA",728.3,5.7,137.7,8.547347,2.013246,0,0,DJI Matrice 300 RTK,M300 RTK,1ZN7L4R0H1D00F,1W9DL31001461C,1ZMLH8300204F0,1Z6PH74DAP0QN7,DJI Pilot,Android,7.0.2,1EF72A62-B7C3-C88D-164E-CE6F8C8424AE,1ZN7L4R0H1D00F,1W9DL31001461C,,1ZMLH8300204F0,1W9DL31001461C,,,,,
2023-11-01,11:32:16.96 AM,7m 54.6s,474.6,33.7980916039338,-117.4758479176512,56.4,137.7,18.0,1320,3960.6,7.313801,7.569323,-6.71082,2.23694,-2.908022,1.342164,0.223694,0.894776,-2.4,0,2.4,-155.9,204.1,203.3,Tripod,Other,,23,5,True,,True,False,,Smart,RC,False,True,False,,,True,,False,False,False,False,False,False,False,False,False,False,0,Follow Yaw,-77.9,0,-164.1,195.9,False,False,False,False,False,,0,0,False,False,No Card,100,100,1024,1400,808,1024,2,False,False,False,False,False,0,False,False,False,False,74,,46.8,,7481,,10044,,46.8,,True,3.902,3.902,3.902,3.902,3.902,3.902,3.902,3.902,3.902,3.902,3.902,3.902,0,,False,False,True,,,,,,,,,,,,,,,False,False,18.956,,100.4,,75.7,,100.4,,1426,104,5,21,7,142034.7,18937.96,,Idle,,20,,10,,,20,Go Home,False,False,False,False,False,False,False,False,False,False,False,False,33.8027920380556,-117.4659261431046,3462.2,3462.2,1049.4,396.9,True,1,1,False,False,False,False,,True,False,False,Course Lock,196.8,67,16.4,93,NE,S,2.23,11.4,Calm,False,False,Android,7.0.2,M300 RTK,1ZN7L4R0H1D00F,1W9DL31001461C,1ZMLH8300204F0,1Z6PH74DAP0QN7,"Corona, CA",728.3,5.7,137.7,8.547347,2.013246,0,0,DJI Matrice 300 RTK,M300 RTK,1ZN7L4R0H1D00F,1W9DL31001461C,1ZMLH8300204F0,1Z6PH74DAP0QN7,DJI Pilot,Android,7.0.2,1EF72A62-B7C3-C88D-164E-CE6F8C8424AE,1ZN7L4R0H1D00F,1W9DL31001461C,,1ZMLH8300204F0,1W9DL31001461C,,,,,
2023-11-01,11:32:17.07 AM,7m 54.7s,474.7,33.7980886603347,-117.4758493695508,56.4,137.7,18.0,1320,3961.7,7.313801,7.569323,-6.71082,2.23694,-2.908022,1.342164,0.223694,0.894776,-2.4,0,2.4,-155.9,204.1,202.2,Tripod,Other,,23,5,True,,True,False,,Smart,RC,False,True,False,,,True,,False,False,False,False,False,False,False,False,False,False,0,Follow Yaw,-77.9,0,-164.1,195.9,False,False,False,False,False,,0,0,False,False,No Card,100,100,1024,1398,802,1024,2,False,False,False,False,False,0,False,False,False,False,74,,46.8,,7481,,10044,,46.8,,True,3.902,3.902,3.902,3.902,3.902,3.902,3.902,3.902,3.902,3.902,3.902,3.902,0,,False,False,True,,,,,,,,,,,,,,,False,False,18.956,,100.4,,75.7,,100.4,,1426,104,5,21,7,142034.7,18937.96,,Idle,,20,,10,,,20,Go Home,False,False,False,False,False,False,False,False,False,False,False,False,33.8027920380556,-117.4659261431046,3463.1,3463.1,1049.4,396.9,True,1,1,False,False,False,False,,True,False,False,Course Lock,196.8,67,16.4,93,NE,S,2.23,11.4,Calm,False,False,Android,7.0.2,M300 RTK,1ZN7L4R0H1D00F,1W9DL31001461C,1ZMLH8300204F0,1Z6PH74DAP0QN7,"Corona, CA",728.3,5.7,137.7,8.547347,2.013246,0,0,DJI Matrice 300 RTK,M300 RTK,1ZN7L4R0H1D00F,1W9DL31001461C,1ZMLH8300204F0,1Z6PH74DAP0QN7,DJI Pilot,Android,7.0.2,1EF72A62-B7C3-C88D-164E-CE6F8C8424AE,1ZN7L4R0H1D00F,1W9DL31001461C,,1ZMLH8300204F0,1W9DL31001461C,,,,,
2023-11-01,11:32:17.17 AM,7m 54.8s,474.8,33.7980858743598,-117.4758508315938,56.4,137.7,18.0,1320,3962.8,7.313801,7.569323,-6.71082,2.23694,-2.908022,1.342164,0.223694,0.894776,-2.4,0,2.4,-156,204,203.5,Tripod,Other,,23,5,True,,True,False,,Smart,RC,False,True,False,,,True,,False,False,False,False,False,False,False,False,False,False,0,Follow Yaw,-77.9,0,-164.1,195.9,False,False,False,False,False,,0,0,False,False,No Card,100,100,1024,1398,807,1024,2,False,False,False,False,False,0,False,False,False,False,74,,46.8,,7481,,10044,,46.8,,True,3.902,3.902,3.902,3.902,3.902,3.902,3.902,3.902,3.902,3.902,3.902,3.902,0,,False,False,True,,,,,,,,,,,,,,,False,False,18.956,,100.4,,75.7,,100.4,,1426,104,5,21,7,142034.7,18937.96,,Idle,,20,,10,,,20,Go Home,False,False,False,False,False,False,False,False,False,False,False,False,33.8027920380556,-117.4659261431046,3464.0,3464.0,1049.4,396.9,True,1,1,False,False,False,False,,True,False,False,Course Lock,196.8,67,16.4,93,NE,S,2.23,11.4,Calm,False,False,Android,7.0.2,M300 RTK,1ZN7L4R0H1D00F,1W9DL31001461C,1ZMLH8300204F0,1Z6PH74DAP0QN7,"Corona, CA",728.3,5.7,137.7,8.547347,2.013246,0,0,DJI Matrice 300 RTK,M300 RTK,1ZN7L4R0H1D00F,1W9DL31001461C,1ZMLH8300204F0,1Z6PH74DAP0QN7,DJI Pilot,Android,7.0.2,1EF72A62-B7C3-C88D-164E-CE6F8C8424AE,1ZN7L4R0H1D00F,1W9DL31001461C,,1ZMLH8300204F0,1W9DL31001461C,,,,,
2023-11-01,11:32:17.28 AM,7m 54.9s,474.9,33.7980831018173,-117.4758521533618,56.1,137.7,18.3,1320,3963.9,7.313801,7.569323,-6.71082,2.23694,-2.908022,1.342164,0.223694,0.894776,-2.4,-0.3,2.4,-156.1,203.9,201.6,Tripod,Other,,23,5,True,,True,False,,Smart,RC,False,True,False,,,True,,False,False,False,False,False,False,False,False,False,False,0,Follow Yaw,-77.9,0,-164.1,195.9,False,False,False,False,False,,0,0,False,False,No Card,100,100,1024,1400,814,1024,2,False,False,False,False,False,0,False,False,False,False,74,,46.8,,7481,,10044,,46.8,,True,3.902,3.902,3.902,3.902,3.902,3.902,3.902,3.902,3.902,3.902,3.902,3.902,0,,False,False,True,,,,,,,,,,,,,,,False,False,18.956,,100.4,,75.7,,100.4,,1426,104,5,21,7,142034.7,18937.96,,Idle,,20,,10,,,20,Go Home,False,False,False,False,False,False,False,False,False,False,False,False,33.8027920380556,-117.4659261431046,3464.9,3464.9,1049.4,396.9,True,1,1,False,False,False,False,,True,False,False,Course Lock,196.8,67,16.4,93,NE,S,2.23,11.4,Calm,False,False,Android,7.0.2,M300 RTK,1ZN7L4R0H1D00F,1W9DL31001461C,1ZMLH8300204F0,1Z6PH74DAP0QN7,"Corona, CA",728.3,5.7,137.7,8.547347,2.013246,0,0,DJI Matrice 300 RTK,M300 RTK,1ZN7L4R0H1D00F,1W9DL31001461C,1ZMLH8300204F0,1Z6PH74DAP0QN7,DJI Pilot,Android,7.0.2,1EF72A62-B7C3-C88D-164E-CE6F8C8424AE,1ZN7L4R0H1D00F,1W9DL31001461C,,1ZMLH8300204F0,1W9DL31001461C,,,,,
2023-11-01,11:32:17.38 AM,7m 55.0s,475.0,33.7980801820674,-117.4758536817076,56.1,137.7,18.0,1320,3965.1,7.313801,7.569323,-6.71082,2.23694,-2.908022,1.342164,0.223694,0.894776,-2.4,-0.4,2.4,-156.1,203.9,203.5,Tripod,Other,,22,5,True,,True,False,,Smart,RC,False,True,False,,,True,,False,False,False,False,False,False,False,False,False,False,0,Follow Yaw,-77.9,0,-164.1,195.9,False,False,False,False,False,,0,0,False,False,No Card,100,100,1024,1401,826,1024,2,False,False,False,False,False,0,False,False,False,False,75,,46.776,,3739,,4986,,46.776,,True,3.902,3.902,3.902,3.902,3.902,3.902,3.902,3.902,3.902,3.902,3.902,3.902,0,,False,False,True,,,,,,,,,,,,,,,False,False,9.274,,100.2,,75.7,,100.4,,1426,104,5,21,7,142034.7,18937.96,,Idle,,20,,10,,,20,Go Home,False,False,False,False,False,False,False,False,False,False,False,False,33.8027920380556,-117.4659261431046,3465.8,3465.8,1049.4,396.9,True,1,1,False,False,False,False,,True,False,False,Course Lock,196.8,67,16.4,93,NE,S,2.23,11.4,Calm,False,False,Android,7.0.2,M300 RTK,1ZN7L4R0H1D00F,1W9DL31001461C,1ZMLH8300204F0,1Z6PH74DAP0QN7,"Corona, CA",728.3,5.7,137.7,8.547347,2.013246,0,0,DJI Matrice 300 RTK,M300 RTK,1ZN7L4R0H1D00F,1W9DL31001461C,1ZMLH8300204F0,1Z6PH74DAP0QN7,DJI Pilot,Android,7.0.2,1EF72A62-B7C3-C88D-164E-CE6F8C8424AE,1ZN7L4R0H1D00F,1W9DL31001461C,,1ZMLH8300204F0,1W9DL31001461C,,,,,
2023-11-01,11:32:17.44 AM,7m 55.1s,475.1,33.7980769986052,-117.4758554440924,56.1,137.7,18.0,1320,3966.4,7.313801,7.569323,-6.71082,2.23694,-2.908022,1.342164,0.223694,0.894776,-2.4,-0.4,2.4,-156,204,204.7,Tripod,Other,,22,5,True,,True,False,,Smart,RC,False,True,False,,,True,,False,False,False,False,False,False,False,False,False,False,0,Follow Yaw,-77.9,0,-164.1,195.9,False,False,False,False,False,,0,0,False,False,No Card,100,100,1024,1409,819,1021,2,False,False,False,False,False,0,False,False,False,False,75,,46.776,,3739,,4986,,46.776,,True,3.902,3.902,3.902,3.902,3.902,3.902,3.902,3.902,3.902,3.902,3.902,3.902,0,,False,False,True,,,,,,,,,,,,,,,False,False,9.274,,100.2,,75.7,,100.4,,1426,104,5,21,7,142034.7,18937.96,,Idle,,20,,10,,,20,Go Home,False,False,False,False,False,False,False,False,False,False,False,False,33.8027920380556,-117.4659261431046,3466.9,3466.9,1049.4,396.9,True,1,1,False,False,False,False,,True,False,False,Course Lock,196.8,67,16.4,93,NE,S,2.23,11.4,Calm,False,False,Android,7.0.2,M300 RTK,1ZN7L4R0H1D00F,1W9DL31001461C,1ZMLH8300204F0,1Z6PH74DAP0QN7,"Corona, CA",728.3,5.7,137.7,8.547347,2.013246,0,0,DJI Matrice 300 RTK,M300 RTK,1ZN7L4R0H1D00F,1W9DL31001461C,1ZMLH8300204F0,1Z6PH74DAP0QN7,DJI Pilot,Android,7.0.2,1EF72A62-B7C3-C88D-164E-CE6F8C8424AE,1ZN7L4R0H1D00F,1W9DL31001461C,,1ZMLH8300204F0,1W9DL31001461C,,,,,
2023-11-01,11:32:17.54 AM,7m 55.2s,475.2,33.7980743261198,-117.4758568451928,56.1,137.7,18.0,1320,3967.4,7.313801,7.569323,-6.71082,2.23694,-2.908022,1.342164,0.223694,0.894776,-2.4,-0.5,2.4,-156,204,203.5,Tripod,Other,,22,5,True,,True,False,,Smart,RC,False,True,False,,,True,,False,False,False,False,False,False,False,False,False,False,0,Follow Yaw,-77.9,0,-164.1,195.9,False,False,False,False,False,,0,0,False,False,No Card,100,100,1024,1407,832,962,2,False,False,False,False,False,0,False,False,False,False,75,,46.776,,3739,,4986,,46.776,,True,3.902,3.902,3.902,3.902,3.902,3.902,3.902,3.902,3.902,3.902,3.902,3.902,0,,False,False,True,,,,,,,,,,,,,,,False,False,9.274,,100.2,,75.7,,100.4,,1426,104,5,21,7,142034.7,18937.96,,Idle,,20,,10,,,20,Go Home,False,False,False,False,False,False,False,False,False,False,False,False,33.8027920380556,-117.4659261431046,3467.7,3467.7,1049.4,396.9,True,1,1,False,False,False,False,,True,False,False,Course Lock,196.8,67,16.4,93,NE,S,2.23,11.4,Calm,False,False,Android,7.0.2,M300 RTK,1ZN7L4R0H1D00F,1W9DL31001461C,1ZMLH8300204F0,1Z6PH74DAP0QN7,"Corona, CA",728.3,5.7,137.7,8.547347,2.013246,0,0,DJI Matrice 300 RTK,M300 RTK,1ZN7L4R0H1D00F,1W9DL31001461C,1ZMLH8300204F0,1Z6PH74DAP0QN7,DJI Pilot,Android,7.0.2,1EF72A62-B7C3-C88D-164E-CE6F8C8424AE,1ZN7L4R0H1D00F,1W9DL31001461C,,1ZMLH8300204F0,1W9DL31001461C,,,,,
2023-11-01,11:32:17.64 AM,7m 55.3s,475.3,33.7980715683803,-117.4758582246046,56.1,137.7,18.0,1320,3968.5,7.313801,7.569323,-6.71082,2.23694,-2.908022,1.342164,0.223694,0.894776,-2.6,-0.4,2.6,-156,204,202.5,Tripod,Other,,22,5,True,,True,False,,Smart,RC,False,True,False,,,True,,False,False,False,False,False,False,False,False,False,False,0,Follow Yaw,-77.9,0,-164.2,195.8,False,False,False,False,False,,0,0,False,False,No Card,100,100,1024,1405,841,938,2,False,False,False,False,False,0,False,False,False,False,75,,46.776,,3739,,4986,,46.776,,True,3.9,3.9,3.9,3.9,3.9,3.9,3.9,3.9,3.9,3.9,3.9,3.9,0,,False,False,True,,,,,,,,,,,,,,,False,False,9.274,,100.2,,75.7,,100.4,,1426,104,5,21,7,141854.3,18913.90,,Idle,,20,,10,,,20,Go Home,False,False,False,False,False,False,False,False,False,False,False,False,33.8027920380556,-117.4659261431046,3468.6,3468.6,1049.4,396.9,True,1,1,False,False,False,False,,True,False,False,Course Lock,196.8,67,16.4,93,NE,S,2.23,11.4,Calm,False,False,Android,7.0.2,M300 RTK,1ZN7L4R0H1D00F,1W9DL31001461C,1ZMLH8300204F0,1Z6PH74DAP0QN7,"Corona, CA",728.3,5.7,137.7,8.547347,2.013246,0,0,DJI Matrice 300 RTK,M300 RTK,1ZN7L4R0H1D00F,1W9DL31001461C,1ZMLH8300204F0,1Z6PH74DAP0QN7,DJI Pilot,Android,7.0.2,1EF72A62-B7C3-C88D-164E-CE6F8C8424AE,1ZN7L4R0H1D00F,1W9DL31001461C,,1ZMLH8300204F0,1W9DL31001461C,,,,,
2023-11-01,11:32:17.74 AM,7m 55.4s,475.4,33.7980687629423,-117.4758596903586,55.7,137.7,18.0,1320,3969.6,7.313801,7.569323,-6.71082,2.23694,-2.908022,1.342164,0.223694,0.894776,-2.6,-0.2,2.6,-155.8,204.2,203.4,Tripod,Other,,22,5,True,,True,False,,Smart,RC,False,True,False,,,True,,False,False,False,False,False,False,False,False,False,False,0,Follow Yaw,-77.9,0,-164.3,195.7,False,False,False,False,False,,0,0,False,False,No Card,100,100,1024,1391,851,921,2,False,False,False,False,False,0,False,False,False,False,75,,46.776,,3739,,4986,,46.776,,True,3.9,3.9,3.9,3.9,3.9,3.9,3.9,3.9,3.9,3.9,3.9,3.9,0,,False,False,True,,,,,,,,,,,,,,,False,False,9.274,,100.2,,75.7,,100.4,,1426,104,5,21,7,141854.3,18913.90,,Idle,,20,,10,,,20,Go Home,False,False,False,False,False,False,False,False,False,False,False,False,33.8027920380556,-117.4659261431046,3469.5,3469.5,1049.4,396.9,True,1,1,False,False,False,False,,True,False,False,Course Lock,196.8,67,16.4,93,NE,S,2.23,11.4,Calm,False,False,Android,7.0.2,M300 RTK,1ZN7L4R0H1D00F,1W9DL31001461C,1ZMLH8300204F0,1Z6PH74DAP0QN7,"Corona, CA",728.3,5.7,137.7,8.547347,2.013246,0,0,DJI Matrice 300 RTK,M300 RTK,1ZN7L4R0H1D00F,1W9DL31001461C,1ZMLH8300204F0,1Z6PH74DAP0QN7,DJI Pilot,Android,7.0.2,1EF72A62-B7C3-C88D-164E-CE6F8C8424AE,1ZN7L4R0H1D00F,1W9DL31001461C,,1ZMLH8300204F0,1W9DL31001461C,,,,,
2023-11-01,11:32:17.84 AM,7m 55.5s,475.5,33.7980658300342,-117.4758610923661,55.7,137.7,18.0,1320,3970.8,7.313801,7.569323,-6.71082,2.23694,-2.908022,1.342164,0.223694,0.894776,-2.5,-0.3,2.5,-155.8,204.2,201.6,Tripod,Other,,22,5,True,,True,False,,Smart,RC,False,True,False,,,True,,False,False,False,False,False,False,False,False,False,False,0,Follow Yaw,-77.9,0,-164.4,195.6,False,False,False,False,False,,0,0,False,False,No Card,100,100,1024,1397,860,931,2,False,False,False,False,False,0,False,False,False,False,75,,46.776,,3739,,4986,,46.776,,True,3.9,3.9,3.9,3.9,3.9,3.9,3.9,3.9,3.9,3.9,3.9,3.9,0,,False,False,True,,,,,,,,,,,,,,,False,False,9.274,,100.2,,75.7,,100.4,,1426,104,5,21,7,141854.3,18913.90,,Idle,,20,,10,,,20,Go Home,False,False,False,False,False,False,False,False,False,False,False,False,33.8027920380556,-117.4659261431046,3470.4,3470.4,1049.4,396.9,True,1,1,False,False,False,False,,True,False,False,Course Lock,196.8,67,16.4,93,NE,S,2.23,11.4,Calm,False,False,Android,7.0.2,M300 RTK,1ZN7L4R0H1D00F,1W9DL31001461C,1ZMLH8300204F0,1Z6PH74DAP0QN7,"Corona, CA",728.3,5.7,137.7,8.547347,2.013246,0,0,DJI Matrice 300 RTK,M300 RTK,1ZN7L4R0H1D00F,1W9DL31001461C,1ZMLH8300204F0,1Z6PH74DAP0QN7,DJI Pilot,Android,7.0.2,1EF72A62-B7C3-C88D-164E-CE6F8C8424AE,1ZN7L4R0H1D00F,1W9DL31001461C,,1ZMLH8300204F0,1W9DL31001461C,,,,,
2023-11-01,11:32:17.94 AM,7m 55.6s,475.6,33.7980630163722,-117.4758625589447,55.7,137.7,18.3,1320,3971.9,7.313801,7.569323,-6.71082,2.23694,-2.908022,1.342164,0.223694,0.894776,-2.4,-0.7,2.5,-155.9,204.1,203.4,Tripod,Other,,23,5,True,,True,False,,Smart,RC,False,True,False,,,True,,False,False,False,False,False,False,False,False,False,False,0,Follow Yaw,-77.9,0,-164.6,195.4,False,False,False,False,False,,0,0,False,False,No Card,100,100,1024,1394,857,957,2,False,False,False,False,False,0,False,False,False,False,75,,46.776,,3739,,4986,,46.776,,True,3.9,3.9,3.9,3.9,3.9,3.9,3.9,3.9,3.9,3.9,3.9,3.9,0,,False,False,True,,,,,,,,,,,,,,,False,False,9.274,,100.2,,75.7,,100.4,,1426,104,5,21,7,141854.3,18913.90,,Idle,,20,,10,,,20,Go Home,False,False,False,False,False,False,False,False,False,False,False,False,33.8027920380556,-117.4659261431046,3471.3,3471.3,1049.4,396.9,True,1,1,False,False,False,False,,True,False,False,Course Lock,196.8,67,16.4,93,NE,S,2.23,11.4,Calm,False,False,Android,7.0.2,M300 RTK,1ZN7L4R0H1D00F,1W9DL31001461C,1ZMLH8300204F0,1Z6PH74DAP0QN7,"Corona, CA",728.3,5.7,137.7,8.547347,2.013246,0,0,DJI Matrice 300 RTK,M300 RTK,1ZN7L4R0H1D00F,1W9DL31001461C,1ZMLH8300204F0,1Z6PH74DAP0QN7,DJI Pilot,Android,7.0.2,1EF72A62-B7C3-C88D-164E-CE6F8C8424AE,1ZN7L4R0H1D00F,1W9DL31001461C,,1ZMLH8300204F0,1W9DL31001461C,,,,,
2023-11-01,11:32:18.04 AM,7m 55.7s,475.7,33.7980602515053,-117.4758639818162,55.7,137.7,18.3,1320,3973.0,7.313801,7.569323,-6.71082,2.23694,-2.908022,1.342164,0.223694,0.894776,-2.3,-1.2,2.5,-156.1,203.9,203.1,Tripod,Other,,23,5,True,,True,False,,Smart,RC,False,True,False,,,True,,False,False,False,False,False,False,False,False,False,False,0,Follow Yaw,-77.9,0,-164.8,195.2,False,False,False,False,False,,0,0,False,False,No Card,100,100,1024,1397,856,880,2,False,False,False,False,False,0,False,False,False,False,75,,46.776,,3739,,4986,,46.776,,True,3.9,3.9,3.9,3.9,3.9,3.9,3.9,3.9,3.9,3.9,3.9,3.9,0,,False,False,True,,,,,,,,,,,,,,,False,False,9.274,,100.2,,75.7,,100.4,,1426,104,5,21,7,141854.3,18913.90,,Idle,,20,,10,,,20,Go Home,False,False,False,False,False,False,False,False,False,False,False,False,33.8027920380556,-117.4659261431046,3472.1,3472.1,1049.4,396.9,True,1,1,False,False,False,False,,True,False,False,Course Lock,196.8,67,16.4,93,NE,S,2.23,11.4,Calm,False,False,Android,7.0.2,M300 RTK,1ZN7L4R0H1D00F,1W9DL31001461C,1ZMLH8300204F0,1Z6PH74DAP0QN7,"Corona, CA",728.3,5.7,137.7,8.547347,2.013246,0,0,DJI Matrice 300 RTK,M300 RTK,1ZN7L4R0H1D00F,1W9DL31001461C,1ZMLH8300204F0,1Z6PH74DAP0QN7,DJI Pilot,Android,7.0.2,1EF72A62-B7C3-C88D-164E-CE6F8C8424AE,1ZN7L4R0H1D00F,1W9DL31001461C,,1ZMLH8300204F0,1W9DL31001461C,,,,,
2023-11-01,11:32:18.14 AM,7m 55.8s,475.8,33.7980574367469,-117.4758654234076,55.7,137.7,18.3,1320,3974.1,7.313801,7.569323,-6.71082,2.23694,-2.908022,1.342164,0.223694,0.894776,-2.2,-1.2,2.5,-156.3,203.7,203.0,Tripod,Other,,22,5,True,,True,False,,Smart,RC,False,True,False,,,True,,False,False,False,False,False,False,False,False,False,False,0,Follow Yaw,-77.9,0,-164.9,195.1,False,False,False,False,False,,0,0,False,False,No Card,100,100,1024,1399,870,798,2,False,False,False,False,False,0,False,False,False,False,75,,46.776,,3739,,4986,,46.776,,True,3.9,3.9,3.9,3.9,3.9,3.9,3.9,3.9,3.9,3.9,3.9,3.9,0,,False,False,True,,,,,,,,,,,,,,,False,False,9.274,,100.2,,75.7,,100.4,,1426,104,5,21,7,141854.3,18913.90,,Idle,,20,,10,,,20,Go Home,False,False,False,False,False,False,False,False,False,False,False,False,33.8027920380556,-117.4659261431046,3473.0,3473.0,1049.4,396.9,True,1,1,False,False,False,False,,True,False,False,Course Lock,196.8,67,16.4,93,NE,S,2.23,11.4,Calm,False,False,Android,7.0.2,M300 RTK,1ZN7L4R0H1D00F,1W9DL31001461C,1ZMLH8300204F0,1Z6PH74DAP0QN7,"Corona, CA",728.3,5.7,137.7,8.547347,2.013246,0,0,DJI Matrice 300 RTK,M300 RTK,1ZN7L4R0H1D00F,1W9DL31001461C,1ZMLH8300204F0,1Z6PH74DAP0QN7,DJI Pilot,Android,7.0.2,1EF72A62-B7C3-C88D-164E-CE6F8C8424AE,1ZN7L4R0H1D00F,1W9DL31001461C,,1ZMLH8300204F0,1W9DL31001461C,,,,,
2023-11-01,11:32:18.24 AM,7m 55.9s,475.9,33.7980547324625,-117.4758668094167,55.7,137.7,18.3,1320,3975.2,7.313801,7.569323,-6.71082,2.23694,-2.908022,1.342164,0.223694,0.894776,-2.1,-1.2,2.4,-156.5,203.5,203.0,Tripod,Other,,22,5,True,,True,False,,Smart,RC,False,True,False,,,True,,False,False,False,False,False,False,False,False,False,False,0,Follow Yaw,-77.9,0,-165,195,False,False,False,False,False,,0,0,False,False,No Card,100,100,1024,1397,872,793,2,False,False,False,False,False,0,False,False,False,False,75,,46.776,,3739,,4986,,46.776,,True,3.9,3.9,3.9,3.9,3.9,3.9,3.9,3.9,3.9,3.9,3.9,3.9,0,,False,False,True,,,,,,,,,,,,,,,False,False,9.274,,100.2,,75.7,,100.4,,1426,104,5,21,7,141854.3,18913.90,,Idle,,20,,10,,,20,Go Home,False,False,False,False,False,False,False,False,False,False,False,False,33.8027920380556,-117.4659261431046,3473.9,3473.9,1049.4,396.9,True,1,1,False,False,False,False,,True,False,False,Course Lock,196.8,67,16.4,93,NE,S,2.23,11.4,Calm,False,False,Android,7.0.2,M300 RTK,1ZN7L4R0H1D00F,1W9DL31001461C,1ZMLH8300204F0,1Z6PH74DAP0QN7,"Corona, CA",728.3,5.7,137.7,8.547347,2.013246,0,0,DJI Matrice 300 RTK,M300 RTK,1ZN7L4R0H1D00F,1W9DL31001461C,1ZMLH8300204F0,1Z6PH74DAP0QN7,DJI Pilot,Android,7.0.2,1EF72A62-B7C3-C88D-164E-CE6F8C8424AE,1ZN7L4R0H1D00F,1W9DL31001461C,,1ZMLH8300204F0,1W9DL31001461C,,,,,
2023-11-01,11:32:18.31 AM,7m 56.0s,476.0,33.7980519363449,-117.4758682135683,55.4,137.7,18.3,1319,3976.3,7.313801,7.569323,-6.71082,2.23694,-2.908022,1.342164,0.223694,0.894776,-2.1,-2.1,2.9,-156.8,203.2,202.6,Tripod,Other,,23,5,True,,True,False,,Smart,RC,False,True,False,,,True,,False,False,False,False,False,False,False,False,False,False,0,Follow Yaw,-77.9,0,-165.8,194.2,False,False,False,False,False,,0,0,False,False,No Card,100,100,1024,1393,880,851,2,False,False,False,False,False,0,False,False,False,False,74,,46.86,,7481,,10044,,46.86,,True,3.9,3.9,3.9,3.9,3.9,3.9,3.9,3.9,3.9,3.9,3.9,3.9,0,,False,False,True,,,,,,,,,,,,,,,False,False,18.604,,100.4,,75.7,,100.4,,1426,104,5,21,7,141854.3,18913.90,,Idle,,20,,10,,,20,Go Home,False,False,False,False,False,False,False,False,False,False,False,False,33.8027920380556,-117.4659261431046,3474.8,3474.8,1049.4,396.9,True,1,1,False,False,False,False,,True,False,False,Course Lock,196.8,67,16.4,93,NE,S,2.23,11.4,Calm,False,False,Android,7.0.2,M300 RTK,1ZN7L4R0H1D00F,1W9DL31001461C,1ZMLH8300204F0,1Z6PH74DAP0QN7,"Corona, CA",728.3,5.7,137.7,8.547347,2.013246,0,0,DJI Matrice 300 RTK,M300 RTK,1ZN7L4R0H1D00F,1W9DL31001461C,1ZMLH8300204F0,1Z6PH74DAP0QN7,DJI Pilot,Android,7.0.2,1EF72A62-B7C3-C88D-164E-CE6F8C8424AE,1ZN7L4R0H1D00F,1W9DL31001461C,,1ZMLH8300204F0,1W9DL31001461C,,,,,
2023-11-01,11:32:18.44 AM,7m 56.1s,476.1,33.7980488987194,-117.4758696704159,55.4,137.7,18.3,1319,3977.5,7.227774,7.569323,-6.71082,2.23694,-2.684328,1.342164,0.223694,0.894776,-2.2,-2.9,3.6,-157.2,202.8,201.7,Tripod,Other,,23,5,True,,True,False,,Smart,RC,False,True,False,,,True,,False,False,False,False,False,False,False,False,False,False,0,Follow Yaw,-77.9,0,-166.2,193.8,False,False,False,False,False,,0,0,False,False,No Card,100,100,1024,1394,861,930,2,False,False,False,False,False,0,False,False,False,False,74,,46.86,,7481,,10044,,46.86,,True,3.9,3.9,3.9,3.9,3.9,3.9,3.9,3.9,3.9,3.9,3.9,3.9,0,,False,False,True,,,,,,,,,,,,,,,False,False,18.604,,100.4,,75.7,,100.4,,1426,104,5,21,7,141854.3,18913.90,,Idle,,20,,10,,,20,Go Home,False,False,False,False,False,False,False,False,False,False,False,False,33.8027920380556,-117.4659261431046,3475.7,3475.7,1049.4,396.9,True,1,1,False,False,False,False,,True,False,False,Course Lock,196.8,67,16.4,93,NE,S,2.23,11.4,Calm,False,False,Android,7.0.2,M300 RTK,1ZN7L4R0H1D00F,1W9DL31001461C,1ZMLH8300204F0,1Z6PH74DAP0QN7,"Corona, CA",728.3,5.7,137.7,8.547347,2.013246,0,0,DJI Matrice 300 RTK,M300 RTK,1ZN7L4R0H1D00F,1W9DL31001461C,1ZMLH8300204F0,1Z6PH74DAP0QN7,DJI Pilot,Android,7.0.2,1EF72A62-B7C3-C88D-164E-CE6F8C8424AE,1ZN7L4R0H1D00F,1W9DL31001461C,,1ZMLH8300204F0,1W9DL31001461C,,,,,
2023-11-01,11:32:18.51 AM,7m 56.2s,476.2,33.7980462043037,-117.47587094658,55.4,137.7,18.3,1319,3978.5,7.227774,7.569323,-6.71082,2.23694,-2.684328,1.342164,0.223694,0.894776,-2.2,-2.8,3.5,-157.6,202.4,201.4,Tripod,Other,,23,5,True,,True,False,,Smart,RC,False,True,False,,,True,,False,False,False,False,False,False,False,False,False,False,0,Follow Yaw,-77.9,0,-166.4,193.6,False,False,False,False,False,,0,0,False,False,No Card,100,100,1024,1398,828,969,2,False,False,False,False,False,0,False,False,False,False,74,,46.86,,7481,,10044,,46.86,,True,3.9,3.9,3.9,3.9,3.9,3.9,3.9,3.9,3.9,3.9,3.9,3.9,0,,False,False,True,,,,,,,,,,,,,,,False,False,18.604,,100.4,,75.7,,100.4,,1426,104,5,21,7,141854.3,18913.90,,Idle,,20,,10,,,20,Go Home,False,False,False,False,False,False,False,False,False,False,False,False,33.8027920380556,-117.4659261431046,3476.5,3476.5,1049.4,396.9,True,1,1,False,False,False,False,,True,False,False,Course Lock,196.8,67,16.4,93,NE,SW,2.23,11.4,Calm,False,False,Android,7.0.2,M300 RTK,1ZN7L4R0H1D00F,1W9DL31001461C,1ZMLH8300204F0,1Z6PH74DAP0QN7,"Corona, CA",728.3,5.7,137.7,8.547347,2.013246,0,0,DJI Matrice 300 RTK,M300 RTK,1ZN7L4R0H1D00F,1W9DL31001461C,1ZMLH8300204F0,1Z6PH74DAP0QN7,DJI Pilot,Android,7.0.2,1EF72A62-B7C3-C88D-164E-CE6F8C8424AE,1ZN7L4R0H1D00F,1W9DL31001461C,,1ZMLH8300204F0,1W9DL31001461C,,,,,
2023-11-01,11:32:18.64 AM,7m 56.3s,476.3,33.798043248917,-117.475872255071,55.4,137.7,18.3,1319,3979.7,7.435933,7.569323,-6.934514,2.23694,-2.684328,1.342164,0.223694,0.894776,-2,-1.6,2.5,-157.9,202.1,200.1,Tripod,Other,,23,5,True,,True,False,,Smart,RC,False,True,False,,,True,,False,False,False,False,False,False,False,False,False,False,0,Follow Yaw,-77.9,0,-166.5,193.5,False,False,False,False,False,,0,0,False,False,No Card,100,100,1024,1399,849,887,2,False,False,False,False,False,0,False,False,False,False,74,,46.86,,7481,,10044,,46.86,,True,3.903,3.903,3.903,3.903,3.903,3.903,3.903,3.903,3.903,3.903,3.903,3.903,0,,False,False,True,,,,,,,,,,,,,,,False,False,18.604,,100.4,,75.7,,100.4,,1426,105,5,21,7,141635.6,18884.75,,Idle,,20,,10,,,20,Go Home,False,False,False,False,False,False,False,False,False,False,False,False,33.8027920380556,-117.4659261431046,3477.4,3477.4,1049.4,396.9,True,1,1,False,False,False,False,,True,False,False,Course Lock,196.8,67,16.4,93,NE,SW,2.23,11.4,Calm,False,False,Android,7.0.2,M300 RTK,1ZN7L4R0H1D00F,1W9DL31001461C,1ZMLH8300204F0,1Z6PH74DAP0QN7,"Corona, CA",728.3,5.7,137.7,8.547347,2.013246,0,0,DJI Matrice 300 RTK,M300 RTK,1ZN7L4R0H1D00F,1W9DL31001461C,1ZMLH8300204F0,1Z6PH74DAP0QN7,DJI Pilot,Android,7.0.2,1EF72A62-B7C3-C88D-164E-CE6F8C8424AE,1ZN7L4R0H1D00F,1W9DL31001461C,,1ZMLH8300204F0,1W9DL31001461C,,,,,
2023-11-01,11:32:18.72 AM,7m 56.4s,476.4,33.7980402340443,-117.4758735985275,55.4,137.7,18.3,1319,3980.9,7.435933,7.569323,-6.934514,2.23694,-2.684328,1.342164,0.223694,0.894776,-1.8,-0.4,1.8,-158.1,201.9,200.3,Tripod,Other,,23,5,True,,True,False,,Smart,RC,False,True,False,,,True,,False,False,False,False,False,False,False,False,False,False,0,Follow Yaw,-77.9,0,-166.6,193.4,False,False,False,False,False,,0,0,False,False,No Card,100,100,1024,1398,853,863,2,False,False,False,False,False,0,False,False,False,False,74,,46.86,,7481,,10044,,46.86,,True,3.903,3.903,3.903,3.903,3.903,3.903,3.903,3.903,3.903,3.903,3.903,3.903,0,,False,False,True,,,,,,,,,,,,,,,False,False,18.604,,100.4,,75.7,,100.4,,1426,105,5,21,7,141635.6,18884.75,,Idle,,20,,10,,,20,Go Home,False,False,False,False,False,False,False,False,False,False,False,False,33.8027920380556,-117.4659261431046,3478.3,3478.3,1049.4,396.9,True,1,1,False,False,False,False,,True,False,False,Course Lock,196.8,67,16.4,93,NE,SW,2.23,11.4,Calm,False,False,Android,7.0.2,M300 RTK,1ZN7L4R0H1D00F,1W9DL31001461C,1ZMLH8300204F0,1Z6PH74DAP0QN7,"Corona, CA",728.3,5.7,137.7,8.547347,2.013246,0,0,DJI Matrice 300 RTK,M300 RTK,1ZN7L4R0H1D00F,1W9DL31001461C,1ZMLH8300204F0,1Z6PH74DAP0QN7,DJI Pilot,Android,7.0.2,1EF72A62-B7C3-C88D-164E-CE6F8C8424AE,1ZN7L4R0H1D00F,1W9DL31001461C,,1ZMLH8300204F0,1W9DL31001461C,,,,,
2023-11-01,11:32:18.82 AM,7m 56.5s,476.5,33.7980377896344,-117.475874881289,55.4,137.7,18.3,1319,3981.8,7.358138,7.569323,-6.934514,2.23694,-2.460634,1.342164,0.223694,0.894776,-1.6,-0.3,1.6,-158.3,201.7,203.5,Tripod,Other,,23,5,True,,True,False,,Smart,RC,False,True,False,,,True,,False,False,False,False,False,False,False,False,False,False,0,Follow Yaw,-77.9,0,-166.9,193.1,False,False,False,False,False,,0,0,False,False,No Card,100,100,1024,1396,861,904,2,False,False,False,False,False,0,False,False,False,False,74,,46.86,,7481,,10044,,46.86,,True,3.903,3.903,3.903,3.903,3.903,3.903,3.903,3.903,3.903,3.903,3.903,3.903,0,,False,False,True,,,,,,,,,,,,,,,False,False,18.604,,100.4,,75.7,,100.4,,1426,105,5,21,7,141635.6,18884.75,,Idle,,20,,10,,,20,Go Home,False,False,False,False,False,False,False,False,False,False,False,False,33.8027920380556,-117.4659261431046,3479.1,3479.1,1049.4,396.9,True,1,1,False,False,False,False,,True,False,False,Course Lock,196.8,67,16.4,93,NE,SW,2.23,11.4,Calm,False,False,Android,7.0.2,M300 RTK,1ZN7L4R0H1D00F,1W9DL31001461C,1ZMLH8300204F0,1Z6PH74DAP0QN7,"Corona, CA",728.3,5.7,137.7,8.547347,2.013246,0,0,DJI Matrice 300 RTK,M300 RTK,1ZN7L4R0H1D00F,1W9DL31001461C,1ZMLH8300204F0,1Z6PH74DAP0QN7,DJI Pilot,Android,7.0.2,1EF72A62-B7C3-C88D-164E-CE6F8C8424AE,1ZN7L4R0H1D00F,1W9DL31001461C,,1ZMLH8300204F0,1W9DL31001461C,,,,,
2023-11-01,11:32:18.93 AM,7m 56.6s,476.6,33.7980349480113,-117.4758761547317,55.4,137.7,18.3,1319,3982.9,7.358138,7.569323,-6.934514,2.23694,-2.460634,1.342164,0.223694,0.894776,-1.6,-0.9,1.8,-158.6,201.4,200.4,Tripod,Other,,23,5,True,,True,False,,Smart,RC,False,True,False,,,True,,False,False,False,False,False,False,False,False,False,False,0,Follow Yaw,-77.9,0,-167.2,192.8,False,False,False,False,False,,0,0,False,False,No Card,100,100,1024,1396,826,1024,2,False,False,False,False,False,0,False,False,False,False,74,,46.86,,7481,,10044,,46.86,,True,3.903,3.903,3.903,3.903,3.903,3.903,3.903,3.903,3.903,3.903,3.903,3.903,0,,False,False,True,,,,,,,,,,,,,,,False,False,18.604,,100.4,,75.7,,100.4,,1426,105,5,21,7,141635.6,18884.75,,Idle,,20,,10,,,20,Go Home,False,False,False,False,False,False,False,False,False,False,False,False,33.8027920380556,-117.4659261431046,3479.9,3479.9,1049.4,396.9,True,1,1,False,False,False,False,,True,False,False,Course Lock,196.8,67,16.4,93,NE,SW,2.23,11.4,Calm,False,False,Android,7.0.2,M300 RTK,1ZN7L4R0H1D00F,1W9DL31001461C,1ZMLH8300204F0,1Z6PH74DAP0QN7,"Corona, CA",728.3,5.7,137.7,8.547347,2.013246,0,0,DJI Matrice 300 RTK,M300 RTK,1ZN7L4R0H1D00F,1W9DL31001461C,1ZMLH8300204F0,1Z6PH74DAP0QN7,DJI Pilot,Android,7.0.2,1EF72A62-B7C3-C88D-164E-CE6F8C8424AE,1ZN7L4R0H1D00F,1W9DL31001461C,,1ZMLH8300204F0,1W9DL31001461C,,,,,
2023-11-01,11:32:19.04 AM,7m 56.7s,476.7,33.7980322960856,-117.4758774139903,55.4,137.7,18.3,1319,3984.0,7.358138,7.569323,-6.934514,2.23694,-2.460634,1.342164,0.223694,0.894776,-1.9,-1.1,2.1,-158.8,201.2,201.5,Tripod,Other,,23,5,True,,True,False,,Smart,RC,False,True,False,,,True,,False,False,False,False,False,False,False,False,False,False,0,Follow Yaw,-77.9,0,-167.3,192.7,False,False,False,False,False,,0,0,False,False,No Card,100,100,1024,1397,808,1024,2,False,False,False,False,False,0,False,False,False,False,75,,46.776,,3739,,4986,,46.776,,True,3.903,3.903,3.903,3.903,3.903,3.903,3.903,3.903,3.903,3.903,3.903,3.903,0,,False,False,True,,,,,,,,,,,,,,,False,False,9.704,,100.4,,75.7,,100.4,,1426,105,5,21,7,141635.6,18884.75,,Idle,,20,,10,,,20,Go Home,False,False,False,False,False,False,False,False,False,False,False,False,33.8027920380556,-117.4659261431046,3480.7,3480.7,1049.4,396.9,True,1,1,False,False,False,False,,True,False,False,Course Lock,196.8,67,16.4,93,NE,SW,2.23,11.4,Calm,False,False,Android,7.0.2,M300 RTK,1ZN7L4R0H1D00F,1W9DL31001461C,1ZMLH8300204F0,1Z6PH74DAP0QN7,"Corona, CA",728.3,5.7,137.7,8.547347,2.013246,0,0,DJI Matrice 300 RTK,M300 RTK,1ZN7L4R0H1D00F,1W9DL31001461C,1ZMLH8300204F0,1Z6PH74DAP0QN7,DJI Pilot,Android,7.0.2,1EF72A62-B7C3-C88D-164E-CE6F8C8424AE,1ZN7L4R0H1D00F,1W9DL31001461C,,1ZMLH8300204F0,1W9DL31001461C,,,,,
2023-11-01,11:32:19.13 AM,7m 56.8s,476.8,33.7980293289114,-117.4758786993082,55.1,137.7,18.3,1319,3985.1,7.358138,7.569323,-6.934514,2.23694,-2.460634,1.342164,0.223694,0.894776,-2.2,-0.8,2.3,-159,201,199.7,Tripod,Other,,23,5,True,,True,False,,Smart,RC,False,True,False,,,True,,False,False,False,False,False,False,False,False,False,False,0,Follow Yaw,-77.9,0,-167.3,192.7,False,False,False,False,False,,0,0,False,False,No Card,100,100,1024,1399,796,1024,2,False,False,False,False,False,0,False,False,False,False,75,,46.776,,3739,,4986,,46.776,,True,3.903,3.903,3.903,3.903,3.903,3.903,3.903,3.903,3.903,3.903,3.903,3.903,0,,False,False,True,,,,,,,,,,,,,,,False,False,9.704,,100.4,,75.7,,100.4,,1426,105,5,21,7,141635.6,18884.75,,Idle,,20,,10,,,20,Go Home,False,False,False,False,False,False,False,False,False,False,False,False,33.8027920380556,-117.4659261431046,3481.6,3481.6,1049.4,396.9,True,1,1,False,False,False,False,,True,False,False,Course Lock,196.8,67,16.4,93,NE,SW,2.23,11.4,Calm,False,False,Android,7.0.2,M300 RTK,1ZN7L4R0H1D00F,1W9DL31001461C,1ZMLH8300204F0,1Z6PH74DAP0QN7,"Corona, CA",728.3,5.7,137.7,8.547347,2.013246,0,0,DJI Matrice 300 RTK,M300 RTK,1ZN7L4R0H1D00F,1W9DL31001461C,1ZMLH8300204F0,1Z6PH74DAP0QN7,DJI Pilot,Android,7.0.2,1EF72A62-B7C3-C88D-164E-CE6F8C8424AE,1ZN7L4R0H1D00F,1W9DL31001461C,,1ZMLH8300204F0,1W9DL31001461C,,,,,
2023-11-01,11:32:19.23 AM,7m 56.9s,476.9,33.7980264552152,-117.4758799029846,55.1,137.7,18.3,1319,3986.2,7.358138,7.569323,-6.934514,2.23694,-2.460634,1.342164,0.223694,0.894776,-2.3,-0.1,2.3,-159.1,200.9,199.1,Tripod,Other,,23,5,True,,True,False,,Smart,RC,False,True,False,,,True,,False,False,False,False,False,False,False,False,False,False,0,Follow Yaw,-77.9,0,-167.3,192.7,False,False,False,False,False,,0,0,False,False,No Card,100,100,1024,1395,794,1024,2,False,False,False,False,False,0,False,False,False,False,75,,46.776,,3739,,4986,,46.776,,True,3.903,3.903,3.903,3.903,3.903,3.903,3.903,3.903,3.903,3.903,3.903,3.903,0,,False,False,True,,,,,,,,,,,,,,,False,False,9.704,,100.4,,75.7,,100.4,,1426,105,5,21,7,141635.6,18884.75,,Idle,,20,,10,,,20,Go Home,False,False,False,False,False,False,False,False,False,False,False,False,33.8027920380556,-117.4659261431046,3482.5,3482.5,1049.4,396.9,True,1,1,False,False,False,False,,True,False,False,Course Lock,196.8,67,16.4,93,NE,SW,2.23,11.4,Calm,False,False,Android,7.0.2,M300 RTK,1ZN7L4R0H1D00F,1W9DL31001461C,1ZMLH8300204F0,1Z6PH74DAP0QN7,"Corona, CA",728.3,5.7,137.7,8.547347,2.013246,0,0,DJI Matrice 300 RTK,M300 RTK,1ZN7L4R0H1D00F,1W9DL31001461C,1ZMLH8300204F0,1Z6PH74DAP0QN7,DJI Pilot,Android,7.0.2,1EF72A62-B7C3-C88D-164E-CE6F8C8424AE,1ZN7L4R0H1D00F,1W9DL31001461C,,1ZMLH8300204F0,1W9DL31001461C,,,,,
2023-11-01,11:32:19.34 AM,7m 57.0s,477.0,33.7980237627184,-117.4758810499243,55.1,137.7,18.7,1319,3987.3,7.358138,7.569323,-6.934514,2.23694,-2.460634,1.342164,0.223694,0.894776,-2.3,0.2,2.3,-159.2,200.8,199.4,Tripod,Other,,23,5,True,,True,False,,Smart,RC,False,True,False,,,True,,False,False,False,False,False,False,False,False,False,False,0,Follow Yaw,-77.9,0,-167.3,192.7,False,False,False,False,False,,0,0,False,False,No Card,100,100,1024,1394,782,1024,2,False,False,False,False,False,0,False,False,False,False,74,,46.824,,7481,,10044,,46.824,,True,3.903,3.903,3.903,3.903,3.903,3.903,3.903,3.903,3.903,3.903,3.903,3.903,0,,False,False,True,,,,,,,,,,,,,,,False,False,19.376,,100.4,,75.7,,100.4,,1426,105,5,21,7,141635.6,18884.75,,Idle,,20,,10,,,20,Go Home,False,False,False,False,False,False,False,False,False,False,False,False,33.8027920380556,-117.4659261431046,3483.3,3483.3,1049.4,396.9,True,1,1,False,False,False,False,,True,False,False,Course Lock,196.8,67,16.4,93,NE,SW,2.23,11.4,Calm,False,False,Android,7.0.2,M300 RTK,1ZN7L4R0H1D00F,1W9DL31001461C,1ZMLH8300204F0,1Z6PH74DAP0QN7,"Corona, CA",728.3,5.7,137.7,8.547347,2.013246,0,0,DJI Matrice 300 RTK,M300 RTK,1ZN7L4R0H1D00F,1W9DL31001461C,1ZMLH8300204F0,1Z6PH74DAP0QN7,DJI Pilot,Android,7.0.2,1EF72A62-B7C3-C88D-164E-CE6F8C8424AE,1ZN7L4R0H1D00F,1W9DL31001461C,,1ZMLH8300204F0,1W9DL31001461C,,,,,
2023-11-01,11:32:19.43 AM,7m 57.1s,477.1,33.7980206614949,-117.4758824219966,55.1,137.7,18.7,1319,3988.5,7.358138,7.569323,-6.934514,2.23694,-2.460634,1.342164,0.223694,0.894776,-2.2,0.2,2.2,-159.3,200.7,200.1,Tripod,Other,,23,5,True,,True,False,,Smart,RC,False,True,False,,,True,,False,False,False,False,False,False,False,False,False,False,0,Follow Yaw,-77.9,0,-167.3,192.7,False,False,False,False,False,,0,0,False,False,No Card,100,100,1024,1394,782,1024,2,False,False,False,False,False,0,False,False,False,False,74,,46.824,,7481,,10044,,46.824,,True,3.903,3.903,3.903,3.903,3.903,3.903,3.903,3.903,3.903,3.903,3.903,3.903,0,,False,False,True,,,,,,,,,,,,,,,False,False,19.376,,100.4,,75.7,,100.4,,1426,105,5,21,7,141635.6,18884.75,,Idle,,20,,10,,,20,Go Home,False,False,False,False,False,False,False,False,False,False,False,False,33.8027920380556,-117.4659261431046,3484.2,3484.2,1049.4,396.9,True,1,1,False,False,False,False,,True,False,False,Course Lock,196.8,67,16.4,93,NE,SW,2.23,11.4,Calm,False,False,Android,7.0.2,M300 RTK,1ZN7L4R0H1D00F,1W9DL31001461C,1ZMLH8300204F0,1Z6PH74DAP0QN7,"Corona, CA",728.3,5.7,137.7,8.547347,2.013246,0,0,DJI Matrice 300 RTK,M300 RTK,1ZN7L4R0H1D00F,1W9DL31001461C,1ZMLH8300204F0,1Z6PH74DAP0QN7,DJI Pilot,Android,7.0.2,1EF72A62-B7C3-C88D-164E-CE6F8C8424AE,1ZN7L4R0H1D00F,1W9DL31001461C,,1ZMLH8300204F0,1W9DL31001461C,,,,,
2023-11-01,11:32:19.54 AM,7m 57.2s,477.2,33.7980176597804,-117.4758837139944,55.1,137.7,18.7,1319,3989.7,7.358138,7.569323,-6.934514,2.23694,-2.460634,1.342164,0.223694,0.894776,-2,0.2,2,-159.3,200.7,199.6,Tripod,Other,,23,5,True,,True,False,,Smart,RC,False,True,False,,,True,,False,False,False,False,False,False,False,False,False,False,0,Follow Yaw,-77.9,0,-167.3,192.7,False,False,False,False,False,,0,0,False,False,No Card,100,100,1024,1395,671,1024,2,False,False,False,False,False,0,False,False,False,False,74,,46.824,,7481,,10044,,46.824,,True,3.903,3.903,3.903,3.903,3.903,3.903,3.903,3.903,3.903,3.903,3.903,3.903,0,,False,False,True,,,,,,,,,,,,,,,False,False,19.376,,100.4,,75.7,,100.4,,1426,105,5,21,7,141635.6,18884.75,,Idle,,20,,10,,,20,Go Home,False,False,False,False,False,False,False,False,False,False,False,False,33.8027920380556,-117.4659261431046,3485.1,3485.1,1049.4,396.9,True,1,1,False,False,False,False,,True,False,False,Course Lock,196.8,67,16.4,93,NE,SW,2.23,11.4,Calm,False,False,Android,7.0.2,M300 RTK,1ZN7L4R0H1D00F,1W9DL31001461C,1ZMLH8300204F0,1Z6PH74DAP0QN7,"Corona, CA",728.3,5.7,137.7,8.547347,2.013246,0,0,DJI Matrice 300 RTK,M300 RTK,1ZN7L4R0H1D00F,1W9DL31001461C,1ZMLH8300204F0,1Z6PH74DAP0QN7,DJI Pilot,Android,7.0.2,1EF72A62-B7C3-C88D-164E-CE6F8C8424AE,1ZN7L4R0H1D00F,1W9DL31001461C,,1ZMLH8300204F0,1W9DL31001461C,,,,,
2023-11-01,11:32:19.64 AM,7m 57.3s,477.3,33.798014965913,-117.4758848976314,55.1,137.7,18.7,1319,3990.7,7.358138,7.569323,-6.934514,2.23694,-2.460634,1.342164,0.223694,0.894776,-1.8,0.1,1.8,-159.3,200.7,200.0,Tripod,Other,,23,5,True,,True,False,,Smart,RC,False,True,False,,,True,,False,False,False,False,False,False,False,False,False,False,0,Follow Yaw,-77.9,0,-167.3,192.7,False,False,False,False,False,,0,0,False,False,No Card,100,100,1024,1396,560,1024,2,False,False,False,False,False,0,False,False,False,False,74,,46.824,,7481,,10044,,46.824,,True,3.903,3.903,3.903,3.903,3.903,3.903,3.903,3.903,3.903,3.903,3.903,3.903,0,,False,False,True,,,,,,,,,,,,,,,False,False,19.376,,100.4,,75.7,,100.4,,1426,105,5,21,7,141457.8,18861.05,,Idle,,20,,10,,,20,Go Home,False,False,False,False,False,False,False,False,False,False,False,False,33.8027920380556,-117.4659261431046,3485.9,3485.9,1049.4,396.9,True,1,1,False,False,False,False,,True,False,False,Course Lock,196.8,67,16.4,93,NE,SW,2.23,11.4,Calm,False,False,Android,7.0.2,M300 RTK,1ZN7L4R0H1D00F,1W9DL31001461C,1ZMLH8300204F0,1Z6PH74DAP0QN7,"Corona, CA",728.3,5.7,137.7,8.547347,2.013246,0,0,DJI Matrice 300 RTK,M300 RTK,1ZN7L4R0H1D00F,1W9DL31001461C,1ZMLH8300204F0,1Z6PH74DAP0QN7,DJI Pilot,Android,7.0.2,1EF72A62-B7C3-C88D-164E-CE6F8C8424AE,1ZN7L4R0H1D00F,1W9DL31001461C,,1ZMLH8300204F0,1W9DL31001461C,,,,,
2023-11-01,11:32:19.75 AM,7m 57.4s,477.4,33.7980119724223,-117.4758861975459,55.1,137.7,18.7,1319,3991.9,7.358138,7.569323,-6.934514,2.23694,-2.460634,1.342164,0.447388,0.894776,-1.8,0.2,1.8,-159.2,200.8,199.8,Tripod,Other,,23,5,True,,True,False,,Smart,RC,False,True,False,,,True,,False,False,False,False,False,False,False,False,False,False,0,Follow Yaw,-77.9,0,-167.3,192.7,False,False,False,False,False,,0,0,False,False,No Card,100,100,1024,1399,572,1024,2,False,False,False,False,False,0,False,False,False,False,74,,46.824,,7481,,10044,,46.824,,True,3.903,3.903,3.903,3.903,3.903,3.903,3.903,3.903,3.903,3.903,3.903,3.903,0,,False,False,True,,,,,,,,,,,,,,,False,False,19.376,,100.4,,75.7,,100.4,,1426,105,5,21,7,141457.8,18861.05,,Idle,,20,,10,,,20,Go Home,False,False,False,False,False,False,False,False,False,False,False,False,33.8027920380556,-117.4659261431046,3486.8,3486.8,1049.4,396.9,True,1,1,False,False,False,False,,True,False,False,Course Lock,196.8,67,16.4,93,NE,SW,2.23,11.4,Calm,False,False,Android,7.0.2,M300 RTK,1ZN7L4R0H1D00F,1W9DL31001461C,1ZMLH8300204F0,1Z6PH74DAP0QN7,"Corona, CA",728.3,5.7,137.7,8.547347,2.013246,0,0,DJI Matrice 300 RTK,M300 RTK,1ZN7L4R0H1D00F,1W9DL31001461C,1ZMLH8300204F0,1Z6PH74DAP0QN7,DJI Pilot,Android,7.0.2,1EF72A62-B7C3-C88D-164E-CE6F8C8424AE,1ZN7L4R0H1D00F,1W9DL31001461C,,1ZMLH8300204F0,1W9DL31001461C,,,,,
2023-11-01,11:32:19.85 AM,7m 57.5s,477.5,33.7980093802568,-117.4758872406606,54.7,137.7,18.3,1319,3992.9,7.358138,7.569323,-6.934514,2.23694,-2.460634,1.342164,0.447388,0.894776,-2,0.3,2,-159.2,200.8,198.4,Tripod,Other,,23,5,True,,True,False,,Smart,RC,False,True,False,,,True,,False,False,False,False,False,False,False,False,False,False,0,Follow Yaw,-77.9,0,-167.3,192.7,False,False,False,False,False,,0,0,False,False,No Card,100,100,1024,1398,696,1024,2,False,False,False,False,False,0,False,False,False,False,74,,46.824,,7481,,10044,,46.824,,True,3.903,3.903,3.903,3.903,3.903,3.903,3.903,3.903,3.903,3.903,3.903,3.903,0,,False,False,True,,,,,,,,,,,,,,,False,False,19.376,,100.4,,75.7,,100.4,,1426,105,5,21,7,141457.8,18861.05,,Idle,,20,,10,,,20,Go Home,False,False,False,False,False,False,False,False,False,False,False,False,33.8027920380556,-117.4659261431046,3487.5,3487.5,1049.4,396.9,True,1,1,False,False,False,False,,True,False,False,Course Lock,196.8,67,16.4,93,NE,SW,2.23,11.4,Calm,False,False,Android,7.0.2,M300 RTK,1ZN7L4R0H1D00F,1W9DL31001461C,1ZMLH8300204F0,1Z6PH74DAP0QN7,"Corona, CA",728.3,5.7,137.7,8.547347,2.013246,0,0,DJI Matrice 300 RTK,M300 RTK,1ZN7L4R0H1D00F,1W9DL31001461C,1ZMLH8300204F0,1Z6PH74DAP0QN7,DJI Pilot,Android,7.0.2,1EF72A62-B7C3-C88D-164E-CE6F8C8424AE,1ZN7L4R0H1D00F,1W9DL31001461C,,1ZMLH8300204F0,1W9DL31001461C,,,,,
2023-11-01,11:32:19.95 AM,7m 57.6s,477.6,33.7980067036594,-117.4758884105259,54.7,137.7,18.3,1319,3993.9,7.147714,7.569323,-6.71082,2.23694,-2.460634,1.342164,0.671082,0.894776,-2.2,0.3,2.2,-159.2,200.8,199.9,Tripod,Other,,23,5,True,,True,False,,Smart,RC,False,True,False,,,True,,False,False,False,False,False,False,False,False,False,False,0,Follow Yaw,-77.9,0,-167.3,192.7,False,False,False,False,False,,0,0,False,False,No Card,100,100,1024,1398,706,1024,2,False,False,False,False,False,0,False,False,False,False,74,,46.824,,7481,,10044,,46.824,,True,3.903,3.903,3.903,3.903,3.903,3.903,3.903,3.903,3.903,3.903,3.903,3.903,0,,False,False,True,,,,,,,,,,,,,,,False,False,19.376,,100.4,,75.7,,100.4,,1426,105,5,21,7,141457.8,18861.05,,Idle,,20,,10,,,20,Go Home,False,False,False,False,False,False,False,False,False,False,False,False,33.8027920380556,-117.4659261431046,3488.3,3488.3,1049.4,396.9,True,1,1,False,False,False,False,,True,False,False,Course Lock,196.8,67,16.4,93,NE,SW,2.23,11.4,Calm,False,False,Android,7.0.2,M300 RTK,1ZN7L4R0H1D00F,1W9DL31001461C,1ZMLH8300204F0,1Z6PH74DAP0QN7,"Corona, CA",728.3,5.7,137.7,8.547347,2.013246,0,0,DJI Matrice 300 RTK,M300 RTK,1ZN7L4R0H1D00F,1W9DL31001461C,1ZMLH8300204F0,1Z6PH74DAP0QN7,DJI Pilot,Android,7.0.2,1EF72A62-B7C3-C88D-164E-CE6F8C8424AE,1ZN7L4R0H1D00F,1W9DL31001461C,,1ZMLH8300204F0,1W9DL31001461C,,,,,
2023-11-01,11:32:20.05 AM,7m 57.7s,477.7,33.7980036243664,-117.4758898586321,54.7,137.7,18.3,1319,3995.1,7.147714,7.569323,-6.71082,2.23694,-2.460634,1.342164,0.894776,0.894776,-2,0.1,2,-159.2,200.8,201.3,Tripod,Other,,23,5,True,,True,False,,Smart,RC,False,True,False,,,True,,False,False,False,False,False,False,False,False,False,False,0,Follow Yaw,-77.9,0,-167.3,192.7,False,False,False,False,False,,0,0,False,False,No Card,100,100,1024,1398,708,1024,2,False,False,False,False,False,0,False,False,False,False,74,,46.824,,7481,,10044,,46.824,,True,3.903,3.903,3.903,3.903,3.903,3.903,3.903,3.903,3.903,3.903,3.903,3.903,0,,False,False,True,,,,,,,,,,,,,,,False,False,19.376,,100.4,,75.7,,100.4,,1426,105,5,21,7,141457.8,18861.05,,Idle,,20,,10,,,20,Go Home,False,False,False,False,False,False,False,False,False,False,False,False,33.8027920380556,-117.4659261431046,3489.2,3489.2,1049.4,396.9,True,1,1,False,False,False,False,,True,False,False,Course Lock,196.8,67,16.4,93,NE,SW,2.23,11.4,Calm,False,False,Android,7.0.2,M300 RTK,1ZN7L4R0H1D00F,1W9DL31001461C,1ZMLH8300204F0,1Z6PH74DAP0QN7,"Corona, CA",728.3,5.7,137.7,8.547347,2.013246,0,0,DJI Matrice 300 RTK,M300 RTK,1ZN7L4R0H1D00F,1W9DL31001461C,1ZMLH8300204F0,1Z6PH74DAP0QN7,DJI Pilot,Android,7.0.2,1EF72A62-B7C3-C88D-164E-CE6F8C8424AE,1ZN7L4R0H1D00F,1W9DL31001461C,,1ZMLH8300204F0,1W9DL31001461C,,,,,
2023-11-01,11:32:20.16 AM,7m 57.8s,477.8,33.7980007890482,-117.4758911258075,54.4,137.7,18.3,1318,3996.2,7.147714,7.569323,-6.71082,2.23694,-2.460634,1.342164,0.894776,0.894776,-1.7,-0.1,1.7,-159.3,200.7,200.3,Tripod,Other,,23,5,True,,True,False,,Smart,RC,False,True,False,,,True,,False,False,False,False,False,False,False,False,False,False,0,Follow Yaw,-77.9,0,-167.3,192.7,False,False,False,False,False,,0,0,False,False,No Card,100,100,1024,1400,771,1024,2,False,False,False,False,False,0,False,False,False,False,74,,46.824,,7481,,10044,,46.824,,True,3.903,3.903,3.903,3.903,3.903,3.903,3.903,3.903,3.903,3.903,3.903,3.903,0,,False,False,True,,,,,,,,,,,,,,,False,False,19.376,,100.4,,75.7,,100.4,,1426,105,5,21,7,141457.8,18861.05,,Idle,,20,,10,,,20,Go Home,False,False,False,False,False,False,False,False,False,False,False,False,33.8027920380556,-117.4659261431046,3490.1,3490.1,1049.4,396.9,True,1,1,False,False,False,False,,True,False,False,Course Lock,196.8,67,16.4,93,NE,SW,2.23,11.4,Calm,False,False,Android,7.0.2,M300 RTK,1ZN7L4R0H1D00F,1W9DL31001461C,1ZMLH8300204F0,1Z6PH74DAP0QN7,"Corona, CA",728.3,5.7,137.7,8.547347,2.013246,0,0,DJI Matrice 300 RTK,M300 RTK,1ZN7L4R0H1D00F,1W9DL31001461C,1ZMLH8300204F0,1Z6PH74DAP0QN7,DJI Pilot,Android,7.0.2,1EF72A62-B7C3-C88D-164E-CE6F8C8424AE,1ZN7L4R0H1D00F,1W9DL31001461C,,1ZMLH8300204F0,1W9DL31001461C,,,,,
2023-11-01,11:32:20.27 AM,7m 57.9s,477.9,33.797997802685,-117.4758923437506,54.4,137.7,18.0,1318,3997.4,7.147714,7.569323,-6.71082,2.23694,-2.460634,1.342164,0.894776,0.894776,-1.5,-0.2,1.5,-159.3,200.7,198.7,Tripod,Other,,23,5,True,,True,False,,Smart,RC,False,True,False,,,True,,False,False,False,False,False,False,False,False,False,False,0,Follow Yaw,-77.9,0,-167.3,192.7,False,False,False,False,False,,0,0,False,False,No Card,100,100,1024,1399,773,1024,2,False,False,False,False,False,0,False,False,False,False,74,,46.824,,7481,,10044,,46.824,,True,3.903,3.903,3.903,3.903,3.903,3.903,3.903,3.903,3.903,3.903,3.903,3.903,0,,False,False,True,,,,,,,,,,,,,,,False,False,19.376,,100.4,,75.7,,100.4,,1426,105,5,21,7,141457.8,18861.05,,Idle,,20,,10,,,20,Go Home,False,False,False,False,False,False,False,False,False,False,False,False,33.8027920380556,-117.4659261431046,3491.0,3491.0,1049.4,396.9,True,1,1,False,False,False,False,,True,False,False,Course Lock,196.8,67,16.4,93,NE,SW,2.23,11.4,Calm,False,False,Android,7.0.2,M300 RTK,1ZN7L4R0H1D00F,1W9DL31001461C,1ZMLH8300204F0,1Z6PH74DAP0QN7,"Corona, CA",728.3,5.7,137.7,8.547347,2.013246,0,0,DJI Matrice 300 RTK,M300 RTK,1ZN7L4R0H1D00F,1W9DL31001461C,1ZMLH8300204F0,1Z6PH74DAP0QN7,DJI Pilot,Android,7.0.2,1EF72A62-B7C3-C88D-164E-CE6F8C8424AE,1ZN7L4R0H1D00F,1W9DL31001461C,,1ZMLH8300204F0,1W9DL31001461C,,,,,
2023-11-01,11:32:20.37 AM,7m 58.0s,478.0,33.7979949744942,-117.4758935984735,54.1,137.7,18.0,1318,3998.5,7.147714,7.569323,-6.71082,2.23694,-2.460634,1.342164,0.671082,0.894776,-1.5,-0.1,1.5,-159.2,200.8,200.2,Tripod,Other,,23,5,True,,True,False,,Smart,RC,False,True,False,,,True,,False,False,False,False,False,False,False,False,False,False,0,Follow Yaw,-77.9,0,-167.3,192.7,False,False,False,False,False,,0,0,False,False,No Card,100,100,1024,1399,769,1024,2,False,False,False,False,False,0,False,False,False,False,74,,46.764,,7481,,10044,,46.764,,True,3.903,3.903,3.903,3.903,3.903,3.903,3.903,3.903,3.903,3.903,3.903,3.903,0,,False,False,True,,,,,,,,,,,,,,,False,False,19.052,,100.4,,75.7,,100.4,,1426,105,5,21,7,141457.8,18861.05,,Idle,,20,,10,,,20,Go Home,False,False,False,False,False,False,False,False,False,False,False,False,33.8027920380556,-117.4659261431046,3491.8,3491.8,1049.4,396.9,True,1,1,False,False,False,False,,True,False,False,Course Lock,196.8,67,16.4,93,NE,SW,2.23,11.4,Calm,False,False,Android,7.0.2,M300 RTK,1ZN7L4R0H1D00F,1W9DL31001461C,1ZMLH8300204F0,1Z6PH74DAP0QN7,"Corona, CA",728.3,5.7,137.7,8.547347,2.013246,0,0,DJI Matrice 300 RTK,M300 RTK,1ZN7L4R0H1D00F,1W9DL31001461C,1ZMLH8300204F0,1Z6PH74DAP0QN7,DJI Pilot,Android,7.0.2,1EF72A62-B7C3-C88D-164E-CE6F8C8424AE,1ZN7L4R0H1D00F,1W9DL31001461C,,1ZMLH8300204F0,1W9DL31001461C,,,,,
2023-11-01,11:32:20.47 AM,7m 58.1s,478.1,33.7979922795302,-117.4758948655664,54.1,137.7,18.0,1318,3999.5,7.147714,7.569323,-6.71082,2.23694,-2.460634,1.342164,0.671082,0.894776,-1.4,-0.1,1.4,-159.3,200.7,201.3,Tripod,Other,,23,5,True,,True,False,,Smart,RC,False,True,False,,,True,,False,False,False,False,False,False,False,False,False,False,0,Follow Yaw,-77.9,0,-167.3,192.7,False,False,False,False,False,,0,0,False,False,No Card,100,100,1024,1399,763,1024,2,False,False,False,False,False,0,False,False,False,False,74,,46.764,,7481,,10044,,46.764,,True,3.903,3.903,3.903,3.903,3.903,3.903,3.903,3.903,3.903,3.903,3.903,3.903,0,,False,False,True,,,,,,,,,,,,,,,False,False,19.052,,100.4,,75.7,,100.4,,1426,105,5,21,7,141457.8,18861.05,,Idle,,20,,10,,,20,Go Home,False,False,False,False,False,False,False,False,False,False,False,False,33.8027920380556,-117.4659261431046,3492.6,3492.6,1049.4,396.9,True,1,1,False,False,False,False,,True,False,False,Course Lock,196.8,67,16.4,93,NE,SW,2.23,11.4,Calm,False,False,Android,7.0.2,M300 RTK,1ZN7L4R0H1D00F,1W9DL31001461C,1ZMLH8300204F0,1Z6PH74DAP0QN7,"Corona, CA",728.3,5.7,137.7,8.547347,2.013246,0,0,DJI Matrice 300 RTK,M300 RTK,1ZN7L4R0H1D00F,1W9DL31001461C,1ZMLH8300204F0,1Z6PH74DAP0QN7,DJI Pilot,Android,7.0.2,1EF72A62-B7C3-C88D-164E-CE6F8C8424AE,1ZN7L4R0H1D00F,1W9DL31001461C,,1ZMLH8300204F0,1W9DL31001461C,,,,,
2023-11-01,11:32:20.58 AM,7m 58.2s,478.2,33.7979894754628,-117.4758961155063,54.1,137.7,18.0,1318,4000.6,7.147714,7.569323,-6.71082,2.23694,-2.460634,1.342164,0.671082,0.894776,-1.5,-0.3,1.5,-159.3,200.7,200.3,Tripod,Other,,23,5,True,,True,False,,Smart,RC,False,True,False,,,True,,False,False,False,False,False,False,False,False,False,False,0,Follow Yaw,-77.9,0,-167.3,192.7,False,False,False,False,False,,0,0,False,False,No Card,100,100,1024,1398,763,1024,2,False,False,False,False,False,0,False,False,False,False,74,,46.764,,7481,,10044,,46.764,,True,3.903,3.903,3.903,3.903,3.903,3.903,3.903,3.903,3.903,3.903,3.903,3.903,0,,False,False,True,,,,,,,,,,,,,,,False,False,19.052,,100.4,,75.7,,100.4,,1426,105,5,21,7,141457.8,18861.05,,Idle,,20,,10,,,20,Go Home,False,False,False,False,False,False,False,False,False,False,False,False,33.8027920380556,-117.4659261431046,3493.5,3493.5,1049.4,396.9,True,1,1,False,False,False,False,,True,False,False,Course Lock,196.8,67,16.4,93,NE,SW,2.23,11.4,Calm,False,False,Android,7.0.2,M300 RTK,1ZN7L4R0H1D00F,1W9DL31001461C,1ZMLH8300204F0,1Z6PH74DAP0QN7,"Corona, CA",728.3,5.7,137.7,8.547347,2.013246,0,0,DJI Matrice 300 RTK,M300 RTK,1ZN7L4R0H1D00F,1W9DL31001461C,1ZMLH8300204F0,1Z6PH74DAP0QN7,DJI Pilot,Android,7.0.2,1EF72A62-B7C3-C88D-164E-CE6F8C8424AE,1ZN7L4R0H1D00F,1W9DL31001461C,,1ZMLH8300204F0,1W9DL31001461C,,,,,
2023-11-01,11:32:20.68 AM,7m 58.3s,478.3,33.7979867391054,-117.4758972617862,53.8,137.7,17.7,1318,4001.7,7.147714,7.569323,-6.71082,2.23694,-2.460634,1.342164,0.671082,0.894776,-1.7,-0.3,1.7,-159.3,200.7,199.1,Tripod,Other,,23,5,True,,True,False,,Smart,RC,False,True,False,,,True,,False,False,False,False,False,False,False,False,False,False,0,Follow Yaw,-77.9,0,-167.3,192.7,False,False,False,False,False,,0,0,False,False,No Card,100,100,1024,1394,766,1024,2,False,False,False,False,False,0,False,False,False,False,74,,46.764,,7481,,10044,,46.764,,True,3.898,3.898,3.898,3.898,3.898,3.898,3.898,3.898,3.898,3.898,3.898,3.898,0,,False,False,True,,,,,,,,,,,,,,,False,False,19.052,,100.4,,75.7,,100.4,,1426,105,5,21,7,141489.0,18865.20,,Idle,,20,,10,,,20,Go Home,False,False,False,False,False,False,False,False,False,False,False,False,33.8027920380556,-117.4659261431046,3494.3,3494.3,1049.4,396.9,True,1,1,False,False,False,False,,True,False,False,Course Lock,196.8,67,16.4,93,NE,SW,2.23,11.4,Calm,False,False,Android,7.0.2,M300 RTK,1ZN7L4R0H1D00F,1W9DL31001461C,1ZMLH8300204F0,1Z6PH74DAP0QN7,"Corona, CA",728.3,5.7,137.7,8.547347,2.013246,0,0,DJI Matrice 300 RTK,M300 RTK,1ZN7L4R0H1D00F,1W9DL31001461C,1ZMLH8300204F0,1Z6PH74DAP0QN7,DJI Pilot,Android,7.0.2,1EF72A62-B7C3-C88D-164E-CE6F8C8424AE,1ZN7L4R0H1D00F,1W9DL31001461C,,1ZMLH8300204F0,1W9DL31001461C,,,,,
2023-11-01,11:32:20.74 AM,7m 58.4s,478.4,33.7979837922167,-117.4758985564228,53.8,137.7,17.7,1318,4002.8,7.147714,7.569323,-6.71082,2.23694,-2.460634,1.342164,0.447388,0.894776,-1.9,-0.3,1.9,-159.2,200.8,200.0,Tripod,Other,,23,5,True,,True,False,,Smart,RC,False,True,False,,,True,,False,False,False,False,False,False,False,False,False,False,0,Follow Yaw,-77.9,0,-167.3,192.7,False,False,False,False,False,,0,0,False,False,No Card,100,100,1024,1395,780,1024,2,False,False,False,False,False,0,False,False,False,False,74,,46.764,,7481,,10044,,46.764,,True,3.898,3.898,3.898,3.898,3.898,3.898,3.898,3.898,3.898,3.898,3.898,3.898,0,,False,False,True,,,,,,,,,,,,,,,False,False,19.052,,100.4,,75.7,,100.4,,1426,105,5,21,7,141489.0,18865.20,,Idle,,20,,10,,,20,Go Home,False,False,False,False,False,False,False,False,False,False,False,False,33.8027920380556,-117.4659261431046,3495.1,3495.1,1049.4,396.9,True,1,1,False,False,False,False,,True,False,False,Course Lock,196.8,67,16.4,93,NE,SW,2.23,11.4,Calm,False,False,Android,7.0.2,M300 RTK,1ZN7L4R0H1D00F,1W9DL31001461C,1ZMLH8300204F0,1Z6PH74DAP0QN7,"Corona, CA",728.3,5.7,137.7,8.547347,2.013246,0,0,DJI Matrice 300 RTK,M300 RTK,1ZN7L4R0H1D00F,1W9DL31001461C,1ZMLH8300204F0,1Z6PH74DAP0QN7,DJI Pilot,Android,7.0.2,1EF72A62-B7C3-C88D-164E-CE6F8C8424AE,1ZN7L4R0H1D00F,1W9DL31001461C,,1ZMLH8300204F0,1W9DL31001461C,,,,,
2023-11-01,11:32:20.84 AM,7m 58.5s,478.5,33.7979812000511,-117.475899712104,53.8,137.7,17.7,1318,4003.8,7.147714,7.569323,-6.71082,2.23694,-2.460634,1.342164,0.447388,0.894776,-2,-0.1,2,-159.1,200.9,200.3,Tripod,Other,,23,5,True,,True,False,,Smart,RC,False,True,False,,,True,,False,False,False,False,False,False,False,False,False,False,0,Follow Yaw,-77.9,0,-167.3,192.7,False,False,False,False,False,,0,0,False,False,No Card,100,100,1024,1397,811,1024,2,False,False,False,False,False,0,False,False,False,False,74,,46.764,,7481,,10044,,46.764,,True,3.898,3.898,3.898,3.898,3.898,3.898,3.898,3.898,3.898,3.898,3.898,3.898,0,,False,False,True,,,,,,,,,,,,,,,False,False,19.052,,100.4,,75.7,,100.4,,1426,105,5,21,7,141489.0,18865.20,,Idle,,20,,10,,,20,Go Home,False,False,False,False,False,False,False,False,False,False,False,False,33.8027920380556,-117.4659261431046,3495.9,3495.9,1049.4,396.9,True,1,1,False,False,False,False,,True,False,False,Course Lock,196.8,67,16.4,93,NE,SW,2.23,11.4,Calm,False,False,Android,7.0.2,M300 RTK,1ZN7L4R0H1D00F,1W9DL31001461C,1ZMLH8300204F0,1Z6PH74DAP0QN7,"Corona, CA",728.3,5.7,137.7,8.547347,2.013246,0,0,DJI Matrice 300 RTK,M300 RTK,1ZN7L4R0H1D00F,1W9DL31001461C,1ZMLH8300204F0,1Z6PH74DAP0QN7,DJI Pilot,Android,7.0.2,1EF72A62-B7C3-C88D-164E-CE6F8C8424AE,1ZN7L4R0H1D00F,1W9DL31001461C,,1ZMLH8300204F0,1W9DL31001461C,,,,,
2023-11-01,11:32:20.94 AM,7m 58.6s,478.6,33.7979784011922,-117.4759009384585,53.4,137.7,17.7,1317,4004.9,7.147714,7.569323,-6.71082,2.23694,-2.460634,1.342164,0.447388,0.894776,-2,-0.1,2,-159.1,200.9,200.0,Tripod,Other,,23,5,True,,True,False,,Smart,RC,False,True,False,,,True,,False,False,False,False,False,False,False,False,False,False,0,Follow Yaw,-77.9,0,-167.3,192.7,False,False,False,False,False,,0,0,False,False,No Card,100,100,1024,1395,841,1024,2,False,False,False,False,False,0,False,False,False,False,74,,46.764,,7481,,10044,,46.764,,True,3.898,3.898,3.898,3.898,3.898,3.898,3.898,3.898,3.898,3.898,3.898,3.898,0,,False,False,True,,,,,,,,,,,,,,,False,False,19.052,,100.4,,75.7,,100.4,,1426,105,5,21,7,141489.0,18865.20,,Idle,,20,,10,,,20,Go Home,False,False,False,False,False,False,False,False,False,False,False,False,33.8027920380556,-117.4659261431046,3496.8,3496.8,1049.4,396.9,True,1,1,False,False,False,False,,True,False,False,Course Lock,196.8,67,16.4,93,NE,SW,2.23,11.4,Calm,False,False,Android,7.0.2,M300 RTK,1ZN7L4R0H1D00F,1W9DL31001461C,1ZMLH8300204F0,1Z6PH74DAP0QN7,"Corona, CA",728.3,5.7,137.7,8.547347,2.013246,0,0,DJI Matrice 300 RTK,M300 RTK,1ZN7L4R0H1D00F,1W9DL31001461C,1ZMLH8300204F0,1Z6PH74DAP0QN7,DJI Pilot,Android,7.0.2,1EF72A62-B7C3-C88D-164E-CE6F8C8424AE,1ZN7L4R0H1D00F,1W9DL31001461C,,1ZMLH8300204F0,1W9DL31001461C,,,,,
2023-11-01,11:32:21.04 AM,7m 58.7s,478.7,33.7979754581413,-117.4759021865842,53.4,137.7,17.7,1317,4006.0,7.147714,7.569323,-6.71082,2.23694,-2.460634,1.342164,0.447388,0.894776,-2,-0.1,2,-159,201,199.4,Tripod,Other,,23,5,True,,True,False,,Smart,RC,False,True,False,,,True,,False,False,False,False,False,False,False,False,False,False,0,Follow Yaw,-77.9,0,-167.3,192.7,False,False,False,False,False,,0,0,False,False,No Card,100,100,1024,1397,833,1024,2,False,False,False,False,False,0,False,False,False,False,74,,46.764,,7481,,10044,,46.764,,True,3.898,3.898,3.898,3.898,3.898,3.898,3.898,3.898,3.898,3.898,3.898,3.898,0,,False,False,True,,,,,,,,,,,,,,,False,False,19.052,,100.4,,75.7,,100.4,,1426,105,5,21,7,141489.0,18865.20,,Idle,,20,,10,,,20,Go Home,False,False,False,False,False,False,False,False,False,False,False,False,33.8027920380556,-117.4659261431046,3497.6,3497.6,1049.4,396.9,True,1,1,False,False,False,False,,True,False,False,Course Lock,196.8,67,16.4,93,NE,SW,2.23,11.4,Calm,False,False,Android,7.0.2,M300 RTK,1ZN7L4R0H1D00F,1W9DL31001461C,1ZMLH8300204F0,1Z6PH74DAP0QN7,"Corona, CA",728.3,5.7,137.7,8.547347,2.013246,0,0,DJI Matrice 300 RTK,M300 RTK,1ZN7L4R0H1D00F,1W9DL31001461C,1ZMLH8300204F0,1Z6PH74DAP0QN7,DJI Pilot,Android,7.0.2,1EF72A62-B7C3-C88D-164E-CE6F8C8424AE,1ZN7L4R0H1D00F,1W9DL31001461C,,1ZMLH8300204F0,1W9DL31001461C,,,,,
2023-11-01,11:32:21.14 AM,7m 58.8s,478.8,33.79797264585,-117.475903413681,53.4,137.7,17.7,1317,4007.1,7.147714,7.569323,-6.71082,2.23694,-2.460634,1.342164,0.447388,0.894776,-1.9,0,1.9,-159,201,199.9,Tripod,Other,,23,5,True,,True,False,,Smart,RC,False,True,False,,,True,,False,False,False,False,False,False,False,False,False,False,0,Follow Yaw,-77.9,0,-167.3,192.7,False,False,False,False,False,,0,0,False,False,No Card,100,100,1024,1397,826,1024,2,False,False,False,False,False,0,False,False,False,False,74,,46.764,,7481,,10044,,46.764,,True,3.898,3.898,3.898,3.898,3.898,3.898,3.898,3.898,3.898,3.898,3.898,3.898,0,,False,False,True,,,,,,,,,,,,,,,False,False,19.052,,100.4,,75.7,,100.4,,1426,105,5,21,7,141489.0,18865.20,,Idle,,20,,10,,,20,Go Home,False,False,False,False,False,False,False,False,False,False,False,False,33.8027920380556,-117.4659261431046,3498.5,3498.5,1049.4,396.9,True,1,1,False,False,False,False,,True,False,False,Course Lock,196.8,67,16.4,93,NE,SW,2.23,11.4,Calm,False,False,Android,7.0.2,M300 RTK,1ZN7L4R0H1D00F,1W9DL31001461C,1ZMLH8300204F0,1Z6PH74DAP0QN7,"Corona, CA",728.3,5.7,137.7,8.547347,2.013246,0,0,DJI Matrice 300 RTK,M300 RTK,1ZN7L4R0H1D00F,1W9DL31001461C,1ZMLH8300204F0,1Z6PH74DAP0QN7,DJI Pilot,Android,7.0.2,1EF72A62-B7C3-C88D-164E-CE6F8C8424AE,1ZN7L4R0H1D00F,1W9DL31001461C,,1ZMLH8300204F0,1W9DL31001461C,,,,,
2023-11-01,11:32:21.24 AM,7m 58.9s,478.9,33.7979697121196,-117.4759047843514,53.4,137.7,17.7,1317,4008.3,7.147714,7.569323,-6.71082,2.23694,-2.460634,1.342164,0.223694,0.894776,-1.8,0.2,1.8,-159,201,201.2,Tripod,Other,,23,5,True,,True,False,,Smart,RC,False,True,False,,,True,,False,False,False,False,False,False,False,False,False,False,0,Follow Yaw,-77.9,0,-167.3,192.7,False,False,False,False,False,,0,0,False,False,No Card,100,100,1024,1397,827,1024,2,False,False,False,False,False,0,False,False,False,False,74,,46.764,,7481,,10044,,46.764,,True,3.898,3.898,3.898,3.898,3.898,3.898,3.898,3.898,3.898,3.898,3.898,3.898,0,,False,False,True,,,,,,,,,,,,,,,False,False,19.052,,100.4,,75.7,,100.4,,1426,105,5,21,7,141489.0,18865.20,,Idle,,20,,10,,,20,Go Home,False,False,False,False,False,False,False,False,False,False,False,False,33.8027920380556,-117.4659261431046,3499.4,3499.4,1049.4,396.9,True,1,1,False,False,False,False,,True,False,False,Course Lock,196.8,67,16.4,93,NE,SW,2.23,11.4,Calm,False,False,Android,7.0.2,M300 RTK,1ZN7L4R0H1D00F,1W9DL31001461C,1ZMLH8300204F0,1Z6PH74DAP0QN7,"Corona, CA",728.3,5.7,137.7,8.547347,2.013246,0,0,DJI Matrice 300 RTK,M300 RTK,1ZN7L4R0H1D00F,1W9DL31001461C,1ZMLH8300204F0,1Z6PH74DAP0QN7,DJI Pilot,Android,7.0.2,1EF72A62-B7C3-C88D-164E-CE6F8C8424AE,1ZN7L4R0H1D00F,1W9DL31001461C,,1ZMLH8300204F0,1W9DL31001461C,,,,,
2023-11-01,11:32:21.34 AM,7m 59.0s,479.0,33.7979669053109,-117.4759060287662,53.4,137.7,17.7,1317,4009.4,7.147714,7.569323,-6.71082,2.23694,-2.460634,1.342164,0.223694,0.894776,-1.9,0.2,1.9,-159.1,200.9,200.2,Tripod,Other,,23,5,True,,True,False,,Smart,RC,False,True,False,,,True,,False,False,False,False,False,False,False,False,False,False,0,Follow Yaw,-77.9,0,-167.3,192.7,False,False,False,False,False,,0,0,False,False,No Card,100,100,1024,1397,825,1024,2,False,False,False,False,False,0,False,False,False,False,74,,46.836,,7481,,10044,,46.836,,True,3.898,3.898,3.898,3.898,3.898,3.898,3.898,3.898,3.898,3.898,3.898,3.898,0,,False,False,True,,,,,,,,,,,,,,,False,False,18.502,,100.5,,75.7,,100.5,,1426,105,5,21,7,141489.0,18865.20,,Idle,,20,,10,,,20,Go Home,False,False,False,False,False,False,False,False,False,False,False,False,33.8027920380556,-117.4659261431046,3500.2,3500.2,1049.4,396.9,True,1,1,False,False,False,False,,True,False,False,Course Lock,196.8,67,16.4,93,NE,SW,2.23,11.4,Calm,False,False,Android,7.0.2,M300 RTK,1ZN7L4R0H1D00F,1W9DL31001461C,1ZMLH8300204F0,1Z6PH74DAP0QN7,"Corona, CA",728.3,5.7,137.7,8.547347,2.013246,0,0,DJI Matrice 300 RTK,M300 RTK,1ZN7L4R0H1D00F,1W9DL31001461C,1ZMLH8300204F0,1Z6PH74DAP0QN7,DJI Pilot,Android,7.0.2,1EF72A62-B7C3-C88D-164E-CE6F8C8424AE,1ZN7L4R0H1D00F,1W9DL31001461C,,1ZMLH8300204F0,1W9DL31001461C,,,,,
2023-11-01,11:32:21.44 AM,7m 59.1s,479.1,33.7979642670916,-117.475907119134,53.1,137.7,17.7,1317,4010.4,7.147714,7.569323,-6.71082,2.23694,-2.460634,1.342164,0.223694,0.894776,-2,0,2,-159.2,200.8,198.9,Tripod,Other,,23,5,True,,True,False,,Smart,RC,False,True,False,,,True,,False,False,False,False,False,False,False,False,False,False,0,Follow Yaw,-77.9,0,-167.3,192.7,False,False,False,False,False,,0,0,False,False,No Card,100,100,1024,1396,822,1024,2,False,False,False,False,False,0,False,False,False,False,74,,46.836,,7481,,10044,,46.836,,True,3.898,3.898,3.898,3.898,3.898,3.898,3.898,3.898,3.898,3.898,3.898,3.898,0,,False,False,True,,,,,,,,,,,,,,,False,False,18.502,,100.5,,75.7,,100.5,,1426,105,5,21,7,141489.0,18865.20,,Idle,,20,,10,,,20,Go Home,False,False,False,False,False,False,False,False,False,False,False,False,33.8027920380556,-117.4659261431046,3501.0,3501.0,1049.4,396.9,True,1,1,False,False,False,False,,True,False,False,Course Lock,196.8,67,16.4,93,NE,SW,2.23,11.4,Calm,False,False,Android,7.0.2,M300 RTK,1ZN7L4R0H1D00F,1W9DL31001461C,1ZMLH8300204F0,1Z6PH74DAP0QN7,"Corona, CA",728.3,5.7,137.7,8.547347,2.013246,0,0,DJI Matrice 300 RTK,M300 RTK,1ZN7L4R0H1D00F,1W9DL31001461C,1ZMLH8300204F0,1Z6PH74DAP0QN7,DJI Pilot,Android,7.0.2,1EF72A62-B7C3-C88D-164E-CE6F8C8424AE,1ZN7L4R0H1D00F,1W9DL31001461C,,1ZMLH8300204F0,1W9DL31001461C,,,,,
2023-11-01,11:32:21.50 AM,7m 59.2s,479.2,33.797961470974,-117.4759083694863,53.1,137.7,17.7,1317,4011.5,7.147714,7.569323,-6.71082,2.23694,-2.460634,1.342164,0.223694,0.894776,-2.1,-0.3,2.1,-159.2,200.8,200.3,Tripod,Other,,23,5,True,,True,False,,Smart,RC,False,True,False,,,True,,False,False,False,False,False,False,False,False,False,False,0,Follow Yaw,-77.9,0,-167.3,192.7,False,False,False,False,False,,0,0,False,False,No Card,100,100,1024,1396,822,1024,2,False,False,False,False,False,0,False,False,False,False,74,,46.836,,7481,,10044,,46.836,,True,3.898,3.898,3.898,3.898,3.898,3.898,3.898,3.898,3.898,3.898,3.898,3.898,0,,False,False,True,,,,,,,,,,,,,,,False,False,18.502,,100.5,,75.7,,100.5,,1426,105,5,21,7,141489.0,18865.20,,Idle,,20,,10,,,20,Go Home,False,False,False,False,False,False,False,False,False,False,False,False,33.8027920380556,-117.4659261431046,3501.8,3501.8,1049.4,396.9,True,1,1,False,False,False,False,,True,False,False,Course Lock,196.8,67,16.4,93,NE,SW,2.23,11.4,Calm,False,False,Android,7.0.2,M300 RTK,1ZN7L4R0H1D00F,1W9DL31001461C,1ZMLH8300204F0,1Z6PH74DAP0QN7,"Corona, CA",728.3,5.7,137.7,8.547347,2.013246,0,0,DJI Matrice 300 RTK,M300 RTK,1ZN7L4R0H1D00F,1W9DL31001461C,1ZMLH8300204F0,1Z6PH74DAP0QN7,DJI Pilot,Android,7.0.2,1EF72A62-B7C3-C88D-164E-CE6F8C8424AE,1ZN7L4R0H1D00F,1W9DL31001461C,,1ZMLH8300204F0,1W9DL31001461C,,,,,
2023-11-01,11:32:21.64 AM,7m 59.3s,479.3,33.7979587825891,-117.4759095014996,53.1,137.7,17.7,1317,4012.5,7.147714,7.569323,-6.71082,2.23694,-2.460634,1.342164,0.223694,0.894776,-2.3,-0.6,2.3,-159.3,200.7,199.2,Tripod,Other,,23,5,True,,True,False,,Smart,RC,False,True,False,,,True,,False,False,False,False,False,False,False,False,False,False,0,Follow Yaw,-77.9,0,-167.3,192.7,False,False,False,False,False,,0,0,False,False,No Card,100,100,1024,1397,818,1024,2,False,False,False,False,False,0,False,False,False,False,74,,46.836,,7481,,10044,,46.836,,True,3.9,3.9,3.9,3.9,3.9,3.9,3.9,3.9,3.9,3.9,3.9,3.9,0,,False,False,True,,,,,,,,,,,,,,,False,False,18.502,,100.5,,75.7,,100.5,,1426,105,5,21,7,141587.5,18878.33,,Idle,,20,,10,,,20,Go Home,False,False,False,False,False,False,False,False,False,False,False,False,33.8027920380556,-117.4659261431046,3502.6,3502.6,1049.4,396.9,True,1,1,False,False,False,False,,True,False,False,Course Lock,196.8,67,16.4,93,NE,SW,2.23,11.4,Calm,False,False,Android,7.0.2,M300 RTK,1ZN7L4R0H1D00F,1W9DL31001461C,1ZMLH8300204F0,1Z6PH74DAP0QN7,"Corona, CA",728.3,5.7,137.7,8.547347,2.013246,0,0,DJI Matrice 300 RTK,M300 RTK,1ZN7L4R0H1D00F,1W9DL31001461C,1ZMLH8300204F0,1Z6PH74DAP0QN7,DJI Pilot,Android,7.0.2,1EF72A62-B7C3-C88D-164E-CE6F8C8424AE,1ZN7L4R0H1D00F,1W9DL31001461C,,1ZMLH8300204F0,1W9DL31001461C,,,,,
2023-11-01,11:32:21.74 AM,7m 59.4s,479.4,33.7979561375167,-117.4759106683136,53.1,137.7,17.7,1317,4013.5,7.147714,7.569323,-6.71082,2.23694,-2.460634,1.342164,0.223694,0.894776,-2.3,-0.7,2.4,-159.3,200.7,200.1,Tripod,Other,,23,5,True,,True,False,,Smart,RC,False,True,False,,,True,,False,False,False,False,False,False,False,False,False,False,0,Follow Yaw,-77.9,0,-167.3,192.7,False,False,False,False,False,,0,0,False,False,No Card,100,100,1024,1396,803,1024,2,False,False,False,False,False,0,False,False,False,False,74,,46.836,,7481,,10044,,46.836,,True,3.9,3.9,3.9,3.9,3.9,3.9,3.9,3.9,3.9,3.9,3.9,3.9,0,,False,False,True,,,,,,,,,,,,,,,False,False,18.502,,100.5,,75.7,,100.5,,1426,105,5,21,7,141587.5,18878.33,,Idle,,20,,10,,,20,Go Home,False,False,False,False,False,False,False,False,False,False,False,False,33.8027920380556,-117.4659261431046,3503.4,3503.4,1049.4,396.9,True,1,1,False,False,False,False,,True,False,False,Course Lock,196.8,67,16.4,93,NE,SW,2.23,11.4,Calm,False,False,Android,7.0.2,M300 RTK,1ZN7L4R0H1D00F,1W9DL31001461C,1ZMLH8300204F0,1Z6PH74DAP0QN7,"Corona, CA",728.3,5.7,137.7,8.547347,2.013246,0,0,DJI Matrice 300 RTK,M300 RTK,1ZN7L4R0H1D00F,1W9DL31001461C,1ZMLH8300204F0,1Z6PH74DAP0QN7,DJI Pilot,Android,7.0.2,1EF72A62-B7C3-C88D-164E-CE6F8C8424AE,1ZN7L4R0H1D00F,1W9DL31001461C,,1ZMLH8300204F0,1W9DL31001461C,,,,,
2023-11-01,11:32:21.81 AM,7m 59.5s,479.5,33.7979531689718,-117.475912007317,53.1,137.7,17.7,1317,4014.7,7.147714,7.569323,-6.71082,2.23694,-2.460634,1.342164,0.223694,0.894776,-2.3,-0.5,2.3,-159.3,200.7,200.5,Tripod,Other,,23,5,True,,True,False,,Smart,RC,False,True,False,,,True,,False,False,False,False,False,False,False,False,False,False,0,Follow Yaw,-77.9,0,-167.3,192.7,False,False,False,False,False,,0,0,False,False,No Card,100,100,1024,1396,763,1024,2,False,False,False,False,False,0,False,False,False,False,74,,46.836,,7481,,10044,,46.836,,True,3.9,3.9,3.9,3.9,3.9,3.9,3.9,3.9,3.9,3.9,3.9,3.9,0,,False,False,True,,,,,,,,,,,,,,,False,False,18.502,,100.5,,75.7,,100.5,,1426,105,5,21,7,141587.5,18878.33,,Idle,,20,,10,,,20,Go Home,False,False,False,False,False,False,False,False,False,False,False,False,33.8027920380556,-117.4659261431046,3504.3,3504.3,1049.4,396.9,True,1,1,False,False,False,False,,True,False,False,Course Lock,196.8,67,16.4,93,NE,SW,2.23,11.4,Calm,False,False,Android,7.0.2,M300 RTK,1ZN7L4R0H1D00F,1W9DL31001461C,1ZMLH8300204F0,1Z6PH74DAP0QN7,"Corona, CA",728.3,5.7,137.7,8.547347,2.013246,0,0,DJI Matrice 300 RTK,M300 RTK,1ZN7L4R0H1D00F,1W9DL31001461C,1ZMLH8300204F0,1Z6PH74DAP0QN7,DJI Pilot,Android,7.0.2,1EF72A62-B7C3-C88D-164E-CE6F8C8424AE,1ZN7L4R0H1D00F,1W9DL31001461C,,1ZMLH8300204F0,1W9DL31001461C,,,,,
2023-11-01,11:32:21.94 AM,7m 59.6s,479.6,33.79795051266,-117.4759131636578,53.1,137.7,17.7,1317,4015.7,7.147714,7.569323,-6.71082,2.23694,-2.460634,1.342164,0.223694,0.894776,-2.1,-0.1,2.1,-159.3,200.7,199.8,Tripod,Other,,23,5,True,,True,False,,Smart,RC,False,True,False,,,True,,False,False,False,False,False,False,False,False,False,False,0,Follow Yaw,-77.9,0,-167.3,192.7,False,False,False,False,False,,0,0,False,False,No Card,100,100,1024,1397,773,1024,2,False,False,False,False,False,0,False,False,False,False,74,,46.836,,7481,,10044,,46.836,,True,3.9,3.9,3.9,3.9,3.9,3.9,3.9,3.9,3.9,3.9,3.9,3.9,0,,False,False,True,,,,,,,,,,,,,,,False,False,18.502,,100.5,,75.7,,100.5,,1426,105,5,21,7,141587.5,18878.33,,Idle,,20,,10,,,20,Go Home,False,False,False,False,False,False,False,False,False,False,False,False,33.8027920380556,-117.4659261431046,3505.1,3505.1,1049.4,396.9,True,1,1,False,False,False,False,,True,False,False,Course Lock,196.8,67,16.4,93,NE,SW,2.23,11.4,Calm,False,False,Android,7.0.2,M300 RTK,1ZN7L4R0H1D00F,1W9DL31001461C,1ZMLH8300204F0,1Z6PH74DAP0QN7,"Corona, CA",728.3,5.7,137.7,8.547347,2.013246,0,0,DJI Matrice 300 RTK,M300 RTK,1ZN7L4R0H1D00F,1W9DL31001461C,1ZMLH8300204F0,1Z6PH74DAP0QN7,DJI Pilot,Android,7.0.2,1EF72A62-B7C3-C88D-164E-CE6F8C8424AE,1ZN7L4R0H1D00F,1W9DL31001461C,,1ZMLH8300204F0,1W9DL31001461C,,,,,
2023-11-01,11:32:22.04 AM,7m 59.7s,479.7,33.7979478226304,-117.4759145528831,52.8,137.7,17.7,1317,4016.8,7.147714,7.569323,-6.71082,2.23694,-2.460634,1.342164,0.223694,0.894776,-2.1,0,2.1,-159.4,200.6,203.2,Tripod,Other,,23,5,True,,True,False,,Smart,RC,False,True,False,,,True,,False,False,False,False,False,False,False,False,False,False,0,Follow Yaw,-77.9,0,-167.3,192.7,False,False,False,False,False,,0,0,False,False,No Card,100,100,1024,1397,773,1024,2,False,False,False,False,False,0,False,False,False,False,74,,46.752,,3689,,4986,,46.752,,True,3.9,3.9,3.9,3.9,3.9,3.9,3.9,3.9,3.9,3.9,3.9,3.9,0,,False,False,True,,,,,,,,,,,,,,,False,False,9.62,,100.5,,75.7,,100.5,,1426,105,5,21,7,141587.5,18878.33,,Idle,,20,,10,,,20,Go Home,False,False,False,False,False,False,False,False,False,False,False,False,33.8027920380556,-117.4659261431046,3505.9,3505.9,1049.4,396.9,True,1,1,False,False,False,False,,True,False,False,Course Lock,196.8,67,16.4,93,NE,SW,2.23,11.4,Calm,False,False,Android,7.0.2,M300 RTK,1ZN7L4R0H1D00F,1W9DL31001461C,1ZMLH8300204F0,1Z6PH74DAP0QN7,"Corona, CA",728.3,5.7,137.7,8.547347,2.013246,0,0,DJI Matrice 300 RTK,M300 RTK,1ZN7L4R0H1D00F,1W9DL31001461C,1ZMLH8300204F0,1Z6PH74DAP0QN7,DJI Pilot,Android,7.0.2,1EF72A62-B7C3-C88D-164E-CE6F8C8424AE,1ZN7L4R0H1D00F,1W9DL31001461C,,1ZMLH8300204F0,1W9DL31001461C,,,,,
2023-11-01,11:32:22.14 AM,7m 59.8s,479.8,33.7979450374779,-117.4759157848454,52.8,137.7,17.7,1317,4017.9,7.147714,7.569323,-6.71082,2.23694,-2.460634,1.342164,0.223694,0.894776,-2.3,-0.2,2.3,-159.5,200.5,200.1,Tripod,Other,,23,5,True,,True,False,,Smart,RC,False,True,False,,,True,,False,False,False,False,False,False,False,False,False,False,0,Follow Yaw,-77.9,0,-167.3,192.7,False,False,False,False,False,,0,0,False,False,No Card,100,100,1024,1395,807,1024,2,False,False,False,False,False,0,False,False,False,False,74,,46.752,,3689,,4986,,46.752,,True,3.9,3.9,3.9,3.9,3.9,3.9,3.9,3.9,3.9,3.9,3.9,3.9,0,,False,False,True,,,,,,,,,,,,,,,False,False,9.62,,100.5,,75.7,,100.5,,1426,105,5,21,7,141587.5,18878.33,,Idle,,20,,10,,,20,Go Home,False,False,False,False,False,False,False,False,False,False,False,False,33.8027920380556,-117.4659261431046,3506.8,3506.8,1049.4,396.9,True,1,1,False,False,False,False,,True,False,False,Course Lock,196.8,67,16.4,93,NE,SW,2.23,11.4,Calm,False,False,Android,7.0.2,M300 RTK,1ZN7L4R0H1D00F,1W9DL31001461C,1ZMLH8300204F0,1Z6PH74DAP0QN7,"Corona, CA",728.3,5.7,137.7,8.547347,2.013246,0,0,DJI Matrice 300 RTK,M300 RTK,1ZN7L4R0H1D00F,1W9DL31001461C,1ZMLH8300204F0,1Z6PH74DAP0QN7,DJI Pilot,Android,7.0.2,1EF72A62-B7C3-C88D-164E-CE6F8C8424AE,1ZN7L4R0H1D00F,1W9DL31001461C,,1ZMLH8300204F0,1W9DL31001461C,,,,,
2023-11-01,11:32:22.24 AM,7m 59.9s,479.9,33.7979418902008,-117.4759171031498,52.8,137.7,17.7,1317,4019.1,7.147714,7.569323,-6.71082,2.23694,-2.460634,1.342164,0.447388,0.894776,-2.1,-0.2,2.1,-159.5,200.5,199.1,Tripod,Other,,23,5,True,,True,False,,Smart,RC,False,True,False,,,True,,False,False,False,False,False,False,False,False,False,False,0,Follow Yaw,-77.9,0,-167.3,192.7,False,False,False,False,False,,0,0,False,False,No Card,100,100,1024,1395,805,1024,2,False,False,False,False,False,0,False,False,False,False,74,,46.752,,3689,,4986,,46.752,,True,3.9,3.9,3.9,3.9,3.9,3.9,3.9,3.9,3.9,3.9,3.9,3.9,0,,False,False,True,,,,,,,,,,,,,,,False,False,9.62,,100.5,,75.7,,100.5,,1426,105,5,21,7,141587.5,18878.33,,Idle,,20,,10,,,20,Go Home,False,False,False,False,False,False,False,False,False,False,False,False,33.8027920380556,-117.4659261431046,3507.7,3507.7,1049.4,396.9,True,1,1,False,False,False,False,,True,False,False,Course Lock,196.8,67,16.4,93,NE,SW,2.23,11.4,Calm,False,False,Android,7.0.2,M300 RTK,1ZN7L4R0H1D00F,1W9DL31001461C,1ZMLH8300204F0,1Z6PH74DAP0QN7,"Corona, CA",728.3,5.7,137.7,8.547347,2.013246,0,0,DJI Matrice 300 RTK,M300 RTK,1ZN7L4R0H1D00F,1W9DL31001461C,1ZMLH8300204F0,1Z6PH74DAP0QN7,DJI Pilot,Android,7.0.2,1EF72A62-B7C3-C88D-164E-CE6F8C8424AE,1ZN7L4R0H1D00F,1W9DL31001461C,,1ZMLH8300204F0,1W9DL31001461C,,,,,
2023-11-01,11:32:22.32 AM,8m 0.0s,480.0,33.7979392242945,-117.4759182702937,52.8,137.7,17.7,1317,4020.1,7.147714,7.569323,-6.71082,2.23694,-2.460634,1.342164,0.447388,0.894776,-2,-0.3,2,-159.5,200.5,199.9,Tripod,Other,,23,5,True,,True,False,,Smart,RC,False,True,False,,,True,,False,False,False,False,False,False,False,False,False,False,0,Follow Yaw,-77.9,0,-167.3,192.7,False,False,False,False,False,,0,0,False,False,No Card,100,100,1024,1394,804,1024,2,False,False,False,False,False,0,False,False,False,False,74,,46.848,,7431,,10044,,46.848,,True,3.9,3.9,3.9,3.9,3.9,3.9,3.9,3.9,3.9,3.9,3.9,3.9,0,,False,False,True,,,,,,,,,,,,,,,False,False,19.228,,100.5,,75.7,,100.5,,1426,105,5,21,7,141587.5,18878.33,,Idle,,20,,10,,,20,Go Home,False,False,False,False,False,False,False,False,False,False,False,False,33.8027920380556,-117.4659261431046,3508.5,3508.5,1049.4,396.9,True,1,1,False,False,False,False,,True,False,False,Course Lock,196.8,67,16.4,93,NE,SW,2.23,11.4,Calm,False,False,Android,7.0.2,M300 RTK,1ZN7L4R0H1D00F,1W9DL31001461C,1ZMLH8300204F0,1Z6PH74DAP0QN7,"Corona, CA",728.3,5.7,137.7,8.547347,2.013246,0,0,DJI Matrice 300 RTK,M300 RTK,1ZN7L4R0H1D00F,1W9DL31001461C,1ZMLH8300204F0,1Z6PH74DAP0QN7,DJI Pilot,Android,7.0.2,1EF72A62-B7C3-C88D-164E-CE6F8C8424AE,1ZN7L4R0H1D00F,1W9DL31001461C,,1ZMLH8300204F0,1W9DL31001461C,,,,,
2023-11-01,11:32:22.42 AM,8m 0.1s,480.1,33.7979363689649,-117.4759194737227,52.8,137.7,17.7,1317,4021.2,7.147714,7.569323,-6.71082,2.23694,-2.460634,1.342164,0.447388,0.894776,-2,-0.3,2,-159.5,200.5,199.3,Tripod,Other,,23,5,True,,True,False,,Smart,RC,False,True,False,,,True,,False,False,False,False,False,False,False,False,False,False,0,Follow Yaw,-77.9,0,-167.3,192.7,False,False,False,False,False,,0,0,False,False,No Card,100,100,1024,1393,803,1024,2,False,False,False,False,False,0,False,False,False,False,74,,46.848,,7431,,10044,,46.848,,True,3.9,3.9,3.9,3.9,3.9,3.9,3.9,3.9,3.9,3.9,3.9,3.9,0,,False,False,True,,,,,,,,,,,,,,,False,False,19.228,,100.5,,75.7,,100.5,,1426,105,5,21,7,141587.5,18878.33,,Idle,,20,,10,,,20,Go Home,False,False,False,False,False,False,False,False,False,False,False,False,33.8027920380556,-117.4659261431046,3509.3,3509.3,1049.4,396.9,True,1,1,False,False,False,False,,True,False,False,Course Lock,196.8,67,16.4,93,NE,SW,2.23,11.4,Calm,False,False,Android,7.0.2,M300 RTK,1ZN7L4R0H1D00F,1W9DL31001461C,1ZMLH8300204F0,1Z6PH74DAP0QN7,"Corona, CA",728.3,5.7,137.7,8.547347,2.013246,0,0,DJI Matrice 300 RTK,M300 RTK,1ZN7L4R0H1D00F,1W9DL31001461C,1ZMLH8300204F0,1Z6PH74DAP0QN7,DJI Pilot,Android,7.0.2,1EF72A62-B7C3-C88D-164E-CE6F8C8424AE,1ZN7L4R0H1D00F,1W9DL31001461C,,1ZMLH8300204F0,1W9DL31001461C,,,,,
2023-11-01,11:32:22.54 AM,8m 0.2s,480.2,33.7979335605115,-117.4759206893567,52.4,137.7,17.7,1316,4022.3,7.147714,7.569323,-6.71082,2.23694,-2.460634,1.342164,0.447388,0.894776,-2,-0.2,2,-159.4,200.6,199.7,Tripod,Other,,23,5,True,,True,False,,Smart,RC,False,True,False,,,True,,False,False,False,False,False,False,False,False,False,False,0,Follow Yaw,-77.9,0,-167.3,192.7,False,False,False,False,False,,0,0,False,False,No Card,100,100,1024,1395,810,1024,2,False,False,False,False,False,0,False,False,False,False,74,,46.848,,7431,,10044,,46.848,,True,3.9,3.9,3.9,3.9,3.9,3.9,3.9,3.9,3.9,3.9,3.9,3.9,0,,False,False,True,,,,,,,,,,,,,,,False,False,19.228,,100.5,,75.7,,100.5,,1426,105,5,21,7,141587.5,18878.33,,Idle,,20,,10,,,20,Go Home,False,False,False,False,False,False,False,False,False,False,False,False,33.8027920380556,-117.4659261431046,3510.2,3510.2,1049.4,396.9,True,1,1,False,False,False,False,,True,False,False,Course Lock,196.8,67,16.4,93,NE,SW,2.23,11.4,Calm,False,False,Android,7.0.2,M300 RTK,1ZN7L4R0H1D00F,1W9DL31001461C,1ZMLH8300204F0,1Z6PH74DAP0QN7,"Corona, CA",728.3,5.7,137.7,8.547347,2.013246,0,0,DJI Matrice 300 RTK,M300 RTK,1ZN7L4R0H1D00F,1W9DL31001461C,1ZMLH8300204F0,1Z6PH74DAP0QN7,DJI Pilot,Android,7.0.2,1EF72A62-B7C3-C88D-164E-CE6F8C8424AE,1ZN7L4R0H1D00F,1W9DL31001461C,,1ZMLH8300204F0,1W9DL31001461C,,,,,
2023-11-01,11:32:22.63 AM,8m 0.3s,480.3,33.7979304823149,-117.4759220097227,52.4,137.7,17.7,1316,4023.5,7.147714,7.569323,-6.71082,2.23694,-2.460634,1.342164,0.447388,0.894776,-2,-0.1,2,-159.4,200.6,199.6,Tripod,Other,,23,5,True,,True,False,,Smart,RC,False,True,False,,,True,,False,False,False,False,False,False,False,False,False,False,0,Follow Yaw,-77.9,0,-167.3,192.7,False,False,False,False,False,,0,0,False,False,No Card,100,100,1024,1394,812,1024,2,False,False,False,False,False,0,False,False,False,False,74,,46.848,,7431,,10044,,46.848,,True,3.901,3.901,3.901,3.901,3.901,3.901,3.901,3.901,3.901,3.901,3.901,3.901,0,,False,False,True,,,,,,,,,,,,,,,False,False,19.228,,100.5,,75.7,,100.5,,1425,106,5,21,7,141616.1,18882.15,,Idle,,20,,10,,,20,Go Home,False,False,False,False,False,False,False,False,False,False,False,False,33.8027920380556,-117.4659261431046,3511.1,3511.1,1049.4,396.9,True,1,1,False,False,False,False,,True,False,False,Course Lock,196.8,67,16.4,93,NE,SW,2.23,11.4,Calm,False,False,Android,7.0.2,M300 RTK,1ZN7L4R0H1D00F,1W9DL31001461C,1ZMLH8300204F0,1Z6PH74DAP0QN7,"Corona, CA",728.3,5.7,137.7,8.547347,2.013246,0,0,DJI Matrice 300 RTK,M300 RTK,1ZN7L4R0H1D00F,1W9DL31001461C,1ZMLH8300204F0,1Z6PH74DAP0QN7,DJI Pilot,Android,7.0.2,1EF72A62-B7C3-C88D-164E-CE6F8C8424AE,1ZN7L4R0H1D00F,1W9DL31001461C,,1ZMLH8300204F0,1W9DL31001461C,,,,,
2023-11-01,11:32:22.73 AM,8m 0.4s,480.4,33.7979276631704,-117.4759232288203,52.4,137.7,17.7,1316,4024.6,7.147714,7.569323,-6.71082,2.23694,-2.460634,1.342164,0.223694,0.894776,-1.8,0,1.8,-159.3,200.7,199.7,Tripod,Other,,23,5,True,,True,False,,Smart,RC,False,True,False,,,True,,False,False,False,False,False,False,False,False,False,False,0,Follow Yaw,-77.9,0,-167.3,192.7,False,False,False,False,False,,0,0,False,False,No Card,100,100,1024,1394,810,1024,2,False,False,False,False,False,0,False,False,False,False,74,,46.848,,7431,,10044,,46.848,,True,3.901,3.901,3.901,3.901,3.901,3.901,3.901,3.901,3.901,3.901,3.901,3.901,0,,False,False,True,,,,,,,,,,,,,,,False,False,19.228,,100.5,,75.7,,100.5,,1425,106,5,21,7,141616.1,18882.15,,Idle,,20,,10,,,20,Go Home,False,False,False,False,False,False,False,False,False,False,False,False,33.8027920380556,-117.4659261431046,3511.9,3511.9,1049.4,396.9,True,1,1,False,False,False,False,,True,False,False,Course Lock,196.8,67,16.4,93,NE,SW,2.23,11.4,Calm,False,False,Android,7.0.2,M300 RTK,1ZN7L4R0H1D00F,1W9DL31001461C,1ZMLH8300204F0,1Z6PH74DAP0QN7,"Corona, CA",728.3,5.7,137.7,8.547347,2.013246,0,0,DJI Matrice 300 RTK,M300 RTK,1ZN7L4R0H1D00F,1W9DL31001461C,1ZMLH8300204F0,1Z6PH74DAP0QN7,DJI Pilot,Android,7.0.2,1EF72A62-B7C3-C88D-164E-CE6F8C8424AE,1ZN7L4R0H1D00F,1W9DL31001461C,,1ZMLH8300204F0,1W9DL31001461C,,,,,
2023-11-01,11:32:22.83 AM,8m 0.5s,480.5,33.7979254309365,-117.4759241998596,52.4,137.7,17.7,1316,4025.5,7.147714,7.569323,-6.71082,2.23694,-2.460634,1.342164,0.223694,0.894776,-1.8,0,1.8,-159.3,200.7,199.8,Tripod,Other,,23,5,True,,True,False,,Smart,RC,False,True,False,,,True,,False,False,False,False,False,False,False,False,False,False,0,Follow Yaw,-77.9,0,-167.3,192.7,False,False,False,False,False,,0,0,False,False,No Card,100,100,1024,1393,809,1024,2,False,False,False,False,False,0,False,False,False,False,74,,46.848,,7431,,10044,,46.848,,True,3.901,3.901,3.901,3.901,3.901,3.901,3.901,3.901,3.901,3.901,3.901,3.901,0,,False,False,True,,,,,,,,,,,,,,,False,False,19.228,,100.5,,75.7,,100.5,,1425,106,5,21,7,141616.1,18882.15,,Idle,,20,,10,,,20,Go Home,False,False,False,False,False,False,False,False,False,False,False,False,33.8027920380556,-117.4659261431046,3512.6,3512.6,1049.4,396.9,True,1,1,False,False,False,False,,True,False,False,Course Lock,196.8,67,16.4,93,NE,SW,2.23,11.4,Calm,False,False,Android,7.0.2,M300 RTK,1ZN7L4R0H1D00F,1W9DL31001461C,1ZMLH8300204F0,1Z6PH74DAP0QN7,"Corona, CA",728.3,5.7,137.7,8.547347,2.013246,0,0,DJI Matrice 300 RTK,M300 RTK,1ZN7L4R0H1D00F,1W9DL31001461C,1ZMLH8300204F0,1Z6PH74DAP0QN7,DJI Pilot,Android,7.0.2,1EF72A62-B7C3-C88D-164E-CE6F8C8424AE,1ZN7L4R0H1D00F,1W9DL31001461C,,1ZMLH8300204F0,1W9DL31001461C,,,,,
2023-11-01,11:32:22.93 AM,8m 0.6s,480.6,33.7979226589422,-117.4759254038659,52.4,137.7,17.7,1316,4026.6,7.147714,7.569323,-6.71082,2.23694,-2.460634,1.342164,0.223694,0.894776,-1.8,0,1.8,-159.2,200.8,199.8,Tripod,Other,,23,5,True,,True,False,,Smart,RC,False,True,False,,,True,,False,False,False,False,False,False,False,False,False,False,0,Follow Yaw,-77.9,0,-167.3,192.7,False,False,False,False,False,,0,0,False,False,No Card,100,100,1024,1392,810,1024,2,False,False,False,False,False,0,False,False,False,False,74,,46.848,,7431,,10044,,46.848,,True,3.901,3.901,3.901,3.901,3.901,3.901,3.901,3.901,3.901,3.901,3.901,3.901,0,,False,False,True,,,,,,,,,,,,,,,False,False,19.228,,100.5,,75.7,,100.5,,1425,106,5,21,7,141616.1,18882.15,,Idle,,20,,10,,,20,Go Home,False,False,False,False,False,False,False,False,False,False,False,False,33.8027920380556,-117.4659261431046,3513.4,3513.4,1049.4,396.9,True,1,1,False,False,False,False,,True,False,False,Course Lock,196.8,67,16.4,93,NE,SW,2.23,11.4,Calm,False,False,Android,7.0.2,M300 RTK,1ZN7L4R0H1D00F,1W9DL31001461C,1ZMLH8300204F0,1Z6PH74DAP0QN7,"Corona, CA",728.3,5.7,137.7,8.547347,2.013246,0,0,DJI Matrice 300 RTK,M300 RTK,1ZN7L4R0H1D00F,1W9DL31001461C,1ZMLH8300204F0,1Z6PH74DAP0QN7,DJI Pilot,Android,7.0.2,1EF72A62-B7C3-C88D-164E-CE6F8C8424AE,1ZN7L4R0H1D00F,1W9DL31001461C,,1ZMLH8300204F0,1W9DL31001461C,,,,,
2023-11-01,11:32:23.04 AM,8m 0.7s,480.7,33.7979198406201,-117.4759267640631,52.1,137.7,17.7,1316,4027.7,7.147714,7.569323,-6.71082,2.23694,-2.460634,1.342164,0.223694,0.894776,-1.9,0,1.9,-159.2,200.8,201.8,Tripod,Other,,23,5,True,,True,False,,Smart,RC,False,True,False,,,True,,False,False,False,False,False,False,False,False,False,False,0,Follow Yaw,-77.9,0,-167.3,192.7,False,False,False,False,False,,0,0,False,False,No Card,100,100,1024,1391,809,1024,2,False,False,False,False,False,0,False,False,False,False,74,,46.848,,7431,,10044,,46.848,,True,3.901,3.901,3.901,3.901,3.901,3.901,3.901,3.901,3.901,3.901,3.901,3.901,0,,False,False,True,,,,,,,,,,,,,,,False,False,19.228,,100.5,,75.7,,100.5,,1425,106,5,21,7,141616.1,18882.15,,Idle,,20,,10,,,20,Go Home,False,False,False,False,False,False,False,False,False,False,False,False,33.8027920380556,-117.4659261431046,3514.3,3514.3,1049.4,396.9,True,1,1,False,False,False,False,,True,False,False,Course Lock,196.8,67,16.4,93,NE,SW,2.23,11.4,Calm,False,False,Android,7.0.2,M300 RTK,1ZN7L4R0H1D00F,1W9DL31001461C,1ZMLH8300204F0,1Z6PH74DAP0QN7,"Corona, CA",728.3,5.7,137.7,8.547347,2.013246,0,0,DJI Matrice 300 RTK,M300 RTK,1ZN7L4R0H1D00F,1W9DL31001461C,1ZMLH8300204F0,1Z6PH74DAP0QN7,DJI Pilot,Android,7.0.2,1EF72A62-B7C3-C88D-164E-CE6F8C8424AE,1ZN7L4R0H1D00F,1W9DL31001461C,,1ZMLH8300204F0,1W9DL31001461C,,,,,
2023-11-01,11:32:23.14 AM,8m 0.8s,480.8,33.797917073286,-117.4759279834905,52.1,137.7,17.7,1316,4028.7,7.147714,7.569323,-6.71082,2.23694,-2.460634,1.342164,0.223694,0.894776,-2,-0.1,2,-159.3,200.7,200.1,Tripod,Other,,23,5,True,,True,False,,Smart,RC,False,True,False,,,True,,False,False,False,False,False,False,False,False,False,False,0,Follow Yaw,-77.9,0,-167.3,192.7,False,False,False,False,False,,0,0,False,False,No Card,100,100,1024,1391,809,1024,2,False,False,False,False,False,0,False,False,False,False,74,,46.848,,7431,,10044,,46.848,,True,3.901,3.901,3.901,3.901,3.901,3.901,3.901,3.901,3.901,3.901,3.901,3.901,0,,False,False,True,,,,,,,,,,,,,,,False,False,19.228,,100.5,,75.7,,100.5,,1425,106,5,21,7,141616.1,18882.15,,Idle,,20,,10,,,20,Go Home,False,False,False,False,False,False,False,False,False,False,False,False,33.8027920380556,-117.4659261431046,3515.1,3515.1,1049.4,396.9,True,1,1,False,False,False,False,,True,False,False,Course Lock,196.8,67,16.4,93,NE,SW,2.23,11.4,Calm,False,False,Android,7.0.2,M300 RTK,1ZN7L4R0H1D00F,1W9DL31001461C,1ZMLH8300204F0,1Z6PH74DAP0QN7,"Corona, CA",728.3,5.7,137.7,8.547347,2.013246,0,0,DJI Matrice 300 RTK,M300 RTK,1ZN7L4R0H1D00F,1W9DL31001461C,1ZMLH8300204F0,1Z6PH74DAP0QN7,DJI Pilot,Android,7.0.2,1EF72A62-B7C3-C88D-164E-CE6F8C8424AE,1ZN7L4R0H1D00F,1W9DL31001461C,,1ZMLH8300204F0,1W9DL31001461C,,,,,
2023-11-01,11:32:23.24 AM,8m 0.9s,480.9,33.7979141168028,-117.475929379808,52.1,137.7,17.7,1316,4029.9,7.147714,7.569323,-6.71082,2.23694,-2.460634,1.342164,0.223694,0.894776,-2.1,-0.2,2.1,-159.3,200.7,201.4,Tripod,Other,,23,5,True,,True,False,,Smart,RC,False,True,False,,,True,,False,False,False,False,False,False,False,False,False,False,0,Follow Yaw,-77.9,0,-167.3,192.7,False,False,False,False,False,,0,0,False,False,No Card,100,100,1024,1391,806,1024,2,False,False,False,False,False,0,False,False,False,False,74,,46.848,,7431,,10044,,46.848,,True,3.901,3.901,3.901,3.901,3.901,3.901,3.901,3.901,3.901,3.901,3.901,3.901,0,,False,False,True,,,,,,,,,,,,,,,False,False,19.228,,100.5,,75.7,,100.5,,1425,106,5,21,7,141616.1,18882.15,,Idle,,20,,10,,,20,Go Home,False,False,False,False,False,False,False,False,False,False,False,False,33.8027920380556,-117.4659261431046,3516.0,3516.0,1049.4,396.9,True,1,1,False,False,False,False,,True,False,False,Course Lock,196.8,67,16.4,93,NE,SW,2.23,11.4,Calm,False,False,Android,7.0.2,M300 RTK,1ZN7L4R0H1D00F,1W9DL31001461C,1ZMLH8300204F0,1Z6PH74DAP0QN7,"Corona, CA",728.3,5.7,137.7,8.547347,2.013246,0,0,DJI Matrice 300 RTK,M300 RTK,1ZN7L4R0H1D00F,1W9DL31001461C,1ZMLH8300204F0,1Z6PH74DAP0QN7,DJI Pilot,Android,7.0.2,1EF72A62-B7C3-C88D-164E-CE6F8C8424AE,1ZN7L4R0H1D00F,1W9DL31001461C,,1ZMLH8300204F0,1W9DL31001461C,,,,,
2023-11-01,11:32:23.34 AM,8m 1.0s,481.0,33.7979114862592,-117.4759305423337,52.1,137.7,17.7,1316,4030.9,7.147714,7.569323,-6.71082,2.23694,-2.460634,1.342164,0.223694,0.894776,-2,-0.3,2,-159.3,200.7,200.1,Tripod,Other,,23,5,True,,True,False,,Smart,RC,False,True,False,,,True,,False,False,False,False,False,False,False,False,False,False,0,Follow Yaw,-77.9,0,-167.3,192.7,False,False,False,False,False,,0,0,False,False,No Card,100,100,1024,1390,798,1024,2,False,False,False,False,False,0,False,False,False,False,74,,46.764,,3689,,4986,,46.764,,True,3.901,3.901,3.901,3.901,3.901,3.901,3.901,3.901,3.901,3.901,3.901,3.901,0,,False,False,True,,,,,,,,,,,,,,,False,False,9.482,,100.5,,75.7,,100.5,,1425,106,5,21,7,141616.1,18882.15,,Idle,,20,,10,,,20,Go Home,False,False,False,False,False,False,False,False,False,False,False,False,33.8027920380556,-117.4659261431046,3516.8,3516.8,1049.4,396.9,True,1,1,False,False,False,False,,True,False,False,Course Lock,196.8,67,16.4,93,NE,SW,2.23,11.4,Calm,False,False,Android,7.0.2,M300 RTK,1ZN7L4R0H1D00F,1W9DL31001461C,1ZMLH8300204F0,1Z6PH74DAP0QN7,"Corona, CA",728.3,5.7,137.7,8.547347,2.013246,0,0,DJI Matrice 300 RTK,M300 RTK,1ZN7L4R0H1D00F,1W9DL31001461C,1ZMLH8300204F0,1Z6PH74DAP0QN7,DJI Pilot,Android,7.0.2,1EF72A62-B7C3-C88D-164E-CE6F8C8424AE,1ZN7L4R0H1D00F,1W9DL31001461C,,1ZMLH8300204F0,1W9DL31001461C,,,,,
2023-11-01,11:32:23.45 AM,8m 1.1s,481.1,33.797908438491,-117.4759318529688,52.1,137.7,17.7,1316,4032.1,7.147714,7.569323,-6.71082,2.23694,-2.460634,1.342164,0.223694,0.894776,-1.9,-0.2,1.9,-159.2,200.8,199.6,Tripod,Other,,23,5,True,,True,False,,Smart,RC,False,True,False,,,True,,False,False,False,False,False,False,False,False,False,False,0,Follow Yaw,-77.9,0,-167.3,192.7,False,False,False,False,False,,0,0,False,False,No Card,100,100,1024,1390,798,1024,2,False,False,False,False,False,0,False,False,False,False,74,,46.764,,3689,,4986,,46.764,,True,3.901,3.901,3.901,3.901,3.901,3.901,3.901,3.901,3.901,3.901,3.901,3.901,0,,False,False,True,,,,,,,,,,,,,,,False,False,9.482,,100.5,,75.7,,100.5,,1425,106,5,21,7,141616.1,18882.15,,Idle,,20,,10,,,20,Go Home,False,False,False,False,False,False,False,False,False,False,False,False,33.8027920380556,-117.4659261431046,3517.7,3517.7,1049.4,396.9,True,1,1,False,False,False,False,,True,False,False,Course Lock,196.8,67,16.4,93,NE,SW,2.23,11.4,Calm,False,False,Android,7.0.2,M300 RTK,1ZN7L4R0H1D00F,1W9DL31001461C,1ZMLH8300204F0,1Z6PH74DAP0QN7,"Corona, CA",728.3,5.7,137.7,8.547347,2.013246,0,0,DJI Matrice 300 RTK,M300 RTK,1ZN7L4R0H1D00F,1W9DL31001461C,1ZMLH8300204F0,1Z6PH74DAP0QN7,DJI Pilot,Android,7.0.2,1EF72A62-B7C3-C88D-164E-CE6F8C8424AE,1ZN7L4R0H1D00F,1W9DL31001461C,,1ZMLH8300204F0,1W9DL31001461C,,,,,
2023-11-01,11:32:23.55 AM,8m 1.2s,481.2,33.7979057928702,-117.4759330134329,51.8,137.7,17.7,1316,4033.1,7.147714,7.569323,-6.71082,2.23694,-2.460634,1.342164,0.223694,0.894776,-1.8,-0.1,1.8,-159.2,200.8,200.0,Tripod,Other,,23,5,True,,True,False,,Smart,RC,False,True,False,,,True,,False,False,False,False,False,False,False,False,False,False,0,Follow Yaw,-77.9,0,-167.3,192.7,False,False,False,False,False,,0,0,False,False,No Card,100,100,1024,1386,798,1024,2,False,False,False,False,False,0,False,False,False,False,74,,46.764,,3689,,4986,,46.764,,True,3.901,3.901,3.901,3.901,3.901,3.901,3.901,3.901,3.901,3.901,3.901,3.901,0,,False,False,True,,,,,,,,,,,,,,,False,False,9.482,,100.5,,75.7,,100.5,,1425,106,5,21,7,141616.1,18882.15,,Idle,,20,,10,,,20,Go Home,False,False,False,False,False,False,False,False,False,False,False,False,33.8027920380556,-117.4659261431046,3518.5,3518.5,1049.4,396.9,True,1,1,False,False,False,False,,True,False,False,Course Lock,196.8,67,16.4,93,NE,SW,2.23,11.4,Calm,False,False,Android,7.0.2,M300 RTK,1ZN7L4R0H1D00F,1W9DL31001461C,1ZMLH8300204F0,1Z6PH74DAP0QN7,"Corona, CA",728.3,5.7,137.7,8.547347,2.013246,0,0,DJI Matrice 300 RTK,M300 RTK,1ZN7L4R0H1D00F,1W9DL31001461C,1ZMLH8300204F0,1Z6PH74DAP0QN7,DJI Pilot,Android,7.0.2,1EF72A62-B7C3-C88D-164E-CE6F8C8424AE,1ZN7L4R0H1D00F,1W9DL31001461C,,1ZMLH8300204F0,1W9DL31001461C,,,,,
2023-11-01,11:32:23.65 AM,8m 1.3s,481.3,33.7979030373237,-117.4759342521574,51.8,137.7,17.7,1316,4034.2,7.147714,7.569323,-6.71082,2.23694,-2.460634,1.342164,0.223694,0.894776,-1.8,-0.2,1.8,-159.2,200.8,200.4,Tripod,Other,,23,5,True,,True,False,,Smart,RC,False,True,False,,,True,,False,False,False,False,False,False,False,False,False,False,0,Follow Yaw,-77.9,0,-167.3,192.7,False,False,False,False,False,,0,0,False,False,No Card,100,100,1024,1389,763,1024,2,False,False,False,False,False,0,False,False,False,False,74,,46.764,,3689,,4986,,46.764,,True,3.899,3.899,3.899,3.899,3.899,3.899,3.899,3.899,3.899,3.899,3.899,3.899,0,,False,False,True,,,,,,,,,,,,,,,False,False,9.482,,100.5,,75.7,,100.5,,1424,106,5,22,7,141704.2,18893.90,,Idle,,20,,10,,,20,Go Home,False,False,False,False,False,False,False,False,False,False,False,False,33.8027920380556,-117.4659261431046,3519.3,3519.3,1049.4,396.9,True,1,1,False,False,False,False,,True,False,False,Course Lock,196.8,67,16.4,93,NE,SW,2.23,11.4,Calm,False,False,Android,7.0.2,M300 RTK,1ZN7L4R0H1D00F,1W9DL31001461C,1ZMLH8300204F0,1Z6PH74DAP0QN7,"Corona, CA",728.3,5.7,137.7,8.547347,2.013246,0,0,DJI Matrice 300 RTK,M300 RTK,1ZN7L4R0H1D00F,1W9DL31001461C,1ZMLH8300204F0,1Z6PH74DAP0QN7,DJI Pilot,Android,7.0.2,1EF72A62-B7C3-C88D-164E-CE6F8C8424AE,1ZN7L4R0H1D00F,1W9DL31001461C,,1ZMLH8300204F0,1W9DL31001461C,,,,,
2023-11-01,11:32:23.76 AM,8m 1.4s,481.4,33.7979002688931,-117.4759354674616,51.8,137.7,17.7,1316,4035.3,7.147714,7.569323,-6.71082,2.23694,-2.460634,1.342164,0.223694,0.894776,-1.8,-0.1,1.8,-159.2,200.8,200.0,Tripod,Other,,23,5,True,,True,False,,Smart,RC,False,True,False,,,True,,False,False,False,False,False,False,False,False,False,False,0,Follow Yaw,-77.9,0,-167.3,192.7,False,False,False,False,False,,0,0,False,False,No Card,100,100,1024,1390,752,1024,2,False,False,False,False,False,0,False,False,False,False,74,,46.764,,3689,,4986,,46.764,,True,3.899,3.899,3.899,3.899,3.899,3.899,3.899,3.899,3.899,3.899,3.899,3.899,0,,False,False,True,,,,,,,,,,,,,,,False,False,9.482,,100.5,,75.7,,100.5,,1424,106,5,22,7,141704.2,18893.90,,Idle,,20,,10,,,20,Go Home,False,False,False,False,False,False,False,False,False,False,False,False,33.8027920380556,-117.4659261431046,3520.2,3520.2,1049.4,396.9,True,1,1,False,False,False,False,,True,False,False,Course Lock,196.8,67,16.4,93,NE,SW,2.23,11.4,Calm,False,False,Android,7.0.2,M300 RTK,1ZN7L4R0H1D00F,1W9DL31001461C,1ZMLH8300204F0,1Z6PH74DAP0QN7,"Corona, CA",728.3,5.7,137.7,8.547347,2.013246,0,0,DJI Matrice 300 RTK,M300 RTK,1ZN7L4R0H1D00F,1W9DL31001461C,1ZMLH8300204F0,1Z6PH74DAP0QN7,DJI Pilot,Android,7.0.2,1EF72A62-B7C3-C88D-164E-CE6F8C8424AE,1ZN7L4R0H1D00F,1W9DL31001461C,,1ZMLH8300204F0,1W9DL31001461C,,,,,
2023-11-01,11:32:23.86 AM,8m 1.5s,481.5,33.7978975632381,-117.4759366195141,51.8,137.7,17.3,1316,4036.3,7.147714,7.569323,-6.71082,2.23694,-2.460634,1.342164,0.447388,0.894776,-1.8,0,1.8,-159.3,200.7,199.4,Tripod,Other,,23,5,True,,True,False,,Smart,RC,False,True,False,,,True,,False,False,False,False,False,False,False,False,False,False,0,Follow Yaw,-77.9,0,-167.3,192.7,False,False,False,False,False,,0,0,False,False,No Card,100,100,1024,1390,757,1024,2,False,False,False,False,False,0,False,False,False,False,74,,46.764,,3689,,4986,,46.764,,True,3.899,3.899,3.899,3.899,3.899,3.899,3.899,3.899,3.899,3.899,3.899,3.899,0,,False,False,True,,,,,,,,,,,,,,,False,False,9.482,,100.5,,75.7,,100.5,,1424,106,5,22,7,141704.2,18893.90,,Idle,,20,,10,,,20,Go Home,False,False,False,False,False,False,False,False,False,False,False,False,33.8027920380556,-117.4659261431046,3521.0,3521.0,1049.4,396.9,True,1,1,False,False,False,False,,True,False,False,Course Lock,196.8,67,16.4,93,NE,SW,2.23,11.4,Calm,False,False,Android,7.0.2,M300 RTK,1ZN7L4R0H1D00F,1W9DL31001461C,1ZMLH8300204F0,1Z6PH74DAP0QN7,"Corona, CA",728.3,5.7,137.7,8.547347,2.013246,0,0,DJI Matrice 300 RTK,M300 RTK,1ZN7L4R0H1D00F,1W9DL31001461C,1ZMLH8300204F0,1Z6PH74DAP0QN7,DJI Pilot,Android,7.0.2,1EF72A62-B7C3-C88D-164E-CE6F8C8424AE,1ZN7L4R0H1D00F,1W9DL31001461C,,1ZMLH8300204F0,1W9DL31001461C,,,,,
2023-11-01,11:32:23.96 AM,8m 1.6s,481.6,33.7978949431114,-117.4759377716492,51.8,137.7,17.3,1316,4037.3,7.147714,7.569323,-6.71082,2.23694,-2.460634,1.342164,0.447388,0.894776,-1.8,0,1.8,-159.3,200.7,200.0,Tripod,Other,,23,5,True,,True,False,,Smart,RC,False,True,False,,,True,,False,False,False,False,False,False,False,False,False,False,0,Follow Yaw,-77.9,0,-167.3,192.7,False,False,False,False,False,,0,0,False,False,No Card,100,100,1024,1393,785,944,2,False,False,False,False,False,0,False,False,False,False,74,,46.764,,3689,,4986,,46.764,,True,3.899,3.899,3.899,3.899,3.899,3.899,3.899,3.899,3.899,3.899,3.899,3.899,0,,False,False,True,,,,,,,,,,,,,,,False,False,9.482,,100.5,,75.7,,100.5,,1424,106,5,22,7,141704.2,18893.90,,Idle,,20,,10,,,20,Go Home,False,False,False,False,False,False,False,False,False,False,False,False,33.8027920380556,-117.4659261431046,3521.8,3521.8,1049.4,396.9,True,1,1,False,False,False,False,,True,False,False,Course Lock,196.8,67,16.4,93,NE,SW,2.23,11.4,Calm,False,False,Android,7.0.2,M300 RTK,1ZN7L4R0H1D00F,1W9DL31001461C,1ZMLH8300204F0,1Z6PH74DAP0QN7,"Corona, CA",728.3,5.7,137.7,8.547347,2.013246,0,0,DJI Matrice 300 RTK,M300 RTK,1ZN7L4R0H1D00F,1W9DL31001461C,1ZMLH8300204F0,1Z6PH74DAP0QN7,DJI Pilot,Android,7.0.2,1EF72A62-B7C3-C88D-164E-CE6F8C8424AE,1ZN7L4R0H1D00F,1W9DL31001461C,,1ZMLH8300204F0,1W9DL31001461C,,,,,
2023-11-01,11:32:24.06 AM,8m 1.7s,481.7,33.797891710306,-117.475939266926,51.8,137.7,17.3,1316,4038.6,7.147714,7.569323,-6.71082,2.23694,-2.460634,1.342164,0.447388,0.894776,-1.8,-0.1,1.8,-159.2,200.8,201.0,Tripod,Other,,23,5,True,,True,False,,Smart,RC,False,True,False,,,True,,False,False,False,False,False,False,False,False,False,False,0,Follow Yaw,-77.9,0,-167.4,192.6,False,False,False,False,False,,0,0,False,False,No Card,100,100,1024,1396,805,868,2,False,False,False,False,False,0,False,False,False,False,74,,46.764,,3689,,4986,,46.764,,True,3.899,3.899,3.899,3.899,3.899,3.899,3.899,3.899,3.899,3.899,3.899,3.899,0,,False,False,True,,,,,,,,,,,,,,,False,False,9.482,,100.5,,75.7,,100.5,,1424,106,5,22,7,141704.2,18893.90,,Idle,,20,,10,,,20,Go Home,False,False,False,False,False,False,False,False,False,False,False,False,33.8027920380556,-117.4659261431046,3522.8,3522.8,1049.4,396.9,True,1,1,False,False,False,False,,True,False,False,Course Lock,196.8,67,16.4,93,NE,SW,2.23,11.4,Calm,False,False,Android,7.0.2,M300 RTK,1ZN7L4R0H1D00F,1W9DL31001461C,1ZMLH8300204F0,1Z6PH74DAP0QN7,"Corona, CA",728.3,5.7,137.7,8.547347,2.013246,0,0,DJI Matrice 300 RTK,M300 RTK,1ZN7L4R0H1D00F,1W9DL31001461C,1ZMLH8300204F0,1Z6PH74DAP0QN7,DJI Pilot,Android,7.0.2,1EF72A62-B7C3-C88D-164E-CE6F8C8424AE,1ZN7L4R0H1D00F,1W9DL31001461C,,1ZMLH8300204F0,1W9DL31001461C,,,,,
2023-11-01,11:32:24.17 AM,8m 1.8s,481.8,33.7978890644111,-117.4759404423989,51.5,137.7,17.3,1315,4039.6,7.147714,7.569323,-6.71082,2.23694,-2.460634,1.342164,0.447388,0.894776,-1.8,-0.3,1.8,-159.2,200.8,200.2,Tripod,Other,,23,5,True,,True,False,,Smart,RC,False,True,False,,,True,,False,False,False,False,False,False,False,False,False,False,0,Follow Yaw,-77.9,0,-167.6,192.4,False,False,False,False,False,,0,0,False,False,No Card,100,100,1024,1398,725,850,2,False,False,False,False,False,0,False,False,False,False,74,,46.764,,3689,,4986,,46.764,,True,3.899,3.899,3.899,3.899,3.899,3.899,3.899,3.899,3.899,3.899,3.899,3.899,0,,False,False,True,,,,,,,,,,,,,,,False,False,9.482,,100.5,,75.7,,100.5,,1424,106,5,22,7,141704.2,18893.90,,Idle,,20,,10,,,20,Go Home,False,False,False,False,False,False,False,False,False,False,False,False,33.8027920380556,-117.4659261431046,3523.6,3523.6,1049.4,396.9,True,1,1,False,False,False,False,,True,False,False,Course Lock,196.8,67,16.4,93,NE,SW,2.23,11.4,Calm,False,False,Android,7.0.2,M300 RTK,1ZN7L4R0H1D00F,1W9DL31001461C,1ZMLH8300204F0,1Z6PH74DAP0QN7,"Corona, CA",728.3,5.7,137.7,8.547347,2.013246,0,0,DJI Matrice 300 RTK,M300 RTK,1ZN7L4R0H1D00F,1W9DL31001461C,1ZMLH8300204F0,1Z6PH74DAP0QN7,DJI Pilot,Android,7.0.2,1EF72A62-B7C3-C88D-164E-CE6F8C8424AE,1ZN7L4R0H1D00F,1W9DL31001461C,,1ZMLH8300204F0,1W9DL31001461C,,,,,
2023-11-01,11:32:24.27 AM,8m 1.9s,481.9,33.7978864788247,-117.4759415441472,51.5,137.7,17.3,1315,4040.6,7.147714,7.569323,-6.71082,2.23694,-2.460634,1.342164,0.447388,0.894776,-1.6,-1,1.8,-159.3,200.7,199.4,Tripod,Other,,23,5,True,,True,False,,Smart,RC,False,True,False,,,True,,False,False,False,False,False,False,False,False,False,False,0,Follow Yaw,-77.9,0,-167.9,192.1,False,False,False,False,False,,0,0,False,False,No Card,100,100,1024,1399,745,894,2,False,False,False,False,False,0,False,False,False,False,74,,46.764,,3689,,4986,,46.764,,True,3.899,3.899,3.899,3.899,3.899,3.899,3.899,3.899,3.899,3.899,3.899,3.899,0,,False,False,True,,,,,,,,,,,,,,,False,False,9.482,,100.5,,75.7,,100.5,,1424,106,5,22,7,141704.2,18893.90,,Idle,,20,,10,,,20,Go Home,False,False,False,False,False,False,False,False,False,False,False,False,33.8027920380556,-117.4659261431046,3524.3,3524.3,1049.4,396.9,True,1,1,False,False,False,False,,True,False,False,Course Lock,196.8,67,16.4,93,NE,SW,2.23,11.4,Calm,False,False,Android,7.0.2,M300 RTK,1ZN7L4R0H1D00F,1W9DL31001461C,1ZMLH8300204F0,1Z6PH74DAP0QN7,"Corona, CA",728.3,5.7,137.7,8.547347,2.013246,0,0,DJI Matrice 300 RTK,M300 RTK,1ZN7L4R0H1D00F,1W9DL31001461C,1ZMLH8300204F0,1Z6PH74DAP0QN7,DJI Pilot,Android,7.0.2,1EF72A62-B7C3-C88D-164E-CE6F8C8424AE,1ZN7L4R0H1D00F,1W9DL31001461C,,1ZMLH8300204F0,1W9DL31001461C,,,,,
2023-11-01,11:32:24.38 AM,8m 2.0s,482.0,33.797883856505,-117.4759426899323,51.5,137.7,17.3,1315,4041.6,7.147714,7.569323,-6.71082,2.23694,-2.460634,1.342164,0.447388,0.894776,-1.7,-1.7,2.4,-159.5,200.5,199.9,Tripod,Other,,23,5,True,,True,False,,Smart,RC,False,True,False,,,True,,False,False,False,False,False,False,False,False,False,False,0,Follow Yaw,-77.9,0,-168.2,191.8,False,False,False,False,False,,0,0,False,False,No Card,100,100,1024,1399,753,918,2,False,False,False,False,False,0,False,False,False,False,74,,46.776,,7431,,10044,,46.776,,True,3.899,3.899,3.899,3.899,3.899,3.899,3.899,3.899,3.899,3.899,3.899,3.899,0,,False,False,True,,,,,,,,,,,,,,,False,False,19.19,,100.5,,75.7,,100.5,,1424,106,5,22,7,141704.2,18893.90,,Idle,,20,,10,,,20,Go Home,False,False,False,False,False,False,False,False,False,False,False,False,33.8027920380556,-117.4659261431046,3525.1,3525.1,1049.4,396.9,True,1,1,False,False,False,False,,True,False,False,Course Lock,196.8,67,16.4,93,NE,SW,2.23,11.4,Calm,False,False,Android,7.0.2,M300 RTK,1ZN7L4R0H1D00F,1W9DL31001461C,1ZMLH8300204F0,1Z6PH74DAP0QN7,"Corona, CA",728.3,5.7,137.7,8.547347,2.013246,0,0,DJI Matrice 300 RTK,M300 RTK,1ZN7L4R0H1D00F,1W9DL31001461C,1ZMLH8300204F0,1Z6PH74DAP0QN7,DJI Pilot,Android,7.0.2,1EF72A62-B7C3-C88D-164E-CE6F8C8424AE,1ZN7L4R0H1D00F,1W9DL31001461C,,1ZMLH8300204F0,1W9DL31001461C,,,,,
2023-11-01,11:32:24.44 AM,8m 2.1s,482.1,33.7978811239853,-117.4759441364716,51.5,137.7,17.3,1315,4042.7,7.147714,7.569323,-6.71082,2.23694,-2.460634,1.342164,0.447388,0.894776,-1.9,-1.7,2.5,-159.7,200.3,203.7,Tripod,Other,,23,5,True,,True,False,,Smart,RC,False,True,False,,,True,,False,False,False,False,False,False,False,False,False,False,0,Follow Yaw,-77.9,0,-168.5,191.5,False,False,False,False,False,,0,0,False,False,No Card,100,100,1024,1401,752,918,2,False,False,False,False,False,0,False,False,False,False,74,,46.776,,7431,,10044,,46.776,,True,3.899,3.899,3.899,3.899,3.899,3.899,3.899,3.899,3.899,3.899,3.899,3.899,0,,False,False,True,,,,,,,,,,,,,,,False,False,19.19,,100.5,,75.7,,100.5,,1424,106,5,22,7,141704.2,18893.90,,Idle,,20,,10,,,20,Go Home,False,False,False,False,False,False,False,False,False,False,False,False,33.8027920380556,-117.4659261431046,3526.0,3526.0,1049.4,396.9,True,1,1,False,False,False,False,,True,False,False,Course Lock,196.8,67,16.4,93,NE,SW,2.23,11.4,Calm,False,False,Android,7.0.2,M300 RTK,1ZN7L4R0H1D00F,1W9DL31001461C,1ZMLH8300204F0,1Z6PH74DAP0QN7,"Corona, CA",728.3,5.7,137.7,8.547347,2.013246,0,0,DJI Matrice 300 RTK,M300 RTK,1ZN7L4R0H1D00F,1W9DL31001461C,1ZMLH8300204F0,1Z6PH74DAP0QN7,DJI Pilot,Android,7.0.2,1EF72A62-B7C3-C88D-164E-CE6F8C8424AE,1ZN7L4R0H1D00F,1W9DL31001461C,,1ZMLH8300204F0,1W9DL31001461C,,,,,
2023-11-01,11:32:24.54 AM,8m 2.2s,482.2,33.7978783528134,-117.4759453165626,51.1,137.7,17.3,1315,4043.8,7.073825,7.569323,-6.71082,2.23694,-2.23694,1.342164,0.447388,0.894776,-2,-1.2,2.3,-159.9,200.1,199.4,Tripod,Other,,23,5,True,,True,False,,Smart,RC,False,True,False,,,True,,False,False,False,False,False,False,False,False,False,False,0,Follow Yaw,-77.9,0,-168.7,191.3,False,False,False,False,False,,0,0,False,False,No Card,100,100,1024,1400,751,904,2,False,False,False,False,False,0,False,False,False,False,74,,46.776,,7431,,10044,,46.776,,True,3.899,3.899,3.899,3.899,3.899,3.899,3.899,3.899,3.899,3.899,3.899,3.899,0,,False,False,True,,,,,,,,,,,,,,,False,False,19.19,,100.5,,75.7,,100.5,,1424,106,5,22,7,141704.2,18893.90,,Idle,,20,,10,,,20,Go Home,False,False,False,False,False,False,False,False,False,False,False,False,33.8027920380556,-117.4659261431046,3526.8,3526.8,1049.4,396.9,True,1,1,False,False,False,False,,True,False,False,Course Lock,196.8,67,16.4,93,NE,SW,2.23,11.4,Calm,False,False,Android,7.0.2,M300 RTK,1ZN7L4R0H1D00F,1W9DL31001461C,1ZMLH8300204F0,1Z6PH74DAP0QN7,"Corona, CA",728.3,5.7,137.7,8.547347,2.013246,0,0,DJI Matrice 300 RTK,M300 RTK,1ZN7L4R0H1D00F,1W9DL31001461C,1ZMLH8300204F0,1Z6PH74DAP0QN7,DJI Pilot,Android,7.0.2,1EF72A62-B7C3-C88D-164E-CE6F8C8424AE,1ZN7L4R0H1D00F,1W9DL31001461C,,1ZMLH8300204F0,1W9DL31001461C,,,,,
2023-11-01,11:32:24.64 AM,8m 2.3s,482.3,33.7978753952337,-117.4759466659568,51.1,137.7,17.3,1315,4045.0,7.073825,7.569323,-6.71082,2.23694,-2.23694,1.342164,0.447388,0.894776,-2,-0.9,2.1,-160.2,199.8,200.7,Tripod,Other,,23,5,True,,True,False,,Smart,RC,False,True,False,,,True,,False,False,False,False,False,False,False,False,False,False,0,Follow Yaw,-77.9,0,-168.9,191.1,False,False,False,False,False,,0,0,False,False,No Card,100,100,1024,1400,707,888,2,False,False,False,False,False,0,False,False,False,False,74,,46.776,,7431,,10044,,46.776,,True,3.897,3.897,3.897,3.897,3.897,3.897,3.897,3.897,3.897,3.897,3.897,3.897,0,,False,False,True,,,,,,,,,,,,,,,False,False,19.19,,100.5,,75.7,,100.5,,1423,106,5,22,7,141897.9,18919.72,,Idle,,20,,10,,,20,Go Home,False,False,False,False,False,False,False,False,False,False,False,False,33.8027920380556,-117.4659261431046,3527.7,3527.7,1049.4,396.9,True,1,1,False,False,False,False,,True,False,False,Course Lock,196.8,67,16.4,93,NE,SW,2.23,11.4,Calm,False,False,Android,7.0.2,M300 RTK,1ZN7L4R0H1D00F,1W9DL31001461C,1ZMLH8300204F0,1Z6PH74DAP0QN7,"Corona, CA",728.3,5.7,137.7,8.547347,2.013246,0,0,DJI Matrice 300 RTK,M300 RTK,1ZN7L4R0H1D00F,1W9DL31001461C,1ZMLH8300204F0,1Z6PH74DAP0QN7,DJI Pilot,Android,7.0.2,1EF72A62-B7C3-C88D-164E-CE6F8C8424AE,1ZN7L4R0H1D00F,1W9DL31001461C,,1ZMLH8300204F0,1W9DL31001461C,,,,,
2023-11-01,11:32:24.74 AM,8m 2.4s,482.4,33.7978726056951,-117.4759478363168,51.1,137.7,17.3,1315,4046.0,7.073825,7.569323,-6.71082,2.23694,-2.23694,1.342164,0.447388,0.894776,-1.9,-0.9,2.1,-160.4,199.6,199.2,Tripod,Other,,23,5,True,,True,False,,Smart,RC,False,True,False,,,True,,False,False,False,False,False,False,False,False,False,False,0,Follow Yaw,-77.9,0,-169.1,190.9,False,False,False,False,False,,0,0,False,False,No Card,100,100,1024,1400,707,888,2,False,False,False,False,False,0,False,False,False,False,74,,46.776,,7431,,10044,,46.776,,True,3.897,3.897,3.897,3.897,3.897,3.897,3.897,3.897,3.897,3.897,3.897,3.897,0,,False,False,True,,,,,,,,,,,,,,,False,False,19.19,,100.5,,75.7,,100.5,,1423,106,5,22,7,141897.9,18919.72,,Idle,,20,,10,,,20,Go Home,False,False,False,False,False,False,False,False,False,False,False,False,33.8027920380556,-117.4659261431046,3528.5,3528.5,1049.4,396.9,True,1,1,False,False,False,False,,True,False,False,Course Lock,196.8,67,16.4,93,NE,SW,2.23,11.4,Calm,False,False,Android,7.0.2,M300 RTK,1ZN7L4R0H1D00F,1W9DL31001461C,1ZMLH8300204F0,1Z6PH74DAP0QN7,"Corona, CA",728.3,5.7,137.7,8.547347,2.013246,0,0,DJI Matrice 300 RTK,M300 RTK,1ZN7L4R0H1D00F,1W9DL31001461C,1ZMLH8300204F0,1Z6PH74DAP0QN7,DJI Pilot,Android,7.0.2,1EF72A62-B7C3-C88D-164E-CE6F8C8424AE,1ZN7L4R0H1D00F,1W9DL31001461C,,1ZMLH8300204F0,1W9DL31001461C,,,,,
2023-11-01,11:32:24.84 AM,8m 2.5s,482.5,33.797870073838,-117.4759487072422,51.1,137.7,17.3,1315,4047.0,7.073825,7.569323,-6.71082,2.23694,-2.23694,1.342164,0.447388,0.894776,-1.8,-1,2,-160.6,199.4,195.9,Tripod,Other,,23,5,True,,True,False,,Smart,RC,False,True,False,,,True,,False,False,False,False,False,False,False,False,False,False,0,Follow Yaw,-77.9,0,-169.3,190.7,False,False,False,False,False,,0,0,False,False,No Card,100,100,1024,1400,756,928,2,False,False,False,False,False,0,False,False,False,False,74,,46.776,,7431,,10044,,46.776,,True,3.897,3.897,3.897,3.897,3.897,3.897,3.897,3.897,3.897,3.897,3.897,3.897,0,,False,False,True,,,,,,,,,,,,,,,False,False,19.19,,100.5,,75.7,,100.5,,1423,106,5,22,7,141897.9,18919.72,,Idle,,20,,10,,,20,Go Home,False,False,False,False,False,False,False,False,False,False,False,False,33.8027920380556,-117.4659261431046,3529.2,3529.2,1049.4,396.9,True,1,1,False,False,False,False,,True,False,False,Course Lock,196.8,67,16.4,93,NE,SW,2.23,11.4,Calm,False,False,Android,7.0.2,M300 RTK,1ZN7L4R0H1D00F,1W9DL31001461C,1ZMLH8300204F0,1Z6PH74DAP0QN7,"Corona, CA",728.3,5.7,137.7,8.547347,2.013246,0,0,DJI Matrice 300 RTK,M300 RTK,1ZN7L4R0H1D00F,1W9DL31001461C,1ZMLH8300204F0,1Z6PH74DAP0QN7,DJI Pilot,Android,7.0.2,1EF72A62-B7C3-C88D-164E-CE6F8C8424AE,1ZN7L4R0H1D00F,1W9DL31001461C,,1ZMLH8300204F0,1W9DL31001461C,,,,,
2023-11-01,11:32:24.94 AM,8m 2.6s,482.6,33.7978672897821,-117.475949832988,50.8,137.7,17.0,1315,4048.1,7.073825,7.569323,-6.71082,2.23694,-2.23694,1.342164,0.671082,0.894776,-1.8,-1.2,2.1,-160.9,199.1,198.5,Tripod,Other,,23,5,True,,True,False,,Smart,RC,False,True,False,,,True,,False,False,False,False,False,False,False,False,False,False,0,Follow Yaw,-77.9,0,-169.6,190.4,False,False,False,False,False,,0,0,False,False,No Card,100,100,1024,1400,768,959,2,False,False,False,False,False,0,False,False,False,False,74,,46.776,,7431,,10044,,46.776,,True,3.897,3.897,3.897,3.897,3.897,3.897,3.897,3.897,3.897,3.897,3.897,3.897,0,,False,False,True,,,,,,,,,,,,,,,False,False,19.19,,100.5,,75.7,,100.5,,1423,106,5,22,7,141897.9,18919.72,,Idle,,20,,10,,,20,Go Home,False,False,False,False,False,False,False,False,False,False,False,False,33.8027920380556,-117.4659261431046,3530.0,3530.0,1049.4,396.9,True,1,1,False,False,False,False,,True,False,False,Course Lock,196.8,67,16.4,93,NE,SW,2.23,11.4,Calm,False,False,Android,7.0.2,M300 RTK,1ZN7L4R0H1D00F,1W9DL31001461C,1ZMLH8300204F0,1Z6PH74DAP0QN7,"Corona, CA",728.3,5.7,137.7,8.547347,2.013246,0,0,DJI Matrice 300 RTK,M300 RTK,1ZN7L4R0H1D00F,1W9DL31001461C,1ZMLH8300204F0,1Z6PH74DAP0QN7,DJI Pilot,Android,7.0.2,1EF72A62-B7C3-C88D-164E-CE6F8C8424AE,1ZN7L4R0H1D00F,1W9DL31001461C,,1ZMLH8300204F0,1W9DL31001461C,,,,,
2023-11-01,11:32:25.04 AM,8m 2.7s,482.7,33.7978644243097,-117.4759508224172,50.8,137.7,17.0,1315,4049.2,7.073825,7.569323,-6.71082,2.23694,-2.23694,1.342164,0.671082,0.894776,-1.8,-1.1,2.1,-161,199,196.0,Tripod,Other,,23,5,True,,True,False,,Smart,RC,False,True,False,,,True,,False,False,False,False,False,False,False,False,False,False,0,Follow Yaw,-77.9,0,-169.7,190.3,False,False,False,False,False,,0,0,False,False,No Card,100,100,1024,1400,776,1014,2,False,False,False,False,False,0,False,False,False,False,74,,46.74,,3689,,4986,,46.74,,True,3.897,3.897,3.897,3.897,3.897,3.897,3.897,3.897,3.897,3.897,3.897,3.897,0,,False,False,True,,,,,,,,,,,,,,,False,False,9.606,,100.5,,75.7,,100.5,,1423,106,5,22,7,141897.9,18919.72,,Idle,,20,,10,,,20,Go Home,False,False,False,False,False,False,False,False,False,False,False,False,33.8027920380556,-117.4659261431046,3530.8,3530.8,1049.4,396.9,True,1,1,False,False,False,False,,True,False,False,Course Lock,196.8,67,16.4,93,NE,SW,2.23,11.4,Calm,False,False,Android,7.0.2,M300 RTK,1ZN7L4R0H1D00F,1W9DL31001461C,1ZMLH8300204F0,1Z6PH74DAP0QN7,"Corona, CA",728.3,5.7,137.7,8.547347,2.013246,0,0,DJI Matrice 300 RTK,M300 RTK,1ZN7L4R0H1D00F,1W9DL31001461C,1ZMLH8300204F0,1Z6PH74DAP0QN7,DJI Pilot,Android,7.0.2,1EF72A62-B7C3-C88D-164E-CE6F8C8424AE,1ZN7L4R0H1D00F,1W9DL31001461C,,1ZMLH8300204F0,1W9DL31001461C,,,,,
2023-11-01,11:32:25.14 AM,8m 2.8s,482.8,33.7978616251767,-117.4759519028067,50.8,137.7,17.0,1315,4050.2,7.073825,7.569323,-6.71082,2.23694,-2.23694,1.342164,0.447388,0.894776,-1.6,-0.6,1.7,-161.2,198.8,197.7,Tripod,Other,,23,5,True,,True,False,,Smart,RC,False,True,False,,,True,,False,False,False,False,False,False,False,False,False,False,0,Follow Yaw,-77.9,0,-169.8,190.2,False,False,False,False,False,,0,0,False,False,No Card,100,100,1024,1400,764,1024,2,False,False,False,False,False,0,False,False,False,False,74,,46.74,,3689,,4986,,46.74,,True,3.897,3.897,3.897,3.897,3.897,3.897,3.897,3.897,3.897,3.897,3.897,3.897,0,,False,False,True,,,,,,,,,,,,,,,False,False,9.606,,100.5,,75.7,,100.5,,1423,106,5,22,7,141897.9,18919.72,,Idle,,20,,10,,,20,Go Home,False,False,False,False,False,False,False,False,False,False,False,False,33.8027920380556,-117.4659261431046,3531.6,3531.6,1049.4,396.9,True,1,1,False,False,False,False,,True,False,False,Course Lock,196.8,67,16.4,93,NE,SW,2.46,11.4,Calm,False,False,Android,7.0.2,M300 RTK,1ZN7L4R0H1D00F,1W9DL31001461C,1ZMLH8300204F0,1Z6PH74DAP0QN7,"Corona, CA",728.3,5.7,137.7,8.547347,2.013246,0,0,DJI Matrice 300 RTK,M300 RTK,1ZN7L4R0H1D00F,1W9DL31001461C,1ZMLH8300204F0,1Z6PH74DAP0QN7,DJI Pilot,Android,7.0.2,1EF72A62-B7C3-C88D-164E-CE6F8C8424AE,1ZN7L4R0H1D00F,1W9DL31001461C,,1ZMLH8300204F0,1W9DL31001461C,,,,,
2023-11-01,11:32:25.24 AM,8m 2.9s,482.9,33.7978586678711,-117.4759530234397,50.5,137.7,16.7,1314,4051.4,7.073825,7.569323,-6.71082,2.23694,-2.23694,1.342164,0.447388,0.894776,-1.5,0,1.5,-161.4,198.6,197.4,Tripod,Other,,23,5,True,,True,False,,Smart,RC,False,True,False,,,True,,False,False,False,False,False,False,False,False,False,False,0,Follow Yaw,-77.9,0,-169.8,190.2,False,False,False,False,False,,0,0,False,False,No Card,100,100,1024,1399,759,1024,2,False,False,False,False,False,0,False,False,False,False,74,,46.74,,3689,,4986,,46.74,,True,3.897,3.897,3.897,3.897,3.897,3.897,3.897,3.897,3.897,3.897,3.897,3.897,0,,False,False,True,,,,,,,,,,,,,,,False,False,9.606,,100.5,,75.7,,100.5,,1423,106,5,22,7,141897.9,18919.72,,Idle,,20,,10,,,20,Go Home,False,False,False,False,False,False,False,False,False,False,False,False,33.8027920380556,-117.4659261431046,3532.5,3532.5,1049.4,396.9,True,1,1,False,False,False,False,,True,False,False,Course Lock,196.8,67,16.4,93,NE,SW,2.46,11.4,Calm,False,False,Android,7.0.2,M300 RTK,1ZN7L4R0H1D00F,1W9DL31001461C,1ZMLH8300204F0,1Z6PH74DAP0QN7,"Corona, CA",728.3,5.7,137.7,8.547347,2.013246,0,0,DJI Matrice 300 RTK,M300 RTK,1ZN7L4R0H1D00F,1W9DL31001461C,1ZMLH8300204F0,1Z6PH74DAP0QN7,DJI Pilot,Android,7.0.2,1EF72A62-B7C3-C88D-164E-CE6F8C8424AE,1ZN7L4R0H1D00F,1W9DL31001461C,,1ZMLH8300204F0,1W9DL31001461C,,,,,
2023-11-01,11:32:25.34 AM,8m 3.0s,483.0,33.7978560167678,-117.4759540462677,50.5,137.7,16.7,1314,4052.4,7.073825,7.569323,-6.71082,2.23694,-2.23694,1.342164,0.447388,0.894776,-1.6,0.1,1.6,-161.6,198.4,197.7,Tripod,Other,,23,5,True,,True,False,,Smart,RC,False,True,False,,,True,,False,False,False,False,False,False,False,False,False,False,0,Follow Yaw,-77.9,0,-169.8,190.2,False,False,False,False,False,,0,0,False,False,No Card,100,100,1024,1401,764,962,2,False,False,False,False,False,0,False,False,False,False,74,,46.752,,7431,,10044,,46.752,,True,3.897,3.897,3.897,3.897,3.897,3.897,3.897,3.897,3.897,3.897,3.897,3.897,0,,False,False,True,,,,,,,,,,,,,,,False,False,18.942,,100.5,,75.7,,100.5,,1423,106,5,22,7,141897.9,18919.72,,Idle,,20,,10,,,20,Go Home,False,False,False,False,False,False,False,False,False,False,False,False,33.8027920380556,-117.4659261431046,3533.2,3533.2,1049.4,396.9,True,1,1,False,False,False,False,,True,False,False,Course Lock,196.8,67,16.4,93,NE,SW,2.46,11.4,Calm,False,False,Android,7.0.2,M300 RTK,1ZN7L4R0H1D00F,1W9DL31001461C,1ZMLH8300204F0,1Z6PH74DAP0QN7,"Corona, CA",728.3,5.7,137.7,8.547347,2.013246,0,0,DJI Matrice 300 RTK,M300 RTK,1ZN7L4R0H1D00F,1W9DL31001461C,1ZMLH8300204F0,1Z6PH74DAP0QN7,DJI Pilot,Android,7.0.2,1EF72A62-B7C3-C88D-164E-CE6F8C8424AE,1ZN7L4R0H1D00F,1W9DL31001461C,,1ZMLH8300204F0,1W9DL31001461C,,,,,
2023-11-01,11:32:25.42 AM,8m 3.1s,483.1,33.797853014505,-117.4759554522337,50.5,137.7,16.7,1314,4053.6,7.073825,7.569323,-6.71082,2.23694,-2.23694,1.342164,0.447388,0.894776,-1.6,-0.3,1.6,-161.8,198.2,201.2,Tripod,Other,,23,5,True,,True,False,,Smart,RC,False,True,False,,,True,,False,False,False,False,False,False,False,False,False,False,0,Follow Yaw,-77.9,0,-169.8,190.2,False,False,False,False,False,,0,0,False,False,No Card,100,100,1024,1401,752,901,2,False,False,False,False,False,0,False,False,False,False,74,,46.752,,7431,,10044,,46.752,,True,3.897,3.897,3.897,3.897,3.897,3.897,3.897,3.897,3.897,3.897,3.897,3.897,0,,False,False,True,,,,,,,,,,,,,,,False,False,18.942,,100.5,,75.7,,100.5,,1423,106,5,22,7,141897.9,18919.72,,Idle,,20,,10,,,20,Go Home,False,False,False,False,False,False,False,False,False,False,False,False,33.8027920380556,-117.4659261431046,3534.2,3534.2,1049.4,396.9,True,1,1,False,False,False,False,,True,False,False,Course Lock,196.8,67,16.4,93,NE,SW,2.46,11.4,Calm,False,False,Android,7.0.2,M300 RTK,1ZN7L4R0H1D00F,1W9DL31001461C,1ZMLH8300204F0,1Z6PH74DAP0QN7,"Corona, CA",728.3,5.7,137.7,8.547347,2.013246,0,0,DJI Matrice 300 RTK,M300 RTK,1ZN7L4R0H1D00F,1W9DL31001461C,1ZMLH8300204F0,1Z6PH74DAP0QN7,DJI Pilot,Android,7.0.2,1EF72A62-B7C3-C88D-164E-CE6F8C8424AE,1ZN7L4R0H1D00F,1W9DL31001461C,,1ZMLH8300204F0,1W9DL31001461C,,,,,
2023-11-01,11:32:25.54 AM,8m 3.2s,483.2,33.7978502161943,-117.4759565565383,50.1,137.7,16.7,1314,4054.6,7.073825,7.569323,-6.71082,2.23694,-2.23694,1.342164,0.447388,0.894776,-1.6,-0.6,1.7,-161.8,198.2,198.1,Tripod,Other,,23,5,True,,True,False,,Smart,RC,False,True,False,,,True,,False,False,False,False,False,False,False,False,False,False,0,Follow Yaw,-77.9,0,-169.9,190.1,False,False,False,False,False,,0,0,False,False,No Card,100,100,1024,1401,748,822,2,False,False,False,False,False,0,False,False,False,False,74,,46.752,,7431,,10044,,46.752,,True,3.897,3.897,3.897,3.897,3.897,3.897,3.897,3.897,3.897,3.897,3.897,3.897,0,,False,False,True,,,,,,,,,,,,,,,False,False,18.942,,100.5,,75.7,,100.5,,1423,106,5,22,7,141897.9,18919.72,,Idle,,20,,10,,,20,Go Home,False,False,False,False,False,False,False,False,False,False,False,False,33.8027920380556,-117.4659261431046,3535.0,3535.0,1049.4,396.9,True,1,1,False,False,False,False,,True,False,False,Course Lock,196.8,67,16.4,93,NE,SW,2.46,11.4,Calm,False,False,Android,7.0.2,M300 RTK,1ZN7L4R0H1D00F,1W9DL31001461C,1ZMLH8300204F0,1Z6PH74DAP0QN7,"Corona, CA",728.3,5.7,137.7,8.547347,2.013246,0,0,DJI Matrice 300 RTK,M300 RTK,1ZN7L4R0H1D00F,1W9DL31001461C,1ZMLH8300204F0,1Z6PH74DAP0QN7,DJI Pilot,Android,7.0.2,1EF72A62-B7C3-C88D-164E-CE6F8C8424AE,1ZN7L4R0H1D00F,1W9DL31001461C,,1ZMLH8300204F0,1W9DL31001461C,,,,,
2023-11-01,11:32:25.62 AM,8m 3.3s,483.3,33.7978478649883,-117.475957354811,50.1,137.7,16.7,1314,4055.5,7.073825,7.569323,-6.71082,2.23694,-2.23694,1.342164,0.447388,0.894776,-1.7,-1,1.9,-161.8,198.2,195.7,Tripod,Other,,23,5,True,,True,False,,Smart,RC,False,True,False,,,True,,False,False,False,False,False,False,False,False,False,False,0,Follow Yaw,-77.9,0,-170.3,189.7,False,False,False,False,False,,0,0,False,False,No Card,100,100,1024,1401,754,762,2,False,False,False,False,False,0,False,False,False,False,74,,46.752,,7431,,10044,,46.752,,True,3.898,3.898,3.898,3.898,3.898,3.898,3.898,3.898,3.898,3.898,3.898,3.898,0,,False,False,True,,,,,,,,,,,,,,,False,False,18.942,,100.5,,75.7,,100.5,,1422,106,5,22,7,142124.1,18949.88,,Idle,,20,,10,,,20,Go Home,False,False,False,False,False,False,False,False,False,False,False,False,33.8027920380556,-117.4659261431046,3535.6,3535.6,1049.4,396.9,True,1,1,False,False,False,False,,True,False,False,Course Lock,196.8,67,16.4,93,NE,SW,2.46,11.4,Calm,False,False,Android,7.0.2,M300 RTK,1ZN7L4R0H1D00F,1W9DL31001461C,1ZMLH8300204F0,1Z6PH74DAP0QN7,"Corona, CA",728.3,5.7,137.7,8.547347,2.013246,0,0,DJI Matrice 300 RTK,M300 RTK,1ZN7L4R0H1D00F,1W9DL31001461C,1ZMLH8300204F0,1Z6PH74DAP0QN7,DJI Pilot,Android,7.0.2,1EF72A62-B7C3-C88D-164E-CE6F8C8424AE,1ZN7L4R0H1D00F,1W9DL31001461C,,1ZMLH8300204F0,1W9DL31001461C,,,,,
2023-11-01,11:32:25.73 AM,8m 3.4s,483.4,33.797844974022,-117.475958456889,50.1,137.7,16.7,1314,4056.6,7.006301,7.569323,-6.71082,2.23694,-2.013246,1.342164,0.447388,0.894776,-1.9,-1.8,2.6,-161.9,198.1,197.5,Tripod,Other,,23,5,True,,True,False,,Smart,RC,False,True,False,,,True,,False,False,False,False,False,False,False,False,False,False,0,Follow Yaw,-77.9,0,-170.9,189.1,False,False,False,False,False,,0,0,False,False,No Card,100,100,1024,1402,756,757,2,False,False,False,False,False,0,False,False,False,False,74,,46.752,,7431,,10044,,46.752,,True,3.898,3.898,3.898,3.898,3.898,3.898,3.898,3.898,3.898,3.898,3.898,3.898,0,,False,False,True,,,,,,,,,,,,,,,False,False,18.942,,100.5,,75.7,,100.5,,1422,106,5,22,7,142124.1,18949.88,,Idle,,20,,10,,,20,Go Home,False,False,False,False,False,False,False,False,False,False,False,False,33.8027920380556,-117.4659261431046,3536.4,3536.4,1049.4,396.9,True,1,1,False,False,False,False,,True,False,False,Course Lock,196.8,67,16.4,93,NE,SW,2.46,11.4,Calm,False,False,Android,7.0.2,M300 RTK,1ZN7L4R0H1D00F,1W9DL31001461C,1ZMLH8300204F0,1Z6PH74DAP0QN7,"Corona, CA",728.3,5.7,137.7,8.547347,2.013246,0,0,DJI Matrice 300 RTK,M300 RTK,1ZN7L4R0H1D00F,1W9DL31001461C,1ZMLH8300204F0,1Z6PH74DAP0QN7,DJI Pilot,Android,7.0.2,1EF72A62-B7C3-C88D-164E-CE6F8C8424AE,1ZN7L4R0H1D00F,1W9DL31001461C,,1ZMLH8300204F0,1W9DL31001461C,,,,,
2023-11-01,11:32:25.83 AM,8m 3.5s,483.5,33.7978419747746,-117.4759594345256,50.1,137.7,16.7,1314,4057.8,7.006301,7.569323,-6.71082,2.23694,-2.013246,1.342164,0.447388,0.894776,-1.9,-2.7,3.3,-162.2,197.8,195.1,Tripod,Other,,23,5,True,,True,False,,Smart,RC,False,True,False,,,True,,False,False,False,False,False,False,False,False,False,False,0,Follow Yaw,-77.9,0,-171.6,188.4,False,False,False,False,False,,0,0,False,False,No Card,100,100,1024,1403,750,915,2,False,False,False,False,False,0,False,False,False,False,74,,46.752,,7431,,10044,,46.752,,True,3.898,3.898,3.898,3.898,3.898,3.898,3.898,3.898,3.898,3.898,3.898,3.898,0,,False,False,True,,,,,,,,,,,,,,,False,False,18.942,,100.5,,75.7,,100.5,,1422,106,5,22,7,142124.1,18949.88,,Idle,,20,,10,,,20,Go Home,False,False,False,False,False,False,False,False,False,False,False,False,33.8027920380556,-117.4659261431046,3537.3,3537.3,1049.4,396.9,True,1,1,False,False,False,False,,True,False,False,Course Lock,196.8,67,16.4,93,NE,SW,2.46,11.4,Calm,False,False,Android,7.0.2,M300 RTK,1ZN7L4R0H1D00F,1W9DL31001461C,1ZMLH8300204F0,1Z6PH74DAP0QN7,"Corona, CA",728.3,5.7,137.7,8.547347,2.013246,0,0,DJI Matrice 300 RTK,M300 RTK,1ZN7L4R0H1D00F,1W9DL31001461C,1ZMLH8300204F0,1Z6PH74DAP0QN7,DJI Pilot,Android,7.0.2,1EF72A62-B7C3-C88D-164E-CE6F8C8424AE,1ZN7L4R0H1D00F,1W9DL31001461C,,1ZMLH8300204F0,1W9DL31001461C,,,,,
2023-11-01,11:32:25.93 AM,8m 3.6s,483.6,33.7978391781087,-117.4759604240372,49.8,137.7,16.4,1314,4058.8,7.006301,7.569323,-6.71082,2.23694,-2.013246,1.342164,0.447388,0.894776,-2.1,-3.1,3.7,-162.6,197.4,196.3,Tripod,Other,,23,5,True,,True,False,,Smart,RC,False,True,False,,,True,,False,False,False,False,False,False,False,False,False,False,0,Follow Yaw,-77.9,0,-172,188,False,False,False,False,False,,0,0,False,False,No Card,100,100,1024,1402,734,917,2,False,False,False,False,False,0,False,False,False,False,74,,46.752,,7431,,10044,,46.752,,True,3.898,3.898,3.898,3.898,3.898,3.898,3.898,3.898,3.898,3.898,3.898,3.898,0,,False,False,True,,,,,,,,,,,,,,,False,False,18.942,,100.5,,75.7,,100.5,,1422,106,5,22,7,142124.1,18949.88,,Idle,,20,,10,,,20,Go Home,False,False,False,False,False,False,False,False,False,False,False,False,33.8027920380556,-117.4659261431046,3538.0,3538.0,1049.4,396.9,True,1,1,False,False,False,False,,True,False,False,Course Lock,196.8,67,16.4,93,NE,SW,2.46,11.4,Calm,False,False,Android,7.0.2,M300 RTK,1ZN7L4R0H1D00F,1W9DL31001461C,1ZMLH8300204F0,1Z6PH74DAP0QN7,"Corona, CA",728.3,5.7,137.7,8.547347,2.013246,0,0,DJI Matrice 300 RTK,M300 RTK,1ZN7L4R0H1D00F,1W9DL31001461C,1ZMLH8300204F0,1Z6PH74DAP0QN7,DJI Pilot,Android,7.0.2,1EF72A62-B7C3-C88D-164E-CE6F8C8424AE,1ZN7L4R0H1D00F,1W9DL31001461C,,1ZMLH8300204F0,1W9DL31001461C,,,,,
2023-11-01,11:32:26.04 AM,8m 3.7s,483.7,33.7978363405976,-117.4759612813556,49.8,137.7,16.4,1314,4059.9,6.945329,7.569323,-6.71082,2.23694,-1.789552,1.342164,0.447388,0.894776,-2.2,-2.2,3.1,-163.1,196.9,194.0,Tripod,Other,,23,5,True,,True,False,,Smart,RC,False,True,False,,,True,,False,False,False,False,False,False,False,False,False,False,0,Follow Yaw,-77.9,0,-172.3,187.7,False,False,False,False,False,,0,0,False,False,No Card,100,100,1024,1403,737,856,2,False,False,False,False,False,0,False,False,False,False,74,,46.752,,7431,,10044,,46.752,,True,3.898,3.898,3.898,3.898,3.898,3.898,3.898,3.898,3.898,3.898,3.898,3.898,0,,False,False,True,,,,,,,,,,,,,,,False,False,18.942,,100.5,,75.7,,100.5,,1422,106,5,22,7,142124.1,18949.88,,Idle,,20,,10,,,20,Go Home,False,False,False,False,False,False,False,False,False,False,False,False,33.8027920380556,-117.4659261431046,3538.8,3538.8,1049.4,396.9,True,1,1,False,False,False,False,,True,False,False,Course Lock,196.8,67,16.4,93,NE,SW,2.46,11.4,Calm,False,False,Android,7.0.2,M300 RTK,1ZN7L4R0H1D00F,1W9DL31001461C,1ZMLH8300204F0,1Z6PH74DAP0QN7,"Corona, CA",728.3,5.7,137.7,8.547347,2.013246,0,0,DJI Matrice 300 RTK,M300 RTK,1ZN7L4R0H1D00F,1W9DL31001461C,1ZMLH8300204F0,1Z6PH74DAP0QN7,DJI Pilot,Android,7.0.2,1EF72A62-B7C3-C88D-164E-CE6F8C8424AE,1ZN7L4R0H1D00F,1W9DL31001461C,,1ZMLH8300204F0,1W9DL31001461C,,,,,
2023-11-01,11:32:26.14 AM,8m 3.8s,483.8,33.7978335214531,-117.4759621861746,49.8,137.7,16.4,1314,4061.0,6.945329,7.569323,-6.71082,2.23694,-1.789552,1.342164,0.447388,0.894776,-2.2,-1,2.4,-163.5,196.5,194.9,Tripod,Other,,23,5,True,,True,False,,Smart,RC,False,True,False,,,True,,False,False,False,False,False,False,False,False,False,False,0,Follow Yaw,-77.9,0,-172.5,187.5,False,False,False,False,False,,0,0,False,False,No Card,100,100,1024,1404,729,854,2,False,False,False,False,False,0,False,False,False,False,74,,46.752,,7431,,10044,,46.752,,True,3.898,3.898,3.898,3.898,3.898,3.898,3.898,3.898,3.898,3.898,3.898,3.898,0,,False,False,True,,,,,,,,,,,,,,,False,False,18.942,,100.5,,75.7,,100.5,,1422,106,5,22,7,142124.1,18949.88,,Idle,,20,,10,,,20,Go Home,False,False,False,False,False,False,False,False,False,False,False,False,33.8027920380556,-117.4659261431046,3539.5,3539.5,1049.4,396.9,True,1,1,False,False,False,False,,True,False,False,Course Lock,196.8,67,16.4,93,NE,SW,2.46,11.4,Calm,False,False,Android,7.0.2,M300 RTK,1ZN7L4R0H1D00F,1W9DL31001461C,1ZMLH8300204F0,1Z6PH74DAP0QN7,"Corona, CA",728.3,5.7,137.7,8.547347,2.013246,0,0,DJI Matrice 300 RTK,M300 RTK,1ZN7L4R0H1D00F,1W9DL31001461C,1ZMLH8300204F0,1Z6PH74DAP0QN7,DJI Pilot,Android,7.0.2,1EF72A62-B7C3-C88D-164E-CE6F8C8424AE,1ZN7L4R0H1D00F,1W9DL31001461C,,1ZMLH8300204F0,1W9DL31001461C,,,,,
2023-11-01,11:32:26.24 AM,8m 3.9s,483.9,33.7978306998414,-117.4759633058179,49.8,137.7,16.4,1314,4062.0,6.945329,7.569323,-6.71082,2.23694,-1.789552,1.342164,0.447388,0.894776,-2.2,-0.7,2.3,-163.9,196.1,198.2,Tripod,Other,,23,5,True,,True,False,,Smart,RC,False,True,False,,,True,,False,False,False,False,False,False,False,False,False,False,0,Follow Yaw,-77.9,0,-172.9,187.1,False,False,False,False,False,,0,0,False,False,No Card,100,100,1024,1404,744,859,2,False,False,False,False,False,0,False,False,False,False,74,,46.752,,7431,,10044,,46.752,,True,3.898,3.898,3.898,3.898,3.898,3.898,3.898,3.898,3.898,3.898,3.898,3.898,0,,False,False,True,,,,,,,,,,,,,,,False,False,18.942,,100.5,,75.7,,100.5,,1422,106,5,22,7,142124.1,18949.88,,Idle,,20,,10,,,20,Go Home,False,False,False,False,False,False,False,False,False,False,False,False,33.8027920380556,-117.4659261431046,3540.4,3540.4,1049.4,396.9,True,1,1,False,False,False,False,,True,False,False,Course Lock,196.8,67,16.4,93,NE,SW,2.46,11.4,Calm,False,False,Android,7.0.2,M300 RTK,1ZN7L4R0H1D00F,1W9DL31001461C,1ZMLH8300204F0,1Z6PH74DAP0QN7,"Corona, CA",728.3,5.7,137.7,8.547347,2.013246,0,0,DJI Matrice 300 RTK,M300 RTK,1ZN7L4R0H1D00F,1W9DL31001461C,1ZMLH8300204F0,1Z6PH74DAP0QN7,DJI Pilot,Android,7.0.2,1EF72A62-B7C3-C88D-164E-CE6F8C8424AE,1ZN7L4R0H1D00F,1W9DL31001461C,,1ZMLH8300204F0,1W9DL31001461C,,,,,
2023-11-01,11:32:26.34 AM,8m 4.0s,484.0,33.7978278812452,-117.4759642136882,49.5,137.7,16.4,1313,4063.1,6.945329,7.569323,-6.71082,2.23694,-1.789552,1.342164,0.447388,0.894776,-2.1,-1.2,2.4,-164.4,195.6,194.9,Tripod,Other,,23,5,True,,True,False,,Smart,RC,False,True,False,,,True,,False,False,False,False,False,False,False,False,False,False,0,Follow Yaw,-77.9,0,-173.3,186.7,False,False,False,False,False,,0,0,False,False,No Card,100,100,1024,1403,743,919,2,False,False,False,False,False,0,False,False,False,False,74,,46.752,,3689,,4986,,46.752,,True,3.898,3.898,3.898,3.898,3.898,3.898,3.898,3.898,3.898,3.898,3.898,3.898,0,,False,False,True,,,,,,,,,,,,,,,False,False,9.514,,100.5,,75.7,,100.5,,1422,106,5,22,7,142124.1,18949.88,,Idle,,20,,10,,,20,Go Home,False,False,False,False,False,False,False,False,False,False,False,False,33.8027920380556,-117.4659261431046,3541.1,3541.1,1049.4,396.9,True,1,1,False,False,False,False,,True,False,False,Course Lock,196.8,67,16.4,93,NE,SW,2.46,11.4,Calm,False,False,Android,7.0.2,M300 RTK,1ZN7L4R0H1D00F,1W9DL31001461C,1ZMLH8300204F0,1Z6PH74DAP0QN7,"Corona, CA",728.3,5.7,137.7,8.547347,2.013246,0,0,DJI Matrice 300 RTK,M300 RTK,1ZN7L4R0H1D00F,1W9DL31001461C,1ZMLH8300204F0,1Z6PH74DAP0QN7,DJI Pilot,Android,7.0.2,1EF72A62-B7C3-C88D-164E-CE6F8C8424AE,1ZN7L4R0H1D00F,1W9DL31001461C,,1ZMLH8300204F0,1W9DL31001461C,,,,,
2023-11-01,11:32:26.45 AM,8m 4.1s,484.1,33.7978248586968,-117.47596514803,49.5,137.7,16.0,1313,4064.2,6.945329,7.569323,-6.71082,2.23694,-1.789552,1.342164,0.671082,0.894776,-2,-1.8,2.6,-164.8,195.2,194.4,Tripod,Other,,23,5,True,,True,False,,Smart,RC,False,True,False,,,True,,False,False,False,False,False,False,False,False,False,False,0,Follow Yaw,-77.9,0,-173.6,186.4,False,False,False,False,False,,0,0,False,False,No Card,100,100,1024,1403,742,922,2,False,False,False,False,False,0,False,False,False,False,74,,46.752,,3689,,4986,,46.752,,True,3.898,3.898,3.898,3.898,3.898,3.898,3.898,3.898,3.898,3.898,3.898,3.898,0,,False,False,True,,,,,,,,,,,,,,,False,False,9.514,,100.5,,75.7,,100.5,,1422,106,5,22,7,142124.1,18949.88,,Idle,,20,,10,,,20,Go Home,False,False,False,False,False,False,False,False,False,False,False,False,33.8027920380556,-117.4659261431046,3541.9,3541.9,1049.4,396.9,True,1,1,False,False,False,False,,True,False,False,Course Lock,196.8,67,16.4,93,NE,SW,2.46,11.4,Calm,False,False,Android,7.0.2,M300 RTK,1ZN7L4R0H1D00F,1W9DL31001461C,1ZMLH8300204F0,1Z6PH74DAP0QN7,"Corona, CA",728.3,5.7,137.7,8.547347,2.013246,0,0,DJI Matrice 300 RTK,M300 RTK,1ZN7L4R0H1D00F,1W9DL31001461C,1ZMLH8300204F0,1Z6PH74DAP0QN7,DJI Pilot,Android,7.0.2,1EF72A62-B7C3-C88D-164E-CE6F8C8424AE,1ZN7L4R0H1D00F,1W9DL31001461C,,1ZMLH8300204F0,1W9DL31001461C,,,,,
2023-11-01,11:32:26.55 AM,8m 4.2s,484.2,33.7978221481075,-117.4759659674964,49.5,137.7,16.0,1313,4065.3,7.109106,7.569323,-6.934514,2.23694,-1.565858,1.342164,0.447388,0.894776,-2.1,-1.7,2.7,-165.1,194.9,194.1,Tripod,Other,,23,5,True,,True,False,,Smart,RC,False,True,False,,,True,,False,False,False,False,False,False,False,False,False,False,0,Follow Yaw,-77.9,0,-173.8,186.2,False,False,False,False,False,,0,0,False,False,No Card,100,100,1024,1405,739,933,2,False,False,False,False,False,0,False,False,False,False,74,,46.752,,3689,,4986,,46.752,,True,3.898,3.898,3.898,3.898,3.898,3.898,3.898,3.898,3.898,3.898,3.898,3.898,0,,False,False,True,,,,,,,,,,,,,,,False,False,9.514,,100.5,,75.7,,100.5,,1422,106,5,22,7,142124.1,18949.88,,Idle,,20,,10,,,20,Go Home,False,False,False,False,False,False,False,False,False,False,False,False,33.8027920380556,-117.4659261431046,3542.7,3542.7,1049.4,396.9,True,1,1,False,False,False,False,,True,False,False,Course Lock,196.8,67,16.4,93,NE,SW,2.46,11.4,Calm,False,False,Android,7.0.2,M300 RTK,1ZN7L4R0H1D00F,1W9DL31001461C,1ZMLH8300204F0,1Z6PH74DAP0QN7,"Corona, CA",728.3,5.7,137.7,8.547347,2.013246,0,0,DJI Matrice 300 RTK,M300 RTK,1ZN7L4R0H1D00F,1W9DL31001461C,1ZMLH8300204F0,1Z6PH74DAP0QN7,DJI Pilot,Android,7.0.2,1EF72A62-B7C3-C88D-164E-CE6F8C8424AE,1ZN7L4R0H1D00F,1W9DL31001461C,,1ZMLH8300204F0,1W9DL31001461C,,,,,
2023-11-01,11:32:26.65 AM,8m 4.3s,484.3,33.7978190819726,-117.4759667990854,49.2,137.7,16.0,1313,4066.4,7.109106,7.569323,-6.934514,2.23694,-1.565858,1.342164,0.671082,0.894776,-2.1,-1.2,2.4,-165.5,194.5,192.7,Tripod,Other,,23,5,True,,True,False,,Smart,RC,False,True,False,,,True,,False,False,False,False,False,False,False,False,False,False,0,Follow Yaw,-77.9,0,-174,186,False,False,False,False,False,,0,0,False,False,No Card,100,100,1024,1404,755,962,2,False,False,False,False,False,0,False,False,False,False,74,,46.752,,3689,,4986,,46.752,,True,3.898,3.898,3.898,3.898,3.898,3.898,3.898,3.898,3.898,3.898,3.898,3.898,0,,False,False,True,,,,,,,,,,,,,,,False,False,9.514,,100.5,,75.7,,100.5,,1420,107,5,22,7,142314.1,18975.21,,Idle,,20,,10,,,20,Go Home,False,False,False,False,False,False,False,False,False,False,False,False,33.8027920380556,-117.4659261431046,3543.4,3543.4,1049.4,396.9,True,1,1,False,False,False,False,,True,False,False,Course Lock,196.8,67,16.4,93,NE,SW,2.46,11.4,Calm,False,False,Android,7.0.2,M300 RTK,1ZN7L4R0H1D00F,1W9DL31001461C,1ZMLH8300204F0,1Z6PH74DAP0QN7,"Corona, CA",728.3,5.7,137.7,8.547347,2.013246,0,0,DJI Matrice 300 RTK,M300 RTK,1ZN7L4R0H1D00F,1W9DL31001461C,1ZMLH8300204F0,1Z6PH74DAP0QN7,DJI Pilot,Android,7.0.2,1EF72A62-B7C3-C88D-164E-CE6F8C8424AE,1ZN7L4R0H1D00F,1W9DL31001461C,,1ZMLH8300204F0,1W9DL31001461C,,,,,
2023-11-01,11:32:26.76 AM,8m 4.4s,484.4,33.7978160473626,-117.4759676600323,49.2,137.7,16.0,1313,4067.5,7.109106,7.569323,-6.934514,2.23694,-1.565858,1.342164,0.447388,0.894776,-2.2,-0.8,2.3,-165.8,194.2,193.2,Tripod,Other,,22,5,True,,True,False,,Smart,RC,False,True,False,,,True,,False,False,False,False,False,False,False,False,False,False,0,Follow Yaw,-77.9,0,-174.1,185.9,False,False,False,False,False,,0,0,False,False,No Card,100,100,1024,1403,746,981,2,False,False,False,False,False,0,False,False,False,False,74,,46.752,,3689,,4986,,46.752,,True,3.898,3.898,3.898,3.898,3.898,3.898,3.898,3.898,3.898,3.898,3.898,3.898,0,,False,False,True,,,,,,,,,,,,,,,False,False,9.514,,100.5,,75.7,,100.5,,1420,107,5,22,7,142314.1,18975.21,,Idle,,20,,10,,,20,Go Home,False,False,False,False,False,False,False,False,False,False,False,False,33.8027920380556,-117.4659261431046,3544.2,3544.2,1049.4,396.9,True,1,1,False,False,False,False,,True,False,False,Course Lock,196.8,67,16.4,93,NE,SW,2.46,11.4,Calm,False,False,Android,7.0.2,M300 RTK,1ZN7L4R0H1D00F,1W9DL31001461C,1ZMLH8300204F0,1Z6PH74DAP0QN7,"Corona, CA",728.3,5.7,137.7,8.547347,2.013246,0,0,DJI Matrice 300 RTK,M300 RTK,1ZN7L4R0H1D00F,1W9DL31001461C,1ZMLH8300204F0,1Z6PH74DAP0QN7,DJI Pilot,Android,7.0.2,1EF72A62-B7C3-C88D-164E-CE6F8C8424AE,1ZN7L4R0H1D00F,1W9DL31001461C,,1ZMLH8300204F0,1W9DL31001461C,,,,,
2023-11-01,11:32:26.87 AM,8m 4.5s,484.5,33.7978132183494,-117.4759685147942,49.2,137.7,15.7,1313,4068.6,7.109106,7.569323,-6.934514,2.23694,-1.565858,1.342164,0.447388,0.894776,-2.2,-0.4,2.2,-165.9,194.1,194.0,Tripod,Other,,22,5,True,,True,False,,Smart,RC,False,True,False,,,True,,False,False,False,False,False,False,False,False,False,False,0,Follow Yaw,-77.9,0,-174.2,185.8,False,False,False,False,False,,0,0,False,False,No Card,100,100,1024,1403,746,981,2,False,False,False,False,False,0,False,False,False,False,74,,46.752,,3689,,4986,,46.752,,True,3.898,3.898,3.898,3.898,3.898,3.898,3.898,3.898,3.898,3.898,3.898,3.898,0,,False,False,True,,,,,,,,,,,,,,,False,False,9.514,,100.5,,75.7,,100.5,,1420,107,5,22,7,142314.1,18975.21,,Idle,,20,,10,,,20,Go Home,False,False,False,False,False,False,False,False,False,False,False,False,33.8027920380556,-117.4659261431046,3545.0,3545.0,1049.4,396.9,True,1,1,False,False,False,False,,True,False,False,Course Lock,196.8,67,16.4,93,NE,SW,2.46,11.4,Calm,False,False,Android,7.0.2,M300 RTK,1ZN7L4R0H1D00F,1W9DL31001461C,1ZMLH8300204F0,1Z6PH74DAP0QN7,"Corona, CA",728.3,5.7,137.7,8.547347,2.013246,0,0,DJI Matrice 300 RTK,M300 RTK,1ZN7L4R0H1D00F,1W9DL31001461C,1ZMLH8300204F0,1Z6PH74DAP0QN7,DJI Pilot,Android,7.0.2,1EF72A62-B7C3-C88D-164E-CE6F8C8424AE,1ZN7L4R0H1D00F,1W9DL31001461C,,1ZMLH8300204F0,1W9DL31001461C,,,,,
2023-11-01,11:32:26.97 AM,8m 4.6s,484.6,33.7978104658184,-117.4759692790084,49.2,137.7,15.7,1313,4069.6,7.109106,7.569323,-6.934514,2.23694,-1.565858,1.342164,0.447388,0.894776,-2,-0.2,2,-166.1,193.9,192.9,Tripod,Other,,22,5,True,,True,False,,Smart,RC,False,True,False,,,True,,False,False,False,False,False,False,False,False,False,False,0,Follow Yaw,-77.9,0,-174.2,185.8,False,False,False,False,False,,0,0,False,False,No Card,100,100,1024,1402,736,1007,2,False,False,False,False,False,0,False,False,False,False,74,,46.752,,3689,,4986,,46.752,,True,3.898,3.898,3.898,3.898,3.898,3.898,3.898,3.898,3.898,3.898,3.898,3.898,0,,False,False,True,,,,,,,,,,,,,,,False,False,9.514,,100.5,,75.7,,100.5,,1420,107,5,22,7,142314.1,18975.21,,Idle,,20,,10,,,20,Go Home,False,False,False,False,False,False,False,False,False,False,False,False,33.8027920380556,-117.4659261431046,3545.7,3545.7,1049.4,396.9,True,1,1,False,False,False,False,,True,False,False,Course Lock,196.8,67,16.4,93,NE,SW,2.46,11.4,Calm,False,False,Android,7.0.2,M300 RTK,1ZN7L4R0H1D00F,1W9DL31001461C,1ZMLH8300204F0,1Z6PH74DAP0QN7,"Corona, CA",728.3,5.7,137.7,8.547347,2.013246,0,0,DJI Matrice 300 RTK,M300 RTK,1ZN7L4R0H1D00F,1W9DL31001461C,1ZMLH8300204F0,1Z6PH74DAP0QN7,DJI Pilot,Android,7.0.2,1EF72A62-B7C3-C88D-164E-CE6F8C8424AE,1ZN7L4R0H1D00F,1W9DL31001461C,,1ZMLH8300204F0,1W9DL31001461C,,,,,
2023-11-01,11:32:27.07 AM,8m 4.7s,484.7,33.7978076699748,-117.4759699587771,48.8,137.7,15.7,1313,4070.7,7.109106,7.569323,-6.934514,2.23694,-1.565858,1.342164,0.447388,0.894776,-2,0,2,-166.2,193.8,191.4,Tripod,Other,,22,5,True,,True,False,,Smart,RC,False,True,False,,,True,,False,False,False,False,False,False,False,False,False,False,0,Follow Yaw,-77.9,0,-174.2,185.8,False,False,False,False,False,,0,0,False,False,No Card,100,100,1024,1403,740,922,2,False,False,False,False,False,0,False,False,False,False,74,,46.752,,3689,,4986,,46.752,,True,3.898,3.898,3.898,3.898,3.898,3.898,3.898,3.898,3.898,3.898,3.898,3.898,0,,False,False,True,,,,,,,,,,,,,,,False,False,9.514,,100.5,,75.7,,100.5,,1420,107,5,22,7,142314.1,18975.21,,Idle,,20,,10,,,20,Go Home,False,False,False,False,False,False,False,False,False,False,False,False,33.8027920380556,-117.4659261431046,3546.4,3546.4,1049.4,396.9,True,1,1,False,False,False,False,,True,False,False,Course Lock,196.8,67,16.4,93,NE,SW,2.46,11.4,Calm,False,False,Android,7.0.2,M300 RTK,1ZN7L4R0H1D00F,1W9DL31001461C,1ZMLH8300204F0,1Z6PH74DAP0QN7,"Corona, CA",728.3,5.7,137.7,8.547347,2.013246,0,0,DJI Matrice 300 RTK,M300 RTK,1ZN7L4R0H1D00F,1W9DL31001461C,1ZMLH8300204F0,1Z6PH74DAP0QN7,DJI Pilot,Android,7.0.2,1EF72A62-B7C3-C88D-164E-CE6F8C8424AE,1ZN7L4R0H1D00F,1W9DL31001461C,,1ZMLH8300204F0,1W9DL31001461C,,,,,
2023-11-01,11:32:27.17 AM,8m 4.8s,484.8,33.7978047757189,-117.4759707423708,48.8,137.7,15.7,1313,4071.8,7.109106,7.569323,-6.934514,2.23694,-1.565858,1.342164,0.447388,0.894776,-2.2,0,2.2,-166.2,193.8,192.6,Tripod,Other,,21,5,True,,True,False,,Smart,RC,False,True,False,,,True,,False,False,False,False,False,False,False,False,False,False,0,Follow Yaw,-77.9,0,-174.3,185.7,False,False,False,False,False,,0,0,False,False,No Card,100,100,1024,1403,739,914,2,False,False,False,False,False,0,False,False,False,False,74,,46.752,,3689,,4986,,46.752,,True,3.898,3.898,3.898,3.898,3.898,3.898,3.898,3.898,3.898,3.898,3.898,3.898,0,,False,False,True,,,,,,,,,,,,,,,False,False,9.514,,100.5,,75.7,,100.5,,1420,107,5,22,7,142314.1,18975.21,,Idle,,20,,10,,,20,Go Home,False,False,False,False,False,False,False,False,False,False,False,False,33.8027920380556,-117.4659261431046,3547.1,3547.1,1049.4,396.9,True,1,1,False,False,False,False,,True,False,False,Course Lock,196.8,67,16.4,93,NE,SW,2.46,11.4,Calm,False,False,Android,7.0.2,M300 RTK,1ZN7L4R0H1D00F,1W9DL31001461C,1ZMLH8300204F0,1Z6PH74DAP0QN7,"Corona, CA",728.3,5.7,137.7,8.547347,2.013246,0,0,DJI Matrice 300 RTK,M300 RTK,1ZN7L4R0H1D00F,1W9DL31001461C,1ZMLH8300204F0,1Z6PH74DAP0QN7,DJI Pilot,Android,7.0.2,1EF72A62-B7C3-C88D-164E-CE6F8C8424AE,1ZN7L4R0H1D00F,1W9DL31001461C,,1ZMLH8300204F0,1W9DL31001461C,,,,,
2023-11-01,11:32:27.24 AM,8m 4.9s,484.9,33.7978018589845,-117.4759713118822,48.8,137.7,15.7,1313,4072.8,7.109106,7.569323,-6.934514,2.23694,-1.565858,1.342164,0.447388,0.894776,-2.2,0,2.2,-166.3,193.7,189.2,Tripod,Other,,21,5,True,,True,False,,Smart,RC,False,True,False,,,True,,False,False,False,False,False,False,False,False,False,False,0,Follow Yaw,-77.9,0,-174.3,185.7,False,False,False,False,False,,0,0,False,False,No Card,100,100,1024,1403,739,1024,2,False,False,False,False,False,0,False,False,False,False,74,,46.752,,3689,,4986,,46.752,,True,3.898,3.898,3.898,3.898,3.898,3.898,3.898,3.898,3.898,3.898,3.898,3.898,0,,False,False,True,,,,,,,,,,,,,,,False,False,9.514,,100.5,,75.7,,100.5,,1420,107,5,22,7,142314.1,18975.21,,Idle,,20,,10,,,20,Go Home,False,False,False,False,False,False,False,False,False,False,False,False,33.8027920380556,-117.4659261431046,3547.8,3547.8,1049.4,396.9,True,1,1,False,False,False,False,,True,False,False,Course Lock,196.8,67,16.4,93,NE,SW,2.46,11.4,Calm,False,False,Android,7.0.2,M300 RTK,1ZN7L4R0H1D00F,1W9DL31001461C,1ZMLH8300204F0,1Z6PH74DAP0QN7,"Corona, CA",728.3,5.7,137.7,8.547347,2.013246,0,0,DJI Matrice 300 RTK,M300 RTK,1ZN7L4R0H1D00F,1W9DL31001461C,1ZMLH8300204F0,1Z6PH74DAP0QN7,DJI Pilot,Android,7.0.2,1EF72A62-B7C3-C88D-164E-CE6F8C8424AE,1ZN7L4R0H1D00F,1W9DL31001461C,,1ZMLH8300204F0,1W9DL31001461C,,,,,
2023-11-01,11:32:27.34 AM,8m 5.0s,485.0,33.7977991198857,-117.4759720348632,48.5,137.7,15.7,1312,4073.9,7.109106,7.569323,-6.934514,2.23694,-1.565858,1.342164,0.447388,0.894776,-2.3,-0.2,2.3,-166.3,193.7,192.3,Tripod,Other,,22,5,True,,True,False,,Smart,RC,False,True,False,,,True,,False,False,False,False,False,False,False,False,False,False,0,Follow Yaw,-77.9,0,-174.4,185.6,False,False,False,False,False,,0,0,False,False,No Card,100,100,1024,1402,773,1024,2,False,False,False,False,False,0,False,False,False,False,74,,46.788,,7431,,10044,,46.788,,True,3.898,3.898,3.898,3.898,3.898,3.898,3.898,3.898,3.898,3.898,3.898,3.898,0,,False,False,True,,,,,,,,,,,,,,,False,False,18.88,,100.7,,75.7,,100.7,,1420,107,5,22,7,142314.1,18975.21,,Idle,,20,,10,,,20,Go Home,False,False,False,False,False,False,False,False,False,False,False,False,33.8027920380556,-117.4659261431046,3548.5,3548.5,1049.4,396.9,True,1,1,False,False,False,False,,True,False,False,Course Lock,196.8,67,16.4,93,NE,SW,2.46,11.4,Calm,False,False,Android,7.0.2,M300 RTK,1ZN7L4R0H1D00F,1W9DL31001461C,1ZMLH8300204F0,1Z6PH74DAP0QN7,"Corona, CA",728.3,5.7,137.7,8.547347,2.013246,0,0,DJI Matrice 300 RTK,M300 RTK,1ZN7L4R0H1D00F,1W9DL31001461C,1ZMLH8300204F0,1Z6PH74DAP0QN7,DJI Pilot,Android,7.0.2,1EF72A62-B7C3-C88D-164E-CE6F8C8424AE,1ZN7L4R0H1D00F,1W9DL31001461C,,1ZMLH8300204F0,1W9DL31001461C,,,,,
2023-11-01,11:32:27.44 AM,8m 5.1s,485.1,33.7977961924602,-117.4759726921187,48.5,137.7,15.4,1312,4075.0,7.109106,7.569323,-6.934514,2.23694,-1.565858,1.342164,0.447388,0.894776,-2.4,0,2.4,-166.3,193.7,190.5,Tripod,Other,,22,5,True,,True,False,,Smart,RC,False,True,False,,,True,,False,False,False,False,False,False,False,False,False,False,0,Follow Yaw,-77.9,0,-174.4,185.6,False,False,False,False,False,,0,0,False,False,No Card,100,100,1024,1403,756,1024,2,False,False,False,False,False,0,False,False,False,False,74,,46.788,,7431,,10044,,46.788,,True,3.898,3.898,3.898,3.898,3.898,3.898,3.898,3.898,3.898,3.898,3.898,3.898,0,,False,False,True,,,,,,,,,,,,,,,False,False,18.88,,100.7,,75.7,,100.7,,1420,107,5,22,7,142314.1,18975.21,,Idle,,20,,10,,,20,Go Home,False,False,False,False,False,False,False,False,False,False,False,False,33.8027920380556,-117.4659261431046,3549.3,3549.3,1049.4,396.9,True,1,1,False,False,False,False,,True,False,False,Course Lock,196.8,67,16.4,93,NE,SW,2.46,11.4,Calm,False,False,Android,7.0.2,M300 RTK,1ZN7L4R0H1D00F,1W9DL31001461C,1ZMLH8300204F0,1Z6PH74DAP0QN7,"Corona, CA",728.3,5.7,137.7,8.547347,2.013246,0,0,DJI Matrice 300 RTK,M300 RTK,1ZN7L4R0H1D00F,1W9DL31001461C,1ZMLH8300204F0,1Z6PH74DAP0QN7,DJI Pilot,Android,7.0.2,1EF72A62-B7C3-C88D-164E-CE6F8C8424AE,1ZN7L4R0H1D00F,1W9DL31001461C,,1ZMLH8300204F0,1W9DL31001461C,,,,,
2023-11-01,11:32:27.54 AM,8m 5.2s,485.2,33.7977932993008,-117.4759734419837,48.5,137.7,15.4,1312,4076.0,7.109106,7.569323,-6.934514,2.23694,-1.565858,1.342164,0.447388,0.894776,-2.5,0.2,2.5,-166.3,193.7,192.1,Tripod,Other,,21,5,True,,True,False,,Smart,RC,False,True,False,,,True,,False,False,False,False,False,False,False,False,False,False,0,Follow Yaw,-77.9,0,-174.4,185.6,False,False,False,False,False,,0,0,False,False,No Card,100,100,1024,1402,703,1024,2,False,False,False,False,False,0,False,False,False,False,74,,46.788,,7431,,10044,,46.788,,True,3.898,3.898,3.898,3.898,3.898,3.898,3.898,3.898,3.898,3.898,3.898,3.898,0,,False,False,True,,,,,,,,,,,,,,,False,False,18.88,,100.7,,75.7,,100.7,,1420,107,5,22,7,142314.1,18975.21,,Idle,,20,,10,,,20,Go Home,False,False,False,False,False,False,False,False,False,False,False,False,33.8027920380556,-117.4659261431046,3550.0,3550.0,1049.4,396.9,True,1,1,False,False,False,False,,True,False,False,Course Lock,196.8,67,16.4,93,NE,SW,2.46,11.4,Calm,False,False,Android,7.0.2,M300 RTK,1ZN7L4R0H1D00F,1W9DL31001461C,1ZMLH8300204F0,1Z6PH74DAP0QN7,"Corona, CA",728.3,5.7,137.7,8.547347,2.013246,0,0,DJI Matrice 300 RTK,M300 RTK,1ZN7L4R0H1D00F,1W9DL31001461C,1ZMLH8300204F0,1Z6PH74DAP0QN7,DJI Pilot,Android,7.0.2,1EF72A62-B7C3-C88D-164E-CE6F8C8424AE,1ZN7L4R0H1D00F,1W9DL31001461C,,1ZMLH8300204F0,1W9DL31001461C,,,,,
2023-11-01,11:32:27.64 AM,8m 5.3s,485.3,33.7977902137027,-117.4759742164236,48.5,137.7,15.4,1312,4077.2,7.109106,7.569323,-6.934514,2.23694,-1.565858,1.342164,0.447388,0.894776,-2.4,0.2,2.4,-166.3,193.7,191.7,Tripod,Other,,21,5,True,,True,False,,Smart,RC,False,True,False,,,True,,False,False,False,False,False,False,False,False,False,False,0,Follow Yaw,-77.9,0,-174.4,185.6,False,False,False,False,False,,0,0,False,False,No Card,100,100,1024,1402,675,947,2,False,False,False,False,False,0,False,False,False,False,74,,46.788,,7431,,10044,,46.788,,True,3.896,3.896,3.896,3.896,3.896,3.896,3.896,3.896,3.896,3.896,3.896,3.896,0,,False,False,True,,,,,,,,,,,,,,,False,False,18.88,,100.7,,75.7,,100.7,,1419,107,4,22,7,142431.3,18990.84,,Idle,,20,,10,,,20,Go Home,False,False,False,False,False,False,False,False,False,False,False,False,33.8027920380556,-117.4659261431046,3550.8,3550.8,1049.4,396.9,True,1,1,False,False,False,False,,True,False,False,Course Lock,196.8,67,16.4,93,NE,SW,2.46,11.4,Calm,False,False,Android,7.0.2,M300 RTK,1ZN7L4R0H1D00F,1W9DL31001461C,1ZMLH8300204F0,1Z6PH74DAP0QN7,"Corona, CA",728.3,5.7,137.7,8.547347,2.013246,0,0,DJI Matrice 300 RTK,M300 RTK,1ZN7L4R0H1D00F,1W9DL31001461C,1ZMLH8300204F0,1Z6PH74DAP0QN7,DJI Pilot,Android,7.0.2,1EF72A62-B7C3-C88D-164E-CE6F8C8424AE,1ZN7L4R0H1D00F,1W9DL31001461C,,1ZMLH8300204F0,1W9DL31001461C,,,,,
2023-11-01,11:32:27.74 AM,8m 5.4s,485.4,33.7977874529478,-117.4759749425384,48.2,137.7,15.4,1312,4078.2,7.109106,7.569323,-6.934514,2.23694,-1.565858,1.342164,0.447388,0.894776,-2.3,0.2,2.3,-166.3,193.7,192.3,Tripod,Other,,22,5,True,,True,False,,Smart,RC,False,True,False,,,True,,False,False,False,False,False,False,False,False,False,False,0,Follow Yaw,-77.9,0,-174.5,185.5,False,False,False,False,False,,0,0,False,False,No Card,100,100,1024,1402,697,895,2,False,False,False,False,False,0,False,False,False,False,74,,46.788,,7431,,10044,,46.788,,True,3.896,3.896,3.896,3.896,3.896,3.896,3.896,3.896,3.896,3.896,3.896,3.896,0,,False,False,True,,,,,,,,,,,,,,,False,False,18.88,,100.7,,75.7,,100.7,,1419,107,4,22,7,142431.3,18990.84,,Idle,,20,,10,,,20,Go Home,False,False,False,False,False,False,False,False,False,False,False,False,33.8027920380556,-117.4659261431046,3551.5,3551.5,1049.4,396.9,True,1,1,False,False,False,False,,True,False,False,Course Lock,196.8,67,16.4,93,NE,SW,2.46,11.4,Calm,False,False,Android,7.0.2,M300 RTK,1ZN7L4R0H1D00F,1W9DL31001461C,1ZMLH8300204F0,1Z6PH74DAP0QN7,"Corona, CA",728.3,5.7,137.7,8.547347,2.013246,0,0,DJI Matrice 300 RTK,M300 RTK,1ZN7L4R0H1D00F,1W9DL31001461C,1ZMLH8300204F0,1Z6PH74DAP0QN7,DJI Pilot,Android,7.0.2,1EF72A62-B7C3-C88D-164E-CE6F8C8424AE,1ZN7L4R0H1D00F,1W9DL31001461C,,1ZMLH8300204F0,1W9DL31001461C,,,,,
2023-11-01,11:32:27.84 AM,8m 5.5s,485.5,33.7977845290859,-117.4759758996409,48.2,137.7,15.4,1312,4079.3,7.109106,7.569323,-6.934514,2.23694,-1.565858,1.342164,0.671082,0.894776,-2.3,-0.1,2.3,-166.3,193.7,195.2,Tripod,Other,,22,5,True,,True,False,,Smart,RC,False,True,False,,,True,,False,False,False,False,False,False,False,False,False,False,0,Follow Yaw,-77.9,0,-174.7,185.3,False,False,False,False,False,,0,0,False,False,No Card,100,100,1024,1402,763,975,2,False,False,False,False,False,0,False,False,False,False,74,,46.788,,7431,,10044,,46.788,,True,3.896,3.896,3.896,3.896,3.896,3.896,3.896,3.896,3.896,3.896,3.896,3.896,0,,False,False,True,,,,,,,,,,,,,,,False,False,18.88,,100.7,,75.7,,100.7,,1419,107,4,22,7,142431.3,18990.84,,Idle,,20,,10,,,20,Go Home,False,False,False,False,False,False,False,False,False,False,False,False,33.8027920380556,-117.4659261431046,3552.3,3552.3,1049.4,396.9,True,1,1,False,False,False,False,,True,False,False,Course Lock,196.8,67,16.4,93,NE,SW,2.46,11.4,Calm,False,False,Android,7.0.2,M300 RTK,1ZN7L4R0H1D00F,1W9DL31001461C,1ZMLH8300204F0,1Z6PH74DAP0QN7,"Corona, CA",728.3,5.7,137.7,8.547347,2.013246,0,0,DJI Matrice 300 RTK,M300 RTK,1ZN7L4R0H1D00F,1W9DL31001461C,1ZMLH8300204F0,1Z6PH74DAP0QN7,DJI Pilot,Android,7.0.2,1EF72A62-B7C3-C88D-164E-CE6F8C8424AE,1ZN7L4R0H1D00F,1W9DL31001461C,,1ZMLH8300204F0,1W9DL31001461C,,,,,
2023-11-01,11:32:27.94 AM,8m 5.6s,485.6,33.7977817697016,-117.4759766377957,48.2,137.7,15.4,1312,4080.3,7.109106,7.569323,-6.934514,2.23694,-1.565858,1.342164,0.671082,0.894776,-2.2,-0.6,2.2,-166.3,193.7,192.5,Tripod,Other,,22,5,True,,True,False,,Smart,RC,False,True,False,,,True,,False,False,False,False,False,False,False,False,False,False,0,Follow Yaw,-77.9,0,-174.9,185.1,False,False,False,False,False,,0,0,False,False,No Card,100,100,1024,1402,761,981,2,False,False,False,False,False,0,False,False,False,False,74,,46.788,,7431,,10044,,46.788,,True,3.896,3.896,3.896,3.896,3.896,3.896,3.896,3.896,3.896,3.896,3.896,3.896,0,,False,False,True,,,,,,,,,,,,,,,False,False,18.88,,100.7,,75.7,,100.7,,1419,107,4,22,7,142431.3,18990.84,,Idle,,20,,10,,,20,Go Home,False,False,False,False,False,False,False,False,False,False,False,False,33.8027920380556,-117.4659261431046,3553.0,3553.0,1049.4,396.9,True,1,1,False,False,False,False,,True,False,False,Course Lock,196.8,67,16.4,93,NE,SW,2.46,11.4,Calm,False,False,Android,7.0.2,M300 RTK,1ZN7L4R0H1D00F,1W9DL31001461C,1ZMLH8300204F0,1Z6PH74DAP0QN7,"Corona, CA",728.3,5.7,137.7,8.547347,2.013246,0,0,DJI Matrice 300 RTK,M300 RTK,1ZN7L4R0H1D00F,1W9DL31001461C,1ZMLH8300204F0,1Z6PH74DAP0QN7,DJI Pilot,Android,7.0.2,1EF72A62-B7C3-C88D-164E-CE6F8C8424AE,1ZN7L4R0H1D00F,1W9DL31001461C,,1ZMLH8300204F0,1W9DL31001461C,,,,,
2023-11-01,11:32:28.01 AM,8m 5.7s,485.7,33.7977788189751,-117.4759773642403,47.9,137.7,15.0,1312,4081.4,7.109106,7.569323,-6.934514,2.23694,-1.565858,1.342164,0.671082,0.894776,-2.1,-0.6,2.1,-166.3,193.7,191.5,Tripod,Other,,22,5,True,,True,False,,Smart,RC,False,True,False,,,True,,False,False,False,False,False,False,False,False,False,False,0,Follow Yaw,-77.9,0,-175,185,False,False,False,False,False,,0,0,False,False,No Card,100,100,1024,1402,765,949,2,False,False,False,False,False,0,False,False,False,False,74,,46.74,,3689,,4986,,46.74,,True,3.896,3.896,3.896,3.896,3.896,3.896,3.896,3.896,3.896,3.896,3.896,3.896,0,,False,False,True,,,,,,,,,,,,,,,False,False,9.426,,100.5,,75.7,,100.7,,1419,107,4,22,7,142431.3,18990.84,,Idle,,20,,10,,,20,Go Home,False,False,False,False,False,False,False,False,False,False,False,False,33.8027920380556,-117.4659261431046,3553.7,3553.7,1049.4,396.9,True,1,1,False,False,False,False,,True,False,False,Course Lock,196.8,67,16.4,93,NE,SW,2.46,11.4,Calm,False,False,Android,7.0.2,M300 RTK,1ZN7L4R0H1D00F,1W9DL31001461C,1ZMLH8300204F0,1Z6PH74DAP0QN7,"Corona, CA",728.3,5.7,137.7,8.547347,2.013246,0,0,DJI Matrice 300 RTK,M300 RTK,1ZN7L4R0H1D00F,1W9DL31001461C,1ZMLH8300204F0,1Z6PH74DAP0QN7,DJI Pilot,Android,7.0.2,1EF72A62-B7C3-C88D-164E-CE6F8C8424AE,1ZN7L4R0H1D00F,1W9DL31001461C,,1ZMLH8300204F0,1W9DL31001461C,,,,,
2023-11-01,11:32:28.11 AM,8m 5.8s,485.8,33.7977758984028,-117.4759781298564,47.9,137.7,15.0,1312,4082.5,7.109106,7.569323,-6.934514,2.23694,-1.565858,1.342164,0.671082,0.894776,-1.9,-0.2,1.9,-166.4,193.6,192.2,Tripod,Other,,21,5,True,,True,False,,Smart,RC,False,True,False,,,True,,False,False,False,False,False,False,False,False,False,False,0,Follow Yaw,-77.9,0,-175.1,184.9,False,False,False,False,False,,0,0,False,False,No Card,100,100,1024,1401,764,945,2,False,False,False,False,False,0,False,False,False,False,74,,46.74,,3689,,4986,,46.74,,True,3.896,3.896,3.896,3.896,3.896,3.896,3.896,3.896,3.896,3.896,3.896,3.896,0,,False,False,True,,,,,,,,,,,,,,,False,False,9.426,,100.5,,75.7,,100.7,,1419,107,4,22,7,142431.3,18990.84,,Idle,,20,,10,,,20,Go Home,False,False,False,False,False,False,False,False,False,False,False,False,33.8027920380556,-117.4659261431046,3554.5,3554.5,1049.4,396.9,True,1,1,False,False,False,False,,True,False,False,Course Lock,196.8,67,16.4,93,NE,SW,2.46,11.4,Calm,False,False,Android,7.0.2,M300 RTK,1ZN7L4R0H1D00F,1W9DL31001461C,1ZMLH8300204F0,1Z6PH74DAP0QN7,"Corona, CA",728.3,5.7,137.7,8.547347,2.013246,0,0,DJI Matrice 300 RTK,M300 RTK,1ZN7L4R0H1D00F,1W9DL31001461C,1ZMLH8300204F0,1Z6PH74DAP0QN7,DJI Pilot,Android,7.0.2,1EF72A62-B7C3-C88D-164E-CE6F8C8424AE,1ZN7L4R0H1D00F,1W9DL31001461C,,1ZMLH8300204F0,1W9DL31001461C,,,,,
2023-11-01,11:32:28.22 AM,8m 5.9s,485.9,33.7977728358316,-117.475978869578,47.9,137.7,15.0,1312,4083.7,7.109106,7.569323,-6.934514,2.23694,-1.565858,1.342164,0.447388,0.894776,-2.1,0,2.1,-166.5,193.5,191.3,Tripod,Other,,21,5,True,,True,False,,Smart,RC,False,True,False,,,True,,False,False,False,False,False,False,False,False,False,False,0,Follow Yaw,-77.9,0,-175.2,184.8,False,False,False,False,False,,0,0,False,False,No Card,100,100,1024,1400,760,915,2,False,False,False,False,False,0,False,False,False,False,74,,46.74,,3689,,4986,,46.74,,True,3.896,3.896,3.896,3.896,3.896,3.896,3.896,3.896,3.896,3.896,3.896,3.896,0,,False,False,True,,,,,,,,,,,,,,,False,False,9.426,,100.5,,75.7,,100.7,,1419,107,4,22,7,142431.3,18990.84,,Idle,,20,,10,,,20,Go Home,False,False,False,False,False,False,False,False,False,False,False,False,33.8027920380556,-117.4659261431046,3555.2,3555.2,1049.4,396.9,True,1,1,False,False,False,False,,True,False,False,Course Lock,196.8,67,16.4,93,NE,SW,2.46,11.4,Calm,False,False,Android,7.0.2,M300 RTK,1ZN7L4R0H1D00F,1W9DL31001461C,1ZMLH8300204F0,1Z6PH74DAP0QN7,"Corona, CA",728.3,5.7,137.7,8.547347,2.013246,0,0,DJI Matrice 300 RTK,M300 RTK,1ZN7L4R0H1D00F,1W9DL31001461C,1ZMLH8300204F0,1Z6PH74DAP0QN7,DJI Pilot,Android,7.0.2,1EF72A62-B7C3-C88D-164E-CE6F8C8424AE,1ZN7L4R0H1D00F,1W9DL31001461C,,1ZMLH8300204F0,1W9DL31001461C,,,,,
2023-11-01,11:32:28.33 AM,8m 6.0s,486.0,33.7977700649338,-117.4759796097945,47.5,137.7,15.0,1311,4084.7,7.109106,7.569323,-6.934514,2.23694,-1.565858,1.342164,0.447388,0.894776,-2.2,-0.3,2.2,-166.7,193.3,192.5,Tripod,Other,,21,5,True,,True,False,,Smart,RC,False,True,False,,,True,,False,False,False,False,False,False,False,False,False,False,0,Follow Yaw,-77.9,0,-175.4,184.6,False,False,False,False,False,,0,0,False,False,No Card,100,100,1024,1399,742,862,2,False,False,False,False,False,0,False,False,False,False,74,,46.776,,7431,,10044,,46.776,,True,3.896,3.896,3.896,3.896,3.896,3.896,3.896,3.896,3.896,3.896,3.896,3.896,0,,False,False,True,,,,,,,,,,,,,,,False,False,18.76,,100.7,,75.7,,100.7,,1419,107,4,22,7,142431.3,18990.84,,Idle,,20,,10,,,20,Go Home,False,False,False,False,False,False,False,False,False,False,False,False,33.8027920380556,-117.4659261431046,3556.0,3556.0,1049.4,396.9,True,1,1,False,False,False,False,,True,False,False,Course Lock,196.8,67,16.4,93,NE,SW,2.46,11.4,Calm,False,False,Android,7.0.2,M300 RTK,1ZN7L4R0H1D00F,1W9DL31001461C,1ZMLH8300204F0,1Z6PH74DAP0QN7,"Corona, CA",728.3,5.7,137.7,8.547347,2.013246,0,0,DJI Matrice 300 RTK,M300 RTK,1ZN7L4R0H1D00F,1W9DL31001461C,1ZMLH8300204F0,1Z6PH74DAP0QN7,DJI Pilot,Android,7.0.2,1EF72A62-B7C3-C88D-164E-CE6F8C8424AE,1ZN7L4R0H1D00F,1W9DL31001461C,,1ZMLH8300204F0,1W9DL31001461C,,,,,
2023-11-01,11:32:28.43 AM,8m 6.1s,486.1,33.7977671799983,-117.475980501089,47.5,137.7,15.0,1311,4085.8,7.109106,7.569323,-6.934514,2.23694,-1.565858,1.342164,0.447388,0.894776,-2.3,-0.9,2.4,-166.9,193.1,194.3,Tripod,Other,,21,5,True,,True,False,,Smart,RC,False,True,False,,,True,,False,False,False,False,False,False,False,False,False,False,0,Follow Yaw,-77.9,0,-175.7,184.3,False,False,False,False,False,,0,0,False,False,No Card,100,100,1024,1399,742,862,2,False,False,False,False,False,0,False,False,False,False,74,,46.776,,7431,,10044,,46.776,,True,3.896,3.896,3.896,3.896,3.896,3.896,3.896,3.896,3.896,3.896,3.896,3.896,0,,False,False,True,,,,,,,,,,,,,,,False,False,18.76,,100.7,,75.7,,100.7,,1419,107,4,22,7,142431.3,18990.84,,Idle,,20,,10,,,20,Go Home,False,False,False,False,False,False,False,False,False,False,False,False,33.8027920380556,-117.4659261431046,3556.7,3556.7,1049.4,396.9,True,1,1,False,False,False,False,,True,False,False,Course Lock,196.8,67,16.4,93,NE,SW,2.46,11.4,Calm,False,False,Android,7.0.2,M300 RTK,1ZN7L4R0H1D00F,1W9DL31001461C,1ZMLH8300204F0,1Z6PH74DAP0QN7,"Corona, CA",728.3,5.7,137.7,8.547347,2.013246,0,0,DJI Matrice 300 RTK,M300 RTK,1ZN7L4R0H1D00F,1W9DL31001461C,1ZMLH8300204F0,1Z6PH74DAP0QN7,DJI Pilot,Android,7.0.2,1EF72A62-B7C3-C88D-164E-CE6F8C8424AE,1ZN7L4R0H1D00F,1W9DL31001461C,,1ZMLH8300204F0,1W9DL31001461C,,,,,
2023-11-01,11:32:28.53 AM,8m 6.2s,486.2,33.7977641089291,-117.47598132773,47.5,137.7,15.0,1311,4086.9,7.109106,7.569323,-6.934514,2.23694,-1.565858,1.342164,0.447388,0.894776,-2.4,-1.8,3,-167.2,192.8,192.6,Tripod,Other,,21,5,True,,True,False,,Smart,RC,False,True,False,,,True,,False,False,False,False,False,False,False,False,False,False,0,Follow Yaw,-77.9,0,-176,184,False,False,False,False,False,,0,0,False,False,No Card,100,100,1024,1401,780,887,2,False,False,False,False,False,0,False,False,False,False,74,,46.776,,7431,,10044,,46.776,,True,3.896,3.896,3.896,3.896,3.896,3.896,3.896,3.896,3.896,3.896,3.896,3.896,0,,False,False,True,,,,,,,,,,,,,,,False,False,18.76,,100.7,,75.7,,100.7,,1419,107,4,22,7,142431.3,18990.84,,Idle,,20,,10,,,20,Go Home,False,False,False,False,False,False,False,False,False,False,False,False,33.8027920380556,-117.4659261431046,3557.5,3557.5,1049.4,396.9,True,1,1,False,False,False,False,,True,False,False,Course Lock,196.8,67,16.4,93,NE,SW,2.46,11.4,Calm,False,False,Android,7.0.2,M300 RTK,1ZN7L4R0H1D00F,1W9DL31001461C,1ZMLH8300204F0,1Z6PH74DAP0QN7,"Corona, CA",728.3,5.7,137.7,8.547347,2.013246,0,0,DJI Matrice 300 RTK,M300 RTK,1ZN7L4R0H1D00F,1W9DL31001461C,1ZMLH8300204F0,1Z6PH74DAP0QN7,DJI Pilot,Android,7.0.2,1EF72A62-B7C3-C88D-164E-CE6F8C8424AE,1ZN7L4R0H1D00F,1W9DL31001461C,,1ZMLH8300204F0,1W9DL31001461C,,,,,
2023-11-01,11:32:28.64 AM,8m 6.3s,486.3,33.7977612264608,-117.4759819734402,47.5,137.7,14.7,1311,4088.0,7.109106,7.569323,-6.934514,2.23694,-1.565858,1.342164,0.447388,0.894776,-2.4,-2.2,3.2,-167.4,192.6,190.5,Tripod,Other,,21,5,True,,True,False,,Smart,RC,False,True,False,,,True,,False,False,False,False,False,False,False,False,False,False,0,Follow Yaw,-77.9,0,-176.3,183.7,False,False,False,False,False,,0,0,False,False,No Card,100,100,1024,1401,773,887,2,False,False,False,False,False,0,False,False,False,False,74,,46.776,,7431,,10044,,46.776,,True,3.899,3.899,3.899,3.899,3.899,3.899,3.899,3.899,3.899,3.899,3.899,3.899,0,,False,False,True,,,,,,,,,,,,,,,False,False,18.76,,100.7,,75.7,,100.7,,1417,107,4,22,7,142443.3,18992.44,,Idle,,20,,10,,,20,Go Home,False,False,False,False,False,False,False,False,False,False,False,False,33.8027920380556,-117.4659261431046,3558.2,3558.2,1049.4,396.9,True,1,1,False,False,False,False,,True,False,False,Course Lock,196.8,67,16.4,93,NE,SW,2.46,11.4,Calm,False,False,Android,7.0.2,M300 RTK,1ZN7L4R0H1D00F,1W9DL31001461C,1ZMLH8300204F0,1Z6PH74DAP0QN7,"Corona, CA",728.3,5.7,137.7,8.547347,2.013246,0,0,DJI Matrice 300 RTK,M300 RTK,1ZN7L4R0H1D00F,1W9DL31001461C,1ZMLH8300204F0,1Z6PH74DAP0QN7,DJI Pilot,Android,7.0.2,1EF72A62-B7C3-C88D-164E-CE6F8C8424AE,1ZN7L4R0H1D00F,1W9DL31001461C,,1ZMLH8300204F0,1W9DL31001461C,,,,,
2023-11-01,11:32:28.74 AM,8m 6.4s,486.4,33.7977582779273,-117.4759827038432,47.2,137.7,14.7,1311,4089.1,7.327472,7.569323,-7.158208,2.23694,-1.565858,1.342164,0.447388,0.894776,-2.4,-2.2,3.2,-167.7,192.3,191.6,Tripod,Other,,21,5,True,,True,False,,Smart,RC,False,True,False,,,True,,False,False,False,False,False,False,False,False,False,False,0,Follow Yaw,-77.9,0,-176.5,183.5,False,False,False,False,False,,0,0,False,False,No Card,100,100,1024,1401,773,887,2,False,False,False,False,False,0,False,False,False,False,74,,46.776,,7431,,10044,,46.776,,True,3.899,3.899,3.899,3.899,3.899,3.899,3.899,3.899,3.899,3.899,3.899,3.899,0,,False,False,True,,,,,,,,,,,,,,,False,False,18.76,,100.7,,75.7,,100.7,,1417,107,4,22,7,142443.3,18992.44,,Idle,,20,,10,,,20,Go Home,False,False,False,False,False,False,False,False,False,False,False,False,33.8027920380556,-117.4659261431046,3559.0,3559.0,1049.4,396.9,True,1,1,False,False,False,False,,True,False,False,Course Lock,196.8,67,16.4,93,NE,SW,2.46,11.4,Calm,False,False,Android,7.0.2,M300 RTK,1ZN7L4R0H1D00F,1W9DL31001461C,1ZMLH8300204F0,1Z6PH74DAP0QN7,"Corona, CA",728.3,5.7,137.7,8.547347,2.013246,0,0,DJI Matrice 300 RTK,M300 RTK,1ZN7L4R0H1D00F,1W9DL31001461C,1ZMLH8300204F0,1Z6PH74DAP0QN7,DJI Pilot,Android,7.0.2,1EF72A62-B7C3-C88D-164E-CE6F8C8424AE,1ZN7L4R0H1D00F,1W9DL31001461C,,1ZMLH8300204F0,1W9DL31001461C,,,,,
2023-11-01,11:32:28.84 AM,8m 6.5s,486.5,33.7977552537342,-117.4759834188249,47.2,137.7,14.7,1311,4090.2,7.282948,7.569323,-7.158208,2.23694,-1.342164,1.342164,0.447388,0.894776,-2.3,-1.8,2.9,-167.9,192.1,191.1,Tripod,Other,,21,5,True,,True,False,,Smart,RC,False,True,False,,,True,,False,False,False,False,False,False,False,False,False,False,0,Follow Yaw,-77.9,0,-176.8,183.2,False,False,False,False,False,,0,0,False,False,No Card,100,100,1024,1400,754,853,2,False,False,False,False,False,0,False,False,False,False,74,,46.776,,7431,,10044,,46.776,,True,3.899,3.899,3.899,3.899,3.899,3.899,3.899,3.899,3.899,3.899,3.899,3.899,0,,False,False,True,,,,,,,,,,,,,,,False,False,18.76,,100.7,,75.7,,100.7,,1417,107,4,22,7,142443.3,18992.44,,Idle,,20,,10,,,20,Go Home,False,False,False,False,False,False,False,False,False,False,False,False,33.8027920380556,-117.4659261431046,3559.7,3559.7,1049.4,396.9,True,1,1,False,False,False,False,,True,False,False,Course Lock,196.8,67,16.4,93,NE,SW,2.46,11.4,Calm,False,False,Android,7.0.2,M300 RTK,1ZN7L4R0H1D00F,1W9DL31001461C,1ZMLH8300204F0,1Z6PH74DAP0QN7,"Corona, CA",728.3,5.7,137.7,8.547347,2.013246,0,0,DJI Matrice 300 RTK,M300 RTK,1ZN7L4R0H1D00F,1W9DL31001461C,1ZMLH8300204F0,1Z6PH74DAP0QN7,DJI Pilot,Android,7.0.2,1EF72A62-B7C3-C88D-164E-CE6F8C8424AE,1ZN7L4R0H1D00F,1W9DL31001461C,,1ZMLH8300204F0,1W9DL31001461C,,,,,
2023-11-01,11:32:28.94 AM,8m 6.6s,486.6,33.7977521300322,-117.4759841293535,47.2,137.7,14.7,1311,4091.4,7.282948,7.569323,-7.158208,2.23694,-1.342164,1.342164,0.447388,0.894776,-2.2,-1.4,2.6,-168.3,191.7,190.7,Tripod,Other,,21,5,True,,True,False,,Smart,RC,False,True,False,,,True,,False,False,False,False,False,False,False,False,False,False,0,Follow Yaw,-77.9,0,-177.1,182.9,False,False,False,False,False,,0,0,False,False,No Card,100,100,1024,1401,754,827,2,False,False,False,False,False,0,False,False,False,False,74,,46.776,,7431,,10044,,46.776,,True,3.899,3.899,3.899,3.899,3.899,3.899,3.899,3.899,3.899,3.899,3.899,3.899,0,,False,False,True,,,,,,,,,,,,,,,False,False,18.76,,100.7,,75.7,,100.7,,1417,107,4,22,7,142443.3,18992.44,,Idle,,20,,10,,,20,Go Home,False,False,False,False,False,False,False,False,False,False,False,False,33.8027920380556,-117.4659261431046,3560.5,3560.5,1049.4,396.9,True,1,1,False,False,False,False,,True,False,False,Course Lock,196.8,67,16.4,93,NE,SW,2.46,11.4,Calm,False,False,Android,7.0.2,M300 RTK,1ZN7L4R0H1D00F,1W9DL31001461C,1ZMLH8300204F0,1Z6PH74DAP0QN7,"Corona, CA",728.3,5.7,137.7,8.547347,2.013246,0,0,DJI Matrice 300 RTK,M300 RTK,1ZN7L4R0H1D00F,1W9DL31001461C,1ZMLH8300204F0,1Z6PH74DAP0QN7,DJI Pilot,Android,7.0.2,1EF72A62-B7C3-C88D-164E-CE6F8C8424AE,1ZN7L4R0H1D00F,1W9DL31001461C,,1ZMLH8300204F0,1W9DL31001461C,,,,,
2023-11-01,11:32:29.04 AM,8m 6.7s,486.7,33.7977491538117,-117.4759848094521,47.2,137.7,14.7,1311,4092.5,7.282948,7.569323,-7.158208,2.23694,-1.342164,1.342164,0.447388,0.894776,-2.1,-1.5,2.5,-168.5,191.5,190.7,Tripod,Other,,21,5,True,,True,False,,Smart,RC,False,True,False,,,True,,False,False,False,False,False,False,False,False,False,False,0,Follow Yaw,-77.9,0,-177.5,182.5,False,False,False,False,False,,0,0,False,False,No Card,100,100,1024,1402,756,827,2,False,False,False,False,False,0,False,False,False,False,74,,46.776,,7431,,10044,,46.776,,True,3.899,3.899,3.899,3.899,3.899,3.899,3.899,3.899,3.899,3.899,3.899,3.899,0,,False,False,True,,,,,,,,,,,,,,,False,False,18.76,,100.7,,75.7,,100.7,,1417,107,4,22,7,142443.3,18992.44,,Idle,,20,,10,,,20,Go Home,False,False,False,False,False,False,False,False,False,False,False,False,33.8027920380556,-117.4659261431046,3561.2,3561.2,1049.4,396.9,True,1,1,False,False,False,False,,True,False,False,Course Lock,196.8,67,16.4,93,NE,SW,2.46,11.4,Calm,False,False,Android,7.0.2,M300 RTK,1ZN7L4R0H1D00F,1W9DL31001461C,1ZMLH8300204F0,1Z6PH74DAP0QN7,"Corona, CA",728.3,5.7,137.7,8.547347,2.013246,0,0,DJI Matrice 300 RTK,M300 RTK,1ZN7L4R0H1D00F,1W9DL31001461C,1ZMLH8300204F0,1Z6PH74DAP0QN7,DJI Pilot,Android,7.0.2,1EF72A62-B7C3-C88D-164E-CE6F8C8424AE,1ZN7L4R0H1D00F,1W9DL31001461C,,1ZMLH8300204F0,1W9DL31001461C,,,,,
2023-11-01,11:32:29.15 AM,8m 6.8s,486.8,33.7977463165746,-117.4759854192071,46.9,137.7,14.4,1311,4093.6,7.282948,7.569323,-7.158208,2.23694,-1.342164,1.342164,0.447388,0.894776,-1.9,-1.9,2.6,-168.9,191.1,190.1,Tripod,Other,,21,5,True,,True,False,,Smart,RC,False,True,False,,,True,,False,False,False,False,False,False,False,False,False,False,0,Follow Yaw,-77.9,0,-178,182,False,False,False,False,False,,0,0,False,False,No Card,100,100,1024,1401,764,826,2,False,False,False,False,False,0,False,False,False,False,74,,46.776,,7431,,10044,,46.776,,True,3.899,3.899,3.899,3.899,3.899,3.899,3.899,3.899,3.899,3.899,3.899,3.899,0,,False,False,True,,,,,,,,,,,,,,,False,False,18.76,,100.7,,75.7,,100.7,,1417,107,4,22,7,142443.3,18992.44,,Idle,,20,,10,,,20,Go Home,False,False,False,False,False,False,False,False,False,False,False,False,33.8027920380556,-117.4659261431046,3561.9,3561.9,1049.4,396.9,True,1,1,False,False,False,False,,True,False,False,Course Lock,196.8,67,16.4,93,NE,SW,2.46,11.4,Calm,False,False,Android,7.0.2,M300 RTK,1ZN7L4R0H1D00F,1W9DL31001461C,1ZMLH8300204F0,1Z6PH74DAP0QN7,"Corona, CA",728.3,5.7,137.7,8.547347,2.013246,0,0,DJI Matrice 300 RTK,M300 RTK,1ZN7L4R0H1D00F,1W9DL31001461C,1ZMLH8300204F0,1Z6PH74DAP0QN7,DJI Pilot,Android,7.0.2,1EF72A62-B7C3-C88D-164E-CE6F8C8424AE,1ZN7L4R0H1D00F,1W9DL31001461C,,1ZMLH8300204F0,1W9DL31001461C,,,,,
2023-11-01,11:32:29.25 AM,8m 6.9s,486.9,33.7977432356368,-117.4759862527752,46.9,137.7,14.4,1311,4094.7,7.245061,7.569323,-7.158208,2.23694,-1.11847,1.342164,0.447388,0.894776,-1.9,-2.2,2.9,-169.4,190.6,192.6,Tripod,Other,,21,5,True,,True,False,,Smart,RC,False,True,False,,,True,,False,False,False,False,False,False,False,False,False,False,0,Follow Yaw,-77.9,0,-178.4,181.6,False,False,False,False,False,,0,0,False,False,No Card,100,100,1024,1401,773,824,2,False,False,False,False,False,0,False,False,False,False,74,,46.74,,3689,,4986,,46.74,,True,3.899,3.899,3.899,3.899,3.899,3.899,3.899,3.899,3.899,3.899,3.899,3.899,0,,False,False,True,,,,,,,,,,,,,,,False,False,9.334,,100.5,,75.7,,100.7,,1417,107,4,22,7,142443.3,18992.44,,Idle,,20,,10,,,20,Go Home,False,False,False,False,False,False,False,False,False,False,False,False,33.8027920380556,-117.4659261431046,3562.7,3562.7,1049.4,396.9,True,1,1,False,False,False,False,,True,False,False,Course Lock,196.8,67,16.4,93,NE,SW,2.46,11.4,Calm,False,False,Android,7.0.2,M300 RTK,1ZN7L4R0H1D00F,1W9DL31001461C,1ZMLH8300204F0,1Z6PH74DAP0QN7,"Corona, CA",728.3,5.7,137.7,8.547347,2.013246,0,0,DJI Matrice 300 RTK,M300 RTK,1ZN7L4R0H1D00F,1W9DL31001461C,1ZMLH8300204F0,1Z6PH74DAP0QN7,DJI Pilot,Android,7.0.2,1EF72A62-B7C3-C88D-164E-CE6F8C8424AE,1ZN7L4R0H1D00F,1W9DL31001461C,,1ZMLH8300204F0,1W9DL31001461C,,,,,
2023-11-01,11:32:29.35 AM,8m 7.0s,487.0,33.7977403940137,-117.4759868171737,46.9,137.7,14.4,1311,4095.8,7.245061,7.569323,-7.158208,2.23694,-1.11847,1.342164,0.447388,0.894776,-1.9,-2.3,2.9,-169.8,190.2,189.3,Tripod,Other,,21,5,True,,True,False,,Smart,RC,False,True,False,,,True,,False,False,False,False,False,False,False,False,False,False,0,Follow Yaw,-77.9,0,-178.9,181.1,False,False,False,False,False,,0,0,False,False,No Card,100,100,1024,1402,778,837,2,False,False,False,False,False,0,False,False,False,False,74,,46.776,,7431,,10044,,46.776,,True,3.899,3.899,3.899,3.899,3.899,3.899,3.899,3.899,3.899,3.899,3.899,3.899,0,,False,False,True,,,,,,,,,,,,,,,False,False,18.668,,100.7,,75.7,,100.7,,1417,107,4,22,7,142443.3,18992.44,,Idle,,20,,10,,,20,Go Home,False,False,False,False,False,False,False,False,False,False,False,False,33.8027920380556,-117.4659261431046,3563.4,3563.4,1049.4,396.9,True,1,1,False,False,False,False,,True,False,False,Course Lock,196.8,67,16.4,93,NE,SW,2.46,11.4,Calm,False,False,Android,7.0.2,M300 RTK,1ZN7L4R0H1D00F,1W9DL31001461C,1ZMLH8300204F0,1Z6PH74DAP0QN7,"Corona, CA",728.3,5.7,137.7,8.547347,2.013246,0,0,DJI Matrice 300 RTK,M300 RTK,1ZN7L4R0H1D00F,1W9DL31001461C,1ZMLH8300204F0,1Z6PH74DAP0QN7,DJI Pilot,Android,7.0.2,1EF72A62-B7C3-C88D-164E-CE6F8C8424AE,1ZN7L4R0H1D00F,1W9DL31001461C,,1ZMLH8300204F0,1W9DL31001461C,,,,,
2023-11-01,11:32:29.46 AM,8m 7.1s,487.1,33.7977371856058,-117.4759873602135,46.9,137.7,14.4,1311,4096.9,7.245061,7.569323,-7.158208,2.23694,-1.11847,1.342164,0.447388,0.894776,-1.8,-2.3,2.9,-170.2,189.8,188.0,Tripod,Other,,21,5,True,,True,False,,Smart,RC,False,True,False,,,True,,False,False,False,False,False,False,False,False,False,False,0,Follow Yaw,-77.9,0,-179.3,180.7,False,False,False,False,False,,0,0,False,False,No Card,100,100,1024,1402,785,874,2,False,False,False,False,False,0,False,False,False,False,74,,46.776,,7431,,10044,,46.776,,True,3.899,3.899,3.899,3.899,3.899,3.899,3.899,3.899,3.899,3.899,3.899,3.899,0,,False,False,True,,,,,,,,,,,,,,,False,False,18.668,,100.7,,75.7,,100.7,,1417,107,4,22,7,142443.3,18992.44,,Idle,,20,,10,,,20,Go Home,False,False,False,False,False,False,False,False,False,False,False,False,33.8027920380556,-117.4659261431046,3564.2,3564.2,1049.4,396.9,True,1,1,False,False,False,False,,True,False,False,Course Lock,196.8,67,16.4,93,NE,SW,2.46,11.4,Calm,False,False,Android,7.0.2,M300 RTK,1ZN7L4R0H1D00F,1W9DL31001461C,1ZMLH8300204F0,1Z6PH74DAP0QN7,"Corona, CA",728.3,5.7,137.7,8.547347,2.013246,0,0,DJI Matrice 300 RTK,M300 RTK,1ZN7L4R0H1D00F,1W9DL31001461C,1ZMLH8300204F0,1Z6PH74DAP0QN7,DJI Pilot,Android,7.0.2,1EF72A62-B7C3-C88D-164E-CE6F8C8424AE,1ZN7L4R0H1D00F,1W9DL31001461C,,1ZMLH8300204F0,1W9DL31001461C,,,,,
2023-11-01,11:32:29.56 AM,8m 7.2s,487.2,33.7977341636057,-117.475987891708,46.5,137.7,14.4,1310,4098.1,7.245061,7.569323,-7.158208,2.23694,-1.11847,1.342164,0.447388,0.894776,-1.7,-2.1,2.7,-170.7,189.3,188.3,Tripod,Other,,22,5,True,,True,False,,Smart,RC,False,True,False,,,True,,False,False,False,False,False,False,False,False,False,False,0,Follow Yaw,-77.9,0,-179.7,180.3,False,False,False,False,False,,0,0,False,False,No Card,100,100,1024,1402,785,878,2,False,False,False,False,False,0,False,False,False,False,74,,46.776,,7431,,10044,,46.776,,True,3.899,3.899,3.899,3.899,3.899,3.899,3.899,3.899,3.899,3.899,3.899,3.899,0,,False,False,True,,,,,,,,,,,,,,,False,False,18.668,,100.7,,75.7,,100.7,,1417,107,4,22,7,142443.3,18992.44,,Idle,,20,,10,,,20,Go Home,False,False,False,False,False,False,False,False,False,False,False,False,33.8027920380556,-117.4659261431046,3564.9,3564.9,1049.4,396.9,True,1,1,False,False,False,False,,True,False,False,Course Lock,196.8,67,16.4,93,NE,SW,2.46,11.4,Calm,False,False,Android,7.0.2,M300 RTK,1ZN7L4R0H1D00F,1W9DL31001461C,1ZMLH8300204F0,1Z6PH74DAP0QN7,"Corona, CA",728.3,5.7,137.7,8.547347,2.013246,0,0,DJI Matrice 300 RTK,M300 RTK,1ZN7L4R0H1D00F,1W9DL31001461C,1ZMLH8300204F0,1Z6PH74DAP0QN7,DJI Pilot,Android,7.0.2,1EF72A62-B7C3-C88D-164E-CE6F8C8424AE,1ZN7L4R0H1D00F,1W9DL31001461C,,1ZMLH8300204F0,1W9DL31001461C,,,,,
2023-11-01,11:32:29.66 AM,8m 7.3s,487.3,33.7977311936902,-117.4759884773828,46.5,137.7,14.4,1310,4099.2,7.213914,7.569323,-7.158208,2.23694,-0.894776,1.342164,0.447388,0.894776,-1.9,-1.8,2.6,-171.1,188.9,189.3,Tripod,Other,,22,5,True,,True,False,,Smart,RC,False,True,False,,,True,,False,False,False,False,False,False,False,False,False,False,0,Follow Yaw,-77.9,0,179.9,179.9,False,False,False,False,False,,0,0,False,False,No Card,100,100,1024,1402,785,882,2,False,False,False,False,False,0,False,False,False,False,74,,46.776,,7431,,10044,,46.776,,True,3.898,3.898,3.898,3.898,3.898,3.898,3.898,3.898,3.898,3.898,3.898,3.898,0,,False,False,True,,,,,,,,,,,,,,,False,False,18.668,,100.7,,75.7,,100.7,,1416,107,4,22,7,142315.1,18975.35,,Idle,,20,,10,,,20,Go Home,False,False,False,False,False,False,False,False,False,False,False,False,33.8027920380556,-117.4659261431046,3565.6,3565.6,1049.4,396.9,True,1,1,False,False,False,False,,True,False,False,Course Lock,196.8,67,16.4,93,NE,SW,2.46,11.4,Calm,False,False,Android,7.0.2,M300 RTK,1ZN7L4R0H1D00F,1W9DL31001461C,1ZMLH8300204F0,1Z6PH74DAP0QN7,"Corona, CA",728.3,5.7,137.7,8.547347,2.013246,0,0,DJI Matrice 300 RTK,M300 RTK,1ZN7L4R0H1D00F,1W9DL31001461C,1ZMLH8300204F0,1Z6PH74DAP0QN7,DJI Pilot,Android,7.0.2,1EF72A62-B7C3-C88D-164E-CE6F8C8424AE,1ZN7L4R0H1D00F,1W9DL31001461C,,1ZMLH8300204F0,1W9DL31001461C,,,,,
2023-11-01,11:32:29.76 AM,8m 7.4s,487.4,33.7977281744314,-117.475988958573,46.5,137.7,14.1,1310,4100.3,7.213914,7.569323,-7.158208,2.23694,-0.894776,1.342164,0.447388,0.894776,-2,-1.7,2.6,-171.5,188.5,187.5,Tripod,Other,,22,5,True,,True,False,,Smart,RC,False,True,False,,,True,,False,False,False,False,False,False,False,False,False,False,0,Follow Yaw,-77.9,0,179.6,179.6,False,False,False,False,False,,0,0,False,False,No Card,100,100,1024,1401,775,963,2,False,False,False,False,False,0,False,False,False,False,74,,46.776,,7431,,10044,,46.776,,True,3.898,3.898,3.898,3.898,3.898,3.898,3.898,3.898,3.898,3.898,3.898,3.898,0,,False,False,True,,,,,,,,,,,,,,,False,False,18.668,,100.7,,75.7,,100.7,,1416,107,4,22,7,142315.1,18975.35,,Idle,,20,,10,,,20,Go Home,False,False,False,False,False,False,False,False,False,False,False,False,33.8027920380556,-117.4659261431046,3566.3,3566.3,1049.4,396.9,True,1,1,False,False,False,False,,True,False,False,Course Lock,196.8,67,16.4,93,NE,SW,2.46,11.4,Calm,False,False,Android,7.0.2,M300 RTK,1ZN7L4R0H1D00F,1W9DL31001461C,1ZMLH8300204F0,1Z6PH74DAP0QN7,"Corona, CA",728.3,5.7,137.7,8.547347,2.013246,0,0,DJI Matrice 300 RTK,M300 RTK,1ZN7L4R0H1D00F,1W9DL31001461C,1ZMLH8300204F0,1Z6PH74DAP0QN7,DJI Pilot,Android,7.0.2,1EF72A62-B7C3-C88D-164E-CE6F8C8424AE,1ZN7L4R0H1D00F,1W9DL31001461C,,1ZMLH8300204F0,1W9DL31001461C,,,,,
2023-11-01,11:32:29.87 AM,8m 7.5s,487.5,33.7977250786905,-117.4759893493802,46.5,137.7,14.1,1310,4101.4,7.213914,7.569323,-7.158208,2.23694,-0.894776,1.342164,0.447388,0.894776,-2.1,-1.6,2.6,-171.9,188.1,185.9,Tripod,Other,,22,5,True,,True,False,,Smart,RC,False,True,False,,,True,,False,False,False,False,False,False,False,False,False,False,0,Follow Yaw,-77.9,0,179.4,179.4,False,False,False,False,False,,0,0,False,False,No Card,100,100,1024,1401,755,1024,2,False,False,False,False,False,0,False,False,False,False,74,,46.776,,7431,,10044,,46.776,,True,3.898,3.898,3.898,3.898,3.898,3.898,3.898,3.898,3.898,3.898,3.898,3.898,0,,False,False,True,,,,,,,,,,,,,,,False,False,18.668,,100.7,,75.7,,100.7,,1416,107,4,22,7,142315.1,18975.35,,Idle,,20,,10,,,20,Go Home,False,False,False,False,False,False,False,False,False,False,False,False,33.8027920380556,-117.4659261431046,3567.0,3567.0,1049.4,396.9,True,1,1,False,False,False,False,,True,False,False,Course Lock,196.8,67,16.4,93,NE,SW,2.46,11.4,Calm,False,False,Android,7.0.2,M300 RTK,1ZN7L4R0H1D00F,1W9DL31001461C,1ZMLH8300204F0,1Z6PH74DAP0QN7,"Corona, CA",728.3,5.7,137.7,8.547347,2.013246,0,0,DJI Matrice 300 RTK,M300 RTK,1ZN7L4R0H1D00F,1W9DL31001461C,1ZMLH8300204F0,1Z6PH74DAP0QN7,DJI Pilot,Android,7.0.2,1EF72A62-B7C3-C88D-164E-CE6F8C8424AE,1ZN7L4R0H1D00F,1W9DL31001461C,,1ZMLH8300204F0,1W9DL31001461C,,,,,
2023-11-01,11:32:29.97 AM,8m 7.6s,487.6,33.7977218998885,-117.4759897904093,46.2,137.7,14.1,1310,4102.6,7.189596,7.569323,-7.158208,2.23694,-0.671082,1.342164,0.447388,0.894776,-2.1,-1.1,2.3,-172.1,187.9,186.5,Tripod,Other,,22,5,True,,True,False,,Smart,RC,False,True,False,,,True,,False,False,False,False,False,False,False,False,False,False,0,Follow Yaw,-77.9,0,179.4,179.4,False,False,False,False,False,,0,0,False,False,No Card,100,100,1024,1401,746,1024,2,False,False,False,False,False,0,False,False,False,False,74,,46.776,,7431,,10044,,46.776,,True,3.898,3.898,3.898,3.898,3.898,3.898,3.898,3.898,3.898,3.898,3.898,3.898,0,,False,False,True,,,,,,,,,,,,,,,False,False,18.668,,100.7,,75.7,,100.7,,1416,107,4,22,7,142315.1,18975.35,,Idle,,20,,10,,,20,Go Home,False,False,False,False,False,False,False,False,False,False,False,False,33.8027920380556,-117.4659261431046,3567.7,3567.7,1049.4,396.9,True,1,1,False,False,False,False,,True,False,False,Course Lock,196.8,67,16.4,93,NE,SW,2.46,11.4,Calm,False,False,Android,7.0.2,M300 RTK,1ZN7L4R0H1D00F,1W9DL31001461C,1ZMLH8300204F0,1Z6PH74DAP0QN7,"Corona, CA",728.3,5.7,137.7,8.547347,2.013246,0,0,DJI Matrice 300 RTK,M300 RTK,1ZN7L4R0H1D00F,1W9DL31001461C,1ZMLH8300204F0,1Z6PH74DAP0QN7,DJI Pilot,Android,7.0.2,1EF72A62-B7C3-C88D-164E-CE6F8C8424AE,1ZN7L4R0H1D00F,1W9DL31001461C,,1ZMLH8300204F0,1W9DL31001461C,,,,,
2023-11-01,11:32:30.08 AM,8m 7.7s,487.7,33.7977193937996,-117.4759901297576,46.2,137.7,14.1,1310,4103.5,7.189596,7.569323,-7.158208,2.23694,-0.671082,1.342164,0.447388,0.894776,-2.1,-0.3,2.1,-172.2,187.8,186.4,Tripod,Other,,22,5,True,,True,False,,Smart,RC,False,True,False,,,True,,False,False,False,False,False,False,False,False,False,False,0,Follow Yaw,-77.9,0,179.4,179.4,False,False,False,False,False,,0,0,False,False,No Card,100,100,1024,1401,746,1024,2,False,False,False,False,False,0,False,False,False,False,74,,46.776,,7431,,10044,,46.776,,True,3.898,3.898,3.898,3.898,3.898,3.898,3.898,3.898,3.898,3.898,3.898,3.898,0,,False,False,True,,,,,,,,,,,,,,,False,False,18.668,,100.7,,75.7,,100.7,,1416,107,4,22,7,142315.1,18975.35,,Idle,,20,,10,,,20,Go Home,False,False,False,False,False,False,False,False,False,False,False,False,33.8027920380556,-117.4659261431046,3568.2,3568.2,1049.4,396.9,True,1,1,False,False,False,False,,True,False,False,Course Lock,196.8,67,16.4,93,NE,SW,2.46,11.4,Calm,False,False,Android,7.0.2,M300 RTK,1ZN7L4R0H1D00F,1W9DL31001461C,1ZMLH8300204F0,1Z6PH74DAP0QN7,"Corona, CA",728.3,5.7,137.7,8.547347,2.013246,0,0,DJI Matrice 300 RTK,M300 RTK,1ZN7L4R0H1D00F,1W9DL31001461C,1ZMLH8300204F0,1Z6PH74DAP0QN7,DJI Pilot,Android,7.0.2,1EF72A62-B7C3-C88D-164E-CE6F8C8424AE,1ZN7L4R0H1D00F,1W9DL31001461C,,1ZMLH8300204F0,1W9DL31001461C,,,,,
2023-11-01,11:32:30.14 AM,8m 7.8s,487.8,33.79771639839,-117.4759905247707,46.2,137.7,14.1,1310,4104.6,7.189596,7.569323,-7.158208,2.23694,-0.671082,1.342164,0.447388,0.894776,-2.1,0.1,2.1,-172.2,187.8,186.2,Tripod,Other,,23,5,True,,True,False,,Smart,RC,False,True,False,,,True,,False,False,False,False,False,False,False,False,False,False,0,Follow Yaw,-77.9,0,179.4,179.4,False,False,False,False,False,,0,0,False,False,No Card,100,100,1024,1401,765,977,2,False,False,False,False,False,0,False,False,False,False,74,,46.776,,7431,,10044,,46.776,,True,3.898,3.898,3.898,3.898,3.898,3.898,3.898,3.898,3.898,3.898,3.898,3.898,0,,False,False,True,,,,,,,,,,,,,,,False,False,18.668,,100.7,,75.7,,100.7,,1416,107,4,22,7,142315.1,18975.35,,Idle,,20,,10,,,20,Go Home,False,False,False,False,False,False,False,False,False,False,False,False,33.8027920380556,-117.4659261431046,3568.9,3568.9,1049.4,396.9,True,1,1,False,False,False,False,,True,False,False,Course Lock,196.8,67,16.4,93,NE,SW,2.46,11.4,Calm,False,False,Android,7.0.2,M300 RTK,1ZN7L4R0H1D00F,1W9DL31001461C,1ZMLH8300204F0,1Z6PH74DAP0QN7,"Corona, CA",728.3,5.7,137.7,8.547347,2.013246,0,0,DJI Matrice 300 RTK,M300 RTK,1ZN7L4R0H1D00F,1W9DL31001461C,1ZMLH8300204F0,1Z6PH74DAP0QN7,DJI Pilot,Android,7.0.2,1EF72A62-B7C3-C88D-164E-CE6F8C8424AE,1ZN7L4R0H1D00F,1W9DL31001461C,,1ZMLH8300204F0,1W9DL31001461C,,,,,
2023-11-01,11:32:30.24 AM,8m 7.9s,487.9,33.7977133122437,-117.4759909818807,46.2,137.7,14.1,1310,4105.7,7.189596,7.569323,-7.158208,2.23694,-0.671082,1.342164,0.447388,0.894776,-2,0.2,2,-172.2,187.8,187.0,Tripod,Other,,23,5,True,,True,False,,Smart,RC,False,True,False,,,True,,False,False,False,False,False,False,False,False,False,False,0,Follow Yaw,-77.9,0,179.4,179.4,False,False,False,False,False,,0,0,False,False,No Card,100,100,1024,1403,775,936,2,False,False,False,False,False,0,False,False,False,False,74,,46.776,,7431,,10044,,46.776,,True,3.898,3.898,3.898,3.898,3.898,3.898,3.898,3.898,3.898,3.898,3.898,3.898,0,,False,False,True,,,,,,,,,,,,,,,False,False,18.668,,100.7,,75.7,,100.7,,1416,107,4,22,7,142315.1,18975.35,,Idle,,20,,10,,,20,Go Home,False,False,False,False,False,False,False,False,False,False,False,False,33.8027920380556,-117.4659261431046,3569.6,3569.6,1049.4,396.9,True,1,1,False,False,False,False,,True,False,False,Course Lock,196.8,67,16.4,93,NE,SW,2.46,11.4,Calm,False,False,Android,7.0.2,M300 RTK,1ZN7L4R0H1D00F,1W9DL31001461C,1ZMLH8300204F0,1Z6PH74DAP0QN7,"Corona, CA",728.3,5.7,137.7,8.547347,2.013246,0,0,DJI Matrice 300 RTK,M300 RTK,1ZN7L4R0H1D00F,1W9DL31001461C,1ZMLH8300204F0,1Z6PH74DAP0QN7,DJI Pilot,Android,7.0.2,1EF72A62-B7C3-C88D-164E-CE6F8C8424AE,1ZN7L4R0H1D00F,1W9DL31001461C,,1ZMLH8300204F0,1W9DL31001461C,,,,,
2023-11-01,11:32:30.34 AM,8m 8.0s,488.0,33.7977103305406,-117.4759914102101,45.9,137.7,14.1,1310,4106.8,7.213914,7.569323,-7.158208,2.23694,-0.894776,1.342164,0.447388,0.894776,-1.9,0.3,1.9,-172.2,187.8,186.8,Tripod,Other,,23,5,True,,True,False,,Smart,RC,False,True,False,,,True,,False,False,False,False,False,False,False,False,False,False,0,Follow Yaw,-77.9,0,179.3,179.3,False,False,False,False,False,,0,0,False,False,No Card,100,100,1024,1403,790,963,2,False,False,False,False,False,0,False,False,False,False,74,,46.764,,7431,,10044,,46.764,,True,3.898,3.898,3.898,3.898,3.898,3.898,3.898,3.898,3.898,3.898,3.898,3.898,0,,False,False,True,,,,,,,,,,,,,,,False,False,18.774,,100.7,,75.7,,100.7,,1416,107,4,22,7,142315.1,18975.35,,Idle,,20,,10,,,20,Go Home,False,False,False,False,False,False,False,False,False,False,False,False,33.8027920380556,-117.4659261431046,3570.3,3570.3,1049.4,396.9,True,1,1,False,False,False,False,,True,False,False,Course Lock,196.8,67,16.4,93,NE,SW,2.46,11.4,Calm,False,False,Android,7.0.2,M300 RTK,1ZN7L4R0H1D00F,1W9DL31001461C,1ZMLH8300204F0,1Z6PH74DAP0QN7,"Corona, CA",728.3,5.7,137.7,8.547347,2.013246,0,0,DJI Matrice 300 RTK,M300 RTK,1ZN7L4R0H1D00F,1W9DL31001461C,1ZMLH8300204F0,1Z6PH74DAP0QN7,DJI Pilot,Android,7.0.2,1EF72A62-B7C3-C88D-164E-CE6F8C8424AE,1ZN7L4R0H1D00F,1W9DL31001461C,,1ZMLH8300204F0,1W9DL31001461C,,,,,
2023-11-01,11:32:30.44 AM,8m 8.1s,488.1,33.7977072575525,-117.4759917816378,45.9,137.7,13.7,1310,4107.9,7.213914,7.569323,-7.158208,2.23694,-0.894776,1.342164,0.447388,0.894776,-1.8,-0.1,1.8,-172.3,187.7,185.7,Tripod,Other,,23,5,True,,True,False,,Smart,RC,False,True,False,,,True,,False,False,False,False,False,False,False,False,False,False,0,Follow Yaw,-77.9,0,179.2,179.2,False,False,False,False,False,,0,0,False,False,No Card,100,100,1024,1402,820,1024,2,False,False,False,False,False,0,False,False,False,False,74,,46.764,,7431,,10044,,46.764,,True,3.898,3.898,3.898,3.898,3.898,3.898,3.898,3.898,3.898,3.898,3.898,3.898,0,,False,False,True,,,,,,,,,,,,,,,False,False,18.774,,100.7,,75.7,,100.7,,1416,107,4,22,7,142315.1,18975.35,,Idle,,20,,10,,,20,Go Home,False,False,False,False,False,False,False,False,False,False,False,False,33.8027920380556,-117.4659261431046,3571.0,3571.0,1049.4,396.9,True,1,1,False,False,False,False,,True,False,False,Course Lock,196.8,67,16.4,93,NE,SW,2.46,11.4,Calm,False,False,Android,7.0.2,M300 RTK,1ZN7L4R0H1D00F,1W9DL31001461C,1ZMLH8300204F0,1Z6PH74DAP0QN7,"Corona, CA",728.3,5.7,137.7,8.547347,2.013246,0,0,DJI Matrice 300 RTK,M300 RTK,1ZN7L4R0H1D00F,1W9DL31001461C,1ZMLH8300204F0,1Z6PH74DAP0QN7,DJI Pilot,Android,7.0.2,1EF72A62-B7C3-C88D-164E-CE6F8C8424AE,1ZN7L4R0H1D00F,1W9DL31001461C,,1ZMLH8300204F0,1W9DL31001461C,,,,,
2023-11-01,11:32:30.54 AM,8m 8.2s,488.2,33.7977042629653,-117.4759922142554,45.9,137.7,13.7,1310,4109.0,7.213914,7.569323,-7.158208,2.23694,-0.894776,1.342164,0.447388,0.894776,-1.8,-0.5,1.8,-172.5,187.5,186.8,Tripod,Other,,22,5,True,,True,False,,Smart,RC,False,True,False,,,True,,False,False,False,False,False,False,False,False,False,False,0,Follow Yaw,-77.9,0,179.1,179.1,False,False,False,False,False,,0,0,False,False,No Card,100,100,1024,1402,820,1024,2,False,False,False,False,False,0,False,False,False,False,74,,46.764,,7431,,10044,,46.764,,True,3.898,3.898,3.898,3.898,3.898,3.898,3.898,3.898,3.898,3.898,3.898,3.898,0,,False,False,True,,,,,,,,,,,,,,,False,False,18.774,,100.7,,75.7,,100.7,,1416,107,4,22,7,142315.1,18975.35,,Idle,,20,,10,,,20,Go Home,False,False,False,False,False,False,False,False,False,False,False,False,33.8027920380556,-117.4659261431046,3571.7,3571.7,1049.4,396.9,True,1,1,False,False,False,False,,True,False,False,Course Lock,196.8,67,16.4,93,NE,SW,2.46,11.4,Calm,False,False,Android,7.0.2,M300 RTK,1ZN7L4R0H1D00F,1W9DL31001461C,1ZMLH8300204F0,1Z6PH74DAP0QN7,"Corona, CA",728.3,5.7,137.7,8.547347,2.013246,0,0,DJI Matrice 300 RTK,M300 RTK,1ZN7L4R0H1D00F,1W9DL31001461C,1ZMLH8300204F0,1Z6PH74DAP0QN7,DJI Pilot,Android,7.0.2,1EF72A62-B7C3-C88D-164E-CE6F8C8424AE,1ZN7L4R0H1D00F,1W9DL31001461C,,1ZMLH8300204F0,1W9DL31001461C,,,,,
2023-11-01,11:32:30.64 AM,8m 8.3s,488.3,33.7977012968876,-117.4759928066924,45.6,137.7,13.7,1309,4110.1,7.189596,7.569323,-7.158208,2.23694,-0.671082,1.342164,0.447388,0.894776,-2.3,-0.7,2.4,-172.6,187.4,189.4,Tripod,Other,,22,5,True,,True,False,,Smart,RC,False,True,False,,,True,,False,False,False,False,False,False,False,False,False,False,0,Follow Yaw,-77.9,0,179.1,179.1,False,False,False,False,False,,0,0,False,False,No Card,100,100,1024,1401,831,1024,2,False,False,False,False,False,0,False,False,False,False,74,,46.764,,7431,,10044,,46.764,,True,3.897,3.897,3.897,3.897,3.897,3.897,3.897,3.897,3.897,3.897,3.897,3.897,0,,False,False,True,,,,,,,,,,,,,,,False,False,18.774,,100.7,,75.7,,100.7,,1416,108,4,22,7,142077.6,18943.68,,Idle,,20,,10,,,20,Go Home,False,False,False,False,False,False,False,False,False,False,False,False,33.8027920380556,-117.4659261431046,3572.4,3572.4,1049.4,396.9,True,1,1,False,False,False,False,,True,False,False,Course Lock,196.8,67,16.4,93,NE,SW,2.46,11.4,Calm,False,False,Android,7.0.2,M300 RTK,1ZN7L4R0H1D00F,1W9DL31001461C,1ZMLH8300204F0,1Z6PH74DAP0QN7,"Corona, CA",728.3,5.7,137.7,8.547347,2.013246,0,0,DJI Matrice 300 RTK,M300 RTK,1ZN7L4R0H1D00F,1W9DL31001461C,1ZMLH8300204F0,1Z6PH74DAP0QN7,DJI Pilot,Android,7.0.2,1EF72A62-B7C3-C88D-164E-CE6F8C8424AE,1ZN7L4R0H1D00F,1W9DL31001461C,,1ZMLH8300204F0,1W9DL31001461C,,,,,
2023-11-01,11:32:30.74 AM,8m 8.4s,488.4,33.7976981570119,-117.4759932556383,45.6,137.7,13.7,1309,4111.3,7.189596,7.569323,-7.158208,2.23694,-0.671082,1.342164,0.447388,0.894776,-2.5,-0.4,2.5,-172.6,187.4,186.7,Tripod,Other,,22,5,True,,True,False,,Smart,RC,False,True,False,,,True,,False,False,False,False,False,False,False,False,False,False,0,Follow Yaw,-77.9,0,179.1,179.1,False,False,False,False,False,,0,0,False,False,No Card,100,100,1024,1401,830,1024,2,False,False,False,False,False,0,False,False,False,False,74,,46.764,,7431,,10044,,46.764,,True,3.897,3.897,3.897,3.897,3.897,3.897,3.897,3.897,3.897,3.897,3.897,3.897,0,,False,False,True,,,,,,,,,,,,,,,False,False,18.774,,100.7,,75.7,,100.7,,1416,108,4,22,7,142077.6,18943.68,,Idle,,20,,10,,,20,Go Home,False,False,False,False,False,False,False,False,False,False,False,False,33.8027920380556,-117.4659261431046,3573.1,3573.1,1049.4,396.9,True,1,1,False,False,False,False,,True,False,False,Course Lock,196.8,67,16.4,93,NE,SW,2.46,11.4,Calm,False,False,Android,7.0.2,M300 RTK,1ZN7L4R0H1D00F,1W9DL31001461C,1ZMLH8300204F0,1Z6PH74DAP0QN7,"Corona, CA",728.3,5.7,137.7,8.547347,2.013246,0,0,DJI Matrice 300 RTK,M300 RTK,1ZN7L4R0H1D00F,1W9DL31001461C,1ZMLH8300204F0,1Z6PH74DAP0QN7,DJI Pilot,Android,7.0.2,1EF72A62-B7C3-C88D-164E-CE6F8C8424AE,1ZN7L4R0H1D00F,1W9DL31001461C,,1ZMLH8300204F0,1W9DL31001461C,,,,,
2023-11-01,11:32:30.84 AM,8m 8.5s,488.5,33.7976953891296,-117.4759934861313,45.6,137.7,13.7,1309,4112.3,7.189596,7.569323,-7.158208,2.23694,-0.671082,1.342164,0.447388,0.894776,-2.6,0,2.6,-172.6,187.4,183.9,Tripod,Other,,22,5,True,,True,False,,Smart,RC,False,True,False,,,True,,False,False,False,False,False,False,False,False,False,False,0,Follow Yaw,-77.9,0,179.1,179.1,False,False,False,False,False,,0,0,False,False,No Card,100,100,1024,1401,824,1024,2,False,False,False,False,False,0,False,False,False,False,74,,46.764,,7431,,10044,,46.764,,True,3.897,3.897,3.897,3.897,3.897,3.897,3.897,3.897,3.897,3.897,3.897,3.897,0,,False,False,True,,,,,,,,,,,,,,,False,False,18.774,,100.7,,75.7,,100.7,,1416,108,4,22,7,142077.6,18943.68,,Idle,,20,,10,,,20,Go Home,False,False,False,False,False,False,False,False,False,False,False,False,33.8027920380556,-117.4659261431046,3573.7,3573.7,1049.4,396.9,True,1,1,False,False,False,False,,True,False,False,Course Lock,196.8,67,16.4,93,NE,SW,2.46,11.4,Calm,False,False,Android,7.0.2,M300 RTK,1ZN7L4R0H1D00F,1W9DL31001461C,1ZMLH8300204F0,1Z6PH74DAP0QN7,"Corona, CA",728.3,5.7,137.7,8.547347,2.013246,0,0,DJI Matrice 300 RTK,M300 RTK,1ZN7L4R0H1D00F,1W9DL31001461C,1ZMLH8300204F0,1Z6PH74DAP0QN7,DJI Pilot,Android,7.0.2,1EF72A62-B7C3-C88D-164E-CE6F8C8424AE,1ZN7L4R0H1D00F,1W9DL31001461C,,1ZMLH8300204F0,1W9DL31001461C,,,,,
2023-11-01,11:32:30.94 AM,8m 8.6s,488.6,33.7976922424007,-117.4759939194086,45.6,137.7,13.7,1309,4113.5,7.189596,7.569323,-7.158208,2.23694,-0.671082,1.342164,0.447388,0.894776,-2.4,0.2,2.4,-172.6,187.4,186.5,Tripod,Other,,22,5,True,,True,False,,Smart,RC,False,True,False,,,True,,False,False,False,False,False,False,False,False,False,False,0,Follow Yaw,-77.9,0,179.1,179.1,False,False,False,False,False,,0,0,False,False,No Card,100,100,1024,1400,821,1024,2,False,False,False,False,False,0,False,False,False,False,74,,46.764,,7431,,10044,,46.764,,True,3.897,3.897,3.897,3.897,3.897,3.897,3.897,3.897,3.897,3.897,3.897,3.897,0,,False,False,True,,,,,,,,,,,,,,,False,False,18.774,,100.7,,75.7,,100.7,,1416,108,4,22,7,142077.6,18943.68,,Idle,,20,,10,,,20,Go Home,False,False,False,False,False,False,False,False,False,False,False,False,33.8027920380556,-117.4659261431046,3574.4,3574.4,1049.4,396.9,True,1,1,False,False,False,False,,True,False,False,Course Lock,196.8,67,16.4,93,NE,SW,2.46,11.4,Calm,False,False,Android,7.0.2,M300 RTK,1ZN7L4R0H1D00F,1W9DL31001461C,1ZMLH8300204F0,1Z6PH74DAP0QN7,"Corona, CA",728.3,5.7,137.7,8.547347,2.013246,0,0,DJI Matrice 300 RTK,M300 RTK,1ZN7L4R0H1D00F,1W9DL31001461C,1ZMLH8300204F0,1Z6PH74DAP0QN7,DJI Pilot,Android,7.0.2,1EF72A62-B7C3-C88D-164E-CE6F8C8424AE,1ZN7L4R0H1D00F,1W9DL31001461C,,1ZMLH8300204F0,1W9DL31001461C,,,,,
2023-11-01,11:32:31.04 AM,8m 8.7s,488.7,33.79768913405,-117.4759942176888,45.6,137.7,13.7,1309,4114.6,7.213914,7.569323,-7.158208,2.23694,-0.894776,1.342164,0.223694,0.894776,-2.1,0.2,2.1,-172.7,187.3,184.5,Tripod,Other,,22,5,True,,True,False,,Smart,RC,False,True,False,,,True,,False,False,False,False,False,False,False,False,False,False,0,Follow Yaw,-77.9,0,179.1,179.1,False,False,False,False,False,,0,0,False,False,No Card,100,100,1024,1401,884,1024,2,False,False,False,False,False,0,False,False,False,False,74,,46.74,,3689,,4986,,46.74,,True,3.897,3.897,3.897,3.897,3.897,3.897,3.897,3.897,3.897,3.897,3.897,3.897,0,,False,False,True,,,,,,,,,,,,,,,False,False,9.366,,100.7,,75.7,,100.7,,1416,108,4,22,7,142077.6,18943.68,,Idle,,20,,10,,,20,Go Home,False,False,False,False,False,False,False,False,False,False,False,False,33.8027920380556,-117.4659261431046,3575.0,3575.0,1049.4,396.9,True,1,1,False,False,False,False,,True,False,False,Course Lock,196.8,67,16.4,93,NE,SW,2.46,11.4,Calm,False,False,Android,7.0.2,M300 RTK,1ZN7L4R0H1D00F,1W9DL31001461C,1ZMLH8300204F0,1Z6PH74DAP0QN7,"Corona, CA",728.3,5.7,137.7,8.547347,2.013246,0,0,DJI Matrice 300 RTK,M300 RTK,1ZN7L4R0H1D00F,1W9DL31001461C,1ZMLH8300204F0,1Z6PH74DAP0QN7,DJI Pilot,Android,7.0.2,1EF72A62-B7C3-C88D-164E-CE6F8C8424AE,1ZN7L4R0H1D00F,1W9DL31001461C,,1ZMLH8300204F0,1W9DL31001461C,,,,,
2023-11-01,11:32:31.14 AM,8m 8.8s,488.8,33.7976861131464,-117.4759946365346,45.2,137.7,13.7,1309,4115.7,7.213914,7.569323,-7.158208,2.23694,-0.894776,1.342164,0.223694,0.894776,-2.1,0,2.1,-172.7,187.3,186.5,Tripod,Other,,21,5,True,,True,False,,Smart,RC,False,True,False,,,True,,False,False,False,False,False,False,False,False,False,False,0,Follow Yaw,-77.9,0,179.1,179.1,False,False,False,False,False,,0,0,False,False,No Card,100,100,1024,1402,935,1024,2,False,False,False,False,False,0,False,False,False,False,74,,46.74,,3689,,4986,,46.74,,True,3.897,3.897,3.897,3.897,3.897,3.897,3.897,3.897,3.897,3.897,3.897,3.897,0,,False,False,True,,,,,,,,,,,,,,,False,False,9.366,,100.7,,75.7,,100.7,,1416,108,4,22,7,142077.6,18943.68,,Idle,,20,,10,,,20,Go Home,False,False,False,False,False,False,False,False,False,False,False,False,33.8027920380556,-117.4659261431046,3575.7,3575.7,1049.4,396.9,True,1,1,False,False,False,False,,True,False,False,Course Lock,196.8,67,16.4,93,NE,SW,2.46,11.4,Calm,False,False,Android,7.0.2,M300 RTK,1ZN7L4R0H1D00F,1W9DL31001461C,1ZMLH8300204F0,1Z6PH74DAP0QN7,"Corona, CA",728.3,5.7,137.7,8.547347,2.013246,0,0,DJI Matrice 300 RTK,M300 RTK,1ZN7L4R0H1D00F,1W9DL31001461C,1ZMLH8300204F0,1Z6PH74DAP0QN7,DJI Pilot,Android,7.0.2,1EF72A62-B7C3-C88D-164E-CE6F8C8424AE,1ZN7L4R0H1D00F,1W9DL31001461C,,1ZMLH8300204F0,1W9DL31001461C,,,,,
2023-11-01,11:32:31.24 AM,8m 8.9s,488.9,33.7976832021686,-117.4759951916144,45.2,137.7,13.7,1309,4116.8,7.213914,7.569323,-7.158208,2.23694,-0.894776,1.342164,0.223694,0.894776,-2.1,-0.1,2.1,-172.8,187.2,189.0,Tripod,Other,,21,5,True,,True,False,,Smart,RC,False,True,False,,,True,,False,False,False,False,False,False,False,False,False,False,0,Follow Yaw,-77.9,0,179.1,179.1,False,False,False,False,False,,0,0,False,False,No Card,100,100,1024,1403,938,1024,2,False,False,False,False,False,0,False,False,False,False,74,,46.74,,3689,,4986,,46.74,,True,3.897,3.897,3.897,3.897,3.897,3.897,3.897,3.897,3.897,3.897,3.897,3.897,0,,False,False,True,,,,,,,,,,,,,,,False,False,9.366,,100.7,,75.7,,100.7,,1416,108,4,22,7,142077.6,18943.68,,Idle,,20,,10,,,20,Go Home,False,False,False,False,False,False,False,False,False,False,False,False,33.8027920380556,-117.4659261431046,3576.4,3576.4,1049.4,396.9,True,1,1,False,False,False,False,,True,False,False,Course Lock,196.8,67,16.4,93,NE,SW,2.46,11.4,Calm,False,False,Android,7.0.2,M300 RTK,1ZN7L4R0H1D00F,1W9DL31001461C,1ZMLH8300204F0,1Z6PH74DAP0QN7,"Corona, CA",728.3,5.7,137.7,8.547347,2.013246,0,0,DJI Matrice 300 RTK,M300 RTK,1ZN7L4R0H1D00F,1W9DL31001461C,1ZMLH8300204F0,1Z6PH74DAP0QN7,DJI Pilot,Android,7.0.2,1EF72A62-B7C3-C88D-164E-CE6F8C8424AE,1ZN7L4R0H1D00F,1W9DL31001461C,,1ZMLH8300204F0,1W9DL31001461C,,,,,
2023-11-01,11:32:31.34 AM,8m 9.0s,489.0,33.7976803501286,-117.4759956006467,45.2,137.7,13.4,1309,4117.8,7.213914,7.569323,-7.158208,2.23694,-0.894776,1.342164,0.223694,0.894776,-2.1,-0.2,2.1,-172.7,187.3,186.7,Tripod,Other,,21,5,True,,True,False,,Smart,RC,False,True,False,,,True,,False,False,False,False,False,False,False,False,False,False,0,Follow Yaw,-77.9,0,179.1,179.1,False,False,False,False,False,,0,0,False,False,No Card,100,100,1024,1402,935,1024,2,False,False,False,False,False,0,False,False,False,False,74,,46.74,,7431,,10044,,46.74,,True,3.897,3.897,3.897,3.897,3.897,3.897,3.897,3.897,3.897,3.897,3.897,3.897,0,,False,False,True,,,,,,,,,,,,,,,False,False,18.766,,100.7,,75.7,,100.7,,1416,108,4,22,7,142077.6,18943.68,,Idle,,20,,10,,,20,Go Home,False,False,False,False,False,False,False,False,False,False,False,False,33.8027920380556,-117.4659261431046,3577.1,3577.1,1049.4,396.9,True,1,1,False,False,False,False,,True,False,False,Course Lock,196.8,67,16.4,93,NE,SW,2.46,11.4,Calm,False,False,Android,7.0.2,M300 RTK,1ZN7L4R0H1D00F,1W9DL31001461C,1ZMLH8300204F0,1Z6PH74DAP0QN7,"Corona, CA",728.3,5.7,137.7,8.547347,2.013246,0,0,DJI Matrice 300 RTK,M300 RTK,1ZN7L4R0H1D00F,1W9DL31001461C,1ZMLH8300204F0,1Z6PH74DAP0QN7,DJI Pilot,Android,7.0.2,1EF72A62-B7C3-C88D-164E-CE6F8C8424AE,1ZN7L4R0H1D00F,1W9DL31001461C,,1ZMLH8300204F0,1W9DL31001461C,,,,,
2023-11-01,11:32:31.41 AM,8m 9.1s,489.1,33.7976772642564,-117.4759960042362,45.2,137.7,13.4,1309,4119.0,7.189596,7.569323,-7.158208,2.23694,-0.671082,1.342164,0.223694,0.894776,-2,-0.2,2,-172.8,187.2,186.2,Tripod,Other,,21,5,True,,True,False,,Smart,RC,False,True,False,,,True,,False,False,False,False,False,False,False,False,False,False,0,Follow Yaw,-77.9,0,179.1,179.1,False,False,False,False,False,,0,0,False,False,No Card,100,100,1024,1403,943,1024,2,False,False,False,False,False,0,False,False,False,False,74,,46.74,,7431,,10044,,46.74,,True,3.897,3.897,3.897,3.897,3.897,3.897,3.897,3.897,3.897,3.897,3.897,3.897,0,,False,False,True,,,,,,,,,,,,,,,False,False,18.766,,100.7,,75.7,,100.7,,1416,108,4,22,7,142077.6,18943.68,,Idle,,20,,10,,,20,Go Home,False,False,False,False,False,False,False,False,False,False,False,False,33.8027920380556,-117.4659261431046,3577.8,3577.8,1049.4,396.9,True,1,1,False,False,False,False,,True,False,False,Course Lock,196.8,67,16.4,93,NE,SW,2.46,11.4,Calm,False,False,Android,7.0.2,M300 RTK,1ZN7L4R0H1D00F,1W9DL31001461C,1ZMLH8300204F0,1Z6PH74DAP0QN7,"Corona, CA",728.3,5.7,137.7,8.547347,2.013246,0,0,DJI Matrice 300 RTK,M300 RTK,1ZN7L4R0H1D00F,1W9DL31001461C,1ZMLH8300204F0,1Z6PH74DAP0QN7,DJI Pilot,Android,7.0.2,1EF72A62-B7C3-C88D-164E-CE6F8C8424AE,1ZN7L4R0H1D00F,1W9DL31001461C,,1ZMLH8300204F0,1W9DL31001461C,,,,,
2023-11-01,11:32:31.51 AM,8m 9.2s,489.2,33.7976742559628,-117.4759964199482,45.2,137.7,13.4,1309,4120.1,7.189596,7.569323,-7.158208,2.23694,-0.671082,1.342164,0,0.894776,-2,-0.1,2,-172.7,187.3,186.5,Tripod,Other,,21,5,True,,True,False,,Smart,RC,False,True,False,,,True,,False,False,False,False,False,False,False,False,False,False,0,Follow Yaw,-77.9,0,179.1,179.1,False,False,False,False,False,,0,0,False,False,No Card,100,100,1024,1404,948,1024,2,False,False,False,False,False,0,False,False,False,False,74,,46.74,,7431,,10044,,46.74,,True,3.897,3.897,3.897,3.897,3.897,3.897,3.897,3.897,3.897,3.897,3.897,3.897,0,,False,False,True,,,,,,,,,,,,,,,False,False,18.766,,100.7,,75.7,,100.7,,1416,108,4,22,7,142077.6,18943.68,,Idle,,20,,10,,,20,Go Home,False,False,False,False,False,False,False,False,False,False,False,False,33.8027920380556,-117.4659261431046,3578.4,3578.4,1049.4,396.9,True,1,1,False,False,False,False,,True,False,False,Course Lock,196.8,67,16.4,93,NE,SW,2.46,11.4,Calm,False,False,Android,7.0.2,M300 RTK,1ZN7L4R0H1D00F,1W9DL31001461C,1ZMLH8300204F0,1Z6PH74DAP0QN7,"Corona, CA",728.3,5.7,137.7,8.547347,2.013246,0,0,DJI Matrice 300 RTK,M300 RTK,1ZN7L4R0H1D00F,1W9DL31001461C,1ZMLH8300204F0,1Z6PH74DAP0QN7,DJI Pilot,Android,7.0.2,1EF72A62-B7C3-C88D-164E-CE6F8C8424AE,1ZN7L4R0H1D00F,1W9DL31001461C,,1ZMLH8300204F0,1W9DL31001461C,,,,,
2023-11-01,11:32:31.64 AM,8m 9.3s,489.3,33.7976711193767,-117.475996732825,45.2,137.7,13.7,1309,4121.2,7.189596,7.569323,-7.158208,2.23694,-0.671082,1.342164,0,0.894776,-2.1,0,2.1,-172.8,187.2,184.7,Tripod,Other,,21,5,True,,True,False,,Smart,RC,False,True,False,,,True,,False,False,False,False,False,False,False,False,False,False,0,Follow Yaw,-77.9,0,179.1,179.1,False,False,False,False,False,,0,0,False,False,No Card,100,100,1024,1403,948,1024,2,False,False,False,False,False,0,False,False,False,False,74,,46.74,,7431,,10044,,46.74,,True,3.9,3.9,3.9,3.9,3.9,3.9,3.9,3.9,3.9,3.9,3.9,3.9,0,,False,False,True,,,,,,,,,,,,,,,False,False,18.766,,100.7,,75.7,,100.7,,1415,108,4,22,7,141805.8,18907.44,,Idle,,20,,10,,,20,Go Home,False,False,False,False,False,False,False,False,False,False,False,False,33.8027920380556,-117.4659261431046,3579.1,3579.1,1049.4,396.9,True,1,1,False,False,False,False,,True,False,False,Course Lock,196.8,67,16.4,93,NE,SW,2.46,11.4,Calm,False,False,Android,7.0.2,M300 RTK,1ZN7L4R0H1D00F,1W9DL31001461C,1ZMLH8300204F0,1Z6PH74DAP0QN7,"Corona, CA",728.3,5.7,137.7,8.547347,2.013246,0,0,DJI Matrice 300 RTK,M300 RTK,1ZN7L4R0H1D00F,1W9DL31001461C,1ZMLH8300204F0,1Z6PH74DAP0QN7,DJI Pilot,Android,7.0.2,1EF72A62-B7C3-C88D-164E-CE6F8C8424AE,1ZN7L4R0H1D00F,1W9DL31001461C,,1ZMLH8300204F0,1W9DL31001461C,,,,,
2023-11-01,11:32:31.72 AM,8m 9.4s,489.4,33.797668108616,-117.475997131384,45.2,137.7,13.7,1309,4122.3,7.189596,7.569323,-7.158208,2.23694,-0.671082,1.342164,0,0.894776,-2.2,0,2.2,-172.7,187.3,186.2,Tripod,Other,,21,5,True,,True,False,,Smart,RC,False,True,False,,,True,,False,False,False,False,False,False,False,False,False,False,0,Follow Yaw,-77.9,0,179.1,179.1,False,False,False,False,False,,0,0,False,False,No Card,100,100,1024,1402,947,1024,2,False,False,False,False,False,0,False,False,False,False,74,,46.74,,7431,,10044,,46.74,,True,3.9,3.9,3.9,3.9,3.9,3.9,3.9,3.9,3.9,3.9,3.9,3.9,0,,False,False,True,,,,,,,,,,,,,,,False,False,18.766,,100.7,,75.7,,100.7,,1415,108,4,22,7,141805.8,18907.44,,Idle,,20,,10,,,20,Go Home,False,False,False,False,False,False,False,False,False,False,False,False,33.8027920380556,-117.4659261431046,3579.8,3579.8,1049.4,396.9,True,1,1,False,False,False,False,,True,False,False,Course Lock,196.8,67,16.4,93,NE,SW,2.46,11.4,Calm,False,False,Android,7.0.2,M300 RTK,1ZN7L4R0H1D00F,1W9DL31001461C,1ZMLH8300204F0,1Z6PH74DAP0QN7,"Corona, CA",728.3,5.7,137.7,8.547347,2.013246,0,0,DJI Matrice 300 RTK,M300 RTK,1ZN7L4R0H1D00F,1W9DL31001461C,1ZMLH8300204F0,1Z6PH74DAP0QN7,DJI Pilot,Android,7.0.2,1EF72A62-B7C3-C88D-164E-CE6F8C8424AE,1ZN7L4R0H1D00F,1W9DL31001461C,,1ZMLH8300204F0,1W9DL31001461C,,,,,
2023-11-01,11:32:31.83 AM,8m 9.5s,489.5,33.7976650057478,-117.4759976165325,45.2,137.7,13.7,1309,4123.5,7.189596,7.569323,-7.158208,2.23694,-0.671082,1.342164,0,0.894776,-2.4,0,2.4,-172.7,187.3,187.4,Tripod,Other,,21,5,True,,True,False,,Smart,RC,False,True,False,,,True,,False,False,False,False,False,False,False,False,False,False,0,Follow Yaw,-77.9,0,179.1,179.1,False,False,False,False,False,,0,0,False,False,No Card,100,100,1024,1405,947,1024,2,False,False,False,False,False,0,False,False,False,False,74,,46.74,,7431,,10044,,46.74,,True,3.9,3.9,3.9,3.9,3.9,3.9,3.9,3.9,3.9,3.9,3.9,3.9,0,,False,False,True,,,,,,,,,,,,,,,False,False,18.766,,100.7,,75.7,,100.7,,1415,108,4,22,7,141805.8,18907.44,,Idle,,20,,10,,,20,Go Home,False,False,False,False,False,False,False,False,False,False,False,False,33.8027920380556,-117.4659261431046,3580.5,3580.5,1049.4,396.9,True,1,1,False,False,False,False,,True,False,False,Course Lock,196.8,67,16.4,93,NE,SW,2.46,11.4,Calm,False,False,Android,7.0.2,M300 RTK,1ZN7L4R0H1D00F,1W9DL31001461C,1ZMLH8300204F0,1Z6PH74DAP0QN7,"Corona, CA",728.3,5.7,137.7,8.547347,2.013246,0,0,DJI Matrice 300 RTK,M300 RTK,1ZN7L4R0H1D00F,1W9DL31001461C,1ZMLH8300204F0,1Z6PH74DAP0QN7,DJI Pilot,Android,7.0.2,1EF72A62-B7C3-C88D-164E-CE6F8C8424AE,1ZN7L4R0H1D00F,1W9DL31001461C,,1ZMLH8300204F0,1W9DL31001461C,,,,,
2023-11-01,11:32:31.93 AM,8m 9.6s,489.6,33.7976618395557,-117.4759980316673,45.2,137.7,13.7,1309,4124.6,7.189596,7.569323,-7.158208,2.23694,-0.671082,1.342164,0,0.894776,-2.4,0.2,2.4,-172.7,187.3,186.2,Tripod,Other,,21,5,True,,True,False,,Smart,RC,False,True,False,,,True,,False,False,False,False,False,False,False,False,False,False,0,Follow Yaw,-77.9,0,179.1,179.1,False,False,False,False,False,,0,0,False,False,No Card,100,100,1024,1405,946,1024,2,False,False,False,False,False,0,False,False,False,False,74,,46.74,,7431,,10044,,46.74,,True,3.9,3.9,3.9,3.9,3.9,3.9,3.9,3.9,3.9,3.9,3.9,3.9,0,,False,False,True,,,,,,,,,,,,,,,False,False,18.766,,100.7,,75.7,,100.7,,1415,108,4,22,7,141805.8,18907.44,,Idle,,20,,10,,,20,Go Home,False,False,False,False,False,False,False,False,False,False,False,False,33.8027920380556,-117.4659261431046,3581.2,3581.2,1049.4,396.9,True,1,1,False,False,False,False,,True,False,False,Course Lock,196.8,67,16.4,93,NE,SW,2.46,11.4,Calm,False,False,Android,7.0.2,M300 RTK,1ZN7L4R0H1D00F,1W9DL31001461C,1ZMLH8300204F0,1Z6PH74DAP0QN7,"Corona, CA",728.3,5.7,137.7,8.547347,2.013246,0,0,DJI Matrice 300 RTK,M300 RTK,1ZN7L4R0H1D00F,1W9DL31001461C,1ZMLH8300204F0,1Z6PH74DAP0QN7,DJI Pilot,Android,7.0.2,1EF72A62-B7C3-C88D-164E-CE6F8C8424AE,1ZN7L4R0H1D00F,1W9DL31001461C,,1ZMLH8300204F0,1W9DL31001461C,,,,,
2023-11-01,11:32:32.04 AM,8m 9.7s,489.7,33.7976592144947,-117.4759982105364,45.2,137.7,13.7,1309,4125.6,7.189596,7.569323,-7.158208,2.23694,-0.671082,1.342164,0,0.894776,-2.4,0.3,2.4,-172.6,187.4,183.2,Tripod,Other,,21,5,True,,True,False,,Smart,RC,False,True,False,,,True,,False,False,False,False,False,False,False,False,False,False,0,Follow Yaw,-77.9,0,179.1,179.1,False,False,False,False,False,,0,0,False,False,No Card,100,100,1024,1405,931,1024,2,False,False,False,False,False,0,False,False,False,False,74,,46.74,,7431,,10044,,46.74,,True,3.9,3.9,3.9,3.9,3.9,3.9,3.9,3.9,3.9,3.9,3.9,3.9,0,,False,False,True,,,,,,,,,,,,,,,False,False,18.766,,100.7,,75.7,,100.7,,1415,108,4,22,7,141805.8,18907.44,,Idle,,20,,10,,,20,Go Home,False,False,False,False,False,False,False,False,False,False,False,False,33.8027920380556,-117.4659261431046,3581.8,3581.8,1049.4,396.9,True,1,1,False,False,False,False,,True,False,False,Course Lock,196.8,67,16.4,93,NE,SW,2.46,11.4,Calm,False,False,Android,7.0.2,M300 RTK,1ZN7L4R0H1D00F,1W9DL31001461C,1ZMLH8300204F0,1Z6PH74DAP0QN7,"Corona, CA",728.3,5.7,137.7,8.547347,2.013246,0,0,DJI Matrice 300 RTK,M300 RTK,1ZN7L4R0H1D00F,1W9DL31001461C,1ZMLH8300204F0,1Z6PH74DAP0QN7,DJI Pilot,Android,7.0.2,1EF72A62-B7C3-C88D-164E-CE6F8C8424AE,1ZN7L4R0H1D00F,1W9DL31001461C,,1ZMLH8300204F0,1W9DL31001461C,,,,,
2023-11-01,11:32:32.14 AM,8m 9.8s,489.8,33.797656221004,-117.4759985894686,44.9,137.7,13.7,1309,4126.7,7.189596,7.569323,-7.158208,2.23694,-0.671082,1.342164,0,0.894776,-2.4,0.3,2.4,-172.7,187.3,186.0,Tripod,Other,,21,5,True,,True,False,,Smart,RC,False,True,False,,,True,,False,False,False,False,False,False,False,False,False,False,0,Follow Yaw,-77.9,0,179.1,179.1,False,False,False,False,False,,0,0,False,False,No Card,100,100,1024,1405,933,1024,2,False,False,False,False,False,0,False,False,False,False,74,,46.74,,7431,,10044,,46.74,,True,3.9,3.9,3.9,3.9,3.9,3.9,3.9,3.9,3.9,3.9,3.9,3.9,0,,False,False,True,,,,,,,,,,,,,,,False,False,18.766,,100.7,,75.7,,100.7,,1415,108,4,22,7,141805.8,18907.44,,Idle,,20,,10,,,20,Go Home,False,False,False,False,False,False,False,False,False,False,False,False,33.8027920380556,-117.4659261431046,3582.4,3582.4,1049.4,396.9,True,1,1,False,False,False,False,,True,False,False,Course Lock,196.8,67,16.4,93,NE,SW,2.46,11.4,Calm,False,False,Android,7.0.2,M300 RTK,1ZN7L4R0H1D00F,1W9DL31001461C,1ZMLH8300204F0,1Z6PH74DAP0QN7,"Corona, CA",728.3,5.7,137.7,8.547347,2.013246,0,0,DJI Matrice 300 RTK,M300 RTK,1ZN7L4R0H1D00F,1W9DL31001461C,1ZMLH8300204F0,1Z6PH74DAP0QN7,DJI Pilot,Android,7.0.2,1EF72A62-B7C3-C88D-164E-CE6F8C8424AE,1ZN7L4R0H1D00F,1W9DL31001461C,,1ZMLH8300204F0,1W9DL31001461C,,,,,
2023-11-01,11:32:32.24 AM,8m 9.9s,489.9,33.7976530644065,-117.4759991645052,44.9,137.7,13.7,1309,4127.8,7.189596,7.569323,-7.158208,2.23694,-0.671082,1.342164,0,0.894776,-2.4,0.3,2.4,-172.7,187.3,188.6,Tripod,Other,,21,5,True,,True,False,,Smart,RC,False,True,False,,,True,,False,False,False,False,False,False,False,False,False,False,0,Follow Yaw,-77.9,0,179.1,179.1,False,False,False,False,False,,0,0,False,False,No Card,100,100,1024,1404,933,1024,2,False,False,False,False,False,0,False,False,False,False,74,,46.74,,7431,,10044,,46.74,,True,3.9,3.9,3.9,3.9,3.9,3.9,3.9,3.9,3.9,3.9,3.9,3.9,0,,False,False,True,,,,,,,,,,,,,,,False,False,18.766,,100.7,,75.7,,100.7,,1415,108,4,22,7,141805.8,18907.44,,Idle,,20,,10,,,20,Go Home,False,False,False,False,False,False,False,False,False,False,False,False,33.8027920380556,-117.4659261431046,3583.2,3583.2,1049.4,396.9,True,1,1,False,False,False,False,,True,False,False,Course Lock,196.8,67,16.4,93,NE,SW,2.46,11.4,Calm,False,False,Android,7.0.2,M300 RTK,1ZN7L4R0H1D00F,1W9DL31001461C,1ZMLH8300204F0,1Z6PH74DAP0QN7,"Corona, CA",728.3,5.7,137.7,8.547347,2.013246,0,0,DJI Matrice 300 RTK,M300 RTK,1ZN7L4R0H1D00F,1W9DL31001461C,1ZMLH8300204F0,1Z6PH74DAP0QN7,DJI Pilot,Android,7.0.2,1EF72A62-B7C3-C88D-164E-CE6F8C8424AE,1ZN7L4R0H1D00F,1W9DL31001461C,,1ZMLH8300204F0,1W9DL31001461C,,,,,
2023-11-01,11:32:32.35 AM,8m 10.0s,490.0,33.7976500588542,-117.4759995624046,44.9,137.7,13.7,1309,4128.9,7.189596,7.569323,-7.158208,2.23694,-0.671082,1.342164,0,0.894776,-2.4,0.3,2.4,-172.7,187.3,186.2,Tripod,Other,,21,5,True,,True,False,,Smart,RC,False,True,False,,,True,,False,False,False,False,False,False,False,False,False,False,0,Follow Yaw,-77.9,0,179.1,179.1,False,False,False,False,False,,0,0,False,False,No Card,100,100,1024,1405,930,1024,2,False,False,False,False,False,0,False,False,False,False,74,,46.752,,3689,,4986,,46.752,,True,3.9,3.9,3.9,3.9,3.9,3.9,3.9,3.9,3.9,3.9,3.9,3.9,0,,False,False,True,,,,,,,,,,,,,,,False,False,9.616,,100.7,,75.7,,100.7,,1415,108,4,22,7,141805.8,18907.44,,Idle,,20,,10,,,20,Go Home,False,False,False,False,False,False,False,False,False,False,False,False,33.8027920380556,-117.4659261431046,3583.9,3583.9,1049.4,396.9,True,1,1,False,False,False,False,,True,False,False,Course Lock,196.8,67,16.4,93,NE,SW,2.46,11.4,Calm,False,False,Android,7.0.2,M300 RTK,1ZN7L4R0H1D00F,1W9DL31001461C,1ZMLH8300204F0,1Z6PH74DAP0QN7,"Corona, CA",728.3,5.7,137.7,8.547347,2.013246,0,0,DJI Matrice 300 RTK,M300 RTK,1ZN7L4R0H1D00F,1W9DL31001461C,1ZMLH8300204F0,1Z6PH74DAP0QN7,DJI Pilot,Android,7.0.2,1EF72A62-B7C3-C88D-164E-CE6F8C8424AE,1ZN7L4R0H1D00F,1W9DL31001461C,,1ZMLH8300204F0,1W9DL31001461C,,,,,
2023-11-01,11:32:32.46 AM,8m 10.1s,490.1,33.7976470729021,-117.4760000094538,44.9,137.7,13.7,1309,4130.0,7.189596,7.569323,-7.158208,2.23694,-0.671082,1.342164,0,0.894776,-2.4,0.2,2.4,-172.7,187.3,187.0,Tripod,Other,,21,5,True,,True,False,,Smart,RC,False,True,False,,,True,,False,False,False,False,False,False,False,False,False,False,0,Follow Yaw,-77.9,0,179.1,179.1,False,False,False,False,False,,0,0,False,False,No Card,100,100,1024,1409,924,1024,2,False,False,False,False,False,0,False,False,False,False,74,,46.752,,3689,,4986,,46.752,,True,3.9,3.9,3.9,3.9,3.9,3.9,3.9,3.9,3.9,3.9,3.9,3.9,0,,False,False,True,,,,,,,,,,,,,,,False,False,9.616,,100.7,,75.7,,100.7,,1415,108,4,22,7,141805.8,18907.44,,Idle,,20,,10,,,20,Go Home,False,False,False,False,False,False,False,False,False,False,False,False,33.8027920380556,-117.4659261431046,3584.6,3584.6,1049.4,396.9,True,1,1,False,False,False,False,,True,False,False,Course Lock,196.8,67,16.4,93,NE,SW,2.46,11.4,Calm,False,False,Android,7.0.2,M300 RTK,1ZN7L4R0H1D00F,1W9DL31001461C,1ZMLH8300204F0,1Z6PH74DAP0QN7,"Corona, CA",728.3,5.7,137.7,8.547347,2.013246,0,0,DJI Matrice 300 RTK,M300 RTK,1ZN7L4R0H1D00F,1W9DL31001461C,1ZMLH8300204F0,1Z6PH74DAP0QN7,DJI Pilot,Android,7.0.2,1EF72A62-B7C3-C88D-164E-CE6F8C8424AE,1ZN7L4R0H1D00F,1W9DL31001461C,,1ZMLH8300204F0,1W9DL31001461C,,,,,
2023-11-01,11:32:32.56 AM,8m 10.2s,490.2,33.7976442282636,-117.4760003865716,44.9,137.7,13.7,1309,4131.1,7.189596,7.569323,-7.158208,2.23694,-0.671082,1.342164,0,0.894776,-2.4,0.2,2.4,-172.8,187.2,186.2,Tripod,Other,,21,5,True,,True,False,,Smart,RC,False,True,False,,,True,,False,False,False,False,False,False,False,False,False,False,0,Follow Yaw,-77.9,0,179.1,179.1,False,False,False,False,False,,0,0,False,False,No Card,100,100,1024,1407,924,1024,2,False,False,False,False,False,0,False,False,False,False,74,,46.752,,3689,,4986,,46.752,,True,3.9,3.9,3.9,3.9,3.9,3.9,3.9,3.9,3.9,3.9,3.9,3.9,0,,False,False,True,,,,,,,,,,,,,,,False,False,9.616,,100.7,,75.7,,100.7,,1415,108,4,22,7,141805.8,18907.44,,Idle,,20,,10,,,20,Go Home,False,False,False,False,False,False,False,False,False,False,False,False,33.8027920380556,-117.4659261431046,3585.2,3585.2,1049.4,396.9,True,1,1,False,False,False,False,,True,False,False,Course Lock,196.8,67,16.4,93,NE,SW,2.46,11.4,Calm,False,False,Android,7.0.2,M300 RTK,1ZN7L4R0H1D00F,1W9DL31001461C,1ZMLH8300204F0,1Z6PH74DAP0QN7,"Corona, CA",728.3,5.7,137.7,8.547347,2.013246,0,0,DJI Matrice 300 RTK,M300 RTK,1ZN7L4R0H1D00F,1W9DL31001461C,1ZMLH8300204F0,1Z6PH74DAP0QN7,DJI Pilot,Android,7.0.2,1EF72A62-B7C3-C88D-164E-CE6F8C8424AE,1ZN7L4R0H1D00F,1W9DL31001461C,,1ZMLH8300204F0,1W9DL31001461C,,,,,
2023-11-01,11:32:32.66 AM,8m 10.3s,490.3,33.797641218051,-117.4760006226722,44.9,137.7,13.7,1309,4132.2,7.189596,7.569323,-7.158208,2.23694,-0.671082,1.342164,0,0.894776,-2.3,0.4,2.3,-172.8,187.2,183.7,Tripod,Other,,21,5,True,,True,False,,Smart,RC,False,True,False,,,True,,False,False,False,False,False,False,False,False,False,False,0,Follow Yaw,-77.9,0,179.1,179.1,False,False,False,False,False,,0,0,False,False,No Card,100,100,1024,1406,923,1024,2,False,False,False,False,False,0,False,False,False,False,74,,46.752,,3689,,4986,,46.752,,True,3.897,3.897,3.897,3.897,3.897,3.897,3.897,3.897,3.897,3.897,3.897,3.897,0,,False,False,True,,,,,,,,,,,,,,,False,False,9.616,,100.7,,75.7,,100.7,,1415,108,4,22,7,141584.2,18877.90,,Idle,,20,,10,,,20,Go Home,False,False,False,False,False,False,False,False,False,False,False,False,33.8027920380556,-117.4659261431046,3585.8,3585.8,1049.4,396.9,True,1,1,False,False,False,False,,True,False,False,Course Lock,196.8,67,16.4,93,NE,SW,2.46,11.4,Calm,False,False,Android,7.0.2,M300 RTK,1ZN7L4R0H1D00F,1W9DL31001461C,1ZMLH8300204F0,1Z6PH74DAP0QN7,"Corona, CA",728.3,5.7,137.7,8.547347,2.013246,0,0,DJI Matrice 300 RTK,M300 RTK,1ZN7L4R0H1D00F,1W9DL31001461C,1ZMLH8300204F0,1Z6PH74DAP0QN7,DJI Pilot,Android,7.0.2,1EF72A62-B7C3-C88D-164E-CE6F8C8424AE,1ZN7L4R0H1D00F,1W9DL31001461C,,1ZMLH8300204F0,1W9DL31001461C,,,,,
2023-11-01,11:32:32.76 AM,8m 10.4s,490.4,33.7976382181184,-117.4760010063874,44.9,137.7,13.7,1309,4133.3,7.189596,7.569323,-7.158208,2.23694,-0.671082,1.342164,0,0.894776,-2.3,0.5,2.3,-172.8,187.2,186.0,Tripod,Other,,21,5,True,,True,False,,Smart,RC,False,True,False,,,True,,False,False,False,False,False,False,False,False,False,False,0,Follow Yaw,-77.9,0,179.1,179.1,False,False,False,False,False,,0,0,False,False,No Card,100,100,1024,1405,899,980,2,False,False,False,False,False,0,False,False,False,False,74,,46.752,,3689,,4986,,46.752,,True,3.897,3.897,3.897,3.897,3.897,3.897,3.897,3.897,3.897,3.897,3.897,3.897,0,,False,False,True,,,,,,,,,,,,,,,False,False,9.616,,100.7,,75.7,,100.7,,1415,108,4,22,7,141584.2,18877.90,,Idle,,20,,10,,,20,Go Home,False,False,False,False,False,False,False,False,False,False,False,False,33.8027920380556,-117.4659261431046,3586.5,3586.5,1049.4,396.9,True,1,1,False,False,False,False,,True,False,False,Course Lock,196.8,67,16.4,93,NE,SW,2.46,11.4,Calm,False,False,Android,7.0.2,M300 RTK,1ZN7L4R0H1D00F,1W9DL31001461C,1ZMLH8300204F0,1Z6PH74DAP0QN7,"Corona, CA",728.3,5.7,137.7,8.547347,2.013246,0,0,DJI Matrice 300 RTK,M300 RTK,1ZN7L4R0H1D00F,1W9DL31001461C,1ZMLH8300204F0,1Z6PH74DAP0QN7,DJI Pilot,Android,7.0.2,1EF72A62-B7C3-C88D-164E-CE6F8C8424AE,1ZN7L4R0H1D00F,1W9DL31001461C,,1ZMLH8300204F0,1W9DL31001461C,,,,,
2023-11-01,11:32:32.87 AM,8m 10.5s,490.5,33.797635040687,-117.4760012715987,44.9,137.7,13.7,1309,4134.5,7.189596,7.569323,-7.158208,2.23694,-0.671082,1.342164,0,0.894776,-2.2,0.4,2.2,-172.8,187.2,183.9,Tripod,Other,,21,5,True,,True,False,,Smart,RC,False,True,False,,,True,,False,False,False,False,False,False,False,False,False,False,0,Follow Yaw,-77.9,0,179.1,179.1,False,False,False,False,False,,0,0,False,False,No Card,100,100,1024,1405,897,974,2,False,False,False,False,False,0,False,False,False,False,74,,46.752,,3689,,4986,,46.752,,True,3.897,3.897,3.897,3.897,3.897,3.897,3.897,3.897,3.897,3.897,3.897,3.897,0,,False,False,True,,,,,,,,,,,,,,,False,False,9.616,,100.7,,75.7,,100.7,,1415,108,4,22,7,141584.2,18877.90,,Idle,,20,,10,,,20,Go Home,False,False,False,False,False,False,False,False,False,False,False,False,33.8027920380556,-117.4659261431046,3587.2,3587.2,1049.4,396.9,True,1,1,False,False,False,False,,True,False,False,Course Lock,196.8,67,16.4,93,NE,SW,2.46,11.4,Calm,False,False,Android,7.0.2,M300 RTK,1ZN7L4R0H1D00F,1W9DL31001461C,1ZMLH8300204F0,1Z6PH74DAP0QN7,"Corona, CA",728.3,5.7,137.7,8.547347,2.013246,0,0,DJI Matrice 300 RTK,M300 RTK,1ZN7L4R0H1D00F,1W9DL31001461C,1ZMLH8300204F0,1Z6PH74DAP0QN7,DJI Pilot,Android,7.0.2,1EF72A62-B7C3-C88D-164E-CE6F8C8424AE,1ZN7L4R0H1D00F,1W9DL31001461C,,1ZMLH8300204F0,1W9DL31001461C,,,,,
2023-11-01,11:32:32.97 AM,8m 10.6s,490.6,33.7976318775104,-117.4760016692506,44.9,137.7,13.7,1309,4135.6,7.189596,7.569323,-7.158208,2.23694,-0.671082,1.342164,0,0.894776,-2.1,0.3,2.1,-172.8,187.2,185.9,Tripod,Other,,21,5,True,,True,False,,Smart,RC,False,True,False,,,True,,False,False,False,False,False,False,False,False,False,False,0,Follow Yaw,-77.9,0,179,179,False,False,False,False,False,,0,0,False,False,No Card,100,100,1024,1406,902,982,2,False,False,False,False,False,0,False,False,False,False,74,,46.752,,3689,,4986,,46.752,,True,3.897,3.897,3.897,3.897,3.897,3.897,3.897,3.897,3.897,3.897,3.897,3.897,0,,False,False,True,,,,,,,,,,,,,,,False,False,9.616,,100.7,,75.7,,100.7,,1415,108,4,22,7,141584.2,18877.90,,Idle,,20,,10,,,20,Go Home,False,False,False,False,False,False,False,False,False,False,False,False,33.8027920380556,-117.4659261431046,3587.9,3587.9,1049.4,396.9,True,1,1,False,False,False,False,,True,False,False,Course Lock,196.8,67,16.4,93,NE,SW,2.46,11.4,Calm,False,False,Android,7.0.2,M300 RTK,1ZN7L4R0H1D00F,1W9DL31001461C,1ZMLH8300204F0,1Z6PH74DAP0QN7,"Corona, CA",728.3,5.7,137.7,8.547347,2.013246,0,0,DJI Matrice 300 RTK,M300 RTK,1ZN7L4R0H1D00F,1W9DL31001461C,1ZMLH8300204F0,1Z6PH74DAP0QN7,DJI Pilot,Android,7.0.2,1EF72A62-B7C3-C88D-164E-CE6F8C8424AE,1ZN7L4R0H1D00F,1W9DL31001461C,,1ZMLH8300204F0,1W9DL31001461C,,,,,
2023-11-01,11:32:33.07 AM,8m 10.7s,490.7,33.7976292161273,-117.4760021031052,44.9,137.7,13.7,1309,4136.6,7.189596,7.569323,-7.158208,2.23694,-0.671082,1.342164,0,0.894776,-2.2,0,2.2,-172.9,187.1,187.7,Tripod,Other,,21,5,True,,True,False,,Smart,RC,False,True,False,,,True,,False,False,False,False,False,False,False,False,False,False,0,Follow Yaw,-77.9,0,179,179,False,False,False,False,False,,0,0,False,False,No Card,100,100,1024,1407,915,1011,2,False,False,False,False,False,0,False,False,False,False,74,,46.752,,3689,,4986,,46.752,,True,3.897,3.897,3.897,3.897,3.897,3.897,3.897,3.897,3.897,3.897,3.897,3.897,0,,False,False,True,,,,,,,,,,,,,,,False,False,9.616,,100.7,,75.7,,100.7,,1415,108,4,22,7,141584.2,18877.90,,Idle,,20,,10,,,20,Go Home,False,False,False,False,False,False,False,False,False,False,False,False,33.8027920380556,-117.4659261431046,3588.5,3588.5,1049.4,396.9,True,1,1,False,False,False,False,,True,False,False,Course Lock,196.8,67,16.4,93,NE,SW,2.46,11.4,Calm,False,False,Android,7.0.2,M300 RTK,1ZN7L4R0H1D00F,1W9DL31001461C,1ZMLH8300204F0,1Z6PH74DAP0QN7,"Corona, CA",728.3,5.7,137.7,8.547347,2.013246,0,0,DJI Matrice 300 RTK,M300 RTK,1ZN7L4R0H1D00F,1W9DL31001461C,1ZMLH8300204F0,1Z6PH74DAP0QN7,DJI Pilot,Android,7.0.2,1EF72A62-B7C3-C88D-164E-CE6F8C8424AE,1ZN7L4R0H1D00F,1W9DL31001461C,,1ZMLH8300204F0,1W9DL31001461C,,,,,
2023-11-01,11:32:33.18 AM,8m 10.8s,490.8,33.7976262226366,-117.4760024784912,44.9,137.7,13.7,1309,4137.7,7.189596,7.569323,-7.158208,2.23694,-0.671082,1.342164,0,0.894776,-2.2,0,2.2,-172.9,187.1,185.9,Tripod,Other,,21,5,True,,True,False,,Smart,RC,False,True,False,,,True,,False,False,False,False,False,False,False,False,False,False,0,Follow Yaw,-77.9,0,179,179,False,False,False,False,False,,0,0,False,False,No Card,100,100,1024,1406,908,961,2,False,False,False,False,False,0,False,False,False,False,74,,46.752,,3689,,4986,,46.752,,True,3.897,3.897,3.897,3.897,3.897,3.897,3.897,3.897,3.897,3.897,3.897,3.897,0,,False,False,True,,,,,,,,,,,,,,,False,False,9.616,,100.7,,75.7,,100.7,,1415,108,4,22,7,141584.2,18877.90,,Idle,,20,,10,,,20,Go Home,False,False,False,False,False,False,False,False,False,False,False,False,33.8027920380556,-117.4659261431046,3589.2,3589.2,1049.4,396.9,True,1,1,False,False,False,False,,True,False,False,Course Lock,196.8,67,16.4,93,NE,SW,2.46,11.4,Calm,False,False,Android,7.0.2,M300 RTK,1ZN7L4R0H1D00F,1W9DL31001461C,1ZMLH8300204F0,1Z6PH74DAP0QN7,"Corona, CA",728.3,5.7,137.7,8.547347,2.013246,0,0,DJI Matrice 300 RTK,M300 RTK,1ZN7L4R0H1D00F,1W9DL31001461C,1ZMLH8300204F0,1Z6PH74DAP0QN7,DJI Pilot,Android,7.0.2,1EF72A62-B7C3-C88D-164E-CE6F8C8424AE,1ZN7L4R0H1D00F,1W9DL31001461C,,1ZMLH8300204F0,1W9DL31001461C,,,,,
2023-11-01,11:32:33.24 AM,8m 10.9s,490.9,33.7976230767301,-117.4760029280969,44.9,137.7,13.7,1309,4138.8,7.189596,7.569323,-7.158208,2.23694,-0.671082,1.342164,0,0.894776,-2.1,0.2,2.1,-172.9,187.1,186.7,Tripod,Other,,21,5,True,,True,False,,Smart,RC,False,True,False,,,True,,False,False,False,False,False,False,False,False,False,False,0,Follow Yaw,-77.9,0,179,179,False,False,False,False,False,,0,0,False,False,No Card,100,100,1024,1407,908,985,2,False,False,False,False,False,0,False,False,False,False,74,,46.752,,3689,,4986,,46.752,,True,3.897,3.897,3.897,3.897,3.897,3.897,3.897,3.897,3.897,3.897,3.897,3.897,0,,False,False,True,,,,,,,,,,,,,,,False,False,9.616,,100.7,,75.7,,100.7,,1415,108,4,22,7,141584.2,18877.90,,Idle,,20,,10,,,20,Go Home,False,False,False,False,False,False,False,False,False,False,False,False,33.8027920380556,-117.4659261431046,3589.9,3589.9,1049.4,396.9,True,1,1,False,False,False,False,,True,False,False,Course Lock,196.8,67,16.4,93,NE,SW,2.46,11.4,Calm,False,False,Android,7.0.2,M300 RTK,1ZN7L4R0H1D00F,1W9DL31001461C,1ZMLH8300204F0,1Z6PH74DAP0QN7,"Corona, CA",728.3,5.7,137.7,8.547347,2.013246,0,0,DJI Matrice 300 RTK,M300 RTK,1ZN7L4R0H1D00F,1W9DL31001461C,1ZMLH8300204F0,1Z6PH74DAP0QN7,DJI Pilot,Android,7.0.2,1EF72A62-B7C3-C88D-164E-CE6F8C8424AE,1ZN7L4R0H1D00F,1W9DL31001461C,,1ZMLH8300204F0,1W9DL31001461C,,,,,
2023-11-01,11:32:33.34 AM,8m 11.0s,491.0,33.7976202382595,-117.4760032804748,44.9,137.7,13.7,1309,4139.9,7.189596,7.569323,-7.158208,2.23694,-0.671082,1.342164,0,0.894776,-2.2,0.3,2.2,-172.9,187.1,185.8,Tripod,Other,,21,5,True,,True,False,,Smart,RC,False,True,False,,,True,,False,False,False,False,False,False,False,False,False,False,0,Follow Yaw,-77.9,0,178.9,178.9,False,False,False,False,False,,0,0,False,False,No Card,100,100,1024,1407,910,1024,2,False,False,False,False,False,0,False,False,False,False,74,,46.74,,7431,,10044,,46.74,,True,3.897,3.897,3.897,3.897,3.897,3.897,3.897,3.897,3.897,3.897,3.897,3.897,0,,False,False,True,,,,,,,,,,,,,,,False,False,19.358,,100.9,,75.7,,100.9,,1415,108,4,22,7,141584.2,18877.90,,Idle,,20,,10,,,20,Go Home,False,False,False,False,False,False,False,False,False,False,False,False,33.8027920380556,-117.4659261431046,3590.5,3590.5,1049.4,396.9,True,1,1,False,False,False,False,,True,False,False,Course Lock,196.8,67,16.4,93,NE,SW,2.46,11.4,Calm,False,False,Android,7.0.2,M300 RTK,1ZN7L4R0H1D00F,1W9DL31001461C,1ZMLH8300204F0,1Z6PH74DAP0QN7,"Corona, CA",728.3,5.7,137.7,8.547347,2.013246,0,0,DJI Matrice 300 RTK,M300 RTK,1ZN7L4R0H1D00F,1W9DL31001461C,1ZMLH8300204F0,1Z6PH74DAP0QN7,DJI Pilot,Android,7.0.2,1EF72A62-B7C3-C88D-164E-CE6F8C8424AE,1ZN7L4R0H1D00F,1W9DL31001461C,,1ZMLH8300204F0,1W9DL31001461C,,,,,
2023-11-01,11:32:33.44 AM,8m 11.1s,491.1,33.7976172505256,-117.476003519132,44.9,137.7,13.7,1309,4141.0,7.189596,7.569323,-7.158208,2.23694,-0.671082,1.342164,0,0.894776,-2.2,0.1,2.2,-172.9,187.1,183.7,Tripod,Other,,21,5,True,,True,False,,Smart,RC,False,True,False,,,True,,False,False,False,False,False,False,False,False,False,False,0,Follow Yaw,-77.9,0,178.9,178.9,False,False,False,False,False,,0,0,False,False,No Card,100,100,1024,1410,968,1024,2,False,False,False,False,False,0,False,False,False,False,74,,46.74,,7431,,10044,,46.74,,True,3.897,3.897,3.897,3.897,3.897,3.897,3.897,3.897,3.897,3.897,3.897,3.897,0,,False,False,True,,,,,,,,,,,,,,,False,False,19.358,,100.9,,75.7,,100.9,,1415,108,4,22,7,141584.2,18877.90,,Idle,,20,,10,,,20,Go Home,False,False,False,False,False,False,False,False,False,False,False,False,33.8027920380556,-117.4659261431046,3591.2,3591.2,1049.4,396.9,True,1,1,False,False,False,False,,True,False,False,Course Lock,196.8,67,16.4,93,NE,SW,2.46,11.4,Calm,False,False,Android,7.0.2,M300 RTK,1ZN7L4R0H1D00F,1W9DL31001461C,1ZMLH8300204F0,1Z6PH74DAP0QN7,"Corona, CA",728.3,5.7,137.7,8.547347,2.013246,0,0,DJI Matrice 300 RTK,M300 RTK,1ZN7L4R0H1D00F,1W9DL31001461C,1ZMLH8300204F0,1Z6PH74DAP0QN7,DJI Pilot,Android,7.0.2,1EF72A62-B7C3-C88D-164E-CE6F8C8424AE,1ZN7L4R0H1D00F,1W9DL31001461C,,1ZMLH8300204F0,1W9DL31001461C,,,,,
2023-11-01,11:32:33.54 AM,8m 11.2s,491.2,33.7976142671777,-117.4760038794268,44.9,137.7,13.7,1309,4142.1,7.189596,7.569323,-7.158208,2.23694,-0.671082,1.342164,0,0.894776,-2.1,0.3,2.1,-172.9,187.1,185.7,Tripod,Other,,22,5,True,,True,False,,Smart,RC,False,True,False,,,True,,False,False,False,False,False,False,False,False,False,False,0,Follow Yaw,-77.9,0,178.9,178.9,False,False,False,False,False,,0,0,False,False,No Card,100,100,1024,1410,968,1024,2,False,False,False,False,False,0,False,False,False,False,74,,46.74,,7431,,10044,,46.74,,True,3.897,3.897,3.897,3.897,3.897,3.897,3.897,3.897,3.897,3.897,3.897,3.897,0,,False,False,True,,,,,,,,,,,,,,,False,False,19.358,,100.9,,75.7,,100.9,,1415,108,4,22,7,141584.2,18877.90,,Idle,,20,,10,,,20,Go Home,False,False,False,False,False,False,False,False,False,False,False,False,33.8027920380556,-117.4659261431046,3591.8,3591.8,1049.4,396.9,True,1,1,False,False,False,False,,True,False,False,Course Lock,196.8,67,16.4,93,NE,SW,2.46,11.4,Calm,False,False,Android,7.0.2,M300 RTK,1ZN7L4R0H1D00F,1W9DL31001461C,1ZMLH8300204F0,1Z6PH74DAP0QN7,"Corona, CA",728.3,5.7,137.7,8.547347,2.013246,0,0,DJI Matrice 300 RTK,M300 RTK,1ZN7L4R0H1D00F,1W9DL31001461C,1ZMLH8300204F0,1Z6PH74DAP0QN7,DJI Pilot,Android,7.0.2,1EF72A62-B7C3-C88D-164E-CE6F8C8424AE,1ZN7L4R0H1D00F,1W9DL31001461C,,1ZMLH8300204F0,1W9DL31001461C,,,,,
2023-11-01,11:32:33.64 AM,8m 11.3s,491.3,33.7976112597065,-117.4760044976757,44.9,137.7,13.7,1309,4143.2,7.189596,7.569323,-7.158208,2.23694,-0.671082,1.342164,0,0.894776,-2.1,0.5,2.1,-172.9,187.1,189.6,Tripod,Other,,22,5,True,,True,False,,Smart,RC,False,True,False,,,True,,False,False,False,False,False,False,False,False,False,False,0,Follow Yaw,-77.9,0,178.9,178.9,False,False,False,False,False,,0,0,False,False,No Card,100,100,1024,1409,965,1024,2,False,False,False,False,False,0,False,False,False,False,74,,46.74,,7431,,10044,,46.74,,True,3.895,3.895,3.895,3.895,3.895,3.895,3.895,3.895,3.895,3.895,3.895,3.895,0,,False,False,True,,,,,,,,,,,,,,,False,False,19.358,,100.9,,75.7,,100.9,,1415,108,4,22,7,141537.4,18871.65,,Idle,,20,,10,,,20,Go Home,False,False,False,False,False,False,False,False,False,False,False,False,33.8027920380556,-117.4659261431046,3592.6,3592.6,1049.4,396.9,True,1,1,False,False,False,False,,True,False,False,Course Lock,196.8,67,16.4,93,NE,SW,2.46,11.4,Calm,False,False,Android,7.0.2,M300 RTK,1ZN7L4R0H1D00F,1W9DL31001461C,1ZMLH8300204F0,1Z6PH74DAP0QN7,"Corona, CA",728.3,5.7,137.7,8.547347,2.013246,0,0,DJI Matrice 300 RTK,M300 RTK,1ZN7L4R0H1D00F,1W9DL31001461C,1ZMLH8300204F0,1Z6PH74DAP0QN7,DJI Pilot,Android,7.0.2,1EF72A62-B7C3-C88D-164E-CE6F8C8424AE,1ZN7L4R0H1D00F,1W9DL31001461C,,1ZMLH8300204F0,1W9DL31001461C,,,,,
2023-11-01,11:32:33.71 AM,8m 11.4s,491.4,33.7976082774551,-117.4760048819681,44.9,137.7,13.7,1309,4144.3,7.189596,7.569323,-7.158208,2.23694,-0.671082,1.342164,0,0.894776,-2.3,0.5,2.3,-172.9,187.1,186.1,Tripod,Other,,23,5,True,,True,False,,Smart,RC,False,True,False,,,True,,False,False,False,False,False,False,False,False,False,False,0,Follow Yaw,-77.9,0,178.9,178.9,False,False,False,False,False,,0,0,False,False,No Card,100,100,1024,1409,962,1024,2,False,False,False,False,False,0,False,False,False,False,74,,46.74,,7431,,10044,,46.74,,True,3.895,3.895,3.895,3.895,3.895,3.895,3.895,3.895,3.895,3.895,3.895,3.895,0,,False,False,True,,,,,,,,,,,,,,,False,False,19.358,,100.9,,75.7,,100.9,,1415,108,4,22,7,141537.4,18871.65,,Idle,,20,,10,,,20,Go Home,False,False,False,False,False,False,False,False,False,False,False,False,33.8027920380556,-117.4659261431046,3593.2,3593.2,1049.4,396.9,True,1,1,False,False,False,False,,True,False,False,Course Lock,196.8,67,16.4,93,NE,SW,2.46,11.4,Calm,False,False,Android,7.0.2,M300 RTK,1ZN7L4R0H1D00F,1W9DL31001461C,1ZMLH8300204F0,1Z6PH74DAP0QN7,"Corona, CA",728.3,5.7,137.7,8.547347,2.013246,0,0,DJI Matrice 300 RTK,M300 RTK,1ZN7L4R0H1D00F,1W9DL31001461C,1ZMLH8300204F0,1Z6PH74DAP0QN7,DJI Pilot,Android,7.0.2,1EF72A62-B7C3-C88D-164E-CE6F8C8424AE,1ZN7L4R0H1D00F,1W9DL31001461C,,1ZMLH8300204F0,1W9DL31001461C,,,,,
2023-11-01,11:32:33.84 AM,8m 11.5s,491.5,33.7976055038161,-117.4760051425613,44.9,137.7,13.7,1309,4145.3,7.189596,7.569323,-7.158208,2.23694,-0.671082,1.342164,0,0.894776,-2.4,0.4,2.4,-172.9,187.1,184.4,Tripod,Other,,23,5,True,,True,False,,Smart,RC,False,True,False,,,True,,False,False,False,False,False,False,False,False,False,False,0,Follow Yaw,-77.9,0,178.9,178.9,False,False,False,False,False,,0,0,False,False,No Card,100,100,1024,1409,968,1024,2,False,False,False,False,False,0,False,False,False,False,74,,46.74,,7431,,10044,,46.74,,True,3.895,3.895,3.895,3.895,3.895,3.895,3.895,3.895,3.895,3.895,3.895,3.895,0,,False,False,True,,,,,,,,,,,,,,,False,False,19.358,,100.9,,75.7,,100.9,,1415,108,4,22,7,141537.4,18871.65,,Idle,,20,,10,,,20,Go Home,False,False,False,False,False,False,False,False,False,False,False,False,33.8027920380556,-117.4659261431046,3593.8,3593.8,1049.4,396.9,True,1,1,False,False,False,False,,True,False,False,Course Lock,196.8,67,16.4,93,NE,SW,2.46,11.4,Calm,False,False,Android,7.0.2,M300 RTK,1ZN7L4R0H1D00F,1W9DL31001461C,1ZMLH8300204F0,1Z6PH74DAP0QN7,"Corona, CA",728.3,5.7,137.7,8.547347,2.013246,0,0,DJI Matrice 300 RTK,M300 RTK,1ZN7L4R0H1D00F,1W9DL31001461C,1ZMLH8300204F0,1Z6PH74DAP0QN7,DJI Pilot,Android,7.0.2,1EF72A62-B7C3-C88D-164E-CE6F8C8424AE,1ZN7L4R0H1D00F,1W9DL31001461C,,1ZMLH8300204F0,1W9DL31001461C,,,,,
2023-11-01,11:32:33.94 AM,8m 11.6s,491.6,33.7976023946429,-117.4760055434294,44.9,137.7,13.7,1309,4146.4,7.189596,7.569323,-7.158208,2.23694,-0.671082,1.342164,0,0.894776,-2.5,0.3,2.5,-172.9,187.1,186.1,Tripod,Other,,23,5,True,,True,False,,Smart,RC,False,True,False,,,True,,False,False,False,False,False,False,False,False,False,False,0,Follow Yaw,-77.9,0,178.9,178.9,False,False,False,False,False,,0,0,False,False,No Card,100,100,1024,1409,976,1024,2,False,False,False,False,False,0,False,False,False,False,74,,46.74,,7431,,10044,,46.74,,True,3.895,3.895,3.895,3.895,3.895,3.895,3.895,3.895,3.895,3.895,3.895,3.895,0,,False,False,True,,,,,,,,,,,,,,,False,False,19.358,,100.9,,75.7,,100.9,,1415,108,4,22,7,141537.4,18871.65,,Idle,,20,,10,,,20,Go Home,False,False,False,False,False,False,False,False,False,False,False,False,33.8027920380556,-117.4659261431046,3594.5,3594.5,1049.4,396.9,True,1,1,False,False,False,False,,True,False,False,Course Lock,196.8,67,16.4,93,NE,SW,2.46,11.4,Calm,False,False,Android,7.0.2,M300 RTK,1ZN7L4R0H1D00F,1W9DL31001461C,1ZMLH8300204F0,1Z6PH74DAP0QN7,"Corona, CA",728.3,5.7,137.7,8.547347,2.013246,0,0,DJI Matrice 300 RTK,M300 RTK,1ZN7L4R0H1D00F,1W9DL31001461C,1ZMLH8300204F0,1Z6PH74DAP0QN7,DJI Pilot,Android,7.0.2,1EF72A62-B7C3-C88D-164E-CE6F8C8424AE,1ZN7L4R0H1D00F,1W9DL31001461C,,1ZMLH8300204F0,1W9DL31001461C,,,,,
2023-11-01,11:32:34.02 AM,8m 11.7s,491.7,33.7975994744818,-117.476006004003,44.9,137.7,13.7,1309,4147.5,7.189596,7.569323,-7.158208,2.23694,-0.671082,1.342164,0,0.894776,-2.6,0.3,2.6,-172.9,187.1,187.4,Tripod,Other,,23,5,True,,True,False,,Smart,RC,False,True,False,,,True,,False,False,False,False,False,False,False,False,False,False,0,Follow Yaw,-77.9,0,178.9,178.9,False,False,False,False,False,,0,0,False,False,No Card,100,100,1024,1410,994,1024,2,False,False,False,False,False,0,False,False,False,False,74,,46.692,,3689,,4986,,46.692,,True,3.895,3.895,3.895,3.895,3.895,3.895,3.895,3.895,3.895,3.895,3.895,3.895,0,,False,False,True,,,,,,,,,,,,,,,False,False,9.542,,100.9,,75.7,,100.9,,1415,108,4,22,7,141537.4,18871.65,,Idle,,20,,10,,,20,Go Home,False,False,False,False,False,False,False,False,False,False,False,False,33.8027920380556,-117.4659261431046,3595.2,3595.2,1049.4,396.9,True,1,1,False,False,False,False,,True,False,False,Course Lock,196.8,67,16.4,93,NE,SW,2.46,11.4,Calm,False,False,Android,7.0.2,M300 RTK,1ZN7L4R0H1D00F,1W9DL31001461C,1ZMLH8300204F0,1Z6PH74DAP0QN7,"Corona, CA",728.3,5.7,137.7,8.547347,2.013246,0,0,DJI Matrice 300 RTK,M300 RTK,1ZN7L4R0H1D00F,1W9DL31001461C,1ZMLH8300204F0,1Z6PH74DAP0QN7,DJI Pilot,Android,7.0.2,1EF72A62-B7C3-C88D-164E-CE6F8C8424AE,1ZN7L4R0H1D00F,1W9DL31001461C,,1ZMLH8300204F0,1W9DL31001461C,,,,,
2023-11-01,11:32:34.13 AM,8m 11.8s,491.8,33.7975964983984,-117.4760063931609,44.6,137.7,13.7,1308,4148.6,7.189596,7.569323,-7.158208,2.23694,-0.671082,1.342164,0,0.894776,-2.5,0.4,2.5,-172.9,187.1,186.2,Tripod,Other,,23,5,True,,True,False,,Smart,RC,False,True,False,,,True,,False,False,False,False,False,False,False,False,False,False,0,Follow Yaw,-77.9,0,178.9,178.9,False,False,False,False,False,,0,0,False,False,No Card,100,100,1024,1411,986,978,2,False,False,False,False,False,0,False,False,False,False,74,,46.692,,3689,,4986,,46.692,,True,3.895,3.895,3.895,3.895,3.895,3.895,3.895,3.895,3.895,3.895,3.895,3.895,0,,False,False,True,,,,,,,,,,,,,,,False,False,9.542,,100.9,,75.7,,100.9,,1415,108,4,22,7,141537.4,18871.65,,Idle,,20,,10,,,20,Go Home,False,False,False,False,False,False,False,False,False,False,False,False,33.8027920380556,-117.4659261431046,3595.9,3595.9,1049.4,396.9,True,1,1,False,False,False,False,,True,False,False,Course Lock,196.8,67,16.4,93,NE,SW,2.46,11.4,Calm,False,False,Android,7.0.2,M300 RTK,1ZN7L4R0H1D00F,1W9DL31001461C,1ZMLH8300204F0,1Z6PH74DAP0QN7,"Corona, CA",728.3,5.7,137.7,8.547347,2.013246,0,0,DJI Matrice 300 RTK,M300 RTK,1ZN7L4R0H1D00F,1W9DL31001461C,1ZMLH8300204F0,1Z6PH74DAP0QN7,DJI Pilot,Android,7.0.2,1EF72A62-B7C3-C88D-164E-CE6F8C8424AE,1ZN7L4R0H1D00F,1W9DL31001461C,,1ZMLH8300204F0,1W9DL31001461C,,,,,
2023-11-01,11:32:34.23 AM,8m 11.9s,491.9,33.7975936038683,-117.4760070165228,44.6,137.7,14.1,1308,4149.7,7.189596,7.569323,-7.158208,2.23694,-0.671082,1.342164,0,0.894776,-2.5,0.4,2.5,-172.9,187.1,190.1,Tripod,Other,,23,5,True,,True,False,,Smart,RC,False,True,False,,,True,,False,False,False,False,False,False,False,False,False,False,0,Follow Yaw,-77.9,0,178.8,178.8,False,False,False,False,False,,0,0,False,False,No Card,100,100,1024,1410,973,837,2,False,False,False,False,False,0,False,False,False,False,74,,46.692,,3689,,4986,,46.692,,True,3.895,3.895,3.895,3.895,3.895,3.895,3.895,3.895,3.895,3.895,3.895,3.895,0,,False,False,True,,,,,,,,,,,,,,,False,False,9.542,,100.9,,75.7,,100.9,,1415,108,4,22,7,141537.4,18871.65,,Idle,,20,,10,,,20,Go Home,False,False,False,False,False,False,False,False,False,False,False,False,33.8027920380556,-117.4659261431046,3596.6,3596.6,1049.4,396.9,True,1,1,False,False,False,False,,True,False,False,Course Lock,196.8,67,16.4,93,NE,SW,2.46,11.4,Calm,False,False,Android,7.0.2,M300 RTK,1ZN7L4R0H1D00F,1W9DL31001461C,1ZMLH8300204F0,1Z6PH74DAP0QN7,"Corona, CA",728.3,5.7,137.7,8.547347,2.013246,0,0,DJI Matrice 300 RTK,M300 RTK,1ZN7L4R0H1D00F,1W9DL31001461C,1ZMLH8300204F0,1Z6PH74DAP0QN7,DJI Pilot,Android,7.0.2,1EF72A62-B7C3-C88D-164E-CE6F8C8424AE,1ZN7L4R0H1D00F,1W9DL31001461C,,1ZMLH8300204F0,1W9DL31001461C,,,,,
2023-11-01,11:32:34.34 AM,8m 12.0s,492.0,33.79759079144,-117.4760074132676,44.6,137.7,14.1,1308,4150.7,7.189596,7.569323,-7.158208,2.23694,-0.671082,1.342164,0,0.894776,-2.5,0.1,2.5,-172.9,187.1,186.6,Tripod,Other,,23,5,True,,True,False,,Smart,RC,False,True,False,,,True,,False,False,False,False,False,False,False,False,False,False,0,Follow Yaw,-77.9,0,178.6,178.6,False,False,False,False,False,,0,0,False,False,No Card,100,100,1024,1411,973,837,2,False,False,False,False,False,0,False,False,False,False,74,,46.728,,7431,,10044,,46.728,,True,3.895,3.895,3.895,3.895,3.895,3.895,3.895,3.895,3.895,3.895,3.895,3.895,0,,False,False,True,,,,,,,,,,,,,,,False,False,19.204,,100.9,,75.7,,100.9,,1415,108,4,22,7,141537.4,18871.65,,Idle,,20,,10,,,20,Go Home,False,False,False,False,False,False,False,False,False,False,False,False,33.8027920380556,-117.4659261431046,3597.3,3597.3,1049.4,396.9,True,1,1,False,False,False,False,,True,False,False,Course Lock,196.8,67,16.4,93,NE,SW,2.46,11.4,Calm,False,False,Android,7.0.2,M300 RTK,1ZN7L4R0H1D00F,1W9DL31001461C,1ZMLH8300204F0,1Z6PH74DAP0QN7,"Corona, CA",728.3,5.7,137.7,8.547347,2.013246,0,0,DJI Matrice 300 RTK,M300 RTK,1ZN7L4R0H1D00F,1W9DL31001461C,1ZMLH8300204F0,1Z6PH74DAP0QN7,DJI Pilot,Android,7.0.2,1EF72A62-B7C3-C88D-164E-CE6F8C8424AE,1ZN7L4R0H1D00F,1W9DL31001461C,,1ZMLH8300204F0,1W9DL31001461C,,,,,
2023-11-01,11:32:34.43 AM,8m 12.1s,492.1,33.7975874546026,-117.4760078421742,44.6,137.7,14.1,1308,4151.9,7.189596,7.569323,-7.158208,2.23694,-0.671082,1.342164,0,0.894776,-2.6,-0.8,2.7,-173.1,186.9,186.0,Tripod,Other,,23,5,True,,True,False,,Smart,RC,False,True,False,,,True,,False,False,False,False,False,False,False,False,False,False,0,Follow Yaw,-77.9,0,178.2,178.2,False,False,False,False,False,,0,0,False,False,No Card,100,100,1024,1410,973,802,2,False,False,False,False,False,0,False,False,False,False,74,,46.728,,7431,,10044,,46.728,,True,3.895,3.895,3.895,3.895,3.895,3.895,3.895,3.895,3.895,3.895,3.895,3.895,0,,False,False,True,,,,,,,,,,,,,,,False,False,19.204,,100.9,,75.7,,100.9,,1415,108,4,22,7,141537.4,18871.65,,Idle,,20,,10,,,20,Go Home,False,False,False,False,False,False,False,False,False,False,False,False,33.8027920380556,-117.4659261431046,3598.0,3598.0,1049.4,396.9,True,1,1,False,False,False,False,,True,False,False,Course Lock,196.8,67,16.4,93,NE,SW,2.46,11.4,Calm,False,False,Android,7.0.2,M300 RTK,1ZN7L4R0H1D00F,1W9DL31001461C,1ZMLH8300204F0,1Z6PH74DAP0QN7,"Corona, CA",728.3,5.7,137.7,8.547347,2.013246,0,0,DJI Matrice 300 RTK,M300 RTK,1ZN7L4R0H1D00F,1W9DL31001461C,1ZMLH8300204F0,1Z6PH74DAP0QN7,DJI Pilot,Android,7.0.2,1EF72A62-B7C3-C88D-164E-CE6F8C8424AE,1ZN7L4R0H1D00F,1W9DL31001461C,,1ZMLH8300204F0,1W9DL31001461C,,,,,
2023-11-01,11:32:34.54 AM,8m 12.2s,492.2,33.7975844557664,-117.4760082439494,44.9,137.7,14.1,1309,4153.0,7.189596,7.569323,-7.158208,2.23694,-0.671082,1.342164,0,0.894776,-2.7,-1.6,3.1,-173.3,186.7,186.3,Tripod,Other,,23,5,True,,True,False,,Smart,RC,False,True,False,,,True,,False,False,False,False,False,False,False,False,False,False,0,Follow Yaw,-77.9,0,177.7,177.7,False,False,False,False,False,,0,0,False,False,No Card,100,100,1024,1410,975,760,2,False,False,False,False,False,0,False,False,False,False,74,,46.728,,7431,,10044,,46.728,,True,3.895,3.895,3.895,3.895,3.895,3.895,3.895,3.895,3.895,3.895,3.895,3.895,0,,False,False,True,,,,,,,,,,,,,,,False,False,19.204,,100.9,,75.7,,100.9,,1415,108,4,22,7,141537.4,18871.65,,Idle,,20,,10,,,20,Go Home,False,False,False,False,False,False,False,False,False,False,False,False,33.8027920380556,-117.4659261431046,3598.7,3598.7,1049.4,396.9,True,1,1,False,False,False,False,,True,False,False,Course Lock,196.8,67,16.4,93,NE,SW,2.46,11.4,Calm,False,False,Android,7.0.2,M300 RTK,1ZN7L4R0H1D00F,1W9DL31001461C,1ZMLH8300204F0,1Z6PH74DAP0QN7,"Corona, CA",728.3,5.7,137.7,8.547347,2.013246,0,0,DJI Matrice 300 RTK,M300 RTK,1ZN7L4R0H1D00F,1W9DL31001461C,1ZMLH8300204F0,1Z6PH74DAP0QN7,DJI Pilot,Android,7.0.2,1EF72A62-B7C3-C88D-164E-CE6F8C8424AE,1ZN7L4R0H1D00F,1W9DL31001461C,,1ZMLH8300204F0,1W9DL31001461C,,,,,
2023-11-01,11:32:34.64 AM,8m 12.3s,492.3,33.7975817943832,-117.4760085473425,44.9,137.7,14.1,1309,4154.0,7.412342,7.569323,-7.381902,2.23694,-0.671082,1.342164,0,0.894776,-2.6,-2.1,3.3,-173.6,186.4,185.4,Tripod,Other,,23,5,True,,True,False,,Smart,RC,False,True,False,,,True,,False,False,False,False,False,False,False,False,False,False,0,Follow Yaw,-77.9,0,177.1,177.1,False,False,False,False,False,,0,0,False,False,No Card,100,100,1024,1411,972,736,2,False,False,False,False,False,0,False,False,False,False,74,,46.728,,7431,,10044,,46.728,,True,3.894,3.894,3.894,3.894,3.894,3.894,3.894,3.894,3.894,3.894,3.894,3.894,0,,False,False,True,,,,,,,,,,,,,,,False,False,19.204,,100.9,,75.7,,100.9,,1415,108,4,22,7,141724.7,18896.63,,Idle,,20,,10,,,20,Go Home,False,False,False,False,False,False,False,False,False,False,False,False,33.8027920380556,-117.4659261431046,3599.3,3599.3,1049.4,396.9,True,1,1,False,False,False,False,,True,False,False,Course Lock,196.8,67,16.4,93,NE,SW,2.46,11.4,Calm,False,False,Android,7.0.2,M300 RTK,1ZN7L4R0H1D00F,1W9DL31001461C,1ZMLH8300204F0,1Z6PH74DAP0QN7,"Corona, CA",728.3,5.7,137.7,8.547347,2.013246,0,0,DJI Matrice 300 RTK,M300 RTK,1ZN7L4R0H1D00F,1W9DL31001461C,1ZMLH8300204F0,1Z6PH74DAP0QN7,DJI Pilot,Android,7.0.2,1EF72A62-B7C3-C88D-164E-CE6F8C8424AE,1ZN7L4R0H1D00F,1W9DL31001461C,,1ZMLH8300204F0,1W9DL31001461C,,,,,
2023-11-01,11:32:34.74 AM,8m 12.4s,492.4,33.7975786601273,-117.4760088781143,44.9,137.7,14.1,1309,4155.2,7.395446,7.569323,-7.381902,2.23694,-0.447388,1.342164,0,0.894776,-2.5,-2.6,3.6,-174.1,185.9,185.0,Tripod,Other,,22,5,True,,True,False,,Smart,RC,False,True,False,,,True,,False,False,False,False,False,False,False,False,False,False,0,Follow Yaw,-77.9,0,176.4,176.4,False,False,False,False,False,,0,0,False,False,No Card,100,100,1024,1411,974,721,2,False,False,False,False,False,0,False,False,False,False,74,,46.728,,7431,,10044,,46.728,,True,3.894,3.894,3.894,3.894,3.894,3.894,3.894,3.894,3.894,3.894,3.894,3.894,0,,False,False,True,,,,,,,,,,,,,,,False,False,19.204,,100.9,,75.7,,100.9,,1415,108,4,22,7,141724.7,18896.63,,Idle,,20,,10,,,20,Go Home,False,False,False,False,False,False,False,False,False,False,False,False,33.8027920380556,-117.4659261431046,3600.0,3600.0,1049.4,396.9,True,1,1,False,False,False,False,,True,False,False,Course Lock,196.8,67,16.4,93,NE,SW,2.46,11.4,Calm,False,False,Android,7.0.2,M300 RTK,1ZN7L4R0H1D00F,1W9DL31001461C,1ZMLH8300204F0,1Z6PH74DAP0QN7,"Corona, CA",728.3,5.7,137.7,8.547347,2.013246,0,0,DJI Matrice 300 RTK,M300 RTK,1ZN7L4R0H1D00F,1W9DL31001461C,1ZMLH8300204F0,1Z6PH74DAP0QN7,DJI Pilot,Android,7.0.2,1EF72A62-B7C3-C88D-164E-CE6F8C8424AE,1ZN7L4R0H1D00F,1W9DL31001461C,,1ZMLH8300204F0,1W9DL31001461C,,,,,
2023-11-01,11:32:34.85 AM,8m 12.5s,492.5,33.7975757257114,-117.4760090711676,44.9,137.7,14.1,1309,4156.2,7.395446,7.569323,-7.381902,2.23694,-0.447388,1.342164,0,0.894776,-2.4,-2.8,3.6,-174.5,185.5,183.1,Tripod,Other,,22,5,True,,True,False,,Smart,RC,False,True,False,,,True,,False,False,False,False,False,False,False,False,False,False,0,Follow Yaw,-77.9,0,175.6,175.6,False,False,False,False,False,,0,0,False,False,No Card,100,100,1024,1410,977,765,2,False,False,False,False,False,0,False,False,False,False,74,,46.728,,7431,,10044,,46.728,,True,3.894,3.894,3.894,3.894,3.894,3.894,3.894,3.894,3.894,3.894,3.894,3.894,0,,False,False,True,,,,,,,,,,,,,,,False,False,19.204,,100.9,,75.7,,100.9,,1415,108,4,22,7,141724.7,18896.63,,Idle,,20,,10,,,20,Go Home,False,False,False,False,False,False,False,False,False,False,False,False,33.8027920380556,-117.4659261431046,3600.6,3600.6,1049.4,396.9,True,1,1,False,False,False,False,,True,False,False,Course Lock,196.8,67,16.4,93,NE,SW,2.46,11.4,Calm,False,False,Android,7.0.2,M300 RTK,1ZN7L4R0H1D00F,1W9DL31001461C,1ZMLH8300204F0,1Z6PH74DAP0QN7,"Corona, CA",728.3,5.7,137.7,8.547347,2.013246,0,0,DJI Matrice 300 RTK,M300 RTK,1ZN7L4R0H1D00F,1W9DL31001461C,1ZMLH8300204F0,1Z6PH74DAP0QN7,DJI Pilot,Android,7.0.2,1EF72A62-B7C3-C88D-164E-CE6F8C8424AE,1ZN7L4R0H1D00F,1W9DL31001461C,,1ZMLH8300204F0,1W9DL31001461C,,,,,
2023-11-01,11:32:34.95 AM,8m 12.6s,492.6,33.7975727222151,-117.4760092763434,44.9,137.7,14.1,1309,4157.3,7.38529,7.569323,-7.381902,2.23694,-0.223694,1.342164,0,0.894776,-2.2,-2.9,3.6,-175.2,184.8,183.2,Tripod,Other,,22,5,True,,True,False,,Smart,RC,False,True,False,,,True,,False,False,False,False,False,False,False,False,False,False,0,Follow Yaw,-77.9,0,174.8,174.8,False,False,False,False,False,,0,0,False,False,No Card,100,100,1024,1408,976,835,2,False,False,False,False,False,0,False,False,False,False,74,,46.728,,7431,,10044,,46.728,,True,3.894,3.894,3.894,3.894,3.894,3.894,3.894,3.894,3.894,3.894,3.894,3.894,0,,False,False,True,,,,,,,,,,,,,,,False,False,19.204,,100.9,,75.7,,100.9,,1415,108,4,22,7,141724.7,18896.63,,Idle,,20,,10,,,20,Go Home,False,False,False,False,False,False,False,False,False,False,False,False,33.8027920380556,-117.4659261431046,3601.2,3601.2,1049.4,396.9,True,1,1,False,False,False,False,,True,False,False,Course Lock,196.8,67,16.4,93,NE,SW,2.46,11.4,Calm,False,False,Android,7.0.2,M300 RTK,1ZN7L4R0H1D00F,1W9DL31001461C,1ZMLH8300204F0,1Z6PH74DAP0QN7,"Corona, CA",728.3,5.7,137.7,8.547347,2.013246,0,0,DJI Matrice 300 RTK,M300 RTK,1ZN7L4R0H1D00F,1W9DL31001461C,1ZMLH8300204F0,1Z6PH74DAP0QN7,DJI Pilot,Android,7.0.2,1EF72A62-B7C3-C88D-164E-CE6F8C8424AE,1ZN7L4R0H1D00F,1W9DL31001461C,,1ZMLH8300204F0,1W9DL31001461C,,,,,
2023-11-01,11:32:35.05 AM,8m 12.7s,492.7,33.7975694532246,-117.4760094743447,44.9,137.7,14.1,1309,4158.5,7.38529,7.569323,-7.381902,2.23694,-0.223694,1.342164,0,0.894776,-2.1,-2.7,3.4,-176,184,182.8,Tripod,Other,,22,5,True,,True,False,,Smart,RC,False,True,False,,,True,,False,False,False,False,False,False,False,False,False,False,0,Follow Yaw,-77.9,0,174.2,174.2,False,False,False,False,False,,0,0,False,False,No Card,100,100,1024,1408,965,959,2,False,False,False,False,False,0,False,False,False,False,74,,46.728,,7431,,10044,,46.728,,True,3.894,3.894,3.894,3.894,3.894,3.894,3.894,3.894,3.894,3.894,3.894,3.894,0,,False,False,True,,,,,,,,,,,,,,,False,False,19.204,,100.9,,75.7,,100.9,,1415,108,4,22,7,141724.7,18896.63,,Idle,,20,,10,,,20,Go Home,False,False,False,False,False,False,False,False,False,False,False,False,33.8027920380556,-117.4659261431046,3601.9,3601.9,1049.4,396.9,True,1,1,False,False,False,False,,True,False,False,Course Lock,196.8,67,16.4,93,NE,SW,2.23,11.4,Calm,False,False,Android,7.0.2,M300 RTK,1ZN7L4R0H1D00F,1W9DL31001461C,1ZMLH8300204F0,1Z6PH74DAP0QN7,"Corona, CA",728.3,5.7,137.7,8.547347,2.013246,0,0,DJI Matrice 300 RTK,M300 RTK,1ZN7L4R0H1D00F,1W9DL31001461C,1ZMLH8300204F0,1Z6PH74DAP0QN7,DJI Pilot,Android,7.0.2,1EF72A62-B7C3-C88D-164E-CE6F8C8424AE,1ZN7L4R0H1D00F,1W9DL31001461C,,1ZMLH8300204F0,1W9DL31001461C,,,,,
2023-11-01,11:32:35.15 AM,8m 12.8s,492.8,33.7975664212188,-117.4760095688509,44.9,137.7,14.1,1309,4159.6,7.381902,7.569323,-7.381902,2.23694,0,1.342164,0,0.894776,-2.1,-1.7,2.7,-176.6,183.4,181.4,Tripod,Other,,22,5,True,,True,False,,Smart,RC,False,True,False,,,True,,False,False,False,False,False,False,False,False,False,False,0,Follow Yaw,-77.9,0,173.9,173.9,False,False,False,False,False,,0,0,False,False,No Card,100,100,1024,1408,965,959,2,False,False,False,False,False,0,False,False,False,False,74,,46.728,,7431,,10044,,46.728,,True,3.894,3.894,3.894,3.894,3.894,3.894,3.894,3.894,3.894,3.894,3.894,3.894,0,,False,False,True,,,,,,,,,,,,,,,False,False,19.204,,100.9,,75.7,,100.9,,1415,108,4,22,7,141724.7,18896.63,,Idle,,20,,10,,,20,Go Home,False,False,False,False,False,False,False,False,False,False,False,False,33.8027920380556,-117.4659261431046,3602.5,3602.5,1049.4,396.9,True,1,1,False,False,False,False,,True,False,False,Course Lock,196.8,67,16.4,93,NE,SW,2.23,11.4,Calm,False,False,Android,7.0.2,M300 RTK,1ZN7L4R0H1D00F,1W9DL31001461C,1ZMLH8300204F0,1Z6PH74DAP0QN7,"Corona, CA",728.3,5.7,137.7,8.547347,2.013246,0,0,DJI Matrice 300 RTK,M300 RTK,1ZN7L4R0H1D00F,1W9DL31001461C,1ZMLH8300204F0,1Z6PH74DAP0QN7,DJI Pilot,Android,7.0.2,1EF72A62-B7C3-C88D-164E-CE6F8C8424AE,1ZN7L4R0H1D00F,1W9DL31001461C,,1ZMLH8300204F0,1W9DL31001461C,,,,,
2023-11-01,11:32:35.26 AM,8m 12.9s,492.9,33.7975634245756,-117.4760095333904,44.9,137.7,14.1,1309,4160.7,7.381902,7.569323,-7.381902,2.23694,0,1.342164,0,0.894776,-2.1,-0.4,2.1,-177.2,182.8,179.4,Tripod,Other,,22,5,True,,True,False,,Smart,RC,False,True,False,,,True,,False,False,False,False,False,False,False,False,False,False,0,Follow Yaw,-77.9,0,173.8,173.8,False,False,False,False,False,,0,0,False,False,No Card,100,100,1024,1410,964,909,2,False,False,False,False,False,0,False,False,False,False,74,,46.728,,7431,,10044,,46.728,,True,3.894,3.894,3.894,3.894,3.894,3.894,3.894,3.894,3.894,3.894,3.894,3.894,0,,False,False,True,,,,,,,,,,,,,,,False,False,19.204,,100.9,,75.7,,100.9,,1415,108,4,22,7,141724.7,18896.63,,Idle,,20,,10,,,20,Go Home,False,False,False,False,False,False,False,False,False,False,False,False,33.8027920380556,-117.4659261431046,3603.1,3603.1,1049.4,396.9,True,1,1,False,False,False,False,,True,False,False,Course Lock,196.8,67,16.4,93,NE,SW,2.23,11.4,Calm,False,False,Android,7.0.2,M300 RTK,1ZN7L4R0H1D00F,1W9DL31001461C,1ZMLH8300204F0,1Z6PH74DAP0QN7,"Corona, CA",728.3,5.7,137.7,8.547347,2.013246,0,0,DJI Matrice 300 RTK,M300 RTK,1ZN7L4R0H1D00F,1W9DL31001461C,1ZMLH8300204F0,1Z6PH74DAP0QN7,DJI Pilot,Android,7.0.2,1EF72A62-B7C3-C88D-164E-CE6F8C8424AE,1ZN7L4R0H1D00F,1W9DL31001461C,,1ZMLH8300204F0,1W9DL31001461C,,,,,
2023-11-01,11:32:35.36 AM,8m 13.0s,493.0,33.7975605544431,-117.4760095688508,44.6,137.7,14.1,1308,4161.8,7.381902,7.569323,-7.381902,2.23694,0,1.342164,0,0.894776,-2.2,0.4,2.2,-177.6,182.4,180.5,Tripod,Other,,22,5,True,,True,False,,Smart,RC,False,True,False,,,True,,False,False,False,False,False,False,False,False,False,False,0,Follow Yaw,-77.9,0,173.7,173.7,False,False,False,False,False,,0,0,False,False,No Card,100,100,1024,1410,968,850,2,False,False,False,False,False,0,False,False,False,False,73,,46.728,,7381,,10044,,46.728,,True,3.894,3.894,3.894,3.894,3.894,3.894,3.894,3.894,3.894,3.894,3.894,3.894,0,,False,False,True,,,,,,,,,,,,,,,False,False,19.256,,100.9,,75.7,,100.9,,1415,108,4,22,7,141724.7,18896.63,,Idle,,20,,10,,,20,Go Home,False,False,False,False,False,False,False,False,False,False,False,False,33.8027920380556,-117.4659261431046,3603.6,3603.6,1049.4,396.9,True,1,1,False,False,False,False,,True,False,False,Course Lock,196.8,67,16.4,93,NE,SW,2.23,11.4,Calm,False,False,Android,7.0.2,M300 RTK,1ZN7L4R0H1D00F,1W9DL31001461C,1ZMLH8300204F0,1Z6PH74DAP0QN7,"Corona, CA",728.3,5.7,137.7,8.547347,2.013246,0,0,DJI Matrice 300 RTK,M300 RTK,1ZN7L4R0H1D00F,1W9DL31001461C,1ZMLH8300204F0,1Z6PH74DAP0QN7,DJI Pilot,Android,7.0.2,1EF72A62-B7C3-C88D-164E-CE6F8C8424AE,1ZN7L4R0H1D00F,1W9DL31001461C,,1ZMLH8300204F0,1W9DL31001461C,,,,,
2023-11-01,11:32:35.46 AM,8m 13.1s,493.1,33.7975572766805,-117.4760097126719,44.6,137.7,14.1,1308,4163.0,7.381902,7.569323,-7.381902,2.23694,0,1.342164,0,0.894776,-2.1,0.6,2.1,-177.9,182.1,182.0,Tripod,Other,,22,5,True,,True,False,,Smart,RC,False,True,False,,,True,,False,False,False,False,False,False,False,False,False,False,0,Follow Yaw,-77.9,0,173.5,173.5,False,False,False,False,False,,0,0,False,False,No Card,100,100,1024,1410,976,832,2,False,False,False,False,False,0,False,False,False,False,73,,46.728,,7381,,10044,,46.728,,True,3.894,3.894,3.894,3.894,3.894,3.894,3.894,3.894,3.894,3.894,3.894,3.894,0,,False,False,True,,,,,,,,,,,,,,,False,False,19.256,,100.9,,75.7,,100.9,,1415,108,4,22,7,141724.7,18896.63,,Idle,,20,,10,,,20,Go Home,False,False,False,False,False,False,False,False,False,False,False,False,33.8027920380556,-117.4659261431046,3604.3,3604.3,1049.4,396.9,True,1,1,False,False,False,False,,True,False,False,Course Lock,196.8,67,16.4,93,NE,SW,2.23,11.4,Calm,False,False,Android,7.0.2,M300 RTK,1ZN7L4R0H1D00F,1W9DL31001461C,1ZMLH8300204F0,1Z6PH74DAP0QN7,"Corona, CA",728.3,5.7,137.7,8.547347,2.013246,0,0,DJI Matrice 300 RTK,M300 RTK,1ZN7L4R0H1D00F,1W9DL31001461C,1ZMLH8300204F0,1Z6PH74DAP0QN7,DJI Pilot,Android,7.0.2,1EF72A62-B7C3-C88D-164E-CE6F8C8424AE,1ZN7L4R0H1D00F,1W9DL31001461C,,1ZMLH8300204F0,1W9DL31001461C,,,,,
2023-11-01,11:32:35.57 AM,8m 13.2s,493.2,33.7975542305571,-117.4760097703158,44.6,137.7,14.1,1308,4164.1,7.381902,7.569323,-7.381902,2.23694,0,1.342164,0,0.894776,-2.1,-0.2,2.1,-178.2,181.8,180.9,Tripod,Other,,22,5,True,,True,False,,Smart,RC,False,True,False,,,True,,False,False,False,False,False,False,False,False,False,False,0,Follow Yaw,-77.9,0,173.1,173.1,False,False,False,False,False,,0,0,False,False,No Card,100,100,1024,1410,978,880,2,False,False,False,False,False,0,False,False,False,False,73,,46.728,,7381,,10044,,46.728,,True,3.894,3.894,3.894,3.894,3.894,3.894,3.894,3.894,3.894,3.894,3.894,3.894,0,,False,False,True,,,,,,,,,,,,,,,False,False,19.256,,100.9,,75.7,,100.9,,1415,108,4,22,7,141724.7,18896.63,,Idle,,20,,10,,,20,Go Home,False,False,False,False,False,False,False,False,False,False,False,False,33.8027920380556,-117.4659261431046,3604.9,3604.9,1049.4,396.9,True,1,1,False,False,False,False,,True,False,False,Course Lock,196.8,67,16.4,93,NE,SW,2.23,11.4,Calm,False,False,Android,7.0.2,M300 RTK,1ZN7L4R0H1D00F,1W9DL31001461C,1ZMLH8300204F0,1Z6PH74DAP0QN7,"Corona, CA",728.3,5.7,137.7,8.547347,2.013246,0,0,DJI Matrice 300 RTK,M300 RTK,1ZN7L4R0H1D00F,1W9DL31001461C,1ZMLH8300204F0,1Z6PH74DAP0QN7,DJI Pilot,Android,7.0.2,1EF72A62-B7C3-C88D-164E-CE6F8C8424AE,1ZN7L4R0H1D00F,1W9DL31001461C,,1ZMLH8300204F0,1W9DL31001461C,,,,,
2023-11-01,11:32:35.67 AM,8m 13.3s,493.3,33.7975514767924,-117.4760099016844,44.6,137.7,14.1,1308,4165.1,7.381902,7.569323,-7.381902,2.23694,0,1.342164,0,0.894776,-2,-1.2,2.3,-178.4,181.6,182.2,Tripod,Other,,22,5,True,,True,False,,Smart,RC,False,True,False,,,True,,False,False,False,False,False,False,False,False,False,False,0,Follow Yaw,-77.9,0,172.7,172.7,False,False,False,False,False,,0,0,False,False,No Card,100,100,1024,1410,976,915,2,False,False,False,False,False,0,False,False,False,False,73,,46.728,,7381,,10044,,46.728,,True,3.896,3.896,3.896,3.896,3.896,3.896,3.896,3.896,3.896,3.896,3.896,3.896,0,,False,False,True,,,,,,,,,,,,,,,False,False,19.256,,100.9,,75.7,,100.9,,1415,108,4,22,7,142061.1,18941.48,,Idle,,20,,10,,,20,Go Home,False,False,False,False,False,False,False,False,False,False,False,False,33.8027920380556,-117.4659261431046,3605.5,3605.5,1049.4,396.9,True,1,1,False,False,False,False,,True,False,False,Course Lock,196.8,67,16.4,93,NE,SW,2.23,11.4,Calm,False,False,Android,7.0.2,M300 RTK,1ZN7L4R0H1D00F,1W9DL31001461C,1ZMLH8300204F0,1Z6PH74DAP0QN7,"Corona, CA",728.3,5.7,137.7,8.547347,2.013246,0,0,DJI Matrice 300 RTK,M300 RTK,1ZN7L4R0H1D00F,1W9DL31001461C,1ZMLH8300204F0,1Z6PH74DAP0QN7,DJI Pilot,Android,7.0.2,1EF72A62-B7C3-C88D-164E-CE6F8C8424AE,1ZN7L4R0H1D00F,1W9DL31001461C,,1ZMLH8300204F0,1W9DL31001461C,,,,,
2023-11-01,11:32:35.77 AM,8m 13.4s,493.4,33.7975484598637,-117.4760099370624,44.6,137.7,14.1,1308,4166.2,7.381902,7.569323,-7.381902,2.23694,0,1.342164,0,0.894776,-2,-1.3,2.3,-178.6,181.4,180.5,Tripod,Other,,23,5,True,,True,False,,Smart,RC,False,True,False,,,True,,False,False,False,False,False,False,False,False,False,False,0,Follow Yaw,-77.9,0,172.5,172.5,False,False,False,False,False,,0,0,False,False,No Card,100,100,1024,1409,972,928,2,False,False,False,False,False,0,False,False,False,False,73,,46.728,,7381,,10044,,46.728,,True,3.896,3.896,3.896,3.896,3.896,3.896,3.896,3.896,3.896,3.896,3.896,3.896,0,,False,False,True,,,,,,,,,,,,,,,False,False,19.256,,100.9,,75.7,,100.9,,1415,108,4,22,7,142061.1,18941.48,,Idle,,20,,10,,,20,Go Home,False,False,False,False,False,False,False,False,False,False,False,False,33.8027920380556,-117.4659261431046,3606.1,3606.1,1049.4,396.9,True,1,1,False,False,False,False,,True,False,False,Course Lock,196.8,67,16.4,93,NE,SW,2.23,11.4,Calm,False,False,Android,7.0.2,M300 RTK,1ZN7L4R0H1D00F,1W9DL31001461C,1ZMLH8300204F0,1Z6PH74DAP0QN7,"Corona, CA",728.3,5.7,137.7,8.547347,2.013246,0,0,DJI Matrice 300 RTK,M300 RTK,1ZN7L4R0H1D00F,1W9DL31001461C,1ZMLH8300204F0,1Z6PH74DAP0QN7,DJI Pilot,Android,7.0.2,1EF72A62-B7C3-C88D-164E-CE6F8C8424AE,1ZN7L4R0H1D00F,1W9DL31001461C,,1ZMLH8300204F0,1W9DL31001461C,,,,,
2023-11-01,11:32:35.88 AM,8m 13.5s,493.5,33.7975454097654,-117.4760098716666,44.6,137.7,14.1,1308,4167.3,7.381902,7.569323,-7.381902,2.23694,0,1.342164,0,0.894776,-2.2,-0.6,2.2,-178.7,181.3,178.9,Tripod,Other,,23,5,True,,True,False,,Smart,RC,False,True,False,,,True,,False,False,False,False,False,False,False,False,False,False,0,Follow Yaw,-77.9,0,172.4,172.4,False,False,False,False,False,,0,0,False,False,No Card,100,100,1024,1407,967,1024,2,False,False,False,False,False,0,False,False,False,False,73,,46.728,,7381,,10044,,46.728,,True,3.896,3.896,3.896,3.896,3.896,3.896,3.896,3.896,3.896,3.896,3.896,3.896,0,,False,False,True,,,,,,,,,,,,,,,False,False,19.256,,100.9,,75.7,,100.9,,1415,108,4,22,7,142061.1,18941.48,,Idle,,20,,10,,,20,Go Home,False,False,False,False,False,False,False,False,False,False,False,False,33.8027920380556,-117.4659261431046,3606.6,3606.6,1049.4,396.9,True,1,1,False,False,False,False,,True,False,False,Course Lock,196.8,67,16.4,93,NE,SW,2.23,11.4,Calm,False,False,Android,7.0.2,M300 RTK,1ZN7L4R0H1D00F,1W9DL31001461C,1ZMLH8300204F0,1Z6PH74DAP0QN7,"Corona, CA",728.3,5.7,137.7,8.547347,2.013246,0,0,DJI Matrice 300 RTK,M300 RTK,1ZN7L4R0H1D00F,1W9DL31001461C,1ZMLH8300204F0,1Z6PH74DAP0QN7,DJI Pilot,Android,7.0.2,1EF72A62-B7C3-C88D-164E-CE6F8C8424AE,1ZN7L4R0H1D00F,1W9DL31001461C,,1ZMLH8300204F0,1W9DL31001461C,,,,,
2023-11-01,11:32:35.94 AM,8m 13.6s,493.6,33.7975422490559,-117.4760098746354,44.6,137.7,14.1,1308,4168.4,7.381902,7.569323,-7.381902,2.23694,0,1.342164,0,0.894776,-2.3,0.3,2.3,-178.8,181.2,180.0,Tripod,Other,,23,5,True,,True,False,,Smart,RC,False,True,False,,,True,,False,False,False,False,False,False,False,False,False,False,0,Follow Yaw,-77.9,0,172.4,172.4,False,False,False,False,False,,0,0,False,False,No Card,100,100,1024,1408,964,1024,2,False,False,False,False,False,0,False,False,False,False,73,,46.728,,7381,,10044,,46.728,,True,3.896,3.896,3.896,3.896,3.896,3.896,3.896,3.896,3.896,3.896,3.896,3.896,0,,False,False,True,,,,,,,,,,,,,,,False,False,19.256,,100.9,,75.7,,100.9,,1415,108,4,22,7,142061.1,18941.48,,Idle,,20,,10,,,20,Go Home,False,False,False,False,False,False,False,False,False,False,False,False,33.8027920380556,-117.4659261431046,3607.3,3607.3,1049.4,396.9,True,1,1,False,False,False,False,,True,False,False,Course Lock,196.8,67,16.4,93,NE,SW,2.23,11.4,Calm,False,False,Android,7.0.2,M300 RTK,1ZN7L4R0H1D00F,1W9DL31001461C,1ZMLH8300204F0,1Z6PH74DAP0QN7,"Corona, CA",728.3,5.7,137.7,8.547347,2.013246,0,0,DJI Matrice 300 RTK,M300 RTK,1ZN7L4R0H1D00F,1W9DL31001461C,1ZMLH8300204F0,1Z6PH74DAP0QN7,DJI Pilot,Android,7.0.2,1EF72A62-B7C3-C88D-164E-CE6F8C8424AE,1ZN7L4R0H1D00F,1W9DL31001461C,,1ZMLH8300204F0,1W9DL31001461C,,,,,
2023-11-01,11:32:36.04 AM,8m 13.7s,493.7,33.7975392110193,-117.476009822187,44.6,137.7,14.4,1308,4169.6,7.381902,7.569323,-7.381902,2.23694,0,1.342164,0,0.894776,-2.4,0.7,2.5,-179,181,179.1,Tripod,Other,,23,5,True,,True,False,,Smart,RC,False,True,False,,,True,,False,False,False,False,False,False,False,False,False,False,0,Follow Yaw,-77.9,0,172.4,172.4,False,False,False,False,False,,0,0,False,False,No Card,100,100,1024,1406,965,1024,2,False,False,False,False,False,0,False,False,False,False,73,,46.728,,7381,,10044,,46.728,,True,3.896,3.896,3.896,3.896,3.896,3.896,3.896,3.896,3.896,3.896,3.896,3.896,0,,False,False,True,,,,,,,,,,,,,,,False,False,19.256,,100.9,,75.7,,100.9,,1415,108,4,22,7,142061.1,18941.48,,Idle,,20,,10,,,20,Go Home,False,False,False,False,False,False,False,False,False,False,False,False,33.8027920380556,-117.4659261431046,3607.8,3607.8,1049.4,396.9,True,1,1,False,False,False,False,,True,False,False,Course Lock,196.8,67,16.4,93,NE,SW,2.23,11.4,Calm,False,False,Android,7.0.2,M300 RTK,1ZN7L4R0H1D00F,1W9DL31001461C,1ZMLH8300204F0,1Z6PH74DAP0QN7,"Corona, CA",728.3,5.7,137.7,8.547347,2.013246,0,0,DJI Matrice 300 RTK,M300 RTK,1ZN7L4R0H1D00F,1W9DL31001461C,1ZMLH8300204F0,1Z6PH74DAP0QN7,DJI Pilot,Android,7.0.2,1EF72A62-B7C3-C88D-164E-CE6F8C8424AE,1ZN7L4R0H1D00F,1W9DL31001461C,,1ZMLH8300204F0,1W9DL31001461C,,,,,
2023-11-01,11:32:36.14 AM,8m 13.8s,493.8,33.7975363510295,-117.4760098485762,44.6,137.7,14.4,1308,4170.6,7.381902,7.569323,-7.381902,2.23694,0,1.342164,0,0.894776,-2.4,0.4,2.4,-179.2,180.8,180.4,Tripod,Other,,23,5,True,,True,False,,Smart,RC,False,True,False,,,True,,False,False,False,False,False,False,False,False,False,False,0,Follow Yaw,-77.9,0,172.4,172.4,False,False,False,False,False,,0,0,False,False,No Card,100,100,1024,1407,968,1024,2,False,False,False,False,False,0,False,False,False,False,73,,46.728,,7381,,10044,,46.728,,True,3.896,3.896,3.896,3.896,3.896,3.896,3.896,3.896,3.896,3.896,3.896,3.896,0,,False,False,True,,,,,,,,,,,,,,,False,False,19.256,,100.9,,75.7,,100.9,,1415,108,4,22,7,142061.1,18941.48,,Idle,,20,,10,,,20,Go Home,False,False,False,False,False,False,False,False,False,False,False,False,33.8027920380556,-117.4659261431046,3608.4,3608.4,1049.4,396.9,True,1,1,False,False,False,False,,True,False,False,Course Lock,196.8,67,16.4,93,NE,SW,2.23,11.4,Calm,False,False,Android,7.0.2,M300 RTK,1ZN7L4R0H1D00F,1W9DL31001461C,1ZMLH8300204F0,1Z6PH74DAP0QN7,"Corona, CA",728.3,5.7,137.7,8.547347,2.013246,0,0,DJI Matrice 300 RTK,M300 RTK,1ZN7L4R0H1D00F,1W9DL31001461C,1ZMLH8300204F0,1Z6PH74DAP0QN7,DJI Pilot,Android,7.0.2,1EF72A62-B7C3-C88D-164E-CE6F8C8424AE,1ZN7L4R0H1D00F,1W9DL31001461C,,1ZMLH8300204F0,1W9DL31001461C,,,,,
2023-11-01,11:32:36.24 AM,8m 13.9s,493.9,33.7975331097261,-117.4760099643586,44.6,137.7,14.4,1308,4171.8,7.381902,7.569323,-7.381902,2.23694,0,1.342164,0,0.894776,-2.4,-0.1,2.4,-179.3,180.7,181.7,Tripod,Other,,23,5,True,,True,False,,Smart,RC,False,True,False,,,True,,False,False,False,False,False,False,False,False,False,False,0,Follow Yaw,-77.9,0,172.4,172.4,False,False,False,False,False,,0,0,False,False,No Card,100,100,1024,1406,969,1024,2,False,False,False,False,False,0,False,False,False,False,73,,46.728,,7381,,10044,,46.728,,True,3.896,3.896,3.896,3.896,3.896,3.896,3.896,3.896,3.896,3.896,3.896,3.896,0,,False,False,True,,,,,,,,,,,,,,,False,False,19.256,,100.9,,75.7,,100.9,,1415,108,4,22,7,142061.1,18941.48,,Idle,,20,,10,,,20,Go Home,False,False,False,False,False,False,False,False,False,False,False,False,33.8027920380556,-117.4659261431046,3609.1,3609.1,1049.4,396.9,True,1,1,False,False,False,False,,True,False,False,Course Lock,196.8,67,16.4,93,NE,SW,2.23,11.4,Calm,False,False,Android,7.0.2,M300 RTK,1ZN7L4R0H1D00F,1W9DL31001461C,1ZMLH8300204F0,1Z6PH74DAP0QN7,"Corona, CA",728.3,5.7,137.7,8.547347,2.013246,0,0,DJI Matrice 300 RTK,M300 RTK,1ZN7L4R0H1D00F,1W9DL31001461C,1ZMLH8300204F0,1Z6PH74DAP0QN7,DJI Pilot,Android,7.0.2,1EF72A62-B7C3-C88D-164E-CE6F8C8424AE,1ZN7L4R0H1D00F,1W9DL31001461C,,1ZMLH8300204F0,1W9DL31001461C,,,,,
2023-11-01,11:32:36.34 AM,8m 14.0s,494.0,33.7975300844365,-117.4760100040249,44.6,137.7,14.4,1308,4172.9,7.381902,7.569323,-7.381902,2.23694,0,1.342164,0,0.894776,-2.5,-0.2,2.5,-179.2,180.8,180.6,Tripod,Other,,23,5,True,,True,False,,Smart,RC,False,True,False,,,True,,False,False,False,False,False,False,False,False,False,False,0,Follow Yaw,-77.9,0,172.4,172.4,False,False,False,False,False,,0,0,False,False,No Card,100,100,1024,1405,971,1024,2,False,False,False,False,False,0,False,False,False,False,73,,46.728,,7381,,10044,,46.728,,True,3.896,3.896,3.896,3.896,3.896,3.896,3.896,3.896,3.896,3.896,3.896,3.896,0,,False,False,True,,,,,,,,,,,,,,,False,False,19.33,,100.9,,75.7,,100.9,,1415,108,4,22,7,142061.1,18941.48,,Idle,,20,,10,,,20,Go Home,False,False,False,False,False,False,False,False,False,False,False,False,33.8027920380556,-117.4659261431046,3609.6,3609.6,1049.4,396.9,True,1,1,False,False,False,False,,True,False,False,Course Lock,196.8,67,16.4,93,NE,SW,2.23,11.4,Calm,False,False,Android,7.0.2,M300 RTK,1ZN7L4R0H1D00F,1W9DL31001461C,1ZMLH8300204F0,1Z6PH74DAP0QN7,"Corona, CA",728.3,5.7,137.7,8.547347,2.013246,0,0,DJI Matrice 300 RTK,M300 RTK,1ZN7L4R0H1D00F,1W9DL31001461C,1ZMLH8300204F0,1Z6PH74DAP0QN7,DJI Pilot,Android,7.0.2,1EF72A62-B7C3-C88D-164E-CE6F8C8424AE,1ZN7L4R0H1D00F,1W9DL31001461C,,1ZMLH8300204F0,1W9DL31001461C,,,,,
2023-11-01,11:32:36.44 AM,8m 14.1s,494.1,33.7975275268112,-117.4760099788727,44.6,137.7,14.4,1308,4173.8,7.381902,7.569323,-7.381902,2.23694,0,1.342164,0,0.894776,-2.5,0,2.5,-179.3,180.7,179.5,Tripod,Other,,23,5,True,,True,False,,Smart,RC,False,True,False,,,True,,False,False,False,False,False,False,False,False,False,False,0,Follow Yaw,-77.9,0,172.4,172.4,False,False,False,False,False,,0,0,False,False,No Card,100,100,1024,1405,980,1024,2,False,False,False,False,False,0,False,False,False,False,73,,46.728,,7381,,10044,,46.728,,True,3.896,3.896,3.896,3.896,3.896,3.896,3.896,3.896,3.896,3.896,3.896,3.896,0,,False,False,True,,,,,,,,,,,,,,,False,False,19.33,,100.9,,75.7,,100.9,,1415,108,4,22,7,142061.1,18941.48,,Idle,,20,,10,,,20,Go Home,False,False,False,False,False,False,False,False,False,False,False,False,33.8027920380556,-117.4659261431046,3610.1,3610.1,1049.4,396.9,True,1,1,False,False,False,False,,True,False,False,Course Lock,196.8,67,16.4,93,NE,SW,2.23,11.4,Calm,False,False,Android,7.0.2,M300 RTK,1ZN7L4R0H1D00F,1W9DL31001461C,1ZMLH8300204F0,1Z6PH74DAP0QN7,"Corona, CA",728.3,5.7,137.7,8.547347,2.013246,0,0,DJI Matrice 300 RTK,M300 RTK,1ZN7L4R0H1D00F,1W9DL31001461C,1ZMLH8300204F0,1Z6PH74DAP0QN7,DJI Pilot,Android,7.0.2,1EF72A62-B7C3-C88D-164E-CE6F8C8424AE,1ZN7L4R0H1D00F,1W9DL31001461C,,1ZMLH8300204F0,1W9DL31001461C,,,,,
2023-11-01,11:32:36.54 AM,8m 14.2s,494.2,33.7975245211218,-117.4760100102923,44.6,137.7,14.4,1308,4174.9,7.381902,7.569323,-7.381902,2.23694,0,1.342164,0,0.894776,-2.4,0,2.4,-179.3,180.7,180.4,Tripod,Other,,23,5,True,,True,False,,Smart,RC,False,True,False,,,True,,False,False,False,False,False,False,False,False,False,False,0,Follow Yaw,-77.9,0,172.4,172.4,False,False,False,False,False,,0,0,False,False,No Card,100,100,1024,1406,1014,1024,2,False,False,False,False,False,0,False,False,False,False,73,,46.728,,7381,,10044,,46.728,,True,3.896,3.896,3.896,3.896,3.896,3.896,3.896,3.896,3.896,3.896,3.896,3.896,0,,False,False,True,,,,,,,,,,,,,,,False,False,19.33,,100.9,,75.7,,100.9,,1415,108,4,22,7,142061.1,18941.48,,Idle,,20,,10,,,20,Go Home,False,False,False,False,False,False,False,False,False,False,False,False,33.8027920380556,-117.4659261431046,3610.7,3610.7,1049.4,396.9,True,1,1,False,False,False,False,,True,False,False,Course Lock,196.8,67,16.4,93,NE,SW,2.23,11.4,Calm,False,False,Android,7.0.2,M300 RTK,1ZN7L4R0H1D00F,1W9DL31001461C,1ZMLH8300204F0,1Z6PH74DAP0QN7,"Corona, CA",728.3,5.7,137.7,8.547347,2.013246,0,0,DJI Matrice 300 RTK,M300 RTK,1ZN7L4R0H1D00F,1W9DL31001461C,1ZMLH8300204F0,1Z6PH74DAP0QN7,DJI Pilot,Android,7.0.2,1EF72A62-B7C3-C88D-164E-CE6F8C8424AE,1ZN7L4R0H1D00F,1W9DL31001461C,,1ZMLH8300204F0,1W9DL31001461C,,,,,
2023-11-01,11:32:36.64 AM,8m 14.3s,494.3,33.797521363839,-117.4760099116628,44.6,137.7,14.4,1308,4176.1,7.381902,7.569323,-7.381902,2.23694,0,1.342164,0,0.894776,-2.4,0,2.4,-179.5,180.5,178.5,Tripod,Other,,23,5,True,,True,False,,Smart,RC,False,True,False,,,True,,False,False,False,False,False,False,False,False,False,False,0,Follow Yaw,-77.9,0,172.4,172.4,False,False,False,False,False,,0,0,False,False,No Card,100,100,1024,1407,1022,1024,2,False,False,False,False,False,0,False,False,False,False,73,,46.728,,7381,,10044,,46.728,,True,3.896,3.896,3.896,3.896,3.896,3.896,3.896,3.896,3.896,3.896,3.896,3.896,0,,False,False,True,,,,,,,,,,,,,,,False,False,19.33,,100.9,,75.7,,100.9,,1413,108,4,22,7,142469.6,18995.95,,Idle,,20,,10,,,20,Go Home,False,False,False,False,False,False,False,False,False,False,False,False,33.8027920380556,-117.4659261431046,3611.3,3611.3,1049.4,396.9,True,1,1,False,False,False,False,,True,False,False,Course Lock,196.8,67,16.4,93,NE,SW,2.23,11.4,Calm,False,False,Android,7.0.2,M300 RTK,1ZN7L4R0H1D00F,1W9DL31001461C,1ZMLH8300204F0,1Z6PH74DAP0QN7,"Corona, CA",728.3,5.7,137.7,8.547347,2.013246,0,0,DJI Matrice 300 RTK,M300 RTK,1ZN7L4R0H1D00F,1W9DL31001461C,1ZMLH8300204F0,1Z6PH74DAP0QN7,DJI Pilot,Android,7.0.2,1EF72A62-B7C3-C88D-164E-CE6F8C8424AE,1ZN7L4R0H1D00F,1W9DL31001461C,,1ZMLH8300204F0,1W9DL31001461C,,,,,
2023-11-01,11:32:36.74 AM,8m 14.4s,494.4,33.7975183370416,-117.4760099271664,44.6,137.7,14.4,1308,4177.2,7.381902,7.569323,-7.381902,2.23694,0,1.342164,0,0.894776,-2.3,0,2.3,-179.6,180.4,180.2,Tripod,Other,,22,5,True,,True,False,,Smart,RC,False,True,False,,,True,,False,False,False,False,False,False,False,False,False,False,0,Follow Yaw,-77.9,0,172.4,172.4,False,False,False,False,False,,0,0,False,False,No Card,100,100,1024,1407,1024,1024,2,False,False,False,False,False,0,False,False,False,False,73,,46.728,,7381,,10044,,46.728,,True,3.896,3.896,3.896,3.896,3.896,3.896,3.896,3.896,3.896,3.896,3.896,3.896,0,,False,False,True,,,,,,,,,,,,,,,False,False,19.33,,100.9,,75.7,,100.9,,1413,108,4,22,7,142469.6,18995.95,,Idle,,20,,10,,,20,Go Home,False,False,False,False,False,False,False,False,False,False,False,False,33.8027920380556,-117.4659261431046,3611.9,3611.9,1049.4,396.9,True,1,1,False,False,False,False,,True,False,False,Course Lock,196.8,67,16.4,93,NE,SW,2.23,11.4,Calm,False,False,Android,7.0.2,M300 RTK,1ZN7L4R0H1D00F,1W9DL31001461C,1ZMLH8300204F0,1Z6PH74DAP0QN7,"Corona, CA",728.3,5.7,137.7,8.547347,2.013246,0,0,DJI Matrice 300 RTK,M300 RTK,1ZN7L4R0H1D00F,1W9DL31001461C,1ZMLH8300204F0,1Z6PH74DAP0QN7,DJI Pilot,Android,7.0.2,1EF72A62-B7C3-C88D-164E-CE6F8C8424AE,1ZN7L4R0H1D00F,1W9DL31001461C,,1ZMLH8300204F0,1W9DL31001461C,,,,,
2023-11-01,11:32:36.84 AM,8m 14.5s,494.5,33.7975150276171,-117.4760098555033,44.6,137.7,14.4,1308,4178.4,7.381902,7.569323,-7.381902,2.23694,0,1.342164,0,0.894776,-2.2,0,2.2,-179.6,180.4,178.9,Tripod,Other,,22,5,True,,True,False,,Smart,RC,False,True,False,,,True,,False,False,False,False,False,False,False,False,False,False,0,Follow Yaw,-77.9,0,172.4,172.4,False,False,False,False,False,,0,0,False,False,No Card,100,100,1024,1407,1024,1024,2,False,False,False,False,False,0,False,False,False,False,73,,46.728,,7381,,10044,,46.728,,True,3.896,3.896,3.896,3.896,3.896,3.896,3.896,3.896,3.896,3.896,3.896,3.896,0,,False,False,True,,,,,,,,,,,,,,,False,False,19.33,,100.9,,75.7,,100.9,,1413,108,4,22,7,142469.6,18995.95,,Idle,,20,,10,,,20,Go Home,False,False,False,False,False,False,False,False,False,False,False,False,33.8027920380556,-117.4659261431046,3612.5,3612.5,1049.4,396.9,True,1,1,False,False,False,False,,True,False,False,Course Lock,196.8,67,16.4,93,NE,SW,2.23,11.4,Calm,False,False,Android,7.0.2,M300 RTK,1ZN7L4R0H1D00F,1W9DL31001461C,1ZMLH8300204F0,1Z6PH74DAP0QN7,"Corona, CA",728.3,5.7,137.7,8.547347,2.013246,0,0,DJI Matrice 300 RTK,M300 RTK,1ZN7L4R0H1D00F,1W9DL31001461C,1ZMLH8300204F0,1Z6PH74DAP0QN7,DJI Pilot,Android,7.0.2,1EF72A62-B7C3-C88D-164E-CE6F8C8424AE,1ZN7L4R0H1D00F,1W9DL31001461C,,1ZMLH8300204F0,1W9DL31001461C,,,,,
2023-11-01,11:32:36.94 AM,8m 14.6s,494.6,33.7975119729956,-117.4760098465145,44.6,137.7,14.4,1308,4179.5,7.381902,7.569323,-7.381902,2.23694,0,1.342164,0,0.894776,-2.1,0,2.1,-179.6,180.4,179.8,Tripod,Other,,22,5,True,,True,False,,Smart,RC,False,True,False,,,True,,False,False,False,False,False,False,False,False,False,False,0,Follow Yaw,-77.9,0,172.4,172.4,False,False,False,False,False,,0,0,False,False,No Card,100,100,1024,1408,1024,1024,2,False,False,False,False,False,0,False,False,False,False,73,,46.728,,7381,,10044,,46.728,,True,3.896,3.896,3.896,3.896,3.896,3.896,3.896,3.896,3.896,3.896,3.896,3.896,0,,False,False,True,,,,,,,,,,,,,,,False,False,19.33,,100.9,,75.7,,100.9,,1413,108,4,22,7,142469.6,18995.95,,Idle,,20,,10,,,20,Go Home,False,False,False,False,False,False,False,False,False,False,False,False,33.8027920380556,-117.4659261431046,3613.1,3613.1,1049.4,396.9,True,1,1,False,False,False,False,,True,False,False,Course Lock,196.8,67,16.4,93,NE,SW,2.23,11.4,Calm,False,False,Android,7.0.2,M300 RTK,1ZN7L4R0H1D00F,1W9DL31001461C,1ZMLH8300204F0,1Z6PH74DAP0QN7,"Corona, CA",728.3,5.7,137.7,8.547347,2.013246,0,0,DJI Matrice 300 RTK,M300 RTK,1ZN7L4R0H1D00F,1W9DL31001461C,1ZMLH8300204F0,1Z6PH74DAP0QN7,DJI Pilot,Android,7.0.2,1EF72A62-B7C3-C88D-164E-CE6F8C8424AE,1ZN7L4R0H1D00F,1W9DL31001461C,,1ZMLH8300204F0,1W9DL31001461C,,,,,
2023-11-01,11:32:37.01 AM,8m 14.7s,494.7,33.7975086689166,-117.4760097628938,44.6,137.7,14.4,1308,4180.7,7.381902,7.569323,-7.381902,2.23694,0,1.342164,0,0.894776,-2.1,0.1,2.1,-179.6,180.4,178.7,Tripod,Other,,22,5,True,,True,False,,Smart,RC,False,True,False,,,True,,False,False,False,False,False,False,False,False,False,False,0,Follow Yaw,-77.9,0,172.4,172.4,False,False,False,False,False,,0,0,False,False,No Card,100,100,1024,1408,1024,1024,2,False,False,False,False,False,0,False,False,False,False,74,,46.692,,3689,,4986,,46.692,,True,3.896,3.896,3.896,3.896,3.896,3.896,3.896,3.896,3.896,3.896,3.896,3.896,0,,False,False,True,,,,,,,,,,,,,,,False,False,9.454,,100.9,,75.7,,100.9,,1413,108,4,22,7,142469.6,18995.95,,Idle,,20,,10,,,20,Go Home,False,False,False,False,False,False,False,False,False,False,False,False,33.8027920380556,-117.4659261431046,3613.7,3613.7,1049.4,396.9,True,1,1,False,False,False,False,,True,False,False,Course Lock,196.8,67,16.4,93,NE,SW,2.23,11.4,Calm,False,False,Android,7.0.2,M300 RTK,1ZN7L4R0H1D00F,1W9DL31001461C,1ZMLH8300204F0,1Z6PH74DAP0QN7,"Corona, CA",728.3,5.7,137.7,8.547347,2.013246,0,0,DJI Matrice 300 RTK,M300 RTK,1ZN7L4R0H1D00F,1W9DL31001461C,1ZMLH8300204F0,1Z6PH74DAP0QN7,DJI Pilot,Android,7.0.2,1EF72A62-B7C3-C88D-164E-CE6F8C8424AE,1ZN7L4R0H1D00F,1W9DL31001461C,,1ZMLH8300204F0,1W9DL31001461C,,,,,
2023-11-01,11:32:37.12 AM,8m 14.8s,494.8,33.7975057560199,-117.4760097347728,44.6,137.7,14.7,1308,4181.8,7.381902,7.569323,-7.381902,2.23694,0,1.342164,0,0.894776,-2.2,0.3,2.2,-179.6,180.4,179.5,Tripod,Other,,22,5,True,,True,False,,Smart,RC,False,True,False,,,True,,False,False,False,False,False,False,False,False,False,False,0,Follow Yaw,-77.9,0,172.4,172.4,False,False,False,False,False,,0,0,False,False,No Card,100,100,1024,1407,1024,1024,2,False,False,False,False,False,0,False,False,False,False,74,,46.692,,3689,,4986,,46.692,,True,3.896,3.896,3.896,3.896,3.896,3.896,3.896,3.896,3.896,3.896,3.896,3.896,0,,False,False,True,,,,,,,,,,,,,,,False,False,9.454,,100.9,,75.7,,100.9,,1413,108,4,22,7,142469.6,18995.95,,Idle,,20,,10,,,20,Go Home,False,False,False,False,False,False,False,False,False,False,False,False,33.8027920380556,-117.4659261431046,3614.3,3614.3,1049.4,396.9,True,1,1,False,False,False,False,,True,False,False,Course Lock,196.8,67,16.4,93,NE,SW,2.23,11.4,Calm,False,False,Android,7.0.2,M300 RTK,1ZN7L4R0H1D00F,1W9DL31001461C,1ZMLH8300204F0,1Z6PH74DAP0QN7,"Corona, CA",728.3,5.7,137.7,8.547347,2.013246,0,0,DJI Matrice 300 RTK,M300 RTK,1ZN7L4R0H1D00F,1W9DL31001461C,1ZMLH8300204F0,1Z6PH74DAP0QN7,DJI Pilot,Android,7.0.2,1EF72A62-B7C3-C88D-164E-CE6F8C8424AE,1ZN7L4R0H1D00F,1W9DL31001461C,,1ZMLH8300204F0,1W9DL31001461C,,,,,
2023-11-01,11:32:37.22 AM,8m 14.9s,494.9,33.7975026461614,-117.4760096930449,44.6,137.7,14.7,1308,4182.9,7.381902,7.569323,-7.381902,2.23694,0,1.342164,0,0.894776,-2.4,0.4,2.4,-179.6,180.4,179.3,Tripod,Other,,22,5,True,,True,False,,Smart,RC,False,True,False,,,True,,False,False,False,False,False,False,False,False,False,False,0,Follow Yaw,-77.9,0,172.4,172.4,False,False,False,False,False,,0,0,False,False,No Card,100,100,1024,1407,1024,1024,2,False,False,False,False,False,0,False,False,False,False,74,,46.692,,3689,,4986,,46.692,,True,3.896,3.896,3.896,3.896,3.896,3.896,3.896,3.896,3.896,3.896,3.896,3.896,0,,False,False,True,,,,,,,,,,,,,,,False,False,9.454,,100.9,,75.7,,100.9,,1413,108,4,22,7,142469.6,18995.95,,Idle,,20,,10,,,20,Go Home,False,False,False,False,False,False,False,False,False,False,False,False,33.8027920380556,-117.4659261431046,3614.9,3614.9,1049.4,396.9,True,1,1,False,False,False,False,,True,False,False,Course Lock,196.8,67,16.4,93,NE,SW,2.23,11.4,Calm,False,False,Android,7.0.2,M300 RTK,1ZN7L4R0H1D00F,1W9DL31001461C,1ZMLH8300204F0,1Z6PH74DAP0QN7,"Corona, CA",728.3,5.7,137.7,8.547347,2.013246,0,0,DJI Matrice 300 RTK,M300 RTK,1ZN7L4R0H1D00F,1W9DL31001461C,1ZMLH8300204F0,1Z6PH74DAP0QN7,DJI Pilot,Android,7.0.2,1EF72A62-B7C3-C88D-164E-CE6F8C8424AE,1ZN7L4R0H1D00F,1W9DL31001461C,,1ZMLH8300204F0,1W9DL31001461C,,,,,
2023-11-01,11:32:37.34 AM,8m 15.0s,495.0,33.7974997369655,-117.4760096597285,44.6,137.7,14.7,1308,4184.0,7.381902,7.569323,-7.381902,2.23694,0,1.342164,0,0.894776,-2.3,0.5,2.3,-179.6,180.4,179.4,Tripod,Other,,22,5,True,,True,False,,Smart,RC,False,True,False,,,True,,False,False,False,False,False,False,False,False,False,False,0,Follow Yaw,-77.9,0,172.4,172.4,False,False,False,False,False,,0,0,False,False,No Card,100,100,1024,1407,1024,1024,2,False,False,False,False,False,0,False,False,False,False,73,,46.704,,7381,,10044,,46.704,,True,3.896,3.896,3.896,3.896,3.896,3.896,3.896,3.896,3.896,3.896,3.896,3.896,0,,False,False,True,,,,,,,,,,,,,,,False,False,19.08,,100.9,,75.7,,100.9,,1413,108,4,22,7,142469.6,18995.95,,Idle,,20,,10,,,20,Go Home,False,False,False,False,False,False,False,False,False,False,False,False,33.8027920380556,-117.4659261431046,3615.5,3615.5,1049.4,396.9,True,1,1,False,False,False,False,,True,False,False,Course Lock,196.8,67,16.4,93,NE,SW,2.23,11.4,Calm,False,False,Android,7.0.2,M300 RTK,1ZN7L4R0H1D00F,1W9DL31001461C,1ZMLH8300204F0,1Z6PH74DAP0QN7,"Corona, CA",728.3,5.7,137.7,8.547347,2.013246,0,0,DJI Matrice 300 RTK,M300 RTK,1ZN7L4R0H1D00F,1W9DL31001461C,1ZMLH8300204F0,1Z6PH74DAP0QN7,DJI Pilot,Android,7.0.2,1EF72A62-B7C3-C88D-164E-CE6F8C8424AE,1ZN7L4R0H1D00F,1W9DL31001461C,,1ZMLH8300204F0,1W9DL31001461C,,,,,
2023-11-01,11:32:37.42 AM,8m 15.1s,495.1,33.7974966062732,-117.476009682984,44.6,137.7,14.7,1308,4185.1,7.381902,7.569323,-7.381902,2.23694,0,1.342164,0,0.894776,-2.2,0.4,2.2,-179.6,180.4,180.3,Tripod,Other,,22,5,True,,True,False,,Smart,RC,False,True,False,,,True,,False,False,False,False,False,False,False,False,False,False,0,Follow Yaw,-77.9,0,172.4,172.4,False,False,False,False,False,,0,0,False,False,No Card,100,100,1024,1407,1024,1024,2,False,False,False,False,False,0,False,False,False,False,73,,46.704,,7381,,10044,,46.704,,True,3.896,3.896,3.896,3.896,3.896,3.896,3.896,3.896,3.896,3.896,3.896,3.896,0,,False,False,True,,,,,,,,,,,,,,,False,False,19.08,,100.9,,75.7,,100.9,,1413,108,4,22,7,142469.6,18995.95,,Idle,,20,,10,,,20,Go Home,False,False,False,False,False,False,False,False,False,False,False,False,33.8027920380556,-117.4659261431046,3616.1,3616.1,1049.4,396.9,True,1,1,False,False,False,False,,True,False,False,Course Lock,196.8,67,16.4,93,NE,SW,2.23,11.4,Calm,False,False,Android,7.0.2,M300 RTK,1ZN7L4R0H1D00F,1W9DL31001461C,1ZMLH8300204F0,1Z6PH74DAP0QN7,"Corona, CA",728.3,5.7,137.7,8.547347,2.013246,0,0,DJI Matrice 300 RTK,M300 RTK,1ZN7L4R0H1D00F,1W9DL31001461C,1ZMLH8300204F0,1Z6PH74DAP0QN7,DJI Pilot,Android,7.0.2,1EF72A62-B7C3-C88D-164E-CE6F8C8424AE,1ZN7L4R0H1D00F,1W9DL31001461C,,1ZMLH8300204F0,1W9DL31001461C,,,,,
2023-11-01,11:32:37.53 AM,8m 15.2s,495.2,33.7974935269801,-117.4760096601408,44.6,137.7,14.7,1308,4186.2,7.381902,7.569323,-7.381902,2.23694,0,1.342164,0,0.894776,-2.1,0.4,2.1,-179.5,180.5,179.6,Tripod,Other,,22,5,True,,True,False,,Smart,RC,False,True,False,,,True,,False,False,False,False,False,False,False,False,False,False,0,Follow Yaw,-77.9,0,172.4,172.4,False,False,False,False,False,,0,0,False,False,No Card,100,100,1024,1408,1024,1068,2,False,False,False,False,False,0,False,False,False,False,73,,46.704,,7381,,10044,,46.704,,True,3.896,3.896,3.896,3.896,3.896,3.896,3.896,3.896,3.896,3.896,3.896,3.896,0,,False,False,True,,,,,,,,,,,,,,,False,False,19.08,,100.9,,75.7,,100.9,,1413,108,4,22,7,142469.6,18995.95,,Idle,,20,,10,,,20,Go Home,False,False,False,False,False,False,False,False,False,False,False,False,33.8027920380556,-117.4659261431046,3616.7,3616.7,1049.4,396.9,True,1,1,False,False,False,False,,True,False,False,Course Lock,196.8,67,16.4,93,NE,SW,2.23,11.4,Calm,False,False,Android,7.0.2,M300 RTK,1ZN7L4R0H1D00F,1W9DL31001461C,1ZMLH8300204F0,1Z6PH74DAP0QN7,"Corona, CA",728.3,5.7,137.7,8.547347,2.013246,0,0,DJI Matrice 300 RTK,M300 RTK,1ZN7L4R0H1D00F,1W9DL31001461C,1ZMLH8300204F0,1Z6PH74DAP0QN7,DJI Pilot,Android,7.0.2,1EF72A62-B7C3-C88D-164E-CE6F8C8424AE,1ZN7L4R0H1D00F,1W9DL31001461C,,1ZMLH8300204F0,1W9DL31001461C,,,,,
2023-11-01,11:32:37.63 AM,8m 15.3s,495.3,33.797490729766,-117.4760097300722,44.6,137.7,14.7,1308,4187.2,7.381902,7.569323,-7.381902,2.23694,0,1.342164,0,0.894776,-2,0.4,2,-179.5,180.5,181.1,Tripod,Other,,22,5,True,,True,False,,Smart,RC,False,True,False,,,True,,False,False,False,False,False,False,False,False,False,False,0,Follow Yaw,-77.9,0,172.4,172.4,False,False,False,False,False,,0,0,False,False,No Card,100,100,1024,1407,1024,1129,2,False,False,False,False,False,0,False,False,False,False,73,,46.704,,7381,,10044,,46.704,,True,3.892,3.892,3.892,3.892,3.892,3.892,3.892,3.892,3.892,3.892,3.892,3.892,0,,False,False,True,,,,,,,,,,,,,,,False,False,19.08,,100.9,,75.7,,100.9,,1411,109,4,22,7,142884.1,19051.22,,Idle,,20,,10,,,20,Go Home,False,False,False,False,False,False,False,False,False,False,False,False,33.8027920380556,-117.4659261431046,3617.2,3617.2,1049.4,396.9,True,1,1,False,False,False,False,,True,False,False,Course Lock,196.8,67,16.4,93,NE,SW,2.23,11.4,Calm,False,False,Android,7.0.2,M300 RTK,1ZN7L4R0H1D00F,1W9DL31001461C,1ZMLH8300204F0,1Z6PH74DAP0QN7,"Corona, CA",728.3,5.7,137.7,8.547347,2.013246,0,0,DJI Matrice 300 RTK,M300 RTK,1ZN7L4R0H1D00F,1W9DL31001461C,1ZMLH8300204F0,1Z6PH74DAP0QN7,DJI Pilot,Android,7.0.2,1EF72A62-B7C3-C88D-164E-CE6F8C8424AE,1ZN7L4R0H1D00F,1W9DL31001461C,,1ZMLH8300204F0,1W9DL31001461C,,,,,
2023-11-01,11:32:37.74 AM,8m 15.4s,495.4,33.797487519165,-117.4760097182795,44.6,137.7,14.7,1308,4188.4,7.381902,7.569323,-7.381902,2.23694,0,1.342164,0,0.894776,-1.9,0.5,1.9,-179.5,180.5,179.8,Tripod,Other,,23,5,True,,True,False,,Smart,RC,False,True,False,,,True,,False,False,False,False,False,False,False,False,False,False,0,Follow Yaw,-77.9,0,172.5,172.5,False,False,False,False,False,,0,0,False,False,No Card,100,100,1024,1407,1024,1024,2,False,False,False,False,False,0,False,False,False,False,73,,46.704,,7381,,10044,,46.704,,True,3.892,3.892,3.892,3.892,3.892,3.892,3.892,3.892,3.892,3.892,3.892,3.892,0,,False,False,True,,,,,,,,,,,,,,,False,False,19.08,,100.9,,75.7,,100.9,,1411,109,4,22,7,142884.1,19051.22,,Idle,,20,,10,,,20,Go Home,False,False,False,False,False,False,False,False,False,False,False,False,33.8027920380556,-117.4659261431046,3617.9,3617.9,1049.4,396.9,True,1,1,False,False,False,False,,True,False,False,Course Lock,196.8,67,16.4,93,NE,SW,2.23,11.4,Calm,False,False,Android,7.0.2,M300 RTK,1ZN7L4R0H1D00F,1W9DL31001461C,1ZMLH8300204F0,1Z6PH74DAP0QN7,"Corona, CA",728.3,5.7,137.7,8.547347,2.013246,0,0,DJI Matrice 300 RTK,M300 RTK,1ZN7L4R0H1D00F,1W9DL31001461C,1ZMLH8300204F0,1Z6PH74DAP0QN7,DJI Pilot,Android,7.0.2,1EF72A62-B7C3-C88D-164E-CE6F8C8424AE,1ZN7L4R0H1D00F,1W9DL31001461C,,1ZMLH8300204F0,1W9DL31001461C,,,,,
2023-11-01,11:32:37.84 AM,8m 15.5s,495.5,33.7974844538525,-117.4760096279791,44.6,137.7,14.7,1308,4189.5,7.381902,7.569323,-7.381902,2.23694,0,1.342164,0,0.894776,-1.9,1,2.1,-179.4,180.6,178.5,Tripod,Other,,23,5,True,,True,False,,Smart,RC,False,True,False,,,True,,False,False,False,False,False,False,False,False,False,False,0,Follow Yaw,-77.9,0,172.5,172.5,False,False,False,False,False,,0,0,False,False,No Card,100,100,1024,1408,1024,1024,2,False,False,False,False,False,0,False,False,False,False,73,,46.704,,7381,,10044,,46.704,,True,3.892,3.892,3.892,3.892,3.892,3.892,3.892,3.892,3.892,3.892,3.892,3.892,0,,False,False,True,,,,,,,,,,,,,,,False,False,19.08,,100.9,,75.7,,100.9,,1411,109,4,22,7,142884.1,19051.22,,Idle,,20,,10,,,20,Go Home,False,False,False,False,False,False,False,False,False,False,False,False,33.8027920380556,-117.4659261431046,3618.4,3618.4,1049.4,396.9,True,1,1,False,False,False,False,,True,False,False,Course Lock,196.8,67,16.4,93,NE,SW,2.23,11.4,Calm,False,False,Android,7.0.2,M300 RTK,1ZN7L4R0H1D00F,1W9DL31001461C,1ZMLH8300204F0,1Z6PH74DAP0QN7,"Corona, CA",728.3,5.7,137.7,8.547347,2.013246,0,0,DJI Matrice 300 RTK,M300 RTK,1ZN7L4R0H1D00F,1W9DL31001461C,1ZMLH8300204F0,1Z6PH74DAP0QN7,DJI Pilot,Android,7.0.2,1EF72A62-B7C3-C88D-164E-CE6F8C8424AE,1ZN7L4R0H1D00F,1W9DL31001461C,,1ZMLH8300204F0,1W9DL31001461C,,,,,
2023-11-01,11:32:37.94 AM,8m 15.6s,495.6,33.7974813953932,-117.4760096265772,44.6,137.7,14.7,1308,4190.7,7.381902,7.569323,-7.381902,2.23694,0,1.342164,0,0.894776,-1.9,0.7,2,-179.4,180.6,179.9,Tripod,Other,,23,5,True,,True,False,,Smart,RC,False,True,False,,,True,,False,False,False,False,False,False,False,False,False,False,0,Follow Yaw,-77.9,0,172.5,172.5,False,False,False,False,False,,0,0,False,False,No Card,100,100,1024,1406,1024,1024,2,False,False,False,False,False,0,False,False,False,False,73,,46.704,,7381,,10044,,46.704,,True,3.892,3.892,3.892,3.892,3.892,3.892,3.892,3.892,3.892,3.892,3.892,3.892,0,,False,False,True,,,,,,,,,,,,,,,False,False,19.08,,100.9,,75.7,,100.9,,1411,109,4,22,7,142884.1,19051.22,,Idle,,20,,10,,,20,Go Home,False,False,False,False,False,False,False,False,False,False,False,False,33.8027920380556,-117.4659261431046,3619.0,3619.0,1049.4,396.9,True,1,1,False,False,False,False,,True,False,False,Course Lock,196.8,67,16.4,93,NE,SW,2.23,11.4,Calm,False,False,Android,7.0.2,M300 RTK,1ZN7L4R0H1D00F,1W9DL31001461C,1ZMLH8300204F0,1Z6PH74DAP0QN7,"Corona, CA",728.3,5.7,137.7,8.547347,2.013246,0,0,DJI Matrice 300 RTK,M300 RTK,1ZN7L4R0H1D00F,1W9DL31001461C,1ZMLH8300204F0,1Z6PH74DAP0QN7,DJI Pilot,Android,7.0.2,1EF72A62-B7C3-C88D-164E-CE6F8C8424AE,1ZN7L4R0H1D00F,1W9DL31001461C,,1ZMLH8300204F0,1W9DL31001461C,,,,,
2023-11-01,11:32:38.05 AM,8m 15.7s,495.7,33.7974785090871,-117.4760097031883,44.6,137.7,14.7,1308,4191.7,7.381902,7.569323,-7.381902,2.23694,0,1.342164,0,0.894776,-1.9,0.3,1.9,-179.4,180.6,181.2,Tripod,Other,,23,5,True,,True,False,,Smart,RC,False,True,False,,,True,,False,False,False,False,False,False,False,False,False,False,0,Follow Yaw,-77.9,0,172.5,172.5,False,False,False,False,False,,0,0,False,False,No Card,100,100,1024,1406,1024,1024,2,False,False,False,False,False,0,False,False,False,False,73,,46.704,,7381,,10044,,46.704,,True,3.892,3.892,3.892,3.892,3.892,3.892,3.892,3.892,3.892,3.892,3.892,3.892,0,,False,False,True,,,,,,,,,,,,,,,False,False,19.08,,100.9,,75.7,,100.9,,1411,109,4,22,7,142884.1,19051.22,,Idle,,20,,10,,,20,Go Home,False,False,False,False,False,False,False,False,False,False,False,False,33.8027920380556,-117.4659261431046,3619.6,3619.6,1049.4,396.9,True,1,1,False,False,False,False,,True,False,False,Course Lock,196.8,67,16.4,93,NE,SW,2.23,11.4,Calm,False,False,Android,7.0.2,M300 RTK,1ZN7L4R0H1D00F,1W9DL31001461C,1ZMLH8300204F0,1Z6PH74DAP0QN7,"Corona, CA",728.3,5.7,137.7,8.547347,2.013246,0,0,DJI Matrice 300 RTK,M300 RTK,1ZN7L4R0H1D00F,1W9DL31001461C,1ZMLH8300204F0,1Z6PH74DAP0QN7,DJI Pilot,Android,7.0.2,1EF72A62-B7C3-C88D-164E-CE6F8C8424AE,1ZN7L4R0H1D00F,1W9DL31001461C,,1ZMLH8300204F0,1W9DL31001461C,,,,,
2023-11-01,11:32:38.15 AM,8m 15.8s,495.8,33.7974753009533,-117.4760097172075,44.6,137.7,14.7,1308,4192.9,7.381902,7.569323,-7.381902,2.23694,0,1.342164,0,0.894776,-2,0.1,2,-179.3,180.7,180.2,Tripod,Other,,23,5,True,,True,False,,Smart,RC,False,True,False,,,True,,False,False,False,False,False,False,False,False,False,False,0,Follow Yaw,-77.9,0,172.5,172.5,False,False,False,False,False,,0,0,False,False,No Card,100,100,1024,1407,1024,1024,2,False,False,False,False,False,0,False,False,False,False,73,,46.704,,7381,,10044,,46.704,,True,3.892,3.892,3.892,3.892,3.892,3.892,3.892,3.892,3.892,3.892,3.892,3.892,0,,False,False,True,,,,,,,,,,,,,,,False,False,19.08,,100.9,,75.7,,100.9,,1411,109,4,22,7,142884.1,19051.22,,Idle,,20,,10,,,20,Go Home,False,False,False,False,False,False,False,False,False,False,False,False,33.8027920380556,-117.4659261431046,3620.2,3620.2,1049.4,396.9,True,1,1,False,False,False,False,,True,False,False,Course Lock,196.8,67,16.4,93,NE,SW,2.23,11.4,Calm,False,False,Android,7.0.2,M300 RTK,1ZN7L4R0H1D00F,1W9DL31001461C,1ZMLH8300204F0,1Z6PH74DAP0QN7,"Corona, CA",728.3,5.7,137.7,8.547347,2.013246,0,0,DJI Matrice 300 RTK,M300 RTK,1ZN7L4R0H1D00F,1W9DL31001461C,1ZMLH8300204F0,1Z6PH74DAP0QN7,DJI Pilot,Android,7.0.2,1EF72A62-B7C3-C88D-164E-CE6F8C8424AE,1ZN7L4R0H1D00F,1W9DL31001461C,,1ZMLH8300204F0,1W9DL31001461C,,,,,
2023-11-01,11:32:38.25 AM,8m 15.9s,495.9,33.7974720919971,-117.4760097750163,44.6,137.7,14.7,1308,4194.0,7.381902,7.569323,-7.381902,2.23694,0,1.342164,0,0.894776,-2,0.1,2,-179.3,180.7,180.8,Tripod,Other,,23,5,True,,True,False,,Smart,RC,False,True,False,,,True,,False,False,False,False,False,False,False,False,False,False,0,Follow Yaw,-77.9,0,172.5,172.5,False,False,False,False,False,,0,0,False,False,No Card,100,100,1024,1406,1024,1024,2,False,False,False,False,False,0,False,False,False,False,73,,46.704,,7381,,10044,,46.704,,True,3.892,3.892,3.892,3.892,3.892,3.892,3.892,3.892,3.892,3.892,3.892,3.892,0,,False,False,True,,,,,,,,,,,,,,,False,False,19.08,,100.9,,75.7,,100.9,,1411,109,4,22,7,142884.1,19051.22,,Idle,,20,,10,,,20,Go Home,False,False,False,False,False,False,False,False,False,False,False,False,33.8027920380556,-117.4659261431046,3620.9,3620.9,1049.4,396.9,True,1,1,False,False,False,False,,True,False,False,Course Lock,196.8,67,16.4,93,NE,SW,2.23,11.4,Calm,False,False,Android,7.0.2,M300 RTK,1ZN7L4R0H1D00F,1W9DL31001461C,1ZMLH8300204F0,1Z6PH74DAP0QN7,"Corona, CA",728.3,5.7,137.7,8.547347,2.013246,0,0,DJI Matrice 300 RTK,M300 RTK,1ZN7L4R0H1D00F,1W9DL31001461C,1ZMLH8300204F0,1Z6PH74DAP0QN7,DJI Pilot,Android,7.0.2,1EF72A62-B7C3-C88D-164E-CE6F8C8424AE,1ZN7L4R0H1D00F,1W9DL31001461C,,1ZMLH8300204F0,1W9DL31001461C,,,,,
2023-11-01,11:32:38.36 AM,8m 16.0s,496.0,33.7974690201055,-117.4760097920868,44.6,137.7,15.0,1308,4195.2,7.381902,7.569323,-7.381902,2.23694,0,1.342164,0,0.894776,-1.9,0.3,1.9,-179.2,180.8,180.2,Tripod,Other,,23,5,True,,True,False,,Smart,RC,False,True,False,,,True,,False,False,False,False,False,False,False,False,False,False,0,Follow Yaw,-77.9,0,172.5,172.5,False,False,False,False,False,,0,0,False,False,No Card,100,100,1024,1404,1024,1024,2,False,False,False,False,False,0,False,False,False,False,74,,46.716,,3689,,4986,,46.716,,True,3.892,3.892,3.892,3.892,3.892,3.892,3.892,3.892,3.892,3.892,3.892,3.892,0,,False,False,True,,,,,,,,,,,,,,,False,False,9.598,,100.9,,75.7,,100.9,,1411,109,4,22,7,142884.1,19051.22,,Idle,,20,,10,,,20,Go Home,False,False,False,False,False,False,False,False,False,False,False,False,33.8027920380556,-117.4659261431046,3621.5,3621.5,1049.4,396.9,True,1,1,False,False,False,False,,True,False,False,Course Lock,196.8,67,16.4,93,NE,SW,2.23,11.4,Calm,False,False,Android,7.0.2,M300 RTK,1ZN7L4R0H1D00F,1W9DL31001461C,1ZMLH8300204F0,1Z6PH74DAP0QN7,"Corona, CA",728.3,5.7,137.7,8.547347,2.013246,0,0,DJI Matrice 300 RTK,M300 RTK,1ZN7L4R0H1D00F,1W9DL31001461C,1ZMLH8300204F0,1Z6PH74DAP0QN7,DJI Pilot,Android,7.0.2,1EF72A62-B7C3-C88D-164E-CE6F8C8424AE,1ZN7L4R0H1D00F,1W9DL31001461C,,1ZMLH8300204F0,1W9DL31001461C,,,,,
2023-11-01,11:32:38.46 AM,8m 16.1s,496.1,33.7974661543591,-117.4760099345059,44.6,137.7,15.0,1308,4196.2,7.381902,7.569323,-7.381902,2.23694,0,1.342164,0,0.894776,-1.8,0.5,1.8,-179.2,180.8,182.3,Tripod,Other,,23,5,True,,True,False,,Smart,RC,False,True,False,,,True,,False,False,False,False,False,False,False,False,False,False,0,Follow Yaw,-77.9,0,172.5,172.5,False,False,False,False,False,,0,0,False,False,No Card,100,100,1024,1404,1024,1024,2,False,False,False,False,False,0,False,False,False,False,74,,46.716,,3689,,4986,,46.716,,True,3.892,3.892,3.892,3.892,3.892,3.892,3.892,3.892,3.892,3.892,3.892,3.892,0,,False,False,True,,,,,,,,,,,,,,,False,False,9.598,,100.9,,75.7,,100.9,,1411,109,4,22,7,142884.1,19051.22,,Idle,,20,,10,,,20,Go Home,False,False,False,False,False,False,False,False,False,False,False,False,33.8027920380556,-117.4659261431046,3622.1,3622.1,1049.4,396.9,True,1,1,False,False,False,False,,True,False,False,Course Lock,196.8,67,16.4,93,NE,SW,2.23,11.4,Calm,False,False,Android,7.0.2,M300 RTK,1ZN7L4R0H1D00F,1W9DL31001461C,1ZMLH8300204F0,1Z6PH74DAP0QN7,"Corona, CA",728.3,5.7,137.7,8.547347,2.013246,0,0,DJI Matrice 300 RTK,M300 RTK,1ZN7L4R0H1D00F,1W9DL31001461C,1ZMLH8300204F0,1Z6PH74DAP0QN7,DJI Pilot,Android,7.0.2,1EF72A62-B7C3-C88D-164E-CE6F8C8424AE,1ZN7L4R0H1D00F,1W9DL31001461C,,1ZMLH8300204F0,1W9DL31001461C,,,,,
2023-11-01,11:32:38.56 AM,8m 16.2s,496.2,33.7974630843864,-117.4760099726877,44.6,137.7,15.0,1308,4197.3,7.381902,7.569323,-7.381902,2.23694,0,1.342164,0,0.894776,-1.8,0.4,1.8,-179.2,180.8,180.5,Tripod,Other,,23,5,True,,True,False,,Smart,RC,False,True,False,,,True,,False,False,False,False,False,False,False,False,False,False,0,Follow Yaw,-77.9,0,172.5,172.5,False,False,False,False,False,,0,0,False,False,No Card,100,100,1024,1404,1024,1024,2,False,False,False,False,False,0,False,False,False,False,74,,46.716,,3689,,4986,,46.716,,True,3.892,3.892,3.892,3.892,3.892,3.892,3.892,3.892,3.892,3.892,3.892,3.892,0,,False,False,True,,,,,,,,,,,,,,,False,False,9.598,,100.9,,75.7,,100.9,,1411,109,4,22,7,142884.1,19051.22,,Idle,,20,,10,,,20,Go Home,False,False,False,False,False,False,False,False,False,False,False,False,33.8027920380556,-117.4659261431046,3622.7,3622.7,1049.4,396.9,True,1,1,False,False,False,False,,True,False,False,Course Lock,196.8,67,16.4,93,NE,SW,2.23,11.4,Calm,False,False,Android,7.0.2,M300 RTK,1ZN7L4R0H1D00F,1W9DL31001461C,1ZMLH8300204F0,1Z6PH74DAP0QN7,"Corona, CA",728.3,5.7,137.7,8.547347,2.013246,0,0,DJI Matrice 300 RTK,M300 RTK,1ZN7L4R0H1D00F,1W9DL31001461C,1ZMLH8300204F0,1Z6PH74DAP0QN7,DJI Pilot,Android,7.0.2,1EF72A62-B7C3-C88D-164E-CE6F8C8424AE,1ZN7L4R0H1D00F,1W9DL31001461C,,1ZMLH8300204F0,1W9DL31001461C,,,,,
2023-11-01,11:32:38.66 AM,8m 16.3s,496.3,33.7974598951675,-117.4760099386292,44.6,137.7,15.0,1308,4198.5,7.381902,7.569323,-7.381902,2.23694,0,1.342164,0,0.894776,-1.7,0.2,1.7,-179.2,180.8,179.4,Tripod,Other,,23,5,True,,True,False,,Smart,RC,False,True,False,,,True,,False,False,False,False,False,False,False,False,False,False,0,Follow Yaw,-77.9,0,172.5,172.5,False,False,False,False,False,,0,0,False,False,No Card,100,100,1024,1404,1024,1024,2,False,False,False,False,False,0,False,False,False,False,74,,46.716,,3689,,4986,,46.716,,True,3.894,3.894,3.894,3.894,3.894,3.894,3.894,3.894,3.894,3.894,3.894,3.894,0,,False,False,True,,,,,,,,,,,,,,,False,False,9.598,,100.9,,75.7,,100.9,,1409,109,4,22,7,143201.6,19093.55,,Idle,,20,,10,,,20,Go Home,False,False,False,False,False,False,False,False,False,False,False,False,33.8027920380556,-117.4659261431046,3623.3,3623.3,1049.4,396.9,True,1,1,False,False,False,False,,True,False,False,Course Lock,196.8,67,16.4,93,NE,SW,2.23,11.4,Calm,False,False,Android,7.0.2,M300 RTK,1ZN7L4R0H1D00F,1W9DL31001461C,1ZMLH8300204F0,1Z6PH74DAP0QN7,"Corona, CA",728.3,5.7,137.7,8.547347,2.013246,0,0,DJI Matrice 300 RTK,M300 RTK,1ZN7L4R0H1D00F,1W9DL31001461C,1ZMLH8300204F0,1Z6PH74DAP0QN7,DJI Pilot,Android,7.0.2,1EF72A62-B7C3-C88D-164E-CE6F8C8424AE,1ZN7L4R0H1D00F,1W9DL31001461C,,1ZMLH8300204F0,1W9DL31001461C,,,,,
2023-11-01,11:32:38.77 AM,8m 16.4s,496.4,33.7974566560571,-117.4760099747494,44.6,137.7,15.0,1308,4199.7,7.381902,7.569323,-7.381902,2.23694,0,1.342164,0,0.894776,-1.6,0,1.6,-179.2,180.8,180.5,Tripod,Other,,23,5,True,,True,False,,Smart,RC,False,True,False,,,True,,False,False,False,False,False,False,False,False,False,False,0,Follow Yaw,-77.9,0,172.5,172.5,False,False,False,False,False,,0,0,False,False,No Card,100,100,1024,1403,1024,1024,2,False,False,False,False,False,0,False,False,False,False,74,,46.716,,3689,,4986,,46.716,,True,3.894,3.894,3.894,3.894,3.894,3.894,3.894,3.894,3.894,3.894,3.894,3.894,0,,False,False,True,,,,,,,,,,,,,,,False,False,9.598,,100.9,,75.7,,100.9,,1409,109,4,22,7,143201.6,19093.55,,Idle,,20,,10,,,20,Go Home,False,False,False,False,False,False,False,False,False,False,False,False,33.8027920380556,-117.4659261431046,3624.0,3624.0,1049.4,396.9,True,1,1,False,False,False,False,,True,False,False,Course Lock,196.8,67,16.4,93,NE,SW,2.23,11.4,Calm,False,False,Android,7.0.2,M300 RTK,1ZN7L4R0H1D00F,1W9DL31001461C,1ZMLH8300204F0,1Z6PH74DAP0QN7,"Corona, CA",728.3,5.7,137.7,8.547347,2.013246,0,0,DJI Matrice 300 RTK,M300 RTK,1ZN7L4R0H1D00F,1W9DL31001461C,1ZMLH8300204F0,1Z6PH74DAP0QN7,DJI Pilot,Android,7.0.2,1EF72A62-B7C3-C88D-164E-CE6F8C8424AE,1ZN7L4R0H1D00F,1W9DL31001461C,,1ZMLH8300204F0,1W9DL31001461C,,,,,
2023-11-01,11:32:38.87 AM,8m 16.5s,496.5,33.7974538066213,-117.476010100098,44.6,137.7,15.0,1308,4200.7,7.381902,7.569323,-7.381902,2.23694,0,1.342164,0,0.894776,-1.6,0,1.6,-179.2,180.8,182.0,Tripod,Other,,23,5,True,,True,False,,Smart,RC,False,True,False,,,True,,False,False,False,False,False,False,False,False,False,False,0,Follow Yaw,-77.9,0,172.5,172.5,False,False,False,False,False,,0,0,False,False,No Card,100,100,1024,1406,1024,1024,2,False,False,False,False,False,0,False,False,False,False,74,,46.716,,3689,,4986,,46.716,,True,3.894,3.894,3.894,3.894,3.894,3.894,3.894,3.894,3.894,3.894,3.894,3.894,0,,False,False,True,,,,,,,,,,,,,,,False,False,9.598,,100.9,,75.7,,100.9,,1409,109,4,22,7,143201.6,19093.55,,Idle,,20,,10,,,20,Go Home,False,False,False,False,False,False,False,False,False,False,False,False,33.8027920380556,-117.4659261431046,3624.6,3624.6,1049.4,396.9,True,1,1,False,False,False,False,,True,False,False,Course Lock,196.8,67,16.4,93,N,S,2.23,11.4,Calm,False,False,Android,7.0.2,M300 RTK,1ZN7L4R0H1D00F,1W9DL31001461C,1ZMLH8300204F0,1Z6PH74DAP0QN7,"Corona, CA",728.3,5.7,137.7,8.547347,2.013246,0,0,DJI Matrice 300 RTK,M300 RTK,1ZN7L4R0H1D00F,1W9DL31001461C,1ZMLH8300204F0,1Z6PH74DAP0QN7,DJI Pilot,Android,7.0.2,1EF72A62-B7C3-C88D-164E-CE6F8C8424AE,1ZN7L4R0H1D00F,1W9DL31001461C,,1ZMLH8300204F0,1W9DL31001461C,,,,,
2023-11-01,11:32:38.97 AM,8m 16.6s,496.6,33.7974507254093,-117.4760101405889,44.6,137.7,15.0,1308,4201.8,7.381902,7.569323,-7.381902,2.23694,0,1.342164,0,0.894776,-1.6,0,1.6,-179.2,180.8,180.6,Tripod,Other,,23,5,True,,True,False,,Smart,RC,False,True,False,,,True,,False,False,False,False,False,False,False,False,False,False,0,Follow Yaw,-77.9,0,172.5,172.5,False,False,False,False,False,,0,0,False,False,No Card,100,100,1024,1406,1024,1024,2,False,False,False,False,False,0,False,False,False,False,74,,46.716,,3689,,4986,,46.716,,True,3.894,3.894,3.894,3.894,3.894,3.894,3.894,3.894,3.894,3.894,3.894,3.894,0,,False,False,True,,,,,,,,,,,,,,,False,False,9.598,,100.9,,75.7,,100.9,,1409,109,4,22,7,143201.6,19093.55,,Idle,,20,,10,,,20,Go Home,False,False,False,False,False,False,False,False,False,False,False,False,33.8027920380556,-117.4659261431046,3625.2,3625.2,1049.4,396.9,True,1,1,False,False,False,False,,True,False,False,Course Lock,196.8,67,16.4,93,N,S,2.23,11.4,Calm,False,False,Android,7.0.2,M300 RTK,1ZN7L4R0H1D00F,1W9DL31001461C,1ZMLH8300204F0,1Z6PH74DAP0QN7,"Corona, CA",728.3,5.7,137.7,8.547347,2.013246,0,0,DJI Matrice 300 RTK,M300 RTK,1ZN7L4R0H1D00F,1W9DL31001461C,1ZMLH8300204F0,1Z6PH74DAP0QN7,DJI Pilot,Android,7.0.2,1EF72A62-B7C3-C88D-164E-CE6F8C8424AE,1ZN7L4R0H1D00F,1W9DL31001461C,,1ZMLH8300204F0,1W9DL31001461C,,,,,
2023-11-01,11:32:39.08 AM,8m 16.7s,496.7,33.797447479994,-117.4760100528449,44.6,137.7,15.0,1308,4203.0,7.381902,7.569323,-7.381902,2.23694,0,1.342164,0,0.894776,-1.6,0,1.6,-179.1,180.9,178.7,Tripod,Other,,23,5,True,,True,False,,Smart,RC,False,True,False,,,True,,False,False,False,False,False,False,False,False,False,False,0,Follow Yaw,-77.9,0,172.5,172.5,False,False,False,False,False,,0,0,False,False,No Card,100,100,1024,1406,1024,1024,2,False,False,False,False,False,0,False,False,False,False,74,,46.716,,3689,,4986,,46.716,,True,3.894,3.894,3.894,3.894,3.894,3.894,3.894,3.894,3.894,3.894,3.894,3.894,0,,False,False,True,,,,,,,,,,,,,,,False,False,9.598,,100.9,,75.7,,100.9,,1409,109,4,22,7,143201.6,19093.55,,Idle,,20,,10,,,20,Go Home,False,False,False,False,False,False,False,False,False,False,False,False,33.8027920380556,-117.4659261431046,3625.8,3625.8,1049.4,396.9,True,1,1,False,False,False,False,,True,False,False,Course Lock,196.8,67,16.4,93,N,S,2.23,11.4,Calm,False,False,Android,7.0.2,M300 RTK,1ZN7L4R0H1D00F,1W9DL31001461C,1ZMLH8300204F0,1Z6PH74DAP0QN7,"Corona, CA",728.3,5.7,137.7,8.547347,2.013246,0,0,DJI Matrice 300 RTK,M300 RTK,1ZN7L4R0H1D00F,1W9DL31001461C,1ZMLH8300204F0,1Z6PH74DAP0QN7,DJI Pilot,Android,7.0.2,1EF72A62-B7C3-C88D-164E-CE6F8C8424AE,1ZN7L4R0H1D00F,1W9DL31001461C,,1ZMLH8300204F0,1W9DL31001461C,,,,,
2023-11-01,11:32:39.14 AM,8m 16.8s,496.8,33.7974442263547,-117.4760100785743,44.6,137.7,15.0,1308,4204.2,7.381902,7.569323,-7.381902,2.23694,0,1.342164,0,0.894776,-1.6,0.2,1.6,-179.2,180.8,180.3,Tripod,Other,,23,5,True,,True,False,,Smart,RC,False,True,False,,,True,,False,False,False,False,False,False,False,False,False,False,0,Follow Yaw,-77.9,0,172.5,172.5,False,False,False,False,False,,0,0,False,False,No Card,100,100,1024,1405,1024,1024,2,False,False,False,False,False,0,False,False,False,False,74,,46.716,,3689,,4986,,46.716,,True,3.894,3.894,3.894,3.894,3.894,3.894,3.894,3.894,3.894,3.894,3.894,3.894,0,,False,False,True,,,,,,,,,,,,,,,False,False,9.598,,100.9,,75.7,,100.9,,1409,109,4,22,7,143201.6,19093.55,,Idle,,20,,10,,,20,Go Home,False,False,False,False,False,False,False,False,False,False,False,False,33.8027920380556,-117.4659261431046,3626.4,3626.4,1049.4,396.9,True,1,1,False,False,False,False,,True,False,False,Course Lock,196.8,67,16.4,93,N,S,2.23,11.4,Calm,False,False,Android,7.0.2,M300 RTK,1ZN7L4R0H1D00F,1W9DL31001461C,1ZMLH8300204F0,1Z6PH74DAP0QN7,"Corona, CA",728.3,5.7,137.7,8.547347,2.013246,0,0,DJI Matrice 300 RTK,M300 RTK,1ZN7L4R0H1D00F,1W9DL31001461C,1ZMLH8300204F0,1Z6PH74DAP0QN7,DJI Pilot,Android,7.0.2,1EF72A62-B7C3-C88D-164E-CE6F8C8424AE,1ZN7L4R0H1D00F,1W9DL31001461C,,1ZMLH8300204F0,1W9DL31001461C,,,,,
2023-11-01,11:32:39.24 AM,8m 16.9s,496.9,33.7974414987694,-117.4760099989944,44.6,137.7,15.0,1308,4205.2,7.381902,7.569323,-7.381902,2.23694,0,1.342164,0,0.894776,-1.6,0.4,1.6,-179.2,180.8,178.6,Tripod,Other,,23,5,True,,True,False,,Smart,RC,False,True,False,,,True,,False,False,False,False,False,False,False,False,False,False,0,Follow Yaw,-77.9,0,172.5,172.5,False,False,False,False,False,,0,0,False,False,No Card,100,100,1024,1404,1024,1024,2,False,False,False,False,False,0,False,False,False,False,74,,46.716,,3689,,4986,,46.716,,True,3.894,3.894,3.894,3.894,3.894,3.894,3.894,3.894,3.894,3.894,3.894,3.894,0,,False,False,True,,,,,,,,,,,,,,,False,False,9.598,,100.9,,75.7,,100.9,,1409,109,4,22,7,143201.6,19093.55,,Idle,,20,,10,,,20,Go Home,False,False,False,False,False,False,False,False,False,False,False,False,33.8027920380556,-117.4659261431046,3626.9,3626.9,1049.4,396.9,True,1,1,False,False,False,False,,True,False,False,Course Lock,196.8,67,16.4,93,N,S,2.46,11.4,Calm,False,False,Android,7.0.2,M300 RTK,1ZN7L4R0H1D00F,1W9DL31001461C,1ZMLH8300204F0,1Z6PH74DAP0QN7,"Corona, CA",728.3,5.7,137.7,8.547347,2.013246,0,0,DJI Matrice 300 RTK,M300 RTK,1ZN7L4R0H1D00F,1W9DL31001461C,1ZMLH8300204F0,1Z6PH74DAP0QN7,DJI Pilot,Android,7.0.2,1EF72A62-B7C3-C88D-164E-CE6F8C8424AE,1ZN7L4R0H1D00F,1W9DL31001461C,,1ZMLH8300204F0,1W9DL31001461C,,,,,
2023-11-01,11:32:39.34 AM,8m 17.0s,497.0,33.7974385898476,-117.4760100200234,44.6,137.7,15.0,1308,4206.3,7.381902,7.569323,-7.381902,2.23694,0,1.342164,0,0.894776,-1.5,0.4,1.5,-179.3,180.7,180.3,Tripod,Other,,23,5,True,,True,False,,Smart,RC,False,True,False,,,True,,False,False,False,False,False,False,False,False,False,False,0,Follow Yaw,-77.9,0,172.5,172.5,False,False,False,False,False,,0,0,False,False,No Card,100,100,1024,1404,1024,1024,2,False,False,False,False,False,0,False,False,False,False,73,,46.716,,7381,,10044,,46.716,,True,3.894,3.894,3.894,3.894,3.894,3.894,3.894,3.894,3.894,3.894,3.894,3.894,0,,False,False,True,,,,,,,,,,,,,,,False,False,19.224,,101.1,,75.7,,101.1,,1409,109,4,22,7,143201.6,19093.55,,Idle,,20,,10,,,20,Go Home,False,False,False,False,False,False,False,False,False,False,False,False,33.8027920380556,-117.4659261431046,3627.5,3627.5,1049.4,396.9,True,1,1,False,False,False,False,,True,False,False,Course Lock,196.8,67,16.4,93,N,S,2.46,11.4,Calm,False,False,Android,7.0.2,M300 RTK,1ZN7L4R0H1D00F,1W9DL31001461C,1ZMLH8300204F0,1Z6PH74DAP0QN7,"Corona, CA",728.3,5.7,137.7,8.547347,2.013246,0,0,DJI Matrice 300 RTK,M300 RTK,1ZN7L4R0H1D00F,1W9DL31001461C,1ZMLH8300204F0,1Z6PH74DAP0QN7,DJI Pilot,Android,7.0.2,1EF72A62-B7C3-C88D-164E-CE6F8C8424AE,1ZN7L4R0H1D00F,1W9DL31001461C,,1ZMLH8300204F0,1W9DL31001461C,,,,,
2023-11-01,11:32:39.44 AM,8m 17.1s,497.1,33.7974354236555,-117.4760101440525,44.6,137.7,15.0,1308,4207.4,7.381902,7.569323,-7.381902,2.23694,0,1.342164,0,0.894776,-1.6,0.1,1.6,-179.4,180.6,181.8,Tripod,Other,,23,5,True,,True,False,,Smart,RC,False,True,False,,,True,,False,False,False,False,False,False,False,False,False,False,0,Follow Yaw,-77.9,0,172.5,172.5,False,False,False,False,False,,0,0,False,False,No Card,100,100,1024,1406,1024,1024,2,False,False,False,False,False,0,False,False,False,False,73,,46.716,,7381,,10044,,46.716,,True,3.894,3.894,3.894,3.894,3.894,3.894,3.894,3.894,3.894,3.894,3.894,3.894,0,,False,False,True,,,,,,,,,,,,,,,False,False,19.224,,101.1,,75.7,,101.1,,1409,109,4,22,7,143201.6,19093.55,,Idle,,20,,10,,,20,Go Home,False,False,False,False,False,False,False,False,False,False,False,False,33.8027920380556,-117.4659261431046,3628.2,3628.2,1049.4,396.9,True,1,1,False,False,False,False,,True,False,False,Course Lock,196.8,67,16.4,93,N,S,2.46,11.4,Calm,False,False,Android,7.0.2,M300 RTK,1ZN7L4R0H1D00F,1W9DL31001461C,1ZMLH8300204F0,1Z6PH74DAP0QN7,"Corona, CA",728.3,5.7,137.7,8.547347,2.013246,0,0,DJI Matrice 300 RTK,M300 RTK,1ZN7L4R0H1D00F,1W9DL31001461C,1ZMLH8300204F0,1Z6PH74DAP0QN7,DJI Pilot,Android,7.0.2,1EF72A62-B7C3-C88D-164E-CE6F8C8424AE,1ZN7L4R0H1D00F,1W9DL31001461C,,1ZMLH8300204F0,1W9DL31001461C,,,,,
2023-11-01,11:32:39.54 AM,8m 17.2s,497.2,33.7974322053789,-117.4760101806674,44.6,137.7,15.0,1308,4208.6,7.381902,7.569323,-7.381902,2.23694,0,1.342164,0,0.894776,-1.7,-0.1,1.7,-179.4,180.6,180.5,Tripod,Other,,23,5,True,,True,False,,Smart,RC,False,True,False,,,True,,False,False,False,False,False,False,False,False,False,False,0,Follow Yaw,-77.9,0,172.5,172.5,False,False,False,False,False,,0,0,False,False,No Card,100,100,1024,1406,1024,1024,2,False,False,False,False,False,0,False,False,False,False,73,,46.716,,7381,,10044,,46.716,,True,3.894,3.894,3.894,3.894,3.894,3.894,3.894,3.894,3.894,3.894,3.894,3.894,0,,False,False,True,,,,,,,,,,,,,,,False,False,19.224,,101.1,,75.7,,101.1,,1409,109,4,22,7,143201.6,19093.55,,Idle,,20,,10,,,20,Go Home,False,False,False,False,False,False,False,False,False,False,False,False,33.8027920380556,-117.4659261431046,3628.8,3628.8,1049.4,396.9,True,1,1,False,False,False,False,,True,False,False,Course Lock,196.8,67,16.4,93,N,S,2.46,11.4,Calm,False,False,Android,7.0.2,M300 RTK,1ZN7L4R0H1D00F,1W9DL31001461C,1ZMLH8300204F0,1Z6PH74DAP0QN7,"Corona, CA",728.3,5.7,137.7,8.547347,2.013246,0,0,DJI Matrice 300 RTK,M300 RTK,1ZN7L4R0H1D00F,1W9DL31001461C,1ZMLH8300204F0,1Z6PH74DAP0QN7,DJI Pilot,Android,7.0.2,1EF72A62-B7C3-C88D-164E-CE6F8C8424AE,1ZN7L4R0H1D00F,1W9DL31001461C,,1ZMLH8300204F0,1W9DL31001461C,,,,,
2023-11-01,11:32:39.60 AM,8m 17.3s,497.3,33.7974291323908,-117.4760102896877,44.6,137.7,15.0,1308,4209.7,7.381902,7.569323,-7.381902,2.23694,0,1.342164,0,0.894776,-1.6,-0.1,1.6,-179.4,180.6,181.6,Tripod,Other,,23,5,True,,True,False,,Smart,RC,False,True,False,,,True,,False,False,False,False,False,False,False,False,False,False,0,Follow Yaw,-77.9,0,172.5,172.5,False,False,False,False,False,,0,0,False,False,No Card,100,100,1024,1407,1024,1024,2,False,False,False,False,False,0,False,False,False,False,73,,46.716,,7381,,10044,,46.716,,True,3.894,3.894,3.894,3.894,3.894,3.894,3.894,3.894,3.894,3.894,3.894,3.894,0,,False,False,True,,,,,,,,,,,,,,,False,False,19.224,,101.1,,75.7,,101.1,,1407,109,4,22,7,143412.1,19121.62,,Idle,,20,,10,,,20,Go Home,False,False,False,False,False,False,False,False,False,False,False,False,33.8027920380556,-117.4659261431046,3629.4,3629.4,1049.4,396.9,True,1,1,False,False,False,False,,True,False,False,Course Lock,196.8,67,16.4,93,N,S,2.46,11.4,Calm,False,False,Android,7.0.2,M300 RTK,1ZN7L4R0H1D00F,1W9DL31001461C,1ZMLH8300204F0,1Z6PH74DAP0QN7,"Corona, CA",728.3,5.7,137.7,8.547347,2.013246,0,0,DJI Matrice 300 RTK,M300 RTK,1ZN7L4R0H1D00F,1W9DL31001461C,1ZMLH8300204F0,1Z6PH74DAP0QN7,DJI Pilot,Android,7.0.2,1EF72A62-B7C3-C88D-164E-CE6F8C8424AE,1ZN7L4R0H1D00F,1W9DL31001461C,,1ZMLH8300204F0,1W9DL31001461C,,,,,
2023-11-01,11:32:39.71 AM,8m 17.4s,497.4,33.7974260533719,-117.4760103151698,44.6,137.7,15.0,1308,4210.8,7.381902,7.569323,-7.381902,2.23694,0,1.342164,0,0.894776,-1.5,0,1.5,-179.4,180.6,180.3,Tripod,Other,,23,5,True,,True,False,,Smart,RC,False,True,False,,,True,,False,False,False,False,False,False,False,False,False,False,0,Follow Yaw,-77.9,0,172.5,172.5,False,False,False,False,False,,0,0,False,False,No Card,100,100,1024,1404,1024,1024,2,False,False,False,False,False,0,False,False,False,False,73,,46.716,,7381,,10044,,46.716,,True,3.894,3.894,3.894,3.894,3.894,3.894,3.894,3.894,3.894,3.894,3.894,3.894,0,,False,False,True,,,,,,,,,,,,,,,False,False,19.224,,101.1,,75.7,,101.1,,1407,109,4,22,7,143412.1,19121.62,,Idle,,20,,10,,,20,Go Home,False,False,False,False,False,False,False,False,False,False,False,False,33.8027920380556,-117.4659261431046,3630.1,3630.1,1049.4,396.9,True,1,1,False,False,False,False,,True,False,False,Course Lock,196.8,67,16.4,93,N,S,2.46,11.4,Calm,False,False,Android,7.0.2,M300 RTK,1ZN7L4R0H1D00F,1W9DL31001461C,1ZMLH8300204F0,1Z6PH74DAP0QN7,"Corona, CA",728.3,5.7,137.7,8.547347,2.013246,0,0,DJI Matrice 300 RTK,M300 RTK,1ZN7L4R0H1D00F,1W9DL31001461C,1ZMLH8300204F0,1Z6PH74DAP0QN7,DJI Pilot,Android,7.0.2,1EF72A62-B7C3-C88D-164E-CE6F8C8424AE,1ZN7L4R0H1D00F,1W9DL31001461C,,1ZMLH8300204F0,1W9DL31001461C,,,,,
2023-11-01,11:32:39.84 AM,8m 17.5s,497.5,33.7974227820513,-117.476010200047,44.6,137.7,15.0,1308,4212.0,7.381902,7.569323,-7.381902,2.23694,0,1.342164,0,0.894776,-1.5,0.3,1.5,-179.4,180.6,178.3,Tripod,Other,,23,5,True,,True,False,,Smart,RC,False,True,False,,,True,,False,False,False,False,False,False,False,False,False,False,0,Follow Yaw,-77.9,0,172.5,172.5,False,False,False,False,False,,0,0,False,False,No Card,100,100,1024,1404,1024,1024,2,False,False,False,False,False,0,False,False,False,False,73,,46.716,,7381,,10044,,46.716,,True,3.894,3.894,3.894,3.894,3.894,3.894,3.894,3.894,3.894,3.894,3.894,3.894,0,,False,False,True,,,,,,,,,,,,,,,False,False,19.224,,101.1,,75.7,,101.1,,1407,109,4,22,7,143412.1,19121.62,,Idle,,20,,10,,,20,Go Home,False,False,False,False,False,False,False,False,False,False,False,False,33.8027920380556,-117.4659261431046,3630.7,3630.7,1049.4,396.9,True,1,1,False,False,False,False,,True,False,False,Course Lock,196.8,67,16.4,93,N,S,2.46,11.4,Calm,False,False,Android,7.0.2,M300 RTK,1ZN7L4R0H1D00F,1W9DL31001461C,1ZMLH8300204F0,1Z6PH74DAP0QN7,"Corona, CA",728.3,5.7,137.7,8.547347,2.013246,0,0,DJI Matrice 300 RTK,M300 RTK,1ZN7L4R0H1D00F,1W9DL31001461C,1ZMLH8300204F0,1Z6PH74DAP0QN7,DJI Pilot,Android,7.0.2,1EF72A62-B7C3-C88D-164E-CE6F8C8424AE,1ZN7L4R0H1D00F,1W9DL31001461C,,1ZMLH8300204F0,1W9DL31001461C,,,,,
2023-11-01,11:32:39.94 AM,8m 17.6s,497.6,33.7974197102968,-117.4760102114273,44.6,137.7,15.0,1308,4213.2,7.381902,7.569323,-7.381902,2.23694,0,1.342164,0,0.894776,-1.6,0.3,1.6,-179.4,180.6,180.1,Tripod,Other,,23,5,True,,True,False,,Smart,RC,False,True,False,,,True,,False,False,False,False,False,False,False,False,False,False,0,Follow Yaw,-77.9,0,172.5,172.5,False,False,False,False,False,,0,0,False,False,No Card,100,100,1024,1405,1024,1024,2,False,False,False,False,False,0,False,False,False,False,73,,46.716,,7381,,10044,,46.716,,True,3.894,3.894,3.894,3.894,3.894,3.894,3.894,3.894,3.894,3.894,3.894,3.894,0,,False,False,True,,,,,,,,,,,,,,,False,False,19.224,,101.1,,75.7,,101.1,,1407,109,4,22,7,143412.1,19121.62,,Idle,,20,,10,,,20,Go Home,False,False,False,False,False,False,False,False,False,False,False,False,33.8027920380556,-117.4659261431046,3631.3,3631.3,1049.4,396.9,True,1,1,False,False,False,False,,True,False,False,Course Lock,196.8,67,16.4,93,N,S,2.46,11.4,Calm,False,False,Android,7.0.2,M300 RTK,1ZN7L4R0H1D00F,1W9DL31001461C,1ZMLH8300204F0,1Z6PH74DAP0QN7,"Corona, CA",728.3,5.7,137.7,8.547347,2.013246,0,0,DJI Matrice 300 RTK,M300 RTK,1ZN7L4R0H1D00F,1W9DL31001461C,1ZMLH8300204F0,1Z6PH74DAP0QN7,DJI Pilot,Android,7.0.2,1EF72A62-B7C3-C88D-164E-CE6F8C8424AE,1ZN7L4R0H1D00F,1W9DL31001461C,,1ZMLH8300204F0,1W9DL31001461C,,,,,
2023-11-01,11:32:40.04 AM,8m 17.7s,497.7,33.7974169887423,-117.4760101263222,44.6,137.7,15.0,1308,4214.2,7.381902,7.569323,-7.381902,2.23694,0,1.342164,0,0.894776,-1.7,0.3,1.7,-179.3,180.7,178.5,Tripod,Other,,23,5,True,,True,False,,Smart,RC,False,True,False,,,True,,False,False,False,False,False,False,False,False,False,False,0,Follow Yaw,-77.9,0,172.5,172.5,False,False,False,False,False,,0,0,False,False,No Card,100,100,1024,1404,935,1024,2,False,False,False,False,False,0,False,False,False,False,74,,46.692,,3689,,4986,,46.692,,True,3.894,3.894,3.894,3.894,3.894,3.894,3.894,3.894,3.894,3.894,3.894,3.894,0,,False,False,True,,,,,,,,,,,,,,,False,False,9.598,,100.9,,75.7,,101.1,,1407,109,4,22,7,143412.1,19121.62,,Idle,,20,,10,,,20,Go Home,False,False,False,False,False,False,False,False,False,False,False,False,33.8027920380556,-117.4659261431046,3631.8,3631.8,1049.4,396.9,True,1,1,False,False,False,False,,True,False,False,Course Lock,196.8,67,16.4,93,N,S,2.46,11.4,Calm,False,False,Android,7.0.2,M300 RTK,1ZN7L4R0H1D00F,1W9DL31001461C,1ZMLH8300204F0,1Z6PH74DAP0QN7,"Corona, CA",728.3,5.7,137.7,8.547347,2.013246,0,0,DJI Matrice 300 RTK,M300 RTK,1ZN7L4R0H1D00F,1W9DL31001461C,1ZMLH8300204F0,1Z6PH74DAP0QN7,DJI Pilot,Android,7.0.2,1EF72A62-B7C3-C88D-164E-CE6F8C8424AE,1ZN7L4R0H1D00F,1W9DL31001461C,,1ZMLH8300204F0,1W9DL31001461C,,,,,
2023-11-01,11:32:40.12 AM,8m 17.8s,497.8,33.797413788147,-117.4760101309404,44.6,137.7,15.4,1308,4215.3,7.381902,7.569323,-7.381902,2.23694,0,1.342164,0,0.894776,-1.9,0.1,1.9,-179.3,180.7,180.0,Tripod,Other,,23,5,True,,True,False,,Smart,RC,False,True,False,,,True,,False,False,False,False,False,False,False,False,False,False,0,Follow Yaw,-77.9,0,172.5,172.5,False,False,False,False,False,,0,0,False,False,No Card,100,100,1024,1403,763,1024,2,False,False,False,False,False,0,False,False,False,False,74,,46.692,,3689,,4986,,46.692,,True,3.894,3.894,3.894,3.894,3.894,3.894,3.894,3.894,3.894,3.894,3.894,3.894,0,,False,False,True,,,,,,,,,,,,,,,False,False,9.598,,100.9,,75.7,,101.1,,1407,109,4,22,7,143412.1,19121.62,,Idle,,20,,10,,,20,Go Home,False,False,False,False,False,False,False,False,False,False,False,False,33.8027920380556,-117.4659261431046,3632.4,3632.4,1049.4,396.9,True,1,1,False,False,False,False,,True,False,False,Course Lock,196.8,67,16.4,93,N,S,2.46,11.4,Calm,False,False,Android,7.0.2,M300 RTK,1ZN7L4R0H1D00F,1W9DL31001461C,1ZMLH8300204F0,1Z6PH74DAP0QN7,"Corona, CA",728.3,5.7,137.7,8.547347,2.013246,0,0,DJI Matrice 300 RTK,M300 RTK,1ZN7L4R0H1D00F,1W9DL31001461C,1ZMLH8300204F0,1Z6PH74DAP0QN7,DJI Pilot,Android,7.0.2,1EF72A62-B7C3-C88D-164E-CE6F8C8424AE,1ZN7L4R0H1D00F,1W9DL31001461C,,1ZMLH8300204F0,1W9DL31001461C,,,,,
2023-11-01,11:32:40.24 AM,8m 17.9s,497.9,33.7974103840108,-117.4760101193951,44.6,137.7,15.4,1308,4216.6,7.381902,7.569323,-7.381902,2.23694,0,1.342164,0,0.894776,-2,0.1,2,-179.3,180.7,179.8,Tripod,Other,,23,5,True,,True,False,,Smart,RC,False,True,False,,,True,,False,False,False,False,False,False,False,False,False,False,0,Follow Yaw,-77.9,0,172.5,172.5,False,False,False,False,False,,0,0,False,False,No Card,100,100,1024,1404,664,1024,2,False,False,False,False,False,0,False,False,False,False,74,,46.692,,3689,,4986,,46.692,,True,3.894,3.894,3.894,3.894,3.894,3.894,3.894,3.894,3.894,3.894,3.894,3.894,0,,False,False,True,,,,,,,,,,,,,,,False,False,9.598,,100.9,,75.7,,101.1,,1407,109,4,22,7,143412.1,19121.62,,Idle,,20,,10,,,20,Go Home,False,False,False,False,False,False,False,False,False,False,False,False,33.8027920380556,-117.4659261431046,3633.1,3633.1,1049.4,396.9,True,1,1,False,False,False,False,,True,False,False,Course Lock,196.8,67,16.4,93,N,S,2.46,11.4,Calm,False,False,Android,7.0.2,M300 RTK,1ZN7L4R0H1D00F,1W9DL31001461C,1ZMLH8300204F0,1Z6PH74DAP0QN7,"Corona, CA",728.3,5.7,137.7,8.547347,2.013246,0,0,DJI Matrice 300 RTK,M300 RTK,1ZN7L4R0H1D00F,1W9DL31001461C,1ZMLH8300204F0,1Z6PH74DAP0QN7,DJI Pilot,Android,7.0.2,1EF72A62-B7C3-C88D-164E-CE6F8C8424AE,1ZN7L4R0H1D00F,1W9DL31001461C,,1ZMLH8300204F0,1W9DL31001461C,,,,,
2023-11-01,11:32:40.34 AM,8m 18.0s,498.0,33.7974073085556,-117.4760101124679,44.6,137.7,15.4,1308,4217.7,7.381902,7.569323,-7.381902,2.23694,0,1.342164,0,0.894776,-2.3,0.2,2.3,-179.3,180.7,179.8,Tripod,Other,,23,5,True,,True,False,,Smart,RC,False,True,False,,,True,,False,False,False,False,False,False,False,False,False,False,0,Follow Yaw,-77.9,0,172.5,172.5,False,False,False,False,False,,0,0,False,False,No Card,100,100,1024,1405,710,1024,2,False,False,False,False,False,0,False,False,False,False,73,,46.716,,7381,,10044,,46.716,,True,3.894,3.894,3.894,3.894,3.894,3.894,3.894,3.894,3.894,3.894,3.894,3.894,0,,False,False,True,,,,,,,,,,,,,,,False,False,19.052,,101.1,,75.7,,101.1,,1407,109,4,22,7,143412.1,19121.62,,Idle,,20,,10,,,20,Go Home,False,False,False,False,False,False,False,False,False,False,False,False,33.8027920380556,-117.4659261431046,3633.7,3633.7,1049.4,396.9,True,1,1,False,False,False,False,,True,False,False,Course Lock,196.8,67,16.4,93,N,S,2.46,11.4,Calm,False,False,Android,7.0.2,M300 RTK,1ZN7L4R0H1D00F,1W9DL31001461C,1ZMLH8300204F0,1Z6PH74DAP0QN7,"Corona, CA",728.3,5.7,137.7,8.547347,2.013246,0,0,DJI Matrice 300 RTK,M300 RTK,1ZN7L4R0H1D00F,1W9DL31001461C,1ZMLH8300204F0,1Z6PH74DAP0QN7,DJI Pilot,Android,7.0.2,1EF72A62-B7C3-C88D-164E-CE6F8C8424AE,1ZN7L4R0H1D00F,1W9DL31001461C,,1ZMLH8300204F0,1W9DL31001461C,,,,,
2023-11-01,11:32:40.43 AM,8m 18.1s,498.1,33.7974045787772,-117.4760100997682,44.6,137.7,15.4,1308,4218.7,7.381902,7.569323,-7.381902,2.23694,0,1.342164,0.223694,0.894776,-2.5,0.4,2.5,-179.3,180.7,179.7,Tripod,Other,,23,5,True,,True,False,,Smart,RC,False,True,False,,,True,,False,False,False,False,False,False,False,False,False,False,0,Follow Yaw,-77.9,0,172.5,172.5,False,False,False,False,False,,0,0,False,False,No Card,100,100,1024,1404,734,1024,2,False,False,False,False,False,0,False,False,False,False,73,,46.716,,7381,,10044,,46.716,,True,3.894,3.894,3.894,3.894,3.894,3.894,3.894,3.894,3.894,3.894,3.894,3.894,0,,False,False,True,,,,,,,,,,,,,,,False,False,19.052,,101.1,,75.7,,101.1,,1407,109,4,22,7,143412.1,19121.62,,Idle,,20,,10,,,20,Go Home,False,False,False,False,False,False,False,False,False,False,False,False,33.8027920380556,-117.4659261431046,3634.2,3634.2,1049.4,396.9,True,1,1,False,False,False,False,,True,False,False,Course Lock,196.8,67,16.4,93,N,S,2.46,11.4,Calm,False,False,Android,7.0.2,M300 RTK,1ZN7L4R0H1D00F,1W9DL31001461C,1ZMLH8300204F0,1Z6PH74DAP0QN7,"Corona, CA",728.3,5.7,137.7,8.547347,2.013246,0,0,DJI Matrice 300 RTK,M300 RTK,1ZN7L4R0H1D00F,1W9DL31001461C,1ZMLH8300204F0,1Z6PH74DAP0QN7,DJI Pilot,Android,7.0.2,1EF72A62-B7C3-C88D-164E-CE6F8C8424AE,1ZN7L4R0H1D00F,1W9DL31001461C,,1ZMLH8300204F0,1W9DL31001461C,,,,,
2023-11-01,11:32:40.53 AM,8m 18.2s,498.2,33.797401688085,-117.4760100899546,44.6,137.7,15.4,1308,4219.7,7.381902,7.569323,-7.381902,2.23694,0,1.342164,0.223694,0.894776,-2.4,0.4,2.4,-179.2,180.8,179.8,Tripod,Other,,23,5,True,,True,False,,Smart,RC,False,True,False,,,True,,False,False,False,False,False,False,False,False,False,False,0,Follow Yaw,-77.9,0,172.5,172.5,False,False,False,False,False,,0,0,False,False,No Card,100,100,1024,1405,850,1024,2,False,False,False,False,False,0,False,False,False,False,73,,46.716,,7381,,10044,,46.716,,True,3.894,3.894,3.894,3.894,3.894,3.894,3.894,3.894,3.894,3.894,3.894,3.894,0,,False,False,True,,,,,,,,,,,,,,,False,False,19.052,,101.1,,75.7,,101.1,,1407,109,4,22,7,143412.1,19121.62,,Idle,,20,,10,,,20,Go Home,False,False,False,False,False,False,False,False,False,False,False,False,33.8027920380556,-117.4659261431046,3634.8,3634.8,1049.4,396.9,True,1,1,False,False,False,False,,True,False,False,Course Lock,196.8,67,16.4,93,N,S,2.46,11.4,Calm,False,False,Android,7.0.2,M300 RTK,1ZN7L4R0H1D00F,1W9DL31001461C,1ZMLH8300204F0,1Z6PH74DAP0QN7,"Corona, CA",728.3,5.7,137.7,8.547347,2.013246,0,0,DJI Matrice 300 RTK,M300 RTK,1ZN7L4R0H1D00F,1W9DL31001461C,1ZMLH8300204F0,1Z6PH74DAP0QN7,DJI Pilot,Android,7.0.2,1EF72A62-B7C3-C88D-164E-CE6F8C8424AE,1ZN7L4R0H1D00F,1W9DL31001461C,,1ZMLH8300204F0,1W9DL31001461C,,,,,
2023-11-01,11:32:40.64 AM,8m 18.3s,498.3,33.7973984842002,-117.4760102381464,44.6,137.7,15.0,1308,4220.9,7.381902,7.569323,-7.381902,2.23694,0,1.342164,0.447388,0.894776,-2.1,0.4,2.1,-179.2,180.8,182.2,Tripod,Other,,23,5,True,,True,False,,Smart,RC,False,True,False,,,True,,False,False,False,False,False,False,False,False,False,False,0,Follow Yaw,-77.9,0,172.5,172.5,False,False,False,False,False,,0,0,False,False,No Card,100,100,1024,1405,911,1024,2,False,False,False,False,False,0,False,False,False,False,73,,46.716,,7381,,10044,,46.716,,True,3.894,3.894,3.894,3.894,3.894,3.894,3.894,3.894,3.894,3.894,3.894,3.894,0,,False,False,True,,,,,,,,,,,,,,,False,False,19.052,,101.1,,75.7,,101.1,,1404,109,4,22,7,143557.9,19141.06,,Idle,,20,,10,,,20,Go Home,False,False,False,False,False,False,False,False,False,False,False,False,33.8027920380556,-117.4659261431046,3635.5,3635.5,1049.4,396.9,True,1,1,False,False,False,False,,True,False,False,Course Lock,196.8,67,16.4,93,N,S,2.46,11.4,Calm,False,False,Android,7.0.2,M300 RTK,1ZN7L4R0H1D00F,1W9DL31001461C,1ZMLH8300204F0,1Z6PH74DAP0QN7,"Corona, CA",728.3,5.7,137.7,8.547347,2.013246,0,0,DJI Matrice 300 RTK,M300 RTK,1ZN7L4R0H1D00F,1W9DL31001461C,1ZMLH8300204F0,1Z6PH74DAP0QN7,DJI Pilot,Android,7.0.2,1EF72A62-B7C3-C88D-164E-CE6F8C8424AE,1ZN7L4R0H1D00F,1W9DL31001461C,,1ZMLH8300204F0,1W9DL31001461C,,,,,
2023-11-01,11:32:40.75 AM,8m 18.4s,498.4,33.797395273188,-117.4760102468878,44.6,137.7,15.0,1308,4222.1,7.381902,7.569323,-7.381902,2.23694,0,1.342164,0.447388,0.894776,-1.7,0.3,1.7,-179.1,180.9,180.1,Tripod,Other,,23,5,True,,True,False,,Smart,RC,False,True,False,,,True,,False,False,False,False,False,False,False,False,False,False,0,Follow Yaw,-77.9,0,172.5,172.5,False,False,False,False,False,,0,0,False,False,No Card,100,100,1024,1405,940,1024,2,False,False,False,False,False,0,False,False,False,False,73,,46.716,,7381,,10044,,46.716,,True,3.894,3.894,3.894,3.894,3.894,3.894,3.894,3.894,3.894,3.894,3.894,3.894,0,,False,False,True,,,,,,,,,,,,,,,False,False,19.052,,101.1,,75.7,,101.1,,1404,109,4,22,7,143557.9,19141.06,,Idle,,20,,10,,,20,Go Home,False,False,False,False,False,False,False,False,False,False,False,False,33.8027920380556,-117.4659261431046,3636.1,3636.1,1049.4,396.9,True,1,1,False,False,False,False,,True,False,False,Course Lock,196.8,67,16.4,93,N,S,2.46,11.4,Calm,False,False,Android,7.0.2,M300 RTK,1ZN7L4R0H1D00F,1W9DL31001461C,1ZMLH8300204F0,1Z6PH74DAP0QN7,"Corona, CA",728.3,5.7,137.7,8.547347,2.013246,0,0,DJI Matrice 300 RTK,M300 RTK,1ZN7L4R0H1D00F,1W9DL31001461C,1ZMLH8300204F0,1Z6PH74DAP0QN7,DJI Pilot,Android,7.0.2,1EF72A62-B7C3-C88D-164E-CE6F8C8424AE,1ZN7L4R0H1D00F,1W9DL31001461C,,1ZMLH8300204F0,1W9DL31001461C,,,,,
2023-11-01,11:32:40.85 AM,8m 18.5s,498.5,33.797392312867,-117.476010249939,44.2,137.7,15.0,1308,4223.2,7.381902,7.569323,-7.381902,2.23694,0,1.342164,0.447388,0.894776,-1.4,0.3,1.4,-179.1,180.9,180.0,Tripod,Other,,23,5,True,,True,False,,Smart,RC,False,True,False,,,True,,False,False,False,False,False,False,False,False,False,False,0,Follow Yaw,-77.9,0,172.5,172.5,False,False,False,False,False,,0,0,False,False,No Card,100,100,1024,1406,965,1024,2,False,False,False,False,False,0,False,False,False,False,73,,46.716,,7381,,10044,,46.716,,True,3.894,3.894,3.894,3.894,3.894,3.894,3.894,3.894,3.894,3.894,3.894,3.894,0,,False,False,True,,,,,,,,,,,,,,,False,False,19.052,,101.1,,75.7,,101.1,,1404,109,4,22,7,143557.9,19141.06,,Idle,,20,,10,,,20,Go Home,False,False,False,False,False,False,False,False,False,False,False,False,33.8027920380556,-117.4659261431046,3636.7,3636.7,1049.4,396.9,True,1,1,False,False,False,False,,True,False,False,Course Lock,196.8,67,16.4,93,N,S,2.46,11.4,Calm,False,False,Android,7.0.2,M300 RTK,1ZN7L4R0H1D00F,1W9DL31001461C,1ZMLH8300204F0,1Z6PH74DAP0QN7,"Corona, CA",728.3,5.7,137.7,8.547347,2.013246,0,0,DJI Matrice 300 RTK,M300 RTK,1ZN7L4R0H1D00F,1W9DL31001461C,1ZMLH8300204F0,1Z6PH74DAP0QN7,DJI Pilot,Android,7.0.2,1EF72A62-B7C3-C88D-164E-CE6F8C8424AE,1ZN7L4R0H1D00F,1W9DL31001461C,,1ZMLH8300204F0,1W9DL31001461C,,,,,
2023-11-01,11:32:40.95 AM,8m 18.6s,498.6,33.7973892705814,-117.4760102613194,44.2,137.7,15.0,1308,4224.3,7.381902,7.569323,-7.381902,2.23694,0,1.342164,0.223694,0.894776,-1.6,0.3,1.6,-179.1,180.9,180.1,Tripod,Other,,23,5,True,,True,False,,Smart,RC,False,True,False,,,True,,False,False,False,False,False,False,False,False,False,False,0,Follow Yaw,-77.9,0,172.5,172.5,False,False,False,False,False,,0,0,False,False,No Card,100,100,1024,1407,982,1024,2,False,False,False,False,False,0,False,False,False,False,73,,46.716,,7381,,10044,,46.716,,True,3.894,3.894,3.894,3.894,3.894,3.894,3.894,3.894,3.894,3.894,3.894,3.894,0,,False,False,True,,,,,,,,,,,,,,,False,False,19.052,,101.1,,75.7,,101.1,,1404,109,4,22,7,143557.9,19141.06,,Idle,,20,,10,,,20,Go Home,False,False,False,False,False,False,False,False,False,False,False,False,33.8027920380556,-117.4659261431046,3637.3,3637.3,1049.4,396.9,True,1,1,False,False,False,False,,True,False,False,Course Lock,196.8,67,16.4,93,N,S,2.46,11.4,Calm,False,False,Android,7.0.2,M300 RTK,1ZN7L4R0H1D00F,1W9DL31001461C,1ZMLH8300204F0,1Z6PH74DAP0QN7,"Corona, CA",728.3,5.7,137.7,8.547347,2.013246,0,0,DJI Matrice 300 RTK,M300 RTK,1ZN7L4R0H1D00F,1W9DL31001461C,1ZMLH8300204F0,1Z6PH74DAP0QN7,DJI Pilot,Android,7.0.2,1EF72A62-B7C3-C88D-164E-CE6F8C8424AE,1ZN7L4R0H1D00F,1W9DL31001461C,,1ZMLH8300204F0,1W9DL31001461C,,,,,
2023-11-01,11:32:41.05 AM,8m 18.7s,498.7,33.7973859564966,-117.4760104387866,44.2,137.7,15.0,1308,4225.5,7.381902,7.569323,-7.381902,2.23694,0,1.342164,0.223694,0.894776,-1.9,0.2,1.9,-179.1,180.9,182.5,Tripod,Other,,23,5,True,,True,False,,Smart,RC,False,True,False,,,True,,False,False,False,False,False,False,False,False,False,False,0,Follow Yaw,-77.9,0,172.5,172.5,False,False,False,False,False,,0,0,False,False,No Card,100,100,1024,1407,984,1024,2,False,False,False,False,False,0,False,False,False,False,73,,46.716,,7381,,10044,,46.716,,True,3.894,3.894,3.894,3.894,3.894,3.894,3.894,3.894,3.894,3.894,3.894,3.894,0,,False,False,True,,,,,,,,,,,,,,,False,False,19.052,,101.1,,75.7,,101.1,,1404,109,4,22,7,143557.9,19141.06,,Idle,,20,,10,,,20,Go Home,False,False,False,False,False,False,False,False,False,False,False,False,33.8027920380556,-117.4659261431046,3638.0,3638.0,1049.4,396.9,True,1,1,False,False,False,False,,True,False,False,Course Lock,196.8,67,16.4,93,N,S,2.46,11.4,Calm,False,False,Android,7.0.2,M300 RTK,1ZN7L4R0H1D00F,1W9DL31001461C,1ZMLH8300204F0,1Z6PH74DAP0QN7,"Corona, CA",728.3,5.7,137.7,8.547347,2.013246,0,0,DJI Matrice 300 RTK,M300 RTK,1ZN7L4R0H1D00F,1W9DL31001461C,1ZMLH8300204F0,1Z6PH74DAP0QN7,DJI Pilot,Android,7.0.2,1EF72A62-B7C3-C88D-164E-CE6F8C8424AE,1ZN7L4R0H1D00F,1W9DL31001461C,,1ZMLH8300204F0,1W9DL31001461C,,,,,
2023-11-01,11:32:41.16 AM,8m 18.8s,498.8,33.7973829122921,-117.4760104747418,44.2,137.7,14.7,1308,4226.6,7.381902,7.569323,-7.381902,2.23694,0,1.342164,0.223694,0.894776,-2.1,0,2.1,-179.1,180.9,180.5,Tripod,Other,,23,5,True,,True,False,,Smart,RC,False,True,False,,,True,,False,False,False,False,False,False,False,False,False,False,0,Follow Yaw,-77.9,0,172.5,172.5,False,False,False,False,False,,0,0,False,False,No Card,100,100,1024,1407,983,1024,2,False,False,False,False,False,0,False,False,False,False,73,,46.716,,7381,,10044,,46.716,,True,3.894,3.894,3.894,3.894,3.894,3.894,3.894,3.894,3.894,3.894,3.894,3.894,0,,False,False,True,,,,,,,,,,,,,,,False,False,19.052,,101.1,,75.7,,101.1,,1404,109,4,22,7,143557.9,19141.06,,Idle,,20,,10,,,20,Go Home,False,False,False,False,False,False,False,False,False,False,False,False,33.8027920380556,-117.4659261431046,3638.6,3638.6,1049.4,396.9,True,1,1,False,False,False,False,,True,False,False,Course Lock,196.8,67,16.4,93,N,S,2.46,11.4,Calm,False,False,Android,7.0.2,M300 RTK,1ZN7L4R0H1D00F,1W9DL31001461C,1ZMLH8300204F0,1Z6PH74DAP0QN7,"Corona, CA",728.3,5.7,137.7,8.547347,2.013246,0,0,DJI Matrice 300 RTK,M300 RTK,1ZN7L4R0H1D00F,1W9DL31001461C,1ZMLH8300204F0,1Z6PH74DAP0QN7,DJI Pilot,Android,7.0.2,1EF72A62-B7C3-C88D-164E-CE6F8C8424AE,1ZN7L4R0H1D00F,1W9DL31001461C,,1ZMLH8300204F0,1W9DL31001461C,,,,,
2023-11-01,11:32:41.26 AM,8m 18.9s,498.9,33.7973801596239,-117.4760104431573,44.2,137.7,15.0,1308,4227.6,7.381902,7.569323,-7.381902,2.23694,0,1.342164,0,0.894776,-2.3,-0.1,2.3,-179.2,180.8,179.4,Tripod,Other,,23,5,True,,True,False,,Smart,RC,False,True,False,,,True,,False,False,False,False,False,False,False,False,False,False,0,Follow Yaw,-77.9,0,172.5,172.5,False,False,False,False,False,,0,0,False,False,No Card,100,100,1024,1406,986,1024,2,False,False,False,False,False,0,False,False,False,False,73,,46.716,,7381,,10044,,46.716,,True,3.894,3.894,3.894,3.894,3.894,3.894,3.894,3.894,3.894,3.894,3.894,3.894,0,,False,False,True,,,,,,,,,,,,,,,False,False,19.052,,101.1,,75.7,,101.1,,1404,109,4,22,7,143557.9,19141.06,,Idle,,20,,10,,,20,Go Home,False,False,False,False,False,False,False,False,False,False,False,False,33.8027920380556,-117.4659261431046,3639.1,3639.1,1049.4,396.9,True,1,1,False,False,False,False,,True,False,False,Course Lock,196.8,67,16.4,93,N,S,2.46,11.4,Calm,False,False,Android,7.0.2,M300 RTK,1ZN7L4R0H1D00F,1W9DL31001461C,1ZMLH8300204F0,1Z6PH74DAP0QN7,"Corona, CA",728.3,5.7,137.7,8.547347,2.013246,0,0,DJI Matrice 300 RTK,M300 RTK,1ZN7L4R0H1D00F,1W9DL31001461C,1ZMLH8300204F0,1Z6PH74DAP0QN7,DJI Pilot,Android,7.0.2,1EF72A62-B7C3-C88D-164E-CE6F8C8424AE,1ZN7L4R0H1D00F,1W9DL31001461C,,1ZMLH8300204F0,1W9DL31001461C,,,,,
2023-11-01,11:32:41.36 AM,8m 19.0s,499.0,33.7973771368014,-117.4760104648459,44.2,137.7,15.0,1308,4228.7,7.381902,7.569323,-7.381902,2.23694,0,1.342164,0,0.894776,-2.3,0,2.3,-179.1,180.9,180.3,Tripod,Other,,22,5,True,,True,False,,Smart,RC,False,True,False,,,True,,False,False,False,False,False,False,False,False,False,False,0,Follow Yaw,-77.9,0,172.5,172.5,False,False,False,False,False,,0,0,False,False,No Card,100,100,1024,1406,988,1024,2,False,False,False,False,False,0,False,False,False,False,73,,46.716,,7331,,10044,,46.716,,True,3.894,3.894,3.894,3.894,3.894,3.894,3.894,3.894,3.894,3.894,3.894,3.894,0,,False,False,True,,,,,,,,,,,,,,,False,False,18.36,,101.1,,75.7,,101.1,,1404,109,4,22,7,143557.9,19141.06,,Idle,,20,,10,,,20,Go Home,False,False,False,False,False,False,False,False,False,False,False,False,33.8027920380556,-117.4659261431046,3639.7,3639.7,1049.4,396.9,True,1,1,False,False,False,False,,True,False,False,Course Lock,196.8,67,16.4,93,N,S,2.46,11.4,Calm,False,False,Android,7.0.2,M300 RTK,1ZN7L4R0H1D00F,1W9DL31001461C,1ZMLH8300204F0,1Z6PH74DAP0QN7,"Corona, CA",728.3,5.7,137.7,8.547347,2.013246,0,0,DJI Matrice 300 RTK,M300 RTK,1ZN7L4R0H1D00F,1W9DL31001461C,1ZMLH8300204F0,1Z6PH74DAP0QN7,DJI Pilot,Android,7.0.2,1EF72A62-B7C3-C88D-164E-CE6F8C8424AE,1ZN7L4R0H1D00F,1W9DL31001461C,,1ZMLH8300204F0,1W9DL31001461C,,,,,
2023-11-01,11:32:41.47 AM,8m 19.1s,499.1,33.7973743542532,-117.4760104150364,44.2,137.7,15.0,1308,4229.7,7.381902,7.569323,-7.381902,2.23694,0,1.342164,0,0.894776,-2.3,0.1,2.3,-179.1,180.9,179.1,Tripod,Other,,22,5,True,,True,False,,Smart,RC,False,True,False,,,True,,False,False,False,False,False,False,False,False,False,False,0,Follow Yaw,-77.9,0,172.5,172.5,False,False,False,False,False,,0,0,False,False,No Card,100,100,1024,1405,1001,1024,2,False,False,False,False,False,0,False,False,False,False,73,,46.716,,7331,,10044,,46.716,,True,3.894,3.894,3.894,3.894,3.894,3.894,3.894,3.894,3.894,3.894,3.894,3.894,0,,False,False,True,,,,,,,,,,,,,,,False,False,18.36,,101.1,,75.7,,101.1,,1404,109,4,22,7,143557.9,19141.06,,Idle,,20,,10,,,20,Go Home,False,False,False,False,False,False,False,False,False,False,False,False,33.8027920380556,-117.4659261431046,3640.3,3640.3,1049.4,396.9,True,1,1,False,False,False,False,,True,False,False,Course Lock,196.8,67,16.4,93,N,S,2.46,11.4,Calm,False,False,Android,7.0.2,M300 RTK,1ZN7L4R0H1D00F,1W9DL31001461C,1ZMLH8300204F0,1Z6PH74DAP0QN7,"Corona, CA",728.3,5.7,137.7,8.547347,2.013246,0,0,DJI Matrice 300 RTK,M300 RTK,1ZN7L4R0H1D00F,1W9DL31001461C,1ZMLH8300204F0,1Z6PH74DAP0QN7,DJI Pilot,Android,7.0.2,1EF72A62-B7C3-C88D-164E-CE6F8C8424AE,1ZN7L4R0H1D00F,1W9DL31001461C,,1ZMLH8300204F0,1W9DL31001461C,,,,,
2023-11-01,11:32:41.57 AM,8m 19.2s,499.2,33.797371334172,-117.4760104320244,44.2,137.7,15.0,1308,4230.8,7.381902,7.569323,-7.381902,2.23694,0,1.342164,0,0.894776,-2.3,0.2,2.3,-179.1,180.9,180.2,Tripod,Other,,21,5,True,,True,False,,Smart,RC,False,True,False,,,True,,False,False,False,False,False,False,False,False,False,False,0,Follow Yaw,-77.9,0,172.5,172.5,False,False,False,False,False,,0,0,False,False,No Card,100,100,1024,1404,1000,1024,2,False,False,False,False,False,0,False,False,False,False,73,,46.716,,7331,,10044,,46.716,,True,3.894,3.894,3.894,3.894,3.894,3.894,3.894,3.894,3.894,3.894,3.894,3.894,0,,False,False,True,,,,,,,,,,,,,,,False,False,18.36,,101.1,,75.7,,101.1,,1404,109,4,22,7,143557.9,19141.06,,Idle,,20,,10,,,20,Go Home,False,False,False,False,False,False,False,False,False,False,False,False,33.8027920380556,-117.4659261431046,3640.9,3640.9,1049.4,396.9,True,1,1,False,False,False,False,,True,False,False,Course Lock,196.8,67,16.4,93,N,S,2.46,11.4,Calm,False,False,Android,7.0.2,M300 RTK,1ZN7L4R0H1D00F,1W9DL31001461C,1ZMLH8300204F0,1Z6PH74DAP0QN7,"Corona, CA",728.3,5.7,137.7,8.547347,2.013246,0,0,DJI Matrice 300 RTK,M300 RTK,1ZN7L4R0H1D00F,1W9DL31001461C,1ZMLH8300204F0,1Z6PH74DAP0QN7,DJI Pilot,Android,7.0.2,1EF72A62-B7C3-C88D-164E-CE6F8C8424AE,1ZN7L4R0H1D00F,1W9DL31001461C,,1ZMLH8300204F0,1W9DL31001461C,,,,,
2023-11-01,11:32:41.67 AM,8m 19.3s,499.3,33.7973679641649,-117.4760103733909,44.2,137.7,14.7,1308,4232.0,7.381902,7.569323,-7.381902,2.23694,0,1.342164,0,0.894776,-2.4,0.2,2.4,-179.1,180.9,179.1,Tripod,Other,,21,5,True,,True,False,,Smart,RC,False,True,False,,,True,,False,False,False,False,False,False,False,False,False,False,0,Follow Yaw,-77.9,0,172.5,172.5,False,False,False,False,False,,0,0,False,False,No Card,100,100,1024,1403,999,1024,2,False,False,False,False,False,0,False,False,False,False,73,,46.716,,7331,,10044,,46.716,,True,3.893,3.893,3.893,3.893,3.893,3.893,3.893,3.893,3.893,3.893,3.893,3.893,0,,False,False,True,,,,,,,,,,,,,,,False,False,18.36,,101.1,,75.7,,101.1,,1402,109,4,22,7,143519.4,19135.92,,Idle,,20,,10,,,20,Go Home,False,False,False,False,False,False,False,False,False,False,False,False,33.8027920380556,-117.4659261431046,3641.5,3641.5,1049.4,396.9,True,1,1,False,False,False,False,,True,False,False,Course Lock,196.8,67,16.4,93,N,S,2.46,11.4,Calm,False,False,Android,7.0.2,M300 RTK,1ZN7L4R0H1D00F,1W9DL31001461C,1ZMLH8300204F0,1Z6PH74DAP0QN7,"Corona, CA",728.3,5.7,137.7,8.547347,2.013246,0,0,DJI Matrice 300 RTK,M300 RTK,1ZN7L4R0H1D00F,1W9DL31001461C,1ZMLH8300204F0,1Z6PH74DAP0QN7,DJI Pilot,Android,7.0.2,1EF72A62-B7C3-C88D-164E-CE6F8C8424AE,1ZN7L4R0H1D00F,1W9DL31001461C,,1ZMLH8300204F0,1W9DL31001461C,,,,,
2023-11-01,11:32:41.74 AM,8m 19.4s,499.4,33.797364751508,-117.4760103922757,44.2,137.7,14.7,1308,4233.2,7.381902,7.569323,-7.381902,2.23694,0,1.342164,0,0.894776,-2.2,0.1,2.2,-179.1,180.9,180.2,Tripod,Other,,21,5,True,,True,False,,Smart,RC,False,True,False,,,True,,False,False,False,False,False,False,False,False,False,False,0,Follow Yaw,-77.9,0,172.5,172.5,False,False,False,False,False,,0,0,False,False,No Card,100,100,1024,1401,954,1024,2,False,False,False,False,False,0,False,False,False,False,73,,46.716,,7331,,10044,,46.716,,True,3.893,3.893,3.893,3.893,3.893,3.893,3.893,3.893,3.893,3.893,3.893,3.893,0,,False,False,True,,,,,,,,,,,,,,,False,False,18.36,,101.1,,75.7,,101.1,,1402,109,4,22,7,143519.4,19135.92,,Idle,,20,,10,,,20,Go Home,False,False,False,False,False,False,False,False,False,False,False,False,33.8027920380556,-117.4659261431046,3642.2,3642.2,1049.4,396.9,True,1,1,False,False,False,False,,True,False,False,Course Lock,196.8,67,16.4,93,N,S,2.46,11.4,Calm,False,False,Android,7.0.2,M300 RTK,1ZN7L4R0H1D00F,1W9DL31001461C,1ZMLH8300204F0,1Z6PH74DAP0QN7,"Corona, CA",728.3,5.7,137.7,8.547347,2.013246,0,0,DJI Matrice 300 RTK,M300 RTK,1ZN7L4R0H1D00F,1W9DL31001461C,1ZMLH8300204F0,1Z6PH74DAP0QN7,DJI Pilot,Android,7.0.2,1EF72A62-B7C3-C88D-164E-CE6F8C8424AE,1ZN7L4R0H1D00F,1W9DL31001461C,,1ZMLH8300204F0,1W9DL31001461C,,,,,
2023-11-01,11:32:41.84 AM,8m 19.5s,499.5,33.7973619696451,-117.4760103847712,44.2,137.7,14.7,1308,4234.2,7.381902,7.569323,-7.381902,2.23694,0,1.342164,0,0.894776,-2.1,0.1,2.1,-179.2,180.8,179.8,Tripod,Other,,21,5,True,,True,False,,Smart,RC,False,True,False,,,True,,False,False,False,False,False,False,False,False,False,False,0,Follow Yaw,-77.9,0,172.5,172.5,False,False,False,False,False,,0,0,False,False,No Card,100,100,1024,1400,882,1024,2,False,False,False,False,False,0,False,False,False,False,73,,46.716,,7331,,10044,,46.716,,True,3.893,3.893,3.893,3.893,3.893,3.893,3.893,3.893,3.893,3.893,3.893,3.893,0,,False,False,True,,,,,,,,,,,,,,,False,False,18.36,,101.1,,75.7,,101.1,,1402,109,4,22,7,143519.4,19135.92,,Idle,,20,,10,,,20,Go Home,False,False,False,False,False,False,False,False,False,False,False,False,33.8027920380556,-117.4659261431046,3642.7,3642.7,1049.4,396.9,True,1,1,False,False,False,False,,True,False,False,Course Lock,196.8,67,16.4,93,N,S,2.46,11.4,Calm,False,False,Android,7.0.2,M300 RTK,1ZN7L4R0H1D00F,1W9DL31001461C,1ZMLH8300204F0,1Z6PH74DAP0QN7,"Corona, CA",728.3,5.7,137.7,8.547347,2.013246,0,0,DJI Matrice 300 RTK,M300 RTK,1ZN7L4R0H1D00F,1W9DL31001461C,1ZMLH8300204F0,1Z6PH74DAP0QN7,DJI Pilot,Android,7.0.2,1EF72A62-B7C3-C88D-164E-CE6F8C8424AE,1ZN7L4R0H1D00F,1W9DL31001461C,,1ZMLH8300204F0,1W9DL31001461C,,,,,
2023-11-01,11:32:41.94 AM,8m 19.6s,499.6,33.7973587635672,-117.4760104003574,44.2,137.7,14.7,1308,4235.4,7.381902,7.569323,-7.381902,2.23694,0,1.342164,0,0.894776,-2,0.1,2,-179.2,180.8,180.2,Tripod,Other,,23,5,True,,True,False,,Smart,RC,False,True,False,,,True,,False,False,False,False,False,False,False,False,False,False,0,Follow Yaw,-77.9,0,172.5,172.5,False,False,False,False,False,,0,0,False,False,No Card,100,100,1024,1399,900,1024,2,False,False,False,False,False,0,False,False,False,False,73,,46.716,,7331,,10044,,46.716,,True,3.893,3.893,3.893,3.893,3.893,3.893,3.893,3.893,3.893,3.893,3.893,3.893,0,,False,False,True,,,,,,,,,,,,,,,False,False,18.36,,101.1,,75.7,,101.1,,1402,109,4,22,7,143519.4,19135.92,,Idle,,20,,10,,,20,Go Home,False,False,False,False,False,False,False,False,False,False,False,False,33.8027920380556,-117.4659261431046,3643.4,3643.4,1049.4,396.9,True,1,1,False,False,False,False,,True,False,False,Course Lock,196.8,67,16.4,93,N,S,2.46,11.4,Calm,False,False,Android,7.0.2,M300 RTK,1ZN7L4R0H1D00F,1W9DL31001461C,1ZMLH8300204F0,1Z6PH74DAP0QN7,"Corona, CA",728.3,5.7,137.7,8.547347,2.013246,0,0,DJI Matrice 300 RTK,M300 RTK,1ZN7L4R0H1D00F,1W9DL31001461C,1ZMLH8300204F0,1Z6PH74DAP0QN7,DJI Pilot,Android,7.0.2,1EF72A62-B7C3-C88D-164E-CE6F8C8424AE,1ZN7L4R0H1D00F,1W9DL31001461C,,1ZMLH8300204F0,1W9DL31001461C,,,,,
2023-11-01,11:32:42.04 AM,8m 19.7s,499.7,33.7973559906135,-117.4760103811428,44.2,137.7,14.7,1308,4236.4,7.381902,7.569323,-7.381902,2.23694,0,1.342164,0,0.894776,-2,0,2,-179.3,180.7,179.6,Tripod,Other,,23,5,True,,True,False,,Smart,RC,False,True,False,,,True,,False,False,False,False,False,False,False,False,False,False,0,Follow Yaw,-77.9,0,172.5,172.5,False,False,False,False,False,,0,0,False,False,No Card,100,100,1024,1399,900,1024,2,False,False,False,False,False,0,False,False,False,False,73,,46.716,,7331,,10044,,46.716,,True,3.893,3.893,3.893,3.893,3.893,3.893,3.893,3.893,3.893,3.893,3.893,3.893,0,,False,False,True,,,,,,,,,,,,,,,False,False,18.36,,101.1,,75.7,,101.1,,1402,109,4,22,7,143519.4,19135.92,,Idle,,20,,10,,,20,Go Home,False,False,False,False,False,False,False,False,False,False,False,False,33.8027920380556,-117.4659261431046,3643.9,3643.9,1049.4,396.9,True,1,1,False,False,False,False,,True,False,False,Course Lock,196.8,67,16.4,93,N,S,2.46,11.4,Calm,False,False,Android,7.0.2,M300 RTK,1ZN7L4R0H1D00F,1W9DL31001461C,1ZMLH8300204F0,1Z6PH74DAP0QN7,"Corona, CA",728.3,5.7,137.7,8.547347,2.013246,0,0,DJI Matrice 300 RTK,M300 RTK,1ZN7L4R0H1D00F,1W9DL31001461C,1ZMLH8300204F0,1Z6PH74DAP0QN7,DJI Pilot,Android,7.0.2,1EF72A62-B7C3-C88D-164E-CE6F8C8424AE,1ZN7L4R0H1D00F,1W9DL31001461C,,1ZMLH8300204F0,1W9DL31001461C,,,,,
2023-11-01,11:32:42.14 AM,8m 19.8s,499.8,33.7973529532622,-117.4760103855134,44.2,137.7,14.7,1308,4237.5,7.381902,7.569323,-7.381902,2.23694,0,1.342164,0,0.894776,-2,0,2,-179.3,180.7,180.0,Tripod,Other,,23,5,True,,True,False,,Smart,RC,False,True,False,,,True,,False,False,False,False,False,False,False,False,False,False,0,Follow Yaw,-77.9,0,172.5,172.5,False,False,False,False,False,,0,0,False,False,No Card,100,100,1024,1399,972,1002,2,False,False,False,False,False,0,False,False,False,False,73,,46.716,,7331,,10044,,46.716,,True,3.893,3.893,3.893,3.893,3.893,3.893,3.893,3.893,3.893,3.893,3.893,3.893,0,,False,False,True,,,,,,,,,,,,,,,False,False,18.36,,101.1,,75.7,,101.1,,1402,109,4,22,7,143519.4,19135.92,,Idle,,20,,10,,,20,Go Home,False,False,False,False,False,False,False,False,False,False,False,False,33.8027920380556,-117.4659261431046,3644.5,3644.5,1049.4,396.9,True,1,1,False,False,False,False,,True,False,False,Course Lock,196.8,67,16.4,93,N,S,2.46,11.4,Calm,False,False,Android,7.0.2,M300 RTK,1ZN7L4R0H1D00F,1W9DL31001461C,1ZMLH8300204F0,1Z6PH74DAP0QN7,"Corona, CA",728.3,5.7,137.7,8.547347,2.013246,0,0,DJI Matrice 300 RTK,M300 RTK,1ZN7L4R0H1D00F,1W9DL31001461C,1ZMLH8300204F0,1Z6PH74DAP0QN7,DJI Pilot,Android,7.0.2,1EF72A62-B7C3-C88D-164E-CE6F8C8424AE,1ZN7L4R0H1D00F,1W9DL31001461C,,1ZMLH8300204F0,1W9DL31001461C,,,,,
2023-11-01,11:32:42.24 AM,8m 19.9s,499.9,33.7973497454025,-117.4760103377656,44.2,137.7,15.0,1308,4238.7,7.381902,7.569323,-7.381902,2.23694,0,1.342164,0,0.894776,-1.9,0.1,1.9,-179.2,180.8,179.2,Tripod,Other,,23,5,True,,True,False,,Smart,RC,False,True,False,,,True,,False,False,False,False,False,False,False,False,False,False,0,Follow Yaw,-77.9,0,172.5,172.5,False,False,False,False,False,,0,0,False,False,No Card,100,100,1024,1399,974,861,2,False,False,False,False,False,0,False,False,False,False,73,,46.716,,7331,,10044,,46.716,,True,3.893,3.893,3.893,3.893,3.893,3.893,3.893,3.893,3.893,3.893,3.893,3.893,0,,False,False,True,,,,,,,,,,,,,,,False,False,18.36,,101.1,,75.7,,101.1,,1402,109,4,22,7,143519.4,19135.92,,Idle,,20,,10,,,20,Go Home,False,False,False,False,False,False,False,False,False,False,False,False,33.8027920380556,-117.4659261431046,3645.2,3645.2,1049.4,396.9,True,1,1,False,False,False,False,,True,False,False,Course Lock,196.8,67,16.4,93,N,S,2.46,11.4,Calm,False,False,Android,7.0.2,M300 RTK,1ZN7L4R0H1D00F,1W9DL31001461C,1ZMLH8300204F0,1Z6PH74DAP0QN7,"Corona, CA",728.3,5.7,137.7,8.547347,2.013246,0,0,DJI Matrice 300 RTK,M300 RTK,1ZN7L4R0H1D00F,1W9DL31001461C,1ZMLH8300204F0,1Z6PH74DAP0QN7,DJI Pilot,Android,7.0.2,1EF72A62-B7C3-C88D-164E-CE6F8C8424AE,1ZN7L4R0H1D00F,1W9DL31001461C,,1ZMLH8300204F0,1W9DL31001461C,,,,,
2023-11-01,11:32:42.34 AM,8m 20.0s,500.0,33.7973467150415,-117.4760103329825,44.2,137.7,14.7,1308,4239.8,7.381902,7.569323,-7.381902,2.23694,0,1.342164,0,0.894776,-1.8,0.3,1.8,-179.2,180.8,179.9,Tripod,Other,,23,5,True,,True,False,,Smart,RC,False,True,False,,,True,,False,False,False,False,False,False,False,False,False,False,0,Follow Yaw,-77.9,0,172.4,172.4,False,False,False,False,False,,0,0,False,False,No Card,100,100,1024,1399,969,727,2,False,False,False,False,False,0,False,False,False,False,73,,46.728,,7331,,10044,,46.728,,True,3.893,3.893,3.893,3.893,3.893,3.893,3.893,3.893,3.893,3.893,3.893,3.893,0,,False,False,True,,,,,,,,,,,,,,,False,False,19.676,,101.1,,75.7,,101.1,,1402,109,4,22,7,143519.4,19135.92,,Idle,,20,,10,,,20,Go Home,False,False,False,False,False,False,False,False,False,False,False,False,33.8027920380556,-117.4659261431046,3645.8,3645.8,1049.4,396.9,True,1,1,False,False,False,False,,True,False,False,Course Lock,196.8,67,16.4,93,N,S,2.46,11.4,Calm,False,False,Android,7.0.2,M300 RTK,1ZN7L4R0H1D00F,1W9DL31001461C,1ZMLH8300204F0,1Z6PH74DAP0QN7,"Corona, CA",728.3,5.7,137.7,8.547347,2.013246,0,0,DJI Matrice 300 RTK,M300 RTK,1ZN7L4R0H1D00F,1W9DL31001461C,1ZMLH8300204F0,1Z6PH74DAP0QN7,DJI Pilot,Android,7.0.2,1EF72A62-B7C3-C88D-164E-CE6F8C8424AE,1ZN7L4R0H1D00F,1W9DL31001461C,,1ZMLH8300204F0,1W9DL31001461C,,,,,
2023-11-01,11:32:42.44 AM,8m 20.1s,500.1,33.79734407833,-117.4760102943059,44.2,137.7,14.7,1308,4240.8,7.381902,7.569323,-7.381902,2.23694,0,1.342164,0,0.894776,-1.9,-0.4,1.9,-179.4,180.6,179.3,Tripod,Other,,23,5,True,,True,False,,Smart,RC,False,True,False,,,True,,False,False,False,False,False,False,False,False,False,False,0,Follow Yaw,-77.9,0,171.8,171.8,False,False,False,False,False,,0,0,False,False,No Card,100,100,1024,1400,974,715,2,False,False,False,False,False,0,False,False,False,False,73,,46.728,,7331,,10044,,46.728,,True,3.893,3.893,3.893,3.893,3.893,3.893,3.893,3.893,3.893,3.893,3.893,3.893,0,,False,False,True,,,,,,,,,,,,,,,False,False,19.676,,101.1,,75.7,,101.1,,1402,109,4,22,7,143519.4,19135.92,,Idle,,20,,10,,,20,Go Home,False,False,False,False,False,False,False,False,False,False,False,False,33.8027920380556,-117.4659261431046,3646.3,3646.3,1049.4,396.9,True,1,1,False,False,False,False,,True,False,False,Course Lock,196.8,67,16.4,93,N,S,2.46,11.4,Calm,False,False,Android,7.0.2,M300 RTK,1ZN7L4R0H1D00F,1W9DL31001461C,1ZMLH8300204F0,1Z6PH74DAP0QN7,"Corona, CA",728.3,5.7,137.7,8.547347,2.013246,0,0,DJI Matrice 300 RTK,M300 RTK,1ZN7L4R0H1D00F,1W9DL31001461C,1ZMLH8300204F0,1Z6PH74DAP0QN7,DJI Pilot,Android,7.0.2,1EF72A62-B7C3-C88D-164E-CE6F8C8424AE,1ZN7L4R0H1D00F,1W9DL31001461C,,1ZMLH8300204F0,1W9DL31001461C,,,,,
2023-11-01,11:32:42.54 AM,8m 20.2s,500.2,33.7973410937485,-117.4760102700608,44.2,137.7,14.7,1308,4241.8,7.381902,7.569323,-7.381902,2.23694,0,1.342164,0,0.894776,-2,-2.4,3.1,-179.7,180.3,179.6,Tripod,Other,,23,5,True,,True,False,,Smart,RC,False,True,False,,,True,,False,False,False,False,False,False,False,False,False,False,0,Follow Yaw,-77.9,0,171.1,171.1,False,False,False,False,False,,0,0,False,False,No Card,100,100,1024,1400,984,919,2,False,False,False,False,False,0,False,False,False,False,73,,46.728,,7331,,10044,,46.728,,True,3.893,3.893,3.893,3.893,3.893,3.893,3.893,3.893,3.893,3.893,3.893,3.893,0,,False,False,True,,,,,,,,,,,,,,,False,False,19.676,,101.1,,75.7,,101.1,,1402,109,4,22,7,143519.4,19135.92,,Idle,,20,,10,,,20,Go Home,False,False,False,False,False,False,False,False,False,False,False,False,33.8027920380556,-117.4659261431046,3646.9,3646.9,1049.4,396.9,True,1,1,False,False,False,False,,True,False,False,Course Lock,196.8,67,16.4,93,N,S,2.46,11.4,Calm,False,False,Android,7.0.2,M300 RTK,1ZN7L4R0H1D00F,1W9DL31001461C,1ZMLH8300204F0,1Z6PH74DAP0QN7,"Corona, CA",728.3,5.7,137.7,8.547347,2.013246,0,0,DJI Matrice 300 RTK,M300 RTK,1ZN7L4R0H1D00F,1W9DL31001461C,1ZMLH8300204F0,1Z6PH74DAP0QN7,DJI Pilot,Android,7.0.2,1EF72A62-B7C3-C88D-164E-CE6F8C8424AE,1ZN7L4R0H1D00F,1W9DL31001461C,,1ZMLH8300204F0,1W9DL31001461C,,,,,
2023-11-01,11:32:42.64 AM,8m 20.3s,500.3,33.7973382847468,-117.4760103695974,44.2,137.7,14.7,1308,4242.9,7.381902,7.569323,-7.381902,2.23694,0,1.342164,0,0.894776,-2,-3.3,3.8,179.8,179.8,181.6,Tripod,Other,,23,5,True,,True,False,,Smart,RC,False,True,False,,,True,,False,False,False,False,False,False,False,False,False,False,0,Follow Yaw,-77.9,0,170.7,170.7,False,False,False,False,False,,0,0,False,False,No Card,100,100,1024,1400,997,951,2,False,False,False,False,False,0,False,False,False,False,73,,46.728,,7331,,10044,,46.728,,True,3.893,3.893,3.893,3.893,3.893,3.893,3.893,3.893,3.893,3.893,3.893,3.893,0,,False,False,True,,,,,,,,,,,,,,,False,False,19.676,,101.1,,75.7,,101.1,,1399,109,4,22,7,143329.7,19110.63,,Idle,,20,,10,,,20,Go Home,False,False,False,False,False,False,False,False,False,False,False,False,33.8027920380556,-117.4659261431046,3647.4,3647.4,1049.4,396.9,True,1,1,False,False,False,False,,True,False,False,Course Lock,196.8,67,16.4,93,N,S,2.46,11.4,Calm,False,False,Android,7.0.2,M300 RTK,1ZN7L4R0H1D00F,1W9DL31001461C,1ZMLH8300204F0,1Z6PH74DAP0QN7,"Corona, CA",728.3,5.7,137.7,8.547347,2.013246,0,0,DJI Matrice 300 RTK,M300 RTK,1ZN7L4R0H1D00F,1W9DL31001461C,1ZMLH8300204F0,1Z6PH74DAP0QN7,DJI Pilot,Android,7.0.2,1EF72A62-B7C3-C88D-164E-CE6F8C8424AE,1ZN7L4R0H1D00F,1W9DL31001461C,,1ZMLH8300204F0,1W9DL31001461C,,,,,
2023-11-01,11:32:42.71 AM,8m 20.4s,500.4,33.7973351589888,-117.4760102302295,44.2,137.7,14.7,1308,4244.0,7.158208,7.569323,-7.158208,2.23694,0,1.342164,0,0.894776,-2.1,-1.9,2.8,179.5,179.5,177.8,Tripod,Other,,22,5,True,,True,False,,Smart,RC,False,True,False,,,True,,False,False,False,False,False,False,False,False,False,False,0,Follow Yaw,-77.9,0,170.5,170.5,False,False,False,False,False,,0,0,False,False,No Card,100,100,1024,1400,999,952,2,False,False,False,False,False,0,False,False,False,False,73,,46.728,,7331,,10044,,46.728,,True,3.893,3.893,3.893,3.893,3.893,3.893,3.893,3.893,3.893,3.893,3.893,3.893,0,,False,False,True,,,,,,,,,,,,,,,False,False,19.676,,101.1,,75.7,,101.1,,1399,109,4,22,7,143329.7,19110.63,,Idle,,20,,10,,,20,Go Home,False,False,False,False,False,False,False,False,False,False,False,False,33.8027920380556,-117.4659261431046,3648.0,3648.0,1049.4,396.9,True,1,1,False,False,False,False,,True,False,False,Course Lock,196.8,67,16.4,93,N,S,2.46,11.4,Calm,False,False,Android,7.0.2,M300 RTK,1ZN7L4R0H1D00F,1W9DL31001461C,1ZMLH8300204F0,1Z6PH74DAP0QN7,"Corona, CA",728.3,5.7,137.7,8.547347,2.013246,0,0,DJI Matrice 300 RTK,M300 RTK,1ZN7L4R0H1D00F,1W9DL31001461C,1ZMLH8300204F0,1Z6PH74DAP0QN7,DJI Pilot,Android,7.0.2,1EF72A62-B7C3-C88D-164E-CE6F8C8424AE,1ZN7L4R0H1D00F,1W9DL31001461C,,1ZMLH8300204F0,1W9DL31001461C,,,,,
2023-11-01,11:32:42.81 AM,8m 20.5s,500.5,33.7973320840818,-117.4760100354444,44.2,137.7,14.7,1308,4245.1,7.161702,7.569323,-7.158208,2.23694,0.223694,1.342164,0,0.894776,-2.2,-0.4,2.2,179.2,179.2,176.9,Tripod,Other,,22,5,True,,True,False,,Smart,RC,False,True,False,,,True,,False,False,False,False,False,False,False,False,False,False,0,Follow Yaw,-77.9,0,170.4,170.4,False,False,False,False,False,,0,0,False,False,No Card,100,100,1024,1400,995,945,2,False,False,False,False,False,0,False,False,False,False,73,,46.728,,7331,,10044,,46.728,,True,3.893,3.893,3.893,3.893,3.893,3.893,3.893,3.893,3.893,3.893,3.893,3.893,0,,False,False,True,,,,,,,,,,,,,,,False,False,19.676,,101.1,,75.7,,101.1,,1399,109,4,22,7,143329.7,19110.63,,Idle,,20,,10,,,20,Go Home,False,False,False,False,False,False,False,False,False,False,False,False,33.8027920380556,-117.4659261431046,3648.6,3648.6,1049.4,396.9,True,1,1,False,False,False,False,,True,False,False,Course Lock,196.8,67,16.4,93,N,S,2.46,11.4,Calm,False,False,Android,7.0.2,M300 RTK,1ZN7L4R0H1D00F,1W9DL31001461C,1ZMLH8300204F0,1Z6PH74DAP0QN7,"Corona, CA",728.3,5.7,137.7,8.547347,2.013246,0,0,DJI Matrice 300 RTK,M300 RTK,1ZN7L4R0H1D00F,1W9DL31001461C,1ZMLH8300204F0,1Z6PH74DAP0QN7,DJI Pilot,Android,7.0.2,1EF72A62-B7C3-C88D-164E-CE6F8C8424AE,1ZN7L4R0H1D00F,1W9DL31001461C,,1ZMLH8300204F0,1W9DL31001461C,,,,,
2023-11-01,11:32:42.94 AM,8m 20.6s,500.6,33.7973290905912,-117.4760098465143,44.2,137.7,14.7,1308,4246.2,7.161702,7.569323,-7.158208,2.23694,0.223694,1.342164,0,0.894776,-2.3,0.4,2.3,178.8,178.8,176.9,Tripod,Other,,22,5,True,,True,False,,Smart,RC,False,True,False,,,True,,False,False,False,False,False,False,False,False,False,False,0,Follow Yaw,-77.9,0,170.3,170.3,False,False,False,False,False,,0,0,False,False,No Card,100,100,1024,1400,997,949,2,False,False,False,False,False,0,False,False,False,False,73,,46.728,,7331,,10044,,46.728,,True,3.893,3.893,3.893,3.893,3.893,3.893,3.893,3.893,3.893,3.893,3.893,3.893,0,,False,False,True,,,,,,,,,,,,,,,False,False,19.676,,101.1,,75.7,,101.1,,1399,109,4,22,7,143329.7,19110.63,,Idle,,20,,10,,,20,Go Home,False,False,False,False,False,False,False,False,False,False,False,False,33.8027920380556,-117.4659261431046,3649.1,3649.1,1049.4,396.9,True,1,1,False,False,False,False,,True,False,False,Course Lock,196.8,67,16.4,93,N,S,2.46,11.4,Calm,False,False,Android,7.0.2,M300 RTK,1ZN7L4R0H1D00F,1W9DL31001461C,1ZMLH8300204F0,1Z6PH74DAP0QN7,"Corona, CA",728.3,5.7,137.7,8.547347,2.013246,0,0,DJI Matrice 300 RTK,M300 RTK,1ZN7L4R0H1D00F,1W9DL31001461C,1ZMLH8300204F0,1Z6PH74DAP0QN7,DJI Pilot,Android,7.0.2,1EF72A62-B7C3-C88D-164E-CE6F8C8424AE,1ZN7L4R0H1D00F,1W9DL31001461C,,1ZMLH8300204F0,1W9DL31001461C,,,,,
2023-11-01,11:32:43.04 AM,8m 20.7s,500.7,33.7973260118463,-117.4760095545016,44.2,137.7,15.0,1308,4247.4,7.161702,7.569323,-7.158208,2.23694,0.223694,1.342164,0,0.894776,-2.3,0.5,2.3,178.5,178.5,175.4,Tripod,Other,,22,5,True,,True,False,,Smart,RC,False,True,False,,,True,,False,False,False,False,False,False,False,False,False,False,0,Follow Yaw,-77.9,0,170.2,170.2,False,False,False,False,False,,0,0,False,False,No Card,100,100,1024,1400,1009,1012,2,False,False,False,False,False,0,False,False,False,False,73,,46.728,,3639,,4986,,46.728,,True,3.893,3.893,3.893,3.893,3.893,3.893,3.893,3.893,3.893,3.893,3.893,3.893,0,,False,False,True,,,,,,,,,,,,,,,False,False,9.82,,101.1,,75.7,,101.1,,1399,109,4,22,7,143329.7,19110.63,,Idle,,20,,10,,,20,Go Home,False,False,False,False,False,False,False,False,False,False,False,False,33.8027920380556,-117.4659261431046,3649.7,3649.7,1049.4,396.9,True,1,1,False,False,False,False,,True,False,False,Course Lock,196.8,67,16.4,93,N,S,2.46,11.4,Calm,False,False,Android,7.0.2,M300 RTK,1ZN7L4R0H1D00F,1W9DL31001461C,1ZMLH8300204F0,1Z6PH74DAP0QN7,"Corona, CA",728.3,5.7,137.7,8.547347,2.013246,0,0,DJI Matrice 300 RTK,M300 RTK,1ZN7L4R0H1D00F,1W9DL31001461C,1ZMLH8300204F0,1Z6PH74DAP0QN7,DJI Pilot,Android,7.0.2,1EF72A62-B7C3-C88D-164E-CE6F8C8424AE,1ZN7L4R0H1D00F,1W9DL31001461C,,1ZMLH8300204F0,1W9DL31001461C,,,,,
2023-11-01,11:32:43.11 AM,8m 20.8s,500.8,33.7973228574418,-117.4760093490783,44.2,137.7,15.0,1308,4248.5,7.161702,7.569323,-7.158208,2.23694,0.223694,1.342164,0,0.894776,-2.1,0.2,2.1,178.3,178.3,176.9,Tripod,Other,,22,5,True,,True,False,,Smart,RC,False,True,False,,,True,,False,False,False,False,False,False,False,False,False,False,0,Follow Yaw,-77.9,0,170.1,170.1,False,False,False,False,False,,0,0,False,False,No Card,100,100,1024,1400,1008,1021,2,False,False,False,False,False,0,False,False,False,False,73,,46.728,,3639,,4986,,46.728,,True,3.893,3.893,3.893,3.893,3.893,3.893,3.893,3.893,3.893,3.893,3.893,3.893,0,,False,False,True,,,,,,,,,,,,,,,False,False,9.82,,101.1,,75.7,,101.1,,1399,109,4,22,7,143329.7,19110.63,,Idle,,20,,10,,,20,Go Home,False,False,False,False,False,False,False,False,False,False,False,False,33.8027920380556,-117.4659261431046,3650.3,3650.3,1049.4,396.9,True,1,1,False,False,False,False,,True,False,False,Course Lock,196.8,67,16.4,93,N,S,2.46,11.4,Calm,False,False,Android,7.0.2,M300 RTK,1ZN7L4R0H1D00F,1W9DL31001461C,1ZMLH8300204F0,1Z6PH74DAP0QN7,"Corona, CA",728.3,5.7,137.7,8.547347,2.013246,0,0,DJI Matrice 300 RTK,M300 RTK,1ZN7L4R0H1D00F,1W9DL31001461C,1ZMLH8300204F0,1Z6PH74DAP0QN7,DJI Pilot,Android,7.0.2,1EF72A62-B7C3-C88D-164E-CE6F8C8424AE,1ZN7L4R0H1D00F,1W9DL31001461C,,1ZMLH8300204F0,1W9DL31001461C,,,,,
2023-11-01,11:32:43.24 AM,8m 20.9s,500.9,33.7973197477204,-117.4760091021746,44.2,137.7,15.0,1308,4249.6,7.161702,7.569323,-7.158208,2.23694,0.223694,1.342164,0,0.894776,-2,0.2,2,178.2,178.2,176.2,Tripod,Other,,22,5,True,,True,False,,Smart,RC,False,True,False,,,True,,False,False,False,False,False,False,False,False,False,False,0,Follow Yaw,-77.9,0,170.1,170.1,False,False,False,False,False,,0,0,False,False,No Card,100,100,1024,1399,1007,1024,2,False,False,False,False,False,0,False,False,False,False,73,,46.728,,3639,,4986,,46.728,,True,3.893,3.893,3.893,3.893,3.893,3.893,3.893,3.893,3.893,3.893,3.893,3.893,0,,False,False,True,,,,,,,,,,,,,,,False,False,9.82,,101.1,,75.7,,101.1,,1399,109,4,22,7,143329.7,19110.63,,Idle,,20,,10,,,20,Go Home,False,False,False,False,False,False,False,False,False,False,False,False,33.8027920380556,-117.4659261431046,3650.8,3650.8,1049.4,396.9,True,1,1,False,False,False,False,,True,False,False,Course Lock,196.8,67,16.4,93,N,S,2.46,11.4,Calm,False,False,Android,7.0.2,M300 RTK,1ZN7L4R0H1D00F,1W9DL31001461C,1ZMLH8300204F0,1Z6PH74DAP0QN7,"Corona, CA",728.3,5.7,137.7,8.547347,2.013246,0,0,DJI Matrice 300 RTK,M300 RTK,1ZN7L4R0H1D00F,1W9DL31001461C,1ZMLH8300204F0,1Z6PH74DAP0QN7,DJI Pilot,Android,7.0.2,1EF72A62-B7C3-C88D-164E-CE6F8C8424AE,1ZN7L4R0H1D00F,1W9DL31001461C,,1ZMLH8300204F0,1W9DL31001461C,,,,,
2023-11-01,11:32:43.34 AM,8m 21.0s,501.0,33.7973168897866,-117.4760089021116,44.2,137.7,15.0,1308,4250.7,7.161702,7.569323,-7.158208,2.23694,0.223694,1.342164,0,0.894776,-2,0.3,2,178.2,178.2,176.6,Tripod,Other,,22,5,True,,True,False,,Smart,RC,False,True,False,,,True,,False,False,False,False,False,False,False,False,False,False,0,Follow Yaw,-77.9,0,170.1,170.1,False,False,False,False,False,,0,0,False,False,No Card,100,100,1024,1400,1005,1024,2,False,False,False,False,False,0,False,False,False,False,73,,46.728,,7331,,10044,,46.728,,True,3.893,3.893,3.893,3.893,3.893,3.893,3.893,3.893,3.893,3.893,3.893,3.893,0,,False,False,True,,,,,,,,,,,,,,,False,False,19.312,,101.3,,75.7,,101.3,,1399,109,4,22,7,143329.7,19110.63,,Idle,,20,,10,,,20,Go Home,False,False,False,False,False,False,False,False,False,False,False,False,33.8027920380556,-117.4659261431046,3651.3,3651.3,1049.4,396.9,True,1,1,False,False,False,False,,True,False,False,Course Lock,196.8,67,16.4,93,N,S,2.46,11.4,Calm,False,False,Android,7.0.2,M300 RTK,1ZN7L4R0H1D00F,1W9DL31001461C,1ZMLH8300204F0,1Z6PH74DAP0QN7,"Corona, CA",728.3,5.7,137.7,8.547347,2.013246,0,0,DJI Matrice 300 RTK,M300 RTK,1ZN7L4R0H1D00F,1W9DL31001461C,1ZMLH8300204F0,1Z6PH74DAP0QN7,DJI Pilot,Android,7.0.2,1EF72A62-B7C3-C88D-164E-CE6F8C8424AE,1ZN7L4R0H1D00F,1W9DL31001461C,,1ZMLH8300204F0,1W9DL31001461C,,,,,
2023-11-01,11:32:43.42 AM,8m 21.1s,501.1,33.7973138104936,-117.476008792679,44.2,137.7,15.0,1308,4251.8,7.161702,7.569323,-7.158208,2.23694,0.223694,1.342164,0,0.894776,-2.1,0.5,2.1,178.1,178.1,178.3,Tripod,Other,,22,5,True,,True,False,,Smart,RC,False,True,False,,,True,,False,False,False,False,False,False,False,False,False,False,0,Follow Yaw,-77.9,0,170.1,170.1,False,False,False,False,False,,0,0,False,False,No Card,100,100,1024,1400,983,1024,2,False,False,False,False,False,0,False,False,False,False,73,,46.728,,7331,,10044,,46.728,,True,3.893,3.893,3.893,3.893,3.893,3.893,3.893,3.893,3.893,3.893,3.893,3.893,0,,False,False,True,,,,,,,,,,,,,,,False,False,19.312,,101.3,,75.7,,101.3,,1399,109,4,22,7,143329.7,19110.63,,Idle,,20,,10,,,20,Go Home,False,False,False,False,False,False,False,False,False,False,False,False,33.8027920380556,-117.4659261431046,3651.9,3651.9,1049.4,396.9,True,1,1,False,False,False,False,,True,False,False,Course Lock,196.8,67,16.4,93,N,S,2.46,11.4,Calm,False,False,Android,7.0.2,M300 RTK,1ZN7L4R0H1D00F,1W9DL31001461C,1ZMLH8300204F0,1Z6PH74DAP0QN7,"Corona, CA",728.3,5.7,137.7,8.547347,2.013246,0,0,DJI Matrice 300 RTK,M300 RTK,1ZN7L4R0H1D00F,1W9DL31001461C,1ZMLH8300204F0,1Z6PH74DAP0QN7,DJI Pilot,Android,7.0.2,1EF72A62-B7C3-C88D-164E-CE6F8C8424AE,1ZN7L4R0H1D00F,1W9DL31001461C,,1ZMLH8300204F0,1W9DL31001461C,,,,,
2023-11-01,11:32:43.52 AM,8m 21.2s,501.2,33.7973108079566,-117.4760086030068,44.2,137.7,15.0,1308,4252.9,7.161702,7.569323,-7.158208,2.23694,0.223694,1.342164,0,0.894776,-2.1,0.6,2.1,178.1,178.1,176.9,Tripod,Other,,22,5,True,,True,False,,Smart,RC,False,True,False,,,True,,False,False,False,False,False,False,False,False,False,False,0,Follow Yaw,-77.9,0,170.1,170.1,False,False,False,False,False,,0,0,False,False,No Card,100,100,1024,1401,977,1024,2,False,False,False,False,False,0,False,False,False,False,73,,46.728,,7331,,10044,,46.728,,True,3.893,3.893,3.893,3.893,3.893,3.893,3.893,3.893,3.893,3.893,3.893,3.893,0,,False,False,True,,,,,,,,,,,,,,,False,False,19.312,,101.3,,75.7,,101.3,,1399,109,4,22,7,143329.7,19110.63,,Idle,,20,,10,,,20,Go Home,False,False,False,False,False,False,False,False,False,False,False,False,33.8027920380556,-117.4659261431046,3652.5,3652.5,1049.4,396.9,True,1,1,False,False,False,False,,True,False,False,Course Lock,196.8,67,16.4,93,N,S,2.46,11.4,Calm,False,False,Android,7.0.2,M300 RTK,1ZN7L4R0H1D00F,1W9DL31001461C,1ZMLH8300204F0,1Z6PH74DAP0QN7,"Corona, CA",728.3,5.7,137.7,8.547347,2.013246,0,0,DJI Matrice 300 RTK,M300 RTK,1ZN7L4R0H1D00F,1W9DL31001461C,1ZMLH8300204F0,1Z6PH74DAP0QN7,DJI Pilot,Android,7.0.2,1EF72A62-B7C3-C88D-164E-CE6F8C8424AE,1ZN7L4R0H1D00F,1W9DL31001461C,,1ZMLH8300204F0,1W9DL31001461C,,,,,
2023-11-01,11:32:43.63 AM,8m 21.3s,501.3,33.7973080000514,-117.4760082227552,44.2,137.7,15.0,1308,4253.9,7.161702,7.569323,-7.158208,2.23694,0.223694,1.342164,0,0.894776,-2.1,0.6,2.1,178.1,178.1,173.5,Tripod,Other,,22,5,True,,True,False,,Smart,RC,False,True,False,,,True,,False,False,False,False,False,False,False,False,False,False,0,Follow Yaw,-77.9,0,170.1,170.1,False,False,False,False,False,,0,0,False,False,No Card,100,100,1024,1401,976,1024,2,False,False,False,False,False,0,False,False,False,False,73,,46.728,,7331,,10044,,46.728,,True,3.894,3.894,3.894,3.894,3.894,3.894,3.894,3.894,3.894,3.894,3.894,3.894,0,,False,False,True,,,,,,,,,,,,,,,False,False,19.312,,101.3,,75.7,,101.3,,1397,109,4,22,7,143295.6,19106.08,,Idle,,20,,10,,,20,Go Home,False,False,False,False,False,False,False,False,False,False,False,False,33.8027920380556,-117.4659261431046,3652.9,3652.9,1049.4,396.9,True,1,1,False,False,False,False,,True,False,False,Course Lock,196.8,67,16.4,93,N,S,2.46,11.4,Calm,False,False,Android,7.0.2,M300 RTK,1ZN7L4R0H1D00F,1W9DL31001461C,1ZMLH8300204F0,1Z6PH74DAP0QN7,"Corona, CA",728.3,5.7,137.7,8.547347,2.013246,0,0,DJI Matrice 300 RTK,M300 RTK,1ZN7L4R0H1D00F,1W9DL31001461C,1ZMLH8300204F0,1Z6PH74DAP0QN7,DJI Pilot,Android,7.0.2,1EF72A62-B7C3-C88D-164E-CE6F8C8424AE,1ZN7L4R0H1D00F,1W9DL31001461C,,1ZMLH8300204F0,1W9DL31001461C,,,,,
2023-11-01,11:32:43.73 AM,8m 21.4s,501.4,33.7973048511296,-117.4760080147755,44.2,137.7,15.0,1308,4255.1,7.161702,7.569323,-7.158208,2.23694,0.223694,1.342164,0,0.894776,-2.1,0.4,2.1,178.1,178.1,176.8,Tripod,Other,,22,5,True,,True,False,,Smart,RC,False,True,False,,,True,,False,False,False,False,False,False,False,False,False,False,0,Follow Yaw,-77.9,0,170.1,170.1,False,False,False,False,False,,0,0,False,False,No Card,100,100,1024,1401,976,1024,2,False,False,False,False,False,0,False,False,False,False,73,,46.728,,7331,,10044,,46.728,,True,3.894,3.894,3.894,3.894,3.894,3.894,3.894,3.894,3.894,3.894,3.894,3.894,0,,False,False,True,,,,,,,,,,,,,,,False,False,19.312,,101.3,,75.7,,101.3,,1397,109,4,22,7,143295.6,19106.08,,Idle,,20,,10,,,20,Go Home,False,False,False,False,False,False,False,False,False,False,False,False,33.8027920380556,-117.4659261431046,3653.5,3653.5,1049.4,396.9,True,1,1,False,False,False,False,,True,False,False,Course Lock,196.8,67,16.4,93,N,S,2.46,11.4,Calm,False,False,Android,7.0.2,M300 RTK,1ZN7L4R0H1D00F,1W9DL31001461C,1ZMLH8300204F0,1Z6PH74DAP0QN7,"Corona, CA",728.3,5.7,137.7,8.547347,2.013246,0,0,DJI Matrice 300 RTK,M300 RTK,1ZN7L4R0H1D00F,1W9DL31001461C,1ZMLH8300204F0,1Z6PH74DAP0QN7,DJI Pilot,Android,7.0.2,1EF72A62-B7C3-C88D-164E-CE6F8C8424AE,1ZN7L4R0H1D00F,1W9DL31001461C,,1ZMLH8300204F0,1W9DL31001461C,,,,,
2023-11-01,11:32:43.84 AM,8m 21.5s,501.5,33.797302019101,-117.4760081734404,44.2,137.7,15.0,1308,4256.1,7.161702,7.569323,-7.158208,2.23694,0.223694,1.342164,0,0.894776,-2.2,0.2,2.2,178.2,178.2,182.6,Tripod,Other,,22,5,True,,True,False,,Smart,RC,False,True,False,,,True,,False,False,False,False,False,False,False,False,False,False,0,Follow Yaw,-77.9,0,170.1,170.1,False,False,False,False,False,,0,0,False,False,No Card,100,100,1024,1400,977,1024,2,False,False,False,False,False,0,False,False,False,False,73,,46.728,,7331,,10044,,46.728,,True,3.894,3.894,3.894,3.894,3.894,3.894,3.894,3.894,3.894,3.894,3.894,3.894,0,,False,False,True,,,,,,,,,,,,,,,False,False,19.312,,101.3,,75.7,,101.3,,1397,109,4,22,7,143295.6,19106.08,,Idle,,20,,10,,,20,Go Home,False,False,False,False,False,False,False,False,False,False,False,False,33.8027920380556,-117.4659261431046,3654.1,3654.1,1049.4,396.9,True,1,1,False,False,False,False,,True,False,False,Course Lock,196.8,67,16.4,93,N,S,2.46,11.4,Calm,False,False,Android,7.0.2,M300 RTK,1ZN7L4R0H1D00F,1W9DL31001461C,1ZMLH8300204F0,1Z6PH74DAP0QN7,"Corona, CA",728.3,5.7,137.7,8.547347,2.013246,0,0,DJI Matrice 300 RTK,M300 RTK,1ZN7L4R0H1D00F,1W9DL31001461C,1ZMLH8300204F0,1Z6PH74DAP0QN7,DJI Pilot,Android,7.0.2,1EF72A62-B7C3-C88D-164E-CE6F8C8424AE,1ZN7L4R0H1D00F,1W9DL31001461C,,1ZMLH8300204F0,1W9DL31001461C,,,,,
2023-11-01,11:32:43.94 AM,8m 21.6s,501.6,33.7972991852906,-117.4760080186514,44.2,137.7,15.0,1308,4257.2,7.161702,7.569323,-7.158208,2.23694,0.223694,1.342164,0,0.894776,-2.2,0.2,2.2,178.2,178.2,177.4,Tripod,Other,,22,5,True,,True,False,,Smart,RC,False,True,False,,,True,,False,False,False,False,False,False,False,False,False,False,0,Follow Yaw,-77.9,0,170.1,170.1,False,False,False,False,False,,0,0,False,False,No Card,100,100,1024,1400,979,1024,2,False,False,False,False,False,0,False,False,False,False,73,,46.728,,7331,,10044,,46.728,,True,3.894,3.894,3.894,3.894,3.894,3.894,3.894,3.894,3.894,3.894,3.894,3.894,0,,False,False,True,,,,,,,,,,,,,,,False,False,19.312,,101.3,,75.7,,101.3,,1397,109,4,22,7,143295.6,19106.08,,Idle,,20,,10,,,20,Go Home,False,False,False,False,False,False,False,False,False,False,False,False,33.8027920380556,-117.4659261431046,3654.6,3654.6,1049.4,396.9,True,1,1,False,False,False,False,,True,False,False,Course Lock,196.8,67,16.4,93,N,S,2.46,11.4,Calm,False,False,Android,7.0.2,M300 RTK,1ZN7L4R0H1D00F,1W9DL31001461C,1ZMLH8300204F0,1Z6PH74DAP0QN7,"Corona, CA",728.3,5.7,137.7,8.547347,2.013246,0,0,DJI Matrice 300 RTK,M300 RTK,1ZN7L4R0H1D00F,1W9DL31001461C,1ZMLH8300204F0,1Z6PH74DAP0QN7,DJI Pilot,Android,7.0.2,1EF72A62-B7C3-C88D-164E-CE6F8C8424AE,1ZN7L4R0H1D00F,1W9DL31001461C,,1ZMLH8300204F0,1W9DL31001461C,,,,,
2023-11-01,11:32:44.04 AM,8m 21.7s,501.7,33.797295850235,-117.4760077759534,44.2,137.7,15.0,1308,4258.4,7.161702,7.569323,-7.158208,2.23694,0.223694,1.342164,0,0.894776,-2.2,0.4,2.2,178.2,178.2,176.5,Tripod,Other,,22,5,True,,True,False,,Smart,RC,False,True,False,,,True,,False,False,False,False,False,False,False,False,False,False,0,Follow Yaw,-77.9,0,170.1,170.1,False,False,False,False,False,,0,0,False,False,No Card,100,100,1024,1399,978,1024,2,False,False,False,False,False,0,False,False,False,False,73,,46.728,,7331,,10044,,46.728,,True,3.894,3.894,3.894,3.894,3.894,3.894,3.894,3.894,3.894,3.894,3.894,3.894,0,,False,False,True,,,,,,,,,,,,,,,False,False,19.312,,101.3,,75.7,,101.3,,1397,109,4,22,7,143295.6,19106.08,,Idle,,20,,10,,,20,Go Home,False,False,False,False,False,False,False,False,False,False,False,False,33.8027920380556,-117.4659261431046,3655.2,3655.2,1049.4,396.9,True,1,1,False,False,False,False,,True,False,False,Course Lock,196.8,67,16.4,93,N,S,2.46,11.4,Calm,False,False,Android,7.0.2,M300 RTK,1ZN7L4R0H1D00F,1W9DL31001461C,1ZMLH8300204F0,1Z6PH74DAP0QN7,"Corona, CA",728.3,5.7,137.7,8.547347,2.013246,0,0,DJI Matrice 300 RTK,M300 RTK,1ZN7L4R0H1D00F,1W9DL31001461C,1ZMLH8300204F0,1Z6PH74DAP0QN7,DJI Pilot,Android,7.0.2,1EF72A62-B7C3-C88D-164E-CE6F8C8424AE,1ZN7L4R0H1D00F,1W9DL31001461C,,1ZMLH8300204F0,1W9DL31001461C,,,,,
2023-11-01,11:32:44.15 AM,8m 21.8s,501.8,33.7972929957278,-117.4760076218241,44.2,137.7,15.0,1308,4259.4,7.161702,7.569323,-7.158208,2.23694,0.223694,1.342164,0,0.894776,-2.2,0.5,2.2,178.2,178.2,177.4,Tripod,Other,,22,5,True,,True,False,,Smart,RC,False,True,False,,,True,,False,False,False,False,False,False,False,False,False,False,0,Follow Yaw,-77.9,0,170.1,170.1,False,False,False,False,False,,0,0,False,False,No Card,100,100,1024,1400,976,1024,2,False,False,False,False,False,0,False,False,False,False,73,,46.728,,7331,,10044,,46.728,,True,3.894,3.894,3.894,3.894,3.894,3.894,3.894,3.894,3.894,3.894,3.894,3.894,0,,False,False,True,,,,,,,,,,,,,,,False,False,19.312,,101.3,,75.7,,101.3,,1397,109,4,22,7,143295.6,19106.08,,Idle,,20,,10,,,20,Go Home,False,False,False,False,False,False,False,False,False,False,False,False,33.8027920380556,-117.4659261431046,3655.8,3655.8,1049.4,396.9,True,1,1,False,False,False,False,,True,False,False,Course Lock,196.8,67,16.4,93,N,S,2.46,11.4,Calm,False,False,Android,7.0.2,M300 RTK,1ZN7L4R0H1D00F,1W9DL31001461C,1ZMLH8300204F0,1Z6PH74DAP0QN7,"Corona, CA",728.3,5.7,137.7,8.547347,2.013246,0,0,DJI Matrice 300 RTK,M300 RTK,1ZN7L4R0H1D00F,1W9DL31001461C,1ZMLH8300204F0,1Z6PH74DAP0QN7,DJI Pilot,Android,7.0.2,1EF72A62-B7C3-C88D-164E-CE6F8C8424AE,1ZN7L4R0H1D00F,1W9DL31001461C,,1ZMLH8300204F0,1W9DL31001461C,,,,,
2023-11-01,11:32:44.26 AM,8m 21.9s,501.9,33.7972899948357,-117.4760073707971,44.2,137.7,15.0,1308,4260.5,7.161702,7.569323,-7.158208,2.23694,0.223694,1.342164,0,0.894776,-2.1,0.4,2.1,178.1,178.1,176.0,Tripod,Other,,22,5,True,,True,False,,Smart,RC,False,True,False,,,True,,False,False,False,False,False,False,False,False,False,False,0,Follow Yaw,-77.9,0,170.1,170.1,False,False,False,False,False,,0,0,False,False,No Card,100,100,1024,1401,972,1024,2,False,False,False,False,False,0,False,False,False,False,73,,46.728,,7331,,10044,,46.728,,True,3.894,3.894,3.894,3.894,3.894,3.894,3.894,3.894,3.894,3.894,3.894,3.894,0,,False,False,True,,,,,,,,,,,,,,,False,False,19.312,,101.3,,75.7,,101.3,,1397,109,4,22,7,143295.6,19106.08,,Idle,,20,,10,,,20,Go Home,False,False,False,False,False,False,False,False,False,False,False,False,33.8027920380556,-117.4659261431046,3656.3,3656.3,1049.4,396.9,True,1,1,False,False,False,False,,True,False,False,Course Lock,196.8,67,16.4,93,N,S,2.46,11.4,Calm,False,False,Android,7.0.2,M300 RTK,1ZN7L4R0H1D00F,1W9DL31001461C,1ZMLH8300204F0,1Z6PH74DAP0QN7,"Corona, CA",728.3,5.7,137.7,8.547347,2.013246,0,0,DJI Matrice 300 RTK,M300 RTK,1ZN7L4R0H1D00F,1W9DL31001461C,1ZMLH8300204F0,1Z6PH74DAP0QN7,DJI Pilot,Android,7.0.2,1EF72A62-B7C3-C88D-164E-CE6F8C8424AE,1ZN7L4R0H1D00F,1W9DL31001461C,,1ZMLH8300204F0,1W9DL31001461C,,,,,
2023-11-01,11:32:44.36 AM,8m 22.0s,502.0,33.7972870036751,-117.4760072114724,44.2,137.7,15.0,1308,4261.6,7.161702,7.569323,-7.158208,2.23694,0.223694,1.342164,0,0.894776,-2,0.4,2,178.1,178.1,177.4,Tripod,Other,,22,5,True,,True,False,,Smart,RC,False,True,False,,,True,,False,False,False,False,False,False,False,False,False,False,0,Follow Yaw,-77.9,0,170.1,170.1,False,False,False,False,False,,0,0,False,False,No Card,100,100,1024,1400,972,1024,2,False,False,False,False,False,0,False,False,False,False,73,,46.668,,7331,,10044,,46.668,,True,3.894,3.894,3.894,3.894,3.894,3.894,3.894,3.894,3.894,3.894,3.894,3.894,0,,False,False,True,,,,,,,,,,,,,,,False,False,18.984,,101.3,,75.7,,101.3,,1397,109,4,22,7,143295.6,19106.08,,Idle,,20,,10,,,20,Go Home,False,False,False,False,False,False,False,False,False,False,False,False,33.8027920380556,-117.4659261431046,3656.9,3656.9,1049.4,396.9,True,1,1,False,False,False,False,,True,False,False,Course Lock,196.8,67,16.4,93,N,S,2.46,11.4,Calm,False,False,Android,7.0.2,M300 RTK,1ZN7L4R0H1D00F,1W9DL31001461C,1ZMLH8300204F0,1Z6PH74DAP0QN7,"Corona, CA",728.3,5.7,137.7,8.547347,2.013246,0,0,DJI Matrice 300 RTK,M300 RTK,1ZN7L4R0H1D00F,1W9DL31001461C,1ZMLH8300204F0,1Z6PH74DAP0QN7,DJI Pilot,Android,7.0.2,1EF72A62-B7C3-C88D-164E-CE6F8C8424AE,1ZN7L4R0H1D00F,1W9DL31001461C,,1ZMLH8300204F0,1W9DL31001461C,,,,,
2023-11-01,11:32:44.46 AM,8m 22.1s,502.1,33.79728389039,-117.4760071318101,44.2,137.7,15.0,1308,4262.7,7.158208,7.569323,-7.158208,2.23694,0,1.342164,0,0.894776,-2,0.3,2,178.2,178.2,178.7,Tripod,Other,,22,5,True,,True,False,,Smart,RC,False,True,False,,,True,,False,False,False,False,False,False,False,False,False,False,0,Follow Yaw,-77.9,0,170.1,170.1,False,False,False,False,False,,0,0,False,False,No Card,100,100,1024,1400,972,1024,2,False,False,False,False,False,0,False,False,False,False,73,,46.668,,7331,,10044,,46.668,,True,3.894,3.894,3.894,3.894,3.894,3.894,3.894,3.894,3.894,3.894,3.894,3.894,0,,False,False,True,,,,,,,,,,,,,,,False,False,18.984,,101.3,,75.7,,101.3,,1397,109,4,22,7,143295.6,19106.08,,Idle,,20,,10,,,20,Go Home,False,False,False,False,False,False,False,False,False,False,False,False,33.8027920380556,-117.4659261431046,3657.5,3657.5,1049.4,396.9,True,1,1,False,False,False,False,,True,False,False,Course Lock,196.8,67,16.4,93,N,S,2.46,11.4,Calm,False,False,Android,7.0.2,M300 RTK,1ZN7L4R0H1D00F,1W9DL31001461C,1ZMLH8300204F0,1Z6PH74DAP0QN7,"Corona, CA",728.3,5.7,137.7,8.547347,2.013246,0,0,DJI Matrice 300 RTK,M300 RTK,1ZN7L4R0H1D00F,1W9DL31001461C,1ZMLH8300204F0,1Z6PH74DAP0QN7,DJI Pilot,Android,7.0.2,1EF72A62-B7C3-C88D-164E-CE6F8C8424AE,1ZN7L4R0H1D00F,1W9DL31001461C,,1ZMLH8300204F0,1W9DL31001461C,,,,,
2023-11-01,11:32:44.57 AM,8m 22.2s,502.2,33.7972807261169,-117.4760069776808,44.2,137.7,15.0,1308,4263.9,7.158208,7.569323,-7.158208,2.23694,0,1.342164,0,0.894776,-1.9,0.2,1.9,178.2,178.2,177.6,Tripod,Other,,23,5,True,,True,False,,Smart,RC,False,True,False,,,True,,False,False,False,False,False,False,False,False,False,False,0,Follow Yaw,-77.9,0,170.1,170.1,False,False,False,False,False,,0,0,False,False,No Card,100,100,1024,1400,972,1024,2,False,False,False,False,False,0,False,False,False,False,73,,46.668,,7331,,10044,,46.668,,True,3.894,3.894,3.894,3.894,3.894,3.894,3.894,3.894,3.894,3.894,3.894,3.894,0,,False,False,True,,,,,,,,,,,,,,,False,False,18.984,,101.3,,75.7,,101.3,,1397,109,4,22,7,143295.6,19106.08,,Idle,,20,,10,,,20,Go Home,False,False,False,False,False,False,False,False,False,False,False,False,33.8027920380556,-117.4659261431046,3658.1,3658.1,1049.4,396.9,True,1,1,False,False,False,False,,True,False,False,Course Lock,196.8,67,16.4,93,N,S,2.46,11.4,Calm,False,False,Android,7.0.2,M300 RTK,1ZN7L4R0H1D00F,1W9DL31001461C,1ZMLH8300204F0,1Z6PH74DAP0QN7,"Corona, CA",728.3,5.7,137.7,8.547347,2.013246,0,0,DJI Matrice 300 RTK,M300 RTK,1ZN7L4R0H1D00F,1W9DL31001461C,1ZMLH8300204F0,1Z6PH74DAP0QN7,DJI Pilot,Android,7.0.2,1EF72A62-B7C3-C88D-164E-CE6F8C8424AE,1ZN7L4R0H1D00F,1W9DL31001461C,,1ZMLH8300204F0,1W9DL31001461C,,,,,
2023-11-01,11:32:44.67 AM,8m 22.3s,502.3,33.7972780611701,-117.476006880948,44.2,137.7,15.0,1308,4264.9,7.158208,7.569323,-7.158208,2.23694,0,1.342164,0,0.894776,-1.9,0.1,1.9,178.1,178.1,178.2,Tripod,Other,,23,5,True,,True,False,,Smart,RC,False,True,False,,,True,,False,False,False,False,False,False,False,False,False,False,0,Follow Yaw,-77.9,0,170.1,170.1,False,False,False,False,False,,0,0,False,False,No Card,100,100,1024,1399,973,1024,2,False,False,False,False,False,0,False,False,False,False,73,,46.668,,7331,,10044,,46.668,,True,3.892,3.892,3.892,3.892,3.892,3.892,3.892,3.892,3.892,3.892,3.892,3.892,0,,False,False,True,,,,,,,,,,,,,,,False,False,18.984,,101.3,,75.7,,101.3,,1395,109,4,22,7,143403.2,19120.42,,Idle,,20,,10,,,20,Go Home,False,False,False,False,False,False,False,False,False,False,False,False,33.8027920380556,-117.4659261431046,3658.6,3658.6,1049.4,396.9,True,1,1,False,False,False,False,,True,False,False,Course Lock,196.8,67,16.4,93,N,S,2.46,11.4,Calm,False,False,Android,7.0.2,M300 RTK,1ZN7L4R0H1D00F,1W9DL31001461C,1ZMLH8300204F0,1Z6PH74DAP0QN7,"Corona, CA",728.3,5.7,137.7,8.547347,2.013246,0,0,DJI Matrice 300 RTK,M300 RTK,1ZN7L4R0H1D00F,1W9DL31001461C,1ZMLH8300204F0,1Z6PH74DAP0QN7,DJI Pilot,Android,7.0.2,1EF72A62-B7C3-C88D-164E-CE6F8C8424AE,1ZN7L4R0H1D00F,1W9DL31001461C,,1ZMLH8300204F0,1W9DL31001461C,,,,,
2023-11-01,11:32:44.78 AM,8m 22.4s,502.4,33.7972749180049,-117.4760067374568,44.2,137.7,15.0,1308,4266.0,7.158208,7.569323,-7.158208,2.23694,0,1.342164,0,0.894776,-2,0,2,178.1,178.1,177.8,Tripod,Other,,23,5,True,,True,False,,Smart,RC,False,True,False,,,True,,False,False,False,False,False,False,False,False,False,False,0,Follow Yaw,-77.9,0,170.1,170.1,False,False,False,False,False,,0,0,False,False,No Card,100,100,1024,1397,972,1024,2,False,False,False,False,False,0,False,False,False,False,73,,46.668,,7331,,10044,,46.668,,True,3.892,3.892,3.892,3.892,3.892,3.892,3.892,3.892,3.892,3.892,3.892,3.892,0,,False,False,True,,,,,,,,,,,,,,,False,False,18.984,,101.3,,75.7,,101.3,,1395,109,4,22,7,143403.2,19120.42,,Idle,,20,,10,,,20,Go Home,False,False,False,False,False,False,False,False,False,False,False,False,33.8027920380556,-117.4659261431046,3659.2,3659.2,1049.4,396.9,True,1,1,False,False,False,False,,True,False,False,Course Lock,196.8,67,16.4,93,N,S,2.46,11.4,Calm,False,False,Android,7.0.2,M300 RTK,1ZN7L4R0H1D00F,1W9DL31001461C,1ZMLH8300204F0,1Z6PH74DAP0QN7,"Corona, CA",728.3,5.7,137.7,8.547347,2.013246,0,0,DJI Matrice 300 RTK,M300 RTK,1ZN7L4R0H1D00F,1W9DL31001461C,1ZMLH8300204F0,1Z6PH74DAP0QN7,DJI Pilot,Android,7.0.2,1EF72A62-B7C3-C88D-164E-CE6F8C8424AE,1ZN7L4R0H1D00F,1W9DL31001461C,,1ZMLH8300204F0,1W9DL31001461C,,,,,
2023-11-01,11:32:44.88 AM,8m 22.5s,502.5,33.7972722250969,-117.4760066096342,44.2,137.7,15.0,1308,4267.0,7.158208,7.569323,-7.158208,2.23694,0,1.342164,0,0.894776,-2,0,2,178.2,178.2,177.7,Tripod,Other,,23,5,True,,True,False,,Smart,RC,False,True,False,,,True,,False,False,False,False,False,False,False,False,False,False,0,Follow Yaw,-77.9,0,170.1,170.1,False,False,False,False,False,,0,0,False,False,No Card,100,100,1024,1397,973,1024,2,False,False,False,False,False,0,False,False,False,False,73,,46.668,,7331,,10044,,46.668,,True,3.892,3.892,3.892,3.892,3.892,3.892,3.892,3.892,3.892,3.892,3.892,3.892,0,,False,False,True,,,,,,,,,,,,,,,False,False,18.984,,101.3,,75.7,,101.3,,1395,109,4,22,7,143403.2,19120.42,,Idle,,20,,10,,,20,Go Home,False,False,False,False,False,False,False,False,False,False,False,False,33.8027920380556,-117.4659261431046,3659.7,3659.7,1049.4,396.9,True,1,1,False,False,False,False,,True,False,False,Course Lock,196.8,67,16.4,93,N,S,2.46,11.4,Calm,False,False,Android,7.0.2,M300 RTK,1ZN7L4R0H1D00F,1W9DL31001461C,1ZMLH8300204F0,1Z6PH74DAP0QN7,"Corona, CA",728.3,5.7,137.7,8.547347,2.013246,0,0,DJI Matrice 300 RTK,M300 RTK,1ZN7L4R0H1D00F,1W9DL31001461C,1ZMLH8300204F0,1Z6PH74DAP0QN7,DJI Pilot,Android,7.0.2,1EF72A62-B7C3-C88D-164E-CE6F8C8424AE,1ZN7L4R0H1D00F,1W9DL31001461C,,1ZMLH8300204F0,1W9DL31001461C,,,,,
2023-11-01,11:32:44.94 AM,8m 22.6s,502.6,33.7972690939934,-117.476006466308,44.2,137.7,15.0,1308,4268.1,7.158208,7.569323,-7.158208,2.23694,0,1.342164,0,0.894776,-2,0.1,2,178.2,178.2,177.8,Tripod,Other,,23,5,True,,True,False,,Smart,RC,False,True,False,,,True,,False,False,False,False,False,False,False,False,False,False,0,Follow Yaw,-77.9,0,170.1,170.1,False,False,False,False,False,,0,0,False,False,No Card,100,100,1024,1397,972,1024,2,False,False,False,False,False,0,False,False,False,False,73,,46.668,,7331,,10044,,46.668,,True,3.892,3.892,3.892,3.892,3.892,3.892,3.892,3.892,3.892,3.892,3.892,3.892,0,,False,False,True,,,,,,,,,,,,,,,False,False,18.984,,101.3,,75.7,,101.3,,1395,109,4,22,7,143403.2,19120.42,,Idle,,20,,10,,,20,Go Home,False,False,False,False,False,False,False,False,False,False,False,False,33.8027920380556,-117.4659261431046,3660.3,3660.3,1049.4,396.9,True,1,1,False,False,False,False,,True,False,False,Course Lock,196.8,67,16.4,93,N,S,2.46,11.4,Calm,False,False,Android,7.0.2,M300 RTK,1ZN7L4R0H1D00F,1W9DL31001461C,1ZMLH8300204F0,1Z6PH74DAP0QN7,"Corona, CA",728.3,5.7,137.7,8.547347,2.013246,0,0,DJI Matrice 300 RTK,M300 RTK,1ZN7L4R0H1D00F,1W9DL31001461C,1ZMLH8300204F0,1Z6PH74DAP0QN7,DJI Pilot,Android,7.0.2,1EF72A62-B7C3-C88D-164E-CE6F8C8424AE,1ZN7L4R0H1D00F,1W9DL31001461C,,1ZMLH8300204F0,1W9DL31001461C,,,,,
2023-11-01,11:32:45.04 AM,8m 22.7s,502.7,33.7972664587896,-117.47600631523,44.2,137.7,15.0,1308,4269.1,7.158208,7.569323,-7.158208,2.23694,0,1.342164,0,0.894776,-2.1,0.1,2.1,178.2,178.2,177.2,Tripod,Other,,23,5,True,,True,False,,Smart,RC,False,True,False,,,True,,False,False,False,False,False,False,False,False,False,False,0,Follow Yaw,-77.9,0,170.1,170.1,False,False,False,False,False,,0,0,False,False,No Card,100,100,1024,1398,972,1024,2,False,False,False,False,False,0,False,False,False,False,73,,46.668,,7331,,10044,,46.668,,True,3.892,3.892,3.892,3.892,3.892,3.892,3.892,3.892,3.892,3.892,3.892,3.892,0,,False,False,True,,,,,,,,,,,,,,,False,False,18.984,,101.3,,75.7,,101.3,,1395,109,4,22,7,143403.2,19120.42,,Idle,,20,,10,,,20,Go Home,False,False,False,False,False,False,False,False,False,False,False,False,33.8027920380556,-117.4659261431046,3660.8,3660.8,1049.4,396.9,True,1,1,False,False,False,False,,True,False,False,Course Lock,196.8,67,16.4,93,N,S,2.46,11.4,Calm,False,False,Android,7.0.2,M300 RTK,1ZN7L4R0H1D00F,1W9DL31001461C,1ZMLH8300204F0,1Z6PH74DAP0QN7,"Corona, CA",728.3,5.7,137.7,8.547347,2.013246,0,0,DJI Matrice 300 RTK,M300 RTK,1ZN7L4R0H1D00F,1W9DL31001461C,1ZMLH8300204F0,1Z6PH74DAP0QN7,DJI Pilot,Android,7.0.2,1EF72A62-B7C3-C88D-164E-CE6F8C8424AE,1ZN7L4R0H1D00F,1W9DL31001461C,,1ZMLH8300204F0,1W9DL31001461C,,,,,
2023-11-01,11:32:45.14 AM,8m 22.8s,502.8,33.7972633493423,-117.4760061713264,44.2,137.7,15.0,1308,4270.2,7.158208,7.569323,-7.158208,2.23694,0,1.342164,0,0.894776,-2.1,0.2,2.1,178.2,178.2,177.7,Tripod,Other,,23,5,True,,True,False,,Smart,RC,False,True,False,,,True,,False,False,False,False,False,False,False,False,False,False,0,Follow Yaw,-77.9,0,170.1,170.1,False,False,False,False,False,,0,0,False,False,No Card,100,100,1024,1396,974,1024,2,False,False,False,False,False,0,False,False,False,False,73,,46.668,,7331,,10044,,46.668,,True,3.892,3.892,3.892,3.892,3.892,3.892,3.892,3.892,3.892,3.892,3.892,3.892,0,,False,False,True,,,,,,,,,,,,,,,False,False,18.984,,101.3,,75.7,,101.3,,1395,109,4,22,7,143403.2,19120.42,,Idle,,20,,10,,,20,Go Home,False,False,False,False,False,False,False,False,False,False,False,False,33.8027920380556,-117.4659261431046,3661.4,3661.4,1049.4,396.9,True,1,1,False,False,False,False,,True,False,False,Course Lock,196.8,67,16.4,93,N,S,2.46,11.4,Calm,False,False,Android,7.0.2,M300 RTK,1ZN7L4R0H1D00F,1W9DL31001461C,1ZMLH8300204F0,1Z6PH74DAP0QN7,"Corona, CA",728.3,5.7,137.7,8.547347,2.013246,0,0,DJI Matrice 300 RTK,M300 RTK,1ZN7L4R0H1D00F,1W9DL31001461C,1ZMLH8300204F0,1Z6PH74DAP0QN7,DJI Pilot,Android,7.0.2,1EF72A62-B7C3-C88D-164E-CE6F8C8424AE,1ZN7L4R0H1D00F,1W9DL31001461C,,1ZMLH8300204F0,1W9DL31001461C,,,,,
2023-11-01,11:32:45.24 AM,8m 22.9s,502.9,33.7972604345267,-117.4760060014461,44.2,137.7,15.0,1308,4271.3,7.158208,7.569323,-7.158208,2.23694,0,1.342164,0,0.894776,-2.1,0.1,2.1,178.2,178.2,177.2,Tripod,Other,,23,5,True,,True,False,,Smart,RC,False,True,False,,,True,,False,False,False,False,False,False,False,False,False,False,0,Follow Yaw,-77.9,0,170.1,170.1,False,False,False,False,False,,0,0,False,False,No Card,100,100,1024,1398,973,1024,2,False,False,False,False,False,0,False,False,False,False,73,,46.668,,7331,,10044,,46.668,,True,3.892,3.892,3.892,3.892,3.892,3.892,3.892,3.892,3.892,3.892,3.892,3.892,0,,False,False,True,,,,,,,,,,,,,,,False,False,18.984,,101.3,,75.7,,101.3,,1395,109,4,22,7,143403.2,19120.42,,Idle,,20,,10,,,20,Go Home,False,False,False,False,False,False,False,False,False,False,False,False,33.8027920380556,-117.4659261431046,3661.9,3661.9,1049.4,396.9,True,1,1,False,False,False,False,,True,False,False,Course Lock,196.8,67,16.4,93,N,S,2.46,11.4,Calm,False,False,Android,7.0.2,M300 RTK,1ZN7L4R0H1D00F,1W9DL31001461C,1ZMLH8300204F0,1Z6PH74DAP0QN7,"Corona, CA",728.3,5.7,137.7,8.547347,2.013246,0,0,DJI Matrice 300 RTK,M300 RTK,1ZN7L4R0H1D00F,1W9DL31001461C,1ZMLH8300204F0,1Z6PH74DAP0QN7,DJI Pilot,Android,7.0.2,1EF72A62-B7C3-C88D-164E-CE6F8C8424AE,1ZN7L4R0H1D00F,1W9DL31001461C,,1ZMLH8300204F0,1W9DL31001461C,,,,,
2023-11-01,11:32:45.34 AM,8m 23.0s,503.0,33.7972576260732,-117.4760058695827,44.2,137.7,15.0,1308,4272.3,7.158208,7.569323,-7.158208,2.23694,0,1.342164,0,0.894776,-2,0.1,2,178.2,178.2,177.7,Tripod,Other,,23,5,True,,True,False,,Smart,RC,False,True,False,,,True,,False,False,False,False,False,False,False,False,False,False,0,Follow Yaw,-77.9,0,170.1,170.1,False,False,False,False,False,,0,0,False,False,No Card,100,100,1024,1398,971,1024,2,False,False,False,False,False,0,False,False,False,False,73,,46.692,,7331,,10044,,46.692,,True,3.892,3.892,3.892,3.892,3.892,3.892,3.892,3.892,3.892,3.892,3.892,3.892,0,,False,False,True,,,,,,,,,,,,,,,False,False,19.09,,101.3,,75.7,,101.3,,1395,109,4,22,7,143403.2,19120.42,,Idle,,20,,10,,,20,Go Home,False,False,False,False,False,False,False,False,False,False,False,False,33.8027920380556,-117.4659261431046,3662.4,3662.4,1049.4,396.9,True,1,1,False,False,False,False,,True,False,False,Course Lock,196.8,67,16.4,93,N,S,2.46,11.4,Calm,False,False,Android,7.0.2,M300 RTK,1ZN7L4R0H1D00F,1W9DL31001461C,1ZMLH8300204F0,1Z6PH74DAP0QN7,"Corona, CA",728.3,5.7,137.7,8.547347,2.013246,0,0,DJI Matrice 300 RTK,M300 RTK,1ZN7L4R0H1D00F,1W9DL31001461C,1ZMLH8300204F0,1Z6PH74DAP0QN7,DJI Pilot,Android,7.0.2,1EF72A62-B7C3-C88D-164E-CE6F8C8424AE,1ZN7L4R0H1D00F,1W9DL31001461C,,1ZMLH8300204F0,1W9DL31001461C,,,,,
2023-11-01,11:32:45.44 AM,8m 23.1s,503.1,33.7972544672827,-117.476005696981,44.2,137.7,15.0,1308,4273.5,7.158208,7.569323,-7.158208,2.23694,0,1.342164,0,0.894776,-1.9,0.1,1.9,178.2,178.2,177.4,Tripod,Other,,23,5,True,,True,False,,Smart,RC,False,True,False,,,True,,False,False,False,False,False,False,False,False,False,False,0,Follow Yaw,-77.9,0,170.1,170.1,False,False,False,False,False,,0,0,False,False,No Card,100,100,1024,1398,970,1024,2,False,False,False,False,False,0,False,False,False,False,73,,46.692,,7331,,10044,,46.692,,True,3.892,3.892,3.892,3.892,3.892,3.892,3.892,3.892,3.892,3.892,3.892,3.892,0,,False,False,True,,,,,,,,,,,,,,,False,False,19.09,,101.3,,75.7,,101.3,,1395,109,4,22,7,143403.2,19120.42,,Idle,,20,,10,,,20,Go Home,False,False,False,False,False,False,False,False,False,False,False,False,33.8027920380556,-117.4659261431046,3663.0,3663.0,1049.4,396.9,True,1,1,False,False,False,False,,True,False,False,Course Lock,196.8,67,16.4,93,N,S,2.46,11.4,Calm,False,False,Android,7.0.2,M300 RTK,1ZN7L4R0H1D00F,1W9DL31001461C,1ZMLH8300204F0,1Z6PH74DAP0QN7,"Corona, CA",728.3,5.7,137.7,8.547347,2.013246,0,0,DJI Matrice 300 RTK,M300 RTK,1ZN7L4R0H1D00F,1W9DL31001461C,1ZMLH8300204F0,1Z6PH74DAP0QN7,DJI Pilot,Android,7.0.2,1EF72A62-B7C3-C88D-164E-CE6F8C8424AE,1ZN7L4R0H1D00F,1W9DL31001461C,,1ZMLH8300204F0,1W9DL31001461C,,,,,
2023-11-01,11:32:45.54 AM,8m 23.2s,503.2,33.7972513471443,-117.476005548047,44.2,137.7,15.0,1308,4274.6,7.158208,7.569323,-7.158208,2.23694,0,1.342164,0,0.894776,-1.9,0.2,1.9,178.2,178.2,177.7,Tripod,Other,,23,5,True,,True,False,,Smart,RC,False,True,False,,,True,,False,False,False,False,False,False,False,False,False,False,0,Follow Yaw,-77.9,0,170.1,170.1,False,False,False,False,False,,0,0,False,False,No Card,100,100,1024,1398,969,1024,2,False,False,False,False,False,0,False,False,False,False,73,,46.692,,7331,,10044,,46.692,,True,3.892,3.892,3.892,3.892,3.892,3.892,3.892,3.892,3.892,3.892,3.892,3.892,0,,False,False,True,,,,,,,,,,,,,,,False,False,19.09,,101.3,,75.7,,101.3,,1395,109,4,22,7,143403.2,19120.42,,Idle,,20,,10,,,20,Go Home,False,False,False,False,False,False,False,False,False,False,False,False,33.8027920380556,-117.4659261431046,3663.6,3663.6,1049.4,396.9,True,1,1,False,False,False,False,,True,False,False,Course Lock,196.8,67,16.4,93,N,S,2.46,11.4,Calm,False,False,Android,7.0.2,M300 RTK,1ZN7L4R0H1D00F,1W9DL31001461C,1ZMLH8300204F0,1Z6PH74DAP0QN7,"Corona, CA",728.3,5.7,137.7,8.547347,2.013246,0,0,DJI Matrice 300 RTK,M300 RTK,1ZN7L4R0H1D00F,1W9DL31001461C,1ZMLH8300204F0,1Z6PH74DAP0QN7,DJI Pilot,Android,7.0.2,1EF72A62-B7C3-C88D-164E-CE6F8C8424AE,1ZN7L4R0H1D00F,1W9DL31001461C,,1ZMLH8300204F0,1W9DL31001461C,,,,,
2023-11-01,11:32:45.64 AM,8m 23.3s,503.3,33.7972486731512,-117.4760054028241,44.2,137.7,15.4,1308,4275.6,7.158208,7.569323,-7.158208,2.23694,0,1.342164,0,0.894776,-1.7,0.2,1.7,178.2,178.2,177.4,Tripod,Other,,23,5,True,,True,False,,Smart,RC,False,True,False,,,True,,False,False,False,False,False,False,False,False,False,False,0,Follow Yaw,-77.9,0,170.1,170.1,False,False,False,False,False,,0,0,False,False,No Card,100,100,1024,1396,971,1024,2,False,False,False,False,False,0,False,False,False,False,73,,46.692,,7331,,10044,,46.692,,True,3.891,3.891,3.891,3.891,3.891,3.891,3.891,3.891,3.891,3.891,3.891,3.891,0,,False,False,True,,,,,,,,,,,,,,,False,False,19.09,,101.3,,75.7,,101.3,,1393,110,4,22,7,143455.3,19127.38,,Idle,,20,,10,,,20,Go Home,False,False,False,False,False,False,False,False,False,False,False,False,33.8027920380556,-117.4659261431046,3664.1,3664.1,1049.4,396.9,True,1,1,False,False,False,False,,True,False,False,Course Lock,196.8,67,16.4,93,N,S,2.46,11.4,Calm,False,False,Android,7.0.2,M300 RTK,1ZN7L4R0H1D00F,1W9DL31001461C,1ZMLH8300204F0,1Z6PH74DAP0QN7,"Corona, CA",728.3,5.7,137.7,8.547347,2.013246,0,0,DJI Matrice 300 RTK,M300 RTK,1ZN7L4R0H1D00F,1W9DL31001461C,1ZMLH8300204F0,1Z6PH74DAP0QN7,DJI Pilot,Android,7.0.2,1EF72A62-B7C3-C88D-164E-CE6F8C8424AE,1ZN7L4R0H1D00F,1W9DL31001461C,,1ZMLH8300204F0,1W9DL31001461C,,,,,
2023-11-01,11:32:45.74 AM,8m 23.4s,503.4,33.7972457214653,-117.4760052626316,44.2,137.7,15.4,1308,4276.7,7.158208,7.569323,-7.158208,2.23694,0,1.342164,0,0.894776,-1.6,0.2,1.6,178.2,178.2,177.7,Tripod,Other,,23,5,True,,True,False,,Smart,RC,False,True,False,,,True,,False,False,False,False,False,False,False,False,False,False,0,Follow Yaw,-77.9,0,170.1,170.1,False,False,False,False,False,,0,0,False,False,No Card,100,100,1024,1395,976,1024,2,False,False,False,False,False,0,False,False,False,False,73,,46.692,,7331,,10044,,46.692,,True,3.891,3.891,3.891,3.891,3.891,3.891,3.891,3.891,3.891,3.891,3.891,3.891,0,,False,False,True,,,,,,,,,,,,,,,False,False,19.09,,101.3,,75.7,,101.3,,1393,110,4,22,7,143455.3,19127.38,,Idle,,20,,10,,,20,Go Home,False,False,False,False,False,False,False,False,False,False,False,False,33.8027920380556,-117.4659261431046,3664.7,3664.7,1049.4,396.9,True,1,1,False,False,False,False,,True,False,False,Course Lock,196.8,67,16.4,93,N,S,2.46,11.4,Calm,False,False,Android,7.0.2,M300 RTK,1ZN7L4R0H1D00F,1W9DL31001461C,1ZMLH8300204F0,1Z6PH74DAP0QN7,"Corona, CA",728.3,5.7,137.7,8.547347,2.013246,0,0,DJI Matrice 300 RTK,M300 RTK,1ZN7L4R0H1D00F,1W9DL31001461C,1ZMLH8300204F0,1Z6PH74DAP0QN7,DJI Pilot,Android,7.0.2,1EF72A62-B7C3-C88D-164E-CE6F8C8424AE,1ZN7L4R0H1D00F,1W9DL31001461C,,1ZMLH8300204F0,1W9DL31001461C,,,,,
2023-11-01,11:32:45.81 AM,8m 23.5s,503.5,33.7972430443197,-117.4760052668374,44.2,137.7,15.4,1308,4277.7,7.158208,7.569323,-7.158208,2.23694,0,1.342164,0,0.894776,-1.5,0.1,1.5,178.2,178.2,180.0,Tripod,Other,,23,5,True,,True,False,,Smart,RC,False,True,False,,,True,,False,False,False,False,False,False,False,False,False,False,0,Follow Yaw,-77.9,0,170.1,170.1,False,False,False,False,False,,0,0,False,False,No Card,100,100,1024,1395,976,1024,2,False,False,False,False,False,0,False,False,False,False,73,,46.692,,7331,,10044,,46.692,,True,3.891,3.891,3.891,3.891,3.891,3.891,3.891,3.891,3.891,3.891,3.891,3.891,0,,False,False,True,,,,,,,,,,,,,,,False,False,19.09,,101.3,,75.7,,101.3,,1393,110,4,22,7,143455.3,19127.38,,Idle,,20,,10,,,20,Go Home,False,False,False,False,False,False,False,False,False,False,False,False,33.8027920380556,-117.4659261431046,3665.2,3665.2,1049.4,396.9,True,1,1,False,False,False,False,,True,False,False,Course Lock,196.8,67,16.4,93,N,S,2.46,11.4,Calm,False,False,Android,7.0.2,M300 RTK,1ZN7L4R0H1D00F,1W9DL31001461C,1ZMLH8300204F0,1Z6PH74DAP0QN7,"Corona, CA",728.3,5.7,137.7,8.547347,2.013246,0,0,DJI Matrice 300 RTK,M300 RTK,1ZN7L4R0H1D00F,1W9DL31001461C,1ZMLH8300204F0,1Z6PH74DAP0QN7,DJI Pilot,Android,7.0.2,1EF72A62-B7C3-C88D-164E-CE6F8C8424AE,1ZN7L4R0H1D00F,1W9DL31001461C,,1ZMLH8300204F0,1W9DL31001461C,,,,,
2023-11-01,11:32:45.94 AM,8m 23.6s,503.6,33.7972399868199,-117.4760051406641,44.2,137.7,15.4,1308,4278.8,7.158208,7.569323,-7.158208,2.23694,0,1.342164,0,0.894776,-1.6,0.1,1.6,178.2,178.2,178.0,Tripod,Other,,23,5,True,,True,False,,Smart,RC,False,True,False,,,True,,False,False,False,False,False,False,False,False,False,False,0,Follow Yaw,-77.9,0,170.1,170.1,False,False,False,False,False,,0,0,False,False,No Card,100,100,1024,1395,976,1024,2,False,False,False,False,False,0,False,False,False,False,73,,46.692,,7331,,10044,,46.692,,True,3.891,3.891,3.891,3.891,3.891,3.891,3.891,3.891,3.891,3.891,3.891,3.891,0,,False,False,True,,,,,,,,,,,,,,,False,False,19.09,,101.3,,75.7,,101.3,,1393,110,4,22,7,143455.3,19127.38,,Idle,,20,,10,,,20,Go Home,False,False,False,False,False,False,False,False,False,False,False,False,33.8027920380556,-117.4659261431046,3665.8,3665.8,1049.4,396.9,True,1,1,False,False,False,False,,True,False,False,Course Lock,196.8,67,16.4,93,N,S,2.46,11.4,Calm,False,False,Android,7.0.2,M300 RTK,1ZN7L4R0H1D00F,1W9DL31001461C,1ZMLH8300204F0,1Z6PH74DAP0QN7,"Corona, CA",728.3,5.7,137.7,8.547347,2.013246,0,0,DJI Matrice 300 RTK,M300 RTK,1ZN7L4R0H1D00F,1W9DL31001461C,1ZMLH8300204F0,1Z6PH74DAP0QN7,DJI Pilot,Android,7.0.2,1EF72A62-B7C3-C88D-164E-CE6F8C8424AE,1ZN7L4R0H1D00F,1W9DL31001461C,,1ZMLH8300204F0,1W9DL31001461C,,,,,
2023-11-01,11:32:46.04 AM,8m 23.7s,503.7,33.7972365637688,-117.4760049511568,44.2,137.7,15.4,1308,4280.0,7.158208,7.569323,-7.158208,2.23694,0,1.342164,0,0.894776,-1.7,0.1,1.7,178.2,178.2,177.3,Tripod,Other,,23,5,True,,True,False,,Smart,RC,False,True,False,,,True,,False,False,False,False,False,False,False,False,False,False,0,Follow Yaw,-77.9,0,170.1,170.1,False,False,False,False,False,,0,0,False,False,No Card,100,100,1024,1394,976,1024,2,False,False,False,False,False,0,False,False,False,False,73,,46.656,,3639,,4986,,46.656,,True,3.891,3.891,3.891,3.891,3.891,3.891,3.891,3.891,3.891,3.891,3.891,3.891,0,,False,False,True,,,,,,,,,,,,,,,False,False,9.662,,101.3,,75.7,,101.3,,1393,110,4,22,7,143455.3,19127.38,,Idle,,20,,10,,,20,Go Home,False,False,False,False,False,False,False,False,False,False,False,False,33.8027920380556,-117.4659261431046,3666.4,3666.4,1049.4,396.9,True,1,1,False,False,False,False,,True,False,False,Course Lock,196.8,67,16.4,93,N,S,2.68,11.4,Calm,False,False,Android,7.0.2,M300 RTK,1ZN7L4R0H1D00F,1W9DL31001461C,1ZMLH8300204F0,1Z6PH74DAP0QN7,"Corona, CA",728.3,5.7,137.7,8.547347,2.013246,0,0,DJI Matrice 300 RTK,M300 RTK,1ZN7L4R0H1D00F,1W9DL31001461C,1ZMLH8300204F0,1Z6PH74DAP0QN7,DJI Pilot,Android,7.0.2,1EF72A62-B7C3-C88D-164E-CE6F8C8424AE,1ZN7L4R0H1D00F,1W9DL31001461C,,1ZMLH8300204F0,1W9DL31001461C,,,,,
2023-11-01,11:32:46.14 AM,8m 23.8s,503.8,33.797233610164,-117.476004826468,44.2,137.7,15.4,1308,4281.1,7.158208,7.569323,-7.158208,2.23694,0,1.342164,0,0.894776,-1.8,0.1,1.8,178.2,178.2,177.9,Tripod,Other,,23,5,True,,True,False,,Smart,RC,False,True,False,,,True,,False,False,False,False,False,False,False,False,False,False,0,Follow Yaw,-77.9,0,170.1,170.1,False,False,False,False,False,,0,0,False,False,No Card,100,100,1024,1393,977,1024,2,False,False,False,False,False,0,False,False,False,False,73,,46.656,,3639,,4986,,46.656,,True,3.891,3.891,3.891,3.891,3.891,3.891,3.891,3.891,3.891,3.891,3.891,3.891,0,,False,False,True,,,,,,,,,,,,,,,False,False,9.662,,101.3,,75.7,,101.3,,1393,110,4,22,7,143455.3,19127.38,,Idle,,20,,10,,,20,Go Home,False,False,False,False,False,False,False,False,False,False,False,False,33.8027920380556,-117.4659261431046,3667.0,3667.0,1049.4,396.9,True,1,1,False,False,False,False,,True,False,False,Course Lock,196.8,67,16.4,93,N,S,2.68,11.4,Calm,False,False,Android,7.0.2,M300 RTK,1ZN7L4R0H1D00F,1W9DL31001461C,1ZMLH8300204F0,1Z6PH74DAP0QN7,"Corona, CA",728.3,5.7,137.7,8.547347,2.013246,0,0,DJI Matrice 300 RTK,M300 RTK,1ZN7L4R0H1D00F,1W9DL31001461C,1ZMLH8300204F0,1Z6PH74DAP0QN7,DJI Pilot,Android,7.0.2,1EF72A62-B7C3-C88D-164E-CE6F8C8424AE,1ZN7L4R0H1D00F,1W9DL31001461C,,1ZMLH8300204F0,1W9DL31001461C,,,,,
2023-11-01,11:32:46.22 AM,8m 23.9s,503.9,33.7972308328242,-117.476004653124,44.2,137.7,15.4,1308,4282.1,7.158208,7.569323,-7.158208,2.23694,0,1.342164,0,0.894776,-1.9,0,1.9,178.3,178.3,177.0,Tripod,Other,,23,5,True,,True,False,,Smart,RC,False,True,False,,,True,,False,False,False,False,False,False,False,False,False,False,0,Follow Yaw,-77.9,0,170.1,170.1,False,False,False,False,False,,0,0,False,False,No Card,100,100,1024,1389,979,1024,2,False,False,False,False,False,0,False,False,False,False,73,,46.656,,3639,,4986,,46.656,,True,3.891,3.891,3.891,3.891,3.891,3.891,3.891,3.891,3.891,3.891,3.891,3.891,0,,False,False,True,,,,,,,,,,,,,,,False,False,9.662,,101.3,,75.7,,101.3,,1393,110,4,22,7,143455.3,19127.38,,Idle,,20,,10,,,20,Go Home,False,False,False,False,False,False,False,False,False,False,False,False,33.8027920380556,-117.4659261431046,3667.5,3667.5,1049.4,396.9,True,1,1,False,False,False,False,,True,False,False,Course Lock,196.8,67,16.4,93,N,S,2.68,11.4,Calm,False,False,Android,7.0.2,M300 RTK,1ZN7L4R0H1D00F,1W9DL31001461C,1ZMLH8300204F0,1Z6PH74DAP0QN7,"Corona, CA",728.3,5.7,137.7,8.547347,2.013246,0,0,DJI Matrice 300 RTK,M300 RTK,1ZN7L4R0H1D00F,1W9DL31001461C,1ZMLH8300204F0,1Z6PH74DAP0QN7,DJI Pilot,Android,7.0.2,1EF72A62-B7C3-C88D-164E-CE6F8C8424AE,1ZN7L4R0H1D00F,1W9DL31001461C,,1ZMLH8300204F0,1W9DL31001461C,,,,,
2023-11-01,11:32:46.33 AM,8m 24.0s,504.0,33.7972279162268,-117.4760045243118,44.2,137.7,15.4,1308,4283.2,7.158208,7.569323,-7.158208,2.23694,0,1.342164,0,0.894776,-2,0.1,2,178.3,178.3,177.8,Tripod,Other,,23,5,True,,True,False,,Smart,RC,False,True,False,,,True,,False,False,False,False,False,False,False,False,False,False,0,Follow Yaw,-77.9,0,170.1,170.1,False,False,False,False,False,,0,0,False,False,No Card,100,100,1024,1390,979,1024,2,False,False,False,False,False,0,False,False,False,False,73,,46.704,,7331,,10044,,46.704,,True,3.891,3.891,3.891,3.891,3.891,3.891,3.891,3.891,3.891,3.891,3.891,3.891,0,,False,False,True,,,,,,,,,,,,,,,False,False,19.232,,101.3,,75.7,,101.3,,1393,110,4,22,7,143455.3,19127.38,,Idle,,20,,10,,,20,Go Home,False,False,False,False,False,False,False,False,False,False,False,False,33.8027920380556,-117.4659261431046,3668.1,3668.1,1049.4,396.9,True,1,1,False,False,False,False,,True,False,False,Course Lock,196.8,67,16.4,93,N,S,2.68,11.4,Calm,False,False,Android,7.0.2,M300 RTK,1ZN7L4R0H1D00F,1W9DL31001461C,1ZMLH8300204F0,1Z6PH74DAP0QN7,"Corona, CA",728.3,5.7,137.7,8.547347,2.013246,0,0,DJI Matrice 300 RTK,M300 RTK,1ZN7L4R0H1D00F,1W9DL31001461C,1ZMLH8300204F0,1Z6PH74DAP0QN7,DJI Pilot,Android,7.0.2,1EF72A62-B7C3-C88D-164E-CE6F8C8424AE,1ZN7L4R0H1D00F,1W9DL31001461C,,1ZMLH8300204F0,1W9DL31001461C,,,,,
2023-11-01,11:32:46.43 AM,8m 24.1s,504.1,33.7972251173678,-117.4760043355468,44.2,137.7,15.4,1308,4284.2,7.158208,7.569323,-7.158208,2.23694,0,1.342164,0,0.894776,-2.1,0.1,2.1,178.3,178.3,176.7,Tripod,Other,,23,5,True,,True,False,,Smart,RC,False,True,False,,,True,,False,False,False,False,False,False,False,False,False,False,0,Follow Yaw,-77.9,0,170.1,170.1,False,False,False,False,False,,0,0,False,False,No Card,100,100,1024,1389,988,1024,2,False,False,False,False,False,0,False,False,False,False,73,,46.704,,7331,,10044,,46.704,,True,3.891,3.891,3.891,3.891,3.891,3.891,3.891,3.891,3.891,3.891,3.891,3.891,0,,False,False,True,,,,,,,,,,,,,,,False,False,19.232,,101.3,,75.7,,101.3,,1393,110,4,22,7,143455.3,19127.38,,Idle,,20,,10,,,20,Go Home,False,False,False,False,False,False,False,False,False,False,False,False,33.8027920380556,-117.4659261431046,3668.6,3668.6,1049.4,396.9,True,1,1,False,False,False,False,,True,False,False,Course Lock,196.8,67,16.4,93,N,S,2.68,11.4,Calm,False,False,Android,7.0.2,M300 RTK,1ZN7L4R0H1D00F,1W9DL31001461C,1ZMLH8300204F0,1Z6PH74DAP0QN7,"Corona, CA",728.3,5.7,137.7,8.547347,2.013246,0,0,DJI Matrice 300 RTK,M300 RTK,1ZN7L4R0H1D00F,1W9DL31001461C,1ZMLH8300204F0,1Z6PH74DAP0QN7,DJI Pilot,Android,7.0.2,1EF72A62-B7C3-C88D-164E-CE6F8C8424AE,1ZN7L4R0H1D00F,1W9DL31001461C,,1ZMLH8300204F0,1W9DL31001461C,,,,,
2023-11-01,11:32:46.54 AM,8m 24.2s,504.2,33.7972220547966,-117.4760041896641,44.2,137.7,15.4,1308,4285.3,7.161702,7.569323,-7.158208,2.23694,0.223694,1.342164,0,0.894776,-2.2,0,2.2,178.3,178.3,177.7,Tripod,Other,,23,5,True,,True,False,,Smart,RC,False,True,False,,,True,,False,False,False,False,False,False,False,False,False,False,0,Follow Yaw,-77.9,0,170.1,170.1,False,False,False,False,False,,0,0,False,False,No Card,100,100,1024,1391,1006,1024,2,False,False,False,False,False,0,False,False,False,False,73,,46.704,,7331,,10044,,46.704,,True,3.891,3.891,3.891,3.891,3.891,3.891,3.891,3.891,3.891,3.891,3.891,3.891,0,,False,False,True,,,,,,,,,,,,,,,False,False,19.232,,101.3,,75.7,,101.3,,1393,110,4,22,7,143455.3,19127.38,,Idle,,20,,10,,,20,Go Home,False,False,False,False,False,False,False,False,False,False,False,False,33.8027920380556,-117.4659261431046,3669.2,3669.2,1049.4,396.9,True,1,1,False,False,False,False,,True,False,False,Course Lock,196.8,67,16.4,93,N,S,2.68,11.4,Calm,False,False,Android,7.0.2,M300 RTK,1ZN7L4R0H1D00F,1W9DL31001461C,1ZMLH8300204F0,1Z6PH74DAP0QN7,"Corona, CA",728.3,5.7,137.7,8.547347,2.013246,0,0,DJI Matrice 300 RTK,M300 RTK,1ZN7L4R0H1D00F,1W9DL31001461C,1ZMLH8300204F0,1Z6PH74DAP0QN7,DJI Pilot,Android,7.0.2,1EF72A62-B7C3-C88D-164E-CE6F8C8424AE,1ZN7L4R0H1D00F,1W9DL31001461C,,1ZMLH8300204F0,1W9DL31001461C,,,,,
2023-11-01,11:32:46.63 AM,8m 24.3s,504.3,33.7972192096099,-117.4760041579146,44.2,137.7,15.4,1308,4286.4,7.161702,7.569323,-7.158208,2.23694,0.223694,1.342164,0,0.894776,-2.2,0,2.2,178.3,178.3,179.4,Tripod,Other,,23,5,True,,True,False,,Smart,RC,False,True,False,,,True,,False,False,False,False,False,False,False,False,False,False,0,Follow Yaw,-77.9,0,170.1,170.1,False,False,False,False,False,,0,0,False,False,No Card,100,100,1024,1392,1004,1024,2,False,False,False,False,False,0,False,False,False,False,73,,46.704,,7331,,10044,,46.704,,True,3.892,3.892,3.892,3.892,3.892,3.892,3.892,3.892,3.892,3.892,3.892,3.892,0,,False,False,True,,,,,,,,,,,,,,,False,False,19.232,,101.3,,75.7,,101.3,,1391,110,4,22,7,143471.7,19129.56,,Idle,,20,,10,,,20,Go Home,False,False,False,False,False,False,False,False,False,False,False,False,33.8027920380556,-117.4659261431046,3669.7,3669.7,1049.4,396.9,True,1,1,False,False,False,False,,True,False,False,Course Lock,196.8,67,16.4,93,N,S,2.68,11.4,Calm,False,False,Android,7.0.2,M300 RTK,1ZN7L4R0H1D00F,1W9DL31001461C,1ZMLH8300204F0,1Z6PH74DAP0QN7,"Corona, CA",728.3,5.7,137.7,8.547347,2.013246,0,0,DJI Matrice 300 RTK,M300 RTK,1ZN7L4R0H1D00F,1W9DL31001461C,1ZMLH8300204F0,1Z6PH74DAP0QN7,DJI Pilot,Android,7.0.2,1EF72A62-B7C3-C88D-164E-CE6F8C8424AE,1ZN7L4R0H1D00F,1W9DL31001461C,,1ZMLH8300204F0,1W9DL31001461C,,,,,
2023-11-01,11:32:46.74 AM,8m 24.4s,504.4,33.797216141282,-117.4760040122793,44.2,137.7,15.4,1308,4287.5,7.161702,7.569323,-7.158208,2.23694,0.223694,1.342164,0,0.894776,-2,0.1,2,178.3,178.3,177.7,Tripod,Other,,23,5,True,,True,False,,Smart,RC,False,True,False,,,True,,False,False,False,False,False,False,False,False,False,False,0,Follow Yaw,-77.9,0,170.1,170.1,False,False,False,False,False,,0,0,False,False,No Card,100,100,1024,1395,1003,1024,2,False,False,False,False,False,0,False,False,False,False,73,,46.704,,7331,,10044,,46.704,,True,3.892,3.892,3.892,3.892,3.892,3.892,3.892,3.892,3.892,3.892,3.892,3.892,0,,False,False,True,,,,,,,,,,,,,,,False,False,19.232,,101.3,,75.7,,101.3,,1391,110,4,22,7,143471.7,19129.56,,Idle,,20,,10,,,20,Go Home,False,False,False,False,False,False,False,False,False,False,False,False,33.8027920380556,-117.4659261431046,3670.3,3670.3,1049.4,396.9,True,1,1,False,False,False,False,,True,False,False,Course Lock,196.8,67,16.4,93,N,S,2.68,11.4,Calm,False,False,Android,7.0.2,M300 RTK,1ZN7L4R0H1D00F,1W9DL31001461C,1ZMLH8300204F0,1Z6PH74DAP0QN7,"Corona, CA",728.3,5.7,137.7,8.547347,2.013246,0,0,DJI Matrice 300 RTK,M300 RTK,1ZN7L4R0H1D00F,1W9DL31001461C,1ZMLH8300204F0,1Z6PH74DAP0QN7,DJI Pilot,Android,7.0.2,1EF72A62-B7C3-C88D-164E-CE6F8C8424AE,1ZN7L4R0H1D00F,1W9DL31001461C,,1ZMLH8300204F0,1W9DL31001461C,,,,,
2023-11-01,11:32:46.85 AM,8m 24.5s,504.5,33.7972132812922,-117.4760038078456,44.2,137.7,15.4,1308,4288.5,7.161702,7.569323,-7.158208,2.23694,0.223694,1.342164,0,0.894776,-1.9,0.2,1.9,178.3,178.3,176.6,Tripod,Other,,23,5,True,,True,False,,Smart,RC,False,True,False,,,True,,False,False,False,False,False,False,False,False,False,False,0,Follow Yaw,-77.9,0,170.1,170.1,False,False,False,False,False,,0,0,False,False,No Card,100,100,1024,1393,1001,1024,2,False,False,False,False,False,0,False,False,False,False,73,,46.704,,7331,,10044,,46.704,,True,3.892,3.892,3.892,3.892,3.892,3.892,3.892,3.892,3.892,3.892,3.892,3.892,0,,False,False,True,,,,,,,,,,,,,,,False,False,19.232,,101.3,,75.7,,101.3,,1391,110,4,22,7,143471.7,19129.56,,Idle,,20,,10,,,20,Go Home,False,False,False,False,False,False,False,False,False,False,False,False,33.8027920380556,-117.4659261431046,3670.9,3670.9,1049.4,396.9,True,1,1,False,False,False,False,,True,False,False,Course Lock,196.8,67,16.4,93,N,S,2.68,11.4,Calm,False,False,Android,7.0.2,M300 RTK,1ZN7L4R0H1D00F,1W9DL31001461C,1ZMLH8300204F0,1Z6PH74DAP0QN7,"Corona, CA",728.3,5.7,137.7,8.547347,2.013246,0,0,DJI Matrice 300 RTK,M300 RTK,1ZN7L4R0H1D00F,1W9DL31001461C,1ZMLH8300204F0,1Z6PH74DAP0QN7,DJI Pilot,Android,7.0.2,1EF72A62-B7C3-C88D-164E-CE6F8C8424AE,1ZN7L4R0H1D00F,1W9DL31001461C,,1ZMLH8300204F0,1W9DL31001461C,,,,,
2023-11-01,11:32:46.95 AM,8m 24.6s,504.6,33.7972103559227,-117.476003659489,44.2,137.7,15.4,1308,4289.6,7.161702,7.569323,-7.158208,2.23694,0.223694,1.342164,0,0.894776,-2,0.5,2,178.4,178.4,177.5,Tripod,Other,,23,5,True,,True,False,,Smart,RC,False,True,False,,,True,,False,False,False,False,False,False,False,False,False,False,0,Follow Yaw,-77.9,0,170.1,170.1,False,False,False,False,False,,0,0,False,False,No Card,100,100,1024,1393,1000,1024,2,False,False,False,False,False,0,False,False,False,False,73,,46.704,,7331,,10044,,46.704,,True,3.892,3.892,3.892,3.892,3.892,3.892,3.892,3.892,3.892,3.892,3.892,3.892,0,,False,False,True,,,,,,,,,,,,,,,False,False,19.232,,101.3,,75.7,,101.3,,1391,110,4,22,7,143471.7,19129.56,,Idle,,20,,10,,,20,Go Home,False,False,False,False,False,False,False,False,False,False,False,False,33.8027920380556,-117.4659261431046,3671.4,3671.4,1049.4,396.9,True,1,1,False,False,False,False,,True,False,False,Course Lock,196.8,67,16.4,93,N,S,2.68,11.4,Calm,False,False,Android,7.0.2,M300 RTK,1ZN7L4R0H1D00F,1W9DL31001461C,1ZMLH8300204F0,1Z6PH74DAP0QN7,"Corona, CA",728.3,5.7,137.7,8.547347,2.013246,0,0,DJI Matrice 300 RTK,M300 RTK,1ZN7L4R0H1D00F,1W9DL31001461C,1ZMLH8300204F0,1Z6PH74DAP0QN7,DJI Pilot,Android,7.0.2,1EF72A62-B7C3-C88D-164E-CE6F8C8424AE,1ZN7L4R0H1D00F,1W9DL31001461C,,1ZMLH8300204F0,1W9DL31001461C,,,,,
2023-11-01,11:32:47.05 AM,8m 24.7s,504.7,33.7972075262242,-117.4760034746822,44.2,137.7,15.4,1308,4290.6,7.161702,7.569323,-7.158208,2.23694,0.223694,1.342164,0,0.894776,-2.1,0.7,2.2,178.4,178.4,176.8,Tripod,Other,,23,5,True,,True,False,,Smart,RC,False,True,False,,,True,,False,False,False,False,False,False,False,False,False,False,0,Follow Yaw,-77.9,0,170.1,170.1,False,False,False,False,False,,0,0,False,False,No Card,100,100,1024,1394,999,1024,2,False,False,False,False,False,0,False,False,False,False,73,,46.704,,7331,,10044,,46.704,,True,3.892,3.892,3.892,3.892,3.892,3.892,3.892,3.892,3.892,3.892,3.892,3.892,0,,False,False,True,,,,,,,,,,,,,,,False,False,19.232,,101.3,,75.7,,101.3,,1391,110,4,22,7,143471.7,19129.56,,Idle,,20,,10,,,20,Go Home,False,False,False,False,False,False,False,False,False,False,False,False,33.8027920380556,-117.4659261431046,3671.9,3671.9,1049.4,396.9,True,1,1,False,False,False,False,,True,False,False,Course Lock,196.8,67,16.4,93,N,S,2.68,11.4,Calm,False,False,Android,7.0.2,M300 RTK,1ZN7L4R0H1D00F,1W9DL31001461C,1ZMLH8300204F0,1Z6PH74DAP0QN7,"Corona, CA",728.3,5.7,137.7,8.547347,2.013246,0,0,DJI Matrice 300 RTK,M300 RTK,1ZN7L4R0H1D00F,1W9DL31001461C,1ZMLH8300204F0,1Z6PH74DAP0QN7,DJI Pilot,Android,7.0.2,1EF72A62-B7C3-C88D-164E-CE6F8C8424AE,1ZN7L4R0H1D00F,1W9DL31001461C,,1ZMLH8300204F0,1W9DL31001461C,,,,,
2023-11-01,11:32:47.15 AM,8m 24.8s,504.8,33.7972044688614,-117.4760033297068,44.2,137.7,15.4,1308,4291.7,7.161702,7.569323,-7.158208,2.23694,0.223694,1.342164,0,0.894776,-2.3,0.5,2.3,178.3,178.3,177.7,Tripod,Other,,23,5,True,,True,False,,Smart,RC,False,True,False,,,True,,False,False,False,False,False,False,False,False,False,False,0,Follow Yaw,-77.9,0,170.1,170.1,False,False,False,False,False,,0,0,False,False,No Card,100,100,1024,1393,996,1024,2,False,False,False,False,False,0,False,False,False,False,73,,46.704,,7331,,10044,,46.704,,True,3.892,3.892,3.892,3.892,3.892,3.892,3.892,3.892,3.892,3.892,3.892,3.892,0,,False,False,True,,,,,,,,,,,,,,,False,False,19.232,,101.3,,75.7,,101.3,,1391,110,4,22,7,143471.7,19129.56,,Idle,,20,,10,,,20,Go Home,False,False,False,False,False,False,False,False,False,False,False,False,33.8027920380556,-117.4659261431046,3672.5,3672.5,1049.4,396.9,True,1,1,False,False,False,False,,True,False,False,Course Lock,196.8,67,16.4,93,N,S,2.68,11.4,Calm,False,False,Android,7.0.2,M300 RTK,1ZN7L4R0H1D00F,1W9DL31001461C,1ZMLH8300204F0,1Z6PH74DAP0QN7,"Corona, CA",728.3,5.7,137.7,8.547347,2.013246,0,0,DJI Matrice 300 RTK,M300 RTK,1ZN7L4R0H1D00F,1W9DL31001461C,1ZMLH8300204F0,1Z6PH74DAP0QN7,DJI Pilot,Android,7.0.2,1EF72A62-B7C3-C88D-164E-CE6F8C8424AE,1ZN7L4R0H1D00F,1W9DL31001461C,,1ZMLH8300204F0,1W9DL31001461C,,,,,
2023-11-01,11:32:47.26 AM,8m 24.9s,504.9,33.7972014667357,-117.4760031966888,44.2,137.7,15.4,1308,4292.8,7.161702,7.569323,-7.158208,2.23694,0.223694,1.342164,0,0.894776,-2.4,0.2,2.4,178.3,178.3,177.8,Tripod,Other,,23,5,True,,True,False,,Smart,RC,False,True,False,,,True,,False,False,False,False,False,False,False,False,False,False,0,Follow Yaw,-77.9,0,170.1,170.1,False,False,False,False,False,,0,0,False,False,No Card,100,100,1024,1394,991,1024,2,False,False,False,False,False,0,False,False,False,False,73,,46.704,,7331,,10044,,46.704,,True,3.892,3.892,3.892,3.892,3.892,3.892,3.892,3.892,3.892,3.892,3.892,3.892,0,,False,False,True,,,,,,,,,,,,,,,False,False,19.232,,101.3,,75.7,,101.3,,1391,110,4,22,7,143471.7,19129.56,,Idle,,20,,10,,,20,Go Home,False,False,False,False,False,False,False,False,False,False,False,False,33.8027920380556,-117.4659261431046,3673.1,3673.1,1049.4,396.9,True,1,1,False,False,False,False,,True,False,False,Course Lock,196.8,67,16.4,93,N,S,2.68,11.4,Calm,False,False,Android,7.0.2,M300 RTK,1ZN7L4R0H1D00F,1W9DL31001461C,1ZMLH8300204F0,1Z6PH74DAP0QN7,"Corona, CA",728.3,5.7,137.7,8.547347,2.013246,0,0,DJI Matrice 300 RTK,M300 RTK,1ZN7L4R0H1D00F,1W9DL31001461C,1ZMLH8300204F0,1Z6PH74DAP0QN7,DJI Pilot,Android,7.0.2,1EF72A62-B7C3-C88D-164E-CE6F8C8424AE,1ZN7L4R0H1D00F,1W9DL31001461C,,1ZMLH8300204F0,1W9DL31001461C,,,,,
2023-11-01,11:32:47.36 AM,8m 25.0s,505.0,33.7971985445186,-117.4760030630111,44.2,137.7,15.4,1308,4293.9,7.161702,7.569323,-7.158208,2.23694,0.223694,1.342164,0,0.894776,-2.3,0.1,2.3,178.2,178.2,177.8,Tripod,Other,,23,5,True,,True,False,,Smart,RC,False,True,False,,,True,,False,False,False,False,False,False,False,False,False,False,0,Follow Yaw,-77.9,0,170.1,170.1,False,False,False,False,False,,0,0,False,False,No Card,100,100,1024,1393,987,1024,2,False,False,False,False,False,0,False,False,False,False,73,,46.656,,3639,,4986,,46.656,,True,3.892,3.892,3.892,3.892,3.892,3.892,3.892,3.892,3.892,3.892,3.892,3.892,0,,False,False,True,,,,,,,,,,,,,,,False,False,9.496,,101.3,,75.7,,101.3,,1391,110,4,22,7,143471.7,19129.56,,Idle,,20,,10,,,20,Go Home,False,False,False,False,False,False,False,False,False,False,False,False,33.8027920380556,-117.4659261431046,3673.7,3673.7,1049.4,396.9,True,1,1,False,False,False,False,,True,False,False,Course Lock,196.8,67,16.4,93,N,S,2.68,11.4,Calm,False,False,Android,7.0.2,M300 RTK,1ZN7L4R0H1D00F,1W9DL31001461C,1ZMLH8300204F0,1Z6PH74DAP0QN7,"Corona, CA",728.3,5.7,137.7,8.547347,2.013246,0,0,DJI Matrice 300 RTK,M300 RTK,1ZN7L4R0H1D00F,1W9DL31001461C,1ZMLH8300204F0,1Z6PH74DAP0QN7,DJI Pilot,Android,7.0.2,1EF72A62-B7C3-C88D-164E-CE6F8C8424AE,1ZN7L4R0H1D00F,1W9DL31001461C,,1ZMLH8300204F0,1W9DL31001461C,,,,,
2023-11-01,11:32:47.46 AM,8m 25.1s,505.1,33.7971952947172,-117.4760027615972,44.2,137.7,15.4,1308,4295.1,7.161702,7.569323,-7.158208,2.23694,0.223694,1.342164,0,0.894776,-2.3,0.1,2.3,178.2,178.2,175.5,Tripod,Other,,23,5,True,,True,False,,Smart,RC,False,True,False,,,True,,False,False,False,False,False,False,False,False,False,False,0,Follow Yaw,-77.9,0,170.1,170.1,False,False,False,False,False,,0,0,False,False,No Card,100,100,1024,1393,989,1024,2,False,False,False,False,False,0,False,False,False,False,73,,46.656,,3639,,4986,,46.656,,True,3.892,3.892,3.892,3.892,3.892,3.892,3.892,3.892,3.892,3.892,3.892,3.892,0,,False,False,True,,,,,,,,,,,,,,,False,False,9.496,,101.3,,75.7,,101.3,,1391,110,4,22,7,143471.7,19129.56,,Idle,,20,,10,,,20,Go Home,False,False,False,False,False,False,False,False,False,False,False,False,33.8027920380556,-117.4659261431046,3674.2,3674.2,1049.4,396.9,True,1,1,False,False,False,False,,True,False,False,Course Lock,196.8,67,16.4,93,N,S,2.68,11.4,Calm,False,False,Android,7.0.2,M300 RTK,1ZN7L4R0H1D00F,1W9DL31001461C,1ZMLH8300204F0,1Z6PH74DAP0QN7,"Corona, CA",728.3,5.7,137.7,8.547347,2.013246,0,0,DJI Matrice 300 RTK,M300 RTK,1ZN7L4R0H1D00F,1W9DL31001461C,1ZMLH8300204F0,1Z6PH74DAP0QN7,DJI Pilot,Android,7.0.2,1EF72A62-B7C3-C88D-164E-CE6F8C8424AE,1ZN7L4R0H1D00F,1W9DL31001461C,,1ZMLH8300204F0,1W9DL31001461C,,,,,
2023-11-01,11:32:47.56 AM,8m 25.2s,505.2,33.7971923448131,-117.4760026045816,44.2,137.7,15.4,1308,4296.2,7.161702,7.569323,-7.158208,2.23694,0.223694,1.342164,0,0.894776,-2.3,0.2,2.3,178.2,178.2,177.4,Tripod,Other,,23,5,True,,True,False,,Smart,RC,False,True,False,,,True,,False,False,False,False,False,False,False,False,False,False,0,Follow Yaw,-77.9,0,170.1,170.1,False,False,False,False,False,,0,0,False,False,No Card,100,100,1024,1393,990,1024,2,False,False,False,False,False,0,False,False,False,False,73,,46.656,,3639,,4986,,46.656,,True,3.892,3.892,3.892,3.892,3.892,3.892,3.892,3.892,3.892,3.892,3.892,3.892,0,,False,False,True,,,,,,,,,,,,,,,False,False,9.496,,101.3,,75.7,,101.3,,1391,110,4,22,7,143471.7,19129.56,,Idle,,20,,10,,,20,Go Home,False,False,False,False,False,False,False,False,False,False,False,False,33.8027920380556,-117.4659261431046,3674.8,3674.8,1049.4,396.9,True,1,1,False,False,False,False,,True,False,False,Course Lock,196.8,67,16.4,93,N,S,2.68,11.4,Calm,False,False,Android,7.0.2,M300 RTK,1ZN7L4R0H1D00F,1W9DL31001461C,1ZMLH8300204F0,1Z6PH74DAP0QN7,"Corona, CA",728.3,5.7,137.7,8.547347,2.013246,0,0,DJI Matrice 300 RTK,M300 RTK,1ZN7L4R0H1D00F,1W9DL31001461C,1ZMLH8300204F0,1Z6PH74DAP0QN7,DJI Pilot,Android,7.0.2,1EF72A62-B7C3-C88D-164E-CE6F8C8424AE,1ZN7L4R0H1D00F,1W9DL31001461C,,1ZMLH8300204F0,1W9DL31001461C,,,,,
2023-11-01,11:32:47.67 AM,8m 25.3s,505.3,33.7971897836242,-117.4760024431953,44.2,137.7,15.4,1308,4297.1,7.161702,7.569323,-7.158208,2.23694,0.223694,1.342164,0,0.894776,-2.3,0.3,2.3,178.2,178.2,177.0,Tripod,Other,,23,5,True,,True,False,,Smart,RC,False,True,False,,,True,,False,False,False,False,False,False,False,False,False,False,0,Follow Yaw,-77.9,0,170.1,170.1,False,False,False,False,False,,0,0,False,False,No Card,100,100,1024,1396,988,1024,2,False,False,False,False,False,0,False,False,False,False,73,,46.656,,3639,,4986,,46.656,,True,3.891,3.891,3.891,3.891,3.891,3.891,3.891,3.891,3.891,3.891,3.891,3.891,0,,False,False,True,,,,,,,,,,,,,,,False,False,9.496,,101.3,,75.7,,101.3,,1390,110,4,22,7,143510.1,19134.69,,Idle,,20,,10,,,20,Go Home,False,False,False,False,False,False,False,False,False,False,False,False,33.8027920380556,-117.4659261431046,3675.3,3675.3,1049.4,396.9,True,1,1,False,False,False,False,,True,False,False,Course Lock,196.8,67,16.4,93,N,S,2.68,11.4,Calm,False,False,Android,7.0.2,M300 RTK,1ZN7L4R0H1D00F,1W9DL31001461C,1ZMLH8300204F0,1Z6PH74DAP0QN7,"Corona, CA",728.3,5.7,137.7,8.547347,2.013246,0,0,DJI Matrice 300 RTK,M300 RTK,1ZN7L4R0H1D00F,1W9DL31001461C,1ZMLH8300204F0,1Z6PH74DAP0QN7,DJI Pilot,Android,7.0.2,1EF72A62-B7C3-C88D-164E-CE6F8C8424AE,1ZN7L4R0H1D00F,1W9DL31001461C,,1ZMLH8300204F0,1W9DL31001461C,,,,,
2023-11-01,11:32:47.77 AM,8m 25.4s,505.4,33.7971868657932,-117.4760022851076,44.2,137.7,15.4,1308,4298.2,7.161702,7.569323,-7.158208,2.23694,0.223694,1.342164,0,0.894776,-2.3,0.4,2.3,178.2,178.2,177.4,Tripod,Other,,23,5,True,,True,False,,Smart,RC,False,True,False,,,True,,False,False,False,False,False,False,False,False,False,False,0,Follow Yaw,-77.9,0,170.1,170.1,False,False,False,False,False,,0,0,False,False,No Card,100,100,1024,1394,988,1024,2,False,False,False,False,False,0,False,False,False,False,73,,46.656,,3639,,4986,,46.656,,True,3.891,3.891,3.891,3.891,3.891,3.891,3.891,3.891,3.891,3.891,3.891,3.891,0,,False,False,True,,,,,,,,,,,,,,,False,False,9.496,,101.3,,75.7,,101.3,,1390,110,4,22,7,143510.1,19134.69,,Idle,,20,,10,,,20,Go Home,False,False,False,False,False,False,False,False,False,False,False,False,33.8027920380556,-117.4659261431046,3675.8,3675.8,1049.4,396.9,True,1,1,False,False,False,False,,True,False,False,Course Lock,196.8,67,16.4,93,N,S,2.68,11.4,Calm,False,False,Android,7.0.2,M300 RTK,1ZN7L4R0H1D00F,1W9DL31001461C,1ZMLH8300204F0,1Z6PH74DAP0QN7,"Corona, CA",728.3,5.7,137.7,8.547347,2.013246,0,0,DJI Matrice 300 RTK,M300 RTK,1ZN7L4R0H1D00F,1W9DL31001461C,1ZMLH8300204F0,1Z6PH74DAP0QN7,DJI Pilot,Android,7.0.2,1EF72A62-B7C3-C88D-164E-CE6F8C8424AE,1ZN7L4R0H1D00F,1W9DL31001461C,,1ZMLH8300204F0,1W9DL31001461C,,,,,
2023-11-01,11:32:47.87 AM,8m 25.5s,505.5,33.7971838490015,-117.4760021184434,44.2,137.7,15.4,1308,4299.3,7.161702,7.569323,-7.158208,2.23694,0.223694,1.342164,0,0.894776,-2.4,0.3,2.4,178.2,178.2,177.3,Tripod,Other,,23,5,True,,True,False,,Smart,RC,False,True,False,,,True,,False,False,False,False,False,False,False,False,False,False,0,Follow Yaw,-77.9,0,170.1,170.1,False,False,False,False,False,,0,0,False,False,No Card,100,100,1024,1394,988,1024,2,False,False,False,False,False,0,False,False,False,False,73,,46.656,,3639,,4986,,46.656,,True,3.891,3.891,3.891,3.891,3.891,3.891,3.891,3.891,3.891,3.891,3.891,3.891,0,,False,False,True,,,,,,,,,,,,,,,False,False,9.496,,101.3,,75.7,,101.3,,1390,110,4,22,7,143510.1,19134.69,,Idle,,20,,10,,,20,Go Home,False,False,False,False,False,False,False,False,False,False,False,False,33.8027920380556,-117.4659261431046,3676.4,3676.4,1049.4,396.9,True,1,1,False,False,False,False,,True,False,False,Course Lock,196.8,67,16.4,93,N,S,2.68,11.4,Calm,False,False,Android,7.0.2,M300 RTK,1ZN7L4R0H1D00F,1W9DL31001461C,1ZMLH8300204F0,1Z6PH74DAP0QN7,"Corona, CA",728.3,5.7,137.7,8.547347,2.013246,0,0,DJI Matrice 300 RTK,M300 RTK,1ZN7L4R0H1D00F,1W9DL31001461C,1ZMLH8300204F0,1Z6PH74DAP0QN7,DJI Pilot,Android,7.0.2,1EF72A62-B7C3-C88D-164E-CE6F8C8424AE,1ZN7L4R0H1D00F,1W9DL31001461C,,1ZMLH8300204F0,1W9DL31001461C,,,,,
2023-11-01,11:32:47.97 AM,8m 25.6s,505.6,33.7971809192459,-117.476001954913,44.2,137.7,15.4,1308,4300.3,7.161702,7.569323,-7.158208,2.23694,0.223694,1.342164,0,0.894776,-2.3,0.3,2.3,178.2,178.2,177.3,Tripod,Other,,23,5,True,,True,False,,Smart,RC,False,True,False,,,True,,False,False,False,False,False,False,False,False,False,False,0,Follow Yaw,-77.9,0,170.1,170.1,False,False,False,False,False,,0,0,False,False,No Card,100,100,1024,1394,988,1024,2,False,False,False,False,False,0,False,False,False,False,73,,46.656,,3639,,4986,,46.656,,True,3.891,3.891,3.891,3.891,3.891,3.891,3.891,3.891,3.891,3.891,3.891,3.891,0,,False,False,True,,,,,,,,,,,,,,,False,False,9.496,,101.3,,75.7,,101.3,,1390,110,4,22,7,143510.1,19134.69,,Idle,,20,,10,,,20,Go Home,False,False,False,False,False,False,False,False,False,False,False,False,33.8027920380556,-117.4659261431046,3676.9,3676.9,1049.4,396.9,True,1,1,False,False,False,False,,True,False,False,Course Lock,196.8,67,16.4,93,N,S,2.68,11.4,Calm,False,False,Android,7.0.2,M300 RTK,1ZN7L4R0H1D00F,1W9DL31001461C,1ZMLH8300204F0,1Z6PH74DAP0QN7,"Corona, CA",728.3,5.7,137.7,8.547347,2.013246,0,0,DJI Matrice 300 RTK,M300 RTK,1ZN7L4R0H1D00F,1W9DL31001461C,1ZMLH8300204F0,1Z6PH74DAP0QN7,DJI Pilot,Android,7.0.2,1EF72A62-B7C3-C88D-164E-CE6F8C8424AE,1ZN7L4R0H1D00F,1W9DL31001461C,,1ZMLH8300204F0,1W9DL31001461C,,,,,
2023-11-01,11:32:48.07 AM,8m 25.7s,505.7,33.7971782167434,-117.4760016643022,44.2,137.7,15.4,1308,4301.3,7.161702,7.569323,-7.158208,2.23694,0.223694,1.342164,0,0.894776,-2.3,0.3,2.3,178.2,178.2,174.8,Tripod,Other,,23,5,True,,True,False,,Smart,RC,False,True,False,,,True,,False,False,False,False,False,False,False,False,False,False,0,Follow Yaw,-77.9,0,170.1,170.1,False,False,False,False,False,,0,0,False,False,No Card,100,100,1024,1394,988,1024,2,False,False,False,False,False,0,False,False,False,False,73,,46.656,,3639,,4986,,46.656,,True,3.891,3.891,3.891,3.891,3.891,3.891,3.891,3.891,3.891,3.891,3.891,3.891,0,,False,False,True,,,,,,,,,,,,,,,False,False,9.496,,101.3,,75.7,,101.3,,1390,110,4,22,7,143510.1,19134.69,,Idle,,20,,10,,,20,Go Home,False,False,False,False,False,False,False,False,False,False,False,False,33.8027920380556,-117.4659261431046,3677.4,3677.4,1049.4,396.9,True,1,1,False,False,False,False,,True,False,False,Course Lock,196.8,67,16.4,93,N,S,2.46,11.4,Calm,False,False,Android,7.0.2,M300 RTK,1ZN7L4R0H1D00F,1W9DL31001461C,1ZMLH8300204F0,1Z6PH74DAP0QN7,"Corona, CA",728.3,5.7,137.7,8.547347,2.013246,0,0,DJI Matrice 300 RTK,M300 RTK,1ZN7L4R0H1D00F,1W9DL31001461C,1ZMLH8300204F0,1Z6PH74DAP0QN7,DJI Pilot,Android,7.0.2,1EF72A62-B7C3-C88D-164E-CE6F8C8424AE,1ZN7L4R0H1D00F,1W9DL31001461C,,1ZMLH8300204F0,1W9DL31001461C,,,,,
2023-11-01,11:32:48.18 AM,8m 25.8s,505.8,33.7971751396433,-117.4760014724034,44.2,137.7,15.4,1308,4302.5,7.161702,7.569323,-7.158208,2.23694,0.223694,1.342164,0,0.894776,-2.2,0.4,2.2,178.3,178.3,177.0,Tripod,Other,,23,5,True,,True,False,,Smart,RC,False,True,False,,,True,,False,False,False,False,False,False,False,False,False,False,0,Follow Yaw,-77.9,0,170.1,170.1,False,False,False,False,False,,0,0,False,False,No Card,100,100,1024,1394,987,1024,2,False,False,False,False,False,0,False,False,False,False,73,,46.656,,3639,,4986,,46.656,,True,3.891,3.891,3.891,3.891,3.891,3.891,3.891,3.891,3.891,3.891,3.891,3.891,0,,False,False,True,,,,,,,,,,,,,,,False,False,9.496,,101.3,,75.7,,101.3,,1390,110,4,22,7,143510.1,19134.69,,Idle,,20,,10,,,20,Go Home,False,False,False,False,False,False,False,False,False,False,False,False,33.8027920380556,-117.4659261431046,3678.0,3678.0,1049.4,396.9,True,1,1,False,False,False,False,,True,False,False,Course Lock,196.8,67,16.4,93,N,S,2.46,11.4,Calm,False,False,Android,7.0.2,M300 RTK,1ZN7L4R0H1D00F,1W9DL31001461C,1ZMLH8300204F0,1Z6PH74DAP0QN7,"Corona, CA",728.3,5.7,137.7,8.547347,2.013246,0,0,DJI Matrice 300 RTK,M300 RTK,1ZN7L4R0H1D00F,1W9DL31001461C,1ZMLH8300204F0,1Z6PH74DAP0QN7,DJI Pilot,Android,7.0.2,1EF72A62-B7C3-C88D-164E-CE6F8C8424AE,1ZN7L4R0H1D00F,1W9DL31001461C,,1ZMLH8300204F0,1W9DL31001461C,,,,,
2023-11-01,11:32:48.24 AM,8m 25.9s,505.9,33.797172269922,-117.4760013517554,44.2,137.7,15.4,1308,4303.5,7.161702,7.569323,-7.158208,2.23694,0.223694,1.342164,0,0.894776,-2.1,0.6,2.1,178.3,178.3,177.9,Tripod,Other,,23,5,True,,True,False,,Smart,RC,False,True,False,,,True,,False,False,False,False,False,False,False,False,False,False,0,Follow Yaw,-77.9,0,170.1,170.1,False,False,False,False,False,,0,0,False,False,No Card,100,100,1024,1394,987,1024,2,False,False,False,False,False,0,False,False,False,False,73,,46.656,,3639,,4986,,46.656,,True,3.891,3.891,3.891,3.891,3.891,3.891,3.891,3.891,3.891,3.891,3.891,3.891,0,,False,False,True,,,,,,,,,,,,,,,False,False,9.496,,101.3,,75.7,,101.3,,1390,110,4,22,7,143510.1,19134.69,,Idle,,20,,10,,,20,Go Home,False,False,False,False,False,False,False,False,False,False,False,False,33.8027920380556,-117.4659261431046,3678.6,3678.6,1049.4,396.9,True,1,1,False,False,False,False,,True,False,False,Course Lock,196.8,67,16.4,93,N,S,2.46,11.4,Calm,False,False,Android,7.0.2,M300 RTK,1ZN7L4R0H1D00F,1W9DL31001461C,1ZMLH8300204F0,1Z6PH74DAP0QN7,"Corona, CA",728.3,5.7,137.7,8.547347,2.013246,0,0,DJI Matrice 300 RTK,M300 RTK,1ZN7L4R0H1D00F,1W9DL31001461C,1ZMLH8300204F0,1Z6PH74DAP0QN7,DJI Pilot,Android,7.0.2,1EF72A62-B7C3-C88D-164E-CE6F8C8424AE,1ZN7L4R0H1D00F,1W9DL31001461C,,1ZMLH8300204F0,1W9DL31001461C,,,,,
2023-11-01,11:32:48.34 AM,8m 26.0s,506.0,33.7971693422224,-117.4760011810504,44.2,137.7,15.4,1308,4304.6,7.161702,7.569323,-7.158208,2.23694,0.223694,1.342164,0,0.894776,-1.9,0.7,2,178.3,178.3,177.2,Tripod,Other,,23,5,True,,True,False,,Smart,RC,False,True,False,,,True,,False,False,False,False,False,False,False,False,False,False,0,Follow Yaw,-77.9,0,170.1,170.1,False,False,False,False,False,,0,0,False,False,No Card,100,100,1024,1393,988,1024,2,False,False,False,False,False,0,False,False,False,False,73,,46.704,,7331,,10044,,46.704,,True,3.891,3.891,3.891,3.891,3.891,3.891,3.891,3.891,3.891,3.891,3.891,3.891,0,,False,False,True,,,,,,,,,,,,,,,False,False,18.998,,101.4,,75.7,,101.4,,1390,110,4,22,7,143510.1,19134.69,,Idle,,20,,10,,,20,Go Home,False,False,False,False,False,False,False,False,False,False,False,False,33.8027920380556,-117.4659261431046,3679.1,3679.1,1049.4,396.9,True,1,1,False,False,False,False,,True,False,False,Course Lock,196.8,67,16.4,93,N,S,2.68,11.4,Calm,False,False,Android,7.0.2,M300 RTK,1ZN7L4R0H1D00F,1W9DL31001461C,1ZMLH8300204F0,1Z6PH74DAP0QN7,"Corona, CA",728.3,5.7,137.7,8.547347,2.013246,0,0,DJI Matrice 300 RTK,M300 RTK,1ZN7L4R0H1D00F,1W9DL31001461C,1ZMLH8300204F0,1Z6PH74DAP0QN7,DJI Pilot,Android,7.0.2,1EF72A62-B7C3-C88D-164E-CE6F8C8424AE,1ZN7L4R0H1D00F,1W9DL31001461C,,1ZMLH8300204F0,1W9DL31001461C,,,,,
2023-11-01,11:32:48.44 AM,8m 26.1s,506.1,33.7971663143285,-117.4760010882759,44.2,137.7,15.4,1308,4305.7,7.161702,7.569323,-7.158208,2.23694,0.223694,1.342164,0,0.894776,-1.9,0.5,1.9,178.2,178.2,178.5,Tripod,Other,,23,5,True,,True,False,,Smart,RC,False,True,False,,,True,,False,False,False,False,False,False,False,False,False,False,0,Follow Yaw,-77.9,0,170.1,170.1,False,False,False,False,False,,0,0,False,False,No Card,100,100,1024,1394,988,1024,2,False,False,False,False,False,0,False,False,False,False,73,,46.704,,7331,,10044,,46.704,,True,3.891,3.891,3.891,3.891,3.891,3.891,3.891,3.891,3.891,3.891,3.891,3.891,0,,False,False,True,,,,,,,,,,,,,,,False,False,18.998,,101.4,,75.7,,101.4,,1390,110,4,22,7,143510.1,19134.69,,Idle,,20,,10,,,20,Go Home,False,False,False,False,False,False,False,False,False,False,False,False,33.8027920380556,-117.4659261431046,3679.7,3679.7,1049.4,396.9,True,1,1,False,False,False,False,,True,False,False,Course Lock,196.8,67,16.4,93,N,S,2.68,11.4,Calm,False,False,Android,7.0.2,M300 RTK,1ZN7L4R0H1D00F,1W9DL31001461C,1ZMLH8300204F0,1Z6PH74DAP0QN7,"Corona, CA",728.3,5.7,137.7,8.547347,2.013246,0,0,DJI Matrice 300 RTK,M300 RTK,1ZN7L4R0H1D00F,1W9DL31001461C,1ZMLH8300204F0,1Z6PH74DAP0QN7,DJI Pilot,Android,7.0.2,1EF72A62-B7C3-C88D-164E-CE6F8C8424AE,1ZN7L4R0H1D00F,1W9DL31001461C,,1ZMLH8300204F0,1W9DL31001461C,,,,,
2023-11-01,11:32:48.54 AM,8m 26.2s,506.2,33.7971635246529,-117.4760009378576,44.2,137.7,15.4,1308,4306.7,7.161702,7.569323,-7.158208,2.23694,0.223694,1.342164,0,0.894776,-1.9,0.1,1.9,178.1,178.1,177.4,Tripod,Other,,23,5,True,,True,False,,Smart,RC,False,True,False,,,True,,False,False,False,False,False,False,False,False,False,False,0,Follow Yaw,-77.9,0,170.1,170.1,False,False,False,False,False,,0,0,False,False,No Card,100,100,1024,1394,987,1024,2,False,False,False,False,False,0,False,False,False,False,73,,46.704,,7331,,10044,,46.704,,True,3.891,3.891,3.891,3.891,3.891,3.891,3.891,3.891,3.891,3.891,3.891,3.891,0,,False,False,True,,,,,,,,,,,,,,,False,False,18.998,,101.4,,75.7,,101.4,,1390,110,4,22,7,143510.1,19134.69,,Idle,,20,,10,,,20,Go Home,False,False,False,False,False,False,False,False,False,False,False,False,33.8027920380556,-117.4659261431046,3680.2,3680.2,1049.4,396.9,True,1,1,False,False,False,False,,True,False,False,Course Lock,196.8,67,16.4,93,N,S,2.68,11.4,Calm,False,False,Android,7.0.2,M300 RTK,1ZN7L4R0H1D00F,1W9DL31001461C,1ZMLH8300204F0,1Z6PH74DAP0QN7,"Corona, CA",728.3,5.7,137.7,8.547347,2.013246,0,0,DJI Matrice 300 RTK,M300 RTK,1ZN7L4R0H1D00F,1W9DL31001461C,1ZMLH8300204F0,1Z6PH74DAP0QN7,DJI Pilot,Android,7.0.2,1EF72A62-B7C3-C88D-164E-CE6F8C8424AE,1ZN7L4R0H1D00F,1W9DL31001461C,,1ZMLH8300204F0,1W9DL31001461C,,,,,
2023-11-01,11:32:48.64 AM,8m 26.3s,506.3,33.7971601490262,-117.4760008227348,44.2,137.7,15.4,1308,4307.9,7.161702,7.569323,-7.158208,2.23694,0.223694,1.342164,0,0.894776,-1.8,0,1.8,178.1,178.1,178.3,Tripod,Other,,23,5,True,,True,False,,Smart,RC,False,True,False,,,True,,False,False,False,False,False,False,False,False,False,False,0,Follow Yaw,-77.9,0,170.1,170.1,False,False,False,False,False,,0,0,False,False,No Card,100,100,1024,1394,988,1024,2,False,False,False,False,False,0,False,False,False,False,73,,46.704,,7331,,10044,,46.704,,True,3.892,3.892,3.892,3.892,3.892,3.892,3.892,3.892,3.892,3.892,3.892,3.892,0,,False,False,True,,,,,,,,,,,,,,,False,False,18.998,,101.4,,75.7,,101.4,,1389,110,4,22,7,143533.5,19137.80,,Idle,,20,,10,,,20,Go Home,False,False,False,False,False,False,False,False,False,False,False,False,33.8027920380556,-117.4659261431046,3680.9,3680.9,1049.4,396.9,True,1,1,False,False,False,False,,True,False,False,Course Lock,196.8,67,16.4,93,N,S,2.68,11.4,Calm,False,False,Android,7.0.2,M300 RTK,1ZN7L4R0H1D00F,1W9DL31001461C,1ZMLH8300204F0,1Z6PH74DAP0QN7,"Corona, CA",728.3,5.7,137.7,8.547347,2.013246,0,0,DJI Matrice 300 RTK,M300 RTK,1ZN7L4R0H1D00F,1W9DL31001461C,1ZMLH8300204F0,1Z6PH74DAP0QN7,DJI Pilot,Android,7.0.2,1EF72A62-B7C3-C88D-164E-CE6F8C8424AE,1ZN7L4R0H1D00F,1W9DL31001461C,,1ZMLH8300204F0,1W9DL31001461C,,,,,
2023-11-01,11:32:48.74 AM,8m 26.4s,506.4,33.7971571874716,-117.4760006566479,44.2,137.7,15.4,1308,4309.0,7.161702,7.569323,-7.158208,2.23694,0.223694,1.342164,0,0.894776,-1.6,0.2,1.6,178.1,178.1,177.3,Tripod,Other,,23,5,True,,True,False,,Smart,RC,False,True,False,,,True,,False,False,False,False,False,False,False,False,False,False,0,Follow Yaw,-77.9,0,170.1,170.1,False,False,False,False,False,,0,0,False,False,No Card,100,100,1024,1394,987,1024,2,False,False,False,False,False,0,False,False,False,False,73,,46.704,,7331,,10044,,46.704,,True,3.892,3.892,3.892,3.892,3.892,3.892,3.892,3.892,3.892,3.892,3.892,3.892,0,,False,False,True,,,,,,,,,,,,,,,False,False,18.998,,101.4,,75.7,,101.4,,1389,110,4,22,7,143533.5,19137.80,,Idle,,20,,10,,,20,Go Home,False,False,False,False,False,False,False,False,False,False,False,False,33.8027920380556,-117.4659261431046,3681.5,3681.5,1049.4,396.9,True,1,1,False,False,False,False,,True,False,False,Course Lock,196.8,67,16.4,93,N,S,2.68,11.4,Calm,False,False,Android,7.0.2,M300 RTK,1ZN7L4R0H1D00F,1W9DL31001461C,1ZMLH8300204F0,1Z6PH74DAP0QN7,"Corona, CA",728.3,5.7,137.7,8.547347,2.013246,0,0,DJI Matrice 300 RTK,M300 RTK,1ZN7L4R0H1D00F,1W9DL31001461C,1ZMLH8300204F0,1Z6PH74DAP0QN7,DJI Pilot,Android,7.0.2,1EF72A62-B7C3-C88D-164E-CE6F8C8424AE,1ZN7L4R0H1D00F,1W9DL31001461C,,1ZMLH8300204F0,1W9DL31001461C,,,,,
2023-11-01,11:32:48.84 AM,8m 26.5s,506.5,33.797154259909,-117.4760005081263,44.2,137.7,15.4,1308,4310.1,7.161702,7.569323,-7.158208,2.23694,0.223694,1.342164,0,0.894776,-1.6,0.4,1.6,178.2,178.2,177.5,Tripod,Other,,23,5,True,,True,False,,Smart,RC,False,True,False,,,True,,False,False,False,False,False,False,False,False,False,False,0,Follow Yaw,-77.9,0,170.1,170.1,False,False,False,False,False,,0,0,False,False,No Card,100,100,1024,1394,985,1024,2,False,False,False,False,False,0,False,False,False,False,73,,46.704,,7331,,10044,,46.704,,True,3.892,3.892,3.892,3.892,3.892,3.892,3.892,3.892,3.892,3.892,3.892,3.892,0,,False,False,True,,,,,,,,,,,,,,,False,False,18.998,,101.4,,75.7,,101.4,,1389,110,4,22,7,143533.5,19137.80,,Idle,,20,,10,,,20,Go Home,False,False,False,False,False,False,False,False,False,False,False,False,33.8027920380556,-117.4659261431046,3682.0,3682.0,1049.4,396.9,True,1,1,False,False,False,False,,True,False,False,Course Lock,196.8,67,16.4,93,N,S,2.68,11.4,Calm,False,False,Android,7.0.2,M300 RTK,1ZN7L4R0H1D00F,1W9DL31001461C,1ZMLH8300204F0,1Z6PH74DAP0QN7,"Corona, CA",728.3,5.7,137.7,8.547347,2.013246,0,0,DJI Matrice 300 RTK,M300 RTK,1ZN7L4R0H1D00F,1W9DL31001461C,1ZMLH8300204F0,1Z6PH74DAP0QN7,DJI Pilot,Android,7.0.2,1EF72A62-B7C3-C88D-164E-CE6F8C8424AE,1ZN7L4R0H1D00F,1W9DL31001461C,,1ZMLH8300204F0,1W9DL31001461C,,,,,
2023-11-01,11:32:48.94 AM,8m 26.6s,506.6,33.7971514581717,-117.4760003493789,44.2,137.7,15.4,1308,4311.1,7.161702,7.569323,-7.158208,2.23694,0.223694,1.342164,0,0.894776,-1.7,0.5,1.7,178.2,178.2,177.3,Tripod,Other,,23,5,True,,True,False,,Smart,RC,False,True,False,,,True,,False,False,False,False,False,False,False,False,False,False,0,Follow Yaw,-77.9,0,170.1,170.1,False,False,False,False,False,,0,0,False,False,No Card,100,100,1024,1394,985,1024,2,False,False,False,False,False,0,False,False,False,False,73,,46.704,,7331,,10044,,46.704,,True,3.892,3.892,3.892,3.892,3.892,3.892,3.892,3.892,3.892,3.892,3.892,3.892,0,,False,False,True,,,,,,,,,,,,,,,False,False,18.998,,101.4,,75.7,,101.4,,1389,110,4,22,7,143533.5,19137.80,,Idle,,20,,10,,,20,Go Home,False,False,False,False,False,False,False,False,False,False,False,False,33.8027920380556,-117.4659261431046,3682.5,3682.5,1049.4,396.9,True,1,1,False,False,False,False,,True,False,False,Course Lock,196.8,67,16.4,93,N,S,2.68,11.4,Calm,False,False,Android,7.0.2,M300 RTK,1ZN7L4R0H1D00F,1W9DL31001461C,1ZMLH8300204F0,1Z6PH74DAP0QN7,"Corona, CA",728.3,5.7,137.7,8.547347,2.013246,0,0,DJI Matrice 300 RTK,M300 RTK,1ZN7L4R0H1D00F,1W9DL31001461C,1ZMLH8300204F0,1Z6PH74DAP0QN7,DJI Pilot,Android,7.0.2,1EF72A62-B7C3-C88D-164E-CE6F8C8424AE,1ZN7L4R0H1D00F,1W9DL31001461C,,1ZMLH8300204F0,1W9DL31001461C,,,,,
2023-11-01,11:32:49.04 AM,8m 26.7s,506.7,33.7971487899353,-117.4760000474702,44.2,137.7,15.4,1308,4312.1,7.161702,7.569323,-7.158208,2.23694,0.223694,1.342164,0,0.894776,-1.7,0.4,1.7,178.1,178.1,174.6,Tripod,Other,,23,5,True,,True,False,,Smart,RC,False,True,False,,,True,,False,False,False,False,False,False,False,False,False,False,0,Follow Yaw,-77.9,0,170.1,170.1,False,False,False,False,False,,0,0,False,False,No Card,100,100,1024,1394,985,1024,2,False,False,False,False,False,0,False,False,False,False,73,,46.644,,3639,,4986,,46.644,,True,3.892,3.892,3.892,3.892,3.892,3.892,3.892,3.892,3.892,3.892,3.892,3.892,0,,False,False,True,,,,,,,,,,,,,,,False,False,9.768,,101.3,,75.7,,101.4,,1389,110,4,22,7,143533.5,19137.80,,Idle,,20,,10,,,20,Go Home,False,False,False,False,False,False,False,False,False,False,False,False,33.8027920380556,-117.4659261431046,3683.0,3683.0,1049.4,396.9,True,1,1,False,False,False,False,,True,False,False,Course Lock,196.8,67,16.4,93,N,S,2.68,11.4,Calm,False,False,Android,7.0.2,M300 RTK,1ZN7L4R0H1D00F,1W9DL31001461C,1ZMLH8300204F0,1Z6PH74DAP0QN7,"Corona, CA",728.3,5.7,137.7,8.547347,2.013246,0,0,DJI Matrice 300 RTK,M300 RTK,1ZN7L4R0H1D00F,1W9DL31001461C,1ZMLH8300204F0,1Z6PH74DAP0QN7,DJI Pilot,Android,7.0.2,1EF72A62-B7C3-C88D-164E-CE6F8C8424AE,1ZN7L4R0H1D00F,1W9DL31001461C,,1ZMLH8300204F0,1W9DL31001461C,,,,,
2023-11-01,11:32:49.11 AM,8m 26.8s,506.8,33.7971457305166,-117.4759998634057,44.2,137.7,15.4,1308,4313.2,7.161702,7.569323,-7.158208,2.23694,0.223694,1.342164,0,0.894776,-1.8,0.3,1.8,178.1,178.1,177.1,Tripod,Other,,23,5,True,,True,False,,Smart,RC,False,True,False,,,True,,False,False,False,False,False,False,False,False,False,False,0,Follow Yaw,-77.9,0,170.1,170.1,False,False,False,False,False,,0,0,False,False,No Card,100,100,1024,1394,985,1024,2,False,False,False,False,False,0,False,False,False,False,73,,46.644,,3639,,4986,,46.644,,True,3.892,3.892,3.892,3.892,3.892,3.892,3.892,3.892,3.892,3.892,3.892,3.892,0,,False,False,True,,,,,,,,,,,,,,,False,False,9.768,,101.3,,75.7,,101.4,,1389,110,4,22,7,143533.5,19137.80,,Idle,,20,,10,,,20,Go Home,False,False,False,False,False,False,False,False,False,False,False,False,33.8027920380556,-117.4659261431046,3683.6,3683.6,1049.4,396.9,True,1,1,False,False,False,False,,True,False,False,Course Lock,196.8,67,16.4,93,N,S,2.68,11.4,Calm,False,False,Android,7.0.2,M300 RTK,1ZN7L4R0H1D00F,1W9DL31001461C,1ZMLH8300204F0,1Z6PH74DAP0QN7,"Corona, CA",728.3,5.7,137.7,8.547347,2.013246,0,0,DJI Matrice 300 RTK,M300 RTK,1ZN7L4R0H1D00F,1W9DL31001461C,1ZMLH8300204F0,1Z6PH74DAP0QN7,DJI Pilot,Android,7.0.2,1EF72A62-B7C3-C88D-164E-CE6F8C8424AE,1ZN7L4R0H1D00F,1W9DL31001461C,,1ZMLH8300204F0,1W9DL31001461C,,,,,
2023-11-01,11:32:49.24 AM,8m 26.9s,506.9,33.7971427701956,-117.4759999317701,44.2,137.7,15.4,1308,4314.3,7.161702,7.569323,-7.158208,2.23694,0.223694,1.342164,0,0.894776,-2,0.3,2,178.2,178.2,181.0,Tripod,Other,,23,5,True,,True,False,,Smart,RC,False,True,False,,,True,,False,False,False,False,False,False,False,False,False,False,0,Follow Yaw,-77.9,0,170.1,170.1,False,False,False,False,False,,0,0,False,False,No Card,100,100,1024,1393,985,1024,2,False,False,False,False,False,0,False,False,False,False,73,,46.644,,3639,,4986,,46.644,,True,3.892,3.892,3.892,3.892,3.892,3.892,3.892,3.892,3.892,3.892,3.892,3.892,0,,False,False,True,,,,,,,,,,,,,,,False,False,9.768,,101.3,,75.7,,101.4,,1389,110,4,22,7,143533.5,19137.80,,Idle,,20,,10,,,20,Go Home,False,False,False,False,False,False,False,False,False,False,False,False,33.8027920380556,-117.4659261431046,3684.2,3684.2,1049.4,396.9,True,1,1,False,False,False,False,,True,False,False,Course Lock,196.8,67,16.4,93,N,S,2.68,11.4,Calm,False,False,Android,7.0.2,M300 RTK,1ZN7L4R0H1D00F,1W9DL31001461C,1ZMLH8300204F0,1Z6PH74DAP0QN7,"Corona, CA",728.3,5.7,137.7,8.547347,2.013246,0,0,DJI Matrice 300 RTK,M300 RTK,1ZN7L4R0H1D00F,1W9DL31001461C,1ZMLH8300204F0,1Z6PH74DAP0QN7,DJI Pilot,Android,7.0.2,1EF72A62-B7C3-C88D-164E-CE6F8C8424AE,1ZN7L4R0H1D00F,1W9DL31001461C,,1ZMLH8300204F0,1W9DL31001461C,,,,,
2023-11-01,11:32:49.32 AM,8m 27.0s,507.0,33.7971398559283,-117.4759997731876,44.2,137.7,15.4,1308,4315.3,7.161702,7.569323,-7.158208,2.23694,0.223694,1.342164,0,0.894776,-2.1,0.3,2.1,178.2,178.2,177.4,Tripod,Other,,23,5,True,,True,False,,Smart,RC,False,True,False,,,True,,False,False,False,False,False,False,False,False,False,False,0,Follow Yaw,-77.9,0,170.1,170.1,False,False,False,False,False,,0,0,False,False,No Card,100,100,1024,1393,987,1024,2,False,False,False,False,False,0,False,False,False,False,73,,46.692,,7331,,10044,,46.692,,True,3.892,3.892,3.892,3.892,3.892,3.892,3.892,3.892,3.892,3.892,3.892,3.892,0,,False,False,True,,,,,,,,,,,,,,,False,False,19.342,,101.4,,75.7,,101.4,,1389,110,4,22,7,143533.5,19137.80,,Idle,,20,,10,,,20,Go Home,False,False,False,False,False,False,False,False,False,False,False,False,33.8027920380556,-117.4659261431046,3684.8,3684.8,1049.4,396.9,True,1,1,False,False,False,False,,True,False,False,Course Lock,196.8,67,16.4,93,N,S,2.68,11.4,Calm,False,False,Android,7.0.2,M300 RTK,1ZN7L4R0H1D00F,1W9DL31001461C,1ZMLH8300204F0,1Z6PH74DAP0QN7,"Corona, CA",728.3,5.7,137.7,8.547347,2.013246,0,0,DJI Matrice 300 RTK,M300 RTK,1ZN7L4R0H1D00F,1W9DL31001461C,1ZMLH8300204F0,1Z6PH74DAP0QN7,DJI Pilot,Android,7.0.2,1EF72A62-B7C3-C88D-164E-CE6F8C8424AE,1ZN7L4R0H1D00F,1W9DL31001461C,,1ZMLH8300204F0,1W9DL31001461C,,,,,
2023-11-01,11:32:49.42 AM,8m 27.1s,507.1,33.7971367840367,-117.4759996337373,44.2,137.7,15.4,1308,4316.5,7.161702,7.569323,-7.158208,2.23694,0.223694,1.342164,0,0.894776,-2.1,0.4,2.1,178.2,178.2,177.8,Tripod,Other,,23,5,True,,True,False,,Smart,RC,False,True,False,,,True,,False,False,False,False,False,False,False,False,False,False,0,Follow Yaw,-77.9,0,170.1,170.1,False,False,False,False,False,,0,0,False,False,No Card,100,100,1024,1400,993,1024,2,False,False,False,False,False,0,False,False,False,False,73,,46.692,,7331,,10044,,46.692,,True,3.892,3.892,3.892,3.892,3.892,3.892,3.892,3.892,3.892,3.892,3.892,3.892,0,,False,False,True,,,,,,,,,,,,,,,False,False,19.342,,101.4,,75.7,,101.4,,1389,110,4,22,7,143533.5,19137.80,,Idle,,20,,10,,,20,Go Home,False,False,False,False,False,False,False,False,False,False,False,False,33.8027920380556,-117.4659261431046,3685.4,3685.4,1049.4,396.9,True,1,1,False,False,False,False,,True,False,False,Course Lock,196.8,67,16.4,93,N,S,2.68,11.4,Calm,False,False,Android,7.0.2,M300 RTK,1ZN7L4R0H1D00F,1W9DL31001461C,1ZMLH8300204F0,1Z6PH74DAP0QN7,"Corona, CA",728.3,5.7,137.7,8.547347,2.013246,0,0,DJI Matrice 300 RTK,M300 RTK,1ZN7L4R0H1D00F,1W9DL31001461C,1ZMLH8300204F0,1Z6PH74DAP0QN7,DJI Pilot,Android,7.0.2,1EF72A62-B7C3-C88D-164E-CE6F8C8424AE,1ZN7L4R0H1D00F,1W9DL31001461C,,1ZMLH8300204F0,1W9DL31001461C,,,,,
2023-11-01,11:32:49.54 AM,8m 27.2s,507.2,33.797133692956,-117.4759994666608,44.2,137.7,15.4,1308,4317.6,7.161702,7.569323,-7.158208,2.23694,0.223694,1.342164,0,0.894776,-2,0.4,2,178.2,178.2,177.4,Tripod,Other,,23,5,True,,True,False,,Smart,RC,False,True,False,,,True,,False,False,False,False,False,False,False,False,False,False,0,Follow Yaw,-77.9,0,170.1,170.1,False,False,False,False,False,,0,0,False,False,No Card,100,100,1024,1401,988,1024,2,False,False,False,False,False,0,False,False,False,False,73,,46.692,,7331,,10044,,46.692,,True,3.892,3.892,3.892,3.892,3.892,3.892,3.892,3.892,3.892,3.892,3.892,3.892,0,,False,False,True,,,,,,,,,,,,,,,False,False,19.342,,101.4,,75.7,,101.4,,1389,110,4,22,7,143533.5,19137.80,,Idle,,20,,10,,,20,Go Home,False,False,False,False,False,False,False,False,False,False,False,False,33.8027920380556,-117.4659261431046,3685.9,3685.9,1049.4,396.9,True,1,1,False,False,False,False,,True,False,False,Course Lock,196.8,67,16.4,93,N,S,2.68,11.4,Calm,False,False,Android,7.0.2,M300 RTK,1ZN7L4R0H1D00F,1W9DL31001461C,1ZMLH8300204F0,1Z6PH74DAP0QN7,"Corona, CA",728.3,5.7,137.7,8.547347,2.013246,0,0,DJI Matrice 300 RTK,M300 RTK,1ZN7L4R0H1D00F,1W9DL31001461C,1ZMLH8300204F0,1Z6PH74DAP0QN7,DJI Pilot,Android,7.0.2,1EF72A62-B7C3-C88D-164E-CE6F8C8424AE,1ZN7L4R0H1D00F,1W9DL31001461C,,1ZMLH8300204F0,1W9DL31001461C,,,,,
2023-11-01,11:32:49.63 AM,8m 27.3s,507.3,33.7971308753192,-117.4759991683807,44.2,137.7,15.4,1308,4318.6,7.161702,7.569323,-7.158208,2.23694,0.223694,1.342164,0,0.894776,-2,0.5,2,178.2,178.2,174.9,Tripod,Other,,23,5,True,,True,False,,Smart,RC,False,True,False,,,True,,False,False,False,False,False,False,False,False,False,False,0,Follow Yaw,-77.9,0,170.1,170.1,False,False,False,False,False,,0,0,False,False,No Card,100,100,1024,1400,984,1024,2,False,False,False,False,False,0,False,False,False,False,73,,46.692,,7331,,10044,,46.692,,True,3.894,3.894,3.894,3.894,3.894,3.894,3.894,3.894,3.894,3.894,3.894,3.894,0,,False,False,True,,,,,,,,,,,,,,,False,False,19.342,,101.4,,75.7,,101.4,,1387,110,4,21,7,143538.9,19138.52,,Idle,,20,,10,,,20,Go Home,False,False,False,False,False,False,False,False,False,False,False,False,33.8027920380556,-117.4659261431046,3686.4,3686.4,1049.4,396.9,True,1,1,False,False,False,False,,True,False,False,Course Lock,196.8,67,16.4,93,N,S,2.68,11.4,Calm,False,False,Android,7.0.2,M300 RTK,1ZN7L4R0H1D00F,1W9DL31001461C,1ZMLH8300204F0,1Z6PH74DAP0QN7,"Corona, CA",728.3,5.7,137.7,8.547347,2.013246,0,0,DJI Matrice 300 RTK,M300 RTK,1ZN7L4R0H1D00F,1W9DL31001461C,1ZMLH8300204F0,1Z6PH74DAP0QN7,DJI Pilot,Android,7.0.2,1EF72A62-B7C3-C88D-164E-CE6F8C8424AE,1ZN7L4R0H1D00F,1W9DL31001461C,,1ZMLH8300204F0,1W9DL31001461C,,,,,
2023-11-01,11:32:49.74 AM,8m 27.4s,507.4,33.7971279424111,-117.4759989934699,44.2,137.7,15.4,1308,4319.7,7.161702,7.569323,-7.158208,2.23694,0.223694,1.342164,0,0.894776,-2.1,0.6,2.1,178.2,178.2,177.1,Tripod,Other,,23,5,True,,True,False,,Smart,RC,False,True,False,,,True,,False,False,False,False,False,False,False,False,False,False,0,Follow Yaw,-77.9,0,170.1,170.1,False,False,False,False,False,,0,0,False,False,No Card,100,100,1024,1368,990,1024,2,False,False,False,False,False,0,False,False,False,False,73,,46.692,,7331,,10044,,46.692,,True,3.894,3.894,3.894,3.894,3.894,3.894,3.894,3.894,3.894,3.894,3.894,3.894,0,,False,False,True,,,,,,,,,,,,,,,False,False,19.342,,101.4,,75.7,,101.4,,1387,110,4,21,7,143538.9,19138.52,,Idle,,20,,10,,,20,Go Home,False,False,False,False,False,False,False,False,False,False,False,False,33.8027920380556,-117.4659261431046,3687.0,3687.0,1049.4,396.9,True,1,1,False,False,False,False,,True,False,False,Course Lock,196.8,67,16.4,93,N,S,2.68,11.4,Calm,False,False,Android,7.0.2,M300 RTK,1ZN7L4R0H1D00F,1W9DL31001461C,1ZMLH8300204F0,1Z6PH74DAP0QN7,"Corona, CA",728.3,5.7,137.7,8.547347,2.013246,0,0,DJI Matrice 300 RTK,M300 RTK,1ZN7L4R0H1D00F,1W9DL31001461C,1ZMLH8300204F0,1Z6PH74DAP0QN7,DJI Pilot,Android,7.0.2,1EF72A62-B7C3-C88D-164E-CE6F8C8424AE,1ZN7L4R0H1D00F,1W9DL31001461C,,1ZMLH8300204F0,1W9DL31001461C,,,,,
2023-11-01,11:32:49.83 AM,8m 27.5s,507.5,33.7971249505653,-117.4759988728219,44.2,137.7,15.4,1308,4320.8,7.161702,7.569323,-7.158208,2.23694,0.223694,1.342164,0,0.894776,-2.3,0.7,2.4,178.3,178.3,178.0,Tripod,Other,,23,5,True,,True,False,,Smart,RC,False,True,False,,,True,,False,False,False,False,False,False,False,False,False,False,0,Follow Yaw,-77.9,0,170.1,170.1,False,False,False,False,False,,0,0,False,False,No Card,100,100,1024,1371,984,1024,2,False,False,False,False,False,0,False,False,False,False,73,,46.692,,7331,,10044,,46.692,,True,3.894,3.894,3.894,3.894,3.894,3.894,3.894,3.894,3.894,3.894,3.894,3.894,0,,False,False,True,,,,,,,,,,,,,,,False,False,19.342,,101.4,,75.7,,101.4,,1387,110,4,21,7,143538.9,19138.52,,Idle,,20,,10,,,20,Go Home,False,False,False,False,False,False,False,False,False,False,False,False,33.8027920380556,-117.4659261431046,3687.6,3687.6,1049.4,396.9,True,1,1,False,False,False,False,,True,False,False,Course Lock,196.8,67,16.4,93,N,S,2.68,11.4,Calm,False,False,Android,7.0.2,M300 RTK,1ZN7L4R0H1D00F,1W9DL31001461C,1ZMLH8300204F0,1Z6PH74DAP0QN7,"Corona, CA",728.3,5.7,137.7,8.547347,2.013246,0,0,DJI Matrice 300 RTK,M300 RTK,1ZN7L4R0H1D00F,1W9DL31001461C,1ZMLH8300204F0,1Z6PH74DAP0QN7,DJI Pilot,Android,7.0.2,1EF72A62-B7C3-C88D-164E-CE6F8C8424AE,1ZN7L4R0H1D00F,1W9DL31001461C,,1ZMLH8300204F0,1W9DL31001461C,,,,,
2023-11-01,11:32:49.94 AM,8m 27.6s,507.6,33.797122006829,-117.4759987013747,44.2,137.7,15.4,1308,4321.9,7.161702,7.569323,-7.158208,2.23694,0.223694,1.342164,0,0.894776,-2.2,0.7,2.3,178.3,178.3,177.2,Tripod,Other,,23,5,True,,True,False,,Smart,RC,False,True,False,,,True,,False,False,False,False,False,False,False,False,False,False,0,Follow Yaw,-77.9,0,170.1,170.1,False,False,False,False,False,,0,0,False,False,No Card,100,100,1024,1378,987,1024,2,False,False,False,False,False,0,False,False,False,False,73,,46.692,,7331,,10044,,46.692,,True,3.894,3.894,3.894,3.894,3.894,3.894,3.894,3.894,3.894,3.894,3.894,3.894,0,,False,False,True,,,,,,,,,,,,,,,False,False,19.342,,101.4,,75.7,,101.4,,1387,110,4,21,7,143538.9,19138.52,,Idle,,20,,10,,,20,Go Home,False,False,False,False,False,False,False,False,False,False,False,False,33.8027920380556,-117.4659261431046,3688.1,3688.1,1049.4,396.9,True,1,1,False,False,False,False,,True,False,False,Course Lock,196.8,67,16.4,93,N,S,2.68,11.4,Calm,False,False,Android,7.0.2,M300 RTK,1ZN7L4R0H1D00F,1W9DL31001461C,1ZMLH8300204F0,1Z6PH74DAP0QN7,"Corona, CA",728.3,5.7,137.7,8.547347,2.013246,0,0,DJI Matrice 300 RTK,M300 RTK,1ZN7L4R0H1D00F,1W9DL31001461C,1ZMLH8300204F0,1Z6PH74DAP0QN7,DJI Pilot,Android,7.0.2,1EF72A62-B7C3-C88D-164E-CE6F8C8424AE,1ZN7L4R0H1D00F,1W9DL31001461C,,1ZMLH8300204F0,1W9DL31001461C,,,,,
2023-11-01,11:32:50.04 AM,8m 27.7s,507.7,33.7971191658913,-117.4759985949108,44.2,137.7,15.4,1308,4322.9,7.161702,7.569323,-7.158208,2.23694,0.223694,1.342164,0,0.894776,-2,0.5,2,178.2,178.2,178.2,Tripod,Other,,23,5,True,,True,False,,Smart,RC,False,True,False,,,True,,False,False,False,False,False,False,False,False,False,False,0,Follow Yaw,-77.9,0,170.1,170.1,False,False,False,False,False,,0,0,False,False,No Card,100,100,1024,1389,997,1024,2,False,False,False,False,False,0,False,False,False,False,73,,46.692,,7331,,10044,,46.692,,True,3.894,3.894,3.894,3.894,3.894,3.894,3.894,3.894,3.894,3.894,3.894,3.894,0,,False,False,True,,,,,,,,,,,,,,,False,False,19.342,,101.4,,75.7,,101.4,,1387,110,4,21,7,143538.9,19138.52,,Idle,,20,,10,,,20,Go Home,False,False,False,False,False,False,False,False,False,False,False,False,33.8027920380556,-117.4659261431046,3688.7,3688.7,1049.4,396.9,True,1,1,False,False,False,False,,True,False,False,Course Lock,196.8,67,16.4,93,N,S,2.68,11.4,Calm,False,False,Android,7.0.2,M300 RTK,1ZN7L4R0H1D00F,1W9DL31001461C,1ZMLH8300204F0,1Z6PH74DAP0QN7,"Corona, CA",728.3,5.7,137.7,8.547347,2.013246,0,0,DJI Matrice 300 RTK,M300 RTK,1ZN7L4R0H1D00F,1W9DL31001461C,1ZMLH8300204F0,1Z6PH74DAP0QN7,DJI Pilot,Android,7.0.2,1EF72A62-B7C3-C88D-164E-CE6F8C8424AE,1ZN7L4R0H1D00F,1W9DL31001461C,,1ZMLH8300204F0,1W9DL31001461C,,,,,
2023-11-01,11:32:50.15 AM,8m 27.8s,507.8,33.7971162142053,-117.4759984332771,44.2,137.7,15.4,1308,4324.0,7.161702,7.569323,-7.158208,2.23694,0.223694,1.342164,0,0.894776,-1.7,0.4,1.7,178.2,178.2,177.3,Tripod,Other,,23,5,True,,True,False,,Smart,RC,False,True,False,,,True,,False,False,False,False,False,False,False,False,False,False,0,Follow Yaw,-77.9,0,170.1,170.1,False,False,False,False,False,,0,0,False,False,No Card,100,100,1024,1387,1024,1024,2,False,False,False,False,False,0,False,False,False,False,73,,46.692,,7331,,10044,,46.692,,True,3.894,3.894,3.894,3.894,3.894,3.894,3.894,3.894,3.894,3.894,3.894,3.894,0,,False,False,True,,,,,,,,,,,,,,,False,False,19.342,,101.4,,75.7,,101.4,,1387,110,4,21,7,143538.9,19138.52,,Idle,,20,,10,,,20,Go Home,False,False,False,False,False,False,False,False,False,False,False,False,33.8027920380556,-117.4659261431046,3689.3,3689.3,1049.4,396.9,True,1,1,False,False,False,False,,True,False,False,Course Lock,196.8,67,16.4,93,N,S,2.68,11.4,Calm,False,False,Android,7.0.2,M300 RTK,1ZN7L4R0H1D00F,1W9DL31001461C,1ZMLH8300204F0,1Z6PH74DAP0QN7,"Corona, CA",728.3,5.7,137.7,8.547347,2.013246,0,0,DJI Matrice 300 RTK,M300 RTK,1ZN7L4R0H1D00F,1W9DL31001461C,1ZMLH8300204F0,1Z6PH74DAP0QN7,DJI Pilot,Android,7.0.2,1EF72A62-B7C3-C88D-164E-CE6F8C8424AE,1ZN7L4R0H1D00F,1W9DL31001461C,,1ZMLH8300204F0,1W9DL31001461C,,,,,
2023-11-01,11:32:50.25 AM,8m 27.9s,507.9,33.7971132403149,-117.4759983263184,44.2,137.7,15.4,1308,4325.1,7.161702,7.569323,-7.158208,2.23694,0.223694,1.342164,0,0.894776,-1.5,0.3,1.5,178.2,178.2,178.2,Tripod,Other,,23,5,True,,True,False,,Smart,RC,False,True,False,,,True,,False,False,False,False,False,False,False,False,False,False,0,Follow Yaw,-77.9,0,170.1,170.1,False,False,False,False,False,,0,0,False,False,No Card,100,100,1024,1386,1024,1024,2,False,False,False,False,False,0,False,False,False,False,73,,46.692,,7331,,10044,,46.692,,True,3.894,3.894,3.894,3.894,3.894,3.894,3.894,3.894,3.894,3.894,3.894,3.894,0,,False,False,True,,,,,,,,,,,,,,,False,False,19.342,,101.4,,75.7,,101.4,,1387,110,4,21,7,143538.9,19138.52,,Idle,,20,,10,,,20,Go Home,False,False,False,False,False,False,False,False,False,False,False,False,33.8027920380556,-117.4659261431046,3689.8,3689.8,1049.4,396.9,True,1,1,False,False,False,False,,True,False,False,Course Lock,196.8,67,16.4,93,N,S,2.68,11.4,Calm,False,False,Android,7.0.2,M300 RTK,1ZN7L4R0H1D00F,1W9DL31001461C,1ZMLH8300204F0,1Z6PH74DAP0QN7,"Corona, CA",728.3,5.7,137.7,8.547347,2.013246,0,0,DJI Matrice 300 RTK,M300 RTK,1ZN7L4R0H1D00F,1W9DL31001461C,1ZMLH8300204F0,1Z6PH74DAP0QN7,DJI Pilot,Android,7.0.2,1EF72A62-B7C3-C88D-164E-CE6F8C8424AE,1ZN7L4R0H1D00F,1W9DL31001461C,,1ZMLH8300204F0,1W9DL31001461C,,,,,
2023-11-01,11:32:50.35 AM,8m 28.0s,508.0,33.7971103119299,-117.4759981653445,44.2,137.7,15.4,1308,4326.1,6.938121,7.569323,-6.934514,2.23694,0.223694,1.342164,0,0.894776,-1.6,0.3,1.6,178.2,178.2,177.3,Tripod,Other,,23,5,True,,True,False,,Smart,RC,False,True,False,,,True,,False,False,False,False,False,False,False,False,False,False,0,Follow Yaw,-77.9,0,170.1,170.1,False,False,False,False,False,,0,0,False,False,No Card,100,100,1024,1385,1024,1024,2,False,False,False,False,False,0,False,False,False,False,73,,46.632,,3639,,4986,,46.632,,True,3.894,3.894,3.894,3.894,3.894,3.894,3.894,3.894,3.894,3.894,3.894,3.894,0,,False,False,True,,,,,,,,,,,,,,,False,False,9.648,,101.4,,75.7,,101.4,,1387,110,4,21,7,143538.9,19138.52,,Idle,,20,,10,,,20,Go Home,False,False,False,False,False,False,False,False,False,False,False,False,33.8027920380556,-117.4659261431046,3690.4,3690.4,1049.4,396.9,True,1,1,False,False,False,False,,True,False,False,Course Lock,196.8,67,16.4,93,N,S,2.68,11.4,Calm,False,False,Android,7.0.2,M300 RTK,1ZN7L4R0H1D00F,1W9DL31001461C,1ZMLH8300204F0,1Z6PH74DAP0QN7,"Corona, CA",728.3,5.7,137.7,8.547347,2.013246,0,0,DJI Matrice 300 RTK,M300 RTK,1ZN7L4R0H1D00F,1W9DL31001461C,1ZMLH8300204F0,1Z6PH74DAP0QN7,DJI Pilot,Android,7.0.2,1EF72A62-B7C3-C88D-164E-CE6F8C8424AE,1ZN7L4R0H1D00F,1W9DL31001461C,,1ZMLH8300204F0,1W9DL31001461C,,,,,
2023-11-01,11:32:50.45 AM,8m 28.1s,508.1,33.7971075162235,-117.4759981957745,44.2,137.7,15.4,1308,4327.2,6.938121,7.569323,-6.934514,2.23694,0.223694,1.342164,0,0.894776,-1.7,0.5,1.7,178.2,178.2,180.5,Tripod,Other,,23,5,True,,True,False,,Smart,RC,False,True,False,,,True,,False,False,False,False,False,False,False,False,False,False,0,Follow Yaw,-77.9,0,170.1,170.1,False,False,False,False,False,,0,0,False,False,No Card,100,100,1024,1367,1024,1024,2,False,False,False,False,False,0,False,False,False,False,73,,46.632,,3639,,4986,,46.632,,True,3.894,3.894,3.894,3.894,3.894,3.894,3.894,3.894,3.894,3.894,3.894,3.894,0,,False,False,True,,,,,,,,,,,,,,,False,False,9.648,,101.4,,75.7,,101.4,,1387,110,4,21,7,143538.9,19138.52,,Idle,,20,,10,,,20,Go Home,False,False,False,False,False,False,False,False,False,False,False,False,33.8027920380556,-117.4659261431046,3691.0,3691.0,1049.4,396.9,True,1,1,False,False,False,False,,True,False,False,Course Lock,196.8,67,16.4,93,N,S,2.68,11.4,Calm,False,False,Android,7.0.2,M300 RTK,1ZN7L4R0H1D00F,1W9DL31001461C,1ZMLH8300204F0,1Z6PH74DAP0QN7,"Corona, CA",728.3,5.7,137.7,8.547347,2.013246,0,0,DJI Matrice 300 RTK,M300 RTK,1ZN7L4R0H1D00F,1W9DL31001461C,1ZMLH8300204F0,1Z6PH74DAP0QN7,DJI Pilot,Android,7.0.2,1EF72A62-B7C3-C88D-164E-CE6F8C8424AE,1ZN7L4R0H1D00F,1W9DL31001461C,,1ZMLH8300204F0,1W9DL31001461C,,,,,
2023-11-01,11:32:50.55 AM,8m 28.2s,508.2,33.7971047535496,-117.4759980574787,44.2,137.7,15.7,1308,4328.2,6.938121,7.569323,-6.934514,2.23694,0.223694,1.342164,0,0.894776,-1.8,0.6,1.8,178.3,178.3,177.6,Tripod,Other,,23,5,True,,True,False,,Smart,RC,False,True,False,,,True,,False,False,False,False,False,False,False,False,False,False,0,Follow Yaw,-77.9,0,170.1,170.1,False,False,False,False,False,,0,0,False,False,No Card,100,100,1024,1355,1024,1024,2,False,False,False,False,False,0,False,False,False,False,73,,46.632,,3639,,4986,,46.632,,True,3.894,3.894,3.894,3.894,3.894,3.894,3.894,3.894,3.894,3.894,3.894,3.894,0,,False,False,True,,,,,,,,,,,,,,,False,False,9.648,,101.4,,75.7,,101.4,,1387,110,4,21,7,143538.9,19138.52,,Idle,,20,,10,,,20,Go Home,False,False,False,False,False,False,False,False,False,False,False,False,33.8027920380556,-117.4659261431046,3691.5,3691.5,1049.4,396.9,True,1,1,False,False,False,False,,True,False,False,Course Lock,196.8,67,16.4,93,N,S,2.68,11.4,Calm,False,False,Android,7.0.2,M300 RTK,1ZN7L4R0H1D00F,1W9DL31001461C,1ZMLH8300204F0,1Z6PH74DAP0QN7,"Corona, CA",728.3,5.7,137.7,8.547347,2.013246,0,0,DJI Matrice 300 RTK,M300 RTK,1ZN7L4R0H1D00F,1W9DL31001461C,1ZMLH8300204F0,1Z6PH74DAP0QN7,DJI Pilot,Android,7.0.2,1EF72A62-B7C3-C88D-164E-CE6F8C8424AE,1ZN7L4R0H1D00F,1W9DL31001461C,,1ZMLH8300204F0,1W9DL31001461C,,,,,
2023-11-01,11:32:50.66 AM,8m 28.3s,508.3,33.7971017822634,-117.4759978886705,44.2,137.7,15.4,1308,4329.2,6.938121,7.569323,-6.934514,2.23694,0.223694,1.342164,0,0.894776,-1.7,0.6,1.8,178.3,178.3,177.2,Tripod,Other,,23,5,True,,True,False,,Smart,RC,False,True,False,,,True,,False,False,False,False,False,False,False,False,False,False,0,Follow Yaw,-77.9,0,170.1,170.1,False,False,False,False,False,,0,0,False,False,No Card,100,100,1024,1368,1024,1024,2,False,False,False,False,False,0,False,False,False,False,73,,46.632,,3639,,4986,,46.632,,True,3.889,3.889,3.889,3.889,3.889,3.889,3.889,3.889,3.889,3.889,3.889,3.889,0,,False,False,True,,,,,,,,,,,,,,,False,False,9.648,,101.4,,75.7,,101.4,,1386,110,4,21,7,143626.4,19150.19,,Idle,,20,,10,,,20,Go Home,False,False,False,False,False,False,False,False,False,False,False,False,33.8027920380556,-117.4659261431046,3692.1,3692.1,1049.4,396.9,True,1,1,False,False,False,False,,True,False,False,Course Lock,196.8,67,16.4,93,N,S,2.68,11.4,Calm,False,False,Android,7.0.2,M300 RTK,1ZN7L4R0H1D00F,1W9DL31001461C,1ZMLH8300204F0,1Z6PH74DAP0QN7,"Corona, CA",728.3,5.7,137.7,8.547347,2.013246,0,0,DJI Matrice 300 RTK,M300 RTK,1ZN7L4R0H1D00F,1W9DL31001461C,1ZMLH8300204F0,1Z6PH74DAP0QN7,DJI Pilot,Android,7.0.2,1EF72A62-B7C3-C88D-164E-CE6F8C8424AE,1ZN7L4R0H1D00F,1W9DL31001461C,,1ZMLH8300204F0,1W9DL31001461C,,,,,
2023-11-01,11:32:50.76 AM,8m 28.4s,508.4,33.7970987294238,-117.4759977386645,44.2,137.7,15.7,1308,4330.4,6.938121,7.569323,-6.934514,2.23694,0.223694,1.342164,0,0.894776,-1.6,0.5,1.6,178.2,178.2,177.6,Tripod,Other,,23,5,True,,True,False,,Smart,RC,False,True,False,,,True,,False,False,False,False,False,False,False,False,False,False,0,Follow Yaw,-77.9,0,170.1,170.1,False,False,False,False,False,,0,0,False,False,No Card,100,100,1024,1383,1024,1024,2,False,False,False,False,False,0,False,False,False,False,73,,46.632,,3639,,4986,,46.632,,True,3.889,3.889,3.889,3.889,3.889,3.889,3.889,3.889,3.889,3.889,3.889,3.889,0,,False,False,True,,,,,,,,,,,,,,,False,False,9.648,,101.4,,75.7,,101.4,,1386,110,4,21,7,143626.4,19150.19,,Idle,,20,,10,,,20,Go Home,False,False,False,False,False,False,False,False,False,False,False,False,33.8027920380556,-117.4659261431046,3692.7,3692.7,1049.4,396.9,True,1,1,False,False,False,False,,True,False,False,Course Lock,196.8,67,16.4,93,N,S,2.68,11.4,Calm,False,False,Android,7.0.2,M300 RTK,1ZN7L4R0H1D00F,1W9DL31001461C,1ZMLH8300204F0,1Z6PH74DAP0QN7,"Corona, CA",728.3,5.7,137.7,8.547347,2.013246,0,0,DJI Matrice 300 RTK,M300 RTK,1ZN7L4R0H1D00F,1W9DL31001461C,1ZMLH8300204F0,1Z6PH74DAP0QN7,DJI Pilot,Android,7.0.2,1EF72A62-B7C3-C88D-164E-CE6F8C8424AE,1ZN7L4R0H1D00F,1W9DL31001461C,,1ZMLH8300204F0,1W9DL31001461C,,,,,
2023-11-01,11:32:50.86 AM,8m 28.5s,508.5,33.7970958851965,-117.4759977492202,44.2,137.7,15.7,1308,4331.4,6.938121,7.569323,-6.934514,2.23694,0.223694,1.342164,0,0.894776,-1.4,0.3,1.4,178.2,178.2,180.1,Tripod,Other,,23,5,True,,True,False,,Smart,RC,False,True,False,,,True,,False,False,False,False,False,False,False,False,False,False,0,Follow Yaw,-77.9,0,170.1,170.1,False,False,False,False,False,,0,0,False,False,No Card,100,100,1024,1379,1024,1024,2,False,False,False,False,False,0,False,False,False,False,73,,46.632,,3639,,4986,,46.632,,True,3.889,3.889,3.889,3.889,3.889,3.889,3.889,3.889,3.889,3.889,3.889,3.889,0,,False,False,True,,,,,,,,,,,,,,,False,False,9.648,,101.4,,75.7,,101.4,,1386,110,4,21,7,143626.4,19150.19,,Idle,,20,,10,,,20,Go Home,False,False,False,False,False,False,False,False,False,False,False,False,33.8027920380556,-117.4659261431046,3693.3,3693.3,1049.4,396.9,True,1,1,False,False,False,False,,True,False,False,Course Lock,196.8,67,16.4,93,N,S,2.68,11.4,Calm,False,False,Android,7.0.2,M300 RTK,1ZN7L4R0H1D00F,1W9DL31001461C,1ZMLH8300204F0,1Z6PH74DAP0QN7,"Corona, CA",728.3,5.7,137.7,8.547347,2.013246,0,0,DJI Matrice 300 RTK,M300 RTK,1ZN7L4R0H1D00F,1W9DL31001461C,1ZMLH8300204F0,1Z6PH74DAP0QN7,DJI Pilot,Android,7.0.2,1EF72A62-B7C3-C88D-164E-CE6F8C8424AE,1ZN7L4R0H1D00F,1W9DL31001461C,,1ZMLH8300204F0,1W9DL31001461C,,,,,
2023-11-01,11:32:50.96 AM,8m 28.6s,508.6,33.7970929836762,-117.4759976157899,44.2,137.7,15.7,1308,4332.5,6.938121,7.569323,-6.934514,2.23694,0.223694,1.342164,0,0.894776,-1.3,0.3,1.3,178.2,178.2,177.8,Tripod,Other,,23,5,True,,True,False,,Smart,RC,False,True,False,,,True,,False,False,False,False,False,False,False,False,False,False,0,Follow Yaw,-77.9,0,170.1,170.1,False,False,False,False,False,,0,0,False,False,No Card,100,100,1024,1391,1024,1024,2,False,False,False,False,False,0,False,False,False,False,73,,46.632,,3639,,4986,,46.632,,True,3.889,3.889,3.889,3.889,3.889,3.889,3.889,3.889,3.889,3.889,3.889,3.889,0,,False,False,True,,,,,,,,,,,,,,,False,False,9.648,,101.4,,75.7,,101.4,,1386,110,4,21,7,143626.4,19150.19,,Idle,,20,,10,,,20,Go Home,False,False,False,False,False,False,False,False,False,False,False,False,33.8027920380556,-117.4659261431046,3693.8,3693.8,1049.4,396.9,True,1,1,False,False,False,False,,True,False,False,Course Lock,196.8,67,16.4,93,N,S,2.68,11.4,Calm,False,False,Android,7.0.2,M300 RTK,1ZN7L4R0H1D00F,1W9DL31001461C,1ZMLH8300204F0,1Z6PH74DAP0QN7,"Corona, CA",728.3,5.7,137.7,8.547347,2.013246,0,0,DJI Matrice 300 RTK,M300 RTK,1ZN7L4R0H1D00F,1W9DL31001461C,1ZMLH8300204F0,1Z6PH74DAP0QN7,DJI Pilot,Android,7.0.2,1EF72A62-B7C3-C88D-164E-CE6F8C8424AE,1ZN7L4R0H1D00F,1W9DL31001461C,,1ZMLH8300204F0,1W9DL31001461C,,,,,
2023-11-01,11:32:51.06 AM,8m 28.7s,508.7,33.7970901500028,-117.4759972798226,44.2,137.7,15.4,1308,4333.5,6.938121,7.569323,-6.934514,2.23694,0.223694,1.342164,0,0.894776,-1.4,0.5,1.4,178.2,178.2,174.3,Tripod,Other,,23,5,True,,True,False,,Smart,RC,False,True,False,,,True,,False,False,False,False,False,False,False,False,False,False,0,Follow Yaw,-77.9,0,170.1,170.1,False,False,False,False,False,,0,0,False,False,No Card,100,100,1024,1382,1024,1024,2,False,False,False,False,False,0,False,False,False,False,73,,46.632,,3639,,4986,,46.632,,True,3.889,3.889,3.889,3.889,3.889,3.889,3.889,3.889,3.889,3.889,3.889,3.889,0,,False,False,True,,,,,,,,,,,,,,,False,False,9.648,,101.4,,75.7,,101.4,,1386,110,4,21,7,143626.4,19150.19,,Idle,,20,,10,,,20,Go Home,False,False,False,False,False,False,False,False,False,False,False,False,33.8027920380556,-117.4659261431046,3694.3,3694.3,1049.4,396.9,True,1,1,False,False,False,False,,True,False,False,Course Lock,196.8,67,16.4,93,N,S,2.68,11.4,Calm,False,False,Android,7.0.2,M300 RTK,1ZN7L4R0H1D00F,1W9DL31001461C,1ZMLH8300204F0,1Z6PH74DAP0QN7,"Corona, CA",728.3,5.7,137.7,8.547347,2.013246,0,0,DJI Matrice 300 RTK,M300 RTK,1ZN7L4R0H1D00F,1W9DL31001461C,1ZMLH8300204F0,1Z6PH74DAP0QN7,DJI Pilot,Android,7.0.2,1EF72A62-B7C3-C88D-164E-CE6F8C8424AE,1ZN7L4R0H1D00F,1W9DL31001461C,,1ZMLH8300204F0,1W9DL31001461C,,,,,
2023-11-01,11:32:51.17 AM,8m 28.8s,508.8,33.7970871253985,-117.475997120498,44.2,137.7,15.4,1308,4334.6,6.938121,7.569323,-6.934514,2.23694,0.223694,1.342164,0,0.894776,-1.5,0.7,1.6,178.3,178.3,177.4,Tripod,Other,,21,5,True,,True,False,,Smart,RC,False,True,False,,,True,,False,False,False,False,False,False,False,False,False,False,0,Follow Yaw,-77.9,0,170.1,170.1,False,False,False,False,False,,0,0,False,False,No Card,100,100,1024,1387,1024,1024,2,False,False,False,False,False,0,False,False,False,False,73,,46.632,,3639,,4986,,46.632,,True,3.889,3.889,3.889,3.889,3.889,3.889,3.889,3.889,3.889,3.889,3.889,3.889,0,,False,False,True,,,,,,,,,,,,,,,False,False,9.648,,101.4,,75.7,,101.4,,1386,110,4,21,7,143626.4,19150.19,,Idle,,20,,10,,,20,Go Home,False,False,False,False,False,False,False,False,False,False,False,False,33.8027920380556,-117.4659261431046,3694.9,3694.9,1049.4,396.9,True,1,1,False,False,False,False,,True,False,False,Course Lock,196.8,67,16.4,93,N,S,2.68,11.4,Calm,False,False,Android,7.0.2,M300 RTK,1ZN7L4R0H1D00F,1W9DL31001461C,1ZMLH8300204F0,1Z6PH74DAP0QN7,"Corona, CA",728.3,5.7,137.7,8.547347,2.013246,0,0,DJI Matrice 300 RTK,M300 RTK,1ZN7L4R0H1D00F,1W9DL31001461C,1ZMLH8300204F0,1Z6PH74DAP0QN7,DJI Pilot,Android,7.0.2,1EF72A62-B7C3-C88D-164E-CE6F8C8424AE,1ZN7L4R0H1D00F,1W9DL31001461C,,1ZMLH8300204F0,1W9DL31001461C,,,,,
2023-11-01,11:32:51.27 AM,8m 28.9s,508.9,33.7970842740439,-117.4759969572974,44.2,137.7,15.4,1308,4335.6,6.938121,7.569323,-6.934514,2.23694,0.223694,1.342164,0,0.894776,-1.7,0.7,1.8,178.2,178.2,177.2,Tripod,Other,,21,5,True,,True,False,,Smart,RC,False,True,False,,,True,,False,False,False,False,False,False,False,False,False,False,0,Follow Yaw,-77.9,0,170.1,170.1,False,False,False,False,False,,0,0,False,False,No Card,100,100,1024,1386,1024,1024,2,False,False,False,False,False,0,False,False,False,False,73,,46.632,,3639,,4986,,46.632,,True,3.889,3.889,3.889,3.889,3.889,3.889,3.889,3.889,3.889,3.889,3.889,3.889,0,,False,False,True,,,,,,,,,,,,,,,False,False,9.648,,101.4,,75.7,,101.4,,1386,110,4,21,7,143626.4,19150.19,,Idle,,20,,10,,,20,Go Home,False,False,False,False,False,False,False,False,False,False,False,False,33.8027920380556,-117.4659261431046,3695.4,3695.4,1049.4,396.9,True,1,1,False,False,False,False,,True,False,False,Course Lock,196.8,67,16.4,93,N,S,2.68,11.4,Calm,False,False,Android,7.0.2,M300 RTK,1ZN7L4R0H1D00F,1W9DL31001461C,1ZMLH8300204F0,1Z6PH74DAP0QN7,"Corona, CA",728.3,5.7,137.7,8.547347,2.013246,0,0,DJI Matrice 300 RTK,M300 RTK,1ZN7L4R0H1D00F,1W9DL31001461C,1ZMLH8300204F0,1Z6PH74DAP0QN7,DJI Pilot,Android,7.0.2,1EF72A62-B7C3-C88D-164E-CE6F8C8424AE,1ZN7L4R0H1D00F,1W9DL31001461C,,1ZMLH8300204F0,1W9DL31001461C,,,,,
2023-11-01,11:32:51.34 AM,8m 29.0s,509.0,33.7970814004847,-117.4759968120744,44.2,137.7,15.4,1308,4336.7,6.938121,7.569323,-6.934514,2.23694,0.223694,1.342164,0,0.894776,-1.8,0.6,1.8,178.2,178.2,177.5,Tripod,Other,,21,5,True,,True,False,,Smart,RC,False,True,False,,,True,,False,False,False,False,False,False,False,False,False,False,0,Follow Yaw,-77.9,0,170.1,170.1,False,False,False,False,False,,0,0,False,False,No Card,100,100,1024,1369,1024,1024,2,False,False,False,False,False,0,False,False,False,False,73,,46.668,,7331,,10044,,46.668,,True,3.889,3.889,3.889,3.889,3.889,3.889,3.889,3.889,3.889,3.889,3.889,3.889,0,,False,False,True,,,,,,,,,,,,,,,False,False,19.294,,101.4,,75.7,,101.4,,1386,110,4,21,7,143626.4,19150.19,,Idle,,20,,10,,,20,Go Home,False,False,False,False,False,False,False,False,False,False,False,False,33.8027920380556,-117.4659261431046,3696.0,3696.0,1049.4,396.9,True,1,1,False,False,False,False,,True,False,False,Course Lock,196.8,67,16.4,93,N,S,2.68,11.4,Calm,False,False,Android,7.0.2,M300 RTK,1ZN7L4R0H1D00F,1W9DL31001461C,1ZMLH8300204F0,1Z6PH74DAP0QN7,"Corona, CA",728.3,5.7,137.7,8.547347,2.013246,0,0,DJI Matrice 300 RTK,M300 RTK,1ZN7L4R0H1D00F,1W9DL31001461C,1ZMLH8300204F0,1Z6PH74DAP0QN7,DJI Pilot,Android,7.0.2,1EF72A62-B7C3-C88D-164E-CE6F8C8424AE,1ZN7L4R0H1D00F,1W9DL31001461C,,1ZMLH8300204F0,1W9DL31001461C,,,,,
2023-11-01,11:32:51.44 AM,8m 29.1s,509.1,33.7970785025281,-117.475996675428,44.2,137.7,15.7,1308,4337.8,6.938121,7.569323,-6.934514,2.23694,0.223694,1.342164,0,0.894776,-1.7,0.5,1.7,178.2,178.2,177.7,Tripod,Other,,21,5,True,,True,False,,Smart,RC,False,True,False,,,True,,False,False,False,False,False,False,False,False,False,False,0,Follow Yaw,-77.9,0,170.1,170.1,False,False,False,False,False,,0,0,False,False,No Card,100,100,1024,1369,1024,1024,2,False,False,False,False,False,0,False,False,False,False,73,,46.668,,7331,,10044,,46.668,,True,3.889,3.889,3.889,3.889,3.889,3.889,3.889,3.889,3.889,3.889,3.889,3.889,0,,False,False,True,,,,,,,,,,,,,,,False,False,19.294,,101.4,,75.7,,101.4,,1386,110,4,21,7,143626.4,19150.19,,Idle,,20,,10,,,20,Go Home,False,False,False,False,False,False,False,False,False,False,False,False,33.8027920380556,-117.4659261431046,3696.6,3696.6,1049.4,396.9,True,1,1,False,False,False,False,,True,False,False,Course Lock,196.8,67,16.4,93,N,S,2.68,11.4,Calm,False,False,Android,7.0.2,M300 RTK,1ZN7L4R0H1D00F,1W9DL31001461C,1ZMLH8300204F0,1Z6PH74DAP0QN7,"Corona, CA",728.3,5.7,137.7,8.547347,2.013246,0,0,DJI Matrice 300 RTK,M300 RTK,1ZN7L4R0H1D00F,1W9DL31001461C,1ZMLH8300204F0,1Z6PH74DAP0QN7,DJI Pilot,Android,7.0.2,1EF72A62-B7C3-C88D-164E-CE6F8C8424AE,1ZN7L4R0H1D00F,1W9DL31001461C,,1ZMLH8300204F0,1W9DL31001461C,,,,,
2023-11-01,11:32:51.54 AM,8m 29.2s,509.2,33.7970757717903,-117.475996537792,44.2,137.7,15.4,1308,4338.7,6.938121,7.569323,-6.934514,2.23694,0.223694,1.342164,0,0.894776,-1.6,0.5,1.6,178.3,178.3,177.6,Tripod,Other,,21,5,True,,True,False,,Smart,RC,False,True,False,,,True,,False,False,False,False,False,False,False,False,False,False,0,Follow Yaw,-77.9,0,170.1,170.1,False,False,False,False,False,,0,0,False,False,No Card,100,100,1024,1346,1024,1024,2,False,False,False,False,False,0,False,False,False,False,73,,46.668,,7331,,10044,,46.668,,True,3.889,3.889,3.889,3.889,3.889,3.889,3.889,3.889,3.889,3.889,3.889,3.889,0,,False,False,True,,,,,,,,,,,,,,,False,False,19.294,,101.4,,75.7,,101.4,,1386,110,4,21,7,143626.4,19150.19,,Idle,,20,,10,,,20,Go Home,False,False,False,False,False,False,False,False,False,False,False,False,33.8027920380556,-117.4659261431046,3697.1,3697.1,1049.4,396.9,True,1,1,False,False,False,False,,True,False,False,Course Lock,196.8,67,16.4,93,N,S,2.68,11.4,Calm,False,False,Android,7.0.2,M300 RTK,1ZN7L4R0H1D00F,1W9DL31001461C,1ZMLH8300204F0,1Z6PH74DAP0QN7,"Corona, CA",728.3,5.7,137.7,8.547347,2.013246,0,0,DJI Matrice 300 RTK,M300 RTK,1ZN7L4R0H1D00F,1W9DL31001461C,1ZMLH8300204F0,1Z6PH74DAP0QN7,DJI Pilot,Android,7.0.2,1EF72A62-B7C3-C88D-164E-CE6F8C8424AE,1ZN7L4R0H1D00F,1W9DL31001461C,,1ZMLH8300204F0,1W9DL31001461C,,,,,
2023-11-01,11:32:51.64 AM,8m 29.3s,509.3,33.7970728338108,-117.4759962390994,44.2,137.7,15.4,1308,4339.8,6.938121,7.569323,-6.934514,2.23694,0.223694,1.342164,0,0.894776,-1.6,0.4,1.6,178.3,178.3,175.1,Tripod,Other,,21,5,True,,True,False,,Smart,RC,False,True,False,,,True,,False,False,False,False,False,False,False,False,False,False,0,Follow Yaw,-77.9,0,170.1,170.1,False,False,False,False,False,,0,0,False,False,No Card,100,100,1024,1315,1024,1024,2,False,False,False,False,False,0,False,False,False,False,73,,46.668,,7331,,10044,,46.668,,True,3.891,3.891,3.891,3.891,3.891,3.891,3.891,3.891,3.891,3.891,3.891,3.891,0,,False,False,True,,,,,,,,,,,,,,,False,False,19.294,,101.4,,75.7,,101.4,,1385,110,4,21,7,143817.4,19175.65,,Idle,,20,,10,,,20,Go Home,False,False,False,False,False,False,False,False,False,False,False,False,33.8027920380556,-117.4659261431046,3697.6,3697.6,1049.4,396.9,True,1,1,False,False,False,False,,True,False,False,Course Lock,196.8,67,16.4,93,N,S,2.68,11.4,Calm,False,False,Android,7.0.2,M300 RTK,1ZN7L4R0H1D00F,1W9DL31001461C,1ZMLH8300204F0,1Z6PH74DAP0QN7,"Corona, CA",728.3,5.7,137.7,8.547347,2.013246,0,0,DJI Matrice 300 RTK,M300 RTK,1ZN7L4R0H1D00F,1W9DL31001461C,1ZMLH8300204F0,1Z6PH74DAP0QN7,DJI Pilot,Android,7.0.2,1EF72A62-B7C3-C88D-164E-CE6F8C8424AE,1ZN7L4R0H1D00F,1W9DL31001461C,,1ZMLH8300204F0,1W9DL31001461C,,,,,
2023-11-01,11:32:51.74 AM,8m 29.4s,509.4,33.7970698119477,-117.4759960763112,44.2,137.7,15.4,1308,4340.9,6.938121,7.569323,-6.934514,2.23694,0.223694,1.342164,0,0.894776,-1.5,0.4,1.5,178.3,178.3,177.4,Tripod,Other,,21,5,True,,True,False,,Smart,RC,False,True,False,,,True,,False,False,False,False,False,False,False,False,False,False,0,Follow Yaw,-77.9,0,170.1,170.1,False,False,False,False,False,,0,0,False,False,No Card,100,100,1024,1300,1024,1024,2,False,False,False,False,False,0,False,False,False,False,73,,46.668,,7331,,10044,,46.668,,True,3.891,3.891,3.891,3.891,3.891,3.891,3.891,3.891,3.891,3.891,3.891,3.891,0,,False,False,True,,,,,,,,,,,,,,,False,False,19.294,,101.4,,75.7,,101.4,,1385,110,4,21,7,143817.4,19175.65,,Idle,,20,,10,,,20,Go Home,False,False,False,False,False,False,False,False,False,False,False,False,33.8027920380556,-117.4659261431046,3698.2,3698.2,1049.4,396.9,True,1,1,False,False,False,False,,True,False,False,Course Lock,196.8,67,16.4,93,N,S,2.68,11.4,Calm,False,False,Android,7.0.2,M300 RTK,1ZN7L4R0H1D00F,1W9DL31001461C,1ZMLH8300204F0,1Z6PH74DAP0QN7,"Corona, CA",728.3,5.7,137.7,8.547347,2.013246,0,0,DJI Matrice 300 RTK,M300 RTK,1ZN7L4R0H1D00F,1W9DL31001461C,1ZMLH8300204F0,1Z6PH74DAP0QN7,DJI Pilot,Android,7.0.2,1EF72A62-B7C3-C88D-164E-CE6F8C8424AE,1ZN7L4R0H1D00F,1W9DL31001461C,,1ZMLH8300204F0,1W9DL31001461C,,,,,
2023-11-01,11:32:51.84 AM,8m 29.5s,509.5,33.7970670329632,-117.4759961012984,44.2,137.7,15.4,1308,4341.9,6.938121,7.569323,-6.934514,2.23694,0.223694,1.342164,0,0.894776,-1.3,0.5,1.3,178.3,178.3,180.4,Tripod,Other,,21,5,True,,True,False,,Smart,RC,False,True,False,,,True,,False,False,False,False,False,False,False,False,False,False,0,Follow Yaw,-77.9,0,170.1,170.1,False,False,False,False,False,,0,0,False,False,No Card,100,100,1024,1298,1024,1024,2,False,False,False,False,False,0,False,False,False,False,73,,46.668,,7331,,10044,,46.668,,True,3.891,3.891,3.891,3.891,3.891,3.891,3.891,3.891,3.891,3.891,3.891,3.891,0,,False,False,True,,,,,,,,,,,,,,,False,False,19.294,,101.4,,75.7,,101.4,,1385,110,4,21,7,143817.4,19175.65,,Idle,,20,,10,,,20,Go Home,False,False,False,False,False,False,False,False,False,False,False,False,33.8027920380556,-117.4659261431046,3698.8,3698.8,1049.4,396.9,True,1,1,False,False,False,False,,True,False,False,Course Lock,196.8,67,16.4,93,N,S,2.68,11.4,Calm,False,False,Android,7.0.2,M300 RTK,1ZN7L4R0H1D00F,1W9DL31001461C,1ZMLH8300204F0,1Z6PH74DAP0QN7,"Corona, CA",728.3,5.7,137.7,8.547347,2.013246,0,0,DJI Matrice 300 RTK,M300 RTK,1ZN7L4R0H1D00F,1W9DL31001461C,1ZMLH8300204F0,1Z6PH74DAP0QN7,DJI Pilot,Android,7.0.2,1EF72A62-B7C3-C88D-164E-CE6F8C8424AE,1ZN7L4R0H1D00F,1W9DL31001461C,,1ZMLH8300204F0,1W9DL31001461C,,,,,
2023-11-01,11:32:51.94 AM,8m 29.6s,509.6,33.7970641717399,-117.475995964652,44.2,137.7,15.4,1308,4343.0,6.938121,7.569323,-6.934514,2.23694,0.223694,1.342164,0,0.894776,-1,0.6,1.1,178.3,178.3,177.7,Tripod,Other,,21,5,True,,True,False,,Smart,RC,False,True,False,,,True,,False,False,False,False,False,False,False,False,False,False,0,Follow Yaw,-77.9,0,170.1,170.1,False,False,False,False,False,,0,0,False,False,No Card,100,100,1024,1292,1024,1024,2,False,False,False,False,False,0,False,False,False,False,73,,46.668,,7331,,10044,,46.668,,True,3.891,3.891,3.891,3.891,3.891,3.891,3.891,3.891,3.891,3.891,3.891,3.891,0,,False,False,True,,,,,,,,,,,,,,,False,False,19.294,,101.4,,75.7,,101.4,,1385,110,4,21,7,143817.4,19175.65,,Idle,,20,,10,,,20,Go Home,False,False,False,False,False,False,False,False,False,False,False,False,33.8027920380556,-117.4659261431046,3699.3,3699.3,1049.4,396.9,True,1,1,False,False,False,False,,True,False,False,Course Lock,196.8,67,16.4,93,N,S,2.68,11.4,Calm,False,False,Android,7.0.2,M300 RTK,1ZN7L4R0H1D00F,1W9DL31001461C,1ZMLH8300204F0,1Z6PH74DAP0QN7,"Corona, CA",728.3,5.7,137.7,8.547347,2.013246,0,0,DJI Matrice 300 RTK,M300 RTK,1ZN7L4R0H1D00F,1W9DL31001461C,1ZMLH8300204F0,1Z6PH74DAP0QN7,DJI Pilot,Android,7.0.2,1EF72A62-B7C3-C88D-164E-CE6F8C8424AE,1ZN7L4R0H1D00F,1W9DL31001461C,,1ZMLH8300204F0,1W9DL31001461C,,,,,
2023-11-01,11:32:52.04 AM,8m 29.7s,509.7,33.7970613867244,-117.4759958117596,44.2,137.7,15.4,1308,4344.0,6.938121,7.569323,-6.934514,2.23694,0.223694,1.342164,0,0.894776,-0.4,0.7,0.8,178.4,178.4,177.3,Tripod,Other,,21,5,True,,True,False,,Smart,RC,False,True,False,,,True,,False,False,False,False,False,False,False,False,False,False,0,Follow Yaw,-77.9,0,170.1,170.1,False,False,False,False,False,,0,0,False,False,No Card,100,100,1024,1307,1024,1024,2,False,False,False,False,False,0,False,False,False,False,73,,46.668,,3639,,4986,,46.668,,True,3.891,3.891,3.891,3.891,3.891,3.891,3.891,3.891,3.891,3.891,3.891,3.891,0,,False,False,True,,,,,,,,,,,,,,,False,False,9.51,,101.4,,75.7,,101.4,,1385,110,4,21,7,143817.4,19175.65,,Idle,,20,,10,,,20,Go Home,False,False,False,False,False,False,False,False,False,False,False,False,33.8027920380556,-117.4659261431046,3699.9,3699.9,1049.4,396.9,True,1,1,False,False,False,False,,True,False,False,Course Lock,196.8,67,16.4,93,N,S,2.68,11.4,Calm,False,False,Android,7.0.2,M300 RTK,1ZN7L4R0H1D00F,1W9DL31001461C,1ZMLH8300204F0,1Z6PH74DAP0QN7,"Corona, CA",728.3,5.7,137.7,8.547347,2.013246,0,0,DJI Matrice 300 RTK,M300 RTK,1ZN7L4R0H1D00F,1W9DL31001461C,1ZMLH8300204F0,1Z6PH74DAP0QN7,DJI Pilot,Android,7.0.2,1EF72A62-B7C3-C88D-164E-CE6F8C8424AE,1ZN7L4R0H1D00F,1W9DL31001461C,,1ZMLH8300204F0,1W9DL31001461C,,,,,
2023-11-01,11:32:52.14 AM,8m 29.8s,509.8,33.797058699162,-117.4759956908642,44.2,137.7,15.4,1308,4345.0,6.71082,7.569323,-6.71082,2.23694,0,1.342164,0,0.894776,0,0.6,0.6,178.4,178.4,177.8,Tripod,Other,,21,5,True,,True,False,,Smart,RC,False,True,False,,,True,,False,False,False,False,False,False,False,False,False,False,0,Follow Yaw,-77.9,0,170.1,170.1,False,False,False,False,False,,0,0,False,False,No Card,100,100,1024,1297,1024,1024,2,False,False,False,False,False,0,False,False,False,False,73,,46.668,,3639,,4986,,46.668,,True,3.891,3.891,3.891,3.891,3.891,3.891,3.891,3.891,3.891,3.891,3.891,3.891,0,,False,False,True,,,,,,,,,,,,,,,False,False,9.51,,101.4,,75.7,,101.4,,1385,110,4,21,7,143817.4,19175.65,,Idle,,20,,10,,,20,Go Home,False,False,False,False,False,False,False,False,False,False,False,False,33.8027920380556,-117.4659261431046,3700.4,3700.4,1049.4,396.9,True,1,1,False,False,False,False,,True,False,False,Course Lock,196.8,67,16.4,93,N,S,2.68,11.4,Calm,False,False,Android,7.0.2,M300 RTK,1ZN7L4R0H1D00F,1W9DL31001461C,1ZMLH8300204F0,1Z6PH74DAP0QN7,"Corona, CA",728.3,5.7,137.7,8.547347,2.013246,0,0,DJI Matrice 300 RTK,M300 RTK,1ZN7L4R0H1D00F,1W9DL31001461C,1ZMLH8300204F0,1Z6PH74DAP0QN7,DJI Pilot,Android,7.0.2,1EF72A62-B7C3-C88D-164E-CE6F8C8424AE,1ZN7L4R0H1D00F,1W9DL31001461C,,1ZMLH8300204F0,1W9DL31001461C,,,,,
2023-11-01,11:32:52.24 AM,8m 29.9s,509.9,33.7970557957228,-117.4759953788122,44.2,137.7,15.4,1308,4346.0,6.71082,7.569323,-6.71082,2.23694,0,1.342164,0,0.894776,0.1,0.5,0.5,178.4,178.4,174.8,Tripod,Other,,21,5,True,,True,False,,Smart,RC,False,True,False,,,True,,False,False,False,False,False,False,False,False,False,False,0,Follow Yaw,-77.9,0,170.1,170.1,False,False,False,False,False,,0,0,False,False,No Card,100,100,1024,1297,1024,1024,2,False,False,False,False,False,0,False,False,False,False,73,,46.668,,3639,,4986,,46.668,,True,3.891,3.891,3.891,3.891,3.891,3.891,3.891,3.891,3.891,3.891,3.891,3.891,0,,False,False,True,,,,,,,,,,,,,,,False,False,9.51,,101.4,,75.7,,101.4,,1385,110,4,21,7,143817.4,19175.65,,Idle,,20,,10,,,20,Go Home,False,False,False,False,False,False,False,False,False,False,False,False,33.8027920380556,-117.4659261431046,3700.9,3700.9,1049.4,396.9,True,1,1,False,False,False,False,,True,False,False,Course Lock,196.8,67,16.4,93,N,S,2.68,11.4,Calm,False,False,Android,7.0.2,M300 RTK,1ZN7L4R0H1D00F,1W9DL31001461C,1ZMLH8300204F0,1Z6PH74DAP0QN7,"Corona, CA",728.3,5.7,137.7,8.547347,2.013246,0,0,DJI Matrice 300 RTK,M300 RTK,1ZN7L4R0H1D00F,1W9DL31001461C,1ZMLH8300204F0,1Z6PH74DAP0QN7,DJI Pilot,Android,7.0.2,1EF72A62-B7C3-C88D-164E-CE6F8C8424AE,1ZN7L4R0H1D00F,1W9DL31001461C,,1ZMLH8300204F0,1W9DL31001461C,,,,,
2023-11-01,11:32:52.31 AM,8m 30.0s,510.0,33.7970530203018,-117.4759952445572,44.2,137.7,15.4,1308,4347.1,6.71082,7.569323,-6.71082,2.23694,0,1.342164,0,0.894776,0,0.4,0.4,178.4,178.4,177.6,Tripod,Other,,21,5,True,,True,False,,Smart,RC,False,True,False,,,True,,False,False,False,False,False,False,False,False,False,False,0,Follow Yaw,-77.9,0,170.1,170.1,False,False,False,False,False,,0,0,False,False,No Card,100,100,1024,1299,1024,1024,2,False,False,False,False,False,0,False,False,False,False,73,,46.668,,7331,,10044,,46.668,,True,3.891,3.891,3.891,3.891,3.891,3.891,3.891,3.891,3.891,3.891,3.891,3.891,0,,False,False,True,,,,,,,,,,,,,,,False,False,19.122,,101.4,,75.7,,101.4,,1385,110,4,21,7,143817.4,19175.65,,Idle,,20,,10,,,20,Go Home,False,False,False,False,False,False,False,False,False,False,False,False,33.8027920380556,-117.4659261431046,3701.5,3701.5,1049.4,396.9,True,1,1,False,False,False,False,,True,False,False,Course Lock,196.8,67,16.4,93,N,S,2.68,11.4,Calm,False,False,Android,7.0.2,M300 RTK,1ZN7L4R0H1D00F,1W9DL31001461C,1ZMLH8300204F0,1Z6PH74DAP0QN7,"Corona, CA",728.3,5.7,137.7,8.547347,2.013246,0,0,DJI Matrice 300 RTK,M300 RTK,1ZN7L4R0H1D00F,1W9DL31001461C,1ZMLH8300204F0,1Z6PH74DAP0QN7,DJI Pilot,Android,7.0.2,1EF72A62-B7C3-C88D-164E-CE6F8C8424AE,1ZN7L4R0H1D00F,1W9DL31001461C,,1ZMLH8300204F0,1W9DL31001461C,,,,,
2023-11-01,11:32:52.44 AM,8m 30.1s,510.1,33.7970502595469,-117.4759952799352,44.2,137.7,15.4,1308,4348.1,6.71082,7.569323,-6.71082,2.23694,0,1.342164,0,0.894776,-0.1,0.3,0.3,178.3,178.3,180.6,Tripod,Other,,21,5,True,,True,False,,Smart,RC,False,True,False,,,True,,False,False,False,False,False,False,False,False,False,False,0,Follow Yaw,-77.9,0,170.1,170.1,False,False,False,False,False,,0,0,False,False,No Card,100,100,1024,1312,1024,1024,2,False,False,False,False,False,0,False,False,False,False,73,,46.668,,7331,,10044,,46.668,,True,3.891,3.891,3.891,3.891,3.891,3.891,3.891,3.891,3.891,3.891,3.891,3.891,0,,False,False,True,,,,,,,,,,,,,,,False,False,19.122,,101.4,,75.7,,101.4,,1385,110,4,21,7,143817.4,19175.65,,Idle,,20,,10,,,20,Go Home,False,False,False,False,False,False,False,False,False,False,False,False,33.8027920380556,-117.4659261431046,3702.0,3702.0,1049.4,396.9,True,1,1,False,False,False,False,,True,False,False,Course Lock,196.8,67,16.4,93,N,S,2.68,11.4,Calm,False,False,Android,7.0.2,M300 RTK,1ZN7L4R0H1D00F,1W9DL31001461C,1ZMLH8300204F0,1Z6PH74DAP0QN7,"Corona, CA",728.3,5.7,137.7,8.547347,2.013246,0,0,DJI Matrice 300 RTK,M300 RTK,1ZN7L4R0H1D00F,1W9DL31001461C,1ZMLH8300204F0,1Z6PH74DAP0QN7,DJI Pilot,Android,7.0.2,1EF72A62-B7C3-C88D-164E-CE6F8C8424AE,1ZN7L4R0H1D00F,1W9DL31001461C,,1ZMLH8300204F0,1W9DL31001461C,,,,,
2023-11-01,11:32:52.51 AM,8m 30.2s,510.2,33.7970476640918,-117.4759951657196,44.2,137.7,15.4,1308,4349.0,6.71082,7.569323,-6.71082,2.23694,0,1.342164,0,0.894776,-0.3,0.3,0.4,178.3,178.3,177.9,Tripod,Other,,21,5,True,,True,False,,Smart,RC,False,True,False,,,True,,False,False,False,False,False,False,False,False,False,False,0,Follow Yaw,-77.9,0,170.1,170.1,False,False,False,False,False,,0,0,False,False,No Card,100,100,1024,1310,1024,1024,2,False,False,False,False,False,0,False,False,False,False,73,,46.668,,7331,,10044,,46.668,,True,3.891,3.891,3.891,3.891,3.891,3.891,3.891,3.891,3.891,3.891,3.891,3.891,0,,False,False,True,,,,,,,,,,,,,,,False,False,19.122,,101.4,,75.7,,101.4,,1385,110,4,21,7,143817.4,19175.65,,Idle,,20,,10,,,20,Go Home,False,False,False,False,False,False,False,False,False,False,False,False,33.8027920380556,-117.4659261431046,3702.5,3702.5,1049.4,396.9,True,1,1,False,False,False,False,,True,False,False,Course Lock,196.8,67,16.4,93,N,S,2.68,11.4,Calm,False,False,Android,7.0.2,M300 RTK,1ZN7L4R0H1D00F,1W9DL31001461C,1ZMLH8300204F0,1Z6PH74DAP0QN7,"Corona, CA",728.3,5.7,137.7,8.547347,2.013246,0,0,DJI Matrice 300 RTK,M300 RTK,1ZN7L4R0H1D00F,1W9DL31001461C,1ZMLH8300204F0,1Z6PH74DAP0QN7,DJI Pilot,Android,7.0.2,1EF72A62-B7C3-C88D-164E-CE6F8C8424AE,1ZN7L4R0H1D00F,1W9DL31001461C,,1ZMLH8300204F0,1W9DL31001461C,,,,,
2023-11-01,11:32:52.62 AM,8m 30.3s,510.3,33.7970450080542,-117.4759949712643,44.2,137.7,15.4,1308,4350.0,6.487126,7.569323,-6.487126,2.23694,0,1.342164,0,0.894776,-0.3,0.4,0.5,178.3,178.3,176.5,Tripod,Other,,21,5,True,,True,False,,Smart,RC,False,True,False,,,True,,False,False,False,False,False,False,False,False,False,False,0,Follow Yaw,-77.9,0,170.1,170.1,False,False,False,False,False,,0,0,False,False,No Card,100,100,1024,1302,1024,1024,2,False,False,False,False,False,0,False,False,False,False,73,,46.668,,7331,,10044,,46.668,,True,3.893,3.893,3.893,3.893,3.893,3.893,3.893,3.893,3.893,3.893,3.893,3.893,0,,False,False,True,,,,,,,,,,,,,,,False,False,19.122,,101.4,,75.7,,101.4,,1384,110,4,21,7,144005.7,19200.76,,Idle,,20,,10,,,20,Go Home,False,False,False,False,False,False,False,False,False,False,False,False,33.8027920380556,-117.4659261431046,3703.0,3703.0,1049.4,396.9,True,1,1,False,False,False,False,,True,False,False,Course Lock,196.8,67,16.4,93,N,S,2.68,11.4,Calm,False,False,Android,7.0.2,M300 RTK,1ZN7L4R0H1D00F,1W9DL31001461C,1ZMLH8300204F0,1Z6PH74DAP0QN7,"Corona, CA",728.3,5.7,137.7,8.547347,2.013246,0,0,DJI Matrice 300 RTK,M300 RTK,1ZN7L4R0H1D00F,1W9DL31001461C,1ZMLH8300204F0,1Z6PH74DAP0QN7,DJI Pilot,Android,7.0.2,1EF72A62-B7C3-C88D-164E-CE6F8C8424AE,1ZN7L4R0H1D00F,1W9DL31001461C,,1ZMLH8300204F0,1W9DL31001461C,,,,,
2023-11-01,11:32:52.72 AM,8m 30.4s,510.4,33.7970421871278,-117.4759948365146,44.2,137.7,15.4,1308,4351.0,6.487126,7.569323,-6.487126,2.23694,0,1.342164,0,0.894776,-0.4,0.5,0.6,178.3,178.3,177.7,Tripod,Other,,21,5,True,,True,False,,Smart,RC,False,True,False,,,True,,False,False,False,False,False,False,False,False,False,False,0,Follow Yaw,-77.9,0,170.1,170.1,False,False,False,False,False,,0,0,False,False,No Card,100,100,1024,1305,1024,1024,2,False,False,False,False,False,0,False,False,False,False,73,,46.668,,7331,,10044,,46.668,,True,3.893,3.893,3.893,3.893,3.893,3.893,3.893,3.893,3.893,3.893,3.893,3.893,0,,False,False,True,,,,,,,,,,,,,,,False,False,19.122,,101.4,,75.7,,101.4,,1384,110,4,21,7,144005.7,19200.76,,Idle,,20,,10,,,20,Go Home,False,False,False,False,False,False,False,False,False,False,False,False,33.8027920380556,-117.4659261431046,3703.6,3703.6,1049.4,396.9,True,1,1,False,False,False,False,,True,False,False,Course Lock,196.8,67,16.4,93,N,S,2.68,11.4,Calm,False,False,Android,7.0.2,M300 RTK,1ZN7L4R0H1D00F,1W9DL31001461C,1ZMLH8300204F0,1Z6PH74DAP0QN7,"Corona, CA",728.3,5.7,137.7,8.547347,2.013246,0,0,DJI Matrice 300 RTK,M300 RTK,1ZN7L4R0H1D00F,1W9DL31001461C,1ZMLH8300204F0,1Z6PH74DAP0QN7,DJI Pilot,Android,7.0.2,1EF72A62-B7C3-C88D-164E-CE6F8C8424AE,1ZN7L4R0H1D00F,1W9DL31001461C,,1ZMLH8300204F0,1W9DL31001461C,,,,,
2023-11-01,11:32:52.83 AM,8m 30.5s,510.5,33.797039409651,-117.4759946324932,44.2,137.7,15.4,1308,4352.0,6.487126,7.569323,-6.487126,2.23694,0,1.342164,0,0.894776,-0.5,0.4,0.6,178.3,178.3,176.5,Tripod,Other,,21,5,True,,True,False,,Smart,RC,False,True,False,,,True,,False,False,False,False,False,False,False,False,False,False,0,Follow Yaw,-77.9,0,170.1,170.1,False,False,False,False,False,,0,0,False,False,No Card,100,100,1024,1313,1024,1024,2,False,False,False,False,False,0,False,False,False,False,73,,46.668,,7331,,10044,,46.668,,True,3.893,3.893,3.893,3.893,3.893,3.893,3.893,3.893,3.893,3.893,3.893,3.893,0,,False,False,True,,,,,,,,,,,,,,,False,False,19.122,,101.4,,75.7,,101.4,,1384,110,4,21,7,144005.7,19200.76,,Idle,,20,,10,,,20,Go Home,False,False,False,False,False,False,False,False,False,False,False,False,33.8027920380556,-117.4659261431046,3704.1,3704.1,1049.4,396.9,True,1,1,False,False,False,False,,True,False,False,Course Lock,196.8,67,16.4,93,N,S,2.68,11.4,Calm,False,False,Android,7.0.2,M300 RTK,1ZN7L4R0H1D00F,1W9DL31001461C,1ZMLH8300204F0,1Z6PH74DAP0QN7,"Corona, CA",728.3,5.7,137.7,8.547347,2.013246,0,0,DJI Matrice 300 RTK,M300 RTK,1ZN7L4R0H1D00F,1W9DL31001461C,1ZMLH8300204F0,1Z6PH74DAP0QN7,DJI Pilot,Android,7.0.2,1EF72A62-B7C3-C88D-164E-CE6F8C8424AE,1ZN7L4R0H1D00F,1W9DL31001461C,,1ZMLH8300204F0,1W9DL31001461C,,,,,
2023-11-01,11:32:52.94 AM,8m 30.6s,510.6,33.797036882317,-117.4759945102784,44.2,137.7,15.4,1308,4353.0,6.487126,7.569323,-6.487126,2.23694,0,1.342164,0,0.894776,-0.4,0.3,0.5,178.3,178.3,177.6,Tripod,Other,,21,5,True,,True,False,,Smart,RC,False,True,False,,,True,,False,False,False,False,False,False,False,False,False,False,0,Follow Yaw,-77.9,0,170.1,170.1,False,False,False,False,False,,0,0,False,False,No Card,100,100,1024,1309,1024,1024,2,False,False,False,False,False,0,False,False,False,False,73,,46.668,,7331,,10044,,46.668,,True,3.893,3.893,3.893,3.893,3.893,3.893,3.893,3.893,3.893,3.893,3.893,3.893,0,,False,False,True,,,,,,,,,,,,,,,False,False,19.122,,101.4,,75.7,,101.4,,1384,110,4,21,7,144005.7,19200.76,,Idle,,20,,10,,,20,Go Home,False,False,False,False,False,False,False,False,False,False,False,False,33.8027920380556,-117.4659261431046,3704.6,3704.6,1049.4,396.9,True,1,1,False,False,False,False,,True,False,False,Course Lock,196.8,67,16.4,93,N,S,2.68,11.4,Calm,False,False,Android,7.0.2,M300 RTK,1ZN7L4R0H1D00F,1W9DL31001461C,1ZMLH8300204F0,1Z6PH74DAP0QN7,"Corona, CA",728.3,5.7,137.7,8.547347,2.013246,0,0,DJI Matrice 300 RTK,M300 RTK,1ZN7L4R0H1D00F,1W9DL31001461C,1ZMLH8300204F0,1Z6PH74DAP0QN7,DJI Pilot,Android,7.0.2,1EF72A62-B7C3-C88D-164E-CE6F8C8424AE,1ZN7L4R0H1D00F,1W9DL31001461C,,1ZMLH8300204F0,1W9DL31001461C,,,,,
2023-11-01,11:32:53.04 AM,8m 30.7s,510.7,33.7970341962622,-117.4759946396678,44.2,137.7,15.4,1308,4353.9,6.263432,7.569323,-6.263432,2.23694,0,1.342164,0,0.894776,-0.2,0.3,0.3,178.2,178.2,182.2,Tripod,Other,,21,5,True,,True,False,,Smart,RC,False,True,False,,,True,,False,False,False,False,False,False,False,False,False,False,0,Follow Yaw,-77.9,0,170.1,170.1,False,False,False,False,False,,0,0,False,False,No Card,100,100,1024,1309,1024,1024,2,False,False,False,False,False,0,False,False,False,False,73,,46.668,,7331,,10044,,46.668,,True,3.893,3.893,3.893,3.893,3.893,3.893,3.893,3.893,3.893,3.893,3.893,3.893,0,,False,False,True,,,,,,,,,,,,,,,False,False,19.122,,101.4,,75.7,,101.4,,1384,110,4,21,7,144005.7,19200.76,,Idle,,20,,10,,,20,Go Home,False,False,False,False,False,False,False,False,False,False,False,False,33.8027920380556,-117.4659261431046,3705.2,3705.2,1049.4,396.9,True,1,1,False,False,False,False,,True,False,False,Course Lock,196.8,67,16.4,93,N,S,2.68,11.4,Calm,False,False,Android,7.0.2,M300 RTK,1ZN7L4R0H1D00F,1W9DL31001461C,1ZMLH8300204F0,1Z6PH74DAP0QN7,"Corona, CA",728.3,5.7,137.7,8.547347,2.013246,0,0,DJI Matrice 300 RTK,M300 RTK,1ZN7L4R0H1D00F,1W9DL31001461C,1ZMLH8300204F0,1Z6PH74DAP0QN7,DJI Pilot,Android,7.0.2,1EF72A62-B7C3-C88D-164E-CE6F8C8424AE,1ZN7L4R0H1D00F,1W9DL31001461C,,1ZMLH8300204F0,1W9DL31001461C,,,,,
2023-11-01,11:32:53.15 AM,8m 30.8s,510.8,33.7970315809328,-117.475994530565,44.2,137.7,15.4,1308,4354.9,6.263432,7.569323,-6.263432,2.23694,0,1.342164,0,0.894776,-0.2,0.4,0.4,178.2,178.2,178.0,Tripod,Other,,21,5,True,,True,False,,Smart,RC,False,True,False,,,True,,False,False,False,False,False,False,False,False,False,False,0,Follow Yaw,-77.9,0,170.1,170.1,False,False,False,False,False,,0,0,False,False,No Card,100,100,1024,1306,1024,1024,2,False,False,False,False,False,0,False,False,False,False,73,,46.668,,7331,,10044,,46.668,,True,3.893,3.893,3.893,3.893,3.893,3.893,3.893,3.893,3.893,3.893,3.893,3.893,0,,False,False,True,,,,,,,,,,,,,,,False,False,19.122,,101.4,,75.7,,101.4,,1384,110,4,21,7,144005.7,19200.76,,Idle,,20,,10,,,20,Go Home,False,False,False,False,False,False,False,False,False,False,False,False,33.8027920380556,-117.4659261431046,3705.7,3705.7,1049.4,396.9,True,1,1,False,False,False,False,,True,False,False,Course Lock,196.8,67,16.4,93,N,S,2.68,11.4,Calm,False,False,Android,7.0.2,M300 RTK,1ZN7L4R0H1D00F,1W9DL31001461C,1ZMLH8300204F0,1Z6PH74DAP0QN7,"Corona, CA",728.3,5.7,137.7,8.547347,2.013246,0,0,DJI Matrice 300 RTK,M300 RTK,1ZN7L4R0H1D00F,1W9DL31001461C,1ZMLH8300204F0,1Z6PH74DAP0QN7,DJI Pilot,Android,7.0.2,1EF72A62-B7C3-C88D-164E-CE6F8C8424AE,1ZN7L4R0H1D00F,1W9DL31001461C,,1ZMLH8300204F0,1W9DL31001461C,,,,,
2023-11-01,11:32:53.26 AM,8m 30.9s,510.9,33.7970290907433,-117.4759942996597,44.2,137.7,15.4,1308,4355.8,6.263432,7.569323,-6.263432,2.23694,0,1.342164,0,0.894776,-0.2,0.5,0.5,178.2,178.2,175.5,Tripod,Other,,21,5,True,,True,False,,Smart,RC,False,True,False,,,True,,False,False,False,False,False,False,False,False,False,False,0,Follow Yaw,-77.9,0,170.1,170.1,False,False,False,False,False,,0,0,False,False,No Card,100,100,1024,1306,1024,1024,2,False,False,False,False,False,0,False,False,False,False,73,,46.644,,3639,,4986,,46.644,,True,3.893,3.893,3.893,3.893,3.893,3.893,3.893,3.893,3.893,3.893,3.893,3.893,0,,False,False,True,,,,,,,,,,,,,,,False,False,9.514,,101.4,,75.7,,101.4,,1384,110,4,21,7,144005.7,19200.76,,Idle,,20,,10,,,20,Go Home,False,False,False,False,False,False,False,False,False,False,False,False,33.8027920380556,-117.4659261431046,3706.2,3706.2,1049.4,396.9,True,1,1,False,False,False,False,,True,False,False,Course Lock,196.8,67,16.4,93,N,S,2.68,11.4,Calm,False,False,Android,7.0.2,M300 RTK,1ZN7L4R0H1D00F,1W9DL31001461C,1ZMLH8300204F0,1Z6PH74DAP0QN7,"Corona, CA",728.3,5.7,137.7,8.547347,2.013246,0,0,DJI Matrice 300 RTK,M300 RTK,1ZN7L4R0H1D00F,1W9DL31001461C,1ZMLH8300204F0,1Z6PH74DAP0QN7,DJI Pilot,Android,7.0.2,1EF72A62-B7C3-C88D-164E-CE6F8C8424AE,1ZN7L4R0H1D00F,1W9DL31001461C,,1ZMLH8300204F0,1W9DL31001461C,,,,,
2023-11-01,11:32:53.36 AM,8m 31.0s,511.0,33.7970265196857,-117.4759941842071,44.2,137.7,15.4,1308,4356.7,6.263432,7.569323,-6.263432,2.23694,0,1.342164,0,0.894776,-0.3,0.5,0.5,178.3,178.3,177.8,Tripod,Other,,21,5,True,,True,False,,Smart,RC,False,True,False,,,True,,False,False,False,False,False,False,False,False,False,False,0,Follow Yaw,-77.9,0,170.1,170.1,False,False,False,False,False,,0,0,False,False,No Card,100,100,1024,1309,1024,1024,2,False,False,False,False,False,0,False,False,False,False,73,,46.668,,7331,,10044,,46.668,,True,3.893,3.893,3.893,3.893,3.893,3.893,3.893,3.893,3.893,3.893,3.893,3.893,0,,False,False,True,,,,,,,,,,,,,,,False,False,19.01,,101.6,,75.7,,101.6,,1384,110,4,21,7,144005.7,19200.76,,Idle,,20,,10,,,20,Go Home,False,False,False,False,False,False,False,False,False,False,False,False,33.8027920380556,-117.4659261431046,3706.7,3706.7,1049.4,396.9,True,1,1,False,False,False,False,,True,False,False,Course Lock,196.8,67,16.4,93,N,S,2.68,11.4,Calm,False,False,Android,7.0.2,M300 RTK,1ZN7L4R0H1D00F,1W9DL31001461C,1ZMLH8300204F0,1Z6PH74DAP0QN7,"Corona, CA",728.3,5.7,137.7,8.547347,2.013246,0,0,DJI Matrice 300 RTK,M300 RTK,1ZN7L4R0H1D00F,1W9DL31001461C,1ZMLH8300204F0,1Z6PH74DAP0QN7,DJI Pilot,Android,7.0.2,1EF72A62-B7C3-C88D-164E-CE6F8C8424AE,1ZN7L4R0H1D00F,1W9DL31001461C,,1ZMLH8300204F0,1W9DL31001461C,,,,,
2023-11-01,11:32:53.47 AM,8m 31.1s,511.1,33.7970237741449,-117.4759939546212,44.2,137.7,15.4,1308,4357.7,6.263432,7.569323,-6.263432,2.23694,0,1.342164,0,0.894776,-0.3,0.5,0.5,178.3,178.3,176.0,Tripod,Other,,21,5,True,,True,False,,Smart,RC,False,True,False,,,True,,False,False,False,False,False,False,False,False,False,False,0,Follow Yaw,-77.9,0,170.1,170.1,False,False,False,False,False,,0,0,False,False,No Card,100,100,1024,1310,1024,1024,2,False,False,False,False,False,0,False,False,False,False,73,,46.668,,7331,,10044,,46.668,,True,3.893,3.893,3.893,3.893,3.893,3.893,3.893,3.893,3.893,3.893,3.893,3.893,0,,False,False,True,,,,,,,,,,,,,,,False,False,19.01,,101.6,,75.7,,101.6,,1384,110,4,21,7,144005.7,19200.76,,Idle,,20,,10,,,20,Go Home,False,False,False,False,False,False,False,False,False,False,False,False,33.8027920380556,-117.4659261431046,3707.2,3707.2,1049.4,396.9,True,1,1,False,False,False,False,,True,False,False,Course Lock,196.8,67,16.4,93,N,S,2.68,11.4,Calm,False,False,Android,7.0.2,M300 RTK,1ZN7L4R0H1D00F,1W9DL31001461C,1ZMLH8300204F0,1Z6PH74DAP0QN7,"Corona, CA",728.3,5.7,137.7,8.547347,2.013246,0,0,DJI Matrice 300 RTK,M300 RTK,1ZN7L4R0H1D00F,1W9DL31001461C,1ZMLH8300204F0,1Z6PH74DAP0QN7,DJI Pilot,Android,7.0.2,1EF72A62-B7C3-C88D-164E-CE6F8C8424AE,1ZN7L4R0H1D00F,1W9DL31001461C,,1ZMLH8300204F0,1W9DL31001461C,,,,,
2023-11-01,11:32:53.57 AM,8m 31.2s,511.2,33.7970212143266,-117.4759938293551,44.2,137.7,15.4,1308,4358.7,6.263432,7.569323,-6.263432,2.23694,0,1.342164,0,0.894776,-0.2,0.4,0.4,178.2,178.2,177.6,Tripod,Other,,21,5,True,,True,False,,Smart,RC,False,True,False,,,True,,False,False,False,False,False,False,False,False,False,False,0,Follow Yaw,-77.9,0,170.1,170.1,False,False,False,False,False,,0,0,False,False,No Card,100,100,1024,1309,1024,1024,2,False,False,False,False,False,0,False,False,False,False,73,,46.668,,7331,,10044,,46.668,,True,3.893,3.893,3.893,3.893,3.893,3.893,3.893,3.893,3.893,3.893,3.893,3.893,0,,False,False,True,,,,,,,,,,,,,,,False,False,19.01,,101.6,,75.7,,101.6,,1384,110,4,21,7,144005.7,19200.76,,Idle,,20,,10,,,20,Go Home,False,False,False,False,False,False,False,False,False,False,False,False,33.8027920380556,-117.4659261431046,3707.7,3707.7,1049.4,396.9,True,1,1,False,False,False,False,,True,False,False,Course Lock,196.8,67,16.4,93,N,S,2.46,11.4,Calm,False,False,Android,7.0.2,M300 RTK,1ZN7L4R0H1D00F,1W9DL31001461C,1ZMLH8300204F0,1Z6PH74DAP0QN7,"Corona, CA",728.3,5.7,137.7,8.547347,2.013246,0,0,DJI Matrice 300 RTK,M300 RTK,1ZN7L4R0H1D00F,1W9DL31001461C,1ZMLH8300204F0,1Z6PH74DAP0QN7,DJI Pilot,Android,7.0.2,1EF72A62-B7C3-C88D-164E-CE6F8C8424AE,1ZN7L4R0H1D00F,1W9DL31001461C,,1ZMLH8300204F0,1W9DL31001461C,,,,,
2023-11-01,11:32:53.67 AM,8m 31.3s,511.3,33.7970187168727,-117.4759936289623,44.2,137.7,15.4,1308,4359.6,6.039738,7.569323,-6.039738,2.23694,0,1.342164,0,0.894776,-0.1,0.5,0.5,178.2,178.2,176.1,Tripod,Other,,21,5,True,,True,False,,Smart,RC,False,True,False,,,True,,False,False,False,False,False,False,False,False,False,False,0,Follow Yaw,-77.9,0,170.1,170.1,False,False,False,False,False,,0,0,False,False,No Card,100,100,1024,1314,1024,1024,2,False,False,False,False,False,0,False,False,False,False,73,,46.668,,7331,,10044,,46.668,,True,3.89,3.89,3.89,3.89,3.89,3.89,3.89,3.89,3.89,3.89,3.89,3.89,0,,False,False,True,,,,,,,,,,,,,,,False,False,19.01,,101.6,,75.7,,101.6,,1383,110,4,21,7,144088.1,19211.74,,Idle,,20,,10,,,20,Go Home,False,False,False,False,False,False,False,False,False,False,False,False,33.8027920380556,-117.4659261431046,3708.1,3708.1,1049.4,396.9,True,1,1,False,False,False,False,,True,False,False,Course Lock,196.8,67,16.4,93,N,S,2.46,11.4,Calm,False,False,Android,7.0.2,M300 RTK,1ZN7L4R0H1D00F,1W9DL31001461C,1ZMLH8300204F0,1Z6PH74DAP0QN7,"Corona, CA",728.3,5.7,137.7,8.547347,2.013246,0,0,DJI Matrice 300 RTK,M300 RTK,1ZN7L4R0H1D00F,1W9DL31001461C,1ZMLH8300204F0,1Z6PH74DAP0QN7,DJI Pilot,Android,7.0.2,1EF72A62-B7C3-C88D-164E-CE6F8C8424AE,1ZN7L4R0H1D00F,1W9DL31001461C,,1ZMLH8300204F0,1W9DL31001461C,,,,,
2023-11-01,11:32:53.78 AM,8m 31.4s,511.4,33.7970161950213,-117.475993493058,44.2,137.7,15.4,1308,4360.5,6.043879,7.569323,-6.039738,2.23694,0.223694,1.342164,0,0.894776,0,0.6,0.6,178.2,178.2,177.4,Tripod,Other,,21,5,True,,True,False,,Smart,RC,False,True,False,,,True,,False,False,False,False,False,False,False,False,False,False,0,Follow Yaw,-77.9,0,170.1,170.1,False,False,False,False,False,,0,0,False,False,No Card,100,100,1024,1317,1024,1024,2,False,False,False,False,False,0,False,False,False,False,73,,46.668,,7331,,10044,,46.668,,True,3.89,3.89,3.89,3.89,3.89,3.89,3.89,3.89,3.89,3.89,3.89,3.89,0,,False,False,True,,,,,,,,,,,,,,,False,False,19.01,,101.6,,75.7,,101.6,,1383,110,4,21,7,144088.1,19211.74,,Idle,,20,,10,,,20,Go Home,False,False,False,False,False,False,False,False,False,False,False,False,33.8027920380556,-117.4659261431046,3708.6,3708.6,1049.4,396.9,True,1,1,False,False,False,False,,True,False,False,Course Lock,196.8,67,16.4,93,N,S,2.46,11.4,Calm,False,False,Android,7.0.2,M300 RTK,1ZN7L4R0H1D00F,1W9DL31001461C,1ZMLH8300204F0,1Z6PH74DAP0QN7,"Corona, CA",728.3,5.7,137.7,8.547347,2.013246,0,0,DJI Matrice 300 RTK,M300 RTK,1ZN7L4R0H1D00F,1W9DL31001461C,1ZMLH8300204F0,1Z6PH74DAP0QN7,DJI Pilot,Android,7.0.2,1EF72A62-B7C3-C88D-164E-CE6F8C8424AE,1ZN7L4R0H1D00F,1W9DL31001461C,,1ZMLH8300204F0,1W9DL31001461C,,,,,
2023-11-01,11:32:53.84 AM,8m 31.5s,511.5,33.7970137787097,-117.4759933026436,44.2,137.7,15.4,1308,4361.4,6.043879,7.569323,-6.039738,2.23694,0.223694,1.342164,0,0.894776,0,0.6,0.6,178.2,178.2,176.2,Tripod,Other,,21,5,True,,True,False,,Smart,RC,False,True,False,,,True,,False,False,False,False,False,False,False,False,False,False,0,Follow Yaw,-77.9,0,170.1,170.1,False,False,False,False,False,,0,0,False,False,No Card,100,100,1024,1319,1024,1024,2,False,False,False,False,False,0,False,False,False,False,73,,46.668,,7331,,10044,,46.668,,True,3.89,3.89,3.89,3.89,3.89,3.89,3.89,3.89,3.89,3.89,3.89,3.89,0,,False,False,True,,,,,,,,,,,,,,,False,False,19.01,,101.6,,75.7,,101.6,,1383,110,4,21,7,144088.1,19211.74,,Idle,,20,,10,,,20,Go Home,False,False,False,False,False,False,False,False,False,False,False,False,33.8027920380556,-117.4659261431046,3709.1,3709.1,1049.4,396.9,True,1,1,False,False,False,False,,True,False,False,Course Lock,196.8,67,16.4,93,N,S,2.46,11.4,Calm,False,False,Android,7.0.2,M300 RTK,1ZN7L4R0H1D00F,1W9DL31001461C,1ZMLH8300204F0,1Z6PH74DAP0QN7,"Corona, CA",728.3,5.7,137.7,8.547347,2.013246,0,0,DJI Matrice 300 RTK,M300 RTK,1ZN7L4R0H1D00F,1W9DL31001461C,1ZMLH8300204F0,1Z6PH74DAP0QN7,DJI Pilot,Android,7.0.2,1EF72A62-B7C3-C88D-164E-CE6F8C8424AE,1ZN7L4R0H1D00F,1W9DL31001461C,,1ZMLH8300204F0,1W9DL31001461C,,,,,
2023-11-01,11:32:53.94 AM,8m 31.6s,511.6,33.7970113053791,-117.4759931639355,44.2,137.7,15.7,1308,4362.3,6.043879,7.569323,-6.039738,2.23694,0.223694,1.342164,0,0.894776,-0.1,0.6,0.6,178.2,178.2,177.3,Tripod,Other,,22,5,True,,True,False,,Smart,RC,False,True,False,,,True,,False,False,False,False,False,False,False,False,False,False,0,Follow Yaw,-77.9,0,170.1,170.1,False,False,False,False,False,,0,0,False,False,No Card,100,100,1024,1321,1024,1024,2,False,False,False,False,False,0,False,False,False,False,73,,46.668,,7331,,10044,,46.668,,True,3.89,3.89,3.89,3.89,3.89,3.89,3.89,3.89,3.89,3.89,3.89,3.89,0,,False,False,True,,,,,,,,,,,,,,,False,False,19.01,,101.6,,75.7,,101.6,,1383,110,4,21,7,144088.1,19211.74,,Idle,,20,,10,,,20,Go Home,False,False,False,False,False,False,False,False,False,False,False,False,33.8027920380556,-117.4659261431046,3709.6,3709.6,1049.4,396.9,True,1,1,False,False,False,False,,True,False,False,Course Lock,196.8,67,16.4,93,N,S,2.46,11.4,Calm,False,False,Android,7.0.2,M300 RTK,1ZN7L4R0H1D00F,1W9DL31001461C,1ZMLH8300204F0,1Z6PH74DAP0QN7,"Corona, CA",728.3,5.7,137.7,8.547347,2.013246,0,0,DJI Matrice 300 RTK,M300 RTK,1ZN7L4R0H1D00F,1W9DL31001461C,1ZMLH8300204F0,1Z6PH74DAP0QN7,DJI Pilot,Android,7.0.2,1EF72A62-B7C3-C88D-164E-CE6F8C8424AE,1ZN7L4R0H1D00F,1W9DL31001461C,,1ZMLH8300204F0,1W9DL31001461C,,,,,
2023-11-01,11:32:54.04 AM,8m 31.7s,511.7,33.7970089586963,-117.4759931388658,44.2,137.7,15.7,1308,4363.2,6.043879,7.569323,-6.039738,2.23694,0.223694,1.342164,0,0.894776,-0.3,0.5,0.5,178.2,178.2,179.4,Tripod,Other,,22,5,True,,True,False,,Smart,RC,False,True,False,,,True,,False,False,False,False,False,False,False,False,False,False,0,Follow Yaw,-77.9,0,170.1,170.1,False,False,False,False,False,,0,0,False,False,No Card,100,100,1024,1321,1024,1024,2,False,False,False,False,False,0,False,False,False,False,73,,46.668,,7331,,10044,,46.668,,True,3.89,3.89,3.89,3.89,3.89,3.89,3.89,3.89,3.89,3.89,3.89,3.89,0,,False,False,True,,,,,,,,,,,,,,,False,False,19.01,,101.6,,75.7,,101.6,,1383,110,4,21,7,144088.1,19211.74,,Idle,,20,,10,,,20,Go Home,False,False,False,False,False,False,False,False,False,False,False,False,33.8027920380556,-117.4659261431046,3710.0,3710.0,1049.4,396.9,True,1,1,False,False,False,False,,True,False,False,Course Lock,196.8,67,16.4,93,N,S,2.46,11.4,Calm,False,False,Android,7.0.2,M300 RTK,1ZN7L4R0H1D00F,1W9DL31001461C,1ZMLH8300204F0,1Z6PH74DAP0QN7,"Corona, CA",728.3,5.7,137.7,8.547347,2.013246,0,0,DJI Matrice 300 RTK,M300 RTK,1ZN7L4R0H1D00F,1W9DL31001461C,1ZMLH8300204F0,1Z6PH74DAP0QN7,DJI Pilot,Android,7.0.2,1EF72A62-B7C3-C88D-164E-CE6F8C8424AE,1ZN7L4R0H1D00F,1W9DL31001461C,,1ZMLH8300204F0,1W9DL31001461C,,,,,
2023-11-01,11:32:54.14 AM,8m 31.8s,511.8,33.7970065146976,-117.4759930033738,44.2,137.7,15.7,1308,4364.0,5.820344,7.569323,-5.816044,2.23694,0.223694,1.342164,0,0.894776,-0.5,0.6,0.7,178.2,178.2,177.3,Tripod,Other,,22,5,True,,True,False,,Smart,RC,False,True,False,,,True,,False,False,False,False,False,False,False,False,False,False,0,Follow Yaw,-77.9,0,170.1,170.1,False,False,False,False,False,,0,0,False,False,No Card,100,100,1024,1326,1024,1024,2,False,False,False,False,False,0,False,False,False,False,73,,46.668,,7331,,10044,,46.668,,True,3.89,3.89,3.89,3.89,3.89,3.89,3.89,3.89,3.89,3.89,3.89,3.89,0,,False,False,True,,,,,,,,,,,,,,,False,False,19.01,,101.6,,75.7,,101.6,,1383,110,4,21,7,144088.1,19211.74,,Idle,,20,,10,,,20,Go Home,False,False,False,False,False,False,False,False,False,False,False,False,33.8027920380556,-117.4659261431046,3710.5,3710.5,1049.4,396.9,True,1,1,False,False,False,False,,True,False,False,Course Lock,196.8,67,16.4,93,N,S,2.46,11.4,Calm,False,False,Android,7.0.2,M300 RTK,1ZN7L4R0H1D00F,1W9DL31001461C,1ZMLH8300204F0,1Z6PH74DAP0QN7,"Corona, CA",728.3,5.7,137.7,8.547347,2.013246,0,0,DJI Matrice 300 RTK,M300 RTK,1ZN7L4R0H1D00F,1W9DL31001461C,1ZMLH8300204F0,1Z6PH74DAP0QN7,DJI Pilot,Android,7.0.2,1EF72A62-B7C3-C88D-164E-CE6F8C8424AE,1ZN7L4R0H1D00F,1W9DL31001461C,,1ZMLH8300204F0,1W9DL31001461C,,,,,
2023-11-01,11:32:54.24 AM,8m 31.9s,511.9,33.7970041910416,-117.4759926486043,44.2,137.7,15.7,1308,4364.9,5.820344,7.569323,-5.816044,2.23694,0.223694,1.342164,0,0.894776,-0.6,0.6,0.8,178.2,178.2,172.7,Tripod,Other,,22,5,True,,True,False,,Smart,RC,False,True,False,,,True,,False,False,False,False,False,False,False,False,False,False,0,Follow Yaw,-77.9,0,170.1,170.1,False,False,False,False,False,,0,0,False,False,No Card,100,100,1024,1328,1024,1024,2,False,False,False,False,False,0,False,False,False,False,73,,46.668,,7331,,10044,,46.668,,True,3.89,3.89,3.89,3.89,3.89,3.89,3.89,3.89,3.89,3.89,3.89,3.89,0,,False,False,True,,,,,,,,,,,,,,,False,False,19.01,,101.6,,75.7,,101.6,,1383,110,4,21,7,144088.1,19211.74,,Idle,,20,,10,,,20,Go Home,False,False,False,False,False,False,False,False,False,False,False,False,33.8027920380556,-117.4659261431046,3710.9,3710.9,1049.4,396.9,True,1,1,False,False,False,False,,True,False,False,Course Lock,196.8,67,16.4,93,N,S,2.46,11.4,Calm,False,False,Android,7.0.2,M300 RTK,1ZN7L4R0H1D00F,1W9DL31001461C,1ZMLH8300204F0,1Z6PH74DAP0QN7,"Corona, CA",728.3,5.7,137.7,8.547347,2.013246,0,0,DJI Matrice 300 RTK,M300 RTK,1ZN7L4R0H1D00F,1W9DL31001461C,1ZMLH8300204F0,1Z6PH74DAP0QN7,DJI Pilot,Android,7.0.2,1EF72A62-B7C3-C88D-164E-CE6F8C8424AE,1ZN7L4R0H1D00F,1W9DL31001461C,,1ZMLH8300204F0,1W9DL31001461C,,,,,
2023-11-01,11:32:54.34 AM,8m 32.0s,512.0,33.797001789807,-117.4759924963717,44.2,137.7,15.7,1308,4365.8,5.820344,7.569323,-5.816044,2.23694,0.223694,1.342164,0,0.894776,-0.7,0.6,0.9,178.3,178.3,176.9,Tripod,Other,,22,5,True,,True,False,,Smart,RC,False,True,False,,,True,,False,False,False,False,False,False,False,False,False,False,0,Follow Yaw,-77.9,0,170.1,170.1,False,False,False,False,False,,0,0,False,False,No Card,100,100,1024,1328,1024,1024,2,False,False,False,False,False,0,False,False,False,False,72,,46.692,,7280,,10044,,46.692,,True,3.89,3.89,3.89,3.89,3.89,3.89,3.89,3.89,3.89,3.89,3.89,3.89,0,,False,False,True,,,,,,,,,,,,,,,False,False,19.266,,101.6,,75.7,,101.6,,1383,110,4,21,7,144088.1,19211.74,,Idle,,20,,10,,,20,Go Home,False,False,False,False,False,False,False,False,False,False,False,False,33.8027920380556,-117.4659261431046,3711.4,3711.4,1049.4,396.9,True,1,1,False,False,False,False,,True,False,False,Course Lock,196.8,67,16.4,93,N,S,2.68,11.4,Calm,False,False,Android,7.0.2,M300 RTK,1ZN7L4R0H1D00F,1W9DL31001461C,1ZMLH8300204F0,1Z6PH74DAP0QN7,"Corona, CA",728.3,5.7,137.7,8.547347,2.013246,0,0,DJI Matrice 300 RTK,M300 RTK,1ZN7L4R0H1D00F,1W9DL31001461C,1ZMLH8300204F0,1Z6PH74DAP0QN7,DJI Pilot,Android,7.0.2,1EF72A62-B7C3-C88D-164E-CE6F8C8424AE,1ZN7L4R0H1D00F,1W9DL31001461C,,1ZMLH8300204F0,1W9DL31001461C,,,,,
2023-11-01,11:32:54.44 AM,8m 32.1s,512.1,33.7969993256598,-117.4759923337484,44.2,137.7,15.7,1308,4366.7,5.820344,7.569323,-5.816044,2.23694,0.223694,1.342164,0,0.894776,-0.7,0.7,0.9,178.3,178.3,176.8,Tripod,Other,,22,5,True,,True,False,,Smart,RC,False,True,False,,,True,,False,False,False,False,False,False,False,False,False,False,0,Follow Yaw,-77.9,0,170.1,170.1,False,False,False,False,False,,0,0,False,False,No Card,100,100,1024,1328,1024,1024,2,False,False,False,False,False,0,False,False,False,False,72,,46.692,,7280,,10044,,46.692,,True,3.89,3.89,3.89,3.89,3.89,3.89,3.89,3.89,3.89,3.89,3.89,3.89,0,,False,False,True,,,,,,,,,,,,,,,False,False,19.266,,101.6,,75.7,,101.6,,1383,110,4,21,7,144088.1,19211.74,,Idle,,20,,10,,,20,Go Home,False,False,False,False,False,False,False,False,False,False,False,False,33.8027920380556,-117.4659261431046,3711.8,3711.8,1049.4,396.9,True,1,1,False,False,False,False,,True,False,False,Course Lock,196.8,67,16.4,93,N,S,2.68,11.4,Calm,False,False,Android,7.0.2,M300 RTK,1ZN7L4R0H1D00F,1W9DL31001461C,1ZMLH8300204F0,1Z6PH74DAP0QN7,"Corona, CA",728.3,5.7,137.7,8.547347,2.013246,0,0,DJI Matrice 300 RTK,M300 RTK,1ZN7L4R0H1D00F,1W9DL31001461C,1ZMLH8300204F0,1Z6PH74DAP0QN7,DJI Pilot,Android,7.0.2,1EF72A62-B7C3-C88D-164E-CE6F8C8424AE,1ZN7L4R0H1D00F,1W9DL31001461C,,1ZMLH8300204F0,1W9DL31001461C,,,,,
2023-11-01,11:32:54.54 AM,8m 32.2s,512.2,33.7969968010671,-117.475992173929,44.2,137.7,15.7,1308,4367.6,5.820344,7.569323,-5.816044,2.23694,0.223694,1.342164,0,0.894776,-0.7,0.8,1,178.3,178.3,176.9,Tripod,Other,,22,5,True,,True,False,,Smart,RC,False,True,False,,,True,,False,False,False,False,False,False,False,False,False,False,0,Follow Yaw,-77.9,0,170.1,170.1,False,False,False,False,False,,0,0,False,False,No Card,100,100,1024,1328,1024,1024,2,False,False,False,False,False,0,False,False,False,False,72,,46.692,,7280,,10044,,46.692,,True,3.89,3.89,3.89,3.89,3.89,3.89,3.89,3.89,3.89,3.89,3.89,3.89,0,,False,False,True,,,,,,,,,,,,,,,False,False,19.266,,101.6,,75.7,,101.6,,1383,110,4,21,7,144088.1,19211.74,,Idle,,20,,10,,,20,Go Home,False,False,False,False,False,False,False,False,False,False,False,False,33.8027920380556,-117.4659261431046,3712.3,3712.3,1049.4,396.9,True,1,1,False,False,False,False,,True,False,False,Course Lock,196.8,67,16.4,93,N,S,2.68,11.4,Calm,False,False,Android,7.0.2,M300 RTK,1ZN7L4R0H1D00F,1W9DL31001461C,1ZMLH8300204F0,1Z6PH74DAP0QN7,"Corona, CA",728.3,5.7,137.7,8.547347,2.013246,0,0,DJI Matrice 300 RTK,M300 RTK,1ZN7L4R0H1D00F,1W9DL31001461C,1ZMLH8300204F0,1Z6PH74DAP0QN7,DJI Pilot,Android,7.0.2,1EF72A62-B7C3-C88D-164E-CE6F8C8424AE,1ZN7L4R0H1D00F,1W9DL31001461C,,1ZMLH8300204F0,1W9DL31001461C,,,,,
2023-11-01,11:32:54.64 AM,8m 32.3s,512.3,33.796994345555,-117.4759918874414,44.2,137.7,15.7,1308,4368.5,5.820344,7.569323,-5.816044,2.23694,0.223694,1.342164,0,0.894776,-0.7,0.8,1,178.3,178.3,174.4,Tripod,Other,,22,5,True,,True,False,,Smart,RC,False,True,False,,,True,,False,False,False,False,False,False,False,False,False,False,0,Follow Yaw,-77.9,0,170.1,170.1,False,False,False,False,False,,0,0,False,False,No Card,100,100,1024,1329,1024,1024,2,False,False,False,False,False,0,False,False,False,False,72,,46.692,,7280,,10044,,46.692,,True,3.891,3.891,3.891,3.891,3.891,3.891,3.891,3.891,3.891,3.891,3.891,3.891,0,,False,False,True,,,,,,,,,,,,,,,False,False,19.266,,101.6,,75.7,,101.6,,1381,111,4,21,7,144074.7,19209.97,,Idle,,20,,10,,,20,Go Home,False,False,False,False,False,False,False,False,False,False,False,False,33.8027920380556,-117.4659261431046,3712.8,3712.8,1049.4,396.9,True,1,1,False,False,False,False,,True,False,False,Course Lock,196.8,67,16.4,93,N,S,2.68,11.4,Calm,False,False,Android,7.0.2,M300 RTK,1ZN7L4R0H1D00F,1W9DL31001461C,1ZMLH8300204F0,1Z6PH74DAP0QN7,"Corona, CA",728.3,5.7,137.7,8.547347,2.013246,0,0,DJI Matrice 300 RTK,M300 RTK,1ZN7L4R0H1D00F,1W9DL31001461C,1ZMLH8300204F0,1Z6PH74DAP0QN7,DJI Pilot,Android,7.0.2,1EF72A62-B7C3-C88D-164E-CE6F8C8424AE,1ZN7L4R0H1D00F,1W9DL31001461C,,1ZMLH8300204F0,1W9DL31001461C,,,,,
2023-11-01,11:32:54.70 AM,8m 32.4s,512.4,33.7969919488436,-117.4759917273746,44.2,137.7,15.7,1308,4369.4,5.820344,7.569323,-5.816044,2.23694,0.223694,1.342164,0,0.894776,-0.7,0.8,1,178.3,178.3,176.8,Tripod,Other,,22,5,True,,True,False,,Smart,RC,False,True,False,,,True,,False,False,False,False,False,False,False,False,False,False,0,Follow Yaw,-77.9,0,170.1,170.1,False,False,False,False,False,,0,0,False,False,No Card,100,100,1024,1330,1024,1024,2,False,False,False,False,False,0,False,False,False,False,72,,46.692,,7280,,10044,,46.692,,True,3.891,3.891,3.891,3.891,3.891,3.891,3.891,3.891,3.891,3.891,3.891,3.891,0,,False,False,True,,,,,,,,,,,,,,,False,False,19.266,,101.6,,75.7,,101.6,,1381,111,4,21,7,144074.7,19209.97,,Idle,,20,,10,,,20,Go Home,False,False,False,False,False,False,False,False,False,False,False,False,33.8027920380556,-117.4659261431046,3713.2,3713.2,1049.4,396.9,True,1,1,False,False,False,False,,True,False,False,Course Lock,196.8,67,16.4,93,N,S,2.68,11.4,Calm,False,False,Android,7.0.2,M300 RTK,1ZN7L4R0H1D00F,1W9DL31001461C,1ZMLH8300204F0,1Z6PH74DAP0QN7,"Corona, CA",728.3,5.7,137.7,8.547347,2.013246,0,0,DJI Matrice 300 RTK,M300 RTK,1ZN7L4R0H1D00F,1W9DL31001461C,1ZMLH8300204F0,1Z6PH74DAP0QN7,DJI Pilot,Android,7.0.2,1EF72A62-B7C3-C88D-164E-CE6F8C8424AE,1ZN7L4R0H1D00F,1W9DL31001461C,,1ZMLH8300204F0,1W9DL31001461C,,,,,
2023-11-01,11:32:54.80 AM,8m 32.5s,512.5,33.7969897699278,-117.4759917960689,44.2,137.7,15.7,1308,4370.2,5.816044,7.569323,-5.816044,2.23694,0,1.342164,0,0.894776,-0.8,0.8,1.1,178.2,178.2,181.5,Tripod,Other,,22,5,True,,True,False,,Smart,RC,False,True,False,,,True,,False,False,False,False,False,False,False,False,False,False,0,Follow Yaw,-77.9,0,170.1,170.1,False,False,False,False,False,,0,0,False,False,No Card,100,100,1024,1331,1024,1024,2,False,False,False,False,False,0,False,False,False,False,72,,46.692,,7280,,10044,,46.692,,True,3.891,3.891,3.891,3.891,3.891,3.891,3.891,3.891,3.891,3.891,3.891,3.891,0,,False,False,True,,,,,,,,,,,,,,,False,False,19.266,,101.6,,75.7,,101.6,,1381,111,4,21,7,144074.7,19209.97,,Idle,,20,,10,,,20,Go Home,False,False,False,False,False,False,False,False,False,False,False,False,33.8027920380556,-117.4659261431046,3713.7,3713.7,1049.4,396.9,True,1,1,False,False,False,False,,True,False,False,Course Lock,196.8,67,16.4,93,N,S,2.68,11.4,Calm,False,False,Android,7.0.2,M300 RTK,1ZN7L4R0H1D00F,1W9DL31001461C,1ZMLH8300204F0,1Z6PH74DAP0QN7,"Corona, CA",728.3,5.7,137.7,8.547347,2.013246,0,0,DJI Matrice 300 RTK,M300 RTK,1ZN7L4R0H1D00F,1W9DL31001461C,1ZMLH8300204F0,1Z6PH74DAP0QN7,DJI Pilot,Android,7.0.2,1EF72A62-B7C3-C88D-164E-CE6F8C8424AE,1ZN7L4R0H1D00F,1W9DL31001461C,,1ZMLH8300204F0,1W9DL31001461C,,,,,
2023-11-01,11:32:54.94 AM,8m 32.6s,512.6,33.7969872704179,-117.4759916540621,44.2,137.7,15.7,1308,4371.1,5.816044,7.569323,-5.816044,2.23694,0,1.342164,0,0.894776,-0.8,0.8,1.1,178.2,178.2,177.2,Tripod,Other,,22,5,True,,True,False,,Smart,RC,False,True,False,,,True,,False,False,False,False,False,False,False,False,False,False,0,Follow Yaw,-77.9,0,170.1,170.1,False,False,False,False,False,,0,0,False,False,No Card,100,100,1024,1330,1024,1024,2,False,False,False,False,False,0,False,False,False,False,72,,46.692,,7280,,10044,,46.692,,True,3.891,3.891,3.891,3.891,3.891,3.891,3.891,3.891,3.891,3.891,3.891,3.891,0,,False,False,True,,,,,,,,,,,,,,,False,False,19.266,,101.6,,75.7,,101.6,,1381,111,4,21,7,144074.7,19209.97,,Idle,,20,,10,,,20,Go Home,False,False,False,False,False,False,False,False,False,False,False,False,33.8027920380556,-117.4659261431046,3714.2,3714.2,1049.4,396.9,True,1,1,False,False,False,False,,True,False,False,Course Lock,196.8,67,16.4,93,N,S,2.68,11.4,Calm,False,False,Android,7.0.2,M300 RTK,1ZN7L4R0H1D00F,1W9DL31001461C,1ZMLH8300204F0,1Z6PH74DAP0QN7,"Corona, CA",728.3,5.7,137.7,8.547347,2.013246,0,0,DJI Matrice 300 RTK,M300 RTK,1ZN7L4R0H1D00F,1W9DL31001461C,1ZMLH8300204F0,1Z6PH74DAP0QN7,DJI Pilot,Android,7.0.2,1EF72A62-B7C3-C88D-164E-CE6F8C8424AE,1ZN7L4R0H1D00F,1W9DL31001461C,,1ZMLH8300204F0,1W9DL31001461C,,,,,
2023-11-01,11:32:55.04 AM,8m 32.7s,512.7,33.7969851668876,-117.4759918333436,44.2,137.7,15.7,1308,4371.9,5.816044,7.569323,-5.816044,2.23694,0,1.342164,0,0.894776,-0.7,0.7,0.9,178.2,178.2,184.0,Tripod,Other,,22,5,True,,True,False,,Smart,RC,False,True,False,,,True,,False,False,False,False,False,False,False,False,False,False,0,Follow Yaw,-77.9,0,170.1,170.1,False,False,False,False,False,,0,0,False,False,No Card,100,100,1024,1327,1024,1024,2,False,False,False,False,False,0,False,False,False,False,73,,46.62,,3639,,4986,,46.62,,True,3.891,3.891,3.891,3.891,3.891,3.891,3.891,3.891,3.891,3.891,3.891,3.891,0,,False,False,True,,,,,,,,,,,,,,,False,False,9.668,,101.4,,75.7,,101.6,,1381,111,4,21,7,144074.7,19209.97,,Idle,,20,,10,,,20,Go Home,False,False,False,False,False,False,False,False,False,False,False,False,33.8027920380556,-117.4659261431046,3714.7,3714.7,1049.4,396.9,True,1,1,False,False,False,False,,True,False,False,Course Lock,196.8,67,16.4,93,N,S,2.68,11.4,Calm,False,False,Android,7.0.2,M300 RTK,1ZN7L4R0H1D00F,1W9DL31001461C,1ZMLH8300204F0,1Z6PH74DAP0QN7,"Corona, CA",728.3,5.7,137.7,8.547347,2.013246,0,0,DJI Matrice 300 RTK,M300 RTK,1ZN7L4R0H1D00F,1W9DL31001461C,1ZMLH8300204F0,1Z6PH74DAP0QN7,DJI Pilot,Android,7.0.2,1EF72A62-B7C3-C88D-164E-CE6F8C8424AE,1ZN7L4R0H1D00F,1W9DL31001461C,,1ZMLH8300204F0,1W9DL31001461C,,,,,
2023-11-01,11:32:55.11 AM,8m 32.8s,512.8,33.7969826886228,-117.4759917249006,44.2,137.7,15.7,1308,4372.8,5.816044,7.569323,-5.816044,2.23694,0,1.342164,0,0.894776,-0.7,0.5,0.8,178.2,178.2,177.9,Tripod,Other,,22,5,True,,True,False,,Smart,RC,False,True,False,,,True,,False,False,False,False,False,False,False,False,False,False,0,Follow Yaw,-77.9,0,170.1,170.1,False,False,False,False,False,,0,0,False,False,No Card,100,100,1024,1327,1024,1024,2,False,False,False,False,False,0,False,False,False,False,73,,46.62,,3639,,4986,,46.62,,True,3.891,3.891,3.891,3.891,3.891,3.891,3.891,3.891,3.891,3.891,3.891,3.891,0,,False,False,True,,,,,,,,,,,,,,,False,False,9.668,,101.4,,75.7,,101.6,,1381,111,4,21,7,144074.7,19209.97,,Idle,,20,,10,,,20,Go Home,False,False,False,False,False,False,False,False,False,False,False,False,33.8027920380556,-117.4659261431046,3715.1,3715.1,1049.4,396.9,True,1,1,False,False,False,False,,True,False,False,Course Lock,196.8,67,16.4,93,N,S,2.68,11.4,Calm,False,False,Android,7.0.2,M300 RTK,1ZN7L4R0H1D00F,1W9DL31001461C,1ZMLH8300204F0,1Z6PH74DAP0QN7,"Corona, CA",728.3,5.7,137.7,8.547347,2.013246,0,0,DJI Matrice 300 RTK,M300 RTK,1ZN7L4R0H1D00F,1W9DL31001461C,1ZMLH8300204F0,1Z6PH74DAP0QN7,DJI Pilot,Android,7.0.2,1EF72A62-B7C3-C88D-164E-CE6F8C8424AE,1ZN7L4R0H1D00F,1W9DL31001461C,,1ZMLH8300204F0,1W9DL31001461C,,,,,
2023-11-01,11:32:55.22 AM,8m 32.9s,512.9,33.7969799068969,-117.4759915076022,44.2,137.7,15.7,1308,4373.8,5.816044,7.569323,-5.816044,2.23694,0,1.342164,0,0.894776,-0.7,0.5,0.8,178.2,178.2,176.2,Tripod,Other,,22,5,True,,True,False,,Smart,RC,False,True,False,,,True,,False,False,False,False,False,False,False,False,False,False,0,Follow Yaw,-77.9,0,170.1,170.1,False,False,False,False,False,,0,0,False,False,No Card,100,100,1024,1329,1024,1024,2,False,False,False,False,False,0,False,False,False,False,73,,46.62,,3639,,4986,,46.62,,True,3.891,3.891,3.891,3.891,3.891,3.891,3.891,3.891,3.891,3.891,3.891,3.891,0,,False,False,True,,,,,,,,,,,,,,,False,False,9.668,,101.4,,75.7,,101.6,,1381,111,4,21,7,144074.7,19209.97,,Idle,,20,,10,,,20,Go Home,False,False,False,False,False,False,False,False,False,False,False,False,33.8027920380556,-117.4659261431046,3715.7,3715.7,1049.4,396.9,True,1,1,False,False,False,False,,True,False,False,Course Lock,196.8,67,16.4,93,N,S,2.68,11.4,Calm,False,False,Android,7.0.2,M300 RTK,1ZN7L4R0H1D00F,1W9DL31001461C,1ZMLH8300204F0,1Z6PH74DAP0QN7,"Corona, CA",728.3,5.7,137.7,8.547347,2.013246,0,0,DJI Matrice 300 RTK,M300 RTK,1ZN7L4R0H1D00F,1W9DL31001461C,1ZMLH8300204F0,1Z6PH74DAP0QN7,DJI Pilot,Android,7.0.2,1EF72A62-B7C3-C88D-164E-CE6F8C8424AE,1ZN7L4R0H1D00F,1W9DL31001461C,,1ZMLH8300204F0,1W9DL31001461C,,,,,
2023-11-01,11:32:55.32 AM,8m 33.0s,513.0,33.7969775188206,-117.4759913954482,44.2,137.7,15.7,1308,4374.6,5.816044,7.569323,-5.816044,2.23694,0,1.342164,0,0.894776,-0.6,0.5,0.7,178.2,178.2,177.7,Tripod,Other,,22,5,True,,True,False,,Smart,RC,False,True,False,,,True,,False,False,False,False,False,False,False,False,False,False,0,Follow Yaw,-77.9,0,170.1,170.1,False,False,False,False,False,,0,0,False,False,No Card,100,100,1024,1327,1024,1024,2,False,False,False,False,False,0,False,False,False,False,72,,46.644,,7280,,10044,,46.644,,True,3.891,3.891,3.891,3.891,3.891,3.891,3.891,3.891,3.891,3.891,3.891,3.891,0,,False,False,True,,,,,,,,,,,,,,,False,False,19.232,,101.6,,75.7,,101.6,,1381,111,4,21,7,144074.7,19209.97,,Idle,,20,,10,,,20,Go Home,False,False,False,False,False,False,False,False,False,False,False,False,33.8027920380556,-117.4659261431046,3716.1,3716.1,1049.4,396.9,True,1,1,False,False,False,False,,True,False,False,Course Lock,196.8,67,16.4,93,N,S,2.68,11.4,Calm,False,False,Android,7.0.2,M300 RTK,1ZN7L4R0H1D00F,1W9DL31001461C,1ZMLH8300204F0,1Z6PH74DAP0QN7,"Corona, CA",728.3,5.7,137.7,8.547347,2.013246,0,0,DJI Matrice 300 RTK,M300 RTK,1ZN7L4R0H1D00F,1W9DL31001461C,1ZMLH8300204F0,1Z6PH74DAP0QN7,DJI Pilot,Android,7.0.2,1EF72A62-B7C3-C88D-164E-CE6F8C8424AE,1ZN7L4R0H1D00F,1W9DL31001461C,,1ZMLH8300204F0,1W9DL31001461C,,,,,
2023-11-01,11:32:55.42 AM,8m 33.1s,513.1,33.7969752494422,-117.4759913444016,44.2,137.7,15.7,1308,4375.5,5.816044,7.569323,-5.816044,2.23694,0,1.342164,0,0.894776,-0.5,0.5,0.7,178.3,178.3,178.9,Tripod,Other,,22,5,True,,True,False,,Smart,RC,False,True,False,,,True,,False,False,False,False,False,False,False,False,False,False,0,Follow Yaw,-77.9,0,170.1,170.1,False,False,False,False,False,,0,0,False,False,No Card,100,100,1024,1328,1024,1024,2,False,False,False,False,False,0,False,False,False,False,72,,46.644,,7280,,10044,,46.644,,True,3.891,3.891,3.891,3.891,3.891,3.891,3.891,3.891,3.891,3.891,3.891,3.891,0,,False,False,True,,,,,,,,,,,,,,,False,False,19.232,,101.6,,75.7,,101.6,,1381,111,4,21,7,144074.7,19209.97,,Idle,,20,,10,,,20,Go Home,False,False,False,False,False,False,False,False,False,False,False,False,33.8027920380556,-117.4659261431046,3716.6,3716.6,1049.4,396.9,True,1,1,False,False,False,False,,True,False,False,Course Lock,196.8,67,16.4,93,N,S,2.68,11.4,Calm,False,False,Android,7.0.2,M300 RTK,1ZN7L4R0H1D00F,1W9DL31001461C,1ZMLH8300204F0,1Z6PH74DAP0QN7,"Corona, CA",728.3,5.7,137.7,8.547347,2.013246,0,0,DJI Matrice 300 RTK,M300 RTK,1ZN7L4R0H1D00F,1W9DL31001461C,1ZMLH8300204F0,1Z6PH74DAP0QN7,DJI Pilot,Android,7.0.2,1EF72A62-B7C3-C88D-164E-CE6F8C8424AE,1ZN7L4R0H1D00F,1W9DL31001461C,,1ZMLH8300204F0,1W9DL31001461C,,,,,
2023-11-01,11:32:55.53 AM,8m 33.2s,513.2,33.7969727548666,-117.4759912408241,44.2,137.7,15.7,1308,4376.4,5.59235,7.569323,-5.59235,2.23694,0,1.342164,0,0.894776,-0.7,0.5,0.8,178.3,178.3,178.0,Tripod,Other,,22,5,True,,True,False,,Smart,RC,False,True,False,,,True,,False,False,False,False,False,False,False,False,False,False,0,Follow Yaw,-77.9,0,170.1,170.1,False,False,False,False,False,,0,0,False,False,No Card,100,100,1024,1328,1024,1024,2,False,False,False,False,False,0,False,False,False,False,72,,46.644,,7280,,10044,,46.644,,True,3.891,3.891,3.891,3.891,3.891,3.891,3.891,3.891,3.891,3.891,3.891,3.891,0,,False,False,True,,,,,,,,,,,,,,,False,False,19.232,,101.6,,75.7,,101.6,,1381,111,4,21,7,144074.7,19209.97,,Idle,,20,,10,,,20,Go Home,False,False,False,False,False,False,False,False,False,False,False,False,33.8027920380556,-117.4659261431046,3717.1,3717.1,1049.4,396.9,True,1,1,False,False,False,False,,True,False,False,Course Lock,196.8,67,16.4,93,N,S,2.68,11.4,Calm,False,False,Android,7.0.2,M300 RTK,1ZN7L4R0H1D00F,1W9DL31001461C,1ZMLH8300204F0,1Z6PH74DAP0QN7,"Corona, CA",728.3,5.7,137.7,8.547347,2.013246,0,0,DJI Matrice 300 RTK,M300 RTK,1ZN7L4R0H1D00F,1W9DL31001461C,1ZMLH8300204F0,1Z6PH74DAP0QN7,DJI Pilot,Android,7.0.2,1EF72A62-B7C3-C88D-164E-CE6F8C8424AE,1ZN7L4R0H1D00F,1W9DL31001461C,,1ZMLH8300204F0,1W9DL31001461C,,,,,
2023-11-01,11:32:55.63 AM,8m 33.3s,513.3,33.7969706483209,-117.4759911750161,44.2,137.7,15.7,1308,4377.2,5.59235,7.569323,-5.59235,2.23694,0,1.342164,0,0.894776,-0.8,0.6,1,178.5,178.5,178.5,Tripod,Other,,22,5,True,,True,False,,Smart,RC,False,True,False,,,True,,False,False,False,False,False,False,False,False,False,False,0,Follow Yaw,-77.9,0,170.1,170.1,False,False,False,False,False,,0,0,False,False,No Card,100,100,1024,1327,1024,1024,2,False,False,False,False,False,0,False,False,False,False,72,,46.644,,7280,,10044,,46.644,,True,3.89,3.89,3.89,3.89,3.89,3.89,3.89,3.89,3.89,3.89,3.89,3.89,0,,False,False,True,,,,,,,,,,,,,,,False,False,19.232,,101.6,,75.7,,101.6,,1379,111,4,21,7,144056.3,19207.50,,Idle,,20,,10,,,20,Go Home,False,False,False,False,False,False,False,False,False,False,False,False,33.8027920380556,-117.4659261431046,3717.5,3717.5,1049.4,396.9,True,1,1,False,False,False,False,,True,False,False,Course Lock,196.8,67,16.4,93,N,S,2.9,11.4,Calm,False,False,Android,7.0.2,M300 RTK,1ZN7L4R0H1D00F,1W9DL31001461C,1ZMLH8300204F0,1Z6PH74DAP0QN7,"Corona, CA",728.3,5.7,137.7,8.547347,2.013246,0,0,DJI Matrice 300 RTK,M300 RTK,1ZN7L4R0H1D00F,1W9DL31001461C,1ZMLH8300204F0,1Z6PH74DAP0QN7,DJI Pilot,Android,7.0.2,1EF72A62-B7C3-C88D-164E-CE6F8C8424AE,1ZN7L4R0H1D00F,1W9DL31001461C,,1ZMLH8300204F0,1W9DL31001461C,,,,,
2023-11-01,11:32:55.73 AM,8m 33.4s,513.4,33.7969681732086,-117.4759910853754,44.2,137.7,15.7,1308,4378.1,5.59235,7.569323,-5.59235,2.23694,0,1.342164,0,0.894776,-0.7,0.6,0.9,178.5,178.5,178.2,Tripod,Other,,22,5,True,,True,False,,Smart,RC,False,True,False,,,True,,False,False,False,False,False,False,False,False,False,False,0,Follow Yaw,-77.9,0,170.1,170.1,False,False,False,False,False,,0,0,False,False,No Card,100,100,1024,1327,1024,1024,2,False,False,False,False,False,0,False,False,False,False,72,,46.644,,7280,,10044,,46.644,,True,3.89,3.89,3.89,3.89,3.89,3.89,3.89,3.89,3.89,3.89,3.89,3.89,0,,False,False,True,,,,,,,,,,,,,,,False,False,19.232,,101.6,,75.7,,101.6,,1379,111,4,21,7,144056.3,19207.50,,Idle,,20,,10,,,20,Go Home,False,False,False,False,False,False,False,False,False,False,False,False,33.8027920380556,-117.4659261431046,3718.0,3718.0,1049.4,396.9,True,1,1,False,False,False,False,,True,False,False,Course Lock,196.8,67,16.4,93,N,S,2.9,11.4,Calm,False,False,Android,7.0.2,M300 RTK,1ZN7L4R0H1D00F,1W9DL31001461C,1ZMLH8300204F0,1Z6PH74DAP0QN7,"Corona, CA",728.3,5.7,137.7,8.547347,2.013246,0,0,DJI Matrice 300 RTK,M300 RTK,1ZN7L4R0H1D00F,1W9DL31001461C,1ZMLH8300204F0,1Z6PH74DAP0QN7,DJI Pilot,Android,7.0.2,1EF72A62-B7C3-C88D-164E-CE6F8C8424AE,1ZN7L4R0H1D00F,1W9DL31001461C,,1ZMLH8300204F0,1W9DL31001461C,,,,,
2023-11-01,11:32:55.84 AM,8m 33.5s,513.5,33.7969660810546,-117.475990880117,44.2,137.7,15.7,1308,4378.8,5.59235,7.569323,-5.59235,2.23694,0,1.342164,0,0.894776,-0.5,0.5,0.7,178.4,178.4,175.3,Tripod,Other,,22,5,True,,True,False,,Smart,RC,False,True,False,,,True,,False,False,False,False,False,False,False,False,False,False,0,Follow Yaw,-77.9,0,170.1,170.1,False,False,False,False,False,,0,0,False,False,No Card,100,100,1024,1330,1024,1024,2,False,False,False,False,False,0,False,False,False,False,72,,46.644,,7280,,10044,,46.644,,True,3.89,3.89,3.89,3.89,3.89,3.89,3.89,3.89,3.89,3.89,3.89,3.89,0,,False,False,True,,,,,,,,,,,,,,,False,False,19.232,,101.6,,75.7,,101.6,,1379,111,4,21,7,144056.3,19207.50,,Idle,,20,,10,,,20,Go Home,False,False,False,False,False,False,False,False,False,False,False,False,33.8027920380556,-117.4659261431046,3718.4,3718.4,1049.4,396.9,True,1,1,False,False,False,False,,True,False,False,Course Lock,196.8,67,16.4,93,N,S,2.9,11.4,Calm,False,False,Android,7.0.2,M300 RTK,1ZN7L4R0H1D00F,1W9DL31001461C,1ZMLH8300204F0,1Z6PH74DAP0QN7,"Corona, CA",728.3,5.7,137.7,8.547347,2.013246,0,0,DJI Matrice 300 RTK,M300 RTK,1ZN7L4R0H1D00F,1W9DL31001461C,1ZMLH8300204F0,1Z6PH74DAP0QN7,DJI Pilot,Android,7.0.2,1EF72A62-B7C3-C88D-164E-CE6F8C8424AE,1ZN7L4R0H1D00F,1W9DL31001461C,,1ZMLH8300204F0,1W9DL31001461C,,,,,
2023-11-01,11:32:55.94 AM,8m 33.6s,513.6,33.7969637583581,-117.4759908007846,44.2,137.7,15.7,1308,4379.7,5.59235,7.569323,-5.59235,2.23694,0,1.342164,0,0.894776,-0.5,0.3,0.5,178.4,178.4,178.3,Tripod,Other,,22,5,True,,True,False,,Smart,RC,False,True,False,,,True,,False,False,False,False,False,False,False,False,False,False,0,Follow Yaw,-77.9,0,170.1,170.1,False,False,False,False,False,,0,0,False,False,No Card,100,100,1024,1328,1024,1024,2,False,False,False,False,False,0,False,False,False,False,72,,46.644,,7280,,10044,,46.644,,True,3.89,3.89,3.89,3.89,3.89,3.89,3.89,3.89,3.89,3.89,3.89,3.89,0,,False,False,True,,,,,,,,,,,,,,,False,False,19.232,,101.6,,75.7,,101.6,,1379,111,4,21,7,144056.3,19207.50,,Idle,,20,,10,,,20,Go Home,False,False,False,False,False,False,False,False,False,False,False,False,33.8027920380556,-117.4659261431046,3718.9,3718.9,1049.4,396.9,True,1,1,False,False,False,False,,True,False,False,Course Lock,196.8,67,16.4,93,N,S,2.9,11.4,Calm,False,False,Android,7.0.2,M300 RTK,1ZN7L4R0H1D00F,1W9DL31001461C,1ZMLH8300204F0,1Z6PH74DAP0QN7,"Corona, CA",728.3,5.7,137.7,8.547347,2.013246,0,0,DJI Matrice 300 RTK,M300 RTK,1ZN7L4R0H1D00F,1W9DL31001461C,1ZMLH8300204F0,1Z6PH74DAP0QN7,DJI Pilot,Android,7.0.2,1EF72A62-B7C3-C88D-164E-CE6F8C8424AE,1ZN7L4R0H1D00F,1W9DL31001461C,,1ZMLH8300204F0,1W9DL31001461C,,,,,
2023-11-01,11:32:56.04 AM,8m 33.7s,513.7,33.7969613357415,-117.4759909137632,44.2,137.7,15.7,1308,4380.6,5.59235,7.569323,-5.59235,2.23694,0,1.342164,0,0.894776,-0.6,0.1,0.6,178.3,178.3,182.2,Tripod,Other,,22,5,True,,True,False,,Smart,RC,False,True,False,,,True,,False,False,False,False,False,False,False,False,False,False,0,Follow Yaw,-77.9,0,170.1,170.1,False,False,False,False,False,,0,0,False,False,No Card,100,100,1024,1329,1024,1024,2,False,False,False,False,False,0,False,False,False,False,72,,46.644,,7280,,10044,,46.644,,True,3.89,3.89,3.89,3.89,3.89,3.89,3.89,3.89,3.89,3.89,3.89,3.89,0,,False,False,True,,,,,,,,,,,,,,,False,False,19.232,,101.6,,75.7,,101.6,,1379,111,4,21,7,144056.3,19207.50,,Idle,,20,,10,,,20,Go Home,False,False,False,False,False,False,False,False,False,False,False,False,33.8027920380556,-117.4659261431046,3719.4,3719.4,1049.4,396.9,True,1,1,False,False,False,False,,True,False,False,Course Lock,196.8,67,16.4,93,N,S,2.9,11.4,Calm,False,False,Android,7.0.2,M300 RTK,1ZN7L4R0H1D00F,1W9DL31001461C,1ZMLH8300204F0,1Z6PH74DAP0QN7,"Corona, CA",728.3,5.7,137.7,8.547347,2.013246,0,0,DJI Matrice 300 RTK,M300 RTK,1ZN7L4R0H1D00F,1W9DL31001461C,1ZMLH8300204F0,1Z6PH74DAP0QN7,DJI Pilot,Android,7.0.2,1EF72A62-B7C3-C88D-164E-CE6F8C8424AE,1ZN7L4R0H1D00F,1W9DL31001461C,,1ZMLH8300204F0,1W9DL31001461C,,,,,
2023-11-01,11:32:56.14 AM,8m 33.8s,513.8,33.7969590116743,-117.4759908575213,44.2,137.7,15.7,1308,4381.4,5.59235,7.569323,-5.59235,2.23694,0,1.342164,0,0.894776,-0.8,0,0.8,178.2,178.2,178.8,Tripod,Other,,22,5,True,,True,False,,Smart,RC,False,True,False,,,True,,False,False,False,False,False,False,False,False,False,False,0,Follow Yaw,-77.9,0,170.1,170.1,False,False,False,False,False,,0,0,False,False,No Card,100,100,1024,1329,1024,1024,2,False,False,False,False,False,0,False,False,False,False,72,,46.644,,7280,,10044,,46.644,,True,3.89,3.89,3.89,3.89,3.89,3.89,3.89,3.89,3.89,3.89,3.89,3.89,0,,False,False,True,,,,,,,,,,,,,,,False,False,19.232,,101.6,,75.7,,101.6,,1379,111,4,21,7,144056.3,19207.50,,Idle,,20,,10,,,20,Go Home,False,False,False,False,False,False,False,False,False,False,False,False,33.8027920380556,-117.4659261431046,3719.9,3719.9,1049.4,396.9,True,1,1,False,False,False,False,,True,False,False,Course Lock,196.8,67,16.4,93,N,S,2.9,11.4,Calm,False,False,Android,7.0.2,M300 RTK,1ZN7L4R0H1D00F,1W9DL31001461C,1ZMLH8300204F0,1Z6PH74DAP0QN7,"Corona, CA",728.3,5.7,137.7,8.547347,2.013246,0,0,DJI Matrice 300 RTK,M300 RTK,1ZN7L4R0H1D00F,1W9DL31001461C,1ZMLH8300204F0,1Z6PH74DAP0QN7,DJI Pilot,Android,7.0.2,1EF72A62-B7C3-C88D-164E-CE6F8C8424AE,1ZN7L4R0H1D00F,1W9DL31001461C,,1ZMLH8300204F0,1W9DL31001461C,,,,,
2023-11-01,11:32:56.25 AM,8m 33.9s,513.9,33.7969565824785,-117.4759907250806,44.2,137.7,15.7,1308,4382.3,5.59235,7.569323,-5.59235,2.23694,0,1.342164,0,0.894776,-0.9,-0.2,0.9,178.2,178.2,177.4,Tripod,Other,,22,5,True,,True,False,,Smart,RC,False,True,False,,,True,,False,False,False,False,False,False,False,False,False,False,0,Follow Yaw,-77.9,0,170.1,170.1,False,False,False,False,False,,0,0,False,False,No Card,100,100,1024,1329,1024,1024,2,False,False,False,False,False,0,False,False,False,False,72,,46.644,,7280,,10044,,46.644,,True,3.89,3.89,3.89,3.89,3.89,3.89,3.89,3.89,3.89,3.89,3.89,3.89,0,,False,False,True,,,,,,,,,,,,,,,False,False,19.232,,101.6,,75.7,,101.6,,1379,111,4,21,7,144056.3,19207.50,,Idle,,20,,10,,,20,Go Home,False,False,False,False,False,False,False,False,False,False,False,False,33.8027920380556,-117.4659261431046,3720.3,3720.3,1049.4,396.9,True,1,1,False,False,False,False,,True,False,False,Course Lock,196.8,67,16.4,93,N,S,2.9,11.4,Calm,False,False,Android,7.0.2,M300 RTK,1ZN7L4R0H1D00F,1W9DL31001461C,1ZMLH8300204F0,1Z6PH74DAP0QN7,"Corona, CA",728.3,5.7,137.7,8.547347,2.013246,0,0,DJI Matrice 300 RTK,M300 RTK,1ZN7L4R0H1D00F,1W9DL31001461C,1ZMLH8300204F0,1Z6PH74DAP0QN7,DJI Pilot,Android,7.0.2,1EF72A62-B7C3-C88D-164E-CE6F8C8424AE,1ZN7L4R0H1D00F,1W9DL31001461C,,1ZMLH8300204F0,1W9DL31001461C,,,,,
2023-11-01,11:32:56.35 AM,8m 34.0s,514.0,33.796954266224,-117.4759906503662,44.2,137.7,15.7,1308,4383.1,5.59235,7.569323,-5.59235,2.23694,0,1.342164,0,0.894776,-1,-0.2,1,178.2,178.2,178.4,Tripod,Other,,22,5,True,,True,False,,Smart,RC,False,True,False,,,True,,False,False,False,False,False,False,False,False,False,False,0,Follow Yaw,-77.9,0,170.1,170.1,False,False,False,False,False,,0,0,False,False,No Card,100,100,1024,1331,1024,1024,2,False,False,False,False,False,0,False,False,False,False,73,,46.62,,3639,,4986,,46.62,,True,3.89,3.89,3.89,3.89,3.89,3.89,3.89,3.89,3.89,3.89,3.89,3.89,0,,False,False,True,,,,,,,,,,,,,,,False,False,9.676,,101.6,,75.7,,101.6,,1379,111,4,21,7,144056.3,19207.50,,Idle,,20,,10,,,20,Go Home,False,False,False,False,False,False,False,False,False,False,False,False,33.8027920380556,-117.4659261431046,3720.8,3720.8,1049.4,396.9,True,1,1,False,False,False,False,,True,False,False,Course Lock,196.8,67,16.4,93,N,S,2.9,11.4,Calm,False,False,Android,7.0.2,M300 RTK,1ZN7L4R0H1D00F,1W9DL31001461C,1ZMLH8300204F0,1Z6PH74DAP0QN7,"Corona, CA",728.3,5.7,137.7,8.547347,2.013246,0,0,DJI Matrice 300 RTK,M300 RTK,1ZN7L4R0H1D00F,1W9DL31001461C,1ZMLH8300204F0,1Z6PH74DAP0QN7,DJI Pilot,Android,7.0.2,1EF72A62-B7C3-C88D-164E-CE6F8C8424AE,1ZN7L4R0H1D00F,1W9DL31001461C,,1ZMLH8300204F0,1W9DL31001461C,,,,,
2023-11-01,11:32:56.45 AM,8m 34.1s,514.1,33.7969521983306,-117.475990777859,44.2,137.7,15.7,1308,4383.9,5.59235,7.569323,-5.59235,2.23694,0,1.342164,0,0.894776,-1,0,1,178.2,178.2,182.9,Tripod,Other,,22,5,True,,True,False,,Smart,RC,False,True,False,,,True,,False,False,False,False,False,False,False,False,False,False,0,Follow Yaw,-77.9,0,170.1,170.1,False,False,False,False,False,,0,0,False,False,No Card,100,100,1024,1330,1024,1024,2,False,False,False,False,False,0,False,False,False,False,73,,46.62,,3639,,4986,,46.62,,True,3.89,3.89,3.89,3.89,3.89,3.89,3.89,3.89,3.89,3.89,3.89,3.89,0,,False,False,True,,,,,,,,,,,,,,,False,False,9.676,,101.6,,75.7,,101.6,,1379,111,4,21,7,144056.3,19207.50,,Idle,,20,,10,,,20,Go Home,False,False,False,False,False,False,False,False,False,False,False,False,33.8027920380556,-117.4659261431046,3721.3,3721.3,1049.4,396.9,True,1,1,False,False,False,False,,True,False,False,Course Lock,196.8,67,16.4,93,N,S,2.68,11.4,Calm,False,False,Android,7.0.2,M300 RTK,1ZN7L4R0H1D00F,1W9DL31001461C,1ZMLH8300204F0,1Z6PH74DAP0QN7,"Corona, CA",728.3,5.7,137.7,8.547347,2.013246,0,0,DJI Matrice 300 RTK,M300 RTK,1ZN7L4R0H1D00F,1W9DL31001461C,1ZMLH8300204F0,1Z6PH74DAP0QN7,DJI Pilot,Android,7.0.2,1EF72A62-B7C3-C88D-164E-CE6F8C8424AE,1ZN7L4R0H1D00F,1W9DL31001461C,,1ZMLH8300204F0,1W9DL31001461C,,,,,
2023-11-01,11:32:56.54 AM,8m 34.2s,514.2,33.796949780237,-117.475990707103,44.2,137.7,15.7,1308,4384.8,5.59235,7.569323,-5.59235,2.23694,0,1.342164,0,0.894776,-1,0.1,1,178.2,178.2,178.6,Tripod,Other,,22,5,True,,True,False,,Smart,RC,False,True,False,,,True,,False,False,False,False,False,False,False,False,False,False,0,Follow Yaw,-77.9,0,170.1,170.1,False,False,False,False,False,,0,0,False,False,No Card,100,100,1024,1331,1024,1024,2,False,False,False,False,False,0,False,False,False,False,73,,46.62,,3639,,4986,,46.62,,True,3.89,3.89,3.89,3.89,3.89,3.89,3.89,3.89,3.89,3.89,3.89,3.89,0,,False,False,True,,,,,,,,,,,,,,,False,False,9.676,,101.6,,75.7,,101.6,,1379,111,4,21,7,144056.3,19207.50,,Idle,,20,,10,,,20,Go Home,False,False,False,False,False,False,False,False,False,False,False,False,33.8027920380556,-117.4659261431046,3721.8,3721.8,1049.4,396.9,True,1,1,False,False,False,False,,True,False,False,Course Lock,196.8,67,16.4,93,N,S,2.68,11.4,Calm,False,False,Android,7.0.2,M300 RTK,1ZN7L4R0H1D00F,1W9DL31001461C,1ZMLH8300204F0,1Z6PH74DAP0QN7,"Corona, CA",728.3,5.7,137.7,8.547347,2.013246,0,0,DJI Matrice 300 RTK,M300 RTK,1ZN7L4R0H1D00F,1W9DL31001461C,1ZMLH8300204F0,1Z6PH74DAP0QN7,DJI Pilot,Android,7.0.2,1EF72A62-B7C3-C88D-164E-CE6F8C8424AE,1ZN7L4R0H1D00F,1W9DL31001461C,,1ZMLH8300204F0,1W9DL31001461C,,,,,
2023-11-01,11:32:56.66 AM,8m 34.3s,514.3,33.7969476635486,-117.475990471827,44.2,137.7,15.7,1308,4385.6,5.59235,7.569323,-5.59235,2.23694,0,1.342164,0,0.894776,-0.8,0.2,0.8,178.2,178.2,174.7,Tripod,Other,,22,5,True,,True,False,,Smart,RC,False,True,False,,,True,,False,False,False,False,False,False,False,False,False,False,0,Follow Yaw,-77.9,0,170.1,170.1,False,False,False,False,False,,0,0,False,False,No Card,100,100,1024,1335,1024,1024,2,False,False,False,False,False,0,False,False,False,False,73,,46.62,,3639,,4986,,46.62,,True,3.888,3.888,3.888,3.888,3.888,3.888,3.888,3.888,3.888,3.888,3.888,3.888,0,,False,False,True,,,,,,,,,,,,,,,False,False,9.676,,101.6,,75.7,,101.6,,1377,111,4,21,7,144083.3,19211.10,,Idle,,20,,10,,,20,Go Home,False,False,False,False,False,False,False,False,False,False,False,False,33.8027920380556,-117.4659261431046,3722.1,3722.1,1049.4,396.9,True,1,1,False,False,False,False,,True,False,False,Course Lock,196.8,67,16.4,93,N,S,2.68,11.4,Calm,False,False,Android,7.0.2,M300 RTK,1ZN7L4R0H1D00F,1W9DL31001461C,1ZMLH8300204F0,1Z6PH74DAP0QN7,"Corona, CA",728.3,5.7,137.7,8.547347,2.013246,0,0,DJI Matrice 300 RTK,M300 RTK,1ZN7L4R0H1D00F,1W9DL31001461C,1ZMLH8300204F0,1Z6PH74DAP0QN7,DJI Pilot,Android,7.0.2,1EF72A62-B7C3-C88D-164E-CE6F8C8424AE,1ZN7L4R0H1D00F,1W9DL31001461C,,1ZMLH8300204F0,1W9DL31001461C,,,,,
2023-11-01,11:32:56.76 AM,8m 34.4s,514.4,33.7969452584762,-117.4759903852375,44.2,137.7,15.7,1308,4386.4,5.59235,7.569323,-5.59235,2.23694,0,1.342164,0,0.894776,-0.8,0.3,0.8,178.2,178.2,178.2,Tripod,Other,,22,5,True,,True,False,,Smart,RC,False,True,False,,,True,,False,False,False,False,False,False,False,False,False,False,0,Follow Yaw,-77.9,0,170.1,170.1,False,False,False,False,False,,0,0,False,False,No Card,100,100,1024,1335,1024,1024,2,False,False,False,False,False,0,False,False,False,False,73,,46.62,,3639,,4986,,46.62,,True,3.888,3.888,3.888,3.888,3.888,3.888,3.888,3.888,3.888,3.888,3.888,3.888,0,,False,False,True,,,,,,,,,,,,,,,False,False,9.676,,101.6,,75.7,,101.6,,1377,111,4,21,7,144083.3,19211.10,,Idle,,20,,10,,,20,Go Home,False,False,False,False,False,False,False,False,False,False,False,False,33.8027920380556,-117.4659261431046,3722.6,3722.6,1049.4,396.9,True,1,1,False,False,False,False,,True,False,False,Course Lock,196.8,67,16.4,93,N,S,2.68,11.4,Calm,False,False,Android,7.0.2,M300 RTK,1ZN7L4R0H1D00F,1W9DL31001461C,1ZMLH8300204F0,1Z6PH74DAP0QN7,"Corona, CA",728.3,5.7,137.7,8.547347,2.013246,0,0,DJI Matrice 300 RTK,M300 RTK,1ZN7L4R0H1D00F,1W9DL31001461C,1ZMLH8300204F0,1Z6PH74DAP0QN7,DJI Pilot,Android,7.0.2,1EF72A62-B7C3-C88D-164E-CE6F8C8424AE,1ZN7L4R0H1D00F,1W9DL31001461C,,1ZMLH8300204F0,1W9DL31001461C,,,,,
2023-11-01,11:32:56.86 AM,8m 34.5s,514.5,33.7969426279326,-117.4759903703111,44.2,137.7,15.7,1308,4387.4,5.59235,7.569323,-5.59235,2.23694,0,1.342164,0,0.894776,-0.8,0.2,0.8,178.3,178.3,179.7,Tripod,Other,,22,5,True,,True,False,,Smart,RC,False,True,False,,,True,,False,False,False,False,False,False,False,False,False,False,0,Follow Yaw,-77.9,0,170.1,170.1,False,False,False,False,False,,0,0,False,False,No Card,100,100,1024,1335,1024,1024,2,False,False,False,False,False,0,False,False,False,False,73,,46.62,,3639,,4986,,46.62,,True,3.888,3.888,3.888,3.888,3.888,3.888,3.888,3.888,3.888,3.888,3.888,3.888,0,,False,False,True,,,,,,,,,,,,,,,False,False,9.676,,101.6,,75.7,,101.6,,1377,111,4,21,7,144083.3,19211.10,,Idle,,20,,10,,,20,Go Home,False,False,False,False,False,False,False,False,False,False,False,False,33.8027920380556,-117.4659261431046,3723.2,3723.2,1049.4,396.9,True,1,1,False,False,False,False,,True,False,False,Course Lock,196.8,67,16.4,93,N,S,2.68,11.4,Calm,False,False,Android,7.0.2,M300 RTK,1ZN7L4R0H1D00F,1W9DL31001461C,1ZMLH8300204F0,1Z6PH74DAP0QN7,"Corona, CA",728.3,5.7,137.7,8.547347,2.013246,0,0,DJI Matrice 300 RTK,M300 RTK,1ZN7L4R0H1D00F,1W9DL31001461C,1ZMLH8300204F0,1Z6PH74DAP0QN7,DJI Pilot,Android,7.0.2,1EF72A62-B7C3-C88D-164E-CE6F8C8424AE,1ZN7L4R0H1D00F,1W9DL31001461C,,1ZMLH8300204F0,1W9DL31001461C,,,,,
2023-11-01,11:32:56.97 AM,8m 34.6s,514.6,33.7969403105816,-117.4759902988129,43.9,137.7,15.7,1308,4388.2,5.59235,7.569323,-5.59235,2.23694,0,1.342164,0,0.894776,-0.9,0.2,0.9,178.3,178.3,178.5,Tripod,Other,,22,5,True,,True,False,,Smart,RC,False,True,False,,,True,,False,False,False,False,False,False,False,False,False,False,0,Follow Yaw,-77.9,0,170.1,170.1,False,False,False,False,False,,0,0,False,False,No Card,100,100,1024,1334,1024,1021,2,False,False,False,False,False,0,False,False,False,False,73,,46.62,,3639,,4986,,46.62,,True,3.888,3.888,3.888,3.888,3.888,3.888,3.888,3.888,3.888,3.888,3.888,3.888,0,,False,False,True,,,,,,,,,,,,,,,False,False,9.676,,101.6,,75.7,,101.6,,1377,111,4,21,7,144083.3,19211.10,,Idle,,20,,10,,,20,Go Home,False,False,False,False,False,False,False,False,False,False,False,False,33.8027920380556,-117.4659261431046,3723.6,3723.6,1049.4,396.9,True,1,1,False,False,False,False,,True,False,False,Course Lock,196.8,67,16.4,93,N,S,2.68,11.4,Calm,False,False,Android,7.0.2,M300 RTK,1ZN7L4R0H1D00F,1W9DL31001461C,1ZMLH8300204F0,1Z6PH74DAP0QN7,"Corona, CA",728.3,5.7,137.7,8.547347,2.013246,0,0,DJI Matrice 300 RTK,M300 RTK,1ZN7L4R0H1D00F,1W9DL31001461C,1ZMLH8300204F0,1Z6PH74DAP0QN7,DJI Pilot,Android,7.0.2,1EF72A62-B7C3-C88D-164E-CE6F8C8424AE,1ZN7L4R0H1D00F,1W9DL31001461C,,1ZMLH8300204F0,1W9DL31001461C,,,,,
2023-11-01,11:32:57.07 AM,8m 34.7s,514.7,33.7969381708662,-117.4759903228106,43.9,137.7,15.7,1308,4389.0,5.59235,7.569323,-5.59235,2.23694,0,1.342164,0,0.894776,-1,0.1,1,178.3,178.3,180.5,Tripod,Other,,22,5,True,,True,False,,Smart,RC,False,True,False,,,True,,False,False,False,False,False,False,False,False,False,False,0,Follow Yaw,-77.9,0,170.1,170.1,False,False,False,False,False,,0,0,False,False,No Card,100,100,1024,1337,995,773,2,False,False,False,False,False,0,False,False,False,False,73,,46.62,,3639,,4986,,46.62,,True,3.888,3.888,3.888,3.888,3.888,3.888,3.888,3.888,3.888,3.888,3.888,3.888,0,,False,False,True,,,,,,,,,,,,,,,False,False,9.676,,101.6,,75.7,,101.6,,1377,111,4,21,7,144083.3,19211.10,,Idle,,20,,10,,,20,Go Home,False,False,False,False,False,False,False,False,False,False,False,False,33.8027920380556,-117.4659261431046,3724.1,3724.1,1049.4,396.9,True,1,1,False,False,False,False,,True,False,False,Course Lock,196.8,67,16.4,93,N,S,2.68,11.4,Calm,False,False,Android,7.0.2,M300 RTK,1ZN7L4R0H1D00F,1W9DL31001461C,1ZMLH8300204F0,1Z6PH74DAP0QN7,"Corona, CA",728.3,5.7,137.7,8.547347,2.013246,0,0,DJI Matrice 300 RTK,M300 RTK,1ZN7L4R0H1D00F,1W9DL31001461C,1ZMLH8300204F0,1Z6PH74DAP0QN7,DJI Pilot,Android,7.0.2,1EF72A62-B7C3-C88D-164E-CE6F8C8424AE,1ZN7L4R0H1D00F,1W9DL31001461C,,1ZMLH8300204F0,1W9DL31001461C,,,,,
2023-11-01,11:32:57.17 AM,8m 34.8s,514.8,33.7969357356397,-117.4759902593941,43.9,137.7,15.7,1308,4389.9,5.59235,7.569323,-5.59235,2.23694,0,1.342164,0,0.894776,-0.9,0,0.9,178.4,178.4,178.7,Tripod,Other,,22,5,True,,True,False,,Smart,RC,False,True,False,,,True,,False,False,False,False,False,False,False,False,False,False,0,Follow Yaw,-77.9,0,169.8,169.8,False,False,False,False,False,,0,0,False,False,No Card,100,100,1024,1338,987,734,2,False,False,False,False,False,0,False,False,False,False,73,,46.62,,3639,,4986,,46.62,,True,3.888,3.888,3.888,3.888,3.888,3.888,3.888,3.888,3.888,3.888,3.888,3.888,0,,False,False,True,,,,,,,,,,,,,,,False,False,9.676,,101.6,,75.7,,101.6,,1377,111,4,21,7,144083.3,19211.10,,Idle,,20,,10,,,20,Go Home,False,False,False,False,False,False,False,False,False,False,False,False,33.8027920380556,-117.4659261431046,3724.6,3724.6,1049.4,396.9,True,1,1,False,False,False,False,,True,False,False,Course Lock,196.8,67,16.4,93,N,S,2.68,11.4,Calm,False,False,Android,7.0.2,M300 RTK,1ZN7L4R0H1D00F,1W9DL31001461C,1ZMLH8300204F0,1Z6PH74DAP0QN7,"Corona, CA",728.3,5.7,137.7,8.547347,2.013246,0,0,DJI Matrice 300 RTK,M300 RTK,1ZN7L4R0H1D00F,1W9DL31001461C,1ZMLH8300204F0,1Z6PH74DAP0QN7,DJI Pilot,Android,7.0.2,1EF72A62-B7C3-C88D-164E-CE6F8C8424AE,1ZN7L4R0H1D00F,1W9DL31001461C,,1ZMLH8300204F0,1W9DL31001461C,,,,,
2023-11-01,11:32:57.28 AM,8m 34.9s,514.9,33.7969334563926,-117.4759901025434,43.9,137.7,15.7,1308,4390.7,5.59235,7.569323,-5.59235,2.23694,0,1.342164,0,0.894776,-0.8,-1.1,1.3,178.2,178.2,176.7,Tripod,Other,,22,5,True,,True,False,,Smart,RC,False,True,False,,,True,,False,False,False,False,False,False,False,False,False,False,0,Follow Yaw,-77.9,0,169.1,169.1,False,False,False,False,False,,0,0,False,False,No Card,100,100,1024,1339,984,746,2,False,False,False,False,False,0,False,False,False,False,73,,46.62,,3639,,4986,,46.62,,True,3.888,3.888,3.888,3.888,3.888,3.888,3.888,3.888,3.888,3.888,3.888,3.888,0,,False,False,True,,,,,,,,,,,,,,,False,False,9.676,,101.6,,75.7,,101.6,,1377,111,4,21,7,144083.3,19211.10,,Idle,,20,,10,,,20,Go Home,False,False,False,False,False,False,False,False,False,False,False,False,33.8027920380556,-117.4659261431046,3725.0,3725.0,1049.4,396.9,True,1,1,False,False,False,False,,True,False,False,Course Lock,196.8,67,16.4,93,N,S,2.68,11.4,Calm,False,False,Android,7.0.2,M300 RTK,1ZN7L4R0H1D00F,1W9DL31001461C,1ZMLH8300204F0,1Z6PH74DAP0QN7,"Corona, CA",728.3,5.7,137.7,8.547347,2.013246,0,0,DJI Matrice 300 RTK,M300 RTK,1ZN7L4R0H1D00F,1W9DL31001461C,1ZMLH8300204F0,1Z6PH74DAP0QN7,DJI Pilot,Android,7.0.2,1EF72A62-B7C3-C88D-164E-CE6F8C8424AE,1ZN7L4R0H1D00F,1W9DL31001461C,,1ZMLH8300204F0,1W9DL31001461C,,,,,
2023-11-01,11:32:57.38 AM,8m 35.0s,515.0,33.7969311408234,-117.4759900105936,43.9,137.7,16.0,1308,4391.6,5.59235,7.569323,-5.59235,2.23694,0,1.342164,0,0.894776,-0.8,-2.3,2.4,177.8,177.8,178.1,Tripod,Other,,22,5,True,,True,False,,Smart,RC,False,True,False,,,True,,False,False,False,False,False,False,False,False,False,False,0,Follow Yaw,-77.9,0,168.4,168.4,False,False,False,False,False,,0,0,False,False,No Card,100,100,1024,1339,997,981,2,False,False,False,False,False,0,False,False,False,False,72,,46.644,,7280,,10044,,46.644,,True,3.888,3.888,3.888,3.888,3.888,3.888,3.888,3.888,3.888,3.888,3.888,3.888,0,,False,False,True,,,,,,,,,,,,,,,False,False,19.302,,101.6,,75.7,,101.6,,1377,111,4,21,7,144083.3,19211.10,,Idle,,20,,10,,,20,Go Home,False,False,False,False,False,False,False,False,False,False,False,False,33.8027920380556,-117.4659261431046,3725.5,3725.5,1049.4,396.9,True,1,1,False,False,False,False,,True,False,False,Course Lock,196.8,67,16.4,93,N,S,2.68,11.4,Calm,False,False,Android,7.0.2,M300 RTK,1ZN7L4R0H1D00F,1W9DL31001461C,1ZMLH8300204F0,1Z6PH74DAP0QN7,"Corona, CA",728.3,5.7,137.7,8.547347,2.013246,0,0,DJI Matrice 300 RTK,M300 RTK,1ZN7L4R0H1D00F,1W9DL31001461C,1ZMLH8300204F0,1Z6PH74DAP0QN7,DJI Pilot,Android,7.0.2,1EF72A62-B7C3-C88D-164E-CE6F8C8424AE,1ZN7L4R0H1D00F,1W9DL31001461C,,1ZMLH8300204F0,1W9DL31001461C,,,,,
2023-11-01,11:32:57.44 AM,8m 35.1s,515.1,33.7969288582868,-117.475989784059,43.9,137.7,15.7,1308,4392.4,5.596822,7.569323,-5.59235,2.23694,0.223694,1.342164,0,0.894776,-0.9,-2.2,2.3,177.3,177.3,175.2,Tripod,Other,,22,5,True,,True,False,,Smart,RC,False,True,False,,,True,,False,False,False,False,False,False,False,False,False,False,0,Follow Yaw,-77.9,0,168.2,168.2,False,False,False,False,False,,0,0,False,False,No Card,100,100,1024,1339,997,982,2,False,False,False,False,False,0,False,False,False,False,72,,46.644,,7280,,10044,,46.644,,True,3.888,3.888,3.888,3.888,3.888,3.888,3.888,3.888,3.888,3.888,3.888,3.888,0,,False,False,True,,,,,,,,,,,,,,,False,False,19.302,,101.6,,75.7,,101.6,,1377,111,4,21,7,144083.3,19211.10,,Idle,,20,,10,,,20,Go Home,False,False,False,False,False,False,False,False,False,False,False,False,33.8027920380556,-117.4659261431046,3725.9,3725.9,1049.4,396.9,True,1,1,False,False,False,False,,True,False,False,Course Lock,196.8,67,16.4,93,N,S,2.68,11.4,Calm,False,False,Android,7.0.2,M300 RTK,1ZN7L4R0H1D00F,1W9DL31001461C,1ZMLH8300204F0,1Z6PH74DAP0QN7,"Corona, CA",728.3,5.7,137.7,8.547347,2.013246,0,0,DJI Matrice 300 RTK,M300 RTK,1ZN7L4R0H1D00F,1W9DL31001461C,1ZMLH8300204F0,1Z6PH74DAP0QN7,DJI Pilot,Android,7.0.2,1EF72A62-B7C3-C88D-164E-CE6F8C8424AE,1ZN7L4R0H1D00F,1W9DL31001461C,,1ZMLH8300204F0,1W9DL31001461C,,,,,
2023-11-01,11:32:57.54 AM,8m 35.2s,515.2,33.7969265517639,-117.4759895976854,43.9,137.7,16.0,1308,4393.3,5.596822,7.569323,-5.59235,2.23694,0.223694,1.342164,0,0.894776,-1,-0.8,1.2,177,177,176.1,Tripod,Other,,22,5,True,,True,False,,Smart,RC,False,True,False,,,True,,False,False,False,False,False,False,False,False,False,False,0,Follow Yaw,-77.9,0,168.1,168.1,False,False,False,False,False,,0,0,False,False,No Card,100,100,1024,1339,982,935,2,False,False,False,False,False,0,False,False,False,False,72,,46.644,,7280,,10044,,46.644,,True,3.888,3.888,3.888,3.888,3.888,3.888,3.888,3.888,3.888,3.888,3.888,3.888,0,,False,False,True,,,,,,,,,,,,,,,False,False,19.302,,101.6,,75.7,,101.6,,1377,111,4,21,7,144083.3,19211.10,,Idle,,20,,10,,,20,Go Home,False,False,False,False,False,False,False,False,False,False,False,False,33.8027920380556,-117.4659261431046,3726.3,3726.3,1049.4,396.9,True,1,1,False,False,False,False,,True,False,False,Course Lock,196.8,67,16.4,93,N,S,2.68,11.4,Calm,False,False,Android,7.0.2,M300 RTK,1ZN7L4R0H1D00F,1W9DL31001461C,1ZMLH8300204F0,1Z6PH74DAP0QN7,"Corona, CA",728.3,5.7,137.7,8.547347,2.013246,0,0,DJI Matrice 300 RTK,M300 RTK,1ZN7L4R0H1D00F,1W9DL31001461C,1ZMLH8300204F0,1Z6PH74DAP0QN7,DJI Pilot,Android,7.0.2,1EF72A62-B7C3-C88D-164E-CE6F8C8424AE,1ZN7L4R0H1D00F,1W9DL31001461C,,1ZMLH8300204F0,1W9DL31001461C,,,,,
2023-11-01,11:32:57.64 AM,8m 35.3s,515.3,33.796924135041,-117.4759893032811,43.9,137.7,16.0,1308,4394.1,5.596822,7.569323,-5.59235,2.23694,0.223694,1.342164,0,0.894776,-1.1,0.1,1.1,176.5,176.5,174.2,Tripod,Other,,22,5,True,,True,False,,Smart,RC,False,True,False,,,True,,False,False,False,False,False,False,False,False,False,False,0,Follow Yaw,-77.9,0,168,168,False,False,False,False,False,,0,0,False,False,No Card,100,100,1024,1339,968,897,2,False,False,False,False,False,0,False,False,False,False,72,,46.644,,7280,,10044,,46.644,,True,3.89,3.89,3.89,3.89,3.89,3.89,3.89,3.89,3.89,3.89,3.89,3.89,0,,False,False,True,,,,,,,,,,,,,,,False,False,19.302,,101.6,,75.7,,101.6,,1376,111,4,21,7,144161.7,19221.56,,Idle,,20,,10,,,20,Go Home,False,False,False,False,False,False,False,False,False,False,False,False,33.8027920380556,-117.4659261431046,3726.8,3726.8,1049.4,396.9,True,1,1,False,False,False,False,,True,False,False,Course Lock,196.8,67,16.4,93,N,S,2.68,11.4,Calm,False,False,Android,7.0.2,M300 RTK,1ZN7L4R0H1D00F,1W9DL31001461C,1ZMLH8300204F0,1Z6PH74DAP0QN7,"Corona, CA",728.3,5.7,137.7,8.547347,2.013246,0,0,DJI Matrice 300 RTK,M300 RTK,1ZN7L4R0H1D00F,1W9DL31001461C,1ZMLH8300204F0,1Z6PH74DAP0QN7,DJI Pilot,Android,7.0.2,1EF72A62-B7C3-C88D-164E-CE6F8C8424AE,1ZN7L4R0H1D00F,1W9DL31001461C,,1ZMLH8300204F0,1W9DL31001461C,,,,,
2023-11-01,11:32:57.74 AM,8m 35.4s,515.4,33.796921813578,-117.4759890926624,43.9,137.7,16.0,1308,4395.0,5.596822,7.569323,-5.59235,2.23694,0.223694,1.342164,0,0.894776,-0.9,0.4,0.9,176.2,176.2,175.6,Tripod,Other,,22,5,True,,True,False,,Smart,RC,False,True,False,,,True,,False,False,False,False,False,False,False,False,False,False,0,Follow Yaw,-77.9,0,167.8,167.8,False,False,False,False,False,,0,0,False,False,No Card,100,100,1024,1338,937,855,2,False,False,False,False,False,0,False,False,False,False,72,,46.644,,7280,,10044,,46.644,,True,3.89,3.89,3.89,3.89,3.89,3.89,3.89,3.89,3.89,3.89,3.89,3.89,0,,False,False,True,,,,,,,,,,,,,,,False,False,19.302,,101.6,,75.7,,101.6,,1376,111,4,21,7,144161.7,19221.56,,Idle,,20,,10,,,20,Go Home,False,False,False,False,False,False,False,False,False,False,False,False,33.8027920380556,-117.4659261431046,3727.2,3727.2,1049.4,396.9,True,1,1,False,False,False,False,,True,False,False,Course Lock,196.8,67,16.4,93,N,S,2.68,11.4,Calm,False,False,Android,7.0.2,M300 RTK,1ZN7L4R0H1D00F,1W9DL31001461C,1ZMLH8300204F0,1Z6PH74DAP0QN7,"Corona, CA",728.3,5.7,137.7,8.547347,2.013246,0,0,DJI Matrice 300 RTK,M300 RTK,1ZN7L4R0H1D00F,1W9DL31001461C,1ZMLH8300204F0,1Z6PH74DAP0QN7,DJI Pilot,Android,7.0.2,1EF72A62-B7C3-C88D-164E-CE6F8C8424AE,1ZN7L4R0H1D00F,1W9DL31001461C,,1ZMLH8300204F0,1W9DL31001461C,,,,,
2023-11-01,11:32:57.84 AM,8m 35.5s,515.5,33.796919623423,-117.4759888820438,43.9,137.7,16.0,1308,4395.8,5.596822,7.569323,-5.59235,2.23694,0.223694,1.342164,0,0.894776,-0.7,0,0.7,176,176,175.4,Tripod,Other,,22,5,True,,True,False,,Smart,RC,False,True,False,,,True,,False,False,False,False,False,False,False,False,False,False,0,Follow Yaw,-77.9,0,167.5,167.5,False,False,False,False,False,,0,0,False,False,No Card,100,100,1024,1338,899,853,2,False,False,False,False,False,0,False,False,False,False,72,,46.644,,7280,,10044,,46.644,,True,3.89,3.89,3.89,3.89,3.89,3.89,3.89,3.89,3.89,3.89,3.89,3.89,0,,False,False,True,,,,,,,,,,,,,,,False,False,19.302,,101.6,,75.7,,101.6,,1376,111,4,21,7,144161.7,19221.56,,Idle,,20,,10,,,20,Go Home,False,False,False,False,False,False,False,False,False,False,False,False,33.8027920380556,-117.4659261431046,3727.6,3727.6,1049.4,396.9,True,1,1,False,False,False,False,,True,False,False,Course Lock,196.8,67,16.4,93,N,S,2.68,11.4,Calm,False,False,Android,7.0.2,M300 RTK,1ZN7L4R0H1D00F,1W9DL31001461C,1ZMLH8300204F0,1Z6PH74DAP0QN7,"Corona, CA",728.3,5.7,137.7,8.547347,2.013246,0,0,DJI Matrice 300 RTK,M300 RTK,1ZN7L4R0H1D00F,1W9DL31001461C,1ZMLH8300204F0,1Z6PH74DAP0QN7,DJI Pilot,Android,7.0.2,1EF72A62-B7C3-C88D-164E-CE6F8C8424AE,1ZN7L4R0H1D00F,1W9DL31001461C,,1ZMLH8300204F0,1W9DL31001461C,,,,,
2023-11-01,11:32:57.94 AM,8m 35.6s,515.6,33.7969173134734,-117.4759886699408,43.9,137.7,16.0,1308,4396.6,5.596822,7.569323,-5.59235,2.23694,0.223694,1.342164,0,0.894776,-0.6,-0.8,1,175.7,175.7,175.6,Tripod,Other,,22,5,True,,True,False,,Smart,RC,False,True,False,,,True,,False,False,False,False,False,False,False,False,False,False,0,Follow Yaw,-77.9,0,167.1,167.1,False,False,False,False,False,,0,0,False,False,No Card,100,100,1024,1338,889,844,2,False,False,False,False,False,0,False,False,False,False,72,,46.644,,7280,,10044,,46.644,,True,3.89,3.89,3.89,3.89,3.89,3.89,3.89,3.89,3.89,3.89,3.89,3.89,0,,False,False,True,,,,,,,,,,,,,,,False,False,19.302,,101.6,,75.7,,101.6,,1376,111,4,21,7,144161.7,19221.56,,Idle,,20,,10,,,20,Go Home,False,False,False,False,False,False,False,False,False,False,False,False,33.8027920380556,-117.4659261431046,3728.0,3728.0,1049.4,396.9,True,1,1,False,False,False,False,,True,False,False,Course Lock,196.8,67,16.4,93,N,S,2.68,11.4,Calm,False,False,Android,7.0.2,M300 RTK,1ZN7L4R0H1D00F,1W9DL31001461C,1ZMLH8300204F0,1Z6PH74DAP0QN7,"Corona, CA",728.3,5.7,137.7,8.547347,2.013246,0,0,DJI Matrice 300 RTK,M300 RTK,1ZN7L4R0H1D00F,1W9DL31001461C,1ZMLH8300204F0,1Z6PH74DAP0QN7,DJI Pilot,Android,7.0.2,1EF72A62-B7C3-C88D-164E-CE6F8C8424AE,1ZN7L4R0H1D00F,1W9DL31001461C,,1ZMLH8300204F0,1W9DL31001461C,,,,,
2023-11-01,11:32:58.04 AM,8m 35.7s,515.7,33.7969147765449,-117.4759885225737,43.9,137.7,16.0,1308,4397.6,5.596822,7.569323,-5.59235,2.23694,0.223694,1.342164,0,0.894776,-0.7,-1.4,1.5,175.5,175.5,177.2,Tripod,Other,,22,5,True,,True,False,,Smart,RC,False,True,False,,,True,,False,False,False,False,False,False,False,False,False,False,0,Follow Yaw,-77.9,0,166.7,166.7,False,False,False,False,False,,0,0,False,False,No Card,100,100,1024,1339,896,898,2,False,False,False,False,False,0,False,False,False,False,73,,46.62,,3639,,4986,,46.62,,True,3.89,3.89,3.89,3.89,3.89,3.89,3.89,3.89,3.89,3.89,3.89,3.89,0,,False,False,True,,,,,,,,,,,,,,,False,False,9.63,,101.6,,75.7,,101.6,,1376,111,4,21,7,144161.7,19221.56,,Idle,,20,,10,,,20,Go Home,False,False,False,False,False,False,False,False,False,False,False,False,33.8027920380556,-117.4659261431046,3728.5,3728.5,1049.4,396.9,True,1,1,False,False,False,False,,True,False,False,Course Lock,196.8,67,16.4,93,N,S,2.68,11.4,Calm,False,False,Android,7.0.2,M300 RTK,1ZN7L4R0H1D00F,1W9DL31001461C,1ZMLH8300204F0,1Z6PH74DAP0QN7,"Corona, CA",728.3,5.7,137.7,8.547347,2.013246,0,0,DJI Matrice 300 RTK,M300 RTK,1ZN7L4R0H1D00F,1W9DL31001461C,1ZMLH8300204F0,1Z6PH74DAP0QN7,DJI Pilot,Android,7.0.2,1EF72A62-B7C3-C88D-164E-CE6F8C8424AE,1ZN7L4R0H1D00F,1W9DL31001461C,,1ZMLH8300204F0,1W9DL31001461C,,,,,
2023-11-01,11:32:58.14 AM,8m 35.8s,515.8,33.7969124559043,-117.4759882766596,43.9,137.7,16.0,1308,4398.4,5.610216,7.569323,-5.59235,2.23694,0.447388,1.342164,0,0.894776,-0.8,-1.5,1.7,175.2,175.2,174.9,Tripod,Other,,22,5,True,,True,False,,Smart,RC,False,True,False,,,True,,False,False,False,False,False,False,False,False,False,False,0,Follow Yaw,-77.9,0,166.4,166.4,False,False,False,False,False,,0,0,False,False,No Card,100,100,1024,1339,960,990,2,False,False,False,False,False,0,False,False,False,False,73,,46.62,,3639,,4986,,46.62,,True,3.89,3.89,3.89,3.89,3.89,3.89,3.89,3.89,3.89,3.89,3.89,3.89,0,,False,False,True,,,,,,,,,,,,,,,False,False,9.63,,101.6,,75.7,,101.6,,1376,111,4,21,7,144161.7,19221.56,,Idle,,20,,10,,,20,Go Home,False,False,False,False,False,False,False,False,False,False,False,False,33.8027920380556,-117.4659261431046,3729.0,3729.0,1049.4,396.9,True,1,1,False,False,False,False,,True,False,False,Course Lock,196.8,67,16.4,93,N,S,2.68,11.4,Calm,False,False,Android,7.0.2,M300 RTK,1ZN7L4R0H1D00F,1W9DL31001461C,1ZMLH8300204F0,1Z6PH74DAP0QN7,"Corona, CA",728.3,5.7,137.7,8.547347,2.013246,0,0,DJI Matrice 300 RTK,M300 RTK,1ZN7L4R0H1D00F,1W9DL31001461C,1ZMLH8300204F0,1Z6PH74DAP0QN7,DJI Pilot,Android,7.0.2,1EF72A62-B7C3-C88D-164E-CE6F8C8424AE,1ZN7L4R0H1D00F,1W9DL31001461C,,1ZMLH8300204F0,1W9DL31001461C,,,,,
2023-11-01,11:32:58.24 AM,8m 35.9s,515.9,33.7969101221056,-117.4759878227656,43.9,137.7,15.7,1308,4399.3,5.610216,7.569323,-5.59235,2.23694,0.447388,1.342164,0,0.894776,-0.8,-1,1.2,174.9,174.9,170.8,Tripod,Other,,22,5,True,,True,False,,Smart,RC,False,True,False,,,True,,False,False,False,False,False,False,False,False,False,False,0,Follow Yaw,-77.9,0,166.3,166.3,False,False,False,False,False,,0,0,False,False,No Card,100,100,1024,1339,959,993,2,False,False,False,False,False,0,False,False,False,False,73,,46.62,,3639,,4986,,46.62,,True,3.89,3.89,3.89,3.89,3.89,3.89,3.89,3.89,3.89,3.89,3.89,3.89,0,,False,False,True,,,,,,,,,,,,,,,False,False,9.63,,101.6,,75.7,,101.6,,1376,111,4,21,7,144161.7,19221.56,,Idle,,20,,10,,,20,Go Home,False,False,False,False,False,False,False,False,False,False,False,False,33.8027920380556,-117.4659261431046,3729.3,3729.3,1049.4,396.9,True,1,1,False,False,False,False,,True,False,False,Course Lock,196.8,67,16.4,93,N,S,2.68,11.4,Calm,False,False,Android,7.0.2,M300 RTK,1ZN7L4R0H1D00F,1W9DL31001461C,1ZMLH8300204F0,1Z6PH74DAP0QN7,"Corona, CA",728.3,5.7,137.7,8.547347,2.013246,0,0,DJI Matrice 300 RTK,M300 RTK,1ZN7L4R0H1D00F,1W9DL31001461C,1ZMLH8300204F0,1Z6PH74DAP0QN7,DJI Pilot,Android,7.0.2,1EF72A62-B7C3-C88D-164E-CE6F8C8424AE,1ZN7L4R0H1D00F,1W9DL31001461C,,1ZMLH8300204F0,1W9DL31001461C,,,,,
2023-11-01,11:32:58.34 AM,8m 36.0s,516.0,33.796907805714,-117.4759875228362,43.9,137.7,15.7,1308,4400.1,5.610216,7.569323,-5.59235,2.23694,0.447388,1.342164,0,0.894776,-0.9,-0.2,0.9,174.7,174.7,173.8,Tripod,Other,,22,5,True,,True,False,,Smart,RC,False,True,False,,,True,,False,False,False,False,False,False,False,False,False,False,0,Follow Yaw,-77.9,0,166.3,166.3,False,False,False,False,False,,0,0,False,False,No Card,100,100,1024,1338,887,995,2,False,False,False,False,False,0,False,False,False,False,72,,46.644,,7280,,10044,,46.644,,True,3.89,3.89,3.89,3.89,3.89,3.89,3.89,3.89,3.89,3.89,3.89,3.89,0,,False,False,True,,,,,,,,,,,,,,,False,False,19.256,,101.6,,75.7,,101.6,,1376,111,4,21,7,144161.7,19221.56,,Idle,,20,,10,,,20,Go Home,False,False,False,False,False,False,False,False,False,False,False,False,33.8027920380556,-117.4659261431046,3729.8,3729.8,1049.4,396.9,True,1,1,False,False,False,False,,True,False,False,Course Lock,196.8,67,16.4,93,N,S,2.68,11.4,Calm,False,False,Android,7.0.2,M300 RTK,1ZN7L4R0H1D00F,1W9DL31001461C,1ZMLH8300204F0,1Z6PH74DAP0QN7,"Corona, CA",728.3,5.7,137.7,8.547347,2.013246,0,0,DJI Matrice 300 RTK,M300 RTK,1ZN7L4R0H1D00F,1W9DL31001461C,1ZMLH8300204F0,1Z6PH74DAP0QN7,DJI Pilot,Android,7.0.2,1EF72A62-B7C3-C88D-164E-CE6F8C8424AE,1ZN7L4R0H1D00F,1W9DL31001461C,,1ZMLH8300204F0,1W9DL31001461C,,,,,
2023-11-01,11:32:58.44 AM,8m 36.1s,516.1,33.796905745222,-117.475987426763,43.9,137.7,15.7,1308,4400.9,5.610216,7.569323,-5.59235,2.23694,0.447388,1.342164,0,0.894776,-0.9,0.4,0.9,174.6,174.6,177.7,Tripod,Other,,22,5,True,,True,False,,Smart,RC,False,True,False,,,True,,False,False,False,False,False,False,False,False,False,False,0,Follow Yaw,-77.9,0,166.3,166.3,False,False,False,False,False,,0,0,False,False,No Card,100,100,1024,1338,914,997,2,False,False,False,False,False,0,False,False,False,False,72,,46.644,,7280,,10044,,46.644,,True,3.89,3.89,3.89,3.89,3.89,3.89,3.89,3.89,3.89,3.89,3.89,3.89,0,,False,False,True,,,,,,,,,,,,,,,False,False,19.256,,101.6,,75.7,,101.6,,1376,111,4,21,7,144161.7,19221.56,,Idle,,20,,10,,,20,Go Home,False,False,False,False,False,False,False,False,False,False,False,False,33.8027920380556,-117.4659261431046,3730.2,3730.2,1049.4,396.9,True,1,1,False,False,False,False,,True,False,False,Course Lock,196.8,67,16.4,93,N,S,2.68,11.4,Calm,False,False,Android,7.0.2,M300 RTK,1ZN7L4R0H1D00F,1W9DL31001461C,1ZMLH8300204F0,1Z6PH74DAP0QN7,"Corona, CA",728.3,5.7,137.7,8.547347,2.013246,0,0,DJI Matrice 300 RTK,M300 RTK,1ZN7L4R0H1D00F,1W9DL31001461C,1ZMLH8300204F0,1Z6PH74DAP0QN7,DJI Pilot,Android,7.0.2,1EF72A62-B7C3-C88D-164E-CE6F8C8424AE,1ZN7L4R0H1D00F,1W9DL31001461C,,1ZMLH8300204F0,1W9DL31001461C,,,,,
2023-11-01,11:32:58.54 AM,8m 36.2s,516.2,33.796903330281,-117.4759871375542,43.9,137.7,15.7,1308,4401.8,5.610216,7.569323,-5.59235,2.23694,0.447388,1.342164,0,0.894776,-0.8,0.6,1,174.5,174.5,174.3,Tripod,Other,,22,5,True,,True,False,,Smart,RC,False,True,False,,,True,,False,False,False,False,False,False,False,False,False,False,0,Follow Yaw,-77.9,0,166.2,166.2,False,False,False,False,False,,0,0,False,False,No Card,100,100,1024,1338,923,1005,2,False,False,False,False,False,0,False,False,False,False,72,,46.644,,7280,,10044,,46.644,,True,3.89,3.89,3.89,3.89,3.89,3.89,3.89,3.89,3.89,3.89,3.89,3.89,0,,False,False,True,,,,,,,,,,,,,,,False,False,19.256,,101.6,,75.7,,101.6,,1376,111,4,21,7,144161.7,19221.56,,Idle,,20,,10,,,20,Go Home,False,False,False,False,False,False,False,False,False,False,False,False,33.8027920380556,-117.4659261431046,3730.6,3730.6,1049.4,396.9,True,1,1,False,False,False,False,,True,False,False,Course Lock,196.8,67,16.4,93,N,S,2.68,11.4,Calm,False,False,Android,7.0.2,M300 RTK,1ZN7L4R0H1D00F,1W9DL31001461C,1ZMLH8300204F0,1Z6PH74DAP0QN7,"Corona, CA",728.3,5.7,137.7,8.547347,2.013246,0,0,DJI Matrice 300 RTK,M300 RTK,1ZN7L4R0H1D00F,1W9DL31001461C,1ZMLH8300204F0,1Z6PH74DAP0QN7,DJI Pilot,Android,7.0.2,1EF72A62-B7C3-C88D-164E-CE6F8C8424AE,1ZN7L4R0H1D00F,1W9DL31001461C,,1ZMLH8300204F0,1W9DL31001461C,,,,,
2023-11-01,11:32:58.62 AM,8m 36.3s,516.3,33.7969009565964,-117.4759868313572,43.9,137.7,15.7,1308,4402.6,5.610216,7.569323,-5.59235,2.23694,0.447388,1.342164,0,0.894776,-0.9,0.4,0.9,174.4,174.4,173.8,Tripod,Other,,22,5,True,,True,False,,Smart,RC,False,True,False,,,True,,False,False,False,False,False,False,False,False,False,False,0,Follow Yaw,-77.9,0,166.2,166.2,False,False,False,False,False,,0,0,False,False,No Card,100,100,1024,1338,925,1014,2,False,False,False,False,False,0,False,False,False,False,72,,46.644,,7280,,10044,,46.644,,True,3.887,3.887,3.887,3.887,3.887,3.887,3.887,3.887,3.887,3.887,3.887,3.887,0,,False,False,True,,,,,,,,,,,,,,,False,False,19.256,,101.6,,75.7,,101.6,,1374,111,4,21,7,144261.9,19234.92,,Idle,,20,,10,,,20,Go Home,False,False,False,False,False,False,False,False,False,False,False,False,33.8027920380556,-117.4659261431046,3731.0,3731.0,1049.4,396.9,True,1,1,False,False,False,False,,True,False,False,Course Lock,196.8,67,16.4,93,N,S,2.68,11.4,Calm,False,False,Android,7.0.2,M300 RTK,1ZN7L4R0H1D00F,1W9DL31001461C,1ZMLH8300204F0,1Z6PH74DAP0QN7,"Corona, CA",728.3,5.7,137.7,8.547347,2.013246,0,0,DJI Matrice 300 RTK,M300 RTK,1ZN7L4R0H1D00F,1W9DL31001461C,1ZMLH8300204F0,1Z6PH74DAP0QN7,DJI Pilot,Android,7.0.2,1EF72A62-B7C3-C88D-164E-CE6F8C8424AE,1ZN7L4R0H1D00F,1W9DL31001461C,,1ZMLH8300204F0,1W9DL31001461C,,,,,
2023-11-01,11:32:58.72 AM,8m 36.4s,516.4,33.7968986535001,-117.475986575712,43.9,137.7,15.7,1308,4403.5,5.610216,7.569323,-5.59235,2.23694,0.447388,1.342164,0,0.894776,-0.9,0.1,0.9,174.4,174.4,174.7,Tripod,Other,,22,5,True,,True,False,,Smart,RC,False,True,False,,,True,,False,False,False,False,False,False,False,False,False,False,0,Follow Yaw,-77.9,0,166.2,166.2,False,False,False,False,False,,0,0,False,False,No Card,100,100,1024,1338,925,1016,2,False,False,False,False,False,0,False,False,False,False,72,,46.644,,7280,,10044,,46.644,,True,3.887,3.887,3.887,3.887,3.887,3.887,3.887,3.887,3.887,3.887,3.887,3.887,0,,False,False,True,,,,,,,,,,,,,,,False,False,19.256,,101.6,,75.7,,101.6,,1374,111,4,21,7,144261.9,19234.92,,Idle,,20,,10,,,20,Go Home,False,False,False,False,False,False,False,False,False,False,False,False,33.8027920380556,-117.4659261431046,3731.4,3731.4,1049.4,396.9,True,1,1,False,False,False,False,,True,False,False,Course Lock,196.8,67,16.4,93,N,S,2.68,11.4,Calm,False,False,Android,7.0.2,M300 RTK,1ZN7L4R0H1D00F,1W9DL31001461C,1ZMLH8300204F0,1Z6PH74DAP0QN7,"Corona, CA",728.3,5.7,137.7,8.547347,2.013246,0,0,DJI Matrice 300 RTK,M300 RTK,1ZN7L4R0H1D00F,1W9DL31001461C,1ZMLH8300204F0,1Z6PH74DAP0QN7,DJI Pilot,Android,7.0.2,1EF72A62-B7C3-C88D-164E-CE6F8C8424AE,1ZN7L4R0H1D00F,1W9DL31001461C,,1ZMLH8300204F0,1W9DL31001461C,,,,,
2023-11-01,11:32:58.82 AM,8m 36.5s,516.5,33.7968962543215,-117.4759862586296,43.9,137.7,15.7,1308,4404.4,5.596822,7.569323,-5.59235,2.23694,0.223694,1.342164,0,0.894776,-1,-0.1,1,174.4,174.4,173.7,Tripod,Other,,22,5,True,,True,False,,Smart,RC,False,True,False,,,True,,False,False,False,False,False,False,False,False,False,False,0,Follow Yaw,-77.9,0,166.2,166.2,False,False,False,False,False,,0,0,False,False,No Card,100,100,1024,1339,926,1017,2,False,False,False,False,False,0,False,False,False,False,72,,46.644,,7280,,10044,,46.644,,True,3.887,3.887,3.887,3.887,3.887,3.887,3.887,3.887,3.887,3.887,3.887,3.887,0,,False,False,True,,,,,,,,,,,,,,,False,False,19.256,,101.6,,75.7,,101.6,,1374,111,4,21,7,144261.9,19234.92,,Idle,,20,,10,,,20,Go Home,False,False,False,False,False,False,False,False,False,False,False,False,33.8027920380556,-117.4659261431046,3731.9,3731.9,1049.4,396.9,True,1,1,False,False,False,False,,True,False,False,Course Lock,196.8,67,16.4,93,N,S,2.68,11.4,Calm,False,False,Android,7.0.2,M300 RTK,1ZN7L4R0H1D00F,1W9DL31001461C,1ZMLH8300204F0,1Z6PH74DAP0QN7,"Corona, CA",728.3,5.7,137.7,8.547347,2.013246,0,0,DJI Matrice 300 RTK,M300 RTK,1ZN7L4R0H1D00F,1W9DL31001461C,1ZMLH8300204F0,1Z6PH74DAP0QN7,DJI Pilot,Android,7.0.2,1EF72A62-B7C3-C88D-164E-CE6F8C8424AE,1ZN7L4R0H1D00F,1W9DL31001461C,,1ZMLH8300204F0,1W9DL31001461C,,,,,
2023-11-01,11:32:58.93 AM,8m 36.6s,516.6,33.796894058958,-117.4759860177458,43.9,137.7,16.0,1308,4405.2,5.596822,7.569323,-5.59235,2.23694,0.223694,1.342164,0,0.894776,-1,-0.2,1,174.4,174.4,174.7,Tripod,Other,,22,5,True,,True,False,,Smart,RC,False,True,False,,,True,,False,False,False,False,False,False,False,False,False,False,0,Follow Yaw,-77.9,0,166.2,166.2,False,False,False,False,False,,0,0,False,False,No Card,100,100,1024,1340,927,1017,2,False,False,False,False,False,0,False,False,False,False,72,,46.644,,7280,,10044,,46.644,,True,3.887,3.887,3.887,3.887,3.887,3.887,3.887,3.887,3.887,3.887,3.887,3.887,0,,False,False,True,,,,,,,,,,,,,,,False,False,19.256,,101.6,,75.7,,101.6,,1374,111,4,21,7,144261.9,19234.92,,Idle,,20,,10,,,20,Go Home,False,False,False,False,False,False,False,False,False,False,False,False,33.8027920380556,-117.4659261431046,3732.3,3732.3,1049.4,396.9,True,1,1,False,False,False,False,,True,False,False,Course Lock,196.8,67,16.4,93,N,S,2.68,11.4,Calm,False,False,Android,7.0.2,M300 RTK,1ZN7L4R0H1D00F,1W9DL31001461C,1ZMLH8300204F0,1Z6PH74DAP0QN7,"Corona, CA",728.3,5.7,137.7,8.547347,2.013246,0,0,DJI Matrice 300 RTK,M300 RTK,1ZN7L4R0H1D00F,1W9DL31001461C,1ZMLH8300204F0,1Z6PH74DAP0QN7,DJI Pilot,Android,7.0.2,1EF72A62-B7C3-C88D-164E-CE6F8C8424AE,1ZN7L4R0H1D00F,1W9DL31001461C,,1ZMLH8300204F0,1W9DL31001461C,,,,,
2023-11-01,11:32:59.03 AM,8m 36.7s,516.7,33.7968916959644,-117.475985674769,43.9,137.7,16.0,1308,4406.0,5.610216,7.569323,-5.59235,2.23694,0.447388,1.342164,0,0.894776,-1,-0.2,1,174.5,174.5,173.1,Tripod,Other,,22,5,True,,True,False,,Smart,RC,False,True,False,,,True,,False,False,False,False,False,False,False,False,False,False,0,Follow Yaw,-77.9,0,166.2,166.2,False,False,False,False,False,,0,0,False,False,No Card,100,100,1024,1340,939,1018,2,False,False,False,False,False,0,False,False,False,False,72,,46.644,,7280,,10044,,46.644,,True,3.887,3.887,3.887,3.887,3.887,3.887,3.887,3.887,3.887,3.887,3.887,3.887,0,,False,False,True,,,,,,,,,,,,,,,False,False,19.256,,101.6,,75.7,,101.6,,1374,111,4,21,7,144261.9,19234.92,,Idle,,20,,10,,,20,Go Home,False,False,False,False,False,False,False,False,False,False,False,False,33.8027920380556,-117.4659261431046,3732.7,3732.7,1049.4,396.9,True,1,1,False,False,False,False,,True,False,False,Course Lock,196.8,67,16.4,93,N,S,2.68,11.4,Calm,False,False,Android,7.0.2,M300 RTK,1ZN7L4R0H1D00F,1W9DL31001461C,1ZMLH8300204F0,1Z6PH74DAP0QN7,"Corona, CA",728.3,5.7,137.7,8.547347,2.013246,0,0,DJI Matrice 300 RTK,M300 RTK,1ZN7L4R0H1D00F,1W9DL31001461C,1ZMLH8300204F0,1Z6PH74DAP0QN7,DJI Pilot,Android,7.0.2,1EF72A62-B7C3-C88D-164E-CE6F8C8424AE,1ZN7L4R0H1D00F,1W9DL31001461C,,1ZMLH8300204F0,1W9DL31001461C,,,,,
2023-11-01,11:32:59.14 AM,8m 36.8s,516.8,33.7968893919087,-117.4759854150005,43.9,137.7,16.0,1308,4406.9,5.610216,7.569323,-5.59235,2.23694,0.447388,1.342164,0,0.894776,-1.1,-0.2,1.1,174.5,174.5,174.6,Tripod,Other,,22,5,True,,True,False,,Smart,RC,False,True,False,,,True,,False,False,False,False,False,False,False,False,False,False,0,Follow Yaw,-77.9,0,166.2,166.2,False,False,False,False,False,,0,0,False,False,No Card,100,100,1024,1343,938,1024,2,False,False,False,False,False,0,False,False,False,False,72,,46.644,,7280,,10044,,46.644,,True,3.887,3.887,3.887,3.887,3.887,3.887,3.887,3.887,3.887,3.887,3.887,3.887,0,,False,False,True,,,,,,,,,,,,,,,False,False,19.256,,101.6,,75.7,,101.6,,1374,111,4,21,7,144261.9,19234.92,,Idle,,20,,10,,,20,Go Home,False,False,False,False,False,False,False,False,False,False,False,False,33.8027920380556,-117.4659261431046,3733.1,3733.1,1049.4,396.9,True,1,1,False,False,False,False,,True,False,False,Course Lock,196.8,67,16.4,93,N,S,2.68,11.4,Calm,False,False,Android,7.0.2,M300 RTK,1ZN7L4R0H1D00F,1W9DL31001461C,1ZMLH8300204F0,1Z6PH74DAP0QN7,"Corona, CA",728.3,5.7,137.7,8.547347,2.013246,0,0,DJI Matrice 300 RTK,M300 RTK,1ZN7L4R0H1D00F,1W9DL31001461C,1ZMLH8300204F0,1Z6PH74DAP0QN7,DJI Pilot,Android,7.0.2,1EF72A62-B7C3-C88D-164E-CE6F8C8424AE,1ZN7L4R0H1D00F,1W9DL31001461C,,1ZMLH8300204F0,1W9DL31001461C,,,,,
2023-11-01,11:32:59.23 AM,8m 36.9s,516.9,33.7968872717936,-117.4759851985268,43.9,137.7,16.0,1308,4407.7,5.610216,7.569323,-5.59235,2.23694,0.447388,1.342164,0,0.894776,-1.1,-0.1,1.1,174.5,174.5,175.1,Tripod,Other,,22,5,True,,True,False,,Smart,RC,False,True,False,,,True,,False,False,False,False,False,False,False,False,False,False,0,Follow Yaw,-77.9,0,166.2,166.2,False,False,False,False,False,,0,0,False,False,No Card,100,100,1024,1346,936,1024,2,False,False,False,False,False,0,False,False,False,False,72,,46.644,,7280,,10044,,46.644,,True,3.887,3.887,3.887,3.887,3.887,3.887,3.887,3.887,3.887,3.887,3.887,3.887,0,,False,False,True,,,,,,,,,,,,,,,False,False,19.256,,101.6,,75.7,,101.6,,1374,111,4,21,7,144261.9,19234.92,,Idle,,20,,10,,,20,Go Home,False,False,False,False,False,False,False,False,False,False,False,False,33.8027920380556,-117.4659261431046,3733.5,3733.5,1049.4,396.9,True,1,1,False,False,False,False,,True,False,False,Course Lock,196.8,67,16.4,93,N,S,2.68,11.4,Calm,False,False,Android,7.0.2,M300 RTK,1ZN7L4R0H1D00F,1W9DL31001461C,1ZMLH8300204F0,1Z6PH74DAP0QN7,"Corona, CA",728.3,5.7,137.7,8.547347,2.013246,0,0,DJI Matrice 300 RTK,M300 RTK,1ZN7L4R0H1D00F,1W9DL31001461C,1ZMLH8300204F0,1Z6PH74DAP0QN7,DJI Pilot,Android,7.0.2,1EF72A62-B7C3-C88D-164E-CE6F8C8424AE,1ZN7L4R0H1D00F,1W9DL31001461C,,1ZMLH8300204F0,1W9DL31001461C,,,,,
2023-11-01,11:32:59.34 AM,8m 37.0s,517.0,33.796884980896,-117.4759849415622,43.9,137.7,16.0,1308,4408.5,5.610216,7.569323,-5.59235,2.23694,0.447388,1.342164,0,0.894776,-1.2,0,1.2,174.5,174.5,174.6,Tripod,Other,,22,5,True,,True,False,,Smart,RC,False,True,False,,,True,,False,False,False,False,False,False,False,False,False,False,0,Follow Yaw,-77.9,0,166.2,166.2,False,False,False,False,False,,0,0,False,False,No Card,100,100,1024,1348,932,1024,2,False,False,False,False,False,0,False,False,False,False,73,,46.608,,3639,,4986,,46.608,,True,3.887,3.887,3.887,3.887,3.887,3.887,3.887,3.887,3.887,3.887,3.887,3.887,0,,False,False,True,,,,,,,,,,,,,,,False,False,9.736,,101.6,,75.7,,101.6,,1374,111,4,21,7,144261.9,19234.92,,Idle,,20,,10,,,20,Go Home,False,False,False,False,False,False,False,False,False,False,False,False,33.8027920380556,-117.4659261431046,3733.9,3733.9,1049.4,396.9,True,1,1,False,False,False,False,,True,False,False,Course Lock,196.8,67,16.4,93,N,S,2.68,11.4,Calm,False,False,Android,7.0.2,M300 RTK,1ZN7L4R0H1D00F,1W9DL31001461C,1ZMLH8300204F0,1Z6PH74DAP0QN7,"Corona, CA",728.3,5.7,137.7,8.547347,2.013246,0,0,DJI Matrice 300 RTK,M300 RTK,1ZN7L4R0H1D00F,1W9DL31001461C,1ZMLH8300204F0,1Z6PH74DAP0QN7,DJI Pilot,Android,7.0.2,1EF72A62-B7C3-C88D-164E-CE6F8C8424AE,1ZN7L4R0H1D00F,1W9DL31001461C,,1ZMLH8300204F0,1W9DL31001461C,,,,,
2023-11-01,11:32:59.44 AM,8m 37.1s,517.1,33.7968826501127,-117.4759845547958,43.9,137.7,16.0,1308,4409.4,5.596822,7.569323,-5.59235,2.23694,0.223694,1.342164,0,0.894776,-1.1,0,1.1,174.5,174.5,172.1,Tripod,Other,,22,5,True,,True,False,,Smart,RC,False,True,False,,,True,,False,False,False,False,False,False,False,False,False,False,0,Follow Yaw,-77.9,0,166.2,166.2,False,False,False,False,False,,0,0,False,False,No Card,100,100,1024,1347,929,1024,2,False,False,False,False,False,0,False,False,False,False,73,,46.608,,3639,,4986,,46.608,,True,3.887,3.887,3.887,3.887,3.887,3.887,3.887,3.887,3.887,3.887,3.887,3.887,0,,False,False,True,,,,,,,,,,,,,,,False,False,9.736,,101.6,,75.7,,101.6,,1374,111,4,21,7,144261.9,19234.92,,Idle,,20,,10,,,20,Go Home,False,False,False,False,False,False,False,False,False,False,False,False,33.8027920380556,-117.4659261431046,3734.3,3734.3,1049.4,396.9,True,1,1,False,False,False,False,,True,False,False,Course Lock,196.8,67,16.4,93,N,S,2.68,11.4,Calm,False,False,Android,7.0.2,M300 RTK,1ZN7L4R0H1D00F,1W9DL31001461C,1ZMLH8300204F0,1Z6PH74DAP0QN7,"Corona, CA",728.3,5.7,137.7,8.547347,2.013246,0,0,DJI Matrice 300 RTK,M300 RTK,1ZN7L4R0H1D00F,1W9DL31001461C,1ZMLH8300204F0,1Z6PH74DAP0QN7,DJI Pilot,Android,7.0.2,1EF72A62-B7C3-C88D-164E-CE6F8C8424AE,1ZN7L4R0H1D00F,1W9DL31001461C,,1ZMLH8300204F0,1W9DL31001461C,,,,,
2023-11-01,11:32:59.54 AM,8m 37.2s,517.2,33.796880348387,-117.4759842978312,43.9,137.7,16.0,1308,4410.2,5.596822,7.569323,-5.59235,2.23694,0.223694,1.342164,0,0.894776,-1.1,0,1.1,174.4,174.4,174.6,Tripod,Other,,22,5,True,,True,False,,Smart,RC,False,True,False,,,True,,False,False,False,False,False,False,False,False,False,False,0,Follow Yaw,-77.9,0,166.2,166.2,False,False,False,False,False,,0,0,False,False,No Card,100,100,1024,1349,925,1024,2,False,False,False,False,False,0,False,False,False,False,73,,46.608,,3639,,4986,,46.608,,True,3.887,3.887,3.887,3.887,3.887,3.887,3.887,3.887,3.887,3.887,3.887,3.887,0,,False,False,True,,,,,,,,,,,,,,,False,False,9.736,,101.6,,75.7,,101.6,,1374,111,4,21,7,144261.9,19234.92,,Idle,,20,,10,,,20,Go Home,False,False,False,False,False,False,False,False,False,False,False,False,33.8027920380556,-117.4659261431046,3734.7,3734.7,1049.4,396.9,True,1,1,False,False,False,False,,True,False,False,Course Lock,196.8,67,16.4,93,N,S,2.68,11.4,Calm,False,False,Android,7.0.2,M300 RTK,1ZN7L4R0H1D00F,1W9DL31001461C,1ZMLH8300204F0,1Z6PH74DAP0QN7,"Corona, CA",728.3,5.7,137.7,8.547347,2.013246,0,0,DJI Matrice 300 RTK,M300 RTK,1ZN7L4R0H1D00F,1W9DL31001461C,1ZMLH8300204F0,1Z6PH74DAP0QN7,DJI Pilot,Android,7.0.2,1EF72A62-B7C3-C88D-164E-CE6F8C8424AE,1ZN7L4R0H1D00F,1W9DL31001461C,,1ZMLH8300204F0,1W9DL31001461C,,,,,
2023-11-01,11:32:59.64 AM,8m 37.3s,517.3,33.7968780121211,-117.4759842657518,43.9,137.7,16.0,1308,4411.1,5.596822,7.569323,-5.59235,2.23694,0.223694,1.342164,0,0.894776,-1,-0.2,1,174.4,174.4,179.3,Tripod,Other,,22,5,True,,True,False,,Smart,RC,False,True,False,,,True,,False,False,False,False,False,False,False,False,False,False,0,Follow Yaw,-77.9,0,166.2,166.2,False,False,False,False,False,,0,0,False,False,No Card,100,100,1024,1348,923,1024,2,False,False,False,False,False,0,False,False,False,False,73,,46.608,,3639,,4986,,46.608,,True,3.887,3.887,3.887,3.887,3.887,3.887,3.887,3.887,3.887,3.887,3.887,3.887,0,,False,False,True,,,,,,,,,,,,,,,False,False,9.736,,101.6,,75.7,,101.6,,1372,111,4,21,7,144378.3,19250.45,,Idle,,20,,10,,,20,Go Home,False,False,False,False,False,False,False,False,False,False,False,False,33.8027920380556,-117.4659261431046,3735.2,3735.2,1049.4,396.9,True,1,1,False,False,False,False,,True,False,False,Course Lock,196.8,67,16.4,93,N,S,2.68,11.4,Calm,False,False,Android,7.0.2,M300 RTK,1ZN7L4R0H1D00F,1W9DL31001461C,1ZMLH8300204F0,1Z6PH74DAP0QN7,"Corona, CA",728.3,5.7,137.7,8.547347,2.013246,0,0,DJI Matrice 300 RTK,M300 RTK,1ZN7L4R0H1D00F,1W9DL31001461C,1ZMLH8300204F0,1Z6PH74DAP0QN7,DJI Pilot,Android,7.0.2,1EF72A62-B7C3-C88D-164E-CE6F8C8424AE,1ZN7L4R0H1D00F,1W9DL31001461C,,1ZMLH8300204F0,1W9DL31001461C,,,,,
2023-11-01,11:32:59.75 AM,8m 37.4s,517.4,33.7968757028568,-117.475984036166,43.9,137.7,16.0,1308,4411.9,5.596822,7.569323,-5.59235,2.23694,0.223694,1.342164,0,0.894776,-1,-0.4,1,174.4,174.4,175.2,Tripod,Other,,22,5,True,,True,False,,Smart,RC,False,True,False,,,True,,False,False,False,False,False,False,False,False,False,False,0,Follow Yaw,-77.9,0,166.2,166.2,False,False,False,False,False,,0,0,False,False,No Card,100,100,1024,1348,922,1024,2,False,False,False,False,False,0,False,False,False,False,73,,46.608,,3639,,4986,,46.608,,True,3.887,3.887,3.887,3.887,3.887,3.887,3.887,3.887,3.887,3.887,3.887,3.887,0,,False,False,True,,,,,,,,,,,,,,,False,False,9.736,,101.6,,75.7,,101.6,,1372,111,4,21,7,144378.3,19250.45,,Idle,,20,,10,,,20,Go Home,False,False,False,False,False,False,False,False,False,False,False,False,33.8027920380556,-117.4659261431046,3735.7,3735.7,1049.4,396.9,True,1,1,False,False,False,False,,True,False,False,Course Lock,196.8,67,16.4,93,N,S,2.9,11.4,Calm,False,False,Android,7.0.2,M300 RTK,1ZN7L4R0H1D00F,1W9DL31001461C,1ZMLH8300204F0,1Z6PH74DAP0QN7,"Corona, CA",728.3,5.7,137.7,8.547347,2.013246,0,0,DJI Matrice 300 RTK,M300 RTK,1ZN7L4R0H1D00F,1W9DL31001461C,1ZMLH8300204F0,1Z6PH74DAP0QN7,DJI Pilot,Android,7.0.2,1EF72A62-B7C3-C88D-164E-CE6F8C8424AE,1ZN7L4R0H1D00F,1W9DL31001461C,,1ZMLH8300204F0,1W9DL31001461C,,,,,
2023-11-01,11:32:59.85 AM,8m 37.5s,517.5,33.7968733878359,-117.4759838028692,43.9,137.7,16.0,1308,4412.7,5.596822,7.569323,-5.59235,2.23694,0.223694,1.342164,0,0.894776,-1,-0.7,1.2,174.4,174.4,175.2,Tripod,Other,,22,5,True,,True,False,,Smart,RC,False,True,False,,,True,,False,False,False,False,False,False,False,False,False,False,0,Follow Yaw,-77.9,0,166.2,166.2,False,False,False,False,False,,0,0,False,False,No Card,100,100,1024,1348,915,1024,2,False,False,False,False,False,0,False,False,False,False,73,,46.608,,3639,,4986,,46.608,,True,3.887,3.887,3.887,3.887,3.887,3.887,3.887,3.887,3.887,3.887,3.887,3.887,0,,False,False,True,,,,,,,,,,,,,,,False,False,9.736,,101.6,,75.7,,101.6,,1372,111,4,21,7,144378.3,19250.45,,Idle,,20,,10,,,20,Go Home,False,False,False,False,False,False,False,False,False,False,False,False,33.8027920380556,-117.4659261431046,3736.1,3736.1,1049.4,396.9,True,1,1,False,False,False,False,,True,False,False,Course Lock,196.8,67,16.4,93,N,S,2.9,11.4,Calm,False,False,Android,7.0.2,M300 RTK,1ZN7L4R0H1D00F,1W9DL31001461C,1ZMLH8300204F0,1Z6PH74DAP0QN7,"Corona, CA",728.3,5.7,137.7,8.547347,2.013246,0,0,DJI Matrice 300 RTK,M300 RTK,1ZN7L4R0H1D00F,1W9DL31001461C,1ZMLH8300204F0,1Z6PH74DAP0QN7,DJI Pilot,Android,7.0.2,1EF72A62-B7C3-C88D-164E-CE6F8C8424AE,1ZN7L4R0H1D00F,1W9DL31001461C,,1ZMLH8300204F0,1W9DL31001461C,,,,,
2023-11-01,11:32:59.95 AM,8m 37.6s,517.6,33.7968710761045,-117.4759835663561,43.6,137.7,16.0,1307,4413.6,5.596822,7.569323,-5.59235,2.23694,0.223694,1.342164,0,0.894776,-1.1,-0.8,1.3,174.4,174.4,175.1,Tripod,Other,,22,5,True,,True,False,,Smart,RC,False,True,False,,,True,,False,False,False,False,False,False,False,False,False,False,0,Follow Yaw,-77.9,0,166.2,166.2,False,False,False,False,False,,0,0,False,False,No Card,100,100,1024,1351,906,1024,2,False,False,False,False,False,0,False,False,False,False,73,,46.608,,3639,,4986,,46.608,,True,3.887,3.887,3.887,3.887,3.887,3.887,3.887,3.887,3.887,3.887,3.887,3.887,0,,False,False,True,,,,,,,,,,,,,,,False,False,9.736,,101.6,,75.7,,101.6,,1372,111,4,21,7,144378.3,19250.45,,Idle,,20,,10,,,20,Go Home,False,False,False,False,False,False,False,False,False,False,False,False,33.8027920380556,-117.4659261431046,3736.5,3736.5,1049.4,396.9,True,1,1,False,False,False,False,,True,False,False,Course Lock,196.8,67,16.4,93,N,S,2.9,11.4,Calm,False,False,Android,7.0.2,M300 RTK,1ZN7L4R0H1D00F,1W9DL31001461C,1ZMLH8300204F0,1Z6PH74DAP0QN7,"Corona, CA",728.3,5.7,137.7,8.547347,2.013246,0,0,DJI Matrice 300 RTK,M300 RTK,1ZN7L4R0H1D00F,1W9DL31001461C,1ZMLH8300204F0,1Z6PH74DAP0QN7,DJI Pilot,Android,7.0.2,1EF72A62-B7C3-C88D-164E-CE6F8C8424AE,1ZN7L4R0H1D00F,1W9DL31001461C,,1ZMLH8300204F0,1W9DL31001461C,,,,,
2023-11-01,11:33:00.05 AM,8m 37.7s,517.7,33.7968689018489,-117.4759831281308,43.6,137.7,16.0,1307,4414.4,5.610216,7.569323,-5.59235,2.23694,0.447388,1.342164,0,0.894776,-1.1,-0.7,1.3,174.4,174.4,170.4,Tripod,Other,,22,5,True,,True,False,,Smart,RC,False,True,False,,,True,,False,False,False,False,False,False,False,False,False,False,0,Follow Yaw,-77.9,0,166.2,166.2,False,False,False,False,False,,0,0,False,False,No Card,100,100,1024,1354,888,1008,2,False,False,False,False,False,0,False,False,False,False,73,,46.608,,3639,,4986,,46.608,,True,3.887,3.887,3.887,3.887,3.887,3.887,3.887,3.887,3.887,3.887,3.887,3.887,0,,False,False,True,,,,,,,,,,,,,,,False,False,9.736,,101.6,,75.7,,101.6,,1372,111,4,21,7,144378.3,19250.45,,Idle,,20,,10,,,20,Go Home,False,False,False,False,False,False,False,False,False,False,False,False,33.8027920380556,-117.4659261431046,3736.9,3736.9,1049.4,396.9,True,1,1,False,False,False,False,,True,False,False,Course Lock,196.8,67,16.4,93,N,S,2.9,11.4,Calm,False,False,Android,7.0.2,M300 RTK,1ZN7L4R0H1D00F,1W9DL31001461C,1ZMLH8300204F0,1Z6PH74DAP0QN7,"Corona, CA",728.3,5.7,137.7,8.547347,2.013246,0,0,DJI Matrice 300 RTK,M300 RTK,1ZN7L4R0H1D00F,1W9DL31001461C,1ZMLH8300204F0,1Z6PH74DAP0QN7,DJI Pilot,Android,7.0.2,1EF72A62-B7C3-C88D-164E-CE6F8C8424AE,1ZN7L4R0H1D00F,1W9DL31001461C,,1ZMLH8300204F0,1W9DL31001461C,,,,,
2023-11-01,11:33:00.16 AM,8m 37.8s,517.8,33.7968664699119,-117.4759828407362,43.6,137.7,16.0,1307,4415.3,5.610216,7.569323,-5.59235,2.23694,0.447388,1.342164,0,0.894776,-1.1,-0.5,1.2,174.4,174.4,174.3,Tripod,Other,,22,5,True,,True,False,,Smart,RC,False,True,False,,,True,,False,False,False,False,False,False,False,False,False,False,0,Follow Yaw,-77.9,0,166.2,166.2,False,False,False,False,False,,0,0,False,False,No Card,100,100,1024,1353,888,1008,2,False,False,False,False,False,0,False,False,False,False,73,,46.608,,3639,,4986,,46.608,,True,3.887,3.887,3.887,3.887,3.887,3.887,3.887,3.887,3.887,3.887,3.887,3.887,0,,False,False,True,,,,,,,,,,,,,,,False,False,9.736,,101.6,,75.7,,101.6,,1372,111,4,21,7,144378.3,19250.45,,Idle,,20,,10,,,20,Go Home,False,False,False,False,False,False,False,False,False,False,False,False,33.8027920380556,-117.4659261431046,3737.3,3737.3,1049.4,396.9,True,1,1,False,False,False,False,,True,False,False,Course Lock,196.8,67,16.4,93,N,S,2.9,11.4,Calm,False,False,Android,7.0.2,M300 RTK,1ZN7L4R0H1D00F,1W9DL31001461C,1ZMLH8300204F0,1Z6PH74DAP0QN7,"Corona, CA",728.3,5.7,137.7,8.547347,2.013246,0,0,DJI Matrice 300 RTK,M300 RTK,1ZN7L4R0H1D00F,1W9DL31001461C,1ZMLH8300204F0,1Z6PH74DAP0QN7,DJI Pilot,Android,7.0.2,1EF72A62-B7C3-C88D-164E-CE6F8C8424AE,1ZN7L4R0H1D00F,1W9DL31001461C,,1ZMLH8300204F0,1W9DL31001461C,,,,,
2023-11-01,11:33:00.27 AM,8m 37.9s,517.9,33.7968643652851,-117.4759827192635,43.6,137.7,16.0,1307,4416.1,5.610216,7.569323,-5.59235,2.23694,0.447388,1.342164,0,0.894776,-1.1,-0.3,1.1,174.4,174.4,177.2,Tripod,Other,,22,5,True,,True,False,,Smart,RC,False,True,False,,,True,,False,False,False,False,False,False,False,False,False,False,0,Follow Yaw,-77.9,0,166.2,166.2,False,False,False,False,False,,0,0,False,False,No Card,100,100,1024,1350,901,1009,2,False,False,False,False,False,0,False,False,False,False,73,,46.608,,3639,,4986,,46.608,,True,3.887,3.887,3.887,3.887,3.887,3.887,3.887,3.887,3.887,3.887,3.887,3.887,0,,False,False,True,,,,,,,,,,,,,,,False,False,9.736,,101.6,,75.7,,101.6,,1372,111,4,21,7,144378.3,19250.45,,Idle,,20,,10,,,20,Go Home,False,False,False,False,False,False,False,False,False,False,False,False,33.8027920380556,-117.4659261431046,3737.7,3737.7,1049.4,396.9,True,1,1,False,False,False,False,,True,False,False,Course Lock,196.8,67,16.4,93,N,S,2.9,11.4,Calm,False,False,Android,7.0.2,M300 RTK,1ZN7L4R0H1D00F,1W9DL31001461C,1ZMLH8300204F0,1Z6PH74DAP0QN7,"Corona, CA",728.3,5.7,137.7,8.547347,2.013246,0,0,DJI Matrice 300 RTK,M300 RTK,1ZN7L4R0H1D00F,1W9DL31001461C,1ZMLH8300204F0,1Z6PH74DAP0QN7,DJI Pilot,Android,7.0.2,1EF72A62-B7C3-C88D-164E-CE6F8C8424AE,1ZN7L4R0H1D00F,1W9DL31001461C,,1ZMLH8300204F0,1W9DL31001461C,,,,,
2023-11-01,11:33:00.37 AM,8m 38.0s,518.0,33.7968620632853,-117.4759824493516,43.6,137.7,16.0,1307,4416.9,5.610216,7.569323,-5.59235,2.23694,0.447388,1.342164,0,0.894776,-1,-0.1,1,174.4,174.4,174.4,Tripod,Other,,22,5,True,,True,False,,Smart,RC,False,True,False,,,True,,False,False,False,False,False,False,False,False,False,False,0,Follow Yaw,-77.9,0,166.2,166.2,False,False,False,False,False,,0,0,False,False,No Card,100,100,1024,1354,900,1009,2,False,False,False,False,False,0,False,False,False,False,72,,46.62,,7280,,10044,,46.62,,True,3.887,3.887,3.887,3.887,3.887,3.887,3.887,3.887,3.887,3.887,3.887,3.887,0,,False,False,True,,,,,,,,,,,,,,,False,False,19.216,,101.8,,75.7,,101.8,,1372,111,4,21,7,144378.3,19250.45,,Idle,,20,,10,,,20,Go Home,False,False,False,False,False,False,False,False,False,False,False,False,33.8027920380556,-117.4659261431046,3738.1,3738.1,1049.4,396.9,True,1,1,False,False,False,False,,True,False,False,Course Lock,196.8,67,16.4,93,N,S,2.9,11.4,Calm,False,False,Android,7.0.2,M300 RTK,1ZN7L4R0H1D00F,1W9DL31001461C,1ZMLH8300204F0,1Z6PH74DAP0QN7,"Corona, CA",728.3,5.7,137.7,8.547347,2.013246,0,0,DJI Matrice 300 RTK,M300 RTK,1ZN7L4R0H1D00F,1W9DL31001461C,1ZMLH8300204F0,1Z6PH74DAP0QN7,DJI Pilot,Android,7.0.2,1EF72A62-B7C3-C88D-164E-CE6F8C8424AE,1ZN7L4R0H1D00F,1W9DL31001461C,,1ZMLH8300204F0,1W9DL31001461C,,,,,
2023-11-01,11:33:00.48 AM,8m 38.1s,518.1,33.796859668904,-117.4759821645959,43.6,137.7,16.0,1307,4417.8,5.610216,7.569323,-5.59235,2.23694,0.447388,1.342164,0,0.894776,-1,-0.1,1,174.5,174.5,174.3,Tripod,Other,,22,5,True,,True,False,,Smart,RC,False,True,False,,,True,,False,False,False,False,False,False,False,False,False,False,0,Follow Yaw,-77.9,0,166.2,166.2,False,False,False,False,False,,0,0,False,False,No Card,100,100,1024,1358,886,1024,2,False,False,False,False,False,0,False,False,False,False,72,,46.62,,7280,,10044,,46.62,,True,3.887,3.887,3.887,3.887,3.887,3.887,3.887,3.887,3.887,3.887,3.887,3.887,0,,False,False,True,,,,,,,,,,,,,,,False,False,19.216,,101.8,,75.7,,101.8,,1372,111,4,21,7,144378.3,19250.45,,Idle,,20,,10,,,20,Go Home,False,False,False,False,False,False,False,False,False,False,False,False,33.8027920380556,-117.4659261431046,3738.6,3738.6,1049.4,396.9,True,1,1,False,False,False,False,,True,False,False,Course Lock,196.8,67,16.4,93,N,S,2.9,11.4,Calm,False,False,Android,7.0.2,M300 RTK,1ZN7L4R0H1D00F,1W9DL31001461C,1ZMLH8300204F0,1Z6PH74DAP0QN7,"Corona, CA",728.3,5.7,137.7,8.547347,2.013246,0,0,DJI Matrice 300 RTK,M300 RTK,1ZN7L4R0H1D00F,1W9DL31001461C,1ZMLH8300204F0,1Z6PH74DAP0QN7,DJI Pilot,Android,7.0.2,1EF72A62-B7C3-C88D-164E-CE6F8C8424AE,1ZN7L4R0H1D00F,1W9DL31001461C,,1ZMLH8300204F0,1W9DL31001461C,,,,,
2023-11-01,11:33:00.58 AM,8m 38.2s,518.2,33.7968572299767,-117.4759818857778,43.6,137.7,16.0,1307,4418.7,5.610216,7.569323,-5.59235,2.23694,0.447388,1.342164,0,0.894776,-1,-0.1,1,174.6,174.6,174.5,Tripod,Other,,22,5,True,,True,False,,Smart,RC,False,True,False,,,True,,False,False,False,False,False,False,False,False,False,False,0,Follow Yaw,-77.9,0,166.2,166.2,False,False,False,False,False,,0,0,False,False,No Card,100,100,1024,1346,917,996,2,False,False,False,False,False,0,False,False,False,False,72,,46.62,,7280,,10044,,46.62,,True,3.887,3.887,3.887,3.887,3.887,3.887,3.887,3.887,3.887,3.887,3.887,3.887,0,,False,False,True,,,,,,,,,,,,,,,False,False,19.216,,101.8,,75.7,,101.8,,1372,111,4,21,7,144378.3,19250.45,,Idle,,20,,10,,,20,Go Home,False,False,False,False,False,False,False,False,False,False,False,False,33.8027920380556,-117.4659261431046,3739.0,3739.0,1049.4,396.9,True,1,1,False,False,False,False,,True,False,False,Course Lock,196.8,67,16.4,93,N,S,2.9,11.4,Calm,False,False,Android,7.0.2,M300 RTK,1ZN7L4R0H1D00F,1W9DL31001461C,1ZMLH8300204F0,1Z6PH74DAP0QN7,"Corona, CA",728.3,5.7,137.7,8.547347,2.013246,0,0,DJI Matrice 300 RTK,M300 RTK,1ZN7L4R0H1D00F,1W9DL31001461C,1ZMLH8300204F0,1Z6PH74DAP0QN7,DJI Pilot,Android,7.0.2,1EF72A62-B7C3-C88D-164E-CE6F8C8424AE,1ZN7L4R0H1D00F,1W9DL31001461C,,1ZMLH8300204F0,1W9DL31001461C,,,,,
2023-11-01,11:33:00.64 AM,8m 38.3s,518.3,33.7968552524088,-117.4759817069086,43.6,137.7,16.0,1307,4419.4,5.610216,7.569323,-5.59235,2.23694,0.447388,1.342164,0,0.894776,-1.2,-0.1,1.2,174.6,174.6,175.7,Tripod,Other,,22,5,True,,True,False,,Smart,RC,False,True,False,,,True,,False,False,False,False,False,False,False,False,False,False,0,Follow Yaw,-77.9,0,166.2,166.2,False,False,False,False,False,,0,0,False,False,No Card,100,100,1024,1361,914,986,2,False,False,False,False,False,0,False,False,False,False,72,,46.62,,7280,,10044,,46.62,,True,3.886,3.886,3.886,3.886,3.886,3.886,3.886,3.886,3.886,3.886,3.886,3.886,0,,False,False,True,,,,,,,,,,,,,,,False,False,19.216,,101.8,,75.7,,101.8,,1371,111,4,22,7,144515.4,19268.72,,Idle,,20,,10,,,20,Go Home,False,False,False,False,False,False,False,False,False,False,False,False,33.8027920380556,-117.4659261431046,3739.4,3739.4,1049.4,396.9,True,1,1,False,False,False,False,,True,False,False,Course Lock,196.8,67,16.4,93,N,S,2.9,11.4,Calm,False,False,Android,7.0.2,M300 RTK,1ZN7L4R0H1D00F,1W9DL31001461C,1ZMLH8300204F0,1Z6PH74DAP0QN7,"Corona, CA",728.3,5.7,137.7,8.547347,2.013246,0,0,DJI Matrice 300 RTK,M300 RTK,1ZN7L4R0H1D00F,1W9DL31001461C,1ZMLH8300204F0,1Z6PH74DAP0QN7,DJI Pilot,Android,7.0.2,1EF72A62-B7C3-C88D-164E-CE6F8C8424AE,1ZN7L4R0H1D00F,1W9DL31001461C,,1ZMLH8300204F0,1W9DL31001461C,,,,,
2023-11-01,11:33:00.74 AM,8m 38.4s,518.4,33.7968528307516,-117.4759814440889,43.6,137.7,16.0,1307,4420.3,5.610216,7.569323,-5.59235,2.23694,0.447388,1.342164,0,0.894776,-1.4,-0.3,1.4,174.6,174.6,174.8,Tripod,Other,,22,5,True,,True,False,,Smart,RC,False,True,False,,,True,,False,False,False,False,False,False,False,False,False,False,0,Follow Yaw,-77.9,0,166.2,166.2,False,False,False,False,False,,0,0,False,False,No Card,100,100,1024,1347,914,1001,2,False,False,False,False,False,0,False,False,False,False,72,,46.62,,7280,,10044,,46.62,,True,3.886,3.886,3.886,3.886,3.886,3.886,3.886,3.886,3.886,3.886,3.886,3.886,0,,False,False,True,,,,,,,,,,,,,,,False,False,19.216,,101.8,,75.7,,101.8,,1371,111,4,22,7,144515.4,19268.72,,Idle,,20,,10,,,20,Go Home,False,False,False,False,False,False,False,False,False,False,False,False,33.8027920380556,-117.4659261431046,3739.8,3739.8,1049.4,396.9,True,1,1,False,False,False,False,,True,False,False,Course Lock,196.8,67,16.4,93,N,S,2.9,11.4,Calm,False,False,Android,7.0.2,M300 RTK,1ZN7L4R0H1D00F,1W9DL31001461C,1ZMLH8300204F0,1Z6PH74DAP0QN7,"Corona, CA",728.3,5.7,137.7,8.547347,2.013246,0,0,DJI Matrice 300 RTK,M300 RTK,1ZN7L4R0H1D00F,1W9DL31001461C,1ZMLH8300204F0,1Z6PH74DAP0QN7,DJI Pilot,Android,7.0.2,1EF72A62-B7C3-C88D-164E-CE6F8C8424AE,1ZN7L4R0H1D00F,1W9DL31001461C,,1ZMLH8300204F0,1W9DL31001461C,,,,,
2023-11-01,11:33:00.84 AM,8m 38.5s,518.5,33.796850446513,-117.475981091381,43.6,137.7,16.0,1307,4421.2,5.610216,7.569323,-5.59235,2.23694,0.447388,1.342164,0,0.894776,-1.3,-0.3,1.3,174.7,174.7,172.9,Tripod,Other,,22,5,True,,True,False,,Smart,RC,False,True,False,,,True,,False,False,False,False,False,False,False,False,False,False,0,Follow Yaw,-77.9,0,166.2,166.2,False,False,False,False,False,,0,0,False,False,No Card,100,100,1024,1358,908,1005,2,False,False,False,False,False,0,False,False,False,False,72,,46.62,,7280,,10044,,46.62,,True,3.886,3.886,3.886,3.886,3.886,3.886,3.886,3.886,3.886,3.886,3.886,3.886,0,,False,False,True,,,,,,,,,,,,,,,False,False,19.216,,101.8,,75.7,,101.8,,1371,111,4,22,7,144515.4,19268.72,,Idle,,20,,10,,,20,Go Home,False,False,False,False,False,False,False,False,False,False,False,False,33.8027920380556,-117.4659261431046,3740.3,3740.3,1049.4,396.9,True,1,1,False,False,False,False,,True,False,False,Course Lock,196.8,67,16.4,93,N,S,2.9,11.4,Calm,False,False,Android,7.0.2,M300 RTK,1ZN7L4R0H1D00F,1W9DL31001461C,1ZMLH8300204F0,1Z6PH74DAP0QN7,"Corona, CA",728.3,5.7,137.7,8.547347,2.013246,0,0,DJI Matrice 300 RTK,M300 RTK,1ZN7L4R0H1D00F,1W9DL31001461C,1ZMLH8300204F0,1Z6PH74DAP0QN7,DJI Pilot,Android,7.0.2,1EF72A62-B7C3-C88D-164E-CE6F8C8424AE,1ZN7L4R0H1D00F,1W9DL31001461C,,1ZMLH8300204F0,1W9DL31001461C,,,,,
2023-11-01,11:33:00.94 AM,8m 38.6s,518.6,33.7968481073687,-117.4759808360657,43.6,137.7,16.0,1307,4422.0,5.610216,7.569323,-5.59235,2.23694,0.447388,1.342164,0,0.894776,-1,-0.1,1,174.7,174.7,174.8,Tripod,Other,,22,5,True,,True,False,,Smart,RC,False,True,False,,,True,,False,False,False,False,False,False,False,False,False,False,0,Follow Yaw,-77.9,0,166.2,166.2,False,False,False,False,False,,0,0,False,False,No Card,100,100,1024,1349,908,1024,2,False,False,False,False,False,0,False,False,False,False,72,,46.62,,7280,,10044,,46.62,,True,3.886,3.886,3.886,3.886,3.886,3.886,3.886,3.886,3.886,3.886,3.886,3.886,0,,False,False,True,,,,,,,,,,,,,,,False,False,19.216,,101.8,,75.7,,101.8,,1371,111,4,22,7,144515.4,19268.72,,Idle,,20,,10,,,20,Go Home,False,False,False,False,False,False,False,False,False,False,False,False,33.8027920380556,-117.4659261431046,3740.7,3740.7,1049.4,396.9,True,1,1,False,False,False,False,,True,False,False,Course Lock,196.8,67,16.4,93,N,S,2.9,11.4,Calm,False,False,Android,7.0.2,M300 RTK,1ZN7L4R0H1D00F,1W9DL31001461C,1ZMLH8300204F0,1Z6PH74DAP0QN7,"Corona, CA",728.3,5.7,137.7,8.547347,2.013246,0,0,DJI Matrice 300 RTK,M300 RTK,1ZN7L4R0H1D00F,1W9DL31001461C,1ZMLH8300204F0,1Z6PH74DAP0QN7,DJI Pilot,Android,7.0.2,1EF72A62-B7C3-C88D-164E-CE6F8C8424AE,1ZN7L4R0H1D00F,1W9DL31001461C,,1ZMLH8300204F0,1W9DL31001461C,,,,,
2023-11-01,11:33:01.04 AM,8m 38.7s,518.7,33.7968458421023,-117.4759806681646,43.6,137.7,16.0,1307,4422.8,5.596822,7.569323,-5.59235,2.23694,0.223694,1.342164,0,0.894776,-0.8,0,0.8,174.7,174.7,176.4,Tripod,Other,,22,5,True,,True,False,,Smart,RC,False,True,False,,,True,,False,False,False,False,False,False,False,False,False,False,0,Follow Yaw,-77.9,0,166.2,166.2,False,False,False,False,False,,0,0,False,False,No Card,100,100,1024,1352,904,1024,2,False,False,False,False,False,0,False,False,False,False,72,,46.572,,3589,,4986,,46.572,,True,3.886,3.886,3.886,3.886,3.886,3.886,3.886,3.886,3.886,3.886,3.886,3.886,0,,False,False,True,,,,,,,,,,,,,,,False,False,9.824,,101.6,,75.7,,101.8,,1371,111,4,22,7,144515.4,19268.72,,Idle,,20,,10,,,20,Go Home,False,False,False,False,False,False,False,False,False,False,False,False,33.8027920380556,-117.4659261431046,3741.1,3741.1,1049.4,396.9,True,1,1,False,False,False,False,,True,False,False,Course Lock,196.8,67,16.4,93,N,S,2.9,11.4,Calm,False,False,Android,7.0.2,M300 RTK,1ZN7L4R0H1D00F,1W9DL31001461C,1ZMLH8300204F0,1Z6PH74DAP0QN7,"Corona, CA",728.3,5.7,137.7,8.547347,2.013246,0,0,DJI Matrice 300 RTK,M300 RTK,1ZN7L4R0H1D00F,1W9DL31001461C,1ZMLH8300204F0,1Z6PH74DAP0QN7,DJI Pilot,Android,7.0.2,1EF72A62-B7C3-C88D-164E-CE6F8C8424AE,1ZN7L4R0H1D00F,1W9DL31001461C,,1ZMLH8300204F0,1W9DL31001461C,,,,,
2023-11-01,11:33:01.14 AM,8m 38.8s,518.8,33.7968433857677,-117.4759804316516,43.6,137.7,16.0,1307,4423.7,5.820344,7.569323,-5.816044,2.23694,0.223694,1.342164,0,0.894776,-0.8,-0.1,0.8,174.6,174.6,175.4,Tripod,Other,,22,5,True,,True,False,,Smart,RC,False,True,False,,,True,,False,False,False,False,False,False,False,False,False,False,0,Follow Yaw,-77.9,0,166.2,166.2,False,False,False,False,False,,0,0,False,False,No Card,100,100,1024,1353,904,1024,2,False,False,False,False,False,0,False,False,False,False,72,,46.572,,3589,,4986,,46.572,,True,3.886,3.886,3.886,3.886,3.886,3.886,3.886,3.886,3.886,3.886,3.886,3.886,0,,False,False,True,,,,,,,,,,,,,,,False,False,9.824,,101.6,,75.7,,101.8,,1371,111,4,22,7,144515.4,19268.72,,Idle,,20,,10,,,20,Go Home,False,False,False,False,False,False,False,False,False,False,False,False,33.8027920380556,-117.4659261431046,3741.6,3741.6,1049.4,396.9,True,1,1,False,False,False,False,,True,False,False,Course Lock,196.8,67,16.4,93,N,S,2.9,11.4,Calm,False,False,Android,7.0.2,M300 RTK,1ZN7L4R0H1D00F,1W9DL31001461C,1ZMLH8300204F0,1Z6PH74DAP0QN7,"Corona, CA",728.3,5.7,137.7,8.547347,2.013246,0,0,DJI Matrice 300 RTK,M300 RTK,1ZN7L4R0H1D00F,1W9DL31001461C,1ZMLH8300204F0,1Z6PH74DAP0QN7,DJI Pilot,Android,7.0.2,1EF72A62-B7C3-C88D-164E-CE6F8C8424AE,1ZN7L4R0H1D00F,1W9DL31001461C,,1ZMLH8300204F0,1W9DL31001461C,,,,,
2023-11-01,11:33:01.20 AM,8m 38.9s,518.9,33.7968409106554,-117.4759802152604,43.6,137.7,16.0,1307,4424.6,5.820344,7.569323,-5.816044,2.23694,0.223694,1.342164,0,0.894776,-0.9,-0.4,0.9,174.4,174.4,175.8,Tripod,Other,,22,5,True,,True,False,,Smart,RC,False,True,False,,,True,,False,False,False,False,False,False,False,False,False,False,0,Follow Yaw,-77.9,0,166.2,166.2,False,False,False,False,False,,0,0,False,False,No Card,100,100,1024,1349,903,1024,2,False,False,False,False,False,0,False,False,False,False,72,,46.572,,3589,,4986,,46.572,,True,3.886,3.886,3.886,3.886,3.886,3.886,3.886,3.886,3.886,3.886,3.886,3.886,0,,False,False,True,,,,,,,,,,,,,,,False,False,9.824,,101.6,,75.7,,101.8,,1371,111,4,22,7,144515.4,19268.72,,Idle,,20,,10,,,20,Go Home,False,False,False,False,False,False,False,False,False,False,False,False,33.8027920380556,-117.4659261431046,3742.1,3742.1,1049.4,396.9,True,1,1,False,False,False,False,,True,False,False,Course Lock,196.8,67,16.4,93,N,S,2.9,11.4,Calm,False,False,Android,7.0.2,M300 RTK,1ZN7L4R0H1D00F,1W9DL31001461C,1ZMLH8300204F0,1Z6PH74DAP0QN7,"Corona, CA",728.3,5.7,137.7,8.547347,2.013246,0,0,DJI Matrice 300 RTK,M300 RTK,1ZN7L4R0H1D00F,1W9DL31001461C,1ZMLH8300204F0,1Z6PH74DAP0QN7,DJI Pilot,Android,7.0.2,1EF72A62-B7C3-C88D-164E-CE6F8C8424AE,1ZN7L4R0H1D00F,1W9DL31001461C,,1ZMLH8300204F0,1W9DL31001461C,,,,,
2023-11-01,11:33:01.34 AM,8m 39.0s,519.0,33.7968385539668,-117.475980003817,43.6,137.7,16.0,1307,4425.5,5.820344,7.569323,-5.816044,2.23694,0.223694,1.342164,0,0.894776,-1,-0.7,1.2,174.2,174.2,175.7,Tripod,Other,,22,5,True,,True,False,,Smart,RC,False,True,False,,,True,,False,False,False,False,False,False,False,False,False,False,0,Follow Yaw,-77.9,0,166.2,166.2,False,False,False,False,False,,0,0,False,False,No Card,100,100,1024,1347,904,1024,2,False,False,False,False,False,0,False,False,False,False,72,,46.608,,7230,,10044,,46.608,,True,3.886,3.886,3.886,3.886,3.886,3.886,3.886,3.886,3.886,3.886,3.886,3.886,0,,False,False,True,,,,,,,,,,,,,,,False,False,19.584,,101.8,,75.7,,101.8,,1371,111,4,22,7,144515.4,19268.72,,Idle,,20,,10,,,20,Go Home,False,False,False,False,False,False,False,False,False,False,False,False,33.8027920380556,-117.4659261431046,3742.5,3742.5,1049.4,396.9,True,1,1,False,False,False,False,,True,False,False,Course Lock,196.8,67,16.4,93,N,S,2.9,11.4,Calm,False,False,Android,7.0.2,M300 RTK,1ZN7L4R0H1D00F,1W9DL31001461C,1ZMLH8300204F0,1Z6PH74DAP0QN7,"Corona, CA",728.3,5.7,137.7,8.547347,2.013246,0,0,DJI Matrice 300 RTK,M300 RTK,1ZN7L4R0H1D00F,1W9DL31001461C,1ZMLH8300204F0,1Z6PH74DAP0QN7,DJI Pilot,Android,7.0.2,1EF72A62-B7C3-C88D-164E-CE6F8C8424AE,1ZN7L4R0H1D00F,1W9DL31001461C,,1ZMLH8300204F0,1W9DL31001461C,,,,,
2023-11-01,11:33:01.44 AM,8m 39.1s,519.1,33.7968364465987,-117.4759797871784,43.3,137.7,16.0,1307,4426.3,5.820344,7.569323,-5.816044,2.23694,0.223694,1.342164,0,0.894776,-0.9,-0.9,1.2,174.1,174.1,175.1,Tripod,Other,,22,5,True,,True,False,,Smart,RC,False,True,False,,,True,,False,False,False,False,False,False,False,False,False,False,0,Follow Yaw,-77.9,0,166.2,166.2,False,False,False,False,False,,0,0,False,False,No Card,100,100,1024,1348,906,1024,2,False,False,False,False,False,0,False,False,False,False,72,,46.608,,7230,,10044,,46.608,,True,3.886,3.886,3.886,3.886,3.886,3.886,3.886,3.886,3.886,3.886,3.886,3.886,0,,False,False,True,,,,,,,,,,,,,,,False,False,19.584,,101.8,,75.7,,101.8,,1371,111,4,22,7,144515.4,19268.72,,Idle,,20,,10,,,20,Go Home,False,False,False,False,False,False,False,False,False,False,False,False,33.8027920380556,-117.4659261431046,3742.9,3742.9,1049.4,396.9,True,1,1,False,False,False,False,,True,False,False,Course Lock,196.8,67,16.4,93,N,S,2.9,11.4,Calm,False,False,Android,7.0.2,M300 RTK,1ZN7L4R0H1D00F,1W9DL31001461C,1ZMLH8300204F0,1Z6PH74DAP0QN7,"Corona, CA",728.3,5.7,137.7,8.547347,2.013246,0,0,DJI Matrice 300 RTK,M300 RTK,1ZN7L4R0H1D00F,1W9DL31001461C,1ZMLH8300204F0,1Z6PH74DAP0QN7,DJI Pilot,Android,7.0.2,1EF72A62-B7C3-C88D-164E-CE6F8C8424AE,1ZN7L4R0H1D00F,1W9DL31001461C,,1ZMLH8300204F0,1W9DL31001461C,,,,,
2023-11-01,11:33:01.51 AM,8m 39.2s,519.2,33.796833979162,-117.475979547944,43.3,137.7,16.0,1307,4427.2,5.820344,7.569323,-5.816044,2.23694,0.223694,1.342164,0,0.894776,-0.8,-1,1.2,173.9,173.9,175.3,Tripod,Other,,22,5,True,,True,False,,Smart,RC,False,True,False,,,True,,False,False,False,False,False,False,False,False,False,False,0,Follow Yaw,-77.9,0,166.2,166.2,False,False,False,False,False,,0,0,False,False,No Card,100,100,1024,1350,909,1024,2,False,False,False,False,False,0,False,False,False,False,72,,46.608,,7230,,10044,,46.608,,True,3.886,3.886,3.886,3.886,3.886,3.886,3.886,3.886,3.886,3.886,3.886,3.886,0,,False,False,True,,,,,,,,,,,,,,,False,False,19.584,,101.8,,75.7,,101.8,,1371,111,4,22,7,144515.4,19268.72,,Idle,,20,,10,,,20,Go Home,False,False,False,False,False,False,False,False,False,False,False,False,33.8027920380556,-117.4659261431046,3743.4,3743.4,1049.4,396.9,True,1,1,False,False,False,False,,True,False,False,Course Lock,196.8,67,16.4,93,N,S,2.9,11.4,Calm,False,False,Android,7.0.2,M300 RTK,1ZN7L4R0H1D00F,1W9DL31001461C,1ZMLH8300204F0,1Z6PH74DAP0QN7,"Corona, CA",728.3,5.7,137.7,8.547347,2.013246,0,0,DJI Matrice 300 RTK,M300 RTK,1ZN7L4R0H1D00F,1W9DL31001461C,1ZMLH8300204F0,1Z6PH74DAP0QN7,DJI Pilot,Android,7.0.2,1EF72A62-B7C3-C88D-164E-CE6F8C8424AE,1ZN7L4R0H1D00F,1W9DL31001461C,,1ZMLH8300204F0,1W9DL31001461C,,,,,
2023-11-01,11:33:01.64 AM,8m 39.3s,519.3,33.7968314627932,-117.4759793559627,43.3,137.7,16.0,1307,4428.1,5.833225,7.569323,-5.816044,2.23694,0.447388,1.342164,0,0.894776,-0.8,-1.1,1.3,173.9,173.9,176.3,Tripod,Other,,22,5,True,,True,False,,Smart,RC,False,True,False,,,True,,False,False,False,False,False,False,False,False,False,False,0,Follow Yaw,-77.9,0,166.2,166.2,False,False,False,False,False,,0,0,False,False,No Card,100,100,1024,1343,949,1024,2,False,False,False,False,False,0,False,False,False,False,72,,46.608,,7230,,10044,,46.608,,True,3.884,3.884,3.884,3.884,3.884,3.884,3.884,3.884,3.884,3.884,3.884,3.884,0,,False,False,True,,,,,,,,,,,,,,,False,False,19.584,,101.8,,75.7,,101.8,,1369,111,4,22,7,144665.5,19288.74,,Idle,,20,,10,,,20,Go Home,False,False,False,False,False,False,False,False,False,False,False,False,33.8027920380556,-117.4659261431046,3743.8,3743.8,1049.4,396.9,True,1,1,False,False,False,False,,True,False,False,Course Lock,196.8,67,16.4,93,N,S,2.9,11.4,Calm,False,False,Android,7.0.2,M300 RTK,1ZN7L4R0H1D00F,1W9DL31001461C,1ZMLH8300204F0,1Z6PH74DAP0QN7,"Corona, CA",728.3,5.7,137.7,8.547347,2.013246,0,0,DJI Matrice 300 RTK,M300 RTK,1ZN7L4R0H1D00F,1W9DL31001461C,1ZMLH8300204F0,1Z6PH74DAP0QN7,DJI Pilot,Android,7.0.2,1EF72A62-B7C3-C88D-164E-CE6F8C8424AE,1ZN7L4R0H1D00F,1W9DL31001461C,,1ZMLH8300204F0,1W9DL31001461C,,,,,
2023-11-01,11:33:01.74 AM,8m 39.4s,519.4,33.7968291022668,-117.4759791008123,43.3,137.7,16.0,1307,4429.0,5.833225,7.569323,-5.816044,2.23694,0.447388,1.342164,0,0.894776,-0.8,-0.9,1.2,174,174,174.8,Tripod,Other,,22,5,True,,True,False,,Smart,RC,False,True,False,,,True,,False,False,False,False,False,False,False,False,False,False,0,Follow Yaw,-77.9,0,166.2,166.2,False,False,False,False,False,,0,0,False,False,No Card,100,100,1024,1345,949,1024,2,False,False,False,False,False,0,False,False,False,False,72,,46.608,,7230,,10044,,46.608,,True,3.884,3.884,3.884,3.884,3.884,3.884,3.884,3.884,3.884,3.884,3.884,3.884,0,,False,False,True,,,,,,,,,,,,,,,False,False,19.584,,101.8,,75.7,,101.8,,1369,111,4,22,7,144665.5,19288.74,,Idle,,20,,10,,,20,Go Home,False,False,False,False,False,False,False,False,False,False,False,False,33.8027920380556,-117.4659261431046,3744.3,3744.3,1049.4,396.9,True,1,1,False,False,False,False,,True,False,False,Course Lock,196.8,67,16.4,93,N,S,2.9,11.4,Calm,False,False,Android,7.0.2,M300 RTK,1ZN7L4R0H1D00F,1W9DL31001461C,1ZMLH8300204F0,1Z6PH74DAP0QN7,"Corona, CA",728.3,5.7,137.7,8.547347,2.013246,0,0,DJI Matrice 300 RTK,M300 RTK,1ZN7L4R0H1D00F,1W9DL31001461C,1ZMLH8300204F0,1Z6PH74DAP0QN7,DJI Pilot,Android,7.0.2,1EF72A62-B7C3-C88D-164E-CE6F8C8424AE,1ZN7L4R0H1D00F,1W9DL31001461C,,1ZMLH8300204F0,1W9DL31001461C,,,,,
2023-11-01,11:33:01.82 AM,8m 39.5s,519.5,33.7968269210209,-117.4759788506924,43.3,137.7,16.0,1307,4429.8,5.833225,7.569323,-5.816044,2.23694,0.447388,1.342164,0,0.894776,-0.8,-0.6,1,174.1,174.1,174.5,Tripod,Other,,22,5,True,,True,False,,Smart,RC,False,True,False,,,True,,False,False,False,False,False,False,False,False,False,False,0,Follow Yaw,-77.9,0,166.2,166.2,False,False,False,False,False,,0,0,False,False,No Card,100,100,1024,1346,952,1024,2,False,False,False,False,False,0,False,False,False,False,72,,46.608,,7230,,10044,,46.608,,True,3.884,3.884,3.884,3.884,3.884,3.884,3.884,3.884,3.884,3.884,3.884,3.884,0,,False,False,True,,,,,,,,,,,,,,,False,False,19.584,,101.8,,75.7,,101.8,,1369,111,4,22,7,144665.5,19288.74,,Idle,,20,,10,,,20,Go Home,False,False,False,False,False,False,False,False,False,False,False,False,33.8027920380556,-117.4659261431046,3744.7,3744.7,1049.4,396.9,True,1,1,False,False,False,False,,True,False,False,Course Lock,196.8,67,16.4,93,N,S,2.9,11.4,Calm,False,False,Android,7.0.2,M300 RTK,1ZN7L4R0H1D00F,1W9DL31001461C,1ZMLH8300204F0,1Z6PH74DAP0QN7,"Corona, CA",728.3,5.7,137.7,8.547347,2.013246,0,0,DJI Matrice 300 RTK,M300 RTK,1ZN7L4R0H1D00F,1W9DL31001461C,1ZMLH8300204F0,1Z6PH74DAP0QN7,DJI Pilot,Android,7.0.2,1EF72A62-B7C3-C88D-164E-CE6F8C8424AE,1ZN7L4R0H1D00F,1W9DL31001461C,,1ZMLH8300204F0,1W9DL31001461C,,,,,
2023-11-01,11:33:01.93 AM,8m 39.6s,519.6,33.7968244516652,-117.4759785605763,43.3,137.7,16.0,1307,4430.7,5.833225,7.569323,-5.816044,2.23694,0.447388,1.342164,0,0.894776,-0.8,-0.5,0.9,174.2,174.2,174.4,Tripod,Other,,22,5,True,,True,False,,Smart,RC,False,True,False,,,True,,False,False,False,False,False,False,False,False,False,False,0,Follow Yaw,-77.9,0,166.2,166.2,False,False,False,False,False,,0,0,False,False,No Card,100,100,1024,1347,913,1024,2,False,False,False,False,False,0,False,False,False,False,72,,46.608,,7230,,10044,,46.608,,True,3.884,3.884,3.884,3.884,3.884,3.884,3.884,3.884,3.884,3.884,3.884,3.884,0,,False,False,True,,,,,,,,,,,,,,,False,False,19.584,,101.8,,75.7,,101.8,,1369,111,4,22,7,144665.5,19288.74,,Idle,,20,,10,,,20,Go Home,False,False,False,False,False,False,False,False,False,False,False,False,33.8027920380556,-117.4659261431046,3745.1,3745.1,1049.4,396.9,True,1,1,False,False,False,False,,True,False,False,Course Lock,196.8,67,16.4,93,N,S,2.9,11.4,Calm,False,False,Android,7.0.2,M300 RTK,1ZN7L4R0H1D00F,1W9DL31001461C,1ZMLH8300204F0,1Z6PH74DAP0QN7,"Corona, CA",728.3,5.7,137.7,8.547347,2.013246,0,0,DJI Matrice 300 RTK,M300 RTK,1ZN7L4R0H1D00F,1W9DL31001461C,1ZMLH8300204F0,1Z6PH74DAP0QN7,DJI Pilot,Android,7.0.2,1EF72A62-B7C3-C88D-164E-CE6F8C8424AE,1ZN7L4R0H1D00F,1W9DL31001461C,,1ZMLH8300204F0,1W9DL31001461C,,,,,
2023-11-01,11:33:02.03 AM,8m 39.7s,519.7,33.7968224560048,-117.4759782248565,43.3,137.7,16.0,1307,4431.4,5.833225,7.569323,-5.816044,2.23694,0.447388,1.342164,0,0.894776,-1,-0.3,1,174.3,174.3,172.0,Tripod,Other,,22,5,True,,True,False,,Smart,RC,False,True,False,,,True,,False,False,False,False,False,False,False,False,False,False,0,Follow Yaw,-77.9,0,166.2,166.2,False,False,False,False,False,,0,0,False,False,No Card,100,100,1024,1347,913,1024,2,False,False,False,False,False,0,False,False,False,False,72,,46.608,,7230,,10044,,46.608,,True,3.884,3.884,3.884,3.884,3.884,3.884,3.884,3.884,3.884,3.884,3.884,3.884,0,,False,False,True,,,,,,,,,,,,,,,False,False,19.584,,101.8,,75.7,,101.8,,1369,111,4,22,7,144665.5,19288.74,,Idle,,20,,10,,,20,Go Home,False,False,False,False,False,False,False,False,False,False,False,False,33.8027920380556,-117.4659261431046,3745.5,3745.5,1049.4,396.9,True,1,1,False,False,False,False,,True,False,False,Course Lock,196.8,67,16.4,93,N,S,2.9,11.4,Calm,False,False,Android,7.0.2,M300 RTK,1ZN7L4R0H1D00F,1W9DL31001461C,1ZMLH8300204F0,1Z6PH74DAP0QN7,"Corona, CA",728.3,5.7,137.7,8.547347,2.013246,0,0,DJI Matrice 300 RTK,M300 RTK,1ZN7L4R0H1D00F,1W9DL31001461C,1ZMLH8300204F0,1Z6PH74DAP0QN7,DJI Pilot,Android,7.0.2,1EF72A62-B7C3-C88D-164E-CE6F8C8424AE,1ZN7L4R0H1D00F,1W9DL31001461C,,1ZMLH8300204F0,1W9DL31001461C,,,,,
2023-11-01,11:33:02.13 AM,8m 39.8s,519.8,33.7968200113208,-117.4759779259166,43.3,137.7,16.0,1307,4432.3,5.833225,7.569323,-5.816044,2.23694,0.447388,1.342164,0,0.894776,-1,0,1,174.4,174.4,174.1,Tripod,Other,,22,5,True,,True,False,,Smart,RC,False,True,False,,,True,,False,False,False,False,False,False,False,False,False,False,0,Follow Yaw,-77.9,0,166.2,166.2,False,False,False,False,False,,0,0,False,False,No Card,100,100,1024,1347,824,1024,2,False,False,False,False,False,0,False,False,False,False,72,,46.608,,7230,,10044,,46.608,,True,3.884,3.884,3.884,3.884,3.884,3.884,3.884,3.884,3.884,3.884,3.884,3.884,0,,False,False,True,,,,,,,,,,,,,,,False,False,19.584,,101.8,,75.7,,101.8,,1369,111,4,22,7,144665.5,19288.74,,Idle,,20,,10,,,20,Go Home,False,False,False,False,False,False,False,False,False,False,False,False,33.8027920380556,-117.4659261431046,3745.9,3745.9,1049.4,396.9,True,1,1,False,False,False,False,,True,False,False,Course Lock,196.8,67,16.4,93,N,S,2.9,11.4,Calm,False,False,Android,7.0.2,M300 RTK,1ZN7L4R0H1D00F,1W9DL31001461C,1ZMLH8300204F0,1Z6PH74DAP0QN7,"Corona, CA",728.3,5.7,137.7,8.547347,2.013246,0,0,DJI Matrice 300 RTK,M300 RTK,1ZN7L4R0H1D00F,1W9DL31001461C,1ZMLH8300204F0,1Z6PH74DAP0QN7,DJI Pilot,Android,7.0.2,1EF72A62-B7C3-C88D-164E-CE6F8C8424AE,1ZN7L4R0H1D00F,1W9DL31001461C,,1ZMLH8300204F0,1W9DL31001461C,,,,,
2023-11-01,11:33:02.24 AM,8m 39.9s,519.9,33.7968177892296,-117.4759777104324,43.3,137.7,16.0,1307,4433.1,5.833225,7.569323,-5.816044,2.23694,0.447388,1.342164,0,0.894776,-1.1,0,1.1,174.5,174.5,175.3,Tripod,Other,,22,5,True,,True,False,,Smart,RC,False,True,False,,,True,,False,False,False,False,False,False,False,False,False,False,0,Follow Yaw,-77.9,0,166.2,166.2,False,False,False,False,False,,0,0,False,False,No Card,100,100,1024,1348,826,1024,2,False,False,False,False,False,0,False,False,False,False,72,,46.608,,7230,,10044,,46.608,,True,3.884,3.884,3.884,3.884,3.884,3.884,3.884,3.884,3.884,3.884,3.884,3.884,0,,False,False,True,,,,,,,,,,,,,,,False,False,19.584,,101.8,,75.7,,101.8,,1369,111,4,22,7,144665.5,19288.74,,Idle,,20,,10,,,20,Go Home,False,False,False,False,False,False,False,False,False,False,False,False,33.8027920380556,-117.4659261431046,3746.3,3746.3,1049.4,396.9,True,1,1,False,False,False,False,,True,False,False,Course Lock,196.8,67,16.4,93,N,S,2.9,11.4,Calm,False,False,Android,7.0.2,M300 RTK,1ZN7L4R0H1D00F,1W9DL31001461C,1ZMLH8300204F0,1Z6PH74DAP0QN7,"Corona, CA",728.3,5.7,137.7,8.547347,2.013246,0,0,DJI Matrice 300 RTK,M300 RTK,1ZN7L4R0H1D00F,1W9DL31001461C,1ZMLH8300204F0,1Z6PH74DAP0QN7,DJI Pilot,Android,7.0.2,1EF72A62-B7C3-C88D-164E-CE6F8C8424AE,1ZN7L4R0H1D00F,1W9DL31001461C,,1ZMLH8300204F0,1W9DL31001461C,,,,,
2023-11-01,11:33:02.34 AM,8m 40.0s,520.0,33.7968154707821,-117.4759774500867,43.3,137.7,16.0,1307,4434.0,5.833225,7.569323,-5.816044,2.23694,0.447388,1.342164,0,0.894776,-1.1,0,1.1,174.5,174.5,174.6,Tripod,Other,,22,5,True,,True,False,,Smart,RC,False,True,False,,,True,,False,False,False,False,False,False,False,False,False,False,0,Follow Yaw,-77.9,0,166.2,166.2,False,False,False,False,False,,0,0,False,False,No Card,100,100,1024,1346,835,1024,2,False,False,False,False,False,0,False,False,False,False,72,,46.596,,3589,,4986,,46.596,,True,3.884,3.884,3.884,3.884,3.884,3.884,3.884,3.884,3.884,3.884,3.884,3.884,0,,False,False,True,,,,,,,,,,,,,,,False,False,9.594,,101.8,,75.7,,101.8,,1369,111,4,22,7,144665.5,19288.74,,Idle,,20,,10,,,20,Go Home,False,False,False,False,False,False,False,False,False,False,False,False,33.8027920380556,-117.4659261431046,3746.8,3746.8,1049.4,396.9,True,1,1,False,False,False,False,,True,False,False,Course Lock,196.8,67,16.4,93,N,S,2.9,11.4,Calm,False,False,Android,7.0.2,M300 RTK,1ZN7L4R0H1D00F,1W9DL31001461C,1ZMLH8300204F0,1Z6PH74DAP0QN7,"Corona, CA",728.3,5.7,137.7,8.547347,2.013246,0,0,DJI Matrice 300 RTK,M300 RTK,1ZN7L4R0H1D00F,1W9DL31001461C,1ZMLH8300204F0,1Z6PH74DAP0QN7,DJI Pilot,Android,7.0.2,1EF72A62-B7C3-C88D-164E-CE6F8C8424AE,1ZN7L4R0H1D00F,1W9DL31001461C,,1ZMLH8300204F0,1W9DL31001461C,,,,,
2023-11-01,11:33:02.45 AM,8m 40.1s,520.1,33.7968128577827,-117.4759772872985,43.3,137.7,16.0,1307,4434.9,5.833225,7.569323,-5.816044,2.23694,0.447388,1.342164,0,0.894776,-1.2,-0.2,1.2,174.4,174.4,177.0,Tripod,Other,,22,5,True,,True,False,,Smart,RC,False,True,False,,,True,,False,False,False,False,False,False,False,False,False,False,0,Follow Yaw,-77.9,0,166.2,166.2,False,False,False,False,False,,0,0,False,False,No Card,100,100,1024,1348,846,1024,2,False,False,False,False,False,0,False,False,False,False,72,,46.596,,3589,,4986,,46.596,,True,3.884,3.884,3.884,3.884,3.884,3.884,3.884,3.884,3.884,3.884,3.884,3.884,0,,False,False,True,,,,,,,,,,,,,,,False,False,9.594,,101.8,,75.7,,101.8,,1369,111,4,22,7,144665.5,19288.74,,Idle,,20,,10,,,20,Go Home,False,False,False,False,False,False,False,False,False,False,False,False,33.8027920380556,-117.4659261431046,3747.3,3747.3,1049.4,396.9,True,1,1,False,False,False,False,,True,False,False,Course Lock,196.8,67,16.4,93,N,S,2.9,11.4,Calm,False,False,Android,7.0.2,M300 RTK,1ZN7L4R0H1D00F,1W9DL31001461C,1ZMLH8300204F0,1Z6PH74DAP0QN7,"Corona, CA",728.3,5.7,137.7,8.547347,2.013246,0,0,DJI Matrice 300 RTK,M300 RTK,1ZN7L4R0H1D00F,1W9DL31001461C,1ZMLH8300204F0,1Z6PH74DAP0QN7,DJI Pilot,Android,7.0.2,1EF72A62-B7C3-C88D-164E-CE6F8C8424AE,1ZN7L4R0H1D00F,1W9DL31001461C,,1ZMLH8300204F0,1W9DL31001461C,,,,,
2023-11-01,11:33:02.55 AM,8m 40.2s,520.2,33.7968105076733,-117.4759770491362,43.3,137.7,16.0,1307,4435.8,5.833225,7.569323,-5.816044,2.23694,0.447388,1.342164,0.223694,0.894776,-1.1,-0.5,1.2,174.4,174.4,175.1,Tripod,Other,,22,5,True,,True,False,,Smart,RC,False,True,False,,,True,,False,False,False,False,False,False,False,False,False,False,0,Follow Yaw,-77.9,0,166.2,166.2,False,False,False,False,False,,0,0,False,False,No Card,100,100,1024,1345,856,1024,2,False,False,False,False,False,0,False,False,False,False,72,,46.596,,3589,,4986,,46.596,,True,3.884,3.884,3.884,3.884,3.884,3.884,3.884,3.884,3.884,3.884,3.884,3.884,0,,False,False,True,,,,,,,,,,,,,,,False,False,9.594,,101.8,,75.7,,101.8,,1369,111,4,22,7,144665.5,19288.74,,Idle,,20,,10,,,20,Go Home,False,False,False,False,False,False,False,False,False,False,False,False,33.8027920380556,-117.4659261431046,3747.7,3747.7,1049.4,396.9,True,1,1,False,False,False,False,,True,False,False,Course Lock,196.8,67,16.4,93,N,S,2.9,11.4,Calm,False,False,Android,7.0.2,M300 RTK,1ZN7L4R0H1D00F,1W9DL31001461C,1ZMLH8300204F0,1Z6PH74DAP0QN7,"Corona, CA",728.3,5.7,137.7,8.547347,2.013246,0,0,DJI Matrice 300 RTK,M300 RTK,1ZN7L4R0H1D00F,1W9DL31001461C,1ZMLH8300204F0,1Z6PH74DAP0QN7,DJI Pilot,Android,7.0.2,1EF72A62-B7C3-C88D-164E-CE6F8C8424AE,1ZN7L4R0H1D00F,1W9DL31001461C,,1ZMLH8300204F0,1W9DL31001461C,,,,,
2023-11-01,11:33:02.66 AM,8m 40.3s,520.3,33.7968082226695,-117.475976744836,43.3,137.7,16.0,1307,4436.6,5.833225,7.569323,-5.816044,2.23694,0.447388,1.342164,0.223694,0.894776,-1,-0.6,1.1,174.4,174.4,173.6,Tripod,Other,,22,5,True,,True,False,,Smart,RC,False,True,False,,,True,,False,False,False,False,False,False,False,False,False,False,0,Follow Yaw,-77.9,0,166.2,166.2,False,False,False,False,False,,0,0,False,False,No Card,100,100,1024,1345,879,1024,2,False,False,False,False,False,0,False,False,False,False,72,,46.596,,3589,,4986,,46.596,,True,3.889,3.889,3.889,3.889,3.889,3.889,3.889,3.889,3.889,3.889,3.889,3.889,0,,False,False,True,,,,,,,,,,,,,,,False,False,9.594,,101.8,,75.7,,101.8,,1367,111,4,22,7,144828.8,19310.51,,Idle,,20,,10,,,20,Go Home,False,False,False,False,False,False,False,False,False,False,False,False,33.8027920380556,-117.4659261431046,3748.1,3748.1,1049.4,396.9,True,1,1,False,False,False,False,,True,False,False,Course Lock,196.8,67,16.4,93,N,S,2.9,11.4,Calm,False,False,Android,7.0.2,M300 RTK,1ZN7L4R0H1D00F,1W9DL31001461C,1ZMLH8300204F0,1Z6PH74DAP0QN7,"Corona, CA",728.3,5.7,137.7,8.547347,2.013246,0,0,DJI Matrice 300 RTK,M300 RTK,1ZN7L4R0H1D00F,1W9DL31001461C,1ZMLH8300204F0,1Z6PH74DAP0QN7,DJI Pilot,Android,7.0.2,1EF72A62-B7C3-C88D-164E-CE6F8C8424AE,1ZN7L4R0H1D00F,1W9DL31001461C,,1ZMLH8300204F0,1W9DL31001461C,,,,,
2023-11-01,11:33:02.77 AM,8m 40.4s,520.4,33.7968057459123,-117.4759764815214,43.3,137.7,16.0,1307,4437.5,5.833225,7.569323,-5.816044,2.23694,0.447388,1.342164,0.223694,0.894776,-0.9,-0.7,1.1,174.3,174.3,174.9,Tripod,Other,,22,5,True,,True,False,,Smart,RC,False,True,False,,,True,,False,False,False,False,False,False,False,False,False,False,0,Follow Yaw,-77.9,0,166.2,166.2,False,False,False,False,False,,0,0,False,False,No Card,100,100,1024,1346,880,1024,2,False,False,False,False,False,0,False,False,False,False,72,,46.596,,3589,,4986,,46.596,,True,3.889,3.889,3.889,3.889,3.889,3.889,3.889,3.889,3.889,3.889,3.889,3.889,0,,False,False,True,,,,,,,,,,,,,,,False,False,9.594,,101.8,,75.7,,101.8,,1367,111,4,22,7,144828.8,19310.51,,Idle,,20,,10,,,20,Go Home,False,False,False,False,False,False,False,False,False,False,False,False,33.8027920380556,-117.4659261431046,3748.6,3748.6,1049.4,396.9,True,1,1,False,False,False,False,,True,False,False,Course Lock,196.8,67,16.4,93,N,S,2.9,11.4,Calm,False,False,Android,7.0.2,M300 RTK,1ZN7L4R0H1D00F,1W9DL31001461C,1ZMLH8300204F0,1Z6PH74DAP0QN7,"Corona, CA",728.3,5.7,137.7,8.547347,2.013246,0,0,DJI Matrice 300 RTK,M300 RTK,1ZN7L4R0H1D00F,1W9DL31001461C,1ZMLH8300204F0,1Z6PH74DAP0QN7,DJI Pilot,Android,7.0.2,1EF72A62-B7C3-C88D-164E-CE6F8C8424AE,1ZN7L4R0H1D00F,1W9DL31001461C,,1ZMLH8300204F0,1W9DL31001461C,,,,,
2023-11-01,11:33:02.84 AM,8m 40.5s,520.5,33.7968036854204,-117.4759761147943,42.9,137.7,16.0,1307,4438.3,5.833225,7.569323,-5.816044,2.23694,0.447388,1.342164,0.223694,0.894776,-0.8,-0.8,1.1,174.3,174.3,171.5,Tripod,Other,,22,5,True,,True,False,,Smart,RC,False,True,False,,,True,,False,False,False,False,False,False,False,False,False,False,0,Follow Yaw,-77.9,0,166.2,166.2,False,False,False,False,False,,0,0,False,False,No Card,100,100,1024,1345,879,1024,2,False,False,False,False,False,0,False,False,False,False,72,,46.596,,3589,,4986,,46.596,,True,3.889,3.889,3.889,3.889,3.889,3.889,3.889,3.889,3.889,3.889,3.889,3.889,0,,False,False,True,,,,,,,,,,,,,,,False,False,9.594,,101.8,,75.7,,101.8,,1367,111,4,22,7,144828.8,19310.51,,Idle,,20,,10,,,20,Go Home,False,False,False,False,False,False,False,False,False,False,False,False,33.8027920380556,-117.4659261431046,3748.9,3748.9,1049.4,396.9,True,1,1,False,False,False,False,,True,False,False,Course Lock,196.8,67,16.4,93,N,S,2.9,11.4,Calm,False,False,Android,7.0.2,M300 RTK,1ZN7L4R0H1D00F,1W9DL31001461C,1ZMLH8300204F0,1Z6PH74DAP0QN7,"Corona, CA",728.3,5.7,137.7,8.547347,2.013246,0,0,DJI Matrice 300 RTK,M300 RTK,1ZN7L4R0H1D00F,1W9DL31001461C,1ZMLH8300204F0,1Z6PH74DAP0QN7,DJI Pilot,Android,7.0.2,1EF72A62-B7C3-C88D-164E-CE6F8C8424AE,1ZN7L4R0H1D00F,1W9DL31001461C,,1ZMLH8300204F0,1W9DL31001461C,,,,,
2023-11-01,11:33:02.94 AM,8m 40.6s,520.6,33.7968012281264,-117.4759758234412,42.9,137.7,16.0,1307,4439.2,5.833225,7.569323,-5.816044,2.23694,0.447388,1.342164,0.223694,0.894776,-0.8,-0.9,1.2,174.2,174.2,174.3,Tripod,Other,,22,5,True,,True,False,,Smart,RC,False,True,False,,,True,,False,False,False,False,False,False,False,False,False,False,0,Follow Yaw,-77.9,0,166.2,166.2,False,False,False,False,False,,0,0,False,False,No Card,100,100,1024,1346,877,1024,2,False,False,False,False,False,0,False,False,False,False,72,,46.596,,3589,,4986,,46.596,,True,3.889,3.889,3.889,3.889,3.889,3.889,3.889,3.889,3.889,3.889,3.889,3.889,0,,False,False,True,,,,,,,,,,,,,,,False,False,9.594,,101.8,,75.7,,101.8,,1367,111,4,22,7,144828.8,19310.51,,Idle,,20,,10,,,20,Go Home,False,False,False,False,False,False,False,False,False,False,False,False,33.8027920380556,-117.4659261431046,3749.4,3749.4,1049.4,396.9,True,1,1,False,False,False,False,,True,False,False,Course Lock,196.8,67,16.4,93,N,S,2.9,11.4,Calm,False,False,Android,7.0.2,M300 RTK,1ZN7L4R0H1D00F,1W9DL31001461C,1ZMLH8300204F0,1Z6PH74DAP0QN7,"Corona, CA",728.3,5.7,137.7,8.547347,2.013246,0,0,DJI Matrice 300 RTK,M300 RTK,1ZN7L4R0H1D00F,1W9DL31001461C,1ZMLH8300204F0,1Z6PH74DAP0QN7,DJI Pilot,Android,7.0.2,1EF72A62-B7C3-C88D-164E-CE6F8C8424AE,1ZN7L4R0H1D00F,1W9DL31001461C,,1ZMLH8300204F0,1W9DL31001461C,,,,,
2023-11-01,11:33:03.04 AM,8m 40.7s,520.7,33.7967986844817,-117.4759756814345,42.9,137.7,16.0,1307,4440.1,5.833225,7.569323,-5.816044,2.23694,0.447388,1.342164,0.223694,0.894776,-0.7,-0.6,0.9,174.2,174.2,177.3,Tripod,Other,,22,5,True,,True,False,,Smart,RC,False,True,False,,,True,,False,False,False,False,False,False,False,False,False,False,0,Follow Yaw,-77.9,0,166.2,166.2,False,False,False,False,False,,0,0,False,False,No Card,100,100,1024,1346,876,1024,2,False,False,False,False,False,0,False,False,False,False,72,,46.596,,3589,,4986,,46.596,,True,3.889,3.889,3.889,3.889,3.889,3.889,3.889,3.889,3.889,3.889,3.889,3.889,0,,False,False,True,,,,,,,,,,,,,,,False,False,9.594,,101.8,,75.7,,101.8,,1367,111,4,22,7,144828.8,19310.51,,Idle,,20,,10,,,20,Go Home,False,False,False,False,False,False,False,False,False,False,False,False,33.8027920380556,-117.4659261431046,3749.9,3749.9,1049.4,396.9,True,1,1,False,False,False,False,,True,False,False,Course Lock,196.8,67,16.4,93,N,S,2.9,11.4,Calm,False,False,Android,7.0.2,M300 RTK,1ZN7L4R0H1D00F,1W9DL31001461C,1ZMLH8300204F0,1Z6PH74DAP0QN7,"Corona, CA",728.3,5.7,137.7,8.547347,2.013246,0,0,DJI Matrice 300 RTK,M300 RTK,1ZN7L4R0H1D00F,1W9DL31001461C,1ZMLH8300204F0,1Z6PH74DAP0QN7,DJI Pilot,Android,7.0.2,1EF72A62-B7C3-C88D-164E-CE6F8C8424AE,1ZN7L4R0H1D00F,1W9DL31001461C,,1ZMLH8300204F0,1W9DL31001461C,,,,,
2023-11-01,11:33:03.14 AM,8m 40.8s,520.8,33.7967963323163,-117.4759753940398,42.9,137.7,16.0,1307,4441.0,5.833225,7.569323,-5.816044,2.23694,0.447388,1.342164,0.223694,0.894776,-0.8,-0.3,0.8,174.3,174.3,174.2,Tripod,Other,,21,5,True,,True,False,,Smart,RC,False,True,False,,,True,,False,False,False,False,False,False,False,False,False,False,0,Follow Yaw,-77.9,0,166.2,166.2,False,False,False,False,False,,0,0,False,False,No Card,100,100,1024,1346,873,1024,2,False,False,False,False,False,0,False,False,False,False,72,,46.596,,3589,,4986,,46.596,,True,3.889,3.889,3.889,3.889,3.889,3.889,3.889,3.889,3.889,3.889,3.889,3.889,0,,False,False,True,,,,,,,,,,,,,,,False,False,9.594,,101.8,,75.7,,101.8,,1367,111,4,22,7,144828.8,19310.51,,Idle,,20,,10,,,20,Go Home,False,False,False,False,False,False,False,False,False,False,False,False,33.8027920380556,-117.4659261431046,3750.3,3750.3,1049.4,396.9,True,1,1,False,False,False,False,,True,False,False,Course Lock,196.8,67,16.4,93,N,S,2.9,11.4,Calm,False,False,Android,7.0.2,M300 RTK,1ZN7L4R0H1D00F,1W9DL31001461C,1ZMLH8300204F0,1Z6PH74DAP0QN7,"Corona, CA",728.3,5.7,137.7,8.547347,2.013246,0,0,DJI Matrice 300 RTK,M300 RTK,1ZN7L4R0H1D00F,1W9DL31001461C,1ZMLH8300204F0,1Z6PH74DAP0QN7,DJI Pilot,Android,7.0.2,1EF72A62-B7C3-C88D-164E-CE6F8C8424AE,1ZN7L4R0H1D00F,1W9DL31001461C,,1ZMLH8300204F0,1W9DL31001461C,,,,,
2023-11-01,11:33:03.24 AM,8m 40.9s,520.9,33.796794205485,-117.475975122891,42.9,137.7,16.0,1307,4441.8,5.833225,7.569323,-5.816044,2.23694,0.447388,1.342164,0.223694,0.894776,-0.8,0,0.8,174.2,174.2,173.9,Tripod,Other,,21,5,True,,True,False,,Smart,RC,False,True,False,,,True,,False,False,False,False,False,False,False,False,False,False,0,Follow Yaw,-77.9,0,166.2,166.2,False,False,False,False,False,,0,0,False,False,No Card,100,100,1024,1345,873,1024,2,False,False,False,False,False,0,False,False,False,False,72,,46.596,,3589,,4986,,46.596,,True,3.889,3.889,3.889,3.889,3.889,3.889,3.889,3.889,3.889,3.889,3.889,3.889,0,,False,False,True,,,,,,,,,,,,,,,False,False,9.594,,101.8,,75.7,,101.8,,1367,111,4,22,7,144828.8,19310.51,,Idle,,20,,10,,,20,Go Home,False,False,False,False,False,False,False,False,False,False,False,False,33.8027920380556,-117.4659261431046,3750.7,3750.7,1049.4,396.9,True,1,1,False,False,False,False,,True,False,False,Course Lock,196.8,67,16.4,93,N,S,2.9,11.4,Calm,False,False,Android,7.0.2,M300 RTK,1ZN7L4R0H1D00F,1W9DL31001461C,1ZMLH8300204F0,1Z6PH74DAP0QN7,"Corona, CA",728.3,5.7,137.7,8.547347,2.013246,0,0,DJI Matrice 300 RTK,M300 RTK,1ZN7L4R0H1D00F,1W9DL31001461C,1ZMLH8300204F0,1Z6PH74DAP0QN7,DJI Pilot,Android,7.0.2,1EF72A62-B7C3-C88D-164E-CE6F8C8424AE,1ZN7L4R0H1D00F,1W9DL31001461C,,1ZMLH8300204F0,1W9DL31001461C,,,,,
2023-11-01,11:33:03.34 AM,8m 41.0s,521.0,33.7967918722345,-117.4759748380528,42.9,137.7,16.0,1307,4442.6,5.833225,7.569323,-5.816044,2.23694,0.447388,1.342164,0.223694,0.894776,-0.8,0.1,0.8,174.3,174.3,174.2,Tripod,Other,,21,5,True,,True,False,,Smart,RC,False,True,False,,,True,,False,False,False,False,False,False,False,False,False,False,0,Follow Yaw,-77.9,0,166.2,166.2,False,False,False,False,False,,0,0,False,False,No Card,100,100,1024,1345,873,1024,2,False,False,False,False,False,0,False,False,False,False,72,,46.608,,7230,,10044,,46.608,,True,3.889,3.889,3.889,3.889,3.889,3.889,3.889,3.889,3.889,3.889,3.889,3.889,0,,False,False,True,,,,,,,,,,,,,,,False,False,19.49,,101.8,,75.7,,101.8,,1367,111,4,22,7,144828.8,19310.51,,Idle,,20,,10,,,20,Go Home,False,False,False,False,False,False,False,False,False,False,False,False,33.8027920380556,-117.4659261431046,3751.1,3751.1,1049.4,396.9,True,1,1,False,False,False,False,,True,False,False,Course Lock,196.8,67,16.4,93,N,S,2.9,11.4,Calm,False,False,Android,7.0.2,M300 RTK,1ZN7L4R0H1D00F,1W9DL31001461C,1ZMLH8300204F0,1Z6PH74DAP0QN7,"Corona, CA",728.3,5.7,137.7,8.547347,2.013246,0,0,DJI Matrice 300 RTK,M300 RTK,1ZN7L4R0H1D00F,1W9DL31001461C,1ZMLH8300204F0,1Z6PH74DAP0QN7,DJI Pilot,Android,7.0.2,1EF72A62-B7C3-C88D-164E-CE6F8C8424AE,1ZN7L4R0H1D00F,1W9DL31001461C,,1ZMLH8300204F0,1W9DL31001461C,,,,,
2023-11-01,11:33:03.44 AM,8m 41.1s,521.1,33.7967891580815,-117.4759745979938,42.9,137.7,16.0,1307,4443.6,5.833225,7.569323,-5.816044,2.23694,0.447388,1.342164,0,0.894776,-0.8,0.1,0.8,174.2,174.2,175.7,Tripod,Other,,21,5,True,,True,False,,Smart,RC,False,True,False,,,True,,False,False,False,False,False,False,False,False,False,False,0,Follow Yaw,-77.9,0,166.2,166.2,False,False,False,False,False,,0,0,False,False,No Card,100,100,1024,1346,873,1024,2,False,False,False,False,False,0,False,False,False,False,72,,46.608,,7230,,10044,,46.608,,True,3.889,3.889,3.889,3.889,3.889,3.889,3.889,3.889,3.889,3.889,3.889,3.889,0,,False,False,True,,,,,,,,,,,,,,,False,False,19.49,,101.8,,75.7,,101.8,,1367,111,4,22,7,144828.8,19310.51,,Idle,,20,,10,,,20,Go Home,False,False,False,False,False,False,False,False,False,False,False,False,33.8027920380556,-117.4659261431046,3751.7,3751.7,1049.4,396.9,True,1,1,False,False,False,False,,True,False,False,Course Lock,196.8,67,16.4,93,N,S,2.9,11.4,Calm,False,False,Android,7.0.2,M300 RTK,1ZN7L4R0H1D00F,1W9DL31001461C,1ZMLH8300204F0,1Z6PH74DAP0QN7,"Corona, CA",728.3,5.7,137.7,8.547347,2.013246,0,0,DJI Matrice 300 RTK,M300 RTK,1ZN7L4R0H1D00F,1W9DL31001461C,1ZMLH8300204F0,1Z6PH74DAP0QN7,DJI Pilot,Android,7.0.2,1EF72A62-B7C3-C88D-164E-CE6F8C8424AE,1ZN7L4R0H1D00F,1W9DL31001461C,,1ZMLH8300204F0,1W9DL31001461C,,,,,
2023-11-01,11:33:03.54 AM,8m 41.2s,521.2,33.796786788783,-117.475974335504,42.9,137.7,16.0,1307,4444.5,5.833225,7.569323,-5.816044,2.23694,0.447388,1.342164,0,0.894776,-0.9,0,0.9,174.3,174.3,174.7,Tripod,Other,,21,5,True,,True,False,,Smart,RC,False,True,False,,,True,,False,False,False,False,False,False,False,False,False,False,0,Follow Yaw,-77.9,0,166.2,166.2,False,False,False,False,False,,0,0,False,False,No Card,100,100,1024,1345,874,1024,2,False,False,False,False,False,0,False,False,False,False,72,,46.608,,7230,,10044,,46.608,,True,3.889,3.889,3.889,3.889,3.889,3.889,3.889,3.889,3.889,3.889,3.889,3.889,0,,False,False,True,,,,,,,,,,,,,,,False,False,19.49,,101.8,,75.7,,101.8,,1367,111,4,22,7,144828.8,19310.51,,Idle,,20,,10,,,20,Go Home,False,False,False,False,False,False,False,False,False,False,False,False,33.8027920380556,-117.4659261431046,3752.1,3752.1,1049.4,396.9,True,1,1,False,False,False,False,,True,False,False,Course Lock,196.8,67,16.4,93,N,S,2.9,11.4,Calm,False,False,Android,7.0.2,M300 RTK,1ZN7L4R0H1D00F,1W9DL31001461C,1ZMLH8300204F0,1Z6PH74DAP0QN7,"Corona, CA",728.3,5.7,137.7,8.547347,2.013246,0,0,DJI Matrice 300 RTK,M300 RTK,1ZN7L4R0H1D00F,1W9DL31001461C,1ZMLH8300204F0,1Z6PH74DAP0QN7,DJI Pilot,Android,7.0.2,1EF72A62-B7C3-C88D-164E-CE6F8C8424AE,1ZN7L4R0H1D00F,1W9DL31001461C,,1ZMLH8300204F0,1W9DL31001461C,,,,,
2023-11-01,11:33:03.64 AM,8m 41.3s,521.3,33.7967848027171,-117.4759740491814,42.9,137.7,16.0,1307,4445.2,5.833225,7.569323,-5.816044,2.23694,0.447388,1.342164,0,0.894776,-1,-0.1,1,174.4,174.4,173.1,Tripod,Other,,21,5,True,,True,False,,Smart,RC,False,True,False,,,True,,False,False,False,False,False,False,False,False,False,False,0,Follow Yaw,-77.9,0,166.2,166.2,False,False,False,False,False,,0,0,False,False,No Card,100,100,1024,1353,872,1024,2,False,False,False,False,False,0,False,False,False,False,72,,46.608,,7230,,10044,,46.608,,True,3.886,3.886,3.886,3.886,3.886,3.886,3.886,3.886,3.886,3.886,3.886,3.886,0,,False,False,True,,,,,,,,,,,,,,,False,False,19.49,,101.8,,75.7,,101.8,,1364,111,4,22,7,144973.3,19329.77,,Idle,,20,,10,,,20,Go Home,False,False,False,False,False,False,False,False,False,False,False,False,33.8027920380556,-117.4659261431046,3752.5,3752.5,1049.4,396.9,True,1,1,False,False,False,False,,True,False,False,Course Lock,196.8,67,16.4,93,N,S,2.9,11.4,Calm,False,False,Android,7.0.2,M300 RTK,1ZN7L4R0H1D00F,1W9DL31001461C,1ZMLH8300204F0,1Z6PH74DAP0QN7,"Corona, CA",728.3,5.7,137.7,8.547347,2.013246,0,0,DJI Matrice 300 RTK,M300 RTK,1ZN7L4R0H1D00F,1W9DL31001461C,1ZMLH8300204F0,1Z6PH74DAP0QN7,DJI Pilot,Android,7.0.2,1EF72A62-B7C3-C88D-164E-CE6F8C8424AE,1ZN7L4R0H1D00F,1W9DL31001461C,,1ZMLH8300204F0,1W9DL31001461C,,,,,
2023-11-01,11:33:03.74 AM,8m 41.4s,521.4,33.796782459872,-117.4759737995562,42.6,137.7,16.0,1306,4446.1,5.833225,7.569323,-5.816044,2.23694,0.447388,1.342164,0,0.894776,-1,-0.2,1,174.4,174.4,174.9,Tripod,Other,,21,5,True,,True,False,,Smart,RC,False,True,False,,,True,,False,False,False,False,False,False,False,False,False,False,0,Follow Yaw,-77.9,0,166.2,166.2,False,False,False,False,False,,0,0,False,False,No Card,100,100,1024,1354,865,1024,2,False,False,False,False,False,0,False,False,False,False,72,,46.608,,7230,,10044,,46.608,,True,3.886,3.886,3.886,3.886,3.886,3.886,3.886,3.886,3.886,3.886,3.886,3.886,0,,False,False,True,,,,,,,,,,,,,,,False,False,19.49,,101.8,,75.7,,101.8,,1364,111,4,22,7,144973.3,19329.77,,Idle,,20,,10,,,20,Go Home,False,False,False,False,False,False,False,False,False,False,False,False,33.8027920380556,-117.4659261431046,3752.9,3752.9,1049.4,396.9,True,1,1,False,False,False,False,,True,False,False,Course Lock,196.8,67,16.4,93,N,S,2.9,11.4,Calm,False,False,Android,7.0.2,M300 RTK,1ZN7L4R0H1D00F,1W9DL31001461C,1ZMLH8300204F0,1Z6PH74DAP0QN7,"Corona, CA",728.3,5.7,137.7,8.547347,2.013246,0,0,DJI Matrice 300 RTK,M300 RTK,1ZN7L4R0H1D00F,1W9DL31001461C,1ZMLH8300204F0,1Z6PH74DAP0QN7,DJI Pilot,Android,7.0.2,1EF72A62-B7C3-C88D-164E-CE6F8C8424AE,1ZN7L4R0H1D00F,1W9DL31001461C,,1ZMLH8300204F0,1W9DL31001461C,,,,,
2023-11-01,11:33:03.84 AM,8m 41.5s,521.5,33.7967798808647,-117.4759734736498,42.6,137.7,16.0,1306,4447.0,5.833225,7.569323,-5.816044,2.23694,0.447388,1.342164,0,0.894776,-0.8,-0.1,0.8,174.4,174.4,174.0,Tripod,Other,,21,5,True,,True,False,,Smart,RC,False,True,False,,,True,,False,False,False,False,False,False,False,False,False,False,0,Follow Yaw,-77.9,0,166.2,166.2,False,False,False,False,False,,0,0,False,False,No Card,100,100,1024,1354,863,1024,2,False,False,False,False,False,0,False,False,False,False,72,,46.608,,7230,,10044,,46.608,,True,3.886,3.886,3.886,3.886,3.886,3.886,3.886,3.886,3.886,3.886,3.886,3.886,0,,False,False,True,,,,,,,,,,,,,,,False,False,19.49,,101.8,,75.7,,101.8,,1364,111,4,22,7,144973.3,19329.77,,Idle,,20,,10,,,20,Go Home,False,False,False,False,False,False,False,False,False,False,False,False,33.8027920380556,-117.4659261431046,3753.4,3753.4,1049.4,396.9,True,1,1,False,False,False,False,,True,False,False,Course Lock,196.8,67,16.4,93,N,S,3.13,11.4,Calm,False,False,Android,7.0.2,M300 RTK,1ZN7L4R0H1D00F,1W9DL31001461C,1ZMLH8300204F0,1Z6PH74DAP0QN7,"Corona, CA",728.3,5.7,137.7,8.547347,2.013246,0,0,DJI Matrice 300 RTK,M300 RTK,1ZN7L4R0H1D00F,1W9DL31001461C,1ZMLH8300204F0,1Z6PH74DAP0QN7,DJI Pilot,Android,7.0.2,1EF72A62-B7C3-C88D-164E-CE6F8C8424AE,1ZN7L4R0H1D00F,1W9DL31001461C,,1ZMLH8300204F0,1W9DL31001461C,,,,,
2023-11-01,11:33:03.94 AM,8m 41.6s,521.6,33.7967775110179,-117.4759732296324,42.6,137.7,16.0,1306,4447.9,5.833225,7.569323,-5.816044,2.23694,0.447388,1.342164,0.223694,0.894776,-0.7,-0.2,0.7,174.4,174.4,175.1,Tripod,Other,,21,5,True,,True,False,,Smart,RC,False,True,False,,,True,,False,False,False,False,False,False,False,False,False,False,0,Follow Yaw,-77.9,0,166.2,166.2,False,False,False,False,False,,0,0,False,False,No Card,100,100,1024,1351,865,1024,2,False,False,False,False,False,0,False,False,False,False,72,,46.608,,7230,,10044,,46.608,,True,3.886,3.886,3.886,3.886,3.886,3.886,3.886,3.886,3.886,3.886,3.886,3.886,0,,False,False,True,,,,,,,,,,,,,,,False,False,19.49,,101.8,,75.7,,101.8,,1364,111,4,22,7,144973.3,19329.77,,Idle,,20,,10,,,20,Go Home,False,False,False,False,False,False,False,False,False,False,False,False,33.8027920380556,-117.4659261431046,3753.8,3753.8,1049.4,396.9,True,1,1,False,False,False,False,,True,False,False,Course Lock,196.8,67,16.4,93,N,S,3.13,11.4,Calm,False,False,Android,7.0.2,M300 RTK,1ZN7L4R0H1D00F,1W9DL31001461C,1ZMLH8300204F0,1Z6PH74DAP0QN7,"Corona, CA",728.3,5.7,137.7,8.547347,2.013246,0,0,DJI Matrice 300 RTK,M300 RTK,1ZN7L4R0H1D00F,1W9DL31001461C,1ZMLH8300204F0,1Z6PH74DAP0QN7,DJI Pilot,Android,7.0.2,1EF72A62-B7C3-C88D-164E-CE6F8C8424AE,1ZN7L4R0H1D00F,1W9DL31001461C,,1ZMLH8300204F0,1W9DL31001461C,,,,,
2023-11-01,11:33:04.04 AM,8m 41.7s,521.7,33.7967756489955,-117.475973086801,42.6,137.7,16.0,1306,4448.6,5.820344,7.569323,-5.816044,2.23694,0.223694,1.342164,0.223694,0.894776,-0.8,-0.3,0.8,174.4,174.4,176.3,Tripod,Other,,21,5,True,,True,False,,Smart,RC,False,True,False,,,True,,False,False,False,False,False,False,False,False,False,False,0,Follow Yaw,-77.9,0,166.2,166.2,False,False,False,False,False,,0,0,False,False,No Card,100,100,1024,1351,865,1024,2,False,False,False,False,False,0,False,False,False,False,72,,46.608,,7230,,10044,,46.608,,True,3.886,3.886,3.886,3.886,3.886,3.886,3.886,3.886,3.886,3.886,3.886,3.886,0,,False,False,True,,,,,,,,,,,,,,,False,False,19.49,,101.8,,75.7,,101.8,,1364,111,4,22,7,144973.3,19329.77,,Idle,,20,,10,,,20,Go Home,False,False,False,False,False,False,False,False,False,False,False,False,33.8027920380556,-117.4659261431046,3754.2,3754.2,1049.4,396.9,True,1,1,False,False,False,False,,True,False,False,Course Lock,196.8,67,16.4,93,N,S,3.13,11.4,Calm,False,False,Android,7.0.2,M300 RTK,1ZN7L4R0H1D00F,1W9DL31001461C,1ZMLH8300204F0,1Z6PH74DAP0QN7,"Corona, CA",728.3,5.7,137.7,8.547347,2.013246,0,0,DJI Matrice 300 RTK,M300 RTK,1ZN7L4R0H1D00F,1W9DL31001461C,1ZMLH8300204F0,1Z6PH74DAP0QN7,DJI Pilot,Android,7.0.2,1EF72A62-B7C3-C88D-164E-CE6F8C8424AE,1ZN7L4R0H1D00F,1W9DL31001461C,,1ZMLH8300204F0,1W9DL31001461C,,,,,
2023-11-01,11:33:04.14 AM,8m 41.8s,521.8,33.7967733198569,-117.4759728667812,42.6,137.7,15.7,1306,4449.4,5.820344,7.569323,-5.816044,2.23694,0.223694,1.342164,0.223694,0.894776,-0.9,-0.4,0.9,174.4,174.4,175.5,Tripod,Other,,21,5,True,,True,False,,Smart,RC,False,True,False,,,True,,False,False,False,False,False,False,False,False,False,False,0,Follow Yaw,-77.9,0,166.2,166.2,False,False,False,False,False,,0,0,False,False,No Card,100,100,1024,1351,863,1024,2,False,False,False,False,False,0,False,False,False,False,72,,46.596,,3589,,4986,,46.596,,True,3.886,3.886,3.886,3.886,3.886,3.886,3.886,3.886,3.886,3.886,3.886,3.886,0,,False,False,True,,,,,,,,,,,,,,,False,False,9.602,,101.8,,75.7,,101.8,,1364,111,4,22,7,144973.3,19329.77,,Idle,,20,,10,,,20,Go Home,False,False,False,False,False,False,False,False,False,False,False,False,33.8027920380556,-117.4659261431046,3754.6,3754.6,1049.4,396.9,True,1,1,False,False,False,False,,True,False,False,Course Lock,196.8,67,16.4,93,N,S,3.13,11.4,Calm,False,False,Android,7.0.2,M300 RTK,1ZN7L4R0H1D00F,1W9DL31001461C,1ZMLH8300204F0,1Z6PH74DAP0QN7,"Corona, CA",728.3,5.7,137.7,8.547347,2.013246,0,0,DJI Matrice 300 RTK,M300 RTK,1ZN7L4R0H1D00F,1W9DL31001461C,1ZMLH8300204F0,1Z6PH74DAP0QN7,DJI Pilot,Android,7.0.2,1EF72A62-B7C3-C88D-164E-CE6F8C8424AE,1ZN7L4R0H1D00F,1W9DL31001461C,,1ZMLH8300204F0,1W9DL31001461C,,,,,
2023-11-01,11:33:04.22 AM,8m 41.9s,521.9,33.7967705622544,-117.4759726256501,42.6,137.7,16.0,1306,4450.4,5.820344,7.569323,-5.816044,2.23694,0.223694,1.342164,0.223694,0.894776,-1,-0.5,1.1,174.4,174.4,175.8,Tripod,Other,,21,5,True,,True,False,,Smart,RC,False,True,False,,,True,,False,False,False,False,False,False,False,False,False,False,0,Follow Yaw,-77.9,0,166.2,166.2,False,False,False,False,False,,0,0,False,False,No Card,100,100,1024,1349,863,1024,2,False,False,False,False,False,0,False,False,False,False,72,,46.596,,3589,,4986,,46.596,,True,3.886,3.886,3.886,3.886,3.886,3.886,3.886,3.886,3.886,3.886,3.886,3.886,0,,False,False,True,,,,,,,,,,,,,,,False,False,9.602,,101.8,,75.7,,101.8,,1364,111,4,22,7,144973.3,19329.77,,Idle,,20,,10,,,20,Go Home,False,False,False,False,False,False,False,False,False,False,False,False,33.8027920380556,-117.4659261431046,3755.1,3755.1,1049.4,396.9,True,1,1,False,False,False,False,,True,False,False,Course Lock,196.8,67,16.4,93,N,S,3.13,11.4,Calm,False,False,Android,7.0.2,M300 RTK,1ZN7L4R0H1D00F,1W9DL31001461C,1ZMLH8300204F0,1Z6PH74DAP0QN7,"Corona, CA",728.3,5.7,137.7,8.547347,2.013246,0,0,DJI Matrice 300 RTK,M300 RTK,1ZN7L4R0H1D00F,1W9DL31001461C,1ZMLH8300204F0,1Z6PH74DAP0QN7,DJI Pilot,Android,7.0.2,1EF72A62-B7C3-C88D-164E-CE6F8C8424AE,1ZN7L4R0H1D00F,1W9DL31001461C,,1ZMLH8300204F0,1W9DL31001461C,,,,,
2023-11-01,11:33:04.32 AM,8m 42.0s,522.0,33.7967681893922,-117.4759724113206,42.6,137.7,16.0,1306,4451.3,5.820344,7.569323,-5.816044,2.23694,0.223694,1.342164,0.223694,0.894776,-1,-0.8,1.2,174.4,174.4,175.7,Tripod,Other,,21,5,True,,True,False,,Smart,RC,False,True,False,,,True,,False,False,False,False,False,False,False,False,False,False,0,Follow Yaw,-77.9,0,166.2,166.2,False,False,False,False,False,,0,0,False,False,No Card,100,100,1024,1346,863,1024,2,False,False,False,False,False,0,False,False,False,False,72,,46.608,,7230,,10044,,46.608,,True,3.886,3.886,3.886,3.886,3.886,3.886,3.886,3.886,3.886,3.886,3.886,3.886,0,,False,False,True,,,,,,,,,,,,,,,False,False,19.15,,101.8,,75.7,,101.8,,1364,111,4,22,7,144973.3,19329.77,,Idle,,20,,10,,,20,Go Home,False,False,False,False,False,False,False,False,False,False,False,False,33.8027920380556,-117.4659261431046,3755.6,3755.6,1049.4,396.9,True,1,1,False,False,False,False,,True,False,False,Course Lock,196.8,67,16.4,93,N,S,3.13,11.4,Calm,False,False,Android,7.0.2,M300 RTK,1ZN7L4R0H1D00F,1W9DL31001461C,1ZMLH8300204F0,1Z6PH74DAP0QN7,"Corona, CA",728.3,5.7,137.7,8.547347,2.013246,0,0,DJI Matrice 300 RTK,M300 RTK,1ZN7L4R0H1D00F,1W9DL31001461C,1ZMLH8300204F0,1Z6PH74DAP0QN7,DJI Pilot,Android,7.0.2,1EF72A62-B7C3-C88D-164E-CE6F8C8424AE,1ZN7L4R0H1D00F,1W9DL31001461C,,1ZMLH8300204F0,1W9DL31001461C,,,,,
2023-11-01,11:33:04.42 AM,8m 42.1s,522.1,33.7967660051309,-117.4759721509748,42.6,137.7,15.7,1306,4452.1,5.820344,7.569323,-5.816044,2.23694,0.223694,1.342164,0.223694,0.894776,-1,-1,1.4,174.4,174.4,174.3,Tripod,Other,,21,5,True,,True,False,,Smart,RC,False,True,False,,,True,,False,False,False,False,False,False,False,False,False,False,0,Follow Yaw,-77.9,0,166.2,166.2,False,False,False,False,False,,0,0,False,False,No Card,100,100,1024,1347,863,1024,2,False,False,False,False,False,0,False,False,False,False,72,,46.608,,7230,,10044,,46.608,,True,3.886,3.886,3.886,3.886,3.886,3.886,3.886,3.886,3.886,3.886,3.886,3.886,0,,False,False,True,,,,,,,,,,,,,,,False,False,19.15,,101.8,,75.7,,101.8,,1364,111,4,22,7,144973.3,19329.77,,Idle,,20,,10,,,20,Go Home,False,False,False,False,False,False,False,False,False,False,False,False,33.8027920380556,-117.4659261431046,3756.0,3756.0,1049.4,396.9,True,1,1,False,False,False,False,,True,False,False,Course Lock,196.8,67,16.4,93,N,S,3.13,11.4,Calm,False,False,Android,7.0.2,M300 RTK,1ZN7L4R0H1D00F,1W9DL31001461C,1ZMLH8300204F0,1Z6PH74DAP0QN7,"Corona, CA",728.3,5.7,137.7,8.547347,2.013246,0,0,DJI Matrice 300 RTK,M300 RTK,1ZN7L4R0H1D00F,1W9DL31001461C,1ZMLH8300204F0,1Z6PH74DAP0QN7,DJI Pilot,Android,7.0.2,1EF72A62-B7C3-C88D-164E-CE6F8C8424AE,1ZN7L4R0H1D00F,1W9DL31001461C,,1ZMLH8300204F0,1W9DL31001461C,,,,,
2023-11-01,11:33:04.53 AM,8m 42.2s,522.2,33.7967636388478,-117.4759719283985,42.3,137.7,15.7,1306,4453.0,5.820344,7.569323,-5.816044,2.23694,0.223694,1.342164,0.223694,0.894776,-1,-1.1,1.4,174.4,174.4,175.5,Tripod,Other,,21,5,True,,True,False,,Smart,RC,False,True,False,,,True,,False,False,False,False,False,False,False,False,False,False,0,Follow Yaw,-77.9,0,166.2,166.2,False,False,False,False,False,,0,0,False,False,No Card,100,100,1024,1346,864,1024,2,False,False,False,False,False,0,False,False,False,False,72,,46.608,,7230,,10044,,46.608,,True,3.886,3.886,3.886,3.886,3.886,3.886,3.886,3.886,3.886,3.886,3.886,3.886,0,,False,False,True,,,,,,,,,,,,,,,False,False,19.15,,101.8,,75.7,,101.8,,1364,111,4,22,7,144973.3,19329.77,,Idle,,20,,10,,,20,Go Home,False,False,False,False,False,False,False,False,False,False,False,False,33.8027920380556,-117.4659261431046,3756.4,3756.4,1049.4,396.9,True,1,1,False,False,False,False,,True,False,False,Course Lock,196.8,67,16.4,93,N,S,3.13,11.4,Calm,False,False,Android,7.0.2,M300 RTK,1ZN7L4R0H1D00F,1W9DL31001461C,1ZMLH8300204F0,1Z6PH74DAP0QN7,"Corona, CA",728.3,5.7,137.7,8.547347,2.013246,0,0,DJI Matrice 300 RTK,M300 RTK,1ZN7L4R0H1D00F,1W9DL31001461C,1ZMLH8300204F0,1Z6PH74DAP0QN7,DJI Pilot,Android,7.0.2,1EF72A62-B7C3-C88D-164E-CE6F8C8424AE,1ZN7L4R0H1D00F,1W9DL31001461C,,1ZMLH8300204F0,1W9DL31001461C,,,,,
2023-11-01,11:33:04.64 AM,8m 42.3s,522.3,33.796761266671,-117.4759717824334,42.3,137.7,15.7,1306,4453.8,5.820344,7.569323,-5.816044,2.23694,0.223694,1.342164,0.223694,0.894776,-1,-0.9,1.3,174.4,174.4,177.0,Tripod,Other,,21,5,True,,True,False,,Smart,RC,False,True,False,,,True,,False,False,False,False,False,False,False,False,False,False,0,Follow Yaw,-77.9,0,166.2,166.2,False,False,False,False,False,,0,0,False,False,No Card,100,100,1024,1346,863,1024,2,False,False,False,False,False,0,False,False,False,False,72,,46.608,,7230,,10044,,46.608,,True,3.882,3.882,3.882,3.882,3.882,3.882,3.882,3.882,3.882,3.882,3.882,3.882,0,,False,False,True,,,,,,,,,,,,,,,False,False,19.15,,101.8,,75.7,,101.8,,1362,112,4,22,7,145070.0,19342.66,,Idle,,20,,10,,,20,Go Home,False,False,False,False,False,False,False,False,False,False,False,False,33.8027920380556,-117.4659261431046,3756.9,3756.9,1049.4,396.9,True,1,1,False,False,False,False,,True,False,False,Course Lock,196.8,67,16.4,93,N,S,3.13,11.4,Calm,False,False,Android,7.0.2,M300 RTK,1ZN7L4R0H1D00F,1W9DL31001461C,1ZMLH8300204F0,1Z6PH74DAP0QN7,"Corona, CA",728.3,5.7,137.7,8.547347,2.013246,0,0,DJI Matrice 300 RTK,M300 RTK,1ZN7L4R0H1D00F,1W9DL31001461C,1ZMLH8300204F0,1Z6PH74DAP0QN7,DJI Pilot,Android,7.0.2,1EF72A62-B7C3-C88D-164E-CE6F8C8424AE,1ZN7L4R0H1D00F,1W9DL31001461C,,1ZMLH8300204F0,1W9DL31001461C,,,,,
2023-11-01,11:33:04.74 AM,8m 42.4s,522.4,33.7967588905192,-117.4759715646402,42.3,137.7,15.7,1306,4454.7,5.820344,7.569323,-5.816044,2.23694,0.223694,1.342164,0.223694,0.894776,-1,-0.9,1.3,174.4,174.4,175.6,Tripod,Other,,21,5,True,,True,False,,Smart,RC,False,True,False,,,True,,False,False,False,False,False,False,False,False,False,False,0,Follow Yaw,-77.9,0,166.2,166.2,False,False,False,False,False,,0,0,False,False,No Card,100,100,1024,1346,865,1024,2,False,False,False,False,False,0,False,False,False,False,72,,46.608,,7230,,10044,,46.608,,True,3.882,3.882,3.882,3.882,3.882,3.882,3.882,3.882,3.882,3.882,3.882,3.882,0,,False,False,True,,,,,,,,,,,,,,,False,False,19.15,,101.8,,75.7,,101.8,,1362,112,4,22,7,145070.0,19342.66,,Idle,,20,,10,,,20,Go Home,False,False,False,False,False,False,False,False,False,False,False,False,33.8027920380556,-117.4659261431046,3757.4,3757.4,1049.4,396.9,True,1,1,False,False,False,False,,True,False,False,Course Lock,196.8,67,16.4,93,N,S,3.13,11.4,Calm,False,False,Android,7.0.2,M300 RTK,1ZN7L4R0H1D00F,1W9DL31001461C,1ZMLH8300204F0,1Z6PH74DAP0QN7,"Corona, CA",728.3,5.7,137.7,8.547347,2.013246,0,0,DJI Matrice 300 RTK,M300 RTK,1ZN7L4R0H1D00F,1W9DL31001461C,1ZMLH8300204F0,1Z6PH74DAP0QN7,DJI Pilot,Android,7.0.2,1EF72A62-B7C3-C88D-164E-CE6F8C8424AE,1ZN7L4R0H1D00F,1W9DL31001461C,,1ZMLH8300204F0,1W9DL31001461C,,,,,
2023-11-01,11:33:04.83 AM,8m 42.5s,522.5,33.7967565702898,-117.4759714009448,42.3,137.7,15.7,1306,4455.5,5.820344,7.569323,-5.816044,2.23694,0.223694,1.342164,0.223694,0.894776,-0.9,-0.9,1.2,174.4,174.4,176.6,Tripod,Other,,21,5,True,,True,False,,Smart,RC,False,True,False,,,True,,False,False,False,False,False,False,False,False,False,False,0,Follow Yaw,-77.9,0,166.2,166.2,False,False,False,False,False,,0,0,False,False,No Card,100,100,1024,1347,865,1024,2,False,False,False,False,False,0,False,False,False,False,72,,46.608,,7230,,10044,,46.608,,True,3.882,3.882,3.882,3.882,3.882,3.882,3.882,3.882,3.882,3.882,3.882,3.882,0,,False,False,True,,,,,,,,,,,,,,,False,False,19.15,,101.8,,75.7,,101.8,,1362,112,4,22,7,145070.0,19342.66,,Idle,,20,,10,,,20,Go Home,False,False,False,False,False,False,False,False,False,False,False,False,33.8027920380556,-117.4659261431046,3757.8,3757.8,1049.4,396.9,True,1,1,False,False,False,False,,True,False,False,Course Lock,196.8,67,16.4,93,N,S,3.13,11.4,Calm,False,False,Android,7.0.2,M300 RTK,1ZN7L4R0H1D00F,1W9DL31001461C,1ZMLH8300204F0,1Z6PH74DAP0QN7,"Corona, CA",728.3,5.7,137.7,8.547347,2.013246,0,0,DJI Matrice 300 RTK,M300 RTK,1ZN7L4R0H1D00F,1W9DL31001461C,1ZMLH8300204F0,1Z6PH74DAP0QN7,DJI Pilot,Android,7.0.2,1EF72A62-B7C3-C88D-164E-CE6F8C8424AE,1ZN7L4R0H1D00F,1W9DL31001461C,,1ZMLH8300204F0,1W9DL31001461C,,,,,
2023-11-01,11:33:04.94 AM,8m 42.6s,522.6,33.7967541904374,-117.4759711947794,42.3,137.7,15.7,1306,4456.4,5.820344,7.569323,-5.816044,2.23694,0.223694,1.342164,0.223694,0.894776,-0.7,-1,1.2,174.3,174.3,175.8,Tripod,Other,,21,5,True,,True,False,,Smart,RC,False,True,False,,,True,,False,False,False,False,False,False,False,False,False,False,0,Follow Yaw,-77.9,0,166.2,166.2,False,False,False,False,False,,0,0,False,False,No Card,100,100,1024,1348,863,1024,2,False,False,False,False,False,0,False,False,False,False,72,,46.608,,7230,,10044,,46.608,,True,3.882,3.882,3.882,3.882,3.882,3.882,3.882,3.882,3.882,3.882,3.882,3.882,0,,False,False,True,,,,,,,,,,,,,,,False,False,19.15,,101.8,,75.7,,101.8,,1362,112,4,22,7,145070.0,19342.66,,Idle,,20,,10,,,20,Go Home,False,False,False,False,False,False,False,False,False,False,False,False,33.8027920380556,-117.4659261431046,3758.3,3758.3,1049.4,396.9,True,1,1,False,False,False,False,,True,False,False,Course Lock,196.8,67,16.4,93,N,S,3.13,11.4,Calm,False,False,Android,7.0.2,M300 RTK,1ZN7L4R0H1D00F,1W9DL31001461C,1ZMLH8300204F0,1Z6PH74DAP0QN7,"Corona, CA",728.3,5.7,137.7,8.547347,2.013246,0,0,DJI Matrice 300 RTK,M300 RTK,1ZN7L4R0H1D00F,1W9DL31001461C,1ZMLH8300204F0,1Z6PH74DAP0QN7,DJI Pilot,Android,7.0.2,1EF72A62-B7C3-C88D-164E-CE6F8C8424AE,1ZN7L4R0H1D00F,1W9DL31001461C,,1ZMLH8300204F0,1W9DL31001461C,,,,,
2023-11-01,11:33:05.04 AM,8m 42.7s,522.7,33.7967518485518,-117.4759708739035,42.3,137.7,15.7,1306,4457.3,5.820344,7.569323,-5.816044,2.23694,0.223694,1.342164,0.223694,0.894776,-0.7,-1.3,1.4,174.3,174.3,173.5,Tripod,Other,,21,5,True,,True,False,,Smart,RC,False,True,False,,,True,,False,False,False,False,False,False,False,False,False,False,0,Follow Yaw,-77.9,0,166.2,166.2,False,False,False,False,False,,0,0,False,False,No Card,100,100,1024,1348,863,1024,2,False,False,False,False,False,0,False,False,False,False,72,,46.608,,7230,,10044,,46.608,,True,3.882,3.882,3.882,3.882,3.882,3.882,3.882,3.882,3.882,3.882,3.882,3.882,0,,False,False,True,,,,,,,,,,,,,,,False,False,19.15,,101.8,,75.7,,101.8,,1362,112,4,22,7,145070.0,19342.66,,Idle,,20,,10,,,20,Go Home,False,False,False,False,False,False,False,False,False,False,False,False,33.8027920380556,-117.4659261431046,3758.7,3758.7,1049.4,396.9,True,1,1,False,False,False,False,,True,False,False,Course Lock,196.8,67,16.4,93,N,S,3.13,11.4,Calm,False,False,Android,7.0.2,M300 RTK,1ZN7L4R0H1D00F,1W9DL31001461C,1ZMLH8300204F0,1Z6PH74DAP0QN7,"Corona, CA",728.3,5.7,137.7,8.547347,2.013246,0,0,DJI Matrice 300 RTK,M300 RTK,1ZN7L4R0H1D00F,1W9DL31001461C,1ZMLH8300204F0,1Z6PH74DAP0QN7,DJI Pilot,Android,7.0.2,1EF72A62-B7C3-C88D-164E-CE6F8C8424AE,1ZN7L4R0H1D00F,1W9DL31001461C,,1ZMLH8300204F0,1W9DL31001461C,,,,,
2023-11-01,11:33:05.14 AM,8m 42.8s,522.8,33.7967494697958,-117.4759706546259,42.3,137.7,15.7,1306,4458.1,5.820344,7.569323,-5.816044,2.23694,0.223694,1.342164,0.223694,0.894776,-0.6,-1.4,1.5,174.2,174.2,175.6,Tripod,Other,,21,5,True,,True,False,,Smart,RC,False,True,False,,,True,,False,False,False,False,False,False,False,False,False,False,0,Follow Yaw,-77.9,0,166.2,166.2,False,False,False,False,False,,0,0,False,False,No Card,100,100,1024,1349,862,1024,2,False,False,False,False,False,0,False,False,False,False,72,,46.608,,7230,,10044,,46.608,,True,3.882,3.882,3.882,3.882,3.882,3.882,3.882,3.882,3.882,3.882,3.882,3.882,0,,False,False,True,,,,,,,,,,,,,,,False,False,19.15,,101.8,,75.7,,101.8,,1362,112,4,22,7,145070.0,19342.66,,Idle,,20,,10,,,20,Go Home,False,False,False,False,False,False,False,False,False,False,False,False,33.8027920380556,-117.4659261431046,3759.2,3759.2,1049.4,396.9,True,1,1,False,False,False,False,,True,False,False,Course Lock,196.8,67,16.4,93,N,S,3.13,11.4,Calm,False,False,Android,7.0.2,M300 RTK,1ZN7L4R0H1D00F,1W9DL31001461C,1ZMLH8300204F0,1Z6PH74DAP0QN7,"Corona, CA",728.3,5.7,137.7,8.547347,2.013246,0,0,DJI Matrice 300 RTK,M300 RTK,1ZN7L4R0H1D00F,1W9DL31001461C,1ZMLH8300204F0,1Z6PH74DAP0QN7,DJI Pilot,Android,7.0.2,1EF72A62-B7C3-C88D-164E-CE6F8C8424AE,1ZN7L4R0H1D00F,1W9DL31001461C,,1ZMLH8300204F0,1W9DL31001461C,,,,,
2023-11-01,11:33:05.25 AM,8m 42.9s,522.9,33.7967469949575,-117.4759704951363,42.3,137.7,15.7,1306,4459.0,5.820344,7.569323,-5.816044,2.23694,0.223694,1.342164,0.223694,0.894776,-0.6,-1.4,1.5,174.3,174.3,176.9,Tripod,Other,,21,5,True,,True,False,,Smart,RC,False,True,False,,,True,,False,False,False,False,False,False,False,False,False,False,0,Follow Yaw,-77.9,0,166.2,166.2,False,False,False,False,False,,0,0,False,False,No Card,100,100,1024,1347,861,1024,2,False,False,False,False,False,0,False,False,False,False,72,,46.608,,7230,,10044,,46.608,,True,3.882,3.882,3.882,3.882,3.882,3.882,3.882,3.882,3.882,3.882,3.882,3.882,0,,False,False,True,,,,,,,,,,,,,,,False,False,19.15,,101.8,,75.7,,101.8,,1362,112,4,22,7,145070.0,19342.66,,Idle,,20,,10,,,20,Go Home,False,False,False,False,False,False,False,False,False,False,False,False,33.8027920380556,-117.4659261431046,3759.7,3759.7,1049.4,396.9,True,1,1,False,False,False,False,,True,False,False,Course Lock,196.8,67,16.4,93,N,S,3.13,11.4,Calm,False,False,Android,7.0.2,M300 RTK,1ZN7L4R0H1D00F,1W9DL31001461C,1ZMLH8300204F0,1Z6PH74DAP0QN7,"Corona, CA",728.3,5.7,137.7,8.547347,2.013246,0,0,DJI Matrice 300 RTK,M300 RTK,1ZN7L4R0H1D00F,1W9DL31001461C,1ZMLH8300204F0,1Z6PH74DAP0QN7,DJI Pilot,Android,7.0.2,1EF72A62-B7C3-C88D-164E-CE6F8C8424AE,1ZN7L4R0H1D00F,1W9DL31001461C,,1ZMLH8300204F0,1W9DL31001461C,,,,,
2023-11-01,11:33:05.35 AM,8m 43.0s,523.0,33.7967446111302,-117.4759702662926,41.9,137.7,15.7,1306,4459.9,5.820344,7.569323,-5.816044,2.23694,0.223694,1.342164,0.223694,0.894776,-0.5,-1.2,1.3,174.3,174.3,175.4,Tripod,Other,,21,5,True,,True,False,,Smart,RC,False,True,False,,,True,,False,False,False,False,False,False,False,False,False,False,0,Follow Yaw,-77.9,0,166.2,166.2,False,False,False,False,False,,0,0,False,False,No Card,100,100,1024,1348,862,1024,2,False,False,False,False,False,0,False,False,False,False,72,,46.62,,7230,,10044,,46.62,,True,3.882,3.882,3.882,3.882,3.882,3.882,3.882,3.882,3.882,3.882,3.882,3.882,0,,False,False,True,,,,,,,,,,,,,,,False,False,19.14,,102.0,,75.7,,102.0,,1362,112,4,22,7,145070.0,19342.66,,Idle,,20,,10,,,20,Go Home,False,False,False,False,False,False,False,False,False,False,False,False,33.8027920380556,-117.4659261431046,3760.1,3760.1,1049.4,396.9,True,1,1,False,False,False,False,,True,False,False,Course Lock,196.8,67,16.4,93,N,S,3.13,11.4,Calm,False,False,Android,7.0.2,M300 RTK,1ZN7L4R0H1D00F,1W9DL31001461C,1ZMLH8300204F0,1Z6PH74DAP0QN7,"Corona, CA",728.3,5.7,137.7,8.547347,2.013246,0,0,DJI Matrice 300 RTK,M300 RTK,1ZN7L4R0H1D00F,1W9DL31001461C,1ZMLH8300204F0,1Z6PH74DAP0QN7,DJI Pilot,Android,7.0.2,1EF72A62-B7C3-C88D-164E-CE6F8C8424AE,1ZN7L4R0H1D00F,1W9DL31001461C,,1ZMLH8300204F0,1W9DL31001461C,,,,,
2023-11-01,11:33:05.45 AM,8m 43.1s,523.1,33.7967420044358,-117.475970042232,41.9,137.7,15.7,1306,4460.9,5.820344,7.569323,-5.816044,2.23694,0.223694,1.342164,0.223694,0.894776,-0.5,-1,1.1,174.4,174.4,175.9,Tripod,Other,,21,5,True,,True,False,,Smart,RC,False,True,False,,,True,,False,False,False,False,False,False,False,False,False,False,0,Follow Yaw,-77.9,0,166.2,166.2,False,False,False,False,False,,0,0,False,False,No Card,100,100,1024,1348,862,1024,2,False,False,False,False,False,0,False,False,False,False,72,,46.62,,7230,,10044,,46.62,,True,3.882,3.882,3.882,3.882,3.882,3.882,3.882,3.882,3.882,3.882,3.882,3.882,0,,False,False,True,,,,,,,,,,,,,,,False,False,19.14,,102.0,,75.7,,102.0,,1362,112,4,22,7,145070.0,19342.66,,Idle,,20,,10,,,20,Go Home,False,False,False,False,False,False,False,False,False,False,False,False,33.8027920380556,-117.4659261431046,3760.6,3760.6,1049.4,396.9,True,1,1,False,False,False,False,,True,False,False,Course Lock,196.8,67,16.4,93,N,S,3.13,11.4,Calm,False,False,Android,7.0.2,M300 RTK,1ZN7L4R0H1D00F,1W9DL31001461C,1ZMLH8300204F0,1Z6PH74DAP0QN7,"Corona, CA",728.3,5.7,137.7,8.547347,2.013246,0,0,DJI Matrice 300 RTK,M300 RTK,1ZN7L4R0H1D00F,1W9DL31001461C,1ZMLH8300204F0,1Z6PH74DAP0QN7,DJI Pilot,Android,7.0.2,1EF72A62-B7C3-C88D-164E-CE6F8C8424AE,1ZN7L4R0H1D00F,1W9DL31001461C,,1ZMLH8300204F0,1W9DL31001461C,,,,,
2023-11-01,11:33:05.55 AM,8m 43.2s,523.2,33.7967396073132,-117.4759698165221,41.9,137.7,15.4,1306,4461.7,5.820344,7.569323,-5.816044,2.23694,0.223694,1.342164,0.223694,0.894776,-0.7,-0.8,1,174.4,174.4,175.5,Tripod,Other,,21,5,True,,True,False,,Smart,RC,False,True,False,,,True,,False,False,False,False,False,False,False,False,False,False,0,Follow Yaw,-77.9,0,166.2,166.2,False,False,False,False,False,,0,0,False,False,No Card,100,100,1024,1346,862,1024,2,False,False,False,False,False,0,False,False,False,False,72,,46.62,,7230,,10044,,46.62,,True,3.882,3.882,3.882,3.882,3.882,3.882,3.882,3.882,3.882,3.882,3.882,3.882,0,,False,False,True,,,,,,,,,,,,,,,False,False,19.14,,102.0,,75.7,,102.0,,1362,112,4,22,7,145070.0,19342.66,,Idle,,20,,10,,,20,Go Home,False,False,False,False,False,False,False,False,False,False,False,False,33.8027920380556,-117.4659261431046,3761.1,3761.1,1049.4,396.9,True,1,1,False,False,False,False,,True,False,False,Course Lock,196.8,67,16.4,93,N,S,3.13,11.4,Calm,False,False,Android,7.0.2,M300 RTK,1ZN7L4R0H1D00F,1W9DL31001461C,1ZMLH8300204F0,1Z6PH74DAP0QN7,"Corona, CA",728.3,5.7,137.7,8.547347,2.013246,0,0,DJI Matrice 300 RTK,M300 RTK,1ZN7L4R0H1D00F,1W9DL31001461C,1ZMLH8300204F0,1Z6PH74DAP0QN7,DJI Pilot,Android,7.0.2,1EF72A62-B7C3-C88D-164E-CE6F8C8424AE,1ZN7L4R0H1D00F,1W9DL31001461C,,1ZMLH8300204F0,1W9DL31001461C,,,,,
2023-11-01,11:33:05.66 AM,8m 43.3s,523.3,33.796737219511,-117.4759694882242,41.9,137.7,15.7,1306,4462.6,5.820344,7.569323,-5.816044,2.23694,0.223694,1.342164,0.223694,0.894776,-0.8,-0.9,1.2,174.4,174.4,173.4,Tripod,Other,,21,5,True,,True,False,,Smart,RC,False,True,False,,,True,,False,False,False,False,False,False,False,False,False,False,0,Follow Yaw,-77.9,0,166.2,166.2,False,False,False,False,False,,0,0,False,False,No Card,100,100,1024,1346,863,1024,2,False,False,False,False,False,0,False,False,False,False,72,,46.62,,7230,,10044,,46.62,,True,3.884,3.884,3.884,3.884,3.884,3.884,3.884,3.884,3.884,3.884,3.884,3.884,0,,False,False,True,,,,,,,,,,,,,,,False,False,19.14,,102.0,,75.7,,102.0,,1360,112,4,22,7,145065.6,19342.08,,Idle,,20,,10,,,20,Go Home,False,False,False,False,False,False,False,False,False,False,False,False,33.8027920380556,-117.4659261431046,3761.5,3761.5,1049.4,396.9,True,1,1,False,False,False,False,,True,False,False,Course Lock,196.8,67,16.4,93,N,S,3.13,11.4,Calm,False,False,Android,7.0.2,M300 RTK,1ZN7L4R0H1D00F,1W9DL31001461C,1ZMLH8300204F0,1Z6PH74DAP0QN7,"Corona, CA",728.3,5.7,137.7,8.547347,2.013246,0,0,DJI Matrice 300 RTK,M300 RTK,1ZN7L4R0H1D00F,1W9DL31001461C,1ZMLH8300204F0,1Z6PH74DAP0QN7,DJI Pilot,Android,7.0.2,1EF72A62-B7C3-C88D-164E-CE6F8C8424AE,1ZN7L4R0H1D00F,1W9DL31001461C,,1ZMLH8300204F0,1W9DL31001461C,,,,,
2023-11-01,11:33:05.76 AM,8m 43.4s,523.4,33.7967348189617,-117.4759692601228,41.9,137.7,15.7,1306,4463.5,5.820344,7.569323,-5.816044,2.23694,0.223694,1.342164,0.223694,0.894776,-0.8,-1.1,1.3,174.4,174.4,175.4,Tripod,Other,,21,5,True,,True,False,,Smart,RC,False,True,False,,,True,,False,False,False,False,False,False,False,False,False,False,0,Follow Yaw,-77.9,0,166.2,166.2,False,False,False,False,False,,0,0,False,False,No Card,100,100,1024,1347,863,1024,2,False,False,False,False,False,0,False,False,False,False,72,,46.62,,7230,,10044,,46.62,,True,3.884,3.884,3.884,3.884,3.884,3.884,3.884,3.884,3.884,3.884,3.884,3.884,0,,False,False,True,,,,,,,,,,,,,,,False,False,19.14,,102.0,,75.7,,102.0,,1360,112,4,22,7,145065.6,19342.08,,Idle,,20,,10,,,20,Go Home,False,False,False,False,False,False,False,False,False,False,False,False,33.8027920380556,-117.4659261431046,3762.0,3762.0,1049.4,396.9,True,1,1,False,False,False,False,,True,False,False,Course Lock,196.8,67,16.4,93,N,S,3.13,11.4,Calm,False,False,Android,7.0.2,M300 RTK,1ZN7L4R0H1D00F,1W9DL31001461C,1ZMLH8300204F0,1Z6PH74DAP0QN7,"Corona, CA",728.3,5.7,137.7,8.547347,2.013246,0,0,DJI Matrice 300 RTK,M300 RTK,1ZN7L4R0H1D00F,1W9DL31001461C,1ZMLH8300204F0,1Z6PH74DAP0QN7,DJI Pilot,Android,7.0.2,1EF72A62-B7C3-C88D-164E-CE6F8C8424AE,1ZN7L4R0H1D00F,1W9DL31001461C,,1ZMLH8300204F0,1W9DL31001461C,,,,,
2023-11-01,11:33:05.86 AM,8m 43.5s,523.5,33.7967327553173,-117.4759690161053,41.9,137.7,15.7,1306,4464.3,5.820344,7.569323,-5.816044,2.23694,0.223694,1.342164,0.223694,0.894776,-0.6,-1.3,1.4,174.3,174.3,174.3,Tripod,Other,,21,5,True,,True,False,,Smart,RC,False,True,False,,,True,,False,False,False,False,False,False,False,False,False,False,0,Follow Yaw,-77.9,0,166.2,166.2,False,False,False,False,False,,0,0,False,False,No Card,100,100,1024,1349,862,1024,2,False,False,False,False,False,0,False,False,False,False,72,,46.62,,7230,,10044,,46.62,,True,3.884,3.884,3.884,3.884,3.884,3.884,3.884,3.884,3.884,3.884,3.884,3.884,0,,False,False,True,,,,,,,,,,,,,,,False,False,19.14,,102.0,,75.7,,102.0,,1360,112,4,22,7,145065.6,19342.08,,Idle,,20,,10,,,20,Go Home,False,False,False,False,False,False,False,False,False,False,False,False,33.8027920380556,-117.4659261431046,3762.3,3762.3,1049.4,396.9,True,1,1,False,False,False,False,,True,False,False,Course Lock,196.8,67,16.4,93,N,S,3.13,11.4,Calm,False,False,Android,7.0.2,M300 RTK,1ZN7L4R0H1D00F,1W9DL31001461C,1ZMLH8300204F0,1Z6PH74DAP0QN7,"Corona, CA",728.3,5.7,137.7,8.547347,2.013246,0,0,DJI Matrice 300 RTK,M300 RTK,1ZN7L4R0H1D00F,1W9DL31001461C,1ZMLH8300204F0,1Z6PH74DAP0QN7,DJI Pilot,Android,7.0.2,1EF72A62-B7C3-C88D-164E-CE6F8C8424AE,1ZN7L4R0H1D00F,1W9DL31001461C,,1ZMLH8300204F0,1W9DL31001461C,,,,,
2023-11-01,11:33:05.97 AM,8m 43.6s,523.6,33.7967303849222,-117.4759687787676,41.9,137.7,15.7,1306,4465.1,5.820344,7.569323,-5.816044,2.23694,0.223694,1.342164,0.223694,0.894776,-0.4,-1.3,1.3,174.3,174.3,175.2,Tripod,Other,,21,5,True,,True,False,,Smart,RC,False,True,False,,,True,,False,False,False,False,False,False,False,False,False,False,0,Follow Yaw,-77.9,0,166.2,166.2,False,False,False,False,False,,0,0,False,False,No Card,100,100,1024,1351,860,1024,2,False,False,False,False,False,0,False,False,False,False,72,,46.62,,7230,,10044,,46.62,,True,3.884,3.884,3.884,3.884,3.884,3.884,3.884,3.884,3.884,3.884,3.884,3.884,0,,False,False,True,,,,,,,,,,,,,,,False,False,19.14,,102.0,,75.7,,102.0,,1360,112,4,22,7,145065.6,19342.08,,Idle,,20,,10,,,20,Go Home,False,False,False,False,False,False,False,False,False,False,False,False,33.8027920380556,-117.4659261431046,3762.8,3762.8,1049.4,396.9,True,1,1,False,False,False,False,,True,False,False,Course Lock,196.8,67,16.4,93,N,S,3.13,11.4,Calm,False,False,Android,7.0.2,M300 RTK,1ZN7L4R0H1D00F,1W9DL31001461C,1ZMLH8300204F0,1Z6PH74DAP0QN7,"Corona, CA",728.3,5.7,137.7,8.547347,2.013246,0,0,DJI Matrice 300 RTK,M300 RTK,1ZN7L4R0H1D00F,1W9DL31001461C,1ZMLH8300204F0,1Z6PH74DAP0QN7,DJI Pilot,Android,7.0.2,1EF72A62-B7C3-C88D-164E-CE6F8C8424AE,1ZN7L4R0H1D00F,1W9DL31001461C,,1ZMLH8300204F0,1W9DL31001461C,,,,,
2023-11-01,11:33:06.07 AM,8m 43.7s,523.7,33.7967277641102,-117.4759686421212,41.9,137.7,15.4,1306,4466.1,5.820344,7.569323,-5.816044,2.23694,0.223694,1.342164,0.223694,0.894776,-0.3,-1,1,174.3,174.3,177.5,Tripod,Other,,21,5,True,,True,False,,Smart,RC,False,True,False,,,True,,False,False,False,False,False,False,False,False,False,False,0,Follow Yaw,-77.9,0,166.2,166.2,False,False,False,False,False,,0,0,False,False,No Card,100,100,1024,1354,858,1024,2,False,False,False,False,False,0,False,False,False,False,72,,46.62,,7230,,10044,,46.62,,True,3.884,3.884,3.884,3.884,3.884,3.884,3.884,3.884,3.884,3.884,3.884,3.884,0,,False,False,True,,,,,,,,,,,,,,,False,False,19.14,,102.0,,75.7,,102.0,,1360,112,4,22,7,145065.6,19342.08,,Idle,,20,,10,,,20,Go Home,False,False,False,False,False,False,False,False,False,False,False,False,33.8027920380556,-117.4659261431046,3763.3,3763.3,1049.4,396.9,True,1,1,False,False,False,False,,True,False,False,Course Lock,196.8,67,16.4,93,N,S,3.13,11.4,Calm,False,False,Android,7.0.2,M300 RTK,1ZN7L4R0H1D00F,1W9DL31001461C,1ZMLH8300204F0,1Z6PH74DAP0QN7,"Corona, CA",728.3,5.7,137.7,8.547347,2.013246,0,0,DJI Matrice 300 RTK,M300 RTK,1ZN7L4R0H1D00F,1W9DL31001461C,1ZMLH8300204F0,1Z6PH74DAP0QN7,DJI Pilot,Android,7.0.2,1EF72A62-B7C3-C88D-164E-CE6F8C8424AE,1ZN7L4R0H1D00F,1W9DL31001461C,,1ZMLH8300204F0,1W9DL31001461C,,,,,
2023-11-01,11:33:06.17 AM,8m 43.8s,523.8,33.7967253824759,-117.4759684074224,41.9,137.7,15.4,1306,4467.0,5.820344,7.569323,-5.816044,2.23694,0.223694,1.342164,0.223694,0.894776,-0.4,-0.7,0.8,174.3,174.3,175.3,Tripod,Other,,21,5,True,,True,False,,Smart,RC,False,True,False,,,True,,False,False,False,False,False,False,False,False,False,False,0,Follow Yaw,-77.9,0,166.2,166.2,False,False,False,False,False,,0,0,False,False,No Card,100,100,1024,1352,858,1024,2,False,False,False,False,False,0,False,False,False,False,72,,46.62,,7230,,10044,,46.62,,True,3.884,3.884,3.884,3.884,3.884,3.884,3.884,3.884,3.884,3.884,3.884,3.884,0,,False,False,True,,,,,,,,,,,,,,,False,False,19.14,,102.0,,75.7,,102.0,,1360,112,4,22,7,145065.6,19342.08,,Idle,,20,,10,,,20,Go Home,False,False,False,False,False,False,False,False,False,False,False,False,33.8027920380556,-117.4659261431046,3763.8,3763.8,1049.4,396.9,True,1,1,False,False,False,False,,True,False,False,Course Lock,196.8,67,16.4,93,N,S,3.13,11.4,Calm,False,False,Android,7.0.2,M300 RTK,1ZN7L4R0H1D00F,1W9DL31001461C,1ZMLH8300204F0,1Z6PH74DAP0QN7,"Corona, CA",728.3,5.7,137.7,8.547347,2.013246,0,0,DJI Matrice 300 RTK,M300 RTK,1ZN7L4R0H1D00F,1W9DL31001461C,1ZMLH8300204F0,1Z6PH74DAP0QN7,DJI Pilot,Android,7.0.2,1EF72A62-B7C3-C88D-164E-CE6F8C8424AE,1ZN7L4R0H1D00F,1W9DL31001461C,,1ZMLH8300204F0,1W9DL31001461C,,,,,
2023-11-01,11:33:06.28 AM,8m 43.9s,523.9,33.7967229882316,-117.475968081681,41.6,137.7,15.4,1305,4467.8,5.820344,7.569323,-5.816044,2.23694,0.223694,1.342164,0.223694,0.894776,-0.6,-0.7,0.9,174.3,174.3,173.5,Tripod,Other,,21,5,True,,True,False,,Smart,RC,False,True,False,,,True,,False,False,False,False,False,False,False,False,False,False,0,Follow Yaw,-77.9,0,166.2,166.2,False,False,False,False,False,,0,0,False,False,No Card,100,100,1024,1349,863,1024,2,False,False,False,False,False,0,False,False,False,False,72,,46.644,,7230,,10044,,46.644,,True,3.884,3.884,3.884,3.884,3.884,3.884,3.884,3.884,3.884,3.884,3.884,3.884,0,,False,False,True,,,,,,,,,,,,,,,False,False,19.26,,102.0,,75.7,,102.0,,1360,112,4,22,7,145065.6,19342.08,,Idle,,20,,10,,,20,Go Home,False,False,False,False,False,False,False,False,False,False,False,False,33.8027920380556,-117.4659261431046,3764.2,3764.2,1049.4,396.9,True,1,1,False,False,False,False,,True,False,False,Course Lock,196.8,67,16.4,93,N,S,3.35,11.4,Calm,False,False,Android,7.0.2,M300 RTK,1ZN7L4R0H1D00F,1W9DL31001461C,1ZMLH8300204F0,1Z6PH74DAP0QN7,"Corona, CA",728.3,5.7,137.7,8.547347,2.013246,0,0,DJI Matrice 300 RTK,M300 RTK,1ZN7L4R0H1D00F,1W9DL31001461C,1ZMLH8300204F0,1Z6PH74DAP0QN7,DJI Pilot,Android,7.0.2,1EF72A62-B7C3-C88D-164E-CE6F8C8424AE,1ZN7L4R0H1D00F,1W9DL31001461C,,1ZMLH8300204F0,1W9DL31001461C,,,,,
2023-11-01,11:33:06.38 AM,8m 44.0s,524.0,33.7967206138617,-117.4759678463225,41.6,137.7,15.4,1305,4468.7,5.820344,7.569323,-5.816044,2.23694,0.223694,1.342164,0.223694,0.894776,-0.9,-0.8,1.2,174.3,174.3,175.2,Tripod,Other,,21,5,True,,True,False,,Smart,RC,False,True,False,,,True,,False,False,False,False,False,False,False,False,False,False,0,Follow Yaw,-77.9,0,166.2,166.2,False,False,False,False,False,,0,0,False,False,No Card,100,100,1024,1348,863,1024,2,False,False,False,False,False,0,False,False,False,False,72,,46.644,,7230,,10044,,46.644,,True,3.884,3.884,3.884,3.884,3.884,3.884,3.884,3.884,3.884,3.884,3.884,3.884,0,,False,False,True,,,,,,,,,,,,,,,False,False,19.26,,102.0,,75.7,,102.0,,1360,112,4,22,7,145065.6,19342.08,,Idle,,20,,10,,,20,Go Home,False,False,False,False,False,False,False,False,False,False,False,False,33.8027920380556,-117.4659261431046,3764.7,3764.7,1049.4,396.9,True,1,1,False,False,False,False,,True,False,False,Course Lock,196.8,67,16.4,93,N,S,3.35,11.4,Calm,False,False,Android,7.0.2,M300 RTK,1ZN7L4R0H1D00F,1W9DL31001461C,1ZMLH8300204F0,1Z6PH74DAP0QN7,"Corona, CA",728.3,5.7,137.7,8.547347,2.013246,0,0,DJI Matrice 300 RTK,M300 RTK,1ZN7L4R0H1D00F,1W9DL31001461C,1ZMLH8300204F0,1Z6PH74DAP0QN7,DJI Pilot,Android,7.0.2,1EF72A62-B7C3-C88D-164E-CE6F8C8424AE,1ZN7L4R0H1D00F,1W9DL31001461C,,1ZMLH8300204F0,1W9DL31001461C,,,,,
2023-11-01,11:33:06.44 AM,8m 44.1s,524.1,33.7967180514392,-117.4759674117257,41.6,137.7,15.4,1305,4469.6,5.820344,7.569323,-5.816044,2.23694,0.223694,1.342164,0.223694,0.894776,-1,-1.1,1.4,174.3,174.3,171.9,Tripod,Other,,21,5,True,,True,False,,Smart,RC,False,True,False,,,True,,False,False,False,False,False,False,False,False,False,False,0,Follow Yaw,-77.9,0,166.2,166.2,False,False,False,False,False,,0,0,False,False,No Card,100,100,1024,1349,862,1024,2,False,False,False,False,False,0,False,False,False,False,72,,46.644,,7230,,10044,,46.644,,True,3.884,3.884,3.884,3.884,3.884,3.884,3.884,3.884,3.884,3.884,3.884,3.884,0,,False,False,True,,,,,,,,,,,,,,,False,False,19.26,,102.0,,75.7,,102.0,,1360,112,4,22,7,145065.6,19342.08,,Idle,,20,,10,,,20,Go Home,False,False,False,False,False,False,False,False,False,False,False,False,33.8027920380556,-117.4659261431046,3765.1,3765.1,1049.4,396.9,True,1,1,False,False,False,False,,True,False,False,Course Lock,196.8,67,16.4,93,N,S,3.35,11.4,Calm,False,False,Android,7.0.2,M300 RTK,1ZN7L4R0H1D00F,1W9DL31001461C,1ZMLH8300204F0,1Z6PH74DAP0QN7,"Corona, CA",728.3,5.7,137.7,8.547347,2.013246,0,0,DJI Matrice 300 RTK,M300 RTK,1ZN7L4R0H1D00F,1W9DL31001461C,1ZMLH8300204F0,1Z6PH74DAP0QN7,DJI Pilot,Android,7.0.2,1EF72A62-B7C3-C88D-164E-CE6F8C8424AE,1ZN7L4R0H1D00F,1W9DL31001461C,,1ZMLH8300204F0,1W9DL31001461C,,,,,
2023-11-01,11:33:06.54 AM,8m 44.2s,524.2,33.7967156518494,-117.4759671559156,41.6,137.7,15.4,1305,4470.5,5.820344,7.569323,-5.816044,2.23694,0.223694,1.342164,0.223694,0.894776,-1,-1.3,1.6,174.3,174.3,174.9,Tripod,Other,,21,5,True,,True,False,,Smart,RC,False,True,False,,,True,,False,False,False,False,False,False,False,False,False,False,0,Follow Yaw,-77.9,0,166.2,166.2,False,False,False,False,False,,0,0,False,False,No Card,100,100,1024,1350,862,1024,2,False,False,False,False,False,0,False,False,False,False,72,,46.644,,7230,,10044,,46.644,,True,3.884,3.884,3.884,3.884,3.884,3.884,3.884,3.884,3.884,3.884,3.884,3.884,0,,False,False,True,,,,,,,,,,,,,,,False,False,19.26,,102.0,,75.7,,102.0,,1360,112,4,22,7,145065.6,19342.08,,Idle,,20,,10,,,20,Go Home,False,False,False,False,False,False,False,False,False,False,False,False,33.8027920380556,-117.4659261431046,3765.6,3765.6,1049.4,396.9,True,1,1,False,False,False,False,,True,False,False,Course Lock,196.8,67,16.4,93,N,S,3.35,11.4,Calm,False,False,Android,7.0.2,M300 RTK,1ZN7L4R0H1D00F,1W9DL31001461C,1ZMLH8300204F0,1Z6PH74DAP0QN7,"Corona, CA",728.3,5.7,137.7,8.547347,2.013246,0,0,DJI Matrice 300 RTK,M300 RTK,1ZN7L4R0H1D00F,1W9DL31001461C,1ZMLH8300204F0,1Z6PH74DAP0QN7,DJI Pilot,Android,7.0.2,1EF72A62-B7C3-C88D-164E-CE6F8C8424AE,1ZN7L4R0H1D00F,1W9DL31001461C,,1ZMLH8300204F0,1W9DL31001461C,,,,,
2023-11-01,11:33:06.64 AM,8m 44.3s,524.3,33.7967132303293,-117.4759669151968,41.6,137.7,15.4,1305,4471.4,5.833225,7.569323,-5.816044,2.23694,0.447388,1.342164,0.223694,0.894776,-0.9,-1.4,1.6,174.3,174.3,175.2,Tripod,Other,,21,5,True,,True,False,,Smart,RC,False,True,False,,,True,,False,False,False,False,False,False,False,False,False,False,0,Follow Yaw,-77.9,0,166.2,166.2,False,False,False,False,False,,0,0,False,False,No Card,100,100,1024,1351,862,1024,2,False,False,False,False,False,0,False,False,False,False,72,,46.644,,7230,,10044,,46.644,,True,3.885,3.885,3.885,3.885,3.885,3.885,3.885,3.885,3.885,3.885,3.885,3.885,0,,False,False,True,,,,,,,,,,,,,,,False,False,19.26,,102.0,,75.7,,102.0,,1358,112,4,22,7,144960.6,19328.08,,Idle,,20,,10,,,20,Go Home,False,False,False,False,False,False,False,False,False,False,False,False,33.8027920380556,-117.4659261431046,3766.0,3766.0,1049.4,396.9,True,1,1,False,False,False,False,,True,False,False,Course Lock,196.8,67,16.4,93,N,S,3.35,11.4,Calm,False,False,Android,7.0.2,M300 RTK,1ZN7L4R0H1D00F,1W9DL31001461C,1ZMLH8300204F0,1Z6PH74DAP0QN7,"Corona, CA",728.3,5.7,137.7,8.547347,2.013246,0,0,DJI Matrice 300 RTK,M300 RTK,1ZN7L4R0H1D00F,1W9DL31001461C,1ZMLH8300204F0,1Z6PH74DAP0QN7,DJI Pilot,Android,7.0.2,1EF72A62-B7C3-C88D-164E-CE6F8C8424AE,1ZN7L4R0H1D00F,1W9DL31001461C,,1ZMLH8300204F0,1W9DL31001461C,,,,,
2023-11-01,11:33:06.74 AM,8m 44.4s,524.4,33.796710821145,-117.4759666422338,41.6,137.7,15.4,1305,4472.3,5.833225,7.569323,-5.816044,2.23694,0.447388,1.342164,0.223694,0.894776,-0.9,-1.3,1.5,174.3,174.3,174.6,Tripod,Other,,22,5,True,,True,False,,Smart,RC,False,True,False,,,True,,False,False,False,False,False,False,False,False,False,False,0,Follow Yaw,-77.9,0,166.2,166.2,False,False,False,False,False,,0,0,False,False,No Card,100,100,1024,1351,863,1024,2,False,False,False,False,False,0,False,False,False,False,72,,46.644,,7230,,10044,,46.644,,True,3.885,3.885,3.885,3.885,3.885,3.885,3.885,3.885,3.885,3.885,3.885,3.885,0,,False,False,True,,,,,,,,,,,,,,,False,False,19.26,,102.0,,75.7,,102.0,,1358,112,4,22,7,144960.6,19328.08,,Idle,,20,,10,,,20,Go Home,False,False,False,False,False,False,False,False,False,False,False,False,33.8027920380556,-117.4659261431046,3766.5,3766.5,1049.4,396.9,True,1,1,False,False,False,False,,True,False,False,Course Lock,196.8,67,16.4,93,N,S,3.35,11.4,Calm,False,False,Android,7.0.2,M300 RTK,1ZN7L4R0H1D00F,1W9DL31001461C,1ZMLH8300204F0,1Z6PH74DAP0QN7,"Corona, CA",728.3,5.7,137.7,8.547347,2.013246,0,0,DJI Matrice 300 RTK,M300 RTK,1ZN7L4R0H1D00F,1W9DL31001461C,1ZMLH8300204F0,1Z6PH74DAP0QN7,DJI Pilot,Android,7.0.2,1EF72A62-B7C3-C88D-164E-CE6F8C8424AE,1ZN7L4R0H1D00F,1W9DL31001461C,,1ZMLH8300204F0,1W9DL31001461C,,,,,
2023-11-01,11:33:06.84 AM,8m 44.5s,524.5,33.7967082291165,-117.4759663569008,41.6,137.7,15.4,1305,4473.2,5.833225,7.569323,-5.816044,2.23694,0.447388,1.342164,0.223694,0.894776,-1,-1.2,1.5,174.4,174.4,174.7,Tripod,Other,,22,5,True,,True,False,,Smart,RC,False,True,False,,,True,,False,False,False,False,False,False,False,False,False,False,0,Follow Yaw,-77.9,0,166.2,166.2,False,False,False,False,False,,0,0,False,False,No Card,100,100,1024,1350,862,1024,2,False,False,False,False,False,0,False,False,False,False,72,,46.644,,7230,,10044,,46.644,,True,3.885,3.885,3.885,3.885,3.885,3.885,3.885,3.885,3.885,3.885,3.885,3.885,0,,False,False,True,,,,,,,,,,,,,,,False,False,19.26,,102.0,,75.7,,102.0,,1358,112,4,22,7,144960.6,19328.08,,Idle,,20,,10,,,20,Go Home,False,False,False,False,False,False,False,False,False,False,False,False,33.8027920380556,-117.4659261431046,3767.0,3767.0,1049.4,396.9,True,1,1,False,False,False,False,,True,False,False,Course Lock,196.8,67,16.4,93,N,S,3.35,11.4,Calm,False,False,Android,7.0.2,M300 RTK,1ZN7L4R0H1D00F,1W9DL31001461C,1ZMLH8300204F0,1Z6PH74DAP0QN7,"Corona, CA",728.3,5.7,137.7,8.547347,2.013246,0,0,DJI Matrice 300 RTK,M300 RTK,1ZN7L4R0H1D00F,1W9DL31001461C,1ZMLH8300204F0,1Z6PH74DAP0QN7,DJI Pilot,Android,7.0.2,1EF72A62-B7C3-C88D-164E-CE6F8C8424AE,1ZN7L4R0H1D00F,1W9DL31001461C,,1ZMLH8300204F0,1W9DL31001461C,,,,,
2023-11-01,11:33:06.94 AM,8m 44.6s,524.6,33.7967057949865,-117.4759660681042,41.6,137.7,15.4,1305,4474.1,5.833225,7.569323,-5.816044,2.23694,0.447388,1.342164,0.223694,0.894776,-0.9,-1.1,1.4,174.3,174.3,174.3,Tripod,Other,,22,5,True,,True,False,,Smart,RC,False,True,False,,,True,,False,False,False,False,False,False,False,False,False,False,0,Follow Yaw,-77.9,0,166.2,166.2,False,False,False,False,False,,0,0,False,False,No Card,100,100,1024,1350,859,1024,2,False,False,False,False,False,0,False,False,False,False,72,,46.644,,7230,,10044,,46.644,,True,3.885,3.885,3.885,3.885,3.885,3.885,3.885,3.885,3.885,3.885,3.885,3.885,0,,False,False,True,,,,,,,,,,,,,,,False,False,19.26,,102.0,,75.7,,102.0,,1358,112,4,22,7,144960.6,19328.08,,Idle,,20,,10,,,20,Go Home,False,False,False,False,False,False,False,False,False,False,False,False,33.8027920380556,-117.4659261431046,3767.4,3767.4,1049.4,396.9,True,1,1,False,False,False,False,,True,False,False,Course Lock,196.8,67,16.4,93,N,S,3.35,11.4,Calm,False,False,Android,7.0.2,M300 RTK,1ZN7L4R0H1D00F,1W9DL31001461C,1ZMLH8300204F0,1Z6PH74DAP0QN7,"Corona, CA",728.3,5.7,137.7,8.547347,2.013246,0,0,DJI Matrice 300 RTK,M300 RTK,1ZN7L4R0H1D00F,1W9DL31001461C,1ZMLH8300204F0,1Z6PH74DAP0QN7,DJI Pilot,Android,7.0.2,1EF72A62-B7C3-C88D-164E-CE6F8C8424AE,1ZN7L4R0H1D00F,1W9DL31001461C,,1ZMLH8300204F0,1W9DL31001461C,,,,,
2023-11-01,11:33:07.04 AM,8m 44.7s,524.7,33.796703601816,-117.4759658168297,41.3,137.7,15.4,1305,4474.9,5.833225,7.569323,-5.816044,2.23694,0.447388,1.342164,0.223694,0.894776,-0.9,-1,1.3,174.4,174.4,174.5,Tripod,Other,,22,5,True,,True,False,,Smart,RC,False,True,False,,,True,,False,False,False,False,False,False,False,False,False,False,0,Follow Yaw,-77.9,0,166.2,166.2,False,False,False,False,False,,0,0,False,False,No Card,100,100,1024,1350,852,1024,2,False,False,False,False,False,0,False,False,False,False,72,,46.572,,3589,,4986,,46.572,,True,3.885,3.885,3.885,3.885,3.885,3.885,3.885,3.885,3.885,3.885,3.885,3.885,0,,False,False,True,,,,,,,,,,,,,,,False,False,9.598,,101.8,,75.7,,102.0,,1358,112,4,22,7,144960.6,19328.08,,Idle,,20,,10,,,20,Go Home,False,False,False,False,False,False,False,False,False,False,False,False,33.8027920380556,-117.4659261431046,3767.8,3767.8,1049.4,396.9,True,1,1,False,False,False,False,,True,False,False,Course Lock,196.8,67,16.4,93,N,S,3.35,11.4,Calm,False,False,Android,7.0.2,M300 RTK,1ZN7L4R0H1D00F,1W9DL31001461C,1ZMLH8300204F0,1Z6PH74DAP0QN7,"Corona, CA",728.3,5.7,137.7,8.547347,2.013246,0,0,DJI Matrice 300 RTK,M300 RTK,1ZN7L4R0H1D00F,1W9DL31001461C,1ZMLH8300204F0,1Z6PH74DAP0QN7,DJI Pilot,Android,7.0.2,1EF72A62-B7C3-C88D-164E-CE6F8C8424AE,1ZN7L4R0H1D00F,1W9DL31001461C,,1ZMLH8300204F0,1W9DL31001461C,,,,,
2023-11-01,11:33:07.14 AM,8m 44.8s,524.8,33.79670118057,-117.4759655229202,41.3,137.7,15.4,1305,4475.8,5.833225,7.569323,-5.816044,2.23694,0.447388,1.342164,0.223694,0.894776,-0.8,-0.9,1.2,174.3,174.3,174.2,Tripod,Other,,22,5,True,,True,False,,Smart,RC,False,True,False,,,True,,False,False,False,False,False,False,False,False,False,False,0,Follow Yaw,-77.9,0,166.2,166.2,False,False,False,False,False,,0,0,False,False,No Card,100,100,1024,1348,864,1024,2,False,False,False,False,False,0,False,False,False,False,72,,46.572,,3589,,4986,,46.572,,True,3.885,3.885,3.885,3.885,3.885,3.885,3.885,3.885,3.885,3.885,3.885,3.885,0,,False,False,True,,,,,,,,,,,,,,,False,False,9.598,,101.8,,75.7,,102.0,,1358,112,4,22,7,144960.6,19328.08,,Idle,,20,,10,,,20,Go Home,False,False,False,False,False,False,False,False,False,False,False,False,33.8027920380556,-117.4659261431046,3768.3,3768.3,1049.4,396.9,True,1,1,False,False,False,False,,True,False,False,Course Lock,196.8,67,16.4,93,N,S,3.35,11.4,Calm,False,False,Android,7.0.2,M300 RTK,1ZN7L4R0H1D00F,1W9DL31001461C,1ZMLH8300204F0,1Z6PH74DAP0QN7,"Corona, CA",728.3,5.7,137.7,8.547347,2.013246,0,0,DJI Matrice 300 RTK,M300 RTK,1ZN7L4R0H1D00F,1W9DL31001461C,1ZMLH8300204F0,1Z6PH74DAP0QN7,DJI Pilot,Android,7.0.2,1EF72A62-B7C3-C88D-164E-CE6F8C8424AE,1ZN7L4R0H1D00F,1W9DL31001461C,,1ZMLH8300204F0,1W9DL31001461C,,,,,
2023-11-01,11:33:07.21 AM,8m 44.9s,524.9,33.7966989318883,-117.4759653094978,41.3,137.7,15.4,1305,4476.6,5.833225,7.569323,-5.816044,2.23694,0.447388,1.342164,0.223694,0.894776,-0.6,-0.8,1,174.4,174.4,175.4,Tripod,Other,,22,5,True,,True,False,,Smart,RC,False,True,False,,,True,,False,False,False,False,False,False,False,False,False,False,0,Follow Yaw,-77.9,0,166.2,166.2,False,False,False,False,False,,0,0,False,False,No Card,100,100,1024,1348,864,1024,2,False,False,False,False,False,0,False,False,False,False,72,,46.572,,3589,,4986,,46.572,,True,3.885,3.885,3.885,3.885,3.885,3.885,3.885,3.885,3.885,3.885,3.885,3.885,0,,False,False,True,,,,,,,,,,,,,,,False,False,9.598,,101.8,,75.7,,102.0,,1358,112,4,22,7,144960.6,19328.08,,Idle,,20,,10,,,20,Go Home,False,False,False,False,False,False,False,False,False,False,False,False,33.8027920380556,-117.4659261431046,3768.7,3768.7,1049.4,396.9,True,1,1,False,False,False,False,,True,False,False,Course Lock,196.8,67,16.4,93,N,S,3.35,11.4,Calm,False,False,Android,7.0.2,M300 RTK,1ZN7L4R0H1D00F,1W9DL31001461C,1ZMLH8300204F0,1Z6PH74DAP0QN7,"Corona, CA",728.3,5.7,137.7,8.547347,2.013246,0,0,DJI Matrice 300 RTK,M300 RTK,1ZN7L4R0H1D00F,1W9DL31001461C,1ZMLH8300204F0,1Z6PH74DAP0QN7,DJI Pilot,Android,7.0.2,1EF72A62-B7C3-C88D-164E-CE6F8C8424AE,1ZN7L4R0H1D00F,1W9DL31001461C,,1ZMLH8300204F0,1W9DL31001461C,,,,,
2023-11-01,11:33:07.34 AM,8m 45.0s,525.0,33.7966965236635,-117.4759650192168,41.3,137.7,15.4,1305,4477.5,5.833225,7.569323,-5.816044,2.23694,0.447388,1.342164,0.223694,0.894776,-0.5,-0.8,0.9,174.3,174.3,174.2,Tripod,Other,,22,5,True,,True,False,,Smart,RC,False,True,False,,,True,,False,False,False,False,False,False,False,False,False,False,0,Follow Yaw,-77.9,0,166.2,166.2,False,False,False,False,False,,0,0,False,False,No Card,100,100,1024,1350,872,1024,2,False,False,False,False,False,0,False,False,False,False,72,,46.62,,7230,,10044,,46.62,,True,3.885,3.885,3.885,3.885,3.885,3.885,3.885,3.885,3.885,3.885,3.885,3.885,0,,False,False,True,,,,,,,,,,,,,,,False,False,19.28,,102.0,,75.7,,102.0,,1358,112,4,22,7,144960.6,19328.08,,Idle,,20,,10,,,20,Go Home,False,False,False,False,False,False,False,False,False,False,False,False,33.8027920380556,-117.4659261431046,3769.1,3769.1,1049.4,396.9,True,1,1,False,False,False,False,,True,False,False,Course Lock,196.8,67,16.4,93,N,S,3.35,11.4,Calm,False,False,Android,7.0.2,M300 RTK,1ZN7L4R0H1D00F,1W9DL31001461C,1ZMLH8300204F0,1Z6PH74DAP0QN7,"Corona, CA",728.3,5.7,137.7,8.547347,2.013246,0,0,DJI Matrice 300 RTK,M300 RTK,1ZN7L4R0H1D00F,1W9DL31001461C,1ZMLH8300204F0,1Z6PH74DAP0QN7,DJI Pilot,Android,7.0.2,1EF72A62-B7C3-C88D-164E-CE6F8C8424AE,1ZN7L4R0H1D00F,1W9DL31001461C,,1ZMLH8300204F0,1W9DL31001461C,,,,,
2023-11-01,11:33:07.42 AM,8m 45.1s,525.1,33.7966939682312,-117.47596482839,41.3,137.7,15.4,1305,4478.5,5.833225,7.569323,-5.816044,2.23694,0.447388,1.342164,0.223694,0.894776,-0.6,-0.9,1,174.3,174.3,176.4,Tripod,Other,,22,5,True,,True,False,,Smart,RC,False,True,False,,,True,,False,False,False,False,False,False,False,False,False,False,0,Follow Yaw,-77.9,0,166.2,166.2,False,False,False,False,False,,0,0,False,False,No Card,100,100,1024,1349,872,1024,2,False,False,False,False,False,0,False,False,False,False,72,,46.62,,7230,,10044,,46.62,,True,3.885,3.885,3.885,3.885,3.885,3.885,3.885,3.885,3.885,3.885,3.885,3.885,0,,False,False,True,,,,,,,,,,,,,,,False,False,19.28,,102.0,,75.7,,102.0,,1358,112,4,22,7,144960.6,19328.08,,Idle,,20,,10,,,20,Go Home,False,False,False,False,False,False,False,False,False,False,False,False,33.8027920380556,-117.4659261431046,3769.6,3769.6,1049.4,396.9,True,1,1,False,False,False,False,,True,False,False,Course Lock,196.8,67,16.4,93,N,S,3.35,11.4,Calm,False,False,Android,7.0.2,M300 RTK,1ZN7L4R0H1D00F,1W9DL31001461C,1ZMLH8300204F0,1Z6PH74DAP0QN7,"Corona, CA",728.3,5.7,137.7,8.547347,2.013246,0,0,DJI Matrice 300 RTK,M300 RTK,1ZN7L4R0H1D00F,1W9DL31001461C,1ZMLH8300204F0,1Z6PH74DAP0QN7,DJI Pilot,Android,7.0.2,1EF72A62-B7C3-C88D-164E-CE6F8C8424AE,1ZN7L4R0H1D00F,1W9DL31001461C,,1ZMLH8300204F0,1W9DL31001461C,,,,,
2023-11-01,11:33:07.54 AM,8m 45.2s,525.2,33.796691552879,-117.4759645445415,41.3,137.7,15.4,1305,4479.4,5.833225,7.569323,-5.816044,2.23694,0.447388,1.342164,0.223694,0.894776,-0.7,-0.8,1,174.2,174.2,174.4,Tripod,Other,,22,5,True,,True,False,,Smart,RC,False,True,False,,,True,,False,False,False,False,False,False,False,False,False,False,0,Follow Yaw,-77.9,0,166.2,166.2,False,False,False,False,False,,0,0,False,False,No Card,100,100,1024,1349,872,1024,2,False,False,False,False,False,0,False,False,False,False,72,,46.62,,7230,,10044,,46.62,,True,3.885,3.885,3.885,3.885,3.885,3.885,3.885,3.885,3.885,3.885,3.885,3.885,0,,False,False,True,,,,,,,,,,,,,,,False,False,19.28,,102.0,,75.7,,102.0,,1358,112,4,22,7,144960.6,19328.08,,Idle,,20,,10,,,20,Go Home,False,False,False,False,False,False,False,False,False,False,False,False,33.8027920380556,-117.4659261431046,3770.1,3770.1,1049.4,396.9,True,1,1,False,False,False,False,,True,False,False,Course Lock,196.8,67,16.4,93,N,S,3.35,11.4,Calm,False,False,Android,7.0.2,M300 RTK,1ZN7L4R0H1D00F,1W9DL31001461C,1ZMLH8300204F0,1Z6PH74DAP0QN7,"Corona, CA",728.3,5.7,137.7,8.547347,2.013246,0,0,DJI Matrice 300 RTK,M300 RTK,1ZN7L4R0H1D00F,1W9DL31001461C,1ZMLH8300204F0,1Z6PH74DAP0QN7,DJI Pilot,Android,7.0.2,1EF72A62-B7C3-C88D-164E-CE6F8C8424AE,1ZN7L4R0H1D00F,1W9DL31001461C,,1ZMLH8300204F0,1W9DL31001461C,,,,,
2023-11-01,11:33:07.63 AM,8m 45.3s,525.3,33.7966892000283,-117.4759643548692,41.3,137.7,15.4,1305,4480.2,5.833225,7.569323,-5.816044,2.23694,0.447388,1.342164,0.223694,0.894776,-0.7,-0.8,1,174.2,174.2,176.1,Tripod,Other,,22,5,True,,True,False,,Smart,RC,False,True,False,,,True,,False,False,False,False,False,False,False,False,False,False,0,Follow Yaw,-77.9,0,166.2,166.2,False,False,False,False,False,,0,0,False,False,No Card,100,100,1024,1348,871,1024,2,False,False,False,False,False,0,False,False,False,False,72,,46.62,,7230,,10044,,46.62,,True,3.884,3.884,3.884,3.884,3.884,3.884,3.884,3.884,3.884,3.884,3.884,3.884,0,,False,False,True,,,,,,,,,,,,,,,False,False,19.28,,102.0,,75.7,,102.0,,1357,112,4,22,7,144837.2,19311.62,,Idle,,20,,10,,,20,Go Home,False,False,False,False,False,False,False,False,False,False,False,False,33.8027920380556,-117.4659261431046,3770.6,3770.6,1049.4,396.9,True,1,1,False,False,False,False,,True,False,False,Course Lock,196.8,67,16.4,93,N,S,3.35,11.4,Calm,False,False,Android,7.0.2,M300 RTK,1ZN7L4R0H1D00F,1W9DL31001461C,1ZMLH8300204F0,1Z6PH74DAP0QN7,"Corona, CA",728.3,5.7,137.7,8.547347,2.013246,0,0,DJI Matrice 300 RTK,M300 RTK,1ZN7L4R0H1D00F,1W9DL31001461C,1ZMLH8300204F0,1Z6PH74DAP0QN7,DJI Pilot,Android,7.0.2,1EF72A62-B7C3-C88D-164E-CE6F8C8424AE,1ZN7L4R0H1D00F,1W9DL31001461C,,1ZMLH8300204F0,1W9DL31001461C,,,,,
2023-11-01,11:33:07.73 AM,8m 45.4s,525.4,33.7966867912552,-117.4759640736596,41.3,137.7,15.4,1305,4481.1,5.833225,7.569323,-5.816044,2.23694,0.447388,1.342164,0.223694,0.894776,-0.8,-0.7,1,174.2,174.2,174.4,Tripod,Other,,22,5,True,,True,False,,Smart,RC,False,True,False,,,True,,False,False,False,False,False,False,False,False,False,False,0,Follow Yaw,-77.9,0,166.2,166.2,False,False,False,False,False,,0,0,False,False,No Card,100,100,1024,1348,870,1024,2,False,False,False,False,False,0,False,False,False,False,72,,46.62,,7230,,10044,,46.62,,True,3.884,3.884,3.884,3.884,3.884,3.884,3.884,3.884,3.884,3.884,3.884,3.884,0,,False,False,True,,,,,,,,,,,,,,,False,False,19.28,,102.0,,75.7,,102.0,,1357,112,4,22,7,144837.2,19311.62,,Idle,,20,,10,,,20,Go Home,False,False,False,False,False,False,False,False,False,False,False,False,33.8027920380556,-117.4659261431046,3771.0,3771.0,1049.4,396.9,True,1,1,False,False,False,False,,True,False,False,Course Lock,196.8,67,16.4,93,N,S,3.35,11.4,Calm,False,False,Android,7.0.2,M300 RTK,1ZN7L4R0H1D00F,1W9DL31001461C,1ZMLH8300204F0,1Z6PH74DAP0QN7,"Corona, CA",728.3,5.7,137.7,8.547347,2.013246,0,0,DJI Matrice 300 RTK,M300 RTK,1ZN7L4R0H1D00F,1W9DL31001461C,1ZMLH8300204F0,1Z6PH74DAP0QN7,DJI Pilot,Android,7.0.2,1EF72A62-B7C3-C88D-164E-CE6F8C8424AE,1ZN7L4R0H1D00F,1W9DL31001461C,,1ZMLH8300204F0,1W9DL31001461C,,,,,
2023-11-01,11:33:07.83 AM,8m 45.5s,525.5,33.7966842796836,-117.4759637026442,41.3,137.7,15.4,1305,4482.0,5.833225,7.569323,-5.816044,2.23694,0.447388,1.342164,0.223694,0.894776,-0.9,-0.7,1.1,174.2,174.2,173.0,Tripod,Other,,22,5,True,,True,False,,Smart,RC,False,True,False,,,True,,False,False,False,False,False,False,False,False,False,False,0,Follow Yaw,-77.9,0,166.2,166.2,False,False,False,False,False,,0,0,False,False,No Card,100,100,1024,1346,871,1024,2,False,False,False,False,False,0,False,False,False,False,72,,46.62,,7230,,10044,,46.62,,True,3.884,3.884,3.884,3.884,3.884,3.884,3.884,3.884,3.884,3.884,3.884,3.884,0,,False,False,True,,,,,,,,,,,,,,,False,False,19.28,,102.0,,75.7,,102.0,,1357,112,4,22,7,144837.2,19311.62,,Idle,,20,,10,,,20,Go Home,False,False,False,False,False,False,False,False,False,False,False,False,33.8027920380556,-117.4659261431046,3771.5,3771.5,1049.4,396.9,True,1,1,False,False,False,False,,True,False,False,Course Lock,196.8,67,16.4,93,N,S,3.35,11.4,Calm,False,False,Android,7.0.2,M300 RTK,1ZN7L4R0H1D00F,1W9DL31001461C,1ZMLH8300204F0,1Z6PH74DAP0QN7,"Corona, CA",728.3,5.7,137.7,8.547347,2.013246,0,0,DJI Matrice 300 RTK,M300 RTK,1ZN7L4R0H1D00F,1W9DL31001461C,1ZMLH8300204F0,1Z6PH74DAP0QN7,DJI Pilot,Android,7.0.2,1EF72A62-B7C3-C88D-164E-CE6F8C8424AE,1ZN7L4R0H1D00F,1W9DL31001461C,,1ZMLH8300204F0,1W9DL31001461C,,,,,
2023-11-01,11:33:07.93 AM,8m 45.6s,525.6,33.7966818588488,-117.4759634123632,41.3,137.7,15.4,1305,4482.9,5.833225,7.569323,-5.816044,2.23694,0.447388,1.342164,0,0.894776,-0.9,-0.7,1.1,174.2,174.2,174.3,Tripod,Other,,22,5,True,,True,False,,Smart,RC,False,True,False,,,True,,False,False,False,False,False,False,False,False,False,False,0,Follow Yaw,-77.9,0,166.2,166.2,False,False,False,False,False,,0,0,False,False,No Card,100,100,1024,1346,871,1024,2,False,False,False,False,False,0,False,False,False,False,72,,46.62,,7230,,10044,,46.62,,True,3.884,3.884,3.884,3.884,3.884,3.884,3.884,3.884,3.884,3.884,3.884,3.884,0,,False,False,True,,,,,,,,,,,,,,,False,False,19.28,,102.0,,75.7,,102.0,,1357,112,4,22,7,144837.2,19311.62,,Idle,,20,,10,,,20,Go Home,False,False,False,False,False,False,False,False,False,False,False,False,33.8027920380556,-117.4659261431046,3771.9,3771.9,1049.4,396.9,True,1,1,False,False,False,False,,True,False,False,Course Lock,196.8,67,16.4,93,N,S,3.35,11.4,Calm,False,False,Android,7.0.2,M300 RTK,1ZN7L4R0H1D00F,1W9DL31001461C,1ZMLH8300204F0,1Z6PH74DAP0QN7,"Corona, CA",728.3,5.7,137.7,8.547347,2.013246,0,0,DJI Matrice 300 RTK,M300 RTK,1ZN7L4R0H1D00F,1W9DL31001461C,1ZMLH8300204F0,1Z6PH74DAP0QN7,DJI Pilot,Android,7.0.2,1EF72A62-B7C3-C88D-164E-CE6F8C8424AE,1ZN7L4R0H1D00F,1W9DL31001461C,,1ZMLH8300204F0,1W9DL31001461C,,,,,
2023-11-01,11:33:08.03 AM,8m 45.7s,525.7,33.7966796545761,-117.4759630659228,41.0,137.7,15.4,1305,4483.7,5.833225,7.569323,-5.816044,2.23694,0.447388,1.342164,0,0.894776,-0.9,-0.8,1.2,174.2,174.2,172.5,Tripod,Other,,22,5,True,,True,False,,Smart,RC,False,True,False,,,True,,False,False,False,False,False,False,False,False,False,False,0,Follow Yaw,-77.9,0,166.2,166.2,False,False,False,False,False,,0,0,False,False,No Card,100,100,1024,1345,870,1024,2,False,False,False,False,False,0,False,False,False,False,72,,46.62,,7230,,10044,,46.62,,True,3.884,3.884,3.884,3.884,3.884,3.884,3.884,3.884,3.884,3.884,3.884,3.884,0,,False,False,True,,,,,,,,,,,,,,,False,False,19.28,,102.0,,75.7,,102.0,,1357,112,4,22,7,144837.2,19311.62,,Idle,,20,,10,,,20,Go Home,False,False,False,False,False,False,False,False,False,False,False,False,33.8027920380556,-117.4659261431046,3772.3,3772.3,1049.4,396.9,True,1,1,False,False,False,False,,True,False,False,Course Lock,196.8,67,16.4,93,N,S,3.35,11.4,Calm,False,False,Android,7.0.2,M300 RTK,1ZN7L4R0H1D00F,1W9DL31001461C,1ZMLH8300204F0,1Z6PH74DAP0QN7,"Corona, CA",728.3,5.7,137.7,8.547347,2.013246,0,0,DJI Matrice 300 RTK,M300 RTK,1ZN7L4R0H1D00F,1W9DL31001461C,1ZMLH8300204F0,1Z6PH74DAP0QN7,DJI Pilot,Android,7.0.2,1EF72A62-B7C3-C88D-164E-CE6F8C8424AE,1ZN7L4R0H1D00F,1W9DL31001461C,,1ZMLH8300204F0,1W9DL31001461C,,,,,
2023-11-01,11:33:08.14 AM,8m 45.8s,525.8,33.796677250189,-117.475962764344,41.0,137.7,15.4,1305,4484.6,5.833225,7.569323,-5.816044,2.23694,0.447388,1.342164,0.223694,0.894776,-0.9,-0.9,1.2,174.2,174.2,174.0,Tripod,Other,,22,5,True,,True,False,,Smart,RC,False,True,False,,,True,,False,False,False,False,False,False,False,False,False,False,0,Follow Yaw,-77.9,0,166.2,166.2,False,False,False,False,False,,0,0,False,False,No Card,100,100,1024,1351,871,1024,2,False,False,False,False,False,0,False,False,False,False,72,,46.62,,7230,,10044,,46.62,,True,3.884,3.884,3.884,3.884,3.884,3.884,3.884,3.884,3.884,3.884,3.884,3.884,0,,False,False,True,,,,,,,,,,,,,,,False,False,19.28,,102.0,,75.7,,102.0,,1357,112,4,22,7,144837.2,19311.62,,Idle,,20,,10,,,20,Go Home,False,False,False,False,False,False,False,False,False,False,False,False,33.8027920380556,-117.4659261431046,3772.7,3772.7,1049.4,396.9,True,1,1,False,False,False,False,,True,False,False,Course Lock,196.8,67,16.4,93,N,S,3.35,11.4,Calm,False,False,Android,7.0.2,M300 RTK,1ZN7L4R0H1D00F,1W9DL31001461C,1ZMLH8300204F0,1Z6PH74DAP0QN7,"Corona, CA",728.3,5.7,137.7,8.547347,2.013246,0,0,DJI Matrice 300 RTK,M300 RTK,1ZN7L4R0H1D00F,1W9DL31001461C,1ZMLH8300204F0,1Z6PH74DAP0QN7,DJI Pilot,Android,7.0.2,1EF72A62-B7C3-C88D-164E-CE6F8C8424AE,1ZN7L4R0H1D00F,1W9DL31001461C,,1ZMLH8300204F0,1W9DL31001461C,,,,,
2023-11-01,11:33:08.24 AM,8m 45.9s,525.9,33.796674654871,-117.4759625672498,41.0,137.7,15.4,1305,4485.5,5.833225,7.569323,-5.816044,2.23694,0.447388,1.342164,0.223694,0.894776,-0.7,-0.9,1.1,174.2,174.2,176.3,Tripod,Other,,22,5,True,,True,False,,Smart,RC,False,True,False,,,True,,False,False,False,False,False,False,False,False,False,False,0,Follow Yaw,-77.9,0,166.2,166.2,False,False,False,False,False,,0,0,False,False,No Card,100,100,1024,1351,871,1024,2,False,False,False,False,False,0,False,False,False,False,72,,46.62,,7230,,10044,,46.62,,True,3.884,3.884,3.884,3.884,3.884,3.884,3.884,3.884,3.884,3.884,3.884,3.884,0,,False,False,True,,,,,,,,,,,,,,,False,False,19.28,,102.0,,75.7,,102.0,,1357,112,4,22,7,144837.2,19311.62,,Idle,,20,,10,,,20,Go Home,False,False,False,False,False,False,False,False,False,False,False,False,33.8027920380556,-117.4659261431046,3773.3,3773.3,1049.4,396.9,True,1,1,False,False,False,False,,True,False,False,Course Lock,196.8,67,16.4,93,N,S,3.35,11.4,Calm,False,False,Android,7.0.2,M300 RTK,1ZN7L4R0H1D00F,1W9DL31001461C,1ZMLH8300204F0,1Z6PH74DAP0QN7,"Corona, CA",728.3,5.7,137.7,8.547347,2.013246,0,0,DJI Matrice 300 RTK,M300 RTK,1ZN7L4R0H1D00F,1W9DL31001461C,1ZMLH8300204F0,1Z6PH74DAP0QN7,DJI Pilot,Android,7.0.2,1EF72A62-B7C3-C88D-164E-CE6F8C8424AE,1ZN7L4R0H1D00F,1W9DL31001461C,,1ZMLH8300204F0,1W9DL31001461C,,,,,
2023-11-01,11:33:08.35 AM,8m 46.0s,526.0,33.7966722345845,-117.4759622553627,41.0,137.7,15.4,1305,4486.4,5.833225,7.569323,-5.816044,2.23694,0.447388,1.342164,0.223694,0.894776,-0.7,-0.9,1.1,174.2,174.2,173.8,Tripod,Other,,22,5,True,,True,False,,Smart,RC,False,True,False,,,True,,False,False,False,False,False,False,False,False,False,False,0,Follow Yaw,-77.9,0,166.2,166.2,False,False,False,False,False,,0,0,False,False,No Card,100,100,1024,1354,874,1024,2,False,False,False,False,False,0,False,False,False,False,72,,46.608,,7230,,10044,,46.608,,True,3.884,3.884,3.884,3.884,3.884,3.884,3.884,3.884,3.884,3.884,3.884,3.884,0,,False,False,True,,,,,,,,,,,,,,,False,False,19.236,,102.0,,75.7,,102.0,,1357,112,4,22,7,144837.2,19311.62,,Idle,,20,,10,,,20,Go Home,False,False,False,False,False,False,False,False,False,False,False,False,33.8027920380556,-117.4659261431046,3773.7,3773.7,1049.4,396.9,True,1,1,False,False,False,False,,True,False,False,Course Lock,196.8,67,16.4,93,N,S,3.35,11.4,Calm,False,False,Android,7.0.2,M300 RTK,1ZN7L4R0H1D00F,1W9DL31001461C,1ZMLH8300204F0,1Z6PH74DAP0QN7,"Corona, CA",728.3,5.7,137.7,8.547347,2.013246,0,0,DJI Matrice 300 RTK,M300 RTK,1ZN7L4R0H1D00F,1W9DL31001461C,1ZMLH8300204F0,1Z6PH74DAP0QN7,DJI Pilot,Android,7.0.2,1EF72A62-B7C3-C88D-164E-CE6F8C8424AE,1ZN7L4R0H1D00F,1W9DL31001461C,,1ZMLH8300204F0,1W9DL31001461C,,,,,
2023-11-01,11:33:08.45 AM,8m 46.1s,526.1,33.7966700685528,-117.4759619123033,41.0,137.7,15.4,1305,4487.2,5.833225,7.569323,-5.816044,2.23694,0.447388,1.342164,0.223694,0.894776,-0.7,-0.7,0.9,174.2,174.2,172.5,Tripod,Other,,22,5,True,,True,False,,Smart,RC,False,True,False,,,True,,False,False,False,False,False,False,False,False,False,False,0,Follow Yaw,-77.9,0,166.2,166.2,False,False,False,False,False,,0,0,False,False,No Card,100,100,1024,1354,874,1024,2,False,False,False,False,False,0,False,False,False,False,72,,46.608,,7230,,10044,,46.608,,True,3.884,3.884,3.884,3.884,3.884,3.884,3.884,3.884,3.884,3.884,3.884,3.884,0,,False,False,True,,,,,,,,,,,,,,,False,False,19.236,,102.0,,75.7,,102.0,,1357,112,4,22,7,144837.2,19311.62,,Idle,,20,,10,,,20,Go Home,False,False,False,False,False,False,False,False,False,False,False,False,33.8027920380556,-117.4659261431046,3774.1,3774.1,1049.4,396.9,True,1,1,False,False,False,False,,True,False,False,Course Lock,196.8,67,16.4,93,N,S,3.35,11.4,Calm,False,False,Android,7.0.2,M300 RTK,1ZN7L4R0H1D00F,1W9DL31001461C,1ZMLH8300204F0,1Z6PH74DAP0QN7,"Corona, CA",728.3,5.7,137.7,8.547347,2.013246,0,0,DJI Matrice 300 RTK,M300 RTK,1ZN7L4R0H1D00F,1W9DL31001461C,1ZMLH8300204F0,1Z6PH74DAP0QN7,DJI Pilot,Android,7.0.2,1EF72A62-B7C3-C88D-164E-CE6F8C8424AE,1ZN7L4R0H1D00F,1W9DL31001461C,,1ZMLH8300204F0,1W9DL31001461C,,,,,
2023-11-01,11:33:08.55 AM,8m 46.2s,526.2,33.7966676751309,-117.4759615863145,41.0,137.7,15.4,1305,4488.1,5.833225,7.569323,-5.816044,2.23694,0.447388,1.342164,0.223694,0.894776,-0.7,-0.6,0.9,174.2,174.2,173.5,Tripod,Other,,22,5,True,,True,False,,Smart,RC,False,True,False,,,True,,False,False,False,False,False,False,False,False,False,False,0,Follow Yaw,-77.9,0,166.2,166.2,False,False,False,False,False,,0,0,False,False,No Card,100,100,1024,1349,877,1024,2,False,False,False,False,False,0,False,False,False,False,72,,46.608,,7230,,10044,,46.608,,True,3.884,3.884,3.884,3.884,3.884,3.884,3.884,3.884,3.884,3.884,3.884,3.884,0,,False,False,True,,,,,,,,,,,,,,,False,False,19.236,,102.0,,75.7,,102.0,,1357,112,4,22,7,144837.2,19311.62,,Idle,,20,,10,,,20,Go Home,False,False,False,False,False,False,False,False,False,False,False,False,33.8027920380556,-117.4659261431046,3774.5,3774.5,1049.4,396.9,True,1,1,False,False,False,False,,True,False,False,Course Lock,196.8,67,16.4,93,N,S,3.35,11.4,Calm,False,False,Android,7.0.2,M300 RTK,1ZN7L4R0H1D00F,1W9DL31001461C,1ZMLH8300204F0,1Z6PH74DAP0QN7,"Corona, CA",728.3,5.7,137.7,8.547347,2.013246,0,0,DJI Matrice 300 RTK,M300 RTK,1ZN7L4R0H1D00F,1W9DL31001461C,1ZMLH8300204F0,1Z6PH74DAP0QN7,DJI Pilot,Android,7.0.2,1EF72A62-B7C3-C88D-164E-CE6F8C8424AE,1ZN7L4R0H1D00F,1W9DL31001461C,,1ZMLH8300204F0,1W9DL31001461C,,,,,
2023-11-01,11:33:08.65 AM,8m 46.3s,526.3,33.7966651313492,-117.4759612531512,41.0,137.7,15.0,1305,4489.0,5.833225,7.569323,-5.816044,2.23694,0.447388,1.342164,0.223694,0.894776,-0.7,-0.4,0.8,174.3,174.3,173.7,Tripod,Other,,22,5,True,,True,False,,Smart,RC,False,True,False,,,True,,False,False,False,False,False,False,False,False,False,False,0,Follow Yaw,-77.9,0,166.2,166.2,False,False,False,False,False,,0,0,False,False,No Card,100,100,1024,1349,877,1024,2,False,False,False,False,False,0,False,False,False,False,72,,46.608,,7230,,10044,,46.608,,True,3.885,3.885,3.885,3.885,3.885,3.885,3.885,3.885,3.885,3.885,3.885,3.885,0,,False,False,True,,,,,,,,,,,,,,,False,False,19.236,,102.0,,75.7,,102.0,,1356,112,4,22,7,144729.3,19297.24,,Idle,,20,,10,,,20,Go Home,False,False,False,False,False,False,False,False,False,False,False,False,33.8027920380556,-117.4659261431046,3775.0,3775.0,1049.4,396.9,True,1,1,False,False,False,False,,True,False,False,Course Lock,196.8,67,16.4,93,N,S,3.35,11.4,Calm,False,False,Android,7.0.2,M300 RTK,1ZN7L4R0H1D00F,1W9DL31001461C,1ZMLH8300204F0,1Z6PH74DAP0QN7,"Corona, CA",728.3,5.7,137.7,8.547347,2.013246,0,0,DJI Matrice 300 RTK,M300 RTK,1ZN7L4R0H1D00F,1W9DL31001461C,1ZMLH8300204F0,1Z6PH74DAP0QN7,DJI Pilot,Android,7.0.2,1EF72A62-B7C3-C88D-164E-CE6F8C8424AE,1ZN7L4R0H1D00F,1W9DL31001461C,,1ZMLH8300204F0,1W9DL31001461C,,,,,
2023-11-01,11:33:08.76 AM,8m 46.4s,526.4,33.7966627299775,-117.4759609311207,41.0,137.7,15.4,1305,4489.9,5.833225,7.569323,-5.816044,2.23694,0.447388,1.342164,0.223694,0.894776,-0.6,-0.3,0.6,174.4,174.4,173.6,Tripod,Other,,22,5,True,,True,False,,Smart,RC,False,True,False,,,True,,False,False,False,False,False,False,False,False,False,False,0,Follow Yaw,-77.9,0,166.2,166.2,False,False,False,False,False,,0,0,False,False,No Card,100,100,1024,1348,877,1024,2,False,False,False,False,False,0,False,False,False,False,72,,46.608,,7230,,10044,,46.608,,True,3.885,3.885,3.885,3.885,3.885,3.885,3.885,3.885,3.885,3.885,3.885,3.885,0,,False,False,True,,,,,,,,,,,,,,,False,False,19.236,,102.0,,75.7,,102.0,,1356,112,4,22,7,144729.3,19297.24,,Idle,,20,,10,,,20,Go Home,False,False,False,False,False,False,False,False,False,False,False,False,33.8027920380556,-117.4659261431046,3775.4,3775.4,1049.4,396.9,True,1,1,False,False,False,False,,True,False,False,Course Lock,196.8,67,16.4,93,N,S,3.35,11.4,Calm,False,False,Android,7.0.2,M300 RTK,1ZN7L4R0H1D00F,1W9DL31001461C,1ZMLH8300204F0,1Z6PH74DAP0QN7,"Corona, CA",728.3,5.7,137.7,8.547347,2.013246,0,0,DJI Matrice 300 RTK,M300 RTK,1ZN7L4R0H1D00F,1W9DL31001461C,1ZMLH8300204F0,1Z6PH74DAP0QN7,DJI Pilot,Android,7.0.2,1EF72A62-B7C3-C88D-164E-CE6F8C8424AE,1ZN7L4R0H1D00F,1W9DL31001461C,,1ZMLH8300204F0,1W9DL31001461C,,,,,
2023-11-01,11:33:08.86 AM,8m 46.5s,526.5,33.7966601733117,-117.4759606437261,41.0,137.7,15.4,1305,4490.9,5.833225,7.569323,-5.816044,2.23694,0.447388,1.342164,0.223694,0.894776,-0.6,-0.3,0.6,174.4,174.4,174.6,Tripod,Other,,22,5,True,,True,False,,Smart,RC,False,True,False,,,True,,False,False,False,False,False,False,False,False,False,False,0,Follow Yaw,-77.9,0,166.2,166.2,False,False,False,False,False,,0,0,False,False,No Card,100,100,1024,1346,877,1024,2,False,False,False,False,False,0,False,False,False,False,72,,46.608,,7230,,10044,,46.608,,True,3.885,3.885,3.885,3.885,3.885,3.885,3.885,3.885,3.885,3.885,3.885,3.885,0,,False,False,True,,,,,,,,,,,,,,,False,False,19.236,,102.0,,75.7,,102.0,,1356,112,4,22,7,144729.3,19297.24,,Idle,,20,,10,,,20,Go Home,False,False,False,False,False,False,False,False,False,False,False,False,33.8027920380556,-117.4659261431046,3775.9,3775.9,1049.4,396.9,True,1,1,False,False,False,False,,True,False,False,Course Lock,196.8,67,16.4,93,N,S,3.35,11.4,Calm,False,False,Android,7.0.2,M300 RTK,1ZN7L4R0H1D00F,1W9DL31001461C,1ZMLH8300204F0,1Z6PH74DAP0QN7,"Corona, CA",728.3,5.7,137.7,8.547347,2.013246,0,0,DJI Matrice 300 RTK,M300 RTK,1ZN7L4R0H1D00F,1W9DL31001461C,1ZMLH8300204F0,1Z6PH74DAP0QN7,DJI Pilot,Android,7.0.2,1EF72A62-B7C3-C88D-164E-CE6F8C8424AE,1ZN7L4R0H1D00F,1W9DL31001461C,,1ZMLH8300204F0,1W9DL31001461C,,,,,
2023-11-01,11:33:08.96 AM,8m 46.6s,526.6,33.7966577657722,-117.4759603399206,41.0,137.7,15.4,1305,4491.7,5.833225,7.569323,-5.816044,2.23694,0.447388,1.342164,0.223694,0.894776,-0.7,-0.3,0.7,174.5,174.5,174.0,Tripod,Other,,21,5,True,,True,False,,Smart,RC,False,True,False,,,True,,False,False,False,False,False,False,False,False,False,False,0,Follow Yaw,-77.9,0,166.2,166.2,False,False,False,False,False,,0,0,False,False,No Card,100,100,1024,1346,876,1024,2,False,False,False,False,False,0,False,False,False,False,72,,46.608,,7230,,10044,,46.608,,True,3.885,3.885,3.885,3.885,3.885,3.885,3.885,3.885,3.885,3.885,3.885,3.885,0,,False,False,True,,,,,,,,,,,,,,,False,False,19.236,,102.0,,75.7,,102.0,,1356,112,4,22,7,144729.3,19297.24,,Idle,,20,,10,,,20,Go Home,False,False,False,False,False,False,False,False,False,False,False,False,33.8027920380556,-117.4659261431046,3776.4,3776.4,1049.4,396.9,True,1,1,False,False,False,False,,True,False,False,Course Lock,196.8,67,16.4,93,N,S,3.35,11.4,Calm,False,False,Android,7.0.2,M300 RTK,1ZN7L4R0H1D00F,1W9DL31001461C,1ZMLH8300204F0,1Z6PH74DAP0QN7,"Corona, CA",728.3,5.7,137.7,8.547347,2.013246,0,0,DJI Matrice 300 RTK,M300 RTK,1ZN7L4R0H1D00F,1W9DL31001461C,1ZMLH8300204F0,1Z6PH74DAP0QN7,DJI Pilot,Android,7.0.2,1EF72A62-B7C3-C88D-164E-CE6F8C8424AE,1ZN7L4R0H1D00F,1W9DL31001461C,,1ZMLH8300204F0,1W9DL31001461C,,,,,
2023-11-01,11:33:09.06 AM,8m 46.7s,526.7,33.79665540785,-117.4759599689053,40.6,137.7,15.4,1304,4492.6,5.833225,7.569323,-5.816044,2.23694,0.447388,1.342164,0.223694,0.894776,-0.9,-0.3,0.9,174.5,174.5,172.5,Tripod,Other,,21,5,True,,True,False,,Smart,RC,False,True,False,,,True,,False,False,False,False,False,False,False,False,False,False,0,Follow Yaw,-77.9,0,166.2,166.2,False,False,False,False,False,,0,0,False,False,No Card,100,100,1024,1347,876,1024,2,False,False,False,False,False,0,False,False,False,False,72,,46.608,,7230,,10044,,46.608,,True,3.885,3.885,3.885,3.885,3.885,3.885,3.885,3.885,3.885,3.885,3.885,3.885,0,,False,False,True,,,,,,,,,,,,,,,False,False,19.236,,102.0,,75.7,,102.0,,1356,112,4,22,7,144729.3,19297.24,,Idle,,20,,10,,,20,Go Home,False,False,False,False,False,False,False,False,False,False,False,False,33.8027920380556,-117.4659261431046,3776.8,3776.8,1049.4,396.9,True,1,1,False,False,False,False,,True,False,False,Course Lock,196.8,67,16.4,93,N,S,3.35,11.4,Calm,False,False,Android,7.0.2,M300 RTK,1ZN7L4R0H1D00F,1W9DL31001461C,1ZMLH8300204F0,1Z6PH74DAP0QN7,"Corona, CA",728.3,5.7,137.7,8.547347,2.013246,0,0,DJI Matrice 300 RTK,M300 RTK,1ZN7L4R0H1D00F,1W9DL31001461C,1ZMLH8300204F0,1Z6PH74DAP0QN7,DJI Pilot,Android,7.0.2,1EF72A62-B7C3-C88D-164E-CE6F8C8424AE,1ZN7L4R0H1D00F,1W9DL31001461C,,1ZMLH8300204F0,1W9DL31001461C,,,,,
2023-11-01,11:33:09.17 AM,8m 46.8s,526.8,33.7966530070267,-117.4759596753257,40.6,137.7,15.4,1304,4493.5,5.833225,7.569323,-5.816044,2.23694,0.447388,1.342164,0.223694,0.894776,-1,-0.5,1.1,174.4,174.4,174.1,Tripod,Other,,22,5,True,,True,False,,Smart,RC,False,True,False,,,True,,False,False,False,False,False,False,False,False,False,False,0,Follow Yaw,-77.9,0,166.2,166.2,False,False,False,False,False,,0,0,False,False,No Card,100,100,1024,1346,875,1024,2,False,False,False,False,False,0,False,False,False,False,72,,46.608,,7230,,10044,,46.608,,True,3.885,3.885,3.885,3.885,3.885,3.885,3.885,3.885,3.885,3.885,3.885,3.885,0,,False,False,True,,,,,,,,,,,,,,,False,False,19.236,,102.0,,75.7,,102.0,,1356,112,4,22,7,144729.3,19297.24,,Idle,,20,,10,,,20,Go Home,False,False,False,False,False,False,False,False,False,False,False,False,33.8027920380556,-117.4659261431046,3777.2,3777.2,1049.4,396.9,True,1,1,False,False,False,False,,True,False,False,Course Lock,196.8,67,16.4,93,N,S,3.35,11.4,Calm,False,False,Android,7.0.2,M300 RTK,1ZN7L4R0H1D00F,1W9DL31001461C,1ZMLH8300204F0,1Z6PH74DAP0QN7,"Corona, CA",728.3,5.7,137.7,8.547347,2.013246,0,0,DJI Matrice 300 RTK,M300 RTK,1ZN7L4R0H1D00F,1W9DL31001461C,1ZMLH8300204F0,1Z6PH74DAP0QN7,DJI Pilot,Android,7.0.2,1EF72A62-B7C3-C88D-164E-CE6F8C8424AE,1ZN7L4R0H1D00F,1W9DL31001461C,,1ZMLH8300204F0,1W9DL31001461C,,,,,
2023-11-01,11:33:09.27 AM,8m 46.9s,526.9,33.7966504624226,-117.4759594769121,40.6,137.7,15.4,1304,4494.4,5.833225,7.569323,-5.816044,2.23694,0.447388,1.342164,0.223694,0.894776,-1,-0.7,1.2,174.4,174.4,176.2,Tripod,Other,,22,5,True,,True,False,,Smart,RC,False,True,False,,,True,,False,False,False,False,False,False,False,False,False,False,0,Follow Yaw,-77.9,0,166.2,166.2,False,False,False,False,False,,0,0,False,False,No Card,100,100,1024,1345,875,1024,2,False,False,False,False,False,0,False,False,False,False,72,,46.608,,7230,,10044,,46.608,,True,3.885,3.885,3.885,3.885,3.885,3.885,3.885,3.885,3.885,3.885,3.885,3.885,0,,False,False,True,,,,,,,,,,,,,,,False,False,19.236,,102.0,,75.7,,102.0,,1356,112,4,22,7,144729.3,19297.24,,Idle,,20,,10,,,20,Go Home,False,False,False,False,False,False,False,False,False,False,False,False,33.8027920380556,-117.4659261431046,3777.7,3777.7,1049.4,396.9,True,1,1,False,False,False,False,,True,False,False,Course Lock,196.8,67,16.4,93,N,S,3.35,11.4,Calm,False,False,Android,7.0.2,M300 RTK,1ZN7L4R0H1D00F,1W9DL31001461C,1ZMLH8300204F0,1Z6PH74DAP0QN7,"Corona, CA",728.3,5.7,137.7,8.547347,2.013246,0,0,DJI Matrice 300 RTK,M300 RTK,1ZN7L4R0H1D00F,1W9DL31001461C,1ZMLH8300204F0,1Z6PH74DAP0QN7,DJI Pilot,Android,7.0.2,1EF72A62-B7C3-C88D-164E-CE6F8C8424AE,1ZN7L4R0H1D00F,1W9DL31001461C,,1ZMLH8300204F0,1W9DL31001461C,,,,,
2023-11-01,11:33:09.37 AM,8m 47.0s,527.0,33.7966480456997,-117.4759592007328,40.6,137.7,15.4,1304,4495.3,5.833225,7.569323,-5.816044,2.23694,0.447388,1.342164,0.223694,0.894776,-1.1,-0.8,1.3,174.4,174.4,174.5,Tripod,Other,,22,5,True,,True,False,,Smart,RC,False,True,False,,,True,,False,False,False,False,False,False,False,False,False,False,0,Follow Yaw,-77.9,0,166.2,166.2,False,False,False,False,False,,0,0,False,False,No Card,100,100,1024,1342,875,1024,2,False,False,False,False,False,0,False,False,False,False,72,,46.608,,7230,,10044,,46.608,,True,3.885,3.885,3.885,3.885,3.885,3.885,3.885,3.885,3.885,3.885,3.885,3.885,0,,False,False,True,,,,,,,,,,,,,,,False,False,19.154,,102.0,,75.7,,102.0,,1356,112,4,22,7,144729.3,19297.24,,Idle,,20,,10,,,20,Go Home,False,False,False,False,False,False,False,False,False,False,False,False,33.8027920380556,-117.4659261431046,3778.2,3778.2,1049.4,396.9,True,1,1,False,False,False,False,,True,False,False,Course Lock,196.8,67,16.4,93,N,S,3.35,11.4,Calm,False,False,Android,7.0.2,M300 RTK,1ZN7L4R0H1D00F,1W9DL31001461C,1ZMLH8300204F0,1Z6PH74DAP0QN7,"Corona, CA",728.3,5.7,137.7,8.547347,2.013246,0,0,DJI Matrice 300 RTK,M300 RTK,1ZN7L4R0H1D00F,1W9DL31001461C,1ZMLH8300204F0,1Z6PH74DAP0QN7,DJI Pilot,Android,7.0.2,1EF72A62-B7C3-C88D-164E-CE6F8C8424AE,1ZN7L4R0H1D00F,1W9DL31001461C,,1ZMLH8300204F0,1W9DL31001461C,,,,,
2023-11-01,11:33:09.44 AM,8m 47.1s,527.1,33.7966456635171,-117.4759587731457,40.6,137.7,15.4,1304,4496.2,5.833225,7.569323,-5.816044,2.23694,0.447388,1.342164,0.223694,0.894776,-1.1,-0.9,1.4,174.4,174.4,171.5,Tripod,Other,,22,5,True,,True,False,,Smart,RC,False,True,False,,,True,,False,False,False,False,False,False,False,False,False,False,0,Follow Yaw,-77.9,0,166.2,166.2,False,False,False,False,False,,0,0,False,False,No Card,100,100,1024,1345,875,1024,2,False,False,False,False,False,0,False,False,False,False,72,,46.608,,7230,,10044,,46.608,,True,3.885,3.885,3.885,3.885,3.885,3.885,3.885,3.885,3.885,3.885,3.885,3.885,0,,False,False,True,,,,,,,,,,,,,,,False,False,19.154,,102.0,,75.7,,102.0,,1356,112,4,22,7,144729.3,19297.24,,Idle,,20,,10,,,20,Go Home,False,False,False,False,False,False,False,False,False,False,False,False,33.8027920380556,-117.4659261431046,3778.6,3778.6,1049.4,396.9,True,1,1,False,False,False,False,,True,False,False,Course Lock,196.8,67,16.4,93,N,S,3.35,11.4,Calm,False,False,Android,7.0.2,M300 RTK,1ZN7L4R0H1D00F,1W9DL31001461C,1ZMLH8300204F0,1Z6PH74DAP0QN7,"Corona, CA",728.3,5.7,137.7,8.547347,2.013246,0,0,DJI Matrice 300 RTK,M300 RTK,1ZN7L4R0H1D00F,1W9DL31001461C,1ZMLH8300204F0,1Z6PH74DAP0QN7,DJI Pilot,Android,7.0.2,1EF72A62-B7C3-C88D-164E-CE6F8C8424AE,1ZN7L4R0H1D00F,1W9DL31001461C,,1ZMLH8300204F0,1W9DL31001461C,,,,,
2023-11-01,11:33:09.58 AM,8m 47.2s,527.2,33.796643244053,-117.4759584898743,40.6,137.7,15.4,1304,4497.1,5.833225,7.569323,-5.816044,2.23694,0.447388,1.342164,0.223694,0.894776,-1,-1.1,1.4,174.4,174.4,174.4,Tripod,Other,,22,5,True,,True,False,,Smart,RC,False,True,False,,,True,,False,False,False,False,False,False,False,False,False,False,0,Follow Yaw,-77.9,0,166.2,166.2,False,False,False,False,False,,0,0,False,False,No Card,100,100,1024,1346,874,1024,2,False,False,False,False,False,0,False,False,False,False,72,,46.608,,7230,,10044,,46.608,,True,3.885,3.885,3.885,3.885,3.885,3.885,3.885,3.885,3.885,3.885,3.885,3.885,0,,False,False,True,,,,,,,,,,,,,,,False,False,19.154,,102.0,,75.7,,102.0,,1356,112,4,22,7,144729.3,19297.24,,Idle,,20,,10,,,20,Go Home,False,False,False,False,False,False,False,False,False,False,False,False,33.8027920380556,-117.4659261431046,3779.0,3779.0,1049.4,396.9,True,1,1,False,False,False,False,,True,False,False,Course Lock,196.8,67,16.4,93,N,S,3.35,11.4,Calm,False,False,Android,7.0.2,M300 RTK,1ZN7L4R0H1D00F,1W9DL31001461C,1ZMLH8300204F0,1Z6PH74DAP0QN7,"Corona, CA",728.3,5.7,137.7,8.547347,2.013246,0,0,DJI Matrice 300 RTK,M300 RTK,1ZN7L4R0H1D00F,1W9DL31001461C,1ZMLH8300204F0,1Z6PH74DAP0QN7,DJI Pilot,Android,7.0.2,1EF72A62-B7C3-C88D-164E-CE6F8C8424AE,1ZN7L4R0H1D00F,1W9DL31001461C,,1ZMLH8300204F0,1W9DL31001461C,,,,,
2023-11-01,11:33:09.64 AM,8m 47.3s,527.3,33.7966412137152,-117.4759585179953,40.6,137.7,15.4,1304,4497.8,5.833225,7.569323,-5.816044,2.23694,0.447388,1.342164,0.223694,0.894776,-0.9,-1.3,1.5,174.4,174.4,180.6,Tripod,Other,,22,5,True,,True,False,,Smart,RC,False,True,False,,,True,,False,False,False,False,False,False,False,False,False,False,0,Follow Yaw,-77.9,0,166.2,166.2,False,False,False,False,False,,0,0,False,False,No Card,100,100,1024,1343,873,1024,2,False,False,False,False,False,0,False,False,False,False,72,,46.608,,7230,,10044,,46.608,,True,3.885,3.885,3.885,3.885,3.885,3.885,3.885,3.885,3.885,3.885,3.885,3.885,0,,False,False,True,,,,,,,,,,,,,,,False,False,19.154,,102.0,,75.7,,102.0,,1355,112,4,22,7,144617.5,19282.33,,Idle,,20,,10,,,20,Go Home,False,False,False,False,False,False,False,False,False,False,False,False,33.8027920380556,-117.4659261431046,3779.5,3779.5,1049.4,396.9,True,1,1,False,False,False,False,,True,False,False,Course Lock,196.8,67,16.4,93,N,S,3.35,11.4,Calm,False,False,Android,7.0.2,M300 RTK,1ZN7L4R0H1D00F,1W9DL31001461C,1ZMLH8300204F0,1Z6PH74DAP0QN7,"Corona, CA",728.3,5.7,137.7,8.547347,2.013246,0,0,DJI Matrice 300 RTK,M300 RTK,1ZN7L4R0H1D00F,1W9DL31001461C,1ZMLH8300204F0,1Z6PH74DAP0QN7,DJI Pilot,Android,7.0.2,1EF72A62-B7C3-C88D-164E-CE6F8C8424AE,1ZN7L4R0H1D00F,1W9DL31001461C,,1ZMLH8300204F0,1W9DL31001461C,,,,,
2023-11-01,11:33:09.74 AM,8m 47.4s,527.4,33.7966388249535,-117.4759582508049,40.6,137.7,15.4,1304,4498.7,5.833225,7.569323,-5.816044,2.23694,0.447388,1.342164,0.223694,0.894776,-0.7,-1.1,1.3,174.4,174.4,174.6,Tripod,Other,,22,5,True,,True,False,,Smart,RC,False,True,False,,,True,,False,False,False,False,False,False,False,False,False,False,0,Follow Yaw,-77.9,0,166.2,166.2,False,False,False,False,False,,0,0,False,False,No Card,100,100,1024,1345,872,1024,2,False,False,False,False,False,0,False,False,False,False,72,,46.608,,7230,,10044,,46.608,,True,3.885,3.885,3.885,3.885,3.885,3.885,3.885,3.885,3.885,3.885,3.885,3.885,0,,False,False,True,,,,,,,,,,,,,,,False,False,19.154,,102.0,,75.7,,102.0,,1355,112,4,22,7,144617.5,19282.33,,Idle,,20,,10,,,20,Go Home,False,False,False,False,False,False,False,False,False,False,False,False,33.8027920380556,-117.4659261431046,3779.9,3779.9,1049.4,396.9,True,1,1,False,False,False,False,,True,False,False,Course Lock,196.8,67,16.4,93,N,S,3.35,11.4,Calm,False,False,Android,7.0.2,M300 RTK,1ZN7L4R0H1D00F,1W9DL31001461C,1ZMLH8300204F0,1Z6PH74DAP0QN7,"Corona, CA",728.3,5.7,137.7,8.547347,2.013246,0,0,DJI Matrice 300 RTK,M300 RTK,1ZN7L4R0H1D00F,1W9DL31001461C,1ZMLH8300204F0,1Z6PH74DAP0QN7,DJI Pilot,Android,7.0.2,1EF72A62-B7C3-C88D-164E-CE6F8C8424AE,1ZN7L4R0H1D00F,1W9DL31001461C,,1ZMLH8300204F0,1W9DL31001461C,,,,,
2023-11-01,11:33:09.84 AM,8m 47.5s,527.5,33.796636045969,-117.4759576831901,40.6,137.7,15.4,1304,4499.7,5.833225,7.569323,-5.816044,2.23694,0.447388,1.342164,0.223694,0.894776,-0.7,-1,1.2,174.5,174.5,170.3,Tripod,Other,,22,5,True,,True,False,,Smart,RC,False,True,False,,,True,,False,False,False,False,False,False,False,False,False,False,0,Follow Yaw,-77.9,0,166.2,166.2,False,False,False,False,False,,0,0,False,False,No Card,100,100,1024,1345,872,1024,2,False,False,False,False,False,0,False,False,False,False,72,,46.608,,7230,,10044,,46.608,,True,3.885,3.885,3.885,3.885,3.885,3.885,3.885,3.885,3.885,3.885,3.885,3.885,0,,False,False,True,,,,,,,,,,,,,,,False,False,19.154,,102.0,,75.7,,102.0,,1355,112,4,22,7,144617.5,19282.33,,Idle,,20,,10,,,20,Go Home,False,False,False,False,False,False,False,False,False,False,False,False,33.8027920380556,-117.4659261431046,3780.4,3780.4,1049.4,396.9,True,1,1,False,False,False,False,,True,False,False,Course Lock,196.8,67,16.4,93,N,S,3.57,11.4,Calm,False,False,Android,7.0.2,M300 RTK,1ZN7L4R0H1D00F,1W9DL31001461C,1ZMLH8300204F0,1Z6PH74DAP0QN7,"Corona, CA",728.3,5.7,137.7,8.547347,2.013246,0,0,DJI Matrice 300 RTK,M300 RTK,1ZN7L4R0H1D00F,1W9DL31001461C,1ZMLH8300204F0,1Z6PH74DAP0QN7,DJI Pilot,Android,7.0.2,1EF72A62-B7C3-C88D-164E-CE6F8C8424AE,1ZN7L4R0H1D00F,1W9DL31001461C,,1ZMLH8300204F0,1W9DL31001461C,,,,,
2023-11-01,11:33:09.94 AM,8m 47.6s,527.6,33.7966336285608,-117.4759573868066,40.6,137.7,15.4,1304,4500.6,5.833225,7.569323,-5.816044,2.23694,0.447388,1.342164,0.223694,0.894776,-0.8,-0.9,1.2,174.5,174.5,174.1,Tripod,Other,,22,5,True,,True,False,,Smart,RC,False,True,False,,,True,,False,False,False,False,False,False,False,False,False,False,0,Follow Yaw,-77.9,0,166.2,166.2,False,False,False,False,False,,0,0,False,False,No Card,100,100,1024,1345,873,1024,2,False,False,False,False,False,0,False,False,False,False,72,,46.608,,7230,,10044,,46.608,,True,3.885,3.885,3.885,3.885,3.885,3.885,3.885,3.885,3.885,3.885,3.885,3.885,0,,False,False,True,,,,,,,,,,,,,,,False,False,19.154,,102.0,,75.7,,102.0,,1355,112,4,22,7,144617.5,19282.33,,Idle,,20,,10,,,20,Go Home,False,False,False,False,False,False,False,False,False,False,False,False,33.8027920380556,-117.4659261431046,3780.9,3780.9,1049.4,396.9,True,1,1,False,False,False,False,,True,False,False,Course Lock,196.8,67,16.4,93,N,S,3.57,11.4,Calm,False,False,Android,7.0.2,M300 RTK,1ZN7L4R0H1D00F,1W9DL31001461C,1ZMLH8300204F0,1Z6PH74DAP0QN7,"Corona, CA",728.3,5.7,137.7,8.547347,2.013246,0,0,DJI Matrice 300 RTK,M300 RTK,1ZN7L4R0H1D00F,1W9DL31001461C,1ZMLH8300204F0,1Z6PH74DAP0QN7,DJI Pilot,Android,7.0.2,1EF72A62-B7C3-C88D-164E-CE6F8C8424AE,1ZN7L4R0H1D00F,1W9DL31001461C,,1ZMLH8300204F0,1W9DL31001461C,,,,,
2023-11-01,11:33:10.04 AM,8m 47.7s,527.7,33.7966312678973,-117.4759571939182,40.3,137.7,15.0,1304,4501.5,5.833225,7.569323,-5.816044,2.23694,0.447388,1.342164,0.223694,0.894776,-0.7,-0.8,1,174.5,174.5,176.1,Tripod,Other,,22,5,True,,True,False,,Smart,RC,False,True,False,,,True,,False,False,False,False,False,False,False,False,False,False,0,Follow Yaw,-77.9,0,166.2,166.2,False,False,False,False,False,,0,0,False,False,No Card,100,100,1024,1347,872,1024,2,False,False,False,False,False,0,False,False,False,False,72,,46.572,,3589,,4986,,46.572,,True,3.885,3.885,3.885,3.885,3.885,3.885,3.885,3.885,3.885,3.885,3.885,3.885,0,,False,False,True,,,,,,,,,,,,,,,False,False,9.552,,102.0,,75.7,,102.0,,1355,112,4,22,7,144617.5,19282.33,,Idle,,20,,10,,,20,Go Home,False,False,False,False,False,False,False,False,False,False,False,False,33.8027920380556,-117.4659261431046,3781.3,3781.3,1049.4,396.9,True,1,1,False,False,False,False,,True,False,False,Course Lock,196.8,67,16.4,93,N,S,3.57,11.4,Calm,False,False,Android,7.0.2,M300 RTK,1ZN7L4R0H1D00F,1W9DL31001461C,1ZMLH8300204F0,1Z6PH74DAP0QN7,"Corona, CA",728.3,5.7,137.7,8.547347,2.013246,0,0,DJI Matrice 300 RTK,M300 RTK,1ZN7L4R0H1D00F,1W9DL31001461C,1ZMLH8300204F0,1Z6PH74DAP0QN7,DJI Pilot,Android,7.0.2,1EF72A62-B7C3-C88D-164E-CE6F8C8424AE,1ZN7L4R0H1D00F,1W9DL31001461C,,1ZMLH8300204F0,1W9DL31001461C,,,,,
2023-11-01,11:33:10.14 AM,8m 47.8s,527.8,33.7966288576165,-117.4759569066061,40.3,137.7,15.0,1304,4502.4,5.833225,7.569323,-5.816044,2.23694,0.447388,1.342164,0,0.894776,-0.7,-0.8,1,174.5,174.5,174.3,Tripod,Other,,22,5,True,,True,False,,Smart,RC,False,True,False,,,True,,False,False,False,False,False,False,False,False,False,False,0,Follow Yaw,-77.9,0,166.2,166.2,False,False,False,False,False,,0,0,False,False,No Card,100,100,1024,1348,873,1024,2,False,False,False,False,False,0,False,False,False,False,72,,46.572,,3589,,4986,,46.572,,True,3.885,3.885,3.885,3.885,3.885,3.885,3.885,3.885,3.885,3.885,3.885,3.885,0,,False,False,True,,,,,,,,,,,,,,,False,False,9.552,,102.0,,75.7,,102.0,,1355,112,4,22,7,144617.5,19282.33,,Idle,,20,,10,,,20,Go Home,False,False,False,False,False,False,False,False,False,False,False,False,33.8027920380556,-117.4659261431046,3781.8,3781.8,1049.4,396.9,True,1,1,False,False,False,False,,True,False,False,Course Lock,196.8,67,16.4,93,N,S,3.57,11.4,Calm,False,False,Android,7.0.2,M300 RTK,1ZN7L4R0H1D00F,1W9DL31001461C,1ZMLH8300204F0,1Z6PH74DAP0QN7,"Corona, CA",728.3,5.7,137.7,8.547347,2.013246,0,0,DJI Matrice 300 RTK,M300 RTK,1ZN7L4R0H1D00F,1W9DL31001461C,1ZMLH8300204F0,1Z6PH74DAP0QN7,DJI Pilot,Android,7.0.2,1EF72A62-B7C3-C88D-164E-CE6F8C8424AE,1ZN7L4R0H1D00F,1W9DL31001461C,,1ZMLH8300204F0,1W9DL31001461C,,,,,
2023-11-01,11:33:10.24 AM,8m 47.9s,527.9,33.7966264880439,-117.4759565815244,40.3,137.7,15.0,1304,4503.2,5.833225,7.569323,-5.816044,2.23694,0.447388,1.342164,0,0.894776,-0.7,-0.7,0.9,174.5,174.5,173.4,Tripod,Other,,22,5,True,,True,False,,Smart,RC,False,True,False,,,True,,False,False,False,False,False,False,False,False,False,False,0,Follow Yaw,-77.9,0,166.2,166.2,False,False,False,False,False,,0,0,False,False,No Card,100,100,1024,1348,873,1024,2,False,False,False,False,False,0,False,False,False,False,72,,46.572,,3589,,4986,,46.572,,True,3.885,3.885,3.885,3.885,3.885,3.885,3.885,3.885,3.885,3.885,3.885,3.885,0,,False,False,True,,,,,,,,,,,,,,,False,False,9.552,,102.0,,75.7,,102.0,,1355,112,4,22,7,144617.5,19282.33,,Idle,,20,,10,,,20,Go Home,False,False,False,False,False,False,False,False,False,False,False,False,33.8027920380556,-117.4659261431046,3782.2,3782.2,1049.4,396.9,True,1,1,False,False,False,False,,True,False,False,Course Lock,196.8,67,16.4,93,N,S,3.57,11.4,Calm,False,False,Android,7.0.2,M300 RTK,1ZN7L4R0H1D00F,1W9DL31001461C,1ZMLH8300204F0,1Z6PH74DAP0QN7,"Corona, CA",728.3,5.7,137.7,8.547347,2.013246,0,0,DJI Matrice 300 RTK,M300 RTK,1ZN7L4R0H1D00F,1W9DL31001461C,1ZMLH8300204F0,1Z6PH74DAP0QN7,DJI Pilot,Android,7.0.2,1EF72A62-B7C3-C88D-164E-CE6F8C8424AE,1ZN7L4R0H1D00F,1W9DL31001461C,,1ZMLH8300204F0,1W9DL31001461C,,,,,
2023-11-01,11:33:10.30 AM,8m 48.0s,528.0,33.7966240877688,-117.4759562933051,40.3,137.7,15.0,1304,4504.1,5.833225,7.569323,-5.816044,2.23694,0.447388,1.342164,0,0.894776,-0.8,-0.7,1,174.4,174.4,174.3,Tripod,Other,,22,5,True,,True,False,,Smart,RC,False,True,False,,,True,,False,False,False,False,False,False,False,False,False,False,0,Follow Yaw,-77.9,0,166.2,166.2,False,False,False,False,False,,0,0,False,False,No Card,100,100,1024,1348,871,1024,2,False,False,False,False,False,0,False,False,False,False,72,,46.62,,7230,,10044,,46.62,,True,3.885,3.885,3.885,3.885,3.885,3.885,3.885,3.885,3.885,3.885,3.885,3.885,0,,False,False,True,,,,,,,,,,,,,,,False,False,19.288,,102.0,,75.7,,102.0,,1355,112,4,22,7,144617.5,19282.33,,Idle,,20,,10,,,20,Go Home,False,False,False,False,False,False,False,False,False,False,False,False,33.8027920380556,-117.4659261431046,3782.7,3782.7,1049.4,396.9,True,1,1,False,False,False,False,,True,False,False,Course Lock,196.8,67,16.4,93,N,S,3.57,11.4,Calm,False,False,Android,7.0.2,M300 RTK,1ZN7L4R0H1D00F,1W9DL31001461C,1ZMLH8300204F0,1Z6PH74DAP0QN7,"Corona, CA",728.3,5.7,137.7,8.547347,2.013246,0,0,DJI Matrice 300 RTK,M300 RTK,1ZN7L4R0H1D00F,1W9DL31001461C,1ZMLH8300204F0,1Z6PH74DAP0QN7,DJI Pilot,Android,7.0.2,1EF72A62-B7C3-C88D-164E-CE6F8C8424AE,1ZN7L4R0H1D00F,1W9DL31001461C,,1ZMLH8300204F0,1W9DL31001461C,,,,,
2023-11-01,11:33:10.44 AM,8m 48.1s,528.1,33.7966217191556,-117.4759559796037,40.3,137.7,15.0,1304,4505.0,5.833225,7.569323,-5.816044,2.23694,0.447388,1.342164,0,0.894776,-0.9,-0.8,1.2,174.4,174.4,173.7,Tripod,Other,,22,5,True,,True,False,,Smart,RC,False,True,False,,,True,,False,False,False,False,False,False,False,False,False,False,0,Follow Yaw,-77.9,0,166.2,166.2,False,False,False,False,False,,0,0,False,False,No Card,100,100,1024,1348,870,1024,2,False,False,False,False,False,0,False,False,False,False,72,,46.62,,7230,,10044,,46.62,,True,3.885,3.885,3.885,3.885,3.885,3.885,3.885,3.885,3.885,3.885,3.885,3.885,0,,False,False,True,,,,,,,,,,,,,,,False,False,19.288,,102.0,,75.7,,102.0,,1355,112,4,22,7,144617.5,19282.33,,Idle,,20,,10,,,20,Go Home,False,False,False,False,False,False,False,False,False,False,False,False,33.8027920380556,-117.4659261431046,3783.1,3783.1,1049.4,396.9,True,1,1,False,False,False,False,,True,False,False,Course Lock,196.8,67,16.4,93,N,S,3.57,11.4,Calm,False,False,Android,7.0.2,M300 RTK,1ZN7L4R0H1D00F,1W9DL31001461C,1ZMLH8300204F0,1Z6PH74DAP0QN7,"Corona, CA",728.3,5.7,137.7,8.547347,2.013246,0,0,DJI Matrice 300 RTK,M300 RTK,1ZN7L4R0H1D00F,1W9DL31001461C,1ZMLH8300204F0,1Z6PH74DAP0QN7,DJI Pilot,Android,7.0.2,1EF72A62-B7C3-C88D-164E-CE6F8C8424AE,1ZN7L4R0H1D00F,1W9DL31001461C,,1ZMLH8300204F0,1W9DL31001461C,,,,,
2023-11-01,11:33:10.54 AM,8m 48.2s,528.2,33.7966193246372,-117.4759556921266,40.3,137.7,15.0,1304,4505.9,5.833225,7.569323,-5.816044,2.23694,0.447388,1.342164,0.223694,0.894776,-1,-1,1.4,174.4,174.4,174.3,Tripod,Other,,22,5,True,,True,False,,Smart,RC,False,True,False,,,True,,False,False,False,False,False,False,False,False,False,False,0,Follow Yaw,-77.9,0,166.2,166.2,False,False,False,False,False,,0,0,False,False,No Card,100,100,1024,1348,870,1024,2,False,False,False,False,False,0,False,False,False,False,72,,46.62,,7230,,10044,,46.62,,True,3.885,3.885,3.885,3.885,3.885,3.885,3.885,3.885,3.885,3.885,3.885,3.885,0,,False,False,True,,,,,,,,,,,,,,,False,False,19.288,,102.0,,75.7,,102.0,,1355,112,4,22,7,144617.5,19282.33,,Idle,,20,,10,,,20,Go Home,False,False,False,False,False,False,False,False,False,False,False,False,33.8027920380556,-117.4659261431046,3783.6,3783.6,1049.4,396.9,True,1,1,False,False,False,False,,True,False,False,Course Lock,196.8,67,16.4,93,N,S,3.57,11.4,Calm,False,False,Android,7.0.2,M300 RTK,1ZN7L4R0H1D00F,1W9DL31001461C,1ZMLH8300204F0,1Z6PH74DAP0QN7,"Corona, CA",728.3,5.7,137.7,8.547347,2.013246,0,0,DJI Matrice 300 RTK,M300 RTK,1ZN7L4R0H1D00F,1W9DL31001461C,1ZMLH8300204F0,1Z6PH74DAP0QN7,DJI Pilot,Android,7.0.2,1EF72A62-B7C3-C88D-164E-CE6F8C8424AE,1ZN7L4R0H1D00F,1W9DL31001461C,,1ZMLH8300204F0,1W9DL31001461C,,,,,
2023-11-01,11:33:10.61 AM,8m 48.3s,528.3,33.7966169399875,-117.4759555350285,40.3,137.7,15.0,1304,4506.7,5.833225,7.569323,-5.816044,2.23694,0.447388,1.342164,0.223694,0.894776,-1.1,-1.2,1.6,174.5,174.5,176.8,Tripod,Other,,22,5,True,,True,False,,Smart,RC,False,True,False,,,True,,False,False,False,False,False,False,False,False,False,False,0,Follow Yaw,-77.9,0,166.2,166.2,False,False,False,False,False,,0,0,False,False,No Card,100,100,1024,1347,884,1011,2,False,False,False,False,False,0,False,False,False,False,72,,46.62,,7230,,10044,,46.62,,True,3.884,3.884,3.884,3.884,3.884,3.884,3.884,3.884,3.884,3.884,3.884,3.884,0,,False,False,True,,,,,,,,,,,,,,,False,False,19.288,,102.0,,75.7,,102.0,,1354,112,4,22,7,144501.0,19266.80,,Idle,,20,,10,,,20,Go Home,False,False,False,False,False,False,False,False,False,False,False,False,33.8027920380556,-117.4659261431046,3784.0,3784.0,1049.4,396.9,True,1,1,False,False,False,False,,True,False,False,Course Lock,196.8,67,16.4,93,N,S,3.57,11.4,Calm,False,False,Android,7.0.2,M300 RTK,1ZN7L4R0H1D00F,1W9DL31001461C,1ZMLH8300204F0,1Z6PH74DAP0QN7,"Corona, CA",728.3,5.7,137.7,8.547347,2.013246,0,0,DJI Matrice 300 RTK,M300 RTK,1ZN7L4R0H1D00F,1W9DL31001461C,1ZMLH8300204F0,1Z6PH74DAP0QN7,DJI Pilot,Android,7.0.2,1EF72A62-B7C3-C88D-164E-CE6F8C8424AE,1ZN7L4R0H1D00F,1W9DL31001461C,,1ZMLH8300204F0,1W9DL31001461C,,,,,
2023-11-01,11:33:10.72 AM,8m 48.4s,528.4,33.796614541083,-117.4759552519221,40.3,137.7,15.0,1304,4507.6,5.833225,7.569323,-5.816044,2.23694,0.447388,1.342164,0.223694,0.894776,-1.2,-1.1,1.6,174.5,174.5,174.3,Tripod,Other,,22,5,True,,True,False,,Smart,RC,False,True,False,,,True,,False,False,False,False,False,False,False,False,False,False,0,Follow Yaw,-77.9,0,166.2,166.2,False,False,False,False,False,,0,0,False,False,No Card,100,100,1024,1350,881,1002,2,False,False,False,False,False,0,False,False,False,False,72,,46.62,,7230,,10044,,46.62,,True,3.884,3.884,3.884,3.884,3.884,3.884,3.884,3.884,3.884,3.884,3.884,3.884,0,,False,False,True,,,,,,,,,,,,,,,False,False,19.288,,102.0,,75.7,,102.0,,1354,112,4,22,7,144501.0,19266.80,,Idle,,20,,10,,,20,Go Home,False,False,False,False,False,False,False,False,False,False,False,False,33.8027920380556,-117.4659261431046,3784.5,3784.5,1049.4,396.9,True,1,1,False,False,False,False,,True,False,False,Course Lock,196.8,67,16.4,93,N,S,3.57,11.4,Calm,False,False,Android,7.0.2,M300 RTK,1ZN7L4R0H1D00F,1W9DL31001461C,1ZMLH8300204F0,1Z6PH74DAP0QN7,"Corona, CA",728.3,5.7,137.7,8.547347,2.013246,0,0,DJI Matrice 300 RTK,M300 RTK,1ZN7L4R0H1D00F,1W9DL31001461C,1ZMLH8300204F0,1Z6PH74DAP0QN7,DJI Pilot,Android,7.0.2,1EF72A62-B7C3-C88D-164E-CE6F8C8424AE,1ZN7L4R0H1D00F,1W9DL31001461C,,1ZMLH8300204F0,1W9DL31001461C,,,,,
2023-11-01,11:33:10.82 AM,8m 48.5s,528.5,33.7966121335435,-117.475955053591,40.3,137.7,15.4,1304,4508.5,5.833225,7.569323,-5.816044,2.23694,0.447388,1.342164,0.223694,0.894776,-1.1,-0.9,1.4,174.5,174.5,176.0,Tripod,Other,,22,5,True,,True,False,,Smart,RC,False,True,False,,,True,,False,False,False,False,False,False,False,False,False,False,0,Follow Yaw,-77.9,0,166.2,166.2,False,False,False,False,False,,0,0,False,False,No Card,100,100,1024,1350,868,997,2,False,False,False,False,False,0,False,False,False,False,72,,46.62,,7230,,10044,,46.62,,True,3.884,3.884,3.884,3.884,3.884,3.884,3.884,3.884,3.884,3.884,3.884,3.884,0,,False,False,True,,,,,,,,,,,,,,,False,False,19.288,,102.0,,75.7,,102.0,,1354,112,4,22,7,144501.0,19266.80,,Idle,,20,,10,,,20,Go Home,False,False,False,False,False,False,False,False,False,False,False,False,33.8027920380556,-117.4659261431046,3785.0,3785.0,1049.4,396.9,True,1,1,False,False,False,False,,True,False,False,Course Lock,196.8,67,16.4,93,N,S,3.57,11.4,Calm,False,False,Android,7.0.2,M300 RTK,1ZN7L4R0H1D00F,1W9DL31001461C,1ZMLH8300204F0,1Z6PH74DAP0QN7,"Corona, CA",728.3,5.7,137.7,8.547347,2.013246,0,0,DJI Matrice 300 RTK,M300 RTK,1ZN7L4R0H1D00F,1W9DL31001461C,1ZMLH8300204F0,1Z6PH74DAP0QN7,DJI Pilot,Android,7.0.2,1EF72A62-B7C3-C88D-164E-CE6F8C8424AE,1ZN7L4R0H1D00F,1W9DL31001461C,,1ZMLH8300204F0,1W9DL31001461C,,,,,
2023-11-01,11:33:10.94 AM,8m 48.6s,528.6,33.7966097266893,-117.4759547784838,40.3,137.7,15.0,1304,4509.4,5.833225,7.569323,-5.816044,2.23694,0.447388,1.342164,0.223694,0.894776,-0.9,-0.8,1.2,174.6,174.6,174.5,Tripod,Other,,22,5,True,,True,False,,Smart,RC,False,True,False,,,True,,False,False,False,False,False,False,False,False,False,False,0,Follow Yaw,-77.9,0,166.2,166.2,False,False,False,False,False,,0,0,False,False,No Card,100,100,1024,1348,863,996,2,False,False,False,False,False,0,False,False,False,False,72,,46.62,,7230,,10044,,46.62,,True,3.884,3.884,3.884,3.884,3.884,3.884,3.884,3.884,3.884,3.884,3.884,3.884,0,,False,False,True,,,,,,,,,,,,,,,False,False,19.288,,102.0,,75.7,,102.0,,1354,112,4,22,7,144501.0,19266.80,,Idle,,20,,10,,,20,Go Home,False,False,False,False,False,False,False,False,False,False,False,False,33.8027920380556,-117.4659261431046,3785.4,3785.4,1049.4,396.9,True,1,1,False,False,False,False,,True,False,False,Course Lock,196.8,67,16.4,93,N,S,3.57,11.4,Calm,False,False,Android,7.0.2,M300 RTK,1ZN7L4R0H1D00F,1W9DL31001461C,1ZMLH8300204F0,1Z6PH74DAP0QN7,"Corona, CA",728.3,5.7,137.7,8.547347,2.013246,0,0,DJI Matrice 300 RTK,M300 RTK,1ZN7L4R0H1D00F,1W9DL31001461C,1ZMLH8300204F0,1Z6PH74DAP0QN7,DJI Pilot,Android,7.0.2,1EF72A62-B7C3-C88D-164E-CE6F8C8424AE,1ZN7L4R0H1D00F,1W9DL31001461C,,1ZMLH8300204F0,1W9DL31001461C,,,,,
2023-11-01,11:33:11.02 AM,8m 48.7s,528.7,33.7966074556661,-117.4759545813071,40.0,137.7,15.0,1304,4510.2,5.833225,7.569323,-5.816044,2.23694,0.447388,1.342164,0.223694,0.894776,-0.9,-0.7,1.1,174.6,174.6,175.8,Tripod,Other,,22,5,True,,True,False,,Smart,RC,False,True,False,,,True,,False,False,False,False,False,False,False,False,False,False,0,Follow Yaw,-77.9,0,166.2,166.2,False,False,False,False,False,,0,0,False,False,No Card,100,100,1024,1349,827,956,2,False,False,False,False,False,0,False,False,False,False,72,,46.62,,7230,,10044,,46.62,,True,3.884,3.884,3.884,3.884,3.884,3.884,3.884,3.884,3.884,3.884,3.884,3.884,0,,False,False,True,,,,,,,,,,,,,,,False,False,19.288,,102.0,,75.7,,102.0,,1354,112,4,22,7,144501.0,19266.80,,Idle,,20,,10,,,20,Go Home,False,False,False,False,False,False,False,False,False,False,False,False,33.8027920380556,-117.4659261431046,3785.9,3785.9,1049.4,396.9,True,1,1,False,False,False,False,,True,False,False,Course Lock,196.8,67,16.4,93,N,S,3.57,11.4,Calm,False,False,Android,7.0.2,M300 RTK,1ZN7L4R0H1D00F,1W9DL31001461C,1ZMLH8300204F0,1Z6PH74DAP0QN7,"Corona, CA",728.3,5.7,137.7,8.547347,2.013246,0,0,DJI Matrice 300 RTK,M300 RTK,1ZN7L4R0H1D00F,1W9DL31001461C,1ZMLH8300204F0,1Z6PH74DAP0QN7,DJI Pilot,Android,7.0.2,1EF72A62-B7C3-C88D-164E-CE6F8C8424AE,1ZN7L4R0H1D00F,1W9DL31001461C,,1ZMLH8300204F0,1W9DL31001461C,,,,,
2023-11-01,11:33:11.14 AM,8m 48.8s,528.8,33.7966050552539,-117.4759543228581,40.0,137.7,15.0,1304,4511.1,5.833225,7.569323,-5.816044,2.23694,0.447388,1.342164,0.223694,0.894776,-1,-0.9,1.3,174.5,174.5,174.8,Tripod,Other,,22,5,True,,True,False,,Smart,RC,False,True,False,,,True,,False,False,False,False,False,False,False,False,False,False,0,Follow Yaw,-77.9,0,166.1,166.1,False,False,False,False,False,,0,0,False,False,No Card,100,100,1024,1348,830,908,2,False,False,False,False,False,0,False,False,False,False,72,,46.62,,7230,,10044,,46.62,,True,3.884,3.884,3.884,3.884,3.884,3.884,3.884,3.884,3.884,3.884,3.884,3.884,0,,False,False,True,,,,,,,,,,,,,,,False,False,19.288,,102.0,,75.7,,102.0,,1354,112,4,22,7,144501.0,19266.80,,Idle,,20,,10,,,20,Go Home,False,False,False,False,False,False,False,False,False,False,False,False,33.8027920380556,-117.4659261431046,3786.3,3786.3,1049.4,396.9,True,1,1,False,False,False,False,,True,False,False,Course Lock,196.8,67,16.4,93,N,S,3.8,11.4,Calm,False,False,Android,7.0.2,M300 RTK,1ZN7L4R0H1D00F,1W9DL31001461C,1ZMLH8300204F0,1Z6PH74DAP0QN7,"Corona, CA",728.3,5.7,137.7,8.547347,2.013246,0,0,DJI Matrice 300 RTK,M300 RTK,1ZN7L4R0H1D00F,1W9DL31001461C,1ZMLH8300204F0,1Z6PH74DAP0QN7,DJI Pilot,Android,7.0.2,1EF72A62-B7C3-C88D-164E-CE6F8C8424AE,1ZN7L4R0H1D00F,1W9DL31001461C,,1ZMLH8300204F0,1W9DL31001461C,,,,,
2023-11-01,11:33:11.23 AM,8m 48.9s,528.9,33.7966026109811,-117.4759539784793,40.0,137.7,15.0,1304,4512.0,5.833225,7.569323,-5.816044,2.23694,0.447388,1.342164,0.223694,0.894776,-1.1,-1.2,1.6,174.5,174.5,173.3,Tripod,Other,,22,5,True,,True,False,,Smart,RC,False,True,False,,,True,,False,False,False,False,False,False,False,False,False,False,0,Follow Yaw,-77.9,0,166,166,False,False,False,False,False,,0,0,False,False,No Card,100,100,1024,1349,838,900,2,False,False,False,False,False,0,False,False,False,False,72,,46.62,,7230,,10044,,46.62,,True,3.884,3.884,3.884,3.884,3.884,3.884,3.884,3.884,3.884,3.884,3.884,3.884,0,,False,False,True,,,,,,,,,,,,,,,False,False,19.288,,102.0,,75.7,,102.0,,1354,112,4,22,7,144501.0,19266.80,,Idle,,20,,10,,,20,Go Home,False,False,False,False,False,False,False,False,False,False,False,False,33.8027920380556,-117.4659261431046,3786.8,3786.8,1049.4,396.9,True,1,1,False,False,False,False,,True,False,False,Course Lock,196.8,67,16.4,93,N,S,3.8,11.4,Calm,False,False,Android,7.0.2,M300 RTK,1ZN7L4R0H1D00F,1W9DL31001461C,1ZMLH8300204F0,1Z6PH74DAP0QN7,"Corona, CA",728.3,5.7,137.7,8.547347,2.013246,0,0,DJI Matrice 300 RTK,M300 RTK,1ZN7L4R0H1D00F,1W9DL31001461C,1ZMLH8300204F0,1Z6PH74DAP0QN7,DJI Pilot,Android,7.0.2,1EF72A62-B7C3-C88D-164E-CE6F8C8424AE,1ZN7L4R0H1D00F,1W9DL31001461C,,1ZMLH8300204F0,1W9DL31001461C,,,,,
2023-11-01,11:33:11.34 AM,8m 49.0s,529.0,33.7966001946694,-117.4759537117012,40.0,137.7,15.0,1304,4512.9,5.833225,7.569323,-5.816044,2.23694,0.447388,1.342164,0.223694,0.894776,-1.1,-1.7,2,174.3,174.3,174.7,Tripod,Other,,22,5,True,,True,False,,Smart,RC,False,True,False,,,True,,False,False,False,False,False,False,False,False,False,False,0,Follow Yaw,-77.9,0,165.7,165.7,False,False,False,False,False,,0,0,False,False,No Card,100,100,1024,1348,855,952,2,False,False,False,False,False,0,False,False,False,False,72,,46.524,,3589,,4986,,46.524,,True,3.884,3.884,3.884,3.884,3.884,3.884,3.884,3.884,3.884,3.884,3.884,3.884,0,,False,False,True,,,,,,,,,,,,,,,False,False,9.754,,102.0,,75.7,,102.0,,1354,112,4,22,7,144501.0,19266.80,,Idle,,20,,10,,,20,Go Home,False,False,False,False,False,False,False,False,False,False,False,False,33.8027920380556,-117.4659261431046,3787.2,3787.2,1049.4,396.9,True,1,1,False,False,False,False,,True,False,False,Course Lock,196.8,67,16.4,93,N,S,3.8,11.4,Calm,False,False,Android,7.0.2,M300 RTK,1ZN7L4R0H1D00F,1W9DL31001461C,1ZMLH8300204F0,1Z6PH74DAP0QN7,"Corona, CA",728.3,5.7,137.7,8.547347,2.013246,0,0,DJI Matrice 300 RTK,M300 RTK,1ZN7L4R0H1D00F,1W9DL31001461C,1ZMLH8300204F0,1Z6PH74DAP0QN7,DJI Pilot,Android,7.0.2,1EF72A62-B7C3-C88D-164E-CE6F8C8424AE,1ZN7L4R0H1D00F,1W9DL31001461C,,1ZMLH8300204F0,1W9DL31001461C,,,,,
2023-11-01,11:33:11.43 AM,8m 49.1s,529.1,33.7965977660219,-117.4759535127103,40.0,137.7,15.0,1304,4513.7,5.833225,7.569323,-5.816044,2.23694,0.447388,1.342164,0.223694,0.894776,-1,-2,2.2,174.2,174.2,176.1,Tripod,Other,,22,5,True,,True,False,,Smart,RC,False,True,False,,,True,,False,False,False,False,False,False,False,False,False,False,0,Follow Yaw,-77.9,0,165.6,165.6,False,False,False,False,False,,0,0,False,False,No Card,100,100,1024,1348,855,952,2,False,False,False,False,False,0,False,False,False,False,72,,46.524,,3589,,4986,,46.524,,True,3.884,3.884,3.884,3.884,3.884,3.884,3.884,3.884,3.884,3.884,3.884,3.884,0,,False,False,True,,,,,,,,,,,,,,,False,False,9.754,,102.0,,75.7,,102.0,,1354,112,4,22,7,144501.0,19266.80,,Idle,,20,,10,,,20,Go Home,False,False,False,False,False,False,False,False,False,False,False,False,33.8027920380556,-117.4659261431046,3787.7,3787.7,1049.4,396.9,True,1,1,False,False,False,False,,True,False,False,Course Lock,196.8,67,16.4,93,N,S,3.8,11.4,Calm,False,False,Android,7.0.2,M300 RTK,1ZN7L4R0H1D00F,1W9DL31001461C,1ZMLH8300204F0,1Z6PH74DAP0QN7,"Corona, CA",728.3,5.7,137.7,8.547347,2.013246,0,0,DJI Matrice 300 RTK,M300 RTK,1ZN7L4R0H1D00F,1W9DL31001461C,1ZMLH8300204F0,1Z6PH74DAP0QN7,DJI Pilot,Android,7.0.2,1EF72A62-B7C3-C88D-164E-CE6F8C8424AE,1ZN7L4R0H1D00F,1W9DL31001461C,,1ZMLH8300204F0,1W9DL31001461C,,,,,
2023-11-01,11:33:11.54 AM,8m 49.2s,529.2,33.7965953390192,-117.475953224491,40.0,137.7,15.0,1304,4514.6,5.833225,7.569323,-5.816044,2.23694,0.447388,1.342164,0.223694,0.894776,-0.7,-1.8,1.9,174,174,174.3,Tripod,Other,,22,5,True,,True,False,,Smart,RC,False,True,False,,,True,,False,False,False,False,False,False,False,False,False,False,0,Follow Yaw,-77.9,0,165.5,165.5,False,False,False,False,False,,0,0,False,False,No Card,100,100,1024,1349,858,907,2,False,False,False,False,False,0,False,False,False,False,72,,46.524,,3589,,4986,,46.524,,True,3.884,3.884,3.884,3.884,3.884,3.884,3.884,3.884,3.884,3.884,3.884,3.884,0,,False,False,True,,,,,,,,,,,,,,,False,False,9.754,,102.0,,75.7,,102.0,,1354,112,4,22,7,144501.0,19266.80,,Idle,,20,,10,,,20,Go Home,False,False,False,False,False,False,False,False,False,False,False,False,33.8027920380556,-117.4659261431046,3788.2,3788.2,1049.4,396.9,True,1,1,False,False,False,False,,True,False,False,Course Lock,196.8,67,16.4,93,N,S,3.8,11.4,Calm,False,False,Android,7.0.2,M300 RTK,1ZN7L4R0H1D00F,1W9DL31001461C,1ZMLH8300204F0,1Z6PH74DAP0QN7,"Corona, CA",728.3,5.7,137.7,8.547347,2.013246,0,0,DJI Matrice 300 RTK,M300 RTK,1ZN7L4R0H1D00F,1W9DL31001461C,1ZMLH8300204F0,1Z6PH74DAP0QN7,DJI Pilot,Android,7.0.2,1EF72A62-B7C3-C88D-164E-CE6F8C8424AE,1ZN7L4R0H1D00F,1W9DL31001461C,,1ZMLH8300204F0,1W9DL31001461C,,,,,
2023-11-01,11:33:11.64 AM,8m 49.3s,529.3,33.7965929401148,-117.4759529461676,40.0,137.7,15.0,1304,4515.5,5.833225,7.569323,-5.816044,2.23694,0.447388,1.342164,0.223694,0.894776,-0.5,-1.6,1.6,173.8,173.8,174.4,Tripod,Other,,22,5,True,,True,False,,Smart,RC,False,True,False,,,True,,False,False,False,False,False,False,False,False,False,False,0,Follow Yaw,-77.9,0,165.4,165.4,False,False,False,False,False,,0,0,False,False,No Card,100,100,1024,1347,847,906,2,False,False,False,False,False,0,False,False,False,False,72,,46.524,,3589,,4986,,46.524,,True,3.882,3.882,3.882,3.882,3.882,3.882,3.882,3.882,3.882,3.882,3.882,3.882,0,,False,False,True,,,,,,,,,,,,,,,False,False,9.754,,102.0,,75.7,,102.0,,1353,112,4,22,7,144450.1,19260.02,,Idle,,20,,10,,,20,Go Home,False,False,False,False,False,False,False,False,False,False,False,False,33.8027920380556,-117.4659261431046,3788.6,3788.6,1049.4,396.9,True,1,1,False,False,False,False,,True,False,False,Course Lock,196.8,67,16.4,93,N,S,3.8,11.4,Calm,False,False,Android,7.0.2,M300 RTK,1ZN7L4R0H1D00F,1W9DL31001461C,1ZMLH8300204F0,1Z6PH74DAP0QN7,"Corona, CA",728.3,5.7,137.7,8.547347,2.013246,0,0,DJI Matrice 300 RTK,M300 RTK,1ZN7L4R0H1D00F,1W9DL31001461C,1ZMLH8300204F0,1Z6PH74DAP0QN7,DJI Pilot,Android,7.0.2,1EF72A62-B7C3-C88D-164E-CE6F8C8424AE,1ZN7L4R0H1D00F,1W9DL31001461C,,1ZMLH8300204F0,1W9DL31001461C,,,,,
2023-11-01,11:33:11.74 AM,8m 49.4s,529.4,33.7965905176352,-117.4759526371668,40.0,137.7,14.7,1304,4516.4,5.833225,7.569323,-5.816044,2.23694,0.447388,1.342164,0.223694,0.894776,-0.4,-1.6,1.6,173.6,173.6,173.9,Tripod,Other,,22,5,True,,True,False,,Smart,RC,False,True,False,,,True,,False,False,False,False,False,False,False,False,False,False,0,Follow Yaw,-77.9,0,165.2,165.2,False,False,False,False,False,,0,0,False,False,No Card,100,100,1024,1348,843,891,2,False,False,False,False,False,0,False,False,False,False,72,,46.524,,3589,,4986,,46.524,,True,3.882,3.882,3.882,3.882,3.882,3.882,3.882,3.882,3.882,3.882,3.882,3.882,0,,False,False,True,,,,,,,,,,,,,,,False,False,9.754,,102.0,,75.7,,102.0,,1353,112,4,22,7,144450.1,19260.02,,Idle,,20,,10,,,20,Go Home,False,False,False,False,False,False,False,False,False,False,False,False,33.8027920380556,-117.4659261431046,3789.1,3789.1,1049.4,396.9,True,1,1,False,False,False,False,,True,False,False,Course Lock,196.8,67,16.4,93,N,S,3.8,11.4,Calm,False,False,Android,7.0.2,M300 RTK,1ZN7L4R0H1D00F,1W9DL31001461C,1ZMLH8300204F0,1Z6PH74DAP0QN7,"Corona, CA",728.3,5.7,137.7,8.547347,2.013246,0,0,DJI Matrice 300 RTK,M300 RTK,1ZN7L4R0H1D00F,1W9DL31001461C,1ZMLH8300204F0,1Z6PH74DAP0QN7,DJI Pilot,Android,7.0.2,1EF72A62-B7C3-C88D-164E-CE6F8C8424AE,1ZN7L4R0H1D00F,1W9DL31001461C,,1ZMLH8300204F0,1W9DL31001461C,,,,,
2023-11-01,11:33:11.85 AM,8m 49.5s,529.5,33.7965880207296,-117.475952335423,40.0,137.7,14.7,1304,4517.3,5.833225,7.569323,-5.816044,2.23694,0.447388,1.342164,0.223694,0.894776,-0.4,-1.7,1.7,173.4,173.4,174.2,Tripod,Other,,22,5,True,,True,False,,Smart,RC,False,True,False,,,True,,False,False,False,False,False,False,False,False,False,False,0,Follow Yaw,-77.9,0,165,165,False,False,False,False,False,,0,0,False,False,No Card,100,100,1024,1348,838,880,2,False,False,False,False,False,0,False,False,False,False,72,,46.524,,3589,,4986,,46.524,,True,3.882,3.882,3.882,3.882,3.882,3.882,3.882,3.882,3.882,3.882,3.882,3.882,0,,False,False,True,,,,,,,,,,,,,,,False,False,9.754,,102.0,,75.7,,102.0,,1353,112,4,22,7,144450.1,19260.02,,Idle,,20,,10,,,20,Go Home,False,False,False,False,False,False,False,False,False,False,False,False,33.8027920380556,-117.4659261431046,3789.5,3789.5,1049.4,396.9,True,1,1,False,False,False,False,,True,False,False,Course Lock,196.8,67,16.4,93,N,S,3.8,11.4,Calm,False,False,Android,7.0.2,M300 RTK,1ZN7L4R0H1D00F,1W9DL31001461C,1ZMLH8300204F0,1Z6PH74DAP0QN7,"Corona, CA",728.3,5.7,137.7,8.547347,2.013246,0,0,DJI Matrice 300 RTK,M300 RTK,1ZN7L4R0H1D00F,1W9DL31001461C,1ZMLH8300204F0,1Z6PH74DAP0QN7,DJI Pilot,Android,7.0.2,1EF72A62-B7C3-C88D-164E-CE6F8C8424AE,1ZN7L4R0H1D00F,1W9DL31001461C,,1ZMLH8300204F0,1W9DL31001461C,,,,,
2023-11-01,11:33:11.95 AM,8m 49.6s,529.6,33.796585600306,-117.4759520047337,39.6,137.7,14.7,1303,4518.2,5.833225,7.569323,-5.816044,2.23694,0.447388,1.342164,0.223694,0.894776,-0.5,-1.8,1.8,173.2,173.2,173.5,Tripod,Other,,22,5,True,,True,False,,Smart,RC,False,True,False,,,True,,False,False,False,False,False,False,False,False,False,False,0,Follow Yaw,-77.9,0,164.7,164.7,False,False,False,False,False,,0,0,False,False,No Card,100,100,1024,1349,865,969,2,False,False,False,False,False,0,False,False,False,False,72,,46.524,,3589,,4986,,46.524,,True,3.882,3.882,3.882,3.882,3.882,3.882,3.882,3.882,3.882,3.882,3.882,3.882,0,,False,False,True,,,,,,,,,,,,,,,False,False,9.754,,102.0,,75.7,,102.0,,1353,112,4,22,7,144450.1,19260.02,,Idle,,20,,10,,,20,Go Home,False,False,False,False,False,False,False,False,False,False,False,False,33.8027920380556,-117.4659261431046,3790.0,3790.0,1049.4,396.9,True,1,1,False,False,False,False,,True,False,False,Course Lock,196.8,67,16.4,93,N,S,3.8,11.4,Calm,False,False,Android,7.0.2,M300 RTK,1ZN7L4R0H1D00F,1W9DL31001461C,1ZMLH8300204F0,1Z6PH74DAP0QN7,"Corona, CA",728.3,5.7,137.7,8.547347,2.013246,0,0,DJI Matrice 300 RTK,M300 RTK,1ZN7L4R0H1D00F,1W9DL31001461C,1ZMLH8300204F0,1Z6PH74DAP0QN7,DJI Pilot,Android,7.0.2,1EF72A62-B7C3-C88D-164E-CE6F8C8424AE,1ZN7L4R0H1D00F,1W9DL31001461C,,1ZMLH8300204F0,1W9DL31001461C,,,,,
2023-11-01,11:33:12.05 AM,8m 49.7s,529.7,33.7965831553478,-117.4759515899288,39.6,137.7,14.7,1303,4519.1,5.854632,7.569323,-5.816044,2.23694,0.671082,1.342164,0.223694,0.894776,-0.5,-1.8,1.8,172.9,172.9,171.9,Tripod,Other,,22,5,True,,True,False,,Smart,RC,False,True,False,,,True,,False,False,False,False,False,False,False,False,False,False,0,Follow Yaw,-77.9,0,164.5,164.5,False,False,False,False,False,,0,0,False,False,No Card,100,100,1024,1351,889,976,2,False,False,False,False,False,0,False,False,False,False,72,,46.524,,3589,,4986,,46.524,,True,3.882,3.882,3.882,3.882,3.882,3.882,3.882,3.882,3.882,3.882,3.882,3.882,0,,False,False,True,,,,,,,,,,,,,,,False,False,9.754,,102.0,,75.7,,102.0,,1353,112,4,22,7,144450.1,19260.02,,Idle,,20,,10,,,20,Go Home,False,False,False,False,False,False,False,False,False,False,False,False,33.8027920380556,-117.4659261431046,3790.4,3790.4,1049.4,396.9,True,1,1,False,False,False,False,,True,False,False,Course Lock,196.8,67,16.4,93,N,S,3.8,11.4,Calm,False,False,Android,7.0.2,M300 RTK,1ZN7L4R0H1D00F,1W9DL31001461C,1ZMLH8300204F0,1Z6PH74DAP0QN7,"Corona, CA",728.3,5.7,137.7,8.547347,2.013246,0,0,DJI Matrice 300 RTK,M300 RTK,1ZN7L4R0H1D00F,1W9DL31001461C,1ZMLH8300204F0,1Z6PH74DAP0QN7,DJI Pilot,Android,7.0.2,1EF72A62-B7C3-C88D-164E-CE6F8C8424AE,1ZN7L4R0H1D00F,1W9DL31001461C,,1ZMLH8300204F0,1W9DL31001461C,,,,,
2023-11-01,11:33:12.16 AM,8m 49.8s,529.8,33.7965807394473,-117.475951223449,39.6,137.7,14.7,1303,4520.0,5.854632,7.569323,-5.816044,2.23694,0.671082,1.342164,0.223694,0.894776,-0.5,-1.5,1.5,172.7,172.7,172.8,Tripod,Other,,22,5,True,,True,False,,Smart,RC,False,True,False,,,True,,False,False,False,False,False,False,False,False,False,False,0,Follow Yaw,-77.9,0,164.3,164.3,False,False,False,False,False,,0,0,False,False,No Card,100,100,1024,1354,905,964,2,False,False,False,False,False,0,False,False,False,False,72,,46.524,,3589,,4986,,46.524,,True,3.882,3.882,3.882,3.882,3.882,3.882,3.882,3.882,3.882,3.882,3.882,3.882,0,,False,False,True,,,,,,,,,,,,,,,False,False,9.754,,102.0,,75.7,,102.0,,1353,112,4,22,7,144450.1,19260.02,,Idle,,20,,10,,,20,Go Home,False,False,False,False,False,False,False,False,False,False,False,False,33.8027920380556,-117.4659261431046,3790.9,3790.9,1049.4,396.9,True,1,1,False,False,False,False,,True,False,False,Course Lock,196.8,67,16.4,93,N,S,3.8,11.4,Calm,False,False,Android,7.0.2,M300 RTK,1ZN7L4R0H1D00F,1W9DL31001461C,1ZMLH8300204F0,1Z6PH74DAP0QN7,"Corona, CA",728.3,5.7,137.7,8.547347,2.013246,0,0,DJI Matrice 300 RTK,M300 RTK,1ZN7L4R0H1D00F,1W9DL31001461C,1ZMLH8300204F0,1Z6PH74DAP0QN7,DJI Pilot,Android,7.0.2,1EF72A62-B7C3-C88D-164E-CE6F8C8424AE,1ZN7L4R0H1D00F,1W9DL31001461C,,1ZMLH8300204F0,1W9DL31001461C,,,,,
2023-11-01,11:33:12.26 AM,8m 49.9s,529.9,33.7965784541694,-117.4759508722256,39.6,137.7,14.7,1303,4520.8,5.854632,7.569323,-5.816044,2.23694,0.671082,1.342164,0.223694,0.894776,-0.6,-1.2,1.3,172.5,172.5,172.7,Tripod,Other,,22,5,True,,True,False,,Smart,RC,False,True,False,,,True,,False,False,False,False,False,False,False,False,False,False,0,Follow Yaw,-77.9,0,164.3,164.3,False,False,False,False,False,,0,0,False,False,No Card,100,100,1024,1357,918,958,2,False,False,False,False,False,0,False,False,False,False,72,,46.524,,3589,,4986,,46.524,,True,3.882,3.882,3.882,3.882,3.882,3.882,3.882,3.882,3.882,3.882,3.882,3.882,0,,False,False,True,,,,,,,,,,,,,,,False,False,9.754,,102.0,,75.7,,102.0,,1353,112,4,22,7,144450.1,19260.02,,Idle,,20,,10,,,20,Go Home,False,False,False,False,False,False,False,False,False,False,False,False,33.8027920380556,-117.4659261431046,3791.3,3791.3,1049.4,396.9,True,1,1,False,False,False,False,,True,False,False,Course Lock,196.8,67,16.4,93,N,S,3.8,11.4,Calm,False,False,Android,7.0.2,M300 RTK,1ZN7L4R0H1D00F,1W9DL31001461C,1ZMLH8300204F0,1Z6PH74DAP0QN7,"Corona, CA",728.3,5.7,137.7,8.547347,2.013246,0,0,DJI Matrice 300 RTK,M300 RTK,1ZN7L4R0H1D00F,1W9DL31001461C,1ZMLH8300204F0,1Z6PH74DAP0QN7,DJI Pilot,Android,7.0.2,1EF72A62-B7C3-C88D-164E-CE6F8C8424AE,1ZN7L4R0H1D00F,1W9DL31001461C,,1ZMLH8300204F0,1W9DL31001461C,,,,,
2023-11-01,11:33:12.36 AM,8m 50.0s,530.0,33.7965760560873,-117.4759504929636,39.6,137.7,14.7,1303,4521.7,5.854632,7.569323,-5.816044,2.23694,0.671082,1.342164,0.223694,0.894776,-0.7,-1.1,1.3,172.3,172.3,172.5,Tripod,Other,,22,5,True,,True,False,,Smart,RC,False,True,False,,,True,,False,False,False,False,False,False,False,False,False,False,0,Follow Yaw,-77.9,0,164.1,164.1,False,False,False,False,False,,0,0,False,False,No Card,100,100,1024,1358,913,955,2,False,False,False,False,False,0,False,False,False,False,72,,46.572,,7230,,10044,,46.572,,True,3.882,3.882,3.882,3.882,3.882,3.882,3.882,3.882,3.882,3.882,3.882,3.882,0,,False,False,True,,,,,,,,,,,,,,,False,False,19.582,,102.2,,75.7,,102.2,,1353,112,4,22,7,144450.1,19260.02,,Idle,,20,,10,,,20,Go Home,False,False,False,False,False,False,False,False,False,False,False,False,33.8027920380556,-117.4659261431046,3791.7,3791.7,1049.4,396.9,True,1,1,False,False,False,False,,True,False,False,Course Lock,196.8,67,16.4,93,N,S,3.8,11.4,Calm,False,False,Android,7.0.2,M300 RTK,1ZN7L4R0H1D00F,1W9DL31001461C,1ZMLH8300204F0,1Z6PH74DAP0QN7,"Corona, CA",728.3,5.7,137.7,8.547347,2.013246,0,0,DJI Matrice 300 RTK,M300 RTK,1ZN7L4R0H1D00F,1W9DL31001461C,1ZMLH8300204F0,1Z6PH74DAP0QN7,DJI Pilot,Android,7.0.2,1EF72A62-B7C3-C88D-164E-CE6F8C8424AE,1ZN7L4R0H1D00F,1W9DL31001461C,,1ZMLH8300204F0,1W9DL31001461C,,,,,
2023-11-01,11:33:12.46 AM,8m 50.1s,530.1,33.7965737725913,-117.4759500660361,39.6,137.7,14.7,1303,4522.6,5.854632,7.569323,-5.816044,2.23694,0.671082,1.342164,0.223694,0.894776,-0.7,-1.3,1.4,172.2,172.2,171.1,Tripod,Other,,22,5,True,,True,False,,Smart,RC,False,True,False,,,True,,False,False,False,False,False,False,False,False,False,False,0,Follow Yaw,-77.9,0,164,164,False,False,False,False,False,,0,0,False,False,No Card,100,100,1024,1358,913,955,2,False,False,False,False,False,0,False,False,False,False,72,,46.572,,7230,,10044,,46.572,,True,3.882,3.882,3.882,3.882,3.882,3.882,3.882,3.882,3.882,3.882,3.882,3.882,0,,False,False,True,,,,,,,,,,,,,,,False,False,19.582,,102.2,,75.7,,102.2,,1353,112,4,22,7,144450.1,19260.02,,Idle,,20,,10,,,20,Go Home,False,False,False,False,False,False,False,False,False,False,False,False,33.8027920380556,-117.4659261431046,3792.1,3792.1,1049.4,396.9,True,1,1,False,False,False,False,,True,False,False,Course Lock,196.8,67,16.4,93,N,S,3.8,11.4,Calm,False,False,Android,7.0.2,M300 RTK,1ZN7L4R0H1D00F,1W9DL31001461C,1ZMLH8300204F0,1Z6PH74DAP0QN7,"Corona, CA",728.3,5.7,137.7,8.547347,2.013246,0,0,DJI Matrice 300 RTK,M300 RTK,1ZN7L4R0H1D00F,1W9DL31001461C,1ZMLH8300204F0,1Z6PH74DAP0QN7,DJI Pilot,Android,7.0.2,1EF72A62-B7C3-C88D-164E-CE6F8C8424AE,1ZN7L4R0H1D00F,1W9DL31001461C,,1ZMLH8300204F0,1W9DL31001461C,,,,,
2023-11-01,11:33:12.56 AM,8m 50.2s,530.2,33.796571507873,-117.4759496900728,39.6,137.7,14.7,1303,4523.4,5.854632,7.569323,-5.816044,2.23694,0.671082,1.342164,0,0.894776,-0.7,-1.4,1.5,172.1,172.1,172.1,Tripod,Other,,21,5,True,,True,False,,Smart,RC,False,True,False,,,True,,False,False,False,False,False,False,False,False,False,False,0,Follow Yaw,-77.9,0,163.9,163.9,False,False,False,False,False,,0,0,False,False,No Card,100,100,1024,1360,908,953,2,False,False,False,False,False,0,False,False,False,False,72,,46.572,,7230,,10044,,46.572,,True,3.882,3.882,3.882,3.882,3.882,3.882,3.882,3.882,3.882,3.882,3.882,3.882,0,,False,False,True,,,,,,,,,,,,,,,False,False,19.582,,102.2,,75.7,,102.2,,1353,112,4,22,7,144450.1,19260.02,,Idle,,20,,10,,,20,Go Home,False,False,False,False,False,False,False,False,False,False,False,False,33.8027920380556,-117.4659261431046,3792.5,3792.5,1049.4,396.9,True,1,1,False,False,False,False,,True,False,False,Course Lock,196.8,67,16.4,93,N,S,3.8,11.4,Calm,False,False,Android,7.0.2,M300 RTK,1ZN7L4R0H1D00F,1W9DL31001461C,1ZMLH8300204F0,1Z6PH74DAP0QN7,"Corona, CA",728.3,5.7,137.7,8.547347,2.013246,0,0,DJI Matrice 300 RTK,M300 RTK,1ZN7L4R0H1D00F,1W9DL31001461C,1ZMLH8300204F0,1Z6PH74DAP0QN7,DJI Pilot,Android,7.0.2,1EF72A62-B7C3-C88D-164E-CE6F8C8424AE,1ZN7L4R0H1D00F,1W9DL31001461C,,1ZMLH8300204F0,1W9DL31001461C,,,,,
2023-11-01,11:33:12.67 AM,8m 50.3s,530.3,33.7965688421038,-117.4759492601766,39.6,137.7,14.7,1303,4524.4,5.854632,7.569323,-5.816044,2.23694,0.671082,1.342164,0,0.894776,-0.8,-1.4,1.6,172.1,172.1,172.3,Tripod,Other,,21,5,True,,True,False,,Smart,RC,False,True,False,,,True,,False,False,False,False,False,False,False,False,False,False,0,Follow Yaw,-77.9,0,163.8,163.8,False,False,False,False,False,,0,0,False,False,No Card,100,100,1024,1364,901,963,2,False,False,False,False,False,0,False,False,False,False,72,,46.572,,7230,,10044,,46.572,,True,3.884,3.884,3.884,3.884,3.884,3.884,3.884,3.884,3.884,3.884,3.884,3.884,0,,False,False,True,,,,,,,,,,,,,,,False,False,19.582,,102.2,,75.7,,102.2,,1353,113,4,22,7,144541.3,19272.18,,Idle,,20,,10,,,20,Go Home,False,False,False,False,False,False,False,False,False,False,False,False,33.8027920380556,-117.4659261431046,3793.0,3793.0,1049.4,396.9,True,1,1,False,False,False,False,,True,False,False,Course Lock,196.8,67,16.4,93,N,S,3.8,11.4,Calm,False,False,Android,7.0.2,M300 RTK,1ZN7L4R0H1D00F,1W9DL31001461C,1ZMLH8300204F0,1Z6PH74DAP0QN7,"Corona, CA",728.3,5.7,137.7,8.547347,2.013246,0,0,DJI Matrice 300 RTK,M300 RTK,1ZN7L4R0H1D00F,1W9DL31001461C,1ZMLH8300204F0,1Z6PH74DAP0QN7,DJI Pilot,Android,7.0.2,1EF72A62-B7C3-C88D-164E-CE6F8C8424AE,1ZN7L4R0H1D00F,1W9DL31001461C,,1ZMLH8300204F0,1W9DL31001461C,,,,,
2023-11-01,11:33:12.74 AM,8m 50.4s,530.4,33.7965664495043,-117.4759488406711,39.3,137.7,14.7,1303,4525.3,5.854632,7.569323,-5.816044,2.23694,0.671082,1.342164,0,0.894776,-0.8,-1.3,1.5,172,172,171.7,Tripod,Other,,21,5,True,,True,False,,Smart,RC,False,True,False,,,True,,False,False,False,False,False,False,False,False,False,False,0,Follow Yaw,-77.9,0,163.7,163.7,False,False,False,False,False,,0,0,False,False,No Card,100,100,1024,1364,896,965,2,False,False,False,False,False,0,False,False,False,False,72,,46.572,,7230,,10044,,46.572,,True,3.884,3.884,3.884,3.884,3.884,3.884,3.884,3.884,3.884,3.884,3.884,3.884,0,,False,False,True,,,,,,,,,,,,,,,False,False,19.582,,102.2,,75.7,,102.2,,1353,113,4,22,7,144541.3,19272.18,,Idle,,20,,10,,,20,Go Home,False,False,False,False,False,False,False,False,False,False,False,False,33.8027920380556,-117.4659261431046,3793.4,3793.4,1049.4,396.9,True,1,1,False,False,False,False,,True,False,False,Course Lock,196.8,67,16.4,93,N,S,3.8,11.4,Calm,False,False,Android,7.0.2,M300 RTK,1ZN7L4R0H1D00F,1W9DL31001461C,1ZMLH8300204F0,1Z6PH74DAP0QN7,"Corona, CA",728.3,5.7,137.7,8.547347,2.013246,0,0,DJI Matrice 300 RTK,M300 RTK,1ZN7L4R0H1D00F,1W9DL31001461C,1ZMLH8300204F0,1Z6PH74DAP0QN7,DJI Pilot,Android,7.0.2,1EF72A62-B7C3-C88D-164E-CE6F8C8424AE,1ZN7L4R0H1D00F,1W9DL31001461C,,1ZMLH8300204F0,1W9DL31001461C,,,,,
2023-11-01,11:33:12.84 AM,8m 50.5s,530.5,33.7965642093207,-117.475948360388,39.3,137.7,14.7,1303,4526.1,5.854632,7.569323,-5.816044,2.23694,0.671082,1.342164,0,0.894776,-0.7,-1.1,1.3,171.9,171.9,169.8,Tripod,Other,,21,5,True,,True,False,,Smart,RC,False,True,False,,,True,,False,False,False,False,False,False,False,False,False,False,0,Follow Yaw,-77.9,0,163.6,163.6,False,False,False,False,False,,0,0,False,False,No Card,100,100,1024,1364,892,964,2,False,False,False,False,False,0,False,False,False,False,72,,46.572,,7230,,10044,,46.572,,True,3.884,3.884,3.884,3.884,3.884,3.884,3.884,3.884,3.884,3.884,3.884,3.884,0,,False,False,True,,,,,,,,,,,,,,,False,False,19.582,,102.2,,75.7,,102.2,,1353,113,4,22,7,144541.3,19272.18,,Idle,,20,,10,,,20,Go Home,False,False,False,False,False,False,False,False,False,False,False,False,33.8027920380556,-117.4659261431046,3793.8,3793.8,1049.4,396.9,True,1,1,False,False,False,False,,True,False,False,Course Lock,196.8,67,16.4,93,N,S,3.8,11.4,Calm,False,False,Android,7.0.2,M300 RTK,1ZN7L4R0H1D00F,1W9DL31001461C,1ZMLH8300204F0,1Z6PH74DAP0QN7,"Corona, CA",728.3,5.7,137.7,8.547347,2.013246,0,0,DJI Matrice 300 RTK,M300 RTK,1ZN7L4R0H1D00F,1W9DL31001461C,1ZMLH8300204F0,1Z6PH74DAP0QN7,DJI Pilot,Android,7.0.2,1EF72A62-B7C3-C88D-164E-CE6F8C8424AE,1ZN7L4R0H1D00F,1W9DL31001461C,,1ZMLH8300204F0,1W9DL31001461C,,,,,
2023-11-01,11:33:12.94 AM,8m 50.6s,530.6,33.7965618231632,-117.4759479207608,39.3,137.7,14.7,1303,4527.0,5.854632,7.569323,-5.816044,2.23694,0.671082,1.342164,0,0.894776,-0.7,-0.9,1.1,171.8,171.8,171.2,Tripod,Other,,21,5,True,,True,False,,Smart,RC,False,True,False,,,True,,False,False,False,False,False,False,False,False,False,False,0,Follow Yaw,-77.9,0,163.6,163.6,False,False,False,False,False,,0,0,False,False,No Card,100,100,1024,1363,868,904,2,False,False,False,False,False,0,False,False,False,False,72,,46.572,,7230,,10044,,46.572,,True,3.884,3.884,3.884,3.884,3.884,3.884,3.884,3.884,3.884,3.884,3.884,3.884,0,,False,False,True,,,,,,,,,,,,,,,False,False,19.582,,102.2,,75.7,,102.2,,1353,113,4,22,7,144541.3,19272.18,,Idle,,20,,10,,,20,Go Home,False,False,False,False,False,False,False,False,False,False,False,False,33.8027920380556,-117.4659261431046,3794.2,3794.2,1049.4,396.9,True,1,1,False,False,False,False,,True,False,False,Course Lock,196.8,67,16.4,93,N,S,3.8,11.4,Calm,False,False,Android,7.0.2,M300 RTK,1ZN7L4R0H1D00F,1W9DL31001461C,1ZMLH8300204F0,1Z6PH74DAP0QN7,"Corona, CA",728.3,5.7,137.7,8.547347,2.013246,0,0,DJI Matrice 300 RTK,M300 RTK,1ZN7L4R0H1D00F,1W9DL31001461C,1ZMLH8300204F0,1Z6PH74DAP0QN7,DJI Pilot,Android,7.0.2,1EF72A62-B7C3-C88D-164E-CE6F8C8424AE,1ZN7L4R0H1D00F,1W9DL31001461C,,1ZMLH8300204F0,1W9DL31001461C,,,,,
2023-11-01,11:33:13.04 AM,8m 50.7s,530.7,33.7965593096728,-117.4759474634859,39.3,137.7,15.0,1303,4527.9,5.854632,7.569323,-5.816044,2.23694,0.671082,1.342164,0,0.894776,-0.7,-1,1.2,171.7,171.7,171.4,Tripod,Other,,21,5,True,,True,False,,Smart,RC,False,True,False,,,True,,False,False,False,False,False,False,False,False,False,False,0,Follow Yaw,-77.9,0,163.4,163.4,False,False,False,False,False,,0,0,False,False,No Card,100,100,1024,1363,868,904,2,False,False,False,False,False,0,False,False,False,False,72,,46.524,,3589,,4986,,46.524,,True,3.884,3.884,3.884,3.884,3.884,3.884,3.884,3.884,3.884,3.884,3.884,3.884,0,,False,False,True,,,,,,,,,,,,,,,False,False,9.852,,102.0,,75.7,,102.2,,1353,113,4,22,7,144541.3,19272.18,,Idle,,20,,10,,,20,Go Home,False,False,False,False,False,False,False,False,False,False,False,False,33.8027920380556,-117.4659261431046,3794.6,3794.6,1049.4,396.9,True,1,1,False,False,False,False,,True,False,False,Course Lock,196.8,67,16.4,93,N,S,3.8,11.4,Calm,False,False,Android,7.0.2,M300 RTK,1ZN7L4R0H1D00F,1W9DL31001461C,1ZMLH8300204F0,1Z6PH74DAP0QN7,"Corona, CA",728.3,5.7,137.7,8.547347,2.013246,0,0,DJI Matrice 300 RTK,M300 RTK,1ZN7L4R0H1D00F,1W9DL31001461C,1ZMLH8300204F0,1Z6PH74DAP0QN7,DJI Pilot,Android,7.0.2,1EF72A62-B7C3-C88D-164E-CE6F8C8424AE,1ZN7L4R0H1D00F,1W9DL31001461C,,1ZMLH8300204F0,1W9DL31001461C,,,,,
2023-11-01,11:33:13.14 AM,8m 50.8s,530.8,33.7965570483812,-117.4759470337546,39.3,137.7,15.0,1303,4528.7,5.854632,7.569323,-5.816044,2.23694,0.671082,1.342164,0,0.894776,-0.9,-1.3,1.5,171.5,171.5,171.0,Tripod,Other,,21,5,True,,True,False,,Smart,RC,False,True,False,,,True,,False,False,False,False,False,False,False,False,False,False,0,Follow Yaw,-77.9,0,163.2,163.2,False,False,False,False,False,,0,0,False,False,No Card,100,100,1024,1361,873,875,2,False,False,False,False,False,0,False,False,False,False,72,,46.524,,3589,,4986,,46.524,,True,3.884,3.884,3.884,3.884,3.884,3.884,3.884,3.884,3.884,3.884,3.884,3.884,0,,False,False,True,,,,,,,,,,,,,,,False,False,9.852,,102.0,,75.7,,102.2,,1353,113,4,22,7,144541.3,19272.18,,Idle,,20,,10,,,20,Go Home,False,False,False,False,False,False,False,False,False,False,False,False,33.8027920380556,-117.4659261431046,3795.0,3795.0,1049.4,396.9,True,1,1,False,False,False,False,,True,False,False,Course Lock,196.8,67,16.4,93,N,S,3.57,11.4,Calm,False,False,Android,7.0.2,M300 RTK,1ZN7L4R0H1D00F,1W9DL31001461C,1ZMLH8300204F0,1Z6PH74DAP0QN7,"Corona, CA",728.3,5.7,137.7,8.547347,2.013246,0,0,DJI Matrice 300 RTK,M300 RTK,1ZN7L4R0H1D00F,1W9DL31001461C,1ZMLH8300204F0,1Z6PH74DAP0QN7,DJI Pilot,Android,7.0.2,1EF72A62-B7C3-C88D-164E-CE6F8C8424AE,1ZN7L4R0H1D00F,1W9DL31001461C,,1ZMLH8300204F0,1W9DL31001461C,,,,,
2023-11-01,11:33:13.24 AM,8m 50.9s,530.9,33.7965545442111,-117.4759466183724,39.3,137.7,15.0,1303,4529.7,5.88447,7.569323,-5.816044,2.23694,0.894776,1.342164,0,0.894776,-1.2,-1.7,2,171.4,171.4,172.1,Tripod,Other,,21,5,True,,True,False,,Smart,RC,False,True,False,,,True,,False,False,False,False,False,False,False,False,False,False,0,Follow Yaw,-77.9,0,162.9,162.9,False,False,False,False,False,,0,0,False,False,No Card,100,100,1024,1362,880,914,2,False,False,False,False,False,0,False,False,False,False,72,,46.524,,3589,,4986,,46.524,,True,3.884,3.884,3.884,3.884,3.884,3.884,3.884,3.884,3.884,3.884,3.884,3.884,0,,False,False,True,,,,,,,,,,,,,,,False,False,9.852,,102.0,,75.7,,102.2,,1353,113,4,22,7,144541.3,19272.18,,Idle,,20,,10,,,20,Go Home,False,False,False,False,False,False,False,False,False,False,False,False,33.8027920380556,-117.4659261431046,3795.5,3795.5,1049.4,396.9,True,1,1,False,False,False,False,,True,False,False,Course Lock,196.8,67,16.4,93,N,S,3.57,11.4,Calm,False,False,Android,7.0.2,M300 RTK,1ZN7L4R0H1D00F,1W9DL31001461C,1ZMLH8300204F0,1Z6PH74DAP0QN7,"Corona, CA",728.3,5.7,137.7,8.547347,2.013246,0,0,DJI Matrice 300 RTK,M300 RTK,1ZN7L4R0H1D00F,1W9DL31001461C,1ZMLH8300204F0,1Z6PH74DAP0QN7,DJI Pilot,Android,7.0.2,1EF72A62-B7C3-C88D-164E-CE6F8C8424AE,1ZN7L4R0H1D00F,1W9DL31001461C,,1ZMLH8300204F0,1W9DL31001461C,,,,,
2023-11-01,11:33:13.34 AM,8m 51.0s,531.0,33.7965521661404,-117.4759461359452,39.3,137.7,15.0,1303,4530.5,5.88447,7.569323,-5.816044,2.23694,0.894776,1.342164,0,0.894776,-1.4,-1.9,2.3,171.2,171.2,170.4,Tripod,Other,,21,5,True,,True,False,,Smart,RC,False,True,False,,,True,,False,False,False,False,False,False,False,False,False,False,0,Follow Yaw,-77.9,0,162.7,162.7,False,False,False,False,False,,0,0,False,False,No Card,100,100,1024,1362,883,941,2,False,False,False,False,False,0,False,False,False,False,72,,46.572,,7230,,10044,,46.572,,True,3.884,3.884,3.884,3.884,3.884,3.884,3.884,3.884,3.884,3.884,3.884,3.884,0,,False,False,True,,,,,,,,,,,,,,,False,False,19.68,,102.2,,75.7,,102.2,,1353,113,4,22,7,144541.3,19272.18,,Idle,,20,,10,,,20,Go Home,False,False,False,False,False,False,False,False,False,False,False,False,33.8027920380556,-117.4659261431046,3795.9,3795.9,1049.4,396.9,True,1,1,False,False,False,False,,True,False,False,Course Lock,196.8,67,16.4,93,N,S,3.57,11.4,Calm,False,False,Android,7.0.2,M300 RTK,1ZN7L4R0H1D00F,1W9DL31001461C,1ZMLH8300204F0,1Z6PH74DAP0QN7,"Corona, CA",728.3,5.7,137.7,8.547347,2.013246,0,0,DJI Matrice 300 RTK,M300 RTK,1ZN7L4R0H1D00F,1W9DL31001461C,1ZMLH8300204F0,1Z6PH74DAP0QN7,DJI Pilot,Android,7.0.2,1EF72A62-B7C3-C88D-164E-CE6F8C8424AE,1ZN7L4R0H1D00F,1W9DL31001461C,,1ZMLH8300204F0,1W9DL31001461C,,,,,
2023-11-01,11:33:13.44 AM,8m 51.1s,531.1,33.7965497580527,-117.4759455675883,39.3,137.7,15.0,1303,4531.4,5.88447,7.569323,-5.816044,2.23694,0.894776,1.342164,0,0.894776,-1.2,-1.4,1.8,171,171,168.9,Tripod,Other,,21,5,True,,True,False,,Smart,RC,False,True,False,,,True,,False,False,False,False,False,False,False,False,False,False,0,Follow Yaw,-77.9,0,162.5,162.5,False,False,False,False,False,,0,0,False,False,No Card,100,100,1024,1361,885,949,2,False,False,False,False,False,0,False,False,False,False,72,,46.572,,7230,,10044,,46.572,,True,3.884,3.884,3.884,3.884,3.884,3.884,3.884,3.884,3.884,3.884,3.884,3.884,0,,False,False,True,,,,,,,,,,,,,,,False,False,19.68,,102.2,,75.7,,102.2,,1353,113,4,22,7,144541.3,19272.18,,Idle,,20,,10,,,20,Go Home,False,False,False,False,False,False,False,False,False,False,False,False,33.8027920380556,-117.4659261431046,3796.3,3796.3,1049.4,396.9,True,1,1,False,False,False,False,,True,False,False,Course Lock,196.8,67,16.4,93,N,S,3.57,11.4,Calm,False,False,Android,7.0.2,M300 RTK,1ZN7L4R0H1D00F,1W9DL31001461C,1ZMLH8300204F0,1Z6PH74DAP0QN7,"Corona, CA",728.3,5.7,137.7,8.547347,2.013246,0,0,DJI Matrice 300 RTK,M300 RTK,1ZN7L4R0H1D00F,1W9DL31001461C,1ZMLH8300204F0,1Z6PH74DAP0QN7,DJI Pilot,Android,7.0.2,1EF72A62-B7C3-C88D-164E-CE6F8C8424AE,1ZN7L4R0H1D00F,1W9DL31001461C,,1ZMLH8300204F0,1W9DL31001461C,,,,,
2023-11-01,11:33:13.54 AM,8m 51.2s,531.2,33.7965473725805,-117.4759450308984,39.3,137.7,15.0,1303,4532.3,5.88447,7.569323,-5.816044,2.23694,0.894776,1.342164,0,0.894776,-0.6,-1.1,1.2,170.6,170.6,169.4,Tripod,Other,,22,5,True,,True,False,,Smart,RC,False,True,False,,,True,,False,False,False,False,False,False,False,False,False,False,0,Follow Yaw,-77.9,0,162.4,162.4,False,False,False,False,False,,0,0,False,False,No Card,100,100,1024,1359,881,999,2,False,False,False,False,False,0,False,False,False,False,72,,46.572,,7230,,10044,,46.572,,True,3.884,3.884,3.884,3.884,3.884,3.884,3.884,3.884,3.884,3.884,3.884,3.884,0,,False,False,True,,,,,,,,,,,,,,,False,False,19.68,,102.2,,75.7,,102.2,,1353,113,4,22,7,144541.3,19272.18,,Idle,,20,,10,,,20,Go Home,False,False,False,False,False,False,False,False,False,False,False,False,33.8027920380556,-117.4659261431046,3796.6,3796.6,1049.4,396.9,True,1,1,False,False,False,False,,True,False,False,Course Lock,196.8,67,16.4,93,N,S,3.57,11.4,Calm,False,False,Android,7.0.2,M300 RTK,1ZN7L4R0H1D00F,1W9DL31001461C,1ZMLH8300204F0,1Z6PH74DAP0QN7,"Corona, CA",728.3,5.7,137.7,8.547347,2.013246,0,0,DJI Matrice 300 RTK,M300 RTK,1ZN7L4R0H1D00F,1W9DL31001461C,1ZMLH8300204F0,1Z6PH74DAP0QN7,DJI Pilot,Android,7.0.2,1EF72A62-B7C3-C88D-164E-CE6F8C8424AE,1ZN7L4R0H1D00F,1W9DL31001461C,,1ZMLH8300204F0,1W9DL31001461C,,,,,
2023-11-01,11:33:13.64 AM,8m 51.3s,531.3,33.796545126366,-117.4759444727672,39.3,137.7,15.0,1303,4533.2,5.88447,7.569323,-5.816044,2.23694,0.894776,1.342164,0,0.894776,-0.3,-0.9,0.9,170.4,170.4,168.3,Tripod,Other,,22,5,True,,True,False,,Smart,RC,False,True,False,,,True,,False,False,False,False,False,False,False,False,False,False,0,Follow Yaw,-77.9,0,162.3,162.3,False,False,False,False,False,,0,0,False,False,No Card,100,100,1024,1358,852,1024,2,False,False,False,False,False,0,False,False,False,False,72,,46.572,,7230,,10044,,46.572,,True,3.883,3.883,3.883,3.883,3.883,3.883,3.883,3.883,3.883,3.883,3.883,3.883,0,,False,False,True,,,,,,,,,,,,,,,False,False,19.68,,102.2,,75.7,,102.2,,1353,113,4,22,7,144788.3,19305.10,,Idle,,20,,10,,,20,Go Home,False,False,False,False,False,False,False,False,False,False,False,False,33.8027920380556,-117.4659261431046,3797.0,3797.0,1049.4,396.9,True,1,1,False,False,False,False,,True,False,False,Course Lock,196.8,67,16.4,93,N,S,3.57,11.4,Calm,False,False,Android,7.0.2,M300 RTK,1ZN7L4R0H1D00F,1W9DL31001461C,1ZMLH8300204F0,1Z6PH74DAP0QN7,"Corona, CA",728.3,5.7,137.7,8.547347,2.013246,0,0,DJI Matrice 300 RTK,M300 RTK,1ZN7L4R0H1D00F,1W9DL31001461C,1ZMLH8300204F0,1Z6PH74DAP0QN7,DJI Pilot,Android,7.0.2,1EF72A62-B7C3-C88D-164E-CE6F8C8424AE,1ZN7L4R0H1D00F,1W9DL31001461C,,1ZMLH8300204F0,1W9DL31001461C,,,,,
2023-11-01,11:33:13.74 AM,8m 51.4s,531.4,33.7965427731041,-117.4759439054824,39.3,137.7,15.0,1303,4534.0,5.7031,7.569323,-5.59235,2.23694,1.11847,1.342164,0,0.894776,-0.6,-0.6,0.8,170.2,170.2,168.6,Tripod,Other,,22,5,True,,True,False,,Smart,RC,False,True,False,,,True,,False,False,False,False,False,False,False,False,False,False,0,Follow Yaw,-77.9,0,162.3,162.3,False,False,False,False,False,,0,0,False,False,No Card,100,100,1024,1357,819,1024,2,False,False,False,False,False,0,False,False,False,False,72,,46.572,,7230,,10044,,46.572,,True,3.883,3.883,3.883,3.883,3.883,3.883,3.883,3.883,3.883,3.883,3.883,3.883,0,,False,False,True,,,,,,,,,,,,,,,False,False,19.68,,102.2,,75.7,,102.2,,1353,113,4,22,7,144788.3,19305.10,,Idle,,20,,10,,,20,Go Home,False,False,False,False,False,False,False,False,False,False,False,False,33.8027920380556,-117.4659261431046,3797.4,3797.4,1049.4,396.9,True,1,1,False,False,False,False,,True,False,False,Course Lock,196.8,67,16.4,93,N,S,3.57,11.4,Calm,False,False,Android,7.0.2,M300 RTK,1ZN7L4R0H1D00F,1W9DL31001461C,1ZMLH8300204F0,1Z6PH74DAP0QN7,"Corona, CA",728.3,5.7,137.7,8.547347,2.013246,0,0,DJI Matrice 300 RTK,M300 RTK,1ZN7L4R0H1D00F,1W9DL31001461C,1ZMLH8300204F0,1Z6PH74DAP0QN7,DJI Pilot,Android,7.0.2,1EF72A62-B7C3-C88D-164E-CE6F8C8424AE,1ZN7L4R0H1D00F,1W9DL31001461C,,1ZMLH8300204F0,1W9DL31001461C,,,,,
2023-11-01,11:33:13.81 AM,8m 51.5s,531.5,33.796540217946,-117.4759432863262,39.3,137.7,15.4,1303,4535.0,5.7031,7.569323,-5.59235,2.23694,1.11847,1.342164,0,0.894776,-1,-0.3,1,170,170,168.6,Tripod,Other,,22,5,True,,True,False,,Smart,RC,False,True,False,,,True,,False,False,False,False,False,False,False,False,False,False,0,Follow Yaw,-77.9,0,162.3,162.3,False,False,False,False,False,,0,0,False,False,No Card,100,100,1024,1358,761,1024,2,False,False,False,False,False,0,False,False,False,False,72,,46.572,,7230,,10044,,46.572,,True,3.883,3.883,3.883,3.883,3.883,3.883,3.883,3.883,3.883,3.883,3.883,3.883,0,,False,False,True,,,,,,,,,,,,,,,False,False,19.68,,102.2,,75.7,,102.2,,1353,113,4,22,7,144788.3,19305.10,,Idle,,20,,10,,,20,Go Home,False,False,False,False,False,False,False,False,False,False,False,False,33.8027920380556,-117.4659261431046,3797.8,3797.8,1049.4,396.9,True,1,1,False,False,False,False,,True,False,False,Course Lock,196.8,67,16.4,93,N,S,3.57,11.4,Calm,False,False,Android,7.0.2,M300 RTK,1ZN7L4R0H1D00F,1W9DL31001461C,1ZMLH8300204F0,1Z6PH74DAP0QN7,"Corona, CA",728.3,5.7,137.7,8.547347,2.013246,0,0,DJI Matrice 300 RTK,M300 RTK,1ZN7L4R0H1D00F,1W9DL31001461C,1ZMLH8300204F0,1Z6PH74DAP0QN7,DJI Pilot,Android,7.0.2,1EF72A62-B7C3-C88D-164E-CE6F8C8424AE,1ZN7L4R0H1D00F,1W9DL31001461C,,1ZMLH8300204F0,1W9DL31001461C,,,,,
2023-11-01,11:33:13.94 AM,8m 51.6s,531.6,33.7965379778994,-117.4759427250614,39.0,137.7,15.4,1303,4535.8,5.7031,7.569323,-5.59235,2.23694,1.11847,1.342164,0.223694,0.894776,-1.4,-0.1,1.4,170,170,168.2,Tripod,Other,,22,5,True,,True,False,,Smart,RC,False,True,False,,,True,,False,False,False,False,False,False,False,False,False,False,0,Follow Yaw,-77.9,0,162.3,162.3,False,False,False,False,False,,0,0,False,False,No Card,100,100,1024,1358,759,1024,2,False,False,False,False,False,0,False,False,False,False,72,,46.572,,7230,,10044,,46.572,,True,3.883,3.883,3.883,3.883,3.883,3.883,3.883,3.883,3.883,3.883,3.883,3.883,0,,False,False,True,,,,,,,,,,,,,,,False,False,19.68,,102.2,,75.7,,102.2,,1353,113,4,22,7,144788.3,19305.10,,Idle,,20,,10,,,20,Go Home,False,False,False,False,False,False,False,False,False,False,False,False,33.8027920380556,-117.4659261431046,3798.1,3798.1,1049.4,396.9,True,1,1,False,False,False,False,,True,False,False,Course Lock,196.8,67,16.4,93,N,S,3.57,11.4,Calm,False,False,Android,7.0.2,M300 RTK,1ZN7L4R0H1D00F,1W9DL31001461C,1ZMLH8300204F0,1Z6PH74DAP0QN7,"Corona, CA",728.3,5.7,137.7,8.547347,2.013246,0,0,DJI Matrice 300 RTK,M300 RTK,1ZN7L4R0H1D00F,1W9DL31001461C,1ZMLH8300204F0,1Z6PH74DAP0QN7,DJI Pilot,Android,7.0.2,1EF72A62-B7C3-C88D-164E-CE6F8C8424AE,1ZN7L4R0H1D00F,1W9DL31001461C,,1ZMLH8300204F0,1W9DL31001461C,,,,,
2023-11-01,11:33:14.04 AM,8m 51.7s,531.7,33.7965357843177,-117.4759422353772,39.0,137.7,15.4,1303,4536.6,5.7031,7.569323,-5.59235,2.23694,1.11847,1.342164,0.223694,0.894776,-1.8,0,1.8,170.1,170.1,169.4,Tripod,Other,,22,5,True,,True,False,,Smart,RC,False,True,False,,,True,,False,False,False,False,False,False,False,False,False,False,0,Follow Yaw,-77.9,0,162.3,162.3,False,False,False,False,False,,0,0,False,False,No Card,100,100,1024,1360,899,1024,2,False,False,False,False,False,0,False,False,False,False,72,,46.572,,7230,,10044,,46.572,,True,3.883,3.883,3.883,3.883,3.883,3.883,3.883,3.883,3.883,3.883,3.883,3.883,0,,False,False,True,,,,,,,,,,,,,,,False,False,19.68,,102.2,,75.7,,102.2,,1353,113,4,22,7,144788.3,19305.10,,Idle,,20,,10,,,20,Go Home,False,False,False,False,False,False,False,False,False,False,False,False,33.8027920380556,-117.4659261431046,3798.5,3798.5,1049.4,396.9,True,1,1,False,False,False,False,,True,False,False,Course Lock,196.8,67,16.4,93,N,S,3.57,11.4,Calm,False,False,Android,7.0.2,M300 RTK,1ZN7L4R0H1D00F,1W9DL31001461C,1ZMLH8300204F0,1Z6PH74DAP0QN7,"Corona, CA",728.3,5.7,137.7,8.547347,2.013246,0,0,DJI Matrice 300 RTK,M300 RTK,1ZN7L4R0H1D00F,1W9DL31001461C,1ZMLH8300204F0,1Z6PH74DAP0QN7,DJI Pilot,Android,7.0.2,1EF72A62-B7C3-C88D-164E-CE6F8C8424AE,1ZN7L4R0H1D00F,1W9DL31001461C,,1ZMLH8300204F0,1W9DL31001461C,,,,,
2023-11-01,11:33:14.14 AM,8m 51.8s,531.8,33.7965334324264,-117.4759416594334,39.0,137.7,15.0,1303,4537.5,5.7031,7.569323,-5.59235,2.23694,1.11847,1.342164,0.447388,0.894776,-1.9,0.2,1.9,170.2,170.2,168.4,Tripod,Other,,22,5,True,,True,False,,Smart,RC,False,True,False,,,True,,False,False,False,False,False,False,False,False,False,False,0,Follow Yaw,-77.9,0,162.3,162.3,False,False,False,False,False,,0,0,False,False,No Card,100,100,1024,1364,970,1024,2,False,False,False,False,False,0,False,False,False,False,72,,46.572,,7230,,10044,,46.572,,True,3.883,3.883,3.883,3.883,3.883,3.883,3.883,3.883,3.883,3.883,3.883,3.883,0,,False,False,True,,,,,,,,,,,,,,,False,False,19.68,,102.2,,75.7,,102.2,,1353,113,4,22,7,144788.3,19305.10,,Idle,,20,,10,,,20,Go Home,False,False,False,False,False,False,False,False,False,False,False,False,33.8027920380556,-117.4659261431046,3798.9,3798.9,1049.4,396.9,True,1,1,False,False,False,False,,True,False,False,Course Lock,196.8,67,16.4,93,N,S,3.57,11.4,Calm,False,False,Android,7.0.2,M300 RTK,1ZN7L4R0H1D00F,1W9DL31001461C,1ZMLH8300204F0,1Z6PH74DAP0QN7,"Corona, CA",728.3,5.7,137.7,8.547347,2.013246,0,0,DJI Matrice 300 RTK,M300 RTK,1ZN7L4R0H1D00F,1W9DL31001461C,1ZMLH8300204F0,1Z6PH74DAP0QN7,DJI Pilot,Android,7.0.2,1EF72A62-B7C3-C88D-164E-CE6F8C8424AE,1ZN7L4R0H1D00F,1W9DL31001461C,,1ZMLH8300204F0,1W9DL31001461C,,,,,
2023-11-01,11:33:14.23 AM,8m 51.9s,531.9,33.7965308443728,-117.4759407821582,39.0,137.7,15.0,1303,4538.5,5.922612,7.569323,-5.816044,2.23694,1.11847,1.342164,0.447388,0.894776,-1.7,0.4,1.7,170.3,170.3,164.2,Tripod,Other,,22,5,True,,True,False,,Smart,RC,False,True,False,,,True,,False,False,False,False,False,False,False,False,False,False,0,Follow Yaw,-77.9,0,162.3,162.3,False,False,False,False,False,,0,0,False,False,No Card,100,100,1024,1364,969,1024,2,False,False,False,False,False,0,False,False,False,False,72,,46.572,,7230,,10044,,46.572,,True,3.883,3.883,3.883,3.883,3.883,3.883,3.883,3.883,3.883,3.883,3.883,3.883,0,,False,False,True,,,,,,,,,,,,,,,False,False,19.68,,102.2,,75.7,,102.2,,1353,113,4,22,7,144788.3,19305.10,,Idle,,20,,10,,,20,Go Home,False,False,False,False,False,False,False,False,False,False,False,False,33.8027920380556,-117.4659261431046,3799.2,3799.2,1049.4,396.9,True,1,1,False,False,False,False,,True,False,False,Course Lock,196.8,67,16.4,93,N,S,3.57,11.4,Calm,False,False,Android,7.0.2,M300 RTK,1ZN7L4R0H1D00F,1W9DL31001461C,1ZMLH8300204F0,1Z6PH74DAP0QN7,"Corona, CA",728.3,5.7,137.7,8.547347,2.013246,0,0,DJI Matrice 300 RTK,M300 RTK,1ZN7L4R0H1D00F,1W9DL31001461C,1ZMLH8300204F0,1Z6PH74DAP0QN7,DJI Pilot,Android,7.0.2,1EF72A62-B7C3-C88D-164E-CE6F8C8424AE,1ZN7L4R0H1D00F,1W9DL31001461C,,1ZMLH8300204F0,1W9DL31001461C,,,,,
2023-11-01,11:33:14.34 AM,8m 52.0s,532.0,33.7965284604084,-117.4759402153681,39.0,137.7,15.0,1303,4539.4,5.88447,7.569323,-5.816044,2.23694,0.894776,1.342164,0.223694,0.894776,-1.2,0.1,1.2,170.3,170.3,168.8,Tripod,Other,,22,5,True,,True,False,,Smart,RC,False,True,False,,,True,,False,False,False,False,False,False,False,False,False,False,0,Follow Yaw,-77.9,0,162.3,162.3,False,False,False,False,False,,0,0,False,False,No Card,100,100,1024,1366,953,1024,2,False,False,False,False,False,0,False,False,False,False,72,,46.512,,3589,,4986,,46.512,,True,3.883,3.883,3.883,3.883,3.883,3.883,3.883,3.883,3.883,3.883,3.883,3.883,0,,False,False,True,,,,,,,,,,,,,,,False,False,9.902,,102.2,,75.7,,102.2,,1353,113,4,22,7,144788.3,19305.10,,Idle,,20,,10,,,20,Go Home,False,False,False,False,False,False,False,False,False,False,False,False,33.8027920380556,-117.4659261431046,3799.6,3799.6,1049.4,396.9,True,1,1,False,False,False,False,,True,False,False,Course Lock,196.8,67,16.4,93,N,S,3.57,11.4,Calm,False,False,Android,7.0.2,M300 RTK,1ZN7L4R0H1D00F,1W9DL31001461C,1ZMLH8300204F0,1Z6PH74DAP0QN7,"Corona, CA",728.3,5.7,137.7,8.547347,2.013246,0,0,DJI Matrice 300 RTK,M300 RTK,1ZN7L4R0H1D00F,1W9DL31001461C,1ZMLH8300204F0,1Z6PH74DAP0QN7,DJI Pilot,Android,7.0.2,1EF72A62-B7C3-C88D-164E-CE6F8C8424AE,1ZN7L4R0H1D00F,1W9DL31001461C,,1ZMLH8300204F0,1W9DL31001461C,,,,,
2023-11-01,11:33:14.43 AM,8m 52.1s,532.1,33.7965259003159,-117.475939619385,39.0,137.7,15.0,1303,4540.3,5.88447,7.569323,-5.816044,2.23694,0.894776,1.342164,0.223694,0.894776,-1.1,-0.4,1.1,170.2,170.2,169.0,Tripod,Other,,22,5,True,,True,False,,Smart,RC,False,True,False,,,True,,False,False,False,False,False,False,False,False,False,False,0,Follow Yaw,-77.9,0,162.3,162.3,False,False,False,False,False,,0,0,False,False,No Card,100,100,1024,1366,939,1024,2,False,False,False,False,False,0,False,False,False,False,72,,46.512,,3589,,4986,,46.512,,True,3.883,3.883,3.883,3.883,3.883,3.883,3.883,3.883,3.883,3.883,3.883,3.883,0,,False,False,True,,,,,,,,,,,,,,,False,False,9.902,,102.2,,75.7,,102.2,,1353,113,4,22,7,144788.3,19305.10,,Idle,,20,,10,,,20,Go Home,False,False,False,False,False,False,False,False,False,False,False,False,33.8027920380556,-117.4659261431046,3800.0,3800.0,1049.4,396.9,True,1,1,False,False,False,False,,True,False,False,Course Lock,196.8,67,16.4,93,N,S,3.57,11.4,Calm,False,False,Android,7.0.2,M300 RTK,1ZN7L4R0H1D00F,1W9DL31001461C,1ZMLH8300204F0,1Z6PH74DAP0QN7,"Corona, CA",728.3,5.7,137.7,8.547347,2.013246,0,0,DJI Matrice 300 RTK,M300 RTK,1ZN7L4R0H1D00F,1W9DL31001461C,1ZMLH8300204F0,1Z6PH74DAP0QN7,DJI Pilot,Android,7.0.2,1EF72A62-B7C3-C88D-164E-CE6F8C8424AE,1ZN7L4R0H1D00F,1W9DL31001461C,,1ZMLH8300204F0,1W9DL31001461C,,,,,
2023-11-01,11:33:14.53 AM,8m 52.2s,532.2,33.7965234999038,-117.475939055976,38.7,137.7,15.0,1302,4541.2,5.88447,7.569323,-5.816044,2.23694,0.894776,1.342164,0.223694,0.894776,-1.4,-0.7,1.5,170.2,170.2,168.9,Tripod,Other,,22,5,True,,True,False,,Smart,RC,False,True,False,,,True,,False,False,False,False,False,False,False,False,False,False,0,Follow Yaw,-77.9,0,162.3,162.3,False,False,False,False,False,,0,0,False,False,No Card,100,100,1024,1367,937,1024,2,False,False,False,False,False,0,False,False,False,False,72,,46.512,,3589,,4986,,46.512,,True,3.883,3.883,3.883,3.883,3.883,3.883,3.883,3.883,3.883,3.883,3.883,3.883,0,,False,False,True,,,,,,,,,,,,,,,False,False,9.902,,102.2,,75.7,,102.2,,1353,113,4,22,7,144788.3,19305.10,,Idle,,20,,10,,,20,Go Home,False,False,False,False,False,False,False,False,False,False,False,False,33.8027920380556,-117.4659261431046,3800.4,3800.4,1049.4,396.9,True,1,1,False,False,False,False,,True,False,False,Course Lock,196.8,67,16.4,93,N,S,3.57,11.4,Calm,False,False,Android,7.0.2,M300 RTK,1ZN7L4R0H1D00F,1W9DL31001461C,1ZMLH8300204F0,1Z6PH74DAP0QN7,"Corona, CA",728.3,5.7,137.7,8.547347,2.013246,0,0,DJI Matrice 300 RTK,M300 RTK,1ZN7L4R0H1D00F,1W9DL31001461C,1ZMLH8300204F0,1Z6PH74DAP0QN7,DJI Pilot,Android,7.0.2,1EF72A62-B7C3-C88D-164E-CE6F8C8424AE,1ZN7L4R0H1D00F,1W9DL31001461C,,1ZMLH8300204F0,1W9DL31001461C,,,,,
2023-11-01,11:33:14.64 AM,8m 52.3s,532.3,33.7965211604854,-117.4759384963605,38.7,137.7,15.0,1302,4542.1,5.88447,7.569323,-5.816044,2.23694,0.894776,1.342164,0,0.894776,-1.8,-0.5,1.8,170.2,170.2,168.7,Tripod,Other,,22,5,True,,True,False,,Smart,RC,False,True,False,,,True,,False,False,False,False,False,False,False,False,False,False,0,Follow Yaw,-77.9,0,162.3,162.3,False,False,False,False,False,,0,0,False,False,No Card,100,100,1024,1366,936,1024,2,False,False,False,False,False,0,False,False,False,False,72,,46.512,,3589,,4986,,46.512,,True,3.879,3.879,3.879,3.879,3.879,3.879,3.879,3.879,3.879,3.879,3.879,3.879,0,,False,False,True,,,,,,,,,,,,,,,False,False,9.902,,102.2,,75.7,,102.2,,1352,113,3,22,7,145169.5,19355.93,,Idle,,20,,10,,,20,Go Home,False,False,False,False,False,False,False,False,False,False,False,False,33.8027920380556,-117.4659261431046,3800.8,3800.8,1049.4,396.9,True,1,1,False,False,False,False,,True,False,False,Course Lock,196.8,67,16.4,93,N,S,3.57,11.4,Calm,False,False,Android,7.0.2,M300 RTK,1ZN7L4R0H1D00F,1W9DL31001461C,1ZMLH8300204F0,1Z6PH74DAP0QN7,"Corona, CA",728.3,5.7,137.7,8.547347,2.013246,0,0,DJI Matrice 300 RTK,M300 RTK,1ZN7L4R0H1D00F,1W9DL31001461C,1ZMLH8300204F0,1Z6PH74DAP0QN7,DJI Pilot,Android,7.0.2,1EF72A62-B7C3-C88D-164E-CE6F8C8424AE,1ZN7L4R0H1D00F,1W9DL31001461C,,1ZMLH8300204F0,1W9DL31001461C,,,,,
2023-11-01,11:33:14.74 AM,8m 52.4s,532.4,33.7965187580172,-117.4759379144791,38.7,137.7,15.0,1302,4543.0,5.88447,7.569323,-5.816044,2.23694,0.894776,1.342164,0,0.894776,-2,-0.4,2,170.1,170.1,168.6,Tripod,Other,,22,5,True,,True,False,,Smart,RC,False,True,False,,,True,,False,False,False,False,False,False,False,False,False,False,0,Follow Yaw,-77.9,0,162.3,162.3,False,False,False,False,False,,0,0,False,False,No Card,100,100,1024,1366,921,1024,2,False,False,False,False,False,0,False,False,False,False,72,,46.512,,3589,,4986,,46.512,,True,3.879,3.879,3.879,3.879,3.879,3.879,3.879,3.879,3.879,3.879,3.879,3.879,0,,False,False,True,,,,,,,,,,,,,,,False,False,9.902,,102.2,,75.7,,102.2,,1352,113,3,22,7,145169.5,19355.93,,Idle,,20,,10,,,20,Go Home,False,False,False,False,False,False,False,False,False,False,False,False,33.8027920380556,-117.4659261431046,3801.2,3801.2,1049.4,396.9,True,1,1,False,False,False,False,,True,False,False,Course Lock,196.8,67,16.4,93,N,S,3.57,11.4,Calm,False,False,Android,7.0.2,M300 RTK,1ZN7L4R0H1D00F,1W9DL31001461C,1ZMLH8300204F0,1Z6PH74DAP0QN7,"Corona, CA",728.3,5.7,137.7,8.547347,2.013246,0,0,DJI Matrice 300 RTK,M300 RTK,1ZN7L4R0H1D00F,1W9DL31001461C,1ZMLH8300204F0,1Z6PH74DAP0QN7,DJI Pilot,Android,7.0.2,1EF72A62-B7C3-C88D-164E-CE6F8C8424AE,1ZN7L4R0H1D00F,1W9DL31001461C,,1ZMLH8300204F0,1W9DL31001461C,,,,,
2023-11-01,11:33:14.85 AM,8m 52.5s,532.5,33.7965165289358,-117.4759374214962,38.7,137.7,15.0,1302,4543.8,5.88447,7.569323,-5.816044,2.23694,0.894776,1.342164,0,0.894776,-2.1,-0.2,2.1,170.1,170.1,169.5,Tripod,Other,,22,5,True,,True,False,,Smart,RC,False,True,False,,,True,,False,False,False,False,False,False,False,False,False,False,0,Follow Yaw,-77.9,0,162.3,162.3,False,False,False,False,False,,0,0,False,False,No Card,100,100,1024,1365,906,1024,2,False,False,False,False,False,0,False,False,False,False,72,,46.512,,3589,,4986,,46.512,,True,3.879,3.879,3.879,3.879,3.879,3.879,3.879,3.879,3.879,3.879,3.879,3.879,0,,False,False,True,,,,,,,,,,,,,,,False,False,9.902,,102.2,,75.7,,102.2,,1352,113,3,22,7,145169.5,19355.93,,Idle,,20,,10,,,20,Go Home,False,False,False,False,False,False,False,False,False,False,False,False,33.8027920380556,-117.4659261431046,3801.6,3801.6,1049.4,396.9,True,1,1,False,False,False,False,,True,False,False,Course Lock,196.8,67,16.4,93,N,S,3.57,11.4,Calm,False,False,Android,7.0.2,M300 RTK,1ZN7L4R0H1D00F,1W9DL31001461C,1ZMLH8300204F0,1Z6PH74DAP0QN7,"Corona, CA",728.3,5.7,137.7,8.547347,2.013246,0,0,DJI Matrice 300 RTK,M300 RTK,1ZN7L4R0H1D00F,1W9DL31001461C,1ZMLH8300204F0,1Z6PH74DAP0QN7,DJI Pilot,Android,7.0.2,1EF72A62-B7C3-C88D-164E-CE6F8C8424AE,1ZN7L4R0H1D00F,1W9DL31001461C,,1ZMLH8300204F0,1W9DL31001461C,,,,,
2023-11-01,11:33:14.95 AM,8m 52.6s,532.6,33.7965142529782,-117.4759368815902,38.7,137.7,15.4,1302,4544.6,5.88447,7.569323,-5.816044,2.23694,0.894776,1.342164,0,0.894776,-2.2,0.1,2.2,169.9,169.9,168.8,Tripod,Other,,21,5,True,,True,False,,Smart,RC,False,True,False,,,True,,False,False,False,False,False,False,False,False,False,False,0,Follow Yaw,-77.9,0,162.3,162.3,False,False,False,False,False,,0,0,False,False,No Card,100,100,1024,1364,870,1024,2,False,False,False,False,False,0,False,False,False,False,72,,46.512,,3589,,4986,,46.512,,True,3.879,3.879,3.879,3.879,3.879,3.879,3.879,3.879,3.879,3.879,3.879,3.879,0,,False,False,True,,,,,,,,,,,,,,,False,False,9.902,,102.2,,75.7,,102.2,,1352,113,3,22,7,145169.5,19355.93,,Idle,,20,,10,,,20,Go Home,False,False,False,False,False,False,False,False,False,False,False,False,33.8027920380556,-117.4659261431046,3801.9,3801.9,1049.4,396.9,True,1,1,False,False,False,False,,True,False,False,Course Lock,196.8,67,16.4,93,N,S,3.8,11.4,Calm,False,False,Android,7.0.2,M300 RTK,1ZN7L4R0H1D00F,1W9DL31001461C,1ZMLH8300204F0,1Z6PH74DAP0QN7,"Corona, CA",728.3,5.7,137.7,8.547347,2.013246,0,0,DJI Matrice 300 RTK,M300 RTK,1ZN7L4R0H1D00F,1W9DL31001461C,1ZMLH8300204F0,1Z6PH74DAP0QN7,DJI Pilot,Android,7.0.2,1EF72A62-B7C3-C88D-164E-CE6F8C8424AE,1ZN7L4R0H1D00F,1W9DL31001461C,,1ZMLH8300204F0,1W9DL31001461C,,,,,
2023-11-01,11:33:15.06 AM,8m 52.7s,532.7,33.7965116852102,-117.475936322222,38.7,137.7,15.0,1302,4545.6,5.88447,7.569323,-5.816044,2.23694,0.894776,1.342164,0,0.894776,-2.3,0.2,2.3,169.6,169.6,169.7,Tripod,Other,,21,5,True,,True,False,,Smart,RC,False,True,False,,,True,,False,False,False,False,False,False,False,False,False,False,0,Follow Yaw,-77.9,0,162.3,162.3,False,False,False,False,False,,0,0,False,False,No Card,100,100,1024,1363,839,1024,2,False,False,False,False,False,0,False,False,False,False,72,,46.512,,3589,,4986,,46.512,,True,3.879,3.879,3.879,3.879,3.879,3.879,3.879,3.879,3.879,3.879,3.879,3.879,0,,False,False,True,,,,,,,,,,,,,,,False,False,9.902,,102.2,,75.7,,102.2,,1352,113,3,22,7,145169.5,19355.93,,Idle,,20,,10,,,20,Go Home,False,False,False,False,False,False,False,False,False,False,False,False,33.8027920380556,-117.4659261431046,3802.4,3802.4,1049.4,396.9,True,1,1,False,False,False,False,,True,False,False,Course Lock,196.8,67,16.4,93,N,S,3.8,11.4,Calm,False,False,Android,7.0.2,M300 RTK,1ZN7L4R0H1D00F,1W9DL31001461C,1ZMLH8300204F0,1Z6PH74DAP0QN7,"Corona, CA",728.3,5.7,137.7,8.547347,2.013246,0,0,DJI Matrice 300 RTK,M300 RTK,1ZN7L4R0H1D00F,1W9DL31001461C,1ZMLH8300204F0,1Z6PH74DAP0QN7,DJI Pilot,Android,7.0.2,1EF72A62-B7C3-C88D-164E-CE6F8C8424AE,1ZN7L4R0H1D00F,1W9DL31001461C,,1ZMLH8300204F0,1W9DL31001461C,,,,,
2023-11-01,11:33:15.17 AM,8m 52.8s,532.8,33.7965093970539,-117.4759357984793,38.7,137.7,15.4,1302,4546.5,5.88447,7.569323,-5.816044,2.23694,0.894776,1.342164,0,0.894776,-2,-0.2,2,169.4,169.4,169.2,Tripod,Other,,21,5,True,,True,False,,Smart,RC,False,True,False,,,True,,False,False,False,False,False,False,False,False,False,False,0,Follow Yaw,-77.9,0,162.3,162.3,False,False,False,False,False,,0,0,False,False,No Card,100,100,1024,1363,810,1024,2,False,False,False,False,False,0,False,False,False,False,72,,46.512,,3589,,4986,,46.512,,True,3.879,3.879,3.879,3.879,3.879,3.879,3.879,3.879,3.879,3.879,3.879,3.879,0,,False,False,True,,,,,,,,,,,,,,,False,False,9.902,,102.2,,75.7,,102.2,,1352,113,3,22,7,145169.5,19355.93,,Idle,,20,,10,,,20,Go Home,False,False,False,False,False,False,False,False,False,False,False,False,33.8027920380556,-117.4659261431046,3802.7,3802.7,1049.4,396.9,True,1,1,False,False,False,False,,True,False,False,Course Lock,196.8,67,16.4,93,N,S,3.8,11.4,Calm,False,False,Android,7.0.2,M300 RTK,1ZN7L4R0H1D00F,1W9DL31001461C,1ZMLH8300204F0,1Z6PH74DAP0QN7,"Corona, CA",728.3,5.7,137.7,8.547347,2.013246,0,0,DJI Matrice 300 RTK,M300 RTK,1ZN7L4R0H1D00F,1W9DL31001461C,1ZMLH8300204F0,1Z6PH74DAP0QN7,DJI Pilot,Android,7.0.2,1EF72A62-B7C3-C88D-164E-CE6F8C8424AE,1ZN7L4R0H1D00F,1W9DL31001461C,,1ZMLH8300204F0,1W9DL31001461C,,,,,
2023-11-01,11:33:15.27 AM,8m 52.9s,532.9,33.7965068565618,-117.4759352800144,38.7,137.7,15.4,1302,4547.4,5.88447,7.569323,-5.816044,2.23694,0.894776,1.342164,0,0.894776,-2.1,-0.7,2.2,169.4,169.4,170.3,Tripod,Other,,21,5,True,,True,False,,Smart,RC,False,True,False,,,True,,False,False,False,False,False,False,False,False,False,False,0,Follow Yaw,-77.9,0,162.3,162.3,False,False,False,False,False,,0,0,False,False,No Card,100,100,1024,1365,825,1024,2,False,False,False,False,False,0,False,False,False,False,72,,46.512,,3589,,4986,,46.512,,True,3.879,3.879,3.879,3.879,3.879,3.879,3.879,3.879,3.879,3.879,3.879,3.879,0,,False,False,True,,,,,,,,,,,,,,,False,False,9.902,,102.2,,75.7,,102.2,,1352,113,3,22,7,145169.5,19355.93,,Idle,,20,,10,,,20,Go Home,False,False,False,False,False,False,False,False,False,False,False,False,33.8027920380556,-117.4659261431046,3803.2,3803.2,1049.4,396.9,True,1,1,False,False,False,False,,True,False,False,Course Lock,196.8,67,16.4,93,N,S,3.8,11.4,Calm,False,False,Android,7.0.2,M300 RTK,1ZN7L4R0H1D00F,1W9DL31001461C,1ZMLH8300204F0,1Z6PH74DAP0QN7,"Corona, CA",728.3,5.7,137.7,8.547347,2.013246,0,0,DJI Matrice 300 RTK,M300 RTK,1ZN7L4R0H1D00F,1W9DL31001461C,1ZMLH8300204F0,1Z6PH74DAP0QN7,DJI Pilot,Android,7.0.2,1EF72A62-B7C3-C88D-164E-CE6F8C8424AE,1ZN7L4R0H1D00F,1W9DL31001461C,,1ZMLH8300204F0,1W9DL31001461C,,,,,
2023-11-01,11:33:15.37 AM,8m 53.0s,533.0,33.7965044510782,-117.4759347147088,38.7,137.7,15.4,1302,4548.3,5.88447,7.569323,-5.816044,2.23694,0.894776,1.342164,0,0.894776,-2.4,-0.9,2.5,169.6,169.6,168.9,Tripod,Other,,21,5,True,,True,False,,Smart,RC,False,True,False,,,True,,False,False,False,False,False,False,False,False,False,False,0,Follow Yaw,-77.9,0,162.3,162.3,False,False,False,False,False,,0,0,False,False,No Card,100,100,1024,1365,817,1024,2,False,False,False,False,False,0,False,False,False,False,71,,46.548,,7180,,10044,,46.548,,True,3.879,3.879,3.879,3.879,3.879,3.879,3.879,3.879,3.879,3.879,3.879,3.879,0,,False,False,True,,,,,,,,,,,,,,,False,False,19.108,,102.2,,75.7,,102.2,,1352,113,3,22,7,145169.5,19355.93,,Idle,,20,,10,,,20,Go Home,False,False,False,False,False,False,False,False,False,False,False,False,33.8027920380556,-117.4659261431046,3803.6,3803.6,1049.4,396.9,True,1,1,False,False,False,False,,True,False,False,Course Lock,196.8,67,16.4,93,N,S,3.8,11.4,Calm,False,False,Android,7.0.2,M300 RTK,1ZN7L4R0H1D00F,1W9DL31001461C,1ZMLH8300204F0,1Z6PH74DAP0QN7,"Corona, CA",728.3,5.7,137.7,8.547347,2.013246,0,0,DJI Matrice 300 RTK,M300 RTK,1ZN7L4R0H1D00F,1W9DL31001461C,1ZMLH8300204F0,1Z6PH74DAP0QN7,DJI Pilot,Android,7.0.2,1EF72A62-B7C3-C88D-164E-CE6F8C8424AE,1ZN7L4R0H1D00F,1W9DL31001461C,,1ZMLH8300204F0,1W9DL31001461C,,,,,
2023-11-01,11:33:15.47 AM,8m 53.1s,533.1,33.796502056971,-117.4759342416827,38.7,137.7,15.4,1302,4549.2,5.88447,7.569323,-5.816044,2.23694,0.894776,1.342164,0.223694,0.894776,-2.5,-0.5,2.5,169.8,169.8,170.6,Tripod,Other,,21,5,True,,True,False,,Smart,RC,False,True,False,,,True,,False,False,False,False,False,False,False,False,False,False,0,Follow Yaw,-77.9,0,162.3,162.3,False,False,False,False,False,,0,0,False,False,No Card,100,100,1024,1364,795,1024,2,False,False,False,False,False,0,False,False,False,False,71,,46.548,,7180,,10044,,46.548,,True,3.879,3.879,3.879,3.879,3.879,3.879,3.879,3.879,3.879,3.879,3.879,3.879,0,,False,False,True,,,,,,,,,,,,,,,False,False,19.108,,102.2,,75.7,,102.2,,1352,113,3,22,7,145169.5,19355.93,,Idle,,20,,10,,,20,Go Home,False,False,False,False,False,False,False,False,False,False,False,False,33.8027920380556,-117.4659261431046,3804.0,3804.0,1049.4,396.9,True,1,1,False,False,False,False,,True,False,False,Course Lock,196.8,67,16.4,93,N,S,3.8,11.4,Calm,False,False,Android,7.0.2,M300 RTK,1ZN7L4R0H1D00F,1W9DL31001461C,1ZMLH8300204F0,1Z6PH74DAP0QN7,"Corona, CA",728.3,5.7,137.7,8.547347,2.013246,0,0,DJI Matrice 300 RTK,M300 RTK,1ZN7L4R0H1D00F,1W9DL31001461C,1ZMLH8300204F0,1Z6PH74DAP0QN7,DJI Pilot,Android,7.0.2,1EF72A62-B7C3-C88D-164E-CE6F8C8424AE,1ZN7L4R0H1D00F,1W9DL31001461C,,1ZMLH8300204F0,1W9DL31001461C,,,,,
2023-11-01,11:33:15.58 AM,8m 53.2s,533.2,33.7964997589461,-117.4759336827269,38.7,137.7,15.4,1302,4550.0,5.922612,7.569323,-5.816044,2.23694,1.11847,1.342164,0.223694,0.894776,-2.3,-0.2,2.3,170,170,168.5,Tripod,Other,,21,5,True,,True,False,,Smart,RC,False,True,False,,,True,,False,False,False,False,False,False,False,False,False,False,0,Follow Yaw,-77.9,0,162.3,162.3,False,False,False,False,False,,0,0,False,False,No Card,100,100,1024,1364,787,1024,2,False,False,False,False,False,0,False,False,False,False,71,,46.548,,7180,,10044,,46.548,,True,3.879,3.879,3.879,3.879,3.879,3.879,3.879,3.879,3.879,3.879,3.879,3.879,0,,False,False,True,,,,,,,,,,,,,,,False,False,19.108,,102.2,,75.7,,102.2,,1352,113,3,22,7,145169.5,19355.93,,Idle,,20,,10,,,20,Go Home,False,False,False,False,False,False,False,False,False,False,False,False,33.8027920380556,-117.4659261431046,3804.4,3804.4,1049.4,396.9,True,1,1,False,False,False,False,,True,False,False,Course Lock,196.8,67,16.4,93,N,S,3.57,11.4,Calm,False,False,Android,7.0.2,M300 RTK,1ZN7L4R0H1D00F,1W9DL31001461C,1ZMLH8300204F0,1Z6PH74DAP0QN7,"Corona, CA",728.3,5.7,137.7,8.547347,2.013246,0,0,DJI Matrice 300 RTK,M300 RTK,1ZN7L4R0H1D00F,1W9DL31001461C,1ZMLH8300204F0,1Z6PH74DAP0QN7,DJI Pilot,Android,7.0.2,1EF72A62-B7C3-C88D-164E-CE6F8C8424AE,1ZN7L4R0H1D00F,1W9DL31001461C,,1ZMLH8300204F0,1W9DL31001461C,,,,,
2023-11-01,11:33:15.64 AM,8m 53.3s,533.3,33.7964972732797,-117.4759329931447,38.7,137.7,15.4,1302,4551.0,5.922612,7.569323,-5.816044,2.23694,1.11847,1.342164,0.223694,0.894776,-1.9,0.1,1.9,170,170,167.0,Tripod,Other,,21,5,True,,True,False,,Smart,RC,False,True,False,,,True,,False,False,False,False,False,False,False,False,False,False,0,Follow Yaw,-77.9,0,162.3,162.3,False,False,False,False,False,,0,0,False,False,No Card,100,100,1024,1364,811,1024,2,False,False,False,False,False,0,False,False,False,False,71,,46.548,,7180,,10044,,46.548,,True,3.879,3.879,3.879,3.879,3.879,3.879,3.879,3.879,3.879,3.879,3.879,3.879,0,,False,False,True,,,,,,,,,,,,,,,False,False,19.108,,102.2,,75.7,,102.2,,1349,113,3,22,7,145546.6,19406.21,,Idle,,20,,10,,,20,Go Home,False,False,False,False,False,False,False,False,False,False,False,False,33.8027920380556,-117.4659261431046,3804.7,3804.7,1049.4,396.9,True,1,1,False,False,False,False,,True,False,False,Course Lock,196.8,67,16.4,93,N,S,3.57,11.4,Calm,False,False,Android,7.0.2,M300 RTK,1ZN7L4R0H1D00F,1W9DL31001461C,1ZMLH8300204F0,1Z6PH74DAP0QN7,"Corona, CA",728.3,5.7,137.7,8.547347,2.013246,0,0,DJI Matrice 300 RTK,M300 RTK,1ZN7L4R0H1D00F,1W9DL31001461C,1ZMLH8300204F0,1Z6PH74DAP0QN7,DJI Pilot,Android,7.0.2,1EF72A62-B7C3-C88D-164E-CE6F8C8424AE,1ZN7L4R0H1D00F,1W9DL31001461C,,1ZMLH8300204F0,1W9DL31001461C,,,,,
2023-11-01,11:33:15.74 AM,8m 53.4s,533.4,33.796494850526,-117.4759323874306,38.3,137.7,15.4,1302,4551.9,5.922612,7.569323,-5.816044,2.23694,1.11847,1.342164,0.223694,0.894776,-1.8,0.3,1.8,170.1,170.1,168.2,Tripod,Other,,21,5,True,,True,False,,Smart,RC,False,True,False,,,True,,False,False,False,False,False,False,False,False,False,False,0,Follow Yaw,-77.9,0,162.3,162.3,False,False,False,False,False,,0,0,False,False,No Card,100,100,1024,1364,817,1024,2,False,False,False,False,False,0,False,False,False,False,71,,46.548,,7180,,10044,,46.548,,True,3.879,3.879,3.879,3.879,3.879,3.879,3.879,3.879,3.879,3.879,3.879,3.879,0,,False,False,True,,,,,,,,,,,,,,,False,False,19.108,,102.2,,75.7,,102.2,,1349,113,3,22,7,145546.6,19406.21,,Idle,,20,,10,,,20,Go Home,False,False,False,False,False,False,False,False,False,False,False,False,33.8027920380556,-117.4659261431046,3805.1,3805.1,1049.4,396.9,True,1,1,False,False,False,False,,True,False,False,Course Lock,196.8,67,16.4,93,N,S,3.57,11.4,Calm,False,False,Android,7.0.2,M300 RTK,1ZN7L4R0H1D00F,1W9DL31001461C,1ZMLH8300204F0,1Z6PH74DAP0QN7,"Corona, CA",728.3,5.7,137.7,8.547347,2.013246,0,0,DJI Matrice 300 RTK,M300 RTK,1ZN7L4R0H1D00F,1W9DL31001461C,1ZMLH8300204F0,1Z6PH74DAP0QN7,DJI Pilot,Android,7.0.2,1EF72A62-B7C3-C88D-164E-CE6F8C8424AE,1ZN7L4R0H1D00F,1W9DL31001461C,,1ZMLH8300204F0,1W9DL31001461C,,,,,
2023-11-01,11:33:15.84 AM,8m 53.5s,533.5,33.796492590331,-117.4759319094566,38.3,137.7,15.4,1302,4552.7,5.922612,7.569323,-5.816044,2.23694,1.11847,1.342164,0.447388,0.894776,-1.7,0.2,1.7,170.2,170.2,170.0,Tripod,Other,,21,5,True,,True,False,,Smart,RC,False,True,False,,,True,,False,False,False,False,False,False,False,False,False,False,0,Follow Yaw,-77.9,0,162.3,162.3,False,False,False,False,False,,0,0,False,False,No Card,100,100,1024,1365,811,1024,2,False,False,False,False,False,0,False,False,False,False,71,,46.548,,7180,,10044,,46.548,,True,3.879,3.879,3.879,3.879,3.879,3.879,3.879,3.879,3.879,3.879,3.879,3.879,0,,False,False,True,,,,,,,,,,,,,,,False,False,19.108,,102.2,,75.7,,102.2,,1349,113,3,22,7,145546.6,19406.21,,Idle,,20,,10,,,20,Go Home,False,False,False,False,False,False,False,False,False,False,False,False,33.8027920380556,-117.4659261431046,3805.5,3805.5,1049.4,396.9,True,1,1,False,False,False,False,,True,False,False,Course Lock,196.8,67,16.4,93,N,S,3.57,11.4,Calm,False,False,Android,7.0.2,M300 RTK,1ZN7L4R0H1D00F,1W9DL31001461C,1ZMLH8300204F0,1Z6PH74DAP0QN7,"Corona, CA",728.3,5.7,137.7,8.547347,2.013246,0,0,DJI Matrice 300 RTK,M300 RTK,1ZN7L4R0H1D00F,1W9DL31001461C,1ZMLH8300204F0,1Z6PH74DAP0QN7,DJI Pilot,Android,7.0.2,1EF72A62-B7C3-C88D-164E-CE6F8C8424AE,1ZN7L4R0H1D00F,1W9DL31001461C,,1ZMLH8300204F0,1W9DL31001461C,,,,,
2023-11-01,11:33:15.94 AM,8m 53.6s,533.6,33.7964901789536,-117.4759313137209,38.3,137.7,15.4,1302,4553.6,5.922612,7.569323,-5.816044,2.23694,1.11847,1.342164,0.223694,0.894776,-1.7,0.1,1.7,170.5,170.5,168.3,Tripod,Other,,21,5,True,,True,False,,Smart,RC,False,True,False,,,True,,False,False,False,False,False,False,False,False,False,False,0,Follow Yaw,-77.9,0,162.3,162.3,False,False,False,False,False,,0,0,False,False,No Card,100,100,1024,1365,808,963,2,False,False,False,False,False,0,False,False,False,False,71,,46.548,,7180,,10044,,46.548,,True,3.879,3.879,3.879,3.879,3.879,3.879,3.879,3.879,3.879,3.879,3.879,3.879,0,,False,False,True,,,,,,,,,,,,,,,False,False,19.108,,102.2,,75.7,,102.2,,1349,113,3,22,7,145546.6,19406.21,,Idle,,20,,10,,,20,Go Home,False,False,False,False,False,False,False,False,False,False,False,False,33.8027920380556,-117.4659261431046,3805.9,3805.9,1049.4,396.9,True,1,1,False,False,False,False,,True,False,False,Course Lock,196.8,67,16.4,93,N,S,3.57,11.4,Calm,False,False,Android,7.0.2,M300 RTK,1ZN7L4R0H1D00F,1W9DL31001461C,1ZMLH8300204F0,1Z6PH74DAP0QN7,"Corona, CA",728.3,5.7,137.7,8.547347,2.013246,0,0,DJI Matrice 300 RTK,M300 RTK,1ZN7L4R0H1D00F,1W9DL31001461C,1ZMLH8300204F0,1Z6PH74DAP0QN7,DJI Pilot,Android,7.0.2,1EF72A62-B7C3-C88D-164E-CE6F8C8424AE,1ZN7L4R0H1D00F,1W9DL31001461C,,1ZMLH8300204F0,1W9DL31001461C,,,,,
2023-11-01,11:33:16.04 AM,8m 53.7s,533.7,33.7964876713569,-117.4759308419319,38.3,137.7,15.4,1302,4554.5,5.922612,7.569323,-5.816044,2.23694,1.11847,1.342164,0.447388,0.894776,-1.6,0.5,1.6,170.8,170.8,171.1,Tripod,Other,,21,5,True,,True,False,,Smart,RC,False,True,False,,,True,,False,False,False,False,False,False,False,False,False,False,0,Follow Yaw,-77.9,0,162.3,162.3,False,False,False,False,False,,0,0,False,False,No Card,100,100,1024,1365,806,935,2,False,False,False,False,False,0,False,False,False,False,71,,46.548,,7180,,10044,,46.548,,True,3.879,3.879,3.879,3.879,3.879,3.879,3.879,3.879,3.879,3.879,3.879,3.879,0,,False,False,True,,,,,,,,,,,,,,,False,False,19.108,,102.2,,75.7,,102.2,,1349,113,3,22,7,145546.6,19406.21,,Idle,,20,,10,,,20,Go Home,False,False,False,False,False,False,False,False,False,False,False,False,33.8027920380556,-117.4659261431046,3806.3,3806.3,1049.4,396.9,True,1,1,False,False,False,False,,True,False,False,Course Lock,196.8,67,16.4,93,N,S,3.57,11.4,Calm,False,False,Android,7.0.2,M300 RTK,1ZN7L4R0H1D00F,1W9DL31001461C,1ZMLH8300204F0,1Z6PH74DAP0QN7,"Corona, CA",728.3,5.7,137.7,8.547347,2.013246,0,0,DJI Matrice 300 RTK,M300 RTK,1ZN7L4R0H1D00F,1W9DL31001461C,1ZMLH8300204F0,1Z6PH74DAP0QN7,DJI Pilot,Android,7.0.2,1EF72A62-B7C3-C88D-164E-CE6F8C8424AE,1ZN7L4R0H1D00F,1W9DL31001461C,,1ZMLH8300204F0,1W9DL31001461C,,,,,
2023-11-01,11:33:16.14 AM,8m 53.8s,533.8,33.7964852397626,-117.4759302737399,38.0,137.7,15.4,1302,4555.4,5.88447,7.569323,-5.816044,2.23694,0.894776,1.342164,0.447388,0.894776,-1.7,0.6,1.8,170.9,170.9,169.0,Tripod,Other,,21,5,True,,True,False,,Smart,RC,False,True,False,,,True,,False,False,False,False,False,False,False,False,False,False,0,Follow Yaw,-77.9,0,162.1,162.1,False,False,False,False,False,,0,0,False,False,No Card,100,100,1024,1367,790,989,2,False,False,False,False,False,0,False,False,False,False,72,,46.548,,3589,,4986,,46.548,,True,3.879,3.879,3.879,3.879,3.879,3.879,3.879,3.879,3.879,3.879,3.879,3.879,0,,False,False,True,,,,,,,,,,,,,,,False,False,9.736,,102.2,,75.7,,102.2,,1349,113,3,22,7,145546.6,19406.21,,Idle,,20,,10,,,20,Go Home,False,False,False,False,False,False,False,False,False,False,False,False,33.8027920380556,-117.4659261431046,3806.7,3806.7,1049.4,396.9,True,1,1,False,False,False,False,,True,False,False,Course Lock,196.8,67,16.4,93,N,S,3.57,11.4,Calm,False,False,Android,7.0.2,M300 RTK,1ZN7L4R0H1D00F,1W9DL31001461C,1ZMLH8300204F0,1Z6PH74DAP0QN7,"Corona, CA",728.3,5.7,137.7,8.547347,2.013246,0,0,DJI Matrice 300 RTK,M300 RTK,1ZN7L4R0H1D00F,1W9DL31001461C,1ZMLH8300204F0,1Z6PH74DAP0QN7,DJI Pilot,Android,7.0.2,1EF72A62-B7C3-C88D-164E-CE6F8C8424AE,1ZN7L4R0H1D00F,1W9DL31001461C,,1ZMLH8300204F0,1W9DL31001461C,,,,,
2023-11-01,11:33:16.24 AM,8m 53.9s,533.9,33.7964829388593,-117.4759295678294,38.0,137.7,15.4,1302,4556.3,5.88447,7.569323,-5.816044,2.23694,0.894776,1.342164,0.447388,0.894776,-1.7,0.2,1.7,170.7,170.7,165.6,Tripod,Other,,21,5,True,,True,False,,Smart,RC,False,True,False,,,True,,False,False,False,False,False,False,False,False,False,False,0,Follow Yaw,-77.9,0,162.1,162.1,False,False,False,False,False,,0,0,False,False,No Card,100,100,1024,1367,790,967,2,False,False,False,False,False,0,False,False,False,False,72,,46.548,,3589,,4986,,46.548,,True,3.879,3.879,3.879,3.879,3.879,3.879,3.879,3.879,3.879,3.879,3.879,3.879,0,,False,False,True,,,,,,,,,,,,,,,False,False,9.736,,102.2,,75.7,,102.2,,1349,113,3,22,7,145546.6,19406.21,,Idle,,20,,10,,,20,Go Home,False,False,False,False,False,False,False,False,False,False,False,False,33.8027920380556,-117.4659261431046,3807.1,3807.1,1049.4,396.9,True,1,1,False,False,False,False,,True,False,False,Course Lock,196.8,67,16.4,93,N,S,3.57,11.4,Calm,False,False,Android,7.0.2,M300 RTK,1ZN7L4R0H1D00F,1W9DL31001461C,1ZMLH8300204F0,1Z6PH74DAP0QN7,"Corona, CA",728.3,5.7,137.7,8.547347,2.013246,0,0,DJI Matrice 300 RTK,M300 RTK,1ZN7L4R0H1D00F,1W9DL31001461C,1ZMLH8300204F0,1Z6PH74DAP0QN7,DJI Pilot,Android,7.0.2,1EF72A62-B7C3-C88D-164E-CE6F8C8424AE,1ZN7L4R0H1D00F,1W9DL31001461C,,1ZMLH8300204F0,1W9DL31001461C,,,,,
2023-11-01,11:33:16.34 AM,8m 54.0s,534.0,33.7964805247407,-117.4759290295726,38.0,137.7,15.0,1302,4557.2,5.88447,7.569323,-5.816044,2.23694,0.894776,1.342164,0.447388,0.894776,-1.7,-0.2,1.7,170.6,170.6,169.5,Tripod,Other,,21,5,True,,True,False,,Smart,RC,False,True,False,,,True,,False,False,False,False,False,False,False,False,False,False,0,Follow Yaw,-77.9,0,162,162,False,False,False,False,False,,0,0,False,False,No Card,100,100,1024,1366,795,957,2,False,False,False,False,False,0,False,False,False,False,71,,46.644,,7180,,10044,,46.644,,True,3.879,3.879,3.879,3.879,3.879,3.879,3.879,3.879,3.879,3.879,3.879,3.879,0,,False,False,True,,,,,,,,,,,,,,,False,False,19.596,,102.3,,75.7,,102.3,,1349,113,3,22,7,145546.6,19406.21,,Idle,,20,,10,,,20,Go Home,False,False,False,False,False,False,False,False,False,False,False,False,33.8027920380556,-117.4659261431046,3807.5,3807.5,1049.4,396.9,True,1,1,False,False,False,False,,True,False,False,Course Lock,196.8,67,16.4,93,N,S,3.57,11.4,Calm,False,False,Android,7.0.2,M300 RTK,1ZN7L4R0H1D00F,1W9DL31001461C,1ZMLH8300204F0,1Z6PH74DAP0QN7,"Corona, CA",728.3,5.7,137.7,8.547347,2.013246,0,0,DJI Matrice 300 RTK,M300 RTK,1ZN7L4R0H1D00F,1W9DL31001461C,1ZMLH8300204F0,1Z6PH74DAP0QN7,DJI Pilot,Android,7.0.2,1EF72A62-B7C3-C88D-164E-CE6F8C8424AE,1ZN7L4R0H1D00F,1W9DL31001461C,,1ZMLH8300204F0,1W9DL31001461C,,,,,
2023-11-01,11:33:16.44 AM,8m 54.1s,534.1,33.7964778657561,-117.4759284991501,38.0,137.7,15.0,1302,4558.2,5.88447,7.569323,-5.816044,2.23694,0.894776,1.342164,0.447388,0.894776,-1.9,-0.7,2,170.4,170.4,170.5,Tripod,Other,,21,5,True,,True,False,,Smart,RC,False,True,False,,,True,,False,False,False,False,False,False,False,False,False,False,0,Follow Yaw,-77.9,0,161.9,161.9,False,False,False,False,False,,0,0,False,False,No Card,100,100,1024,1366,799,957,2,False,False,False,False,False,0,False,False,False,False,71,,46.644,,7180,,10044,,46.644,,True,3.879,3.879,3.879,3.879,3.879,3.879,3.879,3.879,3.879,3.879,3.879,3.879,0,,False,False,True,,,,,,,,,,,,,,,False,False,19.596,,102.3,,75.7,,102.3,,1349,113,3,22,7,145546.6,19406.21,,Idle,,20,,10,,,20,Go Home,False,False,False,False,False,False,False,False,False,False,False,False,33.8027920380556,-117.4659261431046,3807.9,3807.9,1049.4,396.9,True,1,1,False,False,False,False,,True,False,False,Course Lock,196.8,67,16.4,93,N,S,3.57,11.4,Calm,False,False,Android,7.0.2,M300 RTK,1ZN7L4R0H1D00F,1W9DL31001461C,1ZMLH8300204F0,1Z6PH74DAP0QN7,"Corona, CA",728.3,5.7,137.7,8.547347,2.013246,0,0,DJI Matrice 300 RTK,M300 RTK,1ZN7L4R0H1D00F,1W9DL31001461C,1ZMLH8300204F0,1Z6PH74DAP0QN7,DJI Pilot,Android,7.0.2,1EF72A62-B7C3-C88D-164E-CE6F8C8424AE,1ZN7L4R0H1D00F,1W9DL31001461C,,1ZMLH8300204F0,1W9DL31001461C,,,,,
2023-11-01,11:33:16.54 AM,8m 54.2s,534.2,33.7964752900384,-117.4759279296386,38.0,137.7,15.0,1302,4559.1,5.88447,7.569323,-5.816044,2.23694,0.894776,1.342164,0.447388,0.894776,-2,-1.3,2.3,170.2,170.2,169.5,Tripod,Other,,20,5,True,,True,False,,Smart,RC,False,True,False,,,True,,False,False,False,False,False,False,False,False,False,False,0,Follow Yaw,-77.9,0,161.8,161.8,False,False,False,False,False,,0,0,False,False,No Card,100,100,1024,1363,800,957,2,False,False,False,False,False,0,False,False,False,False,71,,46.644,,7180,,10044,,46.644,,True,3.879,3.879,3.879,3.879,3.879,3.879,3.879,3.879,3.879,3.879,3.879,3.879,0,,False,False,True,,,,,,,,,,,,,,,False,False,19.596,,102.3,,75.7,,102.3,,1349,113,3,22,7,145546.6,19406.21,,Idle,,20,,10,,,20,Go Home,False,False,False,False,False,False,False,False,False,False,False,False,33.8027920380556,-117.4659261431046,3808.4,3808.4,1049.4,396.9,True,1,1,False,False,False,False,,True,False,False,Course Lock,196.8,67,16.4,93,N,S,3.57,11.4,Calm,False,False,Android,7.0.2,M300 RTK,1ZN7L4R0H1D00F,1W9DL31001461C,1ZMLH8300204F0,1Z6PH74DAP0QN7,"Corona, CA",728.3,5.7,137.7,8.547347,2.013246,0,0,DJI Matrice 300 RTK,M300 RTK,1ZN7L4R0H1D00F,1W9DL31001461C,1ZMLH8300204F0,1Z6PH74DAP0QN7,DJI Pilot,Android,7.0.2,1EF72A62-B7C3-C88D-164E-CE6F8C8424AE,1ZN7L4R0H1D00F,1W9DL31001461C,,1ZMLH8300204F0,1W9DL31001461C,,,,,
2023-11-01,11:33:16.64 AM,8m 54.3s,534.3,33.7964731460055,-117.4759274912484,37.7,137.7,15.0,1301,4559.9,5.88447,7.569323,-5.816044,2.23694,0.894776,1.342164,0.447388,0.894776,-1.9,-1.4,2.3,170.1,170.1,170.3,Tripod,Other,,20,5,True,,True,False,,Smart,RC,False,True,False,,,True,,False,False,False,False,False,False,False,False,False,False,0,Follow Yaw,-77.9,0,161.7,161.7,False,False,False,False,False,,0,0,False,False,No Card,100,100,1024,1356,828,958,2,False,False,False,False,False,0,False,False,False,False,71,,46.644,,7180,,10044,,46.644,,True,3.884,3.884,3.884,3.884,3.884,3.884,3.884,3.884,3.884,3.884,3.884,3.884,0,,False,False,True,,,,,,,,,,,,,,,False,False,19.596,,102.3,,75.7,,102.3,,1347,113,3,22,7,145780.1,19437.35,,Idle,,20,,10,,,20,Go Home,False,False,False,False,False,False,False,False,False,False,False,False,33.8027920380556,-117.4659261431046,3808.7,3808.7,1049.4,396.9,True,1,1,False,False,False,False,,True,False,False,Course Lock,196.8,67,16.4,93,N,S,3.57,11.4,Calm,False,False,Android,7.0.2,M300 RTK,1ZN7L4R0H1D00F,1W9DL31001461C,1ZMLH8300204F0,1Z6PH74DAP0QN7,"Corona, CA",728.3,5.7,137.7,8.547347,2.013246,0,0,DJI Matrice 300 RTK,M300 RTK,1ZN7L4R0H1D00F,1W9DL31001461C,1ZMLH8300204F0,1Z6PH74DAP0QN7,DJI Pilot,Android,7.0.2,1EF72A62-B7C3-C88D-164E-CE6F8C8424AE,1ZN7L4R0H1D00F,1W9DL31001461C,,1ZMLH8300204F0,1W9DL31001461C,,,,,
2023-11-01,11:33:16.74 AM,8m 54.4s,534.4,33.7964707111216,-117.47592692652,37.7,137.7,15.0,1301,4560.8,5.88447,7.569323,-5.816044,2.23694,0.894776,1.342164,0.447388,0.894776,-1.7,-1.1,2,170,170,169.0,Tripod,Other,,20,5,True,,True,False,,Smart,RC,False,True,False,,,True,,False,False,False,False,False,False,False,False,False,False,0,Follow Yaw,-77.9,0,161.6,161.6,False,False,False,False,False,,0,0,False,False,No Card,100,100,1024,1364,837,959,2,False,False,False,False,False,0,False,False,False,False,71,,46.644,,7180,,10044,,46.644,,True,3.884,3.884,3.884,3.884,3.884,3.884,3.884,3.884,3.884,3.884,3.884,3.884,0,,False,False,True,,,,,,,,,,,,,,,False,False,19.596,,102.3,,75.7,,102.3,,1347,113,3,22,7,145780.1,19437.35,,Idle,,20,,10,,,20,Go Home,False,False,False,False,False,False,False,False,False,False,False,False,33.8027920380556,-117.4659261431046,3809.1,3809.1,1049.4,396.9,True,1,1,False,False,False,False,,True,False,False,Course Lock,196.8,67,16.4,93,N,S,3.57,11.4,Calm,False,False,Android,7.0.2,M300 RTK,1ZN7L4R0H1D00F,1W9DL31001461C,1ZMLH8300204F0,1Z6PH74DAP0QN7,"Corona, CA",728.3,5.7,137.7,8.547347,2.013246,0,0,DJI Matrice 300 RTK,M300 RTK,1ZN7L4R0H1D00F,1W9DL31001461C,1ZMLH8300204F0,1Z6PH74DAP0QN7,DJI Pilot,Android,7.0.2,1EF72A62-B7C3-C88D-164E-CE6F8C8424AE,1ZN7L4R0H1D00F,1W9DL31001461C,,1ZMLH8300204F0,1W9DL31001461C,,,,,
2023-11-01,11:33:16.82 AM,8m 54.5s,534.5,33.7964681819372,-117.4759263815834,37.7,137.7,15.4,1301,4561.8,5.922612,7.569323,-5.816044,2.23694,1.11847,1.342164,0.447388,0.894776,-1.6,-0.7,1.7,169.9,169.9,169.8,Tripod,Other,,20,5,True,,True,False,,Smart,RC,False,True,False,,,True,,False,False,False,False,False,False,False,False,False,False,0,Follow Yaw,-77.9,0,161.5,161.5,False,False,False,False,False,,0,0,False,False,No Card,100,100,1024,1360,823,958,2,False,False,False,False,False,0,False,False,False,False,71,,46.644,,7180,,10044,,46.644,,True,3.884,3.884,3.884,3.884,3.884,3.884,3.884,3.884,3.884,3.884,3.884,3.884,0,,False,False,True,,,,,,,,,,,,,,,False,False,19.596,,102.3,,75.7,,102.3,,1347,113,3,22,7,145780.1,19437.35,,Idle,,20,,10,,,20,Go Home,False,False,False,False,False,False,False,False,False,False,False,False,33.8027920380556,-117.4659261431046,3809.6,3809.6,1049.4,396.9,True,1,1,False,False,False,False,,True,False,False,Course Lock,196.8,67,16.4,93,N,S,3.57,11.4,Calm,False,False,Android,7.0.2,M300 RTK,1ZN7L4R0H1D00F,1W9DL31001461C,1ZMLH8300204F0,1Z6PH74DAP0QN7,"Corona, CA",728.3,5.7,137.7,8.547347,2.013246,0,0,DJI Matrice 300 RTK,M300 RTK,1ZN7L4R0H1D00F,1W9DL31001461C,1ZMLH8300204F0,1Z6PH74DAP0QN7,DJI Pilot,Android,7.0.2,1EF72A62-B7C3-C88D-164E-CE6F8C8424AE,1ZN7L4R0H1D00F,1W9DL31001461C,,1ZMLH8300204F0,1W9DL31001461C,,,,,
2023-11-01,11:33:16.94 AM,8m 54.6s,534.6,33.7964658632841,-117.4759258320288,37.7,137.7,15.4,1301,4562.6,5.922612,7.569323,-5.816044,2.23694,1.11847,1.342164,0.447388,0.894776,-1.6,-0.5,1.6,169.8,169.8,168.8,Tripod,Other,,20,5,True,,True,False,,Smart,RC,False,True,False,,,True,,False,False,False,False,False,False,False,False,False,False,0,Follow Yaw,-77.9,0,161.4,161.4,False,False,False,False,False,,0,0,False,False,No Card,100,100,1024,1355,803,956,2,False,False,False,False,False,0,False,False,False,False,71,,46.644,,7180,,10044,,46.644,,True,3.884,3.884,3.884,3.884,3.884,3.884,3.884,3.884,3.884,3.884,3.884,3.884,0,,False,False,True,,,,,,,,,,,,,,,False,False,19.596,,102.3,,75.7,,102.3,,1347,113,3,22,7,145780.1,19437.35,,Idle,,20,,10,,,20,Go Home,False,False,False,False,False,False,False,False,False,False,False,False,33.8027920380556,-117.4659261431046,3809.9,3809.9,1049.4,396.9,True,1,1,False,False,False,False,,True,False,False,Course Lock,196.8,67,16.4,93,N,S,3.57,11.4,Calm,False,False,Android,7.0.2,M300 RTK,1ZN7L4R0H1D00F,1W9DL31001461C,1ZMLH8300204F0,1Z6PH74DAP0QN7,"Corona, CA",728.3,5.7,137.7,8.547347,2.013246,0,0,DJI Matrice 300 RTK,M300 RTK,1ZN7L4R0H1D00F,1W9DL31001461C,1ZMLH8300204F0,1Z6PH74DAP0QN7,DJI Pilot,Android,7.0.2,1EF72A62-B7C3-C88D-164E-CE6F8C8424AE,1ZN7L4R0H1D00F,1W9DL31001461C,,1ZMLH8300204F0,1W9DL31001461C,,,,,
2023-11-01,11:33:17.02 AM,8m 54.7s,534.7,33.7964632896223,-117.4759251520126,37.7,137.7,15.4,1301,4563.6,5.922612,7.569323,-5.816044,2.23694,1.11847,1.342164,0.223694,0.894776,-1.6,-0.3,1.6,169.8,169.8,167.6,Tripod,Other,,20,5,True,,True,False,,Smart,RC,False,True,False,,,True,,False,False,False,False,False,False,False,False,False,False,0,Follow Yaw,-77.9,0,161.3,161.3,False,False,False,False,False,,0,0,False,False,No Card,100,100,1024,1344,794,948,2,False,False,False,False,False,0,False,False,False,False,71,,46.644,,7180,,10044,,46.644,,True,3.884,3.884,3.884,3.884,3.884,3.884,3.884,3.884,3.884,3.884,3.884,3.884,0,,False,False,True,,,,,,,,,,,,,,,False,False,19.596,,102.3,,75.7,,102.3,,1347,113,3,22,7,145780.1,19437.35,,Idle,,20,,10,,,20,Go Home,False,False,False,False,False,False,False,False,False,False,False,False,33.8027920380556,-117.4659261431046,3810.3,3810.3,1049.4,396.9,True,1,1,False,False,False,False,,True,False,False,Course Lock,196.8,67,16.4,93,N,S,3.57,11.4,Calm,False,False,Android,7.0.2,M300 RTK,1ZN7L4R0H1D00F,1W9DL31001461C,1ZMLH8300204F0,1Z6PH74DAP0QN7,"Corona, CA",728.3,5.7,137.7,8.547347,2.013246,0,0,DJI Matrice 300 RTK,M300 RTK,1ZN7L4R0H1D00F,1W9DL31001461C,1ZMLH8300204F0,1Z6PH74DAP0QN7,DJI Pilot,Android,7.0.2,1EF72A62-B7C3-C88D-164E-CE6F8C8424AE,1ZN7L4R0H1D00F,1W9DL31001461C,,1ZMLH8300204F0,1W9DL31001461C,,,,,
2023-11-01,11:33:17.14 AM,8m 54.8s,534.8,33.7964608513803,-117.4759245783779,37.4,137.7,15.0,1301,4564.5,5.88447,7.569323,-5.816044,2.23694,0.894776,1.342164,0.223694,0.894776,-1.6,-0.2,1.6,169.8,169.8,168.9,Tripod,Other,,20,5,True,,True,False,,Smart,RC,False,True,False,,,True,,False,False,False,False,False,False,False,False,False,False,0,Follow Yaw,-77.9,0,161.2,161.2,False,False,False,False,False,,0,0,False,False,No Card,100,100,1024,1343,798,919,2,False,False,False,False,False,0,False,False,False,False,71,,46.644,,7180,,10044,,46.644,,True,3.884,3.884,3.884,3.884,3.884,3.884,3.884,3.884,3.884,3.884,3.884,3.884,0,,False,False,True,,,,,,,,,,,,,,,False,False,19.596,,102.3,,75.7,,102.3,,1347,113,3,22,7,145780.1,19437.35,,Idle,,20,,10,,,20,Go Home,False,False,False,False,False,False,False,False,False,False,False,False,33.8027920380556,-117.4659261431046,3810.7,3810.7,1049.4,396.9,True,1,1,False,False,False,False,,True,False,False,Course Lock,196.8,67,16.4,93,N,S,3.57,11.4,Calm,False,False,Android,7.0.2,M300 RTK,1ZN7L4R0H1D00F,1W9DL31001461C,1ZMLH8300204F0,1Z6PH74DAP0QN7,"Corona, CA",728.3,5.7,137.7,8.547347,2.013246,0,0,DJI Matrice 300 RTK,M300 RTK,1ZN7L4R0H1D00F,1W9DL31001461C,1ZMLH8300204F0,1Z6PH74DAP0QN7,DJI Pilot,Android,7.0.2,1EF72A62-B7C3-C88D-164E-CE6F8C8424AE,1ZN7L4R0H1D00F,1W9DL31001461C,,1ZMLH8300204F0,1W9DL31001461C,,,,,
2023-11-01,11:33:17.23 AM,8m 54.9s,534.9,33.7964582453712,-117.4759239077629,37.4,137.7,15.0,1301,4565.5,5.88447,7.569323,-5.816044,2.23694,0.894776,1.342164,0.223694,0.894776,-1.5,-0.4,1.5,169.8,169.8,167.9,Tripod,Other,,20,5,True,,True,False,,Smart,RC,False,True,False,,,True,,False,False,False,False,False,False,False,False,False,False,0,Follow Yaw,-77.9,0,161.1,161.1,False,False,False,False,False,,0,0,False,False,No Card,100,100,1024,1343,798,919,2,False,False,False,False,False,0,False,False,False,False,72,,46.476,,3589,,4986,,46.476,,True,3.884,3.884,3.884,3.884,3.884,3.884,3.884,3.884,3.884,3.884,3.884,3.884,0,,False,False,True,,,,,,,,,,,,,,,False,False,9.418,,102.2,,75.7,,102.3,,1347,113,3,22,7,145780.1,19437.35,,Idle,,20,,10,,,20,Go Home,False,False,False,False,False,False,False,False,False,False,False,False,33.8027920380556,-117.4659261431046,3811.2,3811.2,1049.4,396.9,True,1,1,False,False,False,False,,True,False,False,Course Lock,196.8,67,16.4,93,N,S,3.57,11.4,Calm,False,False,Android,7.0.2,M300 RTK,1ZN7L4R0H1D00F,1W9DL31001461C,1ZMLH8300204F0,1Z6PH74DAP0QN7,"Corona, CA",728.3,5.7,137.7,8.547347,2.013246,0,0,DJI Matrice 300 RTK,M300 RTK,1ZN7L4R0H1D00F,1W9DL31001461C,1ZMLH8300204F0,1Z6PH74DAP0QN7,DJI Pilot,Android,7.0.2,1EF72A62-B7C3-C88D-164E-CE6F8C8424AE,1ZN7L4R0H1D00F,1W9DL31001461C,,1ZMLH8300204F0,1W9DL31001461C,,,,,
2023-11-01,11:33:17.33 AM,8m 55.0s,535.0,33.7964557971235,-117.4759233479,37.4,137.7,15.0,1301,4566.4,5.88447,7.569323,-5.816044,2.23694,0.894776,1.342164,0.223694,0.894776,-1.4,-0.8,1.6,169.7,169.7,169.2,Tripod,Other,,21,5,True,,True,False,,Smart,RC,False,True,False,,,True,,False,False,False,False,False,False,False,False,False,False,0,Follow Yaw,-77.9,0,160.9,160.9,False,False,False,False,False,,0,0,False,False,No Card,100,100,1024,1347,818,861,2,False,False,False,False,False,0,False,False,False,False,71,,46.572,,7180,,10044,,46.572,,True,3.884,3.884,3.884,3.884,3.884,3.884,3.884,3.884,3.884,3.884,3.884,3.884,0,,False,False,True,,,,,,,,,,,,,,,False,False,18.726,,102.3,,75.7,,102.3,,1347,113,3,22,7,145780.1,19437.35,,Idle,,20,,10,,,20,Go Home,False,False,False,False,False,False,False,False,False,False,False,False,33.8027920380556,-117.4659261431046,3811.6,3811.6,1049.4,396.9,True,1,1,False,False,False,False,,True,False,False,Course Lock,196.8,67,16.4,93,N,S,3.57,11.4,Calm,False,False,Android,7.0.2,M300 RTK,1ZN7L4R0H1D00F,1W9DL31001461C,1ZMLH8300204F0,1Z6PH74DAP0QN7,"Corona, CA",728.3,5.7,137.7,8.547347,2.013246,0,0,DJI Matrice 300 RTK,M300 RTK,1ZN7L4R0H1D00F,1W9DL31001461C,1ZMLH8300204F0,1Z6PH74DAP0QN7,DJI Pilot,Android,7.0.2,1EF72A62-B7C3-C88D-164E-CE6F8C8424AE,1ZN7L4R0H1D00F,1W9DL31001461C,,1ZMLH8300204F0,1W9DL31001461C,,,,,
2023-11-01,11:33:17.44 AM,8m 55.1s,535.1,33.796453372725,-117.4759229265803,37.4,137.7,15.0,1301,4567.3,5.88447,7.569323,-5.816044,2.23694,0.894776,1.342164,0.223694,0.894776,-1.4,-1.4,1.9,169.5,169.5,171.7,Tripod,Other,,21,5,True,,True,False,,Smart,RC,False,True,False,,,True,,False,False,False,False,False,False,False,False,False,False,0,Follow Yaw,-77.9,0,160.6,160.6,False,False,False,False,False,,0,0,False,False,No Card,100,100,1024,1354,850,901,2,False,False,False,False,False,0,False,False,False,False,71,,46.572,,7180,,10044,,46.572,,True,3.884,3.884,3.884,3.884,3.884,3.884,3.884,3.884,3.884,3.884,3.884,3.884,0,,False,False,True,,,,,,,,,,,,,,,False,False,18.726,,102.3,,75.7,,102.3,,1347,113,3,22,7,145780.1,19437.35,,Idle,,20,,10,,,20,Go Home,False,False,False,False,False,False,False,False,False,False,False,False,33.8027920380556,-117.4659261431046,3812.0,3812.0,1049.4,396.9,True,1,1,False,False,False,False,,True,False,False,Course Lock,196.8,67,16.4,93,N,S,3.57,11.4,Calm,False,False,Android,7.0.2,M300 RTK,1ZN7L4R0H1D00F,1W9DL31001461C,1ZMLH8300204F0,1Z6PH74DAP0QN7,"Corona, CA",728.3,5.7,137.7,8.547347,2.013246,0,0,DJI Matrice 300 RTK,M300 RTK,1ZN7L4R0H1D00F,1W9DL31001461C,1ZMLH8300204F0,1Z6PH74DAP0QN7,DJI Pilot,Android,7.0.2,1EF72A62-B7C3-C88D-164E-CE6F8C8424AE,1ZN7L4R0H1D00F,1W9DL31001461C,,1ZMLH8300204F0,1W9DL31001461C,,,,,
2023-11-01,11:33:17.54 AM,8m 55.2s,535.2,33.7964510570188,-117.4759224079504,37.4,137.7,15.0,1301,4568.1,5.88447,7.569323,-5.816044,2.23694,0.894776,1.342164,0.223694,0.894776,-1.5,-2,2.5,169.3,169.3,169.4,Tripod,Other,,21,5,True,,True,False,,Smart,RC,False,True,False,,,True,,False,False,False,False,False,False,False,False,False,False,0,Follow Yaw,-77.9,0,160.3,160.3,False,False,False,False,False,,0,0,False,False,No Card,100,100,1024,1361,826,916,2,False,False,False,False,False,0,False,False,False,False,71,,46.572,,7180,,10044,,46.572,,True,3.884,3.884,3.884,3.884,3.884,3.884,3.884,3.884,3.884,3.884,3.884,3.884,0,,False,False,True,,,,,,,,,,,,,,,False,False,18.726,,102.3,,75.7,,102.3,,1347,113,3,22,7,145780.1,19437.35,,Idle,,20,,10,,,20,Go Home,False,False,False,False,False,False,False,False,False,False,False,False,33.8027920380556,-117.4659261431046,3812.4,3812.4,1049.4,396.9,True,1,1,False,False,False,False,,True,False,False,Course Lock,196.8,67,16.4,93,N,S,3.57,11.4,Calm,False,False,Android,7.0.2,M300 RTK,1ZN7L4R0H1D00F,1W9DL31001461C,1ZMLH8300204F0,1Z6PH74DAP0QN7,"Corona, CA",728.3,5.7,137.7,8.547347,2.013246,0,0,DJI Matrice 300 RTK,M300 RTK,1ZN7L4R0H1D00F,1W9DL31001461C,1ZMLH8300204F0,1Z6PH74DAP0QN7,DJI Pilot,Android,7.0.2,1EF72A62-B7C3-C88D-164E-CE6F8C8424AE,1ZN7L4R0H1D00F,1W9DL31001461C,,1ZMLH8300204F0,1W9DL31001461C,,,,,
2023-11-01,11:33:17.64 AM,8m 55.3s,535.3,33.79644863077,-117.4759217497878,37.0,137.7,15.0,1301,4569.0,5.88447,7.569323,-5.816044,2.23694,0.894776,1.342164,0.223694,0.894776,-1.6,-2.1,2.6,169.1,169.1,167.2,Tripod,Other,,21,5,True,,True,False,,Smart,RC,False,True,False,,,True,,False,False,False,False,False,False,False,False,False,False,0,Follow Yaw,-77.9,0,160.1,160.1,False,False,False,False,False,,0,0,False,False,No Card,100,100,1024,1360,791,911,2,False,False,False,False,False,0,False,False,False,False,71,,46.572,,7180,,10044,,46.572,,True,3.882,3.882,3.882,3.882,3.882,3.882,3.882,3.882,3.882,3.882,3.882,3.882,0,,False,False,True,,,,,,,,,,,,,,,False,False,18.726,,102.3,,75.7,,102.3,,1345,113,3,22,7,145820.9,19442.79,,Idle,,20,,10,,,20,Go Home,False,False,False,False,False,False,False,False,False,False,False,False,33.8027920380556,-117.4659261431046,3812.8,3812.8,1049.4,396.9,True,1,1,False,False,False,False,,True,False,False,Course Lock,196.8,67,16.4,93,N,S,3.57,11.4,Calm,False,False,Android,7.0.2,M300 RTK,1ZN7L4R0H1D00F,1W9DL31001461C,1ZMLH8300204F0,1Z6PH74DAP0QN7,"Corona, CA",728.3,5.7,137.7,8.547347,2.013246,0,0,DJI Matrice 300 RTK,M300 RTK,1ZN7L4R0H1D00F,1W9DL31001461C,1ZMLH8300204F0,1Z6PH74DAP0QN7,DJI Pilot,Android,7.0.2,1EF72A62-B7C3-C88D-164E-CE6F8C8424AE,1ZN7L4R0H1D00F,1W9DL31001461C,,1ZMLH8300204F0,1W9DL31001461C,,,,,
2023-11-01,11:33:17.74 AM,8m 55.4s,535.4,33.7964460799979,-117.4759211370641,37.0,137.7,15.0,1301,4570.0,5.922612,7.569323,-5.816044,2.23694,1.11847,1.342164,0.223694,0.894776,-1.6,-1.9,2.4,168.7,168.7,168.7,Tripod,Other,,21,5,True,,True,False,,Smart,RC,False,True,False,,,True,,False,False,False,False,False,False,False,False,False,False,0,Follow Yaw,-77.9,0,159.9,159.9,False,False,False,False,False,,0,0,False,False,No Card,100,100,1024,1354,835,874,2,False,False,False,False,False,0,False,False,False,False,71,,46.572,,7180,,10044,,46.572,,True,3.882,3.882,3.882,3.882,3.882,3.882,3.882,3.882,3.882,3.882,3.882,3.882,0,,False,False,True,,,,,,,,,,,,,,,False,False,18.726,,102.3,,75.7,,102.3,,1345,113,3,22,7,145820.9,19442.79,,Idle,,20,,10,,,20,Go Home,False,False,False,False,False,False,False,False,False,False,False,False,33.8027920380556,-117.4659261431046,3813.2,3813.2,1049.4,396.9,True,1,1,False,False,False,False,,True,False,False,Course Lock,196.8,67,16.4,93,N,S,3.57,11.4,Calm,False,False,Android,7.0.2,M300 RTK,1ZN7L4R0H1D00F,1W9DL31001461C,1ZMLH8300204F0,1Z6PH74DAP0QN7,"Corona, CA",728.3,5.7,137.7,8.547347,2.013246,0,0,DJI Matrice 300 RTK,M300 RTK,1ZN7L4R0H1D00F,1W9DL31001461C,1ZMLH8300204F0,1Z6PH74DAP0QN7,DJI Pilot,Android,7.0.2,1EF72A62-B7C3-C88D-164E-CE6F8C8424AE,1ZN7L4R0H1D00F,1W9DL31001461C,,1ZMLH8300204F0,1W9DL31001461C,,,,,
2023-11-01,11:33:17.85 AM,8m 55.5s,535.5,33.7964435023612,-117.475920694798,37.0,137.7,15.0,1301,4570.9,5.922612,7.569323,-5.816044,2.23694,1.11847,1.342164,0.223694,0.894776,-1.6,-1.8,2.4,168.4,168.4,171.8,Tripod,Other,,21,5,True,,True,False,,Smart,RC,False,True,False,,,True,,False,False,False,False,False,False,False,False,False,False,0,Follow Yaw,-77.9,0,159.7,159.7,False,False,False,False,False,,0,0,False,False,No Card,100,100,1024,1362,832,871,2,False,False,False,False,False,0,False,False,False,False,71,,46.572,,7180,,10044,,46.572,,True,3.882,3.882,3.882,3.882,3.882,3.882,3.882,3.882,3.882,3.882,3.882,3.882,0,,False,False,True,,,,,,,,,,,,,,,False,False,18.726,,102.3,,75.7,,102.3,,1345,113,3,22,7,145820.9,19442.79,,Idle,,20,,10,,,20,Go Home,False,False,False,False,False,False,False,False,False,False,False,False,33.8027920380556,-117.4659261431046,3813.6,3813.6,1049.4,396.9,True,1,1,False,False,False,False,,True,False,False,Course Lock,196.8,67,16.4,93,N,S,3.57,11.4,Calm,False,False,Android,7.0.2,M300 RTK,1ZN7L4R0H1D00F,1W9DL31001461C,1ZMLH8300204F0,1Z6PH74DAP0QN7,"Corona, CA",728.3,5.7,137.7,8.547347,2.013246,0,0,DJI Matrice 300 RTK,M300 RTK,1ZN7L4R0H1D00F,1W9DL31001461C,1ZMLH8300204F0,1Z6PH74DAP0QN7,DJI Pilot,Android,7.0.2,1EF72A62-B7C3-C88D-164E-CE6F8C8424AE,1ZN7L4R0H1D00F,1W9DL31001461C,,1ZMLH8300204F0,1W9DL31001461C,,,,,
2023-11-01,11:33:17.95 AM,8m 55.6s,535.6,33.7964410694648,-117.4759200971655,37.0,137.7,15.0,1301,4571.8,5.922612,7.569323,-5.816044,2.23694,1.11847,1.342164,0.223694,0.894776,-1.7,-2,2.6,168.2,168.2,168.4,Tripod,Other,,21,5,True,,True,False,,Smart,RC,False,True,False,,,True,,False,False,False,False,False,False,False,False,False,False,0,Follow Yaw,-77.9,0,159.4,159.4,False,False,False,False,False,,0,0,False,False,No Card,100,100,1024,1367,834,872,2,False,False,False,False,False,0,False,False,False,False,71,,46.572,,7180,,10044,,46.572,,True,3.882,3.882,3.882,3.882,3.882,3.882,3.882,3.882,3.882,3.882,3.882,3.882,0,,False,False,True,,,,,,,,,,,,,,,False,False,18.726,,102.3,,75.7,,102.3,,1345,113,3,22,7,145820.9,19442.79,,Idle,,20,,10,,,20,Go Home,False,False,False,False,False,False,False,False,False,False,False,False,33.8027920380556,-117.4659261431046,3814.0,3814.0,1049.4,396.9,True,1,1,False,False,False,False,,True,False,False,Course Lock,196.8,67,16.4,93,N,S,3.57,11.4,Calm,False,False,Android,7.0.2,M300 RTK,1ZN7L4R0H1D00F,1W9DL31001461C,1ZMLH8300204F0,1Z6PH74DAP0QN7,"Corona, CA",728.3,5.7,137.7,8.547347,2.013246,0,0,DJI Matrice 300 RTK,M300 RTK,1ZN7L4R0H1D00F,1W9DL31001461C,1ZMLH8300204F0,1Z6PH74DAP0QN7,DJI Pilot,Android,7.0.2,1EF72A62-B7C3-C88D-164E-CE6F8C8424AE,1ZN7L4R0H1D00F,1W9DL31001461C,,1ZMLH8300204F0,1W9DL31001461C,,,,,
2023-11-01,11:33:18.05 AM,8m 55.7s,535.7,33.7964391104691,-117.4759193146439,37.0,137.7,15.0,1301,4572.6,5.922612,7.569323,-5.816044,2.23694,1.11847,1.342164,0.223694,0.894776,-1.7,-2.1,2.7,168,168,161.6,Tripod,Other,,21,5,True,,True,False,,Smart,RC,False,True,False,,,True,,False,False,False,False,False,False,False,False,False,False,0,Follow Yaw,-77.9,0,159.1,159.1,False,False,False,False,False,,0,0,False,False,No Card,100,100,1024,1372,854,887,2,False,False,False,False,False,0,False,False,False,False,71,,46.572,,7180,,10044,,46.572,,True,3.882,3.882,3.882,3.882,3.882,3.882,3.882,3.882,3.882,3.882,3.882,3.882,0,,False,False,True,,,,,,,,,,,,,,,False,False,18.726,,102.3,,75.7,,102.3,,1345,113,3,22,7,145820.9,19442.79,,Idle,,20,,10,,,20,Go Home,False,False,False,False,False,False,False,False,False,False,False,False,33.8027920380556,-117.4659261431046,3814.3,3814.3,1049.4,396.9,True,1,1,False,False,False,False,,True,False,False,Course Lock,196.8,67,16.4,93,N,S,3.57,11.4,Calm,False,False,Android,7.0.2,M300 RTK,1ZN7L4R0H1D00F,1W9DL31001461C,1ZMLH8300204F0,1Z6PH74DAP0QN7,"Corona, CA",728.3,5.7,137.7,8.547347,2.013246,0,0,DJI Matrice 300 RTK,M300 RTK,1ZN7L4R0H1D00F,1W9DL31001461C,1ZMLH8300204F0,1Z6PH74DAP0QN7,DJI Pilot,Android,7.0.2,1EF72A62-B7C3-C88D-164E-CE6F8C8424AE,1ZN7L4R0H1D00F,1W9DL31001461C,,1ZMLH8300204F0,1W9DL31001461C,,,,,
2023-11-01,11:33:18.16 AM,8m 55.8s,535.8,33.796436714443,-117.4759186607695,37.0,137.7,15.0,1301,4573.5,5.922612,7.569323,-5.816044,2.23694,1.11847,1.342164,0.223694,0.894776,-1.8,-2,2.6,167.7,167.7,167.2,Tripod,Other,,21,5,True,,True,False,,Smart,RC,False,True,False,,,True,,False,False,False,False,False,False,False,False,False,False,0,Follow Yaw,-77.9,0,158.8,158.8,False,False,False,False,False,,0,0,False,False,No Card,100,100,1024,1356,843,888,2,False,False,False,False,False,0,False,False,False,False,71,,46.572,,7180,,10044,,46.572,,True,3.882,3.882,3.882,3.882,3.882,3.882,3.882,3.882,3.882,3.882,3.882,3.882,0,,False,False,True,,,,,,,,,,,,,,,False,False,18.726,,102.3,,75.7,,102.3,,1345,113,3,22,7,145820.9,19442.79,,Idle,,20,,10,,,20,Go Home,False,False,False,False,False,False,False,False,False,False,False,False,33.8027920380556,-117.4659261431046,3814.7,3814.7,1049.4,396.9,True,1,1,False,False,False,False,,True,False,False,Course Lock,196.8,67,16.4,93,N,S,3.57,11.4,Calm,False,False,Android,7.0.2,M300 RTK,1ZN7L4R0H1D00F,1W9DL31001461C,1ZMLH8300204F0,1Z6PH74DAP0QN7,"Corona, CA",728.3,5.7,137.7,8.547347,2.013246,0,0,DJI Matrice 300 RTK,M300 RTK,1ZN7L4R0H1D00F,1W9DL31001461C,1ZMLH8300204F0,1Z6PH74DAP0QN7,DJI Pilot,Android,7.0.2,1EF72A62-B7C3-C88D-164E-CE6F8C8424AE,1ZN7L4R0H1D00F,1W9DL31001461C,,1ZMLH8300204F0,1W9DL31001461C,,,,,
2023-11-01,11:33:18.26 AM,8m 55.9s,535.9,33.7964339891878,-117.4759180348512,36.7,137.7,15.0,1301,4574.5,5.922612,7.569323,-5.816044,2.23694,1.11847,1.342164,0.223694,0.894776,-1.9,-1.9,2.6,167.4,167.4,169.1,Tripod,Other,,21,5,True,,True,False,,Smart,RC,False,True,False,,,True,,False,False,False,False,False,False,False,False,False,False,0,Follow Yaw,-77.9,0,158.6,158.6,False,False,False,False,False,,0,0,False,False,No Card,100,100,1024,1361,845,886,2,False,False,False,False,False,0,False,False,False,False,71,,46.572,,7180,,10044,,46.572,,True,3.882,3.882,3.882,3.882,3.882,3.882,3.882,3.882,3.882,3.882,3.882,3.882,0,,False,False,True,,,,,,,,,,,,,,,False,False,18.726,,102.3,,75.7,,102.3,,1345,113,3,22,7,145820.9,19442.79,,Idle,,20,,10,,,20,Go Home,False,False,False,False,False,False,False,False,False,False,False,False,33.8027920380556,-117.4659261431046,3815.1,3815.1,1049.4,396.9,True,1,1,False,False,False,False,,True,False,False,Course Lock,196.8,67,16.4,93,N,S,3.57,11.4,Calm,False,False,Android,7.0.2,M300 RTK,1ZN7L4R0H1D00F,1W9DL31001461C,1ZMLH8300204F0,1Z6PH74DAP0QN7,"Corona, CA",728.3,5.7,137.7,8.547347,2.013246,0,0,DJI Matrice 300 RTK,M300 RTK,1ZN7L4R0H1D00F,1W9DL31001461C,1ZMLH8300204F0,1Z6PH74DAP0QN7,DJI Pilot,Android,7.0.2,1EF72A62-B7C3-C88D-164E-CE6F8C8424AE,1ZN7L4R0H1D00F,1W9DL31001461C,,1ZMLH8300204F0,1W9DL31001461C,,,,,
2023-11-01,11:33:18.36 AM,8m 56.0s,536.0,33.7964315806888,-117.4759173507117,36.7,137.7,15.0,1301,4575.4,5.9689,7.569323,-5.816044,2.23694,1.342164,1.342164,0.223694,0.894776,-2,-1.7,2.6,167.1,167.1,166.7,Tripod,Other,,21,5,True,,True,False,,Smart,RC,False,True,False,,,True,,False,False,False,False,False,False,False,False,False,False,0,Follow Yaw,-77.9,0,158.3,158.3,False,False,False,False,False,,0,0,False,False,No Card,100,100,1024,1361,852,896,2,False,False,False,False,False,0,False,False,False,False,71,,46.572,,7180,,10044,,46.572,,True,3.882,3.882,3.882,3.882,3.882,3.882,3.882,3.882,3.882,3.882,3.882,3.882,0,,False,False,True,,,,,,,,,,,,,,,False,False,19.048,,102.3,,75.7,,102.3,,1345,113,3,22,7,145820.9,19442.79,,Idle,,20,,10,,,20,Go Home,False,False,False,False,False,False,False,False,False,False,False,False,33.8027920380556,-117.4659261431046,3815.5,3815.5,1049.4,396.9,True,1,1,False,False,False,False,,True,False,False,Course Lock,196.8,67,16.4,93,N,S,3.57,11.4,Calm,False,False,Android,7.0.2,M300 RTK,1ZN7L4R0H1D00F,1W9DL31001461C,1ZMLH8300204F0,1Z6PH74DAP0QN7,"Corona, CA",728.3,5.7,137.7,8.547347,2.013246,0,0,DJI Matrice 300 RTK,M300 RTK,1ZN7L4R0H1D00F,1W9DL31001461C,1ZMLH8300204F0,1Z6PH74DAP0QN7,DJI Pilot,Android,7.0.2,1EF72A62-B7C3-C88D-164E-CE6F8C8424AE,1ZN7L4R0H1D00F,1W9DL31001461C,,1ZMLH8300204F0,1W9DL31001461C,,,,,
2023-11-01,11:33:18.47 AM,8m 56.1s,536.1,33.7964292833492,-117.4759165055983,36.7,137.7,15.0,1301,4576.3,5.9689,7.569323,-5.816044,2.23694,1.342164,1.342164,0.223694,0.894776,-2,-1.7,2.6,166.8,166.8,163.0,Tripod,Other,,21,5,True,,True,False,,Smart,RC,False,True,False,,,True,,False,False,False,False,False,False,False,False,False,False,0,Follow Yaw,-77.9,0,158,158,False,False,False,False,False,,0,0,False,False,No Card,100,100,1024,1359,856,896,2,False,False,False,False,False,0,False,False,False,False,71,,46.572,,7180,,10044,,46.572,,True,3.882,3.882,3.882,3.882,3.882,3.882,3.882,3.882,3.882,3.882,3.882,3.882,0,,False,False,True,,,,,,,,,,,,,,,False,False,19.048,,102.3,,75.7,,102.3,,1345,113,3,22,7,145820.9,19442.79,,Idle,,20,,10,,,20,Go Home,False,False,False,False,False,False,False,False,False,False,False,False,33.8027920380556,-117.4659261431046,3815.8,3815.8,1049.4,396.9,True,1,1,False,False,False,False,,True,False,False,Course Lock,196.8,67,16.4,93,N,S,3.57,11.4,Calm,False,False,Android,7.0.2,M300 RTK,1ZN7L4R0H1D00F,1W9DL31001461C,1ZMLH8300204F0,1Z6PH74DAP0QN7,"Corona, CA",728.3,5.7,137.7,8.547347,2.013246,0,0,DJI Matrice 300 RTK,M300 RTK,1ZN7L4R0H1D00F,1W9DL31001461C,1ZMLH8300204F0,1Z6PH74DAP0QN7,DJI Pilot,Android,7.0.2,1EF72A62-B7C3-C88D-164E-CE6F8C8424AE,1ZN7L4R0H1D00F,1W9DL31001461C,,1ZMLH8300204F0,1W9DL31001461C,,,,,
2023-11-01,11:33:18.57 AM,8m 56.2s,536.2,33.796426883965,-117.4759157841016,36.7,137.7,15.0,1301,4577.2,5.9689,7.569323,-5.816044,2.23694,1.342164,1.342164,0.223694,0.894776,-1.9,-1.8,2.6,166.6,166.6,165.9,Tripod,Other,,21,5,True,,True,False,,Smart,RC,False,True,False,,,True,,False,False,False,False,False,False,False,False,False,False,0,Follow Yaw,-77.9,0,157.8,157.8,False,False,False,False,False,,0,0,False,False,No Card,100,100,1024,1354,873,887,2,False,False,False,False,False,0,False,False,False,False,71,,46.572,,7180,,10044,,46.572,,True,3.882,3.882,3.882,3.882,3.882,3.882,3.882,3.882,3.882,3.882,3.882,3.882,0,,False,False,True,,,,,,,,,,,,,,,False,False,19.048,,102.3,,75.7,,102.3,,1345,113,3,22,7,145820.9,19442.79,,Idle,,20,,10,,,20,Go Home,False,False,False,False,False,False,False,False,False,False,False,False,33.8027920380556,-117.4659261431046,3816.1,3816.1,1049.4,396.9,True,1,1,False,False,False,False,,True,False,False,Course Lock,196.8,67,16.4,93,N,S,3.35,11.4,Calm,False,False,Android,7.0.2,M300 RTK,1ZN7L4R0H1D00F,1W9DL31001461C,1ZMLH8300204F0,1Z6PH74DAP0QN7,"Corona, CA",728.3,5.7,137.7,8.547347,2.013246,0,0,DJI Matrice 300 RTK,M300 RTK,1ZN7L4R0H1D00F,1W9DL31001461C,1ZMLH8300204F0,1Z6PH74DAP0QN7,DJI Pilot,Android,7.0.2,1EF72A62-B7C3-C88D-164E-CE6F8C8424AE,1ZN7L4R0H1D00F,1W9DL31001461C,,1ZMLH8300204F0,1W9DL31001461C,,,,,
2023-11-01,11:33:18.67 AM,8m 56.3s,536.3,33.7964245490012,-117.4759150582343,36.7,137.7,15.0,1301,4578.1,5.9689,7.569323,-5.816044,2.23694,1.342164,1.342164,0.223694,0.894776,-2,-1.8,2.6,166.2,166.2,165.5,Tripod,Other,,21,5,True,,True,False,,Smart,RC,False,True,False,,,True,,False,False,False,False,False,False,False,False,False,False,0,Follow Yaw,-77.9,0,157.6,157.6,False,False,False,False,False,,0,0,False,False,No Card,100,100,1024,1361,876,861,2,False,False,False,False,False,0,False,False,False,False,71,,46.572,,7180,,10044,,46.572,,True,3.882,3.882,3.882,3.882,3.882,3.882,3.882,3.882,3.882,3.882,3.882,3.882,0,,False,False,True,,,,,,,,,,,,,,,False,False,19.048,,102.3,,75.7,,102.3,,1343,113,3,22,7,145594.8,19412.64,,Idle,,20,,10,,,20,Go Home,False,False,False,False,False,False,False,False,False,False,False,False,33.8027920380556,-117.4659261431046,3816.5,3816.5,1049.4,396.9,True,1,1,False,False,False,False,,True,False,False,Course Lock,196.8,67,16.4,93,N,S,3.35,11.4,Calm,False,False,Android,7.0.2,M300 RTK,1ZN7L4R0H1D00F,1W9DL31001461C,1ZMLH8300204F0,1Z6PH74DAP0QN7,"Corona, CA",728.3,5.7,137.7,8.547347,2.013246,0,0,DJI Matrice 300 RTK,M300 RTK,1ZN7L4R0H1D00F,1W9DL31001461C,1ZMLH8300204F0,1Z6PH74DAP0QN7,DJI Pilot,Android,7.0.2,1EF72A62-B7C3-C88D-164E-CE6F8C8424AE,1ZN7L4R0H1D00F,1W9DL31001461C,,1ZMLH8300204F0,1W9DL31001461C,,,,,
2023-11-01,11:33:18.77 AM,8m 56.4s,536.4,33.7964221594171,-117.475914304246,36.7,137.7,15.0,1301,4579.0,5.9689,7.569323,-5.816044,2.23694,1.342164,1.342164,0.223694,0.894776,-2,-1.9,2.7,165.9,165.9,165.3,Tripod,Other,,21,5,True,,True,False,,Smart,RC,False,True,False,,,True,,False,False,False,False,False,False,False,False,False,False,0,Follow Yaw,-77.9,0,157.3,157.3,False,False,False,False,False,,0,0,False,False,No Card,100,100,1024,1362,870,860,2,False,False,False,False,False,0,False,False,False,False,71,,46.572,,7180,,10044,,46.572,,True,3.882,3.882,3.882,3.882,3.882,3.882,3.882,3.882,3.882,3.882,3.882,3.882,0,,False,False,True,,,,,,,,,,,,,,,False,False,19.048,,102.3,,75.7,,102.3,,1343,113,3,22,7,145594.8,19412.64,,Idle,,20,,10,,,20,Go Home,False,False,False,False,False,False,False,False,False,False,False,False,33.8027920380556,-117.4659261431046,3816.8,3816.8,1049.4,396.9,True,1,1,False,False,False,False,,True,False,False,Course Lock,196.8,67,16.4,93,N,S,3.35,11.4,Calm,False,False,Android,7.0.2,M300 RTK,1ZN7L4R0H1D00F,1W9DL31001461C,1ZMLH8300204F0,1Z6PH74DAP0QN7,"Corona, CA",728.3,5.7,137.7,8.547347,2.013246,0,0,DJI Matrice 300 RTK,M300 RTK,1ZN7L4R0H1D00F,1W9DL31001461C,1ZMLH8300204F0,1Z6PH74DAP0QN7,DJI Pilot,Android,7.0.2,1EF72A62-B7C3-C88D-164E-CE6F8C8424AE,1ZN7L4R0H1D00F,1W9DL31001461C,,1ZMLH8300204F0,1W9DL31001461C,,,,,
2023-11-01,11:33:18.87 AM,8m 56.5s,536.5,33.7964197728484,-117.4759135302184,36.7,137.7,15.0,1301,4579.9,5.9689,7.569323,-5.816044,2.23694,1.342164,1.342164,0.223694,0.894776,-1.9,-2.1,2.8,165.7,165.7,164.9,Tripod,Other,,21,5,True,,True,False,,Smart,RC,False,True,False,,,True,,False,False,False,False,False,False,False,False,False,False,0,Follow Yaw,-77.9,0,156.9,156.9,False,False,False,False,False,,0,0,False,False,No Card,100,100,1024,1364,861,934,2,False,False,False,False,False,0,False,False,False,False,71,,46.572,,7180,,10044,,46.572,,True,3.882,3.882,3.882,3.882,3.882,3.882,3.882,3.882,3.882,3.882,3.882,3.882,0,,False,False,True,,,,,,,,,,,,,,,False,False,19.048,,102.3,,75.7,,102.3,,1343,113,3,22,7,145594.8,19412.64,,Idle,,20,,10,,,20,Go Home,False,False,False,False,False,False,False,False,False,False,False,False,33.8027920380556,-117.4659261431046,3817.2,3817.2,1049.4,396.9,True,1,1,False,False,False,False,,True,False,False,Course Lock,196.8,67,16.4,93,N,S,3.35,11.4,Calm,False,False,Android,7.0.2,M300 RTK,1ZN7L4R0H1D00F,1W9DL31001461C,1ZMLH8300204F0,1Z6PH74DAP0QN7,"Corona, CA",728.3,5.7,137.7,8.547347,2.013246,0,0,DJI Matrice 300 RTK,M300 RTK,1ZN7L4R0H1D00F,1W9DL31001461C,1ZMLH8300204F0,1Z6PH74DAP0QN7,DJI Pilot,Android,7.0.2,1EF72A62-B7C3-C88D-164E-CE6F8C8424AE,1ZN7L4R0H1D00F,1W9DL31001461C,,1ZMLH8300204F0,1W9DL31001461C,,,,,
2023-11-01,11:33:18.97 AM,8m 56.6s,536.6,33.7964172555887,-117.475912699454,36.4,137.7,15.0,1300,4580.8,5.9689,7.569323,-5.816044,2.23694,1.342164,1.342164,0.223694,0.894776,-1.8,-2.1,2.7,165.5,165.5,164.6,Tripod,Other,,21,5,True,,True,False,,Smart,RC,False,True,False,,,True,,False,False,False,False,False,False,False,False,False,False,0,Follow Yaw,-77.9,0,156.7,156.7,False,False,False,False,False,,0,0,False,False,No Card,100,100,1024,1350,882,950,2,False,False,False,False,False,0,False,False,False,False,71,,46.572,,7180,,10044,,46.572,,True,3.882,3.882,3.882,3.882,3.882,3.882,3.882,3.882,3.882,3.882,3.882,3.882,0,,False,False,True,,,,,,,,,,,,,,,False,False,19.048,,102.3,,75.7,,102.3,,1343,113,3,22,7,145594.8,19412.64,,Idle,,20,,10,,,20,Go Home,False,False,False,False,False,False,False,False,False,False,False,False,33.8027920380556,-117.4659261431046,3817.5,3817.5,1049.4,396.9,True,1,1,False,False,False,False,,True,False,False,Course Lock,196.8,67,16.4,93,N,S,3.35,11.4,Calm,False,False,Android,7.0.2,M300 RTK,1ZN7L4R0H1D00F,1W9DL31001461C,1ZMLH8300204F0,1Z6PH74DAP0QN7,"Corona, CA",728.3,5.7,137.7,8.547347,2.013246,0,0,DJI Matrice 300 RTK,M300 RTK,1ZN7L4R0H1D00F,1W9DL31001461C,1ZMLH8300204F0,1Z6PH74DAP0QN7,DJI Pilot,Android,7.0.2,1EF72A62-B7C3-C88D-164E-CE6F8C8424AE,1ZN7L4R0H1D00F,1W9DL31001461C,,1ZMLH8300204F0,1W9DL31001461C,,,,,
2023-11-01,11:33:19.08 AM,8m 56.7s,536.7,33.7964147667014,-117.4759119436514,36.4,137.7,15.0,1300,4581.8,6.023145,7.569323,-5.816044,2.23694,1.565858,1.565858,0.223694,0.894776,-1.9,-1.7,2.5,165.2,165.2,165.8,Tripod,Other,,21,5,True,,True,False,,Smart,RC,False,True,False,,,True,,False,False,False,False,False,False,False,False,False,False,0,Follow Yaw,-77.9,0,156.5,156.5,False,False,False,False,False,,0,0,False,False,No Card,100,100,1024,1350,886,952,2,False,False,False,False,False,0,False,False,False,False,71,,46.548,,3540,,4986,,46.548,,True,3.882,3.882,3.882,3.882,3.882,3.882,3.882,3.882,3.882,3.882,3.882,3.882,0,,False,False,True,,,,,,,,,,,,,,,False,False,9.514,,102.2,,75.7,,102.3,,1343,113,3,22,7,145594.8,19412.64,,Idle,,20,,10,,,20,Go Home,False,False,False,False,False,False,False,False,False,False,False,False,33.8027920380556,-117.4659261431046,3817.9,3817.9,1049.4,396.9,True,1,1,False,False,False,False,,True,False,False,Course Lock,196.8,67,16.4,93,N,S,3.35,11.4,Calm,False,False,Android,7.0.2,M300 RTK,1ZN7L4R0H1D00F,1W9DL31001461C,1ZMLH8300204F0,1Z6PH74DAP0QN7,"Corona, CA",728.3,5.7,137.7,8.547347,2.013246,0,0,DJI Matrice 300 RTK,M300 RTK,1ZN7L4R0H1D00F,1W9DL31001461C,1ZMLH8300204F0,1Z6PH74DAP0QN7,DJI Pilot,Android,7.0.2,1EF72A62-B7C3-C88D-164E-CE6F8C8424AE,1ZN7L4R0H1D00F,1W9DL31001461C,,1ZMLH8300204F0,1W9DL31001461C,,,,,
2023-11-01,11:33:19.14 AM,8m 56.8s,536.8,33.7964123682766,-117.4759111225357,36.4,137.7,15.0,1300,4582.7,6.023145,7.569323,-5.816044,2.23694,1.565858,1.565858,0.223694,0.894776,-2,-1.2,2.3,165,165,164.1,Tripod,Other,,21,5,True,,True,False,,Smart,RC,False,True,False,,,True,,False,False,False,False,False,False,False,False,False,False,0,Follow Yaw,-77.9,0,156.4,156.4,False,False,False,False,False,,0,0,False,False,No Card,100,100,1024,1349,876,957,2,False,False,False,False,False,0,False,False,False,False,71,,46.548,,3540,,4986,,46.548,,True,3.882,3.882,3.882,3.882,3.882,3.882,3.882,3.882,3.882,3.882,3.882,3.882,0,,False,False,True,,,,,,,,,,,,,,,False,False,9.514,,102.2,,75.7,,102.3,,1343,113,3,22,7,145594.8,19412.64,,Idle,,20,,10,,,20,Go Home,False,False,False,False,False,False,False,False,False,False,False,False,33.8027920380556,-117.4659261431046,3818.3,3818.3,1049.4,396.9,True,1,1,False,False,False,False,,True,False,False,Course Lock,196.8,67,16.4,93,N,S,3.35,11.4,Calm,False,False,Android,7.0.2,M300 RTK,1ZN7L4R0H1D00F,1W9DL31001461C,1ZMLH8300204F0,1Z6PH74DAP0QN7,"Corona, CA",728.3,5.7,137.7,8.547347,2.013246,0,0,DJI Matrice 300 RTK,M300 RTK,1ZN7L4R0H1D00F,1W9DL31001461C,1ZMLH8300204F0,1Z6PH74DAP0QN7,DJI Pilot,Android,7.0.2,1EF72A62-B7C3-C88D-164E-CE6F8C8424AE,1ZN7L4R0H1D00F,1W9DL31001461C,,1ZMLH8300204F0,1W9DL31001461C,,,,,
2023-11-01,11:33:19.24 AM,8m 56.9s,536.9,33.7964098889152,-117.475910285339,36.4,137.7,15.0,1300,4583.6,6.023145,7.569323,-5.816044,2.23694,1.565858,1.565858,0.223694,0.894776,-2,-1,2.2,164.8,164.8,164.3,Tripod,Other,,21,5,True,,True,False,,Smart,RC,False,True,False,,,True,,False,False,False,False,False,False,False,False,False,False,0,Follow Yaw,-77.9,0,156.3,156.3,False,False,False,False,False,,0,0,False,False,No Card,100,100,1024,1347,852,956,2,False,False,False,False,False,0,False,False,False,False,71,,46.548,,3540,,4986,,46.548,,True,3.882,3.882,3.882,3.882,3.882,3.882,3.882,3.882,3.882,3.882,3.882,3.882,0,,False,False,True,,,,,,,,,,,,,,,False,False,9.514,,102.2,,75.7,,102.3,,1343,113,3,22,7,145594.8,19412.64,,Idle,,20,,10,,,20,Go Home,False,False,False,False,False,False,False,False,False,False,False,False,33.8027920380556,-117.4659261431046,3818.6,3818.6,1049.4,396.9,True,1,1,False,False,False,False,,True,False,False,Course Lock,196.8,67,16.4,93,N,S,3.35,11.4,Calm,False,False,Android,7.0.2,M300 RTK,1ZN7L4R0H1D00F,1W9DL31001461C,1ZMLH8300204F0,1Z6PH74DAP0QN7,"Corona, CA",728.3,5.7,137.7,8.547347,2.013246,0,0,DJI Matrice 300 RTK,M300 RTK,1ZN7L4R0H1D00F,1W9DL31001461C,1ZMLH8300204F0,1Z6PH74DAP0QN7,DJI Pilot,Android,7.0.2,1EF72A62-B7C3-C88D-164E-CE6F8C8424AE,1ZN7L4R0H1D00F,1W9DL31001461C,,1ZMLH8300204F0,1W9DL31001461C,,,,,
2023-11-01,11:33:19.34 AM,8m 57.0s,537.0,33.7964074823352,-117.4759094591928,36.4,137.7,15.0,1300,4584.5,6.023145,7.569323,-5.816044,2.23694,1.565858,1.565858,0,0.894776,-1.9,-1,2.1,164.6,164.6,164.0,Tripod,Other,,21,5,True,,True,False,,Smart,RC,False,True,False,,,True,,False,False,False,False,False,False,False,False,False,False,0,Follow Yaw,-77.9,0,156.2,156.2,False,False,False,False,False,,0,0,False,False,No Card,100,100,1024,1356,836,931,2,False,False,False,False,False,0,False,False,False,False,71,,46.572,,7131,,10044,,46.572,,True,3.882,3.882,3.882,3.882,3.882,3.882,3.882,3.882,3.882,3.882,3.882,3.882,0,,False,False,True,,,,,,,,,,,,,,,False,False,18.978,,102.3,,75.7,,102.3,,1343,113,3,22,7,145594.8,19412.64,,Idle,,20,,10,,,20,Go Home,False,False,False,False,False,False,False,False,False,False,False,False,33.8027920380556,-117.4659261431046,3818.9,3818.9,1049.4,396.9,True,1,1,False,False,False,False,,True,False,False,Course Lock,196.8,67,16.4,93,N,S,3.35,11.4,Calm,False,False,Android,7.0.2,M300 RTK,1ZN7L4R0H1D00F,1W9DL31001461C,1ZMLH8300204F0,1Z6PH74DAP0QN7,"Corona, CA",728.3,5.7,137.7,8.547347,2.013246,0,0,DJI Matrice 300 RTK,M300 RTK,1ZN7L4R0H1D00F,1W9DL31001461C,1ZMLH8300204F0,1Z6PH74DAP0QN7,DJI Pilot,Android,7.0.2,1EF72A62-B7C3-C88D-164E-CE6F8C8424AE,1ZN7L4R0H1D00F,1W9DL31001461C,,1ZMLH8300204F0,1W9DL31001461C,,,,,
2023-11-01,11:33:19.44 AM,8m 57.1s,537.1,33.7964051549784,-117.4759087382734,36.4,137.7,15.0,1300,4585.4,6.023145,7.569323,-5.816044,2.23694,1.565858,1.565858,0,0.894776,-1.8,-1.1,2.1,164.4,164.4,165.5,Tripod,Other,,21,5,True,,True,False,,Smart,RC,False,True,False,,,True,,False,False,False,False,False,False,False,False,False,False,0,Follow Yaw,-77.9,0,156.1,156.1,False,False,False,False,False,,0,0,False,False,No Card,100,100,1024,1361,855,935,2,False,False,False,False,False,0,False,False,False,False,71,,46.572,,7131,,10044,,46.572,,True,3.882,3.882,3.882,3.882,3.882,3.882,3.882,3.882,3.882,3.882,3.882,3.882,0,,False,False,True,,,,,,,,,,,,,,,False,False,18.978,,102.3,,75.7,,102.3,,1343,113,3,22,7,145594.8,19412.64,,Idle,,20,,10,,,20,Go Home,False,False,False,False,False,False,False,False,False,False,False,False,33.8027920380556,-117.4659261431046,3819.3,3819.3,1049.4,396.9,True,1,1,False,False,False,False,,True,False,False,Course Lock,196.8,67,16.4,93,N,S,3.35,11.4,Calm,False,False,Android,7.0.2,M300 RTK,1ZN7L4R0H1D00F,1W9DL31001461C,1ZMLH8300204F0,1Z6PH74DAP0QN7,"Corona, CA",728.3,5.7,137.7,8.547347,2.013246,0,0,DJI Matrice 300 RTK,M300 RTK,1ZN7L4R0H1D00F,1W9DL31001461C,1ZMLH8300204F0,1Z6PH74DAP0QN7,DJI Pilot,Android,7.0.2,1EF72A62-B7C3-C88D-164E-CE6F8C8424AE,1ZN7L4R0H1D00F,1W9DL31001461C,,1ZMLH8300204F0,1W9DL31001461C,,,,,
2023-11-01,11:33:19.54 AM,8m 57.2s,537.2,33.7964027595691,-117.4759079129518,36.4,137.7,15.4,1300,4586.3,6.023145,7.569323,-5.816044,2.23694,1.565858,1.565858,0.223694,0.894776,-1.8,-1.4,2.2,164.3,164.3,164.0,Tripod,Other,,21,5,True,,True,False,,Smart,RC,False,True,False,,,True,,False,False,False,False,False,False,False,False,False,False,0,Follow Yaw,-77.9,0,156,156,False,False,False,False,False,,0,0,False,False,No Card,100,100,1024,1361,858,973,2,False,False,False,False,False,0,False,False,False,False,71,,46.572,,7131,,10044,,46.572,,True,3.882,3.882,3.882,3.882,3.882,3.882,3.882,3.882,3.882,3.882,3.882,3.882,0,,False,False,True,,,,,,,,,,,,,,,False,False,18.978,,102.3,,75.7,,102.3,,1343,113,3,22,7,145594.8,19412.64,,Idle,,20,,10,,,20,Go Home,False,False,False,False,False,False,False,False,False,False,False,False,33.8027920380556,-117.4659261431046,3819.6,3819.6,1049.4,396.9,True,1,1,False,False,False,False,,True,False,False,Course Lock,196.8,67,16.4,93,N,S,3.35,11.4,Calm,False,False,Android,7.0.2,M300 RTK,1ZN7L4R0H1D00F,1W9DL31001461C,1ZMLH8300204F0,1Z6PH74DAP0QN7,"Corona, CA",728.3,5.7,137.7,8.547347,2.013246,0,0,DJI Matrice 300 RTK,M300 RTK,1ZN7L4R0H1D00F,1W9DL31001461C,1ZMLH8300204F0,1Z6PH74DAP0QN7,DJI Pilot,Android,7.0.2,1EF72A62-B7C3-C88D-164E-CE6F8C8424AE,1ZN7L4R0H1D00F,1W9DL31001461C,,1ZMLH8300204F0,1W9DL31001461C,,,,,
2023-11-01,11:33:19.64 AM,8m 57.3s,537.3,33.7964005311045,-117.475906976136,36.4,137.7,15.4,1300,4587.2,6.023145,7.569323,-5.816044,2.23694,1.565858,1.565858,0.223694,0.894776,-1.9,-1.6,2.4,164.2,164.2,160.7,Tripod,Other,,21,5,True,,True,False,,Smart,RC,False,True,False,,,True,,False,False,False,False,False,False,False,False,False,False,0,Follow Yaw,-77.9,0,155.8,155.8,False,False,False,False,False,,0,0,False,False,No Card,100,100,1024,1354,858,1024,2,False,False,False,False,False,0,False,False,False,False,71,,46.572,,7131,,10044,,46.572,,True,3.882,3.882,3.882,3.882,3.882,3.882,3.882,3.882,3.882,3.882,3.882,3.882,0,,False,False,True,,,,,,,,,,,,,,,False,False,18.978,,102.3,,75.7,,102.3,,1341,113,3,22,7,145171.0,19356.13,,Idle,,20,,10,,,20,Go Home,False,False,False,False,False,False,False,False,False,False,False,False,33.8027920380556,-117.4659261431046,3819.9,3819.9,1049.4,396.9,True,1,1,False,False,False,False,,True,False,False,Course Lock,196.8,67,16.4,93,N,S,3.35,11.4,Calm,False,False,Android,7.0.2,M300 RTK,1ZN7L4R0H1D00F,1W9DL31001461C,1ZMLH8300204F0,1Z6PH74DAP0QN7,"Corona, CA",728.3,5.7,137.7,8.547347,2.013246,0,0,DJI Matrice 300 RTK,M300 RTK,1ZN7L4R0H1D00F,1W9DL31001461C,1ZMLH8300204F0,1Z6PH74DAP0QN7,DJI Pilot,Android,7.0.2,1EF72A62-B7C3-C88D-164E-CE6F8C8424AE,1ZN7L4R0H1D00F,1W9DL31001461C,,1ZMLH8300204F0,1W9DL31001461C,,,,,
2023-11-01,11:33:19.74 AM,8m 57.4s,537.4,33.7963980263861,-117.4759060772546,36.4,137.7,15.4,1300,4588.1,6.023145,7.569323,-5.816044,2.23694,1.565858,1.565858,0.223694,0.894776,-2,-1.3,2.3,164.1,164.1,163.3,Tripod,Other,,21,5,True,,True,False,,Smart,RC,False,True,False,,,True,,False,False,False,False,False,False,False,False,False,False,0,Follow Yaw,-77.9,0,155.8,155.8,False,False,False,False,False,,0,0,False,False,No Card,100,100,1024,1348,856,1024,2,False,False,False,False,False,0,False,False,False,False,71,,46.572,,7131,,10044,,46.572,,True,3.882,3.882,3.882,3.882,3.882,3.882,3.882,3.882,3.882,3.882,3.882,3.882,0,,False,False,True,,,,,,,,,,,,,,,False,False,18.978,,102.3,,75.7,,102.3,,1341,113,3,22,7,145171.0,19356.13,,Idle,,20,,10,,,20,Go Home,False,False,False,False,False,False,False,False,False,False,False,False,33.8027920380556,-117.4659261431046,3820.2,3820.2,1049.4,396.9,True,1,1,False,False,False,False,,True,False,False,Course Lock,196.8,67,16.4,93,N,S,3.35,11.4,Calm,False,False,Android,7.0.2,M300 RTK,1ZN7L4R0H1D00F,1W9DL31001461C,1ZMLH8300204F0,1Z6PH74DAP0QN7,"Corona, CA",728.3,5.7,137.7,8.547347,2.013246,0,0,DJI Matrice 300 RTK,M300 RTK,1ZN7L4R0H1D00F,1W9DL31001461C,1ZMLH8300204F0,1Z6PH74DAP0QN7,DJI Pilot,Android,7.0.2,1EF72A62-B7C3-C88D-164E-CE6F8C8424AE,1ZN7L4R0H1D00F,1W9DL31001461C,,1ZMLH8300204F0,1W9DL31001461C,,,,,
2023-11-01,11:33:19.84 AM,8m 57.5s,537.5,33.7963955037809,-117.475905288548,36.0,137.7,15.4,1300,4589.1,6.023145,7.569323,-5.816044,2.23694,1.565858,1.565858,0.223694,0.894776,-2,-0.7,2.1,164,164,165.4,Tripod,Other,,21,5,True,,True,False,,Smart,RC,False,True,False,,,True,,False,False,False,False,False,False,False,False,False,False,0,Follow Yaw,-77.9,0,155.8,155.8,False,False,False,False,False,,0,0,False,False,No Card,100,100,1024,1355,853,1024,2,False,False,False,False,False,0,False,False,False,False,71,,46.572,,7131,,10044,,46.572,,True,3.882,3.882,3.882,3.882,3.882,3.882,3.882,3.882,3.882,3.882,3.882,3.882,0,,False,False,True,,,,,,,,,,,,,,,False,False,18.978,,102.3,,75.7,,102.3,,1341,113,3,22,7,145171.0,19356.13,,Idle,,20,,10,,,20,Go Home,False,False,False,False,False,False,False,False,False,False,False,False,33.8027920380556,-117.4659261431046,3820.6,3820.6,1049.4,396.9,True,1,1,False,False,False,False,,True,False,False,Course Lock,196.8,67,16.4,93,N,S,3.35,11.4,Calm,False,False,Android,7.0.2,M300 RTK,1ZN7L4R0H1D00F,1W9DL31001461C,1ZMLH8300204F0,1Z6PH74DAP0QN7,"Corona, CA",728.3,5.7,137.7,8.547347,2.013246,0,0,DJI Matrice 300 RTK,M300 RTK,1ZN7L4R0H1D00F,1W9DL31001461C,1ZMLH8300204F0,1Z6PH74DAP0QN7,DJI Pilot,Android,7.0.2,1EF72A62-B7C3-C88D-164E-CE6F8C8424AE,1ZN7L4R0H1D00F,1W9DL31001461C,,1ZMLH8300204F0,1W9DL31001461C,,,,,
2023-11-01,11:33:19.94 AM,8m 57.6s,537.6,33.7963931001477,-117.4759044344458,36.0,137.7,15.4,1300,4590.0,6.023145,7.569323,-5.816044,2.23694,1.565858,1.565858,0.223694,0.894776,-1.9,-0.6,1.9,163.9,163.9,163.5,Tripod,Other,,19,5,True,,True,False,,Smart,RC,False,True,False,,,True,,False,False,False,False,False,False,False,False,False,False,0,Follow Yaw,-77.9,0,155.8,155.8,False,False,False,False,False,,0,0,False,False,No Card,100,100,1024,1363,870,1024,2,False,False,False,False,False,0,False,False,False,False,71,,46.572,,7131,,10044,,46.572,,True,3.882,3.882,3.882,3.882,3.882,3.882,3.882,3.882,3.882,3.882,3.882,3.882,0,,False,False,True,,,,,,,,,,,,,,,False,False,18.978,,102.3,,75.7,,102.3,,1341,113,3,22,7,145171.0,19356.13,,Idle,,20,,10,,,20,Go Home,False,False,False,False,False,False,False,False,False,False,False,False,33.8027920380556,-117.4659261431046,3820.9,3820.9,1049.4,396.9,True,1,1,False,False,False,False,,True,False,False,Course Lock,196.8,67,16.4,93,N,S,3.35,11.4,Calm,False,False,Android,7.0.2,M300 RTK,1ZN7L4R0H1D00F,1W9DL31001461C,1ZMLH8300204F0,1Z6PH74DAP0QN7,"Corona, CA",728.3,5.7,137.7,8.547347,2.013246,0,0,DJI Matrice 300 RTK,M300 RTK,1ZN7L4R0H1D00F,1W9DL31001461C,1ZMLH8300204F0,1Z6PH74DAP0QN7,DJI Pilot,Android,7.0.2,1EF72A62-B7C3-C88D-164E-CE6F8C8424AE,1ZN7L4R0H1D00F,1W9DL31001461C,,1ZMLH8300204F0,1W9DL31001461C,,,,,
2023-11-01,11:33:20.04 AM,8m 57.7s,537.7,33.7963908477653,-117.4759035614588,36.0,137.7,15.4,1300,4590.8,6.023145,7.569323,-5.816044,2.23694,1.565858,1.565858,0.223694,0.894776,-1.8,-0.7,1.9,163.9,163.9,162.1,Tripod,Other,,19,5,True,,True,False,,Smart,RC,False,True,False,,,True,,False,False,False,False,False,False,False,False,False,False,0,Follow Yaw,-77.9,0,155.8,155.8,False,False,False,False,False,,0,0,False,False,No Card,100,100,1024,1366,877,1024,2,False,False,False,False,False,0,False,False,False,False,71,,46.572,,7131,,10044,,46.572,,True,3.882,3.882,3.882,3.882,3.882,3.882,3.882,3.882,3.882,3.882,3.882,3.882,0,,False,False,True,,,,,,,,,,,,,,,False,False,18.978,,102.3,,75.7,,102.3,,1341,113,3,22,7,145171.0,19356.13,,Idle,,20,,10,,,20,Go Home,False,False,False,False,False,False,False,False,False,False,False,False,33.8027920380556,-117.4659261431046,3821.2,3821.2,1049.4,396.9,True,1,1,False,False,False,False,,True,False,False,Course Lock,196.8,67,16.4,93,N,S,3.35,11.4,Calm,False,False,Android,7.0.2,M300 RTK,1ZN7L4R0H1D00F,1W9DL31001461C,1ZMLH8300204F0,1Z6PH74DAP0QN7,"Corona, CA",728.3,5.7,137.7,8.547347,2.013246,0,0,DJI Matrice 300 RTK,M300 RTK,1ZN7L4R0H1D00F,1W9DL31001461C,1ZMLH8300204F0,1Z6PH74DAP0QN7,DJI Pilot,Android,7.0.2,1EF72A62-B7C3-C88D-164E-CE6F8C8424AE,1ZN7L4R0H1D00F,1W9DL31001461C,,1ZMLH8300204F0,1W9DL31001461C,,,,,
2023-11-01,11:33:20.14 AM,8m 57.8s,537.8,33.7963883241321,-117.4759026604332,36.0,137.7,15.4,1300,4591.8,6.023145,7.569323,-5.816044,2.23694,1.565858,1.565858,0.223694,0.894776,-1.8,-0.9,2,163.9,163.9,163.4,Tripod,Other,,21,5,True,,True,False,,Smart,RC,False,True,False,,,True,,False,False,False,False,False,False,False,False,False,False,0,Follow Yaw,-77.9,0,155.8,155.8,False,False,False,False,False,,0,0,False,False,No Card,100,100,1024,1367,875,1024,2,False,False,False,False,False,0,False,False,False,False,71,,46.572,,7131,,10044,,46.572,,True,3.882,3.882,3.882,3.882,3.882,3.882,3.882,3.882,3.882,3.882,3.882,3.882,0,,False,False,True,,,,,,,,,,,,,,,False,False,18.978,,102.3,,75.7,,102.3,,1341,113,3,22,7,145171.0,19356.13,,Idle,,20,,10,,,20,Go Home,False,False,False,False,False,False,False,False,False,False,False,False,33.8027920380556,-117.4659261431046,3821.6,3821.6,1049.4,396.9,True,1,1,False,False,False,False,,True,False,False,Course Lock,196.8,67,16.4,93,N,S,3.35,11.4,Calm,False,False,Android,7.0.2,M300 RTK,1ZN7L4R0H1D00F,1W9DL31001461C,1ZMLH8300204F0,1Z6PH74DAP0QN7,"Corona, CA",728.3,5.7,137.7,8.547347,2.013246,0,0,DJI Matrice 300 RTK,M300 RTK,1ZN7L4R0H1D00F,1W9DL31001461C,1ZMLH8300204F0,1Z6PH74DAP0QN7,DJI Pilot,Android,7.0.2,1EF72A62-B7C3-C88D-164E-CE6F8C8424AE,1ZN7L4R0H1D00F,1W9DL31001461C,,1ZMLH8300204F0,1W9DL31001461C,,,,,
2023-11-01,11:33:20.22 AM,8m 57.9s,537.9,33.7963860868953,-117.4759019628518,36.0,137.7,15.4,1300,4592.6,6.023145,7.569323,-5.816044,2.23694,1.565858,1.565858,0.223694,0.894776,-1.8,-0.9,2,163.9,163.9,165.4,Tripod,Other,,21,5,True,,True,False,,Smart,RC,False,True,False,,,True,,False,False,False,False,False,False,False,False,False,False,0,Follow Yaw,-77.9,0,155.8,155.8,False,False,False,False,False,,0,0,False,False,No Card,100,100,1024,1371,864,1024,2,False,False,False,False,False,0,False,False,False,False,71,,46.572,,7131,,10044,,46.572,,True,3.882,3.882,3.882,3.882,3.882,3.882,3.882,3.882,3.882,3.882,3.882,3.882,0,,False,False,True,,,,,,,,,,,,,,,False,False,18.978,,102.3,,75.7,,102.3,,1341,113,3,22,7,145171.0,19356.13,,Idle,,20,,10,,,20,Go Home,False,False,False,False,False,False,False,False,False,False,False,False,33.8027920380556,-117.4659261431046,3821.9,3821.9,1049.4,396.9,True,1,1,False,False,False,False,,True,False,False,Course Lock,196.8,67,16.4,93,N,S,3.35,11.4,Calm,False,False,Android,7.0.2,M300 RTK,1ZN7L4R0H1D00F,1W9DL31001461C,1ZMLH8300204F0,1Z6PH74DAP0QN7,"Corona, CA",728.3,5.7,137.7,8.547347,2.013246,0,0,DJI Matrice 300 RTK,M300 RTK,1ZN7L4R0H1D00F,1W9DL31001461C,1ZMLH8300204F0,1Z6PH74DAP0QN7,DJI Pilot,Android,7.0.2,1EF72A62-B7C3-C88D-164E-CE6F8C8424AE,1ZN7L4R0H1D00F,1W9DL31001461C,,1ZMLH8300204F0,1W9DL31001461C,,,,,
2023-11-01,11:33:20.34 AM,8m 58.0s,538.0,33.7963836949811,-117.4759011130378,36.0,137.7,15.4,1300,4593.6,6.023145,7.569323,-5.816044,2.23694,1.565858,1.565858,0.223694,0.894776,-1.8,-0.8,1.9,163.9,163.9,163.5,Tripod,Other,,21,5,True,,True,False,,Smart,RC,False,True,False,,,True,,False,False,False,False,False,False,False,False,False,False,0,Follow Yaw,-77.9,0,155.8,155.8,False,False,False,False,False,,0,0,False,False,No Card,100,100,1024,1374,856,1024,2,False,False,False,False,False,0,False,False,False,False,71,,46.572,,3540,,4986,,46.572,,True,3.882,3.882,3.882,3.882,3.882,3.882,3.882,3.882,3.882,3.882,3.882,3.882,0,,False,False,True,,,,,,,,,,,,,,,False,False,9.5,,102.3,,75.7,,102.3,,1341,113,3,22,7,145171.0,19356.13,,Idle,,20,,10,,,20,Go Home,False,False,False,False,False,False,False,False,False,False,False,False,33.8027920380556,-117.4659261431046,3822.2,3822.2,1049.4,396.9,True,1,1,False,False,False,False,,True,False,False,Course Lock,196.8,67,16.4,93,N,S,3.35,11.4,Calm,False,False,Android,7.0.2,M300 RTK,1ZN7L4R0H1D00F,1W9DL31001461C,1ZMLH8300204F0,1Z6PH74DAP0QN7,"Corona, CA",728.3,5.7,137.7,8.547347,2.013246,0,0,DJI Matrice 300 RTK,M300 RTK,1ZN7L4R0H1D00F,1W9DL31001461C,1ZMLH8300204F0,1Z6PH74DAP0QN7,DJI Pilot,Android,7.0.2,1EF72A62-B7C3-C88D-164E-CE6F8C8424AE,1ZN7L4R0H1D00F,1W9DL31001461C,,1ZMLH8300204F0,1W9DL31001461C,,,,,
2023-11-01,11:33:20.44 AM,8m 58.1s,538.1,33.7963812709253,-117.4759004058078,36.0,137.7,15.4,1300,4594.5,6.023145,7.569323,-5.816044,2.23694,1.565858,1.565858,0.223694,0.894776,-1.9,-0.7,2,163.9,163.9,166.3,Tripod,Other,,21,5,True,,True,False,,Smart,RC,False,True,False,,,True,,False,False,False,False,False,False,False,False,False,False,0,Follow Yaw,-77.9,0,155.8,155.8,False,False,False,False,False,,0,0,False,False,No Card,100,100,1024,1375,853,1024,2,False,False,False,False,False,0,False,False,False,False,71,,46.572,,3540,,4986,,46.572,,True,3.882,3.882,3.882,3.882,3.882,3.882,3.882,3.882,3.882,3.882,3.882,3.882,0,,False,False,True,,,,,,,,,,,,,,,False,False,9.5,,102.3,,75.7,,102.3,,1341,113,3,22,7,145171.0,19356.13,,Idle,,20,,10,,,20,Go Home,False,False,False,False,False,False,False,False,False,False,False,False,33.8027920380556,-117.4659261431046,3822.6,3822.6,1049.4,396.9,True,1,1,False,False,False,False,,True,False,False,Course Lock,196.8,67,16.4,93,N,S,3.35,11.4,Calm,False,False,Android,7.0.2,M300 RTK,1ZN7L4R0H1D00F,1W9DL31001461C,1ZMLH8300204F0,1Z6PH74DAP0QN7,"Corona, CA",728.3,5.7,137.7,8.547347,2.013246,0,0,DJI Matrice 300 RTK,M300 RTK,1ZN7L4R0H1D00F,1W9DL31001461C,1ZMLH8300204F0,1Z6PH74DAP0QN7,DJI Pilot,Android,7.0.2,1EF72A62-B7C3-C88D-164E-CE6F8C8424AE,1ZN7L4R0H1D00F,1W9DL31001461C,,1ZMLH8300204F0,1W9DL31001461C,,,,,
2023-11-01,11:33:20.52 AM,8m 58.2s,538.2,33.7963789930489,-117.4758996101741,36.0,137.7,15.4,1300,4595.3,6.023145,7.569323,-5.816044,2.23694,1.565858,1.565858,0.223694,0.894776,-2.1,-0.7,2.2,164,164,163.8,Tripod,Other,,21,5,True,,True,False,,Smart,RC,False,True,False,,,True,,False,False,False,False,False,False,False,False,False,False,0,Follow Yaw,-77.9,0,155.8,155.8,False,False,False,False,False,,0,0,False,False,No Card,100,100,1024,1384,851,1024,2,False,False,False,False,False,0,False,False,False,False,71,,46.572,,3540,,4986,,46.572,,True,3.882,3.882,3.882,3.882,3.882,3.882,3.882,3.882,3.882,3.882,3.882,3.882,0,,False,False,True,,,,,,,,,,,,,,,False,False,9.5,,102.3,,75.7,,102.3,,1341,113,3,22,7,145171.0,19356.13,,Idle,,20,,10,,,20,Go Home,False,False,False,False,False,False,False,False,False,False,False,False,33.8027920380556,-117.4659261431046,3822.9,3822.9,1049.4,396.9,True,1,1,False,False,False,False,,True,False,False,Course Lock,196.8,67,16.4,93,N,S,3.35,11.4,Calm,False,False,Android,7.0.2,M300 RTK,1ZN7L4R0H1D00F,1W9DL31001461C,1ZMLH8300204F0,1Z6PH74DAP0QN7,"Corona, CA",728.3,5.7,137.7,8.547347,2.013246,0,0,DJI Matrice 300 RTK,M300 RTK,1ZN7L4R0H1D00F,1W9DL31001461C,1ZMLH8300204F0,1Z6PH74DAP0QN7,DJI Pilot,Android,7.0.2,1EF72A62-B7C3-C88D-164E-CE6F8C8424AE,1ZN7L4R0H1D00F,1W9DL31001461C,,1ZMLH8300204F0,1W9DL31001461C,,,,,
2023-11-01,11:33:20.64 AM,8m 58.3s,538.3,33.7963764494042,-117.4758986779764,35.7,137.7,15.7,1300,4596.3,6.023145,7.569323,-5.816044,2.23694,1.565858,1.565858,0.223694,0.894776,-2.2,-0.8,2.3,164.1,164.1,163.0,Tripod,Other,,21,5,True,,True,False,,Smart,RC,False,True,False,,,True,,False,False,False,False,False,False,False,False,False,False,0,Follow Yaw,-77.9,0,155.8,155.8,False,False,False,False,False,,0,0,False,False,No Card,100,100,1024,1393,851,1024,2,False,False,False,False,False,0,False,False,False,False,71,,46.572,,3540,,4986,,46.572,,True,3.88,3.88,3.88,3.88,3.88,3.88,3.88,3.88,3.88,3.88,3.88,3.88,0,,False,False,True,,,,,,,,,,,,,,,False,False,9.5,,102.3,,75.7,,102.3,,1340,114,3,22,7,144691.5,19292.21,,Idle,,20,,10,,,20,Go Home,False,False,False,False,False,False,False,False,False,False,False,False,33.8027920380556,-117.4659261431046,3823.3,3823.3,1049.4,396.9,True,1,1,False,False,False,False,,True,False,False,Course Lock,196.8,67,16.4,93,N,S,3.35,11.4,Calm,False,False,Android,7.0.2,M300 RTK,1ZN7L4R0H1D00F,1W9DL31001461C,1ZMLH8300204F0,1Z6PH74DAP0QN7,"Corona, CA",728.3,5.7,137.7,8.547347,2.013246,0,0,DJI Matrice 300 RTK,M300 RTK,1ZN7L4R0H1D00F,1W9DL31001461C,1ZMLH8300204F0,1Z6PH74DAP0QN7,DJI Pilot,Android,7.0.2,1EF72A62-B7C3-C88D-164E-CE6F8C8424AE,1ZN7L4R0H1D00F,1W9DL31001461C,,1ZMLH8300204F0,1W9DL31001461C,,,,,
2023-11-01,11:33:20.73 AM,8m 58.4s,538.4,33.7963740385066,-117.475897827915,35.7,137.7,15.7,1300,4597.2,6.023145,7.569323,-5.816044,2.23694,1.565858,1.565858,0.223694,0.894776,-2.2,-0.8,2.3,164.1,164.1,163.6,Tripod,Other,,21,5,True,,True,False,,Smart,RC,False,True,False,,,True,,False,False,False,False,False,False,False,False,False,False,0,Follow Yaw,-77.9,0,155.8,155.8,False,False,False,False,False,,0,0,False,False,No Card,100,100,1024,1395,850,1024,2,False,False,False,False,False,0,False,False,False,False,71,,46.572,,3540,,4986,,46.572,,True,3.88,3.88,3.88,3.88,3.88,3.88,3.88,3.88,3.88,3.88,3.88,3.88,0,,False,False,True,,,,,,,,,,,,,,,False,False,9.5,,102.3,,75.7,,102.3,,1340,114,3,22,7,144691.5,19292.21,,Idle,,20,,10,,,20,Go Home,False,False,False,False,False,False,False,False,False,False,False,False,33.8027920380556,-117.4659261431046,3823.6,3823.6,1049.4,396.9,True,1,1,False,False,False,False,,True,False,False,Course Lock,196.8,67,16.4,93,N,S,3.35,11.4,Calm,False,False,Android,7.0.2,M300 RTK,1ZN7L4R0H1D00F,1W9DL31001461C,1ZMLH8300204F0,1Z6PH74DAP0QN7,"Corona, CA",728.3,5.7,137.7,8.547347,2.013246,0,0,DJI Matrice 300 RTK,M300 RTK,1ZN7L4R0H1D00F,1W9DL31001461C,1ZMLH8300204F0,1Z6PH74DAP0QN7,DJI Pilot,Android,7.0.2,1EF72A62-B7C3-C88D-164E-CE6F8C8424AE,1ZN7L4R0H1D00F,1W9DL31001461C,,1ZMLH8300204F0,1W9DL31001461C,,,,,
2023-11-01,11:33:20.83 AM,8m 58.5s,538.5,33.796371766661,-117.4758969489079,35.7,137.7,15.7,1300,4598.1,6.023145,7.569323,-5.816044,2.23694,1.565858,1.565858,0.223694,0.894776,-2.1,-0.7,2.2,164,164,162.1,Tripod,Other,,21,5,True,,True,False,,Smart,RC,False,True,False,,,True,,False,False,False,False,False,False,False,False,False,False,0,Follow Yaw,-77.9,0,155.8,155.8,False,False,False,False,False,,0,0,False,False,No Card,100,100,1024,1404,847,1024,2,False,False,False,False,False,0,False,False,False,False,71,,46.572,,3540,,4986,,46.572,,True,3.88,3.88,3.88,3.88,3.88,3.88,3.88,3.88,3.88,3.88,3.88,3.88,0,,False,False,True,,,,,,,,,,,,,,,False,False,9.5,,102.3,,75.7,,102.3,,1340,114,3,22,7,144691.5,19292.21,,Idle,,20,,10,,,20,Go Home,False,False,False,False,False,False,False,False,False,False,False,False,33.8027920380556,-117.4659261431046,3823.9,3823.9,1049.4,396.9,True,1,1,False,False,False,False,,True,False,False,Course Lock,196.8,67,16.4,93,N,S,3.35,11.4,Calm,False,False,Android,7.0.2,M300 RTK,1ZN7L4R0H1D00F,1W9DL31001461C,1ZMLH8300204F0,1Z6PH74DAP0QN7,"Corona, CA",728.3,5.7,137.7,8.547347,2.013246,0,0,DJI Matrice 300 RTK,M300 RTK,1ZN7L4R0H1D00F,1W9DL31001461C,1ZMLH8300204F0,1Z6PH74DAP0QN7,DJI Pilot,Android,7.0.2,1EF72A62-B7C3-C88D-164E-CE6F8C8424AE,1ZN7L4R0H1D00F,1W9DL31001461C,,1ZMLH8300204F0,1W9DL31001461C,,,,,
2023-11-01,11:33:20.94 AM,8m 58.6s,538.6,33.7963693620684,-117.4758960867239,35.7,137.7,15.7,1300,4599.0,6.023145,7.569323,-5.816044,2.23694,1.565858,1.565858,0.223694,0.894776,-2.1,-0.6,2.1,164.1,164.1,163.4,Tripod,Other,,20,5,True,,True,False,,Smart,RC,False,True,False,,,True,,False,False,False,False,False,False,False,False,False,False,0,Follow Yaw,-77.9,0,155.8,155.8,False,False,False,False,False,,0,0,False,False,No Card,100,100,1024,1404,844,1024,2,False,False,False,False,False,0,False,False,False,False,71,,46.572,,3540,,4986,,46.572,,True,3.88,3.88,3.88,3.88,3.88,3.88,3.88,3.88,3.88,3.88,3.88,3.88,0,,False,False,True,,,,,,,,,,,,,,,False,False,9.5,,102.3,,75.7,,102.3,,1340,114,3,22,7,144691.5,19292.21,,Idle,,20,,10,,,20,Go Home,False,False,False,False,False,False,False,False,False,False,False,False,33.8027920380556,-117.4659261431046,3824.2,3824.2,1049.4,396.9,True,1,1,False,False,False,False,,True,False,False,Course Lock,196.8,67,16.4,93,N,S,3.35,11.4,Calm,False,False,Android,7.0.2,M300 RTK,1ZN7L4R0H1D00F,1W9DL31001461C,1ZMLH8300204F0,1Z6PH74DAP0QN7,"Corona, CA",728.3,5.7,137.7,8.547347,2.013246,0,0,DJI Matrice 300 RTK,M300 RTK,1ZN7L4R0H1D00F,1W9DL31001461C,1ZMLH8300204F0,1Z6PH74DAP0QN7,DJI Pilot,Android,7.0.2,1EF72A62-B7C3-C88D-164E-CE6F8C8424AE,1ZN7L4R0H1D00F,1W9DL31001461C,,1ZMLH8300204F0,1W9DL31001461C,,,,,
2023-11-01,11:33:21.04 AM,8m 58.7s,538.7,33.7963667556481,-117.4758952111805,35.7,137.7,15.7,1300,4600.0,6.023145,7.569323,-5.816044,2.23694,1.565858,1.565858,0.223694,0.894776,-2.2,-0.5,2.2,164,164,164.4,Tripod,Other,,20,5,True,,True,False,,Smart,RC,False,True,False,,,True,,False,False,False,False,False,False,False,False,False,False,0,Follow Yaw,-77.9,0,155.8,155.8,False,False,False,False,False,,0,0,False,False,No Card,100,100,1024,1404,847,1024,2,False,False,False,False,False,0,False,False,False,False,71,,46.572,,3540,,4986,,46.572,,True,3.88,3.88,3.88,3.88,3.88,3.88,3.88,3.88,3.88,3.88,3.88,3.88,0,,False,False,True,,,,,,,,,,,,,,,False,False,9.5,,102.3,,75.7,,102.3,,1340,114,3,22,7,144691.5,19292.21,,Idle,,20,,10,,,20,Go Home,False,False,False,False,False,False,False,False,False,False,False,False,33.8027920380556,-117.4659261431046,3824.6,3824.6,1049.4,396.9,True,1,1,False,False,False,False,,True,False,False,Course Lock,196.8,67,16.4,93,N,S,3.35,11.4,Calm,False,False,Android,7.0.2,M300 RTK,1ZN7L4R0H1D00F,1W9DL31001461C,1ZMLH8300204F0,1Z6PH74DAP0QN7,"Corona, CA",728.3,5.7,137.7,8.547347,2.013246,0,0,DJI Matrice 300 RTK,M300 RTK,1ZN7L4R0H1D00F,1W9DL31001461C,1ZMLH8300204F0,1Z6PH74DAP0QN7,DJI Pilot,Android,7.0.2,1EF72A62-B7C3-C88D-164E-CE6F8C8424AE,1ZN7L4R0H1D00F,1W9DL31001461C,,1ZMLH8300204F0,1W9DL31001461C,,,,,
2023-11-01,11:33:21.14 AM,8m 58.8s,538.8,33.7963643294678,-117.4758943448732,35.7,137.7,15.7,1300,4600.9,6.023145,7.569323,-5.816044,2.23694,1.565858,1.565858,0.223694,0.894776,-2.5,-0.5,2.5,164.1,164.1,163.4,Tripod,Other,,20,5,True,,True,False,,Smart,RC,False,True,False,,,True,,False,False,False,False,False,False,False,False,False,False,0,Follow Yaw,-77.9,0,155.8,155.8,False,False,False,False,False,,0,0,False,False,No Card,100,100,1024,1406,847,1024,2,False,False,False,False,False,0,False,False,False,False,71,,46.572,,3540,,4986,,46.572,,True,3.88,3.88,3.88,3.88,3.88,3.88,3.88,3.88,3.88,3.88,3.88,3.88,0,,False,False,True,,,,,,,,,,,,,,,False,False,9.5,,102.3,,75.7,,102.3,,1340,114,3,22,7,144691.5,19292.21,,Idle,,20,,10,,,20,Go Home,False,False,False,False,False,False,False,False,False,False,False,False,33.8027920380556,-117.4659261431046,3824.9,3824.9,1049.4,396.9,True,1,1,False,False,False,False,,True,False,False,Course Lock,196.8,67,16.4,93,N,S,3.35,11.4,Calm,False,False,Android,7.0.2,M300 RTK,1ZN7L4R0H1D00F,1W9DL31001461C,1ZMLH8300204F0,1Z6PH74DAP0QN7,"Corona, CA",728.3,5.7,137.7,8.547347,2.013246,0,0,DJI Matrice 300 RTK,M300 RTK,1ZN7L4R0H1D00F,1W9DL31001461C,1ZMLH8300204F0,1Z6PH74DAP0QN7,DJI Pilot,Android,7.0.2,1EF72A62-B7C3-C88D-164E-CE6F8C8424AE,1ZN7L4R0H1D00F,1W9DL31001461C,,1ZMLH8300204F0,1W9DL31001461C,,,,,
2023-11-01,11:33:21.24 AM,8m 58.9s,538.9,33.7963621018941,-117.4758936516625,35.7,137.7,15.7,1300,4601.8,6.023145,7.569323,-5.816044,2.23694,1.565858,1.565858,0.223694,0.894776,-3,-0.5,3,164.2,164.2,165.5,Tripod,Other,,20,5,True,,True,False,,Smart,RC,False,True,False,,,True,,False,False,False,False,False,False,False,False,False,False,0,Follow Yaw,-77.9,0,155.8,155.8,False,False,False,False,False,,0,0,False,False,No Card,100,100,1024,1410,845,1024,2,False,False,False,False,False,0,False,False,False,False,71,,46.572,,3540,,4986,,46.572,,True,3.88,3.88,3.88,3.88,3.88,3.88,3.88,3.88,3.88,3.88,3.88,3.88,0,,False,False,True,,,,,,,,,,,,,,,False,False,9.5,,102.3,,75.7,,102.3,,1340,114,3,22,7,144691.5,19292.21,,Idle,,20,,10,,,20,Go Home,False,False,False,False,False,False,False,False,False,False,False,False,33.8027920380556,-117.4659261431046,3825.3,3825.3,1049.4,396.9,True,1,1,False,False,False,False,,True,False,False,Course Lock,196.8,67,16.4,93,N,S,3.35,11.4,Calm,False,False,Android,7.0.2,M300 RTK,1ZN7L4R0H1D00F,1W9DL31001461C,1ZMLH8300204F0,1Z6PH74DAP0QN7,"Corona, CA",728.3,5.7,137.7,8.547347,2.013246,0,0,DJI Matrice 300 RTK,M300 RTK,1ZN7L4R0H1D00F,1W9DL31001461C,1ZMLH8300204F0,1Z6PH74DAP0QN7,DJI Pilot,Android,7.0.2,1EF72A62-B7C3-C88D-164E-CE6F8C8424AE,1ZN7L4R0H1D00F,1W9DL31001461C,,1ZMLH8300204F0,1W9DL31001461C,,,,,
2023-11-01,11:33:21.35 AM,8m 59.0s,539.0,33.7963596689291,-117.4758927987972,35.4,137.7,15.7,1299,4602.7,6.023145,7.569323,-5.816044,2.23694,1.565858,1.565858,0.223694,0.894776,-3.2,-0.5,3.2,164.2,164.2,163.7,Tripod,Other,,20,5,True,,True,False,,Smart,RC,False,True,False,,,True,,False,False,False,False,False,False,False,False,False,False,0,Follow Yaw,-77.9,0,155.8,155.8,False,False,False,False,False,,0,0,False,False,No Card,100,100,1024,1407,842,1024,2,False,False,False,False,False,0,False,False,False,False,71,,46.596,,7131,,10044,,46.596,,True,3.88,3.88,3.88,3.88,3.88,3.88,3.88,3.88,3.88,3.88,3.88,3.88,0,,False,False,True,,,,,,,,,,,,,,,False,False,18.978,,102.3,,75.7,,102.3,,1340,114,3,22,7,144691.5,19292.21,,Idle,,20,,10,,,20,Go Home,False,False,False,False,False,False,False,False,False,False,False,False,33.8027920380556,-117.4659261431046,3825.6,3825.6,1049.4,396.9,True,1,1,False,False,False,False,,True,False,False,Course Lock,196.8,67,16.4,93,N,S,3.35,11.4,Calm,False,False,Android,7.0.2,M300 RTK,1ZN7L4R0H1D00F,1W9DL31001461C,1ZMLH8300204F0,1Z6PH74DAP0QN7,"Corona, CA",728.3,5.7,137.7,8.547347,2.013246,0,0,DJI Matrice 300 RTK,M300 RTK,1ZN7L4R0H1D00F,1W9DL31001461C,1ZMLH8300204F0,1Z6PH74DAP0QN7,DJI Pilot,Android,7.0.2,1EF72A62-B7C3-C88D-164E-CE6F8C8424AE,1ZN7L4R0H1D00F,1W9DL31001461C,,1ZMLH8300204F0,1W9DL31001461C,,,,,
2023-11-01,11:33:21.45 AM,8m 59.1s,539.1,33.7963570779971,-117.4758919432106,35.4,137.7,15.7,1299,4603.7,6.239418,7.569323,-6.039738,2.23694,1.565858,1.565858,0.223694,0.894776,-3.3,-0.7,3.3,164.1,164.1,164.6,Tripod,Other,,20,5,True,,True,False,,Smart,RC,False,True,False,,,True,,False,False,False,False,False,False,False,False,False,False,0,Follow Yaw,-77.9,0,155.8,155.8,False,False,False,False,False,,0,0,False,False,No Card,100,100,1024,1407,841,1024,2,False,False,False,False,False,0,False,False,False,False,71,,46.596,,7131,,10044,,46.596,,True,3.88,3.88,3.88,3.88,3.88,3.88,3.88,3.88,3.88,3.88,3.88,3.88,0,,False,False,True,,,,,,,,,,,,,,,False,False,18.978,,102.3,,75.7,,102.3,,1340,114,3,22,7,144691.5,19292.21,,Idle,,20,,10,,,20,Go Home,False,False,False,False,False,False,False,False,False,False,False,False,33.8027920380556,-117.4659261431046,3826.0,3826.0,1049.4,396.9,True,1,1,False,False,False,False,,True,False,False,Course Lock,196.8,67,16.4,93,N,S,3.35,11.4,Calm,False,False,Android,7.0.2,M300 RTK,1ZN7L4R0H1D00F,1W9DL31001461C,1ZMLH8300204F0,1Z6PH74DAP0QN7,"Corona, CA",728.3,5.7,137.7,8.547347,2.013246,0,0,DJI Matrice 300 RTK,M300 RTK,1ZN7L4R0H1D00F,1W9DL31001461C,1ZMLH8300204F0,1Z6PH74DAP0QN7,DJI Pilot,Android,7.0.2,1EF72A62-B7C3-C88D-164E-CE6F8C8424AE,1ZN7L4R0H1D00F,1W9DL31001461C,,1ZMLH8300204F0,1W9DL31001461C,,,,,
2023-11-01,11:33:21.55 AM,8m 59.2s,539.2,33.7963545978134,-117.4758910792948,35.4,137.7,15.7,1299,4604.6,6.239418,7.569323,-6.039738,2.23694,1.565858,1.565858,0.223694,0.894776,-3.2,-1.1,3.3,164,164,163.8,Tripod,Other,,20,5,True,,True,False,,Smart,RC,False,True,False,,,True,,False,False,False,False,False,False,False,False,False,False,0,Follow Yaw,-77.9,0,155.8,155.8,False,False,False,False,False,,0,0,False,False,No Card,100,100,1024,1407,843,1024,2,False,False,False,False,False,0,False,False,False,False,71,,46.596,,7131,,10044,,46.596,,True,3.88,3.88,3.88,3.88,3.88,3.88,3.88,3.88,3.88,3.88,3.88,3.88,0,,False,False,True,,,,,,,,,,,,,,,False,False,18.978,,102.3,,75.7,,102.3,,1340,114,3,22,7,144691.5,19292.21,,Idle,,20,,10,,,20,Go Home,False,False,False,False,False,False,False,False,False,False,False,False,33.8027920380556,-117.4659261431046,3826.3,3826.3,1049.4,396.9,True,1,1,False,False,False,False,,True,False,False,Course Lock,196.8,67,16.4,93,N,S,3.35,11.4,Calm,False,False,Android,7.0.2,M300 RTK,1ZN7L4R0H1D00F,1W9DL31001461C,1ZMLH8300204F0,1Z6PH74DAP0QN7,"Corona, CA",728.3,5.7,137.7,8.547347,2.013246,0,0,DJI Matrice 300 RTK,M300 RTK,1ZN7L4R0H1D00F,1W9DL31001461C,1ZMLH8300204F0,1Z6PH74DAP0QN7,DJI Pilot,Android,7.0.2,1EF72A62-B7C3-C88D-164E-CE6F8C8424AE,1ZN7L4R0H1D00F,1W9DL31001461C,,1ZMLH8300204F0,1W9DL31001461C,,,,,
2023-11-01,11:33:21.65 AM,8m 59.3s,539.3,33.7963522880694,-117.4758902641166,35.4,137.7,15.7,1299,4605.5,6.239418,7.569323,-6.039738,2.23694,1.565858,1.565858,0.223694,0.894776,-3.1,-1.1,3.2,164.1,164.1,163.6,Tripod,Other,,20,5,True,,True,False,,Smart,RC,False,True,False,,,True,,False,False,False,False,False,False,False,False,False,False,0,Follow Yaw,-77.9,0,155.8,155.8,False,False,False,False,False,,0,0,False,False,No Card,100,100,1024,1405,843,1024,2,False,False,False,False,False,0,False,False,False,False,71,,46.596,,7131,,10044,,46.596,,True,3.883,3.883,3.883,3.883,3.883,3.883,3.883,3.883,3.883,3.883,3.883,3.883,0,,False,False,True,,,,,,,,,,,,,,,False,False,18.978,,102.3,,75.7,,102.3,,1339,114,3,22,7,144214.0,19228.54,,Idle,,20,,10,,,20,Go Home,False,False,False,False,False,False,False,False,False,False,False,False,33.8027920380556,-117.4659261431046,3826.7,3826.7,1049.4,396.9,True,1,1,False,False,False,False,,True,False,False,Course Lock,196.8,67,16.4,93,N,S,3.35,11.4,Calm,False,False,Android,7.0.2,M300 RTK,1ZN7L4R0H1D00F,1W9DL31001461C,1ZMLH8300204F0,1Z6PH74DAP0QN7,"Corona, CA",728.3,5.7,137.7,8.547347,2.013246,0,0,DJI Matrice 300 RTK,M300 RTK,1ZN7L4R0H1D00F,1W9DL31001461C,1ZMLH8300204F0,1Z6PH74DAP0QN7,DJI Pilot,Android,7.0.2,1EF72A62-B7C3-C88D-164E-CE6F8C8424AE,1ZN7L4R0H1D00F,1W9DL31001461C,,1ZMLH8300204F0,1W9DL31001461C,,,,,
2023-11-01,11:33:21.76 AM,8m 59.4s,539.4,33.7963496530712,-117.4758893345578,35.4,137.7,15.7,1299,4606.5,6.29928,7.569323,-6.039738,2.23694,1.789552,1.789552,0.223694,0.894776,-2.7,-0.8,2.8,164.2,164.2,163.6,Tripod,Other,,18,5,True,,True,False,,Smart,RC,False,True,False,,,True,,False,False,False,False,False,False,False,False,False,False,0,Follow Yaw,-77.9,0,155.8,155.8,False,False,False,False,False,,0,0,False,False,No Card,100,100,1024,1405,841,1024,2,False,False,False,False,False,0,False,False,False,False,71,,46.596,,7131,,10044,,46.596,,True,3.883,3.883,3.883,3.883,3.883,3.883,3.883,3.883,3.883,3.883,3.883,3.883,0,,False,False,True,,,,,,,,,,,,,,,False,False,18.978,,102.3,,75.7,,102.3,,1339,114,3,22,7,144214.0,19228.54,,Idle,,20,,10,,,20,Go Home,False,False,False,False,False,False,False,False,False,False,False,False,33.8027920380556,-117.4659261431046,3827.0,3827.0,1049.4,396.9,True,1,1,False,False,False,False,,True,False,False,Course Lock,196.8,67,16.4,93,N,S,3.35,11.4,Calm,False,False,Android,7.0.2,M300 RTK,1ZN7L4R0H1D00F,1W9DL31001461C,1ZMLH8300204F0,1Z6PH74DAP0QN7,"Corona, CA",728.3,5.7,137.7,8.547347,2.013246,0,0,DJI Matrice 300 RTK,M300 RTK,1ZN7L4R0H1D00F,1W9DL31001461C,1ZMLH8300204F0,1Z6PH74DAP0QN7,DJI Pilot,Android,7.0.2,1EF72A62-B7C3-C88D-164E-CE6F8C8424AE,1ZN7L4R0H1D00F,1W9DL31001461C,,1ZMLH8300204F0,1W9DL31001461C,,,,,
2023-11-01,11:33:21.86 AM,8m 59.5s,539.5,33.7963469620136,-117.4758882887217,35.4,137.7,15.7,1299,4607.5,6.29928,7.569323,-6.039738,2.23694,1.789552,1.789552,0.223694,0.894776,-2.4,-0.4,2.4,164.3,164.3,162.1,Tripod,Other,,18,5,True,,True,False,,Smart,RC,False,True,False,,,True,,False,False,False,False,False,False,False,False,False,False,0,Follow Yaw,-77.9,0,155.8,155.8,False,False,False,False,False,,0,0,False,False,No Card,100,100,1024,1404,839,1024,2,False,False,False,False,False,0,False,False,False,False,71,,46.596,,7131,,10044,,46.596,,True,3.883,3.883,3.883,3.883,3.883,3.883,3.883,3.883,3.883,3.883,3.883,3.883,0,,False,False,True,,,,,,,,,,,,,,,False,False,18.978,,102.3,,75.7,,102.3,,1339,114,3,22,7,144214.0,19228.54,,Idle,,20,,10,,,20,Go Home,False,False,False,False,False,False,False,False,False,False,False,False,33.8027920380556,-117.4659261431046,3827.4,3827.4,1049.4,396.9,True,1,1,False,False,False,False,,True,False,False,Course Lock,196.8,67,16.4,93,N,S,3.35,11.4,Calm,False,False,Android,7.0.2,M300 RTK,1ZN7L4R0H1D00F,1W9DL31001461C,1ZMLH8300204F0,1Z6PH74DAP0QN7,"Corona, CA",728.3,5.7,137.7,8.547347,2.013246,0,0,DJI Matrice 300 RTK,M300 RTK,1ZN7L4R0H1D00F,1W9DL31001461C,1ZMLH8300204F0,1Z6PH74DAP0QN7,DJI Pilot,Android,7.0.2,1EF72A62-B7C3-C88D-164E-CE6F8C8424AE,1ZN7L4R0H1D00F,1W9DL31001461C,,1ZMLH8300204F0,1W9DL31001461C,,,,,
2023-11-01,11:33:21.96 AM,8m 59.6s,539.6,33.7963444128178,-117.4758873864592,35.1,137.7,15.7,1299,4608.5,6.514067,7.569323,-6.263432,2.23694,1.789552,1.789552,0.223694,0.894776,-2.3,-0.2,2.3,164.4,164.4,163.6,Tripod,Other,,18,5,True,,True,False,,Smart,RC,False,True,False,,,True,,False,False,False,False,False,False,False,False,False,False,0,Follow Yaw,-77.9,0,155.8,155.8,False,False,False,False,False,,0,0,False,False,No Card,100,100,1024,1403,840,1024,2,False,False,False,False,False,0,False,False,False,False,71,,46.596,,7131,,10044,,46.596,,True,3.883,3.883,3.883,3.883,3.883,3.883,3.883,3.883,3.883,3.883,3.883,3.883,0,,False,False,True,,,,,,,,,,,,,,,False,False,18.978,,102.3,,75.7,,102.3,,1339,114,3,22,7,144214.0,19228.54,,Idle,,20,,10,,,20,Go Home,False,False,False,False,False,False,False,False,False,False,False,False,33.8027920380556,-117.4659261431046,3827.7,3827.7,1049.4,396.9,True,1,1,False,False,False,False,,True,False,False,Course Lock,196.8,67,16.4,93,N,S,3.35,11.4,Calm,False,False,Android,7.0.2,M300 RTK,1ZN7L4R0H1D00F,1W9DL31001461C,1ZMLH8300204F0,1Z6PH74DAP0QN7,"Corona, CA",728.3,5.7,137.7,8.547347,2.013246,0,0,DJI Matrice 300 RTK,M300 RTK,1ZN7L4R0H1D00F,1W9DL31001461C,1ZMLH8300204F0,1Z6PH74DAP0QN7,DJI Pilot,Android,7.0.2,1EF72A62-B7C3-C88D-164E-CE6F8C8424AE,1ZN7L4R0H1D00F,1W9DL31001461C,,1ZMLH8300204F0,1W9DL31001461C,,,,,
2023-11-01,11:33:22.06 AM,8m 59.7s,539.7,33.7963421222629,-117.4758866257911,35.1,137.7,15.7,1299,4609.3,6.456197,7.569323,-6.263432,2.23694,1.565858,1.789552,0.223694,0.894776,-2.2,0,2.2,164.4,164.4,164.5,Tripod,Other,,18,5,True,,True,False,,Smart,RC,False,True,False,,,True,,False,False,False,False,False,False,False,False,False,False,0,Follow Yaw,-77.9,0,155.8,155.8,False,False,False,False,False,,0,0,False,False,No Card,100,100,1024,1403,834,1024,2,False,False,False,False,False,0,False,False,False,False,71,,46.512,,3540,,4986,,46.512,,True,3.883,3.883,3.883,3.883,3.883,3.883,3.883,3.883,3.883,3.883,3.883,3.883,0,,False,False,True,,,,,,,,,,,,,,,False,False,9.668,,102.3,,75.7,,102.3,,1339,114,3,22,7,144214.0,19228.54,,Idle,,20,,10,,,20,Go Home,False,False,False,False,False,False,False,False,False,False,False,False,33.8027920380556,-117.4659261431046,3828.1,3828.1,1049.4,396.9,True,1,1,False,False,False,False,,True,False,False,Course Lock,196.8,67,16.4,93,N,S,3.35,11.4,Calm,False,False,Android,7.0.2,M300 RTK,1ZN7L4R0H1D00F,1W9DL31001461C,1ZMLH8300204F0,1Z6PH74DAP0QN7,"Corona, CA",728.3,5.7,137.7,8.547347,2.013246,0,0,DJI Matrice 300 RTK,M300 RTK,1ZN7L4R0H1D00F,1W9DL31001461C,1ZMLH8300204F0,1Z6PH74DAP0QN7,DJI Pilot,Android,7.0.2,1EF72A62-B7C3-C88D-164E-CE6F8C8424AE,1ZN7L4R0H1D00F,1W9DL31001461C,,1ZMLH8300204F0,1W9DL31001461C,,,,,
2023-11-01,11:33:22.17 AM,8m 59.8s,539.8,33.796339566488,-117.4758857498354,35.1,137.7,15.7,1299,4610.3,6.456197,7.569323,-6.263432,2.23694,1.565858,1.789552,0.223694,0.894776,-2.2,-0.3,2.2,164.4,164.4,164.1,Tripod,Other,,18,5,True,,True,False,,Smart,RC,False,True,False,,,True,,False,False,False,False,False,False,False,False,False,False,0,Follow Yaw,-77.9,0,155.8,155.8,False,False,False,False,False,,0,0,False,False,No Card,100,100,1024,1401,826,1024,2,False,False,False,False,False,0,False,False,False,False,71,,46.512,,3540,,4986,,46.512,,True,3.883,3.883,3.883,3.883,3.883,3.883,3.883,3.883,3.883,3.883,3.883,3.883,0,,False,False,True,,,,,,,,,,,,,,,False,False,9.668,,102.3,,75.7,,102.3,,1339,114,3,22,7,144214.0,19228.54,,Idle,,20,,10,,,20,Go Home,False,False,False,False,False,False,False,False,False,False,False,False,33.8027920380556,-117.4659261431046,3828.4,3828.4,1049.4,396.9,True,1,1,False,False,False,False,,True,False,False,Course Lock,196.8,67,16.4,93,N,S,3.35,11.4,Calm,False,False,Android,7.0.2,M300 RTK,1ZN7L4R0H1D00F,1W9DL31001461C,1ZMLH8300204F0,1Z6PH74DAP0QN7,"Corona, CA",728.3,5.7,137.7,8.547347,2.013246,0,0,DJI Matrice 300 RTK,M300 RTK,1ZN7L4R0H1D00F,1W9DL31001461C,1ZMLH8300204F0,1Z6PH74DAP0QN7,DJI Pilot,Android,7.0.2,1EF72A62-B7C3-C88D-164E-CE6F8C8424AE,1ZN7L4R0H1D00F,1W9DL31001461C,,1ZMLH8300204F0,1W9DL31001461C,,,,,
2023-11-01,11:33:22.24 AM,8m 59.9s,539.9,33.7963368667953,-117.4758847455622,35.1,137.7,15.7,1299,4611.3,6.456197,7.569323,-6.263432,2.23694,1.565858,1.789552,0.223694,0.894776,-2.3,-0.6,2.3,164.3,164.3,162.8,Tripod,Other,,18,5,True,,True,False,,Smart,RC,False,True,False,,,True,,False,False,False,False,False,False,False,False,False,False,0,Follow Yaw,-77.9,0,155.8,155.8,False,False,False,False,False,,0,0,False,False,No Card,100,100,1024,1399,828,1024,2,False,False,False,False,False,0,False,False,False,False,71,,46.512,,3540,,4986,,46.512,,True,3.883,3.883,3.883,3.883,3.883,3.883,3.883,3.883,3.883,3.883,3.883,3.883,0,,False,False,True,,,,,,,,,,,,,,,False,False,9.668,,102.3,,75.7,,102.3,,1339,114,3,22,7,144214.0,19228.54,,Idle,,20,,10,,,20,Go Home,False,False,False,False,False,False,False,False,False,False,False,False,33.8027920380556,-117.4659261431046,3828.8,3828.8,1049.4,396.9,True,1,1,False,False,False,False,,True,False,False,Course Lock,196.8,67,16.4,93,N,S,3.35,11.4,Calm,False,False,Android,7.0.2,M300 RTK,1ZN7L4R0H1D00F,1W9DL31001461C,1ZMLH8300204F0,1Z6PH74DAP0QN7,"Corona, CA",728.3,5.7,137.7,8.547347,2.013246,0,0,DJI Matrice 300 RTK,M300 RTK,1ZN7L4R0H1D00F,1W9DL31001461C,1ZMLH8300204F0,1Z6PH74DAP0QN7,DJI Pilot,Android,7.0.2,1EF72A62-B7C3-C88D-164E-CE6F8C8424AE,1ZN7L4R0H1D00F,1W9DL31001461C,,1ZMLH8300204F0,1W9DL31001461C,,,,,
2023-11-01,11:33:22.34 AM,9m 0.0s,540.0,33.7963342984105,-117.4758838602052,35.1,137.7,16.0,1299,4612.3,6.456197,7.569323,-6.263432,2.23694,1.565858,1.789552,0.223694,0.894776,-2.4,-0.6,2.4,164.3,164.3,164.0,Tripod,Other,,18,5,True,,True,False,,Smart,RC,False,True,False,,,True,,False,False,False,False,False,False,False,False,False,False,0,Follow Yaw,-77.9,0,155.8,155.8,False,False,False,False,False,,0,0,False,False,No Card,100,100,1024,1397,835,1024,2,False,False,False,False,False,0,False,False,False,False,71,,46.584,,7131,,10044,,46.584,,True,3.883,3.883,3.883,3.883,3.883,3.883,3.883,3.883,3.883,3.883,3.883,3.883,0,,False,False,True,,,,,,,,,,,,,,,False,False,19.17,,102.5,,75.7,,102.5,,1339,114,3,22,7,144214.0,19228.54,,Idle,,20,,10,,,20,Go Home,False,False,False,False,False,False,False,False,False,False,False,False,33.8027920380556,-117.4659261431046,3829.2,3829.2,1049.4,396.9,True,1,1,False,False,False,False,,True,False,False,Course Lock,196.8,67,16.4,93,N,S,3.35,11.4,Calm,False,False,Android,7.0.2,M300 RTK,1ZN7L4R0H1D00F,1W9DL31001461C,1ZMLH8300204F0,1Z6PH74DAP0QN7,"Corona, CA",728.3,5.7,137.7,8.547347,2.013246,0,0,DJI Matrice 300 RTK,M300 RTK,1ZN7L4R0H1D00F,1W9DL31001461C,1ZMLH8300204F0,1Z6PH74DAP0QN7,DJI Pilot,Android,7.0.2,1EF72A62-B7C3-C88D-164E-CE6F8C8424AE,1ZN7L4R0H1D00F,1W9DL31001461C,,1ZMLH8300204F0,1W9DL31001461C,,,,,
2023-11-01,11:33:22.44 AM,9m 0.1s,540.1,33.7963318330982,-117.4758829835072,35.1,137.7,16.0,1299,4613.3,6.514067,7.569323,-6.263432,2.23694,1.789552,1.789552,0.223694,0.894776,-2.7,-0.6,2.7,164.2,164.2,163.5,Tripod,Other,,18,5,True,,True,False,,Smart,RC,False,True,False,,,True,,False,False,False,False,False,False,False,False,False,False,0,Follow Yaw,-77.9,0,155.8,155.8,False,False,False,False,False,,0,0,False,False,No Card,100,100,1024,1397,836,1024,2,False,False,False,False,False,0,False,False,False,False,71,,46.584,,7131,,10044,,46.584,,True,3.883,3.883,3.883,3.883,3.883,3.883,3.883,3.883,3.883,3.883,3.883,3.883,0,,False,False,True,,,,,,,,,,,,,,,False,False,19.17,,102.5,,75.7,,102.5,,1339,114,3,22,7,144214.0,19228.54,,Idle,,20,,10,,,20,Go Home,False,False,False,False,False,False,False,False,False,False,False,False,33.8027920380556,-117.4659261431046,3829.5,3829.5,1049.4,396.9,True,1,1,False,False,False,False,,True,False,False,Course Lock,196.8,67,16.4,93,N,S,3.35,11.4,Calm,False,False,Android,7.0.2,M300 RTK,1ZN7L4R0H1D00F,1W9DL31001461C,1ZMLH8300204F0,1Z6PH74DAP0QN7,"Corona, CA",728.3,5.7,137.7,8.547347,2.013246,0,0,DJI Matrice 300 RTK,M300 RTK,1ZN7L4R0H1D00F,1W9DL31001461C,1ZMLH8300204F0,1Z6PH74DAP0QN7,DJI Pilot,Android,7.0.2,1EF72A62-B7C3-C88D-164E-CE6F8C8424AE,1ZN7L4R0H1D00F,1W9DL31001461C,,1ZMLH8300204F0,1W9DL31001461C,,,,,
2023-11-01,11:33:22.54 AM,9m 0.2s,540.2,33.7963293840966,-117.4758821392184,35.1,137.7,16.0,1299,4614.2,6.514067,7.569323,-6.263432,2.23694,1.789552,1.789552,0.223694,0.894776,-2.7,-0.7,2.7,164.1,164.1,164.0,Tripod,Other,,18,5,True,,True,False,,Smart,RC,False,True,False,,,True,,False,False,False,False,False,False,False,False,False,False,0,Follow Yaw,-77.9,0,155.8,155.8,False,False,False,False,False,,0,0,False,False,No Card,100,100,1024,1397,832,1024,2,False,False,False,False,False,0,False,False,False,False,71,,46.584,,7131,,10044,,46.584,,True,3.883,3.883,3.883,3.883,3.883,3.883,3.883,3.883,3.883,3.883,3.883,3.883,0,,False,False,True,,,,,,,,,,,,,,,False,False,19.17,,102.5,,75.7,,102.5,,1339,114,3,22,7,144214.0,19228.54,,Idle,,20,,10,,,20,Go Home,False,False,False,False,False,False,False,False,False,False,False,False,33.8027920380556,-117.4659261431046,3829.9,3829.9,1049.4,396.9,True,1,1,False,False,False,False,,True,False,False,Course Lock,196.8,67,16.4,93,N,S,3.35,11.4,Calm,False,False,Android,7.0.2,M300 RTK,1ZN7L4R0H1D00F,1W9DL31001461C,1ZMLH8300204F0,1Z6PH74DAP0QN7,"Corona, CA",728.3,5.7,137.7,8.547347,2.013246,0,0,DJI Matrice 300 RTK,M300 RTK,1ZN7L4R0H1D00F,1W9DL31001461C,1ZMLH8300204F0,1Z6PH74DAP0QN7,DJI Pilot,Android,7.0.2,1EF72A62-B7C3-C88D-164E-CE6F8C8424AE,1ZN7L4R0H1D00F,1W9DL31001461C,,1ZMLH8300204F0,1W9DL31001461C,,,,,
2023-11-01,11:33:22.64 AM,9m 0.3s,540.3,33.7963268811602,-117.4758812064434,34.7,137.7,16.0,1299,4615.1,6.514067,7.569323,-6.263432,2.23694,1.789552,1.789552,0.223694,0.894776,-2.5,-1,2.6,164,164,162.7,Tripod,Other,,18,5,True,,True,False,,Smart,RC,False,True,False,,,True,,False,False,False,False,False,False,False,False,False,False,0,Follow Yaw,-77.9,0,155.8,155.8,False,False,False,False,False,,0,0,False,False,No Card,100,100,1024,1397,833,1024,2,False,False,False,False,False,0,False,False,False,False,71,,46.584,,7131,,10044,,46.584,,True,3.882,3.882,3.882,3.882,3.882,3.882,3.882,3.882,3.882,3.882,3.882,3.882,0,,False,False,True,,,,,,,,,,,,,,,False,False,19.17,,102.5,,75.7,,102.5,,1338,114,3,22,7,143795.3,19172.71,,Idle,,20,,10,,,20,Go Home,False,False,False,False,False,False,False,False,False,False,False,False,33.8027920380556,-117.4659261431046,3830.2,3830.2,1049.4,396.9,True,1,1,False,False,False,False,,True,False,False,Course Lock,196.8,67,16.4,93,N,S,3.35,11.4,Calm,False,False,Android,7.0.2,M300 RTK,1ZN7L4R0H1D00F,1W9DL31001461C,1ZMLH8300204F0,1Z6PH74DAP0QN7,"Corona, CA",728.3,5.7,137.7,8.547347,2.013246,0,0,DJI Matrice 300 RTK,M300 RTK,1ZN7L4R0H1D00F,1W9DL31001461C,1ZMLH8300204F0,1Z6PH74DAP0QN7,DJI Pilot,Android,7.0.2,1EF72A62-B7C3-C88D-164E-CE6F8C8424AE,1ZN7L4R0H1D00F,1W9DL31001461C,,1ZMLH8300204F0,1W9DL31001461C,,,,,
2023-11-01,11:33:22.74 AM,9m 0.4s,540.4,33.7963243027696,-117.4758802994804,34.7,137.7,16.0,1299,4616.1,6.514067,7.569323,-6.263432,2.23694,1.789552,1.789552,0.223694,0.894776,-2.5,-1.1,2.7,164,164,163.7,Tripod,Other,,18,5,True,,True,False,,Smart,RC,False,True,False,,,True,,False,False,False,False,False,False,False,False,False,False,0,Follow Yaw,-77.9,0,155.8,155.8,False,False,False,False,False,,0,0,False,False,No Card,100,100,1024,1396,833,1024,2,False,False,False,False,False,0,False,False,False,False,71,,46.584,,7131,,10044,,46.584,,True,3.882,3.882,3.882,3.882,3.882,3.882,3.882,3.882,3.882,3.882,3.882,3.882,0,,False,False,True,,,,,,,,,,,,,,,False,False,19.17,,102.5,,75.7,,102.5,,1338,114,3,22,7,143795.3,19172.71,,Idle,,20,,10,,,20,Go Home,False,False,False,False,False,False,False,False,False,False,False,False,33.8027920380556,-117.4659261431046,3830.6,3830.6,1049.4,396.9,True,1,1,False,False,False,False,,True,False,False,Course Lock,196.8,67,16.4,93,N,S,3.35,11.4,Calm,False,False,Android,7.0.2,M300 RTK,1ZN7L4R0H1D00F,1W9DL31001461C,1ZMLH8300204F0,1Z6PH74DAP0QN7,"Corona, CA",728.3,5.7,137.7,8.547347,2.013246,0,0,DJI Matrice 300 RTK,M300 RTK,1ZN7L4R0H1D00F,1W9DL31001461C,1ZMLH8300204F0,1Z6PH74DAP0QN7,DJI Pilot,Android,7.0.2,1EF72A62-B7C3-C88D-164E-CE6F8C8424AE,1ZN7L4R0H1D00F,1W9DL31001461C,,1ZMLH8300204F0,1W9DL31001461C,,,,,
2023-11-01,11:33:22.84 AM,9m 0.5s,540.5,33.796321642483,-117.4758792908365,34.7,137.7,16.0,1299,4617.1,6.514067,7.569323,-6.263432,2.23694,1.789552,1.789552,0.223694,0.894776,-2.6,-1.1,2.8,163.9,163.9,162.5,Tripod,Other,,18,5,True,,True,False,,Smart,RC,False,True,False,,,True,,False,False,False,False,False,False,False,False,False,False,0,Follow Yaw,-77.9,0,155.8,155.8,False,False,False,False,False,,0,0,False,False,No Card,100,100,1024,1396,833,1024,2,False,False,False,False,False,0,False,False,False,False,71,,46.584,,7131,,10044,,46.584,,True,3.882,3.882,3.882,3.882,3.882,3.882,3.882,3.882,3.882,3.882,3.882,3.882,0,,False,False,True,,,,,,,,,,,,,,,False,False,19.17,,102.5,,75.7,,102.5,,1338,114,3,22,7,143795.3,19172.71,,Idle,,20,,10,,,20,Go Home,False,False,False,False,False,False,False,False,False,False,False,False,33.8027920380556,-117.4659261431046,3830.9,3830.9,1049.4,396.9,True,1,1,False,False,False,False,,True,False,False,Course Lock,196.8,67,16.4,93,N,S,3.35,11.4,Calm,False,False,Android,7.0.2,M300 RTK,1ZN7L4R0H1D00F,1W9DL31001461C,1ZMLH8300204F0,1Z6PH74DAP0QN7,"Corona, CA",728.3,5.7,137.7,8.547347,2.013246,0,0,DJI Matrice 300 RTK,M300 RTK,1ZN7L4R0H1D00F,1W9DL31001461C,1ZMLH8300204F0,1Z6PH74DAP0QN7,DJI Pilot,Android,7.0.2,1EF72A62-B7C3-C88D-164E-CE6F8C8424AE,1ZN7L4R0H1D00F,1W9DL31001461C,,1ZMLH8300204F0,1W9DL31001461C,,,,,
2023-11-01,11:33:22.94 AM,9m 0.6s,540.6,33.7963188998891,-117.475878295882,34.7,137.7,16.0,1299,4618.2,6.729435,7.569323,-6.487126,2.23694,1.789552,1.789552,0.223694,0.894776,-2.5,-0.8,2.6,164,164,163.2,Tripod,Other,,19,5,True,,True,False,,Smart,RC,False,True,False,,,True,,False,False,False,False,False,False,False,False,False,False,0,Follow Yaw,-77.9,0,155.8,155.8,False,False,False,False,False,,0,0,False,False,No Card,100,100,1024,1397,833,1024,2,False,False,False,False,False,0,False,False,False,False,71,,46.584,,7131,,10044,,46.584,,True,3.882,3.882,3.882,3.882,3.882,3.882,3.882,3.882,3.882,3.882,3.882,3.882,0,,False,False,True,,,,,,,,,,,,,,,False,False,19.17,,102.5,,75.7,,102.5,,1338,114,3,22,7,143795.3,19172.71,,Idle,,20,,10,,,20,Go Home,False,False,False,False,False,False,False,False,False,False,False,False,33.8027920380556,-117.4659261431046,3831.3,3831.3,1049.4,396.9,True,1,1,False,False,False,False,,True,False,False,Course Lock,196.8,67,16.4,93,N,S,3.35,11.4,Calm,False,False,Android,7.0.2,M300 RTK,1ZN7L4R0H1D00F,1W9DL31001461C,1ZMLH8300204F0,1Z6PH74DAP0QN7,"Corona, CA",728.3,5.7,137.7,8.547347,2.013246,0,0,DJI Matrice 300 RTK,M300 RTK,1ZN7L4R0H1D00F,1W9DL31001461C,1ZMLH8300204F0,1Z6PH74DAP0QN7,DJI Pilot,Android,7.0.2,1EF72A62-B7C3-C88D-164E-CE6F8C8424AE,1ZN7L4R0H1D00F,1W9DL31001461C,,1ZMLH8300204F0,1W9DL31001461C,,,,,
2023-11-01,11:33:23.04 AM,9m 0.7s,540.7,33.7963160682032,-117.4758773250076,34.7,137.7,16.0,1299,4619.3,6.729435,7.569323,-6.487126,2.23694,1.789552,1.789552,0.223694,0.894776,-2.4,-0.5,2.4,163.9,163.9,164.0,Tripod,Other,,19,5,True,,True,False,,Smart,RC,False,True,False,,,True,,False,False,False,False,False,False,False,False,False,False,0,Follow Yaw,-77.9,0,155.8,155.8,False,False,False,False,False,,0,0,False,False,No Card,100,100,1024,1394,844,1024,2,False,False,False,False,False,0,False,False,False,False,71,,46.584,,7131,,10044,,46.584,,True,3.882,3.882,3.882,3.882,3.882,3.882,3.882,3.882,3.882,3.882,3.882,3.882,0,,False,False,True,,,,,,,,,,,,,,,False,False,19.17,,102.5,,75.7,,102.5,,1338,114,3,22,7,143795.3,19172.71,,Idle,,20,,10,,,20,Go Home,False,False,False,False,False,False,False,False,False,False,False,False,33.8027920380556,-117.4659261431046,3831.7,3831.7,1049.4,396.9,True,1,1,False,False,False,False,,True,False,False,Course Lock,196.8,67,16.4,93,N,S,3.35,11.4,Calm,False,False,Android,7.0.2,M300 RTK,1ZN7L4R0H1D00F,1W9DL31001461C,1ZMLH8300204F0,1Z6PH74DAP0QN7,"Corona, CA",728.3,5.7,137.7,8.547347,2.013246,0,0,DJI Matrice 300 RTK,M300 RTK,1ZN7L4R0H1D00F,1W9DL31001461C,1ZMLH8300204F0,1Z6PH74DAP0QN7,DJI Pilot,Android,7.0.2,1EF72A62-B7C3-C88D-164E-CE6F8C8424AE,1ZN7L4R0H1D00F,1W9DL31001461C,,1ZMLH8300204F0,1W9DL31001461C,,,,,
2023-11-01,11:33:23.14 AM,9m 0.8s,540.8,33.7963135486133,-117.475876410705,34.7,137.7,16.0,1299,4620.2,6.729435,7.569323,-6.487126,2.23694,1.789552,1.789552,0.223694,0.894776,-2.1,-0.5,2.1,163.9,163.9,163.2,Tripod,Other,,19,5,True,,True,False,,Smart,RC,False,True,False,,,True,,False,False,False,False,False,False,False,False,False,False,0,Follow Yaw,-77.9,0,155.8,155.8,False,False,False,False,False,,0,0,False,False,No Card,100,100,1024,1397,842,1024,2,False,False,False,False,False,0,False,False,False,False,71,,46.584,,7131,,10044,,46.584,,True,3.882,3.882,3.882,3.882,3.882,3.882,3.882,3.882,3.882,3.882,3.882,3.882,0,,False,False,True,,,,,,,,,,,,,,,False,False,19.17,,102.5,,75.7,,102.5,,1338,114,3,22,7,143795.3,19172.71,,Idle,,20,,10,,,20,Go Home,False,False,False,False,False,False,False,False,False,False,False,False,33.8027920380556,-117.4659261431046,3832.0,3832.0,1049.4,396.9,True,1,1,False,False,False,False,,True,False,False,Course Lock,196.8,67,16.4,93,N,S,3.35,11.4,Calm,False,False,Android,7.0.2,M300 RTK,1ZN7L4R0H1D00F,1W9DL31001461C,1ZMLH8300204F0,1Z6PH74DAP0QN7,"Corona, CA",728.3,5.7,137.7,8.547347,2.013246,0,0,DJI Matrice 300 RTK,M300 RTK,1ZN7L4R0H1D00F,1W9DL31001461C,1ZMLH8300204F0,1Z6PH74DAP0QN7,DJI Pilot,Android,7.0.2,1EF72A62-B7C3-C88D-164E-CE6F8C8424AE,1ZN7L4R0H1D00F,1W9DL31001461C,,1ZMLH8300204F0,1W9DL31001461C,,,,,
2023-11-01,11:33:23.21 AM,9m 0.9s,540.9,33.7963110147688,-117.4758755461296,34.7,137.7,16.0,1299,4621.2,6.729435,7.569323,-6.487126,2.23694,1.789552,1.789552,0.223694,0.894776,-1.9,-0.3,1.9,164,164,164.1,Tripod,Other,,19,5,True,,True,False,,Smart,RC,False,True,False,,,True,,False,False,False,False,False,False,False,False,False,False,0,Follow Yaw,-77.9,0,155.8,155.8,False,False,False,False,False,,0,0,False,False,No Card,100,100,1024,1396,830,1024,2,False,False,False,False,False,0,False,False,False,False,71,,46.584,,7131,,10044,,46.584,,True,3.882,3.882,3.882,3.882,3.882,3.882,3.882,3.882,3.882,3.882,3.882,3.882,0,,False,False,True,,,,,,,,,,,,,,,False,False,19.17,,102.5,,75.7,,102.5,,1338,114,3,22,7,143795.3,19172.71,,Idle,,20,,10,,,20,Go Home,False,False,False,False,False,False,False,False,False,False,False,False,33.8027920380556,-117.4659261431046,3832.4,3832.4,1049.4,396.9,True,1,1,False,False,False,False,,True,False,False,Course Lock,196.8,67,16.4,93,N,S,3.35,11.4,Calm,False,False,Android,7.0.2,M300 RTK,1ZN7L4R0H1D00F,1W9DL31001461C,1ZMLH8300204F0,1Z6PH74DAP0QN7,"Corona, CA",728.3,5.7,137.7,8.547347,2.013246,0,0,DJI Matrice 300 RTK,M300 RTK,1ZN7L4R0H1D00F,1W9DL31001461C,1ZMLH8300204F0,1Z6PH74DAP0QN7,DJI Pilot,Android,7.0.2,1EF72A62-B7C3-C88D-164E-CE6F8C8424AE,1ZN7L4R0H1D00F,1W9DL31001461C,,1ZMLH8300204F0,1W9DL31001461C,,,,,
2023-11-01,11:33:23.34 AM,9m 1.0s,541.0,33.7963083727803,-117.4758745995828,34.4,137.7,16.0,1298,4622.2,6.729435,7.569323,-6.487126,2.23694,1.789552,1.789552,0.223694,0.894776,-1.7,-0.2,1.7,164.1,164.1,163.4,Tripod,Other,,19,5,True,,True,False,,Smart,RC,False,True,False,,,True,,False,False,False,False,False,False,False,False,False,False,0,Follow Yaw,-77.9,0,155.8,155.8,False,False,False,False,False,,0,0,False,False,No Card,100,100,1024,1395,802,1094,2,False,False,False,False,False,0,False,False,False,False,71,,46.548,,3540,,4986,,46.548,,True,3.882,3.882,3.882,3.882,3.882,3.882,3.882,3.882,3.882,3.882,3.882,3.882,0,,False,False,True,,,,,,,,,,,,,,,False,False,9.908,,102.3,,75.7,,102.5,,1338,114,3,22,7,143795.3,19172.71,,Idle,,20,,10,,,20,Go Home,False,False,False,False,False,False,False,False,False,False,False,False,33.8027920380556,-117.4659261431046,3832.8,3832.8,1049.4,396.9,True,1,1,False,False,False,False,,True,False,False,Course Lock,196.8,67,16.4,93,N,S,3.35,11.4,Calm,False,False,Android,7.0.2,M300 RTK,1ZN7L4R0H1D00F,1W9DL31001461C,1ZMLH8300204F0,1Z6PH74DAP0QN7,"Corona, CA",728.3,5.7,137.7,8.547347,2.013246,0,0,DJI Matrice 300 RTK,M300 RTK,1ZN7L4R0H1D00F,1W9DL31001461C,1ZMLH8300204F0,1Z6PH74DAP0QN7,DJI Pilot,Android,7.0.2,1EF72A62-B7C3-C88D-164E-CE6F8C8424AE,1ZN7L4R0H1D00F,1W9DL31001461C,,1ZMLH8300204F0,1W9DL31001461C,,,,,
2023-11-01,11:33:23.44 AM,9m 1.1s,541.1,33.7963056098323,-117.4758736301928,34.4,137.7,16.4,1298,4623.2,6.729435,7.569323,-6.487126,2.23694,1.789552,1.789552,0.223694,0.894776,-1.6,-0.2,1.6,164.1,164.1,163.7,Tripod,Other,,19,5,True,,True,False,,Smart,RC,False,True,False,,,True,,False,False,False,False,False,False,False,False,False,False,0,Follow Yaw,-77.9,0,155.8,155.8,False,False,False,False,False,,0,0,False,False,No Card,100,100,1024,1395,802,1094,2,False,False,False,False,False,0,False,False,False,False,71,,46.548,,3540,,4986,,46.548,,True,3.882,3.882,3.882,3.882,3.882,3.882,3.882,3.882,3.882,3.882,3.882,3.882,0,,False,False,True,,,,,,,,,,,,,,,False,False,9.908,,102.3,,75.7,,102.5,,1338,114,3,22,7,143795.3,19172.71,,Idle,,20,,10,,,20,Go Home,False,False,False,False,False,False,False,False,False,False,False,False,33.8027920380556,-117.4659261431046,3833.2,3833.2,1049.4,396.9,True,1,1,False,False,False,False,,True,False,False,Course Lock,196.8,67,16.4,93,N,S,3.35,11.4,Calm,False,False,Android,7.0.2,M300 RTK,1ZN7L4R0H1D00F,1W9DL31001461C,1ZMLH8300204F0,1Z6PH74DAP0QN7,"Corona, CA",728.3,5.7,137.7,8.547347,2.013246,0,0,DJI Matrice 300 RTK,M300 RTK,1ZN7L4R0H1D00F,1W9DL31001461C,1ZMLH8300204F0,1Z6PH74DAP0QN7,DJI Pilot,Android,7.0.2,1EF72A62-B7C3-C88D-164E-CE6F8C8424AE,1ZN7L4R0H1D00F,1W9DL31001461C,,1ZMLH8300204F0,1W9DL31001461C,,,,,
2023-11-01,11:33:23.54 AM,9m 1.2s,541.2,33.7963030845543,-117.4758727451657,34.4,137.7,16.4,1298,4624.2,6.729435,7.569323,-6.487126,2.23694,1.789552,1.789552,0.223694,0.894776,-1.7,-0.4,1.7,164,164,163.7,Tripod,Other,,18,5,True,,True,False,,Smart,RC,False,True,False,,,True,,False,False,False,False,False,False,False,False,False,False,0,Follow Yaw,-77.9,0,155.9,155.9,False,False,False,False,False,,0,0,False,False,No Card,100,100,1024,1393,845,1037,2,False,False,False,False,False,0,False,False,False,False,71,,46.548,,3540,,4986,,46.548,,True,3.882,3.882,3.882,3.882,3.882,3.882,3.882,3.882,3.882,3.882,3.882,3.882,0,,False,False,True,,,,,,,,,,,,,,,False,False,9.908,,102.3,,75.7,,102.5,,1338,114,3,22,7,143795.3,19172.71,,Idle,,20,,10,,,20,Go Home,False,False,False,False,False,False,False,False,False,False,False,False,33.8027920380556,-117.4659261431046,3833.5,3833.5,1049.4,396.9,True,1,1,False,False,False,False,,True,False,False,Course Lock,196.8,67,16.4,93,N,S,3.35,11.4,Calm,False,False,Android,7.0.2,M300 RTK,1ZN7L4R0H1D00F,1W9DL31001461C,1ZMLH8300204F0,1Z6PH74DAP0QN7,"Corona, CA",728.3,5.7,137.7,8.547347,2.013246,0,0,DJI Matrice 300 RTK,M300 RTK,1ZN7L4R0H1D00F,1W9DL31001461C,1ZMLH8300204F0,1Z6PH74DAP0QN7,DJI Pilot,Android,7.0.2,1EF72A62-B7C3-C88D-164E-CE6F8C8424AE,1ZN7L4R0H1D00F,1W9DL31001461C,,1ZMLH8300204F0,1W9DL31001461C,,,,,
2023-11-01,11:33:23.62 AM,9m 1.3s,541.3,33.7963002294988,-117.4758718332546,34.4,137.7,16.4,1298,4625.3,6.729435,7.569323,-6.487126,2.23694,1.789552,1.789552,0.223694,0.894776,-1.8,-0.5,1.8,164,164,165.1,Tripod,Other,,18,5,True,,True,False,,Smart,RC,False,True,False,,,True,,False,False,False,False,False,False,False,False,False,False,0,Follow Yaw,-77.9,0,156,156,False,False,False,False,False,,0,0,False,False,No Card,100,100,1024,1393,853,1024,2,False,False,False,False,False,0,False,False,False,False,71,,46.548,,3540,,4986,,46.548,,True,3.88,3.88,3.88,3.88,3.88,3.88,3.88,3.88,3.88,3.88,3.88,3.88,0,,False,False,True,,,,,,,,,,,,,,,False,False,9.908,,102.3,,75.7,,102.5,,1338,114,3,22,7,143567.7,19142.36,,Idle,,20,,10,,,20,Go Home,False,False,False,False,False,False,False,False,False,False,False,False,33.8027920380556,-117.4659261431046,3834.0,3834.0,1049.4,396.9,True,1,1,False,False,False,False,,True,False,False,Course Lock,196.8,67,16.4,93,N,S,3.35,11.4,Calm,False,False,Android,7.0.2,M300 RTK,1ZN7L4R0H1D00F,1W9DL31001461C,1ZMLH8300204F0,1Z6PH74DAP0QN7,"Corona, CA",728.3,5.7,137.7,8.547347,2.013246,0,0,DJI Matrice 300 RTK,M300 RTK,1ZN7L4R0H1D00F,1W9DL31001461C,1ZMLH8300204F0,1Z6PH74DAP0QN7,DJI Pilot,Android,7.0.2,1EF72A62-B7C3-C88D-164E-CE6F8C8424AE,1ZN7L4R0H1D00F,1W9DL31001461C,,1ZMLH8300204F0,1W9DL31001461C,,,,,
2023-11-01,11:33:23.72 AM,9m 1.4s,541.4,33.7962974152201,-117.4758708656789,34.4,137.7,16.4,1298,4626.3,6.729435,7.569323,-6.487126,2.23694,1.789552,1.789552,0.223694,0.894776,-1.8,-0.5,1.8,164,164,164.0,Tripod,Other,,18,5,True,,True,False,,Smart,RC,False,True,False,,,True,,False,False,False,False,False,False,False,False,False,False,0,Follow Yaw,-77.9,0,156,156,False,False,False,False,False,,0,0,False,False,No Card,100,100,1024,1392,855,1024,2,False,False,False,False,False,0,False,False,False,False,71,,46.548,,3540,,4986,,46.548,,True,3.88,3.88,3.88,3.88,3.88,3.88,3.88,3.88,3.88,3.88,3.88,3.88,0,,False,False,True,,,,,,,,,,,,,,,False,False,9.908,,102.3,,75.7,,102.5,,1338,114,3,22,7,143567.7,19142.36,,Idle,,20,,10,,,20,Go Home,False,False,False,False,False,False,False,False,False,False,False,False,33.8027920380556,-117.4659261431046,3834.4,3834.4,1049.4,396.9,True,1,1,False,False,False,False,,True,False,False,Course Lock,196.8,67,16.4,93,N,S,3.35,11.4,Calm,False,False,Android,7.0.2,M300 RTK,1ZN7L4R0H1D00F,1W9DL31001461C,1ZMLH8300204F0,1Z6PH74DAP0QN7,"Corona, CA",728.3,5.7,137.7,8.547347,2.013246,0,0,DJI Matrice 300 RTK,M300 RTK,1ZN7L4R0H1D00F,1W9DL31001461C,1ZMLH8300204F0,1Z6PH74DAP0QN7,DJI Pilot,Android,7.0.2,1EF72A62-B7C3-C88D-164E-CE6F8C8424AE,1ZN7L4R0H1D00F,1W9DL31001461C,,1ZMLH8300204F0,1W9DL31001461C,,,,,
2023-11-01,11:33:23.84 AM,9m 1.5s,541.5,33.7962947248478,-117.4758698611584,34.4,137.7,16.4,1298,4627.4,6.729435,7.569323,-6.487126,2.23694,1.789552,1.789552,0.223694,0.894776,-1.9,-0.8,2,164,164,162.7,Tripod,Other,,18,5,True,,True,False,,Smart,RC,False,True,False,,,True,,False,False,False,False,False,False,False,False,False,False,0,Follow Yaw,-77.9,0,156,156,False,False,False,False,False,,0,0,False,False,No Card,100,100,1024,1393,862,1024,2,False,False,False,False,False,0,False,False,False,False,71,,46.548,,3540,,4986,,46.548,,True,3.88,3.88,3.88,3.88,3.88,3.88,3.88,3.88,3.88,3.88,3.88,3.88,0,,False,False,True,,,,,,,,,,,,,,,False,False,9.908,,102.3,,75.7,,102.5,,1338,114,3,22,7,143567.7,19142.36,,Idle,,20,,10,,,20,Go Home,False,False,False,False,False,False,False,False,False,False,False,False,33.8027920380556,-117.4659261431046,3834.7,3834.7,1049.4,396.9,True,1,1,False,False,False,False,,True,False,False,Course Lock,196.8,67,16.4,93,N,S,3.35,11.4,Calm,False,False,Android,7.0.2,M300 RTK,1ZN7L4R0H1D00F,1W9DL31001461C,1ZMLH8300204F0,1Z6PH74DAP0QN7,"Corona, CA",728.3,5.7,137.7,8.547347,2.013246,0,0,DJI Matrice 300 RTK,M300 RTK,1ZN7L4R0H1D00F,1W9DL31001461C,1ZMLH8300204F0,1Z6PH74DAP0QN7,DJI Pilot,Android,7.0.2,1EF72A62-B7C3-C88D-164E-CE6F8C8424AE,1ZN7L4R0H1D00F,1W9DL31001461C,,1ZMLH8300204F0,1W9DL31001461C,,,,,
2023-11-01,11:33:23.93 AM,9m 1.6s,541.6,33.7962921731849,-117.4758689791825,34.1,137.7,16.4,1298,4628.3,6.729435,7.569323,-6.487126,2.23694,1.789552,1.789552,0.223694,0.894776,-1.9,-0.9,2.1,164,164,163.9,Tripod,Other,,18,5,True,,True,False,,Smart,RC,False,True,False,,,True,,False,False,False,False,False,False,False,False,False,False,0,Follow Yaw,-77.9,0,156,156,False,False,False,False,False,,0,0,False,False,No Card,100,100,1024,1391,881,1024,2,False,False,False,False,False,0,False,False,False,False,71,,46.548,,3540,,4986,,46.548,,True,3.88,3.88,3.88,3.88,3.88,3.88,3.88,3.88,3.88,3.88,3.88,3.88,0,,False,False,True,,,,,,,,,,,,,,,False,False,9.908,,102.3,,75.7,,102.5,,1338,114,3,22,7,143567.7,19142.36,,Idle,,20,,10,,,20,Go Home,False,False,False,False,False,False,False,False,False,False,False,False,33.8027920380556,-117.4659261431046,3835.1,3835.1,1049.4,396.9,True,1,1,False,False,False,False,,True,False,False,Course Lock,196.8,67,16.4,93,N,S,3.35,11.4,Calm,False,False,Android,7.0.2,M300 RTK,1ZN7L4R0H1D00F,1W9DL31001461C,1ZMLH8300204F0,1Z6PH74DAP0QN7,"Corona, CA",728.3,5.7,137.7,8.547347,2.013246,0,0,DJI Matrice 300 RTK,M300 RTK,1ZN7L4R0H1D00F,1W9DL31001461C,1ZMLH8300204F0,1Z6PH74DAP0QN7,DJI Pilot,Android,7.0.2,1EF72A62-B7C3-C88D-164E-CE6F8C8424AE,1ZN7L4R0H1D00F,1W9DL31001461C,,1ZMLH8300204F0,1W9DL31001461C,,,,,
2023-11-01,11:33:24.04 AM,9m 1.7s,541.7,33.7962894501227,-117.4758677819385,34.1,137.7,16.4,1298,4629.4,6.729435,7.569323,-6.487126,2.23694,1.789552,1.789552,0.223694,0.894776,-1.9,-0.9,2.1,164.1,164.1,159.9,Tripod,Other,,18,5,True,,True,False,,Smart,RC,False,True,False,,,True,,False,False,False,False,False,False,False,False,False,False,0,Follow Yaw,-77.9,0,156,156,False,False,False,False,False,,0,0,False,False,No Card,100,100,1024,1390,872,1024,2,False,False,False,False,False,0,False,False,False,False,71,,46.548,,3540,,4986,,46.548,,True,3.88,3.88,3.88,3.88,3.88,3.88,3.88,3.88,3.88,3.88,3.88,3.88,0,,False,False,True,,,,,,,,,,,,,,,False,False,9.908,,102.3,,75.7,,102.5,,1338,114,3,22,7,143567.7,19142.36,,Idle,,20,,10,,,20,Go Home,False,False,False,False,False,False,False,False,False,False,False,False,33.8027920380556,-117.4659261431046,3835.4,3835.4,1049.4,396.9,True,1,1,False,False,False,False,,True,False,False,Course Lock,196.8,67,16.4,93,N,S,3.35,11.4,Calm,False,False,Android,7.0.2,M300 RTK,1ZN7L4R0H1D00F,1W9DL31001461C,1ZMLH8300204F0,1Z6PH74DAP0QN7,"Corona, CA",728.3,5.7,137.7,8.547347,2.013246,0,0,DJI Matrice 300 RTK,M300 RTK,1ZN7L4R0H1D00F,1W9DL31001461C,1ZMLH8300204F0,1Z6PH74DAP0QN7,DJI Pilot,Android,7.0.2,1EF72A62-B7C3-C88D-164E-CE6F8C8424AE,1ZN7L4R0H1D00F,1W9DL31001461C,,1ZMLH8300204F0,1W9DL31001461C,,,,,
2023-11-01,11:33:24.14 AM,9m 1.8s,541.8,33.7962869046276,-117.4758668723365,34.1,137.7,16.4,1298,4630.4,6.729435,7.569323,-6.487126,2.23694,1.789552,1.789552,0.223694,0.894776,-1.8,-0.8,1.9,164.1,164.1,163.4,Tripod,Other,,18,5,True,,True,False,,Smart,RC,False,True,False,,,True,,False,False,False,False,False,False,False,False,False,False,0,Follow Yaw,-77.9,0,156,156,False,False,False,False,False,,0,0,False,False,No Card,100,100,1024,1389,816,1024,2,False,False,False,False,False,0,False,False,False,False,71,,46.548,,3540,,4986,,46.548,,True,3.88,3.88,3.88,3.88,3.88,3.88,3.88,3.88,3.88,3.88,3.88,3.88,0,,False,False,True,,,,,,,,,,,,,,,False,False,9.908,,102.3,,75.7,,102.5,,1338,114,3,22,7,143567.7,19142.36,,Idle,,20,,10,,,20,Go Home,False,False,False,False,False,False,False,False,False,False,False,False,33.8027920380556,-117.4659261431046,3835.8,3835.8,1049.4,396.9,True,1,1,False,False,False,False,,True,False,False,Course Lock,196.8,67,16.4,93,N,S,3.35,11.4,Calm,False,False,Android,7.0.2,M300 RTK,1ZN7L4R0H1D00F,1W9DL31001461C,1ZMLH8300204F0,1Z6PH74DAP0QN7,"Corona, CA",728.3,5.7,137.7,8.547347,2.013246,0,0,DJI Matrice 300 RTK,M300 RTK,1ZN7L4R0H1D00F,1W9DL31001461C,1ZMLH8300204F0,1Z6PH74DAP0QN7,DJI Pilot,Android,7.0.2,1EF72A62-B7C3-C88D-164E-CE6F8C8424AE,1ZN7L4R0H1D00F,1W9DL31001461C,,1ZMLH8300204F0,1W9DL31001461C,,,,,
2023-11-01,11:33:24.24 AM,9m 1.9s,541.9,33.7962838498691,-117.4758661656013,34.1,137.7,16.4,1298,4631.5,6.729435,7.569323,-6.487126,2.23694,1.789552,1.789552,0.223694,0.894776,-1.9,-0.7,2,164.1,164.1,169.1,Tripod,Other,,18,5,True,,True,False,,Smart,RC,False,True,False,,,True,,False,False,False,False,False,False,False,False,False,False,0,Follow Yaw,-77.9,0,156,156,False,False,False,False,False,,0,0,False,False,No Card,100,100,1024,1389,777,1024,2,False,False,False,False,False,0,False,False,False,False,71,,46.548,,3540,,4986,,46.548,,True,3.88,3.88,3.88,3.88,3.88,3.88,3.88,3.88,3.88,3.88,3.88,3.88,0,,False,False,True,,,,,,,,,,,,,,,False,False,9.908,,102.3,,75.7,,102.5,,1338,114,3,22,7,143567.7,19142.36,,Idle,,20,,10,,,20,Go Home,False,False,False,False,False,False,False,False,False,False,False,False,33.8027920380556,-117.4659261431046,3836.3,3836.3,1049.4,396.9,True,1,1,False,False,False,False,,True,False,False,Course Lock,196.8,67,16.4,93,N,S,3.35,11.4,Calm,False,False,Android,7.0.2,M300 RTK,1ZN7L4R0H1D00F,1W9DL31001461C,1ZMLH8300204F0,1Z6PH74DAP0QN7,"Corona, CA",728.3,5.7,137.7,8.547347,2.013246,0,0,DJI Matrice 300 RTK,M300 RTK,1ZN7L4R0H1D00F,1W9DL31001461C,1ZMLH8300204F0,1Z6PH74DAP0QN7,DJI Pilot,Android,7.0.2,1EF72A62-B7C3-C88D-164E-CE6F8C8424AE,1ZN7L4R0H1D00F,1W9DL31001461C,,1ZMLH8300204F0,1W9DL31001461C,,,,,
2023-11-01,11:33:24.34 AM,9m 2.0s,542.0,33.7962811507932,-117.4758652303523,34.1,137.7,16.7,1298,4632.5,6.729435,7.569323,-6.487126,2.23694,1.789552,1.789552,0.223694,0.894776,-2.1,-0.5,2.1,164.1,164.1,163.9,Tripod,Other,,18,5,True,,True,False,,Smart,RC,False,True,False,,,True,,False,False,False,False,False,False,False,False,False,False,0,Follow Yaw,-77.9,0,156,156,False,False,False,False,False,,0,0,False,False,No Card,100,100,1024,1390,784,1024,2,False,False,False,False,False,0,False,False,False,False,71,,46.512,,7131,,10044,,46.512,,True,3.88,3.88,3.88,3.88,3.88,3.88,3.88,3.88,3.88,3.88,3.88,3.88,0,,False,False,True,,,,,,,,,,,,,,,False,False,19.478,,102.5,,75.7,,102.5,,1338,114,3,22,7,143567.7,19142.36,,Idle,,20,,10,,,20,Go Home,False,False,False,False,False,False,False,False,False,False,False,False,33.8027920380556,-117.4659261431046,3836.7,3836.7,1049.4,396.9,True,1,1,False,False,False,False,,True,False,False,Course Lock,196.8,67,16.4,93,N,S,3.35,11.4,Calm,False,False,Android,7.0.2,M300 RTK,1ZN7L4R0H1D00F,1W9DL31001461C,1ZMLH8300204F0,1Z6PH74DAP0QN7,"Corona, CA",728.3,5.7,137.7,8.547347,2.013246,0,0,DJI Matrice 300 RTK,M300 RTK,1ZN7L4R0H1D00F,1W9DL31001461C,1ZMLH8300204F0,1Z6PH74DAP0QN7,DJI Pilot,Android,7.0.2,1EF72A62-B7C3-C88D-164E-CE6F8C8424AE,1ZN7L4R0H1D00F,1W9DL31001461C,,1ZMLH8300204F0,1W9DL31001461C,,,,,
2023-11-01,11:33:24.45 AM,9m 2.1s,542.1,33.7962787187876,-117.4758642695388,34.1,137.7,16.7,1298,4633.5,6.729435,7.569323,-6.487126,2.23694,1.789552,1.789552,0.223694,0.894776,-2.2,-0.5,2.2,164,164,161.8,Tripod,Other,,18,5,True,,True,False,,Smart,RC,False,True,False,,,True,,False,False,False,False,False,False,False,False,False,False,0,Follow Yaw,-77.9,0,156,156,False,False,False,False,False,,0,0,False,False,No Card,100,100,1024,1391,805,1024,2,False,False,False,False,False,0,False,False,False,False,71,,46.512,,7131,,10044,,46.512,,True,3.88,3.88,3.88,3.88,3.88,3.88,3.88,3.88,3.88,3.88,3.88,3.88,0,,False,False,True,,,,,,,,,,,,,,,False,False,19.478,,102.5,,75.7,,102.5,,1338,114,3,22,7,143567.7,19142.36,,Idle,,20,,10,,,20,Go Home,False,False,False,False,False,False,False,False,False,False,False,False,33.8027920380556,-117.4659261431046,3837.0,3837.0,1049.4,396.9,True,1,1,False,False,False,False,,True,False,False,Course Lock,196.8,67,16.4,93,N,S,3.35,11.4,Calm,False,False,Android,7.0.2,M300 RTK,1ZN7L4R0H1D00F,1W9DL31001461C,1ZMLH8300204F0,1Z6PH74DAP0QN7,"Corona, CA",728.3,5.7,137.7,8.547347,2.013246,0,0,DJI Matrice 300 RTK,M300 RTK,1ZN7L4R0H1D00F,1W9DL31001461C,1ZMLH8300204F0,1Z6PH74DAP0QN7,DJI Pilot,Android,7.0.2,1EF72A62-B7C3-C88D-164E-CE6F8C8424AE,1ZN7L4R0H1D00F,1W9DL31001461C,,1ZMLH8300204F0,1W9DL31001461C,,,,,
2023-11-01,11:33:24.55 AM,9m 2.2s,542.2,33.796276021288,-117.475863318044,34.1,137.7,16.7,1298,4634.5,6.729435,7.569323,-6.487126,2.23694,1.789552,1.789552,0.223694,0.894776,-2.2,-0.8,2.3,163.9,163.9,163.6,Tripod,Other,,18,5,True,,True,False,,Smart,RC,False,True,False,,,True,,False,False,False,False,False,False,False,False,False,False,0,Follow Yaw,-77.9,0,156,156,False,False,False,False,False,,0,0,False,False,No Card,100,100,1024,1391,818,1024,2,False,False,False,False,False,0,False,False,False,False,71,,46.512,,7131,,10044,,46.512,,True,3.88,3.88,3.88,3.88,3.88,3.88,3.88,3.88,3.88,3.88,3.88,3.88,0,,False,False,True,,,,,,,,,,,,,,,False,False,19.478,,102.5,,75.7,,102.5,,1338,114,3,22,7,143567.7,19142.36,,Idle,,20,,10,,,20,Go Home,False,False,False,False,False,False,False,False,False,False,False,False,33.8027920380556,-117.4659261431046,3837.4,3837.4,1049.4,396.9,True,1,1,False,False,False,False,,True,False,False,Course Lock,196.8,67,16.4,93,N,S,3.35,11.4,Calm,False,False,Android,7.0.2,M300 RTK,1ZN7L4R0H1D00F,1W9DL31001461C,1ZMLH8300204F0,1Z6PH74DAP0QN7,"Corona, CA",728.3,5.7,137.7,8.547347,2.013246,0,0,DJI Matrice 300 RTK,M300 RTK,1ZN7L4R0H1D00F,1W9DL31001461C,1ZMLH8300204F0,1Z6PH74DAP0QN7,DJI Pilot,Android,7.0.2,1EF72A62-B7C3-C88D-164E-CE6F8C8424AE,1ZN7L4R0H1D00F,1W9DL31001461C,,1ZMLH8300204F0,1W9DL31001461C,,,,,
2023-11-01,11:33:24.66 AM,9m 2.3s,542.3,33.7962733593566,-117.4758623431288,33.7,137.7,16.7,1298,4635.5,6.729435,7.569323,-6.487126,2.23694,1.789552,1.789552,0.223694,0.894776,-2.1,-1.1,2.3,163.9,163.9,163.0,Tripod,Other,,18,5,True,,True,False,,Smart,RC,False,True,False,,,True,,False,False,False,False,False,False,False,False,False,False,0,Follow Yaw,-77.9,0,156,156,False,False,False,False,False,,0,0,False,False,No Card,100,100,1024,1391,815,1024,2,False,False,False,False,False,0,False,False,False,False,71,,46.512,,7131,,10044,,46.512,,True,3.879,3.879,3.879,3.879,3.879,3.879,3.879,3.879,3.879,3.879,3.879,3.879,0,,False,False,True,,,,,,,,,,,,,,,False,False,19.478,,102.5,,75.7,,102.5,,1338,114,3,22,7,143627.5,19150.33,,Idle,,20,,10,,,20,Go Home,False,False,False,False,False,False,False,False,False,False,False,False,33.8027920380556,-117.4659261431046,3837.8,3837.8,1049.4,396.9,True,1,1,False,False,False,False,,True,False,False,Course Lock,196.8,67,16.4,93,N,S,3.35,11.4,Calm,False,False,Android,7.0.2,M300 RTK,1ZN7L4R0H1D00F,1W9DL31001461C,1ZMLH8300204F0,1Z6PH74DAP0QN7,"Corona, CA",728.3,5.7,137.7,8.547347,2.013246,0,0,DJI Matrice 300 RTK,M300 RTK,1ZN7L4R0H1D00F,1W9DL31001461C,1ZMLH8300204F0,1Z6PH74DAP0QN7,DJI Pilot,Android,7.0.2,1EF72A62-B7C3-C88D-164E-CE6F8C8424AE,1ZN7L4R0H1D00F,1W9DL31001461C,,1ZMLH8300204F0,1W9DL31001461C,,,,,
2023-11-01,11:33:24.76 AM,9m 2.4s,542.4,33.7962706765228,-117.4758613570806,33.7,137.7,16.7,1298,4636.5,6.729435,7.569323,-6.487126,2.23694,1.789552,1.789552,0.223694,0.894776,-1.9,-1,2.1,164.1,164.1,163.0,Tripod,Other,,18,5,True,,True,False,,Smart,RC,False,True,False,,,True,,False,False,False,False,False,False,False,False,False,False,0,Follow Yaw,-77.9,0,156,156,False,False,False,False,False,,0,0,False,False,No Card,100,100,1024,1391,816,1024,2,False,False,False,False,False,0,False,False,False,False,71,,46.512,,7131,,10044,,46.512,,True,3.879,3.879,3.879,3.879,3.879,3.879,3.879,3.879,3.879,3.879,3.879,3.879,0,,False,False,True,,,,,,,,,,,,,,,False,False,19.478,,102.5,,75.7,,102.5,,1338,114,3,22,7,143627.5,19150.33,,Idle,,20,,10,,,20,Go Home,False,False,False,False,False,False,False,False,False,False,False,False,33.8027920380556,-117.4659261431046,3838.1,3838.1,1049.4,396.9,True,1,1,False,False,False,False,,True,False,False,Course Lock,196.8,67,16.4,93,N,S,3.35,11.4,Calm,False,False,Android,7.0.2,M300 RTK,1ZN7L4R0H1D00F,1W9DL31001461C,1ZMLH8300204F0,1Z6PH74DAP0QN7,"Corona, CA",728.3,5.7,137.7,8.547347,2.013246,0,0,DJI Matrice 300 RTK,M300 RTK,1ZN7L4R0H1D00F,1W9DL31001461C,1ZMLH8300204F0,1Z6PH74DAP0QN7,DJI Pilot,Android,7.0.2,1EF72A62-B7C3-C88D-164E-CE6F8C8424AE,1ZN7L4R0H1D00F,1W9DL31001461C,,1ZMLH8300204F0,1W9DL31001461C,,,,,
2023-11-01,11:33:24.86 AM,9m 2.5s,542.5,33.7962678764303,-117.4758602324893,33.7,137.7,16.7,1298,4637.6,6.792345,7.569323,-6.487126,2.23694,2.013246,2.013246,0.223694,0.894776,-1.8,-0.6,1.8,164.3,164.3,161.5,Tripod,Other,,18,5,True,,True,False,,Smart,RC,False,True,False,,,True,,False,False,False,False,False,False,False,False,False,False,0,Follow Yaw,-77.9,0,156,156,False,False,False,False,False,,0,0,False,False,No Card,100,100,1024,1390,816,1024,2,False,False,False,False,False,0,False,False,False,False,71,,46.512,,7131,,10044,,46.512,,True,3.879,3.879,3.879,3.879,3.879,3.879,3.879,3.879,3.879,3.879,3.879,3.879,0,,False,False,True,,,,,,,,,,,,,,,False,False,19.478,,102.5,,75.7,,102.5,,1338,114,3,22,7,143627.5,19150.33,,Idle,,20,,10,,,20,Go Home,False,False,False,False,False,False,False,False,False,False,False,False,33.8027920380556,-117.4659261431046,3838.5,3838.5,1049.4,396.9,True,1,1,False,False,False,False,,True,False,False,Course Lock,196.8,67,16.4,93,N,S,3.35,11.4,Calm,False,False,Android,7.0.2,M300 RTK,1ZN7L4R0H1D00F,1W9DL31001461C,1ZMLH8300204F0,1Z6PH74DAP0QN7,"Corona, CA",728.3,5.7,137.7,8.547347,2.013246,0,0,DJI Matrice 300 RTK,M300 RTK,1ZN7L4R0H1D00F,1W9DL31001461C,1ZMLH8300204F0,1Z6PH74DAP0QN7,DJI Pilot,Android,7.0.2,1EF72A62-B7C3-C88D-164E-CE6F8C8424AE,1ZN7L4R0H1D00F,1W9DL31001461C,,1ZMLH8300204F0,1W9DL31001461C,,,,,
2023-11-01,11:33:24.97 AM,9m 2.6s,542.6,33.7962653168176,-117.475859258811,33.7,137.7,16.7,1298,4638.6,6.792345,7.569323,-6.487126,2.23694,2.013246,2.013246,0.223694,0.894776,-1.7,0.3,1.7,164.5,164.5,162.4,Tripod,Other,,18,5,True,,True,False,,Smart,RC,False,True,False,,,True,,False,False,False,False,False,False,False,False,False,False,0,Follow Yaw,-77.9,0,156,156,False,False,False,False,False,,0,0,False,False,No Card,100,100,1024,1393,810,1024,2,False,False,False,False,False,0,False,False,False,False,71,,46.512,,7131,,10044,,46.512,,True,3.879,3.879,3.879,3.879,3.879,3.879,3.879,3.879,3.879,3.879,3.879,3.879,0,,False,False,True,,,,,,,,,,,,,,,False,False,19.478,,102.5,,75.7,,102.5,,1338,114,3,22,7,143627.5,19150.33,,Idle,,20,,10,,,20,Go Home,False,False,False,False,False,False,False,False,False,False,False,False,33.8027920380556,-117.4659261431046,3838.8,3838.8,1049.4,396.9,True,1,1,False,False,False,False,,True,False,False,Course Lock,196.8,67,16.4,93,N,S,3.35,11.4,Calm,False,False,Android,7.0.2,M300 RTK,1ZN7L4R0H1D00F,1W9DL31001461C,1ZMLH8300204F0,1Z6PH74DAP0QN7,"Corona, CA",728.3,5.7,137.7,8.547347,2.013246,0,0,DJI Matrice 300 RTK,M300 RTK,1ZN7L4R0H1D00F,1W9DL31001461C,1ZMLH8300204F0,1Z6PH74DAP0QN7,DJI Pilot,Android,7.0.2,1EF72A62-B7C3-C88D-164E-CE6F8C8424AE,1ZN7L4R0H1D00F,1W9DL31001461C,,1ZMLH8300204F0,1W9DL31001461C,,,,,
2023-11-01,11:33:25.07 AM,9m 2.7s,542.7,33.7962624819107,-117.4758582265819,33.7,137.7,16.7,1298,4639.7,6.729435,7.569323,-6.487126,2.23694,1.789552,2.013246,0.223694,0.894776,-1.5,0.7,1.6,164.6,164.6,163.1,Tripod,Other,,18,5,True,,True,False,,Smart,RC,False,True,False,,,True,,False,False,False,False,False,False,False,False,False,False,0,Follow Yaw,-77.9,0,156,156,False,False,False,False,False,,0,0,False,False,No Card,100,100,1024,1393,810,1024,2,False,False,False,False,False,0,False,False,False,False,71,,46.488,,3540,,4986,,46.488,,True,3.879,3.879,3.879,3.879,3.879,3.879,3.879,3.879,3.879,3.879,3.879,3.879,0,,False,False,True,,,,,,,,,,,,,,,False,False,9.764,,102.3,,75.7,,102.5,,1338,114,3,22,7,143627.5,19150.33,,Idle,,20,,10,,,20,Go Home,False,False,False,False,False,False,False,False,False,False,False,False,33.8027920380556,-117.4659261431046,3839.2,3839.2,1049.4,396.9,True,1,1,False,False,False,False,,True,False,False,Course Lock,196.8,67,16.4,93,N,S,3.35,11.4,Calm,False,False,Android,7.0.2,M300 RTK,1ZN7L4R0H1D00F,1W9DL31001461C,1ZMLH8300204F0,1Z6PH74DAP0QN7,"Corona, CA",728.3,5.7,137.7,8.547347,2.013246,0,0,DJI Matrice 300 RTK,M300 RTK,1ZN7L4R0H1D00F,1W9DL31001461C,1ZMLH8300204F0,1Z6PH74DAP0QN7,DJI Pilot,Android,7.0.2,1EF72A62-B7C3-C88D-164E-CE6F8C8424AE,1ZN7L4R0H1D00F,1W9DL31001461C,,1ZMLH8300204F0,1W9DL31001461C,,,,,
2023-11-01,11:33:25.17 AM,9m 2.8s,542.8,33.7962597825606,-117.4758572388844,33.7,137.7,16.7,1298,4640.7,6.729435,7.569323,-6.487126,2.23694,1.789552,2.013246,0.223694,0.894776,-1.3,0.6,1.4,164.5,164.5,163.0,Tripod,Other,,18,5,True,,True,False,,Smart,RC,False,True,False,,,True,,False,False,False,False,False,False,False,False,False,False,0,Follow Yaw,-77.9,0,156,156,False,False,False,False,False,,0,0,False,False,No Card,100,100,1024,1395,813,1024,2,False,False,False,False,False,0,False,False,False,False,71,,46.488,,3540,,4986,,46.488,,True,3.879,3.879,3.879,3.879,3.879,3.879,3.879,3.879,3.879,3.879,3.879,3.879,0,,False,False,True,,,,,,,,,,,,,,,False,False,9.764,,102.3,,75.7,,102.5,,1338,114,3,22,7,143627.5,19150.33,,Idle,,20,,10,,,20,Go Home,False,False,False,False,False,False,False,False,False,False,False,False,33.8027920380556,-117.4659261431046,3839.6,3839.6,1049.4,396.9,True,1,1,False,False,False,False,,True,False,False,Course Lock,196.8,67,16.4,93,N,S,3.35,11.4,Calm,False,False,Android,7.0.2,M300 RTK,1ZN7L4R0H1D00F,1W9DL31001461C,1ZMLH8300204F0,1Z6PH74DAP0QN7,"Corona, CA",728.3,5.7,137.7,8.547347,2.013246,0,0,DJI Matrice 300 RTK,M300 RTK,1ZN7L4R0H1D00F,1W9DL31001461C,1ZMLH8300204F0,1Z6PH74DAP0QN7,DJI Pilot,Android,7.0.2,1EF72A62-B7C3-C88D-164E-CE6F8C8424AE,1ZN7L4R0H1D00F,1W9DL31001461C,,1ZMLH8300204F0,1W9DL31001461C,,,,,
2023-11-01,11:33:25.28 AM,9m 2.9s,542.9,33.7962572372712,-117.4758563763706,33.4,137.7,16.7,1297,4641.7,6.729435,7.569323,-6.487126,2.23694,1.789552,2.013246,0.223694,0.894776,-1.4,0,1.4,164.4,164.4,164.2,Tripod,Other,,18,5,True,,True,False,,Smart,RC,False,True,False,,,True,,False,False,False,False,False,False,False,False,False,False,0,Follow Yaw,-77.9,0,156,156,False,False,False,False,False,,0,0,False,False,No Card,100,100,1024,1396,811,1024,2,False,False,False,False,False,0,False,False,False,False,71,,46.488,,3540,,4986,,46.488,,True,3.879,3.879,3.879,3.879,3.879,3.879,3.879,3.879,3.879,3.879,3.879,3.879,0,,False,False,True,,,,,,,,,,,,,,,False,False,9.764,,102.3,,75.7,,102.5,,1338,114,3,22,7,143627.5,19150.33,,Idle,,20,,10,,,20,Go Home,False,False,False,False,False,False,False,False,False,False,False,False,33.8027920380556,-117.4659261431046,3840.0,3840.0,1049.4,396.9,True,1,1,False,False,False,False,,True,False,False,Course Lock,196.8,67,16.4,93,N,S,3.35,11.4,Calm,False,False,Android,7.0.2,M300 RTK,1ZN7L4R0H1D00F,1W9DL31001461C,1ZMLH8300204F0,1Z6PH74DAP0QN7,"Corona, CA",728.3,5.7,137.7,8.547347,2.013246,0,0,DJI Matrice 300 RTK,M300 RTK,1ZN7L4R0H1D00F,1W9DL31001461C,1ZMLH8300204F0,1Z6PH74DAP0QN7,DJI Pilot,Android,7.0.2,1EF72A62-B7C3-C88D-164E-CE6F8C8424AE,1ZN7L4R0H1D00F,1W9DL31001461C,,1ZMLH8300204F0,1W9DL31001461C,,,,,
2023-11-01,11:33:25.38 AM,9m 3.0s,543.0,33.7962545541633,-117.4758554331224,33.4,137.7,16.7,1297,4642.7,6.729435,7.569323,-6.487126,2.23694,1.789552,2.013246,0.223694,0.894776,-1.5,-0.5,1.5,164.3,164.3,163.7,Tripod,Other,,18,5,True,,True,False,,Smart,RC,False,True,False,,,True,,False,False,False,False,False,False,False,False,False,False,0,Follow Yaw,-77.9,0,156,156,False,False,False,False,False,,0,0,False,False,No Card,100,100,1024,1397,810,1024,2,False,False,False,False,False,0,False,False,False,False,71,,46.524,,7131,,10044,,46.524,,True,3.879,3.879,3.879,3.879,3.879,3.879,3.879,3.879,3.879,3.879,3.879,3.879,0,,False,False,True,,,,,,,,,,,,,,,False,False,19.33,,102.5,,75.7,,102.5,,1338,114,3,22,7,143627.5,19150.33,,Idle,,20,,10,,,20,Go Home,False,False,False,False,False,False,False,False,False,False,False,False,33.8027920380556,-117.4659261431046,3840.4,3840.4,1049.4,396.9,True,1,1,False,False,False,False,,True,False,False,Course Lock,196.8,67,16.4,93,N,S,3.35,11.4,Calm,False,False,Android,7.0.2,M300 RTK,1ZN7L4R0H1D00F,1W9DL31001461C,1ZMLH8300204F0,1Z6PH74DAP0QN7,"Corona, CA",728.3,5.7,137.7,8.547347,2.013246,0,0,DJI Matrice 300 RTK,M300 RTK,1ZN7L4R0H1D00F,1W9DL31001461C,1ZMLH8300204F0,1Z6PH74DAP0QN7,DJI Pilot,Android,7.0.2,1EF72A62-B7C3-C88D-164E-CE6F8C8424AE,1ZN7L4R0H1D00F,1W9DL31001461C,,1ZMLH8300204F0,1W9DL31001461C,,,,,
2023-11-01,11:33:25.44 AM,9m 3.1s,543.1,33.7962515690336,-117.4758544668662,33.4,137.7,16.7,1297,4643.8,6.729435,7.569323,-6.487126,2.23694,1.789552,2.013246,0.223694,0.894776,-1.7,-0.7,1.8,164.3,164.3,164.9,Tripod,Other,,18,5,True,,True,False,,Smart,RC,False,True,False,,,True,,False,False,False,False,False,False,False,False,False,False,0,Follow Yaw,-77.9,0,156,156,False,False,False,False,False,,0,0,False,False,No Card,100,100,1024,1397,807,1024,2,False,False,False,False,False,0,False,False,False,False,71,,46.524,,7131,,10044,,46.524,,True,3.879,3.879,3.879,3.879,3.879,3.879,3.879,3.879,3.879,3.879,3.879,3.879,0,,False,False,True,,,,,,,,,,,,,,,False,False,19.33,,102.5,,75.7,,102.5,,1338,114,3,22,7,143627.5,19150.33,,Idle,,20,,10,,,20,Go Home,False,False,False,False,False,False,False,False,False,False,False,False,33.8027920380556,-117.4659261431046,3840.8,3840.8,1049.4,396.9,True,1,1,False,False,False,False,,True,False,False,Course Lock,196.8,67,16.4,93,N,S,3.35,11.4,Calm,False,False,Android,7.0.2,M300 RTK,1ZN7L4R0H1D00F,1W9DL31001461C,1ZMLH8300204F0,1Z6PH74DAP0QN7,"Corona, CA",728.3,5.7,137.7,8.547347,2.013246,0,0,DJI Matrice 300 RTK,M300 RTK,1ZN7L4R0H1D00F,1W9DL31001461C,1ZMLH8300204F0,1Z6PH74DAP0QN7,DJI Pilot,Android,7.0.2,1EF72A62-B7C3-C88D-164E-CE6F8C8424AE,1ZN7L4R0H1D00F,1W9DL31001461C,,1ZMLH8300204F0,1W9DL31001461C,,,,,
2023-11-01,11:33:25.54 AM,9m 3.2s,543.2,33.7962489971536,-117.4758535763964,33.4,137.7,16.7,1297,4644.8,6.729435,7.569323,-6.487126,2.23694,1.789552,2.013246,0.223694,0.894776,-1.9,-0.8,2,164.3,164.3,163.9,Tripod,Other,,18,5,True,,True,False,,Smart,RC,False,True,False,,,True,,False,False,False,False,False,False,False,False,False,False,0,Follow Yaw,-77.9,0,156,156,False,False,False,False,False,,0,0,False,False,No Card,100,100,1024,1397,807,1024,2,False,False,False,False,False,0,False,False,False,False,71,,46.524,,7131,,10044,,46.524,,True,3.879,3.879,3.879,3.879,3.879,3.879,3.879,3.879,3.879,3.879,3.879,3.879,0,,False,False,True,,,,,,,,,,,,,,,False,False,19.33,,102.5,,75.7,,102.5,,1338,114,3,22,7,143627.5,19150.33,,Idle,,20,,10,,,20,Go Home,False,False,False,False,False,False,False,False,False,False,False,False,33.8027920380556,-117.4659261431046,3841.2,3841.2,1049.4,396.9,True,1,1,False,False,False,False,,True,False,False,Course Lock,196.8,67,16.4,93,N,S,3.35,11.4,Calm,False,False,Android,7.0.2,M300 RTK,1ZN7L4R0H1D00F,1W9DL31001461C,1ZMLH8300204F0,1Z6PH74DAP0QN7,"Corona, CA",728.3,5.7,137.7,8.547347,2.013246,0,0,DJI Matrice 300 RTK,M300 RTK,1ZN7L4R0H1D00F,1W9DL31001461C,1ZMLH8300204F0,1Z6PH74DAP0QN7,DJI Pilot,Android,7.0.2,1EF72A62-B7C3-C88D-164E-CE6F8C8424AE,1ZN7L4R0H1D00F,1W9DL31001461C,,1ZMLH8300204F0,1W9DL31001461C,,,,,
2023-11-01,11:33:25.64 AM,9m 3.3s,543.3,33.7962464106077,-117.4758527446424,33.4,137.7,16.7,1297,4645.8,6.729435,7.569323,-6.487126,2.23694,1.789552,2.013246,0.223694,0.894776,-1.9,-0.8,2,164.2,164.2,165.0,Tripod,Other,,18,5,True,,True,False,,Smart,RC,False,True,False,,,True,,False,False,False,False,False,False,False,False,False,False,0,Follow Yaw,-77.9,0,156,156,False,False,False,False,False,,0,0,False,False,No Card,100,100,1024,1396,801,1024,2,False,False,False,False,False,0,False,False,False,False,71,,46.524,,7131,,10044,,46.524,,True,3.878,3.878,3.878,3.878,3.878,3.878,3.878,3.878,3.878,3.878,3.878,3.878,0,,False,False,True,,,,,,,,,,,,,,,False,False,19.33,,102.5,,75.7,,102.5,,1339,114,3,22,7,143866.0,19182.13,,Idle,,20,,10,,,20,Go Home,False,False,False,False,False,False,False,False,False,False,False,False,33.8027920380556,-117.4659261431046,3841.6,3841.6,1049.4,396.9,True,1,1,False,False,False,False,,True,False,False,Course Lock,196.8,67,16.4,93,N,S,3.35,11.4,Calm,False,False,Android,7.0.2,M300 RTK,1ZN7L4R0H1D00F,1W9DL31001461C,1ZMLH8300204F0,1Z6PH74DAP0QN7,"Corona, CA",728.3,5.7,137.7,8.547347,2.013246,0,0,DJI Matrice 300 RTK,M300 RTK,1ZN7L4R0H1D00F,1W9DL31001461C,1ZMLH8300204F0,1Z6PH74DAP0QN7,DJI Pilot,Android,7.0.2,1EF72A62-B7C3-C88D-164E-CE6F8C8424AE,1ZN7L4R0H1D00F,1W9DL31001461C,,1ZMLH8300204F0,1W9DL31001461C,,,,,
2023-11-01,11:33:25.74 AM,9m 3.4s,543.4,33.7962437233194,-117.4758518285256,33.1,137.7,16.7,1297,4646.8,6.729435,7.569323,-6.487126,2.23694,1.789552,2.013246,0.223694,0.894776,-1.8,-0.7,1.9,164.1,164.1,164.1,Tripod,Other,,18,5,True,,True,False,,Smart,RC,False,True,False,,,True,,False,False,False,False,False,False,False,False,False,False,0,Follow Yaw,-77.9,0,156,156,False,False,False,False,False,,0,0,False,False,No Card,100,100,1024,1396,801,1024,2,False,False,False,False,False,0,False,False,False,False,71,,46.524,,7131,,10044,,46.524,,True,3.878,3.878,3.878,3.878,3.878,3.878,3.878,3.878,3.878,3.878,3.878,3.878,0,,False,False,True,,,,,,,,,,,,,,,False,False,19.33,,102.5,,75.7,,102.5,,1339,114,3,22,7,143866.0,19182.13,,Idle,,20,,10,,,20,Go Home,False,False,False,False,False,False,False,False,False,False,False,False,33.8027920380556,-117.4659261431046,3842.0,3842.0,1049.4,396.9,True,1,1,False,False,False,False,,True,False,False,Course Lock,196.8,67,16.4,93,N,S,3.35,11.4,Calm,False,False,Android,7.0.2,M300 RTK,1ZN7L4R0H1D00F,1W9DL31001461C,1ZMLH8300204F0,1Z6PH74DAP0QN7,"Corona, CA",728.3,5.7,137.7,8.547347,2.013246,0,0,DJI Matrice 300 RTK,M300 RTK,1ZN7L4R0H1D00F,1W9DL31001461C,1ZMLH8300204F0,1Z6PH74DAP0QN7,DJI Pilot,Android,7.0.2,1EF72A62-B7C3-C88D-164E-CE6F8C8424AE,1ZN7L4R0H1D00F,1W9DL31001461C,,1ZMLH8300204F0,1W9DL31001461C,,,,,
2023-11-01,11:33:25.84 AM,9m 3.5s,543.5,33.7962409596175,-117.4758509337675,33.1,137.7,16.7,1297,4647.8,6.729435,7.569323,-6.487126,2.23694,1.789552,2.013246,0.223694,0.894776,-1.8,-0.8,1.9,163.8,163.8,164.9,Tripod,Other,,18,5,True,,True,False,,Smart,RC,False,True,False,,,True,,False,False,False,False,False,False,False,False,False,False,0,Follow Yaw,-77.9,0,156,156,False,False,False,False,False,,0,0,False,False,No Card,100,100,1024,1397,801,1024,2,False,False,False,False,False,0,False,False,False,False,71,,46.524,,7131,,10044,,46.524,,True,3.878,3.878,3.878,3.878,3.878,3.878,3.878,3.878,3.878,3.878,3.878,3.878,0,,False,False,True,,,,,,,,,,,,,,,False,False,19.33,,102.5,,75.7,,102.5,,1339,114,3,22,7,143866.0,19182.13,,Idle,,20,,10,,,20,Go Home,False,False,False,False,False,False,False,False,False,False,False,False,33.8027920380556,-117.4659261431046,3842.4,3842.4,1049.4,396.9,True,1,1,False,False,False,False,,True,False,False,Course Lock,196.8,67,16.4,93,N,S,3.35,11.4,Calm,False,False,Android,7.0.2,M300 RTK,1ZN7L4R0H1D00F,1W9DL31001461C,1ZMLH8300204F0,1Z6PH74DAP0QN7,"Corona, CA",728.3,5.7,137.7,8.547347,2.013246,0,0,DJI Matrice 300 RTK,M300 RTK,1ZN7L4R0H1D00F,1W9DL31001461C,1ZMLH8300204F0,1Z6PH74DAP0QN7,DJI Pilot,Android,7.0.2,1EF72A62-B7C3-C88D-164E-CE6F8C8424AE,1ZN7L4R0H1D00F,1W9DL31001461C,,1ZMLH8300204F0,1W9DL31001461C,,,,,
2023-11-01,11:33:25.94 AM,9m 3.6s,543.6,33.7962382778117,-117.4758500114657,33.1,137.7,16.7,1297,4648.8,6.729435,7.569323,-6.487126,2.23694,1.789552,2.013246,0.223694,0.894776,-2.1,-1.2,2.4,163.5,163.5,164.0,Tripod,Other,,18,5,True,,True,False,,Smart,RC,False,True,False,,,True,,False,False,False,False,False,False,False,False,False,False,0,Follow Yaw,-77.9,0,156,156,False,False,False,False,False,,0,0,False,False,No Card,100,100,1024,1397,800,1024,2,False,False,False,False,False,0,False,False,False,False,71,,46.524,,7131,,10044,,46.524,,True,3.878,3.878,3.878,3.878,3.878,3.878,3.878,3.878,3.878,3.878,3.878,3.878,0,,False,False,True,,,,,,,,,,,,,,,False,False,19.33,,102.5,,75.7,,102.5,,1339,114,3,22,7,143866.0,19182.13,,Idle,,20,,10,,,20,Go Home,False,False,False,False,False,False,False,False,False,False,False,False,33.8027920380556,-117.4659261431046,3842.8,3842.8,1049.4,396.9,True,1,1,False,False,False,False,,True,False,False,Course Lock,196.8,67,16.4,93,N,S,3.35,11.4,Calm,False,False,Android,7.0.2,M300 RTK,1ZN7L4R0H1D00F,1W9DL31001461C,1ZMLH8300204F0,1Z6PH74DAP0QN7,"Corona, CA",728.3,5.7,137.7,8.547347,2.013246,0,0,DJI Matrice 300 RTK,M300 RTK,1ZN7L4R0H1D00F,1W9DL31001461C,1ZMLH8300204F0,1Z6PH74DAP0QN7,DJI Pilot,Android,7.0.2,1EF72A62-B7C3-C88D-164E-CE6F8C8424AE,1ZN7L4R0H1D00F,1W9DL31001461C,,1ZMLH8300204F0,1W9DL31001461C,,,,,
2023-11-01,11:33:26.04 AM,9m 3.7s,543.7,33.7962358045497,-117.475849204864,33.1,137.7,16.7,1297,4649.8,6.729435,7.569323,-6.487126,2.23694,1.789552,2.013246,0.223694,0.894776,-2.5,-1.7,3,163.3,163.3,164.8,Tripod,Other,,18,5,True,,True,False,,Smart,RC,False,True,False,,,True,,False,False,False,False,False,False,False,False,False,False,0,Follow Yaw,-77.9,0,156,156,False,False,False,False,False,,0,0,False,False,No Card,100,100,1024,1397,800,1024,2,False,False,False,False,False,0,False,False,False,False,71,,46.524,,7131,,10044,,46.524,,True,3.878,3.878,3.878,3.878,3.878,3.878,3.878,3.878,3.878,3.878,3.878,3.878,0,,False,False,True,,,,,,,,,,,,,,,False,False,19.33,,102.5,,75.7,,102.5,,1339,114,3,22,7,143866.0,19182.13,,Idle,,20,,10,,,20,Go Home,False,False,False,False,False,False,False,False,False,False,False,False,33.8027920380556,-117.4659261431046,3843.1,3843.1,1049.4,396.9,True,1,1,False,False,False,False,,True,False,False,Course Lock,196.8,67,16.4,93,N,S,3.35,11.4,Calm,False,False,Android,7.0.2,M300 RTK,1ZN7L4R0H1D00F,1W9DL31001461C,1ZMLH8300204F0,1Z6PH74DAP0QN7,"Corona, CA",728.3,5.7,137.7,8.547347,2.013246,0,0,DJI Matrice 300 RTK,M300 RTK,1ZN7L4R0H1D00F,1W9DL31001461C,1ZMLH8300204F0,1Z6PH74DAP0QN7,DJI Pilot,Android,7.0.2,1EF72A62-B7C3-C88D-164E-CE6F8C8424AE,1ZN7L4R0H1D00F,1W9DL31001461C,,1ZMLH8300204F0,1W9DL31001461C,,,,,
2023-11-01,11:33:26.14 AM,9m 3.8s,543.8,33.796233150431,-117.4758482360512,33.1,137.7,16.7,1297,4650.8,6.729435,7.569323,-6.487126,2.23694,1.789552,2.013246,0.223694,0.894776,-2.8,-1.5,3.1,163.5,163.5,163.1,Tripod,Other,,18,5,True,,True,False,,Smart,RC,False,True,False,,,True,,False,False,False,False,False,False,False,False,False,False,0,Follow Yaw,-77.9,0,156,156,False,False,False,False,False,,0,0,False,False,No Card,100,100,1024,1398,799,1024,2,False,False,False,False,False,0,False,False,False,False,71,,46.524,,7131,,10044,,46.524,,True,3.878,3.878,3.878,3.878,3.878,3.878,3.878,3.878,3.878,3.878,3.878,3.878,0,,False,False,True,,,,,,,,,,,,,,,False,False,19.33,,102.5,,75.7,,102.5,,1339,114,3,22,7,143866.0,19182.13,,Idle,,20,,10,,,20,Go Home,False,False,False,False,False,False,False,False,False,False,False,False,33.8027920380556,-117.4659261431046,3843.5,3843.5,1049.4,396.9,True,1,1,False,False,False,False,,True,False,False,Course Lock,196.8,67,16.4,93,N,S,3.35,11.4,Calm,False,False,Android,7.0.2,M300 RTK,1ZN7L4R0H1D00F,1W9DL31001461C,1ZMLH8300204F0,1Z6PH74DAP0QN7,"Corona, CA",728.3,5.7,137.7,8.547347,2.013246,0,0,DJI Matrice 300 RTK,M300 RTK,1ZN7L4R0H1D00F,1W9DL31001461C,1ZMLH8300204F0,1Z6PH74DAP0QN7,DJI Pilot,Android,7.0.2,1EF72A62-B7C3-C88D-164E-CE6F8C8424AE,1ZN7L4R0H1D00F,1W9DL31001461C,,1ZMLH8300204F0,1W9DL31001461C,,,,,
2023-11-01,11:33:26.24 AM,9m 3.9s,543.9,33.7962302393162,-117.4758471560741,33.1,137.7,16.7,1297,4651.9,6.792345,7.569323,-6.487126,2.23694,2.013246,2.013246,0.447388,0.894776,-2.8,-0.6,2.8,163.9,163.9,162.8,Tripod,Other,,18,5,True,,True,False,,Smart,RC,False,True,False,,,True,,False,False,False,False,False,False,False,False,False,False,0,Follow Yaw,-77.9,0,156,156,False,False,False,False,False,,0,0,False,False,No Card,100,100,1024,1398,799,1024,2,False,False,False,False,False,0,False,False,False,False,71,,46.524,,7131,,10044,,46.524,,True,3.878,3.878,3.878,3.878,3.878,3.878,3.878,3.878,3.878,3.878,3.878,3.878,0,,False,False,True,,,,,,,,,,,,,,,False,False,19.33,,102.5,,75.7,,102.5,,1339,114,3,22,7,143866.0,19182.13,,Idle,,20,,10,,,20,Go Home,False,False,False,False,False,False,False,False,False,False,False,False,33.8027920380556,-117.4659261431046,3843.9,3843.9,1049.4,396.9,True,1,1,False,False,False,False,,True,False,False,Course Lock,196.8,67,16.4,93,N,S,3.35,11.4,Calm,False,False,Android,7.0.2,M300 RTK,1ZN7L4R0H1D00F,1W9DL31001461C,1ZMLH8300204F0,1Z6PH74DAP0QN7,"Corona, CA",728.3,5.7,137.7,8.547347,2.013246,0,0,DJI Matrice 300 RTK,M300 RTK,1ZN7L4R0H1D00F,1W9DL31001461C,1ZMLH8300204F0,1Z6PH74DAP0QN7,DJI Pilot,Android,7.0.2,1EF72A62-B7C3-C88D-164E-CE6F8C8424AE,1ZN7L4R0H1D00F,1W9DL31001461C,,1ZMLH8300204F0,1W9DL31001461C,,,,,
2023-11-01,11:33:26.34 AM,9m 4.0s,544.0,33.7962275595664,-117.4758461282156,32.8,137.7,16.7,1297,4652.9,6.792345,7.569323,-6.487126,2.23694,2.013246,2.013246,0.447388,0.894776,-2.9,0,2.9,164.2,164.2,162.3,Tripod,Other,,18,5,True,,True,False,,Smart,RC,False,True,False,,,True,,False,False,False,False,False,False,False,False,False,False,0,Follow Yaw,-77.9,0,156,156,False,False,False,False,False,,0,0,False,False,No Card,100,100,1024,1398,798,1024,2,False,False,False,False,False,0,False,False,False,False,71,,46.464,,3540,,4986,,46.464,,True,3.878,3.878,3.878,3.878,3.878,3.878,3.878,3.878,3.878,3.878,3.878,3.878,0,,False,False,True,,,,,,,,,,,,,,,False,False,9.394,,102.5,,75.7,,102.5,,1339,114,3,22,7,143866.0,19182.13,,Idle,,20,,10,,,20,Go Home,False,False,False,False,False,False,False,False,False,False,False,False,33.8027920380556,-117.4659261431046,3844.3,3844.3,1049.4,396.9,True,1,1,False,False,False,False,,True,False,False,Course Lock,196.8,67,16.4,93,N,S,3.35,11.4,Calm,False,False,Android,7.0.2,M300 RTK,1ZN7L4R0H1D00F,1W9DL31001461C,1ZMLH8300204F0,1Z6PH74DAP0QN7,"Corona, CA",728.3,5.7,137.7,8.547347,2.013246,0,0,DJI Matrice 300 RTK,M300 RTK,1ZN7L4R0H1D00F,1W9DL31001461C,1ZMLH8300204F0,1Z6PH74DAP0QN7,DJI Pilot,Android,7.0.2,1EF72A62-B7C3-C88D-164E-CE6F8C8424AE,1ZN7L4R0H1D00F,1W9DL31001461C,,1ZMLH8300204F0,1W9DL31001461C,,,,,
2023-11-01,11:33:26.44 AM,9m 4.1s,544.1,33.7962248730319,-117.4758449783071,32.8,137.7,16.7,1297,4654.0,6.792345,7.569323,-6.487126,2.23694,2.013246,2.013246,0.447388,0.894776,-3,0.3,3,164.3,164.3,160.4,Tripod,Other,,18,5,True,,True,False,,Smart,RC,False,True,False,,,True,,False,False,False,False,False,False,False,False,False,False,0,Follow Yaw,-77.9,0,156,156,False,False,False,False,False,,0,0,False,False,No Card,100,100,1024,1398,798,1024,2,False,False,False,False,False,0,False,False,False,False,71,,46.464,,3540,,4986,,46.464,,True,3.878,3.878,3.878,3.878,3.878,3.878,3.878,3.878,3.878,3.878,3.878,3.878,0,,False,False,True,,,,,,,,,,,,,,,False,False,9.394,,102.5,,75.7,,102.5,,1339,114,3,22,7,143866.0,19182.13,,Idle,,20,,10,,,20,Go Home,False,False,False,False,False,False,False,False,False,False,False,False,33.8027920380556,-117.4659261431046,3844.6,3844.6,1049.4,396.9,True,1,1,False,False,False,False,,True,False,False,Course Lock,196.8,67,16.4,93,N,S,3.35,11.4,Calm,False,False,Android,7.0.2,M300 RTK,1ZN7L4R0H1D00F,1W9DL31001461C,1ZMLH8300204F0,1Z6PH74DAP0QN7,"Corona, CA",728.3,5.7,137.7,8.547347,2.013246,0,0,DJI Matrice 300 RTK,M300 RTK,1ZN7L4R0H1D00F,1W9DL31001461C,1ZMLH8300204F0,1Z6PH74DAP0QN7,DJI Pilot,Android,7.0.2,1EF72A62-B7C3-C88D-164E-CE6F8C8424AE,1ZN7L4R0H1D00F,1W9DL31001461C,,1ZMLH8300204F0,1W9DL31001461C,,,,,
2023-11-01,11:33:26.54 AM,9m 4.2s,544.2,33.796222300261,-117.475843997207,32.8,137.7,16.7,1297,4654.9,6.792345,7.569323,-6.487126,2.23694,2.013246,2.013246,0.447388,0.894776,-3,0.5,3,164.5,164.5,162.4,Tripod,Other,,18,5,True,,True,False,,Smart,RC,False,True,False,,,True,,False,False,False,False,False,False,False,False,False,False,0,Follow Yaw,-77.9,0,156,156,False,False,False,False,False,,0,0,False,False,No Card,100,100,1024,1398,796,1024,2,False,False,False,False,False,0,False,False,False,False,71,,46.464,,3540,,4986,,46.464,,True,3.878,3.878,3.878,3.878,3.878,3.878,3.878,3.878,3.878,3.878,3.878,3.878,0,,False,False,True,,,,,,,,,,,,,,,False,False,9.394,,102.5,,75.7,,102.5,,1339,114,3,22,7,143866.0,19182.13,,Idle,,20,,10,,,20,Go Home,False,False,False,False,False,False,False,False,False,False,False,False,33.8027920380556,-117.4659261431046,3845.0,3845.0,1049.4,396.9,True,1,1,False,False,False,False,,True,False,False,Course Lock,196.8,67,16.4,93,N,S,3.35,11.4,Calm,False,False,Android,7.0.2,M300 RTK,1ZN7L4R0H1D00F,1W9DL31001461C,1ZMLH8300204F0,1Z6PH74DAP0QN7,"Corona, CA",728.3,5.7,137.7,8.547347,2.013246,0,0,DJI Matrice 300 RTK,M300 RTK,1ZN7L4R0H1D00F,1W9DL31001461C,1ZMLH8300204F0,1Z6PH74DAP0QN7,DJI Pilot,Android,7.0.2,1EF72A62-B7C3-C88D-164E-CE6F8C8424AE,1ZN7L4R0H1D00F,1W9DL31001461C,,1ZMLH8300204F0,1W9DL31001461C,,,,,
2023-11-01,11:33:26.64 AM,9m 4.3s,544.3,33.7962193656396,-117.4758428503498,32.8,137.7,16.7,1297,4656.1,6.945329,7.569323,-6.71082,2.23694,1.789552,2.013246,0.447388,0.894776,-2.8,0.6,2.8,164.5,164.5,162.0,Tripod,Other,,18,5,True,,True,False,,Smart,RC,False,True,False,,,True,,False,False,False,False,False,False,False,False,False,False,0,Follow Yaw,-77.9,0,156,156,False,False,False,False,False,,0,0,False,False,No Card,100,100,1024,1398,796,1024,2,False,False,False,False,False,0,False,False,False,False,71,,46.464,,3540,,4986,,46.464,,True,3.876,3.876,3.876,3.876,3.876,3.876,3.876,3.876,3.876,3.876,3.876,3.876,0,,False,False,True,,,,,,,,,,,,,,,False,False,9.394,,102.5,,75.7,,102.5,,1338,114,3,22,7,144073.0,19209.74,,Idle,,20,,10,,,20,Go Home,False,False,False,False,False,False,False,False,False,False,False,False,33.8027920380556,-117.4659261431046,3845.4,3845.4,1049.4,396.9,True,1,1,False,False,False,False,,True,False,False,Course Lock,196.8,67,16.4,93,N,S,3.35,11.4,Calm,False,False,Android,7.0.2,M300 RTK,1ZN7L4R0H1D00F,1W9DL31001461C,1ZMLH8300204F0,1Z6PH74DAP0QN7,"Corona, CA",728.3,5.7,137.7,8.547347,2.013246,0,0,DJI Matrice 300 RTK,M300 RTK,1ZN7L4R0H1D00F,1W9DL31001461C,1ZMLH8300204F0,1Z6PH74DAP0QN7,DJI Pilot,Android,7.0.2,1EF72A62-B7C3-C88D-164E-CE6F8C8424AE,1ZN7L4R0H1D00F,1W9DL31001461C,,1ZMLH8300204F0,1W9DL31001461C,,,,,
2023-11-01,11:33:26.71 AM,9m 4.4s,544.4,33.796216606872,-117.475841836593,32.8,137.7,16.7,1297,4657.1,6.945329,7.569323,-6.71082,2.23694,1.789552,2.013246,0.447388,0.894776,-2.5,0.2,2.5,164.3,164.3,163.0,Tripod,Other,,17,5,True,,True,False,,Smart,RC,False,True,False,,,True,,False,False,False,False,False,False,False,False,False,False,0,Follow Yaw,-77.9,0,156,156,False,False,False,False,False,,0,0,False,False,No Card,100,100,1024,1398,791,1024,2,False,False,False,False,False,0,False,False,False,False,71,,46.464,,3540,,4986,,46.464,,True,3.876,3.876,3.876,3.876,3.876,3.876,3.876,3.876,3.876,3.876,3.876,3.876,0,,False,False,True,,,,,,,,,,,,,,,False,False,9.394,,102.5,,75.7,,102.5,,1338,114,3,22,7,144073.0,19209.74,,Idle,,20,,10,,,20,Go Home,False,False,False,False,False,False,False,False,False,False,False,False,33.8027920380556,-117.4659261431046,3845.8,3845.8,1049.4,396.9,True,1,1,False,False,False,False,,True,False,False,Course Lock,196.8,67,16.4,93,N,S,3.35,11.4,Calm,False,False,Android,7.0.2,M300 RTK,1ZN7L4R0H1D00F,1W9DL31001461C,1ZMLH8300204F0,1Z6PH74DAP0QN7,"Corona, CA",728.3,5.7,137.7,8.547347,2.013246,0,0,DJI Matrice 300 RTK,M300 RTK,1ZN7L4R0H1D00F,1W9DL31001461C,1ZMLH8300204F0,1Z6PH74DAP0QN7,DJI Pilot,Android,7.0.2,1EF72A62-B7C3-C88D-164E-CE6F8C8424AE,1ZN7L4R0H1D00F,1W9DL31001461C,,1ZMLH8300204F0,1W9DL31001461C,,,,,
2023-11-01,11:33:26.84 AM,9m 4.5s,544.5,33.7962140632274,-117.4758408398242,32.4,137.7,16.7,1296,4658.1,6.945329,7.569323,-6.71082,2.23694,1.789552,2.013246,0.447388,0.894776,-2,-0.1,2,164.2,164.2,161.9,Tripod,Other,,17,5,True,,True,False,,Smart,RC,False,True,False,,,True,,False,False,False,False,False,False,False,False,False,False,0,Follow Yaw,-77.9,0,156,156,False,False,False,False,False,,0,0,False,False,No Card,100,100,1024,1398,792,1024,2,False,False,False,False,False,0,False,False,False,False,71,,46.464,,3540,,4986,,46.464,,True,3.876,3.876,3.876,3.876,3.876,3.876,3.876,3.876,3.876,3.876,3.876,3.876,0,,False,False,True,,,,,,,,,,,,,,,False,False,9.394,,102.5,,75.7,,102.5,,1338,114,3,22,7,144073.0,19209.74,,Idle,,20,,10,,,20,Go Home,False,False,False,False,False,False,False,False,False,False,False,False,33.8027920380556,-117.4659261431046,3846.1,3846.1,1049.4,396.9,True,1,1,False,False,False,False,,True,False,False,Course Lock,196.8,67,16.4,93,N,S,3.13,11.4,Calm,False,False,Android,7.0.2,M300 RTK,1ZN7L4R0H1D00F,1W9DL31001461C,1ZMLH8300204F0,1Z6PH74DAP0QN7,"Corona, CA",728.3,5.7,137.7,8.547347,2.013246,0,0,DJI Matrice 300 RTK,M300 RTK,1ZN7L4R0H1D00F,1W9DL31001461C,1ZMLH8300204F0,1Z6PH74DAP0QN7,DJI Pilot,Android,7.0.2,1EF72A62-B7C3-C88D-164E-CE6F8C8424AE,1ZN7L4R0H1D00F,1W9DL31001461C,,1ZMLH8300204F0,1W9DL31001461C,,,,,
2023-11-01,11:33:26.94 AM,9m 4.6s,544.6,33.7962113014444,-117.4758398426432,32.4,137.7,16.7,1296,4659.1,6.945329,7.569323,-6.71082,2.23694,1.789552,2.013246,0.447388,0.894776,-1.7,-0.3,1.7,164.2,164.2,163.2,Tripod,Other,,17,5,True,,True,False,,Smart,RC,False,True,False,,,True,,False,False,False,False,False,False,False,False,False,False,0,Follow Yaw,-77.9,0,156,156,False,False,False,False,False,,0,0,False,False,No Card,100,100,1024,1398,793,1024,2,False,False,False,False,False,0,False,False,False,False,71,,46.464,,3540,,4986,,46.464,,True,3.876,3.876,3.876,3.876,3.876,3.876,3.876,3.876,3.876,3.876,3.876,3.876,0,,False,False,True,,,,,,,,,,,,,,,False,False,9.394,,102.5,,75.7,,102.5,,1338,114,3,22,7,144073.0,19209.74,,Idle,,20,,10,,,20,Go Home,False,False,False,False,False,False,False,False,False,False,False,False,33.8027920380556,-117.4659261431046,3846.5,3846.5,1049.4,396.9,True,1,1,False,False,False,False,,True,False,False,Course Lock,196.8,67,16.4,93,N,S,3.13,11.4,Calm,False,False,Android,7.0.2,M300 RTK,1ZN7L4R0H1D00F,1W9DL31001461C,1ZMLH8300204F0,1Z6PH74DAP0QN7,"Corona, CA",728.3,5.7,137.7,8.547347,2.013246,0,0,DJI Matrice 300 RTK,M300 RTK,1ZN7L4R0H1D00F,1W9DL31001461C,1ZMLH8300204F0,1Z6PH74DAP0QN7,DJI Pilot,Android,7.0.2,1EF72A62-B7C3-C88D-164E-CE6F8C8424AE,1ZN7L4R0H1D00F,1W9DL31001461C,,1ZMLH8300204F0,1W9DL31001461C,,,,,
2023-11-01,11:33:27.02 AM,9m 4.7s,544.7,33.7962079876338,-117.4758387301744,32.4,137.7,16.7,1296,4660.4,6.945329,7.569323,-6.71082,2.23694,1.789552,2.013246,0.447388,0.894776,-1.8,-0.4,1.8,164.1,164.1,164.4,Tripod,Other,,17,5,True,,True,False,,Smart,RC,False,True,False,,,True,,False,False,False,False,False,False,False,False,False,False,0,Follow Yaw,-77.9,0,156,156,False,False,False,False,False,,0,0,False,False,No Card,100,100,1024,1398,792,1024,2,False,False,False,False,False,0,False,False,False,False,71,,46.464,,3540,,4986,,46.464,,True,3.876,3.876,3.876,3.876,3.876,3.876,3.876,3.876,3.876,3.876,3.876,3.876,0,,False,False,True,,,,,,,,,,,,,,,False,False,9.394,,102.5,,75.7,,102.5,,1338,114,3,22,7,144073.0,19209.74,,Idle,,20,,10,,,20,Go Home,False,False,False,False,False,False,False,False,False,False,False,False,33.8027920380556,-117.4659261431046,3847.0,3847.0,1049.4,396.9,True,1,1,False,False,False,False,,True,False,False,Course Lock,196.8,67,16.4,93,N,S,3.13,11.4,Calm,False,False,Android,7.0.2,M300 RTK,1ZN7L4R0H1D00F,1W9DL31001461C,1ZMLH8300204F0,1Z6PH74DAP0QN7,"Corona, CA",728.3,5.7,137.7,8.547347,2.013246,0,0,DJI Matrice 300 RTK,M300 RTK,1ZN7L4R0H1D00F,1W9DL31001461C,1ZMLH8300204F0,1Z6PH74DAP0QN7,DJI Pilot,Android,7.0.2,1EF72A62-B7C3-C88D-164E-CE6F8C8424AE,1ZN7L4R0H1D00F,1W9DL31001461C,,1ZMLH8300204F0,1W9DL31001461C,,,,,
2023-11-01,11:33:27.14 AM,9m 4.8s,544.8,33.7962051732866,-117.4758377240045,32.4,137.7,16.7,1296,4661.5,6.945329,7.569323,-6.71082,2.23694,1.789552,2.013246,0.447388,0.894776,-1.9,-0.3,1.9,164.1,164.1,163.4,Tripod,Other,,18,5,True,,True,False,,Smart,RC,False,True,False,,,True,,False,False,False,False,False,False,False,False,False,False,0,Follow Yaw,-77.9,0,156,156,False,False,False,False,False,,0,0,False,False,No Card,100,100,1024,1398,792,1024,2,False,False,False,False,False,0,False,False,False,False,71,,46.464,,3540,,4986,,46.464,,True,3.876,3.876,3.876,3.876,3.876,3.876,3.876,3.876,3.876,3.876,3.876,3.876,0,,False,False,True,,,,,,,,,,,,,,,False,False,9.394,,102.5,,75.7,,102.5,,1338,114,3,22,7,144073.0,19209.74,,Idle,,20,,10,,,20,Go Home,False,False,False,False,False,False,False,False,False,False,False,False,33.8027920380556,-117.4659261431046,3847.4,3847.4,1049.4,396.9,True,1,1,False,False,False,False,,True,False,False,Course Lock,196.8,67,16.4,93,N,S,3.13,11.4,Calm,False,False,Android,7.0.2,M300 RTK,1ZN7L4R0H1D00F,1W9DL31001461C,1ZMLH8300204F0,1Z6PH74DAP0QN7,"Corona, CA",728.3,5.7,137.7,8.547347,2.013246,0,0,DJI Matrice 300 RTK,M300 RTK,1ZN7L4R0H1D00F,1W9DL31001461C,1ZMLH8300204F0,1Z6PH74DAP0QN7,DJI Pilot,Android,7.0.2,1EF72A62-B7C3-C88D-164E-CE6F8C8424AE,1ZN7L4R0H1D00F,1W9DL31001461C,,1ZMLH8300204F0,1W9DL31001461C,,,,,
2023-11-01,11:33:27.22 AM,9m 4.9s,544.9,33.7962027118806,-117.4758368505226,32.1,137.7,16.7,1296,4662.4,6.945329,7.569323,-6.71082,2.23694,1.789552,2.013246,0.447388,0.894776,-2,-0.2,2,164,164,163.5,Tripod,Other,,18,5,True,,True,False,,Smart,RC,False,True,False,,,True,,False,False,False,False,False,False,False,False,False,False,0,Follow Yaw,-77.9,0,156,156,False,False,False,False,False,,0,0,False,False,No Card,100,100,1024,1397,791,1024,2,False,False,False,False,False,0,False,False,False,False,71,,46.464,,3540,,4986,,46.464,,True,3.876,3.876,3.876,3.876,3.876,3.876,3.876,3.876,3.876,3.876,3.876,3.876,0,,False,False,True,,,,,,,,,,,,,,,False,False,9.394,,102.5,,75.7,,102.5,,1338,114,3,22,7,144073.0,19209.74,,Idle,,20,,10,,,20,Go Home,False,False,False,False,False,False,False,False,False,False,False,False,33.8027920380556,-117.4659261431046,3847.7,3847.7,1049.4,396.9,True,1,1,False,False,False,False,,True,False,False,Course Lock,196.8,67,16.4,93,N,S,3.13,11.4,Calm,False,False,Android,7.0.2,M300 RTK,1ZN7L4R0H1D00F,1W9DL31001461C,1ZMLH8300204F0,1Z6PH74DAP0QN7,"Corona, CA",728.3,5.7,137.7,8.547347,2.013246,0,0,DJI Matrice 300 RTK,M300 RTK,1ZN7L4R0H1D00F,1W9DL31001461C,1ZMLH8300204F0,1Z6PH74DAP0QN7,DJI Pilot,Android,7.0.2,1EF72A62-B7C3-C88D-164E-CE6F8C8424AE,1ZN7L4R0H1D00F,1W9DL31001461C,,1ZMLH8300204F0,1W9DL31001461C,,,,,
2023-11-01,11:33:27.34 AM,9m 5.0s,545.0,33.7961999135014,-117.4758358664537,32.1,137.7,16.7,1296,4663.5,6.945329,7.569323,-6.71082,2.23694,1.789552,2.013246,0.447388,0.894776,-2,-0.3,2,164,164,163.7,Tripod,Other,,18,5,True,,True,False,,Smart,RC,False,True,False,,,True,,False,False,False,False,False,False,False,False,False,False,0,Follow Yaw,-77.9,0,156,156,False,False,False,False,False,,0,0,False,False,No Card,100,100,1024,1397,789,1024,2,False,False,False,False,False,0,False,False,False,False,71,,46.512,,7131,,10044,,46.512,,True,3.876,3.876,3.876,3.876,3.876,3.876,3.876,3.876,3.876,3.876,3.876,3.876,0,,False,False,True,,,,,,,,,,,,,,,False,False,18.728,,102.5,,75.7,,102.5,,1338,114,3,22,7,144073.0,19209.74,,Idle,,20,,10,,,20,Go Home,False,False,False,False,False,False,False,False,False,False,False,False,33.8027920380556,-117.4659261431046,3848.1,3848.1,1049.4,396.9,True,1,1,False,False,False,False,,True,False,False,Course Lock,196.8,67,16.4,93,N,S,3.13,11.4,Calm,False,False,Android,7.0.2,M300 RTK,1ZN7L4R0H1D00F,1W9DL31001461C,1ZMLH8300204F0,1Z6PH74DAP0QN7,"Corona, CA",728.3,5.7,137.7,8.547347,2.013246,0,0,DJI Matrice 300 RTK,M300 RTK,1ZN7L4R0H1D00F,1W9DL31001461C,1ZMLH8300204F0,1Z6PH74DAP0QN7,DJI Pilot,Android,7.0.2,1EF72A62-B7C3-C88D-164E-CE6F8C8424AE,1ZN7L4R0H1D00F,1W9DL31001461C,,1ZMLH8300204F0,1W9DL31001461C,,,,,
2023-11-01,11:33:27.42 AM,9m 5.1s,545.1,33.796196899314,-117.4758348663038,32.1,137.7,16.7,1296,4664.6,6.945329,7.569323,-6.71082,2.23694,1.789552,2.013246,0.447388,0.894776,-2,-0.7,2.1,164,164,164.5,Tripod,Other,,18,5,True,,True,False,,Smart,RC,False,True,False,,,True,,False,False,False,False,False,False,False,False,False,False,0,Follow Yaw,-77.9,0,156,156,False,False,False,False,False,,0,0,False,False,No Card,100,100,1024,1396,790,1024,2,False,False,False,False,False,0,False,False,False,False,71,,46.512,,7131,,10044,,46.512,,True,3.876,3.876,3.876,3.876,3.876,3.876,3.876,3.876,3.876,3.876,3.876,3.876,0,,False,False,True,,,,,,,,,,,,,,,False,False,18.728,,102.5,,75.7,,102.5,,1338,114,3,22,7,144073.0,19209.74,,Idle,,20,,10,,,20,Go Home,False,False,False,False,False,False,False,False,False,False,False,False,33.8027920380556,-117.4659261431046,3848.6,3848.6,1049.4,396.9,True,1,1,False,False,False,False,,True,False,False,Course Lock,196.8,67,16.4,93,N,S,3.13,11.4,Calm,False,False,Android,7.0.2,M300 RTK,1ZN7L4R0H1D00F,1W9DL31001461C,1ZMLH8300204F0,1Z6PH74DAP0QN7,"Corona, CA",728.3,5.7,137.7,8.547347,2.013246,0,0,DJI Matrice 300 RTK,M300 RTK,1ZN7L4R0H1D00F,1W9DL31001461C,1ZMLH8300204F0,1Z6PH74DAP0QN7,DJI Pilot,Android,7.0.2,1EF72A62-B7C3-C88D-164E-CE6F8C8424AE,1ZN7L4R0H1D00F,1W9DL31001461C,,1ZMLH8300204F0,1W9DL31001461C,,,,,
2023-11-01,11:33:27.54 AM,9m 5.2s,545.2,33.7961940671484,-117.4758338803382,32.1,137.7,16.7,1296,4665.7,6.945329,7.569323,-6.71082,2.23694,1.789552,2.013246,0.447388,0.894776,-2,-0.9,2.1,164,164,163.8,Tripod,Other,,18,5,True,,True,False,,Smart,RC,False,True,False,,,True,,False,False,False,False,False,False,False,False,False,False,0,Follow Yaw,-77.9,0,156,156,False,False,False,False,False,,0,0,False,False,No Card,100,100,1024,1398,786,1024,2,False,False,False,False,False,0,False,False,False,False,71,,46.512,,7131,,10044,,46.512,,True,3.876,3.876,3.876,3.876,3.876,3.876,3.876,3.876,3.876,3.876,3.876,3.876,0,,False,False,True,,,,,,,,,,,,,,,False,False,18.728,,102.5,,75.7,,102.5,,1338,114,3,22,7,144073.0,19209.74,,Idle,,20,,10,,,20,Go Home,False,False,False,False,False,False,False,False,False,False,False,False,33.8027920380556,-117.4659261431046,3849.0,3849.0,1049.4,396.9,True,1,1,False,False,False,False,,True,False,False,Course Lock,196.8,67,16.4,93,N,S,3.13,11.4,Calm,False,False,Android,7.0.2,M300 RTK,1ZN7L4R0H1D00F,1W9DL31001461C,1ZMLH8300204F0,1Z6PH74DAP0QN7,"Corona, CA",728.3,5.7,137.7,8.547347,2.013246,0,0,DJI Matrice 300 RTK,M300 RTK,1ZN7L4R0H1D00F,1W9DL31001461C,1ZMLH8300204F0,1Z6PH74DAP0QN7,DJI Pilot,Android,7.0.2,1EF72A62-B7C3-C88D-164E-CE6F8C8424AE,1ZN7L4R0H1D00F,1W9DL31001461C,,1ZMLH8300204F0,1W9DL31001461C,,,,,
2023-11-01,11:33:27.63 AM,9m 5.3s,545.3,33.7961912441661,-117.4758328682307,32.1,137.7,16.7,1296,4666.8,6.945329,7.569323,-6.71082,2.23694,1.789552,2.013246,0.447388,0.894776,-2,-0.8,2.1,164.1,164.1,163.4,Tripod,Other,,18,5,True,,True,False,,Smart,RC,False,True,False,,,True,,False,False,False,False,False,False,False,False,False,False,0,Follow Yaw,-77.9,0,156,156,False,False,False,False,False,,0,0,False,False,No Card,100,100,1024,1398,786,1024,2,False,False,False,False,False,0,False,False,False,False,71,,46.512,,7131,,10044,,46.512,,True,3.876,3.876,3.876,3.876,3.876,3.876,3.876,3.876,3.876,3.876,3.876,3.876,0,,False,False,True,,,,,,,,,,,,,,,False,False,18.728,,102.5,,75.7,,102.5,,1338,115,3,22,7,144073.2,19209.75,,Idle,,20,,10,,,20,Go Home,False,False,False,False,False,False,False,False,False,False,False,False,33.8027920380556,-117.4659261431046,3849.4,3849.4,1049.4,396.9,True,1,1,False,False,False,False,,True,False,False,Course Lock,196.8,67,16.4,93,N,S,3.13,11.4,Calm,False,False,Android,7.0.2,M300 RTK,1ZN7L4R0H1D00F,1W9DL31001461C,1ZMLH8300204F0,1Z6PH74DAP0QN7,"Corona, CA",728.3,5.7,137.7,8.547347,2.013246,0,0,DJI Matrice 300 RTK,M300 RTK,1ZN7L4R0H1D00F,1W9DL31001461C,1ZMLH8300204F0,1Z6PH74DAP0QN7,DJI Pilot,Android,7.0.2,1EF72A62-B7C3-C88D-164E-CE6F8C8424AE,1ZN7L4R0H1D00F,1W9DL31001461C,,1ZMLH8300204F0,1W9DL31001461C,,,,,
2023-11-01,11:33:27.73 AM,9m 5.4s,545.4,33.7961883984311,-117.4758318698951,31.8,137.7,17.0,1296,4667.8,7.161702,7.569323,-6.934514,2.23694,1.789552,2.013246,0.447388,0.894776,-1.8,-0.5,1.8,164.2,164.2,163.7,Tripod,Other,,18,5,True,,True,False,,Smart,RC,False,True,False,,,True,,False,False,False,False,False,False,False,False,False,False,0,Follow Yaw,-77.9,0,156,156,False,False,False,False,False,,0,0,False,False,No Card,100,100,1024,1395,786,1024,2,False,False,False,False,False,0,False,False,False,False,71,,46.512,,7131,,10044,,46.512,,True,3.876,3.876,3.876,3.876,3.876,3.876,3.876,3.876,3.876,3.876,3.876,3.876,0,,False,False,True,,,,,,,,,,,,,,,False,False,18.728,,102.5,,75.7,,102.5,,1338,115,3,22,7,144073.2,19209.75,,Idle,,20,,10,,,20,Go Home,False,False,False,False,False,False,False,False,False,False,False,False,33.8027920380556,-117.4659261431046,3849.8,3849.8,1049.4,396.9,True,1,1,False,False,False,False,,True,False,False,Course Lock,196.8,67,16.4,93,N,S,3.13,11.4,Calm,False,False,Android,7.0.2,M300 RTK,1ZN7L4R0H1D00F,1W9DL31001461C,1ZMLH8300204F0,1Z6PH74DAP0QN7,"Corona, CA",728.3,5.7,137.7,8.547347,2.013246,0,0,DJI Matrice 300 RTK,M300 RTK,1ZN7L4R0H1D00F,1W9DL31001461C,1ZMLH8300204F0,1Z6PH74DAP0QN7,DJI Pilot,Android,7.0.2,1EF72A62-B7C3-C88D-164E-CE6F8C8424AE,1ZN7L4R0H1D00F,1W9DL31001461C,,1ZMLH8300204F0,1W9DL31001461C,,,,,
2023-11-01,11:33:27.84 AM,9m 5.5s,545.5,33.7961856114968,-117.4758309841258,31.8,137.7,17.0,1296,4668.9,7.161702,7.569323,-6.934514,2.23694,1.789552,2.013246,0.447388,0.894776,-1.6,-0.4,1.6,164.2,164.2,165.2,Tripod,Other,,18,5,True,,True,False,,Smart,RC,False,True,False,,,True,,False,False,False,False,False,False,False,False,False,False,0,Follow Yaw,-77.9,0,156,156,False,False,False,False,False,,0,0,False,False,No Card,100,100,1024,1397,783,1024,2,False,False,False,False,False,0,False,False,False,False,71,,46.512,,7131,,10044,,46.512,,True,3.876,3.876,3.876,3.876,3.876,3.876,3.876,3.876,3.876,3.876,3.876,3.876,0,,False,False,True,,,,,,,,,,,,,,,False,False,18.728,,102.5,,75.7,,102.5,,1338,115,3,22,7,144073.2,19209.75,,Idle,,20,,10,,,20,Go Home,False,False,False,False,False,False,False,False,False,False,False,False,33.8027920380556,-117.4659261431046,3850.3,3850.3,1049.4,396.9,True,1,1,False,False,False,False,,True,False,False,Course Lock,196.8,67,16.4,93,N,S,3.13,11.4,Calm,False,False,Android,7.0.2,M300 RTK,1ZN7L4R0H1D00F,1W9DL31001461C,1ZMLH8300204F0,1Z6PH74DAP0QN7,"Corona, CA",728.3,5.7,137.7,8.547347,2.013246,0,0,DJI Matrice 300 RTK,M300 RTK,1ZN7L4R0H1D00F,1W9DL31001461C,1ZMLH8300204F0,1Z6PH74DAP0QN7,DJI Pilot,Android,7.0.2,1EF72A62-B7C3-C88D-164E-CE6F8C8424AE,1ZN7L4R0H1D00F,1W9DL31001461C,,1ZMLH8300204F0,1W9DL31001461C,,,,,
2023-11-01,11:33:27.95 AM,9m 5.6s,545.6,33.796182760005,-117.4758300026958,31.8,137.7,17.0,1296,4670.0,7.161702,7.569323,-6.934514,2.23694,1.789552,2.013246,0.447388,0.894776,-1.5,-0.4,1.5,164.2,164.2,164.0,Tripod,Other,,19,5,True,,True,False,,Smart,RC,False,True,False,,,True,,False,False,False,False,False,False,False,False,False,False,0,Follow Yaw,-77.9,0,156,156,False,False,False,False,False,,0,0,False,False,No Card,100,100,1024,1396,785,1024,2,False,False,False,False,False,0,False,False,False,False,71,,46.512,,7131,,10044,,46.512,,True,3.876,3.876,3.876,3.876,3.876,3.876,3.876,3.876,3.876,3.876,3.876,3.876,0,,False,False,True,,,,,,,,,,,,,,,False,False,18.728,,102.5,,75.7,,102.5,,1338,115,3,22,7,144073.2,19209.75,,Idle,,20,,10,,,20,Go Home,False,False,False,False,False,False,False,False,False,False,False,False,33.8027920380556,-117.4659261431046,3850.7,3850.7,1049.4,396.9,True,1,1,False,False,False,False,,True,False,False,Course Lock,196.8,67,16.4,93,N,S,3.13,11.4,Calm,False,False,Android,7.0.2,M300 RTK,1ZN7L4R0H1D00F,1W9DL31001461C,1ZMLH8300204F0,1Z6PH74DAP0QN7,"Corona, CA",728.3,5.7,137.7,8.547347,2.013246,0,0,DJI Matrice 300 RTK,M300 RTK,1ZN7L4R0H1D00F,1W9DL31001461C,1ZMLH8300204F0,1Z6PH74DAP0QN7,DJI Pilot,Android,7.0.2,1EF72A62-B7C3-C88D-164E-CE6F8C8424AE,1ZN7L4R0H1D00F,1W9DL31001461C,,1ZMLH8300204F0,1W9DL31001461C,,,,,
2023-11-01,11:33:28.06 AM,9m 5.7s,545.7,33.7961799858863,-117.4758289759094,31.8,137.7,17.0,1296,4671.0,7.161702,7.569323,-6.934514,2.23694,1.789552,2.013246,0.447388,0.894776,-1.7,-0.8,1.8,164.1,164.1,162.9,Tripod,Other,,19,5,True,,True,False,,Smart,RC,False,True,False,,,True,,False,False,False,False,False,False,False,False,False,False,0,Follow Yaw,-77.9,0,156,156,False,False,False,False,False,,0,0,False,False,No Card,100,100,1024,1395,785,1024,2,False,False,False,False,False,0,False,False,False,False,71,,46.524,,3540,,4986,,46.524,,True,3.876,3.876,3.876,3.876,3.876,3.876,3.876,3.876,3.876,3.876,3.876,3.876,0,,False,False,True,,,,,,,,,,,,,,,False,False,9.408,,102.5,,75.7,,102.5,,1338,115,3,22,7,144073.2,19209.75,,Idle,,20,,10,,,20,Go Home,False,False,False,False,False,False,False,False,False,False,False,False,33.8027920380556,-117.4659261431046,3851.1,3851.1,1049.4,396.9,True,1,1,False,False,False,False,,True,False,False,Course Lock,196.8,67,16.4,93,N,S,3.13,11.4,Calm,False,False,Android,7.0.2,M300 RTK,1ZN7L4R0H1D00F,1W9DL31001461C,1ZMLH8300204F0,1Z6PH74DAP0QN7,"Corona, CA",728.3,5.7,137.7,8.547347,2.013246,0,0,DJI Matrice 300 RTK,M300 RTK,1ZN7L4R0H1D00F,1W9DL31001461C,1ZMLH8300204F0,1Z6PH74DAP0QN7,DJI Pilot,Android,7.0.2,1EF72A62-B7C3-C88D-164E-CE6F8C8424AE,1ZN7L4R0H1D00F,1W9DL31001461C,,1ZMLH8300204F0,1W9DL31001461C,,,,,
2023-11-01,11:33:28.16 AM,9m 5.8s,545.8,33.7961771373414,-117.4758279956338,31.4,137.7,17.0,1295,4672.1,7.161702,7.569323,-6.934514,2.23694,1.789552,2.013246,0.447388,0.894776,-1.7,-1.1,2,164,164,164.0,Tripod,Other,,19,5,True,,True,False,,Smart,RC,False,True,False,,,True,,False,False,False,False,False,False,False,False,False,False,0,Follow Yaw,-77.9,0,156,156,False,False,False,False,False,,0,0,False,False,No Card,100,100,1024,1395,784,1024,2,False,False,False,False,False,0,False,False,False,False,71,,46.524,,3540,,4986,,46.524,,True,3.876,3.876,3.876,3.876,3.876,3.876,3.876,3.876,3.876,3.876,3.876,3.876,0,,False,False,True,,,,,,,,,,,,,,,False,False,9.408,,102.5,,75.7,,102.5,,1338,115,3,22,7,144073.2,19209.75,,Idle,,20,,10,,,20,Go Home,False,False,False,False,False,False,False,False,False,False,False,False,33.8027920380556,-117.4659261431046,3851.5,3851.5,1049.4,396.9,True,1,1,False,False,False,False,,True,False,False,Course Lock,196.8,67,16.4,93,N,S,3.13,11.4,Calm,False,False,Android,7.0.2,M300 RTK,1ZN7L4R0H1D00F,1W9DL31001461C,1ZMLH8300204F0,1Z6PH74DAP0QN7,"Corona, CA",728.3,5.7,137.7,8.547347,2.013246,0,0,DJI Matrice 300 RTK,M300 RTK,1ZN7L4R0H1D00F,1W9DL31001461C,1ZMLH8300204F0,1Z6PH74DAP0QN7,DJI Pilot,Android,7.0.2,1EF72A62-B7C3-C88D-164E-CE6F8C8424AE,1ZN7L4R0H1D00F,1W9DL31001461C,,1ZMLH8300204F0,1W9DL31001461C,,,,,
2023-11-01,11:33:28.27 AM,9m 5.9s,545.9,33.7961743907041,-117.475827147964,31.4,137.7,17.0,1295,4673.2,7.161702,7.569323,-6.934514,2.23694,1.789552,2.013246,0.447388,0.894776,-1.7,-1.1,2,164,164,165.6,Tripod,Other,,19,5,True,,True,False,,Smart,RC,False,True,False,,,True,,False,False,False,False,False,False,False,False,False,False,0,Follow Yaw,-77.9,0,156,156,False,False,False,False,False,,0,0,False,False,No Card,100,100,1024,1395,784,1024,2,False,False,False,False,False,0,False,False,False,False,71,,46.524,,3540,,4986,,46.524,,True,3.876,3.876,3.876,3.876,3.876,3.876,3.876,3.876,3.876,3.876,3.876,3.876,0,,False,False,True,,,,,,,,,,,,,,,False,False,9.408,,102.5,,75.7,,102.5,,1338,115,3,22,7,144073.2,19209.75,,Idle,,20,,10,,,20,Go Home,False,False,False,False,False,False,False,False,False,False,False,False,33.8027920380556,-117.4659261431046,3851.9,3851.9,1049.4,396.9,True,1,1,False,False,False,False,,True,False,False,Course Lock,196.8,67,16.4,93,N,S,3.13,11.4,Calm,False,False,Android,7.0.2,M300 RTK,1ZN7L4R0H1D00F,1W9DL31001461C,1ZMLH8300204F0,1Z6PH74DAP0QN7,"Corona, CA",728.3,5.7,137.7,8.547347,2.013246,0,0,DJI Matrice 300 RTK,M300 RTK,1ZN7L4R0H1D00F,1W9DL31001461C,1ZMLH8300204F0,1Z6PH74DAP0QN7,DJI Pilot,Android,7.0.2,1EF72A62-B7C3-C88D-164E-CE6F8C8424AE,1ZN7L4R0H1D00F,1W9DL31001461C,,1ZMLH8300204F0,1W9DL31001461C,,,,,
2023-11-01,11:33:28.37 AM,9m 6.0s,546.0,33.796171549218,-117.4758261653794,31.4,137.7,17.0,1295,4674.2,7.161702,7.569323,-6.934514,2.23694,1.789552,2.013246,0.447388,0.894776,-1.7,-0.9,1.9,164.1,164.1,163.9,Tripod,Other,,21,5,True,,True,False,,Smart,RC,False,True,False,,,True,,False,False,False,False,False,False,False,False,False,False,0,Follow Yaw,-77.9,0,156,156,False,False,False,False,False,,0,0,False,False,No Card,100,100,1024,1396,784,1024,2,False,False,False,False,False,0,False,False,False,False,71,,46.548,,7131,,10044,,46.548,,True,3.876,3.876,3.876,3.876,3.876,3.876,3.876,3.876,3.876,3.876,3.876,3.876,0,,False,False,True,,,,,,,,,,,,,,,False,False,18.826,,102.5,,75.7,,102.5,,1338,115,3,22,7,144073.2,19209.75,,Idle,,20,,10,,,20,Go Home,False,False,False,False,False,False,False,False,False,False,False,False,33.8027920380556,-117.4659261431046,3852.3,3852.3,1049.4,396.9,True,1,1,False,False,False,False,,True,False,False,Course Lock,196.8,67,16.4,93,N,S,3.13,11.4,Calm,False,False,Android,7.0.2,M300 RTK,1ZN7L4R0H1D00F,1W9DL31001461C,1ZMLH8300204F0,1Z6PH74DAP0QN7,"Corona, CA",728.3,5.7,137.7,8.547347,2.013246,0,0,DJI Matrice 300 RTK,M300 RTK,1ZN7L4R0H1D00F,1W9DL31001461C,1ZMLH8300204F0,1Z6PH74DAP0QN7,DJI Pilot,Android,7.0.2,1EF72A62-B7C3-C88D-164E-CE6F8C8424AE,1ZN7L4R0H1D00F,1W9DL31001461C,,1ZMLH8300204F0,1W9DL31001461C,,,,,
2023-11-01,11:33:28.47 AM,9m 6.1s,546.1,33.796168837121,-117.4758250879587,31.4,137.7,17.0,1295,4675.3,7.161702,7.569323,-6.934514,2.23694,1.789552,2.013246,0.447388,0.894776,-1.5,-0.7,1.6,164.1,164.1,161.7,Tripod,Other,,21,5,True,,True,False,,Smart,RC,False,True,False,,,True,,False,False,False,False,False,False,False,False,False,False,0,Follow Yaw,-77.9,0,156,156,False,False,False,False,False,,0,0,False,False,No Card,100,100,1024,1395,784,1024,2,False,False,False,False,False,0,False,False,False,False,71,,46.548,,7131,,10044,,46.548,,True,3.876,3.876,3.876,3.876,3.876,3.876,3.876,3.876,3.876,3.876,3.876,3.876,0,,False,False,True,,,,,,,,,,,,,,,False,False,18.826,,102.5,,75.7,,102.5,,1338,115,3,22,7,144073.2,19209.75,,Idle,,20,,10,,,20,Go Home,False,False,False,False,False,False,False,False,False,False,False,False,33.8027920380556,-117.4659261431046,3852.7,3852.7,1049.4,396.9,True,1,1,False,False,False,False,,True,False,False,Course Lock,196.8,67,16.4,93,N,S,3.13,11.4,Calm,False,False,Android,7.0.2,M300 RTK,1ZN7L4R0H1D00F,1W9DL31001461C,1ZMLH8300204F0,1Z6PH74DAP0QN7,"Corona, CA",728.3,5.7,137.7,8.547347,2.013246,0,0,DJI Matrice 300 RTK,M300 RTK,1ZN7L4R0H1D00F,1W9DL31001461C,1ZMLH8300204F0,1Z6PH74DAP0QN7,DJI Pilot,Android,7.0.2,1EF72A62-B7C3-C88D-164E-CE6F8C8424AE,1ZN7L4R0H1D00F,1W9DL31001461C,,1ZMLH8300204F0,1W9DL31001461C,,,,,
2023-11-01,11:33:28.58 AM,9m 6.2s,546.2,33.7961660048183,-117.4758240939113,31.4,137.7,17.0,1295,4676.4,7.161702,7.569323,-6.934514,2.23694,1.789552,2.013246,0.447388,0.894776,-1.3,-0.6,1.4,164.1,164.1,163.7,Tripod,Other,,21,5,True,,True,False,,Smart,RC,False,True,False,,,True,,False,False,False,False,False,False,False,False,False,False,0,Follow Yaw,-77.9,0,156,156,False,False,False,False,False,,0,0,False,False,No Card,100,100,1024,1395,783,1024,2,False,False,False,False,False,0,False,False,False,False,71,,46.548,,7131,,10044,,46.548,,True,3.876,3.876,3.876,3.876,3.876,3.876,3.876,3.876,3.876,3.876,3.876,3.876,0,,False,False,True,,,,,,,,,,,,,,,False,False,18.826,,102.5,,75.7,,102.5,,1338,115,3,22,7,144073.2,19209.75,,Idle,,20,,10,,,20,Go Home,False,False,False,False,False,False,False,False,False,False,False,False,33.8027920380556,-117.4659261431046,3853.1,3853.1,1049.4,396.9,True,1,1,False,False,False,False,,True,False,False,Course Lock,196.8,67,16.4,93,N,S,3.13,11.4,Calm,False,False,Android,7.0.2,M300 RTK,1ZN7L4R0H1D00F,1W9DL31001461C,1ZMLH8300204F0,1Z6PH74DAP0QN7,"Corona, CA",728.3,5.7,137.7,8.547347,2.013246,0,0,DJI Matrice 300 RTK,M300 RTK,1ZN7L4R0H1D00F,1W9DL31001461C,1ZMLH8300204F0,1Z6PH74DAP0QN7,DJI Pilot,Android,7.0.2,1EF72A62-B7C3-C88D-164E-CE6F8C8424AE,1ZN7L4R0H1D00F,1W9DL31001461C,,1ZMLH8300204F0,1W9DL31001461C,,,,,
2023-11-01,11:33:28.64 AM,9m 6.3s,546.3,33.7961631205681,-117.4758231895872,31.1,137.7,17.0,1295,4677.4,7.161702,7.569323,-6.934514,2.23694,1.789552,2.013246,0.447388,0.894776,-1,-0.6,1.1,164,164,165.3,Tripod,Other,,21,5,True,,True,False,,Smart,RC,False,True,False,,,True,,False,False,False,False,False,False,False,False,False,False,0,Follow Yaw,-77.9,0,156,156,False,False,False,False,False,,0,0,False,False,No Card,100,100,1024,1395,782,1024,2,False,False,False,False,False,0,False,False,False,False,71,,46.548,,7131,,10044,,46.548,,True,3.88,3.88,3.88,3.88,3.88,3.88,3.88,3.88,3.88,3.88,3.88,3.88,0,,False,False,True,,,,,,,,,,,,,,,False,False,18.826,,102.5,,75.7,,102.5,,1338,115,3,22,7,143831.2,19177.49,,Idle,,20,,10,,,20,Go Home,False,False,False,False,False,False,False,False,False,False,False,False,33.8027920380556,-117.4659261431046,3853.6,3853.6,1049.4,396.9,True,1,1,False,False,False,False,,True,False,False,Course Lock,196.8,67,16.4,93,N,S,3.35,11.4,Calm,False,False,Android,7.0.2,M300 RTK,1ZN7L4R0H1D00F,1W9DL31001461C,1ZMLH8300204F0,1Z6PH74DAP0QN7,"Corona, CA",728.3,5.7,137.7,8.547347,2.013246,0,0,DJI Matrice 300 RTK,M300 RTK,1ZN7L4R0H1D00F,1W9DL31001461C,1ZMLH8300204F0,1Z6PH74DAP0QN7,DJI Pilot,Android,7.0.2,1EF72A62-B7C3-C88D-164E-CE6F8C8424AE,1ZN7L4R0H1D00F,1W9DL31001461C,,1ZMLH8300204F0,1W9DL31001461C,,,,,
2023-11-01,11:33:28.74 AM,9m 6.4s,546.4,33.7961602903899,-117.4758222087344,31.1,137.7,17.0,1295,4678.5,7.161702,7.569323,-6.934514,2.23694,1.789552,2.013246,0.447388,0.894776,-0.8,-0.7,1,163.9,163.9,163.9,Tripod,Other,,21,5,True,,True,False,,Smart,RC,False,True,False,,,True,,False,False,False,False,False,False,False,False,False,False,0,Follow Yaw,-77.9,0,156,156,False,False,False,False,False,,0,0,False,False,No Card,100,100,1024,1394,781,1024,2,False,False,False,False,False,0,False,False,False,False,71,,46.548,,7131,,10044,,46.548,,True,3.88,3.88,3.88,3.88,3.88,3.88,3.88,3.88,3.88,3.88,3.88,3.88,0,,False,False,True,,,,,,,,,,,,,,,False,False,18.826,,102.5,,75.7,,102.5,,1338,115,3,22,7,143831.2,19177.49,,Idle,,20,,10,,,20,Go Home,False,False,False,False,False,False,False,False,False,False,False,False,33.8027920380556,-117.4659261431046,3854.0,3854.0,1049.4,396.9,True,1,1,False,False,False,False,,True,False,False,Course Lock,196.8,67,16.4,93,N,S,3.35,11.4,Calm,False,False,Android,7.0.2,M300 RTK,1ZN7L4R0H1D00F,1W9DL31001461C,1ZMLH8300204F0,1Z6PH74DAP0QN7,"Corona, CA",728.3,5.7,137.7,8.547347,2.013246,0,0,DJI Matrice 300 RTK,M300 RTK,1ZN7L4R0H1D00F,1W9DL31001461C,1ZMLH8300204F0,1Z6PH74DAP0QN7,DJI Pilot,Android,7.0.2,1EF72A62-B7C3-C88D-164E-CE6F8C8424AE,1ZN7L4R0H1D00F,1W9DL31001461C,,1ZMLH8300204F0,1W9DL31001461C,,,,,
2023-11-01,11:33:28.84 AM,9m 6.5s,546.5,33.796157639972,-117.4758210985746,31.1,137.7,17.0,1295,4679.5,7.161702,7.569323,-6.934514,2.23694,1.789552,2.013246,0.447388,0.894776,-0.8,-0.9,1.2,163.9,163.9,160.8,Tripod,Other,,21,5,True,,True,False,,Smart,RC,False,True,False,,,True,,False,False,False,False,False,False,False,False,False,False,0,Follow Yaw,-77.9,0,156,156,False,False,False,False,False,,0,0,False,False,No Card,100,100,1024,1394,781,1024,2,False,False,False,False,False,0,False,False,False,False,71,,46.548,,7131,,10044,,46.548,,True,3.88,3.88,3.88,3.88,3.88,3.88,3.88,3.88,3.88,3.88,3.88,3.88,0,,False,False,True,,,,,,,,,,,,,,,False,False,18.826,,102.5,,75.7,,102.5,,1338,115,3,22,7,143831.2,19177.49,,Idle,,20,,10,,,20,Go Home,False,False,False,False,False,False,False,False,False,False,False,False,33.8027920380556,-117.4659261431046,3854.3,3854.3,1049.4,396.9,True,1,1,False,False,False,False,,True,False,False,Course Lock,196.8,67,16.4,93,N,S,3.35,11.4,Calm,False,False,Android,7.0.2,M300 RTK,1ZN7L4R0H1D00F,1W9DL31001461C,1ZMLH8300204F0,1Z6PH74DAP0QN7,"Corona, CA",728.3,5.7,137.7,8.547347,2.013246,0,0,DJI Matrice 300 RTK,M300 RTK,1ZN7L4R0H1D00F,1W9DL31001461C,1ZMLH8300204F0,1Z6PH74DAP0QN7,DJI Pilot,Android,7.0.2,1EF72A62-B7C3-C88D-164E-CE6F8C8424AE,1ZN7L4R0H1D00F,1W9DL31001461C,,1ZMLH8300204F0,1W9DL31001461C,,,,,
2023-11-01,11:33:28.94 AM,9m 6.6s,546.6,33.7961548464586,-117.4758201051045,31.1,137.7,17.0,1295,4680.6,7.161702,7.569323,-6.934514,2.23694,1.789552,2.013246,0.447388,0.894776,-0.7,-0.9,1.1,163.9,163.9,163.5,Tripod,Other,,21,5,True,,True,False,,Smart,RC,False,True,False,,,True,,False,False,False,False,False,False,False,False,False,False,0,Follow Yaw,-77.9,0,156,156,False,False,False,False,False,,0,0,False,False,No Card,100,100,1024,1393,781,1024,2,False,False,False,False,False,0,False,False,False,False,71,,46.548,,7131,,10044,,46.548,,True,3.88,3.88,3.88,3.88,3.88,3.88,3.88,3.88,3.88,3.88,3.88,3.88,0,,False,False,True,,,,,,,,,,,,,,,False,False,18.826,,102.5,,75.7,,102.5,,1338,115,3,22,7,143831.2,19177.49,,Idle,,20,,10,,,20,Go Home,False,False,False,False,False,False,False,False,False,False,False,False,33.8027920380556,-117.4659261431046,3854.7,3854.7,1049.4,396.9,True,1,1,False,False,False,False,,True,False,False,Course Lock,196.8,67,16.4,93,N,S,3.35,11.4,Calm,False,False,Android,7.0.2,M300 RTK,1ZN7L4R0H1D00F,1W9DL31001461C,1ZMLH8300204F0,1Z6PH74DAP0QN7,"Corona, CA",728.3,5.7,137.7,8.547347,2.013246,0,0,DJI Matrice 300 RTK,M300 RTK,1ZN7L4R0H1D00F,1W9DL31001461C,1ZMLH8300204F0,1Z6PH74DAP0QN7,DJI Pilot,Android,7.0.2,1EF72A62-B7C3-C88D-164E-CE6F8C8424AE,1ZN7L4R0H1D00F,1W9DL31001461C,,1ZMLH8300204F0,1W9DL31001461C,,,,,
2023-11-01,11:33:29.04 AM,9m 6.7s,546.7,33.7961517604493,-117.4758190183652,30.8,137.7,17.0,1295,4681.8,6.945329,7.569323,-6.71082,2.23694,1.789552,2.013246,0.447388,0.894776,-0.9,-0.9,1.2,163.8,163.8,163.6,Tripod,Other,,21,5,True,,True,False,,Smart,RC,False,True,False,,,True,,False,False,False,False,False,False,False,False,False,False,0,Follow Yaw,-77.9,0,156,156,False,False,False,False,False,,0,0,False,False,No Card,100,100,1024,1393,782,1024,2,False,False,False,False,False,0,False,False,False,False,71,,46.548,,7131,,10044,,46.548,,True,3.88,3.88,3.88,3.88,3.88,3.88,3.88,3.88,3.88,3.88,3.88,3.88,0,,False,False,True,,,,,,,,,,,,,,,False,False,18.826,,102.5,,75.7,,102.5,,1338,115,3,22,7,143831.2,19177.49,,Idle,,20,,10,,,20,Go Home,False,False,False,False,False,False,False,False,False,False,False,False,33.8027920380556,-117.4659261431046,3855.2,3855.2,1049.4,396.9,True,1,1,False,False,False,False,,True,False,False,Course Lock,196.8,67,16.4,93,N,S,3.35,11.4,Calm,False,False,Android,7.0.2,M300 RTK,1ZN7L4R0H1D00F,1W9DL31001461C,1ZMLH8300204F0,1Z6PH74DAP0QN7,"Corona, CA",728.3,5.7,137.7,8.547347,2.013246,0,0,DJI Matrice 300 RTK,M300 RTK,1ZN7L4R0H1D00F,1W9DL31001461C,1ZMLH8300204F0,1Z6PH74DAP0QN7,DJI Pilot,Android,7.0.2,1EF72A62-B7C3-C88D-164E-CE6F8C8424AE,1ZN7L4R0H1D00F,1W9DL31001461C,,1ZMLH8300204F0,1W9DL31001461C,,,,,
2023-11-01,11:33:29.14 AM,9m 6.8s,546.8,33.7961489711164,-117.4758180186276,30.8,137.7,17.0,1295,4682.8,6.945329,7.569323,-6.71082,2.23694,1.789552,2.013246,0.447388,0.894776,-1.2,-0.9,1.5,163.9,163.9,163.4,Tripod,Other,,20,5,True,,True,False,,Smart,RC,False,True,False,,,True,,False,False,False,False,False,False,False,False,False,False,0,Follow Yaw,-77.9,0,156,156,False,False,False,False,False,,0,0,False,False,No Card,100,100,1024,1393,782,1024,2,False,False,False,False,False,0,False,False,False,False,71,,46.548,,7131,,10044,,46.548,,True,3.88,3.88,3.88,3.88,3.88,3.88,3.88,3.88,3.88,3.88,3.88,3.88,0,,False,False,True,,,,,,,,,,,,,,,False,False,18.826,,102.5,,75.7,,102.5,,1338,115,3,22,7,143831.2,19177.49,,Idle,,20,,10,,,20,Go Home,False,False,False,False,False,False,False,False,False,False,False,False,33.8027920380556,-117.4659261431046,3855.6,3855.6,1049.4,396.9,True,1,1,False,False,False,False,,True,False,False,Course Lock,196.8,67,16.4,93,N,S,3.35,11.4,Calm,False,False,Android,7.0.2,M300 RTK,1ZN7L4R0H1D00F,1W9DL31001461C,1ZMLH8300204F0,1Z6PH74DAP0QN7,"Corona, CA",728.3,5.7,137.7,8.547347,2.013246,0,0,DJI Matrice 300 RTK,M300 RTK,1ZN7L4R0H1D00F,1W9DL31001461C,1ZMLH8300204F0,1Z6PH74DAP0QN7,DJI Pilot,Android,7.0.2,1EF72A62-B7C3-C88D-164E-CE6F8C8424AE,1ZN7L4R0H1D00F,1W9DL31001461C,,1ZMLH8300204F0,1W9DL31001461C,,,,,
2023-11-01,11:33:29.24 AM,9m 6.9s,546.9,33.7961465500074,-117.4758170818943,30.8,137.7,17.0,1295,4683.8,6.945329,7.569323,-6.71082,2.23694,1.789552,2.013246,0.447388,0.894776,-1.5,-0.9,1.7,164,164,162.1,Tripod,Other,,20,5,True,,True,False,,Smart,RC,False,True,False,,,True,,False,False,False,False,False,False,False,False,False,False,0,Follow Yaw,-77.9,0,156,156,False,False,False,False,False,,0,0,False,False,No Card,100,100,1024,1393,782,1024,2,False,False,False,False,False,0,False,False,False,False,71,,46.548,,7131,,10044,,46.548,,True,3.88,3.88,3.88,3.88,3.88,3.88,3.88,3.88,3.88,3.88,3.88,3.88,0,,False,False,True,,,,,,,,,,,,,,,False,False,18.826,,102.5,,75.7,,102.5,,1338,115,3,22,7,143831.2,19177.49,,Idle,,20,,10,,,20,Go Home,False,False,False,False,False,False,False,False,False,False,False,False,33.8027920380556,-117.4659261431046,3855.9,3855.9,1049.4,396.9,True,1,1,False,False,False,False,,True,False,False,Course Lock,196.8,67,16.4,93,N,S,3.35,11.4,Calm,False,False,Android,7.0.2,M300 RTK,1ZN7L4R0H1D00F,1W9DL31001461C,1ZMLH8300204F0,1Z6PH74DAP0QN7,"Corona, CA",728.3,5.7,137.7,8.547347,2.013246,0,0,DJI Matrice 300 RTK,M300 RTK,1ZN7L4R0H1D00F,1W9DL31001461C,1ZMLH8300204F0,1Z6PH74DAP0QN7,DJI Pilot,Android,7.0.2,1EF72A62-B7C3-C88D-164E-CE6F8C8424AE,1ZN7L4R0H1D00F,1W9DL31001461C,,1ZMLH8300204F0,1W9DL31001461C,,,,,
2023-11-01,11:33:29.34 AM,9m 7.0s,547.0,33.7961438154318,-117.4758160831464,30.8,137.7,17.0,1295,4684.8,6.945329,7.569323,-6.71082,2.23694,1.789552,2.013246,0.447388,0.894776,-2,-1,2.2,163.9,163.9,163.1,Tripod,Other,,20,5,True,,True,False,,Smart,RC,False,True,False,,,True,,False,False,False,False,False,False,False,False,False,False,0,Follow Yaw,-77.9,0,156,156,False,False,False,False,False,,0,0,False,False,No Card,100,100,1024,1393,781,1024,2,False,False,False,False,False,0,False,False,False,False,71,,46.572,,7131,,10044,,46.572,,True,3.88,3.88,3.88,3.88,3.88,3.88,3.88,3.88,3.88,3.88,3.88,3.88,0,,False,False,True,,,,,,,,,,,,,,,False,False,19.25,,102.7,,75.7,,102.7,,1338,115,3,22,7,143831.2,19177.49,,Idle,,20,,10,,,20,Go Home,False,False,False,False,False,False,False,False,False,False,False,False,33.8027920380556,-117.4659261431046,3856.3,3856.3,1049.4,396.9,True,1,1,False,False,False,False,,True,False,False,Course Lock,196.8,67,16.4,93,N,S,3.35,11.4,Calm,False,False,Android,7.0.2,M300 RTK,1ZN7L4R0H1D00F,1W9DL31001461C,1ZMLH8300204F0,1Z6PH74DAP0QN7,"Corona, CA",728.3,5.7,137.7,8.547347,2.013246,0,0,DJI Matrice 300 RTK,M300 RTK,1ZN7L4R0H1D00F,1W9DL31001461C,1ZMLH8300204F0,1Z6PH74DAP0QN7,DJI Pilot,Android,7.0.2,1EF72A62-B7C3-C88D-164E-CE6F8C8424AE,1ZN7L4R0H1D00F,1W9DL31001461C,,1ZMLH8300204F0,1W9DL31001461C,,,,,
2023-11-01,11:33:29.44 AM,9m 7.1s,547.1,33.7961408288629,-117.4758148165482,30.5,137.7,17.0,1294,4686.0,6.945329,7.569323,-6.71082,2.23694,1.789552,2.013246,0.447388,0.894776,-2.4,-0.7,2.5,163.9,163.9,160.5,Tripod,Other,,20,5,True,,True,False,,Smart,RC,False,True,False,,,True,,False,False,False,False,False,False,False,False,False,False,0,Follow Yaw,-77.9,0,156,156,False,False,False,False,False,,0,0,False,False,No Card,100,100,1024,1393,781,1024,2,False,False,False,False,False,0,False,False,False,False,71,,46.572,,7131,,10044,,46.572,,True,3.88,3.88,3.88,3.88,3.88,3.88,3.88,3.88,3.88,3.88,3.88,3.88,0,,False,False,True,,,,,,,,,,,,,,,False,False,19.25,,102.7,,75.7,,102.7,,1338,115,3,22,7,143831.2,19177.49,,Idle,,20,,10,,,20,Go Home,False,False,False,False,False,False,False,False,False,False,False,False,33.8027920380556,-117.4659261431046,3856.7,3856.7,1049.4,396.9,True,1,1,False,False,False,False,,True,False,False,Course Lock,196.8,67,16.4,93,N,S,3.35,11.4,Calm,False,False,Android,7.0.2,M300 RTK,1ZN7L4R0H1D00F,1W9DL31001461C,1ZMLH8300204F0,1Z6PH74DAP0QN7,"Corona, CA",728.3,5.7,137.7,8.547347,2.013246,0,0,DJI Matrice 300 RTK,M300 RTK,1ZN7L4R0H1D00F,1W9DL31001461C,1ZMLH8300204F0,1Z6PH74DAP0QN7,DJI Pilot,Android,7.0.2,1EF72A62-B7C3-C88D-164E-CE6F8C8424AE,1ZN7L4R0H1D00F,1W9DL31001461C,,1ZMLH8300204F0,1W9DL31001461C,,,,,
2023-11-01,11:33:29.54 AM,9m 7.2s,547.2,33.7961380803752,-117.4758137747529,30.5,137.7,17.0,1294,4687.0,7.006301,7.569323,-6.71082,2.23694,2.013246,2.013246,0.447388,0.894776,-2.3,-0.6,2.3,163.9,163.9,162.5,Tripod,Other,,20,5,True,,True,False,,Smart,RC,False,True,False,,,True,,False,False,False,False,False,False,False,False,False,False,0,Follow Yaw,-77.9,0,156,156,False,False,False,False,False,,0,0,False,False,No Card,100,100,1024,1396,780,1024,2,False,False,False,False,False,0,False,False,False,False,71,,46.572,,7131,,10044,,46.572,,True,3.88,3.88,3.88,3.88,3.88,3.88,3.88,3.88,3.88,3.88,3.88,3.88,0,,False,False,True,,,,,,,,,,,,,,,False,False,19.25,,102.7,,75.7,,102.7,,1338,115,3,22,7,143831.2,19177.49,,Idle,,20,,10,,,20,Go Home,False,False,False,False,False,False,False,False,False,False,False,False,33.8027920380556,-117.4659261431046,3857.1,3857.1,1049.4,396.9,True,1,1,False,False,False,False,,True,False,False,Course Lock,196.8,67,16.4,93,N,S,3.35,11.4,Calm,False,False,Android,7.0.2,M300 RTK,1ZN7L4R0H1D00F,1W9DL31001461C,1ZMLH8300204F0,1Z6PH74DAP0QN7,"Corona, CA",728.3,5.7,137.7,8.547347,2.013246,0,0,DJI Matrice 300 RTK,M300 RTK,1ZN7L4R0H1D00F,1W9DL31001461C,1ZMLH8300204F0,1Z6PH74DAP0QN7,DJI Pilot,Android,7.0.2,1EF72A62-B7C3-C88D-164E-CE6F8C8424AE,1ZN7L4R0H1D00F,1W9DL31001461C,,1ZMLH8300204F0,1W9DL31001461C,,,,,
2023-11-01,11:33:29.64 AM,9m 7.3s,547.3,33.7961352401228,-117.4758127806231,30.5,137.7,17.0,1294,4688.1,7.006301,7.569323,-6.71082,2.23694,2.013246,2.013246,0.447388,0.894776,-2.1,-0.4,2.1,163.9,163.9,163.7,Tripod,Other,,20,5,True,,True,False,,Smart,RC,False,True,False,,,True,,False,False,False,False,False,False,False,False,False,False,0,Follow Yaw,-77.9,0,156,156,False,False,False,False,False,,0,0,False,False,No Card,100,100,1024,1396,778,1024,2,False,False,False,False,False,0,False,False,False,False,71,,46.572,,7131,,10044,,46.572,,True,3.882,3.882,3.882,3.882,3.882,3.882,3.882,3.882,3.882,3.882,3.882,3.882,0,,False,False,True,,,,,,,,,,,,,,,False,False,19.25,,102.7,,75.7,,102.7,,1338,115,3,22,7,143513.3,19135.10,,Idle,,20,,10,,,20,Go Home,False,False,False,False,False,False,False,False,False,False,False,False,33.8027920380556,-117.4659261431046,3857.5,3857.5,1049.4,396.9,True,1,1,False,False,False,False,,True,False,False,Course Lock,196.8,67,16.4,93,N,S,3.35,11.4,Calm,False,False,Android,7.0.2,M300 RTK,1ZN7L4R0H1D00F,1W9DL31001461C,1ZMLH8300204F0,1Z6PH74DAP0QN7,"Corona, CA",728.3,5.7,137.7,8.547347,2.013246,0,0,DJI Matrice 300 RTK,M300 RTK,1ZN7L4R0H1D00F,1W9DL31001461C,1ZMLH8300204F0,1Z6PH74DAP0QN7,DJI Pilot,Android,7.0.2,1EF72A62-B7C3-C88D-164E-CE6F8C8424AE,1ZN7L4R0H1D00F,1W9DL31001461C,,1ZMLH8300204F0,1W9DL31001461C,,,,,
2023-11-01,11:33:29.74 AM,9m 7.4s,547.4,33.7961324834112,-117.475811728602,30.5,137.7,17.0,1294,4689.1,7.006301,7.569323,-6.71082,2.23694,2.013246,2.013246,0.447388,0.894776,-2,-0.3,2,163.9,163.9,162.4,Tripod,Other,,20,5,True,,True,False,,Smart,RC,False,True,False,,,True,,False,False,False,False,False,False,False,False,False,False,0,Follow Yaw,-77.9,0,156,156,False,False,False,False,False,,0,0,False,False,No Card,100,100,1024,1398,770,1024,2,False,False,False,False,False,0,False,False,False,False,71,,46.572,,7131,,10044,,46.572,,True,3.882,3.882,3.882,3.882,3.882,3.882,3.882,3.882,3.882,3.882,3.882,3.882,0,,False,False,True,,,,,,,,,,,,,,,False,False,19.25,,102.7,,75.7,,102.7,,1338,115,3,22,7,143513.3,19135.10,,Idle,,20,,10,,,20,Go Home,False,False,False,False,False,False,False,False,False,False,False,False,33.8027920380556,-117.4659261431046,3857.9,3857.9,1049.4,396.9,True,1,1,False,False,False,False,,True,False,False,Course Lock,196.8,67,16.4,93,N,S,3.35,11.4,Calm,False,False,Android,7.0.2,M300 RTK,1ZN7L4R0H1D00F,1W9DL31001461C,1ZMLH8300204F0,1Z6PH74DAP0QN7,"Corona, CA",728.3,5.7,137.7,8.547347,2.013246,0,0,DJI Matrice 300 RTK,M300 RTK,1ZN7L4R0H1D00F,1W9DL31001461C,1ZMLH8300204F0,1Z6PH74DAP0QN7,DJI Pilot,Android,7.0.2,1EF72A62-B7C3-C88D-164E-CE6F8C8424AE,1ZN7L4R0H1D00F,1W9DL31001461C,,1ZMLH8300204F0,1W9DL31001461C,,,,,
2023-11-01,11:33:29.84 AM,9m 7.5s,547.5,33.7961296160885,-117.4758107353793,30.5,137.7,16.7,1294,4690.2,7.006301,7.569323,-6.71082,2.23694,2.013246,2.013246,0.447388,0.894776,-2.1,-0.1,2.1,164,164,163.9,Tripod,Other,,20,5,True,,True,False,,Smart,RC,False,True,False,,,True,,False,False,False,False,False,False,False,False,False,False,0,Follow Yaw,-77.9,0,156,156,False,False,False,False,False,,0,0,False,False,No Card,100,100,1024,1398,760,1024,2,False,False,False,False,False,0,False,False,False,False,71,,46.572,,7131,,10044,,46.572,,True,3.882,3.882,3.882,3.882,3.882,3.882,3.882,3.882,3.882,3.882,3.882,3.882,0,,False,False,True,,,,,,,,,,,,,,,False,False,19.25,,102.7,,75.7,,102.7,,1338,115,3,22,7,143513.3,19135.10,,Idle,,20,,10,,,20,Go Home,False,False,False,False,False,False,False,False,False,False,False,False,33.8027920380556,-117.4659261431046,3858.3,3858.3,1049.4,396.9,True,1,1,False,False,False,False,,True,False,False,Course Lock,196.8,67,16.4,93,N,S,3.35,11.4,Calm,False,False,Android,7.0.2,M300 RTK,1ZN7L4R0H1D00F,1W9DL31001461C,1ZMLH8300204F0,1Z6PH74DAP0QN7,"Corona, CA",728.3,5.7,137.7,8.547347,2.013246,0,0,DJI Matrice 300 RTK,M300 RTK,1ZN7L4R0H1D00F,1W9DL31001461C,1ZMLH8300204F0,1Z6PH74DAP0QN7,DJI Pilot,Android,7.0.2,1EF72A62-B7C3-C88D-164E-CE6F8C8424AE,1ZN7L4R0H1D00F,1W9DL31001461C,,1ZMLH8300204F0,1W9DL31001461C,,,,,
2023-11-01,11:33:29.94 AM,9m 7.6s,547.6,33.7961268580748,-117.4758096858322,30.1,137.7,16.7,1294,4691.3,7.006301,7.569323,-6.71082,2.23694,2.013246,2.013246,0.447388,0.894776,-2.2,0,2.2,164,164,162.4,Tripod,Other,,20,5,True,,True,False,,Smart,RC,False,True,False,,,True,,False,False,False,False,False,False,False,False,False,False,0,Follow Yaw,-77.9,0,156,156,False,False,False,False,False,,0,0,False,False,No Card,100,100,1024,1399,757,1024,2,False,False,False,False,False,0,False,False,False,False,71,,46.572,,7131,,10044,,46.572,,True,3.882,3.882,3.882,3.882,3.882,3.882,3.882,3.882,3.882,3.882,3.882,3.882,0,,False,False,True,,,,,,,,,,,,,,,False,False,19.25,,102.7,,75.7,,102.7,,1338,115,3,22,7,143513.3,19135.10,,Idle,,20,,10,,,20,Go Home,False,False,False,False,False,False,False,False,False,False,False,False,33.8027920380556,-117.4659261431046,3858.7,3858.7,1049.4,396.9,True,1,1,False,False,False,False,,True,False,False,Course Lock,196.8,67,16.4,93,N,S,3.35,11.4,Calm,False,False,Android,7.0.2,M300 RTK,1ZN7L4R0H1D00F,1W9DL31001461C,1ZMLH8300204F0,1Z6PH74DAP0QN7,"Corona, CA",728.3,5.7,137.7,8.547347,2.013246,0,0,DJI Matrice 300 RTK,M300 RTK,1ZN7L4R0H1D00F,1W9DL31001461C,1ZMLH8300204F0,1Z6PH74DAP0QN7,DJI Pilot,Android,7.0.2,1EF72A62-B7C3-C88D-164E-CE6F8C8424AE,1ZN7L4R0H1D00F,1W9DL31001461C,,1ZMLH8300204F0,1W9DL31001461C,,,,,
2023-11-01,11:33:30.02 AM,9m 7.7s,547.7,33.7961241424826,-117.4758087484391,30.1,137.7,17.0,1294,4692.3,7.006301,7.569323,-6.71082,2.23694,2.013246,2.013246,0.447388,0.894776,-2.2,0,2.2,164,164,163.9,Tripod,Other,,20,5,True,,True,False,,Smart,RC,False,True,False,,,True,,False,False,False,False,False,False,False,False,False,False,0,Follow Yaw,-77.9,0,156,156,False,False,False,False,False,,0,0,False,False,No Card,100,100,1024,1398,755,1024,2,False,False,False,False,False,0,False,False,False,False,71,,46.572,,7131,,10044,,46.572,,True,3.882,3.882,3.882,3.882,3.882,3.882,3.882,3.882,3.882,3.882,3.882,3.882,0,,False,False,True,,,,,,,,,,,,,,,False,False,19.25,,102.7,,75.7,,102.7,,1338,115,3,22,7,143513.3,19135.10,,Idle,,20,,10,,,20,Go Home,False,False,False,False,False,False,False,False,False,False,False,False,33.8027920380556,-117.4659261431046,3859.1,3859.1,1049.4,396.9,True,1,1,False,False,False,False,,True,False,False,Course Lock,196.8,67,16.4,93,N,S,3.35,11.4,Calm,False,False,Android,7.0.2,M300 RTK,1ZN7L4R0H1D00F,1W9DL31001461C,1ZMLH8300204F0,1Z6PH74DAP0QN7,"Corona, CA",728.3,5.7,137.7,8.547347,2.013246,0,0,DJI Matrice 300 RTK,M300 RTK,1ZN7L4R0H1D00F,1W9DL31001461C,1ZMLH8300204F0,1Z6PH74DAP0QN7,DJI Pilot,Android,7.0.2,1EF72A62-B7C3-C88D-164E-CE6F8C8424AE,1ZN7L4R0H1D00F,1W9DL31001461C,,1ZMLH8300204F0,1W9DL31001461C,,,,,
2023-11-01,11:33:30.14 AM,9m 7.8s,547.8,33.7961213893347,-117.4758077143132,30.1,137.7,17.0,1294,4693.4,7.006301,7.569323,-6.71082,2.23694,2.013246,2.013246,0.447388,0.894776,-2.4,-0.1,2.4,164.1,164.1,162.6,Tripod,Other,,20,5,True,,True,False,,Smart,RC,False,True,False,,,True,,False,False,False,False,False,False,False,False,False,False,0,Follow Yaw,-77.9,0,156,156,False,False,False,False,False,,0,0,False,False,No Card,100,100,1024,1398,755,1024,2,False,False,False,False,False,0,False,False,False,False,71,,46.572,,7131,,10044,,46.572,,True,3.882,3.882,3.882,3.882,3.882,3.882,3.882,3.882,3.882,3.882,3.882,3.882,0,,False,False,True,,,,,,,,,,,,,,,False,False,19.25,,102.7,,75.7,,102.7,,1338,115,3,22,7,143513.3,19135.10,,Idle,,20,,10,,,20,Go Home,False,False,False,False,False,False,False,False,False,False,False,False,33.8027920380556,-117.4659261431046,3859.5,3859.5,1049.4,396.9,True,1,1,False,False,False,False,,True,False,False,Course Lock,196.8,67,16.4,93,N,S,3.35,11.4,Calm,False,False,Android,7.0.2,M300 RTK,1ZN7L4R0H1D00F,1W9DL31001461C,1ZMLH8300204F0,1Z6PH74DAP0QN7,"Corona, CA",728.3,5.7,137.7,8.547347,2.013246,0,0,DJI Matrice 300 RTK,M300 RTK,1ZN7L4R0H1D00F,1W9DL31001461C,1ZMLH8300204F0,1Z6PH74DAP0QN7,DJI Pilot,Android,7.0.2,1EF72A62-B7C3-C88D-164E-CE6F8C8424AE,1ZN7L4R0H1D00F,1W9DL31001461C,,1ZMLH8300204F0,1W9DL31001461C,,,,,
2023-11-01,11:33:30.23 AM,9m 7.9s,547.9,33.7961186708642,-117.4758066473657,30.1,137.7,17.0,1294,4694.4,7.006301,7.569323,-6.71082,2.23694,2.013246,2.013246,0.447388,0.894776,-2.5,0,2.5,164.2,164.2,161.9,Tripod,Other,,20,5,True,,True,False,,Smart,RC,False,True,False,,,True,,False,False,False,False,False,False,False,False,False,False,0,Follow Yaw,-77.9,0,156,156,False,False,False,False,False,,0,0,False,False,No Card,100,100,1024,1398,755,1024,2,False,False,False,False,False,0,False,False,False,False,71,,46.572,,7131,,10044,,46.572,,True,3.882,3.882,3.882,3.882,3.882,3.882,3.882,3.882,3.882,3.882,3.882,3.882,0,,False,False,True,,,,,,,,,,,,,,,False,False,19.25,,102.7,,75.7,,102.7,,1338,115,3,22,7,143513.3,19135.10,,Idle,,20,,10,,,20,Go Home,False,False,False,False,False,False,False,False,False,False,False,False,33.8027920380556,-117.4659261431046,3859.9,3859.9,1049.4,396.9,True,1,1,False,False,False,False,,True,False,False,Course Lock,196.8,67,16.4,93,N,S,3.35,11.4,Calm,False,False,Android,7.0.2,M300 RTK,1ZN7L4R0H1D00F,1W9DL31001461C,1ZMLH8300204F0,1Z6PH74DAP0QN7,"Corona, CA",728.3,5.7,137.7,8.547347,2.013246,0,0,DJI Matrice 300 RTK,M300 RTK,1ZN7L4R0H1D00F,1W9DL31001461C,1ZMLH8300204F0,1Z6PH74DAP0QN7,DJI Pilot,Android,7.0.2,1EF72A62-B7C3-C88D-164E-CE6F8C8424AE,1ZN7L4R0H1D00F,1W9DL31001461C,,1ZMLH8300204F0,1W9DL31001461C,,,,,
2023-11-01,11:33:30.33 AM,9m 8.0s,548.0,33.7961159207317,-117.4758056107658,29.8,137.7,17.0,1294,4695.5,7.006301,7.569323,-6.71082,2.23694,2.013246,2.013246,0.447388,0.894776,-2.3,0,2.3,164.2,164.2,162.6,Tripod,Other,,20,5,True,,True,False,,Smart,RC,False,True,False,,,True,,False,False,False,False,False,False,False,False,False,False,0,Follow Yaw,-77.9,0,156,156,False,False,False,False,False,,0,0,False,False,No Card,100,100,1024,1398,759,1024,2,False,False,False,False,False,0,False,False,False,False,71,,46.524,,7131,,10044,,46.524,,True,3.882,3.882,3.882,3.882,3.882,3.882,3.882,3.882,3.882,3.882,3.882,3.882,0,,False,False,True,,,,,,,,,,,,,,,False,False,18.97,,102.7,,75.7,,102.7,,1338,115,3,22,7,143513.3,19135.10,,Idle,,20,,10,,,20,Go Home,False,False,False,False,False,False,False,False,False,False,False,False,33.8027920380556,-117.4659261431046,3860.3,3860.3,1049.4,396.9,True,1,1,False,False,False,False,,True,False,False,Course Lock,196.8,67,16.4,93,N,S,3.35,11.4,Calm,False,False,Android,7.0.2,M300 RTK,1ZN7L4R0H1D00F,1W9DL31001461C,1ZMLH8300204F0,1Z6PH74DAP0QN7,"Corona, CA",728.3,5.7,137.7,8.547347,2.013246,0,0,DJI Matrice 300 RTK,M300 RTK,1ZN7L4R0H1D00F,1W9DL31001461C,1ZMLH8300204F0,1Z6PH74DAP0QN7,DJI Pilot,Android,7.0.2,1EF72A62-B7C3-C88D-164E-CE6F8C8424AE,1ZN7L4R0H1D00F,1W9DL31001461C,,1ZMLH8300204F0,1W9DL31001461C,,,,,
2023-11-01,11:33:30.43 AM,9m 8.1s,548.1,33.7961130129064,-117.4758047200485,29.8,137.7,16.7,1294,4696.6,7.006301,7.569323,-6.71082,2.23694,2.013246,2.013246,0.447388,0.894776,-2.3,0,2.3,164.1,164.1,165.7,Tripod,Other,,20,5,True,,True,False,,Smart,RC,False,True,False,,,True,,False,False,False,False,False,False,False,False,False,False,0,Follow Yaw,-77.9,0,156,156,False,False,False,False,False,,0,0,False,False,No Card,100,100,1024,1399,756,1024,2,False,False,False,False,False,0,False,False,False,False,71,,46.524,,7131,,10044,,46.524,,True,3.882,3.882,3.882,3.882,3.882,3.882,3.882,3.882,3.882,3.882,3.882,3.882,0,,False,False,True,,,,,,,,,,,,,,,False,False,18.97,,102.7,,75.7,,102.7,,1338,115,3,22,7,143513.3,19135.10,,Idle,,20,,10,,,20,Go Home,False,False,False,False,False,False,False,False,False,False,False,False,33.8027920380556,-117.4659261431046,3860.7,3860.7,1049.4,396.9,True,1,1,False,False,False,False,,True,False,False,Course Lock,196.8,67,16.4,93,N,S,3.35,11.4,Calm,False,False,Android,7.0.2,M300 RTK,1ZN7L4R0H1D00F,1W9DL31001461C,1ZMLH8300204F0,1Z6PH74DAP0QN7,"Corona, CA",728.3,5.7,137.7,8.547347,2.013246,0,0,DJI Matrice 300 RTK,M300 RTK,1ZN7L4R0H1D00F,1W9DL31001461C,1ZMLH8300204F0,1Z6PH74DAP0QN7,DJI Pilot,Android,7.0.2,1EF72A62-B7C3-C88D-164E-CE6F8C8424AE,1ZN7L4R0H1D00F,1W9DL31001461C,,1ZMLH8300204F0,1W9DL31001461C,,,,,
2023-11-01,11:33:30.54 AM,9m 8.2s,548.2,33.7961102494102,-117.4758037099203,29.8,137.7,16.7,1294,4697.6,7.006301,7.569323,-6.71082,2.23694,2.013246,2.013246,0.447388,0.894776,-2.6,-0.2,2.6,164.1,164.1,163.1,Tripod,Other,,20,5,True,,True,False,,Smart,RC,False,True,False,,,True,,False,False,False,False,False,False,False,False,False,False,0,Follow Yaw,-77.9,0,156,156,False,False,False,False,False,,0,0,False,False,No Card,100,100,1024,1397,753,1024,2,False,False,False,False,False,0,False,False,False,False,71,,46.524,,7131,,10044,,46.524,,True,3.882,3.882,3.882,3.882,3.882,3.882,3.882,3.882,3.882,3.882,3.882,3.882,0,,False,False,True,,,,,,,,,,,,,,,False,False,18.97,,102.7,,75.7,,102.7,,1338,115,3,22,7,143513.3,19135.10,,Idle,,20,,10,,,20,Go Home,False,False,False,False,False,False,False,False,False,False,False,False,33.8027920380556,-117.4659261431046,3861.1,3861.1,1049.4,396.9,True,1,1,False,False,False,False,,True,False,False,Course Lock,196.8,67,16.4,93,N,S,3.35,11.4,Calm,False,False,Android,7.0.2,M300 RTK,1ZN7L4R0H1D00F,1W9DL31001461C,1ZMLH8300204F0,1Z6PH74DAP0QN7,"Corona, CA",728.3,5.7,137.7,8.547347,2.013246,0,0,DJI Matrice 300 RTK,M300 RTK,1ZN7L4R0H1D00F,1W9DL31001461C,1ZMLH8300204F0,1Z6PH74DAP0QN7,DJI Pilot,Android,7.0.2,1EF72A62-B7C3-C88D-164E-CE6F8C8424AE,1ZN7L4R0H1D00F,1W9DL31001461C,,1ZMLH8300204F0,1W9DL31001461C,,,,,
2023-11-01,11:33:30.64 AM,9m 8.3s,548.3,33.7961076739665,-117.475802635221,29.8,137.7,16.7,1294,4698.6,7.006301,7.569323,-6.71082,2.23694,2.013246,2.013246,0.447388,0.894776,-2.9,-0.2,2.9,164.2,164.2,160.8,Tripod,Other,,20,5,True,,True,False,,Smart,RC,False,True,False,,,True,,False,False,False,False,False,False,False,False,False,False,0,Follow Yaw,-77.9,0,156,156,False,False,False,False,False,,0,0,False,False,No Card,100,100,1024,1398,755,1024,2,False,False,False,False,False,0,False,False,False,False,71,,46.524,,7131,,10044,,46.524,,True,3.877,3.877,3.877,3.877,3.877,3.877,3.877,3.877,3.877,3.877,3.877,3.877,0,,False,False,True,,,,,,,,,,,,,,,False,False,18.97,,102.7,,75.7,,102.7,,1338,115,3,22,7,143272.6,19103.01,,Idle,,20,,10,,,20,Go Home,False,False,False,False,False,False,False,False,False,False,False,False,33.8027920380556,-117.4659261431046,3861.5,3861.5,1049.4,396.9,True,1,1,False,False,False,False,,True,False,False,Course Lock,196.8,67,16.4,93,N,S,3.35,11.4,Calm,False,False,Android,7.0.2,M300 RTK,1ZN7L4R0H1D00F,1W9DL31001461C,1ZMLH8300204F0,1Z6PH74DAP0QN7,"Corona, CA",728.3,5.7,137.7,8.547347,2.013246,0,0,DJI Matrice 300 RTK,M300 RTK,1ZN7L4R0H1D00F,1W9DL31001461C,1ZMLH8300204F0,1Z6PH74DAP0QN7,DJI Pilot,Android,7.0.2,1EF72A62-B7C3-C88D-164E-CE6F8C8424AE,1ZN7L4R0H1D00F,1W9DL31001461C,,1ZMLH8300204F0,1W9DL31001461C,,,,,
2023-11-01,11:33:30.74 AM,9m 8.4s,548.4,33.7961049189682,-117.4758016192376,29.5,137.7,16.7,1293,4699.7,7.006301,7.569323,-6.71082,2.23694,2.013246,2.013246,0.447388,0.894776,-2.8,0,2.8,164.3,164.3,162.9,Tripod,Other,,20,5,True,,True,False,,Smart,RC,False,True,False,,,True,,False,False,False,False,False,False,False,False,False,False,0,Follow Yaw,-77.9,0,156,156,False,False,False,False,False,,0,0,False,False,No Card,100,100,1024,1397,755,1024,2,False,False,False,False,False,0,False,False,False,False,71,,46.524,,7131,,10044,,46.524,,True,3.877,3.877,3.877,3.877,3.877,3.877,3.877,3.877,3.877,3.877,3.877,3.877,0,,False,False,True,,,,,,,,,,,,,,,False,False,18.97,,102.7,,75.7,,102.7,,1338,115,3,22,7,143272.6,19103.01,,Idle,,20,,10,,,20,Go Home,False,False,False,False,False,False,False,False,False,False,False,False,33.8027920380556,-117.4659261431046,3861.8,3861.8,1049.4,396.9,True,1,1,False,False,False,False,,True,False,False,Course Lock,196.8,67,16.4,93,N,S,3.13,11.4,Calm,False,False,Android,7.0.2,M300 RTK,1ZN7L4R0H1D00F,1W9DL31001461C,1ZMLH8300204F0,1Z6PH74DAP0QN7,"Corona, CA",728.3,5.7,137.7,8.547347,2.013246,0,0,DJI Matrice 300 RTK,M300 RTK,1ZN7L4R0H1D00F,1W9DL31001461C,1ZMLH8300204F0,1Z6PH74DAP0QN7,DJI Pilot,Android,7.0.2,1EF72A62-B7C3-C88D-164E-CE6F8C8424AE,1ZN7L4R0H1D00F,1W9DL31001461C,,1ZMLH8300204F0,1W9DL31001461C,,,,,
2023-11-01,11:33:30.84 AM,9m 8.5s,548.5,33.7961021486187,-117.47580053423,29.5,137.7,16.7,1293,4700.7,7.006301,7.569323,-6.71082,2.23694,2.013246,2.013246,0.447388,0.894776,-2.7,0.1,2.7,164.3,164.3,161.9,Tripod,Other,,20,5,True,,True,False,,Smart,RC,False,True,False,,,True,,False,False,False,False,False,False,False,False,False,False,0,Follow Yaw,-77.9,0,156,156,False,False,False,False,False,,0,0,False,False,No Card,100,100,1024,1397,755,1024,2,False,False,False,False,False,0,False,False,False,False,71,,46.524,,7131,,10044,,46.524,,True,3.877,3.877,3.877,3.877,3.877,3.877,3.877,3.877,3.877,3.877,3.877,3.877,0,,False,False,True,,,,,,,,,,,,,,,False,False,18.97,,102.7,,75.7,,102.7,,1338,115,3,22,7,143272.6,19103.01,,Idle,,20,,10,,,20,Go Home,False,False,False,False,False,False,False,False,False,False,False,False,33.8027920380556,-117.4659261431046,3862.2,3862.2,1049.4,396.9,True,1,1,False,False,False,False,,True,False,False,Course Lock,196.8,67,16.4,93,N,S,3.13,11.4,Calm,False,False,Android,7.0.2,M300 RTK,1ZN7L4R0H1D00F,1W9DL31001461C,1ZMLH8300204F0,1Z6PH74DAP0QN7,"Corona, CA",728.3,5.7,137.7,8.547347,2.013246,0,0,DJI Matrice 300 RTK,M300 RTK,1ZN7L4R0H1D00F,1W9DL31001461C,1ZMLH8300204F0,1Z6PH74DAP0QN7,DJI Pilot,Android,7.0.2,1EF72A62-B7C3-C88D-164E-CE6F8C8424AE,1ZN7L4R0H1D00F,1W9DL31001461C,,1ZMLH8300204F0,1W9DL31001461C,,,,,
2023-11-01,11:33:30.94 AM,9m 8.6s,548.6,33.7960993779951,-117.475799523442,29.5,137.7,17.0,1293,4701.8,6.945329,7.569323,-6.71082,2.23694,1.789552,2.013246,0.447388,0.894776,-2.4,0.1,2.4,164.3,164.3,163.1,Tripod,Other,,20,5,True,,True,False,,Smart,RC,False,True,False,,,True,,False,False,False,False,False,False,False,False,False,False,0,Follow Yaw,-77.9,0,156,156,False,False,False,False,False,,0,0,False,False,No Card,100,100,1024,1398,755,1024,2,False,False,False,False,False,0,False,False,False,False,71,,46.524,,7131,,10044,,46.524,,True,3.877,3.877,3.877,3.877,3.877,3.877,3.877,3.877,3.877,3.877,3.877,3.877,0,,False,False,True,,,,,,,,,,,,,,,False,False,18.97,,102.7,,75.7,,102.7,,1338,115,3,22,7,143272.6,19103.01,,Idle,,20,,10,,,20,Go Home,False,False,False,False,False,False,False,False,False,False,False,False,33.8027920380556,-117.4659261431046,3862.6,3862.6,1049.4,396.9,True,1,1,False,False,False,False,,True,False,False,Course Lock,196.8,67,16.4,93,N,S,3.13,11.4,Calm,False,False,Android,7.0.2,M300 RTK,1ZN7L4R0H1D00F,1W9DL31001461C,1ZMLH8300204F0,1Z6PH74DAP0QN7,"Corona, CA",728.3,5.7,137.7,8.547347,2.013246,0,0,DJI Matrice 300 RTK,M300 RTK,1ZN7L4R0H1D00F,1W9DL31001461C,1ZMLH8300204F0,1Z6PH74DAP0QN7,DJI Pilot,Android,7.0.2,1EF72A62-B7C3-C88D-164E-CE6F8C8424AE,1ZN7L4R0H1D00F,1W9DL31001461C,,1ZMLH8300204F0,1W9DL31001461C,,,,,
2023-11-01,11:33:31.04 AM,9m 8.7s,548.7,33.7960964330253,-117.475798436043,29.1,137.7,17.0,1293,4702.9,6.945329,7.569323,-6.71082,2.23694,1.789552,2.013246,0.447388,0.894776,-2.1,0,2.1,164.3,164.3,162.9,Tripod,Other,,20,5,True,,True,False,,Smart,RC,False,True,False,,,True,,False,False,False,False,False,False,False,False,False,False,0,Follow Yaw,-77.9,0,156,156,False,False,False,False,False,,0,0,False,False,No Card,100,100,1024,1396,752,1024,2,False,False,False,False,False,0,False,False,False,False,71,,46.512,,3540,,4986,,46.512,,True,3.877,3.877,3.877,3.877,3.877,3.877,3.877,3.877,3.877,3.877,3.877,3.877,0,,False,False,True,,,,,,,,,,,,,,,False,False,9.418,,102.5,,75.7,,102.7,,1338,115,3,22,7,143272.6,19103.01,,Idle,,20,,10,,,20,Go Home,False,False,False,False,False,False,False,False,False,False,False,False,33.8027920380556,-117.4659261431046,3863.1,3863.1,1049.4,396.9,True,1,1,False,False,False,False,,True,False,False,Course Lock,196.8,67,16.4,93,N,S,3.13,11.4,Calm,False,False,Android,7.0.2,M300 RTK,1ZN7L4R0H1D00F,1W9DL31001461C,1ZMLH8300204F0,1Z6PH74DAP0QN7,"Corona, CA",728.3,5.7,137.7,8.547347,2.013246,0,0,DJI Matrice 300 RTK,M300 RTK,1ZN7L4R0H1D00F,1W9DL31001461C,1ZMLH8300204F0,1Z6PH74DAP0QN7,DJI Pilot,Android,7.0.2,1EF72A62-B7C3-C88D-164E-CE6F8C8424AE,1ZN7L4R0H1D00F,1W9DL31001461C,,1ZMLH8300204F0,1W9DL31001461C,,,,,
2023-11-01,11:33:31.16 AM,9m 8.8s,548.8,33.7960936408825,-117.4757974342438,29.1,137.7,16.7,1293,4704.0,6.945329,7.569323,-6.71082,2.23694,1.789552,2.013246,0.447388,0.894776,-2,-0.2,2,164.3,164.3,163.3,Tripod,Other,,19,5,True,,True,False,,Smart,RC,False,True,False,,,True,,False,False,False,False,False,False,False,False,False,False,0,Follow Yaw,-77.9,0,156,156,False,False,False,False,False,,0,0,False,False,No Card,100,100,1024,1397,752,1024,2,False,False,False,False,False,0,False,False,False,False,71,,46.512,,3540,,4986,,46.512,,True,3.877,3.877,3.877,3.877,3.877,3.877,3.877,3.877,3.877,3.877,3.877,3.877,0,,False,False,True,,,,,,,,,,,,,,,False,False,9.418,,102.5,,75.7,,102.7,,1338,115,3,22,7,143272.6,19103.01,,Idle,,20,,10,,,20,Go Home,False,False,False,False,False,False,False,False,False,False,False,False,33.8027920380556,-117.4659261431046,3863.5,3863.5,1049.4,396.9,True,1,1,False,False,False,False,,True,False,False,Course Lock,196.8,67,16.4,93,N,S,3.13,11.4,Calm,False,False,Android,7.0.2,M300 RTK,1ZN7L4R0H1D00F,1W9DL31001461C,1ZMLH8300204F0,1Z6PH74DAP0QN7,"Corona, CA",728.3,5.7,137.7,8.547347,2.013246,0,0,DJI Matrice 300 RTK,M300 RTK,1ZN7L4R0H1D00F,1W9DL31001461C,1ZMLH8300204F0,1Z6PH74DAP0QN7,DJI Pilot,Android,7.0.2,1EF72A62-B7C3-C88D-164E-CE6F8C8424AE,1ZN7L4R0H1D00F,1W9DL31001461C,,1ZMLH8300204F0,1W9DL31001461C,,,,,
2023-11-01,11:33:31.26 AM,9m 8.9s,548.9,33.7960910639312,-117.4757963669665,29.1,137.7,16.7,1293,4705.0,6.945329,7.569323,-6.71082,2.23694,1.789552,2.013246,0.447388,0.894776,-2.2,-0.3,2.2,164.3,164.3,161.0,Tripod,Other,,19,5,True,,True,False,,Smart,RC,False,True,False,,,True,,False,False,False,False,False,False,False,False,False,False,0,Follow Yaw,-77.9,0,156,156,False,False,False,False,False,,0,0,False,False,No Card,100,100,1024,1396,752,1024,2,False,False,False,False,False,0,False,False,False,False,71,,46.512,,3540,,4986,,46.512,,True,3.877,3.877,3.877,3.877,3.877,3.877,3.877,3.877,3.877,3.877,3.877,3.877,0,,False,False,True,,,,,,,,,,,,,,,False,False,9.418,,102.5,,75.7,,102.7,,1338,115,3,22,7,143272.6,19103.01,,Idle,,20,,10,,,20,Go Home,False,False,False,False,False,False,False,False,False,False,False,False,33.8027920380556,-117.4659261431046,3863.8,3863.8,1049.4,396.9,True,1,1,False,False,False,False,,True,False,False,Course Lock,196.8,67,16.4,93,N,S,3.13,11.4,Calm,False,False,Android,7.0.2,M300 RTK,1ZN7L4R0H1D00F,1W9DL31001461C,1ZMLH8300204F0,1Z6PH74DAP0QN7,"Corona, CA",728.3,5.7,137.7,8.547347,2.013246,0,0,DJI Matrice 300 RTK,M300 RTK,1ZN7L4R0H1D00F,1W9DL31001461C,1ZMLH8300204F0,1Z6PH74DAP0QN7,DJI Pilot,Android,7.0.2,1EF72A62-B7C3-C88D-164E-CE6F8C8424AE,1ZN7L4R0H1D00F,1W9DL31001461C,,1ZMLH8300204F0,1W9DL31001461C,,,,,
2023-11-01,11:33:31.36 AM,9m 9.0s,549.0,33.7960882920054,-117.4757953649198,29.1,137.7,16.7,1293,4706.0,6.945329,7.569323,-6.71082,2.23694,1.789552,2.013246,0.447388,0.894776,-2.5,-0.3,2.5,164.3,164.3,163.2,Tripod,Other,,20,5,True,,True,False,,Smart,RC,False,True,False,,,True,,False,False,False,False,False,False,False,False,False,False,0,Follow Yaw,-77.9,0,156,156,False,False,False,False,False,,0,0,False,False,No Card,100,100,1024,1396,753,1024,2,False,False,False,False,False,0,False,False,False,False,71,,46.548,,7131,,10044,,46.548,,True,3.877,3.877,3.877,3.877,3.877,3.877,3.877,3.877,3.877,3.877,3.877,3.877,0,,False,False,True,,,,,,,,,,,,,,,False,False,18.8,,102.7,,75.7,,102.7,,1338,115,3,22,7,143272.6,19103.01,,Idle,,20,,10,,,20,Go Home,False,False,False,False,False,False,False,False,False,False,False,False,33.8027920380556,-117.4659261431046,3864.2,3864.2,1049.4,396.9,True,1,1,False,False,False,False,,True,False,False,Course Lock,196.8,67,16.4,93,N,S,3.13,11.4,Calm,False,False,Android,7.0.2,M300 RTK,1ZN7L4R0H1D00F,1W9DL31001461C,1ZMLH8300204F0,1Z6PH74DAP0QN7,"Corona, CA",728.3,5.7,137.7,8.547347,2.013246,0,0,DJI Matrice 300 RTK,M300 RTK,1ZN7L4R0H1D00F,1W9DL31001461C,1ZMLH8300204F0,1Z6PH74DAP0QN7,DJI Pilot,Android,7.0.2,1EF72A62-B7C3-C88D-164E-CE6F8C8424AE,1ZN7L4R0H1D00F,1W9DL31001461C,,1ZMLH8300204F0,1W9DL31001461C,,,,,
2023-11-01,11:33:31.46 AM,9m 9.1s,549.1,33.7960856412448,-117.4757945088384,28.8,137.7,16.7,1293,4707.0,6.945329,7.569323,-6.71082,2.23694,1.789552,2.013246,0.447388,0.894776,-2.7,-0.2,2.7,164.3,164.3,164.9,Tripod,Other,,20,5,True,,True,False,,Smart,RC,False,True,False,,,True,,False,False,False,False,False,False,False,False,False,False,0,Follow Yaw,-77.9,0,156,156,False,False,False,False,False,,0,0,False,False,No Card,100,100,1024,1396,753,1024,2,False,False,False,False,False,0,False,False,False,False,71,,46.548,,7131,,10044,,46.548,,True,3.877,3.877,3.877,3.877,3.877,3.877,3.877,3.877,3.877,3.877,3.877,3.877,0,,False,False,True,,,,,,,,,,,,,,,False,False,18.8,,102.7,,75.7,,102.7,,1338,115,3,22,7,143272.6,19103.01,,Idle,,20,,10,,,20,Go Home,False,False,False,False,False,False,False,False,False,False,False,False,33.8027920380556,-117.4659261431046,3864.6,3864.6,1049.4,396.9,True,1,1,False,False,False,False,,True,False,False,Course Lock,196.8,67,16.4,93,N,S,3.13,11.4,Calm,False,False,Android,7.0.2,M300 RTK,1ZN7L4R0H1D00F,1W9DL31001461C,1ZMLH8300204F0,1Z6PH74DAP0QN7,"Corona, CA",728.3,5.7,137.7,8.547347,2.013246,0,0,DJI Matrice 300 RTK,M300 RTK,1ZN7L4R0H1D00F,1W9DL31001461C,1ZMLH8300204F0,1Z6PH74DAP0QN7,DJI Pilot,Android,7.0.2,1EF72A62-B7C3-C88D-164E-CE6F8C8424AE,1ZN7L4R0H1D00F,1W9DL31001461C,,1ZMLH8300204F0,1W9DL31001461C,,,,,
2023-11-01,11:33:31.57 AM,9m 9.2s,549.2,33.7960828704841,-117.4757935255116,28.8,137.7,16.7,1293,4708.1,6.945329,7.569323,-6.71082,2.23694,1.789552,2.013246,0.447388,0.894776,-2.7,-0.1,2.7,164.2,164.2,163.5,Tripod,Other,,20,5,True,,True,False,,Smart,RC,False,True,False,,,True,,False,False,False,False,False,False,False,False,False,False,0,Follow Yaw,-77.9,0,156,156,False,False,False,False,False,,0,0,False,False,No Card,100,100,1024,1396,753,1024,2,False,False,False,False,False,0,False,False,False,False,71,,46.548,,7131,,10044,,46.548,,True,3.877,3.877,3.877,3.877,3.877,3.877,3.877,3.877,3.877,3.877,3.877,3.877,0,,False,False,True,,,,,,,,,,,,,,,False,False,18.8,,102.7,,75.7,,102.7,,1338,115,3,22,7,143272.6,19103.01,,Idle,,20,,10,,,20,Go Home,False,False,False,False,False,False,False,False,False,False,False,False,33.8027920380556,-117.4659261431046,3865.0,3865.0,1049.4,396.9,True,1,1,False,False,False,False,,True,False,False,Course Lock,196.8,67,16.4,93,N,S,3.13,11.4,Calm,False,False,Android,7.0.2,M300 RTK,1ZN7L4R0H1D00F,1W9DL31001461C,1ZMLH8300204F0,1Z6PH74DAP0QN7,"Corona, CA",728.3,5.7,137.7,8.547347,2.013246,0,0,DJI Matrice 300 RTK,M300 RTK,1ZN7L4R0H1D00F,1W9DL31001461C,1ZMLH8300204F0,1Z6PH74DAP0QN7,DJI Pilot,Android,7.0.2,1EF72A62-B7C3-C88D-164E-CE6F8C8424AE,1ZN7L4R0H1D00F,1W9DL31001461C,,1ZMLH8300204F0,1W9DL31001461C,,,,,
2023-11-01,11:33:31.67 AM,9m 9.3s,549.3,33.7960797680956,-117.4757922928072,28.8,137.7,16.7,1293,4709.3,6.945329,7.569323,-6.71082,2.23694,1.789552,2.013246,0.447388,0.894776,-2.7,-0.3,2.7,164.1,164.1,161.7,Tripod,Other,,20,5,True,,True,False,,Smart,RC,False,True,False,,,True,,False,False,False,False,False,False,False,False,False,False,0,Follow Yaw,-77.9,0,156,156,False,False,False,False,False,,0,0,False,False,No Card,100,100,1024,1397,752,1024,2,False,False,False,False,False,0,False,False,False,False,71,,46.548,,7131,,10044,,46.548,,True,3.877,3.877,3.877,3.877,3.877,3.877,3.877,3.877,3.877,3.877,3.877,3.877,0,,False,False,True,,,,,,,,,,,,,,,False,False,18.8,,102.7,,75.7,,102.7,,1339,115,2,22,7,143054.6,19073.95,,Idle,,20,,10,,,20,Go Home,False,False,False,False,False,False,False,False,False,False,False,False,33.8027920380556,-117.4659261431046,3865.5,3865.5,1049.4,396.9,True,1,1,False,False,False,False,,True,False,False,Course Lock,196.8,67,16.4,93,N,S,3.13,11.4,Calm,False,False,Android,7.0.2,M300 RTK,1ZN7L4R0H1D00F,1W9DL31001461C,1ZMLH8300204F0,1Z6PH74DAP0QN7,"Corona, CA",728.3,5.7,137.7,8.547347,2.013246,0,0,DJI Matrice 300 RTK,M300 RTK,1ZN7L4R0H1D00F,1W9DL31001461C,1ZMLH8300204F0,1Z6PH74DAP0QN7,DJI Pilot,Android,7.0.2,1EF72A62-B7C3-C88D-164E-CE6F8C8424AE,1ZN7L4R0H1D00F,1W9DL31001461C,,1ZMLH8300204F0,1W9DL31001461C,,,,,
2023-11-01,11:33:31.78 AM,9m 9.4s,549.4,33.7960769612869,-117.475791295626,28.5,137.7,16.7,1292,4710.3,6.945329,7.569323,-6.71082,2.23694,1.789552,2.013246,0.447388,0.894776,-2.6,-0.4,2.6,164,164,163.5,Tripod,Other,,19,5,True,,True,False,,Smart,RC,False,True,False,,,True,,False,False,False,False,False,False,False,False,False,False,0,Follow Yaw,-77.9,0,156,156,False,False,False,False,False,,0,0,False,False,No Card,100,100,1024,1397,750,1024,2,False,False,False,False,False,0,False,False,False,False,71,,46.548,,7131,,10044,,46.548,,True,3.877,3.877,3.877,3.877,3.877,3.877,3.877,3.877,3.877,3.877,3.877,3.877,0,,False,False,True,,,,,,,,,,,,,,,False,False,18.8,,102.7,,75.7,,102.7,,1339,115,2,22,7,143054.6,19073.95,,Idle,,20,,10,,,20,Go Home,False,False,False,False,False,False,False,False,False,False,False,False,33.8027920380556,-117.4659261431046,3865.9,3865.9,1049.4,396.9,True,1,1,False,False,False,False,,True,False,False,Course Lock,196.8,67,16.4,93,N,S,3.13,11.4,Calm,False,False,Android,7.0.2,M300 RTK,1ZN7L4R0H1D00F,1W9DL31001461C,1ZMLH8300204F0,1Z6PH74DAP0QN7,"Corona, CA",728.3,5.7,137.7,8.547347,2.013246,0,0,DJI Matrice 300 RTK,M300 RTK,1ZN7L4R0H1D00F,1W9DL31001461C,1ZMLH8300204F0,1Z6PH74DAP0QN7,DJI Pilot,Android,7.0.2,1EF72A62-B7C3-C88D-164E-CE6F8C8424AE,1ZN7L4R0H1D00F,1W9DL31001461C,,1ZMLH8300204F0,1W9DL31001461C,,,,,
2023-11-01,11:33:31.84 AM,9m 9.5s,549.5,33.7960742735874,-117.4757904844062,28.5,137.7,16.7,1292,4711.3,6.945329,7.569323,-6.71082,2.23694,1.789552,2.013246,0.447388,0.894776,-2.7,-0.6,2.7,163.9,163.9,165.9,Tripod,Other,,19,5,True,,True,False,,Smart,RC,False,True,False,,,True,,False,False,False,False,False,False,False,False,False,False,0,Follow Yaw,-77.9,0,156,156,False,False,False,False,False,,0,0,False,False,No Card,100,100,1024,1396,750,1024,2,False,False,False,False,False,0,False,False,False,False,71,,46.548,,7131,,10044,,46.548,,True,3.877,3.877,3.877,3.877,3.877,3.877,3.877,3.877,3.877,3.877,3.877,3.877,0,,False,False,True,,,,,,,,,,,,,,,False,False,18.8,,102.7,,75.7,,102.7,,1339,115,2,22,7,143054.6,19073.95,,Idle,,20,,10,,,20,Go Home,False,False,False,False,False,False,False,False,False,False,False,False,33.8027920380556,-117.4659261431046,3866.3,3866.3,1049.4,396.9,True,1,1,False,False,False,False,,True,False,False,Course Lock,196.8,67,16.4,93,N,S,3.13,11.4,Calm,False,False,Android,7.0.2,M300 RTK,1ZN7L4R0H1D00F,1W9DL31001461C,1ZMLH8300204F0,1Z6PH74DAP0QN7,"Corona, CA",728.3,5.7,137.7,8.547347,2.013246,0,0,DJI Matrice 300 RTK,M300 RTK,1ZN7L4R0H1D00F,1W9DL31001461C,1ZMLH8300204F0,1Z6PH74DAP0QN7,DJI Pilot,Android,7.0.2,1EF72A62-B7C3-C88D-164E-CE6F8C8424AE,1ZN7L4R0H1D00F,1W9DL31001461C,,1ZMLH8300204F0,1W9DL31001461C,,,,,
2023-11-01,11:33:31.94 AM,9m 9.6s,549.6,33.7960714701368,-117.475789497286,28.5,137.7,16.7,1292,4712.4,6.945329,7.569323,-6.71082,2.23694,1.789552,2.013246,0.447388,0.894776,-2.6,-0.7,2.6,163.9,163.9,163.6,Tripod,Other,,19,5,True,,True,False,,Smart,RC,False,True,False,,,True,,False,False,False,False,False,False,False,False,False,False,0,Follow Yaw,-77.9,0,156,156,False,False,False,False,False,,0,0,False,False,No Card,100,100,1024,1396,751,1024,2,False,False,False,False,False,0,False,False,False,False,71,,46.548,,7131,,10044,,46.548,,True,3.877,3.877,3.877,3.877,3.877,3.877,3.877,3.877,3.877,3.877,3.877,3.877,0,,False,False,True,,,,,,,,,,,,,,,False,False,18.8,,102.7,,75.7,,102.7,,1339,115,2,22,7,143054.6,19073.95,,Idle,,20,,10,,,20,Go Home,False,False,False,False,False,False,False,False,False,False,False,False,33.8027920380556,-117.4659261431046,3866.7,3866.7,1049.4,396.9,True,1,1,False,False,False,False,,True,False,False,Course Lock,196.8,67,16.4,93,N,S,3.13,11.4,Calm,False,False,Android,7.0.2,M300 RTK,1ZN7L4R0H1D00F,1W9DL31001461C,1ZMLH8300204F0,1Z6PH74DAP0QN7,"Corona, CA",728.3,5.7,137.7,8.547347,2.013246,0,0,DJI Matrice 300 RTK,M300 RTK,1ZN7L4R0H1D00F,1W9DL31001461C,1ZMLH8300204F0,1Z6PH74DAP0QN7,DJI Pilot,Android,7.0.2,1EF72A62-B7C3-C88D-164E-CE6F8C8424AE,1ZN7L4R0H1D00F,1W9DL31001461C,,1ZMLH8300204F0,1W9DL31001461C,,,,,
2023-11-01,11:33:32.04 AM,9m 9.7s,549.7,33.7960686447559,-117.475788461016,28.5,137.7,16.7,1292,4713.5,6.945329,7.569323,-6.71082,2.23694,1.789552,2.013246,0.447388,0.894776,-2.4,-0.7,2.5,164,164,163.0,Tripod,Other,,19,5,True,,True,False,,Smart,RC,False,True,False,,,True,,False,False,False,False,False,False,False,False,False,False,0,Follow Yaw,-77.9,0,156,156,False,False,False,False,False,,0,0,False,False,No Card,100,100,1024,1396,751,1024,2,False,False,False,False,False,0,False,False,False,False,71,,46.548,,7131,,10044,,46.548,,True,3.877,3.877,3.877,3.877,3.877,3.877,3.877,3.877,3.877,3.877,3.877,3.877,0,,False,False,True,,,,,,,,,,,,,,,False,False,18.8,,102.7,,75.7,,102.7,,1339,115,2,22,7,143054.6,19073.95,,Idle,,20,,10,,,20,Go Home,False,False,False,False,False,False,False,False,False,False,False,False,33.8027920380556,-117.4659261431046,3867.1,3867.1,1049.4,396.9,True,1,1,False,False,False,False,,True,False,False,Course Lock,196.8,67,16.4,93,N,S,3.13,11.4,Calm,False,False,Android,7.0.2,M300 RTK,1ZN7L4R0H1D00F,1W9DL31001461C,1ZMLH8300204F0,1Z6PH74DAP0QN7,"Corona, CA",728.3,5.7,137.7,8.547347,2.013246,0,0,DJI Matrice 300 RTK,M300 RTK,1ZN7L4R0H1D00F,1W9DL31001461C,1ZMLH8300204F0,1Z6PH74DAP0QN7,DJI Pilot,Android,7.0.2,1EF72A62-B7C3-C88D-164E-CE6F8C8424AE,1ZN7L4R0H1D00F,1W9DL31001461C,,1ZMLH8300204F0,1W9DL31001461C,,,,,
2023-11-01,11:33:32.14 AM,9m 9.8s,549.8,33.7960658352059,-117.475787462268,28.2,137.7,16.7,1292,4714.6,6.945329,7.569323,-6.71082,2.23694,1.789552,2.013246,0.447388,0.894776,-2.3,-0.5,2.3,164,164,163.5,Tripod,Other,,19,5,True,,True,False,,Smart,RC,False,True,False,,,True,,False,False,False,False,False,False,False,False,False,False,0,Follow Yaw,-77.9,0,156,156,False,False,False,False,False,,0,0,False,False,No Card,100,100,1024,1396,752,1024,2,False,False,False,False,False,0,False,False,False,False,71,,46.548,,7131,,10044,,46.548,,True,3.877,3.877,3.877,3.877,3.877,3.877,3.877,3.877,3.877,3.877,3.877,3.877,0,,False,False,True,,,,,,,,,,,,,,,False,False,18.8,,102.7,,75.7,,102.7,,1339,115,2,22,7,143054.6,19073.95,,Idle,,20,,10,,,20,Go Home,False,False,False,False,False,False,False,False,False,False,False,False,33.8027920380556,-117.4659261431046,3867.6,3867.6,1049.4,396.9,True,1,1,False,False,False,False,,True,False,False,Course Lock,196.8,67,16.4,93,N,S,3.13,11.4,Calm,False,False,Android,7.0.2,M300 RTK,1ZN7L4R0H1D00F,1W9DL31001461C,1ZMLH8300204F0,1Z6PH74DAP0QN7,"Corona, CA",728.3,5.7,137.7,8.547347,2.013246,0,0,DJI Matrice 300 RTK,M300 RTK,1ZN7L4R0H1D00F,1W9DL31001461C,1ZMLH8300204F0,1Z6PH74DAP0QN7,DJI Pilot,Android,7.0.2,1EF72A62-B7C3-C88D-164E-CE6F8C8424AE,1ZN7L4R0H1D00F,1W9DL31001461C,,1ZMLH8300204F0,1W9DL31001461C,,,,,
2023-11-01,11:33:32.24 AM,9m 9.9s,549.9,33.7960630450506,-117.4757867239483,28.2,137.7,16.7,1292,4715.6,6.945329,7.569323,-6.71082,2.23694,1.789552,2.013246,0.447388,0.894776,-2.2,-0.6,2.2,164,164,167.5,Tripod,Other,,19,5,True,,True,False,,Smart,RC,False,True,False,,,True,,False,False,False,False,False,False,False,False,False,False,0,Follow Yaw,-77.9,0,156,156,False,False,False,False,False,,0,0,False,False,No Card,100,100,1024,1394,752,1024,2,False,False,False,False,False,0,False,False,False,False,71,,46.548,,7131,,10044,,46.548,,True,3.877,3.877,3.877,3.877,3.877,3.877,3.877,3.877,3.877,3.877,3.877,3.877,0,,False,False,True,,,,,,,,,,,,,,,False,False,18.8,,102.7,,75.7,,102.7,,1339,115,2,22,7,143054.6,19073.95,,Idle,,20,,10,,,20,Go Home,False,False,False,False,False,False,False,False,False,False,False,False,33.8027920380556,-117.4659261431046,3868.0,3868.0,1049.4,396.9,True,1,1,False,False,False,False,,True,False,False,Course Lock,196.8,67,16.4,93,N,S,3.13,11.4,Calm,False,False,Android,7.0.2,M300 RTK,1ZN7L4R0H1D00F,1W9DL31001461C,1ZMLH8300204F0,1Z6PH74DAP0QN7,"Corona, CA",728.3,5.7,137.7,8.547347,2.013246,0,0,DJI Matrice 300 RTK,M300 RTK,1ZN7L4R0H1D00F,1W9DL31001461C,1ZMLH8300204F0,1Z6PH74DAP0QN7,DJI Pilot,Android,7.0.2,1EF72A62-B7C3-C88D-164E-CE6F8C8424AE,1ZN7L4R0H1D00F,1W9DL31001461C,,1ZMLH8300204F0,1W9DL31001461C,,,,,
2023-11-01,11:33:32.34 AM,9m 10.0s,550.0,33.796060236323,-117.475785746889,28.2,137.7,16.4,1292,4716.7,6.945329,7.569323,-6.71082,2.23694,1.789552,2.013246,0.447388,0.894776,-2.1,-0.7,2.2,164,164,163.8,Tripod,Other,,19,5,True,,True,False,,Smart,RC,False,True,False,,,True,,False,False,False,False,False,False,False,False,False,False,0,Follow Yaw,-77.9,0,156,156,False,False,False,False,False,,0,0,False,False,No Card,100,100,1024,1396,749,1024,2,False,False,False,False,False,0,False,False,False,False,71,,46.524,,3540,,4986,,46.524,,True,3.877,3.877,3.877,3.877,3.877,3.877,3.877,3.877,3.877,3.877,3.877,3.877,0,,False,False,True,,,,,,,,,,,,,,,False,False,9.33,,102.7,,75.7,,102.7,,1339,115,2,22,7,143054.6,19073.95,,Idle,,20,,10,,,20,Go Home,False,False,False,False,False,False,False,False,False,False,False,False,33.8027920380556,-117.4659261431046,3868.4,3868.4,1049.4,396.9,True,1,1,False,False,False,False,,True,False,False,Course Lock,196.8,67,16.4,93,N,S,3.13,11.4,Calm,False,False,Android,7.0.2,M300 RTK,1ZN7L4R0H1D00F,1W9DL31001461C,1ZMLH8300204F0,1Z6PH74DAP0QN7,"Corona, CA",728.3,5.7,137.7,8.547347,2.013246,0,0,DJI Matrice 300 RTK,M300 RTK,1ZN7L4R0H1D00F,1W9DL31001461C,1ZMLH8300204F0,1Z6PH74DAP0QN7,DJI Pilot,Android,7.0.2,1EF72A62-B7C3-C88D-164E-CE6F8C8424AE,1ZN7L4R0H1D00F,1W9DL31001461C,,1ZMLH8300204F0,1W9DL31001461C,,,,,
2023-11-01,11:33:32.44 AM,9m 10.1s,550.1,33.7960574370528,-117.4757848421525,27.8,137.7,16.4,1292,4717.7,6.945329,7.569323,-6.71082,2.23694,1.789552,2.013246,0.447388,0.894776,-2.2,-0.5,2.2,164.1,164.1,164.9,Tripod,Other,,19,5,True,,True,False,,Smart,RC,False,True,False,,,True,,False,False,False,False,False,False,False,False,False,False,0,Follow Yaw,-77.9,0,156,156,False,False,False,False,False,,0,0,False,False,No Card,100,100,1024,1393,750,1024,2,False,False,False,False,False,0,False,False,False,False,71,,46.524,,3540,,4986,,46.524,,True,3.877,3.877,3.877,3.877,3.877,3.877,3.877,3.877,3.877,3.877,3.877,3.877,0,,False,False,True,,,,,,,,,,,,,,,False,False,9.33,,102.7,,75.7,,102.7,,1339,115,2,22,7,143054.6,19073.95,,Idle,,20,,10,,,20,Go Home,False,False,False,False,False,False,False,False,False,False,False,False,33.8027920380556,-117.4659261431046,3868.9,3868.9,1049.4,396.9,True,1,1,False,False,False,False,,True,False,False,Course Lock,196.8,67,16.4,93,N,S,3.13,11.4,Calm,False,False,Android,7.0.2,M300 RTK,1ZN7L4R0H1D00F,1W9DL31001461C,1ZMLH8300204F0,1Z6PH74DAP0QN7,"Corona, CA",728.3,5.7,137.7,8.547347,2.013246,0,0,DJI Matrice 300 RTK,M300 RTK,1ZN7L4R0H1D00F,1W9DL31001461C,1ZMLH8300204F0,1Z6PH74DAP0QN7,DJI Pilot,Android,7.0.2,1EF72A62-B7C3-C88D-164E-CE6F8C8424AE,1ZN7L4R0H1D00F,1W9DL31001461C,,1ZMLH8300204F0,1W9DL31001461C,,,,,
2023-11-01,11:33:32.54 AM,9m 10.2s,550.2,33.7960546248301,-117.4757838758137,27.8,137.7,16.4,1292,4718.8,6.945329,7.569323,-6.71082,2.23694,1.789552,2.013246,0.447388,0.894776,-2.1,-0.3,2.1,164.2,164.2,164.0,Tripod,Other,,19,5,True,,True,False,,Smart,RC,False,True,False,,,True,,False,False,False,False,False,False,False,False,False,False,0,Follow Yaw,-77.9,0,156,156,False,False,False,False,False,,0,0,False,False,No Card,100,100,1024,1394,749,1024,2,False,False,False,False,False,0,False,False,False,False,71,,46.524,,3540,,4986,,46.524,,True,3.877,3.877,3.877,3.877,3.877,3.877,3.877,3.877,3.877,3.877,3.877,3.877,0,,False,False,True,,,,,,,,,,,,,,,False,False,9.33,,102.7,,75.7,,102.7,,1339,115,2,22,7,143054.6,19073.95,,Idle,,20,,10,,,20,Go Home,False,False,False,False,False,False,False,False,False,False,False,False,33.8027920380556,-117.4659261431046,3869.3,3869.3,1049.4,396.9,True,1,1,False,False,False,False,,True,False,False,Course Lock,196.8,67,16.4,93,N,S,3.13,11.4,Calm,False,False,Android,7.0.2,M300 RTK,1ZN7L4R0H1D00F,1W9DL31001461C,1ZMLH8300204F0,1Z6PH74DAP0QN7,"Corona, CA",728.3,5.7,137.7,8.547347,2.013246,0,0,DJI Matrice 300 RTK,M300 RTK,1ZN7L4R0H1D00F,1W9DL31001461C,1ZMLH8300204F0,1Z6PH74DAP0QN7,DJI Pilot,Android,7.0.2,1EF72A62-B7C3-C88D-164E-CE6F8C8424AE,1ZN7L4R0H1D00F,1W9DL31001461C,,1ZMLH8300204F0,1W9DL31001461C,,,,,
2023-11-01,11:33:32.64 AM,9m 10.3s,550.3,33.7960518270677,-117.4757828349256,27.8,137.7,16.4,1292,4719.9,6.945329,7.569323,-6.71082,2.23694,1.789552,2.013246,0.447388,0.894776,-2,-0.3,2,164.1,164.1,162.8,Tripod,Other,,19,5,True,,True,False,,Smart,RC,False,True,False,,,True,,False,False,False,False,False,False,False,False,False,False,0,Follow Yaw,-77.9,0,156,156,False,False,False,False,False,,0,0,False,False,No Card,100,100,1024,1395,714,1024,2,False,False,False,False,False,0,False,False,False,False,71,,46.524,,3540,,4986,,46.524,,True,3.881,3.881,3.881,3.881,3.881,3.881,3.881,3.881,3.881,3.881,3.881,3.881,0,,False,False,True,,,,,,,,,,,,,,,False,False,9.33,,102.7,,75.7,,102.7,,1339,115,2,22,7,142754.3,19033.90,,Idle,,20,,10,,,20,Go Home,False,False,False,False,False,False,False,False,False,False,False,False,33.8027920380556,-117.4659261431046,3869.7,3869.7,1049.4,396.9,True,1,1,False,False,False,False,,True,False,False,Course Lock,196.8,67,16.4,93,N,S,3.13,11.4,Calm,False,False,Android,7.0.2,M300 RTK,1ZN7L4R0H1D00F,1W9DL31001461C,1ZMLH8300204F0,1Z6PH74DAP0QN7,"Corona, CA",728.3,5.7,137.7,8.547347,2.013246,0,0,DJI Matrice 300 RTK,M300 RTK,1ZN7L4R0H1D00F,1W9DL31001461C,1ZMLH8300204F0,1Z6PH74DAP0QN7,DJI Pilot,Android,7.0.2,1EF72A62-B7C3-C88D-164E-CE6F8C8424AE,1ZN7L4R0H1D00F,1W9DL31001461C,,1ZMLH8300204F0,1W9DL31001461C,,,,,
2023-11-01,11:33:32.74 AM,9m 10.4s,550.4,33.7960490151191,-117.4757818822762,27.8,137.7,16.4,1292,4720.9,6.945329,7.569323,-6.71082,2.23694,1.789552,2.013246,0.447388,0.894776,-2,-0.6,2,164.1,164.1,164.2,Tripod,Other,,19,5,True,,True,False,,Smart,RC,False,True,False,,,True,,False,False,False,False,False,False,False,False,False,False,0,Follow Yaw,-77.9,0,156,156,False,False,False,False,False,,0,0,False,False,No Card,100,100,1024,1393,682,1024,2,False,False,False,False,False,0,False,False,False,False,71,,46.524,,3540,,4986,,46.524,,True,3.881,3.881,3.881,3.881,3.881,3.881,3.881,3.881,3.881,3.881,3.881,3.881,0,,False,False,True,,,,,,,,,,,,,,,False,False,9.33,,102.7,,75.7,,102.7,,1339,115,2,22,7,142754.3,19033.90,,Idle,,20,,10,,,20,Go Home,False,False,False,False,False,False,False,False,False,False,False,False,33.8027920380556,-117.4659261431046,3870.1,3870.1,1049.4,396.9,True,1,1,False,False,False,False,,True,False,False,Course Lock,196.8,67,16.4,93,N,S,3.13,11.4,Calm,False,False,Android,7.0.2,M300 RTK,1ZN7L4R0H1D00F,1W9DL31001461C,1ZMLH8300204F0,1Z6PH74DAP0QN7,"Corona, CA",728.3,5.7,137.7,8.547347,2.013246,0,0,DJI Matrice 300 RTK,M300 RTK,1ZN7L4R0H1D00F,1W9DL31001461C,1ZMLH8300204F0,1Z6PH74DAP0QN7,DJI Pilot,Android,7.0.2,1EF72A62-B7C3-C88D-164E-CE6F8C8424AE,1ZN7L4R0H1D00F,1W9DL31001461C,,1ZMLH8300204F0,1W9DL31001461C,,,,,
2023-11-01,11:33:32.84 AM,9m 10.5s,550.5,33.7960462186588,-117.4757808700863,27.5,137.7,16.4,1291,4722.0,6.945329,7.569323,-6.71082,2.23694,1.789552,2.013246,0.447388,0.894776,-1.9,-0.8,2,164.1,164.1,163.2,Tripod,Other,,19,5,True,,True,False,,Smart,RC,False,True,False,,,True,,False,False,False,False,False,False,False,False,False,False,0,Follow Yaw,-77.9,0,156,156,False,False,False,False,False,,0,0,False,False,No Card,100,100,1024,1393,683,1024,2,False,False,False,False,False,0,False,False,False,False,71,,46.524,,3540,,4986,,46.524,,True,3.881,3.881,3.881,3.881,3.881,3.881,3.881,3.881,3.881,3.881,3.881,3.881,0,,False,False,True,,,,,,,,,,,,,,,False,False,9.33,,102.7,,75.7,,102.7,,1339,115,2,22,7,142754.3,19033.90,,Idle,,20,,10,,,20,Go Home,False,False,False,False,False,False,False,False,False,False,False,False,33.8027920380556,-117.4659261431046,3870.6,3870.6,1049.4,396.9,True,1,1,False,False,False,False,,True,False,False,Course Lock,196.8,67,16.4,93,N,S,3.13,11.4,Calm,False,False,Android,7.0.2,M300 RTK,1ZN7L4R0H1D00F,1W9DL31001461C,1ZMLH8300204F0,1Z6PH74DAP0QN7,"Corona, CA",728.3,5.7,137.7,8.547347,2.013246,0,0,DJI Matrice 300 RTK,M300 RTK,1ZN7L4R0H1D00F,1W9DL31001461C,1ZMLH8300204F0,1Z6PH74DAP0QN7,DJI Pilot,Android,7.0.2,1EF72A62-B7C3-C88D-164E-CE6F8C8424AE,1ZN7L4R0H1D00F,1W9DL31001461C,,1ZMLH8300204F0,1W9DL31001461C,,,,,
2023-11-01,11:33:32.94 AM,9m 10.6s,550.6,33.7960434149341,-117.4757799215603,27.5,137.7,16.4,1291,4723.0,6.945329,7.569323,-6.71082,2.23694,1.789552,2.013246,0.447388,0.894776,-2,-0.9,2.1,164.2,164.2,164.2,Tripod,Other,,19,5,True,,True,False,,Smart,RC,False,True,False,,,True,,False,False,False,False,False,False,False,False,False,False,0,Follow Yaw,-77.9,0,156,156,False,False,False,False,False,,0,0,False,False,No Card,100,100,1024,1393,695,1024,2,False,False,False,False,False,0,False,False,False,False,71,,46.524,,3540,,4986,,46.524,,True,3.881,3.881,3.881,3.881,3.881,3.881,3.881,3.881,3.881,3.881,3.881,3.881,0,,False,False,True,,,,,,,,,,,,,,,False,False,9.33,,102.7,,75.7,,102.7,,1339,115,2,22,7,142754.3,19033.90,,Idle,,20,,10,,,20,Go Home,False,False,False,False,False,False,False,False,False,False,False,False,33.8027920380556,-117.4659261431046,3871.0,3871.0,1049.4,396.9,True,1,1,False,False,False,False,,True,False,False,Course Lock,196.8,67,16.4,93,N,S,3.13,11.4,Calm,False,False,Android,7.0.2,M300 RTK,1ZN7L4R0H1D00F,1W9DL31001461C,1ZMLH8300204F0,1Z6PH74DAP0QN7,"Corona, CA",728.3,5.7,137.7,8.547347,2.013246,0,0,DJI Matrice 300 RTK,M300 RTK,1ZN7L4R0H1D00F,1W9DL31001461C,1ZMLH8300204F0,1Z6PH74DAP0QN7,DJI Pilot,Android,7.0.2,1EF72A62-B7C3-C88D-164E-CE6F8C8424AE,1ZN7L4R0H1D00F,1W9DL31001461C,,1ZMLH8300204F0,1W9DL31001461C,,,,,
2023-11-01,11:33:33.02 AM,9m 10.7s,550.7,33.7960404817518,-117.4757792148251,27.5,137.7,16.4,1291,4724.1,6.945329,7.569323,-6.71082,2.23694,1.789552,2.013246,0.671082,0.894776,-2.1,-1.1,2.3,164.2,164.2,168.6,Tripod,Other,,19,5,True,,True,False,,Smart,RC,False,True,False,,,True,,False,False,False,False,False,False,False,False,False,False,0,Follow Yaw,-77.9,0,156,156,False,False,False,False,False,,0,0,False,False,No Card,100,100,1024,1391,697,1024,2,False,False,False,False,False,0,False,False,False,False,71,,46.524,,3540,,4986,,46.524,,True,3.881,3.881,3.881,3.881,3.881,3.881,3.881,3.881,3.881,3.881,3.881,3.881,0,,False,False,True,,,,,,,,,,,,,,,False,False,9.33,,102.7,,75.7,,102.7,,1339,115,2,22,7,142754.3,19033.90,,Idle,,20,,10,,,20,Go Home,False,False,False,False,False,False,False,False,False,False,False,False,33.8027920380556,-117.4659261431046,3871.5,3871.5,1049.4,396.9,True,1,1,False,False,False,False,,True,False,False,Course Lock,196.8,67,16.4,93,N,S,3.13,11.4,Calm,False,False,Android,7.0.2,M300 RTK,1ZN7L4R0H1D00F,1W9DL31001461C,1ZMLH8300204F0,1Z6PH74DAP0QN7,"Corona, CA",728.3,5.7,137.7,8.547347,2.013246,0,0,DJI Matrice 300 RTK,M300 RTK,1ZN7L4R0H1D00F,1W9DL31001461C,1ZMLH8300204F0,1Z6PH74DAP0QN7,DJI Pilot,Android,7.0.2,1EF72A62-B7C3-C88D-164E-CE6F8C8424AE,1ZN7L4R0H1D00F,1W9DL31001461C,,1ZMLH8300204F0,1W9DL31001461C,,,,,
2023-11-01,11:33:33.13 AM,9m 10.8s,550.8,33.7960376722019,-117.4757782879877,27.5,137.7,16.4,1291,4725.2,6.945329,7.569323,-6.71082,2.23694,1.789552,2.013246,0.671082,0.894776,-2.2,-1.3,2.5,164.2,164.2,164.6,Tripod,Other,,19,5,True,,True,False,,Smart,RC,False,True,False,,,True,,False,False,False,False,False,False,False,False,False,False,0,Follow Yaw,-77.9,0,156,156,False,False,False,False,False,,0,0,False,False,No Card,100,100,1024,1390,700,1024,2,False,False,False,False,False,0,False,False,False,False,71,,46.524,,3540,,4986,,46.524,,True,3.881,3.881,3.881,3.881,3.881,3.881,3.881,3.881,3.881,3.881,3.881,3.881,0,,False,False,True,,,,,,,,,,,,,,,False,False,9.33,,102.7,,75.7,,102.7,,1339,115,2,22,7,142754.3,19033.90,,Idle,,20,,10,,,20,Go Home,False,False,False,False,False,False,False,False,False,False,False,False,33.8027920380556,-117.4659261431046,3871.9,3871.9,1049.4,396.9,True,1,1,False,False,False,False,,True,False,False,Course Lock,196.8,67,16.4,93,N,S,3.13,11.4,Calm,False,False,Android,7.0.2,M300 RTK,1ZN7L4R0H1D00F,1W9DL31001461C,1ZMLH8300204F0,1Z6PH74DAP0QN7,"Corona, CA",728.3,5.7,137.7,8.547347,2.013246,0,0,DJI Matrice 300 RTK,M300 RTK,1ZN7L4R0H1D00F,1W9DL31001461C,1ZMLH8300204F0,1Z6PH74DAP0QN7,DJI Pilot,Android,7.0.2,1EF72A62-B7C3-C88D-164E-CE6F8C8424AE,1ZN7L4R0H1D00F,1W9DL31001461C,,1ZMLH8300204F0,1W9DL31001461C,,,,,
2023-11-01,11:33:33.23 AM,9m 10.9s,550.9,33.7960347059871,-117.475777401971,27.2,137.7,16.4,1291,4726.3,6.945329,7.569323,-6.71082,2.23694,1.789552,2.013246,0.671082,0.894776,-2.2,-1.3,2.5,164.2,164.2,166.0,Tripod,Other,,19,5,True,,True,False,,Smart,RC,False,True,False,,,True,,False,False,False,False,False,False,False,False,False,False,0,Follow Yaw,-77.9,0,156,156,False,False,False,False,False,,0,0,False,False,No Card,100,100,1024,1390,711,1024,2,False,False,False,False,False,0,False,False,False,False,71,,46.524,,3540,,4986,,46.524,,True,3.881,3.881,3.881,3.881,3.881,3.881,3.881,3.881,3.881,3.881,3.881,3.881,0,,False,False,True,,,,,,,,,,,,,,,False,False,9.33,,102.7,,75.7,,102.7,,1339,115,2,22,7,142754.3,19033.90,,Idle,,20,,10,,,20,Go Home,False,False,False,False,False,False,False,False,False,False,False,False,33.8027920380556,-117.4659261431046,3872.4,3872.4,1049.4,396.9,True,1,1,False,False,False,False,,True,False,False,Course Lock,196.8,67,16.4,93,N,S,3.13,11.4,Calm,False,False,Android,7.0.2,M300 RTK,1ZN7L4R0H1D00F,1W9DL31001461C,1ZMLH8300204F0,1Z6PH74DAP0QN7,"Corona, CA",728.3,5.7,137.7,8.547347,2.013246,0,0,DJI Matrice 300 RTK,M300 RTK,1ZN7L4R0H1D00F,1W9DL31001461C,1ZMLH8300204F0,1Z6PH74DAP0QN7,DJI Pilot,Android,7.0.2,1EF72A62-B7C3-C88D-164E-CE6F8C8424AE,1ZN7L4R0H1D00F,1W9DL31001461C,,1ZMLH8300204F0,1W9DL31001461C,,,,,
2023-11-01,11:33:33.34 AM,9m 11.0s,551.0,33.7960318896524,-117.4757764663922,27.2,137.7,16.4,1291,4727.4,6.945329,7.569323,-6.71082,2.23694,1.789552,2.013246,0.671082,0.894776,-2.4,-1.1,2.6,164.2,164.2,164.5,Tripod,Other,,19,5,True,,True,False,,Smart,RC,False,True,False,,,True,,False,False,False,False,False,False,False,False,False,False,0,Follow Yaw,-77.9,0,156,156,False,False,False,False,False,,0,0,False,False,No Card,100,100,1024,1392,727,973,2,False,False,False,False,False,0,False,False,False,False,70,,46.548,,7080,,10044,,46.548,,True,3.881,3.881,3.881,3.881,3.881,3.881,3.881,3.881,3.881,3.881,3.881,3.881,0,,False,False,True,,,,,,,,,,,,,,,False,False,19.058,,102.7,,75.7,,102.7,,1339,115,2,22,7,142754.3,19033.90,,Idle,,20,,10,,,20,Go Home,False,False,False,False,False,False,False,False,False,False,False,False,33.8027920380556,-117.4659261431046,3872.9,3872.9,1049.4,396.9,True,1,1,False,False,False,False,,True,False,False,Course Lock,196.8,67,16.4,93,N,S,3.13,11.4,Calm,False,False,Android,7.0.2,M300 RTK,1ZN7L4R0H1D00F,1W9DL31001461C,1ZMLH8300204F0,1Z6PH74DAP0QN7,"Corona, CA",728.3,5.7,137.7,8.547347,2.013246,0,0,DJI Matrice 300 RTK,M300 RTK,1ZN7L4R0H1D00F,1W9DL31001461C,1ZMLH8300204F0,1Z6PH74DAP0QN7,DJI Pilot,Android,7.0.2,1EF72A62-B7C3-C88D-164E-CE6F8C8424AE,1ZN7L4R0H1D00F,1W9DL31001461C,,1ZMLH8300204F0,1W9DL31001461C,,,,,
2023-11-01,11:33:33.44 AM,9m 11.1s,551.1,33.7960292173726,-117.4757753638193,26.9,137.7,16.0,1291,4728.4,6.945329,7.569323,-6.71082,2.23694,1.789552,2.013246,0.671082,0.894776,-2.5,-0.7,2.5,164.3,164.3,161.0,Tripod,Other,,19,5,True,,True,False,,Smart,RC,False,True,False,,,True,,False,False,False,False,False,False,False,False,False,False,0,Follow Yaw,-77.9,0,156,156,False,False,False,False,False,,0,0,False,False,No Card,100,100,1024,1394,735,935,2,False,False,False,False,False,0,False,False,False,False,70,,46.548,,7080,,10044,,46.548,,True,3.881,3.881,3.881,3.881,3.881,3.881,3.881,3.881,3.881,3.881,3.881,3.881,0,,False,False,True,,,,,,,,,,,,,,,False,False,19.058,,102.7,,75.7,,102.7,,1339,115,2,22,7,142754.3,19033.90,,Idle,,20,,10,,,20,Go Home,False,False,False,False,False,False,False,False,False,False,False,False,33.8027920380556,-117.4659261431046,3873.2,3873.2,1049.4,396.9,True,1,1,False,False,False,False,,True,False,False,Course Lock,196.8,67,16.4,93,N,S,3.13,11.4,Calm,False,False,Android,7.0.2,M300 RTK,1ZN7L4R0H1D00F,1W9DL31001461C,1ZMLH8300204F0,1Z6PH74DAP0QN7,"Corona, CA",728.3,5.7,137.7,8.547347,2.013246,0,0,DJI Matrice 300 RTK,M300 RTK,1ZN7L4R0H1D00F,1W9DL31001461C,1ZMLH8300204F0,1Z6PH74DAP0QN7,DJI Pilot,Android,7.0.2,1EF72A62-B7C3-C88D-164E-CE6F8C8424AE,1ZN7L4R0H1D00F,1W9DL31001461C,,1ZMLH8300204F0,1W9DL31001461C,,,,,
2023-11-01,11:33:33.54 AM,9m 11.2s,551.2,33.7960264089877,-117.4757744223854,26.9,137.7,16.0,1291,4729.5,6.945329,7.569323,-6.71082,2.23694,1.789552,2.013246,0.671082,0.894776,-2.2,-0.6,2.2,164.2,164.2,164.4,Tripod,Other,,20,5,True,,True,False,,Smart,RC,False,True,False,,,True,,False,False,False,False,False,False,False,False,False,False,0,Follow Yaw,-77.9,0,155.8,155.8,False,False,False,False,False,,0,0,False,False,No Card,100,100,1024,1396,698,1024,2,False,False,False,False,False,0,False,False,False,False,70,,46.548,,7080,,10044,,46.548,,True,3.881,3.881,3.881,3.881,3.881,3.881,3.881,3.881,3.881,3.881,3.881,3.881,0,,False,False,True,,,,,,,,,,,,,,,False,False,19.058,,102.7,,75.7,,102.7,,1339,115,2,22,7,142754.3,19033.90,,Idle,,20,,10,,,20,Go Home,False,False,False,False,False,False,False,False,False,False,False,False,33.8027920380556,-117.4659261431046,3873.6,3873.6,1049.4,396.9,True,1,1,False,False,False,False,,True,False,False,Course Lock,196.8,67,16.4,93,N,S,3.13,11.4,Calm,False,False,Android,7.0.2,M300 RTK,1ZN7L4R0H1D00F,1W9DL31001461C,1ZMLH8300204F0,1Z6PH74DAP0QN7,"Corona, CA",728.3,5.7,137.7,8.547347,2.013246,0,0,DJI Matrice 300 RTK,M300 RTK,1ZN7L4R0H1D00F,1W9DL31001461C,1ZMLH8300204F0,1Z6PH74DAP0QN7,DJI Pilot,Android,7.0.2,1EF72A62-B7C3-C88D-164E-CE6F8C8424AE,1ZN7L4R0H1D00F,1W9DL31001461C,,1ZMLH8300204F0,1W9DL31001461C,,,,,
2023-11-01,11:33:33.64 AM,9m 11.3s,551.3,33.7960234788209,-117.4757736155363,26.9,137.7,16.0,1291,4730.6,6.945329,7.569323,-6.71082,2.23694,1.789552,2.013246,0.671082,0.894776,-2,-1.2,2.3,164,164,167.1,Tripod,Other,,20,5,True,,True,False,,Smart,RC,False,True,False,,,True,,False,False,False,False,False,False,False,False,False,False,0,Follow Yaw,-77.9,0,155.7,155.7,False,False,False,False,False,,0,0,False,False,No Card,100,100,1024,1395,663,1024,2,False,False,False,False,False,0,False,False,False,False,70,,46.548,,7080,,10044,,46.548,,True,3.878,3.878,3.878,3.878,3.878,3.878,3.878,3.878,3.878,3.878,3.878,3.878,0,,False,False,True,,,,,,,,,,,,,,,False,False,19.058,,102.7,,75.7,,102.7,,1339,116,2,22,7,142417.4,18988.99,,Idle,,20,,10,,,20,Go Home,False,False,False,False,False,False,False,False,False,False,False,False,33.8027920380556,-117.4659261431046,3874.1,3874.1,1049.4,396.9,True,1,1,False,False,False,False,,True,False,False,Course Lock,196.8,67,16.4,93,N,S,3.13,11.4,Calm,False,False,Android,7.0.2,M300 RTK,1ZN7L4R0H1D00F,1W9DL31001461C,1ZMLH8300204F0,1Z6PH74DAP0QN7,"Corona, CA",728.3,5.7,137.7,8.547347,2.013246,0,0,DJI Matrice 300 RTK,M300 RTK,1ZN7L4R0H1D00F,1W9DL31001461C,1ZMLH8300204F0,1Z6PH74DAP0QN7,DJI Pilot,Android,7.0.2,1EF72A62-B7C3-C88D-164E-CE6F8C8424AE,1ZN7L4R0H1D00F,1W9DL31001461C,,1ZMLH8300204F0,1W9DL31001461C,,,,,
2023-11-01,11:33:33.74 AM,9m 11.4s,551.4,33.7960206624862,-117.4757727037076,26.5,137.7,16.0,1290,4731.6,6.945329,7.569323,-6.71082,2.23694,1.789552,2.013246,0.671082,0.894776,-2.1,-1.4,2.5,163.8,163.8,164.9,Tripod,Other,,19,5,True,,True,False,,Smart,RC,False,True,False,,,True,,False,False,False,False,False,False,False,False,False,False,0,Follow Yaw,-77.9,0,155.7,155.7,False,False,False,False,False,,0,0,False,False,No Card,100,100,1024,1394,663,1024,2,False,False,False,False,False,0,False,False,False,False,70,,46.548,,7080,,10044,,46.548,,True,3.878,3.878,3.878,3.878,3.878,3.878,3.878,3.878,3.878,3.878,3.878,3.878,0,,False,False,True,,,,,,,,,,,,,,,False,False,19.058,,102.7,,75.7,,102.7,,1339,116,2,22,7,142417.4,18988.99,,Idle,,20,,10,,,20,Go Home,False,False,False,False,False,False,False,False,False,False,False,False,33.8027920380556,-117.4659261431046,3874.6,3874.6,1049.4,396.9,True,1,1,False,False,False,False,,True,False,False,Course Lock,196.8,67,16.4,93,N,S,3.13,11.4,Calm,False,False,Android,7.0.2,M300 RTK,1ZN7L4R0H1D00F,1W9DL31001461C,1ZMLH8300204F0,1Z6PH74DAP0QN7,"Corona, CA",728.3,5.7,137.7,8.547347,2.013246,0,0,DJI Matrice 300 RTK,M300 RTK,1ZN7L4R0H1D00F,1W9DL31001461C,1ZMLH8300204F0,1Z6PH74DAP0QN7,DJI Pilot,Android,7.0.2,1EF72A62-B7C3-C88D-164E-CE6F8C8424AE,1ZN7L4R0H1D00F,1W9DL31001461C,,1ZMLH8300204F0,1W9DL31001461C,,,,,
2023-11-01,11:33:33.85 AM,9m 11.5s,551.5,33.7960180466085,-117.4757719263814,26.5,137.7,16.0,1290,4732.6,6.945329,7.569323,-6.71082,2.23694,1.789552,2.013246,0.671082,0.894776,-2.2,-1.5,2.6,163.6,163.6,166.1,Tripod,Other,,19,5,True,,True,False,,Smart,RC,False,True,False,,,True,,False,False,False,False,False,False,False,False,False,False,0,Follow Yaw,-77.9,0,155.7,155.7,False,False,False,False,False,,0,0,False,False,No Card,100,100,1024,1394,673,1024,2,False,False,False,False,False,0,False,False,False,False,70,,46.548,,7080,,10044,,46.548,,True,3.878,3.878,3.878,3.878,3.878,3.878,3.878,3.878,3.878,3.878,3.878,3.878,0,,False,False,True,,,,,,,,,,,,,,,False,False,19.058,,102.7,,75.7,,102.7,,1339,116,2,22,7,142417.4,18988.99,,Idle,,20,,10,,,20,Go Home,False,False,False,False,False,False,False,False,False,False,False,False,33.8027920380556,-117.4659261431046,3875.0,3875.0,1049.4,396.9,True,1,1,False,False,False,False,,True,False,False,Course Lock,196.8,67,16.4,93,N,S,3.13,11.4,Calm,False,False,Android,7.0.2,M300 RTK,1ZN7L4R0H1D00F,1W9DL31001461C,1ZMLH8300204F0,1Z6PH74DAP0QN7,"Corona, CA",728.3,5.7,137.7,8.547347,2.013246,0,0,DJI Matrice 300 RTK,M300 RTK,1ZN7L4R0H1D00F,1W9DL31001461C,1ZMLH8300204F0,1Z6PH74DAP0QN7,DJI Pilot,Android,7.0.2,1EF72A62-B7C3-C88D-164E-CE6F8C8424AE,1ZN7L4R0H1D00F,1W9DL31001461C,,1ZMLH8300204F0,1W9DL31001461C,,,,,
2023-11-01,11:33:33.95 AM,9m 11.6s,551.6,33.7960152552196,-117.4757710286546,26.5,137.7,16.0,1290,4733.7,6.945329,7.569323,-6.71082,2.23694,1.789552,2.013246,0.671082,0.894776,-2.4,-1.7,2.9,163.5,163.5,165.0,Tripod,Other,,19,5,True,,True,False,,Smart,RC,False,True,False,,,True,,False,False,False,False,False,False,False,False,False,False,0,Follow Yaw,-77.9,0,155.7,155.7,False,False,False,False,False,,0,0,False,False,No Card,100,100,1024,1394,721,999,2,False,False,False,False,False,0,False,False,False,False,70,,46.548,,7080,,10044,,46.548,,True,3.878,3.878,3.878,3.878,3.878,3.878,3.878,3.878,3.878,3.878,3.878,3.878,0,,False,False,True,,,,,,,,,,,,,,,False,False,19.058,,102.7,,75.7,,102.7,,1339,116,2,22,7,142417.4,18988.99,,Idle,,20,,10,,,20,Go Home,False,False,False,False,False,False,False,False,False,False,False,False,33.8027920380556,-117.4659261431046,3875.4,3875.4,1049.4,396.9,True,1,1,False,False,False,False,,True,False,False,Course Lock,196.8,67,16.4,93,N,S,3.13,11.4,Calm,False,False,Android,7.0.2,M300 RTK,1ZN7L4R0H1D00F,1W9DL31001461C,1ZMLH8300204F0,1Z6PH74DAP0QN7,"Corona, CA",728.3,5.7,137.7,8.547347,2.013246,0,0,DJI Matrice 300 RTK,M300 RTK,1ZN7L4R0H1D00F,1W9DL31001461C,1ZMLH8300204F0,1Z6PH74DAP0QN7,DJI Pilot,Android,7.0.2,1EF72A62-B7C3-C88D-164E-CE6F8C8424AE,1ZN7L4R0H1D00F,1W9DL31001461C,,1ZMLH8300204F0,1W9DL31001461C,,,,,
2023-11-01,11:33:34.05 AM,9m 11.7s,551.7,33.7960124956982,-117.4757701657284,26.2,137.7,15.7,1290,4734.7,6.945329,7.569323,-6.71082,2.23694,1.789552,2.013246,0.671082,0.894776,-2.5,-1.6,2.9,163.5,163.5,165.4,Tripod,Other,,19,5,True,,True,False,,Smart,RC,False,True,False,,,True,,False,False,False,False,False,False,False,False,False,False,0,Follow Yaw,-77.9,0,155.7,155.7,False,False,False,False,False,,0,0,False,False,No Card,100,100,1024,1394,721,999,2,False,False,False,False,False,0,False,False,False,False,71,,46.476,,3540,,4986,,46.476,,True,3.878,3.878,3.878,3.878,3.878,3.878,3.878,3.878,3.878,3.878,3.878,3.878,0,,False,False,True,,,,,,,,,,,,,,,False,False,9.21,,102.7,,75.7,,102.7,,1339,116,2,22,7,142417.4,18988.99,,Idle,,20,,10,,,20,Go Home,False,False,False,False,False,False,False,False,False,False,False,False,33.8027920380556,-117.4659261431046,3875.9,3875.9,1049.4,396.9,True,1,1,False,False,False,False,,True,False,False,Course Lock,196.8,67,16.4,93,N,S,3.13,11.4,Calm,False,False,Android,7.0.2,M300 RTK,1ZN7L4R0H1D00F,1W9DL31001461C,1ZMLH8300204F0,1Z6PH74DAP0QN7,"Corona, CA",728.3,5.7,137.7,8.547347,2.013246,0,0,DJI Matrice 300 RTK,M300 RTK,1ZN7L4R0H1D00F,1W9DL31001461C,1ZMLH8300204F0,1Z6PH74DAP0QN7,DJI Pilot,Android,7.0.2,1EF72A62-B7C3-C88D-164E-CE6F8C8424AE,1ZN7L4R0H1D00F,1W9DL31001461C,,1ZMLH8300204F0,1W9DL31001461C,,,,,
2023-11-01,11:33:34.16 AM,9m 11.8s,551.8,33.7960097089009,-117.4757692576108,26.2,137.7,15.7,1290,4735.8,6.945329,7.569323,-6.71082,2.23694,1.789552,2.013246,0.671082,0.894776,-2.6,-1.3,2.9,163.5,163.5,164.8,Tripod,Other,,19,5,True,,True,False,,Smart,RC,False,True,False,,,True,,False,False,False,False,False,False,False,False,False,False,0,Follow Yaw,-77.9,0,155.7,155.7,False,False,False,False,False,,0,0,False,False,No Card,100,100,1024,1397,728,963,2,False,False,False,False,False,0,False,False,False,False,71,,46.476,,3540,,4986,,46.476,,True,3.878,3.878,3.878,3.878,3.878,3.878,3.878,3.878,3.878,3.878,3.878,3.878,0,,False,False,True,,,,,,,,,,,,,,,False,False,9.21,,102.7,,75.7,,102.7,,1339,116,2,22,7,142417.4,18988.99,,Idle,,20,,10,,,20,Go Home,False,False,False,False,False,False,False,False,False,False,False,False,33.8027920380556,-117.4659261431046,3876.3,3876.3,1049.4,396.9,True,1,1,False,False,False,False,,True,False,False,Course Lock,196.8,67,16.4,93,N,S,3.13,11.4,Calm,False,False,Android,7.0.2,M300 RTK,1ZN7L4R0H1D00F,1W9DL31001461C,1ZMLH8300204F0,1Z6PH74DAP0QN7,"Corona, CA",728.3,5.7,137.7,8.547347,2.013246,0,0,DJI Matrice 300 RTK,M300 RTK,1ZN7L4R0H1D00F,1W9DL31001461C,1ZMLH8300204F0,1Z6PH74DAP0QN7,DJI Pilot,Android,7.0.2,1EF72A62-B7C3-C88D-164E-CE6F8C8424AE,1ZN7L4R0H1D00F,1W9DL31001461C,,1ZMLH8300204F0,1W9DL31001461C,,,,,
2023-11-01,11:33:34.27 AM,9m 11.9s,551.9,33.7960069477348,-117.4757681565223,26.2,137.7,15.7,1290,4736.8,6.945329,7.569323,-6.71082,2.23694,1.789552,2.013246,0.671082,0.894776,-2.6,-1.3,2.9,163.6,163.6,161.6,Tripod,Other,,19,5,True,,True,False,,Smart,RC,False,True,False,,,True,,False,False,False,False,False,False,False,False,False,False,0,Follow Yaw,-77.9,0,155.6,155.6,False,False,False,False,False,,0,0,False,False,No Card,100,100,1024,1397,723,974,2,False,False,False,False,False,0,False,False,False,False,71,,46.476,,3540,,4986,,46.476,,True,3.878,3.878,3.878,3.878,3.878,3.878,3.878,3.878,3.878,3.878,3.878,3.878,0,,False,False,True,,,,,,,,,,,,,,,False,False,9.21,,102.7,,75.7,,102.7,,1339,116,2,22,7,142417.4,18988.99,,Idle,,20,,10,,,20,Go Home,False,False,False,False,False,False,False,False,False,False,False,False,33.8027920380556,-117.4659261431046,3876.7,3876.7,1049.4,396.9,True,1,1,False,False,False,False,,True,False,False,Course Lock,196.8,67,16.4,93,N,S,3.13,11.4,Calm,False,False,Android,7.0.2,M300 RTK,1ZN7L4R0H1D00F,1W9DL31001461C,1ZMLH8300204F0,1Z6PH74DAP0QN7,"Corona, CA",728.3,5.7,137.7,8.547347,2.013246,0,0,DJI Matrice 300 RTK,M300 RTK,1ZN7L4R0H1D00F,1W9DL31001461C,1ZMLH8300204F0,1Z6PH74DAP0QN7,DJI Pilot,Android,7.0.2,1EF72A62-B7C3-C88D-164E-CE6F8C8424AE,1ZN7L4R0H1D00F,1W9DL31001461C,,1ZMLH8300204F0,1W9DL31001461C,,,,,
2023-11-01,11:33:34.37 AM,9m 12.0s,552.0,33.7960041608004,-117.4757672249844,25.9,137.7,15.7,1290,4737.9,6.945329,7.569323,-6.71082,2.23694,1.789552,2.013246,0.671082,0.894776,-2.4,-1.4,2.7,163.6,163.6,164.4,Tripod,Other,,19,5,True,,True,False,,Smart,RC,False,True,False,,,True,,False,False,False,False,False,False,False,False,False,False,0,Follow Yaw,-77.9,0,155.5,155.5,False,False,False,False,False,,0,0,False,False,No Card,100,100,1024,1398,726,936,2,False,False,False,False,False,0,False,False,False,False,70,,46.512,,7080,,10044,,46.512,,True,3.878,3.878,3.878,3.878,3.878,3.878,3.878,3.878,3.878,3.878,3.878,3.878,0,,False,False,True,,,,,,,,,,,,,,,False,False,18.526,,102.9,,75.7,,102.9,,1339,116,2,22,7,142417.4,18988.99,,Idle,,20,,10,,,20,Go Home,False,False,False,False,False,False,False,False,False,False,False,False,33.8027920380556,-117.4659261431046,3877.1,3877.1,1049.4,396.9,True,1,1,False,False,False,False,,True,False,False,Course Lock,196.8,67,16.4,93,N,S,3.13,11.4,Calm,False,False,Android,7.0.2,M300 RTK,1ZN7L4R0H1D00F,1W9DL31001461C,1ZMLH8300204F0,1Z6PH74DAP0QN7,"Corona, CA",728.3,5.7,137.7,8.547347,2.013246,0,0,DJI Matrice 300 RTK,M300 RTK,1ZN7L4R0H1D00F,1W9DL31001461C,1ZMLH8300204F0,1Z6PH74DAP0QN7,DJI Pilot,Android,7.0.2,1EF72A62-B7C3-C88D-164E-CE6F8C8424AE,1ZN7L4R0H1D00F,1W9DL31001461C,,1ZMLH8300204F0,1W9DL31001461C,,,,,
2023-11-01,11:33:34.47 AM,9m 12.1s,552.1,33.7960012013018,-117.4757661478935,25.9,137.7,15.7,1290,4739.0,6.945329,7.569323,-6.71082,2.23694,1.789552,2.013246,0.671082,0.894776,-2.1,-1.4,2.5,163.5,163.5,163.1,Tripod,Other,,19,5,True,,True,False,,Smart,RC,False,True,False,,,True,,False,False,False,False,False,False,False,False,False,False,0,Follow Yaw,-77.9,0,155.4,155.4,False,False,False,False,False,,0,0,False,False,No Card,100,100,1024,1397,733,917,2,False,False,False,False,False,0,False,False,False,False,70,,46.512,,7080,,10044,,46.512,,True,3.878,3.878,3.878,3.878,3.878,3.878,3.878,3.878,3.878,3.878,3.878,3.878,0,,False,False,True,,,,,,,,,,,,,,,False,False,18.526,,102.9,,75.7,,102.9,,1339,116,2,22,7,142417.4,18988.99,,Idle,,20,,10,,,20,Go Home,False,False,False,False,False,False,False,False,False,False,False,False,33.8027920380556,-117.4659261431046,3877.6,3877.6,1049.4,396.9,True,1,1,False,False,False,False,,True,False,False,Course Lock,196.8,67,16.4,93,N,S,3.13,11.4,Calm,False,False,Android,7.0.2,M300 RTK,1ZN7L4R0H1D00F,1W9DL31001461C,1ZMLH8300204F0,1Z6PH74DAP0QN7,"Corona, CA",728.3,5.7,137.7,8.547347,2.013246,0,0,DJI Matrice 300 RTK,M300 RTK,1ZN7L4R0H1D00F,1W9DL31001461C,1ZMLH8300204F0,1Z6PH74DAP0QN7,DJI Pilot,Android,7.0.2,1EF72A62-B7C3-C88D-164E-CE6F8C8424AE,1ZN7L4R0H1D00F,1W9DL31001461C,,1ZMLH8300204F0,1W9DL31001461C,,,,,
2023-11-01,11:33:34.58 AM,9m 12.2s,552.2,33.7959984029911,-117.475765192028,25.9,137.7,15.7,1290,4740.1,6.945329,7.569323,-6.71082,2.23694,1.789552,2.013246,0.671082,0.894776,-2.1,-1.7,2.7,163.5,163.5,164.1,Tripod,Other,,20,5,True,,True,False,,Smart,RC,False,True,False,,,True,,False,False,False,False,False,False,False,False,False,False,0,Follow Yaw,-77.9,0,155.3,155.3,False,False,False,False,False,,0,0,False,False,No Card,100,100,1024,1400,736,940,2,False,False,False,False,False,0,False,False,False,False,70,,46.512,,7080,,10044,,46.512,,True,3.878,3.878,3.878,3.878,3.878,3.878,3.878,3.878,3.878,3.878,3.878,3.878,0,,False,False,True,,,,,,,,,,,,,,,False,False,18.526,,102.9,,75.7,,102.9,,1339,116,2,22,7,142417.4,18988.99,,Idle,,20,,10,,,20,Go Home,False,False,False,False,False,False,False,False,False,False,False,False,33.8027920380556,-117.4659261431046,3878.0,3878.0,1049.4,396.9,True,1,1,False,False,False,False,,True,False,False,Course Lock,196.8,67,16.4,93,N,S,3.13,11.4,Calm,False,False,Android,7.0.2,M300 RTK,1ZN7L4R0H1D00F,1W9DL31001461C,1ZMLH8300204F0,1Z6PH74DAP0QN7,"Corona, CA",728.3,5.7,137.7,8.547347,2.013246,0,0,DJI Matrice 300 RTK,M300 RTK,1ZN7L4R0H1D00F,1W9DL31001461C,1ZMLH8300204F0,1Z6PH74DAP0QN7,DJI Pilot,Android,7.0.2,1EF72A62-B7C3-C88D-164E-CE6F8C8424AE,1ZN7L4R0H1D00F,1W9DL31001461C,,1ZMLH8300204F0,1W9DL31001461C,,,,,
2023-11-01,11:33:34.64 AM,9m 12.3s,552.3,33.7959955941265,-117.4757645026932,25.5,137.7,15.7,1289,4741.1,6.945329,7.569323,-6.71082,2.23694,1.789552,2.013246,0.671082,0.894776,-2.2,-1.8,2.8,163.4,163.4,168.4,Tripod,Other,,20,5,True,,True,False,,Smart,RC,False,True,False,,,True,,False,False,False,False,False,False,False,False,False,False,0,Follow Yaw,-77.9,0,155.1,155.1,False,False,False,False,False,,0,0,False,False,No Card,100,100,1024,1402,736,945,2,False,False,False,False,False,0,False,False,False,False,70,,46.512,,7080,,10044,,46.512,,True,3.874,3.874,3.874,3.874,3.874,3.874,3.874,3.874,3.874,3.874,3.874,3.874,0,,False,False,True,,,,,,,,,,,,,,,False,False,18.526,,102.9,,75.7,,102.9,,1340,116,2,22,7,142102.8,18947.04,,Idle,,20,,10,,,20,Go Home,False,False,False,False,False,False,False,False,False,False,False,False,33.8027920380556,-117.4659261431046,3878.5,3878.5,1049.4,396.9,True,1,1,False,False,False,False,,True,False,False,Course Lock,196.8,67,16.4,93,N,S,3.13,11.4,Calm,False,False,Android,7.0.2,M300 RTK,1ZN7L4R0H1D00F,1W9DL31001461C,1ZMLH8300204F0,1Z6PH74DAP0QN7,"Corona, CA",728.3,5.7,137.7,8.547347,2.013246,0,0,DJI Matrice 300 RTK,M300 RTK,1ZN7L4R0H1D00F,1W9DL31001461C,1ZMLH8300204F0,1Z6PH74DAP0QN7,DJI Pilot,Android,7.0.2,1EF72A62-B7C3-C88D-164E-CE6F8C8424AE,1ZN7L4R0H1D00F,1W9DL31001461C,,1ZMLH8300204F0,1W9DL31001461C,,,,,
2023-11-01,11:33:34.74 AM,9m 12.4s,552.4,33.7959928065068,-117.4757635403128,25.5,137.7,15.4,1289,4742.2,6.945329,7.569323,-6.71082,2.23694,1.789552,2.013246,0.671082,0.894776,-2.4,-1.6,2.8,163.3,163.3,163.9,Tripod,Other,,20,5,True,,True,False,,Smart,RC,False,True,False,,,True,,False,False,False,False,False,False,False,False,False,False,0,Follow Yaw,-77.9,0,155,155,False,False,False,False,False,,0,0,False,False,No Card,100,100,1024,1401,735,945,2,False,False,False,False,False,0,False,False,False,False,70,,46.512,,7080,,10044,,46.512,,True,3.874,3.874,3.874,3.874,3.874,3.874,3.874,3.874,3.874,3.874,3.874,3.874,0,,False,False,True,,,,,,,,,,,,,,,False,False,18.526,,102.9,,75.7,,102.9,,1340,116,2,22,7,142102.8,18947.04,,Idle,,20,,10,,,20,Go Home,False,False,False,False,False,False,False,False,False,False,False,False,33.8027920380556,-117.4659261431046,3878.9,3878.9,1049.4,396.9,True,1,1,False,False,False,False,,True,False,False,Course Lock,196.8,67,16.4,93,N,S,3.13,11.4,Calm,False,False,Android,7.0.2,M300 RTK,1ZN7L4R0H1D00F,1W9DL31001461C,1ZMLH8300204F0,1Z6PH74DAP0QN7,"Corona, CA",728.3,5.7,137.7,8.547347,2.013246,0,0,DJI Matrice 300 RTK,M300 RTK,1ZN7L4R0H1D00F,1W9DL31001461C,1ZMLH8300204F0,1Z6PH74DAP0QN7,DJI Pilot,Android,7.0.2,1EF72A62-B7C3-C88D-164E-CE6F8C8424AE,1ZN7L4R0H1D00F,1W9DL31001461C,,1ZMLH8300204F0,1W9DL31001461C,,,,,
2023-11-01,11:33:34.84 AM,9m 12.5s,552.5,33.7959900245754,-117.4757623138758,25.5,137.7,15.4,1289,4743.3,7.006301,7.569323,-6.71082,2.23694,2.013246,2.013246,0.671082,0.894776,-2.5,-1.4,2.8,163.1,163.1,159.8,Tripod,Other,,20,5,True,,True,False,,Smart,RC,False,True,False,,,True,,False,False,False,False,False,False,False,False,False,False,0,Follow Yaw,-77.9,0,154.9,154.9,False,False,False,False,False,,0,0,False,False,No Card,100,100,1024,1399,733,945,2,False,False,False,False,False,0,False,False,False,False,70,,46.512,,7080,,10044,,46.512,,True,3.874,3.874,3.874,3.874,3.874,3.874,3.874,3.874,3.874,3.874,3.874,3.874,0,,False,False,True,,,,,,,,,,,,,,,False,False,18.526,,102.9,,75.7,,102.9,,1340,116,2,22,7,142102.8,18947.04,,Idle,,20,,10,,,20,Go Home,False,False,False,False,False,False,False,False,False,False,False,False,33.8027920380556,-117.4659261431046,3879.3,3879.3,1049.4,396.9,True,1,1,False,False,False,False,,True,False,False,Course Lock,196.8,67,16.4,93,N,S,3.13,11.4,Calm,False,False,Android,7.0.2,M300 RTK,1ZN7L4R0H1D00F,1W9DL31001461C,1ZMLH8300204F0,1Z6PH74DAP0QN7,"Corona, CA",728.3,5.7,137.7,8.547347,2.013246,0,0,DJI Matrice 300 RTK,M300 RTK,1ZN7L4R0H1D00F,1W9DL31001461C,1ZMLH8300204F0,1Z6PH74DAP0QN7,DJI Pilot,Android,7.0.2,1EF72A62-B7C3-C88D-164E-CE6F8C8424AE,1ZN7L4R0H1D00F,1W9DL31001461C,,1ZMLH8300204F0,1W9DL31001461C,,,,,
2023-11-01,11:33:34.94 AM,9m 12.6s,552.6,33.7959872429866,-117.475761295171,25.2,137.7,15.4,1289,4744.3,7.006301,7.569323,-6.71082,2.23694,2.013246,2.013246,0.671082,0.894776,-2.5,-1.3,2.8,163,163,163.0,Tripod,Other,,20,5,True,,True,False,,Smart,RC,False,True,False,,,True,,False,False,False,False,False,False,False,False,False,False,0,Follow Yaw,-77.9,0,154.8,154.8,False,False,False,False,False,,0,0,False,False,No Card,100,100,1024,1397,735,944,2,False,False,False,False,False,0,False,False,False,False,70,,46.512,,7080,,10044,,46.512,,True,3.874,3.874,3.874,3.874,3.874,3.874,3.874,3.874,3.874,3.874,3.874,3.874,0,,False,False,True,,,,,,,,,,,,,,,False,False,18.526,,102.9,,75.7,,102.9,,1340,116,2,22,7,142102.8,18947.04,,Idle,,20,,10,,,20,Go Home,False,False,False,False,False,False,False,False,False,False,False,False,33.8027920380556,-117.4659261431046,3879.7,3879.7,1049.4,396.9,True,1,1,False,False,False,False,,True,False,False,Course Lock,196.8,67,16.4,93,N,S,3.13,11.4,Calm,False,False,Android,7.0.2,M300 RTK,1ZN7L4R0H1D00F,1W9DL31001461C,1ZMLH8300204F0,1Z6PH74DAP0QN7,"Corona, CA",728.3,5.7,137.7,8.547347,2.013246,0,0,DJI Matrice 300 RTK,M300 RTK,1ZN7L4R0H1D00F,1W9DL31001461C,1ZMLH8300204F0,1Z6PH74DAP0QN7,DJI Pilot,Android,7.0.2,1EF72A62-B7C3-C88D-164E-CE6F8C8424AE,1ZN7L4R0H1D00F,1W9DL31001461C,,1ZMLH8300204F0,1W9DL31001461C,,,,,
2023-11-01,11:33:35.04 AM,9m 12.7s,552.7,33.7959846317006,-117.4757604293585,25.2,137.7,15.4,1289,4745.3,7.006301,7.569323,-6.71082,2.23694,2.013246,2.013246,0.447388,0.894776,-2.6,-1.4,2.9,162.9,162.9,164.5,Tripod,Other,,20,5,True,,True,False,,Smart,RC,False,True,False,,,True,,False,False,False,False,False,False,False,False,False,False,0,Follow Yaw,-77.9,0,154.6,154.6,False,False,False,False,False,,0,0,False,False,No Card,100,100,1024,1395,742,908,2,False,False,False,False,False,0,False,False,False,False,70,,46.512,,7080,,10044,,46.512,,True,3.874,3.874,3.874,3.874,3.874,3.874,3.874,3.874,3.874,3.874,3.874,3.874,0,,False,False,True,,,,,,,,,,,,,,,False,False,18.526,,102.9,,75.7,,102.9,,1340,116,2,22,7,142102.8,18947.04,,Idle,,20,,10,,,20,Go Home,False,False,False,False,False,False,False,False,False,False,False,False,33.8027920380556,-117.4659261431046,3880.1,3880.1,1049.4,396.9,True,1,1,False,False,False,False,,True,False,False,Course Lock,196.8,67,16.4,93,N,S,3.13,11.4,Calm,False,False,Android,7.0.2,M300 RTK,1ZN7L4R0H1D00F,1W9DL31001461C,1ZMLH8300204F0,1Z6PH74DAP0QN7,"Corona, CA",728.3,5.7,137.7,8.547347,2.013246,0,0,DJI Matrice 300 RTK,M300 RTK,1ZN7L4R0H1D00F,1W9DL31001461C,1ZMLH8300204F0,1Z6PH74DAP0QN7,DJI Pilot,Android,7.0.2,1EF72A62-B7C3-C88D-164E-CE6F8C8424AE,1ZN7L4R0H1D00F,1W9DL31001461C,,1ZMLH8300204F0,1W9DL31001461C,,,,,
2023-11-01,11:33:35.14 AM,9m 12.8s,552.8,33.7959818647091,-117.4757593988611,25.2,137.7,15.4,1289,4746.4,7.006301,7.569323,-6.71082,2.23694,2.013246,2.013246,0.447388,0.894776,-2.5,-1.6,2.9,162.8,162.8,162.8,Tripod,Other,,20,5,True,,True,False,,Smart,RC,False,True,False,,,True,,False,False,False,False,False,False,False,False,False,False,0,Follow Yaw,-77.9,0,154.5,154.5,False,False,False,False,False,,0,0,False,False,No Card,100,100,1024,1397,745,888,2,False,False,False,False,False,0,False,False,False,False,70,,46.512,,7080,,10044,,46.512,,True,3.874,3.874,3.874,3.874,3.874,3.874,3.874,3.874,3.874,3.874,3.874,3.874,0,,False,False,True,,,,,,,,,,,,,,,False,False,18.526,,102.9,,75.7,,102.9,,1340,116,2,22,7,142102.8,18947.04,,Idle,,20,,10,,,20,Go Home,False,False,False,False,False,False,False,False,False,False,False,False,33.8027920380556,-117.4659261431046,3880.5,3880.5,1049.4,396.9,True,1,1,False,False,False,False,,True,False,False,Course Lock,196.8,67,16.4,93,N,S,3.13,11.4,Calm,False,False,Android,7.0.2,M300 RTK,1ZN7L4R0H1D00F,1W9DL31001461C,1ZMLH8300204F0,1Z6PH74DAP0QN7,"Corona, CA",728.3,5.7,137.7,8.547347,2.013246,0,0,DJI Matrice 300 RTK,M300 RTK,1ZN7L4R0H1D00F,1W9DL31001461C,1ZMLH8300204F0,1Z6PH74DAP0QN7,DJI Pilot,Android,7.0.2,1EF72A62-B7C3-C88D-164E-CE6F8C8424AE,1ZN7L4R0H1D00F,1W9DL31001461C,,1ZMLH8300204F0,1W9DL31001461C,,,,,
2023-11-01,11:33:35.24 AM,9m 12.9s,552.9,33.7959790425492,-117.4757582661056,24.9,137.7,15.4,1289,4747.4,7.006301,7.569323,-6.71082,2.23694,2.013246,2.013246,0.447388,0.894776,-2.4,-1.8,3,162.8,162.8,161.5,Tripod,Other,,20,5,True,,True,False,,Smart,RC,False,True,False,,,True,,False,False,False,False,False,False,False,False,False,False,0,Follow Yaw,-77.9,0,154.2,154.2,False,False,False,False,False,,0,0,False,False,No Card,100,100,1024,1397,742,861,2,False,False,False,False,False,0,False,False,False,False,70,,46.512,,7080,,10044,,46.512,,True,3.874,3.874,3.874,3.874,3.874,3.874,3.874,3.874,3.874,3.874,3.874,3.874,0,,False,False,True,,,,,,,,,,,,,,,False,False,18.526,,102.9,,75.7,,102.9,,1340,116,2,22,7,142102.8,18947.04,,Idle,,20,,10,,,20,Go Home,False,False,False,False,False,False,False,False,False,False,False,False,33.8027920380556,-117.4659261431046,3880.9,3880.9,1049.4,396.9,True,1,1,False,False,False,False,,True,False,False,Course Lock,196.8,67,16.4,93,N,S,3.13,11.4,Calm,False,False,Android,7.0.2,M300 RTK,1ZN7L4R0H1D00F,1W9DL31001461C,1ZMLH8300204F0,1Z6PH74DAP0QN7,"Corona, CA",728.3,5.7,137.7,8.547347,2.013246,0,0,DJI Matrice 300 RTK,M300 RTK,1ZN7L4R0H1D00F,1W9DL31001461C,1ZMLH8300204F0,1Z6PH74DAP0QN7,DJI Pilot,Android,7.0.2,1EF72A62-B7C3-C88D-164E-CE6F8C8424AE,1ZN7L4R0H1D00F,1W9DL31001461C,,1ZMLH8300204F0,1W9DL31001461C,,,,,
2023-11-01,11:33:35.34 AM,9m 13.0s,553.0,33.795976276997,-117.4757572023743,24.9,137.7,15.4,1289,4748.5,7.006301,7.569323,-6.71082,2.23694,2.013246,2.013246,0.447388,0.894776,-2.4,-2,3.1,162.7,162.7,162.2,Tripod,Other,,20,5,True,,True,False,,Smart,RC,False,True,False,,,True,,False,False,False,False,False,False,False,False,False,False,0,Follow Yaw,-77.9,0,154.1,154.1,False,False,False,False,False,,0,0,False,False,No Card,100,100,1024,1396,742,845,2,False,False,False,False,False,0,False,False,False,False,71,,46.548,,3540,,4986,,46.548,,True,3.874,3.874,3.874,3.874,3.874,3.874,3.874,3.874,3.874,3.874,3.874,3.874,0,,False,False,True,,,,,,,,,,,,,,,False,False,9.45,,102.7,,75.7,,102.9,,1340,116,2,22,7,142102.8,18947.04,,Idle,,20,,10,,,20,Go Home,False,False,False,False,False,False,False,False,False,False,False,False,33.8027920380556,-117.4659261431046,3881.3,3881.3,1049.4,396.9,True,1,1,False,False,False,False,,True,False,False,Course Lock,196.8,67,16.4,93,N,S,3.13,11.4,Calm,False,False,Android,7.0.2,M300 RTK,1ZN7L4R0H1D00F,1W9DL31001461C,1ZMLH8300204F0,1Z6PH74DAP0QN7,"Corona, CA",728.3,5.7,137.7,8.547347,2.013246,0,0,DJI Matrice 300 RTK,M300 RTK,1ZN7L4R0H1D00F,1W9DL31001461C,1ZMLH8300204F0,1Z6PH74DAP0QN7,DJI Pilot,Android,7.0.2,1EF72A62-B7C3-C88D-164E-CE6F8C8424AE,1ZN7L4R0H1D00F,1W9DL31001461C,,1ZMLH8300204F0,1W9DL31001461C,,,,,
2023-11-01,11:33:35.44 AM,9m 13.1s,553.1,33.7959736082124,-117.4757560059549,24.9,137.7,15.4,1289,4749.5,7.006301,7.569323,-6.71082,2.23694,2.013246,2.013246,0.447388,0.894776,-2.5,-2.1,3.2,162.6,162.6,159.5,Tripod,Other,,20,5,True,,True,False,,Smart,RC,False,True,False,,,True,,False,False,False,False,False,False,False,False,False,False,0,Follow Yaw,-77.9,0,153.8,153.8,False,False,False,False,False,,0,0,False,False,No Card,100,100,1024,1396,745,810,2,False,False,False,False,False,0,False,False,False,False,71,,46.548,,3540,,4986,,46.548,,True,3.874,3.874,3.874,3.874,3.874,3.874,3.874,3.874,3.874,3.874,3.874,3.874,0,,False,False,True,,,,,,,,,,,,,,,False,False,9.45,,102.7,,75.7,,102.9,,1340,116,2,22,7,142102.8,18947.04,,Idle,,20,,10,,,20,Go Home,False,False,False,False,False,False,False,False,False,False,False,False,33.8027920380556,-117.4659261431046,3881.7,3881.7,1049.4,396.9,True,1,1,False,False,False,False,,True,False,False,Course Lock,196.8,67,16.4,93,N,S,3.13,11.4,Calm,False,False,Android,7.0.2,M300 RTK,1ZN7L4R0H1D00F,1W9DL31001461C,1ZMLH8300204F0,1Z6PH74DAP0QN7,"Corona, CA",728.3,5.7,137.7,8.547347,2.013246,0,0,DJI Matrice 300 RTK,M300 RTK,1ZN7L4R0H1D00F,1W9DL31001461C,1ZMLH8300204F0,1Z6PH74DAP0QN7,DJI Pilot,Android,7.0.2,1EF72A62-B7C3-C88D-164E-CE6F8C8424AE,1ZN7L4R0H1D00F,1W9DL31001461C,,1ZMLH8300204F0,1W9DL31001461C,,,,,
2023-11-01,11:33:35.54 AM,9m 13.2s,553.2,33.7959708640422,-117.475754904619,24.6,137.7,15.0,1288,4750.6,7.006301,7.569323,-6.71082,2.23694,2.013246,2.013246,0.447388,0.894776,-2.6,-2.3,3.4,162.4,162.4,161.5,Tripod,Other,,20,5,True,,True,False,,Smart,RC,False,True,False,,,True,,False,False,False,False,False,False,False,False,False,False,0,Follow Yaw,-77.9,0,153.4,153.4,False,False,False,False,False,,0,0,False,False,No Card,100,100,1024,1396,746,783,2,False,False,False,False,False,0,False,False,False,False,71,,46.548,,3540,,4986,,46.548,,True,3.874,3.874,3.874,3.874,3.874,3.874,3.874,3.874,3.874,3.874,3.874,3.874,0,,False,False,True,,,,,,,,,,,,,,,False,False,9.45,,102.7,,75.7,,102.9,,1340,116,2,22,7,142102.8,18947.04,,Idle,,20,,10,,,20,Go Home,False,False,False,False,False,False,False,False,False,False,False,False,33.8027920380556,-117.4659261431046,3882.0,3882.0,1049.4,396.9,True,1,1,False,False,False,False,,True,False,False,Course Lock,196.8,67,16.4,93,N,S,3.13,11.4,Calm,False,False,Android,7.0.2,M300 RTK,1ZN7L4R0H1D00F,1W9DL31001461C,1ZMLH8300204F0,1Z6PH74DAP0QN7,"Corona, CA",728.3,5.7,137.7,8.547347,2.013246,0,0,DJI Matrice 300 RTK,M300 RTK,1ZN7L4R0H1D00F,1W9DL31001461C,1ZMLH8300204F0,1Z6PH74DAP0QN7,DJI Pilot,Android,7.0.2,1EF72A62-B7C3-C88D-164E-CE6F8C8424AE,1ZN7L4R0H1D00F,1W9DL31001461C,,1ZMLH8300204F0,1W9DL31001461C,,,,,
2023-11-01,11:33:35.64 AM,9m 13.3s,553.3,33.7959680268052,-117.4757537820894,24.6,137.7,15.0,1288,4751.7,7.073825,7.569323,-6.71082,2.23694,2.23694,2.23694,0.447388,0.894776,-2.8,-2.6,3.8,162.1,162.1,161.7,Tripod,Other,,20,5,True,,True,False,,Smart,RC,False,True,False,,,True,,False,False,False,False,False,False,False,False,False,False,0,Follow Yaw,-77.9,0,152.8,152.8,False,False,False,False,False,,0,0,False,False,No Card,100,100,1024,1398,747,796,2,False,False,False,False,False,0,False,False,False,False,71,,46.548,,3540,,4986,,46.548,,True,3.881,3.881,3.881,3.881,3.881,3.881,3.881,3.881,3.881,3.881,3.881,3.881,0,,False,False,True,,,,,,,,,,,,,,,False,False,9.45,,102.7,,75.7,,102.9,,1340,116,2,22,7,141747.1,18899.61,,Idle,,20,,10,,,20,Go Home,False,False,False,False,False,False,False,False,False,False,False,False,33.8027920380556,-117.4659261431046,3882.4,3882.4,1049.4,396.9,True,1,1,False,False,False,False,,True,False,False,Course Lock,196.8,67,16.4,93,N,S,3.13,11.4,Calm,False,False,Android,7.0.2,M300 RTK,1ZN7L4R0H1D00F,1W9DL31001461C,1ZMLH8300204F0,1Z6PH74DAP0QN7,"Corona, CA",728.3,5.7,137.7,8.547347,2.013246,0,0,DJI Matrice 300 RTK,M300 RTK,1ZN7L4R0H1D00F,1W9DL31001461C,1ZMLH8300204F0,1Z6PH74DAP0QN7,DJI Pilot,Android,7.0.2,1EF72A62-B7C3-C88D-164E-CE6F8C8424AE,1ZN7L4R0H1D00F,1W9DL31001461C,,1ZMLH8300204F0,1W9DL31001461C,,,,,
2023-11-01,11:33:35.74 AM,9m 13.4s,553.4,33.7959652860616,-117.475752644221,24.6,137.7,15.0,1288,4752.8,7.073825,7.569323,-6.71082,2.23694,2.23694,2.23694,0.447388,0.894776,-2.9,-3,4.1,161.7,161.7,160.9,Tripod,Other,,20,5,True,,True,False,,Smart,RC,False,True,False,,,True,,False,False,False,False,False,False,False,False,False,False,0,Follow Yaw,-77.9,0,152.3,152.3,False,False,False,False,False,,0,0,False,False,No Card,100,100,1024,1398,750,803,2,False,False,False,False,False,0,False,False,False,False,71,,46.548,,3540,,4986,,46.548,,True,3.881,3.881,3.881,3.881,3.881,3.881,3.881,3.881,3.881,3.881,3.881,3.881,0,,False,False,True,,,,,,,,,,,,,,,False,False,9.45,,102.7,,75.7,,102.9,,1340,116,2,22,7,141747.1,18899.61,,Idle,,20,,10,,,20,Go Home,False,False,False,False,False,False,False,False,False,False,False,False,33.8027920380556,-117.4659261431046,3882.8,3882.8,1049.4,396.9,True,1,1,False,False,False,False,,True,False,False,Course Lock,196.8,67,16.4,93,N,S,3.13,11.4,Calm,False,False,Android,7.0.2,M300 RTK,1ZN7L4R0H1D00F,1W9DL31001461C,1ZMLH8300204F0,1Z6PH74DAP0QN7,"Corona, CA",728.3,5.7,137.7,8.547347,2.013246,0,0,DJI Matrice 300 RTK,M300 RTK,1ZN7L4R0H1D00F,1W9DL31001461C,1ZMLH8300204F0,1Z6PH74DAP0QN7,DJI Pilot,Android,7.0.2,1EF72A62-B7C3-C88D-164E-CE6F8C8424AE,1ZN7L4R0H1D00F,1W9DL31001461C,,1ZMLH8300204F0,1W9DL31001461C,,,,,
2023-11-01,11:33:35.80 AM,9m 13.5s,553.5,33.7959626753924,-117.4757516433289,24.6,137.7,15.0,1288,4753.7,7.073825,7.569323,-6.71082,2.23694,2.23694,2.23694,0.447388,0.894776,-2.8,-3.2,4.2,161.1,161.1,162.3,Tripod,Other,,20,5,True,,True,False,,Smart,RC,False,True,False,,,True,,False,False,False,False,False,False,False,False,False,False,0,Follow Yaw,-77.9,0,151.4,151.4,False,False,False,False,False,,0,0,False,False,No Card,100,100,1024,1394,751,803,2,False,False,False,False,False,0,False,False,False,False,71,,46.548,,3540,,4986,,46.548,,True,3.881,3.881,3.881,3.881,3.881,3.881,3.881,3.881,3.881,3.881,3.881,3.881,0,,False,False,True,,,,,,,,,,,,,,,False,False,9.45,,102.7,,75.7,,102.9,,1340,116,2,22,7,141747.1,18899.61,,Idle,,20,,10,,,20,Go Home,False,False,False,False,False,False,False,False,False,False,False,False,33.8027920380556,-117.4659261431046,3883.2,3883.2,1049.4,396.9,True,1,1,False,False,False,False,,True,False,False,Course Lock,196.8,67,16.4,93,N,S,3.13,11.4,Calm,False,False,Android,7.0.2,M300 RTK,1ZN7L4R0H1D00F,1W9DL31001461C,1ZMLH8300204F0,1Z6PH74DAP0QN7,"Corona, CA",728.3,5.7,137.7,8.547347,2.013246,0,0,DJI Matrice 300 RTK,M300 RTK,1ZN7L4R0H1D00F,1W9DL31001461C,1ZMLH8300204F0,1Z6PH74DAP0QN7,DJI Pilot,Android,7.0.2,1EF72A62-B7C3-C88D-164E-CE6F8C8424AE,1ZN7L4R0H1D00F,1W9DL31001461C,,1ZMLH8300204F0,1W9DL31001461C,,,,,
2023-11-01,11:33:35.94 AM,9m 13.6s,553.6,33.7959599607596,-117.4757504546613,24.2,137.7,15.0,1288,4754.8,7.073825,7.569323,-6.71082,2.23694,2.23694,2.23694,0.671082,0.894776,-2.7,-3.1,4.1,160.5,160.5,160.0,Tripod,Other,,20,5,True,,True,False,,Smart,RC,False,True,False,,,True,,False,False,False,False,False,False,False,False,False,False,0,Follow Yaw,-77.9,0,151.1,151.1,False,False,False,False,False,,0,0,False,False,No Card,100,100,1024,1393,751,802,2,False,False,False,False,False,0,False,False,False,False,71,,46.548,,3540,,4986,,46.548,,True,3.881,3.881,3.881,3.881,3.881,3.881,3.881,3.881,3.881,3.881,3.881,3.881,0,,False,False,True,,,,,,,,,,,,,,,False,False,9.45,,102.7,,75.7,,102.9,,1340,116,2,22,7,141747.1,18899.61,,Idle,,20,,10,,,20,Go Home,False,False,False,False,False,False,False,False,False,False,False,False,33.8027920380556,-117.4659261431046,3883.6,3883.6,1049.4,396.9,True,1,1,False,False,False,False,,True,False,False,Course Lock,196.8,67,16.4,93,N,S,3.13,11.4,Calm,False,False,Android,7.0.2,M300 RTK,1ZN7L4R0H1D00F,1W9DL31001461C,1ZMLH8300204F0,1Z6PH74DAP0QN7,"Corona, CA",728.3,5.7,137.7,8.547347,2.013246,0,0,DJI Matrice 300 RTK,M300 RTK,1ZN7L4R0H1D00F,1W9DL31001461C,1ZMLH8300204F0,1Z6PH74DAP0QN7,DJI Pilot,Android,7.0.2,1EF72A62-B7C3-C88D-164E-CE6F8C8424AE,1ZN7L4R0H1D00F,1W9DL31001461C,,1ZMLH8300204F0,1W9DL31001461C,,,,,
2023-11-01,11:33:36.04 AM,9m 13.7s,553.7,33.7959572725804,-117.4757493492022,24.2,137.7,15.0,1288,4755.8,6.938121,7.569323,-6.487126,2.23694,2.460634,2.460634,0.671082,0.894776,-2.6,-3.2,4.1,159.9,159.9,161.1,Tripod,Other,,20,5,True,,True,False,,Smart,RC,False,True,False,,,True,,False,False,False,False,False,False,False,False,False,False,0,Follow Yaw,-77.9,0,150.6,150.6,False,False,False,False,False,,0,0,False,False,No Card,100,100,1024,1392,752,789,2,False,False,False,False,False,0,False,False,False,False,71,,46.548,,3540,,4986,,46.548,,True,3.881,3.881,3.881,3.881,3.881,3.881,3.881,3.881,3.881,3.881,3.881,3.881,0,,False,False,True,,,,,,,,,,,,,,,False,False,9.45,,102.7,,75.7,,102.9,,1340,116,2,22,7,141747.1,18899.61,,Idle,,20,,10,,,20,Go Home,False,False,False,False,False,False,False,False,False,False,False,False,33.8027920380556,-117.4659261431046,3883.9,3883.9,1049.4,396.9,True,1,1,False,False,False,False,,True,False,False,Course Lock,196.8,67,16.4,93,N,S,3.13,11.4,Calm,False,False,Android,7.0.2,M300 RTK,1ZN7L4R0H1D00F,1W9DL31001461C,1ZMLH8300204F0,1Z6PH74DAP0QN7,"Corona, CA",728.3,5.7,137.7,8.547347,2.013246,0,0,DJI Matrice 300 RTK,M300 RTK,1ZN7L4R0H1D00F,1W9DL31001461C,1ZMLH8300204F0,1Z6PH74DAP0QN7,DJI Pilot,Android,7.0.2,1EF72A62-B7C3-C88D-164E-CE6F8C8424AE,1ZN7L4R0H1D00F,1W9DL31001461C,,1ZMLH8300204F0,1W9DL31001461C,,,,,
2023-11-01,11:33:36.14 AM,9m 13.8s,553.8,33.7959545817968,-117.4757481005816,24.2,137.7,15.0,1288,4756.9,6.938121,7.569323,-6.487126,2.23694,2.460634,2.460634,0.447388,0.894776,-2.4,-3.3,4,159.3,159.3,158.9,Tripod,Other,,21,5,True,,True,False,,Smart,RC,False,True,False,,,True,,False,False,False,False,False,False,False,False,False,False,0,Follow Yaw,-77.9,0,150.1,150.1,False,False,False,False,False,,0,0,False,False,No Card,100,100,1024,1393,771,824,2,False,False,False,False,False,0,False,False,False,False,71,,46.548,,3540,,4986,,46.548,,True,3.881,3.881,3.881,3.881,3.881,3.881,3.881,3.881,3.881,3.881,3.881,3.881,0,,False,False,True,,,,,,,,,,,,,,,False,False,9.45,,102.7,,75.7,,102.9,,1340,116,2,22,7,141747.1,18899.61,,Idle,,20,,10,,,20,Go Home,False,False,False,False,False,False,False,False,False,False,False,False,33.8027920380556,-117.4659261431046,3884.3,3884.3,1049.4,396.9,True,1,1,False,False,False,False,,True,False,False,Course Lock,196.8,67,16.4,93,N,S,3.13,11.4,Calm,False,False,Android,7.0.2,M300 RTK,1ZN7L4R0H1D00F,1W9DL31001461C,1ZMLH8300204F0,1Z6PH74DAP0QN7,"Corona, CA",728.3,5.7,137.7,8.547347,2.013246,0,0,DJI Matrice 300 RTK,M300 RTK,1ZN7L4R0H1D00F,1W9DL31001461C,1ZMLH8300204F0,1Z6PH74DAP0QN7,DJI Pilot,Android,7.0.2,1EF72A62-B7C3-C88D-164E-CE6F8C8424AE,1ZN7L4R0H1D00F,1W9DL31001461C,,1ZMLH8300204F0,1W9DL31001461C,,,,,
2023-11-01,11:33:36.24 AM,9m 13.9s,553.9,33.7959519326125,-117.4757466856268,23.9,137.7,15.0,1288,4757.9,6.938121,7.569323,-6.487126,2.23694,2.460634,2.460634,0.447388,0.894776,-2.2,-3.4,4,158.7,158.7,156.0,Tripod,Other,,21,5,True,,True,False,,Smart,RC,False,True,False,,,True,,False,False,False,False,False,False,False,False,False,False,0,Follow Yaw,-77.9,0,149.2,149.2,False,False,False,False,False,,0,0,False,False,No Card,100,100,1024,1393,777,892,2,False,False,False,False,False,0,False,False,False,False,71,,46.548,,3540,,4986,,46.548,,True,3.881,3.881,3.881,3.881,3.881,3.881,3.881,3.881,3.881,3.881,3.881,3.881,0,,False,False,True,,,,,,,,,,,,,,,False,False,9.45,,102.7,,75.7,,102.9,,1340,116,2,22,7,141747.1,18899.61,,Idle,,20,,10,,,20,Go Home,False,False,False,False,False,False,False,False,False,False,False,False,33.8027920380556,-117.4659261431046,3884.6,3884.6,1049.4,396.9,True,1,1,False,False,False,False,,True,False,False,Course Lock,196.8,67,16.4,93,N,S,3.13,11.4,Calm,False,False,Android,7.0.2,M300 RTK,1ZN7L4R0H1D00F,1W9DL31001461C,1ZMLH8300204F0,1Z6PH74DAP0QN7,"Corona, CA",728.3,5.7,137.7,8.547347,2.013246,0,0,DJI Matrice 300 RTK,M300 RTK,1ZN7L4R0H1D00F,1W9DL31001461C,1ZMLH8300204F0,1Z6PH74DAP0QN7,DJI Pilot,Android,7.0.2,1EF72A62-B7C3-C88D-164E-CE6F8C8424AE,1ZN7L4R0H1D00F,1W9DL31001461C,,1ZMLH8300204F0,1W9DL31001461C,,,,,
2023-11-01,11:33:36.33 AM,9m 14.0s,554.0,33.7959492754098,-117.4757453469533,23.9,137.7,15.0,1288,4759.0,7.020571,7.569323,-6.487126,2.23694,2.684328,2.684328,0.447388,0.894776,-2.2,-3.4,4,158.2,158.2,157.2,Tripod,Other,,21,5,True,,True,False,,Smart,RC,False,True,False,,,True,,False,False,False,False,False,False,False,False,False,False,0,Follow Yaw,-77.9,0,148.8,148.8,False,False,False,False,False,,0,0,False,False,No Card,100,100,1024,1391,748,989,2,False,False,False,False,False,0,False,False,False,False,70,,46.584,,7080,,10044,,46.584,,True,3.881,3.881,3.881,3.881,3.881,3.881,3.881,3.881,3.881,3.881,3.881,3.881,0,,False,False,True,,,,,,,,,,,,,,,False,False,18.924,,102.9,,75.7,,102.9,,1340,116,2,22,7,141747.1,18899.61,,Idle,,20,,10,,,20,Go Home,False,False,False,False,False,False,False,False,False,False,False,False,33.8027920380556,-117.4659261431046,3884.9,3884.9,1049.4,396.9,True,1,1,False,False,False,False,,True,False,False,Course Lock,196.8,67,16.4,93,N,S,3.13,11.4,Calm,False,False,Android,7.0.2,M300 RTK,1ZN7L4R0H1D00F,1W9DL31001461C,1ZMLH8300204F0,1Z6PH74DAP0QN7,"Corona, CA",728.3,5.7,137.7,8.547347,2.013246,0,0,DJI Matrice 300 RTK,M300 RTK,1ZN7L4R0H1D00F,1W9DL31001461C,1ZMLH8300204F0,1Z6PH74DAP0QN7,DJI Pilot,Android,7.0.2,1EF72A62-B7C3-C88D-164E-CE6F8C8424AE,1ZN7L4R0H1D00F,1W9DL31001461C,,1ZMLH8300204F0,1W9DL31001461C,,,,,
2023-11-01,11:33:36.43 AM,9m 14.1s,554.1,33.7959466230729,-117.4757439095677,23.9,137.7,15.0,1288,4760.1,7.020571,7.569323,-6.487126,2.23694,2.684328,2.684328,0.447388,0.894776,-2.2,-2.5,3.3,157.7,157.7,155.7,Tripod,Other,,21,5,True,,True,False,,Smart,RC,False,True,False,,,True,,False,False,False,False,False,False,False,False,False,False,0,Follow Yaw,-77.9,0,148.7,148.7,False,False,False,False,False,,0,0,False,False,No Card,100,100,1024,1393,710,1024,2,False,False,False,False,False,0,False,False,False,False,70,,46.584,,7080,,10044,,46.584,,True,3.881,3.881,3.881,3.881,3.881,3.881,3.881,3.881,3.881,3.881,3.881,3.881,0,,False,False,True,,,,,,,,,,,,,,,False,False,18.924,,102.9,,75.7,,102.9,,1340,116,2,22,7,141747.1,18899.61,,Idle,,20,,10,,,20,Go Home,False,False,False,False,False,False,False,False,False,False,False,False,33.8027920380556,-117.4659261431046,3885.2,3885.2,1049.4,396.9,True,1,1,False,False,False,False,,True,False,False,Course Lock,196.8,67,16.4,93,N,S,3.13,11.4,Calm,False,False,Android,7.0.2,M300 RTK,1ZN7L4R0H1D00F,1W9DL31001461C,1ZMLH8300204F0,1Z6PH74DAP0QN7,"Corona, CA",728.3,5.7,137.7,8.547347,2.013246,0,0,DJI Matrice 300 RTK,M300 RTK,1ZN7L4R0H1D00F,1W9DL31001461C,1ZMLH8300204F0,1Z6PH74DAP0QN7,DJI Pilot,Android,7.0.2,1EF72A62-B7C3-C88D-164E-CE6F8C8424AE,1ZN7L4R0H1D00F,1W9DL31001461C,,1ZMLH8300204F0,1W9DL31001461C,,,,,
2023-11-01,11:33:36.53 AM,9m 14.2s,554.2,33.7959439928719,-117.4757425083023,23.9,137.7,15.0,1288,4761.1,7.020571,7.569323,-6.487126,2.23694,2.684328,2.684328,0.447388,0.894776,-2.2,-1.4,2.6,157.4,157.4,156.1,Tripod,Other,,21,5,True,,True,False,,Smart,RC,False,True,False,,,True,,False,False,False,False,False,False,False,False,False,False,0,Follow Yaw,-77.9,0,148.6,148.6,False,False,False,False,False,,0,0,False,False,No Card,100,100,1024,1392,709,1024,2,False,False,False,False,False,0,False,False,False,False,70,,46.584,,7080,,10044,,46.584,,True,3.881,3.881,3.881,3.881,3.881,3.881,3.881,3.881,3.881,3.881,3.881,3.881,0,,False,False,True,,,,,,,,,,,,,,,False,False,18.924,,102.9,,75.7,,102.9,,1340,116,2,22,7,141747.1,18899.61,,Idle,,20,,10,,,20,Go Home,False,False,False,False,False,False,False,False,False,False,False,False,33.8027920380556,-117.4659261431046,3885.5,3885.5,1049.4,396.9,True,1,1,False,False,False,False,,True,False,False,Course Lock,196.8,67,16.4,93,N,SW,3.13,11.4,Calm,False,False,Android,7.0.2,M300 RTK,1ZN7L4R0H1D00F,1W9DL31001461C,1ZMLH8300204F0,1Z6PH74DAP0QN7,"Corona, CA",728.3,5.7,137.7,8.547347,2.013246,0,0,DJI Matrice 300 RTK,M300 RTK,1ZN7L4R0H1D00F,1W9DL31001461C,1ZMLH8300204F0,1Z6PH74DAP0QN7,DJI Pilot,Android,7.0.2,1EF72A62-B7C3-C88D-164E-CE6F8C8424AE,1ZN7L4R0H1D00F,1W9DL31001461C,,1ZMLH8300204F0,1W9DL31001461C,,,,,
2023-11-01,11:33:36.64 AM,9m 14.3s,554.3,33.7959412783762,-117.4757411345807,23.6,137.7,15.0,1287,4762.2,7.020571,7.569323,-6.487126,2.23694,2.684328,2.684328,0.447388,0.894776,-2.3,-0.4,2.3,157.1,157.1,157.1,Tripod,Other,,21,5,True,,True,False,,Smart,RC,False,True,False,,,True,,False,False,False,False,False,False,False,False,False,False,0,Follow Yaw,-77.9,0,148.6,148.6,False,False,False,False,False,,0,0,False,False,No Card,100,100,1024,1393,718,1024,2,False,False,False,False,False,0,False,False,False,False,70,,46.584,,7080,,10044,,46.584,,True,3.881,3.881,3.881,3.881,3.881,3.881,3.881,3.881,3.881,3.881,3.881,3.881,0,,False,False,True,,,,,,,,,,,,,,,False,False,18.924,,102.9,,75.7,,102.9,,1341,116,2,22,7,141392.9,18852.39,,Idle,,20,,10,,,20,Go Home,False,False,False,False,False,False,False,False,False,False,False,False,33.8027920380556,-117.4659261431046,3885.8,3885.8,1049.4,396.9,True,1,1,False,False,False,False,,True,False,False,Course Lock,196.8,67,16.4,93,N,SW,3.13,11.4,Calm,False,False,Android,7.0.2,M300 RTK,1ZN7L4R0H1D00F,1W9DL31001461C,1ZMLH8300204F0,1Z6PH74DAP0QN7,"Corona, CA",728.3,5.7,137.7,8.547347,2.013246,0,0,DJI Matrice 300 RTK,M300 RTK,1ZN7L4R0H1D00F,1W9DL31001461C,1ZMLH8300204F0,1Z6PH74DAP0QN7,DJI Pilot,Android,7.0.2,1EF72A62-B7C3-C88D-164E-CE6F8C8424AE,1ZN7L4R0H1D00F,1W9DL31001461C,,1ZMLH8300204F0,1W9DL31001461C,,,,,
2023-11-01,11:33:36.74 AM,9m 14.4s,554.4,33.795938641185,-117.4757397465924,23.6,137.7,15.0,1287,4763.2,7.020571,7.569323,-6.487126,2.23694,2.684328,2.684328,0.447388,0.894776,-2.2,-0.1,2.2,156.9,156.9,156.3,Tripod,Other,,21,5,True,,True,False,,Smart,RC,False,True,False,,,True,,False,False,False,False,False,False,False,False,False,False,0,Follow Yaw,-77.9,0,148.6,148.6,False,False,False,False,False,,0,0,False,False,No Card,100,100,1024,1392,723,1024,2,False,False,False,False,False,0,False,False,False,False,70,,46.584,,7080,,10044,,46.584,,True,3.881,3.881,3.881,3.881,3.881,3.881,3.881,3.881,3.881,3.881,3.881,3.881,0,,False,False,True,,,,,,,,,,,,,,,False,False,18.924,,102.9,,75.7,,102.9,,1341,116,2,22,7,141392.9,18852.39,,Idle,,20,,10,,,20,Go Home,False,False,False,False,False,False,False,False,False,False,False,False,33.8027920380556,-117.4659261431046,3886.1,3886.1,1049.4,396.9,True,1,1,False,False,False,False,,True,False,False,Course Lock,196.8,67,16.4,93,N,SW,3.13,11.4,Calm,False,False,Android,7.0.2,M300 RTK,1ZN7L4R0H1D00F,1W9DL31001461C,1ZMLH8300204F0,1Z6PH74DAP0QN7,"Corona, CA",728.3,5.7,137.7,8.547347,2.013246,0,0,DJI Matrice 300 RTK,M300 RTK,1ZN7L4R0H1D00F,1W9DL31001461C,1ZMLH8300204F0,1Z6PH74DAP0QN7,DJI Pilot,Android,7.0.2,1EF72A62-B7C3-C88D-164E-CE6F8C8424AE,1ZN7L4R0H1D00F,1W9DL31001461C,,1ZMLH8300204F0,1W9DL31001461C,,,,,
2023-11-01,11:33:36.84 AM,9m 14.5s,554.5,33.7959359720577,-117.4757383436776,23.6,137.7,15.0,1287,4764.3,7.020571,7.569323,-6.487126,2.23694,2.684328,2.684328,0.447388,0.894776,-2,-0.5,2,156.7,156.7,156.4,Tripod,Other,,21,5,True,,True,False,,Smart,RC,False,True,False,,,True,,False,False,False,False,False,False,False,False,False,False,0,Follow Yaw,-77.9,0,148.6,148.6,False,False,False,False,False,,0,0,False,False,No Card,100,100,1024,1392,732,1024,2,False,False,False,False,False,0,False,False,False,False,70,,46.584,,7080,,10044,,46.584,,True,3.881,3.881,3.881,3.881,3.881,3.881,3.881,3.881,3.881,3.881,3.881,3.881,0,,False,False,True,,,,,,,,,,,,,,,False,False,18.924,,102.9,,75.7,,102.9,,1341,116,2,22,7,141392.9,18852.39,,Idle,,20,,10,,,20,Go Home,False,False,False,False,False,False,False,False,False,False,False,False,33.8027920380556,-117.4659261431046,3886.4,3886.4,1049.4,396.9,True,1,1,False,False,False,False,,True,False,False,Course Lock,196.8,67,16.4,93,N,SW,3.13,11.4,Calm,False,False,Android,7.0.2,M300 RTK,1ZN7L4R0H1D00F,1W9DL31001461C,1ZMLH8300204F0,1Z6PH74DAP0QN7,"Corona, CA",728.3,5.7,137.7,8.547347,2.013246,0,0,DJI Matrice 300 RTK,M300 RTK,1ZN7L4R0H1D00F,1W9DL31001461C,1ZMLH8300204F0,1Z6PH74DAP0QN7,DJI Pilot,Android,7.0.2,1EF72A62-B7C3-C88D-164E-CE6F8C8424AE,1ZN7L4R0H1D00F,1W9DL31001461C,,1ZMLH8300204F0,1W9DL31001461C,,,,,
2023-11-01,11:33:36.94 AM,9m 14.6s,554.6,33.7959333301377,-117.4757369909024,23.2,137.7,14.7,1287,4765.3,7.020571,7.569323,-6.487126,2.23694,2.684328,2.684328,0.671082,0.894776,-2.2,-1.1,2.4,156.6,156.6,156.9,Tripod,Other,,21,5,True,,True,False,,Smart,RC,False,True,False,,,True,,False,False,False,False,False,False,False,False,False,False,0,Follow Yaw,-77.9,0,148.6,148.6,False,False,False,False,False,,0,0,False,False,No Card,100,100,1024,1392,731,1024,2,False,False,False,False,False,0,False,False,False,False,70,,46.584,,7080,,10044,,46.584,,True,3.881,3.881,3.881,3.881,3.881,3.881,3.881,3.881,3.881,3.881,3.881,3.881,0,,False,False,True,,,,,,,,,,,,,,,False,False,18.924,,102.9,,75.7,,102.9,,1341,116,2,22,7,141392.9,18852.39,,Idle,,20,,10,,,20,Go Home,False,False,False,False,False,False,False,False,False,False,False,False,33.8027920380556,-117.4659261431046,3886.7,3886.7,1049.4,396.9,True,1,1,False,False,False,False,,True,False,False,Course Lock,196.8,67,16.4,93,N,SW,2.9,11.4,Calm,False,False,Android,7.0.2,M300 RTK,1ZN7L4R0H1D00F,1W9DL31001461C,1ZMLH8300204F0,1Z6PH74DAP0QN7,"Corona, CA",728.3,5.7,137.7,8.547347,2.013246,0,0,DJI Matrice 300 RTK,M300 RTK,1ZN7L4R0H1D00F,1W9DL31001461C,1ZMLH8300204F0,1Z6PH74DAP0QN7,DJI Pilot,Android,7.0.2,1EF72A62-B7C3-C88D-164E-CE6F8C8424AE,1ZN7L4R0H1D00F,1W9DL31001461C,,1ZMLH8300204F0,1W9DL31001461C,,,,,
2023-11-01,11:33:37.05 AM,9m 14.7s,554.7,33.7959309361676,-117.4757357199336,23.2,137.7,14.7,1287,4766.3,7.020571,7.569323,-6.487126,2.23694,2.684328,2.684328,0.671082,0.894776,-2.5,-1.4,2.8,156.6,156.6,156.1,Tripod,Other,,21,5,True,,True,False,,Smart,RC,False,True,False,,,True,,False,False,False,False,False,False,False,False,False,False,0,Follow Yaw,-77.9,0,148.6,148.6,False,False,False,False,False,,0,0,False,False,No Card,100,100,1024,1390,730,1024,2,False,False,False,False,False,0,False,False,False,False,71,,46.584,,3540,,4986,,46.584,,True,3.881,3.881,3.881,3.881,3.881,3.881,3.881,3.881,3.881,3.881,3.881,3.881,0,,False,False,True,,,,,,,,,,,,,,,False,False,9.386,,102.7,,75.7,,102.9,,1341,116,2,22,7,141392.9,18852.39,,Idle,,20,,10,,,20,Go Home,False,False,False,False,False,False,False,False,False,False,False,False,33.8027920380556,-117.4659261431046,3886.9,3886.9,1049.4,396.9,True,1,1,False,False,False,False,,True,False,False,Course Lock,196.8,67,16.4,93,N,SW,2.9,11.4,Calm,False,False,Android,7.0.2,M300 RTK,1ZN7L4R0H1D00F,1W9DL31001461C,1ZMLH8300204F0,1Z6PH74DAP0QN7,"Corona, CA",728.3,5.7,137.7,8.547347,2.013246,0,0,DJI Matrice 300 RTK,M300 RTK,1ZN7L4R0H1D00F,1W9DL31001461C,1ZMLH8300204F0,1Z6PH74DAP0QN7,DJI Pilot,Android,7.0.2,1EF72A62-B7C3-C88D-164E-CE6F8C8424AE,1ZN7L4R0H1D00F,1W9DL31001461C,,1ZMLH8300204F0,1W9DL31001461C,,,,,
2023-11-01,11:33:37.15 AM,9m 14.8s,554.8,33.795928324813,-117.4757343843113,23.2,137.7,14.7,1287,4767.3,7.020571,7.569323,-6.487126,2.23694,2.684328,2.684328,0.671082,0.894776,-2.8,-1.4,3.1,156.6,156.6,156.9,Tripod,Other,,21,5,True,,True,False,,Smart,RC,False,True,False,,,True,,False,False,False,False,False,False,False,False,False,False,0,Follow Yaw,-77.9,0,148.6,148.6,False,False,False,False,False,,0,0,False,False,No Card,100,100,1024,1391,726,1024,2,False,False,False,False,False,0,False,False,False,False,71,,46.584,,3540,,4986,,46.584,,True,3.881,3.881,3.881,3.881,3.881,3.881,3.881,3.881,3.881,3.881,3.881,3.881,0,,False,False,True,,,,,,,,,,,,,,,False,False,9.386,,102.7,,75.7,,102.9,,1341,116,2,22,7,141392.9,18852.39,,Idle,,20,,10,,,20,Go Home,False,False,False,False,False,False,False,False,False,False,False,False,33.8027920380556,-117.4659261431046,3887.3,3887.3,1049.4,396.9,True,1,1,False,False,False,False,,True,False,False,Course Lock,196.8,67,16.4,93,N,SW,2.9,11.4,Calm,False,False,Android,7.0.2,M300 RTK,1ZN7L4R0H1D00F,1W9DL31001461C,1ZMLH8300204F0,1Z6PH74DAP0QN7,"Corona, CA",728.3,5.7,137.7,8.547347,2.013246,0,0,DJI Matrice 300 RTK,M300 RTK,1ZN7L4R0H1D00F,1W9DL31001461C,1ZMLH8300204F0,1Z6PH74DAP0QN7,DJI Pilot,Android,7.0.2,1EF72A62-B7C3-C88D-164E-CE6F8C8424AE,1ZN7L4R0H1D00F,1W9DL31001461C,,1ZMLH8300204F0,1W9DL31001461C,,,,,
2023-11-01,11:33:37.26 AM,9m 14.9s,554.9,33.7959256598662,-117.4757329525334,23.2,137.7,14.7,1287,4768.4,7.020571,7.569323,-6.487126,2.23694,2.684328,2.684328,0.671082,0.894776,-2.9,-1.3,3.1,156.5,156.5,155.9,Tripod,Other,,21,5,True,,True,False,,Smart,RC,False,True,False,,,True,,False,False,False,False,False,False,False,False,False,False,0,Follow Yaw,-77.9,0,148.6,148.6,False,False,False,False,False,,0,0,False,False,No Card,100,100,1024,1391,729,1067,2,False,False,False,False,False,0,False,False,False,False,71,,46.584,,3540,,4986,,46.584,,True,3.881,3.881,3.881,3.881,3.881,3.881,3.881,3.881,3.881,3.881,3.881,3.881,0,,False,False,True,,,,,,,,,,,,,,,False,False,9.386,,102.7,,75.7,,102.9,,1341,116,2,22,7,141392.9,18852.39,,Idle,,20,,10,,,20,Go Home,False,False,False,False,False,False,False,False,False,False,False,False,33.8027920380556,-117.4659261431046,3887.5,3887.5,1049.4,396.9,True,1,1,False,False,False,False,,True,False,False,Course Lock,196.8,67,16.4,93,N,SW,2.9,11.4,Calm,False,False,Android,7.0.2,M300 RTK,1ZN7L4R0H1D00F,1W9DL31001461C,1ZMLH8300204F0,1Z6PH74DAP0QN7,"Corona, CA",728.3,5.7,137.7,8.547347,2.013246,0,0,DJI Matrice 300 RTK,M300 RTK,1ZN7L4R0H1D00F,1W9DL31001461C,1ZMLH8300204F0,1Z6PH74DAP0QN7,DJI Pilot,Android,7.0.2,1EF72A62-B7C3-C88D-164E-CE6F8C8424AE,1ZN7L4R0H1D00F,1W9DL31001461C,,1ZMLH8300204F0,1W9DL31001461C,,,,,
2023-11-01,11:33:37.36 AM,9m 15.0s,555.0,33.7959230329548,-117.4757316098191,22.9,137.7,14.7,1287,4769.4,7.020571,7.569323,-6.487126,2.23694,2.684328,2.684328,0.671082,0.894776,-2.7,-1.1,2.9,156.6,156.6,156.9,Tripod,Other,,21,5,True,,True,False,,Smart,RC,False,True,False,,,True,,False,False,False,False,False,False,False,False,False,False,0,Follow Yaw,-77.9,0,148.6,148.6,False,False,False,False,False,,0,0,False,False,No Card,100,100,1024,1392,729,1075,2,False,False,False,False,False,0,False,False,False,False,70,,46.536,,7030,,10044,,46.536,,True,3.881,3.881,3.881,3.881,3.881,3.881,3.881,3.881,3.881,3.881,3.881,3.881,0,,False,False,True,,,,,,,,,,,,,,,False,False,18.762,,102.9,,75.7,,102.9,,1341,116,2,22,7,141392.9,18852.39,,Idle,,20,,10,,,20,Go Home,False,False,False,False,False,False,False,False,False,False,False,False,33.8027920380556,-117.4659261431046,3887.9,3887.9,1049.4,396.9,True,1,1,False,False,False,False,,True,False,False,Course Lock,196.8,67,16.4,93,N,SW,2.9,11.4,Calm,False,False,Android,7.0.2,M300 RTK,1ZN7L4R0H1D00F,1W9DL31001461C,1ZMLH8300204F0,1Z6PH74DAP0QN7,"Corona, CA",728.3,5.7,137.7,8.547347,2.013246,0,0,DJI Matrice 300 RTK,M300 RTK,1ZN7L4R0H1D00F,1W9DL31001461C,1ZMLH8300204F0,1Z6PH74DAP0QN7,DJI Pilot,Android,7.0.2,1EF72A62-B7C3-C88D-164E-CE6F8C8424AE,1ZN7L4R0H1D00F,1W9DL31001461C,,1ZMLH8300204F0,1W9DL31001461C,,,,,
2023-11-01,11:33:37.44 AM,9m 15.1s,555.1,33.795920128419,-117.4757300002441,22.9,137.7,14.7,1287,4770.6,7.020571,7.569323,-6.487126,2.23694,2.684328,2.684328,0.671082,0.894776,-2.6,-1.1,2.8,156.7,156.7,155.2,Tripod,Other,,21,5,True,,True,False,,Smart,RC,False,True,False,,,True,,False,False,False,False,False,False,False,False,False,False,0,Follow Yaw,-77.9,0,148.6,148.6,False,False,False,False,False,,0,0,False,False,No Card,100,100,1024,1392,741,1072,2,False,False,False,False,False,0,False,False,False,False,70,,46.536,,7030,,10044,,46.536,,True,3.881,3.881,3.881,3.881,3.881,3.881,3.881,3.881,3.881,3.881,3.881,3.881,0,,False,False,True,,,,,,,,,,,,,,,False,False,18.762,,102.9,,75.7,,102.9,,1341,116,2,22,7,141392.9,18852.39,,Idle,,20,,10,,,20,Go Home,False,False,False,False,False,False,False,False,False,False,False,False,33.8027920380556,-117.4659261431046,3888.2,3888.2,1049.4,396.9,True,1,1,False,False,False,False,,True,False,False,Course Lock,196.8,67,16.4,93,N,SW,2.9,11.4,Calm,False,False,Android,7.0.2,M300 RTK,1ZN7L4R0H1D00F,1W9DL31001461C,1ZMLH8300204F0,1Z6PH74DAP0QN7,"Corona, CA",728.3,5.7,137.7,8.547347,2.013246,0,0,DJI Matrice 300 RTK,M300 RTK,1ZN7L4R0H1D00F,1W9DL31001461C,1ZMLH8300204F0,1Z6PH74DAP0QN7,DJI Pilot,Android,7.0.2,1EF72A62-B7C3-C88D-164E-CE6F8C8424AE,1ZN7L4R0H1D00F,1W9DL31001461C,,1ZMLH8300204F0,1W9DL31001461C,,,,,
2023-11-01,11:33:37.56 AM,9m 15.2s,555.2,33.7959174636778,-117.4757286444176,22.9,137.7,14.7,1287,4771.7,7.020571,7.569323,-6.487126,2.23694,2.684328,2.684328,0.671082,0.894776,-2.4,-1.1,2.6,156.8,156.8,157.0,Tripod,Other,,21,5,True,,True,False,,Smart,RC,False,True,False,,,True,,False,False,False,False,False,False,False,False,False,False,0,Follow Yaw,-77.9,0,148.7,148.7,False,False,False,False,False,,0,0,False,False,No Card,100,100,1024,1392,784,1024,2,False,False,False,False,False,0,False,False,False,False,70,,46.536,,7030,,10044,,46.536,,True,3.881,3.881,3.881,3.881,3.881,3.881,3.881,3.881,3.881,3.881,3.881,3.881,0,,False,False,True,,,,,,,,,,,,,,,False,False,18.762,,102.9,,75.7,,102.9,,1341,116,2,22,7,141392.9,18852.39,,Idle,,20,,10,,,20,Go Home,False,False,False,False,False,False,False,False,False,False,False,False,33.8027920380556,-117.4659261431046,3888.5,3888.5,1049.4,396.9,True,1,1,False,False,False,False,,True,False,False,Course Lock,196.8,67,16.4,93,N,SW,2.9,11.4,Calm,False,False,Android,7.0.2,M300 RTK,1ZN7L4R0H1D00F,1W9DL31001461C,1ZMLH8300204F0,1Z6PH74DAP0QN7,"Corona, CA",728.3,5.7,137.7,8.547347,2.013246,0,0,DJI Matrice 300 RTK,M300 RTK,1ZN7L4R0H1D00F,1W9DL31001461C,1ZMLH8300204F0,1Z6PH74DAP0QN7,DJI Pilot,Android,7.0.2,1EF72A62-B7C3-C88D-164E-CE6F8C8424AE,1ZN7L4R0H1D00F,1W9DL31001461C,,1ZMLH8300204F0,1W9DL31001461C,,,,,
2023-11-01,11:33:37.67 AM,9m 15.3s,555.3,33.7959149249675,-117.4757274970656,22.6,137.7,14.7,1286,4772.7,6.938121,7.569323,-6.487126,2.23694,2.460634,2.684328,0.671082,0.894776,-2.3,-1.2,2.5,156.8,156.8,159.4,Tripod,Other,,21,5,True,,True,False,,Smart,RC,False,True,False,,,True,,False,False,False,False,False,False,False,False,False,False,0,Follow Yaw,-77.9,0,148.7,148.7,False,False,False,False,False,,0,0,False,False,No Card,100,100,1024,1394,779,1024,2,False,False,False,False,False,0,False,False,False,False,70,,46.536,,7030,,10044,,46.536,,True,3.88,3.88,3.88,3.88,3.88,3.88,3.88,3.88,3.88,3.88,3.88,3.88,0,,False,False,True,,,,,,,,,,,,,,,False,False,18.762,,102.9,,75.7,,102.9,,1342,116,2,22,7,141144.2,18819.22,,Idle,,20,,10,,,20,Go Home,False,False,False,False,False,False,False,False,False,False,False,False,33.8027920380556,-117.4659261431046,3888.8,3888.8,1049.4,396.9,True,1,1,False,False,False,False,,True,False,False,Course Lock,196.8,67,16.4,93,N,SW,2.9,11.4,Calm,False,False,Android,7.0.2,M300 RTK,1ZN7L4R0H1D00F,1W9DL31001461C,1ZMLH8300204F0,1Z6PH74DAP0QN7,"Corona, CA",728.3,5.7,137.7,8.547347,2.013246,0,0,DJI Matrice 300 RTK,M300 RTK,1ZN7L4R0H1D00F,1W9DL31001461C,1ZMLH8300204F0,1Z6PH74DAP0QN7,DJI Pilot,Android,7.0.2,1EF72A62-B7C3-C88D-164E-CE6F8C8424AE,1ZN7L4R0H1D00F,1W9DL31001461C,,1ZMLH8300204F0,1W9DL31001461C,,,,,
2023-11-01,11:33:37.74 AM,9m 15.4s,555.4,33.7959122636528,-117.4757261694425,22.6,137.7,14.7,1286,4773.7,6.938121,7.569323,-6.487126,2.23694,2.460634,2.684328,0.447388,0.894776,-2.4,-1.4,2.7,156.8,156.8,157.4,Tripod,Other,,21,5,True,,True,False,,Smart,RC,False,True,False,,,True,,False,False,False,False,False,False,False,False,False,False,0,Follow Yaw,-77.9,0,148.7,148.7,False,False,False,False,False,,0,0,False,False,No Card,100,100,1024,1393,782,1024,2,False,False,False,False,False,0,False,False,False,False,70,,46.536,,7030,,10044,,46.536,,True,3.88,3.88,3.88,3.88,3.88,3.88,3.88,3.88,3.88,3.88,3.88,3.88,0,,False,False,True,,,,,,,,,,,,,,,False,False,18.762,,102.9,,75.7,,102.9,,1342,116,2,22,7,141144.2,18819.22,,Idle,,20,,10,,,20,Go Home,False,False,False,False,False,False,False,False,False,False,False,False,33.8027920380556,-117.4659261431046,3889.1,3889.1,1049.4,396.9,True,1,1,False,False,False,False,,True,False,False,Course Lock,196.8,67,16.4,93,N,SW,2.9,11.4,Calm,False,False,Android,7.0.2,M300 RTK,1ZN7L4R0H1D00F,1W9DL31001461C,1ZMLH8300204F0,1Z6PH74DAP0QN7,"Corona, CA",728.3,5.7,137.7,8.547347,2.013246,0,0,DJI Matrice 300 RTK,M300 RTK,1ZN7L4R0H1D00F,1W9DL31001461C,1ZMLH8300204F0,1Z6PH74DAP0QN7,DJI Pilot,Android,7.0.2,1EF72A62-B7C3-C88D-164E-CE6F8C8424AE,1ZN7L4R0H1D00F,1W9DL31001461C,,1ZMLH8300204F0,1W9DL31001461C,,,,,
2023-11-01,11:33:37.87 AM,9m 15.5s,555.5,33.7959097608534,-117.4757247951436,22.6,137.7,14.7,1286,4774.7,6.938121,7.569323,-6.487126,2.23694,2.460634,2.684328,0.447388,0.894776,-2.6,-1.2,2.8,156.7,156.7,155.4,Tripod,Other,,21,5,True,,True,False,,Smart,RC,False,True,False,,,True,,False,False,False,False,False,False,False,False,False,False,0,Follow Yaw,-77.9,0,148.7,148.7,False,False,False,False,False,,0,0,False,False,No Card,100,100,1024,1395,796,1024,2,False,False,False,False,False,0,False,False,False,False,70,,46.536,,7030,,10044,,46.536,,True,3.88,3.88,3.88,3.88,3.88,3.88,3.88,3.88,3.88,3.88,3.88,3.88,0,,False,False,True,,,,,,,,,,,,,,,False,False,18.762,,102.9,,75.7,,102.9,,1342,116,2,22,7,141144.2,18819.22,,Idle,,20,,10,,,20,Go Home,False,False,False,False,False,False,False,False,False,False,False,False,33.8027920380556,-117.4659261431046,3889.4,3889.4,1049.4,396.9,True,1,1,False,False,False,False,,True,False,False,Course Lock,196.8,67,16.4,93,N,SW,2.9,11.4,Calm,False,False,Android,7.0.2,M300 RTK,1ZN7L4R0H1D00F,1W9DL31001461C,1ZMLH8300204F0,1Z6PH74DAP0QN7,"Corona, CA",728.3,5.7,137.7,8.547347,2.013246,0,0,DJI Matrice 300 RTK,M300 RTK,1ZN7L4R0H1D00F,1W9DL31001461C,1ZMLH8300204F0,1Z6PH74DAP0QN7,DJI Pilot,Android,7.0.2,1EF72A62-B7C3-C88D-164E-CE6F8C8424AE,1ZN7L4R0H1D00F,1W9DL31001461C,,1ZMLH8300204F0,1W9DL31001461C,,,,,
2023-11-01,11:33:37.94 AM,9m 15.6s,555.6,33.7959071083795,-117.4757234625725,22.3,137.7,14.4,1286,4775.8,7.020571,7.569323,-6.487126,2.23694,2.684328,2.684328,0.447388,0.894776,-2.7,-1.1,2.9,156.7,156.7,157.3,Tripod,Other,,21,5,True,,True,False,,Smart,RC,False,True,False,,,True,,False,False,False,False,False,False,False,False,False,False,0,Follow Yaw,-77.9,0,148.7,148.7,False,False,False,False,False,,0,0,False,False,No Card,100,100,1024,1397,800,1024,2,False,False,False,False,False,0,False,False,False,False,70,,46.536,,7030,,10044,,46.536,,True,3.88,3.88,3.88,3.88,3.88,3.88,3.88,3.88,3.88,3.88,3.88,3.88,0,,False,False,True,,,,,,,,,,,,,,,False,False,18.762,,102.9,,75.7,,102.9,,1342,116,2,22,7,141144.2,18819.22,,Idle,,20,,10,,,20,Go Home,False,False,False,False,False,False,False,False,False,False,False,False,33.8027920380556,-117.4659261431046,3889.7,3889.7,1049.4,396.9,True,1,1,False,False,False,False,,True,False,False,Course Lock,196.8,67,16.4,93,N,SW,2.9,11.4,Calm,False,False,Android,7.0.2,M300 RTK,1ZN7L4R0H1D00F,1W9DL31001461C,1ZMLH8300204F0,1Z6PH74DAP0QN7,"Corona, CA",728.3,5.7,137.7,8.547347,2.013246,0,0,DJI Matrice 300 RTK,M300 RTK,1ZN7L4R0H1D00F,1W9DL31001461C,1ZMLH8300204F0,1Z6PH74DAP0QN7,DJI Pilot,Android,7.0.2,1EF72A62-B7C3-C88D-164E-CE6F8C8424AE,1ZN7L4R0H1D00F,1W9DL31001461C,,1ZMLH8300204F0,1W9DL31001461C,,,,,
2023-11-01,11:33:38.04 AM,9m 15.7s,555.7,33.7959043641408,-117.4757219954991,22.3,137.7,14.7,1286,4776.9,7.020571,7.569323,-6.487126,2.23694,2.684328,2.684328,0.447388,0.894776,-2.7,-1.2,2.9,156.7,156.7,156.0,Tripod,Other,,21,5,True,,True,False,,Smart,RC,False,True,False,,,True,,False,False,False,False,False,False,False,False,False,False,0,Follow Yaw,-77.9,0,148.7,148.7,False,False,False,False,False,,0,0,False,False,No Card,100,100,1024,1396,830,1024,2,False,False,False,False,False,0,False,False,False,False,70,,46.536,,7030,,10044,,46.536,,True,3.88,3.88,3.88,3.88,3.88,3.88,3.88,3.88,3.88,3.88,3.88,3.88,0,,False,False,True,,,,,,,,,,,,,,,False,False,18.762,,102.9,,75.7,,102.9,,1342,116,2,22,7,141144.2,18819.22,,Idle,,20,,10,,,20,Go Home,False,False,False,False,False,False,False,False,False,False,False,False,33.8027920380556,-117.4659261431046,3890.0,3890.0,1049.4,396.9,True,1,1,False,False,False,False,,True,False,False,Course Lock,196.8,67,16.4,93,N,SW,2.9,11.4,Calm,False,False,Android,7.0.2,M300 RTK,1ZN7L4R0H1D00F,1W9DL31001461C,1ZMLH8300204F0,1Z6PH74DAP0QN7,"Corona, CA",728.3,5.7,137.7,8.547347,2.013246,0,0,DJI Matrice 300 RTK,M300 RTK,1ZN7L4R0H1D00F,1W9DL31001461C,1ZMLH8300204F0,1Z6PH74DAP0QN7,DJI Pilot,Android,7.0.2,1EF72A62-B7C3-C88D-164E-CE6F8C8424AE,1ZN7L4R0H1D00F,1W9DL31001461C,,1ZMLH8300204F0,1W9DL31001461C,,,,,
2023-11-01,11:33:38.14 AM,9m 15.8s,555.8,33.7959016881945,-117.4757206480842,22.3,137.7,14.7,1286,4777.9,7.020571,7.569323,-6.487126,2.23694,2.684328,2.684328,0.447388,0.894776,-2.7,-1.3,2.9,156.8,156.8,157.2,Tripod,Other,,21,5,True,,True,False,,Smart,RC,False,True,False,,,True,,False,False,False,False,False,False,False,False,False,False,0,Follow Yaw,-77.9,0,148.7,148.7,False,False,False,False,False,,0,0,False,False,No Card,100,100,1024,1396,852,1024,2,False,False,False,False,False,0,False,False,False,False,70,,46.536,,7030,,10044,,46.536,,True,3.88,3.88,3.88,3.88,3.88,3.88,3.88,3.88,3.88,3.88,3.88,3.88,0,,False,False,True,,,,,,,,,,,,,,,False,False,18.762,,102.9,,75.7,,102.9,,1342,116,2,22,7,141144.2,18819.22,,Idle,,20,,10,,,20,Go Home,False,False,False,False,False,False,False,False,False,False,False,False,33.8027920380556,-117.4659261431046,3890.3,3890.3,1049.4,396.9,True,1,1,False,False,False,False,,True,False,False,Course Lock,196.8,67,16.4,93,N,SW,2.9,11.4,Calm,False,False,Android,7.0.2,M300 RTK,1ZN7L4R0H1D00F,1W9DL31001461C,1ZMLH8300204F0,1Z6PH74DAP0QN7,"Corona, CA",728.3,5.7,137.7,8.547347,2.013246,0,0,DJI Matrice 300 RTK,M300 RTK,1ZN7L4R0H1D00F,1W9DL31001461C,1ZMLH8300204F0,1Z6PH74DAP0QN7,DJI Pilot,Android,7.0.2,1EF72A62-B7C3-C88D-164E-CE6F8C8424AE,1ZN7L4R0H1D00F,1W9DL31001461C,,1ZMLH8300204F0,1W9DL31001461C,,,,,
2023-11-01,11:33:38.24 AM,9m 15.9s,555.9,33.7958987165314,-117.4757192704041,22.3,137.7,14.7,1286,4779.1,7.020571,7.569323,-6.487126,2.23694,2.684328,2.684328,0.447388,0.894776,-2.7,-1.5,3,156.8,156.8,158.9,Tripod,Other,,21,5,True,,True,False,,Smart,RC,False,True,False,,,True,,False,False,False,False,False,False,False,False,False,False,0,Follow Yaw,-77.9,0,148.7,148.7,False,False,False,False,False,,0,0,False,False,No Card,100,100,1024,1396,844,1024,2,False,False,False,False,False,0,False,False,False,False,70,,46.536,,7030,,10044,,46.536,,True,3.88,3.88,3.88,3.88,3.88,3.88,3.88,3.88,3.88,3.88,3.88,3.88,0,,False,False,True,,,,,,,,,,,,,,,False,False,18.762,,102.9,,75.7,,102.9,,1342,116,2,22,7,141144.2,18819.22,,Idle,,20,,10,,,20,Go Home,False,False,False,False,False,False,False,False,False,False,False,False,33.8027920380556,-117.4659261431046,3890.7,3890.7,1049.4,396.9,True,1,1,False,False,False,False,,True,False,False,Course Lock,196.8,67,16.4,93,N,SW,2.9,11.4,Calm,False,False,Android,7.0.2,M300 RTK,1ZN7L4R0H1D00F,1W9DL31001461C,1ZMLH8300204F0,1Z6PH74DAP0QN7,"Corona, CA",728.3,5.7,137.7,8.547347,2.013246,0,0,DJI Matrice 300 RTK,M300 RTK,1ZN7L4R0H1D00F,1W9DL31001461C,1ZMLH8300204F0,1Z6PH74DAP0QN7,DJI Pilot,Android,7.0.2,1EF72A62-B7C3-C88D-164E-CE6F8C8424AE,1ZN7L4R0H1D00F,1W9DL31001461C,,1ZMLH8300204F0,1W9DL31001461C,,,,,
2023-11-01,11:33:38.34 AM,9m 16.0s,556.0,33.7958959991574,-117.4757179147425,21.9,137.7,14.7,1286,4780.1,7.020571,7.569323,-6.487126,2.23694,2.684328,2.684328,0.447388,0.894776,-2.6,-1.6,3,157,157,157.4,Tripod,Other,,21,5,True,,True,False,,Smart,RC,False,True,False,,,True,,False,False,False,False,False,False,False,False,False,False,0,Follow Yaw,-77.9,0,148.7,148.7,False,False,False,False,False,,0,0,False,False,No Card,100,100,1024,1395,832,1024,2,False,False,False,False,False,0,False,False,False,False,70,,46.464,,3490,,4986,,46.464,,True,3.88,3.88,3.88,3.88,3.88,3.88,3.88,3.88,3.88,3.88,3.88,3.88,0,,False,False,True,,,,,,,,,,,,,,,False,False,9.316,,102.7,,75.7,,102.9,,1342,116,2,22,7,141144.2,18819.22,,Idle,,20,,10,,,20,Go Home,False,False,False,False,False,False,False,False,False,False,False,False,33.8027920380556,-117.4659261431046,3891.0,3891.0,1049.4,396.9,True,1,1,False,False,False,False,,True,False,False,Course Lock,196.8,67,16.4,93,N,SW,2.9,11.4,Calm,False,False,Android,7.0.2,M300 RTK,1ZN7L4R0H1D00F,1W9DL31001461C,1ZMLH8300204F0,1Z6PH74DAP0QN7,"Corona, CA",728.3,5.7,137.7,8.547347,2.013246,0,0,DJI Matrice 300 RTK,M300 RTK,1ZN7L4R0H1D00F,1W9DL31001461C,1ZMLH8300204F0,1Z6PH74DAP0QN7,DJI Pilot,Android,7.0.2,1EF72A62-B7C3-C88D-164E-CE6F8C8424AE,1ZN7L4R0H1D00F,1W9DL31001461C,,1ZMLH8300204F0,1W9DL31001461C,,,,,
2023-11-01,11:33:38.44 AM,9m 16.1s,556.1,33.7958934448559,-117.4757168068918,21.9,137.7,14.7,1286,4781.1,7.020571,7.569323,-6.487126,2.23694,2.684328,2.684328,0.223694,0.894776,-2.4,-1.4,2.7,157.1,157.1,160.1,Tripod,Other,,21,5,True,,True,False,,Smart,RC,False,True,False,,,True,,False,False,False,False,False,False,False,False,False,False,0,Follow Yaw,-77.9,0,148.7,148.7,False,False,False,False,False,,0,0,False,False,No Card,100,100,1024,1394,820,1024,2,False,False,False,False,False,0,False,False,False,False,70,,46.464,,3490,,4986,,46.464,,True,3.88,3.88,3.88,3.88,3.88,3.88,3.88,3.88,3.88,3.88,3.88,3.88,0,,False,False,True,,,,,,,,,,,,,,,False,False,9.316,,102.7,,75.7,,102.9,,1342,116,2,22,7,141144.2,18819.22,,Idle,,20,,10,,,20,Go Home,False,False,False,False,False,False,False,False,False,False,False,False,33.8027920380556,-117.4659261431046,3891.4,3891.4,1049.4,396.9,True,1,1,False,False,False,False,,True,False,False,Course Lock,196.8,67,16.4,93,N,SW,3.13,11.4,Calm,False,False,Android,7.0.2,M300 RTK,1ZN7L4R0H1D00F,1W9DL31001461C,1ZMLH8300204F0,1Z6PH74DAP0QN7,"Corona, CA",728.3,5.7,137.7,8.547347,2.013246,0,0,DJI Matrice 300 RTK,M300 RTK,1ZN7L4R0H1D00F,1W9DL31001461C,1ZMLH8300204F0,1Z6PH74DAP0QN7,DJI Pilot,Android,7.0.2,1EF72A62-B7C3-C88D-164E-CE6F8C8424AE,1ZN7L4R0H1D00F,1W9DL31001461C,,1ZMLH8300204F0,1W9DL31001461C,,,,,
2023-11-01,11:33:38.54 AM,9m 16.2s,556.2,33.7958907330673,-117.475715467806,21.9,137.7,14.7,1286,4782.2,7.020571,7.569323,-6.487126,2.23694,2.684328,2.684328,0.223694,0.894776,-2.2,-1,2.4,157.2,157.2,157.6,Tripod,Other,,21,5,True,,True,False,,Smart,RC,False,True,False,,,True,,False,False,False,False,False,False,False,False,False,False,0,Follow Yaw,-77.9,0,148.7,148.7,False,False,False,False,False,,0,0,False,False,No Card,100,100,1024,1393,797,1024,2,False,False,False,False,False,0,False,False,False,False,70,,46.464,,3490,,4986,,46.464,,True,3.88,3.88,3.88,3.88,3.88,3.88,3.88,3.88,3.88,3.88,3.88,3.88,0,,False,False,True,,,,,,,,,,,,,,,False,False,9.316,,102.7,,75.7,,102.9,,1342,116,2,22,7,141144.2,18819.22,,Idle,,20,,10,,,20,Go Home,False,False,False,False,False,False,False,False,False,False,False,False,33.8027920380556,-117.4659261431046,3891.7,3891.7,1049.4,396.9,True,1,1,False,False,False,False,,True,False,False,Course Lock,196.8,67,16.4,93,N,SW,3.13,11.4,Calm,False,False,Android,7.0.2,M300 RTK,1ZN7L4R0H1D00F,1W9DL31001461C,1ZMLH8300204F0,1Z6PH74DAP0QN7,"Corona, CA",728.3,5.7,137.7,8.547347,2.013246,0,0,DJI Matrice 300 RTK,M300 RTK,1ZN7L4R0H1D00F,1W9DL31001461C,1ZMLH8300204F0,1Z6PH74DAP0QN7,DJI Pilot,Android,7.0.2,1EF72A62-B7C3-C88D-164E-CE6F8C8424AE,1ZN7L4R0H1D00F,1W9DL31001461C,,1ZMLH8300204F0,1W9DL31001461C,,,,,
2023-11-01,11:33:38.64 AM,9m 16.3s,556.3,33.7958879708389,-117.4757140803125,21.9,137.7,14.7,1286,4783.3,7.020571,7.569323,-6.487126,2.23694,2.684328,2.684328,0.223694,0.894776,-2.2,-0.8,2.3,157.2,157.2,157.3,Tripod,Other,,21,5,True,,True,False,,Smart,RC,False,True,False,,,True,,False,False,False,False,False,False,False,False,False,False,0,Follow Yaw,-77.9,0,148.7,148.7,False,False,False,False,False,,0,0,False,False,No Card,100,100,1024,1392,772,1024,2,False,False,False,False,False,0,False,False,False,False,70,,46.464,,3490,,4986,,46.464,,True,3.874,3.874,3.874,3.874,3.874,3.874,3.874,3.874,3.874,3.874,3.874,3.874,0,,False,False,True,,,,,,,,,,,,,,,False,False,9.316,,102.7,,75.7,,102.9,,1342,116,2,22,7,140945.3,18792.71,,Idle,,20,,10,,,20,Go Home,False,False,False,False,False,False,False,False,False,False,False,False,33.8027920380556,-117.4659261431046,3892.1,3892.1,1049.4,396.9,True,1,1,False,False,False,False,,True,False,False,Course Lock,196.8,67,16.4,93,N,SW,3.13,11.4,Calm,False,False,Android,7.0.2,M300 RTK,1ZN7L4R0H1D00F,1W9DL31001461C,1ZMLH8300204F0,1Z6PH74DAP0QN7,"Corona, CA",728.3,5.7,137.7,8.547347,2.013246,0,0,DJI Matrice 300 RTK,M300 RTK,1ZN7L4R0H1D00F,1W9DL31001461C,1ZMLH8300204F0,1Z6PH74DAP0QN7,DJI Pilot,Android,7.0.2,1EF72A62-B7C3-C88D-164E-CE6F8C8424AE,1ZN7L4R0H1D00F,1W9DL31001461C,,1ZMLH8300204F0,1W9DL31001461C,,,,,
2023-11-01,11:33:38.74 AM,9m 16.4s,556.4,33.7958852417801,-117.4757127509576,21.9,137.7,14.7,1286,4784.4,7.227774,7.569323,-6.71082,2.23694,2.684328,2.684328,0.223694,0.894776,-2.2,-1,2.4,157.1,157.1,157.9,Tripod,Other,,20,5,True,,True,False,,Smart,RC,False,True,False,,,True,,False,False,False,False,False,False,False,False,False,False,0,Follow Yaw,-77.9,0,148.7,148.7,False,False,False,False,False,,0,0,False,False,No Card,100,100,1024,1392,790,1024,2,False,False,False,False,False,0,False,False,False,False,70,,46.464,,3490,,4986,,46.464,,True,3.874,3.874,3.874,3.874,3.874,3.874,3.874,3.874,3.874,3.874,3.874,3.874,0,,False,False,True,,,,,,,,,,,,,,,False,False,9.316,,102.7,,75.7,,102.9,,1342,116,2,22,7,140945.3,18792.71,,Idle,,20,,10,,,20,Go Home,False,False,False,False,False,False,False,False,False,False,False,False,33.8027920380556,-117.4659261431046,3892.4,3892.4,1049.4,396.9,True,1,1,False,False,False,False,,True,False,False,Course Lock,196.8,67,16.4,93,N,SW,3.13,11.4,Calm,False,False,Android,7.0.2,M300 RTK,1ZN7L4R0H1D00F,1W9DL31001461C,1ZMLH8300204F0,1Z6PH74DAP0QN7,"Corona, CA",728.3,5.7,137.7,8.547347,2.013246,0,0,DJI Matrice 300 RTK,M300 RTK,1ZN7L4R0H1D00F,1W9DL31001461C,1ZMLH8300204F0,1Z6PH74DAP0QN7,DJI Pilot,Android,7.0.2,1EF72A62-B7C3-C88D-164E-CE6F8C8424AE,1ZN7L4R0H1D00F,1W9DL31001461C,,1ZMLH8300204F0,1W9DL31001461C,,,,,
2023-11-01,11:33:38.81 AM,9m 16.5s,556.5,33.7958821319216,-117.4757112959243,21.6,137.7,14.7,1285,4785.6,7.227774,7.569323,-6.71082,2.23694,2.684328,2.684328,0.223694,0.894776,-2.3,-1.2,2.5,157,157,158.7,Tripod,Other,,20,5,True,,True,False,,Smart,RC,False,True,False,,,True,,False,False,False,False,False,False,False,False,False,False,0,Follow Yaw,-77.9,0,148.7,148.7,False,False,False,False,False,,0,0,False,False,No Card,100,100,1024,1390,794,1024,2,False,False,False,False,False,0,False,False,False,False,70,,46.464,,3490,,4986,,46.464,,True,3.874,3.874,3.874,3.874,3.874,3.874,3.874,3.874,3.874,3.874,3.874,3.874,0,,False,False,True,,,,,,,,,,,,,,,False,False,9.316,,102.7,,75.7,,102.9,,1342,116,2,22,7,140945.3,18792.71,,Idle,,20,,10,,,20,Go Home,False,False,False,False,False,False,False,False,False,False,False,False,33.8027920380556,-117.4659261431046,3892.8,3892.8,1049.4,396.9,True,1,1,False,False,False,False,,True,False,False,Course Lock,196.8,67,16.4,93,N,SW,3.13,11.4,Calm,False,False,Android,7.0.2,M300 RTK,1ZN7L4R0H1D00F,1W9DL31001461C,1ZMLH8300204F0,1Z6PH74DAP0QN7,"Corona, CA",728.3,5.7,137.7,8.547347,2.013246,0,0,DJI Matrice 300 RTK,M300 RTK,1ZN7L4R0H1D00F,1W9DL31001461C,1ZMLH8300204F0,1Z6PH74DAP0QN7,DJI Pilot,Android,7.0.2,1EF72A62-B7C3-C88D-164E-CE6F8C8424AE,1ZN7L4R0H1D00F,1W9DL31001461C,,1ZMLH8300204F0,1W9DL31001461C,,,,,
2023-11-01,11:33:38.94 AM,9m 16.6s,556.6,33.7958793566378,-117.4757099539521,21.6,137.7,14.7,1285,4786.7,7.227774,7.569323,-6.71082,2.23694,2.684328,2.684328,0.223694,0.894776,-2.1,-1.5,2.5,156.9,156.9,158.1,Tripod,Other,,20,5,True,,True,False,,Smart,RC,False,True,False,,,True,,False,False,False,False,False,False,False,False,False,False,0,Follow Yaw,-77.9,0,148.7,148.7,False,False,False,False,False,,0,0,False,False,No Card,100,100,1024,1390,790,1024,2,False,False,False,False,False,0,False,False,False,False,70,,46.464,,3490,,4986,,46.464,,True,3.874,3.874,3.874,3.874,3.874,3.874,3.874,3.874,3.874,3.874,3.874,3.874,0,,False,False,True,,,,,,,,,,,,,,,False,False,9.316,,102.7,,75.7,,102.9,,1342,116,2,22,7,140945.3,18792.71,,Idle,,20,,10,,,20,Go Home,False,False,False,False,False,False,False,False,False,False,False,False,33.8027920380556,-117.4659261431046,3893.1,3893.1,1049.4,396.9,True,1,1,False,False,False,False,,True,False,False,Course Lock,196.8,67,16.4,93,N,SW,3.13,11.4,Calm,False,False,Android,7.0.2,M300 RTK,1ZN7L4R0H1D00F,1W9DL31001461C,1ZMLH8300204F0,1Z6PH74DAP0QN7,"Corona, CA",728.3,5.7,137.7,8.547347,2.013246,0,0,DJI Matrice 300 RTK,M300 RTK,1ZN7L4R0H1D00F,1W9DL31001461C,1ZMLH8300204F0,1Z6PH74DAP0QN7,DJI Pilot,Android,7.0.2,1EF72A62-B7C3-C88D-164E-CE6F8C8424AE,1ZN7L4R0H1D00F,1W9DL31001461C,,1ZMLH8300204F0,1W9DL31001461C,,,,,
2023-11-01,11:33:39.04 AM,9m 16.7s,556.7,33.7958767089268,-117.4757084530676,21.6,137.7,14.7,1285,4787.7,7.227774,7.569323,-6.71082,2.23694,2.684328,2.684328,0.223694,0.894776,-1.8,-1.6,2.4,156.9,156.9,154.7,Tripod,Other,,20,5,True,,True,False,,Smart,RC,False,True,False,,,True,,False,False,False,False,False,False,False,False,False,False,0,Follow Yaw,-77.9,0,148.7,148.7,False,False,False,False,False,,0,0,False,False,No Card,100,100,1024,1388,790,1024,2,False,False,False,False,False,0,False,False,False,False,70,,46.464,,3490,,4986,,46.464,,True,3.874,3.874,3.874,3.874,3.874,3.874,3.874,3.874,3.874,3.874,3.874,3.874,0,,False,False,True,,,,,,,,,,,,,,,False,False,9.316,,102.7,,75.7,,102.9,,1342,116,2,22,7,140945.3,18792.71,,Idle,,20,,10,,,20,Go Home,False,False,False,False,False,False,False,False,False,False,False,False,33.8027920380556,-117.4659261431046,3893.4,3893.4,1049.4,396.9,True,1,1,False,False,False,False,,True,False,False,Course Lock,196.8,67,16.4,93,N,SW,3.13,11.4,Calm,False,False,Android,7.0.2,M300 RTK,1ZN7L4R0H1D00F,1W9DL31001461C,1ZMLH8300204F0,1Z6PH74DAP0QN7,"Corona, CA",728.3,5.7,137.7,8.547347,2.013246,0,0,DJI Matrice 300 RTK,M300 RTK,1ZN7L4R0H1D00F,1W9DL31001461C,1ZMLH8300204F0,1Z6PH74DAP0QN7,DJI Pilot,Android,7.0.2,1EF72A62-B7C3-C88D-164E-CE6F8C8424AE,1ZN7L4R0H1D00F,1W9DL31001461C,,1ZMLH8300204F0,1W9DL31001461C,,,,,
2023-11-01,11:33:39.14 AM,9m 16.8s,556.8,33.7958739444368,-117.4757070792634,21.6,137.7,14.7,1285,4788.8,7.227774,7.569323,-6.71082,2.23694,2.684328,2.684328,0.223694,0.894776,-1.7,-1.6,2.3,156.9,156.9,157.5,Tripod,Other,,21,5,True,,True,False,,Smart,RC,False,True,False,,,True,,False,False,False,False,False,False,False,False,False,False,0,Follow Yaw,-77.9,0,148.7,148.7,False,False,False,False,False,,0,0,False,False,No Card,100,100,1024,1389,790,1024,2,False,False,False,False,False,0,False,False,False,False,70,,46.464,,3490,,4986,,46.464,,True,3.874,3.874,3.874,3.874,3.874,3.874,3.874,3.874,3.874,3.874,3.874,3.874,0,,False,False,True,,,,,,,,,,,,,,,False,False,9.316,,102.7,,75.7,,102.9,,1342,116,2,22,7,140945.3,18792.71,,Idle,,20,,10,,,20,Go Home,False,False,False,False,False,False,False,False,False,False,False,False,33.8027920380556,-117.4659261431046,3893.8,3893.8,1049.4,396.9,True,1,1,False,False,False,False,,True,False,False,Course Lock,196.8,67,16.4,93,N,SW,3.13,11.4,Calm,False,False,Android,7.0.2,M300 RTK,1ZN7L4R0H1D00F,1W9DL31001461C,1ZMLH8300204F0,1Z6PH74DAP0QN7,"Corona, CA",728.3,5.7,137.7,8.547347,2.013246,0,0,DJI Matrice 300 RTK,M300 RTK,1ZN7L4R0H1D00F,1W9DL31001461C,1ZMLH8300204F0,1Z6PH74DAP0QN7,DJI Pilot,Android,7.0.2,1EF72A62-B7C3-C88D-164E-CE6F8C8424AE,1ZN7L4R0H1D00F,1W9DL31001461C,,1ZMLH8300204F0,1W9DL31001461C,,,,,
2023-11-01,11:33:39.22 AM,9m 16.9s,556.9,33.7958712133563,-117.4757058553828,21.6,137.7,14.7,1285,4789.9,7.227774,7.569323,-6.71082,2.23694,2.684328,2.684328,0.223694,0.894776,-1.6,-1.5,2.1,156.8,156.8,159.5,Tripod,Other,,21,5,True,,True,False,,Smart,RC,False,True,False,,,True,,False,False,False,False,False,False,False,False,False,False,0,Follow Yaw,-77.9,0,148.7,148.7,False,False,False,False,False,,0,0,False,False,No Card,100,100,1024,1390,793,1024,2,False,False,False,False,False,0,False,False,False,False,70,,46.464,,3490,,4986,,46.464,,True,3.874,3.874,3.874,3.874,3.874,3.874,3.874,3.874,3.874,3.874,3.874,3.874,0,,False,False,True,,,,,,,,,,,,,,,False,False,9.316,,102.7,,75.7,,102.9,,1342,116,2,22,7,140945.3,18792.71,,Idle,,20,,10,,,20,Go Home,False,False,False,False,False,False,False,False,False,False,False,False,33.8027920380556,-117.4659261431046,3894.1,3894.1,1049.4,396.9,True,1,1,False,False,False,False,,True,False,False,Course Lock,196.8,67,16.4,93,N,SW,3.13,11.4,Calm,False,False,Android,7.0.2,M300 RTK,1ZN7L4R0H1D00F,1W9DL31001461C,1ZMLH8300204F0,1Z6PH74DAP0QN7,"Corona, CA",728.3,5.7,137.7,8.547347,2.013246,0,0,DJI Matrice 300 RTK,M300 RTK,1ZN7L4R0H1D00F,1W9DL31001461C,1ZMLH8300204F0,1Z6PH74DAP0QN7,DJI Pilot,Android,7.0.2,1EF72A62-B7C3-C88D-164E-CE6F8C8424AE,1ZN7L4R0H1D00F,1W9DL31001461C,,1ZMLH8300204F0,1W9DL31001461C,,,,,
2023-11-01,11:33:39.32 AM,9m 17.0s,557.0,33.795868462984,-117.4757044769605,21.6,137.7,14.7,1285,4791.0,7.227774,7.569323,-6.71082,2.23694,2.684328,2.684328,0.447388,0.894776,-1.5,-1.4,2,156.8,156.8,157.3,Tripod,Other,,21,5,True,,True,False,,Smart,RC,False,True,False,,,True,,False,False,False,False,False,False,False,False,False,False,0,Follow Yaw,-77.9,0,148.7,148.7,False,False,False,False,False,,0,0,False,False,No Card,100,100,1024,1390,800,1024,2,False,False,False,False,False,0,False,False,False,False,70,,46.524,,7030,,10044,,46.524,,True,3.874,3.874,3.874,3.874,3.874,3.874,3.874,3.874,3.874,3.874,3.874,3.874,0,,False,False,True,,,,,,,,,,,,,,,False,False,19.306,,102.9,,75.7,,102.9,,1342,116,2,22,7,140945.3,18792.71,,Idle,,20,,10,,,20,Go Home,False,False,False,False,False,False,False,False,False,False,False,False,33.8027920380556,-117.4659261431046,3894.5,3894.5,1049.4,396.9,True,1,1,False,False,False,False,,True,False,False,Course Lock,196.8,67,16.4,93,N,SW,3.13,11.4,Calm,False,False,Android,7.0.2,M300 RTK,1ZN7L4R0H1D00F,1W9DL31001461C,1ZMLH8300204F0,1Z6PH74DAP0QN7,"Corona, CA",728.3,5.7,137.7,8.547347,2.013246,0,0,DJI Matrice 300 RTK,M300 RTK,1ZN7L4R0H1D00F,1W9DL31001461C,1ZMLH8300204F0,1Z6PH74DAP0QN7,DJI Pilot,Android,7.0.2,1EF72A62-B7C3-C88D-164E-CE6F8C8424AE,1ZN7L4R0H1D00F,1W9DL31001461C,,1ZMLH8300204F0,1W9DL31001461C,,,,,
2023-11-01,11:33:39.43 AM,9m 17.1s,557.1,33.7958657723033,-117.475703072479,21.3,137.7,14.7,1285,4792.1,7.020571,7.569323,-6.487126,2.23694,2.684328,2.684328,0.447388,0.894776,-1.5,-1.3,1.9,156.8,156.8,156.5,Tripod,Other,,21,5,True,,True,False,,Smart,RC,False,True,False,,,True,,False,False,False,False,False,False,False,False,False,False,0,Follow Yaw,-77.9,0,148.7,148.7,False,False,False,False,False,,0,0,False,False,No Card,100,100,1024,1393,838,1024,2,False,False,False,False,False,0,False,False,False,False,70,,46.524,,7030,,10044,,46.524,,True,3.874,3.874,3.874,3.874,3.874,3.874,3.874,3.874,3.874,3.874,3.874,3.874,0,,False,False,True,,,,,,,,,,,,,,,False,False,19.306,,102.9,,75.7,,102.9,,1342,116,2,22,7,140945.3,18792.71,,Idle,,20,,10,,,20,Go Home,False,False,False,False,False,False,False,False,False,False,False,False,33.8027920380556,-117.4659261431046,3894.8,3894.8,1049.4,396.9,True,1,1,False,False,False,False,,True,False,False,Course Lock,196.8,67,16.4,93,N,SW,3.13,11.4,Calm,False,False,Android,7.0.2,M300 RTK,1ZN7L4R0H1D00F,1W9DL31001461C,1ZMLH8300204F0,1Z6PH74DAP0QN7,"Corona, CA",728.3,5.7,137.7,8.547347,2.013246,0,0,DJI Matrice 300 RTK,M300 RTK,1ZN7L4R0H1D00F,1W9DL31001461C,1ZMLH8300204F0,1Z6PH74DAP0QN7,DJI Pilot,Android,7.0.2,1EF72A62-B7C3-C88D-164E-CE6F8C8424AE,1ZN7L4R0H1D00F,1W9DL31001461C,,1ZMLH8300204F0,1W9DL31001461C,,,,,
2023-11-01,11:33:39.54 AM,9m 17.2s,557.2,33.795863042662,-117.4757016803674,21.3,137.7,14.7,1285,4793.1,7.020571,7.569323,-6.487126,2.23694,2.684328,2.684328,0.447388,0.894776,-1.6,-1.2,2,156.8,156.8,157.0,Tripod,Other,,21,5,True,,True,False,,Smart,RC,False,True,False,,,True,,False,False,False,False,False,False,False,False,False,False,0,Follow Yaw,-77.9,0,148.7,148.7,False,False,False,False,False,,0,0,False,False,No Card,100,100,1024,1394,851,1024,2,False,False,False,False,False,0,False,False,False,False,70,,46.524,,7030,,10044,,46.524,,True,3.874,3.874,3.874,3.874,3.874,3.874,3.874,3.874,3.874,3.874,3.874,3.874,0,,False,False,True,,,,,,,,,,,,,,,False,False,19.306,,102.9,,75.7,,102.9,,1342,116,2,22,7,140945.3,18792.71,,Idle,,20,,10,,,20,Go Home,False,False,False,False,False,False,False,False,False,False,False,False,33.8027920380556,-117.4659261431046,3895.1,3895.1,1049.4,396.9,True,1,1,False,False,False,False,,True,False,False,Course Lock,196.8,67,16.4,93,N,SW,3.13,11.4,Calm,False,False,Android,7.0.2,M300 RTK,1ZN7L4R0H1D00F,1W9DL31001461C,1ZMLH8300204F0,1Z6PH74DAP0QN7,"Corona, CA",728.3,5.7,137.7,8.547347,2.013246,0,0,DJI Matrice 300 RTK,M300 RTK,1ZN7L4R0H1D00F,1W9DL31001461C,1ZMLH8300204F0,1Z6PH74DAP0QN7,DJI Pilot,Android,7.0.2,1EF72A62-B7C3-C88D-164E-CE6F8C8424AE,1ZN7L4R0H1D00F,1W9DL31001461C,,1ZMLH8300204F0,1W9DL31001461C,,,,,
2023-11-01,11:33:39.64 AM,9m 17.3s,557.3,33.795860510565,-117.4757003283343,21.3,137.7,14.7,1285,4794.1,7.020571,7.569323,-6.487126,2.23694,2.684328,2.684328,0.223694,0.894776,-1.7,-1.1,2,156.7,156.7,156.0,Tripod,Other,,21,5,True,,True,False,,Smart,RC,False,True,False,,,True,,False,False,False,False,False,False,False,False,False,False,0,Follow Yaw,-77.9,0,148.7,148.7,False,False,False,False,False,,0,0,False,False,No Card,100,100,1024,1395,872,1024,2,False,False,False,False,False,0,False,False,False,False,70,,46.524,,7030,,10044,,46.524,,True,3.877,3.877,3.877,3.877,3.877,3.877,3.877,3.877,3.877,3.877,3.877,3.877,0,,False,False,True,,,,,,,,,,,,,,,False,False,19.306,,102.9,,75.7,,102.9,,1343,117,2,22,7,140822.7,18776.37,,Idle,,20,,10,,,20,Go Home,False,False,False,False,False,False,False,False,False,False,False,False,33.8027920380556,-117.4659261431046,3895.4,3895.4,1049.4,396.9,True,1,1,False,False,False,False,,True,False,False,Course Lock,196.8,67,16.4,93,N,SW,3.13,11.4,Calm,False,False,Android,7.0.2,M300 RTK,1ZN7L4R0H1D00F,1W9DL31001461C,1ZMLH8300204F0,1Z6PH74DAP0QN7,"Corona, CA",728.3,5.7,137.7,8.547347,2.013246,0,0,DJI Matrice 300 RTK,M300 RTK,1ZN7L4R0H1D00F,1W9DL31001461C,1ZMLH8300204F0,1Z6PH74DAP0QN7,DJI Pilot,Android,7.0.2,1EF72A62-B7C3-C88D-164E-CE6F8C8424AE,1ZN7L4R0H1D00F,1W9DL31001461C,,1ZMLH8300204F0,1W9DL31001461C,,,,,
2023-11-01,11:33:39.74 AM,9m 17.4s,557.4,33.7958578119003,-117.4756989326766,21.3,137.7,14.7,1285,4795.2,7.020571,7.569323,-6.487126,2.23694,2.684328,2.684328,0.223694,0.894776,-1.6,-1.1,1.9,156.7,156.7,156.7,Tripod,Other,,21,5,True,,True,False,,Smart,RC,False,True,False,,,True,,False,False,False,False,False,False,False,False,False,False,0,Follow Yaw,-77.9,0,148.7,148.7,False,False,False,False,False,,0,0,False,False,No Card,100,100,1024,1395,876,1024,2,False,False,False,False,False,0,False,False,False,False,70,,46.524,,7030,,10044,,46.524,,True,3.877,3.877,3.877,3.877,3.877,3.877,3.877,3.877,3.877,3.877,3.877,3.877,0,,False,False,True,,,,,,,,,,,,,,,False,False,19.306,,102.9,,75.7,,102.9,,1343,117,2,22,7,140822.7,18776.37,,Idle,,20,,10,,,20,Go Home,False,False,False,False,False,False,False,False,False,False,False,False,33.8027920380556,-117.4659261431046,3895.7,3895.7,1049.4,396.9,True,1,1,False,False,False,False,,True,False,False,Course Lock,196.8,67,16.4,93,N,SW,3.13,11.4,Calm,False,False,Android,7.0.2,M300 RTK,1ZN7L4R0H1D00F,1W9DL31001461C,1ZMLH8300204F0,1Z6PH74DAP0QN7,"Corona, CA",728.3,5.7,137.7,8.547347,2.013246,0,0,DJI Matrice 300 RTK,M300 RTK,1ZN7L4R0H1D00F,1W9DL31001461C,1ZMLH8300204F0,1Z6PH74DAP0QN7,DJI Pilot,Android,7.0.2,1EF72A62-B7C3-C88D-164E-CE6F8C8424AE,1ZN7L4R0H1D00F,1W9DL31001461C,,1ZMLH8300204F0,1W9DL31001461C,,,,,
2023-11-01,11:33:39.85 AM,9m 17.5s,557.5,33.7958550577929,-117.4756974683246,20.9,137.7,14.7,1285,4796.3,7.020571,7.569323,-6.487126,2.23694,2.684328,2.684328,0.223694,0.894776,-1.6,-1,1.8,156.8,156.8,156.1,Tripod,Other,,21,5,True,,True,False,,Smart,RC,False,True,False,,,True,,False,False,False,False,False,False,False,False,False,False,0,Follow Yaw,-77.9,0,148.7,148.7,False,False,False,False,False,,0,0,False,False,No Card,100,100,1024,1394,864,1024,2,False,False,False,False,False,0,False,False,False,False,70,,46.524,,7030,,10044,,46.524,,True,3.877,3.877,3.877,3.877,3.877,3.877,3.877,3.877,3.877,3.877,3.877,3.877,0,,False,False,True,,,,,,,,,,,,,,,False,False,19.306,,102.9,,75.7,,102.9,,1343,117,2,22,7,140822.7,18776.37,,Idle,,20,,10,,,20,Go Home,False,False,False,False,False,False,False,False,False,False,False,False,33.8027920380556,-117.4659261431046,3896.0,3896.0,1049.4,396.9,True,1,1,False,False,False,False,,True,False,False,Course Lock,196.8,67,16.4,93,N,SW,3.13,11.4,Calm,False,False,Android,7.0.2,M300 RTK,1ZN7L4R0H1D00F,1W9DL31001461C,1ZMLH8300204F0,1Z6PH74DAP0QN7,"Corona, CA",728.3,5.7,137.7,8.547347,2.013246,0,0,DJI Matrice 300 RTK,M300 RTK,1ZN7L4R0H1D00F,1W9DL31001461C,1ZMLH8300204F0,1Z6PH74DAP0QN7,DJI Pilot,Android,7.0.2,1EF72A62-B7C3-C88D-164E-CE6F8C8424AE,1ZN7L4R0H1D00F,1W9DL31001461C,,1ZMLH8300204F0,1W9DL31001461C,,,,,
2023-11-01,11:33:39.95 AM,9m 17.6s,557.6,33.7958523683115,-117.475696061534,20.9,137.7,14.7,1285,4797.4,7.020571,7.569323,-6.487126,2.23694,2.684328,2.684328,0.223694,0.894776,-1.8,-0.9,2,156.8,156.8,156.5,Tripod,Other,,21,5,True,,True,False,,Smart,RC,False,True,False,,,True,,False,False,False,False,False,False,False,False,False,False,0,Follow Yaw,-77.9,0,148.7,148.7,False,False,False,False,False,,0,0,False,False,No Card,100,100,1024,1393,865,1024,2,False,False,False,False,False,0,False,False,False,False,70,,46.524,,7030,,10044,,46.524,,True,3.877,3.877,3.877,3.877,3.877,3.877,3.877,3.877,3.877,3.877,3.877,3.877,0,,False,False,True,,,,,,,,,,,,,,,False,False,19.306,,102.9,,75.7,,102.9,,1343,117,2,22,7,140822.7,18776.37,,Idle,,20,,10,,,20,Go Home,False,False,False,False,False,False,False,False,False,False,False,False,33.8027920380556,-117.4659261431046,3896.3,3896.3,1049.4,396.9,True,1,1,False,False,False,False,,True,False,False,Course Lock,196.8,67,16.4,93,N,SW,3.13,11.4,Calm,False,False,Android,7.0.2,M300 RTK,1ZN7L4R0H1D00F,1W9DL31001461C,1ZMLH8300204F0,1Z6PH74DAP0QN7,"Corona, CA",728.3,5.7,137.7,8.547347,2.013246,0,0,DJI Matrice 300 RTK,M300 RTK,1ZN7L4R0H1D00F,1W9DL31001461C,1ZMLH8300204F0,1Z6PH74DAP0QN7,DJI Pilot,Android,7.0.2,1EF72A62-B7C3-C88D-164E-CE6F8C8424AE,1ZN7L4R0H1D00F,1W9DL31001461C,,1ZMLH8300204F0,1W9DL31001461C,,,,,
2023-11-01,11:33:40.06 AM,9m 17.7s,557.7,33.7958497452037,-117.4756946326424,20.9,137.7,14.7,1285,4798.4,7.020571,7.569323,-6.487126,2.23694,2.684328,2.684328,0.223694,0.894776,-2,-0.8,2.1,156.8,156.8,155.6,Tripod,Other,,21,5,True,,True,False,,Smart,RC,False,True,False,,,True,,False,False,False,False,False,False,False,False,False,False,0,Follow Yaw,-77.9,0,148.7,148.7,False,False,False,False,False,,0,0,False,False,No Card,100,100,1024,1393,864,1024,2,False,False,False,False,False,0,False,False,False,False,70,,46.524,,7030,,10044,,46.524,,True,3.877,3.877,3.877,3.877,3.877,3.877,3.877,3.877,3.877,3.877,3.877,3.877,0,,False,False,True,,,,,,,,,,,,,,,False,False,19.306,,102.9,,75.7,,102.9,,1343,117,2,22,7,140822.7,18776.37,,Idle,,20,,10,,,20,Go Home,False,False,False,False,False,False,False,False,False,False,False,False,33.8027920380556,-117.4659261431046,3896.6,3896.6,1049.4,396.9,True,1,1,False,False,False,False,,True,False,False,Course Lock,196.8,67,16.4,93,N,SW,3.13,11.4,Calm,False,False,Android,7.0.2,M300 RTK,1ZN7L4R0H1D00F,1W9DL31001461C,1ZMLH8300204F0,1Z6PH74DAP0QN7,"Corona, CA",728.3,5.7,137.7,8.547347,2.013246,0,0,DJI Matrice 300 RTK,M300 RTK,1ZN7L4R0H1D00F,1W9DL31001461C,1ZMLH8300204F0,1Z6PH74DAP0QN7,DJI Pilot,Android,7.0.2,1EF72A62-B7C3-C88D-164E-CE6F8C8424AE,1ZN7L4R0H1D00F,1W9DL31001461C,,1ZMLH8300204F0,1W9DL31001461C,,,,,
2023-11-01,11:33:40.14 AM,9m 17.8s,557.8,33.7958470651797,-117.475693223048,20.9,137.7,14.7,1285,4799.5,7.020571,7.569323,-6.487126,2.23694,2.684328,2.684328,0.223694,0.894776,-2.1,-0.7,2.2,156.9,156.9,156.3,Tripod,Other,,21,5,True,,True,False,,Smart,RC,False,True,False,,,True,,False,False,False,False,False,False,False,False,False,False,0,Follow Yaw,-77.9,0,148.7,148.7,False,False,False,False,False,,0,0,False,False,No Card,100,100,1024,1393,872,1024,2,False,False,False,False,False,0,False,False,False,False,70,,46.524,,3490,,4986,,46.524,,True,3.877,3.877,3.877,3.877,3.877,3.877,3.877,3.877,3.877,3.877,3.877,3.877,0,,False,False,True,,,,,,,,,,,,,,,False,False,9.902,,102.9,,75.7,,102.9,,1343,117,2,22,7,140822.7,18776.37,,Idle,,20,,10,,,20,Go Home,False,False,False,False,False,False,False,False,False,False,False,False,33.8027920380556,-117.4659261431046,3896.9,3896.9,1049.4,396.9,True,1,1,False,False,False,False,,True,False,False,Course Lock,196.8,67,16.4,93,N,SW,3.13,11.4,Calm,False,False,Android,7.0.2,M300 RTK,1ZN7L4R0H1D00F,1W9DL31001461C,1ZMLH8300204F0,1Z6PH74DAP0QN7,"Corona, CA",728.3,5.7,137.7,8.547347,2.013246,0,0,DJI Matrice 300 RTK,M300 RTK,1ZN7L4R0H1D00F,1W9DL31001461C,1ZMLH8300204F0,1Z6PH74DAP0QN7,DJI Pilot,Android,7.0.2,1EF72A62-B7C3-C88D-164E-CE6F8C8424AE,1ZN7L4R0H1D00F,1W9DL31001461C,,1ZMLH8300204F0,1W9DL31001461C,,,,,
2023-11-01,11:33:40.27 AM,9m 17.9s,557.9,33.7958445196504,-117.4756918276377,20.9,137.7,14.7,1285,4800.5,7.020571,7.569323,-6.487126,2.23694,2.684328,2.684328,0.223694,0.894776,-2.2,-0.7,2.3,156.9,156.9,155.5,Tripod,Other,,21,5,True,,True,False,,Smart,RC,False,True,False,,,True,,False,False,False,False,False,False,False,False,False,False,0,Follow Yaw,-77.9,0,148.7,148.7,False,False,False,False,False,,0,0,False,False,No Card,100,100,1024,1393,872,1024,2,False,False,False,False,False,0,False,False,False,False,70,,46.524,,3490,,4986,,46.524,,True,3.877,3.877,3.877,3.877,3.877,3.877,3.877,3.877,3.877,3.877,3.877,3.877,0,,False,False,True,,,,,,,,,,,,,,,False,False,9.902,,102.9,,75.7,,102.9,,1343,117,2,22,7,140822.7,18776.37,,Idle,,20,,10,,,20,Go Home,False,False,False,False,False,False,False,False,False,False,False,False,33.8027920380556,-117.4659261431046,3897.2,3897.2,1049.4,396.9,True,1,1,False,False,False,False,,True,False,False,Course Lock,196.8,67,16.4,93,N,SW,3.13,11.4,Calm,False,False,Android,7.0.2,M300 RTK,1ZN7L4R0H1D00F,1W9DL31001461C,1ZMLH8300204F0,1Z6PH74DAP0QN7,"Corona, CA",728.3,5.7,137.7,8.547347,2.013246,0,0,DJI Matrice 300 RTK,M300 RTK,1ZN7L4R0H1D00F,1W9DL31001461C,1ZMLH8300204F0,1Z6PH74DAP0QN7,DJI Pilot,Android,7.0.2,1EF72A62-B7C3-C88D-164E-CE6F8C8424AE,1ZN7L4R0H1D00F,1W9DL31001461C,,1ZMLH8300204F0,1W9DL31001461C,,,,,
2023-11-01,11:33:40.37 AM,9m 18.0s,558.0,33.7958418455203,-117.4756904201049,20.9,137.7,14.7,1285,4801.6,7.020571,7.569323,-6.487126,2.23694,2.684328,2.684328,0.223694,0.894776,-2.3,-0.8,2.4,156.9,156.9,156.3,Tripod,Other,,21,5,True,,True,False,,Smart,RC,False,True,False,,,True,,False,False,False,False,False,False,False,False,False,False,0,Follow Yaw,-77.9,0,148.7,148.7,False,False,False,False,False,,0,0,False,False,No Card,100,100,1024,1395,874,1024,2,False,False,False,False,False,0,False,False,False,False,70,,46.476,,7030,,10044,,46.476,,True,3.877,3.877,3.877,3.877,3.877,3.877,3.877,3.877,3.877,3.877,3.877,3.877,0,,False,False,True,,,,,,,,,,,,,,,False,False,19.46,,103.1,,75.7,,103.1,,1343,117,2,22,7,140822.7,18776.37,,Idle,,20,,10,,,20,Go Home,False,False,False,False,False,False,False,False,False,False,False,False,33.8027920380556,-117.4659261431046,3897.5,3897.5,1049.4,396.9,True,1,1,False,False,False,False,,True,False,False,Course Lock,196.8,67,16.4,93,N,SW,3.13,11.4,Calm,False,False,Android,7.0.2,M300 RTK,1ZN7L4R0H1D00F,1W9DL31001461C,1ZMLH8300204F0,1Z6PH74DAP0QN7,"Corona, CA",728.3,5.7,137.7,8.547347,2.013246,0,0,DJI Matrice 300 RTK,M300 RTK,1ZN7L4R0H1D00F,1W9DL31001461C,1ZMLH8300204F0,1Z6PH74DAP0QN7,DJI Pilot,Android,7.0.2,1EF72A62-B7C3-C88D-164E-CE6F8C8424AE,1ZN7L4R0H1D00F,1W9DL31001461C,,1ZMLH8300204F0,1W9DL31001461C,,,,,
2023-11-01,11:33:40.47 AM,9m 18.1s,558.1,33.795838913366,-117.4756890362399,20.9,137.7,14.7,1285,4802.7,7.020571,7.569323,-6.487126,2.23694,2.684328,2.684328,0.223694,0.894776,-2.2,-0.9,2.3,156.8,156.8,158.5,Tripod,Other,,21,5,True,,True,False,,Smart,RC,False,True,False,,,True,,False,False,False,False,False,False,False,False,False,False,0,Follow Yaw,-77.9,0,148.7,148.7,False,False,False,False,False,,0,0,False,False,No Card,100,100,1024,1395,874,1024,2,False,False,False,False,False,0,False,False,False,False,70,,46.476,,7030,,10044,,46.476,,True,3.877,3.877,3.877,3.877,3.877,3.877,3.877,3.877,3.877,3.877,3.877,3.877,0,,False,False,True,,,,,,,,,,,,,,,False,False,19.46,,103.1,,75.7,,103.1,,1343,117,2,22,7,140822.7,18776.37,,Idle,,20,,10,,,20,Go Home,False,False,False,False,False,False,False,False,False,False,False,False,33.8027920380556,-117.4659261431046,3897.9,3897.9,1049.4,396.9,True,1,1,False,False,False,False,,True,False,False,Course Lock,196.8,67,16.4,93,N,SW,3.13,11.4,Calm,False,False,Android,7.0.2,M300 RTK,1ZN7L4R0H1D00F,1W9DL31001461C,1ZMLH8300204F0,1Z6PH74DAP0QN7,"Corona, CA",728.3,5.7,137.7,8.547347,2.013246,0,0,DJI Matrice 300 RTK,M300 RTK,1ZN7L4R0H1D00F,1W9DL31001461C,1ZMLH8300204F0,1Z6PH74DAP0QN7,DJI Pilot,Android,7.0.2,1EF72A62-B7C3-C88D-164E-CE6F8C8424AE,1ZN7L4R0H1D00F,1W9DL31001461C,,1ZMLH8300204F0,1W9DL31001461C,,,,,
2023-11-01,11:33:40.57 AM,9m 18.2s,558.2,33.79583620449,-117.475687624089,20.9,137.7,14.7,1285,4803.8,7.020571,7.569323,-6.487126,2.23694,2.684328,2.684328,0.223694,0.894776,-2,-1.1,2.2,156.8,156.8,156.5,Tripod,Other,,21,5,True,,True,False,,Smart,RC,False,True,False,,,True,,False,False,False,False,False,False,False,False,False,False,0,Follow Yaw,-77.9,0,148.7,148.7,False,False,False,False,False,,0,0,False,False,No Card,100,100,1024,1393,873,1024,2,False,False,False,False,False,0,False,False,False,False,70,,46.476,,7030,,10044,,46.476,,True,3.877,3.877,3.877,3.877,3.877,3.877,3.877,3.877,3.877,3.877,3.877,3.877,0,,False,False,True,,,,,,,,,,,,,,,False,False,19.46,,103.1,,75.7,,103.1,,1343,117,2,22,7,140822.7,18776.37,,Idle,,20,,10,,,20,Go Home,False,False,False,False,False,False,False,False,False,False,False,False,33.8027920380556,-117.4659261431046,3898.2,3898.2,1049.4,396.9,True,1,1,False,False,False,False,,True,False,False,Course Lock,196.8,67,16.4,93,N,SW,3.13,11.4,Calm,False,False,Android,7.0.2,M300 RTK,1ZN7L4R0H1D00F,1W9DL31001461C,1ZMLH8300204F0,1Z6PH74DAP0QN7,"Corona, CA",728.3,5.7,137.7,8.547347,2.013246,0,0,DJI Matrice 300 RTK,M300 RTK,1ZN7L4R0H1D00F,1W9DL31001461C,1ZMLH8300204F0,1Z6PH74DAP0QN7,DJI Pilot,Android,7.0.2,1EF72A62-B7C3-C88D-164E-CE6F8C8424AE,1ZN7L4R0H1D00F,1W9DL31001461C,,1ZMLH8300204F0,1W9DL31001461C,,,,,
2023-11-01,11:33:40.68 AM,9m 18.3s,558.3,33.7958336101657,-117.4756863890754,20.6,137.7,14.7,1284,4804.8,7.020571,7.569323,-6.487126,2.23694,2.684328,2.684328,0.223694,0.894776,-1.7,-1.2,2,156.9,156.9,158.4,Tripod,Other,,21,5,True,,True,False,,Smart,RC,False,True,False,,,True,,False,False,False,False,False,False,False,False,False,False,0,Follow Yaw,-77.9,0,148.7,148.7,False,False,False,False,False,,0,0,False,False,No Card,100,100,1024,1394,870,1024,2,False,False,False,False,False,0,False,False,False,False,70,,46.476,,7030,,10044,,46.476,,True,3.875,3.875,3.875,3.875,3.875,3.875,3.875,3.875,3.875,3.875,3.875,3.875,0,,False,False,True,,,,,,,,,,,,,,,False,False,19.46,,103.1,,75.7,,103.1,,1343,117,2,22,7,140975.3,18796.70,,Idle,,20,,10,,,20,Go Home,False,False,False,False,False,False,False,False,False,False,False,False,33.8027920380556,-117.4659261431046,3898.5,3898.5,1049.4,396.9,True,1,1,False,False,False,False,,True,False,False,Course Lock,196.8,67,16.4,93,N,SW,3.13,11.4,Calm,False,False,Android,7.0.2,M300 RTK,1ZN7L4R0H1D00F,1W9DL31001461C,1ZMLH8300204F0,1Z6PH74DAP0QN7,"Corona, CA",728.3,5.7,137.7,8.547347,2.013246,0,0,DJI Matrice 300 RTK,M300 RTK,1ZN7L4R0H1D00F,1W9DL31001461C,1ZMLH8300204F0,1Z6PH74DAP0QN7,DJI Pilot,Android,7.0.2,1EF72A62-B7C3-C88D-164E-CE6F8C8424AE,1ZN7L4R0H1D00F,1W9DL31001461C,,1ZMLH8300204F0,1W9DL31001461C,,,,,
2023-11-01,11:33:40.74 AM,9m 18.4s,558.4,33.795830909445,-117.4756849822848,20.6,137.7,14.7,1284,4805.9,7.020571,7.569323,-6.487126,2.23694,2.684328,2.684328,0.223694,0.894776,-1.6,-1.1,1.9,156.9,156.9,156.5,Tripod,Other,,21,5,True,,True,False,,Smart,RC,False,True,False,,,True,,False,False,False,False,False,False,False,False,False,False,0,Follow Yaw,-77.9,0,148.7,148.7,False,False,False,False,False,,0,0,False,False,No Card,100,100,1024,1396,863,1024,2,False,False,False,False,False,0,False,False,False,False,70,,46.476,,7030,,10044,,46.476,,True,3.875,3.875,3.875,3.875,3.875,3.875,3.875,3.875,3.875,3.875,3.875,3.875,0,,False,False,True,,,,,,,,,,,,,,,False,False,19.46,,103.1,,75.7,,103.1,,1343,117,2,22,7,140975.3,18796.70,,Idle,,20,,10,,,20,Go Home,False,False,False,False,False,False,False,False,False,False,False,False,33.8027920380556,-117.4659261431046,3898.9,3898.9,1049.4,396.9,True,1,1,False,False,False,False,,True,False,False,Course Lock,196.8,67,16.4,93,N,SW,3.13,11.4,Calm,False,False,Android,7.0.2,M300 RTK,1ZN7L4R0H1D00F,1W9DL31001461C,1ZMLH8300204F0,1Z6PH74DAP0QN7,"Corona, CA",728.3,5.7,137.7,8.547347,2.013246,0,0,DJI Matrice 300 RTK,M300 RTK,1ZN7L4R0H1D00F,1W9DL31001461C,1ZMLH8300204F0,1Z6PH74DAP0QN7,DJI Pilot,Android,7.0.2,1EF72A62-B7C3-C88D-164E-CE6F8C8424AE,1ZN7L4R0H1D00F,1W9DL31001461C,,1ZMLH8300204F0,1W9DL31001461C,,,,,
2023-11-01,11:33:40.84 AM,9m 18.5s,558.5,33.795828180352,-117.4756837069453,20.6,137.7,15.0,1284,4807.0,7.020571,7.569323,-6.487126,2.23694,2.684328,2.684328,0.223694,0.894776,-1.6,-1,1.8,156.9,156.9,158.7,Tripod,Other,,21,5,True,,True,False,,Smart,RC,False,True,False,,,True,,False,False,False,False,False,False,False,False,False,False,0,Follow Yaw,-77.9,0,148.7,148.7,False,False,False,False,False,,0,0,False,False,No Card,100,100,1024,1393,860,1024,2,False,False,False,False,False,0,False,False,False,False,70,,46.476,,7030,,10044,,46.476,,True,3.875,3.875,3.875,3.875,3.875,3.875,3.875,3.875,3.875,3.875,3.875,3.875,0,,False,False,True,,,,,,,,,,,,,,,False,False,19.46,,103.1,,75.7,,103.1,,1343,117,2,22,7,140975.3,18796.70,,Idle,,20,,10,,,20,Go Home,False,False,False,False,False,False,False,False,False,False,False,False,33.8027920380556,-117.4659261431046,3899.2,3899.2,1049.4,396.9,True,1,1,False,False,False,False,,True,False,False,Course Lock,196.8,67,16.4,93,N,SW,3.13,11.4,Calm,False,False,Android,7.0.2,M300 RTK,1ZN7L4R0H1D00F,1W9DL31001461C,1ZMLH8300204F0,1Z6PH74DAP0QN7,"Corona, CA",728.3,5.7,137.7,8.547347,2.013246,0,0,DJI Matrice 300 RTK,M300 RTK,1ZN7L4R0H1D00F,1W9DL31001461C,1ZMLH8300204F0,1Z6PH74DAP0QN7,DJI Pilot,Android,7.0.2,1EF72A62-B7C3-C88D-164E-CE6F8C8424AE,1ZN7L4R0H1D00F,1W9DL31001461C,,1ZMLH8300204F0,1W9DL31001461C,,,,,
2023-11-01,11:33:40.94 AM,9m 18.6s,558.6,33.7958254827152,-117.4756823082364,20.6,137.7,15.0,1284,4808.0,7.020571,7.569323,-6.487126,2.23694,2.684328,2.684328,0.223694,0.894776,-1.6,-0.8,1.7,156.9,156.9,156.6,Tripod,Other,,21,5,True,,True,False,,Smart,RC,False,True,False,,,True,,False,False,False,False,False,False,False,False,False,False,0,Follow Yaw,-77.9,0,148.7,148.7,False,False,False,False,False,,0,0,False,False,No Card,100,100,1024,1393,855,1024,2,False,False,False,False,False,0,False,False,False,False,70,,46.476,,7030,,10044,,46.476,,True,3.875,3.875,3.875,3.875,3.875,3.875,3.875,3.875,3.875,3.875,3.875,3.875,0,,False,False,True,,,,,,,,,,,,,,,False,False,19.46,,103.1,,75.7,,103.1,,1343,117,2,22,7,140975.3,18796.70,,Idle,,20,,10,,,20,Go Home,False,False,False,False,False,False,False,False,False,False,False,False,33.8027920380556,-117.4659261431046,3899.5,3899.5,1049.4,396.9,True,1,1,False,False,False,False,,True,False,False,Course Lock,196.8,67,16.4,93,N,SW,3.13,11.4,Calm,False,False,Android,7.0.2,M300 RTK,1ZN7L4R0H1D00F,1W9DL31001461C,1ZMLH8300204F0,1Z6PH74DAP0QN7,"Corona, CA",728.3,5.7,137.7,8.547347,2.013246,0,0,DJI Matrice 300 RTK,M300 RTK,1ZN7L4R0H1D00F,1W9DL31001461C,1ZMLH8300204F0,1Z6PH74DAP0QN7,DJI Pilot,Android,7.0.2,1EF72A62-B7C3-C88D-164E-CE6F8C8424AE,1ZN7L4R0H1D00F,1W9DL31001461C,,1ZMLH8300204F0,1W9DL31001461C,,,,,
2023-11-01,11:33:41.04 AM,9m 18.7s,558.7,33.7958227890191,-117.4756808754689,20.6,137.7,15.0,1284,4809.1,7.020571,7.569323,-6.487126,2.23694,2.684328,2.684328,0.223694,0.894776,-1.8,-0.6,1.8,156.9,156.9,156.1,Tripod,Other,,21,5,True,,True,False,,Smart,RC,False,True,False,,,True,,False,False,False,False,False,False,False,False,False,False,0,Follow Yaw,-77.9,0,148.7,148.7,False,False,False,False,False,,0,0,False,False,No Card,100,100,1024,1392,855,1024,2,False,False,False,False,False,0,False,False,False,False,70,,46.476,,7030,,10044,,46.476,,True,3.875,3.875,3.875,3.875,3.875,3.875,3.875,3.875,3.875,3.875,3.875,3.875,0,,False,False,True,,,,,,,,,,,,,,,False,False,19.46,,103.1,,75.7,,103.1,,1343,117,2,22,7,140975.3,18796.70,,Idle,,20,,10,,,20,Go Home,False,False,False,False,False,False,False,False,False,False,False,False,33.8027920380556,-117.4659261431046,3899.9,3899.9,1049.4,396.9,True,1,1,False,False,False,False,,True,False,False,Course Lock,196.8,67,16.4,93,N,SW,3.13,11.4,Calm,False,False,Android,7.0.2,M300 RTK,1ZN7L4R0H1D00F,1W9DL31001461C,1ZMLH8300204F0,1Z6PH74DAP0QN7,"Corona, CA",728.3,5.7,137.7,8.547347,2.013246,0,0,DJI Matrice 300 RTK,M300 RTK,1ZN7L4R0H1D00F,1W9DL31001461C,1ZMLH8300204F0,1Z6PH74DAP0QN7,DJI Pilot,Android,7.0.2,1EF72A62-B7C3-C88D-164E-CE6F8C8424AE,1ZN7L4R0H1D00F,1W9DL31001461C,,1ZMLH8300204F0,1W9DL31001461C,,,,,
2023-11-01,11:33:41.14 AM,9m 18.8s,558.8,33.7958200901488,-117.4756794797288,20.6,137.7,15.0,1284,4810.2,7.020571,7.569323,-6.487126,2.23694,2.684328,2.684328,0.223694,0.894776,-1.9,-0.6,1.9,156.9,156.9,156.7,Tripod,Other,,21,5,True,,True,False,,Smart,RC,False,True,False,,,True,,False,False,False,False,False,False,False,False,False,False,0,Follow Yaw,-77.9,0,148.7,148.7,False,False,False,False,False,,0,0,False,False,No Card,100,100,1024,1391,855,1024,2,False,False,False,False,False,0,False,False,False,False,70,,46.476,,7030,,10044,,46.476,,True,3.875,3.875,3.875,3.875,3.875,3.875,3.875,3.875,3.875,3.875,3.875,3.875,0,,False,False,True,,,,,,,,,,,,,,,False,False,19.46,,103.1,,75.7,,103.1,,1343,117,2,22,7,140975.3,18796.70,,Idle,,20,,10,,,20,Go Home,False,False,False,False,False,False,False,False,False,False,False,False,33.8027920380556,-117.4659261431046,3900.2,3900.2,1049.4,396.9,True,1,1,False,False,False,False,,True,False,False,Course Lock,196.8,67,16.4,93,N,SW,3.13,11.4,Calm,False,False,Android,7.0.2,M300 RTK,1ZN7L4R0H1D00F,1W9DL31001461C,1ZMLH8300204F0,1Z6PH74DAP0QN7,"Corona, CA",728.3,5.7,137.7,8.547347,2.013246,0,0,DJI Matrice 300 RTK,M300 RTK,1ZN7L4R0H1D00F,1W9DL31001461C,1ZMLH8300204F0,1Z6PH74DAP0QN7,DJI Pilot,Android,7.0.2,1EF72A62-B7C3-C88D-164E-CE6F8C8424AE,1ZN7L4R0H1D00F,1W9DL31001461C,,1ZMLH8300204F0,1W9DL31001461C,,,,,
2023-11-01,11:33:41.24 AM,9m 18.9s,558.9,33.7958175486971,-117.475678089184,20.6,137.7,15.0,1284,4811.2,7.020571,7.569323,-6.487126,2.23694,2.684328,2.684328,0.223694,0.894776,-1.8,-0.7,1.9,156.8,156.8,155.5,Tripod,Other,,21,5,True,,True,False,,Smart,RC,False,True,False,,,True,,False,False,False,False,False,False,False,False,False,False,0,Follow Yaw,-77.9,0,148.7,148.7,False,False,False,False,False,,0,0,False,False,No Card,100,100,1024,1391,855,1024,2,False,False,False,False,False,0,False,False,False,False,70,,46.476,,7030,,10044,,46.476,,True,3.875,3.875,3.875,3.875,3.875,3.875,3.875,3.875,3.875,3.875,3.875,3.875,0,,False,False,True,,,,,,,,,,,,,,,False,False,19.46,,103.1,,75.7,,103.1,,1343,117,2,22,7,140975.3,18796.70,,Idle,,20,,10,,,20,Go Home,False,False,False,False,False,False,False,False,False,False,False,False,33.8027920380556,-117.4659261431046,3900.5,3900.5,1049.4,396.9,True,1,1,False,False,False,False,,True,False,False,Course Lock,196.8,67,16.4,93,N,SW,3.13,11.4,Calm,False,False,Android,7.0.2,M300 RTK,1ZN7L4R0H1D00F,1W9DL31001461C,1ZMLH8300204F0,1Z6PH74DAP0QN7,"Corona, CA",728.3,5.7,137.7,8.547347,2.013246,0,0,DJI Matrice 300 RTK,M300 RTK,1ZN7L4R0H1D00F,1W9DL31001461C,1ZMLH8300204F0,1Z6PH74DAP0QN7,DJI Pilot,Android,7.0.2,1EF72A62-B7C3-C88D-164E-CE6F8C8424AE,1ZN7L4R0H1D00F,1W9DL31001461C,,1ZMLH8300204F0,1W9DL31001461C,,,,,
2023-11-01,11:33:41.34 AM,9m 19.0s,559.0,33.79581485925,-117.4756767036696,20.6,137.7,15.0,1284,4812.3,7.020571,7.569323,-6.487126,2.23694,2.684328,2.684328,0.223694,0.894776,-1.6,-0.9,1.8,156.8,156.8,156.8,Tripod,Other,,21,5,True,,True,False,,Smart,RC,False,True,False,,,True,,False,False,False,False,False,False,False,False,False,False,0,Follow Yaw,-77.9,0,148.7,148.7,False,False,False,False,False,,0,0,False,False,No Card,100,100,1024,1389,856,1024,2,False,False,False,False,False,0,False,False,False,False,70,,46.488,,7030,,10044,,46.488,,True,3.875,3.875,3.875,3.875,3.875,3.875,3.875,3.875,3.875,3.875,3.875,3.875,0,,False,False,True,,,,,,,,,,,,,,,False,False,19.51,,103.1,,75.7,,103.1,,1343,117,2,22,7,140975.3,18796.70,,Idle,,20,,10,,,20,Go Home,False,False,False,False,False,False,False,False,False,False,False,False,33.8027920380556,-117.4659261431046,3900.8,3900.8,1049.4,396.9,True,1,1,False,False,False,False,,True,False,False,Course Lock,196.8,67,16.4,93,N,SW,3.13,11.4,Calm,False,False,Android,7.0.2,M300 RTK,1ZN7L4R0H1D00F,1W9DL31001461C,1ZMLH8300204F0,1Z6PH74DAP0QN7,"Corona, CA",728.3,5.7,137.7,8.547347,2.013246,0,0,DJI Matrice 300 RTK,M300 RTK,1ZN7L4R0H1D00F,1W9DL31001461C,1ZMLH8300204F0,1Z6PH74DAP0QN7,DJI Pilot,Android,7.0.2,1EF72A62-B7C3-C88D-164E-CE6F8C8424AE,1ZN7L4R0H1D00F,1W9DL31001461C,,1ZMLH8300204F0,1W9DL31001461C,,,,,
2023-11-01,11:33:41.44 AM,9m 19.1s,559.1,33.7958119670158,-117.475675164191,20.6,137.7,15.0,1284,4813.4,7.020571,7.569323,-6.487126,2.23694,2.684328,2.684328,0.223694,0.894776,-1.5,-1.2,1.9,156.7,156.7,156.1,Tripod,Other,,21,5,True,,True,False,,Smart,RC,False,True,False,,,True,,False,False,False,False,False,False,False,False,False,False,0,Follow Yaw,-77.9,0,148.7,148.7,False,False,False,False,False,,0,0,False,False,No Card,100,100,1024,1391,849,1024,2,False,False,False,False,False,0,False,False,False,False,70,,46.488,,7030,,10044,,46.488,,True,3.875,3.875,3.875,3.875,3.875,3.875,3.875,3.875,3.875,3.875,3.875,3.875,0,,False,False,True,,,,,,,,,,,,,,,False,False,19.51,,103.1,,75.7,,103.1,,1343,117,2,22,7,140975.3,18796.70,,Idle,,20,,10,,,20,Go Home,False,False,False,False,False,False,False,False,False,False,False,False,33.8027920380556,-117.4659261431046,3901.1,3901.1,1049.4,396.9,True,1,1,False,False,False,False,,True,False,False,Course Lock,196.8,67,16.4,93,N,SW,3.13,11.4,Calm,False,False,Android,7.0.2,M300 RTK,1ZN7L4R0H1D00F,1W9DL31001461C,1ZMLH8300204F0,1Z6PH74DAP0QN7,"Corona, CA",728.3,5.7,137.7,8.547347,2.013246,0,0,DJI Matrice 300 RTK,M300 RTK,1ZN7L4R0H1D00F,1W9DL31001461C,1ZMLH8300204F0,1Z6PH74DAP0QN7,DJI Pilot,Android,7.0.2,1EF72A62-B7C3-C88D-164E-CE6F8C8424AE,1ZN7L4R0H1D00F,1W9DL31001461C,,1ZMLH8300204F0,1W9DL31001461C,,,,,
2023-11-01,11:33:41.50 AM,9m 19.2s,559.2,33.7958092714693,-117.4756737625957,20.3,137.7,15.0,1284,4814.5,7.020571,7.569323,-6.487126,2.23694,2.684328,2.684328,0.223694,0.894776,-1.6,-1.3,2,156.7,156.7,156.6,Tripod,Other,,21,5,True,,True,False,,Smart,RC,False,True,False,,,True,,False,False,False,False,False,False,False,False,False,False,0,Follow Yaw,-77.9,0,148.7,148.7,False,False,False,False,False,,0,0,False,False,No Card,100,100,1024,1390,846,1024,2,False,False,False,False,False,0,False,False,False,False,70,,46.488,,7030,,10044,,46.488,,True,3.875,3.875,3.875,3.875,3.875,3.875,3.875,3.875,3.875,3.875,3.875,3.875,0,,False,False,True,,,,,,,,,,,,,,,False,False,19.51,,103.1,,75.7,,103.1,,1343,117,2,22,7,140975.3,18796.70,,Idle,,20,,10,,,20,Go Home,False,False,False,False,False,False,False,False,False,False,False,False,33.8027920380556,-117.4659261431046,3901.4,3901.4,1049.4,396.9,True,1,1,False,False,False,False,,True,False,False,Course Lock,196.8,67,16.4,93,N,SW,3.13,11.4,Calm,False,False,Android,7.0.2,M300 RTK,1ZN7L4R0H1D00F,1W9DL31001461C,1ZMLH8300204F0,1Z6PH74DAP0QN7,"Corona, CA",728.3,5.7,137.7,8.547347,2.013246,0,0,DJI Matrice 300 RTK,M300 RTK,1ZN7L4R0H1D00F,1W9DL31001461C,1ZMLH8300204F0,1Z6PH74DAP0QN7,DJI Pilot,Android,7.0.2,1EF72A62-B7C3-C88D-164E-CE6F8C8424AE,1ZN7L4R0H1D00F,1W9DL31001461C,,1ZMLH8300204F0,1W9DL31001461C,,,,,
2023-11-01,11:33:41.64 AM,9m 19.3s,559.3,33.7958069680646,-117.4756726364375,20.3,137.7,15.0,1284,4815.4,7.020571,7.569323,-6.487126,2.23694,2.684328,2.684328,0.223694,0.894776,-1.9,-1.3,2.3,156.8,156.8,157.8,Tripod,Other,,21,5,True,,True,False,,Smart,RC,False,True,False,,,True,,False,False,False,False,False,False,False,False,False,False,0,Follow Yaw,-77.9,0,148.7,148.7,False,False,False,False,False,,0,0,False,False,No Card,100,100,1024,1390,845,1024,2,False,False,False,False,False,0,False,False,False,False,70,,46.488,,7030,,10044,,46.488,,True,3.874,3.874,3.874,3.874,3.874,3.874,3.874,3.874,3.874,3.874,3.874,3.874,0,,False,False,True,,,,,,,,,,,,,,,False,False,19.51,,103.1,,75.7,,103.1,,1343,117,2,22,7,141457.1,18860.94,,Idle,,20,,10,,,20,Go Home,False,False,False,False,False,False,False,False,False,False,False,False,33.8027920380556,-117.4659261431046,3901.7,3901.7,1049.4,396.9,True,1,1,False,False,False,False,,True,False,False,Course Lock,196.8,67,16.4,93,N,SW,3.13,11.4,Calm,False,False,Android,7.0.2,M300 RTK,1ZN7L4R0H1D00F,1W9DL31001461C,1ZMLH8300204F0,1Z6PH74DAP0QN7,"Corona, CA",728.3,5.7,137.7,8.547347,2.013246,0,0,DJI Matrice 300 RTK,M300 RTK,1ZN7L4R0H1D00F,1W9DL31001461C,1ZMLH8300204F0,1Z6PH74DAP0QN7,DJI Pilot,Android,7.0.2,1EF72A62-B7C3-C88D-164E-CE6F8C8424AE,1ZN7L4R0H1D00F,1W9DL31001461C,,1ZMLH8300204F0,1W9DL31001461C,,,,,
2023-11-01,11:33:41.74 AM,9m 19.4s,559.4,33.7958043134662,-117.475671243996,20.3,137.7,15.0,1284,4816.5,7.020571,7.569323,-6.487126,2.23694,2.684328,2.684328,0.223694,0.894776,-1.9,-1.1,2.1,156.9,156.9,156.4,Tripod,Other,,21,5,True,,True,False,,Smart,RC,False,True,False,,,True,,False,False,False,False,False,False,False,False,False,False,0,Follow Yaw,-77.9,0,148.7,148.7,False,False,False,False,False,,0,0,False,False,No Card,100,100,1024,1390,841,1024,2,False,False,False,False,False,0,False,False,False,False,70,,46.488,,7030,,10044,,46.488,,True,3.874,3.874,3.874,3.874,3.874,3.874,3.874,3.874,3.874,3.874,3.874,3.874,0,,False,False,True,,,,,,,,,,,,,,,False,False,19.51,,103.1,,75.7,,103.1,,1343,117,2,22,7,141457.1,18860.94,,Idle,,20,,10,,,20,Go Home,False,False,False,False,False,False,False,False,False,False,False,False,33.8027920380556,-117.4659261431046,3902.0,3902.0,1049.4,396.9,True,1,1,False,False,False,False,,True,False,False,Course Lock,196.8,67,16.4,93,N,SW,3.13,11.4,Calm,False,False,Android,7.0.2,M300 RTK,1ZN7L4R0H1D00F,1W9DL31001461C,1ZMLH8300204F0,1Z6PH74DAP0QN7,"Corona, CA",728.3,5.7,137.7,8.547347,2.013246,0,0,DJI Matrice 300 RTK,M300 RTK,1ZN7L4R0H1D00F,1W9DL31001461C,1ZMLH8300204F0,1Z6PH74DAP0QN7,DJI Pilot,Android,7.0.2,1EF72A62-B7C3-C88D-164E-CE6F8C8424AE,1ZN7L4R0H1D00F,1W9DL31001461C,,1ZMLH8300204F0,1W9DL31001461C,,,,,
2023-11-01,11:33:41.81 AM,9m 19.5s,559.5,33.79580121704,-117.4756696603154,20.3,137.7,15.0,1284,4817.7,7.020571,7.569323,-6.487126,2.23694,2.684328,2.684328,0.223694,0.894776,-1.9,-0.8,2,156.9,156.9,156.9,Tripod,Other,,21,5,True,,True,False,,Smart,RC,False,True,False,,,True,,False,False,False,False,False,False,False,False,False,False,0,Follow Yaw,-77.9,0,148.7,148.7,False,False,False,False,False,,0,0,False,False,No Card,100,100,1024,1390,841,1024,2,False,False,False,False,False,0,False,False,False,False,70,,46.488,,7030,,10044,,46.488,,True,3.874,3.874,3.874,3.874,3.874,3.874,3.874,3.874,3.874,3.874,3.874,3.874,0,,False,False,True,,,,,,,,,,,,,,,False,False,19.51,,103.1,,75.7,,103.1,,1343,117,2,22,7,141457.1,18860.94,,Idle,,20,,10,,,20,Go Home,False,False,False,False,False,False,False,False,False,False,False,False,33.8027920380556,-117.4659261431046,3902.4,3902.4,1049.4,396.9,True,1,1,False,False,False,False,,True,False,False,Course Lock,196.8,67,16.4,93,N,SW,3.13,11.4,Calm,False,False,Android,7.0.2,M300 RTK,1ZN7L4R0H1D00F,1W9DL31001461C,1ZMLH8300204F0,1Z6PH74DAP0QN7,"Corona, CA",728.3,5.7,137.7,8.547347,2.013246,0,0,DJI Matrice 300 RTK,M300 RTK,1ZN7L4R0H1D00F,1W9DL31001461C,1ZMLH8300204F0,1Z6PH74DAP0QN7,DJI Pilot,Android,7.0.2,1EF72A62-B7C3-C88D-164E-CE6F8C8424AE,1ZN7L4R0H1D00F,1W9DL31001461C,,1ZMLH8300204F0,1W9DL31001461C,,,,,
2023-11-01,11:33:41.94 AM,9m 19.6s,559.6,33.7957985185466,-117.475668250721,20.3,137.7,15.0,1284,4818.8,7.020571,7.569323,-6.487126,2.23694,2.684328,2.684328,0.223694,0.894776,-1.8,-0.8,1.9,157,157,156.5,Tripod,Other,,21,5,True,,True,False,,Smart,RC,False,True,False,,,True,,False,False,False,False,False,False,False,False,False,False,0,Follow Yaw,-77.9,0,148.7,148.7,False,False,False,False,False,,0,0,False,False,No Card,100,100,1024,1392,840,1024,2,False,False,False,False,False,0,False,False,False,False,70,,46.488,,7030,,10044,,46.488,,True,3.874,3.874,3.874,3.874,3.874,3.874,3.874,3.874,3.874,3.874,3.874,3.874,0,,False,False,True,,,,,,,,,,,,,,,False,False,19.51,,103.1,,75.7,,103.1,,1343,117,2,22,7,141457.1,18860.94,,Idle,,20,,10,,,20,Go Home,False,False,False,False,False,False,False,False,False,False,False,False,33.8027920380556,-117.4659261431046,3902.7,3902.7,1049.4,396.9,True,1,1,False,False,False,False,,True,False,False,Course Lock,196.8,67,16.4,93,N,SW,3.13,11.4,Calm,False,False,Android,7.0.2,M300 RTK,1ZN7L4R0H1D00F,1W9DL31001461C,1ZMLH8300204F0,1Z6PH74DAP0QN7,"Corona, CA",728.3,5.7,137.7,8.547347,2.013246,0,0,DJI Matrice 300 RTK,M300 RTK,1ZN7L4R0H1D00F,1W9DL31001461C,1ZMLH8300204F0,1Z6PH74DAP0QN7,DJI Pilot,Android,7.0.2,1EF72A62-B7C3-C88D-164E-CE6F8C8424AE,1ZN7L4R0H1D00F,1W9DL31001461C,,1ZMLH8300204F0,1W9DL31001461C,,,,,
2023-11-01,11:33:42.02 AM,9m 19.7s,559.7,33.7957957971292,-117.4756668267774,20.3,137.7,15.0,1284,4819.9,7.020571,7.569323,-6.487126,2.23694,2.684328,2.684328,0.223694,0.894776,-1.6,-0.8,1.7,157,157,156.4,Tripod,Other,,21,5,True,,True,False,,Smart,RC,False,True,False,,,True,,False,False,False,False,False,False,False,False,False,False,0,Follow Yaw,-77.9,0,148.7,148.7,False,False,False,False,False,,0,0,False,False,No Card,100,100,1024,1393,839,1024,2,False,False,False,False,False,0,False,False,False,False,70,,46.488,,7030,,10044,,46.488,,True,3.874,3.874,3.874,3.874,3.874,3.874,3.874,3.874,3.874,3.874,3.874,3.874,0,,False,False,True,,,,,,,,,,,,,,,False,False,19.51,,103.1,,75.7,,103.1,,1343,117,2,22,7,141457.1,18860.94,,Idle,,20,,10,,,20,Go Home,False,False,False,False,False,False,False,False,False,False,False,False,33.8027920380556,-117.4659261431046,3903.1,3903.1,1049.4,396.9,True,1,1,False,False,False,False,,True,False,False,Course Lock,196.8,67,16.4,93,N,SW,3.13,11.4,Calm,False,False,Android,7.0.2,M300 RTK,1ZN7L4R0H1D00F,1W9DL31001461C,1ZMLH8300204F0,1Z6PH74DAP0QN7,"Corona, CA",728.3,5.7,137.7,8.547347,2.013246,0,0,DJI Matrice 300 RTK,M300 RTK,1ZN7L4R0H1D00F,1W9DL31001461C,1ZMLH8300204F0,1Z6PH74DAP0QN7,DJI Pilot,Android,7.0.2,1EF72A62-B7C3-C88D-164E-CE6F8C8424AE,1ZN7L4R0H1D00F,1W9DL31001461C,,1ZMLH8300204F0,1W9DL31001461C,,,,,
2023-11-01,11:33:42.12 AM,9m 19.8s,559.8,33.7957930923994,-117.475665420894,20.3,137.7,15.0,1284,4820.9,7.020571,7.569323,-6.487126,2.23694,2.684328,2.684328,0.223694,0.894776,-1.5,-0.8,1.7,157.1,157.1,156.6,Tripod,Other,,21,5,True,,True,False,,Smart,RC,False,True,False,,,True,,False,False,False,False,False,False,False,False,False,False,0,Follow Yaw,-77.9,0,148.7,148.7,False,False,False,False,False,,0,0,False,False,No Card,100,100,1024,1393,838,1024,2,False,False,False,False,False,0,False,False,False,False,70,,46.488,,7030,,10044,,46.488,,True,3.874,3.874,3.874,3.874,3.874,3.874,3.874,3.874,3.874,3.874,3.874,3.874,0,,False,False,True,,,,,,,,,,,,,,,False,False,19.51,,103.1,,75.7,,103.1,,1343,117,2,22,7,141457.1,18860.94,,Idle,,20,,10,,,20,Go Home,False,False,False,False,False,False,False,False,False,False,False,False,33.8027920380556,-117.4659261431046,3903.4,3903.4,1049.4,396.9,True,1,1,False,False,False,False,,True,False,False,Course Lock,196.8,67,16.4,93,N,SW,3.13,11.4,Calm,False,False,Android,7.0.2,M300 RTK,1ZN7L4R0H1D00F,1W9DL31001461C,1ZMLH8300204F0,1Z6PH74DAP0QN7,"Corona, CA",728.3,5.7,137.7,8.547347,2.013246,0,0,DJI Matrice 300 RTK,M300 RTK,1ZN7L4R0H1D00F,1W9DL31001461C,1ZMLH8300204F0,1Z6PH74DAP0QN7,DJI Pilot,Android,7.0.2,1EF72A62-B7C3-C88D-164E-CE6F8C8424AE,1ZN7L4R0H1D00F,1W9DL31001461C,,1ZMLH8300204F0,1W9DL31001461C,,,,,
2023-11-01,11:33:42.23 AM,9m 19.9s,559.9,33.7957903507992,-117.4756640569857,20.3,137.7,15.4,1284,4822.0,7.020571,7.569323,-6.487126,2.23694,2.684328,2.684328,0.223694,0.894776,-1.4,-0.8,1.6,157,157,157.5,Tripod,Other,,21,5,True,,True,False,,Smart,RC,False,True,False,,,True,,False,False,False,False,False,False,False,False,False,False,0,Follow Yaw,-77.9,0,148.7,148.7,False,False,False,False,False,,0,0,False,False,No Card,100,100,1024,1393,837,1024,2,False,False,False,False,False,0,False,False,False,False,70,,46.488,,7030,,10044,,46.488,,True,3.874,3.874,3.874,3.874,3.874,3.874,3.874,3.874,3.874,3.874,3.874,3.874,0,,False,False,True,,,,,,,,,,,,,,,False,False,19.51,,103.1,,75.7,,103.1,,1343,117,2,22,7,141457.1,18860.94,,Idle,,20,,10,,,20,Go Home,False,False,False,False,False,False,False,False,False,False,False,False,33.8027920380556,-117.4659261431046,3903.7,3903.7,1049.4,396.9,True,1,1,False,False,False,False,,True,False,False,Course Lock,196.8,67,16.4,93,N,SW,3.13,11.4,Calm,False,False,Android,7.0.2,M300 RTK,1ZN7L4R0H1D00F,1W9DL31001461C,1ZMLH8300204F0,1Z6PH74DAP0QN7,"Corona, CA",728.3,5.7,137.7,8.547347,2.013246,0,0,DJI Matrice 300 RTK,M300 RTK,1ZN7L4R0H1D00F,1W9DL31001461C,1ZMLH8300204F0,1Z6PH74DAP0QN7,DJI Pilot,Android,7.0.2,1EF72A62-B7C3-C88D-164E-CE6F8C8424AE,1ZN7L4R0H1D00F,1W9DL31001461C,,1ZMLH8300204F0,1W9DL31001461C,,,,,
2023-11-01,11:33:42.33 AM,9m 20.0s,560.0,33.7957876471658,-117.4756626665234,20.0,137.7,15.4,1284,4823.1,7.020571,7.569323,-6.487126,2.23694,2.684328,2.684328,0.223694,0.894776,-1.4,-0.9,1.6,157,157,156.8,Tripod,Other,,21,5,True,,True,False,,Smart,RC,False,True,False,,,True,,False,False,False,False,False,False,False,False,False,False,0,Follow Yaw,-77.9,0,148.7,148.7,False,False,False,False,False,,0,0,False,False,No Card,100,100,1024,1394,827,1024,2,False,False,False,False,False,0,False,False,False,False,70,,46.488,,7030,,10044,,46.488,,True,3.874,3.874,3.874,3.874,3.874,3.874,3.874,3.874,3.874,3.874,3.874,3.874,0,,False,False,True,,,,,,,,,,,,,,,False,False,19.634,,103.1,,75.7,,103.1,,1343,117,2,22,7,141457.1,18860.94,,Idle,,20,,10,,,20,Go Home,False,False,False,False,False,False,False,False,False,False,False,False,33.8027920380556,-117.4659261431046,3904.0,3904.0,1049.4,396.9,True,1,1,False,False,False,False,,True,False,False,Course Lock,196.8,67,16.4,93,N,SW,3.13,11.4,Calm,False,False,Android,7.0.2,M300 RTK,1ZN7L4R0H1D00F,1W9DL31001461C,1ZMLH8300204F0,1Z6PH74DAP0QN7,"Corona, CA",728.3,5.7,137.7,8.547347,2.013246,0,0,DJI Matrice 300 RTK,M300 RTK,1ZN7L4R0H1D00F,1W9DL31001461C,1ZMLH8300204F0,1Z6PH74DAP0QN7,DJI Pilot,Android,7.0.2,1EF72A62-B7C3-C88D-164E-CE6F8C8424AE,1ZN7L4R0H1D00F,1W9DL31001461C,,1ZMLH8300204F0,1W9DL31001461C,,,,,
2023-11-01,11:33:42.43 AM,9m 20.1s,560.1,33.7957849538809,-117.4756611471665,20.0,137.7,15.4,1284,4824.2,7.020571,7.569323,-6.487126,2.23694,2.684328,2.684328,0.223694,0.894776,-1.5,-0.9,1.7,157,157,154.8,Tripod,Other,,21,5,True,,True,False,,Smart,RC,False,True,False,,,True,,False,False,False,False,False,False,False,False,False,False,0,Follow Yaw,-77.9,0,148.7,148.7,False,False,False,False,False,,0,0,False,False,No Card,100,100,1024,1394,827,1024,2,False,False,False,False,False,0,False,False,False,False,70,,46.488,,7030,,10044,,46.488,,True,3.874,3.874,3.874,3.874,3.874,3.874,3.874,3.874,3.874,3.874,3.874,3.874,0,,False,False,True,,,,,,,,,,,,,,,False,False,19.634,,103.1,,75.7,,103.1,,1343,117,2,22,7,141457.1,18860.94,,Idle,,20,,10,,,20,Go Home,False,False,False,False,False,False,False,False,False,False,False,False,33.8027920380556,-117.4659261431046,3904.3,3904.3,1049.4,396.9,True,1,1,False,False,False,False,,True,False,False,Course Lock,196.8,67,16.4,93,N,SW,3.13,11.4,Calm,False,False,Android,7.0.2,M300 RTK,1ZN7L4R0H1D00F,1W9DL31001461C,1ZMLH8300204F0,1Z6PH74DAP0QN7,"Corona, CA",728.3,5.7,137.7,8.547347,2.013246,0,0,DJI Matrice 300 RTK,M300 RTK,1ZN7L4R0H1D00F,1W9DL31001461C,1ZMLH8300204F0,1Z6PH74DAP0QN7,DJI Pilot,Android,7.0.2,1EF72A62-B7C3-C88D-164E-CE6F8C8424AE,1ZN7L4R0H1D00F,1W9DL31001461C,,1ZMLH8300204F0,1W9DL31001461C,,,,,
2023-11-01,11:33:42.54 AM,9m 20.2s,560.2,33.795782259054,-117.4756597440869,20.0,137.7,15.4,1284,4825.2,7.020571,7.569323,-6.487126,2.23694,2.684328,2.684328,0.223694,0.894776,-1.4,-0.9,1.6,156.9,156.9,156.6,Tripod,Other,,21,5,True,,True,False,,Smart,RC,False,True,False,,,True,,False,False,False,False,False,False,False,False,False,False,0,Follow Yaw,-77.9,0,148.7,148.7,False,False,False,False,False,,0,0,False,False,No Card,100,100,1024,1395,826,1024,2,False,False,False,False,False,0,False,False,False,False,70,,46.488,,7030,,10044,,46.488,,True,3.874,3.874,3.874,3.874,3.874,3.874,3.874,3.874,3.874,3.874,3.874,3.874,0,,False,False,True,,,,,,,,,,,,,,,False,False,19.634,,103.1,,75.7,,103.1,,1343,117,2,22,7,141457.1,18860.94,,Idle,,20,,10,,,20,Go Home,False,False,False,False,False,False,False,False,False,False,False,False,33.8027920380556,-117.4659261431046,3904.7,3904.7,1049.4,396.9,True,1,1,False,False,False,False,,True,False,False,Course Lock,196.8,67,16.4,93,N,SW,3.13,11.4,Calm,False,False,Android,7.0.2,M300 RTK,1ZN7L4R0H1D00F,1W9DL31001461C,1ZMLH8300204F0,1Z6PH74DAP0QN7,"Corona, CA",728.3,5.7,137.7,8.547347,2.013246,0,0,DJI Matrice 300 RTK,M300 RTK,1ZN7L4R0H1D00F,1W9DL31001461C,1ZMLH8300204F0,1Z6PH74DAP0QN7,DJI Pilot,Android,7.0.2,1EF72A62-B7C3-C88D-164E-CE6F8C8424AE,1ZN7L4R0H1D00F,1W9DL31001461C,,1ZMLH8300204F0,1W9DL31001461C,,,,,
2023-11-01,11:33:42.64 AM,9m 20.3s,560.3,33.7957794302807,-117.4756583744885,20.0,137.7,15.4,1284,4826.4,7.020571,7.569323,-6.487126,2.23694,2.684328,2.684328,0.223694,0.894776,-1.3,-0.8,1.5,156.9,156.9,158.0,Tripod,Other,,21,5,True,,True,False,,Smart,RC,False,True,False,,,True,,False,False,False,False,False,False,False,False,False,False,0,Follow Yaw,-77.9,0,148.7,148.7,False,False,False,False,False,,0,0,False,False,No Card,100,100,1024,1394,824,1024,2,False,False,False,False,False,0,False,False,False,False,70,,46.488,,7030,,10044,,46.488,,True,3.874,3.874,3.874,3.874,3.874,3.874,3.874,3.874,3.874,3.874,3.874,3.874,0,,False,False,True,,,,,,,,,,,,,,,False,False,19.634,,103.1,,75.7,,103.1,,1343,117,2,22,7,142168.2,18955.77,,Idle,,20,,10,,,20,Go Home,False,False,False,False,False,False,False,False,False,False,False,False,33.8027920380556,-117.4659261431046,3905.0,3905.0,1049.4,396.9,True,1,1,False,False,False,False,,True,False,False,Course Lock,196.8,67,16.4,93,N,SW,3.13,11.4,Calm,False,False,Android,7.0.2,M300 RTK,1ZN7L4R0H1D00F,1W9DL31001461C,1ZMLH8300204F0,1Z6PH74DAP0QN7,"Corona, CA",728.3,5.7,137.7,8.547347,2.013246,0,0,DJI Matrice 300 RTK,M300 RTK,1ZN7L4R0H1D00F,1W9DL31001461C,1ZMLH8300204F0,1Z6PH74DAP0QN7,DJI Pilot,Android,7.0.2,1EF72A62-B7C3-C88D-164E-CE6F8C8424AE,1ZN7L4R0H1D00F,1W9DL31001461C,,1ZMLH8300204F0,1W9DL31001461C,,,,,
2023-11-01,11:33:42.74 AM,9m 20.4s,560.4,33.7957767350769,-117.4756569697595,20.0,137.7,15.4,1284,4827.4,7.020571,7.569323,-6.487126,2.23694,2.684328,2.684328,0.223694,0.894776,-1.2,-0.8,1.4,156.7,156.7,156.5,Tripod,Other,,21,5,True,,True,False,,Smart,RC,False,True,False,,,True,,False,False,False,False,False,False,False,False,False,False,0,Follow Yaw,-77.9,0,148.7,148.7,False,False,False,False,False,,0,0,False,False,No Card,100,100,1024,1394,821,1024,2,False,False,False,False,False,0,False,False,False,False,70,,46.488,,7030,,10044,,46.488,,True,3.874,3.874,3.874,3.874,3.874,3.874,3.874,3.874,3.874,3.874,3.874,3.874,0,,False,False,True,,,,,,,,,,,,,,,False,False,19.634,,103.1,,75.7,,103.1,,1343,117,2,22,7,142168.2,18955.77,,Idle,,20,,10,,,20,Go Home,False,False,False,False,False,False,False,False,False,False,False,False,33.8027920380556,-117.4659261431046,3905.3,3905.3,1049.4,396.9,True,1,1,False,False,False,False,,True,False,False,Course Lock,196.8,67,16.4,93,N,SW,3.13,11.4,Calm,False,False,Android,7.0.2,M300 RTK,1ZN7L4R0H1D00F,1W9DL31001461C,1ZMLH8300204F0,1Z6PH74DAP0QN7,"Corona, CA",728.3,5.7,137.7,8.547347,2.013246,0,0,DJI Matrice 300 RTK,M300 RTK,1ZN7L4R0H1D00F,1W9DL31001461C,1ZMLH8300204F0,1Z6PH74DAP0QN7,DJI Pilot,Android,7.0.2,1EF72A62-B7C3-C88D-164E-CE6F8C8424AE,1ZN7L4R0H1D00F,1W9DL31001461C,,1ZMLH8300204F0,1W9DL31001461C,,,,,
2023-11-01,11:33:42.85 AM,9m 20.5s,560.5,33.7957742514665,-117.4756555563716,20.0,137.7,15.4,1284,4828.4,7.020571,7.569323,-6.487126,2.23694,2.684328,2.684328,0.223694,0.894776,-1.5,-0.9,1.7,156.7,156.7,154.6,Tripod,Other,,21,5,True,,True,False,,Smart,RC,False,True,False,,,True,,False,False,False,False,False,False,False,False,False,False,0,Follow Yaw,-77.9,0,148.7,148.7,False,False,False,False,False,,0,0,False,False,No Card,100,100,1024,1394,819,1024,2,False,False,False,False,False,0,False,False,False,False,70,,46.488,,7030,,10044,,46.488,,True,3.874,3.874,3.874,3.874,3.874,3.874,3.874,3.874,3.874,3.874,3.874,3.874,0,,False,False,True,,,,,,,,,,,,,,,False,False,19.634,,103.1,,75.7,,103.1,,1343,117,2,22,7,142168.2,18955.77,,Idle,,20,,10,,,20,Go Home,False,False,False,False,False,False,False,False,False,False,False,False,33.8027920380556,-117.4659261431046,3905.6,3905.6,1049.4,396.9,True,1,1,False,False,False,False,,True,False,False,Course Lock,196.8,67,16.4,93,N,SW,3.13,11.4,Calm,False,False,Android,7.0.2,M300 RTK,1ZN7L4R0H1D00F,1W9DL31001461C,1ZMLH8300204F0,1Z6PH74DAP0QN7,"Corona, CA",728.3,5.7,137.7,8.547347,2.013246,0,0,DJI Matrice 300 RTK,M300 RTK,1ZN7L4R0H1D00F,1W9DL31001461C,1ZMLH8300204F0,1Z6PH74DAP0QN7,DJI Pilot,Android,7.0.2,1EF72A62-B7C3-C88D-164E-CE6F8C8424AE,1ZN7L4R0H1D00F,1W9DL31001461C,,1ZMLH8300204F0,1W9DL31001461C,,,,,
2023-11-01,11:33:42.95 AM,9m 20.6s,560.6,33.7957715865882,-117.4756541444681,20.0,137.7,15.4,1284,4829.5,7.020571,7.569323,-6.487126,2.23694,2.684328,2.684328,0.223694,0.894776,-1.7,-0.8,1.8,156.7,156.7,156.2,Tripod,Other,,21,5,True,,True,False,,Smart,RC,False,True,False,,,True,,False,False,False,False,False,False,False,False,False,False,0,Follow Yaw,-77.9,0,148.7,148.7,False,False,False,False,False,,0,0,False,False,No Card,100,100,1024,1393,817,1024,2,False,False,False,False,False,0,False,False,False,False,70,,46.488,,7030,,10044,,46.488,,True,3.874,3.874,3.874,3.874,3.874,3.874,3.874,3.874,3.874,3.874,3.874,3.874,0,,False,False,True,,,,,,,,,,,,,,,False,False,19.634,,103.1,,75.7,,103.1,,1343,117,2,22,7,142168.2,18955.77,,Idle,,20,,10,,,20,Go Home,False,False,False,False,False,False,False,False,False,False,False,False,33.8027920380556,-117.4659261431046,3905.9,3905.9,1049.4,396.9,True,1,1,False,False,False,False,,True,False,False,Course Lock,196.8,67,16.4,93,N,SW,3.13,11.4,Calm,False,False,Android,7.0.2,M300 RTK,1ZN7L4R0H1D00F,1W9DL31001461C,1ZMLH8300204F0,1Z6PH74DAP0QN7,"Corona, CA",728.3,5.7,137.7,8.547347,2.013246,0,0,DJI Matrice 300 RTK,M300 RTK,1ZN7L4R0H1D00F,1W9DL31001461C,1ZMLH8300204F0,1Z6PH74DAP0QN7,DJI Pilot,Android,7.0.2,1EF72A62-B7C3-C88D-164E-CE6F8C8424AE,1ZN7L4R0H1D00F,1W9DL31001461C,,1ZMLH8300204F0,1W9DL31001461C,,,,,
2023-11-01,11:33:43.05 AM,9m 20.7s,560.7,33.7957688999166,-117.475652725555,19.6,137.7,15.4,1283,4830.6,7.020571,7.569323,-6.487126,2.23694,2.684328,2.684328,0.223694,0.894776,-1.8,-0.6,1.8,156.8,156.8,156.3,Tripod,Other,,21,5,True,,True,False,,Smart,RC,False,True,False,,,True,,False,False,False,False,False,False,False,False,False,False,0,Follow Yaw,-77.9,0,148.7,148.7,False,False,False,False,False,,0,0,False,False,No Card,100,100,1024,1393,817,1024,2,False,False,False,False,False,0,False,False,False,False,70,,46.416,,3490,,4986,,46.416,,True,3.874,3.874,3.874,3.874,3.874,3.874,3.874,3.874,3.874,3.874,3.874,3.874,0,,False,False,True,,,,,,,,,,,,,,,False,False,9.722,,102.9,,75.7,,103.1,,1343,117,2,22,7,142168.2,18955.77,,Idle,,20,,10,,,20,Go Home,False,False,False,False,False,False,False,False,False,False,False,False,33.8027920380556,-117.4659261431046,3906.3,3906.3,1049.4,396.9,True,1,1,False,False,False,False,,True,False,False,Course Lock,196.8,67,16.4,93,N,SW,3.13,11.4,Calm,False,False,Android,7.0.2,M300 RTK,1ZN7L4R0H1D00F,1W9DL31001461C,1ZMLH8300204F0,1Z6PH74DAP0QN7,"Corona, CA",728.3,5.7,137.7,8.547347,2.013246,0,0,DJI Matrice 300 RTK,M300 RTK,1ZN7L4R0H1D00F,1W9DL31001461C,1ZMLH8300204F0,1Z6PH74DAP0QN7,DJI Pilot,Android,7.0.2,1EF72A62-B7C3-C88D-164E-CE6F8C8424AE,1ZN7L4R0H1D00F,1W9DL31001461C,,1ZMLH8300204F0,1W9DL31001461C,,,,,
2023-11-01,11:33:43.16 AM,9m 20.8s,560.8,33.7957662344558,-117.4756513080438,19.6,137.7,15.7,1283,4831.6,7.020571,7.569323,-6.487126,2.23694,2.684328,2.684328,0.223694,0.894776,-1.8,-0.5,1.8,156.8,156.8,156.1,Tripod,Other,,21,5,True,,True,False,,Smart,RC,False,True,False,,,True,,False,False,False,False,False,False,False,False,False,False,0,Follow Yaw,-77.9,0,148.7,148.7,False,False,False,False,False,,0,0,False,False,No Card,100,100,1024,1395,817,1024,2,False,False,False,False,False,0,False,False,False,False,70,,46.416,,3490,,4986,,46.416,,True,3.874,3.874,3.874,3.874,3.874,3.874,3.874,3.874,3.874,3.874,3.874,3.874,0,,False,False,True,,,,,,,,,,,,,,,False,False,9.722,,102.9,,75.7,,103.1,,1343,117,2,22,7,142168.2,18955.77,,Idle,,20,,10,,,20,Go Home,False,False,False,False,False,False,False,False,False,False,False,False,33.8027920380556,-117.4659261431046,3906.6,3906.6,1049.4,396.9,True,1,1,False,False,False,False,,True,False,False,Course Lock,196.8,67,16.4,93,N,SW,3.13,11.4,Calm,False,False,Android,7.0.2,M300 RTK,1ZN7L4R0H1D00F,1W9DL31001461C,1ZMLH8300204F0,1Z6PH74DAP0QN7,"Corona, CA",728.3,5.7,137.7,8.547347,2.013246,0,0,DJI Matrice 300 RTK,M300 RTK,1ZN7L4R0H1D00F,1W9DL31001461C,1ZMLH8300204F0,1Z6PH74DAP0QN7,DJI Pilot,Android,7.0.2,1EF72A62-B7C3-C88D-164E-CE6F8C8424AE,1ZN7L4R0H1D00F,1W9DL31001461C,,1ZMLH8300204F0,1W9DL31001461C,,,,,
2023-11-01,11:33:43.26 AM,9m 20.9s,560.9,33.7957636722732,-117.4756500636291,19.6,137.7,15.7,1283,4832.6,7.020571,7.569323,-6.487126,2.23694,2.684328,2.684328,0.223694,0.894776,-1.8,-0.6,1.8,156.8,156.8,158.0,Tripod,Other,,21,5,True,,True,False,,Smart,RC,False,True,False,,,True,,False,False,False,False,False,False,False,False,False,False,0,Follow Yaw,-77.9,0,148.7,148.7,False,False,False,False,False,,0,0,False,False,No Card,100,100,1024,1395,815,1024,2,False,False,False,False,False,0,False,False,False,False,70,,46.416,,3490,,4986,,46.416,,True,3.874,3.874,3.874,3.874,3.874,3.874,3.874,3.874,3.874,3.874,3.874,3.874,0,,False,False,True,,,,,,,,,,,,,,,False,False,9.722,,102.9,,75.7,,103.1,,1343,117,2,22,7,142168.2,18955.77,,Idle,,20,,10,,,20,Go Home,False,False,False,False,False,False,False,False,False,False,False,False,33.8027920380556,-117.4659261431046,3906.9,3906.9,1049.4,396.9,True,1,1,False,False,False,False,,True,False,False,Course Lock,196.8,67,16.4,93,N,SW,3.13,11.4,Calm,False,False,Android,7.0.2,M300 RTK,1ZN7L4R0H1D00F,1W9DL31001461C,1ZMLH8300204F0,1Z6PH74DAP0QN7,"Corona, CA",728.3,5.7,137.7,8.547347,2.013246,0,0,DJI Matrice 300 RTK,M300 RTK,1ZN7L4R0H1D00F,1W9DL31001461C,1ZMLH8300204F0,1Z6PH74DAP0QN7,DJI Pilot,Android,7.0.2,1EF72A62-B7C3-C88D-164E-CE6F8C8424AE,1ZN7L4R0H1D00F,1W9DL31001461C,,1ZMLH8300204F0,1W9DL31001461C,,,,,
2023-11-01,11:33:43.37 AM,9m 21.0s,561.0,33.7957610137684,-117.4756486616215,19.6,137.7,15.4,1283,4833.7,7.020571,7.569323,-6.487126,2.23694,2.684328,2.684328,0.223694,0.894776,-1.6,-0.6,1.7,156.8,156.8,156.3,Tripod,Other,,21,5,True,,True,False,,Smart,RC,False,True,False,,,True,,False,False,False,False,False,False,False,False,False,False,0,Follow Yaw,-77.9,0,148.7,148.7,False,False,False,False,False,,0,0,False,False,No Card,100,100,1024,1394,815,1024,2,False,False,False,False,False,0,False,False,False,False,70,,46.464,,7030,,10044,,46.464,,True,3.874,3.874,3.874,3.874,3.874,3.874,3.874,3.874,3.874,3.874,3.874,3.874,0,,False,False,True,,,,,,,,,,,,,,,False,False,19.454,,103.1,,75.7,,103.1,,1343,117,2,22,7,142168.2,18955.77,,Idle,,20,,10,,,20,Go Home,False,False,False,False,False,False,False,False,False,False,False,False,33.8027920380556,-117.4659261431046,3907.2,3907.2,1049.4,396.9,True,1,1,False,False,False,False,,True,False,False,Course Lock,196.8,67,16.4,93,N,SW,3.13,11.4,Calm,False,False,Android,7.0.2,M300 RTK,1ZN7L4R0H1D00F,1W9DL31001461C,1ZMLH8300204F0,1Z6PH74DAP0QN7,"Corona, CA",728.3,5.7,137.7,8.547347,2.013246,0,0,DJI Matrice 300 RTK,M300 RTK,1ZN7L4R0H1D00F,1W9DL31001461C,1ZMLH8300204F0,1Z6PH74DAP0QN7,DJI Pilot,Android,7.0.2,1EF72A62-B7C3-C88D-164E-CE6F8C8424AE,1ZN7L4R0H1D00F,1W9DL31001461C,,1ZMLH8300204F0,1W9DL31001461C,,,,,
2023-11-01,11:33:43.47 AM,9m 21.1s,561.1,33.7957583721225,-117.4756472626652,19.6,137.7,15.7,1283,4834.7,7.020571,7.569323,-6.487126,2.23694,2.684328,2.684328,0.223694,0.894776,-1.5,-0.5,1.5,156.8,156.8,156.2,Tripod,Other,,21,5,True,,True,False,,Smart,RC,False,True,False,,,True,,False,False,False,False,False,False,False,False,False,False,0,Follow Yaw,-77.9,0,148.7,148.7,False,False,False,False,False,,0,0,False,False,No Card,100,100,1024,1394,815,1024,2,False,False,False,False,False,0,False,False,False,False,70,,46.464,,7030,,10044,,46.464,,True,3.874,3.874,3.874,3.874,3.874,3.874,3.874,3.874,3.874,3.874,3.874,3.874,0,,False,False,True,,,,,,,,,,,,,,,False,False,19.454,,103.1,,75.7,,103.1,,1343,117,2,22,7,142168.2,18955.77,,Idle,,20,,10,,,20,Go Home,False,False,False,False,False,False,False,False,False,False,False,False,33.8027920380556,-117.4659261431046,3907.5,3907.5,1049.4,396.9,True,1,1,False,False,False,False,,True,False,False,Course Lock,196.8,67,16.4,93,N,SW,3.13,11.4,Calm,False,False,Android,7.0.2,M300 RTK,1ZN7L4R0H1D00F,1W9DL31001461C,1ZMLH8300204F0,1Z6PH74DAP0QN7,"Corona, CA",728.3,5.7,137.7,8.547347,2.013246,0,0,DJI Matrice 300 RTK,M300 RTK,1ZN7L4R0H1D00F,1W9DL31001461C,1ZMLH8300204F0,1Z6PH74DAP0QN7,DJI Pilot,Android,7.0.2,1EF72A62-B7C3-C88D-164E-CE6F8C8424AE,1ZN7L4R0H1D00F,1W9DL31001461C,,1ZMLH8300204F0,1W9DL31001461C,,,,,
2023-11-01,11:33:43.57 AM,9m 21.2s,561.2,33.7957557129324,-117.4756458578538,19.6,137.7,15.4,1283,4835.8,7.020571,7.569323,-6.487126,2.23694,2.684328,2.684328,0.223694,0.894776,-1.6,-0.5,1.6,156.8,156.8,156.2,Tripod,Other,,21,5,True,,True,False,,Smart,RC,False,True,False,,,True,,False,False,False,False,False,False,False,False,False,False,0,Follow Yaw,-77.9,0,148.7,148.7,False,False,False,False,False,,0,0,False,False,No Card,100,100,1024,1394,816,1024,2,False,False,False,False,False,0,False,False,False,False,70,,46.464,,7030,,10044,,46.464,,True,3.874,3.874,3.874,3.874,3.874,3.874,3.874,3.874,3.874,3.874,3.874,3.874,0,,False,False,True,,,,,,,,,,,,,,,False,False,19.454,,103.1,,75.7,,103.1,,1343,117,2,22,7,142168.2,18955.77,,Idle,,20,,10,,,20,Go Home,False,False,False,False,False,False,False,False,False,False,False,False,33.8027920380556,-117.4659261431046,3907.8,3907.8,1049.4,396.9,True,1,1,False,False,False,False,,True,False,False,Course Lock,196.8,67,16.4,93,N,SW,3.13,11.4,Calm,False,False,Android,7.0.2,M300 RTK,1ZN7L4R0H1D00F,1W9DL31001461C,1ZMLH8300204F0,1Z6PH74DAP0QN7,"Corona, CA",728.3,5.7,137.7,8.547347,2.013246,0,0,DJI Matrice 300 RTK,M300 RTK,1ZN7L4R0H1D00F,1W9DL31001461C,1ZMLH8300204F0,1Z6PH74DAP0QN7,DJI Pilot,Android,7.0.2,1EF72A62-B7C3-C88D-164E-CE6F8C8424AE,1ZN7L4R0H1D00F,1W9DL31001461C,,1ZMLH8300204F0,1W9DL31001461C,,,,,
2023-11-01,11:33:43.67 AM,9m 21.3s,561.3,33.7957530743705,-117.4756443004799,19.3,137.7,15.7,1283,4836.9,7.020571,7.569323,-6.487126,2.23694,2.684328,2.684328,0.223694,0.894776,-1.8,-0.5,1.8,156.8,156.8,153.8,Tripod,Other,,21,5,True,,True,False,,Smart,RC,False,True,False,,,True,,False,False,False,False,False,False,False,False,False,False,0,Follow Yaw,-77.9,0,148.7,148.7,False,False,False,False,False,,0,0,False,False,No Card,100,100,1024,1397,815,1024,2,False,False,False,False,False,0,False,False,False,False,70,,46.464,,7030,,10044,,46.464,,True,3.87,3.87,3.87,3.87,3.87,3.87,3.87,3.87,3.87,3.87,3.87,3.87,0,,False,False,True,,,,,,,,,,,,,,,False,False,19.454,,103.1,,75.7,,103.1,,1341,117,1,22,7,142987.2,19064.96,,Idle,,20,,10,,,20,Go Home,False,False,False,False,False,False,False,False,False,False,False,False,33.8027920380556,-117.4659261431046,3908.1,3908.1,1049.4,396.9,True,1,1,False,False,False,False,,True,False,False,Course Lock,196.8,67,16.4,93,N,SW,3.13,11.4,Calm,False,False,Android,7.0.2,M300 RTK,1ZN7L4R0H1D00F,1W9DL31001461C,1ZMLH8300204F0,1Z6PH74DAP0QN7,"Corona, CA",728.3,5.7,137.7,8.547347,2.013246,0,0,DJI Matrice 300 RTK,M300 RTK,1ZN7L4R0H1D00F,1W9DL31001461C,1ZMLH8300204F0,1Z6PH74DAP0QN7,DJI Pilot,Android,7.0.2,1EF72A62-B7C3-C88D-164E-CE6F8C8424AE,1ZN7L4R0H1D00F,1W9DL31001461C,,1ZMLH8300204F0,1W9DL31001461C,,,,,
2023-11-01,11:33:43.78 AM,9m 21.4s,561.4,33.795750412302,-117.4756428838758,19.3,137.7,15.7,1283,4837.9,7.020571,7.569323,-6.487126,2.23694,2.684328,2.684328,0.223694,0.894776,-1.8,-0.6,1.8,156.8,156.8,156.1,Tripod,Other,,21,5,True,,True,False,,Smart,RC,False,True,False,,,True,,False,False,False,False,False,False,False,False,False,False,0,Follow Yaw,-77.9,0,148.7,148.7,False,False,False,False,False,,0,0,False,False,No Card,100,100,1024,1395,817,1024,2,False,False,False,False,False,0,False,False,False,False,70,,46.464,,7030,,10044,,46.464,,True,3.87,3.87,3.87,3.87,3.87,3.87,3.87,3.87,3.87,3.87,3.87,3.87,0,,False,False,True,,,,,,,,,,,,,,,False,False,19.454,,103.1,,75.7,,103.1,,1341,117,1,22,7,142987.2,19064.96,,Idle,,20,,10,,,20,Go Home,False,False,False,False,False,False,False,False,False,False,False,False,33.8027920380556,-117.4659261431046,3908.4,3908.4,1049.4,396.9,True,1,1,False,False,False,False,,True,False,False,Course Lock,196.8,67,16.4,93,N,SW,3.13,11.4,Calm,False,False,Android,7.0.2,M300 RTK,1ZN7L4R0H1D00F,1W9DL31001461C,1ZMLH8300204F0,1Z6PH74DAP0QN7,"Corona, CA",728.3,5.7,137.7,8.547347,2.013246,0,0,DJI Matrice 300 RTK,M300 RTK,1ZN7L4R0H1D00F,1W9DL31001461C,1ZMLH8300204F0,1Z6PH74DAP0QN7,DJI Pilot,Android,7.0.2,1EF72A62-B7C3-C88D-164E-CE6F8C8424AE,1ZN7L4R0H1D00F,1W9DL31001461C,,1ZMLH8300204F0,1W9DL31001461C,,,,,
2023-11-01,11:33:43.84 AM,9m 21.5s,561.5,33.7957477609931,-117.4756415087522,19.3,137.7,15.7,1283,4839.0,7.020571,7.569323,-6.487126,2.23694,2.684328,2.684328,0.223694,0.894776,-1.9,-0.7,2,156.8,156.8,156.6,Tripod,Other,,21,5,True,,True,False,,Smart,RC,False,True,False,,,True,,False,False,False,False,False,False,False,False,False,False,0,Follow Yaw,-77.9,0,148.7,148.7,False,False,False,False,False,,0,0,False,False,No Card,100,100,1024,1395,817,1024,2,False,False,False,False,False,0,False,False,False,False,70,,46.464,,7030,,10044,,46.464,,True,3.87,3.87,3.87,3.87,3.87,3.87,3.87,3.87,3.87,3.87,3.87,3.87,0,,False,False,True,,,,,,,,,,,,,,,False,False,19.454,,103.1,,75.7,,103.1,,1341,117,1,22,7,142987.2,19064.96,,Idle,,20,,10,,,20,Go Home,False,False,False,False,False,False,False,False,False,False,False,False,33.8027920380556,-117.4659261431046,3908.8,3908.8,1049.4,396.9,True,1,1,False,False,False,False,,True,False,False,Course Lock,196.8,67,16.4,93,N,SW,3.13,11.4,Calm,False,False,Android,7.0.2,M300 RTK,1ZN7L4R0H1D00F,1W9DL31001461C,1ZMLH8300204F0,1Z6PH74DAP0QN7,"Corona, CA",728.3,5.7,137.7,8.547347,2.013246,0,0,DJI Matrice 300 RTK,M300 RTK,1ZN7L4R0H1D00F,1W9DL31001461C,1ZMLH8300204F0,1Z6PH74DAP0QN7,DJI Pilot,Android,7.0.2,1EF72A62-B7C3-C88D-164E-CE6F8C8424AE,1ZN7L4R0H1D00F,1W9DL31001461C,,1ZMLH8300204F0,1W9DL31001461C,,,,,
2023-11-01,11:33:43.94 AM,9m 21.6s,561.6,33.7957450912833,-117.475640086458,19.3,137.7,15.7,1283,4840.1,7.020571,7.569323,-6.487126,2.23694,2.684328,2.684328,0.223694,0.894776,-1.9,-0.6,1.9,156.8,156.8,156.1,Tripod,Other,,21,5,True,,True,False,,Smart,RC,False,True,False,,,True,,False,False,False,False,False,False,False,False,False,False,0,Follow Yaw,-77.9,0,148.7,148.7,False,False,False,False,False,,0,0,False,False,No Card,100,100,1024,1395,817,1024,2,False,False,False,False,False,0,False,False,False,False,70,,46.464,,7030,,10044,,46.464,,True,3.87,3.87,3.87,3.87,3.87,3.87,3.87,3.87,3.87,3.87,3.87,3.87,0,,False,False,True,,,,,,,,,,,,,,,False,False,19.454,,103.1,,75.7,,103.1,,1341,117,1,22,7,142987.2,19064.96,,Idle,,20,,10,,,20,Go Home,False,False,False,False,False,False,False,False,False,False,False,False,33.8027920380556,-117.4659261431046,3909.1,3909.1,1049.4,396.9,True,1,1,False,False,False,False,,True,False,False,Course Lock,196.8,67,16.4,93,N,SW,3.13,11.4,Calm,False,False,Android,7.0.2,M300 RTK,1ZN7L4R0H1D00F,1W9DL31001461C,1ZMLH8300204F0,1Z6PH74DAP0QN7,"Corona, CA",728.3,5.7,137.7,8.547347,2.013246,0,0,DJI Matrice 300 RTK,M300 RTK,1ZN7L4R0H1D00F,1W9DL31001461C,1ZMLH8300204F0,1Z6PH74DAP0QN7,DJI Pilot,Android,7.0.2,1EF72A62-B7C3-C88D-164E-CE6F8C8424AE,1ZN7L4R0H1D00F,1W9DL31001461C,,1ZMLH8300204F0,1W9DL31001461C,,,,,
2023-11-01,11:33:44.04 AM,9m 21.7s,561.7,33.7957426018477,-117.4756386992943,19.3,137.7,15.7,1283,4841.1,7.020571,7.569323,-6.487126,2.23694,2.684328,2.684328,0.223694,0.894776,-1.7,-0.5,1.7,156.8,156.8,155.1,Tripod,Other,,21,5,True,,True,False,,Smart,RC,False,True,False,,,True,,False,False,False,False,False,False,False,False,False,False,0,Follow Yaw,-77.9,0,148.7,148.7,False,False,False,False,False,,0,0,False,False,No Card,100,100,1024,1395,816,1024,2,False,False,False,False,False,0,False,False,False,False,70,,46.464,,7030,,10044,,46.464,,True,3.87,3.87,3.87,3.87,3.87,3.87,3.87,3.87,3.87,3.87,3.87,3.87,0,,False,False,True,,,,,,,,,,,,,,,False,False,19.454,,103.1,,75.7,,103.1,,1341,117,1,22,7,142987.2,19064.96,,Idle,,20,,10,,,20,Go Home,False,False,False,False,False,False,False,False,False,False,False,False,33.8027920380556,-117.4659261431046,3909.3,3909.3,1049.4,396.9,True,1,1,False,False,False,False,,True,False,False,Course Lock,196.8,67,16.4,93,N,SW,3.13,11.4,Calm,False,False,Android,7.0.2,M300 RTK,1ZN7L4R0H1D00F,1W9DL31001461C,1ZMLH8300204F0,1Z6PH74DAP0QN7,"Corona, CA",728.3,5.7,137.7,8.547347,2.013246,0,0,DJI Matrice 300 RTK,M300 RTK,1ZN7L4R0H1D00F,1W9DL31001461C,1ZMLH8300204F0,1Z6PH74DAP0QN7,DJI Pilot,Android,7.0.2,1EF72A62-B7C3-C88D-164E-CE6F8C8424AE,1ZN7L4R0H1D00F,1W9DL31001461C,,1ZMLH8300204F0,1W9DL31001461C,,,,,
2023-11-01,11:33:44.14 AM,9m 21.8s,561.8,33.7957399363869,-117.4756372743611,19.0,137.7,15.7,1283,4842.1,7.020571,7.569323,-6.487126,2.23694,2.684328,2.684328,0.223694,0.894776,-1.5,-0.4,1.5,156.9,156.9,156.0,Tripod,Other,,20,5,True,,True,False,,Smart,RC,False,True,False,,,True,,False,False,False,False,False,False,False,False,False,False,0,Follow Yaw,-77.9,0,148.7,148.7,False,False,False,False,False,,0,0,False,False,No Card,100,100,1024,1395,815,1024,2,False,False,False,False,False,0,False,False,False,False,70,,46.464,,7030,,10044,,46.464,,True,3.87,3.87,3.87,3.87,3.87,3.87,3.87,3.87,3.87,3.87,3.87,3.87,0,,False,False,True,,,,,,,,,,,,,,,False,False,19.454,,103.1,,75.7,,103.1,,1341,117,1,22,7,142987.2,19064.96,,Idle,,20,,10,,,20,Go Home,False,False,False,False,False,False,False,False,False,False,False,False,33.8027920380556,-117.4659261431046,3909.7,3909.7,1049.4,396.9,True,1,1,False,False,False,False,,True,False,False,Course Lock,196.8,67,16.4,93,N,SW,3.13,11.4,Calm,False,False,Android,7.0.2,M300 RTK,1ZN7L4R0H1D00F,1W9DL31001461C,1ZMLH8300204F0,1Z6PH74DAP0QN7,"Corona, CA",728.3,5.7,137.7,8.547347,2.013246,0,0,DJI Matrice 300 RTK,M300 RTK,1ZN7L4R0H1D00F,1W9DL31001461C,1ZMLH8300204F0,1Z6PH74DAP0QN7,DJI Pilot,Android,7.0.2,1EF72A62-B7C3-C88D-164E-CE6F8C8424AE,1ZN7L4R0H1D00F,1W9DL31001461C,,1ZMLH8300204F0,1W9DL31001461C,,,,,
2023-11-01,11:33:44.24 AM,9m 21.9s,561.9,33.7957372648952,-117.4756358867026,19.0,137.7,15.7,1283,4843.2,7.020571,7.569323,-6.487126,2.23694,2.684328,2.684328,0.223694,0.894776,-1.4,-0.4,1.4,156.8,156.8,156.6,Tripod,Other,,20,5,True,,True,False,,Smart,RC,False,True,False,,,True,,False,False,False,False,False,False,False,False,False,False,0,Follow Yaw,-77.9,0,148.7,148.7,False,False,False,False,False,,0,0,False,False,No Card,100,100,1024,1395,812,1024,2,False,False,False,False,False,0,False,False,False,False,70,,46.464,,7030,,10044,,46.464,,True,3.87,3.87,3.87,3.87,3.87,3.87,3.87,3.87,3.87,3.87,3.87,3.87,0,,False,False,True,,,,,,,,,,,,,,,False,False,19.454,,103.1,,75.7,,103.1,,1341,117,1,22,7,142987.2,19064.96,,Idle,,20,,10,,,20,Go Home,False,False,False,False,False,False,False,False,False,False,False,False,33.8027920380556,-117.4659261431046,3910.0,3910.0,1049.4,396.9,True,1,1,False,False,False,False,,True,False,False,Course Lock,196.8,67,16.4,93,N,SW,3.13,11.4,Calm,False,False,Android,7.0.2,M300 RTK,1ZN7L4R0H1D00F,1W9DL31001461C,1ZMLH8300204F0,1Z6PH74DAP0QN7,"Corona, CA",728.3,5.7,137.7,8.547347,2.013246,0,0,DJI Matrice 300 RTK,M300 RTK,1ZN7L4R0H1D00F,1W9DL31001461C,1ZMLH8300204F0,1Z6PH74DAP0QN7,DJI Pilot,Android,7.0.2,1EF72A62-B7C3-C88D-164E-CE6F8C8424AE,1ZN7L4R0H1D00F,1W9DL31001461C,,1ZMLH8300204F0,1W9DL31001461C,,,,,
2023-11-01,11:33:44.34 AM,9m 22.0s,562.0,33.7957345957336,-117.4756344708408,19.0,137.7,15.7,1283,4844.2,7.020571,7.569323,-6.487126,2.23694,2.684328,2.684328,0.223694,0.894776,-1.3,-0.6,1.4,156.8,156.8,156.2,Tripod,Other,,20,5,True,,True,False,,Smart,RC,False,True,False,,,True,,False,False,False,False,False,False,False,False,False,False,0,Follow Yaw,-77.9,0,148.7,148.7,False,False,False,False,False,,0,0,False,False,No Card,100,100,1024,1395,812,1024,2,False,False,False,False,False,0,False,False,False,False,70,,46.476,,7030,,10044,,46.476,,True,3.87,3.87,3.87,3.87,3.87,3.87,3.87,3.87,3.87,3.87,3.87,3.87,0,,False,False,True,,,,,,,,,,,,,,,False,False,19.354,,103.1,,75.7,,103.1,,1341,117,1,22,7,142987.2,19064.96,,Idle,,20,,10,,,20,Go Home,False,False,False,False,False,False,False,False,False,False,False,False,33.8027920380556,-117.4659261431046,3910.3,3910.3,1049.4,396.9,True,1,1,False,False,False,False,,True,False,False,Course Lock,196.8,67,16.4,93,N,SW,3.13,11.4,Calm,False,False,Android,7.0.2,M300 RTK,1ZN7L4R0H1D00F,1W9DL31001461C,1ZMLH8300204F0,1Z6PH74DAP0QN7,"Corona, CA",728.3,5.7,137.7,8.547347,2.013246,0,0,DJI Matrice 300 RTK,M300 RTK,1ZN7L4R0H1D00F,1W9DL31001461C,1ZMLH8300204F0,1Z6PH74DAP0QN7,DJI Pilot,Android,7.0.2,1EF72A62-B7C3-C88D-164E-CE6F8C8424AE,1ZN7L4R0H1D00F,1W9DL31001461C,,1ZMLH8300204F0,1W9DL31001461C,,,,,
2023-11-01,11:33:44.44 AM,9m 22.1s,562.1,33.7957318850758,-117.4756328451024,19.0,137.7,15.7,1283,4845.3,7.020571,7.569323,-6.487126,2.23694,2.684328,2.684328,0.223694,0.894776,-1.4,-0.8,1.6,156.7,156.7,153.5,Tripod,Other,,20,5,True,,True,False,,Smart,RC,False,True,False,,,True,,False,False,False,False,False,False,False,False,False,False,0,Follow Yaw,-77.9,0,148.7,148.7,False,False,False,False,False,,0,0,False,False,No Card,100,100,1024,1394,813,1024,2,False,False,False,False,False,0,False,False,False,False,70,,46.476,,7030,,10044,,46.476,,True,3.87,3.87,3.87,3.87,3.87,3.87,3.87,3.87,3.87,3.87,3.87,3.87,0,,False,False,True,,,,,,,,,,,,,,,False,False,19.354,,103.1,,75.7,,103.1,,1341,117,1,22,7,142987.2,19064.96,,Idle,,20,,10,,,20,Go Home,False,False,False,False,False,False,False,False,False,False,False,False,33.8027920380556,-117.4659261431046,3910.6,3910.6,1049.4,396.9,True,1,1,False,False,False,False,,True,False,False,Course Lock,196.8,67,16.4,93,N,SW,3.35,11.4,Calm,False,False,Android,7.0.2,M300 RTK,1ZN7L4R0H1D00F,1W9DL31001461C,1ZMLH8300204F0,1Z6PH74DAP0QN7,"Corona, CA",728.3,5.7,137.7,8.547347,2.013246,0,0,DJI Matrice 300 RTK,M300 RTK,1ZN7L4R0H1D00F,1W9DL31001461C,1ZMLH8300204F0,1Z6PH74DAP0QN7,DJI Pilot,Android,7.0.2,1EF72A62-B7C3-C88D-164E-CE6F8C8424AE,1ZN7L4R0H1D00F,1W9DL31001461C,,1ZMLH8300204F0,1W9DL31001461C,,,,,
2023-11-01,11:33:44.54 AM,9m 22.2s,562.2,33.7957292148177,-117.4756314096136,19.0,137.7,15.7,1283,4846.4,7.020571,7.569323,-6.487126,2.23694,2.684328,2.684328,0.223694,0.894776,-1.4,-0.9,1.6,156.7,156.7,155.9,Tripod,Other,,20,5,True,,True,False,,Smart,RC,False,True,False,,,True,,False,False,False,False,False,False,False,False,False,False,0,Follow Yaw,-77.9,0,148.7,148.7,False,False,False,False,False,,0,0,False,False,No Card,100,100,1024,1394,814,1024,2,False,False,False,False,False,0,False,False,False,False,70,,46.476,,7030,,10044,,46.476,,True,3.87,3.87,3.87,3.87,3.87,3.87,3.87,3.87,3.87,3.87,3.87,3.87,0,,False,False,True,,,,,,,,,,,,,,,False,False,19.354,,103.1,,75.7,,103.1,,1341,117,1,22,7,142987.2,19064.96,,Idle,,20,,10,,,20,Go Home,False,False,False,False,False,False,False,False,False,False,False,False,33.8027920380556,-117.4659261431046,3910.9,3910.9,1049.4,396.9,True,1,1,False,False,False,False,,True,False,False,Course Lock,196.8,67,16.4,93,N,SW,3.35,11.4,Calm,False,False,Android,7.0.2,M300 RTK,1ZN7L4R0H1D00F,1W9DL31001461C,1ZMLH8300204F0,1Z6PH74DAP0QN7,"Corona, CA",728.3,5.7,137.7,8.547347,2.013246,0,0,DJI Matrice 300 RTK,M300 RTK,1ZN7L4R0H1D00F,1W9DL31001461C,1ZMLH8300204F0,1Z6PH74DAP0QN7,DJI Pilot,Android,7.0.2,1EF72A62-B7C3-C88D-164E-CE6F8C8424AE,1ZN7L4R0H1D00F,1W9DL31001461C,,1ZMLH8300204F0,1W9DL31001461C,,,,,
2023-11-01,11:33:44.64 AM,9m 22.3s,562.3,33.7957266097338,-117.4756300872684,19.0,137.7,15.7,1283,4847.4,7.020571,7.569323,-6.487126,2.23694,2.684328,2.684328,0.223694,0.894776,-1.4,-1,1.7,156.7,156.7,157.1,Tripod,Other,,20,5,True,,True,False,,Smart,RC,False,True,False,,,True,,False,False,False,False,False,False,False,False,False,False,0,Follow Yaw,-77.9,0,148.7,148.7,False,False,False,False,False,,0,0,False,False,No Card,100,100,1024,1395,814,1024,2,False,False,False,False,False,0,False,False,False,False,70,,46.476,,7030,,10044,,46.476,,True,3.873,3.873,3.873,3.873,3.873,3.873,3.873,3.873,3.873,3.873,3.873,3.873,0,,False,False,True,,,,,,,,,,,,,,,False,False,19.354,,103.1,,75.7,,103.1,,1339,117,1,22,7,143758.9,19167.85,,Idle,,20,,10,,,20,Go Home,False,False,False,False,False,False,False,False,False,False,False,False,33.8027920380556,-117.4659261431046,3911.2,3911.2,1049.4,396.9,True,1,1,False,False,False,False,,True,False,False,Course Lock,196.8,67,16.4,93,N,SW,3.35,11.4,Calm,False,False,Android,7.0.2,M300 RTK,1ZN7L4R0H1D00F,1W9DL31001461C,1ZMLH8300204F0,1Z6PH74DAP0QN7,"Corona, CA",728.3,5.7,137.7,8.547347,2.013246,0,0,DJI Matrice 300 RTK,M300 RTK,1ZN7L4R0H1D00F,1W9DL31001461C,1ZMLH8300204F0,1Z6PH74DAP0QN7,DJI Pilot,Android,7.0.2,1EF72A62-B7C3-C88D-164E-CE6F8C8424AE,1ZN7L4R0H1D00F,1W9DL31001461C,,1ZMLH8300204F0,1W9DL31001461C,,,,,
2023-11-01,11:33:44.74 AM,9m 22.4s,562.4,33.7957239608921,-117.4756286475738,18.7,137.7,15.7,1282,4848.5,7.020571,7.569323,-6.487126,2.23694,2.684328,2.684328,0.223694,0.894776,-1.5,-1.1,1.8,156.7,156.7,155.6,Tripod,Other,,20,5,True,,True,False,,Smart,RC,False,True,False,,,True,,False,False,False,False,False,False,False,False,False,False,0,Follow Yaw,-77.9,0,148.7,148.7,False,False,False,False,False,,0,0,False,False,No Card,100,100,1024,1395,813,1024,2,False,False,False,False,False,0,False,False,False,False,70,,46.476,,7030,,10044,,46.476,,True,3.873,3.873,3.873,3.873,3.873,3.873,3.873,3.873,3.873,3.873,3.873,3.873,0,,False,False,True,,,,,,,,,,,,,,,False,False,19.354,,103.1,,75.7,,103.1,,1339,117,1,22,7,143758.9,19167.85,,Idle,,20,,10,,,20,Go Home,False,False,False,False,False,False,False,False,False,False,False,False,33.8027920380556,-117.4659261431046,3911.5,3911.5,1049.4,396.9,True,1,1,False,False,False,False,,True,False,False,Course Lock,196.8,67,16.4,93,N,SW,3.35,11.4,Calm,False,False,Android,7.0.2,M300 RTK,1ZN7L4R0H1D00F,1W9DL31001461C,1ZMLH8300204F0,1Z6PH74DAP0QN7,"Corona, CA",728.3,5.7,137.7,8.547347,2.013246,0,0,DJI Matrice 300 RTK,M300 RTK,1ZN7L4R0H1D00F,1W9DL31001461C,1ZMLH8300204F0,1Z6PH74DAP0QN7,DJI Pilot,Android,7.0.2,1EF72A62-B7C3-C88D-164E-CE6F8C8424AE,1ZN7L4R0H1D00F,1W9DL31001461C,,1ZMLH8300204F0,1W9DL31001461C,,,,,
2023-11-01,11:33:44.80 AM,9m 22.5s,562.5,33.7957213885667,-117.475627275419,18.7,137.7,15.7,1282,4849.5,7.020571,7.569323,-6.487126,2.23694,2.684328,2.684328,0.223694,0.894776,-1.6,-0.9,1.8,156.8,156.8,156.0,Tripod,Other,,20,5,True,,True,False,,Smart,RC,False,True,False,,,True,,False,False,False,False,False,False,False,False,False,False,0,Follow Yaw,-77.9,0,148.7,148.7,False,False,False,False,False,,0,0,False,False,No Card,100,100,1024,1394,813,1024,2,False,False,False,False,False,0,False,False,False,False,70,,46.476,,7030,,10044,,46.476,,True,3.873,3.873,3.873,3.873,3.873,3.873,3.873,3.873,3.873,3.873,3.873,3.873,0,,False,False,True,,,,,,,,,,,,,,,False,False,19.354,,103.1,,75.7,,103.1,,1339,117,1,22,7,143758.9,19167.85,,Idle,,20,,10,,,20,Go Home,False,False,False,False,False,False,False,False,False,False,False,False,33.8027920380556,-117.4659261431046,3911.8,3911.8,1049.4,396.9,True,1,1,False,False,False,False,,True,False,False,Course Lock,196.8,67,16.4,93,N,SW,3.35,11.4,Calm,False,False,Android,7.0.2,M300 RTK,1ZN7L4R0H1D00F,1W9DL31001461C,1ZMLH8300204F0,1Z6PH74DAP0QN7,"Corona, CA",728.3,5.7,137.7,8.547347,2.013246,0,0,DJI Matrice 300 RTK,M300 RTK,1ZN7L4R0H1D00F,1W9DL31001461C,1ZMLH8300204F0,1Z6PH74DAP0QN7,DJI Pilot,Android,7.0.2,1EF72A62-B7C3-C88D-164E-CE6F8C8424AE,1ZN7L4R0H1D00F,1W9DL31001461C,,1ZMLH8300204F0,1W9DL31001461C,,,,,
2023-11-01,11:33:44.94 AM,9m 22.6s,562.6,33.7957187670008,-117.4756258289621,18.7,137.7,15.7,1282,4850.6,6.905589,7.569323,-6.263432,2.23694,2.908022,2.908022,0.223694,0.894776,-1.9,-0.6,1.9,156.9,156.9,155.3,Tripod,Other,,20,5,True,,True,False,,Smart,RC,False,True,False,,,True,,False,False,False,False,False,False,False,False,False,False,0,Follow Yaw,-77.9,0,148.7,148.7,False,False,False,False,False,,0,0,False,False,No Card,100,100,1024,1395,813,1024,2,False,False,False,False,False,0,False,False,False,False,70,,46.476,,7030,,10044,,46.476,,True,3.873,3.873,3.873,3.873,3.873,3.873,3.873,3.873,3.873,3.873,3.873,3.873,0,,False,False,True,,,,,,,,,,,,,,,False,False,19.354,,103.1,,75.7,,103.1,,1339,117,1,22,7,143758.9,19167.85,,Idle,,20,,10,,,20,Go Home,False,False,False,False,False,False,False,False,False,False,False,False,33.8027920380556,-117.4659261431046,3912.1,3912.1,1049.4,396.9,True,1,1,False,False,False,False,,True,False,False,Course Lock,196.8,67,16.4,93,N,SW,3.35,11.4,Calm,False,False,Android,7.0.2,M300 RTK,1ZN7L4R0H1D00F,1W9DL31001461C,1ZMLH8300204F0,1Z6PH74DAP0QN7,"Corona, CA",728.3,5.7,137.7,8.547347,2.013246,0,0,DJI Matrice 300 RTK,M300 RTK,1ZN7L4R0H1D00F,1W9DL31001461C,1ZMLH8300204F0,1Z6PH74DAP0QN7,DJI Pilot,Android,7.0.2,1EF72A62-B7C3-C88D-164E-CE6F8C8424AE,1ZN7L4R0H1D00F,1W9DL31001461C,,1ZMLH8300204F0,1W9DL31001461C,,,,,
2023-11-01,11:33:45.04 AM,9m 22.7s,562.7,33.7957162362744,-117.4756244005653,18.7,137.7,15.7,1282,4851.6,6.905589,7.569323,-6.263432,2.23694,2.908022,2.908022,0.223694,0.894776,-2.2,-0.2,2.2,156.9,156.9,154.8,Tripod,Other,,20,5,True,,True,False,,Smart,RC,False,True,False,,,True,,False,False,False,False,False,False,False,False,False,False,0,Follow Yaw,-77.9,0,148.7,148.7,False,False,False,False,False,,0,0,False,False,No Card,100,100,1024,1395,813,1024,2,False,False,False,False,False,0,False,False,False,False,70,,46.476,,7030,,10044,,46.476,,True,3.873,3.873,3.873,3.873,3.873,3.873,3.873,3.873,3.873,3.873,3.873,3.873,0,,False,False,True,,,,,,,,,,,,,,,False,False,19.354,,103.1,,75.7,,103.1,,1339,117,1,22,7,143758.9,19167.85,,Idle,,20,,10,,,20,Go Home,False,False,False,False,False,False,False,False,False,False,False,False,33.8027920380556,-117.4659261431046,3912.4,3912.4,1049.4,396.9,True,1,1,False,False,False,False,,True,False,False,Course Lock,196.8,67,16.4,93,N,SW,3.35,11.4,Calm,False,False,Android,7.0.2,M300 RTK,1ZN7L4R0H1D00F,1W9DL31001461C,1ZMLH8300204F0,1Z6PH74DAP0QN7,"Corona, CA",728.3,5.7,137.7,8.547347,2.013246,0,0,DJI Matrice 300 RTK,M300 RTK,1ZN7L4R0H1D00F,1W9DL31001461C,1ZMLH8300204F0,1Z6PH74DAP0QN7,DJI Pilot,Android,7.0.2,1EF72A62-B7C3-C88D-164E-CE6F8C8424AE,1ZN7L4R0H1D00F,1W9DL31001461C,,1ZMLH8300204F0,1W9DL31001461C,,,,,
2023-11-01,11:33:45.14 AM,9m 22.8s,562.8,33.7957136246115,-117.4756229588915,18.7,137.7,15.7,1282,4852.7,7.020571,7.569323,-6.487126,2.23694,2.684328,2.908022,0.223694,0.894776,-2.4,0,2.4,157,157,155.3,Tripod,Other,,20,5,True,,True,False,,Smart,RC,False,True,False,,,True,,False,False,False,False,False,False,False,False,False,False,0,Follow Yaw,-77.9,0,148.7,148.7,False,False,False,False,False,,0,0,False,False,No Card,100,100,1024,1393,814,1024,2,False,False,False,False,False,0,False,False,False,False,70,,46.476,,7030,,10044,,46.476,,True,3.873,3.873,3.873,3.873,3.873,3.873,3.873,3.873,3.873,3.873,3.873,3.873,0,,False,False,True,,,,,,,,,,,,,,,False,False,19.354,,103.1,,75.7,,103.1,,1339,117,1,22,7,143758.9,19167.85,,Idle,,20,,10,,,20,Go Home,False,False,False,False,False,False,False,False,False,False,False,False,33.8027920380556,-117.4659261431046,3912.7,3912.7,1049.4,396.9,True,1,1,False,False,False,False,,True,False,False,Course Lock,196.8,67,16.4,93,N,SW,3.35,11.4,Calm,False,False,Android,7.0.2,M300 RTK,1ZN7L4R0H1D00F,1W9DL31001461C,1ZMLH8300204F0,1Z6PH74DAP0QN7,"Corona, CA",728.3,5.7,137.7,8.547347,2.013246,0,0,DJI Matrice 300 RTK,M300 RTK,1ZN7L4R0H1D00F,1W9DL31001461C,1ZMLH8300204F0,1Z6PH74DAP0QN7,DJI Pilot,Android,7.0.2,1EF72A62-B7C3-C88D-164E-CE6F8C8424AE,1ZN7L4R0H1D00F,1W9DL31001461C,,1ZMLH8300204F0,1W9DL31001461C,,,,,
2023-11-01,11:33:45.24 AM,9m 22.9s,562.9,33.7957108957925,-117.4756215235676,18.3,137.7,15.7,1282,4853.7,7.020571,7.569323,-6.487126,2.23694,2.684328,2.908022,0.223694,0.894776,-2.4,0,2.4,156.9,156.9,156.3,Tripod,Other,,20,5,True,,True,False,,Smart,RC,False,True,False,,,True,,False,False,False,False,False,False,False,False,False,False,0,Follow Yaw,-77.9,0,148.7,148.7,False,False,False,False,False,,0,0,False,False,No Card,100,100,1024,1394,815,1024,2,False,False,False,False,False,0,False,False,False,False,70,,46.476,,7030,,10044,,46.476,,True,3.873,3.873,3.873,3.873,3.873,3.873,3.873,3.873,3.873,3.873,3.873,3.873,0,,False,False,True,,,,,,,,,,,,,,,False,False,19.354,,103.1,,75.7,,103.1,,1339,117,1,22,7,143758.9,19167.85,,Idle,,20,,10,,,20,Go Home,False,False,False,False,False,False,False,False,False,False,False,False,33.8027920380556,-117.4659261431046,3913.1,3913.1,1049.4,396.9,True,1,1,False,False,False,False,,True,False,False,Course Lock,196.8,67,16.4,93,N,SW,3.35,11.4,Calm,False,False,Android,7.0.2,M300 RTK,1ZN7L4R0H1D00F,1W9DL31001461C,1ZMLH8300204F0,1Z6PH74DAP0QN7,"Corona, CA",728.3,5.7,137.7,8.547347,2.013246,0,0,DJI Matrice 300 RTK,M300 RTK,1ZN7L4R0H1D00F,1W9DL31001461C,1ZMLH8300204F0,1Z6PH74DAP0QN7,DJI Pilot,Android,7.0.2,1EF72A62-B7C3-C88D-164E-CE6F8C8424AE,1ZN7L4R0H1D00F,1W9DL31001461C,,1ZMLH8300204F0,1W9DL31001461C,,,,,
2023-11-01,11:33:45.32 AM,9m 23.0s,563.0,33.7957082642895,-117.475620097315,18.3,137.7,15.7,1282,4854.8,7.020571,7.569323,-6.487126,2.23694,2.684328,2.908022,0.223694,0.894776,-2.3,-0.2,2.3,156.9,156.9,155.7,Tripod,Other,,20,5,True,,True,False,,Smart,RC,False,True,False,,,True,,False,False,False,False,False,False,False,False,False,False,0,Follow Yaw,-77.9,0,148.7,148.7,False,False,False,False,False,,0,0,False,False,No Card,100,100,1024,1395,814,1024,2,False,False,False,False,False,0,False,False,False,False,70,,46.44,,7030,,10044,,46.44,,True,3.873,3.873,3.873,3.873,3.873,3.873,3.873,3.873,3.873,3.873,3.873,3.873,0,,False,False,True,,,,,,,,,,,,,,,False,False,18.854,,103.1,,75.7,,103.1,,1339,117,1,22,7,143758.9,19167.85,,Idle,,20,,10,,,20,Go Home,False,False,False,False,False,False,False,False,False,False,False,False,33.8027920380556,-117.4659261431046,3913.4,3913.4,1049.4,396.9,True,1,1,False,False,False,False,,True,False,False,Course Lock,196.8,67,16.4,93,N,SW,3.35,11.4,Calm,False,False,Android,7.0.2,M300 RTK,1ZN7L4R0H1D00F,1W9DL31001461C,1ZMLH8300204F0,1Z6PH74DAP0QN7,"Corona, CA",728.3,5.7,137.7,8.547347,2.013246,0,0,DJI Matrice 300 RTK,M300 RTK,1ZN7L4R0H1D00F,1W9DL31001461C,1ZMLH8300204F0,1Z6PH74DAP0QN7,DJI Pilot,Android,7.0.2,1EF72A62-B7C3-C88D-164E-CE6F8C8424AE,1ZN7L4R0H1D00F,1W9DL31001461C,,1ZMLH8300204F0,1W9DL31001461C,,,,,
2023-11-01,11:33:45.44 AM,9m 23.1s,563.1,33.7957056776065,-117.4756185099234,18.3,137.7,15.7,1282,4855.9,7.020571,7.569323,-6.487126,2.23694,2.684328,2.908022,0.223694,0.894776,-2.3,-0.4,2.3,156.8,156.8,152.9,Tripod,Other,,20,5,True,,True,False,,Smart,RC,False,True,False,,,True,,False,False,False,False,False,False,False,False,False,False,0,Follow Yaw,-77.9,0,148.7,148.7,False,False,False,False,False,,0,0,False,False,No Card,100,100,1024,1394,815,1024,2,False,False,False,False,False,0,False,False,False,False,70,,46.44,,7030,,10044,,46.44,,True,3.873,3.873,3.873,3.873,3.873,3.873,3.873,3.873,3.873,3.873,3.873,3.873,0,,False,False,True,,,,,,,,,,,,,,,False,False,18.854,,103.1,,75.7,,103.1,,1339,117,1,22,7,143758.9,19167.85,,Idle,,20,,10,,,20,Go Home,False,False,False,False,False,False,False,False,False,False,False,False,33.8027920380556,-117.4659261431046,3913.6,3913.6,1049.4,396.9,True,1,1,False,False,False,False,,True,False,False,Course Lock,196.8,67,16.4,93,N,SW,3.35,11.4,Calm,False,False,Android,7.0.2,M300 RTK,1ZN7L4R0H1D00F,1W9DL31001461C,1ZMLH8300204F0,1Z6PH74DAP0QN7,"Corona, CA",728.3,5.7,137.7,8.547347,2.013246,0,0,DJI Matrice 300 RTK,M300 RTK,1ZN7L4R0H1D00F,1W9DL31001461C,1ZMLH8300204F0,1Z6PH74DAP0QN7,DJI Pilot,Android,7.0.2,1EF72A62-B7C3-C88D-164E-CE6F8C8424AE,1ZN7L4R0H1D00F,1W9DL31001461C,,1ZMLH8300204F0,1W9DL31001461C,,,,,
2023-11-01,11:33:45.52 AM,9m 23.2s,563.2,33.7957030457265,-117.4756170753417,18.3,137.7,15.7,1282,4856.9,7.020571,7.569323,-6.487126,2.23694,2.684328,2.908022,0.223694,0.894776,-2.2,-0.6,2.2,156.8,156.8,155.6,Tripod,Other,,20,5,True,,True,False,,Smart,RC,False,True,False,,,True,,False,False,False,False,False,False,False,False,False,False,0,Follow Yaw,-77.9,0,148.7,148.7,False,False,False,False,False,,0,0,False,False,No Card,100,100,1024,1394,815,1024,2,False,False,False,False,False,0,False,False,False,False,70,,46.44,,7030,,10044,,46.44,,True,3.873,3.873,3.873,3.873,3.873,3.873,3.873,3.873,3.873,3.873,3.873,3.873,0,,False,False,True,,,,,,,,,,,,,,,False,False,18.854,,103.1,,75.7,,103.1,,1339,117,1,22,7,143758.9,19167.85,,Idle,,20,,10,,,20,Go Home,False,False,False,False,False,False,False,False,False,False,False,False,33.8027920380556,-117.4659261431046,3913.9,3913.9,1049.4,396.9,True,1,1,False,False,False,False,,True,False,False,Course Lock,196.8,67,16.4,93,N,SW,3.35,11.4,Calm,False,False,Android,7.0.2,M300 RTK,1ZN7L4R0H1D00F,1W9DL31001461C,1ZMLH8300204F0,1Z6PH74DAP0QN7,"Corona, CA",728.3,5.7,137.7,8.547347,2.013246,0,0,DJI Matrice 300 RTK,M300 RTK,1ZN7L4R0H1D00F,1W9DL31001461C,1ZMLH8300204F0,1Z6PH74DAP0QN7,DJI Pilot,Android,7.0.2,1EF72A62-B7C3-C88D-164E-CE6F8C8424AE,1ZN7L4R0H1D00F,1W9DL31001461C,,1ZMLH8300204F0,1W9DL31001461C,,,,,
2023-11-01,11:33:45.62 AM,9m 23.3s,563.3,33.7957004743263,-117.4756156478521,18.3,137.7,15.7,1282,4857.9,7.020571,7.569323,-6.487126,2.23694,2.684328,2.908022,0.223694,0.894776,-2.1,-0.6,2.1,156.7,156.7,155.2,Tripod,Other,,20,5,True,,True,False,,Smart,RC,False,True,False,,,True,,False,False,False,False,False,False,False,False,False,False,0,Follow Yaw,-77.9,0,148.7,148.7,False,False,False,False,False,,0,0,False,False,No Card,100,100,1024,1394,814,1024,2,False,False,False,False,False,0,False,False,False,False,70,,46.44,,7030,,10044,,46.44,,True,3.87,3.87,3.87,3.87,3.87,3.87,3.87,3.87,3.87,3.87,3.87,3.87,0,,False,False,True,,,,,,,,,,,,,,,False,False,18.854,,103.1,,75.7,,103.1,,1337,117,1,22,7,144305.7,19240.75,,Idle,,20,,10,,,20,Go Home,False,False,False,False,False,False,False,False,False,False,False,False,33.8027920380556,-117.4659261431046,3914.2,3914.2,1049.4,396.9,True,1,1,False,False,False,False,,True,False,False,Course Lock,196.8,67,16.4,93,N,SW,3.35,11.4,Calm,False,False,Android,7.0.2,M300 RTK,1ZN7L4R0H1D00F,1W9DL31001461C,1ZMLH8300204F0,1Z6PH74DAP0QN7,"Corona, CA",728.3,5.7,137.7,8.547347,2.013246,0,0,DJI Matrice 300 RTK,M300 RTK,1ZN7L4R0H1D00F,1W9DL31001461C,1ZMLH8300204F0,1Z6PH74DAP0QN7,DJI Pilot,Android,7.0.2,1EF72A62-B7C3-C88D-164E-CE6F8C8424AE,1ZN7L4R0H1D00F,1W9DL31001461C,,1ZMLH8300204F0,1W9DL31001461C,,,,,
2023-11-01,11:33:45.74 AM,9m 23.4s,563.4,33.7956978513555,-117.4756142117035,18.3,137.7,15.7,1282,4859.0,7.020571,7.569323,-6.487126,2.23694,2.684328,2.908022,0.223694,0.894776,-2.1,-0.6,2.1,156.6,156.6,155.5,Tripod,Other,,20,5,True,,True,False,,Smart,RC,False,True,False,,,True,,False,False,False,False,False,False,False,False,False,False,0,Follow Yaw,-77.9,0,148.7,148.7,False,False,False,False,False,,0,0,False,False,No Card,100,100,1024,1394,815,1024,2,False,False,False,False,False,0,False,False,False,False,70,,46.44,,7030,,10044,,46.44,,True,3.87,3.87,3.87,3.87,3.87,3.87,3.87,3.87,3.87,3.87,3.87,3.87,0,,False,False,True,,,,,,,,,,,,,,,False,False,18.854,,103.1,,75.7,,103.1,,1337,117,1,22,7,144305.7,19240.75,,Idle,,20,,10,,,20,Go Home,False,False,False,False,False,False,False,False,False,False,False,False,33.8027920380556,-117.4659261431046,3914.5,3914.5,1049.4,396.9,True,1,1,False,False,False,False,,True,False,False,Course Lock,196.8,67,16.4,93,N,SW,3.35,11.4,Calm,False,False,Android,7.0.2,M300 RTK,1ZN7L4R0H1D00F,1W9DL31001461C,1ZMLH8300204F0,1Z6PH74DAP0QN7,"Corona, CA",728.3,5.7,137.7,8.547347,2.013246,0,0,DJI Matrice 300 RTK,M300 RTK,1ZN7L4R0H1D00F,1W9DL31001461C,1ZMLH8300204F0,1Z6PH74DAP0QN7,DJI Pilot,Android,7.0.2,1EF72A62-B7C3-C88D-164E-CE6F8C8424AE,1ZN7L4R0H1D00F,1W9DL31001461C,,1ZMLH8300204F0,1W9DL31001461C,,,,,
2023-11-01,11:33:45.83 AM,9m 23.5s,563.5,33.7956951644098,-117.4756128906778,18.0,137.7,15.7,1282,4860.0,7.020571,7.569323,-6.487126,2.23694,2.684328,2.908022,0.223694,0.894776,-2.1,-0.6,2.1,156.6,156.6,157.7,Tripod,Other,,20,5,True,,True,False,,Smart,RC,False,True,False,,,True,,False,False,False,False,False,False,False,False,False,False,0,Follow Yaw,-77.9,0,148.7,148.7,False,False,False,False,False,,0,0,False,False,No Card,100,100,1024,1394,815,1024,2,False,False,False,False,False,0,False,False,False,False,70,,46.44,,7030,,10044,,46.44,,True,3.87,3.87,3.87,3.87,3.87,3.87,3.87,3.87,3.87,3.87,3.87,3.87,0,,False,False,True,,,,,,,,,,,,,,,False,False,18.854,,103.1,,75.7,,103.1,,1337,117,1,22,7,144305.7,19240.75,,Idle,,20,,10,,,20,Go Home,False,False,False,False,False,False,False,False,False,False,False,False,33.8027920380556,-117.4659261431046,3914.9,3914.9,1049.4,396.9,True,1,1,False,False,False,False,,True,False,False,Course Lock,196.8,67,16.4,93,N,SW,3.35,11.4,Calm,False,False,Android,7.0.2,M300 RTK,1ZN7L4R0H1D00F,1W9DL31001461C,1ZMLH8300204F0,1Z6PH74DAP0QN7,"Corona, CA",728.3,5.7,137.7,8.547347,2.013246,0,0,DJI Matrice 300 RTK,M300 RTK,1ZN7L4R0H1D00F,1W9DL31001461C,1ZMLH8300204F0,1Z6PH74DAP0QN7,DJI Pilot,Android,7.0.2,1EF72A62-B7C3-C88D-164E-CE6F8C8424AE,1ZN7L4R0H1D00F,1W9DL31001461C,,1ZMLH8300204F0,1W9DL31001461C,,,,,
2023-11-01,11:33:45.94 AM,9m 23.6s,563.6,33.7956925463733,-117.4756114607966,18.0,137.7,15.7,1282,4861.1,6.81441,7.569323,-6.263432,2.23694,2.684328,2.908022,0.223694,0.894776,-2.1,-0.6,2.1,156.6,156.6,155.5,Tripod,Other,,20,5,True,,True,False,,Smart,RC,False,True,False,,,True,,False,False,False,False,False,False,False,False,False,False,0,Follow Yaw,-77.9,0,148.7,148.7,False,False,False,False,False,,0,0,False,False,No Card,100,100,1024,1395,815,1024,2,False,False,False,False,False,0,False,False,False,False,70,,46.44,,7030,,10044,,46.44,,True,3.87,3.87,3.87,3.87,3.87,3.87,3.87,3.87,3.87,3.87,3.87,3.87,0,,False,False,True,,,,,,,,,,,,,,,False,False,18.854,,103.1,,75.7,,103.1,,1337,117,1,22,7,144305.7,19240.75,,Idle,,20,,10,,,20,Go Home,False,False,False,False,False,False,False,False,False,False,False,False,33.8027920380556,-117.4659261431046,3915.2,3915.2,1049.4,396.9,True,1,1,False,False,False,False,,True,False,False,Course Lock,196.8,67,16.4,93,N,SW,3.35,11.4,Calm,False,False,Android,7.0.2,M300 RTK,1ZN7L4R0H1D00F,1W9DL31001461C,1ZMLH8300204F0,1Z6PH74DAP0QN7,"Corona, CA",728.3,5.7,137.7,8.547347,2.013246,0,0,DJI Matrice 300 RTK,M300 RTK,1ZN7L4R0H1D00F,1W9DL31001461C,1ZMLH8300204F0,1Z6PH74DAP0QN7,DJI Pilot,Android,7.0.2,1EF72A62-B7C3-C88D-164E-CE6F8C8424AE,1ZN7L4R0H1D00F,1W9DL31001461C,,1ZMLH8300204F0,1W9DL31001461C,,,,,
2023-11-01,11:33:46.03 AM,9m 23.7s,563.7,33.7956900943563,-117.4756102157222,18.0,137.7,15.7,1282,4862.1,6.81441,7.569323,-6.263432,2.23694,2.684328,2.908022,0.223694,0.894776,-2.3,-0.5,2.3,156.6,156.6,157.1,Tripod,Other,,20,5,True,,True,False,,Smart,RC,False,True,False,,,True,,False,False,False,False,False,False,False,False,False,False,0,Follow Yaw,-77.9,0,148.7,148.7,False,False,False,False,False,,0,0,False,False,No Card,100,100,1024,1395,815,1024,2,False,False,False,False,False,0,False,False,False,False,70,,46.452,,3490,,4986,,46.452,,True,3.87,3.87,3.87,3.87,3.87,3.87,3.87,3.87,3.87,3.87,3.87,3.87,0,,False,False,True,,,,,,,,,,,,,,,False,False,9.478,,103.1,,75.7,,103.1,,1337,117,1,22,7,144305.7,19240.75,,Idle,,20,,10,,,20,Go Home,False,False,False,False,False,False,False,False,False,False,False,False,33.8027920380556,-117.4659261431046,3915.5,3915.5,1049.4,396.9,True,1,1,False,False,False,False,,True,False,False,Course Lock,196.8,67,16.4,93,N,SW,3.13,11.4,Calm,False,False,Android,7.0.2,M300 RTK,1ZN7L4R0H1D00F,1W9DL31001461C,1ZMLH8300204F0,1Z6PH74DAP0QN7,"Corona, CA",728.3,5.7,137.7,8.547347,2.013246,0,0,DJI Matrice 300 RTK,M300 RTK,1ZN7L4R0H1D00F,1W9DL31001461C,1ZMLH8300204F0,1Z6PH74DAP0QN7,DJI Pilot,Android,7.0.2,1EF72A62-B7C3-C88D-164E-CE6F8C8424AE,1ZN7L4R0H1D00F,1W9DL31001461C,,1ZMLH8300204F0,1W9DL31001461C,,,,,
2023-11-01,11:33:46.13 AM,9m 23.8s,563.8,33.7956875027048,-117.4756087928507,18.0,137.7,15.7,1282,4863.1,6.81441,7.569323,-6.263432,2.23694,2.684328,2.908022,0.223694,0.894776,-2.5,-0.3,2.5,156.6,156.6,155.4,Tripod,Other,,20,5,True,,True,False,,Smart,RC,False,True,False,,,True,,False,False,False,False,False,False,False,False,False,False,0,Follow Yaw,-77.9,0,148.7,148.7,False,False,False,False,False,,0,0,False,False,No Card,100,100,1024,1396,816,1024,2,False,False,False,False,False,0,False,False,False,False,70,,46.452,,3490,,4986,,46.452,,True,3.87,3.87,3.87,3.87,3.87,3.87,3.87,3.87,3.87,3.87,3.87,3.87,0,,False,False,True,,,,,,,,,,,,,,,False,False,9.478,,103.1,,75.7,,103.1,,1337,117,1,22,7,144305.7,19240.75,,Idle,,20,,10,,,20,Go Home,False,False,False,False,False,False,False,False,False,False,False,False,33.8027920380556,-117.4659261431046,3915.8,3915.8,1049.4,396.9,True,1,1,False,False,False,False,,True,False,False,Course Lock,196.8,67,16.4,93,N,SW,3.13,11.4,Calm,False,False,Android,7.0.2,M300 RTK,1ZN7L4R0H1D00F,1W9DL31001461C,1ZMLH8300204F0,1Z6PH74DAP0QN7,"Corona, CA",728.3,5.7,137.7,8.547347,2.013246,0,0,DJI Matrice 300 RTK,M300 RTK,1ZN7L4R0H1D00F,1W9DL31001461C,1ZMLH8300204F0,1Z6PH74DAP0QN7,DJI Pilot,Android,7.0.2,1EF72A62-B7C3-C88D-164E-CE6F8C8424AE,1ZN7L4R0H1D00F,1W9DL31001461C,,1ZMLH8300204F0,1W9DL31001461C,,,,,
2023-11-01,11:33:46.24 AM,9m 23.9s,563.9,33.7956847584661,-117.4756072913064,18.0,137.7,15.7,1282,4864.2,6.81441,7.569323,-6.263432,2.23694,2.684328,2.908022,0.223694,0.894776,-2.6,-0.2,2.6,156.7,156.7,155.5,Tripod,Other,,20,5,True,,True,False,,Smart,RC,False,True,False,,,True,,False,False,False,False,False,False,False,False,False,False,0,Follow Yaw,-77.9,0,148.7,148.7,False,False,False,False,False,,0,0,False,False,No Card,100,100,1024,1392,818,1024,2,False,False,False,False,False,0,False,False,False,False,70,,46.452,,3490,,4986,,46.452,,True,3.87,3.87,3.87,3.87,3.87,3.87,3.87,3.87,3.87,3.87,3.87,3.87,0,,False,False,True,,,,,,,,,,,,,,,False,False,9.478,,103.1,,75.7,,103.1,,1337,117,1,22,7,144305.7,19240.75,,Idle,,20,,10,,,20,Go Home,False,False,False,False,False,False,False,False,False,False,False,False,33.8027920380556,-117.4659261431046,3916.1,3916.1,1049.4,396.9,True,1,1,False,False,False,False,,True,False,False,Course Lock,196.8,67,16.4,93,N,SW,3.13,11.4,Calm,False,False,Android,7.0.2,M300 RTK,1ZN7L4R0H1D00F,1W9DL31001461C,1ZMLH8300204F0,1Z6PH74DAP0QN7,"Corona, CA",728.3,5.7,137.7,8.547347,2.013246,0,0,DJI Matrice 300 RTK,M300 RTK,1ZN7L4R0H1D00F,1W9DL31001461C,1ZMLH8300204F0,1Z6PH74DAP0QN7,DJI Pilot,Android,7.0.2,1EF72A62-B7C3-C88D-164E-CE6F8C8424AE,1ZN7L4R0H1D00F,1W9DL31001461C,,1ZMLH8300204F0,1W9DL31001461C,,,,,
2023-11-01,11:33:46.34 AM,9m 24.0s,564.0,33.7956821518745,-117.4756058588688,17.7,137.7,15.7,1281,4865.3,6.81441,7.569323,-6.263432,2.23694,2.684328,2.908022,0.223694,0.894776,-2.5,-0.3,2.5,156.7,156.7,155.4,Tripod,Other,,20,5,True,,True,False,,Smart,RC,False,True,False,,,True,,False,False,False,False,False,False,False,False,False,False,0,Follow Yaw,-77.9,0,148.7,148.7,False,False,False,False,False,,0,0,False,False,No Card,100,100,1024,1393,819,1024,2,False,False,False,False,False,0,False,False,False,False,70,,46.476,,7030,,10044,,46.476,,True,3.87,3.87,3.87,3.87,3.87,3.87,3.87,3.87,3.87,3.87,3.87,3.87,0,,False,False,True,,,,,,,,,,,,,,,False,False,18.924,,103.1,,75.7,,103.1,,1337,117,1,22,7,144305.7,19240.75,,Idle,,20,,10,,,20,Go Home,False,False,False,False,False,False,False,False,False,False,False,False,33.8027920380556,-117.4659261431046,3916.4,3916.4,1049.4,396.9,True,1,1,False,False,False,False,,True,False,False,Course Lock,196.8,67,16.4,93,N,SW,3.13,11.4,Calm,False,False,Android,7.0.2,M300 RTK,1ZN7L4R0H1D00F,1W9DL31001461C,1ZMLH8300204F0,1Z6PH74DAP0QN7,"Corona, CA",728.3,5.7,137.7,8.547347,2.013246,0,0,DJI Matrice 300 RTK,M300 RTK,1ZN7L4R0H1D00F,1W9DL31001461C,1ZMLH8300204F0,1Z6PH74DAP0QN7,DJI Pilot,Android,7.0.2,1EF72A62-B7C3-C88D-164E-CE6F8C8424AE,1ZN7L4R0H1D00F,1W9DL31001461C,,1ZMLH8300204F0,1W9DL31001461C,,,,,
2023-11-01,11:33:46.44 AM,9m 24.1s,564.1,33.7956795938038,-117.475604491497,17.7,137.7,15.7,1281,4866.3,6.81441,7.569323,-6.263432,2.23694,2.684328,2.908022,0.223694,0.894776,-2.4,-0.2,2.4,156.7,156.7,156.0,Tripod,Other,,20,5,True,,True,False,,Smart,RC,False,True,False,,,True,,False,False,False,False,False,False,False,False,False,False,0,Follow Yaw,-77.9,0,148.7,148.7,False,False,False,False,False,,0,0,False,False,No Card,100,100,1024,1394,818,1024,2,False,False,False,False,False,0,False,False,False,False,70,,46.476,,7030,,10044,,46.476,,True,3.87,3.87,3.87,3.87,3.87,3.87,3.87,3.87,3.87,3.87,3.87,3.87,0,,False,False,True,,,,,,,,,,,,,,,False,False,18.924,,103.1,,75.7,,103.1,,1337,117,1,22,7,144305.7,19240.75,,Idle,,20,,10,,,20,Go Home,False,False,False,False,False,False,False,False,False,False,False,False,33.8027920380556,-117.4659261431046,3916.7,3916.7,1049.4,396.9,True,1,1,False,False,False,False,,True,False,False,Course Lock,196.8,67,16.4,93,N,SW,3.13,11.4,Calm,False,False,Android,7.0.2,M300 RTK,1ZN7L4R0H1D00F,1W9DL31001461C,1ZMLH8300204F0,1Z6PH74DAP0QN7,"Corona, CA",728.3,5.7,137.7,8.547347,2.013246,0,0,DJI Matrice 300 RTK,M300 RTK,1ZN7L4R0H1D00F,1W9DL31001461C,1ZMLH8300204F0,1Z6PH74DAP0QN7,DJI Pilot,Android,7.0.2,1EF72A62-B7C3-C88D-164E-CE6F8C8424AE,1ZN7L4R0H1D00F,1W9DL31001461C,,1ZMLH8300204F0,1W9DL31001461C,,,,,
2023-11-01,11:33:46.55 AM,9m 24.2s,564.2,33.7956769939284,-117.4756030640899,17.7,137.7,15.7,1281,4867.3,6.81441,7.569323,-6.263432,2.23694,2.684328,2.908022,0.223694,0.894776,-2.5,-0.1,2.5,156.7,156.7,155.4,Tripod,Other,,20,5,True,,True,False,,Smart,RC,False,True,False,,,True,,False,False,False,False,False,False,False,False,False,False,0,Follow Yaw,-77.9,0,148.7,148.7,False,False,False,False,False,,0,0,False,False,No Card,100,100,1024,1394,817,1024,2,False,False,False,False,False,0,False,False,False,False,70,,46.476,,7030,,10044,,46.476,,True,3.87,3.87,3.87,3.87,3.87,3.87,3.87,3.87,3.87,3.87,3.87,3.87,0,,False,False,True,,,,,,,,,,,,,,,False,False,18.924,,103.1,,75.7,,103.1,,1337,117,1,22,7,144305.7,19240.75,,Idle,,20,,10,,,20,Go Home,False,False,False,False,False,False,False,False,False,False,False,False,33.8027920380556,-117.4659261431046,3917.0,3917.0,1049.4,396.9,True,1,1,False,False,False,False,,True,False,False,Course Lock,196.8,67,16.4,93,N,SW,3.13,11.4,Calm,False,False,Android,7.0.2,M300 RTK,1ZN7L4R0H1D00F,1W9DL31001461C,1ZMLH8300204F0,1Z6PH74DAP0QN7,"Corona, CA",728.3,5.7,137.7,8.547347,2.013246,0,0,DJI Matrice 300 RTK,M300 RTK,1ZN7L4R0H1D00F,1W9DL31001461C,1ZMLH8300204F0,1Z6PH74DAP0QN7,DJI Pilot,Android,7.0.2,1EF72A62-B7C3-C88D-164E-CE6F8C8424AE,1ZN7L4R0H1D00F,1W9DL31001461C,,1ZMLH8300204F0,1W9DL31001461C,,,,,
2023-11-01,11:33:46.65 AM,9m 24.3s,564.3,33.7956742276223,-117.4756017194788,17.7,137.7,15.7,1281,4868.4,6.81441,7.569323,-6.263432,2.23694,2.684328,2.908022,0.223694,0.894776,-2.6,0,2.6,156.8,156.8,158.0,Tripod,Other,,20,5,True,,True,False,,Smart,RC,False,True,False,,,True,,False,False,False,False,False,False,False,False,False,False,0,Follow Yaw,-77.9,0,148.7,148.7,False,False,False,False,False,,0,0,False,False,No Card,100,100,1024,1394,817,1024,2,False,False,False,False,False,0,False,False,False,False,70,,46.476,,7030,,10044,,46.476,,True,3.871,3.871,3.871,3.871,3.871,3.871,3.871,3.871,3.871,3.871,3.871,3.871,0,,False,False,True,,,,,,,,,,,,,,,False,False,18.924,,103.1,,75.7,,103.1,,1334,117,1,22,7,144509.2,19267.89,,Idle,,20,,10,,,20,Go Home,False,False,False,False,False,False,False,False,False,False,False,False,33.8027920380556,-117.4659261431046,3917.4,3917.4,1049.4,396.9,True,1,1,False,False,False,False,,True,False,False,Course Lock,196.8,67,16.4,93,N,SW,3.13,11.4,Calm,False,False,Android,7.0.2,M300 RTK,1ZN7L4R0H1D00F,1W9DL31001461C,1ZMLH8300204F0,1Z6PH74DAP0QN7,"Corona, CA",728.3,5.7,137.7,8.547347,2.013246,0,0,DJI Matrice 300 RTK,M300 RTK,1ZN7L4R0H1D00F,1W9DL31001461C,1ZMLH8300204F0,1Z6PH74DAP0QN7,DJI Pilot,Android,7.0.2,1EF72A62-B7C3-C88D-164E-CE6F8C8424AE,1ZN7L4R0H1D00F,1W9DL31001461C,,1ZMLH8300204F0,1W9DL31001461C,,,,,
2023-11-01,11:33:46.75 AM,9m 24.4s,564.4,33.7956716106138,-117.4756003074103,17.7,137.7,15.7,1281,4869.5,6.81441,7.569323,-6.263432,2.23694,2.684328,2.908022,0.223694,0.894776,-2.6,0,2.6,156.8,156.8,155.8,Tripod,Other,,20,5,True,,True,False,,Smart,RC,False,True,False,,,True,,False,False,False,False,False,False,False,False,False,False,0,Follow Yaw,-77.9,0,148.7,148.7,False,False,False,False,False,,0,0,False,False,No Card,100,100,1024,1395,815,1024,2,False,False,False,False,False,0,False,False,False,False,70,,46.476,,7030,,10044,,46.476,,True,3.871,3.871,3.871,3.871,3.871,3.871,3.871,3.871,3.871,3.871,3.871,3.871,0,,False,False,True,,,,,,,,,,,,,,,False,False,18.924,,103.1,,75.7,,103.1,,1334,117,1,22,7,144509.2,19267.89,,Idle,,20,,10,,,20,Go Home,False,False,False,False,False,False,False,False,False,False,False,False,33.8027920380556,-117.4659261431046,3917.7,3917.7,1049.4,396.9,True,1,1,False,False,False,False,,True,False,False,Course Lock,196.8,67,16.4,93,N,SW,3.13,11.4,Calm,False,False,Android,7.0.2,M300 RTK,1ZN7L4R0H1D00F,1W9DL31001461C,1ZMLH8300204F0,1Z6PH74DAP0QN7,"Corona, CA",728.3,5.7,137.7,8.547347,2.013246,0,0,DJI Matrice 300 RTK,M300 RTK,1ZN7L4R0H1D00F,1W9DL31001461C,1ZMLH8300204F0,1Z6PH74DAP0QN7,DJI Pilot,Android,7.0.2,1EF72A62-B7C3-C88D-164E-CE6F8C8424AE,1ZN7L4R0H1D00F,1W9DL31001461C,,1ZMLH8300204F0,1W9DL31001461C,,,,,
2023-11-01,11:33:46.85 AM,9m 24.5s,564.5,33.7956691901217,-117.4755988096595,17.7,137.7,15.7,1281,4870.4,7.020571,7.569323,-6.487126,2.23694,2.684328,2.908022,0.223694,0.894776,-2.5,-0.1,2.5,156.8,156.8,152.7,Tripod,Other,,20,5,True,,True,False,,Smart,RC,False,True,False,,,True,,False,False,False,False,False,False,False,False,False,False,0,Follow Yaw,-77.9,0,148.7,148.7,False,False,False,False,False,,0,0,False,False,No Card,100,100,1024,1395,816,1024,2,False,False,False,False,False,0,False,False,False,False,70,,46.476,,7030,,10044,,46.476,,True,3.871,3.871,3.871,3.871,3.871,3.871,3.871,3.871,3.871,3.871,3.871,3.871,0,,False,False,True,,,,,,,,,,,,,,,False,False,18.924,,103.1,,75.7,,103.1,,1334,117,1,22,7,144509.2,19267.89,,Idle,,20,,10,,,20,Go Home,False,False,False,False,False,False,False,False,False,False,False,False,33.8027920380556,-117.4659261431046,3918.0,3918.0,1049.4,396.9,True,1,1,False,False,False,False,,True,False,False,Course Lock,196.8,67,16.4,93,N,SW,3.13,11.4,Calm,False,False,Android,7.0.2,M300 RTK,1ZN7L4R0H1D00F,1W9DL31001461C,1ZMLH8300204F0,1Z6PH74DAP0QN7,"Corona, CA",728.3,5.7,137.7,8.547347,2.013246,0,0,DJI Matrice 300 RTK,M300 RTK,1ZN7L4R0H1D00F,1W9DL31001461C,1ZMLH8300204F0,1Z6PH74DAP0QN7,DJI Pilot,Android,7.0.2,1EF72A62-B7C3-C88D-164E-CE6F8C8424AE,1ZN7L4R0H1D00F,1W9DL31001461C,,1ZMLH8300204F0,1W9DL31001461C,,,,,
2023-11-01,11:33:46.96 AM,9m 24.6s,564.6,33.7956665834273,-117.4755973978385,17.3,137.7,15.7,1281,4871.5,7.020571,7.569323,-6.487126,2.23694,2.684328,2.908022,0.223694,0.894776,-2.5,-0.2,2.5,156.9,156.9,155.7,Tripod,Other,,20,5,True,,True,False,,Smart,RC,False,True,False,,,True,,False,False,False,False,False,False,False,False,False,False,0,Follow Yaw,-77.9,0,148.7,148.7,False,False,False,False,False,,0,0,False,False,No Card,100,100,1024,1395,816,1024,2,False,False,False,False,False,0,False,False,False,False,70,,46.476,,7030,,10044,,46.476,,True,3.871,3.871,3.871,3.871,3.871,3.871,3.871,3.871,3.871,3.871,3.871,3.871,0,,False,False,True,,,,,,,,,,,,,,,False,False,18.924,,103.1,,75.7,,103.1,,1334,117,1,22,7,144509.2,19267.89,,Idle,,20,,10,,,20,Go Home,False,False,False,False,False,False,False,False,False,False,False,False,33.8027920380556,-117.4659261431046,3918.3,3918.3,1049.4,396.9,True,1,1,False,False,False,False,,True,False,False,Course Lock,196.8,67,16.4,93,N,SW,3.13,11.4,Calm,False,False,Android,7.0.2,M300 RTK,1ZN7L4R0H1D00F,1W9DL31001461C,1ZMLH8300204F0,1Z6PH74DAP0QN7,"Corona, CA",728.3,5.7,137.7,8.547347,2.013246,0,0,DJI Matrice 300 RTK,M300 RTK,1ZN7L4R0H1D00F,1W9DL31001461C,1ZMLH8300204F0,1Z6PH74DAP0QN7,DJI Pilot,Android,7.0.2,1EF72A62-B7C3-C88D-164E-CE6F8C8424AE,1ZN7L4R0H1D00F,1W9DL31001461C,,1ZMLH8300204F0,1W9DL31001461C,,,,,
2023-11-01,11:33:47.06 AM,9m 24.7s,564.7,33.7956638042371,-117.4755959153439,17.3,137.7,15.7,1281,4872.6,7.020571,7.569323,-6.487126,2.23694,2.684328,2.908022,0.223694,0.894776,-2.4,-0.2,2.4,156.9,156.9,156.0,Tripod,Other,,20,5,True,,True,False,,Smart,RC,False,True,False,,,True,,False,False,False,False,False,False,False,False,False,False,0,Follow Yaw,-77.9,0,148.7,148.7,False,False,False,False,False,,0,0,False,False,No Card,100,100,1024,1397,815,1024,2,False,False,False,False,False,0,False,False,False,False,70,,46.476,,7030,,10044,,46.476,,True,3.871,3.871,3.871,3.871,3.871,3.871,3.871,3.871,3.871,3.871,3.871,3.871,0,,False,False,True,,,,,,,,,,,,,,,False,False,18.924,,103.1,,75.7,,103.1,,1334,117,1,22,7,144509.2,19267.89,,Idle,,20,,10,,,20,Go Home,False,False,False,False,False,False,False,False,False,False,False,False,33.8027920380556,-117.4659261431046,3918.6,3918.6,1049.4,396.9,True,1,1,False,False,False,False,,True,False,False,Course Lock,196.8,67,16.4,93,N,SW,3.13,11.4,Calm,False,False,Android,7.0.2,M300 RTK,1ZN7L4R0H1D00F,1W9DL31001461C,1ZMLH8300204F0,1Z6PH74DAP0QN7,"Corona, CA",728.3,5.7,137.7,8.547347,2.013246,0,0,DJI Matrice 300 RTK,M300 RTK,1ZN7L4R0H1D00F,1W9DL31001461C,1ZMLH8300204F0,1Z6PH74DAP0QN7,DJI Pilot,Android,7.0.2,1EF72A62-B7C3-C88D-164E-CE6F8C8424AE,1ZN7L4R0H1D00F,1W9DL31001461C,,1ZMLH8300204F0,1W9DL31001461C,,,,,
2023-11-01,11:33:47.16 AM,9m 24.8s,564.8,33.7956611826027,-117.4755944998944,17.3,137.7,15.7,1281,4873.6,7.020571,7.569323,-6.487126,2.23694,2.684328,2.908022,0.223694,0.894776,-2.3,-0.2,2.3,156.8,156.8,155.8,Tripod,Other,,20,5,True,,True,False,,Smart,RC,False,True,False,,,True,,False,False,False,False,False,False,False,False,False,False,0,Follow Yaw,-77.9,0,148.7,148.7,False,False,False,False,False,,0,0,False,False,No Card,100,100,1024,1398,815,1024,2,False,False,False,False,False,0,False,False,False,False,70,,46.476,,7030,,10044,,46.476,,True,3.871,3.871,3.871,3.871,3.871,3.871,3.871,3.871,3.871,3.871,3.871,3.871,0,,False,False,True,,,,,,,,,,,,,,,False,False,18.924,,103.1,,75.7,,103.1,,1334,117,1,22,7,144509.2,19267.89,,Idle,,20,,10,,,20,Go Home,False,False,False,False,False,False,False,False,False,False,False,False,33.8027920380556,-117.4659261431046,3918.9,3918.9,1049.4,396.9,True,1,1,False,False,False,False,,True,False,False,Course Lock,196.8,67,16.4,93,N,SW,3.13,11.4,Calm,False,False,Android,7.0.2,M300 RTK,1ZN7L4R0H1D00F,1W9DL31001461C,1ZMLH8300204F0,1Z6PH74DAP0QN7,"Corona, CA",728.3,5.7,137.7,8.547347,2.013246,0,0,DJI Matrice 300 RTK,M300 RTK,1ZN7L4R0H1D00F,1W9DL31001461C,1ZMLH8300204F0,1Z6PH74DAP0QN7,DJI Pilot,Android,7.0.2,1EF72A62-B7C3-C88D-164E-CE6F8C8424AE,1ZN7L4R0H1D00F,1W9DL31001461C,,1ZMLH8300204F0,1W9DL31001461C,,,,,
2023-11-01,11:33:47.26 AM,9m 24.9s,564.9,33.7956588100146,-117.4755932771682,17.3,137.7,15.7,1281,4874.6,7.020571,7.569323,-6.487126,2.23694,2.684328,2.908022,0.223694,0.894776,-2.3,-0.2,2.3,156.8,156.8,156.8,Tripod,Other,,20,5,True,,True,False,,Smart,RC,False,True,False,,,True,,False,False,False,False,False,False,False,False,False,False,0,Follow Yaw,-77.9,0,148.7,148.7,False,False,False,False,False,,0,0,False,False,No Card,100,100,1024,1402,815,1024,2,False,False,False,False,False,0,False,False,False,False,70,,46.476,,7030,,10044,,46.476,,True,3.871,3.871,3.871,3.871,3.871,3.871,3.871,3.871,3.871,3.871,3.871,3.871,0,,False,False,True,,,,,,,,,,,,,,,False,False,18.924,,103.1,,75.7,,103.1,,1334,117,1,22,7,144509.2,19267.89,,Idle,,20,,10,,,20,Go Home,False,False,False,False,False,False,False,False,False,False,False,False,33.8027920380556,-117.4659261431046,3919.2,3919.2,1049.4,396.9,True,1,1,False,False,False,False,,True,False,False,Course Lock,196.8,67,16.4,93,N,SW,3.13,11.4,Calm,False,False,Android,7.0.2,M300 RTK,1ZN7L4R0H1D00F,1W9DL31001461C,1ZMLH8300204F0,1Z6PH74DAP0QN7,"Corona, CA",728.3,5.7,137.7,8.547347,2.013246,0,0,DJI Matrice 300 RTK,M300 RTK,1ZN7L4R0H1D00F,1W9DL31001461C,1ZMLH8300204F0,1Z6PH74DAP0QN7,DJI Pilot,Android,7.0.2,1EF72A62-B7C3-C88D-164E-CE6F8C8424AE,1ZN7L4R0H1D00F,1W9DL31001461C,,1ZMLH8300204F0,1W9DL31001461C,,,,,
2023-11-01,11:33:47.37 AM,9m 25.0s,565.0,33.7956562127777,-117.4755918800262,17.3,137.7,15.7,1281,4875.6,7.020571,7.569323,-6.487126,2.23694,2.684328,2.908022,0.223694,0.894776,-2.4,-0.3,2.4,156.8,156.8,155.9,Tripod,Other,,20,5,True,,True,False,,Smart,RC,False,True,False,,,True,,False,False,False,False,False,False,False,False,False,False,0,Follow Yaw,-77.9,0,148.7,148.7,False,False,False,False,False,,0,0,False,False,No Card,100,100,1024,1403,790,894,2,False,False,False,False,False,0,False,False,False,False,70,,46.476,,7030,,10044,,46.476,,True,3.871,3.871,3.871,3.871,3.871,3.871,3.871,3.871,3.871,3.871,3.871,3.871,0,,False,False,True,,,,,,,,,,,,,,,False,False,18.926,,103.2,,75.7,,103.2,,1334,117,1,22,7,144509.2,19267.89,,Idle,,20,,10,,,20,Go Home,False,False,False,False,False,False,False,False,False,False,False,False,33.8027920380556,-117.4659261431046,3919.5,3919.5,1049.4,396.9,True,1,1,False,False,False,False,,True,False,False,Course Lock,196.8,67,16.4,93,N,SW,3.13,11.4,Calm,False,False,Android,7.0.2,M300 RTK,1ZN7L4R0H1D00F,1W9DL31001461C,1ZMLH8300204F0,1Z6PH74DAP0QN7,"Corona, CA",728.3,5.7,137.7,8.547347,2.013246,0,0,DJI Matrice 300 RTK,M300 RTK,1ZN7L4R0H1D00F,1W9DL31001461C,1ZMLH8300204F0,1Z6PH74DAP0QN7,DJI Pilot,Android,7.0.2,1EF72A62-B7C3-C88D-164E-CE6F8C8424AE,1ZN7L4R0H1D00F,1W9DL31001461C,,1ZMLH8300204F0,1W9DL31001461C,,,,,
2023-11-01,11:33:47.47 AM,9m 25.1s,565.1,33.7956536204066,-117.475590491543,17.0,137.7,15.7,1281,4876.7,7.020571,7.569323,-6.487126,2.23694,2.684328,2.908022,0.223694,0.894776,-2.5,-0.3,2.5,156.8,156.8,156.0,Tripod,Other,,20,5,True,,True,False,,Smart,RC,False,True,False,,,True,,False,False,False,False,False,False,False,False,False,False,0,Follow Yaw,-77.9,0,148.7,148.7,False,False,False,False,False,,0,0,False,False,No Card,100,100,1024,1401,793,850,2,False,False,False,False,False,0,False,False,False,False,70,,46.476,,7030,,10044,,46.476,,True,3.871,3.871,3.871,3.871,3.871,3.871,3.871,3.871,3.871,3.871,3.871,3.871,0,,False,False,True,,,,,,,,,,,,,,,False,False,18.926,,103.2,,75.7,,103.2,,1334,117,1,22,7,144509.2,19267.89,,Idle,,20,,10,,,20,Go Home,False,False,False,False,False,False,False,False,False,False,False,False,33.8027920380556,-117.4659261431046,3919.8,3919.8,1049.4,396.9,True,1,1,False,False,False,False,,True,False,False,Course Lock,196.8,67,16.4,93,N,SW,3.13,11.4,Calm,False,False,Android,7.0.2,M300 RTK,1ZN7L4R0H1D00F,1W9DL31001461C,1ZMLH8300204F0,1Z6PH74DAP0QN7,"Corona, CA",728.3,5.7,137.7,8.547347,2.013246,0,0,DJI Matrice 300 RTK,M300 RTK,1ZN7L4R0H1D00F,1W9DL31001461C,1ZMLH8300204F0,1Z6PH74DAP0QN7,DJI Pilot,Android,7.0.2,1EF72A62-B7C3-C88D-164E-CE6F8C8424AE,1ZN7L4R0H1D00F,1W9DL31001461C,,1ZMLH8300204F0,1W9DL31001461C,,,,,
2023-11-01,11:33:47.57 AM,9m 25.2s,565.2,33.7956510248487,-117.4755890916796,17.0,137.7,16.0,1281,4877.7,7.020571,7.569323,-6.487126,2.23694,2.684328,2.908022,0.223694,0.894776,-2.5,-0.6,2.5,156.8,156.8,155.8,Tripod,Other,,20,5,True,,True,False,,Smart,RC,False,True,False,,,True,,False,False,False,False,False,False,False,False,False,False,0,Follow Yaw,-77.9,0,148.4,148.4,False,False,False,False,False,,0,0,False,False,No Card,100,100,1024,1403,793,849,2,False,False,False,False,False,0,False,False,False,False,70,,46.476,,7030,,10044,,46.476,,True,3.871,3.871,3.871,3.871,3.871,3.871,3.871,3.871,3.871,3.871,3.871,3.871,0,,False,False,True,,,,,,,,,,,,,,,False,False,18.926,,103.2,,75.7,,103.2,,1334,117,1,22,7,144509.2,19267.89,,Idle,,20,,10,,,20,Go Home,False,False,False,False,False,False,False,False,False,False,False,False,33.8027920380556,-117.4659261431046,3920.2,3920.2,1049.4,396.9,True,1,1,False,False,False,False,,True,False,False,Course Lock,196.8,67,16.4,93,N,SW,3.13,11.4,Calm,False,False,Android,7.0.2,M300 RTK,1ZN7L4R0H1D00F,1W9DL31001461C,1ZMLH8300204F0,1Z6PH74DAP0QN7,"Corona, CA",728.3,5.7,137.7,8.547347,2.013246,0,0,DJI Matrice 300 RTK,M300 RTK,1ZN7L4R0H1D00F,1W9DL31001461C,1ZMLH8300204F0,1Z6PH74DAP0QN7,DJI Pilot,Android,7.0.2,1EF72A62-B7C3-C88D-164E-CE6F8C8424AE,1ZN7L4R0H1D00F,1W9DL31001461C,,1ZMLH8300204F0,1W9DL31001461C,,,,,
2023-11-01,11:33:47.68 AM,9m 25.3s,565.3,33.7956481171605,-117.4755875158333,17.0,137.7,16.0,1281,4878.9,7.020571,7.569323,-6.487126,2.23694,2.684328,2.908022,0.223694,0.894776,-2.4,-1.5,2.8,156.6,156.6,155.7,Tripod,Other,,20,5,True,,True,False,,Smart,RC,False,True,False,,,True,,False,False,False,False,False,False,False,False,False,False,0,Follow Yaw,-77.9,0,148,148,False,False,False,False,False,,0,0,False,False,No Card,100,100,1024,1404,798,890,2,False,False,False,False,False,0,False,False,False,False,70,,46.476,,7030,,10044,,46.476,,True,3.873,3.873,3.873,3.873,3.873,3.873,3.873,3.873,3.873,3.873,3.873,3.873,0,,False,False,True,,,,,,,,,,,,,,,False,False,18.926,,103.2,,75.7,,103.2,,1332,117,1,22,7,144422.2,19256.30,,Idle,,20,,10,,,20,Go Home,False,False,False,False,False,False,False,False,False,False,False,False,33.8027920380556,-117.4659261431046,3920.5,3920.5,1049.4,396.9,True,1,1,False,False,False,False,,True,False,False,Course Lock,196.8,67,16.4,93,N,SW,3.13,11.4,Calm,False,False,Android,7.0.2,M300 RTK,1ZN7L4R0H1D00F,1W9DL31001461C,1ZMLH8300204F0,1Z6PH74DAP0QN7,"Corona, CA",728.3,5.7,137.7,8.547347,2.013246,0,0,DJI Matrice 300 RTK,M300 RTK,1ZN7L4R0H1D00F,1W9DL31001461C,1ZMLH8300204F0,1Z6PH74DAP0QN7,DJI Pilot,Android,7.0.2,1EF72A62-B7C3-C88D-164E-CE6F8C8424AE,1ZN7L4R0H1D00F,1W9DL31001461C,,1ZMLH8300204F0,1W9DL31001461C,,,,,
2023-11-01,11:33:47.74 AM,9m 25.4s,565.4,33.7956455021737,-117.4755860751491,17.0,137.7,16.0,1281,4879.9,7.109106,7.569323,-6.487126,2.23694,2.908022,2.908022,0.447388,0.894776,-2.4,-2,3.1,156.4,156.4,155.3,Tripod,Other,,21,5,True,,True,False,,Smart,RC,False,True,False,,,True,,False,False,False,False,False,False,False,False,False,False,0,Follow Yaw,-77.9,0,147.6,147.6,False,False,False,False,False,,0,0,False,False,No Card,100,100,1024,1404,794,938,2,False,False,False,False,False,0,False,False,False,False,70,,46.476,,7030,,10044,,46.476,,True,3.873,3.873,3.873,3.873,3.873,3.873,3.873,3.873,3.873,3.873,3.873,3.873,0,,False,False,True,,,,,,,,,,,,,,,False,False,18.926,,103.2,,75.7,,103.2,,1332,117,1,22,7,144422.2,19256.30,,Idle,,20,,10,,,20,Go Home,False,False,False,False,False,False,False,False,False,False,False,False,33.8027920380556,-117.4659261431046,3920.8,3920.8,1049.4,396.9,True,1,1,False,False,False,False,,True,False,False,Course Lock,196.8,67,16.4,93,N,SW,3.13,11.4,Calm,False,False,Android,7.0.2,M300 RTK,1ZN7L4R0H1D00F,1W9DL31001461C,1ZMLH8300204F0,1Z6PH74DAP0QN7,"Corona, CA",728.3,5.7,137.7,8.547347,2.013246,0,0,DJI Matrice 300 RTK,M300 RTK,1ZN7L4R0H1D00F,1W9DL31001461C,1ZMLH8300204F0,1Z6PH74DAP0QN7,DJI Pilot,Android,7.0.2,1EF72A62-B7C3-C88D-164E-CE6F8C8424AE,1ZN7L4R0H1D00F,1W9DL31001461C,,1ZMLH8300204F0,1W9DL31001461C,,,,,
2023-11-01,11:33:47.84 AM,9m 25.5s,565.5,33.7956425931148,-117.4755845194246,17.0,137.7,16.0,1281,4881.1,7.109106,7.569323,-6.487126,2.23694,2.908022,2.908022,0.447388,0.894776,-2.4,-1.9,3,156.3,156.3,156.0,Tripod,Other,,21,5,True,,True,False,,Smart,RC,False,True,False,,,True,,False,False,False,False,False,False,False,False,False,False,0,Follow Yaw,-77.9,0,147.4,147.4,False,False,False,False,False,,0,0,False,False,No Card,100,100,1024,1403,792,1023,2,False,False,False,False,False,0,False,False,False,False,70,,46.476,,7030,,10044,,46.476,,True,3.873,3.873,3.873,3.873,3.873,3.873,3.873,3.873,3.873,3.873,3.873,3.873,0,,False,False,True,,,,,,,,,,,,,,,False,False,18.926,,103.2,,75.7,,103.2,,1332,117,1,22,7,144422.2,19256.30,,Idle,,20,,10,,,20,Go Home,False,False,False,False,False,False,False,False,False,False,False,False,33.8027920380556,-117.4659261431046,3921.2,3921.2,1049.4,396.9,True,1,1,False,False,False,False,,True,False,False,Course Lock,196.8,67,16.4,93,N,SW,3.13,11.4,Calm,False,False,Android,7.0.2,M300 RTK,1ZN7L4R0H1D00F,1W9DL31001461C,1ZMLH8300204F0,1Z6PH74DAP0QN7,"Corona, CA",728.3,5.7,137.7,8.547347,2.013246,0,0,DJI Matrice 300 RTK,M300 RTK,1ZN7L4R0H1D00F,1W9DL31001461C,1ZMLH8300204F0,1Z6PH74DAP0QN7,DJI Pilot,Android,7.0.2,1EF72A62-B7C3-C88D-164E-CE6F8C8424AE,1ZN7L4R0H1D00F,1W9DL31001461C,,1ZMLH8300204F0,1W9DL31001461C,,,,,
2023-11-01,11:33:47.94 AM,9m 25.6s,565.6,33.795639968328,-117.4755830110356,16.7,137.7,16.0,1280,4882.1,6.905589,7.569323,-6.263432,2.23694,2.908022,2.908022,0.447388,0.894776,-2.5,-1.1,2.7,156,156,154.4,Tripod,Other,,21,5,True,,True,False,,Smart,RC,False,True,False,,,True,,False,False,False,False,False,False,False,False,False,False,0,Follow Yaw,-77.9,0,147.3,147.3,False,False,False,False,False,,0,0,False,False,No Card,100,100,1024,1403,783,1024,2,False,False,False,False,False,0,False,False,False,False,70,,46.476,,7030,,10044,,46.476,,True,3.873,3.873,3.873,3.873,3.873,3.873,3.873,3.873,3.873,3.873,3.873,3.873,0,,False,False,True,,,,,,,,,,,,,,,False,False,18.926,,103.2,,75.7,,103.2,,1332,117,1,22,7,144422.2,19256.30,,Idle,,20,,10,,,20,Go Home,False,False,False,False,False,False,False,False,False,False,False,False,33.8027920380556,-117.4659261431046,3921.5,3921.5,1049.4,396.9,True,1,1,False,False,False,False,,True,False,False,Course Lock,196.8,67,16.4,93,N,SW,3.13,11.4,Calm,False,False,Android,7.0.2,M300 RTK,1ZN7L4R0H1D00F,1W9DL31001461C,1ZMLH8300204F0,1Z6PH74DAP0QN7,"Corona, CA",728.3,5.7,137.7,8.547347,2.013246,0,0,DJI Matrice 300 RTK,M300 RTK,1ZN7L4R0H1D00F,1W9DL31001461C,1ZMLH8300204F0,1Z6PH74DAP0QN7,DJI Pilot,Android,7.0.2,1EF72A62-B7C3-C88D-164E-CE6F8C8424AE,1ZN7L4R0H1D00F,1W9DL31001461C,,1ZMLH8300204F0,1W9DL31001461C,,,,,
2023-11-01,11:33:48.04 AM,9m 25.7s,565.7,33.7956375053458,-117.4755815523738,16.7,137.7,16.0,1280,4883.1,6.905589,7.569323,-6.263432,2.23694,2.908022,2.908022,0.447388,0.894776,-2.5,-0.2,2.5,155.8,155.8,153.7,Tripod,Other,,21,5,True,,True,False,,Smart,RC,False,True,False,,,True,,False,False,False,False,False,False,False,False,False,False,0,Follow Yaw,-77.9,0,147.3,147.3,False,False,False,False,False,,0,0,False,False,No Card,100,100,1024,1403,781,1024,2,False,False,False,False,False,0,False,False,False,False,70,,46.476,,7030,,10044,,46.476,,True,3.873,3.873,3.873,3.873,3.873,3.873,3.873,3.873,3.873,3.873,3.873,3.873,0,,False,False,True,,,,,,,,,,,,,,,False,False,18.926,,103.2,,75.7,,103.2,,1332,117,1,22,7,144422.2,19256.30,,Idle,,20,,10,,,20,Go Home,False,False,False,False,False,False,False,False,False,False,False,False,33.8027920380556,-117.4659261431046,3921.7,3921.7,1049.4,396.9,True,1,1,False,False,False,False,,True,False,False,Course Lock,196.8,67,16.4,93,N,SW,3.13,11.4,Calm,False,False,Android,7.0.2,M300 RTK,1ZN7L4R0H1D00F,1W9DL31001461C,1ZMLH8300204F0,1Z6PH74DAP0QN7,"Corona, CA",728.3,5.7,137.7,8.547347,2.013246,0,0,DJI Matrice 300 RTK,M300 RTK,1ZN7L4R0H1D00F,1W9DL31001461C,1ZMLH8300204F0,1Z6PH74DAP0QN7,DJI Pilot,Android,7.0.2,1EF72A62-B7C3-C88D-164E-CE6F8C8424AE,1ZN7L4R0H1D00F,1W9DL31001461C,,1ZMLH8300204F0,1W9DL31001461C,,,,,
2023-11-01,11:33:48.14 AM,9m 25.8s,565.8,33.795634893066,-117.475580032687,16.7,137.7,16.0,1280,4884.2,6.905589,7.569323,-6.263432,2.23694,2.908022,2.908022,0.447388,0.894776,-2.5,0.1,2.5,155.6,155.6,154.1,Tripod,Other,,21,5,True,,True,False,,Smart,RC,False,True,False,,,True,,False,False,False,False,False,False,False,False,False,False,0,Follow Yaw,-77.9,0,147.3,147.3,False,False,False,False,False,,0,0,False,False,No Card,100,100,1024,1403,792,948,2,False,False,False,False,False,0,False,False,False,False,70,,46.476,,7030,,10044,,46.476,,True,3.873,3.873,3.873,3.873,3.873,3.873,3.873,3.873,3.873,3.873,3.873,3.873,0,,False,False,True,,,,,,,,,,,,,,,False,False,18.926,,103.2,,75.7,,103.2,,1332,117,1,22,7,144422.2,19256.30,,Idle,,20,,10,,,20,Go Home,False,False,False,False,False,False,False,False,False,False,False,False,33.8027920380556,-117.4659261431046,3922.0,3922.0,1049.4,396.9,True,1,1,False,False,False,False,,True,False,False,Course Lock,196.8,67,16.4,93,N,SW,3.13,11.4,Calm,False,False,Android,7.0.2,M300 RTK,1ZN7L4R0H1D00F,1W9DL31001461C,1ZMLH8300204F0,1Z6PH74DAP0QN7,"Corona, CA",728.3,5.7,137.7,8.547347,2.013246,0,0,DJI Matrice 300 RTK,M300 RTK,1ZN7L4R0H1D00F,1W9DL31001461C,1ZMLH8300204F0,1Z6PH74DAP0QN7,DJI Pilot,Android,7.0.2,1EF72A62-B7C3-C88D-164E-CE6F8C8424AE,1ZN7L4R0H1D00F,1W9DL31001461C,,1ZMLH8300204F0,1W9DL31001461C,,,,,
2023-11-01,11:33:48.24 AM,9m 25.9s,565.9,33.7956320734761,-117.4755783567267,16.7,137.7,16.0,1280,4885.3,6.905589,7.569323,-6.263432,2.23694,2.908022,2.908022,0.447388,0.894776,-2.5,0.1,2.5,155.5,155.5,153.7,Tripod,Other,,21,5,True,,True,False,,Smart,RC,False,True,False,,,True,,False,False,False,False,False,False,False,False,False,False,0,Follow Yaw,-77.9,0,147.2,147.2,False,False,False,False,False,,0,0,False,False,No Card,100,100,1024,1403,769,1024,2,False,False,False,False,False,0,False,False,False,False,70,,46.476,,7030,,10044,,46.476,,True,3.873,3.873,3.873,3.873,3.873,3.873,3.873,3.873,3.873,3.873,3.873,3.873,0,,False,False,True,,,,,,,,,,,,,,,False,False,18.926,,103.2,,75.7,,103.2,,1332,117,1,22,7,144422.2,19256.30,,Idle,,20,,10,,,20,Go Home,False,False,False,False,False,False,False,False,False,False,False,False,33.8027920380556,-117.4659261431046,3922.3,3922.3,1049.4,396.9,True,1,1,False,False,False,False,,True,False,False,Course Lock,196.8,67,16.4,93,N,SW,3.13,11.4,Calm,False,False,Android,7.0.2,M300 RTK,1ZN7L4R0H1D00F,1W9DL31001461C,1ZMLH8300204F0,1Z6PH74DAP0QN7,"Corona, CA",728.3,5.7,137.7,8.547347,2.013246,0,0,DJI Matrice 300 RTK,M300 RTK,1ZN7L4R0H1D00F,1W9DL31001461C,1ZMLH8300204F0,1Z6PH74DAP0QN7,DJI Pilot,Android,7.0.2,1EF72A62-B7C3-C88D-164E-CE6F8C8424AE,1ZN7L4R0H1D00F,1W9DL31001461C,,1ZMLH8300204F0,1W9DL31001461C,,,,,
2023-11-01,11:33:48.34 AM,9m 26.0s,566.0,33.7956294354967,-117.4755768298654,16.7,137.7,16.0,1280,4886.4,7.109106,7.569323,-6.487126,2.23694,2.908022,2.908022,0.447388,0.894776,-2.4,-0.2,2.4,155.3,155.3,154.3,Tripod,Other,,21,5,True,,True,False,,Smart,RC,False,True,False,,,True,,False,False,False,False,False,False,False,False,False,False,0,Follow Yaw,-77.9,0,147.2,147.2,False,False,False,False,False,,0,0,False,False,No Card,100,100,1024,1403,761,1024,2,False,False,False,False,False,0,False,False,False,False,70,,46.452,,7030,,10044,,46.452,,True,3.873,3.873,3.873,3.873,3.873,3.873,3.873,3.873,3.873,3.873,3.873,3.873,0,,False,False,True,,,,,,,,,,,,,,,False,False,19.002,,103.2,,75.7,,103.2,,1332,117,1,22,7,144422.2,19256.30,,Idle,,20,,10,,,20,Go Home,False,False,False,False,False,False,False,False,False,False,False,False,33.8027920380556,-117.4659261431046,3922.6,3922.6,1049.4,396.9,True,1,1,False,False,False,False,,True,False,False,Course Lock,196.8,67,16.4,93,N,SW,3.13,11.4,Calm,False,False,Android,7.0.2,M300 RTK,1ZN7L4R0H1D00F,1W9DL31001461C,1ZMLH8300204F0,1Z6PH74DAP0QN7,"Corona, CA",728.3,5.7,137.7,8.547347,2.013246,0,0,DJI Matrice 300 RTK,M300 RTK,1ZN7L4R0H1D00F,1W9DL31001461C,1ZMLH8300204F0,1Z6PH74DAP0QN7,DJI Pilot,Android,7.0.2,1EF72A62-B7C3-C88D-164E-CE6F8C8424AE,1ZN7L4R0H1D00F,1W9DL31001461C,,1ZMLH8300204F0,1W9DL31001461C,,,,,
2023-11-01,11:33:48.44 AM,9m 26.1s,566.1,33.7956269312924,-117.4755753350833,16.4,137.7,16.0,1280,4887.4,7.109106,7.569323,-6.487126,2.23694,2.908022,2.908022,0.447388,0.894776,-2.3,-0.4,2.3,155.4,155.4,153.6,Tripod,Other,,21,5,True,,True,False,,Smart,RC,False,True,False,,,True,,False,False,False,False,False,False,False,False,False,False,0,Follow Yaw,-77.9,0,147.2,147.2,False,False,False,False,False,,0,0,False,False,No Card,100,100,1024,1404,759,1024,2,False,False,False,False,False,0,False,False,False,False,70,,46.452,,7030,,10044,,46.452,,True,3.873,3.873,3.873,3.873,3.873,3.873,3.873,3.873,3.873,3.873,3.873,3.873,0,,False,False,True,,,,,,,,,,,,,,,False,False,19.002,,103.2,,75.7,,103.2,,1332,117,1,22,7,144422.2,19256.30,,Idle,,20,,10,,,20,Go Home,False,False,False,False,False,False,False,False,False,False,False,False,33.8027920380556,-117.4659261431046,3922.9,3922.9,1049.4,396.9,True,1,1,False,False,False,False,,True,False,False,Course Lock,196.8,67,16.4,93,N,SW,3.13,11.4,Calm,False,False,Android,7.0.2,M300 RTK,1ZN7L4R0H1D00F,1W9DL31001461C,1ZMLH8300204F0,1Z6PH74DAP0QN7,"Corona, CA",728.3,5.7,137.7,8.547347,2.013246,0,0,DJI Matrice 300 RTK,M300 RTK,1ZN7L4R0H1D00F,1W9DL31001461C,1ZMLH8300204F0,1Z6PH74DAP0QN7,DJI Pilot,Android,7.0.2,1EF72A62-B7C3-C88D-164E-CE6F8C8424AE,1ZN7L4R0H1D00F,1W9DL31001461C,,1ZMLH8300204F0,1W9DL31001461C,,,,,
2023-11-01,11:33:48.54 AM,9m 26.2s,566.2,33.7956243020509,-117.4755738040162,16.4,137.7,16.0,1280,4888.5,6.905589,7.569323,-6.263432,2.23694,2.908022,2.908022,0.447388,0.894776,-2.3,-0.4,2.3,155.3,155.3,154.1,Tripod,Other,,21,5,True,,True,False,,Smart,RC,False,True,False,,,True,,False,False,False,False,False,False,False,False,False,False,0,Follow Yaw,-77.9,0,147.2,147.2,False,False,False,False,False,,0,0,False,False,No Card,100,100,1024,1407,782,964,2,False,False,False,False,False,0,False,False,False,False,70,,46.452,,7030,,10044,,46.452,,True,3.873,3.873,3.873,3.873,3.873,3.873,3.873,3.873,3.873,3.873,3.873,3.873,0,,False,False,True,,,,,,,,,,,,,,,False,False,19.002,,103.2,,75.7,,103.2,,1332,117,1,22,7,144422.2,19256.30,,Idle,,20,,10,,,20,Go Home,False,False,False,False,False,False,False,False,False,False,False,False,33.8027920380556,-117.4659261431046,3923.2,3923.2,1049.4,396.9,True,1,1,False,False,False,False,,True,False,False,Course Lock,196.8,67,16.4,93,N,SW,2.9,11.4,Calm,False,False,Android,7.0.2,M300 RTK,1ZN7L4R0H1D00F,1W9DL31001461C,1ZMLH8300204F0,1Z6PH74DAP0QN7,"Corona, CA",728.3,5.7,137.7,8.547347,2.013246,0,0,DJI Matrice 300 RTK,M300 RTK,1ZN7L4R0H1D00F,1W9DL31001461C,1ZMLH8300204F0,1Z6PH74DAP0QN7,DJI Pilot,Android,7.0.2,1EF72A62-B7C3-C88D-164E-CE6F8C8424AE,1ZN7L4R0H1D00F,1W9DL31001461C,,1ZMLH8300204F0,1W9DL31001461C,,,,,
2023-11-01,11:33:48.64 AM,9m 26.3s,566.3,33.7956219342258,-117.4755723503848,16.4,137.7,16.0,1280,4889.5,6.905589,7.569323,-6.263432,2.23694,2.908022,2.908022,0.447388,0.894776,-2.2,-0.3,2.2,155.3,155.3,152.9,Tripod,Other,,21,5,True,,True,False,,Smart,RC,False,True,False,,,True,,False,False,False,False,False,False,False,False,False,False,0,Follow Yaw,-77.9,0,147.1,147.1,False,False,False,False,False,,0,0,False,False,No Card,100,100,1024,1406,785,967,2,False,False,False,False,False,0,False,False,False,False,70,,46.452,,7030,,10044,,46.452,,True,3.872,3.872,3.872,3.872,3.872,3.872,3.872,3.872,3.872,3.872,3.872,3.872,0,,False,False,True,,,,,,,,,,,,,,,False,False,19.002,,103.2,,75.7,,103.2,,1330,118,1,22,7,144178.6,19223.82,,Idle,,20,,10,,,20,Go Home,False,False,False,False,False,False,False,False,False,False,False,False,33.8027920380556,-117.4659261431046,3923.4,3923.4,1049.4,396.9,True,1,1,False,False,False,False,,True,False,False,Course Lock,196.8,67,16.4,93,N,SW,2.9,11.4,Calm,False,False,Android,7.0.2,M300 RTK,1ZN7L4R0H1D00F,1W9DL31001461C,1ZMLH8300204F0,1Z6PH74DAP0QN7,"Corona, CA",728.3,5.7,137.7,8.547347,2.013246,0,0,DJI Matrice 300 RTK,M300 RTK,1ZN7L4R0H1D00F,1W9DL31001461C,1ZMLH8300204F0,1Z6PH74DAP0QN7,DJI Pilot,Android,7.0.2,1EF72A62-B7C3-C88D-164E-CE6F8C8424AE,1ZN7L4R0H1D00F,1W9DL31001461C,,1ZMLH8300204F0,1W9DL31001461C,,,,,
2023-11-01,11:33:48.74 AM,9m 26.4s,566.4,33.7956193317804,-117.4755708228636,16.4,137.7,15.7,1280,4890.5,6.905589,7.569323,-6.263432,2.23694,2.908022,2.908022,0.447388,0.894776,-2.1,-0.5,2.1,155.3,155.3,153.9,Tripod,Other,,21,5,True,,True,False,,Smart,RC,False,True,False,,,True,,False,False,False,False,False,False,False,False,False,False,0,Follow Yaw,-77.9,0,146.9,146.9,False,False,False,False,False,,0,0,False,False,No Card,100,100,1024,1407,784,1015,2,False,False,False,False,False,0,False,False,False,False,70,,46.452,,7030,,10044,,46.452,,True,3.872,3.872,3.872,3.872,3.872,3.872,3.872,3.872,3.872,3.872,3.872,3.872,0,,False,False,True,,,,,,,,,,,,,,,False,False,19.002,,103.2,,75.7,,103.2,,1330,118,1,22,7,144178.6,19223.82,,Idle,,20,,10,,,20,Go Home,False,False,False,False,False,False,False,False,False,False,False,False,33.8027920380556,-117.4659261431046,3923.7,3923.7,1049.4,396.9,True,1,1,False,False,False,False,,True,False,False,Course Lock,196.8,67,16.4,93,N,SW,2.9,11.4,Calm,False,False,Android,7.0.2,M300 RTK,1ZN7L4R0H1D00F,1W9DL31001461C,1ZMLH8300204F0,1Z6PH74DAP0QN7,"Corona, CA",728.3,5.7,137.7,8.547347,2.013246,0,0,DJI Matrice 300 RTK,M300 RTK,1ZN7L4R0H1D00F,1W9DL31001461C,1ZMLH8300204F0,1Z6PH74DAP0QN7,DJI Pilot,Android,7.0.2,1EF72A62-B7C3-C88D-164E-CE6F8C8424AE,1ZN7L4R0H1D00F,1W9DL31001461C,,1ZMLH8300204F0,1W9DL31001461C,,,,,
2023-11-01,11:33:48.84 AM,9m 26.5s,566.5,33.7956167739153,-117.4755693501001,16.4,137.7,15.7,1280,4891.6,6.905589,7.569323,-6.263432,2.23694,2.908022,2.908022,0.447388,0.894776,-2.2,-1,2.4,155.1,155.1,154.4,Tripod,Other,,21,5,True,,True,False,,Smart,RC,False,True,False,,,True,,False,False,False,False,False,False,False,False,False,False,0,Follow Yaw,-77.9,0,146.8,146.8,False,False,False,False,False,,0,0,False,False,No Card,100,100,1024,1407,798,933,2,False,False,False,False,False,0,False,False,False,False,70,,46.452,,7030,,10044,,46.452,,True,3.872,3.872,3.872,3.872,3.872,3.872,3.872,3.872,3.872,3.872,3.872,3.872,0,,False,False,True,,,,,,,,,,,,,,,False,False,19.002,,103.2,,75.7,,103.2,,1330,118,1,22,7,144178.6,19223.82,,Idle,,20,,10,,,20,Go Home,False,False,False,False,False,False,False,False,False,False,False,False,33.8027920380556,-117.4659261431046,3924.0,3924.0,1049.4,396.9,True,1,1,False,False,False,False,,True,False,False,Course Lock,196.8,67,16.4,93,N,SW,2.9,11.4,Calm,False,False,Android,7.0.2,M300 RTK,1ZN7L4R0H1D00F,1W9DL31001461C,1ZMLH8300204F0,1Z6PH74DAP0QN7,"Corona, CA",728.3,5.7,137.7,8.547347,2.013246,0,0,DJI Matrice 300 RTK,M300 RTK,1ZN7L4R0H1D00F,1W9DL31001461C,1ZMLH8300204F0,1Z6PH74DAP0QN7,DJI Pilot,Android,7.0.2,1EF72A62-B7C3-C88D-164E-CE6F8C8424AE,1ZN7L4R0H1D00F,1W9DL31001461C,,1ZMLH8300204F0,1W9DL31001461C,,,,,
2023-11-01,11:33:48.94 AM,9m 26.6s,566.6,33.7956141885859,-117.4755678142499,16.0,137.7,15.7,1280,4892.6,6.905589,7.569323,-6.263432,2.23694,2.908022,2.908022,0.447388,0.894776,-2.4,-0.6,2.4,155,155,153.7,Tripod,Other,,21,5,True,,True,False,,Smart,RC,False,True,False,,,True,,False,False,False,False,False,False,False,False,False,False,0,Follow Yaw,-77.9,0,146.8,146.8,False,False,False,False,False,,0,0,False,False,No Card,100,100,1024,1407,817,859,2,False,False,False,False,False,0,False,False,False,False,70,,46.452,,7030,,10044,,46.452,,True,3.872,3.872,3.872,3.872,3.872,3.872,3.872,3.872,3.872,3.872,3.872,3.872,0,,False,False,True,,,,,,,,,,,,,,,False,False,19.002,,103.2,,75.7,,103.2,,1330,118,1,22,7,144178.6,19223.82,,Idle,,20,,10,,,20,Go Home,False,False,False,False,False,False,False,False,False,False,False,False,33.8027920380556,-117.4659261431046,3924.3,3924.3,1049.4,396.9,True,1,1,False,False,False,False,,True,False,False,Course Lock,196.8,67,16.4,93,N,SW,2.9,11.4,Calm,False,False,Android,7.0.2,M300 RTK,1ZN7L4R0H1D00F,1W9DL31001461C,1ZMLH8300204F0,1Z6PH74DAP0QN7,"Corona, CA",728.3,5.7,137.7,8.547347,2.013246,0,0,DJI Matrice 300 RTK,M300 RTK,1ZN7L4R0H1D00F,1W9DL31001461C,1ZMLH8300204F0,1Z6PH74DAP0QN7,DJI Pilot,Android,7.0.2,1EF72A62-B7C3-C88D-164E-CE6F8C8424AE,1ZN7L4R0H1D00F,1W9DL31001461C,,1ZMLH8300204F0,1W9DL31001461C,,,,,
2023-11-01,11:33:49.04 AM,9m 26.7s,566.7,33.7956119964605,-117.4755664488573,16.0,137.7,15.7,1280,4893.5,6.905589,7.569323,-6.263432,2.23694,2.908022,2.908022,0.447388,0.894776,-2.5,-0.3,2.5,154.9,154.9,152.6,Tripod,Other,,21,5,True,,True,False,,Smart,RC,False,True,False,,,True,,False,False,False,False,False,False,False,False,False,False,0,Follow Yaw,-77.9,0,146.6,146.6,False,False,False,False,False,,0,0,False,False,No Card,100,100,1024,1408,815,902,2,False,False,False,False,False,0,False,False,False,False,70,,46.416,,3490,,4986,,46.416,,True,3.872,3.872,3.872,3.872,3.872,3.872,3.872,3.872,3.872,3.872,3.872,3.872,0,,False,False,True,,,,,,,,,,,,,,,False,False,9.612,,103.1,,75.7,,103.2,,1330,118,1,22,7,144178.6,19223.82,,Idle,,20,,10,,,20,Go Home,False,False,False,False,False,False,False,False,False,False,False,False,33.8027920380556,-117.4659261431046,3924.5,3924.5,1049.4,396.9,True,1,1,False,False,False,False,,True,False,False,Course Lock,196.8,67,16.4,93,N,SW,2.9,11.4,Calm,False,False,Android,7.0.2,M300 RTK,1ZN7L4R0H1D00F,1W9DL31001461C,1ZMLH8300204F0,1Z6PH74DAP0QN7,"Corona, CA",728.3,5.7,137.7,8.547347,2.013246,0,0,DJI Matrice 300 RTK,M300 RTK,1ZN7L4R0H1D00F,1W9DL31001461C,1ZMLH8300204F0,1Z6PH74DAP0QN7,DJI Pilot,Android,7.0.2,1EF72A62-B7C3-C88D-164E-CE6F8C8424AE,1ZN7L4R0H1D00F,1W9DL31001461C,,1ZMLH8300204F0,1W9DL31001461C,,,,,
2023-11-01,11:33:49.11 AM,9m 26.8s,566.8,33.7956094505885,-117.4755649189447,16.0,137.7,15.7,1280,4894.5,6.905589,7.569323,-6.263432,2.23694,2.908022,2.908022,0.447388,0.894776,-2.6,-0.9,2.7,154.9,154.9,153.4,Tripod,Other,,21,5,True,,True,False,,Smart,RC,False,True,False,,,True,,False,False,False,False,False,False,False,False,False,False,0,Follow Yaw,-77.9,0,146.3,146.3,False,False,False,False,False,,0,0,False,False,No Card,100,100,1024,1408,812,954,2,False,False,False,False,False,0,False,False,False,False,70,,46.416,,3490,,4986,,46.416,,True,3.872,3.872,3.872,3.872,3.872,3.872,3.872,3.872,3.872,3.872,3.872,3.872,0,,False,False,True,,,,,,,,,,,,,,,False,False,9.612,,103.1,,75.7,,103.2,,1330,118,1,22,7,144178.6,19223.82,,Idle,,20,,10,,,20,Go Home,False,False,False,False,False,False,False,False,False,False,False,False,33.8027920380556,-117.4659261431046,3924.8,3924.8,1049.4,396.9,True,1,1,False,False,False,False,,True,False,False,Course Lock,196.8,67,16.4,93,N,SW,2.9,11.4,Calm,False,False,Android,7.0.2,M300 RTK,1ZN7L4R0H1D00F,1W9DL31001461C,1ZMLH8300204F0,1Z6PH74DAP0QN7,"Corona, CA",728.3,5.7,137.7,8.547347,2.013246,0,0,DJI Matrice 300 RTK,M300 RTK,1ZN7L4R0H1D00F,1W9DL31001461C,1ZMLH8300204F0,1Z6PH74DAP0QN7,DJI Pilot,Android,7.0.2,1EF72A62-B7C3-C88D-164E-CE6F8C8424AE,1ZN7L4R0H1D00F,1W9DL31001461C,,1ZMLH8300204F0,1W9DL31001461C,,,,,
2023-11-01,11:33:49.22 AM,9m 26.9s,566.9,33.7956066214212,-117.4755631265422,16.0,137.7,15.7,1280,4895.7,7.002729,7.569323,-6.263432,2.23694,3.131716,3.131716,0.447388,0.894776,-2.7,-1.1,2.9,154.7,154.7,152.2,Tripod,Other,,21,5,True,,True,False,,Smart,RC,False,True,False,,,True,,False,False,False,False,False,False,False,False,False,False,0,Follow Yaw,-77.9,0,146.2,146.2,False,False,False,False,False,,0,0,False,False,No Card,100,100,1024,1410,829,922,2,False,False,False,False,False,0,False,False,False,False,70,,46.416,,3490,,4986,,46.416,,True,3.872,3.872,3.872,3.872,3.872,3.872,3.872,3.872,3.872,3.872,3.872,3.872,0,,False,False,True,,,,,,,,,,,,,,,False,False,9.612,,103.1,,75.7,,103.2,,1330,118,1,22,7,144178.6,19223.82,,Idle,,20,,10,,,20,Go Home,False,False,False,False,False,False,False,False,False,False,False,False,33.8027920380556,-117.4659261431046,3925.1,3925.1,1049.4,396.9,True,1,1,False,False,False,False,,True,False,False,Course Lock,196.8,67,16.4,93,N,SW,2.9,11.4,Calm,False,False,Android,7.0.2,M300 RTK,1ZN7L4R0H1D00F,1W9DL31001461C,1ZMLH8300204F0,1Z6PH74DAP0QN7,"Corona, CA",728.3,5.7,137.7,8.547347,2.013246,0,0,DJI Matrice 300 RTK,M300 RTK,1ZN7L4R0H1D00F,1W9DL31001461C,1ZMLH8300204F0,1Z6PH74DAP0QN7,DJI Pilot,Android,7.0.2,1EF72A62-B7C3-C88D-164E-CE6F8C8424AE,1ZN7L4R0H1D00F,1W9DL31001461C,,1ZMLH8300204F0,1W9DL31001461C,,,,,
2023-11-01,11:33:49.33 AM,9m 27.0s,567.0,33.7956040590329,-117.4755615508608,15.7,137.7,15.7,1280,4896.8,7.002729,7.569323,-6.263432,2.23694,3.131716,3.131716,0.447388,0.894776,-2.7,-0.8,2.8,154.6,154.6,152.9,Tripod,Other,,21,5,True,,True,False,,Smart,RC,False,True,False,,,True,,False,False,False,False,False,False,False,False,False,False,0,Follow Yaw,-77.9,0,146,146,False,False,False,False,False,,0,0,False,False,No Card,100,100,1024,1411,833,984,2,False,False,False,False,False,0,False,False,False,False,70,,46.44,,7030,,10044,,46.44,,True,3.872,3.872,3.872,3.872,3.872,3.872,3.872,3.872,3.872,3.872,3.872,3.872,0,,False,False,True,,,,,,,,,,,,,,,False,False,19.206,,103.2,,75.7,,103.2,,1330,118,1,22,7,144178.6,19223.82,,Idle,,20,,10,,,20,Go Home,False,False,False,False,False,False,False,False,False,False,False,False,33.8027920380556,-117.4659261431046,3925.3,3925.3,1049.4,396.9,True,1,1,False,False,False,False,,True,False,False,Course Lock,196.8,67,16.4,93,N,SW,2.9,11.4,Calm,False,False,Android,7.0.2,M300 RTK,1ZN7L4R0H1D00F,1W9DL31001461C,1ZMLH8300204F0,1Z6PH74DAP0QN7,"Corona, CA",728.3,5.7,137.7,8.547347,2.013246,0,0,DJI Matrice 300 RTK,M300 RTK,1ZN7L4R0H1D00F,1W9DL31001461C,1ZMLH8300204F0,1Z6PH74DAP0QN7,DJI Pilot,Android,7.0.2,1EF72A62-B7C3-C88D-164E-CE6F8C8424AE,1ZN7L4R0H1D00F,1W9DL31001461C,,1ZMLH8300204F0,1W9DL31001461C,,,,,
2023-11-01,11:33:49.43 AM,9m 27.1s,567.1,33.7956015908937,-117.4755599299468,15.7,137.7,15.7,1280,4897.8,7.002729,7.569323,-6.263432,2.23694,3.131716,3.131716,0.447388,0.894776,-2.9,-0.7,2.9,154.5,154.5,151.3,Tripod,Other,,21,5,True,,True,False,,Smart,RC,False,True,False,,,True,,False,False,False,False,False,False,False,False,False,False,0,Follow Yaw,-77.9,0,145.9,145.9,False,False,False,False,False,,0,0,False,False,No Card,100,100,1024,1411,825,1015,2,False,False,False,False,False,0,False,False,False,False,70,,46.44,,7030,,10044,,46.44,,True,3.872,3.872,3.872,3.872,3.872,3.872,3.872,3.872,3.872,3.872,3.872,3.872,0,,False,False,True,,,,,,,,,,,,,,,False,False,19.206,,103.2,,75.7,,103.2,,1330,118,1,22,7,144178.6,19223.82,,Idle,,20,,10,,,20,Go Home,False,False,False,False,False,False,False,False,False,False,False,False,33.8027920380556,-117.4659261431046,3925.6,3925.6,1049.4,396.9,True,1,1,False,False,False,False,,True,False,False,Course Lock,196.8,67,16.4,93,N,SW,2.9,11.4,Calm,False,False,Android,7.0.2,M300 RTK,1ZN7L4R0H1D00F,1W9DL31001461C,1ZMLH8300204F0,1Z6PH74DAP0QN7,"Corona, CA",728.3,5.7,137.7,8.547347,2.013246,0,0,DJI Matrice 300 RTK,M300 RTK,1ZN7L4R0H1D00F,1W9DL31001461C,1ZMLH8300204F0,1Z6PH74DAP0QN7,DJI Pilot,Android,7.0.2,1EF72A62-B7C3-C88D-164E-CE6F8C8424AE,1ZN7L4R0H1D00F,1W9DL31001461C,,1ZMLH8300204F0,1W9DL31001461C,,,,,
2023-11-01,11:33:49.53 AM,9m 27.2s,567.2,33.7955990362668,-117.4755583349684,15.7,137.7,15.7,1280,4898.8,7.002729,7.569323,-6.263432,2.23694,3.131716,3.131716,0.223694,0.894776,-3,-0.4,3,154.3,154.3,152.5,Tripod,Other,,21,5,True,,True,False,,Smart,RC,False,True,False,,,True,,False,False,False,False,False,False,False,False,False,False,0,Follow Yaw,-77.9,0,145.8,145.8,False,False,False,False,False,,0,0,False,False,No Card,100,100,1024,1410,822,1024,2,False,False,False,False,False,0,False,False,False,False,70,,46.44,,7030,,10044,,46.44,,True,3.872,3.872,3.872,3.872,3.872,3.872,3.872,3.872,3.872,3.872,3.872,3.872,0,,False,False,True,,,,,,,,,,,,,,,False,False,19.206,,103.2,,75.7,,103.2,,1330,118,1,22,7,144178.6,19223.82,,Idle,,20,,10,,,20,Go Home,False,False,False,False,False,False,False,False,False,False,False,False,33.8027920380556,-117.4659261431046,3925.8,3925.8,1049.4,396.9,True,1,1,False,False,False,False,,True,False,False,Course Lock,196.8,67,16.4,93,N,SW,2.9,11.4,Calm,False,False,Android,7.0.2,M300 RTK,1ZN7L4R0H1D00F,1W9DL31001461C,1ZMLH8300204F0,1Z6PH74DAP0QN7,"Corona, CA",728.3,5.7,137.7,8.547347,2.013246,0,0,DJI Matrice 300 RTK,M300 RTK,1ZN7L4R0H1D00F,1W9DL31001461C,1ZMLH8300204F0,1Z6PH74DAP0QN7,DJI Pilot,Android,7.0.2,1EF72A62-B7C3-C88D-164E-CE6F8C8424AE,1ZN7L4R0H1D00F,1W9DL31001461C,,1ZMLH8300204F0,1W9DL31001461C,,,,,
2023-11-01,11:33:49.64 AM,9m 27.3s,567.3,33.795596535609,-117.475556751329,15.7,137.7,15.7,1280,4899.9,7.002729,7.569323,-6.263432,2.23694,3.131716,3.131716,0.223694,0.894776,-3,0,3,154.1,154.1,152.2,Tripod,Other,,21,5,True,,True,False,,Smart,RC,False,True,False,,,True,,False,False,False,False,False,False,False,False,False,False,0,Follow Yaw,-77.9,0,145.8,145.8,False,False,False,False,False,,0,0,False,False,No Card,100,100,1024,1410,819,1024,2,False,False,False,False,False,0,False,False,False,False,70,,46.44,,7030,,10044,,46.44,,True,3.87,3.87,3.87,3.87,3.87,3.87,3.87,3.87,3.87,3.87,3.87,3.87,0,,False,False,True,,,,,,,,,,,,,,,False,False,19.206,,103.2,,75.7,,103.2,,1328,118,1,22,7,143908.0,19187.73,,Idle,,20,,10,,,20,Go Home,False,False,False,False,False,False,False,False,False,False,False,False,33.8027920380556,-117.4659261431046,3926.1,3926.1,1049.4,396.9,True,1,1,False,False,False,False,,True,False,False,Course Lock,196.8,67,16.4,93,N,SW,2.9,11.4,Calm,False,False,Android,7.0.2,M300 RTK,1ZN7L4R0H1D00F,1W9DL31001461C,1ZMLH8300204F0,1Z6PH74DAP0QN7,"Corona, CA",728.3,5.7,137.7,8.547347,2.013246,0,0,DJI Matrice 300 RTK,M300 RTK,1ZN7L4R0H1D00F,1W9DL31001461C,1ZMLH8300204F0,1Z6PH74DAP0QN7,DJI Pilot,Android,7.0.2,1EF72A62-B7C3-C88D-164E-CE6F8C8424AE,1ZN7L4R0H1D00F,1W9DL31001461C,,1ZMLH8300204F0,1W9DL31001461C,,,,,
2023-11-01,11:33:49.74 AM,9m 27.4s,567.4,33.7955939726039,-117.4755551507841,15.7,137.7,15.7,1280,4900.9,7.002729,7.569323,-6.263432,2.23694,3.131716,3.131716,0.223694,0.894776,-3,0,3,154.1,154.1,152.5,Tripod,Other,,21,5,True,,True,False,,Smart,RC,False,True,False,,,True,,False,False,False,False,False,False,False,False,False,False,0,Follow Yaw,-77.9,0,145.8,145.8,False,False,False,False,False,,0,0,False,False,No Card,100,100,1024,1411,809,1024,2,False,False,False,False,False,0,False,False,False,False,70,,46.44,,7030,,10044,,46.44,,True,3.87,3.87,3.87,3.87,3.87,3.87,3.87,3.87,3.87,3.87,3.87,3.87,0,,False,False,True,,,,,,,,,,,,,,,False,False,19.206,,103.2,,75.7,,103.2,,1328,118,1,22,7,143908.0,19187.73,,Idle,,20,,10,,,20,Go Home,False,False,False,False,False,False,False,False,False,False,False,False,33.8027920380556,-117.4659261431046,3926.4,3926.4,1049.4,396.9,True,1,1,False,False,False,False,,True,False,False,Course Lock,196.8,67,16.4,93,N,SW,2.9,11.4,Calm,False,False,Android,7.0.2,M300 RTK,1ZN7L4R0H1D00F,1W9DL31001461C,1ZMLH8300204F0,1Z6PH74DAP0QN7,"Corona, CA",728.3,5.7,137.7,8.547347,2.013246,0,0,DJI Matrice 300 RTK,M300 RTK,1ZN7L4R0H1D00F,1W9DL31001461C,1ZMLH8300204F0,1Z6PH74DAP0QN7,DJI Pilot,Android,7.0.2,1EF72A62-B7C3-C88D-164E-CE6F8C8424AE,1ZN7L4R0H1D00F,1W9DL31001461C,,1ZMLH8300204F0,1W9DL31001461C,,,,,
2023-11-01,11:33:49.84 AM,9m 27.5s,567.5,33.7955912575086,-117.4755534833591,15.4,137.7,15.7,1279,4902.0,7.002729,7.569323,-6.263432,2.23694,3.131716,3.131716,0.223694,0.894776,-3.1,0,3.1,154,154,152.9,Tripod,Other,,21,5,True,,True,False,,Smart,RC,False,True,False,,,True,,False,False,False,False,False,False,False,False,False,False,0,Follow Yaw,-77.9,0,145.8,145.8,False,False,False,False,False,,0,0,False,False,No Card,100,100,1024,1411,809,1024,2,False,False,False,False,False,0,False,False,False,False,70,,46.44,,7030,,10044,,46.44,,True,3.87,3.87,3.87,3.87,3.87,3.87,3.87,3.87,3.87,3.87,3.87,3.87,0,,False,False,True,,,,,,,,,,,,,,,False,False,19.206,,103.2,,75.7,,103.2,,1328,118,1,22,7,143908.0,19187.73,,Idle,,20,,10,,,20,Go Home,False,False,False,False,False,False,False,False,False,False,False,False,33.8027920380556,-117.4659261431046,3926.6,3926.6,1049.4,396.9,True,1,1,False,False,False,False,,True,False,False,Course Lock,196.8,67,16.4,93,N,SW,2.9,11.4,Calm,False,False,Android,7.0.2,M300 RTK,1ZN7L4R0H1D00F,1W9DL31001461C,1ZMLH8300204F0,1Z6PH74DAP0QN7,"Corona, CA",728.3,5.7,137.7,8.547347,2.013246,0,0,DJI Matrice 300 RTK,M300 RTK,1ZN7L4R0H1D00F,1W9DL31001461C,1ZMLH8300204F0,1Z6PH74DAP0QN7,DJI Pilot,Android,7.0.2,1EF72A62-B7C3-C88D-164E-CE6F8C8424AE,1ZN7L4R0H1D00F,1W9DL31001461C,,1ZMLH8300204F0,1W9DL31001461C,,,,,
2023-11-01,11:33:49.95 AM,9m 27.6s,567.6,33.7955886699519,-117.4755518817009,15.4,137.7,15.7,1279,4903.1,7.002729,7.569323,-6.263432,2.23694,3.131716,3.131716,0.223694,0.894776,-3.3,0,3.3,154,154,152.7,Tripod,Other,,21,5,True,,True,False,,Smart,RC,False,True,False,,,True,,False,False,False,False,False,False,False,False,False,False,0,Follow Yaw,-77.9,0,145.8,145.8,False,False,False,False,False,,0,0,False,False,No Card,100,100,1024,1411,809,1024,2,False,False,False,False,False,0,False,False,False,False,70,,46.44,,7030,,10044,,46.44,,True,3.87,3.87,3.87,3.87,3.87,3.87,3.87,3.87,3.87,3.87,3.87,3.87,0,,False,False,True,,,,,,,,,,,,,,,False,False,19.206,,103.2,,75.7,,103.2,,1328,118,1,22,7,143908.0,19187.73,,Idle,,20,,10,,,20,Go Home,False,False,False,False,False,False,False,False,False,False,False,False,33.8027920380556,-117.4659261431046,3926.9,3926.9,1049.4,396.9,True,1,1,False,False,False,False,,True,False,False,Course Lock,196.8,67,16.4,93,N,SW,2.9,11.4,Calm,False,False,Android,7.0.2,M300 RTK,1ZN7L4R0H1D00F,1W9DL31001461C,1ZMLH8300204F0,1Z6PH74DAP0QN7,"Corona, CA",728.3,5.7,137.7,8.547347,2.013246,0,0,DJI Matrice 300 RTK,M300 RTK,1ZN7L4R0H1D00F,1W9DL31001461C,1ZMLH8300204F0,1Z6PH74DAP0QN7,DJI Pilot,Android,7.0.2,1EF72A62-B7C3-C88D-164E-CE6F8C8424AE,1ZN7L4R0H1D00F,1W9DL31001461C,,1ZMLH8300204F0,1W9DL31001461C,,,,,
2023-11-01,11:33:50.05 AM,9m 27.7s,567.7,33.7955859912472,-117.4755502687861,15.4,137.7,15.7,1279,4904.2,7.002729,7.569323,-6.263432,2.23694,3.131716,3.131716,0.223694,0.894776,-3.5,-0.2,3.5,154,154,153.4,Tripod,Other,,21,5,True,,True,False,,Smart,RC,False,True,False,,,True,,False,False,False,False,False,False,False,False,False,False,0,Follow Yaw,-77.9,0,145.8,145.8,False,False,False,False,False,,0,0,False,False,No Card,100,100,1024,1412,809,1024,2,False,False,False,False,False,0,False,False,False,False,70,,46.44,,7030,,10044,,46.44,,True,3.87,3.87,3.87,3.87,3.87,3.87,3.87,3.87,3.87,3.87,3.87,3.87,0,,False,False,True,,,,,,,,,,,,,,,False,False,19.206,,103.2,,75.7,,103.2,,1328,118,1,22,7,143908.0,19187.73,,Idle,,20,,10,,,20,Go Home,False,False,False,False,False,False,False,False,False,False,False,False,33.8027920380556,-117.4659261431046,3927.2,3927.2,1049.4,396.9,True,1,1,False,False,False,False,,True,False,False,Course Lock,196.8,67,16.4,93,N,SW,2.9,11.4,Calm,False,False,Android,7.0.2,M300 RTK,1ZN7L4R0H1D00F,1W9DL31001461C,1ZMLH8300204F0,1Z6PH74DAP0QN7,"Corona, CA",728.3,5.7,137.7,8.547347,2.013246,0,0,DJI Matrice 300 RTK,M300 RTK,1ZN7L4R0H1D00F,1W9DL31001461C,1ZMLH8300204F0,1Z6PH74DAP0QN7,DJI Pilot,Android,7.0.2,1EF72A62-B7C3-C88D-164E-CE6F8C8424AE,1ZN7L4R0H1D00F,1W9DL31001461C,,1ZMLH8300204F0,1W9DL31001461C,,,,,
2023-11-01,11:33:50.16 AM,9m 27.8s,567.8,33.7955833757978,-117.4755486642004,15.4,137.7,15.7,1279,4905.3,7.002729,7.569323,-6.263432,2.23694,3.131716,3.131716,0.223694,0.894776,-3.5,-0.3,3.5,154,154,152.9,Tripod,Other,,21,5,True,,True,False,,Smart,RC,False,True,False,,,True,,False,False,False,False,False,False,False,False,False,False,0,Follow Yaw,-77.9,0,145.8,145.8,False,False,False,False,False,,0,0,False,False,No Card,100,100,1024,1412,809,1024,2,False,False,False,False,False,0,False,False,False,False,70,,46.44,,7030,,10044,,46.44,,True,3.87,3.87,3.87,3.87,3.87,3.87,3.87,3.87,3.87,3.87,3.87,3.87,0,,False,False,True,,,,,,,,,,,,,,,False,False,19.206,,103.2,,75.7,,103.2,,1328,118,1,22,7,143908.0,19187.73,,Idle,,20,,10,,,20,Go Home,False,False,False,False,False,False,False,False,False,False,False,False,33.8027920380556,-117.4659261431046,3927.5,3927.5,1049.4,396.9,True,1,1,False,False,False,False,,True,False,False,Course Lock,196.8,67,16.4,93,N,SW,2.9,11.4,Calm,False,False,Android,7.0.2,M300 RTK,1ZN7L4R0H1D00F,1W9DL31001461C,1ZMLH8300204F0,1Z6PH74DAP0QN7,"Corona, CA",728.3,5.7,137.7,8.547347,2.013246,0,0,DJI Matrice 300 RTK,M300 RTK,1ZN7L4R0H1D00F,1W9DL31001461C,1ZMLH8300204F0,1Z6PH74DAP0QN7,DJI Pilot,Android,7.0.2,1EF72A62-B7C3-C88D-164E-CE6F8C8424AE,1ZN7L4R0H1D00F,1W9DL31001461C,,1ZMLH8300204F0,1W9DL31001461C,,,,,
2023-11-01,11:33:50.26 AM,9m 27.9s,567.9,33.7955808728784,-117.4755472274745,15.4,137.7,15.7,1279,4906.3,7.002729,7.569323,-6.263432,2.23694,3.131716,3.131716,0.223694,0.894776,-3.4,-0.4,3.4,154,154,154.4,Tripod,Other,,21,5,True,,True,False,,Smart,RC,False,True,False,,,True,,False,False,False,False,False,False,False,False,False,False,0,Follow Yaw,-77.9,0,145.8,145.8,False,False,False,False,False,,0,0,False,False,No Card,100,100,1024,1412,807,1024,2,False,False,False,False,False,0,False,False,False,False,70,,46.404,,3490,,4986,,46.404,,True,3.87,3.87,3.87,3.87,3.87,3.87,3.87,3.87,3.87,3.87,3.87,3.87,0,,False,False,True,,,,,,,,,,,,,,,False,False,9.616,,103.1,,75.7,,103.2,,1328,118,1,22,7,143908.0,19187.73,,Idle,,20,,10,,,20,Go Home,False,False,False,False,False,False,False,False,False,False,False,False,33.8027920380556,-117.4659261431046,3927.8,3927.8,1049.4,396.9,True,1,1,False,False,False,False,,True,False,False,Course Lock,196.8,67,16.4,93,N,SW,2.9,11.4,Calm,False,False,Android,7.0.2,M300 RTK,1ZN7L4R0H1D00F,1W9DL31001461C,1ZMLH8300204F0,1Z6PH74DAP0QN7,"Corona, CA",728.3,5.7,137.7,8.547347,2.013246,0,0,DJI Matrice 300 RTK,M300 RTK,1ZN7L4R0H1D00F,1W9DL31001461C,1ZMLH8300204F0,1Z6PH74DAP0QN7,DJI Pilot,Android,7.0.2,1EF72A62-B7C3-C88D-164E-CE6F8C8424AE,1ZN7L4R0H1D00F,1W9DL31001461C,,1ZMLH8300204F0,1W9DL31001461C,,,,,
2023-11-01,11:33:50.36 AM,9m 28.0s,568.0,33.7955782461212,-117.4755456274656,15.4,137.7,15.7,1279,4907.3,7.203502,7.569323,-6.487126,2.23694,3.131716,3.131716,0.223694,0.894776,-3.2,-0.4,3.2,154,154,153.1,Tripod,Other,,21,5,True,,True,False,,Smart,RC,False,True,False,,,True,,False,False,False,False,False,False,False,False,False,False,0,Follow Yaw,-77.9,0,145.8,145.8,False,False,False,False,False,,0,0,False,False,No Card,100,100,1024,1412,803,1024,2,False,False,False,False,False,0,False,False,False,False,70,,46.452,,7030,,10044,,46.452,,True,3.87,3.87,3.87,3.87,3.87,3.87,3.87,3.87,3.87,3.87,3.87,3.87,0,,False,False,True,,,,,,,,,,,,,,,False,False,19.084,,103.2,,75.7,,103.2,,1328,118,1,22,7,143908.0,19187.73,,Idle,,20,,10,,,20,Go Home,False,False,False,False,False,False,False,False,False,False,False,False,33.8027920380556,-117.4659261431046,3928.1,3928.1,1049.4,396.9,True,1,1,False,False,False,False,,True,False,False,Course Lock,196.8,67,16.4,93,N,SW,2.9,11.4,Calm,False,False,Android,7.0.2,M300 RTK,1ZN7L4R0H1D00F,1W9DL31001461C,1ZMLH8300204F0,1Z6PH74DAP0QN7,"Corona, CA",728.3,5.7,137.7,8.547347,2.013246,0,0,DJI Matrice 300 RTK,M300 RTK,1ZN7L4R0H1D00F,1W9DL31001461C,1ZMLH8300204F0,1Z6PH74DAP0QN7,DJI Pilot,Android,7.0.2,1EF72A62-B7C3-C88D-164E-CE6F8C8424AE,1ZN7L4R0H1D00F,1W9DL31001461C,,1ZMLH8300204F0,1W9DL31001461C,,,,,
2023-11-01,11:33:50.46 AM,9m 28.1s,568.1,33.795575577645,-117.4755439888626,15.0,137.7,15.7,1279,4908.4,7.203502,7.569323,-6.487126,2.23694,3.131716,3.131716,0.223694,0.894776,-3,-0.3,3,154,154,152.9,Tripod,Other,,21,5,True,,True,False,,Smart,RC,False,True,False,,,True,,False,False,False,False,False,False,False,False,False,False,0,Follow Yaw,-77.9,0,145.8,145.8,False,False,False,False,False,,0,0,False,False,No Card,100,100,1024,1411,805,1024,2,False,False,False,False,False,0,False,False,False,False,70,,46.452,,7030,,10044,,46.452,,True,3.87,3.87,3.87,3.87,3.87,3.87,3.87,3.87,3.87,3.87,3.87,3.87,0,,False,False,True,,,,,,,,,,,,,,,False,False,19.084,,103.2,,75.7,,103.2,,1328,118,1,22,7,143908.0,19187.73,,Idle,,20,,10,,,20,Go Home,False,False,False,False,False,False,False,False,False,False,False,False,33.8027920380556,-117.4659261431046,3928.3,3928.3,1049.4,396.9,True,1,1,False,False,False,False,,True,False,False,Course Lock,196.8,67,16.4,93,N,SW,2.9,11.4,Calm,False,False,Android,7.0.2,M300 RTK,1ZN7L4R0H1D00F,1W9DL31001461C,1ZMLH8300204F0,1Z6PH74DAP0QN7,"Corona, CA",728.3,5.7,137.7,8.547347,2.013246,0,0,DJI Matrice 300 RTK,M300 RTK,1ZN7L4R0H1D00F,1W9DL31001461C,1ZMLH8300204F0,1Z6PH74DAP0QN7,DJI Pilot,Android,7.0.2,1EF72A62-B7C3-C88D-164E-CE6F8C8424AE,1ZN7L4R0H1D00F,1W9DL31001461C,,1ZMLH8300204F0,1W9DL31001461C,,,,,
2023-11-01,11:33:50.56 AM,9m 28.2s,568.2,33.7955729310819,-117.4755423776796,15.0,137.7,15.7,1279,4909.5,7.203502,7.569323,-6.487126,2.23694,3.131716,3.131716,0.223694,0.894776,-2.8,-0.2,2.8,154,154,153.1,Tripod,Other,,21,5,True,,True,False,,Smart,RC,False,True,False,,,True,,False,False,False,False,False,False,False,False,False,False,0,Follow Yaw,-77.9,0,145.8,145.8,False,False,False,False,False,,0,0,False,False,No Card,100,100,1024,1410,808,1024,2,False,False,False,False,False,0,False,False,False,False,70,,46.452,,7030,,10044,,46.452,,True,3.87,3.87,3.87,3.87,3.87,3.87,3.87,3.87,3.87,3.87,3.87,3.87,0,,False,False,True,,,,,,,,,,,,,,,False,False,19.084,,103.2,,75.7,,103.2,,1328,118,1,22,7,143908.0,19187.73,,Idle,,20,,10,,,20,Go Home,False,False,False,False,False,False,False,False,False,False,False,False,33.8027920380556,-117.4659261431046,3928.6,3928.6,1049.4,396.9,True,1,1,False,False,False,False,,True,False,False,Course Lock,196.8,67,16.4,93,N,SW,2.9,11.4,Calm,False,False,Android,7.0.2,M300 RTK,1ZN7L4R0H1D00F,1W9DL31001461C,1ZMLH8300204F0,1Z6PH74DAP0QN7,"Corona, CA",728.3,5.7,137.7,8.547347,2.013246,0,0,DJI Matrice 300 RTK,M300 RTK,1ZN7L4R0H1D00F,1W9DL31001461C,1ZMLH8300204F0,1Z6PH74DAP0QN7,DJI Pilot,Android,7.0.2,1EF72A62-B7C3-C88D-164E-CE6F8C8424AE,1ZN7L4R0H1D00F,1W9DL31001461C,,1ZMLH8300204F0,1W9DL31001461C,,,,,
2023-11-01,11:33:50.66 AM,9m 28.3s,568.3,33.7955703721374,-117.475540714749,15.0,137.7,15.7,1279,4910.6,7.203502,7.569323,-6.487126,2.23694,3.131716,3.131716,0.223694,0.894776,-2.7,-0.1,2.7,154,154,151.6,Tripod,Other,,21,5,True,,True,False,,Smart,RC,False,True,False,,,True,,False,False,False,False,False,False,False,False,False,False,0,Follow Yaw,-77.9,0,145.8,145.8,False,False,False,False,False,,0,0,False,False,No Card,100,100,1024,1410,807,1024,2,False,False,False,False,False,0,False,False,False,False,70,,46.452,,7030,,10044,,46.452,,True,3.87,3.87,3.87,3.87,3.87,3.87,3.87,3.87,3.87,3.87,3.87,3.87,0,,False,False,True,,,,,,,,,,,,,,,False,False,19.084,,103.2,,75.7,,103.2,,1327,118,1,22,7,143696.3,19159.51,,Idle,,20,,10,,,20,Go Home,False,False,False,False,False,False,False,False,False,False,False,False,33.8027920380556,-117.4659261431046,3928.9,3928.9,1049.4,396.9,True,1,1,False,False,False,False,,True,False,False,Course Lock,196.8,67,16.4,93,N,SW,2.9,11.4,Calm,False,False,Android,7.0.2,M300 RTK,1ZN7L4R0H1D00F,1W9DL31001461C,1ZMLH8300204F0,1Z6PH74DAP0QN7,"Corona, CA",728.3,5.7,137.7,8.547347,2.013246,0,0,DJI Matrice 300 RTK,M300 RTK,1ZN7L4R0H1D00F,1W9DL31001461C,1ZMLH8300204F0,1Z6PH74DAP0QN7,DJI Pilot,Android,7.0.2,1EF72A62-B7C3-C88D-164E-CE6F8C8424AE,1ZN7L4R0H1D00F,1W9DL31001461C,,1ZMLH8300204F0,1W9DL31001461C,,,,,
2023-11-01,11:33:50.77 AM,9m 28.4s,568.4,33.795567722816,-117.4755391008858,15.0,137.7,15.7,1279,4911.7,7.203502,7.569323,-6.487126,2.23694,3.131716,3.131716,0.223694,0.894776,-2.7,-0.1,2.7,154,154,153.1,Tripod,Other,,21,5,True,,True,False,,Smart,RC,False,True,False,,,True,,False,False,False,False,False,False,False,False,False,False,0,Follow Yaw,-77.9,0,145.8,145.8,False,False,False,False,False,,0,0,False,False,No Card,100,100,1024,1408,806,1024,2,False,False,False,False,False,0,False,False,False,False,70,,46.452,,7030,,10044,,46.452,,True,3.87,3.87,3.87,3.87,3.87,3.87,3.87,3.87,3.87,3.87,3.87,3.87,0,,False,False,True,,,,,,,,,,,,,,,False,False,19.084,,103.2,,75.7,,103.2,,1327,118,1,22,7,143696.3,19159.51,,Idle,,20,,10,,,20,Go Home,False,False,False,False,False,False,False,False,False,False,False,False,33.8027920380556,-117.4659261431046,3929.2,3929.2,1049.4,396.9,True,1,1,False,False,False,False,,True,False,False,Course Lock,196.8,67,16.4,93,N,SW,2.9,11.4,Calm,False,False,Android,7.0.2,M300 RTK,1ZN7L4R0H1D00F,1W9DL31001461C,1ZMLH8300204F0,1Z6PH74DAP0QN7,"Corona, CA",728.3,5.7,137.7,8.547347,2.013246,0,0,DJI Matrice 300 RTK,M300 RTK,1ZN7L4R0H1D00F,1W9DL31001461C,1ZMLH8300204F0,1Z6PH74DAP0QN7,DJI Pilot,Android,7.0.2,1EF72A62-B7C3-C88D-164E-CE6F8C8424AE,1ZN7L4R0H1D00F,1W9DL31001461C,,1ZMLH8300204F0,1W9DL31001461C,,,,,
2023-11-01,11:33:50.87 AM,9m 28.5s,568.5,33.7955649365156,-117.4755373869911,15.0,137.7,15.7,1279,4912.8,7.203502,7.569323,-6.487126,2.23694,3.131716,3.131716,0.223694,0.894776,-2.6,-0.2,2.6,154,154,152.9,Tripod,Other,,21,5,True,,True,False,,Smart,RC,False,True,False,,,True,,False,False,False,False,False,False,False,False,False,False,0,Follow Yaw,-77.9,0,145.8,145.8,False,False,False,False,False,,0,0,False,False,No Card,100,100,1024,1409,804,1024,2,False,False,False,False,False,0,False,False,False,False,70,,46.452,,7030,,10044,,46.452,,True,3.87,3.87,3.87,3.87,3.87,3.87,3.87,3.87,3.87,3.87,3.87,3.87,0,,False,False,True,,,,,,,,,,,,,,,False,False,19.084,,103.2,,75.7,,103.2,,1327,118,1,22,7,143696.3,19159.51,,Idle,,20,,10,,,20,Go Home,False,False,False,False,False,False,False,False,False,False,False,False,33.8027920380556,-117.4659261431046,3929.5,3929.5,1049.4,396.9,True,1,1,False,False,False,False,,True,False,False,Course Lock,196.8,67,16.4,93,N,SW,2.9,11.4,Calm,False,False,Android,7.0.2,M300 RTK,1ZN7L4R0H1D00F,1W9DL31001461C,1ZMLH8300204F0,1Z6PH74DAP0QN7,"Corona, CA",728.3,5.7,137.7,8.547347,2.013246,0,0,DJI Matrice 300 RTK,M300 RTK,1ZN7L4R0H1D00F,1W9DL31001461C,1ZMLH8300204F0,1Z6PH74DAP0QN7,DJI Pilot,Android,7.0.2,1EF72A62-B7C3-C88D-164E-CE6F8C8424AE,1ZN7L4R0H1D00F,1W9DL31001461C,,1ZMLH8300204F0,1W9DL31001461C,,,,,
2023-11-01,11:33:50.97 AM,9m 28.6s,568.6,33.7955622653837,-117.4755357675202,14.7,137.7,15.7,1279,4913.9,7.203502,7.569323,-6.487126,2.23694,3.131716,3.131716,0.223694,0.894776,-2.6,-0.2,2.6,154,154,153.2,Tripod,Other,,21,5,True,,True,False,,Smart,RC,False,True,False,,,True,,False,False,False,False,False,False,False,False,False,False,0,Follow Yaw,-77.9,0,145.8,145.8,False,False,False,False,False,,0,0,False,False,No Card,100,100,1024,1410,802,1024,2,False,False,False,False,False,0,False,False,False,False,70,,46.452,,7030,,10044,,46.452,,True,3.87,3.87,3.87,3.87,3.87,3.87,3.87,3.87,3.87,3.87,3.87,3.87,0,,False,False,True,,,,,,,,,,,,,,,False,False,19.084,,103.2,,75.7,,103.2,,1327,118,1,22,7,143696.3,19159.51,,Idle,,20,,10,,,20,Go Home,False,False,False,False,False,False,False,False,False,False,False,False,33.8027920380556,-117.4659261431046,3929.7,3929.7,1049.4,396.9,True,1,1,False,False,False,False,,True,False,False,Course Lock,196.8,67,16.4,93,N,SW,2.9,11.4,Calm,False,False,Android,7.0.2,M300 RTK,1ZN7L4R0H1D00F,1W9DL31001461C,1ZMLH8300204F0,1Z6PH74DAP0QN7,"Corona, CA",728.3,5.7,137.7,8.547347,2.013246,0,0,DJI Matrice 300 RTK,M300 RTK,1ZN7L4R0H1D00F,1W9DL31001461C,1ZMLH8300204F0,1Z6PH74DAP0QN7,DJI Pilot,Android,7.0.2,1EF72A62-B7C3-C88D-164E-CE6F8C8424AE,1ZN7L4R0H1D00F,1W9DL31001461C,,1ZMLH8300204F0,1W9DL31001461C,,,,,
2023-11-01,11:33:51.07 AM,9m 28.7s,568.7,33.7955595878269,-117.475534223011,14.7,137.7,15.7,1279,4915.0,7.203502,7.569323,-6.487126,2.23694,3.131716,3.131716,0.223694,0.894776,-2.6,-0.3,2.6,154.1,154.1,154.3,Tripod,Other,,21,5,True,,True,False,,Smart,RC,False,True,False,,,True,,False,False,False,False,False,False,False,False,False,False,0,Follow Yaw,-77.9,0,145.8,145.8,False,False,False,False,False,,0,0,False,False,No Card,100,100,1024,1410,806,1024,2,False,False,False,False,False,0,False,False,False,False,70,,46.452,,7030,,10044,,46.452,,True,3.87,3.87,3.87,3.87,3.87,3.87,3.87,3.87,3.87,3.87,3.87,3.87,0,,False,False,True,,,,,,,,,,,,,,,False,False,19.084,,103.2,,75.7,,103.2,,1327,118,1,22,7,143696.3,19159.51,,Idle,,20,,10,,,20,Go Home,False,False,False,False,False,False,False,False,False,False,False,False,33.8027920380556,-117.4659261431046,3930.1,3930.1,1049.4,396.9,True,1,1,False,False,False,False,,True,False,False,Course Lock,196.8,67,16.4,93,N,SW,2.9,11.4,Calm,False,False,Android,7.0.2,M300 RTK,1ZN7L4R0H1D00F,1W9DL31001461C,1ZMLH8300204F0,1Z6PH74DAP0QN7,"Corona, CA",728.3,5.7,137.7,8.547347,2.013246,0,0,DJI Matrice 300 RTK,M300 RTK,1ZN7L4R0H1D00F,1W9DL31001461C,1ZMLH8300204F0,1Z6PH74DAP0QN7,DJI Pilot,Android,7.0.2,1EF72A62-B7C3-C88D-164E-CE6F8C8424AE,1ZN7L4R0H1D00F,1W9DL31001461C,,1ZMLH8300204F0,1W9DL31001461C,,,,,
2023-11-01,11:33:51.14 AM,9m 28.8s,568.8,33.795556909859,-117.4755326131475,14.7,137.7,15.7,1279,4916.1,7.203502,7.569323,-6.487126,2.23694,3.131716,3.131716,0.223694,0.894776,-2.6,-0.4,2.6,154.1,154.1,153.4,Tripod,Other,,21,5,True,,True,False,,Smart,RC,False,True,False,,,True,,False,False,False,False,False,False,False,False,False,False,0,Follow Yaw,-77.9,0,145.8,145.8,False,False,False,False,False,,0,0,False,False,No Card,100,100,1024,1410,805,1024,2,False,False,False,False,False,0,False,False,False,False,70,,46.452,,7030,,10044,,46.452,,True,3.87,3.87,3.87,3.87,3.87,3.87,3.87,3.87,3.87,3.87,3.87,3.87,0,,False,False,True,,,,,,,,,,,,,,,False,False,19.084,,103.2,,75.7,,103.2,,1327,118,1,22,7,143696.3,19159.51,,Idle,,20,,10,,,20,Go Home,False,False,False,False,False,False,False,False,False,False,False,False,33.8027920380556,-117.4659261431046,3930.4,3930.4,1049.4,396.9,True,1,1,False,False,False,False,,True,False,False,Course Lock,196.8,67,16.4,93,N,SW,2.9,11.4,Calm,False,False,Android,7.0.2,M300 RTK,1ZN7L4R0H1D00F,1W9DL31001461C,1ZMLH8300204F0,1Z6PH74DAP0QN7,"Corona, CA",728.3,5.7,137.7,8.547347,2.013246,0,0,DJI Matrice 300 RTK,M300 RTK,1ZN7L4R0H1D00F,1W9DL31001461C,1ZMLH8300204F0,1Z6PH74DAP0QN7,DJI Pilot,Android,7.0.2,1EF72A62-B7C3-C88D-164E-CE6F8C8424AE,1ZN7L4R0H1D00F,1W9DL31001461C,,1ZMLH8300204F0,1W9DL31001461C,,,,,
2023-11-01,11:33:51.24 AM,9m 28.9s,568.9,33.7955541058259,-117.4755308950883,14.7,137.7,15.7,1279,4917.2,7.203502,7.569323,-6.487126,2.23694,3.131716,3.131716,0.223694,0.894776,-2.8,-0.6,2.8,154,154,153.0,Tripod,Other,,21,5,True,,True,False,,Smart,RC,False,True,False,,,True,,False,False,False,False,False,False,False,False,False,False,0,Follow Yaw,-77.9,0,145.8,145.8,False,False,False,False,False,,0,0,False,False,No Card,100,100,1024,1409,805,1024,2,False,False,False,False,False,0,False,False,False,False,70,,46.452,,7030,,10044,,46.452,,True,3.87,3.87,3.87,3.87,3.87,3.87,3.87,3.87,3.87,3.87,3.87,3.87,0,,False,False,True,,,,,,,,,,,,,,,False,False,19.084,,103.2,,75.7,,103.2,,1327,118,1,22,7,143696.3,19159.51,,Idle,,20,,10,,,20,Go Home,False,False,False,False,False,False,False,False,False,False,False,False,33.8027920380556,-117.4659261431046,3930.7,3930.7,1049.4,396.9,True,1,1,False,False,False,False,,True,False,False,Course Lock,196.8,67,16.4,93,N,SW,2.9,11.4,Calm,False,False,Android,7.0.2,M300 RTK,1ZN7L4R0H1D00F,1W9DL31001461C,1ZMLH8300204F0,1Z6PH74DAP0QN7,"Corona, CA",728.3,5.7,137.7,8.547347,2.013246,0,0,DJI Matrice 300 RTK,M300 RTK,1ZN7L4R0H1D00F,1W9DL31001461C,1ZMLH8300204F0,1Z6PH74DAP0QN7,DJI Pilot,Android,7.0.2,1EF72A62-B7C3-C88D-164E-CE6F8C8424AE,1ZN7L4R0H1D00F,1W9DL31001461C,,1ZMLH8300204F0,1W9DL31001461C,,,,,
2023-11-01,11:33:51.34 AM,9m 29.0s,569.0,33.7955514066643,-117.4755292691438,14.7,137.7,15.7,1279,4918.3,7.203502,7.569323,-6.487126,2.23694,3.131716,3.131716,0.223694,0.894776,-2.8,-0.7,2.8,154,154,153.4,Tripod,Other,,21,5,True,,True,False,,Smart,RC,False,True,False,,,True,,False,False,False,False,False,False,False,False,False,False,0,Follow Yaw,-77.9,0,145.8,145.8,False,False,False,False,False,,0,0,False,False,No Card,100,100,1024,1409,805,1024,2,False,False,False,False,False,0,False,False,False,False,69,,46.452,,6980,,10044,,46.452,,True,3.87,3.87,3.87,3.87,3.87,3.87,3.87,3.87,3.87,3.87,3.87,3.87,0,,False,False,True,,,,,,,,,,,,,,,False,False,19.422,,103.2,,75.7,,103.2,,1327,118,1,22,7,143696.3,19159.51,,Idle,,20,,10,,,20,Go Home,False,False,False,False,False,False,False,False,False,False,False,False,33.8027920380556,-117.4659261431046,3931.0,3931.0,1049.4,396.9,True,1,1,False,False,False,False,,True,False,False,Course Lock,196.8,67,16.4,93,N,SW,2.9,11.4,Calm,False,False,Android,7.0.2,M300 RTK,1ZN7L4R0H1D00F,1W9DL31001461C,1ZMLH8300204F0,1Z6PH74DAP0QN7,"Corona, CA",728.3,5.7,137.7,8.547347,2.013246,0,0,DJI Matrice 300 RTK,M300 RTK,1ZN7L4R0H1D00F,1W9DL31001461C,1ZMLH8300204F0,1Z6PH74DAP0QN7,DJI Pilot,Android,7.0.2,1EF72A62-B7C3-C88D-164E-CE6F8C8424AE,1ZN7L4R0H1D00F,1W9DL31001461C,,1ZMLH8300204F0,1W9DL31001461C,,,,,
2023-11-01,11:33:51.44 AM,9m 29.1s,569.1,33.7955487944188,-117.4755277026574,14.4,137.7,15.7,1278,4919.4,7.203502,7.569323,-6.487126,2.23694,3.131716,3.131716,0.223694,0.894776,-2.6,-0.5,2.6,154,154,153.5,Tripod,Other,,21,5,True,,True,False,,Smart,RC,False,True,False,,,True,,False,False,False,False,False,False,False,False,False,False,0,Follow Yaw,-77.9,0,145.8,145.8,False,False,False,False,False,,0,0,False,False,No Card,100,100,1024,1409,817,1024,2,False,False,False,False,False,0,False,False,False,False,69,,46.452,,6980,,10044,,46.452,,True,3.87,3.87,3.87,3.87,3.87,3.87,3.87,3.87,3.87,3.87,3.87,3.87,0,,False,False,True,,,,,,,,,,,,,,,False,False,19.422,,103.2,,75.7,,103.2,,1327,118,1,22,7,143696.3,19159.51,,Idle,,20,,10,,,20,Go Home,False,False,False,False,False,False,False,False,False,False,False,False,33.8027920380556,-117.4659261431046,3931.2,3931.2,1049.4,396.9,True,1,1,False,False,False,False,,True,False,False,Course Lock,196.8,67,16.4,93,N,SW,2.68,11.4,Calm,False,False,Android,7.0.2,M300 RTK,1ZN7L4R0H1D00F,1W9DL31001461C,1ZMLH8300204F0,1Z6PH74DAP0QN7,"Corona, CA",728.3,5.7,137.7,8.547347,2.013246,0,0,DJI Matrice 300 RTK,M300 RTK,1ZN7L4R0H1D00F,1W9DL31001461C,1ZMLH8300204F0,1Z6PH74DAP0QN7,DJI Pilot,Android,7.0.2,1EF72A62-B7C3-C88D-164E-CE6F8C8424AE,1ZN7L4R0H1D00F,1W9DL31001461C,,1ZMLH8300204F0,1W9DL31001461C,,,,,
2023-11-01,11:33:51.54 AM,9m 29.2s,569.2,33.79554609279,-117.475526069126,14.4,137.7,15.7,1278,4920.5,7.203502,7.569323,-6.487126,2.23694,3.131716,3.131716,0.223694,0.894776,-2.4,-0.4,2.4,154,154,153.3,Tripod,Other,,21,5,True,,True,False,,Smart,RC,False,True,False,,,True,,False,False,False,False,False,False,False,False,False,False,0,Follow Yaw,-77.9,0,145.8,145.8,False,False,False,False,False,,0,0,False,False,No Card,100,100,1024,1410,858,1024,2,False,False,False,False,False,0,False,False,False,False,69,,46.452,,6980,,10044,,46.452,,True,3.87,3.87,3.87,3.87,3.87,3.87,3.87,3.87,3.87,3.87,3.87,3.87,0,,False,False,True,,,,,,,,,,,,,,,False,False,19.422,,103.2,,75.7,,103.2,,1327,118,1,22,7,143696.3,19159.51,,Idle,,20,,10,,,20,Go Home,False,False,False,False,False,False,False,False,False,False,False,False,33.8027920380556,-117.4659261431046,3931.5,3931.5,1049.4,396.9,True,1,1,False,False,False,False,,True,False,False,Course Lock,196.8,67,16.4,93,N,SW,2.68,11.4,Calm,False,False,Android,7.0.2,M300 RTK,1ZN7L4R0H1D00F,1W9DL31001461C,1ZMLH8300204F0,1Z6PH74DAP0QN7,"Corona, CA",728.3,5.7,137.7,8.547347,2.013246,0,0,DJI Matrice 300 RTK,M300 RTK,1ZN7L4R0H1D00F,1W9DL31001461C,1ZMLH8300204F0,1Z6PH74DAP0QN7,DJI Pilot,Android,7.0.2,1EF72A62-B7C3-C88D-164E-CE6F8C8424AE,1ZN7L4R0H1D00F,1W9DL31001461C,,1ZMLH8300204F0,1W9DL31001461C,,,,,
2023-11-01,11:33:51.64 AM,9m 29.3s,569.3,33.7955433376547,-117.4755244825592,14.4,137.7,15.7,1278,4921.6,7.203502,7.569323,-6.487126,2.23694,3.131716,3.131716,0.223694,0.894776,-2.3,-0.3,2.3,153.9,153.9,154.4,Tripod,Other,,21,5,True,,True,False,,Smart,RC,False,True,False,,,True,,False,False,False,False,False,False,False,False,False,False,0,Follow Yaw,-77.9,0,145.8,145.8,False,False,False,False,False,,0,0,False,False,No Card,100,100,1024,1409,937,1024,2,False,False,False,False,False,0,False,False,False,False,69,,46.452,,6980,,10044,,46.452,,True,3.871,3.871,3.871,3.871,3.871,3.871,3.871,3.871,3.871,3.871,3.871,3.871,0,,False,False,True,,,,,,,,,,,,,,,False,False,19.422,,103.2,,75.7,,103.2,,1326,118,1,22,7,143584.3,19144.58,,Idle,,20,,10,,,20,Go Home,False,False,False,False,False,False,False,False,False,False,False,False,33.8027920380556,-117.4659261431046,3931.9,3931.9,1049.4,396.9,True,1,1,False,False,False,False,,True,False,False,Course Lock,196.8,67,16.4,93,N,SW,2.68,11.4,Calm,False,False,Android,7.0.2,M300 RTK,1ZN7L4R0H1D00F,1W9DL31001461C,1ZMLH8300204F0,1Z6PH74DAP0QN7,"Corona, CA",728.3,5.7,137.7,8.547347,2.013246,0,0,DJI Matrice 300 RTK,M300 RTK,1ZN7L4R0H1D00F,1W9DL31001461C,1ZMLH8300204F0,1Z6PH74DAP0QN7,DJI Pilot,Android,7.0.2,1EF72A62-B7C3-C88D-164E-CE6F8C8424AE,1ZN7L4R0H1D00F,1W9DL31001461C,,1ZMLH8300204F0,1W9DL31001461C,,,,,
2023-11-01,11:33:51.74 AM,9m 29.4s,569.4,33.7955406273909,-117.4755228551302,14.4,137.7,15.7,1278,4922.7,7.203502,7.569323,-6.487126,2.23694,3.131716,3.131716,0.223694,0.894776,-2.3,-0.4,2.3,153.9,153.9,153.4,Tripod,Other,,21,5,True,,True,False,,Smart,RC,False,True,False,,,True,,False,False,False,False,False,False,False,False,False,False,0,Follow Yaw,-77.9,0,145.8,145.8,False,False,False,False,False,,0,0,False,False,No Card,100,100,1024,1411,948,1024,2,False,False,False,False,False,0,False,False,False,False,69,,46.452,,6980,,10044,,46.452,,True,3.871,3.871,3.871,3.871,3.871,3.871,3.871,3.871,3.871,3.871,3.871,3.871,0,,False,False,True,,,,,,,,,,,,,,,False,False,19.422,,103.2,,75.7,,103.2,,1326,118,1,22,7,143584.3,19144.58,,Idle,,20,,10,,,20,Go Home,False,False,False,False,False,False,False,False,False,False,False,False,33.8027920380556,-117.4659261431046,3932.2,3932.2,1049.4,396.9,True,1,1,False,False,False,False,,True,False,False,Course Lock,196.8,67,16.4,93,N,SW,2.68,11.4,Calm,False,False,Android,7.0.2,M300 RTK,1ZN7L4R0H1D00F,1W9DL31001461C,1ZMLH8300204F0,1Z6PH74DAP0QN7,"Corona, CA",728.3,5.7,137.7,8.547347,2.013246,0,0,DJI Matrice 300 RTK,M300 RTK,1ZN7L4R0H1D00F,1W9DL31001461C,1ZMLH8300204F0,1Z6PH74DAP0QN7,DJI Pilot,Android,7.0.2,1EF72A62-B7C3-C88D-164E-CE6F8C8424AE,1ZN7L4R0H1D00F,1W9DL31001461C,,1ZMLH8300204F0,1W9DL31001461C,,,,,
2023-11-01,11:33:51.84 AM,9m 29.5s,569.5,33.7955379147627,-117.4755211243712,14.4,137.7,15.7,1278,4923.8,7.203502,7.569323,-6.487126,2.23694,3.131716,3.131716,0.223694,0.894776,-2.3,-0.5,2.3,153.9,153.9,152.0,Tripod,Other,,21,5,True,,True,False,,Smart,RC,False,True,False,,,True,,False,False,False,False,False,False,False,False,False,False,0,Follow Yaw,-77.9,0,145.8,145.8,False,False,False,False,False,,0,0,False,False,No Card,100,100,1024,1412,1008,1024,2,False,False,False,False,False,0,False,False,False,False,69,,46.452,,6980,,10044,,46.452,,True,3.871,3.871,3.871,3.871,3.871,3.871,3.871,3.871,3.871,3.871,3.871,3.871,0,,False,False,True,,,,,,,,,,,,,,,False,False,19.422,,103.2,,75.7,,103.2,,1326,118,1,22,7,143584.3,19144.58,,Idle,,20,,10,,,20,Go Home,False,False,False,False,False,False,False,False,False,False,False,False,33.8027920380556,-117.4659261431046,3932.4,3932.4,1049.4,396.9,True,1,1,False,False,False,False,,True,False,False,Course Lock,196.8,67,16.4,93,N,SW,2.68,11.4,Calm,False,False,Android,7.0.2,M300 RTK,1ZN7L4R0H1D00F,1W9DL31001461C,1ZMLH8300204F0,1Z6PH74DAP0QN7,"Corona, CA",728.3,5.7,137.7,8.547347,2.013246,0,0,DJI Matrice 300 RTK,M300 RTK,1ZN7L4R0H1D00F,1W9DL31001461C,1ZMLH8300204F0,1Z6PH74DAP0QN7,DJI Pilot,Android,7.0.2,1EF72A62-B7C3-C88D-164E-CE6F8C8424AE,1ZN7L4R0H1D00F,1W9DL31001461C,,1ZMLH8300204F0,1W9DL31001461C,,,,,
2023-11-01,11:33:51.94 AM,9m 29.6s,569.6,33.7955352036423,-117.4755194795008,14.4,137.7,15.7,1278,4924.9,7.203502,7.569323,-6.487126,2.23694,3.131716,3.131716,0.223694,0.894776,-2.3,-0.4,2.3,154,154,153.2,Tripod,Other,,21,5,True,,True,False,,Smart,RC,False,True,False,,,True,,False,False,False,False,False,False,False,False,False,False,0,Follow Yaw,-77.9,0,145.8,145.8,False,False,False,False,False,,0,0,False,False,No Card,100,100,1024,1414,1024,1024,2,False,False,False,False,False,0,False,False,False,False,69,,46.452,,6980,,10044,,46.452,,True,3.871,3.871,3.871,3.871,3.871,3.871,3.871,3.871,3.871,3.871,3.871,3.871,0,,False,False,True,,,,,,,,,,,,,,,False,False,19.422,,103.2,,75.7,,103.2,,1326,118,1,22,7,143584.3,19144.58,,Idle,,20,,10,,,20,Go Home,False,False,False,False,False,False,False,False,False,False,False,False,33.8027920380556,-117.4659261431046,3932.7,3932.7,1049.4,396.9,True,1,1,False,False,False,False,,True,False,False,Course Lock,196.8,67,16.4,93,N,SW,2.68,11.4,Calm,False,False,Android,7.0.2,M300 RTK,1ZN7L4R0H1D00F,1W9DL31001461C,1ZMLH8300204F0,1Z6PH74DAP0QN7,"Corona, CA",728.3,5.7,137.7,8.547347,2.013246,0,0,DJI Matrice 300 RTK,M300 RTK,1ZN7L4R0H1D00F,1W9DL31001461C,1ZMLH8300204F0,1Z6PH74DAP0QN7,DJI Pilot,Android,7.0.2,1EF72A62-B7C3-C88D-164E-CE6F8C8424AE,1ZN7L4R0H1D00F,1W9DL31001461C,,1ZMLH8300204F0,1W9DL31001461C,,,,,
2023-11-01,11:33:52.04 AM,9m 29.7s,569.7,33.7955325133385,-117.4755179467018,14.1,137.7,15.7,1278,4926.0,7.203502,7.569323,-6.487126,2.23694,3.131716,3.131716,0,0.894776,-2.3,-0.2,2.3,154,154,154.6,Tripod,Other,,21,5,True,,True,False,,Smart,RC,False,True,False,,,True,,False,False,False,False,False,False,False,False,False,False,0,Follow Yaw,-77.9,0,145.8,145.8,False,False,False,False,False,,0,0,False,False,No Card,100,100,1024,1414,1024,1024,2,False,False,False,False,False,0,False,False,False,False,69,,46.452,,6980,,10044,,46.452,,True,3.871,3.871,3.871,3.871,3.871,3.871,3.871,3.871,3.871,3.871,3.871,3.871,0,,False,False,True,,,,,,,,,,,,,,,False,False,19.422,,103.2,,75.7,,103.2,,1326,118,1,22,7,143584.3,19144.58,,Idle,,20,,10,,,20,Go Home,False,False,False,False,False,False,False,False,False,False,False,False,33.8027920380556,-117.4659261431046,3933.0,3933.0,1049.4,396.9,True,1,1,False,False,False,False,,True,False,False,Course Lock,196.8,67,16.4,93,N,SW,2.68,11.4,Calm,False,False,Android,7.0.2,M300 RTK,1ZN7L4R0H1D00F,1W9DL31001461C,1ZMLH8300204F0,1Z6PH74DAP0QN7,"Corona, CA",728.3,5.7,137.7,8.547347,2.013246,0,0,DJI Matrice 300 RTK,M300 RTK,1ZN7L4R0H1D00F,1W9DL31001461C,1ZMLH8300204F0,1Z6PH74DAP0QN7,DJI Pilot,Android,7.0.2,1EF72A62-B7C3-C88D-164E-CE6F8C8424AE,1ZN7L4R0H1D00F,1W9DL31001461C,,1ZMLH8300204F0,1W9DL31001461C,,,,,
2023-11-01,11:33:52.14 AM,9m 29.8s,569.8,33.7955298036058,-117.4755163097481,14.1,137.7,15.7,1278,4927.1,7.203502,7.569323,-6.487126,2.23694,3.131716,3.131716,0,0.894776,-2.3,-0.2,2.3,154,154,153.3,Tripod,Other,,21,5,True,,True,False,,Smart,RC,False,True,False,,,True,,False,False,False,False,False,False,False,False,False,False,0,Follow Yaw,-77.9,0,145.8,145.8,False,False,False,False,False,,0,0,False,False,No Card,100,100,1024,1413,1024,1024,2,False,False,False,False,False,0,False,False,False,False,70,,46.452,,3490,,4986,,46.452,,True,3.871,3.871,3.871,3.871,3.871,3.871,3.871,3.871,3.871,3.871,3.871,3.871,0,,False,False,True,,,,,,,,,,,,,,,False,False,9.782,,103.1,,75.7,,103.2,,1326,118,1,22,7,143584.3,19144.58,,Idle,,20,,10,,,20,Go Home,False,False,False,False,False,False,False,False,False,False,False,False,33.8027920380556,-117.4659261431046,3933.3,3933.3,1049.4,396.9,True,1,1,False,False,False,False,,True,False,False,Course Lock,196.8,67,16.4,93,N,SW,2.68,11.4,Calm,False,False,Android,7.0.2,M300 RTK,1ZN7L4R0H1D00F,1W9DL31001461C,1ZMLH8300204F0,1Z6PH74DAP0QN7,"Corona, CA",728.3,5.7,137.7,8.547347,2.013246,0,0,DJI Matrice 300 RTK,M300 RTK,1ZN7L4R0H1D00F,1W9DL31001461C,1ZMLH8300204F0,1Z6PH74DAP0QN7,DJI Pilot,Android,7.0.2,1EF72A62-B7C3-C88D-164E-CE6F8C8424AE,1ZN7L4R0H1D00F,1W9DL31001461C,,1ZMLH8300204F0,1W9DL31001461C,,,,,
2023-11-01,11:33:52.22 AM,9m 29.9s,569.9,33.7955271281564,-117.4755146064503,14.1,137.7,15.7,1278,4928.2,7.203502,7.569323,-6.487126,2.23694,3.131716,3.131716,0,0.894776,-2.5,-0.2,2.5,154,154,152.1,Tripod,Other,,21,5,True,,True,False,,Smart,RC,False,True,False,,,True,,False,False,False,False,False,False,False,False,False,False,0,Follow Yaw,-77.9,0,145.8,145.8,False,False,False,False,False,,0,0,False,False,No Card,100,100,1024,1413,1024,1024,2,False,False,False,False,False,0,False,False,False,False,70,,46.452,,3490,,4986,,46.452,,True,3.871,3.871,3.871,3.871,3.871,3.871,3.871,3.871,3.871,3.871,3.871,3.871,0,,False,False,True,,,,,,,,,,,,,,,False,False,9.782,,103.1,,75.7,,103.2,,1326,118,1,22,7,143584.3,19144.58,,Idle,,20,,10,,,20,Go Home,False,False,False,False,False,False,False,False,False,False,False,False,33.8027920380556,-117.4659261431046,3933.6,3933.6,1049.4,396.9,True,1,1,False,False,False,False,,True,False,False,Course Lock,196.8,67,16.4,93,N,SW,2.68,11.4,Calm,False,False,Android,7.0.2,M300 RTK,1ZN7L4R0H1D00F,1W9DL31001461C,1ZMLH8300204F0,1Z6PH74DAP0QN7,"Corona, CA",728.3,5.7,137.7,8.547347,2.013246,0,0,DJI Matrice 300 RTK,M300 RTK,1ZN7L4R0H1D00F,1W9DL31001461C,1ZMLH8300204F0,1Z6PH74DAP0QN7,DJI Pilot,Android,7.0.2,1EF72A62-B7C3-C88D-164E-CE6F8C8424AE,1ZN7L4R0H1D00F,1W9DL31001461C,,1ZMLH8300204F0,1W9DL31001461C,,,,,
2023-11-01,11:33:52.32 AM,9m 30.0s,570.0,33.7955244151856,-117.47551296125,14.1,137.7,15.7,1278,4929.3,7.203502,7.569323,-6.487126,2.23694,3.131716,3.131716,0,0.894776,-2.6,-0.4,2.6,153.9,153.9,153.2,Tripod,Other,,21,5,True,,True,False,,Smart,RC,False,True,False,,,True,,False,False,False,False,False,False,False,False,False,False,0,Follow Yaw,-77.9,0,145.8,145.8,False,False,False,False,False,,0,0,False,False,No Card,100,100,1024,1413,1024,1024,2,False,False,False,False,False,0,False,False,False,False,69,,46.416,,6980,,10044,,46.416,,True,3.871,3.871,3.871,3.871,3.871,3.871,3.871,3.871,3.871,3.871,3.871,3.871,0,,False,False,True,,,,,,,,,,,,,,,False,False,19.598,,103.4,,75.7,,103.4,,1326,118,1,22,7,143584.3,19144.58,,Idle,,20,,10,,,20,Go Home,False,False,False,False,False,False,False,False,False,False,False,False,33.8027920380556,-117.4659261431046,3933.9,3933.9,1049.4,396.9,True,1,1,False,False,False,False,,True,False,False,Course Lock,196.8,67,16.4,93,N,SW,2.68,11.4,Calm,False,False,Android,7.0.2,M300 RTK,1ZN7L4R0H1D00F,1W9DL31001461C,1ZMLH8300204F0,1Z6PH74DAP0QN7,"Corona, CA",728.3,5.7,137.7,8.547347,2.013246,0,0,DJI Matrice 300 RTK,M300 RTK,1ZN7L4R0H1D00F,1W9DL31001461C,1ZMLH8300204F0,1Z6PH74DAP0QN7,DJI Pilot,Android,7.0.2,1EF72A62-B7C3-C88D-164E-CE6F8C8424AE,1ZN7L4R0H1D00F,1W9DL31001461C,,1ZMLH8300204F0,1W9DL31001461C,,,,,
2023-11-01,11:33:52.42 AM,9m 30.1s,570.1,33.7955217093592,-117.4755112796408,14.1,137.7,16.0,1278,4930.4,7.203502,7.569323,-6.487126,2.23694,3.131716,3.131716,0,0.894776,-2.6,-0.5,2.6,153.9,153.9,152.6,Tripod,Other,,21,5,True,,True,False,,Smart,RC,False,True,False,,,True,,False,False,False,False,False,False,False,False,False,False,0,Follow Yaw,-77.9,0,145.8,145.8,False,False,False,False,False,,0,0,False,False,No Card,100,100,1024,1405,1024,1024,2,False,False,False,False,False,0,False,False,False,False,69,,46.416,,6980,,10044,,46.416,,True,3.871,3.871,3.871,3.871,3.871,3.871,3.871,3.871,3.871,3.871,3.871,3.871,0,,False,False,True,,,,,,,,,,,,,,,False,False,19.598,,103.4,,75.7,,103.4,,1326,118,1,22,7,143584.3,19144.58,,Idle,,20,,10,,,20,Go Home,False,False,False,False,False,False,False,False,False,False,False,False,33.8027920380556,-117.4659261431046,3934.2,3934.2,1049.4,396.9,True,1,1,False,False,False,False,,True,False,False,Course Lock,196.8,67,16.4,93,N,SW,2.9,11.4,Calm,False,False,Android,7.0.2,M300 RTK,1ZN7L4R0H1D00F,1W9DL31001461C,1ZMLH8300204F0,1Z6PH74DAP0QN7,"Corona, CA",728.3,5.7,137.7,8.547347,2.013246,0,0,DJI Matrice 300 RTK,M300 RTK,1ZN7L4R0H1D00F,1W9DL31001461C,1ZMLH8300204F0,1Z6PH74DAP0QN7,DJI Pilot,Android,7.0.2,1EF72A62-B7C3-C88D-164E-CE6F8C8424AE,1ZN7L4R0H1D00F,1W9DL31001461C,,1ZMLH8300204F0,1W9DL31001461C,,,,,
2023-11-01,11:33:52.53 AM,9m 30.2s,570.2,33.7955189881988,-117.475509613659,14.1,137.7,16.0,1278,4931.6,7.203502,7.569323,-6.487126,2.23694,3.131716,3.131716,0,0.894776,-2.5,-0.4,2.5,153.8,153.8,153.0,Tripod,Other,,21,5,True,,True,False,,Smart,RC,False,True,False,,,True,,False,False,False,False,False,False,False,False,False,False,0,Follow Yaw,-77.9,0,145.8,145.8,False,False,False,False,False,,0,0,False,False,No Card,100,100,1024,1404,1024,1024,2,False,False,False,False,False,0,False,False,False,False,69,,46.416,,6980,,10044,,46.416,,True,3.871,3.871,3.871,3.871,3.871,3.871,3.871,3.871,3.871,3.871,3.871,3.871,0,,False,False,True,,,,,,,,,,,,,,,False,False,19.598,,103.4,,75.7,,103.4,,1326,118,1,22,7,143584.3,19144.58,,Idle,,20,,10,,,20,Go Home,False,False,False,False,False,False,False,False,False,False,False,False,33.8027920380556,-117.4659261431046,3934.5,3934.5,1049.4,396.9,True,1,1,False,False,False,False,,True,False,False,Course Lock,196.8,67,16.4,93,N,SW,2.9,11.4,Calm,False,False,Android,7.0.2,M300 RTK,1ZN7L4R0H1D00F,1W9DL31001461C,1ZMLH8300204F0,1Z6PH74DAP0QN7,"Corona, CA",728.3,5.7,137.7,8.547347,2.013246,0,0,DJI Matrice 300 RTK,M300 RTK,1ZN7L4R0H1D00F,1W9DL31001461C,1ZMLH8300204F0,1Z6PH74DAP0QN7,DJI Pilot,Android,7.0.2,1EF72A62-B7C3-C88D-164E-CE6F8C8424AE,1ZN7L4R0H1D00F,1W9DL31001461C,,1ZMLH8300204F0,1W9DL31001461C,,,,,
2023-11-01,11:33:52.64 AM,9m 30.3s,570.3,33.7955161248338,-117.4755079244217,14.1,137.7,16.0,1278,4932.7,7.405589,7.569323,-6.71082,2.23694,3.131716,3.131716,0,0.894776,-2.4,-0.2,2.4,153.9,153.9,153.8,Tripod,Other,,21,5,True,,True,False,,Smart,RC,False,True,False,,,True,,False,False,False,False,False,False,False,False,False,False,0,Follow Yaw,-77.9,0,145.8,145.8,False,False,False,False,False,,0,0,False,False,No Card,100,100,1024,1407,1024,1024,2,False,False,False,False,False,0,False,False,False,False,69,,46.416,,6980,,10044,,46.416,,True,3.87,3.87,3.87,3.87,3.87,3.87,3.87,3.87,3.87,3.87,3.87,3.87,0,,False,False,True,,,,,,,,,,,,,,,False,False,19.598,,103.4,,75.7,,103.4,,1324,118,1,22,7,143655.2,19154.03,,Idle,,20,,10,,,20,Go Home,False,False,False,False,False,False,False,False,False,False,False,False,33.8027920380556,-117.4659261431046,3934.8,3934.8,1049.4,396.9,True,1,1,False,False,False,False,,True,False,False,Course Lock,196.8,67,16.4,93,N,SW,2.9,11.4,Calm,False,False,Android,7.0.2,M300 RTK,1ZN7L4R0H1D00F,1W9DL31001461C,1ZMLH8300204F0,1Z6PH74DAP0QN7,"Corona, CA",728.3,5.7,137.7,8.547347,2.013246,0,0,DJI Matrice 300 RTK,M300 RTK,1ZN7L4R0H1D00F,1W9DL31001461C,1ZMLH8300204F0,1Z6PH74DAP0QN7,DJI Pilot,Android,7.0.2,1EF72A62-B7C3-C88D-164E-CE6F8C8424AE,1ZN7L4R0H1D00F,1W9DL31001461C,,1ZMLH8300204F0,1W9DL31001461C,,,,,
2023-11-01,11:33:52.73 AM,9m 30.4s,570.4,33.7955133815717,-117.4755062477192,14.1,137.7,16.0,1278,4933.8,7.405589,7.569323,-6.71082,2.23694,3.131716,3.131716,0,0.894776,-2.3,-0.2,2.3,153.9,153.9,153.0,Tripod,Other,,21,5,True,,True,False,,Smart,RC,False,True,False,,,True,,False,False,False,False,False,False,False,False,False,False,0,Follow Yaw,-77.9,0,145.8,145.8,False,False,False,False,False,,0,0,False,False,No Card,100,100,1024,1407,1024,1024,2,False,False,False,False,False,0,False,False,False,False,69,,46.416,,6980,,10044,,46.416,,True,3.87,3.87,3.87,3.87,3.87,3.87,3.87,3.87,3.87,3.87,3.87,3.87,0,,False,False,True,,,,,,,,,,,,,,,False,False,19.598,,103.4,,75.7,,103.4,,1324,118,1,22,7,143655.2,19154.03,,Idle,,20,,10,,,20,Go Home,False,False,False,False,False,False,False,False,False,False,False,False,33.8027920380556,-117.4659261431046,3935.1,3935.1,1049.4,396.9,True,1,1,False,False,False,False,,True,False,False,Course Lock,196.8,67,16.4,93,N,SW,2.9,11.4,Calm,False,False,Android,7.0.2,M300 RTK,1ZN7L4R0H1D00F,1W9DL31001461C,1ZMLH8300204F0,1Z6PH74DAP0QN7,"Corona, CA",728.3,5.7,137.7,8.547347,2.013246,0,0,DJI Matrice 300 RTK,M300 RTK,1ZN7L4R0H1D00F,1W9DL31001461C,1ZMLH8300204F0,1Z6PH74DAP0QN7,DJI Pilot,Android,7.0.2,1EF72A62-B7C3-C88D-164E-CE6F8C8424AE,1ZN7L4R0H1D00F,1W9DL31001461C,,1ZMLH8300204F0,1W9DL31001461C,,,,,
2023-11-01,11:33:52.84 AM,9m 30.5s,570.5,33.7955105606282,-117.4755044155268,14.1,137.7,16.4,1278,4935.0,7.405589,7.569323,-6.71082,2.23694,3.131716,3.131716,0,0.894776,-2.2,-0.2,2.2,153.9,153.9,151.6,Tripod,Other,,21,5,True,,True,False,,Smart,RC,False,True,False,,,True,,False,False,False,False,False,False,False,False,False,False,0,Follow Yaw,-77.9,0,145.8,145.8,False,False,False,False,False,,0,0,False,False,No Card,100,100,1024,1391,1024,1024,2,False,False,False,False,False,0,False,False,False,False,69,,46.416,,6980,,10044,,46.416,,True,3.87,3.87,3.87,3.87,3.87,3.87,3.87,3.87,3.87,3.87,3.87,3.87,0,,False,False,True,,,,,,,,,,,,,,,False,False,19.598,,103.4,,75.7,,103.4,,1324,118,1,22,7,143655.2,19154.03,,Idle,,20,,10,,,20,Go Home,False,False,False,False,False,False,False,False,False,False,False,False,33.8027920380556,-117.4659261431046,3935.4,3935.4,1049.4,396.9,True,1,1,False,False,False,False,,True,False,False,Course Lock,196.8,67,16.4,93,N,SW,2.9,11.4,Calm,False,False,Android,7.0.2,M300 RTK,1ZN7L4R0H1D00F,1W9DL31001461C,1ZMLH8300204F0,1Z6PH74DAP0QN7,"Corona, CA",728.3,5.7,137.7,8.547347,2.013246,0,0,DJI Matrice 300 RTK,M300 RTK,1ZN7L4R0H1D00F,1W9DL31001461C,1ZMLH8300204F0,1Z6PH74DAP0QN7,DJI Pilot,Android,7.0.2,1EF72A62-B7C3-C88D-164E-CE6F8C8424AE,1ZN7L4R0H1D00F,1W9DL31001461C,,1ZMLH8300204F0,1W9DL31001461C,,,,,
2023-11-01,11:33:52.94 AM,9m 30.6s,570.6,33.7955078036768,-117.4755027245578,14.1,137.7,16.4,1278,4936.1,7.405589,7.569323,-6.71082,2.23694,3.131716,3.131716,0,0.894776,-2.1,-0.2,2.1,153.9,153.9,152.9,Tripod,Other,,21,5,True,,True,False,,Smart,RC,False,True,False,,,True,,False,False,False,False,False,False,False,False,False,False,0,Follow Yaw,-77.9,0,145.8,145.8,False,False,False,False,False,,0,0,False,False,No Card,100,100,1024,1380,1024,1024,2,False,False,False,False,False,0,False,False,False,False,69,,46.416,,6980,,10044,,46.416,,True,3.87,3.87,3.87,3.87,3.87,3.87,3.87,3.87,3.87,3.87,3.87,3.87,0,,False,False,True,,,,,,,,,,,,,,,False,False,19.598,,103.4,,75.7,,103.4,,1324,118,1,22,7,143655.2,19154.03,,Idle,,20,,10,,,20,Go Home,False,False,False,False,False,False,False,False,False,False,False,False,33.8027920380556,-117.4659261431046,3935.7,3935.7,1049.4,396.9,True,1,1,False,False,False,False,,True,False,False,Course Lock,196.8,67,16.4,93,N,SW,2.9,11.4,Calm,False,False,Android,7.0.2,M300 RTK,1ZN7L4R0H1D00F,1W9DL31001461C,1ZMLH8300204F0,1Z6PH74DAP0QN7,"Corona, CA",728.3,5.7,137.7,8.547347,2.013246,0,0,DJI Matrice 300 RTK,M300 RTK,1ZN7L4R0H1D00F,1W9DL31001461C,1ZMLH8300204F0,1Z6PH74DAP0QN7,DJI Pilot,Android,7.0.2,1EF72A62-B7C3-C88D-164E-CE6F8C8424AE,1ZN7L4R0H1D00F,1W9DL31001461C,,1ZMLH8300204F0,1W9DL31001461C,,,,,
2023-11-01,11:33:53.04 AM,9m 30.7s,570.7,33.795505175686,-117.4755012862238,14.1,137.7,16.4,1278,4937.2,7.405589,7.569323,-6.71082,2.23694,3.131716,3.131716,0,0.894776,-1.9,-0.2,1.9,154,154,155.5,Tripod,Other,,21,5,True,,True,False,,Smart,RC,False,True,False,,,True,,False,False,False,False,False,False,False,False,False,False,0,Follow Yaw,-77.9,0,145.8,145.8,False,False,False,False,False,,0,0,False,False,No Card,100,100,1024,1375,1126,1024,2,False,False,False,False,False,0,False,False,False,False,69,,46.416,,6980,,10044,,46.416,,True,3.87,3.87,3.87,3.87,3.87,3.87,3.87,3.87,3.87,3.87,3.87,3.87,0,,False,False,True,,,,,,,,,,,,,,,False,False,19.598,,103.4,,75.7,,103.4,,1324,118,1,22,7,143655.2,19154.03,,Idle,,20,,10,,,20,Go Home,False,False,False,False,False,False,False,False,False,False,False,False,33.8027920380556,-117.4659261431046,3936.0,3936.0,1049.4,396.9,True,1,1,False,False,False,False,,True,False,False,Course Lock,196.8,67,16.4,93,N,SW,2.9,11.4,Calm,False,False,Android,7.0.2,M300 RTK,1ZN7L4R0H1D00F,1W9DL31001461C,1ZMLH8300204F0,1Z6PH74DAP0QN7,"Corona, CA",728.3,5.7,137.7,8.547347,2.013246,0,0,DJI Matrice 300 RTK,M300 RTK,1ZN7L4R0H1D00F,1W9DL31001461C,1ZMLH8300204F0,1Z6PH74DAP0QN7,DJI Pilot,Android,7.0.2,1EF72A62-B7C3-C88D-164E-CE6F8C8424AE,1ZN7L4R0H1D00F,1W9DL31001461C,,1ZMLH8300204F0,1W9DL31001461C,,,,,
2023-11-01,11:33:53.14 AM,9m 30.8s,570.8,33.7955024356621,-117.4754996157476,14.1,137.7,16.7,1278,4938.3,7.405589,7.569323,-6.71082,2.23694,3.131716,3.131716,0,0.894776,-1.9,0,1.9,154,154,153.1,Tripod,Other,,21,5,True,,True,False,,Smart,RC,False,True,False,,,True,,False,False,False,False,False,False,False,False,False,False,0,Follow Yaw,-77.9,0,145.8,145.8,False,False,False,False,False,,0,0,False,False,No Card,100,100,1024,1371,1262,1024,2,False,False,False,False,False,0,False,False,False,False,69,,46.416,,6980,,10044,,46.416,,True,3.87,3.87,3.87,3.87,3.87,3.87,3.87,3.87,3.87,3.87,3.87,3.87,0,,False,False,True,,,,,,,,,,,,,,,False,False,19.598,,103.4,,75.7,,103.4,,1324,118,1,22,7,143655.2,19154.03,,Idle,,20,,10,,,20,Go Home,False,False,False,False,False,False,False,False,False,False,False,False,33.8027920380556,-117.4659261431046,3936.3,3936.3,1049.4,396.9,True,1,1,False,False,False,False,,True,False,False,Course Lock,196.8,67,16.4,93,N,SW,2.9,11.4,Calm,False,False,Android,7.0.2,M300 RTK,1ZN7L4R0H1D00F,1W9DL31001461C,1ZMLH8300204F0,1Z6PH74DAP0QN7,"Corona, CA",728.3,5.7,137.7,8.547347,2.013246,0,0,DJI Matrice 300 RTK,M300 RTK,1ZN7L4R0H1D00F,1W9DL31001461C,1ZMLH8300204F0,1Z6PH74DAP0QN7,DJI Pilot,Android,7.0.2,1EF72A62-B7C3-C88D-164E-CE6F8C8424AE,1ZN7L4R0H1D00F,1W9DL31001461C,,1ZMLH8300204F0,1W9DL31001461C,,,,,
2023-11-01,11:33:53.25 AM,9m 30.9s,570.9,33.7954996686192,-117.475497857981,14.1,137.7,16.7,1278,4939.5,7.405589,7.569323,-6.71082,2.23694,3.131716,3.131716,0,0.894776,-1.8,0,1.8,154,154,152.1,Tripod,Other,,21,5,True,,True,False,,Smart,RC,False,True,False,,,True,,False,False,False,False,False,False,False,False,False,False,0,Follow Yaw,-77.9,0,145.8,145.8,False,False,False,False,False,,0,0,False,False,No Card,100,100,1024,1367,1302,1024,2,False,False,False,False,False,0,False,False,False,False,70,,46.392,,3490,,4986,,46.392,,True,3.87,3.87,3.87,3.87,3.87,3.87,3.87,3.87,3.87,3.87,3.87,3.87,0,,False,False,True,,,,,,,,,,,,,,,False,False,9.848,,103.2,,75.7,,103.4,,1324,118,1,22,7,143655.2,19154.03,,Idle,,20,,10,,,20,Go Home,False,False,False,False,False,False,False,False,False,False,False,False,33.8027920380556,-117.4659261431046,3936.6,3936.6,1049.4,396.9,True,1,1,False,False,False,False,,True,False,False,Course Lock,196.8,67,16.4,93,N,SW,2.9,11.4,Calm,False,False,Android,7.0.2,M300 RTK,1ZN7L4R0H1D00F,1W9DL31001461C,1ZMLH8300204F0,1Z6PH74DAP0QN7,"Corona, CA",728.3,5.7,137.7,8.547347,2.013246,0,0,DJI Matrice 300 RTK,M300 RTK,1ZN7L4R0H1D00F,1W9DL31001461C,1ZMLH8300204F0,1Z6PH74DAP0QN7,DJI Pilot,Android,7.0.2,1EF72A62-B7C3-C88D-164E-CE6F8C8424AE,1ZN7L4R0H1D00F,1W9DL31001461C,,1ZMLH8300204F0,1W9DL31001461C,,,,,
2023-11-01,11:33:53.35 AM,9m 31.0s,571.0,33.7954969345062,-117.4754961968646,14.4,137.7,16.7,1278,4940.6,7.203502,7.569323,-6.487126,2.23694,3.131716,3.131716,0,0.894776,-1.4,-0.1,1.4,154.1,154.1,153.2,Tripod,Other,,21,5,True,,True,False,,Smart,RC,False,True,False,,,True,,False,False,False,False,False,False,False,False,False,False,0,Follow Yaw,-77.9,0,145.8,145.8,False,False,False,False,False,,0,0,False,False,No Card,100,100,1024,1361,1245,1024,2,False,False,False,False,False,0,False,False,False,False,69,,46.428,,6980,,10044,,46.428,,True,3.87,3.87,3.87,3.87,3.87,3.87,3.87,3.87,3.87,3.87,3.87,3.87,0,,False,False,True,,,,,,,,,,,,,,,False,False,19.782,,103.2,,75.7,,103.4,,1324,118,1,22,7,143655.2,19154.03,,Idle,,20,,10,,,20,Go Home,False,False,False,False,False,False,False,False,False,False,False,False,33.8027920380556,-117.4659261431046,3936.9,3936.9,1049.4,396.9,True,1,1,False,False,False,False,,True,False,False,Course Lock,196.8,67,16.4,93,N,SW,2.9,11.4,Calm,False,False,Android,7.0.2,M300 RTK,1ZN7L4R0H1D00F,1W9DL31001461C,1ZMLH8300204F0,1Z6PH74DAP0QN7,"Corona, CA",728.3,5.7,137.7,8.547347,2.013246,0,0,DJI Matrice 300 RTK,M300 RTK,1ZN7L4R0H1D00F,1W9DL31001461C,1ZMLH8300204F0,1Z6PH74DAP0QN7,DJI Pilot,Android,7.0.2,1EF72A62-B7C3-C88D-164E-CE6F8C8424AE,1ZN7L4R0H1D00F,1W9DL31001461C,,1ZMLH8300204F0,1W9DL31001461C,,,,,
2023-11-01,11:33:53.45 AM,9m 31.1s,571.1,33.7954943532887,-117.475494478558,14.4,137.7,16.7,1278,4941.7,7.203502,7.569323,-6.487126,2.23694,3.131716,3.131716,0,0.894776,-1.2,-0.1,1.2,154.1,154.1,151.0,Tripod,Other,,21,5,True,,True,False,,Smart,RC,False,True,False,,,True,,False,False,False,False,False,False,False,False,False,False,0,Follow Yaw,-77.9,0,145.8,145.8,False,False,False,False,False,,0,0,False,False,No Card,100,100,1024,1333,1065,1024,2,False,False,False,False,False,0,False,False,False,False,69,,46.428,,6980,,10044,,46.428,,True,3.87,3.87,3.87,3.87,3.87,3.87,3.87,3.87,3.87,3.87,3.87,3.87,0,,False,False,True,,,,,,,,,,,,,,,False,False,19.782,,103.2,,75.7,,103.4,,1324,118,1,22,7,143655.2,19154.03,,Idle,,20,,10,,,20,Go Home,False,False,False,False,False,False,False,False,False,False,False,False,33.8027920380556,-117.4659261431046,3937.2,3937.2,1049.4,396.9,True,1,1,False,False,False,False,,True,False,False,Course Lock,196.8,67,16.4,93,N,SW,2.68,11.4,Calm,False,False,Android,7.0.2,M300 RTK,1ZN7L4R0H1D00F,1W9DL31001461C,1ZMLH8300204F0,1Z6PH74DAP0QN7,"Corona, CA",728.3,5.7,137.7,8.547347,2.013246,0,0,DJI Matrice 300 RTK,M300 RTK,1ZN7L4R0H1D00F,1W9DL31001461C,1ZMLH8300204F0,1Z6PH74DAP0QN7,DJI Pilot,Android,7.0.2,1EF72A62-B7C3-C88D-164E-CE6F8C8424AE,1ZN7L4R0H1D00F,1W9DL31001461C,,1ZMLH8300204F0,1W9DL31001461C,,,,,
2023-11-01,11:33:53.56 AM,9m 31.2s,571.2,33.7954916514544,-117.4754928341411,14.4,137.7,17.0,1278,4942.8,7.203502,7.569323,-6.487126,2.23694,3.131716,3.131716,-0.223694,0.894776,-1.2,-0.1,1.2,154.1,154.1,153.1,Tripod,Other,,21,5,True,,True,False,,Smart,RC,False,True,False,,,True,,False,False,False,False,False,False,False,False,False,False,0,Follow Yaw,-77.9,0,145.8,145.8,False,False,False,False,False,,0,0,False,False,No Card,100,100,1024,1326,1024,1024,2,False,False,False,False,False,0,False,False,False,False,69,,46.428,,6980,,10044,,46.428,,True,3.87,3.87,3.87,3.87,3.87,3.87,3.87,3.87,3.87,3.87,3.87,3.87,0,,False,False,True,,,,,,,,,,,,,,,False,False,19.782,,103.2,,75.7,,103.4,,1324,118,1,22,7,143655.2,19154.03,,Idle,,20,,10,,,20,Go Home,False,False,False,False,False,False,False,False,False,False,False,False,33.8027920380556,-117.4659261431046,3937.5,3937.5,1049.4,396.9,True,1,1,False,False,False,False,,True,False,False,Course Lock,196.8,67,16.4,93,N,SW,2.68,11.4,Calm,False,False,Android,7.0.2,M300 RTK,1ZN7L4R0H1D00F,1W9DL31001461C,1ZMLH8300204F0,1Z6PH74DAP0QN7,"Corona, CA",728.3,5.7,137.7,8.547347,2.013246,0,0,DJI Matrice 300 RTK,M300 RTK,1ZN7L4R0H1D00F,1W9DL31001461C,1ZMLH8300204F0,1Z6PH74DAP0QN7,DJI Pilot,Android,7.0.2,1EF72A62-B7C3-C88D-164E-CE6F8C8424AE,1ZN7L4R0H1D00F,1W9DL31001461C,,1ZMLH8300204F0,1W9DL31001461C,,,,,
2023-11-01,11:33:53.66 AM,9m 31.3s,571.3,33.795488890905,-117.4754913014659,14.4,137.7,17.0,1278,4943.9,7.203502,7.569323,-6.487126,2.23694,3.131716,3.131716,-0.223694,0.894776,-1.5,-0.2,1.5,154,154,155.2,Tripod,Other,,21,5,True,,True,False,,Smart,RC,False,True,False,,,True,,False,False,False,False,False,False,False,False,False,False,0,Follow Yaw,-77.9,0,145.8,145.8,False,False,False,False,False,,0,0,False,False,No Card,100,100,1024,1308,1024,1024,2,False,False,False,False,False,0,False,False,False,False,69,,46.428,,6980,,10044,,46.428,,True,3.868,3.868,3.868,3.868,3.868,3.868,3.868,3.868,3.868,3.868,3.868,3.868,0,,False,False,True,,,,,,,,,,,,,,,False,False,19.782,,103.2,,75.7,,103.4,,1322,118,1,22,7,143969.4,19195.92,,Idle,,20,,10,,,20,Go Home,False,False,False,False,False,False,False,False,False,False,False,False,33.8027920380556,-117.4659261431046,3937.8,3937.8,1049.4,396.9,True,1,1,False,False,False,False,,True,False,False,Course Lock,196.8,67,16.4,93,N,SW,2.68,11.4,Calm,False,False,Android,7.0.2,M300 RTK,1ZN7L4R0H1D00F,1W9DL31001461C,1ZMLH8300204F0,1Z6PH74DAP0QN7,"Corona, CA",728.3,5.7,137.7,8.547347,2.013246,0,0,DJI Matrice 300 RTK,M300 RTK,1ZN7L4R0H1D00F,1W9DL31001461C,1ZMLH8300204F0,1Z6PH74DAP0QN7,DJI Pilot,Android,7.0.2,1EF72A62-B7C3-C88D-164E-CE6F8C8424AE,1ZN7L4R0H1D00F,1W9DL31001461C,,1ZMLH8300204F0,1W9DL31001461C,,,,,
2023-11-01,11:33:53.76 AM,9m 31.4s,571.4,33.795486201989,-117.4754896868605,14.4,137.7,17.0,1278,4945.0,7.203502,7.569323,-6.487126,2.23694,3.131716,3.131716,-0.223694,0.894776,-1.6,-0.2,1.6,153.9,153.9,153.4,Tripod,Other,,21,5,True,,True,False,,Smart,RC,False,True,False,,,True,,False,False,False,False,False,False,False,False,False,False,0,Follow Yaw,-77.9,0,145.8,145.8,False,False,False,False,False,,0,0,False,False,No Card,100,100,1024,1290,1024,1024,2,False,False,False,False,False,0,False,False,False,False,69,,46.428,,6980,,10044,,46.428,,True,3.868,3.868,3.868,3.868,3.868,3.868,3.868,3.868,3.868,3.868,3.868,3.868,0,,False,False,True,,,,,,,,,,,,,,,False,False,19.782,,103.2,,75.7,,103.4,,1322,118,1,22,7,143969.4,19195.92,,Idle,,20,,10,,,20,Go Home,False,False,False,False,False,False,False,False,False,False,False,False,33.8027920380556,-117.4659261431046,3938.1,3938.1,1049.4,396.9,True,1,1,False,False,False,False,,True,False,False,Course Lock,196.8,67,16.4,93,N,SW,2.68,11.4,Calm,False,False,Android,7.0.2,M300 RTK,1ZN7L4R0H1D00F,1W9DL31001461C,1ZMLH8300204F0,1Z6PH74DAP0QN7,"Corona, CA",728.3,5.7,137.7,8.547347,2.013246,0,0,DJI Matrice 300 RTK,M300 RTK,1ZN7L4R0H1D00F,1W9DL31001461C,1ZMLH8300204F0,1Z6PH74DAP0QN7,DJI Pilot,Android,7.0.2,1EF72A62-B7C3-C88D-164E-CE6F8C8424AE,1ZN7L4R0H1D00F,1W9DL31001461C,,1ZMLH8300204F0,1W9DL31001461C,,,,,
2023-11-01,11:33:53.87 AM,9m 31.5s,571.5,33.79548358594,-117.4754881048292,14.4,137.7,17.3,1278,4946.0,7.203502,7.569323,-6.487126,2.23694,3.131716,3.131716,0,0.894776,-1.5,-0.5,1.5,153.9,153.9,153.3,Tripod,Other,,21,5,True,,True,False,,Smart,RC,False,True,False,,,True,,False,False,False,False,False,False,False,False,False,False,0,Follow Yaw,-77.9,0,145.8,145.8,False,False,False,False,False,,0,0,False,False,No Card,100,100,1018,1291,1024,1024,2,False,False,False,False,False,0,False,False,False,False,69,,46.428,,6980,,10044,,46.428,,True,3.868,3.868,3.868,3.868,3.868,3.868,3.868,3.868,3.868,3.868,3.868,3.868,0,,False,False,True,,,,,,,,,,,,,,,False,False,19.782,,103.2,,75.7,,103.4,,1322,118,1,22,7,143969.4,19195.92,,Idle,,20,,10,,,20,Go Home,False,False,False,False,False,False,False,False,False,False,False,False,33.8027920380556,-117.4659261431046,3938.4,3938.4,1049.4,396.9,True,1,1,False,False,False,False,,True,False,False,Course Lock,196.8,67,16.4,93,N,SW,2.68,11.4,Calm,False,False,Android,7.0.2,M300 RTK,1ZN7L4R0H1D00F,1W9DL31001461C,1ZMLH8300204F0,1Z6PH74DAP0QN7,"Corona, CA",728.3,5.7,137.7,8.547347,2.013246,0,0,DJI Matrice 300 RTK,M300 RTK,1ZN7L4R0H1D00F,1W9DL31001461C,1ZMLH8300204F0,1Z6PH74DAP0QN7,DJI Pilot,Android,7.0.2,1EF72A62-B7C3-C88D-164E-CE6F8C8424AE,1ZN7L4R0H1D00F,1W9DL31001461C,,1ZMLH8300204F0,1W9DL31001461C,,,,,
2023-11-01,11:33:53.97 AM,9m 31.6s,571.6,33.7954809185774,-117.475486506346,14.4,137.7,17.3,1278,4947.1,7.203502,7.569323,-6.487126,2.23694,3.131716,3.131716,0,0.894776,-1.1,-0.6,1.2,153.9,153.9,153.5,Tripod,Other,,21,5,True,,True,False,,Smart,RC,False,True,False,,,True,,False,False,False,False,False,False,False,False,False,False,0,Follow Yaw,-77.9,0,145.8,145.8,False,False,False,False,False,,0,0,False,False,No Card,100,100,1024,1296,1024,1024,2,False,False,False,False,False,0,False,False,False,False,69,,46.428,,6980,,10044,,46.428,,True,3.868,3.868,3.868,3.868,3.868,3.868,3.868,3.868,3.868,3.868,3.868,3.868,0,,False,False,True,,,,,,,,,,,,,,,False,False,19.782,,103.2,,75.7,,103.4,,1322,118,1,22,7,143969.4,19195.92,,Idle,,20,,10,,,20,Go Home,False,False,False,False,False,False,False,False,False,False,False,False,33.8027920380556,-117.4659261431046,3938.7,3938.7,1049.4,396.9,True,1,1,False,False,False,False,,True,False,False,Course Lock,196.8,67,16.4,93,N,SW,2.68,11.4,Calm,False,False,Android,7.0.2,M300 RTK,1ZN7L4R0H1D00F,1W9DL31001461C,1ZMLH8300204F0,1Z6PH74DAP0QN7,"Corona, CA",728.3,5.7,137.7,8.547347,2.013246,0,0,DJI Matrice 300 RTK,M300 RTK,1ZN7L4R0H1D00F,1W9DL31001461C,1ZMLH8300204F0,1Z6PH74DAP0QN7,DJI Pilot,Android,7.0.2,1EF72A62-B7C3-C88D-164E-CE6F8C8424AE,1ZN7L4R0H1D00F,1W9DL31001461C,,1ZMLH8300204F0,1W9DL31001461C,,,,,
2023-11-01,11:33:54.07 AM,9m 31.7s,571.7,33.7954781195985,-117.475484848116,14.4,137.7,17.7,1278,4948.3,7.203502,7.569323,-6.487126,2.23694,3.131716,3.131716,0,0.894776,-0.5,-0.5,0.7,153.9,153.9,153.7,Tripod,Other,,21,5,True,,True,False,,Smart,RC,False,True,False,,,True,,False,False,False,False,False,False,False,False,False,False,0,Follow Yaw,-77.9,0,145.8,145.8,False,False,False,False,False,,0,0,False,False,No Card,100,100,1022,1302,1037,1024,2,False,False,False,False,False,0,False,False,False,False,69,,46.428,,6980,,10044,,46.428,,True,3.868,3.868,3.868,3.868,3.868,3.868,3.868,3.868,3.868,3.868,3.868,3.868,0,,False,False,True,,,,,,,,,,,,,,,False,False,19.782,,103.2,,75.7,,103.4,,1322,118,1,22,7,143969.4,19195.92,,Idle,,20,,10,,,20,Go Home,False,False,False,False,False,False,False,False,False,False,False,False,33.8027920380556,-117.4659261431046,3939.0,3939.0,1049.4,396.9,True,1,1,False,False,False,False,,True,False,False,Course Lock,196.8,67,16.4,93,N,SW,2.68,11.4,Calm,False,False,Android,7.0.2,M300 RTK,1ZN7L4R0H1D00F,1W9DL31001461C,1ZMLH8300204F0,1Z6PH74DAP0QN7,"Corona, CA",728.3,5.7,137.7,8.547347,2.013246,0,0,DJI Matrice 300 RTK,M300 RTK,1ZN7L4R0H1D00F,1W9DL31001461C,1ZMLH8300204F0,1Z6PH74DAP0QN7,DJI Pilot,Android,7.0.2,1EF72A62-B7C3-C88D-164E-CE6F8C8424AE,1ZN7L4R0H1D00F,1W9DL31001461C,,1ZMLH8300204F0,1W9DL31001461C,,,,,
2023-11-01,11:33:54.17 AM,9m 31.8s,571.8,33.7954754756226,-117.4754832617552,14.4,137.7,17.7,1278,4949.3,7.002729,7.569323,-6.263432,2.23694,3.131716,3.131716,0,0.894776,-0.2,-0.4,0.4,153.9,153.9,153.4,Tripod,Other,,21,5,True,,True,False,,Smart,RC,False,True,False,,,True,,False,False,False,False,False,False,False,False,False,False,0,Follow Yaw,-77.9,0,145.8,145.8,False,False,False,False,False,,0,0,False,False,No Card,100,100,1022,1301,1059,1024,2,False,False,False,False,False,0,False,False,False,False,69,,46.428,,6980,,10044,,46.428,,True,3.868,3.868,3.868,3.868,3.868,3.868,3.868,3.868,3.868,3.868,3.868,3.868,0,,False,False,True,,,,,,,,,,,,,,,False,False,19.782,,103.2,,75.7,,103.4,,1322,118,1,22,7,143969.4,19195.92,,Idle,,20,,10,,,20,Go Home,False,False,False,False,False,False,False,False,False,False,False,False,33.8027920380556,-117.4659261431046,3939.3,3939.3,1049.4,396.9,True,1,1,False,False,False,False,,True,False,False,Course Lock,196.8,67,16.4,93,N,SW,2.68,11.4,Calm,False,False,Android,7.0.2,M300 RTK,1ZN7L4R0H1D00F,1W9DL31001461C,1ZMLH8300204F0,1Z6PH74DAP0QN7,"Corona, CA",728.3,5.7,137.7,8.547347,2.013246,0,0,DJI Matrice 300 RTK,M300 RTK,1ZN7L4R0H1D00F,1W9DL31001461C,1ZMLH8300204F0,1Z6PH74DAP0QN7,DJI Pilot,Android,7.0.2,1EF72A62-B7C3-C88D-164E-CE6F8C8424AE,1ZN7L4R0H1D00F,1W9DL31001461C,,1ZMLH8300204F0,1W9DL31001461C,,,,,
2023-11-01,11:33:54.24 AM,9m 31.9s,571.9,33.7954728368551,-117.4754817355536,14.4,137.7,17.7,1278,4950.4,6.905589,7.569323,-6.263432,2.23694,2.908022,3.131716,0,0.894776,0,-0.4,0.4,153.8,153.8,154.3,Tripod,Other,,21,5,True,,True,False,,Smart,RC,False,True,False,,,True,,False,False,False,False,False,False,False,False,False,False,0,Follow Yaw,-77.9,0,145.8,145.8,False,False,False,False,False,,0,0,False,False,No Card,100,100,1024,1297,1044,1024,2,False,False,False,False,False,0,False,False,False,False,69,,46.428,,6980,,10044,,46.428,,True,3.868,3.868,3.868,3.868,3.868,3.868,3.868,3.868,3.868,3.868,3.868,3.868,0,,False,False,True,,,,,,,,,,,,,,,False,False,19.782,,103.2,,75.7,,103.4,,1322,118,1,22,7,143969.4,19195.92,,Idle,,20,,10,,,20,Go Home,False,False,False,False,False,False,False,False,False,False,False,False,33.8027920380556,-117.4659261431046,3939.7,3939.7,1049.4,396.9,True,1,1,False,False,False,False,,True,False,False,Course Lock,196.8,67,16.4,93,N,SW,2.68,11.4,Calm,False,False,Android,7.0.2,M300 RTK,1ZN7L4R0H1D00F,1W9DL31001461C,1ZMLH8300204F0,1Z6PH74DAP0QN7,"Corona, CA",728.3,5.7,137.7,8.547347,2.013246,0,0,DJI Matrice 300 RTK,M300 RTK,1ZN7L4R0H1D00F,1W9DL31001461C,1ZMLH8300204F0,1Z6PH74DAP0QN7,DJI Pilot,Android,7.0.2,1EF72A62-B7C3-C88D-164E-CE6F8C8424AE,1ZN7L4R0H1D00F,1W9DL31001461C,,1ZMLH8300204F0,1W9DL31001461C,,,,,
2023-11-01,11:33:54.34 AM,9m 32.0s,572.0,33.7954702413314,-117.4754801818495,14.4,137.7,17.7,1278,4951.5,6.905589,7.569323,-6.263432,2.23694,2.908022,3.131716,0,0.894776,0,-0.5,0.5,153.8,153.8,153.5,Tripod,Other,,21,5,True,,True,False,,Smart,RC,False,True,False,,,True,,False,False,False,False,False,False,False,False,False,False,0,Follow Yaw,-77.9,0,145.8,145.8,False,False,False,False,False,,0,0,False,False,No Card,100,100,1024,1294,1024,1024,2,False,False,False,False,False,0,False,False,False,False,69,,46.38,,6980,,10044,,46.38,,True,3.868,3.868,3.868,3.868,3.868,3.868,3.868,3.868,3.868,3.868,3.868,3.868,0,,False,False,True,,,,,,,,,,,,,,,False,False,19.352,,103.4,,75.7,,103.4,,1322,118,1,22,7,143969.4,19195.92,,Idle,,20,,10,,,20,Go Home,False,False,False,False,False,False,False,False,False,False,False,False,33.8027920380556,-117.4659261431046,3940.0,3940.0,1049.4,396.9,True,1,1,False,False,False,False,,True,False,False,Course Lock,196.8,67,16.4,93,N,SW,2.68,11.4,Calm,False,False,Android,7.0.2,M300 RTK,1ZN7L4R0H1D00F,1W9DL31001461C,1ZMLH8300204F0,1Z6PH74DAP0QN7,"Corona, CA",728.3,5.7,137.7,8.547347,2.013246,0,0,DJI Matrice 300 RTK,M300 RTK,1ZN7L4R0H1D00F,1W9DL31001461C,1ZMLH8300204F0,1Z6PH74DAP0QN7,DJI Pilot,Android,7.0.2,1EF72A62-B7C3-C88D-164E-CE6F8C8424AE,1ZN7L4R0H1D00F,1W9DL31001461C,,1ZMLH8300204F0,1W9DL31001461C,,,,,
2023-11-01,11:33:54.44 AM,9m 32.1s,572.1,33.7954675944772,-117.4754787915109,14.4,137.7,17.7,1278,4952.5,6.905589,7.569323,-6.263432,2.23694,2.908022,3.131716,0,0.894776,-0.2,-0.6,0.6,153.8,153.8,156.4,Tripod,Other,,21,5,True,,True,False,,Smart,RC,False,True,False,,,True,,False,False,False,False,False,False,False,False,False,False,0,Follow Yaw,-77.9,0,145.8,145.8,False,False,False,False,False,,0,0,False,False,No Card,100,100,1024,1294,1024,1024,2,False,False,False,False,False,0,False,False,False,False,69,,46.38,,6980,,10044,,46.38,,True,3.868,3.868,3.868,3.868,3.868,3.868,3.868,3.868,3.868,3.868,3.868,3.868,0,,False,False,True,,,,,,,,,,,,,,,False,False,19.352,,103.4,,75.7,,103.4,,1322,118,1,22,7,143969.4,19195.92,,Idle,,20,,10,,,20,Go Home,False,False,False,False,False,False,False,False,False,False,False,False,33.8027920380556,-117.4659261431046,3940.3,3940.3,1049.4,396.9,True,1,1,False,False,False,False,,True,False,False,Course Lock,196.8,67,16.4,93,N,SW,2.68,11.4,Calm,False,False,Android,7.0.2,M300 RTK,1ZN7L4R0H1D00F,1W9DL31001461C,1ZMLH8300204F0,1Z6PH74DAP0QN7,"Corona, CA",728.3,5.7,137.7,8.547347,2.013246,0,0,DJI Matrice 300 RTK,M300 RTK,1ZN7L4R0H1D00F,1W9DL31001461C,1ZMLH8300204F0,1Z6PH74DAP0QN7,DJI Pilot,Android,7.0.2,1EF72A62-B7C3-C88D-164E-CE6F8C8424AE,1ZN7L4R0H1D00F,1W9DL31001461C,,1ZMLH8300204F0,1W9DL31001461C,,,,,
2023-11-01,11:33:54.54 AM,9m 32.2s,572.2,33.7954650432768,-117.4754772729374,14.4,137.7,17.7,1278,4953.6,6.703359,7.569323,-6.039738,2.23694,2.908022,3.131716,0,0.894776,-0.4,-0.5,0.6,153.8,153.8,153.6,Tripod,Other,,21,5,True,,True,False,,Smart,RC,False,True,False,,,True,,False,False,False,False,False,False,False,False,False,False,0,Follow Yaw,-77.9,0,145.8,145.8,False,False,False,False,False,,0,0,False,False,No Card,100,100,1024,1292,1024,1024,2,False,False,False,False,False,0,False,False,False,False,69,,46.38,,6980,,10044,,46.38,,True,3.868,3.868,3.868,3.868,3.868,3.868,3.868,3.868,3.868,3.868,3.868,3.868,0,,False,False,True,,,,,,,,,,,,,,,False,False,19.352,,103.4,,75.7,,103.4,,1322,118,1,22,7,143969.4,19195.92,,Idle,,20,,10,,,20,Go Home,False,False,False,False,False,False,False,False,False,False,False,False,33.8027920380556,-117.4659261431046,3940.6,3940.6,1049.4,396.9,True,1,1,False,False,False,False,,True,False,False,Course Lock,196.8,67,16.4,93,N,SW,2.68,11.4,Calm,False,False,Android,7.0.2,M300 RTK,1ZN7L4R0H1D00F,1W9DL31001461C,1ZMLH8300204F0,1Z6PH74DAP0QN7,"Corona, CA",728.3,5.7,137.7,8.547347,2.013246,0,0,DJI Matrice 300 RTK,M300 RTK,1ZN7L4R0H1D00F,1W9DL31001461C,1ZMLH8300204F0,1Z6PH74DAP0QN7,DJI Pilot,Android,7.0.2,1EF72A62-B7C3-C88D-164E-CE6F8C8424AE,1ZN7L4R0H1D00F,1W9DL31001461C,,1ZMLH8300204F0,1W9DL31001461C,,,,,
2023-11-01,11:33:54.64 AM,9m 32.3s,572.3,33.7954623411084,-117.47547565392,14.4,137.7,18.0,1278,4954.7,6.703359,7.569323,-6.039738,2.23694,2.908022,3.131716,0,0.894776,-0.5,-0.5,0.7,153.8,153.8,153.5,Tripod,Other,,21,5,True,,True,False,,Smart,RC,False,True,False,,,True,,False,False,False,False,False,False,False,False,False,False,0,Follow Yaw,-77.9,0,145.8,145.8,False,False,False,False,False,,0,0,False,False,No Card,100,100,1024,1289,1024,1024,2,False,False,False,False,False,0,False,False,False,False,69,,46.38,,6980,,10044,,46.38,,True,3.864,3.864,3.864,3.864,3.864,3.864,3.864,3.864,3.864,3.864,3.864,3.864,0,,False,False,True,,,,,,,,,,,,,,,False,False,19.352,,103.4,,75.7,,103.4,,1320,118,1,22,7,144431.5,19257.54,,Idle,,20,,10,,,20,Go Home,False,False,False,False,False,False,False,False,False,False,False,False,33.8027920380556,-117.4659261431046,3940.9,3940.9,1049.4,396.9,True,1,1,False,False,False,False,,True,False,False,Course Lock,196.8,67,16.4,93,N,SW,2.68,11.4,Calm,False,False,Android,7.0.2,M300 RTK,1ZN7L4R0H1D00F,1W9DL31001461C,1ZMLH8300204F0,1Z6PH74DAP0QN7,"Corona, CA",728.3,5.7,137.7,8.547347,2.013246,0,0,DJI Matrice 300 RTK,M300 RTK,1ZN7L4R0H1D00F,1W9DL31001461C,1ZMLH8300204F0,1Z6PH74DAP0QN7,DJI Pilot,Android,7.0.2,1EF72A62-B7C3-C88D-164E-CE6F8C8424AE,1ZN7L4R0H1D00F,1W9DL31001461C,,1ZMLH8300204F0,1W9DL31001461C,,,,,
2023-11-01,11:33:54.74 AM,9m 32.4s,572.4,33.7954598163272,-117.475474144088,14.4,137.7,18.0,1278,4955.7,6.703359,7.569323,-6.039738,2.23694,2.908022,3.131716,0,0.894776,-0.3,-0.5,0.5,153.8,153.8,153.5,Tripod,Other,,21,5,True,,True,False,,Smart,RC,False,True,False,,,True,,False,False,False,False,False,False,False,False,False,False,0,Follow Yaw,-77.9,0,145.8,145.8,False,False,False,False,False,,0,0,False,False,No Card,100,100,1024,1297,1024,1024,2,False,False,False,False,False,0,False,False,False,False,69,,46.38,,6980,,10044,,46.38,,True,3.864,3.864,3.864,3.864,3.864,3.864,3.864,3.864,3.864,3.864,3.864,3.864,0,,False,False,True,,,,,,,,,,,,,,,False,False,19.352,,103.4,,75.7,,103.4,,1320,118,1,22,7,144431.5,19257.54,,Idle,,20,,10,,,20,Go Home,False,False,False,False,False,False,False,False,False,False,False,False,33.8027920380556,-117.4659261431046,3941.2,3941.2,1049.4,396.9,True,1,1,False,False,False,False,,True,False,False,Course Lock,196.8,67,16.4,93,N,SW,2.68,11.4,Calm,False,False,Android,7.0.2,M300 RTK,1ZN7L4R0H1D00F,1W9DL31001461C,1ZMLH8300204F0,1Z6PH74DAP0QN7,"Corona, CA",728.3,5.7,137.7,8.547347,2.013246,0,0,DJI Matrice 300 RTK,M300 RTK,1ZN7L4R0H1D00F,1W9DL31001461C,1ZMLH8300204F0,1Z6PH74DAP0QN7,DJI Pilot,Android,7.0.2,1EF72A62-B7C3-C88D-164E-CE6F8C8424AE,1ZN7L4R0H1D00F,1W9DL31001461C,,1ZMLH8300204F0,1W9DL31001461C,,,,,
2023-11-01,11:33:54.84 AM,9m 32.5s,572.5,33.795457334413,-117.475472629143,14.4,137.7,18.0,1278,4956.7,6.703359,7.569323,-6.039738,2.23694,2.908022,3.131716,0,0.894776,-0.1,-0.3,0.3,153.8,153.8,153.1,Tripod,Other,,21,5,True,,True,False,,Smart,RC,False,True,False,,,True,,False,False,False,False,False,False,False,False,False,False,0,Follow Yaw,-77.9,0,145.8,145.8,False,False,False,False,False,,0,0,False,False,No Card,100,100,1024,1313,1001,969,2,False,False,False,False,False,0,False,False,False,False,69,,46.38,,6980,,10044,,46.38,,True,3.864,3.864,3.864,3.864,3.864,3.864,3.864,3.864,3.864,3.864,3.864,3.864,0,,False,False,True,,,,,,,,,,,,,,,False,False,19.352,,103.4,,75.7,,103.4,,1320,118,1,22,7,144431.5,19257.54,,Idle,,20,,10,,,20,Go Home,False,False,False,False,False,False,False,False,False,False,False,False,33.8027920380556,-117.4659261431046,3941.5,3941.5,1049.4,396.9,True,1,1,False,False,False,False,,True,False,False,Course Lock,196.8,67,16.4,93,N,SW,2.68,11.4,Calm,False,False,Android,7.0.2,M300 RTK,1ZN7L4R0H1D00F,1W9DL31001461C,1ZMLH8300204F0,1Z6PH74DAP0QN7,"Corona, CA",728.3,5.7,137.7,8.547347,2.013246,0,0,DJI Matrice 300 RTK,M300 RTK,1ZN7L4R0H1D00F,1W9DL31001461C,1ZMLH8300204F0,1Z6PH74DAP0QN7,DJI Pilot,Android,7.0.2,1EF72A62-B7C3-C88D-164E-CE6F8C8424AE,1ZN7L4R0H1D00F,1W9DL31001461C,,1ZMLH8300204F0,1W9DL31001461C,,,,,
2023-11-01,11:33:54.94 AM,9m 32.6s,572.6,33.7954548541008,-117.4754711371648,14.4,137.7,18.0,1278,4957.7,6.502534,7.569323,-5.816044,2.23694,2.908022,3.131716,0,0.894776,0,-0.1,0.1,153.9,153.9,153.4,Tripod,Other,,21,5,True,,True,False,,Smart,RC,False,True,False,,,True,,False,False,False,False,False,False,False,False,False,False,0,Follow Yaw,-77.9,0,145.8,145.8,False,False,False,False,False,,0,0,False,False,No Card,100,100,1024,1307,935,809,2,False,False,False,False,False,0,False,False,False,False,69,,46.38,,6980,,10044,,46.38,,True,3.864,3.864,3.864,3.864,3.864,3.864,3.864,3.864,3.864,3.864,3.864,3.864,0,,False,False,True,,,,,,,,,,,,,,,False,False,19.352,,103.4,,75.7,,103.4,,1320,118,1,22,7,144431.5,19257.54,,Idle,,20,,10,,,20,Go Home,False,False,False,False,False,False,False,False,False,False,False,False,33.8027920380556,-117.4659261431046,3941.8,3941.8,1049.4,396.9,True,1,1,False,False,False,False,,True,False,False,Course Lock,196.8,67,16.4,93,N,SW,2.68,11.4,Calm,False,False,Android,7.0.2,M300 RTK,1ZN7L4R0H1D00F,1W9DL31001461C,1ZMLH8300204F0,1Z6PH74DAP0QN7,"Corona, CA",728.3,5.7,137.7,8.547347,2.013246,0,0,DJI Matrice 300 RTK,M300 RTK,1ZN7L4R0H1D00F,1W9DL31001461C,1ZMLH8300204F0,1Z6PH74DAP0QN7,DJI Pilot,Android,7.0.2,1EF72A62-B7C3-C88D-164E-CE6F8C8424AE,1ZN7L4R0H1D00F,1W9DL31001461C,,1ZMLH8300204F0,1W9DL31001461C,,,,,
2023-11-01,11:33:55.04 AM,9m 32.7s,572.7,33.7954525851507,-117.4754697405175,14.4,137.7,18.3,1278,4958.6,6.502534,7.569323,-5.816044,2.23694,2.908022,3.131716,0,0.894776,0,-0.3,0.3,153.8,153.8,152.9,Tripod,Other,,21,5,True,,True,False,,Smart,RC,False,True,False,,,True,,False,False,False,False,False,False,False,False,False,False,0,Follow Yaw,-77.9,0,145.5,145.5,False,False,False,False,False,,0,0,False,False,No Card,100,100,1024,1307,904,868,2,False,False,False,False,False,0,False,False,False,False,70,,46.344,,3490,,4986,,46.344,,True,3.864,3.864,3.864,3.864,3.864,3.864,3.864,3.864,3.864,3.864,3.864,3.864,0,,False,False,True,,,,,,,,,,,,,,,False,False,9.676,,103.2,,75.7,,103.4,,1320,118,1,22,7,144431.5,19257.54,,Idle,,20,,10,,,20,Go Home,False,False,False,False,False,False,False,False,False,False,False,False,33.8027920380556,-117.4659261431046,3942.0,3942.0,1049.4,396.9,True,1,1,False,False,False,False,,True,False,False,Course Lock,196.8,67,16.4,93,N,SW,2.68,11.4,Calm,False,False,Android,7.0.2,M300 RTK,1ZN7L4R0H1D00F,1W9DL31001461C,1ZMLH8300204F0,1Z6PH74DAP0QN7,"Corona, CA",728.3,5.7,137.7,8.547347,2.013246,0,0,DJI Matrice 300 RTK,M300 RTK,1ZN7L4R0H1D00F,1W9DL31001461C,1ZMLH8300204F0,1Z6PH74DAP0QN7,DJI Pilot,Android,7.0.2,1EF72A62-B7C3-C88D-164E-CE6F8C8424AE,1ZN7L4R0H1D00F,1W9DL31001461C,,1ZMLH8300204F0,1W9DL31001461C,,,,,
2023-11-01,11:33:55.14 AM,9m 32.8s,572.8,33.7954501656009,-117.475468290226,14.4,137.7,18.3,1278,4959.6,6.502534,7.569323,-5.816044,2.23694,2.908022,3.131716,0,0.894776,-0.2,-1.4,1.4,153.7,153.7,153.5,Tripod,Other,,21,5,True,,True,False,,Smart,RC,False,True,False,,,True,,False,False,False,False,False,False,False,False,False,False,0,Follow Yaw,-77.9,0,145.1,145.1,False,False,False,False,False,,0,0,False,False,No Card,100,100,1024,1305,824,866,2,False,False,False,False,False,0,False,False,False,False,70,,46.344,,3490,,4986,,46.344,,True,3.864,3.864,3.864,3.864,3.864,3.864,3.864,3.864,3.864,3.864,3.864,3.864,0,,False,False,True,,,,,,,,,,,,,,,False,False,9.676,,103.2,,75.7,,103.4,,1320,118,1,22,7,144431.5,19257.54,,Idle,,20,,10,,,20,Go Home,False,False,False,False,False,False,False,False,False,False,False,False,33.8027920380556,-117.4659261431046,3942.3,3942.3,1049.4,396.9,True,1,1,False,False,False,False,,True,False,False,Course Lock,196.8,67,16.4,93,N,SW,2.68,11.4,Calm,False,False,Android,7.0.2,M300 RTK,1ZN7L4R0H1D00F,1W9DL31001461C,1ZMLH8300204F0,1Z6PH74DAP0QN7,"Corona, CA",728.3,5.7,137.7,8.547347,2.013246,0,0,DJI Matrice 300 RTK,M300 RTK,1ZN7L4R0H1D00F,1W9DL31001461C,1ZMLH8300204F0,1Z6PH74DAP0QN7,DJI Pilot,Android,7.0.2,1EF72A62-B7C3-C88D-164E-CE6F8C8424AE,1ZN7L4R0H1D00F,1W9DL31001461C,,1ZMLH8300204F0,1W9DL31001461C,,,,,
2023-11-01,11:33:55.24 AM,9m 32.9s,572.9,33.7954477752544,-117.4754668469028,14.4,137.7,18.3,1278,4960.6,6.30325,7.569323,-5.59235,2.23694,2.908022,3.131716,0,0.894776,-0.4,-2.1,2.1,153.4,153.4,153.3,Tripod,Other,,21,5,True,,True,False,,Smart,RC,False,True,False,,,True,,False,False,False,False,False,False,False,False,False,False,0,Follow Yaw,-77.9,0,144.7,144.7,False,False,False,False,False,,0,0,False,False,No Card,100,100,1024,1302,777,870,2,False,False,False,False,False,0,False,False,False,False,70,,46.344,,3490,,4986,,46.344,,True,3.864,3.864,3.864,3.864,3.864,3.864,3.864,3.864,3.864,3.864,3.864,3.864,0,,False,False,True,,,,,,,,,,,,,,,False,False,9.676,,103.2,,75.7,,103.4,,1320,118,1,22,7,144431.5,19257.54,,Idle,,20,,10,,,20,Go Home,False,False,False,False,False,False,False,False,False,False,False,False,33.8027920380556,-117.4659261431046,3942.6,3942.6,1049.4,396.9,True,1,1,False,False,False,False,,True,False,False,Course Lock,196.8,67,16.4,93,N,SW,2.68,11.4,Calm,False,False,Android,7.0.2,M300 RTK,1ZN7L4R0H1D00F,1W9DL31001461C,1ZMLH8300204F0,1Z6PH74DAP0QN7,"Corona, CA",728.3,5.7,137.7,8.547347,2.013246,0,0,DJI Matrice 300 RTK,M300 RTK,1ZN7L4R0H1D00F,1W9DL31001461C,1ZMLH8300204F0,1Z6PH74DAP0QN7,DJI Pilot,Android,7.0.2,1EF72A62-B7C3-C88D-164E-CE6F8C8424AE,1ZN7L4R0H1D00F,1W9DL31001461C,,1ZMLH8300204F0,1W9DL31001461C,,,,,
2023-11-01,11:33:55.34 AM,9m 33.0s,573.0,33.7954454090398,-117.4754653797882,14.4,137.7,18.3,1278,4961.6,6.30325,7.569323,-5.59235,2.23694,2.908022,3.131716,0,0.894776,-0.7,-2,2.1,153.2,153.2,152.7,Tripod,Other,,21,5,True,,True,False,,Smart,RC,False,True,False,,,True,,False,False,False,False,False,False,False,False,False,False,0,Follow Yaw,-77.9,0,144.4,144.4,False,False,False,False,False,,0,0,False,False,No Card,100,100,980,1286,754,919,2,False,False,False,False,False,0,False,False,False,False,69,,46.428,,6980,,10044,,46.428,,True,3.864,3.864,3.864,3.864,3.864,3.864,3.864,3.864,3.864,3.864,3.864,3.864,0,,False,False,True,,,,,,,,,,,,,,,False,False,19.25,,103.4,,75.7,,103.4,,1320,118,1,22,7,144431.5,19257.54,,Idle,,20,,10,,,20,Go Home,False,False,False,False,False,False,False,False,False,False,False,False,33.8027920380556,-117.4659261431046,3942.8,3942.8,1049.4,396.9,True,1,1,False,False,False,False,,True,False,False,Course Lock,196.8,67,16.4,93,N,SW,2.9,11.4,Calm,False,False,Android,7.0.2,M300 RTK,1ZN7L4R0H1D00F,1W9DL31001461C,1ZMLH8300204F0,1Z6PH74DAP0QN7,"Corona, CA",728.3,5.7,137.7,8.547347,2.013246,0,0,DJI Matrice 300 RTK,M300 RTK,1ZN7L4R0H1D00F,1W9DL31001461C,1ZMLH8300204F0,1Z6PH74DAP0QN7,DJI Pilot,Android,7.0.2,1EF72A62-B7C3-C88D-164E-CE6F8C8424AE,1ZN7L4R0H1D00F,1W9DL31001461C,,1ZMLH8300204F0,1W9DL31001461C,,,,,
2023-11-01,11:33:55.41 AM,9m 33.1s,573.1,33.7954429220457,-117.4754638326402,14.4,137.7,18.3,1278,4962.6,6.30325,7.569323,-5.59235,2.23694,2.908022,3.131716,0,0.894776,-0.8,-1.6,1.7,152.9,152.9,152.6,Tripod,Other,,21,5,True,,True,False,,Smart,RC,False,True,False,,,True,,False,False,False,False,False,False,False,False,False,False,0,Follow Yaw,-77.9,0,144.2,144.2,False,False,False,False,False,,0,0,False,False,No Card,100,100,974,1278,736,969,2,False,False,False,False,False,0,False,False,False,False,69,,46.428,,6980,,10044,,46.428,,True,3.864,3.864,3.864,3.864,3.864,3.864,3.864,3.864,3.864,3.864,3.864,3.864,0,,False,False,True,,,,,,,,,,,,,,,False,False,19.25,,103.4,,75.7,,103.4,,1320,118,1,22,7,144431.5,19257.54,,Idle,,20,,10,,,20,Go Home,False,False,False,False,False,False,False,False,False,False,False,False,33.8027920380556,-117.4659261431046,3943.1,3943.1,1049.4,396.9,True,1,1,False,False,False,False,,True,False,False,Course Lock,196.8,67,16.4,93,N,SW,2.9,11.4,Calm,False,False,Android,7.0.2,M300 RTK,1ZN7L4R0H1D00F,1W9DL31001461C,1ZMLH8300204F0,1Z6PH74DAP0QN7,"Corona, CA",728.3,5.7,137.7,8.547347,2.013246,0,0,DJI Matrice 300 RTK,M300 RTK,1ZN7L4R0H1D00F,1W9DL31001461C,1ZMLH8300204F0,1Z6PH74DAP0QN7,DJI Pilot,Android,7.0.2,1EF72A62-B7C3-C88D-164E-CE6F8C8424AE,1ZN7L4R0H1D00F,1W9DL31001461C,,1ZMLH8300204F0,1W9DL31001461C,,,,,
2023-11-01,11:33:55.54 AM,9m 33.2s,573.2,33.795440586328,-117.4754623378581,14.4,137.7,18.3,1278,4963.6,6.30325,7.569323,-5.59235,2.23694,2.908022,3.131716,0.223694,0.894776,-0.6,-1,1.1,152.6,152.6,151.9,Tripod,Other,,21,5,True,,True,False,,Smart,RC,False,True,False,,,True,,False,False,False,False,False,False,False,False,False,False,0,Follow Yaw,-77.9,0,144,144,False,False,False,False,False,,0,0,False,False,No Card,100,100,1023,1285,667,977,2,False,False,False,False,False,0,False,False,False,False,69,,46.428,,6980,,10044,,46.428,,True,3.864,3.864,3.864,3.864,3.864,3.864,3.864,3.864,3.864,3.864,3.864,3.864,0,,False,False,True,,,,,,,,,,,,,,,False,False,19.25,,103.4,,75.7,,103.4,,1320,118,1,22,7,144431.5,19257.54,,Idle,,20,,10,,,20,Go Home,False,False,False,False,False,False,False,False,False,False,False,False,33.8027920380556,-117.4659261431046,3943.3,3943.3,1049.4,396.9,True,1,1,False,False,False,False,,True,False,False,Course Lock,196.8,67,16.4,93,N,SW,2.68,11.4,Calm,False,False,Android,7.0.2,M300 RTK,1ZN7L4R0H1D00F,1W9DL31001461C,1ZMLH8300204F0,1Z6PH74DAP0QN7,"Corona, CA",728.3,5.7,137.7,8.547347,2.013246,0,0,DJI Matrice 300 RTK,M300 RTK,1ZN7L4R0H1D00F,1W9DL31001461C,1ZMLH8300204F0,1Z6PH74DAP0QN7,DJI Pilot,Android,7.0.2,1EF72A62-B7C3-C88D-164E-CE6F8C8424AE,1ZN7L4R0H1D00F,1W9DL31001461C,,1ZMLH8300204F0,1W9DL31001461C,,,,,
2023-11-01,11:33:55.64 AM,9m 33.3s,573.3,33.7954382209187,-117.4754608550337,14.4,137.7,18.3,1278,4964.5,6.30325,7.569323,-5.59235,2.23694,2.908022,3.131716,0.223694,0.894776,-0.3,-0.4,0.5,152.4,152.4,152.4,Tripod,Other,,21,5,True,,True,False,,Smart,RC,False,True,False,,,True,,False,False,False,False,False,False,False,False,False,False,0,Follow Yaw,-77.9,0,144,144,False,False,False,False,False,,0,0,False,False,No Card,100,100,1024,1295,668,981,2,False,False,False,False,False,0,False,False,False,False,69,,46.428,,6980,,10044,,46.428,,True,3.869,3.869,3.869,3.869,3.869,3.869,3.869,3.869,3.869,3.869,3.869,3.869,0,,False,False,True,,,,,,,,,,,,,,,False,False,19.25,,103.4,,75.7,,103.4,,1318,118,1,22,7,144834.2,19311.23,,Idle,,20,,10,,,20,Go Home,False,False,False,False,False,False,False,False,False,False,False,False,33.8027920380556,-117.4659261431046,3943.6,3943.6,1049.4,396.9,True,1,1,False,False,False,False,,True,False,False,Course Lock,196.8,67,16.4,93,N,SW,2.68,11.4,Calm,False,False,Android,7.0.2,M300 RTK,1ZN7L4R0H1D00F,1W9DL31001461C,1ZMLH8300204F0,1Z6PH74DAP0QN7,"Corona, CA",728.3,5.7,137.7,8.547347,2.013246,0,0,DJI Matrice 300 RTK,M300 RTK,1ZN7L4R0H1D00F,1W9DL31001461C,1ZMLH8300204F0,1Z6PH74DAP0QN7,DJI Pilot,Android,7.0.2,1EF72A62-B7C3-C88D-164E-CE6F8C8424AE,1ZN7L4R0H1D00F,1W9DL31001461C,,1ZMLH8300204F0,1W9DL31001461C,,,,,
2023-11-01,11:33:55.74 AM,9m 33.4s,573.4,33.7954359176339,-117.4754593732813,14.4,137.7,18.3,1278,4965.5,6.105657,7.569323,-5.368656,2.23694,2.908022,3.131716,0.447388,0.894776,0,-0.3,0.3,152.2,152.2,151.8,Tripod,Other,,21,5,True,,True,False,,Smart,RC,False,True,False,,,True,,False,False,False,False,False,False,False,False,False,False,0,Follow Yaw,-77.9,0,143.9,143.9,False,False,False,False,False,,0,0,False,False,No Card,100,100,1024,1286,661,995,2,False,False,False,False,False,0,False,False,False,False,69,,46.428,,6980,,10044,,46.428,,True,3.869,3.869,3.869,3.869,3.869,3.869,3.869,3.869,3.869,3.869,3.869,3.869,0,,False,False,True,,,,,,,,,,,,,,,False,False,19.25,,103.4,,75.7,,103.4,,1318,118,1,22,7,144834.2,19311.23,,Idle,,20,,10,,,20,Go Home,False,False,False,False,False,False,False,False,False,False,False,False,33.8027920380556,-117.4659261431046,3943.8,3943.8,1049.4,396.9,True,1,1,False,False,False,False,,True,False,False,Course Lock,196.8,67,16.4,93,N,SW,2.68,11.4,Calm,False,False,Android,7.0.2,M300 RTK,1ZN7L4R0H1D00F,1W9DL31001461C,1ZMLH8300204F0,1Z6PH74DAP0QN7,"Corona, CA",728.3,5.7,137.7,8.547347,2.013246,0,0,DJI Matrice 300 RTK,M300 RTK,1ZN7L4R0H1D00F,1W9DL31001461C,1ZMLH8300204F0,1Z6PH74DAP0QN7,DJI Pilot,Android,7.0.2,1EF72A62-B7C3-C88D-164E-CE6F8C8424AE,1ZN7L4R0H1D00F,1W9DL31001461C,,1ZMLH8300204F0,1W9DL31001461C,,,,,
2023-11-01,11:33:55.81 AM,9m 33.5s,573.5,33.7954337685297,-117.4754578059291,14.1,137.7,18.3,1278,4966.4,6.105657,7.569323,-5.368656,2.23694,2.908022,3.131716,0.671082,0.894776,0.2,-0.4,0.4,152,152,148.7,Tripod,Other,,21,5,True,,True,False,,Smart,RC,False,True,False,,,True,,False,False,False,False,False,False,False,False,False,False,0,Follow Yaw,-77.9,0,143.9,143.9,False,False,False,False,False,,0,0,False,False,No Card,100,100,1024,1283,650,1000,2,False,False,False,False,False,0,False,False,False,False,69,,46.428,,6980,,10044,,46.428,,True,3.869,3.869,3.869,3.869,3.869,3.869,3.869,3.869,3.869,3.869,3.869,3.869,0,,False,False,True,,,,,,,,,,,,,,,False,False,19.25,,103.4,,75.7,,103.4,,1318,118,1,22,7,144834.2,19311.23,,Idle,,20,,10,,,20,Go Home,False,False,False,False,False,False,False,False,False,False,False,False,33.8027920380556,-117.4659261431046,3944.0,3944.0,1049.4,396.9,True,1,1,False,False,False,False,,True,False,False,Course Lock,196.8,67,16.4,93,N,SW,2.68,11.4,Calm,False,False,Android,7.0.2,M300 RTK,1ZN7L4R0H1D00F,1W9DL31001461C,1ZMLH8300204F0,1Z6PH74DAP0QN7,"Corona, CA",728.3,5.7,137.7,8.547347,2.013246,0,0,DJI Matrice 300 RTK,M300 RTK,1ZN7L4R0H1D00F,1W9DL31001461C,1ZMLH8300204F0,1Z6PH74DAP0QN7,DJI Pilot,Android,7.0.2,1EF72A62-B7C3-C88D-164E-CE6F8C8424AE,1ZN7L4R0H1D00F,1W9DL31001461C,,1ZMLH8300204F0,1W9DL31001461C,,,,,
2023-11-01,11:33:55.94 AM,9m 33.6s,573.6,33.7954315263843,-117.4754563414946,14.1,137.7,18.3,1278,4967.3,6.105657,7.569323,-5.368656,2.23694,2.908022,3.131716,0.671082,0.894776,0.4,-0.5,0.6,152,152,151.5,Tripod,Other,,21,5,True,,True,False,,Smart,RC,False,True,False,,,True,,False,False,False,False,False,False,False,False,False,False,0,Follow Yaw,-77.9,0,143.9,143.9,False,False,False,False,False,,0,0,False,False,No Card,100,100,1024,1284,653,986,2,False,False,False,False,False,0,False,False,False,False,69,,46.428,,6980,,10044,,46.428,,True,3.869,3.869,3.869,3.869,3.869,3.869,3.869,3.869,3.869,3.869,3.869,3.869,0,,False,False,True,,,,,,,,,,,,,,,False,False,19.25,,103.4,,75.7,,103.4,,1318,118,1,22,7,144834.2,19311.23,,Idle,,20,,10,,,20,Go Home,False,False,False,False,False,False,False,False,False,False,False,False,33.8027920380556,-117.4659261431046,3944.2,3944.2,1049.4,396.9,True,1,1,False,False,False,False,,True,False,False,Course Lock,196.8,67,16.4,93,N,SW,2.68,11.4,Calm,False,False,Android,7.0.2,M300 RTK,1ZN7L4R0H1D00F,1W9DL31001461C,1ZMLH8300204F0,1Z6PH74DAP0QN7,"Corona, CA",728.3,5.7,137.7,8.547347,2.013246,0,0,DJI Matrice 300 RTK,M300 RTK,1ZN7L4R0H1D00F,1W9DL31001461C,1ZMLH8300204F0,1Z6PH74DAP0QN7,DJI Pilot,Android,7.0.2,1EF72A62-B7C3-C88D-164E-CE6F8C8424AE,1ZN7L4R0H1D00F,1W9DL31001461C,,1ZMLH8300204F0,1W9DL31001461C,,,,,
2023-11-01,11:33:56.02 AM,9m 33.7s,573.7,33.7954292909036,-117.4754548690197,14.1,137.7,18.3,1278,4968.3,5.803124,7.569323,-5.144962,2.23694,2.684328,3.131716,0.671082,0.894776,0.3,-0.4,0.5,152,152,151.3,Tripod,Other,,21,5,True,,True,False,,Smart,RC,False,True,False,,,True,,False,False,False,False,False,False,False,False,False,False,0,Follow Yaw,-77.9,0,143.8,143.8,False,False,False,False,False,,0,0,False,False,No Card,100,100,1024,1284,653,986,2,False,False,False,False,False,0,False,False,False,False,69,,46.428,,6980,,10044,,46.428,,True,3.869,3.869,3.869,3.869,3.869,3.869,3.869,3.869,3.869,3.869,3.869,3.869,0,,False,False,True,,,,,,,,,,,,,,,False,False,19.25,,103.4,,75.7,,103.4,,1318,118,1,22,7,144834.2,19311.23,,Idle,,20,,10,,,20,Go Home,False,False,False,False,False,False,False,False,False,False,False,False,33.8027920380556,-117.4659261431046,3944.5,3944.5,1049.4,396.9,True,1,1,False,False,False,False,,True,False,False,Course Lock,196.8,67,16.4,93,N,SW,2.68,11.4,Calm,False,False,Android,7.0.2,M300 RTK,1ZN7L4R0H1D00F,1W9DL31001461C,1ZMLH8300204F0,1Z6PH74DAP0QN7,"Corona, CA",728.3,5.7,137.7,8.547347,2.013246,0,0,DJI Matrice 300 RTK,M300 RTK,1ZN7L4R0H1D00F,1W9DL31001461C,1ZMLH8300204F0,1Z6PH74DAP0QN7,DJI Pilot,Android,7.0.2,1EF72A62-B7C3-C88D-164E-CE6F8C8424AE,1ZN7L4R0H1D00F,1W9DL31001461C,,1ZMLH8300204F0,1W9DL31001461C,,,,,
2023-11-01,11:33:56.13 AM,9m 33.8s,573.8,33.7954270989838,-117.4754534395509,13.7,137.7,18.0,1278,4969.2,5.803124,7.569323,-5.144962,2.23694,2.684328,3.131716,0.894776,0.894776,0.1,-0.3,0.3,152,152,151.5,Tripod,Other,,21,5,True,,True,False,,Smart,RC,False,True,False,,,True,,False,False,False,False,False,False,False,False,False,False,0,Follow Yaw,-77.9,0,143.8,143.8,False,False,False,False,False,,0,0,False,False,No Card,100,100,1024,1296,713,1020,2,False,False,False,False,False,0,False,False,False,False,69,,46.428,,6980,,10044,,46.428,,True,3.869,3.869,3.869,3.869,3.869,3.869,3.869,3.869,3.869,3.869,3.869,3.869,0,,False,False,True,,,,,,,,,,,,,,,False,False,19.25,,103.4,,75.7,,103.4,,1318,118,1,22,7,144834.2,19311.23,,Idle,,20,,10,,,20,Go Home,False,False,False,False,False,False,False,False,False,False,False,False,33.8027920380556,-117.4659261431046,3944.7,3944.7,1049.4,396.9,True,1,1,False,False,False,False,,True,False,False,Course Lock,196.8,67,16.4,93,N,SW,2.68,11.4,Calm,False,False,Android,7.0.2,M300 RTK,1ZN7L4R0H1D00F,1W9DL31001461C,1ZMLH8300204F0,1Z6PH74DAP0QN7,"Corona, CA",728.3,5.7,137.7,8.547347,2.013246,0,0,DJI Matrice 300 RTK,M300 RTK,1ZN7L4R0H1D00F,1W9DL31001461C,1ZMLH8300204F0,1Z6PH74DAP0QN7,DJI Pilot,Android,7.0.2,1EF72A62-B7C3-C88D-164E-CE6F8C8424AE,1ZN7L4R0H1D00F,1W9DL31001461C,,1ZMLH8300204F0,1W9DL31001461C,,,,,
2023-11-01,11:33:56.23 AM,9m 33.9s,573.9,33.795425088332,-117.4754521389355,13.7,137.7,18.0,1278,4970.0,5.803124,7.569323,-5.144962,2.23694,2.684328,3.131716,0.894776,0.894776,0.1,-0.4,0.4,151.9,151.9,151.7,Tripod,Other,,21,5,True,,True,False,,Smart,RC,False,True,False,,,True,,False,False,False,False,False,False,False,False,False,False,0,Follow Yaw,-77.9,0,143.8,143.8,False,False,False,False,False,,0,0,False,False,No Card,100,100,1024,1303,760,1017,2,False,False,False,False,False,0,False,False,False,False,69,,46.428,,6980,,10044,,46.428,,True,3.869,3.869,3.869,3.869,3.869,3.869,3.869,3.869,3.869,3.869,3.869,3.869,0,,False,False,True,,,,,,,,,,,,,,,False,False,19.25,,103.4,,75.7,,103.4,,1318,118,1,22,7,144834.2,19311.23,,Idle,,20,,10,,,20,Go Home,False,False,False,False,False,False,False,False,False,False,False,False,33.8027920380556,-117.4659261431046,3944.9,3944.9,1049.4,396.9,True,1,1,False,False,False,False,,True,False,False,Course Lock,196.8,67,16.4,93,N,SW,2.68,11.4,Calm,False,False,Android,7.0.2,M300 RTK,1ZN7L4R0H1D00F,1W9DL31001461C,1ZMLH8300204F0,1Z6PH74DAP0QN7,"Corona, CA",728.3,5.7,137.7,8.547347,2.013246,0,0,DJI Matrice 300 RTK,M300 RTK,1ZN7L4R0H1D00F,1W9DL31001461C,1ZMLH8300204F0,1Z6PH74DAP0QN7,DJI Pilot,Android,7.0.2,1EF72A62-B7C3-C88D-164E-CE6F8C8424AE,1ZN7L4R0H1D00F,1W9DL31001461C,,1ZMLH8300204F0,1W9DL31001461C,,,,,
2023-11-01,11:33:56.33 AM,9m 34.0s,574.0,33.7954229578428,-117.4754507593587,13.4,137.7,18.0,1277,4970.9,5.803124,7.569323,-5.144962,2.23694,2.684328,3.131716,0.894776,0.894776,-0.1,-0.3,0.3,151.9,151.9,151.7,Tripod,Other,,21,5,True,,True,False,,Smart,RC,False,True,False,,,True,,False,False,False,False,False,False,False,False,False,False,0,Follow Yaw,-77.9,0,143.8,143.8,False,False,False,False,False,,0,0,False,False,No Card,100,100,1024,1309,743,902,2,False,False,False,False,False,0,False,False,False,False,70,,46.404,,3490,,4986,,46.404,,True,3.869,3.869,3.869,3.869,3.869,3.869,3.869,3.869,3.869,3.869,3.869,3.869,0,,False,False,True,,,,,,,,,,,,,,,False,False,9.51,,103.2,,75.7,,103.4,,1318,118,1,22,7,144834.2,19311.23,,Idle,,20,,10,,,20,Go Home,False,False,False,False,False,False,False,False,False,False,False,False,33.8027920380556,-117.4659261431046,3945.1,3945.1,1049.4,396.9,True,1,1,False,False,False,False,,True,False,False,Course Lock,196.8,67,16.4,93,N,SW,2.68,11.4,Calm,False,False,Android,7.0.2,M300 RTK,1ZN7L4R0H1D00F,1W9DL31001461C,1ZMLH8300204F0,1Z6PH74DAP0QN7,"Corona, CA",728.3,5.7,137.7,8.547347,2.013246,0,0,DJI Matrice 300 RTK,M300 RTK,1ZN7L4R0H1D00F,1W9DL31001461C,1ZMLH8300204F0,1Z6PH74DAP0QN7,DJI Pilot,Android,7.0.2,1EF72A62-B7C3-C88D-164E-CE6F8C8424AE,1ZN7L4R0H1D00F,1W9DL31001461C,,1ZMLH8300204F0,1W9DL31001461C,,,,,
2023-11-01,11:33:56.44 AM,9m 34.1s,574.1,33.7954209323023,-117.4754494002336,13.4,137.7,18.0,1277,4971.7,5.605755,7.569323,-4.921268,2.23694,2.684328,3.131716,0.894776,0.894776,-0.2,-0.2,0.2,151.9,151.9,150.8,Tripod,Other,,21,5,True,,True,False,,Smart,RC,False,True,False,,,True,,False,False,False,False,False,False,False,False,False,False,0,Follow Yaw,-77.9,0,143.7,143.7,False,False,False,False,False,,0,0,False,False,No Card,100,100,1024,1311,726,701,2,False,False,False,False,False,0,False,False,False,False,70,,46.404,,3490,,4986,,46.404,,True,3.869,3.869,3.869,3.869,3.869,3.869,3.869,3.869,3.869,3.869,3.869,3.869,0,,False,False,True,,,,,,,,,,,,,,,False,False,9.51,,103.2,,75.7,,103.4,,1318,118,1,22,7,144834.2,19311.23,,Idle,,20,,10,,,20,Go Home,False,False,False,False,False,False,False,False,False,False,False,False,33.8027920380556,-117.4659261431046,3945.3,3945.3,1049.4,396.9,True,1,1,False,False,False,False,,True,False,False,Course Lock,196.8,67,16.4,93,N,SW,2.68,11.4,Calm,False,False,Android,7.0.2,M300 RTK,1ZN7L4R0H1D00F,1W9DL31001461C,1ZMLH8300204F0,1Z6PH74DAP0QN7,"Corona, CA",728.3,5.7,137.7,8.547347,2.013246,0,0,DJI Matrice 300 RTK,M300 RTK,1ZN7L4R0H1D00F,1W9DL31001461C,1ZMLH8300204F0,1Z6PH74DAP0QN7,DJI Pilot,Android,7.0.2,1EF72A62-B7C3-C88D-164E-CE6F8C8424AE,1ZN7L4R0H1D00F,1W9DL31001461C,,1ZMLH8300204F0,1W9DL31001461C,,,,,
2023-11-01,11:33:56.54 AM,9m 34.2s,574.2,33.7954188519445,-117.4754480512105,13.4,137.7,17.7,1277,4972.6,5.605755,7.569323,-4.921268,2.23694,2.684328,3.131716,0.671082,0.894776,-0.4,-0.6,0.7,151.8,151.8,151.6,Tripod,Other,,21,5,True,,True,False,,Smart,RC,False,True,False,,,True,,False,False,False,False,False,False,False,False,False,False,0,Follow Yaw,-77.9,0,143.1,143.1,False,False,False,False,False,,0,0,False,False,No Card,100,100,1024,1310,736,664,2,False,False,False,False,False,0,False,False,False,False,70,,46.404,,3490,,4986,,46.404,,True,3.869,3.869,3.869,3.869,3.869,3.869,3.869,3.869,3.869,3.869,3.869,3.869,0,,False,False,True,,,,,,,,,,,,,,,False,False,9.51,,103.2,,75.7,,103.4,,1318,118,1,22,7,144834.2,19311.23,,Idle,,20,,10,,,20,Go Home,False,False,False,False,False,False,False,False,False,False,False,False,33.8027920380556,-117.4659261431046,3945.6,3945.6,1049.4,396.9,True,1,1,False,False,False,False,,True,False,False,Course Lock,196.8,67,16.4,93,N,SW,2.68,11.4,Calm,False,False,Android,7.0.2,M300 RTK,1ZN7L4R0H1D00F,1W9DL31001461C,1ZMLH8300204F0,1Z6PH74DAP0QN7,"Corona, CA",728.3,5.7,137.7,8.547347,2.013246,0,0,DJI Matrice 300 RTK,M300 RTK,1ZN7L4R0H1D00F,1W9DL31001461C,1ZMLH8300204F0,1Z6PH74DAP0QN7,DJI Pilot,Android,7.0.2,1EF72A62-B7C3-C88D-164E-CE6F8C8424AE,1ZN7L4R0H1D00F,1W9DL31001461C,,1ZMLH8300204F0,1W9DL31001461C,,,,,
2023-11-01,11:33:56.64 AM,9m 34.3s,574.3,33.7954166878488,-117.4754467457708,13.1,137.7,17.7,1277,4973.5,5.605755,7.569323,-4.921268,2.23694,2.684328,3.131716,0.671082,0.894776,-0.7,-2.3,2.4,151.6,151.6,153.3,Tripod,Other,,21,5,True,,True,False,,Smart,RC,False,True,False,,,True,,False,False,False,False,False,False,False,False,False,False,0,Follow Yaw,-77.9,0,142.2,142.2,False,False,False,False,False,,0,0,False,False,No Card,100,100,987,1293,761,764,2,False,False,False,False,False,0,False,False,False,False,70,,46.404,,3490,,4986,,46.404,,True,3.863,3.863,3.863,3.863,3.863,3.863,3.863,3.863,3.863,3.863,3.863,3.863,0,,False,False,True,,,,,,,,,,,,,,,False,False,9.51,,103.2,,75.7,,103.4,,1316,118,1,22,7,145045.9,19339.46,,Idle,,20,,10,,,20,Go Home,False,False,False,False,False,False,False,False,False,False,False,False,33.8027920380556,-117.4659261431046,3945.8,3945.8,1049.4,396.9,True,1,1,False,False,False,False,,True,False,False,Course Lock,196.8,67,16.4,93,N,SW,2.68,11.4,Calm,False,False,Android,7.0.2,M300 RTK,1ZN7L4R0H1D00F,1W9DL31001461C,1ZMLH8300204F0,1Z6PH74DAP0QN7,"Corona, CA",728.3,5.7,137.7,8.547347,2.013246,0,0,DJI Matrice 300 RTK,M300 RTK,1ZN7L4R0H1D00F,1W9DL31001461C,1ZMLH8300204F0,1Z6PH74DAP0QN7,DJI Pilot,Android,7.0.2,1EF72A62-B7C3-C88D-164E-CE6F8C8424AE,1ZN7L4R0H1D00F,1W9DL31001461C,,1ZMLH8300204F0,1W9DL31001461C,,,,,
2023-11-01,11:33:56.74 AM,9m 34.4s,574.4,33.7954146478994,-117.475445383512,13.1,137.7,17.7,1277,4974.3,5.605755,7.569323,-4.921268,2.23694,2.684328,3.131716,0.671082,0.894776,-1,-3.5,3.6,151.1,151.1,150.9,Tripod,Other,,21,5,True,,True,False,,Smart,RC,False,True,False,,,True,,False,False,False,False,False,False,False,False,False,False,0,Follow Yaw,-77.9,0,141.5,141.5,False,False,False,False,False,,0,0,False,False,No Card,100,100,908,1269,762,769,2,False,False,False,False,False,0,False,False,False,False,70,,46.404,,3490,,4986,,46.404,,True,3.863,3.863,3.863,3.863,3.863,3.863,3.863,3.863,3.863,3.863,3.863,3.863,0,,False,False,True,,,,,,,,,,,,,,,False,False,9.51,,103.2,,75.7,,103.4,,1316,118,1,22,7,145045.9,19339.46,,Idle,,20,,10,,,20,Go Home,False,False,False,False,False,False,False,False,False,False,False,False,33.8027920380556,-117.4659261431046,3946.0,3946.0,1049.4,396.9,True,1,1,False,False,False,False,,True,False,False,Course Lock,196.8,67,16.4,93,N,SW,2.68,11.4,Calm,False,False,Android,7.0.2,M300 RTK,1ZN7L4R0H1D00F,1W9DL31001461C,1ZMLH8300204F0,1Z6PH74DAP0QN7,"Corona, CA",728.3,5.7,137.7,8.547347,2.013246,0,0,DJI Matrice 300 RTK,M300 RTK,1ZN7L4R0H1D00F,1W9DL31001461C,1ZMLH8300204F0,1Z6PH74DAP0QN7,DJI Pilot,Android,7.0.2,1EF72A62-B7C3-C88D-164E-CE6F8C8424AE,1ZN7L4R0H1D00F,1W9DL31001461C,,1ZMLH8300204F0,1W9DL31001461C,,,,,
2023-11-01,11:33:56.85 AM,9m 34.5s,574.5,33.795413048921,-117.475444150725,13.1,137.7,17.3,1277,4975.0,5.410436,7.569323,-4.697574,2.23694,2.684328,3.131716,0.671082,0.894776,-1,-3.3,3.4,150.5,150.5,147.3,Tripod,Other,,21,5,True,,True,False,,Smart,RC,False,True,False,,,True,,False,False,False,False,False,False,False,False,False,False,0,Follow Yaw,-77.9,0,140.8,140.8,False,False,False,False,False,,0,0,False,False,No Card,100,100,857,1248,762,770,2,False,False,False,False,False,0,False,False,False,False,70,,46.404,,3490,,4986,,46.404,,True,3.863,3.863,3.863,3.863,3.863,3.863,3.863,3.863,3.863,3.863,3.863,3.863,0,,False,False,True,,,,,,,,,,,,,,,False,False,9.51,,103.2,,75.7,,103.4,,1316,118,1,22,7,145045.9,19339.46,,Idle,,20,,10,,,20,Go Home,False,False,False,False,False,False,False,False,False,False,False,False,33.8027920380556,-117.4659261431046,3946.1,3946.1,1049.4,396.9,True,1,1,False,False,False,False,,True,False,False,Course Lock,196.8,67,16.4,93,N,SW,2.68,11.4,Calm,False,False,Android,7.0.2,M300 RTK,1ZN7L4R0H1D00F,1W9DL31001461C,1ZMLH8300204F0,1Z6PH74DAP0QN7,"Corona, CA",728.3,5.7,137.7,8.547347,2.013246,0,0,DJI Matrice 300 RTK,M300 RTK,1ZN7L4R0H1D00F,1W9DL31001461C,1ZMLH8300204F0,1Z6PH74DAP0QN7,DJI Pilot,Android,7.0.2,1EF72A62-B7C3-C88D-164E-CE6F8C8424AE,1ZN7L4R0H1D00F,1W9DL31001461C,,1ZMLH8300204F0,1W9DL31001461C,,,,,
2023-11-01,11:33:56.95 AM,9m 34.6s,574.6,33.7954111065273,-117.4754427141228,12.7,137.7,17.3,1277,4975.9,5.524834,7.569323,-4.697574,2.23694,2.908022,3.131716,0.671082,0.894776,-1,-2.8,2.9,149.8,149.8,148.4,Tripod,Other,,21,5,True,,True,False,,Smart,RC,False,True,False,,,True,,False,False,False,False,False,False,False,False,False,False,0,Follow Yaw,-77.9,0,140.2,140.2,False,False,False,False,False,,0,0,False,False,No Card,100,100,842,1243,762,781,2,False,False,False,False,False,0,False,False,False,False,70,,46.404,,3490,,4986,,46.404,,True,3.863,3.863,3.863,3.863,3.863,3.863,3.863,3.863,3.863,3.863,3.863,3.863,0,,False,False,True,,,,,,,,,,,,,,,False,False,9.51,,103.2,,75.7,,103.4,,1316,118,1,22,7,145045.9,19339.46,,Idle,,20,,10,,,20,Go Home,False,False,False,False,False,False,False,False,False,False,False,False,33.8027920380556,-117.4659261431046,3946.3,3946.3,1049.4,396.9,True,1,1,False,False,False,False,,True,False,False,Course Lock,196.8,67,16.4,93,N,SW,2.68,11.4,Calm,False,False,Android,7.0.2,M300 RTK,1ZN7L4R0H1D00F,1W9DL31001461C,1ZMLH8300204F0,1Z6PH74DAP0QN7,"Corona, CA",728.3,5.7,137.7,8.547347,2.013246,0,0,DJI Matrice 300 RTK,M300 RTK,1ZN7L4R0H1D00F,1W9DL31001461C,1ZMLH8300204F0,1Z6PH74DAP0QN7,DJI Pilot,Android,7.0.2,1EF72A62-B7C3-C88D-164E-CE6F8C8424AE,1ZN7L4R0H1D00F,1W9DL31001461C,,1ZMLH8300204F0,1W9DL31001461C,,,,,
2023-11-01,11:33:57.05 AM,9m 34.7s,574.7,33.7954088933197,-117.4754410749837,12.7,137.7,17.3,1277,4976.8,5.524834,7.569323,-4.697574,2.23694,2.908022,3.131716,0.447388,0.894776,-0.8,-2.8,2.9,149,149,148.3,Tripod,Other,,21,5,True,,True,False,,Smart,RC,False,True,False,,,True,,False,False,False,False,False,False,False,False,False,False,0,Follow Yaw,-77.9,0,139.6,139.6,False,False,False,False,False,,0,0,False,False,No Card,100,100,840,1240,762,789,2,False,False,False,False,False,0,False,False,False,False,70,,46.404,,3490,,4986,,46.404,,True,3.863,3.863,3.863,3.863,3.863,3.863,3.863,3.863,3.863,3.863,3.863,3.863,0,,False,False,True,,,,,,,,,,,,,,,False,False,9.51,,103.2,,75.7,,103.4,,1316,118,1,22,7,145045.9,19339.46,,Idle,,20,,10,,,20,Go Home,False,False,False,False,False,False,False,False,False,False,False,False,33.8027920380556,-117.4659261431046,3946.5,3946.5,1049.4,396.9,True,1,1,False,False,False,False,,True,False,False,Course Lock,196.8,67,16.4,93,N,SW,2.68,11.4,Calm,False,False,Android,7.0.2,M300 RTK,1ZN7L4R0H1D00F,1W9DL31001461C,1ZMLH8300204F0,1Z6PH74DAP0QN7,"Corona, CA",728.3,5.7,137.7,8.547347,2.013246,0,0,DJI Matrice 300 RTK,M300 RTK,1ZN7L4R0H1D00F,1W9DL31001461C,1ZMLH8300204F0,1Z6PH74DAP0QN7,DJI Pilot,Android,7.0.2,1EF72A62-B7C3-C88D-164E-CE6F8C8424AE,1ZN7L4R0H1D00F,1W9DL31001461C,,1ZMLH8300204F0,1W9DL31001461C,,,,,
2023-11-01,11:33:57.15 AM,9m 34.8s,574.8,33.7954069844897,-117.4754395632137,12.7,137.7,17.3,1277,4977.6,5.335934,7.569323,-4.47388,2.23694,2.908022,3.131716,0.447388,0.894776,-0.4,-3.2,3.2,148.3,148.3,146.6,Tripod,Other,,21,5,True,,True,False,,Smart,RC,False,True,False,,,True,,False,False,False,False,False,False,False,False,False,False,0,Follow Yaw,-77.9,0,139,139,False,False,False,False,False,,0,0,False,False,No Card,100,100,838,1234,759,794,2,False,False,False,False,False,0,False,False,False,False,70,,46.404,,3490,,4986,,46.404,,True,3.863,3.863,3.863,3.863,3.863,3.863,3.863,3.863,3.863,3.863,3.863,3.863,0,,False,False,True,,,,,,,,,,,,,,,False,False,9.51,,103.2,,75.7,,103.4,,1316,118,1,22,7,145045.9,19339.46,,Idle,,20,,10,,,20,Go Home,False,False,False,False,False,False,False,False,False,False,False,False,33.8027920380556,-117.4659261431046,3946.6,3946.6,1049.4,396.9,True,1,1,False,False,False,False,,True,False,False,Course Lock,196.8,67,16.4,93,N,SW,2.68,11.4,Calm,False,False,Android,7.0.2,M300 RTK,1ZN7L4R0H1D00F,1W9DL31001461C,1ZMLH8300204F0,1Z6PH74DAP0QN7,"Corona, CA",728.3,5.7,137.7,8.547347,2.013246,0,0,DJI Matrice 300 RTK,M300 RTK,1ZN7L4R0H1D00F,1W9DL31001461C,1ZMLH8300204F0,1Z6PH74DAP0QN7,DJI Pilot,Android,7.0.2,1EF72A62-B7C3-C88D-164E-CE6F8C8424AE,1ZN7L4R0H1D00F,1W9DL31001461C,,1ZMLH8300204F0,1W9DL31001461C,,,,,
2023-11-01,11:33:57.26 AM,9m 34.9s,574.9,33.7954049688435,-117.4754379045713,12.4,137.7,17.3,1276,4978.5,5.461066,7.569323,-4.47388,2.23694,3.131716,3.131716,0.447388,0.894776,0,-3.7,3.7,147.7,147.7,145.6,Tripod,Other,,21,5,True,,True,False,,Smart,RC,False,True,False,,,True,,False,False,False,False,False,False,False,False,False,False,0,Follow Yaw,-77.9,0,138.4,138.4,False,False,False,False,False,,0,0,False,False,No Card,100,100,837,1234,760,796,2,False,False,False,False,False,0,False,False,False,False,70,,46.404,,3490,,4986,,46.404,,True,3.863,3.863,3.863,3.863,3.863,3.863,3.863,3.863,3.863,3.863,3.863,3.863,0,,False,False,True,,,,,,,,,,,,,,,False,False,9.51,,103.2,,75.7,,103.4,,1316,118,1,22,7,145045.9,19339.46,,Idle,,20,,10,,,20,Go Home,False,False,False,False,False,False,False,False,False,False,False,False,33.8027920380556,-117.4659261431046,3946.8,3946.8,1049.4,396.9,True,1,1,False,False,False,False,,True,False,False,Course Lock,196.8,67,16.4,93,N,SW,2.68,11.4,Calm,False,False,Android,7.0.2,M300 RTK,1ZN7L4R0H1D00F,1W9DL31001461C,1ZMLH8300204F0,1Z6PH74DAP0QN7,"Corona, CA",728.3,5.7,137.7,8.547347,2.013246,0,0,DJI Matrice 300 RTK,M300 RTK,1ZN7L4R0H1D00F,1W9DL31001461C,1ZMLH8300204F0,1Z6PH74DAP0QN7,DJI Pilot,Android,7.0.2,1EF72A62-B7C3-C88D-164E-CE6F8C8424AE,1ZN7L4R0H1D00F,1W9DL31001461C,,1ZMLH8300204F0,1W9DL31001461C,,,,,
2023-11-01,11:33:57.36 AM,9m 35.0s,575.0,33.7954031395452,-117.4754362966457,12.4,137.7,17.3,1276,4979.4,5.279367,7.569323,-4.250186,2.23694,3.131716,3.131716,0.447388,0.894776,0,-3.7,3.7,147.2,147.2,143.8,Tripod,Other,,21,5,True,,True,False,,Smart,RC,False,True,False,,,True,,False,False,False,False,False,False,False,False,False,False,0,Follow Yaw,-77.9,0,137.9,137.9,False,False,False,False,False,,0,0,False,False,No Card,100,100,865,1241,756,799,2,False,False,False,False,False,0,False,False,False,False,69,,46.428,,6930,,10044,,46.428,,True,3.863,3.863,3.863,3.863,3.863,3.863,3.863,3.863,3.863,3.863,3.863,3.863,0,,False,False,True,,,,,,,,,,,,,,,False,False,18.036,,103.4,,75.7,,103.4,,1316,118,1,22,7,145045.9,19339.46,,Idle,,20,,10,,,20,Go Home,False,False,False,False,False,False,False,False,False,False,False,False,33.8027920380556,-117.4659261431046,3946.9,3946.9,1049.4,396.9,True,1,1,False,False,False,False,,True,False,False,Course Lock,196.8,67,16.4,93,N,SW,2.68,11.4,Calm,False,False,Android,7.0.2,M300 RTK,1ZN7L4R0H1D00F,1W9DL31001461C,1ZMLH8300204F0,1Z6PH74DAP0QN7,"Corona, CA",728.3,5.7,137.7,8.547347,2.013246,0,0,DJI Matrice 300 RTK,M300 RTK,1ZN7L4R0H1D00F,1W9DL31001461C,1ZMLH8300204F0,1Z6PH74DAP0QN7,DJI Pilot,Android,7.0.2,1EF72A62-B7C3-C88D-164E-CE6F8C8424AE,1ZN7L4R0H1D00F,1W9DL31001461C,,1ZMLH8300204F0,1W9DL31001461C,,,,,
2023-11-01,11:33:57.46 AM,9m 35.1s,575.1,33.7954014202327,-117.475434654043,12.4,137.7,17.3,1276,4980.2,5.279367,7.569323,-4.250186,2.23694,3.131716,3.131716,0.447388,0.894776,0,-3.5,3.5,146.7,146.7,141.5,Tripod,Other,,21,5,True,,True,False,,Smart,RC,False,True,False,,,True,,False,False,False,False,False,False,False,False,False,False,0,Follow Yaw,-77.9,0,137.3,137.3,False,False,False,False,False,,0,0,False,False,No Card,100,100,1024,1314,736,798,2,False,False,False,False,False,0,False,False,False,False,69,,46.428,,6930,,10044,,46.428,,True,3.863,3.863,3.863,3.863,3.863,3.863,3.863,3.863,3.863,3.863,3.863,3.863,0,,False,False,True,,,,,,,,,,,,,,,False,False,18.036,,103.4,,75.7,,103.4,,1316,118,1,22,7,145045.9,19339.46,,Idle,,20,,10,,,20,Go Home,False,False,False,False,False,False,False,False,False,False,False,False,33.8027920380556,-117.4659261431046,3946.9,3946.9,1049.4,396.9,True,1,1,False,False,False,False,,True,False,False,Course Lock,196.8,67,16.4,93,N,SW,2.68,11.4,Calm,False,False,Android,7.0.2,M300 RTK,1ZN7L4R0H1D00F,1W9DL31001461C,1ZMLH8300204F0,1Z6PH74DAP0QN7,"Corona, CA",728.3,5.7,137.7,8.547347,2.013246,0,0,DJI Matrice 300 RTK,M300 RTK,1ZN7L4R0H1D00F,1W9DL31001461C,1ZMLH8300204F0,1Z6PH74DAP0QN7,DJI Pilot,Android,7.0.2,1EF72A62-B7C3-C88D-164E-CE6F8C8424AE,1ZN7L4R0H1D00F,1W9DL31001461C,,1ZMLH8300204F0,1W9DL31001461C,,,,,
2023-11-01,11:33:57.56 AM,9m 35.2s,575.2,33.7953996956346,-117.4754329729286,12.4,137.7,17.3,1276,4981.0,5.241317,7.569323,-4.026492,2.23694,3.35541,3.35541,0.447388,0.894776,0,-3.3,3.3,146.1,146.1,140.9,Tripod,Other,,21,5,True,,True,False,,Smart,RC,False,True,False,,,True,,False,False,False,False,False,False,False,False,False,False,0,Follow Yaw,-77.9,0,136.8,136.8,False,False,False,False,False,,0,0,False,False,No Card,100,100,1024,1311,716,800,2,False,False,False,False,False,0,False,False,False,False,69,,46.428,,6930,,10044,,46.428,,True,3.863,3.863,3.863,3.863,3.863,3.863,3.863,3.863,3.863,3.863,3.863,3.863,0,,False,False,True,,,,,,,,,,,,,,,False,False,18.036,,103.4,,75.7,,103.4,,1316,118,1,22,7,145045.9,19339.46,,Idle,,20,,10,,,20,Go Home,False,False,False,False,False,False,False,False,False,False,False,False,33.8027920380556,-117.4659261431046,3947.0,3947.0,1049.4,396.9,True,1,1,False,False,False,False,,True,False,False,Course Lock,196.8,67,16.4,93,N,SW,2.68,11.4,Calm,False,False,Android,7.0.2,M300 RTK,1ZN7L4R0H1D00F,1W9DL31001461C,1ZMLH8300204F0,1Z6PH74DAP0QN7,"Corona, CA",728.3,5.7,137.7,8.547347,2.013246,0,0,DJI Matrice 300 RTK,M300 RTK,1ZN7L4R0H1D00F,1W9DL31001461C,1ZMLH8300204F0,1Z6PH74DAP0QN7,DJI Pilot,Android,7.0.2,1EF72A62-B7C3-C88D-164E-CE6F8C8424AE,1ZN7L4R0H1D00F,1W9DL31001461C,,1ZMLH8300204F0,1W9DL31001461C,,,,,
2023-11-01,11:33:57.66 AM,9m 35.3s,575.3,33.7953981757768,-117.4754311832888,12.1,137.7,17.3,1276,4981.7,5.241317,7.569323,-4.026492,2.23694,3.35541,3.35541,0.447388,0.894776,0,-2.7,2.7,145.6,145.6,135.6,Tripod,Other,,21,5,True,,True,False,,Smart,RC,False,True,False,,,True,,False,False,False,False,False,False,False,False,False,False,0,Follow Yaw,-77.9,0,136.3,136.3,False,False,False,False,False,,0,0,False,False,No Card,100,100,1024,1312,710,836,2,False,False,False,False,False,0,False,False,False,False,69,,46.428,,6930,,10044,,46.428,,True,3.869,3.869,3.869,3.869,3.869,3.869,3.869,3.869,3.869,3.869,3.869,3.869,0,,False,False,True,,,,,,,,,,,,,,,False,False,18.036,,103.4,,75.7,,103.4,,1314,118,1,22,7,144894.9,19319.33,,Idle,,20,,10,,,20,Go Home,False,False,False,False,False,False,False,False,False,False,False,False,33.8027920380556,-117.4659261431046,3947.0,3947.0,1049.4,396.9,True,1,1,False,False,False,False,,True,False,False,Course Lock,196.8,67,16.4,93,N,SW,2.68,11.4,Calm,False,False,Android,7.0.2,M300 RTK,1ZN7L4R0H1D00F,1W9DL31001461C,1ZMLH8300204F0,1Z6PH74DAP0QN7,"Corona, CA",728.3,5.7,137.7,8.547347,2.013246,0,0,DJI Matrice 300 RTK,M300 RTK,1ZN7L4R0H1D00F,1W9DL31001461C,1ZMLH8300204F0,1Z6PH74DAP0QN7,DJI Pilot,Android,7.0.2,1EF72A62-B7C3-C88D-164E-CE6F8C8424AE,1ZN7L4R0H1D00F,1W9DL31001461C,,1ZMLH8300204F0,1W9DL31001461C,,,,,
2023-11-01,11:33:57.77 AM,9m 35.4s,575.4,33.7953965558532,-117.4754294390878,12.1,137.7,17.3,1276,4982.5,5.071493,7.569323,-3.802798,2.23694,3.35541,3.35541,0.447388,0.894776,-0.3,-1.8,1.8,145.1,145.1,138.1,Tripod,Other,,21,5,True,,True,False,,Smart,RC,False,True,False,,,True,,False,False,False,False,False,False,False,False,False,False,0,Follow Yaw,-77.9,0,135.7,135.7,False,False,False,False,False,,0,0,False,False,No Card,100,100,1024,1319,674,938,2,False,False,False,False,False,0,False,False,False,False,69,,46.428,,6930,,10044,,46.428,,True,3.869,3.869,3.869,3.869,3.869,3.869,3.869,3.869,3.869,3.869,3.869,3.869,0,,False,False,True,,,,,,,,,,,,,,,False,False,18.036,,103.4,,75.7,,103.4,,1314,118,1,22,7,144894.9,19319.33,,Idle,,20,,10,,,20,Go Home,False,False,False,False,False,False,False,False,False,False,False,False,33.8027920380556,-117.4659261431046,3947.0,3947.0,1049.4,396.9,True,1,1,False,False,False,False,,True,False,False,Course Lock,196.8,67,16.4,93,N,SW,2.68,11.4,Calm,False,False,Android,7.0.2,M300 RTK,1ZN7L4R0H1D00F,1W9DL31001461C,1ZMLH8300204F0,1Z6PH74DAP0QN7,"Corona, CA",728.3,5.7,137.7,8.547347,2.013246,0,0,DJI Matrice 300 RTK,M300 RTK,1ZN7L4R0H1D00F,1W9DL31001461C,1ZMLH8300204F0,1Z6PH74DAP0QN7,DJI Pilot,Android,7.0.2,1EF72A62-B7C3-C88D-164E-CE6F8C8424AE,1ZN7L4R0H1D00F,1W9DL31001461C,,1ZMLH8300204F0,1W9DL31001461C,,,,,
2023-11-01,11:33:57.88 AM,9m 35.5s,575.5,33.7953949171561,-117.4754278908264,12.1,137.7,17.0,1276,4983.3,5.071493,7.569323,-3.802798,2.23694,3.35541,3.35541,0.447388,0.894776,-0.7,-1.1,1.3,144.6,144.6,141.8,Tripod,Other,,21,5,True,,True,False,,Smart,RC,False,True,False,,,True,,False,False,False,False,False,False,False,False,False,False,0,Follow Yaw,-77.9,0,135.4,135.4,False,False,False,False,False,,0,0,False,False,No Card,100,100,1024,1323,597,1024,2,False,False,False,False,False,0,False,False,False,False,69,,46.428,,6930,,10044,,46.428,,True,3.869,3.869,3.869,3.869,3.869,3.869,3.869,3.869,3.869,3.869,3.869,3.869,0,,False,False,True,,,,,,,,,,,,,,,False,False,18.036,,103.4,,75.7,,103.4,,1314,118,1,22,7,144894.9,19319.33,,Idle,,20,,10,,,20,Go Home,False,False,False,False,False,False,False,False,False,False,False,False,33.8027920380556,-117.4659261431046,3947.1,3947.1,1049.4,396.9,True,1,1,False,False,False,False,,True,False,False,Course Lock,196.8,67,16.4,93,N,SW,2.68,11.4,Calm,False,False,Android,7.0.2,M300 RTK,1ZN7L4R0H1D00F,1W9DL31001461C,1ZMLH8300204F0,1Z6PH74DAP0QN7,"Corona, CA",728.3,5.7,137.7,8.547347,2.013246,0,0,DJI Matrice 300 RTK,M300 RTK,1ZN7L4R0H1D00F,1W9DL31001461C,1ZMLH8300204F0,1Z6PH74DAP0QN7,DJI Pilot,Android,7.0.2,1EF72A62-B7C3-C88D-164E-CE6F8C8424AE,1ZN7L4R0H1D00F,1W9DL31001461C,,1ZMLH8300204F0,1W9DL31001461C,,,,,
2023-11-01,11:33:57.98 AM,9m 35.6s,575.6,33.7953933479465,-117.4754261459657,12.1,137.7,17.0,1276,4984.1,5.071493,7.569323,-3.802798,2.23694,3.35541,3.35541,0.447388,0.894776,-1.1,-0.5,1.2,144.1,144.1,137.2,Tripod,Other,,21,5,True,,True,False,,Smart,RC,False,True,False,,,True,,False,False,False,False,False,False,False,False,False,False,0,Follow Yaw,-77.9,0,135.3,135.3,False,False,False,False,False,,0,0,False,False,No Card,100,100,1024,1329,562,997,2,False,False,False,False,False,0,False,False,False,False,69,,46.428,,6930,,10044,,46.428,,True,3.869,3.869,3.869,3.869,3.869,3.869,3.869,3.869,3.869,3.869,3.869,3.869,0,,False,False,True,,,,,,,,,,,,,,,False,False,18.036,,103.4,,75.7,,103.4,,1314,118,1,22,7,144894.9,19319.33,,Idle,,20,,10,,,20,Go Home,False,False,False,False,False,False,False,False,False,False,False,False,33.8027920380556,-117.4659261431046,3947.1,3947.1,1049.4,396.9,True,1,1,False,False,False,False,,True,False,False,Course Lock,196.8,67,16.4,93,N,SW,2.68,11.4,Calm,False,False,Android,7.0.2,M300 RTK,1ZN7L4R0H1D00F,1W9DL31001461C,1ZMLH8300204F0,1Z6PH74DAP0QN7,"Corona, CA",728.3,5.7,137.7,8.547347,2.013246,0,0,DJI Matrice 300 RTK,M300 RTK,1ZN7L4R0H1D00F,1W9DL31001461C,1ZMLH8300204F0,1Z6PH74DAP0QN7,DJI Pilot,Android,7.0.2,1EF72A62-B7C3-C88D-164E-CE6F8C8424AE,1ZN7L4R0H1D00F,1W9DL31001461C,,1ZMLH8300204F0,1W9DL31001461C,,,,,
2023-11-01,11:33:58.04 AM,9m 35.7s,575.7,33.7953919095735,-117.475424316907,11.8,137.7,17.0,1276,4984.8,5.071493,7.569323,-3.802798,2.23694,3.35541,3.35541,0.671082,0.894776,-1.4,0.2,1.4,143.7,143.7,133.4,Tripod,Other,,21,5,True,,True,False,,Smart,RC,False,True,False,,,True,,False,False,False,False,False,False,False,False,False,False,0,Follow Yaw,-77.9,0,135.2,135.2,False,False,False,False,False,,0,0,False,False,No Card,100,100,1024,1354,708,1005,2,False,False,False,False,False,0,False,False,False,False,69,,46.392,,3440,,4986,,46.392,,True,3.869,3.869,3.869,3.869,3.869,3.869,3.869,3.869,3.869,3.869,3.869,3.869,0,,False,False,True,,,,,,,,,,,,,,,False,False,9.626,,103.2,,75.7,,103.4,,1314,118,1,22,7,144894.9,19319.33,,Idle,,20,,10,,,20,Go Home,False,False,False,False,False,False,False,False,False,False,False,False,33.8027920380556,-117.4659261431046,3947.0,3947.1,1049.4,396.9,True,1,1,False,False,False,False,,True,False,False,Course Lock,196.8,67,16.4,93,N,SW,2.68,11.4,Calm,False,False,Android,7.0.2,M300 RTK,1ZN7L4R0H1D00F,1W9DL31001461C,1ZMLH8300204F0,1Z6PH74DAP0QN7,"Corona, CA",728.3,5.7,137.7,8.547347,2.013246,0,0,DJI Matrice 300 RTK,M300 RTK,1ZN7L4R0H1D00F,1W9DL31001461C,1ZMLH8300204F0,1Z6PH74DAP0QN7,DJI Pilot,Android,7.0.2,1EF72A62-B7C3-C88D-164E-CE6F8C8424AE,1ZN7L4R0H1D00F,1W9DL31001461C,,1ZMLH8300204F0,1W9DL31001461C,,,,,
2023-11-01,11:33:58.14 AM,9m 35.8s,575.8,33.7953903639347,-117.47542256916,11.8,137.7,17.0,1276,4985.6,5.071493,7.569323,-3.802798,2.23694,3.35541,3.35541,0.894776,0.894776,-1.7,0.4,1.7,143.4,143.4,136.7,Tripod,Other,,21,5,True,,True,False,,Smart,RC,False,True,False,,,True,,False,False,False,False,False,False,False,False,False,False,0,Follow Yaw,-77.9,0,135.2,135.2,False,False,False,False,False,,0,0,False,False,No Card,100,100,1024,1354,708,1005,2,False,False,False,False,False,0,False,False,False,False,69,,46.392,,3440,,4986,,46.392,,True,3.869,3.869,3.869,3.869,3.869,3.869,3.869,3.869,3.869,3.869,3.869,3.869,0,,False,False,True,,,,,,,,,,,,,,,False,False,9.626,,103.2,,75.7,,103.4,,1314,118,1,22,7,144894.9,19319.33,,Idle,,20,,10,,,20,Go Home,False,False,False,False,False,False,False,False,False,False,False,False,33.8027920380556,-117.4659261431046,3947.0,3947.1,1049.4,396.9,True,1,1,False,False,False,False,,True,False,False,Course Lock,196.8,67,16.4,93,N,SW,2.68,11.4,Calm,False,False,Android,7.0.2,M300 RTK,1ZN7L4R0H1D00F,1W9DL31001461C,1ZMLH8300204F0,1Z6PH74DAP0QN7,"Corona, CA",728.3,5.7,137.7,8.547347,2.013246,0,0,DJI Matrice 300 RTK,M300 RTK,1ZN7L4R0H1D00F,1W9DL31001461C,1ZMLH8300204F0,1Z6PH74DAP0QN7,DJI Pilot,Android,7.0.2,1EF72A62-B7C3-C88D-164E-CE6F8C8424AE,1ZN7L4R0H1D00F,1W9DL31001461C,,1ZMLH8300204F0,1W9DL31001461C,,,,,
2023-11-01,11:33:58.24 AM,9m 35.9s,575.9,33.795388788767,-117.4754209241246,11.8,137.7,17.0,1276,4986.4,5.071493,7.569323,-3.802798,2.23694,3.35541,3.35541,0.894776,0.894776,-1.7,0.1,1.7,143.2,143.2,139.0,Tripod,Other,,21,5,True,,True,False,,Smart,RC,False,True,False,,,True,,False,False,False,False,False,False,False,False,False,False,0,Follow Yaw,-77.9,0,135.2,135.2,False,False,False,False,False,,0,0,False,False,No Card,100,100,1024,1376,796,1024,2,False,False,False,False,False,0,False,False,False,False,69,,46.392,,3440,,4986,,46.392,,True,3.869,3.869,3.869,3.869,3.869,3.869,3.869,3.869,3.869,3.869,3.869,3.869,0,,False,False,True,,,,,,,,,,,,,,,False,False,9.626,,103.2,,75.7,,103.4,,1314,118,1,22,7,144894.9,19319.33,,Idle,,20,,10,,,20,Go Home,False,False,False,False,False,False,False,False,False,False,False,False,33.8027920380556,-117.4659261431046,3947.0,3947.1,1049.4,396.9,True,1,1,False,False,False,False,,True,False,False,Course Lock,196.8,67,16.4,93,N,SW,2.68,11.4,Calm,False,False,Android,7.0.2,M300 RTK,1ZN7L4R0H1D00F,1W9DL31001461C,1ZMLH8300204F0,1Z6PH74DAP0QN7,"Corona, CA",728.3,5.7,137.7,8.547347,2.013246,0,0,DJI Matrice 300 RTK,M300 RTK,1ZN7L4R0H1D00F,1W9DL31001461C,1ZMLH8300204F0,1Z6PH74DAP0QN7,DJI Pilot,Android,7.0.2,1EF72A62-B7C3-C88D-164E-CE6F8C8424AE,1ZN7L4R0H1D00F,1W9DL31001461C,,1ZMLH8300204F0,1W9DL31001461C,,,,,
2023-11-01,11:33:58.34 AM,9m 36.0s,576.0,33.7953872328612,-117.4754191900669,11.4,137.7,17.0,1275,4987.1,5.071493,7.569323,-3.802798,2.23694,3.35541,3.35541,0.894776,0.894776,-1.5,0,1.5,143.2,143.2,137.1,Tripod,Other,,21,5,True,,True,False,,Smart,RC,False,True,False,,,True,,False,False,False,False,False,False,False,False,False,False,0,Follow Yaw,-77.9,0,135.2,135.2,False,False,False,False,False,,0,0,False,False,No Card,100,100,1024,1385,795,1024,2,False,False,False,False,False,0,False,False,False,False,69,,46.44,,6930,,10044,,46.44,,True,3.869,3.869,3.869,3.869,3.869,3.869,3.869,3.869,3.869,3.869,3.869,3.869,0,,False,False,True,,,,,,,,,,,,,,,False,False,19.394,,103.4,,75.7,,103.4,,1314,118,1,22,7,144894.9,19319.33,,Idle,,20,,10,,,20,Go Home,False,False,False,False,False,False,False,False,False,False,False,False,33.8027920380556,-117.4659261431046,3947.0,3947.1,1049.4,396.9,True,1,1,False,False,False,False,,True,False,False,Course Lock,196.8,67,16.4,93,N,SW,2.68,11.4,Calm,False,False,Android,7.0.2,M300 RTK,1ZN7L4R0H1D00F,1W9DL31001461C,1ZMLH8300204F0,1Z6PH74DAP0QN7,"Corona, CA",728.3,5.7,137.7,8.547347,2.013246,0,0,DJI Matrice 300 RTK,M300 RTK,1ZN7L4R0H1D00F,1W9DL31001461C,1ZMLH8300204F0,1Z6PH74DAP0QN7,DJI Pilot,Android,7.0.2,1EF72A62-B7C3-C88D-164E-CE6F8C8424AE,1ZN7L4R0H1D00F,1W9DL31001461C,,1ZMLH8300204F0,1W9DL31001461C,,,,,
2023-11-01,11:33:58.44 AM,9m 36.1s,576.1,33.7953856462657,-117.4754174159306,11.4,137.7,17.0,1275,4987.9,5.071493,7.569323,-3.802798,2.23694,3.35541,3.35541,0.671082,0.894776,-1.5,0,1.5,143.2,143.2,137.0,Tripod,Other,,21,5,True,,True,False,,Smart,RC,False,True,False,,,True,,False,False,False,False,False,False,False,False,False,False,0,Follow Yaw,-77.9,0,135.2,135.2,False,False,False,False,False,,0,0,False,False,No Card,100,100,1024,1388,786,1024,2,False,False,False,False,False,0,False,False,False,False,69,,46.44,,6930,,10044,,46.44,,True,3.869,3.869,3.869,3.869,3.869,3.869,3.869,3.869,3.869,3.869,3.869,3.869,0,,False,False,True,,,,,,,,,,,,,,,False,False,19.394,,103.4,,75.7,,103.4,,1314,118,1,22,7,144894.9,19319.33,,Idle,,20,,10,,,20,Go Home,False,False,False,False,False,False,False,False,False,False,False,False,33.8027920380556,-117.4659261431046,3947.1,3947.1,1049.4,396.9,True,1,1,False,False,False,False,,True,False,False,Course Lock,196.8,67,16.4,93,N,SW,2.68,11.4,Calm,False,False,Android,7.0.2,M300 RTK,1ZN7L4R0H1D00F,1W9DL31001461C,1ZMLH8300204F0,1Z6PH74DAP0QN7,"Corona, CA",728.3,5.7,137.7,8.547347,2.013246,0,0,DJI Matrice 300 RTK,M300 RTK,1ZN7L4R0H1D00F,1W9DL31001461C,1ZMLH8300204F0,1Z6PH74DAP0QN7,DJI Pilot,Android,7.0.2,1EF72A62-B7C3-C88D-164E-CE6F8C8424AE,1ZN7L4R0H1D00F,1W9DL31001461C,,1ZMLH8300204F0,1W9DL31001461C,,,,,
2023-11-01,11:33:58.54 AM,9m 36.2s,576.2,33.7953840884838,-117.4754156698742,11.1,137.7,17.0,1275,4988.7,5.071493,7.569323,-3.802798,2.23694,3.35541,3.35541,0.671082,0.894776,-1.7,0.3,1.7,143.3,143.3,137.0,Tripod,Other,,21,5,True,,True,False,,Smart,RC,False,True,False,,,True,,False,False,False,False,False,False,False,False,False,False,0,Follow Yaw,-77.9,0,135.2,135.2,False,False,False,False,False,,0,0,False,False,No Card,100,100,1024,1393,716,1024,2,False,False,False,False,False,0,False,False,False,False,69,,46.44,,6930,,10044,,46.44,,True,3.869,3.869,3.869,3.869,3.869,3.869,3.869,3.869,3.869,3.869,3.869,3.869,0,,False,False,True,,,,,,,,,,,,,,,False,False,19.394,,103.4,,75.7,,103.4,,1314,118,1,22,7,144894.9,19319.33,,Idle,,20,,10,,,20,Go Home,False,False,False,False,False,False,False,False,False,False,False,False,33.8027920380556,-117.4659261431046,3947.1,3947.1,1049.4,396.9,True,1,1,False,False,False,False,,True,False,False,Course Lock,196.8,67,16.4,93,N,SW,2.68,11.4,Calm,False,False,Android,7.0.2,M300 RTK,1ZN7L4R0H1D00F,1W9DL31001461C,1ZMLH8300204F0,1Z6PH74DAP0QN7,"Corona, CA",728.3,5.7,137.7,8.547347,2.013246,0,0,DJI Matrice 300 RTK,M300 RTK,1ZN7L4R0H1D00F,1W9DL31001461C,1ZMLH8300204F0,1Z6PH74DAP0QN7,DJI Pilot,Android,7.0.2,1EF72A62-B7C3-C88D-164E-CE6F8C8424AE,1ZN7L4R0H1D00F,1W9DL31001461C,,1ZMLH8300204F0,1W9DL31001461C,,,,,
2023-11-01,11:33:58.64 AM,9m 36.3s,576.3,33.7953824277664,-117.4754138891406,11.1,137.7,17.0,1275,4989.5,5.071493,7.569323,-3.802798,2.23694,3.35541,3.35541,0.671082,0.894776,-2.2,0.8,2.3,143.3,143.3,138.2,Tripod,Other,,21,5,True,,True,False,,Smart,RC,False,True,False,,,True,,False,False,False,False,False,False,False,False,False,False,0,Follow Yaw,-77.9,0,135.2,135.2,False,False,False,False,False,,0,0,False,False,No Card,100,100,1024,1393,716,1024,2,False,False,False,False,False,0,False,False,False,False,69,,46.44,,6930,,10044,,46.44,,True,3.866,3.866,3.866,3.866,3.866,3.866,3.866,3.866,3.866,3.866,3.866,3.866,0,,False,False,True,,,,,,,,,,,,,,,False,False,19.394,,103.4,,75.7,,103.4,,1311,119,1,22,7,144387.3,19251.64,,Idle,,20,,10,,,20,Go Home,False,False,False,False,False,False,False,False,False,False,False,False,33.8027920380556,-117.4659261431046,3947.1,3947.1,1049.4,396.9,True,1,1,False,False,False,False,,True,False,False,Course Lock,196.8,67,16.4,93,N,SW,2.68,11.4,Calm,False,False,Android,7.0.2,M300 RTK,1ZN7L4R0H1D00F,1W9DL31001461C,1ZMLH8300204F0,1Z6PH74DAP0QN7,"Corona, CA",728.3,5.7,137.7,8.547347,2.013246,0,0,DJI Matrice 300 RTK,M300 RTK,1ZN7L4R0H1D00F,1W9DL31001461C,1ZMLH8300204F0,1Z6PH74DAP0QN7,DJI Pilot,Android,7.0.2,1EF72A62-B7C3-C88D-164E-CE6F8C8424AE,1ZN7L4R0H1D00F,1W9DL31001461C,,1ZMLH8300204F0,1W9DL31001461C,,,,,
2023-11-01,11:33:58.70 AM,9m 36.4s,576.4,33.7953808376201,-117.4754121541758,11.1,137.7,17.0,1275,4990.3,5.071493,7.569323,-3.802798,2.23694,3.35541,3.35541,0.671082,0.894776,-2.7,1,2.8,143.3,143.3,137.8,Tripod,Other,,21,5,True,,True,False,,Smart,RC,False,True,False,,,True,,False,False,False,False,False,False,False,False,False,False,0,Follow Yaw,-77.9,0,135.2,135.2,False,False,False,False,False,,0,0,False,False,No Card,100,100,1024,1399,801,1024,2,False,False,False,False,False,0,False,False,False,False,69,,46.44,,6930,,10044,,46.44,,True,3.866,3.866,3.866,3.866,3.866,3.866,3.866,3.866,3.866,3.866,3.866,3.866,0,,False,False,True,,,,,,,,,,,,,,,False,False,19.394,,103.4,,75.7,,103.4,,1311,119,1,22,7,144387.3,19251.64,,Idle,,20,,10,,,20,Go Home,False,False,False,False,False,False,False,False,False,False,False,False,33.8027920380556,-117.4659261431046,3947.1,3947.1,1049.4,396.9,True,1,1,False,False,False,False,,True,False,False,Course Lock,196.8,67,16.4,93,N,SW,2.68,11.4,Calm,False,False,Android,7.0.2,M300 RTK,1ZN7L4R0H1D00F,1W9DL31001461C,1ZMLH8300204F0,1Z6PH74DAP0QN7,"Corona, CA",728.3,5.7,137.7,8.547347,2.013246,0,0,DJI Matrice 300 RTK,M300 RTK,1ZN7L4R0H1D00F,1W9DL31001461C,1ZMLH8300204F0,1Z6PH74DAP0QN7,DJI Pilot,Android,7.0.2,1EF72A62-B7C3-C88D-164E-CE6F8C8424AE,1ZN7L4R0H1D00F,1W9DL31001461C,,1ZMLH8300204F0,1W9DL31001461C,,,,,
2023-11-01,11:33:58.84 AM,9m 36.5s,576.5,33.7953792846098,-117.4754103971102,10.8,137.7,16.7,1275,4991.1,5.071493,7.569323,-3.802798,2.23694,3.35541,3.35541,0.671082,0.894776,-3.1,0.7,3.1,143.3,143.3,136.7,Tripod,Other,,21,5,True,,True,False,,Smart,RC,False,True,False,,,True,,False,False,False,False,False,False,False,False,False,False,0,Follow Yaw,-77.9,0,135.2,135.2,False,False,False,False,False,,0,0,False,False,No Card,100,100,1024,1402,802,1024,2,False,False,False,False,False,0,False,False,False,False,69,,46.44,,6930,,10044,,46.44,,True,3.866,3.866,3.866,3.866,3.866,3.866,3.866,3.866,3.866,3.866,3.866,3.866,0,,False,False,True,,,,,,,,,,,,,,,False,False,19.394,,103.4,,75.7,,103.4,,1311,119,1,22,7,144387.3,19251.64,,Idle,,20,,10,,,20,Go Home,False,False,False,False,False,False,False,False,False,False,False,False,33.8027920380556,-117.4659261431046,3947.1,3947.1,1049.4,396.9,True,1,1,False,False,False,False,,True,False,False,Course Lock,196.8,67,16.4,93,N,SW,2.68,11.4,Calm,False,False,Android,7.0.2,M300 RTK,1ZN7L4R0H1D00F,1W9DL31001461C,1ZMLH8300204F0,1Z6PH74DAP0QN7,"Corona, CA",728.3,5.7,137.7,8.547347,2.013246,0,0,DJI Matrice 300 RTK,M300 RTK,1ZN7L4R0H1D00F,1W9DL31001461C,1ZMLH8300204F0,1Z6PH74DAP0QN7,DJI Pilot,Android,7.0.2,1EF72A62-B7C3-C88D-164E-CE6F8C8424AE,1ZN7L4R0H1D00F,1W9DL31001461C,,1ZMLH8300204F0,1W9DL31001461C,,,,,
2023-11-01,11:33:58.91 AM,9m 36.6s,576.6,33.7953776513524,-117.4754086640008,10.8,137.7,16.7,1275,4991.9,5.241317,7.569323,-4.026492,2.23694,3.35541,3.35541,0.447388,0.894776,-3.4,0.3,3.4,143.3,143.3,138.5,Tripod,Other,,21,5,True,,True,False,,Smart,RC,False,True,False,,,True,,False,False,False,False,False,False,False,False,False,False,0,Follow Yaw,-77.9,0,135.2,135.2,False,False,False,False,False,,0,0,False,False,No Card,100,100,1024,1402,839,1024,2,False,False,False,False,False,0,False,False,False,False,69,,46.44,,6930,,10044,,46.44,,True,3.866,3.866,3.866,3.866,3.866,3.866,3.866,3.866,3.866,3.866,3.866,3.866,0,,False,False,True,,,,,,,,,,,,,,,False,False,19.394,,103.4,,75.7,,103.4,,1311,119,1,22,7,144387.3,19251.64,,Idle,,20,,10,,,20,Go Home,False,False,False,False,False,False,False,False,False,False,False,False,33.8027920380556,-117.4659261431046,3947.1,3947.1,1049.4,396.9,True,1,1,False,False,False,False,,True,False,False,Course Lock,196.8,67,16.4,93,N,SW,2.68,11.4,Calm,False,False,Android,7.0.2,M300 RTK,1ZN7L4R0H1D00F,1W9DL31001461C,1ZMLH8300204F0,1Z6PH74DAP0QN7,"Corona, CA",728.3,5.7,137.7,8.547347,2.013246,0,0,DJI Matrice 300 RTK,M300 RTK,1ZN7L4R0H1D00F,1W9DL31001461C,1ZMLH8300204F0,1Z6PH74DAP0QN7,DJI Pilot,Android,7.0.2,1EF72A62-B7C3-C88D-164E-CE6F8C8424AE,1ZN7L4R0H1D00F,1W9DL31001461C,,1ZMLH8300204F0,1W9DL31001461C,,,,,
2023-11-01,11:33:59.04 AM,9m 36.7s,576.7,33.7953760240445,-117.4754069184804,10.8,137.7,16.7,1275,4992.7,5.241317,7.569323,-4.026492,2.23694,3.35541,3.35541,0.447388,0.894776,-3.4,0,3.4,143.3,143.3,138.2,Tripod,Other,,21,5,True,,True,False,,Smart,RC,False,True,False,,,True,,False,False,False,False,False,False,False,False,False,False,0,Follow Yaw,-77.9,0,135.2,135.2,False,False,False,False,False,,0,0,False,False,No Card,100,100,1024,1404,836,1024,2,False,False,False,False,False,0,False,False,False,False,69,,46.44,,6930,,10044,,46.44,,True,3.866,3.866,3.866,3.866,3.866,3.866,3.866,3.866,3.866,3.866,3.866,3.866,0,,False,False,True,,,,,,,,,,,,,,,False,False,19.394,,103.4,,75.7,,103.4,,1311,119,1,22,7,144387.3,19251.64,,Idle,,20,,10,,,20,Go Home,False,False,False,False,False,False,False,False,False,False,False,False,33.8027920380556,-117.4659261431046,3947.1,3947.1,1049.4,396.9,True,1,1,False,False,False,False,,True,False,False,Course Lock,196.8,67,16.4,93,N,SW,2.68,11.4,Calm,False,False,Android,7.0.2,M300 RTK,1ZN7L4R0H1D00F,1W9DL31001461C,1ZMLH8300204F0,1Z6PH74DAP0QN7,"Corona, CA",728.3,5.7,137.7,8.547347,2.013246,0,0,DJI Matrice 300 RTK,M300 RTK,1ZN7L4R0H1D00F,1W9DL31001461C,1ZMLH8300204F0,1Z6PH74DAP0QN7,DJI Pilot,Android,7.0.2,1EF72A62-B7C3-C88D-164E-CE6F8C8424AE,1ZN7L4R0H1D00F,1W9DL31001461C,,1ZMLH8300204F0,1W9DL31001461C,,,,,
2023-11-01,11:33:59.14 AM,9m 36.8s,576.8,33.795374345029,-117.4754051593942,10.8,137.7,16.7,1275,4993.5,5.241317,7.569323,-4.026492,2.23694,3.35541,3.35541,0.447388,0.894776,-3.2,0,3.2,143.4,143.4,138.9,Tripod,Other,,21,5,True,,True,False,,Smart,RC,False,True,False,,,True,,False,False,False,False,False,False,False,False,False,False,0,Follow Yaw,-77.9,0,135.2,135.2,False,False,False,False,False,,0,0,False,False,No Card,100,100,1024,1407,841,1024,2,False,False,False,False,False,0,False,False,False,False,69,,46.44,,6930,,10044,,46.44,,True,3.866,3.866,3.866,3.866,3.866,3.866,3.866,3.866,3.866,3.866,3.866,3.866,0,,False,False,True,,,,,,,,,,,,,,,False,False,19.394,,103.4,,75.7,,103.4,,1311,119,1,22,7,144387.3,19251.64,,Idle,,20,,10,,,20,Go Home,False,False,False,False,False,False,False,False,False,False,False,False,33.8027920380556,-117.4659261431046,3947.2,3947.2,1049.4,396.9,True,1,1,False,False,False,False,,True,False,False,Course Lock,196.8,67,16.4,93,N,SW,2.68,11.4,Calm,False,False,Android,7.0.2,M300 RTK,1ZN7L4R0H1D00F,1W9DL31001461C,1ZMLH8300204F0,1Z6PH74DAP0QN7,"Corona, CA",728.3,5.7,137.7,8.547347,2.013246,0,0,DJI Matrice 300 RTK,M300 RTK,1ZN7L4R0H1D00F,1W9DL31001461C,1ZMLH8300204F0,1Z6PH74DAP0QN7,DJI Pilot,Android,7.0.2,1EF72A62-B7C3-C88D-164E-CE6F8C8424AE,1ZN7L4R0H1D00F,1W9DL31001461C,,1ZMLH8300204F0,1W9DL31001461C,,,,,
2023-11-01,11:33:59.22 AM,9m 36.9s,576.9,33.7953726144343,-117.4754035027311,10.4,137.7,16.7,1274,4994.3,5.387264,7.569323,-4.026492,2.23694,3.579104,3.579104,0.447388,0.894776,-3,0,3,143.4,143.4,141.4,Tripod,Other,,21,5,True,,True,False,,Smart,RC,False,True,False,,,True,,False,False,False,False,False,False,False,False,False,False,0,Follow Yaw,-77.9,0,135.2,135.2,False,False,False,False,False,,0,0,False,False,No Card,100,100,1024,1412,946,1024,2,False,False,False,False,False,0,False,False,False,False,69,,46.44,,6930,,10044,,46.44,,True,3.866,3.866,3.866,3.866,3.866,3.866,3.866,3.866,3.866,3.866,3.866,3.866,0,,False,False,True,,,,,,,,,,,,,,,False,False,19.394,,103.4,,75.7,,103.4,,1311,119,1,22,7,144387.3,19251.64,,Idle,,20,,10,,,20,Go Home,False,False,False,False,False,False,False,False,False,False,False,False,33.8027920380556,-117.4659261431046,3947.2,3947.2,1049.4,396.9,True,1,1,False,False,False,False,,True,False,False,Course Lock,196.8,67,16.4,93,N,SW,2.46,11.4,Calm,False,False,Android,7.0.2,M300 RTK,1ZN7L4R0H1D00F,1W9DL31001461C,1ZMLH8300204F0,1Z6PH74DAP0QN7,"Corona, CA",728.3,5.7,137.7,8.547347,2.013246,0,0,DJI Matrice 300 RTK,M300 RTK,1ZN7L4R0H1D00F,1W9DL31001461C,1ZMLH8300204F0,1Z6PH74DAP0QN7,DJI Pilot,Android,7.0.2,1EF72A62-B7C3-C88D-164E-CE6F8C8424AE,1ZN7L4R0H1D00F,1W9DL31001461C,,1ZMLH8300204F0,1W9DL31001461C,,,,,
2023-11-01,11:33:59.34 AM,9m 37.0s,577.0,33.7953708906415,-117.4754017311101,10.4,137.7,17.0,1274,4995.1,5.387264,7.569323,-4.026492,2.23694,3.579104,3.579104,0.223694,0.894776,-2.9,0.2,2.9,143.4,143.4,139.4,Tripod,Other,,21,5,True,,True,False,,Smart,RC,False,True,False,,,True,,False,False,False,False,False,False,False,False,False,False,0,Follow Yaw,-77.9,0,135.2,135.2,False,False,False,False,False,,0,0,False,False,No Card,100,100,1024,1413,978,1024,2,False,False,False,False,False,0,False,False,False,False,69,,46.452,,3440,,4986,,46.452,,True,3.866,3.866,3.866,3.866,3.866,3.866,3.866,3.866,3.866,3.866,3.866,3.866,0,,False,False,True,,,,,,,,,,,,,,,False,False,9.556,,103.2,,75.7,,103.4,,1311,119,1,22,7,144387.3,19251.64,,Idle,,20,,10,,,20,Go Home,False,False,False,False,False,False,False,False,False,False,False,False,33.8027920380556,-117.4659261431046,3947.3,3947.3,1049.4,396.9,True,1,1,False,False,False,False,,True,False,False,Course Lock,196.8,67,16.4,93,N,SW,2.46,11.4,Calm,False,False,Android,7.0.2,M300 RTK,1ZN7L4R0H1D00F,1W9DL31001461C,1ZMLH8300204F0,1Z6PH74DAP0QN7,"Corona, CA",728.3,5.7,137.7,8.547347,2.013246,0,0,DJI Matrice 300 RTK,M300 RTK,1ZN7L4R0H1D00F,1W9DL31001461C,1ZMLH8300204F0,1Z6PH74DAP0QN7,DJI Pilot,Android,7.0.2,1EF72A62-B7C3-C88D-164E-CE6F8C8424AE,1ZN7L4R0H1D00F,1W9DL31001461C,,1ZMLH8300204F0,1W9DL31001461C,,,,,
2023-11-01,11:33:59.42 AM,9m 37.1s,577.1,33.795369278839,-117.4754000415842,10.4,137.7,17.0,1274,4995.9,5.556443,7.569323,-4.250186,2.23694,3.579104,3.579104,0.223694,0.894776,-2.9,0.2,2.9,143.4,143.4,138.9,Tripod,Other,,21,5,True,,True,False,,Smart,RC,False,True,False,,,True,,False,False,False,False,False,False,False,False,False,False,0,Follow Yaw,-77.9,0,135.2,135.2,False,False,False,False,False,,0,0,False,False,No Card,100,100,1024,1413,999,1024,2,False,False,False,False,False,0,False,False,False,False,69,,46.452,,3440,,4986,,46.452,,True,3.866,3.866,3.866,3.866,3.866,3.866,3.866,3.866,3.866,3.866,3.866,3.866,0,,False,False,True,,,,,,,,,,,,,,,False,False,9.556,,103.2,,75.7,,103.4,,1311,119,1,22,7,144387.3,19251.64,,Idle,,20,,10,,,20,Go Home,False,False,False,False,False,False,False,False,False,False,False,False,33.8027920380556,-117.4659261431046,3947.3,3947.3,1049.4,396.9,True,1,1,False,False,False,False,,True,False,False,Course Lock,196.8,67,16.4,93,N,SW,2.46,11.4,Calm,False,False,Android,7.0.2,M300 RTK,1ZN7L4R0H1D00F,1W9DL31001461C,1ZMLH8300204F0,1Z6PH74DAP0QN7,"Corona, CA",728.3,5.7,137.7,8.547347,2.013246,0,0,DJI Matrice 300 RTK,M300 RTK,1ZN7L4R0H1D00F,1W9DL31001461C,1ZMLH8300204F0,1Z6PH74DAP0QN7,DJI Pilot,Android,7.0.2,1EF72A62-B7C3-C88D-164E-CE6F8C8424AE,1ZN7L4R0H1D00F,1W9DL31001461C,,1ZMLH8300204F0,1W9DL31001461C,,,,,
2023-11-01,11:33:59.54 AM,9m 37.2s,577.2,33.7953675233757,-117.4753982606445,10.4,137.7,17.0,1274,4996.7,5.556443,7.569323,-4.250186,2.23694,3.579104,3.579104,0.223694,0.894776,-2.9,0.2,2.9,143.4,143.4,139.8,Tripod,Other,,21,5,True,,True,False,,Smart,RC,False,True,False,,,True,,False,False,False,False,False,False,False,False,False,False,0,Follow Yaw,-77.9,0,135.2,135.2,False,False,False,False,False,,0,0,False,False,No Card,100,100,1024,1414,1002,1024,2,False,False,False,False,False,0,False,False,False,False,69,,46.452,,3440,,4986,,46.452,,True,3.866,3.866,3.866,3.866,3.866,3.866,3.866,3.866,3.866,3.866,3.866,3.866,0,,False,False,True,,,,,,,,,,,,,,,False,False,9.556,,103.2,,75.7,,103.4,,1311,119,1,22,7,144387.3,19251.64,,Idle,,20,,10,,,20,Go Home,False,False,False,False,False,False,False,False,False,False,False,False,33.8027920380556,-117.4659261431046,3947.4,3947.4,1049.4,396.9,True,1,1,False,False,False,False,,True,False,False,Course Lock,196.8,67,16.4,93,N,SW,2.46,11.4,Calm,False,False,Android,7.0.2,M300 RTK,1ZN7L4R0H1D00F,1W9DL31001461C,1ZMLH8300204F0,1Z6PH74DAP0QN7,"Corona, CA",728.3,5.7,137.7,8.547347,2.013246,0,0,DJI Matrice 300 RTK,M300 RTK,1ZN7L4R0H1D00F,1W9DL31001461C,1ZMLH8300204F0,1Z6PH74DAP0QN7,DJI Pilot,Android,7.0.2,1EF72A62-B7C3-C88D-164E-CE6F8C8424AE,1ZN7L4R0H1D00F,1W9DL31001461C,,1ZMLH8300204F0,1W9DL31001461C,,,,,
2023-11-01,11:33:59.64 AM,9m 37.3s,577.3,33.7953658322985,-117.4753966168461,10.4,137.7,17.0,1274,4997.5,5.556443,7.569323,-4.250186,2.23694,3.579104,3.579104,0,0.894776,-3,0.1,3,143.4,143.4,141.0,Tripod,Other,,21,5,True,,True,False,,Smart,RC,False,True,False,,,True,,False,False,False,False,False,False,False,False,False,False,0,Follow Yaw,-77.9,0,135.2,135.2,False,False,False,False,False,,0,0,False,False,No Card,100,100,1024,1414,1002,1024,2,False,False,False,False,False,0,False,False,False,False,69,,46.452,,3440,,4986,,46.452,,True,3.872,3.872,3.872,3.872,3.872,3.872,3.872,3.872,3.872,3.872,3.872,3.872,0,,False,False,True,,,,,,,,,,,,,,,False,False,9.556,,103.2,,75.7,,103.4,,1309,119,1,22,7,143853.1,19180.42,,Idle,,20,,10,,,20,Go Home,False,False,False,False,False,False,False,False,False,False,False,False,33.8027920380556,-117.4659261431046,3947.4,3947.4,1049.4,396.9,True,1,1,False,False,False,False,,True,False,False,Course Lock,196.8,67,16.4,93,N,SW,2.46,11.4,Calm,False,False,Android,7.0.2,M300 RTK,1ZN7L4R0H1D00F,1W9DL31001461C,1ZMLH8300204F0,1Z6PH74DAP0QN7,"Corona, CA",728.3,5.7,137.7,8.547347,2.013246,0,0,DJI Matrice 300 RTK,M300 RTK,1ZN7L4R0H1D00F,1W9DL31001461C,1ZMLH8300204F0,1Z6PH74DAP0QN7,DJI Pilot,Android,7.0.2,1EF72A62-B7C3-C88D-164E-CE6F8C8424AE,1ZN7L4R0H1D00F,1W9DL31001461C,,1ZMLH8300204F0,1W9DL31001461C,,,,,
2023-11-01,11:33:59.74 AM,9m 37.4s,577.4,33.7953640410656,-117.4753948262578,10.4,137.7,17.0,1274,4998.4,5.556443,7.569323,-4.250186,2.23694,3.579104,3.579104,0,0.894776,-3,0,3,143.4,143.4,140.2,Tripod,Other,,21,5,True,,True,False,,Smart,RC,False,True,False,,,True,,False,False,False,False,False,False,False,False,False,False,0,Follow Yaw,-77.9,0,135.2,135.2,False,False,False,False,False,,0,0,False,False,No Card,100,100,1024,1408,1022,1024,2,False,False,False,False,False,0,False,False,False,False,69,,46.452,,3440,,4986,,46.452,,True,3.872,3.872,3.872,3.872,3.872,3.872,3.872,3.872,3.872,3.872,3.872,3.872,0,,False,False,True,,,,,,,,,,,,,,,False,False,9.556,,103.2,,75.7,,103.4,,1309,119,1,22,7,143853.1,19180.42,,Idle,,20,,10,,,20,Go Home,False,False,False,False,False,False,False,False,False,False,False,False,33.8027920380556,-117.4659261431046,3947.5,3947.5,1049.4,396.9,True,1,1,False,False,False,False,,True,False,False,Course Lock,196.8,67,16.4,93,N,SW,2.46,11.4,Calm,False,False,Android,7.0.2,M300 RTK,1ZN7L4R0H1D00F,1W9DL31001461C,1ZMLH8300204F0,1Z6PH74DAP0QN7,"Corona, CA",728.3,5.7,137.7,8.547347,2.013246,0,0,DJI Matrice 300 RTK,M300 RTK,1ZN7L4R0H1D00F,1W9DL31001461C,1ZMLH8300204F0,1Z6PH74DAP0QN7,DJI Pilot,Android,7.0.2,1EF72A62-B7C3-C88D-164E-CE6F8C8424AE,1ZN7L4R0H1D00F,1W9DL31001461C,,1ZMLH8300204F0,1W9DL31001461C,,,,,
2023-11-01,11:33:59.84 AM,9m 37.5s,577.5,33.7953622677111,-117.4753928829835,10.4,137.7,17.0,1274,4999.3,5.729361,7.569323,-4.47388,2.23694,3.579104,3.579104,0,0.894776,-3.1,0,3.1,143.4,143.4,137.6,Tripod,Other,,21,5,True,,True,False,,Smart,RC,False,True,False,,,True,,False,False,False,False,False,False,False,False,False,False,0,Follow Yaw,-77.9,0,135.2,135.2,False,False,False,False,False,,0,0,False,False,No Card,100,100,1024,1406,1024,1024,2,False,False,False,False,False,0,False,False,False,False,69,,46.452,,3440,,4986,,46.452,,True,3.872,3.872,3.872,3.872,3.872,3.872,3.872,3.872,3.872,3.872,3.872,3.872,0,,False,False,True,,,,,,,,,,,,,,,False,False,9.556,,103.2,,75.7,,103.4,,1309,119,1,22,7,143853.1,19180.42,,Idle,,20,,10,,,20,Go Home,False,False,False,False,False,False,False,False,False,False,False,False,33.8027920380556,-117.4659261431046,3947.5,3947.5,1049.4,396.9,True,1,1,False,False,False,False,,True,False,False,Course Lock,196.8,67,16.4,93,N,SW,2.46,11.4,Calm,False,False,Android,7.0.2,M300 RTK,1ZN7L4R0H1D00F,1W9DL31001461C,1ZMLH8300204F0,1Z6PH74DAP0QN7,"Corona, CA",728.3,5.7,137.7,8.547347,2.013246,0,0,DJI Matrice 300 RTK,M300 RTK,1ZN7L4R0H1D00F,1W9DL31001461C,1ZMLH8300204F0,1Z6PH74DAP0QN7,DJI Pilot,Android,7.0.2,1EF72A62-B7C3-C88D-164E-CE6F8C8424AE,1ZN7L4R0H1D00F,1W9DL31001461C,,1ZMLH8300204F0,1W9DL31001461C,,,,,
2023-11-01,11:33:59.94 AM,9m 37.6s,577.6,33.7953604388861,-117.4753910496777,10.4,137.7,17.0,1274,5000.1,5.729361,7.569323,-4.47388,2.23694,3.579104,3.579104,0,0.894776,-3.1,-0.1,3.1,143.3,143.3,140.2,Tripod,Other,,21,5,True,,True,False,,Smart,RC,False,True,False,,,True,,False,False,False,False,False,False,False,False,False,False,0,Follow Yaw,-77.9,0,135.2,135.2,False,False,False,False,False,,0,0,False,False,No Card,100,100,1024,1406,1024,1024,2,False,False,False,False,False,0,False,False,False,False,69,,46.452,,3440,,4986,,46.452,,True,3.872,3.872,3.872,3.872,3.872,3.872,3.872,3.872,3.872,3.872,3.872,3.872,0,,False,False,True,,,,,,,,,,,,,,,False,False,9.556,,103.2,,75.7,,103.4,,1309,119,1,22,7,143853.1,19180.42,,Idle,,20,,10,,,20,Go Home,False,False,False,False,False,False,False,False,False,False,False,False,33.8027920380556,-117.4659261431046,3947.5,3947.5,1049.4,396.9,True,1,1,False,False,False,False,,True,False,False,Course Lock,196.8,67,16.4,93,N,SW,2.46,11.4,Calm,False,False,Android,7.0.2,M300 RTK,1ZN7L4R0H1D00F,1W9DL31001461C,1ZMLH8300204F0,1Z6PH74DAP0QN7,"Corona, CA",728.3,5.7,137.7,8.547347,2.013246,0,0,DJI Matrice 300 RTK,M300 RTK,1ZN7L4R0H1D00F,1W9DL31001461C,1ZMLH8300204F0,1Z6PH74DAP0QN7,DJI Pilot,Android,7.0.2,1EF72A62-B7C3-C88D-164E-CE6F8C8424AE,1ZN7L4R0H1D00F,1W9DL31001461C,,1ZMLH8300204F0,1W9DL31001461C,,,,,
2023-11-01,11:34:00.05 AM,9m 37.7s,577.7,33.7953584363339,-117.4753891447914,10.4,137.7,17.0,1274,5001.1,5.871701,7.569323,-4.47388,2.23694,3.802798,3.802798,0,0.894776,-2.9,-0.2,2.9,143.2,143.2,141.6,Tripod,Other,,21,5,True,,True,False,,Smart,RC,False,True,False,,,True,,False,False,False,False,False,False,False,False,False,False,0,Follow Yaw,-77.9,0,135.2,135.2,False,False,False,False,False,,0,0,False,False,No Card,100,100,1024,1405,927,1024,2,False,False,False,False,False,0,False,False,False,False,69,,46.452,,3440,,4986,,46.452,,True,3.872,3.872,3.872,3.872,3.872,3.872,3.872,3.872,3.872,3.872,3.872,3.872,0,,False,False,True,,,,,,,,,,,,,,,False,False,9.556,,103.2,,75.7,,103.4,,1309,119,1,22,7,143853.1,19180.42,,Idle,,20,,10,,,20,Go Home,False,False,False,False,False,False,False,False,False,False,False,False,33.8027920380556,-117.4659261431046,3947.6,3947.6,1049.4,396.9,True,1,1,False,False,False,False,,True,False,False,Course Lock,196.8,67,16.4,93,N,SW,2.46,11.4,Calm,False,False,Android,7.0.2,M300 RTK,1ZN7L4R0H1D00F,1W9DL31001461C,1ZMLH8300204F0,1Z6PH74DAP0QN7,"Corona, CA",728.3,5.7,137.7,8.547347,2.013246,0,0,DJI Matrice 300 RTK,M300 RTK,1ZN7L4R0H1D00F,1W9DL31001461C,1ZMLH8300204F0,1Z6PH74DAP0QN7,DJI Pilot,Android,7.0.2,1EF72A62-B7C3-C88D-164E-CE6F8C8424AE,1ZN7L4R0H1D00F,1W9DL31001461C,,1ZMLH8300204F0,1W9DL31001461C,,,,,
2023-11-01,11:34:00.15 AM,9m 37.8s,577.8,33.7953565625731,-117.4753872696754,10.4,137.7,17.3,1274,5001.9,5.871701,7.569323,-4.47388,2.23694,3.802798,3.802798,0,0.894776,-2.8,0,2.8,143.2,143.2,140.2,Tripod,Other,,21,5,True,,True,False,,Smart,RC,False,True,False,,,True,,False,False,False,False,False,False,False,False,False,False,0,Follow Yaw,-77.9,0,135.2,135.2,False,False,False,False,False,,0,0,False,False,No Card,100,100,1024,1410,879,1024,2,False,False,False,False,False,0,False,False,False,False,69,,46.452,,3440,,4986,,46.452,,True,3.872,3.872,3.872,3.872,3.872,3.872,3.872,3.872,3.872,3.872,3.872,3.872,0,,False,False,True,,,,,,,,,,,,,,,False,False,9.556,,103.2,,75.7,,103.4,,1309,119,1,22,7,143853.1,19180.42,,Idle,,20,,10,,,20,Go Home,False,False,False,False,False,False,False,False,False,False,False,False,33.8027920380556,-117.4659261431046,3947.7,3947.7,1049.4,396.9,True,1,1,False,False,False,False,,True,False,False,Course Lock,196.8,67,16.4,93,N,SW,2.46,11.4,Calm,False,False,Android,7.0.2,M300 RTK,1ZN7L4R0H1D00F,1W9DL31001461C,1ZMLH8300204F0,1Z6PH74DAP0QN7,"Corona, CA",728.3,5.7,137.7,8.547347,2.013246,0,0,DJI Matrice 300 RTK,M300 RTK,1ZN7L4R0H1D00F,1W9DL31001461C,1ZMLH8300204F0,1Z6PH74DAP0QN7,DJI Pilot,Android,7.0.2,1EF72A62-B7C3-C88D-164E-CE6F8C8424AE,1ZN7L4R0H1D00F,1W9DL31001461C,,1ZMLH8300204F0,1W9DL31001461C,,,,,
2023-11-01,11:34:00.26 AM,9m 37.9s,577.9,33.795354695869,-117.4753852539956,10.4,137.7,17.3,1274,5002.9,5.871701,7.569323,-4.47388,2.23694,3.802798,3.802798,0,0.894776,-2.7,0.2,2.7,143.3,143.3,138.0,Tripod,Other,,21,5,True,,True,False,,Smart,RC,False,True,False,,,True,,False,False,False,False,False,False,False,False,False,False,0,Follow Yaw,-77.9,0,135.2,135.2,False,False,False,False,False,,0,0,False,False,No Card,100,100,1024,1410,879,1024,2,False,False,False,False,False,0,False,False,False,False,69,,46.452,,3440,,4986,,46.452,,True,3.872,3.872,3.872,3.872,3.872,3.872,3.872,3.872,3.872,3.872,3.872,3.872,0,,False,False,True,,,,,,,,,,,,,,,False,False,9.556,,103.2,,75.7,,103.4,,1309,119,1,22,7,143853.1,19180.42,,Idle,,20,,10,,,20,Go Home,False,False,False,False,False,False,False,False,False,False,False,False,33.8027920380556,-117.4659261431046,3947.7,3947.7,1049.4,396.9,True,1,1,False,False,False,False,,True,False,False,Course Lock,196.8,67,16.4,93,N,SW,2.46,11.4,Calm,False,False,Android,7.0.2,M300 RTK,1ZN7L4R0H1D00F,1W9DL31001461C,1ZMLH8300204F0,1Z6PH74DAP0QN7,"Corona, CA",728.3,5.7,137.7,8.547347,2.013246,0,0,DJI Matrice 300 RTK,M300 RTK,1ZN7L4R0H1D00F,1W9DL31001461C,1ZMLH8300204F0,1Z6PH74DAP0QN7,DJI Pilot,Android,7.0.2,1EF72A62-B7C3-C88D-164E-CE6F8C8424AE,1ZN7L4R0H1D00F,1W9DL31001461C,,1ZMLH8300204F0,1W9DL31001461C,,,,,
2023-11-01,11:34:00.36 AM,9m 38.0s,578.0,33.7953527924424,-117.4753833470476,10.4,137.7,17.3,1274,5003.8,6.043879,7.569323,-4.697574,2.23694,3.802798,3.802798,0,0.894776,-2.7,0.5,2.7,143.3,143.3,140.2,Tripod,Other,,21,5,True,,True,False,,Smart,RC,False,True,False,,,True,,False,False,False,False,False,False,False,False,False,False,0,Follow Yaw,-77.9,0,135.2,135.2,False,False,False,False,False,,0,0,False,False,No Card,100,100,1024,1414,998,1024,2,False,False,False,False,False,0,False,False,False,False,69,,46.404,,6930,,10044,,46.404,,True,3.872,3.872,3.872,3.872,3.872,3.872,3.872,3.872,3.872,3.872,3.872,3.872,0,,False,False,True,,,,,,,,,,,,,,,False,False,19.74,,103.4,,75.7,,103.4,,1309,119,1,22,7,143853.1,19180.42,,Idle,,20,,10,,,20,Go Home,False,False,False,False,False,False,False,False,False,False,False,False,33.8027920380556,-117.4659261431046,3947.8,3947.8,1049.4,396.9,True,1,1,False,False,False,False,,True,False,False,Course Lock,196.8,67,16.4,93,N,SW,2.46,11.4,Calm,False,False,Android,7.0.2,M300 RTK,1ZN7L4R0H1D00F,1W9DL31001461C,1ZMLH8300204F0,1Z6PH74DAP0QN7,"Corona, CA",728.3,5.7,137.7,8.547347,2.013246,0,0,DJI Matrice 300 RTK,M300 RTK,1ZN7L4R0H1D00F,1W9DL31001461C,1ZMLH8300204F0,1Z6PH74DAP0QN7,DJI Pilot,Android,7.0.2,1EF72A62-B7C3-C88D-164E-CE6F8C8424AE,1ZN7L4R0H1D00F,1W9DL31001461C,,1ZMLH8300204F0,1W9DL31001461C,,,,,
2023-11-01,11:34:00.46 AM,9m 38.1s,578.1,33.7953507132411,-117.4753812820532,10.4,137.7,17.3,1274,5004.7,6.043879,7.569323,-4.697574,2.23694,3.802798,3.802798,0,0.894776,-2.9,0.6,2.9,143.3,143.3,140.4,Tripod,Other,,21,5,True,,True,False,,Smart,RC,False,True,False,,,True,,False,False,False,False,False,False,False,False,False,False,0,Follow Yaw,-77.9,0,135.2,135.2,False,False,False,False,False,,0,0,False,False,No Card,100,100,1024,1416,880,1024,2,False,False,False,False,False,0,False,False,False,False,69,,46.404,,6930,,10044,,46.404,,True,3.872,3.872,3.872,3.872,3.872,3.872,3.872,3.872,3.872,3.872,3.872,3.872,0,,False,False,True,,,,,,,,,,,,,,,False,False,19.74,,103.4,,75.7,,103.4,,1309,119,1,22,7,143853.1,19180.42,,Idle,,20,,10,,,20,Go Home,False,False,False,False,False,False,False,False,False,False,False,False,33.8027920380556,-117.4659261431046,3947.8,3947.8,1049.4,396.9,True,1,1,False,False,False,False,,True,False,False,Course Lock,196.8,67,16.4,93,N,SW,2.46,11.4,Calm,False,False,Android,7.0.2,M300 RTK,1ZN7L4R0H1D00F,1W9DL31001461C,1ZMLH8300204F0,1Z6PH74DAP0QN7,"Corona, CA",728.3,5.7,137.7,8.547347,2.013246,0,0,DJI Matrice 300 RTK,M300 RTK,1ZN7L4R0H1D00F,1W9DL31001461C,1ZMLH8300204F0,1Z6PH74DAP0QN7,DJI Pilot,Android,7.0.2,1EF72A62-B7C3-C88D-164E-CE6F8C8424AE,1ZN7L4R0H1D00F,1W9DL31001461C,,1ZMLH8300204F0,1W9DL31001461C,,,,,
2023-11-01,11:34:00.56 AM,9m 38.2s,578.2,33.7953487528448,-117.4753793522208,10.4,137.7,17.7,1274,5005.7,6.043879,7.569323,-4.697574,2.23694,3.802798,3.802798,0,0.894776,-2.8,0.5,2.8,143.3,143.3,140.7,Tripod,Other,,21,5,True,,True,False,,Smart,RC,False,True,False,,,True,,False,False,False,False,False,False,False,False,False,False,0,Follow Yaw,-77.9,0,135.2,135.2,False,False,False,False,False,,0,0,False,False,No Card,100,100,1024,1415,765,1024,2,False,False,False,False,False,0,False,False,False,False,69,,46.404,,6930,,10044,,46.404,,True,3.872,3.872,3.872,3.872,3.872,3.872,3.872,3.872,3.872,3.872,3.872,3.872,0,,False,False,True,,,,,,,,,,,,,,,False,False,19.74,,103.4,,75.7,,103.4,,1309,119,1,22,7,143853.1,19180.42,,Idle,,20,,10,,,20,Go Home,False,False,False,False,False,False,False,False,False,False,False,False,33.8027920380556,-117.4659261431046,3947.9,3947.9,1049.4,396.9,True,1,1,False,False,False,False,,True,False,False,Course Lock,196.8,67,16.4,93,N,SW,2.46,11.4,Calm,False,False,Android,7.0.2,M300 RTK,1ZN7L4R0H1D00F,1W9DL31001461C,1ZMLH8300204F0,1Z6PH74DAP0QN7,"Corona, CA",728.3,5.7,137.7,8.547347,2.013246,0,0,DJI Matrice 300 RTK,M300 RTK,1ZN7L4R0H1D00F,1W9DL31001461C,1ZMLH8300204F0,1Z6PH74DAP0QN7,DJI Pilot,Android,7.0.2,1EF72A62-B7C3-C88D-164E-CE6F8C8424AE,1ZN7L4R0H1D00F,1W9DL31001461C,,1ZMLH8300204F0,1W9DL31001461C,,,,,
2023-11-01,11:34:00.67 AM,9m 38.3s,578.3,33.7953470383766,-117.4753777323376,10.4,137.7,17.7,1274,5006.5,6.043879,7.569323,-4.697574,2.23694,3.802798,3.802798,0,0.894776,-2.8,0.3,2.8,143.2,143.2,141.8,Tripod,Other,,21,5,True,,True,False,,Smart,RC,False,True,False,,,True,,False,False,False,False,False,False,False,False,False,False,0,Follow Yaw,-77.9,0,135.2,135.2,False,False,False,False,False,,0,0,False,False,No Card,100,100,1024,1416,711,1024,2,False,False,False,False,False,0,False,False,False,False,69,,46.404,,6930,,10044,,46.404,,True,3.871,3.871,3.871,3.871,3.871,3.871,3.871,3.871,3.871,3.871,3.871,3.871,0,,False,False,True,,,,,,,,,,,,,,,False,False,19.74,,103.4,,75.7,,103.4,,1308,119,1,22,7,143511.8,19134.91,,Idle,,20,,10,,,20,Go Home,False,False,False,False,False,False,False,False,False,False,False,False,33.8027920380556,-117.4659261431046,3948.0,3948.0,1049.4,396.9,True,1,1,False,False,False,False,,True,False,False,Course Lock,196.8,67,16.4,93,N,SW,2.46,11.4,Calm,False,False,Android,7.0.2,M300 RTK,1ZN7L4R0H1D00F,1W9DL31001461C,1ZMLH8300204F0,1Z6PH74DAP0QN7,"Corona, CA",728.3,5.7,137.7,8.547347,2.013246,0,0,DJI Matrice 300 RTK,M300 RTK,1ZN7L4R0H1D00F,1W9DL31001461C,1ZMLH8300204F0,1Z6PH74DAP0QN7,DJI Pilot,Android,7.0.2,1EF72A62-B7C3-C88D-164E-CE6F8C8424AE,1ZN7L4R0H1D00F,1W9DL31001461C,,1ZMLH8300204F0,1W9DL31001461C,,,,,
2023-11-01,11:34:00.77 AM,9m 38.4s,578.4,33.7953450626676,-117.4753758177614,10.4,137.7,17.7,1274,5007.4,6.043879,7.569323,-4.697574,2.23694,3.802798,3.802798,0,0.894776,-2.8,0.1,2.8,143.1,143.1,141.1,Tripod,Other,,21,5,True,,True,False,,Smart,RC,False,True,False,,,True,,False,False,False,False,False,False,False,False,False,False,0,Follow Yaw,-77.9,0,135.2,135.2,False,False,False,False,False,,0,0,False,False,No Card,100,100,1024,1414,713,1024,2,False,False,False,False,False,0,False,False,False,False,69,,46.404,,6930,,10044,,46.404,,True,3.871,3.871,3.871,3.871,3.871,3.871,3.871,3.871,3.871,3.871,3.871,3.871,0,,False,False,True,,,,,,,,,,,,,,,False,False,19.74,,103.4,,75.7,,103.4,,1308,119,1,22,7,143511.8,19134.91,,Idle,,20,,10,,,20,Go Home,False,False,False,False,False,False,False,False,False,False,False,False,33.8027920380556,-117.4659261431046,3948.0,3948.0,1049.4,396.9,True,1,1,False,False,False,False,,True,False,False,Course Lock,196.8,67,16.4,93,N,SW,2.46,11.4,Calm,False,False,Android,7.0.2,M300 RTK,1ZN7L4R0H1D00F,1W9DL31001461C,1ZMLH8300204F0,1Z6PH74DAP0QN7,"Corona, CA",728.3,5.7,137.7,8.547347,2.013246,0,0,DJI Matrice 300 RTK,M300 RTK,1ZN7L4R0H1D00F,1W9DL31001461C,1ZMLH8300204F0,1Z6PH74DAP0QN7,DJI Pilot,Android,7.0.2,1EF72A62-B7C3-C88D-164E-CE6F8C8424AE,1ZN7L4R0H1D00F,1W9DL31001461C,,1ZMLH8300204F0,1W9DL31001461C,,,,,
2023-11-01,11:34:00.87 AM,9m 38.5s,578.5,33.7953429240778,-117.4753737358614,10.1,137.7,17.7,1274,5008.4,6.219336,7.569323,-4.921268,2.23694,3.802798,3.802798,0.223694,0.894776,-2.9,0,2.9,143.1,143.1,141.0,Tripod,Other,,21,5,True,,True,False,,Smart,RC,False,True,False,,,True,,False,False,False,False,False,False,False,False,False,False,0,Follow Yaw,-77.9,0,135.2,135.2,False,False,False,False,False,,0,0,False,False,No Card,100,100,1024,1414,772,1024,2,False,False,False,False,False,0,False,False,False,False,69,,46.404,,6930,,10044,,46.404,,True,3.871,3.871,3.871,3.871,3.871,3.871,3.871,3.871,3.871,3.871,3.871,3.871,0,,False,False,True,,,,,,,,,,,,,,,False,False,19.74,,103.4,,75.7,,103.4,,1308,119,1,22,7,143511.8,19134.91,,Idle,,20,,10,,,20,Go Home,False,False,False,False,False,False,False,False,False,False,False,False,33.8027920380556,-117.4659261431046,3948.1,3948.1,1049.4,396.9,True,1,1,False,False,False,False,,True,False,False,Course Lock,196.8,67,16.4,93,N,SW,2.46,11.4,Calm,False,False,Android,7.0.2,M300 RTK,1ZN7L4R0H1D00F,1W9DL31001461C,1ZMLH8300204F0,1Z6PH74DAP0QN7,"Corona, CA",728.3,5.7,137.7,8.547347,2.013246,0,0,DJI Matrice 300 RTK,M300 RTK,1ZN7L4R0H1D00F,1W9DL31001461C,1ZMLH8300204F0,1Z6PH74DAP0QN7,DJI Pilot,Android,7.0.2,1EF72A62-B7C3-C88D-164E-CE6F8C8424AE,1ZN7L4R0H1D00F,1W9DL31001461C,,1ZMLH8300204F0,1W9DL31001461C,,,,,
2023-11-01,11:34:00.97 AM,9m 38.6s,578.6,33.795340910268,-117.4753717861547,10.1,137.7,17.7,1274,5009.3,6.219336,7.569323,-4.921268,2.23694,3.802798,3.802798,0.223694,0.894776,-2.8,0,2.8,143.1,143.1,141.1,Tripod,Other,,21,5,True,,True,False,,Smart,RC,False,True,False,,,True,,False,False,False,False,False,False,False,False,False,False,0,Follow Yaw,-77.9,0,135.2,135.2,False,False,False,False,False,,0,0,False,False,No Card,100,100,1024,1414,756,1024,2,False,False,False,False,False,0,False,False,False,False,69,,46.404,,6930,,10044,,46.404,,True,3.871,3.871,3.871,3.871,3.871,3.871,3.871,3.871,3.871,3.871,3.871,3.871,0,,False,False,True,,,,,,,,,,,,,,,False,False,19.74,,103.4,,75.7,,103.4,,1308,119,1,22,7,143511.8,19134.91,,Idle,,20,,10,,,20,Go Home,False,False,False,False,False,False,False,False,False,False,False,False,33.8027920380556,-117.4659261431046,3948.2,3948.2,1049.4,396.9,True,1,1,False,False,False,False,,True,False,False,Course Lock,196.8,67,16.4,93,N,SW,2.46,11.4,Calm,False,False,Android,7.0.2,M300 RTK,1ZN7L4R0H1D00F,1W9DL31001461C,1ZMLH8300204F0,1Z6PH74DAP0QN7,"Corona, CA",728.3,5.7,137.7,8.547347,2.013246,0,0,DJI Matrice 300 RTK,M300 RTK,1ZN7L4R0H1D00F,1W9DL31001461C,1ZMLH8300204F0,1Z6PH74DAP0QN7,DJI Pilot,Android,7.0.2,1EF72A62-B7C3-C88D-164E-CE6F8C8424AE,1ZN7L4R0H1D00F,1W9DL31001461C,,1ZMLH8300204F0,1W9DL31001461C,,,,,
2023-11-01,11:34:01.08 AM,9m 38.7s,578.7,33.7953389093167,-117.4753697228096,10.1,137.7,18.0,1274,5010.3,6.219336,7.569323,-4.921268,2.23694,3.802798,3.802798,0.447388,0.894776,-2.5,0.2,2.5,143.2,143.2,139.4,Tripod,Other,,21,5,True,,True,False,,Smart,RC,False,True,False,,,True,,False,False,False,False,False,False,False,False,False,False,0,Follow Yaw,-77.9,0,135.2,135.2,False,False,False,False,False,,0,0,False,False,No Card,100,100,1024,1414,802,1024,2,False,False,False,False,False,0,False,False,False,False,69,,46.284,,3440,,4986,,46.284,,True,3.871,3.871,3.871,3.871,3.871,3.871,3.871,3.871,3.871,3.871,3.871,3.871,0,,False,False,True,,,,,,,,,,,,,,,False,False,10.328,,103.4,,75.7,,103.4,,1308,119,1,22,7,143511.8,19134.91,,Idle,,20,,10,,,20,Go Home,False,False,False,False,False,False,False,False,False,False,False,False,33.8027920380556,-117.4659261431046,3948.2,3948.2,1049.4,396.9,True,1,1,False,False,False,False,,True,False,False,Course Lock,196.8,67,16.4,93,N,SW,2.46,11.4,Calm,False,False,Android,7.0.2,M300 RTK,1ZN7L4R0H1D00F,1W9DL31001461C,1ZMLH8300204F0,1Z6PH74DAP0QN7,"Corona, CA",728.3,5.7,137.7,8.547347,2.013246,0,0,DJI Matrice 300 RTK,M300 RTK,1ZN7L4R0H1D00F,1W9DL31001461C,1ZMLH8300204F0,1Z6PH74DAP0QN7,DJI Pilot,Android,7.0.2,1EF72A62-B7C3-C88D-164E-CE6F8C8424AE,1ZN7L4R0H1D00F,1W9DL31001461C,,1ZMLH8300204F0,1W9DL31001461C,,,,,
2023-11-01,11:34:01.14 AM,9m 38.8s,578.8,33.7953368684442,-117.4753677494763,10.1,137.7,18.0,1274,5011.3,6.219336,7.569323,-4.921268,2.23694,3.802798,3.802798,0.447388,0.894776,-2.3,0.2,2.3,143.2,143.2,141.2,Tripod,Other,,21,5,True,,True,False,,Smart,RC,False,True,False,,,True,,False,False,False,False,False,False,False,False,False,False,0,Follow Yaw,-77.9,0,135.2,135.2,False,False,False,False,False,,0,0,False,False,No Card,100,100,1024,1418,782,1024,2,False,False,False,False,False,0,False,False,False,False,69,,46.284,,3440,,4986,,46.284,,True,3.871,3.871,3.871,3.871,3.871,3.871,3.871,3.871,3.871,3.871,3.871,3.871,0,,False,False,True,,,,,,,,,,,,,,,False,False,10.328,,103.4,,75.7,,103.4,,1308,119,1,22,7,143511.8,19134.91,,Idle,,20,,10,,,20,Go Home,False,False,False,False,False,False,False,False,False,False,False,False,33.8027920380556,-117.4659261431046,3948.3,3948.3,1049.4,396.9,True,1,1,False,False,False,False,,True,False,False,Course Lock,196.8,67,16.4,93,N,SW,2.46,11.4,Calm,False,False,Android,7.0.2,M300 RTK,1ZN7L4R0H1D00F,1W9DL31001461C,1ZMLH8300204F0,1Z6PH74DAP0QN7,"Corona, CA",728.3,5.7,137.7,8.547347,2.013246,0,0,DJI Matrice 300 RTK,M300 RTK,1ZN7L4R0H1D00F,1W9DL31001461C,1ZMLH8300204F0,1Z6PH74DAP0QN7,DJI Pilot,Android,7.0.2,1EF72A62-B7C3-C88D-164E-CE6F8C8424AE,1ZN7L4R0H1D00F,1W9DL31001461C,,1ZMLH8300204F0,1W9DL31001461C,,,,,
2023-11-01,11:34:01.24 AM,9m 38.9s,578.9,33.7953348019417,-117.4753657349512,10.1,137.7,18.0,1274,5012.2,6.219336,7.569323,-4.921268,2.23694,3.802798,3.802798,0.447388,0.894776,-2.2,0.1,2.2,143.2,143.2,140.9,Tripod,Other,,21,5,True,,True,False,,Smart,RC,False,True,False,,,True,,False,False,False,False,False,False,False,False,False,False,0,Follow Yaw,-77.9,0,135.2,135.2,False,False,False,False,False,,0,0,False,False,No Card,100,100,1024,1415,713,1024,2,False,False,False,False,False,0,False,False,False,False,69,,46.284,,3440,,4986,,46.284,,True,3.871,3.871,3.871,3.871,3.871,3.871,3.871,3.871,3.871,3.871,3.871,3.871,0,,False,False,True,,,,,,,,,,,,,,,False,False,10.328,,103.4,,75.7,,103.4,,1308,119,1,22,7,143511.8,19134.91,,Idle,,20,,10,,,20,Go Home,False,False,False,False,False,False,False,False,False,False,False,False,33.8027920380556,-117.4659261431046,3948.4,3948.4,1049.4,396.9,True,1,1,False,False,False,False,,True,False,False,Course Lock,196.8,67,16.4,93,N,SW,2.46,11.4,Calm,False,False,Android,7.0.2,M300 RTK,1ZN7L4R0H1D00F,1W9DL31001461C,1ZMLH8300204F0,1Z6PH74DAP0QN7,"Corona, CA",728.3,5.7,137.7,8.547347,2.013246,0,0,DJI Matrice 300 RTK,M300 RTK,1ZN7L4R0H1D00F,1W9DL31001461C,1ZMLH8300204F0,1Z6PH74DAP0QN7,DJI Pilot,Android,7.0.2,1EF72A62-B7C3-C88D-164E-CE6F8C8424AE,1ZN7L4R0H1D00F,1W9DL31001461C,,1ZMLH8300204F0,1W9DL31001461C,,,,,
2023-11-01,11:34:01.34 AM,9m 39.0s,579.0,33.7953327382667,-117.4753637514745,9.8,137.7,18.0,1274,5013.2,6.219336,7.569323,-4.921268,2.23694,3.802798,3.802798,0.447388,0.894776,-2.3,0,2.3,143.2,143.2,141.3,Tripod,Other,,21,5,True,,True,False,,Smart,RC,False,True,False,,,True,,False,False,False,False,False,False,False,False,False,False,0,Follow Yaw,-77.9,0,135.2,135.2,False,False,False,False,False,,0,0,False,False,No Card,100,100,1024,1417,755,1041,2,False,False,False,False,False,0,False,False,False,False,69,,46.32,,6930,,10044,,46.32,,True,3.871,3.871,3.871,3.871,3.871,3.871,3.871,3.871,3.871,3.871,3.871,3.871,0,,False,False,True,,,,,,,,,,,,,,,False,False,20.554,,103.6,,75.7,,103.6,,1308,119,1,22,7,143511.8,19134.91,,Idle,,20,,10,,,20,Go Home,False,False,False,False,False,False,False,False,False,False,False,False,33.8027920380556,-117.4659261431046,3948.5,3948.5,1049.4,396.9,True,1,1,False,False,False,False,,True,False,False,Course Lock,196.8,67,16.4,93,N,SW,2.46,11.4,Calm,False,False,Android,7.0.2,M300 RTK,1ZN7L4R0H1D00F,1W9DL31001461C,1ZMLH8300204F0,1Z6PH74DAP0QN7,"Corona, CA",728.3,5.7,137.7,8.547347,2.013246,0,0,DJI Matrice 300 RTK,M300 RTK,1ZN7L4R0H1D00F,1W9DL31001461C,1ZMLH8300204F0,1Z6PH74DAP0QN7,DJI Pilot,Android,7.0.2,1EF72A62-B7C3-C88D-164E-CE6F8C8424AE,1ZN7L4R0H1D00F,1W9DL31001461C,,1ZMLH8300204F0,1W9DL31001461C,,,,,
2023-11-01,11:34:01.44 AM,9m 39.1s,579.1,33.7953305583251,-117.4753619646385,9.8,137.7,18.0,1274,5014.1,6.219336,7.569323,-4.921268,2.23694,3.802798,3.802798,0.447388,0.894776,-2.3,-0.1,2.3,143.1,143.1,145.7,Tripod,Other,,21,5,True,,True,False,,Smart,RC,False,True,False,,,True,,False,False,False,False,False,False,False,False,False,False,0,Follow Yaw,-77.9,0,135.2,135.2,False,False,False,False,False,,0,0,False,False,No Card,100,100,1024,1416,752,1055,2,False,False,False,False,False,0,False,False,False,False,69,,46.32,,6930,,10044,,46.32,,True,3.871,3.871,3.871,3.871,3.871,3.871,3.871,3.871,3.871,3.871,3.871,3.871,0,,False,False,True,,,,,,,,,,,,,,,False,False,20.554,,103.6,,75.7,,103.6,,1308,119,1,22,7,143511.8,19134.91,,Idle,,20,,10,,,20,Go Home,False,False,False,False,False,False,False,False,False,False,False,False,33.8027920380556,-117.4659261431046,3948.6,3948.6,1049.4,396.9,True,1,1,False,False,False,False,,True,False,False,Course Lock,196.8,67,16.4,93,N,SW,2.46,11.4,Calm,False,False,Android,7.0.2,M300 RTK,1ZN7L4R0H1D00F,1W9DL31001461C,1ZMLH8300204F0,1Z6PH74DAP0QN7,"Corona, CA",728.3,5.7,137.7,8.547347,2.013246,0,0,DJI Matrice 300 RTK,M300 RTK,1ZN7L4R0H1D00F,1W9DL31001461C,1ZMLH8300204F0,1Z6PH74DAP0QN7,DJI Pilot,Android,7.0.2,1EF72A62-B7C3-C88D-164E-CE6F8C8424AE,1ZN7L4R0H1D00F,1W9DL31001461C,,1ZMLH8300204F0,1W9DL31001461C,,,,,
2023-11-01,11:34:01.54 AM,9m 39.2s,579.2,33.7953284710694,-117.4753599827288,9.8,137.7,18.0,1274,5015.1,6.358578,7.569323,-4.921268,2.23694,4.026492,4.026492,0.447388,0.894776,-2.3,-0.1,2.3,143.2,143.2,141.7,Tripod,Other,,21,5,True,,True,False,,Smart,RC,False,True,False,,,True,,False,False,False,False,False,False,False,False,False,False,0,Follow Yaw,-77.9,0,135.2,135.2,False,False,False,False,False,,0,0,False,False,No Card,100,100,1024,1416,741,1055,2,False,False,False,False,False,0,False,False,False,False,69,,46.32,,6930,,10044,,46.32,,True,3.871,3.871,3.871,3.871,3.871,3.871,3.871,3.871,3.871,3.871,3.871,3.871,0,,False,False,True,,,,,,,,,,,,,,,False,False,20.554,,103.6,,75.7,,103.6,,1308,119,1,22,7,143511.8,19134.91,,Idle,,20,,10,,,20,Go Home,False,False,False,False,False,False,False,False,False,False,False,False,33.8027920380556,-117.4659261431046,3948.7,3948.7,1049.4,396.9,True,1,1,False,False,False,False,,True,False,False,Course Lock,196.8,67,16.4,93,N,SW,2.46,11.4,Calm,False,False,Android,7.0.2,M300 RTK,1ZN7L4R0H1D00F,1W9DL31001461C,1ZMLH8300204F0,1Z6PH74DAP0QN7,"Corona, CA",728.3,5.7,137.7,8.547347,2.013246,0,0,DJI Matrice 300 RTK,M300 RTK,1ZN7L4R0H1D00F,1W9DL31001461C,1ZMLH8300204F0,1Z6PH74DAP0QN7,DJI Pilot,Android,7.0.2,1EF72A62-B7C3-C88D-164E-CE6F8C8424AE,1ZN7L4R0H1D00F,1W9DL31001461C,,1ZMLH8300204F0,1W9DL31001461C,,,,,
2023-11-01,11:34:01.64 AM,9m 39.3s,579.3,33.7953263886975,-117.4753578746457,9.8,137.7,18.0,1274,5016.1,6.358578,7.569323,-4.921268,2.23694,4.026492,4.026492,0.447388,0.894776,-2.4,0.1,2.4,143.3,143.3,139.9,Tripod,Other,,21,5,True,,True,False,,Smart,RC,False,True,False,,,True,,False,False,False,False,False,False,False,False,False,False,0,Follow Yaw,-77.9,0,135.2,135.2,False,False,False,False,False,,0,0,False,False,No Card,100,100,1024,1416,709,1052,2,False,False,False,False,False,0,False,False,False,False,69,,46.32,,6930,,10044,,46.32,,True,3.865,3.865,3.865,3.865,3.865,3.865,3.865,3.865,3.865,3.865,3.865,3.865,0,,False,False,True,,,,,,,,,,,,,,,False,False,20.554,,103.6,,75.7,,103.6,,1308,119,1,22,7,143638.2,19151.76,,Idle,,20,,10,,,20,Go Home,False,False,False,False,False,False,False,False,False,False,False,False,33.8027920380556,-117.4659261431046,3948.8,3948.8,1049.4,396.9,True,1,1,False,False,False,False,,True,False,False,Course Lock,196.8,67,16.4,93,N,SW,2.46,11.4,Calm,False,False,Android,7.0.2,M300 RTK,1ZN7L4R0H1D00F,1W9DL31001461C,1ZMLH8300204F0,1Z6PH74DAP0QN7,"Corona, CA",728.3,5.7,137.7,8.547347,2.013246,0,0,DJI Matrice 300 RTK,M300 RTK,1ZN7L4R0H1D00F,1W9DL31001461C,1ZMLH8300204F0,1Z6PH74DAP0QN7,DJI Pilot,Android,7.0.2,1EF72A62-B7C3-C88D-164E-CE6F8C8424AE,1ZN7L4R0H1D00F,1W9DL31001461C,,1ZMLH8300204F0,1W9DL31001461C,,,,,
2023-11-01,11:34:01.74 AM,9m 39.4s,579.4,33.7953242869822,-117.4753558774384,9.5,137.7,18.0,1273,5017.1,6.358578,7.569323,-4.921268,2.23694,4.026492,4.026492,0.447388,0.894776,-2.7,0.4,2.7,143.3,143.3,141.7,Tripod,Other,,21,5,True,,True,False,,Smart,RC,False,True,False,,,True,,False,False,False,False,False,False,False,False,False,False,0,Follow Yaw,-77.9,0,135.2,135.2,False,False,False,False,False,,0,0,False,False,No Card,100,100,1024,1414,762,1034,2,False,False,False,False,False,0,False,False,False,False,69,,46.32,,6930,,10044,,46.32,,True,3.865,3.865,3.865,3.865,3.865,3.865,3.865,3.865,3.865,3.865,3.865,3.865,0,,False,False,True,,,,,,,,,,,,,,,False,False,20.554,,103.6,,75.7,,103.6,,1308,119,1,22,7,143638.2,19151.76,,Idle,,20,,10,,,20,Go Home,False,False,False,False,False,False,False,False,False,False,False,False,33.8027920380556,-117.4659261431046,3948.9,3948.9,1049.4,396.9,True,1,1,False,False,False,False,,True,False,False,Course Lock,196.8,67,16.4,93,N,SW,2.46,11.4,Calm,False,False,Android,7.0.2,M300 RTK,1ZN7L4R0H1D00F,1W9DL31001461C,1ZMLH8300204F0,1Z6PH74DAP0QN7,"Corona, CA",728.3,5.7,137.7,8.547347,2.013246,0,0,DJI Matrice 300 RTK,M300 RTK,1ZN7L4R0H1D00F,1W9DL31001461C,1ZMLH8300204F0,1Z6PH74DAP0QN7,DJI Pilot,Android,7.0.2,1EF72A62-B7C3-C88D-164E-CE6F8C8424AE,1ZN7L4R0H1D00F,1W9DL31001461C,,1ZMLH8300204F0,1W9DL31001461C,,,,,
2023-11-01,11:34:01.84 AM,9m 39.5s,579.5,33.7953220937046,-117.4753538157839,9.5,137.7,17.7,1273,5018.1,6.533243,7.569323,-5.144962,2.23694,4.026492,4.026492,0.671082,0.894776,-2.9,0.3,2.9,143.3,143.3,142.0,Tripod,Other,,21,5,True,,True,False,,Smart,RC,False,True,False,,,True,,False,False,False,False,False,False,False,False,False,False,0,Follow Yaw,-77.9,0,135.2,135.2,False,False,False,False,False,,0,0,False,False,No Card,100,100,1024,1414,762,1034,2,False,False,False,False,False,0,False,False,False,False,69,,46.32,,6930,,10044,,46.32,,True,3.865,3.865,3.865,3.865,3.865,3.865,3.865,3.865,3.865,3.865,3.865,3.865,0,,False,False,True,,,,,,,,,,,,,,,False,False,20.554,,103.6,,75.7,,103.6,,1308,119,1,22,7,143638.2,19151.76,,Idle,,20,,10,,,20,Go Home,False,False,False,False,False,False,False,False,False,False,False,False,33.8027920380556,-117.4659261431046,3949.0,3949.0,1049.4,396.9,True,1,1,False,False,False,False,,True,False,False,Course Lock,196.8,67,16.4,93,N,SW,2.46,11.4,Calm,False,False,Android,7.0.2,M300 RTK,1ZN7L4R0H1D00F,1W9DL31001461C,1ZMLH8300204F0,1Z6PH74DAP0QN7,"Corona, CA",728.3,5.7,137.7,8.547347,2.013246,0,0,DJI Matrice 300 RTK,M300 RTK,1ZN7L4R0H1D00F,1W9DL31001461C,1ZMLH8300204F0,1Z6PH74DAP0QN7,DJI Pilot,Android,7.0.2,1EF72A62-B7C3-C88D-164E-CE6F8C8424AE,1ZN7L4R0H1D00F,1W9DL31001461C,,1ZMLH8300204F0,1W9DL31001461C,,,,,
2023-11-01,11:34:01.94 AM,9m 39.6s,579.6,33.7953199597714,-117.4753518111547,9.5,137.7,17.7,1273,5019.1,6.533243,7.569323,-5.144962,2.23694,4.026492,4.026492,0.671082,0.894776,-3.2,0,3.2,143.2,143.2,142.0,Tripod,Other,,21,5,True,,True,False,,Smart,RC,False,True,False,,,True,,False,False,False,False,False,False,False,False,False,False,0,Follow Yaw,-77.9,0,135.2,135.2,False,False,False,False,False,,0,0,False,False,No Card,100,100,1024,1413,699,1024,2,False,False,False,False,False,0,False,False,False,False,69,,46.32,,6930,,10044,,46.32,,True,3.865,3.865,3.865,3.865,3.865,3.865,3.865,3.865,3.865,3.865,3.865,3.865,0,,False,False,True,,,,,,,,,,,,,,,False,False,20.554,,103.6,,75.7,,103.6,,1308,119,1,22,7,143638.2,19151.76,,Idle,,20,,10,,,20,Go Home,False,False,False,False,False,False,False,False,False,False,False,False,33.8027920380556,-117.4659261431046,3949.1,3949.1,1049.4,396.9,True,1,1,False,False,False,False,,True,False,False,Course Lock,196.8,67,16.4,93,N,SW,2.46,11.4,Calm,False,False,Android,7.0.2,M300 RTK,1ZN7L4R0H1D00F,1W9DL31001461C,1ZMLH8300204F0,1Z6PH74DAP0QN7,"Corona, CA",728.3,5.7,137.7,8.547347,2.013246,0,0,DJI Matrice 300 RTK,M300 RTK,1ZN7L4R0H1D00F,1W9DL31001461C,1ZMLH8300204F0,1Z6PH74DAP0QN7,DJI Pilot,Android,7.0.2,1EF72A62-B7C3-C88D-164E-CE6F8C8424AE,1ZN7L4R0H1D00F,1W9DL31001461C,,1ZMLH8300204F0,1W9DL31001461C,,,,,
2023-11-01,11:34:02.04 AM,9m 39.7s,579.7,33.795317623174,-117.4753497894962,9.1,137.7,17.7,1273,5020.1,6.533243,7.569323,-5.144962,2.23694,4.026492,4.026492,0.671082,0.894776,-3.1,0,3.1,143.3,143.3,144.2,Tripod,Other,,21,5,True,,True,False,,Smart,RC,False,True,False,,,True,,False,False,False,False,False,False,False,False,False,False,0,Follow Yaw,-77.9,0,135.2,135.2,False,False,False,False,False,,0,0,False,False,No Card,100,100,1024,1413,678,1024,2,False,False,False,False,False,0,False,False,False,False,69,,46.32,,6930,,10044,,46.32,,True,3.865,3.865,3.865,3.865,3.865,3.865,3.865,3.865,3.865,3.865,3.865,3.865,0,,False,False,True,,,,,,,,,,,,,,,False,False,20.554,,103.6,,75.7,,103.6,,1308,119,1,22,7,143638.2,19151.76,,Idle,,20,,10,,,20,Go Home,False,False,False,False,False,False,False,False,False,False,False,False,33.8027920380556,-117.4659261431046,3949.2,3949.2,1049.4,396.9,True,1,1,False,False,False,False,,True,False,False,Course Lock,196.8,67,16.4,93,N,SW,2.46,11.4,Calm,False,False,Android,7.0.2,M300 RTK,1ZN7L4R0H1D00F,1W9DL31001461C,1ZMLH8300204F0,1Z6PH74DAP0QN7,"Corona, CA",728.3,5.7,137.7,8.547347,2.013246,0,0,DJI Matrice 300 RTK,M300 RTK,1ZN7L4R0H1D00F,1W9DL31001461C,1ZMLH8300204F0,1Z6PH74DAP0QN7,DJI Pilot,Android,7.0.2,1EF72A62-B7C3-C88D-164E-CE6F8C8424AE,1ZN7L4R0H1D00F,1W9DL31001461C,,1ZMLH8300204F0,1W9DL31001461C,,,,,
2023-11-01,11:34:02.14 AM,9m 39.8s,579.8,33.7953154457836,-117.4753477553028,9.1,137.7,17.7,1273,5021.1,6.533243,7.569323,-5.144962,2.23694,4.026492,4.026492,0.671082,0.894776,-3,0,3,143.3,143.3,142.1,Tripod,Other,,21,5,True,,True,False,,Smart,RC,False,True,False,,,True,,False,False,False,False,False,False,False,False,False,False,0,Follow Yaw,-77.9,0,135.2,135.2,False,False,False,False,False,,0,0,False,False,No Card,100,100,1024,1413,702,1024,2,False,False,False,False,False,0,False,False,False,False,69,,46.32,,6930,,10044,,46.32,,True,3.865,3.865,3.865,3.865,3.865,3.865,3.865,3.865,3.865,3.865,3.865,3.865,0,,False,False,True,,,,,,,,,,,,,,,False,False,20.554,,103.6,,75.7,,103.6,,1308,119,1,22,7,143638.2,19151.76,,Idle,,20,,10,,,20,Go Home,False,False,False,False,False,False,False,False,False,False,False,False,33.8027920380556,-117.4659261431046,3949.3,3949.3,1049.4,396.9,True,1,1,False,False,False,False,,True,False,False,Course Lock,196.8,67,16.4,93,N,SW,2.46,11.4,Calm,False,False,Android,7.0.2,M300 RTK,1ZN7L4R0H1D00F,1W9DL31001461C,1ZMLH8300204F0,1Z6PH74DAP0QN7,"Corona, CA",728.3,5.7,137.7,8.547347,2.013246,0,0,DJI Matrice 300 RTK,M300 RTK,1ZN7L4R0H1D00F,1W9DL31001461C,1ZMLH8300204F0,1Z6PH74DAP0QN7,DJI Pilot,Android,7.0.2,1EF72A62-B7C3-C88D-164E-CE6F8C8424AE,1ZN7L4R0H1D00F,1W9DL31001461C,,1ZMLH8300204F0,1W9DL31001461C,,,,,
2023-11-01,11:34:02.24 AM,9m 39.9s,579.9,33.7953134952758,-117.4753457166564,9.1,137.7,17.7,1273,5022.1,6.533243,7.569323,-5.144962,2.23694,4.026492,4.026492,0.671082,0.894776,-3,0,3,143.3,143.3,139.0,Tripod,Other,,21,5,True,,True,False,,Smart,RC,False,True,False,,,True,,False,False,False,False,False,False,False,False,False,False,0,Follow Yaw,-77.9,0,135.2,135.2,False,False,False,False,False,,0,0,False,False,No Card,100,100,1024,1413,720,1036,2,False,False,False,False,False,0,False,False,False,False,69,,46.32,,3440,,4986,,46.32,,True,3.865,3.865,3.865,3.865,3.865,3.865,3.865,3.865,3.865,3.865,3.865,3.865,0,,False,False,True,,,,,,,,,,,,,,,False,False,9.602,,103.4,,75.7,,103.6,,1308,119,1,22,7,143638.2,19151.76,,Idle,,20,,10,,,20,Go Home,False,False,False,False,False,False,False,False,False,False,False,False,33.8027920380556,-117.4659261431046,3949.4,3949.4,1049.4,396.9,True,1,1,False,False,False,False,,True,False,False,Course Lock,196.8,67,16.4,93,N,SW,2.46,11.4,Calm,False,False,Android,7.0.2,M300 RTK,1ZN7L4R0H1D00F,1W9DL31001461C,1ZMLH8300204F0,1Z6PH74DAP0QN7,"Corona, CA",728.3,5.7,137.7,8.547347,2.013246,0,0,DJI Matrice 300 RTK,M300 RTK,1ZN7L4R0H1D00F,1W9DL31001461C,1ZMLH8300204F0,1Z6PH74DAP0QN7,DJI Pilot,Android,7.0.2,1EF72A62-B7C3-C88D-164E-CE6F8C8424AE,1ZN7L4R0H1D00F,1W9DL31001461C,,1ZMLH8300204F0,1W9DL31001461C,,,,,
2023-11-01,11:34:02.34 AM,9m 40.0s,580.0,33.7953113150515,-117.4753436578057,8.8,137.7,17.7,1273,5023.1,6.533243,7.569323,-5.144962,2.23694,4.026492,4.026492,0.671082,0.894776,-2.9,0.1,2.9,143.4,143.4,141.8,Tripod,Other,,21,5,True,,True,False,,Smart,RC,False,True,False,,,True,,False,False,False,False,False,False,False,False,False,False,0,Follow Yaw,-77.9,0,135.2,135.2,False,False,False,False,False,,0,0,False,False,No Card,100,100,1024,1413,737,1063,2,False,False,False,False,False,0,False,False,False,False,69,,46.368,,6930,,10044,,46.368,,True,3.865,3.865,3.865,3.865,3.865,3.865,3.865,3.865,3.865,3.865,3.865,3.865,0,,False,False,True,,,,,,,,,,,,,,,False,False,19.066,,103.6,,75.7,,103.6,,1308,119,1,22,7,143638.2,19151.76,,Idle,,20,,10,,,20,Go Home,False,False,False,False,False,False,False,False,False,False,False,False,33.8027920380556,-117.4659261431046,3949.5,3949.5,1049.4,396.9,True,1,1,False,False,False,False,,True,False,False,Course Lock,196.8,67,16.4,93,N,SW,2.46,11.4,Calm,False,False,Android,7.0.2,M300 RTK,1ZN7L4R0H1D00F,1W9DL31001461C,1ZMLH8300204F0,1Z6PH74DAP0QN7,"Corona, CA",728.3,5.7,137.7,8.547347,2.013246,0,0,DJI Matrice 300 RTK,M300 RTK,1ZN7L4R0H1D00F,1W9DL31001461C,1ZMLH8300204F0,1Z6PH74DAP0QN7,DJI Pilot,Android,7.0.2,1EF72A62-B7C3-C88D-164E-CE6F8C8424AE,1ZN7L4R0H1D00F,1W9DL31001461C,,1ZMLH8300204F0,1W9DL31001461C,,,,,
2023-11-01,11:34:02.44 AM,9m 40.1s,580.1,33.795308924796,-117.4753416185406,8.8,137.7,17.7,1273,5024.2,6.533243,7.569323,-5.144962,2.23694,4.026492,4.026492,0.671082,0.894776,-2.7,0.2,2.7,143.4,143.4,144.6,Tripod,Other,,21,5,True,,True,False,,Smart,RC,False,True,False,,,True,,False,False,False,False,False,False,False,False,False,False,0,Follow Yaw,-77.9,0,135.2,135.2,False,False,False,False,False,,0,0,False,False,No Card,100,100,1024,1414,776,1069,2,False,False,False,False,False,0,False,False,False,False,69,,46.368,,6930,,10044,,46.368,,True,3.865,3.865,3.865,3.865,3.865,3.865,3.865,3.865,3.865,3.865,3.865,3.865,0,,False,False,True,,,,,,,,,,,,,,,False,False,19.066,,103.6,,75.7,,103.6,,1308,119,1,22,7,143638.2,19151.76,,Idle,,20,,10,,,20,Go Home,False,False,False,False,False,False,False,False,False,False,False,False,33.8027920380556,-117.4659261431046,3949.6,3949.6,1049.4,396.9,True,1,1,False,False,False,False,,True,False,False,Course Lock,196.8,67,16.4,93,N,SW,2.46,11.4,Calm,False,False,Android,7.0.2,M300 RTK,1ZN7L4R0H1D00F,1W9DL31001461C,1ZMLH8300204F0,1Z6PH74DAP0QN7,"Corona, CA",728.3,5.7,137.7,8.547347,2.013246,0,0,DJI Matrice 300 RTK,M300 RTK,1ZN7L4R0H1D00F,1W9DL31001461C,1ZMLH8300204F0,1Z6PH74DAP0QN7,DJI Pilot,Android,7.0.2,1EF72A62-B7C3-C88D-164E-CE6F8C8424AE,1ZN7L4R0H1D00F,1W9DL31001461C,,1ZMLH8300204F0,1W9DL31001461C,,,,,
2023-11-01,11:34:02.54 AM,9m 40.2s,580.2,33.7953067037029,-117.475339549093,8.8,137.7,17.7,1273,5025.2,6.533243,7.569323,-5.144962,2.23694,4.026492,4.026492,0.671082,0.894776,-2.8,0.4,2.8,143.4,143.4,142.2,Tripod,Other,,21,5,True,,True,False,,Smart,RC,False,True,False,,,True,,False,False,False,False,False,False,False,False,False,False,0,Follow Yaw,-77.9,0,135.3,135.3,False,False,False,False,False,,0,0,False,False,No Card,100,100,1024,1414,789,1031,2,False,False,False,False,False,0,False,False,False,False,69,,46.368,,6930,,10044,,46.368,,True,3.865,3.865,3.865,3.865,3.865,3.865,3.865,3.865,3.865,3.865,3.865,3.865,0,,False,False,True,,,,,,,,,,,,,,,False,False,19.066,,103.6,,75.7,,103.6,,1308,119,1,22,7,143638.2,19151.76,,Idle,,20,,10,,,20,Go Home,False,False,False,False,False,False,False,False,False,False,False,False,33.8027920380556,-117.4659261431046,3949.7,3949.7,1049.4,396.9,True,1,1,False,False,False,False,,True,False,False,Course Lock,196.8,67,16.4,93,N,SW,2.46,11.4,Calm,False,False,Android,7.0.2,M300 RTK,1ZN7L4R0H1D00F,1W9DL31001461C,1ZMLH8300204F0,1Z6PH74DAP0QN7,"Corona, CA",728.3,5.7,137.7,8.547347,2.013246,0,0,DJI Matrice 300 RTK,M300 RTK,1ZN7L4R0H1D00F,1W9DL31001461C,1ZMLH8300204F0,1Z6PH74DAP0QN7,DJI Pilot,Android,7.0.2,1EF72A62-B7C3-C88D-164E-CE6F8C8424AE,1ZN7L4R0H1D00F,1W9DL31001461C,,1ZMLH8300204F0,1W9DL31001461C,,,,,
2023-11-01,11:34:02.62 AM,9m 40.3s,580.3,33.7953045484457,-117.4753374298358,8.5,137.7,17.7,1272,5026.2,6.71082,7.569323,-5.368656,2.23694,4.026492,4.026492,0.671082,0.894776,-2.9,0.4,2.9,143.4,143.4,140.7,Tripod,Other,,21,5,True,,True,False,,Smart,RC,False,True,False,,,True,,False,False,False,False,False,False,False,False,False,False,0,Follow Yaw,-77.9,0,135.3,135.3,False,False,False,False,False,,0,0,False,False,No Card,100,100,1024,1413,789,1024,2,False,False,False,False,False,0,False,False,False,False,69,,46.368,,6930,,10044,,46.368,,True,3.862,3.862,3.862,3.862,3.862,3.862,3.862,3.862,3.862,3.862,3.862,3.862,0,,False,False,True,,,,,,,,,,,,,,,False,False,19.066,,103.6,,75.7,,103.6,,1307,119,,22,7,144217.3,19228.98,,Idle,,20,,10,,,20,Go Home,False,False,False,False,False,False,False,False,False,False,False,False,33.8027920380556,-117.4659261431046,3949.8,3949.8,1049.4,396.9,True,1,1,False,False,False,False,,True,False,False,Course Lock,196.8,67,16.4,93,N,SW,2.46,11.4,Calm,False,False,Android,7.0.2,M300 RTK,1ZN7L4R0H1D00F,1W9DL31001461C,1ZMLH8300204F0,1Z6PH74DAP0QN7,"Corona, CA",728.3,5.7,137.7,8.547347,2.013246,0,0,DJI Matrice 300 RTK,M300 RTK,1ZN7L4R0H1D00F,1W9DL31001461C,1ZMLH8300204F0,1Z6PH74DAP0QN7,DJI Pilot,Android,7.0.2,1EF72A62-B7C3-C88D-164E-CE6F8C8424AE,1ZN7L4R0H1D00F,1W9DL31001461C,,1ZMLH8300204F0,1W9DL31001461C,,,,,
2023-11-01,11:34:02.72 AM,9m 40.4s,580.4,33.7953023069128,-117.4753353507397,8.5,137.7,17.7,1272,5027.2,6.71082,7.569323,-5.368656,2.23694,4.026492,4.026492,0.671082,0.894776,-3,0.2,3,143.5,143.5,142.3,Tripod,Other,,21,5,True,,True,False,,Smart,RC,False,True,False,,,True,,False,False,False,False,False,False,False,False,False,False,0,Follow Yaw,-77.9,0,135.3,135.3,False,False,False,False,False,,0,0,False,False,No Card,100,100,1024,1413,787,1024,2,False,False,False,False,False,0,False,False,False,False,69,,46.368,,6930,,10044,,46.368,,True,3.862,3.862,3.862,3.862,3.862,3.862,3.862,3.862,3.862,3.862,3.862,3.862,0,,False,False,True,,,,,,,,,,,,,,,False,False,19.066,,103.6,,75.7,,103.6,,1307,119,,22,7,144217.3,19228.98,,Idle,,20,,10,,,20,Go Home,False,False,False,False,False,False,False,False,False,False,False,False,33.8027920380556,-117.4659261431046,3949.9,3949.9,1049.4,396.9,True,1,1,False,False,False,False,,True,False,False,Course Lock,196.8,67,16.4,93,N,SW,2.46,11.4,Calm,False,False,Android,7.0.2,M300 RTK,1ZN7L4R0H1D00F,1W9DL31001461C,1ZMLH8300204F0,1Z6PH74DAP0QN7,"Corona, CA",728.3,5.7,137.7,8.547347,2.013246,0,0,DJI Matrice 300 RTK,M300 RTK,1ZN7L4R0H1D00F,1W9DL31001461C,1ZMLH8300204F0,1Z6PH74DAP0QN7,DJI Pilot,Android,7.0.2,1EF72A62-B7C3-C88D-164E-CE6F8C8424AE,1ZN7L4R0H1D00F,1W9DL31001461C,,1ZMLH8300204F0,1W9DL31001461C,,,,,
2023-11-01,11:34:02.82 AM,9m 40.5s,580.5,33.7953001822703,-117.4753331464186,8.5,137.7,17.7,1272,5028.3,6.71082,7.569323,-5.368656,2.23694,4.026492,4.026492,0.447388,0.894776,-3.1,0,3.1,143.4,143.4,139.2,Tripod,Other,,21,5,True,,True,False,,Smart,RC,False,True,False,,,True,,False,False,False,False,False,False,False,False,False,False,0,Follow Yaw,-77.9,0,135.3,135.3,False,False,False,False,False,,0,0,False,False,No Card,100,100,1024,1413,787,1024,2,False,False,False,False,False,0,False,False,False,False,69,,46.368,,6930,,10044,,46.368,,True,3.862,3.862,3.862,3.862,3.862,3.862,3.862,3.862,3.862,3.862,3.862,3.862,0,,False,False,True,,,,,,,,,,,,,,,False,False,19.066,,103.6,,75.7,,103.6,,1307,119,,22,7,144217.3,19228.98,,Idle,,20,,10,,,20,Go Home,False,False,False,False,False,False,False,False,False,False,False,False,33.8027920380556,-117.4659261431046,3950.0,3950.0,1049.4,396.9,True,1,1,False,False,False,False,,True,False,False,Course Lock,196.8,67,16.4,93,N,SW,2.46,11.4,Calm,False,False,Android,7.0.2,M300 RTK,1ZN7L4R0H1D00F,1W9DL31001461C,1ZMLH8300204F0,1Z6PH74DAP0QN7,"Corona, CA",728.3,5.7,137.7,8.547347,2.013246,0,0,DJI Matrice 300 RTK,M300 RTK,1ZN7L4R0H1D00F,1W9DL31001461C,1ZMLH8300204F0,1Z6PH74DAP0QN7,DJI Pilot,Android,7.0.2,1EF72A62-B7C3-C88D-164E-CE6F8C8424AE,1ZN7L4R0H1D00F,1W9DL31001461C,,1ZMLH8300204F0,1W9DL31001461C,,,,,
2023-11-01,11:34:02.94 AM,9m 40.6s,580.6,33.7952979233152,-117.4753310388304,8.5,137.7,17.7,1272,5029.3,6.71082,7.569323,-5.368656,2.23694,4.026492,4.026492,0.447388,0.894776,-3,0,3,143.5,143.5,142.2,Tripod,Other,,21,5,True,,True,False,,Smart,RC,False,True,False,,,True,,False,False,False,False,False,False,False,False,False,False,0,Follow Yaw,-77.9,0,135.3,135.3,False,False,False,False,False,,0,0,False,False,No Card,100,100,1024,1416,777,1055,2,False,False,False,False,False,0,False,False,False,False,69,,46.368,,6930,,10044,,46.368,,True,3.862,3.862,3.862,3.862,3.862,3.862,3.862,3.862,3.862,3.862,3.862,3.862,0,,False,False,True,,,,,,,,,,,,,,,False,False,19.066,,103.6,,75.7,,103.6,,1307,119,,22,7,144217.3,19228.98,,Idle,,20,,10,,,20,Go Home,False,False,False,False,False,False,False,False,False,False,False,False,33.8027920380556,-117.4659261431046,3950.1,3950.1,1049.4,396.9,True,1,1,False,False,False,False,,True,False,False,Course Lock,196.8,67,16.4,93,N,SW,2.46,11.4,Calm,False,False,Android,7.0.2,M300 RTK,1ZN7L4R0H1D00F,1W9DL31001461C,1ZMLH8300204F0,1Z6PH74DAP0QN7,"Corona, CA",728.3,5.7,137.7,8.547347,2.013246,0,0,DJI Matrice 300 RTK,M300 RTK,1ZN7L4R0H1D00F,1W9DL31001461C,1ZMLH8300204F0,1Z6PH74DAP0QN7,DJI Pilot,Android,7.0.2,1EF72A62-B7C3-C88D-164E-CE6F8C8424AE,1ZN7L4R0H1D00F,1W9DL31001461C,,1ZMLH8300204F0,1W9DL31001461C,,,,,
2023-11-01,11:34:03.03 AM,9m 40.7s,580.7,33.7952956789704,-117.4753291903096,8.2,137.7,17.7,1272,5030.3,6.71082,7.569323,-5.368656,2.23694,4.026492,4.026492,0.447388,0.894776,-2.9,0,2.9,143.5,143.5,145.6,Tripod,Other,,21,5,True,,True,False,,Smart,RC,False,True,False,,,True,,False,False,False,False,False,False,False,False,False,False,0,Follow Yaw,-77.9,0,135.3,135.3,False,False,False,False,False,,0,0,False,False,No Card,100,100,1024,1416,728,1085,2,False,False,False,False,False,0,False,False,False,False,69,,46.368,,6930,,10044,,46.368,,True,3.862,3.862,3.862,3.862,3.862,3.862,3.862,3.862,3.862,3.862,3.862,3.862,0,,False,False,True,,,,,,,,,,,,,,,False,False,19.066,,103.6,,75.7,,103.6,,1307,119,,22,7,144217.3,19228.98,,Idle,,20,,10,,,20,Go Home,False,False,False,False,False,False,False,False,False,False,False,False,33.8027920380556,-117.4659261431046,3950.2,3950.2,1049.4,396.9,True,1,1,False,False,False,False,,True,False,False,Course Lock,196.8,67,16.4,93,N,SW,2.46,11.4,Calm,False,False,Android,7.0.2,M300 RTK,1ZN7L4R0H1D00F,1W9DL31001461C,1ZMLH8300204F0,1Z6PH74DAP0QN7,"Corona, CA",728.3,5.7,137.7,8.547347,2.013246,0,0,DJI Matrice 300 RTK,M300 RTK,1ZN7L4R0H1D00F,1W9DL31001461C,1ZMLH8300204F0,1Z6PH74DAP0QN7,DJI Pilot,Android,7.0.2,1EF72A62-B7C3-C88D-164E-CE6F8C8424AE,1ZN7L4R0H1D00F,1W9DL31001461C,,1ZMLH8300204F0,1W9DL31001461C,,,,,
2023-11-01,11:34:03.14 AM,9m 40.8s,580.8,33.7952934010704,-117.4753270912979,8.2,137.7,17.3,1272,5031.3,6.71082,7.569323,-5.368656,2.23694,4.026492,4.026492,0.447388,0.894776,-2.9,0.1,2.9,143.5,143.5,142.5,Tripod,Other,,21,5,True,,True,False,,Smart,RC,False,True,False,,,True,,False,False,False,False,False,False,False,False,False,False,0,Follow Yaw,-77.9,0,135.3,135.3,False,False,False,False,False,,0,0,False,False,No Card,100,100,1024,1416,723,1073,2,False,False,False,False,False,0,False,False,False,False,69,,46.368,,6930,,10044,,46.368,,True,3.862,3.862,3.862,3.862,3.862,3.862,3.862,3.862,3.862,3.862,3.862,3.862,0,,False,False,True,,,,,,,,,,,,,,,False,False,19.066,,103.6,,75.7,,103.6,,1307,119,,22,7,144217.3,19228.98,,Idle,,20,,10,,,20,Go Home,False,False,False,False,False,False,False,False,False,False,False,False,33.8027920380556,-117.4659261431046,3950.4,3950.4,1049.4,396.9,True,1,1,False,False,False,False,,True,False,False,Course Lock,196.8,67,16.4,93,N,SW,2.46,11.4,Calm,False,False,Android,7.0.2,M300 RTK,1ZN7L4R0H1D00F,1W9DL31001461C,1ZMLH8300204F0,1Z6PH74DAP0QN7,"Corona, CA",728.3,5.7,137.7,8.547347,2.013246,0,0,DJI Matrice 300 RTK,M300 RTK,1ZN7L4R0H1D00F,1W9DL31001461C,1ZMLH8300204F0,1Z6PH74DAP0QN7,DJI Pilot,Android,7.0.2,1EF72A62-B7C3-C88D-164E-CE6F8C8424AE,1ZN7L4R0H1D00F,1W9DL31001461C,,1ZMLH8300204F0,1W9DL31001461C,,,,,
2023-11-01,11:34:03.23 AM,9m 40.9s,580.9,33.7952910606518,-117.4753249009136,8.2,137.7,17.3,1272,5032.4,6.847375,7.569323,-5.368656,2.23694,4.250186,4.250186,0.447388,0.894776,-3.1,0.2,3.1,143.4,143.4,142.1,Tripod,Other,,21,5,True,,True,False,,Smart,RC,False,True,False,,,True,,False,False,False,False,False,False,False,False,False,False,0,Follow Yaw,-77.9,0,135.4,135.4,False,False,False,False,False,,0,0,False,False,No Card,100,100,1024,1416,803,1038,2,False,False,False,False,False,0,False,False,False,False,69,,46.368,,6930,,10044,,46.368,,True,3.862,3.862,3.862,3.862,3.862,3.862,3.862,3.862,3.862,3.862,3.862,3.862,0,,False,False,True,,,,,,,,,,,,,,,False,False,19.066,,103.6,,75.7,,103.6,,1307,119,,22,7,144217.3,19228.98,,Idle,,20,,10,,,20,Go Home,False,False,False,False,False,False,False,False,False,False,False,False,33.8027920380556,-117.4659261431046,3950.5,3950.5,1049.4,396.9,True,1,1,False,False,False,False,,True,False,False,Course Lock,196.8,67,16.4,93,N,SW,2.46,11.4,Calm,False,False,Android,7.0.2,M300 RTK,1ZN7L4R0H1D00F,1W9DL31001461C,1ZMLH8300204F0,1Z6PH74DAP0QN7,"Corona, CA",728.3,5.7,137.7,8.547347,2.013246,0,0,DJI Matrice 300 RTK,M300 RTK,1ZN7L4R0H1D00F,1W9DL31001461C,1ZMLH8300204F0,1Z6PH74DAP0QN7,DJI Pilot,Android,7.0.2,1EF72A62-B7C3-C88D-164E-CE6F8C8424AE,1ZN7L4R0H1D00F,1W9DL31001461C,,1ZMLH8300204F0,1W9DL31001461C,,,,,
2023-11-01,11:34:03.34 AM,9m 41.0s,581.0,33.7952887543752,-117.4753227907689,8.2,137.7,17.3,1272,5033.5,7.024134,7.569323,-5.59235,2.23694,4.250186,4.250186,0.447388,0.894776,-3.2,0.2,3.2,143.4,143.4,142.7,Tripod,Other,,21,5,True,,True,False,,Smart,RC,False,True,False,,,True,,False,False,False,False,False,False,False,False,False,False,0,Follow Yaw,-77.9,0,135.4,135.4,False,False,False,False,False,,0,0,False,False,No Card,100,100,1024,1418,763,1132,2,False,False,False,False,False,0,False,False,False,False,69,,46.392,,6930,,10044,,46.392,,True,3.862,3.862,3.862,3.862,3.862,3.862,3.862,3.862,3.862,3.862,3.862,3.862,0,,False,False,True,,,,,,,,,,,,,,,False,False,18.668,,103.6,,75.7,,103.6,,1307,119,,22,7,144217.3,19228.98,,Idle,,20,,10,,,20,Go Home,False,False,False,False,False,False,False,False,False,False,False,False,33.8027920380556,-117.4659261431046,3950.6,3950.6,1049.4,396.9,True,1,1,False,False,False,False,,True,False,False,Course Lock,196.8,67,16.4,93,N,SW,2.46,11.4,Calm,False,False,Android,7.0.2,M300 RTK,1ZN7L4R0H1D00F,1W9DL31001461C,1ZMLH8300204F0,1Z6PH74DAP0QN7,"Corona, CA",728.3,5.7,137.7,8.547347,2.013246,0,0,DJI Matrice 300 RTK,M300 RTK,1ZN7L4R0H1D00F,1W9DL31001461C,1ZMLH8300204F0,1Z6PH74DAP0QN7,DJI Pilot,Android,7.0.2,1EF72A62-B7C3-C88D-164E-CE6F8C8424AE,1ZN7L4R0H1D00F,1W9DL31001461C,,1ZMLH8300204F0,1W9DL31001461C,,,,,
2023-11-01,11:34:03.44 AM,9m 41.1s,581.1,33.7952864705386,-117.4753208217651,7.8,137.7,17.7,1272,5034.5,7.024134,7.569323,-5.59235,2.23694,4.250186,4.250186,0.447388,0.894776,-3.1,0,3.1,143.4,143.4,144.3,Tripod,Other,,21,5,True,,True,False,,Smart,RC,False,True,False,,,True,,False,False,False,False,False,False,False,False,False,False,0,Follow Yaw,-77.9,0,135.5,135.5,False,False,False,False,False,,0,0,False,False,No Card,100,100,1024,1418,763,1132,2,False,False,False,False,False,0,False,False,False,False,69,,46.392,,6930,,10044,,46.392,,True,3.862,3.862,3.862,3.862,3.862,3.862,3.862,3.862,3.862,3.862,3.862,3.862,0,,False,False,True,,,,,,,,,,,,,,,False,False,18.668,,103.6,,75.7,,103.6,,1307,119,,22,7,144217.3,19228.98,,Idle,,20,,10,,,20,Go Home,False,False,False,False,False,False,False,False,False,False,False,False,33.8027920380556,-117.4659261431046,3950.7,3950.7,1049.4,396.9,True,1,1,False,False,False,False,,True,False,False,Course Lock,196.8,67,16.4,93,N,SW,2.46,11.4,Calm,False,False,Android,7.0.2,M300 RTK,1ZN7L4R0H1D00F,1W9DL31001461C,1ZMLH8300204F0,1Z6PH74DAP0QN7,"Corona, CA",728.3,5.7,137.7,8.547347,2.013246,0,0,DJI Matrice 300 RTK,M300 RTK,1ZN7L4R0H1D00F,1W9DL31001461C,1ZMLH8300204F0,1Z6PH74DAP0QN7,DJI Pilot,Android,7.0.2,1EF72A62-B7C3-C88D-164E-CE6F8C8424AE,1ZN7L4R0H1D00F,1W9DL31001461C,,1ZMLH8300204F0,1W9DL31001461C,,,,,
2023-11-01,11:34:03.54 AM,9m 41.2s,581.2,33.7952841411687,-117.4753187139707,7.8,137.7,17.7,1272,5035.6,7.024134,7.569323,-5.59235,2.23694,4.250186,4.250186,0.447388,0.894776,-2.9,0,2.9,143.4,143.4,143.0,Tripod,Other,,21,5,True,,True,False,,Smart,RC,False,True,False,,,True,,False,False,False,False,False,False,False,False,False,False,0,Follow Yaw,-77.9,0,135.6,135.6,False,False,False,False,False,,0,0,False,False,No Card,100,100,1024,1417,857,1066,2,False,False,False,False,False,0,False,False,False,False,69,,46.392,,6930,,10044,,46.392,,True,3.862,3.862,3.862,3.862,3.862,3.862,3.862,3.862,3.862,3.862,3.862,3.862,0,,False,False,True,,,,,,,,,,,,,,,False,False,18.668,,103.6,,75.7,,103.6,,1307,119,,22,7,144217.3,19228.98,,Idle,,20,,10,,,20,Go Home,False,False,False,False,False,False,False,False,False,False,False,False,33.8027920380556,-117.4659261431046,3950.9,3950.9,1049.4,396.9,True,1,1,False,False,False,False,,True,False,False,Course Lock,196.8,67,16.4,93,N,SW,2.46,11.4,Calm,False,False,Android,7.0.2,M300 RTK,1ZN7L4R0H1D00F,1W9DL31001461C,1ZMLH8300204F0,1Z6PH74DAP0QN7,"Corona, CA",728.3,5.7,137.7,8.547347,2.013246,0,0,DJI Matrice 300 RTK,M300 RTK,1ZN7L4R0H1D00F,1W9DL31001461C,1ZMLH8300204F0,1Z6PH74DAP0QN7,DJI Pilot,Android,7.0.2,1EF72A62-B7C3-C88D-164E-CE6F8C8424AE,1ZN7L4R0H1D00F,1W9DL31001461C,,1ZMLH8300204F0,1W9DL31001461C,,,,,
2023-11-01,11:34:03.64 AM,9m 41.3s,581.3,33.7952817606737,-117.4753164262763,7.8,137.7,17.7,1272,5036.7,7.024134,7.569323,-5.59235,2.23694,4.250186,4.250186,0.447388,0.894776,-2.7,0.3,2.7,143.5,143.5,141.3,Tripod,Other,,21,5,True,,True,False,,Smart,RC,False,True,False,,,True,,False,False,False,False,False,False,False,False,False,False,0,Follow Yaw,-77.9,0,135.8,135.8,False,False,False,False,False,,0,0,False,False,No Card,100,100,1024,1420,914,1024,2,False,False,False,False,False,0,False,False,False,False,69,,46.392,,6930,,10044,,46.392,,True,3.862,3.862,3.862,3.862,3.862,3.862,3.862,3.862,3.862,3.862,3.862,3.862,0,,False,False,True,,,,,,,,,,,,,,,False,False,18.668,,103.6,,75.7,,103.6,,1305,119,,22,7,144654.7,19287.30,,Idle,,20,,10,,,20,Go Home,False,False,False,False,False,False,False,False,False,False,False,False,33.8027920380556,-117.4659261431046,3951.0,3951.0,1049.4,396.9,True,1,1,False,False,False,False,,True,False,False,Course Lock,196.8,67,16.4,93,N,SW,2.46,11.4,Calm,False,False,Android,7.0.2,M300 RTK,1ZN7L4R0H1D00F,1W9DL31001461C,1ZMLH8300204F0,1Z6PH74DAP0QN7,"Corona, CA",728.3,5.7,137.7,8.547347,2.013246,0,0,DJI Matrice 300 RTK,M300 RTK,1ZN7L4R0H1D00F,1W9DL31001461C,1ZMLH8300204F0,1Z6PH74DAP0QN7,DJI Pilot,Android,7.0.2,1EF72A62-B7C3-C88D-164E-CE6F8C8424AE,1ZN7L4R0H1D00F,1W9DL31001461C,,1ZMLH8300204F0,1W9DL31001461C,,,,,
2023-11-01,11:34:03.75 AM,9m 41.4s,581.4,33.795279408928,-117.4753142977829,7.8,137.7,17.7,1272,5037.8,7.024134,7.569323,-5.59235,2.23694,4.250186,4.250186,0.447388,0.894776,-2.6,0.4,2.6,143.6,143.6,143.0,Tripod,Other,,21,5,True,,True,False,,Smart,RC,False,True,False,,,True,,False,False,False,False,False,False,False,False,False,False,0,Follow Yaw,-77.9,0,135.8,135.8,False,False,False,False,False,,0,0,False,False,No Card,100,100,1024,1423,946,1024,2,False,False,False,False,False,0,False,False,False,False,69,,46.392,,6930,,10044,,46.392,,True,3.862,3.862,3.862,3.862,3.862,3.862,3.862,3.862,3.862,3.862,3.862,3.862,0,,False,False,True,,,,,,,,,,,,,,,False,False,18.668,,103.6,,75.7,,103.6,,1305,119,,22,7,144654.7,19287.30,,Idle,,20,,10,,,20,Go Home,False,False,False,False,False,False,False,False,False,False,False,False,33.8027920380556,-117.4659261431046,3951.1,3951.1,1049.4,396.9,True,1,1,False,False,False,False,,True,False,False,Course Lock,196.8,67,16.4,93,N,SW,2.46,11.4,Calm,False,False,Android,7.0.2,M300 RTK,1ZN7L4R0H1D00F,1W9DL31001461C,1ZMLH8300204F0,1Z6PH74DAP0QN7,"Corona, CA",728.3,5.7,137.7,8.547347,2.013246,0,0,DJI Matrice 300 RTK,M300 RTK,1ZN7L4R0H1D00F,1W9DL31001461C,1ZMLH8300204F0,1Z6PH74DAP0QN7,DJI Pilot,Android,7.0.2,1EF72A62-B7C3-C88D-164E-CE6F8C8424AE,1ZN7L4R0H1D00F,1W9DL31001461C,,1ZMLH8300204F0,1W9DL31001461C,,,,,
2023-11-01,11:34:03.85 AM,9m 41.5s,581.5,33.7952770833831,-117.4753122110999,7.5,137.7,17.7,1271,5038.8,7.024134,7.569323,-5.59235,2.23694,4.250186,4.250186,0.223694,0.894776,-2.4,0.1,2.4,143.7,143.7,143.2,Tripod,Other,,21,5,True,,True,False,,Smart,RC,False,True,False,,,True,,False,False,False,False,False,False,False,False,False,False,0,Follow Yaw,-77.9,0,135.8,135.8,False,False,False,False,False,,0,0,False,False,No Card,100,100,1024,1422,945,1027,2,False,False,False,False,False,0,False,False,False,False,69,,46.392,,6930,,10044,,46.392,,True,3.862,3.862,3.862,3.862,3.862,3.862,3.862,3.862,3.862,3.862,3.862,3.862,0,,False,False,True,,,,,,,,,,,,,,,False,False,18.668,,103.6,,75.7,,103.6,,1305,119,,22,7,144654.7,19287.30,,Idle,,20,,10,,,20,Go Home,False,False,False,False,False,False,False,False,False,False,False,False,33.8027920380556,-117.4659261431046,3951.2,3951.2,1049.4,396.9,True,1,1,False,False,False,False,,True,False,False,Course Lock,196.8,67,16.4,93,N,SW,2.46,11.4,Calm,False,False,Android,7.0.2,M300 RTK,1ZN7L4R0H1D00F,1W9DL31001461C,1ZMLH8300204F0,1Z6PH74DAP0QN7,"Corona, CA",728.3,5.7,137.7,8.547347,2.013246,0,0,DJI Matrice 300 RTK,M300 RTK,1ZN7L4R0H1D00F,1W9DL31001461C,1ZMLH8300204F0,1Z6PH74DAP0QN7,DJI Pilot,Android,7.0.2,1EF72A62-B7C3-C88D-164E-CE6F8C8424AE,1ZN7L4R0H1D00F,1W9DL31001461C,,1ZMLH8300204F0,1W9DL31001461C,,,,,
2023-11-01,11:34:03.94 AM,9m 41.6s,581.6,33.7952747168302,-117.475310087307,7.5,137.7,17.7,1271,5039.9,7.024134,7.569323,-5.59235,2.23694,4.250186,4.250186,0.223694,0.894776,-2.2,0,2.2,143.8,143.8,143.2,Tripod,Other,,21,5,True,,True,False,,Smart,RC,False,True,False,,,True,,False,False,False,False,False,False,False,False,False,False,0,Follow Yaw,-77.9,0,135.8,135.8,False,False,False,False,False,,0,0,False,False,No Card,100,100,1024,1421,950,1026,2,False,False,False,False,False,0,False,False,False,False,69,,46.392,,6930,,10044,,46.392,,True,3.862,3.862,3.862,3.862,3.862,3.862,3.862,3.862,3.862,3.862,3.862,3.862,0,,False,False,True,,,,,,,,,,,,,,,False,False,18.668,,103.6,,75.7,,103.6,,1305,119,,22,7,144654.7,19287.30,,Idle,,20,,10,,,20,Go Home,False,False,False,False,False,False,False,False,False,False,False,False,33.8027920380556,-117.4659261431046,3951.4,3951.4,1049.4,396.9,True,1,1,False,False,False,False,,True,False,False,Course Lock,196.8,67,16.4,93,N,SW,2.46,11.4,Calm,False,False,Android,7.0.2,M300 RTK,1ZN7L4R0H1D00F,1W9DL31001461C,1ZMLH8300204F0,1Z6PH74DAP0QN7,"Corona, CA",728.3,5.7,137.7,8.547347,2.013246,0,0,DJI Matrice 300 RTK,M300 RTK,1ZN7L4R0H1D00F,1W9DL31001461C,1ZMLH8300204F0,1Z6PH74DAP0QN7,DJI Pilot,Android,7.0.2,1EF72A62-B7C3-C88D-164E-CE6F8C8424AE,1ZN7L4R0H1D00F,1W9DL31001461C,,1ZMLH8300204F0,1W9DL31001461C,,,,,
2023-11-01,11:34:04.05 AM,9m 41.7s,581.7,33.7952724461839,-117.475308183534,7.5,137.7,17.7,1271,5040.9,7.024134,7.569323,-5.59235,2.23694,4.250186,4.250186,0.223694,0.894776,-2.2,0,2.2,143.9,143.9,145.1,Tripod,Other,,21,5,True,,True,False,,Smart,RC,False,True,False,,,True,,False,False,False,False,False,False,False,False,False,False,0,Follow Yaw,-77.9,0,135.8,135.8,False,False,False,False,False,,0,0,False,False,No Card,100,100,1024,1419,958,1026,2,False,False,False,False,False,0,False,False,False,False,69,,46.32,,3440,,4986,,46.32,,True,3.862,3.862,3.862,3.862,3.862,3.862,3.862,3.862,3.862,3.862,3.862,3.862,0,,False,False,True,,,,,,,,,,,,,,,False,False,9.81,,103.4,,75.7,,103.6,,1305,119,,22,7,144654.7,19287.30,,Idle,,20,,10,,,20,Go Home,False,False,False,False,False,False,False,False,False,False,False,False,33.8027920380556,-117.4659261431046,3951.5,3951.5,1049.4,396.9,True,1,1,False,False,False,False,,True,False,False,Course Lock,196.8,67,16.4,93,N,SW,2.46,11.4,Calm,False,False,Android,7.0.2,M300 RTK,1ZN7L4R0H1D00F,1W9DL31001461C,1ZMLH8300204F0,1Z6PH74DAP0QN7,"Corona, CA",728.3,5.7,137.7,8.547347,2.013246,0,0,DJI Matrice 300 RTK,M300 RTK,1ZN7L4R0H1D00F,1W9DL31001461C,1ZMLH8300204F0,1Z6PH74DAP0QN7,DJI Pilot,Android,7.0.2,1EF72A62-B7C3-C88D-164E-CE6F8C8424AE,1ZN7L4R0H1D00F,1W9DL31001461C,,1ZMLH8300204F0,1W9DL31001461C,,,,,
2023-11-01,11:34:04.16 AM,9m 41.8s,581.8,33.795270086844,-117.4753060761519,7.5,137.7,17.7,1271,5042.0,7.024134,7.569323,-5.59235,2.23694,4.250186,4.250186,0,0.894776,-2.4,0.1,2.4,144.1,144.1,143.4,Tripod,Other,,21,5,True,,True,False,,Smart,RC,False,True,False,,,True,,False,False,False,False,False,False,False,False,False,False,0,Follow Yaw,-77.9,0,135.8,135.8,False,False,False,False,False,,0,0,False,False,No Card,100,100,1024,1419,957,1039,2,False,False,False,False,False,0,False,False,False,False,69,,46.32,,3440,,4986,,46.32,,True,3.862,3.862,3.862,3.862,3.862,3.862,3.862,3.862,3.862,3.862,3.862,3.862,0,,False,False,True,,,,,,,,,,,,,,,False,False,9.81,,103.4,,75.7,,103.6,,1305,119,,22,7,144654.7,19287.30,,Idle,,20,,10,,,20,Go Home,False,False,False,False,False,False,False,False,False,False,False,False,33.8027920380556,-117.4659261431046,3951.7,3951.7,1049.4,396.9,True,1,1,False,False,False,False,,True,False,False,Course Lock,196.8,67,16.4,93,N,SW,2.46,11.4,Calm,False,False,Android,7.0.2,M300 RTK,1ZN7L4R0H1D00F,1W9DL31001461C,1ZMLH8300204F0,1Z6PH74DAP0QN7,"Corona, CA",728.3,5.7,137.7,8.547347,2.013246,0,0,DJI Matrice 300 RTK,M300 RTK,1ZN7L4R0H1D00F,1W9DL31001461C,1ZMLH8300204F0,1Z6PH74DAP0QN7,DJI Pilot,Android,7.0.2,1EF72A62-B7C3-C88D-164E-CE6F8C8424AE,1ZN7L4R0H1D00F,1W9DL31001461C,,1ZMLH8300204F0,1W9DL31001461C,,,,,
2023-11-01,11:34:04.26 AM,9m 41.9s,581.9,33.7952675229695,-117.4753036807567,7.5,137.7,17.7,1271,5043.2,7.024134,7.569323,-5.59235,2.23694,4.250186,4.250186,0,0.894776,-2.8,0.3,2.8,144.1,144.1,142.1,Tripod,Other,,21,5,True,,True,False,,Smart,RC,False,True,False,,,True,,False,False,False,False,False,False,False,False,False,False,0,Follow Yaw,-77.9,0,135.8,135.8,False,False,False,False,False,,0,0,False,False,No Card,100,100,1024,1421,953,1054,2,False,False,False,False,False,0,False,False,False,False,69,,46.32,,3440,,4986,,46.32,,True,3.862,3.862,3.862,3.862,3.862,3.862,3.862,3.862,3.862,3.862,3.862,3.862,0,,False,False,True,,,,,,,,,,,,,,,False,False,9.81,,103.4,,75.7,,103.6,,1305,119,,22,7,144654.7,19287.30,,Idle,,20,,10,,,20,Go Home,False,False,False,False,False,False,False,False,False,False,False,False,33.8027920380556,-117.4659261431046,3951.8,3951.8,1049.4,396.9,True,1,1,False,False,False,False,,True,False,False,Course Lock,196.8,67,16.4,93,N,SW,2.46,11.4,Calm,False,False,Android,7.0.2,M300 RTK,1ZN7L4R0H1D00F,1W9DL31001461C,1ZMLH8300204F0,1Z6PH74DAP0QN7,"Corona, CA",728.3,5.7,137.7,8.547347,2.013246,0,0,DJI Matrice 300 RTK,M300 RTK,1ZN7L4R0H1D00F,1W9DL31001461C,1ZMLH8300204F0,1Z6PH74DAP0QN7,DJI Pilot,Android,7.0.2,1EF72A62-B7C3-C88D-164E-CE6F8C8424AE,1ZN7L4R0H1D00F,1W9DL31001461C,,1ZMLH8300204F0,1W9DL31001461C,,,,,
2023-11-01,11:34:04.37 AM,9m 42.0s,582.0,33.7952651320148,-117.4753015526756,7.5,137.7,17.7,1271,5044.2,7.203502,7.569323,-5.816044,2.23694,4.250186,4.250186,0,0.894776,-3,0.3,3,144.2,144.2,143.5,Tripod,Other,,21,5,True,,True,False,,Smart,RC,False,True,False,,,True,,False,False,False,False,False,False,False,False,False,False,0,Follow Yaw,-77.9,0,135.8,135.8,False,False,False,False,False,,0,0,False,False,No Card,100,100,1024,1419,925,1100,2,False,False,False,False,False,0,False,False,False,False,69,,46.488,,6930,,10044,,46.488,,True,3.862,3.862,3.862,3.862,3.862,3.862,3.862,3.862,3.862,3.862,3.862,3.862,0,,False,False,True,,,,,,,,,,,,,,,False,False,19.39,,103.6,,75.7,,103.6,,1305,119,,22,7,144654.7,19287.30,,Idle,,20,,10,,,20,Go Home,False,False,False,False,False,False,False,False,False,False,False,False,33.8027920380556,-117.4659261431046,3951.9,3951.9,1049.4,396.9,True,1,1,False,False,False,False,,True,False,False,Course Lock,196.8,67,16.4,93,N,SW,2.46,11.4,Calm,False,False,Android,7.0.2,M300 RTK,1ZN7L4R0H1D00F,1W9DL31001461C,1ZMLH8300204F0,1Z6PH74DAP0QN7,"Corona, CA",728.3,5.7,137.7,8.547347,2.013246,0,0,DJI Matrice 300 RTK,M300 RTK,1ZN7L4R0H1D00F,1W9DL31001461C,1ZMLH8300204F0,1Z6PH74DAP0QN7,DJI Pilot,Android,7.0.2,1EF72A62-B7C3-C88D-164E-CE6F8C8424AE,1ZN7L4R0H1D00F,1W9DL31001461C,,1ZMLH8300204F0,1W9DL31001461C,,,,,
2023-11-01,11:34:04.47 AM,9m 42.1s,582.1,33.7952629349722,-117.4752995224407,7.5,137.7,17.7,1271,5045.3,7.203502,7.569323,-5.816044,2.23694,4.250186,4.250186,0,0.894776,-3.2,0.2,3.2,144.1,144.1,142.4,Tripod,Other,,21,5,True,,True,False,,Smart,RC,False,True,False,,,True,,False,False,False,False,False,False,False,False,False,False,0,Follow Yaw,-77.9,0,135.9,135.9,False,False,False,False,False,,0,0,False,False,No Card,100,100,1024,1419,925,1100,2,False,False,False,False,False,0,False,False,False,False,69,,46.488,,6930,,10044,,46.488,,True,3.862,3.862,3.862,3.862,3.862,3.862,3.862,3.862,3.862,3.862,3.862,3.862,0,,False,False,True,,,,,,,,,,,,,,,False,False,19.39,,103.6,,75.7,,103.6,,1305,119,,22,7,144654.7,19287.30,,Idle,,20,,10,,,20,Go Home,False,False,False,False,False,False,False,False,False,False,False,False,33.8027920380556,-117.4659261431046,3952.1,3952.1,1049.4,396.9,True,1,1,False,False,False,False,,True,False,False,Course Lock,196.8,67,16.4,93,N,SW,2.46,11.4,Calm,False,False,Android,7.0.2,M300 RTK,1ZN7L4R0H1D00F,1W9DL31001461C,1ZMLH8300204F0,1Z6PH74DAP0QN7,"Corona, CA",728.3,5.7,137.7,8.547347,2.013246,0,0,DJI Matrice 300 RTK,M300 RTK,1ZN7L4R0H1D00F,1W9DL31001461C,1ZMLH8300204F0,1Z6PH74DAP0QN7,DJI Pilot,Android,7.0.2,1EF72A62-B7C3-C88D-164E-CE6F8C8424AE,1ZN7L4R0H1D00F,1W9DL31001461C,,1ZMLH8300204F0,1W9DL31001461C,,,,,
2023-11-01,11:34:04.57 AM,9m 42.2s,582.2,33.7952605326582,-117.4752973982768,7.5,137.7,18.0,1271,5046.3,7.203502,7.569323,-5.816044,2.23694,4.250186,4.250186,0,0.894776,-3.3,0.3,3.3,144.1,144.1,143.6,Tripod,Other,,21,5,True,,True,False,,Smart,RC,False,True,False,,,True,,False,False,False,False,False,False,False,False,False,False,0,Follow Yaw,-77.9,0,136,136,False,False,False,False,False,,0,0,False,False,No Card,100,100,1024,1419,805,1024,2,False,False,False,False,False,0,False,False,False,False,69,,46.488,,6930,,10044,,46.488,,True,3.862,3.862,3.862,3.862,3.862,3.862,3.862,3.862,3.862,3.862,3.862,3.862,0,,False,False,True,,,,,,,,,,,,,,,False,False,19.39,,103.6,,75.7,,103.6,,1305,119,,22,7,144654.7,19287.30,,Idle,,20,,10,,,20,Go Home,False,False,False,False,False,False,False,False,False,False,False,False,33.8027920380556,-117.4659261431046,3952.2,3952.2,1049.4,396.9,True,1,1,False,False,False,False,,True,False,False,Course Lock,196.8,67,16.4,93,N,SW,2.46,11.4,Calm,False,False,Android,7.0.2,M300 RTK,1ZN7L4R0H1D00F,1W9DL31001461C,1ZMLH8300204F0,1Z6PH74DAP0QN7,"Corona, CA",728.3,5.7,137.7,8.547347,2.013246,0,0,DJI Matrice 300 RTK,M300 RTK,1ZN7L4R0H1D00F,1W9DL31001461C,1ZMLH8300204F0,1Z6PH74DAP0QN7,DJI Pilot,Android,7.0.2,1EF72A62-B7C3-C88D-164E-CE6F8C8424AE,1ZN7L4R0H1D00F,1W9DL31001461C,,1ZMLH8300204F0,1W9DL31001461C,,,,,
2023-11-01,11:34:04.64 AM,9m 42.3s,582.3,33.7952578086237,-117.4752951867811,7.5,137.7,18.0,1271,5047.5,7.203502,7.569323,-5.816044,2.23694,4.250186,4.250186,0,0.894776,-3.3,0.2,3.3,144.2,144.2,145.9,Tripod,Other,,21,5,True,,True,False,,Smart,RC,False,True,False,,,True,,False,False,False,False,False,False,False,False,False,False,0,Follow Yaw,-77.9,0,136,136,False,False,False,False,False,,0,0,False,False,No Card,100,100,1024,1419,771,1024,2,False,False,False,False,False,0,False,False,False,False,69,,46.488,,6930,,10044,,46.488,,True,3.87,3.87,3.87,3.87,3.87,3.87,3.87,3.87,3.87,3.87,3.87,3.87,0,,False,False,True,,,,,,,,,,,,,,,False,False,19.39,,103.6,,75.7,,103.6,,1304,119,,22,7,144730.8,19297.45,,Idle,,20,,10,,,20,Go Home,False,False,False,False,False,False,False,False,False,False,False,False,33.8027920380556,-117.4659261431046,3952.4,3952.4,1049.4,396.9,True,1,1,False,False,False,False,,True,False,False,Course Lock,196.8,67,16.4,93,N,SW,2.46,11.4,Calm,False,False,Android,7.0.2,M300 RTK,1ZN7L4R0H1D00F,1W9DL31001461C,1ZMLH8300204F0,1Z6PH74DAP0QN7,"Corona, CA",728.3,5.7,137.7,8.547347,2.013246,0,0,DJI Matrice 300 RTK,M300 RTK,1ZN7L4R0H1D00F,1W9DL31001461C,1ZMLH8300204F0,1Z6PH74DAP0QN7,DJI Pilot,Android,7.0.2,1EF72A62-B7C3-C88D-164E-CE6F8C8424AE,1ZN7L4R0H1D00F,1W9DL31001461C,,1ZMLH8300204F0,1W9DL31001461C,,,,,
2023-11-01,11:34:04.74 AM,9m 42.4s,582.4,33.7952553450847,-117.4752930504946,7.5,137.7,18.0,1271,5048.7,7.203502,7.569323,-5.816044,2.23694,4.250186,4.250186,0,0.894776,-3.1,-0.1,3.1,144.2,144.2,144.2,Tripod,Other,,21,5,True,,True,False,,Smart,RC,False,True,False,,,True,,False,False,False,False,False,False,False,False,False,False,0,Follow Yaw,-77.9,0,136,136,False,False,False,False,False,,0,0,False,False,No Card,100,100,1024,1419,764,1024,2,False,False,False,False,False,0,False,False,False,False,69,,46.488,,6930,,10044,,46.488,,True,3.87,3.87,3.87,3.87,3.87,3.87,3.87,3.87,3.87,3.87,3.87,3.87,0,,False,False,True,,,,,,,,,,,,,,,False,False,19.39,,103.6,,75.7,,103.6,,1304,119,,22,7,144730.8,19297.45,,Idle,,20,,10,,,20,Go Home,False,False,False,False,False,False,False,False,False,False,False,False,33.8027920380556,-117.4659261431046,3952.6,3952.6,1049.4,396.9,True,1,1,False,False,False,False,,True,False,False,Course Lock,196.8,67,16.4,93,N,SW,2.46,11.4,Calm,False,False,Android,7.0.2,M300 RTK,1ZN7L4R0H1D00F,1W9DL31001461C,1ZMLH8300204F0,1Z6PH74DAP0QN7,"Corona, CA",728.3,5.7,137.7,8.547347,2.013246,0,0,DJI Matrice 300 RTK,M300 RTK,1ZN7L4R0H1D00F,1W9DL31001461C,1ZMLH8300204F0,1Z6PH74DAP0QN7,DJI Pilot,Android,7.0.2,1EF72A62-B7C3-C88D-164E-CE6F8C8424AE,1ZN7L4R0H1D00F,1W9DL31001461C,,1ZMLH8300204F0,1W9DL31001461C,,,,,
2023-11-01,11:34:04.84 AM,9m 42.5s,582.5,33.79525303176,-117.4752908364014,7.5,137.7,18.0,1271,5049.7,7.203502,7.569323,-5.816044,2.23694,4.250186,4.250186,0,0.894776,-2.9,-0.3,2.9,144.2,144.2,141.5,Tripod,Other,,21,5,True,,True,False,,Smart,RC,False,True,False,,,True,,False,False,False,False,False,False,False,False,False,False,0,Follow Yaw,-77.9,0,136,136,False,False,False,False,False,,0,0,False,False,No Card,100,100,1024,1417,719,1024,2,False,False,False,False,False,0,False,False,False,False,69,,46.488,,6930,,10044,,46.488,,True,3.87,3.87,3.87,3.87,3.87,3.87,3.87,3.87,3.87,3.87,3.87,3.87,0,,False,False,True,,,,,,,,,,,,,,,False,False,19.39,,103.6,,75.7,,103.6,,1304,119,,22,7,144730.8,19297.45,,Idle,,20,,10,,,20,Go Home,False,False,False,False,False,False,False,False,False,False,False,False,33.8027920380556,-117.4659261431046,3952.7,3952.7,1049.4,396.9,True,1,1,False,False,False,False,,True,False,False,Course Lock,196.8,67,16.4,93,N,SW,2.46,11.4,Calm,False,False,Android,7.0.2,M300 RTK,1ZN7L4R0H1D00F,1W9DL31001461C,1ZMLH8300204F0,1Z6PH74DAP0QN7,"Corona, CA",728.3,5.7,137.7,8.547347,2.013246,0,0,DJI Matrice 300 RTK,M300 RTK,1ZN7L4R0H1D00F,1W9DL31001461C,1ZMLH8300204F0,1Z6PH74DAP0QN7,DJI Pilot,Android,7.0.2,1EF72A62-B7C3-C88D-164E-CE6F8C8424AE,1ZN7L4R0H1D00F,1W9DL31001461C,,1ZMLH8300204F0,1W9DL31001461C,,,,,
2023-11-01,11:34:04.94 AM,9m 42.6s,582.6,33.7952505622758,-117.4752886825908,7.5,137.7,18.3,1271,5050.8,7.38529,7.569323,-6.039738,2.23694,4.250186,4.250186,0.223694,0.894776,-2.6,-0.4,2.6,144.2,144.2,144.0,Tripod,Other,,21,5,True,,True,False,,Smart,RC,False,True,False,,,True,,False,False,False,False,False,False,False,False,False,False,0,Follow Yaw,-77.9,0,136,136,False,False,False,False,False,,0,0,False,False,No Card,100,100,1024,1416,686,1024,2,False,False,False,False,False,0,False,False,False,False,69,,46.488,,6930,,10044,,46.488,,True,3.87,3.87,3.87,3.87,3.87,3.87,3.87,3.87,3.87,3.87,3.87,3.87,0,,False,False,True,,,,,,,,,,,,,,,False,False,19.39,,103.6,,75.7,,103.6,,1304,119,,22,7,144730.8,19297.45,,Idle,,20,,10,,,20,Go Home,False,False,False,False,False,False,False,False,False,False,False,False,33.8027920380556,-117.4659261431046,3952.8,3952.8,1049.4,396.9,True,1,1,False,False,False,False,,True,False,False,Course Lock,196.8,67,16.4,93,N,SW,2.46,11.4,Calm,False,False,Android,7.0.2,M300 RTK,1ZN7L4R0H1D00F,1W9DL31001461C,1ZMLH8300204F0,1Z6PH74DAP0QN7,"Corona, CA",728.3,5.7,137.7,8.547347,2.013246,0,0,DJI Matrice 300 RTK,M300 RTK,1ZN7L4R0H1D00F,1W9DL31001461C,1ZMLH8300204F0,1Z6PH74DAP0QN7,DJI Pilot,Android,7.0.2,1EF72A62-B7C3-C88D-164E-CE6F8C8424AE,1ZN7L4R0H1D00F,1W9DL31001461C,,1ZMLH8300204F0,1W9DL31001461C,,,,,
2023-11-01,11:34:05.04 AM,9m 42.7s,582.7,33.795247982566,-117.4752864817333,7.2,137.7,18.3,1271,5052.0,7.203502,7.569323,-5.816044,2.23694,4.250186,4.250186,0.223694,0.894776,-2.5,-0.4,2.5,144.2,144.2,144.6,Tripod,Other,,21,5,True,,True,False,,Smart,RC,False,True,False,,,True,,False,False,False,False,False,False,False,False,False,False,0,Follow Yaw,-77.9,0,136,136,False,False,False,False,False,,0,0,False,False,No Card,100,100,1024,1417,699,1024,2,False,False,False,False,False,0,False,False,False,False,69,,46.488,,6930,,10044,,46.488,,True,3.87,3.87,3.87,3.87,3.87,3.87,3.87,3.87,3.87,3.87,3.87,3.87,0,,False,False,True,,,,,,,,,,,,,,,False,False,19.39,,103.6,,75.7,,103.6,,1304,119,,22,7,144730.8,19297.45,,Idle,,20,,10,,,20,Go Home,False,False,False,False,False,False,False,False,False,False,False,False,33.8027920380556,-117.4659261431046,3953.0,3953.0,1049.4,396.9,True,1,1,False,False,False,False,,True,False,False,Course Lock,196.8,67,16.4,93,N,SW,2.46,11.4,Calm,False,False,Android,7.0.2,M300 RTK,1ZN7L4R0H1D00F,1W9DL31001461C,1ZMLH8300204F0,1Z6PH74DAP0QN7,"Corona, CA",728.3,5.7,137.7,8.547347,2.013246,0,0,DJI Matrice 300 RTK,M300 RTK,1ZN7L4R0H1D00F,1W9DL31001461C,1ZMLH8300204F0,1Z6PH74DAP0QN7,DJI Pilot,Android,7.0.2,1EF72A62-B7C3-C88D-164E-CE6F8C8424AE,1ZN7L4R0H1D00F,1W9DL31001461C,,1ZMLH8300204F0,1W9DL31001461C,,,,,
2023-11-01,11:34:05.14 AM,9m 42.8s,582.8,33.7952455052692,-117.4752843089968,7.2,137.7,18.3,1271,5053.1,7.38529,7.569323,-6.039738,2.23694,4.250186,4.250186,0.447388,0.894776,-2.5,-0.2,2.5,144.2,144.2,143.9,Tripod,Other,,21,5,True,,True,False,,Smart,RC,False,True,False,,,True,,False,False,False,False,False,False,False,False,False,False,0,Follow Yaw,-77.9,0,136,136,False,False,False,False,False,,0,0,False,False,No Card,100,100,1024,1416,707,1024,2,False,False,False,False,False,0,False,False,False,False,69,,46.488,,6930,,10044,,46.488,,True,3.87,3.87,3.87,3.87,3.87,3.87,3.87,3.87,3.87,3.87,3.87,3.87,0,,False,False,True,,,,,,,,,,,,,,,False,False,19.39,,103.6,,75.7,,103.6,,1304,119,,22,7,144730.8,19297.45,,Idle,,20,,10,,,20,Go Home,False,False,False,False,False,False,False,False,False,False,False,False,33.8027920380556,-117.4659261431046,3953.2,3953.2,1049.4,396.9,True,1,1,False,False,False,False,,True,False,False,Course Lock,196.8,67,16.4,93,N,SW,2.46,11.4,Calm,False,False,Android,7.0.2,M300 RTK,1ZN7L4R0H1D00F,1W9DL31001461C,1ZMLH8300204F0,1Z6PH74DAP0QN7,"Corona, CA",728.3,5.7,137.7,8.547347,2.013246,0,0,DJI Matrice 300 RTK,M300 RTK,1ZN7L4R0H1D00F,1W9DL31001461C,1ZMLH8300204F0,1Z6PH74DAP0QN7,DJI Pilot,Android,7.0.2,1EF72A62-B7C3-C88D-164E-CE6F8C8424AE,1ZN7L4R0H1D00F,1W9DL31001461C,,1ZMLH8300204F0,1W9DL31001461C,,,,,
2023-11-01,11:34:05.24 AM,9m 42.9s,582.9,33.7952431080009,-117.475282296121,7.2,137.7,18.3,1271,5054.2,7.38529,7.569323,-6.039738,2.23694,4.250186,4.250186,0.447388,0.894776,-2.6,0,2.6,144.2,144.2,145.0,Tripod,Other,,21,5,True,,True,False,,Smart,RC,False,True,False,,,True,,False,False,False,False,False,False,False,False,False,False,0,Follow Yaw,-77.9,0,136,136,False,False,False,False,False,,0,0,False,False,No Card,100,100,1024,1417,706,1024,2,False,False,False,False,False,0,False,False,False,False,69,,46.488,,6930,,10044,,46.488,,True,3.87,3.87,3.87,3.87,3.87,3.87,3.87,3.87,3.87,3.87,3.87,3.87,0,,False,False,True,,,,,,,,,,,,,,,False,False,19.39,,103.6,,75.7,,103.6,,1304,119,,22,7,144730.8,19297.45,,Idle,,20,,10,,,20,Go Home,False,False,False,False,False,False,False,False,False,False,False,False,33.8027920380556,-117.4659261431046,3953.3,3953.3,1049.4,396.9,True,1,1,False,False,False,False,,True,False,False,Course Lock,196.8,67,16.4,93,N,SW,2.46,11.4,Calm,False,False,Android,7.0.2,M300 RTK,1ZN7L4R0H1D00F,1W9DL31001461C,1ZMLH8300204F0,1Z6PH74DAP0QN7,"Corona, CA",728.3,5.7,137.7,8.547347,2.013246,0,0,DJI Matrice 300 RTK,M300 RTK,1ZN7L4R0H1D00F,1W9DL31001461C,1ZMLH8300204F0,1Z6PH74DAP0QN7,DJI Pilot,Android,7.0.2,1EF72A62-B7C3-C88D-164E-CE6F8C8424AE,1ZN7L4R0H1D00F,1W9DL31001461C,,1ZMLH8300204F0,1W9DL31001461C,,,,,
2023-11-01,11:34:05.34 AM,9m 43.0s,583.0,33.7952406349188,-117.4752801366203,7.2,137.7,18.3,1271,5055.3,7.38529,7.569323,-6.039738,2.23694,4.250186,4.250186,0.671082,0.894776,-2.6,0,2.6,144.2,144.2,144.0,Tripod,Other,,21,5,True,,True,False,,Smart,RC,False,True,False,,,True,,False,False,False,False,False,False,False,False,False,False,0,Follow Yaw,-77.9,0,136,136,False,False,False,False,False,,0,0,False,False,No Card,100,100,1024,1417,704,1024,2,False,False,False,False,False,0,False,False,False,False,69,,46.416,,6930,,10044,,46.416,,True,3.87,3.87,3.87,3.87,3.87,3.87,3.87,3.87,3.87,3.87,3.87,3.87,0,,False,False,True,,,,,,,,,,,,,,,False,False,19.61,,103.6,,75.7,,103.6,,1304,119,,22,7,144730.8,19297.45,,Idle,,20,,10,,,20,Go Home,False,False,False,False,False,False,False,False,False,False,False,False,33.8027920380556,-117.4659261431046,3953.5,3953.5,1049.4,396.9,True,1,1,False,False,False,False,,True,False,False,Course Lock,196.8,67,16.4,93,N,SW,2.46,11.4,Calm,False,False,Android,7.0.2,M300 RTK,1ZN7L4R0H1D00F,1W9DL31001461C,1ZMLH8300204F0,1Z6PH74DAP0QN7,"Corona, CA",728.3,5.7,137.7,8.547347,2.013246,0,0,DJI Matrice 300 RTK,M300 RTK,1ZN7L4R0H1D00F,1W9DL31001461C,1ZMLH8300204F0,1Z6PH74DAP0QN7,DJI Pilot,Android,7.0.2,1EF72A62-B7C3-C88D-164E-CE6F8C8424AE,1ZN7L4R0H1D00F,1W9DL31001461C,,1ZMLH8300204F0,1W9DL31001461C,,,,,
2023-11-01,11:34:05.40 AM,9m 43.1s,583.1,33.7952380399692,-117.475277800642,6.8,137.7,18.3,1271,5056.5,7.38529,7.569323,-6.039738,2.23694,4.250186,4.250186,0.671082,0.894776,-2.4,-0.1,2.4,144.3,144.3,143.2,Tripod,Other,,21,5,True,,True,False,,Smart,RC,False,True,False,,,True,,False,False,False,False,False,False,False,False,False,False,0,Follow Yaw,-77.9,0,136,136,False,False,False,False,False,,0,0,False,False,No Card,100,100,1024,1417,705,1024,2,False,False,False,False,False,0,False,False,False,False,69,,46.416,,6930,,10044,,46.416,,True,3.87,3.87,3.87,3.87,3.87,3.87,3.87,3.87,3.87,3.87,3.87,3.87,0,,False,False,True,,,,,,,,,,,,,,,False,False,19.61,,103.6,,75.7,,103.6,,1304,119,,22,7,144730.8,19297.45,,Idle,,20,,10,,,20,Go Home,False,False,False,False,False,False,False,False,False,False,False,False,33.8027920380556,-117.4659261431046,3953.7,3953.7,1049.4,396.9,True,1,1,False,False,False,False,,True,False,False,Course Lock,196.8,67,16.4,93,N,SW,2.46,11.4,Calm,False,False,Android,7.0.2,M300 RTK,1ZN7L4R0H1D00F,1W9DL31001461C,1ZMLH8300204F0,1Z6PH74DAP0QN7,"Corona, CA",728.3,5.7,137.7,8.547347,2.013246,0,0,DJI Matrice 300 RTK,M300 RTK,1ZN7L4R0H1D00F,1W9DL31001461C,1ZMLH8300204F0,1Z6PH74DAP0QN7,DJI Pilot,Android,7.0.2,1EF72A62-B7C3-C88D-164E-CE6F8C8424AE,1ZN7L4R0H1D00F,1W9DL31001461C,,1ZMLH8300204F0,1W9DL31001461C,,,,,
2023-11-01,11:34:05.50 AM,9m 43.2s,583.2,33.7952355519556,-117.4752756291837,6.8,137.7,18.3,1271,5057.6,7.38529,7.569323,-6.039738,2.23694,4.250186,4.250186,0.671082,0.894776,-2.1,-0.1,2.1,144.4,144.4,144.0,Tripod,Other,,21,5,True,,True,False,,Smart,RC,False,True,False,,,True,,False,False,False,False,False,False,False,False,False,False,0,Follow Yaw,-77.9,0,136,136,False,False,False,False,False,,0,0,False,False,No Card,100,100,1024,1417,708,1024,2,False,False,False,False,False,0,False,False,False,False,69,,46.416,,6930,,10044,,46.416,,True,3.87,3.87,3.87,3.87,3.87,3.87,3.87,3.87,3.87,3.87,3.87,3.87,0,,False,False,True,,,,,,,,,,,,,,,False,False,19.61,,103.6,,75.7,,103.6,,1304,119,,22,7,144730.8,19297.45,,Idle,,20,,10,,,20,Go Home,False,False,False,False,False,False,False,False,False,False,False,False,33.8027920380556,-117.4659261431046,3953.8,3953.8,1049.4,396.9,True,1,1,False,False,False,False,,True,False,False,Course Lock,196.8,67,16.4,93,N,SW,2.46,11.4,Calm,False,False,Android,7.0.2,M300 RTK,1ZN7L4R0H1D00F,1W9DL31001461C,1ZMLH8300204F0,1Z6PH74DAP0QN7,"Corona, CA",728.3,5.7,137.7,8.547347,2.013246,0,0,DJI Matrice 300 RTK,M300 RTK,1ZN7L4R0H1D00F,1W9DL31001461C,1ZMLH8300204F0,1Z6PH74DAP0QN7,DJI Pilot,Android,7.0.2,1EF72A62-B7C3-C88D-164E-CE6F8C8424AE,1ZN7L4R0H1D00F,1W9DL31001461C,,1ZMLH8300204F0,1W9DL31001461C,,,,,
2023-11-01,11:34:05.64 AM,9m 43.3s,583.3,33.7952330384137,-117.4752735522729,6.8,137.7,18.3,1271,5058.7,7.38529,7.569323,-6.039738,2.23694,4.250186,4.250186,0.671082,0.894776,-2.2,0.1,2.2,144.6,144.6,145.5,Tripod,Other,,21,5,True,,True,False,,Smart,RC,False,True,False,,,True,,False,False,False,False,False,False,False,False,False,False,0,Follow Yaw,-77.9,0,136,136,False,False,False,False,False,,0,0,False,False,No Card,100,100,1024,1416,711,1024,2,False,False,False,False,False,0,False,False,False,False,69,,46.416,,6930,,10044,,46.416,,True,3.87,3.87,3.87,3.87,3.87,3.87,3.87,3.87,3.87,3.87,3.87,3.87,0,,False,False,True,,,,,,,,,,,,,,,False,False,19.61,,103.6,,75.7,,103.6,,1302,119,,22,7,144759.8,19301.31,,Idle,,20,,10,,,20,Go Home,False,False,False,False,False,False,False,False,False,False,False,False,33.8027920380556,-117.4659261431046,3954.0,3954.0,1049.4,396.9,True,1,1,False,False,False,False,,True,False,False,Course Lock,196.8,67,16.4,93,N,SW,2.46,11.4,Calm,False,False,Android,7.0.2,M300 RTK,1ZN7L4R0H1D00F,1W9DL31001461C,1ZMLH8300204F0,1Z6PH74DAP0QN7,"Corona, CA",728.3,5.7,137.7,8.547347,2.013246,0,0,DJI Matrice 300 RTK,M300 RTK,1ZN7L4R0H1D00F,1W9DL31001461C,1ZMLH8300204F0,1Z6PH74DAP0QN7,DJI Pilot,Android,7.0.2,1EF72A62-B7C3-C88D-164E-CE6F8C8424AE,1ZN7L4R0H1D00F,1W9DL31001461C,,1ZMLH8300204F0,1W9DL31001461C,,,,,
2023-11-01,11:34:05.74 AM,9m 43.4s,583.4,33.7952305517365,-117.4752714022146,6.5,137.7,18.3,1270,5059.8,7.38529,7.569323,-6.039738,2.23694,4.250186,4.250186,0.671082,0.894776,-2.6,0.2,2.6,144.7,144.7,144.3,Tripod,Other,,21,5,True,,True,False,,Smart,RC,False,True,False,,,True,,False,False,False,False,False,False,False,False,False,False,0,Follow Yaw,-77.9,0,136,136,False,False,False,False,False,,0,0,False,False,No Card,100,100,1024,1417,712,1024,2,False,False,False,False,False,0,False,False,False,False,69,,46.416,,6930,,10044,,46.416,,True,3.87,3.87,3.87,3.87,3.87,3.87,3.87,3.87,3.87,3.87,3.87,3.87,0,,False,False,True,,,,,,,,,,,,,,,False,False,19.61,,103.6,,75.7,,103.6,,1302,119,,22,7,144759.8,19301.31,,Idle,,20,,10,,,20,Go Home,False,False,False,False,False,False,False,False,False,False,False,False,33.8027920380556,-117.4659261431046,3954.2,3954.2,1049.4,396.9,True,1,1,False,False,False,False,,True,False,False,Course Lock,196.8,67,16.4,93,N,SW,2.46,11.4,Calm,False,False,Android,7.0.2,M300 RTK,1ZN7L4R0H1D00F,1W9DL31001461C,1ZMLH8300204F0,1Z6PH74DAP0QN7,"Corona, CA",728.3,5.7,137.7,8.547347,2.013246,0,0,DJI Matrice 300 RTK,M300 RTK,1ZN7L4R0H1D00F,1W9DL31001461C,1ZMLH8300204F0,1Z6PH74DAP0QN7,DJI Pilot,Android,7.0.2,1EF72A62-B7C3-C88D-164E-CE6F8C8424AE,1ZN7L4R0H1D00F,1W9DL31001461C,,1ZMLH8300204F0,1W9DL31001461C,,,,,
2023-11-01,11:34:05.82 AM,9m 43.5s,583.5,33.7952283190572,-117.4752694817421,6.5,137.7,18.0,1270,5060.8,7.38529,7.569323,-6.039738,2.23694,4.250186,4.250186,0.671082,0.894776,-3,0.4,3,144.9,144.9,144.4,Tripod,Other,,21,5,True,,True,False,,Smart,RC,False,True,False,,,True,,False,False,False,False,False,False,False,False,False,False,0,Follow Yaw,-77.9,0,136,136,False,False,False,False,False,,0,0,False,False,No Card,100,100,1024,1417,711,1024,2,False,False,False,False,False,0,False,False,False,False,69,,46.416,,6930,,10044,,46.416,,True,3.87,3.87,3.87,3.87,3.87,3.87,3.87,3.87,3.87,3.87,3.87,3.87,0,,False,False,True,,,,,,,,,,,,,,,False,False,19.61,,103.6,,75.7,,103.6,,1302,119,,22,7,144759.8,19301.31,,Idle,,20,,10,,,20,Go Home,False,False,False,False,False,False,False,False,False,False,False,False,33.8027920380556,-117.4659261431046,3954.3,3954.3,1049.4,396.9,True,1,1,False,False,False,False,,True,False,False,Course Lock,196.8,67,16.4,93,N,SW,2.46,11.4,Calm,False,False,Android,7.0.2,M300 RTK,1ZN7L4R0H1D00F,1W9DL31001461C,1ZMLH8300204F0,1Z6PH74DAP0QN7,"Corona, CA",728.3,5.7,137.7,8.547347,2.013246,0,0,DJI Matrice 300 RTK,M300 RTK,1ZN7L4R0H1D00F,1W9DL31001461C,1ZMLH8300204F0,1Z6PH74DAP0QN7,DJI Pilot,Android,7.0.2,1EF72A62-B7C3-C88D-164E-CE6F8C8424AE,1ZN7L4R0H1D00F,1W9DL31001461C,,1ZMLH8300204F0,1W9DL31001461C,,,,,
2023-11-01,11:34:05.94 AM,9m 43.6s,583.6,33.795225811726,-117.4752673790194,6.5,137.7,18.3,1270,5061.9,7.38529,7.569323,-6.039738,2.23694,4.250186,4.250186,0.671082,0.894776,-3.2,0,3.2,144.8,144.8,145.1,Tripod,Other,,20,5,True,,True,False,,Smart,RC,False,True,False,,,True,,False,False,False,False,False,False,False,False,False,False,0,Follow Yaw,-77.9,0,136,136,False,False,False,False,False,,0,0,False,False,No Card,100,100,1024,1420,691,1024,2,False,False,False,False,False,0,False,False,False,False,69,,46.416,,6930,,10044,,46.416,,True,3.87,3.87,3.87,3.87,3.87,3.87,3.87,3.87,3.87,3.87,3.87,3.87,0,,False,False,True,,,,,,,,,,,,,,,False,False,19.61,,103.6,,75.7,,103.6,,1302,119,,22,7,144759.8,19301.31,,Idle,,20,,10,,,20,Go Home,False,False,False,False,False,False,False,False,False,False,False,False,33.8027920380556,-117.4659261431046,3954.5,3954.5,1049.4,396.9,True,1,1,False,False,False,False,,True,False,False,Course Lock,196.8,67,16.4,93,N,SW,2.46,11.4,Calm,False,False,Android,7.0.2,M300 RTK,1ZN7L4R0H1D00F,1W9DL31001461C,1ZMLH8300204F0,1Z6PH74DAP0QN7,"Corona, CA",728.3,5.7,137.7,8.547347,2.013246,0,0,DJI Matrice 300 RTK,M300 RTK,1ZN7L4R0H1D00F,1W9DL31001461C,1ZMLH8300204F0,1Z6PH74DAP0QN7,DJI Pilot,Android,7.0.2,1EF72A62-B7C3-C88D-164E-CE6F8C8424AE,1ZN7L4R0H1D00F,1W9DL31001461C,,1ZMLH8300204F0,1W9DL31001461C,,,,,
2023-11-01,11:34:06.02 AM,9m 43.7s,583.7,33.7952229831155,-117.475265268586,6.2,137.7,18.0,1270,5063.2,7.569323,7.569323,-6.263432,2.23694,4.250186,4.250186,0.671082,0.894776,-2.9,-0.9,3,144.6,144.6,148.1,Tripod,Other,,20,5,True,,True,False,,Smart,RC,False,True,False,,,True,,False,False,False,False,False,False,False,False,False,False,0,Follow Yaw,-77.9,0,136,136,False,False,False,False,False,,0,0,False,False,No Card,100,100,1024,1420,691,1024,2,False,False,False,False,False,0,False,False,False,False,69,,46.416,,6930,,10044,,46.416,,True,3.87,3.87,3.87,3.87,3.87,3.87,3.87,3.87,3.87,3.87,3.87,3.87,0,,False,False,True,,,,,,,,,,,,,,,False,False,19.61,,103.6,,75.7,,103.6,,1302,119,,22,7,144759.8,19301.31,,Idle,,20,,10,,,20,Go Home,False,False,False,False,False,False,False,False,False,False,False,False,33.8027920380556,-117.4659261431046,3954.8,3954.8,1049.4,396.9,True,1,1,False,False,False,False,,True,False,False,Course Lock,196.8,67,16.4,93,N,SW,2.46,11.4,Calm,False,False,Android,7.0.2,M300 RTK,1ZN7L4R0H1D00F,1W9DL31001461C,1ZMLH8300204F0,1Z6PH74DAP0QN7,"Corona, CA",728.3,5.7,137.7,8.547347,2.013246,0,0,DJI Matrice 300 RTK,M300 RTK,1ZN7L4R0H1D00F,1W9DL31001461C,1ZMLH8300204F0,1Z6PH74DAP0QN7,DJI Pilot,Android,7.0.2,1EF72A62-B7C3-C88D-164E-CE6F8C8424AE,1ZN7L4R0H1D00F,1W9DL31001461C,,1ZMLH8300204F0,1W9DL31001461C,,,,,
2023-11-01,11:34:06.12 AM,9m 43.8s,583.8,33.7952204120751,-117.4752631549366,6.2,137.7,18.0,1270,5064.3,7.569323,7.569323,-6.263432,2.23694,4.250186,4.250186,0.671082,0.894776,-2.3,-1.2,2.5,144.6,144.6,145.6,Tripod,Other,,20,5,True,,True,False,,Smart,RC,False,True,False,,,True,,False,False,False,False,False,False,False,False,False,False,0,Follow Yaw,-77.9,0,136,136,False,False,False,False,False,,0,0,False,False,No Card,100,100,1024,1417,682,1024,2,False,False,False,False,False,0,False,False,False,False,69,,46.416,,6930,,10044,,46.416,,True,3.87,3.87,3.87,3.87,3.87,3.87,3.87,3.87,3.87,3.87,3.87,3.87,0,,False,False,True,,,,,,,,,,,,,,,False,False,19.61,,103.6,,75.7,,103.6,,1302,119,,22,7,144759.8,19301.31,,Idle,,20,,10,,,20,Go Home,False,False,False,False,False,False,False,False,False,False,False,False,33.8027920380556,-117.4659261431046,3955.0,3955.0,1049.4,396.9,True,1,1,False,False,False,False,,True,False,False,Course Lock,196.8,67,16.4,93,N,SW,2.46,11.4,Calm,False,False,Android,7.0.2,M300 RTK,1ZN7L4R0H1D00F,1W9DL31001461C,1ZMLH8300204F0,1Z6PH74DAP0QN7,"Corona, CA",728.3,5.7,137.7,8.547347,2.013246,0,0,DJI Matrice 300 RTK,M300 RTK,1ZN7L4R0H1D00F,1W9DL31001461C,1ZMLH8300204F0,1Z6PH74DAP0QN7,DJI Pilot,Android,7.0.2,1EF72A62-B7C3-C88D-164E-CE6F8C8424AE,1ZN7L4R0H1D00F,1W9DL31001461C,,1ZMLH8300204F0,1W9DL31001461C,,,,,
2023-11-01,11:34:06.24 AM,9m 43.9s,583.9,33.7952175787101,-117.4752606282552,5.9,137.7,18.0,1270,5065.6,7.569323,7.569323,-6.263432,2.23694,4.250186,4.250186,0.671082,0.894776,-1.8,-0.8,1.9,144.7,144.7,143.4,Tripod,Other,,20,5,True,,True,False,,Smart,RC,False,True,False,,,True,,False,False,False,False,False,False,False,False,False,False,0,Follow Yaw,-77.9,0,136,136,False,False,False,False,False,,0,0,False,False,No Card,100,100,1024,1417,682,1024,2,False,False,False,False,False,0,False,False,False,False,69,,46.416,,6930,,10044,,46.416,,True,3.87,3.87,3.87,3.87,3.87,3.87,3.87,3.87,3.87,3.87,3.87,3.87,0,,False,False,True,,,,,,,,,,,,,,,False,False,19.61,,103.6,,75.7,,103.6,,1302,119,,22,7,144759.8,19301.31,,Idle,,20,,10,,,20,Go Home,False,False,False,False,False,False,False,False,False,False,False,False,33.8027920380556,-117.4659261431046,3955.1,3955.1,1049.4,396.9,True,1,1,False,False,False,False,,True,False,False,Course Lock,196.8,67,16.4,93,N,SW,2.46,11.4,Calm,False,False,Android,7.0.2,M300 RTK,1ZN7L4R0H1D00F,1W9DL31001461C,1ZMLH8300204F0,1Z6PH74DAP0QN7,"Corona, CA",728.3,5.7,137.7,8.547347,2.013246,0,0,DJI Matrice 300 RTK,M300 RTK,1ZN7L4R0H1D00F,1W9DL31001461C,1ZMLH8300204F0,1Z6PH74DAP0QN7,DJI Pilot,Android,7.0.2,1EF72A62-B7C3-C88D-164E-CE6F8C8424AE,1ZN7L4R0H1D00F,1W9DL31001461C,,1ZMLH8300204F0,1W9DL31001461C,,,,,
2023-11-01,11:34:06.34 AM,9m 44.0s,584.0,33.7952149810877,-117.4752584650023,5.9,137.7,18.0,1270,5066.7,7.569323,7.569323,-6.263432,2.23694,4.250186,4.250186,0.671082,0.894776,-1.6,-0.1,1.6,144.8,144.8,145.3,Tripod,Other,,20,5,True,,True,False,,Smart,RC,False,True,False,,,True,,False,False,False,False,False,False,False,False,False,False,0,Follow Yaw,-77.9,0,136,136,False,False,False,False,False,,0,0,False,False,No Card,100,100,1024,1419,683,1024,2,False,False,False,False,False,0,False,False,False,False,69,,46.344,,6930,,10044,,46.344,,True,3.87,3.87,3.87,3.87,3.87,3.87,3.87,3.87,3.87,3.87,3.87,3.87,0,,False,False,True,,,,,,,,,,,,,,,False,False,18.776,,103.8,,75.7,,103.8,,1302,119,,22,7,144759.8,19301.31,,Idle,,20,,10,,,20,Go Home,False,False,False,False,False,False,False,False,False,False,False,False,33.8027920380556,-117.4659261431046,3955.3,3955.3,1049.4,396.9,True,1,1,False,False,False,False,,True,False,False,Course Lock,196.8,67,16.4,93,N,SW,2.46,11.4,Calm,False,False,Android,7.0.2,M300 RTK,1ZN7L4R0H1D00F,1W9DL31001461C,1ZMLH8300204F0,1Z6PH74DAP0QN7,"Corona, CA",728.3,5.7,137.7,8.547347,2.013246,0,0,DJI Matrice 300 RTK,M300 RTK,1ZN7L4R0H1D00F,1W9DL31001461C,1ZMLH8300204F0,1Z6PH74DAP0QN7,DJI Pilot,Android,7.0.2,1EF72A62-B7C3-C88D-164E-CE6F8C8424AE,1ZN7L4R0H1D00F,1W9DL31001461C,,1ZMLH8300204F0,1W9DL31001461C,,,,,
2023-11-01,11:34:06.43 AM,9m 44.1s,584.1,33.7952126426716,-117.4752565904635,5.9,137.7,18.0,1270,5067.8,7.569323,7.569323,-6.263432,2.23694,4.250186,4.250186,0.671082,0.894776,-1.4,-0.1,1.4,144.6,144.6,146.3,Tripod,Other,,20,5,True,,True,False,,Smart,RC,False,True,False,,,True,,False,False,False,False,False,False,False,False,False,False,0,Follow Yaw,-77.9,0,136,136,False,False,False,False,False,,0,0,False,False,No Card,100,100,1024,1419,683,1024,2,False,False,False,False,False,0,False,False,False,False,69,,46.344,,6930,,10044,,46.344,,True,3.87,3.87,3.87,3.87,3.87,3.87,3.87,3.87,3.87,3.87,3.87,3.87,0,,False,False,True,,,,,,,,,,,,,,,False,False,18.776,,103.8,,75.7,,103.8,,1302,119,,22,7,144759.8,19301.31,,Idle,,20,,10,,,20,Go Home,False,False,False,False,False,False,False,False,False,False,False,False,33.8027920380556,-117.4659261431046,3955.5,3955.5,1049.4,396.9,True,1,1,False,False,False,False,,True,False,False,Course Lock,196.8,67,16.4,93,N,SW,2.46,11.4,Calm,False,False,Android,7.0.2,M300 RTK,1ZN7L4R0H1D00F,1W9DL31001461C,1ZMLH8300204F0,1Z6PH74DAP0QN7,"Corona, CA",728.3,5.7,137.7,8.547347,2.013246,0,0,DJI Matrice 300 RTK,M300 RTK,1ZN7L4R0H1D00F,1W9DL31001461C,1ZMLH8300204F0,1Z6PH74DAP0QN7,DJI Pilot,Android,7.0.2,1EF72A62-B7C3-C88D-164E-CE6F8C8424AE,1ZN7L4R0H1D00F,1W9DL31001461C,,1ZMLH8300204F0,1W9DL31001461C,,,,,
2023-11-01,11:34:06.54 AM,9m 44.2s,584.2,33.795210058036,-117.4752544766078,5.5,137.7,18.0,1269,5068.9,7.569323,7.569323,-6.263432,2.23694,4.250186,4.250186,0.671082,0.894776,-1.4,-0.7,1.5,144.3,144.3,145.7,Tripod,Other,,20,5,True,,True,False,,Smart,RC,False,True,False,,,True,,False,False,False,False,False,False,False,False,False,False,0,Follow Yaw,-77.9,0,136,136,False,False,False,False,False,,0,0,False,False,No Card,100,100,1024,1426,683,1024,2,False,False,False,False,False,0,False,False,False,False,69,,46.344,,6930,,10044,,46.344,,True,3.87,3.87,3.87,3.87,3.87,3.87,3.87,3.87,3.87,3.87,3.87,3.87,0,,False,False,True,,,,,,,,,,,,,,,False,False,18.776,,103.8,,75.7,,103.8,,1302,119,,22,7,144759.8,19301.31,,Idle,,20,,10,,,20,Go Home,False,False,False,False,False,False,False,False,False,False,False,False,33.8027920380556,-117.4659261431046,3955.7,3955.7,1049.4,396.9,True,1,1,False,False,False,False,,True,False,False,Course Lock,196.8,67,16.4,93,N,SW,2.46,11.4,Calm,False,False,Android,7.0.2,M300 RTK,1ZN7L4R0H1D00F,1W9DL31001461C,1ZMLH8300204F0,1Z6PH74DAP0QN7,"Corona, CA",728.3,5.7,137.7,8.547347,2.013246,0,0,DJI Matrice 300 RTK,M300 RTK,1ZN7L4R0H1D00F,1W9DL31001461C,1ZMLH8300204F0,1Z6PH74DAP0QN7,DJI Pilot,Android,7.0.2,1EF72A62-B7C3-C88D-164E-CE6F8C8424AE,1ZN7L4R0H1D00F,1W9DL31001461C,,1ZMLH8300204F0,1W9DL31001461C,,,,,
2023-11-01,11:34:06.63 AM,9m 44.3s,584.3,33.7952073444741,-117.4752521236827,5.5,137.7,17.7,1269,5070.1,7.569323,7.569323,-6.263432,2.23694,4.250186,4.250186,0.671082,0.894776,-1.4,-1.5,2,144.1,144.1,144.2,Tripod,Other,,20,5,True,,True,False,,Smart,RC,False,True,False,,,True,,False,False,False,False,False,False,False,False,False,False,0,Follow Yaw,-77.9,0,136,136,False,False,False,False,False,,0,0,False,False,No Card,100,100,1024,1422,687,1024,2,False,False,False,False,False,0,False,False,False,False,69,,46.344,,6930,,10044,,46.344,,True,3.865,3.865,3.865,3.865,3.865,3.865,3.865,3.865,3.865,3.865,3.865,3.865,0,,False,False,True,,,,,,,,,,,,,,,False,False,18.776,,103.8,,75.7,,103.8,,1301,119,,22,7,144805.6,19307.41,,Idle,,20,,10,,,20,Go Home,False,False,False,False,False,False,False,False,False,False,False,False,33.8027920380556,-117.4659261431046,3955.9,3955.9,1049.4,396.9,True,1,1,False,False,False,False,,True,False,False,Course Lock,196.8,67,16.4,93,N,SW,2.46,11.4,Calm,False,False,Android,7.0.2,M300 RTK,1ZN7L4R0H1D00F,1W9DL31001461C,1ZMLH8300204F0,1Z6PH74DAP0QN7,"Corona, CA",728.3,5.7,137.7,8.547347,2.013246,0,0,DJI Matrice 300 RTK,M300 RTK,1ZN7L4R0H1D00F,1W9DL31001461C,1ZMLH8300204F0,1Z6PH74DAP0QN7,DJI Pilot,Android,7.0.2,1EF72A62-B7C3-C88D-164E-CE6F8C8424AE,1ZN7L4R0H1D00F,1W9DL31001461C,,1ZMLH8300204F0,1W9DL31001461C,,,,,
2023-11-01,11:34:06.74 AM,9m 44.4s,584.4,33.7952047674028,-117.4752499673982,5.2,137.7,17.7,1269,5071.3,7.569323,7.569323,-6.263432,2.23694,4.250186,4.250186,0.671082,0.894776,-1.8,-1.7,2.4,144,144,145.1,Tripod,Other,,20,5,True,,True,False,,Smart,RC,False,True,False,,,True,,False,False,False,False,False,False,False,False,False,False,0,Follow Yaw,-77.9,0,136,136,False,False,False,False,False,,0,0,False,False,No Card,100,100,1024,1423,685,1024,2,False,False,False,False,False,0,False,False,False,False,69,,46.344,,6930,,10044,,46.344,,True,3.865,3.865,3.865,3.865,3.865,3.865,3.865,3.865,3.865,3.865,3.865,3.865,0,,False,False,True,,,,,,,,,,,,,,,False,False,18.776,,103.8,,75.7,,103.8,,1301,119,,22,7,144805.6,19307.41,,Idle,,20,,10,,,20,Go Home,False,False,False,False,False,False,False,False,False,False,False,False,33.8027920380556,-117.4659261431046,3956.1,3956.1,1049.4,396.9,True,1,1,False,False,False,False,,True,False,False,Course Lock,196.8,67,16.4,93,N,SW,2.46,11.4,Calm,False,False,Android,7.0.2,M300 RTK,1ZN7L4R0H1D00F,1W9DL31001461C,1ZMLH8300204F0,1Z6PH74DAP0QN7,"Corona, CA",728.3,5.7,137.7,8.547347,2.013246,0,0,DJI Matrice 300 RTK,M300 RTK,1ZN7L4R0H1D00F,1W9DL31001461C,1ZMLH8300204F0,1Z6PH74DAP0QN7,DJI Pilot,Android,7.0.2,1EF72A62-B7C3-C88D-164E-CE6F8C8424AE,1ZN7L4R0H1D00F,1W9DL31001461C,,1ZMLH8300204F0,1W9DL31001461C,,,,,
2023-11-01,11:34:06.84 AM,9m 44.5s,584.5,33.7952025315538,-117.4752478055884,5.2,137.7,17.7,1269,5072.3,7.38529,7.569323,-6.039738,2.23694,4.250186,4.250186,0.671082,0.894776,-2,-1.3,2.3,144,144,141.2,Tripod,Other,,20,5,True,,True,False,,Smart,RC,False,True,False,,,True,,False,False,False,False,False,False,False,False,False,False,0,Follow Yaw,-77.9,0,136,136,False,False,False,False,False,,0,0,False,False,No Card,100,100,1024,1420,688,1024,2,False,False,False,False,False,0,False,False,False,False,69,,46.344,,6930,,10044,,46.344,,True,3.865,3.865,3.865,3.865,3.865,3.865,3.865,3.865,3.865,3.865,3.865,3.865,0,,False,False,True,,,,,,,,,,,,,,,False,False,18.776,,103.8,,75.7,,103.8,,1301,119,,22,7,144805.6,19307.41,,Idle,,20,,10,,,20,Go Home,False,False,False,False,False,False,False,False,False,False,False,False,33.8027920380556,-117.4659261431046,3956.2,3956.2,1049.4,396.9,True,1,1,False,False,False,False,,True,False,False,Course Lock,196.8,67,16.4,93,N,SW,2.46,11.4,Calm,False,False,Android,7.0.2,M300 RTK,1ZN7L4R0H1D00F,1W9DL31001461C,1ZMLH8300204F0,1Z6PH74DAP0QN7,"Corona, CA",728.3,5.7,137.7,8.547347,2.013246,0,0,DJI Matrice 300 RTK,M300 RTK,1ZN7L4R0H1D00F,1W9DL31001461C,1ZMLH8300204F0,1Z6PH74DAP0QN7,DJI Pilot,Android,7.0.2,1EF72A62-B7C3-C88D-164E-CE6F8C8424AE,1ZN7L4R0H1D00F,1W9DL31001461C,,1ZMLH8300204F0,1W9DL31001461C,,,,,
2023-11-01,11:34:06.94 AM,9m 44.6s,584.6,33.7951999965699,-117.4752456137198,5.2,137.7,17.7,1269,5073.4,7.516251,7.569323,-6.039738,2.23694,4.47388,4.47388,0.671082,0.894776,-2,-0.6,2,144.1,144.1,144.3,Tripod,Other,,20,5,True,,True,False,,Smart,RC,False,True,False,,,True,,False,False,False,False,False,False,False,False,False,False,0,Follow Yaw,-77.9,0,136,136,False,False,False,False,False,,0,0,False,False,No Card,100,100,1024,1417,692,1024,2,False,False,False,False,False,0,False,False,False,False,69,,46.344,,6930,,10044,,46.344,,True,3.865,3.865,3.865,3.865,3.865,3.865,3.865,3.865,3.865,3.865,3.865,3.865,0,,False,False,True,,,,,,,,,,,,,,,False,False,18.776,,103.8,,75.7,,103.8,,1301,119,,22,7,144805.6,19307.41,,Idle,,20,,10,,,20,Go Home,False,False,False,False,False,False,False,False,False,False,False,False,33.8027920380556,-117.4659261431046,3956.4,3956.4,1049.4,396.9,True,1,1,False,False,False,False,,True,False,False,Course Lock,196.8,67,16.4,93,N,SW,2.46,11.4,Calm,False,False,Android,7.0.2,M300 RTK,1ZN7L4R0H1D00F,1W9DL31001461C,1ZMLH8300204F0,1Z6PH74DAP0QN7,"Corona, CA",728.3,5.7,137.7,8.547347,2.013246,0,0,DJI Matrice 300 RTK,M300 RTK,1ZN7L4R0H1D00F,1W9DL31001461C,1ZMLH8300204F0,1Z6PH74DAP0QN7,DJI Pilot,Android,7.0.2,1EF72A62-B7C3-C88D-164E-CE6F8C8424AE,1ZN7L4R0H1D00F,1W9DL31001461C,,1ZMLH8300204F0,1W9DL31001461C,,,,,
2023-11-01,11:34:07.04 AM,9m 44.7s,584.7,33.7951972590559,-117.4752435212228,4.9,137.7,17.7,1269,5074.6,7.516251,7.569323,-6.039738,2.23694,4.47388,4.47388,0.671082,0.894776,-1.8,-0.2,1.8,144,144,147.5,Tripod,Other,,20,5,True,,True,False,,Smart,RC,False,True,False,,,True,,False,False,False,False,False,False,False,False,False,False,0,Follow Yaw,-77.9,0,136,136,False,False,False,False,False,,0,0,False,False,No Card,100,100,1024,1408,703,1024,2,False,False,False,False,False,0,False,False,False,False,69,,46.32,,3440,,4986,,46.32,,True,3.865,3.865,3.865,3.865,3.865,3.865,3.865,3.865,3.865,3.865,3.865,3.865,0,,False,False,True,,,,,,,,,,,,,,,False,False,9.46,,103.4,,75.7,,103.8,,1301,119,,22,7,144805.6,19307.41,,Idle,,20,,10,,,20,Go Home,False,False,False,False,False,False,False,False,False,False,False,False,33.8027920380556,-117.4659261431046,3956.6,3956.6,1049.4,396.9,True,1,1,False,False,False,False,,True,False,False,Course Lock,196.8,67,16.4,93,N,SW,2.46,11.4,Calm,False,False,Android,7.0.2,M300 RTK,1ZN7L4R0H1D00F,1W9DL31001461C,1ZMLH8300204F0,1Z6PH74DAP0QN7,"Corona, CA",728.3,5.7,137.7,8.547347,2.013246,0,0,DJI Matrice 300 RTK,M300 RTK,1ZN7L4R0H1D00F,1W9DL31001461C,1ZMLH8300204F0,1Z6PH74DAP0QN7,DJI Pilot,Android,7.0.2,1EF72A62-B7C3-C88D-164E-CE6F8C8424AE,1ZN7L4R0H1D00F,1W9DL31001461C,,1ZMLH8300204F0,1W9DL31001461C,,,,,
2023-11-01,11:34:07.15 AM,9m 44.8s,584.8,33.7951946958282,-117.475241335704,4.9,137.7,17.7,1269,5075.8,7.569323,7.569323,-6.263432,2.23694,4.250186,4.47388,0.671082,0.894776,-1.3,-0.6,1.4,143.9,143.9,144.6,Tripod,Other,,20,5,True,,True,False,,Smart,RC,False,True,False,,,True,,False,False,False,False,False,False,False,False,False,False,0,Follow Yaw,-77.9,0,136,136,False,False,False,False,False,,0,0,False,False,No Card,100,100,1024,1407,704,1024,2,False,False,False,False,False,0,False,False,False,False,69,,46.32,,3440,,4986,,46.32,,True,3.865,3.865,3.865,3.865,3.865,3.865,3.865,3.865,3.865,3.865,3.865,3.865,0,,False,False,True,,,,,,,,,,,,,,,False,False,9.46,,103.4,,75.7,,103.8,,1301,119,,22,7,144805.6,19307.41,,Idle,,20,,10,,,20,Go Home,False,False,False,False,False,False,False,False,False,False,False,False,33.8027920380556,-117.4659261431046,3956.8,3956.8,1049.4,396.9,True,1,1,False,False,False,False,,True,False,False,Course Lock,196.8,67,16.4,93,N,SW,2.68,11.4,Calm,False,False,Android,7.0.2,M300 RTK,1ZN7L4R0H1D00F,1W9DL31001461C,1ZMLH8300204F0,1Z6PH74DAP0QN7,"Corona, CA",728.3,5.7,137.7,8.547347,2.013246,0,0,DJI Matrice 300 RTK,M300 RTK,1ZN7L4R0H1D00F,1W9DL31001461C,1ZMLH8300204F0,1Z6PH74DAP0QN7,DJI Pilot,Android,7.0.2,1EF72A62-B7C3-C88D-164E-CE6F8C8424AE,1ZN7L4R0H1D00F,1W9DL31001461C,,1ZMLH8300204F0,1W9DL31001461C,,,,,
2023-11-01,11:34:07.25 AM,9m 44.9s,584.9,33.795191867783,-117.4752391737294,4.9,137.7,17.7,1269,5077.0,7.569323,7.569323,-6.263432,2.23694,4.250186,4.47388,0.671082,0.894776,-0.9,-1.2,1.5,143.9,143.9,147.5,Tripod,Other,,20,5,True,,True,False,,Smart,RC,False,True,False,,,True,,False,False,False,False,False,False,False,False,False,False,0,Follow Yaw,-77.9,0,136,136,False,False,False,False,False,,0,0,False,False,No Card,100,100,1024,1407,704,1024,2,False,False,False,False,False,0,False,False,False,False,69,,46.32,,3440,,4986,,46.32,,True,3.865,3.865,3.865,3.865,3.865,3.865,3.865,3.865,3.865,3.865,3.865,3.865,0,,False,False,True,,,,,,,,,,,,,,,False,False,9.46,,103.4,,75.7,,103.8,,1301,119,,22,7,144805.6,19307.41,,Idle,,20,,10,,,20,Go Home,False,False,False,False,False,False,False,False,False,False,False,False,33.8027920380556,-117.4659261431046,3957.0,3957.0,1049.4,396.9,True,1,1,False,False,False,False,,True,False,False,Course Lock,196.8,67,16.4,93,N,SW,2.68,11.4,Calm,False,False,Android,7.0.2,M300 RTK,1ZN7L4R0H1D00F,1W9DL31001461C,1ZMLH8300204F0,1Z6PH74DAP0QN7,"Corona, CA",728.3,5.7,137.7,8.547347,2.013246,0,0,DJI Matrice 300 RTK,M300 RTK,1ZN7L4R0H1D00F,1W9DL31001461C,1ZMLH8300204F0,1Z6PH74DAP0QN7,DJI Pilot,Android,7.0.2,1EF72A62-B7C3-C88D-164E-CE6F8C8424AE,1ZN7L4R0H1D00F,1W9DL31001461C,,1ZMLH8300204F0,1W9DL31001461C,,,,,
2023-11-01,11:34:07.36 AM,9m 45.0s,585.0,33.7951893017626,-117.4752370051986,4.5,137.7,17.7,1268,5078.1,7.38529,7.569323,-6.039738,2.23694,4.250186,4.47388,0.671082,0.894776,-0.8,-1.2,1.4,143.9,143.9,144.9,Tripod,Other,,20,5,True,,True,False,,Smart,RC,False,True,False,,,True,,False,False,False,False,False,False,False,False,False,False,0,Follow Yaw,-77.9,0,136,136,False,False,False,False,False,,0,0,False,False,No Card,100,100,1024,1408,706,1024,2,False,False,False,False,False,0,False,False,False,False,69,,46.428,,6930,,10044,,46.428,,True,3.865,3.865,3.865,3.865,3.865,3.865,3.865,3.865,3.865,3.865,3.865,3.865,0,,False,False,True,,,,,,,,,,,,,,,False,False,19.288,,103.8,,75.7,,103.8,,1301,119,,22,7,144805.6,19307.41,,Idle,,20,,10,,,20,Go Home,False,False,False,False,False,False,False,False,False,False,False,False,33.8027920380556,-117.4659261431046,3957.2,3957.2,1049.4,396.9,True,1,1,False,False,False,False,,True,False,False,Course Lock,196.8,67,16.4,93,N,SW,2.68,11.4,Calm,False,False,Android,7.0.2,M300 RTK,1ZN7L4R0H1D00F,1W9DL31001461C,1ZMLH8300204F0,1Z6PH74DAP0QN7,"Corona, CA",728.3,5.7,137.7,8.547347,2.013246,0,0,DJI Matrice 300 RTK,M300 RTK,1ZN7L4R0H1D00F,1W9DL31001461C,1ZMLH8300204F0,1Z6PH74DAP0QN7,DJI Pilot,Android,7.0.2,1EF72A62-B7C3-C88D-164E-CE6F8C8424AE,1ZN7L4R0H1D00F,1W9DL31001461C,,1ZMLH8300204F0,1W9DL31001461C,,,,,
2023-11-01,11:34:07.46 AM,9m 45.1s,585.1,33.795186823215,-117.4752349497703,4.5,137.7,17.7,1268,5079.2,7.38529,7.569323,-6.039738,2.23694,4.250186,4.47388,0.671082,0.894776,-1.2,-1.2,1.6,143.9,143.9,145.4,Tripod,Other,,20,5,True,,True,False,,Smart,RC,False,True,False,,,True,,False,False,False,False,False,False,False,False,False,False,0,Follow Yaw,-77.9,0,136,136,False,False,False,False,False,,0,0,False,False,No Card,100,100,1024,1407,704,1024,2,False,False,False,False,False,0,False,False,False,False,69,,46.428,,6930,,10044,,46.428,,True,3.865,3.865,3.865,3.865,3.865,3.865,3.865,3.865,3.865,3.865,3.865,3.865,0,,False,False,True,,,,,,,,,,,,,,,False,False,19.288,,103.8,,75.7,,103.8,,1301,119,,22,7,144805.6,19307.41,,Idle,,20,,10,,,20,Go Home,False,False,False,False,False,False,False,False,False,False,False,False,33.8027920380556,-117.4659261431046,3957.4,3957.4,1049.4,396.9,True,1,1,False,False,False,False,,True,False,False,Course Lock,196.8,67,16.4,93,N,SW,2.68,11.4,Calm,False,False,Android,7.0.2,M300 RTK,1ZN7L4R0H1D00F,1W9DL31001461C,1ZMLH8300204F0,1Z6PH74DAP0QN7,"Corona, CA",728.3,5.7,137.7,8.547347,2.013246,0,0,DJI Matrice 300 RTK,M300 RTK,1ZN7L4R0H1D00F,1W9DL31001461C,1ZMLH8300204F0,1Z6PH74DAP0QN7,DJI Pilot,Android,7.0.2,1EF72A62-B7C3-C88D-164E-CE6F8C8424AE,1ZN7L4R0H1D00F,1W9DL31001461C,,1ZMLH8300204F0,1W9DL31001461C,,,,,
2023-11-01,11:34:07.56 AM,9m 45.2s,585.2,33.7951842976458,-117.4752327982276,4.5,137.7,17.7,1268,5080.4,7.38529,7.569323,-6.039738,2.23694,4.250186,4.47388,0.671082,0.894776,-1.5,-0.9,1.7,143.9,143.9,144.7,Tripod,Other,,20,5,True,,True,False,,Smart,RC,False,True,False,,,True,,False,False,False,False,False,False,False,False,False,False,0,Follow Yaw,-77.9,0,136,136,False,False,False,False,False,,0,0,False,False,No Card,100,100,1024,1406,700,1024,2,False,False,False,False,False,0,False,False,False,False,69,,46.428,,6930,,10044,,46.428,,True,3.865,3.865,3.865,3.865,3.865,3.865,3.865,3.865,3.865,3.865,3.865,3.865,0,,False,False,True,,,,,,,,,,,,,,,False,False,19.288,,103.8,,75.7,,103.8,,1301,119,,22,7,144805.6,19307.41,,Idle,,20,,10,,,20,Go Home,False,False,False,False,False,False,False,False,False,False,False,False,33.8027920380556,-117.4659261431046,3957.6,3957.6,1049.4,396.9,True,1,1,False,False,False,False,,True,False,False,Course Lock,196.8,67,16.4,93,N,SW,2.68,11.4,Calm,False,False,Android,7.0.2,M300 RTK,1ZN7L4R0H1D00F,1W9DL31001461C,1ZMLH8300204F0,1Z6PH74DAP0QN7,"Corona, CA",728.3,5.7,137.7,8.547347,2.013246,0,0,DJI Matrice 300 RTK,M300 RTK,1ZN7L4R0H1D00F,1W9DL31001461C,1ZMLH8300204F0,1Z6PH74DAP0QN7,DJI Pilot,Android,7.0.2,1EF72A62-B7C3-C88D-164E-CE6F8C8424AE,1ZN7L4R0H1D00F,1W9DL31001461C,,1ZMLH8300204F0,1W9DL31001461C,,,,,
2023-11-01,11:34:07.66 AM,9m 45.3s,585.3,33.7951818931645,-117.4752305642187,4.2,137.7,17.7,1268,5081.5,7.38529,7.569323,-6.039738,2.23694,4.250186,4.47388,0.671082,0.894776,-1.9,-0.6,1.9,143.7,143.7,142.3,Tripod,Other,,20,5,True,,True,False,,Smart,RC,False,True,False,,,True,,False,False,False,False,False,False,False,False,False,False,0,Follow Yaw,-77.9,0,136,136,False,False,False,False,False,,0,0,False,False,No Card,100,100,1024,1408,699,1024,2,False,False,False,False,False,0,False,False,False,False,69,,46.428,,6930,,10044,,46.428,,True,3.867,3.867,3.867,3.867,3.867,3.867,3.867,3.867,3.867,3.867,3.867,3.867,0,,False,False,True,,,,,,,,,,,,,,,False,False,19.288,,103.8,,75.7,,103.8,,1300,120,,22,7,144717.5,19295.67,,Idle,,20,,10,,,20,Go Home,False,False,False,False,False,False,False,False,False,False,False,False,33.8027920380556,-117.4659261431046,3957.7,3957.7,1049.4,396.9,True,1,1,False,False,False,False,,True,False,False,Course Lock,196.8,67,16.4,93,N,SW,2.68,11.4,Calm,False,False,Android,7.0.2,M300 RTK,1ZN7L4R0H1D00F,1W9DL31001461C,1ZMLH8300204F0,1Z6PH74DAP0QN7,"Corona, CA",728.3,5.7,137.7,8.547347,2.013246,0,0,DJI Matrice 300 RTK,M300 RTK,1ZN7L4R0H1D00F,1W9DL31001461C,1ZMLH8300204F0,1Z6PH74DAP0QN7,DJI Pilot,Android,7.0.2,1EF72A62-B7C3-C88D-164E-CE6F8C8424AE,1ZN7L4R0H1D00F,1W9DL31001461C,,1ZMLH8300204F0,1W9DL31001461C,,,,,
2023-11-01,11:34:07.77 AM,9m 45.4s,585.4,33.7951794091429,-117.4752283997288,4.2,137.7,17.7,1268,5082.6,7.38529,7.569323,-6.039738,2.23694,4.250186,4.47388,0.671082,0.894776,-2.4,-0.5,2.4,143.7,143.7,144.0,Tripod,Other,,20,5,True,,True,False,,Smart,RC,False,True,False,,,True,,False,False,False,False,False,False,False,False,False,False,0,Follow Yaw,-77.9,0,136,136,False,False,False,False,False,,0,0,False,False,No Card,100,100,1024,1408,699,1024,2,False,False,False,False,False,0,False,False,False,False,69,,46.428,,6930,,10044,,46.428,,True,3.867,3.867,3.867,3.867,3.867,3.867,3.867,3.867,3.867,3.867,3.867,3.867,0,,False,False,True,,,,,,,,,,,,,,,False,False,19.288,,103.8,,75.7,,103.8,,1300,120,,22,7,144717.5,19295.67,,Idle,,20,,10,,,20,Go Home,False,False,False,False,False,False,False,False,False,False,False,False,33.8027920380556,-117.4659261431046,3957.9,3957.9,1049.4,396.9,True,1,1,False,False,False,False,,True,False,False,Course Lock,196.8,67,16.4,93,N,SW,2.68,11.4,Calm,False,False,Android,7.0.2,M300 RTK,1ZN7L4R0H1D00F,1W9DL31001461C,1ZMLH8300204F0,1Z6PH74DAP0QN7,"Corona, CA",728.3,5.7,137.7,8.547347,2.013246,0,0,DJI Matrice 300 RTK,M300 RTK,1ZN7L4R0H1D00F,1W9DL31001461C,1ZMLH8300204F0,1Z6PH74DAP0QN7,DJI Pilot,Android,7.0.2,1EF72A62-B7C3-C88D-164E-CE6F8C8424AE,1ZN7L4R0H1D00F,1W9DL31001461C,,1ZMLH8300204F0,1W9DL31001461C,,,,,
2023-11-01,11:34:07.87 AM,9m 45.5s,585.5,33.7951770830112,-117.4752262638959,4.2,137.7,17.7,1268,5083.7,7.203502,7.569323,-5.816044,2.23694,4.250186,4.47388,0.671082,0.894776,-2.9,-0.2,2.9,143.8,143.8,142.6,Tripod,Other,,20,5,True,,True,False,,Smart,RC,False,True,False,,,True,,False,False,False,False,False,False,False,False,False,False,0,Follow Yaw,-77.9,0,136,136,False,False,False,False,False,,0,0,False,False,No Card,100,100,1024,1408,697,1024,2,False,False,False,False,False,0,False,False,False,False,69,,46.428,,6930,,10044,,46.428,,True,3.867,3.867,3.867,3.867,3.867,3.867,3.867,3.867,3.867,3.867,3.867,3.867,0,,False,False,True,,,,,,,,,,,,,,,False,False,19.288,,103.8,,75.7,,103.8,,1300,120,,22,7,144717.5,19295.67,,Idle,,20,,10,,,20,Go Home,False,False,False,False,False,False,False,False,False,False,False,False,33.8027920380556,-117.4659261431046,3958.0,3958.0,1049.4,396.9,True,1,1,False,False,False,False,,True,False,False,Course Lock,196.8,67,16.4,93,N,SW,2.68,11.4,Calm,False,False,Android,7.0.2,M300 RTK,1ZN7L4R0H1D00F,1W9DL31001461C,1ZMLH8300204F0,1Z6PH74DAP0QN7,"Corona, CA",728.3,5.7,137.7,8.547347,2.013246,0,0,DJI Matrice 300 RTK,M300 RTK,1ZN7L4R0H1D00F,1W9DL31001461C,1ZMLH8300204F0,1Z6PH74DAP0QN7,DJI Pilot,Android,7.0.2,1EF72A62-B7C3-C88D-164E-CE6F8C8424AE,1ZN7L4R0H1D00F,1W9DL31001461C,,1ZMLH8300204F0,1W9DL31001461C,,,,,
2023-11-01,11:34:07.97 AM,9m 45.6s,585.6,33.7951746357743,-117.4752240717386,3.9,137.7,17.7,1268,5084.8,7.337708,7.569323,-5.816044,2.23694,4.47388,4.47388,0.671082,0.894776,-3.3,0,3.3,143.9,143.9,143.3,Tripod,Other,,20,5,True,,True,False,,Smart,RC,False,True,False,,,True,,False,False,False,False,False,False,False,False,False,False,0,Follow Yaw,-77.9,0,136,136,False,False,False,False,False,,0,0,False,False,No Card,100,100,1024,1409,698,1024,2,False,False,False,False,False,0,False,False,False,False,69,,46.428,,6930,,10044,,46.428,,True,3.867,3.867,3.867,3.867,3.867,3.867,3.867,3.867,3.867,3.867,3.867,3.867,0,,False,False,True,,,,,,,,,,,,,,,False,False,19.288,,103.8,,75.7,,103.8,,1300,120,,22,7,144717.5,19295.67,,Idle,,20,,10,,,20,Go Home,False,False,False,False,False,False,False,False,False,False,False,False,33.8027920380556,-117.4659261431046,3958.2,3958.2,1049.4,396.9,True,1,1,False,False,False,False,,True,False,False,Course Lock,196.8,67,16.4,93,N,SW,2.68,11.4,Calm,False,False,Android,7.0.2,M300 RTK,1ZN7L4R0H1D00F,1W9DL31001461C,1ZMLH8300204F0,1Z6PH74DAP0QN7,"Corona, CA",728.3,5.7,137.7,8.547347,2.013246,0,0,DJI Matrice 300 RTK,M300 RTK,1ZN7L4R0H1D00F,1W9DL31001461C,1ZMLH8300204F0,1Z6PH74DAP0QN7,DJI Pilot,Android,7.0.2,1EF72A62-B7C3-C88D-164E-CE6F8C8424AE,1ZN7L4R0H1D00F,1W9DL31001461C,,1ZMLH8300204F0,1W9DL31001461C,,,,,
2023-11-01,11:34:08.07 AM,9m 45.7s,585.7,33.7951720536659,-117.4752218707574,3.9,137.7,17.7,1268,5085.9,7.337708,7.569323,-5.816044,2.23694,4.47388,4.47388,0.671082,0.894776,-3.4,0.3,3.4,144.1,144.1,144.6,Tripod,Other,,20,5,True,,True,False,,Smart,RC,False,True,False,,,True,,False,False,False,False,False,False,False,False,False,False,0,Follow Yaw,-77.9,0,136,136,False,False,False,False,False,,0,0,False,False,No Card,100,100,1024,1409,698,1024,2,False,False,False,False,False,0,False,False,False,False,69,,46.428,,6930,,10044,,46.428,,True,3.867,3.867,3.867,3.867,3.867,3.867,3.867,3.867,3.867,3.867,3.867,3.867,0,,False,False,True,,,,,,,,,,,,,,,False,False,19.288,,103.8,,75.7,,103.8,,1300,120,,22,7,144717.5,19295.67,,Idle,,20,,10,,,20,Go Home,False,False,False,False,False,False,False,False,False,False,False,False,33.8027920380556,-117.4659261431046,3958.4,3958.4,1049.4,396.9,True,1,1,False,False,False,False,,True,False,False,Course Lock,196.8,67,16.4,93,N,SW,2.68,11.4,Calm,False,False,Android,7.0.2,M300 RTK,1ZN7L4R0H1D00F,1W9DL31001461C,1ZMLH8300204F0,1Z6PH74DAP0QN7,"Corona, CA",728.3,5.7,137.7,8.547347,2.013246,0,0,DJI Matrice 300 RTK,M300 RTK,1ZN7L4R0H1D00F,1W9DL31001461C,1ZMLH8300204F0,1Z6PH74DAP0QN7,DJI Pilot,Android,7.0.2,1EF72A62-B7C3-C88D-164E-CE6F8C8424AE,1ZN7L4R0H1D00F,1W9DL31001461C,,1ZMLH8300204F0,1W9DL31001461C,,,,,
2023-11-01,11:34:08.18 AM,9m 45.8s,585.8,33.7951695878397,-117.4752196564166,3.9,137.7,17.7,1268,5087.1,7.337708,7.569323,-5.816044,2.23694,4.47388,4.47388,0.671082,0.894776,-3.5,0.4,3.5,144.2,144.2,143.2,Tripod,Other,,20,5,True,,True,False,,Smart,RC,False,True,False,,,True,,False,False,False,False,False,False,False,False,False,False,0,Follow Yaw,-77.9,0,136,136,False,False,False,False,False,,0,0,False,False,No Card,100,100,1024,1410,781,1024,2,False,False,False,False,False,0,False,False,False,False,69,,46.428,,6930,,10044,,46.428,,True,3.867,3.867,3.867,3.867,3.867,3.867,3.867,3.867,3.867,3.867,3.867,3.867,0,,False,False,True,,,,,,,,,,,,,,,False,False,19.288,,103.8,,75.7,,103.8,,1300,120,,22,7,144717.5,19295.67,,Idle,,20,,10,,,20,Go Home,False,False,False,False,False,False,False,False,False,False,False,False,33.8027920380556,-117.4659261431046,3958.5,3958.5,1049.4,396.9,True,1,1,False,False,False,False,,True,False,False,Course Lock,196.8,67,16.4,93,N,SW,2.68,11.4,Calm,False,False,Android,7.0.2,M300 RTK,1ZN7L4R0H1D00F,1W9DL31001461C,1ZMLH8300204F0,1Z6PH74DAP0QN7,"Corona, CA",728.3,5.7,137.7,8.547347,2.013246,0,0,DJI Matrice 300 RTK,M300 RTK,1ZN7L4R0H1D00F,1W9DL31001461C,1ZMLH8300204F0,1Z6PH74DAP0QN7,DJI Pilot,Android,7.0.2,1EF72A62-B7C3-C88D-164E-CE6F8C8424AE,1ZN7L4R0H1D00F,1W9DL31001461C,,1ZMLH8300204F0,1W9DL31001461C,,,,,
2023-11-01,11:34:08.24 AM,9m 45.9s,585.9,33.7951670429614,-117.4752173339628,3.6,137.7,18.0,1267,5088.2,7.516251,7.569323,-6.039738,2.23694,4.47388,4.47388,0.671082,0.894776,-3.6,0.3,3.6,144.3,144.3,142.8,Tripod,Other,,20,5,True,,True,False,,Smart,RC,False,True,False,,,True,,False,False,False,False,False,False,False,False,False,False,0,Follow Yaw,-77.9,0,136,136,False,False,False,False,False,,0,0,False,False,No Card,100,100,1024,1411,771,1024,2,False,False,False,False,False,0,False,False,False,False,69,,46.428,,6930,,10044,,46.428,,True,3.867,3.867,3.867,3.867,3.867,3.867,3.867,3.867,3.867,3.867,3.867,3.867,0,,False,False,True,,,,,,,,,,,,,,,False,False,19.288,,103.8,,75.7,,103.8,,1300,120,,22,7,144717.5,19295.67,,Idle,,20,,10,,,20,Go Home,False,False,False,False,False,False,False,False,False,False,False,False,33.8027920380556,-117.4659261431046,3958.7,3958.7,1049.4,396.9,True,1,1,False,False,False,False,,True,False,False,Course Lock,196.8,67,16.4,93,N,SW,2.68,11.4,Calm,False,False,Android,7.0.2,M300 RTK,1ZN7L4R0H1D00F,1W9DL31001461C,1ZMLH8300204F0,1Z6PH74DAP0QN7,"Corona, CA",728.3,5.7,137.7,8.547347,2.013246,0,0,DJI Matrice 300 RTK,M300 RTK,1ZN7L4R0H1D00F,1W9DL31001461C,1ZMLH8300204F0,1Z6PH74DAP0QN7,DJI Pilot,Android,7.0.2,1EF72A62-B7C3-C88D-164E-CE6F8C8424AE,1ZN7L4R0H1D00F,1W9DL31001461C,,1ZMLH8300204F0,1W9DL31001461C,,,,,
2023-11-01,11:34:08.34 AM,9m 46.0s,586.0,33.7951645527548,-117.4752151023866,3.6,137.7,17.7,1267,5089.4,7.516251,7.569323,-6.039738,2.23694,4.47388,4.47388,0.671082,0.894776,-3.4,0.2,3.4,144.2,144.2,143.3,Tripod,Other,,20,5,True,,True,False,,Smart,RC,False,True,False,,,True,,False,False,False,False,False,False,False,False,False,False,0,Follow Yaw,-77.9,0,136,136,False,False,False,False,False,,0,0,False,False,No Card,100,100,1024,1410,735,1024,2,False,False,False,False,False,0,False,False,False,False,69,,46.308,,3440,,4986,,46.308,,True,3.867,3.867,3.867,3.867,3.867,3.867,3.867,3.867,3.867,3.867,3.867,3.867,0,,False,False,True,,,,,,,,,,,,,,,False,False,9.302,,103.6,,75.7,,103.8,,1300,120,,22,7,144717.5,19295.67,,Idle,,20,,10,,,20,Go Home,False,False,False,False,False,False,False,False,False,False,False,False,33.8027920380556,-117.4659261431046,3958.8,3958.8,1049.4,396.9,True,1,1,False,False,False,False,,True,False,False,Course Lock,196.8,67,16.4,93,N,SW,2.68,11.4,Calm,False,False,Android,7.0.2,M300 RTK,1ZN7L4R0H1D00F,1W9DL31001461C,1ZMLH8300204F0,1Z6PH74DAP0QN7,"Corona, CA",728.3,5.7,137.7,8.547347,2.013246,0,0,DJI Matrice 300 RTK,M300 RTK,1ZN7L4R0H1D00F,1W9DL31001461C,1ZMLH8300204F0,1Z6PH74DAP0QN7,DJI Pilot,Android,7.0.2,1EF72A62-B7C3-C88D-164E-CE6F8C8424AE,1ZN7L4R0H1D00F,1W9DL31001461C,,1ZMLH8300204F0,1W9DL31001461C,,,,,
2023-11-01,11:34:08.44 AM,9m 46.1s,586.1,33.7951622195728,-117.4752128851597,3.2,137.7,17.7,1267,5090.4,7.516251,7.569323,-6.039738,2.23694,4.47388,4.47388,0.671082,0.894776,-3,0.1,3,144.1,144.1,141.7,Tripod,Other,,20,5,True,,True,False,,Smart,RC,False,True,False,,,True,,False,False,False,False,False,False,False,False,False,False,0,Follow Yaw,-77.9,0,136,136,False,False,False,False,False,,0,0,False,False,No Card,100,100,1024,1410,730,1024,2,False,False,False,False,False,0,False,False,False,False,69,,46.308,,3440,,4986,,46.308,,True,3.867,3.867,3.867,3.867,3.867,3.867,3.867,3.867,3.867,3.867,3.867,3.867,0,,False,False,True,,,,,,,,,,,,,,,False,False,9.302,,103.6,,75.7,,103.8,,1300,120,,22,7,144717.5,19295.67,,Idle,,20,,10,,,20,Go Home,False,False,False,False,False,False,False,False,False,False,False,False,33.8027920380556,-117.4659261431046,3959.0,3959.0,1049.4,396.9,True,1,1,False,False,False,False,,True,False,False,Course Lock,196.8,67,16.4,93,N,SW,2.68,11.4,Calm,False,False,Android,7.0.2,M300 RTK,1ZN7L4R0H1D00F,1W9DL31001461C,1ZMLH8300204F0,1Z6PH74DAP0QN7,"Corona, CA",728.3,5.7,137.7,8.547347,2.013246,0,0,DJI Matrice 300 RTK,M300 RTK,1ZN7L4R0H1D00F,1W9DL31001461C,1ZMLH8300204F0,1Z6PH74DAP0QN7,DJI Pilot,Android,7.0.2,1EF72A62-B7C3-C88D-164E-CE6F8C8424AE,1ZN7L4R0H1D00F,1W9DL31001461C,,1ZMLH8300204F0,1W9DL31001461C,,,,,
2023-11-01,11:34:08.54 AM,9m 46.2s,586.2,33.7951597366135,-117.4752106307404,3.2,137.7,17.7,1267,5091.6,7.516251,7.569323,-6.039738,2.23694,4.47388,4.47388,0.671082,0.894776,-2.7,0.1,2.7,144,144,142.9,Tripod,Other,,20,5,True,,True,False,,Smart,RC,False,True,False,,,True,,False,False,False,False,False,False,False,False,False,False,0,Follow Yaw,-77.9,0,136,136,False,False,False,False,False,,0,0,False,False,No Card,100,100,1024,1410,735,1024,2,False,False,False,False,False,0,False,False,False,False,69,,46.308,,3440,,4986,,46.308,,True,3.867,3.867,3.867,3.867,3.867,3.867,3.867,3.867,3.867,3.867,3.867,3.867,0,,False,False,True,,,,,,,,,,,,,,,False,False,9.302,,103.6,,75.7,,103.8,,1300,120,,22,7,144717.5,19295.67,,Idle,,20,,10,,,20,Go Home,False,False,False,False,False,False,False,False,False,False,False,False,33.8027920380556,-117.4659261431046,3959.1,3959.1,1049.4,396.9,True,1,1,False,False,False,False,,True,False,False,Course Lock,196.8,67,16.4,93,N,SW,2.68,11.4,Calm,False,False,Android,7.0.2,M300 RTK,1ZN7L4R0H1D00F,1W9DL31001461C,1ZMLH8300204F0,1Z6PH74DAP0QN7,"Corona, CA",728.3,5.7,137.7,8.547347,2.013246,0,0,DJI Matrice 300 RTK,M300 RTK,1ZN7L4R0H1D00F,1W9DL31001461C,1ZMLH8300204F0,1Z6PH74DAP0QN7,DJI Pilot,Android,7.0.2,1EF72A62-B7C3-C88D-164E-CE6F8C8424AE,1ZN7L4R0H1D00F,1W9DL31001461C,,1ZMLH8300204F0,1W9DL31001461C,,,,,
2023-11-01,11:34:08.64 AM,9m 46.3s,586.3,33.7951572686456,-117.4752082894018,3.2,137.7,17.7,1267,5092.7,7.516251,7.569323,-6.039738,2.23694,4.47388,4.47388,0.447388,0.894776,-2.4,0.5,2.4,144.1,144.1,141.7,Tripod,Other,,20,5,True,,True,False,,Smart,RC,False,True,False,,,True,,False,False,False,False,False,False,False,False,False,False,0,Follow Yaw,-77.9,0,136,136,False,False,False,False,False,,0,0,False,False,No Card,100,100,1024,1408,736,1024,2,False,False,False,False,False,0,False,False,False,False,69,,46.308,,3440,,4986,,46.308,,True,3.866,3.866,3.866,3.866,3.866,3.866,3.866,3.866,3.866,3.866,3.866,3.866,0,,False,False,True,,,,,,,,,,,,,,,False,False,9.302,,103.6,,75.7,,103.8,,1299,120,,22,7,144472.0,19262.93,,Idle,,20,,10,,,20,Go Home,False,False,False,False,False,False,False,False,False,False,False,False,33.8027920380556,-117.4659261431046,3959.2,3959.2,1049.4,396.9,True,1,1,False,False,False,False,,True,False,False,Course Lock,196.8,67,16.4,93,N,SW,2.68,11.4,Calm,False,False,Android,7.0.2,M300 RTK,1ZN7L4R0H1D00F,1W9DL31001461C,1ZMLH8300204F0,1Z6PH74DAP0QN7,"Corona, CA",728.3,5.7,137.7,8.547347,2.013246,0,0,DJI Matrice 300 RTK,M300 RTK,1ZN7L4R0H1D00F,1W9DL31001461C,1ZMLH8300204F0,1Z6PH74DAP0QN7,DJI Pilot,Android,7.0.2,1EF72A62-B7C3-C88D-164E-CE6F8C8424AE,1ZN7L4R0H1D00F,1W9DL31001461C,,1ZMLH8300204F0,1W9DL31001461C,,,,,
2023-11-01,11:34:08.74 AM,9m 46.4s,586.4,33.7951547941329,-117.4752060337249,3.2,137.7,17.7,1267,5093.9,7.516251,7.569323,-6.039738,2.23694,4.47388,4.47388,0.447388,0.894776,-2.4,0.7,2.5,144.1,144.1,142.8,Tripod,Other,,20,5,True,,True,False,,Smart,RC,False,True,False,,,True,,False,False,False,False,False,False,False,False,False,False,0,Follow Yaw,-77.9,0,136,136,False,False,False,False,False,,0,0,False,False,No Card,100,100,1024,1408,748,1024,2,False,False,False,False,False,0,False,False,False,False,69,,46.308,,3440,,4986,,46.308,,True,3.866,3.866,3.866,3.866,3.866,3.866,3.866,3.866,3.866,3.866,3.866,3.866,0,,False,False,True,,,,,,,,,,,,,,,False,False,9.302,,103.6,,75.7,,103.8,,1299,120,,22,7,144472.0,19262.93,,Idle,,20,,10,,,20,Go Home,False,False,False,False,False,False,False,False,False,False,False,False,33.8027920380556,-117.4659261431046,3959.4,3959.4,1049.4,396.9,True,1,1,False,False,False,False,,True,False,False,Course Lock,196.8,67,16.4,93,N,SW,2.46,11.4,Calm,False,False,Android,7.0.2,M300 RTK,1ZN7L4R0H1D00F,1W9DL31001461C,1ZMLH8300204F0,1Z6PH74DAP0QN7,"Corona, CA",728.3,5.7,137.7,8.547347,2.013246,0,0,DJI Matrice 300 RTK,M300 RTK,1ZN7L4R0H1D00F,1W9DL31001461C,1ZMLH8300204F0,1Z6PH74DAP0QN7,DJI Pilot,Android,7.0.2,1EF72A62-B7C3-C88D-164E-CE6F8C8424AE,1ZN7L4R0H1D00F,1W9DL31001461C,,1ZMLH8300204F0,1W9DL31001461C,,,,,
2023-11-01,11:34:08.84 AM,9m 46.5s,586.5,33.7951522759137,-117.4752039129421,2.9,137.7,17.7,1267,5095.0,7.516251,7.569323,-6.039738,2.23694,4.47388,4.47388,0.447388,0.894776,-2.5,0.8,2.6,144.1,144.1,145.0,Tripod,Other,,20,5,True,,True,False,,Smart,RC,False,True,False,,,True,,False,False,False,False,False,False,False,False,False,False,0,Follow Yaw,-77.9,0,136,136,False,False,False,False,False,,0,0,False,False,No Card,100,100,1024,1409,747,1024,2,False,False,False,False,False,0,False,False,False,False,69,,46.308,,3440,,4986,,46.308,,True,3.866,3.866,3.866,3.866,3.866,3.866,3.866,3.866,3.866,3.866,3.866,3.866,0,,False,False,True,,,,,,,,,,,,,,,False,False,9.302,,103.6,,75.7,,103.8,,1299,120,,22,7,144472.0,19262.93,,Idle,,20,,10,,,20,Go Home,False,False,False,False,False,False,False,False,False,False,False,False,33.8027920380556,-117.4659261431046,3959.6,3959.6,1049.4,396.9,True,1,1,False,False,False,False,,True,False,False,Course Lock,196.8,67,16.4,93,N,SW,2.46,11.4,Calm,False,False,Android,7.0.2,M300 RTK,1ZN7L4R0H1D00F,1W9DL31001461C,1ZMLH8300204F0,1Z6PH74DAP0QN7,"Corona, CA",728.3,5.7,137.7,8.547347,2.013246,0,0,DJI Matrice 300 RTK,M300 RTK,1ZN7L4R0H1D00F,1W9DL31001461C,1ZMLH8300204F0,1Z6PH74DAP0QN7,DJI Pilot,Android,7.0.2,1EF72A62-B7C3-C88D-164E-CE6F8C8424AE,1ZN7L4R0H1D00F,1W9DL31001461C,,1ZMLH8300204F0,1W9DL31001461C,,,,,
2023-11-01,11:34:08.94 AM,9m 46.6s,586.6,33.7951497986426,-117.4752016879014,2.9,137.7,17.7,1267,5096.1,7.516251,7.569323,-6.039738,2.23694,4.47388,4.47388,0.447388,0.894776,-2.5,0.8,2.6,144.2,144.2,143.2,Tripod,Other,,20,5,True,,True,False,,Smart,RC,False,True,False,,,True,,False,False,False,False,False,False,False,False,False,False,0,Follow Yaw,-77.9,0,136,136,False,False,False,False,False,,0,0,False,False,No Card,100,100,1024,1410,746,1024,2,False,False,False,False,False,0,False,False,False,False,69,,46.308,,3440,,4986,,46.308,,True,3.866,3.866,3.866,3.866,3.866,3.866,3.866,3.866,3.866,3.866,3.866,3.866,0,,False,False,True,,,,,,,,,,,,,,,False,False,9.302,,103.6,,75.7,,103.8,,1299,120,,22,7,144472.0,19262.93,,Idle,,20,,10,,,20,Go Home,False,False,False,False,False,False,False,False,False,False,False,False,33.8027920380556,-117.4659261431046,3959.7,3959.7,1049.4,396.9,True,1,1,False,False,False,False,,True,False,False,Course Lock,196.8,67,16.4,93,N,SW,2.46,11.4,Calm,False,False,Android,7.0.2,M300 RTK,1ZN7L4R0H1D00F,1W9DL31001461C,1ZMLH8300204F0,1Z6PH74DAP0QN7,"Corona, CA",728.3,5.7,137.7,8.547347,2.013246,0,0,DJI Matrice 300 RTK,M300 RTK,1ZN7L4R0H1D00F,1W9DL31001461C,1ZMLH8300204F0,1Z6PH74DAP0QN7,DJI Pilot,Android,7.0.2,1EF72A62-B7C3-C88D-164E-CE6F8C8424AE,1ZN7L4R0H1D00F,1W9DL31001461C,,1ZMLH8300204F0,1W9DL31001461C,,,,,
2023-11-01,11:34:09.04 AM,9m 46.7s,586.7,33.7951472754034,-117.4751993191221,2.9,137.7,17.7,1267,5097.3,7.516251,7.569323,-6.039738,2.23694,4.47388,4.47388,0.447388,0.894776,-2.6,0.5,2.6,144.2,144.2,142.0,Tripod,Other,,20,5,True,,True,False,,Smart,RC,False,True,False,,,True,,False,False,False,False,False,False,False,False,False,False,0,Follow Yaw,-77.9,0,136,136,False,False,False,False,False,,0,0,False,False,No Card,100,100,1024,1410,746,1024,2,False,False,False,False,False,0,False,False,False,False,69,,46.308,,3440,,4986,,46.308,,True,3.866,3.866,3.866,3.866,3.866,3.866,3.866,3.866,3.866,3.866,3.866,3.866,0,,False,False,True,,,,,,,,,,,,,,,False,False,9.302,,103.6,,75.7,,103.8,,1299,120,,22,7,144472.0,19262.93,,Idle,,20,,10,,,20,Go Home,False,False,False,False,False,False,False,False,False,False,False,False,33.8027920380556,-117.4659261431046,3959.9,3959.9,1049.4,396.9,True,1,1,False,False,False,False,,True,False,False,Course Lock,196.8,67,16.4,93,N,SW,2.46,11.4,Calm,False,False,Android,7.0.2,M300 RTK,1ZN7L4R0H1D00F,1W9DL31001461C,1ZMLH8300204F0,1Z6PH74DAP0QN7,"Corona, CA",728.3,5.7,137.7,8.547347,2.013246,0,0,DJI Matrice 300 RTK,M300 RTK,1ZN7L4R0H1D00F,1W9DL31001461C,1ZMLH8300204F0,1Z6PH74DAP0QN7,DJI Pilot,Android,7.0.2,1EF72A62-B7C3-C88D-164E-CE6F8C8424AE,1ZN7L4R0H1D00F,1W9DL31001461C,,1ZMLH8300204F0,1W9DL31001461C,,,,,
2023-11-01,11:34:09.14 AM,9m 46.8s,586.8,33.795144790885,-117.4751970954009,2.6,137.7,17.7,1266,5098.4,7.516251,7.569323,-6.039738,2.23694,4.47388,4.47388,0.447388,0.894776,-2.8,0.4,2.8,144.1,144.1,143.3,Tripod,Other,,20,5,True,,True,False,,Smart,RC,False,True,False,,,True,,False,False,False,False,False,False,False,False,False,False,0,Follow Yaw,-77.9,0,136,136,False,False,False,False,False,,0,0,False,False,No Card,100,100,1024,1409,757,1024,2,False,False,False,False,False,0,False,False,False,False,69,,46.308,,3440,,4986,,46.308,,True,3.866,3.866,3.866,3.866,3.866,3.866,3.866,3.866,3.866,3.866,3.866,3.866,0,,False,False,True,,,,,,,,,,,,,,,False,False,9.302,,103.6,,75.7,,103.8,,1299,120,,22,7,144472.0,19262.93,,Idle,,20,,10,,,20,Go Home,False,False,False,False,False,False,False,False,False,False,False,False,33.8027920380556,-117.4659261431046,3960.0,3960.0,1049.4,396.9,True,1,1,False,False,False,False,,True,False,False,Course Lock,196.8,67,16.4,93,N,SW,2.46,11.4,Calm,False,False,Android,7.0.2,M300 RTK,1ZN7L4R0H1D00F,1W9DL31001461C,1ZMLH8300204F0,1Z6PH74DAP0QN7,"Corona, CA",728.3,5.7,137.7,8.547347,2.013246,0,0,DJI Matrice 300 RTK,M300 RTK,1ZN7L4R0H1D00F,1W9DL31001461C,1ZMLH8300204F0,1Z6PH74DAP0QN7,DJI Pilot,Android,7.0.2,1EF72A62-B7C3-C88D-164E-CE6F8C8424AE,1ZN7L4R0H1D00F,1W9DL31001461C,,1ZMLH8300204F0,1W9DL31001461C,,,,,
2023-11-01,11:34:09.24 AM,9m 46.9s,586.9,33.7951423925973,-117.4751948868534,2.6,137.7,17.7,1266,5099.5,7.516251,7.569323,-6.039738,2.23694,4.47388,4.47388,0.447388,0.894776,-2.8,0.1,2.8,144,144,142.5,Tripod,Other,,20,5,True,,True,False,,Smart,RC,False,True,False,,,True,,False,False,False,False,False,False,False,False,False,False,0,Follow Yaw,-77.9,0,136,136,False,False,False,False,False,,0,0,False,False,No Card,100,100,1024,1410,761,1024,2,False,False,False,False,False,0,False,False,False,False,69,,46.308,,3440,,4986,,46.308,,True,3.866,3.866,3.866,3.866,3.866,3.866,3.866,3.866,3.866,3.866,3.866,3.866,0,,False,False,True,,,,,,,,,,,,,,,False,False,9.302,,103.6,,75.7,,103.8,,1299,120,,22,7,144472.0,19262.93,,Idle,,20,,10,,,20,Go Home,False,False,False,False,False,False,False,False,False,False,False,False,33.8027920380556,-117.4659261431046,3960.2,3960.2,1049.4,396.9,True,1,1,False,False,False,False,,True,False,False,Course Lock,196.8,67,16.4,93,N,SW,2.46,11.4,Calm,False,False,Android,7.0.2,M300 RTK,1ZN7L4R0H1D00F,1W9DL31001461C,1ZMLH8300204F0,1Z6PH74DAP0QN7,"Corona, CA",728.3,5.7,137.7,8.547347,2.013246,0,0,DJI Matrice 300 RTK,M300 RTK,1ZN7L4R0H1D00F,1W9DL31001461C,1ZMLH8300204F0,1Z6PH74DAP0QN7,DJI Pilot,Android,7.0.2,1EF72A62-B7C3-C88D-164E-CE6F8C8424AE,1ZN7L4R0H1D00F,1W9DL31001461C,,1ZMLH8300204F0,1W9DL31001461C,,,,,
2023-11-01,11:34:09.34 AM,9m 47.0s,587.0,33.7951399071537,-117.475192665132,2.6,137.7,17.7,1266,5100.6,7.516251,7.569323,-6.039738,2.23694,4.47388,4.47388,0.447388,0.894776,-2.6,0,2.6,144,144,143.3,Tripod,Other,,20,5,True,,True,False,,Smart,RC,False,True,False,,,True,,False,False,False,False,False,False,False,False,False,False,0,Follow Yaw,-77.9,0,136,136,False,False,False,False,False,,0,0,False,False,No Card,100,100,1024,1409,775,1024,2,False,False,False,False,False,0,False,False,False,False,69,,46.392,,6930,,10044,,46.392,,True,3.866,3.866,3.866,3.866,3.866,3.866,3.866,3.866,3.866,3.866,3.866,3.866,0,,False,False,True,,,,,,,,,,,,,,,False,False,18.576,,103.8,,75.7,,103.8,,1299,120,,22,7,144472.0,19262.93,,Idle,,20,,10,,,20,Go Home,False,False,False,False,False,False,False,False,False,False,False,False,33.8027920380556,-117.4659261431046,3960.3,3960.3,1049.4,396.9,True,1,1,False,False,False,False,,True,False,False,Course Lock,196.8,67,16.4,93,N,SW,2.46,11.4,Calm,False,False,Android,7.0.2,M300 RTK,1ZN7L4R0H1D00F,1W9DL31001461C,1ZMLH8300204F0,1Z6PH74DAP0QN7,"Corona, CA",728.3,5.7,137.7,8.547347,2.013246,0,0,DJI Matrice 300 RTK,M300 RTK,1ZN7L4R0H1D00F,1W9DL31001461C,1ZMLH8300204F0,1Z6PH74DAP0QN7,DJI Pilot,Android,7.0.2,1EF72A62-B7C3-C88D-164E-CE6F8C8424AE,1ZN7L4R0H1D00F,1W9DL31001461C,,1ZMLH8300204F0,1W9DL31001461C,,,,,
2023-11-01,11:34:09.44 AM,9m 47.1s,587.1,33.7951372958162,-117.4751905303093,2.6,137.7,17.7,1266,5101.8,7.516251,7.569323,-6.039738,2.23694,4.47388,4.47388,0.447388,0.894776,-2.4,0.1,2.4,144,144,145.8,Tripod,Other,,20,5,True,,True,False,,Smart,RC,False,True,False,,,True,,False,False,False,False,False,False,False,False,False,False,0,Follow Yaw,-77.9,0,136,136,False,False,False,False,False,,0,0,False,False,No Card,100,100,1024,1408,787,1024,2,False,False,False,False,False,0,False,False,False,False,69,,46.392,,6930,,10044,,46.392,,True,3.866,3.866,3.866,3.866,3.866,3.866,3.866,3.866,3.866,3.866,3.866,3.866,0,,False,False,True,,,,,,,,,,,,,,,False,False,18.576,,103.8,,75.7,,103.8,,1299,120,,22,7,144472.0,19262.93,,Idle,,20,,10,,,20,Go Home,False,False,False,False,False,False,False,False,False,False,False,False,33.8027920380556,-117.4659261431046,3960.6,3960.6,1049.4,396.9,True,1,1,False,False,False,False,,True,False,False,Course Lock,196.8,67,16.4,93,N,SW,2.46,11.4,Calm,False,False,Android,7.0.2,M300 RTK,1ZN7L4R0H1D00F,1W9DL31001461C,1ZMLH8300204F0,1Z6PH74DAP0QN7,"Corona, CA",728.3,5.7,137.7,8.547347,2.013246,0,0,DJI Matrice 300 RTK,M300 RTK,1ZN7L4R0H1D00F,1W9DL31001461C,1ZMLH8300204F0,1Z6PH74DAP0QN7,DJI Pilot,Android,7.0.2,1EF72A62-B7C3-C88D-164E-CE6F8C8424AE,1ZN7L4R0H1D00F,1W9DL31001461C,,1ZMLH8300204F0,1W9DL31001461C,,,,,
2023-11-01,11:34:09.54 AM,9m 47.2s,587.2,33.7951347969917,-117.4751883163191,2.2,137.7,17.7,1266,5102.9,7.516251,7.569323,-6.039738,2.23694,4.47388,4.47388,0.447388,0.894776,-2.2,0.1,2.2,143.9,143.9,143.6,Tripod,Other,,20,5,True,,True,False,,Smart,RC,False,True,False,,,True,,False,False,False,False,False,False,False,False,False,False,0,Follow Yaw,-77.9,0,136,136,False,False,False,False,False,,0,0,False,False,No Card,100,100,1024,1408,785,1024,2,False,False,False,False,False,0,False,False,False,False,69,,46.392,,6930,,10044,,46.392,,True,3.866,3.866,3.866,3.866,3.866,3.866,3.866,3.866,3.866,3.866,3.866,3.866,0,,False,False,True,,,,,,,,,,,,,,,False,False,18.576,,103.8,,75.7,,103.8,,1299,120,,22,7,144472.0,19262.93,,Idle,,20,,10,,,20,Go Home,False,False,False,False,False,False,False,False,False,False,False,False,33.8027920380556,-117.4659261431046,3960.7,3960.7,1049.4,396.9,True,1,1,False,False,False,False,,True,False,False,Course Lock,196.8,67,16.4,93,N,SW,2.46,11.4,Calm,False,False,Android,7.0.2,M300 RTK,1ZN7L4R0H1D00F,1W9DL31001461C,1ZMLH8300204F0,1Z6PH74DAP0QN7,"Corona, CA",728.3,5.7,137.7,8.547347,2.013246,0,0,DJI Matrice 300 RTK,M300 RTK,1ZN7L4R0H1D00F,1W9DL31001461C,1ZMLH8300204F0,1Z6PH74DAP0QN7,DJI Pilot,Android,7.0.2,1EF72A62-B7C3-C88D-164E-CE6F8C8424AE,1ZN7L4R0H1D00F,1W9DL31001461C,,1ZMLH8300204F0,1W9DL31001461C,,,,,
2023-11-01,11:34:09.62 AM,9m 47.3s,587.3,33.7951326726105,-117.4751865050731,2.2,137.7,17.7,1266,5103.9,7.516251,7.569323,-6.039738,2.23694,4.47388,4.47388,0.447388,0.894776,-2,0.1,2,143.8,143.8,144.6,Tripod,Other,,20,5,True,,True,False,,Smart,RC,False,True,False,,,True,,False,False,False,False,False,False,False,False,False,False,0,Follow Yaw,-77.9,0,136,136,False,False,False,False,False,,0,0,False,False,No Card,100,100,1024,1408,782,1024,2,False,False,False,False,False,0,False,False,False,False,69,,46.392,,6930,,10044,,46.392,,True,3.866,3.866,3.866,3.866,3.866,3.866,3.866,3.866,3.866,3.866,3.866,3.866,0,,False,False,True,,,,,,,,,,,,,,,False,False,18.576,,103.8,,75.7,,103.8,,1299,120,,22,7,144007.9,19201.05,,Idle,,20,,10,,,20,Go Home,False,False,False,False,False,False,False,False,False,False,False,False,33.8027920380556,-117.4659261431046,3960.9,3960.9,1049.4,396.9,True,1,1,False,False,False,False,,True,False,False,Course Lock,196.8,67,16.4,93,N,SW,2.46,11.4,Calm,False,False,Android,7.0.2,M300 RTK,1ZN7L4R0H1D00F,1W9DL31001461C,1ZMLH8300204F0,1Z6PH74DAP0QN7,"Corona, CA",728.3,5.7,137.7,8.547347,2.013246,0,0,DJI Matrice 300 RTK,M300 RTK,1ZN7L4R0H1D00F,1W9DL31001461C,1ZMLH8300204F0,1Z6PH74DAP0QN7,DJI Pilot,Android,7.0.2,1EF72A62-B7C3-C88D-164E-CE6F8C8424AE,1ZN7L4R0H1D00F,1W9DL31001461C,,1ZMLH8300204F0,1W9DL31001461C,,,,,
2023-11-01,11:34:09.73 AM,9m 47.4s,587.4,33.7951302100224,-117.4751843339034,2.2,137.7,17.7,1266,5105.0,7.38529,7.569323,-6.039738,2.23694,4.250186,4.47388,0.447388,0.894776,-2,0,2,143.7,143.7,143.7,Tripod,Other,,20,5,True,,True,False,,Smart,RC,False,True,False,,,True,,False,False,False,False,False,False,False,False,False,False,0,Follow Yaw,-77.9,0,136,136,False,False,False,False,False,,0,0,False,False,No Card,100,100,1024,1410,736,1024,2,False,False,False,False,False,0,False,False,False,False,69,,46.392,,6930,,10044,,46.392,,True,3.866,3.866,3.866,3.866,3.866,3.866,3.866,3.866,3.866,3.866,3.866,3.866,0,,False,False,True,,,,,,,,,,,,,,,False,False,18.576,,103.8,,75.7,,103.8,,1299,120,,22,7,144007.9,19201.05,,Idle,,20,,10,,,20,Go Home,False,False,False,False,False,False,False,False,False,False,False,False,33.8027920380556,-117.4659261431046,3961.0,3961.0,1049.4,396.9,True,1,1,False,False,False,False,,True,False,False,Course Lock,196.8,67,16.4,93,N,SW,2.46,11.4,Calm,False,False,Android,7.0.2,M300 RTK,1ZN7L4R0H1D00F,1W9DL31001461C,1ZMLH8300204F0,1Z6PH74DAP0QN7,"Corona, CA",728.3,5.7,137.7,8.547347,2.013246,0,0,DJI Matrice 300 RTK,M300 RTK,1ZN7L4R0H1D00F,1W9DL31001461C,1ZMLH8300204F0,1Z6PH74DAP0QN7,DJI Pilot,Android,7.0.2,1EF72A62-B7C3-C88D-164E-CE6F8C8424AE,1ZN7L4R0H1D00F,1W9DL31001461C,,1ZMLH8300204F0,1W9DL31001461C,,,,,
2023-11-01,11:34:09.83 AM,9m 47.5s,587.5,33.7951274536192,-117.4751819374156,1.9,137.7,17.7,1266,5106.2,7.38529,7.569323,-6.039738,2.23694,4.250186,4.47388,0.447388,0.894776,-2.1,-0.1,2.1,143.6,143.6,144.1,Tripod,Other,,20,5,True,,True,False,,Smart,RC,False,True,False,,,True,,False,False,False,False,False,False,False,False,False,False,0,Follow Yaw,-77.9,0,136,136,False,False,False,False,False,,0,0,False,False,No Card,100,100,1024,1409,756,1024,2,False,False,False,False,False,0,False,False,False,False,69,,46.392,,6930,,10044,,46.392,,True,3.866,3.866,3.866,3.866,3.866,3.866,3.866,3.866,3.866,3.866,3.866,3.866,0,,False,False,True,,,,,,,,,,,,,,,False,False,18.576,,103.8,,75.7,,103.8,,1299,120,,22,7,144007.9,19201.05,,Idle,,20,,10,,,20,Go Home,False,False,False,False,False,False,False,False,False,False,False,False,33.8027920380556,-117.4659261431046,3961.2,3961.2,1049.4,396.9,True,1,1,False,False,False,False,,True,False,False,Course Lock,196.8,67,16.4,93,N,SW,2.46,11.4,Calm,False,False,Android,7.0.2,M300 RTK,1ZN7L4R0H1D00F,1W9DL31001461C,1ZMLH8300204F0,1Z6PH74DAP0QN7,"Corona, CA",728.3,5.7,137.7,8.547347,2.013246,0,0,DJI Matrice 300 RTK,M300 RTK,1ZN7L4R0H1D00F,1W9DL31001461C,1ZMLH8300204F0,1Z6PH74DAP0QN7,DJI Pilot,Android,7.0.2,1EF72A62-B7C3-C88D-164E-CE6F8C8424AE,1ZN7L4R0H1D00F,1W9DL31001461C,,1ZMLH8300204F0,1W9DL31001461C,,,,,
2023-11-01,11:34:09.94 AM,9m 47.6s,587.6,33.7951249766907,-117.4751797465777,1.9,137.7,17.7,1266,5107.3,7.38529,7.569323,-6.039738,2.23694,4.250186,4.47388,0.447388,0.894776,-2.1,0,2.1,143.7,143.7,143.6,Tripod,Other,,21,5,True,,True,False,,Smart,RC,False,True,False,,,True,,False,False,False,False,False,False,False,False,False,False,0,Follow Yaw,-77.9,0,136,136,False,False,False,False,False,,0,0,False,False,No Card,100,100,1024,1410,749,1024,2,False,False,False,False,False,0,False,False,False,False,69,,46.392,,6930,,10044,,46.392,,True,3.866,3.866,3.866,3.866,3.866,3.866,3.866,3.866,3.866,3.866,3.866,3.866,0,,False,False,True,,,,,,,,,,,,,,,False,False,18.576,,103.8,,75.7,,103.8,,1299,120,,22,7,144007.9,19201.05,,Idle,,20,,10,,,20,Go Home,False,False,False,False,False,False,False,False,False,False,False,False,33.8027920380556,-117.4659261431046,3961.4,3961.4,1049.4,396.9,True,1,1,False,False,False,False,,True,False,False,Course Lock,196.8,67,16.4,93,N,SW,2.46,11.4,Calm,False,False,Android,7.0.2,M300 RTK,1ZN7L4R0H1D00F,1W9DL31001461C,1ZMLH8300204F0,1Z6PH74DAP0QN7,"Corona, CA",728.3,5.7,137.7,8.547347,2.013246,0,0,DJI Matrice 300 RTK,M300 RTK,1ZN7L4R0H1D00F,1W9DL31001461C,1ZMLH8300204F0,1Z6PH74DAP0QN7,DJI Pilot,Android,7.0.2,1EF72A62-B7C3-C88D-164E-CE6F8C8424AE,1ZN7L4R0H1D00F,1W9DL31001461C,,1ZMLH8300204F0,1W9DL31001461C,,,,,
2023-11-01,11:34:10.04 AM,9m 47.7s,587.7,33.7951224947765,-117.4751775403599,1.9,137.7,18.0,1266,5108.5,7.38529,7.569323,-6.039738,2.23694,4.250186,4.47388,0.447388,0.894776,-2.3,0,2.3,143.9,143.9,143.5,Tripod,Other,,21,5,True,,True,False,,Smart,RC,False,True,False,,,True,,False,False,False,False,False,False,False,False,False,False,0,Follow Yaw,-77.9,0,136,136,False,False,False,False,False,,0,0,False,False,No Card,100,100,1024,1408,715,1024,2,False,False,False,False,False,0,False,False,False,False,69,,46.368,,3440,,4986,,46.368,,True,3.866,3.866,3.866,3.866,3.866,3.866,3.866,3.866,3.866,3.866,3.866,3.866,0,,False,False,True,,,,,,,,,,,,,,,False,False,9.658,,103.6,,75.7,,103.8,,1299,120,,22,7,144007.9,19201.05,,Idle,,20,,10,,,20,Go Home,False,False,False,False,False,False,False,False,False,False,False,False,33.8027920380556,-117.4659261431046,3961.6,3961.6,1049.4,396.9,True,1,1,False,False,False,False,,True,False,False,Course Lock,196.8,67,16.4,93,N,SW,2.46,11.4,Calm,False,False,Android,7.0.2,M300 RTK,1ZN7L4R0H1D00F,1W9DL31001461C,1ZMLH8300204F0,1Z6PH74DAP0QN7,"Corona, CA",728.3,5.7,137.7,8.547347,2.013246,0,0,DJI Matrice 300 RTK,M300 RTK,1ZN7L4R0H1D00F,1W9DL31001461C,1ZMLH8300204F0,1Z6PH74DAP0QN7,DJI Pilot,Android,7.0.2,1EF72A62-B7C3-C88D-164E-CE6F8C8424AE,1ZN7L4R0H1D00F,1W9DL31001461C,,1ZMLH8300204F0,1W9DL31001461C,,,,,
2023-11-01,11:34:10.14 AM,9m 47.8s,587.8,33.7951200266202,-117.4751753519754,1.9,137.7,18.0,1266,5109.6,7.38529,7.569323,-6.039738,2.23694,4.250186,4.47388,0.447388,0.894776,-2.5,0.2,2.5,144.1,144.1,143.6,Tripod,Other,,21,5,True,,True,False,,Smart,RC,False,True,False,,,True,,False,False,False,False,False,False,False,False,False,False,0,Follow Yaw,-77.9,0,136,136,False,False,False,False,False,,0,0,False,False,No Card,100,100,1024,1408,700,1024,2,False,False,False,False,False,0,False,False,False,False,69,,46.368,,3440,,4986,,46.368,,True,3.866,3.866,3.866,3.866,3.866,3.866,3.866,3.866,3.866,3.866,3.866,3.866,0,,False,False,True,,,,,,,,,,,,,,,False,False,9.658,,103.6,,75.7,,103.8,,1299,120,,22,7,144007.9,19201.05,,Idle,,20,,10,,,20,Go Home,False,False,False,False,False,False,False,False,False,False,False,False,33.8027920380556,-117.4659261431046,3961.7,3961.7,1049.4,396.9,True,1,1,False,False,False,False,,True,False,False,Course Lock,196.8,67,16.4,93,N,SW,2.46,11.4,Calm,False,False,Android,7.0.2,M300 RTK,1ZN7L4R0H1D00F,1W9DL31001461C,1ZMLH8300204F0,1Z6PH74DAP0QN7,"Corona, CA",728.3,5.7,137.7,8.547347,2.013246,0,0,DJI Matrice 300 RTK,M300 RTK,1ZN7L4R0H1D00F,1W9DL31001461C,1ZMLH8300204F0,1Z6PH74DAP0QN7,DJI Pilot,Android,7.0.2,1EF72A62-B7C3-C88D-164E-CE6F8C8424AE,1ZN7L4R0H1D00F,1W9DL31001461C,,1ZMLH8300204F0,1W9DL31001461C,,,,,
2023-11-01,11:34:10.24 AM,9m 47.9s,587.9,33.7951177031698,-117.4751731367276,1.6,137.7,17.7,1265,5110.7,7.38529,7.569323,-6.039738,2.23694,4.250186,4.47388,0.447388,0.894776,-2.8,0.5,2.8,144.2,144.2,141.6,Tripod,Other,,21,5,True,,True,False,,Smart,RC,False,True,False,,,True,,False,False,False,False,False,False,False,False,False,False,0,Follow Yaw,-77.9,0,136,136,False,False,False,False,False,,0,0,False,False,No Card,100,100,1024,1406,725,1024,2,False,False,False,False,False,0,False,False,False,False,69,,46.368,,3440,,4986,,46.368,,True,3.866,3.866,3.866,3.866,3.866,3.866,3.866,3.866,3.866,3.866,3.866,3.866,0,,False,False,True,,,,,,,,,,,,,,,False,False,9.658,,103.6,,75.7,,103.8,,1299,120,,22,7,144007.9,19201.05,,Idle,,20,,10,,,20,Go Home,False,False,False,False,False,False,False,False,False,False,False,False,33.8027920380556,-117.4659261431046,3961.9,3961.9,1049.4,396.9,True,1,1,False,False,False,False,,True,False,False,Course Lock,196.8,67,16.4,93,N,SW,2.46,11.4,Calm,False,False,Android,7.0.2,M300 RTK,1ZN7L4R0H1D00F,1W9DL31001461C,1ZMLH8300204F0,1Z6PH74DAP0QN7,"Corona, CA",728.3,5.7,137.7,8.547347,2.013246,0,0,DJI Matrice 300 RTK,M300 RTK,1ZN7L4R0H1D00F,1W9DL31001461C,1ZMLH8300204F0,1Z6PH74DAP0QN7,DJI Pilot,Android,7.0.2,1EF72A62-B7C3-C88D-164E-CE6F8C8424AE,1ZN7L4R0H1D00F,1W9DL31001461C,,1ZMLH8300204F0,1W9DL31001461C,,,,,
2023-11-01,11:34:10.35 AM,9m 48.0s,588.0,33.7951152474692,-117.4751709490441,1.6,137.7,18.0,1265,5111.8,7.38529,7.569323,-6.039738,2.23694,4.250186,4.47388,0.447388,0.894776,-2.8,0.3,2.8,144.1,144.1,143.4,Tripod,Other,,21,5,True,,True,False,,Smart,RC,False,True,False,,,True,,False,False,False,False,False,False,False,False,False,False,0,Follow Yaw,-77.9,0,136,136,False,False,False,False,False,,0,0,False,False,No Card,100,100,1024,1402,729,1024,2,False,False,False,False,False,0,False,False,False,False,69,,46.368,,6930,,10044,,46.368,,True,3.866,3.866,3.866,3.866,3.866,3.866,3.866,3.866,3.866,3.866,3.866,3.866,0,,False,False,True,,,,,,,,,,,,,,,False,False,19.298,,103.8,,75.7,,103.8,,1299,120,,22,7,144007.9,19201.05,,Idle,,20,,10,,,20,Go Home,False,False,False,False,False,False,False,False,False,False,False,False,33.8027920380556,-117.4659261431046,3962.0,3962.0,1049.4,396.9,True,1,1,False,False,False,False,,True,False,False,Course Lock,196.8,67,16.4,93,N,SW,2.46,11.4,Calm,False,False,Android,7.0.2,M300 RTK,1ZN7L4R0H1D00F,1W9DL31001461C,1ZMLH8300204F0,1Z6PH74DAP0QN7,"Corona, CA",728.3,5.7,137.7,8.547347,2.013246,0,0,DJI Matrice 300 RTK,M300 RTK,1ZN7L4R0H1D00F,1W9DL31001461C,1ZMLH8300204F0,1Z6PH74DAP0QN7,DJI Pilot,Android,7.0.2,1EF72A62-B7C3-C88D-164E-CE6F8C8424AE,1ZN7L4R0H1D00F,1W9DL31001461C,,1ZMLH8300204F0,1W9DL31001461C,,,,,
2023-11-01,11:34:10.45 AM,9m 48.1s,588.1,33.795112648399,-117.4751687415275,1.6,137.7,18.0,1265,5112.9,7.38529,7.569323,-6.039738,2.23694,4.250186,4.47388,0.671082,0.894776,-2.8,0.1,2.8,144.2,144.2,144.7,Tripod,Other,,21,5,True,,True,False,,Smart,RC,False,True,False,,,True,,False,False,False,False,False,False,False,False,False,False,0,Follow Yaw,-77.9,0,136,136,False,False,False,False,False,,0,0,False,False,No Card,100,100,1024,1404,737,1024,2,False,False,False,False,False,0,False,False,False,False,69,,46.368,,6930,,10044,,46.368,,True,3.866,3.866,3.866,3.866,3.866,3.866,3.866,3.866,3.866,3.866,3.866,3.866,0,,False,False,True,,,,,,,,,,,,,,,False,False,19.298,,103.8,,75.7,,103.8,,1299,120,,22,7,144007.9,19201.05,,Idle,,20,,10,,,20,Go Home,False,False,False,False,False,False,False,False,False,False,False,False,33.8027920380556,-117.4659261431046,3962.2,3962.2,1049.4,396.9,True,1,1,False,False,False,False,,True,False,False,Course Lock,196.8,67,16.4,93,N,SW,2.46,11.4,Calm,False,False,Android,7.0.2,M300 RTK,1ZN7L4R0H1D00F,1W9DL31001461C,1ZMLH8300204F0,1Z6PH74DAP0QN7,"Corona, CA",728.3,5.7,137.7,8.547347,2.013246,0,0,DJI Matrice 300 RTK,M300 RTK,1ZN7L4R0H1D00F,1W9DL31001461C,1ZMLH8300204F0,1Z6PH74DAP0QN7,DJI Pilot,Android,7.0.2,1EF72A62-B7C3-C88D-164E-CE6F8C8424AE,1ZN7L4R0H1D00F,1W9DL31001461C,,1ZMLH8300204F0,1W9DL31001461C,,,,,
2023-11-01,11:34:10.55 AM,9m 48.2s,588.2,33.7951101695345,-117.4751665511226,1.3,137.7,17.7,1265,5114.1,7.38529,7.569323,-6.039738,2.23694,4.250186,4.47388,0.671082,0.894776,-2.7,0.2,2.7,144.2,144.2,143.7,Tripod,Other,,21,5,True,,True,False,,Smart,RC,False,True,False,,,True,,False,False,False,False,False,False,False,False,False,False,0,Follow Yaw,-77.9,0,136,136,False,False,False,False,False,,0,0,False,False,No Card,100,100,1024,1405,734,1024,2,False,False,False,False,False,0,False,False,False,False,69,,46.368,,6930,,10044,,46.368,,True,3.866,3.866,3.866,3.866,3.866,3.866,3.866,3.866,3.866,3.866,3.866,3.866,0,,False,False,True,,,,,,,,,,,,,,,False,False,19.298,,103.8,,75.7,,103.8,,1299,120,,22,7,144007.9,19201.05,,Idle,,20,,10,,,20,Go Home,False,False,False,False,False,False,False,False,False,False,False,False,33.8027920380556,-117.4659261431046,3962.4,3962.4,1049.4,396.9,True,1,1,False,False,False,False,,True,False,False,Course Lock,196.8,67,16.4,93,N,SW,2.46,11.4,Calm,False,False,Android,7.0.2,M300 RTK,1ZN7L4R0H1D00F,1W9DL31001461C,1ZMLH8300204F0,1Z6PH74DAP0QN7,"Corona, CA",728.3,5.7,137.7,8.547347,2.013246,0,0,DJI Matrice 300 RTK,M300 RTK,1ZN7L4R0H1D00F,1W9DL31001461C,1ZMLH8300204F0,1Z6PH74DAP0QN7,DJI Pilot,Android,7.0.2,1EF72A62-B7C3-C88D-164E-CE6F8C8424AE,1ZN7L4R0H1D00F,1W9DL31001461C,,1ZMLH8300204F0,1W9DL31001461C,,,,,
2023-11-01,11:34:10.65 AM,9m 48.3s,588.3,33.79510754055,-117.4751643454821,1.3,137.7,17.7,1265,5115.2,7.38529,7.569323,-6.039738,2.23694,4.250186,4.47388,0.671082,0.894776,-2.5,0.1,2.5,144.2,144.2,145.1,Tripod,Other,,21,5,True,,True,False,,Smart,RC,False,True,False,,,True,,False,False,False,False,False,False,False,False,False,False,0,Follow Yaw,-77.9,0,136,136,False,False,False,False,False,,0,0,False,False,No Card,100,100,1024,1405,734,1024,2,False,False,False,False,False,0,False,False,False,False,69,,46.368,,6930,,10044,,46.368,,True,3.867,3.867,3.867,3.867,3.867,3.867,3.867,3.867,3.867,3.867,3.867,3.867,0,,False,False,True,,,,,,,,,,,,,,,False,False,19.298,,103.8,,75.7,,103.8,,1299,120,,22,7,143442.4,19125.66,,Idle,,20,,10,,,20,Go Home,False,False,False,False,False,False,False,False,False,False,False,False,33.8027920380556,-117.4659261431046,3962.6,3962.6,1049.4,396.9,True,1,1,False,False,False,False,,True,False,False,Course Lock,196.8,67,16.4,93,N,SW,2.46,11.4,Calm,False,False,Android,7.0.2,M300 RTK,1ZN7L4R0H1D00F,1W9DL31001461C,1ZMLH8300204F0,1Z6PH74DAP0QN7,"Corona, CA",728.3,5.7,137.7,8.547347,2.013246,0,0,DJI Matrice 300 RTK,M300 RTK,1ZN7L4R0H1D00F,1W9DL31001461C,1ZMLH8300204F0,1Z6PH74DAP0QN7,DJI Pilot,Android,7.0.2,1EF72A62-B7C3-C88D-164E-CE6F8C8424AE,1ZN7L4R0H1D00F,1W9DL31001461C,,1ZMLH8300204F0,1W9DL31001461C,,,,,
2023-11-01,11:34:10.76 AM,9m 48.4s,588.4,33.7951050481161,-117.4751621640041,1.3,137.7,17.7,1265,5116.4,7.38529,7.569323,-6.039738,2.23694,4.250186,4.47388,0.671082,0.894776,-2.4,0,2.4,144.2,144.2,143.9,Tripod,Other,,21,5,True,,True,False,,Smart,RC,False,True,False,,,True,,False,False,False,False,False,False,False,False,False,False,0,Follow Yaw,-77.9,0,136,136,False,False,False,False,False,,0,0,False,False,No Card,100,100,1024,1406,732,1024,2,False,False,False,False,False,0,False,False,False,False,69,,46.368,,6930,,10044,,46.368,,True,3.867,3.867,3.867,3.867,3.867,3.867,3.867,3.867,3.867,3.867,3.867,3.867,0,,False,False,True,,,,,,,,,,,,,,,False,False,19.298,,103.8,,75.7,,103.8,,1299,120,,22,7,143442.4,19125.66,,Idle,,20,,10,,,20,Go Home,False,False,False,False,False,False,False,False,False,False,False,False,33.8027920380556,-117.4659261431046,3962.8,3962.8,1049.4,396.9,True,1,1,False,False,False,False,,True,False,False,Course Lock,196.8,67,16.4,93,N,SW,2.46,11.4,Calm,False,False,Android,7.0.2,M300 RTK,1ZN7L4R0H1D00F,1W9DL31001461C,1ZMLH8300204F0,1Z6PH74DAP0QN7,"Corona, CA",728.3,5.7,137.7,8.547347,2.013246,0,0,DJI Matrice 300 RTK,M300 RTK,1ZN7L4R0H1D00F,1W9DL31001461C,1ZMLH8300204F0,1Z6PH74DAP0QN7,DJI Pilot,Android,7.0.2,1EF72A62-B7C3-C88D-164E-CE6F8C8424AE,1ZN7L4R0H1D00F,1W9DL31001461C,,1ZMLH8300204F0,1W9DL31001461C,,,,,
2023-11-01,11:34:10.87 AM,9m 48.5s,588.5,33.7951028191032,-117.4751599593326,1.3,137.7,17.7,1265,5117.4,7.38529,7.569323,-6.039738,2.23694,4.250186,4.47388,0.671082,0.894776,-2.3,0,2.3,144.2,144.2,140.5,Tripod,Other,,21,5,True,,True,False,,Smart,RC,False,True,False,,,True,,False,False,False,False,False,False,False,False,False,False,0,Follow Yaw,-77.9,0,136,136,False,False,False,False,False,,0,0,False,False,No Card,100,100,1024,1404,735,1024,2,False,False,False,False,False,0,False,False,False,False,69,,46.368,,6930,,10044,,46.368,,True,3.867,3.867,3.867,3.867,3.867,3.867,3.867,3.867,3.867,3.867,3.867,3.867,0,,False,False,True,,,,,,,,,,,,,,,False,False,19.298,,103.8,,75.7,,103.8,,1299,120,,22,7,143442.4,19125.66,,Idle,,20,,10,,,20,Go Home,False,False,False,False,False,False,False,False,False,False,False,False,33.8027920380556,-117.4659261431046,3962.9,3962.9,1049.4,396.9,True,1,1,False,False,False,False,,True,False,False,Course Lock,196.8,67,16.4,93,N,SW,2.46,11.4,Calm,False,False,Android,7.0.2,M300 RTK,1ZN7L4R0H1D00F,1W9DL31001461C,1ZMLH8300204F0,1Z6PH74DAP0QN7,"Corona, CA",728.3,5.7,137.7,8.547347,2.013246,0,0,DJI Matrice 300 RTK,M300 RTK,1ZN7L4R0H1D00F,1W9DL31001461C,1ZMLH8300204F0,1Z6PH74DAP0QN7,DJI Pilot,Android,7.0.2,1EF72A62-B7C3-C88D-164E-CE6F8C8424AE,1ZN7L4R0H1D00F,1W9DL31001461C,,1ZMLH8300204F0,1W9DL31001461C,,,,,
2023-11-01,11:34:10.97 AM,9m 48.6s,588.6,33.7951003562581,-117.475157780576,0.9,137.7,17.7,1265,5118.5,7.38529,7.569323,-6.039738,2.23694,4.250186,4.47388,0.671082,0.894776,-2.3,0,2.3,144.2,144.2,143.6,Tripod,Other,,21,5,True,,True,False,,Smart,RC,False,True,False,,,True,,False,False,False,False,False,False,False,False,False,False,0,Follow Yaw,-77.9,0,136,136,False,False,False,False,False,,0,0,False,False,No Card,100,100,1024,1405,733,1024,2,False,False,False,False,False,0,False,False,False,False,69,,46.368,,6930,,10044,,46.368,,True,3.867,3.867,3.867,3.867,3.867,3.867,3.867,3.867,3.867,3.867,3.867,3.867,0,,False,False,True,,,,,,,,,,,,,,,False,False,19.298,,103.8,,75.7,,103.8,,1299,120,,22,7,143442.4,19125.66,,Idle,,20,,10,,,20,Go Home,False,False,False,False,False,False,False,False,False,False,False,False,33.8027920380556,-117.4659261431046,3963.0,3963.0,1049.4,396.9,True,1,1,False,False,False,False,,True,False,False,Course Lock,196.8,67,16.4,93,N,SW,2.46,11.4,Calm,False,False,Android,7.0.2,M300 RTK,1ZN7L4R0H1D00F,1W9DL31001461C,1ZMLH8300204F0,1Z6PH74DAP0QN7,"Corona, CA",728.3,5.7,137.7,8.547347,2.013246,0,0,DJI Matrice 300 RTK,M300 RTK,1ZN7L4R0H1D00F,1W9DL31001461C,1ZMLH8300204F0,1Z6PH74DAP0QN7,DJI Pilot,Android,7.0.2,1EF72A62-B7C3-C88D-164E-CE6F8C8424AE,1ZN7L4R0H1D00F,1W9DL31001461C,,1ZMLH8300204F0,1W9DL31001461C,,,,,
2023-11-01,11:34:11.07 AM,9m 48.7s,588.7,33.7950977996608,-117.4751555751623,0.9,137.7,17.7,1265,5119.7,7.38529,7.569323,-6.039738,2.23694,4.250186,4.47388,0.671082,0.894776,-2.2,0,2.2,144.2,144.2,144.3,Tripod,Other,,21,5,True,,True,False,,Smart,RC,False,True,False,,,True,,False,False,False,False,False,False,False,False,False,False,0,Follow Yaw,-77.9,0,136,136,False,False,False,False,False,,0,0,False,False,No Card,100,100,1024,1405,733,1024,2,False,False,False,False,False,0,False,False,False,False,69,,46.368,,6930,,10044,,46.368,,True,3.867,3.867,3.867,3.867,3.867,3.867,3.867,3.867,3.867,3.867,3.867,3.867,0,,False,False,True,,,,,,,,,,,,,,,False,False,19.298,,103.8,,75.7,,103.8,,1299,120,,22,7,143442.4,19125.66,,Idle,,20,,10,,,20,Go Home,False,False,False,False,False,False,False,False,False,False,False,False,33.8027920380556,-117.4659261431046,3963.2,3963.2,1049.4,396.9,True,1,1,False,False,False,False,,True,False,False,Course Lock,196.8,67,16.4,93,N,SW,2.46,11.4,Calm,False,False,Android,7.0.2,M300 RTK,1ZN7L4R0H1D00F,1W9DL31001461C,1ZMLH8300204F0,1Z6PH74DAP0QN7,"Corona, CA",728.3,5.7,137.7,8.547347,2.013246,0,0,DJI Matrice 300 RTK,M300 RTK,1ZN7L4R0H1D00F,1W9DL31001461C,1ZMLH8300204F0,1Z6PH74DAP0QN7,DJI Pilot,Android,7.0.2,1EF72A62-B7C3-C88D-164E-CE6F8C8424AE,1ZN7L4R0H1D00F,1W9DL31001461C,,1ZMLH8300204F0,1W9DL31001461C,,,,,
2023-11-01,11:34:11.14 AM,9m 48.8s,588.8,33.7950953343657,-117.4751533944266,0.9,137.7,17.7,1265,5120.8,7.38529,7.569323,-6.039738,2.23694,4.250186,4.47388,0.447388,0.894776,-2.3,0.3,2.3,144.2,144.2,143.6,Tripod,Other,,21,5,True,,True,False,,Smart,RC,False,True,False,,,True,,False,False,False,False,False,False,False,False,False,False,0,Follow Yaw,-77.9,0,136,136,False,False,False,False,False,,0,0,False,False,No Card,100,100,1024,1408,734,1024,2,False,False,False,False,False,0,False,False,False,False,69,,46.368,,6930,,10044,,46.368,,True,3.867,3.867,3.867,3.867,3.867,3.867,3.867,3.867,3.867,3.867,3.867,3.867,0,,False,False,True,,,,,,,,,,,,,,,False,False,19.298,,103.8,,75.7,,103.8,,1299,120,,22,7,143442.4,19125.66,,Idle,,20,,10,,,20,Go Home,False,False,False,False,False,False,False,False,False,False,False,False,33.8027920380556,-117.4659261431046,3963.4,3963.4,1049.4,396.9,True,1,1,False,False,False,False,,True,False,False,Course Lock,196.8,67,16.4,93,N,SW,2.46,11.4,Calm,False,False,Android,7.0.2,M300 RTK,1ZN7L4R0H1D00F,1W9DL31001461C,1ZMLH8300204F0,1Z6PH74DAP0QN7,"Corona, CA",728.3,5.7,137.7,8.547347,2.013246,0,0,DJI Matrice 300 RTK,M300 RTK,1ZN7L4R0H1D00F,1W9DL31001461C,1ZMLH8300204F0,1Z6PH74DAP0QN7,DJI Pilot,Android,7.0.2,1EF72A62-B7C3-C88D-164E-CE6F8C8424AE,1ZN7L4R0H1D00F,1W9DL31001461C,,1ZMLH8300204F0,1W9DL31001461C,,,,,
2023-11-01,11:34:11.24 AM,9m 48.9s,588.9,33.7950928007953,-117.4751511719423,0.6,137.7,17.7,1264,5121.9,7.38529,7.569323,-6.039738,2.23694,4.250186,4.47388,0.447388,0.894776,-2.5,0.3,2.5,144.2,144.2,143.9,Tripod,Other,,21,5,True,,True,False,,Smart,RC,False,True,False,,,True,,False,False,False,False,False,False,False,False,False,False,0,Follow Yaw,-77.9,0,136,136,False,False,False,False,False,,0,0,False,False,No Card,100,100,1024,1409,726,1024,2,False,False,False,False,False,0,False,False,False,False,69,,46.368,,6930,,10044,,46.368,,True,3.867,3.867,3.867,3.867,3.867,3.867,3.867,3.867,3.867,3.867,3.867,3.867,0,,False,False,True,,,,,,,,,,,,,,,False,False,19.298,,103.8,,75.7,,103.8,,1299,120,,22,7,143442.4,19125.66,,Idle,,20,,10,,,20,Go Home,False,False,False,False,False,False,False,False,False,False,False,False,33.8027920380556,-117.4659261431046,3963.6,3963.6,1049.4,396.9,True,1,1,False,False,False,False,,True,False,False,Course Lock,196.8,67,16.4,93,N,SW,2.46,11.4,Calm,False,False,Android,7.0.2,M300 RTK,1ZN7L4R0H1D00F,1W9DL31001461C,1ZMLH8300204F0,1Z6PH74DAP0QN7,"Corona, CA",728.3,5.7,137.7,8.547347,2.013246,0,0,DJI Matrice 300 RTK,M300 RTK,1ZN7L4R0H1D00F,1W9DL31001461C,1ZMLH8300204F0,1Z6PH74DAP0QN7,DJI Pilot,Android,7.0.2,1EF72A62-B7C3-C88D-164E-CE6F8C8424AE,1ZN7L4R0H1D00F,1W9DL31001461C,,1ZMLH8300204F0,1W9DL31001461C,,,,,
2023-11-01,11:34:11.34 AM,9m 49.0s,589.0,33.7950903280473,-117.4751489985254,0.6,137.7,17.7,1264,5123.0,7.38529,7.569323,-6.039738,2.23694,4.250186,4.47388,0.671082,0.894776,-2.5,0.1,2.5,144.1,144.1,143.8,Tripod,Other,,21,5,True,,True,False,,Smart,RC,False,True,False,,,True,,False,False,False,False,False,False,False,False,False,False,0,Follow Yaw,-77.9,0,136,136,False,False,False,False,False,,0,0,False,False,No Card,100,100,1024,1409,712,1024,2,False,False,False,False,False,0,False,False,False,False,69,,46.368,,3440,,4986,,46.368,,True,3.867,3.867,3.867,3.867,3.867,3.867,3.867,3.867,3.867,3.867,3.867,3.867,0,,False,False,True,,,,,,,,,,,,,,,False,False,9.542,,103.6,,75.7,,103.8,,1299,120,,22,7,143442.4,19125.66,,Idle,,20,,10,,,20,Go Home,False,False,False,False,False,False,False,False,False,False,False,False,33.8027920380556,-117.4659261431046,3963.8,3963.8,1049.4,396.9,True,1,1,False,False,False,False,,True,False,False,Course Lock,196.8,67,16.4,93,N,SW,2.23,11.4,Calm,False,False,Android,7.0.2,M300 RTK,1ZN7L4R0H1D00F,1W9DL31001461C,1ZMLH8300204F0,1Z6PH74DAP0QN7,"Corona, CA",728.3,5.7,137.7,8.547347,2.013246,0,0,DJI Matrice 300 RTK,M300 RTK,1ZN7L4R0H1D00F,1W9DL31001461C,1ZMLH8300204F0,1Z6PH74DAP0QN7,DJI Pilot,Android,7.0.2,1EF72A62-B7C3-C88D-164E-CE6F8C8424AE,1ZN7L4R0H1D00F,1W9DL31001461C,,1ZMLH8300204F0,1W9DL31001461C,,,,,
2023-11-01,11:34:11.44 AM,9m 49.1s,589.1,33.795087935345,-117.4751469348504,0.6,137.7,17.7,1264,5124.1,7.38529,7.569323,-6.039738,2.23694,4.250186,4.47388,0.671082,0.894776,-2.5,-0.2,2.5,144,144,144.3,Tripod,Other,,21,5,True,,True,False,,Smart,RC,False,True,False,,,True,,False,False,False,False,False,False,False,False,False,False,0,Follow Yaw,-77.9,0,136,136,False,False,False,False,False,,0,0,False,False,No Card,100,100,1024,1409,708,1024,2,False,False,False,False,False,0,False,False,False,False,69,,46.368,,3440,,4986,,46.368,,True,3.867,3.867,3.867,3.867,3.867,3.867,3.867,3.867,3.867,3.867,3.867,3.867,0,,False,False,True,,,,,,,,,,,,,,,False,False,9.542,,103.6,,75.7,,103.8,,1299,120,,22,7,143442.4,19125.66,,Idle,,20,,10,,,20,Go Home,False,False,False,False,False,False,False,False,False,False,False,False,33.8027920380556,-117.4659261431046,3963.9,3963.9,1049.4,396.9,True,1,1,False,False,False,False,,True,False,False,Course Lock,196.8,67,16.4,93,N,SW,2.23,11.4,Calm,False,False,Android,7.0.2,M300 RTK,1ZN7L4R0H1D00F,1W9DL31001461C,1ZMLH8300204F0,1Z6PH74DAP0QN7,"Corona, CA",728.3,5.7,137.7,8.547347,2.013246,0,0,DJI Matrice 300 RTK,M300 RTK,1ZN7L4R0H1D00F,1W9DL31001461C,1ZMLH8300204F0,1Z6PH74DAP0QN7,DJI Pilot,Android,7.0.2,1EF72A62-B7C3-C88D-164E-CE6F8C8424AE,1ZN7L4R0H1D00F,1W9DL31001461C,,1ZMLH8300204F0,1W9DL31001461C,,,,,
2023-11-01,11:34:11.54 AM,9m 49.2s,589.2,33.7950854788563,-117.4751447603616,0.3,137.7,17.7,1264,5125.2,7.38529,7.569323,-6.039738,2.23694,4.250186,4.47388,0.671082,0.894776,-2.7,-0.2,2.7,144,144,143.6,Tripod,Other,,21,5,True,,True,False,,Smart,RC,False,True,False,,,True,,False,False,False,False,False,False,False,False,False,False,0,Follow Yaw,-77.9,0,136,136,False,False,False,False,False,,0,0,False,False,No Card,100,100,1024,1411,701,1024,2,False,False,False,False,False,0,False,False,False,False,69,,46.368,,3440,,4986,,46.368,,True,3.867,3.867,3.867,3.867,3.867,3.867,3.867,3.867,3.867,3.867,3.867,3.867,0,,False,False,True,,,,,,,,,,,,,,,False,False,9.542,,103.6,,75.7,,103.8,,1299,120,,22,7,143442.4,19125.66,,Idle,,20,,10,,,20,Go Home,False,False,False,False,False,False,False,False,False,False,False,False,33.8027920380556,-117.4659261431046,3964.1,3964.1,1049.4,396.9,True,1,1,False,False,False,False,,True,False,False,Course Lock,196.8,67,16.4,93,N,SW,2.23,11.4,Calm,False,False,Android,7.0.2,M300 RTK,1ZN7L4R0H1D00F,1W9DL31001461C,1ZMLH8300204F0,1Z6PH74DAP0QN7,"Corona, CA",728.3,5.7,137.7,8.547347,2.013246,0,0,DJI Matrice 300 RTK,M300 RTK,1ZN7L4R0H1D00F,1W9DL31001461C,1ZMLH8300204F0,1Z6PH74DAP0QN7,DJI Pilot,Android,7.0.2,1EF72A62-B7C3-C88D-164E-CE6F8C8424AE,1ZN7L4R0H1D00F,1W9DL31001461C,,1ZMLH8300204F0,1W9DL31001461C,,,,,
2023-11-01,11:34:11.64 AM,9m 49.3s,589.3,33.7950827583983,-117.4751424919436,0.3,137.7,17.7,1264,5126.4,7.38529,7.569323,-6.039738,2.23694,4.250186,4.47388,0.671082,0.894776,-2.6,0,2.6,144,144,145.2,Tripod,Other,,21,5,True,,True,False,,Smart,RC,False,True,False,,,True,,False,False,False,False,False,False,False,False,False,False,0,Follow Yaw,-77.9,0,136,136,False,False,False,False,False,,0,0,False,False,No Card,100,100,1024,1410,707,1024,2,False,False,False,False,False,0,False,False,False,False,69,,46.368,,3440,,4986,,46.368,,True,3.863,3.863,3.863,3.863,3.863,3.863,3.863,3.863,3.863,3.863,3.863,3.863,0,,False,False,True,,,,,,,,,,,,,,,False,False,9.542,,103.6,,75.7,,103.8,,1299,120,,22,7,143057.3,19074.31,,Idle,,20,,10,,,20,Go Home,False,False,False,False,False,False,False,False,False,False,False,False,33.8027920380556,-117.4659261431046,3964.3,3964.3,1049.4,396.9,True,1,1,False,False,False,False,,True,False,False,Course Lock,196.8,67,16.4,93,N,SW,2.23,11.4,Calm,False,False,Android,7.0.2,M300 RTK,1ZN7L4R0H1D00F,1W9DL31001461C,1ZMLH8300204F0,1Z6PH74DAP0QN7,"Corona, CA",728.3,5.7,137.7,8.547347,2.013246,0,0,DJI Matrice 300 RTK,M300 RTK,1ZN7L4R0H1D00F,1W9DL31001461C,1ZMLH8300204F0,1Z6PH74DAP0QN7,DJI Pilot,Android,7.0.2,1EF72A62-B7C3-C88D-164E-CE6F8C8424AE,1ZN7L4R0H1D00F,1W9DL31001461C,,1ZMLH8300204F0,1W9DL31001461C,,,,,
2023-11-01,11:34:11.74 AM,9m 49.4s,589.4,33.795080284331,-117.475140293622,0.3,137.7,17.7,1264,5127.6,7.38529,7.569323,-6.039738,2.23694,4.250186,4.47388,0.671082,0.894776,-2.5,0.1,2.5,144.1,144.1,143.5,Tripod,Other,,21,5,True,,True,False,,Smart,RC,False,True,False,,,True,,False,False,False,False,False,False,False,False,False,False,0,Follow Yaw,-77.9,0,136,136,False,False,False,False,False,,0,0,False,False,No Card,100,100,1024,1409,730,967,2,False,False,False,False,False,0,False,False,False,False,69,,46.368,,3440,,4986,,46.368,,True,3.863,3.863,3.863,3.863,3.863,3.863,3.863,3.863,3.863,3.863,3.863,3.863,0,,False,False,True,,,,,,,,,,,,,,,False,False,9.542,,103.6,,75.7,,103.8,,1299,120,,22,7,143057.3,19074.31,,Idle,,20,,10,,,20,Go Home,False,False,False,False,False,False,False,False,False,False,False,False,33.8027920380556,-117.4659261431046,3964.5,3964.5,1049.4,396.9,True,1,1,False,False,False,False,,True,False,False,Course Lock,196.8,67,16.4,93,N,SW,2.23,11.4,Calm,False,False,Android,7.0.2,M300 RTK,1ZN7L4R0H1D00F,1W9DL31001461C,1ZMLH8300204F0,1Z6PH74DAP0QN7,"Corona, CA",728.3,5.7,137.7,8.547347,2.013246,0,0,DJI Matrice 300 RTK,M300 RTK,1ZN7L4R0H1D00F,1W9DL31001461C,1ZMLH8300204F0,1Z6PH74DAP0QN7,DJI Pilot,Android,7.0.2,1EF72A62-B7C3-C88D-164E-CE6F8C8424AE,1ZN7L4R0H1D00F,1W9DL31001461C,,1ZMLH8300204F0,1W9DL31001461C,,,,,
2023-11-01,11:34:11.84 AM,9m 49.5s,589.5,33.7950781059978,-117.4751383167014,0.3,137.7,17.3,1264,5128.6,7.38529,7.569323,-6.039738,2.23694,4.250186,4.47388,0.671082,0.894776,-2.3,0.3,2.3,144.1,144.1,142.9,Tripod,Other,,21,5,True,,True,False,,Smart,RC,False,True,False,,,True,,False,False,False,False,False,False,False,False,False,False,0,Follow Yaw,-77.9,0,136,136,False,False,False,False,False,,0,0,False,False,No Card,100,100,1024,1410,743,905,2,False,False,False,False,False,0,False,False,False,False,69,,46.368,,3440,,4986,,46.368,,True,3.863,3.863,3.863,3.863,3.863,3.863,3.863,3.863,3.863,3.863,3.863,3.863,0,,False,False,True,,,,,,,,,,,,,,,False,False,9.542,,103.6,,75.7,,103.8,,1299,120,,22,7,143057.3,19074.31,,Idle,,20,,10,,,20,Go Home,False,False,False,False,False,False,False,False,False,False,False,False,33.8027920380556,-117.4659261431046,3964.6,3964.6,1049.4,396.9,True,1,1,False,False,False,False,,True,False,False,Course Lock,196.8,67,16.4,93,N,SW,2.23,11.4,Calm,False,False,Android,7.0.2,M300 RTK,1ZN7L4R0H1D00F,1W9DL31001461C,1ZMLH8300204F0,1Z6PH74DAP0QN7,"Corona, CA",728.3,5.7,137.7,8.547347,2.013246,0,0,DJI Matrice 300 RTK,M300 RTK,1ZN7L4R0H1D00F,1W9DL31001461C,1ZMLH8300204F0,1Z6PH74DAP0QN7,DJI Pilot,Android,7.0.2,1EF72A62-B7C3-C88D-164E-CE6F8C8424AE,1ZN7L4R0H1D00F,1W9DL31001461C,,1ZMLH8300204F0,1W9DL31001461C,,,,,
2023-11-01,11:34:11.94 AM,9m 49.6s,589.6,33.7950756601316,-117.4751361417384,0,137.7,17.3,1264,5129.7,7.38529,7.569323,-6.039738,2.23694,4.250186,4.47388,0.671082,0.894776,-2.3,0.3,2.3,144.2,144.2,143.5,Tripod,Other,,21,5,True,,True,False,,Smart,RC,False,True,False,,,True,,False,False,False,False,False,False,False,False,False,False,0,Follow Yaw,-77.9,0,135.9,135.9,False,False,False,False,False,,0,0,False,False,No Card,100,100,1024,1412,739,880,2,False,False,False,False,False,0,False,False,False,False,69,,46.368,,3440,,4986,,46.368,,True,3.863,3.863,3.863,3.863,3.863,3.863,3.863,3.863,3.863,3.863,3.863,3.863,0,,False,False,True,,,,,,,,,,,,,,,False,False,9.542,,103.6,,75.7,,103.8,,1299,120,,22,7,143057.3,19074.31,,Idle,,20,,10,,,20,Go Home,False,False,False,False,False,False,False,False,False,False,False,False,33.8027920380556,-117.4659261431046,3964.8,3964.8,1049.4,396.9,True,1,1,False,False,False,False,,True,False,False,Course Lock,196.8,67,16.4,93,N,SW,2.23,11.4,Calm,False,False,Android,7.0.2,M300 RTK,1ZN7L4R0H1D00F,1W9DL31001461C,1ZMLH8300204F0,1Z6PH74DAP0QN7,"Corona, CA",728.3,5.7,137.7,8.547347,2.013246,0,0,DJI Matrice 300 RTK,M300 RTK,1ZN7L4R0H1D00F,1W9DL31001461C,1ZMLH8300204F0,1Z6PH74DAP0QN7,DJI Pilot,Android,7.0.2,1EF72A62-B7C3-C88D-164E-CE6F8C8424AE,1ZN7L4R0H1D00F,1W9DL31001461C,,1ZMLH8300204F0,1W9DL31001461C,,,,,
2023-11-01,11:34:12.04 AM,9m 49.7s,589.7,33.7950732368296,-117.4751340291403,0,137.7,17.3,1264,5130.8,7.38529,7.569323,-6.039738,2.23694,4.250186,4.47388,0.671082,0.894776,-2.2,0,2.2,144.2,144.2,144.0,Tripod,Other,,21,5,True,,True,False,,Smart,RC,False,True,False,,,True,,False,False,False,False,False,False,False,False,False,False,0,Follow Yaw,-77.9,0,135.9,135.9,False,False,False,False,False,,0,0,False,False,No Card,100,100,1024,1412,712,976,2,False,False,False,False,False,0,False,False,False,False,69,,46.368,,3440,,4986,,46.368,,True,3.863,3.863,3.863,3.863,3.863,3.863,3.863,3.863,3.863,3.863,3.863,3.863,0,,False,False,True,,,,,,,,,,,,,,,False,False,9.542,,103.6,,75.7,,103.8,,1299,120,,22,7,143057.3,19074.31,,Idle,,20,,10,,,20,Go Home,False,False,False,False,False,False,False,False,False,False,False,False,33.8027920380556,-117.4659261431046,3965.0,3965.0,1049.4,396.9,True,1,1,False,False,False,False,,True,False,False,Course Lock,196.8,67,16.4,93,N,SW,2.23,11.4,Calm,False,False,Android,7.0.2,M300 RTK,1ZN7L4R0H1D00F,1W9DL31001461C,1ZMLH8300204F0,1Z6PH74DAP0QN7,"Corona, CA",728.3,5.7,137.7,8.547347,2.013246,0,0,DJI Matrice 300 RTK,M300 RTK,1ZN7L4R0H1D00F,1W9DL31001461C,1ZMLH8300204F0,1Z6PH74DAP0QN7,DJI Pilot,Android,7.0.2,1EF72A62-B7C3-C88D-164E-CE6F8C8424AE,1ZN7L4R0H1D00F,1W9DL31001461C,,1ZMLH8300204F0,1W9DL31001461C,,,,,
2023-11-01,11:34:12.14 AM,9m 49.8s,589.8,33.795070798639,-117.4751318647534,0,137.7,17.3,1264,5131.9,7.38529,7.569323,-6.039738,2.23694,4.250186,4.47388,0.671082,0.894776,-2.3,-0.6,2.3,144.1,144.1,143.5,Tripod,Other,,21,5,True,,True,False,,Smart,RC,False,True,False,,,True,,False,False,False,False,False,False,False,False,False,False,0,Follow Yaw,-77.9,0,135.6,135.6,False,False,False,False,False,,0,0,False,False,No Card,100,100,1024,1413,704,1000,2,False,False,False,False,False,0,False,False,False,False,69,,46.368,,3440,,4986,,46.368,,True,3.863,3.863,3.863,3.863,3.863,3.863,3.863,3.863,3.863,3.863,3.863,3.863,0,,False,False,True,,,,,,,,,,,,,,,False,False,9.542,,103.6,,75.7,,103.8,,1299,120,,22,7,143057.3,19074.31,,Idle,,20,,10,,,20,Go Home,False,False,False,False,False,False,False,False,False,False,False,False,33.8027920380556,-117.4659261431046,3965.2,3965.2,1049.4,396.9,True,1,1,False,False,False,False,,True,False,False,Course Lock,196.8,67,16.4,93,N,SW,2.23,11.4,Calm,False,False,Android,7.0.2,M300 RTK,1ZN7L4R0H1D00F,1W9DL31001461C,1ZMLH8300204F0,1Z6PH74DAP0QN7,"Corona, CA",728.3,5.7,137.7,8.547347,2.013246,0,0,DJI Matrice 300 RTK,M300 RTK,1ZN7L4R0H1D00F,1W9DL31001461C,1ZMLH8300204F0,1Z6PH74DAP0QN7,DJI Pilot,Android,7.0.2,1EF72A62-B7C3-C88D-164E-CE6F8C8424AE,1ZN7L4R0H1D00F,1W9DL31001461C,,1ZMLH8300204F0,1W9DL31001461C,,,,,
2023-11-01,11:34:12.22 AM,9m 49.9s,589.9,33.7950683471874,-117.4751297746068,0,137.7,17.3,1264,5133.0,7.337708,7.569323,-5.816044,2.23694,4.47388,4.47388,0.671082,0.894776,-2.6,-0.6,2.6,143.8,143.8,144.6,Tripod,Other,,21,5,True,,True,False,,Smart,RC,False,True,False,,,True,,False,False,False,False,False,False,False,False,False,False,0,Follow Yaw,-77.9,0,135.5,135.5,False,False,False,False,False,,0,0,False,False,No Card,100,100,1024,1416,715,950,2,False,False,False,False,False,0,False,False,False,False,69,,46.368,,3440,,4986,,46.368,,True,3.863,3.863,3.863,3.863,3.863,3.863,3.863,3.863,3.863,3.863,3.863,3.863,0,,False,False,True,,,,,,,,,,,,,,,False,False,9.542,,103.6,,75.7,,103.8,,1299,120,,22,7,143057.3,19074.31,,Idle,,20,,10,,,20,Go Home,False,False,False,False,False,False,False,False,False,False,False,False,33.8027920380556,-117.4659261431046,3965.3,3965.3,1049.4,396.9,True,1,1,False,False,False,False,,True,False,False,Course Lock,196.8,67,16.4,93,N,SW,2.23,11.4,Calm,False,False,Android,7.0.2,M300 RTK,1ZN7L4R0H1D00F,1W9DL31001461C,1ZMLH8300204F0,1Z6PH74DAP0QN7,"Corona, CA",728.3,5.7,137.7,8.547347,2.013246,0,0,DJI Matrice 300 RTK,M300 RTK,1ZN7L4R0H1D00F,1W9DL31001461C,1ZMLH8300204F0,1Z6PH74DAP0QN7,DJI Pilot,Android,7.0.2,1EF72A62-B7C3-C88D-164E-CE6F8C8424AE,1ZN7L4R0H1D00F,1W9DL31001461C,,1ZMLH8300204F0,1W9DL31001461C,,,,,
2023-11-01,11:34:12.32 AM,9m 50.0s,590.0,33.7950659219665,-117.4751275963244,0,137.7,17.3,1264,5134.1,7.337708,7.569323,-5.816044,2.23694,4.47388,4.47388,0.671082,0.894776,-2.8,-0.1,2.8,143.6,143.6,143.2,Tripod,Other,,21,5,True,,True,False,,Smart,RC,False,True,False,,,True,,False,False,False,False,False,False,False,False,False,False,0,Follow Yaw,-77.9,0,135.4,135.4,False,False,False,False,False,,0,0,False,False,No Card,100,100,1024,1418,720,910,2,False,False,False,False,False,0,False,False,False,False,68,,46.368,,6879,,10044,,46.368,,True,3.863,3.863,3.863,3.863,3.863,3.863,3.863,3.863,3.863,3.863,3.863,3.863,0,,False,False,True,,,,,,,,,,,,,,,False,False,18.846,,103.8,,75.7,,103.8,,1299,120,,22,7,143057.3,19074.31,,Idle,,20,,10,,,20,Go Home,False,False,False,False,False,False,False,False,False,False,False,False,33.8027920380556,-117.4659261431046,3965.5,3965.5,1049.4,396.9,True,1,1,False,False,False,False,,True,False,False,Course Lock,196.8,67,16.4,93,N,SW,2.23,11.4,Calm,False,False,Android,7.0.2,M300 RTK,1ZN7L4R0H1D00F,1W9DL31001461C,1ZMLH8300204F0,1Z6PH74DAP0QN7,"Corona, CA",728.3,5.7,137.7,8.547347,2.013246,0,0,DJI Matrice 300 RTK,M300 RTK,1ZN7L4R0H1D00F,1W9DL31001461C,1ZMLH8300204F0,1Z6PH74DAP0QN7,DJI Pilot,Android,7.0.2,1EF72A62-B7C3-C88D-164E-CE6F8C8424AE,1ZN7L4R0H1D00F,1W9DL31001461C,,1ZMLH8300204F0,1W9DL31001461C,,,,,
2023-11-01,11:34:12.42 AM,9m 50.1s,590.1,33.7950638238332,-117.4751254630892,0,137.7,17.0,1264,5135.1,7.337708,7.569323,-5.816044,2.23694,4.47388,4.47388,0.671082,0.894776,-2.9,-0.1,2.9,143.5,143.5,139.8,Tripod,Other,,21,5,True,,True,False,,Smart,RC,False,True,False,,,True,,False,False,False,False,False,False,False,False,False,False,0,Follow Yaw,-77.9,0,135.3,135.3,False,False,False,False,False,,0,0,False,False,No Card,100,100,1024,1418,720,968,2,False,False,False,False,False,0,False,False,False,False,68,,46.368,,6879,,10044,,46.368,,True,3.863,3.863,3.863,3.863,3.863,3.863,3.863,3.863,3.863,3.863,3.863,3.863,0,,False,False,True,,,,,,,,,,,,,,,False,False,18.846,,103.8,,75.7,,103.8,,1299,120,,22,7,143057.3,19074.31,,Idle,,20,,10,,,20,Go Home,False,False,False,False,False,False,False,False,False,False,False,False,33.8027920380556,-117.4659261431046,3965.6,3965.6,1049.4,396.9,True,1,1,False,False,False,False,,True,False,False,Course Lock,196.8,67,16.4,93,N,SW,2.23,11.4,Calm,False,False,Android,7.0.2,M300 RTK,1ZN7L4R0H1D00F,1W9DL31001461C,1ZMLH8300204F0,1Z6PH74DAP0QN7,"Corona, CA",728.3,5.7,137.7,8.547347,2.013246,0,0,DJI Matrice 300 RTK,M300 RTK,1ZN7L4R0H1D00F,1W9DL31001461C,1ZMLH8300204F0,1Z6PH74DAP0QN7,DJI Pilot,Android,7.0.2,1EF72A62-B7C3-C88D-164E-CE6F8C8424AE,1ZN7L4R0H1D00F,1W9DL31001461C,,1ZMLH8300204F0,1W9DL31001461C,,,,,
2023-11-01,11:34:12.52 AM,9m 50.2s,590.2,33.7950614258539,-117.4751232713649,-0.3,137.7,17.0,1263,5136.2,7.337708,7.569323,-5.816044,2.23694,4.47388,4.47388,0.671082,0.894776,-2.9,-0.4,2.9,143.3,143.3,142.7,Tripod,Other,,21,5,True,,True,False,,Smart,RC,False,True,False,,,True,,False,False,False,False,False,False,False,False,False,False,0,Follow Yaw,-77.9,0,135.1,135.1,False,False,False,False,False,,0,0,False,False,No Card,100,100,1024,1418,716,981,2,False,False,False,False,False,0,False,False,False,False,68,,46.368,,6879,,10044,,46.368,,True,3.863,3.863,3.863,3.863,3.863,3.863,3.863,3.863,3.863,3.863,3.863,3.863,0,,False,False,True,,,,,,,,,,,,,,,False,False,18.846,,103.8,,75.7,,103.8,,1299,120,,22,7,143057.3,19074.31,,Idle,,20,,10,,,20,Go Home,False,False,False,False,False,False,False,False,False,False,False,False,33.8027920380556,-117.4659261431046,3965.8,3965.8,1049.4,396.9,True,1,1,False,False,False,False,,True,False,False,Course Lock,196.8,67,16.4,93,N,SW,2.23,11.4,Calm,False,False,Android,7.0.2,M300 RTK,1ZN7L4R0H1D00F,1W9DL31001461C,1ZMLH8300204F0,1Z6PH74DAP0QN7,"Corona, CA",728.3,5.7,137.7,8.547347,2.013246,0,0,DJI Matrice 300 RTK,M300 RTK,1ZN7L4R0H1D00F,1W9DL31001461C,1ZMLH8300204F0,1Z6PH74DAP0QN7,DJI Pilot,Android,7.0.2,1EF72A62-B7C3-C88D-164E-CE6F8C8424AE,1ZN7L4R0H1D00F,1W9DL31001461C,,1ZMLH8300204F0,1W9DL31001461C,,,,,
2023-11-01,11:34:12.64 AM,9m 50.3s,590.3,33.7950585918722,-117.4751209105642,-0.3,137.7,17.0,1263,5137.4,7.337708,7.569323,-5.816044,2.23694,4.47388,4.47388,0.671082,0.894776,-2.7,-0.3,2.7,143.2,143.2,145.3,Tripod,Other,,21,5,True,,True,False,,Smart,RC,False,True,False,,,True,,False,False,False,False,False,False,False,False,False,False,0,Follow Yaw,-77.9,0,135.1,135.1,False,False,False,False,False,,0,0,False,False,No Card,100,100,1024,1420,706,1007,2,False,False,False,False,False,0,False,False,False,False,68,,46.368,,6879,,10044,,46.368,,True,3.863,3.863,3.863,3.863,3.863,3.863,3.863,3.863,3.863,3.863,3.863,3.863,0,,False,False,True,,,,,,,,,,,,,,,False,False,18.846,,103.8,,75.7,,103.8,,1300,120,,22,7,142842.1,19045.61,,Idle,,20,,10,,,20,Go Home,False,False,False,False,False,False,False,False,False,False,False,False,33.8027920380556,-117.4659261431046,3966.0,3966.0,1049.4,396.9,True,1,1,False,False,False,False,,True,False,False,Course Lock,196.8,67,16.4,93,N,SW,2.23,11.4,Calm,False,False,Android,7.0.2,M300 RTK,1ZN7L4R0H1D00F,1W9DL31001461C,1ZMLH8300204F0,1Z6PH74DAP0QN7,"Corona, CA",728.3,5.7,137.7,8.547347,2.013246,0,0,DJI Matrice 300 RTK,M300 RTK,1ZN7L4R0H1D00F,1W9DL31001461C,1ZMLH8300204F0,1Z6PH74DAP0QN7,DJI Pilot,Android,7.0.2,1EF72A62-B7C3-C88D-164E-CE6F8C8424AE,1ZN7L4R0H1D00F,1W9DL31001461C,,1ZMLH8300204F0,1W9DL31001461C,,,,,
2023-11-01,11:34:12.73 AM,9m 50.4s,590.4,33.7950561622824,-117.4751186728444,-0.3,137.7,17.0,1263,5138.5,7.337708,7.569323,-5.816044,2.23694,4.47388,4.47388,0.671082,0.894776,-2.6,-0.1,2.6,143.2,143.2,142.5,Tripod,Other,,21,5,True,,True,False,,Smart,RC,False,True,False,,,True,,False,False,False,False,False,False,False,False,False,False,0,Follow Yaw,-77.9,0,135,135,False,False,False,False,False,,0,0,False,False,No Card,100,100,1024,1420,706,1007,2,False,False,False,False,False,0,False,False,False,False,68,,46.368,,6879,,10044,,46.368,,True,3.863,3.863,3.863,3.863,3.863,3.863,3.863,3.863,3.863,3.863,3.863,3.863,0,,False,False,True,,,,,,,,,,,,,,,False,False,18.846,,103.8,,75.7,,103.8,,1300,120,,22,7,142842.1,19045.61,,Idle,,20,,10,,,20,Go Home,False,False,False,False,False,False,False,False,False,False,False,False,33.8027920380556,-117.4659261431046,3966.1,3966.1,1049.4,396.9,True,1,1,False,False,False,False,,True,False,False,Course Lock,196.8,67,16.4,93,N,SW,2.23,11.4,Calm,False,False,Android,7.0.2,M300 RTK,1ZN7L4R0H1D00F,1W9DL31001461C,1ZMLH8300204F0,1Z6PH74DAP0QN7,"Corona, CA",728.3,5.7,137.7,8.547347,2.013246,0,0,DJI Matrice 300 RTK,M300 RTK,1ZN7L4R0H1D00F,1W9DL31001461C,1ZMLH8300204F0,1Z6PH74DAP0QN7,DJI Pilot,Android,7.0.2,1EF72A62-B7C3-C88D-164E-CE6F8C8424AE,1ZN7L4R0H1D00F,1W9DL31001461C,,1ZMLH8300204F0,1W9DL31001461C,,,,,
2023-11-01,11:34:12.83 AM,9m 50.5s,590.5,33.795053873338,-117.475116218692,-0.6,137.7,17.0,1263,5139.7,7.337708,7.569323,-5.816044,2.23694,4.47388,4.47388,0.671082,0.894776,-2.5,0.4,2.5,143.2,143.2,138.2,Tripod,Other,,21,5,True,,True,False,,Smart,RC,False,True,False,,,True,,False,False,False,False,False,False,False,False,False,False,0,Follow Yaw,-77.9,0,135,135,False,False,False,False,False,,0,0,False,False,No Card,100,100,1024,1418,681,980,2,False,False,False,False,False,0,False,False,False,False,68,,46.368,,6879,,10044,,46.368,,True,3.863,3.863,3.863,3.863,3.863,3.863,3.863,3.863,3.863,3.863,3.863,3.863,0,,False,False,True,,,,,,,,,,,,,,,False,False,18.846,,103.8,,75.7,,103.8,,1300,120,,22,7,142842.1,19045.61,,Idle,,20,,10,,,20,Go Home,False,False,False,False,False,False,False,False,False,False,False,False,33.8027920380556,-117.4659261431046,3966.2,3966.2,1049.4,396.9,True,1,1,False,False,False,False,,True,False,False,Course Lock,196.8,67,16.4,93,N,SW,2.23,11.4,Calm,False,False,Android,7.0.2,M300 RTK,1ZN7L4R0H1D00F,1W9DL31001461C,1ZMLH8300204F0,1Z6PH74DAP0QN7,"Corona, CA",728.3,5.7,137.7,8.547347,2.013246,0,0,DJI Matrice 300 RTK,M300 RTK,1ZN7L4R0H1D00F,1W9DL31001461C,1ZMLH8300204F0,1Z6PH74DAP0QN7,DJI Pilot,Android,7.0.2,1EF72A62-B7C3-C88D-164E-CE6F8C8424AE,1ZN7L4R0H1D00F,1W9DL31001461C,,1ZMLH8300204F0,1W9DL31001461C,,,,,
2023-11-01,11:34:12.94 AM,9m 50.6s,590.6,33.7950514538567,-117.4751139548716,-0.6,137.7,17.0,1263,5140.8,7.337708,7.569323,-5.816044,2.23694,4.47388,4.47388,0.671082,0.894776,-2.4,0.7,2.5,143.2,143.2,142.1,Tripod,Other,,21,5,True,,True,False,,Smart,RC,False,True,False,,,True,,False,False,False,False,False,False,False,False,False,False,0,Follow Yaw,-77.9,0,135,135,False,False,False,False,False,,0,0,False,False,No Card,100,100,1024,1417,681,958,2,False,False,False,False,False,0,False,False,False,False,68,,46.368,,6879,,10044,,46.368,,True,3.863,3.863,3.863,3.863,3.863,3.863,3.863,3.863,3.863,3.863,3.863,3.863,0,,False,False,True,,,,,,,,,,,,,,,False,False,18.846,,103.8,,75.7,,103.8,,1300,120,,22,7,142842.1,19045.61,,Idle,,20,,10,,,20,Go Home,False,False,False,False,False,False,False,False,False,False,False,False,33.8027920380556,-117.4659261431046,3966.4,3966.4,1049.4,396.9,True,1,1,False,False,False,False,,True,False,False,Course Lock,196.8,67,16.4,93,N,SW,2.23,11.4,Calm,False,False,Android,7.0.2,M300 RTK,1ZN7L4R0H1D00F,1W9DL31001461C,1ZMLH8300204F0,1Z6PH74DAP0QN7,"Corona, CA",728.3,5.7,137.7,8.547347,2.013246,0,0,DJI Matrice 300 RTK,M300 RTK,1ZN7L4R0H1D00F,1W9DL31001461C,1ZMLH8300204F0,1Z6PH74DAP0QN7,DJI Pilot,Android,7.0.2,1EF72A62-B7C3-C88D-164E-CE6F8C8424AE,1ZN7L4R0H1D00F,1W9DL31001461C,,1ZMLH8300204F0,1W9DL31001461C,,,,,
2023-11-01,11:34:13.04 AM,9m 50.7s,590.7,33.7950491303549,-117.4751117794549,-0.9,137.7,17.0,1263,5141.8,7.337708,7.569323,-5.816044,2.23694,4.47388,4.47388,0.671082,0.894776,-2.3,0.7,2.4,143.1,143.1,142.1,Tripod,Other,,21,5,True,,True,False,,Smart,RC,False,True,False,,,True,,False,False,False,False,False,False,False,False,False,False,0,Follow Yaw,-77.9,0,134.9,134.9,False,False,False,False,False,,0,0,False,False,No Card,100,100,1024,1417,690,954,2,False,False,False,False,False,0,False,False,False,False,69,,46.332,,3440,,4986,,46.332,,True,3.863,3.863,3.863,3.863,3.863,3.863,3.863,3.863,3.863,3.863,3.863,3.863,0,,False,False,True,,,,,,,,,,,,,,,False,False,9.404,,103.6,,75.7,,103.8,,1300,120,,22,7,142842.1,19045.61,,Idle,,20,,10,,,20,Go Home,False,False,False,False,False,False,False,False,False,False,False,False,33.8027920380556,-117.4659261431046,3966.5,3966.5,1049.4,396.9,True,1,1,False,False,False,False,,True,False,False,Course Lock,196.8,67,16.4,93,N,SW,2.23,11.4,Calm,False,False,Android,7.0.2,M300 RTK,1ZN7L4R0H1D00F,1W9DL31001461C,1ZMLH8300204F0,1Z6PH74DAP0QN7,"Corona, CA",728.3,5.7,137.7,8.547347,2.013246,0,0,DJI Matrice 300 RTK,M300 RTK,1ZN7L4R0H1D00F,1W9DL31001461C,1ZMLH8300204F0,1Z6PH74DAP0QN7,DJI Pilot,Android,7.0.2,1EF72A62-B7C3-C88D-164E-CE6F8C8424AE,1ZN7L4R0H1D00F,1W9DL31001461C,,1ZMLH8300204F0,1W9DL31001461C,,,,,
2023-11-01,11:34:13.14 AM,9m 50.8s,590.8,33.7950467081152,-117.4751095356738,-0.9,137.7,17.0,1263,5143.0,7.337708,7.569323,-5.816044,2.23694,4.47388,4.47388,0.671082,0.894776,-2.4,0.5,2.4,143.1,143.1,142.4,Tripod,Other,,21,5,True,,True,False,,Smart,RC,False,True,False,,,True,,False,False,False,False,False,False,False,False,False,False,0,Follow Yaw,-77.9,0,134.8,134.8,False,False,False,False,False,,0,0,False,False,No Card,100,100,1024,1418,714,980,2,False,False,False,False,False,0,False,False,False,False,69,,46.332,,3440,,4986,,46.332,,True,3.863,3.863,3.863,3.863,3.863,3.863,3.863,3.863,3.863,3.863,3.863,3.863,0,,False,False,True,,,,,,,,,,,,,,,False,False,9.404,,103.6,,75.7,,103.8,,1300,120,,22,7,142842.1,19045.61,,Idle,,20,,10,,,20,Go Home,False,False,False,False,False,False,False,False,False,False,False,False,33.8027920380556,-117.4659261431046,3966.7,3966.7,1049.4,396.9,True,1,1,False,False,False,False,,True,False,False,Course Lock,196.8,67,16.4,93,N,SW,2.23,11.4,Calm,False,False,Android,7.0.2,M300 RTK,1ZN7L4R0H1D00F,1W9DL31001461C,1ZMLH8300204F0,1Z6PH74DAP0QN7,"Corona, CA",728.3,5.7,137.7,8.547347,2.013246,0,0,DJI Matrice 300 RTK,M300 RTK,1ZN7L4R0H1D00F,1W9DL31001461C,1ZMLH8300204F0,1Z6PH74DAP0QN7,DJI Pilot,Android,7.0.2,1EF72A62-B7C3-C88D-164E-CE6F8C8424AE,1ZN7L4R0H1D00F,1W9DL31001461C,,1ZMLH8300204F0,1W9DL31001461C,,,,,
2023-11-01,11:34:13.25 AM,9m 50.9s,590.9,33.7950441616436,-117.4751072973148,-0.9,137.7,17.0,1263,5144.1,7.516251,7.569323,-6.039738,2.23694,4.47388,4.47388,0.671082,0.894776,-2.4,0,2.4,143.1,143.1,143.8,Tripod,Other,,21,5,True,,True,False,,Smart,RC,False,True,False,,,True,,False,False,False,False,False,False,False,False,False,False,0,Follow Yaw,-77.9,0,134.8,134.8,False,False,False,False,False,,0,0,False,False,No Card,100,100,1024,1418,716,986,2,False,False,False,False,False,0,False,False,False,False,69,,46.332,,3440,,4986,,46.332,,True,3.863,3.863,3.863,3.863,3.863,3.863,3.863,3.863,3.863,3.863,3.863,3.863,0,,False,False,True,,,,,,,,,,,,,,,False,False,9.404,,103.6,,75.7,,103.8,,1300,120,,22,7,142842.1,19045.61,,Idle,,20,,10,,,20,Go Home,False,False,False,False,False,False,False,False,False,False,False,False,33.8027920380556,-117.4659261431046,3966.8,3966.8,1049.4,396.9,True,1,1,False,False,False,False,,True,False,False,Course Lock,196.8,67,16.4,93,NW,S,2.23,11.4,Calm,False,False,Android,7.0.2,M300 RTK,1ZN7L4R0H1D00F,1W9DL31001461C,1ZMLH8300204F0,1Z6PH74DAP0QN7,"Corona, CA",728.3,5.7,137.7,8.547347,2.013246,0,0,DJI Matrice 300 RTK,M300 RTK,1ZN7L4R0H1D00F,1W9DL31001461C,1ZMLH8300204F0,1Z6PH74DAP0QN7,DJI Pilot,Android,7.0.2,1EF72A62-B7C3-C88D-164E-CE6F8C8424AE,1ZN7L4R0H1D00F,1W9DL31001461C,,1ZMLH8300204F0,1W9DL31001461C,,,,,
2023-11-01,11:34:13.35 AM,9m 51.0s,591.0,33.7950417279418,-117.4751050548325,-1.3,137.7,17.0,1262,5145.2,7.337708,7.569323,-5.816044,2.23694,4.47388,4.47388,0.671082,0.894776,-2.5,-0.2,2.5,143,143,142.5,Tripod,Other,,21,5,True,,True,False,,Smart,RC,False,True,False,,,True,,False,False,False,False,False,False,False,False,False,False,0,Follow Yaw,-77.9,0,134.7,134.7,False,False,False,False,False,,0,0,False,False,No Card,100,100,1024,1418,714,954,2,False,False,False,False,False,0,False,False,False,False,68,,46.416,,6879,,10044,,46.416,,True,3.863,3.863,3.863,3.863,3.863,3.863,3.863,3.863,3.863,3.863,3.863,3.863,0,,False,False,True,,,,,,,,,,,,,,,False,False,18.798,,104.0,,75.7,,104.0,,1300,120,,22,7,142842.1,19045.61,,Idle,,20,,10,,,20,Go Home,False,False,False,False,False,False,False,False,False,False,False,False,33.8027920380556,-117.4659261431046,3967.0,3967.0,1049.4,396.9,True,1,1,False,False,False,False,,True,False,False,Course Lock,196.8,67,16.4,93,NW,S,2.23,11.4,Calm,False,False,Android,7.0.2,M300 RTK,1ZN7L4R0H1D00F,1W9DL31001461C,1ZMLH8300204F0,1Z6PH74DAP0QN7,"Corona, CA",728.3,5.7,137.7,8.547347,2.013246,0,0,DJI Matrice 300 RTK,M300 RTK,1ZN7L4R0H1D00F,1W9DL31001461C,1ZMLH8300204F0,1Z6PH74DAP0QN7,DJI Pilot,Android,7.0.2,1EF72A62-B7C3-C88D-164E-CE6F8C8424AE,1ZN7L4R0H1D00F,1W9DL31001461C,,1ZMLH8300204F0,1W9DL31001461C,,,,,
2023-11-01,11:34:13.46 AM,9m 51.1s,591.1,33.7950392167986,-117.4751029791999,-1.3,137.7,17.0,1262,5146.3,7.337708,7.569323,-5.816044,2.23694,4.47388,4.47388,0.671082,0.894776,-2.7,-0.3,2.7,143,143,145.5,Tripod,Other,,21,5,True,,True,False,,Smart,RC,False,True,False,,,True,,False,False,False,False,False,False,False,False,False,False,0,Follow Yaw,-77.9,0,134.6,134.6,False,False,False,False,False,,0,0,False,False,No Card,100,100,1024,1418,697,924,2,False,False,False,False,False,0,False,False,False,False,68,,46.416,,6879,,10044,,46.416,,True,3.863,3.863,3.863,3.863,3.863,3.863,3.863,3.863,3.863,3.863,3.863,3.863,0,,False,False,True,,,,,,,,,,,,,,,False,False,18.798,,104.0,,75.7,,104.0,,1300,120,,22,7,142842.1,19045.61,,Idle,,20,,10,,,20,Go Home,False,False,False,False,False,False,False,False,False,False,False,False,33.8027920380556,-117.4659261431046,3967.2,3967.2,1049.4,396.9,True,1,1,False,False,False,False,,True,False,False,Course Lock,196.8,67,16.4,93,NW,S,2.23,11.4,Calm,False,False,Android,7.0.2,M300 RTK,1ZN7L4R0H1D00F,1W9DL31001461C,1ZMLH8300204F0,1Z6PH74DAP0QN7,"Corona, CA",728.3,5.7,137.7,8.547347,2.013246,0,0,DJI Matrice 300 RTK,M300 RTK,1ZN7L4R0H1D00F,1W9DL31001461C,1ZMLH8300204F0,1Z6PH74DAP0QN7,DJI Pilot,Android,7.0.2,1EF72A62-B7C3-C88D-164E-CE6F8C8424AE,1ZN7L4R0H1D00F,1W9DL31001461C,,1ZMLH8300204F0,1W9DL31001461C,,,,,
2023-11-01,11:34:13.56 AM,9m 51.2s,591.2,33.7950367848102,-117.4751007367795,-1.3,137.7,17.0,1262,5147.5,7.337708,7.569323,-5.816044,2.23694,4.47388,4.47388,0.671082,0.894776,-2.9,-0.3,2.9,142.9,142.9,142.5,Tripod,Other,,21,5,True,,True,False,,Smart,RC,False,True,False,,,True,,False,False,False,False,False,False,False,False,False,False,0,Follow Yaw,-77.9,0,134.5,134.5,False,False,False,False,False,,0,0,False,False,No Card,100,100,1024,1418,700,977,2,False,False,False,False,False,0,False,False,False,False,68,,46.416,,6879,,10044,,46.416,,True,3.863,3.863,3.863,3.863,3.863,3.863,3.863,3.863,3.863,3.863,3.863,3.863,0,,False,False,True,,,,,,,,,,,,,,,False,False,18.798,,104.0,,75.7,,104.0,,1300,120,,22,7,142842.1,19045.61,,Idle,,20,,10,,,20,Go Home,False,False,False,False,False,False,False,False,False,False,False,False,33.8027920380556,-117.4659261431046,3967.4,3967.4,1049.4,396.9,True,1,1,False,False,False,False,,True,False,False,Course Lock,196.8,67,16.4,93,NW,S,2.23,11.4,Calm,False,False,Android,7.0.2,M300 RTK,1ZN7L4R0H1D00F,1W9DL31001461C,1ZMLH8300204F0,1Z6PH74DAP0QN7,"Corona, CA",728.3,5.7,137.7,8.547347,2.013246,0,0,DJI Matrice 300 RTK,M300 RTK,1ZN7L4R0H1D00F,1W9DL31001461C,1ZMLH8300204F0,1Z6PH74DAP0QN7,DJI Pilot,Android,7.0.2,1EF72A62-B7C3-C88D-164E-CE6F8C8424AE,1ZN7L4R0H1D00F,1W9DL31001461C,,1ZMLH8300204F0,1W9DL31001461C,,,,,
2023-11-01,11:34:13.67 AM,9m 51.3s,591.3,33.7950344867681,-117.4750984124289,-1.6,137.7,17.0,1262,5148.6,7.337708,7.569323,-5.816044,2.23694,4.47388,4.47388,0.671082,0.894776,-2.8,-0.4,2.8,142.8,142.8,139.9,Tripod,Other,,21,5,True,,True,False,,Smart,RC,False,True,False,,,True,,False,False,False,False,False,False,False,False,False,False,0,Follow Yaw,-77.9,0,134.4,134.4,False,False,False,False,False,,0,0,False,False,No Card,100,100,1024,1418,699,983,2,False,False,False,False,False,0,False,False,False,False,68,,46.416,,6879,,10044,,46.416,,True,3.866,3.866,3.866,3.866,3.866,3.866,3.866,3.866,3.866,3.866,3.866,3.866,0,,False,False,True,,,,,,,,,,,,,,,False,False,18.798,,104.0,,75.7,,104.0,,1300,120,,22,7,142627.1,19016.95,,Idle,,20,,10,,,20,Go Home,False,False,False,False,False,False,False,False,False,False,False,False,33.8027920380556,-117.4659261431046,3967.5,3967.5,1049.4,396.9,True,1,1,False,False,False,False,,True,False,False,Course Lock,196.8,67,16.4,93,NW,S,2.23,11.4,Calm,False,False,Android,7.0.2,M300 RTK,1ZN7L4R0H1D00F,1W9DL31001461C,1ZMLH8300204F0,1Z6PH74DAP0QN7,"Corona, CA",728.3,5.7,137.7,8.547347,2.013246,0,0,DJI Matrice 300 RTK,M300 RTK,1ZN7L4R0H1D00F,1W9DL31001461C,1ZMLH8300204F0,1Z6PH74DAP0QN7,DJI Pilot,Android,7.0.2,1EF72A62-B7C3-C88D-164E-CE6F8C8424AE,1ZN7L4R0H1D00F,1W9DL31001461C,,1ZMLH8300204F0,1W9DL31001461C,,,,,
2023-11-01,11:34:13.77 AM,9m 51.4s,591.4,33.795032070011,-117.4750961324245,-1.6,137.7,17.0,1262,5149.7,7.4762,7.569323,-5.816044,2.23694,4.697574,4.697574,0.671082,0.894776,-2.7,-0.2,2.7,142.7,142.7,141.9,Tripod,Other,,21,5,True,,True,False,,Smart,RC,False,True,False,,,True,,False,False,False,False,False,False,False,False,False,False,0,Follow Yaw,-77.9,0,134.3,134.3,False,False,False,False,False,,0,0,False,False,No Card,100,100,1024,1418,694,953,2,False,False,False,False,False,0,False,False,False,False,68,,46.416,,6879,,10044,,46.416,,True,3.866,3.866,3.866,3.866,3.866,3.866,3.866,3.866,3.866,3.866,3.866,3.866,0,,False,False,True,,,,,,,,,,,,,,,False,False,18.798,,104.0,,75.7,,104.0,,1300,120,,22,7,142627.1,19016.95,,Idle,,20,,10,,,20,Go Home,False,False,False,False,False,False,False,False,False,False,False,False,33.8027920380556,-117.4659261431046,3967.6,3967.6,1049.4,396.9,True,1,1,False,False,False,False,,True,False,False,Course Lock,196.8,67,16.4,93,NW,S,2.23,11.4,Calm,False,False,Android,7.0.2,M300 RTK,1ZN7L4R0H1D00F,1W9DL31001461C,1ZMLH8300204F0,1Z6PH74DAP0QN7,"Corona, CA",728.3,5.7,137.7,8.547347,2.013246,0,0,DJI Matrice 300 RTK,M300 RTK,1ZN7L4R0H1D00F,1W9DL31001461C,1ZMLH8300204F0,1Z6PH74DAP0QN7,DJI Pilot,Android,7.0.2,1EF72A62-B7C3-C88D-164E-CE6F8C8424AE,1ZN7L4R0H1D00F,1W9DL31001461C,,1ZMLH8300204F0,1W9DL31001461C,,,,,
2023-11-01,11:34:13.88 AM,9m 51.5s,591.5,33.7950297566349,-117.4750939524103,-1.6,137.7,17.0,1262,5150.7,7.4762,7.569323,-5.816044,2.23694,4.697574,4.697574,0.671082,0.894776,-2.7,0.1,2.7,142.7,142.7,141.9,Tripod,Other,,21,5,True,,True,False,,Smart,RC,False,True,False,,,True,,False,False,False,False,False,False,False,False,False,False,0,Follow Yaw,-77.9,0,134.2,134.2,False,False,False,False,False,,0,0,False,False,No Card,100,100,1024,1418,693,862,2,False,False,False,False,False,0,False,False,False,False,68,,46.416,,6879,,10044,,46.416,,True,3.866,3.866,3.866,3.866,3.866,3.866,3.866,3.866,3.866,3.866,3.866,3.866,0,,False,False,True,,,,,,,,,,,,,,,False,False,18.798,,104.0,,75.7,,104.0,,1300,120,,22,7,142627.1,19016.95,,Idle,,20,,10,,,20,Go Home,False,False,False,False,False,False,False,False,False,False,False,False,33.8027920380556,-117.4659261431046,3967.7,3967.7,1049.4,396.9,True,1,1,False,False,False,False,,True,False,False,Course Lock,196.8,67,16.4,93,NW,S,2.23,11.4,Calm,False,False,Android,7.0.2,M300 RTK,1ZN7L4R0H1D00F,1W9DL31001461C,1ZMLH8300204F0,1Z6PH74DAP0QN7,"Corona, CA",728.3,5.7,137.7,8.547347,2.013246,0,0,DJI Matrice 300 RTK,M300 RTK,1ZN7L4R0H1D00F,1W9DL31001461C,1ZMLH8300204F0,1Z6PH74DAP0QN7,DJI Pilot,Android,7.0.2,1EF72A62-B7C3-C88D-164E-CE6F8C8424AE,1ZN7L4R0H1D00F,1W9DL31001461C,,1ZMLH8300204F0,1W9DL31001461C,,,,,
2023-11-01,11:34:13.94 AM,9m 51.6s,591.6,33.7950273502946,-117.4750916684475,-1.9,137.7,17.0,1262,5151.9,7.4762,7.569323,-5.816044,2.23694,4.697574,4.697574,0.671082,0.894776,-2.6,0,2.6,142.5,142.5,141.7,Tripod,Other,,21,5,True,,True,False,,Smart,RC,False,True,False,,,True,,False,False,False,False,False,False,False,False,False,False,0,Follow Yaw,-77.9,0,134,134,False,False,False,False,False,,0,0,False,False,No Card,100,100,1024,1418,713,908,2,False,False,False,False,False,0,False,False,False,False,68,,46.416,,6879,,10044,,46.416,,True,3.866,3.866,3.866,3.866,3.866,3.866,3.866,3.866,3.866,3.866,3.866,3.866,0,,False,False,True,,,,,,,,,,,,,,,False,False,18.798,,104.0,,75.7,,104.0,,1300,120,,22,7,142627.1,19016.95,,Idle,,20,,10,,,20,Go Home,False,False,False,False,False,False,False,False,False,False,False,False,33.8027920380556,-117.4659261431046,3967.9,3967.9,1049.4,396.9,True,1,1,False,False,False,False,,True,False,False,Course Lock,196.8,67,16.4,93,NW,S,2.23,11.4,Calm,False,False,Android,7.0.2,M300 RTK,1ZN7L4R0H1D00F,1W9DL31001461C,1ZMLH8300204F0,1Z6PH74DAP0QN7,"Corona, CA",728.3,5.7,137.7,8.547347,2.013246,0,0,DJI Matrice 300 RTK,M300 RTK,1ZN7L4R0H1D00F,1W9DL31001461C,1ZMLH8300204F0,1Z6PH74DAP0QN7,DJI Pilot,Android,7.0.2,1EF72A62-B7C3-C88D-164E-CE6F8C8424AE,1ZN7L4R0H1D00F,1W9DL31001461C,,1ZMLH8300204F0,1W9DL31001461C,,,,,
2023-11-01,11:34:14.04 AM,9m 51.7s,591.7,33.7950248471354,-117.475089201348,-1.9,137.7,16.7,1262,5153.0,7.4762,7.569323,-5.816044,2.23694,4.697574,4.697574,0.671082,0.894776,-2.6,-0.5,2.6,142.4,142.4,140.6,Tripod,Other,,21,5,True,,True,False,,Smart,RC,False,True,False,,,True,,False,False,False,False,False,False,False,False,False,False,0,Follow Yaw,-77.9,0,133.7,133.7,False,False,False,False,False,,0,0,False,False,No Card,100,100,1024,1418,718,948,2,False,False,False,False,False,0,False,False,False,False,68,,46.416,,6879,,10044,,46.416,,True,3.866,3.866,3.866,3.866,3.866,3.866,3.866,3.866,3.866,3.866,3.866,3.866,0,,False,False,True,,,,,,,,,,,,,,,False,False,18.798,,104.0,,75.7,,104.0,,1300,120,,22,7,142627.1,19016.95,,Idle,,20,,10,,,20,Go Home,False,False,False,False,False,False,False,False,False,False,False,False,33.8027920380556,-117.4659261431046,3968.0,3968.0,1049.4,396.9,True,1,1,False,False,False,False,,True,False,False,Course Lock,196.8,67,16.4,93,NW,S,2.23,11.4,Calm,False,False,Android,7.0.2,M300 RTK,1ZN7L4R0H1D00F,1W9DL31001461C,1ZMLH8300204F0,1Z6PH74DAP0QN7,"Corona, CA",728.3,5.7,137.7,8.547347,2.013246,0,0,DJI Matrice 300 RTK,M300 RTK,1ZN7L4R0H1D00F,1W9DL31001461C,1ZMLH8300204F0,1Z6PH74DAP0QN7,DJI Pilot,Android,7.0.2,1EF72A62-B7C3-C88D-164E-CE6F8C8424AE,1ZN7L4R0H1D00F,1W9DL31001461C,,1ZMLH8300204F0,1W9DL31001461C,,,,,
2023-11-01,11:34:14.14 AM,9m 51.8s,591.8,33.7950224423029,-117.4750868830792,-1.9,137.7,16.7,1262,5154.2,7.4762,7.569323,-5.816044,2.23694,4.697574,4.697574,0.671082,0.894776,-2.5,-0.9,2.6,142.2,142.2,141.3,Tripod,Other,,21,5,True,,True,False,,Smart,RC,False,True,False,,,True,,False,False,False,False,False,False,False,False,False,False,0,Follow Yaw,-77.9,0,133.5,133.5,False,False,False,False,False,,0,0,False,False,No Card,100,100,1024,1420,730,952,2,False,False,False,False,False,0,False,False,False,False,68,,46.416,,6879,,10044,,46.416,,True,3.866,3.866,3.866,3.866,3.866,3.866,3.866,3.866,3.866,3.866,3.866,3.866,0,,False,False,True,,,,,,,,,,,,,,,False,False,18.798,,104.0,,75.7,,104.0,,1300,120,,22,7,142627.1,19016.95,,Idle,,20,,10,,,20,Go Home,False,False,False,False,False,False,False,False,False,False,False,False,33.8027920380556,-117.4659261431046,3968.2,3968.2,1049.4,396.9,True,1,1,False,False,False,False,,True,False,False,Course Lock,196.8,67,16.4,93,NW,S,2.23,11.4,Calm,False,False,Android,7.0.2,M300 RTK,1ZN7L4R0H1D00F,1W9DL31001461C,1ZMLH8300204F0,1Z6PH74DAP0QN7,"Corona, CA",728.3,5.7,137.7,8.547347,2.013246,0,0,DJI Matrice 300 RTK,M300 RTK,1ZN7L4R0H1D00F,1W9DL31001461C,1ZMLH8300204F0,1Z6PH74DAP0QN7,DJI Pilot,Android,7.0.2,1EF72A62-B7C3-C88D-164E-CE6F8C8424AE,1ZN7L4R0H1D00F,1W9DL31001461C,,1ZMLH8300204F0,1W9DL31001461C,,,,,
2023-11-01,11:34:14.24 AM,9m 51.9s,591.9,33.7950199547348,-117.4750845058678,-2.2,137.7,16.7,1261,5155.3,7.4762,7.569323,-5.816044,2.23694,4.697574,4.697574,0.671082,0.894776,-2.6,-0.5,2.6,142.1,142.1,141.5,Tripod,Other,,21,5,True,,True,False,,Smart,RC,False,True,False,,,True,,False,False,False,False,False,False,False,False,False,False,0,Follow Yaw,-77.9,0,133.4,133.4,False,False,False,False,False,,0,0,False,False,No Card,100,100,1024,1419,731,959,2,False,False,False,False,False,0,False,False,False,False,68,,46.416,,6879,,10044,,46.416,,True,3.866,3.866,3.866,3.866,3.866,3.866,3.866,3.866,3.866,3.866,3.866,3.866,0,,False,False,True,,,,,,,,,,,,,,,False,False,18.798,,104.0,,75.7,,104.0,,1300,120,,22,7,142627.1,19016.95,,Idle,,20,,10,,,20,Go Home,False,False,False,False,False,False,False,False,False,False,False,False,33.8027920380556,-117.4659261431046,3968.3,3968.3,1049.4,396.9,True,1,1,False,False,False,False,,True,False,False,Course Lock,196.8,67,16.4,93,NW,S,2.46,11.4,Calm,False,False,Android,7.0.2,M300 RTK,1ZN7L4R0H1D00F,1W9DL31001461C,1ZMLH8300204F0,1Z6PH74DAP0QN7,"Corona, CA",728.3,5.7,137.7,8.547347,2.013246,0,0,DJI Matrice 300 RTK,M300 RTK,1ZN7L4R0H1D00F,1W9DL31001461C,1ZMLH8300204F0,1Z6PH74DAP0QN7,DJI Pilot,Android,7.0.2,1EF72A62-B7C3-C88D-164E-CE6F8C8424AE,1ZN7L4R0H1D00F,1W9DL31001461C,,1ZMLH8300204F0,1W9DL31001461C,,,,,
2023-11-01,11:34:14.34 AM,9m 52.0s,592.0,33.795017564414,-117.4750821504894,-2.2,137.7,16.7,1261,5156.5,7.4762,7.569323,-5.816044,2.23694,4.697574,4.697574,0.671082,0.894776,-2.7,-0.1,2.7,141.9,141.9,140.6,Tripod,Other,,21,5,True,,True,False,,Smart,RC,False,True,False,,,True,,False,False,False,False,False,False,False,False,False,False,0,Follow Yaw,-77.9,0,133.3,133.3,False,False,False,False,False,,0,0,False,False,No Card,100,100,1024,1419,746,969,2,False,False,False,False,False,0,False,False,False,False,69,,46.368,,3440,,4986,,46.368,,True,3.866,3.866,3.866,3.866,3.866,3.866,3.866,3.866,3.866,3.866,3.866,3.866,0,,False,False,True,,,,,,,,,,,,,,,False,False,9.472,,103.6,,75.7,,104.0,,1300,120,,22,7,142627.1,19016.95,,Idle,,20,,10,,,20,Go Home,False,False,False,False,False,False,False,False,False,False,False,False,33.8027920380556,-117.4659261431046,3968.4,3968.4,1049.4,396.9,True,1,1,False,False,False,False,,True,False,False,Course Lock,196.8,67,16.4,93,NW,S,2.46,11.4,Calm,False,False,Android,7.0.2,M300 RTK,1ZN7L4R0H1D00F,1W9DL31001461C,1ZMLH8300204F0,1Z6PH74DAP0QN7,"Corona, CA",728.3,5.7,137.7,8.547347,2.013246,0,0,DJI Matrice 300 RTK,M300 RTK,1ZN7L4R0H1D00F,1W9DL31001461C,1ZMLH8300204F0,1Z6PH74DAP0QN7,DJI Pilot,Android,7.0.2,1EF72A62-B7C3-C88D-164E-CE6F8C8424AE,1ZN7L4R0H1D00F,1W9DL31001461C,,1ZMLH8300204F0,1W9DL31001461C,,,,,
2023-11-01,11:34:14.44 AM,9m 52.1s,592.1,33.795015081746,-117.4750796178704,-2.2,137.7,16.7,1261,5157.6,7.4762,7.569323,-5.816044,2.23694,4.697574,4.697574,0.671082,0.894776,-2.8,0.2,2.8,141.8,141.8,139.7,Tripod,Other,,21,5,True,,True,False,,Smart,RC,False,True,False,,,True,,False,False,False,False,False,False,False,False,False,False,0,Follow Yaw,-77.9,0,133.2,133.2,False,False,False,False,False,,0,0,False,False,No Card,100,100,1024,1418,756,970,2,False,False,False,False,False,0,False,False,False,False,69,,46.368,,3440,,4986,,46.368,,True,3.866,3.866,3.866,3.866,3.866,3.866,3.866,3.866,3.866,3.866,3.866,3.866,0,,False,False,True,,,,,,,,,,,,,,,False,False,9.472,,103.6,,75.7,,104.0,,1300,120,,22,7,142627.1,19016.95,,Idle,,20,,10,,,20,Go Home,False,False,False,False,False,False,False,False,False,False,False,False,33.8027920380556,-117.4659261431046,3968.5,3968.5,1049.4,396.9,True,1,1,False,False,False,False,,True,False,False,Course Lock,196.8,67,16.4,93,NW,S,2.46,11.4,Calm,False,False,Android,7.0.2,M300 RTK,1ZN7L4R0H1D00F,1W9DL31001461C,1ZMLH8300204F0,1Z6PH74DAP0QN7,"Corona, CA",728.3,5.7,137.7,8.547347,2.013246,0,0,DJI Matrice 300 RTK,M300 RTK,1ZN7L4R0H1D00F,1W9DL31001461C,1ZMLH8300204F0,1Z6PH74DAP0QN7,DJI Pilot,Android,7.0.2,1EF72A62-B7C3-C88D-164E-CE6F8C8424AE,1ZN7L4R0H1D00F,1W9DL31001461C,,1ZMLH8300204F0,1W9DL31001461C,,,,,
2023-11-01,11:34:14.54 AM,9m 52.2s,592.2,33.7950126845548,-117.47507724437,-2.6,137.7,16.7,1261,5158.8,7.4762,7.569323,-5.816044,2.23694,4.697574,4.697574,0.671082,0.894776,-2.7,0.4,2.7,141.6,141.6,140.5,Tripod,Other,,21,5,True,,True,False,,Smart,RC,False,True,False,,,True,,False,False,False,False,False,False,False,False,False,False,0,Follow Yaw,-77.9,0,133.1,133.1,False,False,False,False,False,,0,0,False,False,No Card,100,100,1024,1420,761,966,2,False,False,False,False,False,0,False,False,False,False,69,,46.368,,3440,,4986,,46.368,,True,3.866,3.866,3.866,3.866,3.866,3.866,3.866,3.866,3.866,3.866,3.866,3.866,0,,False,False,True,,,,,,,,,,,,,,,False,False,9.472,,103.6,,75.7,,104.0,,1300,120,,22,7,142627.1,19016.95,,Idle,,20,,10,,,20,Go Home,False,False,False,False,False,False,False,False,False,False,False,False,33.8027920380556,-117.4659261431046,3968.7,3968.7,1049.4,396.9,True,1,1,False,False,False,False,,True,False,False,Course Lock,196.8,67,16.4,93,NW,S,2.46,11.4,Calm,False,False,Android,7.0.2,M300 RTK,1ZN7L4R0H1D00F,1W9DL31001461C,1ZMLH8300204F0,1Z6PH74DAP0QN7,"Corona, CA",728.3,5.7,137.7,8.547347,2.013246,0,0,DJI Matrice 300 RTK,M300 RTK,1ZN7L4R0H1D00F,1W9DL31001461C,1ZMLH8300204F0,1Z6PH74DAP0QN7,DJI Pilot,Android,7.0.2,1EF72A62-B7C3-C88D-164E-CE6F8C8424AE,1ZN7L4R0H1D00F,1W9DL31001461C,,1ZMLH8300204F0,1W9DL31001461C,,,,,
2023-11-01,11:34:14.64 AM,9m 52.3s,592.3,33.795010207061,-117.4750748434289,-2.6,137.7,16.7,1261,5159.9,7.4762,7.569323,-5.816044,2.23694,4.697574,4.697574,0.671082,0.894776,-2.5,0.4,2.5,141.5,141.5,141.1,Tripod,Other,,21,5,True,,True,False,,Smart,RC,False,True,False,,,True,,False,False,False,False,False,False,False,False,False,False,0,Follow Yaw,-77.9,0,133.1,133.1,False,False,False,False,False,,0,0,False,False,No Card,100,100,1024,1420,772,988,2,False,False,False,False,False,0,False,False,False,False,69,,46.368,,3440,,4986,,46.368,,True,3.867,3.867,3.867,3.867,3.867,3.867,3.867,3.867,3.867,3.867,3.867,3.867,0,,False,False,True,,,,,,,,,,,,,,,False,False,9.472,,103.6,,75.7,,104.0,,1300,120,,22,7,142374.8,18983.31,,Idle,,20,,10,,,20,Go Home,False,False,False,False,False,False,False,False,False,False,False,False,33.8027920380556,-117.4659261431046,3968.8,3968.8,1049.4,396.9,True,1,1,False,False,False,False,,True,False,False,Course Lock,196.8,67,16.4,93,NW,S,2.46,11.4,Calm,False,False,Android,7.0.2,M300 RTK,1ZN7L4R0H1D00F,1W9DL31001461C,1ZMLH8300204F0,1Z6PH74DAP0QN7,"Corona, CA",728.3,5.7,137.7,8.547347,2.013246,0,0,DJI Matrice 300 RTK,M300 RTK,1ZN7L4R0H1D00F,1W9DL31001461C,1ZMLH8300204F0,1Z6PH74DAP0QN7,DJI Pilot,Android,7.0.2,1EF72A62-B7C3-C88D-164E-CE6F8C8424AE,1ZN7L4R0H1D00F,1W9DL31001461C,,1ZMLH8300204F0,1W9DL31001461C,,,,,
2023-11-01,11:34:14.74 AM,9m 52.4s,592.4,33.7950078007379,-117.4750724784844,-2.6,137.7,16.7,1261,5161.1,7.4762,7.569323,-5.816044,2.23694,4.697574,4.697574,0.671082,0.894776,-2.3,0,2.3,141.3,141.3,140.7,Tripod,Other,,21,5,True,,True,False,,Smart,RC,False,True,False,,,True,,False,False,False,False,False,False,False,False,False,False,0,Follow Yaw,-77.9,0,133,133,False,False,False,False,False,,0,0,False,False,No Card,100,100,1024,1420,779,1005,2,False,False,False,False,False,0,False,False,False,False,69,,46.368,,3440,,4986,,46.368,,True,3.867,3.867,3.867,3.867,3.867,3.867,3.867,3.867,3.867,3.867,3.867,3.867,0,,False,False,True,,,,,,,,,,,,,,,False,False,9.472,,103.6,,75.7,,104.0,,1300,120,,22,7,142374.8,18983.31,,Idle,,20,,10,,,20,Go Home,False,False,False,False,False,False,False,False,False,False,False,False,33.8027920380556,-117.4659261431046,3968.9,3968.9,1049.4,396.9,True,1,1,False,False,False,False,,True,False,False,Course Lock,196.8,67,16.4,93,NW,S,2.23,11.4,Calm,False,False,Android,7.0.2,M300 RTK,1ZN7L4R0H1D00F,1W9DL31001461C,1ZMLH8300204F0,1Z6PH74DAP0QN7,"Corona, CA",728.3,5.7,137.7,8.547347,2.013246,0,0,DJI Matrice 300 RTK,M300 RTK,1ZN7L4R0H1D00F,1W9DL31001461C,1ZMLH8300204F0,1Z6PH74DAP0QN7,DJI Pilot,Android,7.0.2,1EF72A62-B7C3-C88D-164E-CE6F8C8424AE,1ZN7L4R0H1D00F,1W9DL31001461C,,1ZMLH8300204F0,1W9DL31001461C,,,,,
2023-11-01,11:34:14.84 AM,9m 52.5s,592.5,33.795005447613,-117.4750701814919,-2.9,137.7,16.7,1261,5162.2,7.4762,7.569323,-5.816044,2.23694,4.697574,4.697574,0.447388,0.894776,-2.3,-0.1,2.3,141.3,141.3,140.9,Tripod,Other,,21,5,True,,True,False,,Smart,RC,False,True,False,,,True,,False,False,False,False,False,False,False,False,False,False,0,Follow Yaw,-77.9,0,133,133,False,False,False,False,False,,0,0,False,False,No Card,100,100,1024,1419,743,1010,2,False,False,False,False,False,0,False,False,False,False,69,,46.368,,3440,,4986,,46.368,,True,3.867,3.867,3.867,3.867,3.867,3.867,3.867,3.867,3.867,3.867,3.867,3.867,0,,False,False,True,,,,,,,,,,,,,,,False,False,9.472,,103.6,,75.7,,104.0,,1300,120,,22,7,142374.8,18983.31,,Idle,,20,,10,,,20,Go Home,False,False,False,False,False,False,False,False,False,False,False,False,33.8027920380556,-117.4659261431046,3969.0,3969.0,1049.4,396.9,True,1,1,False,False,False,False,,True,False,False,Course Lock,196.8,67,16.4,93,NW,S,2.23,11.4,Calm,False,False,Android,7.0.2,M300 RTK,1ZN7L4R0H1D00F,1W9DL31001461C,1ZMLH8300204F0,1Z6PH74DAP0QN7,"Corona, CA",728.3,5.7,137.7,8.547347,2.013246,0,0,DJI Matrice 300 RTK,M300 RTK,1ZN7L4R0H1D00F,1W9DL31001461C,1ZMLH8300204F0,1Z6PH74DAP0QN7,DJI Pilot,Android,7.0.2,1EF72A62-B7C3-C88D-164E-CE6F8C8424AE,1ZN7L4R0H1D00F,1W9DL31001461C,,1ZMLH8300204F0,1W9DL31001461C,,,,,
2023-11-01,11:34:14.94 AM,9m 52.6s,592.6,33.7950030536943,-117.4750678231446,-2.9,137.7,16.7,1261,5163.3,7.4762,7.569323,-5.816044,2.23694,4.697574,4.697574,0.447388,0.894776,-2.5,0,2.5,141.3,141.3,140.6,Tripod,Other,,21,5,True,,True,False,,Smart,RC,False,True,False,,,True,,False,False,False,False,False,False,False,False,False,False,0,Follow Yaw,-77.9,0,133,133,False,False,False,False,False,,0,0,False,False,No Card,100,100,1024,1419,743,1010,2,False,False,False,False,False,0,False,False,False,False,69,,46.368,,3440,,4986,,46.368,,True,3.867,3.867,3.867,3.867,3.867,3.867,3.867,3.867,3.867,3.867,3.867,3.867,0,,False,False,True,,,,,,,,,,,,,,,False,False,9.472,,103.6,,75.7,,104.0,,1300,120,,22,7,142374.8,18983.31,,Idle,,20,,10,,,20,Go Home,False,False,False,False,False,False,False,False,False,False,False,False,33.8027920380556,-117.4659261431046,3969.2,3969.2,1049.4,396.9,True,1,1,False,False,False,False,,True,False,False,Course Lock,196.8,67,16.4,93,NW,S,2.23,11.4,Calm,False,False,Android,7.0.2,M300 RTK,1ZN7L4R0H1D00F,1W9DL31001461C,1ZMLH8300204F0,1Z6PH74DAP0QN7,"Corona, CA",728.3,5.7,137.7,8.547347,2.013246,0,0,DJI Matrice 300 RTK,M300 RTK,1ZN7L4R0H1D00F,1W9DL31001461C,1ZMLH8300204F0,1Z6PH74DAP0QN7,DJI Pilot,Android,7.0.2,1EF72A62-B7C3-C88D-164E-CE6F8C8424AE,1ZN7L4R0H1D00F,1W9DL31001461C,,1ZMLH8300204F0,1W9DL31001461C,,,,,
2023-11-01,11:34:15.04 AM,9m 52.7s,592.7,33.7950008536876,-117.4750656865902,-2.9,137.7,16.7,1261,5164.3,7.4762,7.569323,-5.816044,2.23694,4.697574,4.697574,0.447388,0.894776,-2.9,0.2,2.9,141.2,141.2,141.0,Tripod,Other,,21,5,True,,True,False,,Smart,RC,False,True,False,,,True,,False,False,False,False,False,False,False,False,False,False,0,Follow Yaw,-77.9,0,133,133,False,False,False,False,False,,0,0,False,False,No Card,100,100,1024,1419,748,1010,2,False,False,False,False,False,0,False,False,False,False,69,,46.368,,3440,,4986,,46.368,,True,3.867,3.867,3.867,3.867,3.867,3.867,3.867,3.867,3.867,3.867,3.867,3.867,0,,False,False,True,,,,,,,,,,,,,,,False,False,9.472,,103.6,,75.7,,104.0,,1300,120,,22,7,142374.8,18983.31,,Idle,,20,,10,,,20,Go Home,False,False,False,False,False,False,False,False,False,False,False,False,33.8027920380556,-117.4659261431046,3969.3,3969.3,1049.4,396.9,True,1,1,False,False,False,False,,True,False,False,Course Lock,196.8,67,16.4,93,NW,S,2.23,11.4,Calm,False,False,Android,7.0.2,M300 RTK,1ZN7L4R0H1D00F,1W9DL31001461C,1ZMLH8300204F0,1Z6PH74DAP0QN7,"Corona, CA",728.3,5.7,137.7,8.547347,2.013246,0,0,DJI Matrice 300 RTK,M300 RTK,1ZN7L4R0H1D00F,1W9DL31001461C,1ZMLH8300204F0,1Z6PH74DAP0QN7,DJI Pilot,Android,7.0.2,1EF72A62-B7C3-C88D-164E-CE6F8C8424AE,1ZN7L4R0H1D00F,1W9DL31001461C,,1ZMLH8300204F0,1W9DL31001461C,,,,,
2023-11-01,11:34:15.14 AM,9m 52.8s,592.8,33.7949984725673,-117.4750633475812,-2.9,137.7,16.7,1261,5165.5,7.4762,7.569323,-5.816044,2.23694,4.697574,4.697574,0.447388,0.894776,-3.3,0.2,3.3,141.1,141.1,140.7,Tripod,Other,,21,5,True,,True,False,,Smart,RC,False,True,False,,,True,,False,False,False,False,False,False,False,False,False,False,0,Follow Yaw,-77.9,0,133,133,False,False,False,False,False,,0,0,False,False,No Card,100,100,1024,1418,748,1011,2,False,False,False,False,False,0,False,False,False,False,69,,46.368,,3440,,4986,,46.368,,True,3.867,3.867,3.867,3.867,3.867,3.867,3.867,3.867,3.867,3.867,3.867,3.867,0,,False,False,True,,,,,,,,,,,,,,,False,False,9.472,,103.6,,75.7,,104.0,,1300,120,,22,7,142374.8,18983.31,,Idle,,20,,10,,,20,Go Home,False,False,False,False,False,False,False,False,False,False,False,False,33.8027920380556,-117.4659261431046,3969.4,3969.4,1049.4,396.9,True,1,1,False,False,False,False,,True,False,False,Course Lock,196.8,67,16.4,93,NW,S,2.23,11.4,Calm,False,False,Android,7.0.2,M300 RTK,1ZN7L4R0H1D00F,1W9DL31001461C,1ZMLH8300204F0,1Z6PH74DAP0QN7,"Corona, CA",728.3,5.7,137.7,8.547347,2.013246,0,0,DJI Matrice 300 RTK,M300 RTK,1ZN7L4R0H1D00F,1W9DL31001461C,1ZMLH8300204F0,1Z6PH74DAP0QN7,DJI Pilot,Android,7.0.2,1EF72A62-B7C3-C88D-164E-CE6F8C8424AE,1ZN7L4R0H1D00F,1W9DL31001461C,,1ZMLH8300204F0,1W9DL31001461C,,,,,
2023-11-01,11:34:15.22 AM,9m 52.9s,592.9,33.7949960701677,-117.475060981111,-3.2,137.7,16.7,1260,5166.6,7.4762,7.569323,-5.816044,2.23694,4.697574,4.697574,0.447388,0.894776,-3.4,0.2,3.4,141,141,140.6,Tripod,Other,,21,5,True,,True,False,,Smart,RC,False,True,False,,,True,,False,False,False,False,False,False,False,False,False,False,0,Follow Yaw,-77.9,0,133,133,False,False,False,False,False,,0,0,False,False,No Card,100,100,1024,1416,748,1010,2,False,False,False,False,False,0,False,False,False,False,69,,46.368,,3440,,4986,,46.368,,True,3.867,3.867,3.867,3.867,3.867,3.867,3.867,3.867,3.867,3.867,3.867,3.867,0,,False,False,True,,,,,,,,,,,,,,,False,False,9.472,,103.6,,75.7,,104.0,,1300,120,,22,7,142374.8,18983.31,,Idle,,20,,10,,,20,Go Home,False,False,False,False,False,False,False,False,False,False,False,False,33.8027920380556,-117.4659261431046,3969.5,3969.5,1049.4,396.9,True,1,1,False,False,False,False,,True,False,False,Course Lock,196.8,67,16.4,93,NW,S,2.23,11.4,Calm,False,False,Android,7.0.2,M300 RTK,1ZN7L4R0H1D00F,1W9DL31001461C,1ZMLH8300204F0,1Z6PH74DAP0QN7,"Corona, CA",728.3,5.7,137.7,8.547347,2.013246,0,0,DJI Matrice 300 RTK,M300 RTK,1ZN7L4R0H1D00F,1W9DL31001461C,1ZMLH8300204F0,1Z6PH74DAP0QN7,DJI Pilot,Android,7.0.2,1EF72A62-B7C3-C88D-164E-CE6F8C8424AE,1ZN7L4R0H1D00F,1W9DL31001461C,,1ZMLH8300204F0,1W9DL31001461C,,,,,
2023-11-01,11:34:15.33 AM,9m 53.0s,593.0,33.7949936697213,-117.4750586318969,-3.2,137.7,16.7,1260,5167.7,7.4762,7.569323,-5.816044,2.23694,4.697574,4.697574,0.447388,0.894776,-3.1,0,3.1,141.1,141.1,140.8,Tripod,Other,,21,5,True,,True,False,,Smart,RC,False,True,False,,,True,,False,False,False,False,False,False,False,False,False,False,0,Follow Yaw,-77.9,0,133,133,False,False,False,False,False,,0,0,False,False,No Card,100,100,1024,1414,749,1011,2,False,False,False,False,False,0,False,False,False,False,68,,46.404,,6879,,10044,,46.404,,True,3.867,3.867,3.867,3.867,3.867,3.867,3.867,3.867,3.867,3.867,3.867,3.867,0,,False,False,True,,,,,,,,,,,,,,,False,False,18.974,,104.0,,75.7,,104.0,,1300,120,,22,7,142374.8,18983.31,,Idle,,20,,10,,,20,Go Home,False,False,False,False,False,False,False,False,False,False,False,False,33.8027920380556,-117.4659261431046,3969.7,3969.7,1049.4,396.9,True,1,1,False,False,False,False,,True,False,False,Course Lock,196.8,67,16.4,93,NW,S,2.23,11.4,Calm,False,False,Android,7.0.2,M300 RTK,1ZN7L4R0H1D00F,1W9DL31001461C,1ZMLH8300204F0,1Z6PH74DAP0QN7,"Corona, CA",728.3,5.7,137.7,8.547347,2.013246,0,0,DJI Matrice 300 RTK,M300 RTK,1ZN7L4R0H1D00F,1W9DL31001461C,1ZMLH8300204F0,1Z6PH74DAP0QN7,DJI Pilot,Android,7.0.2,1EF72A62-B7C3-C88D-164E-CE6F8C8424AE,1ZN7L4R0H1D00F,1W9DL31001461C,,1ZMLH8300204F0,1W9DL31001461C,,,,,
2023-11-01,11:34:15.44 AM,9m 53.1s,593.1,33.7949912094975,-117.4750562500467,-3.2,137.7,16.7,1260,5168.9,7.4762,7.569323,-5.816044,2.23694,4.697574,4.697574,0.447388,0.894776,-2.9,0,2.9,141,141,141.1,Tripod,Other,,21,5,True,,True,False,,Smart,RC,False,True,False,,,True,,False,False,False,False,False,False,False,False,False,False,0,Follow Yaw,-77.9,0,133,133,False,False,False,False,False,,0,0,False,False,No Card,100,100,1024,1414,747,1009,2,False,False,False,False,False,0,False,False,False,False,68,,46.404,,6879,,10044,,46.404,,True,3.867,3.867,3.867,3.867,3.867,3.867,3.867,3.867,3.867,3.867,3.867,3.867,0,,False,False,True,,,,,,,,,,,,,,,False,False,18.974,,104.0,,75.7,,104.0,,1300,120,,22,7,142374.8,18983.31,,Idle,,20,,10,,,20,Go Home,False,False,False,False,False,False,False,False,False,False,False,False,33.8027920380556,-117.4659261431046,3969.8,3969.8,1049.4,396.9,True,1,1,False,False,False,False,,True,False,False,Course Lock,196.8,67,16.4,93,NW,S,2.23,11.4,Calm,False,False,Android,7.0.2,M300 RTK,1ZN7L4R0H1D00F,1W9DL31001461C,1ZMLH8300204F0,1Z6PH74DAP0QN7,"Corona, CA",728.3,5.7,137.7,8.547347,2.013246,0,0,DJI Matrice 300 RTK,M300 RTK,1ZN7L4R0H1D00F,1W9DL31001461C,1ZMLH8300204F0,1Z6PH74DAP0QN7,DJI Pilot,Android,7.0.2,1EF72A62-B7C3-C88D-164E-CE6F8C8424AE,1ZN7L4R0H1D00F,1W9DL31001461C,,1ZMLH8300204F0,1W9DL31001461C,,,,,
2023-11-01,11:34:15.54 AM,9m 53.2s,593.2,33.7949888023692,-117.4750538913696,-3.2,137.7,16.7,1260,5170.0,7.4762,7.569323,-5.816044,2.23694,4.697574,4.697574,0.447388,0.894776,-2.8,0,2.8,141,141,140.8,Tripod,Other,,21,5,True,,True,False,,Smart,RC,False,True,False,,,True,,False,False,False,False,False,False,False,False,False,False,0,Follow Yaw,-77.9,0,133,133,False,False,False,False,False,,0,0,False,False,No Card,100,100,1024,1414,748,1010,2,False,False,False,False,False,0,False,False,False,False,68,,46.404,,6879,,10044,,46.404,,True,3.867,3.867,3.867,3.867,3.867,3.867,3.867,3.867,3.867,3.867,3.867,3.867,0,,False,False,True,,,,,,,,,,,,,,,False,False,18.974,,104.0,,75.7,,104.0,,1300,120,,22,7,142374.8,18983.31,,Idle,,20,,10,,,20,Go Home,False,False,False,False,False,False,False,False,False,False,False,False,33.8027920380556,-117.4659261431046,3970.0,3970.0,1049.4,396.9,True,1,1,False,False,False,False,,True,False,False,Course Lock,196.8,67,16.4,93,NW,S,2.23,11.4,Calm,False,False,Android,7.0.2,M300 RTK,1ZN7L4R0H1D00F,1W9DL31001461C,1ZMLH8300204F0,1Z6PH74DAP0QN7,"Corona, CA",728.3,5.7,137.7,8.547347,2.013246,0,0,DJI Matrice 300 RTK,M300 RTK,1ZN7L4R0H1D00F,1W9DL31001461C,1ZMLH8300204F0,1Z6PH74DAP0QN7,DJI Pilot,Android,7.0.2,1EF72A62-B7C3-C88D-164E-CE6F8C8424AE,1ZN7L4R0H1D00F,1W9DL31001461C,,1ZMLH8300204F0,1W9DL31001461C,,,,,
2023-11-01,11:34:15.63 AM,9m 53.3s,593.3,33.7949865661604,-117.4750516986968,-3.6,137.7,16.7,1260,5171.1,7.4762,7.569323,-5.816044,2.23694,4.697574,4.697574,0.447388,0.894776,-2.7,0.1,2.7,141,141,140.8,Tripod,Other,,21,5,True,,True,False,,Smart,RC,False,True,False,,,True,,False,False,False,False,False,False,False,False,False,False,0,Follow Yaw,-77.9,0,133,133,False,False,False,False,False,,0,0,False,False,No Card,100,100,1024,1414,748,1010,2,False,False,False,False,False,0,False,False,False,False,68,,46.404,,6879,,10044,,46.404,,True,3.865,3.865,3.865,3.865,3.865,3.865,3.865,3.865,3.865,3.865,3.865,3.865,0,,False,False,True,,,,,,,,,,,,,,,False,False,18.974,,104.0,,75.7,,104.0,,1301,121,,22,7,142148.3,18953.11,,Idle,,20,,10,,,20,Go Home,False,False,False,False,False,False,False,False,False,False,False,False,33.8027920380556,-117.4659261431046,3970.1,3970.1,1049.4,396.9,True,1,1,False,False,False,False,,True,False,False,Course Lock,196.8,67,16.4,93,NW,S,2.23,11.4,Calm,False,False,Android,7.0.2,M300 RTK,1ZN7L4R0H1D00F,1W9DL31001461C,1ZMLH8300204F0,1Z6PH74DAP0QN7,"Corona, CA",728.3,5.7,137.7,8.547347,2.013246,0,0,DJI Matrice 300 RTK,M300 RTK,1ZN7L4R0H1D00F,1W9DL31001461C,1ZMLH8300204F0,1Z6PH74DAP0QN7,DJI Pilot,Android,7.0.2,1EF72A62-B7C3-C88D-164E-CE6F8C8424AE,1ZN7L4R0H1D00F,1W9DL31001461C,,1ZMLH8300204F0,1W9DL31001461C,,,,,
2023-11-01,11:34:15.73 AM,9m 53.4s,593.4,33.7949841720361,-117.4750493507816,-3.6,137.7,16.7,1260,5172.2,7.4762,7.569323,-5.816044,2.23694,4.697574,4.697574,0.447388,0.894776,-2.7,0.2,2.7,141.1,141.1,140.8,Tripod,Other,,21,5,True,,True,False,,Smart,RC,False,True,False,,,True,,False,False,False,False,False,False,False,False,False,False,0,Follow Yaw,-77.9,0,133,133,False,False,False,False,False,,0,0,False,False,No Card,100,100,1024,1414,747,1010,2,False,False,False,False,False,0,False,False,False,False,68,,46.404,,6879,,10044,,46.404,,True,3.865,3.865,3.865,3.865,3.865,3.865,3.865,3.865,3.865,3.865,3.865,3.865,0,,False,False,True,,,,,,,,,,,,,,,False,False,18.974,,104.0,,75.7,,104.0,,1301,121,,22,7,142148.3,18953.11,,Idle,,20,,10,,,20,Go Home,False,False,False,False,False,False,False,False,False,False,False,False,33.8027920380556,-117.4659261431046,3970.2,3970.2,1049.4,396.9,True,1,1,False,False,False,False,,True,False,False,Course Lock,196.8,67,16.4,93,NW,S,2.23,11.4,Calm,False,False,Android,7.0.2,M300 RTK,1ZN7L4R0H1D00F,1W9DL31001461C,1ZMLH8300204F0,1Z6PH74DAP0QN7,"Corona, CA",728.3,5.7,137.7,8.547347,2.013246,0,0,DJI Matrice 300 RTK,M300 RTK,1ZN7L4R0H1D00F,1W9DL31001461C,1ZMLH8300204F0,1Z6PH74DAP0QN7,DJI Pilot,Android,7.0.2,1EF72A62-B7C3-C88D-164E-CE6F8C8424AE,1ZN7L4R0H1D00F,1W9DL31001461C,,1ZMLH8300204F0,1W9DL31001461C,,,,,
2023-11-01,11:34:15.84 AM,9m 53.5s,593.5,33.7949817287912,-117.4750467845576,-3.6,137.7,16.4,1260,5173.4,7.4762,7.569323,-5.816044,2.23694,4.697574,4.697574,0.447388,0.894776,-2.8,0.2,2.8,141.2,141.2,138.8,Tripod,Other,,21,5,True,,True,False,,Smart,RC,False,True,False,,,True,,False,False,False,False,False,False,False,False,False,False,0,Follow Yaw,-77.9,0,133,133,False,False,False,False,False,,0,0,False,False,No Card,100,100,1024,1414,745,1010,2,False,False,False,False,False,0,False,False,False,False,68,,46.404,,6879,,10044,,46.404,,True,3.865,3.865,3.865,3.865,3.865,3.865,3.865,3.865,3.865,3.865,3.865,3.865,0,,False,False,True,,,,,,,,,,,,,,,False,False,18.974,,104.0,,75.7,,104.0,,1301,121,,22,7,142148.3,18953.11,,Idle,,20,,10,,,20,Go Home,False,False,False,False,False,False,False,False,False,False,False,False,33.8027920380556,-117.4659261431046,3970.3,3970.3,1049.4,396.9,True,1,1,False,False,False,False,,True,False,False,Course Lock,196.8,67,16.4,93,NW,S,2.23,11.4,Calm,False,False,Android,7.0.2,M300 RTK,1ZN7L4R0H1D00F,1W9DL31001461C,1ZMLH8300204F0,1Z6PH74DAP0QN7,"Corona, CA",728.3,5.7,137.7,8.547347,2.013246,0,0,DJI Matrice 300 RTK,M300 RTK,1ZN7L4R0H1D00F,1W9DL31001461C,1ZMLH8300204F0,1Z6PH74DAP0QN7,DJI Pilot,Android,7.0.2,1EF72A62-B7C3-C88D-164E-CE6F8C8424AE,1ZN7L4R0H1D00F,1W9DL31001461C,,1ZMLH8300204F0,1W9DL31001461C,,,,,
2023-11-01,11:34:15.94 AM,9m 53.6s,593.6,33.7949793275224,-117.4750444222932,-3.9,137.7,16.4,1260,5174.5,7.4762,7.569323,-5.816044,2.23694,4.697574,4.697574,0.447388,0.894776,-2.8,0.3,2.8,141.2,141.2,140.7,Tripod,Other,,21,5,True,,True,False,,Smart,RC,False,True,False,,,True,,False,False,False,False,False,False,False,False,False,False,0,Follow Yaw,-77.9,0,133,133,False,False,False,False,False,,0,0,False,False,No Card,100,100,1024,1413,743,1010,2,False,False,False,False,False,0,False,False,False,False,68,,46.404,,6879,,10044,,46.404,,True,3.865,3.865,3.865,3.865,3.865,3.865,3.865,3.865,3.865,3.865,3.865,3.865,0,,False,False,True,,,,,,,,,,,,,,,False,False,18.974,,104.0,,75.7,,104.0,,1301,121,,22,7,142148.3,18953.11,,Idle,,20,,10,,,20,Go Home,False,False,False,False,False,False,False,False,False,False,False,False,33.8027920380556,-117.4659261431046,3970.4,3970.4,1049.4,396.9,True,1,1,False,False,False,False,,True,False,False,Course Lock,196.8,67,16.4,93,NW,S,2.23,11.4,Calm,False,False,Android,7.0.2,M300 RTK,1ZN7L4R0H1D00F,1W9DL31001461C,1ZMLH8300204F0,1Z6PH74DAP0QN7,"Corona, CA",728.3,5.7,137.7,8.547347,2.013246,0,0,DJI Matrice 300 RTK,M300 RTK,1ZN7L4R0H1D00F,1W9DL31001461C,1ZMLH8300204F0,1Z6PH74DAP0QN7,DJI Pilot,Android,7.0.2,1EF72A62-B7C3-C88D-164E-CE6F8C8424AE,1ZN7L4R0H1D00F,1W9DL31001461C,,1ZMLH8300204F0,1W9DL31001461C,,,,,
2023-11-01,11:34:16.04 AM,9m 53.7s,593.7,33.7949769434552,-117.4750422885838,-3.9,137.7,16.7,1260,5175.6,7.4762,7.569323,-5.816044,2.23694,4.697574,4.697574,0.447388,0.894776,-2.7,0.2,2.7,141.2,141.2,143.3,Tripod,Other,,21,5,True,,True,False,,Smart,RC,False,True,False,,,True,,False,False,False,False,False,False,False,False,False,False,0,Follow Yaw,-77.9,0,133,133,False,False,False,False,False,,0,0,False,False,No Card,100,100,1024,1411,743,1010,2,False,False,False,False,False,0,False,False,False,False,68,,46.344,,3390,,4986,,46.344,,True,3.865,3.865,3.865,3.865,3.865,3.865,3.865,3.865,3.865,3.865,3.865,3.865,0,,False,False,True,,,,,,,,,,,,,,,False,False,9.654,,103.8,,75.7,,104.0,,1301,121,,22,7,142148.3,18953.11,,Idle,,20,,10,,,20,Go Home,False,False,False,False,False,False,False,False,False,False,False,False,33.8027920380556,-117.4659261431046,3970.6,3970.6,1049.4,396.9,True,1,1,False,False,False,False,,True,False,False,Course Lock,196.8,67,16.4,93,NW,S,2.23,11.4,Calm,False,False,Android,7.0.2,M300 RTK,1ZN7L4R0H1D00F,1W9DL31001461C,1ZMLH8300204F0,1Z6PH74DAP0QN7,"Corona, CA",728.3,5.7,137.7,8.547347,2.013246,0,0,DJI Matrice 300 RTK,M300 RTK,1ZN7L4R0H1D00F,1W9DL31001461C,1ZMLH8300204F0,1Z6PH74DAP0QN7,DJI Pilot,Android,7.0.2,1EF72A62-B7C3-C88D-164E-CE6F8C8424AE,1ZN7L4R0H1D00F,1W9DL31001461C,,1ZMLH8300204F0,1W9DL31001461C,,,,,
2023-11-01,11:34:16.14 AM,9m 53.8s,593.8,33.7949745381944,-117.4750399525436,-3.9,137.7,16.7,1260,5176.7,7.4762,7.569323,-5.816044,2.23694,4.697574,4.697574,0.447388,0.894776,-2.6,0.2,2.6,141.1,141.1,141.0,Tripod,Other,,21,5,True,,True,False,,Smart,RC,False,True,False,,,True,,False,False,False,False,False,False,False,False,False,False,0,Follow Yaw,-77.9,0,133,133,False,False,False,False,False,,0,0,False,False,No Card,100,100,1024,1412,743,1006,2,False,False,False,False,False,0,False,False,False,False,68,,46.344,,3390,,4986,,46.344,,True,3.865,3.865,3.865,3.865,3.865,3.865,3.865,3.865,3.865,3.865,3.865,3.865,0,,False,False,True,,,,,,,,,,,,,,,False,False,9.654,,103.8,,75.7,,104.0,,1301,121,,22,7,142148.3,18953.11,,Idle,,20,,10,,,20,Go Home,False,False,False,False,False,False,False,False,False,False,False,False,33.8027920380556,-117.4659261431046,3970.7,3970.7,1049.4,396.9,True,1,1,False,False,False,False,,True,False,False,Course Lock,196.8,67,16.4,93,NW,S,2.23,11.4,Calm,False,False,Android,7.0.2,M300 RTK,1ZN7L4R0H1D00F,1W9DL31001461C,1ZMLH8300204F0,1Z6PH74DAP0QN7,"Corona, CA",728.3,5.7,137.7,8.547347,2.013246,0,0,DJI Matrice 300 RTK,M300 RTK,1ZN7L4R0H1D00F,1W9DL31001461C,1ZMLH8300204F0,1Z6PH74DAP0QN7,DJI Pilot,Android,7.0.2,1EF72A62-B7C3-C88D-164E-CE6F8C8424AE,1ZN7L4R0H1D00F,1W9DL31001461C,,1ZMLH8300204F0,1W9DL31001461C,,,,,
2023-11-01,11:34:16.25 AM,9m 53.9s,593.9,33.7949719108032,-117.4750372698569,-3.9,137.7,16.7,1260,5178.0,7.4762,7.569323,-5.816044,2.23694,4.697574,4.697574,0.447388,0.894776,-2.5,0,2.5,141.1,141.1,139.6,Tripod,Other,,21,5,True,,True,False,,Smart,RC,False,True,False,,,True,,False,False,False,False,False,False,False,False,False,False,0,Follow Yaw,-77.9,0,133,133,False,False,False,False,False,,0,0,False,False,No Card,100,100,1024,1412,744,1000,2,False,False,False,False,False,0,False,False,False,False,68,,46.344,,3390,,4986,,46.344,,True,3.865,3.865,3.865,3.865,3.865,3.865,3.865,3.865,3.865,3.865,3.865,3.865,0,,False,False,True,,,,,,,,,,,,,,,False,False,9.654,,103.8,,75.7,,104.0,,1301,121,,22,7,142148.3,18953.11,,Idle,,20,,10,,,20,Go Home,False,False,False,False,False,False,False,False,False,False,False,False,33.8027920380556,-117.4659261431046,3970.9,3970.9,1049.4,396.9,True,1,1,False,False,False,False,,True,False,False,Course Lock,196.8,67,16.4,93,NW,S,2.23,11.4,Calm,False,False,Android,7.0.2,M300 RTK,1ZN7L4R0H1D00F,1W9DL31001461C,1ZMLH8300204F0,1Z6PH74DAP0QN7,"Corona, CA",728.3,5.7,137.7,8.547347,2.013246,0,0,DJI Matrice 300 RTK,M300 RTK,1ZN7L4R0H1D00F,1W9DL31001461C,1ZMLH8300204F0,1Z6PH74DAP0QN7,DJI Pilot,Android,7.0.2,1EF72A62-B7C3-C88D-164E-CE6F8C8424AE,1ZN7L4R0H1D00F,1W9DL31001461C,,1ZMLH8300204F0,1W9DL31001461C,,,,,
2023-11-01,11:34:16.36 AM,9m 54.0s,594.0,33.7949694841603,-117.4750349100252,-4.2,137.7,16.4,1259,5179.1,7.4762,7.569323,-5.816044,2.23694,4.697574,4.697574,0.447388,0.894776,-2.4,0,2.4,141,141,141.0,Tripod,Other,,21,5,True,,True,False,,Smart,RC,False,True,False,,,True,,False,False,False,False,False,False,False,False,False,False,0,Follow Yaw,-77.9,0,133,133,False,False,False,False,False,,0,0,False,False,No Card,100,100,1024,1413,744,995,2,False,False,False,False,False,0,False,False,False,False,68,,46.344,,6829,,10044,,46.344,,True,3.865,3.865,3.865,3.865,3.865,3.865,3.865,3.865,3.865,3.865,3.865,3.865,0,,False,False,True,,,,,,,,,,,,,,,False,False,19.234,,104.0,,75.7,,104.0,,1301,121,,22,7,142148.3,18953.11,,Idle,,20,,10,,,20,Go Home,False,False,False,False,False,False,False,False,False,False,False,False,33.8027920380556,-117.4659261431046,3971.0,3971.0,1049.4,396.9,True,1,1,False,False,False,False,,True,False,False,Course Lock,196.8,67,16.4,93,NW,S,2.23,11.4,Calm,False,False,Android,7.0.2,M300 RTK,1ZN7L4R0H1D00F,1W9DL31001461C,1ZMLH8300204F0,1Z6PH74DAP0QN7,"Corona, CA",728.3,5.7,137.7,8.547347,2.013246,0,0,DJI Matrice 300 RTK,M300 RTK,1ZN7L4R0H1D00F,1W9DL31001461C,1ZMLH8300204F0,1Z6PH74DAP0QN7,DJI Pilot,Android,7.0.2,1EF72A62-B7C3-C88D-164E-CE6F8C8424AE,1ZN7L4R0H1D00F,1W9DL31001461C,,1ZMLH8300204F0,1W9DL31001461C,,,,,
2023-11-01,11:34:16.46 AM,9m 54.1s,594.1,33.7949671395848,-117.4750327944068,-4.2,137.7,16.7,1259,5180.2,7.4762,7.569323,-5.816044,2.23694,4.697574,4.697574,0.447388,0.894776,-2.3,-0.1,2.3,140.9,140.9,143.1,Tripod,Other,,21,5,True,,True,False,,Smart,RC,False,True,False,,,True,,False,False,False,False,False,False,False,False,False,False,0,Follow Yaw,-77.9,0,133,133,False,False,False,False,False,,0,0,False,False,No Card,100,100,1024,1413,753,996,2,False,False,False,False,False,0,False,False,False,False,68,,46.344,,6829,,10044,,46.344,,True,3.865,3.865,3.865,3.865,3.865,3.865,3.865,3.865,3.865,3.865,3.865,3.865,0,,False,False,True,,,,,,,,,,,,,,,False,False,19.234,,104.0,,75.7,,104.0,,1301,121,,22,7,142148.3,18953.11,,Idle,,20,,10,,,20,Go Home,False,False,False,False,False,False,False,False,False,False,False,False,33.8027920380556,-117.4659261431046,3971.2,3971.2,1049.4,396.9,True,1,1,False,False,False,False,,True,False,False,Course Lock,196.8,67,16.4,93,NW,S,2.23,11.4,Calm,False,False,Android,7.0.2,M300 RTK,1ZN7L4R0H1D00F,1W9DL31001461C,1ZMLH8300204F0,1Z6PH74DAP0QN7,"Corona, CA",728.3,5.7,137.7,8.547347,2.013246,0,0,DJI Matrice 300 RTK,M300 RTK,1ZN7L4R0H1D00F,1W9DL31001461C,1ZMLH8300204F0,1Z6PH74DAP0QN7,DJI Pilot,Android,7.0.2,1EF72A62-B7C3-C88D-164E-CE6F8C8424AE,1ZN7L4R0H1D00F,1W9DL31001461C,,1ZMLH8300204F0,1W9DL31001461C,,,,,
2023-11-01,11:34:16.56 AM,9m 54.2s,594.2,33.7949647263914,-117.4750304442031,-4.2,137.7,16.7,1259,5181.3,7.4762,7.569323,-5.816044,2.23694,4.697574,4.697574,0.447388,0.894776,-2.1,-0.1,2.1,140.9,140.9,141.0,Tripod,Other,,21,5,True,,True,False,,Smart,RC,False,True,False,,,True,,False,False,False,False,False,False,False,False,False,False,0,Follow Yaw,-77.9,0,132.9,132.9,False,False,False,False,False,,0,0,False,False,No Card,100,100,1024,1413,753,996,2,False,False,False,False,False,0,False,False,False,False,68,,46.344,,6829,,10044,,46.344,,True,3.865,3.865,3.865,3.865,3.865,3.865,3.865,3.865,3.865,3.865,3.865,3.865,0,,False,False,True,,,,,,,,,,,,,,,False,False,19.234,,104.0,,75.7,,104.0,,1301,121,,22,7,142148.3,18953.11,,Idle,,20,,10,,,20,Go Home,False,False,False,False,False,False,False,False,False,False,False,False,33.8027920380556,-117.4659261431046,3971.3,3971.3,1049.4,396.9,True,1,1,False,False,False,False,,True,False,False,Course Lock,196.8,67,16.4,93,NW,S,2.23,11.4,Calm,False,False,Android,7.0.2,M300 RTK,1ZN7L4R0H1D00F,1W9DL31001461C,1ZMLH8300204F0,1Z6PH74DAP0QN7,"Corona, CA",728.3,5.7,137.7,8.547347,2.013246,0,0,DJI Matrice 300 RTK,M300 RTK,1ZN7L4R0H1D00F,1W9DL31001461C,1ZMLH8300204F0,1Z6PH74DAP0QN7,DJI Pilot,Android,7.0.2,1EF72A62-B7C3-C88D-164E-CE6F8C8424AE,1ZN7L4R0H1D00F,1W9DL31001461C,,1ZMLH8300204F0,1W9DL31001461C,,,,,
2023-11-01,11:34:16.64 AM,9m 54.3s,594.3,33.7949623923185,-117.4750279084298,-4.5,137.7,16.4,1259,5182.5,7.4762,7.569323,-5.816044,2.23694,4.697574,4.697574,0.447388,0.894776,-2,0,2,140.8,140.8,137.9,Tripod,Other,,21,5,True,,True,False,,Smart,RC,False,True,False,,,True,,False,False,False,False,False,False,False,False,False,False,0,Follow Yaw,-77.9,0,132.9,132.9,False,False,False,False,False,,0,0,False,False,No Card,100,100,1024,1414,772,1014,2,False,False,False,False,False,0,False,False,False,False,68,,46.344,,6829,,10044,,46.344,,True,3.865,3.865,3.865,3.865,3.865,3.865,3.865,3.865,3.865,3.865,3.865,3.865,0,,False,False,True,,,,,,,,,,,,,,,False,False,19.234,,104.0,,75.7,,104.0,,1301,121,,22,7,142038.5,18938.47,,Idle,,20,,10,,,20,Go Home,False,False,False,False,False,False,False,False,False,False,False,False,33.8027920380556,-117.4659261431046,3971.4,3971.4,1049.4,396.9,True,1,1,False,False,False,False,,True,False,False,Course Lock,196.8,67,16.4,93,NW,S,2.23,11.4,Calm,False,False,Android,7.0.2,M300 RTK,1ZN7L4R0H1D00F,1W9DL31001461C,1ZMLH8300204F0,1Z6PH74DAP0QN7,"Corona, CA",728.3,5.7,137.7,8.547347,2.013246,0,0,DJI Matrice 300 RTK,M300 RTK,1ZN7L4R0H1D00F,1W9DL31001461C,1ZMLH8300204F0,1Z6PH74DAP0QN7,DJI Pilot,Android,7.0.2,1EF72A62-B7C3-C88D-164E-CE6F8C8424AE,1ZN7L4R0H1D00F,1W9DL31001461C,,1ZMLH8300204F0,1W9DL31001461C,,,,,
2023-11-01,11:34:16.77 AM,9m 54.4s,594.4,33.7949599999246,-117.4750255338986,-4.5,137.7,16.7,1259,5183.6,7.4762,7.569323,-5.816044,2.23694,4.697574,4.697574,0.447388,0.894776,-2.1,0,2.1,140.8,140.8,140.4,Tripod,Other,,21,5,True,,True,False,,Smart,RC,False,True,False,,,True,,False,False,False,False,False,False,False,False,False,False,0,Follow Yaw,-77.9,0,132.9,132.9,False,False,False,False,False,,0,0,False,False,No Card,100,100,1024,1414,770,1015,2,False,False,False,False,False,0,False,False,False,False,68,,46.344,,6829,,10044,,46.344,,True,3.865,3.865,3.865,3.865,3.865,3.865,3.865,3.865,3.865,3.865,3.865,3.865,0,,False,False,True,,,,,,,,,,,,,,,False,False,19.234,,104.0,,75.7,,104.0,,1301,121,,22,7,142038.5,18938.47,,Idle,,20,,10,,,20,Go Home,False,False,False,False,False,False,False,False,False,False,False,False,33.8027920380556,-117.4659261431046,3971.5,3971.5,1049.4,396.9,True,1,1,False,False,False,False,,True,False,False,Course Lock,196.8,67,16.4,93,NW,S,2.23,11.4,Calm,False,False,Android,7.0.2,M300 RTK,1ZN7L4R0H1D00F,1W9DL31001461C,1ZMLH8300204F0,1Z6PH74DAP0QN7,"Corona, CA",728.3,5.7,137.7,8.547347,2.013246,0,0,DJI Matrice 300 RTK,M300 RTK,1ZN7L4R0H1D00F,1W9DL31001461C,1ZMLH8300204F0,1Z6PH74DAP0QN7,DJI Pilot,Android,7.0.2,1EF72A62-B7C3-C88D-164E-CE6F8C8424AE,1ZN7L4R0H1D00F,1W9DL31001461C,,1ZMLH8300204F0,1W9DL31001461C,,,,,
2023-11-01,11:34:16.87 AM,9m 54.5s,594.5,33.7949573247665,-117.4750229825082,-4.5,137.7,16.7,1259,5184.8,7.4762,7.569323,-5.816044,2.23694,4.697574,4.697574,0.447388,0.894776,-2.7,0.3,2.7,140.9,140.9,141.6,Tripod,Other,,21,5,True,,True,False,,Smart,RC,False,True,False,,,True,,False,False,False,False,False,False,False,False,False,False,0,Follow Yaw,-77.9,0,132.9,132.9,False,False,False,False,False,,0,0,False,False,No Card,100,100,1024,1414,768,1023,2,False,False,False,False,False,0,False,False,False,False,68,,46.344,,6829,,10044,,46.344,,True,3.865,3.865,3.865,3.865,3.865,3.865,3.865,3.865,3.865,3.865,3.865,3.865,0,,False,False,True,,,,,,,,,,,,,,,False,False,19.234,,104.0,,75.7,,104.0,,1301,121,,22,7,142038.5,18938.47,,Idle,,20,,10,,,20,Go Home,False,False,False,False,False,False,False,False,False,False,False,False,33.8027920380556,-117.4659261431046,3971.7,3971.7,1049.4,396.9,True,1,1,False,False,False,False,,True,False,False,Course Lock,196.8,67,16.4,93,NW,S,2.23,11.4,Calm,False,False,Android,7.0.2,M300 RTK,1ZN7L4R0H1D00F,1W9DL31001461C,1ZMLH8300204F0,1Z6PH74DAP0QN7,"Corona, CA",728.3,5.7,137.7,8.547347,2.013246,0,0,DJI Matrice 300 RTK,M300 RTK,1ZN7L4R0H1D00F,1W9DL31001461C,1ZMLH8300204F0,1Z6PH74DAP0QN7,DJI Pilot,Android,7.0.2,1EF72A62-B7C3-C88D-164E-CE6F8C8424AE,1ZN7L4R0H1D00F,1W9DL31001461C,,1ZMLH8300204F0,1W9DL31001461C,,,,,
2023-11-01,11:34:16.98 AM,9m 54.6s,594.6,33.7949549184091,-117.4750205882779,-4.5,137.7,16.4,1259,5186.0,7.4762,7.569323,-5.816044,2.23694,4.697574,4.697574,0.447388,0.894776,-3.1,0.5,3.1,140.9,140.9,140.4,Tripod,Other,,21,5,True,,True,False,,Smart,RC,False,True,False,,,True,,False,False,False,False,False,False,False,False,False,False,0,Follow Yaw,-77.9,0,132.9,132.9,False,False,False,False,False,,0,0,False,False,No Card,100,100,1024,1411,768,1024,2,False,False,False,False,False,0,False,False,False,False,68,,46.344,,6829,,10044,,46.344,,True,3.865,3.865,3.865,3.865,3.865,3.865,3.865,3.865,3.865,3.865,3.865,3.865,0,,False,False,True,,,,,,,,,,,,,,,False,False,19.234,,104.0,,75.7,,104.0,,1301,121,,22,7,142038.5,18938.47,,Idle,,20,,10,,,20,Go Home,False,False,False,False,False,False,False,False,False,False,False,False,33.8027920380556,-117.4659261431046,3971.8,3971.8,1049.4,396.9,True,1,1,False,False,False,False,,True,False,False,Course Lock,196.8,67,16.4,93,NW,S,2.23,11.4,Calm,False,False,Android,7.0.2,M300 RTK,1ZN7L4R0H1D00F,1W9DL31001461C,1ZMLH8300204F0,1Z6PH74DAP0QN7,"Corona, CA",728.3,5.7,137.7,8.547347,2.013246,0,0,DJI Matrice 300 RTK,M300 RTK,1ZN7L4R0H1D00F,1W9DL31001461C,1ZMLH8300204F0,1Z6PH74DAP0QN7,DJI Pilot,Android,7.0.2,1EF72A62-B7C3-C88D-164E-CE6F8C8424AE,1ZN7L4R0H1D00F,1W9DL31001461C,,1ZMLH8300204F0,1W9DL31001461C,,,,,
2023-11-01,11:34:17.04 AM,9m 54.7s,594.7,33.7949526358725,-117.4750184802258,-4.9,137.7,16.4,1259,5187.0,7.4762,7.569323,-5.816044,2.23694,4.697574,4.697574,0.447388,0.894776,-3.3,0.4,3.3,140.8,140.8,142.4,Tripod,Other,,21,5,True,,True,False,,Smart,RC,False,True,False,,,True,,False,False,False,False,False,False,False,False,False,False,0,Follow Yaw,-77.9,0,132.9,132.9,False,False,False,False,False,,0,0,False,False,No Card,100,100,1024,1404,783,1015,2,False,False,False,False,False,0,False,False,False,False,68,,46.344,,6829,,10044,,46.344,,True,3.865,3.865,3.865,3.865,3.865,3.865,3.865,3.865,3.865,3.865,3.865,3.865,0,,False,False,True,,,,,,,,,,,,,,,False,False,19.234,,104.0,,75.7,,104.0,,1301,121,,22,7,142038.5,18938.47,,Idle,,20,,10,,,20,Go Home,False,False,False,False,False,False,False,False,False,False,False,False,33.8027920380556,-117.4659261431046,3972.0,3972.0,1049.4,396.9,True,1,1,False,False,False,False,,True,False,False,Course Lock,196.8,67,16.4,93,NW,S,2.23,11.4,Calm,False,False,Android,7.0.2,M300 RTK,1ZN7L4R0H1D00F,1W9DL31001461C,1ZMLH8300204F0,1Z6PH74DAP0QN7,"Corona, CA",728.3,5.7,137.7,8.547347,2.013246,0,0,DJI Matrice 300 RTK,M300 RTK,1ZN7L4R0H1D00F,1W9DL31001461C,1ZMLH8300204F0,1Z6PH74DAP0QN7,DJI Pilot,Android,7.0.2,1EF72A62-B7C3-C88D-164E-CE6F8C8424AE,1ZN7L4R0H1D00F,1W9DL31001461C,,1ZMLH8300204F0,1W9DL31001461C,,,,,
2023-11-01,11:34:17.14 AM,9m 54.8s,594.8,33.794950230783,-117.4750161077356,-4.9,137.7,16.4,1259,5188.2,7.4762,7.569323,-5.816044,2.23694,4.697574,4.697574,0.447388,0.894776,-3.3,0.2,3.3,140.9,140.9,140.6,Tripod,Other,,21,5,True,,True,False,,Smart,RC,False,True,False,,,True,,False,False,False,False,False,False,False,False,False,False,0,Follow Yaw,-77.9,0,132.9,132.9,False,False,False,False,False,,0,0,False,False,No Card,100,100,1024,1408,801,982,2,False,False,False,False,False,0,False,False,False,False,68,,46.344,,6829,,10044,,46.344,,True,3.865,3.865,3.865,3.865,3.865,3.865,3.865,3.865,3.865,3.865,3.865,3.865,0,,False,False,True,,,,,,,,,,,,,,,False,False,19.234,,104.0,,75.7,,104.0,,1301,121,,22,7,142038.5,18938.47,,Idle,,20,,10,,,20,Go Home,False,False,False,False,False,False,False,False,False,False,False,False,33.8027920380556,-117.4659261431046,3972.1,3972.1,1049.4,396.9,True,1,1,False,False,False,False,,True,False,False,Course Lock,196.8,67,16.4,93,NW,S,2.23,11.4,Calm,False,False,Android,7.0.2,M300 RTK,1ZN7L4R0H1D00F,1W9DL31001461C,1ZMLH8300204F0,1Z6PH74DAP0QN7,"Corona, CA",728.3,5.7,137.7,8.547347,2.013246,0,0,DJI Matrice 300 RTK,M300 RTK,1ZN7L4R0H1D00F,1W9DL31001461C,1ZMLH8300204F0,1Z6PH74DAP0QN7,DJI Pilot,Android,7.0.2,1EF72A62-B7C3-C88D-164E-CE6F8C8424AE,1ZN7L4R0H1D00F,1W9DL31001461C,,1ZMLH8300204F0,1W9DL31001461C,,,,,
2023-11-01,11:34:17.24 AM,9m 54.9s,594.9,33.7949478308163,-117.4750136284825,-4.9,137.7,16.4,1259,5189.3,7.4762,7.569323,-5.816044,2.23694,4.697574,4.697574,0.447388,0.894776,-3.2,0.2,3.2,141,141,139.3,Tripod,Other,,21,5,True,,True,False,,Smart,RC,False,True,False,,,True,,False,False,False,False,False,False,False,False,False,False,0,Follow Yaw,-77.9,0,132.9,132.9,False,False,False,False,False,,0,0,False,False,No Card,100,100,1024,1421,787,981,2,False,False,False,False,False,0,False,False,False,False,68,,46.344,,6829,,10044,,46.344,,True,3.865,3.865,3.865,3.865,3.865,3.865,3.865,3.865,3.865,3.865,3.865,3.865,0,,False,False,True,,,,,,,,,,,,,,,False,False,19.234,,104.0,,75.7,,104.0,,1301,121,,22,7,142038.5,18938.47,,Idle,,20,,10,,,20,Go Home,False,False,False,False,False,False,False,False,False,False,False,False,33.8027920380556,-117.4659261431046,3972.2,3972.2,1049.4,396.9,True,1,1,False,False,False,False,,True,False,False,Course Lock,196.8,67,16.4,93,NW,S,2.23,11.4,Calm,False,False,Android,7.0.2,M300 RTK,1ZN7L4R0H1D00F,1W9DL31001461C,1ZMLH8300204F0,1Z6PH74DAP0QN7,"Corona, CA",728.3,5.7,137.7,8.547347,2.013246,0,0,DJI Matrice 300 RTK,M300 RTK,1ZN7L4R0H1D00F,1W9DL31001461C,1ZMLH8300204F0,1Z6PH74DAP0QN7,DJI Pilot,Android,7.0.2,1EF72A62-B7C3-C88D-164E-CE6F8C8424AE,1ZN7L4R0H1D00F,1W9DL31001461C,,1ZMLH8300204F0,1W9DL31001461C,,,,,
2023-11-01,11:34:17.34 AM,9m 55.0s,595.0,33.7949454179141,-117.4750112331698,-4.9,137.7,16.4,1259,5190.4,7.4762,7.569323,-5.816044,2.23694,4.697574,4.697574,0.447388,0.894776,-2.9,0.4,2.9,141.1,141.1,140.4,Tripod,Other,,21,5,True,,True,False,,Smart,RC,False,True,False,,,True,,False,False,False,False,False,False,False,False,False,False,0,Follow Yaw,-77.9,0,132.9,132.9,False,False,False,False,False,,0,0,False,False,No Card,100,100,1024,1390,776,1014,2,False,False,False,False,False,0,False,False,False,False,68,,46.356,,6829,,10044,,46.356,,True,3.865,3.865,3.865,3.865,3.865,3.865,3.865,3.865,3.865,3.865,3.865,3.865,0,,False,False,True,,,,,,,,,,,,,,,False,False,19.006,,104.0,,75.7,,104.0,,1301,121,,22,7,142038.5,18938.47,,Idle,,20,,10,,,20,Go Home,False,False,False,False,False,False,False,False,False,False,False,False,33.8027920380556,-117.4659261431046,3972.3,3972.3,1049.4,396.9,True,1,1,False,False,False,False,,True,False,False,Course Lock,196.8,67,16.4,93,NW,S,2.23,11.4,Calm,False,False,Android,7.0.2,M300 RTK,1ZN7L4R0H1D00F,1W9DL31001461C,1ZMLH8300204F0,1Z6PH74DAP0QN7,"Corona, CA",728.3,5.7,137.7,8.547347,2.013246,0,0,DJI Matrice 300 RTK,M300 RTK,1ZN7L4R0H1D00F,1W9DL31001461C,1ZMLH8300204F0,1Z6PH74DAP0QN7,DJI Pilot,Android,7.0.2,1EF72A62-B7C3-C88D-164E-CE6F8C8424AE,1ZN7L4R0H1D00F,1W9DL31001461C,,1ZMLH8300204F0,1W9DL31001461C,,,,,
2023-11-01,11:34:17.44 AM,9m 55.1s,595.1,33.7949428060113,-117.475008573089,-4.9,137.7,16.4,1259,5191.7,7.4762,7.569323,-5.816044,2.23694,4.697574,4.697574,0.447388,0.894776,-2.6,0.6,2.6,141.1,141.1,139.7,Tripod,Other,,21,5,True,,True,False,,Smart,RC,False,True,False,,,True,,False,False,False,False,False,False,False,False,False,False,0,Follow Yaw,-77.9,0,132.9,132.9,False,False,False,False,False,,0,0,False,False,No Card,100,100,1024,1390,765,1024,2,False,False,False,False,False,0,False,False,False,False,68,,46.356,,6829,,10044,,46.356,,True,3.865,3.865,3.865,3.865,3.865,3.865,3.865,3.865,3.865,3.865,3.865,3.865,0,,False,False,True,,,,,,,,,,,,,,,False,False,19.006,,104.0,,75.7,,104.0,,1301,121,,22,7,142038.5,18938.47,,Idle,,20,,10,,,20,Go Home,False,False,False,False,False,False,False,False,False,False,False,False,33.8027920380556,-117.4659261431046,3972.5,3972.5,1049.4,396.9,True,1,1,False,False,False,False,,True,False,False,Course Lock,196.8,67,16.4,93,NW,S,2.23,11.4,Calm,False,False,Android,7.0.2,M300 RTK,1ZN7L4R0H1D00F,1W9DL31001461C,1ZMLH8300204F0,1Z6PH74DAP0QN7,"Corona, CA",728.3,5.7,137.7,8.547347,2.013246,0,0,DJI Matrice 300 RTK,M300 RTK,1ZN7L4R0H1D00F,1W9DL31001461C,1ZMLH8300204F0,1Z6PH74DAP0QN7,DJI Pilot,Android,7.0.2,1EF72A62-B7C3-C88D-164E-CE6F8C8424AE,1ZN7L4R0H1D00F,1W9DL31001461C,,1ZMLH8300204F0,1W9DL31001461C,,,,,
2023-11-01,11:34:17.54 AM,9m 55.2s,595.2,33.7949403712473,-117.475006156799,-5.2,137.7,16.4,1259,5192.8,7.4762,7.569323,-5.816044,2.23694,4.697574,4.697574,0.447388,0.894776,-2.5,0.6,2.5,141,141,140.4,Tripod,Other,,21,5,True,,True,False,,Smart,RC,False,True,False,,,True,,False,False,False,False,False,False,False,False,False,False,0,Follow Yaw,-77.9,0,132.9,132.9,False,False,False,False,False,,0,0,False,False,No Card,100,100,1024,1364,774,1024,2,False,False,False,False,False,0,False,False,False,False,68,,46.356,,6829,,10044,,46.356,,True,3.865,3.865,3.865,3.865,3.865,3.865,3.865,3.865,3.865,3.865,3.865,3.865,0,,False,False,True,,,,,,,,,,,,,,,False,False,19.006,,104.0,,75.7,,104.0,,1301,121,,22,7,142038.5,18938.47,,Idle,,20,,10,,,20,Go Home,False,False,False,False,False,False,False,False,False,False,False,False,33.8027920380556,-117.4659261431046,3972.6,3972.6,1049.4,396.9,True,1,1,False,False,False,False,,True,False,False,Course Lock,196.8,67,16.4,93,NW,S,2.23,11.4,Calm,False,False,Android,7.0.2,M300 RTK,1ZN7L4R0H1D00F,1W9DL31001461C,1ZMLH8300204F0,1Z6PH74DAP0QN7,"Corona, CA",728.3,5.7,137.7,8.547347,2.013246,0,0,DJI Matrice 300 RTK,M300 RTK,1ZN7L4R0H1D00F,1W9DL31001461C,1ZMLH8300204F0,1Z6PH74DAP0QN7,DJI Pilot,Android,7.0.2,1EF72A62-B7C3-C88D-164E-CE6F8C8424AE,1ZN7L4R0H1D00F,1W9DL31001461C,,1ZMLH8300204F0,1W9DL31001461C,,,,,
2023-11-01,11:34:17.64 AM,9m 55.3s,595.3,33.7949379896644,-117.4750037559095,-5.2,137.7,16.4,1259,5194.0,7.4762,7.569323,-5.816044,2.23694,4.697574,4.697574,0.447388,0.894776,-2.3,0.5,2.3,141,141,140.0,Tripod,Other,,21,5,True,,True,False,,Smart,RC,False,True,False,,,True,,False,False,False,False,False,False,False,False,False,False,0,Follow Yaw,-77.9,0,132.9,132.9,False,False,False,False,False,,0,0,False,False,No Card,100,100,1024,1369,782,1024,2,False,False,False,False,False,0,False,False,False,False,68,,46.356,,6829,,10044,,46.356,,True,3.864,3.864,3.864,3.864,3.864,3.864,3.864,3.864,3.864,3.864,3.864,3.864,0,,False,False,True,,,,,,,,,,,,,,,False,False,19.006,,104.0,,75.7,,104.0,,1301,121,,22,7,142072.6,18943.02,,Idle,,20,,10,,,20,Go Home,False,False,False,False,False,False,False,False,False,False,False,False,33.8027920380556,-117.4659261431046,3972.7,3972.7,1049.4,396.9,True,1,1,False,False,False,False,,True,False,False,Course Lock,196.8,67,16.4,93,NW,S,2.23,11.4,Calm,False,False,Android,7.0.2,M300 RTK,1ZN7L4R0H1D00F,1W9DL31001461C,1ZMLH8300204F0,1Z6PH74DAP0QN7,"Corona, CA",728.3,5.7,137.7,8.547347,2.013246,0,0,DJI Matrice 300 RTK,M300 RTK,1ZN7L4R0H1D00F,1W9DL31001461C,1ZMLH8300204F0,1Z6PH74DAP0QN7,DJI Pilot,Android,7.0.2,1EF72A62-B7C3-C88D-164E-CE6F8C8424AE,1ZN7L4R0H1D00F,1W9DL31001461C,,1ZMLH8300204F0,1W9DL31001461C,,,,,
2023-11-01,11:34:17.74 AM,9m 55.4s,595.4,33.7949355564252,-117.4750013432479,-5.2,137.7,16.4,1259,5195.1,7.4762,7.569323,-5.816044,2.23694,4.697574,4.697574,0.447388,0.894776,-2.2,0.4,2.2,140.9,140.9,140.5,Tripod,Other,,21,5,True,,True,False,,Smart,RC,False,True,False,,,True,,False,False,False,False,False,False,False,False,False,False,0,Follow Yaw,-77.9,0,132.9,132.9,False,False,False,False,False,,0,0,False,False,No Card,100,100,1024,1371,786,1024,2,False,False,False,False,False,0,False,False,False,False,68,,46.356,,6829,,10044,,46.356,,True,3.864,3.864,3.864,3.864,3.864,3.864,3.864,3.864,3.864,3.864,3.864,3.864,0,,False,False,True,,,,,,,,,,,,,,,False,False,19.006,,104.0,,75.7,,104.0,,1301,121,,22,7,142072.6,18943.02,,Idle,,20,,10,,,20,Go Home,False,False,False,False,False,False,False,False,False,False,False,False,33.8027920380556,-117.4659261431046,3972.9,3972.9,1049.4,396.9,True,1,1,False,False,False,False,,True,False,False,Course Lock,196.8,67,16.4,93,NW,S,2.23,11.4,Calm,False,False,Android,7.0.2,M300 RTK,1ZN7L4R0H1D00F,1W9DL31001461C,1ZMLH8300204F0,1Z6PH74DAP0QN7,"Corona, CA",728.3,5.7,137.7,8.547347,2.013246,0,0,DJI Matrice 300 RTK,M300 RTK,1ZN7L4R0H1D00F,1W9DL31001461C,1ZMLH8300204F0,1Z6PH74DAP0QN7,DJI Pilot,Android,7.0.2,1EF72A62-B7C3-C88D-164E-CE6F8C8424AE,1ZN7L4R0H1D00F,1W9DL31001461C,,1ZMLH8300204F0,1W9DL31001461C,,,,,
2023-11-01,11:34:17.84 AM,9m 55.5s,595.5,33.7949330303934,-117.4749991467405,-5.2,137.7,16.4,1259,5196.3,7.4762,7.569323,-5.816044,2.23694,4.697574,4.697574,0.447388,0.894776,-1.9,0.2,1.9,140.8,140.8,144.1,Tripod,Other,,21,5,True,,True,False,,Smart,RC,False,True,False,,,True,,False,False,False,False,False,False,False,False,False,False,0,Follow Yaw,-77.9,0,132.9,132.9,False,False,False,False,False,,0,0,False,False,No Card,100,100,1024,1370,785,1024,2,False,False,False,False,False,0,False,False,False,False,68,,46.356,,6829,,10044,,46.356,,True,3.864,3.864,3.864,3.864,3.864,3.864,3.864,3.864,3.864,3.864,3.864,3.864,0,,False,False,True,,,,,,,,,,,,,,,False,False,19.006,,104.0,,75.7,,104.0,,1301,121,,22,7,142072.6,18943.02,,Idle,,20,,10,,,20,Go Home,False,False,False,False,False,False,False,False,False,False,False,False,33.8027920380556,-117.4659261431046,3973.1,3973.1,1049.4,396.9,True,1,1,False,False,False,False,,True,False,False,Course Lock,196.8,67,16.4,93,NW,S,2.23,11.4,Calm,False,False,Android,7.0.2,M300 RTK,1ZN7L4R0H1D00F,1W9DL31001461C,1ZMLH8300204F0,1Z6PH74DAP0QN7,"Corona, CA",728.3,5.7,137.7,8.547347,2.013246,0,0,DJI Matrice 300 RTK,M300 RTK,1ZN7L4R0H1D00F,1W9DL31001461C,1ZMLH8300204F0,1Z6PH74DAP0QN7,DJI Pilot,Android,7.0.2,1EF72A62-B7C3-C88D-164E-CE6F8C8424AE,1ZN7L4R0H1D00F,1W9DL31001461C,,1ZMLH8300204F0,1W9DL31001461C,,,,,
2023-11-01,11:34:17.94 AM,9m 55.6s,595.6,33.7949305964346,-117.4749967577674,-5.5,137.7,16.4,1258,5197.4,7.4762,7.569323,-5.816044,2.23694,4.697574,4.697574,0.447388,0.894776,-1.6,0.3,1.6,140.9,140.9,140.7,Tripod,Other,,21,5,True,,True,False,,Smart,RC,False,True,False,,,True,,False,False,False,False,False,False,False,False,False,False,0,Follow Yaw,-77.9,0,132.9,132.9,False,False,False,False,False,,0,0,False,False,No Card,100,100,1024,1372,768,1024,2,False,False,False,False,False,0,False,False,False,False,68,,46.356,,6829,,10044,,46.356,,True,3.864,3.864,3.864,3.864,3.864,3.864,3.864,3.864,3.864,3.864,3.864,3.864,0,,False,False,True,,,,,,,,,,,,,,,False,False,19.006,,104.0,,75.7,,104.0,,1301,121,,22,7,142072.6,18943.02,,Idle,,20,,10,,,20,Go Home,False,False,False,False,False,False,False,False,False,False,False,False,33.8027920380556,-117.4659261431046,3973.2,3973.2,1049.4,396.9,True,1,1,False,False,False,False,,True,False,False,Course Lock,196.8,67,16.4,93,NW,S,2.23,11.4,Calm,False,False,Android,7.0.2,M300 RTK,1ZN7L4R0H1D00F,1W9DL31001461C,1ZMLH8300204F0,1Z6PH74DAP0QN7,"Corona, CA",728.3,5.7,137.7,8.547347,2.013246,0,0,DJI Matrice 300 RTK,M300 RTK,1ZN7L4R0H1D00F,1W9DL31001461C,1ZMLH8300204F0,1Z6PH74DAP0QN7,DJI Pilot,Android,7.0.2,1EF72A62-B7C3-C88D-164E-CE6F8C8424AE,1ZN7L4R0H1D00F,1W9DL31001461C,,1ZMLH8300204F0,1W9DL31001461C,,,,,
2023-11-01,11:34:18.00 AM,9m 55.7s,595.7,33.7949285036811,-117.4749945655379,-5.5,137.7,16.4,1258,5198.4,7.4762,7.569323,-5.816044,2.23694,4.697574,4.697574,0.447388,0.894776,-1.5,0.3,1.5,140.9,140.9,138.9,Tripod,Other,,21,5,True,,True,False,,Smart,RC,False,True,False,,,True,,False,False,False,False,False,False,False,False,False,False,0,Follow Yaw,-77.9,0,132.9,132.9,False,False,False,False,False,,0,0,False,False,No Card,100,100,1024,1372,751,1024,2,False,False,False,False,False,0,False,False,False,False,68,,46.356,,6829,,10044,,46.356,,True,3.864,3.864,3.864,3.864,3.864,3.864,3.864,3.864,3.864,3.864,3.864,3.864,0,,False,False,True,,,,,,,,,,,,,,,False,False,19.006,,104.0,,75.7,,104.0,,1301,121,,22,7,142072.6,18943.02,,Idle,,20,,10,,,20,Go Home,False,False,False,False,False,False,False,False,False,False,False,False,33.8027920380556,-117.4659261431046,3973.3,3973.3,1049.4,396.9,True,1,1,False,False,False,False,,True,False,False,Course Lock,196.8,67,16.4,93,NW,S,2.23,11.4,Calm,False,False,Android,7.0.2,M300 RTK,1ZN7L4R0H1D00F,1W9DL31001461C,1ZMLH8300204F0,1Z6PH74DAP0QN7,"Corona, CA",728.3,5.7,137.7,8.547347,2.013246,0,0,DJI Matrice 300 RTK,M300 RTK,1ZN7L4R0H1D00F,1W9DL31001461C,1ZMLH8300204F0,1Z6PH74DAP0QN7,DJI Pilot,Android,7.0.2,1EF72A62-B7C3-C88D-164E-CE6F8C8424AE,1ZN7L4R0H1D00F,1W9DL31001461C,,1ZMLH8300204F0,1W9DL31001461C,,,,,
2023-11-01,11:34:18.14 AM,9m 55.8s,595.8,33.7949261207104,-117.474992216633,-5.5,137.7,16.7,1258,5199.6,7.4762,7.569323,-5.816044,2.23694,4.697574,4.697574,0.447388,0.894776,-1.7,0.4,1.7,141.1,141.1,140.6,Tripod,Other,,21,5,True,,True,False,,Smart,RC,False,True,False,,,True,,False,False,False,False,False,False,False,False,False,False,0,Follow Yaw,-77.9,0,132.9,132.9,False,False,False,False,False,,0,0,False,False,No Card,100,100,1024,1349,770,1024,2,False,False,False,False,False,0,False,False,False,False,68,,46.356,,6829,,10044,,46.356,,True,3.864,3.864,3.864,3.864,3.864,3.864,3.864,3.864,3.864,3.864,3.864,3.864,0,,False,False,True,,,,,,,,,,,,,,,False,False,19.006,,104.0,,75.7,,104.0,,1301,121,,22,7,142072.6,18943.02,,Idle,,20,,10,,,20,Go Home,False,False,False,False,False,False,False,False,False,False,False,False,33.8027920380556,-117.4659261431046,3973.4,3973.4,1049.4,396.9,True,1,1,False,False,False,False,,True,False,False,Course Lock,196.8,67,16.4,93,NW,S,2.23,11.4,Calm,False,False,Android,7.0.2,M300 RTK,1ZN7L4R0H1D00F,1W9DL31001461C,1ZMLH8300204F0,1Z6PH74DAP0QN7,"Corona, CA",728.3,5.7,137.7,8.547347,2.013246,0,0,DJI Matrice 300 RTK,M300 RTK,1ZN7L4R0H1D00F,1W9DL31001461C,1ZMLH8300204F0,1Z6PH74DAP0QN7,DJI Pilot,Android,7.0.2,1EF72A62-B7C3-C88D-164E-CE6F8C8424AE,1ZN7L4R0H1D00F,1W9DL31001461C,,1ZMLH8300204F0,1W9DL31001461C,,,,,
2023-11-01,11:34:18.24 AM,9m 55.9s,595.9,33.7949236177054,-117.4749899442052,-5.5,137.7,16.7,1258,5200.7,7.4762,7.569323,-5.816044,2.23694,4.697574,4.697574,0.447388,0.894776,-2,0.6,2,141.3,141.3,142.9,Tripod,Other,,21,5,True,,True,False,,Smart,RC,False,True,False,,,True,,False,False,False,False,False,False,False,False,False,False,0,Follow Yaw,-77.9,0,132.9,132.9,False,False,False,False,False,,0,0,False,False,No Card,100,100,1024,1343,786,1024,2,False,False,False,False,False,0,False,False,False,False,68,,46.356,,6829,,10044,,46.356,,True,3.864,3.864,3.864,3.864,3.864,3.864,3.864,3.864,3.864,3.864,3.864,3.864,0,,False,False,True,,,,,,,,,,,,,,,False,False,19.006,,104.0,,75.7,,104.0,,1301,121,,22,7,142072.6,18943.02,,Idle,,20,,10,,,20,Go Home,False,False,False,False,False,False,False,False,False,False,False,False,33.8027920380556,-117.4659261431046,3973.6,3973.6,1049.4,396.9,True,1,1,False,False,False,False,,True,False,False,Course Lock,196.8,67,16.4,93,NW,S,2.23,11.4,Calm,False,False,Android,7.0.2,M300 RTK,1ZN7L4R0H1D00F,1W9DL31001461C,1ZMLH8300204F0,1Z6PH74DAP0QN7,"Corona, CA",728.3,5.7,137.7,8.547347,2.013246,0,0,DJI Matrice 300 RTK,M300 RTK,1ZN7L4R0H1D00F,1W9DL31001461C,1ZMLH8300204F0,1Z6PH74DAP0QN7,DJI Pilot,Android,7.0.2,1EF72A62-B7C3-C88D-164E-CE6F8C8424AE,1ZN7L4R0H1D00F,1W9DL31001461C,,1ZMLH8300204F0,1W9DL31001461C,,,,,
2023-11-01,11:34:18.34 AM,9m 56.0s,596.0,33.7949212367306,-117.4749876308948,-5.9,137.7,16.4,1258,5201.8,7.4762,7.569323,-5.816044,2.23694,4.697574,4.697574,0.447388,0.894776,-2,0.7,2.1,141.3,141.3,141.0,Tripod,Other,,21,5,True,,True,False,,Smart,RC,False,True,False,,,True,,False,False,False,False,False,False,False,False,False,False,0,Follow Yaw,-77.9,0,132.9,132.9,False,False,False,False,False,,0,0,False,False,No Card,100,100,1024,1348,789,1024,2,False,False,False,False,False,0,False,False,False,False,68,,46.344,,6829,,10044,,46.344,,True,3.864,3.864,3.864,3.864,3.864,3.864,3.864,3.864,3.864,3.864,3.864,3.864,0,,False,False,True,,,,,,,,,,,,,,,False,False,18.858,,104.0,,75.7,,104.0,,1301,121,,22,7,142072.6,18943.02,,Idle,,20,,10,,,20,Go Home,False,False,False,False,False,False,False,False,False,False,False,False,33.8027920380556,-117.4659261431046,3973.8,3973.8,1049.4,396.9,True,1,1,False,False,False,False,,True,False,False,Course Lock,196.8,67,16.4,93,NW,S,2.23,11.4,Calm,False,False,Android,7.0.2,M300 RTK,1ZN7L4R0H1D00F,1W9DL31001461C,1ZMLH8300204F0,1Z6PH74DAP0QN7,"Corona, CA",728.3,5.7,137.7,8.547347,2.013246,0,0,DJI Matrice 300 RTK,M300 RTK,1ZN7L4R0H1D00F,1W9DL31001461C,1ZMLH8300204F0,1Z6PH74DAP0QN7,DJI Pilot,Android,7.0.2,1EF72A62-B7C3-C88D-164E-CE6F8C8424AE,1ZN7L4R0H1D00F,1W9DL31001461C,,1ZMLH8300204F0,1W9DL31001461C,,,,,
2023-11-01,11:34:18.44 AM,9m 56.1s,596.1,33.7949188917183,-117.4749852199547,-5.9,137.7,16.4,1258,5202.9,7.4762,7.569323,-5.816044,2.23694,4.697574,4.697574,0.447388,0.894776,-1.8,0.4,1.8,141.1,141.1,139.4,Tripod,Other,,21,5,True,,True,False,,Smart,RC,False,True,False,,,True,,False,False,False,False,False,False,False,False,False,False,0,Follow Yaw,-77.9,0,132.9,132.9,False,False,False,False,False,,0,0,False,False,No Card,100,100,1024,1364,765,1017,2,False,False,False,False,False,0,False,False,False,False,68,,46.344,,6829,,10044,,46.344,,True,3.864,3.864,3.864,3.864,3.864,3.864,3.864,3.864,3.864,3.864,3.864,3.864,0,,False,False,True,,,,,,,,,,,,,,,False,False,18.858,,104.0,,75.7,,104.0,,1301,121,,22,7,142072.6,18943.02,,Idle,,20,,10,,,20,Go Home,False,False,False,False,False,False,False,False,False,False,False,False,33.8027920380556,-117.4659261431046,3973.9,3973.9,1049.4,396.9,True,1,1,False,False,False,False,,True,False,False,Course Lock,196.8,67,16.4,93,NW,S,2.23,11.4,Calm,False,False,Android,7.0.2,M300 RTK,1ZN7L4R0H1D00F,1W9DL31001461C,1ZMLH8300204F0,1Z6PH74DAP0QN7,"Corona, CA",728.3,5.7,137.7,8.547347,2.013246,0,0,DJI Matrice 300 RTK,M300 RTK,1ZN7L4R0H1D00F,1W9DL31001461C,1ZMLH8300204F0,1Z6PH74DAP0QN7,DJI Pilot,Android,7.0.2,1EF72A62-B7C3-C88D-164E-CE6F8C8424AE,1ZN7L4R0H1D00F,1W9DL31001461C,,1ZMLH8300204F0,1W9DL31001461C,,,,,
2023-11-01,11:34:18.54 AM,9m 56.2s,596.2,33.7949165232507,-117.4749829280236,-5.9,137.7,16.7,1258,5204.0,7.161702,7.569323,-5.59235,2.23694,4.47388,4.697574,0.447388,0.894776,-1.6,0.2,1.6,141.1,141.1,141.1,Tripod,Other,,21,5,True,,True,False,,Smart,RC,False,True,False,,,True,,False,False,False,False,False,False,False,False,False,False,0,Follow Yaw,-77.9,0,132.9,132.9,False,False,False,False,False,,0,0,False,False,No Card,100,100,1024,1350,751,1011,2,False,False,False,False,False,0,False,False,False,False,68,,46.344,,6829,,10044,,46.344,,True,3.864,3.864,3.864,3.864,3.864,3.864,3.864,3.864,3.864,3.864,3.864,3.864,0,,False,False,True,,,,,,,,,,,,,,,False,False,18.858,,104.0,,75.7,,104.0,,1301,121,,22,7,142072.6,18943.02,,Idle,,20,,10,,,20,Go Home,False,False,False,False,False,False,False,False,False,False,False,False,33.8027920380556,-117.4659261431046,3974.0,3974.0,1049.4,396.9,True,1,1,False,False,False,False,,True,False,False,Course Lock,196.8,67,16.4,93,NW,S,2.23,11.4,Calm,False,False,Android,7.0.2,M300 RTK,1ZN7L4R0H1D00F,1W9DL31001461C,1ZMLH8300204F0,1Z6PH74DAP0QN7,"Corona, CA",728.3,5.7,137.7,8.547347,2.013246,0,0,DJI Matrice 300 RTK,M300 RTK,1ZN7L4R0H1D00F,1W9DL31001461C,1ZMLH8300204F0,1Z6PH74DAP0QN7,DJI Pilot,Android,7.0.2,1EF72A62-B7C3-C88D-164E-CE6F8C8424AE,1ZN7L4R0H1D00F,1W9DL31001461C,,1ZMLH8300204F0,1W9DL31001461C,,,,,
2023-11-01,11:34:18.62 AM,9m 56.3s,596.3,33.7949140899859,-117.4749806458132,-5.9,137.7,16.4,1258,5205.2,7.161702,7.569323,-5.59235,2.23694,4.47388,4.697574,0.447388,0.894776,-1.5,0.1,1.5,141,141,142.0,Tripod,Other,,21,5,True,,True,False,,Smart,RC,False,True,False,,,True,,False,False,False,False,False,False,False,False,False,False,0,Follow Yaw,-77.9,0,132.9,132.9,False,False,False,False,False,,0,0,False,False,No Card,100,100,1024,1360,749,1019,2,False,False,False,False,False,0,False,False,False,False,68,,46.344,,6829,,10044,,46.344,,True,3.862,3.862,3.862,3.862,3.862,3.862,3.862,3.862,3.862,3.862,3.862,3.862,0,,False,False,True,,,,,,,,,,,,,,,False,False,18.858,,104.0,,75.7,,104.0,,1300,121,,22,7,142144.5,18952.60,,Idle,,20,,10,,,20,Go Home,False,False,False,False,False,False,False,False,False,False,False,False,33.8027920380556,-117.4659261431046,3974.2,3974.2,1049.4,396.9,True,1,1,False,False,False,False,,True,False,False,Course Lock,196.8,67,16.4,93,NW,S,2.23,11.4,Calm,False,False,Android,7.0.2,M300 RTK,1ZN7L4R0H1D00F,1W9DL31001461C,1ZMLH8300204F0,1Z6PH74DAP0QN7,"Corona, CA",728.3,5.7,137.7,8.547347,2.013246,0,0,DJI Matrice 300 RTK,M300 RTK,1ZN7L4R0H1D00F,1W9DL31001461C,1ZMLH8300204F0,1Z6PH74DAP0QN7,DJI Pilot,Android,7.0.2,1EF72A62-B7C3-C88D-164E-CE6F8C8424AE,1ZN7L4R0H1D00F,1W9DL31001461C,,1ZMLH8300204F0,1W9DL31001461C,,,,,
2023-11-01,11:34:18.73 AM,9m 56.4s,596.4,33.7949117416925,-117.4749783729216,-6.2,137.7,16.4,1258,5206.3,7.161702,7.569323,-5.59235,2.23694,4.47388,4.697574,0.447388,0.894776,-1.7,0,1.7,140.8,140.8,141.1,Tripod,Other,,21,5,True,,True,False,,Smart,RC,False,True,False,,,True,,False,False,False,False,False,False,False,False,False,False,0,Follow Yaw,-77.9,0,132.9,132.9,False,False,False,False,False,,0,0,False,False,No Card,100,100,1024,1364,735,1024,2,False,False,False,False,False,0,False,False,False,False,68,,46.344,,6829,,10044,,46.344,,True,3.862,3.862,3.862,3.862,3.862,3.862,3.862,3.862,3.862,3.862,3.862,3.862,0,,False,False,True,,,,,,,,,,,,,,,False,False,18.858,,104.0,,75.7,,104.0,,1300,121,,22,7,142144.5,18952.60,,Idle,,20,,10,,,20,Go Home,False,False,False,False,False,False,False,False,False,False,False,False,33.8027920380556,-117.4659261431046,3974.3,3974.3,1049.4,396.9,True,1,1,False,False,False,False,,True,False,False,Course Lock,196.8,67,16.4,93,NW,S,2.23,11.4,Calm,False,False,Android,7.0.2,M300 RTK,1ZN7L4R0H1D00F,1W9DL31001461C,1ZMLH8300204F0,1Z6PH74DAP0QN7,"Corona, CA",728.3,5.7,137.7,8.547347,2.013246,0,0,DJI Matrice 300 RTK,M300 RTK,1ZN7L4R0H1D00F,1W9DL31001461C,1ZMLH8300204F0,1Z6PH74DAP0QN7,DJI Pilot,Android,7.0.2,1EF72A62-B7C3-C88D-164E-CE6F8C8424AE,1ZN7L4R0H1D00F,1W9DL31001461C,,1ZMLH8300204F0,1W9DL31001461C,,,,,
2023-11-01,11:34:18.83 AM,9m 56.5s,596.5,33.7949098682423,-117.4749763404703,-6.2,137.7,16.4,1258,5207.2,7.161702,7.569323,-5.59235,2.23694,4.47388,4.697574,0.447388,0.894776,-1.6,0,1.6,140.7,140.7,137.9,Tripod,Other,,21,5,True,,True,False,,Smart,RC,False,True,False,,,True,,False,False,False,False,False,False,False,False,False,False,0,Follow Yaw,-77.9,0,132.9,132.9,False,False,False,False,False,,0,0,False,False,No Card,100,100,1024,1365,738,1024,2,False,False,False,False,False,0,False,False,False,False,68,,46.344,,6829,,10044,,46.344,,True,3.862,3.862,3.862,3.862,3.862,3.862,3.862,3.862,3.862,3.862,3.862,3.862,0,,False,False,True,,,,,,,,,,,,,,,False,False,18.858,,104.0,,75.7,,104.0,,1300,121,,22,7,142144.5,18952.60,,Idle,,20,,10,,,20,Go Home,False,False,False,False,False,False,False,False,False,False,False,False,33.8027920380556,-117.4659261431046,3974.4,3974.4,1049.4,396.9,True,1,1,False,False,False,False,,True,False,False,Course Lock,196.8,67,16.4,93,NW,S,2.23,11.4,Calm,False,False,Android,7.0.2,M300 RTK,1ZN7L4R0H1D00F,1W9DL31001461C,1ZMLH8300204F0,1Z6PH74DAP0QN7,"Corona, CA",728.3,5.7,137.7,8.547347,2.013246,0,0,DJI Matrice 300 RTK,M300 RTK,1ZN7L4R0H1D00F,1W9DL31001461C,1ZMLH8300204F0,1Z6PH74DAP0QN7,DJI Pilot,Android,7.0.2,1EF72A62-B7C3-C88D-164E-CE6F8C8424AE,1ZN7L4R0H1D00F,1W9DL31001461C,,1ZMLH8300204F0,1W9DL31001461C,,,,,
2023-11-01,11:34:18.93 AM,9m 56.6s,596.6,33.7949075850889,-117.474974097287,-6.2,137.7,16.4,1258,5208.3,7.161702,7.569323,-5.59235,2.23694,4.47388,4.697574,0.447388,0.894776,-1.4,0,1.4,140.7,140.7,140.7,Tripod,Other,,21,5,True,,True,False,,Smart,RC,False,True,False,,,True,,False,False,False,False,False,False,False,False,False,False,0,Follow Yaw,-77.9,0,132.9,132.9,False,False,False,False,False,,0,0,False,False,No Card,100,100,1024,1361,749,1024,2,False,False,False,False,False,0,False,False,False,False,68,,46.344,,6829,,10044,,46.344,,True,3.862,3.862,3.862,3.862,3.862,3.862,3.862,3.862,3.862,3.862,3.862,3.862,0,,False,False,True,,,,,,,,,,,,,,,False,False,18.858,,104.0,,75.7,,104.0,,1300,121,,22,7,142144.5,18952.60,,Idle,,20,,10,,,20,Go Home,False,False,False,False,False,False,False,False,False,False,False,False,33.8027920380556,-117.4659261431046,3974.5,3974.5,1049.4,396.9,True,1,1,False,False,False,False,,True,False,False,Course Lock,196.8,67,16.4,93,NW,S,2.23,11.4,Calm,False,False,Android,7.0.2,M300 RTK,1ZN7L4R0H1D00F,1W9DL31001461C,1ZMLH8300204F0,1Z6PH74DAP0QN7,"Corona, CA",728.3,5.7,137.7,8.547347,2.013246,0,0,DJI Matrice 300 RTK,M300 RTK,1ZN7L4R0H1D00F,1W9DL31001461C,1ZMLH8300204F0,1Z6PH74DAP0QN7,DJI Pilot,Android,7.0.2,1EF72A62-B7C3-C88D-164E-CE6F8C8424AE,1ZN7L4R0H1D00F,1W9DL31001461C,,1ZMLH8300204F0,1W9DL31001461C,,,,,
2023-11-01,11:34:19.04 AM,9m 56.7s,596.7,33.7949051042798,-117.4749715810892,-6.2,137.7,16.7,1258,5209.4,7.161702,7.569323,-5.59235,2.23694,4.47388,4.697574,0.447388,0.894776,-1.4,0.1,1.4,140.7,140.7,139.8,Tripod,Other,,21,5,True,,True,False,,Smart,RC,False,True,False,,,True,,False,False,False,False,False,False,False,False,False,False,0,Follow Yaw,-77.9,0,132.9,132.9,False,False,False,False,False,,0,0,False,False,No Card,100,100,1024,1371,749,1010,2,False,False,False,False,False,0,False,False,False,False,68,,46.32,,3390,,4986,,46.32,,True,3.862,3.862,3.862,3.862,3.862,3.862,3.862,3.862,3.862,3.862,3.862,3.862,0,,False,False,True,,,,,,,,,,,,,,,False,False,9.528,,103.8,,75.7,,104.0,,1300,121,,22,7,142144.5,18952.60,,Idle,,20,,10,,,20,Go Home,False,False,False,False,False,False,False,False,False,False,False,False,33.8027920380556,-117.4659261431046,3974.6,3974.6,1049.4,396.9,True,1,1,False,False,False,False,,True,False,False,Course Lock,196.8,67,16.4,93,NW,S,2.23,11.4,Calm,False,False,Android,7.0.2,M300 RTK,1ZN7L4R0H1D00F,1W9DL31001461C,1ZMLH8300204F0,1Z6PH74DAP0QN7,"Corona, CA",728.3,5.7,137.7,8.547347,2.013246,0,0,DJI Matrice 300 RTK,M300 RTK,1ZN7L4R0H1D00F,1W9DL31001461C,1ZMLH8300204F0,1Z6PH74DAP0QN7,DJI Pilot,Android,7.0.2,1EF72A62-B7C3-C88D-164E-CE6F8C8424AE,1ZN7L4R0H1D00F,1W9DL31001461C,,1ZMLH8300204F0,1W9DL31001461C,,,,,
2023-11-01,11:34:19.14 AM,9m 56.8s,596.8,33.7949028367432,-117.4749693246392,-6.5,137.7,16.4,1257,5210.5,6.988423,7.569323,-5.368656,2.23694,4.47388,4.697574,0.447388,0.894776,-1.4,0.4,1.4,140.8,140.8,140.4,Tripod,Other,,21,5,True,,True,False,,Smart,RC,False,True,False,,,True,,False,False,False,False,False,False,False,False,False,False,0,Follow Yaw,-77.9,0,132.9,132.9,False,False,False,False,False,,0,0,False,False,No Card,100,100,1024,1371,739,1024,2,False,False,False,False,False,0,False,False,False,False,68,,46.32,,3390,,4986,,46.32,,True,3.862,3.862,3.862,3.862,3.862,3.862,3.862,3.862,3.862,3.862,3.862,3.862,0,,False,False,True,,,,,,,,,,,,,,,False,False,9.528,,103.8,,75.7,,104.0,,1300,121,,22,7,142144.5,18952.60,,Idle,,20,,10,,,20,Go Home,False,False,False,False,False,False,False,False,False,False,False,False,33.8027920380556,-117.4659261431046,3974.8,3974.8,1049.4,396.9,True,1,1,False,False,False,False,,True,False,False,Course Lock,196.8,67,16.4,93,NW,S,2.23,11.4,Calm,False,False,Android,7.0.2,M300 RTK,1ZN7L4R0H1D00F,1W9DL31001461C,1ZMLH8300204F0,1Z6PH74DAP0QN7,"Corona, CA",728.3,5.7,137.7,8.547347,2.013246,0,0,DJI Matrice 300 RTK,M300 RTK,1ZN7L4R0H1D00F,1W9DL31001461C,1ZMLH8300204F0,1Z6PH74DAP0QN7,DJI Pilot,Android,7.0.2,1EF72A62-B7C3-C88D-164E-CE6F8C8424AE,1ZN7L4R0H1D00F,1W9DL31001461C,,1ZMLH8300204F0,1W9DL31001461C,,,,,
2023-11-01,11:34:19.24 AM,9m 56.9s,596.9,33.7949005228359,-117.4749671477175,-6.5,137.7,16.4,1257,5211.6,6.988423,7.569323,-5.368656,2.23694,4.47388,4.697574,0.447388,0.894776,-1.5,0.6,1.6,140.9,140.9,141.9,Tripod,Other,,21,5,True,,True,False,,Smart,RC,False,True,False,,,True,,False,False,False,False,False,False,False,False,False,False,0,Follow Yaw,-77.9,0,132.9,132.9,False,False,False,False,False,,0,0,False,False,No Card,100,100,1024,1367,723,1024,2,False,False,False,False,False,0,False,False,False,False,68,,46.32,,3390,,4986,,46.32,,True,3.862,3.862,3.862,3.862,3.862,3.862,3.862,3.862,3.862,3.862,3.862,3.862,0,,False,False,True,,,,,,,,,,,,,,,False,False,9.528,,103.8,,75.7,,104.0,,1300,121,,22,7,142144.5,18952.60,,Idle,,20,,10,,,20,Go Home,False,False,False,False,False,False,False,False,False,False,False,False,33.8027920380556,-117.4659261431046,3974.9,3974.9,1049.4,396.9,True,1,1,False,False,False,False,,True,False,False,Course Lock,196.8,67,16.4,93,NW,S,2.23,11.4,Calm,False,False,Android,7.0.2,M300 RTK,1ZN7L4R0H1D00F,1W9DL31001461C,1ZMLH8300204F0,1Z6PH74DAP0QN7,"Corona, CA",728.3,5.7,137.7,8.547347,2.013246,0,0,DJI Matrice 300 RTK,M300 RTK,1ZN7L4R0H1D00F,1W9DL31001461C,1ZMLH8300204F0,1Z6PH74DAP0QN7,DJI Pilot,Android,7.0.2,1EF72A62-B7C3-C88D-164E-CE6F8C8424AE,1ZN7L4R0H1D00F,1W9DL31001461C,,1ZMLH8300204F0,1W9DL31001461C,,,,,
2023-11-01,11:34:19.35 AM,9m 57.0s,597.0,33.7948982740343,-117.4749649188628,-6.5,137.7,16.4,1257,5212.7,6.988423,7.569323,-5.368656,2.23694,4.47388,4.697574,0.447388,0.894776,-1.6,0.7,1.7,140.9,140.9,140.5,Tripod,Other,,21,5,True,,True,False,,Smart,RC,False,True,False,,,True,,False,False,False,False,False,False,False,False,False,False,0,Follow Yaw,-77.9,0,132.9,132.9,False,False,False,False,False,,0,0,False,False,No Card,100,100,1024,1355,729,1024,2,False,False,False,False,False,0,False,False,False,False,68,,46.32,,6829,,10044,,46.32,,True,3.862,3.862,3.862,3.862,3.862,3.862,3.862,3.862,3.862,3.862,3.862,3.862,0,,False,False,True,,,,,,,,,,,,,,,False,False,19.13,,104.1,,75.7,,104.1,,1300,121,,22,7,142144.5,18952.60,,Idle,,20,,10,,,20,Go Home,False,False,False,False,False,False,False,False,False,False,False,False,33.8027920380556,-117.4659261431046,3975.1,3975.1,1049.4,396.9,True,1,1,False,False,False,False,,True,False,False,Course Lock,196.8,67,16.4,93,NW,S,2.23,11.4,Calm,False,False,Android,7.0.2,M300 RTK,1ZN7L4R0H1D00F,1W9DL31001461C,1ZMLH8300204F0,1Z6PH74DAP0QN7,"Corona, CA",728.3,5.7,137.7,8.547347,2.013246,0,0,DJI Matrice 300 RTK,M300 RTK,1ZN7L4R0H1D00F,1W9DL31001461C,1ZMLH8300204F0,1Z6PH74DAP0QN7,DJI Pilot,Android,7.0.2,1EF72A62-B7C3-C88D-164E-CE6F8C8424AE,1ZN7L4R0H1D00F,1W9DL31001461C,,1ZMLH8300204F0,1W9DL31001461C,,,,,
2023-11-01,11:34:19.45 AM,9m 57.1s,597.1,33.7948960465805,-117.4749628918234,-6.5,137.7,16.4,1257,5213.7,6.988423,7.569323,-5.368656,2.23694,4.47388,4.697574,0.447388,0.894776,-1.7,0.6,1.8,141,141,142.9,Tripod,Other,,21,5,True,,True,False,,Smart,RC,False,True,False,,,True,,False,False,False,False,False,False,False,False,False,False,0,Follow Yaw,-77.9,0,132.9,132.9,False,False,False,False,False,,0,0,False,False,No Card,100,100,1024,1355,746,1024,2,False,False,False,False,False,0,False,False,False,False,68,,46.32,,6829,,10044,,46.32,,True,3.862,3.862,3.862,3.862,3.862,3.862,3.862,3.862,3.862,3.862,3.862,3.862,0,,False,False,True,,,,,,,,,,,,,,,False,False,19.13,,104.1,,75.7,,104.1,,1300,121,,22,7,142144.5,18952.60,,Idle,,20,,10,,,20,Go Home,False,False,False,False,False,False,False,False,False,False,False,False,33.8027920380556,-117.4659261431046,3975.2,3975.2,1049.4,396.9,True,1,1,False,False,False,False,,True,False,False,Course Lock,196.8,67,16.4,93,NW,S,2.23,11.4,Calm,False,False,Android,7.0.2,M300 RTK,1ZN7L4R0H1D00F,1W9DL31001461C,1ZMLH8300204F0,1Z6PH74DAP0QN7,"Corona, CA",728.3,5.7,137.7,8.547347,2.013246,0,0,DJI Matrice 300 RTK,M300 RTK,1ZN7L4R0H1D00F,1W9DL31001461C,1ZMLH8300204F0,1Z6PH74DAP0QN7,DJI Pilot,Android,7.0.2,1EF72A62-B7C3-C88D-164E-CE6F8C8424AE,1ZN7L4R0H1D00F,1W9DL31001461C,,1ZMLH8300204F0,1W9DL31001461C,,,,,
2023-11-01,11:34:19.55 AM,9m 57.2s,597.2,33.7948938199577,-117.4749607017278,-6.8,137.7,16.4,1257,5214.7,6.988423,7.569323,-5.368656,2.23694,4.47388,4.697574,0.447388,0.894776,-1.9,0.5,1.9,141,141,140.7,Tripod,Other,,21,5,True,,True,False,,Smart,RC,False,True,False,,,True,,False,False,False,False,False,False,False,False,False,False,0,Follow Yaw,-77.9,0,132.9,132.9,False,False,False,False,False,,0,0,False,False,No Card,100,100,1024,1350,746,1019,2,False,False,False,False,False,0,False,False,False,False,68,,46.32,,6829,,10044,,46.32,,True,3.862,3.862,3.862,3.862,3.862,3.862,3.862,3.862,3.862,3.862,3.862,3.862,0,,False,False,True,,,,,,,,,,,,,,,False,False,19.13,,104.1,,75.7,,104.1,,1300,121,,22,7,142144.5,18952.60,,Idle,,20,,10,,,20,Go Home,False,False,False,False,False,False,False,False,False,False,False,False,33.8027920380556,-117.4659261431046,3975.4,3975.4,1049.4,396.9,True,1,1,False,False,False,False,,True,False,False,Course Lock,196.8,67,16.4,93,NW,S,2.23,11.4,Calm,False,False,Android,7.0.2,M300 RTK,1ZN7L4R0H1D00F,1W9DL31001461C,1ZMLH8300204F0,1Z6PH74DAP0QN7,"Corona, CA",728.3,5.7,137.7,8.547347,2.013246,0,0,DJI Matrice 300 RTK,M300 RTK,1ZN7L4R0H1D00F,1W9DL31001461C,1ZMLH8300204F0,1Z6PH74DAP0QN7,DJI Pilot,Android,7.0.2,1EF72A62-B7C3-C88D-164E-CE6F8C8424AE,1ZN7L4R0H1D00F,1W9DL31001461C,,1ZMLH8300204F0,1W9DL31001461C,,,,,
2023-11-01,11:34:19.66 AM,9m 57.3s,597.3,33.7948916399025,-117.4749584613999,-6.8,137.7,16.4,1257,5215.8,6.988423,7.569323,-5.368656,2.23694,4.47388,4.697574,0.447388,0.894776,-2,0.4,2,141.1,141.1,139.5,Tripod,Other,,21,5,True,,True,False,,Smart,RC,False,True,False,,,True,,False,False,False,False,False,False,False,False,False,False,0,Follow Yaw,-77.9,0,132.9,132.9,False,False,False,False,False,,0,0,False,False,No Card,100,100,1024,1352,734,1008,2,False,False,False,False,False,0,False,False,False,False,68,,46.32,,6829,,10044,,46.32,,True,3.86,3.86,3.86,3.86,3.86,3.86,3.86,3.86,3.86,3.86,3.86,3.86,0,,False,False,True,,,,,,,,,,,,,,,False,False,19.13,,104.1,,75.7,,104.1,,1300,121,,22,7,142196.9,18959.58,,Idle,,20,,10,,,20,Go Home,False,False,False,False,False,False,False,False,False,False,False,False,33.8027920380556,-117.4659261431046,3975.5,3975.5,1049.4,396.9,True,1,1,False,False,False,False,,True,False,False,Course Lock,196.8,67,16.4,93,NW,S,2.23,11.4,Calm,False,False,Android,7.0.2,M300 RTK,1ZN7L4R0H1D00F,1W9DL31001461C,1ZMLH8300204F0,1Z6PH74DAP0QN7,"Corona, CA",728.3,5.7,137.7,8.547347,2.013246,0,0,DJI Matrice 300 RTK,M300 RTK,1ZN7L4R0H1D00F,1W9DL31001461C,1ZMLH8300204F0,1Z6PH74DAP0QN7,DJI Pilot,Android,7.0.2,1EF72A62-B7C3-C88D-164E-CE6F8C8424AE,1ZN7L4R0H1D00F,1W9DL31001461C,,1ZMLH8300204F0,1W9DL31001461C,,,,,
2023-11-01,11:34:19.76 AM,9m 57.4s,597.4,33.7948894424573,-117.4749562702631,-6.8,137.7,16.4,1257,5216.8,6.988423,7.569323,-5.368656,2.23694,4.47388,4.697574,0.447388,0.894776,-1.9,0.8,2,141.2,141.2,140.3,Tripod,Other,,21,5,True,,True,False,,Smart,RC,False,True,False,,,True,,False,False,False,False,False,False,False,False,False,False,0,Follow Yaw,-77.9,0,132.9,132.9,False,False,False,False,False,,0,0,False,False,No Card,100,100,1024,1362,734,999,2,False,False,False,False,False,0,False,False,False,False,68,,46.32,,6829,,10044,,46.32,,True,3.86,3.86,3.86,3.86,3.86,3.86,3.86,3.86,3.86,3.86,3.86,3.86,0,,False,False,True,,,,,,,,,,,,,,,False,False,19.13,,104.1,,75.7,,104.1,,1300,121,,22,7,142196.9,18959.58,,Idle,,20,,10,,,20,Go Home,False,False,False,False,False,False,False,False,False,False,False,False,33.8027920380556,-117.4659261431046,3975.6,3975.6,1049.4,396.9,True,1,1,False,False,False,False,,True,False,False,Course Lock,196.8,67,16.4,93,NW,S,2.23,11.4,Calm,False,False,Android,7.0.2,M300 RTK,1ZN7L4R0H1D00F,1W9DL31001461C,1ZMLH8300204F0,1Z6PH74DAP0QN7,"Corona, CA",728.3,5.7,137.7,8.547347,2.013246,0,0,DJI Matrice 300 RTK,M300 RTK,1ZN7L4R0H1D00F,1W9DL31001461C,1ZMLH8300204F0,1Z6PH74DAP0QN7,DJI Pilot,Android,7.0.2,1EF72A62-B7C3-C88D-164E-CE6F8C8424AE,1ZN7L4R0H1D00F,1W9DL31001461C,,1ZMLH8300204F0,1W9DL31001461C,,,,,
2023-11-01,11:34:19.86 AM,9m 57.5s,597.5,33.7948873723794,-117.4749539707142,-7.2,137.7,16.4,1257,5217.8,6.988423,7.569323,-5.368656,2.23694,4.47388,4.697574,0.447388,0.894776,-1.7,1.2,2,141.2,141.2,137.2,Tripod,Other,,21,5,True,,True,False,,Smart,RC,False,True,False,,,True,,False,False,False,False,False,False,False,False,False,False,0,Follow Yaw,-77.9,0,132.9,132.9,False,False,False,False,False,,0,0,False,False,No Card,100,100,1024,1360,738,998,2,False,False,False,False,False,0,False,False,False,False,68,,46.32,,6829,,10044,,46.32,,True,3.86,3.86,3.86,3.86,3.86,3.86,3.86,3.86,3.86,3.86,3.86,3.86,0,,False,False,True,,,,,,,,,,,,,,,False,False,19.13,,104.1,,75.7,,104.1,,1300,121,,22,7,142196.9,18959.58,,Idle,,20,,10,,,20,Go Home,False,False,False,False,False,False,False,False,False,False,False,False,33.8027920380556,-117.4659261431046,3975.7,3975.7,1049.4,396.9,True,1,1,False,False,False,False,,True,False,False,Course Lock,196.8,67,16.4,93,NW,S,2.23,11.4,Calm,False,False,Android,7.0.2,M300 RTK,1ZN7L4R0H1D00F,1W9DL31001461C,1ZMLH8300204F0,1Z6PH74DAP0QN7,"Corona, CA",728.3,5.7,137.7,8.547347,2.013246,0,0,DJI Matrice 300 RTK,M300 RTK,1ZN7L4R0H1D00F,1W9DL31001461C,1ZMLH8300204F0,1Z6PH74DAP0QN7,DJI Pilot,Android,7.0.2,1EF72A62-B7C3-C88D-164E-CE6F8C8424AE,1ZN7L4R0H1D00F,1W9DL31001461C,,1ZMLH8300204F0,1W9DL31001461C,,,,,
2023-11-01,11:34:19.97 AM,9m 57.6s,597.6,33.7948852047371,-117.4749517959058,-7.2,137.7,16.4,1257,5218.9,6.673433,7.569323,-5.144962,2.23694,4.250186,4.697574,0.671082,0.894776,-1.6,1.3,2,141.2,141.2,140.1,Tripod,Other,,21,5,True,,True,False,,Smart,RC,False,True,False,,,True,,False,False,False,False,False,False,False,False,False,False,0,Follow Yaw,-77.9,0,132.9,132.9,False,False,False,False,False,,0,0,False,False,No Card,100,100,1024,1357,742,999,2,False,False,False,False,False,0,False,False,False,False,68,,46.32,,6829,,10044,,46.32,,True,3.86,3.86,3.86,3.86,3.86,3.86,3.86,3.86,3.86,3.86,3.86,3.86,0,,False,False,True,,,,,,,,,,,,,,,False,False,19.13,,104.1,,75.7,,104.1,,1300,121,,22,7,142196.9,18959.58,,Idle,,20,,10,,,20,Go Home,False,False,False,False,False,False,False,False,False,False,False,False,33.8027920380556,-117.4659261431046,3975.8,3975.8,1049.4,396.9,True,1,1,False,False,False,False,,True,False,False,Course Lock,196.8,67,16.4,93,NW,S,2.23,11.4,Calm,False,False,Android,7.0.2,M300 RTK,1ZN7L4R0H1D00F,1W9DL31001461C,1ZMLH8300204F0,1Z6PH74DAP0QN7,"Corona, CA",728.3,5.7,137.7,8.547347,2.013246,0,0,DJI Matrice 300 RTK,M300 RTK,1ZN7L4R0H1D00F,1W9DL31001461C,1ZMLH8300204F0,1Z6PH74DAP0QN7,DJI Pilot,Android,7.0.2,1EF72A62-B7C3-C88D-164E-CE6F8C8424AE,1ZN7L4R0H1D00F,1W9DL31001461C,,1ZMLH8300204F0,1W9DL31001461C,,,,,
2023-11-01,11:34:20.07 AM,9m 57.7s,597.7,33.7948830828231,-117.4749498235518,-7.2,137.7,16.4,1257,5219.8,6.673433,7.569323,-5.144962,2.23694,4.250186,4.697574,0.671082,0.894776,-1.8,1,2,141.1,141.1,142.3,Tripod,Other,,21,5,True,,True,False,,Smart,RC,False,True,False,,,True,,False,False,False,False,False,False,False,False,False,False,0,Follow Yaw,-77.9,0,132.8,132.8,False,False,False,False,False,,0,0,False,False,No Card,100,100,1024,1354,746,1002,2,False,False,False,False,False,0,False,False,False,False,68,,46.32,,6829,,10044,,46.32,,True,3.86,3.86,3.86,3.86,3.86,3.86,3.86,3.86,3.86,3.86,3.86,3.86,0,,False,False,True,,,,,,,,,,,,,,,False,False,19.13,,104.1,,75.7,,104.1,,1300,121,,22,7,142196.9,18959.58,,Idle,,20,,10,,,20,Go Home,False,False,False,False,False,False,False,False,False,False,False,False,33.8027920380556,-117.4659261431046,3975.9,3975.9,1049.4,396.9,True,1,1,False,False,False,False,,True,False,False,Course Lock,196.8,67,16.4,93,NW,S,2.23,11.4,Calm,False,False,Android,7.0.2,M300 RTK,1ZN7L4R0H1D00F,1W9DL31001461C,1ZMLH8300204F0,1Z6PH74DAP0QN7,"Corona, CA",728.3,5.7,137.7,8.547347,2.013246,0,0,DJI Matrice 300 RTK,M300 RTK,1ZN7L4R0H1D00F,1W9DL31001461C,1ZMLH8300204F0,1Z6PH74DAP0QN7,DJI Pilot,Android,7.0.2,1EF72A62-B7C3-C88D-164E-CE6F8C8424AE,1ZN7L4R0H1D00F,1W9DL31001461C,,1ZMLH8300204F0,1W9DL31001461C,,,,,
2023-11-01,11:34:20.18 AM,9m 57.8s,597.8,33.7948809299153,-117.4749476963366,-7.5,137.7,16.4,1256,5220.9,6.673433,7.569323,-5.144962,2.23694,4.250186,4.697574,0.671082,0.894776,-1.9,0.5,1.9,141.1,141.1,140.6,Tripod,Other,,20,5,True,,True,False,,Smart,RC,False,True,False,,,True,,False,False,False,False,False,False,False,False,False,False,0,Follow Yaw,-77.9,0,132.8,132.8,False,False,False,False,False,,0,0,False,False,No Card,100,100,1024,1356,748,994,2,False,False,False,False,False,0,False,False,False,False,68,,46.32,,6829,,10044,,46.32,,True,3.86,3.86,3.86,3.86,3.86,3.86,3.86,3.86,3.86,3.86,3.86,3.86,0,,False,False,True,,,,,,,,,,,,,,,False,False,19.13,,104.1,,75.7,,104.1,,1300,121,,22,7,142196.9,18959.58,,Idle,,20,,10,,,20,Go Home,False,False,False,False,False,False,False,False,False,False,False,False,33.8027920380556,-117.4659261431046,3976.1,3976.1,1049.4,396.9,True,1,1,False,False,False,False,,True,False,False,Course Lock,196.8,67,16.4,93,NW,S,2.23,11.4,Calm,False,False,Android,7.0.2,M300 RTK,1ZN7L4R0H1D00F,1W9DL31001461C,1ZMLH8300204F0,1Z6PH74DAP0QN7,"Corona, CA",728.3,5.7,137.7,8.547347,2.013246,0,0,DJI Matrice 300 RTK,M300 RTK,1ZN7L4R0H1D00F,1W9DL31001461C,1ZMLH8300204F0,1Z6PH74DAP0QN7,DJI Pilot,Android,7.0.2,1EF72A62-B7C3-C88D-164E-CE6F8C8424AE,1ZN7L4R0H1D00F,1W9DL31001461C,,1ZMLH8300204F0,1W9DL31001461C,,,,,
2023-11-01,11:34:20.24 AM,9m 57.9s,597.9,33.794878700911,-117.4749455151215,-7.5,137.7,16.4,1256,5221.9,6.673433,7.569323,-5.144962,2.23694,4.250186,4.697574,0.671082,0.894776,-1.9,0.3,1.9,141.1,141.1,140.8,Tripod,Other,,20,5,True,,True,False,,Smart,RC,False,True,False,,,True,,False,False,False,False,False,False,False,False,False,False,0,Follow Yaw,-77.9,0,132.8,132.8,False,False,False,False,False,,0,0,False,False,No Card,100,100,1024,1355,752,982,2,False,False,False,False,False,0,False,False,False,False,68,,46.32,,6829,,10044,,46.32,,True,3.86,3.86,3.86,3.86,3.86,3.86,3.86,3.86,3.86,3.86,3.86,3.86,0,,False,False,True,,,,,,,,,,,,,,,False,False,19.13,,104.1,,75.7,,104.1,,1300,121,,22,7,142196.9,18959.58,,Idle,,20,,10,,,20,Go Home,False,False,False,False,False,False,False,False,False,False,False,False,33.8027920380556,-117.4659261431046,3976.2,3976.2,1049.4,396.9,True,1,1,False,False,False,False,,True,False,False,Course Lock,196.8,67,16.4,93,NW,S,2.23,11.4,Calm,False,False,Android,7.0.2,M300 RTK,1ZN7L4R0H1D00F,1W9DL31001461C,1ZMLH8300204F0,1Z6PH74DAP0QN7,"Corona, CA",728.3,5.7,137.7,8.547347,2.013246,0,0,DJI Matrice 300 RTK,M300 RTK,1ZN7L4R0H1D00F,1W9DL31001461C,1ZMLH8300204F0,1Z6PH74DAP0QN7,DJI Pilot,Android,7.0.2,1EF72A62-B7C3-C88D-164E-CE6F8C8424AE,1ZN7L4R0H1D00F,1W9DL31001461C,,1ZMLH8300204F0,1W9DL31001461C,,,,,
2023-11-01,11:34:20.34 AM,9m 58.0s,598.0,33.7948765567582,-117.4749433807266,-7.5,137.7,16.4,1256,5222.9,6.673433,7.569323,-5.144962,2.23694,4.250186,4.697574,0.671082,0.894776,-1.8,0.2,1.8,141.1,141.1,140.4,Tripod,Other,,21,5,True,,True,False,,Smart,RC,False,True,False,,,True,,False,False,False,False,False,False,False,False,False,False,0,Follow Yaw,-77.9,0,132.8,132.8,False,False,False,False,False,,0,0,False,False,No Card,100,100,1024,1360,750,969,2,False,False,False,False,False,0,False,False,False,False,68,,46.332,,3390,,4986,,46.332,,True,3.86,3.86,3.86,3.86,3.86,3.86,3.86,3.86,3.86,3.86,3.86,3.86,0,,False,False,True,,,,,,,,,,,,,,,False,False,9.52,,103.8,,75.7,,104.1,,1300,121,,22,7,142196.9,18959.58,,Idle,,20,,10,,,20,Go Home,False,False,False,False,False,False,False,False,False,False,False,False,33.8027920380556,-117.4659261431046,3976.3,3976.3,1049.4,396.9,True,1,1,False,False,False,False,,True,False,False,Course Lock,196.8,67,16.4,93,NW,S,2.23,11.4,Calm,False,False,Android,7.0.2,M300 RTK,1ZN7L4R0H1D00F,1W9DL31001461C,1ZMLH8300204F0,1Z6PH74DAP0QN7,"Corona, CA",728.3,5.7,137.7,8.547347,2.013246,0,0,DJI Matrice 300 RTK,M300 RTK,1ZN7L4R0H1D00F,1W9DL31001461C,1ZMLH8300204F0,1Z6PH74DAP0QN7,DJI Pilot,Android,7.0.2,1EF72A62-B7C3-C88D-164E-CE6F8C8424AE,1ZN7L4R0H1D00F,1W9DL31001461C,,1ZMLH8300204F0,1W9DL31001461C,,,,,
2023-11-01,11:34:20.44 AM,9m 58.1s,598.1,33.7948743168829,-117.4749410939702,-7.5,137.7,16.4,1256,5224.0,6.673433,7.569323,-5.144962,2.23694,4.250186,4.697574,0.671082,0.894776,-1.6,0.3,1.6,141.1,141.1,139.6,Tripod,Other,,21,5,True,,True,False,,Smart,RC,False,True,False,,,True,,False,False,False,False,False,False,False,False,False,False,0,Follow Yaw,-77.9,0,132.8,132.8,False,False,False,False,False,,0,0,False,False,No Card,100,100,1024,1363,746,947,2,False,False,False,False,False,0,False,False,False,False,68,,46.332,,3390,,4986,,46.332,,True,3.86,3.86,3.86,3.86,3.86,3.86,3.86,3.86,3.86,3.86,3.86,3.86,0,,False,False,True,,,,,,,,,,,,,,,False,False,9.52,,103.8,,75.7,,104.1,,1300,121,,22,7,142196.9,18959.58,,Idle,,20,,10,,,20,Go Home,False,False,False,False,False,False,False,False,False,False,False,False,33.8027920380556,-117.4659261431046,3976.4,3976.4,1049.4,396.9,True,1,1,False,False,False,False,,True,False,False,Course Lock,196.8,67,16.4,93,NW,S,2.23,11.4,Calm,False,False,Android,7.0.2,M300 RTK,1ZN7L4R0H1D00F,1W9DL31001461C,1ZMLH8300204F0,1Z6PH74DAP0QN7,"Corona, CA",728.3,5.7,137.7,8.547347,2.013246,0,0,DJI Matrice 300 RTK,M300 RTK,1ZN7L4R0H1D00F,1W9DL31001461C,1ZMLH8300204F0,1Z6PH74DAP0QN7,DJI Pilot,Android,7.0.2,1EF72A62-B7C3-C88D-164E-CE6F8C8424AE,1ZN7L4R0H1D00F,1W9DL31001461C,,1ZMLH8300204F0,1W9DL31001461C,,,,,
2023-11-01,11:34:20.54 AM,9m 58.2s,598.2,33.7948721830442,-117.4749389417369,-7.8,137.7,16.4,1256,5225.0,6.673433,7.569323,-5.144962,2.23694,4.250186,4.697574,0.447388,0.894776,-1.7,0.4,1.7,141,141,140.0,Tripod,Other,,21,5,True,,True,False,,Smart,RC,False,True,False,,,True,,False,False,False,False,False,False,False,False,False,False,0,Follow Yaw,-77.9,0,132.7,132.7,False,False,False,False,False,,0,0,False,False,No Card,100,100,1024,1363,746,944,2,False,False,False,False,False,0,False,False,False,False,68,,46.332,,3390,,4986,,46.332,,True,3.86,3.86,3.86,3.86,3.86,3.86,3.86,3.86,3.86,3.86,3.86,3.86,0,,False,False,True,,,,,,,,,,,,,,,False,False,9.52,,103.8,,75.7,,104.1,,1300,121,,22,7,142196.9,18959.58,,Idle,,20,,10,,,20,Go Home,False,False,False,False,False,False,False,False,False,False,False,False,33.8027920380556,-117.4659261431046,3976.5,3976.5,1049.4,396.9,True,1,1,False,False,False,False,,True,False,False,Course Lock,196.8,67,16.4,93,NW,S,2.23,11.4,Calm,False,False,Android,7.0.2,M300 RTK,1ZN7L4R0H1D00F,1W9DL31001461C,1ZMLH8300204F0,1Z6PH74DAP0QN7,"Corona, CA",728.3,5.7,137.7,8.547347,2.013246,0,0,DJI Matrice 300 RTK,M300 RTK,1ZN7L4R0H1D00F,1W9DL31001461C,1ZMLH8300204F0,1Z6PH74DAP0QN7,DJI Pilot,Android,7.0.2,1EF72A62-B7C3-C88D-164E-CE6F8C8424AE,1ZN7L4R0H1D00F,1W9DL31001461C,,1ZMLH8300204F0,1W9DL31001461C,,,,,
2023-11-01,11:34:20.64 AM,9m 58.3s,598.3,33.7948702934375,-117.4749369369788,-7.8,137.7,16.0,1256,5225.9,6.673433,7.569323,-5.144962,2.23694,4.250186,4.697574,0.447388,0.894776,-1.8,0.4,1.8,140.9,140.9,138.5,Tripod,Other,,21,5,True,,True,False,,Smart,RC,False,True,False,,,True,,False,False,False,False,False,False,False,False,False,False,0,Follow Yaw,-77.9,0,132.6,132.6,False,False,False,False,False,,0,0,False,False,No Card,100,100,1024,1361,748,941,2,False,False,False,False,False,0,False,False,False,False,68,,46.332,,3390,,4986,,46.332,,True,3.863,3.863,3.863,3.863,3.863,3.863,3.863,3.863,3.863,3.863,3.863,3.863,0,,False,False,True,,,,,,,,,,,,,,,False,False,9.52,,103.8,,75.7,,104.1,,1299,121,,22,7,142278.6,18970.48,,Idle,,20,,10,,,20,Go Home,False,False,False,False,False,False,False,False,False,False,False,False,33.8027920380556,-117.4659261431046,3976.6,3976.6,1049.4,396.9,True,1,1,False,False,False,False,,True,False,False,Course Lock,196.8,67,16.4,93,NW,S,2.23,11.4,Calm,False,False,Android,7.0.2,M300 RTK,1ZN7L4R0H1D00F,1W9DL31001461C,1ZMLH8300204F0,1Z6PH74DAP0QN7,"Corona, CA",728.3,5.7,137.7,8.547347,2.013246,0,0,DJI Matrice 300 RTK,M300 RTK,1ZN7L4R0H1D00F,1W9DL31001461C,1ZMLH8300204F0,1Z6PH74DAP0QN7,DJI Pilot,Android,7.0.2,1EF72A62-B7C3-C88D-164E-CE6F8C8424AE,1ZN7L4R0H1D00F,1W9DL31001461C,,1ZMLH8300204F0,1W9DL31001461C,,,,,
2023-11-01,11:34:20.74 AM,9m 58.4s,598.4,33.7948681967091,-117.4749347923839,-7.8,137.7,16.0,1256,5226.9,6.673433,7.569323,-5.144962,2.23694,4.250186,4.697574,0.447388,0.894776,-1.8,0.5,1.8,140.9,140.9,139.6,Tripod,Other,,21,5,True,,True,False,,Smart,RC,False,True,False,,,True,,False,False,False,False,False,False,False,False,False,False,0,Follow Yaw,-77.9,0,132.4,132.4,False,False,False,False,False,,0,0,False,False,No Card,100,100,1024,1365,750,936,2,False,False,False,False,False,0,False,False,False,False,68,,46.332,,3390,,4986,,46.332,,True,3.863,3.863,3.863,3.863,3.863,3.863,3.863,3.863,3.863,3.863,3.863,3.863,0,,False,False,True,,,,,,,,,,,,,,,False,False,9.52,,103.8,,75.7,,104.1,,1299,121,,22,7,142278.6,18970.48,,Idle,,20,,10,,,20,Go Home,False,False,False,False,False,False,False,False,False,False,False,False,33.8027920380556,-117.4659261431046,3976.7,3976.7,1049.4,396.9,True,1,1,False,False,False,False,,True,False,False,Course Lock,196.8,67,16.4,93,NW,S,2.23,11.4,Calm,False,False,Android,7.0.2,M300 RTK,1ZN7L4R0H1D00F,1W9DL31001461C,1ZMLH8300204F0,1Z6PH74DAP0QN7,"Corona, CA",728.3,5.7,137.7,8.547347,2.013246,0,0,DJI Matrice 300 RTK,M300 RTK,1ZN7L4R0H1D00F,1W9DL31001461C,1ZMLH8300204F0,1Z6PH74DAP0QN7,DJI Pilot,Android,7.0.2,1EF72A62-B7C3-C88D-164E-CE6F8C8424AE,1ZN7L4R0H1D00F,1W9DL31001461C,,1ZMLH8300204F0,1W9DL31001461C,,,,,
2023-11-01,11:34:20.84 AM,9m 58.5s,598.5,33.7948660472279,-117.4749327585668,-8.2,137.7,16.0,1256,5227.9,6.673433,7.569323,-5.144962,2.23694,4.250186,4.697574,0.447388,0.894776,-1.8,0.4,1.8,140.8,140.8,141.8,Tripod,Other,,21,5,True,,True,False,,Smart,RC,False,True,False,,,True,,False,False,False,False,False,False,False,False,False,False,0,Follow Yaw,-77.9,0,132.3,132.3,False,False,False,False,False,,0,0,False,False,No Card,100,100,1024,1370,742,928,2,False,False,False,False,False,0,False,False,False,False,68,,46.332,,3390,,4986,,46.332,,True,3.863,3.863,3.863,3.863,3.863,3.863,3.863,3.863,3.863,3.863,3.863,3.863,0,,False,False,True,,,,,,,,,,,,,,,False,False,9.52,,103.8,,75.7,,104.1,,1299,121,,22,7,142278.6,18970.48,,Idle,,20,,10,,,20,Go Home,False,False,False,False,False,False,False,False,False,False,False,False,33.8027920380556,-117.4659261431046,3976.9,3976.9,1049.4,396.9,True,1,1,False,False,False,False,,True,False,False,Course Lock,196.8,67,16.4,93,NW,S,2.01,11.4,Calm,False,False,Android,7.0.2,M300 RTK,1ZN7L4R0H1D00F,1W9DL31001461C,1ZMLH8300204F0,1Z6PH74DAP0QN7,"Corona, CA",728.3,5.7,137.7,8.547347,2.013246,0,0,DJI Matrice 300 RTK,M300 RTK,1ZN7L4R0H1D00F,1W9DL31001461C,1ZMLH8300204F0,1Z6PH74DAP0QN7,DJI Pilot,Android,7.0.2,1EF72A62-B7C3-C88D-164E-CE6F8C8424AE,1ZN7L4R0H1D00F,1W9DL31001461C,,1ZMLH8300204F0,1W9DL31001461C,,,,,
2023-11-01,11:34:20.94 AM,9m 58.6s,598.6,33.7948639618073,-117.4749306194147,-8.2,137.7,16.0,1256,5228.9,6.673433,7.569323,-5.144962,2.23694,4.250186,4.697574,0.447388,0.894776,-1.8,0.3,1.8,140.6,140.6,139.5,Tripod,Other,,21,5,True,,True,False,,Smart,RC,False,True,False,,,True,,False,False,False,False,False,False,False,False,False,False,0,Follow Yaw,-77.9,0,132.1,132.1,False,False,False,False,False,,0,0,False,False,No Card,100,100,1024,1367,743,917,2,False,False,False,False,False,0,False,False,False,False,68,,46.332,,3390,,4986,,46.332,,True,3.863,3.863,3.863,3.863,3.863,3.863,3.863,3.863,3.863,3.863,3.863,3.863,0,,False,False,True,,,,,,,,,,,,,,,False,False,9.52,,103.8,,75.7,,104.1,,1299,121,,22,7,142278.6,18970.48,,Idle,,20,,10,,,20,Go Home,False,False,False,False,False,False,False,False,False,False,False,False,33.8027920380556,-117.4659261431046,3977.0,3977.0,1049.4,396.9,True,1,1,False,False,False,False,,True,False,False,Course Lock,196.8,67,16.4,93,NW,S,2.01,11.4,Calm,False,False,Android,7.0.2,M300 RTK,1ZN7L4R0H1D00F,1W9DL31001461C,1ZMLH8300204F0,1Z6PH74DAP0QN7,"Corona, CA",728.3,5.7,137.7,8.547347,2.013246,0,0,DJI Matrice 300 RTK,M300 RTK,1ZN7L4R0H1D00F,1W9DL31001461C,1ZMLH8300204F0,1Z6PH74DAP0QN7,DJI Pilot,Android,7.0.2,1EF72A62-B7C3-C88D-164E-CE6F8C8424AE,1ZN7L4R0H1D00F,1W9DL31001461C,,1ZMLH8300204F0,1W9DL31001461C,,,,,
2023-11-01,11:34:21.00 AM,9m 58.7s,598.7,33.7948617760554,-117.474928249218,-8.2,137.7,16.0,1256,5230.0,6.673433,7.569323,-5.144962,2.23694,4.250186,4.697574,0.447388,0.894776,-1.8,0.2,1.8,140.5,140.5,137.9,Tripod,Other,,21,5,True,,True,False,,Smart,RC,False,True,False,,,True,,False,False,False,False,False,False,False,False,False,False,0,Follow Yaw,-77.9,0,132,132,False,False,False,False,False,,0,0,False,False,No Card,100,100,1024,1368,754,908,2,False,False,False,False,False,0,False,False,False,False,68,,46.332,,3390,,4986,,46.332,,True,3.863,3.863,3.863,3.863,3.863,3.863,3.863,3.863,3.863,3.863,3.863,3.863,0,,False,False,True,,,,,,,,,,,,,,,False,False,9.52,,103.8,,75.7,,104.1,,1299,121,,22,7,142278.6,18970.48,,Idle,,20,,10,,,20,Go Home,False,False,False,False,False,False,False,False,False,False,False,False,33.8027920380556,-117.4659261431046,3977.1,3977.1,1049.4,396.9,True,1,1,False,False,False,False,,True,False,False,Course Lock,196.8,67,16.4,93,NW,S,2.01,11.4,Calm,False,False,Android,7.0.2,M300 RTK,1ZN7L4R0H1D00F,1W9DL31001461C,1ZMLH8300204F0,1Z6PH74DAP0QN7,"Corona, CA",728.3,5.7,137.7,8.547347,2.013246,0,0,DJI Matrice 300 RTK,M300 RTK,1ZN7L4R0H1D00F,1W9DL31001461C,1ZMLH8300204F0,1Z6PH74DAP0QN7,DJI Pilot,Android,7.0.2,1EF72A62-B7C3-C88D-164E-CE6F8C8424AE,1ZN7L4R0H1D00F,1W9DL31001461C,,1ZMLH8300204F0,1W9DL31001461C,,,,,
2023-11-01,11:34:21.14 AM,9m 58.8s,598.8,33.7948596987473,-117.4749260839756,-8.2,137.7,16.0,1256,5231.0,6.502534,7.569323,-4.921268,2.23694,4.250186,4.697574,0.447388,0.894776,-1.8,0.2,1.8,140.3,140.3,139.1,Tripod,Other,,21,5,True,,True,False,,Smart,RC,False,True,False,,,True,,False,False,False,False,False,False,False,False,False,False,0,Follow Yaw,-77.9,0,131.8,131.8,False,False,False,False,False,,0,0,False,False,No Card,100,100,1024,1368,757,907,2,False,False,False,False,False,0,False,False,False,False,68,,46.332,,3390,,4986,,46.332,,True,3.863,3.863,3.863,3.863,3.863,3.863,3.863,3.863,3.863,3.863,3.863,3.863,0,,False,False,True,,,,,,,,,,,,,,,False,False,9.52,,103.8,,75.7,,104.1,,1299,121,,22,7,142278.6,18970.48,,Idle,,20,,10,,,20,Go Home,False,False,False,False,False,False,False,False,False,False,False,False,33.8027920380556,-117.4659261431046,3977.2,3977.2,1049.4,396.9,True,1,1,False,False,False,False,,True,False,False,Course Lock,196.8,67,16.4,93,NW,S,2.01,11.4,Calm,False,False,Android,7.0.2,M300 RTK,1ZN7L4R0H1D00F,1W9DL31001461C,1ZMLH8300204F0,1Z6PH74DAP0QN7,"Corona, CA",728.3,5.7,137.7,8.547347,2.013246,0,0,DJI Matrice 300 RTK,M300 RTK,1ZN7L4R0H1D00F,1W9DL31001461C,1ZMLH8300204F0,1Z6PH74DAP0QN7,DJI Pilot,Android,7.0.2,1EF72A62-B7C3-C88D-164E-CE6F8C8424AE,1ZN7L4R0H1D00F,1W9DL31001461C,,1ZMLH8300204F0,1W9DL31001461C,,,,,
2023-11-01,11:34:21.21 AM,9m 58.9s,598.9,33.7948578398517,-117.4749240961747,-8.5,137.7,16.0,1255,5231.9,6.502534,7.569323,-4.921268,2.23694,4.250186,4.697574,0.447388,0.894776,-1.7,0.3,1.7,140.1,140.1,138.3,Tripod,Other,,21,5,True,,True,False,,Smart,RC,False,True,False,,,True,,False,False,False,False,False,False,False,False,False,False,0,Follow Yaw,-77.9,0,131.6,131.6,False,False,False,False,False,,0,0,False,False,No Card,100,100,1024,1368,753,905,2,False,False,False,False,False,0,False,False,False,False,68,,46.332,,3390,,4986,,46.332,,True,3.863,3.863,3.863,3.863,3.863,3.863,3.863,3.863,3.863,3.863,3.863,3.863,0,,False,False,True,,,,,,,,,,,,,,,False,False,9.52,,103.8,,75.7,,104.1,,1299,121,,22,7,142278.6,18970.48,,Idle,,20,,10,,,20,Go Home,False,False,False,False,False,False,False,False,False,False,False,False,33.8027920380556,-117.4659261431046,3977.3,3977.3,1049.4,396.9,True,1,1,False,False,False,False,,True,False,False,Course Lock,196.8,67,16.4,93,NW,S,2.01,11.4,Calm,False,False,Android,7.0.2,M300 RTK,1ZN7L4R0H1D00F,1W9DL31001461C,1ZMLH8300204F0,1Z6PH74DAP0QN7,"Corona, CA",728.3,5.7,137.7,8.547347,2.013246,0,0,DJI Matrice 300 RTK,M300 RTK,1ZN7L4R0H1D00F,1W9DL31001461C,1ZMLH8300204F0,1Z6PH74DAP0QN7,DJI Pilot,Android,7.0.2,1EF72A62-B7C3-C88D-164E-CE6F8C8424AE,1ZN7L4R0H1D00F,1W9DL31001461C,,1ZMLH8300204F0,1W9DL31001461C,,,,,
2023-11-01,11:34:21.31 AM,9m 59.0s,599.0,33.7948558038428,-117.4749219445804,-8.5,137.7,16.0,1255,5232.9,6.502534,7.569323,-4.921268,2.23694,4.250186,4.697574,0.447388,0.894776,-1.5,0.2,1.5,139.8,139.8,138.7,Tripod,Other,,21,5,True,,True,False,,Smart,RC,False,True,False,,,True,,False,False,False,False,False,False,False,False,False,False,0,Follow Yaw,-77.9,0,131.4,131.4,False,False,False,False,False,,0,0,False,False,No Card,100,100,1024,1368,752,898,2,False,False,False,False,False,0,False,False,False,False,68,,46.344,,6829,,10044,,46.344,,True,3.863,3.863,3.863,3.863,3.863,3.863,3.863,3.863,3.863,3.863,3.863,3.863,0,,False,False,True,,,,,,,,,,,,,,,False,False,19.034,,104.1,,75.7,,104.1,,1299,121,,22,7,142278.6,18970.48,,Idle,,20,,10,,,20,Go Home,False,False,False,False,False,False,False,False,False,False,False,False,33.8027920380556,-117.4659261431046,3977.4,3977.4,1049.4,396.9,True,1,1,False,False,False,False,,True,False,False,Course Lock,196.8,67,16.4,93,NW,S,2.01,11.4,Calm,False,False,Android,7.0.2,M300 RTK,1ZN7L4R0H1D00F,1W9DL31001461C,1ZMLH8300204F0,1Z6PH74DAP0QN7,"Corona, CA",728.3,5.7,137.7,8.547347,2.013246,0,0,DJI Matrice 300 RTK,M300 RTK,1ZN7L4R0H1D00F,1W9DL31001461C,1ZMLH8300204F0,1Z6PH74DAP0QN7,DJI Pilot,Android,7.0.2,1EF72A62-B7C3-C88D-164E-CE6F8C8424AE,1ZN7L4R0H1D00F,1W9DL31001461C,,1ZMLH8300204F0,1W9DL31001461C,,,,,
2023-11-01,11:34:21.44 AM,9m 59.1s,599.1,33.7948534095215,-117.4749196050922,-8.5,137.7,16.0,1255,5234.0,6.502534,7.569323,-4.921268,2.23694,4.250186,4.697574,0.447388,0.894776,-1.5,0.1,1.5,139.5,139.5,140.9,Tripod,Other,,21,5,True,,True,False,,Smart,RC,False,True,False,,,True,,False,False,False,False,False,False,False,False,False,False,0,Follow Yaw,-77.9,0,131.1,131.1,False,False,False,False,False,,0,0,False,False,No Card,100,100,1024,1364,755,895,2,False,False,False,False,False,0,False,False,False,False,68,,46.344,,6829,,10044,,46.344,,True,3.863,3.863,3.863,3.863,3.863,3.863,3.863,3.863,3.863,3.863,3.863,3.863,0,,False,False,True,,,,,,,,,,,,,,,False,False,19.034,,104.1,,75.7,,104.1,,1299,121,,22,7,142278.6,18970.48,,Idle,,20,,10,,,20,Go Home,False,False,False,False,False,False,False,False,False,False,False,False,33.8027920380556,-117.4659261431046,3977.5,3977.5,1049.4,396.9,True,1,1,False,False,False,False,,True,False,False,Course Lock,196.8,67,16.4,93,NW,S,2.01,11.4,Calm,False,False,Android,7.0.2,M300 RTK,1ZN7L4R0H1D00F,1W9DL31001461C,1ZMLH8300204F0,1Z6PH74DAP0QN7,"Corona, CA",728.3,5.7,137.7,8.547347,2.013246,0,0,DJI Matrice 300 RTK,M300 RTK,1ZN7L4R0H1D00F,1W9DL31001461C,1ZMLH8300204F0,1Z6PH74DAP0QN7,DJI Pilot,Android,7.0.2,1EF72A62-B7C3-C88D-164E-CE6F8C8424AE,1ZN7L4R0H1D00F,1W9DL31001461C,,1ZMLH8300204F0,1W9DL31001461C,,,,,
2023-11-01,11:34:21.52 AM,9m 59.2s,599.2,33.7948513734998,-117.4749174357574,-8.5,137.7,16.0,1255,5235.0,6.502534,7.569323,-4.921268,2.23694,4.250186,4.697574,0.447388,0.894776,-1.6,0.1,1.6,139.3,139.3,138.4,Tripod,Other,,21,5,True,,True,False,,Smart,RC,False,True,False,,,True,,False,False,False,False,False,False,False,False,False,False,0,Follow Yaw,-77.9,0,130.9,130.9,False,False,False,False,False,,0,0,False,False,No Card,100,100,1024,1365,769,901,2,False,False,False,False,False,0,False,False,False,False,68,,46.344,,6829,,10044,,46.344,,True,3.863,3.863,3.863,3.863,3.863,3.863,3.863,3.863,3.863,3.863,3.863,3.863,0,,False,False,True,,,,,,,,,,,,,,,False,False,19.034,,104.1,,75.7,,104.1,,1299,121,,22,7,142278.6,18970.48,,Idle,,20,,10,,,20,Go Home,False,False,False,False,False,False,False,False,False,False,False,False,33.8027920380556,-117.4659261431046,3977.6,3977.6,1049.4,396.9,True,1,1,False,False,False,False,,True,False,False,Course Lock,196.8,67,16.4,93,NW,S,2.01,11.4,Calm,False,False,Android,7.0.2,M300 RTK,1ZN7L4R0H1D00F,1W9DL31001461C,1ZMLH8300204F0,1Z6PH74DAP0QN7,"Corona, CA",728.3,5.7,137.7,8.547347,2.013246,0,0,DJI Matrice 300 RTK,M300 RTK,1ZN7L4R0H1D00F,1W9DL31001461C,1ZMLH8300204F0,1Z6PH74DAP0QN7,DJI Pilot,Android,7.0.2,1EF72A62-B7C3-C88D-164E-CE6F8C8424AE,1ZN7L4R0H1D00F,1W9DL31001461C,,1ZMLH8300204F0,1W9DL31001461C,,,,,
2023-11-01,11:34:21.62 AM,9m 59.3s,599.3,33.7948493461646,-117.4749151452436,-8.8,137.7,16.0,1255,5236.0,6.502534,7.569323,-4.921268,2.23694,4.250186,4.697574,0.447388,0.894776,-2,0,2,139.2,139.2,136.8,Tripod,Other,,21,5,True,,True,False,,Smart,RC,False,True,False,,,True,,False,False,False,False,False,False,False,False,False,False,0,Follow Yaw,-77.9,0,130.7,130.7,False,False,False,False,False,,0,0,False,False,No Card,100,100,1024,1365,766,911,2,False,False,False,False,False,0,False,False,False,False,68,,46.344,,6829,,10044,,46.344,,True,3.863,3.863,3.863,3.863,3.863,3.863,3.863,3.863,3.863,3.863,3.863,3.863,0,,False,False,True,,,,,,,,,,,,,,,False,False,19.034,,104.1,,75.7,,104.1,,1299,121,,22,7,142385.5,18984.74,,Idle,,20,,10,,,20,Go Home,False,False,False,False,False,False,False,False,False,False,False,False,33.8027920380556,-117.4659261431046,3977.7,3977.7,1049.4,396.9,True,1,1,False,False,False,False,,True,False,False,Course Lock,196.8,67,16.4,93,NW,S,2.01,11.4,Calm,False,False,Android,7.0.2,M300 RTK,1ZN7L4R0H1D00F,1W9DL31001461C,1ZMLH8300204F0,1Z6PH74DAP0QN7,"Corona, CA",728.3,5.7,137.7,8.547347,2.013246,0,0,DJI Matrice 300 RTK,M300 RTK,1ZN7L4R0H1D00F,1W9DL31001461C,1ZMLH8300204F0,1Z6PH74DAP0QN7,DJI Pilot,Android,7.0.2,1EF72A62-B7C3-C88D-164E-CE6F8C8424AE,1ZN7L4R0H1D00F,1W9DL31001461C,,1ZMLH8300204F0,1W9DL31001461C,,,,,
2023-11-01,11:34:21.73 AM,9m 59.4s,599.4,33.7948473402757,-117.4749129480147,-8.8,137.7,16.0,1255,5237.0,6.6509,7.569323,-4.921268,2.23694,4.47388,4.697574,0.447388,0.894776,-2.1,0,2.1,139.1,139.1,137.6,Tripod,Other,,21,5,True,,True,False,,Smart,RC,False,True,False,,,True,,False,False,False,False,False,False,False,False,False,False,0,Follow Yaw,-77.9,0,130.5,130.5,False,False,False,False,False,,0,0,False,False,No Card,100,100,1024,1364,770,910,2,False,False,False,False,False,0,False,False,False,False,68,,46.344,,6829,,10044,,46.344,,True,3.863,3.863,3.863,3.863,3.863,3.863,3.863,3.863,3.863,3.863,3.863,3.863,0,,False,False,True,,,,,,,,,,,,,,,False,False,19.034,,104.1,,75.7,,104.1,,1299,121,,22,7,142385.5,18984.74,,Idle,,20,,10,,,20,Go Home,False,False,False,False,False,False,False,False,False,False,False,False,33.8027920380556,-117.4659261431046,3977.7,3977.7,1049.4,396.9,True,1,1,False,False,False,False,,True,False,False,Course Lock,196.8,67,16.4,93,NW,S,2.01,11.4,Calm,False,False,Android,7.0.2,M300 RTK,1ZN7L4R0H1D00F,1W9DL31001461C,1ZMLH8300204F0,1Z6PH74DAP0QN7,"Corona, CA",728.3,5.7,137.7,8.547347,2.013246,0,0,DJI Matrice 300 RTK,M300 RTK,1ZN7L4R0H1D00F,1W9DL31001461C,1ZMLH8300204F0,1Z6PH74DAP0QN7,DJI Pilot,Android,7.0.2,1EF72A62-B7C3-C88D-164E-CE6F8C8424AE,1ZN7L4R0H1D00F,1W9DL31001461C,,1ZMLH8300204F0,1W9DL31001461C,,,,,
2023-11-01,11:34:21.83 AM,9m 59.5s,599.5,33.7948453032603,-117.4749109923962,-8.8,137.7,16.0,1255,5238.0,6.487126,7.569323,-4.697574,2.23694,4.47388,4.697574,0.447388,0.894776,-1.8,0.6,1.8,139.1,139.1,141.4,Tripod,Other,,21,5,True,,True,False,,Smart,RC,False,True,False,,,True,,False,False,False,False,False,False,False,False,False,False,0,Follow Yaw,-77.9,0,130.3,130.3,False,False,False,False,False,,0,0,False,False,No Card,100,100,1024,1365,770,910,2,False,False,False,False,False,0,False,False,False,False,68,,46.344,,6829,,10044,,46.344,,True,3.863,3.863,3.863,3.863,3.863,3.863,3.863,3.863,3.863,3.863,3.863,3.863,0,,False,False,True,,,,,,,,,,,,,,,False,False,19.034,,104.1,,75.7,,104.1,,1299,121,,22,7,142385.5,18984.74,,Idle,,20,,10,,,20,Go Home,False,False,False,False,False,False,False,False,False,False,False,False,33.8027920380556,-117.4659261431046,3977.9,3977.9,1049.4,396.9,True,1,1,False,False,False,False,,True,False,False,Course Lock,196.8,67,16.4,93,NW,S,2.01,11.4,Calm,False,False,Android,7.0.2,M300 RTK,1ZN7L4R0H1D00F,1W9DL31001461C,1ZMLH8300204F0,1Z6PH74DAP0QN7,"Corona, CA",728.3,5.7,137.7,8.547347,2.013246,0,0,DJI Matrice 300 RTK,M300 RTK,1ZN7L4R0H1D00F,1W9DL31001461C,1ZMLH8300204F0,1Z6PH74DAP0QN7,DJI Pilot,Android,7.0.2,1EF72A62-B7C3-C88D-164E-CE6F8C8424AE,1ZN7L4R0H1D00F,1W9DL31001461C,,1ZMLH8300204F0,1W9DL31001461C,,,,,
2023-11-01,11:34:21.93 AM,9m 59.6s,599.6,33.7948433111336,-117.4749088062847,-9.1,137.7,16.0,1255,5239.0,6.487126,7.569323,-4.697574,2.23694,4.47388,4.697574,0.447388,0.894776,-1.7,0.8,1.8,138.9,138.9,137.6,Tripod,Other,,21,5,True,,True,False,,Smart,RC,False,True,False,,,True,,False,False,False,False,False,False,False,False,False,False,0,Follow Yaw,-77.9,0,130.1,130.1,False,False,False,False,False,,0,0,False,False,No Card,100,100,1024,1365,768,911,2,False,False,False,False,False,0,False,False,False,False,68,,46.344,,6829,,10044,,46.344,,True,3.863,3.863,3.863,3.863,3.863,3.863,3.863,3.863,3.863,3.863,3.863,3.863,0,,False,False,True,,,,,,,,,,,,,,,False,False,19.034,,104.1,,75.7,,104.1,,1299,121,,22,7,142385.5,18984.74,,Idle,,20,,10,,,20,Go Home,False,False,False,False,False,False,False,False,False,False,False,False,33.8027920380556,-117.4659261431046,3977.9,3977.9,1049.4,396.9,True,1,1,False,False,False,False,,True,False,False,Course Lock,196.8,67,16.4,93,NW,S,2.01,11.4,Calm,False,False,Android,7.0.2,M300 RTK,1ZN7L4R0H1D00F,1W9DL31001461C,1ZMLH8300204F0,1Z6PH74DAP0QN7,"Corona, CA",728.3,5.7,137.7,8.547347,2.013246,0,0,DJI Matrice 300 RTK,M300 RTK,1ZN7L4R0H1D00F,1W9DL31001461C,1ZMLH8300204F0,1Z6PH74DAP0QN7,DJI Pilot,Android,7.0.2,1EF72A62-B7C3-C88D-164E-CE6F8C8424AE,1ZN7L4R0H1D00F,1W9DL31001461C,,1ZMLH8300204F0,1W9DL31001461C,,,,,
2023-11-01,11:34:22.03 AM,9m 59.7s,599.7,33.7948416281518,-117.4749065084676,-9.1,137.7,16.0,1255,5239.9,6.487126,7.569323,-4.697574,2.23694,4.47388,4.697574,0.447388,0.894776,-1.8,0.6,1.8,138.7,138.7,131.3,Tripod,Other,,21,5,True,,True,False,,Smart,RC,False,True,False,,,True,,False,False,False,False,False,False,False,False,False,False,0,Follow Yaw,-77.9,0,129.9,129.9,False,False,False,False,False,,0,0,False,False,No Card,100,100,1024,1365,766,912,2,False,False,False,False,False,0,False,False,False,False,68,,46.308,,3390,,4986,,46.308,,True,3.863,3.863,3.863,3.863,3.863,3.863,3.863,3.863,3.863,3.863,3.863,3.863,0,,False,False,True,,,,,,,,,,,,,,,False,False,9.52,,104.0,,75.7,,104.1,,1299,121,,22,7,142385.5,18984.74,,Idle,,20,,10,,,20,Go Home,False,False,False,False,False,False,False,False,False,False,False,False,33.8027920380556,-117.4659261431046,3977.9,3977.9,1049.4,396.9,True,1,1,False,False,False,False,,True,False,False,Course Lock,196.8,67,16.4,93,NW,S,2.01,11.4,Calm,False,False,Android,7.0.2,M300 RTK,1ZN7L4R0H1D00F,1W9DL31001461C,1ZMLH8300204F0,1Z6PH74DAP0QN7,"Corona, CA",728.3,5.7,137.7,8.547347,2.013246,0,0,DJI Matrice 300 RTK,M300 RTK,1ZN7L4R0H1D00F,1W9DL31001461C,1ZMLH8300204F0,1Z6PH74DAP0QN7,DJI Pilot,Android,7.0.2,1EF72A62-B7C3-C88D-164E-CE6F8C8424AE,1ZN7L4R0H1D00F,1W9DL31001461C,,1ZMLH8300204F0,1W9DL31001461C,,,,,
2023-11-01,11:34:22.14 AM,9m 59.8s,599.8,33.79483967732,-117.474904327201,-9.1,137.7,16.0,1255,5240.9,6.334925,7.569323,-4.697574,2.23694,4.250186,4.697574,0.447388,0.894776,-1.9,0.4,1.9,138.4,138.4,137.1,Tripod,Other,,21,5,True,,True,False,,Smart,RC,False,True,False,,,True,,False,False,False,False,False,False,False,False,False,False,0,Follow Yaw,-77.9,0,129.7,129.7,False,False,False,False,False,,0,0,False,False,No Card,100,100,1024,1365,764,913,2,False,False,False,False,False,0,False,False,False,False,68,,46.308,,3390,,4986,,46.308,,True,3.863,3.863,3.863,3.863,3.863,3.863,3.863,3.863,3.863,3.863,3.863,3.863,0,,False,False,True,,,,,,,,,,,,,,,False,False,9.52,,104.0,,75.7,,104.1,,1299,121,,22,7,142385.5,18984.74,,Idle,,20,,10,,,20,Go Home,False,False,False,False,False,False,False,False,False,False,False,False,33.8027920380556,-117.4659261431046,3978.0,3978.0,1049.4,396.9,True,1,1,False,False,False,False,,True,False,False,Course Lock,196.8,67,16.4,93,NW,S,2.01,11.4,Calm,False,False,Android,7.0.2,M300 RTK,1ZN7L4R0H1D00F,1W9DL31001461C,1ZMLH8300204F0,1Z6PH74DAP0QN7,"Corona, CA",728.3,5.7,137.7,8.547347,2.013246,0,0,DJI Matrice 300 RTK,M300 RTK,1ZN7L4R0H1D00F,1W9DL31001461C,1ZMLH8300204F0,1Z6PH74DAP0QN7,DJI Pilot,Android,7.0.2,1EF72A62-B7C3-C88D-164E-CE6F8C8424AE,1ZN7L4R0H1D00F,1W9DL31001461C,,1ZMLH8300204F0,1W9DL31001461C,,,,,
2023-11-01,11:34:22.24 AM,9m 59.9s,599.9,33.7948375351247,-117.4749020850073,-9.1,137.7,16.0,1255,5241.9,6.487126,7.569323,-4.697574,2.23694,4.47388,4.697574,0.447388,0.894776,-2,0.2,2,138,138,138.9,Tripod,Other,,21,5,True,,True,False,,Smart,RC,False,True,False,,,True,,False,False,False,False,False,False,False,False,False,False,0,Follow Yaw,-77.9,0,129.5,129.5,False,False,False,False,False,,0,0,False,False,No Card,100,100,1024,1365,764,913,2,False,False,False,False,False,0,False,False,False,False,68,,46.308,,3390,,4986,,46.308,,True,3.863,3.863,3.863,3.863,3.863,3.863,3.863,3.863,3.863,3.863,3.863,3.863,0,,False,False,True,,,,,,,,,,,,,,,False,False,9.52,,104.0,,75.7,,104.1,,1299,121,,22,7,142385.5,18984.74,,Idle,,20,,10,,,20,Go Home,False,False,False,False,False,False,False,False,False,False,False,False,33.8027920380556,-117.4659261431046,3978.1,3978.1,1049.4,396.9,True,1,1,False,False,False,False,,True,False,False,Course Lock,196.8,67,16.4,93,NW,S,2.01,11.4,Calm,False,False,Android,7.0.2,M300 RTK,1ZN7L4R0H1D00F,1W9DL31001461C,1ZMLH8300204F0,1Z6PH74DAP0QN7,"Corona, CA",728.3,5.7,137.7,8.547347,2.013246,0,0,DJI Matrice 300 RTK,M300 RTK,1ZN7L4R0H1D00F,1W9DL31001461C,1ZMLH8300204F0,1Z6PH74DAP0QN7,DJI Pilot,Android,7.0.2,1EF72A62-B7C3-C88D-164E-CE6F8C8424AE,1ZN7L4R0H1D00F,1W9DL31001461C,,1ZMLH8300204F0,1W9DL31001461C,,,,,
2023-11-01,11:34:22.34 AM,10m 0.0s,600.0,33.7948355880494,-117.4748998885643,-9.5,137.7,16.0,1254,5242.9,6.487126,7.569323,-4.697574,2.23694,4.47388,4.697574,0.447388,0.894776,-1.9,0.1,1.9,137.8,137.8,136.8,Tripod,Other,,21,5,True,,True,False,,Smart,RC,False,True,False,,,True,,False,False,False,False,False,False,False,False,False,False,0,Follow Yaw,-77.9,0,129.3,129.3,False,False,False,False,False,,0,0,False,False,No Card,100,100,1024,1372,766,912,2,False,False,False,False,False,0,False,False,False,False,68,,46.296,,6829,,10044,,46.296,,True,3.863,3.863,3.863,3.863,3.863,3.863,3.863,3.863,3.863,3.863,3.863,3.863,0,,False,False,True,,,,,,,,,,,,,,,False,False,19.288,,104.1,,75.7,,104.1,,1299,121,,22,7,142385.5,18984.74,,Idle,,20,,10,,,20,Go Home,False,False,False,False,False,False,False,False,False,False,False,False,33.8027920380556,-117.4659261431046,3978.1,3978.1,1049.4,396.9,True,1,1,False,False,False,False,,True,False,False,Course Lock,196.8,67,16.4,93,NW,S,2.01,11.4,Calm,False,False,Android,7.0.2,M300 RTK,1ZN7L4R0H1D00F,1W9DL31001461C,1ZMLH8300204F0,1Z6PH74DAP0QN7,"Corona, CA",728.3,5.7,137.7,8.547347,2.013246,0,0,DJI Matrice 300 RTK,M300 RTK,1ZN7L4R0H1D00F,1W9DL31001461C,1ZMLH8300204F0,1Z6PH74DAP0QN7,DJI Pilot,Android,7.0.2,1EF72A62-B7C3-C88D-164E-CE6F8C8424AE,1ZN7L4R0H1D00F,1W9DL31001461C,,1ZMLH8300204F0,1W9DL31001461C,,,,,
2023-11-01,11:34:22.45 AM,10m 0.1s,600.1,33.794833464392,-117.4748976763343,-9.5,137.7,16.0,1254,5243.9,6.487126,7.569323,-4.697574,2.23694,4.47388,4.697574,0.447388,0.894776,-1.9,0.1,1.9,137.6,137.6,139.1,Tripod,Other,,21,5,True,,True,False,,Smart,RC,False,True,False,,,True,,False,False,False,False,False,False,False,False,False,False,0,Follow Yaw,-77.9,0,129.1,129.1,False,False,False,False,False,,0,0,False,False,No Card,100,100,1024,1381,782,923,2,False,False,False,False,False,0,False,False,False,False,68,,46.296,,6829,,10044,,46.296,,True,3.863,3.863,3.863,3.863,3.863,3.863,3.863,3.863,3.863,3.863,3.863,3.863,0,,False,False,True,,,,,,,,,,,,,,,False,False,19.288,,104.1,,75.7,,104.1,,1299,121,,22,7,142385.5,18984.74,,Idle,,20,,10,,,20,Go Home,False,False,False,False,False,False,False,False,False,False,False,False,33.8027920380556,-117.4659261431046,3978.3,3978.3,1049.4,396.9,True,1,1,False,False,False,False,,True,False,False,Course Lock,196.8,67,16.4,93,NW,S,2.01,11.4,Calm,False,False,Android,7.0.2,M300 RTK,1ZN7L4R0H1D00F,1W9DL31001461C,1ZMLH8300204F0,1Z6PH74DAP0QN7,"Corona, CA",728.3,5.7,137.7,8.547347,2.013246,0,0,DJI Matrice 300 RTK,M300 RTK,1ZN7L4R0H1D00F,1W9DL31001461C,1ZMLH8300204F0,1Z6PH74DAP0QN7,DJI Pilot,Android,7.0.2,1EF72A62-B7C3-C88D-164E-CE6F8C8424AE,1ZN7L4R0H1D00F,1W9DL31001461C,,1ZMLH8300204F0,1W9DL31001461C,,,,,
2023-11-01,11:34:22.55 AM,10m 0.2s,600.2,33.7948315263416,-117.4748954737424,-9.5,137.7,16.0,1254,5244.9,6.487126,7.569323,-4.697574,2.23694,4.47388,4.697574,0.447388,0.894776,-1.8,0.1,1.8,137.5,137.5,136.6,Tripod,Other,,21,5,True,,True,False,,Smart,RC,False,True,False,,,True,,False,False,False,False,False,False,False,False,False,False,0,Follow Yaw,-77.9,0,128.9,128.9,False,False,False,False,False,,0,0,False,False,No Card,100,100,1024,1380,775,938,2,False,False,False,False,False,0,False,False,False,False,68,,46.296,,6829,,10044,,46.296,,True,3.863,3.863,3.863,3.863,3.863,3.863,3.863,3.863,3.863,3.863,3.863,3.863,0,,False,False,True,,,,,,,,,,,,,,,False,False,19.288,,104.1,,75.7,,104.1,,1299,121,,22,7,142385.5,18984.74,,Idle,,20,,10,,,20,Go Home,False,False,False,False,False,False,False,False,False,False,False,False,33.8027920380556,-117.4659261431046,3978.3,3978.3,1049.4,396.9,True,1,1,False,False,False,False,,True,False,False,Course Lock,196.8,67,16.4,93,NW,S,2.01,11.4,Calm,False,False,Android,7.0.2,M300 RTK,1ZN7L4R0H1D00F,1W9DL31001461C,1ZMLH8300204F0,1Z6PH74DAP0QN7,"Corona, CA",728.3,5.7,137.7,8.547347,2.013246,0,0,DJI Matrice 300 RTK,M300 RTK,1ZN7L4R0H1D00F,1W9DL31001461C,1ZMLH8300204F0,1Z6PH74DAP0QN7,DJI Pilot,Android,7.0.2,1EF72A62-B7C3-C88D-164E-CE6F8C8424AE,1ZN7L4R0H1D00F,1W9DL31001461C,,1ZMLH8300204F0,1W9DL31001461C,,,,,
2023-11-01,11:34:22.65 AM,10m 0.3s,600.3,33.7948297755641,-117.4748930774684,-9.5,137.7,16.0,1254,5245.8,6.327021,7.569323,-4.47388,2.23694,4.47388,4.697574,0.447388,0.894776,-1.9,0.2,1.9,137.4,137.4,131.3,Tripod,Other,,21,5,True,,True,False,,Smart,RC,False,True,False,,,True,,False,False,False,False,False,False,False,False,False,False,0,Follow Yaw,-77.9,0,128.8,128.8,False,False,False,False,False,,0,0,False,False,No Card,100,100,1024,1384,758,962,2,False,False,False,False,False,0,False,False,False,False,68,,46.296,,6829,,10044,,46.296,,True,3.862,3.862,3.862,3.862,3.862,3.862,3.862,3.862,3.862,3.862,3.862,3.862,0,,False,False,True,,,,,,,,,,,,,,,False,False,19.288,,104.1,,75.7,,104.1,,1298,121,,22,7,142522.9,19003.06,,Idle,,20,,10,,,20,Go Home,False,False,False,False,False,False,False,False,False,False,False,False,33.8027920380556,-117.4659261431046,3978.3,3978.3,1049.4,396.9,True,1,1,False,False,False,False,,True,False,False,Course Lock,196.8,67,16.4,93,NW,S,2.01,11.4,Calm,False,False,Android,7.0.2,M300 RTK,1ZN7L4R0H1D00F,1W9DL31001461C,1ZMLH8300204F0,1Z6PH74DAP0QN7,"Corona, CA",728.3,5.7,137.7,8.547347,2.013246,0,0,DJI Matrice 300 RTK,M300 RTK,1ZN7L4R0H1D00F,1W9DL31001461C,1ZMLH8300204F0,1Z6PH74DAP0QN7,DJI Pilot,Android,7.0.2,1EF72A62-B7C3-C88D-164E-CE6F8C8424AE,1ZN7L4R0H1D00F,1W9DL31001461C,,1ZMLH8300204F0,1W9DL31001461C,,,,,
2023-11-01,11:34:22.76 AM,10m 0.4s,600.4,33.7948278805305,-117.474890857721,-9.5,137.7,16.0,1254,5246.8,6.327021,7.569323,-4.47388,2.23694,4.47388,4.697574,0.447388,0.894776,-2.1,0.5,2.1,137.3,137.3,135.7,Tripod,Other,,20,5,True,,True,False,,Smart,RC,False,True,False,,,True,,False,False,False,False,False,False,False,False,False,False,0,Follow Yaw,-77.9,0,128.7,128.7,False,False,False,False,False,,0,0,False,False,No Card,100,100,1024,1390,737,1017,2,False,False,False,False,False,0,False,False,False,False,68,,46.296,,6829,,10044,,46.296,,True,3.862,3.862,3.862,3.862,3.862,3.862,3.862,3.862,3.862,3.862,3.862,3.862,0,,False,False,True,,,,,,,,,,,,,,,False,False,19.288,,104.1,,75.7,,104.1,,1298,121,,22,7,142522.9,19003.06,,Idle,,20,,10,,,20,Go Home,False,False,False,False,False,False,False,False,False,False,False,False,33.8027920380556,-117.4659261431046,3978.3,3978.3,1049.4,396.9,True,1,1,False,False,False,False,,True,False,False,Course Lock,196.8,67,16.4,93,NW,S,2.01,11.4,Calm,False,False,Android,7.0.2,M300 RTK,1ZN7L4R0H1D00F,1W9DL31001461C,1ZMLH8300204F0,1Z6PH74DAP0QN7,"Corona, CA",728.3,5.7,137.7,8.547347,2.013246,0,0,DJI Matrice 300 RTK,M300 RTK,1ZN7L4R0H1D00F,1W9DL31001461C,1ZMLH8300204F0,1Z6PH74DAP0QN7,DJI Pilot,Android,7.0.2,1EF72A62-B7C3-C88D-164E-CE6F8C8424AE,1ZN7L4R0H1D00F,1W9DL31001461C,,1ZMLH8300204F0,1W9DL31001461C,,,,,
2023-11-01,11:34:22.86 AM,10m 0.5s,600.5,33.7948261838637,-117.4748890163852,-9.8,137.7,16.0,1254,5247.6,6.170873,7.569323,-4.47388,2.23694,4.250186,4.697574,0.447388,0.894776,-2.4,0.7,2.5,137.2,137.2,137.9,Tripod,Other,,20,5,True,,True,False,,Smart,RC,False,True,False,,,True,,False,False,False,False,False,False,False,False,False,False,0,Follow Yaw,-77.9,0,128.6,128.6,False,False,False,False,False,,0,0,False,False,No Card,100,100,1024,1391,720,1024,2,False,False,False,False,False,0,False,False,False,False,68,,46.296,,6829,,10044,,46.296,,True,3.862,3.862,3.862,3.862,3.862,3.862,3.862,3.862,3.862,3.862,3.862,3.862,0,,False,False,True,,,,,,,,,,,,,,,False,False,19.288,,104.1,,75.7,,104.1,,1298,121,,22,7,142522.9,19003.06,,Idle,,20,,10,,,20,Go Home,False,False,False,False,False,False,False,False,False,False,False,False,33.8027920380556,-117.4659261431046,3978.4,3978.4,1049.4,396.9,True,1,1,False,False,False,False,,True,False,False,Course Lock,196.8,67,16.4,93,NW,S,2.01,11.4,Calm,False,False,Android,7.0.2,M300 RTK,1ZN7L4R0H1D00F,1W9DL31001461C,1ZMLH8300204F0,1Z6PH74DAP0QN7,"Corona, CA",728.3,5.7,137.7,8.547347,2.013246,0,0,DJI Matrice 300 RTK,M300 RTK,1ZN7L4R0H1D00F,1W9DL31001461C,1ZMLH8300204F0,1Z6PH74DAP0QN7,DJI Pilot,Android,7.0.2,1EF72A62-B7C3-C88D-164E-CE6F8C8424AE,1ZN7L4R0H1D00F,1W9DL31001461C,,1ZMLH8300204F0,1W9DL31001461C,,,,,
2023-11-01,11:34:22.96 AM,10m 0.6s,600.6,33.7948243161616,-117.4748868360566,-9.8,137.7,16.0,1254,5248.6,6.170873,7.569323,-4.47388,2.23694,4.250186,4.697574,0.447388,0.894776,-2.8,1.1,3,137.1,137.1,135.8,Tripod,Other,,19,5,True,,True,False,,Smart,RC,False,True,False,,,True,,False,False,False,False,False,False,False,False,False,False,0,Follow Yaw,-77.9,0,128.6,128.6,False,False,False,False,False,,0,0,False,False,No Card,100,100,1024,1394,724,1024,2,False,False,False,False,False,0,False,False,False,False,68,,46.296,,6829,,10044,,46.296,,True,3.862,3.862,3.862,3.862,3.862,3.862,3.862,3.862,3.862,3.862,3.862,3.862,0,,False,False,True,,,,,,,,,,,,,,,False,False,19.288,,104.1,,75.7,,104.1,,1298,121,,22,7,142522.9,19003.06,,Idle,,20,,10,,,20,Go Home,False,False,False,False,False,False,False,False,False,False,False,False,33.8027920380556,-117.4659261431046,3978.4,3978.4,1049.4,396.9,True,1,1,False,False,False,False,,True,False,False,Course Lock,196.8,67,16.4,93,NW,S,2.01,11.4,Calm,False,False,Android,7.0.2,M300 RTK,1ZN7L4R0H1D00F,1W9DL31001461C,1ZMLH8300204F0,1Z6PH74DAP0QN7,"Corona, CA",728.3,5.7,137.7,8.547347,2.013246,0,0,DJI Matrice 300 RTK,M300 RTK,1ZN7L4R0H1D00F,1W9DL31001461C,1ZMLH8300204F0,1Z6PH74DAP0QN7,DJI Pilot,Android,7.0.2,1EF72A62-B7C3-C88D-164E-CE6F8C8424AE,1ZN7L4R0H1D00F,1W9DL31001461C,,1ZMLH8300204F0,1W9DL31001461C,,,,,
2023-11-01,11:34:23.07 AM,10m 0.7s,600.7,33.7948223349572,-117.4748846135054,-9.8,137.7,16.0,1254,5249.6,6.170873,7.569323,-4.47388,2.23694,4.250186,4.697574,0.447388,0.894776,-3.2,1.1,3.3,137,137,137.0,Tripod,Other,,19,5,True,,True,False,,Smart,RC,False,True,False,,,True,,False,False,False,False,False,False,False,False,False,False,0,Follow Yaw,-77.9,0,128.6,128.6,False,False,False,False,False,,0,0,False,False,No Card,100,100,1024,1394,721,1024,2,False,False,False,False,False,0,False,False,False,False,68,,46.296,,6829,,10044,,46.296,,True,3.862,3.862,3.862,3.862,3.862,3.862,3.862,3.862,3.862,3.862,3.862,3.862,0,,False,False,True,,,,,,,,,,,,,,,False,False,19.288,,104.1,,75.7,,104.1,,1298,121,,22,7,142522.9,19003.06,,Idle,,20,,10,,,20,Go Home,False,False,False,False,False,False,False,False,False,False,False,False,33.8027920380556,-117.4659261431046,3978.5,3978.5,1049.4,396.9,True,1,1,False,False,False,False,,True,False,False,Course Lock,196.8,67,16.4,93,NW,S,2.01,11.4,Calm,False,False,Android,7.0.2,M300 RTK,1ZN7L4R0H1D00F,1W9DL31001461C,1ZMLH8300204F0,1Z6PH74DAP0QN7,"Corona, CA",728.3,5.7,137.7,8.547347,2.013246,0,0,DJI Matrice 300 RTK,M300 RTK,1ZN7L4R0H1D00F,1W9DL31001461C,1ZMLH8300204F0,1Z6PH74DAP0QN7,DJI Pilot,Android,7.0.2,1EF72A62-B7C3-C88D-164E-CE6F8C8424AE,1ZN7L4R0H1D00F,1W9DL31001461C,,1ZMLH8300204F0,1W9DL31001461C,,,,,
2023-11-01,11:34:23.17 AM,10m 0.8s,600.8,33.7948204402534,-117.4748824318419,-9.8,137.7,16.0,1254,5250.5,6.334925,7.569323,-4.697574,2.23694,4.250186,4.697574,0.447388,0.894776,-3.3,0.8,3.3,137,137,136.2,Tripod,Other,,20,5,True,,True,False,,Smart,RC,False,True,False,,,True,,False,False,False,False,False,False,False,False,False,False,0,Follow Yaw,-77.9,0,128.6,128.6,False,False,False,False,False,,0,0,False,False,No Card,100,100,1024,1394,715,1024,2,False,False,False,False,False,0,False,False,False,False,68,,46.296,,6829,,10044,,46.296,,True,3.862,3.862,3.862,3.862,3.862,3.862,3.862,3.862,3.862,3.862,3.862,3.862,0,,False,False,True,,,,,,,,,,,,,,,False,False,19.288,,104.1,,75.7,,104.1,,1298,121,,22,7,142522.9,19003.06,,Idle,,20,,10,,,20,Go Home,False,False,False,False,False,False,False,False,False,False,False,False,33.8027920380556,-117.4659261431046,3978.6,3978.6,1049.4,396.9,True,1,1,False,False,False,False,,True,False,False,Course Lock,196.8,67,16.4,93,NW,S,2.01,11.4,Calm,False,False,Android,7.0.2,M300 RTK,1ZN7L4R0H1D00F,1W9DL31001461C,1ZMLH8300204F0,1Z6PH74DAP0QN7,"Corona, CA",728.3,5.7,137.7,8.547347,2.013246,0,0,DJI Matrice 300 RTK,M300 RTK,1ZN7L4R0H1D00F,1W9DL31001461C,1ZMLH8300204F0,1Z6PH74DAP0QN7,DJI Pilot,Android,7.0.2,1EF72A62-B7C3-C88D-164E-CE6F8C8424AE,1ZN7L4R0H1D00F,1W9DL31001461C,,1ZMLH8300204F0,1W9DL31001461C,,,,,
2023-11-01,11:34:23.28 AM,10m 0.9s,600.9,33.7948183422228,-117.4748802140814,-10.1,137.7,15.7,1254,5251.5,6.334925,7.569323,-4.697574,2.23694,4.250186,4.697574,0.447388,0.894776,-3.2,0.7,3.2,136.9,136.9,138.7,Tripod,Other,,20,5,True,,True,False,,Smart,RC,False,True,False,,,True,,False,False,False,False,False,False,False,False,False,False,0,Follow Yaw,-77.9,0,128.6,128.6,False,False,False,False,False,,0,0,False,False,No Card,100,100,1024,1398,726,1024,2,False,False,False,False,False,0,False,False,False,False,68,,46.296,,6829,,10044,,46.296,,True,3.862,3.862,3.862,3.862,3.862,3.862,3.862,3.862,3.862,3.862,3.862,3.862,0,,False,False,True,,,,,,,,,,,,,,,False,False,19.288,,104.1,,75.7,,104.1,,1298,121,,22,7,142522.9,19003.06,,Idle,,20,,10,,,20,Go Home,False,False,False,False,False,False,False,False,False,False,False,False,33.8027920380556,-117.4659261431046,3978.7,3978.7,1049.4,396.9,True,1,1,False,False,False,False,,True,False,False,Course Lock,196.8,67,16.4,93,NW,S,2.01,11.4,Calm,False,False,Android,7.0.2,M300 RTK,1ZN7L4R0H1D00F,1W9DL31001461C,1ZMLH8300204F0,1Z6PH74DAP0QN7,"Corona, CA",728.3,5.7,137.7,8.547347,2.013246,0,0,DJI Matrice 300 RTK,M300 RTK,1ZN7L4R0H1D00F,1W9DL31001461C,1ZMLH8300204F0,1Z6PH74DAP0QN7,DJI Pilot,Android,7.0.2,1EF72A62-B7C3-C88D-164E-CE6F8C8424AE,1ZN7L4R0H1D00F,1W9DL31001461C,,1ZMLH8300204F0,1W9DL31001461C,,,,,
2023-11-01,11:34:23.38 AM,10m 1.0s,601.0,33.794816409353,-117.4748780212914,-10.1,137.7,15.7,1254,5252.5,6.334925,7.569323,-4.697574,2.23694,4.250186,4.697574,0.671082,0.894776,-3.2,0.7,3.2,136.8,136.8,136.6,Tripod,Other,,18,5,True,,True,False,,Smart,RC,False,True,False,,,True,,False,False,False,False,False,False,False,False,False,False,0,Follow Yaw,-77.9,0,128.6,128.6,False,False,False,False,False,,0,0,False,False,No Card,100,100,1024,1398,726,1024,2,False,False,False,False,False,0,False,False,False,False,68,,46.296,,3390,,4986,,46.296,,True,3.862,3.862,3.862,3.862,3.862,3.862,3.862,3.862,3.862,3.862,3.862,3.862,0,,False,False,True,,,,,,,,,,,,,,,False,False,9.316,,104.0,,75.7,,104.1,,1298,121,,22,7,142522.9,19003.06,,Idle,,20,,10,,,20,Go Home,False,False,False,False,False,False,False,False,False,False,False,False,33.8027920380556,-117.4659261431046,3978.7,3978.7,1049.4,396.9,True,1,1,False,False,False,False,,True,False,False,Course Lock,196.8,67,16.4,93,NW,S,2.01,11.4,Calm,False,False,Android,7.0.2,M300 RTK,1ZN7L4R0H1D00F,1W9DL31001461C,1ZMLH8300204F0,1Z6PH74DAP0QN7,"Corona, CA",728.3,5.7,137.7,8.547347,2.013246,0,0,DJI Matrice 300 RTK,M300 RTK,1ZN7L4R0H1D00F,1W9DL31001461C,1ZMLH8300204F0,1Z6PH74DAP0QN7,DJI Pilot,Android,7.0.2,1EF72A62-B7C3-C88D-164E-CE6F8C8424AE,1ZN7L4R0H1D00F,1W9DL31001461C,,1ZMLH8300204F0,1W9DL31001461C,,,,,
2023-11-01,11:34:23.44 AM,10m 1.1s,601.1,33.7948143097398,-117.4748759393888,-10.1,137.7,15.7,1254,5253.5,6.334925,7.569323,-4.697574,2.23694,4.250186,4.697574,0.671082,0.894776,-3.4,0.5,3.4,136.7,136.7,140.5,Tripod,Other,,18,5,True,,True,False,,Smart,RC,False,True,False,,,True,,False,False,False,False,False,False,False,False,False,False,0,Follow Yaw,-77.9,0,128.6,128.6,False,False,False,False,False,,0,0,False,False,No Card,100,100,1024,1398,749,1024,2,False,False,False,False,False,0,False,False,False,False,68,,46.296,,3390,,4986,,46.296,,True,3.862,3.862,3.862,3.862,3.862,3.862,3.862,3.862,3.862,3.862,3.862,3.862,0,,False,False,True,,,,,,,,,,,,,,,False,False,9.316,,104.0,,75.7,,104.1,,1298,121,,22,7,142522.9,19003.06,,Idle,,20,,10,,,20,Go Home,False,False,False,False,False,False,False,False,False,False,False,False,33.8027920380556,-117.4659261431046,3978.9,3978.9,1049.4,396.9,True,1,1,False,False,False,False,,True,False,False,Course Lock,196.8,67,16.4,93,NW,S,2.01,11.4,Calm,False,False,Android,7.0.2,M300 RTK,1ZN7L4R0H1D00F,1W9DL31001461C,1ZMLH8300204F0,1Z6PH74DAP0QN7,"Corona, CA",728.3,5.7,137.7,8.547347,2.013246,0,0,DJI Matrice 300 RTK,M300 RTK,1ZN7L4R0H1D00F,1W9DL31001461C,1ZMLH8300204F0,1Z6PH74DAP0QN7,DJI Pilot,Android,7.0.2,1EF72A62-B7C3-C88D-164E-CE6F8C8424AE,1ZN7L4R0H1D00F,1W9DL31001461C,,1ZMLH8300204F0,1W9DL31001461C,,,,,
2023-11-01,11:34:23.54 AM,10m 1.2s,601.2,33.7948123505792,-117.4748737474197,-10.4,137.7,15.7,1253,5254.5,6.487126,7.569323,-4.697574,2.23694,4.47388,4.697574,0.671082,0.894776,-3.6,0.3,3.6,136.7,136.7,137.0,Tripod,Other,,19,5,True,,True,False,,Smart,RC,False,True,False,,,True,,False,False,False,False,False,False,False,False,False,False,0,Follow Yaw,-77.9,0,128.6,128.6,False,False,False,False,False,,0,0,False,False,No Card,100,100,1024,1397,750,1024,2,False,False,False,False,False,0,False,False,False,False,68,,46.296,,3390,,4986,,46.296,,True,3.862,3.862,3.862,3.862,3.862,3.862,3.862,3.862,3.862,3.862,3.862,3.862,0,,False,False,True,,,,,,,,,,,,,,,False,False,9.316,,104.0,,75.7,,104.1,,1298,121,,22,7,142522.9,19003.06,,Idle,,20,,10,,,20,Go Home,False,False,False,False,False,False,False,False,False,False,False,False,33.8027920380556,-117.4659261431046,3978.9,3978.9,1049.4,396.9,True,1,1,False,False,False,False,,True,False,False,Course Lock,196.8,67,16.4,93,NW,S,2.01,11.4,Calm,False,False,Android,7.0.2,M300 RTK,1ZN7L4R0H1D00F,1W9DL31001461C,1ZMLH8300204F0,1Z6PH74DAP0QN7,"Corona, CA",728.3,5.7,137.7,8.547347,2.013246,0,0,DJI Matrice 300 RTK,M300 RTK,1ZN7L4R0H1D00F,1W9DL31001461C,1ZMLH8300204F0,1Z6PH74DAP0QN7,DJI Pilot,Android,7.0.2,1EF72A62-B7C3-C88D-164E-CE6F8C8424AE,1ZN7L4R0H1D00F,1W9DL31001461C,,1ZMLH8300204F0,1W9DL31001461C,,,,,
2023-11-01,11:34:23.64 AM,10m 1.3s,601.3,33.7948103355477,-117.4748712996558,-10.4,137.7,15.7,1253,5255.5,6.487126,7.569323,-4.697574,2.23694,4.47388,4.697574,0.671082,0.894776,-3.4,0.5,3.4,136.8,136.8,134.7,Tripod,Other,,19,5,True,,True,False,,Smart,RC,False,True,False,,,True,,False,False,False,False,False,False,False,False,False,False,0,Follow Yaw,-77.9,0,128.6,128.6,False,False,False,False,False,,0,0,False,False,No Card,100,100,1024,1392,750,1024,2,False,False,False,False,False,0,False,False,False,False,68,,46.296,,3390,,4986,,46.296,,True,3.857,3.857,3.857,3.857,3.857,3.857,3.857,3.857,3.857,3.857,3.857,3.857,0,,False,False,True,,,,,,,,,,,,,,,False,False,9.316,,104.0,,75.7,,104.1,,1297,121,,22,7,142675.5,19023.40,,Idle,,20,,10,,,20,Go Home,False,False,False,False,False,False,False,False,False,False,False,False,33.8027920380556,-117.4659261431046,3979.0,3979.0,1049.4,396.9,True,1,1,False,False,False,False,,True,False,False,Course Lock,196.8,67,16.4,93,NW,S,2.01,11.4,Calm,False,False,Android,7.0.2,M300 RTK,1ZN7L4R0H1D00F,1W9DL31001461C,1ZMLH8300204F0,1Z6PH74DAP0QN7,"Corona, CA",728.3,5.7,137.7,8.547347,2.013246,0,0,DJI Matrice 300 RTK,M300 RTK,1ZN7L4R0H1D00F,1W9DL31001461C,1ZMLH8300204F0,1Z6PH74DAP0QN7,DJI Pilot,Android,7.0.2,1EF72A62-B7C3-C88D-164E-CE6F8C8424AE,1ZN7L4R0H1D00F,1W9DL31001461C,,1ZMLH8300204F0,1W9DL31001461C,,,,,
2023-11-01,11:34:23.74 AM,10m 1.4s,601.4,33.7948083535873,-117.4748690686415,-10.4,137.7,15.7,1253,5256.5,6.487126,7.569323,-4.697574,2.23694,4.47388,4.697574,0.671082,0.894776,-3.2,0.6,3.2,136.7,136.7,136.9,Tripod,Other,,19,5,True,,True,False,,Smart,RC,False,True,False,,,True,,False,False,False,False,False,False,False,False,False,False,0,Follow Yaw,-77.9,0,128.6,128.6,False,False,False,False,False,,0,0,False,False,No Card,100,100,1024,1391,754,1024,2,False,False,False,False,False,0,False,False,False,False,68,,46.296,,3390,,4986,,46.296,,True,3.857,3.857,3.857,3.857,3.857,3.857,3.857,3.857,3.857,3.857,3.857,3.857,0,,False,False,True,,,,,,,,,,,,,,,False,False,9.316,,104.0,,75.7,,104.1,,1297,121,,22,7,142675.5,19023.40,,Idle,,20,,10,,,20,Go Home,False,False,False,False,False,False,False,False,False,False,False,False,33.8027920380556,-117.4659261431046,3979.0,3979.0,1049.4,396.9,True,1,1,False,False,False,False,,True,False,False,Course Lock,196.8,67,16.4,93,NW,S,2.01,11.4,Calm,False,False,Android,7.0.2,M300 RTK,1ZN7L4R0H1D00F,1W9DL31001461C,1ZMLH8300204F0,1Z6PH74DAP0QN7,"Corona, CA",728.3,5.7,137.7,8.547347,2.013246,0,0,DJI Matrice 300 RTK,M300 RTK,1ZN7L4R0H1D00F,1W9DL31001461C,1ZMLH8300204F0,1Z6PH74DAP0QN7,DJI Pilot,Android,7.0.2,1EF72A62-B7C3-C88D-164E-CE6F8C8424AE,1ZN7L4R0H1D00F,1W9DL31001461C,,1ZMLH8300204F0,1W9DL31001461C,,,,,
2023-11-01,11:34:23.84 AM,10m 1.5s,601.5,33.794806707782,-117.4748668620256,-10.8,137.7,15.7,1253,5257.4,6.487126,7.569323,-4.697574,2.23694,4.47388,4.697574,0.671082,0.894776,-3.1,0.6,3.1,136.7,136.7,131.9,Tripod,Other,,19,5,True,,True,False,,Smart,RC,False,True,False,,,True,,False,False,False,False,False,False,False,False,False,False,0,Follow Yaw,-77.9,0,128.6,128.6,False,False,False,False,False,,0,0,False,False,No Card,100,100,1024,1390,754,1024,2,False,False,False,False,False,0,False,False,False,False,68,,46.296,,3390,,4986,,46.296,,True,3.857,3.857,3.857,3.857,3.857,3.857,3.857,3.857,3.857,3.857,3.857,3.857,0,,False,False,True,,,,,,,,,,,,,,,False,False,9.316,,104.0,,75.7,,104.1,,1297,121,,22,7,142675.5,19023.40,,Idle,,20,,10,,,20,Go Home,False,False,False,False,False,False,False,False,False,False,False,False,33.8027920380556,-117.4659261431046,3979.0,3979.0,1049.4,396.9,True,1,1,False,False,False,False,,True,False,False,Course Lock,196.8,67,16.4,93,NW,S,2.01,11.4,Calm,False,False,Android,7.0.2,M300 RTK,1ZN7L4R0H1D00F,1W9DL31001461C,1ZMLH8300204F0,1Z6PH74DAP0QN7,"Corona, CA",728.3,5.7,137.7,8.547347,2.013246,0,0,DJI Matrice 300 RTK,M300 RTK,1ZN7L4R0H1D00F,1W9DL31001461C,1ZMLH8300204F0,1Z6PH74DAP0QN7,DJI Pilot,Android,7.0.2,1EF72A62-B7C3-C88D-164E-CE6F8C8424AE,1ZN7L4R0H1D00F,1W9DL31001461C,,1ZMLH8300204F0,1W9DL31001461C,,,,,
2023-11-01,11:34:23.94 AM,10m 1.6s,601.6,33.7948047437171,-117.4748646336966,-10.8,137.7,15.7,1253,5258.4,6.487126,7.569323,-4.697574,2.23694,4.47388,4.697574,0.447388,0.894776,-3,0.5,3,136.6,136.6,136.6,Tripod,Other,,19,5,True,,True,False,,Smart,RC,False,True,False,,,True,,False,False,False,False,False,False,False,False,False,False,0,Follow Yaw,-77.9,0,128.6,128.6,False,False,False,False,False,,0,0,False,False,No Card,100,100,1024,1386,764,1024,2,False,False,False,False,False,0,False,False,False,False,68,,46.296,,3390,,4986,,46.296,,True,3.857,3.857,3.857,3.857,3.857,3.857,3.857,3.857,3.857,3.857,3.857,3.857,0,,False,False,True,,,,,,,,,,,,,,,False,False,9.316,,104.0,,75.7,,104.1,,1297,121,,22,7,142675.5,19023.40,,Idle,,20,,10,,,20,Go Home,False,False,False,False,False,False,False,False,False,False,False,False,33.8027920380556,-117.4659261431046,3979.1,3979.1,1049.4,396.9,True,1,1,False,False,False,False,,True,False,False,Course Lock,196.8,67,16.4,93,NW,S,2.01,11.4,Calm,False,False,Android,7.0.2,M300 RTK,1ZN7L4R0H1D00F,1W9DL31001461C,1ZMLH8300204F0,1Z6PH74DAP0QN7,"Corona, CA",728.3,5.7,137.7,8.547347,2.013246,0,0,DJI Matrice 300 RTK,M300 RTK,1ZN7L4R0H1D00F,1W9DL31001461C,1ZMLH8300204F0,1Z6PH74DAP0QN7,DJI Pilot,Android,7.0.2,1EF72A62-B7C3-C88D-164E-CE6F8C8424AE,1ZN7L4R0H1D00F,1W9DL31001461C,,1ZMLH8300204F0,1W9DL31001461C,,,,,
2023-11-01,11:34:24.04 AM,10m 1.7s,601.7,33.7948027423878,-117.4748626070495,-10.8,137.7,15.7,1253,5259.4,6.487126,7.569323,-4.697574,2.23694,4.47388,4.697574,0.447388,0.894776,-2.9,0.3,2.9,136.6,136.6,139.9,Tripod,Other,,19,5,True,,True,False,,Smart,RC,False,True,False,,,True,,False,False,False,False,False,False,False,False,False,False,0,Follow Yaw,-77.9,0,128.6,128.6,False,False,False,False,False,,0,0,False,False,No Card,100,100,1024,1389,775,1024,2,False,False,False,False,False,0,False,False,False,False,68,,46.296,,3390,,4986,,46.296,,True,3.857,3.857,3.857,3.857,3.857,3.857,3.857,3.857,3.857,3.857,3.857,3.857,0,,False,False,True,,,,,,,,,,,,,,,False,False,9.316,,104.0,,75.7,,104.1,,1297,121,,22,7,142675.5,19023.40,,Idle,,20,,10,,,20,Go Home,False,False,False,False,False,False,False,False,False,False,False,False,33.8027920380556,-117.4659261431046,3979.2,3979.2,1049.4,396.9,True,1,1,False,False,False,False,,True,False,False,Course Lock,196.8,67,16.4,93,NW,S,1.78,11.4,Calm,False,False,Android,7.0.2,M300 RTK,1ZN7L4R0H1D00F,1W9DL31001461C,1ZMLH8300204F0,1Z6PH74DAP0QN7,"Corona, CA",728.3,5.7,137.7,8.547347,2.013246,0,0,DJI Matrice 300 RTK,M300 RTK,1ZN7L4R0H1D00F,1W9DL31001461C,1ZMLH8300204F0,1Z6PH74DAP0QN7,DJI Pilot,Android,7.0.2,1EF72A62-B7C3-C88D-164E-CE6F8C8424AE,1ZN7L4R0H1D00F,1W9DL31001461C,,1ZMLH8300204F0,1W9DL31001461C,,,,,
2023-11-01,11:34:24.14 AM,10m 1.8s,601.8,33.794800780728,-117.4748603866716,-10.8,137.7,15.7,1253,5260.3,6.487126,7.569323,-4.697574,2.23694,4.47388,4.697574,0.447388,0.894776,-2.8,0.4,2.8,136.6,136.6,136.7,Tripod,Other,,19,5,True,,True,False,,Smart,RC,False,True,False,,,True,,False,False,False,False,False,False,False,False,False,False,0,Follow Yaw,-77.9,0,128.6,128.6,False,False,False,False,False,,0,0,False,False,No Card,100,100,1024,1391,791,1024,2,False,False,False,False,False,0,False,False,False,False,68,,46.296,,3390,,4986,,46.296,,True,3.857,3.857,3.857,3.857,3.857,3.857,3.857,3.857,3.857,3.857,3.857,3.857,0,,False,False,True,,,,,,,,,,,,,,,False,False,9.316,,104.0,,75.7,,104.1,,1297,121,,22,7,142675.5,19023.40,,Idle,,20,,10,,,20,Go Home,False,False,False,False,False,False,False,False,False,False,False,False,33.8027920380556,-117.4659261431046,3979.3,3979.3,1049.4,396.9,True,1,1,False,False,False,False,,True,False,False,Course Lock,196.8,67,16.4,93,NW,S,1.78,11.4,Calm,False,False,Android,7.0.2,M300 RTK,1ZN7L4R0H1D00F,1W9DL31001461C,1ZMLH8300204F0,1Z6PH74DAP0QN7,"Corona, CA",728.3,5.7,137.7,8.547347,2.013246,0,0,DJI Matrice 300 RTK,M300 RTK,1ZN7L4R0H1D00F,1W9DL31001461C,1ZMLH8300204F0,1Z6PH74DAP0QN7,DJI Pilot,Android,7.0.2,1EF72A62-B7C3-C88D-164E-CE6F8C8424AE,1ZN7L4R0H1D00F,1W9DL31001461C,,1ZMLH8300204F0,1W9DL31001461C,,,,,
2023-11-01,11:34:24.24 AM,10m 1.9s,601.9,33.794799022003,-117.4748580436954,-11.1,137.7,15.7,1253,5261.3,6.487126,7.569323,-4.697574,2.23694,4.47388,4.697574,0.447388,0.894776,-2.6,0.7,2.6,136.7,136.7,132.0,Tripod,Other,,19,5,True,,True,False,,Smart,RC,False,True,False,,,True,,False,False,False,False,False,False,False,False,False,False,0,Follow Yaw,-77.9,0,128.6,128.6,False,False,False,False,False,,0,0,False,False,No Card,100,100,1024,1397,793,1024,2,False,False,False,False,False,0,False,False,False,False,68,,46.296,,3390,,4986,,46.296,,True,3.857,3.857,3.857,3.857,3.857,3.857,3.857,3.857,3.857,3.857,3.857,3.857,0,,False,False,True,,,,,,,,,,,,,,,False,False,9.316,,104.0,,75.7,,104.1,,1297,121,,22,7,142675.5,19023.40,,Idle,,20,,10,,,20,Go Home,False,False,False,False,False,False,False,False,False,False,False,False,33.8027920380556,-117.4659261431046,3979.3,3979.3,1049.4,396.9,True,1,1,False,False,False,False,,True,False,False,Course Lock,196.8,67,16.4,93,NW,S,1.78,11.4,Calm,False,False,Android,7.0.2,M300 RTK,1ZN7L4R0H1D00F,1W9DL31001461C,1ZMLH8300204F0,1Z6PH74DAP0QN7,"Corona, CA",728.3,5.7,137.7,8.547347,2.013246,0,0,DJI Matrice 300 RTK,M300 RTK,1ZN7L4R0H1D00F,1W9DL31001461C,1ZMLH8300204F0,1Z6PH74DAP0QN7,DJI Pilot,Android,7.0.2,1EF72A62-B7C3-C88D-164E-CE6F8C8424AE,1ZN7L4R0H1D00F,1W9DL31001461C,,1ZMLH8300204F0,1W9DL31001461C,,,,,
2023-11-01,11:34:24.34 AM,10m 2.0s,602.0,33.7947970842566,-117.4748558126036,-11.1,137.7,15.7,1253,5262.3,6.487126,7.569323,-4.697574,2.23694,4.47388,4.697574,0.447388,0.894776,-2.8,0.9,2.9,136.8,136.8,136.2,Tripod,Other,,19,5,True,,True,False,,Smart,RC,False,True,False,,,True,,False,False,False,False,False,False,False,False,False,False,0,Follow Yaw,-77.9,0,128.6,128.6,False,False,False,False,False,,0,0,False,False,No Card,100,100,1024,1395,805,1024,2,False,False,False,False,False,0,False,False,False,False,68,,46.344,,6829,,10044,,46.344,,True,3.857,3.857,3.857,3.857,3.857,3.857,3.857,3.857,3.857,3.857,3.857,3.857,0,,False,False,True,,,,,,,,,,,,,,,False,False,18.558,,104.1,,75.7,,104.1,,1297,121,,22,7,142675.5,19023.40,,Idle,,20,,10,,,20,Go Home,False,False,False,False,False,False,False,False,False,False,False,False,33.8027920380556,-117.4659261431046,3979.3,3979.3,1049.4,396.9,True,1,1,False,False,False,False,,True,False,False,Course Lock,196.8,67,16.4,93,NW,S,1.78,11.4,Calm,False,False,Android,7.0.2,M300 RTK,1ZN7L4R0H1D00F,1W9DL31001461C,1ZMLH8300204F0,1Z6PH74DAP0QN7,"Corona, CA",728.3,5.7,137.7,8.547347,2.013246,0,0,DJI Matrice 300 RTK,M300 RTK,1ZN7L4R0H1D00F,1W9DL31001461C,1ZMLH8300204F0,1Z6PH74DAP0QN7,DJI Pilot,Android,7.0.2,1EF72A62-B7C3-C88D-164E-CE6F8C8424AE,1ZN7L4R0H1D00F,1W9DL31001461C,,1ZMLH8300204F0,1W9DL31001461C,,,,,
2023-11-01,11:34:24.42 AM,10m 2.1s,602.1,33.7947950032906,-117.4748538161084,-11.1,137.7,15.4,1253,5263.2,6.487126,7.569323,-4.697574,2.23694,4.47388,4.697574,0.447388,0.894776,-3.1,0.8,3.2,136.8,136.8,141.4,Tripod,Other,,19,5,True,,True,False,,Smart,RC,False,True,False,,,True,,False,False,False,False,False,False,False,False,False,False,0,Follow Yaw,-77.9,0,128.6,128.6,False,False,False,False,False,,0,0,False,False,No Card,100,100,1024,1395,805,1024,2,False,False,False,False,False,0,False,False,False,False,68,,46.344,,6829,,10044,,46.344,,True,3.857,3.857,3.857,3.857,3.857,3.857,3.857,3.857,3.857,3.857,3.857,3.857,0,,False,False,True,,,,,,,,,,,,,,,False,False,18.558,,104.1,,75.7,,104.1,,1297,121,,22,7,142675.5,19023.40,,Idle,,20,,10,,,20,Go Home,False,False,False,False,False,False,False,False,False,False,False,False,33.8027920380556,-117.4659261431046,3979.5,3979.5,1049.4,396.9,True,1,1,False,False,False,False,,True,False,False,Course Lock,196.8,67,16.4,93,NW,S,1.78,11.4,Calm,False,False,Android,7.0.2,M300 RTK,1ZN7L4R0H1D00F,1W9DL31001461C,1ZMLH8300204F0,1Z6PH74DAP0QN7,"Corona, CA",728.3,5.7,137.7,8.547347,2.013246,0,0,DJI Matrice 300 RTK,M300 RTK,1ZN7L4R0H1D00F,1W9DL31001461C,1ZMLH8300204F0,1Z6PH74DAP0QN7,DJI Pilot,Android,7.0.2,1EF72A62-B7C3-C88D-164E-CE6F8C8424AE,1ZN7L4R0H1D00F,1W9DL31001461C,,1ZMLH8300204F0,1W9DL31001461C,,,,,
2023-11-01,11:34:24.52 AM,10m 2.2s,602.2,33.7947930595176,-117.4748516057199,-11.1,137.7,15.4,1253,5264.2,6.487126,7.569323,-4.697574,2.23694,4.47388,4.697574,0.447388,0.894776,-3.3,0.8,3.3,136.9,136.9,136.6,Tripod,Other,,19,5,True,,True,False,,Smart,RC,False,True,False,,,True,,False,False,False,False,False,False,False,False,False,False,0,Follow Yaw,-77.9,0,128.6,128.6,False,False,False,False,False,,0,0,False,False,No Card,100,100,1024,1397,809,1024,2,False,False,False,False,False,0,False,False,False,False,68,,46.344,,6829,,10044,,46.344,,True,3.857,3.857,3.857,3.857,3.857,3.857,3.857,3.857,3.857,3.857,3.857,3.857,0,,False,False,True,,,,,,,,,,,,,,,False,False,18.558,,104.1,,75.7,,104.1,,1297,121,,22,7,142675.5,19023.40,,Idle,,20,,10,,,20,Go Home,False,False,False,False,False,False,False,False,False,False,False,False,33.8027920380556,-117.4659261431046,3979.5,3979.5,1049.4,396.9,True,1,1,False,False,False,False,,True,False,False,Course Lock,196.8,67,16.4,93,NW,S,1.78,11.4,Calm,False,False,Android,7.0.2,M300 RTK,1ZN7L4R0H1D00F,1W9DL31001461C,1ZMLH8300204F0,1Z6PH74DAP0QN7,"Corona, CA",728.3,5.7,137.7,8.547347,2.013246,0,0,DJI Matrice 300 RTK,M300 RTK,1ZN7L4R0H1D00F,1W9DL31001461C,1ZMLH8300204F0,1Z6PH74DAP0QN7,DJI Pilot,Android,7.0.2,1EF72A62-B7C3-C88D-164E-CE6F8C8424AE,1ZN7L4R0H1D00F,1W9DL31001461C,,1ZMLH8300204F0,1W9DL31001461C,,,,,
2023-11-01,11:34:24.64 AM,10m 2.3s,602.3,33.7947909583228,-117.4748492700103,-11.4,137.7,15.4,1252,5265.3,6.487126,7.569323,-4.697574,2.23694,4.47388,4.697574,0.447388,0.894776,-3.5,0.8,3.5,136.9,136.9,137.2,Tripod,Other,,19,5,True,,True,False,,Smart,RC,False,True,False,,,True,,False,False,False,False,False,False,False,False,False,False,0,Follow Yaw,-77.9,0,128.6,128.6,False,False,False,False,False,,0,0,False,False,No Card,100,100,1024,1393,818,1024,2,False,False,False,False,False,0,False,False,False,False,68,,46.344,,6829,,10044,,46.344,,True,3.858,3.858,3.858,3.858,3.858,3.858,3.858,3.858,3.858,3.858,3.858,3.858,0,,False,False,True,,,,,,,,,,,,,,,False,False,18.558,,104.1,,75.7,,104.1,,1297,122,,22,7,142684.8,19024.64,,Idle,,20,,10,,,20,Go Home,False,False,False,False,False,False,False,False,False,False,False,False,33.8027920380556,-117.4659261431046,3979.6,3979.6,1049.4,396.9,True,1,1,False,False,False,False,,True,False,False,Course Lock,196.8,67,16.4,93,NW,S,1.78,11.4,Calm,False,False,Android,7.0.2,M300 RTK,1ZN7L4R0H1D00F,1W9DL31001461C,1ZMLH8300204F0,1Z6PH74DAP0QN7,"Corona, CA",728.3,5.7,137.7,8.547347,2.013246,0,0,DJI Matrice 300 RTK,M300 RTK,1ZN7L4R0H1D00F,1W9DL31001461C,1ZMLH8300204F0,1Z6PH74DAP0QN7,DJI Pilot,Android,7.0.2,1EF72A62-B7C3-C88D-164E-CE6F8C8424AE,1ZN7L4R0H1D00F,1W9DL31001461C,,1ZMLH8300204F0,1W9DL31001461C,,,,,
2023-11-01,11:34:24.73 AM,10m 2.4s,602.4,33.7947889984256,-117.4748470391203,-11.4,137.7,15.4,1252,5266.3,6.487126,7.569323,-4.697574,2.23694,4.47388,4.697574,0.447388,0.894776,-3.5,0.6,3.5,136.9,136.9,136.5,Tripod,Other,,19,5,True,,True,False,,Smart,RC,False,True,False,,,True,,False,False,False,False,False,False,False,False,False,False,0,Follow Yaw,-77.9,0,128.6,128.6,False,False,False,False,False,,0,0,False,False,No Card,100,100,1024,1394,823,1024,2,False,False,False,False,False,0,False,False,False,False,68,,46.344,,6829,,10044,,46.344,,True,3.858,3.858,3.858,3.858,3.858,3.858,3.858,3.858,3.858,3.858,3.858,3.858,0,,False,False,True,,,,,,,,,,,,,,,False,False,18.558,,104.1,,75.7,,104.1,,1297,122,,22,7,142684.8,19024.64,,Idle,,20,,10,,,20,Go Home,False,False,False,False,False,False,False,False,False,False,False,False,33.8027920380556,-117.4659261431046,3979.7,3979.7,1049.4,396.9,True,1,1,False,False,False,False,,True,False,False,Course Lock,196.8,67,16.4,93,NW,S,1.78,11.4,Calm,False,False,Android,7.0.2,M300 RTK,1ZN7L4R0H1D00F,1W9DL31001461C,1ZMLH8300204F0,1Z6PH74DAP0QN7,"Corona, CA",728.3,5.7,137.7,8.547347,2.013246,0,0,DJI Matrice 300 RTK,M300 RTK,1ZN7L4R0H1D00F,1W9DL31001461C,1ZMLH8300204F0,1Z6PH74DAP0QN7,DJI Pilot,Android,7.0.2,1EF72A62-B7C3-C88D-164E-CE6F8C8424AE,1ZN7L4R0H1D00F,1W9DL31001461C,,1ZMLH8300204F0,1W9DL31001461C,,,,,
2023-11-01,11:34:24.83 AM,10m 2.5s,602.5,33.7947872146932,-117.4748447086234,-11.4,137.7,15.4,1252,5267.2,6.487126,7.569323,-4.697574,2.23694,4.47388,4.697574,0.447388,0.894776,-3.5,0.7,3.5,137,137,132.6,Tripod,Other,,19,5,True,,True,False,,Smart,RC,False,True,False,,,True,,False,False,False,False,False,False,False,False,False,False,0,Follow Yaw,-77.9,0,128.6,128.6,False,False,False,False,False,,0,0,False,False,No Card,100,100,1024,1396,824,1024,2,False,False,False,False,False,0,False,False,False,False,68,,46.344,,6829,,10044,,46.344,,True,3.858,3.858,3.858,3.858,3.858,3.858,3.858,3.858,3.858,3.858,3.858,3.858,0,,False,False,True,,,,,,,,,,,,,,,False,False,18.558,,104.1,,75.7,,104.1,,1297,122,,22,7,142684.8,19024.64,,Idle,,20,,10,,,20,Go Home,False,False,False,False,False,False,False,False,False,False,False,False,33.8027920380556,-117.4659261431046,3979.7,3979.7,1049.4,396.9,True,1,1,False,False,False,False,,True,False,False,Course Lock,196.8,67,16.4,93,NW,S,1.78,11.4,Calm,False,False,Android,7.0.2,M300 RTK,1ZN7L4R0H1D00F,1W9DL31001461C,1ZMLH8300204F0,1Z6PH74DAP0QN7,"Corona, CA",728.3,5.7,137.7,8.547347,2.013246,0,0,DJI Matrice 300 RTK,M300 RTK,1ZN7L4R0H1D00F,1W9DL31001461C,1ZMLH8300204F0,1Z6PH74DAP0QN7,DJI Pilot,Android,7.0.2,1EF72A62-B7C3-C88D-164E-CE6F8C8424AE,1ZN7L4R0H1D00F,1W9DL31001461C,,1ZMLH8300204F0,1W9DL31001461C,,,,,
2023-11-01,11:34:24.93 AM,10m 2.6s,602.6,33.794785252907,-117.4748424531488,-11.4,137.7,15.4,1252,5268.2,6.487126,7.569323,-4.697574,2.23694,4.47388,4.697574,0.447388,0.894776,-3.4,0.5,3.4,136.9,136.9,136.3,Tripod,Other,,19,5,True,,True,False,,Smart,RC,False,True,False,,,True,,False,False,False,False,False,False,False,False,False,False,0,Follow Yaw,-77.9,0,128.6,128.6,False,False,False,False,False,,0,0,False,False,No Card,100,100,1024,1406,822,1024,2,False,False,False,False,False,0,False,False,False,False,68,,46.344,,6829,,10044,,46.344,,True,3.858,3.858,3.858,3.858,3.858,3.858,3.858,3.858,3.858,3.858,3.858,3.858,0,,False,False,True,,,,,,,,,,,,,,,False,False,18.558,,104.1,,75.7,,104.1,,1297,122,,22,7,142684.8,19024.64,,Idle,,20,,10,,,20,Go Home,False,False,False,False,False,False,False,False,False,False,False,False,33.8027920380556,-117.4659261431046,3979.7,3979.7,1049.4,396.9,True,1,1,False,False,False,False,,True,False,False,Course Lock,196.8,67,16.4,93,NW,S,1.78,11.4,Calm,False,False,Android,7.0.2,M300 RTK,1ZN7L4R0H1D00F,1W9DL31001461C,1ZMLH8300204F0,1Z6PH74DAP0QN7,"Corona, CA",728.3,5.7,137.7,8.547347,2.013246,0,0,DJI Matrice 300 RTK,M300 RTK,1ZN7L4R0H1D00F,1W9DL31001461C,1ZMLH8300204F0,1Z6PH74DAP0QN7,DJI Pilot,Android,7.0.2,1EF72A62-B7C3-C88D-164E-CE6F8C8424AE,1ZN7L4R0H1D00F,1W9DL31001461C,,1ZMLH8300204F0,1W9DL31001461C,,,,,
2023-11-01,11:34:25.04 AM,10m 2.7s,602.7,33.7947832419296,-117.4748401198004,-11.4,137.7,15.4,1252,5269.2,6.487126,7.569323,-4.697574,2.23694,4.47388,4.697574,0.223694,0.894776,-3.3,0.6,3.3,136.9,136.9,136.0,Tripod,Other,,19,5,True,,True,False,,Smart,RC,False,True,False,,,True,,False,False,False,False,False,False,False,False,False,False,0,Follow Yaw,-77.9,0,128.6,128.6,False,False,False,False,False,,0,0,False,False,No Card,100,100,1024,1409,822,1024,2,False,False,False,False,False,0,False,False,False,False,68,,46.296,,3390,,4986,,46.296,,True,3.858,3.858,3.858,3.858,3.858,3.858,3.858,3.858,3.858,3.858,3.858,3.858,0,,False,False,True,,,,,,,,,,,,,,,False,False,9.566,,104.0,,75.7,,104.1,,1297,122,,22,7,142684.8,19024.64,,Idle,,20,,10,,,20,Go Home,False,False,False,False,False,False,False,False,False,False,False,False,33.8027920380556,-117.4659261431046,3979.8,3979.8,1049.4,396.9,True,1,1,False,False,False,False,,True,False,False,Course Lock,196.8,67,16.4,93,NW,S,1.78,11.4,Calm,False,False,Android,7.0.2,M300 RTK,1ZN7L4R0H1D00F,1W9DL31001461C,1ZMLH8300204F0,1Z6PH74DAP0QN7,"Corona, CA",728.3,5.7,137.7,8.547347,2.013246,0,0,DJI Matrice 300 RTK,M300 RTK,1ZN7L4R0H1D00F,1W9DL31001461C,1ZMLH8300204F0,1Z6PH74DAP0QN7,DJI Pilot,Android,7.0.2,1EF72A62-B7C3-C88D-164E-CE6F8C8424AE,1ZN7L4R0H1D00F,1W9DL31001461C,,1ZMLH8300204F0,1W9DL31001461C,,,,,
2023-11-01,11:34:25.14 AM,10m 2.8s,602.8,33.7947812562932,-117.474837841078,-11.8,137.7,15.4,1252,5270.2,6.6509,7.569323,-4.921268,2.23694,4.47388,4.697574,0.223694,0.894776,-3,0.9,3.1,136.8,136.8,136.3,Tripod,Other,,20,5,True,,True,False,,Smart,RC,False,True,False,,,True,,False,False,False,False,False,False,False,False,False,False,0,Follow Yaw,-77.9,0,128.6,128.6,False,False,False,False,False,,0,0,False,False,No Card,100,100,1024,1410,780,1024,2,False,False,False,False,False,0,False,False,False,False,68,,46.296,,3390,,4986,,46.296,,True,3.858,3.858,3.858,3.858,3.858,3.858,3.858,3.858,3.858,3.858,3.858,3.858,0,,False,False,True,,,,,,,,,,,,,,,False,False,9.566,,104.0,,75.7,,104.1,,1297,122,,22,7,142684.8,19024.64,,Idle,,20,,10,,,20,Go Home,False,False,False,False,False,False,False,False,False,False,False,False,33.8027920380556,-117.4659261431046,3979.8,3979.8,1049.4,396.9,True,1,1,False,False,False,False,,True,False,False,Course Lock,196.8,67,16.4,93,NW,S,1.78,11.4,Calm,False,False,Android,7.0.2,M300 RTK,1ZN7L4R0H1D00F,1W9DL31001461C,1ZMLH8300204F0,1Z6PH74DAP0QN7,"Corona, CA",728.3,5.7,137.7,8.547347,2.013246,0,0,DJI Matrice 300 RTK,M300 RTK,1ZN7L4R0H1D00F,1W9DL31001461C,1ZMLH8300204F0,1Z6PH74DAP0QN7,DJI Pilot,Android,7.0.2,1EF72A62-B7C3-C88D-164E-CE6F8C8424AE,1ZN7L4R0H1D00F,1W9DL31001461C,,1ZMLH8300204F0,1W9DL31001461C,,,,,
2023-11-01,11:34:25.25 AM,10m 2.9s,602.9,33.794779248437,-117.4748357054514,-11.8,137.7,15.4,1252,5271.2,6.6509,7.569323,-4.921268,2.23694,4.47388,4.697574,0.223694,0.894776,-2.7,0.8,2.8,136.7,136.7,138.5,Tripod,Other,,20,5,True,,True,False,,Smart,RC,False,True,False,,,True,,False,False,False,False,False,False,False,False,False,False,0,Follow Yaw,-77.9,0,128.6,128.6,False,False,False,False,False,,0,0,False,False,No Card,100,100,1024,1411,756,1024,2,False,False,False,False,False,0,False,False,False,False,68,,46.296,,3390,,4986,,46.296,,True,3.858,3.858,3.858,3.858,3.858,3.858,3.858,3.858,3.858,3.858,3.858,3.858,0,,False,False,True,,,,,,,,,,,,,,,False,False,9.566,,104.0,,75.7,,104.1,,1297,122,,22,7,142684.8,19024.64,,Idle,,20,,10,,,20,Go Home,False,False,False,False,False,False,False,False,False,False,False,False,33.8027920380556,-117.4659261431046,3979.9,3979.9,1049.4,396.9,True,1,1,False,False,False,False,,True,False,False,Course Lock,196.8,67,16.4,93,NW,S,1.78,11.4,Calm,False,False,Android,7.0.2,M300 RTK,1ZN7L4R0H1D00F,1W9DL31001461C,1ZMLH8300204F0,1Z6PH74DAP0QN7,"Corona, CA",728.3,5.7,137.7,8.547347,2.013246,0,0,DJI Matrice 300 RTK,M300 RTK,1ZN7L4R0H1D00F,1W9DL31001461C,1ZMLH8300204F0,1Z6PH74DAP0QN7,DJI Pilot,Android,7.0.2,1EF72A62-B7C3-C88D-164E-CE6F8C8424AE,1ZN7L4R0H1D00F,1W9DL31001461C,,1ZMLH8300204F0,1W9DL31001461C,,,,,
2023-11-01,11:34:25.35 AM,10m 3.0s,603.0,33.7947772425702,-117.4748334381235,-11.8,137.7,15.4,1252,5272.2,6.6509,7.569323,-4.921268,2.23694,4.47388,4.697574,0.223694,0.894776,-2.9,0.6,2.9,136.6,136.6,136.7,Tripod,Other,,20,5,True,,True,False,,Smart,RC,False,True,False,,,True,,False,False,False,False,False,False,False,False,False,False,0,Follow Yaw,-77.9,0,128.6,128.6,False,False,False,False,False,,0,0,False,False,No Card,100,100,1024,1411,757,1024,2,False,False,False,False,False,0,False,False,False,False,68,,46.344,,6829,,10044,,46.344,,True,3.858,3.858,3.858,3.858,3.858,3.858,3.858,3.858,3.858,3.858,3.858,3.858,0,,False,False,True,,,,,,,,,,,,,,,False,False,18.808,,104.1,,75.7,,104.1,,1297,122,,22,7,142684.8,19024.64,,Idle,,20,,10,,,20,Go Home,False,False,False,False,False,False,False,False,False,False,False,False,33.8027920380556,-117.4659261431046,3980.0,3980.0,1049.4,396.9,True,1,1,False,False,False,False,,True,False,False,Course Lock,196.8,67,16.4,93,NW,S,1.78,11.4,Calm,False,False,Android,7.0.2,M300 RTK,1ZN7L4R0H1D00F,1W9DL31001461C,1ZMLH8300204F0,1Z6PH74DAP0QN7,"Corona, CA",728.3,5.7,137.7,8.547347,2.013246,0,0,DJI Matrice 300 RTK,M300 RTK,1ZN7L4R0H1D00F,1W9DL31001461C,1ZMLH8300204F0,1Z6PH74DAP0QN7,DJI Pilot,Android,7.0.2,1EF72A62-B7C3-C88D-164E-CE6F8C8424AE,1ZN7L4R0H1D00F,1W9DL31001461C,,1ZMLH8300204F0,1W9DL31001461C,,,,,
2023-11-01,11:34:25.46 AM,10m 3.1s,603.1,33.7947751407543,-117.4748310221195,-11.8,137.7,15.4,1252,5273.3,6.6509,7.569323,-4.921268,2.23694,4.47388,4.697574,0.447388,0.894776,-3.3,0.4,3.3,136.7,136.7,136.3,Tripod,Other,,20,5,True,,True,False,,Smart,RC,False,True,False,,,True,,False,False,False,False,False,False,False,False,False,False,0,Follow Yaw,-77.9,0,128.6,128.6,False,False,False,False,False,,0,0,False,False,No Card,100,100,1024,1410,764,1024,2,False,False,False,False,False,0,False,False,False,False,68,,46.344,,6829,,10044,,46.344,,True,3.858,3.858,3.858,3.858,3.858,3.858,3.858,3.858,3.858,3.858,3.858,3.858,0,,False,False,True,,,,,,,,,,,,,,,False,False,18.808,,104.1,,75.7,,104.1,,1297,122,,22,7,142684.8,19024.64,,Idle,,20,,10,,,20,Go Home,False,False,False,False,False,False,False,False,False,False,False,False,33.8027920380556,-117.4659261431046,3980.1,3980.1,1049.4,396.9,True,1,1,False,False,False,False,,True,False,False,Course Lock,196.8,67,16.4,93,NW,S,1.78,11.4,Calm,False,False,Android,7.0.2,M300 RTK,1ZN7L4R0H1D00F,1W9DL31001461C,1ZMLH8300204F0,1Z6PH74DAP0QN7,"Corona, CA",728.3,5.7,137.7,8.547347,2.013246,0,0,DJI Matrice 300 RTK,M300 RTK,1ZN7L4R0H1D00F,1W9DL31001461C,1ZMLH8300204F0,1Z6PH74DAP0QN7,DJI Pilot,Android,7.0.2,1EF72A62-B7C3-C88D-164E-CE6F8C8424AE,1ZN7L4R0H1D00F,1W9DL31001461C,,1ZMLH8300204F0,1W9DL31001461C,,,,,
2023-11-01,11:34:25.56 AM,10m 3.2s,603.2,33.7947731041351,-117.4748287368398,-11.8,137.7,15.4,1252,5274.3,6.6509,7.569323,-4.921268,2.23694,4.47388,4.697574,0.447388,0.894776,-3.6,0.3,3.6,136.8,136.8,137.0,Tripod,Other,,20,5,True,,True,False,,Smart,RC,False,True,False,,,True,,False,False,False,False,False,False,False,False,False,False,0,Follow Yaw,-77.9,0,128.6,128.6,False,False,False,False,False,,0,0,False,False,No Card,100,100,1024,1410,763,1024,2,False,False,False,False,False,0,False,False,False,False,68,,46.344,,6829,,10044,,46.344,,True,3.858,3.858,3.858,3.858,3.858,3.858,3.858,3.858,3.858,3.858,3.858,3.858,0,,False,False,True,,,,,,,,,,,,,,,False,False,18.808,,104.1,,75.7,,104.1,,1297,122,,22,7,142684.8,19024.64,,Idle,,20,,10,,,20,Go Home,False,False,False,False,False,False,False,False,False,False,False,False,33.8027920380556,-117.4659261431046,3980.2,3980.2,1049.4,396.9,True,1,1,False,False,False,False,,True,False,False,Course Lock,196.8,67,16.4,93,NW,S,1.78,11.4,Calm,False,False,Android,7.0.2,M300 RTK,1ZN7L4R0H1D00F,1W9DL31001461C,1ZMLH8300204F0,1Z6PH74DAP0QN7,"Corona, CA",728.3,5.7,137.7,8.547347,2.013246,0,0,DJI Matrice 300 RTK,M300 RTK,1ZN7L4R0H1D00F,1W9DL31001461C,1ZMLH8300204F0,1Z6PH74DAP0QN7,DJI Pilot,Android,7.0.2,1EF72A62-B7C3-C88D-164E-CE6F8C8424AE,1ZN7L4R0H1D00F,1W9DL31001461C,,1ZMLH8300204F0,1W9DL31001461C,,,,,
2023-11-01,11:34:25.66 AM,10m 3.3s,603.3,33.7947712190397,-117.4748265312508,-12.1,137.7,15.4,1252,5275.2,6.6509,7.569323,-4.921268,2.23694,4.47388,4.697574,0.447388,0.894776,-3.8,0.3,3.8,137,137,135.8,Tripod,Other,,20,5,True,,True,False,,Smart,RC,False,True,False,,,True,,False,False,False,False,False,False,False,False,False,False,0,Follow Yaw,-77.9,0,128.6,128.6,False,False,False,False,False,,0,0,False,False,No Card,100,100,1024,1408,763,1024,2,False,False,False,False,False,0,False,False,False,False,68,,46.344,,6829,,10044,,46.344,,True,3.865,3.865,3.865,3.865,3.865,3.865,3.865,3.865,3.865,3.865,3.865,3.865,0,,False,False,True,,,,,,,,,,,,,,,False,False,18.808,,104.1,,75.7,,104.1,,1296,122,,22,7,142488.3,18998.44,,Idle,,20,,10,,,20,Go Home,False,False,False,False,False,False,False,False,False,False,False,False,33.8027920380556,-117.4659261431046,3980.2,3980.2,1049.4,396.9,True,1,1,False,False,False,False,,True,False,False,Course Lock,196.8,67,16.4,93,NW,S,1.78,11.4,Calm,False,False,Android,7.0.2,M300 RTK,1ZN7L4R0H1D00F,1W9DL31001461C,1ZMLH8300204F0,1Z6PH74DAP0QN7,"Corona, CA",728.3,5.7,137.7,8.547347,2.013246,0,0,DJI Matrice 300 RTK,M300 RTK,1ZN7L4R0H1D00F,1W9DL31001461C,1ZMLH8300204F0,1Z6PH74DAP0QN7,DJI Pilot,Android,7.0.2,1EF72A62-B7C3-C88D-164E-CE6F8C8424AE,1ZN7L4R0H1D00F,1W9DL31001461C,,1ZMLH8300204F0,1W9DL31001461C,,,,,
2023-11-01,11:34:25.77 AM,10m 3.4s,603.4,33.7947691512094,-117.4748242367504,-12.1,137.7,15.0,1252,5276.3,6.818081,7.569323,-5.144962,2.23694,4.47388,4.697574,0.447388,0.894776,-3.4,0.3,3.4,137,137,137.3,Tripod,Other,,20,5,True,,True,False,,Smart,RC,False,True,False,,,True,,False,False,False,False,False,False,False,False,False,False,0,Follow Yaw,-77.9,0,128.6,128.6,False,False,False,False,False,,0,0,False,False,No Card,100,100,1024,1407,763,1024,2,False,False,False,False,False,0,False,False,False,False,68,,46.344,,6829,,10044,,46.344,,True,3.865,3.865,3.865,3.865,3.865,3.865,3.865,3.865,3.865,3.865,3.865,3.865,0,,False,False,True,,,,,,,,,,,,,,,False,False,18.808,,104.1,,75.7,,104.1,,1296,122,,22,7,142488.3,18998.44,,Idle,,20,,10,,,20,Go Home,False,False,False,False,False,False,False,False,False,False,False,False,33.8027920380556,-117.4659261431046,3980.3,3980.3,1049.4,396.9,True,1,1,False,False,False,False,,True,False,False,Course Lock,196.8,67,16.4,93,NW,S,1.78,11.4,Calm,False,False,Android,7.0.2,M300 RTK,1ZN7L4R0H1D00F,1W9DL31001461C,1ZMLH8300204F0,1Z6PH74DAP0QN7,"Corona, CA",728.3,5.7,137.7,8.547347,2.013246,0,0,DJI Matrice 300 RTK,M300 RTK,1ZN7L4R0H1D00F,1W9DL31001461C,1ZMLH8300204F0,1Z6PH74DAP0QN7,DJI Pilot,Android,7.0.2,1EF72A62-B7C3-C88D-164E-CE6F8C8424AE,1ZN7L4R0H1D00F,1W9DL31001461C,,1ZMLH8300204F0,1W9DL31001461C,,,,,
2023-11-01,11:34:25.87 AM,10m 3.5s,603.5,33.7947669261896,-117.474822013426,-12.1,137.7,15.0,1252,5277.3,6.818081,7.569323,-5.144962,2.23694,4.47388,4.697574,0.447388,0.894776,-2.8,0.2,2.8,136.9,136.9,140.2,Tripod,Other,,20,5,True,,True,False,,Smart,RC,False,True,False,,,True,,False,False,False,False,False,False,False,False,False,False,0,Follow Yaw,-77.9,0,128.6,128.6,False,False,False,False,False,,0,0,False,False,No Card,100,100,1024,1407,761,1024,2,False,False,False,False,False,0,False,False,False,False,68,,46.344,,6829,,10044,,46.344,,True,3.865,3.865,3.865,3.865,3.865,3.865,3.865,3.865,3.865,3.865,3.865,3.865,0,,False,False,True,,,,,,,,,,,,,,,False,False,18.808,,104.1,,75.7,,104.1,,1296,122,,22,7,142488.3,18998.44,,Idle,,20,,10,,,20,Go Home,False,False,False,False,False,False,False,False,False,False,False,False,33.8027920380556,-117.4659261431046,3980.4,3980.4,1049.4,396.9,True,1,1,False,False,False,False,,True,False,False,Course Lock,196.8,67,16.4,93,NW,S,1.78,11.4,Calm,False,False,Android,7.0.2,M300 RTK,1ZN7L4R0H1D00F,1W9DL31001461C,1ZMLH8300204F0,1Z6PH74DAP0QN7,"Corona, CA",728.3,5.7,137.7,8.547347,2.013246,0,0,DJI Matrice 300 RTK,M300 RTK,1ZN7L4R0H1D00F,1W9DL31001461C,1ZMLH8300204F0,1Z6PH74DAP0QN7,DJI Pilot,Android,7.0.2,1EF72A62-B7C3-C88D-164E-CE6F8C8424AE,1ZN7L4R0H1D00F,1W9DL31001461C,,1ZMLH8300204F0,1W9DL31001461C,,,,,
2023-11-01,11:34:25.97 AM,10m 3.6s,603.6,33.7947648229378,-117.4748197143153,-12.1,137.7,15.4,1252,5278.4,6.818081,7.569323,-5.144962,2.23694,4.47388,4.697574,0.447388,0.894776,-2.2,-0.2,2.2,136.6,136.6,137.7,Tripod,Other,,20,5,True,,True,False,,Smart,RC,False,True,False,,,True,,False,False,False,False,False,False,False,False,False,False,0,Follow Yaw,-77.9,0,128.6,128.6,False,False,False,False,False,,0,0,False,False,No Card,100,100,1024,1404,761,1024,2,False,False,False,False,False,0,False,False,False,False,68,,46.344,,6829,,10044,,46.344,,True,3.865,3.865,3.865,3.865,3.865,3.865,3.865,3.865,3.865,3.865,3.865,3.865,0,,False,False,True,,,,,,,,,,,,,,,False,False,18.808,,104.1,,75.7,,104.1,,1296,122,,22,7,142488.3,18998.44,,Idle,,20,,10,,,20,Go Home,False,False,False,False,False,False,False,False,False,False,False,False,33.8027920380556,-117.4659261431046,3980.5,3980.5,1049.4,396.9,True,1,1,False,False,False,False,,True,False,False,Course Lock,196.8,67,16.4,93,NW,S,1.78,11.4,Calm,False,False,Android,7.0.2,M300 RTK,1ZN7L4R0H1D00F,1W9DL31001461C,1ZMLH8300204F0,1Z6PH74DAP0QN7,"Corona, CA",728.3,5.7,137.7,8.547347,2.013246,0,0,DJI Matrice 300 RTK,M300 RTK,1ZN7L4R0H1D00F,1W9DL31001461C,1ZMLH8300204F0,1Z6PH74DAP0QN7,DJI Pilot,Android,7.0.2,1EF72A62-B7C3-C88D-164E-CE6F8C8424AE,1ZN7L4R0H1D00F,1W9DL31001461C,,1ZMLH8300204F0,1W9DL31001461C,,,,,
2023-11-01,11:34:26.08 AM,10m 3.7s,603.7,33.7947628217498,-117.4748173327203,-12.4,137.7,15.0,1251,5279.4,6.818081,7.569323,-5.144962,2.23694,4.47388,4.697574,0.447388,0.894776,-2.1,-0.3,2.1,136.6,136.6,135.3,Tripod,Other,,20,5,True,,True,False,,Smart,RC,False,True,False,,,True,,False,False,False,False,False,False,False,False,False,False,0,Follow Yaw,-77.9,0,128.6,128.6,False,False,False,False,False,,0,0,False,False,No Card,100,100,1024,1406,760,1024,2,False,False,False,False,False,0,False,False,False,False,68,,46.344,,6829,,10044,,46.344,,True,3.865,3.865,3.865,3.865,3.865,3.865,3.865,3.865,3.865,3.865,3.865,3.865,0,,False,False,True,,,,,,,,,,,,,,,False,False,18.808,,104.1,,75.7,,104.1,,1296,122,,22,7,142488.3,18998.44,,Idle,,20,,10,,,20,Go Home,False,False,False,False,False,False,False,False,False,False,False,False,33.8027920380556,-117.4659261431046,3980.6,3980.6,1049.4,396.9,True,1,1,False,False,False,False,,True,False,False,Course Lock,196.8,67,16.4,93,NW,S,1.78,11.4,Calm,False,False,Android,7.0.2,M300 RTK,1ZN7L4R0H1D00F,1W9DL31001461C,1ZMLH8300204F0,1Z6PH74DAP0QN7,"Corona, CA",728.3,5.7,137.7,8.547347,2.013246,0,0,DJI Matrice 300 RTK,M300 RTK,1ZN7L4R0H1D00F,1W9DL31001461C,1ZMLH8300204F0,1Z6PH74DAP0QN7,DJI Pilot,Android,7.0.2,1EF72A62-B7C3-C88D-164E-CE6F8C8424AE,1ZN7L4R0H1D00F,1W9DL31001461C,,1ZMLH8300204F0,1W9DL31001461C,,,,,
2023-11-01,11:34:26.14 AM,10m 3.8s,603.8,33.7947607503312,-117.4748150151164,-12.4,137.7,15.0,1251,5280.4,6.96691,7.569323,-5.144962,2.23694,4.697574,4.697574,0.447388,0.894776,-2.3,-0.1,2.3,136.7,136.7,137.0,Tripod,Other,,20,5,True,,True,False,,Smart,RC,False,True,False,,,True,,False,False,False,False,False,False,False,False,False,False,0,Follow Yaw,-77.9,0,128.6,128.6,False,False,False,False,False,,0,0,False,False,No Card,100,100,1024,1408,757,1024,2,False,False,False,False,False,0,False,False,False,False,68,,46.344,,6829,,10044,,46.344,,True,3.865,3.865,3.865,3.865,3.865,3.865,3.865,3.865,3.865,3.865,3.865,3.865,0,,False,False,True,,,,,,,,,,,,,,,False,False,18.808,,104.1,,75.7,,104.1,,1296,122,,22,7,142488.3,18998.44,,Idle,,20,,10,,,20,Go Home,False,False,False,False,False,False,False,False,False,False,False,False,33.8027920380556,-117.4659261431046,3980.7,3980.7,1049.4,396.9,True,1,1,False,False,False,False,,True,False,False,Course Lock,196.8,67,16.4,93,NW,S,1.78,11.4,Calm,False,False,Android,7.0.2,M300 RTK,1ZN7L4R0H1D00F,1W9DL31001461C,1ZMLH8300204F0,1Z6PH74DAP0QN7,"Corona, CA",728.3,5.7,137.7,8.547347,2.013246,0,0,DJI Matrice 300 RTK,M300 RTK,1ZN7L4R0H1D00F,1W9DL31001461C,1ZMLH8300204F0,1Z6PH74DAP0QN7,DJI Pilot,Android,7.0.2,1EF72A62-B7C3-C88D-164E-CE6F8C8424AE,1ZN7L4R0H1D00F,1W9DL31001461C,,1ZMLH8300204F0,1W9DL31001461C,,,,,
2023-11-01,11:34:26.24 AM,10m 3.9s,603.9,33.7947586226775,-117.4748126769708,-12.4,137.7,15.0,1251,5281.5,6.803387,7.569323,-4.921268,2.23694,4.697574,4.697574,0.447388,0.894776,-2.6,0.1,2.6,136.7,136.7,137.5,Tripod,Other,,20,5,True,,True,False,,Smart,RC,False,True,False,,,True,,False,False,False,False,False,False,False,False,False,False,0,Follow Yaw,-77.9,0,128.6,128.6,False,False,False,False,False,,0,0,False,False,No Card,100,100,1024,1408,757,1024,2,False,False,False,False,False,0,False,False,False,False,68,,46.344,,6829,,10044,,46.344,,True,3.865,3.865,3.865,3.865,3.865,3.865,3.865,3.865,3.865,3.865,3.865,3.865,0,,False,False,True,,,,,,,,,,,,,,,False,False,18.808,,104.1,,75.7,,104.1,,1296,122,,22,7,142488.3,18998.44,,Idle,,20,,10,,,20,Go Home,False,False,False,False,False,False,False,False,False,False,False,False,33.8027920380556,-117.4659261431046,3980.7,3980.7,1049.4,396.9,True,1,1,False,False,False,False,,True,False,False,Course Lock,196.8,67,16.4,93,NW,S,1.78,11.4,Calm,False,False,Android,7.0.2,M300 RTK,1ZN7L4R0H1D00F,1W9DL31001461C,1ZMLH8300204F0,1Z6PH74DAP0QN7,"Corona, CA",728.3,5.7,137.7,8.547347,2.013246,0,0,DJI Matrice 300 RTK,M300 RTK,1ZN7L4R0H1D00F,1W9DL31001461C,1ZMLH8300204F0,1Z6PH74DAP0QN7,DJI Pilot,Android,7.0.2,1EF72A62-B7C3-C88D-164E-CE6F8C8424AE,1ZN7L4R0H1D00F,1W9DL31001461C,,1ZMLH8300204F0,1W9DL31001461C,,,,,
2023-11-01,11:34:26.34 AM,10m 4.0s,604.0,33.7947565671884,-117.4748103540067,-12.4,137.7,15.0,1251,5282.5,6.803387,7.569323,-4.921268,2.23694,4.697574,4.697574,0.447388,0.894776,-2.8,0.3,2.8,136.7,136.7,136.7,Tripod,Other,,20,5,True,,True,False,,Smart,RC,False,True,False,,,True,,False,False,False,False,False,False,False,False,False,False,0,Follow Yaw,-77.9,0,128.6,128.6,False,False,False,False,False,,0,0,False,False,No Card,100,100,1024,1408,755,1024,2,False,False,False,False,False,0,False,False,False,False,68,,46.308,,3390,,4986,,46.308,,True,3.865,3.865,3.865,3.865,3.865,3.865,3.865,3.865,3.865,3.865,3.865,3.865,0,,False,False,True,,,,,,,,,,,,,,,False,False,9.7,,104.0,,75.7,,104.1,,1296,122,,22,7,142488.3,18998.44,,Idle,,20,,10,,,20,Go Home,False,False,False,False,False,False,False,False,False,False,False,False,33.8027920380556,-117.4659261431046,3980.8,3980.8,1049.4,396.9,True,1,1,False,False,False,False,,True,False,False,Course Lock,196.8,67,16.4,93,NW,S,1.78,11.4,Calm,False,False,Android,7.0.2,M300 RTK,1ZN7L4R0H1D00F,1W9DL31001461C,1ZMLH8300204F0,1Z6PH74DAP0QN7,"Corona, CA",728.3,5.7,137.7,8.547347,2.013246,0,0,DJI Matrice 300 RTK,M300 RTK,1ZN7L4R0H1D00F,1W9DL31001461C,1ZMLH8300204F0,1Z6PH74DAP0QN7,DJI Pilot,Android,7.0.2,1EF72A62-B7C3-C88D-164E-CE6F8C8424AE,1ZN7L4R0H1D00F,1W9DL31001461C,,1ZMLH8300204F0,1W9DL31001461C,,,,,
2023-11-01,11:34:26.44 AM,10m 4.1s,604.1,33.7947545541893,-117.4748080580605,-12.7,137.7,15.0,1251,5283.5,6.803387,7.569323,-4.921268,2.23694,4.697574,4.697574,0.447388,0.894776,-3,0.3,3,136.7,136.7,136.5,Tripod,Other,,20,5,True,,True,False,,Smart,RC,False,True,False,,,True,,False,False,False,False,False,False,False,False,False,False,0,Follow Yaw,-77.9,0,128.6,128.6,False,False,False,False,False,,0,0,False,False,No Card,100,100,1024,1408,750,1024,2,False,False,False,False,False,0,False,False,False,False,68,,46.308,,3390,,4986,,46.308,,True,3.865,3.865,3.865,3.865,3.865,3.865,3.865,3.865,3.865,3.865,3.865,3.865,0,,False,False,True,,,,,,,,,,,,,,,False,False,9.7,,104.0,,75.7,,104.1,,1296,122,,22,7,142488.3,18998.44,,Idle,,20,,10,,,20,Go Home,False,False,False,False,False,False,False,False,False,False,False,False,33.8027920380556,-117.4659261431046,3980.9,3980.9,1049.4,396.9,True,1,1,False,False,False,False,,True,False,False,Course Lock,196.8,67,16.4,93,NW,S,1.78,11.4,Calm,False,False,Android,7.0.2,M300 RTK,1ZN7L4R0H1D00F,1W9DL31001461C,1ZMLH8300204F0,1Z6PH74DAP0QN7,"Corona, CA",728.3,5.7,137.7,8.547347,2.013246,0,0,DJI Matrice 300 RTK,M300 RTK,1ZN7L4R0H1D00F,1W9DL31001461C,1ZMLH8300204F0,1Z6PH74DAP0QN7,DJI Pilot,Android,7.0.2,1EF72A62-B7C3-C88D-164E-CE6F8C8424AE,1ZN7L4R0H1D00F,1W9DL31001461C,,1ZMLH8300204F0,1W9DL31001461C,,,,,
2023-11-01,11:34:26.54 AM,10m 4.2s,604.2,33.7947525104406,-117.4748057314833,-12.7,137.7,15.0,1251,5284.5,6.803387,7.569323,-4.921268,2.23694,4.697574,4.697574,0.447388,0.894776,-3.2,0.3,3.2,136.8,136.8,136.5,Tripod,Other,,21,5,True,,True,False,,Smart,RC,False,True,False,,,True,,False,False,False,False,False,False,False,False,False,False,0,Follow Yaw,-77.9,0,128.6,128.6,False,False,False,False,False,,0,0,False,False,No Card,100,100,1024,1408,750,1024,2,False,False,False,False,False,0,False,False,False,False,68,,46.308,,3390,,4986,,46.308,,True,3.865,3.865,3.865,3.865,3.865,3.865,3.865,3.865,3.865,3.865,3.865,3.865,0,,False,False,True,,,,,,,,,,,,,,,False,False,9.7,,104.0,,75.7,,104.1,,1296,122,,22,7,142488.3,18998.44,,Idle,,20,,10,,,20,Go Home,False,False,False,False,False,False,False,False,False,False,False,False,33.8027920380556,-117.4659261431046,3981.0,3981.0,1049.4,396.9,True,1,1,False,False,False,False,,True,False,False,Course Lock,196.8,67,16.4,93,NW,S,1.78,11.4,Calm,False,False,Android,7.0.2,M300 RTK,1ZN7L4R0H1D00F,1W9DL31001461C,1ZMLH8300204F0,1Z6PH74DAP0QN7,"Corona, CA",728.3,5.7,137.7,8.547347,2.013246,0,0,DJI Matrice 300 RTK,M300 RTK,1ZN7L4R0H1D00F,1W9DL31001461C,1ZMLH8300204F0,1Z6PH74DAP0QN7,DJI Pilot,Android,7.0.2,1EF72A62-B7C3-C88D-164E-CE6F8C8424AE,1ZN7L4R0H1D00F,1W9DL31001461C,,1ZMLH8300204F0,1W9DL31001461C,,,,,
2023-11-01,11:34:26.64 AM,10m 4.3s,604.3,33.7947505167805,-117.474803458236,-12.7,137.7,15.0,1251,5285.5,6.803387,7.569323,-4.921268,2.23694,4.697574,4.697574,0.447388,0.894776,-3.5,0.3,3.5,136.8,136.8,136.5,Tripod,Other,,21,5,True,,True,False,,Smart,RC,False,True,False,,,True,,False,False,False,False,False,False,False,False,False,False,0,Follow Yaw,-77.9,0,128.6,128.6,False,False,False,False,False,,0,0,False,False,No Card,100,100,1024,1402,752,1024,2,False,False,False,False,False,0,False,False,False,False,68,,46.308,,3390,,4986,,46.308,,True,3.864,3.864,3.864,3.864,3.864,3.864,3.864,3.864,3.864,3.864,3.864,3.864,0,,False,False,True,,,,,,,,,,,,,,,False,False,9.7,,104.0,,75.7,,104.1,,1296,122,,22,7,142280.9,18970.79,,Idle,,20,,10,,,20,Go Home,False,False,False,False,False,False,False,False,False,False,False,False,33.8027920380556,-117.4659261431046,3981.0,3981.0,1049.4,396.9,True,1,1,False,False,False,False,,True,False,False,Course Lock,196.8,67,16.4,93,NW,S,1.78,11.4,Calm,False,False,Android,7.0.2,M300 RTK,1ZN7L4R0H1D00F,1W9DL31001461C,1ZMLH8300204F0,1Z6PH74DAP0QN7,"Corona, CA",728.3,5.7,137.7,8.547347,2.013246,0,0,DJI Matrice 300 RTK,M300 RTK,1ZN7L4R0H1D00F,1W9DL31001461C,1ZMLH8300204F0,1Z6PH74DAP0QN7,DJI Pilot,Android,7.0.2,1EF72A62-B7C3-C88D-164E-CE6F8C8424AE,1ZN7L4R0H1D00F,1W9DL31001461C,,1ZMLH8300204F0,1W9DL31001461C,,,,,
2023-11-01,11:34:26.74 AM,10m 4.4s,604.4,33.7947484752569,-117.4748011292518,-12.7,137.7,15.0,1251,5286.6,6.803387,7.569323,-4.921268,2.23694,4.697574,4.697574,0.447388,0.894776,-3.9,0.3,3.9,136.9,136.9,136.5,Tripod,Other,,20,5,True,,True,False,,Smart,RC,False,True,False,,,True,,False,False,False,False,False,False,False,False,False,False,0,Follow Yaw,-77.9,0,128.6,128.6,False,False,False,False,False,,0,0,False,False,No Card,100,100,1024,1405,752,1024,2,False,False,False,False,False,0,False,False,False,False,68,,46.308,,3390,,4986,,46.308,,True,3.864,3.864,3.864,3.864,3.864,3.864,3.864,3.864,3.864,3.864,3.864,3.864,0,,False,False,True,,,,,,,,,,,,,,,False,False,9.7,,104.0,,75.7,,104.1,,1296,122,,22,7,142280.9,18970.79,,Idle,,20,,10,,,20,Go Home,False,False,False,False,False,False,False,False,False,False,False,False,33.8027920380556,-117.4659261431046,3981.1,3981.1,1049.4,396.9,True,1,1,False,False,False,False,,True,False,False,Course Lock,196.8,67,16.4,93,NW,S,1.78,11.4,Calm,False,False,Android,7.0.2,M300 RTK,1ZN7L4R0H1D00F,1W9DL31001461C,1ZMLH8300204F0,1Z6PH74DAP0QN7,"Corona, CA",728.3,5.7,137.7,8.547347,2.013246,0,0,DJI Matrice 300 RTK,M300 RTK,1ZN7L4R0H1D00F,1W9DL31001461C,1ZMLH8300204F0,1Z6PH74DAP0QN7,DJI Pilot,Android,7.0.2,1EF72A62-B7C3-C88D-164E-CE6F8C8424AE,1ZN7L4R0H1D00F,1W9DL31001461C,,1ZMLH8300204F0,1W9DL31001461C,,,,,
2023-11-01,11:34:26.84 AM,10m 4.5s,604.5,33.794746565688,-117.4747986864025,-13.1,137.7,15.4,1251,5287.6,6.96691,7.569323,-5.144962,2.23694,4.697574,4.697574,0.447388,0.894776,-3.9,0.4,3.9,136.9,136.9,133.2,Tripod,Other,,20,5,True,,True,False,,Smart,RC,False,True,False,,,True,,False,False,False,False,False,False,False,False,False,False,0,Follow Yaw,-77.9,0,128.6,128.6,False,False,False,False,False,,0,0,False,False,No Card,100,100,1024,1410,747,1024,2,False,False,False,False,False,0,False,False,False,False,68,,46.308,,3390,,4986,,46.308,,True,3.864,3.864,3.864,3.864,3.864,3.864,3.864,3.864,3.864,3.864,3.864,3.864,0,,False,False,True,,,,,,,,,,,,,,,False,False,9.7,,104.0,,75.7,,104.1,,1296,122,,22,7,142280.9,18970.79,,Idle,,20,,10,,,20,Go Home,False,False,False,False,False,False,False,False,False,False,False,False,33.8027920380556,-117.4659261431046,3981.1,3981.1,1049.4,396.9,True,1,1,False,False,False,False,,True,False,False,Course Lock,196.8,67,16.4,93,NW,S,1.78,11.4,Calm,False,False,Android,7.0.2,M300 RTK,1ZN7L4R0H1D00F,1W9DL31001461C,1ZMLH8300204F0,1Z6PH74DAP0QN7,"Corona, CA",728.3,5.7,137.7,8.547347,2.013246,0,0,DJI Matrice 300 RTK,M300 RTK,1ZN7L4R0H1D00F,1W9DL31001461C,1ZMLH8300204F0,1Z6PH74DAP0QN7,DJI Pilot,Android,7.0.2,1EF72A62-B7C3-C88D-164E-CE6F8C8424AE,1ZN7L4R0H1D00F,1W9DL31001461C,,1ZMLH8300204F0,1W9DL31001461C,,,,,
2023-11-01,11:34:26.94 AM,10m 4.6s,604.6,33.7947445060891,-117.47479633206,-13.1,137.7,15.4,1251,5288.6,6.96691,7.569323,-5.144962,2.23694,4.697574,4.697574,0.447388,0.894776,-3.1,0.3,3.1,136.9,136.9,136.4,Tripod,Other,,20,5,True,,True,False,,Smart,RC,False,True,False,,,True,,False,False,False,False,False,False,False,False,False,False,0,Follow Yaw,-77.9,0,128.6,128.6,False,False,False,False,False,,0,0,False,False,No Card,100,100,1024,1411,746,1024,2,False,False,False,False,False,0,False,False,False,False,68,,46.308,,3390,,4986,,46.308,,True,3.864,3.864,3.864,3.864,3.864,3.864,3.864,3.864,3.864,3.864,3.864,3.864,0,,False,False,True,,,,,,,,,,,,,,,False,False,9.7,,104.0,,75.7,,104.1,,1296,122,,22,7,142280.9,18970.79,,Idle,,20,,10,,,20,Go Home,False,False,False,False,False,False,False,False,False,False,False,False,33.8027920380556,-117.4659261431046,3981.2,3981.2,1049.4,396.9,True,1,1,False,False,False,False,,True,False,False,Course Lock,196.8,67,16.4,93,NW,S,1.78,11.4,Calm,False,False,Android,7.0.2,M300 RTK,1ZN7L4R0H1D00F,1W9DL31001461C,1ZMLH8300204F0,1Z6PH74DAP0QN7,"Corona, CA",728.3,5.7,137.7,8.547347,2.013246,0,0,DJI Matrice 300 RTK,M300 RTK,1ZN7L4R0H1D00F,1W9DL31001461C,1ZMLH8300204F0,1Z6PH74DAP0QN7,DJI Pilot,Android,7.0.2,1EF72A62-B7C3-C88D-164E-CE6F8C8424AE,1ZN7L4R0H1D00F,1W9DL31001461C,,1ZMLH8300204F0,1W9DL31001461C,,,,,
2023-11-01,11:34:27.04 AM,10m 4.7s,604.7,33.7947423604886,-117.474794075141,-13.1,137.7,15.0,1251,5289.7,6.96691,7.569323,-5.144962,2.23694,4.697574,4.697574,0.447388,0.894776,-2.4,0.1,2.4,136.8,136.8,138.8,Tripod,Other,,20,5,True,,True,False,,Smart,RC,False,True,False,,,True,,False,False,False,False,False,False,False,False,False,False,0,Follow Yaw,-77.9,0,128.6,128.6,False,False,False,False,False,,0,0,False,False,No Card,100,100,1024,1424,696,1024,2,False,False,False,False,False,0,False,False,False,False,68,,46.308,,3390,,4986,,46.308,,True,3.864,3.864,3.864,3.864,3.864,3.864,3.864,3.864,3.864,3.864,3.864,3.864,0,,False,False,True,,,,,,,,,,,,,,,False,False,9.7,,104.0,,75.7,,104.1,,1296,122,,22,7,142280.9,18970.79,,Idle,,20,,10,,,20,Go Home,False,False,False,False,False,False,False,False,False,False,False,False,33.8027920380556,-117.4659261431046,3981.3,3981.3,1049.4,396.9,True,1,1,False,False,False,False,,True,False,False,Course Lock,196.8,67,16.4,93,NW,S,1.78,11.4,Calm,False,False,Android,7.0.2,M300 RTK,1ZN7L4R0H1D00F,1W9DL31001461C,1ZMLH8300204F0,1Z6PH74DAP0QN7,"Corona, CA",728.3,5.7,137.7,8.547347,2.013246,0,0,DJI Matrice 300 RTK,M300 RTK,1ZN7L4R0H1D00F,1W9DL31001461C,1ZMLH8300204F0,1Z6PH74DAP0QN7,DJI Pilot,Android,7.0.2,1EF72A62-B7C3-C88D-164E-CE6F8C8424AE,1ZN7L4R0H1D00F,1W9DL31001461C,,1ZMLH8300204F0,1W9DL31001461C,,,,,
2023-11-01,11:34:27.14 AM,10m 4.8s,604.8,33.7947402796468,-117.4747917291997,-13.1,137.7,15.0,1251,5290.7,6.96691,7.569323,-5.144962,2.23694,4.697574,4.697574,0.447388,0.894776,-2,0,2,136.7,136.7,136.8,Tripod,Other,,20,5,True,,True,False,,Smart,RC,False,True,False,,,True,,False,False,False,False,False,False,False,False,False,False,0,Follow Yaw,-77.9,0,128.6,128.6,False,False,False,False,False,,0,0,False,False,No Card,100,100,1024,1424,696,1024,2,False,False,False,False,False,0,False,False,False,False,68,,46.308,,3390,,4986,,46.308,,True,3.864,3.864,3.864,3.864,3.864,3.864,3.864,3.864,3.864,3.864,3.864,3.864,0,,False,False,True,,,,,,,,,,,,,,,False,False,9.7,,104.0,,75.7,,104.1,,1296,122,,22,7,142280.9,18970.79,,Idle,,20,,10,,,20,Go Home,False,False,False,False,False,False,False,False,False,False,False,False,33.8027920380556,-117.4659261431046,3981.4,3981.4,1049.4,396.9,True,1,1,False,False,False,False,,True,False,False,Course Lock,196.8,67,16.4,93,NW,S,1.78,11.4,Calm,False,False,Android,7.0.2,M300 RTK,1ZN7L4R0H1D00F,1W9DL31001461C,1ZMLH8300204F0,1Z6PH74DAP0QN7,"Corona, CA",728.3,5.7,137.7,8.547347,2.013246,0,0,DJI Matrice 300 RTK,M300 RTK,1ZN7L4R0H1D00F,1W9DL31001461C,1ZMLH8300204F0,1Z6PH74DAP0QN7,DJI Pilot,Android,7.0.2,1EF72A62-B7C3-C88D-164E-CE6F8C8424AE,1ZN7L4R0H1D00F,1W9DL31001461C,,1ZMLH8300204F0,1W9DL31001461C,,,,,
2023-11-01,11:34:27.24 AM,10m 4.9s,604.9,33.794738158735,-117.4747893295266,-13.4,137.7,15.0,1250,5291.8,6.96691,7.569323,-5.144962,2.23694,4.697574,4.697574,0.447388,0.894776,-2,0,2,136.7,136.7,136.7,Tripod,Other,,20,5,True,,True,False,,Smart,RC,False,True,False,,,True,,False,False,False,False,False,False,False,False,False,False,0,Follow Yaw,-77.9,0,128.6,128.6,False,False,False,False,False,,0,0,False,False,No Card,100,100,1024,1426,697,1024,2,False,False,False,False,False,0,False,False,False,False,68,,46.308,,3390,,4986,,46.308,,True,3.864,3.864,3.864,3.864,3.864,3.864,3.864,3.864,3.864,3.864,3.864,3.864,0,,False,False,True,,,,,,,,,,,,,,,False,False,9.7,,104.0,,75.7,,104.1,,1296,122,,22,7,142280.9,18970.79,,Idle,,20,,10,,,20,Go Home,False,False,False,False,False,False,False,False,False,False,False,False,33.8027920380556,-117.4659261431046,3981.5,3981.5,1049.4,396.9,True,1,1,False,False,False,False,,True,False,False,Course Lock,196.8,67,16.4,93,NW,S,1.78,11.4,Calm,False,False,Android,7.0.2,M300 RTK,1ZN7L4R0H1D00F,1W9DL31001461C,1ZMLH8300204F0,1Z6PH74DAP0QN7,"Corona, CA",728.3,5.7,137.7,8.547347,2.013246,0,0,DJI Matrice 300 RTK,M300 RTK,1ZN7L4R0H1D00F,1W9DL31001461C,1ZMLH8300204F0,1Z6PH74DAP0QN7,DJI Pilot,Android,7.0.2,1EF72A62-B7C3-C88D-164E-CE6F8C8424AE,1ZN7L4R0H1D00F,1W9DL31001461C,,1ZMLH8300204F0,1W9DL31001461C,,,,,
2023-11-01,11:34:27.34 AM,10m 5.0s,605.0,33.7947360849863,-117.4747869829668,-13.4,137.7,15.0,1250,5292.8,6.96691,7.569323,-5.144962,2.23694,4.697574,4.697574,0.671082,0.894776,-2.2,0.3,2.2,136.8,136.8,136.7,Tripod,Other,,20,5,True,,True,False,,Smart,RC,False,True,False,,,True,,False,False,False,False,False,False,False,False,False,False,0,Follow Yaw,-77.9,0,128.6,128.6,False,False,False,False,False,,0,0,False,False,No Card,100,100,1024,1426,692,1024,2,False,False,False,False,False,0,False,False,False,False,68,,46.284,,6829,,10044,,46.284,,True,3.864,3.864,3.864,3.864,3.864,3.864,3.864,3.864,3.864,3.864,3.864,3.864,0,,False,False,True,,,,,,,,,,,,,,,False,False,18.918,,104.3,,75.7,,104.3,,1296,122,,22,7,142280.9,18970.79,,Idle,,20,,10,,,20,Go Home,False,False,False,False,False,False,False,False,False,False,False,False,33.8027920380556,-117.4659261431046,3981.5,3981.5,1049.4,396.9,True,1,1,False,False,False,False,,True,False,False,Course Lock,196.8,67,16.4,93,NW,S,1.78,11.4,Calm,False,False,Android,7.0.2,M300 RTK,1ZN7L4R0H1D00F,1W9DL31001461C,1ZMLH8300204F0,1Z6PH74DAP0QN7,"Corona, CA",728.3,5.7,137.7,8.547347,2.013246,0,0,DJI Matrice 300 RTK,M300 RTK,1ZN7L4R0H1D00F,1W9DL31001461C,1ZMLH8300204F0,1Z6PH74DAP0QN7,DJI Pilot,Android,7.0.2,1EF72A62-B7C3-C88D-164E-CE6F8C8424AE,1ZN7L4R0H1D00F,1W9DL31001461C,,1ZMLH8300204F0,1W9DL31001461C,,,,,
2023-11-01,11:34:27.44 AM,10m 5.1s,605.1,33.7947339277439,-117.4747844862876,-13.4,137.7,15.0,1250,5293.9,6.96691,7.569323,-5.144962,2.23694,4.697574,4.697574,0.671082,0.894776,-2.6,0.5,2.6,136.9,136.9,136.1,Tripod,Other,,20,5,True,,True,False,,Smart,RC,False,True,False,,,True,,False,False,False,False,False,False,False,False,False,False,0,Follow Yaw,-77.9,0,128.6,128.6,False,False,False,False,False,,0,0,False,False,No Card,100,100,1024,1426,692,1024,2,False,False,False,False,False,0,False,False,False,False,68,,46.284,,6829,,10044,,46.284,,True,3.864,3.864,3.864,3.864,3.864,3.864,3.864,3.864,3.864,3.864,3.864,3.864,0,,False,False,True,,,,,,,,,,,,,,,False,False,18.918,,104.3,,75.7,,104.3,,1296,122,,22,7,142280.9,18970.79,,Idle,,20,,10,,,20,Go Home,False,False,False,False,False,False,False,False,False,False,False,False,33.8027920380556,-117.4659261431046,3981.6,3981.6,1049.4,396.9,True,1,1,False,False,False,False,,True,False,False,Course Lock,196.8,67,16.4,93,NW,S,1.78,11.4,Calm,False,False,Android,7.0.2,M300 RTK,1ZN7L4R0H1D00F,1W9DL31001461C,1ZMLH8300204F0,1Z6PH74DAP0QN7,"Corona, CA",728.3,5.7,137.7,8.547347,2.013246,0,0,DJI Matrice 300 RTK,M300 RTK,1ZN7L4R0H1D00F,1W9DL31001461C,1ZMLH8300204F0,1Z6PH74DAP0QN7,DJI Pilot,Android,7.0.2,1EF72A62-B7C3-C88D-164E-CE6F8C8424AE,1ZN7L4R0H1D00F,1W9DL31001461C,,1ZMLH8300204F0,1W9DL31001461C,,,,,
2023-11-01,11:34:27.54 AM,10m 5.2s,605.2,33.7947318379072,-117.4747821562005,-13.4,137.7,15.0,1250,5294.9,6.96691,7.569323,-5.144962,2.23694,4.697574,4.697574,0.671082,0.894776,-3,0.2,3,136.9,136.9,137.1,Tripod,Other,,20,5,True,,True,False,,Smart,RC,False,True,False,,,True,,False,False,False,False,False,False,False,False,False,False,0,Follow Yaw,-77.9,0,128.6,128.6,False,False,False,False,False,,0,0,False,False,No Card,100,100,1024,1425,680,1024,2,False,False,False,False,False,0,False,False,False,False,68,,46.284,,6829,,10044,,46.284,,True,3.864,3.864,3.864,3.864,3.864,3.864,3.864,3.864,3.864,3.864,3.864,3.864,0,,False,False,True,,,,,,,,,,,,,,,False,False,18.918,,104.3,,75.7,,104.3,,1296,122,,22,7,142280.9,18970.79,,Idle,,20,,10,,,20,Go Home,False,False,False,False,False,False,False,False,False,False,False,False,33.8027920380556,-117.4659261431046,3981.7,3981.7,1049.4,396.9,True,1,1,False,False,False,False,,True,False,False,Course Lock,196.8,67,16.4,93,NW,S,1.78,11.4,Calm,False,False,Android,7.0.2,M300 RTK,1ZN7L4R0H1D00F,1W9DL31001461C,1ZMLH8300204F0,1Z6PH74DAP0QN7,"Corona, CA",728.3,5.7,137.7,8.547347,2.013246,0,0,DJI Matrice 300 RTK,M300 RTK,1ZN7L4R0H1D00F,1W9DL31001461C,1ZMLH8300204F0,1Z6PH74DAP0QN7,DJI Pilot,Android,7.0.2,1EF72A62-B7C3-C88D-164E-CE6F8C8424AE,1ZN7L4R0H1D00F,1W9DL31001461C,,1ZMLH8300204F0,1W9DL31001461C,,,,,
2023-11-01,11:34:27.62 AM,10m 5.3s,605.3,33.7947297167641,-117.4747800310212,-13.7,137.7,15.0,1250,5295.9,6.96691,7.569323,-5.144962,2.23694,4.697574,4.697574,0.671082,0.894776,-3.4,-0.1,3.4,136.7,136.7,140.2,Tripod,Other,,20,5,True,,True,False,,Smart,RC,False,True,False,,,True,,False,False,False,False,False,False,False,False,False,False,0,Follow Yaw,-77.9,0,128.6,128.6,False,False,False,False,False,,0,0,False,False,No Card,100,100,1024,1428,674,1024,2,False,False,False,False,False,0,False,False,False,False,68,,46.284,,6829,,10044,,46.284,,True,3.86,3.86,3.86,3.86,3.86,3.86,3.86,3.86,3.86,3.86,3.86,3.86,0,,False,False,True,,,,,,,,,,,,,,,False,False,18.918,,104.3,,75.7,,104.3,,1296,122,,22,7,142208.5,18961.14,,Idle,,20,,10,,,20,Go Home,False,False,False,False,False,False,False,False,False,False,False,False,33.8027920380556,-117.4659261431046,3981.8,3981.8,1049.4,396.9,True,1,1,False,False,False,False,,True,False,False,Course Lock,196.8,67,16.4,93,NW,S,1.78,11.4,Calm,False,False,Android,7.0.2,M300 RTK,1ZN7L4R0H1D00F,1W9DL31001461C,1ZMLH8300204F0,1Z6PH74DAP0QN7,"Corona, CA",728.3,5.7,137.7,8.547347,2.013246,0,0,DJI Matrice 300 RTK,M300 RTK,1ZN7L4R0H1D00F,1W9DL31001461C,1ZMLH8300204F0,1Z6PH74DAP0QN7,DJI Pilot,Android,7.0.2,1EF72A62-B7C3-C88D-164E-CE6F8C8424AE,1ZN7L4R0H1D00F,1W9DL31001461C,,1ZMLH8300204F0,1W9DL31001461C,,,,,
2023-11-01,11:34:27.73 AM,10m 5.4s,605.4,33.7947276131868,-117.4747777145204,-13.7,137.7,15.0,1250,5297.0,6.96691,7.569323,-5.144962,2.23694,4.697574,4.697574,0.671082,0.894776,-3.7,-0.3,3.7,136.6,136.6,137.5,Tripod,Other,,20,5,True,,True,False,,Smart,RC,False,True,False,,,True,,False,False,False,False,False,False,False,False,False,False,0,Follow Yaw,-77.9,0,128.6,128.6,False,False,False,False,False,,0,0,False,False,No Card,100,100,1024,1426,676,1024,2,False,False,False,False,False,0,False,False,False,False,68,,46.284,,6829,,10044,,46.284,,True,3.86,3.86,3.86,3.86,3.86,3.86,3.86,3.86,3.86,3.86,3.86,3.86,0,,False,False,True,,,,,,,,,,,,,,,False,False,18.918,,104.3,,75.7,,104.3,,1296,122,,22,7,142208.5,18961.14,,Idle,,20,,10,,,20,Go Home,False,False,False,False,False,False,False,False,False,False,False,False,33.8027920380556,-117.4659261431046,3981.9,3981.9,1049.4,396.9,True,1,1,False,False,False,False,,True,False,False,Course Lock,196.8,67,16.4,93,NW,S,1.78,11.4,Calm,False,False,Android,7.0.2,M300 RTK,1ZN7L4R0H1D00F,1W9DL31001461C,1ZMLH8300204F0,1Z6PH74DAP0QN7,"Corona, CA",728.3,5.7,137.7,8.547347,2.013246,0,0,DJI Matrice 300 RTK,M300 RTK,1ZN7L4R0H1D00F,1W9DL31001461C,1ZMLH8300204F0,1Z6PH74DAP0QN7,DJI Pilot,Android,7.0.2,1EF72A62-B7C3-C88D-164E-CE6F8C8424AE,1ZN7L4R0H1D00F,1W9DL31001461C,,1ZMLH8300204F0,1W9DL31001461C,,,,,
2023-11-01,11:34:27.84 AM,10m 5.5s,605.5,33.7947254312084,-117.4747751878441,-13.7,137.7,15.0,1250,5298.1,6.96691,7.569323,-5.144962,2.23694,4.697574,4.697574,0.671082,0.894776,-3.9,-0.4,3.9,136.5,136.5,136.1,Tripod,Other,,20,5,True,,True,False,,Smart,RC,False,True,False,,,True,,False,False,False,False,False,False,False,False,False,False,0,Follow Yaw,-77.9,0,128.6,128.6,False,False,False,False,False,,0,0,False,False,No Card,100,100,1024,1425,675,1024,2,False,False,False,False,False,0,False,False,False,False,68,,46.284,,6829,,10044,,46.284,,True,3.86,3.86,3.86,3.86,3.86,3.86,3.86,3.86,3.86,3.86,3.86,3.86,0,,False,False,True,,,,,,,,,,,,,,,False,False,18.918,,104.3,,75.7,,104.3,,1296,122,,22,7,142208.5,18961.14,,Idle,,20,,10,,,20,Go Home,False,False,False,False,False,False,False,False,False,False,False,False,33.8027920380556,-117.4659261431046,3982.0,3982.0,1049.4,396.9,True,1,1,False,False,False,False,,True,False,False,Course Lock,196.8,67,16.4,93,NW,S,1.78,11.4,Calm,False,False,Android,7.0.2,M300 RTK,1ZN7L4R0H1D00F,1W9DL31001461C,1ZMLH8300204F0,1Z6PH74DAP0QN7,"Corona, CA",728.3,5.7,137.7,8.547347,2.013246,0,0,DJI Matrice 300 RTK,M300 RTK,1ZN7L4R0H1D00F,1W9DL31001461C,1ZMLH8300204F0,1Z6PH74DAP0QN7,DJI Pilot,Android,7.0.2,1EF72A62-B7C3-C88D-164E-CE6F8C8424AE,1ZN7L4R0H1D00F,1W9DL31001461C,,1ZMLH8300204F0,1W9DL31001461C,,,,,
2023-11-01,11:34:27.93 AM,10m 5.6s,605.6,33.7947233152396,-117.4747728109471,-14.1,137.7,15.0,1250,5299.1,6.96691,7.569323,-5.144962,2.23694,4.697574,4.697574,0.671082,0.894776,-3.8,-0.2,3.8,136.5,136.5,136.9,Tripod,Other,,20,5,True,,True,False,,Smart,RC,False,True,False,,,True,,False,False,False,False,False,False,False,False,False,False,0,Follow Yaw,-77.9,0,128.6,128.6,False,False,False,False,False,,0,0,False,False,No Card,100,100,1024,1427,674,1024,2,False,False,False,False,False,0,False,False,False,False,68,,46.284,,6829,,10044,,46.284,,True,3.86,3.86,3.86,3.86,3.86,3.86,3.86,3.86,3.86,3.86,3.86,3.86,0,,False,False,True,,,,,,,,,,,,,,,False,False,18.918,,104.3,,75.7,,104.3,,1296,122,,22,7,142208.5,18961.14,,Idle,,20,,10,,,20,Go Home,False,False,False,False,False,False,False,False,False,False,False,False,33.8027920380556,-117.4659261431046,3982.1,3982.1,1049.4,396.9,True,1,1,False,False,False,False,,True,False,False,Course Lock,196.8,67,16.4,93,NW,S,1.78,11.4,Calm,False,False,Android,7.0.2,M300 RTK,1ZN7L4R0H1D00F,1W9DL31001461C,1ZMLH8300204F0,1Z6PH74DAP0QN7,"Corona, CA",728.3,5.7,137.7,8.547347,2.013246,0,0,DJI Matrice 300 RTK,M300 RTK,1ZN7L4R0H1D00F,1W9DL31001461C,1ZMLH8300204F0,1Z6PH74DAP0QN7,DJI Pilot,Android,7.0.2,1EF72A62-B7C3-C88D-164E-CE6F8C8424AE,1ZN7L4R0H1D00F,1W9DL31001461C,,1ZMLH8300204F0,1W9DL31001461C,,,,,
2023-11-01,11:34:28.04 AM,10m 5.7s,605.7,33.7947212139494,-117.4747703427394,-14.1,137.7,15.0,1250,5300.2,6.96691,7.569323,-5.144962,2.23694,4.697574,4.697574,0.671082,0.894776,-3.7,0.2,3.7,136.6,136.6,135.6,Tripod,Other,,20,5,True,,True,False,,Smart,RC,False,True,False,,,True,,False,False,False,False,False,False,False,False,False,False,0,Follow Yaw,-77.9,0,128.6,128.6,False,False,False,False,False,,0,0,False,False,No Card,100,100,1024,1425,670,1024,2,False,False,False,False,False,0,False,False,False,False,68,,46.284,,6829,,10044,,46.284,,True,3.86,3.86,3.86,3.86,3.86,3.86,3.86,3.86,3.86,3.86,3.86,3.86,0,,False,False,True,,,,,,,,,,,,,,,False,False,18.918,,104.3,,75.7,,104.3,,1296,122,,22,7,142208.5,18961.14,,Idle,,20,,10,,,20,Go Home,False,False,False,False,False,False,False,False,False,False,False,False,33.8027920380556,-117.4659261431046,3982.1,3982.1,1049.4,396.9,True,1,1,False,False,False,False,,True,False,False,Course Lock,196.8,67,16.4,93,NW,S,1.56,11.4,Calm,False,False,Android,7.0.2,M300 RTK,1ZN7L4R0H1D00F,1W9DL31001461C,1ZMLH8300204F0,1Z6PH74DAP0QN7,"Corona, CA",728.3,5.7,137.7,8.547347,2.013246,0,0,DJI Matrice 300 RTK,M300 RTK,1ZN7L4R0H1D00F,1W9DL31001461C,1ZMLH8300204F0,1Z6PH74DAP0QN7,DJI Pilot,Android,7.0.2,1EF72A62-B7C3-C88D-164E-CE6F8C8424AE,1ZN7L4R0H1D00F,1W9DL31001461C,,1ZMLH8300204F0,1W9DL31001461C,,,,,
2023-11-01,11:34:28.14 AM,10m 5.8s,605.8,33.7947190882447,-117.4747679164916,-14.4,137.7,15.0,1249,5301.3,7.119656,7.569323,-5.144962,2.23694,4.921268,4.921268,0.671082,0.894776,-3.5,0.5,3.5,136.7,136.7,136.5,Tripod,Other,,20,5,True,,True,False,,Smart,RC,False,True,False,,,True,,False,False,False,False,False,False,False,False,False,False,0,Follow Yaw,-77.9,0,128.6,128.6,False,False,False,False,False,,0,0,False,False,No Card,100,100,1024,1427,662,1024,2,False,False,False,False,False,0,False,False,False,False,68,,46.248,,3390,,4986,,46.248,,True,3.86,3.86,3.86,3.86,3.86,3.86,3.86,3.86,3.86,3.86,3.86,3.86,0,,False,False,True,,,,,,,,,,,,,,,False,False,9.302,,104.0,,75.7,,104.3,,1296,122,,22,7,142208.5,18961.14,,Idle,,20,,10,,,20,Go Home,False,False,False,False,False,False,False,False,False,False,False,False,33.8027920380556,-117.4659261431046,3982.2,3982.2,1049.4,396.9,True,1,1,False,False,False,False,,True,False,False,Course Lock,196.8,67,16.4,93,NW,S,1.56,11.4,Calm,False,False,Android,7.0.2,M300 RTK,1ZN7L4R0H1D00F,1W9DL31001461C,1ZMLH8300204F0,1Z6PH74DAP0QN7,"Corona, CA",728.3,5.7,137.7,8.547347,2.013246,0,0,DJI Matrice 300 RTK,M300 RTK,1ZN7L4R0H1D00F,1W9DL31001461C,1ZMLH8300204F0,1Z6PH74DAP0QN7,DJI Pilot,Android,7.0.2,1EF72A62-B7C3-C88D-164E-CE6F8C8424AE,1ZN7L4R0H1D00F,1W9DL31001461C,,1ZMLH8300204F0,1W9DL31001461C,,,,,
2023-11-01,11:34:28.25 AM,10m 5.9s,605.9,33.7947168506181,-117.474765468988,-14.4,137.7,15.0,1249,5302.4,7.119656,7.569323,-5.144962,2.23694,4.921268,4.921268,0.671082,0.894776,-3.2,0.6,3.2,136.7,136.7,137.7,Tripod,Other,,20,5,True,,True,False,,Smart,RC,False,True,False,,,True,,False,False,False,False,False,False,False,False,False,False,0,Follow Yaw,-77.9,0,128.6,128.6,False,False,False,False,False,,0,0,False,False,No Card,100,100,1024,1427,656,1024,2,False,False,False,False,False,0,False,False,False,False,68,,46.248,,3390,,4986,,46.248,,True,3.86,3.86,3.86,3.86,3.86,3.86,3.86,3.86,3.86,3.86,3.86,3.86,0,,False,False,True,,,,,,,,,,,,,,,False,False,9.302,,104.0,,75.7,,104.3,,1296,122,,22,7,142208.5,18961.14,,Idle,,20,,10,,,20,Go Home,False,False,False,False,False,False,False,False,False,False,False,False,33.8027920380556,-117.4659261431046,3982.3,3982.3,1049.4,396.9,True,1,1,False,False,False,False,,True,False,False,Course Lock,196.8,67,16.4,93,NW,S,1.56,11.4,Calm,False,False,Android,7.0.2,M300 RTK,1ZN7L4R0H1D00F,1W9DL31001461C,1ZMLH8300204F0,1Z6PH74DAP0QN7,"Corona, CA",728.3,5.7,137.7,8.547347,2.013246,0,0,DJI Matrice 300 RTK,M300 RTK,1ZN7L4R0H1D00F,1W9DL31001461C,1ZMLH8300204F0,1Z6PH74DAP0QN7,DJI Pilot,Android,7.0.2,1EF72A62-B7C3-C88D-164E-CE6F8C8424AE,1ZN7L4R0H1D00F,1W9DL31001461C,,1ZMLH8300204F0,1W9DL31001461C,,,,,
2023-11-01,11:34:28.35 AM,10m 6.0s,606.0,33.7947146961127,-117.474763040163,-14.4,137.7,15.0,1249,5303.5,7.119656,7.569323,-5.144962,2.23694,4.921268,4.921268,0.671082,0.894776,-3.2,0.2,3.2,136.7,136.7,136.8,Tripod,Other,,19,5,True,,True,False,,Smart,RC,False,True,False,,,True,,False,False,False,False,False,False,False,False,False,False,0,Follow Yaw,-77.9,0,128.6,128.6,False,False,False,False,False,,0,0,False,False,No Card,100,100,1024,1425,656,1024,2,False,False,False,False,False,0,False,False,False,False,68,,46.308,,6829,,10044,,46.308,,True,3.86,3.86,3.86,3.86,3.86,3.86,3.86,3.86,3.86,3.86,3.86,3.86,0,,False,False,True,,,,,,,,,,,,,,,False,False,18.53,,104.3,,75.7,,104.3,,1296,122,,22,7,142208.5,18961.14,,Idle,,20,,10,,,20,Go Home,False,False,False,False,False,False,False,False,False,False,False,False,33.8027920380556,-117.4659261431046,3982.4,3982.4,1049.4,396.9,True,1,1,False,False,False,False,,True,False,False,Course Lock,196.8,67,16.4,93,NW,S,1.56,11.4,Calm,False,False,Android,7.0.2,M300 RTK,1ZN7L4R0H1D00F,1W9DL31001461C,1ZMLH8300204F0,1Z6PH74DAP0QN7,"Corona, CA",728.3,5.7,137.7,8.547347,2.013246,0,0,DJI Matrice 300 RTK,M300 RTK,1ZN7L4R0H1D00F,1W9DL31001461C,1ZMLH8300204F0,1Z6PH74DAP0QN7,DJI Pilot,Android,7.0.2,1EF72A62-B7C3-C88D-164E-CE6F8C8424AE,1ZN7L4R0H1D00F,1W9DL31001461C,,1ZMLH8300204F0,1W9DL31001461C,,,,,
2023-11-01,11:34:28.45 AM,10m 6.1s,606.1,33.7947124415287,-117.4747607433459,-14.7,137.7,15.0,1249,5304.5,7.119656,7.569323,-5.144962,2.23694,4.921268,4.921268,0.671082,0.894776,-3.6,-0.2,3.6,136.7,136.7,139.7,Tripod,Other,,19,5,True,,True,False,,Smart,RC,False,True,False,,,True,,False,False,False,False,False,False,False,False,False,False,0,Follow Yaw,-77.9,0,128.6,128.6,False,False,False,False,False,,0,0,False,False,No Card,100,100,1024,1425,656,1024,2,False,False,False,False,False,0,False,False,False,False,68,,46.308,,6829,,10044,,46.308,,True,3.86,3.86,3.86,3.86,3.86,3.86,3.86,3.86,3.86,3.86,3.86,3.86,0,,False,False,True,,,,,,,,,,,,,,,False,False,18.53,,104.3,,75.7,,104.3,,1296,122,,22,7,142208.5,18961.14,,Idle,,20,,10,,,20,Go Home,False,False,False,False,False,False,False,False,False,False,False,False,33.8027920380556,-117.4659261431046,3982.6,3982.6,1049.4,396.9,True,1,1,False,False,False,False,,True,False,False,Course Lock,196.8,67,16.4,93,NW,S,1.56,11.4,Calm,False,False,Android,7.0.2,M300 RTK,1ZN7L4R0H1D00F,1W9DL31001461C,1ZMLH8300204F0,1Z6PH74DAP0QN7,"Corona, CA",728.3,5.7,137.7,8.547347,2.013246,0,0,DJI Matrice 300 RTK,M300 RTK,1ZN7L4R0H1D00F,1W9DL31001461C,1ZMLH8300204F0,1Z6PH74DAP0QN7,DJI Pilot,Android,7.0.2,1EF72A62-B7C3-C88D-164E-CE6F8C8424AE,1ZN7L4R0H1D00F,1W9DL31001461C,,1ZMLH8300204F0,1W9DL31001461C,,,,,
2023-11-01,11:34:28.55 AM,10m 6.2s,606.2,33.794710262116,-117.4747583220975,-14.7,137.7,15.0,1249,5305.6,7.282948,7.569323,-5.368656,2.23694,4.921268,4.921268,0.894776,0.894776,-4,-0.3,4,136.7,136.7,137.2,Tripod,Other,,20,5,True,,True,False,,Smart,RC,False,True,False,,,True,,False,False,False,False,False,False,False,False,False,False,0,Follow Yaw,-77.9,0,128.6,128.6,False,False,False,False,False,,0,0,False,False,No Card,100,100,1024,1426,653,1024,2,False,False,False,False,False,0,False,False,False,False,68,,46.308,,6829,,10044,,46.308,,True,3.86,3.86,3.86,3.86,3.86,3.86,3.86,3.86,3.86,3.86,3.86,3.86,0,,False,False,True,,,,,,,,,,,,,,,False,False,18.53,,104.3,,75.7,,104.3,,1296,122,,22,7,142208.5,18961.14,,Idle,,20,,10,,,20,Go Home,False,False,False,False,False,False,False,False,False,False,False,False,33.8027920380556,-117.4659261431046,3982.7,3982.7,1049.4,396.9,True,1,1,False,False,False,False,,True,False,False,Course Lock,196.8,67,16.4,93,NW,S,1.56,11.4,Calm,False,False,Android,7.0.2,M300 RTK,1ZN7L4R0H1D00F,1W9DL31001461C,1ZMLH8300204F0,1Z6PH74DAP0QN7,"Corona, CA",728.3,5.7,137.7,8.547347,2.013246,0,0,DJI Matrice 300 RTK,M300 RTK,1ZN7L4R0H1D00F,1W9DL31001461C,1ZMLH8300204F0,1Z6PH74DAP0QN7,DJI Pilot,Android,7.0.2,1EF72A62-B7C3-C88D-164E-CE6F8C8424AE,1ZN7L4R0H1D00F,1W9DL31001461C,,1ZMLH8300204F0,1W9DL31001461C,,,,,
2023-11-01,11:34:28.66 AM,10m 6.3s,606.3,33.7947081905646,-117.4747559435151,-14.7,137.7,14.7,1249,5306.7,7.282948,7.569323,-5.368656,2.23694,4.921268,4.921268,0.894776,0.894776,-4.1,-0.1,4.1,136.7,136.7,136.3,Tripod,Other,,20,5,True,,True,False,,Smart,RC,False,True,False,,,True,,False,False,False,False,False,False,False,False,False,False,0,Follow Yaw,-77.9,0,128.6,128.6,False,False,False,False,False,,0,0,False,False,No Card,100,100,1024,1425,652,1024,2,False,False,False,False,False,0,False,False,False,False,68,,46.308,,6829,,10044,,46.308,,True,3.858,3.858,3.858,3.858,3.858,3.858,3.858,3.858,3.858,3.858,3.858,3.858,0,,False,False,True,,,,,,,,,,,,,,,False,False,18.53,,104.3,,75.7,,104.3,,1296,122,,22,7,142132.2,18950.97,,Idle,,20,,10,,,20,Go Home,False,False,False,False,False,False,False,False,False,False,False,False,33.8027920380556,-117.4659261431046,3982.7,3982.7,1049.4,396.9,True,1,1,False,False,False,False,,True,False,False,Course Lock,196.8,67,16.4,93,NW,S,1.56,11.4,Calm,False,False,Android,7.0.2,M300 RTK,1ZN7L4R0H1D00F,1W9DL31001461C,1ZMLH8300204F0,1Z6PH74DAP0QN7,"Corona, CA",728.3,5.7,137.7,8.547347,2.013246,0,0,DJI Matrice 300 RTK,M300 RTK,1ZN7L4R0H1D00F,1W9DL31001461C,1ZMLH8300204F0,1Z6PH74DAP0QN7,DJI Pilot,Android,7.0.2,1EF72A62-B7C3-C88D-164E-CE6F8C8424AE,1ZN7L4R0H1D00F,1W9DL31001461C,,1ZMLH8300204F0,1W9DL31001461C,,,,,
2023-11-01,11:34:28.76 AM,10m 6.4s,606.4,33.7947059879538,-117.4747535020316,-15.0,137.7,14.7,1249,5307.8,7.282948,7.569323,-5.368656,2.23694,4.921268,4.921268,0.894776,0.894776,-4.2,0,4.2,136.6,136.6,137.3,Tripod,Other,,20,5,True,,True,False,,Smart,RC,False,True,False,,,True,,False,False,False,False,False,False,False,False,False,False,0,Follow Yaw,-77.9,0,128.6,128.6,False,False,False,False,False,,0,0,False,False,No Card,100,100,1024,1427,648,1024,2,False,False,False,False,False,0,False,False,False,False,68,,46.308,,6829,,10044,,46.308,,True,3.858,3.858,3.858,3.858,3.858,3.858,3.858,3.858,3.858,3.858,3.858,3.858,0,,False,False,True,,,,,,,,,,,,,,,False,False,18.53,,104.3,,75.7,,104.3,,1296,122,,22,7,142132.2,18950.97,,Idle,,20,,10,,,20,Go Home,False,False,False,False,False,False,False,False,False,False,False,False,33.8027920380556,-117.4659261431046,3982.8,3982.8,1049.4,396.9,True,1,1,False,False,False,False,,True,False,False,Course Lock,196.8,67,16.4,93,NW,S,1.56,11.4,Calm,False,False,Android,7.0.2,M300 RTK,1ZN7L4R0H1D00F,1W9DL31001461C,1ZMLH8300204F0,1Z6PH74DAP0QN7,"Corona, CA",728.3,5.7,137.7,8.547347,2.013246,0,0,DJI Matrice 300 RTK,M300 RTK,1ZN7L4R0H1D00F,1W9DL31001461C,1ZMLH8300204F0,1Z6PH74DAP0QN7,DJI Pilot,Android,7.0.2,1EF72A62-B7C3-C88D-164E-CE6F8C8424AE,1ZN7L4R0H1D00F,1W9DL31001461C,,1ZMLH8300204F0,1W9DL31001461C,,,,,
2023-11-01,11:34:28.86 AM,10m 6.5s,606.5,33.7947036284811,-117.4747509358798,-15.0,137.7,14.7,1249,5308.9,7.282948,7.569323,-5.368656,2.23694,4.921268,4.921268,0.894776,0.894776,-3.8,0,3.8,136.6,136.6,137.8,Tripod,Other,,20,5,True,,True,False,,Smart,RC,False,True,False,,,True,,False,False,False,False,False,False,False,False,False,False,0,Follow Yaw,-77.9,0,128.6,128.6,False,False,False,False,False,,0,0,False,False,No Card,100,100,1024,1426,649,1024,2,False,False,False,False,False,0,False,False,False,False,68,,46.308,,6829,,10044,,46.308,,True,3.858,3.858,3.858,3.858,3.858,3.858,3.858,3.858,3.858,3.858,3.858,3.858,0,,False,False,True,,,,,,,,,,,,,,,False,False,18.53,,104.3,,75.7,,104.3,,1296,122,,22,7,142132.2,18950.97,,Idle,,20,,10,,,20,Go Home,False,False,False,False,False,False,False,False,False,False,False,False,33.8027920380556,-117.4659261431046,3982.9,3982.9,1049.4,396.9,True,1,1,False,False,False,False,,True,False,False,Course Lock,196.8,67,16.4,93,NW,S,1.56,11.4,Calm,False,False,Android,7.0.2,M300 RTK,1ZN7L4R0H1D00F,1W9DL31001461C,1ZMLH8300204F0,1Z6PH74DAP0QN7,"Corona, CA",728.3,5.7,137.7,8.547347,2.013246,0,0,DJI Matrice 300 RTK,M300 RTK,1ZN7L4R0H1D00F,1W9DL31001461C,1ZMLH8300204F0,1Z6PH74DAP0QN7,DJI Pilot,Android,7.0.2,1EF72A62-B7C3-C88D-164E-CE6F8C8424AE,1ZN7L4R0H1D00F,1W9DL31001461C,,1ZMLH8300204F0,1W9DL31001461C,,,,,
2023-11-01,11:34:28.97 AM,10m 6.6s,606.6,33.7947013815384,-117.4747484619459,-15.4,137.7,14.4,1248,5310.0,7.282948,7.569323,-5.368656,2.23694,4.921268,4.921268,0.894776,0.894776,-3.1,0,3.1,136.6,136.6,137.5,Tripod,Other,,21,5,True,,True,False,,Smart,RC,False,True,False,,,True,,False,False,False,False,False,False,False,False,False,False,0,Follow Yaw,-77.9,0,128.6,128.6,False,False,False,False,False,,0,0,False,False,No Card,100,100,1024,1428,646,1024,2,False,False,False,False,False,0,False,False,False,False,68,,46.308,,6829,,10044,,46.308,,True,3.858,3.858,3.858,3.858,3.858,3.858,3.858,3.858,3.858,3.858,3.858,3.858,0,,False,False,True,,,,,,,,,,,,,,,False,False,18.53,,104.3,,75.7,,104.3,,1296,122,,22,7,142132.2,18950.97,,Idle,,20,,10,,,20,Go Home,False,False,False,False,False,False,False,False,False,False,False,False,33.8027920380556,-117.4659261431046,3983.0,3983.0,1049.4,396.9,True,1,1,False,False,False,False,,True,False,False,Course Lock,196.8,67,16.4,93,NW,S,1.56,11.4,Calm,False,False,Android,7.0.2,M300 RTK,1ZN7L4R0H1D00F,1W9DL31001461C,1ZMLH8300204F0,1Z6PH74DAP0QN7,"Corona, CA",728.3,5.7,137.7,8.547347,2.013246,0,0,DJI Matrice 300 RTK,M300 RTK,1ZN7L4R0H1D00F,1W9DL31001461C,1ZMLH8300204F0,1Z6PH74DAP0QN7,DJI Pilot,Android,7.0.2,1EF72A62-B7C3-C88D-164E-CE6F8C8424AE,1ZN7L4R0H1D00F,1W9DL31001461C,,1ZMLH8300204F0,1W9DL31001461C,,,,,
2023-11-01,11:34:29.07 AM,10m 6.7s,606.7,33.7946992444702,-117.4747460824976,-15.4,137.7,14.4,1248,5311.1,7.282948,7.569323,-5.368656,2.23694,4.921268,4.921268,0.894776,0.894776,-2.8,0,2.8,136.6,136.6,137.2,Tripod,Other,,21,5,True,,True,False,,Smart,RC,False,True,False,,,True,,False,False,False,False,False,False,False,False,False,False,0,Follow Yaw,-77.9,0,128.6,128.6,False,False,False,False,False,,0,0,False,False,No Card,100,100,1024,1427,646,1024,2,False,False,False,False,False,0,False,False,False,False,68,,46.308,,6829,,10044,,46.308,,True,3.858,3.858,3.858,3.858,3.858,3.858,3.858,3.858,3.858,3.858,3.858,3.858,0,,False,False,True,,,,,,,,,,,,,,,False,False,18.53,,104.3,,75.7,,104.3,,1296,122,,22,7,142132.2,18950.97,,Idle,,20,,10,,,20,Go Home,False,False,False,False,False,False,False,False,False,False,False,False,33.8027920380556,-117.4659261431046,3983.1,3983.1,1049.4,396.9,True,1,1,False,False,False,False,,True,False,False,Course Lock,196.8,67,16.4,93,NW,S,1.56,11.4,Calm,False,False,Android,7.0.2,M300 RTK,1ZN7L4R0H1D00F,1W9DL31001461C,1ZMLH8300204F0,1Z6PH74DAP0QN7,"Corona, CA",728.3,5.7,137.7,8.547347,2.013246,0,0,DJI Matrice 300 RTK,M300 RTK,1ZN7L4R0H1D00F,1W9DL31001461C,1ZMLH8300204F0,1Z6PH74DAP0QN7,DJI Pilot,Android,7.0.2,1EF72A62-B7C3-C88D-164E-CE6F8C8424AE,1ZN7L4R0H1D00F,1W9DL31001461C,,1ZMLH8300204F0,1W9DL31001461C,,,,,
2023-11-01,11:34:29.17 AM,10m 6.8s,606.8,33.7946969927388,-117.4747436106459,-15.7,137.7,14.4,1248,5312.2,7.282948,7.569323,-5.368656,2.23694,4.921268,4.921268,0.894776,0.894776,-2.5,0,2.5,136.6,136.6,137.6,Tripod,Other,,21,5,True,,True,False,,Smart,RC,False,True,False,,,True,,False,False,False,False,False,False,False,False,False,False,0,Follow Yaw,-77.9,0,128.6,128.6,False,False,False,False,False,,0,0,False,False,No Card,100,100,1024,1427,645,1024,2,False,False,False,False,False,0,False,False,False,False,68,,46.308,,6829,,10044,,46.308,,True,3.858,3.858,3.858,3.858,3.858,3.858,3.858,3.858,3.858,3.858,3.858,3.858,0,,False,False,True,,,,,,,,,,,,,,,False,False,18.53,,104.3,,75.7,,104.3,,1296,122,,22,7,142132.2,18950.97,,Idle,,20,,10,,,20,Go Home,False,False,False,False,False,False,False,False,False,False,False,False,33.8027920380556,-117.4659261431046,3983.2,3983.2,1049.4,396.9,True,1,1,False,False,False,False,,True,False,False,Course Lock,196.8,67,16.4,93,NW,S,1.56,11.4,Calm,False,False,Android,7.0.2,M300 RTK,1ZN7L4R0H1D00F,1W9DL31001461C,1ZMLH8300204F0,1Z6PH74DAP0QN7,"Corona, CA",728.3,5.7,137.7,8.547347,2.013246,0,0,DJI Matrice 300 RTK,M300 RTK,1ZN7L4R0H1D00F,1W9DL31001461C,1ZMLH8300204F0,1Z6PH74DAP0QN7,DJI Pilot,Android,7.0.2,1EF72A62-B7C3-C88D-164E-CE6F8C8424AE,1ZN7L4R0H1D00F,1W9DL31001461C,,1ZMLH8300204F0,1W9DL31001461C,,,,,
2023-11-01,11:34:29.28 AM,10m 6.9s,606.9,33.7946949602937,-117.474741328951,-15.7,137.7,14.4,1248,5313.2,7.282948,7.569323,-5.368656,2.23694,4.921268,4.921268,0.894776,0.894776,-2.1,0.1,2.1,136.6,136.6,136.9,Tripod,Other,,21,5,True,,True,False,,Smart,RC,False,True,False,,,True,,False,False,False,False,False,False,False,False,False,False,0,Follow Yaw,-77.9,0,128.6,128.6,False,False,False,False,False,,0,0,False,False,No Card,100,100,1024,1427,645,1024,2,False,False,False,False,False,0,False,False,False,False,68,,46.308,,3390,,4986,,46.308,,True,3.858,3.858,3.858,3.858,3.858,3.858,3.858,3.858,3.858,3.858,3.858,3.858,0,,False,False,True,,,,,,,,,,,,,,,False,False,9.09,,104.1,,75.7,,104.3,,1296,122,,22,7,142132.2,18950.97,,Idle,,20,,10,,,20,Go Home,False,False,False,False,False,False,False,False,False,False,False,False,33.8027920380556,-117.4659261431046,3983.3,3983.3,1049.4,396.9,True,1,1,False,False,False,False,,True,False,False,Course Lock,196.8,67,16.4,93,NW,S,1.56,11.4,Calm,False,False,Android,7.0.2,M300 RTK,1ZN7L4R0H1D00F,1W9DL31001461C,1ZMLH8300204F0,1Z6PH74DAP0QN7,"Corona, CA",728.3,5.7,137.7,8.547347,2.013246,0,0,DJI Matrice 300 RTK,M300 RTK,1ZN7L4R0H1D00F,1W9DL31001461C,1ZMLH8300204F0,1Z6PH74DAP0QN7,DJI Pilot,Android,7.0.2,1EF72A62-B7C3-C88D-164E-CE6F8C8424AE,1ZN7L4R0H1D00F,1W9DL31001461C,,1ZMLH8300204F0,1W9DL31001461C,,,,,
2023-11-01,11:34:29.34 AM,10m 7.0s,607.0,33.7946927270746,-117.4747388857769,-16.0,137.7,14.4,1248,5314.3,7.282948,7.569323,-5.368656,2.23694,4.921268,4.921268,0.894776,0.894776,-2.4,-0.2,2.4,136.6,136.6,137.7,Tripod,Other,,20,5,True,,True,False,,Smart,RC,False,True,False,,,True,,False,False,False,False,False,False,False,False,False,False,0,Follow Yaw,-77.9,0,128.6,128.6,False,False,False,False,False,,0,0,False,False,No Card,100,100,1024,1428,654,1024,2,False,False,False,False,False,0,False,False,False,False,68,,46.32,,6829,,10044,,46.32,,True,3.858,3.858,3.858,3.858,3.858,3.858,3.858,3.858,3.858,3.858,3.858,3.858,0,,False,False,True,,,,,,,,,,,,,,,False,False,18.12,,104.3,,75.7,,104.3,,1296,122,,22,7,142132.2,18950.97,,Idle,,20,,10,,,20,Go Home,False,False,False,False,False,False,False,False,False,False,False,False,33.8027920380556,-117.4659261431046,3983.4,3983.4,1049.4,396.9,True,1,1,False,False,False,False,,True,False,False,Course Lock,196.8,67,16.4,93,NW,S,1.56,11.4,Calm,False,False,Android,7.0.2,M300 RTK,1ZN7L4R0H1D00F,1W9DL31001461C,1ZMLH8300204F0,1Z6PH74DAP0QN7,"Corona, CA",728.3,5.7,137.7,8.547347,2.013246,0,0,DJI Matrice 300 RTK,M300 RTK,1ZN7L4R0H1D00F,1W9DL31001461C,1ZMLH8300204F0,1Z6PH74DAP0QN7,DJI Pilot,Android,7.0.2,1EF72A62-B7C3-C88D-164E-CE6F8C8424AE,1ZN7L4R0H1D00F,1W9DL31001461C,,1ZMLH8300204F0,1W9DL31001461C,,,,,
2023-11-01,11:34:29.44 AM,10m 7.1s,607.1,33.7946903964797,-117.4747361009352,-16.0,137.7,14.4,1248,5315.5,7.282948,7.569323,-5.368656,2.23694,4.921268,4.921268,0.894776,0.894776,-3,-0.4,3,136.5,136.5,135.2,Tripod,Other,,20,5,True,,True,False,,Smart,RC,False,True,False,,,True,,False,False,False,False,False,False,False,False,False,False,0,Follow Yaw,-77.9,0,128.6,128.6,False,False,False,False,False,,0,0,False,False,No Card,100,100,1024,1427,714,1024,2,False,False,False,False,False,0,False,False,False,False,68,,46.32,,6829,,10044,,46.32,,True,3.858,3.858,3.858,3.858,3.858,3.858,3.858,3.858,3.858,3.858,3.858,3.858,0,,False,False,True,,,,,,,,,,,,,,,False,False,18.12,,104.3,,75.7,,104.3,,1296,122,,22,7,142132.2,18950.97,,Idle,,20,,10,,,20,Go Home,False,False,False,False,False,False,False,False,False,False,False,False,33.8027920380556,-117.4659261431046,3983.5,3983.5,1049.4,396.9,True,1,1,False,False,False,False,,True,False,False,Course Lock,196.8,67,16.4,93,NW,S,1.56,11.4,Calm,False,False,Android,7.0.2,M300 RTK,1ZN7L4R0H1D00F,1W9DL31001461C,1ZMLH8300204F0,1Z6PH74DAP0QN7,"Corona, CA",728.3,5.7,137.7,8.547347,2.013246,0,0,DJI Matrice 300 RTK,M300 RTK,1ZN7L4R0H1D00F,1W9DL31001461C,1ZMLH8300204F0,1Z6PH74DAP0QN7,DJI Pilot,Android,7.0.2,1EF72A62-B7C3-C88D-164E-CE6F8C8424AE,1ZN7L4R0H1D00F,1W9DL31001461C,,1ZMLH8300204F0,1W9DL31001461C,,,,,
2023-11-01,11:34:29.54 AM,10m 7.2s,607.2,33.794688163115,-117.4747336342582,-16.0,137.7,14.4,1248,5316.6,7.282948,7.569323,-5.368656,2.23694,4.921268,4.921268,0.894776,0.894776,-3.7,-0.6,3.7,136.4,136.4,137.4,Tripod,Other,,21,5,True,,True,False,,Smart,RC,False,True,False,,,True,,False,False,False,False,False,False,False,False,False,False,0,Follow Yaw,-77.9,0,128.6,128.6,False,False,False,False,False,,0,0,False,False,No Card,100,100,1024,1427,832,1024,2,False,False,False,False,False,0,False,False,False,False,68,,46.32,,6829,,10044,,46.32,,True,3.858,3.858,3.858,3.858,3.858,3.858,3.858,3.858,3.858,3.858,3.858,3.858,0,,False,False,True,,,,,,,,,,,,,,,False,False,18.12,,104.3,,75.7,,104.3,,1296,122,,22,7,142132.2,18950.97,,Idle,,20,,10,,,20,Go Home,False,False,False,False,False,False,False,False,False,False,False,False,33.8027920380556,-117.4659261431046,3983.6,3983.6,1049.4,396.9,True,1,1,False,False,False,False,,True,False,False,Course Lock,196.8,67,16.4,93,NW,S,1.56,11.4,Calm,False,False,Android,7.0.2,M300 RTK,1ZN7L4R0H1D00F,1W9DL31001461C,1ZMLH8300204F0,1Z6PH74DAP0QN7,"Corona, CA",728.3,5.7,137.7,8.547347,2.013246,0,0,DJI Matrice 300 RTK,M300 RTK,1ZN7L4R0H1D00F,1W9DL31001461C,1ZMLH8300204F0,1Z6PH74DAP0QN7,DJI Pilot,Android,7.0.2,1EF72A62-B7C3-C88D-164E-CE6F8C8424AE,1ZN7L4R0H1D00F,1W9DL31001461C,,1ZMLH8300204F0,1W9DL31001461C,,,,,
2023-11-01,11:34:29.64 AM,10m 7.3s,607.3,33.7946857413293,-117.4747312558305,-16.4,137.7,14.4,1247,5317.8,7.282948,7.569323,-5.368656,2.23694,4.921268,4.921268,0.894776,0.894776,-4.2,-0.8,4.2,136.4,136.4,140.7,Tripod,Other,,21,5,True,,True,False,,Smart,RC,False,True,False,,,True,,False,False,False,False,False,False,False,False,False,False,0,Follow Yaw,-77.9,0,128.6,128.6,False,False,False,False,False,,0,0,False,False,No Card,100,100,1024,1432,955,1024,2,False,False,False,False,False,0,False,False,False,False,68,,46.32,,6829,,10044,,46.32,,True,3.861,3.861,3.861,3.861,3.861,3.861,3.861,3.861,3.861,3.861,3.861,3.861,0,,False,False,True,,,,,,,,,,,,,,,False,False,18.12,,104.3,,75.7,,104.3,,1296,122,,22,7,141826.3,18910.18,,Idle,,20,,10,,,20,Go Home,False,False,False,False,False,False,False,False,False,False,False,False,33.8027920380556,-117.4659261431046,3983.8,3983.8,1049.4,396.9,True,1,1,False,False,False,False,,True,False,False,Course Lock,196.8,67,16.4,93,NW,S,1.56,11.4,Calm,False,False,Android,7.0.2,M300 RTK,1ZN7L4R0H1D00F,1W9DL31001461C,1ZMLH8300204F0,1Z6PH74DAP0QN7,"Corona, CA",728.3,5.7,137.7,8.547347,2.013246,0,0,DJI Matrice 300 RTK,M300 RTK,1ZN7L4R0H1D00F,1W9DL31001461C,1ZMLH8300204F0,1Z6PH74DAP0QN7,DJI Pilot,Android,7.0.2,1EF72A62-B7C3-C88D-164E-CE6F8C8424AE,1ZN7L4R0H1D00F,1W9DL31001461C,,1ZMLH8300204F0,1W9DL31001461C,,,,,
2023-11-01,11:34:29.74 AM,10m 7.4s,607.4,33.7946834773478,-117.474728769506,-16.4,137.7,14.4,1247,5318.9,7.449379,7.569323,-5.59235,2.23694,4.921268,4.921268,0.671082,0.894776,-4,-0.9,4.1,136.4,136.4,137.6,Tripod,Other,,21,5,True,,True,False,,Smart,RC,False,True,False,,,True,,False,False,False,False,False,False,False,False,False,False,0,Follow Yaw,-77.9,0,128.6,128.6,False,False,False,False,False,,0,0,False,False,No Card,100,100,1024,1432,955,1024,2,False,False,False,False,False,0,False,False,False,False,68,,46.32,,6829,,10044,,46.32,,True,3.861,3.861,3.861,3.861,3.861,3.861,3.861,3.861,3.861,3.861,3.861,3.861,0,,False,False,True,,,,,,,,,,,,,,,False,False,18.12,,104.3,,75.7,,104.3,,1296,122,,22,7,141826.3,18910.18,,Idle,,20,,10,,,20,Go Home,False,False,False,False,False,False,False,False,False,False,False,False,33.8027920380556,-117.4659261431046,3983.9,3983.9,1049.4,396.9,True,1,1,False,False,False,False,,True,False,False,Course Lock,196.8,67,16.4,93,NW,S,1.56,11.4,Calm,False,False,Android,7.0.2,M300 RTK,1ZN7L4R0H1D00F,1W9DL31001461C,1ZMLH8300204F0,1Z6PH74DAP0QN7,"Corona, CA",728.3,5.7,137.7,8.547347,2.013246,0,0,DJI Matrice 300 RTK,M300 RTK,1ZN7L4R0H1D00F,1W9DL31001461C,1ZMLH8300204F0,1Z6PH74DAP0QN7,DJI Pilot,Android,7.0.2,1EF72A62-B7C3-C88D-164E-CE6F8C8424AE,1ZN7L4R0H1D00F,1W9DL31001461C,,1ZMLH8300204F0,1W9DL31001461C,,,,,
2023-11-01,11:34:29.84 AM,10m 7.5s,607.5,33.7946817250113,-117.4747265114376,-16.7,137.7,14.4,1247,5319.8,7.449379,7.569323,-5.59235,2.23694,4.921268,4.921268,0.447388,0.894776,-4,-0.8,4,136.6,136.6,133.0,Tripod,Other,,21,5,True,,True,False,,Smart,RC,False,True,False,,,True,,False,False,False,False,False,False,False,False,False,False,0,Follow Yaw,-77.9,0,128.6,128.6,False,False,False,False,False,,0,0,False,False,No Card,100,100,1024,1499,1024,1024,2,False,False,False,False,False,0,False,False,False,False,68,,46.32,,6829,,10044,,46.32,,True,3.861,3.861,3.861,3.861,3.861,3.861,3.861,3.861,3.861,3.861,3.861,3.861,0,,False,False,True,,,,,,,,,,,,,,,False,False,18.12,,104.3,,75.7,,104.3,,1296,122,,22,7,141826.3,18910.18,,Idle,,20,,10,,,20,Go Home,False,False,False,False,False,False,False,False,False,False,False,False,33.8027920380556,-117.4659261431046,3983.9,3983.9,1049.4,396.9,True,1,1,False,False,False,False,,True,False,False,Course Lock,196.8,67,16.4,93,NW,S,1.56,11.4,Calm,False,False,Android,7.0.2,M300 RTK,1ZN7L4R0H1D00F,1W9DL31001461C,1ZMLH8300204F0,1Z6PH74DAP0QN7,"Corona, CA",728.3,5.7,137.7,8.547347,2.013246,0,0,DJI Matrice 300 RTK,M300 RTK,1ZN7L4R0H1D00F,1W9DL31001461C,1ZMLH8300204F0,1Z6PH74DAP0QN7,DJI Pilot,Android,7.0.2,1EF72A62-B7C3-C88D-164E-CE6F8C8424AE,1ZN7L4R0H1D00F,1W9DL31001461C,,1ZMLH8300204F0,1W9DL31001461C,,,,,
2023-11-01,11:34:29.94 AM,10m 7.6s,607.6,33.7946794935998,-117.4747240281334,-16.7,137.7,14.4,1247,5320.9,7.449379,7.569323,-5.59235,2.23694,4.921268,4.921268,0.223694,0.894776,-4.2,-0.7,4.2,136.7,136.7,137.2,Tripod,Other,,21,5,True,,True,False,,Smart,RC,False,True,False,,,True,,False,False,False,False,False,False,False,False,False,False,0,Follow Yaw,-77.9,0,128.6,128.6,False,False,False,False,False,,0,0,False,False,No Card,100,100,1024,1501,1024,1024,2,False,False,False,False,False,0,False,False,False,False,68,,46.32,,6829,,10044,,46.32,,True,3.861,3.861,3.861,3.861,3.861,3.861,3.861,3.861,3.861,3.861,3.861,3.861,0,,False,False,True,,,,,,,,,,,,,,,False,False,18.12,,104.3,,75.7,,104.3,,1296,122,,22,7,141826.3,18910.18,,Idle,,20,,10,,,20,Go Home,False,False,False,False,False,False,False,False,False,False,False,False,33.8027920380556,-117.4659261431046,3984.0,3984.0,1049.4,396.9,True,1,1,False,False,False,False,,True,False,False,Course Lock,196.8,67,16.4,93,NW,S,1.56,11.4,Calm,False,False,Android,7.0.2,M300 RTK,1ZN7L4R0H1D00F,1W9DL31001461C,1ZMLH8300204F0,1Z6PH74DAP0QN7,"Corona, CA",728.3,5.7,137.7,8.547347,2.013246,0,0,DJI Matrice 300 RTK,M300 RTK,1ZN7L4R0H1D00F,1W9DL31001461C,1ZMLH8300204F0,1Z6PH74DAP0QN7,DJI Pilot,Android,7.0.2,1EF72A62-B7C3-C88D-164E-CE6F8C8424AE,1ZN7L4R0H1D00F,1W9DL31001461C,,1ZMLH8300204F0,1W9DL31001461C,,,,,
2023-11-01,11:34:30.04 AM,10m 7.7s,607.7,33.7946769741556,-117.4747213300048,-16.7,137.7,14.4,1247,5322.1,7.449379,7.569323,-5.59235,2.23694,4.921268,4.921268,0.223694,0.894776,-5,-0.7,5,136.7,136.7,138.3,Tripod,Other,,21,5,True,,True,False,,Smart,RC,False,True,False,,,True,,False,False,False,False,False,False,False,False,False,False,0,Follow Yaw,-77.9,0,128.6,128.6,False,False,False,False,False,,0,0,False,False,No Card,100,100,1024,1486,1024,1024,2,False,False,False,False,False,0,False,False,False,False,68,,46.32,,6829,,10044,,46.32,,True,3.861,3.861,3.861,3.861,3.861,3.861,3.861,3.861,3.861,3.861,3.861,3.861,0,,False,False,True,,,,,,,,,,,,,,,False,False,18.12,,104.3,,75.7,,104.3,,1296,122,,22,7,141826.3,18910.18,,Idle,,20,,10,,,20,Go Home,False,False,False,False,False,False,False,False,False,False,False,False,33.8027920380556,-117.4659261431046,3984.1,3984.1,1049.4,396.9,True,1,1,False,False,False,False,,True,False,False,Course Lock,196.8,67,16.4,93,NW,S,1.56,11.4,Calm,False,False,Android,7.0.2,M300 RTK,1ZN7L4R0H1D00F,1W9DL31001461C,1ZMLH8300204F0,1Z6PH74DAP0QN7,"Corona, CA",728.3,5.7,137.7,8.547347,2.013246,0,0,DJI Matrice 300 RTK,M300 RTK,1ZN7L4R0H1D00F,1W9DL31001461C,1ZMLH8300204F0,1Z6PH74DAP0QN7,DJI Pilot,Android,7.0.2,1EF72A62-B7C3-C88D-164E-CE6F8C8424AE,1ZN7L4R0H1D00F,1W9DL31001461C,,1ZMLH8300204F0,1W9DL31001461C,,,,,
2023-11-01,11:34:30.14 AM,10m 7.8s,607.8,33.7946747015818,-117.4747188027152,-16.7,137.7,14.4,1247,5323.3,7.599013,7.599013,-5.59235,2.23694,5.144962,5.144962,0,0.894776,-5.6,-0.5,5.6,136.7,136.7,137.2,Tripod,Other,,21,5,True,,True,False,,Smart,RC,False,True,False,,,True,,False,False,False,False,False,False,False,False,False,False,0,Follow Yaw,-77.9,0,128.6,128.6,False,False,False,False,False,,0,0,False,False,No Card,100,100,1024,1468,1024,1024,2,False,False,False,False,False,0,False,False,False,False,68,,46.32,,6829,,10044,,46.32,,True,3.861,3.861,3.861,3.861,3.861,3.861,3.861,3.861,3.861,3.861,3.861,3.861,0,,False,False,True,,,,,,,,,,,,,,,False,False,18.12,,104.3,,75.7,,104.3,,1296,122,,22,7,141826.3,18910.18,,Idle,,20,,10,,,20,Go Home,False,False,False,False,False,False,False,False,False,False,False,False,33.8027920380556,-117.4659261431046,3984.2,3984.2,1049.4,396.9,True,1,1,False,False,False,False,,True,False,False,Course Lock,196.8,67,16.4,93,NW,S,1.56,11.4,Calm,False,False,Android,7.0.2,M300 RTK,1ZN7L4R0H1D00F,1W9DL31001461C,1ZMLH8300204F0,1Z6PH74DAP0QN7,"Corona, CA",728.3,5.7,137.7,8.547347,2.013246,0,0,DJI Matrice 300 RTK,M300 RTK,1ZN7L4R0H1D00F,1W9DL31001461C,1ZMLH8300204F0,1Z6PH74DAP0QN7,DJI Pilot,Android,7.0.2,1EF72A62-B7C3-C88D-164E-CE6F8C8424AE,1ZN7L4R0H1D00F,1W9DL31001461C,,1ZMLH8300204F0,1W9DL31001461C,,,,,
2023-11-01,11:34:30.24 AM,10m 7.9s,607.9,33.7946727030773,-117.4747163929503,-16.7,137.7,14.4,1247,5324.3,7.599013,7.599013,-5.59235,2.23694,5.144962,5.144962,0,0.894776,-5.5,-0.1,5.5,136.8,136.8,134.9,Tripod,Other,,21,5,True,,True,False,,Smart,RC,False,True,False,,,True,,False,False,False,False,False,False,False,False,False,False,0,Follow Yaw,-77.9,0,128.6,128.6,False,False,False,False,False,,0,0,False,False,No Card,100,100,1024,1469,1024,1024,2,False,False,False,False,False,0,False,False,False,False,68,,46.32,,6829,,10044,,46.32,,True,3.861,3.861,3.861,3.861,3.861,3.861,3.861,3.861,3.861,3.861,3.861,3.861,0,,False,False,True,,,,,,,,,,,,,,,False,False,18.12,,104.3,,75.7,,104.3,,1296,122,,22,7,141826.3,18910.18,,Idle,,20,,10,,,20,Go Home,False,False,False,False,False,False,False,False,False,False,False,False,33.8027920380556,-117.4659261431046,3984.3,3984.3,1049.4,396.9,True,1,1,False,False,False,False,,True,False,False,Course Lock,196.8,67,16.4,93,NW,S,1.56,11.4,Calm,False,False,Android,7.0.2,M300 RTK,1ZN7L4R0H1D00F,1W9DL31001461C,1ZMLH8300204F0,1Z6PH74DAP0QN7,"Corona, CA",728.3,5.7,137.7,8.547347,2.013246,0,0,DJI Matrice 300 RTK,M300 RTK,1ZN7L4R0H1D00F,1W9DL31001461C,1ZMLH8300204F0,1Z6PH74DAP0QN7,DJI Pilot,Android,7.0.2,1EF72A62-B7C3-C88D-164E-CE6F8C8424AE,1ZN7L4R0H1D00F,1W9DL31001461C,,1ZMLH8300204F0,1W9DL31001461C,,,,,
2023-11-01,11:34:30.31 AM,10m 8.0s,608.0,33.7946704110747,-117.4747138315404,-16.7,137.7,14.7,1247,5325.5,7.599013,7.599013,-5.59235,2.23694,5.144962,5.144962,0,0.894776,-5.3,-0.1,5.3,136.9,136.9,137.1,Tripod,Other,,21,5,True,,True,False,,Smart,RC,False,True,False,,,True,,False,False,False,False,False,False,False,False,False,False,0,Follow Yaw,-77.9,0,128.6,128.6,False,False,False,False,False,,0,0,False,False,No Card,100,100,1024,1470,1024,1024,2,False,False,False,False,False,0,False,False,False,False,68,,46.344,,6829,,10044,,46.344,,True,3.861,3.861,3.861,3.861,3.861,3.861,3.861,3.861,3.861,3.861,3.861,3.861,0,,False,False,True,,,,,,,,,,,,,,,False,False,18.142,,104.3,,75.7,,104.3,,1296,122,,22,7,141826.3,18910.18,,Idle,,20,,10,,,20,Go Home,False,False,False,False,False,False,False,False,False,False,False,False,33.8027920380556,-117.4659261431046,3984.4,3984.4,1049.4,396.9,True,1,1,False,False,False,False,,True,False,False,Course Lock,196.8,67,16.4,93,NW,S,1.56,11.4,Calm,False,False,Android,7.0.2,M300 RTK,1ZN7L4R0H1D00F,1W9DL31001461C,1ZMLH8300204F0,1Z6PH74DAP0QN7,"Corona, CA",728.3,5.7,137.7,8.547347,2.013246,0,0,DJI Matrice 300 RTK,M300 RTK,1ZN7L4R0H1D00F,1W9DL31001461C,1ZMLH8300204F0,1Z6PH74DAP0QN7,DJI Pilot,Android,7.0.2,1EF72A62-B7C3-C88D-164E-CE6F8C8424AE,1ZN7L4R0H1D00F,1W9DL31001461C,,1ZMLH8300204F0,1W9DL31001461C,,,,,
2023-11-01,11:34:30.44 AM,10m 8.1s,608.1,33.7946678643889,-117.4747110388128,-16.7,137.7,14.7,1247,5326.7,7.765114,7.765114,-5.816044,2.23694,5.144962,5.144962,0,0.894776,-5,-0.2,5,136.9,136.9,137.6,Tripod,Other,,21,5,True,,True,False,,Smart,RC,False,True,False,,,True,,False,False,False,False,False,False,False,False,False,False,0,Follow Yaw,-77.9,0,128.6,128.6,False,False,False,False,False,,0,0,False,False,No Card,100,100,1024,1456,1024,1024,2,False,False,False,False,False,0,False,False,False,False,68,,46.344,,6829,,10044,,46.344,,True,3.861,3.861,3.861,3.861,3.861,3.861,3.861,3.861,3.861,3.861,3.861,3.861,0,,False,False,True,,,,,,,,,,,,,,,False,False,18.142,,104.3,,75.7,,104.3,,1296,122,,22,7,141826.3,18910.18,,Idle,,20,,10,,,20,Go Home,False,False,False,False,False,False,False,False,False,False,False,False,33.8027920380556,-117.4659261431046,3984.5,3984.5,1049.4,396.9,True,1,1,False,False,False,False,,True,False,False,Course Lock,196.8,67,16.4,93,NW,S,1.56,11.4,Calm,False,False,Android,7.0.2,M300 RTK,1ZN7L4R0H1D00F,1W9DL31001461C,1ZMLH8300204F0,1Z6PH74DAP0QN7,"Corona, CA",728.3,5.7,137.7,8.547347,2.013246,0,0,DJI Matrice 300 RTK,M300 RTK,1ZN7L4R0H1D00F,1W9DL31001461C,1ZMLH8300204F0,1Z6PH74DAP0QN7,DJI Pilot,Android,7.0.2,1EF72A62-B7C3-C88D-164E-CE6F8C8424AE,1ZN7L4R0H1D00F,1W9DL31001461C,,1ZMLH8300204F0,1W9DL31001461C,,,,,
2023-11-01,11:34:30.54 AM,10m 8.2s,608.2,33.7946655114867,-117.4747084314074,-16.7,137.7,14.7,1247,5327.9,7.765114,7.765114,-5.816044,2.23694,5.144962,5.144962,0,0.894776,-4.7,-0.5,4.7,136.8,136.8,137.3,Tripod,Other,,21,5,True,,True,False,,Smart,RC,False,True,False,,,True,,False,False,False,False,False,False,False,False,False,False,0,Follow Yaw,-77.9,0,128.6,128.6,False,False,False,False,False,,0,0,False,False,No Card,100,100,1024,1460,1024,1024,2,False,False,False,False,False,0,False,False,False,False,68,,46.344,,6829,,10044,,46.344,,True,3.861,3.861,3.861,3.861,3.861,3.861,3.861,3.861,3.861,3.861,3.861,3.861,0,,False,False,True,,,,,,,,,,,,,,,False,False,18.142,,104.3,,75.7,,104.3,,1296,122,,22,7,141826.3,18910.18,,Idle,,20,,10,,,20,Go Home,False,False,False,False,False,False,False,False,False,False,False,False,33.8027920380556,-117.4659261431046,3984.6,3984.6,1049.4,396.9,True,1,1,False,False,False,False,,True,False,False,Course Lock,196.8,67,16.4,93,NW,S,1.56,11.4,Calm,False,False,Android,7.0.2,M300 RTK,1ZN7L4R0H1D00F,1W9DL31001461C,1ZMLH8300204F0,1Z6PH74DAP0QN7,"Corona, CA",728.3,5.7,137.7,8.547347,2.013246,0,0,DJI Matrice 300 RTK,M300 RTK,1ZN7L4R0H1D00F,1W9DL31001461C,1ZMLH8300204F0,1Z6PH74DAP0QN7,DJI Pilot,Android,7.0.2,1EF72A62-B7C3-C88D-164E-CE6F8C8424AE,1ZN7L4R0H1D00F,1W9DL31001461C,,1ZMLH8300204F0,1W9DL31001461C,,,,,
2023-11-01,11:34:30.62 AM,10m 8.3s,608.3,33.794663203893,-117.4747057843356,-16.7,137.7,14.7,1247,5329.0,7.765114,7.765114,-5.816044,2.23694,5.144962,5.144962,0,0.894776,-4.4,-0.6,4.4,136.7,136.7,136.3,Tripod,Other,,21,5,True,,True,False,,Smart,RC,False,True,False,,,True,,False,False,False,False,False,False,False,False,False,False,0,Follow Yaw,-77.9,0,128.6,128.6,False,False,False,False,False,,0,0,False,False,No Card,100,100,1024,1460,1024,1024,2,False,False,False,False,False,0,False,False,False,False,68,,46.344,,6829,,10044,,46.344,,True,3.861,3.861,3.861,3.861,3.861,3.861,3.861,3.861,3.861,3.861,3.861,3.861,0,,False,False,True,,,,,,,,,,,,,,,False,False,18.142,,104.3,,75.7,,104.3,,1296,122,,22,7,141219.1,18829.22,,Idle,,20,,10,,,20,Go Home,False,False,False,False,False,False,False,False,False,False,False,False,33.8027920380556,-117.4659261431046,3984.7,3984.7,1049.4,396.9,True,1,1,False,False,False,False,,True,False,False,Course Lock,196.8,67,16.4,93,NW,S,1.34,11.4,Calm,False,False,Android,7.0.2,M300 RTK,1ZN7L4R0H1D00F,1W9DL31001461C,1ZMLH8300204F0,1Z6PH74DAP0QN7,"Corona, CA",728.3,5.7,137.7,8.547347,2.013246,0,0,DJI Matrice 300 RTK,M300 RTK,1ZN7L4R0H1D00F,1W9DL31001461C,1ZMLH8300204F0,1Z6PH74DAP0QN7,DJI Pilot,Android,7.0.2,1EF72A62-B7C3-C88D-164E-CE6F8C8424AE,1ZN7L4R0H1D00F,1W9DL31001461C,,1ZMLH8300204F0,1W9DL31001461C,,,,,
2023-11-01,11:34:30.72 AM,10m 8.4s,608.4,33.7946608341233,-117.4747031499534,-16.7,137.7,14.7,1247,5330.2,7.765114,7.765114,-5.816044,2.23694,5.144962,5.144962,0,0.894776,-4.4,-0.7,4.4,136.7,136.7,137.2,Tripod,Other,,21,5,True,,True,False,,Smart,RC,False,True,False,,,True,,False,False,False,False,False,False,False,False,False,False,0,Follow Yaw,-77.9,0,128.6,128.6,False,False,False,False,False,,0,0,False,False,No Card,100,100,1024,1456,1024,1024,2,False,False,False,False,False,0,False,False,False,False,68,,46.344,,6829,,10044,,46.344,,True,3.861,3.861,3.861,3.861,3.861,3.861,3.861,3.861,3.861,3.861,3.861,3.861,0,,False,False,True,,,,,,,,,,,,,,,False,False,18.142,,104.3,,75.7,,104.3,,1296,122,,22,7,141219.1,18829.22,,Idle,,20,,10,,,20,Go Home,False,False,False,False,False,False,False,False,False,False,False,False,33.8027920380556,-117.4659261431046,3984.8,3984.8,1049.4,396.9,True,1,1,False,False,False,False,,True,False,False,Course Lock,196.8,67,16.4,93,NW,S,1.34,11.4,Calm,False,False,Android,7.0.2,M300 RTK,1ZN7L4R0H1D00F,1W9DL31001461C,1ZMLH8300204F0,1Z6PH74DAP0QN7,"Corona, CA",728.3,5.7,137.7,8.547347,2.013246,0,0,DJI Matrice 300 RTK,M300 RTK,1ZN7L4R0H1D00F,1W9DL31001461C,1ZMLH8300204F0,1Z6PH74DAP0QN7,DJI Pilot,Android,7.0.2,1EF72A62-B7C3-C88D-164E-CE6F8C8424AE,1ZN7L4R0H1D00F,1W9DL31001461C,,1ZMLH8300204F0,1W9DL31001461C,,,,,
2023-11-01,11:34:30.82 AM,10m 8.5s,608.5,33.7946583236054,-117.4747006178087,-16.7,137.7,15.0,1247,5331.4,7.915101,7.915101,-5.816044,2.23694,5.368656,5.368656,0,0.894776,-4.4,-0.6,4.4,136.8,136.8,140.0,Tripod,Other,,21,5,True,,True,False,,Smart,RC,False,True,False,,,True,,False,False,False,False,False,False,False,False,False,False,0,Follow Yaw,-77.9,0,128.6,128.6,False,False,False,False,False,,0,0,False,False,No Card,100,100,1024,1449,1024,1024,2,False,False,False,False,False,0,False,False,False,False,68,,46.344,,6829,,10044,,46.344,,True,3.861,3.861,3.861,3.861,3.861,3.861,3.861,3.861,3.861,3.861,3.861,3.861,0,,False,False,True,,,,,,,,,,,,,,,False,False,18.142,,104.3,,75.7,,104.3,,1296,122,,22,7,141219.1,18829.22,,Idle,,20,,10,,,20,Go Home,False,False,False,False,False,False,False,False,False,False,False,False,33.8027920380556,-117.4659261431046,3985.0,3985.0,1049.4,396.9,True,1,1,False,False,False,False,,True,False,False,Course Lock,196.8,67,16.4,93,NW,S,1.34,11.4,Calm,False,False,Android,7.0.2,M300 RTK,1ZN7L4R0H1D00F,1W9DL31001461C,1ZMLH8300204F0,1Z6PH74DAP0QN7,"Corona, CA",728.3,5.7,137.7,8.547347,2.013246,0,0,DJI Matrice 300 RTK,M300 RTK,1ZN7L4R0H1D00F,1W9DL31001461C,1ZMLH8300204F0,1Z6PH74DAP0QN7,DJI Pilot,Android,7.0.2,1EF72A62-B7C3-C88D-164E-CE6F8C8424AE,1ZN7L4R0H1D00F,1W9DL31001461C,,1ZMLH8300204F0,1W9DL31001461C,,,,,
2023-11-01,11:34:30.93 AM,10m 8.6s,608.6,33.7946559238015,-117.4746979767364,-16.7,137.7,15.0,1247,5332.6,7.915101,7.915101,-5.816044,2.23694,5.368656,5.368656,0,0.894776,-4.4,-0.6,4.4,136.8,136.8,137.5,Tripod,Other,,21,5,True,,True,False,,Smart,RC,False,True,False,,,True,,False,False,False,False,False,False,False,False,False,False,0,Follow Yaw,-77.9,0,128.6,128.6,False,False,False,False,False,,0,0,False,False,No Card,100,100,1024,1447,1024,1024,2,False,False,False,False,False,0,False,False,False,False,68,,46.344,,6829,,10044,,46.344,,True,3.861,3.861,3.861,3.861,3.861,3.861,3.861,3.861,3.861,3.861,3.861,3.861,0,,False,False,True,,,,,,,,,,,,,,,False,False,18.142,,104.3,,75.7,,104.3,,1296,122,,22,7,141219.1,18829.22,,Idle,,20,,10,,,20,Go Home,False,False,False,False,False,False,False,False,False,False,False,False,33.8027920380556,-117.4659261431046,3985.1,3985.1,1049.4,396.9,True,1,1,False,False,False,False,,True,False,False,Course Lock,196.8,67,16.4,93,NW,S,1.34,11.4,Calm,False,False,Android,7.0.2,M300 RTK,1ZN7L4R0H1D00F,1W9DL31001461C,1ZMLH8300204F0,1Z6PH74DAP0QN7,"Corona, CA",728.3,5.7,137.7,8.547347,2.013246,0,0,DJI Matrice 300 RTK,M300 RTK,1ZN7L4R0H1D00F,1W9DL31001461C,1ZMLH8300204F0,1Z6PH74DAP0QN7,DJI Pilot,Android,7.0.2,1EF72A62-B7C3-C88D-164E-CE6F8C8424AE,1ZN7L4R0H1D00F,1W9DL31001461C,,1ZMLH8300204F0,1W9DL31001461C,,,,,
2023-11-01,11:34:31.04 AM,10m 8.7s,608.7,33.7946535708565,-117.4746953478485,-16.7,137.7,15.0,1247,5333.8,7.915101,7.915101,-5.816044,2.23694,5.368656,5.368656,0,0.894776,-4.2,-0.3,4.2,136.9,136.9,137.1,Tripod,Other,,21,5,True,,True,False,,Smart,RC,False,True,False,,,True,,False,False,False,False,False,False,False,False,False,False,0,Follow Yaw,-77.9,0,128.6,128.6,False,False,False,False,False,,0,0,False,False,No Card,100,100,1024,1450,1024,1024,2,False,False,False,False,False,0,False,False,False,False,68,,46.344,,3390,,4986,,46.344,,True,3.861,3.861,3.861,3.861,3.861,3.861,3.861,3.861,3.861,3.861,3.861,3.861,0,,False,False,True,,,,,,,,,,,,,,,False,False,9.594,,104.1,,75.7,,104.3,,1296,122,,22,7,141219.1,18829.22,,Idle,,20,,10,,,20,Go Home,False,False,False,False,False,False,False,False,False,False,False,False,33.8027920380556,-117.4659261431046,3985.2,3985.2,1049.4,396.9,True,1,1,False,False,False,False,,True,False,False,Course Lock,196.8,67,16.4,93,NW,S,1.34,11.4,Calm,False,False,Android,7.0.2,M300 RTK,1ZN7L4R0H1D00F,1W9DL31001461C,1ZMLH8300204F0,1Z6PH74DAP0QN7,"Corona, CA",728.3,5.7,137.7,8.547347,2.013246,0,0,DJI Matrice 300 RTK,M300 RTK,1ZN7L4R0H1D00F,1W9DL31001461C,1ZMLH8300204F0,1Z6PH74DAP0QN7,DJI Pilot,Android,7.0.2,1EF72A62-B7C3-C88D-164E-CE6F8C8424AE,1ZN7L4R0H1D00F,1W9DL31001461C,,1ZMLH8300204F0,1W9DL31001461C,,,,,
2023-11-01,11:34:31.13 AM,10m 8.8s,608.8,33.7946511538424,-117.4746926981173,-16.7,137.7,15.4,1247,5335.0,7.915101,7.915101,-5.816044,2.23694,5.368656,5.368656,0,0.894776,-4.2,-0.2,4.2,137,137,137.6,Tripod,Other,,20,5,True,,True,False,,Smart,RC,False,True,False,,,True,,False,False,False,False,False,False,False,False,False,False,0,Follow Yaw,-77.9,0,128.6,128.6,False,False,False,False,False,,0,0,False,False,No Card,100,100,1024,1449,1024,1024,2,False,False,False,False,False,0,False,False,False,False,68,,46.344,,3390,,4986,,46.344,,True,3.861,3.861,3.861,3.861,3.861,3.861,3.861,3.861,3.861,3.861,3.861,3.861,0,,False,False,True,,,,,,,,,,,,,,,False,False,9.594,,104.1,,75.7,,104.3,,1296,122,,22,7,141219.1,18829.22,,Idle,,20,,10,,,20,Go Home,False,False,False,False,False,False,False,False,False,False,False,False,33.8027920380556,-117.4659261431046,3985.3,3985.3,1049.4,396.9,True,1,1,False,False,False,False,,True,False,False,Course Lock,196.8,67,16.4,93,NW,S,1.34,11.4,Calm,False,False,Android,7.0.2,M300 RTK,1ZN7L4R0H1D00F,1W9DL31001461C,1ZMLH8300204F0,1Z6PH74DAP0QN7,"Corona, CA",728.3,5.7,137.7,8.547347,2.013246,0,0,DJI Matrice 300 RTK,M300 RTK,1ZN7L4R0H1D00F,1W9DL31001461C,1ZMLH8300204F0,1Z6PH74DAP0QN7,DJI Pilot,Android,7.0.2,1EF72A62-B7C3-C88D-164E-CE6F8C8424AE,1ZN7L4R0H1D00F,1W9DL31001461C,,1ZMLH8300204F0,1W9DL31001461C,,,,,
2023-11-01,11:34:31.24 AM,10m 8.9s,608.9,33.7946491616428,-117.4746903408833,-16.7,137.7,15.4,1247,5336.0,8.080897,8.080897,-6.039738,2.23694,5.368656,5.368656,0,0.894776,-4.1,-0.5,4.1,137,137,135.4,Tripod,Other,,20,5,True,,True,False,,Smart,RC,False,True,False,,,True,,False,False,False,False,False,False,False,False,False,False,0,Follow Yaw,-77.9,0,128.6,128.6,False,False,False,False,False,,0,0,False,False,No Card,100,100,1024,1447,1024,1024,2,False,False,False,False,False,0,False,False,False,False,68,,46.344,,3390,,4986,,46.344,,True,3.861,3.861,3.861,3.861,3.861,3.861,3.861,3.861,3.861,3.861,3.861,3.861,0,,False,False,True,,,,,,,,,,,,,,,False,False,9.594,,104.1,,75.7,,104.3,,1296,122,,22,7,141219.1,18829.22,,Idle,,20,,10,,,20,Go Home,False,False,False,False,False,False,False,False,False,False,False,False,33.8027920380556,-117.4659261431046,3985.4,3985.4,1049.4,396.9,True,1,1,False,False,False,False,,True,False,False,Course Lock,196.8,67,16.4,93,NW,S,1.34,11.4,Calm,False,False,Android,7.0.2,M300 RTK,1ZN7L4R0H1D00F,1W9DL31001461C,1ZMLH8300204F0,1Z6PH74DAP0QN7,"Corona, CA",728.3,5.7,137.7,8.547347,2.013246,0,0,DJI Matrice 300 RTK,M300 RTK,1ZN7L4R0H1D00F,1W9DL31001461C,1ZMLH8300204F0,1Z6PH74DAP0QN7,DJI Pilot,Android,7.0.2,1EF72A62-B7C3-C88D-164E-CE6F8C8424AE,1ZN7L4R0H1D00F,1W9DL31001461C,,1ZMLH8300204F0,1W9DL31001461C,,,,,
2023-11-01,11:34:31.33 AM,10m 9.0s,609.0,33.7946467571187,-117.474687713016,-16.7,137.7,15.4,1247,5337.2,8.080897,8.080897,-6.039738,2.23694,5.368656,5.368656,0,0.894776,-4.1,-0.8,4.1,137,137,137.7,Tripod,Other,,20,5,True,,True,False,,Smart,RC,False,True,False,,,True,,False,False,False,False,False,False,False,False,False,False,0,Follow Yaw,-77.9,0,128.6,128.6,False,False,False,False,False,,0,0,False,False,No Card,100,100,1024,1445,1024,1024,2,False,False,False,False,False,0,False,False,False,False,67,,46.344,,6778,,10044,,46.344,,True,3.861,3.861,3.861,3.861,3.861,3.861,3.861,3.861,3.861,3.861,3.861,3.861,0,,False,False,True,,,,,,,,,,,,,,,False,False,19.312,,104.3,,75.7,,104.3,,1296,122,,22,7,141219.1,18829.22,,Idle,,20,,10,,,20,Go Home,False,False,False,False,False,False,False,False,False,False,False,False,33.8027920380556,-117.4659261431046,3985.5,3985.5,1049.4,396.9,True,1,1,False,False,False,False,,True,False,False,Course Lock,196.8,67,16.4,93,NW,S,1.34,11.4,Calm,False,False,Android,7.0.2,M300 RTK,1ZN7L4R0H1D00F,1W9DL31001461C,1ZMLH8300204F0,1Z6PH74DAP0QN7,"Corona, CA",728.3,5.7,137.7,8.547347,2.013246,0,0,DJI Matrice 300 RTK,M300 RTK,1ZN7L4R0H1D00F,1W9DL31001461C,1ZMLH8300204F0,1Z6PH74DAP0QN7,DJI Pilot,Android,7.0.2,1EF72A62-B7C3-C88D-164E-CE6F8C8424AE,1ZN7L4R0H1D00F,1W9DL31001461C,,1ZMLH8300204F0,1W9DL31001461C,,,,,
2023-11-01,11:34:31.44 AM,10m 9.1s,609.1,33.7946437076543,-117.4746846093187,-16.7,137.7,15.4,1247,5338.6,8.080897,8.080897,-6.039738,2.23694,5.368656,5.368656,0,0.894776,-4,-0.9,4.1,137.1,137.1,139.7,Tripod,Other,,20,5,True,,True,False,,Smart,RC,False,True,False,,,True,,False,False,False,False,False,False,False,False,False,False,0,Follow Yaw,-77.9,0,128.6,128.6,False,False,False,False,False,,0,0,False,False,No Card,100,100,1024,1444,1024,1024,2,False,False,False,False,False,0,False,False,False,False,67,,46.344,,6778,,10044,,46.344,,True,3.861,3.861,3.861,3.861,3.861,3.861,3.861,3.861,3.861,3.861,3.861,3.861,0,,False,False,True,,,,,,,,,,,,,,,False,False,19.312,,104.3,,75.7,,104.3,,1296,122,,22,7,141219.1,18829.22,,Idle,,20,,10,,,20,Go Home,False,False,False,False,False,False,False,False,False,False,False,False,33.8027920380556,-117.4659261431046,3985.7,3985.7,1049.4,396.9,True,1,1,False,False,False,False,,True,False,False,Course Lock,196.8,67,16.4,93,NW,S,1.34,11.4,Calm,False,False,Android,7.0.2,M300 RTK,1ZN7L4R0H1D00F,1W9DL31001461C,1ZMLH8300204F0,1Z6PH74DAP0QN7,"Corona, CA",728.3,5.7,137.7,8.547347,2.013246,0,0,DJI Matrice 300 RTK,M300 RTK,1ZN7L4R0H1D00F,1W9DL31001461C,1ZMLH8300204F0,1Z6PH74DAP0QN7,DJI Pilot,Android,7.0.2,1EF72A62-B7C3-C88D-164E-CE6F8C8424AE,1ZN7L4R0H1D00F,1W9DL31001461C,,1ZMLH8300204F0,1W9DL31001461C,,,,,
2023-11-01,11:34:31.54 AM,10m 9.2s,609.2,33.7946412334157,-117.4746819203748,-16.7,137.7,15.7,1247,5339.8,8.080897,8.080897,-6.039738,2.23694,5.368656,5.368656,0,0.894776,-3.6,-0.9,3.7,137,137,137.9,Tripod,Other,,20,5,True,,True,False,,Smart,RC,False,True,False,,,True,,False,False,False,False,False,False,False,False,False,False,0,Follow Yaw,-77.9,0,128.6,128.6,False,False,False,False,False,,0,0,False,False,No Card,100,100,1024,1442,1024,1024,2,False,False,False,False,False,0,False,False,False,False,67,,46.344,,6778,,10044,,46.344,,True,3.861,3.861,3.861,3.861,3.861,3.861,3.861,3.861,3.861,3.861,3.861,3.861,0,,False,False,True,,,,,,,,,,,,,,,False,False,19.312,,104.3,,75.7,,104.3,,1296,122,,22,7,141219.1,18829.22,,Idle,,20,,10,,,20,Go Home,False,False,False,False,False,False,False,False,False,False,False,False,33.8027920380556,-117.4659261431046,3985.9,3985.9,1049.4,396.9,True,1,1,False,False,False,False,,True,False,False,Course Lock,196.8,67,16.4,93,NW,S,1.34,11.4,Calm,False,False,Android,7.0.2,M300 RTK,1ZN7L4R0H1D00F,1W9DL31001461C,1ZMLH8300204F0,1Z6PH74DAP0QN7,"Corona, CA",728.3,5.7,137.7,8.547347,2.013246,0,0,DJI Matrice 300 RTK,M300 RTK,1ZN7L4R0H1D00F,1W9DL31001461C,1ZMLH8300204F0,1Z6PH74DAP0QN7,DJI Pilot,Android,7.0.2,1EF72A62-B7C3-C88D-164E-CE6F8C8424AE,1ZN7L4R0H1D00F,1W9DL31001461C,,1ZMLH8300204F0,1W9DL31001461C,,,,,
2023-11-01,11:34:31.64 AM,10m 9.3s,609.3,33.7946386969841,-117.4746792532535,-16.7,137.7,15.7,1247,5341.1,8.080897,8.080897,-6.039738,2.23694,5.368656,5.368656,0,0.894776,-3.1,-1,3.2,136.8,136.8,138.8,Tripod,Other,,20,5,True,,True,False,,Smart,RC,False,True,False,,,True,,False,False,False,False,False,False,False,False,False,False,0,Follow Yaw,-77.9,0,128.6,128.6,False,False,False,False,False,,0,0,False,False,No Card,100,100,1024,1446,1024,1024,2,False,False,False,False,False,0,False,False,False,False,67,,46.344,,6778,,10044,,46.344,,True,3.862,3.862,3.862,3.862,3.862,3.862,3.862,3.862,3.862,3.862,3.862,3.862,0,,False,False,True,,,,,,,,,,,,,,,False,False,19.312,,104.3,,75.7,,104.3,,1297,122,,22,7,140588.5,18745.14,,Idle,,20,,10,,,20,Go Home,False,False,False,False,False,False,False,False,False,False,False,False,33.8027920380556,-117.4659261431046,3986.0,3986.0,1049.4,396.9,True,1,1,False,False,False,False,,True,False,False,Course Lock,196.8,67,16.4,93,NW,S,1.34,11.4,Calm,False,False,Android,7.0.2,M300 RTK,1ZN7L4R0H1D00F,1W9DL31001461C,1ZMLH8300204F0,1Z6PH74DAP0QN7,"Corona, CA",728.3,5.7,137.7,8.547347,2.013246,0,0,DJI Matrice 300 RTK,M300 RTK,1ZN7L4R0H1D00F,1W9DL31001461C,1ZMLH8300204F0,1Z6PH74DAP0QN7,DJI Pilot,Android,7.0.2,1EF72A62-B7C3-C88D-164E-CE6F8C8424AE,1ZN7L4R0H1D00F,1W9DL31001461C,,1ZMLH8300204F0,1W9DL31001461C,,,,,
2023-11-01,11:34:31.75 AM,10m 9.4s,609.4,33.7946362211692,-117.4746765499811,-16.7,137.7,15.7,1247,5342.3,8.080897,8.080897,-6.039738,2.23694,5.368656,5.368656,0,0.894776,-3.1,-1,3.2,136.7,136.7,137.7,Tripod,Other,,20,5,True,,True,False,,Smart,RC,False,True,False,,,True,,False,False,False,False,False,False,False,False,False,False,0,Follow Yaw,-77.9,0,128.6,128.6,False,False,False,False,False,,0,0,False,False,No Card,100,100,1024,1446,1024,1024,2,False,False,False,False,False,0,False,False,False,False,67,,46.344,,6778,,10044,,46.344,,True,3.862,3.862,3.862,3.862,3.862,3.862,3.862,3.862,3.862,3.862,3.862,3.862,0,,False,False,True,,,,,,,,,,,,,,,False,False,19.312,,104.3,,75.7,,104.3,,1297,122,,22,7,140588.5,18745.14,,Idle,,20,,10,,,20,Go Home,False,False,False,False,False,False,False,False,False,False,False,False,33.8027920380556,-117.4659261431046,3986.2,3986.2,1049.4,396.9,True,1,1,False,False,False,False,,True,False,False,Course Lock,196.8,67,16.4,93,NW,S,1.34,11.4,Calm,False,False,Android,7.0.2,M300 RTK,1ZN7L4R0H1D00F,1W9DL31001461C,1ZMLH8300204F0,1Z6PH74DAP0QN7,"Corona, CA",728.3,5.7,137.7,8.547347,2.013246,0,0,DJI Matrice 300 RTK,M300 RTK,1ZN7L4R0H1D00F,1W9DL31001461C,1ZMLH8300204F0,1Z6PH74DAP0QN7,DJI Pilot,Android,7.0.2,1EF72A62-B7C3-C88D-164E-CE6F8C8424AE,1ZN7L4R0H1D00F,1W9DL31001461C,,1ZMLH8300204F0,1W9DL31001461C,,,,,
2023-11-01,11:34:31.85 AM,10m 9.5s,609.5,33.7946336295862,-117.4746737422034,-16.7,137.7,16.0,1247,5343.6,8.080897,8.080897,-6.039738,2.23694,5.368656,5.368656,0,0.894776,-3.5,-0.9,3.6,136.7,136.7,138.0,Tripod,Other,,20,5,True,,True,False,,Smart,RC,False,True,False,,,True,,False,False,False,False,False,False,False,False,False,False,0,Follow Yaw,-77.9,0,128.6,128.6,False,False,False,False,False,,0,0,False,False,No Card,100,100,1024,1451,1024,1024,2,False,False,False,False,False,0,False,False,False,False,67,,46.344,,6778,,10044,,46.344,,True,3.862,3.862,3.862,3.862,3.862,3.862,3.862,3.862,3.862,3.862,3.862,3.862,0,,False,False,True,,,,,,,,,,,,,,,False,False,19.312,,104.3,,75.7,,104.3,,1297,122,,22,7,140588.5,18745.14,,Idle,,20,,10,,,20,Go Home,False,False,False,False,False,False,False,False,False,False,False,False,33.8027920380556,-117.4659261431046,3986.3,3986.3,1049.4,396.9,True,1,1,False,False,False,False,,True,False,False,Course Lock,196.8,67,16.4,93,NW,S,1.34,11.4,Calm,False,False,Android,7.0.2,M300 RTK,1ZN7L4R0H1D00F,1W9DL31001461C,1ZMLH8300204F0,1Z6PH74DAP0QN7,"Corona, CA",728.3,5.7,137.7,8.547347,2.013246,0,0,DJI Matrice 300 RTK,M300 RTK,1ZN7L4R0H1D00F,1W9DL31001461C,1ZMLH8300204F0,1Z6PH74DAP0QN7,DJI Pilot,Android,7.0.2,1EF72A62-B7C3-C88D-164E-CE6F8C8424AE,1ZN7L4R0H1D00F,1W9DL31001461C,,1ZMLH8300204F0,1W9DL31001461C,,,,,
2023-11-01,11:34:31.95 AM,10m 9.6s,609.6,33.7946311520581,-117.474671019902,-16.7,137.7,16.0,1247,5344.8,8.080897,8.080897,-6.039738,2.23694,5.368656,5.368656,0,0.894776,-3.8,-0.6,3.8,136.7,136.7,137.5,Tripod,Other,,21,5,True,,True,False,,Smart,RC,False,True,False,,,True,,False,False,False,False,False,False,False,False,False,False,0,Follow Yaw,-77.9,0,128.6,128.6,False,False,False,False,False,,0,0,False,False,No Card,100,100,1024,1462,1024,1024,2,False,False,False,False,False,0,False,False,False,False,67,,46.344,,6778,,10044,,46.344,,True,3.862,3.862,3.862,3.862,3.862,3.862,3.862,3.862,3.862,3.862,3.862,3.862,0,,False,False,True,,,,,,,,,,,,,,,False,False,19.312,,104.3,,75.7,,104.3,,1297,122,,22,7,140588.5,18745.14,,Idle,,20,,10,,,20,Go Home,False,False,False,False,False,False,False,False,False,False,False,False,33.8027920380556,-117.4659261431046,3986.4,3986.4,1049.4,396.9,True,1,1,False,False,False,False,,True,False,False,Course Lock,196.8,67,16.4,93,NW,S,1.34,11.4,Calm,False,False,Android,7.0.2,M300 RTK,1ZN7L4R0H1D00F,1W9DL31001461C,1ZMLH8300204F0,1Z6PH74DAP0QN7,"Corona, CA",728.3,5.7,137.7,8.547347,2.013246,0,0,DJI Matrice 300 RTK,M300 RTK,1ZN7L4R0H1D00F,1W9DL31001461C,1ZMLH8300204F0,1Z6PH74DAP0QN7,DJI Pilot,Android,7.0.2,1EF72A62-B7C3-C88D-164E-CE6F8C8424AE,1ZN7L4R0H1D00F,1W9DL31001461C,,1ZMLH8300204F0,1W9DL31001461C,,,,,
2023-11-01,11:34:32.05 AM,10m 9.7s,609.7,33.7946286501839,-117.4746684392362,-16.7,137.7,16.0,1247,5346.0,8.080897,8.080897,-6.039738,2.23694,5.368656,5.368656,0,0.894776,-3.8,-0.5,3.8,136.7,136.7,139.3,Tripod,Other,,21,5,True,,True,False,,Smart,RC,False,True,False,,,True,,False,False,False,False,False,False,False,False,False,False,0,Follow Yaw,-77.9,0,128.6,128.6,False,False,False,False,False,,0,0,False,False,No Card,100,100,1024,1474,1000,1024,2,False,False,False,False,False,0,False,False,False,False,67,,46.344,,6778,,10044,,46.344,,True,3.862,3.862,3.862,3.862,3.862,3.862,3.862,3.862,3.862,3.862,3.862,3.862,0,,False,False,True,,,,,,,,,,,,,,,False,False,19.312,,104.3,,75.7,,104.3,,1297,122,,22,7,140588.5,18745.14,,Idle,,20,,10,,,20,Go Home,False,False,False,False,False,False,False,False,False,False,False,False,33.8027920380556,-117.4659261431046,3986.6,3986.6,1049.4,396.9,True,1,1,False,False,False,False,,True,False,False,Course Lock,196.8,67,16.4,93,NW,S,1.34,11.4,Calm,False,False,Android,7.0.2,M300 RTK,1ZN7L4R0H1D00F,1W9DL31001461C,1ZMLH8300204F0,1Z6PH74DAP0QN7,"Corona, CA",728.3,5.7,137.7,8.547347,2.013246,0,0,DJI Matrice 300 RTK,M300 RTK,1ZN7L4R0H1D00F,1W9DL31001461C,1ZMLH8300204F0,1Z6PH74DAP0QN7,DJI Pilot,Android,7.0.2,1EF72A62-B7C3-C88D-164E-CE6F8C8424AE,1ZN7L4R0H1D00F,1W9DL31001461C,,1ZMLH8300204F0,1W9DL31001461C,,,,,
2023-11-01,11:34:32.16 AM,10m 9.8s,609.8,33.794626154152,-117.474665719955,-16.7,137.7,16.0,1247,5347.2,8.080897,8.080897,-6.039738,2.23694,5.368656,5.368656,0,0.894776,-3.7,-0.8,3.7,136.7,136.7,137.8,Tripod,Other,,21,5,True,,True,False,,Smart,RC,False,True,False,,,True,,False,False,False,False,False,False,False,False,False,False,0,Follow Yaw,-77.9,0,128.6,128.6,False,False,False,False,False,,0,0,False,False,No Card,100,100,1024,1483,896,1024,2,False,False,False,False,False,0,False,False,False,False,67,,46.344,,6778,,10044,,46.344,,True,3.862,3.862,3.862,3.862,3.862,3.862,3.862,3.862,3.862,3.862,3.862,3.862,0,,False,False,True,,,,,,,,,,,,,,,False,False,19.312,,104.3,,75.7,,104.3,,1297,122,,22,7,140588.5,18745.14,,Idle,,20,,10,,,20,Go Home,False,False,False,False,False,False,False,False,False,False,False,False,33.8027920380556,-117.4659261431046,3986.7,3986.7,1049.4,396.9,True,1,1,False,False,False,False,,True,False,False,Course Lock,196.8,67,16.4,93,NW,S,1.34,11.4,Calm,False,False,Android,7.0.2,M300 RTK,1ZN7L4R0H1D00F,1W9DL31001461C,1ZMLH8300204F0,1Z6PH74DAP0QN7,"Corona, CA",728.3,5.7,137.7,8.547347,2.013246,0,0,DJI Matrice 300 RTK,M300 RTK,1ZN7L4R0H1D00F,1W9DL31001461C,1ZMLH8300204F0,1Z6PH74DAP0QN7,DJI Pilot,Android,7.0.2,1EF72A62-B7C3-C88D-164E-CE6F8C8424AE,1ZN7L4R0H1D00F,1W9DL31001461C,,1ZMLH8300204F0,1W9DL31001461C,,,,,
2023-11-01,11:34:32.26 AM,10m 9.9s,609.9,33.7946236288911,-117.4746630043334,-16.7,137.7,16.4,1247,5348.4,8.080897,8.080897,-6.039738,2.23694,5.368656,5.368656,0,0.894776,-3.7,-0.9,3.8,136.7,136.7,138.2,Tripod,Other,,21,5,True,,True,False,,Smart,RC,False,True,False,,,True,,False,False,False,False,False,False,False,False,False,False,0,Follow Yaw,-77.9,0,128.6,128.6,False,False,False,False,False,,0,0,False,False,No Card,100,100,1024,1490,736,1024,2,False,False,False,False,False,0,False,False,False,False,67,,46.344,,6778,,10044,,46.344,,True,3.862,3.862,3.862,3.862,3.862,3.862,3.862,3.862,3.862,3.862,3.862,3.862,0,,False,False,True,,,,,,,,,,,,,,,False,False,19.312,,104.3,,75.7,,104.3,,1297,122,,22,7,140588.5,18745.14,,Idle,,20,,10,,,20,Go Home,False,False,False,False,False,False,False,False,False,False,False,False,33.8027920380556,-117.4659261431046,3986.9,3986.9,1049.4,396.9,True,1,1,False,False,False,False,,True,False,False,Course Lock,196.8,67,16.4,93,NW,S,1.34,11.4,Calm,False,False,Android,7.0.2,M300 RTK,1ZN7L4R0H1D00F,1W9DL31001461C,1ZMLH8300204F0,1Z6PH74DAP0QN7,"Corona, CA",728.3,5.7,137.7,8.547347,2.013246,0,0,DJI Matrice 300 RTK,M300 RTK,1ZN7L4R0H1D00F,1W9DL31001461C,1ZMLH8300204F0,1Z6PH74DAP0QN7,DJI Pilot,Android,7.0.2,1EF72A62-B7C3-C88D-164E-CE6F8C8424AE,1ZN7L4R0H1D00F,1W9DL31001461C,,1ZMLH8300204F0,1W9DL31001461C,,,,,
2023-11-01,11:34:32.37 AM,10m 10.0s,610.0,33.7946211260574,-117.4746602720225,-16.7,137.7,16.4,1247,5349.7,8.080897,8.080897,-6.039738,2.23694,5.368656,5.368656,0,0.894776,-4,-0.8,4,136.7,136.7,137.7,Tripod,Other,,21,5,True,,True,False,,Smart,RC,False,True,False,,,True,,False,False,False,False,False,False,False,False,False,False,0,Follow Yaw,-77.9,0,128.6,128.6,False,False,False,False,False,,0,0,False,False,No Card,100,100,1024,1487,713,1024,2,False,False,False,False,False,0,False,False,False,False,67,,46.272,,6778,,10044,,46.272,,True,3.862,3.862,3.862,3.862,3.862,3.862,3.862,3.862,3.862,3.862,3.862,3.862,0,,False,False,True,,,,,,,,,,,,,,,False,False,19.164,,104.5,,75.7,,104.5,,1297,122,,22,7,140588.5,18745.14,,Idle,,20,,10,,,20,Go Home,False,False,False,False,False,False,False,False,False,False,False,False,33.8027920380556,-117.4659261431046,3987.0,3987.0,1049.4,396.9,True,1,1,False,False,False,False,,True,False,False,Course Lock,196.8,67,16.4,93,NW,S,1.34,11.4,Calm,False,False,Android,7.0.2,M300 RTK,1ZN7L4R0H1D00F,1W9DL31001461C,1ZMLH8300204F0,1Z6PH74DAP0QN7,"Corona, CA",728.3,5.7,137.7,8.547347,2.013246,0,0,DJI Matrice 300 RTK,M300 RTK,1ZN7L4R0H1D00F,1W9DL31001461C,1ZMLH8300204F0,1Z6PH74DAP0QN7,DJI Pilot,Android,7.0.2,1EF72A62-B7C3-C88D-164E-CE6F8C8424AE,1ZN7L4R0H1D00F,1W9DL31001461C,,1ZMLH8300204F0,1W9DL31001461C,,,,,
2023-11-01,11:34:32.47 AM,10m 10.1s,610.1,33.7946189217333,-117.4746577803687,-16.7,137.7,16.4,1247,5350.8,8.080897,8.080897,-6.039738,2.23694,5.368656,5.368656,0,0.894776,-4.4,-0.6,4.4,136.7,136.7,136.7,Tripod,Other,,21,5,True,,True,False,,Smart,RC,False,True,False,,,True,,False,False,False,False,False,False,False,False,False,False,0,Follow Yaw,-77.9,0,128.6,128.6,False,False,False,False,False,,0,0,False,False,No Card,100,100,1024,1486,750,1024,2,False,False,False,False,False,0,False,False,False,False,67,,46.272,,6778,,10044,,46.272,,True,3.862,3.862,3.862,3.862,3.862,3.862,3.862,3.862,3.862,3.862,3.862,3.862,0,,False,False,True,,,,,,,,,,,,,,,False,False,19.164,,104.5,,75.7,,104.5,,1297,122,,22,7,140588.5,18745.14,,Idle,,20,,10,,,20,Go Home,False,False,False,False,False,False,False,False,False,False,False,False,33.8027920380556,-117.4659261431046,3987.1,3987.1,1049.4,396.9,True,1,1,False,False,False,False,,True,False,False,Course Lock,196.8,67,16.4,93,NW,S,1.34,11.4,Calm,False,False,Android,7.0.2,M300 RTK,1ZN7L4R0H1D00F,1W9DL31001461C,1ZMLH8300204F0,1Z6PH74DAP0QN7,"Corona, CA",728.3,5.7,137.7,8.547347,2.013246,0,0,DJI Matrice 300 RTK,M300 RTK,1ZN7L4R0H1D00F,1W9DL31001461C,1ZMLH8300204F0,1Z6PH74DAP0QN7,DJI Pilot,Android,7.0.2,1EF72A62-B7C3-C88D-164E-CE6F8C8424AE,1ZN7L4R0H1D00F,1W9DL31001461C,,1ZMLH8300204F0,1W9DL31001461C,,,,,
2023-11-01,11:34:32.57 AM,10m 10.2s,610.2,33.7946164285455,-117.4746550506762,-16.7,137.7,16.4,1247,5352.0,8.080897,8.080897,-6.039738,2.23694,5.368656,5.368656,0.223694,0.894776,-4.6,-0.5,4.6,136.6,136.6,137.7,Tripod,Other,,21,5,True,,True,False,,Smart,RC,False,True,False,,,True,,False,False,False,False,False,False,False,False,False,False,0,Follow Yaw,-77.9,0,128.6,128.6,False,False,False,False,False,,0,0,False,False,No Card,100,100,1024,1486,747,1024,2,False,False,False,False,False,0,False,False,False,False,67,,46.272,,6778,,10044,,46.272,,True,3.862,3.862,3.862,3.862,3.862,3.862,3.862,3.862,3.862,3.862,3.862,3.862,0,,False,False,True,,,,,,,,,,,,,,,False,False,19.164,,104.5,,75.7,,104.5,,1297,122,,22,7,140588.5,18745.14,,Idle,,20,,10,,,20,Go Home,False,False,False,False,False,False,False,False,False,False,False,False,33.8027920380556,-117.4659261431046,3987.2,3987.2,1049.4,396.9,True,1,1,False,False,False,False,,True,False,False,Course Lock,196.8,67,16.4,93,NW,S,1.34,11.4,Calm,False,False,Android,7.0.2,M300 RTK,1ZN7L4R0H1D00F,1W9DL31001461C,1ZMLH8300204F0,1Z6PH74DAP0QN7,"Corona, CA",728.3,5.7,137.7,8.547347,2.013246,0,0,DJI Matrice 300 RTK,M300 RTK,1ZN7L4R0H1D00F,1W9DL31001461C,1ZMLH8300204F0,1Z6PH74DAP0QN7,DJI Pilot,Android,7.0.2,1EF72A62-B7C3-C88D-164E-CE6F8C8424AE,1ZN7L4R0H1D00F,1W9DL31001461C,,1ZMLH8300204F0,1W9DL31001461C,,,,,
2023-11-01,11:34:32.68 AM,10m 10.3s,610.3,33.7946138157004,-117.474652096284,-16.7,137.7,16.4,1247,5353.3,8.231209,8.231209,-6.039738,2.23694,5.59235,5.59235,0.223694,0.894776,-4.7,-0.8,4.7,136.6,136.6,136.7,Tripod,Other,,21,5,True,,True,False,,Smart,RC,False,True,False,,,True,,False,False,False,False,False,False,False,False,False,False,0,Follow Yaw,-77.9,0,128.6,128.6,False,False,False,False,False,,0,0,False,False,No Card,100,100,1024,1480,751,1024,2,False,False,False,False,False,0,False,False,False,False,67,,46.272,,6778,,10044,,46.272,,True,3.861,3.861,3.861,3.861,3.861,3.861,3.861,3.861,3.861,3.861,3.861,3.861,0,,False,False,True,,,,,,,,,,,,,,,False,False,19.164,,104.5,,75.7,,104.5,,1298,122,,22,7,140327.1,18710.28,,Idle,,20,,10,,,20,Go Home,False,False,False,False,False,False,False,False,False,False,False,False,33.8027920380556,-117.4659261431046,3987.3,3987.3,1049.4,396.9,True,1,1,False,False,False,False,,True,False,False,Course Lock,196.8,67,16.4,93,NW,S,1.34,11.4,Calm,False,False,Android,7.0.2,M300 RTK,1ZN7L4R0H1D00F,1W9DL31001461C,1ZMLH8300204F0,1Z6PH74DAP0QN7,"Corona, CA",728.3,5.7,137.7,8.547347,2.013246,0,0,DJI Matrice 300 RTK,M300 RTK,1ZN7L4R0H1D00F,1W9DL31001461C,1ZMLH8300204F0,1Z6PH74DAP0QN7,DJI Pilot,Android,7.0.2,1EF72A62-B7C3-C88D-164E-CE6F8C8424AE,1ZN7L4R0H1D00F,1W9DL31001461C,,1ZMLH8300204F0,1W9DL31001461C,,,,,
2023-11-01,11:34:32.78 AM,10m 10.4s,610.4,33.7946112847342,-117.4746493179158,-17.0,137.7,16.4,1247,5354.6,8.231209,8.231209,-6.039738,2.23694,5.59235,5.59235,0.447388,0.894776,-4.6,-1,4.7,136.6,136.6,137.6,Tripod,Other,,21,5,True,,True,False,,Smart,RC,False,True,False,,,True,,False,False,False,False,False,False,False,False,False,False,0,Follow Yaw,-77.9,0,128.6,128.6,False,False,False,False,False,,0,0,False,False,No Card,100,100,1024,1481,754,1024,2,False,False,False,False,False,0,False,False,False,False,67,,46.272,,6778,,10044,,46.272,,True,3.861,3.861,3.861,3.861,3.861,3.861,3.861,3.861,3.861,3.861,3.861,3.861,0,,False,False,True,,,,,,,,,,,,,,,False,False,19.164,,104.5,,75.7,,104.5,,1298,122,,22,7,140327.1,18710.28,,Idle,,20,,10,,,20,Go Home,False,False,False,False,False,False,False,False,False,False,False,False,33.8027920380556,-117.4659261431046,3987.5,3987.5,1049.4,396.9,True,1,1,False,False,False,False,,True,False,False,Course Lock,196.8,67,16.4,93,NW,S,1.34,11.4,Calm,False,False,Android,7.0.2,M300 RTK,1ZN7L4R0H1D00F,1W9DL31001461C,1ZMLH8300204F0,1Z6PH74DAP0QN7,"Corona, CA",728.3,5.7,137.7,8.547347,2.013246,0,0,DJI Matrice 300 RTK,M300 RTK,1ZN7L4R0H1D00F,1W9DL31001461C,1ZMLH8300204F0,1Z6PH74DAP0QN7,DJI Pilot,Android,7.0.2,1EF72A62-B7C3-C88D-164E-CE6F8C8424AE,1ZN7L4R0H1D00F,1W9DL31001461C,,1ZMLH8300204F0,1W9DL31001461C,,,,,
2023-11-01,11:34:32.84 AM,10m 10.5s,610.5,33.7946087056069,-117.4746464597822,-17.0,137.7,16.4,1247,5355.9,8.231209,8.231209,-6.039738,2.23694,5.59235,5.59235,0.447388,0.894776,-4.3,-1,4.4,136.7,136.7,137.3,Tripod,Other,,21,5,True,,True,False,,Smart,RC,False,True,False,,,True,,False,False,False,False,False,False,False,False,False,False,0,Follow Yaw,-77.9,0,128.6,128.6,False,False,False,False,False,,0,0,False,False,No Card,100,100,1024,1481,758,1024,2,False,False,False,False,False,0,False,False,False,False,67,,46.272,,6778,,10044,,46.272,,True,3.861,3.861,3.861,3.861,3.861,3.861,3.861,3.861,3.861,3.861,3.861,3.861,0,,False,False,True,,,,,,,,,,,,,,,False,False,19.164,,104.5,,75.7,,104.5,,1298,122,,22,7,140327.1,18710.28,,Idle,,20,,10,,,20,Go Home,False,False,False,False,False,False,False,False,False,False,False,False,33.8027920380556,-117.4659261431046,3987.6,3987.6,1049.4,396.9,True,1,1,False,False,False,False,,True,False,False,Course Lock,196.8,67,16.4,93,NW,S,1.34,11.4,Calm,False,False,Android,7.0.2,M300 RTK,1ZN7L4R0H1D00F,1W9DL31001461C,1ZMLH8300204F0,1Z6PH74DAP0QN7,"Corona, CA",728.3,5.7,137.7,8.547347,2.013246,0,0,DJI Matrice 300 RTK,M300 RTK,1ZN7L4R0H1D00F,1W9DL31001461C,1ZMLH8300204F0,1Z6PH74DAP0QN7,DJI Pilot,Android,7.0.2,1EF72A62-B7C3-C88D-164E-CE6F8C8424AE,1ZN7L4R0H1D00F,1W9DL31001461C,,1ZMLH8300204F0,1W9DL31001461C,,,,,
2023-11-01,11:34:32.94 AM,10m 10.6s,610.6,33.7946061503974,-117.4746436385419,-17.0,137.7,16.4,1247,5357.1,8.396723,8.396723,-6.263432,2.23694,5.59235,5.59235,0.447388,0.894776,-4.2,-0.9,4.2,136.8,136.8,137.4,Tripod,Other,,21,5,True,,True,False,,Smart,RC,False,True,False,,,True,,False,False,False,False,False,False,False,False,False,False,0,Follow Yaw,-77.9,0,128.6,128.6,False,False,False,False,False,,0,0,False,False,No Card,100,100,1024,1474,760,1024,2,False,False,False,False,False,0,False,False,False,False,67,,46.272,,6778,,10044,,46.272,,True,3.861,3.861,3.861,3.861,3.861,3.861,3.861,3.861,3.861,3.861,3.861,3.861,0,,False,False,True,,,,,,,,,,,,,,,False,False,19.164,,104.5,,75.7,,104.5,,1298,122,,22,7,140327.1,18710.28,,Idle,,20,,10,,,20,Go Home,False,False,False,False,False,False,False,False,False,False,False,False,33.8027920380556,-117.4659261431046,3987.7,3987.7,1049.4,396.9,True,1,1,False,False,False,False,,True,False,False,Course Lock,196.8,67,16.4,93,NW,S,1.34,11.4,Calm,False,False,Android,7.0.2,M300 RTK,1ZN7L4R0H1D00F,1W9DL31001461C,1ZMLH8300204F0,1Z6PH74DAP0QN7,"Corona, CA",728.3,5.7,137.7,8.547347,2.013246,0,0,DJI Matrice 300 RTK,M300 RTK,1ZN7L4R0H1D00F,1W9DL31001461C,1ZMLH8300204F0,1Z6PH74DAP0QN7,DJI Pilot,Android,7.0.2,1EF72A62-B7C3-C88D-164E-CE6F8C8424AE,1ZN7L4R0H1D00F,1W9DL31001461C,,1ZMLH8300204F0,1W9DL31001461C,,,,,
2023-11-01,11:34:33.04 AM,10m 10.7s,610.7,33.794603620168,-117.4746406662958,-17.0,137.7,16.4,1247,5358.4,8.396723,8.396723,-6.263432,2.23694,5.59235,5.59235,0.447388,0.894776,-4,-0.6,4,136.9,136.9,135.6,Tripod,Other,,21,5,True,,True,False,,Smart,RC,False,True,False,,,True,,False,False,False,False,False,False,False,False,False,False,0,Follow Yaw,-77.9,0,128.6,128.6,False,False,False,False,False,,0,0,False,False,No Card,100,100,1024,1470,759,1024,2,False,False,False,False,False,0,False,False,False,False,67,,46.272,,6778,,10044,,46.272,,True,3.861,3.861,3.861,3.861,3.861,3.861,3.861,3.861,3.861,3.861,3.861,3.861,0,,False,False,True,,,,,,,,,,,,,,,False,False,19.164,,104.5,,75.7,,104.5,,1298,122,,22,7,140327.1,18710.28,,Idle,,20,,10,,,20,Go Home,False,False,False,False,False,False,False,False,False,False,False,False,33.8027920380556,-117.4659261431046,3987.8,3987.8,1049.4,396.9,True,1,1,False,False,False,False,,True,False,False,Course Lock,196.8,67,16.4,93,NW,S,1.34,11.4,Calm,False,False,Android,7.0.2,M300 RTK,1ZN7L4R0H1D00F,1W9DL31001461C,1ZMLH8300204F0,1Z6PH74DAP0QN7,"Corona, CA",728.3,5.7,137.7,8.547347,2.013246,0,0,DJI Matrice 300 RTK,M300 RTK,1ZN7L4R0H1D00F,1W9DL31001461C,1ZMLH8300204F0,1Z6PH74DAP0QN7,DJI Pilot,Android,7.0.2,1EF72A62-B7C3-C88D-164E-CE6F8C8424AE,1ZN7L4R0H1D00F,1W9DL31001461C,,1ZMLH8300204F0,1W9DL31001461C,,,,,
2023-11-01,11:34:33.14 AM,10m 10.8s,610.8,33.7946010396358,-117.4746378110073,-17.3,137.7,16.4,1246,5359.7,8.396723,8.396723,-6.263432,2.23694,5.59235,5.59235,0.447388,0.894776,-3.8,-0.7,3.8,136.9,136.9,137.4,Tripod,Other,,21,5,True,,True,False,,Smart,RC,False,True,False,,,True,,False,False,False,False,False,False,False,False,False,False,0,Follow Yaw,-77.9,0,128.6,128.6,False,False,False,False,False,,0,0,False,False,No Card,100,100,1024,1477,757,1024,2,False,False,False,False,False,0,False,False,False,False,67,,46.272,,6778,,10044,,46.272,,True,3.861,3.861,3.861,3.861,3.861,3.861,3.861,3.861,3.861,3.861,3.861,3.861,0,,False,False,True,,,,,,,,,,,,,,,False,False,19.164,,104.5,,75.7,,104.5,,1298,122,,22,7,140327.1,18710.28,,Idle,,20,,10,,,20,Go Home,False,False,False,False,False,False,False,False,False,False,False,False,33.8027920380556,-117.4659261431046,3988.0,3988.0,1049.4,396.9,True,1,1,False,False,False,False,,True,False,False,Course Lock,196.8,67,16.4,93,NW,S,1.34,11.4,Calm,False,False,Android,7.0.2,M300 RTK,1ZN7L4R0H1D00F,1W9DL31001461C,1ZMLH8300204F0,1Z6PH74DAP0QN7,"Corona, CA",728.3,5.7,137.7,8.547347,2.013246,0,0,DJI Matrice 300 RTK,M300 RTK,1ZN7L4R0H1D00F,1W9DL31001461C,1ZMLH8300204F0,1Z6PH74DAP0QN7,DJI Pilot,Android,7.0.2,1EF72A62-B7C3-C88D-164E-CE6F8C8424AE,1ZN7L4R0H1D00F,1W9DL31001461C,,1ZMLH8300204F0,1W9DL31001461C,,,,,
2023-11-01,11:34:33.24 AM,10m 10.9s,610.9,33.7945982298802,-117.4746349474412,-17.3,137.7,16.7,1246,5361.0,8.396723,8.396723,-6.263432,2.23694,5.59235,5.59235,0.447388,0.894776,-3.4,-0.9,3.5,136.9,136.9,139.7,Tripod,Other,,21,5,True,,True,False,,Smart,RC,False,True,False,,,True,,False,False,False,False,False,False,False,False,False,False,0,Follow Yaw,-77.9,0,128.6,128.6,False,False,False,False,False,,0,0,False,False,No Card,100,100,1024,1483,755,1024,2,False,False,False,False,False,0,False,False,False,False,67,,46.272,,6778,,10044,,46.272,,True,3.861,3.861,3.861,3.861,3.861,3.861,3.861,3.861,3.861,3.861,3.861,3.861,0,,False,False,True,,,,,,,,,,,,,,,False,False,19.164,,104.5,,75.7,,104.5,,1298,122,,22,7,140327.1,18710.28,,Idle,,20,,10,,,20,Go Home,False,False,False,False,False,False,False,False,False,False,False,False,33.8027920380556,-117.4659261431046,3988.1,3988.1,1049.4,396.9,True,1,1,False,False,False,False,,True,False,False,Course Lock,196.8,67,16.4,93,NW,S,1.34,11.4,Calm,False,False,Android,7.0.2,M300 RTK,1ZN7L4R0H1D00F,1W9DL31001461C,1ZMLH8300204F0,1Z6PH74DAP0QN7,"Corona, CA",728.3,5.7,137.7,8.547347,2.013246,0,0,DJI Matrice 300 RTK,M300 RTK,1ZN7L4R0H1D00F,1W9DL31001461C,1ZMLH8300204F0,1Z6PH74DAP0QN7,DJI Pilot,Android,7.0.2,1EF72A62-B7C3-C88D-164E-CE6F8C8424AE,1ZN7L4R0H1D00F,1W9DL31001461C,,1ZMLH8300204F0,1W9DL31001461C,,,,,
2023-11-01,11:34:33.34 AM,10m 11.0s,611.0,33.7945956160071,-117.4746320742885,-17.3,137.7,16.7,1246,5362.3,8.396723,8.396723,-6.263432,2.23694,5.59235,5.59235,0.447388,0.894776,-3.2,-1.2,3.4,136.8,136.8,137.5,Tripod,Other,,21,5,True,,True,False,,Smart,RC,False,True,False,,,True,,False,False,False,False,False,False,False,False,False,False,0,Follow Yaw,-77.9,0,128.6,128.6,False,False,False,False,False,,0,0,False,False,No Card,100,100,1024,1465,770,1024,2,False,False,False,False,False,0,False,False,False,False,67,,46.248,,6778,,10044,,46.248,,True,3.861,3.861,3.861,3.861,3.861,3.861,3.861,3.861,3.861,3.861,3.861,3.861,0,,False,False,True,,,,,,,,,,,,,,,False,False,19.21,,104.3,,75.7,,104.5,,1298,122,,22,7,140327.1,18710.28,,Idle,,20,,10,,,20,Go Home,False,False,False,False,False,False,False,False,False,False,False,False,33.8027920380556,-117.4659261431046,3988.3,3988.3,1049.4,396.9,True,1,1,False,False,False,False,,True,False,False,Course Lock,196.8,67,16.4,93,NW,S,1.34,11.4,Calm,False,False,Android,7.0.2,M300 RTK,1ZN7L4R0H1D00F,1W9DL31001461C,1ZMLH8300204F0,1Z6PH74DAP0QN7,"Corona, CA",728.3,5.7,137.7,8.547347,2.013246,0,0,DJI Matrice 300 RTK,M300 RTK,1ZN7L4R0H1D00F,1W9DL31001461C,1ZMLH8300204F0,1Z6PH74DAP0QN7,DJI Pilot,Android,7.0.2,1EF72A62-B7C3-C88D-164E-CE6F8C8424AE,1ZN7L4R0H1D00F,1W9DL31001461C,,1ZMLH8300204F0,1W9DL31001461C,,,,,
2023-11-01,11:34:33.44 AM,10m 11.1s,611.1,33.7945932181477,-117.4746291466669,-17.3,137.7,16.7,1246,5363.6,8.547335,8.547335,-6.263432,2.23694,5.816044,5.816044,0.447388,0.894776,-3.3,-1,3.4,136.8,136.8,134.5,Tripod,Other,,21,5,True,,True,False,,Smart,RC,False,True,False,,,True,,False,False,False,False,False,False,False,False,False,False,0,Follow Yaw,-77.9,0,128.6,128.6,False,False,False,False,False,,0,0,False,False,No Card,100,100,1024,1449,786,1024,2,False,False,False,False,False,0,False,False,False,False,67,,46.248,,6778,,10044,,46.248,,True,3.861,3.861,3.861,3.861,3.861,3.861,3.861,3.861,3.861,3.861,3.861,3.861,0,,False,False,True,,,,,,,,,,,,,,,False,False,19.21,,104.3,,75.7,,104.5,,1298,122,,22,7,140327.1,18710.28,,Idle,,20,,10,,,20,Go Home,False,False,False,False,False,False,False,False,False,False,False,False,33.8027920380556,-117.4659261431046,3988.4,3988.4,1049.4,396.9,True,1,1,False,False,False,False,,True,False,False,Course Lock,196.8,67,16.4,93,NW,S,1.34,11.4,Calm,False,False,Android,7.0.2,M300 RTK,1ZN7L4R0H1D00F,1W9DL31001461C,1ZMLH8300204F0,1Z6PH74DAP0QN7,"Corona, CA",728.3,5.7,137.7,8.547347,2.013246,0,0,DJI Matrice 300 RTK,M300 RTK,1ZN7L4R0H1D00F,1W9DL31001461C,1ZMLH8300204F0,1Z6PH74DAP0QN7,DJI Pilot,Android,7.0.2,1EF72A62-B7C3-C88D-164E-CE6F8C8424AE,1ZN7L4R0H1D00F,1W9DL31001461C,,1ZMLH8300204F0,1W9DL31001461C,,,,,
2023-11-01,11:34:33.54 AM,10m 11.2s,611.2,33.7945906258451,-117.4746262497124,-17.7,137.7,16.7,1246,5364.9,8.547335,8.547335,-6.263432,2.23694,5.816044,5.816044,0.447388,0.894776,-3.4,-0.9,3.5,136.8,136.8,137.1,Tripod,Other,,21,5,True,,True,False,,Smart,RC,False,True,False,,,True,,False,False,False,False,False,False,False,False,False,False,0,Follow Yaw,-77.9,0,128.6,128.6,False,False,False,False,False,,0,0,False,False,No Card,100,100,1024,1447,774,1024,2,False,False,False,False,False,0,False,False,False,False,67,,46.248,,6778,,10044,,46.248,,True,3.861,3.861,3.861,3.861,3.861,3.861,3.861,3.861,3.861,3.861,3.861,3.861,0,,False,False,True,,,,,,,,,,,,,,,False,False,19.21,,104.3,,75.7,,104.5,,1298,122,,22,7,140327.1,18710.28,,Idle,,20,,10,,,20,Go Home,False,False,False,False,False,False,False,False,False,False,False,False,33.8027920380556,-117.4659261431046,3988.5,3988.5,1049.4,396.9,True,1,1,False,False,False,False,,True,False,False,Course Lock,196.8,67,16.4,93,NW,S,1.34,11.4,Calm,False,False,Android,7.0.2,M300 RTK,1ZN7L4R0H1D00F,1W9DL31001461C,1ZMLH8300204F0,1Z6PH74DAP0QN7,"Corona, CA",728.3,5.7,137.7,8.547347,2.013246,0,0,DJI Matrice 300 RTK,M300 RTK,1ZN7L4R0H1D00F,1W9DL31001461C,1ZMLH8300204F0,1Z6PH74DAP0QN7,DJI Pilot,Android,7.0.2,1EF72A62-B7C3-C88D-164E-CE6F8C8424AE,1ZN7L4R0H1D00F,1W9DL31001461C,,1ZMLH8300204F0,1W9DL31001461C,,,,,
2023-11-01,11:34:33.64 AM,10m 11.3s,611.3,33.7945879775174,-117.4746232184513,-17.7,137.7,16.7,1246,5366.2,8.547335,8.547335,-6.263432,2.23694,5.816044,5.816044,0.447388,0.894776,-3.3,-0.9,3.4,136.7,136.7,136.4,Tripod,Other,,21,5,True,,True,False,,Smart,RC,False,True,False,,,True,,False,False,False,False,False,False,False,False,False,False,0,Follow Yaw,-77.9,0,128.6,128.6,False,False,False,False,False,,0,0,False,False,No Card,100,100,1024,1449,767,1024,2,False,False,False,False,False,0,False,False,False,False,67,,46.248,,6778,,10044,,46.248,,True,3.855,3.855,3.855,3.855,3.855,3.855,3.855,3.855,3.855,3.855,3.855,3.855,0,,False,False,True,,,,,,,,,,,,,,,False,False,19.21,,104.3,,75.7,,104.5,,1298,122,,22,7,140462.0,18728.27,,Idle,,20,,10,,,20,Go Home,False,False,False,False,False,False,False,False,False,False,False,False,33.8027920380556,-117.4659261431046,3988.6,3988.6,1049.4,396.9,True,1,1,False,False,False,False,,True,False,False,Course Lock,196.8,67,16.4,93,NW,S,1.34,11.4,Calm,False,False,Android,7.0.2,M300 RTK,1ZN7L4R0H1D00F,1W9DL31001461C,1ZMLH8300204F0,1Z6PH74DAP0QN7,"Corona, CA",728.3,5.7,137.7,8.547347,2.013246,0,0,DJI Matrice 300 RTK,M300 RTK,1ZN7L4R0H1D00F,1W9DL31001461C,1ZMLH8300204F0,1Z6PH74DAP0QN7,DJI Pilot,Android,7.0.2,1EF72A62-B7C3-C88D-164E-CE6F8C8424AE,1ZN7L4R0H1D00F,1W9DL31001461C,,1ZMLH8300204F0,1W9DL31001461C,,,,,
2023-11-01,11:34:33.74 AM,10m 11.4s,611.4,33.7945853754318,-117.4746202935201,-17.7,137.7,16.4,1246,5367.5,8.547335,8.547335,-6.263432,2.23694,5.816044,5.816044,0.447388,0.894776,-3.4,-0.9,3.5,136.8,136.8,136.9,Tripod,Other,,21,5,True,,True,False,,Smart,RC,False,True,False,,,True,,False,False,False,False,False,False,False,False,False,False,0,Follow Yaw,-77.9,0,128.6,128.6,False,False,False,False,False,,0,0,False,False,No Card,100,100,1024,1433,763,1024,2,False,False,False,False,False,0,False,False,False,False,67,,46.248,,6778,,10044,,46.248,,True,3.855,3.855,3.855,3.855,3.855,3.855,3.855,3.855,3.855,3.855,3.855,3.855,0,,False,False,True,,,,,,,,,,,,,,,False,False,19.21,,104.3,,75.7,,104.5,,1298,122,,22,7,140462.0,18728.27,,Idle,,20,,10,,,20,Go Home,False,False,False,False,False,False,False,False,False,False,False,False,33.8027920380556,-117.4659261431046,3988.7,3988.7,1049.4,396.9,True,1,1,False,False,False,False,,True,False,False,Course Lock,196.8,67,16.4,93,NW,S,1.34,11.4,Calm,False,False,Android,7.0.2,M300 RTK,1ZN7L4R0H1D00F,1W9DL31001461C,1ZMLH8300204F0,1Z6PH74DAP0QN7,"Corona, CA",728.3,5.7,137.7,8.547347,2.013246,0,0,DJI Matrice 300 RTK,M300 RTK,1ZN7L4R0H1D00F,1W9DL31001461C,1ZMLH8300204F0,1Z6PH74DAP0QN7,DJI Pilot,Android,7.0.2,1EF72A62-B7C3-C88D-164E-CE6F8C8424AE,1ZN7L4R0H1D00F,1W9DL31001461C,,1ZMLH8300204F0,1W9DL31001461C,,,,,
2023-11-01,11:34:33.84 AM,10m 11.5s,611.5,33.7945827836261,-117.4746174930304,-17.7,137.7,16.4,1246,5368.8,8.547335,8.547335,-6.263432,2.23694,5.816044,5.816044,0.447388,0.894776,-3.6,-0.8,3.6,136.8,136.8,138.0,Tripod,Other,,21,5,True,,True,False,,Smart,RC,False,True,False,,,True,,False,False,False,False,False,False,False,False,False,False,0,Follow Yaw,-77.9,0,128.6,128.6,False,False,False,False,False,,0,0,False,False,No Card,100,100,1024,1433,763,1024,2,False,False,False,False,False,0,False,False,False,False,67,,46.248,,6778,,10044,,46.248,,True,3.855,3.855,3.855,3.855,3.855,3.855,3.855,3.855,3.855,3.855,3.855,3.855,0,,False,False,True,,,,,,,,,,,,,,,False,False,19.21,,104.3,,75.7,,104.5,,1298,122,,22,7,140462.0,18728.27,,Idle,,20,,10,,,20,Go Home,False,False,False,False,False,False,False,False,False,False,False,False,33.8027920380556,-117.4659261431046,3988.9,3988.9,1049.4,396.9,True,1,1,False,False,False,False,,True,False,False,Course Lock,196.8,67,16.4,93,NW,S,1.34,11.4,Calm,False,False,Android,7.0.2,M300 RTK,1ZN7L4R0H1D00F,1W9DL31001461C,1ZMLH8300204F0,1Z6PH74DAP0QN7,"Corona, CA",728.3,5.7,137.7,8.547347,2.013246,0,0,DJI Matrice 300 RTK,M300 RTK,1ZN7L4R0H1D00F,1W9DL31001461C,1ZMLH8300204F0,1Z6PH74DAP0QN7,DJI Pilot,Android,7.0.2,1EF72A62-B7C3-C88D-164E-CE6F8C8424AE,1ZN7L4R0H1D00F,1W9DL31001461C,,1ZMLH8300204F0,1W9DL31001461C,,,,,
2023-11-01,11:34:33.94 AM,10m 11.6s,611.6,33.7945801761778,-117.474614573408,-18.0,137.7,16.4,1246,5370.1,8.547335,8.547335,-6.263432,2.23694,5.816044,5.816044,0.447388,0.894776,-3.5,-0.9,3.6,136.7,136.7,137.0,Tripod,Other,,21,5,True,,True,False,,Smart,RC,False,True,False,,,True,,False,False,False,False,False,False,False,False,False,False,0,Follow Yaw,-77.9,0,128.6,128.6,False,False,False,False,False,,0,0,False,False,No Card,100,100,1024,1435,762,1024,2,False,False,False,False,False,0,False,False,False,False,67,,46.248,,6778,,10044,,46.248,,True,3.855,3.855,3.855,3.855,3.855,3.855,3.855,3.855,3.855,3.855,3.855,3.855,0,,False,False,True,,,,,,,,,,,,,,,False,False,19.21,,104.3,,75.7,,104.5,,1298,122,,22,7,140462.0,18728.27,,Idle,,20,,10,,,20,Go Home,False,False,False,False,False,False,False,False,False,False,False,False,33.8027920380556,-117.4659261431046,3989.0,3989.0,1049.4,396.9,True,1,1,False,False,False,False,,True,False,False,Course Lock,196.8,67,16.4,93,NW,S,1.34,11.4,Calm,False,False,Android,7.0.2,M300 RTK,1ZN7L4R0H1D00F,1W9DL31001461C,1ZMLH8300204F0,1Z6PH74DAP0QN7,"Corona, CA",728.3,5.7,137.7,8.547347,2.013246,0,0,DJI Matrice 300 RTK,M300 RTK,1ZN7L4R0H1D00F,1W9DL31001461C,1ZMLH8300204F0,1Z6PH74DAP0QN7,DJI Pilot,Android,7.0.2,1EF72A62-B7C3-C88D-164E-CE6F8C8424AE,1ZN7L4R0H1D00F,1W9DL31001461C,,1ZMLH8300204F0,1W9DL31001461C,,,,,
2023-11-01,11:34:34.04 AM,10m 11.7s,611.7,33.794577562733,-117.4746116602386,-18.0,137.7,16.7,1246,5371.4,8.547335,8.547335,-6.263432,2.23694,5.816044,5.816044,0.447388,0.894776,-3.3,-0.9,3.4,136.6,136.6,137.1,Tripod,Other,,21,5,True,,True,False,,Smart,RC,False,True,False,,,True,,False,False,False,False,False,False,False,False,False,False,0,Follow Yaw,-77.9,0,128.6,128.6,False,False,False,False,False,,0,0,False,False,No Card,100,100,1024,1435,764,1024,2,False,False,False,False,False,0,False,False,False,False,67,,46.284,,3340,,4986,,46.284,,True,3.855,3.855,3.855,3.855,3.855,3.855,3.855,3.855,3.855,3.855,3.855,3.855,0,,False,False,True,,,,,,,,,,,,,,,False,False,9.182,,104.1,,75.7,,104.5,,1298,122,,22,7,140462.0,18728.27,,Idle,,20,,10,,,20,Go Home,False,False,False,False,False,False,False,False,False,False,False,False,33.8027920380556,-117.4659261431046,3989.1,3989.1,1049.4,396.9,True,1,1,False,False,False,False,,True,False,False,Course Lock,196.8,67,16.4,93,NW,S,1.34,11.4,Calm,False,False,Android,7.0.2,M300 RTK,1ZN7L4R0H1D00F,1W9DL31001461C,1ZMLH8300204F0,1Z6PH74DAP0QN7,"Corona, CA",728.3,5.7,137.7,8.547347,2.013246,0,0,DJI Matrice 300 RTK,M300 RTK,1ZN7L4R0H1D00F,1W9DL31001461C,1ZMLH8300204F0,1Z6PH74DAP0QN7,DJI Pilot,Android,7.0.2,1EF72A62-B7C3-C88D-164E-CE6F8C8424AE,1ZN7L4R0H1D00F,1W9DL31001461C,,1ZMLH8300204F0,1W9DL31001461C,,,,,
2023-11-01,11:34:34.14 AM,10m 11.8s,611.8,33.7945749484144,-117.4746087460898,-18.0,137.7,16.7,1246,5372.7,8.547335,8.547335,-6.263432,2.23694,5.816044,5.816044,0.447388,0.894776,-3.2,-0.9,3.3,136.5,136.5,137.1,Tripod,Other,,21,5,True,,True,False,,Smart,RC,False,True,False,,,True,,False,False,False,False,False,False,False,False,False,False,0,Follow Yaw,-77.9,0,128.6,128.6,False,False,False,False,False,,0,0,False,False,No Card,100,100,1024,1434,764,1024,2,False,False,False,False,False,0,False,False,False,False,67,,46.284,,3340,,4986,,46.284,,True,3.855,3.855,3.855,3.855,3.855,3.855,3.855,3.855,3.855,3.855,3.855,3.855,0,,False,False,True,,,,,,,,,,,,,,,False,False,9.182,,104.1,,75.7,,104.5,,1298,122,,22,7,140462.0,18728.27,,Idle,,20,,10,,,20,Go Home,False,False,False,False,False,False,False,False,False,False,False,False,33.8027920380556,-117.4659261431046,3989.3,3989.3,1049.4,396.9,True,1,1,False,False,False,False,,True,False,False,Course Lock,196.8,67,16.4,93,NW,S,1.34,11.4,Calm,False,False,Android,7.0.2,M300 RTK,1ZN7L4R0H1D00F,1W9DL31001461C,1ZMLH8300204F0,1Z6PH74DAP0QN7,"Corona, CA",728.3,5.7,137.7,8.547347,2.013246,0,0,DJI Matrice 300 RTK,M300 RTK,1ZN7L4R0H1D00F,1W9DL31001461C,1ZMLH8300204F0,1Z6PH74DAP0QN7,DJI Pilot,Android,7.0.2,1EF72A62-B7C3-C88D-164E-CE6F8C8424AE,1ZN7L4R0H1D00F,1W9DL31001461C,,1ZMLH8300204F0,1W9DL31001461C,,,,,
2023-11-01,11:34:34.24 AM,10m 11.9s,611.9,33.7945723263517,-117.474605724632,-18.0,137.7,16.7,1246,5374.0,8.547335,8.547335,-6.263432,2.23694,5.816044,5.816044,0.447388,0.894776,-2.9,-0.9,3,136.4,136.4,136.2,Tripod,Other,,21,5,True,,True,False,,Smart,RC,False,True,False,,,True,,False,False,False,False,False,False,False,False,False,False,0,Follow Yaw,-77.9,0,128.6,128.6,False,False,False,False,False,,0,0,False,False,No Card,100,100,1024,1452,752,1024,2,False,False,False,False,False,0,False,False,False,False,67,,46.284,,3340,,4986,,46.284,,True,3.855,3.855,3.855,3.855,3.855,3.855,3.855,3.855,3.855,3.855,3.855,3.855,0,,False,False,True,,,,,,,,,,,,,,,False,False,9.182,,104.1,,75.7,,104.5,,1298,122,,22,7,140462.0,18728.27,,Idle,,20,,10,,,20,Go Home,False,False,False,False,False,False,False,False,False,False,False,False,33.8027920380556,-117.4659261431046,3989.4,3989.4,1049.4,396.9,True,1,1,False,False,False,False,,True,False,False,Course Lock,196.8,67,16.4,93,NW,S,1.34,11.4,Calm,False,False,Android,7.0.2,M300 RTK,1ZN7L4R0H1D00F,1W9DL31001461C,1ZMLH8300204F0,1Z6PH74DAP0QN7,"Corona, CA",728.3,5.7,137.7,8.547347,2.013246,0,0,DJI Matrice 300 RTK,M300 RTK,1ZN7L4R0H1D00F,1W9DL31001461C,1ZMLH8300204F0,1Z6PH74DAP0QN7,DJI Pilot,Android,7.0.2,1EF72A62-B7C3-C88D-164E-CE6F8C8424AE,1ZN7L4R0H1D00F,1W9DL31001461C,,1ZMLH8300204F0,1W9DL31001461C,,,,,
2023-11-01,11:34:34.34 AM,10m 12.0s,612.0,33.7945697096002,-117.4746028082257,-18.3,137.7,16.7,1245,5375.3,8.547335,8.547335,-6.263432,2.23694,5.816044,5.816044,0.447388,0.894776,-2.7,-0.9,2.8,136.4,136.4,137.1,Tripod,Other,,20,5,True,,True,False,,Smart,RC,False,True,False,,,True,,False,False,False,False,False,False,False,False,False,False,0,Follow Yaw,-77.9,0,128.6,128.6,False,False,False,False,False,,0,0,False,False,No Card,100,100,1024,1430,761,1024,2,False,False,False,False,False,0,False,False,False,False,67,,46.368,,6728,,10044,,46.368,,True,3.855,3.855,3.855,3.855,3.855,3.855,3.855,3.855,3.855,3.855,3.855,3.855,0,,False,False,True,,,,,,,,,,,,,,,False,False,18.176,,104.5,,75.7,,104.5,,1298,122,,22,7,140462.0,18728.27,,Idle,,20,,10,,,20,Go Home,False,False,False,False,False,False,False,False,False,False,False,False,33.8027920380556,-117.4659261431046,3989.5,3989.5,1049.4,396.9,True,1,1,False,False,False,False,,True,False,False,Course Lock,196.8,67,16.4,93,NW,S,1.34,11.4,Calm,False,False,Android,7.0.2,M300 RTK,1ZN7L4R0H1D00F,1W9DL31001461C,1ZMLH8300204F0,1Z6PH74DAP0QN7,"Corona, CA",728.3,5.7,137.7,8.547347,2.013246,0,0,DJI Matrice 300 RTK,M300 RTK,1ZN7L4R0H1D00F,1W9DL31001461C,1ZMLH8300204F0,1Z6PH74DAP0QN7,DJI Pilot,Android,7.0.2,1EF72A62-B7C3-C88D-164E-CE6F8C8424AE,1ZN7L4R0H1D00F,1W9DL31001461C,,1ZMLH8300204F0,1W9DL31001461C,,,,,
2023-11-01,11:34:34.44 AM,10m 12.1s,612.1,33.7945669823404,-117.4745999818983,-18.3,137.7,16.7,1245,5376.6,8.547335,8.547335,-6.263432,2.23694,5.816044,5.816044,0.447388,0.894776,-2.8,-1,2.9,136.3,136.3,139.2,Tripod,Other,,20,5,True,,True,False,,Smart,RC,False,True,False,,,True,,False,False,False,False,False,False,False,False,False,False,0,Follow Yaw,-77.9,0,128.6,128.6,False,False,False,False,False,,0,0,False,False,No Card,100,100,1024,1430,761,1024,2,False,False,False,False,False,0,False,False,False,False,67,,46.368,,6728,,10044,,46.368,,True,3.855,3.855,3.855,3.855,3.855,3.855,3.855,3.855,3.855,3.855,3.855,3.855,0,,False,False,True,,,,,,,,,,,,,,,False,False,18.176,,104.5,,75.7,,104.5,,1298,122,,22,7,140462.0,18728.27,,Idle,,20,,10,,,20,Go Home,False,False,False,False,False,False,False,False,False,False,False,False,33.8027920380556,-117.4659261431046,3989.7,3989.7,1049.4,396.9,True,1,1,False,False,False,False,,True,False,False,Course Lock,196.8,67,16.4,93,NW,S,1.34,11.4,Calm,False,False,Android,7.0.2,M300 RTK,1ZN7L4R0H1D00F,1W9DL31001461C,1ZMLH8300204F0,1Z6PH74DAP0QN7,"Corona, CA",728.3,5.7,137.7,8.547347,2.013246,0,0,DJI Matrice 300 RTK,M300 RTK,1ZN7L4R0H1D00F,1W9DL31001461C,1ZMLH8300204F0,1Z6PH74DAP0QN7,DJI Pilot,Android,7.0.2,1EF72A62-B7C3-C88D-164E-CE6F8C8424AE,1ZN7L4R0H1D00F,1W9DL31001461C,,1ZMLH8300204F0,1W9DL31001461C,,,,,
2023-11-01,11:34:34.53 AM,10m 12.2s,612.2,33.7945643670109,-117.4745970780733,-18.3,137.7,16.7,1245,5377.9,8.547335,8.547335,-6.263432,2.23694,5.816044,5.816044,0.447388,0.894776,-3.1,-1,3.2,136.2,136.2,137.3,Tripod,Other,,20,5,True,,True,False,,Smart,RC,False,True,False,,,True,,False,False,False,False,False,False,False,False,False,False,0,Follow Yaw,-77.9,0,128.6,128.6,False,False,False,False,False,,0,0,False,False,No Card,100,100,1024,1428,764,1024,2,False,False,False,False,False,0,False,False,False,False,67,,46.368,,6728,,10044,,46.368,,True,3.855,3.855,3.855,3.855,3.855,3.855,3.855,3.855,3.855,3.855,3.855,3.855,0,,False,False,True,,,,,,,,,,,,,,,False,False,18.176,,104.5,,75.7,,104.5,,1298,122,,22,7,140462.0,18728.27,,Idle,,20,,10,,,20,Go Home,False,False,False,False,False,False,False,False,False,False,False,False,33.8027920380556,-117.4659261431046,3989.8,3989.8,1049.4,396.9,True,1,1,False,False,False,False,,True,False,False,Course Lock,196.8,67,16.4,93,NW,S,1.34,11.4,Calm,False,False,Android,7.0.2,M300 RTK,1ZN7L4R0H1D00F,1W9DL31001461C,1ZMLH8300204F0,1Z6PH74DAP0QN7,"Corona, CA",728.3,5.7,137.7,8.547347,2.013246,0,0,DJI Matrice 300 RTK,M300 RTK,1ZN7L4R0H1D00F,1W9DL31001461C,1ZMLH8300204F0,1Z6PH74DAP0QN7,DJI Pilot,Android,7.0.2,1EF72A62-B7C3-C88D-164E-CE6F8C8424AE,1ZN7L4R0H1D00F,1W9DL31001461C,,1ZMLH8300204F0,1W9DL31001461C,,,,,
2023-11-01,11:34:34.63 AM,10m 12.3s,612.3,33.7945617011047,-117.4745940608574,-18.3,137.7,16.7,1245,5379.2,8.547335,8.547335,-6.263432,2.23694,5.816044,5.816044,0.447388,0.894776,-3.2,-0.8,3.2,136.3,136.3,136.7,Tripod,Other,,20,5,True,,True,False,,Smart,RC,False,True,False,,,True,,False,False,False,False,False,False,False,False,False,False,0,Follow Yaw,-77.9,0,128.6,128.6,False,False,False,False,False,,0,0,False,False,No Card,100,100,1024,1434,755,1024,2,False,False,False,False,False,0,False,False,False,False,67,,46.368,,6728,,10044,,46.368,,True,3.86,3.86,3.86,3.86,3.86,3.86,3.86,3.86,3.86,3.86,3.86,3.86,0,,False,False,True,,,,,,,,,,,,,,,False,False,18.176,,104.5,,75.7,,104.5,,1298,123,,22,7,140676.1,18756.81,,Idle,,20,,10,,,20,Go Home,False,False,False,False,False,False,False,False,False,False,False,False,33.8027920380556,-117.4659261431046,3990.0,3990.0,1049.4,396.9,True,1,1,False,False,False,False,,True,False,False,Course Lock,196.8,67,16.4,93,NW,S,1.34,11.4,Calm,False,False,Android,7.0.2,M300 RTK,1ZN7L4R0H1D00F,1W9DL31001461C,1ZMLH8300204F0,1Z6PH74DAP0QN7,"Corona, CA",728.3,5.7,137.7,8.547347,2.013246,0,0,DJI Matrice 300 RTK,M300 RTK,1ZN7L4R0H1D00F,1W9DL31001461C,1ZMLH8300204F0,1Z6PH74DAP0QN7,DJI Pilot,Android,7.0.2,1EF72A62-B7C3-C88D-164E-CE6F8C8424AE,1ZN7L4R0H1D00F,1W9DL31001461C,,1ZMLH8300204F0,1W9DL31001461C,,,,,
2023-11-01,11:34:34.74 AM,10m 12.4s,612.4,33.7945590883109,-117.4745911315245,-18.7,137.7,16.7,1245,5380.5,8.547335,8.547335,-6.263432,2.23694,5.816044,5.816044,0.447388,0.894776,-3,-0.6,3,136.3,136.3,137.0,Tripod,Other,,20,5,True,,True,False,,Smart,RC,False,True,False,,,True,,False,False,False,False,False,False,False,False,False,False,0,Follow Yaw,-77.9,0,128.6,128.6,False,False,False,False,False,,0,0,False,False,No Card,100,100,1024,1440,750,1024,2,False,False,False,False,False,0,False,False,False,False,67,,46.368,,6728,,10044,,46.368,,True,3.86,3.86,3.86,3.86,3.86,3.86,3.86,3.86,3.86,3.86,3.86,3.86,0,,False,False,True,,,,,,,,,,,,,,,False,False,18.176,,104.5,,75.7,,104.5,,1298,123,,22,7,140676.1,18756.81,,Idle,,20,,10,,,20,Go Home,False,False,False,False,False,False,False,False,False,False,False,False,33.8027920380556,-117.4659261431046,3990.1,3990.1,1049.4,396.9,True,1,1,False,False,False,False,,True,False,False,Course Lock,196.8,67,16.4,93,NW,S,1.34,11.4,Calm,False,False,Android,7.0.2,M300 RTK,1ZN7L4R0H1D00F,1W9DL31001461C,1ZMLH8300204F0,1Z6PH74DAP0QN7,"Corona, CA",728.3,5.7,137.7,8.547347,2.013246,0,0,DJI Matrice 300 RTK,M300 RTK,1ZN7L4R0H1D00F,1W9DL31001461C,1ZMLH8300204F0,1Z6PH74DAP0QN7,DJI Pilot,Android,7.0.2,1EF72A62-B7C3-C88D-164E-CE6F8C8424AE,1ZN7L4R0H1D00F,1W9DL31001461C,,1ZMLH8300204F0,1W9DL31001461C,,,,,
2023-11-01,11:34:34.84 AM,10m 12.5s,612.5,33.7945567457229,-117.4745879248321,-18.7,137.7,16.7,1245,5381.8,8.547335,8.547335,-6.263432,2.23694,5.816044,5.816044,0.447388,0.894776,-2.7,-0.6,2.7,136.4,136.4,131.3,Tripod,Other,,20,5,True,,True,False,,Smart,RC,False,True,False,,,True,,False,False,False,False,False,False,False,False,False,False,0,Follow Yaw,-77.9,0,128.6,128.6,False,False,False,False,False,,0,0,False,False,No Card,100,100,1024,1435,761,1024,2,False,False,False,False,False,0,False,False,False,False,67,,46.368,,6728,,10044,,46.368,,True,3.86,3.86,3.86,3.86,3.86,3.86,3.86,3.86,3.86,3.86,3.86,3.86,0,,False,False,True,,,,,,,,,,,,,,,False,False,18.176,,104.5,,75.7,,104.5,,1298,123,,22,7,140676.1,18756.81,,Idle,,20,,10,,,20,Go Home,False,False,False,False,False,False,False,False,False,False,False,False,33.8027920380556,-117.4659261431046,3990.1,3990.1,1049.4,396.9,True,1,1,False,False,False,False,,True,False,False,Course Lock,196.8,67,16.4,93,NW,S,1.34,11.4,Calm,False,False,Android,7.0.2,M300 RTK,1ZN7L4R0H1D00F,1W9DL31001461C,1ZMLH8300204F0,1Z6PH74DAP0QN7,"Corona, CA",728.3,5.7,137.7,8.547347,2.013246,0,0,DJI Matrice 300 RTK,M300 RTK,1ZN7L4R0H1D00F,1W9DL31001461C,1ZMLH8300204F0,1Z6PH74DAP0QN7,DJI Pilot,Android,7.0.2,1EF72A62-B7C3-C88D-164E-CE6F8C8424AE,1ZN7L4R0H1D00F,1W9DL31001461C,,1ZMLH8300204F0,1W9DL31001461C,,,,,
2023-11-01,11:34:34.94 AM,10m 12.6s,612.6,33.7945541570182,-117.4745849606419,-18.7,137.7,16.7,1245,5383.1,8.547335,8.547335,-6.263432,2.23694,5.816044,5.816044,0.447388,0.894776,-2.4,-0.6,2.4,136.5,136.5,136.4,Tripod,Other,,21,5,True,,True,False,,Smart,RC,False,True,False,,,True,,False,False,False,False,False,False,False,False,False,False,0,Follow Yaw,-77.9,0,128.6,128.6,False,False,False,False,False,,0,0,False,False,No Card,100,100,1024,1437,766,1024,2,False,False,False,False,False,0,False,False,False,False,67,,46.368,,6728,,10044,,46.368,,True,3.86,3.86,3.86,3.86,3.86,3.86,3.86,3.86,3.86,3.86,3.86,3.86,0,,False,False,True,,,,,,,,,,,,,,,False,False,18.176,,104.5,,75.7,,104.5,,1298,123,,22,7,140676.1,18756.81,,Idle,,20,,10,,,20,Go Home,False,False,False,False,False,False,False,False,False,False,False,False,33.8027920380556,-117.4659261431046,3990.2,3990.2,1049.4,396.9,True,1,1,False,False,False,False,,True,False,False,Course Lock,196.8,67,16.4,93,NW,S,1.34,11.4,Calm,False,False,Android,7.0.2,M300 RTK,1ZN7L4R0H1D00F,1W9DL31001461C,1ZMLH8300204F0,1Z6PH74DAP0QN7,"Corona, CA",728.3,5.7,137.7,8.547347,2.013246,0,0,DJI Matrice 300 RTK,M300 RTK,1ZN7L4R0H1D00F,1W9DL31001461C,1ZMLH8300204F0,1Z6PH74DAP0QN7,DJI Pilot,Android,7.0.2,1EF72A62-B7C3-C88D-164E-CE6F8C8424AE,1ZN7L4R0H1D00F,1W9DL31001461C,,1ZMLH8300204F0,1W9DL31001461C,,,,,
2023-11-01,11:34:35.04 AM,10m 12.7s,612.7,33.7945514109977,-117.4745822723578,-18.7,137.7,16.7,1245,5384.4,8.547335,8.547335,-6.263432,2.23694,5.816044,5.816044,0.447388,0.894776,-2.4,-0.4,2.4,136.5,136.5,140.8,Tripod,Other,,21,5,True,,True,False,,Smart,RC,False,True,False,,,True,,False,False,False,False,False,False,False,False,False,False,0,Follow Yaw,-77.9,0,128.6,128.6,False,False,False,False,False,,0,0,False,False,No Card,100,100,1024,1437,771,1024,2,False,False,False,False,False,0,False,False,False,False,67,,46.368,,6728,,10044,,46.368,,True,3.86,3.86,3.86,3.86,3.86,3.86,3.86,3.86,3.86,3.86,3.86,3.86,0,,False,False,True,,,,,,,,,,,,,,,False,False,18.176,,104.5,,75.7,,104.5,,1298,123,,22,7,140676.1,18756.81,,Idle,,20,,10,,,20,Go Home,False,False,False,False,False,False,False,False,False,False,False,False,33.8027920380556,-117.4659261431046,3990.4,3990.4,1049.4,396.9,True,1,1,False,False,False,False,,True,False,False,Course Lock,196.8,67,16.4,93,NW,S,1.34,11.4,Calm,False,False,Android,7.0.2,M300 RTK,1ZN7L4R0H1D00F,1W9DL31001461C,1ZMLH8300204F0,1Z6PH74DAP0QN7,"Corona, CA",728.3,5.7,137.7,8.547347,2.013246,0,0,DJI Matrice 300 RTK,M300 RTK,1ZN7L4R0H1D00F,1W9DL31001461C,1ZMLH8300204F0,1Z6PH74DAP0QN7,DJI Pilot,Android,7.0.2,1EF72A62-B7C3-C88D-164E-CE6F8C8424AE,1ZN7L4R0H1D00F,1W9DL31001461C,,1ZMLH8300204F0,1W9DL31001461C,,,,,
2023-11-01,11:34:35.14 AM,10m 12.8s,612.8,33.79454881006,-117.4745793395871,-19.0,137.7,16.7,1245,5385.7,8.547335,8.547335,-6.263432,2.23694,5.816044,5.816044,0.447388,0.894776,-2.5,-0.2,2.5,136.5,136.5,136.8,Tripod,Other,,21,5,True,,True,False,,Smart,RC,False,True,False,,,True,,False,False,False,False,False,False,False,False,False,False,0,Follow Yaw,-77.9,0,128.6,128.6,False,False,False,False,False,,0,0,False,False,No Card,100,100,1024,1431,779,1024,2,False,False,False,False,False,0,False,False,False,False,67,,46.368,,6728,,10044,,46.368,,True,3.86,3.86,3.86,3.86,3.86,3.86,3.86,3.86,3.86,3.86,3.86,3.86,0,,False,False,True,,,,,,,,,,,,,,,False,False,18.176,,104.5,,75.7,,104.5,,1298,123,,22,7,140676.1,18756.81,,Idle,,20,,10,,,20,Go Home,False,False,False,False,False,False,False,False,False,False,False,False,33.8027920380556,-117.4659261431046,3990.6,3990.6,1049.4,396.9,True,1,1,False,False,False,False,,True,False,False,Course Lock,196.8,67,16.4,93,NW,S,1.34,11.4,Calm,False,False,Android,7.0.2,M300 RTK,1ZN7L4R0H1D00F,1W9DL31001461C,1ZMLH8300204F0,1Z6PH74DAP0QN7,"Corona, CA",728.3,5.7,137.7,8.547347,2.013246,0,0,DJI Matrice 300 RTK,M300 RTK,1ZN7L4R0H1D00F,1W9DL31001461C,1ZMLH8300204F0,1Z6PH74DAP0QN7,DJI Pilot,Android,7.0.2,1EF72A62-B7C3-C88D-164E-CE6F8C8424AE,1ZN7L4R0H1D00F,1W9DL31001461C,,1ZMLH8300204F0,1W9DL31001461C,,,,,
2023-11-01,11:34:35.25 AM,10m 12.9s,612.9,33.7945461897277,-117.474576360419,-19.0,137.7,16.7,1245,5387.0,8.547335,8.547335,-6.263432,2.23694,5.816044,5.816044,0.447388,0.894776,-2.5,-0.2,2.5,136.3,136.3,136.6,Tripod,Other,,21,5,True,,True,False,,Smart,RC,False,True,False,,,True,,False,False,False,False,False,False,False,False,False,False,0,Follow Yaw,-77.9,0,128.6,128.6,False,False,False,False,False,,0,0,False,False,No Card,100,100,1024,1422,808,1024,2,False,False,False,False,False,0,False,False,False,False,67,,46.368,,6728,,10044,,46.368,,True,3.86,3.86,3.86,3.86,3.86,3.86,3.86,3.86,3.86,3.86,3.86,3.86,0,,False,False,True,,,,,,,,,,,,,,,False,False,18.176,,104.5,,75.7,,104.5,,1298,123,,22,7,140676.1,18756.81,,Idle,,20,,10,,,20,Go Home,False,False,False,False,False,False,False,False,False,False,False,False,33.8027920380556,-117.4659261431046,3990.7,3990.7,1049.4,396.9,True,1,1,False,False,False,False,,True,False,False,Course Lock,196.8,67,16.4,93,NW,S,1.34,11.4,Calm,False,False,Android,7.0.2,M300 RTK,1ZN7L4R0H1D00F,1W9DL31001461C,1ZMLH8300204F0,1Z6PH74DAP0QN7,"Corona, CA",728.3,5.7,137.7,8.547347,2.013246,0,0,DJI Matrice 300 RTK,M300 RTK,1ZN7L4R0H1D00F,1W9DL31001461C,1ZMLH8300204F0,1Z6PH74DAP0QN7,DJI Pilot,Android,7.0.2,1EF72A62-B7C3-C88D-164E-CE6F8C8424AE,1ZN7L4R0H1D00F,1W9DL31001461C,,1ZMLH8300204F0,1W9DL31001461C,,,,,
2023-11-01,11:34:35.35 AM,10m 13.0s,613.0,33.7945435714342,-117.4745734411728,-19.0,137.7,16.7,1245,5388.3,8.396723,8.547335,-6.263432,2.23694,5.59235,5.816044,0.447388,0.894776,-2.6,-0.5,2.6,136.2,136.2,137.1,Tripod,Other,,20,5,True,,True,False,,Smart,RC,False,True,False,,,True,,False,False,False,False,False,False,False,False,False,False,0,Follow Yaw,-77.9,0,128.6,128.6,False,False,False,False,False,,0,0,False,False,No Card,100,100,1024,1419,814,1024,2,False,False,False,False,False,0,False,False,False,False,67,,46.272,,3340,,4986,,46.272,,True,3.86,3.86,3.86,3.86,3.86,3.86,3.86,3.86,3.86,3.86,3.86,3.86,0,,False,False,True,,,,,,,,,,,,,,,False,False,8.974,,104.3,,75.7,,104.5,,1298,123,,22,7,140676.1,18756.81,,Idle,,20,,10,,,20,Go Home,False,False,False,False,False,False,False,False,False,False,False,False,33.8027920380556,-117.4659261431046,3990.8,3990.8,1049.4,396.9,True,1,1,False,False,False,False,,True,False,False,Course Lock,196.8,67,16.4,93,NW,S,1.34,11.4,Calm,False,False,Android,7.0.2,M300 RTK,1ZN7L4R0H1D00F,1W9DL31001461C,1ZMLH8300204F0,1Z6PH74DAP0QN7,"Corona, CA",728.3,5.7,137.7,8.547347,2.013246,0,0,DJI Matrice 300 RTK,M300 RTK,1ZN7L4R0H1D00F,1W9DL31001461C,1ZMLH8300204F0,1Z6PH74DAP0QN7,DJI Pilot,Android,7.0.2,1EF72A62-B7C3-C88D-164E-CE6F8C8424AE,1ZN7L4R0H1D00F,1W9DL31001461C,,1ZMLH8300204F0,1W9DL31001461C,,,,,
2023-11-01,11:34:35.46 AM,10m 13.1s,613.1,33.7945407857678,-117.4745705177518,-19.3,137.7,16.7,1244,5389.7,8.396723,8.547335,-6.263432,2.23694,5.59235,5.816044,0.447388,0.894776,-2.8,-0.7,2.8,136.3,136.3,138.9,Tripod,Other,,20,5,True,,True,False,,Smart,RC,False,True,False,,,True,,False,False,False,False,False,False,False,False,False,False,0,Follow Yaw,-77.9,0,128.6,128.6,False,False,False,False,False,,0,0,False,False,No Card,100,100,1024,1412,865,993,2,False,False,False,False,False,0,False,False,False,False,67,,46.272,,3340,,4986,,46.272,,True,3.86,3.86,3.86,3.86,3.86,3.86,3.86,3.86,3.86,3.86,3.86,3.86,0,,False,False,True,,,,,,,,,,,,,,,False,False,8.974,,104.3,,75.7,,104.5,,1298,123,,22,7,140676.1,18756.81,,Idle,,20,,10,,,20,Go Home,False,False,False,False,False,False,False,False,False,False,False,False,33.8027920380556,-117.4659261431046,3991.0,3991.0,1049.4,396.9,True,1,1,False,False,False,False,,True,False,False,Course Lock,196.8,67,16.4,93,NW,S,1.34,11.4,Calm,False,False,Android,7.0.2,M300 RTK,1ZN7L4R0H1D00F,1W9DL31001461C,1ZMLH8300204F0,1Z6PH74DAP0QN7,"Corona, CA",728.3,5.7,137.7,8.547347,2.013246,0,0,DJI Matrice 300 RTK,M300 RTK,1ZN7L4R0H1D00F,1W9DL31001461C,1ZMLH8300204F0,1Z6PH74DAP0QN7,DJI Pilot,Android,7.0.2,1EF72A62-B7C3-C88D-164E-CE6F8C8424AE,1ZN7L4R0H1D00F,1W9DL31001461C,,1ZMLH8300204F0,1W9DL31001461C,,,,,
2023-11-01,11:34:35.56 AM,10m 13.2s,613.2,33.7945381494846,-117.4745676104529,-19.3,137.7,16.7,1244,5391.0,8.396723,8.547335,-6.263432,2.23694,5.59235,5.816044,0.447388,0.894776,-3.4,-0.7,3.4,136.4,136.4,137.4,Tripod,Other,,20,5,True,,True,False,,Smart,RC,False,True,False,,,True,,False,False,False,False,False,False,False,False,False,False,0,Follow Yaw,-77.9,0,128.6,128.6,False,False,False,False,False,,0,0,False,False,No Card,100,100,1024,1407,867,949,2,False,False,False,False,False,0,False,False,False,False,67,,46.272,,3340,,4986,,46.272,,True,3.86,3.86,3.86,3.86,3.86,3.86,3.86,3.86,3.86,3.86,3.86,3.86,0,,False,False,True,,,,,,,,,,,,,,,False,False,8.974,,104.3,,75.7,,104.5,,1298,123,,22,7,140676.1,18756.81,,Idle,,20,,10,,,20,Go Home,False,False,False,False,False,False,False,False,False,False,False,False,33.8027920380556,-117.4659261431046,3991.2,3991.2,1049.4,396.9,True,1,1,False,False,False,False,,True,False,False,Course Lock,196.8,67,16.4,93,NW,S,1.56,11.4,Calm,False,False,Android,7.0.2,M300 RTK,1ZN7L4R0H1D00F,1W9DL31001461C,1ZMLH8300204F0,1Z6PH74DAP0QN7,"Corona, CA",728.3,5.7,137.7,8.547347,2.013246,0,0,DJI Matrice 300 RTK,M300 RTK,1ZN7L4R0H1D00F,1W9DL31001461C,1ZMLH8300204F0,1Z6PH74DAP0QN7,DJI Pilot,Android,7.0.2,1EF72A62-B7C3-C88D-164E-CE6F8C8424AE,1ZN7L4R0H1D00F,1W9DL31001461C,,1ZMLH8300204F0,1W9DL31001461C,,,,,
2023-11-01,11:34:35.66 AM,10m 13.3s,613.3,33.7945355827274,-117.4745648139267,-19.3,137.7,16.7,1244,5392.3,8.396723,8.547335,-6.263432,2.23694,5.59235,5.816044,0.447388,0.894776,-3.7,-0.5,3.7,136.5,136.5,137.8,Tripod,Other,,20,5,True,,True,False,,Smart,RC,False,True,False,,,True,,False,False,False,False,False,False,False,False,False,False,0,Follow Yaw,-77.9,0,128.6,128.6,False,False,False,False,False,,0,0,False,False,No Card,100,100,1024,1385,873,937,2,False,False,False,False,False,0,False,False,False,False,67,,46.272,,3340,,4986,,46.272,,True,3.86,3.86,3.86,3.86,3.86,3.86,3.86,3.86,3.86,3.86,3.86,3.86,0,,False,False,True,,,,,,,,,,,,,,,False,False,8.974,,104.3,,75.7,,104.5,,1297,123,,22,7,140597.5,18746.33,,Idle,,20,,10,,,20,Go Home,False,False,False,False,False,False,False,False,False,False,False,False,33.8027920380556,-117.4659261431046,3991.3,3991.3,1049.4,396.9,True,1,1,False,False,False,False,,True,False,False,Course Lock,196.8,67,16.4,93,NW,S,1.56,11.4,Calm,False,False,Android,7.0.2,M300 RTK,1ZN7L4R0H1D00F,1W9DL31001461C,1ZMLH8300204F0,1Z6PH74DAP0QN7,"Corona, CA",728.3,5.7,137.7,8.547347,2.013246,0,0,DJI Matrice 300 RTK,M300 RTK,1ZN7L4R0H1D00F,1W9DL31001461C,1ZMLH8300204F0,1Z6PH74DAP0QN7,DJI Pilot,Android,7.0.2,1EF72A62-B7C3-C88D-164E-CE6F8C8424AE,1ZN7L4R0H1D00F,1W9DL31001461C,,1ZMLH8300204F0,1W9DL31001461C,,,,,
2023-11-01,11:34:35.76 AM,10m 13.4s,613.4,33.7945329340741,-117.4745619169824,-19.3,137.7,16.7,1244,5393.6,8.396723,8.547335,-6.263432,2.23694,5.59235,5.816044,0.447388,0.894776,-3.6,-0.8,3.6,136.5,136.5,137.7,Tripod,Other,,20,5,True,,True,False,,Smart,RC,False,True,False,,,True,,False,False,False,False,False,False,False,False,False,False,0,Follow Yaw,-77.9,0,128.5,128.5,False,False,False,False,False,,0,0,False,False,No Card,100,100,971,1361,884,939,2,False,False,False,False,False,0,False,False,False,False,67,,46.272,,3340,,4986,,46.272,,True,3.86,3.86,3.86,3.86,3.86,3.86,3.86,3.86,3.86,3.86,3.86,3.86,0,,False,False,True,,,,,,,,,,,,,,,False,False,8.974,,104.3,,75.7,,104.5,,1297,123,,22,7,140597.5,18746.33,,Idle,,20,,10,,,20,Go Home,False,False,False,False,False,False,False,False,False,False,False,False,33.8027920380556,-117.4659261431046,3991.5,3991.5,1049.4,396.9,True,1,1,False,False,False,False,,True,False,False,Course Lock,196.8,67,16.4,93,NW,S,1.56,11.4,Calm,False,False,Android,7.0.2,M300 RTK,1ZN7L4R0H1D00F,1W9DL31001461C,1ZMLH8300204F0,1Z6PH74DAP0QN7,"Corona, CA",728.3,5.7,137.7,8.547347,2.013246,0,0,DJI Matrice 300 RTK,M300 RTK,1ZN7L4R0H1D00F,1W9DL31001461C,1ZMLH8300204F0,1Z6PH74DAP0QN7,DJI Pilot,Android,7.0.2,1EF72A62-B7C3-C88D-164E-CE6F8C8424AE,1ZN7L4R0H1D00F,1W9DL31001461C,,1ZMLH8300204F0,1W9DL31001461C,,,,,
2023-11-01,11:34:35.87 AM,10m 13.5s,613.5,33.7945303736733,-117.4745588932568,-19.3,137.7,16.7,1244,5394.9,8.396723,8.547335,-6.263432,2.23694,5.59235,5.816044,0.447388,0.894776,-3.1,-1.4,3.4,136.5,136.5,135.5,Tripod,Other,,20,5,True,,True,False,,Smart,RC,False,True,False,,,True,,False,False,False,False,False,False,False,False,False,False,0,Follow Yaw,-77.9,0,128.3,128.3,False,False,False,False,False,,0,0,False,False,No Card,100,100,912,1340,887,942,2,False,False,False,False,False,0,False,False,False,False,67,,46.272,,3340,,4986,,46.272,,True,3.86,3.86,3.86,3.86,3.86,3.86,3.86,3.86,3.86,3.86,3.86,3.86,0,,False,False,True,,,,,,,,,,,,,,,False,False,8.974,,104.3,,75.7,,104.5,,1297,123,,22,7,140597.5,18746.33,,Idle,,20,,10,,,20,Go Home,False,False,False,False,False,False,False,False,False,False,False,False,33.8027920380556,-117.4659261431046,3991.6,3991.6,1049.4,396.9,True,1,1,False,False,False,False,,True,False,False,Course Lock,196.8,67,16.4,93,NW,S,1.56,11.4,Calm,False,False,Android,7.0.2,M300 RTK,1ZN7L4R0H1D00F,1W9DL31001461C,1ZMLH8300204F0,1Z6PH74DAP0QN7,"Corona, CA",728.3,5.7,137.7,8.547347,2.013246,0,0,DJI Matrice 300 RTK,M300 RTK,1ZN7L4R0H1D00F,1W9DL31001461C,1ZMLH8300204F0,1Z6PH74DAP0QN7,DJI Pilot,Android,7.0.2,1EF72A62-B7C3-C88D-164E-CE6F8C8424AE,1ZN7L4R0H1D00F,1W9DL31001461C,,1ZMLH8300204F0,1W9DL31001461C,,,,,
2023-11-01,11:34:35.97 AM,10m 13.6s,613.6,33.7945277267676,-117.4745559817779,-19.6,137.7,16.7,1244,5396.2,8.396723,8.547335,-6.263432,2.23694,5.59235,5.816044,0.223694,0.894776,-2.6,-1.7,3.1,136.5,136.5,137.5,Tripod,Other,,20,5,True,,True,False,,Smart,RC,False,True,False,,,True,,False,False,False,False,False,False,False,False,False,False,0,Follow Yaw,-77.9,0,128.2,128.2,False,False,False,False,False,,0,0,False,False,No Card,100,100,879,1317,891,943,2,False,False,False,False,False,0,False,False,False,False,67,,46.272,,3340,,4986,,46.272,,True,3.86,3.86,3.86,3.86,3.86,3.86,3.86,3.86,3.86,3.86,3.86,3.86,0,,False,False,True,,,,,,,,,,,,,,,False,False,8.974,,104.3,,75.7,,104.5,,1297,123,,22,7,140597.5,18746.33,,Idle,,20,,10,,,20,Go Home,False,False,False,False,False,False,False,False,False,False,False,False,33.8027920380556,-117.4659261431046,3991.7,3991.7,1049.4,396.9,True,1,1,False,False,False,False,,True,False,False,Course Lock,196.8,67,16.4,93,NW,S,1.56,11.4,Calm,False,False,Android,7.0.2,M300 RTK,1ZN7L4R0H1D00F,1W9DL31001461C,1ZMLH8300204F0,1Z6PH74DAP0QN7,"Corona, CA",728.3,5.7,137.7,8.547347,2.013246,0,0,DJI Matrice 300 RTK,M300 RTK,1ZN7L4R0H1D00F,1W9DL31001461C,1ZMLH8300204F0,1Z6PH74DAP0QN7,DJI Pilot,Android,7.0.2,1EF72A62-B7C3-C88D-164E-CE6F8C8424AE,1ZN7L4R0H1D00F,1W9DL31001461C,,1ZMLH8300204F0,1W9DL31001461C,,,,,
2023-11-01,11:34:36.07 AM,10m 13.7s,613.7,33.7945252009927,-117.4745534831531,-19.6,137.7,16.7,1244,5397.4,8.547335,8.547335,-6.263432,2.23694,5.816044,5.816044,0.223694,0.894776,-2,-1.9,2.7,136.4,136.4,140.5,Tripod,Other,,20,5,True,,True,False,,Smart,RC,False,True,False,,,True,,False,False,False,False,False,False,False,False,False,False,0,Follow Yaw,-77.9,0,128.1,128.1,False,False,False,False,False,,0,0,False,False,No Card,100,100,871,1314,886,946,2,False,False,False,False,False,0,False,False,False,False,67,,46.272,,3340,,4986,,46.272,,True,3.86,3.86,3.86,3.86,3.86,3.86,3.86,3.86,3.86,3.86,3.86,3.86,0,,False,False,True,,,,,,,,,,,,,,,False,False,8.974,,104.3,,75.7,,104.5,,1297,123,,22,7,140597.5,18746.33,,Idle,,20,,10,,,20,Go Home,False,False,False,False,False,False,False,False,False,False,False,False,33.8027920380556,-117.4659261431046,3991.9,3991.9,1049.4,396.9,True,1,1,False,False,False,False,,True,False,False,Course Lock,196.8,67,16.4,93,NW,S,1.56,11.4,Calm,False,False,Android,7.0.2,M300 RTK,1ZN7L4R0H1D00F,1W9DL31001461C,1ZMLH8300204F0,1Z6PH74DAP0QN7,"Corona, CA",728.3,5.7,137.7,8.547347,2.013246,0,0,DJI Matrice 300 RTK,M300 RTK,1ZN7L4R0H1D00F,1W9DL31001461C,1ZMLH8300204F0,1Z6PH74DAP0QN7,DJI Pilot,Android,7.0.2,1EF72A62-B7C3-C88D-164E-CE6F8C8424AE,1ZN7L4R0H1D00F,1W9DL31001461C,,1ZMLH8300204F0,1W9DL31001461C,,,,,
2023-11-01,11:34:36.18 AM,10m 13.8s,613.8,33.7945226029848,-117.4745505963213,-19.6,137.7,16.7,1244,5398.7,8.547335,8.547335,-6.263432,2.23694,5.816044,5.816044,0.223694,0.894776,-1.5,-2.1,2.5,136.4,136.4,137.2,Tripod,Other,,20,5,True,,True,False,,Smart,RC,False,True,False,,,True,,False,False,False,False,False,False,False,False,False,False,0,Follow Yaw,-77.9,0,128,128,False,False,False,False,False,,0,0,False,False,No Card,100,100,891,1318,880,959,2,False,False,False,False,False,0,False,False,False,False,67,,46.272,,3340,,4986,,46.272,,True,3.86,3.86,3.86,3.86,3.86,3.86,3.86,3.86,3.86,3.86,3.86,3.86,0,,False,False,True,,,,,,,,,,,,,,,False,False,8.974,,104.3,,75.7,,104.5,,1297,123,,22,7,140597.5,18746.33,,Idle,,20,,10,,,20,Go Home,False,False,False,False,False,False,False,False,False,False,False,False,33.8027920380556,-117.4659261431046,3992.1,3992.1,1049.4,396.9,True,1,1,False,False,False,False,,True,False,False,Course Lock,196.8,67,16.4,93,NW,S,1.56,11.4,Calm,False,False,Android,7.0.2,M300 RTK,1ZN7L4R0H1D00F,1W9DL31001461C,1ZMLH8300204F0,1Z6PH74DAP0QN7,"Corona, CA",728.3,5.7,137.7,8.547347,2.013246,0,0,DJI Matrice 300 RTK,M300 RTK,1ZN7L4R0H1D00F,1W9DL31001461C,1ZMLH8300204F0,1Z6PH74DAP0QN7,DJI Pilot,Android,7.0.2,1EF72A62-B7C3-C88D-164E-CE6F8C8424AE,1ZN7L4R0H1D00F,1W9DL31001461C,,1ZMLH8300204F0,1W9DL31001461C,,,,,
2023-11-01,11:34:36.24 AM,10m 13.9s,613.9,33.7945199832693,-117.4745476320949,-19.6,137.7,16.7,1244,5400.0,8.384795,8.547335,-6.039738,2.23694,5.816044,5.816044,0.223694,0.894776,-0.9,-2.4,2.5,136.4,136.4,136.7,Tripod,Other,,20,5,True,,True,False,,Smart,RC,False,True,False,,,True,,False,False,False,False,False,False,False,False,False,False,0,Follow Yaw,-77.9,0,127.8,127.8,False,False,False,False,False,,0,0,False,False,No Card,100,100,904,1317,879,964,2,False,False,False,False,False,0,False,False,False,False,67,,46.272,,3340,,4986,,46.272,,True,3.86,3.86,3.86,3.86,3.86,3.86,3.86,3.86,3.86,3.86,3.86,3.86,0,,False,False,True,,,,,,,,,,,,,,,False,False,8.974,,104.3,,75.7,,104.5,,1297,123,,22,7,140597.5,18746.33,,Idle,,20,,10,,,20,Go Home,False,False,False,False,False,False,False,False,False,False,False,False,33.8027920380556,-117.4659261431046,3992.2,3992.2,1049.4,396.9,True,1,1,False,False,False,False,,True,False,False,Course Lock,196.8,67,16.4,93,NW,S,1.56,11.4,Calm,False,False,Android,7.0.2,M300 RTK,1ZN7L4R0H1D00F,1W9DL31001461C,1ZMLH8300204F0,1Z6PH74DAP0QN7,"Corona, CA",728.3,5.7,137.7,8.547347,2.013246,0,0,DJI Matrice 300 RTK,M300 RTK,1ZN7L4R0H1D00F,1W9DL31001461C,1ZMLH8300204F0,1Z6PH74DAP0QN7,DJI Pilot,Android,7.0.2,1EF72A62-B7C3-C88D-164E-CE6F8C8424AE,1ZN7L4R0H1D00F,1W9DL31001461C,,1ZMLH8300204F0,1W9DL31001461C,,,,,
2023-11-01,11:34:36.34 AM,10m 14.0s,614.0,33.7945174473003,-117.4745447359032,-19.6,137.7,17.0,1244,5401.3,8.384795,8.547335,-6.039738,2.23694,5.816044,5.816044,0.223694,0.894776,-0.7,-2.8,2.8,136.3,136.3,136.4,Tripod,Other,,20,5,True,,True,False,,Smart,RC,False,True,False,,,True,,False,False,False,False,False,False,False,False,False,False,0,Follow Yaw,-77.9,0,127.8,127.8,False,False,False,False,False,,0,0,False,False,No Card,100,100,904,1313,885,966,2,False,False,False,False,False,0,False,False,False,False,67,,46.38,,6728,,10044,,46.38,,True,3.86,3.86,3.86,3.86,3.86,3.86,3.86,3.86,3.86,3.86,3.86,3.86,0,,False,False,True,,,,,,,,,,,,,,,False,False,18.66,,104.5,,75.7,,104.5,,1297,123,,22,7,140597.5,18746.33,,Idle,,20,,10,,,20,Go Home,False,False,False,False,False,False,False,False,False,False,False,False,33.8027920380556,-117.4659261431046,3992.3,3992.3,1049.4,396.9,True,1,1,False,False,False,False,,True,False,False,Course Lock,196.8,67,16.4,93,NW,S,1.56,11.4,Calm,False,False,Android,7.0.2,M300 RTK,1ZN7L4R0H1D00F,1W9DL31001461C,1ZMLH8300204F0,1Z6PH74DAP0QN7,"Corona, CA",728.3,5.7,137.7,8.547347,2.013246,0,0,DJI Matrice 300 RTK,M300 RTK,1ZN7L4R0H1D00F,1W9DL31001461C,1ZMLH8300204F0,1Z6PH74DAP0QN7,DJI Pilot,Android,7.0.2,1EF72A62-B7C3-C88D-164E-CE6F8C8424AE,1ZN7L4R0H1D00F,1W9DL31001461C,,1ZMLH8300204F0,1W9DL31001461C,,,,,
2023-11-01,11:34:36.44 AM,10m 14.1s,614.1,33.7945147055801,-117.4745415504227,-19.6,137.7,17.0,1244,5402.6,8.384795,8.547335,-6.039738,2.23694,5.816044,5.816044,0.223694,0.894776,-0.5,-3,3,136.2,136.2,136.0,Tripod,Other,,20,5,True,,True,False,,Smart,RC,False,True,False,,,True,,False,False,False,False,False,False,False,False,False,False,0,Follow Yaw,-77.9,0,127.7,127.7,False,False,False,False,False,,0,0,False,False,No Card,100,100,904,1313,885,966,2,False,False,False,False,False,0,False,False,False,False,67,,46.38,,6728,,10044,,46.38,,True,3.86,3.86,3.86,3.86,3.86,3.86,3.86,3.86,3.86,3.86,3.86,3.86,0,,False,False,True,,,,,,,,,,,,,,,False,False,18.66,,104.5,,75.7,,104.5,,1297,123,,22,7,140597.5,18746.33,,Idle,,20,,10,,,20,Go Home,False,False,False,False,False,False,False,False,False,False,False,False,33.8027920380556,-117.4659261431046,3992.5,3992.5,1049.4,396.9,True,1,1,False,False,False,False,,True,False,False,Course Lock,196.8,67,16.4,93,NW,S,1.56,11.4,Calm,False,False,Android,7.0.2,M300 RTK,1ZN7L4R0H1D00F,1W9DL31001461C,1ZMLH8300204F0,1Z6PH74DAP0QN7,"Corona, CA",728.3,5.7,137.7,8.547347,2.013246,0,0,DJI Matrice 300 RTK,M300 RTK,1ZN7L4R0H1D00F,1W9DL31001461C,1ZMLH8300204F0,1Z6PH74DAP0QN7,DJI Pilot,Android,7.0.2,1EF72A62-B7C3-C88D-164E-CE6F8C8424AE,1ZN7L4R0H1D00F,1W9DL31001461C,,1ZMLH8300204F0,1W9DL31001461C,,,,,
2023-11-01,11:34:36.54 AM,10m 14.2s,614.2,33.7945122396168,-117.4745386076531,-20.0,137.7,17.0,1244,5403.9,8.225128,8.547335,-5.816044,2.23694,5.816044,5.816044,0.223694,0.894776,0,-2.8,2.8,136.2,136.2,135.2,Tripod,Other,,20,5,True,,True,False,,Smart,RC,False,True,False,,,True,,False,False,False,False,False,False,False,False,False,False,0,Follow Yaw,-77.9,0,127.6,127.6,False,False,False,False,False,,0,0,False,False,No Card,100,100,890,1312,881,962,2,False,False,False,False,False,0,False,False,False,False,67,,46.38,,6728,,10044,,46.38,,True,3.86,3.86,3.86,3.86,3.86,3.86,3.86,3.86,3.86,3.86,3.86,3.86,0,,False,False,True,,,,,,,,,,,,,,,False,False,18.66,,104.5,,75.7,,104.5,,1297,123,,22,7,140597.5,18746.33,,Idle,,20,,10,,,20,Go Home,False,False,False,False,False,False,False,False,False,False,False,False,33.8027920380556,-117.4659261431046,3992.6,3992.6,1049.4,396.9,True,1,1,False,False,False,False,,True,False,False,Course Lock,196.8,67,16.4,93,NW,S,1.56,11.4,Calm,False,False,Android,7.0.2,M300 RTK,1ZN7L4R0H1D00F,1W9DL31001461C,1ZMLH8300204F0,1Z6PH74DAP0QN7,"Corona, CA",728.3,5.7,137.7,8.547347,2.013246,0,0,DJI Matrice 300 RTK,M300 RTK,1ZN7L4R0H1D00F,1W9DL31001461C,1ZMLH8300204F0,1Z6PH74DAP0QN7,DJI Pilot,Android,7.0.2,1EF72A62-B7C3-C88D-164E-CE6F8C8424AE,1ZN7L4R0H1D00F,1W9DL31001461C,,1ZMLH8300204F0,1W9DL31001461C,,,,,
2023-11-01,11:34:36.64 AM,10m 14.3s,614.3,33.7945100223915,-117.4745357051346,-20.0,137.7,17.0,1244,5405.1,8.225128,8.547335,-5.816044,2.23694,5.816044,5.816044,0.223694,0.894776,0.2,-2,2,136.1,136.1,132.5,Tripod,Other,,20,5,True,,True,False,,Smart,RC,False,True,False,,,True,,False,False,False,False,False,False,False,False,False,False,0,Follow Yaw,-77.9,0,127.5,127.5,False,False,False,False,False,,0,0,False,False,No Card,100,100,865,1301,882,963,2,False,False,False,False,False,0,False,False,False,False,67,,46.38,,6728,,10044,,46.38,,True,3.863,3.863,3.863,3.863,3.863,3.863,3.863,3.863,3.863,3.863,3.863,3.863,0,,False,False,True,,,,,,,,,,,,,,,False,False,18.66,,104.5,,75.7,,104.5,,1297,123,,23,7,140233.0,18697.73,,Idle,,20,,10,,,20,Go Home,False,False,False,False,False,False,False,False,False,False,False,False,33.8027920380556,-117.4659261431046,3992.6,3992.6,1049.4,396.9,True,1,1,False,False,False,False,,True,False,False,Course Lock,196.8,67,16.4,93,NW,S,1.56,11.4,Calm,False,False,Android,7.0.2,M300 RTK,1ZN7L4R0H1D00F,1W9DL31001461C,1ZMLH8300204F0,1Z6PH74DAP0QN7,"Corona, CA",728.3,5.7,137.7,8.547347,2.013246,0,0,DJI Matrice 300 RTK,M300 RTK,1ZN7L4R0H1D00F,1W9DL31001461C,1ZMLH8300204F0,1Z6PH74DAP0QN7,DJI Pilot,Android,7.0.2,1EF72A62-B7C3-C88D-164E-CE6F8C8424AE,1ZN7L4R0H1D00F,1W9DL31001461C,,1ZMLH8300204F0,1W9DL31001461C,,,,,
2023-11-01,11:34:36.74 AM,10m 14.4s,614.4,33.794507668153,-117.4745327727518,-20.0,137.7,17.0,1244,5406.3,8.068503,8.547335,-5.59235,2.23694,5.816044,5.816044,0.223694,0.894776,0.3,-1.8,1.8,135.9,135.9,134.0,Tripod,Other,,20,5,True,,True,False,,Smart,RC,False,True,False,,,True,,False,False,False,False,False,False,False,False,False,False,0,Follow Yaw,-77.9,0,127.4,127.4,False,False,False,False,False,,0,0,False,False,No Card,100,100,868,1301,880,963,2,False,False,False,False,False,0,False,False,False,False,67,,46.38,,6728,,10044,,46.38,,True,3.863,3.863,3.863,3.863,3.863,3.863,3.863,3.863,3.863,3.863,3.863,3.863,0,,False,False,True,,,,,,,,,,,,,,,False,False,18.66,,104.5,,75.7,,104.5,,1297,123,,23,7,140233.0,18697.73,,Idle,,20,,10,,,20,Go Home,False,False,False,False,False,False,False,False,False,False,False,False,33.8027920380556,-117.4659261431046,3992.7,3992.7,1049.4,396.9,True,1,1,False,False,False,False,,True,False,False,Course Lock,196.8,67,16.4,93,NW,S,1.56,11.4,Calm,False,False,Android,7.0.2,M300 RTK,1ZN7L4R0H1D00F,1W9DL31001461C,1ZMLH8300204F0,1Z6PH74DAP0QN7,"Corona, CA",728.3,5.7,137.7,8.547347,2.013246,0,0,DJI Matrice 300 RTK,M300 RTK,1ZN7L4R0H1D00F,1W9DL31001461C,1ZMLH8300204F0,1Z6PH74DAP0QN7,DJI Pilot,Android,7.0.2,1EF72A62-B7C3-C88D-164E-CE6F8C8424AE,1ZN7L4R0H1D00F,1W9DL31001461C,,1ZMLH8300204F0,1W9DL31001461C,,,,,
2023-11-01,11:34:36.84 AM,10m 14.5s,614.5,33.7945055010761,-117.4745299915438,-20.0,137.7,17.0,1244,5407.5,8.068503,8.547335,-5.59235,2.23694,5.816044,5.816044,0.223694,0.894776,0.3,-1.9,1.9,135.7,135.7,133.1,Tripod,Other,,20,5,True,,True,False,,Smart,RC,False,True,False,,,True,,False,False,False,False,False,False,False,False,False,False,0,Follow Yaw,-77.9,0,127.3,127.3,False,False,False,False,False,,0,0,False,False,No Card,100,100,909,1315,879,963,2,False,False,False,False,False,0,False,False,False,False,67,,46.38,,6728,,10044,,46.38,,True,3.863,3.863,3.863,3.863,3.863,3.863,3.863,3.863,3.863,3.863,3.863,3.863,0,,False,False,True,,,,,,,,,,,,,,,False,False,18.66,,104.5,,75.7,,104.5,,1297,123,,23,7,140233.0,18697.73,,Idle,,20,,10,,,20,Go Home,False,False,False,False,False,False,False,False,False,False,False,False,33.8027920380556,-117.4659261431046,3992.7,3992.7,1049.4,396.9,True,1,1,False,False,False,False,,True,False,False,Course Lock,196.8,67,16.4,93,NW,S,1.56,11.4,Calm,False,False,Android,7.0.2,M300 RTK,1ZN7L4R0H1D00F,1W9DL31001461C,1ZMLH8300204F0,1Z6PH74DAP0QN7,"Corona, CA",728.3,5.7,137.7,8.547347,2.013246,0,0,DJI Matrice 300 RTK,M300 RTK,1ZN7L4R0H1D00F,1W9DL31001461C,1ZMLH8300204F0,1Z6PH74DAP0QN7,DJI Pilot,Android,7.0.2,1EF72A62-B7C3-C88D-164E-CE6F8C8424AE,1ZN7L4R0H1D00F,1W9DL31001461C,,1ZMLH8300204F0,1W9DL31001461C,,,,,
2023-11-01,11:34:36.91 AM,10m 14.6s,614.6,33.7945032569005,-117.4745270962669,-20.0,137.7,17.0,1244,5408.7,7.752215,8.547335,-5.368656,2.23694,5.59235,5.816044,0.223694,0.894776,0.3,-2.1,2.1,135.5,135.5,133.0,Tripod,Other,,20,5,True,,True,False,,Smart,RC,False,True,False,,,True,,False,False,False,False,False,False,False,False,False,False,0,Follow Yaw,-77.9,0,127.2,127.2,False,False,False,False,False,,0,0,False,False,No Card,100,100,1004,1345,879,963,2,False,False,False,False,False,0,False,False,False,False,67,,46.38,,6728,,10044,,46.38,,True,3.863,3.863,3.863,3.863,3.863,3.863,3.863,3.863,3.863,3.863,3.863,3.863,0,,False,False,True,,,,,,,,,,,,,,,False,False,18.66,,104.5,,75.7,,104.5,,1297,123,,23,7,140233.0,18697.73,,Idle,,20,,10,,,20,Go Home,False,False,False,False,False,False,False,False,False,False,False,False,33.8027920380556,-117.4659261431046,3992.8,3992.8,1049.4,396.9,True,1,1,False,False,False,False,,True,False,False,Course Lock,196.8,67,16.4,93,NW,S,1.56,11.4,Calm,False,False,Android,7.0.2,M300 RTK,1ZN7L4R0H1D00F,1W9DL31001461C,1ZMLH8300204F0,1Z6PH74DAP0QN7,"Corona, CA",728.3,5.7,137.7,8.547347,2.013246,0,0,DJI Matrice 300 RTK,M300 RTK,1ZN7L4R0H1D00F,1W9DL31001461C,1ZMLH8300204F0,1Z6PH74DAP0QN7,DJI Pilot,Android,7.0.2,1EF72A62-B7C3-C88D-164E-CE6F8C8424AE,1ZN7L4R0H1D00F,1W9DL31001461C,,1ZMLH8300204F0,1W9DL31001461C,,,,,
2023-11-01,11:34:37.04 AM,10m 14.7s,614.7,33.7945013296353,-117.4745245266922,-20.0,137.7,17.0,1244,5409.7,7.599013,8.547335,-5.144962,2.23694,5.59235,5.816044,0,0.894776,0,-1.8,1.8,135.4,135.4,132.0,Tripod,Other,,20,5,True,,True,False,,Smart,RC,False,True,False,,,True,,False,False,False,False,False,False,False,False,False,False,0,Follow Yaw,-77.9,0,127.2,127.2,False,False,False,False,False,,0,0,False,False,No Card,100,100,1024,1374,878,963,2,False,False,False,False,False,0,False,False,False,False,67,,46.38,,6728,,10044,,46.38,,True,3.863,3.863,3.863,3.863,3.863,3.863,3.863,3.863,3.863,3.863,3.863,3.863,0,,False,False,True,,,,,,,,,,,,,,,False,False,18.66,,104.5,,75.7,,104.5,,1297,123,,23,7,140233.0,18697.73,,Idle,,20,,10,,,20,Go Home,False,False,False,False,False,False,False,False,False,False,False,False,33.8027920380556,-117.4659261431046,3992.8,3992.8,1049.4,396.9,True,1,1,False,False,False,False,,True,False,False,Course Lock,196.8,67,16.4,93,NW,S,1.56,11.4,Calm,False,False,Android,7.0.2,M300 RTK,1ZN7L4R0H1D00F,1W9DL31001461C,1ZMLH8300204F0,1Z6PH74DAP0QN7,"Corona, CA",728.3,5.7,137.7,8.547347,2.013246,0,0,DJI Matrice 300 RTK,M300 RTK,1ZN7L4R0H1D00F,1W9DL31001461C,1ZMLH8300204F0,1Z6PH74DAP0QN7,DJI Pilot,Android,7.0.2,1EF72A62-B7C3-C88D-164E-CE6F8C8424AE,1ZN7L4R0H1D00F,1W9DL31001461C,,1ZMLH8300204F0,1W9DL31001461C,,,,,
2023-11-01,11:34:37.14 AM,10m 14.8s,614.8,33.7944992118674,-117.4745216789906,-20.0,137.7,17.0,1244,5410.9,7.599013,8.547335,-5.144962,2.23694,5.59235,5.816044,0,0.894776,-0.4,-1.4,1.4,135.4,135.4,131.8,Tripod,Other,,20,5,True,,True,False,,Smart,RC,False,True,False,,,True,,False,False,False,False,False,False,False,False,False,False,0,Follow Yaw,-77.9,0,127.1,127.1,False,False,False,False,False,,0,0,False,False,No Card,100,100,1024,1382,874,964,2,False,False,False,False,False,0,False,False,False,False,67,,46.32,,3340,,4986,,46.32,,True,3.863,3.863,3.863,3.863,3.863,3.863,3.863,3.863,3.863,3.863,3.863,3.863,0,,False,False,True,,,,,,,,,,,,,,,False,False,9.68,,104.3,,75.7,,104.5,,1297,123,,23,7,140233.0,18697.73,,Idle,,20,,10,,,20,Go Home,False,False,False,False,False,False,False,False,False,False,False,False,33.8027920380556,-117.4659261431046,3992.8,3992.8,1049.4,396.9,True,1,1,False,False,False,False,,True,False,False,Course Lock,196.8,67,16.4,93,NW,S,1.56,11.4,Calm,False,False,Android,7.0.2,M300 RTK,1ZN7L4R0H1D00F,1W9DL31001461C,1ZMLH8300204F0,1Z6PH74DAP0QN7,"Corona, CA",728.3,5.7,137.7,8.547347,2.013246,0,0,DJI Matrice 300 RTK,M300 RTK,1ZN7L4R0H1D00F,1W9DL31001461C,1ZMLH8300204F0,1Z6PH74DAP0QN7,DJI Pilot,Android,7.0.2,1EF72A62-B7C3-C88D-164E-CE6F8C8424AE,1ZN7L4R0H1D00F,1W9DL31001461C,,1ZMLH8300204F0,1W9DL31001461C,,,,,
2023-11-01,11:34:37.21 AM,10m 14.9s,614.9,33.794496683317,-117.4745184264928,-20.0,137.7,17.3,1244,5412.3,7.599013,8.547335,-5.144962,2.23694,5.59235,5.816044,0,0.894776,-0.8,-1,1.2,135.4,135.4,133.0,Tripod,Other,,20,5,True,,True,False,,Smart,RC,False,True,False,,,True,,False,False,False,False,False,False,False,False,False,False,0,Follow Yaw,-77.9,0,127,127,False,False,False,False,False,,0,0,False,False,No Card,100,100,1024,1384,872,967,2,False,False,False,False,False,0,False,False,False,False,67,,46.32,,3340,,4986,,46.32,,True,3.863,3.863,3.863,3.863,3.863,3.863,3.863,3.863,3.863,3.863,3.863,3.863,0,,False,False,True,,,,,,,,,,,,,,,False,False,9.68,,104.3,,75.7,,104.5,,1297,123,,23,7,140233.0,18697.73,,Idle,,20,,10,,,20,Go Home,False,False,False,False,False,False,False,False,False,False,False,False,33.8027920380556,-117.4659261431046,3992.9,3992.9,1049.4,396.9,True,1,1,False,False,False,False,,True,False,False,Course Lock,196.8,67,16.4,93,NW,S,1.56,11.4,Calm,False,False,Android,7.0.2,M300 RTK,1ZN7L4R0H1D00F,1W9DL31001461C,1ZMLH8300204F0,1Z6PH74DAP0QN7,"Corona, CA",728.3,5.7,137.7,8.547347,2.013246,0,0,DJI Matrice 300 RTK,M300 RTK,1ZN7L4R0H1D00F,1W9DL31001461C,1ZMLH8300204F0,1Z6PH74DAP0QN7,DJI Pilot,Android,7.0.2,1EF72A62-B7C3-C88D-164E-CE6F8C8424AE,1ZN7L4R0H1D00F,1W9DL31001461C,,1ZMLH8300204F0,1W9DL31001461C,,,,,
2023-11-01,11:34:37.34 AM,10m 15.0s,615.0,33.7944945844812,-117.4745155686982,-20.0,137.7,17.3,1244,5413.4,7.449379,8.547335,-4.921268,2.23694,5.59235,5.816044,0,0.894776,-1.1,-0.6,1.2,135.5,135.5,131.4,Tripod,Other,,20,5,True,,True,False,,Smart,RC,False,True,False,,,True,,False,False,False,False,False,False,False,False,False,False,0,Follow Yaw,-77.9,0,126.9,126.9,False,False,False,False,False,,0,0,False,False,No Card,100,100,1024,1383,871,973,2,False,False,False,False,False,0,False,False,False,False,67,,46.296,,6728,,10044,,46.296,,True,3.863,3.863,3.863,3.863,3.863,3.863,3.863,3.863,3.863,3.863,3.863,3.863,0,,False,False,True,,,,,,,,,,,,,,,False,False,19.448,,104.5,,75.7,,104.5,,1297,123,,23,7,140233.0,18697.73,,Idle,,20,,10,,,20,Go Home,False,False,False,False,False,False,False,False,False,False,False,False,33.8027920380556,-117.4659261431046,3992.9,3992.9,1049.4,396.9,True,1,1,False,False,False,False,,True,False,False,Course Lock,196.8,67,16.4,93,NW,S,1.56,11.4,Calm,False,False,Android,7.0.2,M300 RTK,1ZN7L4R0H1D00F,1W9DL31001461C,1ZMLH8300204F0,1Z6PH74DAP0QN7,"Corona, CA",728.3,5.7,137.7,8.547347,2.013246,0,0,DJI Matrice 300 RTK,M300 RTK,1ZN7L4R0H1D00F,1W9DL31001461C,1ZMLH8300204F0,1Z6PH74DAP0QN7,DJI Pilot,Android,7.0.2,1EF72A62-B7C3-C88D-164E-CE6F8C8424AE,1ZN7L4R0H1D00F,1W9DL31001461C,,1ZMLH8300204F0,1W9DL31001461C,,,,,
2023-11-01,11:34:37.44 AM,10m 15.1s,615.1,33.7944924860223,-117.474512559927,-20.0,137.7,17.3,1244,5414.6,7.449379,8.547335,-4.921268,2.23694,5.59235,5.816044,0,0.894776,-1.3,-0.2,1.3,135.4,135.4,130.0,Tripod,Other,,20,5,True,,True,False,,Smart,RC,False,True,False,,,True,,False,False,False,False,False,False,False,False,False,False,0,Follow Yaw,-77.9,0,126.8,126.8,False,False,False,False,False,,0,0,False,False,No Card,100,100,931,1330,870,964,2,False,False,False,False,False,0,False,False,False,False,67,,46.296,,6728,,10044,,46.296,,True,3.863,3.863,3.863,3.863,3.863,3.863,3.863,3.863,3.863,3.863,3.863,3.863,0,,False,False,True,,,,,,,,,,,,,,,False,False,19.448,,104.5,,75.7,,104.5,,1297,123,,23,7,140233.0,18697.73,,Idle,,20,,10,,,20,Go Home,False,False,False,False,False,False,False,False,False,False,False,False,33.8027920380556,-117.4659261431046,3992.9,3992.9,1049.4,396.9,True,1,1,False,False,False,False,,True,False,False,Course Lock,196.8,67,16.4,93,NW,S,1.56,11.4,Calm,False,False,Android,7.0.2,M300 RTK,1ZN7L4R0H1D00F,1W9DL31001461C,1ZMLH8300204F0,1Z6PH74DAP0QN7,"Corona, CA",728.3,5.7,137.7,8.547347,2.013246,0,0,DJI Matrice 300 RTK,M300 RTK,1ZN7L4R0H1D00F,1W9DL31001461C,1ZMLH8300204F0,1Z6PH74DAP0QN7,DJI Pilot,Android,7.0.2,1EF72A62-B7C3-C88D-164E-CE6F8C8424AE,1ZN7L4R0H1D00F,1W9DL31001461C,,1ZMLH8300204F0,1W9DL31001461C,,,,,
2023-11-01,11:34:37.52 AM,10m 15.2s,615.2,33.7944904077119,-117.4745097220232,-20.3,137.7,17.3,1243,5415.7,7.449379,8.547335,-4.921268,2.23694,5.59235,5.816044,0,0.894776,-1.3,-0.2,1.3,135.3,135.3,131.3,Tripod,Other,,20,5,True,,True,False,,Smart,RC,False,True,False,,,True,,False,False,False,False,False,False,False,False,False,False,0,Follow Yaw,-77.9,0,126.8,126.8,False,False,False,False,False,,0,0,False,False,No Card,100,100,925,1327,869,965,2,False,False,False,False,False,0,False,False,False,False,67,,46.296,,6728,,10044,,46.296,,True,3.863,3.863,3.863,3.863,3.863,3.863,3.863,3.863,3.863,3.863,3.863,3.863,0,,False,False,True,,,,,,,,,,,,,,,False,False,19.448,,104.5,,75.7,,104.5,,1297,123,,23,7,140233.0,18697.73,,Idle,,20,,10,,,20,Go Home,False,False,False,False,False,False,False,False,False,False,False,False,33.8027920380556,-117.4659261431046,3992.9,3992.9,1049.4,396.9,True,1,1,False,False,False,False,,True,False,False,Course Lock,196.8,67,16.4,93,NW,S,1.56,11.4,Calm,False,False,Android,7.0.2,M300 RTK,1ZN7L4R0H1D00F,1W9DL31001461C,1ZMLH8300204F0,1Z6PH74DAP0QN7,"Corona, CA",728.3,5.7,137.7,8.547347,2.013246,0,0,DJI Matrice 300 RTK,M300 RTK,1ZN7L4R0H1D00F,1W9DL31001461C,1ZMLH8300204F0,1Z6PH74DAP0QN7,DJI Pilot,Android,7.0.2,1EF72A62-B7C3-C88D-164E-CE6F8C8424AE,1ZN7L4R0H1D00F,1W9DL31001461C,,1ZMLH8300204F0,1W9DL31001461C,,,,,
2023-11-01,11:34:37.64 AM,10m 15.3s,615.3,33.7944883191902,-117.4745070313246,-20.3,137.7,17.3,1243,5416.9,7.449379,8.547335,-4.921268,2.23694,5.59235,5.816044,0,0.894776,-1.3,-0.3,1.3,135.2,135.2,133.0,Tripod,Other,,20,5,True,,True,False,,Smart,RC,False,True,False,,,True,,False,False,False,False,False,False,False,False,False,False,0,Follow Yaw,-77.9,0,126.7,126.7,False,False,False,False,False,,0,0,False,False,No Card,100,100,941,1329,869,964,2,False,False,False,False,False,0,False,False,False,False,67,,46.296,,6728,,10044,,46.296,,True,3.864,3.864,3.864,3.864,3.864,3.864,3.864,3.864,3.864,3.864,3.864,3.864,0,,False,False,True,,,,,,,,,,,,,,,False,False,19.448,,104.5,,75.7,,104.5,,1297,123,,23,7,140000.5,18666.74,,Idle,,20,,10,,,20,Go Home,False,False,False,False,False,False,False,False,False,False,False,False,33.8027920380556,-117.4659261431046,3992.9,3992.9,1049.4,396.9,True,1,1,False,False,False,False,,True,False,False,Course Lock,196.8,67,16.4,93,NW,S,1.56,11.4,Calm,False,False,Android,7.0.2,M300 RTK,1ZN7L4R0H1D00F,1W9DL31001461C,1ZMLH8300204F0,1Z6PH74DAP0QN7,"Corona, CA",728.3,5.7,137.7,8.547347,2.013246,0,0,DJI Matrice 300 RTK,M300 RTK,1ZN7L4R0H1D00F,1W9DL31001461C,1ZMLH8300204F0,1Z6PH74DAP0QN7,DJI Pilot,Android,7.0.2,1EF72A62-B7C3-C88D-164E-CE6F8C8424AE,1ZN7L4R0H1D00F,1W9DL31001461C,,1ZMLH8300204F0,1W9DL31001461C,,,,,
2023-11-01,11:34:37.73 AM,10m 15.4s,615.4,33.794486250817,-117.474504238293,-20.3,137.7,17.7,1243,5418.0,7.449379,8.547335,-4.921268,2.23694,5.59235,5.816044,0.223694,0.894776,-1.4,-0.5,1.4,135.2,135.2,131.7,Tripod,Other,,20,5,True,,True,False,,Smart,RC,False,True,False,,,True,,False,False,False,False,False,False,False,False,False,False,0,Follow Yaw,-77.9,0,126.6,126.6,False,False,False,False,False,,0,0,False,False,No Card,100,100,1024,1376,866,968,2,False,False,False,False,False,0,False,False,False,False,67,,46.296,,6728,,10044,,46.296,,True,3.864,3.864,3.864,3.864,3.864,3.864,3.864,3.864,3.864,3.864,3.864,3.864,0,,False,False,True,,,,,,,,,,,,,,,False,False,19.448,,104.5,,75.7,,104.5,,1297,123,,23,7,140000.5,18666.74,,Idle,,20,,10,,,20,Go Home,False,False,False,False,False,False,False,False,False,False,False,False,33.8027920380556,-117.4659261431046,3992.9,3992.9,1049.4,396.9,True,1,1,False,False,False,False,,True,False,False,Course Lock,196.8,67,16.4,93,NW,S,1.56,11.4,Calm,False,False,Android,7.0.2,M300 RTK,1ZN7L4R0H1D00F,1W9DL31001461C,1ZMLH8300204F0,1Z6PH74DAP0QN7,"Corona, CA",728.3,5.7,137.7,8.547347,2.013246,0,0,DJI Matrice 300 RTK,M300 RTK,1ZN7L4R0H1D00F,1W9DL31001461C,1ZMLH8300204F0,1Z6PH74DAP0QN7,DJI Pilot,Android,7.0.2,1EF72A62-B7C3-C88D-164E-CE6F8C8424AE,1ZN7L4R0H1D00F,1W9DL31001461C,,1ZMLH8300204F0,1W9DL31001461C,,,,,
2023-11-01,11:34:37.83 AM,10m 15.5s,615.5,33.7944843367786,-117.4745016377374,-20.3,137.7,17.7,1243,5419.1,7.282948,8.547335,-4.921268,2.23694,5.368656,5.816044,0.223694,0.894776,-1.2,-0.9,1.5,135.1,135.1,131.5,Tripod,Other,,20,5,True,,True,False,,Smart,RC,False,True,False,,,True,,False,False,False,False,False,False,False,False,False,False,0,Follow Yaw,-77.9,0,126.5,126.5,False,False,False,False,False,,0,0,False,False,No Card,100,100,1024,1378,866,974,2,False,False,False,False,False,0,False,False,False,False,67,,46.296,,6728,,10044,,46.296,,True,3.864,3.864,3.864,3.864,3.864,3.864,3.864,3.864,3.864,3.864,3.864,3.864,0,,False,False,True,,,,,,,,,,,,,,,False,False,19.448,,104.5,,75.7,,104.5,,1297,123,,23,7,140000.5,18666.74,,Idle,,20,,10,,,20,Go Home,False,False,False,False,False,False,False,False,False,False,False,False,33.8027920380556,-117.4659261431046,3993.0,3993.0,1049.4,396.9,True,1,1,False,False,False,False,,True,False,False,Course Lock,196.8,67,16.4,93,NW,S,1.56,11.4,Calm,False,False,Android,7.0.2,M300 RTK,1ZN7L4R0H1D00F,1W9DL31001461C,1ZMLH8300204F0,1Z6PH74DAP0QN7,"Corona, CA",728.3,5.7,137.7,8.547347,2.013246,0,0,DJI Matrice 300 RTK,M300 RTK,1ZN7L4R0H1D00F,1W9DL31001461C,1ZMLH8300204F0,1Z6PH74DAP0QN7,DJI Pilot,Android,7.0.2,1EF72A62-B7C3-C88D-164E-CE6F8C8424AE,1ZN7L4R0H1D00F,1W9DL31001461C,,1ZMLH8300204F0,1W9DL31001461C,,,,,
2023-11-01,11:34:37.93 AM,10m 15.6s,615.6,33.7944822999302,-117.474498883582,-20.3,137.7,17.7,1243,5420.2,7.282948,8.547335,-4.921268,2.23694,5.368656,5.816044,0.223694,0.894776,-1,-1.4,1.7,135,135,131.6,Tripod,Other,,20,5,True,,True,False,,Smart,RC,False,True,False,,,True,,False,False,False,False,False,False,False,False,False,False,0,Follow Yaw,-77.9,0,126.4,126.4,False,False,False,False,False,,0,0,False,False,No Card,100,100,1024,1372,863,983,2,False,False,False,False,False,0,False,False,False,False,67,,46.296,,6728,,10044,,46.296,,True,3.864,3.864,3.864,3.864,3.864,3.864,3.864,3.864,3.864,3.864,3.864,3.864,0,,False,False,True,,,,,,,,,,,,,,,False,False,19.448,,104.5,,75.7,,104.5,,1297,123,,23,7,140000.5,18666.74,,Idle,,20,,10,,,20,Go Home,False,False,False,False,False,False,False,False,False,False,False,False,33.8027920380556,-117.4659261431046,3993.0,3993.0,1049.4,396.9,True,1,1,False,False,False,False,,True,False,False,Course Lock,196.8,67,16.4,93,NW,S,1.56,11.4,Calm,False,False,Android,7.0.2,M300 RTK,1ZN7L4R0H1D00F,1W9DL31001461C,1ZMLH8300204F0,1Z6PH74DAP0QN7,"Corona, CA",728.3,5.7,137.7,8.547347,2.013246,0,0,DJI Matrice 300 RTK,M300 RTK,1ZN7L4R0H1D00F,1W9DL31001461C,1ZMLH8300204F0,1Z6PH74DAP0QN7,DJI Pilot,Android,7.0.2,1EF72A62-B7C3-C88D-164E-CE6F8C8424AE,1ZN7L4R0H1D00F,1W9DL31001461C,,1ZMLH8300204F0,1W9DL31001461C,,,,,
2023-11-01,11:34:38.03 AM,10m 15.7s,615.7,33.7944803534074,-117.4744963163454,-20.3,137.7,17.7,1243,5421.2,7.282948,8.547335,-4.921268,2.23694,5.368656,5.816044,0.223694,0.894776,-0.9,-1.3,1.5,134.9,134.9,132.3,Tripod,Other,,20,5,True,,True,False,,Smart,RC,False,True,False,,,True,,False,False,False,False,False,False,False,False,False,False,0,Follow Yaw,-77.9,0,126.4,126.4,False,False,False,False,False,,0,0,False,False,No Card,100,100,1024,1374,863,981,2,False,False,False,False,False,0,False,False,False,False,67,,46.296,,6728,,10044,,46.296,,True,3.864,3.864,3.864,3.864,3.864,3.864,3.864,3.864,3.864,3.864,3.864,3.864,0,,False,False,True,,,,,,,,,,,,,,,False,False,19.448,,104.5,,75.7,,104.5,,1297,123,,23,7,140000.5,18666.74,,Idle,,20,,10,,,20,Go Home,False,False,False,False,False,False,False,False,False,False,False,False,33.8027920380556,-117.4659261431046,3993.0,3993.0,1049.4,396.9,True,1,1,False,False,False,False,,True,False,False,Course Lock,196.8,67,16.4,93,NW,S,1.56,11.4,Calm,False,False,Android,7.0.2,M300 RTK,1ZN7L4R0H1D00F,1W9DL31001461C,1ZMLH8300204F0,1Z6PH74DAP0QN7,"Corona, CA",728.3,5.7,137.7,8.547347,2.013246,0,0,DJI Matrice 300 RTK,M300 RTK,1ZN7L4R0H1D00F,1W9DL31001461C,1ZMLH8300204F0,1Z6PH74DAP0QN7,DJI Pilot,Android,7.0.2,1EF72A62-B7C3-C88D-164E-CE6F8C8424AE,1ZN7L4R0H1D00F,1W9DL31001461C,,1ZMLH8300204F0,1W9DL31001461C,,,,,
2023-11-01,11:34:38.13 AM,10m 15.8s,615.8,33.7944783660052,-117.4744935914075,-20.3,137.7,17.7,1243,5422.3,7.133699,8.547335,-4.697574,2.23694,5.368656,5.816044,0.223694,0.894776,-1,-1,1.4,134.8,134.8,131.2,Tripod,Other,,20,5,True,,True,False,,Smart,RC,False,True,False,,,True,,False,False,False,False,False,False,False,False,False,False,0,Follow Yaw,-77.9,0,126.3,126.3,False,False,False,False,False,,0,0,False,False,No Card,100,100,1024,1380,870,982,2,False,False,False,False,False,0,False,False,False,False,67,,46.296,,6728,,10044,,46.296,,True,3.864,3.864,3.864,3.864,3.864,3.864,3.864,3.864,3.864,3.864,3.864,3.864,0,,False,False,True,,,,,,,,,,,,,,,False,False,19.448,,104.5,,75.7,,104.5,,1297,123,,23,7,140000.5,18666.74,,Idle,,20,,10,,,20,Go Home,False,False,False,False,False,False,False,False,False,False,False,False,33.8027920380556,-117.4659261431046,3993.0,3993.0,1049.4,396.9,True,1,1,False,False,False,False,,True,False,False,Course Lock,196.8,67,16.4,93,NW,S,1.56,11.4,Calm,False,False,Android,7.0.2,M300 RTK,1ZN7L4R0H1D00F,1W9DL31001461C,1ZMLH8300204F0,1Z6PH74DAP0QN7,"Corona, CA",728.3,5.7,137.7,8.547347,2.013246,0,0,DJI Matrice 300 RTK,M300 RTK,1ZN7L4R0H1D00F,1W9DL31001461C,1ZMLH8300204F0,1Z6PH74DAP0QN7,DJI Pilot,Android,7.0.2,1EF72A62-B7C3-C88D-164E-CE6F8C8424AE,1ZN7L4R0H1D00F,1W9DL31001461C,,1ZMLH8300204F0,1W9DL31001461C,,,,,
2023-11-01,11:34:38.24 AM,10m 15.9s,615.9,33.7944762514755,-117.4744907513186,-20.3,137.7,17.7,1243,5423.5,7.133699,8.547335,-4.697574,2.23694,5.368656,5.816044,0.223694,0.894776,-1.2,-0.6,1.3,134.7,134.7,131.8,Tripod,Other,,20,5,True,,True,False,,Smart,RC,False,True,False,,,True,,False,False,False,False,False,False,False,False,False,False,0,Follow Yaw,-77.9,0,126.3,126.3,False,False,False,False,False,,0,0,False,False,No Card,100,100,1024,1392,865,986,2,False,False,False,False,False,0,False,False,False,False,67,,46.296,,6728,,10044,,46.296,,True,3.864,3.864,3.864,3.864,3.864,3.864,3.864,3.864,3.864,3.864,3.864,3.864,0,,False,False,True,,,,,,,,,,,,,,,False,False,19.73,,104.5,,75.7,,104.5,,1297,123,,23,7,140000.5,18666.74,,Idle,,20,,10,,,20,Go Home,False,False,False,False,False,False,False,False,False,False,False,False,33.8027920380556,-117.4659261431046,3993.0,3993.0,1049.4,396.9,True,1,1,False,False,False,False,,True,False,False,Course Lock,196.8,67,16.4,93,NW,S,1.56,11.4,Calm,False,False,Android,7.0.2,M300 RTK,1ZN7L4R0H1D00F,1W9DL31001461C,1ZMLH8300204F0,1Z6PH74DAP0QN7,"Corona, CA",728.3,5.7,137.7,8.547347,2.013246,0,0,DJI Matrice 300 RTK,M300 RTK,1ZN7L4R0H1D00F,1W9DL31001461C,1ZMLH8300204F0,1Z6PH74DAP0QN7,DJI Pilot,Android,7.0.2,1EF72A62-B7C3-C88D-164E-CE6F8C8424AE,1ZN7L4R0H1D00F,1W9DL31001461C,,1ZMLH8300204F0,1W9DL31001461C,,,,,
2023-11-01,11:34:38.34 AM,10m 16.0s,616.0,33.7944742757237,-117.4744880398022,-20.3,137.7,18.0,1243,5424.6,7.133699,8.547335,-4.697574,2.23694,5.368656,5.816044,0.223694,0.894776,-1.4,-0.4,1.4,134.7,134.7,131.2,Tripod,Other,,20,5,True,,True,False,,Smart,RC,False,True,False,,,True,,False,False,False,False,False,False,False,False,False,False,0,Follow Yaw,-77.9,0,126.2,126.2,False,False,False,False,False,,0,0,False,False,No Card,100,100,1024,1385,872,988,2,False,False,False,False,False,0,False,False,False,False,67,,46.188,,3340,,4986,,46.188,,True,3.864,3.864,3.864,3.864,3.864,3.864,3.864,3.864,3.864,3.864,3.864,3.864,0,,False,False,True,,,,,,,,,,,,,,,False,False,9.806,,104.3,,75.7,,104.5,,1297,123,,23,7,140000.5,18666.74,,Idle,,20,,10,,,20,Go Home,False,False,False,False,False,False,False,False,False,False,False,False,33.8027920380556,-117.4659261431046,3993.1,3993.1,1049.4,396.9,True,1,1,False,False,False,False,,True,False,False,Course Lock,196.8,67,16.4,93,NW,S,1.56,11.4,Calm,False,False,Android,7.0.2,M300 RTK,1ZN7L4R0H1D00F,1W9DL31001461C,1ZMLH8300204F0,1Z6PH74DAP0QN7,"Corona, CA",728.3,5.7,137.7,8.547347,2.013246,0,0,DJI Matrice 300 RTK,M300 RTK,1ZN7L4R0H1D00F,1W9DL31001461C,1ZMLH8300204F0,1Z6PH74DAP0QN7,DJI Pilot,Android,7.0.2,1EF72A62-B7C3-C88D-164E-CE6F8C8424AE,1ZN7L4R0H1D00F,1W9DL31001461C,,1ZMLH8300204F0,1W9DL31001461C,,,,,
2023-11-01,11:34:38.44 AM,10m 16.1s,616.1,33.7944724351861,-117.4744853269018,-20.6,137.7,18.0,1243,5425.6,7.133699,8.547335,-4.697574,2.23694,5.368656,5.816044,0.223694,0.894776,-1.5,-0.3,1.5,134.6,134.6,129.2,Tripod,Other,,20,5,True,,True,False,,Smart,RC,False,True,False,,,True,,False,False,False,False,False,False,False,False,False,False,0,Follow Yaw,-77.9,0,126.2,126.2,False,False,False,False,False,,0,0,False,False,No Card,100,100,1024,1382,873,988,2,False,False,False,False,False,0,False,False,False,False,67,,46.188,,3340,,4986,,46.188,,True,3.864,3.864,3.864,3.864,3.864,3.864,3.864,3.864,3.864,3.864,3.864,3.864,0,,False,False,True,,,,,,,,,,,,,,,False,False,9.806,,104.3,,75.7,,104.5,,1297,123,,23,7,140000.5,18666.74,,Idle,,20,,10,,,20,Go Home,False,False,False,False,False,False,False,False,False,False,False,False,33.8027920380556,-117.4659261431046,3993.0,3993.1,1049.4,396.9,True,1,1,False,False,False,False,,True,False,False,Course Lock,196.8,67,16.4,93,NW,S,1.56,11.4,Calm,False,False,Android,7.0.2,M300 RTK,1ZN7L4R0H1D00F,1W9DL31001461C,1ZMLH8300204F0,1Z6PH74DAP0QN7,"Corona, CA",728.3,5.7,137.7,8.547347,2.013246,0,0,DJI Matrice 300 RTK,M300 RTK,1ZN7L4R0H1D00F,1W9DL31001461C,1ZMLH8300204F0,1Z6PH74DAP0QN7,DJI Pilot,Android,7.0.2,1EF72A62-B7C3-C88D-164E-CE6F8C8424AE,1ZN7L4R0H1D00F,1W9DL31001461C,,1ZMLH8300204F0,1W9DL31001461C,,,,,
2023-11-01,11:34:38.54 AM,10m 16.2s,616.2,33.794470477938,-117.4744826330409,-20.6,137.7,18.0,1243,5426.7,7.133699,8.547335,-4.697574,2.23694,5.368656,5.816044,0.223694,0.894776,-1.5,-0.3,1.5,134.5,134.5,131.1,Tripod,Other,,20,5,True,,True,False,,Smart,RC,False,True,False,,,True,,False,False,False,False,False,False,False,False,False,False,0,Follow Yaw,-77.9,0,126.2,126.2,False,False,False,False,False,,0,0,False,False,No Card,100,100,1024,1393,864,993,2,False,False,False,False,False,0,False,False,False,False,67,,46.188,,3340,,4986,,46.188,,True,3.864,3.864,3.864,3.864,3.864,3.864,3.864,3.864,3.864,3.864,3.864,3.864,0,,False,False,True,,,,,,,,,,,,,,,False,False,9.806,,104.3,,75.7,,104.5,,1297,123,,23,7,140000.5,18666.74,,Idle,,20,,10,,,20,Go Home,False,False,False,False,False,False,False,False,False,False,False,False,33.8027920380556,-117.4659261431046,3993.0,3993.1,1049.4,396.9,True,1,1,False,False,False,False,,True,False,False,Course Lock,196.8,67,16.4,93,NW,S,1.56,11.4,Calm,False,False,Android,7.0.2,M300 RTK,1ZN7L4R0H1D00F,1W9DL31001461C,1ZMLH8300204F0,1Z6PH74DAP0QN7,"Corona, CA",728.3,5.7,137.7,8.547347,2.013246,0,0,DJI Matrice 300 RTK,M300 RTK,1ZN7L4R0H1D00F,1W9DL31001461C,1ZMLH8300204F0,1Z6PH74DAP0QN7,DJI Pilot,Android,7.0.2,1EF72A62-B7C3-C88D-164E-CE6F8C8424AE,1ZN7L4R0H1D00F,1W9DL31001461C,,1ZMLH8300204F0,1W9DL31001461C,,,,,
2023-11-01,11:34:38.65 AM,10m 16.3s,616.3,33.7944683345905,-117.4744800462056,-20.6,137.7,18.0,1243,5427.8,7.133699,8.547335,-4.697574,2.23694,5.368656,5.816044,0.223694,0.894776,-1.4,-0.4,1.4,134.4,134.4,134.9,Tripod,Other,,20,5,True,,True,False,,Smart,RC,False,True,False,,,True,,False,False,False,False,False,False,False,False,False,False,0,Follow Yaw,-77.9,0,126.1,126.1,False,False,False,False,False,,0,0,False,False,No Card,100,100,1024,1393,858,996,2,False,False,False,False,False,0,False,False,False,False,67,,46.188,,3340,,4986,,46.188,,True,3.86,3.86,3.86,3.86,3.86,3.86,3.86,3.86,3.86,3.86,3.86,3.86,0,,False,False,True,,,,,,,,,,,,,,,False,False,9.806,,104.3,,75.7,,104.5,,1297,123,,23,7,140245.9,18699.46,,Idle,,20,,10,,,20,Go Home,False,False,False,False,False,False,False,False,False,False,False,False,33.8027920380556,-117.4659261431046,3993.1,3993.1,1049.4,396.9,True,1,1,False,False,False,False,,True,False,False,Course Lock,196.8,67,16.4,93,NW,S,1.56,11.4,Calm,False,False,Android,7.0.2,M300 RTK,1ZN7L4R0H1D00F,1W9DL31001461C,1ZMLH8300204F0,1Z6PH74DAP0QN7,"Corona, CA",728.3,5.7,137.7,8.547347,2.013246,0,0,DJI Matrice 300 RTK,M300 RTK,1ZN7L4R0H1D00F,1W9DL31001461C,1ZMLH8300204F0,1Z6PH74DAP0QN7,DJI Pilot,Android,7.0.2,1EF72A62-B7C3-C88D-164E-CE6F8C8424AE,1ZN7L4R0H1D00F,1W9DL31001461C,,1ZMLH8300204F0,1W9DL31001461C,,,,,
2023-11-01,11:34:38.75 AM,10m 16.4s,616.4,33.7944663664115,-117.4744773770072,-20.6,137.7,18.0,1243,5428.9,7.133699,8.547335,-4.697574,2.23694,5.368656,5.816044,0.223694,0.894776,-1.5,-0.6,1.6,134.2,134.2,131.5,Tripod,Other,,20,5,True,,True,False,,Smart,RC,False,True,False,,,True,,False,False,False,False,False,False,False,False,False,False,0,Follow Yaw,-77.9,0,126.1,126.1,False,False,False,False,False,,0,0,False,False,No Card,100,100,1024,1390,864,996,2,False,False,False,False,False,0,False,False,False,False,67,,46.188,,3340,,4986,,46.188,,True,3.86,3.86,3.86,3.86,3.86,3.86,3.86,3.86,3.86,3.86,3.86,3.86,0,,False,False,True,,,,,,,,,,,,,,,False,False,9.806,,104.3,,75.7,,104.5,,1297,123,,23,7,140245.9,18699.46,,Idle,,20,,10,,,20,Go Home,False,False,False,False,False,False,False,False,False,False,False,False,33.8027920380556,-117.4659261431046,3993.2,3993.2,1049.4,396.9,True,1,1,False,False,False,False,,True,False,False,Course Lock,196.8,67,16.4,93,NW,S,1.56,11.4,Calm,False,False,Android,7.0.2,M300 RTK,1ZN7L4R0H1D00F,1W9DL31001461C,1ZMLH8300204F0,1Z6PH74DAP0QN7,"Corona, CA",728.3,5.7,137.7,8.547347,2.013246,0,0,DJI Matrice 300 RTK,M300 RTK,1ZN7L4R0H1D00F,1W9DL31001461C,1ZMLH8300204F0,1Z6PH74DAP0QN7,DJI Pilot,Android,7.0.2,1EF72A62-B7C3-C88D-164E-CE6F8C8424AE,1ZN7L4R0H1D00F,1W9DL31001461C,,1ZMLH8300204F0,1W9DL31001461C,,,,,
2023-11-01,11:34:38.85 AM,10m 16.5s,616.5,33.7944645075072,-117.4744745575864,-20.6,137.7,18.0,1243,5430.0,7.133699,8.547335,-4.697574,2.23694,5.368656,5.816044,0.223694,0.894776,-1.6,-0.7,1.7,134.2,134.2,128.4,Tripod,Other,,20,5,True,,True,False,,Smart,RC,False,True,False,,,True,,False,False,False,False,False,False,False,False,False,False,0,Follow Yaw,-77.9,0,126.1,126.1,False,False,False,False,False,,0,0,False,False,No Card,100,100,1024,1385,864,997,2,False,False,False,False,False,0,False,False,False,False,67,,46.188,,3340,,4986,,46.188,,True,3.86,3.86,3.86,3.86,3.86,3.86,3.86,3.86,3.86,3.86,3.86,3.86,0,,False,False,True,,,,,,,,,,,,,,,False,False,9.806,,104.3,,75.7,,104.5,,1297,123,,23,7,140245.9,18699.46,,Idle,,20,,10,,,20,Go Home,False,False,False,False,False,False,False,False,False,False,False,False,33.8027920380556,-117.4659261431046,3993.1,3993.2,1049.4,396.9,True,1,1,False,False,False,False,,True,False,False,Course Lock,196.8,67,16.4,93,NW,S,1.56,11.4,Calm,False,False,Android,7.0.2,M300 RTK,1ZN7L4R0H1D00F,1W9DL31001461C,1ZMLH8300204F0,1Z6PH74DAP0QN7,"Corona, CA",728.3,5.7,137.7,8.547347,2.013246,0,0,DJI Matrice 300 RTK,M300 RTK,1ZN7L4R0H1D00F,1W9DL31001461C,1ZMLH8300204F0,1Z6PH74DAP0QN7,DJI Pilot,Android,7.0.2,1EF72A62-B7C3-C88D-164E-CE6F8C8424AE,1ZN7L4R0H1D00F,1W9DL31001461C,,1ZMLH8300204F0,1W9DL31001461C,,,,,
2023-11-01,11:34:38.95 AM,10m 16.6s,616.6,33.7944625623551,-117.4744718762912,-20.6,137.7,18.0,1243,5431.1,7.133699,8.547335,-4.697574,2.23694,5.368656,5.816044,0.223694,0.894776,-1.6,-0.5,1.6,134.2,134.2,131.1,Tripod,Other,,20,5,True,,True,False,,Smart,RC,False,True,False,,,True,,False,False,False,False,False,False,False,False,False,False,0,Follow Yaw,-77.9,0,126.1,126.1,False,False,False,False,False,,0,0,False,False,No Card,100,100,1024,1387,860,1005,2,False,False,False,False,False,0,False,False,False,False,67,,46.188,,3340,,4986,,46.188,,True,3.86,3.86,3.86,3.86,3.86,3.86,3.86,3.86,3.86,3.86,3.86,3.86,0,,False,False,True,,,,,,,,,,,,,,,False,False,9.806,,104.3,,75.7,,104.5,,1297,123,,23,7,140245.9,18699.46,,Idle,,20,,10,,,20,Go Home,False,False,False,False,False,False,False,False,False,False,False,False,33.8027920380556,-117.4659261431046,3993.1,3993.2,1049.4,396.9,True,1,1,False,False,False,False,,True,False,False,Course Lock,196.8,67,16.4,93,NW,S,1.56,11.4,Calm,False,False,Android,7.0.2,M300 RTK,1ZN7L4R0H1D00F,1W9DL31001461C,1ZMLH8300204F0,1Z6PH74DAP0QN7,"Corona, CA",728.3,5.7,137.7,8.547347,2.013246,0,0,DJI Matrice 300 RTK,M300 RTK,1ZN7L4R0H1D00F,1W9DL31001461C,1ZMLH8300204F0,1Z6PH74DAP0QN7,DJI Pilot,Android,7.0.2,1EF72A62-B7C3-C88D-164E-CE6F8C8424AE,1ZN7L4R0H1D00F,1W9DL31001461C,,1ZMLH8300204F0,1W9DL31001461C,,,,,
2023-11-01,11:34:39.06 AM,10m 16.7s,616.7,33.7944606872772,-117.4744690197296,-20.6,137.7,18.0,1243,5432.2,7.133699,8.547335,-4.697574,2.23694,5.368656,5.816044,0.223694,0.894776,-1.6,-0.4,1.6,134.2,134.2,128.3,Tripod,Other,,20,5,True,,True,False,,Smart,RC,False,True,False,,,True,,False,False,False,False,False,False,False,False,False,False,0,Follow Yaw,-77.9,0,126.1,126.1,False,False,False,False,False,,0,0,False,False,No Card,100,100,1024,1387,862,1009,2,False,False,False,False,False,0,False,False,False,False,67,,46.188,,3340,,4986,,46.188,,True,3.86,3.86,3.86,3.86,3.86,3.86,3.86,3.86,3.86,3.86,3.86,3.86,0,,False,False,True,,,,,,,,,,,,,,,False,False,9.806,,104.3,,75.7,,104.5,,1297,123,,23,7,140245.9,18699.46,,Idle,,20,,10,,,20,Go Home,False,False,False,False,False,False,False,False,False,False,False,False,33.8027920380556,-117.4659261431046,3993.1,3993.2,1049.4,396.9,True,1,1,False,False,False,False,,True,False,False,Course Lock,196.8,67,16.4,93,NW,S,1.56,11.4,Calm,False,False,Android,7.0.2,M300 RTK,1ZN7L4R0H1D00F,1W9DL31001461C,1ZMLH8300204F0,1Z6PH74DAP0QN7,"Corona, CA",728.3,5.7,137.7,8.547347,2.013246,0,0,DJI Matrice 300 RTK,M300 RTK,1ZN7L4R0H1D00F,1W9DL31001461C,1ZMLH8300204F0,1Z6PH74DAP0QN7,DJI Pilot,Android,7.0.2,1EF72A62-B7C3-C88D-164E-CE6F8C8424AE,1ZN7L4R0H1D00F,1W9DL31001461C,,1ZMLH8300204F0,1W9DL31001461C,,,,,
2023-11-01,11:34:39.16 AM,10m 16.8s,616.8,33.7944587528162,-117.4744663284664,-20.6,137.7,18.3,1243,5433.3,7.133699,8.547335,-4.697574,2.23694,5.368656,5.816044,0.223694,0.894776,-1.5,-0.4,1.5,134.1,134.1,130.8,Tripod,Other,,20,5,True,,True,False,,Smart,RC,False,True,False,,,True,,False,False,False,False,False,False,False,False,False,False,0,Follow Yaw,-77.9,0,126.1,126.1,False,False,False,False,False,,0,0,False,False,No Card,100,100,1024,1392,861,1014,2,False,False,False,False,False,0,False,False,False,False,67,,46.188,,3340,,4986,,46.188,,True,3.86,3.86,3.86,3.86,3.86,3.86,3.86,3.86,3.86,3.86,3.86,3.86,0,,False,False,True,,,,,,,,,,,,,,,False,False,9.806,,104.3,,75.7,,104.5,,1297,123,,23,7,140245.9,18699.46,,Idle,,20,,10,,,20,Go Home,False,False,False,False,False,False,False,False,False,False,False,False,33.8027920380556,-117.4659261431046,3993.1,3993.2,1049.4,396.9,True,1,1,False,False,False,False,,True,False,False,Course Lock,196.8,67,16.4,93,NW,S,1.56,11.4,Calm,False,False,Android,7.0.2,M300 RTK,1ZN7L4R0H1D00F,1W9DL31001461C,1ZMLH8300204F0,1Z6PH74DAP0QN7,"Corona, CA",728.3,5.7,137.7,8.547347,2.013246,0,0,DJI Matrice 300 RTK,M300 RTK,1ZN7L4R0H1D00F,1W9DL31001461C,1ZMLH8300204F0,1Z6PH74DAP0QN7,DJI Pilot,Android,7.0.2,1EF72A62-B7C3-C88D-164E-CE6F8C8424AE,1ZN7L4R0H1D00F,1W9DL31001461C,,1ZMLH8300204F0,1W9DL31001461C,,,,,
2023-11-01,11:34:39.27 AM,10m 16.9s,616.9,33.7944568486121,-117.4744637867968,-20.6,137.7,18.3,1243,5434.3,7.133699,8.547335,-4.697574,2.23694,5.368656,5.816044,0.223694,0.894776,-1.4,-0.3,1.4,134.2,134.2,132.0,Tripod,Other,,20,5,True,,True,False,,Smart,RC,False,True,False,,,True,,False,False,False,False,False,False,False,False,False,False,0,Follow Yaw,-77.9,0,126.1,126.1,False,False,False,False,False,,0,0,False,False,No Card,100,100,1024,1392,853,1024,2,False,False,False,False,False,0,False,False,False,False,67,,46.188,,3340,,4986,,46.188,,True,3.86,3.86,3.86,3.86,3.86,3.86,3.86,3.86,3.86,3.86,3.86,3.86,0,,False,False,True,,,,,,,,,,,,,,,False,False,9.806,,104.3,,75.7,,104.5,,1297,123,,23,7,140245.9,18699.46,,Idle,,20,,10,,,20,Go Home,False,False,False,False,False,False,False,False,False,False,False,False,33.8027920380556,-117.4659261431046,3993.1,3993.2,1049.4,396.9,True,1,1,False,False,False,False,,True,False,False,Course Lock,196.8,67,16.4,93,NW,S,1.56,11.4,Calm,False,False,Android,7.0.2,M300 RTK,1ZN7L4R0H1D00F,1W9DL31001461C,1ZMLH8300204F0,1Z6PH74DAP0QN7,"Corona, CA",728.3,5.7,137.7,8.547347,2.013246,0,0,DJI Matrice 300 RTK,M300 RTK,1ZN7L4R0H1D00F,1W9DL31001461C,1ZMLH8300204F0,1Z6PH74DAP0QN7,DJI Pilot,Android,7.0.2,1EF72A62-B7C3-C88D-164E-CE6F8C8424AE,1ZN7L4R0H1D00F,1W9DL31001461C,,1ZMLH8300204F0,1W9DL31001461C,,,,,
2023-11-01,11:34:39.37 AM,10m 17.0s,617.0,33.7944549302218,-117.4744611179076,-20.6,137.7,18.3,1243,5435.4,7.133699,8.547335,-4.697574,2.23694,5.368656,5.816044,0.223694,0.894776,-1.5,-0.1,1.5,134.3,134.3,130.8,Tripod,Other,,20,5,True,,True,False,,Smart,RC,False,True,False,,,True,,False,False,False,False,False,False,False,False,False,False,0,Follow Yaw,-77.9,0,126.1,126.1,False,False,False,False,False,,0,0,False,False,No Card,100,100,1024,1394,858,1024,2,False,False,False,False,False,0,False,False,False,False,67,,46.248,,6728,,10044,,46.248,,True,3.86,3.86,3.86,3.86,3.86,3.86,3.86,3.86,3.86,3.86,3.86,3.86,0,,False,False,True,,,,,,,,,,,,,,,False,False,19.57,,104.7,,75.7,,104.7,,1297,123,,23,7,140245.9,18699.46,,Idle,,20,,10,,,20,Go Home,False,False,False,False,False,False,False,False,False,False,False,False,33.8027920380556,-117.4659261431046,3993.1,3993.2,1049.4,396.9,True,1,1,False,False,False,False,,True,False,False,Course Lock,196.8,67,16.4,93,NW,S,1.56,11.4,Calm,False,False,Android,7.0.2,M300 RTK,1ZN7L4R0H1D00F,1W9DL31001461C,1ZMLH8300204F0,1Z6PH74DAP0QN7,"Corona, CA",728.3,5.7,137.7,8.547347,2.013246,0,0,DJI Matrice 300 RTK,M300 RTK,1ZN7L4R0H1D00F,1W9DL31001461C,1ZMLH8300204F0,1Z6PH74DAP0QN7,DJI Pilot,Android,7.0.2,1EF72A62-B7C3-C88D-164E-CE6F8C8424AE,1ZN7L4R0H1D00F,1W9DL31001461C,,1ZMLH8300204F0,1W9DL31001461C,,,,,
2023-11-01,11:34:39.47 AM,10m 17.1s,617.1,33.7944531382051,-117.4744584051258,-20.9,137.7,18.3,1243,5436.4,7.133699,8.547335,-4.697574,2.23694,5.368656,5.816044,0.223694,0.894776,-1.6,0,1.6,134.3,134.3,128.4,Tripod,Other,,20,5,True,,True,False,,Smart,RC,False,True,False,,,True,,False,False,False,False,False,False,False,False,False,False,0,Follow Yaw,-77.9,0,126.1,126.1,False,False,False,False,False,,0,0,False,False,No Card,100,100,1024,1401,890,1024,2,False,False,False,False,False,0,False,False,False,False,67,,46.248,,6728,,10044,,46.248,,True,3.86,3.86,3.86,3.86,3.86,3.86,3.86,3.86,3.86,3.86,3.86,3.86,0,,False,False,True,,,,,,,,,,,,,,,False,False,19.57,,104.7,,75.7,,104.7,,1297,123,,23,7,140245.9,18699.46,,Idle,,20,,10,,,20,Go Home,False,False,False,False,False,False,False,False,False,False,False,False,33.8027920380556,-117.4659261431046,3993.1,3993.2,1049.4,396.9,True,1,1,False,False,False,False,,True,False,False,Course Lock,196.8,67,16.4,93,NW,S,1.56,11.4,Calm,False,False,Android,7.0.2,M300 RTK,1ZN7L4R0H1D00F,1W9DL31001461C,1ZMLH8300204F0,1Z6PH74DAP0QN7,"Corona, CA",728.3,5.7,137.7,8.547347,2.013246,0,0,DJI Matrice 300 RTK,M300 RTK,1ZN7L4R0H1D00F,1W9DL31001461C,1ZMLH8300204F0,1Z6PH74DAP0QN7,DJI Pilot,Android,7.0.2,1EF72A62-B7C3-C88D-164E-CE6F8C8424AE,1ZN7L4R0H1D00F,1W9DL31001461C,,1ZMLH8300204F0,1W9DL31001461C,,,,,
2023-11-01,11:34:39.57 AM,10m 17.2s,617.2,33.7944512322191,-117.4744557518331,-20.9,137.7,18.3,1243,5437.5,7.133699,8.547335,-4.697574,2.23694,5.368656,5.816044,0.223694,0.894776,-1.7,0,1.7,134.3,134.3,130.8,Tripod,Other,,20,5,True,,True,False,,Smart,RC,False,True,False,,,True,,False,False,False,False,False,False,False,False,False,False,0,Follow Yaw,-77.9,0,126.1,126.1,False,False,False,False,False,,0,0,False,False,No Card,100,100,1024,1417,777,1024,2,False,False,False,False,False,0,False,False,False,False,67,,46.248,,6728,,10044,,46.248,,True,3.86,3.86,3.86,3.86,3.86,3.86,3.86,3.86,3.86,3.86,3.86,3.86,0,,False,False,True,,,,,,,,,,,,,,,False,False,19.57,,104.7,,75.7,,104.7,,1297,123,,23,7,140245.9,18699.46,,Idle,,20,,10,,,20,Go Home,False,False,False,False,False,False,False,False,False,False,False,False,33.8027920380556,-117.4659261431046,3993.1,3993.2,1049.4,396.9,True,1,1,False,False,False,False,,True,False,False,Course Lock,196.8,67,16.4,93,NW,S,1.78,11.4,Calm,False,False,Android,7.0.2,M300 RTK,1ZN7L4R0H1D00F,1W9DL31001461C,1ZMLH8300204F0,1Z6PH74DAP0QN7,"Corona, CA",728.3,5.7,137.7,8.547347,2.013246,0,0,DJI Matrice 300 RTK,M300 RTK,1ZN7L4R0H1D00F,1W9DL31001461C,1ZMLH8300204F0,1Z6PH74DAP0QN7,DJI Pilot,Android,7.0.2,1EF72A62-B7C3-C88D-164E-CE6F8C8424AE,1ZN7L4R0H1D00F,1W9DL31001461C,,1ZMLH8300204F0,1W9DL31001461C,,,,,
2023-11-01,11:34:39.64 AM,10m 17.3s,617.3,33.7944490689287,-117.4744530494369,-20.9,137.7,18.7,1243,5438.6,7.133699,8.547335,-4.697574,2.23694,5.368656,5.816044,0.223694,0.894776,-1.8,0,1.8,134.4,134.4,133.9,Tripod,Other,,20,5,True,,True,False,,Smart,RC,False,True,False,,,True,,False,False,False,False,False,False,False,False,False,False,0,Follow Yaw,-77.9,0,126.1,126.1,False,False,False,False,False,,0,0,False,False,No Card,100,100,1024,1437,682,1024,2,False,False,False,False,False,0,False,False,False,False,67,,46.248,,6728,,10044,,46.248,,True,3.855,3.855,3.855,3.855,3.855,3.855,3.855,3.855,3.855,3.855,3.855,3.855,0,,False,False,True,,,,,,,,,,,,,,,False,False,19.57,,104.7,,75.7,,104.7,,1296,123,,23,7,140957.6,18794.35,,Idle,,20,,10,,,20,Go Home,False,False,False,False,False,False,False,False,False,False,False,False,33.8027920380556,-117.4659261431046,3993.2,3993.2,1049.4,396.9,True,1,1,False,False,False,False,,True,False,False,Course Lock,196.8,67,16.4,93,NW,S,1.78,11.4,Calm,False,False,Android,7.0.2,M300 RTK,1ZN7L4R0H1D00F,1W9DL31001461C,1ZMLH8300204F0,1Z6PH74DAP0QN7,"Corona, CA",728.3,5.7,137.7,8.547347,2.013246,0,0,DJI Matrice 300 RTK,M300 RTK,1ZN7L4R0H1D00F,1W9DL31001461C,1ZMLH8300204F0,1Z6PH74DAP0QN7,DJI Pilot,Android,7.0.2,1EF72A62-B7C3-C88D-164E-CE6F8C8424AE,1ZN7L4R0H1D00F,1W9DL31001461C,,1ZMLH8300204F0,1W9DL31001461C,,,,,
2023-11-01,11:34:39.74 AM,10m 17.4s,617.4,33.7944471343991,-117.474450411117,-20.9,137.7,18.7,1243,5439.7,6.96691,8.547335,-4.697574,2.23694,5.144962,5.816044,0.223694,0.894776,-2,0,2,134.4,134.4,131.4,Tripod,Other,,20,5,True,,True,False,,Smart,RC,False,True,False,,,True,,False,False,False,False,False,False,False,False,False,False,0,Follow Yaw,-77.9,0,126.1,126.1,False,False,False,False,False,,0,0,False,False,No Card,100,100,1024,1438,663,1024,2,False,False,False,False,False,0,False,False,False,False,67,,46.248,,6728,,10044,,46.248,,True,3.855,3.855,3.855,3.855,3.855,3.855,3.855,3.855,3.855,3.855,3.855,3.855,0,,False,False,True,,,,,,,,,,,,,,,False,False,19.57,,104.7,,75.7,,104.7,,1296,123,,23,7,140957.6,18794.35,,Idle,,20,,10,,,20,Go Home,False,False,False,False,False,False,False,False,False,False,False,False,33.8027920380556,-117.4659261431046,3993.2,3993.2,1049.4,396.9,True,1,1,False,False,False,False,,True,False,False,Course Lock,196.8,67,16.4,93,NW,S,1.78,11.4,Calm,False,False,Android,7.0.2,M300 RTK,1ZN7L4R0H1D00F,1W9DL31001461C,1ZMLH8300204F0,1Z6PH74DAP0QN7,"Corona, CA",728.3,5.7,137.7,8.547347,2.013246,0,0,DJI Matrice 300 RTK,M300 RTK,1ZN7L4R0H1D00F,1W9DL31001461C,1ZMLH8300204F0,1Z6PH74DAP0QN7,DJI Pilot,Android,7.0.2,1EF72A62-B7C3-C88D-164E-CE6F8C8424AE,1ZN7L4R0H1D00F,1W9DL31001461C,,1ZMLH8300204F0,1W9DL31001461C,,,,,
2023-11-01,11:34:39.84 AM,10m 17.5s,617.5,33.7944452609317,-117.4744478537324,-20.9,137.7,18.7,1243,5440.7,6.96691,8.547335,-4.697574,2.23694,5.144962,5.816044,0.447388,0.894776,-2.4,-0.1,2.4,134.4,134.4,131.3,Tripod,Other,,20,5,True,,True,False,,Smart,RC,False,True,False,,,True,,False,False,False,False,False,False,False,False,False,False,0,Follow Yaw,-77.9,0,126.1,126.1,False,False,False,False,False,,0,0,False,False,No Card,100,100,1024,1428,688,1024,2,False,False,False,False,False,0,False,False,False,False,67,,46.248,,6728,,10044,,46.248,,True,3.855,3.855,3.855,3.855,3.855,3.855,3.855,3.855,3.855,3.855,3.855,3.855,0,,False,False,True,,,,,,,,,,,,,,,False,False,19.57,,104.7,,75.7,,104.7,,1296,123,,23,7,140957.6,18794.35,,Idle,,20,,10,,,20,Go Home,False,False,False,False,False,False,False,False,False,False,False,False,33.8027920380556,-117.4659261431046,3993.2,3993.2,1049.4,396.9,True,1,1,False,False,False,False,,True,False,False,Course Lock,196.8,67,16.4,93,NW,S,1.78,11.4,Calm,False,False,Android,7.0.2,M300 RTK,1ZN7L4R0H1D00F,1W9DL31001461C,1ZMLH8300204F0,1Z6PH74DAP0QN7,"Corona, CA",728.3,5.7,137.7,8.547347,2.013246,0,0,DJI Matrice 300 RTK,M300 RTK,1ZN7L4R0H1D00F,1W9DL31001461C,1ZMLH8300204F0,1Z6PH74DAP0QN7,DJI Pilot,Android,7.0.2,1EF72A62-B7C3-C88D-164E-CE6F8C8424AE,1ZN7L4R0H1D00F,1W9DL31001461C,,1ZMLH8300204F0,1W9DL31001461C,,,,,
2023-11-01,11:34:39.94 AM,10m 17.6s,617.6,33.7944433154369,-117.4744452266175,-20.9,137.7,18.7,1243,5441.8,6.96691,8.547335,-4.697574,2.23694,5.144962,5.816044,0.447388,0.894776,-2.7,-0.2,2.7,134.3,134.3,131.7,Tripod,Other,,19,5,True,,True,False,,Smart,RC,False,True,False,,,True,,False,False,False,False,False,False,False,False,False,False,0,Follow Yaw,-77.9,0,126.1,126.1,False,False,False,False,False,,0,0,False,False,No Card,100,100,1024,1429,684,1024,2,False,False,False,False,False,0,False,False,False,False,67,,46.248,,6728,,10044,,46.248,,True,3.855,3.855,3.855,3.855,3.855,3.855,3.855,3.855,3.855,3.855,3.855,3.855,0,,False,False,True,,,,,,,,,,,,,,,False,False,19.57,,104.7,,75.7,,104.7,,1296,123,,23,7,140957.6,18794.35,,Idle,,20,,10,,,20,Go Home,False,False,False,False,False,False,False,False,False,False,False,False,33.8027920380556,-117.4659261431046,3993.2,3993.2,1049.4,396.9,True,1,1,False,False,False,False,,True,False,False,Course Lock,196.8,67,16.4,93,NW,S,1.78,11.4,Calm,False,False,Android,7.0.2,M300 RTK,1ZN7L4R0H1D00F,1W9DL31001461C,1ZMLH8300204F0,1Z6PH74DAP0QN7,"Corona, CA",728.3,5.7,137.7,8.547347,2.013246,0,0,DJI Matrice 300 RTK,M300 RTK,1ZN7L4R0H1D00F,1W9DL31001461C,1ZMLH8300204F0,1Z6PH74DAP0QN7,DJI Pilot,Android,7.0.2,1EF72A62-B7C3-C88D-164E-CE6F8C8424AE,1ZN7L4R0H1D00F,1W9DL31001461C,,1ZMLH8300204F0,1W9DL31001461C,,,,,
2023-11-01,11:34:40.04 AM,10m 17.7s,617.7,33.7944412631346,-117.4744424323849,-21.3,137.7,18.7,1242,5442.9,6.96691,8.547335,-4.697574,2.23694,5.144962,5.816044,0.671082,0.894776,-2.6,-0.3,2.6,134.2,134.2,131.4,Tripod,Other,,19,5,True,,True,False,,Smart,RC,False,True,False,,,True,,False,False,False,False,False,False,False,False,False,False,0,Follow Yaw,-77.9,0,126.1,126.1,False,False,False,False,False,,0,0,False,False,No Card,100,100,1024,1428,679,1085,2,False,False,False,False,False,0,False,False,False,False,67,,46.248,,6728,,10044,,46.248,,True,3.855,3.855,3.855,3.855,3.855,3.855,3.855,3.855,3.855,3.855,3.855,3.855,0,,False,False,True,,,,,,,,,,,,,,,False,False,19.57,,104.7,,75.7,,104.7,,1296,123,,23,7,140957.6,18794.35,,Idle,,20,,10,,,20,Go Home,False,False,False,False,False,False,False,False,False,False,False,False,33.8027920380556,-117.4659261431046,3993.3,3993.3,1049.4,396.9,True,1,1,False,False,False,False,,True,False,False,Course Lock,196.8,67,16.4,93,NW,S,1.78,11.4,Calm,False,False,Android,7.0.2,M300 RTK,1ZN7L4R0H1D00F,1W9DL31001461C,1ZMLH8300204F0,1Z6PH74DAP0QN7,"Corona, CA",728.3,5.7,137.7,8.547347,2.013246,0,0,DJI Matrice 300 RTK,M300 RTK,1ZN7L4R0H1D00F,1W9DL31001461C,1ZMLH8300204F0,1Z6PH74DAP0QN7,DJI Pilot,Android,7.0.2,1EF72A62-B7C3-C88D-164E-CE6F8C8424AE,1ZN7L4R0H1D00F,1W9DL31001461C,,1ZMLH8300204F0,1W9DL31001461C,,,,,
2023-11-01,11:34:40.14 AM,10m 17.8s,617.8,33.7944392865946,-117.4744397793447,-21.3,137.7,18.7,1242,5444.0,7.282948,8.547335,-4.921268,2.23694,5.368656,5.816044,0.671082,0.894776,-2.5,-0.5,2.5,134.2,134.2,131.8,Tripod,Other,,19,5,True,,True,False,,Smart,RC,False,True,False,,,True,,False,False,False,False,False,False,False,False,False,False,0,Follow Yaw,-77.9,0,126.1,126.1,False,False,False,False,False,,0,0,False,False,No Card,100,100,1024,1419,707,1137,2,False,False,False,False,False,0,False,False,False,False,67,,46.2,,3340,,4986,,46.2,,True,3.855,3.855,3.855,3.855,3.855,3.855,3.855,3.855,3.855,3.855,3.855,3.855,0,,False,False,True,,,,,,,,,,,,,,,False,False,9.842,,104.3,,75.7,,104.7,,1296,123,,23,7,140957.6,18794.35,,Idle,,20,,10,,,20,Go Home,False,False,False,False,False,False,False,False,False,False,False,False,33.8027920380556,-117.4659261431046,3993.3,3993.3,1049.4,396.9,True,1,1,False,False,False,False,,True,False,False,Course Lock,196.8,67,16.4,93,NW,S,1.78,11.4,Calm,False,False,Android,7.0.2,M300 RTK,1ZN7L4R0H1D00F,1W9DL31001461C,1ZMLH8300204F0,1Z6PH74DAP0QN7,"Corona, CA",728.3,5.7,137.7,8.547347,2.013246,0,0,DJI Matrice 300 RTK,M300 RTK,1ZN7L4R0H1D00F,1W9DL31001461C,1ZMLH8300204F0,1Z6PH74DAP0QN7,DJI Pilot,Android,7.0.2,1EF72A62-B7C3-C88D-164E-CE6F8C8424AE,1ZN7L4R0H1D00F,1W9DL31001461C,,1ZMLH8300204F0,1W9DL31001461C,,,,,
2023-11-01,11:34:40.24 AM,10m 17.9s,617.9,33.7944374282386,-117.4744369382301,-21.3,137.7,18.7,1242,5445.1,7.282948,8.547335,-4.921268,2.23694,5.368656,5.816044,0.671082,0.894776,-2.4,-0.3,2.4,134.2,134.2,128.2,Tripod,Other,,19,5,True,,True,False,,Smart,RC,False,True,False,,,True,,False,False,False,False,False,False,False,False,False,False,0,Follow Yaw,-77.9,0,126.3,126.3,False,False,False,False,False,,0,0,False,False,No Card,100,100,1024,1421,709,1138,2,False,False,False,False,False,0,False,False,False,False,67,,46.2,,3340,,4986,,46.2,,True,3.855,3.855,3.855,3.855,3.855,3.855,3.855,3.855,3.855,3.855,3.855,3.855,0,,False,False,True,,,,,,,,,,,,,,,False,False,9.842,,104.3,,75.7,,104.7,,1296,123,,23,7,140957.6,18794.35,,Idle,,20,,10,,,20,Go Home,False,False,False,False,False,False,False,False,False,False,False,False,33.8027920380556,-117.4659261431046,3993.3,3993.3,1049.4,396.9,True,1,1,False,False,False,False,,True,False,False,Course Lock,196.8,67,16.4,93,NW,S,1.78,11.4,Calm,False,False,Android,7.0.2,M300 RTK,1ZN7L4R0H1D00F,1W9DL31001461C,1ZMLH8300204F0,1Z6PH74DAP0QN7,"Corona, CA",728.3,5.7,137.7,8.547347,2.013246,0,0,DJI Matrice 300 RTK,M300 RTK,1ZN7L4R0H1D00F,1W9DL31001461C,1ZMLH8300204F0,1Z6PH74DAP0QN7,DJI Pilot,Android,7.0.2,1EF72A62-B7C3-C88D-164E-CE6F8C8424AE,1ZN7L4R0H1D00F,1W9DL31001461C,,1ZMLH8300204F0,1W9DL31001461C,,,,,
2023-11-01,11:34:40.34 AM,10m 18.0s,618.0,33.7944354473127,-117.4744342547548,-21.6,137.7,18.3,1242,5446.2,7.282948,8.547335,-4.921268,2.23694,5.368656,5.816044,0.671082,0.894776,-2.3,0,2.3,134.3,134.3,131.6,Tripod,Other,,20,5,True,,True,False,,Smart,RC,False,True,False,,,True,,False,False,False,False,False,False,False,False,False,False,0,Follow Yaw,-77.9,0,126.5,126.5,False,False,False,False,False,,0,0,False,False,No Card,100,100,1024,1422,713,1124,2,False,False,False,False,False,0,False,False,False,False,67,,46.248,,6728,,10044,,46.248,,True,3.855,3.855,3.855,3.855,3.855,3.855,3.855,3.855,3.855,3.855,3.855,3.855,0,,False,False,True,,,,,,,,,,,,,,,False,False,19.606,,104.7,,75.7,,104.7,,1296,123,,23,7,140957.6,18794.35,,Idle,,20,,10,,,20,Go Home,False,False,False,False,False,False,False,False,False,False,False,False,33.8027920380556,-117.4659261431046,3993.3,3993.3,1049.4,396.9,True,1,1,False,False,False,False,,True,False,False,Course Lock,196.8,67,16.4,93,NW,S,1.78,11.4,Calm,False,False,Android,7.0.2,M300 RTK,1ZN7L4R0H1D00F,1W9DL31001461C,1ZMLH8300204F0,1Z6PH74DAP0QN7,"Corona, CA",728.3,5.7,137.7,8.547347,2.013246,0,0,DJI Matrice 300 RTK,M300 RTK,1ZN7L4R0H1D00F,1W9DL31001461C,1ZMLH8300204F0,1Z6PH74DAP0QN7,DJI Pilot,Android,7.0.2,1EF72A62-B7C3-C88D-164E-CE6F8C8424AE,1ZN7L4R0H1D00F,1W9DL31001461C,,1ZMLH8300204F0,1W9DL31001461C,,,,,
2023-11-01,11:34:40.40 AM,10m 18.1s,618.1,33.7944331479514,-117.4744315939473,-21.6,137.7,18.3,1242,5447.3,7.282948,8.547335,-4.921268,2.23694,5.368656,5.816044,0.671082,0.894776,-2,0.4,2,134.4,134.4,136.1,Tripod,Other,,20,5,True,,True,False,,Smart,RC,False,True,False,,,True,,False,False,False,False,False,False,False,False,False,False,0,Follow Yaw,-77.9,0,126.6,126.6,False,False,False,False,False,,0,0,False,False,No Card,100,100,1024,1422,758,1070,2,False,False,False,False,False,0,False,False,False,False,67,,46.248,,6728,,10044,,46.248,,True,3.855,3.855,3.855,3.855,3.855,3.855,3.855,3.855,3.855,3.855,3.855,3.855,0,,False,False,True,,,,,,,,,,,,,,,False,False,19.606,,104.7,,75.7,,104.7,,1296,123,,23,7,140957.6,18794.35,,Idle,,20,,10,,,20,Go Home,False,False,False,False,False,False,False,False,False,False,False,False,33.8027920380556,-117.4659261431046,3993.4,3993.4,1049.4,396.9,True,1,1,False,False,False,False,,True,False,False,Course Lock,196.8,67,16.4,93,NW,S,1.78,11.4,Calm,False,False,Android,7.0.2,M300 RTK,1ZN7L4R0H1D00F,1W9DL31001461C,1ZMLH8300204F0,1Z6PH74DAP0QN7,"Corona, CA",728.3,5.7,137.7,8.547347,2.013246,0,0,DJI Matrice 300 RTK,M300 RTK,1ZN7L4R0H1D00F,1W9DL31001461C,1ZMLH8300204F0,1Z6PH74DAP0QN7,DJI Pilot,Android,7.0.2,1EF72A62-B7C3-C88D-164E-CE6F8C8424AE,1ZN7L4R0H1D00F,1W9DL31001461C,,1ZMLH8300204F0,1W9DL31001461C,,,,,
2023-11-01,11:34:40.50 AM,10m 18.2s,618.2,33.7944311128848,-117.4744289227336,-21.6,137.7,18.3,1242,5448.4,7.282948,8.547335,-4.921268,2.23694,5.368656,5.816044,0.671082,0.894776,-1.9,0.5,1.9,134.6,134.6,132.5,Tripod,Other,,19,5,True,,True,False,,Smart,RC,False,True,False,,,True,,False,False,False,False,False,False,False,False,False,False,0,Follow Yaw,-77.9,0,126.7,126.7,False,False,False,False,False,,0,0,False,False,No Card,100,100,1024,1421,782,1024,2,False,False,False,False,False,0,False,False,False,False,67,,46.248,,6728,,10044,,46.248,,True,3.855,3.855,3.855,3.855,3.855,3.855,3.855,3.855,3.855,3.855,3.855,3.855,0,,False,False,True,,,,,,,,,,,,,,,False,False,19.606,,104.7,,75.7,,104.7,,1296,123,,23,7,140957.6,18794.35,,Idle,,20,,10,,,20,Go Home,False,False,False,False,False,False,False,False,False,False,False,False,33.8027920380556,-117.4659261431046,3993.4,3993.4,1049.4,396.9,True,1,1,False,False,False,False,,True,False,False,Course Lock,196.8,67,16.4,93,NW,S,1.78,11.4,Calm,False,False,Android,7.0.2,M300 RTK,1ZN7L4R0H1D00F,1W9DL31001461C,1ZMLH8300204F0,1Z6PH74DAP0QN7,"Corona, CA",728.3,5.7,137.7,8.547347,2.013246,0,0,DJI Matrice 300 RTK,M300 RTK,1ZN7L4R0H1D00F,1W9DL31001461C,1ZMLH8300204F0,1Z6PH74DAP0QN7,DJI Pilot,Android,7.0.2,1EF72A62-B7C3-C88D-164E-CE6F8C8424AE,1ZN7L4R0H1D00F,1W9DL31001461C,,1ZMLH8300204F0,1W9DL31001461C,,,,,
2023-11-01,11:34:40.64 AM,10m 18.3s,618.3,33.794429208064,-117.4744263286155,-21.9,137.7,18.3,1242,5449.5,7.119656,8.547335,-4.921268,2.23694,5.144962,5.816044,0.671082,0.894776,-1.9,0.1,1.9,134.8,134.8,131.4,Tripod,Other,,19,5,True,,True,False,,Smart,RC,False,True,False,,,True,,False,False,False,False,False,False,False,False,False,False,0,Follow Yaw,-77.9,0,126.8,126.8,False,False,False,False,False,,0,0,False,False,No Card,100,100,1024,1420,836,1024,2,False,False,False,False,False,0,False,False,False,False,67,,46.248,,6728,,10044,,46.248,,True,3.852,3.852,3.852,3.852,3.852,3.852,3.852,3.852,3.852,3.852,3.852,3.852,0,,False,False,True,,,,,,,,,,,,,,,False,False,19.606,,104.7,,75.7,,104.7,,1295,123,,23,7,141910.9,18921.46,,Idle,,20,,10,,,20,Go Home,False,False,False,False,False,False,False,False,False,False,False,False,33.8027920380556,-117.4659261431046,3993.5,3993.5,1049.4,396.9,True,1,1,False,False,False,False,,True,False,False,Course Lock,196.8,67,16.4,93,NW,S,1.78,11.4,Calm,False,False,Android,7.0.2,M300 RTK,1ZN7L4R0H1D00F,1W9DL31001461C,1ZMLH8300204F0,1Z6PH74DAP0QN7,"Corona, CA",728.3,5.7,137.7,8.547347,2.013246,0,0,DJI Matrice 300 RTK,M300 RTK,1ZN7L4R0H1D00F,1W9DL31001461C,1ZMLH8300204F0,1Z6PH74DAP0QN7,DJI Pilot,Android,7.0.2,1EF72A62-B7C3-C88D-164E-CE6F8C8424AE,1ZN7L4R0H1D00F,1W9DL31001461C,,1ZMLH8300204F0,1W9DL31001461C,,,,,
2023-11-01,11:34:40.74 AM,10m 18.4s,618.4,33.7944271619638,-117.4744236826468,-21.9,137.7,18.0,1242,5450.6,7.119656,8.547335,-4.921268,2.23694,5.144962,5.816044,0.671082,0.894776,-2,-0.2,2,134.9,134.9,132.9,Tripod,Other,,18,5,True,,True,False,,Smart,RC,False,True,False,,,True,,False,False,False,False,False,False,False,False,False,False,0,Follow Yaw,-77.9,0,126.8,126.8,False,False,False,False,False,,0,0,False,False,No Card,100,100,1024,1420,825,1086,2,False,False,False,False,False,0,False,False,False,False,67,,46.248,,6728,,10044,,46.248,,True,3.852,3.852,3.852,3.852,3.852,3.852,3.852,3.852,3.852,3.852,3.852,3.852,0,,False,False,True,,,,,,,,,,,,,,,False,False,19.606,,104.7,,75.7,,104.7,,1295,123,,23,7,141910.9,18921.46,,Idle,,20,,10,,,20,Go Home,False,False,False,False,False,False,False,False,False,False,False,False,33.8027920380556,-117.4659261431046,3993.5,3993.5,1049.4,396.9,True,1,1,False,False,False,False,,True,False,False,Course Lock,196.8,67,16.4,93,NW,S,1.78,11.4,Calm,False,False,Android,7.0.2,M300 RTK,1ZN7L4R0H1D00F,1W9DL31001461C,1ZMLH8300204F0,1Z6PH74DAP0QN7,"Corona, CA",728.3,5.7,137.7,8.547347,2.013246,0,0,DJI Matrice 300 RTK,M300 RTK,1ZN7L4R0H1D00F,1W9DL31001461C,1ZMLH8300204F0,1Z6PH74DAP0QN7,DJI Pilot,Android,7.0.2,1EF72A62-B7C3-C88D-164E-CE6F8C8424AE,1ZN7L4R0H1D00F,1W9DL31001461C,,1ZMLH8300204F0,1W9DL31001461C,,,,,
2023-11-01,11:34:40.82 AM,10m 18.5s,618.5,33.7944249231165,-117.4744211157116,-21.9,137.7,18.0,1242,5451.7,7.119656,8.547335,-4.921268,2.23694,5.144962,5.816044,0.447388,0.894776,-2,-0.4,2,135,135,136.3,Tripod,Other,,18,5,True,,True,False,,Smart,RC,False,True,False,,,True,,False,False,False,False,False,False,False,False,False,False,0,Follow Yaw,-77.9,0,126.8,126.8,False,False,False,False,False,,0,0,False,False,No Card,100,100,1024,1420,802,1121,2,False,False,False,False,False,0,False,False,False,False,67,,46.248,,6728,,10044,,46.248,,True,3.852,3.852,3.852,3.852,3.852,3.852,3.852,3.852,3.852,3.852,3.852,3.852,0,,False,False,True,,,,,,,,,,,,,,,False,False,19.606,,104.7,,75.7,,104.7,,1295,123,,23,7,141910.9,18921.46,,Idle,,20,,10,,,20,Go Home,False,False,False,False,False,False,False,False,False,False,False,False,33.8027920380556,-117.4659261431046,3993.6,3993.6,1049.4,396.9,True,1,1,False,False,False,False,,True,False,False,Course Lock,196.8,67,16.4,93,NW,S,1.78,11.4,Calm,False,False,Android,7.0.2,M300 RTK,1ZN7L4R0H1D00F,1W9DL31001461C,1ZMLH8300204F0,1Z6PH74DAP0QN7,"Corona, CA",728.3,5.7,137.7,8.547347,2.013246,0,0,DJI Matrice 300 RTK,M300 RTK,1ZN7L4R0H1D00F,1W9DL31001461C,1ZMLH8300204F0,1Z6PH74DAP0QN7,DJI Pilot,Android,7.0.2,1EF72A62-B7C3-C88D-164E-CE6F8C8424AE,1ZN7L4R0H1D00F,1W9DL31001461C,,1ZMLH8300204F0,1W9DL31001461C,,,,,
2023-11-01,11:34:40.94 AM,10m 18.6s,618.6,33.7944228477187,-117.4744184684853,-22.3,137.7,18.0,1241,5452.8,7.282948,8.547335,-4.921268,2.23694,5.368656,5.816044,0.447388,0.894776,-2,-0.4,2,135,135,133.3,Tripod,Other,,18,5,True,,True,False,,Smart,RC,False,True,False,,,True,,False,False,False,False,False,False,False,False,False,False,0,Follow Yaw,-77.9,0,126.9,126.9,False,False,False,False,False,,0,0,False,False,No Card,100,100,1024,1420,794,1148,2,False,False,False,False,False,0,False,False,False,False,67,,46.248,,6728,,10044,,46.248,,True,3.852,3.852,3.852,3.852,3.852,3.852,3.852,3.852,3.852,3.852,3.852,3.852,0,,False,False,True,,,,,,,,,,,,,,,False,False,19.606,,104.7,,75.7,,104.7,,1295,123,,23,7,141910.9,18921.46,,Idle,,20,,10,,,20,Go Home,False,False,False,False,False,False,False,False,False,False,False,False,33.8027920380556,-117.4659261431046,3993.7,3993.7,1049.4,396.9,True,1,1,False,False,False,False,,True,False,False,Course Lock,196.8,67,16.4,93,NW,S,1.78,11.4,Calm,False,False,Android,7.0.2,M300 RTK,1ZN7L4R0H1D00F,1W9DL31001461C,1ZMLH8300204F0,1Z6PH74DAP0QN7,"Corona, CA",728.3,5.7,137.7,8.547347,2.013246,0,0,DJI Matrice 300 RTK,M300 RTK,1ZN7L4R0H1D00F,1W9DL31001461C,1ZMLH8300204F0,1Z6PH74DAP0QN7,DJI Pilot,Android,7.0.2,1EF72A62-B7C3-C88D-164E-CE6F8C8424AE,1ZN7L4R0H1D00F,1W9DL31001461C,,1ZMLH8300204F0,1W9DL31001461C,,,,,
2023-11-01,11:34:41.04 AM,10m 18.7s,618.7,33.794420855245,-117.4744159916651,-22.3,137.7,18.0,1241,5453.9,7.282948,8.547335,-4.921268,2.23694,5.368656,5.816044,0.447388,0.894776,-1.9,0,1.9,135.1,135.1,134.0,Tripod,Other,,18,5,True,,True,False,,Smart,RC,False,True,False,,,True,,False,False,False,False,False,False,False,False,False,False,0,Follow Yaw,-77.9,0,127,127,False,False,False,False,False,,0,0,False,False,No Card,100,100,1024,1418,794,1160,2,False,False,False,False,False,0,False,False,False,False,67,,46.248,,6728,,10044,,46.248,,True,3.852,3.852,3.852,3.852,3.852,3.852,3.852,3.852,3.852,3.852,3.852,3.852,0,,False,False,True,,,,,,,,,,,,,,,False,False,19.606,,104.7,,75.7,,104.7,,1295,123,,23,7,141910.9,18921.46,,Idle,,20,,10,,,20,Go Home,False,False,False,False,False,False,False,False,False,False,False,False,33.8027920380556,-117.4659261431046,3993.8,3993.8,1049.4,396.9,True,1,1,False,False,False,False,,True,False,False,Course Lock,196.8,67,16.4,93,NW,S,1.78,11.4,Calm,False,False,Android,7.0.2,M300 RTK,1ZN7L4R0H1D00F,1W9DL31001461C,1ZMLH8300204F0,1Z6PH74DAP0QN7,"Corona, CA",728.3,5.7,137.7,8.547347,2.013246,0,0,DJI Matrice 300 RTK,M300 RTK,1ZN7L4R0H1D00F,1W9DL31001461C,1ZMLH8300204F0,1Z6PH74DAP0QN7,DJI Pilot,Android,7.0.2,1EF72A62-B7C3-C88D-164E-CE6F8C8424AE,1ZN7L4R0H1D00F,1W9DL31001461C,,1ZMLH8300204F0,1W9DL31001461C,,,,,
2023-11-01,11:34:41.12 AM,10m 18.8s,618.8,33.7944187713493,-117.4744133599115,-22.3,137.7,18.0,1241,5455.0,7.276075,8.547335,-5.144962,2.23694,5.144962,5.816044,0.447388,0.894776,-1.9,0.3,1.9,135.2,135.2,133.6,Tripod,Other,,18,5,True,,True,False,,Smart,RC,False,True,False,,,True,,False,False,False,False,False,False,False,False,False,False,0,Follow Yaw,-77.9,0,127.3,127.3,False,False,False,False,False,,0,0,False,False,No Card,100,100,1024,1415,797,1178,2,False,False,False,False,False,0,False,False,False,False,67,,46.248,,6728,,10044,,46.248,,True,3.852,3.852,3.852,3.852,3.852,3.852,3.852,3.852,3.852,3.852,3.852,3.852,0,,False,False,True,,,,,,,,,,,,,,,False,False,19.606,,104.7,,75.7,,104.7,,1295,123,,23,7,141910.9,18921.46,,Idle,,20,,10,,,20,Go Home,False,False,False,False,False,False,False,False,False,False,False,False,33.8027920380556,-117.4659261431046,3993.8,3993.8,1049.4,396.9,True,1,1,False,False,False,False,,True,False,False,Course Lock,196.8,67,16.4,93,NW,S,1.78,11.4,Calm,False,False,Android,7.0.2,M300 RTK,1ZN7L4R0H1D00F,1W9DL31001461C,1ZMLH8300204F0,1Z6PH74DAP0QN7,"Corona, CA",728.3,5.7,137.7,8.547347,2.013246,0,0,DJI Matrice 300 RTK,M300 RTK,1ZN7L4R0H1D00F,1W9DL31001461C,1ZMLH8300204F0,1Z6PH74DAP0QN7,DJI Pilot,Android,7.0.2,1EF72A62-B7C3-C88D-164E-CE6F8C8424AE,1ZN7L4R0H1D00F,1W9DL31001461C,,1ZMLH8300204F0,1W9DL31001461C,,,,,
2023-11-01,11:34:41.23 AM,10m 18.9s,618.9,33.7944168385672,-117.4744110289327,-22.3,137.7,18.0,1241,5456.0,7.276075,8.547335,-5.144962,2.23694,5.144962,5.816044,0.223694,0.894776,-2,0.6,2,135.3,135.3,134.9,Tripod,Other,,18,5,True,,True,False,,Smart,RC,False,True,False,,,True,,False,False,False,False,False,False,False,False,False,False,0,Follow Yaw,-77.9,0,127.6,127.6,False,False,False,False,False,,0,0,False,False,No Card,100,100,1024,1430,805,1179,2,False,False,False,False,False,0,False,False,False,False,67,,46.248,,6728,,10044,,46.248,,True,3.852,3.852,3.852,3.852,3.852,3.852,3.852,3.852,3.852,3.852,3.852,3.852,0,,False,False,True,,,,,,,,,,,,,,,False,False,19.606,,104.7,,75.7,,104.7,,1295,123,,23,7,141910.9,18921.46,,Idle,,20,,10,,,20,Go Home,False,False,False,False,False,False,False,False,False,False,False,False,33.8027920380556,-117.4659261431046,3993.9,3993.9,1049.4,396.9,True,1,1,False,False,False,False,,True,False,False,Course Lock,196.8,67,16.4,93,NW,S,1.78,11.4,Calm,False,False,Android,7.0.2,M300 RTK,1ZN7L4R0H1D00F,1W9DL31001461C,1ZMLH8300204F0,1Z6PH74DAP0QN7,"Corona, CA",728.3,5.7,137.7,8.547347,2.013246,0,0,DJI Matrice 300 RTK,M300 RTK,1ZN7L4R0H1D00F,1W9DL31001461C,1ZMLH8300204F0,1Z6PH74DAP0QN7,DJI Pilot,Android,7.0.2,1EF72A62-B7C3-C88D-164E-CE6F8C8424AE,1ZN7L4R0H1D00F,1W9DL31001461C,,1ZMLH8300204F0,1W9DL31001461C,,,,,
2023-11-01,11:34:41.33 AM,10m 19.0s,619.0,33.7944147385321,-117.4744084404223,-22.6,137.7,18.0,1241,5457.1,7.276075,8.547335,-5.144962,2.23694,5.144962,5.816044,0.223694,0.894776,-1.9,0.9,2.1,135.4,135.4,134.3,Tripod,Other,,19,5,True,,True,False,,Smart,RC,False,True,False,,,True,,False,False,False,False,False,False,False,False,False,False,0,Follow Yaw,-77.9,0,127.9,127.9,False,False,False,False,False,,0,0,False,False,No Card,100,100,1024,1442,803,1181,2,False,False,False,False,False,0,False,False,False,False,67,,46.2,,6728,,10044,,46.2,,True,3.852,3.852,3.852,3.852,3.852,3.852,3.852,3.852,3.852,3.852,3.852,3.852,0,,False,False,True,,,,,,,,,,,,,,,False,False,19.228,,104.7,,75.7,,104.7,,1295,123,,23,7,141910.9,18921.46,,Idle,,20,,10,,,20,Go Home,False,False,False,False,False,False,False,False,False,False,False,False,33.8027920380556,-117.4659261431046,3994.0,3994.0,1049.4,396.9,True,1,1,False,False,False,False,,True,False,False,Course Lock,196.8,67,16.4,93,NW,S,1.78,11.4,Calm,False,False,Android,7.0.2,M300 RTK,1ZN7L4R0H1D00F,1W9DL31001461C,1ZMLH8300204F0,1Z6PH74DAP0QN7,"Corona, CA",728.3,5.7,137.7,8.547347,2.013246,0,0,DJI Matrice 300 RTK,M300 RTK,1ZN7L4R0H1D00F,1W9DL31001461C,1ZMLH8300204F0,1Z6PH74DAP0QN7,DJI Pilot,Android,7.0.2,1EF72A62-B7C3-C88D-164E-CE6F8C8424AE,1ZN7L4R0H1D00F,1W9DL31001461C,,1ZMLH8300204F0,1W9DL31001461C,,,,,
2023-11-01,11:34:41.44 AM,10m 19.1s,619.1,33.7944126315752,-117.4744056895154,-22.6,137.7,18.0,1241,5458.2,7.276075,8.547335,-5.144962,2.23694,5.144962,5.816044,0.223694,0.894776,-1.8,1,2,135.7,135.7,132.6,Tripod,Other,,19,5,True,,True,False,,Smart,RC,False,True,False,,,True,,False,False,False,False,False,False,False,False,False,False,0,Follow Yaw,-77.9,0,128.2,128.2,False,False,False,False,False,,0,0,False,False,No Card,100,100,1024,1451,772,1196,2,False,False,False,False,False,0,False,False,False,False,67,,46.2,,6728,,10044,,46.2,,True,3.852,3.852,3.852,3.852,3.852,3.852,3.852,3.852,3.852,3.852,3.852,3.852,0,,False,False,True,,,,,,,,,,,,,,,False,False,19.228,,104.7,,75.7,,104.7,,1295,123,,23,7,141910.9,18921.46,,Idle,,20,,10,,,20,Go Home,False,False,False,False,False,False,False,False,False,False,False,False,33.8027920380556,-117.4659261431046,3994.1,3994.1,1049.4,396.9,True,1,1,False,False,False,False,,True,False,False,Course Lock,196.8,67,16.4,93,NW,S,1.78,11.4,Calm,False,False,Android,7.0.2,M300 RTK,1ZN7L4R0H1D00F,1W9DL31001461C,1ZMLH8300204F0,1Z6PH74DAP0QN7,"Corona, CA",728.3,5.7,137.7,8.547347,2.013246,0,0,DJI Matrice 300 RTK,M300 RTK,1ZN7L4R0H1D00F,1W9DL31001461C,1ZMLH8300204F0,1Z6PH74DAP0QN7,DJI Pilot,Android,7.0.2,1EF72A62-B7C3-C88D-164E-CE6F8C8424AE,1ZN7L4R0H1D00F,1W9DL31001461C,,1ZMLH8300204F0,1W9DL31001461C,,,,,
2023-11-01,11:34:41.54 AM,10m 19.2s,619.2,33.7944105008376,-117.4744031136944,-22.6,137.7,18.3,1241,5459.3,7.276075,8.547335,-5.144962,2.23694,5.144962,5.816044,0.223694,0.894776,-1.9,0.9,2.1,135.9,135.9,134.8,Tripod,Other,,19,5,True,,True,False,,Smart,RC,False,True,False,,,True,,False,False,False,False,False,False,False,False,False,False,0,Follow Yaw,-77.9,0,128.5,128.5,False,False,False,False,False,,0,0,False,False,No Card,100,100,1024,1454,755,1194,2,False,False,False,False,False,0,False,False,False,False,67,,46.2,,6728,,10044,,46.2,,True,3.852,3.852,3.852,3.852,3.852,3.852,3.852,3.852,3.852,3.852,3.852,3.852,0,,False,False,True,,,,,,,,,,,,,,,False,False,19.228,,104.7,,75.7,,104.7,,1295,123,,23,7,141910.9,18921.46,,Idle,,20,,10,,,20,Go Home,False,False,False,False,False,False,False,False,False,False,False,False,33.8027920380556,-117.4659261431046,3994.2,3994.2,1049.4,396.9,True,1,1,False,False,False,False,,True,False,False,Course Lock,196.8,67,16.4,93,NW,S,1.78,11.4,Calm,False,False,Android,7.0.2,M300 RTK,1ZN7L4R0H1D00F,1W9DL31001461C,1ZMLH8300204F0,1Z6PH74DAP0QN7,"Corona, CA",728.3,5.7,137.7,8.547347,2.013246,0,0,DJI Matrice 300 RTK,M300 RTK,1ZN7L4R0H1D00F,1W9DL31001461C,1ZMLH8300204F0,1Z6PH74DAP0QN7,DJI Pilot,Android,7.0.2,1EF72A62-B7C3-C88D-164E-CE6F8C8424AE,1ZN7L4R0H1D00F,1W9DL31001461C,,1ZMLH8300204F0,1W9DL31001461C,,,,,
2023-11-01,11:34:41.64 AM,10m 19.3s,619.3,33.7944084145775,-117.4744006601915,-22.6,137.7,18.3,1241,5460.4,7.276075,8.547335,-5.144962,2.23694,5.144962,5.816044,0.223694,0.894776,-2.2,1,2.4,136.2,136.2,135.6,Tripod,Other,,19,5,True,,True,False,,Smart,RC,False,True,False,,,True,,False,False,False,False,False,False,False,False,False,False,0,Follow Yaw,-77.9,0,128.9,128.9,False,False,False,False,False,,0,0,False,False,No Card,100,100,1024,1455,748,1188,2,False,False,False,False,False,0,False,False,False,False,67,,46.2,,6728,,10044,,46.2,,True,3.853,3.853,3.853,3.853,3.853,3.853,3.853,3.853,3.853,3.853,3.853,3.853,0,,False,False,True,,,,,,,,,,,,,,,False,False,19.228,,104.7,,75.7,,104.7,,1293,123,,23,7,142872.4,19049.65,,Idle,,20,,10,,,20,Go Home,False,False,False,False,False,False,False,False,False,False,False,False,33.8027920380556,-117.4659261431046,3994.3,3994.3,1049.4,396.9,True,1,1,False,False,False,False,,True,False,False,Course Lock,196.8,67,16.4,93,NW,S,1.78,11.4,Calm,False,False,Android,7.0.2,M300 RTK,1ZN7L4R0H1D00F,1W9DL31001461C,1ZMLH8300204F0,1Z6PH74DAP0QN7,"Corona, CA",728.3,5.7,137.7,8.547347,2.013246,0,0,DJI Matrice 300 RTK,M300 RTK,1ZN7L4R0H1D00F,1W9DL31001461C,1ZMLH8300204F0,1Z6PH74DAP0QN7,DJI Pilot,Android,7.0.2,1EF72A62-B7C3-C88D-164E-CE6F8C8424AE,1ZN7L4R0H1D00F,1W9DL31001461C,,1ZMLH8300204F0,1W9DL31001461C,,,,,
2023-11-01,11:34:41.75 AM,10m 19.4s,619.4,33.7944062543367,-117.4743981262119,-22.6,137.7,18.3,1241,5461.5,7.435933,8.547335,-5.368656,2.23694,5.144962,5.816044,0.447388,0.894776,-2.6,1.1,2.8,136.6,136.6,135.7,Tripod,Other,,19,5,True,,True,False,,Smart,RC,False,True,False,,,True,,False,False,False,False,False,False,False,False,False,False,0,Follow Yaw,-77.9,0,129.3,129.3,False,False,False,False,False,,0,0,False,False,No Card,100,100,1024,1453,739,1185,2,False,False,False,False,False,0,False,False,False,False,67,,46.2,,6728,,10044,,46.2,,True,3.853,3.853,3.853,3.853,3.853,3.853,3.853,3.853,3.853,3.853,3.853,3.853,0,,False,False,True,,,,,,,,,,,,,,,False,False,19.228,,104.7,,75.7,,104.7,,1293,123,,23,7,142872.4,19049.65,,Idle,,20,,10,,,20,Go Home,False,False,False,False,False,False,False,False,False,False,False,False,33.8027920380556,-117.4659261431046,3994.4,3994.4,1049.4,396.9,True,1,1,False,False,False,False,,True,False,False,Course Lock,196.8,67,16.4,93,NW,S,1.78,11.4,Calm,False,False,Android,7.0.2,M300 RTK,1ZN7L4R0H1D00F,1W9DL31001461C,1ZMLH8300204F0,1Z6PH74DAP0QN7,"Corona, CA",728.3,5.7,137.7,8.547347,2.013246,0,0,DJI Matrice 300 RTK,M300 RTK,1ZN7L4R0H1D00F,1W9DL31001461C,1ZMLH8300204F0,1Z6PH74DAP0QN7,DJI Pilot,Android,7.0.2,1EF72A62-B7C3-C88D-164E-CE6F8C8424AE,1ZN7L4R0H1D00F,1W9DL31001461C,,1ZMLH8300204F0,1W9DL31001461C,,,,,
2023-11-01,11:34:41.85 AM,10m 19.5s,619.5,33.7944040253924,-117.4743952033939,-22.6,137.7,18.0,1241,5462.7,7.435933,8.547335,-5.368656,2.23694,5.144962,5.816044,0.447388,0.894776,-2.6,1.2,2.8,136.9,136.9,132.5,Tripod,Other,,19,5,True,,True,False,,Smart,RC,False,True,False,,,True,,False,False,False,False,False,False,False,False,False,False,0,Follow Yaw,-77.9,0,129.4,129.4,False,False,False,False,False,,0,0,False,False,No Card,100,100,1024,1450,736,1185,2,False,False,False,False,False,0,False,False,False,False,67,,46.2,,6728,,10044,,46.2,,True,3.853,3.853,3.853,3.853,3.853,3.853,3.853,3.853,3.853,3.853,3.853,3.853,0,,False,False,True,,,,,,,,,,,,,,,False,False,19.228,,104.7,,75.7,,104.7,,1293,123,,23,7,142872.4,19049.65,,Idle,,20,,10,,,20,Go Home,False,False,False,False,False,False,False,False,False,False,False,False,33.8027920380556,-117.4659261431046,3994.4,3994.4,1049.4,396.9,True,1,1,False,False,False,False,,True,False,False,Course Lock,196.8,67,16.4,93,NW,S,1.78,11.4,Calm,False,False,Android,7.0.2,M300 RTK,1ZN7L4R0H1D00F,1W9DL31001461C,1ZMLH8300204F0,1Z6PH74DAP0QN7,"Corona, CA",728.3,5.7,137.7,8.547347,2.013246,0,0,DJI Matrice 300 RTK,M300 RTK,1ZN7L4R0H1D00F,1W9DL31001461C,1ZMLH8300204F0,1Z6PH74DAP0QN7,DJI Pilot,Android,7.0.2,1EF72A62-B7C3-C88D-164E-CE6F8C8424AE,1ZN7L4R0H1D00F,1W9DL31001461C,,1ZMLH8300204F0,1W9DL31001461C,,,,,
2023-11-01,11:34:41.95 AM,10m 19.6s,619.6,33.7944018095377,-117.4743926532715,-22.9,137.7,18.0,1241,5463.8,7.435933,8.547335,-5.368656,2.23694,5.144962,5.816044,0.447388,0.894776,-2.7,1.2,2.9,137.2,137.2,136.2,Tripod,Other,,19,5,True,,True,False,,Smart,RC,False,True,False,,,True,,False,False,False,False,False,False,False,False,False,False,0,Follow Yaw,-77.9,0,129.9,129.9,False,False,False,False,False,,0,0,False,False,No Card,100,100,1024,1446,739,1185,2,False,False,False,False,False,0,False,False,False,False,67,,46.2,,6728,,10044,,46.2,,True,3.853,3.853,3.853,3.853,3.853,3.853,3.853,3.853,3.853,3.853,3.853,3.853,0,,False,False,True,,,,,,,,,,,,,,,False,False,19.228,,104.7,,75.7,,104.7,,1293,123,,23,7,142872.4,19049.65,,Idle,,20,,10,,,20,Go Home,False,False,False,False,False,False,False,False,False,False,False,False,33.8027920380556,-117.4659261431046,3994.5,3994.5,1049.4,396.9,True,1,1,False,False,False,False,,True,False,False,Course Lock,196.8,67,16.4,93,NW,S,2.01,11.4,Calm,False,False,Android,7.0.2,M300 RTK,1ZN7L4R0H1D00F,1W9DL31001461C,1ZMLH8300204F0,1Z6PH74DAP0QN7,"Corona, CA",728.3,5.7,137.7,8.547347,2.013246,0,0,DJI Matrice 300 RTK,M300 RTK,1ZN7L4R0H1D00F,1W9DL31001461C,1ZMLH8300204F0,1Z6PH74DAP0QN7,DJI Pilot,Android,7.0.2,1EF72A62-B7C3-C88D-164E-CE6F8C8424AE,1ZN7L4R0H1D00F,1W9DL31001461C,,1ZMLH8300204F0,1W9DL31001461C,,,,,
2023-11-01,11:34:42.05 AM,10m 19.7s,619.7,33.7943996168469,-117.4743900801514,-22.9,137.7,18.0,1241,5464.9,7.599013,8.547335,-5.59235,2.23694,5.144962,5.816044,0.447388,0.894776,-2.6,1.2,2.8,137.5,137.5,135.7,Tripod,Other,,19,5,True,,True,False,,Smart,RC,False,True,False,,,True,,False,False,False,False,False,False,False,False,False,False,0,Follow Yaw,-77.9,0,130.3,130.3,False,False,False,False,False,,0,0,False,False,No Card,100,100,1024,1445,742,1175,2,False,False,False,False,False,0,False,False,False,False,67,,46.2,,6728,,10044,,46.2,,True,3.853,3.853,3.853,3.853,3.853,3.853,3.853,3.853,3.853,3.853,3.853,3.853,0,,False,False,True,,,,,,,,,,,,,,,False,False,19.228,,104.7,,75.7,,104.7,,1293,123,,23,7,142872.4,19049.65,,Idle,,20,,10,,,20,Go Home,False,False,False,False,False,False,False,False,False,False,False,False,33.8027920380556,-117.4659261431046,3994.7,3994.7,1049.4,396.9,True,1,1,False,False,False,False,,True,False,False,Course Lock,196.8,67,16.4,93,NW,S,2.01,11.4,Calm,False,False,Android,7.0.2,M300 RTK,1ZN7L4R0H1D00F,1W9DL31001461C,1ZMLH8300204F0,1Z6PH74DAP0QN7,"Corona, CA",728.3,5.7,137.7,8.547347,2.013246,0,0,DJI Matrice 300 RTK,M300 RTK,1ZN7L4R0H1D00F,1W9DL31001461C,1ZMLH8300204F0,1Z6PH74DAP0QN7,DJI Pilot,Android,7.0.2,1EF72A62-B7C3-C88D-164E-CE6F8C8424AE,1ZN7L4R0H1D00F,1W9DL31001461C,,1ZMLH8300204F0,1W9DL31001461C,,,,,
2023-11-01,11:34:42.16 AM,10m 19.8s,619.8,33.7943973506209,-117.4743875452852,-22.9,137.7,18.3,1241,5466.0,7.449379,8.547335,-5.59235,2.23694,4.921268,5.816044,0.447388,0.894776,-2.5,1.1,2.7,137.9,137.9,137.0,Tripod,Other,,19,5,True,,True,False,,Smart,RC,False,True,False,,,True,,False,False,False,False,False,False,False,False,False,False,0,Follow Yaw,-77.9,0,130.6,130.6,False,False,False,False,False,,0,0,False,False,No Card,100,100,1024,1446,742,1162,2,False,False,False,False,False,0,False,False,False,False,67,,46.2,,6728,,10044,,46.2,,True,3.853,3.853,3.853,3.853,3.853,3.853,3.853,3.853,3.853,3.853,3.853,3.853,0,,False,False,True,,,,,,,,,,,,,,,False,False,19.228,,104.7,,75.7,,104.7,,1293,123,,23,7,142872.4,19049.65,,Idle,,20,,10,,,20,Go Home,False,False,False,False,False,False,False,False,False,False,False,False,33.8027920380556,-117.4659261431046,3994.8,3994.8,1049.4,396.9,True,1,1,False,False,False,False,,True,False,False,Course Lock,196.8,67,16.4,93,NW,S,2.01,11.4,Calm,False,False,Android,7.0.2,M300 RTK,1ZN7L4R0H1D00F,1W9DL31001461C,1ZMLH8300204F0,1Z6PH74DAP0QN7,"Corona, CA",728.3,5.7,137.7,8.547347,2.013246,0,0,DJI Matrice 300 RTK,M300 RTK,1ZN7L4R0H1D00F,1W9DL31001461C,1ZMLH8300204F0,1Z6PH74DAP0QN7,DJI Pilot,Android,7.0.2,1EF72A62-B7C3-C88D-164E-CE6F8C8424AE,1ZN7L4R0H1D00F,1W9DL31001461C,,1ZMLH8300204F0,1W9DL31001461C,,,,,
2023-11-01,11:34:42.26 AM,10m 19.9s,619.9,33.7943952190267,-117.4743852725585,-23.2,137.7,18.0,1240,5467.1,7.449379,8.547335,-5.59235,2.23694,4.921268,5.816044,0.447388,0.894776,-2.3,0.8,2.4,138.3,138.3,138.4,Tripod,Other,,19,5,True,,True,False,,Smart,RC,False,True,False,,,True,,False,False,False,False,False,False,False,False,False,False,0,Follow Yaw,-77.9,0,130.8,130.8,False,False,False,False,False,,0,0,False,False,No Card,100,100,1024,1446,737,1157,2,False,False,False,False,False,0,False,False,False,False,67,,46.2,,6728,,10044,,46.2,,True,3.853,3.853,3.853,3.853,3.853,3.853,3.853,3.853,3.853,3.853,3.853,3.853,0,,False,False,True,,,,,,,,,,,,,,,False,False,19.228,,104.7,,75.7,,104.7,,1293,123,,23,7,142872.4,19049.65,,Idle,,20,,10,,,20,Go Home,False,False,False,False,False,False,False,False,False,False,False,False,33.8027920380556,-117.4659261431046,3995.0,3995.0,1049.4,396.9,True,1,1,False,False,False,False,,True,False,False,Course Lock,196.8,67,16.4,93,NW,S,2.01,11.4,Calm,False,False,Android,7.0.2,M300 RTK,1ZN7L4R0H1D00F,1W9DL31001461C,1ZMLH8300204F0,1Z6PH74DAP0QN7,"Corona, CA",728.3,5.7,137.7,8.547347,2.013246,0,0,DJI Matrice 300 RTK,M300 RTK,1ZN7L4R0H1D00F,1W9DL31001461C,1ZMLH8300204F0,1Z6PH74DAP0QN7,DJI Pilot,Android,7.0.2,1EF72A62-B7C3-C88D-164E-CE6F8C8424AE,1ZN7L4R0H1D00F,1W9DL31001461C,,1ZMLH8300204F0,1W9DL31001461C,,,,,
2023-11-01,11:34:42.37 AM,10m 20.0s,620.0,33.794392922064,-117.4743827794202,-23.2,137.7,18.0,1240,5468.2,7.449379,8.547335,-5.59235,2.23694,4.921268,5.816044,0.671082,0.894776,-2.2,0.5,2.2,138.7,138.7,137.9,Tripod,Other,,20,5,True,,True,False,,Smart,RC,False,True,False,,,True,,False,False,False,False,False,False,False,False,False,False,0,Follow Yaw,-77.9,0,131.1,131.1,False,False,False,False,False,,0,0,False,False,No Card,100,100,1024,1444,723,1152,2,False,False,False,False,False,0,False,False,False,False,67,,46.236,,6728,,10044,,46.236,,True,3.853,3.853,3.853,3.853,3.853,3.853,3.853,3.853,3.853,3.853,3.853,3.853,0,,False,False,True,,,,,,,,,,,,,,,False,False,19.998,,104.7,,75.7,,104.7,,1293,123,,23,7,142872.4,19049.65,,Idle,,20,,10,,,20,Go Home,False,False,False,False,False,False,False,False,False,False,False,False,33.8027920380556,-117.4659261431046,3995.1,3995.1,1049.4,396.9,True,1,1,False,False,False,False,,True,False,False,Course Lock,196.8,67,16.4,93,NW,S,2.01,11.4,Calm,False,False,Android,7.0.2,M300 RTK,1ZN7L4R0H1D00F,1W9DL31001461C,1ZMLH8300204F0,1Z6PH74DAP0QN7,"Corona, CA",728.3,5.7,137.7,8.547347,2.013246,0,0,DJI Matrice 300 RTK,M300 RTK,1ZN7L4R0H1D00F,1W9DL31001461C,1ZMLH8300204F0,1Z6PH74DAP0QN7,DJI Pilot,Android,7.0.2,1EF72A62-B7C3-C88D-164E-CE6F8C8424AE,1ZN7L4R0H1D00F,1W9DL31001461C,,1ZMLH8300204F0,1W9DL31001461C,,,,,
2023-11-01,11:34:42.47 AM,10m 20.1s,620.1,33.7943905706867,-117.4743802298648,-23.2,137.7,18.0,1240,5469.4,7.618743,8.547335,-5.816044,2.23694,4.921268,5.816044,0.671082,0.894776,-2.5,0.5,2.5,139,139,137.9,Tripod,Other,,20,5,True,,True,False,,Smart,RC,False,True,False,,,True,,False,False,False,False,False,False,False,False,False,False,0,Follow Yaw,-77.9,0,131.3,131.3,False,False,False,False,False,,0,0,False,False,No Card,100,100,1024,1448,650,1130,2,False,False,False,False,False,0,False,False,False,False,67,,46.236,,6728,,10044,,46.236,,True,3.853,3.853,3.853,3.853,3.853,3.853,3.853,3.853,3.853,3.853,3.853,3.853,0,,False,False,True,,,,,,,,,,,,,,,False,False,19.998,,104.7,,75.7,,104.7,,1293,123,,23,7,142872.4,19049.65,,Idle,,20,,10,,,20,Go Home,False,False,False,False,False,False,False,False,False,False,False,False,33.8027920380556,-117.4659261431046,3995.3,3995.3,1049.4,396.9,True,1,1,False,False,False,False,,True,False,False,Course Lock,196.8,67,16.4,93,NW,S,2.01,11.4,Calm,False,False,Android,7.0.2,M300 RTK,1ZN7L4R0H1D00F,1W9DL31001461C,1ZMLH8300204F0,1Z6PH74DAP0QN7,"Corona, CA",728.3,5.7,137.7,8.547347,2.013246,0,0,DJI Matrice 300 RTK,M300 RTK,1ZN7L4R0H1D00F,1W9DL31001461C,1ZMLH8300204F0,1Z6PH74DAP0QN7,DJI Pilot,Android,7.0.2,1EF72A62-B7C3-C88D-164E-CE6F8C8424AE,1ZN7L4R0H1D00F,1W9DL31001461C,,1ZMLH8300204F0,1W9DL31001461C,,,,,
2023-11-01,11:34:42.57 AM,10m 20.2s,620.2,33.7943882307543,-117.4743777441175,-23.2,137.7,18.0,1240,5470.5,7.618743,8.547335,-5.816044,2.23694,4.921268,5.816044,0.671082,0.894776,-2.8,0.7,2.8,139.4,139.4,138.5,Tripod,Other,,20,5,True,,True,False,,Smart,RC,False,True,False,,,True,,False,False,False,False,False,False,False,False,False,False,0,Follow Yaw,-77.9,0,131.6,131.6,False,False,False,False,False,,0,0,False,False,No Card,100,100,1024,1451,599,1121,2,False,False,False,False,False,0,False,False,False,False,67,,46.236,,6728,,10044,,46.236,,True,3.853,3.853,3.853,3.853,3.853,3.853,3.853,3.853,3.853,3.853,3.853,3.853,0,,False,False,True,,,,,,,,,,,,,,,False,False,19.998,,104.7,,75.7,,104.7,,1293,123,,23,7,142872.4,19049.65,,Idle,,20,,10,,,20,Go Home,False,False,False,False,False,False,False,False,False,False,False,False,33.8027920380556,-117.4659261431046,3995.4,3995.4,1049.4,396.9,True,1,1,False,False,False,False,,True,False,False,Course Lock,196.8,67,16.4,93,NW,S,2.01,11.4,Calm,False,False,Android,7.0.2,M300 RTK,1ZN7L4R0H1D00F,1W9DL31001461C,1ZMLH8300204F0,1Z6PH74DAP0QN7,"Corona, CA",728.3,5.7,137.7,8.547347,2.013246,0,0,DJI Matrice 300 RTK,M300 RTK,1ZN7L4R0H1D00F,1W9DL31001461C,1ZMLH8300204F0,1Z6PH74DAP0QN7,DJI Pilot,Android,7.0.2,1EF72A62-B7C3-C88D-164E-CE6F8C8424AE,1ZN7L4R0H1D00F,1W9DL31001461C,,1ZMLH8300204F0,1W9DL31001461C,,,,,
2023-11-01,11:34:42.68 AM,10m 20.3s,620.3,33.7943859901594,-117.4743753153442,-23.6,137.7,18.0,1240,5471.6,7.618743,8.547335,-5.816044,2.23694,4.921268,5.816044,0.671082,0.894776,-2.8,0.6,2.8,139.7,139.7,137.9,Tripod,Other,,20,5,True,,True,False,,Smart,RC,False,True,False,,,True,,False,False,False,False,False,False,False,False,False,False,0,Follow Yaw,-77.9,0,131.7,131.7,False,False,False,False,False,,0,0,False,False,No Card,100,100,1024,1451,595,1112,2,False,False,False,False,False,0,False,False,False,False,67,,46.236,,6728,,10044,,46.236,,True,3.852,3.852,3.852,3.852,3.852,3.852,3.852,3.852,3.852,3.852,3.852,3.852,0,,False,False,True,,,,,,,,,,,,,,,False,False,19.998,,104.7,,75.7,,104.7,,1290,123,,23,7,143769.4,19169.25,,Idle,,20,,10,,,20,Go Home,False,False,False,False,False,False,False,False,False,False,False,False,33.8027920380556,-117.4659261431046,3995.6,3995.6,1049.4,396.9,True,1,1,False,False,False,False,,True,False,False,Course Lock,196.8,67,16.4,93,NW,S,2.01,11.4,Calm,False,False,Android,7.0.2,M300 RTK,1ZN7L4R0H1D00F,1W9DL31001461C,1ZMLH8300204F0,1Z6PH74DAP0QN7,"Corona, CA",728.3,5.7,137.7,8.547347,2.013246,0,0,DJI Matrice 300 RTK,M300 RTK,1ZN7L4R0H1D00F,1W9DL31001461C,1ZMLH8300204F0,1Z6PH74DAP0QN7,DJI Pilot,Android,7.0.2,1EF72A62-B7C3-C88D-164E-CE6F8C8424AE,1ZN7L4R0H1D00F,1W9DL31001461C,,1ZMLH8300204F0,1W9DL31001461C,,,,,
2023-11-01,11:34:42.74 AM,10m 20.4s,620.4,33.7943836103069,-117.4743728474096,-23.6,137.7,18.0,1240,5472.7,7.618743,8.547335,-5.816044,2.23694,4.921268,5.816044,0.671082,0.894776,-2.9,0.2,2.9,139.8,139.8,139.2,Tripod,Other,,20,5,True,,True,False,,Smart,RC,False,True,False,,,True,,False,False,False,False,False,False,False,False,False,False,0,Follow Yaw,-77.9,0,131.9,131.9,False,False,False,False,False,,0,0,False,False,No Card,100,100,1024,1451,601,1112,2,False,False,False,False,False,0,False,False,False,False,67,,46.236,,6728,,10044,,46.236,,True,3.852,3.852,3.852,3.852,3.852,3.852,3.852,3.852,3.852,3.852,3.852,3.852,0,,False,False,True,,,,,,,,,,,,,,,False,False,19.998,,104.7,,75.7,,104.7,,1290,123,,23,7,143769.4,19169.25,,Idle,,20,,10,,,20,Go Home,False,False,False,False,False,False,False,False,False,False,False,False,33.8027920380556,-117.4659261431046,3995.8,3995.8,1049.4,396.9,True,1,1,False,False,False,False,,True,False,False,Course Lock,196.8,67,16.4,93,NW,S,2.01,11.4,Calm,False,False,Android,7.0.2,M300 RTK,1ZN7L4R0H1D00F,1W9DL31001461C,1ZMLH8300204F0,1Z6PH74DAP0QN7,"Corona, CA",728.3,5.7,137.7,8.547347,2.013246,0,0,DJI Matrice 300 RTK,M300 RTK,1ZN7L4R0H1D00F,1W9DL31001461C,1ZMLH8300204F0,1Z6PH74DAP0QN7,DJI Pilot,Android,7.0.2,1EF72A62-B7C3-C88D-164E-CE6F8C8424AE,1ZN7L4R0H1D00F,1W9DL31001461C,,1ZMLH8300204F0,1W9DL31001461C,,,,,
2023-11-01,11:34:42.84 AM,10m 20.5s,620.5,33.7943812760284,-117.4743703561268,-23.9,137.7,18.0,1240,5473.9,7.790848,8.547335,-6.039738,2.23694,4.921268,5.816044,0.894776,0.894776,-2.9,-0.1,2.9,140,140,138.4,Tripod,Other,,20,5,True,,True,False,,Smart,RC,False,True,False,,,True,,False,False,False,False,False,False,False,False,False,False,0,Follow Yaw,-77.9,0,132,132,False,False,False,False,False,,0,0,False,False,No Card,100,100,1024,1450,618,1110,2,False,False,False,False,False,0,False,False,False,False,67,,46.236,,6728,,10044,,46.236,,True,3.852,3.852,3.852,3.852,3.852,3.852,3.852,3.852,3.852,3.852,3.852,3.852,0,,False,False,True,,,,,,,,,,,,,,,False,False,19.998,,104.7,,75.7,,104.7,,1290,123,,23,7,143769.4,19169.25,,Idle,,20,,10,,,20,Go Home,False,False,False,False,False,False,False,False,False,False,False,False,33.8027920380556,-117.4659261431046,3996.0,3996.0,1049.4,396.9,True,1,1,False,False,False,False,,True,False,False,Course Lock,196.8,67,16.4,93,NW,S,2.01,11.4,Calm,False,False,Android,7.0.2,M300 RTK,1ZN7L4R0H1D00F,1W9DL31001461C,1ZMLH8300204F0,1Z6PH74DAP0QN7,"Corona, CA",728.3,5.7,137.7,8.547347,2.013246,0,0,DJI Matrice 300 RTK,M300 RTK,1ZN7L4R0H1D00F,1W9DL31001461C,1ZMLH8300204F0,1Z6PH74DAP0QN7,DJI Pilot,Android,7.0.2,1EF72A62-B7C3-C88D-164E-CE6F8C8424AE,1ZN7L4R0H1D00F,1W9DL31001461C,,1ZMLH8300204F0,1W9DL31001461C,,,,,
2023-11-01,11:34:42.94 AM,10m 20.6s,620.6,33.7943788647196,-117.4743678776573,-23.9,137.7,18.0,1240,5475.0,7.790848,8.547335,-6.039738,2.23694,4.921268,5.816044,0.894776,0.894776,-2.6,-0.3,2.6,140.1,140.1,139.4,Tripod,Other,,21,5,True,,True,False,,Smart,RC,False,True,False,,,True,,False,False,False,False,False,False,False,False,False,False,0,Follow Yaw,-77.9,0,132.2,132.2,False,False,False,False,False,,0,0,False,False,No Card,100,100,1024,1449,690,1066,2,False,False,False,False,False,0,False,False,False,False,67,,46.236,,6728,,10044,,46.236,,True,3.852,3.852,3.852,3.852,3.852,3.852,3.852,3.852,3.852,3.852,3.852,3.852,0,,False,False,True,,,,,,,,,,,,,,,False,False,19.998,,104.7,,75.7,,104.7,,1290,123,,23,7,143769.4,19169.25,,Idle,,20,,10,,,20,Go Home,False,False,False,False,False,False,False,False,False,False,False,False,33.8027920380556,-117.4659261431046,3996.1,3996.1,1049.4,396.9,True,1,1,False,False,False,False,,True,False,False,Course Lock,196.8,67,16.4,93,NW,S,2.01,11.4,Calm,False,False,Android,7.0.2,M300 RTK,1ZN7L4R0H1D00F,1W9DL31001461C,1ZMLH8300204F0,1Z6PH74DAP0QN7,"Corona, CA",728.3,5.7,137.7,8.547347,2.013246,0,0,DJI Matrice 300 RTK,M300 RTK,1ZN7L4R0H1D00F,1W9DL31001461C,1ZMLH8300204F0,1Z6PH74DAP0QN7,DJI Pilot,Android,7.0.2,1EF72A62-B7C3-C88D-164E-CE6F8C8424AE,1ZN7L4R0H1D00F,1W9DL31001461C,,1ZMLH8300204F0,1W9DL31001461C,,,,,
2023-11-01,11:34:43.04 AM,10m 20.7s,620.7,33.7943761352154,-117.4743651321313,-23.9,137.7,17.7,1240,5476.3,7.790848,8.547335,-6.039738,2.23694,4.921268,5.816044,0.894776,0.894776,-2.2,-0.5,2.2,140.2,140.2,140.1,Tripod,Other,,21,5,True,,True,False,,Smart,RC,False,True,False,,,True,,False,False,False,False,False,False,False,False,False,False,0,Follow Yaw,-77.9,0,132.3,132.3,False,False,False,False,False,,0,0,False,False,No Card,100,100,1024,1450,691,1051,2,False,False,False,False,False,0,False,False,False,False,67,,46.248,,3340,,4986,,46.248,,True,3.852,3.852,3.852,3.852,3.852,3.852,3.852,3.852,3.852,3.852,3.852,3.852,0,,False,False,True,,,,,,,,,,,,,,,False,False,9.4,,104.5,,75.7,,104.7,,1290,123,,23,7,143769.4,19169.25,,Idle,,20,,10,,,20,Go Home,False,False,False,False,False,False,False,False,False,False,False,False,33.8027920380556,-117.4659261431046,3996.4,3996.4,1049.4,396.9,True,1,1,False,False,False,False,,True,False,False,Course Lock,196.8,67,16.4,93,NW,S,2.01,11.4,Calm,False,False,Android,7.0.2,M300 RTK,1ZN7L4R0H1D00F,1W9DL31001461C,1ZMLH8300204F0,1Z6PH74DAP0QN7,"Corona, CA",728.3,5.7,137.7,8.547347,2.013246,0,0,DJI Matrice 300 RTK,M300 RTK,1ZN7L4R0H1D00F,1W9DL31001461C,1ZMLH8300204F0,1Z6PH74DAP0QN7,DJI Pilot,Android,7.0.2,1EF72A62-B7C3-C88D-164E-CE6F8C8424AE,1ZN7L4R0H1D00F,1W9DL31001461C,,1ZMLH8300204F0,1W9DL31001461C,,,,,
2023-11-01,11:34:43.14 AM,10m 20.8s,620.8,33.7943736773731,-117.4743626148923,-24.2,137.7,17.7,1239,5477.5,7.790848,8.547335,-6.039738,2.23694,4.921268,5.816044,0.894776,0.894776,-1.9,-0.4,1.9,140.4,140.4,139.5,Tripod,Other,,21,5,True,,True,False,,Smart,RC,False,True,False,,,True,,False,False,False,False,False,False,False,False,False,False,0,Follow Yaw,-77.9,0,132.3,132.3,False,False,False,False,False,,0,0,False,False,No Card,100,100,1024,1449,689,1052,2,False,False,False,False,False,0,False,False,False,False,67,,46.248,,3340,,4986,,46.248,,True,3.852,3.852,3.852,3.852,3.852,3.852,3.852,3.852,3.852,3.852,3.852,3.852,0,,False,False,True,,,,,,,,,,,,,,,False,False,9.4,,104.5,,75.7,,104.7,,1290,123,,23,7,143769.4,19169.25,,Idle,,20,,10,,,20,Go Home,False,False,False,False,False,False,False,False,False,False,False,False,33.8027920380556,-117.4659261431046,3996.6,3996.6,1049.4,396.9,True,1,1,False,False,False,False,,True,False,False,Course Lock,196.8,67,16.4,93,NW,S,2.01,11.4,Calm,False,False,Android,7.0.2,M300 RTK,1ZN7L4R0H1D00F,1W9DL31001461C,1ZMLH8300204F0,1Z6PH74DAP0QN7,"Corona, CA",728.3,5.7,137.7,8.547347,2.013246,0,0,DJI Matrice 300 RTK,M300 RTK,1ZN7L4R0H1D00F,1W9DL31001461C,1ZMLH8300204F0,1Z6PH74DAP0QN7,DJI Pilot,Android,7.0.2,1EF72A62-B7C3-C88D-164E-CE6F8C8424AE,1ZN7L4R0H1D00F,1W9DL31001461C,,1ZMLH8300204F0,1W9DL31001461C,,,,,
2023-11-01,11:34:43.24 AM,10m 20.9s,620.9,33.7943713859616,-117.4743604239926,-24.2,137.7,17.7,1239,5478.6,7.790848,8.547335,-6.039738,2.23694,4.921268,5.816044,0.894776,0.894776,-1.8,-0.4,1.8,140.5,140.5,141.5,Tripod,Other,,21,5,True,,True,False,,Smart,RC,False,True,False,,,True,,False,False,False,False,False,False,False,False,False,False,0,Follow Yaw,-77.9,0,132.3,132.3,False,False,False,False,False,,0,0,False,False,No Card,100,100,1024,1447,686,1051,2,False,False,False,False,False,0,False,False,False,False,67,,46.248,,3340,,4986,,46.248,,True,3.852,3.852,3.852,3.852,3.852,3.852,3.852,3.852,3.852,3.852,3.852,3.852,0,,False,False,True,,,,,,,,,,,,,,,False,False,9.4,,104.5,,75.7,,104.7,,1290,123,,23,7,143769.4,19169.25,,Idle,,20,,10,,,20,Go Home,False,False,False,False,False,False,False,False,False,False,False,False,33.8027920380556,-117.4659261431046,3996.8,3996.8,1049.4,396.9,True,1,1,False,False,False,False,,True,False,False,Course Lock,196.8,67,16.4,93,NW,S,2.01,11.4,Calm,False,False,Android,7.0.2,M300 RTK,1ZN7L4R0H1D00F,1W9DL31001461C,1ZMLH8300204F0,1Z6PH74DAP0QN7,"Corona, CA",728.3,5.7,137.7,8.547347,2.013246,0,0,DJI Matrice 300 RTK,M300 RTK,1ZN7L4R0H1D00F,1W9DL31001461C,1ZMLH8300204F0,1Z6PH74DAP0QN7,DJI Pilot,Android,7.0.2,1EF72A62-B7C3-C88D-164E-CE6F8C8424AE,1ZN7L4R0H1D00F,1W9DL31001461C,,1ZMLH8300204F0,1W9DL31001461C,,,,,
2023-11-01,11:34:43.34 AM,10m 21.0s,621.0,33.7943689365831,-117.4743579269784,-24.6,137.7,17.3,1239,5479.7,7.790848,8.547335,-6.039738,2.23694,4.921268,5.816044,0.894776,0.894776,-1.9,-0.4,1.9,140.5,140.5,139.7,Tripod,Other,,21,5,True,,True,False,,Smart,RC,False,True,False,,,True,,False,False,False,False,False,False,False,False,False,False,0,Follow Yaw,-77.9,0,132.4,132.4,False,False,False,False,False,,0,0,False,False,No Card,100,100,1024,1446,657,1048,2,False,False,False,False,False,0,False,False,False,False,67,,46.248,,6728,,10044,,46.248,,True,3.852,3.852,3.852,3.852,3.852,3.852,3.852,3.852,3.852,3.852,3.852,3.852,0,,False,False,True,,,,,,,,,,,,,,,False,False,18.708,,104.7,,75.7,,104.7,,1290,123,,23,7,143769.4,19169.25,,Idle,,20,,10,,,20,Go Home,False,False,False,False,False,False,False,False,False,False,False,False,33.8027920380556,-117.4659261431046,3997.0,3997.0,1049.4,396.9,True,1,1,False,False,False,False,,True,False,False,Course Lock,196.8,67,16.4,93,NW,S,2.01,11.4,Calm,False,False,Android,7.0.2,M300 RTK,1ZN7L4R0H1D00F,1W9DL31001461C,1ZMLH8300204F0,1Z6PH74DAP0QN7,"Corona, CA",728.3,5.7,137.7,8.547347,2.013246,0,0,DJI Matrice 300 RTK,M300 RTK,1ZN7L4R0H1D00F,1W9DL31001461C,1ZMLH8300204F0,1Z6PH74DAP0QN7,DJI Pilot,Android,7.0.2,1EF72A62-B7C3-C88D-164E-CE6F8C8424AE,1ZN7L4R0H1D00F,1W9DL31001461C,,1ZMLH8300204F0,1W9DL31001461C,,,,,
2023-11-01,11:34:43.40 AM,10m 21.1s,621.1,33.7943667063366,-117.4743551989559,-24.6,137.7,17.3,1239,5480.9,7.934044,8.547335,-6.039738,2.23694,5.144962,5.816044,0.894776,0.894776,-2,-0.5,2,140.5,140.5,134.5,Tripod,Other,,21,5,True,,True,False,,Smart,RC,False,True,False,,,True,,False,False,False,False,False,False,False,False,False,False,0,Follow Yaw,-77.9,0,132.4,132.4,False,False,False,False,False,,0,0,False,False,No Card,100,100,1024,1449,659,1048,2,False,False,False,False,False,0,False,False,False,False,67,,46.248,,6728,,10044,,46.248,,True,3.852,3.852,3.852,3.852,3.852,3.852,3.852,3.852,3.852,3.852,3.852,3.852,0,,False,False,True,,,,,,,,,,,,,,,False,False,18.708,,104.7,,75.7,,104.7,,1290,123,,23,7,143769.4,19169.25,,Idle,,20,,10,,,20,Go Home,False,False,False,False,False,False,False,False,False,False,False,False,33.8027920380556,-117.4659261431046,3997.1,3997.1,1049.4,396.9,True,1,1,False,False,False,False,,True,False,False,Course Lock,196.8,67,16.4,93,NW,S,2.01,11.4,Calm,False,False,Android,7.0.2,M300 RTK,1ZN7L4R0H1D00F,1W9DL31001461C,1ZMLH8300204F0,1Z6PH74DAP0QN7,"Corona, CA",728.3,5.7,137.7,8.547347,2.013246,0,0,DJI Matrice 300 RTK,M300 RTK,1ZN7L4R0H1D00F,1W9DL31001461C,1ZMLH8300204F0,1Z6PH74DAP0QN7,DJI Pilot,Android,7.0.2,1EF72A62-B7C3-C88D-164E-CE6F8C8424AE,1ZN7L4R0H1D00F,1W9DL31001461C,,1ZMLH8300204F0,1W9DL31001461C,,,,,
2023-11-01,11:34:43.54 AM,10m 21.2s,621.2,33.79436427368,-117.474352663595,-24.9,137.7,17.3,1239,5482.1,7.934044,8.547335,-6.039738,2.23694,5.144962,5.816044,0.894776,0.894776,-2.2,-0.7,2.3,140.5,140.5,139.1,Tripod,Other,,21,5,True,,True,False,,Smart,RC,False,True,False,,,True,,False,False,False,False,False,False,False,False,False,False,0,Follow Yaw,-77.9,0,132.4,132.4,False,False,False,False,False,,0,0,False,False,No Card,100,100,1024,1450,674,1047,2,False,False,False,False,False,0,False,False,False,False,67,,46.248,,6728,,10044,,46.248,,True,3.852,3.852,3.852,3.852,3.852,3.852,3.852,3.852,3.852,3.852,3.852,3.852,0,,False,False,True,,,,,,,,,,,,,,,False,False,18.708,,104.7,,75.7,,104.7,,1290,123,,23,7,143769.4,19169.25,,Idle,,20,,10,,,20,Go Home,False,False,False,False,False,False,False,False,False,False,False,False,33.8027920380556,-117.4659261431046,3997.3,3997.3,1049.4,396.9,True,1,1,False,False,False,False,,True,False,False,Course Lock,196.8,67,16.4,93,NW,S,2.23,11.4,Calm,False,False,Android,7.0.2,M300 RTK,1ZN7L4R0H1D00F,1W9DL31001461C,1ZMLH8300204F0,1Z6PH74DAP0QN7,"Corona, CA",728.3,5.7,137.7,8.547347,2.013246,0,0,DJI Matrice 300 RTK,M300 RTK,1ZN7L4R0H1D00F,1W9DL31001461C,1ZMLH8300204F0,1Z6PH74DAP0QN7,DJI Pilot,Android,7.0.2,1EF72A62-B7C3-C88D-164E-CE6F8C8424AE,1ZN7L4R0H1D00F,1W9DL31001461C,,1ZMLH8300204F0,1W9DL31001461C,,,,,
2023-11-01,11:34:43.64 AM,10m 21.3s,621.3,33.7943617416516,-117.4743499852582,-24.9,137.7,17.3,1239,5483.3,7.934044,8.547335,-6.039738,2.23694,5.144962,5.816044,0.894776,0.894776,-2.2,-0.6,2.2,140.5,140.5,138.6,Tripod,Other,,21,5,True,,True,False,,Smart,RC,False,True,False,,,True,,False,False,False,False,False,False,False,False,False,False,0,Follow Yaw,-77.9,0,132.4,132.4,False,False,False,False,False,,0,0,False,False,No Card,100,100,1024,1450,690,1065,2,False,False,False,False,False,0,False,False,False,False,67,,46.248,,6728,,10044,,46.248,,True,3.853,3.853,3.853,3.853,3.853,3.853,3.853,3.853,3.853,3.853,3.853,3.853,0,,False,False,True,,,,,,,,,,,,,,,False,False,18.708,,104.7,,75.7,,104.7,,1286,123,,23,7,144533.7,19271.16,,Idle,,20,,10,,,20,Go Home,False,False,False,False,False,False,False,False,False,False,False,False,33.8027920380556,-117.4659261431046,3997.5,3997.5,1049.4,396.9,True,1,1,False,False,False,False,,True,False,False,Course Lock,196.8,67,16.4,93,NW,S,2.23,11.4,Calm,False,False,Android,7.0.2,M300 RTK,1ZN7L4R0H1D00F,1W9DL31001461C,1ZMLH8300204F0,1Z6PH74DAP0QN7,"Corona, CA",728.3,5.7,137.7,8.547347,2.013246,0,0,DJI Matrice 300 RTK,M300 RTK,1ZN7L4R0H1D00F,1W9DL31001461C,1ZMLH8300204F0,1Z6PH74DAP0QN7,DJI Pilot,Android,7.0.2,1EF72A62-B7C3-C88D-164E-CE6F8C8424AE,1ZN7L4R0H1D00F,1W9DL31001461C,,1ZMLH8300204F0,1W9DL31001461C,,,,,
2023-11-01,11:34:43.71 AM,10m 21.4s,621.4,33.7943592999144,-117.474347413674,-25.2,137.7,17.3,1238,5484.5,7.934044,8.547335,-6.039738,2.23694,5.144962,5.816044,0.894776,0.894776,-2.2,-0.3,2.2,140.7,140.7,138.8,Tripod,Other,,21,5,True,,True,False,,Smart,RC,False,True,False,,,True,,False,False,False,False,False,False,False,False,False,False,0,Follow Yaw,-77.9,0,132.4,132.4,False,False,False,False,False,,0,0,False,False,No Card,100,100,1024,1444,666,1140,2,False,False,False,False,False,0,False,False,False,False,67,,46.248,,6728,,10044,,46.248,,True,3.853,3.853,3.853,3.853,3.853,3.853,3.853,3.853,3.853,3.853,3.853,3.853,0,,False,False,True,,,,,,,,,,,,,,,False,False,18.708,,104.7,,75.7,,104.7,,1286,123,,23,7,144533.7,19271.16,,Idle,,20,,10,,,20,Go Home,False,False,False,False,False,False,False,False,False,False,False,False,33.8027920380556,-117.4659261431046,3997.7,3997.7,1049.4,396.9,True,1,1,False,False,False,False,,True,False,False,Course Lock,196.8,67,16.4,93,NW,S,2.23,11.4,Calm,False,False,Android,7.0.2,M300 RTK,1ZN7L4R0H1D00F,1W9DL31001461C,1ZMLH8300204F0,1Z6PH74DAP0QN7,"Corona, CA",728.3,5.7,137.7,8.547347,2.013246,0,0,DJI Matrice 300 RTK,M300 RTK,1ZN7L4R0H1D00F,1W9DL31001461C,1ZMLH8300204F0,1Z6PH74DAP0QN7,DJI Pilot,Android,7.0.2,1EF72A62-B7C3-C88D-164E-CE6F8C8424AE,1ZN7L4R0H1D00F,1W9DL31001461C,,1ZMLH8300204F0,1W9DL31001461C,,,,,
2023-11-01,11:34:43.81 AM,10m 21.5s,621.5,33.7943566601532,-117.474345090612,-25.2,137.7,17.0,1238,5485.7,7.934044,8.547335,-6.039738,2.23694,5.144962,5.816044,0.671082,0.894776,-2.1,0.1,2.1,140.8,140.8,143.8,Tripod,Other,,21,5,True,,True,False,,Smart,RC,False,True,False,,,True,,False,False,False,False,False,False,False,False,False,False,0,Follow Yaw,-77.9,0,132.6,132.6,False,False,False,False,False,,0,0,False,False,No Card,100,100,1031,1434,696,1181,2,False,False,False,False,False,0,False,False,False,False,67,,46.248,,6728,,10044,,46.248,,True,3.853,3.853,3.853,3.853,3.853,3.853,3.853,3.853,3.853,3.853,3.853,3.853,0,,False,False,True,,,,,,,,,,,,,,,False,False,18.708,,104.7,,75.7,,104.7,,1286,123,,23,7,144533.7,19271.16,,Idle,,20,,10,,,20,Go Home,False,False,False,False,False,False,False,False,False,False,False,False,33.8027920380556,-117.4659261431046,3998.0,3998.0,1049.4,396.9,True,1,1,False,False,False,False,,True,False,False,Course Lock,196.8,67,16.4,93,NW,S,2.23,11.4,Calm,False,False,Android,7.0.2,M300 RTK,1ZN7L4R0H1D00F,1W9DL31001461C,1ZMLH8300204F0,1Z6PH74DAP0QN7,"Corona, CA",728.3,5.7,137.7,8.547347,2.013246,0,0,DJI Matrice 300 RTK,M300 RTK,1ZN7L4R0H1D00F,1W9DL31001461C,1ZMLH8300204F0,1Z6PH74DAP0QN7,DJI Pilot,Android,7.0.2,1EF72A62-B7C3-C88D-164E-CE6F8C8424AE,1ZN7L4R0H1D00F,1W9DL31001461C,,1ZMLH8300204F0,1W9DL31001461C,,,,,
2023-11-01,11:34:43.94 AM,10m 21.6s,621.6,33.7943541857604,-117.4743425413246,-25.2,137.7,17.0,1238,5486.9,7.934044,8.547335,-6.039738,2.23694,5.144962,5.816044,0.671082,0.894776,-2.1,0.7,2.2,140.9,140.9,139.4,Tripod,Other,,21,5,True,,True,False,,Smart,RC,False,True,False,,,True,,False,False,False,False,False,False,False,False,False,False,0,Follow Yaw,-77.9,0,132.8,132.8,False,False,False,False,False,,0,0,False,False,No Card,100,100,1049,1425,699,1179,2,False,False,False,False,False,0,False,False,False,False,67,,46.248,,6728,,10044,,46.248,,True,3.853,3.853,3.853,3.853,3.853,3.853,3.853,3.853,3.853,3.853,3.853,3.853,0,,False,False,True,,,,,,,,,,,,,,,False,False,18.708,,104.7,,75.7,,104.7,,1286,123,,23,7,144533.7,19271.16,,Idle,,20,,10,,,20,Go Home,False,False,False,False,False,False,False,False,False,False,False,False,33.8027920380556,-117.4659261431046,3998.2,3998.2,1049.4,396.9,True,1,1,False,False,False,False,,True,False,False,Course Lock,196.8,67,16.4,93,NW,S,2.23,11.4,Calm,False,False,Android,7.0.2,M300 RTK,1ZN7L4R0H1D00F,1W9DL31001461C,1ZMLH8300204F0,1Z6PH74DAP0QN7,"Corona, CA",728.3,5.7,137.7,8.547347,2.013246,0,0,DJI Matrice 300 RTK,M300 RTK,1ZN7L4R0H1D00F,1W9DL31001461C,1ZMLH8300204F0,1Z6PH74DAP0QN7,DJI Pilot,Android,7.0.2,1EF72A62-B7C3-C88D-164E-CE6F8C8424AE,1ZN7L4R0H1D00F,1W9DL31001461C,,1ZMLH8300204F0,1W9DL31001461C,,,,,
2023-11-01,11:34:44.04 AM,10m 21.7s,621.7,33.7943515468558,-117.4743399488455,-25.5,137.7,17.0,1238,5488.1,7.934044,8.547335,-6.039738,2.23694,5.144962,5.816044,0.671082,0.894776,-1.9,1.2,2.2,141,141,140.7,Tripod,Other,,21,5,True,,True,False,,Smart,RC,False,True,False,,,True,,False,False,False,False,False,False,False,False,False,False,0,Follow Yaw,-77.9,0,133.1,133.1,False,False,False,False,False,,0,0,False,False,No Card,100,100,1051,1421,698,1176,2,False,False,False,False,False,0,False,False,False,False,67,,46.248,,6728,,10044,,46.248,,True,3.853,3.853,3.853,3.853,3.853,3.853,3.853,3.853,3.853,3.853,3.853,3.853,0,,False,False,True,,,,,,,,,,,,,,,False,False,18.708,,104.7,,75.7,,104.7,,1286,123,,23,7,144533.7,19271.16,,Idle,,20,,10,,,20,Go Home,False,False,False,False,False,False,False,False,False,False,False,False,33.8027920380556,-117.4659261431046,3998.4,3998.4,1049.4,396.9,True,1,1,False,False,False,False,,True,False,False,Course Lock,196.8,67,16.4,93,NW,S,2.23,11.4,Calm,False,False,Android,7.0.2,M300 RTK,1ZN7L4R0H1D00F,1W9DL31001461C,1ZMLH8300204F0,1Z6PH74DAP0QN7,"Corona, CA",728.3,5.7,137.7,8.547347,2.013246,0,0,DJI Matrice 300 RTK,M300 RTK,1ZN7L4R0H1D00F,1W9DL31001461C,1ZMLH8300204F0,1Z6PH74DAP0QN7,DJI Pilot,Android,7.0.2,1EF72A62-B7C3-C88D-164E-CE6F8C8424AE,1ZN7L4R0H1D00F,1W9DL31001461C,,1ZMLH8300204F0,1W9DL31001461C,,,,,
2023-11-01,11:34:44.14 AM,10m 21.8s,621.8,33.7943490253128,-117.4743374311736,-25.5,137.7,17.0,1238,5489.3,7.965516,8.547335,-6.263432,2.23694,4.921268,5.816044,0.671082,0.894776,-1.8,1.3,2.2,141.3,141.3,140.3,Tripod,Other,,20,5,True,,True,False,,Smart,RC,False,True,False,,,True,,False,False,False,False,False,False,False,False,False,False,0,Follow Yaw,-77.9,0,133.4,133.4,False,False,False,False,False,,0,0,False,False,No Card,100,100,1046,1420,699,1173,2,False,False,False,False,False,0,False,False,False,False,67,,46.248,,6728,,10044,,46.248,,True,3.853,3.853,3.853,3.853,3.853,3.853,3.853,3.853,3.853,3.853,3.853,3.853,0,,False,False,True,,,,,,,,,,,,,,,False,False,18.708,,104.7,,75.7,,104.7,,1286,123,,23,7,144533.7,19271.16,,Idle,,20,,10,,,20,Go Home,False,False,False,False,False,False,False,False,False,False,False,False,33.8027920380556,-117.4659261431046,3998.6,3998.6,1049.4,396.9,True,1,1,False,False,False,False,,True,False,False,Course Lock,196.8,67,16.4,93,NW,S,2.23,11.4,Calm,False,False,Android,7.0.2,M300 RTK,1ZN7L4R0H1D00F,1W9DL31001461C,1ZMLH8300204F0,1Z6PH74DAP0QN7,"Corona, CA",728.3,5.7,137.7,8.547347,2.013246,0,0,DJI Matrice 300 RTK,M300 RTK,1ZN7L4R0H1D00F,1W9DL31001461C,1ZMLH8300204F0,1Z6PH74DAP0QN7,DJI Pilot,Android,7.0.2,1EF72A62-B7C3-C88D-164E-CE6F8C8424AE,1ZN7L4R0H1D00F,1W9DL31001461C,,1ZMLH8300204F0,1W9DL31001461C,,,,,
2023-11-01,11:34:44.24 AM,10m 21.9s,621.9,33.7943465196693,-117.4743351184919,-25.5,137.7,17.0,1238,5490.5,7.965516,8.547335,-6.263432,2.23694,4.921268,5.816044,0.671082,0.894776,-1.7,1.2,2,141.5,141.5,142.5,Tripod,Other,,20,5,True,,True,False,,Smart,RC,False,True,False,,,True,,False,False,False,False,False,False,False,False,False,False,0,Follow Yaw,-77.9,0,133.7,133.7,False,False,False,False,False,,0,0,False,False,No Card,100,100,1035,1417,706,1173,2,False,False,False,False,False,0,False,False,False,False,67,,46.248,,6728,,10044,,46.248,,True,3.853,3.853,3.853,3.853,3.853,3.853,3.853,3.853,3.853,3.853,3.853,3.853,0,,False,False,True,,,,,,,,,,,,,,,False,False,18.708,,104.7,,75.7,,104.7,,1286,123,,23,7,144533.7,19271.16,,Idle,,20,,10,,,20,Go Home,False,False,False,False,False,False,False,False,False,False,False,False,33.8027920380556,-117.4659261431046,3998.9,3998.9,1049.4,396.9,True,1,1,False,False,False,False,,True,False,False,Course Lock,196.8,67,16.4,93,NW,S,2.23,11.4,Calm,False,False,Android,7.0.2,M300 RTK,1ZN7L4R0H1D00F,1W9DL31001461C,1ZMLH8300204F0,1Z6PH74DAP0QN7,"Corona, CA",728.3,5.7,137.7,8.547347,2.013246,0,0,DJI Matrice 300 RTK,M300 RTK,1ZN7L4R0H1D00F,1W9DL31001461C,1ZMLH8300204F0,1Z6PH74DAP0QN7,DJI Pilot,Android,7.0.2,1EF72A62-B7C3-C88D-164E-CE6F8C8424AE,1ZN7L4R0H1D00F,1W9DL31001461C,,1ZMLH8300204F0,1W9DL31001461C,,,,,
2023-11-01,11:34:44.33 AM,10m 22.0s,622.0,33.7943439652651,-117.4743326685041,-25.9,137.7,17.0,1238,5491.7,7.965516,8.547335,-6.263432,2.23694,4.921268,5.816044,0.671082,0.894776,-1.6,0.9,1.8,141.7,141.7,141.4,Tripod,Other,,20,5,True,,True,False,,Smart,RC,False,True,False,,,True,,False,False,False,False,False,False,False,False,False,False,0,Follow Yaw,-77.9,0,134,134,False,False,False,False,False,,0,0,False,False,No Card,100,100,1048,1416,706,1172,2,False,False,False,False,False,0,False,False,False,False,67,,46.248,,6728,,10044,,46.248,,True,3.853,3.853,3.853,3.853,3.853,3.853,3.853,3.853,3.853,3.853,3.853,3.853,0,,False,False,True,,,,,,,,,,,,,,,False,False,19.252,,104.7,,75.7,,104.7,,1286,123,,23,7,144533.7,19271.16,,Idle,,20,,10,,,20,Go Home,False,False,False,False,False,False,False,False,False,False,False,False,33.8027920380556,-117.4659261431046,3999.1,3999.1,1049.4,396.9,True,1,1,False,False,False,False,,True,False,False,Course Lock,196.8,67,16.4,93,NW,S,2.23,11.4,Calm,False,False,Android,7.0.2,M300 RTK,1ZN7L4R0H1D00F,1W9DL31001461C,1ZMLH8300204F0,1Z6PH74DAP0QN7,"Corona, CA",728.3,5.7,137.7,8.547347,2.013246,0,0,DJI Matrice 300 RTK,M300 RTK,1ZN7L4R0H1D00F,1W9DL31001461C,1ZMLH8300204F0,1Z6PH74DAP0QN7,DJI Pilot,Android,7.0.2,1EF72A62-B7C3-C88D-164E-CE6F8C8424AE,1ZN7L4R0H1D00F,1W9DL31001461C,,1ZMLH8300204F0,1W9DL31001461C,,,,,
2023-11-01,11:34:44.44 AM,10m 22.1s,622.1,33.7943411406038,-117.4743301561306,-25.9,137.7,17.0,1238,5492.9,7.965516,8.547335,-6.263432,2.23694,4.921268,5.816044,0.671082,0.894776,-1.5,0.5,1.5,141.9,141.9,143.5,Tripod,Other,,20,5,True,,True,False,,Smart,RC,False,True,False,,,True,,False,False,False,False,False,False,False,False,False,False,0,Follow Yaw,-77.9,0,134.3,134.3,False,False,False,False,False,,0,0,False,False,No Card,100,100,1093,1403,709,1168,2,False,False,False,False,False,0,False,False,False,False,67,,46.248,,6728,,10044,,46.248,,True,3.853,3.853,3.853,3.853,3.853,3.853,3.853,3.853,3.853,3.853,3.853,3.853,0,,False,False,True,,,,,,,,,,,,,,,False,False,19.252,,104.7,,75.7,,104.7,,1286,123,,23,7,144533.7,19271.16,,Idle,,20,,10,,,20,Go Home,False,False,False,False,False,False,False,False,False,False,False,False,33.8027920380556,-117.4659261431046,3999.4,3999.4,1049.4,396.9,True,1,1,False,False,False,False,,True,False,False,Course Lock,196.8,67,16.4,93,NW,S,2.23,11.4,Calm,False,False,Android,7.0.2,M300 RTK,1ZN7L4R0H1D00F,1W9DL31001461C,1ZMLH8300204F0,1Z6PH74DAP0QN7,"Corona, CA",728.3,5.7,137.7,8.547347,2.013246,0,0,DJI Matrice 300 RTK,M300 RTK,1ZN7L4R0H1D00F,1W9DL31001461C,1ZMLH8300204F0,1Z6PH74DAP0QN7,DJI Pilot,Android,7.0.2,1EF72A62-B7C3-C88D-164E-CE6F8C8424AE,1ZN7L4R0H1D00F,1W9DL31001461C,,1ZMLH8300204F0,1W9DL31001461C,,,,,
2023-11-01,11:34:44.54 AM,10m 22.2s,622.2,33.7943385444976,-117.4743277391293,-25.9,137.7,17.0,1238,5494.1,7.965516,8.547335,-6.263432,2.23694,4.921268,5.816044,0.671082,0.894776,-1.4,0.4,1.4,142.1,142.1,142.2,Tripod,Other,,20,5,True,,True,False,,Smart,RC,False,True,False,,,True,,False,False,False,False,False,False,False,False,False,False,0,Follow Yaw,-77.9,0,134.6,134.6,False,False,False,False,False,,0,0,False,False,No Card,100,100,1131,1409,707,1166,2,False,False,False,False,False,0,False,False,False,False,67,,46.248,,6728,,10044,,46.248,,True,3.853,3.853,3.853,3.853,3.853,3.853,3.853,3.853,3.853,3.853,3.853,3.853,0,,False,False,True,,,,,,,,,,,,,,,False,False,19.252,,104.7,,75.7,,104.7,,1286,123,,23,7,144533.7,19271.16,,Idle,,20,,10,,,20,Go Home,False,False,False,False,False,False,False,False,False,False,False,False,33.8027920380556,-117.4659261431046,3999.7,3999.7,1049.4,396.9,True,1,1,False,False,False,False,,True,False,False,Course Lock,196.8,67,16.4,93,NW,S,2.23,11.4,Calm,False,False,Android,7.0.2,M300 RTK,1ZN7L4R0H1D00F,1W9DL31001461C,1ZMLH8300204F0,1Z6PH74DAP0QN7,"Corona, CA",728.3,5.7,137.7,8.547347,2.013246,0,0,DJI Matrice 300 RTK,M300 RTK,1ZN7L4R0H1D00F,1W9DL31001461C,1ZMLH8300204F0,1Z6PH74DAP0QN7,DJI Pilot,Android,7.0.2,1EF72A62-B7C3-C88D-164E-CE6F8C8424AE,1ZN7L4R0H1D00F,1W9DL31001461C,,1ZMLH8300204F0,1W9DL31001461C,,,,,
2023-11-01,11:34:44.64 AM,10m 22.3s,622.3,33.7943358333943,-117.4743249860164,-26.2,137.7,17.0,1238,5495.4,7.82929,8.547335,-6.263432,2.23694,4.697574,5.816044,0.671082,0.894776,-1.5,0.6,1.6,142.4,142.4,139.8,Tripod,Other,,20,5,True,,True,False,,Smart,RC,False,True,False,,,True,,False,False,False,False,False,False,False,False,False,False,0,Follow Yaw,-77.9,0,134.9,134.9,False,False,False,False,False,,0,0,False,False,No Card,100,100,1114,1405,728,1167,2,False,False,False,False,False,0,False,False,False,False,67,,46.248,,6728,,10044,,46.248,,True,3.855,3.855,3.855,3.855,3.855,3.855,3.855,3.855,3.855,3.855,3.855,3.855,0,,False,False,True,,,,,,,,,,,,,,,False,False,19.252,,104.7,,75.7,,104.7,,1282,123,,23,7,144960.8,19328.11,,Idle,,20,,10,,,20,Go Home,False,False,False,False,False,False,False,False,False,False,False,False,33.8027920380556,-117.4659261431046,3999.9,3999.9,1049.4,396.9,True,1,1,False,False,False,False,,True,False,False,Course Lock,196.8,67,16.4,93,NW,S,2.23,11.4,Calm,False,False,Android,7.0.2,M300 RTK,1ZN7L4R0H1D00F,1W9DL31001461C,1ZMLH8300204F0,1Z6PH74DAP0QN7,"Corona, CA",728.3,5.7,137.7,8.547347,2.013246,0,0,DJI Matrice 300 RTK,M300 RTK,1ZN7L4R0H1D00F,1W9DL31001461C,1ZMLH8300204F0,1Z6PH74DAP0QN7,DJI Pilot,Android,7.0.2,1EF72A62-B7C3-C88D-164E-CE6F8C8424AE,1ZN7L4R0H1D00F,1W9DL31001461C,,1ZMLH8300204F0,1W9DL31001461C,,,,,
2023-11-01,11:34:44.75 AM,10m 22.4s,622.4,33.7943332162487,-117.4743225779008,-26.2,137.7,16.7,1238,5496.6,7.82929,8.547335,-6.263432,2.23694,4.697574,5.816044,0.671082,0.894776,-1.6,0.9,1.8,142.7,142.7,142.5,Tripod,Other,,20,5,True,,True,False,,Smart,RC,False,True,False,,,True,,False,False,False,False,False,False,False,False,False,False,0,Follow Yaw,-77.9,0,135.2,135.2,False,False,False,False,False,,0,0,False,False,No Card,100,100,1114,1405,728,1167,2,False,False,False,False,False,0,False,False,False,False,67,,46.248,,6728,,10044,,46.248,,True,3.855,3.855,3.855,3.855,3.855,3.855,3.855,3.855,3.855,3.855,3.855,3.855,0,,False,False,True,,,,,,,,,,,,,,,False,False,19.252,,104.7,,75.7,,104.7,,1282,123,,23,7,144960.8,19328.11,,Idle,,20,,10,,,20,Go Home,False,False,False,False,False,False,False,False,False,False,False,False,33.8027920380556,-117.4659261431046,4000.2,4000.2,1049.4,396.9,True,1,1,False,False,False,False,,True,False,False,Course Lock,196.8,67,16.4,93,NW,S,2.23,11.4,Calm,False,False,Android,7.0.2,M300 RTK,1ZN7L4R0H1D00F,1W9DL31001461C,1ZMLH8300204F0,1Z6PH74DAP0QN7,"Corona, CA",728.3,5.7,137.7,8.547347,2.013246,0,0,DJI Matrice 300 RTK,M300 RTK,1ZN7L4R0H1D00F,1W9DL31001461C,1ZMLH8300204F0,1Z6PH74DAP0QN7,DJI Pilot,Android,7.0.2,1EF72A62-B7C3-C88D-164E-CE6F8C8424AE,1ZN7L4R0H1D00F,1W9DL31001461C,,1ZMLH8300204F0,1W9DL31001461C,,,,,
2023-11-01,11:34:44.85 AM,10m 22.5s,622.5,33.7943310326727,-117.4743204740235,-26.2,137.7,16.7,1238,5497.7,7.82929,8.547335,-6.263432,2.23694,4.697574,5.816044,0.671082,0.894776,-1.7,1.2,2,142.9,142.9,141.3,Tripod,Other,,20,5,True,,True,False,,Smart,RC,False,True,False,,,True,,False,False,False,False,False,False,False,False,False,False,0,Follow Yaw,-77.9,0,135.4,135.4,False,False,False,False,False,,0,0,False,False,No Card,100,100,1098,1404,734,1170,2,False,False,False,False,False,0,False,False,False,False,67,,46.248,,6728,,10044,,46.248,,True,3.855,3.855,3.855,3.855,3.855,3.855,3.855,3.855,3.855,3.855,3.855,3.855,0,,False,False,True,,,,,,,,,,,,,,,False,False,19.252,,104.7,,75.7,,104.7,,1282,123,,23,7,144960.8,19328.11,,Idle,,20,,10,,,20,Go Home,False,False,False,False,False,False,False,False,False,False,False,False,33.8027920380556,-117.4659261431046,4000.4,4000.4,1049.4,396.9,True,1,1,False,False,False,False,,True,False,False,Course Lock,196.8,67,16.4,93,NW,S,2.23,11.4,Calm,False,False,Android,7.0.2,M300 RTK,1ZN7L4R0H1D00F,1W9DL31001461C,1ZMLH8300204F0,1Z6PH74DAP0QN7,"Corona, CA",728.3,5.7,137.7,8.547347,2.013246,0,0,DJI Matrice 300 RTK,M300 RTK,1ZN7L4R0H1D00F,1W9DL31001461C,1ZMLH8300204F0,1Z6PH74DAP0QN7,DJI Pilot,Android,7.0.2,1EF72A62-B7C3-C88D-164E-CE6F8C8424AE,1ZN7L4R0H1D00F,1W9DL31001461C,,1ZMLH8300204F0,1W9DL31001461C,,,,,
2023-11-01,11:34:44.95 AM,10m 22.6s,622.6,33.7943284246077,-117.4743181389936,-26.5,137.7,16.7,1237,5498.8,8.009369,8.547335,-6.487126,2.23694,4.697574,5.816044,0.671082,0.894776,-1.7,1.5,2.2,143.2,143.2,143.3,Tripod,Other,,21,5,True,,True,False,,Smart,RC,False,True,False,,,True,,False,False,False,False,False,False,False,False,False,False,0,Follow Yaw,-77.9,0,135.7,135.7,False,False,False,False,False,,0,0,False,False,No Card,100,100,1092,1402,738,1172,2,False,False,False,False,False,0,False,False,False,False,67,,46.248,,6728,,10044,,46.248,,True,3.855,3.855,3.855,3.855,3.855,3.855,3.855,3.855,3.855,3.855,3.855,3.855,0,,False,False,True,,,,,,,,,,,,,,,False,False,19.252,,104.7,,75.7,,104.7,,1282,123,,23,7,144960.8,19328.11,,Idle,,20,,10,,,20,Go Home,False,False,False,False,False,False,False,False,False,False,False,False,33.8027920380556,-117.4659261431046,4000.7,4000.7,1049.4,396.9,True,1,1,False,False,False,False,,True,False,False,Course Lock,196.8,67,16.4,93,NW,S,2.23,11.4,Calm,False,False,Android,7.0.2,M300 RTK,1ZN7L4R0H1D00F,1W9DL31001461C,1ZMLH8300204F0,1Z6PH74DAP0QN7,"Corona, CA",728.3,5.7,137.7,8.547347,2.013246,0,0,DJI Matrice 300 RTK,M300 RTK,1ZN7L4R0H1D00F,1W9DL31001461C,1ZMLH8300204F0,1Z6PH74DAP0QN7,DJI Pilot,Android,7.0.2,1EF72A62-B7C3-C88D-164E-CE6F8C8424AE,1ZN7L4R0H1D00F,1W9DL31001461C,,1ZMLH8300204F0,1W9DL31001461C,,,,,
2023-11-01,11:34:45.06 AM,10m 22.7s,622.7,33.7943254589069,-117.474315860659,-26.5,137.7,16.7,1237,5500.1,7.880254,8.547335,-6.487126,2.23694,4.47388,5.816044,0.671082,0.894776,-1.7,1.5,2.2,143.4,143.4,147.4,Tripod,Other,,21,5,True,,True,False,,Smart,RC,False,True,False,,,True,,False,False,False,False,False,False,False,False,False,False,0,Follow Yaw,-77.9,0,136,136,False,False,False,False,False,,0,0,False,False,No Card,100,100,1089,1403,740,1172,2,False,False,False,False,False,0,False,False,False,False,67,,46.248,,6728,,10044,,46.248,,True,3.855,3.855,3.855,3.855,3.855,3.855,3.855,3.855,3.855,3.855,3.855,3.855,0,,False,False,True,,,,,,,,,,,,,,,False,False,19.252,,104.7,,75.7,,104.7,,1282,123,,23,7,144960.8,19328.11,,Idle,,20,,10,,,20,Go Home,False,False,False,False,False,False,False,False,False,False,False,False,33.8027920380556,-117.4659261431046,4001.1,4001.1,1049.4,396.9,True,1,1,False,False,False,False,,True,False,False,Course Lock,196.8,67,16.4,93,NW,S,2.23,11.4,Calm,False,False,Android,7.0.2,M300 RTK,1ZN7L4R0H1D00F,1W9DL31001461C,1ZMLH8300204F0,1Z6PH74DAP0QN7,"Corona, CA",728.3,5.7,137.7,8.547347,2.013246,0,0,DJI Matrice 300 RTK,M300 RTK,1ZN7L4R0H1D00F,1W9DL31001461C,1ZMLH8300204F0,1Z6PH74DAP0QN7,DJI Pilot,Android,7.0.2,1EF72A62-B7C3-C88D-164E-CE6F8C8424AE,1ZN7L4R0H1D00F,1W9DL31001461C,,1ZMLH8300204F0,1W9DL31001461C,,,,,
2023-11-01,11:34:45.17 AM,10m 22.8s,622.8,33.7943227847767,-117.47431358284,-26.5,137.7,16.7,1237,5501.3,7.880254,8.547335,-6.487126,2.23694,4.47388,5.816044,0.671082,0.894776,-1.7,1.4,2.2,143.8,143.8,144.7,Tripod,Other,,21,5,True,,True,False,,Smart,RC,False,True,False,,,True,,False,False,False,False,False,False,False,False,False,False,0,Follow Yaw,-77.9,0,136.3,136.3,False,False,False,False,False,,0,0,False,False,No Card,100,100,1085,1402,752,1123,2,False,False,False,False,False,0,False,False,False,False,67,,46.248,,6728,,10044,,46.248,,True,3.855,3.855,3.855,3.855,3.855,3.855,3.855,3.855,3.855,3.855,3.855,3.855,0,,False,False,True,,,,,,,,,,,,,,,False,False,19.252,,104.7,,75.7,,104.7,,1282,123,,23,7,144960.8,19328.11,,Idle,,20,,10,,,20,Go Home,False,False,False,False,False,False,False,False,False,False,False,False,33.8027920380556,-117.4659261431046,4001.4,4001.4,1049.4,396.9,True,1,1,False,False,False,False,,True,False,False,Course Lock,196.8,67,16.4,93,NW,S,2.23,11.4,Calm,False,False,Android,7.0.2,M300 RTK,1ZN7L4R0H1D00F,1W9DL31001461C,1ZMLH8300204F0,1Z6PH74DAP0QN7,"Corona, CA",728.3,5.7,137.7,8.547347,2.013246,0,0,DJI Matrice 300 RTK,M300 RTK,1ZN7L4R0H1D00F,1W9DL31001461C,1ZMLH8300204F0,1Z6PH74DAP0QN7,DJI Pilot,Android,7.0.2,1EF72A62-B7C3-C88D-164E-CE6F8C8424AE,1ZN7L4R0H1D00F,1W9DL31001461C,,1ZMLH8300204F0,1W9DL31001461C,,,,,
2023-11-01,11:34:45.27 AM,10m 22.9s,622.9,33.7943202225255,-117.4743112588605,-26.9,137.7,16.7,1237,5502.5,7.880254,8.547335,-6.487126,2.23694,4.47388,5.816044,0.671082,0.894776,-1.6,1.4,2.1,144.1,144.1,142.9,Tripod,Other,,21,5,True,,True,False,,Smart,RC,False,True,False,,,True,,False,False,False,False,False,False,False,False,False,False,0,Follow Yaw,-77.9,0,136.6,136.6,False,False,False,False,False,,0,0,False,False,No Card,100,100,1055,1394,778,1024,2,False,False,False,False,False,0,False,False,False,False,67,,46.248,,6728,,10044,,46.248,,True,3.855,3.855,3.855,3.855,3.855,3.855,3.855,3.855,3.855,3.855,3.855,3.855,0,,False,False,True,,,,,,,,,,,,,,,False,False,19.252,,104.7,,75.7,,104.7,,1282,123,,23,7,144960.8,19328.11,,Idle,,20,,10,,,20,Go Home,False,False,False,False,False,False,False,False,False,False,False,False,33.8027920380556,-117.4659261431046,4001.7,4001.7,1049.4,396.9,True,1,1,False,False,False,False,,True,False,False,Course Lock,196.8,67,16.4,93,NW,S,2.23,11.4,Calm,False,False,Android,7.0.2,M300 RTK,1ZN7L4R0H1D00F,1W9DL31001461C,1ZMLH8300204F0,1Z6PH74DAP0QN7,"Corona, CA",728.3,5.7,137.7,8.547347,2.013246,0,0,DJI Matrice 300 RTK,M300 RTK,1ZN7L4R0H1D00F,1W9DL31001461C,1ZMLH8300204F0,1Z6PH74DAP0QN7,DJI Pilot,Android,7.0.2,1EF72A62-B7C3-C88D-164E-CE6F8C8424AE,1ZN7L4R0H1D00F,1W9DL31001461C,,1ZMLH8300204F0,1W9DL31001461C,,,,,
2023-11-01,11:34:45.37 AM,10m 23.0s,623.0,33.7943175272189,-117.4743090249754,-26.9,137.7,17.0,1237,5503.7,7.880254,8.547335,-6.487126,2.23694,4.47388,5.816044,0.671082,0.894776,-1.4,1.1,1.7,144.3,144.3,145.4,Tripod,Other,,21,5,True,,True,False,,Smart,RC,False,True,False,,,True,,False,False,False,False,False,False,False,False,False,False,0,Follow Yaw,-77.9,0,136.6,136.6,False,False,False,False,False,,0,0,False,False,No Card,100,100,1024,1393,798,1013,2,False,False,False,False,False,0,False,False,False,False,67,,46.236,,6728,,10044,,46.236,,True,3.855,3.855,3.855,3.855,3.855,3.855,3.855,3.855,3.855,3.855,3.855,3.855,0,,False,False,True,,,,,,,,,,,,,,,False,False,19.504,,104.7,,75.7,,104.7,,1282,123,,23,7,144960.8,19328.11,,Idle,,20,,10,,,20,Go Home,False,False,False,False,False,False,False,False,False,False,False,False,33.8027920380556,-117.4659261431046,4002.0,4002.0,1049.4,396.9,True,1,1,False,False,False,False,,True,False,False,Course Lock,196.8,67,16.4,93,NW,S,2.23,11.4,Calm,False,False,Android,7.0.2,M300 RTK,1ZN7L4R0H1D00F,1W9DL31001461C,1ZMLH8300204F0,1Z6PH74DAP0QN7,"Corona, CA",728.3,5.7,137.7,8.547347,2.013246,0,0,DJI Matrice 300 RTK,M300 RTK,1ZN7L4R0H1D00F,1W9DL31001461C,1ZMLH8300204F0,1Z6PH74DAP0QN7,DJI Pilot,Android,7.0.2,1EF72A62-B7C3-C88D-164E-CE6F8C8424AE,1ZN7L4R0H1D00F,1W9DL31001461C,,1ZMLH8300204F0,1W9DL31001461C,,,,,
2023-11-01,11:34:45.48 AM,10m 23.1s,623.1,33.7943150266125,-117.4743069189952,-26.9,137.7,17.0,1237,5504.8,7.880254,8.547335,-6.487126,2.23694,4.47388,5.816044,0.447388,0.894776,-1.1,0,1.1,144.4,144.4,145.0,Tripod,Other,,21,5,True,,True,False,,Smart,RC,False,True,False,,,True,,False,False,False,False,False,False,False,False,False,False,0,Follow Yaw,-77.9,0,136.6,136.6,False,False,False,False,False,,0,0,False,False,No Card,100,100,1024,1382,804,1024,2,False,False,False,False,False,0,False,False,False,False,67,,46.236,,6728,,10044,,46.236,,True,3.855,3.855,3.855,3.855,3.855,3.855,3.855,3.855,3.855,3.855,3.855,3.855,0,,False,False,True,,,,,,,,,,,,,,,False,False,19.504,,104.7,,75.7,,104.7,,1282,123,,23,7,144960.8,19328.11,,Idle,,20,,10,,,20,Go Home,False,False,False,False,False,False,False,False,False,False,False,False,33.8027920380556,-117.4659261431046,4002.3,4002.3,1049.4,396.9,True,1,1,False,False,False,False,,True,False,False,Course Lock,196.8,67,16.4,93,NW,S,2.23,11.4,Calm,False,False,Android,7.0.2,M300 RTK,1ZN7L4R0H1D00F,1W9DL31001461C,1ZMLH8300204F0,1Z6PH74DAP0QN7,"Corona, CA",728.3,5.7,137.7,8.547347,2.013246,0,0,DJI Matrice 300 RTK,M300 RTK,1ZN7L4R0H1D00F,1W9DL31001461C,1ZMLH8300204F0,1Z6PH74DAP0QN7,DJI Pilot,Android,7.0.2,1EF72A62-B7C3-C88D-164E-CE6F8C8424AE,1ZN7L4R0H1D00F,1W9DL31001461C,,1ZMLH8300204F0,1W9DL31001461C,,,,,
2023-11-01,11:34:45.58 AM,10m 23.2s,623.2,33.7943123477194,-117.4743047247556,-27.2,137.7,16.7,1237,5506.0,7.755442,8.547335,-6.487126,2.23694,4.250186,5.816044,0.447388,0.894776,-0.9,-1,1.3,144.4,144.4,145.7,Tripod,Other,,21,5,True,,True,False,,Smart,RC,False,True,False,,,True,,False,False,False,False,False,False,False,False,False,False,0,Follow Yaw,-77.9,0,136.6,136.6,False,False,False,False,False,,0,0,False,False,No Card,100,100,1024,1382,795,1024,2,False,False,False,False,False,0,False,False,False,False,67,,46.236,,6728,,10044,,46.236,,True,3.855,3.855,3.855,3.855,3.855,3.855,3.855,3.855,3.855,3.855,3.855,3.855,0,,False,False,True,,,,,,,,,,,,,,,False,False,19.504,,104.7,,75.7,,104.7,,1282,123,,23,7,144960.8,19328.11,,Idle,,20,,10,,,20,Go Home,False,False,False,False,False,False,False,False,False,False,False,False,33.8027920380556,-117.4659261431046,4002.6,4002.6,1049.4,396.9,True,1,1,False,False,False,False,,True,False,False,Course Lock,196.8,67,16.4,93,NW,S,2.23,11.4,Calm,False,False,Android,7.0.2,M300 RTK,1ZN7L4R0H1D00F,1W9DL31001461C,1ZMLH8300204F0,1Z6PH74DAP0QN7,"Corona, CA",728.3,5.7,137.7,8.547347,2.013246,0,0,DJI Matrice 300 RTK,M300 RTK,1ZN7L4R0H1D00F,1W9DL31001461C,1ZMLH8300204F0,1Z6PH74DAP0QN7,DJI Pilot,Android,7.0.2,1EF72A62-B7C3-C88D-164E-CE6F8C8424AE,1ZN7L4R0H1D00F,1W9DL31001461C,,1ZMLH8300204F0,1W9DL31001461C,,,,,
2023-11-01,11:34:45.64 AM,10m 23.3s,623.3,33.7943097894773,-117.4743025867168,-27.2,137.7,16.7,1237,5507.1,7.880254,8.547335,-6.487126,2.23694,4.47388,5.816044,0.447388,0.894776,-0.9,-1.2,1.5,144.6,144.6,145.2,Tripod,Other,,21,5,True,,True,False,,Smart,RC,False,True,False,,,True,,False,False,False,False,False,False,False,False,False,False,0,Follow Yaw,-77.9,0,136.6,136.6,False,False,False,False,False,,0,0,False,False,No Card,100,100,1024,1388,781,1024,2,False,False,False,False,False,0,False,False,False,False,67,,46.236,,6728,,10044,,46.236,,True,3.852,3.852,3.852,3.852,3.852,3.852,3.852,3.852,3.852,3.852,3.852,3.852,0,,False,False,True,,,,,,,,,,,,,,,False,False,19.504,,104.7,,75.7,,104.7,,1279,124,,23,7,145144.9,19352.65,,Idle,,20,,10,,,20,Go Home,False,False,False,False,False,False,False,False,False,False,False,False,33.8027920380556,-117.4659261431046,4003.0,4003.0,1049.4,396.9,True,1,1,False,False,False,False,,True,False,False,Course Lock,196.8,67,16.4,93,NW,S,2.46,11.4,Calm,False,False,Android,7.0.2,M300 RTK,1ZN7L4R0H1D00F,1W9DL31001461C,1ZMLH8300204F0,1Z6PH74DAP0QN7,"Corona, CA",728.3,5.7,137.7,8.547347,2.013246,0,0,DJI Matrice 300 RTK,M300 RTK,1ZN7L4R0H1D00F,1W9DL31001461C,1ZMLH8300204F0,1Z6PH74DAP0QN7,DJI Pilot,Android,7.0.2,1EF72A62-B7C3-C88D-164E-CE6F8C8424AE,1ZN7L4R0H1D00F,1W9DL31001461C,,1ZMLH8300204F0,1W9DL31001461C,,,,,
2023-11-01,11:34:45.74 AM,10m 23.4s,623.4,33.7943071580085,-117.4743003780044,-27.2,137.7,16.7,1237,5508.3,7.880254,8.547335,-6.487126,2.23694,4.47388,5.816044,0.447388,0.894776,-1.1,-0.9,1.4,144.7,144.7,145.1,Tripod,Other,,21,5,True,,True,False,,Smart,RC,False,True,False,,,True,,False,False,False,False,False,False,False,False,False,False,0,Follow Yaw,-77.9,0,136.6,136.6,False,False,False,False,False,,0,0,False,False,No Card,100,100,1024,1390,794,1024,2,False,False,False,False,False,0,False,False,False,False,67,,46.236,,6728,,10044,,46.236,,True,3.852,3.852,3.852,3.852,3.852,3.852,3.852,3.852,3.852,3.852,3.852,3.852,0,,False,False,True,,,,,,,,,,,,,,,False,False,19.504,,104.7,,75.7,,104.7,,1279,124,,23,7,145144.9,19352.65,,Idle,,20,,10,,,20,Go Home,False,False,False,False,False,False,False,False,False,False,False,False,33.8027920380556,-117.4659261431046,4003.3,4003.3,1049.4,396.9,True,1,1,False,False,False,False,,True,False,False,Course Lock,196.8,67,16.4,93,NW,S,2.46,11.4,Calm,False,False,Android,7.0.2,M300 RTK,1ZN7L4R0H1D00F,1W9DL31001461C,1ZMLH8300204F0,1Z6PH74DAP0QN7,"Corona, CA",728.3,5.7,137.7,8.547347,2.013246,0,0,DJI Matrice 300 RTK,M300 RTK,1ZN7L4R0H1D00F,1W9DL31001461C,1ZMLH8300204F0,1Z6PH74DAP0QN7,DJI Pilot,Android,7.0.2,1EF72A62-B7C3-C88D-164E-CE6F8C8424AE,1ZN7L4R0H1D00F,1W9DL31001461C,,1ZMLH8300204F0,1W9DL31001461C,,,,,
2023-11-01,11:34:45.84 AM,10m 23.5s,623.5,33.7943044168881,-117.4742980506438,-27.2,137.7,16.7,1237,5509.5,7.697154,8.547335,-6.263432,2.23694,4.47388,5.816044,0.447388,0.894776,-1.3,-0.4,1.3,144.7,144.7,144.7,Tripod,Other,,21,5,True,,True,False,,Smart,RC,False,True,False,,,True,,False,False,False,False,False,False,False,False,False,False,0,Follow Yaw,-77.9,0,136.6,136.6,False,False,False,False,False,,0,0,False,False,No Card,100,100,1024,1390,794,1024,2,False,False,False,False,False,0,False,False,False,False,67,,46.236,,6728,,10044,,46.236,,True,3.852,3.852,3.852,3.852,3.852,3.852,3.852,3.852,3.852,3.852,3.852,3.852,0,,False,False,True,,,,,,,,,,,,,,,False,False,19.504,,104.7,,75.7,,104.7,,1279,124,,23,7,145144.9,19352.65,,Idle,,20,,10,,,20,Go Home,False,False,False,False,False,False,False,False,False,False,False,False,33.8027920380556,-117.4659261431046,4003.6,4003.6,1049.4,396.9,True,1,1,False,False,False,False,,True,False,False,Course Lock,196.8,67,16.4,93,NW,S,2.46,11.4,Calm,False,False,Android,7.0.2,M300 RTK,1ZN7L4R0H1D00F,1W9DL31001461C,1ZMLH8300204F0,1Z6PH74DAP0QN7,"Corona, CA",728.3,5.7,137.7,8.547347,2.013246,0,0,DJI Matrice 300 RTK,M300 RTK,1ZN7L4R0H1D00F,1W9DL31001461C,1ZMLH8300204F0,1Z6PH74DAP0QN7,DJI Pilot,Android,7.0.2,1EF72A62-B7C3-C88D-164E-CE6F8C8424AE,1ZN7L4R0H1D00F,1W9DL31001461C,,1ZMLH8300204F0,1W9DL31001461C,,,,,
2023-11-01,11:34:45.94 AM,10m 23.6s,623.6,33.7943017994684,-117.4742958316437,-27.5,137.7,16.7,1236,5510.7,7.697154,8.547335,-6.263432,2.23694,4.47388,5.816044,0.447388,0.894776,-1.3,0.1,1.3,144.8,144.8,144.8,Tripod,Other,,21,5,True,,True,False,,Smart,RC,False,True,False,,,True,,False,False,False,False,False,False,False,False,False,False,0,Follow Yaw,-77.9,0,136.6,136.6,False,False,False,False,False,,0,0,False,False,No Card,100,100,1024,1393,795,1024,2,False,False,False,False,False,0,False,False,False,False,67,,46.236,,6728,,10044,,46.236,,True,3.852,3.852,3.852,3.852,3.852,3.852,3.852,3.852,3.852,3.852,3.852,3.852,0,,False,False,True,,,,,,,,,,,,,,,False,False,19.504,,104.7,,75.7,,104.7,,1279,124,,23,7,145144.9,19352.65,,Idle,,20,,10,,,20,Go Home,False,False,False,False,False,False,False,False,False,False,False,False,33.8027920380556,-117.4659261431046,4003.9,4003.9,1049.4,396.9,True,1,1,False,False,False,False,,True,False,False,Course Lock,196.8,67,16.4,93,NW,S,2.46,11.4,Calm,False,False,Android,7.0.2,M300 RTK,1ZN7L4R0H1D00F,1W9DL31001461C,1ZMLH8300204F0,1Z6PH74DAP0QN7,"Corona, CA",728.3,5.7,137.7,8.547347,2.013246,0,0,DJI Matrice 300 RTK,M300 RTK,1ZN7L4R0H1D00F,1W9DL31001461C,1ZMLH8300204F0,1Z6PH74DAP0QN7,DJI Pilot,Android,7.0.2,1EF72A62-B7C3-C88D-164E-CE6F8C8424AE,1ZN7L4R0H1D00F,1W9DL31001461C,,1ZMLH8300204F0,1W9DL31001461C,,,,,
2023-11-01,11:34:46.04 AM,10m 23.7s,623.7,33.7942992863206,-117.4742938152218,-27.5,137.7,16.7,1236,5511.8,7.569323,8.547335,-6.263432,2.23694,4.250186,5.816044,0.447388,0.894776,-1.2,0.5,1.3,144.8,144.8,146.3,Tripod,Other,,21,5,True,,True,False,,Smart,RC,False,True,False,,,True,,False,False,False,False,False,False,False,False,False,False,0,Follow Yaw,-77.9,0,136.6,136.6,False,False,False,False,False,,0,0,False,False,No Card,100,100,1024,1392,797,1024,2,False,False,False,False,False,0,False,False,False,False,67,,46.2,,3340,,4986,,46.2,,True,3.852,3.852,3.852,3.852,3.852,3.852,3.852,3.852,3.852,3.852,3.852,3.852,0,,False,False,True,,,,,,,,,,,,,,,False,False,9.662,,104.5,,75.7,,104.7,,1279,124,,23,7,145144.9,19352.65,,Idle,,20,,10,,,20,Go Home,False,False,False,False,False,False,False,False,False,False,False,False,33.8027920380556,-117.4659261431046,4004.2,4004.2,1049.4,396.9,True,1,1,False,False,False,False,,True,False,False,Course Lock,196.8,67,16.4,93,NW,S,2.46,11.4,Calm,False,False,Android,7.0.2,M300 RTK,1ZN7L4R0H1D00F,1W9DL31001461C,1ZMLH8300204F0,1Z6PH74DAP0QN7,"Corona, CA",728.3,5.7,137.7,8.547347,2.013246,0,0,DJI Matrice 300 RTK,M300 RTK,1ZN7L4R0H1D00F,1W9DL31001461C,1ZMLH8300204F0,1Z6PH74DAP0QN7,DJI Pilot,Android,7.0.2,1EF72A62-B7C3-C88D-164E-CE6F8C8424AE,1ZN7L4R0H1D00F,1W9DL31001461C,,1ZMLH8300204F0,1W9DL31001461C,,,,,
2023-11-01,11:34:46.14 AM,10m 23.8s,623.8,33.7942966831899,-117.4742916431657,-27.5,137.7,16.7,1236,5512.9,7.569323,8.547335,-6.263432,2.23694,4.250186,5.816044,0.447388,0.894776,-1.1,0.3,1.1,144.7,144.7,145.2,Tripod,Other,,21,5,True,,True,False,,Smart,RC,False,True,False,,,True,,False,False,False,False,False,False,False,False,False,False,0,Follow Yaw,-77.9,0,136.6,136.6,False,False,False,False,False,,0,0,False,False,No Card,100,100,1024,1392,798,1024,2,False,False,False,False,False,0,False,False,False,False,67,,46.2,,3340,,4986,,46.2,,True,3.852,3.852,3.852,3.852,3.852,3.852,3.852,3.852,3.852,3.852,3.852,3.852,0,,False,False,True,,,,,,,,,,,,,,,False,False,9.662,,104.5,,75.7,,104.7,,1279,124,,23,7,145144.9,19352.65,,Idle,,20,,10,,,20,Go Home,False,False,False,False,False,False,False,False,False,False,False,False,33.8027920380556,-117.4659261431046,4004.5,4004.5,1049.4,396.9,True,1,1,False,False,False,False,,True,False,False,Course Lock,196.8,67,16.4,93,NW,S,2.46,11.4,Calm,False,False,Android,7.0.2,M300 RTK,1ZN7L4R0H1D00F,1W9DL31001461C,1ZMLH8300204F0,1Z6PH74DAP0QN7,"Corona, CA",728.3,5.7,137.7,8.547347,2.013246,0,0,DJI Matrice 300 RTK,M300 RTK,1ZN7L4R0H1D00F,1W9DL31001461C,1ZMLH8300204F0,1Z6PH74DAP0QN7,DJI Pilot,Android,7.0.2,1EF72A62-B7C3-C88D-164E-CE6F8C8424AE,1ZN7L4R0H1D00F,1W9DL31001461C,,1ZMLH8300204F0,1W9DL31001461C,,,,,
2023-11-01,11:34:46.24 AM,10m 23.9s,623.9,33.7942939489226,-117.4742894807168,-27.5,137.7,16.7,1236,5514.1,7.569323,8.547335,-6.263432,2.23694,4.250186,5.816044,0.223694,0.894776,-1.2,-0.1,1.2,144.6,144.6,146.6,Tripod,Other,,21,5,True,,True,False,,Smart,RC,False,True,False,,,True,,False,False,False,False,False,False,False,False,False,False,0,Follow Yaw,-77.9,0,136.6,136.6,False,False,False,False,False,,0,0,False,False,No Card,100,100,1024,1390,814,1024,2,False,False,False,False,False,0,False,False,False,False,67,,46.2,,3340,,4986,,46.2,,True,3.852,3.852,3.852,3.852,3.852,3.852,3.852,3.852,3.852,3.852,3.852,3.852,0,,False,False,True,,,,,,,,,,,,,,,False,False,9.662,,104.5,,75.7,,104.7,,1279,124,,23,7,145144.9,19352.65,,Idle,,20,,10,,,20,Go Home,False,False,False,False,False,False,False,False,False,False,False,False,33.8027920380556,-117.4659261431046,4004.9,4004.9,1049.4,396.9,True,1,1,False,False,False,False,,True,False,False,Course Lock,196.8,67,16.4,93,NW,S,2.46,11.4,Calm,False,False,Android,7.0.2,M300 RTK,1ZN7L4R0H1D00F,1W9DL31001461C,1ZMLH8300204F0,1Z6PH74DAP0QN7,"Corona, CA",728.3,5.7,137.7,8.547347,2.013246,0,0,DJI Matrice 300 RTK,M300 RTK,1ZN7L4R0H1D00F,1W9DL31001461C,1ZMLH8300204F0,1Z6PH74DAP0QN7,DJI Pilot,Android,7.0.2,1EF72A62-B7C3-C88D-164E-CE6F8C8424AE,1ZN7L4R0H1D00F,1W9DL31001461C,,1ZMLH8300204F0,1W9DL31001461C,,,,,
2023-11-01,11:34:46.34 AM,10m 24.0s,624.0,33.7942913455521,-117.4742873276485,-27.5,137.7,16.7,1236,5515.3,7.569323,8.547335,-6.263432,2.23694,4.250186,5.816044,0.223694,0.894776,-1.1,-0.6,1.2,144.5,144.5,145.4,Tripod,Other,,21,5,True,,True,False,,Smart,RC,False,True,False,,,True,,False,False,False,False,False,False,False,False,False,False,0,Follow Yaw,-77.9,0,136.6,136.6,False,False,False,False,False,,0,0,False,False,No Card,100,100,1024,1395,815,1024,2,False,False,False,False,False,0,False,False,False,False,67,,46.224,,6728,,10044,,46.224,,True,3.852,3.852,3.852,3.852,3.852,3.852,3.852,3.852,3.852,3.852,3.852,3.852,0,,False,False,True,,,,,,,,,,,,,,,False,False,19.296,,104.7,,75.7,,104.7,,1279,124,,23,7,145144.9,19352.65,,Idle,,20,,10,,,20,Go Home,False,False,False,False,False,False,False,False,False,False,False,False,33.8027920380556,-117.4659261431046,4005.2,4005.2,1049.4,396.9,True,1,1,False,False,False,False,,True,False,False,Course Lock,196.8,67,16.4,93,NW,S,2.46,11.4,Calm,False,False,Android,7.0.2,M300 RTK,1ZN7L4R0H1D00F,1W9DL31001461C,1ZMLH8300204F0,1Z6PH74DAP0QN7,"Corona, CA",728.3,5.7,137.7,8.547347,2.013246,0,0,DJI Matrice 300 RTK,M300 RTK,1ZN7L4R0H1D00F,1W9DL31001461C,1ZMLH8300204F0,1Z6PH74DAP0QN7,DJI Pilot,Android,7.0.2,1EF72A62-B7C3-C88D-164E-CE6F8C8424AE,1ZN7L4R0H1D00F,1W9DL31001461C,,1ZMLH8300204F0,1W9DL31001461C,,,,,
2023-11-01,11:34:46.44 AM,10m 24.1s,624.1,33.7942887984123,-117.4742851678592,-27.8,137.7,16.7,1236,5516.4,7.569323,8.547335,-6.263432,2.23694,4.250186,5.816044,0.223694,0.894776,-1.2,-0.8,1.4,144.5,144.5,144.8,Tripod,Other,,21,5,True,,True,False,,Smart,RC,False,True,False,,,True,,False,False,False,False,False,False,False,False,False,False,0,Follow Yaw,-77.9,0,136.6,136.6,False,False,False,False,False,,0,0,False,False,No Card,100,100,1024,1397,805,1024,2,False,False,False,False,False,0,False,False,False,False,67,,46.224,,6728,,10044,,46.224,,True,3.852,3.852,3.852,3.852,3.852,3.852,3.852,3.852,3.852,3.852,3.852,3.852,0,,False,False,True,,,,,,,,,,,,,,,False,False,19.296,,104.7,,75.7,,104.7,,1279,124,,23,7,145144.9,19352.65,,Idle,,20,,10,,,20,Go Home,False,False,False,False,False,False,False,False,False,False,False,False,33.8027920380556,-117.4659261431046,4005.5,4005.5,1049.4,396.9,True,1,1,False,False,False,False,,True,False,False,Course Lock,196.8,67,16.4,93,NW,S,2.46,11.4,Calm,False,False,Android,7.0.2,M300 RTK,1ZN7L4R0H1D00F,1W9DL31001461C,1ZMLH8300204F0,1Z6PH74DAP0QN7,"Corona, CA",728.3,5.7,137.7,8.547347,2.013246,0,0,DJI Matrice 300 RTK,M300 RTK,1ZN7L4R0H1D00F,1W9DL31001461C,1ZMLH8300204F0,1Z6PH74DAP0QN7,DJI Pilot,Android,7.0.2,1EF72A62-B7C3-C88D-164E-CE6F8C8424AE,1ZN7L4R0H1D00F,1W9DL31001461C,,1ZMLH8300204F0,1W9DL31001461C,,,,,
2023-11-01,11:34:46.54 AM,10m 24.2s,624.2,33.7942862231057,-117.4742830055546,-27.8,137.7,16.4,1236,5517.6,7.569323,8.547335,-6.263432,2.23694,4.250186,5.816044,0.223694,0.894776,-1.3,-0.6,1.4,144.6,144.6,145.0,Tripod,Other,,21,5,True,,True,False,,Smart,RC,False,True,False,,,True,,False,False,False,False,False,False,False,False,False,False,0,Follow Yaw,-77.9,0,136.6,136.6,False,False,False,False,False,,0,0,False,False,No Card,100,100,1024,1404,787,1024,2,False,False,False,False,False,0,False,False,False,False,67,,46.224,,6728,,10044,,46.224,,True,3.852,3.852,3.852,3.852,3.852,3.852,3.852,3.852,3.852,3.852,3.852,3.852,0,,False,False,True,,,,,,,,,,,,,,,False,False,19.296,,104.7,,75.7,,104.7,,1279,124,,23,7,145144.9,19352.65,,Idle,,20,,10,,,20,Go Home,False,False,False,False,False,False,False,False,False,False,False,False,33.8027920380556,-117.4659261431046,4005.8,4005.8,1049.4,396.9,True,1,1,False,False,False,False,,True,False,False,Course Lock,196.8,67,16.4,93,NW,S,2.46,11.4,Calm,False,False,Android,7.0.2,M300 RTK,1ZN7L4R0H1D00F,1W9DL31001461C,1ZMLH8300204F0,1Z6PH74DAP0QN7,"Corona, CA",728.3,5.7,137.7,8.547347,2.013246,0,0,DJI Matrice 300 RTK,M300 RTK,1ZN7L4R0H1D00F,1W9DL31001461C,1ZMLH8300204F0,1Z6PH74DAP0QN7,DJI Pilot,Android,7.0.2,1EF72A62-B7C3-C88D-164E-CE6F8C8424AE,1ZN7L4R0H1D00F,1W9DL31001461C,,1ZMLH8300204F0,1W9DL31001461C,,,,,
2023-11-01,11:34:46.64 AM,10m 24.3s,624.3,33.7942837135216,-117.4742807426208,-27.8,137.7,16.4,1236,5518.7,7.569323,8.547335,-6.263432,2.23694,4.250186,5.816044,0.223694,0.894776,-1.2,-0.1,1.2,144.7,144.7,143.1,Tripod,Other,,21,5,True,,True,False,,Smart,RC,False,True,False,,,True,,False,False,False,False,False,False,False,False,False,False,0,Follow Yaw,-77.9,0,136.6,136.6,False,False,False,False,False,,0,0,False,False,No Card,100,100,1024,1401,787,1024,2,False,False,False,False,False,0,False,False,False,False,67,,46.224,,6728,,10044,,46.224,,True,3.855,3.855,3.855,3.855,3.855,3.855,3.855,3.855,3.855,3.855,3.855,3.855,0,,False,False,True,,,,,,,,,,,,,,,False,False,19.296,,104.7,,75.7,,104.7,,1275,124,,23,7,145284.8,19371.31,,Idle,,20,,10,,,20,Go Home,False,False,False,False,False,False,False,False,False,False,False,False,33.8027920380556,-117.4659261431046,4006.1,4006.1,1049.4,396.9,True,1,1,False,False,False,False,,True,False,False,Course Lock,196.8,67,16.4,93,NW,S,2.46,11.4,Calm,False,False,Android,7.0.2,M300 RTK,1ZN7L4R0H1D00F,1W9DL31001461C,1ZMLH8300204F0,1Z6PH74DAP0QN7,"Corona, CA",728.3,5.7,137.7,8.547347,2.013246,0,0,DJI Matrice 300 RTK,M300 RTK,1ZN7L4R0H1D00F,1W9DL31001461C,1ZMLH8300204F0,1Z6PH74DAP0QN7,DJI Pilot,Android,7.0.2,1EF72A62-B7C3-C88D-164E-CE6F8C8424AE,1ZN7L4R0H1D00F,1W9DL31001461C,,1ZMLH8300204F0,1W9DL31001461C,,,,,
2023-11-01,11:34:46.74 AM,10m 24.4s,624.4,33.7942811610705,-117.4742785841302,-27.8,137.7,16.4,1236,5519.8,7.569323,8.547335,-6.263432,2.23694,4.250186,5.816044,0.223694,0.894776,-1.3,0.2,1.3,144.7,144.7,144.9,Tripod,Other,,21,5,True,,True,False,,Smart,RC,False,True,False,,,True,,False,False,False,False,False,False,False,False,False,False,0,Follow Yaw,-77.9,0,136.6,136.6,False,False,False,False,False,,0,0,False,False,No Card,100,100,1024,1400,786,1024,2,False,False,False,False,False,0,False,False,False,False,67,,46.224,,6728,,10044,,46.224,,True,3.855,3.855,3.855,3.855,3.855,3.855,3.855,3.855,3.855,3.855,3.855,3.855,0,,False,False,True,,,,,,,,,,,,,,,False,False,19.296,,104.7,,75.7,,104.7,,1275,124,,23,7,145284.8,19371.31,,Idle,,20,,10,,,20,Go Home,False,False,False,False,False,False,False,False,False,False,False,False,33.8027920380556,-117.4659261431046,4006.4,4006.4,1049.4,396.9,True,1,1,False,False,False,False,,True,False,False,Course Lock,196.8,67,16.4,93,NW,S,2.46,11.4,Calm,False,False,Android,7.0.2,M300 RTK,1ZN7L4R0H1D00F,1W9DL31001461C,1ZMLH8300204F0,1Z6PH74DAP0QN7,"Corona, CA",728.3,5.7,137.7,8.547347,2.013246,0,0,DJI Matrice 300 RTK,M300 RTK,1ZN7L4R0H1D00F,1W9DL31001461C,1ZMLH8300204F0,1Z6PH74DAP0QN7,DJI Pilot,Android,7.0.2,1EF72A62-B7C3-C88D-164E-CE6F8C8424AE,1ZN7L4R0H1D00F,1W9DL31001461C,,1ZMLH8300204F0,1W9DL31001461C,,,,,
2023-11-01,11:34:46.84 AM,10m 24.5s,624.5,33.7942784346502,-117.4742764807272,-27.8,137.7,16.4,1236,5521.0,7.569323,8.547335,-6.263432,2.23694,4.250186,5.816044,0.447388,0.894776,-1.7,0.1,1.7,144.5,144.5,147.3,Tripod,Other,,21,5,True,,True,False,,Smart,RC,False,True,False,,,True,,False,False,False,False,False,False,False,False,False,False,0,Follow Yaw,-77.9,0,136.6,136.6,False,False,False,False,False,,0,0,False,False,No Card,100,100,1024,1400,784,1024,2,False,False,False,False,False,0,False,False,False,False,67,,46.224,,6728,,10044,,46.224,,True,3.855,3.855,3.855,3.855,3.855,3.855,3.855,3.855,3.855,3.855,3.855,3.855,0,,False,False,True,,,,,,,,,,,,,,,False,False,19.296,,104.7,,75.7,,104.7,,1275,124,,23,7,145284.8,19371.31,,Idle,,20,,10,,,20,Go Home,False,False,False,False,False,False,False,False,False,False,False,False,33.8027920380556,-117.4659261431046,4006.8,4006.8,1049.4,396.9,True,1,1,False,False,False,False,,True,False,False,Course Lock,196.8,67,16.4,93,NW,S,2.46,11.4,Calm,False,False,Android,7.0.2,M300 RTK,1ZN7L4R0H1D00F,1W9DL31001461C,1ZMLH8300204F0,1Z6PH74DAP0QN7,"Corona, CA",728.3,5.7,137.7,8.547347,2.013246,0,0,DJI Matrice 300 RTK,M300 RTK,1ZN7L4R0H1D00F,1W9DL31001461C,1ZMLH8300204F0,1Z6PH74DAP0QN7,DJI Pilot,Android,7.0.2,1EF72A62-B7C3-C88D-164E-CE6F8C8424AE,1ZN7L4R0H1D00F,1W9DL31001461C,,1ZMLH8300204F0,1W9DL31001461C,,,,,
2023-11-01,11:34:46.94 AM,10m 24.6s,624.6,33.7942758686297,-117.4742743512648,-28.2,137.7,16.4,1236,5522.2,7.569323,8.547335,-6.263432,2.23694,4.250186,5.816044,0.447388,0.894776,-2,-0.3,2,144.5,144.5,145.4,Tripod,Other,,21,5,True,,True,False,,Smart,RC,False,True,False,,,True,,False,False,False,False,False,False,False,False,False,False,0,Follow Yaw,-77.9,0,136.6,136.6,False,False,False,False,False,,0,0,False,False,No Card,100,100,1024,1400,780,1024,2,False,False,False,False,False,0,False,False,False,False,67,,46.224,,6728,,10044,,46.224,,True,3.855,3.855,3.855,3.855,3.855,3.855,3.855,3.855,3.855,3.855,3.855,3.855,0,,False,False,True,,,,,,,,,,,,,,,False,False,19.296,,104.7,,75.7,,104.7,,1275,124,,23,7,145284.8,19371.31,,Idle,,20,,10,,,20,Go Home,False,False,False,False,False,False,False,False,False,False,False,False,33.8027920380556,-117.4659261431046,4007.1,4007.1,1049.4,396.9,True,1,1,False,False,False,False,,True,False,False,Course Lock,196.8,67,16.4,93,NW,S,2.46,11.4,Calm,False,False,Android,7.0.2,M300 RTK,1ZN7L4R0H1D00F,1W9DL31001461C,1ZMLH8300204F0,1Z6PH74DAP0QN7,"Corona, CA",728.3,5.7,137.7,8.547347,2.013246,0,0,DJI Matrice 300 RTK,M300 RTK,1ZN7L4R0H1D00F,1W9DL31001461C,1ZMLH8300204F0,1Z6PH74DAP0QN7,DJI Pilot,Android,7.0.2,1EF72A62-B7C3-C88D-164E-CE6F8C8424AE,1ZN7L4R0H1D00F,1W9DL31001461C,,1ZMLH8300204F0,1W9DL31001461C,,,,,
2023-11-01,11:34:47.04 AM,10m 24.7s,624.7,33.7942735424723,-117.4742722718594,-28.2,137.7,16.7,1236,5523.2,7.569323,8.547335,-6.263432,2.23694,4.250186,5.816044,0.447388,0.894776,-2.2,-0.4,2.2,144.5,144.5,143.3,Tripod,Other,,21,5,True,,True,False,,Smart,RC,False,True,False,,,True,,False,False,False,False,False,False,False,False,False,False,0,Follow Yaw,-77.9,0,136.6,136.6,False,False,False,False,False,,0,0,False,False,No Card,100,100,1024,1395,774,1024,2,False,False,False,False,False,0,False,False,False,False,67,,46.224,,6728,,10044,,46.224,,True,3.855,3.855,3.855,3.855,3.855,3.855,3.855,3.855,3.855,3.855,3.855,3.855,0,,False,False,True,,,,,,,,,,,,,,,False,False,19.296,,104.7,,75.7,,104.7,,1275,124,,23,7,145284.8,19371.31,,Idle,,20,,10,,,20,Go Home,False,False,False,False,False,False,False,False,False,False,False,False,33.8027920380556,-117.4659261431046,4007.4,4007.4,1049.4,396.9,True,1,1,False,False,False,False,,True,False,False,Course Lock,196.8,67,16.4,93,NW,S,2.46,11.4,Calm,False,False,Android,7.0.2,M300 RTK,1ZN7L4R0H1D00F,1W9DL31001461C,1ZMLH8300204F0,1Z6PH74DAP0QN7,"Corona, CA",728.3,5.7,137.7,8.547347,2.013246,0,0,DJI Matrice 300 RTK,M300 RTK,1ZN7L4R0H1D00F,1W9DL31001461C,1ZMLH8300204F0,1Z6PH74DAP0QN7,DJI Pilot,Android,7.0.2,1EF72A62-B7C3-C88D-164E-CE6F8C8424AE,1ZN7L4R0H1D00F,1W9DL31001461C,,1ZMLH8300204F0,1W9DL31001461C,,,,,
2023-11-01,11:34:47.12 AM,10m 24.8s,624.8,33.7942709871772,-117.4742701350162,-28.2,137.7,16.7,1236,5524.4,7.569323,8.547335,-6.263432,2.23694,4.250186,5.816044,0.447388,0.894776,-2,-0.5,2,144.5,144.5,145.2,Tripod,Other,,21,5,True,,True,False,,Smart,RC,False,True,False,,,True,,False,False,False,False,False,False,False,False,False,False,0,Follow Yaw,-77.9,0,136.6,136.6,False,False,False,False,False,,0,0,False,False,No Card,100,100,1024,1393,775,1024,2,False,False,False,False,False,0,False,False,False,False,67,,46.224,,6728,,10044,,46.224,,True,3.855,3.855,3.855,3.855,3.855,3.855,3.855,3.855,3.855,3.855,3.855,3.855,0,,False,False,True,,,,,,,,,,,,,,,False,False,19.296,,104.7,,75.7,,104.7,,1275,124,,23,7,145284.8,19371.31,,Idle,,20,,10,,,20,Go Home,False,False,False,False,False,False,False,False,False,False,False,False,33.8027920380556,-117.4659261431046,4007.7,4007.7,1049.4,396.9,True,1,1,False,False,False,False,,True,False,False,Course Lock,196.8,67,16.4,93,NW,S,2.46,11.4,Calm,False,False,Android,7.0.2,M300 RTK,1ZN7L4R0H1D00F,1W9DL31001461C,1ZMLH8300204F0,1Z6PH74DAP0QN7,"Corona, CA",728.3,5.7,137.7,8.547347,2.013246,0,0,DJI Matrice 300 RTK,M300 RTK,1ZN7L4R0H1D00F,1W9DL31001461C,1ZMLH8300204F0,1Z6PH74DAP0QN7,DJI Pilot,Android,7.0.2,1EF72A62-B7C3-C88D-164E-CE6F8C8424AE,1ZN7L4R0H1D00F,1W9DL31001461C,,1ZMLH8300204F0,1W9DL31001461C,,,,,
2023-11-01,11:34:47.22 AM,10m 24.9s,624.9,33.7942682716192,-117.4742681378502,-28.2,137.7,16.7,1236,5525.5,7.569323,8.547335,-6.263432,2.23694,4.250186,5.816044,0.447388,0.894776,-1.8,-0.6,1.8,144.6,144.6,148.5,Tripod,Other,,21,5,True,,True,False,,Smart,RC,False,True,False,,,True,,False,False,False,False,False,False,False,False,False,False,0,Follow Yaw,-77.9,0,136.6,136.6,False,False,False,False,False,,0,0,False,False,No Card,100,100,1024,1393,777,1024,2,False,False,False,False,False,0,False,False,False,False,67,,46.224,,6728,,10044,,46.224,,True,3.855,3.855,3.855,3.855,3.855,3.855,3.855,3.855,3.855,3.855,3.855,3.855,0,,False,False,True,,,,,,,,,,,,,,,False,False,19.296,,104.7,,75.7,,104.7,,1275,124,,23,7,145284.8,19371.31,,Idle,,20,,10,,,20,Go Home,False,False,False,False,False,False,False,False,False,False,False,False,33.8027920380556,-117.4659261431046,4008.1,4008.1,1049.4,396.9,True,1,1,False,False,False,False,,True,False,False,Course Lock,196.8,67,16.4,93,NW,S,2.46,11.4,Calm,False,False,Android,7.0.2,M300 RTK,1ZN7L4R0H1D00F,1W9DL31001461C,1ZMLH8300204F0,1Z6PH74DAP0QN7,"Corona, CA",728.3,5.7,137.7,8.547347,2.013246,0,0,DJI Matrice 300 RTK,M300 RTK,1ZN7L4R0H1D00F,1W9DL31001461C,1ZMLH8300204F0,1Z6PH74DAP0QN7,DJI Pilot,Android,7.0.2,1EF72A62-B7C3-C88D-164E-CE6F8C8424AE,1ZN7L4R0H1D00F,1W9DL31001461C,,1ZMLH8300204F0,1W9DL31001461C,,,,,
2023-11-01,11:34:47.34 AM,10m 25.0s,625.0,33.7942657025491,-117.4742660007598,-28.2,137.7,16.7,1236,5526.7,7.569323,8.547335,-6.263432,2.23694,4.250186,5.816044,0.447388,0.894776,-1.5,-0.5,1.5,144.7,144.7,145.3,Tripod,Other,,21,5,True,,True,False,,Smart,RC,False,True,False,,,True,,False,False,False,False,False,False,False,False,False,False,0,Follow Yaw,-77.9,0,136.6,136.6,False,False,False,False,False,,0,0,False,False,No Card,100,100,1024,1395,778,1024,2,False,False,False,False,False,0,False,False,False,False,67,,46.164,,3340,,4986,,46.164,,True,3.855,3.855,3.855,3.855,3.855,3.855,3.855,3.855,3.855,3.855,3.855,3.855,0,,False,False,True,,,,,,,,,,,,,,,False,False,9.792,,104.5,,75.7,,104.7,,1275,124,,23,7,145284.8,19371.31,,Idle,,20,,10,,,20,Go Home,False,False,False,False,False,False,False,False,False,False,False,False,33.8027920380556,-117.4659261431046,4008.4,4008.4,1049.4,396.9,True,1,1,False,False,False,False,,True,False,False,Course Lock,196.8,67,16.4,93,NW,S,2.46,11.4,Calm,False,False,Android,7.0.2,M300 RTK,1ZN7L4R0H1D00F,1W9DL31001461C,1ZMLH8300204F0,1Z6PH74DAP0QN7,"Corona, CA",728.3,5.7,137.7,8.547347,2.013246,0,0,DJI Matrice 300 RTK,M300 RTK,1ZN7L4R0H1D00F,1W9DL31001461C,1ZMLH8300204F0,1Z6PH74DAP0QN7,DJI Pilot,Android,7.0.2,1EF72A62-B7C3-C88D-164E-CE6F8C8424AE,1ZN7L4R0H1D00F,1W9DL31001461C,,1ZMLH8300204F0,1W9DL31001461C,,,,,
2023-11-01,11:34:47.43 AM,10m 25.1s,625.1,33.7942631719255,-117.4742639169218,-28.5,137.7,16.7,1235,5527.8,7.569323,8.547335,-6.263432,2.23694,4.250186,5.816044,0.447388,0.894776,-1.1,-0.3,1.1,144.8,144.8,145.6,Tripod,Other,,21,5,True,,True,False,,Smart,RC,False,True,False,,,True,,False,False,False,False,False,False,False,False,False,False,0,Follow Yaw,-77.9,0,136.6,136.6,False,False,False,False,False,,0,0,False,False,No Card,100,100,1024,1395,778,1024,2,False,False,False,False,False,0,False,False,False,False,67,,46.164,,3340,,4986,,46.164,,True,3.855,3.855,3.855,3.855,3.855,3.855,3.855,3.855,3.855,3.855,3.855,3.855,0,,False,False,True,,,,,,,,,,,,,,,False,False,9.792,,104.5,,75.7,,104.7,,1275,124,,23,7,145284.8,19371.31,,Idle,,20,,10,,,20,Go Home,False,False,False,False,False,False,False,False,False,False,False,False,33.8027920380556,-117.4659261431046,4008.7,4008.7,1049.4,396.9,True,1,1,False,False,False,False,,True,False,False,Course Lock,196.8,67,16.4,93,NW,S,2.46,11.4,Calm,False,False,Android,7.0.2,M300 RTK,1ZN7L4R0H1D00F,1W9DL31001461C,1ZMLH8300204F0,1Z6PH74DAP0QN7,"Corona, CA",728.3,5.7,137.7,8.547347,2.013246,0,0,DJI Matrice 300 RTK,M300 RTK,1ZN7L4R0H1D00F,1W9DL31001461C,1ZMLH8300204F0,1Z6PH74DAP0QN7,DJI Pilot,Android,7.0.2,1EF72A62-B7C3-C88D-164E-CE6F8C8424AE,1ZN7L4R0H1D00F,1W9DL31001461C,,1ZMLH8300204F0,1W9DL31001461C,,,,,
2023-11-01,11:34:47.53 AM,10m 25.2s,625.2,33.7942606148485,-117.474261789954,-28.5,137.7,16.7,1235,5528.9,7.569323,8.547335,-6.263432,2.23694,4.250186,5.816044,0.447388,0.894776,-0.8,-0.2,0.8,144.7,144.7,145.3,Tripod,Other,,21,5,True,,True,False,,Smart,RC,False,True,False,,,True,,False,False,False,False,False,False,False,False,False,False,0,Follow Yaw,-77.9,0,136.6,136.6,False,False,False,False,False,,0,0,False,False,No Card,100,100,1024,1399,770,1024,2,False,False,False,False,False,0,False,False,False,False,67,,46.164,,3340,,4986,,46.164,,True,3.855,3.855,3.855,3.855,3.855,3.855,3.855,3.855,3.855,3.855,3.855,3.855,0,,False,False,True,,,,,,,,,,,,,,,False,False,9.792,,104.5,,75.7,,104.7,,1275,124,,23,7,145284.8,19371.31,,Idle,,20,,10,,,20,Go Home,False,False,False,False,False,False,False,False,False,False,False,False,33.8027920380556,-117.4659261431046,4009.0,4009.0,1049.4,396.9,True,1,1,False,False,False,False,,True,False,False,Course Lock,196.8,67,16.4,93,NW,S,2.46,11.4,Calm,False,False,Android,7.0.2,M300 RTK,1ZN7L4R0H1D00F,1W9DL31001461C,1ZMLH8300204F0,1Z6PH74DAP0QN7,"Corona, CA",728.3,5.7,137.7,8.547347,2.013246,0,0,DJI Matrice 300 RTK,M300 RTK,1ZN7L4R0H1D00F,1W9DL31001461C,1ZMLH8300204F0,1Z6PH74DAP0QN7,DJI Pilot,Android,7.0.2,1EF72A62-B7C3-C88D-164E-CE6F8C8424AE,1ZN7L4R0H1D00F,1W9DL31001461C,,1ZMLH8300204F0,1W9DL31001461C,,,,,
2023-11-01,11:34:47.64 AM,10m 25.3s,625.3,33.7942582749161,-117.4742595800458,-28.5,137.7,16.7,1235,5530.0,7.569323,8.547335,-6.263432,2.23694,4.250186,5.816044,0.447388,0.894776,-0.6,-0.3,0.6,144.7,144.7,141.8,Tripod,Other,,21,5,True,,True,False,,Smart,RC,False,True,False,,,True,,False,False,False,False,False,False,False,False,False,False,0,Follow Yaw,-77.9,0,136.6,136.6,False,False,False,False,False,,0,0,False,False,No Card,100,100,1024,1399,768,1024,2,False,False,False,False,False,0,False,False,False,False,67,,46.164,,3340,,4986,,46.164,,True,3.85,3.85,3.85,3.85,3.85,3.85,3.85,3.85,3.85,3.85,3.85,3.85,0,,False,False,True,,,,,,,,,,,,,,,False,False,9.792,,104.5,,75.7,,104.7,,1272,124,,23,7,145390.6,19385.42,,Idle,,20,,10,,,20,Go Home,False,False,False,False,False,False,False,False,False,False,False,False,33.8027920380556,-117.4659261431046,4009.3,4009.3,1049.4,396.9,True,1,1,False,False,False,False,,True,False,False,Course Lock,196.8,67,16.4,93,NW,S,2.46,11.4,Calm,False,False,Android,7.0.2,M300 RTK,1ZN7L4R0H1D00F,1W9DL31001461C,1ZMLH8300204F0,1Z6PH74DAP0QN7,"Corona, CA",728.3,5.7,137.7,8.547347,2.013246,0,0,DJI Matrice 300 RTK,M300 RTK,1ZN7L4R0H1D00F,1W9DL31001461C,1ZMLH8300204F0,1Z6PH74DAP0QN7,DJI Pilot,Android,7.0.2,1EF72A62-B7C3-C88D-164E-CE6F8C8424AE,1ZN7L4R0H1D00F,1W9DL31001461C,,1ZMLH8300204F0,1W9DL31001461C,,,,,
2023-11-01,11:34:47.74 AM,10m 25.4s,625.4,33.7942557576907,-117.4742574640048,-28.5,137.7,16.7,1235,5531.1,7.38529,8.547335,-6.039738,2.23694,4.250186,5.816044,0.447388,0.894776,-0.6,-0.5,0.7,144.7,144.7,145.0,Tripod,Other,,21,5,True,,True,False,,Smart,RC,False,True,False,,,True,,False,False,False,False,False,False,False,False,False,False,0,Follow Yaw,-77.9,0,136.6,136.6,False,False,False,False,False,,0,0,False,False,No Card,100,100,1024,1398,768,1024,2,False,False,False,False,False,0,False,False,False,False,67,,46.164,,3340,,4986,,46.164,,True,3.85,3.85,3.85,3.85,3.85,3.85,3.85,3.85,3.85,3.85,3.85,3.85,0,,False,False,True,,,,,,,,,,,,,,,False,False,9.792,,104.5,,75.7,,104.7,,1272,124,,23,7,145390.6,19385.42,,Idle,,20,,10,,,20,Go Home,False,False,False,False,False,False,False,False,False,False,False,False,33.8027920380556,-117.4659261431046,4009.6,4009.6,1049.4,396.9,True,1,1,False,False,False,False,,True,False,False,Course Lock,196.8,67,16.4,93,NW,S,2.46,11.4,Calm,False,False,Android,7.0.2,M300 RTK,1ZN7L4R0H1D00F,1W9DL31001461C,1ZMLH8300204F0,1Z6PH74DAP0QN7,"Corona, CA",728.3,5.7,137.7,8.547347,2.013246,0,0,DJI Matrice 300 RTK,M300 RTK,1ZN7L4R0H1D00F,1W9DL31001461C,1ZMLH8300204F0,1Z6PH74DAP0QN7,DJI Pilot,Android,7.0.2,1EF72A62-B7C3-C88D-164E-CE6F8C8424AE,1ZN7L4R0H1D00F,1W9DL31001461C,,1ZMLH8300204F0,1W9DL31001461C,,,,,
2023-11-01,11:34:47.84 AM,10m 25.5s,625.5,33.7942530743086,-117.474255324997,-28.8,137.7,16.7,1235,5532.3,7.38529,8.547335,-6.039738,2.23694,4.250186,5.816044,0.447388,0.894776,-0.9,-0.6,1,144.7,144.7,146.4,Tripod,Other,,21,5,True,,True,False,,Smart,RC,False,True,False,,,True,,False,False,False,False,False,False,False,False,False,False,0,Follow Yaw,-77.9,0,136.6,136.6,False,False,False,False,False,,0,0,False,False,No Card,100,100,1024,1399,767,1024,2,False,False,False,False,False,0,False,False,False,False,67,,46.164,,3340,,4986,,46.164,,True,3.85,3.85,3.85,3.85,3.85,3.85,3.85,3.85,3.85,3.85,3.85,3.85,0,,False,False,True,,,,,,,,,,,,,,,False,False,9.792,,104.5,,75.7,,104.7,,1272,124,,23,7,145390.6,19385.42,,Idle,,20,,10,,,20,Go Home,False,False,False,False,False,False,False,False,False,False,False,False,33.8027920380556,-117.4659261431046,4009.9,4009.9,1049.4,396.9,True,1,1,False,False,False,False,,True,False,False,Course Lock,196.8,67,16.4,93,NW,S,2.46,11.4,Calm,False,False,Android,7.0.2,M300 RTK,1ZN7L4R0H1D00F,1W9DL31001461C,1ZMLH8300204F0,1Z6PH74DAP0QN7,"Corona, CA",728.3,5.7,137.7,8.547347,2.013246,0,0,DJI Matrice 300 RTK,M300 RTK,1ZN7L4R0H1D00F,1W9DL31001461C,1ZMLH8300204F0,1Z6PH74DAP0QN7,DJI Pilot,Android,7.0.2,1EF72A62-B7C3-C88D-164E-CE6F8C8424AE,1ZN7L4R0H1D00F,1W9DL31001461C,,1ZMLH8300204F0,1W9DL31001461C,,,,,
2023-11-01,11:34:47.94 AM,10m 25.6s,625.6,33.7942505731197,-117.474253216914,-28.8,137.7,16.7,1235,5533.4,7.38529,8.547335,-6.039738,2.23694,4.250186,5.816044,0.447388,0.894776,-1.1,-0.5,1.2,144.7,144.7,144.9,Tripod,Other,,21,5,True,,True,False,,Smart,RC,False,True,False,,,True,,False,False,False,False,False,False,False,False,False,False,0,Follow Yaw,-77.9,0,136.6,136.6,False,False,False,False,False,,0,0,False,False,No Card,100,100,1024,1399,761,1024,2,False,False,False,False,False,0,False,False,False,False,67,,46.164,,3340,,4986,,46.164,,True,3.85,3.85,3.85,3.85,3.85,3.85,3.85,3.85,3.85,3.85,3.85,3.85,0,,False,False,True,,,,,,,,,,,,,,,False,False,9.792,,104.5,,75.7,,104.7,,1272,124,,23,7,145390.6,19385.42,,Idle,,20,,10,,,20,Go Home,False,False,False,False,False,False,False,False,False,False,False,False,33.8027920380556,-117.4659261431046,4010.2,4010.2,1049.4,396.9,True,1,1,False,False,False,False,,True,False,False,Course Lock,196.8,67,16.4,93,NW,S,2.46,11.4,Calm,False,False,Android,7.0.2,M300 RTK,1ZN7L4R0H1D00F,1W9DL31001461C,1ZMLH8300204F0,1Z6PH74DAP0QN7,"Corona, CA",728.3,5.7,137.7,8.547347,2.013246,0,0,DJI Matrice 300 RTK,M300 RTK,1ZN7L4R0H1D00F,1W9DL31001461C,1ZMLH8300204F0,1Z6PH74DAP0QN7,DJI Pilot,Android,7.0.2,1EF72A62-B7C3-C88D-164E-CE6F8C8424AE,1ZN7L4R0H1D00F,1W9DL31001461C,,1ZMLH8300204F0,1W9DL31001461C,,,,,
2023-11-01,11:34:48.04 AM,10m 25.7s,625.7,33.7942482506631,-117.4742510583616,-28.8,137.7,16.4,1235,5534.5,7.38529,8.547335,-6.039738,2.23694,4.250186,5.816044,0.447388,0.894776,-1.4,-0.3,1.4,144.8,144.8,142.3,Tripod,Other,,21,5,True,,True,False,,Smart,RC,False,True,False,,,True,,False,False,False,False,False,False,False,False,False,False,0,Follow Yaw,-77.9,0,136.6,136.6,False,False,False,False,False,,0,0,False,False,No Card,100,100,1024,1398,762,1024,2,False,False,False,False,False,0,False,False,False,False,67,,46.164,,3340,,4986,,46.164,,True,3.85,3.85,3.85,3.85,3.85,3.85,3.85,3.85,3.85,3.85,3.85,3.85,0,,False,False,True,,,,,,,,,,,,,,,False,False,9.792,,104.5,,75.7,,104.7,,1272,124,,23,7,145390.6,19385.42,,Idle,,20,,10,,,20,Go Home,False,False,False,False,False,False,False,False,False,False,False,False,33.8027920380556,-117.4659261431046,4010.5,4010.5,1049.4,396.9,True,1,1,False,False,False,False,,True,False,False,Course Lock,196.8,67,16.4,93,NW,S,2.46,11.4,Calm,False,False,Android,7.0.2,M300 RTK,1ZN7L4R0H1D00F,1W9DL31001461C,1ZMLH8300204F0,1Z6PH74DAP0QN7,"Corona, CA",728.3,5.7,137.7,8.547347,2.013246,0,0,DJI Matrice 300 RTK,M300 RTK,1ZN7L4R0H1D00F,1W9DL31001461C,1ZMLH8300204F0,1Z6PH74DAP0QN7,DJI Pilot,Android,7.0.2,1EF72A62-B7C3-C88D-164E-CE6F8C8424AE,1ZN7L4R0H1D00F,1W9DL31001461C,,1ZMLH8300204F0,1W9DL31001461C,,,,,
2023-11-01,11:34:48.14 AM,10m 25.8s,625.8,33.7942457854193,-117.4742489492066,-28.8,137.7,16.4,1235,5535.6,7.38529,8.547335,-6.039738,2.23694,4.250186,5.816044,0.447388,0.894776,-1.6,-0.1,1.6,144.8,144.8,144.5,Tripod,Other,,21,5,True,,True,False,,Smart,RC,False,True,False,,,True,,False,False,False,False,False,False,False,False,False,False,0,Follow Yaw,-77.9,0,136.6,136.6,False,False,False,False,False,,0,0,False,False,No Card,100,100,1024,1394,765,1024,2,False,False,False,False,False,0,False,False,False,False,67,,46.164,,3340,,4986,,46.164,,True,3.85,3.85,3.85,3.85,3.85,3.85,3.85,3.85,3.85,3.85,3.85,3.85,0,,False,False,True,,,,,,,,,,,,,,,False,False,9.792,,104.5,,75.7,,104.7,,1272,124,,23,7,145390.6,19385.42,,Idle,,20,,10,,,20,Go Home,False,False,False,False,False,False,False,False,False,False,False,False,33.8027920380556,-117.4659261431046,4010.8,4010.8,1049.4,396.9,True,1,1,False,False,False,False,,True,False,False,Course Lock,196.8,67,16.4,93,NW,S,2.46,11.4,Calm,False,False,Android,7.0.2,M300 RTK,1ZN7L4R0H1D00F,1W9DL31001461C,1ZMLH8300204F0,1Z6PH74DAP0QN7,"Corona, CA",728.3,5.7,137.7,8.547347,2.013246,0,0,DJI Matrice 300 RTK,M300 RTK,1ZN7L4R0H1D00F,1W9DL31001461C,1ZMLH8300204F0,1Z6PH74DAP0QN7,DJI Pilot,Android,7.0.2,1EF72A62-B7C3-C88D-164E-CE6F8C8424AE,1ZN7L4R0H1D00F,1W9DL31001461C,,1ZMLH8300204F0,1W9DL31001461C,,,,,
2023-11-01,11:34:48.25 AM,10m 25.9s,625.9,33.7942432114491,-117.4742469074057,-28.8,137.7,16.4,1235,5536.7,7.38529,8.547335,-6.039738,2.23694,4.250186,5.816044,0.447388,0.894776,-1.7,0,1.7,144.8,144.8,146.6,Tripod,Other,,21,5,True,,True,False,,Smart,RC,False,True,False,,,True,,False,False,False,False,False,False,False,False,False,False,0,Follow Yaw,-77.9,0,136.6,136.6,False,False,False,False,False,,0,0,False,False,No Card,100,100,1024,1393,771,1024,2,False,False,False,False,False,0,False,False,False,False,67,,46.164,,3340,,4986,,46.164,,True,3.85,3.85,3.85,3.85,3.85,3.85,3.85,3.85,3.85,3.85,3.85,3.85,0,,False,False,True,,,,,,,,,,,,,,,False,False,9.792,,104.5,,75.7,,104.7,,1272,124,,23,7,145390.6,19385.42,,Idle,,20,,10,,,20,Go Home,False,False,False,False,False,False,False,False,False,False,False,False,33.8027920380556,-117.4659261431046,4011.1,4011.1,1049.4,396.9,True,1,1,False,False,False,False,,True,False,False,Course Lock,196.8,67,16.4,93,NW,S,2.68,11.4,Calm,False,False,Android,7.0.2,M300 RTK,1ZN7L4R0H1D00F,1W9DL31001461C,1ZMLH8300204F0,1Z6PH74DAP0QN7,"Corona, CA",728.3,5.7,137.7,8.547347,2.013246,0,0,DJI Matrice 300 RTK,M300 RTK,1ZN7L4R0H1D00F,1W9DL31001461C,1ZMLH8300204F0,1Z6PH74DAP0QN7,DJI Pilot,Android,7.0.2,1EF72A62-B7C3-C88D-164E-CE6F8C8424AE,1ZN7L4R0H1D00F,1W9DL31001461C,,1ZMLH8300204F0,1W9DL31001461C,,,,,
2023-11-01,11:34:48.36 AM,10m 26.0s,626.0,33.7942407424019,-117.4742448113215,-29.1,137.7,16.4,1235,5537.8,7.38529,8.547335,-6.039738,2.23694,4.250186,5.816044,0.447388,0.894776,-1.8,-0.1,1.8,144.8,144.8,144.7,Tripod,Other,,21,5,True,,True,False,,Smart,RC,False,True,False,,,True,,False,False,False,False,False,False,False,False,False,False,0,Follow Yaw,-77.9,0,136.6,136.6,False,False,False,False,False,,0,0,False,False,No Card,100,100,1024,1380,826,1024,2,False,False,False,False,False,0,False,False,False,False,67,,46.224,,6728,,10044,,46.224,,True,3.85,3.85,3.85,3.85,3.85,3.85,3.85,3.85,3.85,3.85,3.85,3.85,0,,False,False,True,,,,,,,,,,,,,,,False,False,19.02,,104.9,,75.7,,104.9,,1272,124,,23,7,145390.6,19385.42,,Idle,,20,,10,,,20,Go Home,False,False,False,False,False,False,False,False,False,False,False,False,33.8027920380556,-117.4659261431046,4011.4,4011.4,1049.4,396.9,True,1,1,False,False,False,False,,True,False,False,Course Lock,196.8,67,16.4,93,NW,S,2.68,11.4,Calm,False,False,Android,7.0.2,M300 RTK,1ZN7L4R0H1D00F,1W9DL31001461C,1ZMLH8300204F0,1Z6PH74DAP0QN7,"Corona, CA",728.3,5.7,137.7,8.547347,2.013246,0,0,DJI Matrice 300 RTK,M300 RTK,1ZN7L4R0H1D00F,1W9DL31001461C,1ZMLH8300204F0,1Z6PH74DAP0QN7,DJI Pilot,Android,7.0.2,1EF72A62-B7C3-C88D-164E-CE6F8C8424AE,1ZN7L4R0H1D00F,1W9DL31001461C,,1ZMLH8300204F0,1W9DL31001461C,,,,,
2023-11-01,11:34:48.46 AM,10m 26.1s,626.1,33.7942383960617,-117.4742427417296,-29.1,137.7,16.4,1235,5538.9,7.38529,8.547335,-6.039738,2.23694,4.250186,5.816044,0.447388,0.894776,-1.7,-0.3,1.7,144.7,144.7,143.7,Tripod,Other,,21,5,True,,True,False,,Smart,RC,False,True,False,,,True,,False,False,False,False,False,False,False,False,False,False,0,Follow Yaw,-77.9,0,136.6,136.6,False,False,False,False,False,,0,0,False,False,No Card,100,100,1024,1361,1024,1024,2,False,False,False,False,False,0,False,False,False,False,67,,46.224,,6728,,10044,,46.224,,True,3.85,3.85,3.85,3.85,3.85,3.85,3.85,3.85,3.85,3.85,3.85,3.85,0,,False,False,True,,,,,,,,,,,,,,,False,False,19.02,,104.9,,75.7,,104.9,,1272,124,,23,7,145390.6,19385.42,,Idle,,20,,10,,,20,Go Home,False,False,False,False,False,False,False,False,False,False,False,False,33.8027920380556,-117.4659261431046,4011.7,4011.7,1049.4,396.9,True,1,1,False,False,False,False,,True,False,False,Course Lock,196.8,67,16.4,93,NW,S,2.68,11.4,Calm,False,False,Android,7.0.2,M300 RTK,1ZN7L4R0H1D00F,1W9DL31001461C,1ZMLH8300204F0,1Z6PH74DAP0QN7,"Corona, CA",728.3,5.7,137.7,8.547347,2.013246,0,0,DJI Matrice 300 RTK,M300 RTK,1ZN7L4R0H1D00F,1W9DL31001461C,1ZMLH8300204F0,1Z6PH74DAP0QN7,DJI Pilot,Android,7.0.2,1EF72A62-B7C3-C88D-164E-CE6F8C8424AE,1ZN7L4R0H1D00F,1W9DL31001461C,,1ZMLH8300204F0,1W9DL31001461C,,,,,
2023-11-01,11:34:48.57 AM,10m 26.2s,626.2,33.79423594473,-117.4742406505934,-29.1,137.7,16.4,1235,5540.0,7.38529,8.547335,-6.039738,2.23694,4.250186,5.816044,0.447388,0.894776,-1.6,-0.4,1.6,144.7,144.7,144.6,Tripod,Other,,21,5,True,,True,False,,Smart,RC,False,True,False,,,True,,False,False,False,False,False,False,False,False,False,False,0,Follow Yaw,-77.9,0,136.6,136.6,False,False,False,False,False,,0,0,False,False,No Card,100,100,1024,1361,1024,1024,2,False,False,False,False,False,0,False,False,False,False,67,,46.224,,6728,,10044,,46.224,,True,3.85,3.85,3.85,3.85,3.85,3.85,3.85,3.85,3.85,3.85,3.85,3.85,0,,False,False,True,,,,,,,,,,,,,,,False,False,19.02,,104.9,,75.7,,104.9,,1272,124,,23,7,145390.6,19385.42,,Idle,,20,,10,,,20,Go Home,False,False,False,False,False,False,False,False,False,False,False,False,33.8027920380556,-117.4659261431046,4012.0,4012.0,1049.4,396.9,True,1,1,False,False,False,False,,True,False,False,Course Lock,196.8,67,16.4,93,NW,S,2.68,11.4,Calm,False,False,Android,7.0.2,M300 RTK,1ZN7L4R0H1D00F,1W9DL31001461C,1ZMLH8300204F0,1Z6PH74DAP0QN7,"Corona, CA",728.3,5.7,137.7,8.547347,2.013246,0,0,DJI Matrice 300 RTK,M300 RTK,1ZN7L4R0H1D00F,1W9DL31001461C,1ZMLH8300204F0,1Z6PH74DAP0QN7,DJI Pilot,Android,7.0.2,1EF72A62-B7C3-C88D-164E-CE6F8C8424AE,1ZN7L4R0H1D00F,1W9DL31001461C,,1ZMLH8300204F0,1W9DL31001461C,,,,,
2023-11-01,11:34:48.67 AM,10m 26.3s,626.3,33.7942333843977,-117.4742385543442,-29.1,137.7,16.4,1235,5541.1,7.38529,8.547335,-6.039738,2.23694,4.250186,5.816044,0.223694,0.894776,-1.4,-0.3,1.4,144.6,144.6,145.7,Tripod,Other,,21,5,True,,True,False,,Smart,RC,False,True,False,,,True,,False,False,False,False,False,False,False,False,False,False,0,Follow Yaw,-77.9,0,136.6,136.6,False,False,False,False,False,,0,0,False,False,No Card,100,100,1024,1305,1257,1024,2,False,False,False,False,False,0,False,False,False,False,67,,46.224,,6728,,10044,,46.224,,True,3.847,3.847,3.847,3.847,3.847,3.847,3.847,3.847,3.847,3.847,3.847,3.847,0,,False,False,True,,,,,,,,,,,,,,,False,False,19.02,,104.9,,75.7,,104.9,,1270,124,,23,7,145423.3,19389.77,,Idle,,20,,10,,,20,Go Home,False,False,False,False,False,False,False,False,False,False,False,False,33.8027920380556,-117.4659261431046,4012.3,4012.3,1049.4,396.9,True,1,1,False,False,False,False,,True,False,False,Course Lock,196.8,67,16.4,93,NW,S,2.68,11.4,Calm,False,False,Android,7.0.2,M300 RTK,1ZN7L4R0H1D00F,1W9DL31001461C,1ZMLH8300204F0,1Z6PH74DAP0QN7,"Corona, CA",728.3,5.7,137.7,8.547347,2.013246,0,0,DJI Matrice 300 RTK,M300 RTK,1ZN7L4R0H1D00F,1W9DL31001461C,1ZMLH8300204F0,1Z6PH74DAP0QN7,DJI Pilot,Android,7.0.2,1EF72A62-B7C3-C88D-164E-CE6F8C8424AE,1ZN7L4R0H1D00F,1W9DL31001461C,,1ZMLH8300204F0,1W9DL31001461C,,,,,
2023-11-01,11:34:48.78 AM,10m 26.4s,626.4,33.7942309396794,-117.474236451003,-29.5,137.7,16.4,1234,5542.2,7.203502,8.547335,-5.816044,2.23694,4.250186,5.816044,0.223694,0.894776,-1.3,0,1.3,144.7,144.7,144.4,Tripod,Other,,21,5,True,,True,False,,Smart,RC,False,True,False,,,True,,False,False,False,False,False,False,False,False,False,False,0,Follow Yaw,-77.9,0,136.6,136.6,False,False,False,False,False,,0,0,False,False,No Card,100,100,1024,1293,1263,1024,2,False,False,False,False,False,0,False,False,False,False,67,,46.224,,6728,,10044,,46.224,,True,3.847,3.847,3.847,3.847,3.847,3.847,3.847,3.847,3.847,3.847,3.847,3.847,0,,False,False,True,,,,,,,,,,,,,,,False,False,19.02,,104.9,,75.7,,104.9,,1270,124,,23,7,145423.3,19389.77,,Idle,,20,,10,,,20,Go Home,False,False,False,False,False,False,False,False,False,False,False,False,33.8027920380556,-117.4659261431046,4012.6,4012.6,1049.4,396.9,True,1,1,False,False,False,False,,True,False,False,Course Lock,196.8,67,16.4,93,NW,S,2.68,11.4,Calm,False,False,Android,7.0.2,M300 RTK,1ZN7L4R0H1D00F,1W9DL31001461C,1ZMLH8300204F0,1Z6PH74DAP0QN7,"Corona, CA",728.3,5.7,137.7,8.547347,2.013246,0,0,DJI Matrice 300 RTK,M300 RTK,1ZN7L4R0H1D00F,1W9DL31001461C,1ZMLH8300204F0,1Z6PH74DAP0QN7,DJI Pilot,Android,7.0.2,1EF72A62-B7C3-C88D-164E-CE6F8C8424AE,1ZN7L4R0H1D00F,1W9DL31001461C,,1ZMLH8300204F0,1W9DL31001461C,,,,,
2023-11-01,11:34:48.84 AM,10m 26.5s,626.5,33.7942285673998,-117.4742343275194,-29.5,137.7,16.4,1234,5543.3,7.203502,8.547335,-5.816044,2.23694,4.250186,5.816044,0,0.894776,-1,0.1,1,144.8,144.8,143.3,Tripod,Other,,21,5,True,,True,False,,Smart,RC,False,True,False,,,True,,False,False,False,False,False,False,False,False,False,False,0,Follow Yaw,-77.9,0,136.6,136.6,False,False,False,False,False,,0,0,False,False,No Card,100,100,1024,1296,1247,1024,2,False,False,False,False,False,0,False,False,False,False,67,,46.224,,6728,,10044,,46.224,,True,3.847,3.847,3.847,3.847,3.847,3.847,3.847,3.847,3.847,3.847,3.847,3.847,0,,False,False,True,,,,,,,,,,,,,,,False,False,19.02,,104.9,,75.7,,104.9,,1270,124,,23,7,145423.3,19389.77,,Idle,,20,,10,,,20,Go Home,False,False,False,False,False,False,False,False,False,False,False,False,33.8027920380556,-117.4659261431046,4012.9,4012.9,1049.4,396.9,True,1,1,False,False,False,False,,True,False,False,Course Lock,196.8,67,16.4,93,NW,S,2.68,11.4,Calm,False,False,Android,7.0.2,M300 RTK,1ZN7L4R0H1D00F,1W9DL31001461C,1ZMLH8300204F0,1Z6PH74DAP0QN7,"Corona, CA",728.3,5.7,137.7,8.547347,2.013246,0,0,DJI Matrice 300 RTK,M300 RTK,1ZN7L4R0H1D00F,1W9DL31001461C,1ZMLH8300204F0,1Z6PH74DAP0QN7,DJI Pilot,Android,7.0.2,1EF72A62-B7C3-C88D-164E-CE6F8C8424AE,1ZN7L4R0H1D00F,1W9DL31001461C,,1ZMLH8300204F0,1W9DL31001461C,,,,,
2023-11-01,11:34:48.94 AM,10m 26.6s,626.6,33.7942261355998,-117.4742322406508,-29.5,137.7,16.7,1234,5544.4,7.203502,8.547335,-5.816044,2.23694,4.250186,5.816044,0,0.894776,-0.6,0.1,0.6,144.9,144.9,144.5,Tripod,Other,,21,5,True,,True,False,,Smart,RC,False,True,False,,,True,,False,False,False,False,False,False,False,False,False,False,0,Follow Yaw,-77.9,0,136.6,136.6,False,False,False,False,False,,0,0,False,False,No Card,100,100,1024,1303,1247,1024,2,False,False,False,False,False,0,False,False,False,False,67,,46.224,,6728,,10044,,46.224,,True,3.847,3.847,3.847,3.847,3.847,3.847,3.847,3.847,3.847,3.847,3.847,3.847,0,,False,False,True,,,,,,,,,,,,,,,False,False,19.02,,104.9,,75.7,,104.9,,1270,124,,23,7,145423.3,19389.77,,Idle,,20,,10,,,20,Go Home,False,False,False,False,False,False,False,False,False,False,False,False,33.8027920380556,-117.4659261431046,4013.2,4013.2,1049.4,396.9,True,1,1,False,False,False,False,,True,False,False,Course Lock,196.8,67,16.4,93,NW,S,2.68,11.4,Calm,False,False,Android,7.0.2,M300 RTK,1ZN7L4R0H1D00F,1W9DL31001461C,1ZMLH8300204F0,1Z6PH74DAP0QN7,"Corona, CA",728.3,5.7,137.7,8.547347,2.013246,0,0,DJI Matrice 300 RTK,M300 RTK,1ZN7L4R0H1D00F,1W9DL31001461C,1ZMLH8300204F0,1Z6PH74DAP0QN7,DJI Pilot,Android,7.0.2,1EF72A62-B7C3-C88D-164E-CE6F8C8424AE,1ZN7L4R0H1D00F,1W9DL31001461C,,1ZMLH8300204F0,1W9DL31001461C,,,,,
2023-11-01,11:34:49.04 AM,10m 26.7s,626.7,33.7942237307673,-117.4742301586889,-29.5,137.7,16.7,1234,5545.4,7.073825,8.547335,-5.816044,2.23694,4.026492,5.816044,0,0.894776,-0.2,0.1,0.2,144.9,144.9,144.2,Tripod,Other,,21,5,True,,True,False,,Smart,RC,False,True,False,,,True,,False,False,False,False,False,False,False,False,False,False,0,Follow Yaw,-77.9,0,136.6,136.6,False,False,False,False,False,,0,0,False,False,No Card,100,100,1024,1308,1243,1024,2,False,False,False,False,False,0,False,False,False,False,67,,46.176,,3340,,4986,,46.176,,True,3.847,3.847,3.847,3.847,3.847,3.847,3.847,3.847,3.847,3.847,3.847,3.847,0,,False,False,True,,,,,,,,,,,,,,,False,False,9.478,,104.7,,75.7,,104.9,,1270,124,,23,7,145423.3,19389.77,,Idle,,20,,10,,,20,Go Home,False,False,False,False,False,False,False,False,False,False,False,False,33.8027920380556,-117.4659261431046,4013.5,4013.5,1049.4,396.9,True,1,1,False,False,False,False,,True,False,False,Course Lock,196.8,67,16.4,93,NW,S,2.68,11.4,Calm,False,False,Android,7.0.2,M300 RTK,1ZN7L4R0H1D00F,1W9DL31001461C,1ZMLH8300204F0,1Z6PH74DAP0QN7,"Corona, CA",728.3,5.7,137.7,8.547347,2.013246,0,0,DJI Matrice 300 RTK,M300 RTK,1ZN7L4R0H1D00F,1W9DL31001461C,1ZMLH8300204F0,1Z6PH74DAP0QN7,DJI Pilot,Android,7.0.2,1EF72A62-B7C3-C88D-164E-CE6F8C8424AE,1ZN7L4R0H1D00F,1W9DL31001461C,,1ZMLH8300204F0,1W9DL31001461C,,,,,
2023-11-01,11:34:49.14 AM,10m 26.8s,626.8,33.7942213243586,-117.4742281120226,-29.5,137.7,16.7,1234,5546.5,7.073825,8.547335,-5.816044,2.23694,4.026492,5.816044,-0.223694,0.894776,-0.1,0,0.1,144.9,144.9,144.7,Tripod,Other,,21,5,True,,False,False,,Smart,RC,False,True,False,,,True,,False,False,False,False,False,False,False,False,False,False,0,Follow Yaw,-77.9,0,136.6,136.6,False,False,False,False,False,,0,0,False,False,No Card,100,100,1024,1302,1247,1024,2,False,False,False,False,False,0,False,False,False,False,67,,46.176,,3340,,4986,,46.176,,True,3.847,3.847,3.847,3.847,3.847,3.847,3.847,3.847,3.847,3.847,3.847,3.847,0,,False,False,True,,,,,,,,,,,,,,,False,False,9.478,,104.7,,75.7,,104.9,,1270,124,,23,7,145423.3,19389.77,,Idle,,20,,10,,,20,Go Home,False,False,False,False,False,False,False,False,False,False,False,False,33.8027920380556,-117.4659261431046,4013.8,4013.8,1049.4,396.9,True,1,1,False,False,False,False,,True,False,False,Course Lock,196.8,67,16.4,93,NW,S,2.68,11.4,Calm,False,False,Android,7.0.2,M300 RTK,1ZN7L4R0H1D00F,1W9DL31001461C,1ZMLH8300204F0,1Z6PH74DAP0QN7,"Corona, CA",728.3,5.7,137.7,8.547347,2.013246,0,0,DJI Matrice 300 RTK,M300 RTK,1ZN7L4R0H1D00F,1W9DL31001461C,1ZMLH8300204F0,1Z6PH74DAP0QN7,DJI Pilot,Android,7.0.2,1EF72A62-B7C3-C88D-164E-CE6F8C8424AE,1ZN7L4R0H1D00F,1W9DL31001461C,,1ZMLH8300204F0,1W9DL31001461C,,,,,
2023-11-01,11:34:49.24 AM,10m 26.9s,626.9,33.7942190367163,-117.4742260988994,-29.5,137.7,16.7,1234,5547.5,7.073825,8.547335,-5.816044,2.23694,4.026492,5.816044,-0.223694,0.894776,-0.3,-0.3,0.4,144.9,144.9,143.8,Tripod,Other,,21,5,True,,False,False,,Smart,RC,False,True,False,,,True,,False,False,False,False,False,False,False,False,False,False,0,Follow Yaw,-77.9,0,136.6,136.6,False,False,False,False,False,,0,0,False,False,No Card,100,100,1024,1295,1258,1024,2,False,False,False,False,False,0,False,False,False,False,67,,46.176,,3340,,4986,,46.176,,True,3.847,3.847,3.847,3.847,3.847,3.847,3.847,3.847,3.847,3.847,3.847,3.847,0,,False,False,True,,,,,,,,,,,,,,,False,False,9.478,,104.7,,75.7,,104.9,,1270,124,,23,7,145423.3,19389.77,,Idle,,20,,10,,,20,Go Home,False,False,False,False,False,False,False,False,False,False,False,False,33.8027920380556,-117.4659261431046,4014.0,4014.0,1049.4,396.9,True,1,1,False,False,False,False,,True,False,False,Course Lock,196.8,67,16.4,93,NW,S,2.68,11.4,Calm,False,False,Android,7.0.2,M300 RTK,1ZN7L4R0H1D00F,1W9DL31001461C,1ZMLH8300204F0,1Z6PH74DAP0QN7,"Corona, CA",728.3,5.7,137.7,8.547347,2.013246,0,0,DJI Matrice 300 RTK,M300 RTK,1ZN7L4R0H1D00F,1W9DL31001461C,1ZMLH8300204F0,1Z6PH74DAP0QN7,DJI Pilot,Android,7.0.2,1EF72A62-B7C3-C88D-164E-CE6F8C8424AE,1ZN7L4R0H1D00F,1W9DL31001461C,,1ZMLH8300204F0,1W9DL31001461C,,,,,
2023-11-01,11:34:49.34 AM,10m 27.0s,627.0,33.7942166726948,-117.4742240863122,-29.1,137.7,16.7,1235,5548.6,7.073825,8.547335,-5.816044,2.23694,4.026492,5.816044,-0.447388,0.894776,-0.4,-0.5,0.6,145,145,144.7,Tripod,Other,,21,5,True,,False,False,,Smart,RC,False,True,False,,,True,,False,False,False,False,False,False,False,False,False,False,0,Follow Yaw,-77.9,0,136.6,136.6,False,False,False,False,False,,0,0,False,False,No Card,100,100,1024,1279,1264,1024,2,False,False,False,False,False,0,False,False,False,False,66,,46.236,,6678,,10044,,46.236,,True,3.847,3.847,3.847,3.847,3.847,3.847,3.847,3.847,3.847,3.847,3.847,3.847,0,,False,False,True,,,,,,,,,,,,,,,False,False,18.886,,104.9,,75.7,,104.9,,1270,124,,23,7,145423.3,19389.77,,Idle,,20,,10,,,20,Go Home,False,False,False,False,False,False,False,False,False,False,False,False,33.8027920380556,-117.4659261431046,4014.3,4014.3,1049.4,396.9,True,1,1,False,False,False,False,,True,False,False,Course Lock,196.8,67,16.4,93,NW,S,2.68,11.4,Calm,False,False,Android,7.0.2,M300 RTK,1ZN7L4R0H1D00F,1W9DL31001461C,1ZMLH8300204F0,1Z6PH74DAP0QN7,"Corona, CA",728.3,5.7,137.7,8.547347,2.013246,0,0,DJI Matrice 300 RTK,M300 RTK,1ZN7L4R0H1D00F,1W9DL31001461C,1ZMLH8300204F0,1Z6PH74DAP0QN7,DJI Pilot,Android,7.0.2,1EF72A62-B7C3-C88D-164E-CE6F8C8424AE,1ZN7L4R0H1D00F,1W9DL31001461C,,1ZMLH8300204F0,1W9DL31001461C,,,,,
2023-11-01,11:34:49.44 AM,10m 27.1s,627.1,33.7942145251325,-117.474222022864,-29.1,137.7,16.7,1235,5549.6,6.891082,8.547335,-5.59235,2.23694,4.026492,5.816044,-0.447388,0.894776,-0.3,-0.4,0.5,144.9,144.9,141.3,Tripod,Other,,21,5,True,,False,False,,Smart,RC,False,True,False,,,True,,False,False,False,False,False,False,False,False,False,False,0,Follow Yaw,-77.9,0,136.6,136.6,False,False,False,False,False,,0,0,False,False,No Card,100,100,1024,1239,1275,1024,2,False,False,False,False,False,0,False,False,False,False,66,,46.236,,6678,,10044,,46.236,,True,3.847,3.847,3.847,3.847,3.847,3.847,3.847,3.847,3.847,3.847,3.847,3.847,0,,False,False,True,,,,,,,,,,,,,,,False,False,18.886,,104.9,,75.7,,104.9,,1270,124,,23,7,145423.3,19389.77,,Idle,,20,,10,,,20,Go Home,False,False,False,False,False,False,False,False,False,False,False,False,33.8027920380556,-117.4659261431046,4014.5,4014.5,1049.4,396.9,True,1,1,False,False,False,False,,True,False,False,Course Lock,196.8,67,16.4,93,NW,S,2.68,11.4,Calm,False,False,Android,7.0.2,M300 RTK,1ZN7L4R0H1D00F,1W9DL31001461C,1ZMLH8300204F0,1Z6PH74DAP0QN7,"Corona, CA",728.3,5.7,137.7,8.547347,2.013246,0,0,DJI Matrice 300 RTK,M300 RTK,1ZN7L4R0H1D00F,1W9DL31001461C,1ZMLH8300204F0,1Z6PH74DAP0QN7,DJI Pilot,Android,7.0.2,1EF72A62-B7C3-C88D-164E-CE6F8C8424AE,1ZN7L4R0H1D00F,1W9DL31001461C,,1ZMLH8300204F0,1W9DL31001461C,,,,,
2023-11-01,11:34:49.54 AM,10m 27.2s,627.2,33.7942122128529,-117.4742200235744,-29.1,137.7,16.7,1235,5550.6,6.891082,8.547335,-5.59235,2.23694,4.026492,5.816044,-0.447388,0.894776,-0.1,-0.3,0.3,144.9,144.9,144.3,Tripod,Other,,21,5,True,,False,False,,Smart,RC,False,True,False,,,True,,False,False,False,False,False,False,False,False,False,False,0,Follow Yaw,-77.9,0,136.6,136.6,False,False,False,False,False,,0,0,False,False,No Card,100,100,1024,1227,1288,1024,2,False,False,False,False,False,0,False,False,False,False,66,,46.236,,6678,,10044,,46.236,,True,3.847,3.847,3.847,3.847,3.847,3.847,3.847,3.847,3.847,3.847,3.847,3.847,0,,False,False,True,,,,,,,,,,,,,,,False,False,18.886,,104.9,,75.7,,104.9,,1270,124,,23,7,145423.3,19389.77,,Idle,,20,,10,,,20,Go Home,False,False,False,False,False,False,False,False,False,False,False,False,33.8027920380556,-117.4659261431046,4014.8,4014.8,1049.4,396.9,True,1,1,False,False,False,False,,True,False,False,Course Lock,196.8,67,16.4,93,NW,S,2.68,11.4,Calm,False,False,Android,7.0.2,M300 RTK,1ZN7L4R0H1D00F,1W9DL31001461C,1ZMLH8300204F0,1Z6PH74DAP0QN7,"Corona, CA",728.3,5.7,137.7,8.547347,2.013246,0,0,DJI Matrice 300 RTK,M300 RTK,1ZN7L4R0H1D00F,1W9DL31001461C,1ZMLH8300204F0,1Z6PH74DAP0QN7,DJI Pilot,Android,7.0.2,1EF72A62-B7C3-C88D-164E-CE6F8C8424AE,1ZN7L4R0H1D00F,1W9DL31001461C,,1ZMLH8300204F0,1W9DL31001461C,,,,,
2023-11-01,11:34:49.64 AM,10m 27.3s,627.3,33.7942098456103,-117.4742178600741,-29.1,137.7,16.7,1235,5551.7,6.891082,8.547335,-5.59235,2.23694,4.026492,5.816044,-0.447388,0.894776,0.2,-0.1,0.2,144.9,144.9,142.7,Tripod,Other,,21,5,True,,False,False,,Smart,RC,False,True,False,,,True,,False,False,False,False,False,False,False,False,False,False,0,Follow Yaw,-77.9,0,136.6,136.6,False,False,False,False,False,,0,0,False,False,No Card,100,100,1024,1223,1288,1024,2,False,False,False,False,False,0,False,False,False,False,66,,46.236,,6678,,10044,,46.236,,True,3.854,3.854,3.854,3.854,3.854,3.854,3.854,3.854,3.854,3.854,3.854,3.854,0,,False,False,True,,,,,,,,,,,,,,,False,False,18.886,,104.9,,75.7,,104.9,,1267,124,,23,7,145273.0,19369.73,,Idle,,20,,10,,,20,Go Home,False,False,False,False,False,False,False,False,False,False,False,False,33.8027920380556,-117.4659261431046,4015.1,4015.1,1049.4,396.9,True,1,1,False,False,False,False,,True,False,False,Course Lock,196.8,67,16.4,93,NW,S,2.68,11.4,Calm,False,False,Android,7.0.2,M300 RTK,1ZN7L4R0H1D00F,1W9DL31001461C,1ZMLH8300204F0,1Z6PH74DAP0QN7,"Corona, CA",728.3,5.7,137.7,8.547347,2.013246,0,0,DJI Matrice 300 RTK,M300 RTK,1ZN7L4R0H1D00F,1W9DL31001461C,1ZMLH8300204F0,1Z6PH74DAP0QN7,DJI Pilot,Android,7.0.2,1EF72A62-B7C3-C88D-164E-CE6F8C8424AE,1ZN7L4R0H1D00F,1W9DL31001461C,,1ZMLH8300204F0,1W9DL31001461C,,,,,
2023-11-01,11:34:49.74 AM,10m 27.4s,627.4,33.7942075690018,-117.4742158822052,-28.8,137.7,16.7,1235,5552.8,6.762813,8.547335,-5.59235,2.23694,3.802798,5.816044,-0.447388,0.894776,0.6,0,0.6,144.9,144.9,144.1,Tripod,Other,,21,5,True,,False,False,,Smart,RC,False,True,False,,,True,,False,False,False,False,False,False,False,False,False,False,0,Follow Yaw,-77.9,0,136.6,136.6,False,False,False,False,False,,0,0,False,False,No Card,100,100,1024,1208,1287,1024,2,False,False,False,False,False,0,False,False,False,False,66,,46.236,,6678,,10044,,46.236,,True,3.854,3.854,3.854,3.854,3.854,3.854,3.854,3.854,3.854,3.854,3.854,3.854,0,,False,False,True,,,,,,,,,,,,,,,False,False,18.886,,104.9,,75.7,,104.9,,1267,124,,23,7,145273.0,19369.73,,Idle,,20,,10,,,20,Go Home,False,False,False,False,False,False,False,False,False,False,False,False,33.8027920380556,-117.4659261431046,4015.3,4015.3,1049.4,396.9,True,1,1,False,False,False,False,,True,False,False,Course Lock,196.8,67,16.4,93,NW,S,2.68,11.4,Calm,False,False,Android,7.0.2,M300 RTK,1ZN7L4R0H1D00F,1W9DL31001461C,1ZMLH8300204F0,1Z6PH74DAP0QN7,"Corona, CA",728.3,5.7,137.7,8.547347,2.013246,0,0,DJI Matrice 300 RTK,M300 RTK,1ZN7L4R0H1D00F,1W9DL31001461C,1ZMLH8300204F0,1Z6PH74DAP0QN7,DJI Pilot,Android,7.0.2,1EF72A62-B7C3-C88D-164E-CE6F8C8424AE,1ZN7L4R0H1D00F,1W9DL31001461C,,1ZMLH8300204F0,1W9DL31001461C,,,,,
2023-11-01,11:34:49.84 AM,10m 27.5s,627.5,33.7942049891721,-117.4742138608148,-28.8,137.7,16.7,1235,5553.9,6.579037,8.547335,-5.368656,2.23694,3.802798,5.816044,-0.447388,0.894776,1,0,1,144.9,144.9,146.9,Tripod,Other,,21,5,True,,False,False,,Smart,RC,False,True,False,,,True,,False,False,False,False,False,False,False,False,False,False,0,Follow Yaw,-77.9,0,136.6,136.6,False,False,False,False,False,,0,0,False,False,No Card,100,100,1024,1196,1290,1024,2,False,False,False,False,False,0,False,False,False,False,66,,46.236,,6678,,10044,,46.236,,True,3.854,3.854,3.854,3.854,3.854,3.854,3.854,3.854,3.854,3.854,3.854,3.854,0,,False,False,True,,,,,,,,,,,,,,,False,False,18.886,,104.9,,75.7,,104.9,,1267,124,,23,7,145273.0,19369.73,,Idle,,20,,10,,,20,Go Home,False,False,False,False,False,False,False,False,False,False,False,False,33.8027920380556,-117.4659261431046,4015.7,4015.7,1049.4,396.9,True,1,1,False,False,False,False,,True,False,False,Course Lock,196.8,67,16.4,93,NW,S,2.68,11.4,Calm,False,False,Android,7.0.2,M300 RTK,1ZN7L4R0H1D00F,1W9DL31001461C,1ZMLH8300204F0,1Z6PH74DAP0QN7,"Corona, CA",728.3,5.7,137.7,8.547347,2.013246,0,0,DJI Matrice 300 RTK,M300 RTK,1ZN7L4R0H1D00F,1W9DL31001461C,1ZMLH8300204F0,1Z6PH74DAP0QN7,DJI Pilot,Android,7.0.2,1EF72A62-B7C3-C88D-164E-CE6F8C8424AE,1ZN7L4R0H1D00F,1W9DL31001461C,,1ZMLH8300204F0,1W9DL31001461C,,,,,
2023-11-01,11:34:49.94 AM,10m 27.6s,627.6,33.7942027393939,-117.4742119339512,-28.8,137.7,16.7,1235,5554.9,6.579037,8.547335,-5.368656,2.23694,3.802798,5.816044,-0.447388,0.894776,1.2,-0.1,1.2,144.8,144.8,144.5,Tripod,Other,,21,5,True,,False,False,,Smart,RC,False,True,False,,,True,,False,False,False,False,False,False,False,False,False,False,0,Follow Yaw,-77.9,0,136.6,136.6,False,False,False,False,False,,0,0,False,False,No Card,100,100,1024,1168,1299,1024,2,False,False,False,False,False,0,False,False,False,False,66,,46.236,,6678,,10044,,46.236,,True,3.854,3.854,3.854,3.854,3.854,3.854,3.854,3.854,3.854,3.854,3.854,3.854,0,,False,False,True,,,,,,,,,,,,,,,False,False,18.886,,104.9,,75.7,,104.9,,1267,124,,23,7,145273.0,19369.73,,Idle,,20,,10,,,20,Go Home,False,False,False,False,False,False,False,False,False,False,False,False,33.8027920380556,-117.4659261431046,4016.0,4016.0,1049.4,396.9,True,1,1,False,False,False,False,,True,False,False,Course Lock,196.8,67,16.4,93,NW,S,2.68,11.4,Calm,False,False,Android,7.0.2,M300 RTK,1ZN7L4R0H1D00F,1W9DL31001461C,1ZMLH8300204F0,1Z6PH74DAP0QN7,"Corona, CA",728.3,5.7,137.7,8.547347,2.013246,0,0,DJI Matrice 300 RTK,M300 RTK,1ZN7L4R0H1D00F,1W9DL31001461C,1ZMLH8300204F0,1Z6PH74DAP0QN7,DJI Pilot,Android,7.0.2,1EF72A62-B7C3-C88D-164E-CE6F8C8424AE,1ZN7L4R0H1D00F,1W9DL31001461C,,1ZMLH8300204F0,1W9DL31001461C,,,,,
2023-11-01,11:34:50.04 AM,10m 27.7s,627.7,33.7942004829681,-117.4742102396422,-28.8,137.7,16.7,1235,5555.9,6.579037,8.547335,-5.368656,2.23694,3.802798,5.816044,-0.447388,0.894776,1.4,-0.3,1.4,144.8,144.8,148.0,Tripod,Other,,21,5,True,,False,False,,Smart,RC,False,True,False,,,True,,False,False,False,False,False,False,False,False,False,False,0,Follow Yaw,-77.9,0,136.6,136.6,False,False,False,False,False,,0,0,False,False,No Card,100,100,1024,1115,1342,1024,2,False,False,False,False,False,0,False,False,False,False,66,,46.236,,6678,,10044,,46.236,,True,3.854,3.854,3.854,3.854,3.854,3.854,3.854,3.854,3.854,3.854,3.854,3.854,0,,False,False,True,,,,,,,,,,,,,,,False,False,18.886,,104.9,,75.7,,104.9,,1267,124,,23,7,145273.0,19369.73,,Idle,,20,,10,,,20,Go Home,False,False,False,False,False,False,False,False,False,False,False,False,33.8027920380556,-117.4659261431046,4016.3,4016.3,1049.4,396.9,True,1,1,False,False,False,False,,True,False,False,Course Lock,196.8,67,16.4,93,NW,S,2.68,11.4,Calm,False,False,Android,7.0.2,M300 RTK,1ZN7L4R0H1D00F,1W9DL31001461C,1ZMLH8300204F0,1Z6PH74DAP0QN7,"Corona, CA",728.3,5.7,137.7,8.547347,2.013246,0,0,DJI Matrice 300 RTK,M300 RTK,1ZN7L4R0H1D00F,1W9DL31001461C,1ZMLH8300204F0,1Z6PH74DAP0QN7,DJI Pilot,Android,7.0.2,1EF72A62-B7C3-C88D-164E-CE6F8C8424AE,1ZN7L4R0H1D00F,1W9DL31001461C,,1ZMLH8300204F0,1W9DL31001461C,,,,,
2023-11-01,11:34:50.14 AM,10m 27.8s,627.8,33.794198301311,-117.4742083859261,-28.5,137.7,16.7,1235,5556.8,6.267425,8.547335,-5.144962,2.23694,3.579104,5.816044,-0.447388,0.894776,1.6,-0.4,1.6,144.7,144.7,144.7,Tripod,Other,,21,5,True,,False,False,,Smart,RC,False,True,False,,,True,,False,False,False,False,False,False,False,False,False,False,0,Follow Yaw,-77.9,0,136.6,136.6,False,False,False,False,False,,0,0,False,False,No Card,100,100,1024,1078,1347,1024,2,False,False,False,False,False,0,False,False,False,False,66,,46.236,,6678,,10044,,46.236,,True,3.854,3.854,3.854,3.854,3.854,3.854,3.854,3.854,3.854,3.854,3.854,3.854,0,,False,False,True,,,,,,,,,,,,,,,False,False,18.886,,104.9,,75.7,,104.9,,1267,124,,23,7,145273.0,19369.73,,Idle,,20,,10,,,20,Go Home,False,False,False,False,False,False,False,False,False,False,False,False,33.8027920380556,-117.4659261431046,4016.6,4016.6,1049.4,396.9,True,1,1,False,False,False,False,,True,False,False,Course Lock,196.8,67,16.4,93,NW,S,2.68,11.4,Calm,False,False,Android,7.0.2,M300 RTK,1ZN7L4R0H1D00F,1W9DL31001461C,1ZMLH8300204F0,1Z6PH74DAP0QN7,"Corona, CA",728.3,5.7,137.7,8.547347,2.013246,0,0,DJI Matrice 300 RTK,M300 RTK,1ZN7L4R0H1D00F,1W9DL31001461C,1ZMLH8300204F0,1Z6PH74DAP0QN7,DJI Pilot,Android,7.0.2,1EF72A62-B7C3-C88D-164E-CE6F8C8424AE,1ZN7L4R0H1D00F,1W9DL31001461C,,1ZMLH8300204F0,1W9DL31001461C,,,,,
2023-11-01,11:34:50.24 AM,10m 27.9s,627.9,33.7941963220298,-117.4742064336836,-28.5,137.7,16.7,1235,5557.8,6.267425,8.547335,-5.144962,2.23694,3.579104,5.816044,-0.447388,0.894776,1.8,-0.2,1.8,144.8,144.8,140.6,Tripod,Other,,21,5,True,,False,False,,Smart,RC,False,True,False,,,True,,False,False,False,False,False,False,False,False,False,False,0,Follow Yaw,-77.9,0,136.6,136.6,False,False,False,False,False,,0,0,False,False,No Card,100,100,1024,1041,1354,1024,2,False,False,False,False,False,0,False,False,False,False,66,,46.236,,6678,,10044,,46.236,,True,3.854,3.854,3.854,3.854,3.854,3.854,3.854,3.854,3.854,3.854,3.854,3.854,0,,False,False,True,,,,,,,,,,,,,,,False,False,18.886,,104.9,,75.7,,104.9,,1267,124,,23,7,145273.0,19369.73,,Idle,,20,,10,,,20,Go Home,False,False,False,False,False,False,False,False,False,False,False,False,33.8027920380556,-117.4659261431046,4016.8,4016.8,1049.4,396.9,True,1,1,False,False,False,False,,True,False,False,Course Lock,196.8,67,16.4,93,NW,S,2.68,11.4,Calm,False,False,Android,7.0.2,M300 RTK,1ZN7L4R0H1D00F,1W9DL31001461C,1ZMLH8300204F0,1Z6PH74DAP0QN7,"Corona, CA",728.3,5.7,137.7,8.547347,2.013246,0,0,DJI Matrice 300 RTK,M300 RTK,1ZN7L4R0H1D00F,1W9DL31001461C,1ZMLH8300204F0,1Z6PH74DAP0QN7,DJI Pilot,Android,7.0.2,1EF72A62-B7C3-C88D-164E-CE6F8C8424AE,1ZN7L4R0H1D00F,1W9DL31001461C,,1ZMLH8300204F0,1W9DL31001461C,,,,,
2023-11-01,11:34:50.32 AM,10m 28.0s,628.0,33.7941942370032,-117.4742046321892,-28.5,137.7,16.7,1235,5558.7,6.085134,8.547335,-4.921268,2.23694,3.579104,5.816044,-0.671082,0.894776,2.1,0,2.1,144.8,144.8,144.3,Tripod,Other,,21,5,True,,False,False,,Smart,RC,False,True,False,,,True,,False,False,False,False,False,False,False,False,False,False,0,Follow Yaw,-77.9,0,136.6,136.6,False,False,False,False,False,,0,0,False,False,No Card,100,100,1024,1024,1360,1024,2,False,False,False,False,False,0,False,False,False,False,66,,46.212,,6678,,10044,,46.212,,True,3.854,3.854,3.854,3.854,3.854,3.854,3.854,3.854,3.854,3.854,3.854,3.854,0,,False,False,True,,,,,,,,,,,,,,,False,False,20.618,,104.9,,75.7,,104.9,,1267,124,,23,7,145273.0,19369.73,,Idle,,20,,10,,,20,Go Home,False,False,False,False,False,False,False,False,False,False,False,False,33.8027920380556,-117.4659261431046,4017.0,4017.0,1049.4,396.9,True,1,1,False,False,False,False,,True,False,False,Course Lock,196.8,67,16.4,93,NW,S,2.68,11.4,Calm,False,False,Android,7.0.2,M300 RTK,1ZN7L4R0H1D00F,1W9DL31001461C,1ZMLH8300204F0,1Z6PH74DAP0QN7,"Corona, CA",728.3,5.7,137.7,8.547347,2.013246,0,0,DJI Matrice 300 RTK,M300 RTK,1ZN7L4R0H1D00F,1W9DL31001461C,1ZMLH8300204F0,1Z6PH74DAP0QN7,DJI Pilot,Android,7.0.2,1EF72A62-B7C3-C88D-164E-CE6F8C8424AE,1ZN7L4R0H1D00F,1W9DL31001461C,,1ZMLH8300204F0,1W9DL31001461C,,,,,
2023-11-01,11:34:50.42 AM,10m 28.1s,628.1,33.7941918221993,-117.4742027465999,-28.2,137.7,16.7,1236,5559.7,5.956312,8.547335,-4.921268,2.23694,3.35541,5.816044,-0.671082,0.894776,2.5,0,2.5,144.7,144.7,147.0,Tripod,Other,,21,5,True,,False,False,,Smart,RC,False,True,False,,,True,,False,False,False,False,False,False,False,False,False,False,0,Follow Yaw,-77.9,0,136.6,136.6,False,False,False,False,False,,0,0,False,False,No Card,100,100,1024,1024,1368,1024,2,False,False,False,False,False,0,False,False,False,False,66,,46.212,,6678,,10044,,46.212,,True,3.854,3.854,3.854,3.854,3.854,3.854,3.854,3.854,3.854,3.854,3.854,3.854,0,,False,False,True,,,,,,,,,,,,,,,False,False,20.618,,104.9,,75.7,,104.9,,1267,124,,23,7,145273.0,19369.73,,Idle,,20,,10,,,20,Go Home,False,False,False,False,False,False,False,False,False,False,False,False,33.8027920380556,-117.4659261431046,4017.3,4017.3,1049.4,396.9,True,1,1,False,False,False,False,,True,False,False,Course Lock,196.8,67,16.4,93,NW,S,2.68,11.4,Calm,False,False,Android,7.0.2,M300 RTK,1ZN7L4R0H1D00F,1W9DL31001461C,1ZMLH8300204F0,1Z6PH74DAP0QN7,"Corona, CA",728.3,5.7,137.7,8.547347,2.013246,0,0,DJI Matrice 300 RTK,M300 RTK,1ZN7L4R0H1D00F,1W9DL31001461C,1ZMLH8300204F0,1Z6PH74DAP0QN7,DJI Pilot,Android,7.0.2,1EF72A62-B7C3-C88D-164E-CE6F8C8424AE,1ZN7L4R0H1D00F,1W9DL31001461C,,1ZMLH8300204F0,1W9DL31001461C,,,,,
2023-11-01,11:34:50.52 AM,10m 28.2s,628.2,33.7941897983036,-117.4742010242112,-28.2,137.7,16.7,1236,5560.7,5.772865,8.547335,-4.697574,2.23694,3.35541,5.816044,-0.671082,0.894776,7.7,-0.1,7.7,144.6,144.6,144.7,Tripod,Other,,21,5,True,,False,False,,Smart,RC,False,True,False,,,True,,False,False,False,False,False,False,False,False,False,False,0,Follow Yaw,-77.9,0,136.6,136.6,False,False,False,False,False,,0,0,False,False,No Card,100,100,1024,1024,1371,1024,2,False,False,False,False,False,0,False,False,False,False,66,,46.212,,6678,,10044,,46.212,,True,3.854,3.854,3.854,3.854,3.854,3.854,3.854,3.854,3.854,3.854,3.854,3.854,0,,False,False,True,,,,,,,,,,,,,,,False,False,20.618,,104.9,,75.7,,104.9,,1267,124,,23,7,145273.0,19369.73,,Idle,,20,,10,,,20,Go Home,False,False,False,False,False,False,False,False,False,False,False,False,33.8027920380556,-117.4659261431046,4017.6,4017.6,1049.4,396.9,True,1,1,False,False,False,False,,True,False,False,Course Lock,196.8,67,16.4,93,NW,S,2.68,11.4,Calm,False,False,Android,7.0.2,M300 RTK,1ZN7L4R0H1D00F,1W9DL31001461C,1ZMLH8300204F0,1Z6PH74DAP0QN7,"Corona, CA",728.3,5.7,137.7,8.547347,2.013246,0,0,DJI Matrice 300 RTK,M300 RTK,1ZN7L4R0H1D00F,1W9DL31001461C,1ZMLH8300204F0,1Z6PH74DAP0QN7,DJI Pilot,Android,7.0.2,1EF72A62-B7C3-C88D-164E-CE6F8C8424AE,1ZN7L4R0H1D00F,1W9DL31001461C,,1ZMLH8300204F0,1W9DL31001461C,,,,,
2023-11-01,11:34:50.63 AM,10m 28.3s,628.3,33.7941883104674,-117.474199610514,-28.2,137.7,16.7,1236,5561.3,5.461066,8.547335,-4.47388,2.23694,3.131716,5.816044,-0.671082,0.894776,15.3,-0.5,15.3,144.6,144.6,141.7,Tripod,Other,,21,5,True,,False,False,,Smart,RC,False,True,False,,,True,,False,False,False,False,False,False,False,False,False,False,0,Follow Yaw,-77.9,0,136.6,136.6,False,False,False,False,False,,0,0,False,False,No Card,100,100,1024,1024,1371,1024,2,False,False,False,False,False,0,False,False,False,False,66,,46.212,,6678,,10044,,46.212,,True,3.85,3.85,3.85,3.85,3.85,3.85,3.85,3.85,3.85,3.85,3.85,3.85,0,,False,False,True,,,,,,,,,,,,,,,False,False,20.618,,104.9,,75.7,,104.9,,1264,124,,23,7,145166.1,19355.49,,Idle,,20,,10,,,20,Go Home,False,False,False,False,False,False,False,False,False,False,False,False,33.8027920380556,-117.4659261431046,4017.7,4017.7,1049.4,396.9,True,1,1,False,False,False,False,,True,False,False,Course Lock,196.8,67,16.4,93,NW,S,2.68,11.4,Calm,False,False,Android,7.0.2,M300 RTK,1ZN7L4R0H1D00F,1W9DL31001461C,1ZMLH8300204F0,1Z6PH74DAP0QN7,"Corona, CA",728.3,5.7,137.7,8.547347,2.013246,0,0,DJI Matrice 300 RTK,M300 RTK,1ZN7L4R0H1D00F,1W9DL31001461C,1ZMLH8300204F0,1Z6PH74DAP0QN7,DJI Pilot,Android,7.0.2,1EF72A62-B7C3-C88D-164E-CE6F8C8424AE,1ZN7L4R0H1D00F,1W9DL31001461C,,1ZMLH8300204F0,1W9DL31001461C,,,,,
2023-11-01,11:34:50.73 AM,10m 28.4s,628.4,33.7941866417061,-117.4741981659746,-27.8,137.7,16.7,1236,5562.1,4.65477,8.547335,-3.802798,2.23694,2.684328,5.816044,-0.671082,0.894776,18.7,-0.5,18.7,144.7,144.7,144.2,Tripod,Other,,21,5,True,,False,False,,Smart,RC,False,True,False,,,True,,False,False,False,False,False,False,False,False,False,False,0,Follow Yaw,-77.9,0,136.6,136.6,False,False,False,False,False,,0,0,False,False,No Card,100,100,1024,1024,1407,1024,2,False,False,False,False,False,0,False,False,False,False,66,,46.212,,6678,,10044,,46.212,,True,3.85,3.85,3.85,3.85,3.85,3.85,3.85,3.85,3.85,3.85,3.85,3.85,0,,False,False,True,,,,,,,,,,,,,,,False,False,20.618,,104.9,,75.7,,104.9,,1264,124,,23,7,145166.1,19355.49,,Idle,,20,,10,,,20,Go Home,False,False,False,False,False,False,False,False,False,False,False,False,33.8027920380556,-117.4659261431046,4017.9,4017.9,1049.4,396.9,True,1,1,False,False,False,False,,True,False,False,Course Lock,196.8,67,16.4,93,NW,S,2.68,11.4,Calm,False,False,Android,7.0.2,M300 RTK,1ZN7L4R0H1D00F,1W9DL31001461C,1ZMLH8300204F0,1Z6PH74DAP0QN7,"Corona, CA",728.3,5.7,137.7,8.547347,2.013246,0,0,DJI Matrice 300 RTK,M300 RTK,1ZN7L4R0H1D00F,1W9DL31001461C,1ZMLH8300204F0,1Z6PH74DAP0QN7,DJI Pilot,Android,7.0.2,1EF72A62-B7C3-C88D-164E-CE6F8C8424AE,1ZN7L4R0H1D00F,1W9DL31001461C,,1ZMLH8300204F0,1W9DL31001461C,,,,,
2023-11-01,11:34:50.83 AM,10m 28.5s,628.5,33.7941848471195,-117.4741967234761,-27.8,137.7,16.7,1236,5562.9,3.848577,8.547335,-3.131716,2.23694,2.23694,5.816044,-0.671082,0.894776,20,-0.3,20,144.7,144.7,146.2,Tripod,Other,,21,5,True,,False,False,,Smart,RC,False,True,False,,,True,,False,False,False,False,False,False,False,False,False,False,0,Follow Yaw,-77.9,0,136.6,136.6,False,False,False,False,False,,0,0,False,False,No Card,100,100,1024,1024,1424,1024,2,False,False,False,False,False,0,False,False,False,False,66,,46.212,,6678,,10044,,46.212,,True,3.85,3.85,3.85,3.85,3.85,3.85,3.85,3.85,3.85,3.85,3.85,3.85,0,,False,False,True,,,,,,,,,,,,,,,False,False,20.618,,104.9,,75.7,,104.9,,1264,124,,23,7,145166.1,19355.49,,Idle,,20,,10,,,20,Go Home,False,False,False,False,False,False,False,False,False,False,False,False,33.8027920380556,-117.4659261431046,4018.2,4018.2,1049.4,396.9,True,1,1,False,False,False,False,,True,False,False,Course Lock,196.8,67,16.4,93,NW,S,2.46,11.4,Calm,False,False,Android,7.0.2,M300 RTK,1ZN7L4R0H1D00F,1W9DL31001461C,1ZMLH8300204F0,1Z6PH74DAP0QN7,"Corona, CA",728.3,5.7,137.7,8.547347,2.013246,0,0,DJI Matrice 300 RTK,M300 RTK,1ZN7L4R0H1D00F,1W9DL31001461C,1ZMLH8300204F0,1Z6PH74DAP0QN7,DJI Pilot,Android,7.0.2,1EF72A62-B7C3-C88D-164E-CE6F8C8424AE,1ZN7L4R0H1D00F,1W9DL31001461C,,1ZMLH8300204F0,1W9DL31001461C,,,,,
2023-11-01,11:34:50.93 AM,10m 28.6s,628.6,33.7941836778215,-117.4741957003181,-27.8,137.7,16.7,1236,5563.4,3.042567,8.547335,-2.460634,2.23694,1.789552,5.816044,-0.671082,0.894776,17.7,0,17.7,144.9,144.9,143.9,Tripod,Other,,21,5,True,,False,False,,Smart,RC,False,True,False,,,True,,False,False,False,False,False,False,False,False,False,False,0,Follow Yaw,-77.9,0,136.6,136.6,False,False,False,False,False,,0,0,False,False,No Card,100,100,1024,1024,1448,1024,2,False,False,False,False,False,0,False,False,False,False,66,,46.212,,6678,,10044,,46.212,,True,3.85,3.85,3.85,3.85,3.85,3.85,3.85,3.85,3.85,3.85,3.85,3.85,0,,False,False,True,,,,,,,,,,,,,,,False,False,20.618,,104.9,,75.7,,104.9,,1264,124,,23,7,145166.1,19355.49,,Idle,,20,,10,,,20,Go Home,False,False,False,False,False,False,False,False,False,False,False,False,33.8027920380556,-117.4659261431046,4018.3,4018.3,1049.4,396.9,True,1,1,False,False,False,False,,True,False,False,Course Lock,196.8,67,16.4,93,NW,S,2.46,11.4,Calm,False,False,Android,7.0.2,M300 RTK,1ZN7L4R0H1D00F,1W9DL31001461C,1ZMLH8300204F0,1Z6PH74DAP0QN7,"Corona, CA",728.3,5.7,137.7,8.547347,2.013246,0,0,DJI Matrice 300 RTK,M300 RTK,1ZN7L4R0H1D00F,1W9DL31001461C,1ZMLH8300204F0,1Z6PH74DAP0QN7,DJI Pilot,Android,7.0.2,1EF72A62-B7C3-C88D-164E-CE6F8C8424AE,1ZN7L4R0H1D00F,1W9DL31001461C,,1ZMLH8300204F0,1W9DL31001461C,,,,,
2023-11-01,11:34:51.04 AM,10m 28.7s,628.7,33.7941830866619,-117.4741952116442,-27.5,137.7,16.7,1236,5563.7,2.41962,8.547335,-2.013246,2.23694,1.342164,5.816044,-0.894776,0.894776,13,0.2,13,145,145,145.5,Tripod,Other,,21,5,True,,False,False,,Smart,RC,False,True,False,,,True,,False,False,False,False,False,False,False,False,False,False,0,Follow Yaw,-77.9,0,136.6,136.6,False,False,False,False,False,,0,0,False,False,No Card,100,100,1024,1024,1524,1023,2,False,False,False,False,False,0,False,False,False,False,66,,46.212,,6678,,10044,,46.212,,True,3.85,3.85,3.85,3.85,3.85,3.85,3.85,3.85,3.85,3.85,3.85,3.85,0,,False,False,True,,,,,,,,,,,,,,,False,False,20.618,,104.9,,75.7,,104.9,,1264,124,,23,7,145166.1,19355.49,,Idle,,20,,10,,,20,Go Home,False,False,False,False,False,False,False,False,False,False,False,False,33.8027920380556,-117.4659261431046,4018.4,4018.4,1049.4,396.9,True,1,1,False,False,False,False,,True,False,False,Course Lock,196.8,67,16.4,93,NW,S,2.46,11.4,Calm,False,False,Android,7.0.2,M300 RTK,1ZN7L4R0H1D00F,1W9DL31001461C,1ZMLH8300204F0,1Z6PH74DAP0QN7,"Corona, CA",728.3,5.7,137.7,8.547347,2.013246,0,0,DJI Matrice 300 RTK,M300 RTK,1ZN7L4R0H1D00F,1W9DL31001461C,1ZMLH8300204F0,1Z6PH74DAP0QN7,DJI Pilot,Android,7.0.2,1EF72A62-B7C3-C88D-164E-CE6F8C8424AE,1ZN7L4R0H1D00F,1W9DL31001461C,,1ZMLH8300204F0,1W9DL31001461C,,,,,
2023-11-01,11:34:51.14 AM,10m 28.8s,628.8,33.7941823630294,-117.4741945723869,-27.5,137.7,16.7,1236,5564.0,1.924288,8.547335,-1.565858,2.23694,1.11847,5.816044,-0.894776,0.894776,8.6,0.1,8.6,144.9,144.9,143.7,Tripod,Other,,21,5,True,,False,False,,Smart,RC,False,True,False,,,True,,False,False,False,False,False,False,False,False,False,False,0,Follow Yaw,-77.9,0,136.6,136.6,False,False,False,False,False,,0,0,False,False,No Card,100,100,1024,1024,1548,1022,2,False,False,False,False,False,0,False,False,False,False,66,,46.212,,6678,,10044,,46.212,,True,3.85,3.85,3.85,3.85,3.85,3.85,3.85,3.85,3.85,3.85,3.85,3.85,0,,False,False,True,,,,,,,,,,,,,,,False,False,20.618,,104.9,,75.7,,104.9,,1264,124,,23,7,145166.1,19355.49,,Idle,,20,,10,,,20,Go Home,False,False,False,False,False,False,False,False,False,False,False,False,33.8027920380556,-117.4659261431046,4018.5,4018.5,1049.4,396.9,True,1,1,False,False,False,False,,True,False,False,Course Lock,196.8,67,16.4,93,NW,S,2.46,11.4,Calm,False,False,Android,7.0.2,M300 RTK,1ZN7L4R0H1D00F,1W9DL31001461C,1ZMLH8300204F0,1Z6PH74DAP0QN7,"Corona, CA",728.3,5.7,137.7,8.547347,2.013246,0,0,DJI Matrice 300 RTK,M300 RTK,1ZN7L4R0H1D00F,1W9DL31001461C,1ZMLH8300204F0,1Z6PH74DAP0QN7,DJI Pilot,Android,7.0.2,1EF72A62-B7C3-C88D-164E-CE6F8C8424AE,1ZN7L4R0H1D00F,1W9DL31001461C,,1ZMLH8300204F0,1W9DL31001461C,,,,,
2023-11-01,11:34:51.24 AM,10m 28.9s,628.9,33.7941818163473,-117.4741940205644,-27.2,137.7,16.7,1237,5564.3,1.61308,8.547335,-1.342164,2.23694,0.894776,5.816044,-1.11847,0.894776,5.6,0,5.6,144.8,144.8,140.0,Tripod,Other,,21,5,True,,False,False,,Smart,RC,False,True,False,,,True,,False,False,False,False,False,False,False,False,False,False,0,Follow Yaw,-77.9,0,136.6,136.6,False,False,False,False,False,,0,0,False,False,No Card,100,100,1024,1024,1572,1022,2,False,False,False,False,False,0,False,False,False,False,66,,46.212,,6678,,10044,,46.212,,True,3.85,3.85,3.85,3.85,3.85,3.85,3.85,3.85,3.85,3.85,3.85,3.85,0,,False,False,True,,,,,,,,,,,,,,,False,False,20.618,,104.9,,75.7,,104.9,,1264,124,,23,7,145166.1,19355.49,,Idle,,20,,10,,,20,Go Home,False,False,False,False,False,False,False,False,False,False,False,False,33.8027920380556,-117.4659261431046,4018.5,4018.5,1049.4,396.9,True,1,1,False,False,False,False,,True,False,False,Course Lock,196.8,67,16.4,93,NW,S,2.46,11.4,Calm,False,False,Android,7.0.2,M300 RTK,1ZN7L4R0H1D00F,1W9DL31001461C,1ZMLH8300204F0,1Z6PH74DAP0QN7,"Corona, CA",728.3,5.7,137.7,8.547347,2.013246,0,0,DJI Matrice 300 RTK,M300 RTK,1ZN7L4R0H1D00F,1W9DL31001461C,1ZMLH8300204F0,1Z6PH74DAP0QN7,DJI Pilot,Android,7.0.2,1EF72A62-B7C3-C88D-164E-CE6F8C8424AE,1ZN7L4R0H1D00F,1W9DL31001461C,,1ZMLH8300204F0,1W9DL31001461C,,,,,
2023-11-01,11:34:51.34 AM,10m 29.0s,629.0,33.7941813009845,-117.4741935541563,-27.2,137.7,16.7,1237,5564.5,1.304348,8.547335,-1.11847,2.23694,0.671082,5.816044,-1.11847,0.894776,4.2,-0.2,4.2,144.7,144.7,143.0,Tripod,Other,,21,5,True,,False,False,,Smart,RC,False,True,False,,,True,,False,False,False,False,False,False,False,False,False,False,0,Follow Yaw,-77.9,0,136.6,136.6,False,False,False,False,False,,0,0,False,False,No Card,100,100,1024,1024,1612,1022,2,False,False,False,False,False,0,False,False,False,False,66,,46.164,,6678,,10044,,46.164,,True,3.85,3.85,3.85,3.85,3.85,3.85,3.85,3.85,3.85,3.85,3.85,3.85,0,,False,False,True,,,,,,,,,,,,,,,False,False,19.856,,104.9,,75.7,,104.9,,1264,124,,23,7,145166.1,19355.49,,Idle,,20,,10,,,20,Go Home,False,False,False,False,False,False,False,False,False,False,False,False,33.8027920380556,-117.4659261431046,4018.6,4018.6,1049.4,396.9,True,1,1,False,False,False,False,,True,False,False,Course Lock,196.8,67,16.4,93,NW,S,2.46,11.4,Calm,False,False,Android,7.0.2,M300 RTK,1ZN7L4R0H1D00F,1W9DL31001461C,1ZMLH8300204F0,1Z6PH74DAP0QN7,"Corona, CA",728.3,5.7,137.7,8.547347,2.013246,0,0,DJI Matrice 300 RTK,M300 RTK,1ZN7L4R0H1D00F,1W9DL31001461C,1ZMLH8300204F0,1Z6PH74DAP0QN7,DJI Pilot,Android,7.0.2,1EF72A62-B7C3-C88D-164E-CE6F8C8424AE,1ZN7L4R0H1D00F,1W9DL31001461C,,1ZMLH8300204F0,1W9DL31001461C,,,,,
2023-11-01,11:34:51.45 AM,10m 29.1s,629.1,33.7941809343367,-117.4741935018109,-26.9,137.7,16.7,1237,5564.6,1.11847,8.547335,-0.894776,2.23694,0.671082,5.816044,-1.342164,0.894776,4,-0.4,4,144.7,144.7,173.2,Tripod,Other,,21,5,True,,False,False,,Smart,RC,False,True,False,,,True,,False,False,False,False,False,False,False,False,False,False,0,Follow Yaw,-77.9,0,136.6,136.6,False,False,False,False,False,,0,0,False,False,No Card,100,100,1024,1024,1665,1019,2,False,False,False,False,False,0,False,False,False,False,66,,46.164,,6678,,10044,,46.164,,True,3.85,3.85,3.85,3.85,3.85,3.85,3.85,3.85,3.85,3.85,3.85,3.85,0,,False,False,True,,,,,,,,,,,,,,,False,False,19.856,,104.9,,75.7,,104.9,,1264,124,,23,7,145166.1,19355.49,,Idle,,20,,10,,,20,Go Home,False,False,False,False,False,False,False,False,False,False,False,False,33.8027920380556,-117.4659261431046,4018.7,4018.7,1049.4,396.9,True,1,1,False,False,False,False,,True,False,False,Course Lock,196.8,67,16.4,93,NW,S,2.46,11.4,Calm,False,False,Android,7.0.2,M300 RTK,1ZN7L4R0H1D00F,1W9DL31001461C,1ZMLH8300204F0,1Z6PH74DAP0QN7,"Corona, CA",728.3,5.7,137.7,8.547347,2.013246,0,0,DJI Matrice 300 RTK,M300 RTK,1ZN7L4R0H1D00F,1W9DL31001461C,1ZMLH8300204F0,1Z6PH74DAP0QN7,DJI Pilot,Android,7.0.2,1EF72A62-B7C3-C88D-164E-CE6F8C8424AE,1ZN7L4R0H1D00F,1W9DL31001461C,,1ZMLH8300204F0,1W9DL31001461C,,,,,
2023-11-01,11:34:51.55 AM,10m 29.2s,629.2,33.7941805534342,-117.4741931619059,-26.9,137.7,16.7,1237,5564.8,1.11847,8.547335,-0.894776,2.23694,0.671082,5.816044,-1.342164,0.894776,4.1,-0.4,4.1,144.6,144.6,143.4,Tripod,Other,,21,5,True,,False,False,,Smart,RC,False,True,False,,,True,,False,False,False,False,False,False,False,False,False,False,0,Follow Yaw,-77.9,0,136.6,136.6,False,False,False,False,False,,0,0,False,False,No Card,100,100,1024,1024,1684,1011,2,False,False,False,False,False,0,False,False,False,False,66,,46.164,,6678,,10044,,46.164,,True,3.85,3.85,3.85,3.85,3.85,3.85,3.85,3.85,3.85,3.85,3.85,3.85,0,,False,False,True,,,,,,,,,,,,,,,False,False,19.856,,104.9,,75.7,,104.9,,1264,124,,23,7,145166.1,19355.49,,Idle,,20,,10,,,20,Go Home,False,False,False,False,False,False,False,False,False,False,False,False,33.8027920380556,-117.4659261431046,4018.7,4018.7,1049.4,396.9,True,1,1,False,False,False,False,,True,False,False,Course Lock,196.8,67,16.4,93,NW,S,2.46,11.4,Calm,False,False,Android,7.0.2,M300 RTK,1ZN7L4R0H1D00F,1W9DL31001461C,1ZMLH8300204F0,1Z6PH74DAP0QN7,"Corona, CA",728.3,5.7,137.7,8.547347,2.013246,0,0,DJI Matrice 300 RTK,M300 RTK,1ZN7L4R0H1D00F,1W9DL31001461C,1ZMLH8300204F0,1Z6PH74DAP0QN7,DJI Pilot,Android,7.0.2,1EF72A62-B7C3-C88D-164E-CE6F8C8424AE,1ZN7L4R0H1D00F,1W9DL31001461C,,1ZMLH8300204F0,1W9DL31001461C,,,,,
2023-11-01,11:34:51.65 AM,10m 29.3s,629.3,33.7941799478829,-117.4741924274002,-26.5,137.7,16.7,1237,5565.1,0.80654,8.547335,-0.671082,2.23694,0.447388,5.816044,-1.565858,0.894776,4.1,-0.3,4.1,144.6,144.6,134.7,Tripod,Other,,21,5,True,,False,False,,Smart,RC,False,True,False,,,True,,False,False,False,False,False,False,False,False,False,False,0,Follow Yaw,-77.9,0,136.6,136.6,False,False,False,False,False,,0,0,False,False,No Card,100,100,1024,1024,1684,1010,2,False,False,False,False,False,0,False,False,False,False,66,,46.164,,6678,,10044,,46.164,,True,3.848,3.848,3.848,3.848,3.848,3.848,3.848,3.848,3.848,3.848,3.848,3.848,0,,False,False,True,,,,,,,,,,,,,,,False,False,19.856,,104.9,,75.7,,104.9,,1261,124,,23,7,145482.6,19397.68,,Idle,,20,,10,,,20,Go Home,False,False,False,False,False,False,False,False,False,False,False,False,33.8027920380556,-117.4659261431046,4018.8,4018.8,1049.4,396.9,True,1,1,False,False,False,False,,True,False,False,Course Lock,196.8,67,16.4,93,NW,S,2.46,11.4,Calm,False,False,Android,7.0.2,M300 RTK,1ZN7L4R0H1D00F,1W9DL31001461C,1ZMLH8300204F0,1Z6PH74DAP0QN7,"Corona, CA",728.3,5.7,137.7,8.547347,2.013246,0,0,DJI Matrice 300 RTK,M300 RTK,1ZN7L4R0H1D00F,1W9DL31001461C,1ZMLH8300204F0,1Z6PH74DAP0QN7,DJI Pilot,Android,7.0.2,1EF72A62-B7C3-C88D-164E-CE6F8C8424AE,1ZN7L4R0H1D00F,1W9DL31001461C,,1ZMLH8300204F0,1W9DL31001461C,,,,,
2023-11-01,11:34:51.75 AM,10m 29.4s,629.4,33.7941796485338,-117.4741921285016,-26.2,137.7,16.7,1238,5565.3,0.632702,8.547335,-0.447388,2.23694,0.447388,5.816044,-1.789552,0.894776,3.8,-0.1,3.8,144.6,144.6,140.3,Tripod,Other,,21,5,True,,False,False,,Smart,RC,False,True,False,,,True,,False,False,False,False,False,False,False,False,False,False,0,Follow Yaw,-77.9,0,136.6,136.6,False,False,False,False,False,,0,0,False,False,No Card,100,100,1024,1024,1684,1013,2,False,False,False,False,False,0,False,False,False,False,66,,46.164,,6678,,10044,,46.164,,True,3.848,3.848,3.848,3.848,3.848,3.848,3.848,3.848,3.848,3.848,3.848,3.848,0,,False,False,True,,,,,,,,,,,,,,,False,False,19.856,,104.9,,75.7,,104.9,,1261,124,,23,7,145482.6,19397.68,,Idle,,20,,10,,,20,Go Home,False,False,False,False,False,False,False,False,False,False,False,False,33.8027920380556,-117.4659261431046,4018.8,4018.8,1049.4,396.9,True,1,1,False,False,False,False,,True,False,False,Course Lock,196.8,67,16.4,93,NW,S,2.46,11.4,Calm,False,False,Android,7.0.2,M300 RTK,1ZN7L4R0H1D00F,1W9DL31001461C,1ZMLH8300204F0,1Z6PH74DAP0QN7,"Corona, CA",728.3,5.7,137.7,8.547347,2.013246,0,0,DJI Matrice 300 RTK,M300 RTK,1ZN7L4R0H1D00F,1W9DL31001461C,1ZMLH8300204F0,1Z6PH74DAP0QN7,DJI Pilot,Android,7.0.2,1EF72A62-B7C3-C88D-164E-CE6F8C8424AE,1ZN7L4R0H1D00F,1W9DL31001461C,,1ZMLH8300204F0,1W9DL31001461C,,,,,
2023-11-01,11:34:51.85 AM,10m 29.5s,629.5,33.7941793556268,-117.4741921285634,-25.9,137.7,16.7,1238,5565.4,0.500194,8.547335,-0.447388,2.23694,0.223694,5.816044,-1.789552,0.894776,3.2,-0.1,3.2,144.5,144.5,180.0,Tripod,Other,,21,5,True,,False,False,,Smart,RC,False,True,False,,,True,,False,False,False,False,False,False,False,False,False,False,0,Follow Yaw,-77.9,0,136.6,136.6,False,False,False,False,False,,0,0,False,False,No Card,100,100,1024,1024,1674,1024,2,False,False,False,False,False,0,False,False,False,False,66,,46.164,,6678,,10044,,46.164,,True,3.848,3.848,3.848,3.848,3.848,3.848,3.848,3.848,3.848,3.848,3.848,3.848,0,,False,False,True,,,,,,,,,,,,,,,False,False,19.856,,104.9,,75.7,,104.9,,1261,124,,23,7,145482.6,19397.68,,Idle,,20,,10,,,20,Go Home,False,False,False,False,False,False,False,False,False,False,False,False,33.8027920380556,-117.4659261431046,4018.9,4018.9,1049.4,396.9,True,1,1,False,False,False,False,,True,False,False,Course Lock,196.8,67,16.4,93,NW,S,2.46,11.4,Calm,False,False,Android,7.0.2,M300 RTK,1ZN7L4R0H1D00F,1W9DL31001461C,1ZMLH8300204F0,1Z6PH74DAP0QN7,"Corona, CA",728.3,5.7,137.7,8.547347,2.013246,0,0,DJI Matrice 300 RTK,M300 RTK,1ZN7L4R0H1D00F,1W9DL31001461C,1ZMLH8300204F0,1Z6PH74DAP0QN7,DJI Pilot,Android,7.0.2,1EF72A62-B7C3-C88D-164E-CE6F8C8424AE,1ZN7L4R0H1D00F,1W9DL31001461C,,1ZMLH8300204F0,1W9DL31001461C,,,,,
2023-11-01,11:34:51.96 AM,10m 29.6s,629.6,33.7941791276199,-117.474191912234,-25.9,137.7,17.0,1238,5565.5,0.316351,8.547335,-0.223694,2.23694,0.223694,5.816044,-2.013246,0.894776,2.7,0,2.7,144.5,144.5,141.7,Tripod,Other,,21,5,True,,True,False,,Smart,RC,False,True,False,,,True,,False,False,False,False,False,False,False,False,False,False,0,Follow Yaw,-77.9,0,136.6,136.6,False,False,False,False,False,,0,0,False,False,No Card,100,100,1024,1024,1664,1024,2,False,False,False,False,False,0,False,False,False,False,66,,46.164,,6678,,10044,,46.164,,True,3.848,3.848,3.848,3.848,3.848,3.848,3.848,3.848,3.848,3.848,3.848,3.848,0,,False,False,True,,,,,,,,,,,,,,,False,False,19.856,,104.9,,75.7,,104.9,,1261,124,,23,7,145482.6,19397.68,,Idle,,20,,10,,,20,Go Home,False,False,False,False,False,False,False,False,False,False,False,False,33.8027920380556,-117.4659261431046,4018.9,4018.9,1049.4,396.9,True,1,1,False,False,False,False,,True,False,False,Course Lock,196.8,67,16.4,93,NW,S,2.46,11.4,Calm,False,False,Android,7.0.2,M300 RTK,1ZN7L4R0H1D00F,1W9DL31001461C,1ZMLH8300204F0,1Z6PH74DAP0QN7,"Corona, CA",728.3,5.7,137.7,8.547347,2.013246,0,0,DJI Matrice 300 RTK,M300 RTK,1ZN7L4R0H1D00F,1W9DL31001461C,1ZMLH8300204F0,1Z6PH74DAP0QN7,DJI Pilot,Android,7.0.2,1EF72A62-B7C3-C88D-164E-CE6F8C8424AE,1ZN7L4R0H1D00F,1W9DL31001461C,,1ZMLH8300204F0,1W9DL31001461C,,,,,
2023-11-01,11:34:52.06 AM,10m 29.7s,629.7,33.7941790765633,-117.4741917047079,-25.5,137.7,17.0,1238,5565.5,0.316351,8.547335,-0.223694,2.23694,0.223694,5.816044,-2.013246,0.894776,2.8,0.1,2.8,144.5,144.5,106.4,Tripod,Other,,21,5,True,,True,False,,Smart,RC,False,True,False,,,True,,False,False,False,False,False,False,False,False,False,False,0,Follow Yaw,-77.9,0,136.6,136.6,False,False,False,False,False,,0,0,False,False,No Card,100,100,1024,1024,1583,1024,2,False,False,False,False,False,0,False,False,False,False,66,,46.164,,6678,,10044,,46.164,,True,3.848,3.848,3.848,3.848,3.848,3.848,3.848,3.848,3.848,3.848,3.848,3.848,0,,False,False,True,,,,,,,,,,,,,,,False,False,19.856,,104.9,,75.7,,104.9,,1261,124,,23,7,145482.6,19397.68,,Idle,,20,,10,,,20,Go Home,False,False,False,False,False,False,False,False,False,False,False,False,33.8027920380556,-117.4659261431046,4018.9,4018.9,1049.4,396.9,True,1,1,False,False,False,False,,True,False,False,Course Lock,196.8,67,16.4,93,NW,S,2.46,11.4,Calm,False,False,Android,7.0.2,M300 RTK,1ZN7L4R0H1D00F,1W9DL31001461C,1ZMLH8300204F0,1Z6PH74DAP0QN7,"Corona, CA",728.3,5.7,137.7,8.547347,2.013246,0,0,DJI Matrice 300 RTK,M300 RTK,1ZN7L4R0H1D00F,1W9DL31001461C,1ZMLH8300204F0,1Z6PH74DAP0QN7,DJI Pilot,Android,7.0.2,1EF72A62-B7C3-C88D-164E-CE6F8C8424AE,1ZN7L4R0H1D00F,1W9DL31001461C,,1ZMLH8300204F0,1W9DL31001461C,,,,,
2023-11-01,11:34:52.16 AM,10m 29.8s,629.8,33.7941789087277,-117.4741915356728,-25.2,137.7,17.3,1238,5565.6,0.316351,8.547335,-0.223694,2.23694,0.223694,5.816044,-2.013246,0.894776,3,0.2,3,144.5,144.5,140.0,Tripod,Other,,21,5,True,,True,False,,Smart,RC,False,True,False,,,True,,False,False,False,False,False,False,False,False,False,False,0,Follow Yaw,-77.9,0,136.6,136.6,False,False,False,False,False,,0,0,False,False,No Card,100,100,1024,1024,1204,1024,2,False,False,False,False,False,0,False,False,False,False,67,,46.104,,3340,,4986,,46.104,,True,3.848,3.848,3.848,3.848,3.848,3.848,3.848,3.848,3.848,3.848,3.848,3.848,0,,False,False,True,,,,,,,,,,,,,,,False,False,9.936,,104.7,,75.7,,104.9,,1261,124,,23,7,145482.6,19397.68,,Idle,,20,,10,,,20,Go Home,False,False,False,False,False,False,False,False,False,False,False,False,33.8027920380556,-117.4659261431046,4018.9,4018.9,1049.4,396.9,True,1,1,False,False,False,False,,True,False,False,Course Lock,196.8,67,16.4,93,NW,S,2.46,11.4,Calm,False,False,Android,7.0.2,M300 RTK,1ZN7L4R0H1D00F,1W9DL31001461C,1ZMLH8300204F0,1Z6PH74DAP0QN7,"Corona, CA",728.3,5.7,137.7,8.547347,2.013246,0,0,DJI Matrice 300 RTK,M300 RTK,1ZN7L4R0H1D00F,1W9DL31001461C,1ZMLH8300204F0,1Z6PH74DAP0QN7,DJI Pilot,Android,7.0.2,1EF72A62-B7C3-C88D-164E-CE6F8C8424AE,1ZN7L4R0H1D00F,1W9DL31001461C,,1ZMLH8300204F0,1W9DL31001461C,,,,,
2023-11-01,11:34:52.28 AM,10m 29.9s,629.9,33.7941788639076,-117.4741912960673,-24.9,137.7,17.7,1239,5565.7,0.316351,8.547335,-0.223694,2.23694,0.223694,5.816044,-2.013246,0.894776,3,0.4,3,144.4,144.4,102.6,Tripod,Other,,21,5,True,,False,False,,Smart,RC,False,True,False,,,True,,False,False,False,False,False,False,False,False,False,False,0,Follow Yaw,-77.9,0,136.6,136.6,False,False,False,False,False,,0,0,False,False,No Card,100,100,1024,1024,1102,1024,2,False,False,False,False,False,0,False,False,False,False,67,,46.104,,3340,,4986,,46.104,,True,3.848,3.848,3.848,3.848,3.848,3.848,3.848,3.848,3.848,3.848,3.848,3.848,0,,False,False,True,,,,,,,,,,,,,,,False,False,9.936,,104.7,,75.7,,104.9,,1261,124,,23,7,145482.6,19397.68,,Idle,,20,,10,,,20,Go Home,False,False,False,False,False,False,False,False,False,False,False,False,33.8027920380556,-117.4659261431046,4018.9,4018.9,1049.4,396.9,True,1,1,False,False,False,False,,True,False,False,Course Lock,196.8,67,16.4,93,NW,S,2.46,11.4,Calm,False,False,Android,7.0.2,M300 RTK,1ZN7L4R0H1D00F,1W9DL31001461C,1ZMLH8300204F0,1Z6PH74DAP0QN7,"Corona, CA",728.3,5.7,137.7,8.547347,2.013246,0,0,DJI Matrice 300 RTK,M300 RTK,1ZN7L4R0H1D00F,1W9DL31001461C,1ZMLH8300204F0,1Z6PH74DAP0QN7,DJI Pilot,Android,7.0.2,1EF72A62-B7C3-C88D-164E-CE6F8C8424AE,1ZN7L4R0H1D00F,1W9DL31001461C,,1ZMLH8300204F0,1W9DL31001461C,,,,,
2023-11-01,11:34:52.37 AM,10m 30.0s,630.0,33.7941787439761,-117.4741911750069,-24.6,137.7,13.1,1239,5565.7,0,8.547335,0,2.23694,0,5.816044,-1.789552,0.894776,2.7,0.4,2.7,144.4,144.4,,Tripod,Other,,21,5,True,,True,False,,Smart,RC,False,True,False,,,True,,False,False,False,False,False,False,False,False,False,False,0,Follow Yaw,-77.9,0,136.6,136.6,False,False,False,False,False,,0,0,False,False,No Card,100,100,1024,1024,1024,1024,2,False,False,False,False,False,0,False,False,False,False,66,,46.152,,6628,,10044,,46.152,,True,3.848,3.848,3.848,3.848,3.848,3.848,3.848,3.848,3.848,3.848,3.848,3.848,0,,False,False,True,,,,,,,,,,,,,,,False,False,21.472,,104.9,,75.7,,104.9,,1261,124,,23,7,145482.6,19397.68,,Idle,,20,,10,,,20,Go Home,False,False,False,False,False,False,False,False,False,False,False,False,33.8027920380556,-117.4659261431046,4018.9,4018.9,1049.4,396.9,True,1,1,False,False,False,False,,True,False,False,Course Lock,196.8,67,16.4,93,NW,S,2.46,11.4,Calm,False,False,Android,7.0.2,M300 RTK,1ZN7L4R0H1D00F,1W9DL31001461C,1ZMLH8300204F0,1Z6PH74DAP0QN7,"Corona, CA",728.3,5.7,137.7,8.547347,2.013246,0,0,DJI Matrice 300 RTK,M300 RTK,1ZN7L4R0H1D00F,1W9DL31001461C,1ZMLH8300204F0,1Z6PH74DAP0QN7,DJI Pilot,Android,7.0.2,1EF72A62-B7C3-C88D-164E-CE6F8C8424AE,1ZN7L4R0H1D00F,1W9DL31001461C,,1ZMLH8300204F0,1W9DL31001461C,,,,,
2023-11-01,11:34:52.47 AM,10m 30.1s,630.1,33.7941784993843,-117.4741913051798,-24.2,137.7,13.4,1239,5565.8,0,8.547335,0,2.23694,0,5.816044,-1.342164,0.894776,2.5,0.2,2.5,144.3,144.3,,Tripod,Other,,21,5,True,,True,False,,Smart,RC,False,True,False,,,True,,False,False,False,False,False,False,False,False,False,False,0,Follow Yaw,-77.9,0,136.6,136.6,False,False,False,False,False,,0,0,False,False,No Card,100,100,1024,1024,1024,1024,2,False,False,False,False,False,0,False,False,False,False,66,,46.152,,6628,,10044,,46.152,,True,3.848,3.848,3.848,3.848,3.848,3.848,3.848,3.848,3.848,3.848,3.848,3.848,0,,False,False,True,,,,,,,,,,,,,,,False,False,21.472,,104.9,,75.7,,104.9,,1261,124,,23,7,145482.6,19397.68,,Idle,,20,,10,,,20,Go Home,False,False,False,False,False,False,False,False,False,False,False,False,33.8027920380556,-117.4659261431046,4019.0,4019.0,1049.4,396.9,True,1,1,False,False,False,False,,True,False,False,Course Lock,196.8,67,16.4,93,NW,S,2.46,11.4,Calm,False,False,Android,7.0.2,M300 RTK,1ZN7L4R0H1D00F,1W9DL31001461C,1ZMLH8300204F0,1Z6PH74DAP0QN7,"Corona, CA",728.3,5.7,137.7,8.547347,2.013246,0,0,DJI Matrice 300 RTK,M300 RTK,1ZN7L4R0H1D00F,1W9DL31001461C,1ZMLH8300204F0,1Z6PH74DAP0QN7,DJI Pilot,Android,7.0.2,1EF72A62-B7C3-C88D-164E-CE6F8C8424AE,1ZN7L4R0H1D00F,1W9DL31001461C,,1ZMLH8300204F0,1W9DL31001461C,,,,,
2023-11-01,11:34:52.57 AM,10m 30.2s,630.2,33.7941783939816,-117.4741912454125,-23.9,137.7,13.4,1240,5565.9,0,8.547335,0,2.23694,0,5.816044,-0.894776,0.894776,2.5,-0.1,2.5,144.3,144.3,,Tripod,Other,,21,5,True,,True,False,,Smart,RC,False,True,False,,,True,,False,False,False,False,False,False,False,False,False,False,0,Follow Yaw,-77.9,0,136.6,136.6,False,False,False,False,False,,0,0,False,False,No Card,100,100,1024,1024,1024,1024,2,False,False,False,False,False,0,False,False,False,False,66,,46.152,,6628,,10044,,46.152,,True,3.848,3.848,3.848,3.848,3.848,3.848,3.848,3.848,3.848,3.848,3.848,3.848,0,,False,False,True,,,,,,,,,,,,,,,False,False,21.472,,104.9,,75.7,,104.9,,1261,124,,23,7,145482.6,19397.68,,Idle,,20,,10,,,20,Go Home,False,False,False,False,False,False,False,False,False,False,False,False,33.8027920380556,-117.4659261431046,4019.0,4019.0,1049.4,396.9,True,1,1,False,False,False,False,,True,False,False,Course Lock,196.8,67,16.4,93,NW,S,2.46,11.4,Calm,False,False,Android,7.0.2,M300 RTK,1ZN7L4R0H1D00F,1W9DL31001461C,1ZMLH8300204F0,1Z6PH74DAP0QN7,"Corona, CA",728.3,5.7,137.7,8.547347,2.013246,0,0,DJI Matrice 300 RTK,M300 RTK,1ZN7L4R0H1D00F,1W9DL31001461C,1ZMLH8300204F0,1Z6PH74DAP0QN7,DJI Pilot,Android,7.0.2,1EF72A62-B7C3-C88D-164E-CE6F8C8424AE,1ZN7L4R0H1D00F,1W9DL31001461C,,1ZMLH8300204F0,1W9DL31001461C,,,,,
2023-11-01,11:34:52.68 AM,10m 30.3s,630.3,33.7941785013718,-117.474191355711,-23.9,137.7,13.4,1240,5565.9,0,8.547335,0,2.23694,0,5.816044,-0.671082,0.894776,2.6,-0.3,2.6,144.3,144.3,,Tripod,Other,,21,5,True,,True,False,,Smart,RC,False,True,False,,,True,,False,False,False,False,False,False,False,False,False,False,0,Follow Yaw,-77.9,0,136.6,136.6,False,False,False,False,False,,0,0,False,False,No Card,100,100,1024,1024,1024,1024,2,False,False,False,False,False,0,False,False,False,False,66,,46.152,,6628,,10044,,46.152,,True,3.855,3.855,3.855,3.855,3.855,3.855,3.855,3.855,3.855,3.855,3.855,3.855,0,,False,False,True,,,,,,,,,,,,,,,False,False,21.472,,104.9,,75.7,,104.9,,1258,124,,23,7,146319.9,19509.32,,Idle,,20,,10,,,20,Go Home,False,False,False,False,False,False,False,False,False,False,False,False,33.8027920380556,-117.4659261431046,4019.0,4019.0,1049.4,396.9,True,1,1,False,False,False,False,,True,False,False,Course Lock,196.8,67,16.4,93,NW,S,2.46,11.4,Calm,False,True,Android,7.0.2,M300 RTK,1ZN7L4R0H1D00F,1W9DL31001461C,1ZMLH8300204F0,1Z6PH74DAP0QN7,"Corona, CA",728.3,5.7,137.7,8.547347,2.013246,0,0,DJI Matrice 300 RTK,M300 RTK,1ZN7L4R0H1D00F,1W9DL31001461C,1ZMLH8300204F0,1Z6PH74DAP0QN7,DJI Pilot,Android,7.0.2,1EF72A62-B7C3-C88D-164E-CE6F8C8424AE,1ZN7L4R0H1D00F,1W9DL31001461C,,1ZMLH8300204F0,1W9DL31001461C,,,,,
2023-11-01,11:34:52.74 AM,10m 30.4s,630.4,33.7941784449697,-117.4741913373004,-23.9,137.7,10.8,1240,5566.0,0,8.547335,0,2.23694,0,5.816044,-0.447388,0.894776,2.7,-0.2,2.7,144.4,144.4,,Tripod,Other,,21,5,True,,True,False,,Smart,RC,False,True,False,,,True,,False,False,False,False,False,False,False,False,False,False,0,Follow Yaw,-77.9,0,136.6,136.6,False,False,False,False,False,,0,0,False,False,No Card,100,100,1024,1024,1024,1024,2,False,False,False,False,False,0,False,False,False,False,66,,46.152,,6628,,10044,,46.152,,True,3.855,3.855,3.855,3.855,3.855,3.855,3.855,3.855,3.855,3.855,3.855,3.855,0,,False,False,True,,,,,,,,,,,,,,,False,False,21.472,,104.9,,75.7,,104.9,,1258,124,,23,7,146319.9,19509.32,,Idle,,20,,10,,,20,Go Home,False,False,False,False,False,False,False,False,False,False,False,False,33.8027920380556,-117.4659261431046,4019.0,4019.0,1049.4,396.9,True,1,1,False,False,False,False,,True,False,False,Course Lock,196.8,67,16.4,93,NW,S,2.46,11.4,Calm,False,False,Android,7.0.2,M300 RTK,1ZN7L4R0H1D00F,1W9DL31001461C,1ZMLH8300204F0,1Z6PH74DAP0QN7,"Corona, CA",728.3,5.7,137.7,8.547347,2.013246,0,0,DJI Matrice 300 RTK,M300 RTK,1ZN7L4R0H1D00F,1W9DL31001461C,1ZMLH8300204F0,1Z6PH74DAP0QN7,DJI Pilot,Android,7.0.2,1EF72A62-B7C3-C88D-164E-CE6F8C8424AE,1ZN7L4R0H1D00F,1W9DL31001461C,,1ZMLH8300204F0,1W9DL31001461C,,,,,
2023-11-01,11:34:52.84 AM,10m 30.5s,630.5,33.794178453125,-117.47419142824,-23.6,137.7,10.8,1240,5566.0,0,8.547335,0,2.23694,0,5.816044,-0.223694,0.894776,2.6,-0.2,2.6,144.4,144.4,,Tripod,Other,,21,5,True,,True,False,,Smart,RC,False,True,False,,,True,,False,False,False,False,False,False,False,False,False,False,0,Follow Yaw,-77.9,0,136.6,136.6,False,False,False,False,False,,0,0,False,False,No Card,100,100,1024,1024,976,1024,2,False,False,False,False,False,0,False,False,False,False,66,,46.152,,6628,,10044,,46.152,,True,3.855,3.855,3.855,3.855,3.855,3.855,3.855,3.855,3.855,3.855,3.855,3.855,0,,False,False,True,,,,,,,,,,,,,,,False,False,21.472,,104.9,,75.7,,104.9,,1258,124,,23,7,146319.9,19509.32,,Idle,,20,,10,,,20,Go Home,False,False,False,False,False,False,False,False,False,False,False,False,33.8027920380556,-117.4659261431046,4019.0,4019.0,1049.4,396.9,True,1,1,False,False,False,False,,True,False,False,Course Lock,196.8,67,16.4,93,NW,S,2.46,11.4,Calm,False,True,Android,7.0.2,M300 RTK,1ZN7L4R0H1D00F,1W9DL31001461C,1ZMLH8300204F0,1Z6PH74DAP0QN7,"Corona, CA",728.3,5.7,137.7,8.547347,2.013246,0,0,DJI Matrice 300 RTK,M300 RTK,1ZN7L4R0H1D00F,1W9DL31001461C,1ZMLH8300204F0,1Z6PH74DAP0QN7,DJI Pilot,Android,7.0.2,1EF72A62-B7C3-C88D-164E-CE6F8C8424AE,1ZN7L4R0H1D00F,1W9DL31001461C,,1ZMLH8300204F0,1W9DL31001461C,,,,,
2023-11-01,11:34:52.94 AM,10m 30.6s,630.6,33.7941784361976,-117.474191445764,-23.6,137.7,10.8,1240,5566.0,0,8.547335,0,2.23694,0,5.816044,0,0.894776,2.4,-0.1,2.4,144.4,144.4,,Tripod,Other,,21,5,True,,True,False,,Smart,RC,False,True,False,,,True,,False,False,False,False,False,False,False,False,False,False,0,Follow Yaw,-77.9,0,136.6,136.6,False,False,False,False,False,,0,0,False,False,No Card,100,100,1024,1024,1024,1024,2,False,False,False,False,False,0,False,False,False,False,66,,46.152,,6628,,10044,,46.152,,True,3.855,3.855,3.855,3.855,3.855,3.855,3.855,3.855,3.855,3.855,3.855,3.855,0,,False,False,True,,,,,,,,,,,,,,,False,False,21.472,,104.9,,75.7,,104.9,,1258,124,,23,7,146319.9,19509.32,,Idle,,20,,10,,,20,Go Home,False,False,False,False,False,False,False,False,False,False,False,False,33.8027920380556,-117.4659261431046,4019.0,4019.0,1049.4,396.9,True,1,1,False,False,False,False,,True,False,False,Course Lock,196.8,67,16.4,93,NW,S,2.46,11.4,Calm,False,False,Android,7.0.2,M300 RTK,1ZN7L4R0H1D00F,1W9DL31001461C,1ZMLH8300204F0,1Z6PH74DAP0QN7,"Corona, CA",728.3,5.7,137.7,8.547347,2.013246,0,0,DJI Matrice 300 RTK,M300 RTK,1ZN7L4R0H1D00F,1W9DL31001461C,1ZMLH8300204F0,1Z6PH74DAP0QN7,DJI Pilot,Android,7.0.2,1EF72A62-B7C3-C88D-164E-CE6F8C8424AE,1ZN7L4R0H1D00F,1W9DL31001461C,,1ZMLH8300204F0,1W9DL31001461C,,,,,
2023-11-01,11:34:53.04 AM,10m 30.7s,630.7,33.7941783656778,-117.474191263555,-23.6,137.7,11.1,1240,5566.1,0,8.547335,0,2.23694,0,5.816044,0,0.894776,2.2,0,2.2,144.4,144.4,,Tripod,Other,,21,5,True,,True,False,,Smart,RC,False,True,False,,,True,,False,False,False,False,False,False,False,False,False,False,0,Follow Yaw,-77.9,0,136.6,136.6,False,False,False,False,False,,0,0,False,False,No Card,100,100,1024,1024,1024,1024,2,False,False,False,False,False,0,False,False,False,False,66,,46.152,,6628,,10044,,46.152,,True,3.855,3.855,3.855,3.855,3.855,3.855,3.855,3.855,3.855,3.855,3.855,3.855,0,,False,False,True,,,,,,,,,,,,,,,False,False,21.472,,104.9,,75.7,,104.9,,1258,124,,23,7,146319.9,19509.32,,Idle,,20,,10,,,20,Go Home,False,False,False,False,False,False,False,False,False,False,False,False,33.8027920380556,-117.4659261431046,4019.0,4019.0,1049.4,396.9,True,1,1,False,False,False,False,,True,False,False,Course Lock,196.8,67,16.4,93,NW,S,2.46,11.4,Calm,False,False,Android,7.0.2,M300 RTK,1ZN7L4R0H1D00F,1W9DL31001461C,1ZMLH8300204F0,1Z6PH74DAP0QN7,"Corona, CA",728.3,5.7,137.7,8.547347,2.013246,0,0,DJI Matrice 300 RTK,M300 RTK,1ZN7L4R0H1D00F,1W9DL31001461C,1ZMLH8300204F0,1Z6PH74DAP0QN7,DJI Pilot,Android,7.0.2,1EF72A62-B7C3-C88D-164E-CE6F8C8424AE,1ZN7L4R0H1D00F,1W9DL31001461C,,1ZMLH8300204F0,1W9DL31001461C,,,,,
2023-11-01,11:34:53.14 AM,10m 30.8s,630.8,33.7941783712975,-117.4741912895524,-23.6,137.7,11.1,1240,5566.1,0,8.547335,0,2.23694,0,5.816044,0,0.894776,2.3,0.1,2.3,144.5,144.5,,Tripod,Other,,21,5,True,,True,False,,Smart,RC,False,True,False,,,True,,False,False,False,False,False,False,False,False,False,False,0,Follow Yaw,-77.9,0,136.6,136.6,False,False,False,False,False,,0,0,False,False,No Card,100,100,1024,1024,1024,1024,2,False,False,False,False,False,0,False,False,False,False,66,,46.152,,6628,,10044,,46.152,,True,3.855,3.855,3.855,3.855,3.855,3.855,3.855,3.855,3.855,3.855,3.855,3.855,0,,False,False,True,,,,,,,,,,,,,,,False,False,21.472,,104.9,,75.7,,104.9,,1258,124,,23,7,146319.9,19509.32,,Idle,,20,,10,,,20,Go Home,False,False,False,False,False,False,False,False,False,False,False,False,33.8027920380556,-117.4659261431046,4019.0,4019.0,1049.4,396.9,True,1,1,False,False,False,False,,True,False,False,Course Lock,196.8,67,16.4,93,NW,S,2.46,11.4,Calm,False,True,Android,7.0.2,M300 RTK,1ZN7L4R0H1D00F,1W9DL31001461C,1ZMLH8300204F0,1Z6PH74DAP0QN7,"Corona, CA",728.3,5.7,137.7,8.547347,2.013246,0,0,DJI Matrice 300 RTK,M300 RTK,1ZN7L4R0H1D00F,1W9DL31001461C,1ZMLH8300204F0,1Z6PH74DAP0QN7,DJI Pilot,Android,7.0.2,1EF72A62-B7C3-C88D-164E-CE6F8C8424AE,1ZN7L4R0H1D00F,1W9DL31001461C,,1ZMLH8300204F0,1W9DL31001461C,,,,,
2023-11-01,11:34:53.24 AM,10m 30.9s,630.9,33.7941785494129,-117.4741912408974,-23.6,137.7,11.4,1240,5566.1,0,8.547335,0,2.23694,0,5.816044,0,0.894776,2.2,0.2,2.2,144.5,144.5,,Tripod,Other,,21,5,True,,True,False,,Smart,RC,False,True,False,,,True,,False,False,False,False,False,False,False,False,False,False,0,Follow Yaw,-77.9,0,136.6,136.6,False,False,False,False,False,,0,0,False,False,No Card,100,100,1024,1041,1024,1024,2,False,False,False,False,False,0,False,False,False,False,66,,46.152,,6628,,10044,,46.152,,True,3.855,3.855,3.855,3.855,3.855,3.855,3.855,3.855,3.855,3.855,3.855,3.855,0,,False,False,True,,,,,,,,,,,,,,,False,False,21.472,,104.9,,75.7,,104.9,,1258,124,,23,7,146319.9,19509.32,,Idle,,20,,10,,,20,Go Home,False,False,False,False,False,False,False,False,False,False,False,False,33.8027920380556,-117.4659261431046,4018.9,4019.0,1049.4,396.9,True,1,1,False,False,False,False,,True,False,False,Course Lock,196.8,67,16.4,93,NW,S,2.46,11.4,Calm,False,True,Android,7.0.2,M300 RTK,1ZN7L4R0H1D00F,1W9DL31001461C,1ZMLH8300204F0,1Z6PH74DAP0QN7,"Corona, CA",728.3,5.7,137.7,8.547347,2.013246,0,0,DJI Matrice 300 RTK,M300 RTK,1ZN7L4R0H1D00F,1W9DL31001461C,1ZMLH8300204F0,1Z6PH74DAP0QN7,DJI Pilot,Android,7.0.2,1EF72A62-B7C3-C88D-164E-CE6F8C8424AE,1ZN7L4R0H1D00F,1W9DL31001461C,,1ZMLH8300204F0,1W9DL31001461C,,,,,
2023-11-01,11:34:53.30 AM,10m 31.0s,631.0,33.7941785901211,-117.4741912869136,-23.6,137.7,11.4,1240,5566.2,0,8.547335,0,2.23694,0,5.816044,0,0.894776,2.1,0.2,2.1,144.6,144.6,,Tripod,Other,,21,5,True,,True,False,,Smart,RC,False,True,False,,,True,,False,False,False,False,False,False,False,False,False,False,0,Follow Yaw,-77.9,0,136.6,136.6,False,False,False,False,False,,0,0,False,False,No Card,100,100,1024,1079,1024,1024,2,False,False,False,False,False,0,False,False,False,False,66,,46.092,,6628,,10044,,46.092,,True,3.855,3.855,3.855,3.855,3.855,3.855,3.855,3.855,3.855,3.855,3.855,3.855,0,,False,False,True,,,,,,,,,,,,,,,False,False,20.914,,105.0,,75.7,,105.0,,1258,124,,23,7,146319.9,19509.32,,Idle,,20,,10,,,20,Go Home,False,False,False,False,False,False,False,False,False,False,False,False,33.8027920380556,-117.4659261431046,4018.9,4019.0,1049.4,396.9,True,1,1,False,False,False,False,,True,False,False,Course Lock,196.8,67,16.4,93,NW,S,2.46,11.4,Calm,False,True,Android,7.0.2,M300 RTK,1ZN7L4R0H1D00F,1W9DL31001461C,1ZMLH8300204F0,1Z6PH74DAP0QN7,"Corona, CA",728.3,5.7,137.7,8.547347,2.013246,0,0,DJI Matrice 300 RTK,M300 RTK,1ZN7L4R0H1D00F,1W9DL31001461C,1ZMLH8300204F0,1Z6PH74DAP0QN7,DJI Pilot,Android,7.0.2,1EF72A62-B7C3-C88D-164E-CE6F8C8424AE,1ZN7L4R0H1D00F,1W9DL31001461C,,1ZMLH8300204F0,1W9DL31001461C,,,,,
2023-11-01,11:34:53.44 AM,10m 31.1s,631.1,33.7941786463176,-117.4741910344021,-23.6,137.7,11.4,1240,5566.2,0,8.547335,0,2.23694,0,5.816044,0,0.894776,2,0.1,2,144.5,144.5,,Tripod,Other,,21,5,True,,True,False,,Smart,RC,False,True,False,,,True,,False,False,False,False,False,False,False,False,False,False,0,Follow Yaw,-77.9,0,136.6,136.6,False,False,False,False,False,,0,0,False,False,No Card,100,100,1024,1101,1024,1024,2,False,False,False,False,False,0,False,False,False,False,66,,46.092,,6628,,10044,,46.092,,True,3.855,3.855,3.855,3.855,3.855,3.855,3.855,3.855,3.855,3.855,3.855,3.855,0,,False,False,True,,,,,,,,,,,,,,,False,False,20.914,,105.0,,75.7,,105.0,,1258,124,,23,7,146319.9,19509.32,,Idle,,20,,10,,,20,Go Home,False,False,False,False,False,False,False,False,False,False,False,False,33.8027920380556,-117.4659261431046,4018.9,4019.0,1049.4,396.9,True,1,1,False,False,False,False,,True,False,False,Course Lock,196.8,67,16.4,93,NW,S,2.46,11.4,Calm,False,False,Android,7.0.2,M300 RTK,1ZN7L4R0H1D00F,1W9DL31001461C,1ZMLH8300204F0,1Z6PH74DAP0QN7,"Corona, CA",728.3,5.7,137.7,8.547347,2.013246,0,0,DJI Matrice 300 RTK,M300 RTK,1ZN7L4R0H1D00F,1W9DL31001461C,1ZMLH8300204F0,1Z6PH74DAP0QN7,DJI Pilot,Android,7.0.2,1EF72A62-B7C3-C88D-164E-CE6F8C8424AE,1ZN7L4R0H1D00F,1W9DL31001461C,,1ZMLH8300204F0,1W9DL31001461C,,,,,
2023-11-01,11:34:53.54 AM,10m 31.2s,631.2,33.7941787027196,-117.4741910842529,-23.9,137.7,11.4,1240,5566.3,0,8.547335,0,2.23694,0,5.816044,0,0.894776,1.9,0,1.9,144.5,144.5,,Tripod,Other,,21,5,True,,True,False,,Smart,RC,False,True,False,,,True,,False,False,False,False,False,False,False,False,False,False,0,Follow Yaw,-77.9,0,136.6,136.6,False,False,False,False,False,,0,0,False,False,No Card,100,100,1024,1194,1024,1024,2,False,False,False,False,False,0,False,False,False,False,66,,46.092,,6628,,10044,,46.092,,True,3.855,3.855,3.855,3.855,3.855,3.855,3.855,3.855,3.855,3.855,3.855,3.855,0,,False,False,True,,,,,,,,,,,,,,,False,False,20.914,,105.0,,75.7,,105.0,,1258,124,,23,7,146319.9,19509.32,,Idle,,20,,10,,,20,Go Home,False,False,False,False,False,False,False,False,False,False,False,False,33.8027920380556,-117.4659261431046,4018.9,4019.0,1049.4,396.9,True,1,1,False,False,False,False,,True,False,False,Course Lock,196.8,67,16.4,93,NW,S,2.46,11.4,Calm,False,True,Android,7.0.2,M300 RTK,1ZN7L4R0H1D00F,1W9DL31001461C,1ZMLH8300204F0,1Z6PH74DAP0QN7,"Corona, CA",728.3,5.7,137.7,8.547347,2.013246,0,0,DJI Matrice 300 RTK,M300 RTK,1ZN7L4R0H1D00F,1W9DL31001461C,1ZMLH8300204F0,1Z6PH74DAP0QN7,DJI Pilot,Android,7.0.2,1EF72A62-B7C3-C88D-164E-CE6F8C8424AE,1ZN7L4R0H1D00F,1W9DL31001461C,,1ZMLH8300204F0,1W9DL31001461C,,,,,
2023-11-01,11:34:53.64 AM,10m 31.3s,631.3,33.7941788386192,-117.4741914673908,-23.9,137.7,11.4,1240,5566.4,0,8.547335,0,2.23694,0,5.816044,0,0.894776,1.7,0,1.7,144.5,144.5,,Tripod,Other,,21,5,True,,True,False,,Smart,RC,False,True,False,,,True,,False,False,False,False,False,False,False,False,False,False,0,Follow Yaw,-77.9,0,136.6,136.6,False,False,False,False,False,,0,0,False,False,No Card,100,100,1024,1294,1024,1024,2,False,False,False,False,False,0,False,False,False,False,66,,46.092,,6628,,10044,,46.092,,True,3.84,3.84,3.84,3.84,3.84,3.84,3.84,3.84,3.84,3.84,3.84,3.84,0,,False,False,True,,,,,,,,,,,,,,,False,False,20.914,,105.0,,75.7,,105.0,,1253,124,,22,7,147712.0,19694.93,,Idle,,20,,10,,,20,Go Home,False,False,False,False,False,False,False,False,False,False,False,False,33.8027920380556,-117.4659261431046,4018.9,4019.0,1049.4,396.9,True,1,1,False,False,False,False,,True,False,False,Course Lock,196.8,67,16.4,93,NW,S,2.46,11.4,Calm,False,True,Android,7.0.2,M300 RTK,1ZN7L4R0H1D00F,1W9DL31001461C,1ZMLH8300204F0,1Z6PH74DAP0QN7,"Corona, CA",728.3,5.7,137.7,8.547347,2.013246,0,0,DJI Matrice 300 RTK,M300 RTK,1ZN7L4R0H1D00F,1W9DL31001461C,1ZMLH8300204F0,1Z6PH74DAP0QN7,DJI Pilot,Android,7.0.2,1EF72A62-B7C3-C88D-164E-CE6F8C8424AE,1ZN7L4R0H1D00F,1W9DL31001461C,,1ZMLH8300204F0,1W9DL31001461C,,,,,
2023-11-01,11:34:53.74 AM,10m 31.4s,631.4,33.7941789140047,-117.474191559155,-23.9,137.7,11.4,1240,5566.4,0,8.547335,0,2.23694,0,5.816044,0,0.894776,1.3,-0.1,1.3,144.6,144.6,,Tripod,Other,,21,5,True,,False,False,,Smart,RC,False,True,False,,,True,,False,False,False,False,False,False,False,False,False,False,0,Follow Yaw,-77.9,0,136.6,136.6,False,False,False,False,False,,0,0,False,False,No Card,100,100,1024,1337,1024,1024,2,False,False,False,False,False,0,False,False,False,False,66,,46.092,,6628,,10044,,46.092,,True,3.84,3.84,3.84,3.84,3.84,3.84,3.84,3.84,3.84,3.84,3.84,3.84,0,,False,False,True,,,,,,,,,,,,,,,False,False,20.914,,105.0,,75.7,,105.0,,1253,124,,22,7,147712.0,19694.93,,Idle,,20,,10,,,20,Go Home,False,False,False,False,False,False,False,False,False,False,False,False,33.8027920380556,-117.4659261431046,4018.9,4019.0,1049.4,396.9,True,1,1,False,False,False,False,,True,False,False,Course Lock,196.8,67,16.4,93,NW,S,2.46,11.4,Calm,False,True,Android,7.0.2,M300 RTK,1ZN7L4R0H1D00F,1W9DL31001461C,1ZMLH8300204F0,1Z6PH74DAP0QN7,"Corona, CA",728.3,5.7,137.7,8.547347,2.013246,0,0,DJI Matrice 300 RTK,M300 RTK,1ZN7L4R0H1D00F,1W9DL31001461C,1ZMLH8300204F0,1Z6PH74DAP0QN7,DJI Pilot,Android,7.0.2,1EF72A62-B7C3-C88D-164E-CE6F8C8424AE,1ZN7L4R0H1D00F,1W9DL31001461C,,1ZMLH8300204F0,1W9DL31001461C,,,,,
2023-11-01,11:34:53.84 AM,10m 31.5s,631.5,33.7941788349184,-117.4741914860076,-23.9,137.7,11.4,1240,5566.5,0,8.547335,0,2.23694,0,5.816044,0,0.894776,0.5,-0.1,0.5,144.6,144.6,,Tripod,Other,,21,5,True,,False,False,,Smart,RC,False,True,False,,,True,,False,False,False,False,False,False,False,False,False,False,0,Follow Yaw,-77.9,0,136.6,136.6,False,False,False,False,False,,0,0,False,False,No Card,100,100,1024,1337,1024,1024,2,False,False,False,False,False,0,False,False,False,False,66,,46.092,,6628,,10044,,46.092,,True,3.84,3.84,3.84,3.84,3.84,3.84,3.84,3.84,3.84,3.84,3.84,3.84,0,,False,False,True,,,,,,,,,,,,,,,False,False,20.914,,105.0,,75.7,,105.0,,1253,124,,22,7,147712.0,19694.93,,Idle,,20,,10,,,20,Go Home,False,False,False,False,False,False,False,False,False,False,False,False,33.8027920380556,-117.4659261431046,4018.9,4019.0,1049.4,396.9,True,1,1,False,False,False,False,,True,False,False,Course Lock,196.8,67,16.4,93,NW,S,2.46,11.4,Calm,False,False,Android,7.0.2,M300 RTK,1ZN7L4R0H1D00F,1W9DL31001461C,1ZMLH8300204F0,1Z6PH74DAP0QN7,"Corona, CA",728.3,5.7,137.7,8.547347,2.013246,0,0,DJI Matrice 300 RTK,M300 RTK,1ZN7L4R0H1D00F,1W9DL31001461C,1ZMLH8300204F0,1Z6PH74DAP0QN7,DJI Pilot,Android,7.0.2,1EF72A62-B7C3-C88D-164E-CE6F8C8424AE,1ZN7L4R0H1D00F,1W9DL31001461C,,1ZMLH8300204F0,1W9DL31001461C,,,,,
2023-11-01,11:34:53.94 AM,10m 31.6s,631.6,33.7941788944045,-117.4741915533618,-23.9,137.7,11.4,1240,5566.5,0,8.547335,0,2.23694,0,5.816044,0,0.894776,-0.5,0,0.5,144.6,144.6,,Tripod,Other,,21,5,True,,False,False,,Smart,RC,False,True,False,,,True,,False,False,False,False,False,False,False,False,False,False,0,Follow Yaw,-77.9,0,136.6,136.6,False,False,False,False,False,,0,0,False,False,No Card,100,100,1024,1378,1024,1024,2,False,False,False,False,False,0,False,False,False,False,66,,46.092,,6628,,10044,,46.092,,True,3.84,3.84,3.84,3.84,3.84,3.84,3.84,3.84,3.84,3.84,3.84,3.84,0,,False,False,True,,,,,,,,,,,,,,,False,False,20.914,,105.0,,75.7,,105.0,,1253,124,,22,7,147712.0,19694.93,,Idle,,20,,10,,,20,Go Home,False,False,False,False,False,False,False,False,False,False,False,False,33.8027920380556,-117.4659261431046,4018.9,4019.0,1049.4,396.9,True,1,1,False,False,False,False,,True,False,False,Course Lock,196.8,67,16.4,93,NW,S,2.46,11.4,Calm,False,True,Android,7.0.2,M300 RTK,1ZN7L4R0H1D00F,1W9DL31001461C,1ZMLH8300204F0,1Z6PH74DAP0QN7,"Corona, CA",728.3,5.7,137.7,8.547347,2.013246,0,0,DJI Matrice 300 RTK,M300 RTK,1ZN7L4R0H1D00F,1W9DL31001461C,1ZMLH8300204F0,1Z6PH74DAP0QN7,DJI Pilot,Android,7.0.2,1EF72A62-B7C3-C88D-164E-CE6F8C8424AE,1ZN7L4R0H1D00F,1W9DL31001461C,,1ZMLH8300204F0,1W9DL31001461C,,,,,
2023-11-01,11:34:54.02 AM,10m 31.7s,631.7,33.7941789216118,-117.4741917063572,-23.9,137.7,11.4,1240,5566.5,0,8.547335,0,2.23694,0,5.816044,0,0.894776,-1.4,0,1.4,144.6,144.6,,Tripod,Other,,21,5,True,,False,False,,Smart,RC,False,True,False,,,True,,False,False,False,False,False,False,False,False,False,False,0,Follow Yaw,-77.9,0,136.6,136.6,False,False,False,False,False,,0,0,False,False,No Card,100,100,1024,1418,1024,1024,2,False,False,False,False,False,0,False,False,False,False,66,,46.092,,6628,,10044,,46.092,,True,3.84,3.84,3.84,3.84,3.84,3.84,3.84,3.84,3.84,3.84,3.84,3.84,0,,False,False,True,,,,,,,,,,,,,,,False,False,20.914,,105.0,,75.7,,105.0,,1253,124,,22,7,147712.0,19694.93,,Idle,,20,,10,,,20,Go Home,False,False,False,False,False,False,False,False,False,False,False,False,33.8027920380556,-117.4659261431046,4018.9,4019.0,1049.4,396.9,True,1,1,False,False,False,False,,True,False,False,Course Lock,196.8,67,16.4,93,NW,S,2.46,11.4,Calm,False,True,Android,7.0.2,M300 RTK,1ZN7L4R0H1D00F,1W9DL31001461C,1ZMLH8300204F0,1Z6PH74DAP0QN7,"Corona, CA",728.3,5.7,137.7,8.547347,2.013246,0,0,DJI Matrice 300 RTK,M300 RTK,1ZN7L4R0H1D00F,1W9DL31001461C,1ZMLH8300204F0,1Z6PH74DAP0QN7,DJI Pilot,Android,7.0.2,1EF72A62-B7C3-C88D-164E-CE6F8C8424AE,1ZN7L4R0H1D00F,1W9DL31001461C,,1ZMLH8300204F0,1W9DL31001461C,,,,,
2023-11-01,11:34:54.12 AM,10m 31.8s,631.8,33.7941789232566,-117.4741917366222,-23.9,137.7,11.4,1240,5566.5,0,8.547335,0,2.23694,0,5.816044,0,0.894776,-2.2,0,2.2,144.7,144.7,,Tripod,Other,,21,5,True,,False,False,,Smart,RC,False,True,False,,,True,,False,False,False,False,False,False,False,False,False,False,0,Follow Yaw,-77.9,0,136.6,136.6,False,False,False,False,False,,0,0,False,False,No Card,100,100,1024,1425,1024,1024,2,False,False,False,False,False,0,False,False,False,False,66,,46.092,,6628,,10044,,46.092,,True,3.84,3.84,3.84,3.84,3.84,3.84,3.84,3.84,3.84,3.84,3.84,3.84,0,,False,False,True,,,,,,,,,,,,,,,False,False,20.914,,105.0,,75.7,,105.0,,1253,124,,22,7,147712.0,19694.93,,Idle,,20,,10,,,20,Go Home,False,False,False,False,False,False,False,False,False,False,False,False,33.8027920380556,-117.4659261431046,4018.9,4019.0,1049.4,396.9,True,1,1,False,False,False,False,,True,False,False,Course Lock,196.8,67,16.4,93,NW,S,2.46,11.4,Calm,False,True,Android,7.0.2,M300 RTK,1ZN7L4R0H1D00F,1W9DL31001461C,1ZMLH8300204F0,1Z6PH74DAP0QN7,"Corona, CA",728.3,5.7,137.7,8.547347,2.013246,0,0,DJI Matrice 300 RTK,M300 RTK,1ZN7L4R0H1D00F,1W9DL31001461C,1ZMLH8300204F0,1Z6PH74DAP0QN7,DJI Pilot,Android,7.0.2,1EF72A62-B7C3-C88D-164E-CE6F8C8424AE,1ZN7L4R0H1D00F,1W9DL31001461C,,1ZMLH8300204F0,1W9DL31001461C,,,,,
2023-11-01,11:34:54.24 AM,10m 31.9s,631.9,33.7941788330681,-117.4741916172318,-23.9,137.7,11.4,1240,5566.6,0.223694,8.547335,-0.223694,2.23694,0,5.816044,0,0.894776,-2.8,-0.1,2.8,144.7,144.7,132.2,Tripod,Other,,21,5,True,,False,False,,Smart,RC,False,True,False,,,True,,False,False,False,False,False,False,False,False,False,False,0,Follow Yaw,-77.9,0,136.6,136.6,False,False,False,False,False,,0,0,False,False,No Card,100,100,1024,1449,1024,1024,2,False,False,False,False,False,0,False,False,False,False,66,,46.44,,6628,,10044,,46.44,,True,3.84,3.84,3.84,3.84,3.84,3.84,3.84,3.84,3.84,3.84,3.84,3.84,0,,False,False,True,,,,,,,,,,,,,,,False,False,17.09,,105.0,,75.7,,105.0,,1253,124,,22,7,147712.0,19694.93,,Idle,,20,,10,,,20,Go Home,False,False,False,False,False,False,False,False,False,False,False,False,33.8027920380556,-117.4659261431046,4018.9,4019.0,1049.4,396.9,True,1,1,False,False,False,False,,True,False,False,Course Lock,196.8,67,16.4,93,NW,S,2.46,11.4,Calm,False,False,Android,7.0.2,M300 RTK,1ZN7L4R0H1D00F,1W9DL31001461C,1ZMLH8300204F0,1Z6PH74DAP0QN7,"Corona, CA",728.3,5.7,137.7,8.547347,2.013246,0,0,DJI Matrice 300 RTK,M300 RTK,1ZN7L4R0H1D00F,1W9DL31001461C,1ZMLH8300204F0,1Z6PH74DAP0QN7,DJI Pilot,Android,7.0.2,1EF72A62-B7C3-C88D-164E-CE6F8C8424AE,1ZN7L4R0H1D00F,1W9DL31001461C,,1ZMLH8300204F0,1W9DL31001461C,,,,,
2023-11-01,11:34:54.34 AM,10m 32.0s,632.0,33.7941787391103,-117.4741915623918,-23.9,137.7,11.4,1240,5566.6,0.223694,8.547335,-0.223694,2.23694,0,5.816044,0,0.894776,-3.2,-0.2,3.2,144.7,144.7,154.1,Tripod,Other,,21,5,True,,False,False,,Smart,RC,False,True,False,,,True,,False,False,False,False,False,False,False,False,False,False,0,Follow Yaw,-77.9,0,136.6,136.6,False,False,False,False,False,,0,0,False,False,No Card,100,100,1024,1452,1024,1024,2,False,False,False,False,False,0,False,False,False,False,66,,46.44,,6628,,10044,,46.44,,True,3.84,3.84,3.84,3.84,3.84,3.84,3.84,3.84,3.84,3.84,3.84,3.84,0,,False,False,True,,,,,,,,,,,,,,,False,False,17.09,,105.0,,75.7,,105.0,,1253,124,,22,7,147712.0,19694.93,,Idle,,20,,10,,,20,Go Home,False,False,False,False,False,False,False,False,False,False,False,False,33.8027920380556,-117.4659261431046,4019.0,4019.0,1049.4,396.9,True,1,1,False,False,False,False,,True,False,False,Course Lock,196.8,67,16.4,93,NW,S,2.46,11.4,Calm,False,False,Android,7.0.2,M300 RTK,1ZN7L4R0H1D00F,1W9DL31001461C,1ZMLH8300204F0,1Z6PH74DAP0QN7,"Corona, CA",728.3,5.7,137.7,8.547347,2.013246,0,0,DJI Matrice 300 RTK,M300 RTK,1ZN7L4R0H1D00F,1W9DL31001461C,1ZMLH8300204F0,1Z6PH74DAP0QN7,DJI Pilot,Android,7.0.2,1EF72A62-B7C3-C88D-164E-CE6F8C8424AE,1ZN7L4R0H1D00F,1W9DL31001461C,,1ZMLH8300204F0,1W9DL31001461C,,,,,
2023-11-01,11:34:54.43 AM,10m 32.1s,632.1,33.794178749116,-117.4741914246321,-23.9,137.7,11.4,1240,5566.7,0.500194,8.547335,-0.447388,2.23694,0.223694,5.816044,0,0.894776,-3.6,-0.2,3.6,144.7,144.7,85.0,Tripod,Other,,21,5,True,,False,False,,Smart,RC,False,True,False,,,True,,False,False,False,False,False,False,False,False,False,False,0,Follow Yaw,-77.9,0,136.6,136.6,False,False,False,False,False,,0,0,False,False,No Card,100,100,1024,1457,1024,1024,2,False,False,False,False,False,0,False,False,False,False,66,,46.44,,6628,,10044,,46.44,,True,3.84,3.84,3.84,3.84,3.84,3.84,3.84,3.84,3.84,3.84,3.84,3.84,0,,False,False,True,,,,,,,,,,,,,,,False,False,17.09,,105.0,,75.7,,105.0,,1253,124,,22,7,147712.0,19694.93,,Idle,,20,,10,,,20,Go Home,False,False,False,False,False,False,False,False,False,False,False,False,33.8027920380556,-117.4659261431046,4018.9,4019.0,1049.4,396.9,True,1,1,False,False,False,False,,True,False,False,Course Lock,196.8,67,16.4,93,NW,S,2.23,11.4,Calm,False,False,Android,7.0.2,M300 RTK,1ZN7L4R0H1D00F,1W9DL31001461C,1ZMLH8300204F0,1Z6PH74DAP0QN7,"Corona, CA",728.3,5.7,137.7,8.547347,2.013246,0,0,DJI Matrice 300 RTK,M300 RTK,1ZN7L4R0H1D00F,1W9DL31001461C,1ZMLH8300204F0,1Z6PH74DAP0QN7,DJI Pilot,Android,7.0.2,1EF72A62-B7C3-C88D-164E-CE6F8C8424AE,1ZN7L4R0H1D00F,1W9DL31001461C,,1ZMLH8300204F0,1W9DL31001461C,,,,,
2023-11-01,11:34:54.54 AM,10m 32.2s,632.2,33.7941785589389,-117.4741912659465,-23.9,137.7,11.4,1240,5566.8,0.500194,8.547335,-0.447388,2.23694,0.223694,5.816044,0,0.894776,-3.9,-0.1,3.9,144.8,144.8,145.2,Tripod,Other,,21,5,True,,False,False,,Smart,RC,False,True,False,,,True,,False,False,False,False,False,False,False,False,False,False,0,Follow Yaw,-77.9,0,136.6,136.6,False,False,False,False,False,,0,0,False,False,No Card,100,100,1024,1465,1024,1024,2,False,False,False,False,False,0,False,False,False,False,66,,46.44,,6628,,10044,,46.44,,True,3.84,3.84,3.84,3.84,3.84,3.84,3.84,3.84,3.84,3.84,3.84,3.84,0,,False,False,True,,,,,,,,,,,,,,,False,False,17.09,,105.0,,75.7,,105.0,,1253,124,,22,7,147712.0,19694.93,,Idle,,20,,10,,,20,Go Home,False,False,False,False,False,False,False,False,False,False,False,False,33.8027920380556,-117.4659261431046,4018.9,4019.0,1049.4,396.9,True,1,1,False,False,False,False,,True,False,False,Course Lock,196.8,67,16.4,93,NW,S,2.23,11.4,Calm,False,False,Android,7.0.2,M300 RTK,1ZN7L4R0H1D00F,1W9DL31001461C,1ZMLH8300204F0,1Z6PH74DAP0QN7,"Corona, CA",728.3,5.7,137.7,8.547347,2.013246,0,0,DJI Matrice 300 RTK,M300 RTK,1ZN7L4R0H1D00F,1W9DL31001461C,1ZMLH8300204F0,1Z6PH74DAP0QN7,DJI Pilot,Android,7.0.2,1EF72A62-B7C3-C88D-164E-CE6F8C8424AE,1ZN7L4R0H1D00F,1W9DL31001461C,,1ZMLH8300204F0,1W9DL31001461C,,,,,
2023-11-01,11:34:54.63 AM,10m 32.3s,632.3,33.7941783294927,-117.4741911969842,-23.9,137.7,11.4,1240,5566.8,0.80654,8.547335,-0.671082,2.23694,0.447388,5.816044,0,0.894776,-4.2,-0.2,4.2,144.8,144.8,165.9,Tripod,Other,,21,5,True,,False,False,,Smart,RC,False,True,False,,,True,,False,False,False,False,False,False,False,False,False,False,0,Follow Yaw,-77.9,0,136.6,136.6,False,False,False,False,False,,0,0,False,False,No Card,100,100,1024,1469,1024,1024,2,False,False,False,False,False,0,False,False,False,False,66,,46.44,,6628,,10044,,46.44,,True,3.858,3.858,3.858,3.858,3.858,3.858,3.858,3.858,3.858,3.858,3.858,3.858,0,,False,False,True,,,,,,,,,,,,,,,False,False,17.09,,105.0,,75.7,,105.0,,1248,124,,22,7,148847.3,19846.31,,Idle,,20,,10,,,20,Go Home,False,False,False,False,False,False,False,False,False,False,False,False,33.8027920380556,-117.4659261431046,4019.0,4019.0,1049.4,396.9,True,1,1,False,False,False,False,,True,False,False,Course Lock,196.8,67,16.4,93,NW,S,2.23,11.4,Calm,False,False,Android,7.0.2,M300 RTK,1ZN7L4R0H1D00F,1W9DL31001461C,1ZMLH8300204F0,1Z6PH74DAP0QN7,"Corona, CA",728.3,5.7,137.7,8.547347,2.013246,0,0,DJI Matrice 300 RTK,M300 RTK,1ZN7L4R0H1D00F,1W9DL31001461C,1ZMLH8300204F0,1Z6PH74DAP0QN7,DJI Pilot,Android,7.0.2,1EF72A62-B7C3-C88D-164E-CE6F8C8424AE,1ZN7L4R0H1D00F,1W9DL31001461C,,1ZMLH8300204F0,1W9DL31001461C,,,,,
2023-11-01,11:34:54.74 AM,10m 32.4s,632.4,33.7941780201379,-117.47419093903,-23.9,137.7,11.4,1240,5567.0,1.000389,8.547335,-0.894776,2.23694,0.447388,5.816044,0,0.894776,-4.4,-0.2,4.4,144.8,144.8,145.2,Tripod,Other,,21,5,True,,False,False,,Smart,RC,False,True,False,,,True,,False,False,False,False,False,False,False,False,False,False,0,Follow Yaw,-77.9,0,136.6,136.6,False,False,False,False,False,,0,0,False,False,No Card,100,100,1024,1470,1024,1024,2,False,False,False,False,False,0,False,False,False,False,66,,46.44,,6628,,10044,,46.44,,True,3.858,3.858,3.858,3.858,3.858,3.858,3.858,3.858,3.858,3.858,3.858,3.858,0,,False,False,True,,,,,,,,,,,,,,,False,False,17.09,,105.0,,75.7,,105.0,,1248,124,,22,7,148847.3,19846.31,,Idle,,20,,10,,,20,Go Home,False,False,False,False,False,False,False,False,False,False,False,False,33.8027920380556,-117.4659261431046,4019.0,4019.0,1049.4,396.9,True,1,1,False,False,False,False,,True,False,False,Course Lock,196.8,67,16.4,93,NW,S,2.23,11.4,Calm,False,False,Android,7.0.2,M300 RTK,1ZN7L4R0H1D00F,1W9DL31001461C,1ZMLH8300204F0,1Z6PH74DAP0QN7,"Corona, CA",728.3,5.7,137.7,8.547347,2.013246,0,0,DJI Matrice 300 RTK,M300 RTK,1ZN7L4R0H1D00F,1W9DL31001461C,1ZMLH8300204F0,1Z6PH74DAP0QN7,DJI Pilot,Android,7.0.2,1EF72A62-B7C3-C88D-164E-CE6F8C8424AE,1ZN7L4R0H1D00F,1W9DL31001461C,,1ZMLH8300204F0,1W9DL31001461C,,,,,
2023-11-01,11:34:54.84 AM,10m 32.5s,632.5,33.7941776311486,-117.4741905070309,-23.9,137.7,11.4,1240,5567.2,1.11847,8.547335,-0.894776,2.23694,0.671082,5.816044,0,0.894776,-4.6,-0.2,4.6,144.9,144.9,137.2,Tripod,Other,,21,5,True,,False,False,,Smart,RC,False,True,False,,,True,,False,False,False,False,False,False,False,False,False,False,0,Follow Yaw,-77.9,0,136.6,136.6,False,False,False,False,False,,0,0,False,False,No Card,100,100,1024,1447,1024,1024,2,False,False,False,False,False,0,False,False,False,False,66,,46.44,,6628,,10044,,46.44,,True,3.858,3.858,3.858,3.858,3.858,3.858,3.858,3.858,3.858,3.858,3.858,3.858,0,,False,False,True,,,,,,,,,,,,,,,False,False,17.09,,105.0,,75.7,,105.0,,1248,124,,22,7,148847.3,19846.31,,Idle,,20,,10,,,20,Go Home,False,False,False,False,False,False,False,False,False,False,False,False,33.8027920380556,-117.4659261431046,4019.1,4019.1,1049.4,396.9,True,1,1,False,False,False,False,,True,False,False,Course Lock,196.8,67,16.4,93,NW,S,2.23,11.4,Calm,False,False,Android,7.0.2,M300 RTK,1ZN7L4R0H1D00F,1W9DL31001461C,1ZMLH8300204F0,1Z6PH74DAP0QN7,"Corona, CA",728.3,5.7,137.7,8.547347,2.013246,0,0,DJI Matrice 300 RTK,M300 RTK,1ZN7L4R0H1D00F,1W9DL31001461C,1ZMLH8300204F0,1Z6PH74DAP0QN7,DJI Pilot,Android,7.0.2,1EF72A62-B7C3-C88D-164E-CE6F8C8424AE,1ZN7L4R0H1D00F,1W9DL31001461C,,1ZMLH8300204F0,1W9DL31001461C,,,,,
2023-11-01,11:34:54.94 AM,10m 32.6s,632.6,33.794177190623,-117.4741901205119,-23.9,137.7,11.4,1240,5567.4,1.304348,8.547335,-1.11847,2.23694,0.671082,5.816044,0,0.894776,-4.7,-0.2,4.7,144.9,144.9,143.9,Tripod,Other,,21,5,True,,False,False,,Smart,RC,False,True,False,,,True,,False,False,False,False,False,False,False,False,False,False,0,Follow Yaw,-77.9,0,136.6,136.6,False,False,False,False,False,,0,0,False,False,No Card,100,100,1024,1446,1024,1024,2,False,False,False,False,False,0,False,False,False,False,66,,46.44,,6628,,10044,,46.44,,True,3.858,3.858,3.858,3.858,3.858,3.858,3.858,3.858,3.858,3.858,3.858,3.858,0,,False,False,True,,,,,,,,,,,,,,,False,False,17.09,,105.0,,75.7,,105.0,,1248,124,,22,7,148847.3,19846.31,,Idle,,20,,10,,,20,Go Home,False,False,False,False,False,False,False,False,False,False,False,False,33.8027920380556,-117.4659261431046,4019.1,4019.1,1049.4,396.9,True,1,1,False,False,False,False,,True,False,False,Course Lock,196.8,67,16.4,93,NW,S,2.23,11.4,Calm,False,False,Android,7.0.2,M300 RTK,1ZN7L4R0H1D00F,1W9DL31001461C,1ZMLH8300204F0,1Z6PH74DAP0QN7,"Corona, CA",728.3,5.7,137.7,8.547347,2.013246,0,0,DJI Matrice 300 RTK,M300 RTK,1ZN7L4R0H1D00F,1W9DL31001461C,1ZMLH8300204F0,1Z6PH74DAP0QN7,DJI Pilot,Android,7.0.2,1EF72A62-B7C3-C88D-164E-CE6F8C8424AE,1ZN7L4R0H1D00F,1W9DL31001461C,,1ZMLH8300204F0,1W9DL31001461C,,,,,
2023-11-01,11:34:55.04 AM,10m 32.7s,632.7,33.7941767245349,-117.4741896117986,-23.9,137.7,11.4,1240,5567.6,1.61308,8.547335,-1.342164,2.23694,0.894776,5.816044,0,0.894776,-4.7,-0.1,4.7,144.9,144.9,137.7,Tripod,Other,,21,5,True,,False,False,,Smart,RC,False,True,False,,,True,,False,False,False,False,False,False,False,False,False,False,0,Follow Yaw,-77.9,0,136.6,136.6,False,False,False,False,False,,0,0,False,False,No Card,100,100,1024,1439,1024,1024,2,False,False,False,False,False,0,False,False,False,False,66,,46.332,,3290,,4986,,46.332,,True,3.858,3.858,3.858,3.858,3.858,3.858,3.858,3.858,3.858,3.858,3.858,3.858,0,,False,False,True,,,,,,,,,,,,,,,False,False,8.414,,104.7,,75.7,,105.0,,1248,124,,22,7,148847.3,19846.31,,Idle,,20,,10,,,20,Go Home,False,False,False,False,False,False,False,False,False,False,False,False,33.8027920380556,-117.4659261431046,4019.2,4019.2,1049.4,396.9,True,1,1,False,False,False,False,,True,False,False,Course Lock,196.8,67,16.4,93,NW,S,2.23,11.4,Calm,False,False,Android,7.0.2,M300 RTK,1ZN7L4R0H1D00F,1W9DL31001461C,1ZMLH8300204F0,1Z6PH74DAP0QN7,"Corona, CA",728.3,5.7,137.7,8.547347,2.013246,0,0,DJI Matrice 300 RTK,M300 RTK,1ZN7L4R0H1D00F,1W9DL31001461C,1ZMLH8300204F0,1Z6PH74DAP0QN7,DJI Pilot,Android,7.0.2,1EF72A62-B7C3-C88D-164E-CE6F8C8424AE,1ZN7L4R0H1D00F,1W9DL31001461C,,1ZMLH8300204F0,1W9DL31001461C,,,,,
2023-11-01,11:34:55.15 AM,10m 32.8s,632.8,33.7941761548944,-117.4741890990652,-23.9,137.7,11.4,1240,5567.9,1.747105,8.547335,-1.342164,2.23694,1.11847,5.816044,0,0.894776,-4.6,-0.1,4.6,144.9,144.9,143.2,Tripod,Other,,21,5,True,,False,False,,Smart,RC,False,True,False,,,True,,False,False,False,False,False,False,False,False,False,False,0,Follow Yaw,-77.9,0,136.6,136.6,False,False,False,False,False,,0,0,False,False,No Card,100,100,1024,1449,1024,1024,2,False,False,False,False,False,0,False,False,False,False,66,,46.332,,3290,,4986,,46.332,,True,3.858,3.858,3.858,3.858,3.858,3.858,3.858,3.858,3.858,3.858,3.858,3.858,0,,False,False,True,,,,,,,,,,,,,,,False,False,8.414,,104.7,,75.7,,105.0,,1248,124,,22,7,148847.3,19846.31,,Idle,,20,,10,,,20,Go Home,False,False,False,False,False,False,False,False,False,False,False,False,33.8027920380556,-117.4659261431046,4019.2,4019.2,1049.4,396.9,True,1,1,False,False,False,False,,True,False,False,Course Lock,196.8,67,16.4,93,NW,S,2.23,11.4,Calm,False,False,Android,7.0.2,M300 RTK,1ZN7L4R0H1D00F,1W9DL31001461C,1ZMLH8300204F0,1Z6PH74DAP0QN7,"Corona, CA",728.3,5.7,137.7,8.547347,2.013246,0,0,DJI Matrice 300 RTK,M300 RTK,1ZN7L4R0H1D00F,1W9DL31001461C,1ZMLH8300204F0,1Z6PH74DAP0QN7,DJI Pilot,Android,7.0.2,1EF72A62-B7C3-C88D-164E-CE6F8C8424AE,1ZN7L4R0H1D00F,1W9DL31001461C,,1ZMLH8300204F0,1W9DL31001461C,,,,,
2023-11-01,11:34:55.25 AM,10m 32.9s,632.9,33.7941754538776,-117.4741886743024,-23.9,137.7,11.4,1240,5568.1,1.924288,8.547335,-1.565858,2.23694,1.11847,5.816044,0,0.894776,-4.3,-0.1,4.3,144.9,144.9,153.2,Tripod,Other,,21,5,True,,False,False,,Smart,RC,False,True,False,,,True,,False,False,False,False,False,False,False,False,False,False,0,Follow Yaw,-77.9,0,136.6,136.6,False,False,False,False,False,,0,0,False,False,No Card,100,100,1024,1448,1024,1024,2,False,False,False,False,False,0,False,False,False,False,66,,46.332,,3290,,4986,,46.332,,True,3.858,3.858,3.858,3.858,3.858,3.858,3.858,3.858,3.858,3.858,3.858,3.858,0,,False,False,True,,,,,,,,,,,,,,,False,False,8.414,,104.7,,75.7,,105.0,,1248,124,,22,7,148847.3,19846.31,,Idle,,20,,10,,,20,Go Home,False,False,False,False,False,False,False,False,False,False,False,False,33.8027920380556,-117.4659261431046,4019.3,4019.3,1049.4,396.9,True,1,1,False,False,False,False,,True,False,False,Course Lock,196.8,67,16.4,93,NW,S,2.23,11.4,Calm,False,False,Android,7.0.2,M300 RTK,1ZN7L4R0H1D00F,1W9DL31001461C,1ZMLH8300204F0,1Z6PH74DAP0QN7,"Corona, CA",728.3,5.7,137.7,8.547347,2.013246,0,0,DJI Matrice 300 RTK,M300 RTK,1ZN7L4R0H1D00F,1W9DL31001461C,1ZMLH8300204F0,1Z6PH74DAP0QN7,DJI Pilot,Android,7.0.2,1EF72A62-B7C3-C88D-164E-CE6F8C8424AE,1ZN7L4R0H1D00F,1W9DL31001461C,,1ZMLH8300204F0,1W9DL31001461C,,,,,
2023-11-01,11:34:55.35 AM,10m 33.0s,633.0,33.794174753546,-117.4741880629188,-23.9,137.7,11.4,1240,5568.5,2.110324,8.547335,-1.789552,2.23694,1.11847,5.816044,0,0.894776,-4.1,0,4.1,144.9,144.9,144.0,Tripod,Other,,21,5,True,,False,False,,Smart,RC,False,True,False,,,True,,False,False,False,False,False,False,False,False,False,False,0,Follow Yaw,-77.9,0,136.6,136.6,False,False,False,False,False,,0,0,False,False,No Card,100,100,1024,1450,1024,1024,2,False,False,False,False,False,0,False,False,False,False,66,,46.44,,6628,,10044,,46.44,,True,3.858,3.858,3.858,3.858,3.858,3.858,3.858,3.858,3.858,3.858,3.858,3.858,0,,False,False,True,,,,,,,,,,,,,,,False,False,17.09,,105.0,,75.7,,105.0,,1248,124,,22,7,148847.3,19846.31,,Idle,,20,,10,,,20,Go Home,False,False,False,False,False,False,False,False,False,False,False,False,33.8027920380556,-117.4659261431046,4019.4,4019.4,1049.4,396.9,True,1,1,False,False,False,False,,True,False,False,Course Lock,196.8,67,16.4,93,NW,S,2.23,11.4,Calm,False,False,Android,7.0.2,M300 RTK,1ZN7L4R0H1D00F,1W9DL31001461C,1ZMLH8300204F0,1Z6PH74DAP0QN7,"Corona, CA",728.3,5.7,137.7,8.547347,2.013246,0,0,DJI Matrice 300 RTK,M300 RTK,1ZN7L4R0H1D00F,1W9DL31001461C,1ZMLH8300204F0,1Z6PH74DAP0QN7,DJI Pilot,Android,7.0.2,1EF72A62-B7C3-C88D-164E-CE6F8C8424AE,1ZN7L4R0H1D00F,1W9DL31001461C,,1ZMLH8300204F0,1W9DL31001461C,,,,,
2023-11-01,11:34:55.46 AM,10m 33.1s,633.1,33.7941738472064,-117.4741873747797,-23.9,137.7,11.4,1240,5568.9,2.23694,8.547335,-1.789552,2.23694,1.342164,5.816044,0,0.894776,-4.1,0,4.1,144.8,144.8,147.7,Tripod,Other,,21,5,True,,False,False,,Smart,RC,False,True,False,,,True,,False,False,False,False,False,False,False,False,False,False,0,Follow Yaw,-77.9,0,136.6,136.6,False,False,False,False,False,,0,0,False,False,No Card,100,100,1024,1425,1024,1024,2,False,False,False,False,False,0,False,False,False,False,66,,46.44,,6628,,10044,,46.44,,True,3.858,3.858,3.858,3.858,3.858,3.858,3.858,3.858,3.858,3.858,3.858,3.858,0,,False,False,True,,,,,,,,,,,,,,,False,False,17.09,,105.0,,75.7,,105.0,,1248,124,,22,7,148847.3,19846.31,,Idle,,20,,10,,,20,Go Home,False,False,False,False,False,False,False,False,False,False,False,False,33.8027920380556,-117.4659261431046,4019.6,4019.6,1049.4,396.9,True,1,1,False,False,False,False,,True,False,False,Course Lock,196.8,67,16.4,93,NW,S,2.23,11.4,Calm,False,False,Android,7.0.2,M300 RTK,1ZN7L4R0H1D00F,1W9DL31001461C,1ZMLH8300204F0,1Z6PH74DAP0QN7,"Corona, CA",728.3,5.7,137.7,8.547347,2.013246,0,0,DJI Matrice 300 RTK,M300 RTK,1ZN7L4R0H1D00F,1W9DL31001461C,1ZMLH8300204F0,1Z6PH74DAP0QN7,DJI Pilot,Android,7.0.2,1EF72A62-B7C3-C88D-164E-CE6F8C8424AE,1ZN7L4R0H1D00F,1W9DL31001461C,,1ZMLH8300204F0,1W9DL31001461C,,,,,
2023-11-01,11:34:55.56 AM,10m 33.2s,633.2,33.7941730204328,-117.4741866623956,-23.9,137.7,11.4,1240,5569.2,2.41962,8.547335,-2.013246,2.23694,1.342164,5.816044,0,0.894776,-4.1,0,4.1,144.8,144.8,144.3,Tripod,Other,,21,5,True,,False,False,,Smart,RC,False,True,False,,,True,,False,False,False,False,False,False,False,False,False,False,0,Follow Yaw,-77.9,0,136.6,136.6,False,False,False,False,False,,0,0,False,False,No Card,100,100,1024,1405,1024,1024,2,False,False,False,False,False,0,False,False,False,False,66,,46.44,,6628,,10044,,46.44,,True,3.858,3.858,3.858,3.858,3.858,3.858,3.858,3.858,3.858,3.858,3.858,3.858,0,,False,False,True,,,,,,,,,,,,,,,False,False,17.09,,105.0,,75.7,,105.0,,1248,124,,22,7,148847.3,19846.31,,Idle,,20,,10,,,20,Go Home,False,False,False,False,False,False,False,False,False,False,False,False,33.8027920380556,-117.4659261431046,4019.7,4019.7,1049.4,396.9,True,1,1,False,False,False,False,,True,False,False,Course Lock,196.8,67,16.4,93,NW,S,2.23,11.4,Calm,False,False,Android,7.0.2,M300 RTK,1ZN7L4R0H1D00F,1W9DL31001461C,1ZMLH8300204F0,1Z6PH74DAP0QN7,"Corona, CA",728.3,5.7,137.7,8.547347,2.013246,0,0,DJI Matrice 300 RTK,M300 RTK,1ZN7L4R0H1D00F,1W9DL31001461C,1ZMLH8300204F0,1Z6PH74DAP0QN7,DJI Pilot,Android,7.0.2,1EF72A62-B7C3-C88D-164E-CE6F8C8424AE,1ZN7L4R0H1D00F,1W9DL31001461C,,1ZMLH8300204F0,1W9DL31001461C,,,,,
2023-11-01,11:34:55.67 AM,10m 33.3s,633.3,33.7941722154525,-117.4741860112426,-23.9,137.7,11.4,1240,5569.6,2.550504,8.547335,-2.013246,2.23694,1.565858,5.816044,0,0.894776,-4.3,0.1,4.3,144.8,144.8,146.0,Tripod,Other,,21,5,True,,False,False,,Smart,RC,False,True,False,,,True,,False,False,False,False,False,False,False,False,False,False,0,Follow Yaw,-77.9,0,136.6,136.6,False,False,False,False,False,,0,0,False,False,No Card,100,100,1024,1424,1024,1024,2,False,False,False,False,False,0,False,False,False,False,66,,46.44,,6628,,10044,,46.44,,True,3.871,3.871,3.871,3.871,3.871,3.871,3.871,3.871,3.871,3.871,3.871,3.871,0,,False,False,True,,,,,,,,,,,,,,,False,False,17.09,,105.0,,75.7,,105.0,,1242,124,,22,7,148490.7,19798.76,,Idle,,20,,10,,,20,Go Home,False,False,False,False,False,False,False,False,False,False,False,False,33.8027920380556,-117.4659261431046,4019.8,4019.8,1049.4,396.9,True,1,1,False,False,False,False,,True,False,False,Course Lock,196.8,67,16.4,93,NW,S,2.23,11.4,Calm,False,False,Android,7.0.2,M300 RTK,1ZN7L4R0H1D00F,1W9DL31001461C,1ZMLH8300204F0,1Z6PH74DAP0QN7,"Corona, CA",728.3,5.7,137.7,8.547347,2.013246,0,0,DJI Matrice 300 RTK,M300 RTK,1ZN7L4R0H1D00F,1W9DL31001461C,1ZMLH8300204F0,1Z6PH74DAP0QN7,DJI Pilot,Android,7.0.2,1EF72A62-B7C3-C88D-164E-CE6F8C8424AE,1ZN7L4R0H1D00F,1W9DL31001461C,,1ZMLH8300204F0,1W9DL31001461C,,,,,
2023-11-01,11:34:55.77 AM,10m 33.4s,633.4,33.7941712794384,-117.4741852114238,-23.9,137.7,11.4,1240,5570.0,2.730533,8.547335,-2.23694,2.23694,1.565858,5.816044,0,0.894776,-4.3,0.1,4.3,144.8,144.8,144.6,Tripod,Other,,21,5,True,,False,False,,Smart,RC,False,True,False,,,True,,False,False,False,False,False,False,False,False,False,False,0,Follow Yaw,-77.9,0,136.6,136.6,False,False,False,False,False,,0,0,False,False,No Card,100,100,1024,1434,1024,1024,2,False,False,False,False,False,0,False,False,False,False,66,,46.44,,6628,,10044,,46.44,,True,3.871,3.871,3.871,3.871,3.871,3.871,3.871,3.871,3.871,3.871,3.871,3.871,0,,False,False,True,,,,,,,,,,,,,,,False,False,17.09,,105.0,,75.7,,105.0,,1242,124,,22,7,148490.7,19798.76,,Idle,,20,,10,,,20,Go Home,False,False,False,False,False,False,False,False,False,False,False,False,33.8027920380556,-117.4659261431046,4019.9,4019.9,1049.4,396.9,True,1,1,False,False,False,False,,True,False,False,Course Lock,196.8,67,16.4,93,NW,S,2.23,11.4,Calm,False,False,Android,7.0.2,M300 RTK,1ZN7L4R0H1D00F,1W9DL31001461C,1ZMLH8300204F0,1Z6PH74DAP0QN7,"Corona, CA",728.3,5.7,137.7,8.547347,2.013246,0,0,DJI Matrice 300 RTK,M300 RTK,1ZN7L4R0H1D00F,1W9DL31001461C,1ZMLH8300204F0,1Z6PH74DAP0QN7,DJI Pilot,Android,7.0.2,1EF72A62-B7C3-C88D-164E-CE6F8C8424AE,1ZN7L4R0H1D00F,1W9DL31001461C,,1ZMLH8300204F0,1W9DL31001461C,,,,,
2023-11-01,11:34:55.87 AM,10m 33.5s,633.5,33.7941703754289,-117.4741842813495,-23.9,137.7,11.4,1240,5570.4,3.042567,8.547335,-2.460634,2.23694,1.789552,5.816044,0,0.894776,-4.1,0,4.1,144.8,144.8,139.4,Tripod,Other,,21,5,True,,False,False,,Smart,RC,False,True,False,,,True,,False,False,False,False,False,False,False,False,False,False,0,Follow Yaw,-77.9,0,136.6,136.6,False,False,False,False,False,,0,0,False,False,No Card,100,100,1024,1484,1024,1024,2,False,False,False,False,False,0,False,False,False,False,66,,46.44,,6628,,10044,,46.44,,True,3.871,3.871,3.871,3.871,3.871,3.871,3.871,3.871,3.871,3.871,3.871,3.871,0,,False,False,True,,,,,,,,,,,,,,,False,False,17.09,,105.0,,75.7,,105.0,,1242,124,,22,7,148490.7,19798.76,,Idle,,20,,10,,,20,Go Home,False,False,False,False,False,False,False,False,False,False,False,False,33.8027920380556,-117.4659261431046,4020.0,4020.0,1049.4,396.9,True,1,1,False,False,False,False,,True,False,False,Course Lock,196.8,67,16.4,93,NW,S,2.23,11.4,Calm,False,False,Android,7.0.2,M300 RTK,1ZN7L4R0H1D00F,1W9DL31001461C,1ZMLH8300204F0,1Z6PH74DAP0QN7,"Corona, CA",728.3,5.7,137.7,8.547347,2.013246,0,0,DJI Matrice 300 RTK,M300 RTK,1ZN7L4R0H1D00F,1W9DL31001461C,1ZMLH8300204F0,1Z6PH74DAP0QN7,DJI Pilot,Android,7.0.2,1EF72A62-B7C3-C88D-164E-CE6F8C8424AE,1ZN7L4R0H1D00F,1W9DL31001461C,,1ZMLH8300204F0,1W9DL31001461C,,,,,
2023-11-01,11:34:55.97 AM,10m 33.6s,633.6,33.7941693323673,-117.4741833857049,-23.9,137.7,11.4,1240,5570.9,3.042567,8.547335,-2.460634,2.23694,1.789552,5.816044,0,0.894776,-4,0,4,144.8,144.8,144.4,Tripod,Other,,21,5,True,,False,False,,Smart,RC,False,True,False,,,True,,False,False,False,False,False,False,False,False,False,False,0,Follow Yaw,-77.9,0,136.6,136.6,False,False,False,False,False,,0,0,False,False,No Card,100,100,1024,1493,1024,1024,2,False,False,False,False,False,0,False,False,False,False,66,,46.44,,6628,,10044,,46.44,,True,3.871,3.871,3.871,3.871,3.871,3.871,3.871,3.871,3.871,3.871,3.871,3.871,0,,False,False,True,,,,,,,,,,,,,,,False,False,17.09,,105.0,,75.7,,105.0,,1242,124,,22,7,148490.7,19798.76,,Idle,,20,,10,,,20,Go Home,False,False,False,False,False,False,False,False,False,False,False,False,33.8027920380556,-117.4659261431046,4020.1,4020.1,1049.4,396.9,True,1,1,False,False,False,False,,True,False,False,Course Lock,196.8,67,16.4,93,NW,S,2.23,11.4,Calm,False,False,Android,7.0.2,M300 RTK,1ZN7L4R0H1D00F,1W9DL31001461C,1ZMLH8300204F0,1Z6PH74DAP0QN7,"Corona, CA",728.3,5.7,137.7,8.547347,2.013246,0,0,DJI Matrice 300 RTK,M300 RTK,1ZN7L4R0H1D00F,1W9DL31001461C,1ZMLH8300204F0,1Z6PH74DAP0QN7,DJI Pilot,Android,7.0.2,1EF72A62-B7C3-C88D-164E-CE6F8C8424AE,1ZN7L4R0H1D00F,1W9DL31001461C,,1ZMLH8300204F0,1W9DL31001461C,,,,,
2023-11-01,11:34:56.08 AM,10m 33.7s,633.7,33.7941681298997,-117.4741824730929,-23.9,137.7,11.4,1240,5571.4,3.22616,8.547335,-2.684328,2.23694,1.789552,5.816044,0,0.894776,-3.9,0,3.9,144.8,144.8,147.7,Tripod,Other,,21,5,True,,False,False,,Smart,RC,False,True,False,,,True,,False,False,False,False,False,False,False,False,False,False,0,Follow Yaw,-77.9,0,136.6,136.6,False,False,False,False,False,,0,0,False,False,No Card,100,100,1024,1489,1024,1024,2,False,False,False,False,False,0,False,False,False,False,66,,46.44,,6628,,10044,,46.44,,True,3.871,3.871,3.871,3.871,3.871,3.871,3.871,3.871,3.871,3.871,3.871,3.871,0,,False,False,True,,,,,,,,,,,,,,,False,False,17.09,,105.0,,75.7,,105.0,,1242,124,,22,7,148490.7,19798.76,,Idle,,20,,10,,,20,Go Home,False,False,False,False,False,False,False,False,False,False,False,False,33.8027920380556,-117.4659261431046,4020.3,4020.3,1049.4,396.9,True,1,1,False,False,False,False,,True,False,False,Course Lock,196.8,67,16.4,93,NW,S,2.23,11.4,Calm,False,False,Android,7.0.2,M300 RTK,1ZN7L4R0H1D00F,1W9DL31001461C,1ZMLH8300204F0,1Z6PH74DAP0QN7,"Corona, CA",728.3,5.7,137.7,8.547347,2.013246,0,0,DJI Matrice 300 RTK,M300 RTK,1ZN7L4R0H1D00F,1W9DL31001461C,1ZMLH8300204F0,1Z6PH74DAP0QN7,DJI Pilot,Android,7.0.2,1EF72A62-B7C3-C88D-164E-CE6F8C8424AE,1ZN7L4R0H1D00F,1W9DL31001461C,,1ZMLH8300204F0,1W9DL31001461C,,,,,
2023-11-01,11:34:56.14 AM,10m 33.8s,633.8,33.7941669812984,-117.4741814896424,-23.9,137.7,11.4,1240,5571.9,3.35541,8.547335,-2.684328,2.23694,2.013246,5.816044,0,0.894776,-4.2,0,4.2,144.8,144.8,144.5,Tripod,Other,,21,5,True,,False,False,,Smart,RC,False,True,False,,,True,,False,False,False,False,False,False,False,False,False,False,0,Follow Yaw,-77.9,0,136.6,136.6,False,False,False,False,False,,0,0,False,False,No Card,100,100,1024,1492,1024,1024,2,False,False,False,False,False,0,False,False,False,False,66,,46.44,,6628,,10044,,46.44,,True,3.871,3.871,3.871,3.871,3.871,3.871,3.871,3.871,3.871,3.871,3.871,3.871,0,,False,False,True,,,,,,,,,,,,,,,False,False,17.09,,105.0,,75.7,,105.0,,1242,124,,22,7,148490.7,19798.76,,Idle,,20,,10,,,20,Go Home,False,False,False,False,False,False,False,False,False,False,False,False,33.8027920380556,-117.4659261431046,4020.4,4020.4,1049.4,396.9,True,1,1,False,False,False,False,,True,False,False,Course Lock,196.8,67,16.4,93,NW,S,2.23,11.4,Calm,False,False,Android,7.0.2,M300 RTK,1ZN7L4R0H1D00F,1W9DL31001461C,1ZMLH8300204F0,1Z6PH74DAP0QN7,"Corona, CA",728.3,5.7,137.7,8.547347,2.013246,0,0,DJI Matrice 300 RTK,M300 RTK,1ZN7L4R0H1D00F,1W9DL31001461C,1ZMLH8300204F0,1Z6PH74DAP0QN7,DJI Pilot,Android,7.0.2,1EF72A62-B7C3-C88D-164E-CE6F8C8424AE,1ZN7L4R0H1D00F,1W9DL31001461C,,1ZMLH8300204F0,1W9DL31001461C,,,,,
2023-11-01,11:34:56.24 AM,10m 33.9s,633.9,33.7941658838222,-117.4741804297252,-23.9,137.7,11.4,1240,5572.4,3.35541,8.547335,-2.684328,2.23694,2.013246,5.816044,0,0.894776,-4.8,0,4.8,144.8,144.8,141.2,Tripod,Other,,21,5,True,,False,False,,Smart,RC,False,True,False,,,True,,False,False,False,False,False,False,False,False,False,False,0,Follow Yaw,-77.9,0,136.6,136.6,False,False,False,False,False,,0,0,False,False,No Card,100,100,1024,1496,1024,1024,2,False,False,False,False,False,0,False,False,False,False,66,,46.44,,6628,,10044,,46.44,,True,3.871,3.871,3.871,3.871,3.871,3.871,3.871,3.871,3.871,3.871,3.871,3.871,0,,False,False,True,,,,,,,,,,,,,,,False,False,17.09,,105.0,,75.7,,105.0,,1242,124,,22,7,148490.7,19798.76,,Idle,,20,,10,,,20,Go Home,False,False,False,False,False,False,False,False,False,False,False,False,33.8027920380556,-117.4659261431046,4020.5,4020.5,1049.4,396.9,True,1,1,False,False,False,False,,True,False,False,Course Lock,196.8,67,16.4,93,NW,S,2.23,11.4,Calm,False,False,Android,7.0.2,M300 RTK,1ZN7L4R0H1D00F,1W9DL31001461C,1ZMLH8300204F0,1Z6PH74DAP0QN7,"Corona, CA",728.3,5.7,137.7,8.547347,2.013246,0,0,DJI Matrice 300 RTK,M300 RTK,1ZN7L4R0H1D00F,1W9DL31001461C,1ZMLH8300204F0,1Z6PH74DAP0QN7,DJI Pilot,Android,7.0.2,1EF72A62-B7C3-C88D-164E-CE6F8C8424AE,1ZN7L4R0H1D00F,1W9DL31001461C,,1ZMLH8300204F0,1W9DL31001461C,,,,,
2023-11-01,11:34:56.34 AM,10m 34.0s,634.0,33.7941646353008,-117.4741793486966,-23.9,137.7,11.4,1240,5573.0,3.668854,8.547335,-2.908022,2.23694,2.23694,5.816044,0,0.894776,-5.2,0.1,5.2,144.8,144.8,144.2,Tripod,Other,,21,5,True,,False,False,,Smart,RC,False,True,False,,,True,,False,False,False,False,False,False,False,False,False,False,0,Follow Yaw,-77.9,0,136.6,136.6,False,False,False,False,False,,0,0,False,False,No Card,100,100,1024,1496,1024,1024,2,False,False,False,False,False,0,False,False,False,False,66,,46.164,,3290,,4986,,46.164,,True,3.871,3.871,3.871,3.871,3.871,3.871,3.871,3.871,3.871,3.871,3.871,3.871,0,,False,False,True,,,,,,,,,,,,,,,False,False,9.796,,104.7,,75.7,,105.0,,1242,124,,22,7,148490.7,19798.76,,Idle,,20,,10,,,20,Go Home,False,False,False,False,False,False,False,False,False,False,False,False,33.8027920380556,-117.4659261431046,4020.7,4020.7,1049.4,396.9,True,1,1,False,False,False,False,,True,False,False,Course Lock,196.8,67,16.4,93,NW,S,2.23,11.4,Calm,False,False,Android,7.0.2,M300 RTK,1ZN7L4R0H1D00F,1W9DL31001461C,1ZMLH8300204F0,1Z6PH74DAP0QN7,"Corona, CA",728.3,5.7,137.7,8.547347,2.013246,0,0,DJI Matrice 300 RTK,M300 RTK,1ZN7L4R0H1D00F,1W9DL31001461C,1ZMLH8300204F0,1Z6PH74DAP0QN7,DJI Pilot,Android,7.0.2,1EF72A62-B7C3-C88D-164E-CE6F8C8424AE,1ZN7L4R0H1D00F,1W9DL31001461C,,1ZMLH8300204F0,1W9DL31001461C,,,,,
2023-11-01,11:34:56.44 AM,10m 34.1s,634.1,33.7941633558714,-117.4741782584525,-23.9,137.7,11.4,1240,5573.6,3.848577,8.547335,-3.131716,2.23694,2.23694,5.816044,0,0.894776,-5.4,0.3,5.4,144.8,144.8,144.6,Tripod,Other,,21,5,True,,False,False,,Smart,RC,False,True,False,,,True,,False,False,False,False,False,False,False,False,False,False,0,Follow Yaw,-77.9,0,136.6,136.6,False,False,False,False,False,,0,0,False,False,No Card,100,100,1024,1501,1024,1024,2,False,False,False,False,False,0,False,False,False,False,66,,46.164,,3290,,4986,,46.164,,True,3.871,3.871,3.871,3.871,3.871,3.871,3.871,3.871,3.871,3.871,3.871,3.871,0,,False,False,True,,,,,,,,,,,,,,,False,False,9.796,,104.7,,75.7,,105.0,,1242,124,,22,7,148490.7,19798.76,,Idle,,20,,10,,,20,Go Home,False,False,False,False,False,False,False,False,False,False,False,False,33.8027920380556,-117.4659261431046,4020.8,4020.8,1049.4,396.9,True,1,1,False,False,False,False,,True,False,False,Course Lock,196.8,67,16.4,93,NW,S,2.23,11.4,Calm,False,False,Android,7.0.2,M300 RTK,1ZN7L4R0H1D00F,1W9DL31001461C,1ZMLH8300204F0,1Z6PH74DAP0QN7,"Corona, CA",728.3,5.7,137.7,8.547347,2.013246,0,0,DJI Matrice 300 RTK,M300 RTK,1ZN7L4R0H1D00F,1W9DL31001461C,1ZMLH8300204F0,1Z6PH74DAP0QN7,DJI Pilot,Android,7.0.2,1EF72A62-B7C3-C88D-164E-CE6F8C8424AE,1ZN7L4R0H1D00F,1W9DL31001461C,,1ZMLH8300204F0,1W9DL31001461C,,,,,
2023-11-01,11:34:56.54 AM,10m 34.2s,634.2,33.7941619820045,-117.4741770777429,-23.9,137.7,11.4,1240,5574.2,3.982758,8.547335,-3.131716,2.23694,2.460634,5.816044,0,0.894776,-5.4,0.4,5.4,144.7,144.7,144.4,Tripod,Other,,21,5,True,,False,False,,Smart,RC,False,True,False,,,True,,False,False,False,False,False,False,False,False,False,False,0,Follow Yaw,-77.9,0,136.6,136.6,False,False,False,False,False,,0,0,False,False,No Card,100,100,1024,1507,1024,1024,2,False,False,False,False,False,0,False,False,False,False,66,,46.164,,3290,,4986,,46.164,,True,3.871,3.871,3.871,3.871,3.871,3.871,3.871,3.871,3.871,3.871,3.871,3.871,0,,False,False,True,,,,,,,,,,,,,,,False,False,9.796,,104.7,,75.7,,105.0,,1242,124,,22,7,148490.7,19798.76,,Idle,,20,,10,,,20,Go Home,False,False,False,False,False,False,False,False,False,False,False,False,33.8027920380556,-117.4659261431046,4021.0,4021.0,1049.4,396.9,True,1,1,False,False,False,False,,True,False,False,Course Lock,196.8,67,16.4,93,NW,S,2.23,11.4,Calm,False,False,Android,7.0.2,M300 RTK,1ZN7L4R0H1D00F,1W9DL31001461C,1ZMLH8300204F0,1Z6PH74DAP0QN7,"Corona, CA",728.3,5.7,137.7,8.547347,2.013246,0,0,DJI Matrice 300 RTK,M300 RTK,1ZN7L4R0H1D00F,1W9DL31001461C,1ZMLH8300204F0,1Z6PH74DAP0QN7,DJI Pilot,Android,7.0.2,1EF72A62-B7C3-C88D-164E-CE6F8C8424AE,1ZN7L4R0H1D00F,1W9DL31001461C,,1ZMLH8300204F0,1W9DL31001461C,,,,,
2023-11-01,11:34:56.64 AM,10m 34.3s,634.3,33.7941604779262,-117.4741759316692,-23.6,137.7,11.4,1240,5574.8,4.160948,8.547335,-3.35541,2.23694,2.460634,5.816044,0,0.894776,-5.2,0.3,5.2,144.7,144.7,147.6,Tripod,Other,,21,5,True,,False,False,,Smart,RC,False,True,False,,,True,,False,False,False,False,False,False,False,False,False,False,0,Follow Yaw,-77.9,0,136.6,136.6,False,False,False,False,False,,0,0,False,False,No Card,100,100,1024,1502,1024,1024,2,False,False,False,False,False,0,False,False,False,False,66,,46.164,,3290,,4986,,46.164,,True,3.856,3.856,3.856,3.856,3.856,3.856,3.856,3.856,3.856,3.856,3.856,3.856,0,,False,False,True,,,,,,,,,,,,,,,False,False,9.796,,104.7,,75.7,,105.0,,1238,124,,22,7,147004.7,19600.63,,Idle,,20,,10,,,20,Go Home,False,False,False,False,False,False,False,False,False,False,False,False,33.8027920380556,-117.4659261431046,4021.2,4021.2,1049.4,396.9,True,1,1,False,False,False,False,,True,False,False,Course Lock,196.8,67,16.4,93,NW,S,2.23,11.4,Calm,False,False,Android,7.0.2,M300 RTK,1ZN7L4R0H1D00F,1W9DL31001461C,1ZMLH8300204F0,1Z6PH74DAP0QN7,"Corona, CA",728.3,5.7,137.7,8.547347,2.013246,0,0,DJI Matrice 300 RTK,M300 RTK,1ZN7L4R0H1D00F,1W9DL31001461C,1ZMLH8300204F0,1Z6PH74DAP0QN7,DJI Pilot,Android,7.0.2,1EF72A62-B7C3-C88D-164E-CE6F8C8424AE,1ZN7L4R0H1D00F,1W9DL31001461C,,1ZMLH8300204F0,1W9DL31001461C,,,,,
2023-11-01,11:34:56.74 AM,10m 34.4s,634.4,33.7941589736423,-117.4741746646381,-23.9,137.7,11.4,1240,5575.5,4.343351,8.547335,-3.579104,2.23694,2.460634,5.816044,0,0.894776,-5.2,0.2,5.2,144.7,144.7,145.0,Tripod,Other,,21,5,True,,False,False,,Smart,RC,False,True,False,,,True,,False,False,False,False,False,False,False,False,False,False,0,Follow Yaw,-77.9,0,136.6,136.6,False,False,False,False,False,,0,0,False,False,No Card,100,100,1024,1502,1024,1024,2,False,False,False,False,False,0,False,False,False,False,66,,46.164,,3290,,4986,,46.164,,True,3.856,3.856,3.856,3.856,3.856,3.856,3.856,3.856,3.856,3.856,3.856,3.856,0,,False,False,True,,,,,,,,,,,,,,,False,False,9.796,,104.7,,75.7,,105.0,,1238,124,,22,7,147004.7,19600.63,,Idle,,20,,10,,,20,Go Home,False,False,False,False,False,False,False,False,False,False,False,False,33.8027920380556,-117.4659261431046,4021.4,4021.4,1049.4,396.9,True,1,1,False,False,False,False,,True,False,False,Course Lock,196.8,67,16.4,93,NW,S,2.23,11.4,Calm,False,False,Android,7.0.2,M300 RTK,1ZN7L4R0H1D00F,1W9DL31001461C,1ZMLH8300204F0,1Z6PH74DAP0QN7,"Corona, CA",728.3,5.7,137.7,8.547347,2.013246,0,0,DJI Matrice 300 RTK,M300 RTK,1ZN7L4R0H1D00F,1W9DL31001461C,1ZMLH8300204F0,1Z6PH74DAP0QN7,DJI Pilot,Android,7.0.2,1EF72A62-B7C3-C88D-164E-CE6F8C8424AE,1ZN7L4R0H1D00F,1W9DL31001461C,,1ZMLH8300204F0,1W9DL31001461C,,,,,
2023-11-01,11:34:56.84 AM,10m 34.5s,634.5,33.7941575864116,-117.4741732447354,-23.9,137.7,11.4,1240,5576.2,4.47388,8.547335,-3.579104,2.23694,2.684328,5.816044,0,0.894776,-5,0,5,144.7,144.7,139.6,Tripod,Other,,21,5,True,,False,False,,Smart,RC,False,True,False,,,True,,False,False,False,False,False,False,False,False,False,False,0,Follow Yaw,-77.9,0,136.6,136.6,False,False,False,False,False,,0,0,False,False,No Card,100,100,1024,1495,1024,1024,2,False,False,False,False,False,0,False,False,False,False,66,,46.164,,3290,,4986,,46.164,,True,3.856,3.856,3.856,3.856,3.856,3.856,3.856,3.856,3.856,3.856,3.856,3.856,0,,False,False,True,,,,,,,,,,,,,,,False,False,9.796,,104.7,,75.7,,105.0,,1238,124,,22,7,147004.7,19600.63,,Idle,,20,,10,,,20,Go Home,False,False,False,False,False,False,False,False,False,False,False,False,33.8027920380556,-117.4659261431046,4021.5,4021.5,1049.4,396.9,True,1,1,False,False,False,False,,True,False,False,Course Lock,196.8,67,16.4,93,NW,S,2.23,11.4,Calm,False,False,Android,7.0.2,M300 RTK,1ZN7L4R0H1D00F,1W9DL31001461C,1ZMLH8300204F0,1Z6PH74DAP0QN7,"Corona, CA",728.3,5.7,137.7,8.547347,2.013246,0,0,DJI Matrice 300 RTK,M300 RTK,1ZN7L4R0H1D00F,1W9DL31001461C,1ZMLH8300204F0,1Z6PH74DAP0QN7,DJI Pilot,Android,7.0.2,1EF72A62-B7C3-C88D-164E-CE6F8C8424AE,1ZN7L4R0H1D00F,1W9DL31001461C,,1ZMLH8300204F0,1W9DL31001461C,,,,,
2023-11-01,11:34:56.94 AM,10m 34.6s,634.6,33.7941559830985,-117.474171874436,-23.6,137.7,11.4,1240,5576.9,4.65477,8.547335,-3.802798,2.23694,2.684328,5.816044,0,0.894776,-4.9,0,4.9,144.7,144.7,144.6,Tripod,Other,,20,5,True,,False,False,,Smart,RC,False,True,False,,,True,,False,False,False,False,False,False,False,False,False,False,0,Follow Yaw,-77.9,0,136.6,136.6,False,False,False,False,False,,0,0,False,False,No Card,100,100,1024,1493,1024,1024,2,False,False,False,False,False,0,False,False,False,False,66,,46.164,,3290,,4986,,46.164,,True,3.856,3.856,3.856,3.856,3.856,3.856,3.856,3.856,3.856,3.856,3.856,3.856,0,,False,False,True,,,,,,,,,,,,,,,False,False,9.796,,104.7,,75.7,,105.0,,1238,124,,22,7,147004.7,19600.63,,Idle,,20,,10,,,20,Go Home,False,False,False,False,False,False,False,False,False,False,False,False,33.8027920380556,-117.4659261431046,4021.7,4021.7,1049.4,396.9,True,1,1,False,False,False,False,,True,False,False,Course Lock,196.8,67,16.4,93,NW,S,2.23,11.4,Calm,False,False,Android,7.0.2,M300 RTK,1ZN7L4R0H1D00F,1W9DL31001461C,1ZMLH8300204F0,1Z6PH74DAP0QN7,"Corona, CA",728.3,5.7,137.7,8.547347,2.013246,0,0,DJI Matrice 300 RTK,M300 RTK,1ZN7L4R0H1D00F,1W9DL31001461C,1ZMLH8300204F0,1Z6PH74DAP0QN7,DJI Pilot,Android,7.0.2,1EF72A62-B7C3-C88D-164E-CE6F8C8424AE,1ZN7L4R0H1D00F,1W9DL31001461C,,1ZMLH8300204F0,1W9DL31001461C,,,,,
2023-11-01,11:34:57.04 AM,10m 34.7s,634.7,33.7941541355364,-117.474170452348,-23.6,137.7,11.4,1240,5577.7,4.966812,8.547335,-4.026492,2.23694,2.908022,5.816044,0,0.894776,-4.9,0,4.9,144.7,144.7,147.3,Tripod,Other,,20,5,True,,False,False,,Smart,RC,False,True,False,,,True,,False,False,False,False,False,False,False,False,False,False,0,Follow Yaw,-77.9,0,136.6,136.6,False,False,False,False,False,,0,0,False,False,No Card,100,100,1024,1490,1024,1024,2,False,False,False,False,False,0,False,False,False,False,66,,46.164,,3290,,4986,,46.164,,True,3.856,3.856,3.856,3.856,3.856,3.856,3.856,3.856,3.856,3.856,3.856,3.856,0,,False,False,True,,,,,,,,,,,,,,,False,False,9.796,,104.7,,75.7,,105.0,,1238,124,,22,7,147004.7,19600.63,,Idle,,20,,10,,,20,Go Home,False,False,False,False,False,False,False,False,False,False,False,False,33.8027920380556,-117.4659261431046,4022.0,4022.0,1049.4,396.9,True,1,1,False,False,False,False,,True,False,False,Course Lock,196.8,67,16.4,93,NW,S,2.23,11.4,Calm,False,False,Android,7.0.2,M300 RTK,1ZN7L4R0H1D00F,1W9DL31001461C,1ZMLH8300204F0,1Z6PH74DAP0QN7,"Corona, CA",728.3,5.7,137.7,8.547347,2.013246,0,0,DJI Matrice 300 RTK,M300 RTK,1ZN7L4R0H1D00F,1W9DL31001461C,1ZMLH8300204F0,1Z6PH74DAP0QN7,DJI Pilot,Android,7.0.2,1EF72A62-B7C3-C88D-164E-CE6F8C8424AE,1ZN7L4R0H1D00F,1W9DL31001461C,,1ZMLH8300204F0,1W9DL31001461C,,,,,
2023-11-01,11:34:57.12 AM,10m 34.8s,634.8,33.7941524133198,-117.4741689891711,-23.6,137.7,11.4,1240,5578.5,4.966812,8.547335,-4.026492,2.23694,2.908022,5.816044,0,0.894776,-4.8,0.2,4.8,144.7,144.7,144.7,Tripod,Other,,21,5,True,,False,False,,Smart,RC,False,True,False,,,True,,False,False,False,False,False,False,False,False,False,False,0,Follow Yaw,-77.9,0,136.6,136.6,False,False,False,False,False,,0,0,False,False,No Card,100,100,1024,1490,1024,1024,2,False,False,False,False,False,0,False,False,False,False,66,,46.164,,3290,,4986,,46.164,,True,3.856,3.856,3.856,3.856,3.856,3.856,3.856,3.856,3.856,3.856,3.856,3.856,0,,False,False,True,,,,,,,,,,,,,,,False,False,9.796,,104.7,,75.7,,105.0,,1238,124,,22,7,147004.7,19600.63,,Idle,,20,,10,,,20,Go Home,False,False,False,False,False,False,False,False,False,False,False,False,33.8027920380556,-117.4659261431046,4022.2,4022.2,1049.4,396.9,True,1,1,False,False,False,False,,True,False,False,Course Lock,196.8,67,16.4,93,NW,S,2.23,11.4,Calm,False,False,Android,7.0.2,M300 RTK,1ZN7L4R0H1D00F,1W9DL31001461C,1ZMLH8300204F0,1Z6PH74DAP0QN7,"Corona, CA",728.3,5.7,137.7,8.547347,2.013246,0,0,DJI Matrice 300 RTK,M300 RTK,1ZN7L4R0H1D00F,1W9DL31001461C,1ZMLH8300204F0,1Z6PH74DAP0QN7,DJI Pilot,Android,7.0.2,1EF72A62-B7C3-C88D-164E-CE6F8C8424AE,1ZN7L4R0H1D00F,1W9DL31001461C,,1ZMLH8300204F0,1W9DL31001461C,,,,,
2023-11-01,11:34:57.22 AM,10m 34.9s,634.9,33.7941507316058,-117.4741676222529,-23.6,137.7,11.4,1240,5579.2,5.149822,8.547335,-4.250186,2.23694,2.908022,5.816044,0,0.894776,-4.6,0.2,4.6,144.7,144.7,145.9,Tripod,Other,,21,5,True,,False,False,,Smart,RC,False,True,False,,,True,,False,False,False,False,False,False,False,False,False,False,0,Follow Yaw,-77.9,0,136.6,136.6,False,False,False,False,False,,0,0,False,False,No Card,100,100,1024,1487,1024,1024,2,False,False,False,False,False,0,False,False,False,False,66,,46.164,,3290,,4986,,46.164,,True,3.856,3.856,3.856,3.856,3.856,3.856,3.856,3.856,3.856,3.856,3.856,3.856,0,,False,False,True,,,,,,,,,,,,,,,False,False,9.796,,104.7,,75.7,,105.0,,1238,124,,22,7,147004.7,19600.63,,Idle,,20,,10,,,20,Go Home,False,False,False,False,False,False,False,False,False,False,False,False,33.8027920380556,-117.4659261431046,4022.4,4022.4,1049.4,396.9,True,1,1,False,False,False,False,,True,False,False,Course Lock,196.8,67,16.4,93,NW,S,2.23,11.4,Calm,False,False,Android,7.0.2,M300 RTK,1ZN7L4R0H1D00F,1W9DL31001461C,1ZMLH8300204F0,1Z6PH74DAP0QN7,"Corona, CA",728.3,5.7,137.7,8.547347,2.013246,0,0,DJI Matrice 300 RTK,M300 RTK,1ZN7L4R0H1D00F,1W9DL31001461C,1ZMLH8300204F0,1Z6PH74DAP0QN7,DJI Pilot,Android,7.0.2,1EF72A62-B7C3-C88D-164E-CE6F8C8424AE,1ZN7L4R0H1D00F,1W9DL31001461C,,1ZMLH8300204F0,1W9DL31001461C,,,,,
2023-11-01,11:34:57.33 AM,10m 35.0s,635.0,33.7941489178301,-117.474166090691,-23.6,137.7,11.4,1240,5580.0,5.279367,8.547335,-4.250186,2.23694,3.131716,5.816044,0,0.894776,-4.4,0.4,4.4,144.7,144.7,144.9,Tripod,Other,,21,5,True,,False,False,,Smart,RC,False,True,False,,,True,,False,False,False,False,False,False,False,False,False,False,0,Follow Yaw,-77.9,0,136.6,136.6,False,False,False,False,False,,0,0,False,False,No Card,100,100,1024,1489,1024,1024,2,False,False,False,False,False,0,False,False,False,False,66,,46.152,,6628,,10044,,46.152,,True,3.856,3.856,3.856,3.856,3.856,3.856,3.856,3.856,3.856,3.856,3.856,3.856,0,,False,False,True,,,,,,,,,,,,,,,False,False,19.606,,105.0,,75.7,,105.0,,1238,124,,22,7,147004.7,19600.63,,Idle,,20,,10,,,20,Go Home,False,False,False,False,False,False,False,False,False,False,False,False,33.8027920380556,-117.4659261431046,4022.7,4022.7,1049.4,396.9,True,1,1,False,False,False,False,,True,False,False,Course Lock,196.8,67,16.4,93,NW,S,2.46,11.4,Calm,False,False,Android,7.0.2,M300 RTK,1ZN7L4R0H1D00F,1W9DL31001461C,1ZMLH8300204F0,1Z6PH74DAP0QN7,"Corona, CA",728.3,5.7,137.7,8.547347,2.013246,0,0,DJI Matrice 300 RTK,M300 RTK,1ZN7L4R0H1D00F,1W9DL31001461C,1ZMLH8300204F0,1Z6PH74DAP0QN7,DJI Pilot,Android,7.0.2,1EF72A62-B7C3-C88D-164E-CE6F8C8424AE,1ZN7L4R0H1D00F,1W9DL31001461C,,1ZMLH8300204F0,1W9DL31001461C,,,,,
2023-11-01,11:34:57.44 AM,10m 35.1s,635.1,33.7941468690571,-117.4741643415008,-23.6,137.7,11.4,1240,5580.9,5.461066,8.547335,-4.47388,2.23694,3.131716,5.816044,0,0.894776,-4.2,0.4,4.2,144.8,144.8,144.6,Tripod,Other,,21,5,True,,False,False,,Smart,RC,False,True,False,,,True,,False,False,False,False,False,False,False,False,False,False,0,Follow Yaw,-77.9,0,136.6,136.6,False,False,False,False,False,,0,0,False,False,No Card,100,100,1024,1476,1024,1024,2,False,False,False,False,False,0,False,False,False,False,66,,46.152,,6628,,10044,,46.152,,True,3.856,3.856,3.856,3.856,3.856,3.856,3.856,3.856,3.856,3.856,3.856,3.856,0,,False,False,True,,,,,,,,,,,,,,,False,False,19.606,,105.0,,75.7,,105.0,,1238,124,,22,7,147004.7,19600.63,,Idle,,20,,10,,,20,Go Home,False,False,False,False,False,False,False,False,False,False,False,False,33.8027920380556,-117.4659261431046,4022.9,4022.9,1049.4,396.9,True,1,1,False,False,False,False,,True,False,False,Course Lock,196.8,67,16.4,93,NW,S,2.46,11.4,Calm,False,False,Android,7.0.2,M300 RTK,1ZN7L4R0H1D00F,1W9DL31001461C,1ZMLH8300204F0,1Z6PH74DAP0QN7,"Corona, CA",728.3,5.7,137.7,8.547347,2.013246,0,0,DJI Matrice 300 RTK,M300 RTK,1ZN7L4R0H1D00F,1W9DL31001461C,1ZMLH8300204F0,1Z6PH74DAP0QN7,DJI Pilot,Android,7.0.2,1EF72A62-B7C3-C88D-164E-CE6F8C8424AE,1ZN7L4R0H1D00F,1W9DL31001461C,,1ZMLH8300204F0,1W9DL31001461C,,,,,
2023-11-01,11:34:57.53 AM,10m 35.2s,635.2,33.7941449533739,-117.4741627361728,-23.9,137.7,11.4,1240,5581.8,5.461066,8.547335,-4.47388,2.23694,3.131716,5.816044,0,0.894776,-4,0.3,4,144.8,144.8,145.1,Tripod,Other,,21,5,True,,False,False,,Smart,RC,False,True,False,,,True,,False,False,False,False,False,False,False,False,False,False,0,Follow Yaw,-77.9,0,136.6,136.6,False,False,False,False,False,,0,0,False,False,No Card,100,100,1024,1473,1024,1024,2,False,False,False,False,False,0,False,False,False,False,66,,46.152,,6628,,10044,,46.152,,True,3.856,3.856,3.856,3.856,3.856,3.856,3.856,3.856,3.856,3.856,3.856,3.856,0,,False,False,True,,,,,,,,,,,,,,,False,False,19.606,,105.0,,75.7,,105.0,,1238,124,,22,7,147004.7,19600.63,,Idle,,20,,10,,,20,Go Home,False,False,False,False,False,False,False,False,False,False,False,False,33.8027920380556,-117.4659261431046,4023.2,4023.2,1049.4,396.9,True,1,1,False,False,False,False,,True,False,False,Course Lock,196.8,67,16.4,93,NW,S,2.46,11.4,Calm,False,False,Android,7.0.2,M300 RTK,1ZN7L4R0H1D00F,1W9DL31001461C,1ZMLH8300204F0,1Z6PH74DAP0QN7,"Corona, CA",728.3,5.7,137.7,8.547347,2.013246,0,0,DJI Matrice 300 RTK,M300 RTK,1ZN7L4R0H1D00F,1W9DL31001461C,1ZMLH8300204F0,1Z6PH74DAP0QN7,DJI Pilot,Android,7.0.2,1EF72A62-B7C3-C88D-164E-CE6F8C8424AE,1ZN7L4R0H1D00F,1W9DL31001461C,,1ZMLH8300204F0,1W9DL31001461C,,,,,
2023-11-01,11:34:57.64 AM,10m 35.3s,635.3,33.7941429878676,-117.474161039225,-23.6,137.7,11.4,1240,5582.7,5.645781,8.547335,-4.697574,2.23694,3.131716,5.816044,0,0.894776,-3.9,0.2,3.9,144.9,144.9,144.3,Tripod,Other,,21,5,True,,False,False,,Smart,RC,False,True,False,,,True,,False,False,False,False,False,False,False,False,False,False,0,Follow Yaw,-77.9,0,136.6,136.6,False,False,False,False,False,,0,0,False,False,No Card,100,100,1024,1474,1024,1024,2,False,False,False,False,False,0,False,False,False,False,66,,46.152,,6628,,10044,,46.152,,True,3.847,3.847,3.847,3.847,3.847,3.847,3.847,3.847,3.847,3.847,3.847,3.847,0,,False,False,True,,,,,,,,,,,,,,,False,False,19.606,,105.0,,75.7,,105.0,,1236,124,,22,7,145667.5,19422.34,,Idle,,20,,10,,,20,Go Home,False,False,False,False,False,False,False,False,False,False,False,False,33.8027920380556,-117.4659261431046,4023.4,4023.4,1049.4,396.9,True,1,1,False,False,False,False,,True,False,False,Course Lock,196.8,67,16.4,93,NW,S,2.23,11.4,Calm,False,False,Android,7.0.2,M300 RTK,1ZN7L4R0H1D00F,1W9DL31001461C,1ZMLH8300204F0,1Z6PH74DAP0QN7,"Corona, CA",728.3,5.7,137.7,8.547347,2.013246,0,0,DJI Matrice 300 RTK,M300 RTK,1ZN7L4R0H1D00F,1W9DL31001461C,1ZMLH8300204F0,1Z6PH74DAP0QN7,DJI Pilot,Android,7.0.2,1EF72A62-B7C3-C88D-164E-CE6F8C8424AE,1ZN7L4R0H1D00F,1W9DL31001461C,,1ZMLH8300204F0,1W9DL31001461C,,,,,
2023-11-01,11:34:57.74 AM,10m 35.4s,635.4,33.7941409991975,-117.4741593804176,-23.6,137.7,11.4,1240,5583.5,5.772865,8.547335,-4.697574,2.23694,3.35541,5.816044,0,0.894776,-4.1,0,4.1,144.9,144.9,145.2,Tripod,Other,,21,5,True,,False,False,,Smart,RC,False,True,False,,,True,,False,False,False,False,False,False,False,False,False,False,0,Follow Yaw,-77.9,0,136.6,136.6,False,False,False,False,False,,0,0,False,False,No Card,100,100,1024,1471,1024,1024,2,False,False,False,False,False,0,False,False,False,False,66,,46.152,,6628,,10044,,46.152,,True,3.847,3.847,3.847,3.847,3.847,3.847,3.847,3.847,3.847,3.847,3.847,3.847,0,,False,False,True,,,,,,,,,,,,,,,False,False,19.606,,105.0,,75.7,,105.0,,1236,124,,22,7,145667.5,19422.34,,Idle,,20,,10,,,20,Go Home,False,False,False,False,False,False,False,False,False,False,False,False,33.8027920380556,-117.4659261431046,4023.7,4023.7,1049.4,396.9,True,1,1,False,False,False,False,,True,False,False,Course Lock,196.8,67,16.4,93,NW,S,2.23,11.4,Calm,False,False,Android,7.0.2,M300 RTK,1ZN7L4R0H1D00F,1W9DL31001461C,1ZMLH8300204F0,1Z6PH74DAP0QN7,"Corona, CA",728.3,5.7,137.7,8.547347,2.013246,0,0,DJI Matrice 300 RTK,M300 RTK,1ZN7L4R0H1D00F,1W9DL31001461C,1ZMLH8300204F0,1Z6PH74DAP0QN7,DJI Pilot,Android,7.0.2,1EF72A62-B7C3-C88D-164E-CE6F8C8424AE,1ZN7L4R0H1D00F,1W9DL31001461C,,1ZMLH8300204F0,1W9DL31001461C,,,,,
2023-11-01,11:34:57.84 AM,10m 35.5s,635.5,33.7941387856729,-117.4741575728826,-23.6,137.7,11.4,1240,5584.5,5.956312,8.547335,-4.921268,2.23694,3.35541,5.816044,0,0.894776,-4.4,-0.3,4.4,144.9,144.9,145.8,Tripod,Other,,21,5,True,,False,False,,Smart,RC,False,True,False,,,True,,False,False,False,False,False,False,False,False,False,False,0,Follow Yaw,-77.9,0,136.6,136.6,False,False,False,False,False,,0,0,False,False,No Card,100,100,1024,1473,1024,1024,2,False,False,False,False,False,0,False,False,False,False,66,,46.152,,6628,,10044,,46.152,,True,3.847,3.847,3.847,3.847,3.847,3.847,3.847,3.847,3.847,3.847,3.847,3.847,0,,False,False,True,,,,,,,,,,,,,,,False,False,19.606,,105.0,,75.7,,105.0,,1236,124,,22,7,145667.5,19422.34,,Idle,,20,,10,,,20,Go Home,False,False,False,False,False,False,False,False,False,False,False,False,33.8027920380556,-117.4659261431046,4024.0,4024.0,1049.4,396.9,True,1,1,False,False,False,False,,True,False,False,Course Lock,196.8,67,16.4,93,NW,S,2.23,11.4,Calm,False,False,Android,7.0.2,M300 RTK,1ZN7L4R0H1D00F,1W9DL31001461C,1ZMLH8300204F0,1Z6PH74DAP0QN7,"Corona, CA",728.3,5.7,137.7,8.547347,2.013246,0,0,DJI Matrice 300 RTK,M300 RTK,1ZN7L4R0H1D00F,1W9DL31001461C,1ZMLH8300204F0,1Z6PH74DAP0QN7,DJI Pilot,Android,7.0.2,1EF72A62-B7C3-C88D-164E-CE6F8C8424AE,1ZN7L4R0H1D00F,1W9DL31001461C,,1ZMLH8300204F0,1W9DL31001461C,,,,,
2023-11-01,11:34:57.95 AM,10m 35.6s,635.6,33.7941367067457,-117.4741558349903,-23.6,137.7,11.4,1240,5585.4,5.956312,8.547335,-4.921268,2.23694,3.35541,5.816044,0,0.894776,-4.5,-0.4,4.5,144.9,144.9,145.2,Tripod,Other,,21,5,True,,False,False,,Smart,RC,False,True,False,,,True,,False,False,False,False,False,False,False,False,False,False,0,Follow Yaw,-77.9,0,136.6,136.6,False,False,False,False,False,,0,0,False,False,No Card,100,100,1024,1464,1024,1024,2,False,False,False,False,False,0,False,False,False,False,66,,46.152,,6628,,10044,,46.152,,True,3.847,3.847,3.847,3.847,3.847,3.847,3.847,3.847,3.847,3.847,3.847,3.847,0,,False,False,True,,,,,,,,,,,,,,,False,False,19.606,,105.0,,75.7,,105.0,,1236,124,,22,7,145667.5,19422.34,,Idle,,20,,10,,,20,Go Home,False,False,False,False,False,False,False,False,False,False,False,False,33.8027920380556,-117.4659261431046,4024.2,4024.2,1049.4,396.9,True,1,1,False,False,False,False,,True,False,False,Course Lock,196.8,67,16.4,93,NW,S,2.23,11.4,Calm,False,False,Android,7.0.2,M300 RTK,1ZN7L4R0H1D00F,1W9DL31001461C,1ZMLH8300204F0,1Z6PH74DAP0QN7,"Corona, CA",728.3,5.7,137.7,8.547347,2.013246,0,0,DJI Matrice 300 RTK,M300 RTK,1ZN7L4R0H1D00F,1W9DL31001461C,1ZMLH8300204F0,1Z6PH74DAP0QN7,DJI Pilot,Android,7.0.2,1EF72A62-B7C3-C88D-164E-CE6F8C8424AE,1ZN7L4R0H1D00F,1W9DL31001461C,,1ZMLH8300204F0,1W9DL31001461C,,,,,
2023-11-01,11:34:58.05 AM,10m 35.7s,635.7,33.7941345586694,-117.4741539837894,-23.6,137.7,11.4,1240,5586.4,6.085134,8.547335,-4.921268,2.23694,3.579104,5.816044,0,0.894776,-4.4,-0.4,4.4,144.9,144.9,144.3,Tripod,Other,,21,5,True,,False,False,,Smart,RC,False,True,False,,,True,,False,False,False,False,False,False,False,False,False,False,0,Follow Yaw,-77.9,0,136.6,136.6,False,False,False,False,False,,0,0,False,False,No Card,100,100,1024,1473,1024,1024,2,False,False,False,False,False,0,False,False,False,False,66,,46.104,,3290,,4986,,46.104,,True,3.847,3.847,3.847,3.847,3.847,3.847,3.847,3.847,3.847,3.847,3.847,3.847,0,,False,False,True,,,,,,,,,,,,,,,False,False,9.814,,104.7,,75.7,,105.0,,1236,124,,22,7,145667.5,19422.34,,Idle,,20,,10,,,20,Go Home,False,False,False,False,False,False,False,False,False,False,False,False,33.8027920380556,-117.4659261431046,4024.5,4024.5,1049.4,396.9,True,1,1,False,False,False,False,,True,False,False,Course Lock,196.8,67,16.4,93,NW,S,2.23,11.4,Calm,False,False,Android,7.0.2,M300 RTK,1ZN7L4R0H1D00F,1W9DL31001461C,1ZMLH8300204F0,1Z6PH74DAP0QN7,"Corona, CA",728.3,5.7,137.7,8.547347,2.013246,0,0,DJI Matrice 300 RTK,M300 RTK,1ZN7L4R0H1D00F,1W9DL31001461C,1ZMLH8300204F0,1Z6PH74DAP0QN7,DJI Pilot,Android,7.0.2,1EF72A62-B7C3-C88D-164E-CE6F8C8424AE,1ZN7L4R0H1D00F,1W9DL31001461C,,1ZMLH8300204F0,1W9DL31001461C,,,,,
2023-11-01,11:34:58.15 AM,10m 35.8s,635.8,33.7941324065498,-117.4741521499065,-23.6,137.7,11.4,1240,5587.4,6.267425,8.547335,-5.144962,2.23694,3.579104,5.816044,0,0.894776,-4.3,-0.5,4.3,144.8,144.8,144.6,Tripod,Other,,21,5,True,,False,False,,Smart,RC,False,True,False,,,True,,False,False,False,False,False,False,False,False,False,False,0,Follow Yaw,-77.9,0,136.6,136.6,False,False,False,False,False,,0,0,False,False,No Card,100,100,1024,1472,1024,1024,2,False,False,False,False,False,0,False,False,False,False,66,,46.104,,3290,,4986,,46.104,,True,3.847,3.847,3.847,3.847,3.847,3.847,3.847,3.847,3.847,3.847,3.847,3.847,0,,False,False,True,,,,,,,,,,,,,,,False,False,9.814,,104.7,,75.7,,105.0,,1236,124,,22,7,145667.5,19422.34,,Idle,,20,,10,,,20,Go Home,False,False,False,False,False,False,False,False,False,False,False,False,33.8027920380556,-117.4659261431046,4024.8,4024.8,1049.4,396.9,True,1,1,False,False,False,False,,True,False,False,Course Lock,196.8,67,16.4,93,NW,S,2.23,11.4,Calm,False,False,Android,7.0.2,M300 RTK,1ZN7L4R0H1D00F,1W9DL31001461C,1ZMLH8300204F0,1Z6PH74DAP0QN7,"Corona, CA",728.3,5.7,137.7,8.547347,2.013246,0,0,DJI Matrice 300 RTK,M300 RTK,1ZN7L4R0H1D00F,1W9DL31001461C,1ZMLH8300204F0,1Z6PH74DAP0QN7,DJI Pilot,Android,7.0.2,1EF72A62-B7C3-C88D-164E-CE6F8C8424AE,1ZN7L4R0H1D00F,1W9DL31001461C,,1ZMLH8300204F0,1W9DL31001461C,,,,,
2023-11-01,11:34:58.26 AM,10m 35.9s,635.9,33.7941299639902,-117.4741502232078,-23.6,137.7,11.4,1240,5588.4,6.267425,8.547335,-5.144962,2.23694,3.579104,5.816044,0,0.894776,-4,-0.4,4,144.7,144.7,146.7,Tripod,Other,,21,5,True,,False,False,,Smart,RC,False,True,False,,,True,,False,False,False,False,False,False,False,False,False,False,0,Follow Yaw,-77.9,0,136.6,136.6,False,False,False,False,False,,0,0,False,False,No Card,100,100,1024,1472,1024,1024,2,False,False,False,False,False,0,False,False,False,False,66,,46.104,,3290,,4986,,46.104,,True,3.847,3.847,3.847,3.847,3.847,3.847,3.847,3.847,3.847,3.847,3.847,3.847,0,,False,False,True,,,,,,,,,,,,,,,False,False,9.814,,104.7,,75.7,,105.0,,1236,124,,22,7,145667.5,19422.34,,Idle,,20,,10,,,20,Go Home,False,False,False,False,False,False,False,False,False,False,False,False,33.8027920380556,-117.4659261431046,4025.1,4025.1,1049.4,396.9,True,1,1,False,False,False,False,,True,False,False,Course Lock,196.8,67,16.4,93,NW,S,2.23,11.4,Calm,False,False,Android,7.0.2,M300 RTK,1ZN7L4R0H1D00F,1W9DL31001461C,1ZMLH8300204F0,1Z6PH74DAP0QN7,"Corona, CA",728.3,5.7,137.7,8.547347,2.013246,0,0,DJI Matrice 300 RTK,M300 RTK,1ZN7L4R0H1D00F,1W9DL31001461C,1ZMLH8300204F0,1Z6PH74DAP0QN7,DJI Pilot,Android,7.0.2,1EF72A62-B7C3-C88D-164E-CE6F8C8424AE,1ZN7L4R0H1D00F,1W9DL31001461C,,1ZMLH8300204F0,1W9DL31001461C,,,,,
2023-11-01,11:34:58.36 AM,10m 36.0s,636.0,33.7941277369648,-117.474148301086,-23.6,137.7,11.4,1240,5589.4,6.397804,8.547335,-5.144962,2.23694,3.802798,5.816044,0,0.894776,-3.9,0,3.9,144.6,144.6,144.3,Tripod,Other,,21,5,True,,False,False,,Smart,RC,False,True,False,,,True,,False,False,False,False,False,False,False,False,False,False,0,Follow Yaw,-77.9,0,136.6,136.6,False,False,False,False,False,,0,0,False,False,No Card,100,100,1024,1478,1024,1024,2,False,False,False,False,False,0,False,False,False,False,66,,46.128,,6628,,10044,,46.128,,True,3.847,3.847,3.847,3.847,3.847,3.847,3.847,3.847,3.847,3.847,3.847,3.847,0,,False,False,True,,,,,,,,,,,,,,,False,False,19.606,,105.0,,75.7,,105.0,,1236,124,,22,7,145667.5,19422.34,,Idle,,20,,10,,,20,Go Home,False,False,False,False,False,False,False,False,False,False,False,False,33.8027920380556,-117.4659261431046,4025.4,4025.4,1049.4,396.9,True,1,1,False,False,False,False,,True,False,False,Course Lock,196.8,67,16.4,93,NW,S,2.23,11.4,Calm,False,False,Android,7.0.2,M300 RTK,1ZN7L4R0H1D00F,1W9DL31001461C,1ZMLH8300204F0,1Z6PH74DAP0QN7,"Corona, CA",728.3,5.7,137.7,8.547347,2.013246,0,0,DJI Matrice 300 RTK,M300 RTK,1ZN7L4R0H1D00F,1W9DL31001461C,1ZMLH8300204F0,1Z6PH74DAP0QN7,DJI Pilot,Android,7.0.2,1EF72A62-B7C3-C88D-164E-CE6F8C8424AE,1ZN7L4R0H1D00F,1W9DL31001461C,,1ZMLH8300204F0,1W9DL31001461C,,,,,
2023-11-01,11:34:58.46 AM,10m 36.1s,636.1,33.7941255237828,-117.4741463797064,-23.6,137.7,11.4,1240,5590.4,6.579037,8.547335,-5.368656,2.23694,3.802798,5.816044,0,0.894776,-3.9,0.2,3.9,144.5,144.5,144.1,Tripod,Other,,21,5,True,,False,False,,Smart,RC,False,True,False,,,True,,False,False,False,False,False,False,False,False,False,False,0,Follow Yaw,-77.9,0,136.6,136.6,False,False,False,False,False,,0,0,False,False,No Card,100,100,1024,1477,1024,1024,2,False,False,False,False,False,0,False,False,False,False,66,,46.128,,6628,,10044,,46.128,,True,3.847,3.847,3.847,3.847,3.847,3.847,3.847,3.847,3.847,3.847,3.847,3.847,0,,False,False,True,,,,,,,,,,,,,,,False,False,19.606,,105.0,,75.7,,105.0,,1236,124,,22,7,145667.5,19422.34,,Idle,,20,,10,,,20,Go Home,False,False,False,False,False,False,False,False,False,False,False,False,33.8027920380556,-117.4659261431046,4025.7,4025.7,1049.4,396.9,True,1,1,False,False,False,False,,True,False,False,Course Lock,196.8,67,16.4,93,NW,S,2.46,11.4,Calm,False,False,Android,7.0.2,M300 RTK,1ZN7L4R0H1D00F,1W9DL31001461C,1ZMLH8300204F0,1Z6PH74DAP0QN7,"Corona, CA",728.3,5.7,137.7,8.547347,2.013246,0,0,DJI Matrice 300 RTK,M300 RTK,1ZN7L4R0H1D00F,1W9DL31001461C,1ZMLH8300204F0,1Z6PH74DAP0QN7,DJI Pilot,Android,7.0.2,1EF72A62-B7C3-C88D-164E-CE6F8C8424AE,1ZN7L4R0H1D00F,1W9DL31001461C,,1ZMLH8300204F0,1W9DL31001461C,,,,,
2023-11-01,11:34:58.56 AM,10m 36.2s,636.2,33.7941232470715,-117.4741443980853,-23.6,137.7,11.4,1240,5591.5,6.579037,8.547335,-5.368656,2.23694,3.802798,5.816044,0,0.894776,-3.9,0.3,3.9,144.5,144.5,144.1,Tripod,Other,,21,5,True,,False,False,,Smart,RC,False,True,False,,,True,,False,False,False,False,False,False,False,False,False,False,0,Follow Yaw,-77.9,0,136.6,136.6,False,False,False,False,False,,0,0,False,False,No Card,100,100,1024,1476,1024,1024,2,False,False,False,False,False,0,False,False,False,False,66,,46.128,,6628,,10044,,46.128,,True,3.847,3.847,3.847,3.847,3.847,3.847,3.847,3.847,3.847,3.847,3.847,3.847,0,,False,False,True,,,,,,,,,,,,,,,False,False,19.606,,105.0,,75.7,,105.0,,1236,124,,22,7,145667.5,19422.34,,Idle,,20,,10,,,20,Go Home,False,False,False,False,False,False,False,False,False,False,False,False,33.8027920380556,-117.4659261431046,4025.9,4025.9,1049.4,396.9,True,1,1,False,False,False,False,,True,False,False,Course Lock,196.8,67,16.4,93,NW,S,2.46,11.4,Calm,False,False,Android,7.0.2,M300 RTK,1ZN7L4R0H1D00F,1W9DL31001461C,1ZMLH8300204F0,1Z6PH74DAP0QN7,"Corona, CA",728.3,5.7,137.7,8.547347,2.013246,0,0,DJI Matrice 300 RTK,M300 RTK,1ZN7L4R0H1D00F,1W9DL31001461C,1ZMLH8300204F0,1Z6PH74DAP0QN7,DJI Pilot,Android,7.0.2,1EF72A62-B7C3-C88D-164E-CE6F8C8424AE,1ZN7L4R0H1D00F,1W9DL31001461C,,1ZMLH8300204F0,1W9DL31001461C,,,,,
2023-11-01,11:34:58.67 AM,10m 36.3s,636.3,33.794120907653,-117.4741425464721,-23.6,137.7,26.2,1240,5592.5,6.579037,8.547335,-5.368656,2.23694,3.802798,5.816044,0,0.894776,-4,0.2,4,144.5,144.5,146.6,Tripod,Other,,21,5,True,,True,False,,Smart,RC,False,True,False,,,True,,False,False,False,False,False,False,False,False,False,False,0,Follow Yaw,-77.9,0,136.6,136.6,False,False,False,False,False,,0,0,False,False,No Card,100,100,1024,1476,1024,1024,2,False,False,False,False,False,0,False,False,False,False,66,,46.128,,6628,,10044,,46.128,,True,3.845,3.845,3.845,3.845,3.845,3.845,3.845,3.845,3.845,3.845,3.845,3.845,0,,False,False,True,,,,,,,,,,,,,,,False,False,19.606,,105.0,,75.7,,105.0,,1235,124,,22,7,144916.3,19322.18,,Idle,,20,,10,,,20,Go Home,False,False,False,False,False,False,False,False,False,False,False,False,33.8027920380556,-117.4659261431046,4026.3,4026.3,1049.4,396.9,True,1,1,False,False,False,False,,True,False,False,Course Lock,196.8,67,16.4,93,NW,S,2.46,11.4,Calm,False,False,Android,7.0.2,M300 RTK,1ZN7L4R0H1D00F,1W9DL31001461C,1ZMLH8300204F0,1Z6PH74DAP0QN7,"Corona, CA",728.3,5.7,137.7,8.547347,2.013246,0,0,DJI Matrice 300 RTK,M300 RTK,1ZN7L4R0H1D00F,1W9DL31001461C,1ZMLH8300204F0,1Z6PH74DAP0QN7,DJI Pilot,Android,7.0.2,1EF72A62-B7C3-C88D-164E-CE6F8C8424AE,1ZN7L4R0H1D00F,1W9DL31001461C,,1ZMLH8300204F0,1W9DL31001461C,,,,,
2023-11-01,11:34:58.78 AM,10m 36.4s,636.4,33.7941185758417,-117.4741405283184,-23.6,137.7,26.2,1240,5593.5,6.71082,8.547335,-5.368656,2.23694,4.026492,5.816044,0,0.894776,-4.3,0.3,4.3,144.7,144.7,144.2,Tripod,Other,,21,5,True,,True,False,,Smart,RC,False,True,False,,,True,,False,False,False,False,False,False,False,False,False,False,0,Follow Yaw,-77.9,0,136.6,136.6,False,False,False,False,False,,0,0,False,False,No Card,100,100,1024,1474,1024,1024,2,False,False,False,False,False,0,False,False,False,False,66,,46.128,,6628,,10044,,46.128,,True,3.845,3.845,3.845,3.845,3.845,3.845,3.845,3.845,3.845,3.845,3.845,3.845,0,,False,False,True,,,,,,,,,,,,,,,False,False,19.606,,105.0,,75.7,,105.0,,1235,124,,22,7,144916.3,19322.18,,Idle,,20,,10,,,20,Go Home,False,False,False,False,False,False,False,False,False,False,False,False,33.8027920380556,-117.4659261431046,4026.6,4026.6,1049.4,396.9,True,1,1,False,False,False,False,,True,False,False,Course Lock,196.8,67,16.4,93,NW,S,2.46,11.4,Calm,False,False,Android,7.0.2,M300 RTK,1ZN7L4R0H1D00F,1W9DL31001461C,1ZMLH8300204F0,1Z6PH74DAP0QN7,"Corona, CA",728.3,5.7,137.7,8.547347,2.013246,0,0,DJI Matrice 300 RTK,M300 RTK,1ZN7L4R0H1D00F,1W9DL31001461C,1ZMLH8300204F0,1Z6PH74DAP0QN7,DJI Pilot,Android,7.0.2,1EF72A62-B7C3-C88D-164E-CE6F8C8424AE,1ZN7L4R0H1D00F,1W9DL31001461C,,1ZMLH8300204F0,1W9DL31001461C,,,,,
2023-11-01,11:34:58.84 AM,10m 36.5s,636.5,33.7941163394958,-117.474138386383,-23.6,137.7,26.2,1240,5594.6,6.891082,8.547335,-5.59235,2.23694,4.026492,5.816044,0,0.894776,-4.5,0.6,4.5,144.8,144.8,141.4,Tripod,Other,,21,5,True,,True,False,,Smart,RC,False,True,False,,,True,,False,False,False,False,False,False,False,False,False,False,0,Follow Yaw,-77.9,0,136.6,136.6,False,False,False,False,False,,0,0,False,False,No Card,100,100,1024,1472,1024,1024,2,False,False,False,False,False,0,False,False,False,False,66,,46.128,,6628,,10044,,46.128,,True,3.845,3.845,3.845,3.845,3.845,3.845,3.845,3.845,3.845,3.845,3.845,3.845,0,,False,False,True,,,,,,,,,,,,,,,False,False,19.606,,105.0,,75.7,,105.0,,1235,124,,22,7,144916.3,19322.18,,Idle,,20,,10,,,20,Go Home,False,False,False,False,False,False,False,False,False,False,False,False,33.8027920380556,-117.4659261431046,4026.8,4026.8,1049.4,396.9,True,1,1,False,False,False,False,,True,False,False,Course Lock,196.8,67,16.4,93,NW,S,2.46,11.4,Calm,False,False,Android,7.0.2,M300 RTK,1ZN7L4R0H1D00F,1W9DL31001461C,1ZMLH8300204F0,1Z6PH74DAP0QN7,"Corona, CA",728.3,5.7,137.7,8.547347,2.013246,0,0,DJI Matrice 300 RTK,M300 RTK,1ZN7L4R0H1D00F,1W9DL31001461C,1ZMLH8300204F0,1Z6PH74DAP0QN7,DJI Pilot,Android,7.0.2,1EF72A62-B7C3-C88D-164E-CE6F8C8424AE,1ZN7L4R0H1D00F,1W9DL31001461C,,1ZMLH8300204F0,1W9DL31001461C,,,,,
2023-11-01,11:34:58.94 AM,10m 36.6s,636.6,33.7941139553943,-117.4741363171416,-23.6,137.7,26.2,1240,5595.6,6.891082,8.547335,-5.59235,2.23694,4.026492,5.816044,0,0.894776,-4.6,0.7,4.6,144.8,144.8,144.1,Tripod,Other,,21,5,True,,True,False,,Smart,RC,False,True,False,,,True,,False,False,False,False,False,False,False,False,False,False,0,Follow Yaw,-77.9,0,136.6,136.6,False,False,False,False,False,,0,0,False,False,No Card,100,100,1024,1462,1024,1024,2,False,False,False,False,False,0,False,False,False,False,66,,46.128,,6628,,10044,,46.128,,True,3.845,3.845,3.845,3.845,3.845,3.845,3.845,3.845,3.845,3.845,3.845,3.845,0,,False,False,True,,,,,,,,,,,,,,,False,False,19.606,,105.0,,75.7,,105.0,,1235,124,,22,7,144916.3,19322.18,,Idle,,20,,10,,,20,Go Home,False,False,False,False,False,False,False,False,False,False,False,False,33.8027920380556,-117.4659261431046,4027.1,4027.1,1049.4,396.9,True,1,1,False,False,False,False,,True,False,False,Course Lock,196.8,67,16.4,93,NW,S,2.46,11.4,Calm,False,False,Android,7.0.2,M300 RTK,1ZN7L4R0H1D00F,1W9DL31001461C,1ZMLH8300204F0,1Z6PH74DAP0QN7,"Corona, CA",728.3,5.7,137.7,8.547347,2.013246,0,0,DJI Matrice 300 RTK,M300 RTK,1ZN7L4R0H1D00F,1W9DL31001461C,1ZMLH8300204F0,1Z6PH74DAP0QN7,DJI Pilot,Android,7.0.2,1EF72A62-B7C3-C88D-164E-CE6F8C8424AE,1ZN7L4R0H1D00F,1W9DL31001461C,,1ZMLH8300204F0,1W9DL31001461C,,,,,
2023-11-01,11:34:59.04 AM,10m 36.7s,636.7,33.7941114739084,-117.4741343437259,-23.2,137.7,26.2,1240,5596.7,6.891082,8.547335,-5.59235,2.23694,4.026492,5.816044,0,0.894776,-4.5,0.6,4.5,144.8,144.8,146.5,Tripod,Other,,21,5,True,,True,False,,Smart,RC,False,True,False,,,True,,False,False,False,False,False,False,False,False,False,False,0,Follow Yaw,-77.9,0,136.6,136.6,False,False,False,False,False,,0,0,False,False,No Card,100,100,1024,1418,1024,1024,2,False,False,False,False,False,0,False,False,False,False,66,,46.128,,6628,,10044,,46.128,,True,3.845,3.845,3.845,3.845,3.845,3.845,3.845,3.845,3.845,3.845,3.845,3.845,0,,False,False,True,,,,,,,,,,,,,,,False,False,19.606,,105.0,,75.7,,105.0,,1235,124,,22,7,144916.3,19322.18,,Idle,,20,,10,,,20,Go Home,False,False,False,False,False,False,False,False,False,False,False,False,33.8027920380556,-117.4659261431046,4027.4,4027.4,1049.4,396.9,True,1,1,False,False,False,False,,True,False,False,Course Lock,196.8,67,16.4,93,NW,S,2.46,11.4,Calm,False,False,Android,7.0.2,M300 RTK,1ZN7L4R0H1D00F,1W9DL31001461C,1ZMLH8300204F0,1Z6PH74DAP0QN7,"Corona, CA",728.3,5.7,137.7,8.547347,2.013246,0,0,DJI Matrice 300 RTK,M300 RTK,1ZN7L4R0H1D00F,1W9DL31001461C,1ZMLH8300204F0,1Z6PH74DAP0QN7,DJI Pilot,Android,7.0.2,1EF72A62-B7C3-C88D-164E-CE6F8C8424AE,1ZN7L4R0H1D00F,1W9DL31001461C,,1ZMLH8300204F0,1W9DL31001461C,,,,,
2023-11-01,11:34:59.14 AM,10m 36.8s,636.8,33.794109015655,-117.4741322497446,-23.2,137.7,25.9,1240,5597.8,7.073825,8.547335,-5.816044,2.23694,4.026492,5.816044,0,0.894776,-4.2,0.5,4.2,144.8,144.8,144.7,Tripod,Other,,21,5,True,,True,False,,Smart,RC,False,True,False,,,True,,False,False,False,False,False,False,False,False,False,False,0,Follow Yaw,-77.9,0,136.6,136.6,False,False,False,False,False,,0,0,False,False,No Card,100,100,1024,1432,1006,1024,2,False,False,False,False,False,0,False,False,False,False,66,,46.128,,6628,,10044,,46.128,,True,3.845,3.845,3.845,3.845,3.845,3.845,3.845,3.845,3.845,3.845,3.845,3.845,0,,False,False,True,,,,,,,,,,,,,,,False,False,19.606,,105.0,,75.7,,105.0,,1235,124,,22,7,144916.3,19322.18,,Idle,,20,,10,,,20,Go Home,False,False,False,False,False,False,False,False,False,False,False,False,33.8027920380556,-117.4659261431046,4027.7,4027.7,1049.4,396.9,True,1,1,False,False,False,False,,True,False,False,Course Lock,196.8,67,16.4,93,NW,S,2.46,11.4,Calm,False,False,Android,7.0.2,M300 RTK,1ZN7L4R0H1D00F,1W9DL31001461C,1ZMLH8300204F0,1Z6PH74DAP0QN7,"Corona, CA",728.3,5.7,137.7,8.547347,2.013246,0,0,DJI Matrice 300 RTK,M300 RTK,1ZN7L4R0H1D00F,1W9DL31001461C,1ZMLH8300204F0,1Z6PH74DAP0QN7,DJI Pilot,Android,7.0.2,1EF72A62-B7C3-C88D-164E-CE6F8C8424AE,1ZN7L4R0H1D00F,1W9DL31001461C,,1ZMLH8300204F0,1W9DL31001461C,,,,,
2023-11-01,11:34:59.24 AM,10m 36.9s,636.9,33.7941066160652,-117.4741303830813,-23.2,137.7,26.2,1240,5598.9,7.203502,8.547335,-5.816044,2.23694,4.250186,5.816044,0,0.894776,-3.7,0.2,3.7,144.8,144.8,147.1,Tripod,Other,,21,5,True,,True,False,,Smart,RC,False,True,False,,,True,,False,False,False,False,False,False,False,False,False,False,0,Follow Yaw,-77.9,0,136.6,136.6,False,False,False,False,False,,0,0,False,False,No Card,100,100,1024,1446,835,1024,2,False,False,False,False,False,0,False,False,False,False,66,,46.128,,6628,,10044,,46.128,,True,3.845,3.845,3.845,3.845,3.845,3.845,3.845,3.845,3.845,3.845,3.845,3.845,0,,False,False,True,,,,,,,,,,,,,,,False,False,19.606,,105.0,,75.7,,105.0,,1235,124,,22,7,144916.3,19322.18,,Idle,,20,,10,,,20,Go Home,False,False,False,False,False,False,False,False,False,False,False,False,33.8027920380556,-117.4659261431046,4028.1,4028.1,1049.4,396.9,True,1,1,False,False,False,False,,True,False,False,Course Lock,196.8,67,16.4,93,NW,S,2.46,11.4,Calm,False,False,Android,7.0.2,M300 RTK,1ZN7L4R0H1D00F,1W9DL31001461C,1ZMLH8300204F0,1Z6PH74DAP0QN7,"Corona, CA",728.3,5.7,137.7,8.547347,2.013246,0,0,DJI Matrice 300 RTK,M300 RTK,1ZN7L4R0H1D00F,1W9DL31001461C,1ZMLH8300204F0,1Z6PH74DAP0QN7,DJI Pilot,Android,7.0.2,1EF72A62-B7C3-C88D-164E-CE6F8C8424AE,1ZN7L4R0H1D00F,1W9DL31001461C,,1ZMLH8300204F0,1W9DL31001461C,,,,,
2023-11-01,11:34:59.34 AM,10m 37.0s,637.0,33.7941041188855,-117.474128281142,-23.2,137.7,26.2,1240,5600.0,7.203502,8.547335,-5.816044,2.23694,4.250186,5.816044,0,0.894776,-3.2,0.1,3.2,144.8,144.8,145.0,Tripod,Other,,21,5,True,,True,False,,Smart,RC,False,True,False,,,True,,False,False,False,False,False,False,False,False,False,False,0,Follow Yaw,-77.9,0,136.6,136.6,False,False,False,False,False,,0,0,False,False,No Card,100,100,1024,1451,752,1024,2,False,False,False,False,False,0,False,False,False,False,66,,46.116,,3290,,4986,,46.116,,True,3.845,3.845,3.845,3.845,3.845,3.845,3.845,3.845,3.845,3.845,3.845,3.845,0,,False,False,True,,,,,,,,,,,,,,,False,False,9.796,,104.9,,75.7,,105.0,,1235,124,,22,7,144916.3,19322.18,,Idle,,20,,10,,,20,Go Home,False,False,False,False,False,False,False,False,False,False,False,False,33.8027920380556,-117.4659261431046,4028.4,4028.4,1049.4,396.9,True,1,1,False,False,False,False,,True,False,False,Course Lock,196.8,67,16.4,93,NW,S,2.23,11.4,Calm,False,False,Android,7.0.2,M300 RTK,1ZN7L4R0H1D00F,1W9DL31001461C,1ZMLH8300204F0,1Z6PH74DAP0QN7,"Corona, CA",728.3,5.7,137.7,8.547347,2.013246,0,0,DJI Matrice 300 RTK,M300 RTK,1ZN7L4R0H1D00F,1W9DL31001461C,1ZMLH8300204F0,1Z6PH74DAP0QN7,DJI Pilot,Android,7.0.2,1EF72A62-B7C3-C88D-164E-CE6F8C8424AE,1ZN7L4R0H1D00F,1W9DL31001461C,,1ZMLH8300204F0,1W9DL31001461C,,,,,
2023-11-01,11:34:59.44 AM,10m 37.1s,637.1,33.7941015860689,-117.474126158215,-23.2,137.7,25.9,1240,5601.1,7.203502,8.547335,-5.816044,2.23694,4.250186,5.816044,0,0.894776,-3.1,0.1,3.1,144.8,144.8,145.1,Tripod,Other,,21,5,True,,True,False,,Smart,RC,False,True,False,,,True,,False,False,False,False,False,False,False,False,False,False,0,Follow Yaw,-77.9,0,136.6,136.6,False,False,False,False,False,,0,0,False,False,No Card,100,100,1024,1449,732,1024,2,False,False,False,False,False,0,False,False,False,False,66,,46.116,,3290,,4986,,46.116,,True,3.845,3.845,3.845,3.845,3.845,3.845,3.845,3.845,3.845,3.845,3.845,3.845,0,,False,False,True,,,,,,,,,,,,,,,False,False,9.796,,104.9,,75.7,,105.0,,1235,124,,22,7,144916.3,19322.18,,Idle,,20,,10,,,20,Go Home,False,False,False,False,False,False,False,False,False,False,False,False,33.8027920380556,-117.4659261431046,4028.7,4028.7,1049.4,396.9,True,1,1,False,False,False,False,,True,False,False,Course Lock,196.8,67,16.4,93,NW,S,2.23,11.4,Calm,False,False,Android,7.0.2,M300 RTK,1ZN7L4R0H1D00F,1W9DL31001461C,1ZMLH8300204F0,1Z6PH74DAP0QN7,"Corona, CA",728.3,5.7,137.7,8.547347,2.013246,0,0,DJI Matrice 300 RTK,M300 RTK,1ZN7L4R0H1D00F,1W9DL31001461C,1ZMLH8300204F0,1Z6PH74DAP0QN7,DJI Pilot,Android,7.0.2,1EF72A62-B7C3-C88D-164E-CE6F8C8424AE,1ZN7L4R0H1D00F,1W9DL31001461C,,1ZMLH8300204F0,1W9DL31001461C,,,,,
2023-11-01,11:34:59.54 AM,10m 37.2s,637.2,33.7940990642175,-117.4741240382981,-23.2,137.7,25.9,1240,5602.2,7.203502,8.547335,-5.816044,2.23694,4.250186,5.816044,0,0.894776,-3.3,0.2,3.3,144.7,144.7,145.0,Tripod,Other,,21,5,True,,True,False,,Smart,RC,False,True,False,,,True,,False,False,False,False,False,False,False,False,False,False,0,Follow Yaw,-77.9,0,136.6,136.6,False,False,False,False,False,,0,0,False,False,No Card,100,100,1024,1439,705,1024,2,False,False,False,False,False,0,False,False,False,False,66,,46.116,,3290,,4986,,46.116,,True,3.845,3.845,3.845,3.845,3.845,3.845,3.845,3.845,3.845,3.845,3.845,3.845,0,,False,False,True,,,,,,,,,,,,,,,False,False,9.796,,104.9,,75.7,,105.0,,1235,124,,22,7,144916.3,19322.18,,Idle,,20,,10,,,20,Go Home,False,False,False,False,False,False,False,False,False,False,False,False,33.8027920380556,-117.4659261431046,4029.1,4029.1,1049.4,396.9,True,1,1,False,False,False,False,,True,False,False,Course Lock,196.8,67,16.4,93,NW,S,2.23,11.4,Calm,False,False,Android,7.0.2,M300 RTK,1ZN7L4R0H1D00F,1W9DL31001461C,1ZMLH8300204F0,1Z6PH74DAP0QN7,"Corona, CA",728.3,5.7,137.7,8.547347,2.013246,0,0,DJI Matrice 300 RTK,M300 RTK,1ZN7L4R0H1D00F,1W9DL31001461C,1ZMLH8300204F0,1Z6PH74DAP0QN7,DJI Pilot,Android,7.0.2,1EF72A62-B7C3-C88D-164E-CE6F8C8424AE,1ZN7L4R0H1D00F,1W9DL31001461C,,1ZMLH8300204F0,1W9DL31001461C,,,,,
2023-11-01,11:34:59.64 AM,10m 37.3s,637.3,33.7940965761525,-117.4741220054243,-23.2,137.7,25.9,1240,5603.3,7.38529,8.547335,-6.039738,2.23694,4.250186,5.816044,0.223694,0.894776,-3.5,0.3,3.5,144.8,144.8,145.8,Tripod,Other,,21,5,True,,True,False,,Smart,RC,False,True,False,,,True,,False,False,False,False,False,False,False,False,False,False,0,Follow Yaw,-77.9,0,136.6,136.6,False,False,False,False,False,,0,0,False,False,No Card,100,100,1024,1430,909,1024,2,False,False,False,False,False,0,False,False,False,False,66,,46.116,,3290,,4986,,46.116,,True,3.849,3.849,3.849,3.849,3.849,3.849,3.849,3.849,3.849,3.849,3.849,3.849,0,,False,False,True,,,,,,,,,,,,,,,False,False,9.796,,104.9,,75.7,,105.0,,1235,124,,22,7,144590.2,19278.69,,Idle,,20,,10,,,20,Go Home,False,False,False,False,False,False,False,False,False,False,False,False,33.8027920380556,-117.4659261431046,4029.4,4029.4,1049.4,396.9,True,1,1,False,False,False,False,,True,False,False,Course Lock,196.8,67,16.4,93,NW,S,2.23,11.4,Calm,False,False,Android,7.0.2,M300 RTK,1ZN7L4R0H1D00F,1W9DL31001461C,1ZMLH8300204F0,1Z6PH74DAP0QN7,"Corona, CA",728.3,5.7,137.7,8.547347,2.013246,0,0,DJI Matrice 300 RTK,M300 RTK,1ZN7L4R0H1D00F,1W9DL31001461C,1ZMLH8300204F0,1Z6PH74DAP0QN7,DJI Pilot,Android,7.0.2,1EF72A62-B7C3-C88D-164E-CE6F8C8424AE,1ZN7L4R0H1D00F,1W9DL31001461C,,1ZMLH8300204F0,1W9DL31001461C,,,,,
2023-11-01,11:34:59.74 AM,10m 37.4s,637.4,33.7940940301092,-117.4741198770958,-23.2,137.7,25.9,1240,5604.5,7.38529,8.547335,-6.039738,2.23694,4.250186,5.816044,0.223694,0.894776,-3.5,0.3,3.5,144.7,144.7,145.2,Tripod,Other,,21,5,True,,True,False,,Smart,RC,False,True,False,,,True,,False,False,False,False,False,False,False,False,False,False,0,Follow Yaw,-77.9,0,136.6,136.6,False,False,False,False,False,,0,0,False,False,No Card,100,100,1024,1426,846,1024,2,False,False,False,False,False,0,False,False,False,False,66,,46.116,,3290,,4986,,46.116,,True,3.849,3.849,3.849,3.849,3.849,3.849,3.849,3.849,3.849,3.849,3.849,3.849,0,,False,False,True,,,,,,,,,,,,,,,False,False,9.796,,104.9,,75.7,,105.0,,1235,124,,22,7,144590.2,19278.69,,Idle,,20,,10,,,20,Go Home,False,False,False,False,False,False,False,False,False,False,False,False,33.8027920380556,-117.4659261431046,4029.7,4029.7,1049.4,396.9,True,1,1,False,False,False,False,,True,False,False,Course Lock,196.8,67,16.4,93,NW,S,2.23,11.4,Calm,False,False,Android,7.0.2,M300 RTK,1ZN7L4R0H1D00F,1W9DL31001461C,1ZMLH8300204F0,1Z6PH74DAP0QN7,"Corona, CA",728.3,5.7,137.7,8.547347,2.013246,0,0,DJI Matrice 300 RTK,M300 RTK,1ZN7L4R0H1D00F,1W9DL31001461C,1ZMLH8300204F0,1Z6PH74DAP0QN7,DJI Pilot,Android,7.0.2,1EF72A62-B7C3-C88D-164E-CE6F8C8424AE,1ZN7L4R0H1D00F,1W9DL31001461C,,1ZMLH8300204F0,1W9DL31001461C,,,,,
2023-11-01,11:34:59.82 AM,10m 37.5s,637.5,33.7940914622041,-117.4741177333874,-23.2,137.7,25.9,1240,5605.6,7.38529,8.547335,-6.039738,2.23694,4.250186,5.816044,0.223694,0.894776,-3.2,0.1,3.2,144.7,144.7,145.2,Tripod,Other,,21,5,True,,True,False,,Smart,RC,False,True,False,,,True,,False,False,False,False,False,False,False,False,False,False,0,Follow Yaw,-77.9,0,136.6,136.6,False,False,False,False,False,,0,0,False,False,No Card,100,100,1024,1426,648,1024,2,False,False,False,False,False,0,False,False,False,False,66,,46.116,,3290,,4986,,46.116,,True,3.849,3.849,3.849,3.849,3.849,3.849,3.849,3.849,3.849,3.849,3.849,3.849,0,,False,False,True,,,,,,,,,,,,,,,False,False,9.796,,104.9,,75.7,,105.0,,1235,124,,22,7,144590.2,19278.69,,Idle,,20,,10,,,20,Go Home,False,False,False,False,False,False,False,False,False,False,False,False,33.8027920380556,-117.4659261431046,4030.1,4030.1,1049.4,396.9,True,1,1,False,False,False,False,,True,False,False,Course Lock,196.8,67,16.4,93,NW,S,2.23,11.4,Calm,False,False,Android,7.0.2,M300 RTK,1ZN7L4R0H1D00F,1W9DL31001461C,1ZMLH8300204F0,1Z6PH74DAP0QN7,"Corona, CA",728.3,5.7,137.7,8.547347,2.013246,0,0,DJI Matrice 300 RTK,M300 RTK,1ZN7L4R0H1D00F,1W9DL31001461C,1ZMLH8300204F0,1Z6PH74DAP0QN7,DJI Pilot,Android,7.0.2,1EF72A62-B7C3-C88D-164E-CE6F8C8424AE,1ZN7L4R0H1D00F,1W9DL31001461C,,1ZMLH8300204F0,1W9DL31001461C,,,,,
2023-11-01,11:34:59.92 AM,10m 37.6s,637.6,33.7940888877199,-117.4741155801541,-23.2,137.7,25.9,1240,5606.7,7.38529,8.547335,-6.039738,2.23694,4.250186,5.816044,0.223694,0.894776,-2.7,0,2.7,144.7,144.7,145.1,Tripod,Other,,21,5,True,,True,False,,Smart,RC,False,True,False,,,True,,False,False,False,False,False,False,False,False,False,False,0,Follow Yaw,-77.9,0,136.6,136.6,False,False,False,False,False,,0,0,False,False,No Card,100,100,1024,1414,644,1024,2,False,False,False,False,False,0,False,False,False,False,66,,46.116,,3290,,4986,,46.116,,True,3.849,3.849,3.849,3.849,3.849,3.849,3.849,3.849,3.849,3.849,3.849,3.849,0,,False,False,True,,,,,,,,,,,,,,,False,False,9.796,,104.9,,75.7,,105.0,,1235,124,,22,7,144590.2,19278.69,,Idle,,20,,10,,,20,Go Home,False,False,False,False,False,False,False,False,False,False,False,False,33.8027920380556,-117.4659261431046,4030.4,4030.4,1049.4,396.9,True,1,1,False,False,False,False,,True,False,False,Course Lock,196.8,67,16.4,93,NW,S,2.23,11.4,Calm,False,False,Android,7.0.2,M300 RTK,1ZN7L4R0H1D00F,1W9DL31001461C,1ZMLH8300204F0,1Z6PH74DAP0QN7,"Corona, CA",728.3,5.7,137.7,8.547347,2.013246,0,0,DJI Matrice 300 RTK,M300 RTK,1ZN7L4R0H1D00F,1W9DL31001461C,1ZMLH8300204F0,1Z6PH74DAP0QN7,DJI Pilot,Android,7.0.2,1EF72A62-B7C3-C88D-164E-CE6F8C8424AE,1ZN7L4R0H1D00F,1W9DL31001461C,,1ZMLH8300204F0,1W9DL31001461C,,,,,
2023-11-01,11:35:00.03 AM,10m 37.7s,637.7,33.7940862278445,-117.4741133047472,-23.6,137.7,25.9,1240,5607.9,7.38529,8.547335,-6.039738,2.23694,4.250186,5.816044,0.447388,0.894776,-2.4,0.2,2.4,144.8,144.8,144.5,Tripod,Other,,21,5,True,,True,False,,Smart,RC,False,True,False,,,True,,False,False,False,False,False,False,False,False,False,False,0,Follow Yaw,-77.9,0,136.6,136.6,False,False,False,False,False,,0,0,False,False,No Card,100,100,1024,1379,673,1024,2,False,False,False,False,False,0,False,False,False,False,66,,46.116,,3290,,4986,,46.116,,True,3.849,3.849,3.849,3.849,3.849,3.849,3.849,3.849,3.849,3.849,3.849,3.849,0,,False,False,True,,,,,,,,,,,,,,,False,False,9.796,,104.9,,75.7,,105.0,,1235,124,,22,7,144590.2,19278.69,,Idle,,20,,10,,,20,Go Home,False,False,False,False,False,False,False,False,False,False,False,False,33.8027920380556,-117.4659261431046,4030.7,4030.7,1049.4,396.9,True,1,1,False,False,False,False,,True,False,False,Course Lock,196.8,67,16.4,93,NW,S,2.23,11.4,Calm,False,False,Android,7.0.2,M300 RTK,1ZN7L4R0H1D00F,1W9DL31001461C,1ZMLH8300204F0,1Z6PH74DAP0QN7,"Corona, CA",728.3,5.7,137.7,8.547347,2.013246,0,0,DJI Matrice 300 RTK,M300 RTK,1ZN7L4R0H1D00F,1W9DL31001461C,1ZMLH8300204F0,1Z6PH74DAP0QN7,DJI Pilot,Android,7.0.2,1EF72A62-B7C3-C88D-164E-CE6F8C8424AE,1ZN7L4R0H1D00F,1W9DL31001461C,,1ZMLH8300204F0,1W9DL31001461C,,,,,
2023-11-01,11:35:00.13 AM,10m 37.8s,637.8,33.7940836442455,-117.4741111312684,-23.6,137.7,25.5,1240,5609.1,7.38529,8.547335,-6.039738,2.23694,4.250186,5.816044,0.447388,0.894776,-2.5,0.3,2.5,144.8,144.8,145.0,Tripod,Other,,21,5,True,,True,False,,Smart,RC,False,True,False,,,True,,False,False,False,False,False,False,False,False,False,False,0,Follow Yaw,-77.9,0,136.6,136.6,False,False,False,False,False,,0,0,False,False,No Card,100,100,1024,1339,687,1024,2,False,False,False,False,False,0,False,False,False,False,66,,46.116,,3290,,4986,,46.116,,True,3.849,3.849,3.849,3.849,3.849,3.849,3.849,3.849,3.849,3.849,3.849,3.849,0,,False,False,True,,,,,,,,,,,,,,,False,False,9.796,,104.9,,75.7,,105.0,,1235,124,,22,7,144590.2,19278.69,,Idle,,20,,10,,,20,Go Home,False,False,False,False,False,False,False,False,False,False,False,False,33.8027920380556,-117.4659261431046,4031.1,4031.1,1049.4,396.9,True,1,1,False,False,False,False,,True,False,False,Course Lock,196.8,67,16.4,93,NW,S,2.23,11.4,Calm,False,False,Android,7.0.2,M300 RTK,1ZN7L4R0H1D00F,1W9DL31001461C,1ZMLH8300204F0,1Z6PH74DAP0QN7,"Corona, CA",728.3,5.7,137.7,8.547347,2.013246,0,0,DJI Matrice 300 RTK,M300 RTK,1ZN7L4R0H1D00F,1W9DL31001461C,1ZMLH8300204F0,1Z6PH74DAP0QN7,DJI Pilot,Android,7.0.2,1EF72A62-B7C3-C88D-164E-CE6F8C8424AE,1ZN7L4R0H1D00F,1W9DL31001461C,,1ZMLH8300204F0,1W9DL31001461C,,,,,
2023-11-01,11:35:00.24 AM,10m 37.9s,637.9,33.7940809256379,-117.4741090853649,-23.6,137.7,25.5,1240,5610.3,7.38529,8.547335,-6.039738,2.23694,4.250186,5.816044,0.671082,0.894776,-2.5,0.3,2.5,144.9,144.9,147.9,Tripod,Other,,21,5,True,,True,False,,Smart,RC,False,True,False,,,True,,False,False,False,False,False,False,False,False,False,False,0,Follow Yaw,-77.9,0,136.6,136.6,False,False,False,False,False,,0,0,False,False,No Card,100,100,1024,1312,675,1024,2,False,False,False,False,False,0,False,False,False,False,66,,46.116,,3290,,4986,,46.116,,True,3.849,3.849,3.849,3.849,3.849,3.849,3.849,3.849,3.849,3.849,3.849,3.849,0,,False,False,True,,,,,,,,,,,,,,,False,False,9.796,,104.9,,75.7,,105.0,,1235,124,,22,7,144590.2,19278.69,,Idle,,20,,10,,,20,Go Home,False,False,False,False,False,False,False,False,False,False,False,False,33.8027920380556,-117.4659261431046,4031.5,4031.5,1049.4,396.9,True,1,1,False,False,False,False,,True,False,False,Course Lock,196.8,67,16.4,93,NW,S,2.46,11.4,Calm,False,False,Android,7.0.2,M300 RTK,1ZN7L4R0H1D00F,1W9DL31001461C,1ZMLH8300204F0,1Z6PH74DAP0QN7,"Corona, CA",728.3,5.7,137.7,8.547347,2.013246,0,0,DJI Matrice 300 RTK,M300 RTK,1ZN7L4R0H1D00F,1W9DL31001461C,1ZMLH8300204F0,1Z6PH74DAP0QN7,DJI Pilot,Android,7.0.2,1EF72A62-B7C3-C88D-164E-CE6F8C8424AE,1ZN7L4R0H1D00F,1W9DL31001461C,,1ZMLH8300204F0,1W9DL31001461C,,,,,
2023-11-01,11:35:00.34 AM,10m 38.0s,638.0,33.794078317984,-117.4741069249571,-23.6,137.7,25.5,1240,5611.4,7.38529,8.547335,-6.039738,2.23694,4.250186,5.816044,0.671082,0.894776,-2.3,0.3,2.3,144.9,144.9,145.4,Tripod,Other,,21,5,True,,True,False,,Smart,RC,False,True,False,,,True,,False,False,False,False,False,False,False,False,False,False,0,Follow Yaw,-77.9,0,136.6,136.6,False,False,False,False,False,,0,0,False,False,No Card,100,100,1024,1254,584,1024,2,False,False,False,False,False,0,False,False,False,False,66,,46.128,,6628,,10044,,46.128,,True,3.849,3.849,3.849,3.849,3.849,3.849,3.849,3.849,3.849,3.849,3.849,3.849,0,,False,False,True,,,,,,,,,,,,,,,False,False,19.236,,105.0,,75.7,,105.0,,1235,124,,22,7,144590.2,19278.69,,Idle,,20,,10,,,20,Go Home,False,False,False,False,False,False,False,False,False,False,False,False,33.8027920380556,-117.4659261431046,4031.8,4031.8,1049.4,396.9,True,1,1,False,False,False,False,,True,False,False,Course Lock,196.8,67,16.4,93,NW,S,2.46,11.4,Calm,False,False,Android,7.0.2,M300 RTK,1ZN7L4R0H1D00F,1W9DL31001461C,1ZMLH8300204F0,1Z6PH74DAP0QN7,"Corona, CA",728.3,5.7,137.7,8.547347,2.013246,0,0,DJI Matrice 300 RTK,M300 RTK,1ZN7L4R0H1D00F,1W9DL31001461C,1ZMLH8300204F0,1Z6PH74DAP0QN7,DJI Pilot,Android,7.0.2,1EF72A62-B7C3-C88D-164E-CE6F8C8424AE,1ZN7L4R0H1D00F,1W9DL31001461C,,1ZMLH8300204F0,1W9DL31001461C,,,,,
2023-11-01,11:35:00.44 AM,10m 38.1s,638.1,33.7940756752417,-117.4741047827331,-23.9,137.7,25.2,1240,5612.6,7.38529,8.547335,-6.039738,2.23694,4.250186,5.816044,0.671082,0.894776,-1.8,0.3,1.8,144.9,144.9,146.0,Tripod,Other,,21,5,True,,True,False,,Smart,RC,False,True,False,,,True,,False,False,False,False,False,False,False,False,False,False,0,Follow Yaw,-77.9,0,136.6,136.6,False,False,False,False,False,,0,0,False,False,No Card,100,100,1024,1181,520,1024,2,False,False,False,False,False,0,False,False,False,False,66,,46.128,,6628,,10044,,46.128,,True,3.849,3.849,3.849,3.849,3.849,3.849,3.849,3.849,3.849,3.849,3.849,3.849,0,,False,False,True,,,,,,,,,,,,,,,False,False,19.236,,105.0,,75.7,,105.0,,1235,124,,22,7,144590.2,19278.69,,Idle,,20,,10,,,20,Go Home,False,False,False,False,False,False,False,False,False,False,False,False,33.8027920380556,-117.4659261431046,4032.2,4032.2,1049.4,396.9,True,1,1,False,False,False,False,,True,False,False,Course Lock,196.8,67,16.4,93,NW,S,2.46,11.4,Calm,False,False,Android,7.0.2,M300 RTK,1ZN7L4R0H1D00F,1W9DL31001461C,1ZMLH8300204F0,1Z6PH74DAP0QN7,"Corona, CA",728.3,5.7,137.7,8.547347,2.013246,0,0,DJI Matrice 300 RTK,M300 RTK,1ZN7L4R0H1D00F,1W9DL31001461C,1ZMLH8300204F0,1Z6PH74DAP0QN7,DJI Pilot,Android,7.0.2,1EF72A62-B7C3-C88D-164E-CE6F8C8424AE,1ZN7L4R0H1D00F,1W9DL31001461C,,1ZMLH8300204F0,1W9DL31001461C,,,,,
2023-11-01,11:35:00.55 AM,10m 38.2s,638.2,33.7940730671766,-117.4741026340767,-23.9,137.7,25.2,1240,5613.7,7.38529,8.547335,-6.039738,2.23694,4.250186,5.816044,0.894776,0.894776,-1.3,0.3,1.3,144.9,144.9,145.6,Tripod,Other,,21,5,True,,True,False,,Smart,RC,False,True,False,,,True,,False,False,False,False,False,False,False,False,False,False,0,Follow Yaw,-77.9,0,136.6,136.6,False,False,False,False,False,,0,0,False,False,No Card,100,100,1024,1136,596,1024,2,False,False,False,False,False,0,False,False,False,False,66,,46.128,,6628,,10044,,46.128,,True,3.849,3.849,3.849,3.849,3.849,3.849,3.849,3.849,3.849,3.849,3.849,3.849,0,,False,False,True,,,,,,,,,,,,,,,False,False,19.236,,105.0,,75.7,,105.0,,1235,124,,22,7,144590.2,19278.69,,Idle,,20,,10,,,20,Go Home,False,False,False,False,False,False,False,False,False,False,False,False,33.8027920380556,-117.4659261431046,4032.5,4032.5,1049.4,396.9,True,1,1,False,False,False,False,,True,False,False,Course Lock,196.8,67,16.4,93,NW,S,2.46,11.4,Calm,False,False,Android,7.0.2,M300 RTK,1ZN7L4R0H1D00F,1W9DL31001461C,1ZMLH8300204F0,1Z6PH74DAP0QN7,"Corona, CA",728.3,5.7,137.7,8.547347,2.013246,0,0,DJI Matrice 300 RTK,M300 RTK,1ZN7L4R0H1D00F,1W9DL31001461C,1ZMLH8300204F0,1Z6PH74DAP0QN7,DJI Pilot,Android,7.0.2,1EF72A62-B7C3-C88D-164E-CE6F8C8424AE,1ZN7L4R0H1D00F,1W9DL31001461C,,1ZMLH8300204F0,1W9DL31001461C,,,,,
2023-11-01,11:35:00.65 AM,10m 38.3s,638.3,33.7940703495285,-117.4741005509397,-24.2,137.7,25.2,1239,5614.9,7.38529,8.547335,-6.039738,2.23694,4.250186,5.816044,0.894776,0.894776,-0.5,0.2,0.5,144.9,144.9,147.5,Tripod,Other,,21,5,True,,True,False,,Smart,RC,False,True,False,,,True,,False,False,False,False,False,False,False,False,False,False,0,Follow Yaw,-77.9,0,136.6,136.6,False,False,False,False,False,,0,0,False,False,No Card,100,100,1024,1127,683,1024,2,False,False,False,False,False,0,False,False,False,False,66,,46.128,,6628,,10044,,46.128,,True,3.848,3.848,3.848,3.848,3.848,3.848,3.848,3.848,3.848,3.848,3.848,3.848,0,,False,False,True,,,,,,,,,,,,,,,False,False,19.236,,105.0,,75.7,,105.0,,1235,124,,22,7,144491.7,19265.57,,Idle,,20,,10,,,20,Go Home,False,False,False,False,False,False,False,False,False,False,False,False,33.8027920380556,-117.4659261431046,4032.9,4032.9,1049.4,396.9,True,1,1,False,False,False,False,,True,False,False,Course Lock,196.8,67,16.4,93,NW,S,2.46,11.4,Calm,False,False,Android,7.0.2,M300 RTK,1ZN7L4R0H1D00F,1W9DL31001461C,1ZMLH8300204F0,1Z6PH74DAP0QN7,"Corona, CA",728.3,5.7,137.7,8.547347,2.013246,0,0,DJI Matrice 300 RTK,M300 RTK,1ZN7L4R0H1D00F,1W9DL31001461C,1ZMLH8300204F0,1Z6PH74DAP0QN7,DJI Pilot,Android,7.0.2,1EF72A62-B7C3-C88D-164E-CE6F8C8424AE,1ZN7L4R0H1D00F,1W9DL31001461C,,1ZMLH8300204F0,1W9DL31001461C,,,,,
2023-11-01,11:35:00.75 AM,10m 38.4s,638.4,33.7940677579797,-117.4740984382798,-24.2,137.7,24.9,1239,5616.0,7.38529,8.547335,-6.039738,2.23694,4.250186,5.816044,1.11847,1.11847,0.7,0,0.7,144.9,144.9,145.8,Tripod,Other,,21,5,True,,True,False,,Smart,RC,False,True,False,,,True,,False,False,False,False,False,False,False,False,False,False,0,Follow Yaw,-77.9,0,136.6,136.6,False,False,False,False,False,,0,0,False,False,No Card,100,100,1024,1135,637,1024,2,False,False,False,False,False,0,False,False,False,False,66,,46.128,,6628,,10044,,46.128,,True,3.848,3.848,3.848,3.848,3.848,3.848,3.848,3.848,3.848,3.848,3.848,3.848,0,,False,False,True,,,,,,,,,,,,,,,False,False,19.236,,105.0,,75.7,,105.0,,1235,124,,22,7,144491.7,19265.57,,Idle,,20,,10,,,20,Go Home,False,False,False,False,False,False,False,False,False,False,False,False,33.8027920380556,-117.4659261431046,4033.3,4033.3,1049.4,396.9,True,1,1,False,False,False,False,,True,False,False,Course Lock,196.8,67,16.4,93,NW,S,2.46,11.4,Calm,False,False,Android,7.0.2,M300 RTK,1ZN7L4R0H1D00F,1W9DL31001461C,1ZMLH8300204F0,1Z6PH74DAP0QN7,"Corona, CA",728.3,5.7,137.7,8.547347,2.013246,0,0,DJI Matrice 300 RTK,M300 RTK,1ZN7L4R0H1D00F,1W9DL31001461C,1ZMLH8300204F0,1Z6PH74DAP0QN7,DJI Pilot,Android,7.0.2,1EF72A62-B7C3-C88D-164E-CE6F8C8424AE,1ZN7L4R0H1D00F,1W9DL31001461C,,1ZMLH8300204F0,1W9DL31001461C,,,,,
2023-11-01,11:35:00.86 AM,10m 38.5s,638.5,33.7940650912511,-117.474096367925,-24.6,137.7,24.6,1239,5617.2,7.073825,8.547335,-5.816044,2.23694,4.026492,5.816044,1.11847,1.11847,2,0,2,145,145,147.1,Tripod,Other,,21,5,True,,True,False,,Smart,RC,False,True,False,,,True,,False,False,False,False,False,False,False,False,False,False,0,Follow Yaw,-77.9,0,136.6,136.6,False,False,False,False,False,,0,0,False,False,No Card,100,100,1024,1139,633,1024,2,False,False,False,False,False,0,False,False,False,False,66,,46.128,,6628,,10044,,46.128,,True,3.848,3.848,3.848,3.848,3.848,3.848,3.848,3.848,3.848,3.848,3.848,3.848,0,,False,False,True,,,,,,,,,,,,,,,False,False,19.236,,105.0,,75.7,,105.0,,1235,124,,22,7,144491.7,19265.57,,Idle,,20,,10,,,20,Go Home,False,False,False,False,False,False,False,False,False,False,False,False,33.8027920380556,-117.4659261431046,4033.7,4033.7,1049.4,396.9,True,1,1,False,False,False,False,,True,False,False,Course Lock,196.8,67,16.4,93,NW,S,2.46,11.4,Calm,False,False,Android,7.0.2,M300 RTK,1ZN7L4R0H1D00F,1W9DL31001461C,1ZMLH8300204F0,1Z6PH74DAP0QN7,"Corona, CA",728.3,5.7,137.7,8.547347,2.013246,0,0,DJI Matrice 300 RTK,M300 RTK,1ZN7L4R0H1D00F,1W9DL31001461C,1ZMLH8300204F0,1Z6PH74DAP0QN7,DJI Pilot,Android,7.0.2,1EF72A62-B7C3-C88D-164E-CE6F8C8424AE,1ZN7L4R0H1D00F,1W9DL31001461C,,1ZMLH8300204F0,1W9DL31001461C,,,,,
2023-11-01,11:35:00.96 AM,10m 38.6s,638.6,33.7940625735116,-117.4740943219802,-24.6,137.7,24.6,1239,5618.3,7.073825,8.547335,-5.816044,2.23694,4.026492,5.816044,1.11847,1.11847,2.8,0,2.8,145.1,145.1,145.9,Tripod,Other,,21,5,True,,True,False,,Smart,RC,False,True,False,,,True,,False,False,False,False,False,False,False,False,False,False,0,Follow Yaw,-77.9,0,136.6,136.6,False,False,False,False,False,,0,0,False,False,No Card,100,100,1024,1126,665,1024,2,False,False,False,False,False,0,False,False,False,False,66,,46.128,,6628,,10044,,46.128,,True,3.848,3.848,3.848,3.848,3.848,3.848,3.848,3.848,3.848,3.848,3.848,3.848,0,,False,False,True,,,,,,,,,,,,,,,False,False,19.236,,105.0,,75.7,,105.0,,1235,124,,22,7,144491.7,19265.57,,Idle,,20,,10,,,20,Go Home,False,False,False,False,False,False,False,False,False,False,False,False,33.8027920380556,-117.4659261431046,4034.0,4034.0,1049.4,396.9,True,1,1,False,False,False,False,,True,False,False,Course Lock,196.8,67,16.4,93,NW,S,2.46,11.4,Calm,False,False,Android,7.0.2,M300 RTK,1ZN7L4R0H1D00F,1W9DL31001461C,1ZMLH8300204F0,1Z6PH74DAP0QN7,"Corona, CA",728.3,5.7,137.7,8.547347,2.013246,0,0,DJI Matrice 300 RTK,M300 RTK,1ZN7L4R0H1D00F,1W9DL31001461C,1ZMLH8300204F0,1Z6PH74DAP0QN7,DJI Pilot,Android,7.0.2,1EF72A62-B7C3-C88D-164E-CE6F8C8424AE,1ZN7L4R0H1D00F,1W9DL31001461C,,1ZMLH8300204F0,1W9DL31001461C,,,,,
2023-11-01,11:35:01.06 AM,10m 38.7s,638.7,33.7940601427396,-117.4740921104022,-24.9,137.7,24.2,1239,5619.4,6.891082,8.547335,-5.59235,2.23694,4.026492,5.816044,1.11847,1.11847,2.9,0.1,2.9,145.1,145.1,142.9,Tripod,Other,,21,5,True,,True,False,,Smart,RC,False,True,False,,,True,,False,False,False,False,False,False,False,False,False,False,0,Follow Yaw,-77.9,0,136.6,136.6,False,False,False,False,False,,0,0,False,False,No Card,100,100,1024,1130,744,1024,2,False,False,False,False,False,0,False,False,False,False,66,,46.128,,3290,,4986,,46.128,,True,3.848,3.848,3.848,3.848,3.848,3.848,3.848,3.848,3.848,3.848,3.848,3.848,0,,False,False,True,,,,,,,,,,,,,,,False,False,9.062,,104.9,,75.7,,105.0,,1235,124,,22,7,144491.7,19265.57,,Idle,,20,,10,,,20,Go Home,False,False,False,False,False,False,False,False,False,False,False,False,33.8027920380556,-117.4659261431046,4034.3,4034.3,1049.4,396.9,True,1,1,False,False,False,False,,True,False,False,Course Lock,196.8,67,16.4,93,NW,S,2.46,11.4,Calm,False,False,Android,7.0.2,M300 RTK,1ZN7L4R0H1D00F,1W9DL31001461C,1ZMLH8300204F0,1Z6PH74DAP0QN7,"Corona, CA",728.3,5.7,137.7,8.547347,2.013246,0,0,DJI Matrice 300 RTK,M300 RTK,1ZN7L4R0H1D00F,1W9DL31001461C,1ZMLH8300204F0,1Z6PH74DAP0QN7,DJI Pilot,Android,7.0.2,1EF72A62-B7C3-C88D-164E-CE6F8C8424AE,1ZN7L4R0H1D00F,1W9DL31001461C,,1ZMLH8300204F0,1W9DL31001461C,,,,,
2023-11-01,11:35:01.17 AM,10m 38.8s,638.8,33.7940577440408,-117.4740901432126,-24.9,137.7,24.2,1239,5620.5,6.762813,8.547335,-5.59235,2.23694,3.802798,5.816044,1.11847,1.11847,2.8,0.2,2.8,145.2,145.2,145.7,Tripod,Other,,21,5,True,,True,False,,Smart,RC,False,True,False,,,True,,False,False,False,False,False,False,False,False,False,False,0,Follow Yaw,-77.9,0,136.6,136.6,False,False,False,False,False,,0,0,False,False,No Card,100,100,1024,1162,842,1024,2,False,False,False,False,False,0,False,False,False,False,66,,46.128,,3290,,4986,,46.128,,True,3.848,3.848,3.848,3.848,3.848,3.848,3.848,3.848,3.848,3.848,3.848,3.848,0,,False,False,True,,,,,,,,,,,,,,,False,False,9.062,,104.9,,75.7,,105.0,,1235,124,,22,7,144491.7,19265.57,,Idle,,20,,10,,,20,Go Home,False,False,False,False,False,False,False,False,False,False,False,False,33.8027920380556,-117.4659261431046,4034.6,4034.6,1049.4,396.9,True,1,1,False,False,False,False,,True,False,False,Course Lock,196.8,67,16.4,93,NW,S,2.46,11.4,Calm,False,False,Android,7.0.2,M300 RTK,1ZN7L4R0H1D00F,1W9DL31001461C,1ZMLH8300204F0,1Z6PH74DAP0QN7,"Corona, CA",728.3,5.7,137.7,8.547347,2.013246,0,0,DJI Matrice 300 RTK,M300 RTK,1ZN7L4R0H1D00F,1W9DL31001461C,1ZMLH8300204F0,1Z6PH74DAP0QN7,DJI Pilot,Android,7.0.2,1EF72A62-B7C3-C88D-164E-CE6F8C8424AE,1ZN7L4R0H1D00F,1W9DL31001461C,,1ZMLH8300204F0,1W9DL31001461C,,,,,
2023-11-01,11:35:01.28 AM,10m 38.9s,638.9,33.7940551952562,-117.4740882838888,-25.2,137.7,23.9,1238,5621.6,6.579037,8.547335,-5.368656,2.23694,3.802798,5.816044,0.894776,1.11847,2.6,0.2,2.6,145.2,145.2,148.7,Tripod,Other,,21,5,True,,True,False,,Smart,RC,False,True,False,,,True,,False,False,False,False,False,False,False,False,False,False,0,Follow Yaw,-77.9,0,136.6,136.6,False,False,False,False,False,,0,0,False,False,No Card,100,100,1024,1167,809,1024,2,False,False,False,False,False,0,False,False,False,False,66,,46.128,,3290,,4986,,46.128,,True,3.848,3.848,3.848,3.848,3.848,3.848,3.848,3.848,3.848,3.848,3.848,3.848,0,,False,False,True,,,,,,,,,,,,,,,False,False,9.062,,104.9,,75.7,,105.0,,1235,124,,22,7,144491.7,19265.57,,Idle,,20,,10,,,20,Go Home,False,False,False,False,False,False,False,False,False,False,False,False,33.8027920380556,-117.4659261431046,4035.0,4035.0,1049.4,396.9,True,1,1,False,False,False,False,,True,False,False,Course Lock,196.8,67,16.4,93,NW,S,2.46,11.4,Calm,False,False,Android,7.0.2,M300 RTK,1ZN7L4R0H1D00F,1W9DL31001461C,1ZMLH8300204F0,1Z6PH74DAP0QN7,"Corona, CA",728.3,5.7,137.7,8.547347,2.013246,0,0,DJI Matrice 300 RTK,M300 RTK,1ZN7L4R0H1D00F,1W9DL31001461C,1ZMLH8300204F0,1Z6PH74DAP0QN7,DJI Pilot,Android,7.0.2,1EF72A62-B7C3-C88D-164E-CE6F8C8424AE,1ZN7L4R0H1D00F,1W9DL31001461C,,1ZMLH8300204F0,1W9DL31001461C,,,,,
2023-11-01,11:35:01.34 AM,10m 39.0s,639.0,33.7940528909949,-117.4740864211014,-25.2,137.7,23.9,1238,5622.6,6.452321,8.547335,-5.368656,2.23694,3.579104,5.816044,0.894776,1.11847,2.2,0.3,2.2,145.2,145.2,146.1,Tripod,Other,,21,5,True,,True,False,,Smart,RC,False,True,False,,,True,,False,False,False,False,False,False,False,False,False,False,0,Follow Yaw,-77.9,0,136.6,136.6,False,False,False,False,False,,0,0,False,False,No Card,100,100,1024,1169,777,1024,2,False,False,False,False,False,0,False,False,False,False,66,,46.224,,6628,,10044,,46.224,,True,3.848,3.848,3.848,3.848,3.848,3.848,3.848,3.848,3.848,3.848,3.848,3.848,0,,False,False,True,,,,,,,,,,,,,,,False,False,18.056,,105.2,,75.7,,105.2,,1235,124,,22,7,144491.7,19265.57,,Idle,,20,,10,,,20,Go Home,False,False,False,False,False,False,False,False,False,False,False,False,33.8027920380556,-117.4659261431046,4035.3,4035.3,1049.4,396.9,True,1,1,False,False,False,False,,True,False,False,Course Lock,196.8,67,16.4,93,NW,S,2.46,11.4,Calm,False,False,Android,7.0.2,M300 RTK,1ZN7L4R0H1D00F,1W9DL31001461C,1ZMLH8300204F0,1Z6PH74DAP0QN7,"Corona, CA",728.3,5.7,137.7,8.547347,2.013246,0,0,DJI Matrice 300 RTK,M300 RTK,1ZN7L4R0H1D00F,1W9DL31001461C,1ZMLH8300204F0,1Z6PH74DAP0QN7,DJI Pilot,Android,7.0.2,1EF72A62-B7C3-C88D-164E-CE6F8C8424AE,1ZN7L4R0H1D00F,1W9DL31001461C,,1ZMLH8300204F0,1W9DL31001461C,,,,,
2023-11-01,11:35:01.44 AM,10m 39.1s,639.1,33.7940508313253,-117.4740845964959,-25.5,137.7,23.9,1238,5623.5,6.267425,8.547335,-5.144962,2.23694,3.579104,5.816044,0.671082,1.11847,1.8,0,1.8,145.1,145.1,143.6,Tripod,Other,,21,5,True,,True,False,,Smart,RC,False,True,False,,,True,,False,False,False,False,False,False,False,False,False,False,0,Follow Yaw,-77.9,0,136.6,136.6,False,False,False,False,False,,0,0,False,False,No Card,100,100,1024,1177,741,1024,2,False,False,False,False,False,0,False,False,False,False,66,,46.224,,6628,,10044,,46.224,,True,3.848,3.848,3.848,3.848,3.848,3.848,3.848,3.848,3.848,3.848,3.848,3.848,0,,False,False,True,,,,,,,,,,,,,,,False,False,18.056,,105.2,,75.7,,105.2,,1235,124,,22,7,144491.7,19265.57,,Idle,,20,,10,,,20,Go Home,False,False,False,False,False,False,False,False,False,False,False,False,33.8027920380556,-117.4659261431046,4035.6,4035.6,1049.4,396.9,True,1,1,False,False,False,False,,True,False,False,Course Lock,196.8,67,16.4,93,NW,S,2.46,11.4,Calm,False,False,Android,7.0.2,M300 RTK,1ZN7L4R0H1D00F,1W9DL31001461C,1ZMLH8300204F0,1Z6PH74DAP0QN7,"Corona, CA",728.3,5.7,137.7,8.547347,2.013246,0,0,DJI Matrice 300 RTK,M300 RTK,1ZN7L4R0H1D00F,1W9DL31001461C,1ZMLH8300204F0,1Z6PH74DAP0QN7,DJI Pilot,Android,7.0.2,1EF72A62-B7C3-C88D-164E-CE6F8C8424AE,1ZN7L4R0H1D00F,1W9DL31001461C,,1ZMLH8300204F0,1W9DL31001461C,,,,,
2023-11-01,11:35:01.54 AM,10m 39.2s,639.2,33.7940486464472,-117.4740828238441,-25.5,137.7,23.6,1238,5624.5,5.956312,8.547335,-4.921268,2.23694,3.35541,5.816044,0.447388,1.11847,1.3,-0.1,1.3,145.1,145.1,146.0,Tripod,Other,,21,5,True,,True,False,,Smart,RC,False,True,False,,,True,,False,False,False,False,False,False,False,False,False,False,0,Follow Yaw,-77.9,0,136.6,136.6,False,False,False,False,False,,0,0,False,False,No Card,100,100,1024,1207,724,1024,2,False,False,False,False,False,0,False,False,False,False,66,,46.224,,6628,,10044,,46.224,,True,3.848,3.848,3.848,3.848,3.848,3.848,3.848,3.848,3.848,3.848,3.848,3.848,0,,False,False,True,,,,,,,,,,,,,,,False,False,18.056,,105.2,,75.7,,105.2,,1235,124,,22,7,144491.7,19265.57,,Idle,,20,,10,,,20,Go Home,False,False,False,False,False,False,False,False,False,False,False,False,33.8027920380556,-117.4659261431046,4035.9,4035.9,1049.4,396.9,True,1,1,False,False,False,False,,True,False,False,Course Lock,196.8,67,16.4,93,NW,S,2.46,11.4,Calm,False,False,Android,7.0.2,M300 RTK,1ZN7L4R0H1D00F,1W9DL31001461C,1ZMLH8300204F0,1Z6PH74DAP0QN7,"Corona, CA",728.3,5.7,137.7,8.547347,2.013246,0,0,DJI Matrice 300 RTK,M300 RTK,1ZN7L4R0H1D00F,1W9DL31001461C,1ZMLH8300204F0,1Z6PH74DAP0QN7,DJI Pilot,Android,7.0.2,1EF72A62-B7C3-C88D-164E-CE6F8C8424AE,1ZN7L4R0H1D00F,1W9DL31001461C,,1ZMLH8300204F0,1W9DL31001461C,,,,,
2023-11-01,11:35:01.64 AM,10m 39.3s,639.3,33.7940464376513,-117.4740812357516,-25.5,137.7,23.6,1238,5625.4,5.956312,8.547335,-4.921268,2.23694,3.35541,5.816044,0.447388,1.11847,0.8,-0.1,0.8,145.1,145.1,149.1,Tripod,Other,,21,5,True,,True,False,,Smart,RC,False,True,False,,,True,,False,False,False,False,False,False,False,False,False,False,0,Follow Yaw,-77.9,0,136.6,136.6,False,False,False,False,False,,0,0,False,False,No Card,100,100,1024,1216,754,1024,2,False,False,False,False,False,0,False,False,False,False,66,,46.224,,6628,,10044,,46.224,,True,3.849,3.849,3.849,3.849,3.849,3.849,3.849,3.849,3.849,3.849,3.849,3.849,0,,False,False,True,,,,,,,,,,,,,,,False,False,18.056,,105.2,,75.7,,105.2,,1236,124,,22,7,144273.4,19236.46,,Idle,,20,,10,,,20,Go Home,False,False,False,False,False,False,False,False,False,False,False,False,33.8027920380556,-117.4659261431046,4036.2,4036.2,1049.4,396.9,True,1,1,False,False,False,False,,True,False,False,Course Lock,196.8,67,16.4,93,NW,S,2.46,11.4,Calm,False,False,Android,7.0.2,M300 RTK,1ZN7L4R0H1D00F,1W9DL31001461C,1ZMLH8300204F0,1Z6PH74DAP0QN7,"Corona, CA",728.3,5.7,137.7,8.547347,2.013246,0,0,DJI Matrice 300 RTK,M300 RTK,1ZN7L4R0H1D00F,1W9DL31001461C,1ZMLH8300204F0,1Z6PH74DAP0QN7,DJI Pilot,Android,7.0.2,1EF72A62-B7C3-C88D-164E-CE6F8C8424AE,1ZN7L4R0H1D00F,1W9DL31001461C,,1ZMLH8300204F0,1W9DL31001461C,,,,,
2023-11-01,11:35:01.74 AM,10m 39.4s,639.4,33.7940443267881,-117.4740795356287,-25.5,137.7,23.6,1238,5626.3,5.956312,8.547335,-4.921268,2.23694,3.35541,5.816044,0.447388,1.11847,0.5,0,0.5,145.1,145.1,146.2,Tripod,Other,,21,5,True,,True,False,,Smart,RC,False,True,False,,,True,,False,False,False,False,False,False,False,False,False,False,0,Follow Yaw,-77.9,0,136.6,136.6,False,False,False,False,False,,0,0,False,False,No Card,100,100,1024,1285,785,1024,2,False,False,False,False,False,0,False,False,False,False,66,,46.224,,6628,,10044,,46.224,,True,3.849,3.849,3.849,3.849,3.849,3.849,3.849,3.849,3.849,3.849,3.849,3.849,0,,False,False,True,,,,,,,,,,,,,,,False,False,18.056,,105.2,,75.7,,105.2,,1236,124,,22,7,144273.4,19236.46,,Idle,,20,,10,,,20,Go Home,False,False,False,False,False,False,False,False,False,False,False,False,33.8027920380556,-117.4659261431046,4036.5,4036.5,1049.4,396.9,True,1,1,False,False,False,False,,True,False,False,Course Lock,196.8,67,16.4,93,NW,S,2.46,11.4,Calm,False,False,Android,7.0.2,M300 RTK,1ZN7L4R0H1D00F,1W9DL31001461C,1ZMLH8300204F0,1Z6PH74DAP0QN7,"Corona, CA",728.3,5.7,137.7,8.547347,2.013246,0,0,DJI Matrice 300 RTK,M300 RTK,1ZN7L4R0H1D00F,1W9DL31001461C,1ZMLH8300204F0,1Z6PH74DAP0QN7,DJI Pilot,Android,7.0.2,1EF72A62-B7C3-C88D-164E-CE6F8C8424AE,1ZN7L4R0H1D00F,1W9DL31001461C,,1ZMLH8300204F0,1W9DL31001461C,,,,,
2023-11-01,11:35:01.84 AM,10m 39.5s,639.5,33.7940424889575,-117.4740781245911,-25.9,137.7,23.6,1238,5627.1,5.645781,8.547335,-4.697574,2.23694,3.131716,5.816044,0.447388,1.11847,0.3,0,0.3,145,145,147.4,Tripod,Other,,21,5,True,,True,False,,Smart,RC,False,True,False,,,True,,False,False,False,False,False,False,False,False,False,False,0,Follow Yaw,-77.9,0,136.6,136.6,False,False,False,False,False,,0,0,False,False,No Card,100,100,1024,1292,786,1024,2,False,False,False,False,False,0,False,False,False,False,66,,46.224,,6628,,10044,,46.224,,True,3.849,3.849,3.849,3.849,3.849,3.849,3.849,3.849,3.849,3.849,3.849,3.849,0,,False,False,True,,,,,,,,,,,,,,,False,False,18.056,,105.2,,75.7,,105.2,,1236,124,,22,7,144273.4,19236.46,,Idle,,20,,10,,,20,Go Home,False,False,False,False,False,False,False,False,False,False,False,False,33.8027920380556,-117.4659261431046,4036.8,4036.8,1049.4,396.9,True,1,1,False,False,False,False,,True,False,False,Course Lock,196.8,67,16.4,93,NW,S,2.46,11.4,Calm,False,False,Android,7.0.2,M300 RTK,1ZN7L4R0H1D00F,1W9DL31001461C,1ZMLH8300204F0,1Z6PH74DAP0QN7,"Corona, CA",728.3,5.7,137.7,8.547347,2.013246,0,0,DJI Matrice 300 RTK,M300 RTK,1ZN7L4R0H1D00F,1W9DL31001461C,1ZMLH8300204F0,1Z6PH74DAP0QN7,DJI Pilot,Android,7.0.2,1EF72A62-B7C3-C88D-164E-CE6F8C8424AE,1ZN7L4R0H1D00F,1W9DL31001461C,,1ZMLH8300204F0,1W9DL31001461C,,,,,
2023-11-01,11:35:01.94 AM,10m 39.6s,639.6,33.7940404571806,-117.4740764901114,-25.9,137.7,23.6,1238,5628.0,5.645781,8.547335,-4.697574,2.23694,3.131716,5.816044,0.447388,1.11847,0.2,-0.1,0.2,144.9,144.9,146.2,Tripod,Other,,21,5,True,,True,False,,Smart,RC,False,True,False,,,True,,False,False,False,False,False,False,False,False,False,False,0,Follow Yaw,-77.9,0,136.6,136.6,False,False,False,False,False,,0,0,False,False,No Card,100,100,1024,1302,786,1024,2,False,False,False,False,False,0,False,False,False,False,66,,46.224,,6628,,10044,,46.224,,True,3.849,3.849,3.849,3.849,3.849,3.849,3.849,3.849,3.849,3.849,3.849,3.849,0,,False,False,True,,,,,,,,,,,,,,,False,False,18.056,,105.2,,75.7,,105.2,,1236,124,,22,7,144273.4,19236.46,,Idle,,20,,10,,,20,Go Home,False,False,False,False,False,False,False,False,False,False,False,False,33.8027920380556,-117.4659261431046,4037.1,4037.1,1049.4,396.9,True,1,1,False,False,False,False,,True,False,False,Course Lock,196.8,67,16.4,93,NW,S,2.46,11.4,Calm,False,False,Android,7.0.2,M300 RTK,1ZN7L4R0H1D00F,1W9DL31001461C,1ZMLH8300204F0,1Z6PH74DAP0QN7,"Corona, CA",728.3,5.7,137.7,8.547347,2.013246,0,0,DJI Matrice 300 RTK,M300 RTK,1ZN7L4R0H1D00F,1W9DL31001461C,1ZMLH8300204F0,1Z6PH74DAP0QN7,DJI Pilot,Android,7.0.2,1EF72A62-B7C3-C88D-164E-CE6F8C8424AE,1ZN7L4R0H1D00F,1W9DL31001461C,,1ZMLH8300204F0,1W9DL31001461C,,,,,
2023-11-01,11:35:02.00 AM,10m 39.7s,639.7,33.7940384803665,-117.4740747962972,-25.9,137.7,23.6,1238,5628.9,5.645781,8.547335,-4.697574,2.23694,3.131716,5.816044,0.447388,1.11847,0,0,0,144.8,144.8,144.5,Tripod,Other,,21,5,True,,True,False,,Smart,RC,False,True,False,,,True,,False,False,False,False,False,False,False,False,False,False,0,Follow Yaw,-77.9,0,136.6,136.6,False,False,False,False,False,,0,0,False,False,No Card,100,100,1024,1334,781,1024,2,False,False,False,False,False,0,False,False,False,False,66,,46.224,,6628,,10044,,46.224,,True,3.849,3.849,3.849,3.849,3.849,3.849,3.849,3.849,3.849,3.849,3.849,3.849,0,,False,False,True,,,,,,,,,,,,,,,False,False,18.056,,105.2,,75.7,,105.2,,1236,124,,22,7,144273.4,19236.46,,Idle,,20,,10,,,20,Go Home,False,False,False,False,False,False,False,False,False,False,False,False,33.8027920380556,-117.4659261431046,4037.3,4037.3,1049.4,396.9,True,1,1,False,False,False,False,,True,False,False,Course Lock,196.8,67,16.4,93,NW,S,2.46,11.4,Calm,False,False,Android,7.0.2,M300 RTK,1ZN7L4R0H1D00F,1W9DL31001461C,1ZMLH8300204F0,1Z6PH74DAP0QN7,"Corona, CA",728.3,5.7,137.7,8.547347,2.013246,0,0,DJI Matrice 300 RTK,M300 RTK,1ZN7L4R0H1D00F,1W9DL31001461C,1ZMLH8300204F0,1Z6PH74DAP0QN7,DJI Pilot,Android,7.0.2,1EF72A62-B7C3-C88D-164E-CE6F8C8424AE,1ZN7L4R0H1D00F,1W9DL31001461C,,1ZMLH8300204F0,1W9DL31001461C,,,,,
2023-11-01,11:35:02.14 AM,10m 39.8s,639.8,33.7940365045119,-117.4740731783932,-26.2,137.7,23.6,1238,5629.8,5.645781,8.547335,-4.697574,2.23694,3.131716,5.816044,0.447388,1.11847,-0.3,0,0.3,144.7,144.7,145.7,Tripod,Other,,21,5,True,,True,False,,Smart,RC,False,True,False,,,True,,False,False,False,False,False,False,False,False,False,False,0,Follow Yaw,-77.9,0,136.6,136.6,False,False,False,False,False,,0,0,False,False,No Card,100,100,1024,1334,763,1024,2,False,False,False,False,False,0,False,False,False,False,66,,46.224,,6628,,10044,,46.224,,True,3.849,3.849,3.849,3.849,3.849,3.849,3.849,3.849,3.849,3.849,3.849,3.849,0,,False,False,True,,,,,,,,,,,,,,,False,False,18.056,,105.2,,75.7,,105.2,,1236,124,,22,7,144273.4,19236.46,,Idle,,20,,10,,,20,Go Home,False,False,False,False,False,False,False,False,False,False,False,False,33.8027920380556,-117.4659261431046,4037.6,4037.6,1049.4,396.9,True,1,1,False,False,False,False,,True,False,False,Course Lock,196.8,67,16.4,93,NW,S,2.46,11.4,Calm,False,False,Android,7.0.2,M300 RTK,1ZN7L4R0H1D00F,1W9DL31001461C,1ZMLH8300204F0,1Z6PH74DAP0QN7,"Corona, CA",728.3,5.7,137.7,8.547347,2.013246,0,0,DJI Matrice 300 RTK,M300 RTK,1ZN7L4R0H1D00F,1W9DL31001461C,1ZMLH8300204F0,1Z6PH74DAP0QN7,DJI Pilot,Android,7.0.2,1EF72A62-B7C3-C88D-164E-CE6F8C8424AE,1ZN7L4R0H1D00F,1W9DL31001461C,,1ZMLH8300204F0,1W9DL31001461C,,,,,
2023-11-01,11:35:02.24 AM,10m 39.9s,639.9,33.7940343405362,-117.4740716528512,-26.2,137.7,23.6,1238,5630.7,5.461066,8.547335,-4.47388,2.23694,3.131716,5.816044,0.447388,1.11847,-0.7,-0.1,0.7,144.7,144.7,149.6,Tripod,Other,,21,5,True,,True,False,,Smart,RC,False,True,False,,,True,,False,False,False,False,False,False,False,False,False,False,0,Follow Yaw,-77.9,0,136.6,136.6,False,False,False,False,False,,0,0,False,False,No Card,100,100,1024,1334,775,952,2,False,False,False,False,False,0,False,False,False,False,66,,46.224,,6628,,10044,,46.224,,True,3.849,3.849,3.849,3.849,3.849,3.849,3.849,3.849,3.849,3.849,3.849,3.849,0,,False,False,True,,,,,,,,,,,,,,,False,False,18.056,,105.2,,75.7,,105.2,,1236,124,,22,7,144273.4,19236.46,,Idle,,20,,10,,,20,Go Home,False,False,False,False,False,False,False,False,False,False,False,False,33.8027920380556,-117.4659261431046,4037.9,4037.9,1049.4,396.9,True,1,1,False,False,False,False,,True,False,False,Course Lock,196.8,67,16.4,93,NW,S,2.46,11.4,Calm,False,False,Android,7.0.2,M300 RTK,1ZN7L4R0H1D00F,1W9DL31001461C,1ZMLH8300204F0,1Z6PH74DAP0QN7,"Corona, CA",728.3,5.7,137.7,8.547347,2.013246,0,0,DJI Matrice 300 RTK,M300 RTK,1ZN7L4R0H1D00F,1W9DL31001461C,1ZMLH8300204F0,1Z6PH74DAP0QN7,DJI Pilot,Android,7.0.2,1EF72A62-B7C3-C88D-164E-CE6F8C8424AE,1ZN7L4R0H1D00F,1W9DL31001461C,,1ZMLH8300204F0,1W9DL31001461C,,,,,
2023-11-01,11:35:02.34 AM,10m 40.0s,640.0,33.7940323784566,-117.4740700628208,-26.2,137.7,23.6,1238,5631.6,5.461066,8.547335,-4.47388,2.23694,3.131716,5.816044,0.447388,1.11847,-1.1,-0.1,1.1,144.7,144.7,146.0,Tripod,Other,,21,5,True,,True,False,,Smart,RC,False,True,False,,,True,,False,False,False,False,False,False,False,False,False,False,0,Follow Yaw,-77.9,0,136.6,136.6,False,False,False,False,False,,0,0,False,False,No Card,100,100,1024,1330,806,863,2,False,False,False,False,False,0,False,False,False,False,66,,46.236,,6628,,10044,,46.236,,True,3.849,3.849,3.849,3.849,3.849,3.849,3.849,3.849,3.849,3.849,3.849,3.849,0,,False,False,True,,,,,,,,,,,,,,,False,False,18.946,,105.2,,75.7,,105.2,,1236,124,,22,7,144273.4,19236.46,,Idle,,20,,10,,,20,Go Home,False,False,False,False,False,False,False,False,False,False,False,False,33.8027920380556,-117.4659261431046,4038.2,4038.2,1049.4,396.9,True,1,1,False,False,False,False,,True,False,False,Course Lock,196.8,67,16.4,93,NW,S,2.46,11.4,Calm,False,False,Android,7.0.2,M300 RTK,1ZN7L4R0H1D00F,1W9DL31001461C,1ZMLH8300204F0,1Z6PH74DAP0QN7,"Corona, CA",728.3,5.7,137.7,8.547347,2.013246,0,0,DJI Matrice 300 RTK,M300 RTK,1ZN7L4R0H1D00F,1W9DL31001461C,1ZMLH8300204F0,1Z6PH74DAP0QN7,DJI Pilot,Android,7.0.2,1EF72A62-B7C3-C88D-164E-CE6F8C8424AE,1ZN7L4R0H1D00F,1W9DL31001461C,,1ZMLH8300204F0,1W9DL31001461C,,,,,
2023-11-01,11:35:02.41 AM,10m 40.1s,640.1,33.7940307078448,-117.4740687097981,-26.2,137.7,23.6,1238,5632.3,5.461066,8.547335,-4.47388,2.23694,3.131716,5.816044,0.447388,1.11847,-1.4,-0.2,1.4,144.7,144.7,146.0,Tripod,Other,,21,5,True,,True,False,,Smart,RC,False,True,False,,,True,,False,False,False,False,False,False,False,False,False,False,0,Follow Yaw,-77.9,0,136.5,136.5,False,False,False,False,False,,0,0,False,False,No Card,100,100,1024,1328,814,848,2,False,False,False,False,False,0,False,False,False,False,66,,46.236,,6628,,10044,,46.236,,True,3.849,3.849,3.849,3.849,3.849,3.849,3.849,3.849,3.849,3.849,3.849,3.849,0,,False,False,True,,,,,,,,,,,,,,,False,False,18.946,,105.2,,75.7,,105.2,,1236,124,,22,7,144273.4,19236.46,,Idle,,20,,10,,,20,Go Home,False,False,False,False,False,False,False,False,False,False,False,False,33.8027920380556,-117.4659261431046,4038.4,4038.4,1049.4,396.9,True,1,1,False,False,False,False,,True,False,False,Course Lock,196.8,67,16.4,93,NW,S,2.46,11.4,Calm,False,False,Android,7.0.2,M300 RTK,1ZN7L4R0H1D00F,1W9DL31001461C,1ZMLH8300204F0,1Z6PH74DAP0QN7,"Corona, CA",728.3,5.7,137.7,8.547347,2.013246,0,0,DJI Matrice 300 RTK,M300 RTK,1ZN7L4R0H1D00F,1W9DL31001461C,1ZMLH8300204F0,1Z6PH74DAP0QN7,DJI Pilot,Android,7.0.2,1EF72A62-B7C3-C88D-164E-CE6F8C8424AE,1ZN7L4R0H1D00F,1W9DL31001461C,,1ZMLH8300204F0,1W9DL31001461C,,,,,
2023-11-01,11:35:02.54 AM,10m 40.2s,640.2,33.794028778318,-117.4740671487958,-26.5,137.7,23.6,1237,5633.1,5.461066,8.547335,-4.47388,2.23694,3.131716,5.816044,0.447388,1.11847,-1.3,-0.8,1.5,144.6,144.6,146.0,Tripod,Other,,21,5,True,,True,False,,Smart,RC,False,True,False,,,True,,False,False,False,False,False,False,False,False,False,False,0,Follow Yaw,-77.9,0,136.2,136.2,False,False,False,False,False,,0,0,False,False,No Card,100,100,1024,1323,786,958,2,False,False,False,False,False,0,False,False,False,False,66,,46.236,,6628,,10044,,46.236,,True,3.849,3.849,3.849,3.849,3.849,3.849,3.849,3.849,3.849,3.849,3.849,3.849,0,,False,False,True,,,,,,,,,,,,,,,False,False,18.946,,105.2,,75.7,,105.2,,1236,124,,22,7,144273.4,19236.46,,Idle,,20,,10,,,20,Go Home,False,False,False,False,False,False,False,False,False,False,False,False,33.8027920380556,-117.4659261431046,4038.7,4038.7,1049.4,396.9,True,1,1,False,False,False,False,,True,False,False,Course Lock,196.8,67,16.4,93,NW,S,2.46,11.4,Calm,False,False,Android,7.0.2,M300 RTK,1ZN7L4R0H1D00F,1W9DL31001461C,1ZMLH8300204F0,1Z6PH74DAP0QN7,"Corona, CA",728.3,5.7,137.7,8.547347,2.013246,0,0,DJI Matrice 300 RTK,M300 RTK,1ZN7L4R0H1D00F,1W9DL31001461C,1ZMLH8300204F0,1Z6PH74DAP0QN7,DJI Pilot,Android,7.0.2,1EF72A62-B7C3-C88D-164E-CE6F8C8424AE,1ZN7L4R0H1D00F,1W9DL31001461C,,1ZMLH8300204F0,1W9DL31001461C,,,,,
2023-11-01,11:35:02.62 AM,10m 40.3s,640.3,33.7940269283573,-117.4740655696508,-26.5,137.7,23.6,1237,5634.0,5.461066,8.547335,-4.47388,2.23694,3.131716,5.816044,0.447388,1.11847,-1.1,-1.6,1.9,144.4,144.4,144.6,Tripod,Other,,21,5,True,,True,False,,Smart,RC,False,True,False,,,True,,False,False,False,False,False,False,False,False,False,False,0,Follow Yaw,-77.9,0,136.1,136.1,False,False,False,False,False,,0,0,False,False,No Card,100,100,1024,1324,792,913,2,False,False,False,False,False,0,False,False,False,False,66,,46.236,,6628,,10044,,46.236,,True,3.852,3.852,3.852,3.852,3.852,3.852,3.852,3.852,3.852,3.852,3.852,3.852,0,,False,False,True,,,,,,,,,,,,,,,False,False,18.946,,105.2,,75.7,,105.2,,1236,124,,22,7,143733.9,19164.53,,Idle,,20,,10,,,20,Go Home,False,False,False,False,False,False,False,False,False,False,False,False,33.8027920380556,-117.4659261431046,4039.0,4039.0,1049.4,396.9,True,1,1,False,False,False,False,,True,False,False,Course Lock,196.8,67,16.4,93,NW,S,2.46,11.4,Calm,False,False,Android,7.0.2,M300 RTK,1ZN7L4R0H1D00F,1W9DL31001461C,1ZMLH8300204F0,1Z6PH74DAP0QN7,"Corona, CA",728.3,5.7,137.7,8.547347,2.013246,0,0,DJI Matrice 300 RTK,M300 RTK,1ZN7L4R0H1D00F,1W9DL31001461C,1ZMLH8300204F0,1Z6PH74DAP0QN7,DJI Pilot,Android,7.0.2,1EF72A62-B7C3-C88D-164E-CE6F8C8424AE,1ZN7L4R0H1D00F,1W9DL31001461C,,1ZMLH8300204F0,1W9DL31001461C,,,,,
2023-11-01,11:35:02.72 AM,10m 40.4s,640.4,33.7940250416632,-117.4740639713325,-26.5,137.7,23.6,1237,5634.8,5.461066,8.547335,-4.47388,2.23694,3.131716,5.816044,0.447388,1.11847,-0.9,-1.1,1.4,144.4,144.4,144.8,Tripod,Other,,21,5,True,,True,False,,Smart,RC,False,True,False,,,True,,False,False,False,False,False,False,False,False,False,False,0,Follow Yaw,-77.9,0,135.8,135.8,False,False,False,False,False,,0,0,False,False,No Card,100,100,1024,1320,807,956,2,False,False,False,False,False,0,False,False,False,False,66,,46.236,,6628,,10044,,46.236,,True,3.852,3.852,3.852,3.852,3.852,3.852,3.852,3.852,3.852,3.852,3.852,3.852,0,,False,False,True,,,,,,,,,,,,,,,False,False,18.946,,105.2,,75.7,,105.2,,1236,124,,22,7,143733.9,19164.53,,Idle,,20,,10,,,20,Go Home,False,False,False,False,False,False,False,False,False,False,False,False,33.8027920380556,-117.4659261431046,4039.2,4039.2,1049.4,396.9,True,1,1,False,False,False,False,,True,False,False,Course Lock,196.8,67,16.4,93,NW,S,2.46,11.4,Calm,False,False,Android,7.0.2,M300 RTK,1ZN7L4R0H1D00F,1W9DL31001461C,1ZMLH8300204F0,1Z6PH74DAP0QN7,"Corona, CA",728.3,5.7,137.7,8.547347,2.013246,0,0,DJI Matrice 300 RTK,M300 RTK,1ZN7L4R0H1D00F,1W9DL31001461C,1ZMLH8300204F0,1Z6PH74DAP0QN7,DJI Pilot,Android,7.0.2,1EF72A62-B7C3-C88D-164E-CE6F8C8424AE,1ZN7L4R0H1D00F,1W9DL31001461C,,1ZMLH8300204F0,1W9DL31001461C,,,,,
2023-11-01,11:35:02.82 AM,10m 40.5s,640.5,33.7940232855231,-117.4740622490675,-26.9,137.7,23.2,1237,5635.6,5.461066,8.547335,-4.47388,2.23694,3.131716,5.816044,0.447388,1.11847,-0.8,-0.6,1,144.2,144.2,140.8,Tripod,Other,,21,5,True,,True,False,,Smart,RC,False,True,False,,,True,,False,False,False,False,False,False,False,False,False,False,0,Follow Yaw,-77.9,0,135.6,135.6,False,False,False,False,False,,0,0,False,False,No Card,100,100,1024,1319,824,907,2,False,False,False,False,False,0,False,False,False,False,66,,46.236,,6628,,10044,,46.236,,True,3.852,3.852,3.852,3.852,3.852,3.852,3.852,3.852,3.852,3.852,3.852,3.852,0,,False,False,True,,,,,,,,,,,,,,,False,False,18.946,,105.2,,75.7,,105.2,,1236,124,,22,7,143733.9,19164.53,,Idle,,20,,10,,,20,Go Home,False,False,False,False,False,False,False,False,False,False,False,False,33.8027920380556,-117.4659261431046,4039.4,4039.4,1049.4,396.9,True,1,1,False,False,False,False,,True,False,False,Course Lock,196.8,67,16.4,93,NW,S,2.46,11.4,Calm,False,False,Android,7.0.2,M300 RTK,1ZN7L4R0H1D00F,1W9DL31001461C,1ZMLH8300204F0,1Z6PH74DAP0QN7,"Corona, CA",728.3,5.7,137.7,8.547347,2.013246,0,0,DJI Matrice 300 RTK,M300 RTK,1ZN7L4R0H1D00F,1W9DL31001461C,1ZMLH8300204F0,1Z6PH74DAP0QN7,DJI Pilot,Android,7.0.2,1EF72A62-B7C3-C88D-164E-CE6F8C8424AE,1ZN7L4R0H1D00F,1W9DL31001461C,,1ZMLH8300204F0,1W9DL31001461C,,,,,
2023-11-01,11:35:02.92 AM,10m 40.6s,640.6,33.7940214481038,-117.4740606162371,-26.9,137.7,23.2,1237,5636.5,5.461066,8.547335,-4.47388,2.23694,3.131716,5.816044,0.447388,1.11847,-0.8,-0.1,0.8,144,144,143.5,Tripod,Other,,21,5,True,,True,False,,Smart,RC,False,True,False,,,True,,False,False,False,False,False,False,False,False,False,False,0,Follow Yaw,-77.9,0,135.5,135.5,False,False,False,False,False,,0,0,False,False,No Card,100,100,1024,1320,833,869,2,False,False,False,False,False,0,False,False,False,False,66,,46.236,,6628,,10044,,46.236,,True,3.852,3.852,3.852,3.852,3.852,3.852,3.852,3.852,3.852,3.852,3.852,3.852,0,,False,False,True,,,,,,,,,,,,,,,False,False,18.946,,105.2,,75.7,,105.2,,1236,124,,22,7,143733.9,19164.53,,Idle,,20,,10,,,20,Go Home,False,False,False,False,False,False,False,False,False,False,False,False,33.8027920380556,-117.4659261431046,4039.6,4039.6,1049.4,396.9,True,1,1,False,False,False,False,,True,False,False,Course Lock,196.8,67,16.4,93,NW,S,2.46,11.4,Calm,False,False,Android,7.0.2,M300 RTK,1ZN7L4R0H1D00F,1W9DL31001461C,1ZMLH8300204F0,1Z6PH74DAP0QN7,"Corona, CA",728.3,5.7,137.7,8.547347,2.013246,0,0,DJI Matrice 300 RTK,M300 RTK,1ZN7L4R0H1D00F,1W9DL31001461C,1ZMLH8300204F0,1Z6PH74DAP0QN7,DJI Pilot,Android,7.0.2,1EF72A62-B7C3-C88D-164E-CE6F8C8424AE,1ZN7L4R0H1D00F,1W9DL31001461C,,1ZMLH8300204F0,1W9DL31001461C,,,,,
2023-11-01,11:35:03.04 AM,10m 40.7s,640.7,33.7940198343738,-117.4740593413924,-26.9,137.7,23.2,1237,5637.2,5.461066,8.547335,-4.47388,2.23694,3.131716,5.816044,0.447388,1.11847,-0.7,0,0.7,143.8,143.8,146.7,Tripod,Other,,21,5,True,,True,False,,Smart,RC,False,True,False,,,True,,False,False,False,False,False,False,False,False,False,False,0,Follow Yaw,-77.9,0,135.4,135.4,False,False,False,False,False,,0,0,False,False,No Card,100,100,1024,1320,833,859,2,False,False,False,False,False,0,False,False,False,False,66,,46.236,,6628,,10044,,46.236,,True,3.852,3.852,3.852,3.852,3.852,3.852,3.852,3.852,3.852,3.852,3.852,3.852,0,,False,False,True,,,,,,,,,,,,,,,False,False,18.946,,105.2,,75.7,,105.2,,1236,124,,22,7,143733.9,19164.53,,Idle,,20,,10,,,20,Go Home,False,False,False,False,False,False,False,False,False,False,False,False,33.8027920380556,-117.4659261431046,4039.9,4039.9,1049.4,396.9,True,1,1,False,False,False,False,,True,False,False,Course Lock,196.8,67,16.4,93,NW,S,2.46,11.4,Calm,False,False,Android,7.0.2,M300 RTK,1ZN7L4R0H1D00F,1W9DL31001461C,1ZMLH8300204F0,1Z6PH74DAP0QN7,"Corona, CA",728.3,5.7,137.7,8.547347,2.013246,0,0,DJI Matrice 300 RTK,M300 RTK,1ZN7L4R0H1D00F,1W9DL31001461C,1ZMLH8300204F0,1Z6PH74DAP0QN7,DJI Pilot,Android,7.0.2,1EF72A62-B7C3-C88D-164E-CE6F8C8424AE,1ZN7L4R0H1D00F,1W9DL31001461C,,1ZMLH8300204F0,1W9DL31001461C,,,,,
2023-11-01,11:35:03.14 AM,10m 40.8s,640.8,33.7940180410207,-117.4740577415896,-27.2,137.7,23.2,1237,5638.0,5.279367,8.547335,-4.250186,2.23694,3.131716,5.816044,0.447388,1.11847,-0.7,-0.3,0.7,143.6,143.6,143.4,Tripod,Other,,21,5,True,,True,False,,Smart,RC,False,True,False,,,True,,False,False,False,False,False,False,False,False,False,False,0,Follow Yaw,-77.9,0,134.9,134.9,False,False,False,False,False,,0,0,False,False,No Card,100,100,1024,1318,832,875,2,False,False,False,False,False,0,False,False,False,False,66,,46.236,,6628,,10044,,46.236,,True,3.852,3.852,3.852,3.852,3.852,3.852,3.852,3.852,3.852,3.852,3.852,3.852,0,,False,False,True,,,,,,,,,,,,,,,False,False,18.946,,105.2,,75.7,,105.2,,1236,124,,22,7,143733.9,19164.53,,Idle,,20,,10,,,20,Go Home,False,False,False,False,False,False,False,False,False,False,False,False,33.8027920380556,-117.4659261431046,4040.1,4040.1,1049.4,396.9,True,1,1,False,False,False,False,,True,False,False,Course Lock,196.8,67,16.4,93,NW,S,2.46,11.4,Calm,False,False,Android,7.0.2,M300 RTK,1ZN7L4R0H1D00F,1W9DL31001461C,1ZMLH8300204F0,1Z6PH74DAP0QN7,"Corona, CA",728.3,5.7,137.7,8.547347,2.013246,0,0,DJI Matrice 300 RTK,M300 RTK,1ZN7L4R0H1D00F,1W9DL31001461C,1ZMLH8300204F0,1Z6PH74DAP0QN7,DJI Pilot,Android,7.0.2,1EF72A62-B7C3-C88D-164E-CE6F8C8424AE,1ZN7L4R0H1D00F,1W9DL31001461C,,1ZMLH8300204F0,1W9DL31001461C,,,,,
2023-11-01,11:35:03.23 AM,10m 40.9s,640.9,33.7940161526133,-117.4740559601552,-27.2,137.7,23.2,1237,5638.9,5.279367,8.547335,-4.250186,2.23694,3.131716,5.816044,0.447388,1.11847,-0.8,-0.6,1,143.3,143.3,141.9,Tripod,Other,,21,5,True,,True,False,,Smart,RC,False,True,False,,,True,,False,False,False,False,False,False,False,False,False,False,0,Follow Yaw,-77.9,0,134.6,134.6,False,False,False,False,False,,0,0,False,False,No Card,100,100,1024,1315,830,867,2,False,False,False,False,False,0,False,False,False,False,66,,46.236,,6628,,10044,,46.236,,True,3.852,3.852,3.852,3.852,3.852,3.852,3.852,3.852,3.852,3.852,3.852,3.852,0,,False,False,True,,,,,,,,,,,,,,,False,False,18.946,,105.2,,75.7,,105.2,,1236,124,,22,7,143733.9,19164.53,,Idle,,20,,10,,,20,Go Home,False,False,False,False,False,False,False,False,False,False,False,False,33.8027920380556,-117.4659261431046,4040.3,4040.3,1049.4,396.9,True,1,1,False,False,False,False,,True,False,False,Course Lock,196.8,67,16.4,93,NW,S,2.46,11.4,Calm,False,False,Android,7.0.2,M300 RTK,1ZN7L4R0H1D00F,1W9DL31001461C,1ZMLH8300204F0,1Z6PH74DAP0QN7,"Corona, CA",728.3,5.7,137.7,8.547347,2.013246,0,0,DJI Matrice 300 RTK,M300 RTK,1ZN7L4R0H1D00F,1W9DL31001461C,1ZMLH8300204F0,1Z6PH74DAP0QN7,DJI Pilot,Android,7.0.2,1EF72A62-B7C3-C88D-164E-CE6F8C8424AE,1ZN7L4R0H1D00F,1W9DL31001461C,,1ZMLH8300204F0,1W9DL31001461C,,,,,
2023-11-01,11:35:03.34 AM,10m 41.0s,641.0,33.7940143864675,-117.474054334087,-27.2,137.7,23.2,1237,5639.7,5.279367,8.547335,-4.250186,2.23694,3.131716,5.816044,0.447388,1.11847,-0.9,-0.7,1.1,143,143,142.5,Tripod,Other,,21,5,True,,True,False,,Smart,RC,False,True,False,,,True,,False,False,False,False,False,False,False,False,False,False,0,Follow Yaw,-77.9,0,134.3,134.3,False,False,False,False,False,,0,0,False,False,No Card,100,100,1024,1316,833,859,2,False,False,False,False,False,0,False,False,False,False,66,,46.092,,6628,,10044,,46.092,,True,3.852,3.852,3.852,3.852,3.852,3.852,3.852,3.852,3.852,3.852,3.852,3.852,0,,False,False,True,,,,,,,,,,,,,,,False,False,19.584,,105.2,,75.7,,105.2,,1236,124,,22,7,143733.9,19164.53,,Idle,,20,,10,,,20,Go Home,False,False,False,False,False,False,False,False,False,False,False,False,33.8027920380556,-117.4659261431046,4040.5,4040.5,1049.4,396.9,True,1,1,False,False,False,False,,True,False,False,Course Lock,196.8,67,16.4,93,NW,S,2.46,11.4,Calm,False,False,Android,7.0.2,M300 RTK,1ZN7L4R0H1D00F,1W9DL31001461C,1ZMLH8300204F0,1Z6PH74DAP0QN7,"Corona, CA",728.3,5.7,137.7,8.547347,2.013246,0,0,DJI Matrice 300 RTK,M300 RTK,1ZN7L4R0H1D00F,1W9DL31001461C,1ZMLH8300204F0,1Z6PH74DAP0QN7,DJI Pilot,Android,7.0.2,1EF72A62-B7C3-C88D-164E-CE6F8C8424AE,1ZN7L4R0H1D00F,1W9DL31001461C,,1ZMLH8300204F0,1W9DL31001461C,,,,,
2023-11-01,11:35:03.44 AM,10m 41.1s,641.1,33.7940126035999,-117.4740525848968,-27.5,137.7,23.2,1236,5640.5,5.415058,8.547335,-4.250186,2.23694,3.35541,5.816044,0.447388,1.11847,-0.9,-0.6,1,142.8,142.8,140.8,Tripod,Other,,21,5,True,,True,False,,Smart,RC,False,True,False,,,True,,False,False,False,False,False,False,False,False,False,False,0,Follow Yaw,-77.9,0,134.2,134.2,False,False,False,False,False,,0,0,False,False,No Card,100,100,1024,1316,834,862,2,False,False,False,False,False,0,False,False,False,False,66,,46.092,,6628,,10044,,46.092,,True,3.852,3.852,3.852,3.852,3.852,3.852,3.852,3.852,3.852,3.852,3.852,3.852,0,,False,False,True,,,,,,,,,,,,,,,False,False,19.584,,105.2,,75.7,,105.2,,1236,124,,22,7,143733.9,19164.53,,Idle,,20,,10,,,20,Go Home,False,False,False,False,False,False,False,False,False,False,False,False,33.8027920380556,-117.4659261431046,4040.7,4040.7,1049.4,396.9,True,1,1,False,False,False,False,,True,False,False,Course Lock,196.8,67,16.4,93,NW,S,2.46,11.4,Calm,False,False,Android,7.0.2,M300 RTK,1ZN7L4R0H1D00F,1W9DL31001461C,1ZMLH8300204F0,1Z6PH74DAP0QN7,"Corona, CA",728.3,5.7,137.7,8.547347,2.013246,0,0,DJI Matrice 300 RTK,M300 RTK,1ZN7L4R0H1D00F,1W9DL31001461C,1ZMLH8300204F0,1Z6PH74DAP0QN7,DJI Pilot,Android,7.0.2,1EF72A62-B7C3-C88D-164E-CE6F8C8424AE,1ZN7L4R0H1D00F,1W9DL31001461C,,1ZMLH8300204F0,1W9DL31001461C,,,,,
2023-11-01,11:35:03.54 AM,10m 41.2s,641.2,33.794010867951,-117.4740509288522,-27.5,137.7,23.2,1236,5641.3,5.415058,8.547335,-4.250186,2.23694,3.35541,5.816044,0.447388,1.11847,-1,-0.6,1.1,142.5,142.5,141.5,Tripod,Other,,21,5,True,,True,False,,Smart,RC,False,True,False,,,True,,False,False,False,False,False,False,False,False,False,False,0,Follow Yaw,-77.9,0,133.7,133.7,False,False,False,False,False,,0,0,False,False,No Card,100,100,1024,1314,839,861,2,False,False,False,False,False,0,False,False,False,False,66,,46.092,,6628,,10044,,46.092,,True,3.852,3.852,3.852,3.852,3.852,3.852,3.852,3.852,3.852,3.852,3.852,3.852,0,,False,False,True,,,,,,,,,,,,,,,False,False,19.584,,105.2,,75.7,,105.2,,1236,124,,22,7,143733.9,19164.53,,Idle,,20,,10,,,20,Go Home,False,False,False,False,False,False,False,False,False,False,False,False,33.8027920380556,-117.4659261431046,4040.9,4040.9,1049.4,396.9,True,1,1,False,False,False,False,,True,False,False,Course Lock,196.8,67,16.4,93,NW,S,2.46,11.4,Calm,False,False,Android,7.0.2,M300 RTK,1ZN7L4R0H1D00F,1W9DL31001461C,1ZMLH8300204F0,1Z6PH74DAP0QN7,"Corona, CA",728.3,5.7,137.7,8.547347,2.013246,0,0,DJI Matrice 300 RTK,M300 RTK,1ZN7L4R0H1D00F,1W9DL31001461C,1ZMLH8300204F0,1Z6PH74DAP0QN7,DJI Pilot,Android,7.0.2,1EF72A62-B7C3-C88D-164E-CE6F8C8424AE,1ZN7L4R0H1D00F,1W9DL31001461C,,1ZMLH8300204F0,1W9DL31001461C,,,,,
2023-11-01,11:35:03.65 AM,10m 41.3s,641.3,33.7940091819195,-117.4740494583564,-27.5,137.7,22.9,1236,5642.1,5.241317,8.547335,-4.026492,2.23694,3.35541,5.816044,0.447388,1.11847,-0.9,-0.6,1,142.2,142.2,144.0,Tripod,Other,,21,5,True,,True,False,,Smart,RC,False,True,False,,,True,,False,False,False,False,False,False,False,False,False,False,0,Follow Yaw,-77.9,0,133.4,133.4,False,False,False,False,False,,0,0,False,False,No Card,100,100,1024,1315,846,849,2,False,False,False,False,False,0,False,False,False,False,66,,46.092,,6628,,10044,,46.092,,True,3.845,3.845,3.845,3.845,3.845,3.845,3.845,3.845,3.845,3.845,3.845,3.845,0,,False,False,True,,,,,,,,,,,,,,,False,False,19.584,,105.2,,75.7,,105.2,,1238,124,,22,7,143218.3,19095.78,,Idle,,20,,10,,,20,Go Home,False,False,False,False,False,False,False,False,False,False,False,False,33.8027920380556,-117.4659261431046,4041.1,4041.1,1049.4,396.9,True,1,1,False,False,False,False,,True,False,False,Course Lock,196.8,67,16.4,93,NW,S,2.46,11.4,Calm,False,False,Android,7.0.2,M300 RTK,1ZN7L4R0H1D00F,1W9DL31001461C,1ZMLH8300204F0,1Z6PH74DAP0QN7,"Corona, CA",728.3,5.7,137.7,8.547347,2.013246,0,0,DJI Matrice 300 RTK,M300 RTK,1ZN7L4R0H1D00F,1W9DL31001461C,1ZMLH8300204F0,1Z6PH74DAP0QN7,DJI Pilot,Android,7.0.2,1EF72A62-B7C3-C88D-164E-CE6F8C8424AE,1ZN7L4R0H1D00F,1W9DL31001461C,,1ZMLH8300204F0,1W9DL31001461C,,,,,
2023-11-01,11:35:03.75 AM,10m 41.4s,641.4,33.794007485334,-117.4740477983946,-27.8,137.7,22.9,1236,5642.9,5.241317,8.547335,-4.026492,2.23694,3.35541,5.816044,0.447388,1.11847,-0.8,-0.6,1,141.9,141.9,140.8,Tripod,Other,,21,5,True,,True,False,,Smart,RC,False,True,False,,,True,,False,False,False,False,False,False,False,False,False,False,0,Follow Yaw,-77.9,0,133,133,False,False,False,False,False,,0,0,False,False,No Card,100,100,1024,1316,850,837,2,False,False,False,False,False,0,False,False,False,False,66,,46.092,,6628,,10044,,46.092,,True,3.845,3.845,3.845,3.845,3.845,3.845,3.845,3.845,3.845,3.845,3.845,3.845,0,,False,False,True,,,,,,,,,,,,,,,False,False,19.584,,105.2,,75.7,,105.2,,1238,124,,22,7,143218.3,19095.78,,Idle,,20,,10,,,20,Go Home,False,False,False,False,False,False,False,False,False,False,False,False,33.8027920380556,-117.4659261431046,4041.3,4041.3,1049.4,396.9,True,1,1,False,False,False,False,,True,False,False,Course Lock,196.8,67,16.4,93,NW,S,2.46,11.4,Calm,False,False,Android,7.0.2,M300 RTK,1ZN7L4R0H1D00F,1W9DL31001461C,1ZMLH8300204F0,1Z6PH74DAP0QN7,"Corona, CA",728.3,5.7,137.7,8.547347,2.013246,0,0,DJI Matrice 300 RTK,M300 RTK,1ZN7L4R0H1D00F,1W9DL31001461C,1ZMLH8300204F0,1Z6PH74DAP0QN7,DJI Pilot,Android,7.0.2,1EF72A62-B7C3-C88D-164E-CE6F8C8424AE,1ZN7L4R0H1D00F,1W9DL31001461C,,1ZMLH8300204F0,1W9DL31001461C,,,,,
2023-11-01,11:35:03.85 AM,10m 41.5s,641.5,33.7940055981602,-117.4740459020023,-27.8,137.7,22.9,1236,5643.8,5.241317,8.547335,-4.026492,2.23694,3.35541,5.816044,0.223694,1.11847,-0.9,-0.5,1,141.6,141.6,140.1,Tripod,Other,,21,5,True,,True,False,,Smart,RC,False,True,False,,,True,,False,False,False,False,False,False,False,False,False,False,0,Follow Yaw,-77.9,0,132.6,132.6,False,False,False,False,False,,0,0,False,False,No Card,100,100,1024,1316,857,825,2,False,False,False,False,False,0,False,False,False,False,66,,46.092,,6628,,10044,,46.092,,True,3.845,3.845,3.845,3.845,3.845,3.845,3.845,3.845,3.845,3.845,3.845,3.845,0,,False,False,True,,,,,,,,,,,,,,,False,False,19.584,,105.2,,75.7,,105.2,,1238,124,,22,7,143218.3,19095.78,,Idle,,20,,10,,,20,Go Home,False,False,False,False,False,False,False,False,False,False,False,False,33.8027920380556,-117.4659261431046,4041.5,4041.5,1049.4,396.9,True,1,1,False,False,False,False,,True,False,False,Course Lock,196.8,67,16.4,93,NW,S,2.46,11.4,Calm,False,False,Android,7.0.2,M300 RTK,1ZN7L4R0H1D00F,1W9DL31001461C,1ZMLH8300204F0,1Z6PH74DAP0QN7,"Corona, CA",728.3,5.7,137.7,8.547347,2.013246,0,0,DJI Matrice 300 RTK,M300 RTK,1ZN7L4R0H1D00F,1W9DL31001461C,1ZMLH8300204F0,1Z6PH74DAP0QN7,DJI Pilot,Android,7.0.2,1EF72A62-B7C3-C88D-164E-CE6F8C8424AE,1ZN7L4R0H1D00F,1W9DL31001461C,,1ZMLH8300204F0,1W9DL31001461C,,,,,
2023-11-01,11:35:03.95 AM,10m 41.6s,641.6,33.7940039256295,-117.4740441972614,-27.8,137.7,22.6,1236,5644.6,5.241317,8.547335,-4.026492,2.23694,3.35541,5.816044,0.223694,1.11847,-1.1,-0.5,1.2,141.3,141.3,139.7,Tripod,Other,,21,5,True,,True,False,,Smart,RC,False,True,False,,,True,,False,False,False,False,False,False,False,False,False,False,0,Follow Yaw,-77.9,0,132.2,132.2,False,False,False,False,False,,0,0,False,False,No Card,100,100,1024,1315,856,827,2,False,False,False,False,False,0,False,False,False,False,66,,46.092,,6628,,10044,,46.092,,True,3.845,3.845,3.845,3.845,3.845,3.845,3.845,3.845,3.845,3.845,3.845,3.845,0,,False,False,True,,,,,,,,,,,,,,,False,False,19.584,,105.2,,75.7,,105.2,,1238,124,,22,7,143218.3,19095.78,,Idle,,20,,10,,,20,Go Home,False,False,False,False,False,False,False,False,False,False,False,False,33.8027920380556,-117.4659261431046,4041.7,4041.7,1049.4,396.9,True,1,1,False,False,False,False,,True,False,False,Course Lock,196.8,67,16.4,93,NW,S,2.46,11.4,Calm,False,False,Android,7.0.2,M300 RTK,1ZN7L4R0H1D00F,1W9DL31001461C,1ZMLH8300204F0,1Z6PH74DAP0QN7,"Corona, CA",728.3,5.7,137.7,8.547347,2.013246,0,0,DJI Matrice 300 RTK,M300 RTK,1ZN7L4R0H1D00F,1W9DL31001461C,1ZMLH8300204F0,1Z6PH74DAP0QN7,DJI Pilot,Android,7.0.2,1EF72A62-B7C3-C88D-164E-CE6F8C8424AE,1ZN7L4R0H1D00F,1W9DL31001461C,,1ZMLH8300204F0,1W9DL31001461C,,,,,
2023-11-01,11:35:04.05 AM,10m 41.7s,641.7,33.7940024620538,-117.4740426308574,-27.8,137.7,22.6,1236,5645.3,5.241317,8.547335,-4.026492,2.23694,3.35541,5.816044,0.223694,1.11847,-1.2,-0.5,1.3,140.8,140.8,138.3,Tripod,Other,,21,5,True,,True,False,,Smart,RC,False,True,False,,,True,,False,False,False,False,False,False,False,False,False,False,0,Follow Yaw,-77.9,0,131.7,131.7,False,False,False,False,False,,0,0,False,False,No Card,100,100,1024,1314,857,829,2,False,False,False,False,False,0,False,False,False,False,66,,46.092,,6628,,10044,,46.092,,True,3.845,3.845,3.845,3.845,3.845,3.845,3.845,3.845,3.845,3.845,3.845,3.845,0,,False,False,True,,,,,,,,,,,,,,,False,False,19.584,,105.2,,75.7,,105.2,,1238,124,,22,7,143218.3,19095.78,,Idle,,20,,10,,,20,Go Home,False,False,False,False,False,False,False,False,False,False,False,False,33.8027920380556,-117.4659261431046,4041.8,4041.8,1049.4,396.9,True,1,1,False,False,False,False,,True,False,False,Course Lock,196.8,67,16.4,93,NW,S,2.46,11.4,Calm,False,False,Android,7.0.2,M300 RTK,1ZN7L4R0H1D00F,1W9DL31001461C,1ZMLH8300204F0,1Z6PH74DAP0QN7,"Corona, CA",728.3,5.7,137.7,8.547347,2.013246,0,0,DJI Matrice 300 RTK,M300 RTK,1ZN7L4R0H1D00F,1W9DL31001461C,1ZMLH8300204F0,1Z6PH74DAP0QN7,DJI Pilot,Android,7.0.2,1EF72A62-B7C3-C88D-164E-CE6F8C8424AE,1ZN7L4R0H1D00F,1W9DL31001461C,,1ZMLH8300204F0,1W9DL31001461C,,,,,
2023-11-01,11:35:04.15 AM,10m 41.8s,641.8,33.7940008366734,-117.474040907273,-28.2,137.7,22.6,1236,5646.1,5.241317,8.547335,-4.026492,2.23694,3.35541,5.816044,0.223694,1.11847,-1.2,-0.5,1.3,140.4,140.4,138.6,Tripod,Other,,21,5,True,,True,False,,Smart,RC,False,True,False,,,True,,False,False,False,False,False,False,False,False,False,False,0,Follow Yaw,-77.9,0,131.3,131.3,False,False,False,False,False,,0,0,False,False,No Card,100,100,1024,1315,862,831,2,False,False,False,False,False,0,False,False,False,False,66,,46.14,,3290,,4986,,46.14,,True,3.845,3.845,3.845,3.845,3.845,3.845,3.845,3.845,3.845,3.845,3.845,3.845,0,,False,False,True,,,,,,,,,,,,,,,False,False,9.606,,104.9,,75.7,,105.2,,1238,124,,22,7,143218.3,19095.78,,Idle,,20,,10,,,20,Go Home,False,False,False,False,False,False,False,False,False,False,False,False,33.8027920380556,-117.4659261431046,4041.9,4041.9,1049.4,396.9,True,1,1,False,False,False,False,,True,False,False,Course Lock,196.8,67,16.4,93,NW,S,2.68,11.4,Calm,False,False,Android,7.0.2,M300 RTK,1ZN7L4R0H1D00F,1W9DL31001461C,1ZMLH8300204F0,1Z6PH74DAP0QN7,"Corona, CA",728.3,5.7,137.7,8.547347,2.013246,0,0,DJI Matrice 300 RTK,M300 RTK,1ZN7L4R0H1D00F,1W9DL31001461C,1ZMLH8300204F0,1Z6PH74DAP0QN7,DJI Pilot,Android,7.0.2,1EF72A62-B7C3-C88D-164E-CE6F8C8424AE,1ZN7L4R0H1D00F,1W9DL31001461C,,1ZMLH8300204F0,1W9DL31001461C,,,,,
2023-11-01,11:35:04.26 AM,10m 41.9s,641.9,33.793999121173,-117.4740390976763,-28.2,137.7,22.6,1236,5646.9,5.071493,8.547335,-3.802798,2.23694,3.35541,5.816044,0.223694,1.11847,-1,-0.6,1.1,140.1,140.1,138.7,Tripod,Other,,21,5,True,,True,False,,Smart,RC,False,True,False,,,True,,False,False,False,False,False,False,False,False,False,False,0,Follow Yaw,-77.9,0,131,131,False,False,False,False,False,,0,0,False,False,No Card,100,100,1024,1314,868,830,2,False,False,False,False,False,0,False,False,False,False,66,,46.14,,3290,,4986,,46.14,,True,3.845,3.845,3.845,3.845,3.845,3.845,3.845,3.845,3.845,3.845,3.845,3.845,0,,False,False,True,,,,,,,,,,,,,,,False,False,9.606,,104.9,,75.7,,105.2,,1238,124,,22,7,143218.3,19095.78,,Idle,,20,,10,,,20,Go Home,False,False,False,False,False,False,False,False,False,False,False,False,33.8027920380556,-117.4659261431046,4042.1,4042.1,1049.4,396.9,True,1,1,False,False,False,False,,True,False,False,Course Lock,196.8,67,16.4,93,NW,S,2.68,11.4,Calm,False,False,Android,7.0.2,M300 RTK,1ZN7L4R0H1D00F,1W9DL31001461C,1ZMLH8300204F0,1Z6PH74DAP0QN7,"Corona, CA",728.3,5.7,137.7,8.547347,2.013246,0,0,DJI Matrice 300 RTK,M300 RTK,1ZN7L4R0H1D00F,1W9DL31001461C,1ZMLH8300204F0,1Z6PH74DAP0QN7,DJI Pilot,Android,7.0.2,1EF72A62-B7C3-C88D-164E-CE6F8C8424AE,1ZN7L4R0H1D00F,1W9DL31001461C,,1ZMLH8300204F0,1W9DL31001461C,,,,,
2023-11-01,11:35:04.36 AM,10m 42.0s,642.0,33.7939975168319,-117.4740373385077,-28.2,137.7,22.6,1236,5647.7,5.222189,8.547335,-3.802798,2.23694,3.579104,5.816044,0.223694,1.11847,-0.8,-0.6,1,139.6,139.6,137.6,Tripod,Other,,21,5,True,,True,False,,Smart,RC,False,True,False,,,True,,False,False,False,False,False,False,False,False,False,False,0,Follow Yaw,-77.9,0,130.4,130.4,False,False,False,False,False,,0,0,False,False,No Card,100,100,1024,1314,885,784,2,False,False,False,False,False,0,False,False,False,False,66,,46.164,,6628,,10044,,46.164,,True,3.845,3.845,3.845,3.845,3.845,3.845,3.845,3.845,3.845,3.845,3.845,3.845,0,,False,False,True,,,,,,,,,,,,,,,False,False,19.194,,105.2,,75.7,,105.2,,1238,124,,22,7,143218.3,19095.78,,Idle,,20,,10,,,20,Go Home,False,False,False,False,False,False,False,False,False,False,False,False,33.8027920380556,-117.4659261431046,4042.2,4042.2,1049.4,396.9,True,1,1,False,False,False,False,,True,False,False,Course Lock,196.8,67,16.4,93,NW,S,2.68,11.4,Calm,False,False,Android,7.0.2,M300 RTK,1ZN7L4R0H1D00F,1W9DL31001461C,1ZMLH8300204F0,1Z6PH74DAP0QN7,"Corona, CA",728.3,5.7,137.7,8.547347,2.013246,0,0,DJI Matrice 300 RTK,M300 RTK,1ZN7L4R0H1D00F,1W9DL31001461C,1ZMLH8300204F0,1Z6PH74DAP0QN7,DJI Pilot,Android,7.0.2,1EF72A62-B7C3-C88D-164E-CE6F8C8424AE,1ZN7L4R0H1D00F,1W9DL31001461C,,1ZMLH8300204F0,1W9DL31001461C,,,,,
2023-11-01,11:35:04.46 AM,10m 42.1s,642.1,33.7939957297153,-117.4740357236961,-28.2,137.7,22.3,1236,5648.5,5.222189,8.547335,-3.802798,2.23694,3.579104,5.816044,0.223694,1.11847,-0.9,-0.4,0.9,139.2,139.2,143.0,Tripod,Other,,21,5,True,,True,False,,Smart,RC,False,True,False,,,True,,False,False,False,False,False,False,False,False,False,False,0,Follow Yaw,-77.9,0,129.9,129.9,False,False,False,False,False,,0,0,False,False,No Card,100,100,1024,1319,885,783,2,False,False,False,False,False,0,False,False,False,False,66,,46.164,,6628,,10044,,46.164,,True,3.845,3.845,3.845,3.845,3.845,3.845,3.845,3.845,3.845,3.845,3.845,3.845,0,,False,False,True,,,,,,,,,,,,,,,False,False,19.194,,105.2,,75.7,,105.2,,1238,124,,22,7,143218.3,19095.78,,Idle,,20,,10,,,20,Go Home,False,False,False,False,False,False,False,False,False,False,False,False,33.8027920380556,-117.4659261431046,4042.5,4042.5,1049.4,396.9,True,1,1,False,False,False,False,,True,False,False,Course Lock,196.8,67,16.4,93,NW,S,2.68,11.4,Calm,False,False,Android,7.0.2,M300 RTK,1ZN7L4R0H1D00F,1W9DL31001461C,1ZMLH8300204F0,1Z6PH74DAP0QN7,"Corona, CA",728.3,5.7,137.7,8.547347,2.013246,0,0,DJI Matrice 300 RTK,M300 RTK,1ZN7L4R0H1D00F,1W9DL31001461C,1ZMLH8300204F0,1Z6PH74DAP0QN7,DJI Pilot,Android,7.0.2,1EF72A62-B7C3-C88D-164E-CE6F8C8424AE,1ZN7L4R0H1D00F,1W9DL31001461C,,1ZMLH8300204F0,1W9DL31001461C,,,,,
2023-11-01,11:35:04.56 AM,10m 42.2s,642.2,33.7939941468934,-117.4740339567757,-28.2,137.7,22.3,1236,5649.3,5.222189,8.547335,-3.802798,2.23694,3.579104,5.816044,0.223694,1.11847,-1.1,-0.5,1.2,138.6,138.6,137.1,Tripod,Other,,20,5,True,,True,False,,Smart,RC,False,True,False,,,True,,False,False,False,False,False,False,False,False,False,False,0,Follow Yaw,-77.9,0,129.3,129.3,False,False,False,False,False,,0,0,False,False,No Card,100,100,1024,1318,882,783,2,False,False,False,False,False,0,False,False,False,False,66,,46.164,,6628,,10044,,46.164,,True,3.845,3.845,3.845,3.845,3.845,3.845,3.845,3.845,3.845,3.845,3.845,3.845,0,,False,False,True,,,,,,,,,,,,,,,False,False,19.194,,105.2,,75.7,,105.2,,1238,124,,22,7,143218.3,19095.78,,Idle,,20,,10,,,20,Go Home,False,False,False,False,False,False,False,False,False,False,False,False,33.8027920380556,-117.4659261431046,4042.6,4042.6,1049.4,396.9,True,1,1,False,False,False,False,,True,False,False,Course Lock,196.8,67,16.4,93,NW,S,2.68,11.4,Calm,False,False,Android,7.0.2,M300 RTK,1ZN7L4R0H1D00F,1W9DL31001461C,1ZMLH8300204F0,1Z6PH74DAP0QN7,"Corona, CA",728.3,5.7,137.7,8.547347,2.013246,0,0,DJI Matrice 300 RTK,M300 RTK,1ZN7L4R0H1D00F,1W9DL31001461C,1ZMLH8300204F0,1Z6PH74DAP0QN7,DJI Pilot,Android,7.0.2,1EF72A62-B7C3-C88D-164E-CE6F8C8424AE,1ZN7L4R0H1D00F,1W9DL31001461C,,1ZMLH8300204F0,1W9DL31001461C,,,,,
2023-11-01,11:35:04.67 AM,10m 42.3s,642.3,33.7939928075667,-117.4740322461384,-28.5,137.7,22.3,1235,5650.0,5.222189,8.547335,-3.802798,2.23694,3.579104,5.816044,0.223694,1.11847,-1.4,-0.8,1.6,138.1,138.1,133.2,Tripod,Other,,20,5,True,,True,False,,Smart,RC,False,True,False,,,True,,False,False,False,False,False,False,False,False,False,False,0,Follow Yaw,-77.9,0,129,129,False,False,False,False,False,,0,0,False,False,No Card,100,100,1024,1322,877,781,2,False,False,False,False,False,0,False,False,False,False,66,,46.164,,6628,,10044,,46.164,,True,3.843,3.843,3.843,3.843,3.843,3.843,3.843,3.843,3.843,3.843,3.843,3.843,0,,False,False,True,,,,,,,,,,,,,,,False,False,19.194,,105.2,,75.7,,105.2,,1239,125,,22,7,143026.9,19070.26,,Idle,,20,,10,,,20,Go Home,False,False,False,False,False,False,False,False,False,False,False,False,33.8027920380556,-117.4659261431046,4042.7,4042.7,1049.4,396.9,True,1,1,False,False,False,False,,True,False,False,Course Lock,196.8,67,16.4,93,NW,S,2.68,11.4,Calm,False,False,Android,7.0.2,M300 RTK,1ZN7L4R0H1D00F,1W9DL31001461C,1ZMLH8300204F0,1Z6PH74DAP0QN7,"Corona, CA",728.3,5.7,137.7,8.547347,2.013246,0,0,DJI Matrice 300 RTK,M300 RTK,1ZN7L4R0H1D00F,1W9DL31001461C,1ZMLH8300204F0,1Z6PH74DAP0QN7,DJI Pilot,Android,7.0.2,1EF72A62-B7C3-C88D-164E-CE6F8C8424AE,1ZN7L4R0H1D00F,1W9DL31001461C,,1ZMLH8300204F0,1W9DL31001461C,,,,,
2023-11-01,11:35:04.77 AM,10m 42.4s,642.4,33.7939912694279,-117.4740304664358,-28.5,137.7,22.3,1235,5650.8,5.222189,8.547335,-3.802798,2.23694,3.579104,5.816044,0.223694,1.11847,-1.6,-1.2,2,137.5,137.5,136.1,Tripod,Other,,20,5,True,,True,False,,Smart,RC,False,True,False,,,True,,False,False,False,False,False,False,False,False,False,False,0,Follow Yaw,-77.9,0,128.1,128.1,False,False,False,False,False,,0,0,False,False,No Card,100,100,1024,1330,875,777,2,False,False,False,False,False,0,False,False,False,False,66,,46.164,,6628,,10044,,46.164,,True,3.843,3.843,3.843,3.843,3.843,3.843,3.843,3.843,3.843,3.843,3.843,3.843,0,,False,False,True,,,,,,,,,,,,,,,False,False,19.194,,105.2,,75.7,,105.2,,1239,125,,22,7,143026.9,19070.26,,Idle,,20,,10,,,20,Go Home,False,False,False,False,False,False,False,False,False,False,False,False,33.8027920380556,-117.4659261431046,4042.8,4042.8,1049.4,396.9,True,1,1,False,False,False,False,,True,False,False,Course Lock,196.8,67,16.4,93,NW,S,2.68,11.4,Calm,False,False,Android,7.0.2,M300 RTK,1ZN7L4R0H1D00F,1W9DL31001461C,1ZMLH8300204F0,1Z6PH74DAP0QN7,"Corona, CA",728.3,5.7,137.7,8.547347,2.013246,0,0,DJI Matrice 300 RTK,M300 RTK,1ZN7L4R0H1D00F,1W9DL31001461C,1ZMLH8300204F0,1Z6PH74DAP0QN7,DJI Pilot,Android,7.0.2,1EF72A62-B7C3-C88D-164E-CE6F8C8424AE,1ZN7L4R0H1D00F,1W9DL31001461C,,1ZMLH8300204F0,1W9DL31001461C,,,,,
2023-11-01,11:35:04.88 AM,10m 42.5s,642.5,33.7939895191816,-117.4740288029692,-28.5,137.7,22.3,1235,5651.6,5.061617,8.547335,-3.579104,2.23694,3.579104,5.816044,0.223694,1.11847,-1.7,-1.3,2.1,136.9,136.9,141.6,Tripod,Other,,20,5,True,,True,False,,Smart,RC,False,True,False,,,True,,False,False,False,False,False,False,False,False,False,False,0,Follow Yaw,-77.9,0,127.5,127.5,False,False,False,False,False,,0,0,False,False,No Card,100,100,1024,1339,868,774,2,False,False,False,False,False,0,False,False,False,False,66,,46.164,,6628,,10044,,46.164,,True,3.843,3.843,3.843,3.843,3.843,3.843,3.843,3.843,3.843,3.843,3.843,3.843,0,,False,False,True,,,,,,,,,,,,,,,False,False,19.194,,105.2,,75.7,,105.2,,1239,125,,22,7,143026.9,19070.26,,Idle,,20,,10,,,20,Go Home,False,False,False,False,False,False,False,False,False,False,False,False,33.8027920380556,-117.4659261431046,4043.0,4043.0,1049.4,396.9,True,1,1,False,False,False,False,,True,False,False,Course Lock,196.8,67,16.4,93,NW,S,2.68,11.4,Calm,False,False,Android,7.0.2,M300 RTK,1ZN7L4R0H1D00F,1W9DL31001461C,1ZMLH8300204F0,1Z6PH74DAP0QN7,"Corona, CA",728.3,5.7,137.7,8.547347,2.013246,0,0,DJI Matrice 300 RTK,M300 RTK,1ZN7L4R0H1D00F,1W9DL31001461C,1ZMLH8300204F0,1Z6PH74DAP0QN7,DJI Pilot,Android,7.0.2,1EF72A62-B7C3-C88D-164E-CE6F8C8424AE,1ZN7L4R0H1D00F,1W9DL31001461C,,1ZMLH8300204F0,1W9DL31001461C,,,,,
2023-11-01,11:35:04.94 AM,10m 42.6s,642.6,33.7939879915282,-117.4740269916407,-28.5,137.7,22.3,1235,5652.4,5.061617,8.547335,-3.579104,2.23694,3.579104,5.816044,0.223694,1.11847,-1.7,-1.5,2.2,136.3,136.3,135.4,Tripod,Other,,20,5,True,,True,False,,Smart,RC,False,True,False,,,True,,False,False,False,False,False,False,False,False,False,False,0,Follow Yaw,-77.9,0,126.9,126.9,False,False,False,False,False,,0,0,False,False,No Card,100,100,1024,1347,870,766,2,False,False,False,False,False,0,False,False,False,False,66,,46.164,,6628,,10044,,46.164,,True,3.843,3.843,3.843,3.843,3.843,3.843,3.843,3.843,3.843,3.843,3.843,3.843,0,,False,False,True,,,,,,,,,,,,,,,False,False,19.194,,105.2,,75.7,,105.2,,1239,125,,22,7,143026.9,19070.26,,Idle,,20,,10,,,20,Go Home,False,False,False,False,False,False,False,False,False,False,False,False,33.8027920380556,-117.4659261431046,4043.1,4043.1,1049.4,396.9,True,1,1,False,False,False,False,,True,False,False,Course Lock,196.8,67,16.4,93,NW,S,2.68,11.4,Calm,False,False,Android,7.0.2,M300 RTK,1ZN7L4R0H1D00F,1W9DL31001461C,1ZMLH8300204F0,1Z6PH74DAP0QN7,"Corona, CA",728.3,5.7,137.7,8.547347,2.013246,0,0,DJI Matrice 300 RTK,M300 RTK,1ZN7L4R0H1D00F,1W9DL31001461C,1ZMLH8300204F0,1Z6PH74DAP0QN7,DJI Pilot,Android,7.0.2,1EF72A62-B7C3-C88D-164E-CE6F8C8424AE,1ZN7L4R0H1D00F,1W9DL31001461C,,1ZMLH8300204F0,1W9DL31001461C,,,,,
2023-11-01,11:35:05.04 AM,10m 42.7s,642.7,33.7939870078157,-117.4740254827157,-28.5,137.7,22.3,1235,5653.0,5.061617,8.547335,-3.579104,2.23694,3.579104,5.816044,0.223694,1.11847,-1.6,-1.6,2.2,135.7,135.7,128.1,Tripod,Other,,20,5,True,,True,False,,Smart,RC,False,True,False,,,True,,False,False,False,False,False,False,False,False,False,False,0,Follow Yaw,-77.9,0,126.6,126.6,False,False,False,False,False,,0,0,False,False,No Card,100,100,1024,1351,872,750,2,False,False,False,False,False,0,False,False,False,False,66,,46.164,,6628,,10044,,46.164,,True,3.843,3.843,3.843,3.843,3.843,3.843,3.843,3.843,3.843,3.843,3.843,3.843,0,,False,False,True,,,,,,,,,,,,,,,False,False,19.194,,105.2,,75.7,,105.2,,1239,125,,22,7,143026.9,19070.26,,Idle,,20,,10,,,20,Go Home,False,False,False,False,False,False,False,False,False,False,False,False,33.8027920380556,-117.4659261431046,4043.1,4043.1,1049.4,396.9,True,1,1,False,False,False,False,,True,False,False,Course Lock,196.8,67,16.4,93,NW,S,2.68,11.4,Calm,False,False,Android,7.0.2,M300 RTK,1ZN7L4R0H1D00F,1W9DL31001461C,1ZMLH8300204F0,1Z6PH74DAP0QN7,"Corona, CA",728.3,5.7,137.7,8.547347,2.013246,0,0,DJI Matrice 300 RTK,M300 RTK,1ZN7L4R0H1D00F,1W9DL31001461C,1ZMLH8300204F0,1Z6PH74DAP0QN7,DJI Pilot,Android,7.0.2,1EF72A62-B7C3-C88D-164E-CE6F8C8424AE,1ZN7L4R0H1D00F,1W9DL31001461C,,1ZMLH8300204F0,1W9DL31001461C,,,,,
2023-11-01,11:35:05.14 AM,10m 42.8s,642.8,33.7939855597968,-117.4740236505646,-28.5,137.7,22.3,1235,5653.7,5.222189,8.547335,-3.579104,2.23694,3.802798,5.816044,0.223694,1.11847,-1.6,-1.7,2.3,135.1,135.1,133.5,Tripod,Other,,20,5,True,,True,False,,Smart,RC,False,True,False,,,True,,False,False,False,False,False,False,False,False,False,False,0,Follow Yaw,-77.9,0,125.6,125.6,False,False,False,False,False,,0,0,False,False,No Card,100,100,1024,1350,878,734,2,False,False,False,False,False,0,False,False,False,False,66,,46.164,,6628,,10044,,46.164,,True,3.843,3.843,3.843,3.843,3.843,3.843,3.843,3.843,3.843,3.843,3.843,3.843,0,,False,False,True,,,,,,,,,,,,,,,False,False,19.194,,105.2,,75.7,,105.2,,1239,125,,22,7,143026.9,19070.26,,Idle,,20,,10,,,20,Go Home,False,False,False,False,False,False,False,False,False,False,False,False,33.8027920380556,-117.4659261431046,4043.2,4043.2,1049.4,396.9,True,1,1,False,False,False,False,,True,False,False,Course Lock,196.8,67,16.4,93,NW,S,2.68,11.4,Calm,False,False,Android,7.0.2,M300 RTK,1ZN7L4R0H1D00F,1W9DL31001461C,1ZMLH8300204F0,1Z6PH74DAP0QN7,"Corona, CA",728.3,5.7,137.7,8.547347,2.013246,0,0,DJI Matrice 300 RTK,M300 RTK,1ZN7L4R0H1D00F,1W9DL31001461C,1ZMLH8300204F0,1Z6PH74DAP0QN7,DJI Pilot,Android,7.0.2,1EF72A62-B7C3-C88D-164E-CE6F8C8424AE,1ZN7L4R0H1D00F,1W9DL31001461C,,1ZMLH8300204F0,1W9DL31001461C,,,,,
2023-11-01,11:35:05.24 AM,10m 42.9s,642.9,33.7939839815666,-117.4740214729625,-28.5,137.7,22.3,1235,5654.6,5.222189,8.547335,-3.579104,2.23694,3.802798,5.816044,0.223694,1.11847,-1.5,-1.6,2.1,134.5,134.5,131.0,Tripod,Other,,20,5,True,,True,False,,Smart,RC,False,True,False,,,True,,False,False,False,False,False,False,False,False,False,False,0,Follow Yaw,-77.9,0,124.9,124.9,False,False,False,False,False,,0,0,False,False,No Card,100,100,1024,1353,881,725,2,False,False,False,False,False,0,False,False,False,False,66,,46.164,,6628,,10044,,46.164,,True,3.843,3.843,3.843,3.843,3.843,3.843,3.843,3.843,3.843,3.843,3.843,3.843,0,,False,False,True,,,,,,,,,,,,,,,False,False,19.194,,105.2,,75.7,,105.2,,1239,125,,22,7,143026.9,19070.26,,Idle,,20,,10,,,20,Go Home,False,False,False,False,False,False,False,False,False,False,False,False,33.8027920380556,-117.4659261431046,4043.2,4043.2,1049.4,396.9,True,1,1,False,False,False,False,,True,False,False,Course Lock,196.8,67,16.4,93,NW,S,2.68,11.4,Calm,False,False,Android,7.0.2,M300 RTK,1ZN7L4R0H1D00F,1W9DL31001461C,1ZMLH8300204F0,1Z6PH74DAP0QN7,"Corona, CA",728.3,5.7,137.7,8.547347,2.013246,0,0,DJI Matrice 300 RTK,M300 RTK,1ZN7L4R0H1D00F,1W9DL31001461C,1ZMLH8300204F0,1Z6PH74DAP0QN7,DJI Pilot,Android,7.0.2,1EF72A62-B7C3-C88D-164E-CE6F8C8424AE,1ZN7L4R0H1D00F,1W9DL31001461C,,1ZMLH8300204F0,1W9DL31001461C,,,,,
2023-11-01,11:35:05.34 AM,10m 43.0s,643.0,33.7939825630166,-117.4740195616026,-28.8,137.7,22.3,1235,5655.4,5.071493,8.547335,-3.35541,2.23694,3.802798,5.816044,0.223694,1.11847,-1.6,-1.7,2.3,133.8,133.8,131.7,Tripod,Other,,19,5,True,,True,False,,Smart,RC,False,True,False,,,True,,False,False,False,False,False,False,False,False,False,False,0,Follow Yaw,-77.9,0,124.1,124.1,False,False,False,False,False,,0,0,False,False,No Card,100,100,1024,1352,881,723,2,False,False,False,False,False,0,False,False,False,False,66,,46.128,,6628,,10044,,46.128,,True,3.843,3.843,3.843,3.843,3.843,3.843,3.843,3.843,3.843,3.843,3.843,3.843,0,,False,False,True,,,,,,,,,,,,,,,False,False,19.376,,105.2,,75.7,,105.2,,1239,125,,22,7,143026.9,19070.26,,Idle,,20,,10,,,20,Go Home,False,False,False,False,False,False,False,False,False,False,False,False,33.8027920380556,-117.4659261431046,4043.3,4043.3,1049.4,396.9,True,1,1,False,False,False,False,,True,False,False,Course Lock,196.8,67,16.4,93,NW,S,2.68,11.4,Calm,False,False,Android,7.0.2,M300 RTK,1ZN7L4R0H1D00F,1W9DL31001461C,1ZMLH8300204F0,1Z6PH74DAP0QN7,"Corona, CA",728.3,5.7,137.7,8.547347,2.013246,0,0,DJI Matrice 300 RTK,M300 RTK,1ZN7L4R0H1D00F,1W9DL31001461C,1ZMLH8300204F0,1Z6PH74DAP0QN7,DJI Pilot,Android,7.0.2,1EF72A62-B7C3-C88D-164E-CE6F8C8424AE,1ZN7L4R0H1D00F,1W9DL31001461C,,1ZMLH8300204F0,1W9DL31001461C,,,,,
2023-11-01,11:35:05.44 AM,10m 43.1s,643.1,33.7939811173278,-117.4740176728384,-28.8,137.7,22.3,1235,5656.2,5.071493,8.547335,-3.35541,2.23694,3.802798,5.816044,0.223694,1.11847,-1.7,-1.7,2.4,133.2,133.2,132.6,Tripod,Other,,19,5,True,,True,False,,Smart,RC,False,True,False,,,True,,False,False,False,False,False,False,False,False,False,False,0,Follow Yaw,-77.9,0,123.7,123.7,False,False,False,False,False,,0,0,False,False,No Card,100,100,1024,1345,881,722,2,False,False,False,False,False,0,False,False,False,False,66,,46.128,,6628,,10044,,46.128,,True,3.843,3.843,3.843,3.843,3.843,3.843,3.843,3.843,3.843,3.843,3.843,3.843,0,,False,False,True,,,,,,,,,,,,,,,False,False,19.376,,105.2,,75.7,,105.2,,1239,125,,22,7,143026.9,19070.26,,Idle,,20,,10,,,20,Go Home,False,False,False,False,False,False,False,False,False,False,False,False,33.8027920380556,-117.4659261431046,4043.4,4043.4,1049.4,396.9,True,1,1,False,False,False,False,,True,False,False,Course Lock,196.8,67,16.4,93,NW,S,2.68,11.4,Calm,False,False,Android,7.0.2,M300 RTK,1ZN7L4R0H1D00F,1W9DL31001461C,1ZMLH8300204F0,1Z6PH74DAP0QN7,"Corona, CA",728.3,5.7,137.7,8.547347,2.013246,0,0,DJI Matrice 300 RTK,M300 RTK,1ZN7L4R0H1D00F,1W9DL31001461C,1ZMLH8300204F0,1Z6PH74DAP0QN7,DJI Pilot,Android,7.0.2,1EF72A62-B7C3-C88D-164E-CE6F8C8424AE,1ZN7L4R0H1D00F,1W9DL31001461C,,1ZMLH8300204F0,1W9DL31001461C,,,,,
2023-11-01,11:35:05.54 AM,10m 43.2s,643.2,33.7939797379098,-117.4740157139779,-28.8,137.7,22.3,1235,5657.0,5.241317,8.547335,-3.35541,2.23694,4.026492,5.816044,0.223694,1.11847,-1.8,-1.6,2.4,132.5,132.5,130.2,Tripod,Other,,19,5,True,,True,False,,Smart,RC,False,True,False,,,True,,False,False,False,False,False,False,False,False,False,False,0,Follow Yaw,-77.9,0,122.4,122.4,False,False,False,False,False,,0,0,False,False,No Card,100,100,1024,1342,884,720,2,False,False,False,False,False,0,False,False,False,False,66,,46.128,,6628,,10044,,46.128,,True,3.843,3.843,3.843,3.843,3.843,3.843,3.843,3.843,3.843,3.843,3.843,3.843,0,,False,False,True,,,,,,,,,,,,,,,False,False,19.376,,105.2,,75.7,,105.2,,1239,125,,22,7,143026.9,19070.26,,Idle,,20,,10,,,20,Go Home,False,False,False,False,False,False,False,False,False,False,False,False,33.8027920380556,-117.4659261431046,4043.4,4043.4,1049.4,396.9,True,1,1,False,False,False,False,,True,False,False,Course Lock,196.8,67,16.4,93,NW,S,2.68,11.4,Calm,False,False,Android,7.0.2,M300 RTK,1ZN7L4R0H1D00F,1W9DL31001461C,1ZMLH8300204F0,1Z6PH74DAP0QN7,"Corona, CA",728.3,5.7,137.7,8.547347,2.013246,0,0,DJI Matrice 300 RTK,M300 RTK,1ZN7L4R0H1D00F,1W9DL31001461C,1ZMLH8300204F0,1Z6PH74DAP0QN7,DJI Pilot,Android,7.0.2,1EF72A62-B7C3-C88D-164E-CE6F8C8424AE,1ZN7L4R0H1D00F,1W9DL31001461C,,1ZMLH8300204F0,1W9DL31001461C,,,,,
2023-11-01,11:35:05.64 AM,10m 43.3s,643.3,33.7939782241,-117.4740136160382,-28.8,137.7,22.3,1235,5657.8,5.241317,8.547335,-3.35541,2.23694,4.026492,5.816044,0,1.11847,-2,-1.7,2.6,131.7,131.7,130.9,Tripod,Other,,19,5,True,,True,False,,Smart,RC,False,True,False,,,True,,False,False,False,False,False,False,False,False,False,False,0,Follow Yaw,-77.9,0,121.6,121.6,False,False,False,False,False,,0,0,False,False,No Card,100,100,1024,1342,885,720,2,False,False,False,False,False,0,False,False,False,False,66,,46.128,,6628,,10044,,46.128,,True,3.846,3.846,3.846,3.846,3.846,3.846,3.846,3.846,3.846,3.846,3.846,3.846,0,,False,False,True,,,,,,,,,,,,,,,False,False,19.376,,105.2,,75.7,,105.2,,1240,125,,22,7,143064.9,19075.32,,Idle,,20,,10,,,20,Go Home,False,False,False,False,False,False,False,False,False,False,False,False,33.8027920380556,-117.4659261431046,4043.5,4043.5,1049.4,396.9,True,1,1,False,False,False,False,,True,False,False,Course Lock,196.8,67,16.4,93,NW,S,2.68,11.4,Calm,False,False,Android,7.0.2,M300 RTK,1ZN7L4R0H1D00F,1W9DL31001461C,1ZMLH8300204F0,1Z6PH74DAP0QN7,"Corona, CA",728.3,5.7,137.7,8.547347,2.013246,0,0,DJI Matrice 300 RTK,M300 RTK,1ZN7L4R0H1D00F,1W9DL31001461C,1ZMLH8300204F0,1Z6PH74DAP0QN7,DJI Pilot,Android,7.0.2,1EF72A62-B7C3-C88D-164E-CE6F8C8424AE,1ZN7L4R0H1D00F,1W9DL31001461C,,1ZMLH8300204F0,1W9DL31001461C,,,,,
2023-11-01,11:35:05.74 AM,10m 43.4s,643.4,33.7939768702445,-117.4740115942148,-28.8,137.7,22.3,1235,5658.6,5.241317,8.547335,-3.35541,2.23694,4.026492,5.816044,0,1.11847,-2.2,-1.8,2.8,130.8,130.8,128.8,Tripod,Other,,19,5,True,,True,False,,Smart,RC,False,True,False,,,True,,False,False,False,False,False,False,False,False,False,False,0,Follow Yaw,-77.9,0,120.8,120.8,False,False,False,False,False,,0,0,False,False,No Card,100,100,1024,1342,889,721,2,False,False,False,False,False,0,False,False,False,False,66,,46.128,,6628,,10044,,46.128,,True,3.846,3.846,3.846,3.846,3.846,3.846,3.846,3.846,3.846,3.846,3.846,3.846,0,,False,False,True,,,,,,,,,,,,,,,False,False,19.376,,105.2,,75.7,,105.2,,1240,125,,22,7,143064.9,19075.32,,Idle,,20,,10,,,20,Go Home,False,False,False,False,False,False,False,False,False,False,False,False,33.8027920380556,-117.4659261431046,4043.5,4043.5,1049.4,396.9,True,1,1,False,False,False,False,,True,False,False,Course Lock,196.8,67,16.4,93,NW,S,2.68,11.4,Calm,False,False,Android,7.0.2,M300 RTK,1ZN7L4R0H1D00F,1W9DL31001461C,1ZMLH8300204F0,1Z6PH74DAP0QN7,"Corona, CA",728.3,5.7,137.7,8.547347,2.013246,0,0,DJI Matrice 300 RTK,M300 RTK,1ZN7L4R0H1D00F,1W9DL31001461C,1ZMLH8300204F0,1Z6PH74DAP0QN7,DJI Pilot,Android,7.0.2,1EF72A62-B7C3-C88D-164E-CE6F8C8424AE,1ZN7L4R0H1D00F,1W9DL31001461C,,1ZMLH8300204F0,1W9DL31001461C,,,,,
2023-11-01,11:35:05.84 AM,10m 43.5s,643.5,33.7939756021914,-117.4740096272314,-28.8,137.7,22.3,1235,5659.3,5.101008,8.547335,-3.131716,2.23694,4.026492,5.816044,0,1.11847,-2.1,-2,2.9,130,130,127.8,Tripod,Other,,19,5,True,,True,False,,Smart,RC,False,True,False,,,True,,False,False,False,False,False,False,False,False,False,False,0,Follow Yaw,-77.9,0,120.4,120.4,False,False,False,False,False,,0,0,False,False,No Card,100,100,1024,1338,888,723,2,False,False,False,False,False,0,False,False,False,False,66,,46.128,,6628,,10044,,46.128,,True,3.846,3.846,3.846,3.846,3.846,3.846,3.846,3.846,3.846,3.846,3.846,3.846,0,,False,False,True,,,,,,,,,,,,,,,False,False,19.376,,105.2,,75.7,,105.2,,1240,125,,22,7,143064.9,19075.32,,Idle,,20,,10,,,20,Go Home,False,False,False,False,False,False,False,False,False,False,False,False,33.8027920380556,-117.4659261431046,4043.5,4043.5,1049.4,396.9,True,1,1,False,False,False,False,,True,False,False,Course Lock,196.8,67,16.4,93,NW,S,2.68,11.4,Calm,False,False,Android,7.0.2,M300 RTK,1ZN7L4R0H1D00F,1W9DL31001461C,1ZMLH8300204F0,1Z6PH74DAP0QN7,"Corona, CA",728.3,5.7,137.7,8.547347,2.013246,0,0,DJI Matrice 300 RTK,M300 RTK,1ZN7L4R0H1D00F,1W9DL31001461C,1ZMLH8300204F0,1Z6PH74DAP0QN7,DJI Pilot,Android,7.0.2,1EF72A62-B7C3-C88D-164E-CE6F8C8424AE,1ZN7L4R0H1D00F,1W9DL31001461C,,1ZMLH8300204F0,1W9DL31001461C,,,,,
2023-11-01,11:35:05.94 AM,10m 43.6s,643.6,33.7939742897294,-117.4740075471044,-28.8,137.7,22.3,1235,5660.1,5.279367,8.547335,-3.131716,2.23694,4.250186,5.816044,0,1.11847,-1.9,-2.1,2.8,129.1,129.1,127.2,Tripod,Other,,19,5,True,,True,False,,Smart,RC,False,True,False,,,True,,False,False,False,False,False,False,False,False,False,False,0,Follow Yaw,-77.9,0,119.2,119.2,False,False,False,False,False,,0,0,False,False,No Card,100,100,1024,1338,884,723,2,False,False,False,False,False,0,False,False,False,False,66,,46.128,,6628,,10044,,46.128,,True,3.846,3.846,3.846,3.846,3.846,3.846,3.846,3.846,3.846,3.846,3.846,3.846,0,,False,False,True,,,,,,,,,,,,,,,False,False,19.376,,105.2,,75.7,,105.2,,1240,125,,22,7,143064.9,19075.32,,Idle,,20,,10,,,20,Go Home,False,False,False,False,False,False,False,False,False,False,False,False,33.8027920380556,-117.4659261431046,4043.5,4043.5,1049.4,396.9,True,1,1,False,False,False,False,,True,False,False,Course Lock,196.8,67,16.4,93,NW,S,2.68,11.4,Calm,False,False,Android,7.0.2,M300 RTK,1ZN7L4R0H1D00F,1W9DL31001461C,1ZMLH8300204F0,1Z6PH74DAP0QN7,"Corona, CA",728.3,5.7,137.7,8.547347,2.013246,0,0,DJI Matrice 300 RTK,M300 RTK,1ZN7L4R0H1D00F,1W9DL31001461C,1ZMLH8300204F0,1Z6PH74DAP0QN7,DJI Pilot,Android,7.0.2,1EF72A62-B7C3-C88D-164E-CE6F8C8424AE,1ZN7L4R0H1D00F,1W9DL31001461C,,1ZMLH8300204F0,1W9DL31001461C,,,,,
2023-11-01,11:35:06.04 AM,10m 43.7s,643.7,33.7939727872274,-117.4740053525144,-28.8,137.7,22.3,1235,5661.0,5.279367,8.547335,-3.131716,2.23694,4.250186,5.816044,0,1.11847,-1.6,-2.2,2.7,128.2,128.2,129.4,Tripod,Other,,19,5,True,,True,False,,Smart,RC,False,True,False,,,True,,False,False,False,False,False,False,False,False,False,False,0,Follow Yaw,-77.9,0,118.3,118.3,False,False,False,False,False,,0,0,False,False,No Card,100,100,1024,1339,882,726,2,False,False,False,False,False,0,False,False,False,False,66,,46.128,,6628,,10044,,46.128,,True,3.846,3.846,3.846,3.846,3.846,3.846,3.846,3.846,3.846,3.846,3.846,3.846,0,,False,False,True,,,,,,,,,,,,,,,False,False,19.376,,105.2,,75.7,,105.2,,1240,125,,22,7,143064.9,19075.32,,Idle,,20,,10,,,20,Go Home,False,False,False,False,False,False,False,False,False,False,False,False,33.8027920380556,-117.4659261431046,4043.5,4043.5,1049.4,396.9,True,1,1,False,False,False,False,,True,False,False,Course Lock,196.8,67,16.4,93,NW,S,2.68,11.4,Calm,False,False,Android,7.0.2,M300 RTK,1ZN7L4R0H1D00F,1W9DL31001461C,1ZMLH8300204F0,1Z6PH74DAP0QN7,"Corona, CA",728.3,5.7,137.7,8.547347,2.013246,0,0,DJI Matrice 300 RTK,M300 RTK,1ZN7L4R0H1D00F,1W9DL31001461C,1ZMLH8300204F0,1Z6PH74DAP0QN7,DJI Pilot,Android,7.0.2,1EF72A62-B7C3-C88D-164E-CE6F8C8424AE,1ZN7L4R0H1D00F,1W9DL31001461C,,1ZMLH8300204F0,1W9DL31001461C,,,,,
2023-11-01,11:35:06.11 AM,10m 43.8s,643.8,33.7939715093057,-117.4740032053836,-28.8,137.7,22.3,1235,5661.8,5.279367,8.547335,-3.131716,2.23694,4.250186,5.816044,0,1.11847,-1.4,-2.3,2.6,127.4,127.4,125.6,Tripod,Other,,19,5,True,,True,False,,Smart,RC,False,True,False,,,True,,False,False,False,False,False,False,False,False,False,False,0,Follow Yaw,-77.9,0,117.5,117.5,False,False,False,False,False,,0,0,False,False,No Card,100,100,1024,1339,882,734,2,False,False,False,False,False,0,False,False,False,False,66,,46.128,,6628,,10044,,46.128,,True,3.846,3.846,3.846,3.846,3.846,3.846,3.846,3.846,3.846,3.846,3.846,3.846,0,,False,False,True,,,,,,,,,,,,,,,False,False,19.376,,105.2,,75.7,,105.2,,1240,125,,22,7,143064.9,19075.32,,Idle,,20,,10,,,20,Go Home,False,False,False,False,False,False,False,False,False,False,False,False,33.8027920380556,-117.4659261431046,4043.5,4043.5,1049.4,396.9,True,1,1,False,False,False,False,,True,False,False,Course Lock,196.8,67,16.4,93,NW,S,2.68,11.4,Calm,False,False,Android,7.0.2,M300 RTK,1ZN7L4R0H1D00F,1W9DL31001461C,1ZMLH8300204F0,1Z6PH74DAP0QN7,"Corona, CA",728.3,5.7,137.7,8.547347,2.013246,0,0,DJI Matrice 300 RTK,M300 RTK,1ZN7L4R0H1D00F,1W9DL31001461C,1ZMLH8300204F0,1Z6PH74DAP0QN7,DJI Pilot,Android,7.0.2,1EF72A62-B7C3-C88D-164E-CE6F8C8424AE,1ZN7L4R0H1D00F,1W9DL31001461C,,1ZMLH8300204F0,1W9DL31001461C,,,,,
2023-11-01,11:35:06.24 AM,10m 43.9s,643.9,33.7939704331431,-117.4740013178976,-28.8,137.7,21.9,1235,5662.5,5.149822,8.547335,-2.908022,2.23694,4.250186,5.816044,0,1.11847,-1.4,-2.1,2.5,126.6,126.6,124.4,Tripod,Other,,19,5,True,,True,False,,Smart,RC,False,True,False,,,True,,False,False,False,False,False,False,False,False,False,False,0,Follow Yaw,-77.9,0,117.1,117.1,False,False,False,False,False,,0,0,False,False,No Card,100,100,1024,1340,881,737,2,False,False,False,False,False,0,False,False,False,False,66,,46.128,,6628,,10044,,46.128,,True,3.846,3.846,3.846,3.846,3.846,3.846,3.846,3.846,3.846,3.846,3.846,3.846,0,,False,False,True,,,,,,,,,,,,,,,False,False,19.376,,105.2,,75.7,,105.2,,1240,125,,22,7,143064.9,19075.32,,Idle,,20,,10,,,20,Go Home,False,False,False,False,False,False,False,False,False,False,False,False,33.8027920380556,-117.4659261431046,4043.5,4043.5,1049.4,396.9,True,1,1,False,False,False,False,,True,False,False,Course Lock,196.8,67,16.4,93,NW,S,2.68,11.4,Calm,False,False,Android,7.0.2,M300 RTK,1ZN7L4R0H1D00F,1W9DL31001461C,1ZMLH8300204F0,1Z6PH74DAP0QN7,"Corona, CA",728.3,5.7,137.7,8.547347,2.013246,0,0,DJI Matrice 300 RTK,M300 RTK,1ZN7L4R0H1D00F,1W9DL31001461C,1ZMLH8300204F0,1Z6PH74DAP0QN7,DJI Pilot,Android,7.0.2,1EF72A62-B7C3-C88D-164E-CE6F8C8424AE,1ZN7L4R0H1D00F,1W9DL31001461C,,1ZMLH8300204F0,1W9DL31001461C,,,,,
2023-11-01,11:35:06.32 AM,10m 44.0s,644.0,33.7939692328684,-117.4739991461919,-28.8,137.7,21.9,1235,5663.3,5.335934,8.547335,-2.908022,2.23694,4.47388,5.816044,0,1.11847,-1.6,-1.7,2.3,125.8,125.8,123.6,Tripod,Other,,19,5,True,,True,False,,Smart,RC,False,True,False,,,True,,False,False,False,False,False,False,False,False,False,False,0,Follow Yaw,-77.9,0,116,116,False,False,False,False,False,,0,0,False,False,No Card,100,100,1024,1341,882,738,2,False,False,False,False,False,0,False,False,False,False,66,,46.128,,6628,,10044,,46.128,,True,3.846,3.846,3.846,3.846,3.846,3.846,3.846,3.846,3.846,3.846,3.846,3.846,0,,False,False,True,,,,,,,,,,,,,,,False,False,19.288,,105.2,,75.7,,105.2,,1240,125,,22,7,143064.9,19075.32,,Idle,,20,,10,,,20,Go Home,False,False,False,False,False,False,False,False,False,False,False,False,33.8027920380556,-117.4659261431046,4043.4,4043.5,1049.4,396.9,True,1,1,False,False,False,False,,True,False,False,Course Lock,196.8,67,16.4,93,NW,S,2.46,11.4,Calm,False,False,Android,7.0.2,M300 RTK,1ZN7L4R0H1D00F,1W9DL31001461C,1ZMLH8300204F0,1Z6PH74DAP0QN7,"Corona, CA",728.3,5.7,137.7,8.547347,2.013246,0,0,DJI Matrice 300 RTK,M300 RTK,1ZN7L4R0H1D00F,1W9DL31001461C,1ZMLH8300204F0,1Z6PH74DAP0QN7,DJI Pilot,Android,7.0.2,1EF72A62-B7C3-C88D-164E-CE6F8C8424AE,1ZN7L4R0H1D00F,1W9DL31001461C,,1ZMLH8300204F0,1W9DL31001461C,,,,,
2023-11-01,11:35:06.43 AM,10m 44.1s,644.1,33.7939678608519,-117.4739967389628,-28.8,137.7,21.9,1235,5664.2,5.335934,8.547335,-2.908022,2.23694,4.47388,5.816044,0,1.11847,-1.8,-1.4,2.2,125.1,125.1,124.4,Tripod,Other,,19,5,True,,True,False,,Smart,RC,False,True,False,,,True,,False,False,False,False,False,False,False,False,False,False,0,Follow Yaw,-77.9,0,115.2,115.2,False,False,False,False,False,,0,0,False,False,No Card,100,100,1024,1343,882,738,2,False,False,False,False,False,0,False,False,False,False,66,,46.128,,6628,,10044,,46.128,,True,3.846,3.846,3.846,3.846,3.846,3.846,3.846,3.846,3.846,3.846,3.846,3.846,0,,False,False,True,,,,,,,,,,,,,,,False,False,19.288,,105.2,,75.7,,105.2,,1240,125,,22,7,143064.9,19075.32,,Idle,,20,,10,,,20,Go Home,False,False,False,False,False,False,False,False,False,False,False,False,33.8027920380556,-117.4659261431046,4043.4,4043.5,1049.4,396.9,True,1,1,False,False,False,False,,True,False,False,Course Lock,196.8,67,16.4,93,NW,S,2.46,11.4,Calm,False,False,Android,7.0.2,M300 RTK,1ZN7L4R0H1D00F,1W9DL31001461C,1ZMLH8300204F0,1Z6PH74DAP0QN7,"Corona, CA",728.3,5.7,137.7,8.547347,2.013246,0,0,DJI Matrice 300 RTK,M300 RTK,1ZN7L4R0H1D00F,1W9DL31001461C,1ZMLH8300204F0,1Z6PH74DAP0QN7,DJI Pilot,Android,7.0.2,1EF72A62-B7C3-C88D-164E-CE6F8C8424AE,1ZN7L4R0H1D00F,1W9DL31001461C,,1ZMLH8300204F0,1W9DL31001461C,,,,,
2023-11-01,11:35:06.53 AM,10m 44.2s,644.2,33.7939666880587,-117.4739945002946,-29.1,137.7,21.9,1235,5665.0,5.335934,8.547335,-2.908022,2.23694,4.47388,5.816044,0,1.11847,-1.9,-1.6,2.4,124.2,124.2,122.2,Tripod,Other,,20,5,True,,True,False,,Smart,RC,False,True,False,,,True,,False,False,False,False,False,False,False,False,False,False,0,Follow Yaw,-77.9,0,114.4,114.4,False,False,False,False,False,,0,0,False,False,No Card,100,100,1024,1342,882,741,2,False,False,False,False,False,0,False,False,False,False,66,,46.128,,6628,,10044,,46.128,,True,3.846,3.846,3.846,3.846,3.846,3.846,3.846,3.846,3.846,3.846,3.846,3.846,0,,False,False,True,,,,,,,,,,,,,,,False,False,19.288,,105.2,,75.7,,105.2,,1240,125,,22,7,143064.9,19075.32,,Idle,,20,,10,,,20,Go Home,False,False,False,False,False,False,False,False,False,False,False,False,33.8027920380556,-117.4659261431046,4043.3,4043.5,1049.4,396.9,True,1,1,False,False,False,False,,True,False,False,Course Lock,196.8,67,16.4,93,NW,S,2.46,11.4,Calm,False,False,Android,7.0.2,M300 RTK,1ZN7L4R0H1D00F,1W9DL31001461C,1ZMLH8300204F0,1Z6PH74DAP0QN7,"Corona, CA",728.3,5.7,137.7,8.547347,2.013246,0,0,DJI Matrice 300 RTK,M300 RTK,1ZN7L4R0H1D00F,1W9DL31001461C,1ZMLH8300204F0,1Z6PH74DAP0QN7,DJI Pilot,Android,7.0.2,1EF72A62-B7C3-C88D-164E-CE6F8C8424AE,1ZN7L4R0H1D00F,1W9DL31001461C,,1ZMLH8300204F0,1W9DL31001461C,,,,,
2023-11-01,11:35:06.64 AM,10m 44.3s,644.3,33.7939656169675,-117.4739922592348,-29.1,137.7,21.9,1235,5665.7,5.217395,8.547335,-2.684328,2.23694,4.47388,5.816044,0,1.11847,-1.8,-1.8,2.5,123.4,123.4,119.9,Tripod,Other,,20,5,True,,True,False,,Smart,RC,False,True,False,,,True,,False,False,False,False,False,False,False,False,False,False,0,Follow Yaw,-77.9,0,114.1,114.1,False,False,False,False,False,,0,0,False,False,No Card,100,100,1024,1345,896,775,2,False,False,False,False,False,0,False,False,False,False,66,,46.128,,6628,,10044,,46.128,,True,3.845,3.845,3.845,3.845,3.845,3.845,3.845,3.845,3.845,3.845,3.845,3.845,0,,False,False,True,,,,,,,,,,,,,,,False,False,19.288,,105.2,,75.7,,105.2,,1241,125,,22,7,143229.7,19097.29,,Idle,,20,,10,,,20,Go Home,False,False,False,False,False,False,False,False,False,False,False,False,33.8027920380556,-117.4659261431046,4043.2,4043.5,1049.4,396.9,True,1,1,False,False,False,False,,True,False,False,Course Lock,196.8,67,16.4,93,NW,S,2.46,11.4,Calm,False,False,Android,7.0.2,M300 RTK,1ZN7L4R0H1D00F,1W9DL31001461C,1ZMLH8300204F0,1Z6PH74DAP0QN7,"Corona, CA",728.3,5.7,137.7,8.547347,2.013246,0,0,DJI Matrice 300 RTK,M300 RTK,1ZN7L4R0H1D00F,1W9DL31001461C,1ZMLH8300204F0,1Z6PH74DAP0QN7,DJI Pilot,Android,7.0.2,1EF72A62-B7C3-C88D-164E-CE6F8C8424AE,1ZN7L4R0H1D00F,1W9DL31001461C,,1ZMLH8300204F0,1W9DL31001461C,,,,,
2023-11-01,11:35:06.74 AM,10m 44.4s,644.4,33.7939644981778,-117.4739899714168,-29.1,137.7,21.9,1235,5666.6,5.410436,8.547335,-2.684328,2.23694,4.697574,5.816044,0,1.11847,-1.5,-1.8,2.3,122.7,122.7,120.4,Tripod,Other,,20,5,True,,True,False,,Smart,RC,False,True,False,,,True,,False,False,False,False,False,False,False,False,False,False,0,Follow Yaw,-77.9,0,113,113,False,False,False,False,False,,0,0,False,False,No Card,100,100,1024,1340,975,967,2,False,False,False,False,False,0,False,False,False,False,66,,46.128,,6628,,10044,,46.128,,True,3.845,3.845,3.845,3.845,3.845,3.845,3.845,3.845,3.845,3.845,3.845,3.845,0,,False,False,True,,,,,,,,,,,,,,,False,False,19.288,,105.2,,75.7,,105.2,,1241,125,,22,7,143229.7,19097.29,,Idle,,20,,10,,,20,Go Home,False,False,False,False,False,False,False,False,False,False,False,False,33.8027920380556,-117.4659261431046,4043.1,4043.5,1049.4,396.9,True,1,1,False,False,False,False,,True,False,False,Course Lock,196.8,67,16.4,93,NW,S,2.46,11.4,Calm,False,False,Android,7.0.2,M300 RTK,1ZN7L4R0H1D00F,1W9DL31001461C,1ZMLH8300204F0,1Z6PH74DAP0QN7,"Corona, CA",728.3,5.7,137.7,8.547347,2.013246,0,0,DJI Matrice 300 RTK,M300 RTK,1ZN7L4R0H1D00F,1W9DL31001461C,1ZMLH8300204F0,1Z6PH74DAP0QN7,DJI Pilot,Android,7.0.2,1EF72A62-B7C3-C88D-164E-CE6F8C8424AE,1ZN7L4R0H1D00F,1W9DL31001461C,,1ZMLH8300204F0,1W9DL31001461C,,,,,
2023-11-01,11:35:06.85 AM,10m 44.5s,644.5,33.7939635300906,-117.4739878608186,-29.1,137.7,21.9,1235,5667.3,5.410436,8.547335,-2.684328,2.23694,4.697574,5.816044,0,1.11847,-1.3,-1.5,1.9,121.9,121.9,118.8,Tripod,Other,,20,5,True,,True,False,,Smart,RC,False,True,False,,,True,,False,False,False,False,False,False,False,False,False,False,0,Follow Yaw,-77.9,0,112.7,112.7,False,False,False,False,False,,0,0,False,False,No Card,100,100,1024,1333,1024,1024,2,False,False,False,False,False,0,False,False,False,False,66,,46.128,,6628,,10044,,46.128,,True,3.845,3.845,3.845,3.845,3.845,3.845,3.845,3.845,3.845,3.845,3.845,3.845,0,,False,False,True,,,,,,,,,,,,,,,False,False,19.288,,105.2,,75.7,,105.2,,1241,125,,22,7,143229.7,19097.29,,Idle,,20,,10,,,20,Go Home,False,False,False,False,False,False,False,False,False,False,False,False,33.8027920380556,-117.4659261431046,4043.0,4043.5,1049.4,396.9,True,1,1,False,False,False,False,,True,False,False,Course Lock,196.8,67,16.4,93,NW,S,2.46,11.4,Calm,False,False,Android,7.0.2,M300 RTK,1ZN7L4R0H1D00F,1W9DL31001461C,1ZMLH8300204F0,1Z6PH74DAP0QN7,"Corona, CA",728.3,5.7,137.7,8.547347,2.013246,0,0,DJI Matrice 300 RTK,M300 RTK,1ZN7L4R0H1D00F,1W9DL31001461C,1ZMLH8300204F0,1Z6PH74DAP0QN7,DJI Pilot,Android,7.0.2,1EF72A62-B7C3-C88D-164E-CE6F8C8424AE,1ZN7L4R0H1D00F,1W9DL31001461C,,1ZMLH8300204F0,1W9DL31001461C,,,,,
2023-11-01,11:35:06.95 AM,10m 44.6s,644.6,33.7939624755842,-117.4739855536622,-29.1,137.7,21.9,1235,5668.1,5.30301,8.547335,-2.460634,2.23694,4.697574,5.816044,0,1.11847,-1.3,-0.1,1.3,121.4,121.4,118.8,Tripod,Other,,20,5,True,,True,False,,Smart,RC,False,True,False,,,True,,False,False,False,False,False,False,False,False,False,False,0,Follow Yaw,-77.9,0,112.7,112.7,False,False,False,False,False,,0,0,False,False,No Card,100,100,1024,1332,1024,1024,2,False,False,False,False,False,0,False,False,False,False,66,,46.128,,6628,,10044,,46.128,,True,3.845,3.845,3.845,3.845,3.845,3.845,3.845,3.845,3.845,3.845,3.845,3.845,0,,False,False,True,,,,,,,,,,,,,,,False,False,19.288,,105.2,,75.7,,105.2,,1241,125,,22,7,143229.7,19097.29,,Idle,,20,,10,,,20,Go Home,False,False,False,False,False,False,False,False,False,False,False,False,33.8027920380556,-117.4659261431046,4042.9,4043.5,1049.4,396.9,True,1,1,False,False,False,False,,True,False,False,Course Lock,196.8,67,16.4,93,NW,S,2.46,11.4,Calm,False,False,Android,7.0.2,M300 RTK,1ZN7L4R0H1D00F,1W9DL31001461C,1ZMLH8300204F0,1Z6PH74DAP0QN7,"Corona, CA",728.3,5.7,137.7,8.547347,2.013246,0,0,DJI Matrice 300 RTK,M300 RTK,1ZN7L4R0H1D00F,1W9DL31001461C,1ZMLH8300204F0,1Z6PH74DAP0QN7,DJI Pilot,Android,7.0.2,1EF72A62-B7C3-C88D-164E-CE6F8C8424AE,1ZN7L4R0H1D00F,1W9DL31001461C,,1ZMLH8300204F0,1W9DL31001461C,,,,,
2023-11-01,11:35:07.05 AM,10m 44.7s,644.7,33.7939612889475,-117.473983073368,-29.1,137.7,21.9,1235,5669.0,5.30301,8.547335,-2.460634,2.23694,4.697574,5.816044,0,1.11847,-1.5,0.9,1.7,121.1,121.1,119.9,Tripod,Other,,20,5,True,,True,False,,Smart,RC,False,True,False,,,True,,False,False,False,False,False,False,False,False,False,False,0,Follow Yaw,-77.9,0,112.7,112.7,False,False,False,False,False,,0,0,False,False,No Card,100,100,1024,1327,1024,1024,2,False,False,False,False,False,0,False,False,False,False,66,,46.092,,3290,,4986,,46.092,,True,3.845,3.845,3.845,3.845,3.845,3.845,3.845,3.845,3.845,3.845,3.845,3.845,0,,False,False,True,,,,,,,,,,,,,,,False,False,9.658,,105.0,,75.7,,105.2,,1241,125,,22,7,143229.7,19097.29,,Idle,,20,,10,,,20,Go Home,False,False,False,False,False,False,False,False,False,False,False,False,33.8027920380556,-117.4659261431046,4042.8,4043.5,1049.4,396.9,True,1,1,False,False,False,False,,True,False,False,Course Lock,196.8,67,16.4,93,NW,S,2.46,11.4,Calm,False,False,Android,7.0.2,M300 RTK,1ZN7L4R0H1D00F,1W9DL31001461C,1ZMLH8300204F0,1Z6PH74DAP0QN7,"Corona, CA",728.3,5.7,137.7,8.547347,2.013246,0,0,DJI Matrice 300 RTK,M300 RTK,1ZN7L4R0H1D00F,1W9DL31001461C,1ZMLH8300204F0,1Z6PH74DAP0QN7,DJI Pilot,Android,7.0.2,1EF72A62-B7C3-C88D-164E-CE6F8C8424AE,1ZN7L4R0H1D00F,1W9DL31001461C,,1ZMLH8300204F0,1W9DL31001461C,,,,,
2023-11-01,11:35:07.15 AM,10m 44.8s,644.8,33.7939602249151,-117.4739807556147,-29.1,137.7,21.9,1235,5669.8,5.410436,8.547335,-2.684328,2.23694,4.697574,5.816044,0,1.11847,-1.7,1.2,2,120.8,120.8,118.9,Tripod,Other,,20,5,True,,True,False,,Smart,RC,False,True,False,,,True,,False,False,False,False,False,False,False,False,False,False,0,Follow Yaw,-77.9,0,112.7,112.7,False,False,False,False,False,,0,0,False,False,No Card,100,100,1024,1314,1024,1024,2,False,False,False,False,False,0,False,False,False,False,66,,46.092,,3290,,4986,,46.092,,True,3.845,3.845,3.845,3.845,3.845,3.845,3.845,3.845,3.845,3.845,3.845,3.845,0,,False,False,True,,,,,,,,,,,,,,,False,False,9.658,,105.0,,75.7,,105.2,,1241,125,,22,7,143229.7,19097.29,,Idle,,20,,10,,,20,Go Home,False,False,False,False,False,False,False,False,False,False,False,False,33.8027920380556,-117.4659261431046,4042.7,4043.5,1049.4,396.9,True,1,1,False,False,False,False,,True,False,False,Course Lock,196.8,67,16.4,93,NW,S,2.46,11.4,Calm,False,False,Android,7.0.2,M300 RTK,1ZN7L4R0H1D00F,1W9DL31001461C,1ZMLH8300204F0,1Z6PH74DAP0QN7,"Corona, CA",728.3,5.7,137.7,8.547347,2.013246,0,0,DJI Matrice 300 RTK,M300 RTK,1ZN7L4R0H1D00F,1W9DL31001461C,1ZMLH8300204F0,1Z6PH74DAP0QN7,DJI Pilot,Android,7.0.2,1EF72A62-B7C3-C88D-164E-CE6F8C8424AE,1ZN7L4R0H1D00F,1W9DL31001461C,,1ZMLH8300204F0,1W9DL31001461C,,,,,
2023-11-01,11:35:07.26 AM,10m 44.9s,644.9,33.7939591880214,-117.4739784633434,-29.1,137.7,21.9,1235,5670.5,5.410436,8.547335,-2.684328,2.23694,4.697574,5.816044,0,1.11847,-1.9,0.9,2.1,120.7,120.7,118.5,Tripod,Other,,20,5,True,,True,False,,Smart,RC,False,True,False,,,True,,False,False,False,False,False,False,False,False,False,False,0,Follow Yaw,-77.9,0,112.7,112.7,False,False,False,False,False,,0,0,False,False,No Card,100,100,1024,1311,1024,1024,2,False,False,False,False,False,0,False,False,False,False,66,,46.092,,3290,,4986,,46.092,,True,3.845,3.845,3.845,3.845,3.845,3.845,3.845,3.845,3.845,3.845,3.845,3.845,0,,False,False,True,,,,,,,,,,,,,,,False,False,9.658,,105.0,,75.7,,105.2,,1241,125,,22,7,143229.7,19097.29,,Idle,,20,,10,,,20,Go Home,False,False,False,False,False,False,False,False,False,False,False,False,33.8027920380556,-117.4659261431046,4042.5,4043.5,1049.4,396.9,True,1,1,False,False,False,False,,True,False,False,Course Lock,196.8,67,16.4,93,NW,S,2.46,11.4,Calm,False,False,Android,7.0.2,M300 RTK,1ZN7L4R0H1D00F,1W9DL31001461C,1ZMLH8300204F0,1Z6PH74DAP0QN7,"Corona, CA",728.3,5.7,137.7,8.547347,2.013246,0,0,DJI Matrice 300 RTK,M300 RTK,1ZN7L4R0H1D00F,1W9DL31001461C,1ZMLH8300204F0,1Z6PH74DAP0QN7,DJI Pilot,Android,7.0.2,1EF72A62-B7C3-C88D-164E-CE6F8C8424AE,1ZN7L4R0H1D00F,1W9DL31001461C,,1ZMLH8300204F0,1W9DL31001461C,,,,,
2023-11-01,11:35:07.34 AM,10m 45.0s,645.0,33.7939581065818,-117.4739761462911,-29.1,137.7,21.9,1235,5671.4,5.410436,8.547335,-2.684328,2.23694,4.697574,5.816044,0,1.11847,-1.9,0.6,1.9,120.7,120.7,119.3,Tripod,Other,,20,5,True,,True,False,,Smart,RC,False,True,False,,,True,,False,False,False,False,False,False,False,False,False,False,0,Follow Yaw,-77.9,0,112.7,112.7,False,False,False,False,False,,0,0,False,False,No Card,100,100,1024,1277,1024,1024,2,False,False,False,False,False,0,False,False,False,False,66,,46.128,,6628,,10044,,46.128,,True,3.845,3.845,3.845,3.845,3.845,3.845,3.845,3.845,3.845,3.845,3.845,3.845,0,,False,False,True,,,,,,,,,,,,,,,False,False,19.358,,105.4,,75.7,,105.4,,1241,125,,22,7,143229.7,19097.29,,Idle,,20,,10,,,20,Go Home,False,False,False,False,False,False,False,False,False,False,False,False,33.8027920380556,-117.4659261431046,4042.4,4043.5,1049.4,396.9,True,1,1,False,False,False,False,,True,False,False,Course Lock,196.8,67,16.4,93,NW,S,2.46,11.4,Calm,False,False,Android,7.0.2,M300 RTK,1ZN7L4R0H1D00F,1W9DL31001461C,1ZMLH8300204F0,1Z6PH74DAP0QN7,"Corona, CA",728.3,5.7,137.7,8.547347,2.013246,0,0,DJI Matrice 300 RTK,M300 RTK,1ZN7L4R0H1D00F,1W9DL31001461C,1ZMLH8300204F0,1Z6PH74DAP0QN7,DJI Pilot,Android,7.0.2,1EF72A62-B7C3-C88D-164E-CE6F8C8424AE,1ZN7L4R0H1D00F,1W9DL31001461C,,1ZMLH8300204F0,1W9DL31001461C,,,,,
2023-11-01,11:35:07.46 AM,10m 45.1s,645.1,33.7939567556732,-117.4739734070532,-29.1,137.7,21.9,1235,5672.3,5.410436,8.547335,-2.684328,2.23694,4.697574,5.816044,0,1.11847,-1.6,0.5,1.6,120.7,120.7,120.6,Tripod,Other,,20,5,True,,True,False,,Smart,RC,False,True,False,,,True,,False,False,False,False,False,False,False,False,False,False,0,Follow Yaw,-77.9,0,112.7,112.7,False,False,False,False,False,,0,0,False,False,No Card,100,100,1024,1277,1024,1024,2,False,False,False,False,False,0,False,False,False,False,66,,46.128,,6628,,10044,,46.128,,True,3.845,3.845,3.845,3.845,3.845,3.845,3.845,3.845,3.845,3.845,3.845,3.845,0,,False,False,True,,,,,,,,,,,,,,,False,False,19.358,,105.4,,75.7,,105.4,,1241,125,,22,7,143229.7,19097.29,,Idle,,20,,10,,,20,Go Home,False,False,False,False,False,False,False,False,False,False,False,False,33.8027920380556,-117.4659261431046,4042.3,4043.5,1049.4,396.9,True,1,1,False,False,False,False,,True,False,False,Course Lock,196.8,67,16.4,93,NW,S,2.46,11.4,Calm,False,False,Android,7.0.2,M300 RTK,1ZN7L4R0H1D00F,1W9DL31001461C,1ZMLH8300204F0,1Z6PH74DAP0QN7,"Corona, CA",728.3,5.7,137.7,8.547347,2.013246,0,0,DJI Matrice 300 RTK,M300 RTK,1ZN7L4R0H1D00F,1W9DL31001461C,1ZMLH8300204F0,1Z6PH74DAP0QN7,DJI Pilot,Android,7.0.2,1EF72A62-B7C3-C88D-164E-CE6F8C8424AE,1ZN7L4R0H1D00F,1W9DL31001461C,,1ZMLH8300204F0,1W9DL31001461C,,,,,
2023-11-01,11:35:07.57 AM,10m 45.2s,645.2,33.793955643257,-117.4739710450568,-29.1,137.7,21.9,1235,5673.1,5.410436,8.547335,-2.684328,2.23694,4.697574,5.816044,0,1.11847,-1.2,0.5,1.3,120.7,120.7,119.5,Tripod,Other,,20,5,True,,True,False,,Smart,RC,False,True,False,,,True,,False,False,False,False,False,False,False,False,False,False,0,Follow Yaw,-77.9,0,112.7,112.7,False,False,False,False,False,,0,0,False,False,No Card,100,100,1024,1283,1024,1024,2,False,False,False,False,False,0,False,False,False,False,66,,46.128,,6628,,10044,,46.128,,True,3.845,3.845,3.845,3.845,3.845,3.845,3.845,3.845,3.845,3.845,3.845,3.845,0,,False,False,True,,,,,,,,,,,,,,,False,False,19.358,,105.4,,75.7,,105.4,,1241,125,,22,7,143229.7,19097.29,,Idle,,20,,10,,,20,Go Home,False,False,False,False,False,False,False,False,False,False,False,False,33.8027920380556,-117.4659261431046,4042.2,4043.5,1049.4,396.9,True,1,1,False,False,False,False,,True,False,False,Course Lock,196.8,67,16.4,93,NW,S,2.46,11.4,Calm,False,False,Android,7.0.2,M300 RTK,1ZN7L4R0H1D00F,1W9DL31001461C,1ZMLH8300204F0,1Z6PH74DAP0QN7,"Corona, CA",728.3,5.7,137.7,8.547347,2.013246,0,0,DJI Matrice 300 RTK,M300 RTK,1ZN7L4R0H1D00F,1W9DL31001461C,1ZMLH8300204F0,1Z6PH74DAP0QN7,DJI Pilot,Android,7.0.2,1EF72A62-B7C3-C88D-164E-CE6F8C8424AE,1ZN7L4R0H1D00F,1W9DL31001461C,,1ZMLH8300204F0,1W9DL31001461C,,,,,
2023-11-01,11:35:07.67 AM,10m 45.3s,645.3,33.793954528168,-117.4739690140796,-29.1,137.7,21.9,1235,5673.9,5.410436,8.547335,-2.684328,2.23694,4.697574,5.816044,0,1.11847,-0.8,0.7,1,120.7,120.7,123.4,Tripod,Other,,20,5,True,,True,False,,Smart,RC,False,True,False,,,True,,False,False,False,False,False,False,False,False,False,False,0,Follow Yaw,-77.9,0,112.7,112.7,False,False,False,False,False,,0,0,False,False,No Card,100,100,1024,1286,1024,1024,2,False,False,False,False,False,0,False,False,False,False,66,,46.128,,6628,,10044,,46.128,,True,3.844,3.844,3.844,3.844,3.844,3.844,3.844,3.844,3.844,3.844,3.844,3.844,0,,False,False,True,,,,,,,,,,,,,,,False,False,19.358,,105.4,,75.7,,105.4,,1242,125,,22,7,143474.1,19129.88,,Idle,,20,,10,,,20,Go Home,False,False,False,False,False,False,False,False,False,False,False,False,33.8027920380556,-117.4659261431046,4042.2,4043.5,1049.4,396.9,True,1,1,False,False,False,False,,True,False,False,Course Lock,196.8,67,16.4,93,NW,S,2.46,11.4,Calm,False,False,Android,7.0.2,M300 RTK,1ZN7L4R0H1D00F,1W9DL31001461C,1ZMLH8300204F0,1Z6PH74DAP0QN7,"Corona, CA",728.3,5.7,137.7,8.547347,2.013246,0,0,DJI Matrice 300 RTK,M300 RTK,1ZN7L4R0H1D00F,1W9DL31001461C,1ZMLH8300204F0,1Z6PH74DAP0QN7,DJI Pilot,Android,7.0.2,1EF72A62-B7C3-C88D-164E-CE6F8C8424AE,1ZN7L4R0H1D00F,1W9DL31001461C,,1ZMLH8300204F0,1W9DL31001461C,,,,,
2023-11-01,11:35:07.77 AM,10m 45.4s,645.4,33.7939534142441,-117.4739666945945,-29.1,137.7,21.9,1235,5674.7,5.410436,8.547335,-2.684328,2.23694,4.697574,5.816044,0,1.11847,-0.6,0.8,1,120.7,120.7,120.0,Tripod,Other,,20,5,True,,True,False,,Smart,RC,False,True,False,,,True,,False,False,False,False,False,False,False,False,False,False,0,Follow Yaw,-77.9,0,112.7,112.7,False,False,False,False,False,,0,0,False,False,No Card,100,100,1024,1279,1024,1024,2,False,False,False,False,False,0,False,False,False,False,66,,46.128,,6628,,10044,,46.128,,True,3.844,3.844,3.844,3.844,3.844,3.844,3.844,3.844,3.844,3.844,3.844,3.844,0,,False,False,True,,,,,,,,,,,,,,,False,False,19.358,,105.4,,75.7,,105.4,,1242,125,,22,7,143474.1,19129.88,,Idle,,20,,10,,,20,Go Home,False,False,False,False,False,False,False,False,False,False,False,False,33.8027920380556,-117.4659261431046,4042.1,4043.5,1049.4,396.9,True,1,1,False,False,False,False,,True,False,False,Course Lock,196.8,67,16.4,93,NW,S,2.46,11.4,Calm,False,False,Android,7.0.2,M300 RTK,1ZN7L4R0H1D00F,1W9DL31001461C,1ZMLH8300204F0,1Z6PH74DAP0QN7,"Corona, CA",728.3,5.7,137.7,8.547347,2.013246,0,0,DJI Matrice 300 RTK,M300 RTK,1ZN7L4R0H1D00F,1W9DL31001461C,1ZMLH8300204F0,1Z6PH74DAP0QN7,DJI Pilot,Android,7.0.2,1EF72A62-B7C3-C88D-164E-CE6F8C8424AE,1ZN7L4R0H1D00F,1W9DL31001461C,,1ZMLH8300204F0,1W9DL31001461C,,,,,
2023-11-01,11:35:07.87 AM,10m 45.5s,645.5,33.7939523216337,-117.4739643211353,-29.1,137.7,21.9,1235,5675.5,5.410436,8.547335,-2.684328,2.23694,4.697574,5.816044,0,1.11847,-0.5,0.7,0.8,120.7,120.7,118.9,Tripod,Other,,20,5,True,,True,False,,Smart,RC,False,True,False,,,True,,False,False,False,False,False,False,False,False,False,False,0,Follow Yaw,-77.9,0,112.7,112.7,False,False,False,False,False,,0,0,False,False,No Card,100,100,1024,1283,1024,1024,2,False,False,False,False,False,0,False,False,False,False,66,,46.128,,6628,,10044,,46.128,,True,3.844,3.844,3.844,3.844,3.844,3.844,3.844,3.844,3.844,3.844,3.844,3.844,0,,False,False,True,,,,,,,,,,,,,,,False,False,19.358,,105.4,,75.7,,105.4,,1242,125,,22,7,143474.1,19129.88,,Idle,,20,,10,,,20,Go Home,False,False,False,False,False,False,False,False,False,False,False,False,33.8027920380556,-117.4659261431046,4042.0,4043.5,1049.4,396.9,True,1,1,False,False,False,False,,True,False,False,Course Lock,196.8,67,16.4,93,NW,S,2.46,11.4,Calm,False,False,Android,7.0.2,M300 RTK,1ZN7L4R0H1D00F,1W9DL31001461C,1ZMLH8300204F0,1Z6PH74DAP0QN7,"Corona, CA",728.3,5.7,137.7,8.547347,2.013246,0,0,DJI Matrice 300 RTK,M300 RTK,1ZN7L4R0H1D00F,1W9DL31001461C,1ZMLH8300204F0,1Z6PH74DAP0QN7,DJI Pilot,Android,7.0.2,1EF72A62-B7C3-C88D-164E-CE6F8C8424AE,1ZN7L4R0H1D00F,1W9DL31001461C,,1ZMLH8300204F0,1W9DL31001461C,,,,,
2023-11-01,11:35:07.97 AM,10m 45.6s,645.6,33.7939512130553,-117.4739620244521,-29.1,137.7,21.9,1235,5676.3,5.217395,8.547335,-2.684328,2.23694,4.47388,5.816044,0,1.11847,-0.5,0.6,0.7,120.7,120.7,120.1,Tripod,Other,,20,5,True,,True,False,,Smart,RC,False,True,False,,,True,,False,False,False,False,False,False,False,False,False,False,0,Follow Yaw,-77.9,0,112.7,112.7,False,False,False,False,False,,0,0,False,False,No Card,100,100,1024,1283,1024,1024,2,False,False,False,False,False,0,False,False,False,False,66,,46.128,,6628,,10044,,46.128,,True,3.844,3.844,3.844,3.844,3.844,3.844,3.844,3.844,3.844,3.844,3.844,3.844,0,,False,False,True,,,,,,,,,,,,,,,False,False,19.358,,105.4,,75.7,,105.4,,1242,125,,22,7,143474.1,19129.88,,Idle,,20,,10,,,20,Go Home,False,False,False,False,False,False,False,False,False,False,False,False,33.8027920380556,-117.4659261431046,4041.9,4043.5,1049.4,396.9,True,1,1,False,False,False,False,,True,False,False,Course Lock,196.8,67,16.4,93,NW,S,2.46,11.4,Calm,False,False,Android,7.0.2,M300 RTK,1ZN7L4R0H1D00F,1W9DL31001461C,1ZMLH8300204F0,1Z6PH74DAP0QN7,"Corona, CA",728.3,5.7,137.7,8.547347,2.013246,0,0,DJI Matrice 300 RTK,M300 RTK,1ZN7L4R0H1D00F,1W9DL31001461C,1ZMLH8300204F0,1Z6PH74DAP0QN7,DJI Pilot,Android,7.0.2,1EF72A62-B7C3-C88D-164E-CE6F8C8424AE,1ZN7L4R0H1D00F,1W9DL31001461C,,1ZMLH8300204F0,1W9DL31001461C,,,,,
2023-11-01,11:35:08.08 AM,10m 45.7s,645.7,33.7939502326323,-117.4739600424186,-29.1,137.7,21.9,1235,5677.0,5.217395,8.547335,-2.684328,2.23694,4.47388,5.816044,0,1.11847,-0.5,0.5,0.7,120.7,120.7,120.7,Tripod,Other,,20,5,True,,True,False,,Smart,RC,False,True,False,,,True,,False,False,False,False,False,False,False,False,False,False,0,Follow Yaw,-77.9,0,112.7,112.7,False,False,False,False,False,,0,0,False,False,No Card,100,100,1024,1292,1024,1024,2,False,False,False,False,False,0,False,False,False,False,66,,46.128,,6628,,10044,,46.128,,True,3.844,3.844,3.844,3.844,3.844,3.844,3.844,3.844,3.844,3.844,3.844,3.844,0,,False,False,True,,,,,,,,,,,,,,,False,False,19.358,,105.4,,75.7,,105.4,,1242,125,,22,7,143474.1,19129.88,,Idle,,20,,10,,,20,Go Home,False,False,False,False,False,False,False,False,False,False,False,False,33.8027920380556,-117.4659261431046,4041.8,4043.5,1049.4,396.9,True,1,1,False,False,False,False,,True,False,False,Course Lock,196.8,67,16.4,93,NW,S,2.46,11.4,Calm,False,False,Android,7.0.2,M300 RTK,1ZN7L4R0H1D00F,1W9DL31001461C,1ZMLH8300204F0,1Z6PH74DAP0QN7,"Corona, CA",728.3,5.7,137.7,8.547347,2.013246,0,0,DJI Matrice 300 RTK,M300 RTK,1ZN7L4R0H1D00F,1W9DL31001461C,1ZMLH8300204F0,1Z6PH74DAP0QN7,DJI Pilot,Android,7.0.2,1EF72A62-B7C3-C88D-164E-CE6F8C8424AE,1ZN7L4R0H1D00F,1W9DL31001461C,,1ZMLH8300204F0,1W9DL31001461C,,,,,
2023-11-01,11:35:08.14 AM,10m 45.8s,645.8,33.7939491459157,-117.473957791298,-29.1,137.7,21.9,1235,5677.8,5.217395,8.547335,-2.684328,2.23694,4.47388,5.816044,0,1.11847,-0.4,0.5,0.6,120.7,120.7,120.1,Tripod,Other,,20,5,True,,True,False,,Smart,RC,False,True,False,,,True,,False,False,False,False,False,False,False,False,False,False,0,Follow Yaw,-77.9,0,112.7,112.7,False,False,False,False,False,,0,0,False,False,No Card,100,100,1024,1288,1024,1024,2,False,False,False,False,False,0,False,False,False,False,66,,46.128,,6628,,10044,,46.128,,True,3.844,3.844,3.844,3.844,3.844,3.844,3.844,3.844,3.844,3.844,3.844,3.844,0,,False,False,True,,,,,,,,,,,,,,,False,False,19.358,,105.4,,75.7,,105.4,,1242,125,,22,7,143474.1,19129.88,,Idle,,20,,10,,,20,Go Home,False,False,False,False,False,False,False,False,False,False,False,False,33.8027920380556,-117.4659261431046,4041.7,4043.5,1049.4,396.9,True,1,1,False,False,False,False,,True,False,False,Course Lock,196.8,67,16.4,93,NW,S,2.46,11.4,Calm,False,False,Android,7.0.2,M300 RTK,1ZN7L4R0H1D00F,1W9DL31001461C,1ZMLH8300204F0,1Z6PH74DAP0QN7,"Corona, CA",728.3,5.7,137.7,8.547347,2.013246,0,0,DJI Matrice 300 RTK,M300 RTK,1ZN7L4R0H1D00F,1W9DL31001461C,1ZMLH8300204F0,1Z6PH74DAP0QN7,DJI Pilot,Android,7.0.2,1EF72A62-B7C3-C88D-164E-CE6F8C8424AE,1ZN7L4R0H1D00F,1W9DL31001461C,,1ZMLH8300204F0,1W9DL31001461C,,,,,
2023-11-01,11:35:08.24 AM,10m 45.9s,645.9,33.7939480766748,-117.4739555405897,-29.1,137.7,21.9,1235,5678.6,5.217395,8.547335,-2.684328,2.23694,4.47388,5.816044,0,1.11847,-0.4,0.5,0.6,120.7,120.7,119.7,Tripod,Other,,20,5,True,,True,False,,Smart,RC,False,True,False,,,True,,False,False,False,False,False,False,False,False,False,False,0,Follow Yaw,-77.9,0,112.7,112.7,False,False,False,False,False,,0,0,False,False,No Card,100,100,1024,1288,1024,1024,2,False,False,False,False,False,0,False,False,False,False,66,,46.128,,6628,,10044,,46.128,,True,3.844,3.844,3.844,3.844,3.844,3.844,3.844,3.844,3.844,3.844,3.844,3.844,0,,False,False,True,,,,,,,,,,,,,,,False,False,19.358,,105.4,,75.7,,105.4,,1242,125,,22,7,143474.1,19129.88,,Idle,,20,,10,,,20,Go Home,False,False,False,False,False,False,False,False,False,False,False,False,33.8027920380556,-117.4659261431046,4041.6,4043.5,1049.4,396.9,True,1,1,False,False,False,False,,True,False,False,Course Lock,196.8,67,16.4,93,NW,S,2.46,11.4,Calm,False,False,Android,7.0.2,M300 RTK,1ZN7L4R0H1D00F,1W9DL31001461C,1ZMLH8300204F0,1Z6PH74DAP0QN7,"Corona, CA",728.3,5.7,137.7,8.547347,2.013246,0,0,DJI Matrice 300 RTK,M300 RTK,1ZN7L4R0H1D00F,1W9DL31001461C,1ZMLH8300204F0,1Z6PH74DAP0QN7,DJI Pilot,Android,7.0.2,1EF72A62-B7C3-C88D-164E-CE6F8C8424AE,1ZN7L4R0H1D00F,1W9DL31001461C,,1ZMLH8300204F0,1W9DL31001461C,,,,,
2023-11-01,11:35:08.34 AM,10m 46.0s,646.0,33.7939470017458,-117.4739533093022,-29.1,137.7,21.9,1235,5679.4,5.217395,8.547335,-2.684328,2.23694,4.47388,5.816044,0,1.11847,-0.4,0.4,0.5,120.7,120.7,120.1,Tripod,Other,,20,5,True,,True,False,,Smart,RC,False,True,False,,,True,,False,False,False,False,False,False,False,False,False,False,0,Follow Yaw,-77.9,0,112.7,112.7,False,False,False,False,False,,0,0,False,False,No Card,100,100,1024,1288,1024,1024,2,False,False,False,False,False,0,False,False,False,False,66,,46.092,,3290,,4986,,46.092,,True,3.844,3.844,3.844,3.844,3.844,3.844,3.844,3.844,3.844,3.844,3.844,3.844,0,,False,False,True,,,,,,,,,,,,,,,False,False,9.764,,105.0,,75.7,,105.4,,1242,125,,22,7,143474.1,19129.88,,Idle,,20,,10,,,20,Go Home,False,False,False,False,False,False,False,False,False,False,False,False,33.8027920380556,-117.4659261431046,4041.5,4043.5,1049.4,396.9,True,1,1,False,False,False,False,,True,False,False,Course Lock,196.8,67,16.4,93,NW,S,2.46,11.4,Calm,False,False,Android,7.0.2,M300 RTK,1ZN7L4R0H1D00F,1W9DL31001461C,1ZMLH8300204F0,1Z6PH74DAP0QN7,"Corona, CA",728.3,5.7,137.7,8.547347,2.013246,0,0,DJI Matrice 300 RTK,M300 RTK,1ZN7L4R0H1D00F,1W9DL31001461C,1ZMLH8300204F0,1Z6PH74DAP0QN7,DJI Pilot,Android,7.0.2,1EF72A62-B7C3-C88D-164E-CE6F8C8424AE,1ZN7L4R0H1D00F,1W9DL31001461C,,1ZMLH8300204F0,1W9DL31001461C,,,,,
2023-11-01,11:35:08.44 AM,10m 46.1s,646.1,33.7939457628189,-117.4739508257919,-29.1,137.7,21.9,1235,5680.3,5.217395,8.547335,-2.684328,2.23694,4.47388,5.816044,0,1.11847,-0.4,0.5,0.6,120.8,120.8,120.9,Tripod,Other,,20,5,True,,True,False,,Smart,RC,False,True,False,,,True,,False,False,False,False,False,False,False,False,False,False,0,Follow Yaw,-77.9,0,112.7,112.7,False,False,False,False,False,,0,0,False,False,No Card,100,100,1024,1292,1024,1024,2,False,False,False,False,False,0,False,False,False,False,66,,46.092,,3290,,4986,,46.092,,True,3.844,3.844,3.844,3.844,3.844,3.844,3.844,3.844,3.844,3.844,3.844,3.844,0,,False,False,True,,,,,,,,,,,,,,,False,False,9.764,,105.0,,75.7,,105.4,,1242,125,,22,7,143474.1,19129.88,,Idle,,20,,10,,,20,Go Home,False,False,False,False,False,False,False,False,False,False,False,False,33.8027920380556,-117.4659261431046,4041.4,4043.5,1049.4,396.9,True,1,1,False,False,False,False,,True,False,False,Course Lock,196.8,67,16.4,93,NW,S,2.46,11.4,Calm,False,False,Android,7.0.2,M300 RTK,1ZN7L4R0H1D00F,1W9DL31001461C,1ZMLH8300204F0,1Z6PH74DAP0QN7,"Corona, CA",728.3,5.7,137.7,8.547347,2.013246,0,0,DJI Matrice 300 RTK,M300 RTK,1ZN7L4R0H1D00F,1W9DL31001461C,1ZMLH8300204F0,1Z6PH74DAP0QN7,DJI Pilot,Android,7.0.2,1EF72A62-B7C3-C88D-164E-CE6F8C8424AE,1ZN7L4R0H1D00F,1W9DL31001461C,,1ZMLH8300204F0,1W9DL31001461C,,,,,
2023-11-01,11:35:08.54 AM,10m 46.2s,646.2,33.7939446850801,-117.4739485927314,-29.1,137.7,21.9,1235,5681.0,5.217395,8.547335,-2.684328,2.23694,4.47388,5.816044,0,1.11847,-0.5,0.5,0.7,120.8,120.8,120.1,Tripod,Other,,20,5,True,,True,False,,Smart,RC,False,True,False,,,True,,False,False,False,False,False,False,False,False,False,False,0,Follow Yaw,-77.9,0,112.7,112.7,False,False,False,False,False,,0,0,False,False,No Card,100,100,1024,1303,1024,1024,2,False,False,False,False,False,0,False,False,False,False,66,,46.092,,3290,,4986,,46.092,,True,3.844,3.844,3.844,3.844,3.844,3.844,3.844,3.844,3.844,3.844,3.844,3.844,0,,False,False,True,,,,,,,,,,,,,,,False,False,9.764,,105.0,,75.7,,105.4,,1242,125,,22,7,143474.1,19129.88,,Idle,,20,,10,,,20,Go Home,False,False,False,False,False,False,False,False,False,False,False,False,33.8027920380556,-117.4659261431046,4041.3,4043.5,1049.4,396.9,True,1,1,False,False,False,False,,True,False,False,Course Lock,196.8,67,16.4,93,NW,S,2.46,11.4,Calm,False,False,Android,7.0.2,M300 RTK,1ZN7L4R0H1D00F,1W9DL31001461C,1ZMLH8300204F0,1Z6PH74DAP0QN7,"Corona, CA",728.3,5.7,137.7,8.547347,2.013246,0,0,DJI Matrice 300 RTK,M300 RTK,1ZN7L4R0H1D00F,1W9DL31001461C,1ZMLH8300204F0,1Z6PH74DAP0QN7,DJI Pilot,Android,7.0.2,1EF72A62-B7C3-C88D-164E-CE6F8C8424AE,1ZN7L4R0H1D00F,1W9DL31001461C,,1ZMLH8300204F0,1W9DL31001461C,,,,,
2023-11-01,11:35:08.64 AM,10m 46.3s,646.3,33.7939435947313,-117.4739464254376,-29.1,137.7,21.9,1235,5681.8,5.10591,8.547335,-2.460634,2.23694,4.47388,5.816044,0,1.11847,-0.5,0.5,0.7,120.8,120.8,121.1,Tripod,Other,,20,5,True,,True,False,,Smart,RC,False,True,False,,,True,,False,False,False,False,False,False,False,False,False,False,0,Follow Yaw,-77.9,0,112.7,112.7,False,False,False,False,False,,0,0,False,False,No Card,100,100,1024,1311,1024,1024,2,False,False,False,False,False,0,False,False,False,False,66,,46.092,,3290,,4986,,46.092,,True,3.844,3.844,3.844,3.844,3.844,3.844,3.844,3.844,3.844,3.844,3.844,3.844,0,,False,False,True,,,,,,,,,,,,,,,False,False,9.764,,105.0,,75.7,,105.4,,1242,125,,22,7,143794.4,19172.59,,Idle,,20,,10,,,20,Go Home,False,False,False,False,False,False,False,False,False,False,False,False,33.8027920380556,-117.4659261431046,4041.2,4043.5,1049.4,396.9,True,1,1,False,False,False,False,,True,False,False,Course Lock,196.8,67,16.4,93,NW,S,2.46,11.4,Calm,False,False,Android,7.0.2,M300 RTK,1ZN7L4R0H1D00F,1W9DL31001461C,1ZMLH8300204F0,1Z6PH74DAP0QN7,"Corona, CA",728.3,5.7,137.7,8.547347,2.013246,0,0,DJI Matrice 300 RTK,M300 RTK,1ZN7L4R0H1D00F,1W9DL31001461C,1ZMLH8300204F0,1Z6PH74DAP0QN7,DJI Pilot,Android,7.0.2,1EF72A62-B7C3-C88D-164E-CE6F8C8424AE,1ZN7L4R0H1D00F,1W9DL31001461C,,1ZMLH8300204F0,1W9DL31001461C,,,,,
2023-11-01,11:35:08.74 AM,10m 46.4s,646.4,33.7939425222694,-117.473944222972,-29.1,137.7,21.9,1235,5682.6,4.911089,8.547335,-2.460634,2.23694,4.250186,5.816044,0,1.11847,-0.6,0.5,0.7,120.8,120.8,120.3,Tripod,Other,,20,5,True,,True,False,,Smart,RC,False,True,False,,,True,,False,False,False,False,False,False,False,False,False,False,0,Follow Yaw,-77.9,0,112.7,112.7,False,False,False,False,False,,0,0,False,False,No Card,100,100,1024,1312,1024,1024,2,False,False,False,False,False,0,False,False,False,False,66,,46.092,,3290,,4986,,46.092,,True,3.844,3.844,3.844,3.844,3.844,3.844,3.844,3.844,3.844,3.844,3.844,3.844,0,,False,False,True,,,,,,,,,,,,,,,False,False,9.764,,105.0,,75.7,,105.4,,1242,125,,22,7,143794.4,19172.59,,Idle,,20,,10,,,20,Go Home,False,False,False,False,False,False,False,False,False,False,False,False,33.8027920380556,-117.4659261431046,4041.1,4043.5,1049.4,396.9,True,1,1,False,False,False,False,,True,False,False,Course Lock,196.8,67,16.4,93,NW,S,2.46,11.4,Calm,False,False,Android,7.0.2,M300 RTK,1ZN7L4R0H1D00F,1W9DL31001461C,1ZMLH8300204F0,1Z6PH74DAP0QN7,"Corona, CA",728.3,5.7,137.7,8.547347,2.013246,0,0,DJI Matrice 300 RTK,M300 RTK,1ZN7L4R0H1D00F,1W9DL31001461C,1ZMLH8300204F0,1Z6PH74DAP0QN7,DJI Pilot,Android,7.0.2,1EF72A62-B7C3-C88D-164E-CE6F8C8424AE,1ZN7L4R0H1D00F,1W9DL31001461C,,1ZMLH8300204F0,1W9DL31001461C,,,,,
2023-11-01,11:35:08.84 AM,10m 46.5s,646.5,33.7939415718635,-117.4739420173315,-29.1,137.7,21.9,1235,5683.3,4.911089,8.547335,-2.460634,2.23694,4.250186,5.816044,0,1.11847,-0.7,0.5,0.8,120.8,120.8,117.4,Tripod,Other,,20,5,True,,True,False,,Smart,RC,False,True,False,,,True,,False,False,False,False,False,False,False,False,False,False,0,Follow Yaw,-77.9,0,112.7,112.7,False,False,False,False,False,,0,0,False,False,No Card,100,100,1024,1309,1024,1024,2,False,False,False,False,False,0,False,False,False,False,66,,46.092,,3290,,4986,,46.092,,True,3.844,3.844,3.844,3.844,3.844,3.844,3.844,3.844,3.844,3.844,3.844,3.844,0,,False,False,True,,,,,,,,,,,,,,,False,False,9.764,,105.0,,75.7,,105.4,,1242,125,,22,7,143794.4,19172.59,,Idle,,20,,10,,,20,Go Home,False,False,False,False,False,False,False,False,False,False,False,False,33.8027920380556,-117.4659261431046,4041.0,4043.5,1049.4,396.9,True,1,1,False,False,False,False,,True,False,False,Course Lock,196.8,67,16.4,93,NW,S,2.46,11.4,Calm,False,False,Android,7.0.2,M300 RTK,1ZN7L4R0H1D00F,1W9DL31001461C,1ZMLH8300204F0,1Z6PH74DAP0QN7,"Corona, CA",728.3,5.7,137.7,8.547347,2.013246,0,0,DJI Matrice 300 RTK,M300 RTK,1ZN7L4R0H1D00F,1W9DL31001461C,1ZMLH8300204F0,1Z6PH74DAP0QN7,DJI Pilot,Android,7.0.2,1EF72A62-B7C3-C88D-164E-CE6F8C8424AE,1ZN7L4R0H1D00F,1W9DL31001461C,,1ZMLH8300204F0,1W9DL31001461C,,,,,
2023-11-01,11:35:08.94 AM,10m 46.6s,646.6,33.7939405154382,-117.473939831854,-29.1,137.7,21.9,1235,5684.1,4.911089,8.547335,-2.460634,2.23694,4.250186,5.816044,0,1.11847,-1,0.4,1,120.7,120.7,120.1,Tripod,Other,,20,5,True,,True,False,,Smart,RC,False,True,False,,,True,,False,False,False,False,False,False,False,False,False,False,0,Follow Yaw,-77.9,0,112.7,112.7,False,False,False,False,False,,0,0,False,False,No Card,100,100,1024,1263,1024,1024,2,False,False,False,False,False,0,False,False,False,False,66,,46.092,,3290,,4986,,46.092,,True,3.844,3.844,3.844,3.844,3.844,3.844,3.844,3.844,3.844,3.844,3.844,3.844,0,,False,False,True,,,,,,,,,,,,,,,False,False,9.764,,105.0,,75.7,,105.4,,1242,125,,22,7,143794.4,19172.59,,Idle,,20,,10,,,20,Go Home,False,False,False,False,False,False,False,False,False,False,False,False,33.8027920380556,-117.4659261431046,4040.9,4043.5,1049.4,396.9,True,1,1,False,False,False,False,,True,False,False,Course Lock,196.8,67,16.4,93,NW,S,2.46,11.4,Calm,False,False,Android,7.0.2,M300 RTK,1ZN7L4R0H1D00F,1W9DL31001461C,1ZMLH8300204F0,1Z6PH74DAP0QN7,"Corona, CA",728.3,5.7,137.7,8.547347,2.013246,0,0,DJI Matrice 300 RTK,M300 RTK,1ZN7L4R0H1D00F,1W9DL31001461C,1ZMLH8300204F0,1Z6PH74DAP0QN7,DJI Pilot,Android,7.0.2,1EF72A62-B7C3-C88D-164E-CE6F8C8424AE,1ZN7L4R0H1D00F,1W9DL31001461C,,1ZMLH8300204F0,1W9DL31001461C,,,,,
2023-11-01,11:35:09.00 AM,10m 46.7s,646.7,33.7939393573109,-117.4739377263686,-29.1,137.7,21.9,1235,5684.9,4.911089,8.547335,-2.460634,2.23694,4.250186,5.816044,0,1.11847,-1,0.4,1,120.7,120.7,123.4,Tripod,Other,,20,5,True,,True,False,,Smart,RC,False,True,False,,,True,,False,False,False,False,False,False,False,False,False,False,0,Follow Yaw,-77.9,0,112.7,112.7,False,False,False,False,False,,0,0,False,False,No Card,100,100,1024,1263,1024,1024,2,False,False,False,False,False,0,False,False,False,False,66,,46.092,,3290,,4986,,46.092,,True,3.844,3.844,3.844,3.844,3.844,3.844,3.844,3.844,3.844,3.844,3.844,3.844,0,,False,False,True,,,,,,,,,,,,,,,False,False,9.764,,105.0,,75.7,,105.4,,1242,125,,22,7,143794.4,19172.59,,Idle,,20,,10,,,20,Go Home,False,False,False,False,False,False,False,False,False,False,False,False,33.8027920380556,-117.4659261431046,4040.9,4043.5,1049.4,396.9,True,1,1,False,False,False,False,,True,False,False,Course Lock,196.8,67,16.4,93,NW,S,2.46,11.4,Calm,False,False,Android,7.0.2,M300 RTK,1ZN7L4R0H1D00F,1W9DL31001461C,1ZMLH8300204F0,1Z6PH74DAP0QN7,"Corona, CA",728.3,5.7,137.7,8.547347,2.013246,0,0,DJI Matrice 300 RTK,M300 RTK,1ZN7L4R0H1D00F,1W9DL31001461C,1ZMLH8300204F0,1Z6PH74DAP0QN7,DJI Pilot,Android,7.0.2,1EF72A62-B7C3-C88D-164E-CE6F8C8424AE,1ZN7L4R0H1D00F,1W9DL31001461C,,1ZMLH8300204F0,1W9DL31001461C,,,,,
2023-11-01,11:35:09.14 AM,10m 46.8s,646.8,33.7939382925246,-117.4739355523539,-29.1,137.7,21.9,1235,5685.6,4.911089,8.547335,-2.460634,2.23694,4.250186,5.816044,0,1.11847,-0.9,0.4,0.9,120.7,120.7,120.5,Tripod,Other,,20,5,True,,True,False,,Smart,RC,False,True,False,,,True,,False,False,False,False,False,False,False,False,False,False,0,Follow Yaw,-77.9,0,112.7,112.7,False,False,False,False,False,,0,0,False,False,No Card,100,100,1024,1281,1024,1024,2,False,False,False,False,False,0,False,False,False,False,66,,46.092,,3290,,4986,,46.092,,True,3.844,3.844,3.844,3.844,3.844,3.844,3.844,3.844,3.844,3.844,3.844,3.844,0,,False,False,True,,,,,,,,,,,,,,,False,False,9.764,,105.0,,75.7,,105.4,,1242,125,,22,7,143794.4,19172.59,,Idle,,20,,10,,,20,Go Home,False,False,False,False,False,False,False,False,False,False,False,False,33.8027920380556,-117.4659261431046,4040.8,4043.5,1049.4,396.9,True,1,1,False,False,False,False,,True,False,False,Course Lock,196.8,67,16.4,93,NW,S,2.46,11.4,Calm,False,False,Android,7.0.2,M300 RTK,1ZN7L4R0H1D00F,1W9DL31001461C,1ZMLH8300204F0,1Z6PH74DAP0QN7,"Corona, CA",728.3,5.7,137.7,8.547347,2.013246,0,0,DJI Matrice 300 RTK,M300 RTK,1ZN7L4R0H1D00F,1W9DL31001461C,1ZMLH8300204F0,1Z6PH74DAP0QN7,DJI Pilot,Android,7.0.2,1EF72A62-B7C3-C88D-164E-CE6F8C8424AE,1ZN7L4R0H1D00F,1W9DL31001461C,,1ZMLH8300204F0,1W9DL31001461C,,,,,
2023-11-01,11:35:09.21 AM,10m 46.9s,646.9,33.7939372904454,-117.4739332038407,-29.1,137.7,21.9,1235,5686.4,4.911089,8.547335,-2.460634,2.23694,4.250186,5.816044,0,1.11847,-0.6,0.5,0.7,120.6,120.6,117.1,Tripod,Other,,20,5,True,,True,False,,Smart,RC,False,True,False,,,True,,False,False,False,False,False,False,False,False,False,False,0,Follow Yaw,-77.9,0,112.7,112.7,False,False,False,False,False,,0,0,False,False,No Card,100,100,1024,1259,1024,1024,2,False,False,False,False,False,0,False,False,False,False,66,,46.092,,3290,,4986,,46.092,,True,3.844,3.844,3.844,3.844,3.844,3.844,3.844,3.844,3.844,3.844,3.844,3.844,0,,False,False,True,,,,,,,,,,,,,,,False,False,9.764,,105.0,,75.7,,105.4,,1242,125,,22,7,143794.4,19172.59,,Idle,,20,,10,,,20,Go Home,False,False,False,False,False,False,False,False,False,False,False,False,33.8027920380556,-117.4659261431046,4040.7,4043.5,1049.4,396.9,True,1,1,False,False,False,False,,True,False,False,Course Lock,196.8,67,16.4,93,NW,S,2.46,11.4,Calm,False,False,Android,7.0.2,M300 RTK,1ZN7L4R0H1D00F,1W9DL31001461C,1ZMLH8300204F0,1Z6PH74DAP0QN7,"Corona, CA",728.3,5.7,137.7,8.547347,2.013246,0,0,DJI Matrice 300 RTK,M300 RTK,1ZN7L4R0H1D00F,1W9DL31001461C,1ZMLH8300204F0,1Z6PH74DAP0QN7,DJI Pilot,Android,7.0.2,1EF72A62-B7C3-C88D-164E-CE6F8C8424AE,1ZN7L4R0H1D00F,1W9DL31001461C,,1ZMLH8300204F0,1W9DL31001461C,,,,,
2023-11-01,11:35:09.34 AM,10m 47.0s,647.0,33.7939362329236,-117.4739310294961,-29.1,137.7,21.9,1235,5687.2,4.911089,8.547335,-2.460634,2.23694,4.250186,5.816044,0,1.11847,-0.4,0.5,0.6,120.7,120.7,120.3,Tripod,Other,,20,5,True,,True,False,,Smart,RC,False,True,False,,,True,,False,False,False,False,False,False,False,False,False,False,0,Follow Yaw,-77.9,0,112.7,112.7,False,False,False,False,False,,0,0,False,False,No Card,100,100,1024,1249,1024,1024,2,False,False,False,False,False,0,False,False,False,False,65,,46.128,,6577,,10044,,46.128,,True,3.844,3.844,3.844,3.844,3.844,3.844,3.844,3.844,3.844,3.844,3.844,3.844,0,,False,False,True,,,,,,,,,,,,,,,False,False,19.68,,105.4,,75.7,,105.4,,1242,125,,22,7,143794.4,19172.59,,Idle,,20,,10,,,20,Go Home,False,False,False,False,False,False,False,False,False,False,False,False,33.8027920380556,-117.4659261431046,4040.6,4043.5,1049.4,396.9,True,1,1,False,False,False,False,,True,False,False,Course Lock,196.8,67,16.4,93,NW,S,2.46,11.4,Calm,False,False,Android,7.0.2,M300 RTK,1ZN7L4R0H1D00F,1W9DL31001461C,1ZMLH8300204F0,1Z6PH74DAP0QN7,"Corona, CA",728.3,5.7,137.7,8.547347,2.013246,0,0,DJI Matrice 300 RTK,M300 RTK,1ZN7L4R0H1D00F,1W9DL31001461C,1ZMLH8300204F0,1Z6PH74DAP0QN7,DJI Pilot,Android,7.0.2,1EF72A62-B7C3-C88D-164E-CE6F8C8424AE,1ZN7L4R0H1D00F,1W9DL31001461C,,1ZMLH8300204F0,1W9DL31001461C,,,,,
2023-11-01,11:35:09.41 AM,10m 47.1s,647.1,33.7939352191939,-117.4739290035494,-29.1,137.7,21.9,1235,5687.9,4.911089,8.547335,-2.460634,2.23694,4.250186,5.816044,0,1.11847,-0.3,0.3,0.4,120.7,120.7,121.0,Tripod,Other,,20,5,True,,True,False,,Smart,RC,False,True,False,,,True,,False,False,False,False,False,False,False,False,False,False,0,Follow Yaw,-77.9,0,112.7,112.7,False,False,False,False,False,,0,0,False,False,No Card,100,100,1024,1238,1024,1024,2,False,False,False,False,False,0,False,False,False,False,65,,46.128,,6577,,10044,,46.128,,True,3.844,3.844,3.844,3.844,3.844,3.844,3.844,3.844,3.844,3.844,3.844,3.844,0,,False,False,True,,,,,,,,,,,,,,,False,False,19.68,,105.4,,75.7,,105.4,,1242,125,,22,7,143794.4,19172.59,,Idle,,20,,10,,,20,Go Home,False,False,False,False,False,False,False,False,False,False,False,False,33.8027920380556,-117.4659261431046,4040.5,4043.5,1049.4,396.9,True,1,1,False,False,False,False,,True,False,False,Course Lock,196.8,67,16.4,93,NW,S,2.46,11.4,Calm,False,False,Android,7.0.2,M300 RTK,1ZN7L4R0H1D00F,1W9DL31001461C,1ZMLH8300204F0,1Z6PH74DAP0QN7,"Corona, CA",728.3,5.7,137.7,8.547347,2.013246,0,0,DJI Matrice 300 RTK,M300 RTK,1ZN7L4R0H1D00F,1W9DL31001461C,1ZMLH8300204F0,1Z6PH74DAP0QN7,DJI Pilot,Android,7.0.2,1EF72A62-B7C3-C88D-164E-CE6F8C8424AE,1ZN7L4R0H1D00F,1W9DL31001461C,,1ZMLH8300204F0,1W9DL31001461C,,,,,
2023-11-01,11:35:09.52 AM,10m 47.2s,647.2,33.7939341762694,-117.4739268657785,-29.1,137.7,21.9,1235,5688.7,4.911089,8.547335,-2.460634,2.23694,4.250186,5.816044,0,1.11847,-0.2,0.2,0.2,120.7,120.7,120.4,Tripod,Other,,20,5,True,,True,False,,Smart,RC,False,True,False,,,True,,False,False,False,False,False,False,False,False,False,False,0,Follow Yaw,-77.9,0,112.7,112.7,False,False,False,False,False,,0,0,False,False,No Card,100,100,1024,1199,1024,1024,2,False,False,False,False,False,0,False,False,False,False,65,,46.128,,6577,,10044,,46.128,,True,3.844,3.844,3.844,3.844,3.844,3.844,3.844,3.844,3.844,3.844,3.844,3.844,0,,False,False,True,,,,,,,,,,,,,,,False,False,19.68,,105.4,,75.7,,105.4,,1242,125,,22,7,143794.4,19172.59,,Idle,,20,,10,,,20,Go Home,False,False,False,False,False,False,False,False,False,False,False,False,33.8027920380556,-117.4659261431046,4040.4,4043.5,1049.4,396.9,True,1,1,False,False,False,False,,True,False,False,Course Lock,196.8,67,16.4,93,NW,S,2.46,11.4,Calm,False,False,Android,7.0.2,M300 RTK,1ZN7L4R0H1D00F,1W9DL31001461C,1ZMLH8300204F0,1Z6PH74DAP0QN7,"Corona, CA",728.3,5.7,137.7,8.547347,2.013246,0,0,DJI Matrice 300 RTK,M300 RTK,1ZN7L4R0H1D00F,1W9DL31001461C,1ZMLH8300204F0,1Z6PH74DAP0QN7,DJI Pilot,Android,7.0.2,1EF72A62-B7C3-C88D-164E-CE6F8C8424AE,1ZN7L4R0H1D00F,1W9DL31001461C,,1ZMLH8300204F0,1W9DL31001461C,,,,,
2023-11-01,11:35:09.64 AM,10m 47.3s,647.3,33.7939330954466,-117.4739249950332,-29.1,137.7,21.9,1235,5689.4,4.911089,8.547335,-2.460634,2.23694,4.250186,5.816044,0,1.11847,0,0.2,0.2,120.7,120.7,124.8,Tripod,Other,,20,5,True,,True,False,,Smart,RC,False,True,False,,,True,,False,False,False,False,False,False,False,False,False,False,0,Follow Yaw,-77.9,0,112.7,112.7,False,False,False,False,False,,0,0,False,False,No Card,100,100,1024,1238,1024,1024,2,False,False,False,False,False,0,False,False,False,False,65,,46.128,,6577,,10044,,46.128,,True,3.844,3.844,3.844,3.844,3.844,3.844,3.844,3.844,3.844,3.844,3.844,3.844,0,,False,False,True,,,,,,,,,,,,,,,False,False,19.68,,105.4,,75.7,,105.4,,1241,125,,22,7,144233.6,19231.15,,Idle,,20,,10,,,20,Go Home,False,False,False,False,False,False,False,False,False,False,False,False,33.8027920380556,-117.4659261431046,4040.4,4043.5,1049.4,396.9,True,1,1,False,False,False,False,,True,False,False,Course Lock,196.8,67,16.4,93,NW,S,2.46,11.4,Calm,False,False,Android,7.0.2,M300 RTK,1ZN7L4R0H1D00F,1W9DL31001461C,1ZMLH8300204F0,1Z6PH74DAP0QN7,"Corona, CA",728.3,5.7,137.7,8.547347,2.013246,0,0,DJI Matrice 300 RTK,M300 RTK,1ZN7L4R0H1D00F,1W9DL31001461C,1ZMLH8300204F0,1Z6PH74DAP0QN7,DJI Pilot,Android,7.0.2,1EF72A62-B7C3-C88D-164E-CE6F8C8424AE,1ZN7L4R0H1D00F,1W9DL31001461C,,1ZMLH8300204F0,1W9DL31001461C,,,,,
2023-11-01,11:35:09.72 AM,10m 47.4s,647.4,33.7939320695181,-117.473922907278,-29.1,137.7,21.9,1235,5690.1,4.911089,8.547335,-2.460634,2.23694,4.250186,5.816044,0,1.11847,0.1,0.4,0.4,120.8,120.8,120.5,Tripod,Other,,20,5,True,,True,False,,Smart,RC,False,True,False,,,True,,False,False,False,False,False,False,False,False,False,False,0,Follow Yaw,-77.9,0,112.7,112.7,False,False,False,False,False,,0,0,False,False,No Card,100,100,1024,1251,1024,1024,2,False,False,False,False,False,0,False,False,False,False,65,,46.128,,6577,,10044,,46.128,,True,3.844,3.844,3.844,3.844,3.844,3.844,3.844,3.844,3.844,3.844,3.844,3.844,0,,False,False,True,,,,,,,,,,,,,,,False,False,19.68,,105.4,,75.7,,105.4,,1241,125,,22,7,144233.6,19231.15,,Idle,,20,,10,,,20,Go Home,False,False,False,False,False,False,False,False,False,False,False,False,33.8027920380556,-117.4659261431046,4040.3,4043.5,1049.4,396.9,True,1,1,False,False,False,False,,True,False,False,Course Lock,196.8,67,16.4,93,NW,S,2.46,11.4,Calm,False,False,Android,7.0.2,M300 RTK,1ZN7L4R0H1D00F,1W9DL31001461C,1ZMLH8300204F0,1Z6PH74DAP0QN7,"Corona, CA",728.3,5.7,137.7,8.547347,2.013246,0,0,DJI Matrice 300 RTK,M300 RTK,1ZN7L4R0H1D00F,1W9DL31001461C,1ZMLH8300204F0,1Z6PH74DAP0QN7,DJI Pilot,Android,7.0.2,1EF72A62-B7C3-C88D-164E-CE6F8C8424AE,1ZN7L4R0H1D00F,1W9DL31001461C,,1ZMLH8300204F0,1W9DL31001461C,,,,,
2023-11-01,11:35:09.83 AM,10m 47.5s,647.5,33.7939309893806,-117.4739206365717,-29.1,137.7,21.9,1235,5690.9,4.71883,8.547335,-2.460634,2.23694,4.026492,5.816044,0,1.11847,0.2,0.4,0.4,120.8,120.8,119.7,Tripod,Other,,20,5,True,,True,False,,Smart,RC,False,True,False,,,True,,False,False,False,False,False,False,False,False,False,False,0,Follow Yaw,-77.9,0,112.7,112.7,False,False,False,False,False,,0,0,False,False,No Card,100,100,1024,1256,1024,1024,2,False,False,False,False,False,0,False,False,False,False,65,,46.128,,6577,,10044,,46.128,,True,3.844,3.844,3.844,3.844,3.844,3.844,3.844,3.844,3.844,3.844,3.844,3.844,0,,False,False,True,,,,,,,,,,,,,,,False,False,19.68,,105.4,,75.7,,105.4,,1241,125,,22,7,144233.6,19231.15,,Idle,,20,,10,,,20,Go Home,False,False,False,False,False,False,False,False,False,False,False,False,33.8027920380556,-117.4659261431046,4040.2,4043.5,1049.4,396.9,True,1,1,False,False,False,False,,True,False,False,Course Lock,196.8,67,16.4,93,NW,S,2.46,11.4,Calm,False,False,Android,7.0.2,M300 RTK,1ZN7L4R0H1D00F,1W9DL31001461C,1ZMLH8300204F0,1Z6PH74DAP0QN7,"Corona, CA",728.3,5.7,137.7,8.547347,2.013246,0,0,DJI Matrice 300 RTK,M300 RTK,1ZN7L4R0H1D00F,1W9DL31001461C,1ZMLH8300204F0,1Z6PH74DAP0QN7,DJI Pilot,Android,7.0.2,1EF72A62-B7C3-C88D-164E-CE6F8C8424AE,1ZN7L4R0H1D00F,1W9DL31001461C,,1ZMLH8300204F0,1W9DL31001461C,,,,,
2023-11-01,11:35:09.93 AM,10m 47.6s,647.6,33.7939299763362,-117.4739185779684,-29.1,137.7,21.9,1235,5691.6,4.71883,8.547335,-2.460634,2.23694,4.026492,5.816044,0,1.11847,0.1,0.3,0.3,120.9,120.9,120.6,Tripod,Other,,20,5,True,,True,False,,Smart,RC,False,True,False,,,True,,False,False,False,False,False,False,False,False,False,False,0,Follow Yaw,-77.9,0,112.7,112.7,False,False,False,False,False,,0,0,False,False,No Card,100,100,1024,1259,1024,1024,2,False,False,False,False,False,0,False,False,False,False,65,,46.128,,6577,,10044,,46.128,,True,3.844,3.844,3.844,3.844,3.844,3.844,3.844,3.844,3.844,3.844,3.844,3.844,0,,False,False,True,,,,,,,,,,,,,,,False,False,19.68,,105.4,,75.7,,105.4,,1241,125,,22,7,144233.6,19231.15,,Idle,,20,,10,,,20,Go Home,False,False,False,False,False,False,False,False,False,False,False,False,33.8027920380556,-117.4659261431046,4040.1,4043.5,1049.4,396.9,True,1,1,False,False,False,False,,True,False,False,Course Lock,196.8,67,16.4,93,NW,S,2.46,11.4,Calm,False,False,Android,7.0.2,M300 RTK,1ZN7L4R0H1D00F,1W9DL31001461C,1ZMLH8300204F0,1Z6PH74DAP0QN7,"Corona, CA",728.3,5.7,137.7,8.547347,2.013246,0,0,DJI Matrice 300 RTK,M300 RTK,1ZN7L4R0H1D00F,1W9DL31001461C,1ZMLH8300204F0,1Z6PH74DAP0QN7,DJI Pilot,Android,7.0.2,1EF72A62-B7C3-C88D-164E-CE6F8C8424AE,1ZN7L4R0H1D00F,1W9DL31001461C,,1ZMLH8300204F0,1W9DL31001461C,,,,,
2023-11-01,11:35:10.03 AM,10m 47.7s,647.7,33.7939288027892,-117.4739166285916,-29.1,137.7,21.9,1235,5692.3,4.71883,8.547335,-2.460634,2.23694,4.026492,5.816044,0,1.11847,0,0.3,0.3,120.8,120.8,125.9,Tripod,Other,,20,5,True,,True,False,,Smart,RC,False,True,False,,,True,,False,False,False,False,False,False,False,False,False,False,0,Follow Yaw,-77.9,0,112.7,112.7,False,False,False,False,False,,0,0,False,False,No Card,100,100,1024,1259,1024,1024,2,False,False,False,False,False,0,False,False,False,False,66,,46.068,,3290,,4986,,46.068,,True,3.844,3.844,3.844,3.844,3.844,3.844,3.844,3.844,3.844,3.844,3.844,3.844,0,,False,False,True,,,,,,,,,,,,,,,False,False,9.694,,105.0,,75.7,,105.4,,1241,125,,22,7,144233.6,19231.15,,Idle,,20,,10,,,20,Go Home,False,False,False,False,False,False,False,False,False,False,False,False,33.8027920380556,-117.4659261431046,4040.1,4043.5,1049.4,396.9,True,1,1,False,False,False,False,,True,False,False,Course Lock,196.8,67,16.4,93,NW,S,2.46,11.4,Calm,False,False,Android,7.0.2,M300 RTK,1ZN7L4R0H1D00F,1W9DL31001461C,1ZMLH8300204F0,1Z6PH74DAP0QN7,"Corona, CA",728.3,5.7,137.7,8.547347,2.013246,0,0,DJI Matrice 300 RTK,M300 RTK,1ZN7L4R0H1D00F,1W9DL31001461C,1ZMLH8300204F0,1Z6PH74DAP0QN7,DJI Pilot,Android,7.0.2,1EF72A62-B7C3-C88D-164E-CE6F8C8424AE,1ZN7L4R0H1D00F,1W9DL31001461C,,1ZMLH8300204F0,1W9DL31001461C,,,,,
2023-11-01,11:35:10.13 AM,10m 47.8s,647.8,33.7939277936512,-117.4739146172001,-29.1,137.7,21.9,1235,5693.0,4.71883,8.547335,-2.460634,2.23694,4.026492,5.816044,0,1.11847,0,0.2,0.2,120.9,120.9,121.1,Tripod,Other,,20,5,True,,True,False,,Smart,RC,False,True,False,,,True,,False,False,False,False,False,False,False,False,False,False,0,Follow Yaw,-77.9,0,112.7,112.7,False,False,False,False,False,,0,0,False,False,No Card,100,100,1024,1263,1024,1024,2,False,False,False,False,False,0,False,False,False,False,66,,46.068,,3290,,4986,,46.068,,True,3.844,3.844,3.844,3.844,3.844,3.844,3.844,3.844,3.844,3.844,3.844,3.844,0,,False,False,True,,,,,,,,,,,,,,,False,False,9.694,,105.0,,75.7,,105.4,,1241,125,,22,7,144233.6,19231.15,,Idle,,20,,10,,,20,Go Home,False,False,False,False,False,False,False,False,False,False,False,False,33.8027920380556,-117.4659261431046,4040.1,4043.5,1049.4,396.9,True,1,1,False,False,False,False,,True,False,False,Course Lock,196.8,67,16.4,93,NW,S,2.46,11.4,Calm,False,False,Android,7.0.2,M300 RTK,1ZN7L4R0H1D00F,1W9DL31001461C,1ZMLH8300204F0,1Z6PH74DAP0QN7,"Corona, CA",728.3,5.7,137.7,8.547347,2.013246,0,0,DJI Matrice 300 RTK,M300 RTK,1ZN7L4R0H1D00F,1W9DL31001461C,1ZMLH8300204F0,1Z6PH74DAP0QN7,DJI Pilot,Android,7.0.2,1EF72A62-B7C3-C88D-164E-CE6F8C8424AE,1ZN7L4R0H1D00F,1W9DL31001461C,,1ZMLH8300204F0,1W9DL31001461C,,,,,
2023-11-01,11:35:10.24 AM,10m 47.9s,647.9,33.7939267529197,-117.4739125827594,-29.1,137.7,21.9,1235,5693.8,4.71883,8.547335,-2.460634,2.23694,4.026492,5.816044,0,1.11847,-0.1,0.3,0.3,120.9,120.9,121.6,Tripod,Other,,20,5,True,,True,False,,Smart,RC,False,True,False,,,True,,False,False,False,False,False,False,False,False,False,False,0,Follow Yaw,-77.9,0,112.7,112.7,False,False,False,False,False,,0,0,False,False,No Card,100,100,1024,1267,1024,1024,2,False,False,False,False,False,0,False,False,False,False,66,,46.068,,3290,,4986,,46.068,,True,3.844,3.844,3.844,3.844,3.844,3.844,3.844,3.844,3.844,3.844,3.844,3.844,0,,False,False,True,,,,,,,,,,,,,,,False,False,9.694,,105.0,,75.7,,105.4,,1241,125,,22,7,144233.6,19231.15,,Idle,,20,,10,,,20,Go Home,False,False,False,False,False,False,False,False,False,False,False,False,33.8027920380556,-117.4659261431046,4040.0,4043.5,1049.4,396.9,True,1,1,False,False,False,False,,True,False,False,Course Lock,196.8,67,16.4,93,NW,S,2.46,11.4,Calm,False,False,Android,7.0.2,M300 RTK,1ZN7L4R0H1D00F,1W9DL31001461C,1ZMLH8300204F0,1Z6PH74DAP0QN7,"Corona, CA",728.3,5.7,137.7,8.547347,2.013246,0,0,DJI Matrice 300 RTK,M300 RTK,1ZN7L4R0H1D00F,1W9DL31001461C,1ZMLH8300204F0,1Z6PH74DAP0QN7,DJI Pilot,Android,7.0.2,1EF72A62-B7C3-C88D-164E-CE6F8C8424AE,1ZN7L4R0H1D00F,1W9DL31001461C,,1ZMLH8300204F0,1W9DL31001461C,,,,,
2023-11-01,11:35:10.34 AM,10m 48.0s,648.0,33.7939257549525,-117.4739106054677,-29.1,137.7,21.9,1235,5694.5,4.529458,8.547335,-2.460634,2.23694,3.802798,5.816044,0,1.11847,-0.4,0.3,0.5,120.9,120.9,121.2,Tripod,Other,,20,5,True,,True,False,,Smart,RC,False,True,False,,,True,,False,False,False,False,False,False,False,False,False,False,0,Follow Yaw,-77.9,0,112.7,112.7,False,False,False,False,False,,0,0,False,False,No Card,100,100,1024,1282,1024,1024,2,False,False,False,False,False,0,False,False,False,False,65,,46.116,,6577,,10044,,46.116,,True,3.844,3.844,3.844,3.844,3.844,3.844,3.844,3.844,3.844,3.844,3.844,3.844,0,,False,False,True,,,,,,,,,,,,,,,False,False,19.494,,105.4,,75.7,,105.4,,1241,125,,22,7,144233.6,19231.15,,Idle,,20,,10,,,20,Go Home,False,False,False,False,False,False,False,False,False,False,False,False,33.8027920380556,-117.4659261431046,4039.9,4043.5,1049.4,396.9,True,1,1,False,False,False,False,,True,False,False,Course Lock,196.8,67,16.4,93,NW,S,2.46,11.4,Calm,False,False,Android,7.0.2,M300 RTK,1ZN7L4R0H1D00F,1W9DL31001461C,1ZMLH8300204F0,1Z6PH74DAP0QN7,"Corona, CA",728.3,5.7,137.7,8.547347,2.013246,0,0,DJI Matrice 300 RTK,M300 RTK,1ZN7L4R0H1D00F,1W9DL31001461C,1ZMLH8300204F0,1Z6PH74DAP0QN7,DJI Pilot,Android,7.0.2,1EF72A62-B7C3-C88D-164E-CE6F8C8424AE,1ZN7L4R0H1D00F,1W9DL31001461C,,1ZMLH8300204F0,1W9DL31001461C,,,,,
2023-11-01,11:35:10.44 AM,10m 48.1s,648.1,33.7939248431988,-117.4739087867585,-29.1,137.7,21.9,1235,5695.1,4.411935,8.547335,-2.23694,2.23694,3.802798,5.816044,0,1.11847,-0.8,0,0.8,120.7,120.7,121.1,Tripod,Other,,20,5,True,,True,False,,Smart,RC,False,True,False,,,True,,False,False,False,False,False,False,False,False,False,False,0,Follow Yaw,-77.9,0,112.7,112.7,False,False,False,False,False,,0,0,False,False,No Card,100,100,1024,1289,1024,1024,2,False,False,False,False,False,0,False,False,False,False,65,,46.116,,6577,,10044,,46.116,,True,3.844,3.844,3.844,3.844,3.844,3.844,3.844,3.844,3.844,3.844,3.844,3.844,0,,False,False,True,,,,,,,,,,,,,,,False,False,19.494,,105.4,,75.7,,105.4,,1241,125,,22,7,144233.6,19231.15,,Idle,,20,,10,,,20,Go Home,False,False,False,False,False,False,False,False,False,False,False,False,33.8027920380556,-117.4659261431046,4039.9,4043.5,1049.4,396.9,True,1,1,False,False,False,False,,True,False,False,Course Lock,196.8,67,16.4,93,NW,S,2.46,11.4,Calm,False,False,Android,7.0.2,M300 RTK,1ZN7L4R0H1D00F,1W9DL31001461C,1ZMLH8300204F0,1Z6PH74DAP0QN7,"Corona, CA",728.3,5.7,137.7,8.547347,2.013246,0,0,DJI Matrice 300 RTK,M300 RTK,1ZN7L4R0H1D00F,1W9DL31001461C,1ZMLH8300204F0,1Z6PH74DAP0QN7,DJI Pilot,Android,7.0.2,1EF72A62-B7C3-C88D-164E-CE6F8C8424AE,1ZN7L4R0H1D00F,1W9DL31001461C,,1ZMLH8300204F0,1W9DL31001461C,,,,,
2023-11-01,11:35:10.54 AM,10m 48.2s,648.2,33.7939238620219,-117.4739068385362,-29.1,137.7,21.9,1235,5695.8,4.411935,8.547335,-2.23694,2.23694,3.802798,5.816044,0,1.11847,-0.9,0,0.9,120.6,120.6,121.2,Tripod,Other,,20,5,True,,True,False,,Smart,RC,False,True,False,,,True,,False,False,False,False,False,False,False,False,False,False,0,Follow Yaw,-77.9,0,112.7,112.7,False,False,False,False,False,,0,0,False,False,No Card,100,100,1024,1280,1024,1024,2,False,False,False,False,False,0,False,False,False,False,65,,46.116,,6577,,10044,,46.116,,True,3.844,3.844,3.844,3.844,3.844,3.844,3.844,3.844,3.844,3.844,3.844,3.844,0,,False,False,True,,,,,,,,,,,,,,,False,False,19.494,,105.4,,75.7,,105.4,,1241,125,,22,7,144233.6,19231.15,,Idle,,20,,10,,,20,Go Home,False,False,False,False,False,False,False,False,False,False,False,False,33.8027920380556,-117.4659261431046,4039.8,4043.5,1049.4,396.9,True,1,1,False,False,False,False,,True,False,False,Course Lock,196.8,67,16.4,93,NW,S,2.46,11.4,Calm,False,False,Android,7.0.2,M300 RTK,1ZN7L4R0H1D00F,1W9DL31001461C,1ZMLH8300204F0,1Z6PH74DAP0QN7,"Corona, CA",728.3,5.7,137.7,8.547347,2.013246,0,0,DJI Matrice 300 RTK,M300 RTK,1ZN7L4R0H1D00F,1W9DL31001461C,1ZMLH8300204F0,1Z6PH74DAP0QN7,DJI Pilot,Android,7.0.2,1EF72A62-B7C3-C88D-164E-CE6F8C8424AE,1ZN7L4R0H1D00F,1W9DL31001461C,,1ZMLH8300204F0,1W9DL31001461C,,,,,
2023-11-01,11:35:10.65 AM,10m 48.3s,648.3,33.7939228900969,-117.4739048738618,-29.1,137.7,21.9,1235,5696.5,4.411935,8.547335,-2.23694,2.23694,3.802798,5.816044,0,1.11847,-0.8,0,0.8,120.6,120.6,120.7,Tripod,Other,,20,5,True,,True,False,,Smart,RC,False,True,False,,,True,,False,False,False,False,False,False,False,False,False,False,0,Follow Yaw,-77.9,0,112.7,112.7,False,False,False,False,False,,0,0,False,False,No Card,100,100,1024,1259,1024,1024,2,False,False,False,False,False,0,False,False,False,False,65,,46.116,,6577,,10044,,46.116,,True,3.842,3.842,3.842,3.842,3.842,3.842,3.842,3.842,3.842,3.842,3.842,3.842,0,,False,False,True,,,,,,,,,,,,,,,False,False,19.494,,105.4,,75.7,,105.4,,1240,125,,22,7,144745.9,19299.46,,Idle,,20,,10,,,20,Go Home,False,False,False,False,False,False,False,False,False,False,False,False,33.8027920380556,-117.4659261431046,4039.7,4043.5,1049.4,396.9,True,1,1,False,False,False,False,,True,False,False,Course Lock,196.8,67,16.4,93,NW,S,2.46,11.4,Calm,False,False,Android,7.0.2,M300 RTK,1ZN7L4R0H1D00F,1W9DL31001461C,1ZMLH8300204F0,1Z6PH74DAP0QN7,"Corona, CA",728.3,5.7,137.7,8.547347,2.013246,0,0,DJI Matrice 300 RTK,M300 RTK,1ZN7L4R0H1D00F,1W9DL31001461C,1ZMLH8300204F0,1Z6PH74DAP0QN7,DJI Pilot,Android,7.0.2,1EF72A62-B7C3-C88D-164E-CE6F8C8424AE,1ZN7L4R0H1D00F,1W9DL31001461C,,1ZMLH8300204F0,1W9DL31001461C,,,,,
2023-11-01,11:35:10.75 AM,10m 48.4s,648.4,33.7939219235174,-117.4739029232068,-29.1,137.7,21.9,1235,5697.2,4.411935,8.547335,-2.23694,2.23694,3.802798,5.816044,0,1.11847,-0.6,0.3,0.6,120.7,120.7,120.8,Tripod,Other,,20,5,True,,True,False,,Smart,RC,False,True,False,,,True,,False,False,False,False,False,False,False,False,False,False,0,Follow Yaw,-77.9,0,112.7,112.7,False,False,False,False,False,,0,0,False,False,No Card,100,100,1024,1238,1024,1024,2,False,False,False,False,False,0,False,False,False,False,65,,46.116,,6577,,10044,,46.116,,True,3.842,3.842,3.842,3.842,3.842,3.842,3.842,3.842,3.842,3.842,3.842,3.842,0,,False,False,True,,,,,,,,,,,,,,,False,False,19.494,,105.4,,75.7,,105.4,,1240,125,,22,7,144745.9,19299.46,,Idle,,20,,10,,,20,Go Home,False,False,False,False,False,False,False,False,False,False,False,False,33.8027920380556,-117.4659261431046,4039.6,4043.5,1049.4,396.9,True,1,1,False,False,False,False,,True,False,False,Course Lock,196.8,67,16.4,93,NW,S,2.46,11.4,Calm,False,False,Android,7.0.2,M300 RTK,1ZN7L4R0H1D00F,1W9DL31001461C,1ZMLH8300204F0,1Z6PH74DAP0QN7,"Corona, CA",728.3,5.7,137.7,8.547347,2.013246,0,0,DJI Matrice 300 RTK,M300 RTK,1ZN7L4R0H1D00F,1W9DL31001461C,1ZMLH8300204F0,1Z6PH74DAP0QN7,DJI Pilot,Android,7.0.2,1EF72A62-B7C3-C88D-164E-CE6F8C8424AE,1ZN7L4R0H1D00F,1W9DL31001461C,,1ZMLH8300204F0,1W9DL31001461C,,,,,
2023-11-01,11:35:10.86 AM,10m 48.5s,648.5,33.7939209457672,-117.4739010267319,-29.1,137.7,21.9,1235,5697.9,4.411935,8.547335,-2.23694,2.23694,3.802798,5.816044,0,1.11847,-0.5,0.5,0.7,120.7,120.7,121.8,Tripod,Other,,20,5,True,,True,False,,Smart,RC,False,True,False,,,True,,False,False,False,False,False,False,False,False,False,False,0,Follow Yaw,-77.9,0,112.7,112.7,False,False,False,False,False,,0,0,False,False,No Card,100,100,1024,1227,1024,1024,2,False,False,False,False,False,0,False,False,False,False,65,,46.116,,6577,,10044,,46.116,,True,3.842,3.842,3.842,3.842,3.842,3.842,3.842,3.842,3.842,3.842,3.842,3.842,0,,False,False,True,,,,,,,,,,,,,,,False,False,19.494,,105.4,,75.7,,105.4,,1240,125,,22,7,144745.9,19299.46,,Idle,,20,,10,,,20,Go Home,False,False,False,False,False,False,False,False,False,False,False,False,33.8027920380556,-117.4659261431046,4039.6,4043.5,1049.4,396.9,True,1,1,False,False,False,False,,True,False,False,Course Lock,196.8,67,16.4,93,NW,S,2.46,11.4,Calm,False,False,Android,7.0.2,M300 RTK,1ZN7L4R0H1D00F,1W9DL31001461C,1ZMLH8300204F0,1Z6PH74DAP0QN7,"Corona, CA",728.3,5.7,137.7,8.547347,2.013246,0,0,DJI Matrice 300 RTK,M300 RTK,1ZN7L4R0H1D00F,1W9DL31001461C,1ZMLH8300204F0,1Z6PH74DAP0QN7,DJI Pilot,Android,7.0.2,1EF72A62-B7C3-C88D-164E-CE6F8C8424AE,1ZN7L4R0H1D00F,1W9DL31001461C,,1ZMLH8300204F0,1W9DL31001461C,,,,,
2023-11-01,11:35:10.96 AM,10m 48.6s,648.6,33.793919979873,-117.4738991056822,-29.1,137.7,21.9,1235,5698.5,4.411935,8.547335,-2.23694,2.23694,3.802798,5.816044,0,1.11847,-0.5,0.5,0.7,120.8,120.8,121.1,Tripod,Other,,20,5,True,,True,False,,Smart,RC,False,True,False,,,True,,False,False,False,False,False,False,False,False,False,False,0,Follow Yaw,-77.9,0,112.7,112.7,False,False,False,False,False,,0,0,False,False,No Card,100,100,1024,1227,1024,1024,2,False,False,False,False,False,0,False,False,False,False,65,,46.116,,6577,,10044,,46.116,,True,3.842,3.842,3.842,3.842,3.842,3.842,3.842,3.842,3.842,3.842,3.842,3.842,0,,False,False,True,,,,,,,,,,,,,,,False,False,19.494,,105.4,,75.7,,105.4,,1240,125,,22,7,144745.9,19299.46,,Idle,,20,,10,,,20,Go Home,False,False,False,False,False,False,False,False,False,False,False,False,33.8027920380556,-117.4659261431046,4039.5,4043.5,1049.4,396.9,True,1,1,False,False,False,False,,True,False,False,Course Lock,196.8,67,16.4,93,NW,S,2.46,11.4,Calm,False,False,Android,7.0.2,M300 RTK,1ZN7L4R0H1D00F,1W9DL31001461C,1ZMLH8300204F0,1Z6PH74DAP0QN7,"Corona, CA",728.3,5.7,137.7,8.547347,2.013246,0,0,DJI Matrice 300 RTK,M300 RTK,1ZN7L4R0H1D00F,1W9DL31001461C,1ZMLH8300204F0,1Z6PH74DAP0QN7,DJI Pilot,Android,7.0.2,1EF72A62-B7C3-C88D-164E-CE6F8C8424AE,1ZN7L4R0H1D00F,1W9DL31001461C,,1ZMLH8300204F0,1W9DL31001461C,,,,,
2023-11-01,11:35:11.06 AM,10m 48.7s,648.7,33.7939191206836,-117.4738971876425,-29.1,137.7,21.9,1235,5699.2,4.411935,8.547335,-2.23694,2.23694,3.802798,5.816044,0,1.11847,-0.4,0.3,0.5,120.8,120.8,118.3,Tripod,Other,,20,5,True,,True,False,,Smart,RC,False,True,False,,,True,,False,False,False,False,False,False,False,False,False,False,0,Follow Yaw,-77.9,0,112.7,112.7,False,False,False,False,False,,0,0,False,False,No Card,100,100,1024,1156,1024,1024,2,False,False,False,False,False,0,False,False,False,False,65,,46.116,,6577,,10044,,46.116,,True,3.842,3.842,3.842,3.842,3.842,3.842,3.842,3.842,3.842,3.842,3.842,3.842,0,,False,False,True,,,,,,,,,,,,,,,False,False,19.494,,105.4,,75.7,,105.4,,1240,125,,22,7,144745.9,19299.46,,Idle,,20,,10,,,20,Go Home,False,False,False,False,False,False,False,False,False,False,False,False,33.8027920380556,-117.4659261431046,4039.4,4043.5,1049.4,396.9,True,1,1,False,False,False,False,,True,False,False,Course Lock,196.8,67,16.4,93,NW,S,2.46,11.4,Calm,False,False,Android,7.0.2,M300 RTK,1ZN7L4R0H1D00F,1W9DL31001461C,1ZMLH8300204F0,1Z6PH74DAP0QN7,"Corona, CA",728.3,5.7,137.7,8.547347,2.013246,0,0,DJI Matrice 300 RTK,M300 RTK,1ZN7L4R0H1D00F,1W9DL31001461C,1ZMLH8300204F0,1Z6PH74DAP0QN7,DJI Pilot,Android,7.0.2,1EF72A62-B7C3-C88D-164E-CE6F8C8424AE,1ZN7L4R0H1D00F,1W9DL31001461C,,1ZMLH8300204F0,1W9DL31001461C,,,,,
2023-11-01,11:35:11.16 AM,10m 48.8s,648.8,33.7939181675365,-117.4738952833334,-29.1,137.7,21.9,1235,5699.9,4.411935,8.547335,-2.23694,2.23694,3.802798,5.816044,0,1.11847,-0.2,0.2,0.2,120.8,120.8,121.0,Tripod,Other,,20,5,True,,True,False,,Smart,RC,False,True,False,,,True,,False,False,False,False,False,False,False,False,False,False,0,Follow Yaw,-77.9,0,112.7,112.7,False,False,False,False,False,,0,0,False,False,No Card,100,100,1024,1105,1024,1024,2,False,False,False,False,False,0,False,False,False,False,65,,46.116,,6577,,10044,,46.116,,True,3.842,3.842,3.842,3.842,3.842,3.842,3.842,3.842,3.842,3.842,3.842,3.842,0,,False,False,True,,,,,,,,,,,,,,,False,False,19.494,,105.4,,75.7,,105.4,,1240,125,,22,7,144745.9,19299.46,,Idle,,20,,10,,,20,Go Home,False,False,False,False,False,False,False,False,False,False,False,False,33.8027920380556,-117.4659261431046,4039.4,4043.5,1049.4,396.9,True,1,1,False,False,False,False,,True,False,False,Course Lock,196.8,67,16.4,93,NW,S,2.46,11.4,Calm,False,False,Android,7.0.2,M300 RTK,1ZN7L4R0H1D00F,1W9DL31001461C,1ZMLH8300204F0,1Z6PH74DAP0QN7,"Corona, CA",728.3,5.7,137.7,8.547347,2.013246,0,0,DJI Matrice 300 RTK,M300 RTK,1ZN7L4R0H1D00F,1W9DL31001461C,1ZMLH8300204F0,1Z6PH74DAP0QN7,DJI Pilot,Android,7.0.2,1EF72A62-B7C3-C88D-164E-CE6F8C8424AE,1ZN7L4R0H1D00F,1W9DL31001461C,,1ZMLH8300204F0,1W9DL31001461C,,,,,
2023-11-01,11:35:11.27 AM,10m 48.9s,648.9,33.7939172400204,-117.4738931998253,-29.1,137.7,21.9,1235,5700.6,4.411935,8.547335,-2.23694,2.23694,3.802798,5.816044,0,1.11847,0,0,0,120.8,120.8,118.1,Tripod,Other,,20,5,True,,True,False,,Smart,RC,False,True,False,,,True,,False,False,False,False,False,False,False,False,False,False,0,Follow Yaw,-77.9,0,112.7,112.7,False,False,False,False,False,,0,0,False,False,No Card,100,100,1024,1053,1024,1024,2,False,False,False,False,False,0,False,False,False,False,65,,46.116,,6577,,10044,,46.116,,True,3.842,3.842,3.842,3.842,3.842,3.842,3.842,3.842,3.842,3.842,3.842,3.842,0,,False,False,True,,,,,,,,,,,,,,,False,False,19.494,,105.4,,75.7,,105.4,,1240,125,,22,7,144745.9,19299.46,,Idle,,20,,10,,,20,Go Home,False,False,False,False,False,False,False,False,False,False,False,False,33.8027920380556,-117.4659261431046,4039.2,4043.5,1049.4,396.9,True,1,1,False,False,False,False,,True,False,False,Course Lock,196.8,67,16.4,93,NW,S,2.46,11.4,Calm,False,False,Android,7.0.2,M300 RTK,1ZN7L4R0H1D00F,1W9DL31001461C,1ZMLH8300204F0,1Z6PH74DAP0QN7,"Corona, CA",728.3,5.7,137.7,8.547347,2.013246,0,0,DJI Matrice 300 RTK,M300 RTK,1ZN7L4R0H1D00F,1W9DL31001461C,1ZMLH8300204F0,1Z6PH74DAP0QN7,DJI Pilot,Android,7.0.2,1EF72A62-B7C3-C88D-164E-CE6F8C8424AE,1ZN7L4R0H1D00F,1W9DL31001461C,,1ZMLH8300204F0,1W9DL31001461C,,,,,
2023-11-01,11:35:11.37 AM,10m 49.0s,649.0,33.7939163102427,-117.4738913037628,-29.1,137.7,21.9,1235,5701.3,4.411935,8.547335,-2.23694,2.23694,3.802798,5.816044,0,1.11847,0.5,0.1,0.5,120.8,120.8,120.5,Tripod,Other,,20,5,True,,True,False,,Smart,RC,False,True,False,,,True,,False,False,False,False,False,False,False,False,False,False,0,Follow Yaw,-77.9,0,112.7,112.7,False,False,False,False,False,,0,0,False,False,No Card,100,100,1024,1024,1024,1024,2,False,False,False,False,False,0,False,False,False,False,65,,46.104,,6577,,10044,,46.104,,True,3.842,3.842,3.842,3.842,3.842,3.842,3.842,3.842,3.842,3.842,3.842,3.842,0,,False,False,True,,,,,,,,,,,,,,,False,False,19.338,,105.4,,75.7,,105.4,,1240,125,,22,7,144745.9,19299.46,,Idle,,20,,10,,,20,Go Home,False,False,False,False,False,False,False,False,False,False,False,False,33.8027920380556,-117.4659261431046,4039.2,4043.5,1049.4,396.9,True,1,1,False,False,False,False,,True,False,False,Course Lock,196.8,67,16.4,93,NW,S,2.46,11.4,Calm,False,False,Android,7.0.2,M300 RTK,1ZN7L4R0H1D00F,1W9DL31001461C,1ZMLH8300204F0,1Z6PH74DAP0QN7,"Corona, CA",728.3,5.7,137.7,8.547347,2.013246,0,0,DJI Matrice 300 RTK,M300 RTK,1ZN7L4R0H1D00F,1W9DL31001461C,1ZMLH8300204F0,1Z6PH74DAP0QN7,DJI Pilot,Android,7.0.2,1EF72A62-B7C3-C88D-164E-CE6F8C8424AE,1ZN7L4R0H1D00F,1W9DL31001461C,,1ZMLH8300204F0,1W9DL31001461C,,,,,
2023-11-01,11:35:11.47 AM,10m 49.1s,649.1,33.7939151747997,-117.4738892216979,-29.1,137.7,21.9,1235,5702.0,4.220649,8.547335,-2.23694,2.23694,3.579104,5.816044,0,1.11847,1.1,0.1,1.1,120.7,120.7,123.2,Tripod,Other,,20,5,True,,True,False,,Smart,RC,False,True,False,,,True,,False,False,False,False,False,False,False,False,False,False,0,Follow Yaw,-77.9,0,112.7,112.7,False,False,False,False,False,,0,0,False,False,No Card,100,100,1024,1024,1024,1024,2,False,False,False,False,False,0,False,False,False,False,65,,46.104,,6577,,10044,,46.104,,True,3.842,3.842,3.842,3.842,3.842,3.842,3.842,3.842,3.842,3.842,3.842,3.842,0,,False,False,True,,,,,,,,,,,,,,,False,False,19.338,,105.4,,75.7,,105.4,,1240,125,,22,7,144745.9,19299.46,,Idle,,20,,10,,,20,Go Home,False,False,False,False,False,False,False,False,False,False,False,False,33.8027920380556,-117.4659261431046,4039.1,4043.5,1049.4,396.9,True,1,1,False,False,False,False,,True,False,False,Course Lock,196.8,67,16.4,93,NW,S,2.46,11.4,Calm,False,False,Android,7.0.2,M300 RTK,1ZN7L4R0H1D00F,1W9DL31001461C,1ZMLH8300204F0,1Z6PH74DAP0QN7,"Corona, CA",728.3,5.7,137.7,8.547347,2.013246,0,0,DJI Matrice 300 RTK,M300 RTK,1ZN7L4R0H1D00F,1W9DL31001461C,1ZMLH8300204F0,1Z6PH74DAP0QN7,DJI Pilot,Android,7.0.2,1EF72A62-B7C3-C88D-164E-CE6F8C8424AE,1ZN7L4R0H1D00F,1W9DL31001461C,,1ZMLH8300204F0,1W9DL31001461C,,,,,
2023-11-01,11:35:11.58 AM,10m 49.2s,649.2,33.7939142614012,-117.4738873590342,-29.1,137.7,21.9,1235,5702.7,4.106475,8.547335,-2.013246,2.23694,3.579104,5.816044,0,1.11847,4.3,0.3,4.3,120.7,120.7,120.5,Tripod,Other,,20,5,True,,True,False,,Smart,RC,False,True,False,,,True,,False,False,False,False,False,False,False,False,False,False,0,Follow Yaw,-77.9,0,112.7,112.7,False,False,False,False,False,,0,0,False,False,No Card,100,100,1024,1146,1024,1024,2,False,False,False,False,False,0,False,False,False,False,65,,46.104,,6577,,10044,,46.104,,True,3.842,3.842,3.842,3.842,3.842,3.842,3.842,3.842,3.842,3.842,3.842,3.842,0,,False,False,True,,,,,,,,,,,,,,,False,False,19.338,,105.4,,75.7,,105.4,,1240,125,,22,7,144745.9,19299.46,,Idle,,20,,10,,,20,Go Home,False,False,False,False,False,False,False,False,False,False,False,False,33.8027920380556,-117.4659261431046,4039.1,4043.5,1049.4,396.9,True,1,1,False,False,False,False,,True,False,False,Course Lock,196.8,67,16.4,93,NW,S,2.46,11.4,Calm,False,False,Android,7.0.2,M300 RTK,1ZN7L4R0H1D00F,1W9DL31001461C,1ZMLH8300204F0,1Z6PH74DAP0QN7,"Corona, CA",728.3,5.7,137.7,8.547347,2.013246,0,0,DJI Matrice 300 RTK,M300 RTK,1ZN7L4R0H1D00F,1W9DL31001461C,1ZMLH8300204F0,1Z6PH74DAP0QN7,DJI Pilot,Android,7.0.2,1EF72A62-B7C3-C88D-164E-CE6F8C8424AE,1ZN7L4R0H1D00F,1W9DL31001461C,,1ZMLH8300204F0,1W9DL31001461C,,,,,
2023-11-01,11:35:11.64 AM,10m 49.3s,649.3,33.7939134446334,-117.4738855288622,-29.1,137.7,21.9,1235,5703.3,3.913046,8.547335,-2.013246,2.23694,3.35541,5.816044,0,1.11847,11.2,0.3,11.2,120.8,120.8,118.2,Tripod,Other,,20,5,True,,True,False,,Smart,RC,False,True,False,,,True,,False,False,False,False,False,False,False,False,False,False,0,Follow Yaw,-77.9,0,112.7,112.7,False,False,False,False,False,,0,0,False,False,No Card,100,100,1024,1021,1024,1024,2,False,False,False,False,False,0,False,False,False,False,65,,46.104,,6577,,10044,,46.104,,True,3.843,3.843,3.843,3.843,3.843,3.843,3.843,3.843,3.843,3.843,3.843,3.843,0,,False,False,True,,,,,,,,,,,,,,,False,False,19.338,,105.4,,75.7,,105.4,,1238,125,,22,7,145196.2,19359.50,,Idle,,20,,10,,,20,Go Home,False,False,False,False,False,False,False,False,False,False,False,False,33.8027920380556,-117.4659261431046,4039.0,4043.5,1049.4,396.9,True,1,1,False,False,False,False,,True,False,False,Course Lock,196.8,67,16.4,93,NW,S,2.46,11.4,Calm,False,False,Android,7.0.2,M300 RTK,1ZN7L4R0H1D00F,1W9DL31001461C,1ZMLH8300204F0,1Z6PH74DAP0QN7,"Corona, CA",728.3,5.7,137.7,8.547347,2.013246,0,0,DJI Matrice 300 RTK,M300 RTK,1ZN7L4R0H1D00F,1W9DL31001461C,1ZMLH8300204F0,1Z6PH74DAP0QN7,DJI Pilot,Android,7.0.2,1EF72A62-B7C3-C88D-164E-CE6F8C8424AE,1ZN7L4R0H1D00F,1W9DL31001461C,,1ZMLH8300204F0,1W9DL31001461C,,,,,
2023-11-01,11:35:11.74 AM,10m 49.4s,649.4,33.7939126689849,-117.4738839274926,-29.1,137.7,21.9,1235,5703.9,3.41454,8.547335,-1.789552,2.23694,2.908022,5.816044,0,1.11847,12.9,0.4,12.9,120.9,120.9,120.2,Tripod,Other,,20,5,True,,True,False,,Smart,RC,False,True,False,,,True,,False,False,False,False,False,False,False,False,False,False,0,Follow Yaw,-77.9,0,112.7,112.7,False,False,False,False,False,,0,0,False,False,No Card,100,100,1024,721,1024,1024,2,False,False,False,False,False,0,False,False,False,False,65,,46.104,,6577,,10044,,46.104,,True,3.843,3.843,3.843,3.843,3.843,3.843,3.843,3.843,3.843,3.843,3.843,3.843,0,,False,False,True,,,,,,,,,,,,,,,False,False,19.338,,105.4,,75.7,,105.4,,1238,125,,22,7,145196.2,19359.50,,Idle,,20,,10,,,20,Go Home,False,False,False,False,False,False,False,False,False,False,False,False,33.8027920380556,-117.4659261431046,4038.9,4043.5,1049.4,396.9,True,1,1,False,False,False,False,,True,False,False,Course Lock,196.8,67,16.4,93,NW,S,2.46,11.4,Calm,False,False,Android,7.0.2,M300 RTK,1ZN7L4R0H1D00F,1W9DL31001461C,1ZMLH8300204F0,1Z6PH74DAP0QN7,"Corona, CA",728.3,5.7,137.7,8.547347,2.013246,0,0,DJI Matrice 300 RTK,M300 RTK,1ZN7L4R0H1D00F,1W9DL31001461C,1ZMLH8300204F0,1Z6PH74DAP0QN7,DJI Pilot,Android,7.0.2,1EF72A62-B7C3-C88D-164E-CE6F8C8424AE,1ZN7L4R0H1D00F,1W9DL31001461C,,1ZMLH8300204F0,1W9DL31001461C,,,,,
2023-11-01,11:35:11.84 AM,10m 49.5s,649.5,33.7939120513718,-117.4738828968302,-29.1,137.7,21.9,1235,5704.3,2.802877,8.547335,-1.342164,2.23694,2.460634,5.816044,0,1.11847,9.2,0.4,9.2,120.9,120.9,125.7,Tripod,Other,,20,5,True,,True,False,,Smart,RC,False,True,False,,,True,,False,False,False,False,False,False,False,False,False,False,0,Follow Yaw,-77.9,0,112.7,112.7,False,False,False,False,False,,0,0,False,False,No Card,100,100,1024,889,1024,1024,2,False,False,False,False,False,0,False,False,False,False,65,,46.104,,6577,,10044,,46.104,,True,3.843,3.843,3.843,3.843,3.843,3.843,3.843,3.843,3.843,3.843,3.843,3.843,0,,False,False,True,,,,,,,,,,,,,,,False,False,19.338,,105.4,,75.7,,105.4,,1238,125,,22,7,145196.2,19359.50,,Idle,,20,,10,,,20,Go Home,False,False,False,False,False,False,False,False,False,False,False,False,33.8027920380556,-117.4659261431046,4038.9,4043.5,1049.4,396.9,True,1,1,False,False,False,False,,True,False,False,Course Lock,196.8,67,16.4,93,NW,S,2.46,11.4,Calm,False,False,Android,7.0.2,M300 RTK,1ZN7L4R0H1D00F,1W9DL31001461C,1ZMLH8300204F0,1Z6PH74DAP0QN7,"Corona, CA",728.3,5.7,137.7,8.547347,2.013246,0,0,DJI Matrice 300 RTK,M300 RTK,1ZN7L4R0H1D00F,1W9DL31001461C,1ZMLH8300204F0,1Z6PH74DAP0QN7,DJI Pilot,Android,7.0.2,1EF72A62-B7C3-C88D-164E-CE6F8C8424AE,1ZN7L4R0H1D00F,1W9DL31001461C,,1ZMLH8300204F0,1W9DL31001461C,,,,,
2023-11-01,11:35:11.94 AM,10m 49.6s,649.6,33.7939114704236,-117.4738817119148,-29.1,137.7,21.9,1235,5704.7,2.608697,8.547335,-1.342164,2.23694,2.23694,5.816044,0,1.11847,4.8,0.3,4.8,120.8,120.8,120.5,Tripod,Other,,20,5,True,,True,False,,Smart,RC,False,True,False,,,True,,False,False,False,False,False,False,False,False,False,False,0,Follow Yaw,-77.9,0,112.7,112.7,False,False,False,False,False,,0,0,False,False,No Card,100,100,1024,1300,1024,1024,2,False,False,False,False,False,0,False,False,False,False,65,,46.104,,6577,,10044,,46.104,,True,3.843,3.843,3.843,3.843,3.843,3.843,3.843,3.843,3.843,3.843,3.843,3.843,0,,False,False,True,,,,,,,,,,,,,,,False,False,19.338,,105.4,,75.7,,105.4,,1238,125,,22,7,145196.2,19359.50,,Idle,,20,,10,,,20,Go Home,False,False,False,False,False,False,False,False,False,False,False,False,33.8027920380556,-117.4659261431046,4038.9,4043.5,1049.4,396.9,True,1,1,False,False,False,False,,True,False,False,Course Lock,196.8,67,16.4,93,NW,S,2.46,11.4,Calm,False,False,Android,7.0.2,M300 RTK,1ZN7L4R0H1D00F,1W9DL31001461C,1ZMLH8300204F0,1Z6PH74DAP0QN7,"Corona, CA",728.3,5.7,137.7,8.547347,2.013246,0,0,DJI Matrice 300 RTK,M300 RTK,1ZN7L4R0H1D00F,1W9DL31001461C,1ZMLH8300204F0,1Z6PH74DAP0QN7,DJI Pilot,Android,7.0.2,1EF72A62-B7C3-C88D-164E-CE6F8C8424AE,1ZN7L4R0H1D00F,1W9DL31001461C,,1ZMLH8300204F0,1W9DL31001461C,,,,,
2023-11-01,11:35:12.04 AM,10m 49.7s,649.7,33.793911083079,-117.4738806900351,-29.1,137.7,21.9,1235,5705.0,2.30307,8.547335,-1.11847,2.23694,2.013246,5.816044,0,1.11847,2.4,0.2,2.4,120.8,120.8,114.5,Tripod,Other,,20,5,True,,True,False,,Smart,RC,False,True,False,,,True,,False,False,False,False,False,False,False,False,False,False,0,Follow Yaw,-77.9,0,112.7,112.7,False,False,False,False,False,,0,0,False,False,No Card,100,100,1024,1162,1024,1024,2,False,False,False,False,False,0,False,False,False,False,65,,46.104,,6577,,10044,,46.104,,True,3.843,3.843,3.843,3.843,3.843,3.843,3.843,3.843,3.843,3.843,3.843,3.843,0,,False,False,True,,,,,,,,,,,,,,,False,False,19.338,,105.4,,75.7,,105.4,,1238,125,,22,7,145196.2,19359.50,,Idle,,20,,10,,,20,Go Home,False,False,False,False,False,False,False,False,False,False,False,False,33.8027920380556,-117.4659261431046,4038.8,4043.5,1049.4,396.9,True,1,1,False,False,False,False,,True,False,False,Course Lock,196.8,67,16.4,93,NW,S,2.46,11.4,Calm,False,False,Android,7.0.2,M300 RTK,1ZN7L4R0H1D00F,1W9DL31001461C,1ZMLH8300204F0,1Z6PH74DAP0QN7,"Corona, CA",728.3,5.7,137.7,8.547347,2.013246,0,0,DJI Matrice 300 RTK,M300 RTK,1ZN7L4R0H1D00F,1W9DL31001461C,1ZMLH8300204F0,1Z6PH74DAP0QN7,DJI Pilot,Android,7.0.2,1EF72A62-B7C3-C88D-164E-CE6F8C8424AE,1ZN7L4R0H1D00F,1W9DL31001461C,,1ZMLH8300204F0,1W9DL31001461C,,,,,
2023-11-01,11:35:12.14 AM,10m 49.8s,649.8,33.7939105814912,-117.4738796381377,-29.1,137.7,21.9,1235,5705.4,2.30307,8.547335,-1.11847,2.23694,2.013246,5.816044,0,1.11847,1.3,0,1.3,120.7,120.7,119.8,Tripod,Other,,20,5,True,,True,False,,Smart,RC,False,True,False,,,True,,False,False,False,False,False,False,False,False,False,False,0,Follow Yaw,-77.9,0,112.7,112.7,False,False,False,False,False,,0,0,False,False,No Card,100,100,1024,631,1024,1024,2,False,False,False,False,False,0,False,False,False,False,65,,46.104,,6577,,10044,,46.104,,True,3.843,3.843,3.843,3.843,3.843,3.843,3.843,3.843,3.843,3.843,3.843,3.843,0,,False,False,True,,,,,,,,,,,,,,,False,False,19.338,,105.4,,75.7,,105.4,,1238,125,,22,7,145196.2,19359.50,,Idle,,20,,10,,,20,Go Home,False,False,False,False,False,False,False,False,False,False,False,False,33.8027920380556,-117.4659261431046,4038.7,4043.5,1049.4,396.9,True,1,1,False,False,False,False,,True,False,False,Course Lock,196.8,67,16.4,93,NW,S,2.46,11.4,Calm,False,False,Android,7.0.2,M300 RTK,1ZN7L4R0H1D00F,1W9DL31001461C,1ZMLH8300204F0,1Z6PH74DAP0QN7,"Corona, CA",728.3,5.7,137.7,8.547347,2.013246,0,0,DJI Matrice 300 RTK,M300 RTK,1ZN7L4R0H1D00F,1W9DL31001461C,1ZMLH8300204F0,1Z6PH74DAP0QN7,DJI Pilot,Android,7.0.2,1EF72A62-B7C3-C88D-164E-CE6F8C8424AE,1ZN7L4R0H1D00F,1W9DL31001461C,,1ZMLH8300204F0,1W9DL31001461C,,,,,
2023-11-01,11:35:12.24 AM,10m 49.9s,649.9,33.7939098451117,-117.4738785859517,-29.1,137.7,21.9,1235,5705.8,2.30307,8.547335,-1.11847,2.23694,2.013246,5.816044,0,1.11847,0.4,0,0.4,120.8,120.8,130.1,Tripod,Other,,20,5,True,,True,False,,Smart,RC,False,True,False,,,True,,False,False,False,False,False,False,False,False,False,False,0,Follow Yaw,-77.9,0,112.7,112.7,False,False,False,False,False,,0,0,False,False,No Card,100,100,1024,763,1024,1024,2,False,False,False,False,False,0,False,False,False,False,65,,46.104,,6577,,10044,,46.104,,True,3.843,3.843,3.843,3.843,3.843,3.843,3.843,3.843,3.843,3.843,3.843,3.843,0,,False,False,True,,,,,,,,,,,,,,,False,False,19.338,,105.4,,75.7,,105.4,,1238,125,,22,7,145196.2,19359.50,,Idle,,20,,10,,,20,Go Home,False,False,False,False,False,False,False,False,False,False,False,False,33.8027920380556,-117.4659261431046,4038.8,4043.5,1049.4,396.9,True,1,1,False,False,False,False,,True,False,False,Course Lock,196.8,67,16.4,93,NW,S,2.46,11.4,Calm,False,False,Android,7.0.2,M300 RTK,1ZN7L4R0H1D00F,1W9DL31001461C,1ZMLH8300204F0,1Z6PH74DAP0QN7,"Corona, CA",728.3,5.7,137.7,8.547347,2.013246,0,0,DJI Matrice 300 RTK,M300 RTK,1ZN7L4R0H1D00F,1W9DL31001461C,1ZMLH8300204F0,1Z6PH74DAP0QN7,DJI Pilot,Android,7.0.2,1EF72A62-B7C3-C88D-164E-CE6F8C8424AE,1ZN7L4R0H1D00F,1W9DL31001461C,,1ZMLH8300204F0,1W9DL31001461C,,,,,
2023-11-01,11:35:12.34 AM,10m 50.0s,650.0,33.7939093741577,-117.4738776070781,-29.1,137.7,21.9,1235,5706.1,2.110324,8.547335,-1.11847,2.23694,1.789552,5.816044,0,1.11847,0.9,0.1,0.9,120.8,120.8,120.0,Tripod,Other,,19,5,True,,True,False,,Smart,RC,False,True,False,,,True,,False,False,False,False,False,False,False,False,False,False,0,Follow Yaw,-77.9,0,112.7,112.7,False,False,False,False,False,,0,0,False,False,No Card,100,100,1024,1000,1024,1024,2,False,False,False,False,False,0,False,False,False,False,65,,46.104,,6527,,10044,,46.104,,True,3.843,3.843,3.843,3.843,3.843,3.843,3.843,3.843,3.843,3.843,3.843,3.843,0,,False,False,True,,,,,,,,,,,,,,,False,False,19.662,,105.4,,75.7,,105.4,,1238,125,,22,7,145196.2,19359.50,,Idle,,20,,10,,,20,Go Home,False,False,False,False,False,False,False,False,False,False,False,False,33.8027920380556,-117.4659261431046,4038.7,4043.5,1049.4,396.9,True,1,1,False,False,False,False,,True,False,False,Course Lock,196.8,67,16.4,93,NW,S,2.46,11.4,Calm,False,False,Android,7.0.2,M300 RTK,1ZN7L4R0H1D00F,1W9DL31001461C,1ZMLH8300204F0,1Z6PH74DAP0QN7,"Corona, CA",728.3,5.7,137.7,8.547347,2.013246,0,0,DJI Matrice 300 RTK,M300 RTK,1ZN7L4R0H1D00F,1W9DL31001461C,1ZMLH8300204F0,1Z6PH74DAP0QN7,DJI Pilot,Android,7.0.2,1EF72A62-B7C3-C88D-164E-CE6F8C8424AE,1ZN7L4R0H1D00F,1W9DL31001461C,,1ZMLH8300204F0,1W9DL31001461C,,,,,
2023-11-01,11:35:12.44 AM,10m 50.1s,650.1,33.7939091175728,-117.4738764146171,-29.1,137.7,21.9,1235,5706.5,2.000779,8.547335,-0.894776,2.23694,1.789552,5.816044,0,1.11847,2.8,0.4,2.8,120.8,120.8,104.5,Tripod,Other,,19,5,True,,True,False,,Smart,RC,False,True,False,,,True,,False,False,False,False,False,False,False,False,False,False,0,Follow Yaw,-77.9,0,112.7,112.7,False,False,False,False,False,,0,0,False,False,No Card,100,100,1024,1024,1024,1024,2,False,False,False,False,False,0,False,False,False,False,65,,46.104,,6527,,10044,,46.104,,True,3.843,3.843,3.843,3.843,3.843,3.843,3.843,3.843,3.843,3.843,3.843,3.843,0,,False,False,True,,,,,,,,,,,,,,,False,False,19.662,,105.4,,75.7,,105.4,,1238,125,,22,7,145196.2,19359.50,,Idle,,20,,10,,,20,Go Home,False,False,False,False,False,False,False,False,False,False,False,False,33.8027920380556,-117.4659261431046,4038.6,4043.5,1049.4,396.9,True,1,1,False,False,False,False,,True,False,False,Course Lock,196.8,67,16.4,93,NW,S,2.46,11.4,Calm,False,False,Android,7.0.2,M300 RTK,1ZN7L4R0H1D00F,1W9DL31001461C,1ZMLH8300204F0,1Z6PH74DAP0QN7,"Corona, CA",728.3,5.7,137.7,8.547347,2.013246,0,0,DJI Matrice 300 RTK,M300 RTK,1ZN7L4R0H1D00F,1W9DL31001461C,1ZMLH8300204F0,1Z6PH74DAP0QN7,DJI Pilot,Android,7.0.2,1EF72A62-B7C3-C88D-164E-CE6F8C8424AE,1ZN7L4R0H1D00F,1W9DL31001461C,,1ZMLH8300204F0,1W9DL31001461C,,,,,
2023-11-01,11:35:12.51 AM,10m 50.2s,650.2,33.7939086985664,-117.4738754750386,-29.1,137.7,21.9,1235,5706.8,1.803478,8.547335,-0.894776,2.23694,1.565858,5.816044,0,1.11847,4.3,0.6,4.3,120.8,120.8,118.2,Tripod,Other,,19,5,True,,True,False,,Smart,RC,False,True,False,,,True,,False,False,False,False,False,False,False,False,False,False,0,Follow Yaw,-77.9,0,112.7,112.7,False,False,False,False,False,,0,0,False,False,No Card,100,100,1024,1041,1024,1024,2,False,False,False,False,False,0,False,False,False,False,65,,46.104,,6527,,10044,,46.104,,True,3.843,3.843,3.843,3.843,3.843,3.843,3.843,3.843,3.843,3.843,3.843,3.843,0,,False,False,True,,,,,,,,,,,,,,,False,False,19.662,,105.4,,75.7,,105.4,,1238,125,,22,7,145196.2,19359.50,,Idle,,20,,10,,,20,Go Home,False,False,False,False,False,False,False,False,False,False,False,False,33.8027920380556,-117.4659261431046,4038.5,4043.5,1049.4,396.9,True,1,1,False,False,False,False,,True,False,False,Course Lock,196.8,67,16.4,93,NW,S,2.46,11.4,Calm,False,False,Android,7.0.2,M300 RTK,1ZN7L4R0H1D00F,1W9DL31001461C,1ZMLH8300204F0,1Z6PH74DAP0QN7,"Corona, CA",728.3,5.7,137.7,8.547347,2.013246,0,0,DJI Matrice 300 RTK,M300 RTK,1ZN7L4R0H1D00F,1W9DL31001461C,1ZMLH8300204F0,1Z6PH74DAP0QN7,DJI Pilot,Android,7.0.2,1EF72A62-B7C3-C88D-164E-CE6F8C8424AE,1ZN7L4R0H1D00F,1W9DL31001461C,,1ZMLH8300204F0,1W9DL31001461C,,,,,
2023-11-01,11:35:12.64 AM,10m 50.3s,650.3,33.7939081259791,-117.4738745809403,-29.1,137.7,21.9,1235,5707.2,1.500584,8.547335,-0.671082,2.23694,1.342164,5.816044,0,1.11847,4.4,0.6,4.4,120.8,120.8,127.6,Tripod,Other,,19,5,True,,True,False,,Smart,RC,False,True,False,,,True,,False,False,False,False,False,False,False,False,False,False,0,Follow Yaw,-77.9,0,112.7,112.7,False,False,False,False,False,,0,0,False,False,No Card,100,100,1024,1111,1024,1024,2,False,False,False,False,False,0,False,False,False,False,65,,46.104,,6527,,10044,,46.104,,True,3.842,3.842,3.842,3.842,3.842,3.842,3.842,3.842,3.842,3.842,3.842,3.842,0,,False,False,True,,,,,,,,,,,,,,,False,False,19.662,,105.4,,75.7,,105.4,,1235,125,,22,7,145544.4,19405.92,,Idle,,20,,10,,,20,Go Home,False,False,False,False,False,False,False,False,False,False,False,False,33.8027920380556,-117.4659261431046,4038.5,4043.5,1049.4,396.9,True,1,1,False,False,False,False,,True,False,False,Course Lock,196.8,67,16.4,93,NW,S,2.46,11.4,Calm,False,False,Android,7.0.2,M300 RTK,1ZN7L4R0H1D00F,1W9DL31001461C,1ZMLH8300204F0,1Z6PH74DAP0QN7,"Corona, CA",728.3,5.7,137.7,8.547347,2.013246,0,0,DJI Matrice 300 RTK,M300 RTK,1ZN7L4R0H1D00F,1W9DL31001461C,1ZMLH8300204F0,1Z6PH74DAP0QN7,DJI Pilot,Android,7.0.2,1EF72A62-B7C3-C88D-164E-CE6F8C8424AE,1ZN7L4R0H1D00F,1W9DL31001461C,,1ZMLH8300204F0,1W9DL31001461C,,,,,
2023-11-01,11:35:12.72 AM,10m 50.4s,650.4,33.7939077598796,-117.473873784688,-29.1,137.7,21.9,1235,5707.5,1.304348,8.547335,-0.671082,2.23694,1.11847,5.816044,0,1.11847,5.4,0.6,5.4,120.8,120.8,118.9,Tripod,Other,,19,5,True,,True,False,,Smart,RC,False,True,False,,,True,,False,False,False,False,False,False,False,False,False,False,0,Follow Yaw,-77.9,0,112.7,112.7,False,False,False,False,False,,0,0,False,False,No Card,100,100,1024,1150,1024,1024,2,False,False,False,False,False,0,False,False,False,False,65,,46.104,,6527,,10044,,46.104,,True,3.842,3.842,3.842,3.842,3.842,3.842,3.842,3.842,3.842,3.842,3.842,3.842,0,,False,False,True,,,,,,,,,,,,,,,False,False,19.662,,105.4,,75.7,,105.4,,1235,125,,22,7,145544.4,19405.92,,Idle,,20,,10,,,20,Go Home,False,False,False,False,False,False,False,False,False,False,False,False,33.8027920380556,-117.4659261431046,4038.5,4043.5,1049.4,396.9,True,1,1,False,False,False,False,,True,False,False,Course Lock,196.8,67,16.4,93,NW,S,2.46,11.4,Calm,False,False,Android,7.0.2,M300 RTK,1ZN7L4R0H1D00F,1W9DL31001461C,1ZMLH8300204F0,1Z6PH74DAP0QN7,"Corona, CA",728.3,5.7,137.7,8.547347,2.013246,0,0,DJI Matrice 300 RTK,M300 RTK,1ZN7L4R0H1D00F,1W9DL31001461C,1ZMLH8300204F0,1Z6PH74DAP0QN7,DJI Pilot,Android,7.0.2,1EF72A62-B7C3-C88D-164E-CE6F8C8424AE,1ZN7L4R0H1D00F,1W9DL31001461C,,1ZMLH8300204F0,1W9DL31001461C,,,,,
2023-11-01,11:35:12.82 AM,10m 50.5s,650.5,33.7939073327178,-117.4738729268336,-29.1,137.7,21.9,1235,5707.8,1.204629,8.547335,-0.447388,2.23694,1.11847,5.816044,0,1.11847,4.7,0.6,4.7,120.8,120.8,120.9,Tripod,Other,,19,5,True,,True,False,,Smart,RC,False,True,False,,,True,,False,False,False,False,False,False,False,False,False,False,0,Follow Yaw,-77.9,0,112.7,112.7,False,False,False,False,False,,0,0,False,False,No Card,100,100,1024,1185,1024,1024,2,False,False,False,False,False,0,False,False,False,False,65,,46.104,,6527,,10044,,46.104,,True,3.842,3.842,3.842,3.842,3.842,3.842,3.842,3.842,3.842,3.842,3.842,3.842,0,,False,False,True,,,,,,,,,,,,,,,False,False,19.662,,105.4,,75.7,,105.4,,1235,125,,22,7,145544.4,19405.92,,Idle,,20,,10,,,20,Go Home,False,False,False,False,False,False,False,False,False,False,False,False,33.8027920380556,-117.4659261431046,4038.5,4043.5,1049.4,396.9,True,1,1,False,False,False,False,,True,False,False,Course Lock,196.8,67,16.4,93,NW,S,2.46,11.4,Calm,False,False,Android,7.0.2,M300 RTK,1ZN7L4R0H1D00F,1W9DL31001461C,1ZMLH8300204F0,1Z6PH74DAP0QN7,"Corona, CA",728.3,5.7,137.7,8.547347,2.013246,0,0,DJI Matrice 300 RTK,M300 RTK,1ZN7L4R0H1D00F,1W9DL31001461C,1ZMLH8300204F0,1Z6PH74DAP0QN7,DJI Pilot,Android,7.0.2,1EF72A62-B7C3-C88D-164E-CE6F8C8424AE,1ZN7L4R0H1D00F,1W9DL31001461C,,1ZMLH8300204F0,1W9DL31001461C,,,,,
2023-11-01,11:35:12.92 AM,10m 50.6s,650.6,33.7939070333687,-117.4738722721346,-29.1,137.7,21.9,1235,5708.0,1.000389,8.547335,-0.447388,2.23694,0.894776,5.816044,0,1.11847,2.8,0.5,2.8,120.8,120.8,118.8,Tripod,Other,,19,5,True,,True,False,,Smart,RC,False,True,False,,,True,,False,False,False,False,False,False,False,False,False,False,0,Follow Yaw,-77.9,0,112.7,112.7,False,False,False,False,False,,0,0,False,False,No Card,100,100,1024,1188,1024,1024,2,False,False,False,False,False,0,False,False,False,False,65,,46.104,,6527,,10044,,46.104,,True,3.842,3.842,3.842,3.842,3.842,3.842,3.842,3.842,3.842,3.842,3.842,3.842,0,,False,False,True,,,,,,,,,,,,,,,False,False,19.662,,105.4,,75.7,,105.4,,1235,125,,22,7,145544.4,19405.92,,Idle,,20,,10,,,20,Go Home,False,False,False,False,False,False,False,False,False,False,False,False,33.8027920380556,-117.4659261431046,4038.4,4043.5,1049.4,396.9,True,1,1,False,False,False,False,,True,False,False,Course Lock,196.8,67,16.4,93,NW,S,2.46,11.4,Calm,False,False,Android,7.0.2,M300 RTK,1ZN7L4R0H1D00F,1W9DL31001461C,1ZMLH8300204F0,1Z6PH74DAP0QN7,"Corona, CA",728.3,5.7,137.7,8.547347,2.013246,0,0,DJI Matrice 300 RTK,M300 RTK,1ZN7L4R0H1D00F,1W9DL31001461C,1ZMLH8300204F0,1Z6PH74DAP0QN7,DJI Pilot,Android,7.0.2,1EF72A62-B7C3-C88D-164E-CE6F8C8424AE,1ZN7L4R0H1D00F,1W9DL31001461C,,1ZMLH8300204F0,1W9DL31001461C,,,,,
2023-11-01,11:35:13.04 AM,10m 50.7s,650.7,33.7939068305816,-117.4738718615766,-29.1,137.7,21.9,1235,5708.1,1.000389,8.547335,-0.447388,2.23694,0.894776,5.816044,0,1.11847,1.1,0.5,1.2,120.7,120.7,120.7,Tripod,Other,,19,5,True,,True,False,,Smart,RC,False,True,False,,,True,,False,False,False,False,False,False,False,False,False,False,0,Follow Yaw,-77.9,0,112.7,112.7,False,False,False,False,False,,0,0,False,False,No Card,100,100,1024,1191,1024,1024,2,False,False,False,False,False,0,False,False,False,False,65,,46.056,,3240,,4986,,46.056,,True,3.842,3.842,3.842,3.842,3.842,3.842,3.842,3.842,3.842,3.842,3.842,3.842,0,,False,False,True,,,,,,,,,,,,,,,False,False,10.05,,105.2,,75.7,,105.4,,1235,125,,22,7,145544.4,19405.92,,Idle,,20,,10,,,20,Go Home,False,False,False,False,False,False,False,False,False,False,False,False,33.8027920380556,-117.4659261431046,4038.4,4043.5,1049.4,396.9,True,1,1,False,False,False,False,,True,False,False,Course Lock,196.8,67,16.4,93,NW,S,2.46,11.4,Calm,False,False,Android,7.0.2,M300 RTK,1ZN7L4R0H1D00F,1W9DL31001461C,1ZMLH8300204F0,1Z6PH74DAP0QN7,"Corona, CA",728.3,5.7,137.7,8.547347,2.013246,0,0,DJI Matrice 300 RTK,M300 RTK,1ZN7L4R0H1D00F,1W9DL31001461C,1ZMLH8300204F0,1Z6PH74DAP0QN7,DJI Pilot,Android,7.0.2,1EF72A62-B7C3-C88D-164E-CE6F8C8424AE,1ZN7L4R0H1D00F,1W9DL31001461C,,1ZMLH8300204F0,1W9DL31001461C,,,,,
2023-11-01,11:35:13.13 AM,10m 50.8s,650.8,33.7939065665952,-117.4738712902097,-29.1,137.7,21.9,1235,5708.3,1.000389,8.547335,-0.447388,2.23694,0.894776,5.816044,0,1.11847,0,0.6,0.6,120.7,120.7,119.0,Tripod,Other,,20,5,True,,True,False,,Smart,RC,False,True,False,,,True,,False,False,False,False,False,False,False,False,False,False,0,Follow Yaw,-77.9,0,112.7,112.7,False,False,False,False,False,,0,0,False,False,No Card,100,100,1024,1189,1024,1024,2,False,False,False,False,False,0,False,False,False,False,65,,46.056,,3240,,4986,,46.056,,True,3.842,3.842,3.842,3.842,3.842,3.842,3.842,3.842,3.842,3.842,3.842,3.842,0,,False,False,True,,,,,,,,,,,,,,,False,False,10.05,,105.2,,75.7,,105.4,,1235,125,,22,7,145544.4,19405.92,,Idle,,20,,10,,,20,Go Home,False,False,False,False,False,False,False,False,False,False,False,False,33.8027920380556,-117.4659261431046,4038.4,4043.5,1049.4,396.9,True,1,1,False,False,False,False,,True,False,False,Course Lock,196.8,67,16.4,93,NW,S,2.46,11.4,Calm,False,False,Android,7.0.2,M300 RTK,1ZN7L4R0H1D00F,1W9DL31001461C,1ZMLH8300204F0,1Z6PH74DAP0QN7,"Corona, CA",728.3,5.7,137.7,8.547347,2.013246,0,0,DJI Matrice 300 RTK,M300 RTK,1ZN7L4R0H1D00F,1W9DL31001461C,1ZMLH8300204F0,1Z6PH74DAP0QN7,DJI Pilot,Android,7.0.2,1EF72A62-B7C3-C88D-164E-CE6F8C8424AE,1ZN7L4R0H1D00F,1W9DL31001461C,,1ZMLH8300204F0,1W9DL31001461C,,,,,
2023-11-01,11:35:13.23 AM,10m 50.9s,650.9,33.7939061932313,-117.4738709932078,-29.1,137.7,21.9,1235,5708.5,1.000389,8.547335,-0.447388,2.23694,0.894776,5.816044,0,1.11847,-0.4,0.5,0.6,120.7,120.7,146.5,Tripod,Other,,20,5,True,,True,False,,Smart,RC,False,True,False,,,True,,False,False,False,False,False,False,False,False,False,False,0,Follow Yaw,-77.9,0,112.7,112.7,False,False,False,False,False,,0,0,False,False,No Card,100,100,1024,1185,1024,1024,2,False,False,False,False,False,0,False,False,False,False,65,,46.056,,3240,,4986,,46.056,,True,3.842,3.842,3.842,3.842,3.842,3.842,3.842,3.842,3.842,3.842,3.842,3.842,0,,False,False,True,,,,,,,,,,,,,,,False,False,10.05,,105.2,,75.7,,105.4,,1235,125,,22,7,145544.4,19405.92,,Idle,,20,,10,,,20,Go Home,False,False,False,False,False,False,False,False,False,False,False,False,33.8027920380556,-117.4659261431046,4038.5,4043.5,1049.4,396.9,True,1,1,False,False,False,False,,True,False,False,Course Lock,196.8,67,16.4,93,NW,S,2.46,11.4,Calm,False,False,Android,7.0.2,M300 RTK,1ZN7L4R0H1D00F,1W9DL31001461C,1ZMLH8300204F0,1Z6PH74DAP0QN7,"Corona, CA",728.3,5.7,137.7,8.547347,2.013246,0,0,DJI Matrice 300 RTK,M300 RTK,1ZN7L4R0H1D00F,1W9DL31001461C,1ZMLH8300204F0,1Z6PH74DAP0QN7,DJI Pilot,Android,7.0.2,1EF72A62-B7C3-C88D-164E-CE6F8C8424AE,1ZN7L4R0H1D00F,1W9DL31001461C,,1ZMLH8300204F0,1W9DL31001461C,,,,,
2023-11-01,11:35:13.34 AM,10m 51.0s,651.0,33.7939059175259,-117.4738704435706,-29.1,137.7,21.9,1235,5708.7,1.000389,8.547335,-0.447388,2.23694,0.894776,5.816044,0,1.11847,-0.3,0.4,0.5,120.7,120.7,121.1,Tripod,Other,,20,5,True,,True,False,,Smart,RC,False,True,False,,,True,,False,False,False,False,False,False,False,False,False,False,0,Follow Yaw,-77.9,0,112.7,112.7,False,False,False,False,False,,0,0,False,False,No Card,100,100,1024,1184,1024,1024,2,False,False,False,False,False,0,False,False,False,False,65,,46.104,,6527,,10044,,46.104,,True,3.842,3.842,3.842,3.842,3.842,3.842,3.842,3.842,3.842,3.842,3.842,3.842,0,,False,False,True,,,,,,,,,,,,,,,False,False,20.04,,105.4,,75.7,,105.4,,1235,125,,22,7,145544.4,19405.92,,Idle,,20,,10,,,20,Go Home,False,False,False,False,False,False,False,False,False,False,False,False,33.8027920380556,-117.4659261431046,4038.4,4043.5,1049.4,396.9,True,1,1,False,False,False,False,,True,False,False,Course Lock,196.8,67,16.4,93,NW,S,2.46,11.4,Calm,False,False,Android,7.0.2,M300 RTK,1ZN7L4R0H1D00F,1W9DL31001461C,1ZMLH8300204F0,1Z6PH74DAP0QN7,"Corona, CA",728.3,5.7,137.7,8.547347,2.013246,0,0,DJI Matrice 300 RTK,M300 RTK,1ZN7L4R0H1D00F,1W9DL31001461C,1ZMLH8300204F0,1Z6PH74DAP0QN7,DJI Pilot,Android,7.0.2,1EF72A62-B7C3-C88D-164E-CE6F8C8424AE,1ZN7L4R0H1D00F,1W9DL31001461C,,1ZMLH8300204F0,1W9DL31001461C,,,,,
2023-11-01,11:35:13.44 AM,10m 51.1s,651.1,33.793905778748,-117.4738700269928,-29.1,137.7,21.9,1235,5708.8,1.000389,8.547335,-0.447388,2.23694,0.894776,5.816044,0,1.11847,0,0.4,0.4,120.7,120.7,111.8,Tripod,Other,,20,5,True,,True,False,,Smart,RC,False,True,False,,,True,,False,False,False,False,False,False,False,False,False,False,0,Follow Yaw,-77.9,0,112.7,112.7,False,False,False,False,False,,0,0,False,False,No Card,100,100,1024,1181,1024,1024,2,False,False,False,False,False,0,False,False,False,False,65,,46.104,,6527,,10044,,46.104,,True,3.842,3.842,3.842,3.842,3.842,3.842,3.842,3.842,3.842,3.842,3.842,3.842,0,,False,False,True,,,,,,,,,,,,,,,False,False,20.04,,105.4,,75.7,,105.4,,1235,125,,22,7,145544.4,19405.92,,Idle,,20,,10,,,20,Go Home,False,False,False,False,False,False,False,False,False,False,False,False,33.8027920380556,-117.4659261431046,4038.4,4043.5,1049.4,396.9,True,1,1,False,False,False,False,,True,False,False,Course Lock,196.8,67,16.4,93,NW,S,2.46,11.4,Calm,False,False,Android,7.0.2,M300 RTK,1ZN7L4R0H1D00F,1W9DL31001461C,1ZMLH8300204F0,1Z6PH74DAP0QN7,"Corona, CA",728.3,5.7,137.7,8.547347,2.013246,0,0,DJI Matrice 300 RTK,M300 RTK,1ZN7L4R0H1D00F,1W9DL31001461C,1ZMLH8300204F0,1Z6PH74DAP0QN7,DJI Pilot,Android,7.0.2,1EF72A62-B7C3-C88D-164E-CE6F8C8424AE,1ZN7L4R0H1D00F,1W9DL31001461C,,1ZMLH8300204F0,1W9DL31001461C,,,,,
2023-11-01,11:35:13.54 AM,10m 51.2s,651.2,33.7939055150357,-117.4738694806543,-29.1,137.7,21.9,1235,5709.0,1.000389,8.547335,-0.447388,2.23694,0.894776,5.816044,0,1.11847,0.1,0.6,0.6,120.8,120.8,120.1,Tripod,Other,,20,5,True,,True,False,,Smart,RC,False,True,False,,,True,,False,False,False,False,False,False,False,False,False,False,0,Follow Yaw,-77.9,0,112.7,112.7,False,False,False,False,False,,0,0,False,False,No Card,100,100,1024,1184,1024,1024,2,False,False,False,False,False,0,False,False,False,False,65,,46.104,,6527,,10044,,46.104,,True,3.842,3.842,3.842,3.842,3.842,3.842,3.842,3.842,3.842,3.842,3.842,3.842,0,,False,False,True,,,,,,,,,,,,,,,False,False,20.04,,105.4,,75.7,,105.4,,1235,125,,22,7,145544.4,19405.92,,Idle,,20,,10,,,20,Go Home,False,False,False,False,False,False,False,False,False,False,False,False,33.8027920380556,-117.4659261431046,4038.4,4043.5,1049.4,396.9,True,1,1,False,False,False,False,,True,False,False,Course Lock,196.8,67,16.4,93,NW,S,2.46,11.4,Calm,False,False,Android,7.0.2,M300 RTK,1ZN7L4R0H1D00F,1W9DL31001461C,1ZMLH8300204F0,1Z6PH74DAP0QN7,"Corona, CA",728.3,5.7,137.7,8.547347,2.013246,0,0,DJI Matrice 300 RTK,M300 RTK,1ZN7L4R0H1D00F,1W9DL31001461C,1ZMLH8300204F0,1Z6PH74DAP0QN7,DJI Pilot,Android,7.0.2,1EF72A62-B7C3-C88D-164E-CE6F8C8424AE,1ZN7L4R0H1D00F,1W9DL31001461C,,1ZMLH8300204F0,1W9DL31001461C,,,,,
2023-11-01,11:35:13.64 AM,10m 51.3s,651.3,33.7939051287192,-117.47386904614,-29.1,137.7,21.9,1235,5709.2,1.000389,8.547335,-0.447388,2.23694,0.894776,5.816044,0,1.11847,0.2,0.6,0.6,120.8,120.8,136.9,Tripod,Other,,20,5,True,,True,False,,Smart,RC,False,True,False,,,True,,False,False,False,False,False,False,False,False,False,False,0,Follow Yaw,-77.9,0,112.7,112.7,False,False,False,False,False,,0,0,False,False,No Card,100,100,1024,1185,1024,1024,2,False,False,False,False,False,0,False,False,False,False,65,,46.104,,6527,,10044,,46.104,,True,3.843,3.843,3.843,3.843,3.843,3.843,3.843,3.843,3.843,3.843,3.843,3.843,0,,False,False,True,,,,,,,,,,,,,,,False,False,20.04,,105.4,,75.7,,105.4,,1232,125,,22,7,145930.1,19457.34,,Idle,,20,,10,,,20,Go Home,False,False,False,False,False,False,False,False,False,False,False,False,33.8027920380556,-117.4659261431046,4038.4,4043.5,1049.4,396.9,True,1,1,False,False,False,False,,True,False,False,Course Lock,196.8,67,16.4,93,NW,S,2.46,11.4,Calm,False,False,Android,7.0.2,M300 RTK,1ZN7L4R0H1D00F,1W9DL31001461C,1ZMLH8300204F0,1Z6PH74DAP0QN7,"Corona, CA",728.3,5.7,137.7,8.547347,2.013246,0,0,DJI Matrice 300 RTK,M300 RTK,1ZN7L4R0H1D00F,1W9DL31001461C,1ZMLH8300204F0,1Z6PH74DAP0QN7,DJI Pilot,Android,7.0.2,1EF72A62-B7C3-C88D-164E-CE6F8C8424AE,1ZN7L4R0H1D00F,1W9DL31001461C,,1ZMLH8300204F0,1W9DL31001461C,,,,,
2023-11-01,11:35:13.75 AM,10m 51.4s,651.4,33.7939048483535,-117.4738685134496,-29.1,137.7,21.9,1235,5709.4,1.11847,8.547335,-0.671082,2.23694,0.894776,5.816044,0,1.11847,0.2,0.6,0.6,120.8,120.8,122.3,Tripod,Other,,19,5,True,,True,False,,Smart,RC,False,True,False,,,True,,False,False,False,False,False,False,False,False,False,False,0,Follow Yaw,-77.9,0,112.7,112.7,False,False,False,False,False,,0,0,False,False,No Card,100,100,1024,1192,1024,1024,2,False,False,False,False,False,0,False,False,False,False,65,,46.104,,6527,,10044,,46.104,,True,3.843,3.843,3.843,3.843,3.843,3.843,3.843,3.843,3.843,3.843,3.843,3.843,0,,False,False,True,,,,,,,,,,,,,,,False,False,20.04,,105.4,,75.7,,105.4,,1232,125,,22,7,145930.1,19457.34,,Idle,,20,,10,,,20,Go Home,False,False,False,False,False,False,False,False,False,False,False,False,33.8027920380556,-117.4659261431046,4038.4,4043.5,1049.4,396.9,True,1,1,False,False,False,False,,True,False,False,Course Lock,196.8,67,16.4,93,NW,S,2.46,11.4,Calm,False,False,Android,7.0.2,M300 RTK,1ZN7L4R0H1D00F,1W9DL31001461C,1ZMLH8300204F0,1Z6PH74DAP0QN7,"Corona, CA",728.3,5.7,137.7,8.547347,2.013246,0,0,DJI Matrice 300 RTK,M300 RTK,1ZN7L4R0H1D00F,1W9DL31001461C,1ZMLH8300204F0,1Z6PH74DAP0QN7,DJI Pilot,Android,7.0.2,1EF72A62-B7C3-C88D-164E-CE6F8C8424AE,1ZN7L4R0H1D00F,1W9DL31001461C,,1ZMLH8300204F0,1W9DL31001461C,,,,,
2023-11-01,11:35:13.85 AM,10m 51.5s,651.5,33.7939044776623,-117.473868087182,-29.1,137.7,21.9,1235,5709.6,1.11847,8.547335,-0.671082,2.23694,0.894776,5.816044,0,1.11847,0.2,0.5,0.5,120.8,120.8,136.2,Tripod,Other,,19,5,True,,True,False,,Smart,RC,False,True,False,,,True,,False,False,False,False,False,False,False,False,False,False,0,Follow Yaw,-77.9,0,112.7,112.7,False,False,False,False,False,,0,0,False,False,No Card,100,100,1024,1193,1024,1024,2,False,False,False,False,False,0,False,False,False,False,65,,46.104,,6527,,10044,,46.104,,True,3.843,3.843,3.843,3.843,3.843,3.843,3.843,3.843,3.843,3.843,3.843,3.843,0,,False,False,True,,,,,,,,,,,,,,,False,False,20.04,,105.4,,75.7,,105.4,,1232,125,,22,7,145930.1,19457.34,,Idle,,20,,10,,,20,Go Home,False,False,False,False,False,False,False,False,False,False,False,False,33.8027920380556,-117.4659261431046,4038.4,4043.5,1049.4,396.9,True,1,1,False,False,False,False,,True,False,False,Course Lock,196.8,67,16.4,93,NW,S,2.46,11.4,Calm,False,False,Android,7.0.2,M300 RTK,1ZN7L4R0H1D00F,1W9DL31001461C,1ZMLH8300204F0,1Z6PH74DAP0QN7,"Corona, CA",728.3,5.7,137.7,8.547347,2.013246,0,0,DJI Matrice 300 RTK,M300 RTK,1ZN7L4R0H1D00F,1W9DL31001461C,1ZMLH8300204F0,1Z6PH74DAP0QN7,DJI Pilot,Android,7.0.2,1EF72A62-B7C3-C88D-164E-CE6F8C8424AE,1ZN7L4R0H1D00F,1W9DL31001461C,,1ZMLH8300204F0,1W9DL31001461C,,,,,
2023-11-01,11:35:13.95 AM,10m 51.6s,651.6,33.7939041842756,-117.4738675713147,-29.1,137.7,21.9,1235,5709.8,1.11847,8.547335,-0.671082,2.23694,0.894776,5.816044,0,1.11847,0.1,0.3,0.3,120.8,120.8,124.3,Tripod,Other,,20,5,True,,True,False,,Smart,RC,False,True,False,,,True,,False,False,False,False,False,False,False,False,False,False,0,Follow Yaw,-77.9,0,112.7,112.7,False,False,False,False,False,,0,0,False,False,No Card,100,100,1024,1187,1024,1024,2,False,False,False,False,False,0,False,False,False,False,65,,46.104,,6527,,10044,,46.104,,True,3.843,3.843,3.843,3.843,3.843,3.843,3.843,3.843,3.843,3.843,3.843,3.843,0,,False,False,True,,,,,,,,,,,,,,,False,False,20.04,,105.4,,75.7,,105.4,,1232,125,,22,7,145930.1,19457.34,,Idle,,20,,10,,,20,Go Home,False,False,False,False,False,False,False,False,False,False,False,False,33.8027920380556,-117.4659261431046,4038.4,4043.5,1049.4,396.9,True,1,1,False,False,False,False,,True,False,False,Course Lock,196.8,67,16.4,93,NW,S,2.46,11.4,Calm,False,False,Android,7.0.2,M300 RTK,1ZN7L4R0H1D00F,1W9DL31001461C,1ZMLH8300204F0,1Z6PH74DAP0QN7,"Corona, CA",728.3,5.7,137.7,8.547347,2.013246,0,0,DJI Matrice 300 RTK,M300 RTK,1ZN7L4R0H1D00F,1W9DL31001461C,1ZMLH8300204F0,1Z6PH74DAP0QN7,DJI Pilot,Android,7.0.2,1EF72A62-B7C3-C88D-164E-CE6F8C8424AE,1ZN7L4R0H1D00F,1W9DL31001461C,,1ZMLH8300204F0,1W9DL31001461C,,,,,
2023-11-01,11:35:14.06 AM,10m 51.7s,651.7,33.7939038058402,-117.4738669478704,-29.1,137.7,21.9,1235,5710.0,1.11847,8.547335,-0.671082,2.23694,0.894776,5.816044,0,1.11847,0.1,0.2,0.2,120.7,120.7,126.1,Tripod,Other,,20,5,True,,True,False,,Smart,RC,False,True,False,,,True,,False,False,False,False,False,False,False,False,False,False,0,Follow Yaw,-77.9,0,112.7,112.7,False,False,False,False,False,,0,0,False,False,No Card,100,100,1024,1188,1024,1024,2,False,False,False,False,False,0,False,False,False,False,65,,46.104,,6527,,10044,,46.104,,True,3.843,3.843,3.843,3.843,3.843,3.843,3.843,3.843,3.843,3.843,3.843,3.843,0,,False,False,True,,,,,,,,,,,,,,,False,False,20.04,,105.4,,75.7,,105.4,,1232,125,,22,7,145930.1,19457.34,,Idle,,20,,10,,,20,Go Home,False,False,False,False,False,False,False,False,False,False,False,False,33.8027920380556,-117.4659261431046,4038.4,4043.5,1049.4,396.9,True,1,1,False,False,False,False,,True,False,False,Course Lock,196.8,67,16.4,93,NW,S,2.46,11.4,Calm,False,False,Android,7.0.2,M300 RTK,1ZN7L4R0H1D00F,1W9DL31001461C,1ZMLH8300204F0,1Z6PH74DAP0QN7,"Corona, CA",728.3,5.7,137.7,8.547347,2.013246,0,0,DJI Matrice 300 RTK,M300 RTK,1ZN7L4R0H1D00F,1W9DL31001461C,1ZMLH8300204F0,1Z6PH74DAP0QN7,DJI Pilot,Android,7.0.2,1EF72A62-B7C3-C88D-164E-CE6F8C8424AE,1ZN7L4R0H1D00F,1W9DL31001461C,,1ZMLH8300204F0,1W9DL31001461C,,,,,
2023-11-01,11:35:14.16 AM,10m 51.8s,651.8,33.793903507108,-117.4738664231381,-29.1,137.7,21.9,1235,5710.2,1.11847,8.547335,-0.671082,2.23694,0.894776,5.816044,0,1.11847,0.1,0.2,0.2,120.8,120.8,124.4,Tripod,Other,,20,5,True,,True,False,,Smart,RC,False,True,False,,,True,,False,False,False,False,False,False,False,False,False,False,0,Follow Yaw,-77.9,0,112.7,112.7,False,False,False,False,False,,0,0,False,False,No Card,100,100,1024,1189,1024,1024,2,False,False,False,False,False,0,False,False,False,False,65,,46.104,,6527,,10044,,46.104,,True,3.843,3.843,3.843,3.843,3.843,3.843,3.843,3.843,3.843,3.843,3.843,3.843,0,,False,False,True,,,,,,,,,,,,,,,False,False,20.04,,105.4,,75.7,,105.4,,1232,125,,22,7,145930.1,19457.34,,Idle,,20,,10,,,20,Go Home,False,False,False,False,False,False,False,False,False,False,False,False,33.8027920380556,-117.4659261431046,4038.4,4043.5,1049.4,396.9,True,1,1,False,False,False,False,,True,False,False,Course Lock,196.8,67,16.4,93,NW,S,2.46,11.4,Calm,False,False,Android,7.0.2,M300 RTK,1ZN7L4R0H1D00F,1W9DL31001461C,1ZMLH8300204F0,1Z6PH74DAP0QN7,"Corona, CA",728.3,5.7,137.7,8.547347,2.013246,0,0,DJI Matrice 300 RTK,M300 RTK,1ZN7L4R0H1D00F,1W9DL31001461C,1ZMLH8300204F0,1Z6PH74DAP0QN7,DJI Pilot,Android,7.0.2,1EF72A62-B7C3-C88D-164E-CE6F8C8424AE,1ZN7L4R0H1D00F,1W9DL31001461C,,1ZMLH8300204F0,1W9DL31001461C,,,,,
2023-11-01,11:35:14.26 AM,10m 51.9s,651.9,33.7939033581188,-117.4738661528552,-29.1,137.7,21.9,1235,5710.3,1.11847,8.547335,-0.671082,2.23694,0.894776,5.816044,0,1.11847,0,0.1,0.1,120.8,120.8,123.5,Tripod,Other,,20,5,True,,True,False,,Smart,RC,False,True,False,,,True,,False,False,False,False,False,False,False,False,False,False,0,Follow Yaw,-77.9,0,112.7,112.7,False,False,False,False,False,,0,0,False,False,No Card,100,100,1024,1186,1024,1024,2,False,False,False,False,False,0,False,False,False,False,65,,46.104,,6527,,10044,,46.104,,True,3.843,3.843,3.843,3.843,3.843,3.843,3.843,3.843,3.843,3.843,3.843,3.843,0,,False,False,True,,,,,,,,,,,,,,,False,False,20.04,,105.4,,75.7,,105.4,,1232,125,,22,7,145930.1,19457.34,,Idle,,20,,10,,,20,Go Home,False,False,False,False,False,False,False,False,False,False,False,False,33.8027920380556,-117.4659261431046,4038.4,4043.5,1049.4,396.9,True,1,1,False,False,False,False,,True,False,False,Course Lock,196.8,67,16.4,93,NW,S,2.46,11.4,Calm,False,False,Android,7.0.2,M300 RTK,1ZN7L4R0H1D00F,1W9DL31001461C,1ZMLH8300204F0,1Z6PH74DAP0QN7,"Corona, CA",728.3,5.7,137.7,8.547347,2.013246,0,0,DJI Matrice 300 RTK,M300 RTK,1ZN7L4R0H1D00F,1W9DL31001461C,1ZMLH8300204F0,1Z6PH74DAP0QN7,DJI Pilot,Android,7.0.2,1EF72A62-B7C3-C88D-164E-CE6F8C8424AE,1ZN7L4R0H1D00F,1W9DL31001461C,,1ZMLH8300204F0,1W9DL31001461C,,,,,
2023-11-01,11:35:14.36 AM,10m 52.0s,652.0,33.7939030776846,-117.4738656447398,-29.1,137.7,22.3,1235,5710.5,1.11847,8.547335,-0.671082,2.23694,0.894776,5.816044,0,1.11847,0,0.2,0.2,120.8,120.8,123.5,Tripod,Other,,19,5,True,,True,False,,Smart,RC,False,True,False,,,True,,False,False,False,False,False,False,False,False,False,False,0,Follow Yaw,-77.9,0,112.7,112.7,False,False,False,False,False,,0,0,False,False,No Card,100,100,1024,1191,1024,1024,2,False,False,False,False,False,0,False,False,False,False,65,,46.044,,3240,,4986,,46.044,,True,3.843,3.843,3.843,3.843,3.843,3.843,3.843,3.843,3.843,3.843,3.843,3.843,0,,False,False,True,,,,,,,,,,,,,,,False,False,9.704,,105.2,,75.7,,105.4,,1232,125,,22,7,145930.1,19457.34,,Idle,,20,,10,,,20,Go Home,False,False,False,False,False,False,False,False,False,False,False,False,33.8027920380556,-117.4659261431046,4038.4,4043.5,1049.4,396.9,True,1,1,False,False,False,False,,True,False,False,Course Lock,196.8,67,16.4,93,NW,S,2.46,11.4,Calm,False,False,Android,7.0.2,M300 RTK,1ZN7L4R0H1D00F,1W9DL31001461C,1ZMLH8300204F0,1Z6PH74DAP0QN7,"Corona, CA",728.3,5.7,137.7,8.547347,2.013246,0,0,DJI Matrice 300 RTK,M300 RTK,1ZN7L4R0H1D00F,1W9DL31001461C,1ZMLH8300204F0,1Z6PH74DAP0QN7,DJI Pilot,Android,7.0.2,1EF72A62-B7C3-C88D-164E-CE6F8C8424AE,1ZN7L4R0H1D00F,1W9DL31001461C,,1ZMLH8300204F0,1W9DL31001461C,,,,,
2023-11-01,11:35:14.46 AM,10m 52.1s,652.1,33.7939027682613,-117.4738651436752,-29.1,137.7,22.3,1235,5710.7,1.11847,8.547335,-0.671082,2.23694,0.894776,5.816044,0,1.11847,-0.2,0.2,0.2,120.8,120.8,126.6,Tripod,Other,,19,5,True,,True,False,,Smart,RC,False,True,False,,,True,,False,False,False,False,False,False,False,False,False,False,0,Follow Yaw,-77.9,0,112.7,112.7,False,False,False,False,False,,0,0,False,False,No Card,100,100,1024,1190,1024,1024,2,False,False,False,False,False,0,False,False,False,False,65,,46.044,,3240,,4986,,46.044,,True,3.843,3.843,3.843,3.843,3.843,3.843,3.843,3.843,3.843,3.843,3.843,3.843,0,,False,False,True,,,,,,,,,,,,,,,False,False,9.704,,105.2,,75.7,,105.4,,1232,125,,22,7,145930.1,19457.34,,Idle,,20,,10,,,20,Go Home,False,False,False,False,False,False,False,False,False,False,False,False,33.8027920380556,-117.4659261431046,4038.4,4043.5,1049.4,396.9,True,1,1,False,False,False,False,,True,False,False,Course Lock,196.8,67,16.4,93,NW,S,2.46,11.4,Calm,False,False,Android,7.0.2,M300 RTK,1ZN7L4R0H1D00F,1W9DL31001461C,1ZMLH8300204F0,1Z6PH74DAP0QN7,"Corona, CA",728.3,5.7,137.7,8.547347,2.013246,0,0,DJI Matrice 300 RTK,M300 RTK,1ZN7L4R0H1D00F,1W9DL31001461C,1ZMLH8300204F0,1Z6PH74DAP0QN7,DJI Pilot,Android,7.0.2,1EF72A62-B7C3-C88D-164E-CE6F8C8424AE,1ZN7L4R0H1D00F,1W9DL31001461C,,1ZMLH8300204F0,1W9DL31001461C,,,,,
2023-11-01,11:35:14.57 AM,10m 52.2s,652.2,33.7939024876901,-117.4738646241795,-29.1,137.7,22.3,1235,5710.9,1.11847,8.547335,-0.671082,2.23694,0.894776,5.816044,0,1.11847,-0.4,0.2,0.4,120.8,120.8,123.0,Tripod,Other,,19,5,True,,True,False,,Smart,RC,False,True,False,,,True,,False,False,False,False,False,False,False,False,False,False,0,Follow Yaw,-77.9,0,112.7,112.7,False,False,False,False,False,,0,0,False,False,No Card,100,100,1024,1191,1024,1024,2,False,False,False,False,False,0,False,False,False,False,65,,46.044,,3240,,4986,,46.044,,True,3.843,3.843,3.843,3.843,3.843,3.843,3.843,3.843,3.843,3.843,3.843,3.843,0,,False,False,True,,,,,,,,,,,,,,,False,False,9.704,,105.2,,75.7,,105.4,,1232,125,,22,7,145930.1,19457.34,,Idle,,20,,10,,,20,Go Home,False,False,False,False,False,False,False,False,False,False,False,False,33.8027920380556,-117.4659261431046,4038.4,4043.5,1049.4,396.9,True,1,1,False,False,False,False,,True,False,False,Course Lock,196.8,67,16.4,93,NW,S,2.46,11.4,Calm,False,False,Android,7.0.2,M300 RTK,1ZN7L4R0H1D00F,1W9DL31001461C,1ZMLH8300204F0,1Z6PH74DAP0QN7,"Corona, CA",728.3,5.7,137.7,8.547347,2.013246,0,0,DJI Matrice 300 RTK,M300 RTK,1ZN7L4R0H1D00F,1W9DL31001461C,1ZMLH8300204F0,1Z6PH74DAP0QN7,DJI Pilot,Android,7.0.2,1EF72A62-B7C3-C88D-164E-CE6F8C8424AE,1ZN7L4R0H1D00F,1W9DL31001461C,,1ZMLH8300204F0,1W9DL31001461C,,,,,
2023-11-01,11:35:14.67 AM,10m 52.3s,652.3,33.793902165931,-117.4738641035705,-29.1,137.7,22.3,1235,5711.1,1.11847,8.547335,-0.671082,2.23694,0.894776,5.816044,0,1.11847,-0.5,0.2,0.5,120.7,120.7,126.6,Tripod,Other,,19,5,True,,True,False,,Smart,RC,False,True,False,,,True,,False,False,False,False,False,False,False,False,False,False,0,Follow Yaw,-77.9,0,112.7,112.7,False,False,False,False,False,,0,0,False,False,No Card,100,100,1024,1200,1024,1024,2,False,False,False,False,False,0,False,False,False,False,65,,46.044,,3240,,4986,,46.044,,True,3.84,3.84,3.84,3.84,3.84,3.84,3.84,3.84,3.84,3.84,3.84,3.84,0,,False,False,True,,,,,,,,,,,,,,,False,False,9.704,,105.2,,75.7,,105.4,,1229,125,,22,7,146368.8,19515.84,,Idle,,20,,10,,,20,Go Home,False,False,False,False,False,False,False,False,False,False,False,False,33.8027920380556,-117.4659261431046,4038.4,4043.5,1049.4,396.9,True,1,1,False,False,False,False,,True,False,False,Course Lock,196.8,67,16.4,93,NW,S,2.46,11.4,Calm,False,False,Android,7.0.2,M300 RTK,1ZN7L4R0H1D00F,1W9DL31001461C,1ZMLH8300204F0,1Z6PH74DAP0QN7,"Corona, CA",728.3,5.7,137.7,8.547347,2.013246,0,0,DJI Matrice 300 RTK,M300 RTK,1ZN7L4R0H1D00F,1W9DL31001461C,1ZMLH8300204F0,1Z6PH74DAP0QN7,DJI Pilot,Android,7.0.2,1EF72A62-B7C3-C88D-164E-CE6F8C8424AE,1ZN7L4R0H1D00F,1W9DL31001461C,,1ZMLH8300204F0,1W9DL31001461C,,,,,
2023-11-01,11:35:14.77 AM,10m 52.4s,652.4,33.7939018773415,-117.4738635654787,-29.1,137.7,22.3,1235,5711.2,1.304348,8.547335,-0.671082,2.23694,1.11847,5.816044,0,1.11847,-0.6,0.3,0.6,120.7,120.7,122.8,Tripod,Other,,19,5,True,,True,False,,Smart,RC,False,True,False,,,True,,False,False,False,False,False,False,False,False,False,False,0,Follow Yaw,-77.9,0,112.7,112.7,False,False,False,False,False,,0,0,False,False,No Card,100,100,1024,1235,1024,1024,2,False,False,False,False,False,0,False,False,False,False,65,,46.044,,3240,,4986,,46.044,,True,3.84,3.84,3.84,3.84,3.84,3.84,3.84,3.84,3.84,3.84,3.84,3.84,0,,False,False,True,,,,,,,,,,,,,,,False,False,9.704,,105.2,,75.7,,105.4,,1229,125,,22,7,146368.8,19515.84,,Idle,,20,,10,,,20,Go Home,False,False,False,False,False,False,False,False,False,False,False,False,33.8027920380556,-117.4659261431046,4038.4,4043.5,1049.4,396.9,True,1,1,False,False,False,False,,True,False,False,Course Lock,196.8,67,16.4,93,NW,S,2.46,11.4,Calm,False,False,Android,7.0.2,M300 RTK,1ZN7L4R0H1D00F,1W9DL31001461C,1ZMLH8300204F0,1Z6PH74DAP0QN7,"Corona, CA",728.3,5.7,137.7,8.547347,2.013246,0,0,DJI Matrice 300 RTK,M300 RTK,1ZN7L4R0H1D00F,1W9DL31001461C,1ZMLH8300204F0,1Z6PH74DAP0QN7,DJI Pilot,Android,7.0.2,1EF72A62-B7C3-C88D-164E-CE6F8C8424AE,1ZN7L4R0H1D00F,1W9DL31001461C,,1ZMLH8300204F0,1W9DL31001461C,,,,,
2023-11-01,11:35:14.88 AM,10m 52.5s,652.5,33.7939015429039,-117.4738631982568,-29.1,137.7,22.3,1235,5711.4,1.304348,8.547335,-0.671082,2.23694,1.11847,5.816044,0,1.11847,-0.5,0.4,0.6,120.6,120.6,137.6,Tripod,Other,,19,5,True,,True,False,,Smart,RC,False,True,False,,,True,,False,False,False,False,False,False,False,False,False,False,0,Follow Yaw,-77.9,0,112.7,112.7,False,False,False,False,False,,0,0,False,False,No Card,100,100,1024,1242,1024,1024,2,False,False,False,False,False,0,False,False,False,False,65,,46.044,,3240,,4986,,46.044,,True,3.84,3.84,3.84,3.84,3.84,3.84,3.84,3.84,3.84,3.84,3.84,3.84,0,,False,False,True,,,,,,,,,,,,,,,False,False,9.704,,105.2,,75.7,,105.4,,1229,125,,22,7,146368.8,19515.84,,Idle,,20,,10,,,20,Go Home,False,False,False,False,False,False,False,False,False,False,False,False,33.8027920380556,-117.4659261431046,4038.4,4043.5,1049.4,396.9,True,1,1,False,False,False,False,,True,False,False,Course Lock,196.8,67,16.4,93,NW,S,2.46,11.4,Calm,False,False,Android,7.0.2,M300 RTK,1ZN7L4R0H1D00F,1W9DL31001461C,1ZMLH8300204F0,1Z6PH74DAP0QN7,"Corona, CA",728.3,5.7,137.7,8.547347,2.013246,0,0,DJI Matrice 300 RTK,M300 RTK,1ZN7L4R0H1D00F,1W9DL31001461C,1ZMLH8300204F0,1Z6PH74DAP0QN7,DJI Pilot,Android,7.0.2,1EF72A62-B7C3-C88D-164E-CE6F8C8424AE,1ZN7L4R0H1D00F,1W9DL31001461C,,1ZMLH8300204F0,1W9DL31001461C,,,,,
2023-11-01,11:35:14.98 AM,10m 52.6s,652.6,33.7939012449254,-117.4738626493206,-29.1,137.7,22.3,1235,5711.6,1.304348,8.547335,-0.671082,2.23694,1.11847,5.816044,0,1.11847,-0.6,0.5,0.7,120.6,120.6,123.1,Tripod,Other,,19,5,True,,True,False,,Smart,RC,False,True,False,,,True,,False,False,False,False,False,False,False,False,False,False,0,Follow Yaw,-77.9,0,112.7,112.7,False,False,False,False,False,,0,0,False,False,No Card,100,100,1024,1248,1024,1024,2,False,False,False,False,False,0,False,False,False,False,65,,46.044,,3240,,4986,,46.044,,True,3.84,3.84,3.84,3.84,3.84,3.84,3.84,3.84,3.84,3.84,3.84,3.84,0,,False,False,True,,,,,,,,,,,,,,,False,False,9.704,,105.2,,75.7,,105.4,,1229,125,,22,7,146368.8,19515.84,,Idle,,20,,10,,,20,Go Home,False,False,False,False,False,False,False,False,False,False,False,False,33.8027920380556,-117.4659261431046,4038.4,4043.5,1049.4,396.9,True,1,1,False,False,False,False,,True,False,False,Course Lock,196.8,67,16.4,93,NW,S,2.46,11.4,Calm,False,False,Android,7.0.2,M300 RTK,1ZN7L4R0H1D00F,1W9DL31001461C,1ZMLH8300204F0,1Z6PH74DAP0QN7,"Corona, CA",728.3,5.7,137.7,8.547347,2.013246,0,0,DJI Matrice 300 RTK,M300 RTK,1ZN7L4R0H1D00F,1W9DL31001461C,1ZMLH8300204F0,1Z6PH74DAP0QN7,DJI Pilot,Android,7.0.2,1EF72A62-B7C3-C88D-164E-CE6F8C8424AE,1ZN7L4R0H1D00F,1W9DL31001461C,,1ZMLH8300204F0,1W9DL31001461C,,,,,
2023-11-01,11:35:15.04 AM,10m 52.7s,652.7,33.793901065782,-117.4738621108577,-29.1,137.7,22.3,1235,5711.8,1.304348,8.547335,-0.671082,2.23694,1.11847,5.816044,0,1.11847,-0.8,0.5,0.9,120.7,120.7,111.8,Tripod,Other,,19,5,True,,True,False,,Smart,RC,False,True,False,,,True,,False,False,False,False,False,False,False,False,False,False,0,Follow Yaw,-77.9,0,112.7,112.7,False,False,False,False,False,,0,0,False,False,No Card,100,100,1024,1273,1024,1024,2,False,False,False,False,False,0,False,False,False,False,65,,46.044,,3240,,4986,,46.044,,True,3.84,3.84,3.84,3.84,3.84,3.84,3.84,3.84,3.84,3.84,3.84,3.84,0,,False,False,True,,,,,,,,,,,,,,,False,False,9.704,,105.2,,75.7,,105.4,,1229,125,,22,7,146368.8,19515.84,,Idle,,20,,10,,,20,Go Home,False,False,False,False,False,False,False,False,False,False,False,False,33.8027920380556,-117.4659261431046,4038.4,4043.5,1049.4,396.9,True,1,1,False,False,False,False,,True,False,False,Course Lock,196.8,67,16.4,93,NW,S,2.46,11.4,Calm,False,False,Android,7.0.2,M300 RTK,1ZN7L4R0H1D00F,1W9DL31001461C,1ZMLH8300204F0,1Z6PH74DAP0QN7,"Corona, CA",728.3,5.7,137.7,8.547347,2.013246,0,0,DJI Matrice 300 RTK,M300 RTK,1ZN7L4R0H1D00F,1W9DL31001461C,1ZMLH8300204F0,1Z6PH74DAP0QN7,DJI Pilot,Android,7.0.2,1EF72A62-B7C3-C88D-164E-CE6F8C8424AE,1ZN7L4R0H1D00F,1W9DL31001461C,,1ZMLH8300204F0,1W9DL31001461C,,,,,
2023-11-01,11:35:15.14 AM,10m 52.8s,652.8,33.7939007658847,-117.473861532646,-29.1,137.7,22.3,1235,5712.0,1.304348,8.547335,-0.671082,2.23694,1.11847,5.816044,0,1.11847,-0.9,0.5,1,120.7,120.7,121.9,Tripod,Other,,19,5,True,,True,False,,Smart,RC,False,True,False,,,True,,False,False,False,False,False,False,False,False,False,False,0,Follow Yaw,-77.9,0,112.7,112.7,False,False,False,False,False,,0,0,False,False,No Card,100,100,1024,1274,1024,1024,2,False,False,False,False,False,0,False,False,False,False,65,,46.044,,3240,,4986,,46.044,,True,3.84,3.84,3.84,3.84,3.84,3.84,3.84,3.84,3.84,3.84,3.84,3.84,0,,False,False,True,,,,,,,,,,,,,,,False,False,9.704,,105.2,,75.7,,105.4,,1229,125,,22,7,146368.8,19515.84,,Idle,,20,,10,,,20,Go Home,False,False,False,False,False,False,False,False,False,False,False,False,33.8027920380556,-117.4659261431046,4038.3,4043.5,1049.4,396.9,True,1,1,False,False,False,False,,True,False,False,Course Lock,196.8,67,16.4,93,NW,S,2.46,11.4,Calm,False,False,Android,7.0.2,M300 RTK,1ZN7L4R0H1D00F,1W9DL31001461C,1ZMLH8300204F0,1Z6PH74DAP0QN7,"Corona, CA",728.3,5.7,137.7,8.547347,2.013246,0,0,DJI Matrice 300 RTK,M300 RTK,1ZN7L4R0H1D00F,1W9DL31001461C,1ZMLH8300204F0,1Z6PH74DAP0QN7,DJI Pilot,Android,7.0.2,1EF72A62-B7C3-C88D-164E-CE6F8C8424AE,1ZN7L4R0H1D00F,1W9DL31001461C,,1ZMLH8300204F0,1W9DL31001461C,,,,,
2023-11-01,11:35:15.24 AM,10m 52.9s,652.9,33.7939004115727,-117.473861015047,-29.1,137.7,22.3,1235,5712.2,1.304348,8.547335,-0.671082,2.23694,1.11847,5.816044,0,1.11847,-1,0.5,1.1,120.8,120.8,129.4,Tripod,Other,,19,5,True,,True,False,,Smart,RC,False,True,False,,,True,,False,False,False,False,False,False,False,False,False,False,0,Follow Yaw,-77.9,0,112.7,112.7,False,False,False,False,False,,0,0,False,False,No Card,100,100,1024,1274,1024,1024,2,False,False,False,False,False,0,False,False,False,False,65,,46.044,,3240,,4986,,46.044,,True,3.84,3.84,3.84,3.84,3.84,3.84,3.84,3.84,3.84,3.84,3.84,3.84,0,,False,False,True,,,,,,,,,,,,,,,False,False,9.704,,105.2,,75.7,,105.4,,1229,125,,22,7,146368.8,19515.84,,Idle,,20,,10,,,20,Go Home,False,False,False,False,False,False,False,False,False,False,False,False,33.8027920380556,-117.4659261431046,4038.4,4043.5,1049.4,396.9,True,1,1,False,False,False,False,,True,False,False,Course Lock,196.8,67,16.4,93,NW,S,2.46,11.4,Calm,False,False,Android,7.0.2,M300 RTK,1ZN7L4R0H1D00F,1W9DL31001461C,1ZMLH8300204F0,1Z6PH74DAP0QN7,"Corona, CA",728.3,5.7,137.7,8.547347,2.013246,0,0,DJI Matrice 300 RTK,M300 RTK,1ZN7L4R0H1D00F,1W9DL31001461C,1ZMLH8300204F0,1Z6PH74DAP0QN7,DJI Pilot,Android,7.0.2,1EF72A62-B7C3-C88D-164E-CE6F8C8424AE,1ZN7L4R0H1D00F,1W9DL31001461C,,1ZMLH8300204F0,1W9DL31001461C,,,,,
2023-11-01,11:35:15.34 AM,10m 53.0s,653.0,33.7939000908416,-117.4738604027356,-29.1,137.7,22.3,1235,5712.4,1.304348,8.547335,-0.671082,2.23694,1.11847,5.816044,0,1.11847,-1.1,0.6,1.2,120.8,120.8,122.2,Tripod,Other,,19,5,True,,True,False,,Smart,RC,False,True,False,,,True,,False,False,False,False,False,False,False,False,False,False,0,Follow Yaw,-77.9,0,112.7,112.7,False,False,False,False,False,,0,0,False,False,No Card,100,100,1024,1281,1024,1024,2,False,False,False,False,False,0,False,False,False,False,65,,46.092,,6527,,10044,,46.092,,True,3.84,3.84,3.84,3.84,3.84,3.84,3.84,3.84,3.84,3.84,3.84,3.84,0,,False,False,True,,,,,,,,,,,,,,,False,False,19.448,,105.6,,75.7,,105.6,,1229,125,,22,7,146368.8,19515.84,,Idle,,20,,10,,,20,Go Home,False,False,False,False,False,False,False,False,False,False,False,False,33.8027920380556,-117.4659261431046,4038.3,4043.5,1049.4,396.9,True,1,1,False,False,False,False,,True,False,False,Course Lock,196.8,67,16.4,93,NW,S,2.46,11.4,Calm,False,False,Android,7.0.2,M300 RTK,1ZN7L4R0H1D00F,1W9DL31001461C,1ZMLH8300204F0,1Z6PH74DAP0QN7,"Corona, CA",728.3,5.7,137.7,8.547347,2.013246,0,0,DJI Matrice 300 RTK,M300 RTK,1ZN7L4R0H1D00F,1W9DL31001461C,1ZMLH8300204F0,1Z6PH74DAP0QN7,DJI Pilot,Android,7.0.2,1EF72A62-B7C3-C88D-164E-CE6F8C8424AE,1ZN7L4R0H1D00F,1W9DL31001461C,,1ZMLH8300204F0,1W9DL31001461C,,,,,
2023-11-01,11:35:15.44 AM,10m 53.1s,653.1,33.793899899568,-117.4738595946495,-29.1,137.7,22.3,1235,5712.7,1.500584,8.547335,-0.671082,2.23694,1.342164,5.816044,0,1.11847,-1.3,0.7,1.4,120.8,120.8,105.8,Tripod,Other,,19,5,True,,True,False,,Smart,RC,False,True,False,,,True,,False,False,False,False,False,False,False,False,False,False,0,Follow Yaw,-77.9,0,112.7,112.7,False,False,False,False,False,,0,0,False,False,No Card,100,100,1024,1277,1024,1024,2,False,False,False,False,False,0,False,False,False,False,65,,46.092,,6527,,10044,,46.092,,True,3.84,3.84,3.84,3.84,3.84,3.84,3.84,3.84,3.84,3.84,3.84,3.84,0,,False,False,True,,,,,,,,,,,,,,,False,False,19.448,,105.6,,75.7,,105.6,,1229,125,,22,7,146368.8,19515.84,,Idle,,20,,10,,,20,Go Home,False,False,False,False,False,False,False,False,False,False,False,False,33.8027920380556,-117.4659261431046,4038.2,4043.5,1049.4,396.9,True,1,1,False,False,False,False,,True,False,False,Course Lock,196.8,67,16.4,93,NW,S,2.46,11.4,Calm,False,False,Android,7.0.2,M300 RTK,1ZN7L4R0H1D00F,1W9DL31001461C,1ZMLH8300204F0,1Z6PH74DAP0QN7,"Corona, CA",728.3,5.7,137.7,8.547347,2.013246,0,0,DJI Matrice 300 RTK,M300 RTK,1ZN7L4R0H1D00F,1W9DL31001461C,1ZMLH8300204F0,1Z6PH74DAP0QN7,DJI Pilot,Android,7.0.2,1EF72A62-B7C3-C88D-164E-CE6F8C8424AE,1ZN7L4R0H1D00F,1W9DL31001461C,,1ZMLH8300204F0,1W9DL31001461C,,,,,
2023-11-01,11:35:15.54 AM,10m 53.2s,653.2,33.7938995671178,-117.4738589292711,-29.1,137.7,22.3,1235,5712.9,1.500584,8.547335,-0.671082,2.23694,1.342164,5.816044,0,1.11847,-1.4,0.7,1.5,120.8,120.8,121.0,Tripod,Other,,19,5,True,,True,False,,Smart,RC,False,True,False,,,True,,False,False,False,False,False,False,False,False,False,False,0,Follow Yaw,-77.9,0,112.7,112.7,False,False,False,False,False,,0,0,False,False,No Card,100,100,1024,1272,1024,1024,2,False,False,False,False,False,0,False,False,False,False,65,,46.092,,6527,,10044,,46.092,,True,3.84,3.84,3.84,3.84,3.84,3.84,3.84,3.84,3.84,3.84,3.84,3.84,0,,False,False,True,,,,,,,,,,,,,,,False,False,19.448,,105.6,,75.7,,105.6,,1229,125,,22,7,146368.8,19515.84,,Idle,,20,,10,,,20,Go Home,False,False,False,False,False,False,False,False,False,False,False,False,33.8027920380556,-117.4659261431046,4038.2,4043.5,1049.4,396.9,True,1,1,False,False,False,False,,True,False,False,Course Lock,196.8,67,16.4,93,NW,S,2.23,11.4,Calm,False,False,Android,7.0.2,M300 RTK,1ZN7L4R0H1D00F,1W9DL31001461C,1ZMLH8300204F0,1Z6PH74DAP0QN7,"Corona, CA",728.3,5.7,137.7,8.547347,2.013246,0,0,DJI Matrice 300 RTK,M300 RTK,1ZN7L4R0H1D00F,1W9DL31001461C,1ZMLH8300204F0,1Z6PH74DAP0QN7,DJI Pilot,Android,7.0.2,1EF72A62-B7C3-C88D-164E-CE6F8C8424AE,1ZN7L4R0H1D00F,1W9DL31001461C,,1ZMLH8300204F0,1W9DL31001461C,,,,,
2023-11-01,11:35:15.64 AM,10m 53.3s,653.3,33.7938991692878,-117.4738580008668,-29.1,137.7,21.9,1235,5713.2,1.500584,8.547335,-0.671082,2.23694,1.342164,5.816044,0,1.11847,-1.5,0.6,1.6,120.8,120.8,117.2,Tripod,Other,,19,5,True,,True,False,,Smart,RC,False,True,False,,,True,,False,False,False,False,False,False,False,False,False,False,0,Follow Yaw,-77.9,0,112.7,112.7,False,False,False,False,False,,0,0,False,False,No Card,100,100,1024,1272,1024,1024,2,False,False,False,False,False,0,False,False,False,False,65,,46.092,,6527,,10044,,46.092,,True,3.841,3.841,3.841,3.841,3.841,3.841,3.841,3.841,3.841,3.841,3.841,3.841,0,,False,False,True,,,,,,,,,,,,,,,False,False,19.448,,105.6,,75.7,,105.6,,1226,125,,22,7,146671.4,19556.18,,Idle,,20,,10,,,20,Go Home,False,False,False,False,False,False,False,False,False,False,False,False,33.8027920380556,-117.4659261431046,4038.2,4043.5,1049.4,396.9,True,1,1,False,False,False,False,,True,False,False,Course Lock,196.8,67,16.4,93,NW,S,2.23,11.4,Calm,False,False,Android,7.0.2,M300 RTK,1ZN7L4R0H1D00F,1W9DL31001461C,1ZMLH8300204F0,1Z6PH74DAP0QN7,"Corona, CA",728.3,5.7,137.7,8.547347,2.013246,0,0,DJI Matrice 300 RTK,M300 RTK,1ZN7L4R0H1D00F,1W9DL31001461C,1ZMLH8300204F0,1Z6PH74DAP0QN7,DJI Pilot,Android,7.0.2,1EF72A62-B7C3-C88D-164E-CE6F8C8424AE,1ZN7L4R0H1D00F,1W9DL31001461C,,1ZMLH8300204F0,1W9DL31001461C,,,,,
2023-11-01,11:35:15.74 AM,10m 53.4s,653.4,33.7938988048331,-117.4738572659282,-29.1,137.7,22.3,1235,5713.5,1.61308,8.547335,-0.894776,2.23694,1.342164,5.816044,0,1.11847,-1.5,0.5,1.5,120.8,120.8,120.8,Tripod,Other,,19,5,True,,True,False,,Smart,RC,False,True,False,,,True,,False,False,False,False,False,False,False,False,False,False,0,Follow Yaw,-77.9,0,112.7,112.7,False,False,False,False,False,,0,0,False,False,No Card,100,100,1024,1274,1024,1024,2,False,False,False,False,False,0,False,False,False,False,65,,46.092,,6527,,10044,,46.092,,True,3.841,3.841,3.841,3.841,3.841,3.841,3.841,3.841,3.841,3.841,3.841,3.841,0,,False,False,True,,,,,,,,,,,,,,,False,False,19.448,,105.6,,75.7,,105.6,,1226,125,,22,7,146671.4,19556.18,,Idle,,20,,10,,,20,Go Home,False,False,False,False,False,False,False,False,False,False,False,False,33.8027920380556,-117.4659261431046,4038.1,4043.5,1049.4,396.9,True,1,1,False,False,False,False,,True,False,False,Course Lock,196.8,67,16.4,93,NW,S,2.23,11.4,Calm,False,False,Android,7.0.2,M300 RTK,1ZN7L4R0H1D00F,1W9DL31001461C,1ZMLH8300204F0,1Z6PH74DAP0QN7,"Corona, CA",728.3,5.7,137.7,8.547347,2.013246,0,0,DJI Matrice 300 RTK,M300 RTK,1ZN7L4R0H1D00F,1W9DL31001461C,1ZMLH8300204F0,1Z6PH74DAP0QN7,DJI Pilot,Android,7.0.2,1EF72A62-B7C3-C88D-164E-CE6F8C8424AE,1ZN7L4R0H1D00F,1W9DL31001461C,,1ZMLH8300204F0,1W9DL31001461C,,,,,
2023-11-01,11:35:15.84 AM,10m 53.5s,653.5,33.7938983431995,-117.473856870338,-29.1,137.7,22.3,1235,5713.7,1.61308,8.547335,-0.894776,2.23694,1.342164,5.816044,0,1.11847,-1.6,0.4,1.6,120.8,120.8,144.5,Tripod,Other,,19,5,True,,True,False,,Smart,RC,False,True,False,,,True,,False,False,False,False,False,False,False,False,False,False,0,Follow Yaw,-77.9,0,112.7,112.7,False,False,False,False,False,,0,0,False,False,No Card,100,100,1024,1275,1024,1024,2,False,False,False,False,False,0,False,False,False,False,65,,46.092,,6527,,10044,,46.092,,True,3.841,3.841,3.841,3.841,3.841,3.841,3.841,3.841,3.841,3.841,3.841,3.841,0,,False,False,True,,,,,,,,,,,,,,,False,False,19.448,,105.6,,75.7,,105.6,,1226,125,,22,7,146671.4,19556.18,,Idle,,20,,10,,,20,Go Home,False,False,False,False,False,False,False,False,False,False,False,False,33.8027920380556,-117.4659261431046,4038.2,4043.5,1049.4,396.9,True,1,1,False,False,False,False,,True,False,False,Course Lock,196.8,67,16.4,93,NW,S,2.23,11.4,Calm,False,False,Android,7.0.2,M300 RTK,1ZN7L4R0H1D00F,1W9DL31001461C,1ZMLH8300204F0,1Z6PH74DAP0QN7,"Corona, CA",728.3,5.7,137.7,8.547347,2.013246,0,0,DJI Matrice 300 RTK,M300 RTK,1ZN7L4R0H1D00F,1W9DL31001461C,1ZMLH8300204F0,1Z6PH74DAP0QN7,DJI Pilot,Android,7.0.2,1EF72A62-B7C3-C88D-164E-CE6F8C8424AE,1ZN7L4R0H1D00F,1W9DL31001461C,,1ZMLH8300204F0,1W9DL31001461C,,,,,
2023-11-01,11:35:15.94 AM,10m 53.6s,653.6,33.7938979498927,-117.4738561088452,-29.1,137.7,22.3,1235,5714.0,1.803478,8.547335,-0.894776,2.23694,1.565858,5.816044,0,1.11847,-1.5,0.3,1.5,120.8,120.8,121.8,Tripod,Other,,20,5,True,,True,False,,Smart,RC,False,True,False,,,True,,False,False,False,False,False,False,False,False,False,False,0,Follow Yaw,-77.9,0,112.7,112.7,False,False,False,False,False,,0,0,False,False,No Card,100,100,1024,1272,1024,1024,2,False,False,False,False,False,0,False,False,False,False,65,,46.092,,6527,,10044,,46.092,,True,3.841,3.841,3.841,3.841,3.841,3.841,3.841,3.841,3.841,3.841,3.841,3.841,0,,False,False,True,,,,,,,,,,,,,,,False,False,19.448,,105.6,,75.7,,105.6,,1226,125,,22,7,146671.4,19556.18,,Idle,,20,,10,,,20,Go Home,False,False,False,False,False,False,False,False,False,False,False,False,33.8027920380556,-117.4659261431046,4038.2,4043.5,1049.4,396.9,True,1,1,False,False,False,False,,True,False,False,Course Lock,196.8,67,16.4,93,NW,S,2.23,11.4,Calm,False,False,Android,7.0.2,M300 RTK,1ZN7L4R0H1D00F,1W9DL31001461C,1ZMLH8300204F0,1Z6PH74DAP0QN7,"Corona, CA",728.3,5.7,137.7,8.547347,2.013246,0,0,DJI Matrice 300 RTK,M300 RTK,1ZN7L4R0H1D00F,1W9DL31001461C,1ZMLH8300204F0,1Z6PH74DAP0QN7,DJI Pilot,Android,7.0.2,1EF72A62-B7C3-C88D-164E-CE6F8C8424AE,1ZN7L4R0H1D00F,1W9DL31001461C,,1ZMLH8300204F0,1W9DL31001461C,,,,,
2023-11-01,11:35:16.04 AM,10m 53.7s,653.7,33.7938975111489,-117.4738551502996,-29.1,137.7,22.3,1235,5714.3,1.803478,8.547335,-0.894776,2.23694,1.565858,5.816044,0,1.11847,-1.5,0.3,1.5,120.8,120.8,118.8,Tripod,Other,,20,5,True,,True,False,,Smart,RC,False,True,False,,,True,,False,False,False,False,False,False,False,False,False,False,0,Follow Yaw,-77.9,0,112.7,112.7,False,False,False,False,False,,0,0,False,False,No Card,100,100,1024,1258,1024,1024,2,False,False,False,False,False,0,False,False,False,False,65,,46.044,,3240,,4986,,46.044,,True,3.841,3.841,3.841,3.841,3.841,3.841,3.841,3.841,3.841,3.841,3.841,3.841,0,,False,False,True,,,,,,,,,,,,,,,False,False,9.754,,105.2,,75.7,,105.6,,1226,125,,22,7,146671.4,19556.18,,Idle,,20,,10,,,20,Go Home,False,False,False,False,False,False,False,False,False,False,False,False,33.8027920380556,-117.4659261431046,4038.1,4043.5,1049.4,396.9,True,1,1,False,False,False,False,,True,False,False,Course Lock,196.8,67,16.4,93,NW,S,2.23,11.4,Calm,False,False,Android,7.0.2,M300 RTK,1ZN7L4R0H1D00F,1W9DL31001461C,1ZMLH8300204F0,1Z6PH74DAP0QN7,"Corona, CA",728.3,5.7,137.7,8.547347,2.013246,0,0,DJI Matrice 300 RTK,M300 RTK,1ZN7L4R0H1D00F,1W9DL31001461C,1ZMLH8300204F0,1Z6PH74DAP0QN7,DJI Pilot,Android,7.0.2,1EF72A62-B7C3-C88D-164E-CE6F8C8424AE,1ZN7L4R0H1D00F,1W9DL31001461C,,1ZMLH8300204F0,1W9DL31001461C,,,,,
2023-11-01,11:35:16.14 AM,10m 53.8s,653.8,33.7938970953635,-117.473854320731,-29.1,137.7,22.3,1235,5714.6,1.803478,8.547335,-0.894776,2.23694,1.565858,5.816044,0,1.11847,-1.4,0.4,1.4,120.8,120.8,121.0,Tripod,Other,,20,5,True,,True,False,,Smart,RC,False,True,False,,,True,,False,False,False,False,False,False,False,False,False,False,0,Follow Yaw,-77.9,0,112.7,112.7,False,False,False,False,False,,0,0,False,False,No Card,100,100,1024,1251,1024,1024,2,False,False,False,False,False,0,False,False,False,False,65,,46.044,,3240,,4986,,46.044,,True,3.841,3.841,3.841,3.841,3.841,3.841,3.841,3.841,3.841,3.841,3.841,3.841,0,,False,False,True,,,,,,,,,,,,,,,False,False,9.754,,105.2,,75.7,,105.6,,1226,125,,22,7,146671.4,19556.18,,Idle,,20,,10,,,20,Go Home,False,False,False,False,False,False,False,False,False,False,False,False,33.8027920380556,-117.4659261431046,4038.1,4043.5,1049.4,396.9,True,1,1,False,False,False,False,,True,False,False,Course Lock,196.8,67,16.4,93,NW,S,2.23,11.4,Calm,False,False,Android,7.0.2,M300 RTK,1ZN7L4R0H1D00F,1W9DL31001461C,1ZMLH8300204F0,1Z6PH74DAP0QN7,"Corona, CA",728.3,5.7,137.7,8.547347,2.013246,0,0,DJI Matrice 300 RTK,M300 RTK,1ZN7L4R0H1D00F,1W9DL31001461C,1ZMLH8300204F0,1Z6PH74DAP0QN7,DJI Pilot,Android,7.0.2,1EF72A62-B7C3-C88D-164E-CE6F8C8424AE,1ZN7L4R0H1D00F,1W9DL31001461C,,1ZMLH8300204F0,1W9DL31001461C,,,,,
2023-11-01,11:35:16.24 AM,10m 53.9s,653.9,33.7938967868311,-117.4738536048833,-29.1,137.7,22.3,1235,5714.8,1.803478,8.547335,-0.894776,2.23694,1.565858,5.816044,0,1.11847,-1.3,0.4,1.3,120.8,120.8,117.4,Tripod,Other,,20,5,True,,True,False,,Smart,RC,False,True,False,,,True,,False,False,False,False,False,False,False,False,False,False,0,Follow Yaw,-77.9,0,112.7,112.7,False,False,False,False,False,,0,0,False,False,No Card,100,100,1024,1245,1024,1024,2,False,False,False,False,False,0,False,False,False,False,65,,46.044,,3240,,4986,,46.044,,True,3.841,3.841,3.841,3.841,3.841,3.841,3.841,3.841,3.841,3.841,3.841,3.841,0,,False,False,True,,,,,,,,,,,,,,,False,False,9.754,,105.2,,75.7,,105.6,,1226,125,,22,7,146671.4,19556.18,,Idle,,20,,10,,,20,Go Home,False,False,False,False,False,False,False,False,False,False,False,False,33.8027920380556,-117.4659261431046,4038.1,4043.5,1049.4,396.9,True,1,1,False,False,False,False,,True,False,False,Course Lock,196.8,67,16.4,93,NW,S,2.23,11.4,Calm,False,False,Android,7.0.2,M300 RTK,1ZN7L4R0H1D00F,1W9DL31001461C,1ZMLH8300204F0,1Z6PH74DAP0QN7,"Corona, CA",728.3,5.7,137.7,8.547347,2.013246,0,0,DJI Matrice 300 RTK,M300 RTK,1ZN7L4R0H1D00F,1W9DL31001461C,1ZMLH8300204F0,1Z6PH74DAP0QN7,DJI Pilot,Android,7.0.2,1EF72A62-B7C3-C88D-164E-CE6F8C8424AE,1ZN7L4R0H1D00F,1W9DL31001461C,,1ZMLH8300204F0,1W9DL31001461C,,,,,
2023-11-01,11:35:16.34 AM,10m 54.0s,654.0,33.7938963643295,-117.4738527408851,-29.1,137.7,22.3,1235,5715.1,2.000779,8.547335,-0.894776,2.23694,1.789552,5.816044,0,1.11847,-1.2,0.4,1.2,120.8,120.8,120.4,Tripod,Other,,20,5,True,,True,False,,Smart,RC,False,True,False,,,True,,False,False,False,False,False,False,False,False,False,False,0,Follow Yaw,-77.9,0,112.7,112.7,False,False,False,False,False,,0,0,False,False,No Card,100,100,1024,1235,1024,1024,2,False,False,False,False,False,0,False,False,False,False,65,,46.068,,6527,,10044,,46.068,,True,3.841,3.841,3.841,3.841,3.841,3.841,3.841,3.841,3.841,3.841,3.841,3.841,0,,False,False,True,,,,,,,,,,,,,,,False,False,19.458,,105.6,,75.7,,105.6,,1226,125,,22,7,146671.4,19556.18,,Idle,,20,,10,,,20,Go Home,False,False,False,False,False,False,False,False,False,False,False,False,33.8027920380556,-117.4659261431046,4038.0,4043.5,1049.4,396.9,True,1,1,False,False,False,False,,True,False,False,Course Lock,196.8,67,16.4,93,NW,S,2.23,11.4,Calm,False,False,Android,7.0.2,M300 RTK,1ZN7L4R0H1D00F,1W9DL31001461C,1ZMLH8300204F0,1Z6PH74DAP0QN7,"Corona, CA",728.3,5.7,137.7,8.547347,2.013246,0,0,DJI Matrice 300 RTK,M300 RTK,1ZN7L4R0H1D00F,1W9DL31001461C,1ZMLH8300204F0,1Z6PH74DAP0QN7,DJI Pilot,Android,7.0.2,1EF72A62-B7C3-C88D-164E-CE6F8C8424AE,1ZN7L4R0H1D00F,1W9DL31001461C,,1ZMLH8300204F0,1W9DL31001461C,,,,,
2023-11-01,11:35:16.41 AM,10m 54.1s,654.1,33.7938959082471,-117.4738519325928,-29.1,137.7,22.3,1235,5715.4,2.000779,8.547335,-0.894776,2.23694,1.789552,5.816044,0,1.11847,-1.1,0.4,1.1,120.8,120.8,124.1,Tripod,Other,,20,5,True,,True,False,,Smart,RC,False,True,False,,,True,,False,False,False,False,False,False,False,False,False,False,0,Follow Yaw,-77.9,0,112.7,112.7,False,False,False,False,False,,0,0,False,False,No Card,100,100,1024,1235,1024,1024,2,False,False,False,False,False,0,False,False,False,False,65,,46.068,,6527,,10044,,46.068,,True,3.841,3.841,3.841,3.841,3.841,3.841,3.841,3.841,3.841,3.841,3.841,3.841,0,,False,False,True,,,,,,,,,,,,,,,False,False,19.458,,105.6,,75.7,,105.6,,1226,125,,22,7,146671.4,19556.18,,Idle,,20,,10,,,20,Go Home,False,False,False,False,False,False,False,False,False,False,False,False,33.8027920380556,-117.4659261431046,4038.0,4043.5,1049.4,396.9,True,1,1,False,False,False,False,,True,False,False,Course Lock,196.8,67,16.4,93,NW,S,2.23,11.4,Calm,False,False,Android,7.0.2,M300 RTK,1ZN7L4R0H1D00F,1W9DL31001461C,1ZMLH8300204F0,1Z6PH74DAP0QN7,"Corona, CA",728.3,5.7,137.7,8.547347,2.013246,0,0,DJI Matrice 300 RTK,M300 RTK,1ZN7L4R0H1D00F,1W9DL31001461C,1ZMLH8300204F0,1Z6PH74DAP0QN7,DJI Pilot,Android,7.0.2,1EF72A62-B7C3-C88D-164E-CE6F8C8424AE,1ZN7L4R0H1D00F,1W9DL31001461C,,1ZMLH8300204F0,1W9DL31001461C,,,,,
2023-11-01,11:35:16.54 AM,10m 54.2s,654.2,33.7938954703257,-117.4738510350721,-29.1,137.7,22.3,1235,5715.7,2.000779,8.547335,-0.894776,2.23694,1.789552,5.816044,0,1.11847,-1.1,0.4,1.1,120.9,120.9,120.4,Tripod,Other,,20,5,True,,True,False,,Smart,RC,False,True,False,,,True,,False,False,False,False,False,False,False,False,False,False,0,Follow Yaw,-77.9,0,112.7,112.7,False,False,False,False,False,,0,0,False,False,No Card,100,100,1024,1216,1024,1024,2,False,False,False,False,False,0,False,False,False,False,65,,46.068,,6527,,10044,,46.068,,True,3.841,3.841,3.841,3.841,3.841,3.841,3.841,3.841,3.841,3.841,3.841,3.841,0,,False,False,True,,,,,,,,,,,,,,,False,False,19.458,,105.6,,75.7,,105.6,,1226,125,,22,7,146671.4,19556.18,,Idle,,20,,10,,,20,Go Home,False,False,False,False,False,False,False,False,False,False,False,False,33.8027920380556,-117.4659261431046,4038.0,4043.5,1049.4,396.9,True,1,1,False,False,False,False,,True,False,False,Course Lock,196.8,67,16.4,93,NW,S,2.23,11.4,Calm,False,False,Android,7.0.2,M300 RTK,1ZN7L4R0H1D00F,1W9DL31001461C,1ZMLH8300204F0,1Z6PH74DAP0QN7,"Corona, CA",728.3,5.7,137.7,8.547347,2.013246,0,0,DJI Matrice 300 RTK,M300 RTK,1ZN7L4R0H1D00F,1W9DL31001461C,1ZMLH8300204F0,1Z6PH74DAP0QN7,DJI Pilot,Android,7.0.2,1EF72A62-B7C3-C88D-164E-CE6F8C8424AE,1ZN7L4R0H1D00F,1W9DL31001461C,,1ZMLH8300204F0,1W9DL31001461C,,,,,
2023-11-01,11:35:16.64 AM,10m 54.3s,654.3,33.793895226899,-117.4738500253974,-29.1,137.7,22.3,1235,5716.1,2.000779,8.547335,-0.894776,2.23694,1.789552,5.816044,0,1.11847,-1.1,0.5,1.2,121,121,106.1,Tripod,Other,,20,5,True,,True,False,,Smart,RC,False,True,False,,,True,,False,False,False,False,False,False,False,False,False,False,0,Follow Yaw,-77.9,0,112.7,112.7,False,False,False,False,False,,0,0,False,False,No Card,100,100,1024,1216,1024,1024,2,False,False,False,False,False,0,False,False,False,False,65,,46.068,,6527,,10044,,46.068,,True,3.84,3.84,3.84,3.84,3.84,3.84,3.84,3.84,3.84,3.84,3.84,3.84,0,,False,False,True,,,,,,,,,,,,,,,False,False,19.458,,105.6,,75.7,,105.6,,1223,125,,22,7,146788.2,19571.75,,Idle,,20,,10,,,20,Go Home,False,False,False,False,False,False,False,False,False,False,False,False,33.8027920380556,-117.4659261431046,4037.9,4043.5,1049.4,396.9,True,1,1,False,False,False,False,,True,False,False,Course Lock,196.8,67,16.4,93,NW,S,2.23,11.4,Calm,False,False,Android,7.0.2,M300 RTK,1ZN7L4R0H1D00F,1W9DL31001461C,1ZMLH8300204F0,1Z6PH74DAP0QN7,"Corona, CA",728.3,5.7,137.7,8.547347,2.013246,0,0,DJI Matrice 300 RTK,M300 RTK,1ZN7L4R0H1D00F,1W9DL31001461C,1ZMLH8300204F0,1Z6PH74DAP0QN7,DJI Pilot,Android,7.0.2,1EF72A62-B7C3-C88D-164E-CE6F8C8424AE,1ZN7L4R0H1D00F,1W9DL31001461C,,1ZMLH8300204F0,1W9DL31001461C,,,,,
2023-11-01,11:35:16.72 AM,10m 54.4s,654.4,33.7938947952141,-117.4738490910556,-29.1,137.7,22.3,1235,5716.4,2.110324,8.547335,-1.11847,2.23694,1.789552,5.816044,0,1.11847,-1,0.5,1.1,121.1,121.1,119.0,Tripod,Other,,20,5,True,,True,False,,Smart,RC,False,True,False,,,True,,False,False,False,False,False,False,False,False,False,False,0,Follow Yaw,-77.9,0,112.7,112.7,False,False,False,False,False,,0,0,False,False,No Card,100,100,1024,1256,1024,1024,2,False,False,False,False,False,0,False,False,False,False,65,,46.068,,6527,,10044,,46.068,,True,3.84,3.84,3.84,3.84,3.84,3.84,3.84,3.84,3.84,3.84,3.84,3.84,0,,False,False,True,,,,,,,,,,,,,,,False,False,19.458,,105.6,,75.7,,105.6,,1223,125,,22,7,146788.2,19571.75,,Idle,,20,,10,,,20,Go Home,False,False,False,False,False,False,False,False,False,False,False,False,33.8027920380556,-117.4659261431046,4037.8,4043.5,1049.4,396.9,True,1,1,False,False,False,False,,True,False,False,Course Lock,196.8,67,16.4,93,NW,S,2.23,11.4,Calm,False,False,Android,7.0.2,M300 RTK,1ZN7L4R0H1D00F,1W9DL31001461C,1ZMLH8300204F0,1Z6PH74DAP0QN7,"Corona, CA",728.3,5.7,137.7,8.547347,2.013246,0,0,DJI Matrice 300 RTK,M300 RTK,1ZN7L4R0H1D00F,1W9DL31001461C,1ZMLH8300204F0,1Z6PH74DAP0QN7,DJI Pilot,Android,7.0.2,1EF72A62-B7C3-C88D-164E-CE6F8C8424AE,1ZN7L4R0H1D00F,1W9DL31001461C,,1ZMLH8300204F0,1W9DL31001461C,,,,,
2023-11-01,11:35:16.82 AM,10m 54.5s,654.5,33.7938942327695,-117.4738482147699,-29.1,137.7,22.3,1235,5716.7,2.110324,8.547335,-1.11847,2.23694,1.789552,5.816044,0,1.11847,-0.8,0.7,1,121.1,121.1,127.6,Tripod,Other,,20,5,True,,True,False,,Smart,RC,False,True,False,,,True,,False,False,False,False,False,False,False,False,False,False,0,Follow Yaw,-77.9,0,112.7,112.7,False,False,False,False,False,,0,0,False,False,No Card,100,100,1024,1294,1024,1024,2,False,False,False,False,False,0,False,False,False,False,65,,46.068,,6527,,10044,,46.068,,True,3.84,3.84,3.84,3.84,3.84,3.84,3.84,3.84,3.84,3.84,3.84,3.84,0,,False,False,True,,,,,,,,,,,,,,,False,False,19.458,,105.6,,75.7,,105.6,,1223,125,,22,7,146788.2,19571.75,,Idle,,20,,10,,,20,Go Home,False,False,False,False,False,False,False,False,False,False,False,False,33.8027920380556,-117.4659261431046,4037.9,4043.5,1049.4,396.9,True,1,1,False,False,False,False,,True,False,False,Course Lock,196.8,67,16.4,93,NW,S,2.23,11.4,Calm,False,False,Android,7.0.2,M300 RTK,1ZN7L4R0H1D00F,1W9DL31001461C,1ZMLH8300204F0,1Z6PH74DAP0QN7,"Corona, CA",728.3,5.7,137.7,8.547347,2.013246,0,0,DJI Matrice 300 RTK,M300 RTK,1ZN7L4R0H1D00F,1W9DL31001461C,1ZMLH8300204F0,1Z6PH74DAP0QN7,DJI Pilot,Android,7.0.2,1EF72A62-B7C3-C88D-164E-CE6F8C8424AE,1ZN7L4R0H1D00F,1W9DL31001461C,,1ZMLH8300204F0,1W9DL31001461C,,,,,
2023-11-01,11:35:16.92 AM,10m 54.6s,654.6,33.7938937761388,-117.4738472717279,-29.1,137.7,22.3,1235,5717.1,2.110324,8.547335,-1.11847,2.23694,1.789552,5.816044,0,1.11847,-0.7,0.8,1,121.1,121.1,120.2,Tripod,Other,,20,5,True,,True,False,,Smart,RC,False,True,False,,,True,,False,False,False,False,False,False,False,False,False,False,0,Follow Yaw,-77.9,0,112.7,112.7,False,False,False,False,False,,0,0,False,False,No Card,100,100,1024,1290,1024,1024,2,False,False,False,False,False,0,False,False,False,False,65,,46.068,,6527,,10044,,46.068,,True,3.84,3.84,3.84,3.84,3.84,3.84,3.84,3.84,3.84,3.84,3.84,3.84,0,,False,False,True,,,,,,,,,,,,,,,False,False,19.458,,105.6,,75.7,,105.6,,1223,125,,22,7,146788.2,19571.75,,Idle,,20,,10,,,20,Go Home,False,False,False,False,False,False,False,False,False,False,False,False,33.8027920380556,-117.4659261431046,4037.8,4043.5,1049.4,396.9,True,1,1,False,False,False,False,,True,False,False,Course Lock,196.8,67,16.4,93,NW,S,2.23,11.4,Calm,False,False,Android,7.0.2,M300 RTK,1ZN7L4R0H1D00F,1W9DL31001461C,1ZMLH8300204F0,1Z6PH74DAP0QN7,"Corona, CA",728.3,5.7,137.7,8.547347,2.013246,0,0,DJI Matrice 300 RTK,M300 RTK,1ZN7L4R0H1D00F,1W9DL31001461C,1ZMLH8300204F0,1Z6PH74DAP0QN7,DJI Pilot,Android,7.0.2,1EF72A62-B7C3-C88D-164E-CE6F8C8424AE,1ZN7L4R0H1D00F,1W9DL31001461C,,1ZMLH8300204F0,1W9DL31001461C,,,,,
2023-11-01,11:35:17.03 AM,10m 54.7s,654.7,33.7938932340484,-117.4738464950201,-29.1,137.7,22.3,1235,5717.4,2.110324,8.547335,-1.11847,2.23694,1.789552,5.816044,0,1.11847,-1.1,0.7,1.3,121,121,130.0,Tripod,Other,,20,5,True,,True,False,,Smart,RC,False,True,False,,,True,,False,False,False,False,False,False,False,False,False,False,0,Follow Yaw,-77.9,0,112.7,112.7,False,False,False,False,False,,0,0,False,False,No Card,100,100,1024,1282,1024,1024,2,False,False,False,False,False,0,False,False,False,False,65,,46.068,,6527,,10044,,46.068,,True,3.84,3.84,3.84,3.84,3.84,3.84,3.84,3.84,3.84,3.84,3.84,3.84,0,,False,False,True,,,,,,,,,,,,,,,False,False,19.458,,105.6,,75.7,,105.6,,1223,125,,22,7,146788.2,19571.75,,Idle,,20,,10,,,20,Go Home,False,False,False,False,False,False,False,False,False,False,False,False,33.8027920380556,-117.4659261431046,4037.8,4043.5,1049.4,396.9,True,1,1,False,False,False,False,,True,False,False,Course Lock,196.8,67,16.4,93,NW,S,2.23,11.4,Calm,False,False,Android,7.0.2,M300 RTK,1ZN7L4R0H1D00F,1W9DL31001461C,1ZMLH8300204F0,1Z6PH74DAP0QN7,"Corona, CA",728.3,5.7,137.7,8.547347,2.013246,0,0,DJI Matrice 300 RTK,M300 RTK,1ZN7L4R0H1D00F,1W9DL31001461C,1ZMLH8300204F0,1Z6PH74DAP0QN7,DJI Pilot,Android,7.0.2,1EF72A62-B7C3-C88D-164E-CE6F8C8424AE,1ZN7L4R0H1D00F,1W9DL31001461C,,1ZMLH8300204F0,1W9DL31001461C,,,,,
2023-11-01,11:35:17.13 AM,10m 54.8s,654.8,33.7938927520608,-117.4738455583692,-29.1,137.7,22.3,1235,5717.7,2.110324,8.547335,-1.11847,2.23694,1.789552,5.816044,0,1.11847,-1.5,0.6,1.6,121,121,121.7,Tripod,Other,,20,5,True,,True,False,,Smart,RC,False,True,False,,,True,,False,False,False,False,False,False,False,False,False,False,0,Follow Yaw,-77.9,0,112.7,112.7,False,False,False,False,False,,0,0,False,False,No Card,100,100,1024,1272,1024,1024,2,False,False,False,False,False,0,False,False,False,False,65,,46.068,,6527,,10044,,46.068,,True,3.84,3.84,3.84,3.84,3.84,3.84,3.84,3.84,3.84,3.84,3.84,3.84,0,,False,False,True,,,,,,,,,,,,,,,False,False,19.458,,105.6,,75.7,,105.6,,1223,125,,22,7,146788.2,19571.75,,Idle,,20,,10,,,20,Go Home,False,False,False,False,False,False,False,False,False,False,False,False,33.8027920380556,-117.4659261431046,4037.8,4043.5,1049.4,396.9,True,1,1,False,False,False,False,,True,False,False,Course Lock,196.8,67,16.4,93,NW,S,2.23,11.4,Calm,False,False,Android,7.0.2,M300 RTK,1ZN7L4R0H1D00F,1W9DL31001461C,1ZMLH8300204F0,1Z6PH74DAP0QN7,"Corona, CA",728.3,5.7,137.7,8.547347,2.013246,0,0,DJI Matrice 300 RTK,M300 RTK,1ZN7L4R0H1D00F,1W9DL31001461C,1ZMLH8300204F0,1Z6PH74DAP0QN7,DJI Pilot,Android,7.0.2,1EF72A62-B7C3-C88D-164E-CE6F8C8424AE,1ZN7L4R0H1D00F,1W9DL31001461C,,1ZMLH8300204F0,1W9DL31001461C,,,,,
2023-11-01,11:35:17.24 AM,10m 54.9s,654.9,33.7938920881199,-117.4738446624979,-29.1,137.7,21.9,1235,5718.1,2.30307,8.547335,-1.11847,2.23694,2.013246,5.816044,0,1.11847,-1.8,0.3,1.8,120.9,120.9,131.7,Tripod,Other,,20,5,True,,True,False,,Smart,RC,False,True,False,,,True,,False,False,False,False,False,False,False,False,False,False,0,Follow Yaw,-77.9,0,112.7,112.7,False,False,False,False,False,,0,0,False,False,No Card,100,100,1024,1269,1024,1024,2,False,False,False,False,False,0,False,False,False,False,65,,46.068,,6527,,10044,,46.068,,True,3.84,3.84,3.84,3.84,3.84,3.84,3.84,3.84,3.84,3.84,3.84,3.84,0,,False,False,True,,,,,,,,,,,,,,,False,False,19.458,,105.6,,75.7,,105.6,,1223,125,,22,7,146788.2,19571.75,,Idle,,20,,10,,,20,Go Home,False,False,False,False,False,False,False,False,False,False,False,False,33.8027920380556,-117.4659261431046,4037.8,4043.5,1049.4,396.9,True,1,1,False,False,False,False,,True,False,False,Course Lock,196.8,67,16.4,93,NW,S,2.23,11.4,Calm,False,False,Android,7.0.2,M300 RTK,1ZN7L4R0H1D00F,1W9DL31001461C,1ZMLH8300204F0,1Z6PH74DAP0QN7,"Corona, CA",728.3,5.7,137.7,8.547347,2.013246,0,0,DJI Matrice 300 RTK,M300 RTK,1ZN7L4R0H1D00F,1W9DL31001461C,1ZMLH8300204F0,1Z6PH74DAP0QN7,DJI Pilot,Android,7.0.2,1EF72A62-B7C3-C88D-164E-CE6F8C8424AE,1ZN7L4R0H1D00F,1W9DL31001461C,,1ZMLH8300204F0,1W9DL31001461C,,,,,
2023-11-01,11:35:17.33 AM,10m 55.0s,655.0,33.7938915691933,-117.4738436964065,-29.1,137.7,22.3,1235,5718.4,2.30307,8.547335,-1.11847,2.23694,2.013246,5.816044,0,1.11847,-1.7,0,1.7,120.8,120.8,122.8,Tripod,Other,,20,5,True,,True,False,,Smart,RC,False,True,False,,,True,,False,False,False,False,False,False,False,False,False,False,0,Follow Yaw,-77.9,0,112.7,112.7,False,False,False,False,False,,0,0,False,False,No Card,100,100,1024,1267,1024,1024,2,False,False,False,False,False,0,False,False,False,False,65,,46.068,,6527,,10044,,46.068,,True,3.84,3.84,3.84,3.84,3.84,3.84,3.84,3.84,3.84,3.84,3.84,3.84,0,,False,False,True,,,,,,,,,,,,,,,False,False,19.578,,105.6,,75.7,,105.6,,1223,125,,22,7,146788.2,19571.75,,Idle,,20,,10,,,20,Go Home,False,False,False,False,False,False,False,False,False,False,False,False,33.8027920380556,-117.4659261431046,4037.8,4043.5,1049.4,396.9,True,1,1,False,False,False,False,,True,False,False,Course Lock,196.8,67,16.4,93,NW,S,2.23,11.4,Calm,False,False,Android,7.0.2,M300 RTK,1ZN7L4R0H1D00F,1W9DL31001461C,1ZMLH8300204F0,1Z6PH74DAP0QN7,"Corona, CA",728.3,5.7,137.7,8.547347,2.013246,0,0,DJI Matrice 300 RTK,M300 RTK,1ZN7L4R0H1D00F,1W9DL31001461C,1ZMLH8300204F0,1Z6PH74DAP0QN7,DJI Pilot,Android,7.0.2,1EF72A62-B7C3-C88D-164E-CE6F8C8424AE,1ZN7L4R0H1D00F,1W9DL31001461C,,1ZMLH8300204F0,1W9DL31001461C,,,,,
2023-11-01,11:35:17.44 AM,10m 55.1s,655.1,33.7938911421686,-117.4738424698458,-29.1,137.7,21.9,1235,5718.8,2.30307,8.547335,-1.11847,2.23694,2.013246,5.816044,0,1.11847,-1.6,-0.1,1.6,120.8,120.8,112.7,Tripod,Other,,20,5,True,,True,False,,Smart,RC,False,True,False,,,True,,False,False,False,False,False,False,False,False,False,False,0,Follow Yaw,-77.9,0,112.7,112.7,False,False,False,False,False,,0,0,False,False,No Card,100,100,1024,1257,1024,1024,2,False,False,False,False,False,0,False,False,False,False,65,,46.068,,6527,,10044,,46.068,,True,3.84,3.84,3.84,3.84,3.84,3.84,3.84,3.84,3.84,3.84,3.84,3.84,0,,False,False,True,,,,,,,,,,,,,,,False,False,19.578,,105.6,,75.7,,105.6,,1223,125,,22,7,146788.2,19571.75,,Idle,,20,,10,,,20,Go Home,False,False,False,False,False,False,False,False,False,False,False,False,33.8027920380556,-117.4659261431046,4037.7,4043.5,1049.4,396.9,True,1,1,False,False,False,False,,True,False,False,Course Lock,196.8,67,16.4,93,NW,S,2.23,11.4,Calm,False,False,Android,7.0.2,M300 RTK,1ZN7L4R0H1D00F,1W9DL31001461C,1ZMLH8300204F0,1Z6PH74DAP0QN7,"Corona, CA",728.3,5.7,137.7,8.547347,2.013246,0,0,DJI Matrice 300 RTK,M300 RTK,1ZN7L4R0H1D00F,1W9DL31001461C,1ZMLH8300204F0,1Z6PH74DAP0QN7,DJI Pilot,Android,7.0.2,1EF72A62-B7C3-C88D-164E-CE6F8C8424AE,1ZN7L4R0H1D00F,1W9DL31001461C,,1ZMLH8300204F0,1W9DL31001461C,,,,,
2023-11-01,11:35:17.54 AM,10m 55.2s,655.2,33.7938906250239,-117.4738414433892,-29.1,137.7,21.9,1235,5719.2,2.30307,8.547335,-1.11847,2.23694,2.013246,5.816044,0,1.11847,-1.5,0,1.5,120.8,120.8,121.2,Tripod,Other,,20,5,True,,True,False,,Smart,RC,False,True,False,,,True,,False,False,False,False,False,False,False,False,False,False,0,Follow Yaw,-77.9,0,112.7,112.7,False,False,False,False,False,,0,0,False,False,No Card,100,100,1024,1256,1024,1024,2,False,False,False,False,False,0,False,False,False,False,65,,46.068,,6527,,10044,,46.068,,True,3.84,3.84,3.84,3.84,3.84,3.84,3.84,3.84,3.84,3.84,3.84,3.84,0,,False,False,True,,,,,,,,,,,,,,,False,False,19.578,,105.6,,75.7,,105.6,,1223,125,,22,7,146788.2,19571.75,,Idle,,20,,10,,,20,Go Home,False,False,False,False,False,False,False,False,False,False,False,False,33.8027920380556,-117.4659261431046,4037.7,4043.5,1049.4,396.9,True,1,1,False,False,False,False,,True,False,False,Course Lock,196.8,67,16.4,93,NW,S,2.23,11.4,Calm,False,False,Android,7.0.2,M300 RTK,1ZN7L4R0H1D00F,1W9DL31001461C,1ZMLH8300204F0,1Z6PH74DAP0QN7,"Corona, CA",728.3,5.7,137.7,8.547347,2.013246,0,0,DJI Matrice 300 RTK,M300 RTK,1ZN7L4R0H1D00F,1W9DL31001461C,1ZMLH8300204F0,1Z6PH74DAP0QN7,DJI Pilot,Android,7.0.2,1EF72A62-B7C3-C88D-164E-CE6F8C8424AE,1ZN7L4R0H1D00F,1W9DL31001461C,,1ZMLH8300204F0,1W9DL31001461C,,,,,
2023-11-01,11:35:17.64 AM,10m 55.3s,655.3,33.7938899407289,-117.4738404185407,-29.1,137.7,22.3,1235,5719.6,2.30307,8.547335,-1.11847,2.23694,2.013246,5.816044,0,1.11847,-1.5,0.1,1.5,120.7,120.7,128.7,Tripod,Other,,20,5,True,,True,False,,Smart,RC,False,True,False,,,True,,False,False,False,False,False,False,False,False,False,False,0,Follow Yaw,-77.9,0,112.7,112.7,False,False,False,False,False,,0,0,False,False,No Card,100,100,1024,1249,1024,1024,2,False,False,False,False,False,0,False,False,False,False,65,,46.068,,6527,,10044,,46.068,,True,3.84,3.84,3.84,3.84,3.84,3.84,3.84,3.84,3.84,3.84,3.84,3.84,0,,False,False,True,,,,,,,,,,,,,,,False,False,19.578,,105.6,,75.7,,105.6,,1220,125,,22,7,146811.1,19574.81,,Idle,,20,,10,,,20,Go Home,False,False,False,False,False,False,False,False,False,False,False,False,33.8027920380556,-117.4659261431046,4037.7,4043.5,1049.4,396.9,True,1,1,False,False,False,False,,True,False,False,Course Lock,196.8,67,16.4,93,NW,S,2.23,11.4,Calm,False,False,Android,7.0.2,M300 RTK,1ZN7L4R0H1D00F,1W9DL31001461C,1ZMLH8300204F0,1Z6PH74DAP0QN7,"Corona, CA",728.3,5.7,137.7,8.547347,2.013246,0,0,DJI Matrice 300 RTK,M300 RTK,1ZN7L4R0H1D00F,1W9DL31001461C,1ZMLH8300204F0,1Z6PH74DAP0QN7,DJI Pilot,Android,7.0.2,1EF72A62-B7C3-C88D-164E-CE6F8C8424AE,1ZN7L4R0H1D00F,1W9DL31001461C,,1ZMLH8300204F0,1W9DL31001461C,,,,,
2023-11-01,11:35:17.74 AM,10m 55.4s,655.4,33.7938894050805,-117.4738393572422,-29.1,137.7,21.9,1235,5720.0,2.30307,8.547335,-1.11847,2.23694,2.013246,5.816044,0,1.11847,-1.5,0.2,1.5,120.7,120.7,121.2,Tripod,Other,,20,5,True,,True,False,,Smart,RC,False,True,False,,,True,,False,False,False,False,False,False,False,False,False,False,0,Follow Yaw,-77.9,0,112.7,112.7,False,False,False,False,False,,0,0,False,False,No Card,100,100,1024,1248,1024,1024,2,False,False,False,False,False,0,False,False,False,False,65,,46.068,,6527,,10044,,46.068,,True,3.84,3.84,3.84,3.84,3.84,3.84,3.84,3.84,3.84,3.84,3.84,3.84,0,,False,False,True,,,,,,,,,,,,,,,False,False,19.578,,105.6,,75.7,,105.6,,1220,125,,22,7,146811.1,19574.81,,Idle,,20,,10,,,20,Go Home,False,False,False,False,False,False,False,False,False,False,False,False,33.8027920380556,-117.4659261431046,4037.7,4043.5,1049.4,396.9,True,1,1,False,False,False,False,,True,False,False,Course Lock,196.8,67,16.4,93,NW,S,2.23,11.4,Calm,False,False,Android,7.0.2,M300 RTK,1ZN7L4R0H1D00F,1W9DL31001461C,1ZMLH8300204F0,1Z6PH74DAP0QN7,"Corona, CA",728.3,5.7,137.7,8.547347,2.013246,0,0,DJI Matrice 300 RTK,M300 RTK,1ZN7L4R0H1D00F,1W9DL31001461C,1ZMLH8300204F0,1Z6PH74DAP0QN7,DJI Pilot,Android,7.0.2,1EF72A62-B7C3-C88D-164E-CE6F8C8424AE,1ZN7L4R0H1D00F,1W9DL31001461C,,1ZMLH8300204F0,1W9DL31001461C,,,,,
2023-11-01,11:35:17.85 AM,10m 55.5s,655.5,33.7938889579073,-117.4738380934891,-29.1,137.7,21.9,1235,5720.4,2.608697,8.547335,-1.342164,2.23694,2.23694,5.816044,0,1.11847,-1.4,0.3,1.4,120.6,120.6,113.0,Tripod,Other,,20,5,True,,True,False,,Smart,RC,False,True,False,,,True,,False,False,False,False,False,False,False,False,False,False,0,Follow Yaw,-77.9,0,112.7,112.7,False,False,False,False,False,,0,0,False,False,No Card,100,100,1024,1251,1024,1024,2,False,False,False,False,False,0,False,False,False,False,65,,46.068,,6527,,10044,,46.068,,True,3.84,3.84,3.84,3.84,3.84,3.84,3.84,3.84,3.84,3.84,3.84,3.84,0,,False,False,True,,,,,,,,,,,,,,,False,False,19.578,,105.6,,75.7,,105.6,,1220,125,,22,7,146811.1,19574.81,,Idle,,20,,10,,,20,Go Home,False,False,False,False,False,False,False,False,False,False,False,False,33.8027920380556,-117.4659261431046,4037.6,4043.5,1049.4,396.9,True,1,1,False,False,False,False,,True,False,False,Course Lock,196.8,67,16.4,93,NW,S,2.23,11.4,Calm,False,False,Android,7.0.2,M300 RTK,1ZN7L4R0H1D00F,1W9DL31001461C,1ZMLH8300204F0,1Z6PH74DAP0QN7,"Corona, CA",728.3,5.7,137.7,8.547347,2.013246,0,0,DJI Matrice 300 RTK,M300 RTK,1ZN7L4R0H1D00F,1W9DL31001461C,1ZMLH8300204F0,1Z6PH74DAP0QN7,DJI Pilot,Android,7.0.2,1EF72A62-B7C3-C88D-164E-CE6F8C8424AE,1ZN7L4R0H1D00F,1W9DL31001461C,,1ZMLH8300204F0,1W9DL31001461C,,,,,
2023-11-01,11:35:17.95 AM,10m 55.6s,655.6,33.7938884197232,-117.4738369863394,-29.1,137.7,21.9,1235,5720.8,2.608697,8.547335,-1.342164,2.23694,2.23694,5.816044,0,1.11847,-1.3,0.3,1.3,120.7,120.7,120.3,Tripod,Other,,20,5,True,,True,False,,Smart,RC,False,True,False,,,True,,False,False,False,False,False,False,False,False,False,False,0,Follow Yaw,-77.9,0,112.7,112.7,False,False,False,False,False,,0,0,False,False,No Card,100,100,1024,1252,1024,1024,2,False,False,False,False,False,0,False,False,False,False,65,,46.068,,6527,,10044,,46.068,,True,3.84,3.84,3.84,3.84,3.84,3.84,3.84,3.84,3.84,3.84,3.84,3.84,0,,False,False,True,,,,,,,,,,,,,,,False,False,19.578,,105.6,,75.7,,105.6,,1220,125,,22,7,146811.1,19574.81,,Idle,,20,,10,,,20,Go Home,False,False,False,False,False,False,False,False,False,False,False,False,33.8027920380556,-117.4659261431046,4037.5,4043.5,1049.4,396.9,True,1,1,False,False,False,False,,True,False,False,Course Lock,196.8,67,16.4,93,NW,S,2.23,11.4,Calm,False,False,Android,7.0.2,M300 RTK,1ZN7L4R0H1D00F,1W9DL31001461C,1ZMLH8300204F0,1Z6PH74DAP0QN7,"Corona, CA",728.3,5.7,137.7,8.547347,2.013246,0,0,DJI Matrice 300 RTK,M300 RTK,1ZN7L4R0H1D00F,1W9DL31001461C,1ZMLH8300204F0,1Z6PH74DAP0QN7,DJI Pilot,Android,7.0.2,1EF72A62-B7C3-C88D-164E-CE6F8C8424AE,1ZN7L4R0H1D00F,1W9DL31001461C,,1ZMLH8300204F0,1W9DL31001461C,,,,,
2023-11-01,11:35:18.05 AM,10m 55.7s,655.7,33.7938878054682,-117.4738361732229,-29.1,137.7,21.9,1235,5721.1,2.608697,8.547335,-1.342164,2.23694,2.23694,5.816044,0,1.11847,-1.2,0.4,1.2,120.7,120.7,132.2,Tripod,Other,,20,5,True,,True,False,,Smart,RC,False,True,False,,,True,,False,False,False,False,False,False,False,False,False,False,0,Follow Yaw,-77.9,0,112.7,112.7,False,False,False,False,False,,0,0,False,False,No Card,100,100,1024,1246,1024,1024,2,False,False,False,False,False,0,False,False,False,False,65,,46.068,,6527,,10044,,46.068,,True,3.84,3.84,3.84,3.84,3.84,3.84,3.84,3.84,3.84,3.84,3.84,3.84,0,,False,False,True,,,,,,,,,,,,,,,False,False,19.578,,105.6,,75.7,,105.6,,1220,125,,22,7,146811.1,19574.81,,Idle,,20,,10,,,20,Go Home,False,False,False,False,False,False,False,False,False,False,False,False,33.8027920380556,-117.4659261431046,4037.6,4043.5,1049.4,396.9,True,1,1,False,False,False,False,,True,False,False,Course Lock,196.8,67,16.4,93,NW,S,2.23,11.4,Calm,False,False,Android,7.0.2,M300 RTK,1ZN7L4R0H1D00F,1W9DL31001461C,1ZMLH8300204F0,1Z6PH74DAP0QN7,"Corona, CA",728.3,5.7,137.7,8.547347,2.013246,0,0,DJI Matrice 300 RTK,M300 RTK,1ZN7L4R0H1D00F,1W9DL31001461C,1ZMLH8300204F0,1Z6PH74DAP0QN7,DJI Pilot,Android,7.0.2,1EF72A62-B7C3-C88D-164E-CE6F8C8424AE,1ZN7L4R0H1D00F,1W9DL31001461C,,1ZMLH8300204F0,1W9DL31001461C,,,,,
2023-11-01,11:35:18.15 AM,10m 55.8s,655.8,33.7938872528923,-117.4738350698253,-29.1,137.7,21.9,1235,5721.5,2.608697,8.547335,-1.342164,2.23694,2.23694,5.816044,0,1.11847,-1.1,0.4,1.1,120.8,120.8,121.0,Tripod,Other,,20,5,True,,True,False,,Smart,RC,False,True,False,,,True,,False,False,False,False,False,False,False,False,False,False,0,Follow Yaw,-77.9,0,112.7,112.7,False,False,False,False,False,,0,0,False,False,No Card,100,100,1024,1240,1024,1024,2,False,False,False,False,False,0,False,False,False,False,65,,46.068,,6527,,10044,,46.068,,True,3.84,3.84,3.84,3.84,3.84,3.84,3.84,3.84,3.84,3.84,3.84,3.84,0,,False,False,True,,,,,,,,,,,,,,,False,False,19.578,,105.6,,75.7,,105.6,,1220,125,,22,7,146811.1,19574.81,,Idle,,20,,10,,,20,Go Home,False,False,False,False,False,False,False,False,False,False,False,False,33.8027920380556,-117.4659261431046,4037.5,4043.5,1049.4,396.9,True,1,1,False,False,False,False,,True,False,False,Course Lock,196.8,67,16.4,93,NW,S,2.23,11.4,Calm,False,False,Android,7.0.2,M300 RTK,1ZN7L4R0H1D00F,1W9DL31001461C,1ZMLH8300204F0,1Z6PH74DAP0QN7,"Corona, CA",728.3,5.7,137.7,8.547347,2.013246,0,0,DJI Matrice 300 RTK,M300 RTK,1ZN7L4R0H1D00F,1W9DL31001461C,1ZMLH8300204F0,1Z6PH74DAP0QN7,DJI Pilot,Android,7.0.2,1EF72A62-B7C3-C88D-164E-CE6F8C8424AE,1ZN7L4R0H1D00F,1W9DL31001461C,,1ZMLH8300204F0,1W9DL31001461C,,,,,
2023-11-01,11:35:18.26 AM,10m 55.9s,655.9,33.793886610402,-117.4738335825065,-29.1,137.7,21.9,1235,5722.0,2.608697,8.547335,-1.342164,2.23694,2.23694,5.816044,0,1.11847,-1.1,0.4,1.1,120.9,120.9,117.4,Tripod,Other,,20,5,True,,True,False,,Smart,RC,False,True,False,,,True,,False,False,False,False,False,False,False,False,False,False,0,Follow Yaw,-77.9,0,112.7,112.7,False,False,False,False,False,,0,0,False,False,No Card,100,100,1024,1238,1024,1024,2,False,False,False,False,False,0,False,False,False,False,65,,46.068,,6527,,10044,,46.068,,True,3.84,3.84,3.84,3.84,3.84,3.84,3.84,3.84,3.84,3.84,3.84,3.84,0,,False,False,True,,,,,,,,,,,,,,,False,False,19.578,,105.6,,75.7,,105.6,,1220,125,,22,7,146811.1,19574.81,,Idle,,20,,10,,,20,Go Home,False,False,False,False,False,False,False,False,False,False,False,False,33.8027920380556,-117.4659261431046,4037.5,4043.5,1049.4,396.9,True,1,1,False,False,False,False,,True,False,False,Course Lock,196.8,67,16.4,93,NW,S,2.23,11.4,Calm,False,False,Android,7.0.2,M300 RTK,1ZN7L4R0H1D00F,1W9DL31001461C,1ZMLH8300204F0,1Z6PH74DAP0QN7,"Corona, CA",728.3,5.7,137.7,8.547347,2.013246,0,0,DJI Matrice 300 RTK,M300 RTK,1ZN7L4R0H1D00F,1W9DL31001461C,1ZMLH8300204F0,1Z6PH74DAP0QN7,DJI Pilot,Android,7.0.2,1EF72A62-B7C3-C88D-164E-CE6F8C8424AE,1ZN7L4R0H1D00F,1W9DL31001461C,,1ZMLH8300204F0,1W9DL31001461C,,,,,
2023-11-01,11:35:18.36 AM,10m 56.0s,656.0,33.793886040556,-117.4738324366801,-29.1,137.7,21.9,1235,5722.4,2.608697,8.547335,-1.342164,2.23694,2.23694,5.816044,0,1.11847,-1.1,0.4,1.1,120.9,120.9,120.8,Tripod,Other,,20,5,True,,True,False,,Smart,RC,False,True,False,,,True,,False,False,False,False,False,False,False,False,False,False,0,Follow Yaw,-77.9,0,112.7,112.7,False,False,False,False,False,,0,0,False,False,No Card,100,100,1024,1238,1024,1024,2,False,False,False,False,False,0,False,False,False,False,65,,46.08,,6527,,10044,,46.08,,True,3.84,3.84,3.84,3.84,3.84,3.84,3.84,3.84,3.84,3.84,3.84,3.84,0,,False,False,True,,,,,,,,,,,,,,,False,False,19.404,,105.6,,75.7,,105.6,,1220,125,,22,7,146811.1,19574.81,,Idle,,20,,10,,,20,Go Home,False,False,False,False,False,False,False,False,False,False,False,False,33.8027920380556,-117.4659261431046,4037.4,4043.5,1049.4,396.9,True,1,1,False,False,False,False,,True,False,False,Course Lock,196.8,67,16.4,93,NW,S,2.23,11.4,Calm,False,False,Android,7.0.2,M300 RTK,1ZN7L4R0H1D00F,1W9DL31001461C,1ZMLH8300204F0,1Z6PH74DAP0QN7,"Corona, CA",728.3,5.7,137.7,8.547347,2.013246,0,0,DJI Matrice 300 RTK,M300 RTK,1ZN7L4R0H1D00F,1W9DL31001461C,1ZMLH8300204F0,1Z6PH74DAP0QN7,DJI Pilot,Android,7.0.2,1EF72A62-B7C3-C88D-164E-CE6F8C8424AE,1ZN7L4R0H1D00F,1W9DL31001461C,,1ZMLH8300204F0,1W9DL31001461C,,,,,
2023-11-01,11:35:18.46 AM,10m 56.1s,656.1,33.7938853468721,-117.4738314151303,-29.1,137.7,21.9,1235,5722.8,2.608697,8.547335,-1.342164,2.23694,2.23694,5.816044,0,1.11847,-1.1,0.4,1.1,120.8,120.8,129.2,Tripod,Other,,20,5,True,,True,False,,Smart,RC,False,True,False,,,True,,False,False,False,False,False,False,False,False,False,False,0,Follow Yaw,-77.9,0,112.7,112.7,False,False,False,False,False,,0,0,False,False,No Card,100,100,1024,1227,1024,1024,2,False,False,False,False,False,0,False,False,False,False,65,,46.08,,6527,,10044,,46.08,,True,3.84,3.84,3.84,3.84,3.84,3.84,3.84,3.84,3.84,3.84,3.84,3.84,0,,False,False,True,,,,,,,,,,,,,,,False,False,19.404,,105.6,,75.7,,105.6,,1220,125,,22,7,146811.1,19574.81,,Idle,,20,,10,,,20,Go Home,False,False,False,False,False,False,False,False,False,False,False,False,33.8027920380556,-117.4659261431046,4037.4,4043.5,1049.4,396.9,True,1,1,False,False,False,False,,True,False,False,Course Lock,196.8,67,16.4,93,NW,S,2.23,11.4,Calm,False,False,Android,7.0.2,M300 RTK,1ZN7L4R0H1D00F,1W9DL31001461C,1ZMLH8300204F0,1Z6PH74DAP0QN7,"Corona, CA",728.3,5.7,137.7,8.547347,2.013246,0,0,DJI Matrice 300 RTK,M300 RTK,1ZN7L4R0H1D00F,1W9DL31001461C,1ZMLH8300204F0,1Z6PH74DAP0QN7,DJI Pilot,Android,7.0.2,1EF72A62-B7C3-C88D-164E-CE6F8C8424AE,1ZN7L4R0H1D00F,1W9DL31001461C,,1ZMLH8300204F0,1W9DL31001461C,,,,,
2023-11-01,11:35:18.56 AM,10m 56.2s,656.2,33.7938847598245,-117.4738302704996,-29.1,137.7,22.3,1235,5723.2,2.608697,8.547335,-1.342164,2.23694,2.23694,5.816044,0,1.11847,-1,0.2,1,120.8,120.8,121.6,Tripod,Other,,20,5,True,,True,False,,Smart,RC,False,True,False,,,True,,False,False,False,False,False,False,False,False,False,False,0,Follow Yaw,-77.9,0,112.7,112.7,False,False,False,False,False,,0,0,False,False,No Card,100,100,1024,1227,1024,1024,2,False,False,False,False,False,0,False,False,False,False,65,,46.08,,6527,,10044,,46.08,,True,3.84,3.84,3.84,3.84,3.84,3.84,3.84,3.84,3.84,3.84,3.84,3.84,0,,False,False,True,,,,,,,,,,,,,,,False,False,19.404,,105.6,,75.7,,105.6,,1220,125,,22,7,146811.1,19574.81,,Idle,,20,,10,,,20,Go Home,False,False,False,False,False,False,False,False,False,False,False,False,33.8027920380556,-117.4659261431046,4037.4,4043.5,1049.4,396.9,True,1,1,False,False,False,False,,True,False,False,Course Lock,196.8,67,16.4,93,NW,S,2.23,11.4,Calm,False,False,Android,7.0.2,M300 RTK,1ZN7L4R0H1D00F,1W9DL31001461C,1ZMLH8300204F0,1Z6PH74DAP0QN7,"Corona, CA",728.3,5.7,137.7,8.547347,2.013246,0,0,DJI Matrice 300 RTK,M300 RTK,1ZN7L4R0H1D00F,1W9DL31001461C,1ZMLH8300204F0,1Z6PH74DAP0QN7,DJI Pilot,Android,7.0.2,1EF72A62-B7C3-C88D-164E-CE6F8C8424AE,1ZN7L4R0H1D00F,1W9DL31001461C,,1ZMLH8300204F0,1W9DL31001461C,,,,,
2023-11-01,11:35:18.67 AM,10m 56.3s,656.3,33.7938842278768,-117.473829039362,-29.1,137.7,21.9,1235,5723.6,2.608697,8.547335,-1.342164,2.23694,2.23694,5.816044,0,1.11847,-1,0.2,1,120.8,120.8,117.4,Tripod,Other,,20,5,True,,True,False,,Smart,RC,False,True,False,,,True,,False,False,False,False,False,False,False,False,False,False,0,Follow Yaw,-77.9,0,112.7,112.7,False,False,False,False,False,,0,0,False,False,No Card,100,100,1024,1227,1024,1024,2,False,False,False,False,False,0,False,False,False,False,65,,46.08,,6527,,10044,,46.08,,True,3.84,3.84,3.84,3.84,3.84,3.84,3.84,3.84,3.84,3.84,3.84,3.84,0,,False,False,True,,,,,,,,,,,,,,,False,False,19.404,,105.6,,75.7,,105.6,,1218,125,,22,7,146783.4,19571.12,,Idle,,20,,10,,,20,Go Home,False,False,False,False,False,False,False,False,False,False,False,False,33.8027920380556,-117.4659261431046,4037.3,4043.5,1049.4,396.9,True,1,1,False,False,False,False,,True,False,False,Course Lock,196.8,67,16.4,93,NW,S,2.23,11.4,Calm,False,False,Android,7.0.2,M300 RTK,1ZN7L4R0H1D00F,1W9DL31001461C,1ZMLH8300204F0,1Z6PH74DAP0QN7,"Corona, CA",728.3,5.7,137.7,8.547347,2.013246,0,0,DJI Matrice 300 RTK,M300 RTK,1ZN7L4R0H1D00F,1W9DL31001461C,1ZMLH8300204F0,1Z6PH74DAP0QN7,DJI Pilot,Android,7.0.2,1EF72A62-B7C3-C88D-164E-CE6F8C8424AE,1ZN7L4R0H1D00F,1W9DL31001461C,,1ZMLH8300204F0,1W9DL31001461C,,,,,
2023-11-01,11:35:18.77 AM,10m 56.4s,656.4,33.7938836487104,-117.4738278786093,-29.1,137.7,21.9,1235,5724.0,2.608697,8.547335,-1.342164,2.23694,2.23694,5.816044,0,1.11847,-1,0.2,1,120.8,120.8,120.9,Tripod,Other,,20,5,True,,True,False,,Smart,RC,False,True,False,,,True,,False,False,False,False,False,False,False,False,False,False,0,Follow Yaw,-77.9,0,112.7,112.7,False,False,False,False,False,,0,0,False,False,No Card,100,100,1024,1230,1024,1024,2,False,False,False,False,False,0,False,False,False,False,65,,46.08,,6527,,10044,,46.08,,True,3.84,3.84,3.84,3.84,3.84,3.84,3.84,3.84,3.84,3.84,3.84,3.84,0,,False,False,True,,,,,,,,,,,,,,,False,False,19.404,,105.6,,75.7,,105.6,,1218,125,,22,7,146783.4,19571.12,,Idle,,20,,10,,,20,Go Home,False,False,False,False,False,False,False,False,False,False,False,False,33.8027920380556,-117.4659261431046,4037.3,4043.5,1049.4,396.9,True,1,1,False,False,False,False,,True,False,False,Course Lock,196.8,67,16.4,93,NW,S,2.23,11.4,Calm,False,False,Android,7.0.2,M300 RTK,1ZN7L4R0H1D00F,1W9DL31001461C,1ZMLH8300204F0,1Z6PH74DAP0QN7,"Corona, CA",728.3,5.7,137.7,8.547347,2.013246,0,0,DJI Matrice 300 RTK,M300 RTK,1ZN7L4R0H1D00F,1W9DL31001461C,1ZMLH8300204F0,1Z6PH74DAP0QN7,DJI Pilot,Android,7.0.2,1EF72A62-B7C3-C88D-164E-CE6F8C8424AE,1ZN7L4R0H1D00F,1W9DL31001461C,,1ZMLH8300204F0,1W9DL31001461C,,,,,
2023-11-01,11:35:18.87 AM,10m 56.5s,656.5,33.7938830045068,-117.4738268457203,-29.1,137.7,21.9,1235,5724.4,2.608697,8.547335,-1.342164,2.23694,2.23694,5.816044,0,1.11847,-1.1,0.3,1.1,120.7,120.7,126.8,Tripod,Other,,20,5,True,,True,False,,Smart,RC,False,True,False,,,True,,False,False,False,False,False,False,False,False,False,False,0,Follow Yaw,-77.9,0,112.7,112.7,False,False,False,False,False,,0,0,False,False,No Card,100,100,1024,1234,1024,1024,2,False,False,False,False,False,0,False,False,False,False,65,,46.08,,6527,,10044,,46.08,,True,3.84,3.84,3.84,3.84,3.84,3.84,3.84,3.84,3.84,3.84,3.84,3.84,0,,False,False,True,,,,,,,,,,,,,,,False,False,19.404,,105.6,,75.7,,105.6,,1218,125,,22,7,146783.4,19571.12,,Idle,,20,,10,,,20,Go Home,False,False,False,False,False,False,False,False,False,False,False,False,33.8027920380556,-117.4659261431046,4037.3,4043.5,1049.4,396.9,True,1,1,False,False,False,False,,True,False,False,Course Lock,196.8,67,16.4,93,NW,S,2.23,11.4,Calm,False,False,Android,7.0.2,M300 RTK,1ZN7L4R0H1D00F,1W9DL31001461C,1ZMLH8300204F0,1Z6PH74DAP0QN7,"Corona, CA",728.3,5.7,137.7,8.547347,2.013246,0,0,DJI Matrice 300 RTK,M300 RTK,1ZN7L4R0H1D00F,1W9DL31001461C,1ZMLH8300204F0,1Z6PH74DAP0QN7,DJI Pilot,Android,7.0.2,1EF72A62-B7C3-C88D-164E-CE6F8C8424AE,1ZN7L4R0H1D00F,1W9DL31001461C,,1ZMLH8300204F0,1W9DL31001461C,,,,,
2023-11-01,11:35:18.98 AM,10m 56.6s,656.6,33.7938824283558,-117.4738256817102,-29.1,137.7,21.9,1235,5724.8,2.608697,8.547335,-1.342164,2.23694,2.23694,5.816044,0,1.11847,-1.2,0.5,1.3,120.7,120.7,120.7,Tripod,Other,,20,5,True,,True,False,,Smart,RC,False,True,False,,,True,,False,False,False,False,False,False,False,False,False,False,0,Follow Yaw,-77.9,0,112.7,112.7,False,False,False,False,False,,0,0,False,False,No Card,100,100,1024,1231,1024,1024,2,False,False,False,False,False,0,False,False,False,False,65,,46.08,,6527,,10044,,46.08,,True,3.84,3.84,3.84,3.84,3.84,3.84,3.84,3.84,3.84,3.84,3.84,3.84,0,,False,False,True,,,,,,,,,,,,,,,False,False,19.404,,105.6,,75.7,,105.6,,1218,125,,22,7,146783.4,19571.12,,Idle,,20,,10,,,20,Go Home,False,False,False,False,False,False,False,False,False,False,False,False,33.8027920380556,-117.4659261431046,4037.3,4043.5,1049.4,396.9,True,1,1,False,False,False,False,,True,False,False,Course Lock,196.8,67,16.4,93,NW,S,2.23,11.4,Calm,False,False,Android,7.0.2,M300 RTK,1ZN7L4R0H1D00F,1W9DL31001461C,1ZMLH8300204F0,1Z6PH74DAP0QN7,"Corona, CA",728.3,5.7,137.7,8.547347,2.013246,0,0,DJI Matrice 300 RTK,M300 RTK,1ZN7L4R0H1D00F,1W9DL31001461C,1ZMLH8300204F0,1Z6PH74DAP0QN7,DJI Pilot,Android,7.0.2,1EF72A62-B7C3-C88D-164E-CE6F8C8424AE,1ZN7L4R0H1D00F,1W9DL31001461C,,1ZMLH8300204F0,1W9DL31001461C,,,,,
2023-11-01,11:35:19.08 AM,10m 56.7s,656.7,33.7938819787839,-117.4738246507179,-29.1,137.7,21.9,1235,5725.2,2.608697,8.547335,-1.342164,2.23694,2.23694,5.816044,0,1.11847,-1.2,0.5,1.3,120.7,120.7,117.6,Tripod,Other,,20,5,True,,True,False,,Smart,RC,False,True,False,,,True,,False,False,False,False,False,False,False,False,False,False,0,Follow Yaw,-77.9,0,112.7,112.7,False,False,False,False,False,,0,0,False,False,No Card,100,100,1024,1229,1024,1024,2,False,False,False,False,False,0,False,False,False,False,65,,46.044,,3240,,4986,,46.044,,True,3.84,3.84,3.84,3.84,3.84,3.84,3.84,3.84,3.84,3.84,3.84,3.84,0,,False,False,True,,,,,,,,,,,,,,,False,False,9.736,,105.2,,75.7,,105.6,,1218,125,,22,7,146783.4,19571.12,,Idle,,20,,10,,,20,Go Home,False,False,False,False,False,False,False,False,False,False,False,False,33.8027920380556,-117.4659261431046,4037.2,4043.5,1049.4,396.9,True,1,1,False,False,False,False,,True,False,False,Course Lock,196.8,67,16.4,93,NW,S,2.23,11.4,Calm,False,False,Android,7.0.2,M300 RTK,1ZN7L4R0H1D00F,1W9DL31001461C,1ZMLH8300204F0,1Z6PH74DAP0QN7,"Corona, CA",728.3,5.7,137.7,8.547347,2.013246,0,0,DJI Matrice 300 RTK,M300 RTK,1ZN7L4R0H1D00F,1W9DL31001461C,1ZMLH8300204F0,1Z6PH74DAP0QN7,DJI Pilot,Android,7.0.2,1EF72A62-B7C3-C88D-164E-CE6F8C8424AE,1ZN7L4R0H1D00F,1W9DL31001461C,,1ZMLH8300204F0,1W9DL31001461C,,,,,
2023-11-01,11:35:19.14 AM,10m 56.8s,656.8,33.7938814074302,-117.4738234858418,-29.1,137.7,21.9,1235,5725.6,2.608697,8.547335,-1.342164,2.23694,2.23694,5.816044,0,1.11847,-1.2,0.4,1.2,120.7,120.7,120.5,Tripod,Other,,20,5,True,,True,False,,Smart,RC,False,True,False,,,True,,False,False,False,False,False,False,False,False,False,False,0,Follow Yaw,-77.9,0,112.7,112.7,False,False,False,False,False,,0,0,False,False,No Card,100,100,1024,1234,1024,1024,2,False,False,False,False,False,0,False,False,False,False,65,,46.044,,3240,,4986,,46.044,,True,3.84,3.84,3.84,3.84,3.84,3.84,3.84,3.84,3.84,3.84,3.84,3.84,0,,False,False,True,,,,,,,,,,,,,,,False,False,9.736,,105.2,,75.7,,105.6,,1218,125,,22,7,146783.4,19571.12,,Idle,,20,,10,,,20,Go Home,False,False,False,False,False,False,False,False,False,False,False,False,33.8027920380556,-117.4659261431046,4037.2,4043.5,1049.4,396.9,True,1,1,False,False,False,False,,True,False,False,Course Lock,196.8,67,16.4,93,NW,S,2.23,11.4,Calm,False,False,Android,7.0.2,M300 RTK,1ZN7L4R0H1D00F,1W9DL31001461C,1ZMLH8300204F0,1Z6PH74DAP0QN7,"Corona, CA",728.3,5.7,137.7,8.547347,2.013246,0,0,DJI Matrice 300 RTK,M300 RTK,1ZN7L4R0H1D00F,1W9DL31001461C,1ZMLH8300204F0,1Z6PH74DAP0QN7,DJI Pilot,Android,7.0.2,1EF72A62-B7C3-C88D-164E-CE6F8C8424AE,1ZN7L4R0H1D00F,1W9DL31001461C,,1ZMLH8300204F0,1W9DL31001461C,,,,,
2023-11-01,11:35:19.24 AM,10m 56.9s,656.9,33.7938807569216,-117.473822131005,-29.1,137.7,21.9,1235,5726.1,2.802877,8.547335,-1.342164,2.23694,2.460634,5.816044,0,1.11847,-1.3,0.4,1.3,120.7,120.7,120.0,Tripod,Other,,20,5,True,,True,False,,Smart,RC,False,True,False,,,True,,False,False,False,False,False,False,False,False,False,False,0,Follow Yaw,-77.9,0,112.7,112.7,False,False,False,False,False,,0,0,False,False,No Card,100,100,1024,1233,1024,1024,2,False,False,False,False,False,0,False,False,False,False,65,,46.044,,3240,,4986,,46.044,,True,3.84,3.84,3.84,3.84,3.84,3.84,3.84,3.84,3.84,3.84,3.84,3.84,0,,False,False,True,,,,,,,,,,,,,,,False,False,9.736,,105.2,,75.7,,105.6,,1218,125,,22,7,146783.4,19571.12,,Idle,,20,,10,,,20,Go Home,False,False,False,False,False,False,False,False,False,False,False,False,33.8027920380556,-117.4659261431046,4037.1,4043.5,1049.4,396.9,True,1,1,False,False,False,False,,True,False,False,Course Lock,196.8,67,16.4,93,NW,S,2.23,11.4,Calm,False,False,Android,7.0.2,M300 RTK,1ZN7L4R0H1D00F,1W9DL31001461C,1ZMLH8300204F0,1Z6PH74DAP0QN7,"Corona, CA",728.3,5.7,137.7,8.547347,2.013246,0,0,DJI Matrice 300 RTK,M300 RTK,1ZN7L4R0H1D00F,1W9DL31001461C,1ZMLH8300204F0,1Z6PH74DAP0QN7,DJI Pilot,Android,7.0.2,1EF72A62-B7C3-C88D-164E-CE6F8C8424AE,1ZN7L4R0H1D00F,1W9DL31001461C,,1ZMLH8300204F0,1W9DL31001461C,,,,,
2023-11-01,11:35:19.34 AM,10m 57.0s,657.0,33.7938801791944,-117.4738209426672,-29.1,137.7,21.9,1235,5726.5,2.802877,8.547335,-1.342164,2.23694,2.460634,5.816044,0,1.11847,-1.4,0.5,1.4,120.8,120.8,120.3,Tripod,Other,,20,5,True,,True,False,,Smart,RC,False,True,False,,,True,,False,False,False,False,False,False,False,False,False,False,0,Follow Yaw,-77.9,0,112.7,112.7,False,False,False,False,False,,0,0,False,False,No Card,100,100,1024,1230,1024,1024,2,False,False,False,False,False,0,False,False,False,False,65,,46.08,,6527,,10044,,46.08,,True,3.84,3.84,3.84,3.84,3.84,3.84,3.84,3.84,3.84,3.84,3.84,3.84,0,,False,False,True,,,,,,,,,,,,,,,False,False,18.974,,105.6,,75.7,,105.6,,1218,125,,22,7,146783.4,19571.12,,Idle,,20,,10,,,20,Go Home,False,False,False,False,False,False,False,False,False,False,False,False,33.8027920380556,-117.4659261431046,4037.1,4043.5,1049.4,396.9,True,1,1,False,False,False,False,,True,False,False,Course Lock,196.8,67,16.4,93,NW,S,2.23,11.4,Calm,False,False,Android,7.0.2,M300 RTK,1ZN7L4R0H1D00F,1W9DL31001461C,1ZMLH8300204F0,1Z6PH74DAP0QN7,"Corona, CA",728.3,5.7,137.7,8.547347,2.013246,0,0,DJI Matrice 300 RTK,M300 RTK,1ZN7L4R0H1D00F,1W9DL31001461C,1ZMLH8300204F0,1Z6PH74DAP0QN7,DJI Pilot,Android,7.0.2,1EF72A62-B7C3-C88D-164E-CE6F8C8424AE,1ZN7L4R0H1D00F,1W9DL31001461C,,1ZMLH8300204F0,1W9DL31001461C,,,,,
2023-11-01,11:35:19.44 AM,10m 57.1s,657.1,33.7938795154591,-117.4738198090871,-29.1,137.7,21.9,1235,5726.9,2.802877,8.547335,-1.342164,2.23694,2.460634,5.816044,0,1.11847,-1.4,0.6,1.5,120.8,120.8,125.1,Tripod,Other,,20,5,True,,True,False,,Smart,RC,False,True,False,,,True,,False,False,False,False,False,False,False,False,False,False,0,Follow Yaw,-77.9,0,112.7,112.7,False,False,False,False,False,,0,0,False,False,No Card,100,100,1024,1230,1024,1024,2,False,False,False,False,False,0,False,False,False,False,65,,46.08,,6527,,10044,,46.08,,True,3.84,3.84,3.84,3.84,3.84,3.84,3.84,3.84,3.84,3.84,3.84,3.84,0,,False,False,True,,,,,,,,,,,,,,,False,False,18.974,,105.6,,75.7,,105.6,,1218,125,,22,7,146783.4,19571.12,,Idle,,20,,10,,,20,Go Home,False,False,False,False,False,False,False,False,False,False,False,False,33.8027920380556,-117.4659261431046,4037.1,4043.5,1049.4,396.9,True,1,1,False,False,False,False,,True,False,False,Course Lock,196.8,67,16.4,93,NW,S,2.23,11.4,Calm,False,False,Android,7.0.2,M300 RTK,1ZN7L4R0H1D00F,1W9DL31001461C,1ZMLH8300204F0,1Z6PH74DAP0QN7,"Corona, CA",728.3,5.7,137.7,8.547347,2.013246,0,0,DJI Matrice 300 RTK,M300 RTK,1ZN7L4R0H1D00F,1W9DL31001461C,1ZMLH8300204F0,1Z6PH74DAP0QN7,DJI Pilot,Android,7.0.2,1EF72A62-B7C3-C88D-164E-CE6F8C8424AE,1ZN7L4R0H1D00F,1W9DL31001461C,,1ZMLH8300204F0,1W9DL31001461C,,,,,
2023-11-01,11:35:19.54 AM,10m 57.2s,657.2,33.7938789235457,-117.4738186126678,-29.1,137.7,21.9,1235,5727.3,2.802877,8.547335,-1.342164,2.23694,2.460634,5.816044,0,1.11847,-1.4,0.8,1.6,120.9,120.9,120.7,Tripod,Other,,20,5,True,,True,False,,Smart,RC,False,True,False,,,True,,False,False,False,False,False,False,False,False,False,False,0,Follow Yaw,-77.9,0,112.7,112.7,False,False,False,False,False,,0,0,False,False,No Card,100,100,1024,1131,1024,1024,2,False,False,False,False,False,0,False,False,False,False,65,,46.08,,6527,,10044,,46.08,,True,3.84,3.84,3.84,3.84,3.84,3.84,3.84,3.84,3.84,3.84,3.84,3.84,0,,False,False,True,,,,,,,,,,,,,,,False,False,18.974,,105.6,,75.7,,105.6,,1218,125,,22,7,146783.4,19571.12,,Idle,,20,,10,,,20,Go Home,False,False,False,False,False,False,False,False,False,False,False,False,33.8027920380556,-117.4659261431046,4037.0,4043.5,1049.4,396.9,True,1,1,False,False,False,False,,True,False,False,Course Lock,196.8,67,16.4,93,NW,S,2.23,11.4,Calm,False,False,Android,7.0.2,M300 RTK,1ZN7L4R0H1D00F,1W9DL31001461C,1ZMLH8300204F0,1Z6PH74DAP0QN7,"Corona, CA",728.3,5.7,137.7,8.547347,2.013246,0,0,DJI Matrice 300 RTK,M300 RTK,1ZN7L4R0H1D00F,1W9DL31001461C,1ZMLH8300204F0,1Z6PH74DAP0QN7,DJI Pilot,Android,7.0.2,1EF72A62-B7C3-C88D-164E-CE6F8C8424AE,1ZN7L4R0H1D00F,1W9DL31001461C,,1ZMLH8300204F0,1W9DL31001461C,,,,,
2023-11-01,11:35:19.64 AM,10m 57.3s,657.3,33.7938782763952,-117.4738173363386,-29.1,137.7,21.9,1235,5727.8,2.802877,8.547335,-1.342164,2.23694,2.460634,5.816044,0,1.11847,-1.3,1,1.6,120.9,120.9,121.3,Tripod,Other,,20,5,True,,True,False,,Smart,RC,False,True,False,,,True,,False,False,False,False,False,False,False,False,False,False,0,Follow Yaw,-77.9,0,112.7,112.7,False,False,False,False,False,,0,0,False,False,No Card,100,100,1024,1036,1024,1024,2,False,False,False,False,False,0,False,False,False,False,65,,46.08,,6527,,10044,,46.08,,True,3.839,3.839,3.839,3.839,3.839,3.839,3.839,3.839,3.839,3.839,3.839,3.839,0,,False,False,True,,,,,,,,,,,,,,,False,False,18.974,,105.6,,75.7,,105.6,,1216,125,,22,7,146626.4,19550.19,,Idle,,20,,10,,,20,Go Home,False,False,False,False,False,False,False,False,False,False,False,False,33.8027920380556,-117.4659261431046,4037.0,4043.5,1049.4,396.9,True,1,1,False,False,False,False,,True,False,False,Course Lock,196.8,67,16.4,93,NW,S,2.23,11.4,Calm,False,False,Android,7.0.2,M300 RTK,1ZN7L4R0H1D00F,1W9DL31001461C,1ZMLH8300204F0,1Z6PH74DAP0QN7,"Corona, CA",728.3,5.7,137.7,8.547347,2.013246,0,0,DJI Matrice 300 RTK,M300 RTK,1ZN7L4R0H1D00F,1W9DL31001461C,1ZMLH8300204F0,1Z6PH74DAP0QN7,DJI Pilot,Android,7.0.2,1EF72A62-B7C3-C88D-164E-CE6F8C8424AE,1ZN7L4R0H1D00F,1W9DL31001461C,,1ZMLH8300204F0,1W9DL31001461C,,,,,
2023-11-01,11:35:19.74 AM,10m 57.4s,657.4,33.7938776659781,-117.473816133322,-29.1,137.7,21.9,1235,5728.2,2.802877,8.547335,-1.342164,2.23694,2.460634,5.816044,0,1.11847,-1.2,1,1.5,121,121,121.4,Tripod,Other,,20,5,True,,True,False,,Smart,RC,False,True,False,,,True,,False,False,False,False,False,False,False,False,False,False,0,Follow Yaw,-77.9,0,112.7,112.7,False,False,False,False,False,,0,0,False,False,No Card,100,100,1024,1024,1024,1024,2,False,False,False,False,False,0,False,False,False,False,65,,46.08,,6527,,10044,,46.08,,True,3.839,3.839,3.839,3.839,3.839,3.839,3.839,3.839,3.839,3.839,3.839,3.839,0,,False,False,True,,,,,,,,,,,,,,,False,False,18.974,,105.6,,75.7,,105.6,,1216,125,,22,7,146626.4,19550.19,,Idle,,20,,10,,,20,Go Home,False,False,False,False,False,False,False,False,False,False,False,False,33.8027920380556,-117.4659261431046,4036.9,4043.5,1049.4,396.9,True,1,1,False,False,False,False,,True,False,False,Course Lock,196.8,67,16.4,93,NW,S,2.01,11.4,Calm,False,False,Android,7.0.2,M300 RTK,1ZN7L4R0H1D00F,1W9DL31001461C,1ZMLH8300204F0,1Z6PH74DAP0QN7,"Corona, CA",728.3,5.7,137.7,8.547347,2.013246,0,0,DJI Matrice 300 RTK,M300 RTK,1ZN7L4R0H1D00F,1W9DL31001461C,1ZMLH8300204F0,1Z6PH74DAP0QN7,DJI Pilot,Android,7.0.2,1EF72A62-B7C3-C88D-164E-CE6F8C8424AE,1ZN7L4R0H1D00F,1W9DL31001461C,,1ZMLH8300204F0,1W9DL31001461C,,,,,
2023-11-01,11:35:19.84 AM,10m 57.5s,657.5,33.7938770014204,-117.4738149013596,-29.1,137.7,21.6,1235,5728.7,2.802877,8.547335,-1.342164,2.23694,2.460634,5.816044,0,1.11847,-1,0.7,1.2,120.9,120.9,122.9,Tripod,Other,,20,5,True,,True,False,,Smart,RC,False,True,False,,,True,,False,False,False,False,False,False,False,False,False,False,0,Follow Yaw,-77.9,0,112.7,112.7,False,False,False,False,False,,0,0,False,False,No Card,100,100,1024,1024,1024,1024,2,False,False,False,False,False,0,False,False,False,False,65,,46.08,,6527,,10044,,46.08,,True,3.839,3.839,3.839,3.839,3.839,3.839,3.839,3.839,3.839,3.839,3.839,3.839,0,,False,False,True,,,,,,,,,,,,,,,False,False,18.974,,105.6,,75.7,,105.6,,1216,125,,22,7,146626.4,19550.19,,Idle,,20,,10,,,20,Go Home,False,False,False,False,False,False,False,False,False,False,False,False,33.8027920380556,-117.4659261431046,4036.9,4043.5,1049.4,396.9,True,1,1,False,False,False,False,,True,False,False,Course Lock,196.8,67,16.4,93,NW,S,2.01,11.4,Calm,False,False,Android,7.0.2,M300 RTK,1ZN7L4R0H1D00F,1W9DL31001461C,1ZMLH8300204F0,1Z6PH74DAP0QN7,"Corona, CA",728.3,5.7,137.7,8.547347,2.013246,0,0,DJI Matrice 300 RTK,M300 RTK,1ZN7L4R0H1D00F,1W9DL31001461C,1ZMLH8300204F0,1Z6PH74DAP0QN7,DJI Pilot,Android,7.0.2,1EF72A62-B7C3-C88D-164E-CE6F8C8424AE,1ZN7L4R0H1D00F,1W9DL31001461C,,1ZMLH8300204F0,1W9DL31001461C,,,,,
2023-11-01,11:35:19.94 AM,10m 57.6s,657.6,33.793876374624,-117.473813701889,-29.1,137.7,21.9,1235,5729.1,2.802877,8.547335,-1.342164,2.23694,2.460634,5.816044,0,1.11847,1.5,0.4,1.5,120.9,120.9,122.1,Tripod,Other,,20,5,True,,True,False,,Smart,RC,False,True,False,,,True,,False,False,False,False,False,False,False,False,False,False,0,Follow Yaw,-77.9,0,112.7,112.7,False,False,False,False,False,,0,0,False,False,No Card,100,100,1024,1024,1024,1024,2,False,False,False,False,False,0,False,False,False,False,65,,46.08,,6527,,10044,,46.08,,True,3.839,3.839,3.839,3.839,3.839,3.839,3.839,3.839,3.839,3.839,3.839,3.839,0,,False,False,True,,,,,,,,,,,,,,,False,False,18.974,,105.6,,75.7,,105.6,,1216,125,,22,7,146626.4,19550.19,,Idle,,20,,10,,,20,Go Home,False,False,False,False,False,False,False,False,False,False,False,False,33.8027920380556,-117.4659261431046,4036.9,4043.5,1049.4,396.9,True,1,1,False,False,False,False,,True,False,False,Course Lock,196.8,67,16.4,93,NW,S,2.01,11.4,Calm,False,False,Android,7.0.2,M300 RTK,1ZN7L4R0H1D00F,1W9DL31001461C,1ZMLH8300204F0,1Z6PH74DAP0QN7,"Corona, CA",728.3,5.7,137.7,8.547347,2.013246,0,0,DJI Matrice 300 RTK,M300 RTK,1ZN7L4R0H1D00F,1W9DL31001461C,1ZMLH8300204F0,1Z6PH74DAP0QN7,DJI Pilot,Android,7.0.2,1EF72A62-B7C3-C88D-164E-CE6F8C8424AE,1ZN7L4R0H1D00F,1W9DL31001461C,,1ZMLH8300204F0,1W9DL31001461C,,,,,
2023-11-01,11:35:20.04 AM,10m 57.7s,657.7,33.7938757583816,-117.4738125589077,-29.1,137.7,21.9,1235,5729.5,2.608697,8.547335,-1.342164,2.23694,2.23694,5.816044,0,1.11847,7,0,7,120.9,120.9,122.9,Tripod,Other,,20,5,True,,True,False,,Smart,RC,False,True,False,,,True,,False,False,False,False,False,False,False,False,False,False,0,Follow Yaw,-77.9,0,112.7,112.7,False,False,False,False,False,,0,0,False,False,No Card,100,100,1024,1024,1024,1024,2,False,False,False,False,False,0,False,False,False,False,65,,46.08,,6527,,10044,,46.08,,True,3.839,3.839,3.839,3.839,3.839,3.839,3.839,3.839,3.839,3.839,3.839,3.839,0,,False,False,True,,,,,,,,,,,,,,,False,False,18.974,,105.6,,75.7,,105.6,,1216,125,,22,7,146626.4,19550.19,,Idle,,20,,10,,,20,Go Home,False,False,False,False,False,False,False,False,False,False,False,False,33.8027920380556,-117.4659261431046,4036.9,4043.5,1049.4,396.9,True,1,1,False,False,False,False,,True,False,False,Course Lock,196.8,67,16.4,93,NW,S,2.01,11.4,Calm,False,False,Android,7.0.2,M300 RTK,1ZN7L4R0H1D00F,1W9DL31001461C,1ZMLH8300204F0,1Z6PH74DAP0QN7,"Corona, CA",728.3,5.7,137.7,8.547347,2.013246,0,0,DJI Matrice 300 RTK,M300 RTK,1ZN7L4R0H1D00F,1W9DL31001461C,1ZMLH8300204F0,1Z6PH74DAP0QN7,DJI Pilot,Android,7.0.2,1EF72A62-B7C3-C88D-164E-CE6F8C8424AE,1ZN7L4R0H1D00F,1W9DL31001461C,,1ZMLH8300204F0,1W9DL31001461C,,,,,
2023-11-01,11:35:20.14 AM,10m 57.8s,657.8,33.7938752145094,-117.4738115141436,-29.1,137.7,21.9,1235,5729.9,2.30307,8.547335,-1.11847,2.23694,2.013246,5.816044,0,1.11847,10.7,0,10.7,120.9,120.9,122.0,Tripod,Other,,20,5,True,,True,False,,Smart,RC,False,True,False,,,True,,False,False,False,False,False,False,False,False,False,False,0,Follow Yaw,-77.9,0,112.7,112.7,False,False,False,False,False,,0,0,False,False,No Card,100,100,1024,1024,1024,1024,2,False,False,False,False,False,0,False,False,False,False,65,,46.08,,6527,,10044,,46.08,,True,3.839,3.839,3.839,3.839,3.839,3.839,3.839,3.839,3.839,3.839,3.839,3.839,0,,False,False,True,,,,,,,,,,,,,,,False,False,18.974,,105.6,,75.7,,105.6,,1216,125,,22,7,146626.4,19550.19,,Idle,,20,,10,,,20,Go Home,False,False,False,False,False,False,False,False,False,False,False,False,33.8027920380556,-117.4659261431046,4036.8,4043.5,1049.4,396.9,True,1,1,False,False,False,False,,True,False,False,Course Lock,196.8,67,16.4,93,NW,S,2.01,11.4,Calm,False,False,Android,7.0.2,M300 RTK,1ZN7L4R0H1D00F,1W9DL31001461C,1ZMLH8300204F0,1Z6PH74DAP0QN7,"Corona, CA",728.3,5.7,137.7,8.547347,2.013246,0,0,DJI Matrice 300 RTK,M300 RTK,1ZN7L4R0H1D00F,1W9DL31001461C,1ZMLH8300204F0,1Z6PH74DAP0QN7,DJI Pilot,Android,7.0.2,1EF72A62-B7C3-C88D-164E-CE6F8C8424AE,1ZN7L4R0H1D00F,1W9DL31001461C,,1ZMLH8300204F0,1W9DL31001461C,,,,,
2023-11-01,11:35:20.21 AM,10m 57.9s,657.9,33.7938748249718,-117.4738105042627,-29.1,137.7,21.9,1235,5730.2,1.803478,8.547335,-0.894776,2.23694,1.565858,5.816044,0,1.11847,11.2,0.3,11.2,121,121,114.8,Tripod,Other,,20,5,True,,True,False,,Smart,RC,False,True,False,,,True,,False,False,False,False,False,False,False,False,False,False,0,Follow Yaw,-77.9,0,112.7,112.7,False,False,False,False,False,,0,0,False,False,No Card,100,100,1024,1024,1024,1024,2,False,False,False,False,False,0,False,False,False,False,65,,46.08,,6527,,10044,,46.08,,True,3.839,3.839,3.839,3.839,3.839,3.839,3.839,3.839,3.839,3.839,3.839,3.839,0,,False,False,True,,,,,,,,,,,,,,,False,False,18.974,,105.6,,75.7,,105.6,,1216,125,,22,7,146626.4,19550.19,,Idle,,20,,10,,,20,Go Home,False,False,False,False,False,False,False,False,False,False,False,False,33.8027920380556,-117.4659261431046,4036.8,4043.5,1049.4,396.9,True,1,1,False,False,False,False,,True,False,False,Course Lock,196.8,67,16.4,93,NW,S,2.01,11.4,Calm,False,False,Android,7.0.2,M300 RTK,1ZN7L4R0H1D00F,1W9DL31001461C,1ZMLH8300204F0,1Z6PH74DAP0QN7,"Corona, CA",728.3,5.7,137.7,8.547347,2.013246,0,0,DJI Matrice 300 RTK,M300 RTK,1ZN7L4R0H1D00F,1W9DL31001461C,1ZMLH8300204F0,1Z6PH74DAP0QN7,DJI Pilot,Android,7.0.2,1EF72A62-B7C3-C88D-164E-CE6F8C8424AE,1ZN7L4R0H1D00F,1W9DL31001461C,,1ZMLH8300204F0,1W9DL31001461C,,,,,
2023-11-01,11:35:20.32 AM,10m 58.0s,658.0,33.7938744771704,-117.473809809815,-29.1,137.7,21.9,1235,5730.5,1.304348,8.547335,-0.671082,2.23694,1.11847,5.816044,0,1.11847,9.3,0.5,9.3,121.1,121.1,121.0,Tripod,Other,,20,5,True,,True,False,,Smart,RC,False,True,False,,,True,,False,False,False,False,False,False,False,False,False,False,0,Follow Yaw,-77.9,0,112.7,112.7,False,False,False,False,False,,0,0,False,False,No Card,100,100,1024,1024,1024,1024,2,False,False,False,False,False,0,False,False,False,False,65,,46.08,,3240,,4986,,46.08,,True,3.839,3.839,3.839,3.839,3.839,3.839,3.839,3.839,3.839,3.839,3.839,3.839,0,,False,False,True,,,,,,,,,,,,,,,False,False,9.472,,105.4,,75.7,,105.6,,1216,125,,22,7,146626.4,19550.19,,Idle,,20,,10,,,20,Go Home,False,False,False,False,False,False,False,False,False,False,False,False,33.8027920380556,-117.4659261431046,4036.7,4043.5,1049.4,396.9,True,1,1,False,False,False,False,,True,False,False,Course Lock,196.8,67,16.4,93,NW,S,2.01,11.4,Calm,False,False,Android,7.0.2,M300 RTK,1ZN7L4R0H1D00F,1W9DL31001461C,1ZMLH8300204F0,1Z6PH74DAP0QN7,"Corona, CA",728.3,5.7,137.7,8.547347,2.013246,0,0,DJI Matrice 300 RTK,M300 RTK,1ZN7L4R0H1D00F,1W9DL31001461C,1ZMLH8300204F0,1Z6PH74DAP0QN7,DJI Pilot,Android,7.0.2,1EF72A62-B7C3-C88D-164E-CE6F8C8424AE,1ZN7L4R0H1D00F,1W9DL31001461C,,1ZMLH8300204F0,1W9DL31001461C,,,,,
2023-11-01,11:35:20.42 AM,10m 58.1s,658.1,33.7938741142919,-117.473809109842,-29.1,137.7,21.9,1235,5730.7,1.000389,8.547335,-0.447388,2.23694,0.894776,5.816044,0,1.11847,6.4,0.7,6.4,121.1,121.1,121.9,Tripod,Other,,20,5,True,,True,False,,Smart,RC,False,True,False,,,True,,False,False,False,False,False,False,False,False,False,False,0,Follow Yaw,-77.9,0,112.7,112.7,False,False,False,False,False,,0,0,False,False,No Card,100,100,1024,1024,1024,1024,2,False,False,False,False,False,0,False,False,False,False,65,,46.08,,3240,,4986,,46.08,,True,3.839,3.839,3.839,3.839,3.839,3.839,3.839,3.839,3.839,3.839,3.839,3.839,0,,False,False,True,,,,,,,,,,,,,,,False,False,9.472,,105.4,,75.7,,105.6,,1216,125,,22,7,146626.4,19550.19,,Idle,,20,,10,,,20,Go Home,False,False,False,False,False,False,False,False,False,False,False,False,33.8027920380556,-117.4659261431046,4036.7,4043.5,1049.4,396.9,True,1,1,False,False,False,False,,True,False,False,Course Lock,196.8,67,16.4,93,NW,S,2.01,11.4,Calm,False,False,Android,7.0.2,M300 RTK,1ZN7L4R0H1D00F,1W9DL31001461C,1ZMLH8300204F0,1Z6PH74DAP0QN7,"Corona, CA",728.3,5.7,137.7,8.547347,2.013246,0,0,DJI Matrice 300 RTK,M300 RTK,1ZN7L4R0H1D00F,1W9DL31001461C,1ZMLH8300204F0,1Z6PH74DAP0QN7,DJI Pilot,Android,7.0.2,1EF72A62-B7C3-C88D-164E-CE6F8C8424AE,1ZN7L4R0H1D00F,1W9DL31001461C,,1ZMLH8300204F0,1W9DL31001461C,,,,,
2023-11-01,11:35:20.52 AM,10m 58.2s,658.2,33.793873882173,-117.473808653804,-29.1,137.7,21.9,1235,5730.9,0.80654,8.547335,-0.447388,2.23694,0.671082,5.816044,0,1.11847,3.9,0.5,3.9,121,121,121.4,Tripod,Other,,20,5,True,,True,False,,Smart,RC,False,True,False,,,True,,False,False,False,False,False,False,False,False,False,False,0,Follow Yaw,-77.9,0,112.7,112.7,False,False,False,False,False,,0,0,False,False,No Card,100,100,1024,1024,1024,1024,2,False,False,False,False,False,0,False,False,False,False,65,,46.08,,3240,,4986,,46.08,,True,3.839,3.839,3.839,3.839,3.839,3.839,3.839,3.839,3.839,3.839,3.839,3.839,0,,False,False,True,,,,,,,,,,,,,,,False,False,9.472,,105.4,,75.7,,105.6,,1216,125,,22,7,146626.4,19550.19,,Idle,,20,,10,,,20,Go Home,False,False,False,False,False,False,False,False,False,False,False,False,33.8027920380556,-117.4659261431046,4036.7,4043.5,1049.4,396.9,True,1,1,False,False,False,False,,True,False,False,Course Lock,196.8,67,16.4,93,NW,S,2.01,11.4,Calm,False,False,Android,7.0.2,M300 RTK,1ZN7L4R0H1D00F,1W9DL31001461C,1ZMLH8300204F0,1Z6PH74DAP0QN7,"Corona, CA",728.3,5.7,137.7,8.547347,2.013246,0,0,DJI Matrice 300 RTK,M300 RTK,1ZN7L4R0H1D00F,1W9DL31001461C,1ZMLH8300204F0,1Z6PH74DAP0QN7,DJI Pilot,Android,7.0.2,1EF72A62-B7C3-C88D-164E-CE6F8C8424AE,1ZN7L4R0H1D00F,1W9DL31001461C,,1ZMLH8300204F0,1W9DL31001461C,,,,,
2023-11-01,11:35:20.64 AM,10m 58.3s,658.3,33.793873597764,-117.4738083608841,-29.1,137.7,21.9,1235,5731.0,0.80654,8.547335,-0.447388,2.23694,0.671082,5.816044,0,1.11847,2.3,0.2,2.3,120.9,120.9,139.4,Tripod,Other,,20,5,True,,True,False,,Smart,RC,False,True,False,,,True,,False,False,False,False,False,False,False,False,False,False,0,Follow Yaw,-77.9,0,112.7,112.7,False,False,False,False,False,,0,0,False,False,No Card,100,100,1024,1047,1024,1024,2,False,False,False,False,False,0,False,False,False,False,65,,46.08,,3240,,4986,,46.08,,True,3.84,3.84,3.84,3.84,3.84,3.84,3.84,3.84,3.84,3.84,3.84,3.84,0,,False,False,True,,,,,,,,,,,,,,,False,False,9.472,,105.4,,75.7,,105.6,,1214,125,,21,7,146234.3,19497.90,,Idle,,20,,10,,,20,Go Home,False,False,False,False,False,False,False,False,False,False,False,False,33.8027920380556,-117.4659261431046,4036.7,4043.5,1049.4,396.9,True,1,1,False,False,False,False,,True,False,False,Course Lock,196.8,67,16.4,93,W,SE,2.01,11.4,Calm,False,False,Android,7.0.2,M300 RTK,1ZN7L4R0H1D00F,1W9DL31001461C,1ZMLH8300204F0,1Z6PH74DAP0QN7,"Corona, CA",728.3,5.7,137.7,8.547347,2.013246,0,0,DJI Matrice 300 RTK,M300 RTK,1ZN7L4R0H1D00F,1W9DL31001461C,1ZMLH8300204F0,1Z6PH74DAP0QN7,DJI Pilot,Android,7.0.2,1EF72A62-B7C3-C88D-164E-CE6F8C8424AE,1ZN7L4R0H1D00F,1W9DL31001461C,,1ZMLH8300204F0,1W9DL31001461C,,,,,
2023-11-01,11:35:20.73 AM,10m 58.4s,658.4,33.793873421636,-117.4738080319265,-29.1,137.7,21.9,1235,5731.1,0.500194,8.547335,-0.223694,2.23694,0.447388,5.816044,0,1.11847,1.6,0.2,1.6,120.8,120.8,122.7,Tripod,Other,,20,5,True,,True,False,,Smart,RC,False,True,False,,,True,,False,False,False,False,False,False,False,False,False,False,0,Follow Yaw,-77.9,0,112.7,112.7,False,False,False,False,False,,0,0,False,False,No Card,100,100,1024,1150,1024,1024,2,False,False,False,False,False,0,False,False,False,False,65,,46.08,,3240,,4986,,46.08,,True,3.84,3.84,3.84,3.84,3.84,3.84,3.84,3.84,3.84,3.84,3.84,3.84,0,,False,False,True,,,,,,,,,,,,,,,False,False,9.472,,105.4,,75.7,,105.6,,1214,125,,21,7,146234.3,19497.90,,Idle,,20,,10,,,20,Go Home,False,False,False,False,False,False,False,False,False,False,False,False,33.8027920380556,-117.4659261431046,4036.7,4043.5,1049.4,396.9,True,1,1,False,False,False,False,,True,False,False,Course Lock,196.8,67,16.4,93,W,SE,2.01,11.4,Calm,False,False,Android,7.0.2,M300 RTK,1ZN7L4R0H1D00F,1W9DL31001461C,1ZMLH8300204F0,1Z6PH74DAP0QN7,"Corona, CA",728.3,5.7,137.7,8.547347,2.013246,0,0,DJI Matrice 300 RTK,M300 RTK,1ZN7L4R0H1D00F,1W9DL31001461C,1ZMLH8300204F0,1Z6PH74DAP0QN7,DJI Pilot,Android,7.0.2,1EF72A62-B7C3-C88D-164E-CE6F8C8424AE,1ZN7L4R0H1D00F,1W9DL31001461C,,1ZMLH8300204F0,1W9DL31001461C,,,,,
2023-11-01,11:35:20.83 AM,10m 58.5s,658.5,33.7938733359707,-117.4738076567054,-29.1,137.7,21.9,1235,5731.2,0.500194,8.547335,-0.223694,2.23694,0.447388,5.816044,0,1.11847,2.1,0.2,2.1,120.7,120.7,105.3,Tripod,Other,,20,5,True,,True,False,,Smart,RC,False,True,False,,,True,,False,False,False,False,False,False,False,False,False,False,0,Follow Yaw,-77.9,0,112.7,112.7,False,False,False,False,False,,0,0,False,False,No Card,100,100,1024,1183,1024,1024,2,False,False,False,False,False,0,False,False,False,False,65,,46.08,,3240,,4986,,46.08,,True,3.84,3.84,3.84,3.84,3.84,3.84,3.84,3.84,3.84,3.84,3.84,3.84,0,,False,False,True,,,,,,,,,,,,,,,False,False,9.472,,105.4,,75.7,,105.6,,1214,125,,21,7,146234.3,19497.90,,Idle,,20,,10,,,20,Go Home,False,False,False,False,False,False,False,False,False,False,False,False,33.8027920380556,-117.4659261431046,4036.7,4043.5,1049.4,396.9,True,1,1,False,False,False,False,,True,False,False,Course Lock,196.8,67,16.4,93,W,SE,2.01,11.4,Calm,False,False,Android,7.0.2,M300 RTK,1ZN7L4R0H1D00F,1W9DL31001461C,1ZMLH8300204F0,1Z6PH74DAP0QN7,"Corona, CA",728.3,5.7,137.7,8.547347,2.013246,0,0,DJI Matrice 300 RTK,M300 RTK,1ZN7L4R0H1D00F,1W9DL31001461C,1ZMLH8300204F0,1Z6PH74DAP0QN7,DJI Pilot,Android,7.0.2,1EF72A62-B7C3-C88D-164E-CE6F8C8424AE,1ZN7L4R0H1D00F,1W9DL31001461C,,1ZMLH8300204F0,1W9DL31001461C,,,,,
2023-11-01,11:35:20.94 AM,10m 58.6s,658.6,33.7938732067873,-117.4738073851442,-29.1,137.7,21.9,1235,5731.3,0.500194,8.547335,-0.223694,2.23694,0.447388,5.816044,0,1.11847,2.5,0.3,2.5,120.7,120.7,119.7,Tripod,Other,,20,5,True,,True,False,,Smart,RC,False,True,False,,,True,,False,False,False,False,False,False,False,False,False,False,0,Follow Yaw,-77.9,0,112.7,112.7,False,False,False,False,False,,0,0,False,False,No Card,100,100,1024,1199,1024,1024,2,False,False,False,False,False,0,False,False,False,False,65,,46.08,,3240,,4986,,46.08,,True,3.84,3.84,3.84,3.84,3.84,3.84,3.84,3.84,3.84,3.84,3.84,3.84,0,,False,False,True,,,,,,,,,,,,,,,False,False,9.472,,105.4,,75.7,,105.6,,1214,125,,21,7,146234.3,19497.90,,Idle,,20,,10,,,20,Go Home,False,False,False,False,False,False,False,False,False,False,False,False,33.8027920380556,-117.4659261431046,4036.7,4043.5,1049.4,396.9,True,1,1,False,False,False,False,,True,False,False,Course Lock,196.8,67,16.4,93,W,SE,2.01,11.4,Calm,False,False,Android,7.0.2,M300 RTK,1ZN7L4R0H1D00F,1W9DL31001461C,1ZMLH8300204F0,1Z6PH74DAP0QN7,"Corona, CA",728.3,5.7,137.7,8.547347,2.013246,0,0,DJI Matrice 300 RTK,M300 RTK,1ZN7L4R0H1D00F,1W9DL31001461C,1ZMLH8300204F0,1Z6PH74DAP0QN7,DJI Pilot,Android,7.0.2,1EF72A62-B7C3-C88D-164E-CE6F8C8424AE,1ZN7L4R0H1D00F,1W9DL31001461C,,1ZMLH8300204F0,1W9DL31001461C,,,,,
2023-11-01,11:35:21.04 AM,10m 58.7s,658.7,33.7938730148969,-117.4738070721851,-29.1,137.7,21.9,1235,5731.5,0.223694,8.547335,0,2.23694,0.223694,5.816044,0,1.11847,1.9,0.5,1.9,120.6,120.6,126.4,Tripod,Other,,20,5,True,,True,False,,Smart,RC,False,True,False,,,True,,False,False,False,False,False,False,False,False,False,False,0,Follow Yaw,-77.9,0,112.7,112.7,False,False,False,False,False,,0,0,False,False,No Card,100,100,1024,1260,1024,1024,2,False,False,False,False,False,0,False,False,False,False,65,,46.08,,3240,,4986,,46.08,,True,3.84,3.84,3.84,3.84,3.84,3.84,3.84,3.84,3.84,3.84,3.84,3.84,0,,False,False,True,,,,,,,,,,,,,,,False,False,9.472,,105.4,,75.7,,105.6,,1214,125,,21,7,146234.3,19497.90,,Idle,,20,,10,,,20,Go Home,False,False,False,False,False,False,False,False,False,False,False,False,33.8027920380556,-117.4659261431046,4036.7,4043.5,1049.4,396.9,True,1,1,False,False,False,False,,True,False,False,Course Lock,196.8,67,16.4,93,W,SE,2.01,11.4,Calm,False,False,Android,7.0.2,M300 RTK,1ZN7L4R0H1D00F,1W9DL31001461C,1ZMLH8300204F0,1Z6PH74DAP0QN7,"Corona, CA",728.3,5.7,137.7,8.547347,2.013246,0,0,DJI Matrice 300 RTK,M300 RTK,1ZN7L4R0H1D00F,1W9DL31001461C,1ZMLH8300204F0,1Z6PH74DAP0QN7,DJI Pilot,Android,7.0.2,1EF72A62-B7C3-C88D-164E-CE6F8C8424AE,1ZN7L4R0H1D00F,1W9DL31001461C,,1ZMLH8300204F0,1W9DL31001461C,,,,,
2023-11-01,11:35:21.14 AM,10m 58.8s,658.8,33.7938729081921,-117.4738068582678,-29.1,137.7,21.9,1235,5731.5,0.223694,8.547335,0,2.23694,0.223694,5.816044,0,1.11847,0.8,0.6,1,120.5,120.5,120.9,Tripod,Other,,20,5,True,,True,False,,Smart,RC,False,True,False,,,True,,False,False,False,False,False,False,False,False,False,False,0,Follow Yaw,-77.9,0,112.7,112.7,False,False,False,False,False,,0,0,False,False,No Card,100,100,1024,1276,1024,1024,2,False,False,False,False,False,0,False,False,False,False,65,,46.08,,3240,,4986,,46.08,,True,3.84,3.84,3.84,3.84,3.84,3.84,3.84,3.84,3.84,3.84,3.84,3.84,0,,False,False,True,,,,,,,,,,,,,,,False,False,9.472,,105.4,,75.7,,105.6,,1214,125,,21,7,146234.3,19497.90,,Idle,,20,,10,,,20,Go Home,False,False,False,False,False,False,False,False,False,False,False,False,33.8027920380556,-117.4659261431046,4036.7,4043.5,1049.4,396.9,True,1,1,False,False,False,False,,True,False,False,Course Lock,196.8,67,16.4,93,W,SE,2.01,11.4,Calm,False,False,Android,7.0.2,M300 RTK,1ZN7L4R0H1D00F,1W9DL31001461C,1ZMLH8300204F0,1Z6PH74DAP0QN7,"Corona, CA",728.3,5.7,137.7,8.547347,2.013246,0,0,DJI Matrice 300 RTK,M300 RTK,1ZN7L4R0H1D00F,1W9DL31001461C,1ZMLH8300204F0,1Z6PH74DAP0QN7,DJI Pilot,Android,7.0.2,1EF72A62-B7C3-C88D-164E-CE6F8C8424AE,1ZN7L4R0H1D00F,1W9DL31001461C,,1ZMLH8300204F0,1W9DL31001461C,,,,,
2023-11-01,11:35:21.24 AM,10m 58.9s,658.9,33.7938728842058,-117.4738070716902,-29.1,137.7,21.9,1235,5731.6,0.223694,8.547335,0,2.23694,0.223694,5.816044,0,1.11847,-0.3,0.7,0.7,120.5,120.5,262.2,Tripod,Other,,20,5,True,,True,False,,Smart,RC,False,True,False,,,True,,False,False,False,False,False,False,False,False,False,False,0,Follow Yaw,-77.9,0,112.7,112.7,False,False,False,False,False,,0,0,False,False,No Card,100,100,1024,1281,1024,1024,2,False,False,False,False,False,0,False,False,False,False,65,,46.08,,3240,,4986,,46.08,,True,3.84,3.84,3.84,3.84,3.84,3.84,3.84,3.84,3.84,3.84,3.84,3.84,0,,False,False,True,,,,,,,,,,,,,,,False,False,9.472,,105.4,,75.7,,105.6,,1214,125,,21,7,146234.3,19497.90,,Idle,,20,,10,,,20,Go Home,False,False,False,False,False,False,False,False,False,False,False,False,33.8027920380556,-117.4659261431046,4036.7,4043.5,1049.4,396.9,True,1,1,False,False,False,False,,True,False,False,Course Lock,196.8,67,16.4,93,W,SE,1.78,11.4,Calm,False,True,Android,7.0.2,M300 RTK,1ZN7L4R0H1D00F,1W9DL31001461C,1ZMLH8300204F0,1Z6PH74DAP0QN7,"Corona, CA",728.3,5.7,137.7,8.547347,2.013246,0,0,DJI Matrice 300 RTK,M300 RTK,1ZN7L4R0H1D00F,1W9DL31001461C,1ZMLH8300204F0,1Z6PH74DAP0QN7,DJI Pilot,Android,7.0.2,1EF72A62-B7C3-C88D-164E-CE6F8C8424AE,1ZN7L4R0H1D00F,1W9DL31001461C,,1ZMLH8300204F0,1W9DL31001461C,,,,,
2023-11-01,11:35:21.35 AM,10m 59.0s,659.0,33.7938727772269,-117.4738068929036,-29.1,137.7,21.9,1235,5731.7,0.223694,8.547335,0,2.23694,0.223694,5.816044,0,1.11847,-1,0.6,1.1,120.4,120.4,125.7,Tripod,Other,,20,5,True,,True,False,,Smart,RC,False,True,False,,,True,,False,False,False,False,False,False,False,False,False,False,0,Follow Yaw,-77.9,0,112.7,112.7,False,False,False,False,False,,0,0,False,False,No Card,100,100,1024,1285,1024,1024,2,False,False,False,False,False,0,False,False,False,False,65,,46.08,,6527,,10044,,46.08,,True,3.84,3.84,3.84,3.84,3.84,3.84,3.84,3.84,3.84,3.84,3.84,3.84,0,,False,False,True,,,,,,,,,,,,,,,False,False,19.676,,105.8,,75.7,,105.8,,1214,125,,21,7,146234.3,19497.90,,Idle,,20,,10,,,20,Go Home,False,False,False,False,False,False,False,False,False,False,False,False,33.8027920380556,-117.4659261431046,4036.7,4043.5,1049.4,396.9,True,1,1,False,False,False,False,,True,False,False,Course Lock,196.8,67,16.4,93,W,SE,1.78,11.4,Calm,False,False,Android,7.0.2,M300 RTK,1ZN7L4R0H1D00F,1W9DL31001461C,1ZMLH8300204F0,1Z6PH74DAP0QN7,"Corona, CA",728.3,5.7,137.7,8.547347,2.013246,0,0,DJI Matrice 300 RTK,M300 RTK,1ZN7L4R0H1D00F,1W9DL31001461C,1ZMLH8300204F0,1Z6PH74DAP0QN7,DJI Pilot,Android,7.0.2,1EF72A62-B7C3-C88D-164E-CE6F8C8424AE,1ZN7L4R0H1D00F,1W9DL31001461C,,1ZMLH8300204F0,1W9DL31001461C,,,,,
2023-11-01,11:35:21.45 AM,10m 59.1s,659.1,33.7938727561189,-117.4738066720591,-29.1,137.7,21.9,1235,5731.7,0.223694,8.547335,0,2.23694,0.223694,5.816044,0,1.11847,-1.5,0.6,1.6,120.5,120.5,96.5,Tripod,Other,,20,5,True,,True,False,,Smart,RC,False,True,False,,,True,,False,False,False,False,False,False,False,False,False,False,0,Follow Yaw,-77.9,0,112.7,112.7,False,False,False,False,False,,0,0,False,False,No Card,100,100,1024,1305,1024,1024,2,False,False,False,False,False,0,False,False,False,False,65,,46.08,,6527,,10044,,46.08,,True,3.84,3.84,3.84,3.84,3.84,3.84,3.84,3.84,3.84,3.84,3.84,3.84,0,,False,False,True,,,,,,,,,,,,,,,False,False,19.676,,105.8,,75.7,,105.8,,1214,125,,21,7,146234.3,19497.90,,Idle,,20,,10,,,20,Go Home,False,False,False,False,False,False,False,False,False,False,False,False,33.8027920380556,-117.4659261431046,4036.7,4043.5,1049.4,396.9,True,1,1,False,False,False,False,,True,False,False,Course Lock,196.8,67,16.4,93,W,SE,1.78,11.4,Calm,False,False,Android,7.0.2,M300 RTK,1ZN7L4R0H1D00F,1W9DL31001461C,1ZMLH8300204F0,1Z6PH74DAP0QN7,"Corona, CA",728.3,5.7,137.7,8.547347,2.013246,0,0,DJI Matrice 300 RTK,M300 RTK,1ZN7L4R0H1D00F,1W9DL31001461C,1ZMLH8300204F0,1Z6PH74DAP0QN7,DJI Pilot,Android,7.0.2,1EF72A62-B7C3-C88D-164E-CE6F8C8424AE,1ZN7L4R0H1D00F,1W9DL31001461C,,1ZMLH8300204F0,1W9DL31001461C,,,,,
2023-11-01,11:35:21.55 AM,10m 59.2s,659.2,33.7938726312531,-117.4738064508024,-29.1,137.7,21.9,1235,5731.8,0.316351,8.547335,-0.223694,2.23694,0.223694,5.816044,0,1.11847,-1.7,0.4,1.7,120.5,120.5,124.1,Tripod,Other,,20,5,True,,True,False,,Smart,RC,False,True,False,,,True,,False,False,False,False,False,False,False,False,False,False,0,Follow Yaw,-77.9,0,112.7,112.7,False,False,False,False,False,,0,0,False,False,No Card,100,100,1024,1305,1024,1024,2,False,False,False,False,False,0,False,False,False,False,65,,46.08,,6527,,10044,,46.08,,True,3.84,3.84,3.84,3.84,3.84,3.84,3.84,3.84,3.84,3.84,3.84,3.84,0,,False,False,True,,,,,,,,,,,,,,,False,False,19.676,,105.8,,75.7,,105.8,,1214,125,,21,7,146234.3,19497.90,,Idle,,20,,10,,,20,Go Home,False,False,False,False,False,False,False,False,False,False,False,False,33.8027920380556,-117.4659261431046,4036.7,4043.5,1049.4,396.9,True,1,1,False,False,False,False,,True,False,False,Course Lock,196.8,67,16.4,93,W,SE,1.78,11.4,Calm,False,False,Android,7.0.2,M300 RTK,1ZN7L4R0H1D00F,1W9DL31001461C,1ZMLH8300204F0,1Z6PH74DAP0QN7,"Corona, CA",728.3,5.7,137.7,8.547347,2.013246,0,0,DJI Matrice 300 RTK,M300 RTK,1ZN7L4R0H1D00F,1W9DL31001461C,1ZMLH8300204F0,1Z6PH74DAP0QN7,DJI Pilot,Android,7.0.2,1EF72A62-B7C3-C88D-164E-CE6F8C8424AE,1ZN7L4R0H1D00F,1W9DL31001461C,,1ZMLH8300204F0,1W9DL31001461C,,,,,
2023-11-01,11:35:21.65 AM,10m 59.3s,659.3,33.7938723269011,-117.47380630426,-29.1,137.7,21.9,1235,5731.9,0.500194,8.547335,-0.223694,2.23694,0.447388,5.816044,0,1.11847,-1.9,0.3,1.9,120.5,120.5,158.1,Tripod,Other,,20,5,True,,True,False,,Smart,RC,False,True,False,,,True,,False,False,False,False,False,False,False,False,False,False,0,Follow Yaw,-77.9,0,112.7,112.7,False,False,False,False,False,,0,0,False,False,No Card,100,100,1024,1370,1024,1024,2,False,False,False,False,False,0,False,False,False,False,65,,46.08,,6527,,10044,,46.08,,True,3.841,3.841,3.841,3.841,3.841,3.841,3.841,3.841,3.841,3.841,3.841,3.841,0,,False,False,True,,,,,,,,,,,,,,,False,False,19.676,,105.8,,75.7,,105.8,,1213,125,,21,7,145754.7,19433.97,,Idle,,20,,10,,,20,Go Home,False,False,False,False,False,False,False,False,False,False,False,False,33.8027920380556,-117.4659261431046,4036.7,4043.5,1049.4,396.9,True,1,1,False,False,False,False,,True,False,False,Course Lock,196.8,67,16.4,93,W,SE,1.78,11.4,Calm,False,False,Android,7.0.2,M300 RTK,1ZN7L4R0H1D00F,1W9DL31001461C,1ZMLH8300204F0,1Z6PH74DAP0QN7,"Corona, CA",728.3,5.7,137.7,8.547347,2.013246,0,0,DJI Matrice 300 RTK,M300 RTK,1ZN7L4R0H1D00F,1W9DL31001461C,1ZMLH8300204F0,1Z6PH74DAP0QN7,DJI Pilot,Android,7.0.2,1EF72A62-B7C3-C88D-164E-CE6F8C8424AE,1ZN7L4R0H1D00F,1W9DL31001461C,,1ZMLH8300204F0,1W9DL31001461C,,,,,
2023-11-01,11:35:21.76 AM,10m 59.4s,659.4,33.7938721541312,-117.4738060247821,-29.1,137.7,21.9,1235,5732.0,0.500194,8.547335,-0.223694,2.23694,0.447388,5.816044,0,1.11847,-2,0.4,2,120.6,120.6,126.6,Tripod,Other,,20,5,True,,True,False,,Smart,RC,False,True,False,,,True,,False,False,False,False,False,False,False,False,False,False,0,Follow Yaw,-77.9,0,112.7,112.7,False,False,False,False,False,,0,0,False,False,No Card,100,100,1024,1384,1024,1024,2,False,False,False,False,False,0,False,False,False,False,65,,46.08,,6527,,10044,,46.08,,True,3.841,3.841,3.841,3.841,3.841,3.841,3.841,3.841,3.841,3.841,3.841,3.841,0,,False,False,True,,,,,,,,,,,,,,,False,False,19.676,,105.8,,75.7,,105.8,,1213,125,,21,7,145754.7,19433.97,,Idle,,20,,10,,,20,Go Home,False,False,False,False,False,False,False,False,False,False,False,False,33.8027920380556,-117.4659261431046,4036.7,4043.5,1049.4,396.9,True,1,1,False,False,False,False,,True,False,False,Course Lock,196.8,67,16.4,93,W,SE,1.78,11.4,Calm,False,False,Android,7.0.2,M300 RTK,1ZN7L4R0H1D00F,1W9DL31001461C,1ZMLH8300204F0,1Z6PH74DAP0QN7,"Corona, CA",728.3,5.7,137.7,8.547347,2.013246,0,0,DJI Matrice 300 RTK,M300 RTK,1ZN7L4R0H1D00F,1W9DL31001461C,1ZMLH8300204F0,1Z6PH74DAP0QN7,DJI Pilot,Android,7.0.2,1EF72A62-B7C3-C88D-164E-CE6F8C8424AE,1ZN7L4R0H1D00F,1W9DL31001461C,,1ZMLH8300204F0,1W9DL31001461C,,,,,
2023-11-01,11:35:21.86 AM,10m 59.5s,659.5,33.7938721711958,-117.4738057895061,-29.1,137.7,21.9,1235,5732.1,0.500194,8.547335,-0.223694,2.23694,0.447388,5.816044,0,1.11847,-2.2,0.4,2.2,120.6,120.6,85.0,Tripod,Other,,20,5,True,,True,False,,Smart,RC,False,True,False,,,True,,False,False,False,False,False,False,False,False,False,False,0,Follow Yaw,-77.9,0,112.7,112.7,False,False,False,False,False,,0,0,False,False,No Card,100,100,1024,1406,1024,1024,2,False,False,False,False,False,0,False,False,False,False,65,,46.08,,6527,,10044,,46.08,,True,3.841,3.841,3.841,3.841,3.841,3.841,3.841,3.841,3.841,3.841,3.841,3.841,0,,False,False,True,,,,,,,,,,,,,,,False,False,19.676,,105.8,,75.7,,105.8,,1213,125,,21,7,145754.7,19433.97,,Idle,,20,,10,,,20,Go Home,False,False,False,False,False,False,False,False,False,False,False,False,33.8027920380556,-117.4659261431046,4036.7,4043.5,1049.4,396.9,True,1,1,False,False,False,False,,True,False,False,Course Lock,196.8,67,16.4,93,W,SE,1.78,11.4,Calm,False,False,Android,7.0.2,M300 RTK,1ZN7L4R0H1D00F,1W9DL31001461C,1ZMLH8300204F0,1Z6PH74DAP0QN7,"Corona, CA",728.3,5.7,137.7,8.547347,2.013246,0,0,DJI Matrice 300 RTK,M300 RTK,1ZN7L4R0H1D00F,1W9DL31001461C,1ZMLH8300204F0,1Z6PH74DAP0QN7,DJI Pilot,Android,7.0.2,1EF72A62-B7C3-C88D-164E-CE6F8C8424AE,1ZN7L4R0H1D00F,1W9DL31001461C,,1ZMLH8300204F0,1W9DL31001461C,,,,,
2023-11-01,11:35:21.96 AM,10m 59.6s,659.6,33.7938719746451,-117.473805437458,-29.1,137.7,21.9,1235,5732.2,0.80654,8.547335,-0.447388,2.23694,0.671082,5.816044,0,1.11847,-2.6,0.4,2.6,120.7,120.7,123.8,Tripod,Other,,20,5,True,,True,False,,Smart,RC,False,True,False,,,True,,False,False,False,False,False,False,False,False,False,False,0,Follow Yaw,-77.9,0,112.7,112.7,False,False,False,False,False,,0,0,False,False,No Card,100,100,1024,1431,1024,1024,2,False,False,False,False,False,0,False,False,False,False,65,,46.08,,6527,,10044,,46.08,,True,3.841,3.841,3.841,3.841,3.841,3.841,3.841,3.841,3.841,3.841,3.841,3.841,0,,False,False,True,,,,,,,,,,,,,,,False,False,19.676,,105.8,,75.7,,105.8,,1213,125,,21,7,145754.7,19433.97,,Idle,,20,,10,,,20,Go Home,False,False,False,False,False,False,False,False,False,False,False,False,33.8027920380556,-117.4659261431046,4036.7,4043.5,1049.4,396.9,True,1,1,False,False,False,False,,True,False,False,Course Lock,196.8,67,16.4,93,W,SE,1.78,11.4,Calm,False,False,Android,7.0.2,M300 RTK,1ZN7L4R0H1D00F,1W9DL31001461C,1ZMLH8300204F0,1Z6PH74DAP0QN7,"Corona, CA",728.3,5.7,137.7,8.547347,2.013246,0,0,DJI Matrice 300 RTK,M300 RTK,1ZN7L4R0H1D00F,1W9DL31001461C,1ZMLH8300204F0,1Z6PH74DAP0QN7,DJI Pilot,Android,7.0.2,1EF72A62-B7C3-C88D-164E-CE6F8C8424AE,1ZN7L4R0H1D00F,1W9DL31001461C,,1ZMLH8300204F0,1W9DL31001461C,,,,,
2023-11-01,11:35:22.07 AM,10m 59.7s,659.7,33.793871684685,-117.4738052489402,-29.1,137.7,21.9,1235,5732.4,0.80654,8.547335,-0.447388,2.23694,0.671082,5.816044,0,1.11847,-3,0.5,3,120.7,120.7,151.6,Tripod,Other,,20,5,True,,True,False,,Smart,RC,False,True,False,,,True,,False,False,False,False,False,False,False,False,False,False,0,Follow Yaw,-77.9,0,112.7,112.7,False,False,False,False,False,,0,0,False,False,No Card,100,100,1024,1457,1024,1024,2,False,False,False,False,False,0,False,False,False,False,65,,46.056,,3240,,4986,,46.056,,True,3.841,3.841,3.841,3.841,3.841,3.841,3.841,3.841,3.841,3.841,3.841,3.841,0,,False,False,True,,,,,,,,,,,,,,,False,False,9.828,,105.4,,75.7,,105.8,,1213,125,,21,7,145754.7,19433.97,,Idle,,20,,10,,,20,Go Home,False,False,False,False,False,False,False,False,False,False,False,False,33.8027920380556,-117.4659261431046,4036.7,4043.5,1049.4,396.9,True,1,1,False,False,False,False,,True,False,False,Course Lock,196.8,67,16.4,93,W,SE,1.78,11.4,Calm,False,False,Android,7.0.2,M300 RTK,1ZN7L4R0H1D00F,1W9DL31001461C,1ZMLH8300204F0,1Z6PH74DAP0QN7,"Corona, CA",728.3,5.7,137.7,8.547347,2.013246,0,0,DJI Matrice 300 RTK,M300 RTK,1ZN7L4R0H1D00F,1W9DL31001461C,1ZMLH8300204F0,1Z6PH74DAP0QN7,DJI Pilot,Android,7.0.2,1EF72A62-B7C3-C88D-164E-CE6F8C8424AE,1ZN7L4R0H1D00F,1W9DL31001461C,,1ZMLH8300204F0,1W9DL31001461C,,,,,
2023-11-01,11:35:22.17 AM,10m 59.8s,659.8,33.7938714337883,-117.473804814261,-29.1,137.7,21.9,1235,5732.5,1.000389,8.547335,-0.447388,2.23694,0.894776,5.816044,0,1.11847,-3.5,0.5,3.5,120.8,120.8,124.7,Tripod,Other,,20,5,True,,True,False,,Smart,RC,False,True,False,,,True,,False,False,False,False,False,False,False,False,False,False,0,Follow Yaw,-77.9,0,112.7,112.7,False,False,False,False,False,,0,0,False,False,No Card,100,100,1024,1457,1024,1024,2,False,False,False,False,False,0,False,False,False,False,65,,46.056,,3240,,4986,,46.056,,True,3.841,3.841,3.841,3.841,3.841,3.841,3.841,3.841,3.841,3.841,3.841,3.841,0,,False,False,True,,,,,,,,,,,,,,,False,False,9.828,,105.4,,75.7,,105.8,,1213,125,,21,7,145754.7,19433.97,,Idle,,20,,10,,,20,Go Home,False,False,False,False,False,False,False,False,False,False,False,False,33.8027920380556,-117.4659261431046,4036.7,4043.5,1049.4,396.9,True,1,1,False,False,False,False,,True,False,False,Course Lock,196.8,67,16.4,93,W,SE,1.78,11.4,Calm,False,False,Android,7.0.2,M300 RTK,1ZN7L4R0H1D00F,1W9DL31001461C,1ZMLH8300204F0,1Z6PH74DAP0QN7,"Corona, CA",728.3,5.7,137.7,8.547347,2.013246,0,0,DJI Matrice 300 RTK,M300 RTK,1ZN7L4R0H1D00F,1W9DL31001461C,1ZMLH8300204F0,1Z6PH74DAP0QN7,DJI Pilot,Android,7.0.2,1EF72A62-B7C3-C88D-164E-CE6F8C8424AE,1ZN7L4R0H1D00F,1W9DL31001461C,,1ZMLH8300204F0,1W9DL31001461C,,,,,
2023-11-01,11:35:22.27 AM,10m 59.9s,659.9,33.7938710428115,-117.473804220587,-29.1,137.7,21.9,1235,5732.8,1.11847,8.547335,-0.671082,2.23694,0.894776,5.816044,0,1.11847,-4,0.5,4,120.8,120.8,128.3,Tripod,Other,,20,5,True,,True,False,,Smart,RC,False,True,False,,,True,,False,False,False,False,False,False,False,False,False,False,0,Follow Yaw,-77.9,0,112.7,112.7,False,False,False,False,False,,0,0,False,False,No Card,100,100,1024,1473,1024,991,2,False,False,False,False,False,0,False,False,False,False,65,,46.056,,3240,,4986,,46.056,,True,3.841,3.841,3.841,3.841,3.841,3.841,3.841,3.841,3.841,3.841,3.841,3.841,0,,False,False,True,,,,,,,,,,,,,,,False,False,9.828,,105.4,,75.7,,105.8,,1213,125,,21,7,145754.7,19433.97,,Idle,,20,,10,,,20,Go Home,False,False,False,False,False,False,False,False,False,False,False,False,33.8027920380556,-117.4659261431046,4036.8,4043.5,1049.4,396.9,True,1,1,False,False,False,False,,True,False,False,Course Lock,196.8,67,16.4,93,W,SE,1.78,11.4,Calm,False,False,Android,7.0.2,M300 RTK,1ZN7L4R0H1D00F,1W9DL31001461C,1ZMLH8300204F0,1Z6PH74DAP0QN7,"Corona, CA",728.3,5.7,137.7,8.547347,2.013246,0,0,DJI Matrice 300 RTK,M300 RTK,1ZN7L4R0H1D00F,1W9DL31001461C,1ZMLH8300204F0,1Z6PH74DAP0QN7,DJI Pilot,Android,7.0.2,1EF72A62-B7C3-C88D-164E-CE6F8C8424AE,1ZN7L4R0H1D00F,1W9DL31001461C,,1ZMLH8300204F0,1W9DL31001461C,,,,,
2023-11-01,11:35:22.37 AM,11m 0.0s,660.0,33.7938707183111,-117.4738036556936,-29.1,137.7,21.9,1235,5733.0,1.304348,8.547335,-0.671082,2.23694,1.11847,5.816044,0,1.11847,-4.4,0.6,4.4,120.9,120.9,124.6,Tripod,Other,,20,5,True,,True,False,,Smart,RC,False,True,False,,,True,,False,False,False,False,False,False,False,False,False,False,0,Follow Yaw,-77.9,0,112.7,112.7,False,False,False,False,False,,0,0,False,False,No Card,100,100,1024,1477,1024,973,2,False,False,False,False,False,0,False,False,False,False,65,,46.056,,6527,,10044,,46.056,,True,3.841,3.841,3.841,3.841,3.841,3.841,3.841,3.841,3.841,3.841,3.841,3.841,0,,False,False,True,,,,,,,,,,,,,,,False,False,19.578,,105.8,,75.7,,105.8,,1213,125,,21,7,145754.7,19433.97,,Idle,,20,,10,,,20,Go Home,False,False,False,False,False,False,False,False,False,False,False,False,33.8027920380556,-117.4659261431046,4036.7,4043.5,1049.4,396.9,True,1,1,False,False,False,False,,True,False,False,Course Lock,196.8,67,16.4,93,W,SE,1.78,11.4,Calm,False,False,Android,7.0.2,M300 RTK,1ZN7L4R0H1D00F,1W9DL31001461C,1ZMLH8300204F0,1Z6PH74DAP0QN7,"Corona, CA",728.3,5.7,137.7,8.547347,2.013246,0,0,DJI Matrice 300 RTK,M300 RTK,1ZN7L4R0H1D00F,1W9DL31001461C,1ZMLH8300204F0,1Z6PH74DAP0QN7,DJI Pilot,Android,7.0.2,1EF72A62-B7C3-C88D-164E-CE6F8C8424AE,1ZN7L4R0H1D00F,1W9DL31001461C,,1ZMLH8300204F0,1W9DL31001461C,,,,,
2023-11-01,11:35:22.47 AM,11m 0.1s,660.1,33.7938704023772,-117.4738030436296,-29.1,137.7,21.9,1235,5733.2,1.61308,8.547335,-0.894776,2.23694,1.342164,5.816044,0,1.11847,-4.6,0.6,4.6,120.9,120.9,121.8,Tripod,Other,,20,5,True,,True,False,,Smart,RC,False,True,False,,,True,,False,False,False,False,False,False,False,False,False,False,0,Follow Yaw,-77.9,0,112.7,112.7,False,False,False,False,False,,0,0,False,False,No Card,100,100,1024,1477,1024,946,2,False,False,False,False,False,0,False,False,False,False,65,,46.056,,6527,,10044,,46.056,,True,3.841,3.841,3.841,3.841,3.841,3.841,3.841,3.841,3.841,3.841,3.841,3.841,0,,False,False,True,,,,,,,,,,,,,,,False,False,19.578,,105.8,,75.7,,105.8,,1213,125,,21,7,145754.7,19433.97,,Idle,,20,,10,,,20,Go Home,False,False,False,False,False,False,False,False,False,False,False,False,33.8027920380556,-117.4659261431046,4036.7,4043.5,1049.4,396.9,True,1,1,False,False,False,False,,True,False,False,Course Lock,196.8,67,16.4,93,W,SE,1.78,11.4,Calm,False,False,Android,7.0.2,M300 RTK,1ZN7L4R0H1D00F,1W9DL31001461C,1ZMLH8300204F0,1Z6PH74DAP0QN7,"Corona, CA",728.3,5.7,137.7,8.547347,2.013246,0,0,DJI Matrice 300 RTK,M300 RTK,1ZN7L4R0H1D00F,1W9DL31001461C,1ZMLH8300204F0,1Z6PH74DAP0QN7,DJI Pilot,Android,7.0.2,1EF72A62-B7C3-C88D-164E-CE6F8C8424AE,1ZN7L4R0H1D00F,1W9DL31001461C,,1ZMLH8300204F0,1W9DL31001461C,,,,,
2023-11-01,11:35:22.58 AM,11m 0.2s,660.2,33.7938700060549,-117.4738023363997,-29.1,137.7,21.9,1235,5733.4,1.803478,8.547335,-0.894776,2.23694,1.565858,5.816044,0,1.11847,-4.8,0.4,4.8,120.8,120.8,123.9,Tripod,Other,,20,5,True,,True,False,,Smart,RC,False,True,False,,,True,,False,False,False,False,False,False,False,False,False,False,0,Follow Yaw,-77.9,0,112.6,112.6,False,False,False,False,False,,0,0,False,False,No Card,100,100,1024,1476,1024,945,2,False,False,False,False,False,0,False,False,False,False,65,,46.056,,6527,,10044,,46.056,,True,3.841,3.841,3.841,3.841,3.841,3.841,3.841,3.841,3.841,3.841,3.841,3.841,0,,False,False,True,,,,,,,,,,,,,,,False,False,19.578,,105.8,,75.7,,105.8,,1213,125,,21,7,145754.7,19433.97,,Idle,,20,,10,,,20,Go Home,False,False,False,False,False,False,False,False,False,False,False,False,33.8027920380556,-117.4659261431046,4036.7,4043.5,1049.4,396.9,True,1,1,False,False,False,False,,True,False,False,Course Lock,196.8,67,16.4,93,W,SE,1.78,11.4,Calm,False,False,Android,7.0.2,M300 RTK,1ZN7L4R0H1D00F,1W9DL31001461C,1ZMLH8300204F0,1Z6PH74DAP0QN7,"Corona, CA",728.3,5.7,137.7,8.547347,2.013246,0,0,DJI Matrice 300 RTK,M300 RTK,1ZN7L4R0H1D00F,1W9DL31001461C,1ZMLH8300204F0,1Z6PH74DAP0QN7,DJI Pilot,Android,7.0.2,1EF72A62-B7C3-C88D-164E-CE6F8C8424AE,1ZN7L4R0H1D00F,1W9DL31001461C,,1ZMLH8300204F0,1W9DL31001461C,,,,,
2023-11-01,11:35:22.64 AM,11m 0.3s,660.3,33.7938696110348,-117.4738015829062,-29.1,137.7,21.9,1235,5733.7,1.924288,8.547335,-1.11847,2.23694,1.565858,5.816044,0,1.11847,-4.9,0.2,4.9,120.8,120.8,122.2,Tripod,Other,,20,5,True,,True,False,,Smart,RC,False,True,False,,,True,,False,False,False,False,False,False,False,False,False,False,0,Follow Yaw,-77.9,0,112.5,112.5,False,False,False,False,False,,0,0,False,False,No Card,100,100,1024,1475,1024,939,2,False,False,False,False,False,0,False,False,False,False,65,,46.056,,6527,,10044,,46.056,,True,3.84,3.84,3.84,3.84,3.84,3.84,3.84,3.84,3.84,3.84,3.84,3.84,0,,False,False,True,,,,,,,,,,,,,,,False,False,19.578,,105.8,,75.7,,105.8,,1213,125,,21,7,145463.5,19395.13,,Idle,,20,,10,,,20,Go Home,False,False,False,False,False,False,False,False,False,False,False,False,33.8027920380556,-117.4659261431046,4036.7,4043.5,1049.4,396.9,True,1,1,False,False,False,False,,True,False,False,Course Lock,196.8,67,16.4,93,W,SE,1.78,11.4,Calm,False,False,Android,7.0.2,M300 RTK,1ZN7L4R0H1D00F,1W9DL31001461C,1ZMLH8300204F0,1Z6PH74DAP0QN7,"Corona, CA",728.3,5.7,137.7,8.547347,2.013246,0,0,DJI Matrice 300 RTK,M300 RTK,1ZN7L4R0H1D00F,1W9DL31001461C,1ZMLH8300204F0,1Z6PH74DAP0QN7,DJI Pilot,Android,7.0.2,1EF72A62-B7C3-C88D-164E-CE6F8C8424AE,1ZN7L4R0H1D00F,1W9DL31001461C,,1ZMLH8300204F0,1W9DL31001461C,,,,,
2023-11-01,11:35:22.74 AM,11m 0.4s,660.4,33.7938691446725,-117.473800721382,-29.1,137.7,21.9,1235,5734.0,2.110324,8.547335,-1.11847,2.23694,1.789552,5.816044,0,1.11847,-5.1,0.1,5.1,120.7,120.7,123.0,Tripod,Other,,20,5,True,,True,False,,Smart,RC,False,True,False,,,True,,False,False,False,False,False,False,False,False,False,False,0,Follow Yaw,-77.9,0,112.3,112.3,False,False,False,False,False,,0,0,False,False,No Card,100,100,1024,1474,1024,895,2,False,False,False,False,False,0,False,False,False,False,65,,46.056,,6527,,10044,,46.056,,True,3.84,3.84,3.84,3.84,3.84,3.84,3.84,3.84,3.84,3.84,3.84,3.84,0,,False,False,True,,,,,,,,,,,,,,,False,False,19.578,,105.8,,75.7,,105.8,,1213,125,,21,7,145463.5,19395.13,,Idle,,20,,10,,,20,Go Home,False,False,False,False,False,False,False,False,False,False,False,False,33.8027920380556,-117.4659261431046,4036.7,4043.5,1049.4,396.9,True,1,1,False,False,False,False,,True,False,False,Course Lock,196.8,67,16.4,93,W,SE,1.78,11.4,Calm,False,False,Android,7.0.2,M300 RTK,1ZN7L4R0H1D00F,1W9DL31001461C,1ZMLH8300204F0,1Z6PH74DAP0QN7,"Corona, CA",728.3,5.7,137.7,8.547347,2.013246,0,0,DJI Matrice 300 RTK,M300 RTK,1ZN7L4R0H1D00F,1W9DL31001461C,1ZMLH8300204F0,1Z6PH74DAP0QN7,DJI Pilot,Android,7.0.2,1EF72A62-B7C3-C88D-164E-CE6F8C8424AE,1ZN7L4R0H1D00F,1W9DL31001461C,,1ZMLH8300204F0,1W9DL31001461C,,,,,
2023-11-01,11:35:22.84 AM,11m 0.5s,660.5,33.7938685755803,-117.4737997243658,-29.1,137.7,21.9,1235,5734.4,2.30307,8.547335,-1.11847,2.23694,2.013246,5.816044,0,1.11847,-5.2,0,5.2,120.6,120.6,124.4,Tripod,Other,,20,5,True,,True,False,,Smart,RC,False,True,False,,,True,,False,False,False,False,False,False,False,False,False,False,0,Follow Yaw,-77.9,0,112.1,112.1,False,False,False,False,False,,0,0,False,False,No Card,100,100,1024,1474,1024,850,2,False,False,False,False,False,0,False,False,False,False,65,,46.056,,6527,,10044,,46.056,,True,3.84,3.84,3.84,3.84,3.84,3.84,3.84,3.84,3.84,3.84,3.84,3.84,0,,False,False,True,,,,,,,,,,,,,,,False,False,19.578,,105.8,,75.7,,105.8,,1213,125,,21,7,145463.5,19395.13,,Idle,,20,,10,,,20,Go Home,False,False,False,False,False,False,False,False,False,False,False,False,33.8027920380556,-117.4659261431046,4036.7,4043.5,1049.4,396.9,True,1,1,False,False,False,False,,True,False,False,Course Lock,196.8,67,16.4,93,W,SE,1.78,11.4,Calm,False,False,Android,7.0.2,M300 RTK,1ZN7L4R0H1D00F,1W9DL31001461C,1ZMLH8300204F0,1Z6PH74DAP0QN7,"Corona, CA",728.3,5.7,137.7,8.547347,2.013246,0,0,DJI Matrice 300 RTK,M300 RTK,1ZN7L4R0H1D00F,1W9DL31001461C,1ZMLH8300204F0,1Z6PH74DAP0QN7,DJI Pilot,Android,7.0.2,1EF72A62-B7C3-C88D-164E-CE6F8C8424AE,1ZN7L4R0H1D00F,1W9DL31001461C,,1ZMLH8300204F0,1W9DL31001461C,,,,,
2023-11-01,11:35:22.94 AM,11m 0.6s,660.6,33.7938680362312,-117.4737986903224,-29.1,137.7,21.9,1235,5734.8,2.608697,8.547335,-1.342164,2.23694,2.23694,5.816044,0,1.11847,-5.2,-0.1,5.2,120.4,120.4,122.1,Tripod,Other,,20,5,True,,True,False,,Smart,RC,False,True,False,,,True,,False,False,False,False,False,False,False,False,False,False,0,Follow Yaw,-77.9,0,111.8,111.8,False,False,False,False,False,,0,0,False,False,No Card,100,100,1024,1476,1024,843,2,False,False,False,False,False,0,False,False,False,False,65,,46.056,,6527,,10044,,46.056,,True,3.84,3.84,3.84,3.84,3.84,3.84,3.84,3.84,3.84,3.84,3.84,3.84,0,,False,False,True,,,,,,,,,,,,,,,False,False,19.578,,105.8,,75.7,,105.8,,1213,125,,21,7,145463.5,19395.13,,Idle,,20,,10,,,20,Go Home,False,False,False,False,False,False,False,False,False,False,False,False,33.8027920380556,-117.4659261431046,4036.6,4043.5,1049.4,396.9,True,1,1,False,False,False,False,,True,False,False,Course Lock,196.8,67,16.4,93,W,SE,1.78,11.4,Calm,False,False,Android,7.0.2,M300 RTK,1ZN7L4R0H1D00F,1W9DL31001461C,1ZMLH8300204F0,1Z6PH74DAP0QN7,"Corona, CA",728.3,5.7,137.7,8.547347,2.013246,0,0,DJI Matrice 300 RTK,M300 RTK,1ZN7L4R0H1D00F,1W9DL31001461C,1ZMLH8300204F0,1Z6PH74DAP0QN7,DJI Pilot,Android,7.0.2,1EF72A62-B7C3-C88D-164E-CE6F8C8424AE,1ZN7L4R0H1D00F,1W9DL31001461C,,1ZMLH8300204F0,1W9DL31001461C,,,,,
2023-11-01,11:35:23.04 AM,11m 0.7s,660.7,33.7938673504285,-117.4737975258999,-29.1,137.7,21.9,1235,5735.2,2.608697,8.547335,-1.342164,2.23694,2.23694,5.816044,0,1.11847,-5.1,-0.3,5.1,120.3,120.3,125.3,Tripod,Other,,20,5,True,,True,False,,Smart,RC,False,True,False,,,True,,False,False,False,False,False,False,False,False,False,False,0,Follow Yaw,-77.9,0,111.4,111.4,False,False,False,False,False,,0,0,False,False,No Card,100,100,1024,1474,1024,825,2,False,False,False,False,False,0,False,False,False,False,65,,46.056,,6527,,10044,,46.056,,True,3.84,3.84,3.84,3.84,3.84,3.84,3.84,3.84,3.84,3.84,3.84,3.84,0,,False,False,True,,,,,,,,,,,,,,,False,False,19.578,,105.8,,75.7,,105.8,,1213,125,,21,7,145463.5,19395.13,,Idle,,20,,10,,,20,Go Home,False,False,False,False,False,False,False,False,False,False,False,False,33.8027920380556,-117.4659261431046,4036.6,4043.5,1049.4,396.9,True,1,1,False,False,False,False,,True,False,False,Course Lock,196.8,67,16.4,93,W,SE,1.78,11.4,Calm,False,False,Android,7.0.2,M300 RTK,1ZN7L4R0H1D00F,1W9DL31001461C,1ZMLH8300204F0,1Z6PH74DAP0QN7,"Corona, CA",728.3,5.7,137.7,8.547347,2.013246,0,0,DJI Matrice 300 RTK,M300 RTK,1ZN7L4R0H1D00F,1W9DL31001461C,1ZMLH8300204F0,1Z6PH74DAP0QN7,DJI Pilot,Android,7.0.2,1EF72A62-B7C3-C88D-164E-CE6F8C8424AE,1ZN7L4R0H1D00F,1W9DL31001461C,,1ZMLH8300204F0,1W9DL31001461C,,,,,
2023-11-01,11:35:23.14 AM,11m 0.8s,660.8,33.7938667417246,-117.4737963220586,-29.1,137.7,21.9,1235,5735.6,2.802877,8.547335,-1.342164,2.23694,2.460634,5.816044,0,1.11847,-5,-0.4,5,120,120,121.3,Tripod,Other,,20,5,True,,True,False,,Smart,RC,False,True,False,,,True,,False,False,False,False,False,False,False,False,False,False,0,Follow Yaw,-77.9,0,111,111,False,False,False,False,False,,0,0,False,False,No Card,100,100,1024,1474,1024,789,2,False,False,False,False,False,0,False,False,False,False,65,,46.056,,6527,,10044,,46.056,,True,3.84,3.84,3.84,3.84,3.84,3.84,3.84,3.84,3.84,3.84,3.84,3.84,0,,False,False,True,,,,,,,,,,,,,,,False,False,19.578,,105.8,,75.7,,105.8,,1213,125,,21,7,145463.5,19395.13,,Idle,,20,,10,,,20,Go Home,False,False,False,False,False,False,False,False,False,False,False,False,33.8027920380556,-117.4659261431046,4036.6,4043.5,1049.4,396.9,True,1,1,False,False,False,False,,True,False,False,Course Lock,196.8,67,16.4,93,W,SE,1.78,11.4,Calm,False,False,Android,7.0.2,M300 RTK,1ZN7L4R0H1D00F,1W9DL31001461C,1ZMLH8300204F0,1Z6PH74DAP0QN7,"Corona, CA",728.3,5.7,137.7,8.547347,2.013246,0,0,DJI Matrice 300 RTK,M300 RTK,1ZN7L4R0H1D00F,1W9DL31001461C,1ZMLH8300204F0,1Z6PH74DAP0QN7,DJI Pilot,Android,7.0.2,1EF72A62-B7C3-C88D-164E-CE6F8C8424AE,1ZN7L4R0H1D00F,1W9DL31001461C,,1ZMLH8300204F0,1W9DL31001461C,,,,,
2023-11-01,11:35:23.24 AM,11m 0.9s,660.9,33.7938661081436,-117.4737950374828,-29.1,137.7,21.9,1235,5736.1,3.107656,8.547335,-1.565858,2.23694,2.684328,5.816044,0,1.11847,-4.9,-0.5,4.9,119.7,119.7,120.6,Tripod,Other,,20,5,True,,True,False,,Smart,RC,False,True,False,,,True,,False,False,False,False,False,False,False,False,False,False,0,Follow Yaw,-77.9,0,110.5,110.5,False,False,False,False,False,,0,0,False,False,No Card,100,100,1024,1476,1024,786,2,False,False,False,False,False,0,False,False,False,False,65,,46.056,,6527,,10044,,46.056,,True,3.84,3.84,3.84,3.84,3.84,3.84,3.84,3.84,3.84,3.84,3.84,3.84,0,,False,False,True,,,,,,,,,,,,,,,False,False,19.578,,105.8,,75.7,,105.8,,1213,125,,21,7,145463.5,19395.13,,Idle,,20,,10,,,20,Go Home,False,False,False,False,False,False,False,False,False,False,False,False,33.8027920380556,-117.4659261431046,4036.6,4043.5,1049.4,396.9,True,1,1,False,False,False,False,,True,False,False,Course Lock,196.8,67,16.4,93,W,SE,1.78,11.4,Calm,False,False,Android,7.0.2,M300 RTK,1ZN7L4R0H1D00F,1W9DL31001461C,1ZMLH8300204F0,1Z6PH74DAP0QN7,"Corona, CA",728.3,5.7,137.7,8.547347,2.013246,0,0,DJI Matrice 300 RTK,M300 RTK,1ZN7L4R0H1D00F,1W9DL31001461C,1ZMLH8300204F0,1Z6PH74DAP0QN7,DJI Pilot,Android,7.0.2,1EF72A62-B7C3-C88D-164E-CE6F8C8424AE,1ZN7L4R0H1D00F,1W9DL31001461C,,1ZMLH8300204F0,1W9DL31001461C,,,,,
2023-11-01,11:35:23.34 AM,11m 1.0s,661.0,33.793865449137,-117.4737936735746,-29.1,137.7,21.9,1235,5736.5,3.302802,8.547335,-1.565858,2.23694,2.908022,5.816044,0,1.11847,-4.9,-0.7,4.9,119.4,119.4,120.1,Tripod,Other,,19,5,True,,True,False,,Smart,RC,False,True,False,,,True,,False,False,False,False,False,False,False,False,False,False,0,Follow Yaw,-77.9,0,109.9,109.9,False,False,False,False,False,,0,0,False,False,No Card,100,100,1024,1476,1024,786,2,False,False,False,False,False,0,False,False,False,False,65,,45.996,,3240,,4986,,45.996,,True,3.84,3.84,3.84,3.84,3.84,3.84,3.84,3.84,3.84,3.84,3.84,3.84,0,,False,False,True,,,,,,,,,,,,,,,False,False,9.82,,105.4,,75.7,,105.8,,1213,125,,21,7,145463.5,19395.13,,Idle,,20,,10,,,20,Go Home,False,False,False,False,False,False,False,False,False,False,False,False,33.8027920380556,-117.4659261431046,4036.5,4043.5,1049.4,396.9,True,1,1,False,False,False,False,,True,False,False,Course Lock,196.8,67,16.4,93,W,SE,1.78,11.4,Calm,False,False,Android,7.0.2,M300 RTK,1ZN7L4R0H1D00F,1W9DL31001461C,1ZMLH8300204F0,1Z6PH74DAP0QN7,"Corona, CA",728.3,5.7,137.7,8.547347,2.013246,0,0,DJI Matrice 300 RTK,M300 RTK,1ZN7L4R0H1D00F,1W9DL31001461C,1ZMLH8300204F0,1Z6PH74DAP0QN7,DJI Pilot,Android,7.0.2,1EF72A62-B7C3-C88D-164E-CE6F8C8424AE,1ZN7L4R0H1D00F,1W9DL31001461C,,1ZMLH8300204F0,1W9DL31001461C,,,,,
2023-11-01,11:35:23.44 AM,11m 1.1s,661.1,33.7938646732829,-117.4737922881428,-29.1,137.7,21.9,1235,5737.1,3.302802,8.547335,-1.565858,2.23694,2.908022,5.816044,0,1.11847,-4.8,-0.9,4.8,118.9,118.9,123.9,Tripod,Other,,19,5,True,,True,False,,Smart,RC,False,True,False,,,True,,False,False,False,False,False,False,False,False,False,False,0,Follow Yaw,-77.9,0,109.4,109.4,False,False,False,False,False,,0,0,False,False,No Card,100,100,1024,1477,1024,789,2,False,False,False,False,False,0,False,False,False,False,65,,45.996,,3240,,4986,,45.996,,True,3.84,3.84,3.84,3.84,3.84,3.84,3.84,3.84,3.84,3.84,3.84,3.84,0,,False,False,True,,,,,,,,,,,,,,,False,False,9.82,,105.4,,75.7,,105.8,,1213,125,,21,7,145463.5,19395.13,,Idle,,20,,10,,,20,Go Home,False,False,False,False,False,False,False,False,False,False,False,False,33.8027920380556,-117.4659261431046,4036.5,4043.5,1049.4,396.9,True,1,1,False,False,False,False,,True,False,False,Course Lock,196.8,67,16.4,93,W,SE,1.78,11.4,Calm,False,False,Android,7.0.2,M300 RTK,1ZN7L4R0H1D00F,1W9DL31001461C,1ZMLH8300204F0,1Z6PH74DAP0QN7,"Corona, CA",728.3,5.7,137.7,8.547347,2.013246,0,0,DJI Matrice 300 RTK,M300 RTK,1ZN7L4R0H1D00F,1W9DL31001461C,1ZMLH8300204F0,1Z6PH74DAP0QN7,DJI Pilot,Android,7.0.2,1EF72A62-B7C3-C88D-164E-CE6F8C8424AE,1ZN7L4R0H1D00F,1W9DL31001461C,,1ZMLH8300204F0,1W9DL31001461C,,,,,
2023-11-01,11:35:23.54 AM,11m 1.2s,661.2,33.7938639706212,-117.4737907698579,-29.1,137.7,21.9,1235,5737.6,3.501364,8.547335,-1.565858,2.23694,3.131716,5.816044,0,1.11847,-4.8,-1,4.9,118.3,118.3,119.1,Tripod,Other,,19,5,True,,True,False,,Smart,RC,False,True,False,,,True,,False,False,False,False,False,False,False,False,False,False,0,Follow Yaw,-77.9,0,108.8,108.8,False,False,False,False,False,,0,0,False,False,No Card,100,100,1024,1475,1024,799,2,False,False,False,False,False,0,False,False,False,False,65,,45.996,,3240,,4986,,45.996,,True,3.84,3.84,3.84,3.84,3.84,3.84,3.84,3.84,3.84,3.84,3.84,3.84,0,,False,False,True,,,,,,,,,,,,,,,False,False,9.82,,105.4,,75.7,,105.8,,1213,125,,21,7,145463.5,19395.13,,Idle,,20,,10,,,20,Go Home,False,False,False,False,False,False,False,False,False,False,False,False,33.8027920380556,-117.4659261431046,4036.4,4043.5,1049.4,396.9,True,1,1,False,False,False,False,,True,False,False,Course Lock,196.8,67,16.4,93,W,SE,1.78,11.4,Calm,False,False,Android,7.0.2,M300 RTK,1ZN7L4R0H1D00F,1W9DL31001461C,1ZMLH8300204F0,1Z6PH74DAP0QN7,"Corona, CA",728.3,5.7,137.7,8.547347,2.013246,0,0,DJI Matrice 300 RTK,M300 RTK,1ZN7L4R0H1D00F,1W9DL31001461C,1ZMLH8300204F0,1Z6PH74DAP0QN7,DJI Pilot,Android,7.0.2,1EF72A62-B7C3-C88D-164E-CE6F8C8424AE,1ZN7L4R0H1D00F,1W9DL31001461C,,1ZMLH8300204F0,1W9DL31001461C,,,,,
2023-11-01,11:35:23.64 AM,11m 1.3s,661.3,33.7938632275256,-117.4737891127824,-29.1,137.7,21.9,1235,5738.2,3.802798,8.547335,-1.789552,2.23694,3.35541,5.816044,0,1.11847,-4.8,-1.1,4.9,117.7,117.7,118.3,Tripod,Other,,19,5,True,,True,False,,Smart,RC,False,True,False,,,True,,False,False,False,False,False,False,False,False,False,False,0,Follow Yaw,-77.9,0,108.2,108.2,False,False,False,False,False,,0,0,False,False,No Card,100,100,1024,1469,1024,827,2,False,False,False,False,False,0,False,False,False,False,65,,45.996,,3240,,4986,,45.996,,True,3.838,3.838,3.838,3.838,3.838,3.838,3.838,3.838,3.838,3.838,3.838,3.838,0,,False,False,True,,,,,,,,,,,,,,,False,False,9.82,,105.4,,75.7,,105.8,,1212,125,,21,7,145413.7,19388.49,,Idle,,20,,10,,,20,Go Home,False,False,False,False,False,False,False,False,False,False,False,False,33.8027920380556,-117.4659261431046,4036.3,4043.5,1049.4,396.9,True,1,1,False,False,False,False,,True,False,False,Course Lock,196.8,67,16.4,93,W,SE,1.78,11.4,Calm,False,False,Android,7.0.2,M300 RTK,1ZN7L4R0H1D00F,1W9DL31001461C,1ZMLH8300204F0,1Z6PH74DAP0QN7,"Corona, CA",728.3,5.7,137.7,8.547347,2.013246,0,0,DJI Matrice 300 RTK,M300 RTK,1ZN7L4R0H1D00F,1W9DL31001461C,1ZMLH8300204F0,1Z6PH74DAP0QN7,DJI Pilot,Android,7.0.2,1EF72A62-B7C3-C88D-164E-CE6F8C8424AE,1ZN7L4R0H1D00F,1W9DL31001461C,,1ZMLH8300204F0,1W9DL31001461C,,,,,
2023-11-01,11:35:23.74 AM,11m 1.4s,661.4,33.7938625014944,-117.4737874293178,-29.1,137.7,21.9,1235,5738.7,4.001559,8.547335,-1.789552,2.23694,3.579104,5.816044,0,1.11847,-4.7,-1,4.8,117.2,117.2,117.4,Tripod,Other,,20,5,True,,True,False,,Smart,RC,False,True,False,,,True,,False,False,False,False,False,False,False,False,False,False,0,Follow Yaw,-77.9,0,107.8,107.8,False,False,False,False,False,,0,0,False,False,No Card,100,100,1024,1466,1024,872,2,False,False,False,False,False,0,False,False,False,False,65,,45.996,,3240,,4986,,45.996,,True,3.838,3.838,3.838,3.838,3.838,3.838,3.838,3.838,3.838,3.838,3.838,3.838,0,,False,False,True,,,,,,,,,,,,,,,False,False,9.82,,105.4,,75.7,,105.8,,1212,125,,21,7,145413.7,19388.49,,Idle,,20,,10,,,20,Go Home,False,False,False,False,False,False,False,False,False,False,False,False,33.8027920380556,-117.4659261431046,4036.3,4043.5,1049.4,396.9,True,1,1,False,False,False,False,,True,False,False,Course Lock,196.8,67,16.4,93,W,SE,1.78,11.4,Calm,False,False,Android,7.0.2,M300 RTK,1ZN7L4R0H1D00F,1W9DL31001461C,1ZMLH8300204F0,1Z6PH74DAP0QN7,"Corona, CA",728.3,5.7,137.7,8.547347,2.013246,0,0,DJI Matrice 300 RTK,M300 RTK,1ZN7L4R0H1D00F,1W9DL31001461C,1ZMLH8300204F0,1Z6PH74DAP0QN7,DJI Pilot,Android,7.0.2,1EF72A62-B7C3-C88D-164E-CE6F8C8424AE,1ZN7L4R0H1D00F,1W9DL31001461C,,1ZMLH8300204F0,1W9DL31001461C,,,,,
2023-11-01,11:35:23.81 AM,11m 1.5s,661.5,33.7938619382275,-117.4737856722933,-29.1,137.7,22.3,1235,5739.3,4.001559,8.547335,-1.789552,2.23694,3.579104,5.816044,0,1.11847,-4.7,-0.8,4.7,116.6,116.6,111.0,Tripod,Other,,20,5,True,,True,False,,Smart,RC,False,True,False,,,True,,False,False,False,False,False,False,False,False,False,False,0,Follow Yaw,-77.9,0,107.5,107.5,False,False,False,False,False,,0,0,False,False,No Card,100,100,1024,1454,1024,914,2,False,False,False,False,False,0,False,False,False,False,65,,45.996,,3240,,4986,,45.996,,True,3.838,3.838,3.838,3.838,3.838,3.838,3.838,3.838,3.838,3.838,3.838,3.838,0,,False,False,True,,,,,,,,,,,,,,,False,False,9.82,,105.4,,75.7,,105.8,,1212,125,,21,7,145413.7,19388.49,,Idle,,20,,10,,,20,Go Home,False,False,False,False,False,False,False,False,False,False,False,False,33.8027920380556,-117.4659261431046,4036.1,4043.5,1049.4,396.9,True,1,1,False,False,False,False,,True,False,False,Course Lock,196.8,67,16.4,93,W,SE,1.78,11.4,Calm,False,False,Android,7.0.2,M300 RTK,1ZN7L4R0H1D00F,1W9DL31001461C,1ZMLH8300204F0,1Z6PH74DAP0QN7,"Corona, CA",728.3,5.7,137.7,8.547347,2.013246,0,0,DJI Matrice 300 RTK,M300 RTK,1ZN7L4R0H1D00F,1W9DL31001461C,1ZMLH8300204F0,1Z6PH74DAP0QN7,DJI Pilot,Android,7.0.2,1EF72A62-B7C3-C88D-164E-CE6F8C8424AE,1ZN7L4R0H1D00F,1W9DL31001461C,,1ZMLH8300204F0,1W9DL31001461C,,,,,
2023-11-01,11:35:23.94 AM,11m 1.6s,661.6,33.7938612082215,-117.4737838401421,-29.1,137.7,22.3,1235,5739.9,4.202828,8.547335,-1.789552,2.23694,3.802798,5.816044,0,1.11847,-4.6,-0.5,4.6,116.1,116.1,115.6,Tripod,Other,,20,5,True,,True,False,,Smart,RC,False,True,False,,,True,,False,False,False,False,False,False,False,False,False,False,0,Follow Yaw,-77.9,0,107.3,107.3,False,False,False,False,False,,0,0,False,False,No Card,100,100,1024,1452,1024,885,2,False,False,False,False,False,0,False,False,False,False,65,,45.996,,3240,,4986,,45.996,,True,3.838,3.838,3.838,3.838,3.838,3.838,3.838,3.838,3.838,3.838,3.838,3.838,0,,False,False,True,,,,,,,,,,,,,,,False,False,9.82,,105.4,,75.7,,105.8,,1212,125,,21,7,145413.7,19388.49,,Idle,,20,,10,,,20,Go Home,False,False,False,False,False,False,False,False,False,False,False,False,33.8027920380556,-117.4659261431046,4036.0,4043.5,1049.4,396.9,True,1,1,False,False,False,False,,True,False,False,Course Lock,196.8,67,16.4,93,W,SE,1.78,11.4,Calm,False,False,Android,7.0.2,M300 RTK,1ZN7L4R0H1D00F,1W9DL31001461C,1ZMLH8300204F0,1Z6PH74DAP0QN7,"Corona, CA",728.3,5.7,137.7,8.547347,2.013246,0,0,DJI Matrice 300 RTK,M300 RTK,1ZN7L4R0H1D00F,1W9DL31001461C,1ZMLH8300204F0,1Z6PH74DAP0QN7,DJI Pilot,Android,7.0.2,1EF72A62-B7C3-C88D-164E-CE6F8C8424AE,1ZN7L4R0H1D00F,1W9DL31001461C,,1ZMLH8300204F0,1W9DL31001461C,,,,,
2023-11-01,11:35:24.01 AM,11m 1.7s,661.7,33.7938604122189,-117.4737818245862,-29.1,137.7,22.3,1235,5740.6,4.40626,8.547335,-1.789552,2.23694,4.026492,5.816044,0,1.11847,-4.6,-0.2,4.6,115.8,115.8,115.4,Tripod,Other,,20,5,True,,True,False,,Smart,RC,False,True,False,,,True,,False,False,False,False,False,False,False,False,False,False,0,Follow Yaw,-77.9,0,107,107,False,False,False,False,False,,0,0,False,False,No Card,100,100,1024,1446,1024,873,2,False,False,False,False,False,0,False,False,False,False,65,,45.996,,3240,,4986,,45.996,,True,3.838,3.838,3.838,3.838,3.838,3.838,3.838,3.838,3.838,3.838,3.838,3.838,0,,False,False,True,,,,,,,,,,,,,,,False,False,9.82,,105.4,,75.7,,105.8,,1212,125,,21,7,145413.7,19388.49,,Idle,,20,,10,,,20,Go Home,False,False,False,False,False,False,False,False,False,False,False,False,33.8027920380556,-117.4659261431046,4035.9,4043.5,1049.4,396.9,True,1,1,False,False,False,False,,True,False,False,Course Lock,196.8,67,16.4,93,W,SE,1.78,11.4,Calm,False,False,Android,7.0.2,M300 RTK,1ZN7L4R0H1D00F,1W9DL31001461C,1ZMLH8300204F0,1Z6PH74DAP0QN7,"Corona, CA",728.3,5.7,137.7,8.547347,2.013246,0,0,DJI Matrice 300 RTK,M300 RTK,1ZN7L4R0H1D00F,1W9DL31001461C,1ZMLH8300204F0,1Z6PH74DAP0QN7,DJI Pilot,Android,7.0.2,1EF72A62-B7C3-C88D-164E-CE6F8C8424AE,1ZN7L4R0H1D00F,1W9DL31001461C,,1ZMLH8300204F0,1W9DL31001461C,,,,,
2023-11-01,11:35:24.12 AM,11m 1.8s,661.8,33.7938596485635,-117.4737798478718,-29.1,137.7,22.3,1235,5741.2,4.40626,8.547335,-1.789552,2.23694,4.026492,5.816044,0,1.11847,-4.5,-0.1,4.5,115.4,115.4,114.9,Tripod,Other,,20,5,True,,True,False,,Smart,RC,False,True,False,,,True,,False,False,False,False,False,False,False,False,False,False,0,Follow Yaw,-77.9,0,106.8,106.8,False,False,False,False,False,,0,0,False,False,No Card,100,100,1024,1369,1024,893,2,False,False,False,False,False,0,False,False,False,False,65,,45.996,,3240,,4986,,45.996,,True,3.838,3.838,3.838,3.838,3.838,3.838,3.838,3.838,3.838,3.838,3.838,3.838,0,,False,False,True,,,,,,,,,,,,,,,False,False,9.82,,105.4,,75.7,,105.8,,1212,125,,21,7,145413.7,19388.49,,Idle,,20,,10,,,20,Go Home,False,False,False,False,False,False,False,False,False,False,False,False,33.8027920380556,-117.4659261431046,4035.7,4043.5,1049.4,396.9,True,1,1,False,False,False,False,,True,False,False,Course Lock,196.8,67,16.4,93,W,SE,1.78,11.4,Calm,False,False,Android,7.0.2,M300 RTK,1ZN7L4R0H1D00F,1W9DL31001461C,1ZMLH8300204F0,1Z6PH74DAP0QN7,"Corona, CA",728.3,5.7,137.7,8.547347,2.013246,0,0,DJI Matrice 300 RTK,M300 RTK,1ZN7L4R0H1D00F,1W9DL31001461C,1ZMLH8300204F0,1Z6PH74DAP0QN7,DJI Pilot,Android,7.0.2,1EF72A62-B7C3-C88D-164E-CE6F8C8424AE,1ZN7L4R0H1D00F,1W9DL31001461C,,1ZMLH8300204F0,1W9DL31001461C,,,,,
2023-11-01,11:35:24.22 AM,11m 1.9s,661.9,33.7938588932691,-117.4737779066179,-29.1,137.7,22.3,1235,5741.9,4.611569,8.547335,-1.789552,2.23694,4.250186,5.816044,0,1.11847,-4.4,-0.3,4.4,115.2,115.2,115.0,Tripod,Other,,20,5,True,,True,False,,Smart,RC,False,True,False,,,True,,False,False,False,False,False,False,False,False,False,False,0,Follow Yaw,-77.9,0,106.5,106.5,False,False,False,False,False,,0,0,False,False,No Card,100,100,1024,1319,1024,884,2,False,False,False,False,False,0,False,False,False,False,65,,45.996,,3240,,4986,,45.996,,True,3.838,3.838,3.838,3.838,3.838,3.838,3.838,3.838,3.838,3.838,3.838,3.838,0,,False,False,True,,,,,,,,,,,,,,,False,False,9.82,,105.4,,75.7,,105.8,,1212,125,,21,7,145413.7,19388.49,,Idle,,20,,10,,,20,Go Home,False,False,False,False,False,False,False,False,False,False,False,False,33.8027920380556,-117.4659261431046,4035.6,4043.5,1049.4,396.9,True,1,1,False,False,False,False,,True,False,False,Course Lock,196.8,67,16.4,93,W,SE,1.78,11.4,Calm,False,False,Android,7.0.2,M300 RTK,1ZN7L4R0H1D00F,1W9DL31001461C,1ZMLH8300204F0,1Z6PH74DAP0QN7,"Corona, CA",728.3,5.7,137.7,8.547347,2.013246,0,0,DJI Matrice 300 RTK,M300 RTK,1ZN7L4R0H1D00F,1W9DL31001461C,1ZMLH8300204F0,1Z6PH74DAP0QN7,DJI Pilot,Android,7.0.2,1EF72A62-B7C3-C88D-164E-CE6F8C8424AE,1ZN7L4R0H1D00F,1W9DL31001461C,,1ZMLH8300204F0,1W9DL31001461C,,,,,
2023-11-01,11:35:24.33 AM,11m 2.0s,662.0,33.7938581078205,-117.4737758110697,-29.1,137.7,22.3,1235,5742.6,4.611569,8.547335,-1.789552,2.23694,4.250186,5.816044,0,1.11847,-4.1,-0.3,4.1,114.9,114.9,114.2,Tripod,Other,,20,5,True,,True,False,,Smart,RC,False,True,False,,,True,,False,False,False,False,False,False,False,False,False,False,0,Follow Yaw,-77.9,0,106.2,106.2,False,False,False,False,False,,0,0,False,False,No Card,100,100,1024,1230,1024,825,2,False,False,False,False,False,0,False,False,False,False,65,,46.056,,6527,,10044,,46.056,,True,3.838,3.838,3.838,3.838,3.838,3.838,3.838,3.838,3.838,3.838,3.838,3.838,0,,False,False,True,,,,,,,,,,,,,,,False,False,19.7,,105.8,,75.7,,105.8,,1212,125,,21,7,145413.7,19388.49,,Idle,,20,,10,,,20,Go Home,False,False,False,False,False,False,False,False,False,False,False,False,33.8027920380556,-117.4659261431046,4035.5,4043.5,1049.4,396.9,True,1,1,False,False,False,False,,True,False,False,Course Lock,196.8,67,16.4,93,W,SE,1.78,11.4,Calm,False,False,Android,7.0.2,M300 RTK,1ZN7L4R0H1D00F,1W9DL31001461C,1ZMLH8300204F0,1Z6PH74DAP0QN7,"Corona, CA",728.3,5.7,137.7,8.547347,2.013246,0,0,DJI Matrice 300 RTK,M300 RTK,1ZN7L4R0H1D00F,1W9DL31001461C,1ZMLH8300204F0,1Z6PH74DAP0QN7,DJI Pilot,Android,7.0.2,1EF72A62-B7C3-C88D-164E-CE6F8C8424AE,1ZN7L4R0H1D00F,1W9DL31001461C,,1ZMLH8300204F0,1W9DL31001461C,,,,,
2023-11-01,11:35:24.43 AM,11m 2.1s,662.1,33.7938572121719,-117.4737737132125,-29.1,137.7,22.3,1235,5743.3,4.818516,8.547335,-1.789552,2.23694,4.47388,5.816044,0,1.11847,-3.7,-0.3,3.7,114.7,114.7,117.1,Tripod,Other,,20,5,True,,True,False,,Smart,RC,False,True,False,,,True,,False,False,False,False,False,False,False,False,False,False,0,Follow Yaw,-77.9,0,105.9,105.9,False,False,False,False,False,,0,0,False,False,No Card,100,100,1024,1203,1024,757,2,False,False,False,False,False,0,False,False,False,False,65,,46.056,,6527,,10044,,46.056,,True,3.838,3.838,3.838,3.838,3.838,3.838,3.838,3.838,3.838,3.838,3.838,3.838,0,,False,False,True,,,,,,,,,,,,,,,False,False,19.7,,105.8,,75.7,,105.8,,1212,125,,21,7,145413.7,19388.49,,Idle,,20,,10,,,20,Go Home,False,False,False,False,False,False,False,False,False,False,False,False,33.8027920380556,-117.4659261431046,4035.4,4043.5,1049.4,396.9,True,1,1,False,False,False,False,,True,False,False,Course Lock,196.8,67,16.4,93,W,SE,1.78,11.4,Calm,False,False,Android,7.0.2,M300 RTK,1ZN7L4R0H1D00F,1W9DL31001461C,1ZMLH8300204F0,1Z6PH74DAP0QN7,"Corona, CA",728.3,5.7,137.7,8.547347,2.013246,0,0,DJI Matrice 300 RTK,M300 RTK,1ZN7L4R0H1D00F,1W9DL31001461C,1ZMLH8300204F0,1Z6PH74DAP0QN7,DJI Pilot,Android,7.0.2,1EF72A62-B7C3-C88D-164E-CE6F8C8424AE,1ZN7L4R0H1D00F,1W9DL31001461C,,1ZMLH8300204F0,1W9DL31001461C,,,,,
2023-11-01,11:35:24.53 AM,11m 2.2s,662.2,33.7938564047929,-117.4737715121076,-29.1,137.7,22.3,1235,5744.0,4.905992,8.547335,-2.013246,2.23694,4.47388,5.816044,0,1.11847,-2.8,-0.3,2.8,114.3,114.3,113.8,Tripod,Other,,20,5,True,,True,False,,Smart,RC,False,True,False,,,True,,False,False,False,False,False,False,False,False,False,False,0,Follow Yaw,-77.9,0,105.4,105.4,False,False,False,False,False,,0,0,False,False,No Card,100,100,1024,1188,1024,714,2,False,False,False,False,False,0,False,False,False,False,65,,46.056,,6527,,10044,,46.056,,True,3.838,3.838,3.838,3.838,3.838,3.838,3.838,3.838,3.838,3.838,3.838,3.838,0,,False,False,True,,,,,,,,,,,,,,,False,False,19.7,,105.8,,75.7,,105.8,,1212,125,,21,7,145413.7,19388.49,,Idle,,20,,10,,,20,Go Home,False,False,False,False,False,False,False,False,False,False,False,False,33.8027920380556,-117.4659261431046,4035.2,4043.5,1049.4,396.9,True,1,1,False,False,False,False,,True,False,False,Course Lock,196.8,67,16.4,93,W,SE,1.78,11.4,Calm,False,False,Android,7.0.2,M300 RTK,1ZN7L4R0H1D00F,1W9DL31001461C,1ZMLH8300204F0,1Z6PH74DAP0QN7,"Corona, CA",728.3,5.7,137.7,8.547347,2.013246,0,0,DJI Matrice 300 RTK,M300 RTK,1ZN7L4R0H1D00F,1W9DL31001461C,1ZMLH8300204F0,1Z6PH74DAP0QN7,DJI Pilot,Android,7.0.2,1EF72A62-B7C3-C88D-164E-CE6F8C8424AE,1ZN7L4R0H1D00F,1W9DL31001461C,,1ZMLH8300204F0,1W9DL31001461C,,,,,
2023-11-01,11:35:24.64 AM,11m 2.3s,662.3,33.7938557362604,-117.4737694167244,-29.1,137.7,22.3,1235,5744.7,5.026897,8.547335,-1.789552,2.23694,4.697574,5.816044,0,1.11847,-1.8,-0.9,2,114,114,111.0,Tripod,Other,,20,5,True,,True,False,,Smart,RC,False,True,False,,,True,,False,False,False,False,False,False,False,False,False,False,0,Follow Yaw,-77.9,0,105,105,False,False,False,False,False,,0,0,False,False,No Card,100,100,1024,1188,1024,705,2,False,False,False,False,False,0,False,False,False,False,65,,46.056,,6527,,10044,,46.056,,True,3.84,3.84,3.84,3.84,3.84,3.84,3.84,3.84,3.84,3.84,3.84,3.84,0,,False,False,True,,,,,,,,,,,,,,,False,False,19.7,,105.8,,75.7,,105.8,,1212,124,,21,7,145538.4,19405.12,,Idle,,20,,10,,,20,Go Home,False,False,False,False,False,False,False,False,False,False,False,False,33.8027920380556,-117.4659261431046,4035.0,4043.5,1049.4,396.9,True,1,1,False,False,False,False,,True,False,False,Course Lock,196.8,67,16.4,93,W,SE,1.78,11.4,Calm,False,False,Android,7.0.2,M300 RTK,1ZN7L4R0H1D00F,1W9DL31001461C,1ZMLH8300204F0,1Z6PH74DAP0QN7,"Corona, CA",728.3,5.7,137.7,8.547347,2.013246,0,0,DJI Matrice 300 RTK,M300 RTK,1ZN7L4R0H1D00F,1W9DL31001461C,1ZMLH8300204F0,1Z6PH74DAP0QN7,DJI Pilot,Android,7.0.2,1EF72A62-B7C3-C88D-164E-CE6F8C8424AE,1ZN7L4R0H1D00F,1W9DL31001461C,,1ZMLH8300204F0,1W9DL31001461C,,,,,
2023-11-01,11:35:24.74 AM,11m 2.4s,662.4,33.7938549536901,-117.4737671701806,-29.1,137.7,22.3,1235,5745.5,5.026897,8.547335,-1.789552,2.23694,4.697574,5.816044,0,1.11847,-0.7,-1.6,1.7,113.4,113.4,112.7,Tripod,Other,,20,5,True,,True,False,,Smart,RC,False,True,False,,,True,,False,False,False,False,False,False,False,False,False,False,0,Follow Yaw,-77.9,0,103.8,103.8,False,False,False,False,False,,0,0,False,False,No Card,100,100,1024,1190,1024,686,2,False,False,False,False,False,0,False,False,False,False,65,,46.056,,6527,,10044,,46.056,,True,3.84,3.84,3.84,3.84,3.84,3.84,3.84,3.84,3.84,3.84,3.84,3.84,0,,False,False,True,,,,,,,,,,,,,,,False,False,19.7,,105.8,,75.7,,105.8,,1212,124,,21,7,145538.4,19405.12,,Idle,,20,,10,,,20,Go Home,False,False,False,False,False,False,False,False,False,False,False,False,33.8027920380556,-117.4659261431046,4034.9,4043.5,1049.4,396.9,True,1,1,False,False,False,False,,True,False,False,Course Lock,196.8,67,16.4,93,W,SE,1.78,11.4,Calm,False,False,Android,7.0.2,M300 RTK,1ZN7L4R0H1D00F,1W9DL31001461C,1ZMLH8300204F0,1Z6PH74DAP0QN7,"Corona, CA",728.3,5.7,137.7,8.547347,2.013246,0,0,DJI Matrice 300 RTK,M300 RTK,1ZN7L4R0H1D00F,1W9DL31001461C,1ZMLH8300204F0,1Z6PH74DAP0QN7,DJI Pilot,Android,7.0.2,1EF72A62-B7C3-C88D-164E-CE6F8C8424AE,1ZN7L4R0H1D00F,1W9DL31001461C,,1ZMLH8300204F0,1W9DL31001461C,,,,,
2023-11-01,11:35:24.84 AM,11m 2.5s,662.5,33.7938542125133,-117.4737646134816,-29.1,137.7,22.3,1235,5746.3,5.026897,8.547335,-1.789552,2.23694,4.697574,5.816044,0,1.11847,0.1,-2,2,112.8,112.8,109.2,Tripod,Other,,20,5,True,,True,False,,Smart,RC,False,True,False,,,True,,False,False,False,False,False,False,False,False,False,False,0,Follow Yaw,-77.9,0,102.8,102.8,False,False,False,False,False,,0,0,False,False,No Card,100,100,1024,1193,1024,680,2,False,False,False,False,False,0,False,False,False,False,65,,46.056,,6527,,10044,,46.056,,True,3.84,3.84,3.84,3.84,3.84,3.84,3.84,3.84,3.84,3.84,3.84,3.84,0,,False,False,True,,,,,,,,,,,,,,,False,False,19.7,,105.8,,75.7,,105.8,,1212,124,,21,7,145538.4,19405.12,,Idle,,20,,10,,,20,Go Home,False,False,False,False,False,False,False,False,False,False,False,False,33.8027920380556,-117.4659261431046,4034.6,4043.5,1049.4,396.9,True,1,1,False,False,False,False,,True,False,False,Course Lock,196.8,67,16.4,93,W,SE,2.01,11.4,Calm,False,False,Android,7.0.2,M300 RTK,1ZN7L4R0H1D00F,1W9DL31001461C,1ZMLH8300204F0,1Z6PH74DAP0QN7,"Corona, CA",728.3,5.7,137.7,8.547347,2.013246,0,0,DJI Matrice 300 RTK,M300 RTK,1ZN7L4R0H1D00F,1W9DL31001461C,1ZMLH8300204F0,1Z6PH74DAP0QN7,DJI Pilot,Android,7.0.2,1EF72A62-B7C3-C88D-164E-CE6F8C8424AE,1ZN7L4R0H1D00F,1W9DL31001461C,,1ZMLH8300204F0,1W9DL31001461C,,,,,
2023-11-01,11:35:24.95 AM,11m 2.6s,662.6,33.7938535004628,-117.473762329993,-29.1,137.7,22.3,1235,5747.0,4.951677,8.547335,-1.565858,2.23694,4.697574,5.816044,0,1.11847,0.7,-2.2,2.3,112,112,110.5,Tripod,Other,,20,5,True,,True,False,,Smart,RC,False,True,False,,,True,,False,False,False,False,False,False,False,False,False,False,0,Follow Yaw,-77.9,0,101.9,101.9,False,False,False,False,False,,0,0,False,False,No Card,100,100,1024,1188,1024,675,2,False,False,False,False,False,0,False,False,False,False,65,,46.056,,6527,,10044,,46.056,,True,3.84,3.84,3.84,3.84,3.84,3.84,3.84,3.84,3.84,3.84,3.84,3.84,0,,False,False,True,,,,,,,,,,,,,,,False,False,19.7,,105.8,,75.7,,105.8,,1212,124,,21,7,145538.4,19405.12,,Idle,,20,,10,,,20,Go Home,False,False,False,False,False,False,False,False,False,False,False,False,33.8027920380556,-117.4659261431046,4034.4,4043.5,1049.4,396.9,True,1,1,False,False,False,False,,True,False,False,Course Lock,196.8,67,16.4,93,W,S,2.01,11.4,Calm,False,False,Android,7.0.2,M300 RTK,1ZN7L4R0H1D00F,1W9DL31001461C,1ZMLH8300204F0,1Z6PH74DAP0QN7,"Corona, CA",728.3,5.7,137.7,8.547347,2.013246,0,0,DJI Matrice 300 RTK,M300 RTK,1ZN7L4R0H1D00F,1W9DL31001461C,1ZMLH8300204F0,1Z6PH74DAP0QN7,DJI Pilot,Android,7.0.2,1EF72A62-B7C3-C88D-164E-CE6F8C8424AE,1ZN7L4R0H1D00F,1W9DL31001461C,,1ZMLH8300204F0,1W9DL31001461C,,,,,
2023-11-01,11:35:25.05 AM,11m 2.7s,662.7,33.793852886619,-117.4737603172408,-29.1,137.7,22.3,1235,5747.7,4.951677,8.547335,-1.565858,2.23694,4.697574,5.816044,0,1.11847,0.9,-2,2.1,111.2,111.2,110.1,Tripod,Other,,20,5,True,,True,False,,Smart,RC,False,True,False,,,True,,False,False,False,False,False,False,False,False,False,False,0,Follow Yaw,-77.9,0,100.9,100.9,False,False,False,False,False,,0,0,False,False,No Card,100,100,1024,1185,1024,682,2,False,False,False,False,False,0,False,False,False,False,65,,45.996,,3240,,4986,,45.996,,True,3.84,3.84,3.84,3.84,3.84,3.84,3.84,3.84,3.84,3.84,3.84,3.84,0,,False,False,True,,,,,,,,,,,,,,,False,False,9.898,,105.4,,75.7,,105.8,,1212,124,,21,7,145538.4,19405.12,,Idle,,20,,10,,,20,Go Home,False,False,False,False,False,False,False,False,False,False,False,False,33.8027920380556,-117.4659261431046,4034.2,4043.5,1049.4,396.9,True,1,1,False,False,False,False,,True,False,False,Course Lock,196.8,67,16.4,93,W,S,2.01,11.4,Calm,False,False,Android,7.0.2,M300 RTK,1ZN7L4R0H1D00F,1W9DL31001461C,1ZMLH8300204F0,1Z6PH74DAP0QN7,"Corona, CA",728.3,5.7,137.7,8.547347,2.013246,0,0,DJI Matrice 300 RTK,M300 RTK,1ZN7L4R0H1D00F,1W9DL31001461C,1ZMLH8300204F0,1Z6PH74DAP0QN7,DJI Pilot,Android,7.0.2,1EF72A62-B7C3-C88D-164E-CE6F8C8424AE,1ZN7L4R0H1D00F,1W9DL31001461C,,1ZMLH8300204F0,1W9DL31001461C,,,,,
2023-11-01,11:35:25.15 AM,11m 2.8s,662.8,33.7938522677039,-117.473758086613,-29.1,137.7,22.3,1235,5748.4,4.670867,8.547335,-1.342164,2.23694,4.47388,5.816044,0,1.11847,0.7,-1.9,2,110.2,110.2,108.4,Tripod,Other,,20,5,True,,True,False,,Smart,RC,False,True,False,,,True,,False,False,False,False,False,False,False,False,False,False,0,Follow Yaw,-77.9,0,99.9,99.9,False,False,False,False,False,,0,0,False,False,No Card,100,100,1024,1177,1024,745,2,False,False,False,False,False,0,False,False,False,False,65,,45.996,,3240,,4986,,45.996,,True,3.84,3.84,3.84,3.84,3.84,3.84,3.84,3.84,3.84,3.84,3.84,3.84,0,,False,False,True,,,,,,,,,,,,,,,False,False,9.898,,105.4,,75.7,,105.8,,1212,124,,21,7,145538.4,19405.12,,Idle,,20,,10,,,20,Go Home,False,False,False,False,False,False,False,False,False,False,False,False,33.8027920380556,-117.4659261431046,4034.0,4043.5,1049.4,396.9,True,1,1,False,False,False,False,,True,False,False,Course Lock,196.8,67,16.4,93,W,S,2.01,11.4,Calm,False,False,Android,7.0.2,M300 RTK,1ZN7L4R0H1D00F,1W9DL31001461C,1ZMLH8300204F0,1Z6PH74DAP0QN7,"Corona, CA",728.3,5.7,137.7,8.547347,2.013246,0,0,DJI Matrice 300 RTK,M300 RTK,1ZN7L4R0H1D00F,1W9DL31001461C,1ZMLH8300204F0,1Z6PH74DAP0QN7,DJI Pilot,Android,7.0.2,1EF72A62-B7C3-C88D-164E-CE6F8C8424AE,1ZN7L4R0H1D00F,1W9DL31001461C,,1ZMLH8300204F0,1W9DL31001461C,,,,,
2023-11-01,11:35:25.26 AM,11m 2.9s,662.9,33.7938515417413,-117.4737557880332,-29.1,137.7,22.3,1235,5749.1,4.670867,8.547335,-1.342164,2.23694,4.47388,5.816044,0,1.11847,0.5,-1.9,1.9,109.2,109.2,110.8,Tripod,Other,,20,5,True,,True,False,,Smart,RC,False,True,False,,,True,,False,False,False,False,False,False,False,False,False,False,0,Follow Yaw,-77.9,0,99.1,99.1,False,False,False,False,False,,0,0,False,False,No Card,100,100,1024,1169,1024,816,2,False,False,False,False,False,0,False,False,False,False,65,,45.996,,3240,,4986,,45.996,,True,3.84,3.84,3.84,3.84,3.84,3.84,3.84,3.84,3.84,3.84,3.84,3.84,0,,False,False,True,,,,,,,,,,,,,,,False,False,9.898,,105.4,,75.7,,105.8,,1212,124,,21,7,145538.4,19405.12,,Idle,,20,,10,,,20,Go Home,False,False,False,False,False,False,False,False,False,False,False,False,33.8027920380556,-117.4659261431046,4033.8,4043.5,1049.4,396.9,True,1,1,False,False,False,False,,True,False,False,Course Lock,196.8,67,16.4,93,W,S,2.01,11.4,Calm,False,False,Android,7.0.2,M300 RTK,1ZN7L4R0H1D00F,1W9DL31001461C,1ZMLH8300204F0,1Z6PH74DAP0QN7,"Corona, CA",728.3,5.7,137.7,8.547347,2.013246,0,0,DJI Matrice 300 RTK,M300 RTK,1ZN7L4R0H1D00F,1W9DL31001461C,1ZMLH8300204F0,1Z6PH74DAP0QN7,DJI Pilot,Android,7.0.2,1EF72A62-B7C3-C88D-164E-CE6F8C8424AE,1ZN7L4R0H1D00F,1W9DL31001461C,,1ZMLH8300204F0,1W9DL31001461C,,,,,
2023-11-01,11:35:25.36 AM,11m 3.0s,663.0,33.7938509933459,-117.4737535854438,-29.1,137.7,22.3,1235,5749.8,4.670867,8.547335,-1.342164,2.23694,4.47388,5.816044,0,1.11847,0.4,-1.5,1.5,108.3,108.3,106.6,Tripod,Other,,20,5,True,,True,False,,Smart,RC,False,True,False,,,True,,False,False,False,False,False,False,False,False,False,False,0,Follow Yaw,-77.9,0,98.5,98.5,False,False,False,False,False,,0,0,False,False,No Card,100,100,1024,1163,1024,791,2,False,False,False,False,False,0,False,False,False,False,65,,46.032,,6527,,10044,,46.032,,True,3.84,3.84,3.84,3.84,3.84,3.84,3.84,3.84,3.84,3.84,3.84,3.84,0,,False,False,True,,,,,,,,,,,,,,,False,False,19.746,,105.8,,75.7,,105.8,,1212,124,,21,7,145538.4,19405.12,,Idle,,20,,10,,,20,Go Home,False,False,False,False,False,False,False,False,False,False,False,False,33.8027920380556,-117.4659261431046,4033.6,4043.5,1049.4,396.9,True,1,1,False,False,False,False,,True,False,False,Course Lock,196.8,67,16.4,93,W,S,2.01,11.4,Calm,False,False,Android,7.0.2,M300 RTK,1ZN7L4R0H1D00F,1W9DL31001461C,1ZMLH8300204F0,1Z6PH74DAP0QN7,"Corona, CA",728.3,5.7,137.7,8.547347,2.013246,0,0,DJI Matrice 300 RTK,M300 RTK,1ZN7L4R0H1D00F,1W9DL31001461C,1ZMLH8300204F0,1Z6PH74DAP0QN7,DJI Pilot,Android,7.0.2,1EF72A62-B7C3-C88D-164E-CE6F8C8424AE,1ZN7L4R0H1D00F,1W9DL31001461C,,1ZMLH8300204F0,1W9DL31001461C,,,,,
2023-11-01,11:35:25.46 AM,11m 3.1s,663.1,33.7938506559614,-117.4737515309638,-29.1,137.7,22.3,1235,5750.5,4.611569,8.547335,-1.11847,2.23694,4.47388,5.816044,0,1.11847,0.5,-0.8,0.9,107.5,107.5,101.1,Tripod,Other,,20,5,True,,True,False,,Smart,RC,False,True,False,,,True,,False,False,False,False,False,False,False,False,False,False,0,Follow Yaw,-77.9,0,98.3,98.3,False,False,False,False,False,,0,0,False,False,No Card,100,100,1024,1157,1024,746,2,False,False,False,False,False,0,False,False,False,False,65,,46.032,,6527,,10044,,46.032,,True,3.84,3.84,3.84,3.84,3.84,3.84,3.84,3.84,3.84,3.84,3.84,3.84,0,,False,False,True,,,,,,,,,,,,,,,False,False,19.746,,105.8,,75.7,,105.8,,1212,124,,21,7,145538.4,19405.12,,Idle,,20,,10,,,20,Go Home,False,False,False,False,False,False,False,False,False,False,False,False,33.8027920380556,-117.4659261431046,4033.3,4043.5,1049.4,396.9,True,1,1,False,False,False,False,,True,False,False,Course Lock,196.8,67,16.4,93,W,S,2.01,11.4,Calm,False,False,Android,7.0.2,M300 RTK,1ZN7L4R0H1D00F,1W9DL31001461C,1ZMLH8300204F0,1Z6PH74DAP0QN7,"Corona, CA",728.3,5.7,137.7,8.547347,2.013246,0,0,DJI Matrice 300 RTK,M300 RTK,1ZN7L4R0H1D00F,1W9DL31001461C,1ZMLH8300204F0,1Z6PH74DAP0QN7,DJI Pilot,Android,7.0.2,1EF72A62-B7C3-C88D-164E-CE6F8C8424AE,1ZN7L4R0H1D00F,1W9DL31001461C,,1ZMLH8300204F0,1W9DL31001461C,,,,,
2023-11-01,11:35:25.56 AM,11m 3.2s,663.2,33.7938501821291,-117.4737493798335,-29.1,137.7,22.3,1235,5751.1,4.611569,8.547335,-1.11847,2.23694,4.47388,5.816044,0,1.11847,0.6,-0.5,0.7,106.7,106.7,104.8,Tripod,Other,,21,5,True,,True,False,,Smart,RC,False,True,False,,,True,,False,False,False,False,False,False,False,False,False,False,0,Follow Yaw,-77.9,0,97.4,97.4,False,False,False,False,False,,0,0,False,False,No Card,100,100,1024,1132,1024,692,2,False,False,False,False,False,0,False,False,False,False,65,,46.032,,6527,,10044,,46.032,,True,3.84,3.84,3.84,3.84,3.84,3.84,3.84,3.84,3.84,3.84,3.84,3.84,0,,False,False,True,,,,,,,,,,,,,,,False,False,19.746,,105.8,,75.7,,105.8,,1212,124,,21,7,145538.4,19405.12,,Idle,,20,,10,,,20,Go Home,False,False,False,False,False,False,False,False,False,False,False,False,33.8027920380556,-117.4659261431046,4033.1,4043.5,1049.4,396.9,True,1,1,False,False,False,False,,True,False,False,Course Lock,196.8,67,16.4,93,W,S,2.01,11.4,Calm,False,False,Android,7.0.2,M300 RTK,1ZN7L4R0H1D00F,1W9DL31001461C,1ZMLH8300204F0,1Z6PH74DAP0QN7,"Corona, CA",728.3,5.7,137.7,8.547347,2.013246,0,0,DJI Matrice 300 RTK,M300 RTK,1ZN7L4R0H1D00F,1W9DL31001461C,1ZMLH8300204F0,1Z6PH74DAP0QN7,DJI Pilot,Android,7.0.2,1EF72A62-B7C3-C88D-164E-CE6F8C8424AE,1ZN7L4R0H1D00F,1W9DL31001461C,,1ZMLH8300204F0,1W9DL31001461C,,,,,
2023-11-01,11:35:25.66 AM,11m 3.3s,663.3,33.7938496173545,-117.4737472809042,-29.1,137.7,22.3,1235,5751.8,4.394889,8.547335,-1.11847,2.23694,4.250186,5.816044,0,1.11847,0.7,-0.9,1.1,106,106,107.9,Tripod,Other,,21,5,True,,True,False,,Smart,RC,False,True,False,,,True,,False,False,False,False,False,False,False,False,False,False,0,Follow Yaw,-77.9,0,96.6,96.6,False,False,False,False,False,,0,0,False,False,No Card,100,100,1024,1117,1024,693,2,False,False,False,False,False,0,False,False,False,False,65,,46.032,,6527,,10044,,46.032,,True,3.838,3.838,3.838,3.838,3.838,3.838,3.838,3.838,3.838,3.838,3.838,3.838,0,,False,False,True,,,,,,,,,,,,,,,False,False,19.746,,105.8,,75.7,,105.8,,1212,124,,21,7,145796.6,19439.55,,Idle,,20,,10,,,20,Go Home,False,False,False,False,False,False,False,False,False,False,False,False,33.8027920380556,-117.4659261431046,4032.9,4043.5,1049.4,396.9,True,1,1,False,False,False,False,,True,False,False,Course Lock,196.8,67,16.4,93,W,S,2.01,11.4,Calm,False,False,Android,7.0.2,M300 RTK,1ZN7L4R0H1D00F,1W9DL31001461C,1ZMLH8300204F0,1Z6PH74DAP0QN7,"Corona, CA",728.3,5.7,137.7,8.547347,2.013246,0,0,DJI Matrice 300 RTK,M300 RTK,1ZN7L4R0H1D00F,1W9DL31001461C,1ZMLH8300204F0,1Z6PH74DAP0QN7,DJI Pilot,Android,7.0.2,1EF72A62-B7C3-C88D-164E-CE6F8C8424AE,1ZN7L4R0H1D00F,1W9DL31001461C,,1ZMLH8300204F0,1W9DL31001461C,,,,,
2023-11-01,11:35:25.77 AM,11m 3.4s,663.4,33.7938491823115,-117.4737451820574,-29.1,137.7,22.3,1235,5752.5,4.343351,8.547335,-0.894776,2.23694,4.250186,5.816044,0,1.11847,0.9,-1.7,1.9,105.3,105.3,104.0,Tripod,Other,,21,5,True,,True,False,,Smart,RC,False,True,False,,,True,,False,False,False,False,False,False,False,False,False,False,0,Follow Yaw,-77.9,0,95.7,95.7,False,False,False,False,False,,0,0,False,False,No Card,100,100,1024,1093,1024,708,2,False,False,False,False,False,0,False,False,False,False,65,,46.032,,6527,,10044,,46.032,,True,3.838,3.838,3.838,3.838,3.838,3.838,3.838,3.838,3.838,3.838,3.838,3.838,0,,False,False,True,,,,,,,,,,,,,,,False,False,19.746,,105.8,,75.7,,105.8,,1212,124,,21,7,145796.6,19439.55,,Idle,,20,,10,,,20,Go Home,False,False,False,False,False,False,False,False,False,False,False,False,33.8027920380556,-117.4659261431046,4032.6,4043.5,1049.4,396.9,True,1,1,False,False,False,False,,True,False,False,Course Lock,196.8,67,16.4,93,W,S,2.01,11.4,Calm,False,False,Android,7.0.2,M300 RTK,1ZN7L4R0H1D00F,1W9DL31001461C,1ZMLH8300204F0,1Z6PH74DAP0QN7,"Corona, CA",728.3,5.7,137.7,8.547347,2.013246,0,0,DJI Matrice 300 RTK,M300 RTK,1ZN7L4R0H1D00F,1W9DL31001461C,1ZMLH8300204F0,1Z6PH74DAP0QN7,DJI Pilot,Android,7.0.2,1EF72A62-B7C3-C88D-164E-CE6F8C8424AE,1ZN7L4R0H1D00F,1W9DL31001461C,,1ZMLH8300204F0,1W9DL31001461C,,,,,
2023-11-01,11:35:25.87 AM,11m 3.5s,663.5,33.793848752614,-117.4737431726864,-29.1,137.7,22.3,1235,5753.1,4.343351,8.547335,-0.894776,2.23694,4.250186,5.816044,0,1.11847,1.1,-2,2.2,104.6,104.6,104.4,Tripod,Other,,21,5,True,,True,False,,Smart,RC,False,True,False,,,True,,False,False,False,False,False,False,False,False,False,False,0,Follow Yaw,-77.9,0,95.2,95.2,False,False,False,False,False,,0,0,False,False,No Card,100,100,1024,1093,1024,708,2,False,False,False,False,False,0,False,False,False,False,65,,46.032,,6527,,10044,,46.032,,True,3.838,3.838,3.838,3.838,3.838,3.838,3.838,3.838,3.838,3.838,3.838,3.838,0,,False,False,True,,,,,,,,,,,,,,,False,False,19.746,,105.8,,75.7,,105.8,,1212,124,,21,7,145796.6,19439.55,,Idle,,20,,10,,,20,Go Home,False,False,False,False,False,False,False,False,False,False,False,False,33.8027920380556,-117.4659261431046,4032.4,4043.5,1049.4,396.9,True,1,1,False,False,False,False,,True,False,False,Course Lock,196.8,67,16.4,93,W,S,2.01,11.4,Calm,False,False,Android,7.0.2,M300 RTK,1ZN7L4R0H1D00F,1W9DL31001461C,1ZMLH8300204F0,1Z6PH74DAP0QN7,"Corona, CA",728.3,5.7,137.7,8.547347,2.013246,0,0,DJI Matrice 300 RTK,M300 RTK,1ZN7L4R0H1D00F,1W9DL31001461C,1ZMLH8300204F0,1Z6PH74DAP0QN7,DJI Pilot,Android,7.0.2,1EF72A62-B7C3-C88D-164E-CE6F8C8424AE,1ZN7L4R0H1D00F,1W9DL31001461C,,1ZMLH8300204F0,1W9DL31001461C,,,,,
2023-11-01,11:35:25.97 AM,11m 3.6s,663.6,33.7938484010433,-117.4737411248861,-29.1,137.7,22.3,1235,5753.7,4.30284,8.547335,-0.671082,2.23694,4.250186,5.816044,0,1.11847,1.3,-2,2.3,103.8,103.8,101.6,Tripod,Other,,21,5,True,,True,False,,Smart,RC,False,True,False,,,True,,False,False,False,False,False,False,False,False,False,False,0,Follow Yaw,-77.9,0,93.9,93.9,False,False,False,False,False,,0,0,False,False,No Card,100,100,1024,1057,1024,735,2,False,False,False,False,False,0,False,False,False,False,65,,46.032,,6527,,10044,,46.032,,True,3.838,3.838,3.838,3.838,3.838,3.838,3.838,3.838,3.838,3.838,3.838,3.838,0,,False,False,True,,,,,,,,,,,,,,,False,False,19.746,,105.8,,75.7,,105.8,,1212,124,,21,7,145796.6,19439.55,,Idle,,20,,10,,,20,Go Home,False,False,False,False,False,False,False,False,False,False,False,False,33.8027920380556,-117.4659261431046,4032.1,4043.5,1049.4,396.9,True,1,1,False,False,False,False,,True,False,False,Course Lock,196.8,67,16.4,93,W,S,2.01,11.4,Calm,False,False,Android,7.0.2,M300 RTK,1ZN7L4R0H1D00F,1W9DL31001461C,1ZMLH8300204F0,1Z6PH74DAP0QN7,"Corona, CA",728.3,5.7,137.7,8.547347,2.013246,0,0,DJI Matrice 300 RTK,M300 RTK,1ZN7L4R0H1D00F,1W9DL31001461C,1ZMLH8300204F0,1Z6PH74DAP0QN7,DJI Pilot,Android,7.0.2,1EF72A62-B7C3-C88D-164E-CE6F8C8424AE,1ZN7L4R0H1D00F,1W9DL31001461C,,1ZMLH8300204F0,1W9DL31001461C,,,,,
2023-11-01,11:35:26.08 AM,11m 3.7s,663.7,33.79384800897,-117.4737389965164,-29.1,137.7,22.3,1235,5754.4,4.082032,8.547335,-0.671082,2.23694,4.026492,5.816044,0,1.11847,1.5,-1.5,2.1,103,103,102.4,Tripod,Other,,21,5,True,,True,False,,Smart,RC,False,True,False,,,True,,False,False,False,False,False,False,False,False,False,False,0,Follow Yaw,-77.9,0,93.1,93.1,False,False,False,False,False,,0,0,False,False,No Card,100,100,1024,1024,1024,736,2,False,False,False,False,False,0,False,False,False,False,65,,46.032,,6527,,10044,,46.032,,True,3.838,3.838,3.838,3.838,3.838,3.838,3.838,3.838,3.838,3.838,3.838,3.838,0,,False,False,True,,,,,,,,,,,,,,,False,False,19.746,,105.8,,75.7,,105.8,,1212,124,,21,7,145796.6,19439.55,,Idle,,20,,10,,,20,Go Home,False,False,False,False,False,False,False,False,False,False,False,False,33.8027920380556,-117.4659261431046,4031.9,4043.5,1049.4,396.9,True,1,1,False,False,False,False,,True,False,False,Course Lock,196.8,67,16.4,93,W,S,2.01,11.4,Calm,False,False,Android,7.0.2,M300 RTK,1ZN7L4R0H1D00F,1W9DL31001461C,1ZMLH8300204F0,1Z6PH74DAP0QN7,"Corona, CA",728.3,5.7,137.7,8.547347,2.013246,0,0,DJI Matrice 300 RTK,M300 RTK,1ZN7L4R0H1D00F,1W9DL31001461C,1ZMLH8300204F0,1Z6PH74DAP0QN7,DJI Pilot,Android,7.0.2,1EF72A62-B7C3-C88D-164E-CE6F8C8424AE,1ZN7L4R0H1D00F,1W9DL31001461C,,1ZMLH8300204F0,1W9DL31001461C,,,,,
2023-11-01,11:35:26.14 AM,11m 3.8s,663.8,33.7938477268911,-117.4737370022366,-29.1,137.7,22.3,1235,5755.0,4.05127,8.547335,-0.447388,2.23694,4.026492,5.816044,0,1.11847,1.6,-1,1.8,102.2,102.2,99.6,Tripod,Other,,21,5,True,,True,False,,Smart,RC,False,True,False,,,True,,False,False,False,False,False,False,False,False,False,False,0,Follow Yaw,-77.9,0,92.3,92.3,False,False,False,False,False,,0,0,False,False,No Card,100,100,1024,1024,1024,738,2,False,False,False,False,False,0,False,False,False,False,65,,46.032,,6527,,10044,,46.032,,True,3.838,3.838,3.838,3.838,3.838,3.838,3.838,3.838,3.838,3.838,3.838,3.838,0,,False,False,True,,,,,,,,,,,,,,,False,False,19.746,,105.8,,75.7,,105.8,,1212,124,,21,7,145796.6,19439.55,,Idle,,20,,10,,,20,Go Home,False,False,False,False,False,False,False,False,False,False,False,False,33.8027920380556,-117.4659261431046,4031.6,4043.5,1049.4,396.9,True,1,1,False,False,False,False,,True,False,False,Course Lock,196.8,67,16.4,93,W,S,2.01,11.4,Calm,False,False,Android,7.0.2,M300 RTK,1ZN7L4R0H1D00F,1W9DL31001461C,1ZMLH8300204F0,1Z6PH74DAP0QN7,"Corona, CA",728.3,5.7,137.7,8.547347,2.013246,0,0,DJI Matrice 300 RTK,M300 RTK,1ZN7L4R0H1D00F,1W9DL31001461C,1ZMLH8300204F0,1Z6PH74DAP0QN7,DJI Pilot,Android,7.0.2,1EF72A62-B7C3-C88D-164E-CE6F8C8424AE,1ZN7L4R0H1D00F,1W9DL31001461C,,1ZMLH8300204F0,1W9DL31001461C,,,,,
2023-11-01,11:35:26.24 AM,11m 3.9s,663.9,33.7938475825621,-117.4737354531094,-29.1,137.7,22.3,1235,5755.5,4.05127,8.547335,-0.447388,2.23694,4.026492,5.816044,0,1.11847,3.5,0.8,3.5,101.4,101.4,96.3,Tripod,Other,,21,5,True,,True,False,,Smart,RC,False,True,False,,,True,,False,False,False,False,False,False,False,False,False,False,0,Follow Yaw,-77.9,0,91.9,91.9,False,False,False,False,False,,0,0,False,False,No Card,100,100,1024,1024,1024,744,2,False,False,False,False,False,0,False,False,False,False,65,,46.032,,6527,,10044,,46.032,,True,3.838,3.838,3.838,3.838,3.838,3.838,3.838,3.838,3.838,3.838,3.838,3.838,0,,False,False,True,,,,,,,,,,,,,,,False,False,19.746,,105.8,,75.7,,105.8,,1212,124,,21,7,145796.6,19439.55,,Idle,,20,,10,,,20,Go Home,False,False,False,False,False,False,False,False,False,False,False,False,33.8027920380556,-117.4659261431046,4031.4,4043.5,1049.4,396.9,True,1,1,False,False,False,False,,True,False,False,Course Lock,196.8,67,16.4,93,W,S,2.01,11.4,Calm,False,False,Android,7.0.2,M300 RTK,1ZN7L4R0H1D00F,1W9DL31001461C,1ZMLH8300204F0,1Z6PH74DAP0QN7,"Corona, CA",728.3,5.7,137.7,8.547347,2.013246,0,0,DJI Matrice 300 RTK,M300 RTK,1ZN7L4R0H1D00F,1W9DL31001461C,1ZMLH8300204F0,1Z6PH74DAP0QN7,DJI Pilot,Android,7.0.2,1EF72A62-B7C3-C88D-164E-CE6F8C8424AE,1ZN7L4R0H1D00F,1W9DL31001461C,,1ZMLH8300204F0,1W9DL31001461C,,,,,
2023-11-01,11:35:26.34 AM,11m 4.0s,664.0,33.793847345783,-117.4737336173297,-29.1,137.7,22.3,1235,5756.0,3.606957,8.547335,-0.447388,2.23694,3.579104,5.816044,0,1.11847,9.9,1.6,10,100.7,100.7,98.8,Tripod,Other,,21,5,True,,True,False,,Smart,RC,False,True,False,,,True,,False,False,False,False,False,False,False,False,False,False,0,Follow Yaw,-77.9,0,90.8,90.8,False,False,False,False,False,,0,0,False,False,No Card,100,100,1024,1024,1024,762,2,False,False,False,False,False,0,False,False,False,False,65,,45.996,,3240,,4986,,45.996,,True,3.838,3.838,3.838,3.838,3.838,3.838,3.838,3.838,3.838,3.838,3.838,3.838,0,,False,False,True,,,,,,,,,,,,,,,False,False,10.018,,105.4,,75.7,,105.8,,1212,124,,21,7,145796.6,19439.55,,Idle,,20,,10,,,20,Go Home,False,False,False,False,False,False,False,False,False,False,False,False,33.8027920380556,-117.4659261431046,4031.1,4043.5,1049.4,396.9,True,1,1,False,False,False,False,,True,False,False,Course Lock,196.8,67,16.4,93,W,S,2.01,11.4,Calm,False,False,Android,7.0.2,M300 RTK,1ZN7L4R0H1D00F,1W9DL31001461C,1ZMLH8300204F0,1Z6PH74DAP0QN7,"Corona, CA",728.3,5.7,137.7,8.547347,2.013246,0,0,DJI Matrice 300 RTK,M300 RTK,1ZN7L4R0H1D00F,1W9DL31001461C,1ZMLH8300204F0,1Z6PH74DAP0QN7,DJI Pilot,Android,7.0.2,1EF72A62-B7C3-C88D-164E-CE6F8C8424AE,1ZN7L4R0H1D00F,1W9DL31001461C,,1ZMLH8300204F0,1W9DL31001461C,,,,,
2023-11-01,11:35:26.44 AM,11m 4.1s,664.1,33.7938470480102,-117.4737318081041,-29.1,137.7,22.3,1235,5756.6,3.16351,8.547335,-0.447388,2.23694,3.131716,5.816044,0,1.11847,14.7,1.2,14.7,100.1,100.1,101.2,Tripod,Other,,21,5,True,,True,False,,Smart,RC,False,True,False,,,True,,False,False,False,False,False,False,False,False,False,False,0,Follow Yaw,-77.9,0,90.1,90.1,False,False,False,False,False,,0,0,False,False,No Card,100,100,1024,1024,1024,772,2,False,False,False,False,False,0,False,False,False,False,65,,45.996,,3240,,4986,,45.996,,True,3.838,3.838,3.838,3.838,3.838,3.838,3.838,3.838,3.838,3.838,3.838,3.838,0,,False,False,True,,,,,,,,,,,,,,,False,False,10.018,,105.4,,75.7,,105.8,,1212,124,,21,7,145796.6,19439.55,,Idle,,20,,10,,,20,Go Home,False,False,False,False,False,False,False,False,False,False,False,False,33.8027920380556,-117.4659261431046,4030.9,4043.5,1049.4,396.9,True,1,1,False,False,False,False,,True,False,False,Course Lock,196.8,67,16.4,93,W,S,2.01,11.4,Calm,False,False,Android,7.0.2,M300 RTK,1ZN7L4R0H1D00F,1W9DL31001461C,1ZMLH8300204F0,1Z6PH74DAP0QN7,"Corona, CA",728.3,5.7,137.7,8.547347,2.013246,0,0,DJI Matrice 300 RTK,M300 RTK,1ZN7L4R0H1D00F,1W9DL31001461C,1ZMLH8300204F0,1Z6PH74DAP0QN7,DJI Pilot,Android,7.0.2,1EF72A62-B7C3-C88D-164E-CE6F8C8424AE,1ZN7L4R0H1D00F,1W9DL31001461C,,1ZMLH8300204F0,1W9DL31001461C,,,,,
2023-11-01,11:35:26.54 AM,11m 4.2s,664.2,33.7938468446749,-117.4737304312487,-29.1,137.7,22.3,1235,5757.0,2.721354,8.547335,-0.447388,2.23694,2.684328,5.816044,0,1.11847,15.2,0.4,15.2,99.2,99.2,100.0,Tripod,Other,,21,5,True,,True,False,,Smart,RC,False,True,False,,,True,,False,False,False,False,False,False,False,False,False,False,0,Follow Yaw,-77.9,0,89.5,89.5,False,False,False,False,False,,0,0,False,False,No Card,100,100,1024,1024,1024,773,2,False,False,False,False,False,0,False,False,False,False,65,,45.996,,3240,,4986,,45.996,,True,3.838,3.838,3.838,3.838,3.838,3.838,3.838,3.838,3.838,3.838,3.838,3.838,0,,False,False,True,,,,,,,,,,,,,,,False,False,10.018,,105.4,,75.7,,105.8,,1212,124,,21,7,145796.6,19439.55,,Idle,,20,,10,,,20,Go Home,False,False,False,False,False,False,False,False,False,False,False,False,33.8027920380556,-117.4659261431046,4030.7,4043.5,1049.4,396.9,True,1,1,False,False,False,False,,True,False,False,Course Lock,196.8,67,16.4,93,W,S,2.01,11.4,Calm,False,False,Android,7.0.2,M300 RTK,1ZN7L4R0H1D00F,1W9DL31001461C,1ZMLH8300204F0,1Z6PH74DAP0QN7,"Corona, CA",728.3,5.7,137.7,8.547347,2.013246,0,0,DJI Matrice 300 RTK,M300 RTK,1ZN7L4R0H1D00F,1W9DL31001461C,1ZMLH8300204F0,1Z6PH74DAP0QN7,DJI Pilot,Android,7.0.2,1EF72A62-B7C3-C88D-164E-CE6F8C8424AE,1ZN7L4R0H1D00F,1W9DL31001461C,,1ZMLH8300204F0,1W9DL31001461C,,,,,
2023-11-01,11:35:26.64 AM,11m 4.3s,664.3,33.7938465797291,-117.473729351189,-29.1,137.7,22.3,1235,5757.4,2.025635,8.547335,-0.223694,2.23694,2.013246,5.816044,0,1.11847,12.7,-0.1,12.7,98.5,98.5,106.4,Tripod,Other,,21,5,True,,True,False,,Smart,RC,False,True,False,,,True,,False,False,False,False,False,False,False,False,False,False,0,Follow Yaw,-77.9,0,89.2,89.2,False,False,False,False,False,,0,0,False,False,No Card,100,100,1024,1024,1024,772,2,False,False,False,False,False,0,False,False,False,False,65,,45.996,,3240,,4986,,45.996,,True,3.832,3.832,3.832,3.832,3.832,3.832,3.832,3.832,3.832,3.832,3.832,3.832,0,,False,False,True,,,,,,,,,,,,,,,False,False,10.018,,105.4,,75.7,,105.8,,1211,124,,21,7,146167.6,19489.02,,Idle,,20,,10,,,20,Go Home,False,False,False,False,False,False,False,False,False,False,False,False,33.8027920380556,-117.4659261431046,4030.6,4043.5,1049.4,396.9,True,1,1,False,False,False,False,,True,False,False,Course Lock,196.8,67,16.4,93,W,S,2.01,11.4,Calm,False,False,Android,7.0.2,M300 RTK,1ZN7L4R0H1D00F,1W9DL31001461C,1ZMLH8300204F0,1Z6PH74DAP0QN7,"Corona, CA",728.3,5.7,137.7,8.547347,2.013246,0,0,DJI Matrice 300 RTK,M300 RTK,1ZN7L4R0H1D00F,1W9DL31001461C,1ZMLH8300204F0,1Z6PH74DAP0QN7,DJI Pilot,Android,7.0.2,1EF72A62-B7C3-C88D-164E-CE6F8C8424AE,1ZN7L4R0H1D00F,1W9DL31001461C,,1ZMLH8300204F0,1W9DL31001461C,,,,,
2023-11-01,11:35:26.70 AM,11m 4.4s,664.4,33.7938464488324,-117.4737284873558,-29.1,137.7,22.3,1235,5757.6,1.581755,8.547335,-0.223694,2.23694,1.565858,5.816044,0,1.11847,8.7,-0.3,8.7,97.7,97.7,100.3,Tripod,Other,,21,5,True,,True,False,,Smart,RC,False,True,False,,,True,,False,False,False,False,False,False,False,False,False,False,0,Follow Yaw,-77.9,0,88.2,88.2,False,False,False,False,False,,0,0,False,False,No Card,100,100,1024,1024,1024,771,2,False,False,False,False,False,0,False,False,False,False,65,,45.996,,3240,,4986,,45.996,,True,3.832,3.832,3.832,3.832,3.832,3.832,3.832,3.832,3.832,3.832,3.832,3.832,0,,False,False,True,,,,,,,,,,,,,,,False,False,10.018,,105.4,,75.7,,105.8,,1211,124,,21,7,146167.6,19489.02,,Idle,,20,,10,,,20,Go Home,False,False,False,False,False,False,False,False,False,False,False,False,33.8027920380556,-117.4659261431046,4030.5,4043.5,1049.4,396.9,True,1,1,False,False,False,False,,True,False,False,Course Lock,196.8,67,16.4,93,W,S,2.01,11.4,Calm,False,False,Android,7.0.2,M300 RTK,1ZN7L4R0H1D00F,1W9DL31001461C,1ZMLH8300204F0,1Z6PH74DAP0QN7,"Corona, CA",728.3,5.7,137.7,8.547347,2.013246,0,0,DJI Matrice 300 RTK,M300 RTK,1ZN7L4R0H1D00F,1W9DL31001461C,1ZMLH8300204F0,1Z6PH74DAP0QN7,DJI Pilot,Android,7.0.2,1EF72A62-B7C3-C88D-164E-CE6F8C8424AE,1ZN7L4R0H1D00F,1W9DL31001461C,,1ZMLH8300204F0,1W9DL31001461C,,,,,
2023-11-01,11:35:26.84 AM,11m 4.5s,664.5,33.7938464769306,-117.473728045502,-29.1,137.7,22.3,1235,5757.8,1.342164,8.547335,0,2.23694,1.342164,5.816044,0,1.11847,5.5,-0.1,5.5,97,97,85.6,Tripod,Other,,21,5,True,,True,False,,Smart,RC,False,True,False,,,True,,False,False,False,False,False,False,False,False,False,False,0,Follow Yaw,-77.9,0,87.6,87.6,False,False,False,False,False,,0,0,False,False,No Card,100,100,1024,1024,1024,770,2,False,False,False,False,False,0,False,False,False,False,65,,45.996,,3240,,4986,,45.996,,True,3.832,3.832,3.832,3.832,3.832,3.832,3.832,3.832,3.832,3.832,3.832,3.832,0,,False,False,True,,,,,,,,,,,,,,,False,False,10.018,,105.4,,75.7,,105.8,,1211,124,,21,7,146167.6,19489.02,,Idle,,20,,10,,,20,Go Home,False,False,False,False,False,False,False,False,False,False,False,False,33.8027920380556,-117.4659261431046,4030.4,4043.5,1049.4,396.9,True,1,1,False,False,False,False,,True,False,False,Course Lock,196.8,67,16.4,93,W,S,2.01,11.4,Calm,False,False,Android,7.0.2,M300 RTK,1ZN7L4R0H1D00F,1W9DL31001461C,1ZMLH8300204F0,1Z6PH74DAP0QN7,"Corona, CA",728.3,5.7,137.7,8.547347,2.013246,0,0,DJI Matrice 300 RTK,M300 RTK,1ZN7L4R0H1D00F,1W9DL31001461C,1ZMLH8300204F0,1Z6PH74DAP0QN7,DJI Pilot,Android,7.0.2,1EF72A62-B7C3-C88D-164E-CE6F8C8424AE,1ZN7L4R0H1D00F,1W9DL31001461C,,1ZMLH8300204F0,1W9DL31001461C,,,,,
2023-11-01,11:35:26.94 AM,11m 4.6s,664.6,33.793846401408,-117.4737274844845,-29.1,137.7,22.3,1235,5757.9,1.11847,8.547335,0,2.23694,1.11847,5.816044,0,1.11847,3.7,0.1,3.7,96.3,96.3,99.2,Tripod,Other,,21,5,True,,True,False,,Smart,RC,False,True,False,,,True,,False,False,False,False,False,False,False,False,False,False,0,Follow Yaw,-77.9,0,86.9,86.9,False,False,False,False,False,,0,0,False,False,No Card,100,100,1024,1024,1024,775,2,False,False,False,False,False,0,False,False,False,False,65,,45.996,,3240,,4986,,45.996,,True,3.832,3.832,3.832,3.832,3.832,3.832,3.832,3.832,3.832,3.832,3.832,3.832,0,,False,False,True,,,,,,,,,,,,,,,False,False,10.018,,105.4,,75.7,,105.8,,1211,124,,21,7,146167.6,19489.02,,Idle,,20,,10,,,20,Go Home,False,False,False,False,False,False,False,False,False,False,False,False,33.8027920380556,-117.4659261431046,4030.3,4043.5,1049.4,396.9,True,1,1,False,False,False,False,,True,False,False,Course Lock,196.8,67,16.4,93,W,S,2.01,11.4,Calm,False,False,Android,7.0.2,M300 RTK,1ZN7L4R0H1D00F,1W9DL31001461C,1ZMLH8300204F0,1Z6PH74DAP0QN7,"Corona, CA",728.3,5.7,137.7,8.547347,2.013246,0,0,DJI Matrice 300 RTK,M300 RTK,1ZN7L4R0H1D00F,1W9DL31001461C,1ZMLH8300204F0,1Z6PH74DAP0QN7,DJI Pilot,Android,7.0.2,1EF72A62-B7C3-C88D-164E-CE6F8C8424AE,1ZN7L4R0H1D00F,1W9DL31001461C,,1ZMLH8300204F0,1W9DL31001461C,,,,,
2023-11-01,11:35:27.04 AM,11m 4.7s,664.7,33.7938462813395,-117.4737271718552,-29.1,137.7,22.3,1235,5758.0,0.894776,8.547335,0,2.23694,0.894776,5.816044,0,1.11847,3.2,0.3,3.2,95.6,95.6,114.8,Tripod,Other,,21,5,True,,True,False,,Smart,RC,False,True,False,,,True,,False,False,False,False,False,False,False,False,False,False,0,Follow Yaw,-77.9,0,86.6,86.6,False,False,False,False,False,,0,0,False,False,No Card,100,100,1024,1024,1024,826,2,False,False,False,False,False,0,False,False,False,False,65,,45.996,,3240,,4986,,45.996,,True,3.832,3.832,3.832,3.832,3.832,3.832,3.832,3.832,3.832,3.832,3.832,3.832,0,,False,False,True,,,,,,,,,,,,,,,False,False,10.018,,105.4,,75.7,,105.8,,1211,124,,21,7,146167.6,19489.02,,Idle,,20,,10,,,20,Go Home,False,False,False,False,False,False,False,False,False,False,False,False,33.8027920380556,-117.4659261431046,4030.3,4043.5,1049.4,396.9,True,1,1,False,False,False,False,,True,False,False,Course Lock,196.8,67,16.4,93,W,S,1.78,11.4,Calm,False,False,Android,7.0.2,M300 RTK,1ZN7L4R0H1D00F,1W9DL31001461C,1ZMLH8300204F0,1Z6PH74DAP0QN7,"Corona, CA",728.3,5.7,137.7,8.547347,2.013246,0,0,DJI Matrice 300 RTK,M300 RTK,1ZN7L4R0H1D00F,1W9DL31001461C,1ZMLH8300204F0,1Z6PH74DAP0QN7,DJI Pilot,Android,7.0.2,1EF72A62-B7C3-C88D-164E-CE6F8C8424AE,1ZN7L4R0H1D00F,1W9DL31001461C,,1ZMLH8300204F0,1W9DL31001461C,,,,,
2023-11-01,11:35:27.12 AM,11m 4.8s,664.8,33.7938462197974,-117.4737267639774,-29.1,137.7,22.3,1235,5758.2,0.671082,8.547335,0,2.23694,0.671082,5.816044,0,1.11847,3.1,0.3,3.1,95,95,100.2,Tripod,Other,,21,5,True,,True,False,,Smart,RC,False,True,False,,,True,,False,False,False,False,False,False,False,False,False,False,0,Follow Yaw,-77.9,0,85.7,85.7,False,False,False,False,False,,0,0,False,False,No Card,100,100,1024,1024,1024,840,2,False,False,False,False,False,0,False,False,False,False,65,,45.996,,3240,,4986,,45.996,,True,3.832,3.832,3.832,3.832,3.832,3.832,3.832,3.832,3.832,3.832,3.832,3.832,0,,False,False,True,,,,,,,,,,,,,,,False,False,10.018,,105.4,,75.7,,105.8,,1211,124,,21,7,146167.6,19489.02,,Idle,,20,,10,,,20,Go Home,False,False,False,False,False,False,False,False,False,False,False,False,33.8027920380556,-117.4659261431046,4030.2,4043.5,1049.4,396.9,True,1,1,False,False,False,False,,True,False,False,Course Lock,196.8,67,16.4,93,W,S,1.78,11.4,Calm,False,False,Android,7.0.2,M300 RTK,1ZN7L4R0H1D00F,1W9DL31001461C,1ZMLH8300204F0,1Z6PH74DAP0QN7,"Corona, CA",728.3,5.7,137.7,8.547347,2.013246,0,0,DJI Matrice 300 RTK,M300 RTK,1ZN7L4R0H1D00F,1W9DL31001461C,1ZMLH8300204F0,1Z6PH74DAP0QN7,DJI Pilot,Android,7.0.2,1EF72A62-B7C3-C88D-164E-CE6F8C8424AE,1ZN7L4R0H1D00F,1W9DL31001461C,,1ZMLH8300204F0,1W9DL31001461C,,,,,
2023-11-01,11:35:27.22 AM,11m 4.9s,664.9,33.7938463425388,-117.4737263158562,-29.1,137.7,22.3,1235,5758.3,0.671082,8.547335,0,2.23694,0.671082,5.816044,0,1.11847,3.1,0.3,3.1,94.4,94.4,71.7,Tripod,Other,,21,5,True,,True,False,,Smart,RC,False,True,False,,,True,,False,False,False,False,False,False,False,False,False,False,0,Follow Yaw,-77.9,0,85.3,85.3,False,False,False,False,False,,0,0,False,False,No Card,100,100,1024,1024,1024,837,2,False,False,False,False,False,0,False,False,False,False,65,,45.996,,3240,,4986,,45.996,,True,3.832,3.832,3.832,3.832,3.832,3.832,3.832,3.832,3.832,3.832,3.832,3.832,0,,False,False,True,,,,,,,,,,,,,,,False,False,10.018,,105.4,,75.7,,105.8,,1211,124,,21,7,146167.6,19489.02,,Idle,,20,,10,,,20,Go Home,False,False,False,False,False,False,False,False,False,False,False,False,33.8027920380556,-117.4659261431046,4030.1,4043.5,1049.4,396.9,True,1,1,False,False,False,False,,True,False,False,Course Lock,196.8,67,16.4,93,W,S,1.78,11.4,Calm,False,False,Android,7.0.2,M300 RTK,1ZN7L4R0H1D00F,1W9DL31001461C,1ZMLH8300204F0,1Z6PH74DAP0QN7,"Corona, CA",728.3,5.7,137.7,8.547347,2.013246,0,0,DJI Matrice 300 RTK,M300 RTK,1ZN7L4R0H1D00F,1W9DL31001461C,1ZMLH8300204F0,1Z6PH74DAP0QN7,DJI Pilot,Android,7.0.2,1EF72A62-B7C3-C88D-164E-CE6F8C8424AE,1ZN7L4R0H1D00F,1W9DL31001461C,,1ZMLH8300204F0,1W9DL31001461C,,,,,
2023-11-01,11:35:27.34 AM,11m 5.0s,665.0,33.7938463110139,-117.4737260108962,-29.1,137.7,22.3,1235,5758.4,0.447388,8.547335,0,2.23694,0.447388,5.816044,0,1.11847,2.9,0.3,2.9,93.9,93.9,97.0,Tripod,Other,,21,5,True,,True,False,,Smart,RC,False,True,False,,,True,,False,False,False,False,False,False,False,False,False,False,0,Follow Yaw,-77.9,0,84.9,84.9,False,False,False,False,False,,0,0,False,False,No Card,100,100,1024,1024,1024,785,2,False,False,False,False,False,0,False,False,False,False,64,,46.02,,6477,,10044,,46.02,,True,3.832,3.832,3.832,3.832,3.832,3.832,3.832,3.832,3.832,3.832,3.832,3.832,0,,False,False,True,,,,,,,,,,,,,,,False,False,20.036,,105.8,,75.7,,105.8,,1211,124,,21,7,146167.6,19489.02,,Idle,,20,,10,,,20,Go Home,False,False,False,False,False,False,False,False,False,False,False,False,33.8027920380556,-117.4659261431046,4030.1,4043.5,1049.4,396.9,True,1,1,False,False,False,False,,True,False,False,Course Lock,196.8,67,16.4,93,W,S,1.78,11.4,Calm,False,False,Android,7.0.2,M300 RTK,1ZN7L4R0H1D00F,1W9DL31001461C,1ZMLH8300204F0,1Z6PH74DAP0QN7,"Corona, CA",728.3,5.7,137.7,8.547347,2.013246,0,0,DJI Matrice 300 RTK,M300 RTK,1ZN7L4R0H1D00F,1W9DL31001461C,1ZMLH8300204F0,1Z6PH74DAP0QN7,DJI Pilot,Android,7.0.2,1EF72A62-B7C3-C88D-164E-CE6F8C8424AE,1ZN7L4R0H1D00F,1W9DL31001461C,,1ZMLH8300204F0,1W9DL31001461C,,,,,
2023-11-01,11:35:27.44 AM,11m 5.1s,665.1,33.7938461237837,-117.4737257603639,-29.1,137.7,22.6,1235,5758.5,0.223694,8.547335,0,2.23694,0.223694,5.816044,0,1.11847,2.9,0.2,2.9,93.4,93.4,131.9,Tripod,Other,,21,5,True,,True,False,,Smart,RC,False,True,False,,,True,,False,False,False,False,False,False,False,False,False,False,0,Follow Yaw,-77.9,0,84.4,84.4,False,False,False,False,False,,0,0,False,False,No Card,100,100,1024,1024,1024,798,2,False,False,False,False,False,0,False,False,False,False,64,,46.02,,6477,,10044,,46.02,,True,3.832,3.832,3.832,3.832,3.832,3.832,3.832,3.832,3.832,3.832,3.832,3.832,0,,False,False,True,,,,,,,,,,,,,,,False,False,20.036,,105.8,,75.7,,105.8,,1211,124,,21,7,146167.6,19489.02,,Idle,,20,,10,,,20,Go Home,False,False,False,False,False,False,False,False,False,False,False,False,33.8027920380556,-117.4659261431046,4030.1,4043.5,1049.4,396.9,True,1,1,False,False,False,False,,True,False,False,Course Lock,196.8,67,16.4,93,W,S,1.78,11.4,Calm,False,False,Android,7.0.2,M300 RTK,1ZN7L4R0H1D00F,1W9DL31001461C,1ZMLH8300204F0,1Z6PH74DAP0QN7,"Corona, CA",728.3,5.7,137.7,8.547347,2.013246,0,0,DJI Matrice 300 RTK,M300 RTK,1ZN7L4R0H1D00F,1W9DL31001461C,1ZMLH8300204F0,1Z6PH74DAP0QN7,DJI Pilot,Android,7.0.2,1EF72A62-B7C3-C88D-164E-CE6F8C8424AE,1ZN7L4R0H1D00F,1W9DL31001461C,,1ZMLH8300204F0,1W9DL31001461C,,,,,
2023-11-01,11:35:27.53 AM,11m 5.2s,665.2,33.7938460888322,-117.4737255363858,-29.1,137.7,22.6,1235,5758.6,0.223694,8.547335,0,2.23694,0.223694,5.816044,0,1.11847,2.7,0.2,2.7,92.9,92.9,100.6,Tripod,Other,,21,5,True,,True,False,,Smart,RC,False,True,False,,,True,,False,False,False,False,False,False,False,False,False,False,0,Follow Yaw,-77.9,0,83.8,83.8,False,False,False,False,False,,0,0,False,False,No Card,100,100,1024,1024,1024,818,2,False,False,False,False,False,0,False,False,False,False,64,,46.02,,6477,,10044,,46.02,,True,3.832,3.832,3.832,3.832,3.832,3.832,3.832,3.832,3.832,3.832,3.832,3.832,0,,False,False,True,,,,,,,,,,,,,,,False,False,20.036,,105.8,,75.7,,105.8,,1211,124,,21,7,146167.6,19489.02,,Idle,,20,,10,,,20,Go Home,False,False,False,False,False,False,False,False,False,False,False,False,33.8027920380556,-117.4659261431046,4030.1,4043.5,1049.4,396.9,True,1,1,False,False,False,False,,True,False,False,Course Lock,196.8,67,16.4,93,W,S,1.78,11.4,Calm,False,False,Android,7.0.2,M300 RTK,1ZN7L4R0H1D00F,1W9DL31001461C,1ZMLH8300204F0,1Z6PH74DAP0QN7,"Corona, CA",728.3,5.7,137.7,8.547347,2.013246,0,0,DJI Matrice 300 RTK,M300 RTK,1ZN7L4R0H1D00F,1W9DL31001461C,1ZMLH8300204F0,1Z6PH74DAP0QN7,DJI Pilot,Android,7.0.2,1EF72A62-B7C3-C88D-164E-CE6F8C8424AE,1ZN7L4R0H1D00F,1W9DL31001461C,,1ZMLH8300204F0,1W9DL31001461C,,,,,
2023-11-01,11:35:27.63 AM,11m 5.3s,665.3,33.7938461796375,-117.4737252782666,-29.1,137.7,22.6,1235,5758.7,0.223694,8.547335,0,2.23694,0.223694,5.816044,0,1.11847,2.3,0.2,2.3,92.4,92.4,67.0,Tripod,Other,,21,5,True,,True,False,,Smart,RC,False,True,False,,,True,,False,False,False,False,False,False,False,False,False,False,0,Follow Yaw,-77.9,0,83.3,83.3,False,False,False,False,False,,0,0,False,False,No Card,100,100,1024,1062,1024,900,2,False,False,False,False,False,0,False,False,False,False,64,,46.02,,6477,,10044,,46.02,,True,3.832,3.832,3.832,3.832,3.832,3.832,3.832,3.832,3.832,3.832,3.832,3.832,0,,False,False,True,,,,,,,,,,,,,,,False,False,20.036,,105.8,,75.7,,105.8,,1210,124,,21,7,146659.5,19554.60,,Idle,,20,,10,,,20,Go Home,False,False,False,False,False,False,False,False,False,False,False,False,33.8027920380556,-117.4659261431046,4030.0,4043.5,1049.4,396.9,True,1,1,False,False,False,False,,True,False,False,Course Lock,196.8,67,16.4,93,W,S,1.78,11.4,Calm,False,False,Android,7.0.2,M300 RTK,1ZN7L4R0H1D00F,1W9DL31001461C,1ZMLH8300204F0,1Z6PH74DAP0QN7,"Corona, CA",728.3,5.7,137.7,8.547347,2.013246,0,0,DJI Matrice 300 RTK,M300 RTK,1ZN7L4R0H1D00F,1W9DL31001461C,1ZMLH8300204F0,1Z6PH74DAP0QN7,DJI Pilot,Android,7.0.2,1EF72A62-B7C3-C88D-164E-CE6F8C8424AE,1ZN7L4R0H1D00F,1W9DL31001461C,,1ZMLH8300204F0,1W9DL31001461C,,,,,
2023-11-01,11:35:27.74 AM,11m 5.4s,665.4,33.7938461651772,-117.4737251125921,-29.1,137.7,22.6,1235,5758.7,0,8.547335,0,2.23694,0,5.816044,0,1.11847,2,0.2,2,91.9,91.9,,Tripod,Other,,21,5,True,,True,False,,Smart,RC,False,True,False,,,True,,False,False,False,False,False,False,False,False,False,False,0,Follow Yaw,-77.9,0,82.9,82.9,False,False,False,False,False,,0,0,False,False,No Card,100,100,1024,1233,1024,1011,2,False,False,False,False,False,0,False,False,False,False,64,,46.02,,6477,,10044,,46.02,,True,3.832,3.832,3.832,3.832,3.832,3.832,3.832,3.832,3.832,3.832,3.832,3.832,0,,False,False,True,,,,,,,,,,,,,,,False,False,20.036,,105.8,,75.7,,105.8,,1210,124,,21,7,146659.5,19554.60,,Idle,,20,,10,,,20,Go Home,False,False,False,False,False,False,False,False,False,False,False,False,33.8027920380556,-117.4659261431046,4030.0,4043.5,1049.4,396.9,True,1,1,False,False,False,False,,True,False,False,Course Lock,196.8,67,16.4,93,W,S,1.78,11.4,Calm,False,False,Android,7.0.2,M300 RTK,1ZN7L4R0H1D00F,1W9DL31001461C,1ZMLH8300204F0,1Z6PH74DAP0QN7,"Corona, CA",728.3,5.7,137.7,8.547347,2.013246,0,0,DJI Matrice 300 RTK,M300 RTK,1ZN7L4R0H1D00F,1W9DL31001461C,1ZMLH8300204F0,1Z6PH74DAP0QN7,DJI Pilot,Android,7.0.2,1EF72A62-B7C3-C88D-164E-CE6F8C8424AE,1ZN7L4R0H1D00F,1W9DL31001461C,,1ZMLH8300204F0,1W9DL31001461C,,,,,
2023-11-01,11:35:27.84 AM,11m 5.5s,665.5,33.7938461948517,-117.4737250698746,-29.1,137.7,22.3,1235,5758.7,0,8.547335,0,2.23694,0,5.816044,0,1.11847,2,0.3,2,91.5,91.5,,Tripod,Other,,21,5,True,,True,False,,Smart,RC,False,True,False,,,True,,False,False,False,False,False,False,False,False,False,False,0,Follow Yaw,-77.9,0,82.8,82.8,False,False,False,False,False,,0,0,False,False,No Card,100,100,1024,1323,1024,1024,2,False,False,False,False,False,0,False,False,False,False,64,,46.02,,6477,,10044,,46.02,,True,3.832,3.832,3.832,3.832,3.832,3.832,3.832,3.832,3.832,3.832,3.832,3.832,0,,False,False,True,,,,,,,,,,,,,,,False,False,20.036,,105.8,,75.7,,105.8,,1210,124,,21,7,146659.5,19554.60,,Idle,,20,,10,,,20,Go Home,False,False,False,False,False,False,False,False,False,False,False,False,33.8027920380556,-117.4659261431046,4029.9,4043.5,1049.4,396.9,True,1,1,False,False,False,False,,True,False,False,Course Lock,196.8,67,16.4,93,W,S,1.78,11.4,Calm,False,False,Android,7.0.2,M300 RTK,1ZN7L4R0H1D00F,1W9DL31001461C,1ZMLH8300204F0,1Z6PH74DAP0QN7,"Corona, CA",728.3,5.7,137.7,8.547347,2.013246,0,0,DJI Matrice 300 RTK,M300 RTK,1ZN7L4R0H1D00F,1W9DL31001461C,1ZMLH8300204F0,1Z6PH74DAP0QN7,DJI Pilot,Android,7.0.2,1EF72A62-B7C3-C88D-164E-CE6F8C8424AE,1ZN7L4R0H1D00F,1W9DL31001461C,,1ZMLH8300204F0,1W9DL31001461C,,,,,
2023-11-01,11:35:27.94 AM,11m 5.6s,665.6,33.7938461893691,-117.473724960277,-29.1,137.7,22.3,1235,5758.8,0,8.547335,0,2.23694,0,5.816044,0,1.11847,1.4,0.4,1.4,91.2,91.2,,Tripod,Other,,21,5,True,,True,False,,Smart,RC,False,True,False,,,True,,False,False,False,False,False,False,False,False,False,False,0,Follow Yaw,-77.9,0,82.8,82.8,False,False,False,False,False,,0,0,False,False,No Card,100,100,1024,1347,1024,1024,2,False,False,False,False,False,0,False,False,False,False,64,,46.02,,6477,,10044,,46.02,,True,3.832,3.832,3.832,3.832,3.832,3.832,3.832,3.832,3.832,3.832,3.832,3.832,0,,False,False,True,,,,,,,,,,,,,,,False,False,20.036,,105.8,,75.7,,105.8,,1210,124,,21,7,146659.5,19554.60,,Idle,,20,,10,,,20,Go Home,False,False,False,False,False,False,False,False,False,False,False,False,33.8027920380556,-117.4659261431046,4029.9,4043.5,1049.4,396.9,True,1,1,False,False,False,False,,True,False,False,Course Lock,196.8,67,16.4,93,W,S,1.78,11.4,Calm,False,False,Android,7.0.2,M300 RTK,1ZN7L4R0H1D00F,1W9DL31001461C,1ZMLH8300204F0,1Z6PH74DAP0QN7,"Corona, CA",728.3,5.7,137.7,8.547347,2.013246,0,0,DJI Matrice 300 RTK,M300 RTK,1ZN7L4R0H1D00F,1W9DL31001461C,1ZMLH8300204F0,1Z6PH74DAP0QN7,DJI Pilot,Android,7.0.2,1EF72A62-B7C3-C88D-164E-CE6F8C8424AE,1ZN7L4R0H1D00F,1W9DL31001461C,,1ZMLH8300204F0,1W9DL31001461C,,,,,
2023-11-01,11:35:28.05 AM,11m 5.7s,665.7,33.7938460109796,-117.4737248305577,-29.1,137.7,22.3,1235,5758.8,0,8.547335,0,2.23694,0,5.816044,0,1.11847,0.2,0.4,0.4,91,91,,Tripod,Other,,21,5,True,,True,False,,Smart,RC,False,True,False,,,True,,False,False,False,False,False,False,False,False,False,False,0,Follow Yaw,-77.9,0,82.8,82.8,False,False,False,False,False,,0,0,False,False,No Card,100,100,1024,1349,1024,1024,2,False,False,False,False,False,0,False,False,False,False,65,,45.972,,3240,,4986,,45.972,,True,3.832,3.832,3.832,3.832,3.832,3.832,3.832,3.832,3.832,3.832,3.832,3.832,0,,False,False,True,,,,,,,,,,,,,,,False,False,10.24,,105.6,,75.7,,105.8,,1210,124,,21,7,146659.5,19554.60,,Idle,,20,,10,,,20,Go Home,False,False,False,False,False,False,False,False,False,False,False,False,33.8027920380556,-117.4659261431046,4030.0,4043.5,1049.4,396.9,True,1,1,False,False,False,False,,True,False,False,Course Lock,196.8,67,16.4,93,W,S,1.78,11.4,Calm,False,False,Android,7.0.2,M300 RTK,1ZN7L4R0H1D00F,1W9DL31001461C,1ZMLH8300204F0,1Z6PH74DAP0QN7,"Corona, CA",728.3,5.7,137.7,8.547347,2.013246,0,0,DJI Matrice 300 RTK,M300 RTK,1ZN7L4R0H1D00F,1W9DL31001461C,1ZMLH8300204F0,1Z6PH74DAP0QN7,DJI Pilot,Android,7.0.2,1EF72A62-B7C3-C88D-164E-CE6F8C8424AE,1ZN7L4R0H1D00F,1W9DL31001461C,,1ZMLH8300204F0,1W9DL31001461C,,,,,
2023-11-01,11:35:28.15 AM,11m 5.8s,665.8,33.7938459902828,-117.4737247203004,-29.1,137.7,22.3,1235,5758.9,0,8.547335,0,2.23694,0,5.816044,0,1.11847,-1.2,0.4,1.2,90.9,90.9,,Tripod,Other,,21,5,True,,True,False,,Smart,RC,False,True,False,,,True,,False,False,False,False,False,False,False,False,False,False,0,Follow Yaw,-77.9,0,82.8,82.8,False,False,False,False,False,,0,0,False,False,No Card,100,100,1024,1351,1024,1024,2,False,False,False,False,False,0,False,False,False,False,65,,45.972,,3240,,4986,,45.972,,True,3.832,3.832,3.832,3.832,3.832,3.832,3.832,3.832,3.832,3.832,3.832,3.832,0,,False,False,True,,,,,,,,,,,,,,,False,False,10.24,,105.6,,75.7,,105.8,,1210,124,,21,7,146659.5,19554.60,,Idle,,20,,10,,,20,Go Home,False,False,False,False,False,False,False,False,False,False,False,False,33.8027920380556,-117.4659261431046,4029.9,4043.5,1049.4,396.9,True,1,1,False,False,False,False,,True,False,False,Course Lock,196.8,67,16.4,93,W,S,1.78,11.4,Calm,False,False,Android,7.0.2,M300 RTK,1ZN7L4R0H1D00F,1W9DL31001461C,1ZMLH8300204F0,1Z6PH74DAP0QN7,"Corona, CA",728.3,5.7,137.7,8.547347,2.013246,0,0,DJI Matrice 300 RTK,M300 RTK,1ZN7L4R0H1D00F,1W9DL31001461C,1ZMLH8300204F0,1Z6PH74DAP0QN7,DJI Pilot,Android,7.0.2,1EF72A62-B7C3-C88D-164E-CE6F8C8424AE,1ZN7L4R0H1D00F,1W9DL31001461C,,1ZMLH8300204F0,1W9DL31001461C,,,,,
2023-11-01,11:35:28.24 AM,11m 5.9s,665.9,33.7938459614307,-117.4737246667799,-29.1,137.7,22.3,1235,5758.9,0.223694,8.547335,0,2.23694,0.223694,5.816044,0,1.11847,-2.3,0.4,2.3,91,91,122.9,Tripod,Other,,21,5,True,,True,False,,Smart,RC,False,True,False,,,True,,False,False,False,False,False,False,False,False,False,False,0,Follow Yaw,-77.9,0,82.8,82.8,False,False,False,False,False,,0,0,False,False,No Card,100,100,1024,1361,1024,1024,2,False,False,False,False,False,0,False,False,False,False,65,,45.972,,3240,,4986,,45.972,,True,3.832,3.832,3.832,3.832,3.832,3.832,3.832,3.832,3.832,3.832,3.832,3.832,0,,False,False,True,,,,,,,,,,,,,,,False,False,10.24,,105.6,,75.7,,105.8,,1210,124,,21,7,146659.5,19554.60,,Idle,,20,,10,,,20,Go Home,False,False,False,False,False,False,False,False,False,False,False,False,33.8027920380556,-117.4659261431046,4029.9,4043.5,1049.4,396.9,True,1,1,False,False,False,False,,True,False,False,Course Lock,196.8,67,16.4,93,W,S,1.78,11.4,Calm,False,False,Android,7.0.2,M300 RTK,1ZN7L4R0H1D00F,1W9DL31001461C,1ZMLH8300204F0,1Z6PH74DAP0QN7,"Corona, CA",728.3,5.7,137.7,8.547347,2.013246,0,0,DJI Matrice 300 RTK,M300 RTK,1ZN7L4R0H1D00F,1W9DL31001461C,1ZMLH8300204F0,1Z6PH74DAP0QN7,DJI Pilot,Android,7.0.2,1EF72A62-B7C3-C88D-164E-CE6F8C8424AE,1ZN7L4R0H1D00F,1W9DL31001461C,,1ZMLH8300204F0,1W9DL31001461C,,,,,
2023-11-01,11:35:28.35 AM,11m 6.0s,666.0,33.7938459407339,-117.4737244728194,-29.1,137.7,22.3,1235,5758.9,0.223694,8.547335,0,2.23694,0.223694,5.816044,0,1.11847,-2.8,0.4,2.8,91,91,97.3,Tripod,Other,,21,5,True,,True,False,,Smart,RC,False,True,False,,,True,,False,False,False,False,False,False,False,False,False,False,0,Follow Yaw,-77.9,0,82.8,82.8,False,False,False,False,False,,0,0,False,False,No Card,100,100,1024,1371,1024,1024,2,False,False,False,False,False,0,False,False,False,False,64,,45.996,,6477,,10044,,45.996,,True,3.832,3.832,3.832,3.832,3.832,3.832,3.832,3.832,3.832,3.832,3.832,3.832,0,,False,False,True,,,,,,,,,,,,,,,False,False,20.4,,105.9,,75.7,,105.9,,1210,124,,21,7,146659.5,19554.60,,Idle,,20,,10,,,20,Go Home,False,False,False,False,False,False,False,False,False,False,False,False,33.8027920380556,-117.4659261431046,4029.9,4043.5,1049.4,396.9,True,1,1,False,False,False,False,,True,False,False,Course Lock,196.8,67,16.4,93,W,S,1.78,11.4,Calm,False,False,Android,7.0.2,M300 RTK,1ZN7L4R0H1D00F,1W9DL31001461C,1ZMLH8300204F0,1Z6PH74DAP0QN7,"Corona, CA",728.3,5.7,137.7,8.547347,2.013246,0,0,DJI Matrice 300 RTK,M300 RTK,1ZN7L4R0H1D00F,1W9DL31001461C,1ZMLH8300204F0,1Z6PH74DAP0QN7,DJI Pilot,Android,7.0.2,1EF72A62-B7C3-C88D-164E-CE6F8C8424AE,1ZN7L4R0H1D00F,1W9DL31001461C,,1ZMLH8300204F0,1W9DL31001461C,,,,,
2023-11-01,11:35:28.46 AM,11m 6.1s,666.1,33.7938458688436,-117.4737242725091,-29.1,137.7,22.3,1235,5759.0,0.447388,8.547335,0,2.23694,0.447388,5.816044,0,1.11847,-2.8,0.4,2.8,91,91,113.3,Tripod,Other,,21,5,True,,True,False,,Smart,RC,False,True,False,,,True,,False,False,False,False,False,False,False,False,False,False,0,Follow Yaw,-77.9,0,82.8,82.8,False,False,False,False,False,,0,0,False,False,No Card,100,100,1024,1371,1024,1024,2,False,False,False,False,False,0,False,False,False,False,64,,45.996,,6477,,10044,,45.996,,True,3.832,3.832,3.832,3.832,3.832,3.832,3.832,3.832,3.832,3.832,3.832,3.832,0,,False,False,True,,,,,,,,,,,,,,,False,False,20.4,,105.9,,75.7,,105.9,,1210,124,,21,7,146659.5,19554.60,,Idle,,20,,10,,,20,Go Home,False,False,False,False,False,False,False,False,False,False,False,False,33.8027920380556,-117.4659261431046,4029.9,4043.5,1049.4,396.9,True,1,1,False,False,False,False,,True,False,False,Course Lock,196.8,67,16.4,93,W,S,1.78,11.4,Calm,False,False,Android,7.0.2,M300 RTK,1ZN7L4R0H1D00F,1W9DL31001461C,1ZMLH8300204F0,1Z6PH74DAP0QN7,"Corona, CA",728.3,5.7,137.7,8.547347,2.013246,0,0,DJI Matrice 300 RTK,M300 RTK,1ZN7L4R0H1D00F,1W9DL31001461C,1ZMLH8300204F0,1Z6PH74DAP0QN7,DJI Pilot,Android,7.0.2,1EF72A62-B7C3-C88D-164E-CE6F8C8424AE,1ZN7L4R0H1D00F,1W9DL31001461C,,1ZMLH8300204F0,1W9DL31001461C,,,,,
2023-11-01,11:35:28.56 AM,11m 6.2s,666.2,33.7938458398544,-117.4737239613642,-29.1,137.7,22.3,1235,5759.1,0.671082,8.547335,0,2.23694,0.671082,5.816044,0,1.11847,-2.8,0.3,2.8,91,91,96.3,Tripod,Other,,21,5,True,,True,False,,Smart,RC,False,True,False,,,True,,False,False,False,False,False,False,False,False,False,False,0,Follow Yaw,-77.9,0,82.8,82.8,False,False,False,False,False,,0,0,False,False,No Card,100,100,1024,1367,1024,1024,2,False,False,False,False,False,0,False,False,False,False,64,,45.996,,6477,,10044,,45.996,,True,3.832,3.832,3.832,3.832,3.832,3.832,3.832,3.832,3.832,3.832,3.832,3.832,0,,False,False,True,,,,,,,,,,,,,,,False,False,20.4,,105.9,,75.7,,105.9,,1210,124,,21,7,146659.5,19554.60,,Idle,,20,,10,,,20,Go Home,False,False,False,False,False,False,False,False,False,False,False,False,33.8027920380556,-117.4659261431046,4029.8,4043.5,1049.4,396.9,True,1,1,False,False,False,False,,True,False,False,Course Lock,196.8,67,16.4,93,W,S,2.01,11.4,Calm,False,False,Android,7.0.2,M300 RTK,1ZN7L4R0H1D00F,1W9DL31001461C,1ZMLH8300204F0,1Z6PH74DAP0QN7,"Corona, CA",728.3,5.7,137.7,8.547347,2.013246,0,0,DJI Matrice 300 RTK,M300 RTK,1ZN7L4R0H1D00F,1W9DL31001461C,1ZMLH8300204F0,1Z6PH74DAP0QN7,DJI Pilot,Android,7.0.2,1EF72A62-B7C3-C88D-164E-CE6F8C8424AE,1ZN7L4R0H1D00F,1W9DL31001461C,,1ZMLH8300204F0,1W9DL31001461C,,,,,
2023-11-01,11:35:28.66 AM,11m 6.3s,666.3,33.79384589516,-117.4737236244898,-29.1,137.7,22.3,1235,5759.2,0.671082,8.547335,0,2.23694,0.671082,5.816044,0,1.11847,-2.9,0.2,2.9,91,91,78.8,Tripod,Other,,21,5,True,,True,False,,Smart,RC,False,True,False,,,True,,False,False,False,False,False,False,False,False,False,False,0,Follow Yaw,-77.9,0,82.8,82.8,False,False,False,False,False,,0,0,False,False,No Card,100,100,1024,1366,1024,1024,2,False,False,False,False,False,0,False,False,False,False,64,,45.996,,6477,,10044,,45.996,,True,3.834,3.834,3.834,3.834,3.834,3.834,3.834,3.834,3.834,3.834,3.834,3.834,0,,False,False,True,,,,,,,,,,,,,,,False,False,20.4,,105.9,,75.7,,105.9,,1207,124,,21,7,147303.9,19640.52,,Idle,,20,,10,,,20,Go Home,False,False,False,False,False,False,False,False,False,False,False,False,33.8027920380556,-117.4659261431046,4029.8,4043.5,1049.4,396.9,True,1,1,False,False,False,False,,True,False,False,Course Lock,196.8,67,16.4,93,W,S,2.01,11.4,Calm,False,False,Android,7.0.2,M300 RTK,1ZN7L4R0H1D00F,1W9DL31001461C,1ZMLH8300204F0,1Z6PH74DAP0QN7,"Corona, CA",728.3,5.7,137.7,8.547347,2.013246,0,0,DJI Matrice 300 RTK,M300 RTK,1ZN7L4R0H1D00F,1W9DL31001461C,1ZMLH8300204F0,1Z6PH74DAP0QN7,DJI Pilot,Android,7.0.2,1EF72A62-B7C3-C88D-164E-CE6F8C8424AE,1ZN7L4R0H1D00F,1W9DL31001461C,,1ZMLH8300204F0,1W9DL31001461C,,,,,
2023-11-01,11:35:28.76 AM,11m 6.4s,666.4,33.7938458736408,-117.4737231875015,-29.1,137.7,22.3,1235,5759.3,0.894776,8.547335,0,2.23694,0.894776,5.816044,0,1.11847,-3,0.2,3,91,91,93.3,Tripod,Other,,21,5,True,,True,False,,Smart,RC,False,True,False,,,True,,False,False,False,False,False,False,False,False,False,False,0,Follow Yaw,-77.9,0,82.8,82.8,False,False,False,False,False,,0,0,False,False,No Card,100,100,1024,1366,1024,1024,2,False,False,False,False,False,0,False,False,False,False,64,,45.996,,6477,,10044,,45.996,,True,3.834,3.834,3.834,3.834,3.834,3.834,3.834,3.834,3.834,3.834,3.834,3.834,0,,False,False,True,,,,,,,,,,,,,,,False,False,20.4,,105.9,,75.7,,105.9,,1207,124,,21,7,147303.9,19640.52,,Idle,,20,,10,,,20,Go Home,False,False,False,False,False,False,False,False,False,False,False,False,33.8027920380556,-117.4659261431046,4029.7,4043.5,1049.4,396.9,True,1,1,False,False,False,False,,True,False,False,Course Lock,196.8,67,16.4,93,W,S,2.01,11.4,Calm,False,False,Android,7.0.2,M300 RTK,1ZN7L4R0H1D00F,1W9DL31001461C,1ZMLH8300204F0,1Z6PH74DAP0QN7,"Corona, CA",728.3,5.7,137.7,8.547347,2.013246,0,0,DJI Matrice 300 RTK,M300 RTK,1ZN7L4R0H1D00F,1W9DL31001461C,1ZMLH8300204F0,1Z6PH74DAP0QN7,DJI Pilot,Android,7.0.2,1EF72A62-B7C3-C88D-164E-CE6F8C8424AE,1ZN7L4R0H1D00F,1W9DL31001461C,,1ZMLH8300204F0,1W9DL31001461C,,,,,
2023-11-01,11:35:28.87 AM,11m 6.5s,666.5,33.7938459162679,-117.4737228588738,-29.1,137.7,22.3,1235,5759.4,1.11847,8.547335,0,2.23694,1.11847,5.816044,0,1.11847,-3.1,0.2,3.1,91,91,81.1,Tripod,Other,,21,5,True,,True,False,,Smart,RC,False,True,False,,,True,,False,False,False,False,False,False,False,False,False,False,0,Follow Yaw,-77.9,0,82.8,82.8,False,False,False,False,False,,0,0,False,False,No Card,100,100,1024,1361,1024,1024,2,False,False,False,False,False,0,False,False,False,False,64,,45.996,,6477,,10044,,45.996,,True,3.834,3.834,3.834,3.834,3.834,3.834,3.834,3.834,3.834,3.834,3.834,3.834,0,,False,False,True,,,,,,,,,,,,,,,False,False,20.4,,105.9,,75.7,,105.9,,1207,124,,21,7,147303.9,19640.52,,Idle,,20,,10,,,20,Go Home,False,False,False,False,False,False,False,False,False,False,False,False,33.8027920380556,-117.4659261431046,4029.6,4043.5,1049.4,396.9,True,1,1,False,False,False,False,,True,False,False,Course Lock,196.8,67,16.4,93,W,S,2.01,11.4,Calm,False,False,Android,7.0.2,M300 RTK,1ZN7L4R0H1D00F,1W9DL31001461C,1ZMLH8300204F0,1Z6PH74DAP0QN7,"Corona, CA",728.3,5.7,137.7,8.547347,2.013246,0,0,DJI Matrice 300 RTK,M300 RTK,1ZN7L4R0H1D00F,1W9DL31001461C,1ZMLH8300204F0,1Z6PH74DAP0QN7,DJI Pilot,Android,7.0.2,1EF72A62-B7C3-C88D-164E-CE6F8C8424AE,1ZN7L4R0H1D00F,1W9DL31001461C,,1ZMLH8300204F0,1W9DL31001461C,,,,,
2023-11-01,11:35:28.97 AM,11m 6.6s,666.6,33.793845901602,-117.4737223035466,-29.1,137.7,22.3,1235,5759.6,1.11847,8.547335,0,2.23694,1.11847,5.816044,0,1.11847,-3.1,0.3,3.1,91,91,91.8,Tripod,Other,,21,5,True,,True,False,,Smart,RC,False,True,False,,,True,,False,False,False,False,False,False,False,False,False,False,0,Follow Yaw,-77.9,0,82.8,82.8,False,False,False,False,False,,0,0,False,False,No Card,100,100,1024,1357,1024,1024,2,False,False,False,False,False,0,False,False,False,False,64,,45.996,,6477,,10044,,45.996,,True,3.834,3.834,3.834,3.834,3.834,3.834,3.834,3.834,3.834,3.834,3.834,3.834,0,,False,False,True,,,,,,,,,,,,,,,False,False,20.4,,105.9,,75.7,,105.9,,1207,124,,21,7,147303.9,19640.52,,Idle,,20,,10,,,20,Go Home,False,False,False,False,False,False,False,False,False,False,False,False,33.8027920380556,-117.4659261431046,4029.5,4043.5,1049.4,396.9,True,1,1,False,False,False,False,,True,False,False,Course Lock,196.8,67,16.4,93,W,S,2.01,11.4,Calm,False,False,Android,7.0.2,M300 RTK,1ZN7L4R0H1D00F,1W9DL31001461C,1ZMLH8300204F0,1Z6PH74DAP0QN7,"Corona, CA",728.3,5.7,137.7,8.547347,2.013246,0,0,DJI Matrice 300 RTK,M300 RTK,1ZN7L4R0H1D00F,1W9DL31001461C,1ZMLH8300204F0,1Z6PH74DAP0QN7,DJI Pilot,Android,7.0.2,1EF72A62-B7C3-C88D-164E-CE6F8C8424AE,1ZN7L4R0H1D00F,1W9DL31001461C,,1ZMLH8300204F0,1W9DL31001461C,,,,,
2023-11-01,11:35:29.07 AM,11m 6.7s,666.7,33.7938457809852,-117.4737217342825,-29.1,137.7,22.3,1235,5759.8,1.342164,8.547335,0,2.23694,1.342164,5.816044,0,1.11847,-3,0.4,3,91,91,104.3,Tripod,Other,,21,5,True,,True,False,,Smart,RC,False,True,False,,,True,,False,False,False,False,False,False,False,False,False,False,0,Follow Yaw,-77.9,0,82.8,82.8,False,False,False,False,False,,0,0,False,False,No Card,100,100,1024,1351,1024,1024,2,False,False,False,False,False,0,False,False,False,False,64,,45.996,,6477,,10044,,45.996,,True,3.834,3.834,3.834,3.834,3.834,3.834,3.834,3.834,3.834,3.834,3.834,3.834,0,,False,False,True,,,,,,,,,,,,,,,False,False,20.4,,105.9,,75.7,,105.9,,1207,124,,21,7,147303.9,19640.52,,Idle,,20,,10,,,20,Go Home,False,False,False,False,False,False,False,False,False,False,False,False,33.8027920380556,-117.4659261431046,4029.5,4043.5,1049.4,396.9,True,1,1,False,False,False,False,,True,False,False,Course Lock,196.8,67,16.4,93,W,S,2.01,11.4,Calm,False,False,Android,7.0.2,M300 RTK,1ZN7L4R0H1D00F,1W9DL31001461C,1ZMLH8300204F0,1Z6PH74DAP0QN7,"Corona, CA",728.3,5.7,137.7,8.547347,2.013246,0,0,DJI Matrice 300 RTK,M300 RTK,1ZN7L4R0H1D00F,1W9DL31001461C,1ZMLH8300204F0,1Z6PH74DAP0QN7,DJI Pilot,Android,7.0.2,1EF72A62-B7C3-C88D-164E-CE6F8C8424AE,1ZN7L4R0H1D00F,1W9DL31001461C,,1ZMLH8300204F0,1W9DL31001461C,,,,,
2023-11-01,11:35:29.17 AM,11m 6.8s,666.8,33.7938457537093,-117.4737210537716,-29.1,137.7,22.3,1235,5760.0,1.342164,8.547335,0,2.23694,1.342164,5.816044,0,1.11847,-2.9,0.4,2.9,91,91,92.7,Tripod,Other,,21,5,True,,True,False,,Smart,RC,False,True,False,,,True,,False,False,False,False,False,False,False,False,False,False,0,Follow Yaw,-77.9,0,82.8,82.8,False,False,False,False,False,,0,0,False,False,No Card,100,100,1024,1338,1024,1024,2,False,False,False,False,False,0,False,False,False,False,64,,45.996,,6477,,10044,,45.996,,True,3.834,3.834,3.834,3.834,3.834,3.834,3.834,3.834,3.834,3.834,3.834,3.834,0,,False,False,True,,,,,,,,,,,,,,,False,False,20.4,,105.9,,75.7,,105.9,,1207,124,,21,7,147303.9,19640.52,,Idle,,20,,10,,,20,Go Home,False,False,False,False,False,False,False,False,False,False,False,False,33.8027920380556,-117.4659261431046,4029.4,4043.5,1049.4,396.9,True,1,1,False,False,False,False,,True,False,False,Course Lock,196.8,67,16.4,93,W,S,2.01,11.4,Calm,False,False,Android,7.0.2,M300 RTK,1ZN7L4R0H1D00F,1W9DL31001461C,1ZMLH8300204F0,1Z6PH74DAP0QN7,"Corona, CA",728.3,5.7,137.7,8.547347,2.013246,0,0,DJI Matrice 300 RTK,M300 RTK,1ZN7L4R0H1D00F,1W9DL31001461C,1ZMLH8300204F0,1Z6PH74DAP0QN7,DJI Pilot,Android,7.0.2,1EF72A62-B7C3-C88D-164E-CE6F8C8424AE,1ZN7L4R0H1D00F,1W9DL31001461C,,1ZMLH8300204F0,1W9DL31001461C,,,,,
2023-11-01,11:35:29.24 AM,11m 6.9s,666.9,33.7938458016134,-117.473720285764,-29.1,137.7,22.3,1235,5760.2,1.565858,8.547335,0,2.23694,1.565858,5.816044,0,1.11847,-2.7,0.3,2.7,91,91,85.7,Tripod,Other,,21,5,True,,True,False,,Smart,RC,False,True,False,,,True,,False,False,False,False,False,False,False,False,False,False,0,Follow Yaw,-77.9,0,82.8,82.8,False,False,False,False,False,,0,0,False,False,No Card,100,100,1024,1333,1024,1024,2,False,False,False,False,False,0,False,False,False,False,64,,45.996,,6477,,10044,,45.996,,True,3.834,3.834,3.834,3.834,3.834,3.834,3.834,3.834,3.834,3.834,3.834,3.834,0,,False,False,True,,,,,,,,,,,,,,,False,False,20.4,,105.9,,75.7,,105.9,,1207,124,,21,7,147303.9,19640.52,,Idle,,20,,10,,,20,Go Home,False,False,False,False,False,False,False,False,False,False,False,False,33.8027920380556,-117.4659261431046,4029.2,4043.5,1049.4,396.9,True,1,1,False,False,False,False,,True,False,False,Course Lock,196.8,67,16.4,93,W,S,2.01,11.4,Calm,False,False,Android,7.0.2,M300 RTK,1ZN7L4R0H1D00F,1W9DL31001461C,1ZMLH8300204F0,1Z6PH74DAP0QN7,"Corona, CA",728.3,5.7,137.7,8.547347,2.013246,0,0,DJI Matrice 300 RTK,M300 RTK,1ZN7L4R0H1D00F,1W9DL31001461C,1ZMLH8300204F0,1Z6PH74DAP0QN7,DJI Pilot,Android,7.0.2,1EF72A62-B7C3-C88D-164E-CE6F8C8424AE,1ZN7L4R0H1D00F,1W9DL31001461C,,1ZMLH8300204F0,1W9DL31001461C,,,,,
2023-11-01,11:35:29.34 AM,11m 7.0s,667.0,33.7938457770788,-117.4737194857596,-29.1,137.7,22.3,1235,5760.5,1.789552,8.547335,0,2.23694,1.789552,5.816044,0,1.11847,-2.6,0.1,2.6,90.9,90.9,92.1,Tripod,Other,,21,5,True,,True,False,,Smart,RC,False,True,False,,,True,,False,False,False,False,False,False,False,False,False,False,0,Follow Yaw,-77.9,0,82.8,82.8,False,False,False,False,False,,0,0,False,False,No Card,100,100,1024,1332,1024,1024,2,False,False,False,False,False,0,False,False,False,False,64,,45.936,,6477,,10044,,45.936,,True,3.834,3.834,3.834,3.834,3.834,3.834,3.834,3.834,3.834,3.834,3.834,3.834,0,,False,False,True,,,,,,,,,,,,,,,False,False,20.064,,105.9,,75.7,,105.9,,1207,124,,21,7,147303.9,19640.52,,Idle,,20,,10,,,20,Go Home,False,False,False,False,False,False,False,False,False,False,False,False,33.8027920380556,-117.4659261431046,4029.1,4043.5,1049.4,396.9,True,1,1,False,False,False,False,,True,False,False,Course Lock,196.8,67,16.4,93,W,S,2.01,11.4,Calm,False,False,Android,7.0.2,M300 RTK,1ZN7L4R0H1D00F,1W9DL31001461C,1ZMLH8300204F0,1Z6PH74DAP0QN7,"Corona, CA",728.3,5.7,137.7,8.547347,2.013246,0,0,DJI Matrice 300 RTK,M300 RTK,1ZN7L4R0H1D00F,1W9DL31001461C,1ZMLH8300204F0,1Z6PH74DAP0QN7,DJI Pilot,Android,7.0.2,1EF72A62-B7C3-C88D-164E-CE6F8C8424AE,1ZN7L4R0H1D00F,1W9DL31001461C,,1ZMLH8300204F0,1W9DL31001461C,,,,,
2023-11-01,11:35:29.44 AM,11m 7.1s,667.1,33.7938456507738,-117.4737185453977,-29.1,137.7,22.3,1235,5760.8,1.789552,8.547335,0,2.23694,1.789552,5.816044,0,1.11847,-2.4,0,2.4,91,91,99.1,Tripod,Other,,21,5,True,,True,False,,Smart,RC,False,True,False,,,True,,False,False,False,False,False,False,False,False,False,False,0,Follow Yaw,-77.9,0,82.8,82.8,False,False,False,False,False,,0,0,False,False,No Card,100,100,1024,1340,1024,1024,2,False,False,False,False,False,0,False,False,False,False,64,,45.936,,6477,,10044,,45.936,,True,3.834,3.834,3.834,3.834,3.834,3.834,3.834,3.834,3.834,3.834,3.834,3.834,0,,False,False,True,,,,,,,,,,,,,,,False,False,20.064,,105.9,,75.7,,105.9,,1207,124,,21,7,147303.9,19640.52,,Idle,,20,,10,,,20,Go Home,False,False,False,False,False,False,False,False,False,False,False,False,33.8027920380556,-117.4659261431046,4028.9,4043.5,1049.4,396.9,True,1,1,False,False,False,False,,True,False,False,Course Lock,196.8,67,16.4,93,W,S,2.01,11.4,Calm,False,False,Android,7.0.2,M300 RTK,1ZN7L4R0H1D00F,1W9DL31001461C,1ZMLH8300204F0,1Z6PH74DAP0QN7,"Corona, CA",728.3,5.7,137.7,8.547347,2.013246,0,0,DJI Matrice 300 RTK,M300 RTK,1ZN7L4R0H1D00F,1W9DL31001461C,1ZMLH8300204F0,1Z6PH74DAP0QN7,DJI Pilot,Android,7.0.2,1EF72A62-B7C3-C88D-164E-CE6F8C8424AE,1ZN7L4R0H1D00F,1W9DL31001461C,,1ZMLH8300204F0,1W9DL31001461C,,,,,
2023-11-01,11:35:29.54 AM,11m 7.2s,667.2,33.7938456254854,-117.4737176352184,-29.1,137.7,22.3,1235,5761.0,2.013246,8.547335,0,2.23694,2.013246,5.816044,0,1.11847,-2.2,0,2.2,91,91,91.9,Tripod,Other,,21,5,True,,True,False,,Smart,RC,False,True,False,,,True,,False,False,False,False,False,False,False,False,False,False,0,Follow Yaw,-77.9,0,82.8,82.8,False,False,False,False,False,,0,0,False,False,No Card,100,100,1024,1351,1024,1024,2,False,False,False,False,False,0,False,False,False,False,64,,45.936,,6477,,10044,,45.936,,True,3.834,3.834,3.834,3.834,3.834,3.834,3.834,3.834,3.834,3.834,3.834,3.834,0,,False,False,True,,,,,,,,,,,,,,,False,False,20.064,,105.9,,75.7,,105.9,,1207,124,,21,7,147303.9,19640.52,,Idle,,20,,10,,,20,Go Home,False,False,False,False,False,False,False,False,False,False,False,False,33.8027920380556,-117.4659261431046,4028.8,4043.5,1049.4,396.9,True,1,1,False,False,False,False,,True,False,False,Course Lock,196.8,67,16.4,93,W,S,2.01,11.4,Calm,False,False,Android,7.0.2,M300 RTK,1ZN7L4R0H1D00F,1W9DL31001461C,1ZMLH8300204F0,1Z6PH74DAP0QN7,"Corona, CA",728.3,5.7,137.7,8.547347,2.013246,0,0,DJI Matrice 300 RTK,M300 RTK,1ZN7L4R0H1D00F,1W9DL31001461C,1ZMLH8300204F0,1Z6PH74DAP0QN7,DJI Pilot,Android,7.0.2,1EF72A62-B7C3-C88D-164E-CE6F8C8424AE,1ZN7L4R0H1D00F,1W9DL31001461C,,1ZMLH8300204F0,1W9DL31001461C,,,,,
2023-11-01,11:35:29.64 AM,11m 7.3s,667.3,33.7938457016933,-117.4737163873402,-29.1,137.7,22.3,1235,5761.4,2.013246,8.547335,0,2.23694,2.013246,5.816044,0,1.11847,-2.2,0.1,2.2,91,91,85.7,Tripod,Other,,21,5,True,,True,False,,Smart,RC,False,True,False,,,True,,False,False,False,False,False,False,False,False,False,False,0,Follow Yaw,-77.9,0,82.8,82.8,False,False,False,False,False,,0,0,False,False,No Card,100,100,1024,1341,1024,1065,2,False,False,False,False,False,0,False,False,False,False,64,,45.936,,6477,,10044,,45.936,,True,3.831,3.831,3.831,3.831,3.831,3.831,3.831,3.831,3.831,3.831,3.831,3.831,0,,False,False,True,,,,,,,,,,,,,,,False,False,20.064,,105.9,,75.7,,105.9,,1205,124,,21,7,148069.3,19742.57,,Idle,,20,,10,,,20,Go Home,False,False,False,False,False,False,False,False,False,False,False,False,33.8027920380556,-117.4659261431046,4028.5,4043.5,1049.4,396.9,True,1,1,False,False,False,False,,True,False,False,Course Lock,196.8,67,16.4,93,W,S,2.01,11.4,Calm,False,False,Android,7.0.2,M300 RTK,1ZN7L4R0H1D00F,1W9DL31001461C,1ZMLH8300204F0,1Z6PH74DAP0QN7,"Corona, CA",728.3,5.7,137.7,8.547347,2.013246,0,0,DJI Matrice 300 RTK,M300 RTK,1ZN7L4R0H1D00F,1W9DL31001461C,1ZMLH8300204F0,1Z6PH74DAP0QN7,DJI Pilot,Android,7.0.2,1EF72A62-B7C3-C88D-164E-CE6F8C8424AE,1ZN7L4R0H1D00F,1W9DL31001461C,,1ZMLH8300204F0,1W9DL31001461C,,,,,
2023-11-01,11:35:29.74 AM,11m 7.4s,667.4,33.7938456920988,-117.473715363605,-29.1,137.7,22.3,1235,5761.7,2.23694,8.547335,0,2.23694,2.23694,5.816044,0,1.11847,-2.2,0.3,2.2,91,91,90.6,Tripod,Other,,21,5,True,,True,False,,Smart,RC,False,True,False,,,True,,False,False,False,False,False,False,False,False,False,False,0,Follow Yaw,-77.9,0,82.8,82.8,False,False,False,False,False,,0,0,False,False,No Card,100,100,1024,1325,1024,1070,2,False,False,False,False,False,0,False,False,False,False,64,,45.936,,6477,,10044,,45.936,,True,3.831,3.831,3.831,3.831,3.831,3.831,3.831,3.831,3.831,3.831,3.831,3.831,0,,False,False,True,,,,,,,,,,,,,,,False,False,20.064,,105.9,,75.7,,105.9,,1205,124,,21,7,148069.3,19742.57,,Idle,,20,,10,,,20,Go Home,False,False,False,False,False,False,False,False,False,False,False,False,33.8027920380556,-117.4659261431046,4028.4,4043.5,1049.4,396.9,True,1,1,False,False,False,False,,True,False,False,Course Lock,196.8,67,16.4,93,W,S,2.01,11.4,Calm,False,False,Android,7.0.2,M300 RTK,1ZN7L4R0H1D00F,1W9DL31001461C,1ZMLH8300204F0,1Z6PH74DAP0QN7,"Corona, CA",728.3,5.7,137.7,8.547347,2.013246,0,0,DJI Matrice 300 RTK,M300 RTK,1ZN7L4R0H1D00F,1W9DL31001461C,1ZMLH8300204F0,1Z6PH74DAP0QN7,DJI Pilot,Android,7.0.2,1EF72A62-B7C3-C88D-164E-CE6F8C8424AE,1ZN7L4R0H1D00F,1W9DL31001461C,,1ZMLH8300204F0,1W9DL31001461C,,,,,
2023-11-01,11:35:29.84 AM,11m 7.5s,667.5,33.7938456025956,-117.4737142842052,-29.1,137.7,22.3,1235,5762.1,2.23694,8.547335,0,2.23694,2.23694,5.816044,0,1.11847,-2.3,0.3,2.3,90.9,90.9,95.6,Tripod,Other,,21,5,True,,True,False,,Smart,RC,False,True,False,,,True,,False,False,False,False,False,False,False,False,False,False,0,Follow Yaw,-77.9,0,82.8,82.8,False,False,False,False,False,,0,0,False,False,No Card,100,100,1024,1315,1024,1074,2,False,False,False,False,False,0,False,False,False,False,64,,45.936,,6477,,10044,,45.936,,True,3.831,3.831,3.831,3.831,3.831,3.831,3.831,3.831,3.831,3.831,3.831,3.831,0,,False,False,True,,,,,,,,,,,,,,,False,False,20.064,,105.9,,75.7,,105.9,,1205,124,,21,7,148069.3,19742.57,,Idle,,20,,10,,,20,Go Home,False,False,False,False,False,False,False,False,False,False,False,False,33.8027920380556,-117.4659261431046,4028.2,4043.5,1049.4,396.9,True,1,1,False,False,False,False,,True,False,False,Course Lock,196.8,67,16.4,93,W,S,2.01,11.4,Calm,False,False,Android,7.0.2,M300 RTK,1ZN7L4R0H1D00F,1W9DL31001461C,1ZMLH8300204F0,1Z6PH74DAP0QN7,"Corona, CA",728.3,5.7,137.7,8.547347,2.013246,0,0,DJI Matrice 300 RTK,M300 RTK,1ZN7L4R0H1D00F,1W9DL31001461C,1ZMLH8300204F0,1Z6PH74DAP0QN7,DJI Pilot,Android,7.0.2,1EF72A62-B7C3-C88D-164E-CE6F8C8424AE,1ZN7L4R0H1D00F,1W9DL31001461C,,1ZMLH8300204F0,1W9DL31001461C,,,,,
2023-11-01,11:35:29.94 AM,11m 7.6s,667.6,33.7938455853255,-117.4737131689325,-29.1,137.7,22.3,1235,5762.4,2.23694,8.547335,0,2.23694,2.23694,5.816044,0,1.11847,-2.4,0.3,2.4,90.9,90.9,91.0,Tripod,Other,,21,5,True,,True,False,,Smart,RC,False,True,False,,,True,,False,False,False,False,False,False,False,False,False,False,0,Follow Yaw,-77.9,0,82.9,82.9,False,False,False,False,False,,0,0,False,False,No Card,100,100,1025,1313,1024,1075,2,False,False,False,False,False,0,False,False,False,False,64,,45.936,,6477,,10044,,45.936,,True,3.831,3.831,3.831,3.831,3.831,3.831,3.831,3.831,3.831,3.831,3.831,3.831,0,,False,False,True,,,,,,,,,,,,,,,False,False,20.064,,105.9,,75.7,,105.9,,1205,124,,21,7,148069.3,19742.57,,Idle,,20,,10,,,20,Go Home,False,False,False,False,False,False,False,False,False,False,False,False,33.8027920380556,-117.4659261431046,4028.0,4043.5,1049.4,396.9,True,1,1,False,False,False,False,,True,False,False,Course Lock,196.8,67,16.4,93,W,S,2.01,11.4,Calm,False,False,Android,7.0.2,M300 RTK,1ZN7L4R0H1D00F,1W9DL31001461C,1ZMLH8300204F0,1Z6PH74DAP0QN7,"Corona, CA",728.3,5.7,137.7,8.547347,2.013246,0,0,DJI Matrice 300 RTK,M300 RTK,1ZN7L4R0H1D00F,1W9DL31001461C,1ZMLH8300204F0,1Z6PH74DAP0QN7,DJI Pilot,Android,7.0.2,1EF72A62-B7C3-C88D-164E-CE6F8C8424AE,1ZN7L4R0H1D00F,1W9DL31001461C,,1ZMLH8300204F0,1W9DL31001461C,,,,,
2023-11-01,11:35:30.04 AM,11m 7.7s,667.7,33.7938454742346,-117.4737119945316,-29.1,137.7,22.3,1235,5762.8,2.460634,8.547335,0,2.23694,2.460634,5.816044,0,1.11847,-2.4,0.2,2.4,91,91,96.4,Tripod,Other,,21,5,True,,True,False,,Smart,RC,False,True,False,,,True,,False,False,False,False,False,False,False,False,False,False,0,Follow Yaw,-77.9,0,83,83,False,False,False,False,False,,0,0,False,False,No Card,100,100,1059,1294,1024,1075,2,False,False,False,False,False,0,False,False,False,False,64,,45.936,,6477,,10044,,45.936,,True,3.831,3.831,3.831,3.831,3.831,3.831,3.831,3.831,3.831,3.831,3.831,3.831,0,,False,False,True,,,,,,,,,,,,,,,False,False,20.064,,105.9,,75.7,,105.9,,1205,124,,21,7,148069.3,19742.57,,Idle,,20,,10,,,20,Go Home,False,False,False,False,False,False,False,False,False,False,False,False,33.8027920380556,-117.4659261431046,4027.8,4043.5,1049.4,396.9,True,1,1,False,False,False,False,,True,False,False,Course Lock,196.8,67,16.4,93,W,S,2.01,11.4,Calm,False,False,Android,7.0.2,M300 RTK,1ZN7L4R0H1D00F,1W9DL31001461C,1ZMLH8300204F0,1Z6PH74DAP0QN7,"Corona, CA",728.3,5.7,137.7,8.547347,2.013246,0,0,DJI Matrice 300 RTK,M300 RTK,1ZN7L4R0H1D00F,1W9DL31001461C,1ZMLH8300204F0,1Z6PH74DAP0QN7,DJI Pilot,Android,7.0.2,1EF72A62-B7C3-C88D-164E-CE6F8C8424AE,1ZN7L4R0H1D00F,1W9DL31001461C,,1ZMLH8300204F0,1W9DL31001461C,,,,,
2023-11-01,11:35:30.14 AM,11m 7.8s,667.8,33.7938454510022,-117.4737107848352,-29.1,137.7,22.3,1235,5763.1,2.460634,8.547335,0,2.23694,2.460634,5.816044,0,1.11847,-2.1,0.2,2.1,91,91,91.3,Tripod,Other,,21,5,True,,True,False,,Smart,RC,False,True,False,,,True,,False,False,False,False,False,False,False,False,False,False,0,Follow Yaw,-77.9,0,83,83,False,False,False,False,False,,0,0,False,False,No Card,100,100,1084,1244,1024,1036,2,False,False,False,False,False,0,False,False,False,False,64,,45.936,,6477,,10044,,45.936,,True,3.831,3.831,3.831,3.831,3.831,3.831,3.831,3.831,3.831,3.831,3.831,3.831,0,,False,False,True,,,,,,,,,,,,,,,False,False,20.064,,105.9,,75.7,,105.9,,1205,124,,21,7,148069.3,19742.57,,Idle,,20,,10,,,20,Go Home,False,False,False,False,False,False,False,False,False,False,False,False,33.8027920380556,-117.4659261431046,4027.6,4043.5,1049.4,396.9,True,1,1,False,False,False,False,,True,False,False,Course Lock,196.8,67,16.4,93,W,S,2.01,11.4,Calm,False,False,Android,7.0.2,M300 RTK,1ZN7L4R0H1D00F,1W9DL31001461C,1ZMLH8300204F0,1Z6PH74DAP0QN7,"Corona, CA",728.3,5.7,137.7,8.547347,2.013246,0,0,DJI Matrice 300 RTK,M300 RTK,1ZN7L4R0H1D00F,1W9DL31001461C,1ZMLH8300204F0,1Z6PH74DAP0QN7,DJI Pilot,Android,7.0.2,1EF72A62-B7C3-C88D-164E-CE6F8C8424AE,1ZN7L4R0H1D00F,1W9DL31001461C,,1ZMLH8300204F0,1W9DL31001461C,,,,,
2023-11-01,11:35:30.24 AM,11m 7.9s,667.9,33.7938455119274,-117.4737095082586,-29.1,137.7,22.3,1235,5763.5,2.684328,8.547335,0,2.23694,2.684328,5.816044,0,1.11847,-1.8,0.3,1.8,91,91,86.7,Tripod,Other,,21,5,True,,True,False,,Smart,RC,False,True,False,,,True,,False,False,False,False,False,False,False,False,False,False,0,Follow Yaw,-77.9,0,83.1,83.1,False,False,False,False,False,,0,0,False,False,No Card,100,100,1087,1228,1024,1024,2,False,False,False,False,False,0,False,False,False,False,64,,45.936,,6477,,10044,,45.936,,True,3.831,3.831,3.831,3.831,3.831,3.831,3.831,3.831,3.831,3.831,3.831,3.831,0,,False,False,True,,,,,,,,,,,,,,,False,False,20.064,,105.9,,75.7,,105.9,,1205,124,,21,7,148069.3,19742.57,,Idle,,20,,10,,,20,Go Home,False,False,False,False,False,False,False,False,False,False,False,False,33.8027920380556,-117.4659261431046,4027.4,4043.5,1049.4,396.9,True,1,1,False,False,False,False,,True,False,False,Course Lock,196.8,67,16.4,93,W,S,2.01,11.4,Calm,False,False,Android,7.0.2,M300 RTK,1ZN7L4R0H1D00F,1W9DL31001461C,1ZMLH8300204F0,1Z6PH74DAP0QN7,"Corona, CA",728.3,5.7,137.7,8.547347,2.013246,0,0,DJI Matrice 300 RTK,M300 RTK,1ZN7L4R0H1D00F,1W9DL31001461C,1ZMLH8300204F0,1Z6PH74DAP0QN7,DJI Pilot,Android,7.0.2,1EF72A62-B7C3-C88D-164E-CE6F8C8424AE,1ZN7L4R0H1D00F,1W9DL31001461C,,1ZMLH8300204F0,1W9DL31001461C,,,,,
2023-11-01,11:35:30.31 AM,11m 8.0s,668.0,33.7938454981524,-117.4737082217862,-29.1,137.7,22.3,1235,5763.9,2.684328,8.547335,0,2.23694,2.684328,5.816044,0,1.11847,-1.4,0.5,1.4,91.1,91.1,90.7,Tripod,Other,,21,5,True,,True,False,,Smart,RC,False,True,False,,,True,,False,False,False,False,False,False,False,False,False,False,0,Follow Yaw,-77.9,0,83.1,83.1,False,False,False,False,False,,0,0,False,False,No Card,100,100,1092,1227,1024,1024,2,False,False,False,False,False,0,False,False,False,False,64,,45.984,,6428,,10044,,45.984,,True,3.831,3.831,3.831,3.831,3.831,3.831,3.831,3.831,3.831,3.831,3.831,3.831,0,,False,False,True,,,,,,,,,,,,,,,False,False,19.888,,105.9,,75.7,,105.9,,1205,124,,21,7,148069.3,19742.57,,Idle,,20,,10,,,20,Go Home,False,False,False,False,False,False,False,False,False,False,False,False,33.8027920380556,-117.4659261431046,4027.2,4043.5,1049.4,396.9,True,1,1,False,False,False,False,,True,False,False,Course Lock,196.8,67,16.4,93,W,S,2.01,11.4,Calm,False,False,Android,7.0.2,M300 RTK,1ZN7L4R0H1D00F,1W9DL31001461C,1ZMLH8300204F0,1Z6PH74DAP0QN7,"Corona, CA",728.3,5.7,137.7,8.547347,2.013246,0,0,DJI Matrice 300 RTK,M300 RTK,1ZN7L4R0H1D00F,1W9DL31001461C,1ZMLH8300204F0,1Z6PH74DAP0QN7,DJI Pilot,Android,7.0.2,1EF72A62-B7C3-C88D-164E-CE6F8C8424AE,1ZN7L4R0H1D00F,1W9DL31001461C,,1ZMLH8300204F0,1W9DL31001461C,,,,,
2023-11-01,11:35:30.44 AM,11m 8.1s,668.1,33.7938453830867,-117.4737069469415,-29.1,137.7,22.3,1235,5764.3,2.684328,8.547335,0,2.23694,2.684328,5.816044,0,1.11847,-1.1,0.6,1.2,91.2,91.2,96.1,Tripod,Other,,21,5,True,,True,False,,Smart,RC,False,True,False,,,True,,False,False,False,False,False,False,False,False,False,False,0,Follow Yaw,-77.9,0,83.1,83.1,False,False,False,False,False,,0,0,False,False,No Card,100,100,1096,1229,1024,1024,2,False,False,False,False,False,0,False,False,False,False,64,,45.984,,6428,,10044,,45.984,,True,3.831,3.831,3.831,3.831,3.831,3.831,3.831,3.831,3.831,3.831,3.831,3.831,0,,False,False,True,,,,,,,,,,,,,,,False,False,19.888,,105.9,,75.7,,105.9,,1205,124,,21,7,148069.3,19742.57,,Idle,,20,,10,,,20,Go Home,False,False,False,False,False,False,False,False,False,False,False,False,33.8027920380556,-117.4659261431046,4027.0,4043.5,1049.4,396.9,True,1,1,False,False,False,False,,True,False,False,Course Lock,196.8,67,16.4,93,W,S,2.01,11.4,Calm,False,False,Android,7.0.2,M300 RTK,1ZN7L4R0H1D00F,1W9DL31001461C,1ZMLH8300204F0,1Z6PH74DAP0QN7,"Corona, CA",728.3,5.7,137.7,8.547347,2.013246,0,0,DJI Matrice 300 RTK,M300 RTK,1ZN7L4R0H1D00F,1W9DL31001461C,1ZMLH8300204F0,1Z6PH74DAP0QN7,DJI Pilot,Android,7.0.2,1EF72A62-B7C3-C88D-164E-CE6F8C8424AE,1ZN7L4R0H1D00F,1W9DL31001461C,,1ZMLH8300204F0,1W9DL31001461C,,,,,
2023-11-01,11:35:30.54 AM,11m 8.2s,668.2,33.7938453570444,-117.4737056158548,-29.1,137.7,22.3,1235,5764.7,2.684328,8.547335,0,2.23694,2.684328,5.816044,0,1.11847,-0.7,0.6,0.9,91.2,91.2,91.3,Tripod,Other,,21,5,True,,True,False,,Smart,RC,False,True,False,,,True,,False,False,False,False,False,False,False,False,False,False,0,Follow Yaw,-77.9,0,83.1,83.1,False,False,False,False,False,,0,0,False,False,No Card,100,100,1137,1244,1024,1024,2,False,False,False,False,False,0,False,False,False,False,64,,45.984,,6428,,10044,,45.984,,True,3.831,3.831,3.831,3.831,3.831,3.831,3.831,3.831,3.831,3.831,3.831,3.831,0,,False,False,True,,,,,,,,,,,,,,,False,False,19.888,,105.9,,75.7,,105.9,,1205,124,,21,7,148069.3,19742.57,,Idle,,20,,10,,,20,Go Home,False,False,False,False,False,False,False,False,False,False,False,False,33.8027920380556,-117.4659261431046,4026.7,4043.5,1049.4,396.9,True,1,1,False,False,False,False,,True,False,False,Course Lock,196.8,67,16.4,93,W,S,2.01,11.4,Calm,False,False,Android,7.0.2,M300 RTK,1ZN7L4R0H1D00F,1W9DL31001461C,1ZMLH8300204F0,1Z6PH74DAP0QN7,"Corona, CA",728.3,5.7,137.7,8.547347,2.013246,0,0,DJI Matrice 300 RTK,M300 RTK,1ZN7L4R0H1D00F,1W9DL31001461C,1ZMLH8300204F0,1Z6PH74DAP0QN7,DJI Pilot,Android,7.0.2,1EF72A62-B7C3-C88D-164E-CE6F8C8424AE,1ZN7L4R0H1D00F,1W9DL31001461C,,1ZMLH8300204F0,1W9DL31001461C,,,,,
2023-11-01,11:35:30.61 AM,11m 8.3s,668.3,33.7938453982323,-117.4737041737687,-29.1,137.7,22.3,1235,5765.1,2.684328,8.547335,0,2.23694,2.684328,5.816044,0,1.11847,-0.5,0.7,0.8,91.1,91.1,88.0,Tripod,Other,,21,5,True,,True,False,,Smart,RC,False,True,False,,,True,,False,False,False,False,False,False,False,False,False,False,0,Follow Yaw,-77.9,0,83.1,83.1,False,False,False,False,False,,0,0,False,False,No Card,100,100,1142,1254,1024,1024,2,False,False,False,False,False,0,False,False,False,False,64,,45.984,,6428,,10044,,45.984,,True,3.828,3.828,3.828,3.828,3.828,3.828,3.828,3.828,3.828,3.828,3.828,3.828,0,,False,False,True,,,,,,,,,,,,,,,False,False,19.888,,105.9,,75.7,,105.9,,1201,124,,21,7,148777.9,19837.05,,Idle,,20,,10,,,20,Go Home,False,False,False,False,False,False,False,False,False,False,False,False,33.8027920380556,-117.4659261431046,4026.5,4043.5,1049.4,396.9,True,1,1,False,False,False,False,,True,False,False,Course Lock,196.8,67,16.4,93,W,S,2.01,11.4,Calm,False,False,Android,7.0.2,M300 RTK,1ZN7L4R0H1D00F,1W9DL31001461C,1ZMLH8300204F0,1Z6PH74DAP0QN7,"Corona, CA",728.3,5.7,137.7,8.547347,2.013246,0,0,DJI Matrice 300 RTK,M300 RTK,1ZN7L4R0H1D00F,1W9DL31001461C,1ZMLH8300204F0,1Z6PH74DAP0QN7,DJI Pilot,Android,7.0.2,1EF72A62-B7C3-C88D-164E-CE6F8C8424AE,1ZN7L4R0H1D00F,1W9DL31001461C,,1ZMLH8300204F0,1W9DL31001461C,,,,,
2023-11-01,11:35:30.72 AM,11m 8.4s,668.4,33.7938453734921,-117.4737028045827,-29.1,137.7,22.6,1235,5765.5,2.908022,8.547335,0,2.23694,2.908022,5.816044,0,1.11847,-0.4,0.8,0.8,91.1,91.1,91.2,Tripod,Other,,21,5,True,,True,False,,Smart,RC,False,True,False,,,True,,False,False,False,False,False,False,False,False,False,False,0,Follow Yaw,-77.9,0,83.1,83.1,False,False,False,False,False,,0,0,False,False,No Card,100,100,1161,1261,1024,1024,2,False,False,False,False,False,0,False,False,False,False,64,,45.984,,6428,,10044,,45.984,,True,3.828,3.828,3.828,3.828,3.828,3.828,3.828,3.828,3.828,3.828,3.828,3.828,0,,False,False,True,,,,,,,,,,,,,,,False,False,19.888,,105.9,,75.7,,105.9,,1201,124,,21,7,148777.9,19837.05,,Idle,,20,,10,,,20,Go Home,False,False,False,False,False,False,False,False,False,False,False,False,33.8027920380556,-117.4659261431046,4026.2,4043.5,1049.4,396.9,True,1,1,False,False,False,False,,True,False,False,Course Lock,196.8,67,16.4,93,W,S,2.01,11.4,Calm,False,False,Android,7.0.2,M300 RTK,1ZN7L4R0H1D00F,1W9DL31001461C,1ZMLH8300204F0,1Z6PH74DAP0QN7,"Corona, CA",728.3,5.7,137.7,8.547347,2.013246,0,0,DJI Matrice 300 RTK,M300 RTK,1ZN7L4R0H1D00F,1W9DL31001461C,1ZMLH8300204F0,1Z6PH74DAP0QN7,DJI Pilot,Android,7.0.2,1EF72A62-B7C3-C88D-164E-CE6F8C8424AE,1ZN7L4R0H1D00F,1W9DL31001461C,,1ZMLH8300204F0,1W9DL31001461C,,,,,
2023-11-01,11:35:30.82 AM,11m 8.5s,668.5,33.7938453876098,-117.4737013084812,-29.1,137.7,22.6,1235,5766.0,2.908022,8.547335,0,2.23694,2.908022,5.816044,0,1.11847,-0.4,0.9,0.9,91.1,91.1,89.3,Tripod,Other,,21,5,True,,True,False,,Smart,RC,False,True,False,,,True,,False,False,False,False,False,False,False,False,False,False,0,Follow Yaw,-77.9,0,83.1,83.1,False,False,False,False,False,,0,0,False,False,No Card,100,100,1187,1262,1024,1024,2,False,False,False,False,False,0,False,False,False,False,64,,45.984,,6428,,10044,,45.984,,True,3.828,3.828,3.828,3.828,3.828,3.828,3.828,3.828,3.828,3.828,3.828,3.828,0,,False,False,True,,,,,,,,,,,,,,,False,False,19.888,,105.9,,75.7,,105.9,,1201,124,,21,7,148777.9,19837.05,,Idle,,20,,10,,,20,Go Home,False,False,False,False,False,False,False,False,False,False,False,False,33.8027920380556,-117.4659261431046,4026.0,4043.5,1049.4,396.9,True,1,1,False,False,False,False,,True,False,False,Course Lock,196.8,67,16.4,93,W,S,2.01,11.4,Calm,False,False,Android,7.0.2,M300 RTK,1ZN7L4R0H1D00F,1W9DL31001461C,1ZMLH8300204F0,1Z6PH74DAP0QN7,"Corona, CA",728.3,5.7,137.7,8.547347,2.013246,0,0,DJI Matrice 300 RTK,M300 RTK,1ZN7L4R0H1D00F,1W9DL31001461C,1ZMLH8300204F0,1Z6PH74DAP0QN7,DJI Pilot,Android,7.0.2,1EF72A62-B7C3-C88D-164E-CE6F8C8424AE,1ZN7L4R0H1D00F,1W9DL31001461C,,1ZMLH8300204F0,1W9DL31001461C,,,,,
2023-11-01,11:35:30.94 AM,11m 8.6s,668.6,33.7938453535492,-117.4736999072158,-29.1,137.7,22.3,1235,5766.4,2.908022,8.547335,0,2.23694,2.908022,5.816044,0,1.11847,-0.6,1.1,1.2,91.1,91.1,91.6,Tripod,Other,,21,5,True,,True,False,,Smart,RC,False,True,False,,,True,,False,False,False,False,False,False,False,False,False,False,0,Follow Yaw,-77.9,0,83.1,83.1,False,False,False,False,False,,0,0,False,False,No Card,100,100,1201,1247,1024,1024,2,False,False,False,False,False,0,False,False,False,False,64,,45.984,,6428,,10044,,45.984,,True,3.828,3.828,3.828,3.828,3.828,3.828,3.828,3.828,3.828,3.828,3.828,3.828,0,,False,False,True,,,,,,,,,,,,,,,False,False,19.888,,105.9,,75.7,,105.9,,1201,124,,21,7,148777.9,19837.05,,Idle,,20,,10,,,20,Go Home,False,False,False,False,False,False,False,False,False,False,False,False,33.8027920380556,-117.4659261431046,4025.7,4043.5,1049.4,396.9,True,1,1,False,False,False,False,,True,False,False,Course Lock,196.8,67,16.4,93,W,S,2.01,11.4,Calm,False,False,Android,7.0.2,M300 RTK,1ZN7L4R0H1D00F,1W9DL31001461C,1ZMLH8300204F0,1Z6PH74DAP0QN7,"Corona, CA",728.3,5.7,137.7,8.547347,2.013246,0,0,DJI Matrice 300 RTK,M300 RTK,1ZN7L4R0H1D00F,1W9DL31001461C,1ZMLH8300204F0,1Z6PH74DAP0QN7,DJI Pilot,Android,7.0.2,1EF72A62-B7C3-C88D-164E-CE6F8C8424AE,1ZN7L4R0H1D00F,1W9DL31001461C,,1ZMLH8300204F0,1W9DL31001461C,,,,,
2023-11-01,11:35:31.02 AM,11m 8.7s,668.7,33.7938450468672,-117.4736985048784,-29.1,137.7,22.3,1235,5766.9,2.908022,8.547335,0,2.23694,2.908022,5.816044,0,1.11847,-0.8,1.4,1.6,91.1,91.1,104.7,Tripod,Other,,21,5,True,,True,False,,Smart,RC,False,True,False,,,True,,False,False,False,False,False,False,False,False,False,False,0,Follow Yaw,-77.9,0,83.1,83.1,False,False,False,False,False,,0,0,False,False,No Card,100,100,1207,1224,1024,1024,2,False,False,False,False,False,0,False,False,False,False,64,,45.972,,3191,,4986,,45.972,,True,3.828,3.828,3.828,3.828,3.828,3.828,3.828,3.828,3.828,3.828,3.828,3.828,0,,False,False,True,,,,,,,,,,,,,,,False,False,9.87,,105.6,,75.7,,105.9,,1201,124,,21,7,148777.9,19837.05,,Idle,,20,,10,,,20,Go Home,False,False,False,False,False,False,False,False,False,False,False,False,33.8027920380556,-117.4659261431046,4025.6,4043.5,1049.4,396.9,True,1,1,False,False,False,False,,True,False,False,Course Lock,196.8,67,16.4,93,W,S,2.01,11.4,Calm,False,False,Android,7.0.2,M300 RTK,1ZN7L4R0H1D00F,1W9DL31001461C,1ZMLH8300204F0,1Z6PH74DAP0QN7,"Corona, CA",728.3,5.7,137.7,8.547347,2.013246,0,0,DJI Matrice 300 RTK,M300 RTK,1ZN7L4R0H1D00F,1W9DL31001461C,1ZMLH8300204F0,1Z6PH74DAP0QN7,DJI Pilot,Android,7.0.2,1EF72A62-B7C3-C88D-164E-CE6F8C8424AE,1ZN7L4R0H1D00F,1W9DL31001461C,,1ZMLH8300204F0,1W9DL31001461C,,,,,
2023-11-01,11:35:31.13 AM,11m 8.8s,668.8,33.7938449664788,-117.4736970753271,-29.1,137.7,22.3,1235,5767.3,2.908022,8.547335,0,2.23694,2.908022,5.816044,0,1.11847,-0.8,1.7,1.8,91.1,91.1,93.8,Tripod,Other,,21,5,True,,True,False,,Smart,RC,False,True,False,,,True,,False,False,False,False,False,False,False,False,False,False,0,Follow Yaw,-77.9,0,83.1,83.1,False,False,False,False,False,,0,0,False,False,No Card,100,100,1245,1199,1024,1024,2,False,False,False,False,False,0,False,False,False,False,64,,45.972,,3191,,4986,,45.972,,True,3.828,3.828,3.828,3.828,3.828,3.828,3.828,3.828,3.828,3.828,3.828,3.828,0,,False,False,True,,,,,,,,,,,,,,,False,False,9.87,,105.6,,75.7,,105.9,,1201,124,,21,7,148777.9,19837.05,,Idle,,20,,10,,,20,Go Home,False,False,False,False,False,False,False,False,False,False,False,False,33.8027920380556,-117.4659261431046,4025.3,4043.5,1049.4,396.9,True,1,1,False,False,False,False,,True,False,False,Course Lock,196.8,67,16.4,93,W,S,2.01,11.4,Calm,False,False,Android,7.0.2,M300 RTK,1ZN7L4R0H1D00F,1W9DL31001461C,1ZMLH8300204F0,1Z6PH74DAP0QN7,"Corona, CA",728.3,5.7,137.7,8.547347,2.013246,0,0,DJI Matrice 300 RTK,M300 RTK,1ZN7L4R0H1D00F,1W9DL31001461C,1ZMLH8300204F0,1Z6PH74DAP0QN7,DJI Pilot,Android,7.0.2,1EF72A62-B7C3-C88D-164E-CE6F8C8424AE,1ZN7L4R0H1D00F,1W9DL31001461C,,1ZMLH8300204F0,1W9DL31001461C,,,,,
2023-11-01,11:35:31.24 AM,11m 8.9s,668.9,33.7938450081465,-117.4736957349218,-29.1,137.7,22.3,1235,5767.7,2.916612,8.547335,-0.223694,2.23694,2.908022,5.816044,0,1.11847,-0.6,2,2,91.1,91.1,87.8,Tripod,Other,,21,5,True,,True,False,,Smart,RC,False,True,False,,,True,,False,False,False,False,False,False,False,False,False,False,0,Follow Yaw,-77.9,0,83.1,83.1,False,False,False,False,False,,0,0,False,False,No Card,100,100,1248,1195,1024,1024,2,False,False,False,False,False,0,False,False,False,False,64,,45.972,,3191,,4986,,45.972,,True,3.828,3.828,3.828,3.828,3.828,3.828,3.828,3.828,3.828,3.828,3.828,3.828,0,,False,False,True,,,,,,,,,,,,,,,False,False,9.87,,105.6,,75.7,,105.9,,1201,124,,21,7,148777.9,19837.05,,Idle,,20,,10,,,20,Go Home,False,False,False,False,False,False,False,False,False,False,False,False,33.8027920380556,-117.4659261431046,4025.1,4043.5,1049.4,396.9,True,1,1,False,False,False,False,,True,False,False,Course Lock,196.8,67,16.4,93,W,S,2.01,11.4,Calm,False,False,Android,7.0.2,M300 RTK,1ZN7L4R0H1D00F,1W9DL31001461C,1ZMLH8300204F0,1Z6PH74DAP0QN7,"Corona, CA",728.3,5.7,137.7,8.547347,2.013246,0,0,DJI Matrice 300 RTK,M300 RTK,1ZN7L4R0H1D00F,1W9DL31001461C,1ZMLH8300204F0,1Z6PH74DAP0QN7,DJI Pilot,Android,7.0.2,1EF72A62-B7C3-C88D-164E-CE6F8C8424AE,1ZN7L4R0H1D00F,1W9DL31001461C,,1ZMLH8300204F0,1W9DL31001461C,,,,,
2023-11-01,11:35:31.34 AM,11m 9.0s,669.0,33.7938448995913,-117.4736942879701,-29.1,137.7,22.3,1235,5768.1,2.916612,8.547335,-0.223694,2.23694,2.908022,5.816044,0,1.11847,-0.3,2.2,2.2,91.1,91.1,95.1,Tripod,Other,,21,5,True,,True,False,,Smart,RC,False,True,False,,,True,,False,False,False,False,False,False,False,False,False,False,0,Follow Yaw,-77.9,0,83.1,83.1,False,False,False,False,False,,0,0,False,False,No Card,100,100,1249,1185,1024,1024,2,False,False,False,False,False,0,False,False,False,False,64,,45.996,,6428,,10044,,45.996,,True,3.828,3.828,3.828,3.828,3.828,3.828,3.828,3.828,3.828,3.828,3.828,3.828,0,,False,False,True,,,,,,,,,,,,,,,False,False,19.704,,105.9,,75.7,,105.9,,1201,124,,21,7,148777.9,19837.05,,Idle,,20,,10,,,20,Go Home,False,False,False,False,False,False,False,False,False,False,False,False,33.8027920380556,-117.4659261431046,4024.9,4043.5,1049.4,396.9,True,1,1,False,False,False,False,,True,False,False,Course Lock,196.8,67,16.4,93,W,S,2.01,11.4,Calm,False,False,Android,7.0.2,M300 RTK,1ZN7L4R0H1D00F,1W9DL31001461C,1ZMLH8300204F0,1Z6PH74DAP0QN7,"Corona, CA",728.3,5.7,137.7,8.547347,2.013246,0,0,DJI Matrice 300 RTK,M300 RTK,1ZN7L4R0H1D00F,1W9DL31001461C,1ZMLH8300204F0,1Z6PH74DAP0QN7,DJI Pilot,Android,7.0.2,1EF72A62-B7C3-C88D-164E-CE6F8C8424AE,1ZN7L4R0H1D00F,1W9DL31001461C,,1ZMLH8300204F0,1W9DL31001461C,,,,,
2023-11-01,11:35:31.44 AM,11m 9.1s,669.1,33.793844758963,-117.4736928173507,-29.1,137.7,22.3,1235,5768.6,2.916612,8.547335,-0.223694,2.23694,2.908022,5.816044,0,1.11847,0,2.5,2.5,91.1,91.1,96.5,Tripod,Other,,21,5,True,,True,False,,Smart,RC,False,True,False,,,True,,False,False,False,False,False,False,False,False,False,False,0,Follow Yaw,-77.9,0,83.1,83.1,False,False,False,False,False,,0,0,False,False,No Card,100,100,1226,1168,1024,1024,2,False,False,False,False,False,0,False,False,False,False,64,,45.996,,6428,,10044,,45.996,,True,3.828,3.828,3.828,3.828,3.828,3.828,3.828,3.828,3.828,3.828,3.828,3.828,0,,False,False,True,,,,,,,,,,,,,,,False,False,19.704,,105.9,,75.7,,105.9,,1201,124,,21,7,148777.9,19837.05,,Idle,,20,,10,,,20,Go Home,False,False,False,False,False,False,False,False,False,False,False,False,33.8027920380556,-117.4659261431046,4024.6,4043.5,1049.4,396.9,True,1,1,False,False,False,False,,True,False,False,Course Lock,196.8,67,16.4,93,W,S,2.01,11.4,Calm,False,False,Android,7.0.2,M300 RTK,1ZN7L4R0H1D00F,1W9DL31001461C,1ZMLH8300204F0,1Z6PH74DAP0QN7,"Corona, CA",728.3,5.7,137.7,8.547347,2.013246,0,0,DJI Matrice 300 RTK,M300 RTK,1ZN7L4R0H1D00F,1W9DL31001461C,1ZMLH8300204F0,1Z6PH74DAP0QN7,DJI Pilot,Android,7.0.2,1EF72A62-B7C3-C88D-164E-CE6F8C8424AE,1ZN7L4R0H1D00F,1W9DL31001461C,,1ZMLH8300204F0,1W9DL31001461C,,,,,
2023-11-01,11:35:31.54 AM,11m 9.2s,669.2,33.7938445966786,-117.4736913611628,-29.1,137.7,22.3,1235,5769.0,2.942235,8.547335,-0.447388,2.23694,2.908022,5.816044,0,1.11847,0.3,2.7,2.7,91.1,91.1,97.6,Tripod,Other,,21,5,True,,True,False,,Smart,RC,False,True,False,,,True,,False,False,False,False,False,False,False,False,False,False,0,Follow Yaw,-77.9,0,83.1,83.1,False,False,False,False,False,,0,0,False,False,No Card,100,100,1148,1141,1024,1024,2,False,False,False,False,False,0,False,False,False,False,64,,45.996,,6428,,10044,,45.996,,True,3.828,3.828,3.828,3.828,3.828,3.828,3.828,3.828,3.828,3.828,3.828,3.828,0,,False,False,True,,,,,,,,,,,,,,,False,False,19.704,,105.9,,75.7,,105.9,,1201,124,,21,7,148777.9,19837.05,,Idle,,20,,10,,,20,Go Home,False,False,False,False,False,False,False,False,False,False,False,False,33.8027920380556,-117.4659261431046,4024.4,4043.5,1049.4,396.9,True,1,1,False,False,False,False,,True,False,False,Course Lock,196.8,67,16.4,93,W,S,2.01,11.4,Calm,False,False,Android,7.0.2,M300 RTK,1ZN7L4R0H1D00F,1W9DL31001461C,1ZMLH8300204F0,1Z6PH74DAP0QN7,"Corona, CA",728.3,5.7,137.7,8.547347,2.013246,0,0,DJI Matrice 300 RTK,M300 RTK,1ZN7L4R0H1D00F,1W9DL31001461C,1ZMLH8300204F0,1Z6PH74DAP0QN7,DJI Pilot,Android,7.0.2,1EF72A62-B7C3-C88D-164E-CE6F8C8424AE,1ZN7L4R0H1D00F,1W9DL31001461C,,1ZMLH8300204F0,1W9DL31001461C,,,,,
2023-11-01,11:35:31.65 AM,11m 9.3s,669.3,33.7938443234403,-117.473689830343,-29.1,137.7,22.3,1235,5769.5,2.942235,8.547335,-0.447388,2.23694,2.908022,5.816044,0,1.11847,0.6,2.8,2.8,91.2,91.2,102.1,Tripod,Other,,21,5,True,,True,False,,Smart,RC,False,True,False,,,True,,False,False,False,False,False,False,False,False,False,False,0,Follow Yaw,-77.9,0,83.1,83.1,False,False,False,False,False,,0,0,False,False,No Card,100,100,1148,1141,1024,1024,2,False,False,False,False,False,0,False,False,False,False,64,,45.996,,6428,,10044,,45.996,,True,3.831,3.831,3.831,3.831,3.831,3.831,3.831,3.831,3.831,3.831,3.831,3.831,0,,False,False,True,,,,,,,,,,,,,,,False,False,19.704,,105.9,,75.7,,105.9,,1197,124,,21,7,149261.8,19901.58,,Idle,,20,,10,,,20,Go Home,False,False,False,False,False,False,False,False,False,False,False,False,33.8027920380556,-117.4659261431046,4024.2,4043.5,1049.4,396.9,True,1,1,False,False,False,False,,True,False,False,Course Lock,196.8,67,16.4,93,W,S,2.01,11.4,Calm,False,False,Android,7.0.2,M300 RTK,1ZN7L4R0H1D00F,1W9DL31001461C,1ZMLH8300204F0,1Z6PH74DAP0QN7,"Corona, CA",728.3,5.7,137.7,8.547347,2.013246,0,0,DJI Matrice 300 RTK,M300 RTK,1ZN7L4R0H1D00F,1W9DL31001461C,1ZMLH8300204F0,1Z6PH74DAP0QN7,DJI Pilot,Android,7.0.2,1EF72A62-B7C3-C88D-164E-CE6F8C8424AE,1ZN7L4R0H1D00F,1W9DL31001461C,,1ZMLH8300204F0,1W9DL31001461C,,,,,
2023-11-01,11:35:31.75 AM,11m 9.4s,669.4,33.7938440924179,-117.473688379598,-29.1,137.7,22.6,1235,5770.0,2.942235,8.547335,-0.447388,2.23694,2.908022,5.816044,0,1.11847,0.7,2.6,2.6,91.2,91.2,100.8,Tripod,Other,,21,5,True,,True,False,,Smart,RC,False,True,False,,,True,,False,False,False,False,False,False,False,False,False,False,0,Follow Yaw,-77.9,0,83.1,83.1,False,False,False,False,False,,0,0,False,False,No Card,100,100,1137,1120,885,1024,2,False,False,False,False,False,0,False,False,False,False,64,,45.996,,6428,,10044,,45.996,,True,3.831,3.831,3.831,3.831,3.831,3.831,3.831,3.831,3.831,3.831,3.831,3.831,0,,False,False,True,,,,,,,,,,,,,,,False,False,19.704,,105.9,,75.7,,105.9,,1197,124,,21,7,149261.8,19901.58,,Idle,,20,,10,,,20,Go Home,False,False,False,False,False,False,False,False,False,False,False,False,33.8027920380556,-117.4659261431046,4024.0,4043.5,1049.4,396.9,True,1,1,False,False,False,False,,True,False,False,Course Lock,196.8,67,16.4,93,W,S,2.01,11.4,Calm,False,False,Android,7.0.2,M300 RTK,1ZN7L4R0H1D00F,1W9DL31001461C,1ZMLH8300204F0,1Z6PH74DAP0QN7,"Corona, CA",728.3,5.7,137.7,8.547347,2.013246,0,0,DJI Matrice 300 RTK,M300 RTK,1ZN7L4R0H1D00F,1W9DL31001461C,1ZMLH8300204F0,1Z6PH74DAP0QN7,DJI Pilot,Android,7.0.2,1EF72A62-B7C3-C88D-164E-CE6F8C8424AE,1ZN7L4R0H1D00F,1W9DL31001461C,,1ZMLH8300204F0,1W9DL31001461C,,,,,
2023-11-01,11:35:31.86 AM,11m 9.5s,669.5,33.7938437524292,-117.4736869707458,-29.1,137.7,22.3,1235,5770.4,2.98445,8.547335,-0.671082,2.23694,2.908022,5.816044,0,1.11847,0.8,2.1,2.2,91.2,91.2,106.1,Tripod,Other,,21,5,True,,True,False,,Smart,RC,False,True,False,,,True,,False,False,False,False,False,False,False,False,False,False,0,Follow Yaw,-77.9,0,83.1,83.1,False,False,False,False,False,,0,0,False,False,No Card,100,100,1079,1110,683,1024,2,False,False,False,False,False,0,False,False,False,False,64,,45.996,,6428,,10044,,45.996,,True,3.831,3.831,3.831,3.831,3.831,3.831,3.831,3.831,3.831,3.831,3.831,3.831,0,,False,False,True,,,,,,,,,,,,,,,False,False,19.704,,105.9,,75.7,,105.9,,1197,124,,21,7,149261.8,19901.58,,Idle,,20,,10,,,20,Go Home,False,False,False,False,False,False,False,False,False,False,False,False,33.8027920380556,-117.4659261431046,4023.9,4043.5,1049.4,396.9,True,1,1,False,False,False,False,,True,False,False,Course Lock,196.8,67,16.4,93,W,S,2.01,11.4,Calm,False,False,Android,7.0.2,M300 RTK,1ZN7L4R0H1D00F,1W9DL31001461C,1ZMLH8300204F0,1Z6PH74DAP0QN7,"Corona, CA",728.3,5.7,137.7,8.547347,2.013246,0,0,DJI Matrice 300 RTK,M300 RTK,1ZN7L4R0H1D00F,1W9DL31001461C,1ZMLH8300204F0,1Z6PH74DAP0QN7,DJI Pilot,Android,7.0.2,1EF72A62-B7C3-C88D-164E-CE6F8C8424AE,1ZN7L4R0H1D00F,1W9DL31001461C,,1ZMLH8300204F0,1W9DL31001461C,,,,,
2023-11-01,11:35:31.96 AM,11m 9.6s,669.6,33.7938434648677,-117.4736855477918,-29.1,137.7,22.6,1235,5770.8,2.98445,8.547335,-0.671082,2.23694,2.908022,5.816044,0,1.11847,0.7,1.7,1.8,91.2,91.2,103.6,Tripod,Other,,21,5,True,,True,False,,Smart,RC,False,True,False,,,True,,False,False,False,False,False,False,False,False,False,False,0,Follow Yaw,-77.9,0,83.1,83.1,False,False,False,False,False,,0,0,False,False,No Card,100,100,1024,1080,581,1024,2,False,False,False,False,False,0,False,False,False,False,64,,45.996,,6428,,10044,,45.996,,True,3.831,3.831,3.831,3.831,3.831,3.831,3.831,3.831,3.831,3.831,3.831,3.831,0,,False,False,True,,,,,,,,,,,,,,,False,False,19.704,,105.9,,75.7,,105.9,,1197,124,,21,7,149261.8,19901.58,,Idle,,20,,10,,,20,Go Home,False,False,False,False,False,False,False,False,False,False,False,False,33.8027920380556,-117.4659261431046,4023.7,4043.5,1049.4,396.9,True,1,1,False,False,False,False,,True,False,False,Course Lock,196.8,67,16.4,93,W,S,2.01,11.4,Calm,False,False,Android,7.0.2,M300 RTK,1ZN7L4R0H1D00F,1W9DL31001461C,1ZMLH8300204F0,1Z6PH74DAP0QN7,"Corona, CA",728.3,5.7,137.7,8.547347,2.013246,0,0,DJI Matrice 300 RTK,M300 RTK,1ZN7L4R0H1D00F,1W9DL31001461C,1ZMLH8300204F0,1Z6PH74DAP0QN7,DJI Pilot,Android,7.0.2,1EF72A62-B7C3-C88D-164E-CE6F8C8424AE,1ZN7L4R0H1D00F,1W9DL31001461C,,1ZMLH8300204F0,1W9DL31001461C,,,,,
2023-11-01,11:35:32.06 AM,11m 9.7s,669.7,33.7938432675632,-117.4736841658234,-29.1,137.7,22.3,1235,5771.3,2.98445,8.547335,-0.671082,2.23694,2.908022,5.816044,0,1.11847,0.8,1.5,1.7,91.2,91.2,99.7,Tripod,Other,,21,5,True,,True,False,,Smart,RC,False,True,False,,,True,,False,False,False,False,False,False,False,False,False,False,0,Follow Yaw,-77.9,0,83.1,83.1,False,False,False,False,False,,0,0,False,False,No Card,100,100,1024,1071,765,1024,2,False,False,False,False,False,0,False,False,False,False,64,,45.996,,6428,,10044,,45.996,,True,3.831,3.831,3.831,3.831,3.831,3.831,3.831,3.831,3.831,3.831,3.831,3.831,0,,False,False,True,,,,,,,,,,,,,,,False,False,19.704,,105.9,,75.7,,105.9,,1197,124,,21,7,149261.8,19901.58,,Idle,,20,,10,,,20,Go Home,False,False,False,False,False,False,False,False,False,False,False,False,33.8027920380556,-117.4659261431046,4023.5,4043.5,1049.4,396.9,True,1,1,False,False,False,False,,True,False,False,Course Lock,196.8,67,16.4,93,W,S,2.01,11.4,Calm,False,False,Android,7.0.2,M300 RTK,1ZN7L4R0H1D00F,1W9DL31001461C,1ZMLH8300204F0,1Z6PH74DAP0QN7,"Corona, CA",728.3,5.7,137.7,8.547347,2.013246,0,0,DJI Matrice 300 RTK,M300 RTK,1ZN7L4R0H1D00F,1W9DL31001461C,1ZMLH8300204F0,1Z6PH74DAP0QN7,DJI Pilot,Android,7.0.2,1EF72A62-B7C3-C88D-164E-CE6F8C8424AE,1ZN7L4R0H1D00F,1W9DL31001461C,,1ZMLH8300204F0,1W9DL31001461C,,,,,
2023-11-01,11:35:32.17 AM,11m 9.8s,669.8,33.7938429627316,-117.4736827726398,-29.1,137.7,22.3,1235,5771.7,2.98445,8.547335,-0.671082,2.23694,2.908022,5.816044,0.223694,1.11847,0.9,1.2,1.5,91.2,91.2,104.7,Tripod,Other,,21,5,True,,True,False,,Smart,RC,False,True,False,,,True,,False,False,False,False,False,False,False,False,False,False,0,Follow Yaw,-77.9,0,83.1,83.1,False,False,False,False,False,,0,0,False,False,No Card,100,100,1024,1068,860,1024,2,False,False,False,False,False,0,False,False,False,False,64,,45.996,,6428,,10044,,45.996,,True,3.831,3.831,3.831,3.831,3.831,3.831,3.831,3.831,3.831,3.831,3.831,3.831,0,,False,False,True,,,,,,,,,,,,,,,False,False,19.704,,105.9,,75.7,,105.9,,1197,124,,21,7,149261.8,19901.58,,Idle,,20,,10,,,20,Go Home,False,False,False,False,False,False,False,False,False,False,False,False,33.8027920380556,-117.4659261431046,4023.4,4043.5,1049.4,396.9,True,1,1,False,False,False,False,,True,False,False,Course Lock,196.8,67,16.4,93,W,S,2.01,11.4,Calm,False,False,Android,7.0.2,M300 RTK,1ZN7L4R0H1D00F,1W9DL31001461C,1ZMLH8300204F0,1Z6PH74DAP0QN7,"Corona, CA",728.3,5.7,137.7,8.547347,2.013246,0,0,DJI Matrice 300 RTK,M300 RTK,1ZN7L4R0H1D00F,1W9DL31001461C,1ZMLH8300204F0,1Z6PH74DAP0QN7,DJI Pilot,Android,7.0.2,1EF72A62-B7C3-C88D-164E-CE6F8C8424AE,1ZN7L4R0H1D00F,1W9DL31001461C,,1ZMLH8300204F0,1W9DL31001461C,,,,,
2023-11-01,11:35:32.27 AM,11m 9.9s,669.9,33.7938426150672,-117.4736815244316,-29.1,137.7,22.3,1235,5772.1,2.766941,8.547335,-0.671082,2.23694,2.684328,5.816044,0.447388,1.11847,1.2,0.9,1.5,91.2,91.2,108.5,Tripod,Other,,21,5,True,,True,False,,Smart,RC,False,True,False,,,True,,False,False,False,False,False,False,False,False,False,False,0,Follow Yaw,-77.9,0,83.1,83.1,False,False,False,False,False,,0,0,False,False,No Card,100,100,1024,1056,887,1024,2,False,False,False,False,False,0,False,False,False,False,64,,45.972,,3191,,4986,,45.972,,True,3.831,3.831,3.831,3.831,3.831,3.831,3.831,3.831,3.831,3.831,3.831,3.831,0,,False,False,True,,,,,,,,,,,,,,,False,False,9.958,,105.6,,75.7,,105.9,,1197,124,,21,7,149261.8,19901.58,,Idle,,20,,10,,,20,Go Home,False,False,False,False,False,False,False,False,False,False,False,False,33.8027920380556,-117.4659261431046,4023.3,4043.5,1049.4,396.9,True,1,1,False,False,False,False,,True,False,False,Course Lock,196.8,67,16.4,93,W,S,2.01,11.4,Calm,False,False,Android,7.0.2,M300 RTK,1ZN7L4R0H1D00F,1W9DL31001461C,1ZMLH8300204F0,1Z6PH74DAP0QN7,"Corona, CA",728.3,5.7,137.7,8.547347,2.013246,0,0,DJI Matrice 300 RTK,M300 RTK,1ZN7L4R0H1D00F,1W9DL31001461C,1ZMLH8300204F0,1Z6PH74DAP0QN7,DJI Pilot,Android,7.0.2,1EF72A62-B7C3-C88D-164E-CE6F8C8424AE,1ZN7L4R0H1D00F,1W9DL31001461C,,1ZMLH8300204F0,1W9DL31001461C,,,,,
2023-11-01,11:35:32.38 AM,11m 10.0s,670.0,33.7938422979683,-117.4736801803153,-29.1,137.7,22.3,1235,5772.5,2.766941,8.547335,-0.671082,2.23694,2.684328,5.816044,0.447388,1.11847,1.7,0.7,1.8,91.2,91.2,105.8,Tripod,Other,,21,5,True,,True,False,,Smart,RC,False,True,False,,,True,,False,False,False,False,False,False,False,False,False,False,0,Follow Yaw,-77.9,0,83.1,83.1,False,False,False,False,False,,0,0,False,False,No Card,100,100,1024,1048,798,1024,2,False,False,False,False,False,0,False,False,False,False,64,,45.984,,6428,,10044,,45.984,,True,3.831,3.831,3.831,3.831,3.831,3.831,3.831,3.831,3.831,3.831,3.831,3.831,0,,False,False,True,,,,,,,,,,,,,,,False,False,19.874,,105.9,,75.7,,105.9,,1197,124,,21,7,149261.8,19901.58,,Idle,,20,,10,,,20,Go Home,False,False,False,False,False,False,False,False,False,False,False,False,33.8027920380556,-117.4659261431046,4023.1,4043.5,1049.4,396.9,True,1,1,False,False,False,False,,True,False,False,Course Lock,196.8,67,16.4,93,W,S,2.01,11.4,Calm,False,False,Android,7.0.2,M300 RTK,1ZN7L4R0H1D00F,1W9DL31001461C,1ZMLH8300204F0,1Z6PH74DAP0QN7,"Corona, CA",728.3,5.7,137.7,8.547347,2.013246,0,0,DJI Matrice 300 RTK,M300 RTK,1ZN7L4R0H1D00F,1W9DL31001461C,1ZMLH8300204F0,1Z6PH74DAP0QN7,DJI Pilot,Android,7.0.2,1EF72A62-B7C3-C88D-164E-CE6F8C8424AE,1ZN7L4R0H1D00F,1W9DL31001461C,,1ZMLH8300204F0,1W9DL31001461C,,,,,
2023-11-01,11:35:32.48 AM,11m 10.1s,670.1,33.7938417850041,-117.4736787208288,-29.5,137.7,21.9,1234,5773.0,2.766941,8.547335,-0.671082,2.23694,2.684328,5.816044,0.447388,1.11847,2,0.4,2,91.2,91.2,112.9,Tripod,Other,,21,5,True,,True,False,,Smart,RC,False,True,False,,,True,,False,False,False,False,False,False,False,False,False,False,0,Follow Yaw,-77.9,0,83.1,83.1,False,False,False,False,False,,0,0,False,False,No Card,100,100,1024,1045,684,1024,2,False,False,False,False,False,0,False,False,False,False,64,,45.984,,6428,,10044,,45.984,,True,3.831,3.831,3.831,3.831,3.831,3.831,3.831,3.831,3.831,3.831,3.831,3.831,0,,False,False,True,,,,,,,,,,,,,,,False,False,19.874,,105.9,,75.7,,105.9,,1197,124,,21,7,149261.8,19901.58,,Idle,,20,,10,,,20,Go Home,False,False,False,False,False,False,False,False,False,False,False,False,33.8027920380556,-117.4659261431046,4023.0,4043.5,1049.4,396.9,True,1,1,False,False,False,False,,True,False,False,Course Lock,196.8,67,16.4,93,W,S,1.78,11.4,Calm,False,False,Android,7.0.2,M300 RTK,1ZN7L4R0H1D00F,1W9DL31001461C,1ZMLH8300204F0,1Z6PH74DAP0QN7,"Corona, CA",728.3,5.7,137.7,8.547347,2.013246,0,0,DJI Matrice 300 RTK,M300 RTK,1ZN7L4R0H1D00F,1W9DL31001461C,1ZMLH8300204F0,1Z6PH74DAP0QN7,DJI Pilot,Android,7.0.2,1EF72A62-B7C3-C88D-164E-CE6F8C8424AE,1ZN7L4R0H1D00F,1W9DL31001461C,,1ZMLH8300204F0,1W9DL31001461C,,,,,
2023-11-01,11:35:32.54 AM,11m 10.2s,670.2,33.7938414574197,-117.4736774311402,-29.5,137.7,21.9,1234,5773.4,2.766941,8.547335,-0.671082,2.23694,2.684328,5.816044,0.223694,1.11847,2.2,0.2,2.2,91.2,91.2,106.9,Tripod,Other,,21,5,True,,True,False,,Smart,RC,False,True,False,,,True,,False,False,False,False,False,False,False,False,False,False,0,Follow Yaw,-77.9,0,83.1,83.1,False,False,False,False,False,,0,0,False,False,No Card,100,100,1024,1042,674,1024,2,False,False,False,False,False,0,False,False,False,False,64,,45.984,,6428,,10044,,45.984,,True,3.831,3.831,3.831,3.831,3.831,3.831,3.831,3.831,3.831,3.831,3.831,3.831,0,,False,False,True,,,,,,,,,,,,,,,False,False,19.874,,105.9,,75.7,,105.9,,1197,124,,21,7,149261.8,19901.58,,Idle,,20,,10,,,20,Go Home,False,False,False,False,False,False,False,False,False,False,False,False,33.8027920380556,-117.4659261431046,4022.9,4043.5,1049.4,396.9,True,1,1,False,False,False,False,,True,False,False,Course Lock,196.8,67,16.4,93,W,S,1.78,11.4,Calm,False,False,Android,7.0.2,M300 RTK,1ZN7L4R0H1D00F,1W9DL31001461C,1ZMLH8300204F0,1Z6PH74DAP0QN7,"Corona, CA",728.3,5.7,137.7,8.547347,2.013246,0,0,DJI Matrice 300 RTK,M300 RTK,1ZN7L4R0H1D00F,1W9DL31001461C,1ZMLH8300204F0,1Z6PH74DAP0QN7,DJI Pilot,Android,7.0.2,1EF72A62-B7C3-C88D-164E-CE6F8C8424AE,1ZN7L4R0H1D00F,1W9DL31001461C,,1ZMLH8300204F0,1W9DL31001461C,,,,,
2023-11-01,11:35:32.64 AM,11m 10.3s,670.3,33.793841218379,-117.4736761433482,-29.5,137.7,21.9,1234,5773.8,2.550504,8.547335,-0.671082,2.23694,2.460634,5.816044,0.447388,1.11847,2.1,0.1,2.1,91.2,91.2,102.5,Tripod,Other,,21,5,True,,True,False,,Smart,RC,False,True,False,,,True,,False,False,False,False,False,False,False,False,False,False,0,Follow Yaw,-77.9,0,83.1,83.1,False,False,False,False,False,,0,0,False,False,No Card,100,100,1024,1031,780,1024,2,False,False,False,False,False,0,False,False,False,False,64,,45.984,,6428,,10044,,45.984,,True,3.833,3.833,3.833,3.833,3.833,3.833,3.833,3.833,3.833,3.833,3.833,3.833,0,,False,False,True,,,,,,,,,,,,,,,False,False,19.874,,105.9,,75.7,,105.9,,1193,124,,21,7,149506.5,19934.20,,Idle,,20,,10,,,20,Go Home,False,False,False,False,False,False,False,False,False,False,False,False,33.8027920380556,-117.4659261431046,4022.7,4043.5,1049.4,396.9,True,1,1,False,False,False,False,,True,False,False,Course Lock,196.8,67,16.4,93,W,S,1.78,11.4,Calm,False,False,Android,7.0.2,M300 RTK,1ZN7L4R0H1D00F,1W9DL31001461C,1ZMLH8300204F0,1Z6PH74DAP0QN7,"Corona, CA",728.3,5.7,137.7,8.547347,2.013246,0,0,DJI Matrice 300 RTK,M300 RTK,1ZN7L4R0H1D00F,1W9DL31001461C,1ZMLH8300204F0,1Z6PH74DAP0QN7,DJI Pilot,Android,7.0.2,1EF72A62-B7C3-C88D-164E-CE6F8C8424AE,1ZN7L4R0H1D00F,1W9DL31001461C,,1ZMLH8300204F0,1W9DL31001461C,,,,,
2023-11-01,11:35:32.74 AM,11m 10.4s,670.4,33.7938409106005,-117.4736749235909,-29.5,137.7,21.9,1234,5774.2,2.550504,8.547335,-0.671082,2.23694,2.460634,5.816044,0.447388,1.11847,3.3,-0.2,3.3,91.1,91.1,106.8,Tripod,Other,,21,5,True,,True,False,,Smart,RC,False,True,False,,,True,,False,False,False,False,False,False,False,False,False,False,0,Follow Yaw,-77.9,0,83.1,83.1,False,False,False,False,False,,0,0,False,False,No Card,100,100,1024,1031,772,1024,2,False,False,False,False,False,0,False,False,False,False,64,,45.984,,6428,,10044,,45.984,,True,3.833,3.833,3.833,3.833,3.833,3.833,3.833,3.833,3.833,3.833,3.833,3.833,0,,False,False,True,,,,,,,,,,,,,,,False,False,19.874,,105.9,,75.7,,105.9,,1193,124,,21,7,149506.5,19934.20,,Idle,,20,,10,,,20,Go Home,False,False,False,False,False,False,False,False,False,False,False,False,33.8027920380556,-117.4659261431046,4022.6,4043.5,1049.4,396.9,True,1,1,False,False,False,False,,True,False,False,Course Lock,196.8,67,16.4,93,W,S,1.78,11.4,Calm,False,False,Android,7.0.2,M300 RTK,1ZN7L4R0H1D00F,1W9DL31001461C,1ZMLH8300204F0,1Z6PH74DAP0QN7,"Corona, CA",728.3,5.7,137.7,8.547347,2.013246,0,0,DJI Matrice 300 RTK,M300 RTK,1ZN7L4R0H1D00F,1W9DL31001461C,1ZMLH8300204F0,1Z6PH74DAP0QN7,DJI Pilot,Android,7.0.2,1EF72A62-B7C3-C88D-164E-CE6F8C8424AE,1ZN7L4R0H1D00F,1W9DL31001461C,,1ZMLH8300204F0,1W9DL31001461C,,,,,
2023-11-01,11:35:32.84 AM,11m 10.5s,670.5,33.7938407048666,-117.4736737697241,-29.8,137.7,21.6,1234,5774.6,2.335433,8.547335,-0.671082,2.23694,2.23694,5.816044,0.447388,1.11847,7.2,-1.5,7.3,90.9,90.9,102.1,Tripod,Other,,21,5,True,,True,False,,Smart,RC,False,True,False,,,True,,False,False,False,False,False,False,False,False,False,False,0,Follow Yaw,-77.9,0,83.1,83.1,False,False,False,False,False,,0,0,False,False,No Card,100,100,1024,1024,727,1024,2,False,False,False,False,False,0,False,False,False,False,64,,45.984,,6428,,10044,,45.984,,True,3.833,3.833,3.833,3.833,3.833,3.833,3.833,3.833,3.833,3.833,3.833,3.833,0,,False,False,True,,,,,,,,,,,,,,,False,False,19.874,,105.9,,75.7,,105.9,,1193,124,,21,7,149506.5,19934.20,,Idle,,20,,10,,,20,Go Home,False,False,False,False,False,False,False,False,False,False,False,False,33.8027920380556,-117.4659261431046,4022.5,4043.5,1049.4,396.9,True,1,1,False,False,False,False,,True,False,False,Course Lock,196.8,67,16.4,93,W,S,1.78,11.4,Calm,False,False,Android,7.0.2,M300 RTK,1ZN7L4R0H1D00F,1W9DL31001461C,1ZMLH8300204F0,1Z6PH74DAP0QN7,"Corona, CA",728.3,5.7,137.7,8.547347,2.013246,0,0,DJI Matrice 300 RTK,M300 RTK,1ZN7L4R0H1D00F,1W9DL31001461C,1ZMLH8300204F0,1Z6PH74DAP0QN7,DJI Pilot,Android,7.0.2,1EF72A62-B7C3-C88D-164E-CE6F8C8424AE,1ZN7L4R0H1D00F,1W9DL31001461C,,1ZMLH8300204F0,1W9DL31001461C,,,,,
2023-11-01,11:35:32.94 AM,11m 10.6s,670.6,33.7938404539698,-117.4736727347734,-29.8,137.7,21.6,1234,5774.9,2.062356,8.547335,-0.447388,2.23694,2.013246,5.816044,0.447388,1.11847,9.9,-2.2,10.1,90.9,90.9,106.2,Tripod,Other,,21,5,True,,True,False,,Smart,RC,False,True,False,,,True,,False,False,False,False,False,False,False,False,False,False,0,Follow Yaw,-77.9,0,83.1,83.1,False,False,False,False,False,,0,0,False,False,No Card,100,100,1024,1024,803,1024,2,False,False,False,False,False,0,False,False,False,False,64,,45.984,,6428,,10044,,45.984,,True,3.833,3.833,3.833,3.833,3.833,3.833,3.833,3.833,3.833,3.833,3.833,3.833,0,,False,False,True,,,,,,,,,,,,,,,False,False,19.874,,105.9,,75.7,,105.9,,1193,124,,21,7,149506.5,19934.20,,Idle,,20,,10,,,20,Go Home,False,False,False,False,False,False,False,False,False,False,False,False,33.8027920380556,-117.4659261431046,4022.4,4043.5,1049.4,396.9,True,1,1,False,False,False,False,,True,False,False,Course Lock,196.8,67,16.4,93,W,S,1.78,11.4,Calm,False,False,Android,7.0.2,M300 RTK,1ZN7L4R0H1D00F,1W9DL31001461C,1ZMLH8300204F0,1Z6PH74DAP0QN7,"Corona, CA",728.3,5.7,137.7,8.547347,2.013246,0,0,DJI Matrice 300 RTK,M300 RTK,1ZN7L4R0H1D00F,1W9DL31001461C,1ZMLH8300204F0,1Z6PH74DAP0QN7,DJI Pilot,Android,7.0.2,1EF72A62-B7C3-C88D-164E-CE6F8C8424AE,1ZN7L4R0H1D00F,1W9DL31001461C,,1ZMLH8300204F0,1W9DL31001461C,,,,,
2023-11-01,11:35:33.04 AM,11m 10.7s,670.7,33.7938401351576,-117.4736718203884,-29.8,137.7,21.6,1234,5775.2,1.628516,8.547335,-0.447388,2.23694,1.565858,5.816044,0.447388,1.11847,10.1,-2.1,10.3,91,91,112.7,Tripod,Other,,21,5,True,,True,False,,Smart,RC,False,True,False,,,True,,False,False,False,False,False,False,False,False,False,False,0,Follow Yaw,-77.9,0,83.1,83.1,False,False,False,False,False,,0,0,False,False,No Card,100,100,1024,1024,845,1024,2,False,False,False,False,False,0,False,False,False,False,64,,45.984,,6428,,10044,,45.984,,True,3.833,3.833,3.833,3.833,3.833,3.833,3.833,3.833,3.833,3.833,3.833,3.833,0,,False,False,True,,,,,,,,,,,,,,,False,False,19.874,,105.9,,75.7,,105.9,,1193,124,,21,7,149506.5,19934.20,,Idle,,20,,10,,,20,Go Home,False,False,False,False,False,False,False,False,False,False,False,False,33.8027920380556,-117.4659261431046,4022.3,4043.5,1049.4,396.9,True,1,1,False,False,False,False,,True,False,False,Course Lock,196.8,67,16.4,93,W,S,1.78,11.4,Calm,False,False,Android,7.0.2,M300 RTK,1ZN7L4R0H1D00F,1W9DL31001461C,1ZMLH8300204F0,1Z6PH74DAP0QN7,"Corona, CA",728.3,5.7,137.7,8.547347,2.013246,0,0,DJI Matrice 300 RTK,M300 RTK,1ZN7L4R0H1D00F,1W9DL31001461C,1ZMLH8300204F0,1Z6PH74DAP0QN7,DJI Pilot,Android,7.0.2,1EF72A62-B7C3-C88D-164E-CE6F8C8424AE,1ZN7L4R0H1D00F,1W9DL31001461C,,1ZMLH8300204F0,1W9DL31001461C,,,,,
2023-11-01,11:35:33.14 AM,11m 10.8s,670.8,33.79383996835,-117.4736711338574,-29.8,137.7,21.3,1234,5775.4,1.14062,8.547335,-0.223694,2.23694,1.11847,5.816044,0.447388,1.11847,8.4,-1.4,8.5,91.2,91.2,106.2,Tripod,Other,,21,5,True,,True,False,,Smart,RC,False,True,False,,,True,,False,False,False,False,False,False,False,False,False,False,0,Follow Yaw,-77.9,0,83.1,83.1,False,False,False,False,False,,0,0,False,False,No Card,100,100,1024,1024,911,1024,2,False,False,False,False,False,0,False,False,False,False,64,,45.984,,6428,,10044,,45.984,,True,3.833,3.833,3.833,3.833,3.833,3.833,3.833,3.833,3.833,3.833,3.833,3.833,0,,False,False,True,,,,,,,,,,,,,,,False,False,19.874,,105.9,,75.7,,105.9,,1193,124,,21,7,149506.5,19934.20,,Idle,,20,,10,,,20,Go Home,False,False,False,False,False,False,False,False,False,False,False,False,33.8027920380556,-117.4659261431046,4022.2,4043.5,1049.4,396.9,True,1,1,False,False,False,False,,True,False,False,Course Lock,196.8,67,16.4,93,W,S,1.78,11.4,Calm,False,False,Android,7.0.2,M300 RTK,1ZN7L4R0H1D00F,1W9DL31001461C,1ZMLH8300204F0,1Z6PH74DAP0QN7,"Corona, CA",728.3,5.7,137.7,8.547347,2.013246,0,0,DJI Matrice 300 RTK,M300 RTK,1ZN7L4R0H1D00F,1W9DL31001461C,1ZMLH8300204F0,1Z6PH74DAP0QN7,DJI Pilot,Android,7.0.2,1EF72A62-B7C3-C88D-164E-CE6F8C8424AE,1ZN7L4R0H1D00F,1W9DL31001461C,,1ZMLH8300204F0,1W9DL31001461C,,,,,
2023-11-01,11:35:33.24 AM,11m 10.9s,670.9,33.7938398632215,-117.4736704745403,-30.1,137.7,21.3,1234,5775.6,0.922313,8.547335,-0.223694,2.23694,0.894776,5.816044,0.447388,1.11847,6.1,-0.6,6.1,91.3,91.3,100.8,Tripod,Other,,21,5,True,,True,False,,Smart,RC,False,True,False,,,True,,False,False,False,False,False,False,False,False,False,False,0,Follow Yaw,-77.9,0,83.1,83.1,False,False,False,False,False,,0,0,False,False,No Card,100,100,1024,1024,942,1024,2,False,False,False,False,False,0,False,False,False,False,64,,45.984,,6428,,10044,,45.984,,True,3.833,3.833,3.833,3.833,3.833,3.833,3.833,3.833,3.833,3.833,3.833,3.833,0,,False,False,True,,,,,,,,,,,,,,,False,False,19.874,,105.9,,75.7,,105.9,,1193,124,,21,7,149506.5,19934.20,,Idle,,20,,10,,,20,Go Home,False,False,False,False,False,False,False,False,False,False,False,False,33.8027920380556,-117.4659261431046,4022.1,4043.5,1049.4,396.9,True,1,1,False,False,False,False,,True,False,False,Course Lock,196.8,67,16.4,93,W,S,1.78,11.4,Calm,False,False,Android,7.0.2,M300 RTK,1ZN7L4R0H1D00F,1W9DL31001461C,1ZMLH8300204F0,1Z6PH74DAP0QN7,"Corona, CA",728.3,5.7,137.7,8.547347,2.013246,0,0,DJI Matrice 300 RTK,M300 RTK,1ZN7L4R0H1D00F,1W9DL31001461C,1ZMLH8300204F0,1Z6PH74DAP0QN7,DJI Pilot,Android,7.0.2,1EF72A62-B7C3-C88D-164E-CE6F8C8424AE,1ZN7L4R0H1D00F,1W9DL31001461C,,1ZMLH8300204F0,1W9DL31001461C,,,,,
2023-11-01,11:35:33.34 AM,11m 11.0s,671.0,33.7938397504858,-117.4736700209762,-30.1,137.7,21.3,1234,5775.8,0.707382,8.547335,-0.223694,2.23694,0.671082,5.816044,0.447388,1.11847,4.2,-0.2,4.2,91.3,91.3,106.6,Tripod,Other,,21,5,True,,True,False,,Smart,RC,False,True,False,,,True,,False,False,False,False,False,False,False,False,False,False,0,Follow Yaw,-77.9,0,83.1,83.1,False,False,False,False,False,,0,0,False,False,No Card,100,100,1024,1024,997,1024,2,False,False,False,False,False,0,False,False,False,False,64,,45.972,,6428,,10044,,45.972,,True,3.833,3.833,3.833,3.833,3.833,3.833,3.833,3.833,3.833,3.833,3.833,3.833,0,,False,False,True,,,,,,,,,,,,,,,False,False,19.32,,105.9,,75.7,,105.9,,1193,124,,21,7,149506.5,19934.20,,Idle,,20,,10,,,20,Go Home,False,False,False,False,False,False,False,False,False,False,False,False,33.8027920380556,-117.4659261431046,4022.1,4043.5,1049.4,396.9,True,1,1,False,False,False,False,,True,False,False,Course Lock,196.8,67,16.4,93,W,S,1.78,11.4,Calm,False,False,Android,7.0.2,M300 RTK,1ZN7L4R0H1D00F,1W9DL31001461C,1ZMLH8300204F0,1Z6PH74DAP0QN7,"Corona, CA",728.3,5.7,137.7,8.547347,2.013246,0,0,DJI Matrice 300 RTK,M300 RTK,1ZN7L4R0H1D00F,1W9DL31001461C,1ZMLH8300204F0,1Z6PH74DAP0QN7,DJI Pilot,Android,7.0.2,1EF72A62-B7C3-C88D-164E-CE6F8C8424AE,1ZN7L4R0H1D00F,1W9DL31001461C,,1ZMLH8300204F0,1W9DL31001461C,,,,,
2023-11-01,11:35:33.44 AM,11m 11.1s,671.1,33.7938396252088,-117.473669790978,-30.1,137.7,21.3,1234,5775.8,0.707382,8.547335,-0.223694,2.23694,0.671082,5.816044,0.223694,1.11847,3.1,-0.2,3.1,91.2,91.2,123.2,Tripod,Other,,21,5,True,,True,False,,Smart,RC,False,True,False,,,True,,False,False,False,False,False,False,False,False,False,False,0,Follow Yaw,-77.9,0,83.1,83.1,False,False,False,False,False,,0,0,False,False,No Card,100,100,1024,1024,1024,1024,2,False,False,False,False,False,0,False,False,False,False,64,,45.972,,6428,,10044,,45.972,,True,3.833,3.833,3.833,3.833,3.833,3.833,3.833,3.833,3.833,3.833,3.833,3.833,0,,False,False,True,,,,,,,,,,,,,,,False,False,19.32,,105.9,,75.7,,105.9,,1193,124,,21,7,149506.5,19934.20,,Idle,,20,,10,,,20,Go Home,False,False,False,False,False,False,False,False,False,False,False,False,33.8027920380556,-117.4659261431046,4022.1,4043.5,1049.4,396.9,True,1,1,False,False,False,False,,True,False,False,Course Lock,196.8,67,16.4,93,W,S,1.78,11.4,Calm,False,False,Android,7.0.2,M300 RTK,1ZN7L4R0H1D00F,1W9DL31001461C,1ZMLH8300204F0,1Z6PH74DAP0QN7,"Corona, CA",728.3,5.7,137.7,8.547347,2.013246,0,0,DJI Matrice 300 RTK,M300 RTK,1ZN7L4R0H1D00F,1W9DL31001461C,1ZMLH8300204F0,1Z6PH74DAP0QN7,DJI Pilot,Android,7.0.2,1EF72A62-B7C3-C88D-164E-CE6F8C8424AE,1ZN7L4R0H1D00F,1W9DL31001461C,,1ZMLH8300204F0,1W9DL31001461C,,,,,
2023-11-01,11:35:33.51 AM,11m 11.2s,671.2,33.7938395412568,-117.4736694775241,-30.1,137.7,20.9,1234,5775.9,0.500194,8.547335,-0.223694,2.23694,0.447388,5.816044,0.223694,1.11847,2.8,-0.3,2.8,91.2,91.2,107.8,Tripod,Other,,20,5,True,,True,False,,Smart,RC,False,True,False,,,True,,False,False,False,False,False,False,False,False,False,False,0,Follow Yaw,-77.9,0,83.1,83.1,False,False,False,False,False,,0,0,False,False,No Card,100,100,1024,1024,1024,1024,2,False,False,False,False,False,0,False,False,False,False,64,,45.972,,6428,,10044,,45.972,,True,3.833,3.833,3.833,3.833,3.833,3.833,3.833,3.833,3.833,3.833,3.833,3.833,0,,False,False,True,,,,,,,,,,,,,,,False,False,19.32,,105.9,,75.7,,105.9,,1193,124,,21,7,149506.5,19934.20,,Idle,,20,,10,,,20,Go Home,False,False,False,False,False,False,False,False,False,False,False,False,33.8027920380556,-117.4659261431046,4022.0,4043.5,1049.4,396.9,True,1,1,False,False,False,False,,True,False,False,Course Lock,196.8,67,16.4,93,W,S,1.78,11.4,Calm,False,False,Android,7.0.2,M300 RTK,1ZN7L4R0H1D00F,1W9DL31001461C,1ZMLH8300204F0,1Z6PH74DAP0QN7,"Corona, CA",728.3,5.7,137.7,8.547347,2.013246,0,0,DJI Matrice 300 RTK,M300 RTK,1ZN7L4R0H1D00F,1W9DL31001461C,1ZMLH8300204F0,1Z6PH74DAP0QN7,DJI Pilot,Android,7.0.2,1EF72A62-B7C3-C88D-164E-CE6F8C8424AE,1ZN7L4R0H1D00F,1W9DL31001461C,,1ZMLH8300204F0,1W9DL31001461C,,,,,
2023-11-01,11:35:33.64 AM,11m 11.3s,671.3,33.7938393155114,-117.4736692913154,-30.1,137.7,21.3,1234,5776.0,0.447388,8.547335,0,2.23694,0.447388,5.816044,0,1.11847,3.5,-0.6,3.5,91.2,91.2,145.5,Tripod,Other,,20,5,True,,True,False,,Smart,RC,False,True,False,,,True,,False,False,False,False,False,False,False,False,False,False,0,Follow Yaw,-77.9,0,83.1,83.1,False,False,False,False,False,,0,0,False,False,No Card,100,100,1024,1024,1024,1024,2,False,False,False,False,False,0,False,False,False,False,64,,45.972,,6428,,10044,,45.972,,True,3.832,3.832,3.832,3.832,3.832,3.832,3.832,3.832,3.832,3.832,3.832,3.832,0,,False,False,True,,,,,,,,,,,,,,,False,False,19.32,,105.9,,75.7,,105.9,,1189,124,,21,7,149518.0,19935.74,,Idle,,20,,10,,,20,Go Home,False,False,False,False,False,False,False,False,False,False,False,False,33.8027920380556,-117.4659261431046,4022.1,4043.5,1049.4,396.9,True,1,1,False,False,False,False,,True,False,False,Course Lock,196.8,67,16.4,93,W,S,1.78,11.4,Calm,False,False,Android,7.0.2,M300 RTK,1ZN7L4R0H1D00F,1W9DL31001461C,1ZMLH8300204F0,1Z6PH74DAP0QN7,"Corona, CA",728.3,5.7,137.7,8.547347,2.013246,0,0,DJI Matrice 300 RTK,M300 RTK,1ZN7L4R0H1D00F,1W9DL31001461C,1ZMLH8300204F0,1Z6PH74DAP0QN7,DJI Pilot,Android,7.0.2,1EF72A62-B7C3-C88D-164E-CE6F8C8424AE,1ZN7L4R0H1D00F,1W9DL31001461C,,1ZMLH8300204F0,1W9DL31001461C,,,,,
2023-11-01,11:35:33.74 AM,11m 11.4s,671.4,33.7938392530099,-117.4736690786352,-30.1,137.7,21.3,1234,5776.1,0.223694,8.547335,0,2.23694,0.223694,5.816044,0,1.11847,3.8,-0.6,3.8,91.3,91.3,109.4,Tripod,Other,,20,5,True,,True,False,,Smart,RC,False,True,False,,,True,,False,False,False,False,False,False,False,False,False,False,0,Follow Yaw,-77.9,0,83.1,83.1,False,False,False,False,False,,0,0,False,False,No Card,100,100,1024,1024,1024,1024,2,False,False,False,False,False,0,False,False,False,False,64,,45.972,,6428,,10044,,45.972,,True,3.832,3.832,3.832,3.832,3.832,3.832,3.832,3.832,3.832,3.832,3.832,3.832,0,,False,False,True,,,,,,,,,,,,,,,False,False,19.32,,105.9,,75.7,,105.9,,1189,124,,21,7,149518.0,19935.74,,Idle,,20,,10,,,20,Go Home,False,False,False,False,False,False,False,False,False,False,False,False,33.8027920380556,-117.4659261431046,4022.1,4043.5,1049.4,396.9,True,1,1,False,False,False,False,,True,False,False,Course Lock,196.8,67,16.4,93,W,S,1.78,11.4,Calm,False,False,Android,7.0.2,M300 RTK,1ZN7L4R0H1D00F,1W9DL31001461C,1ZMLH8300204F0,1Z6PH74DAP0QN7,"Corona, CA",728.3,5.7,137.7,8.547347,2.013246,0,0,DJI Matrice 300 RTK,M300 RTK,1ZN7L4R0H1D00F,1W9DL31001461C,1ZMLH8300204F0,1Z6PH74DAP0QN7,DJI Pilot,Android,7.0.2,1EF72A62-B7C3-C88D-164E-CE6F8C8424AE,1ZN7L4R0H1D00F,1W9DL31001461C,,1ZMLH8300204F0,1W9DL31001461C,,,,,
2023-11-01,11:35:33.81 AM,11m 11.5s,671.5,33.7938392712395,-117.4736687298856,-30.5,137.7,21.3,1233,5776.2,0.223694,8.547335,0,2.23694,0.223694,5.816044,0,1.11847,3.6,-0.4,3.6,91.3,91.3,86.4,Tripod,Other,,20,5,True,,True,False,,Smart,RC,False,True,False,,,True,,False,False,False,False,False,False,False,False,False,False,0,Follow Yaw,-77.9,0,83.1,83.1,False,False,False,False,False,,0,0,False,False,No Card,100,100,1024,1024,1024,1024,2,False,False,False,False,False,0,False,False,False,False,64,,45.972,,6428,,10044,,45.972,,True,3.832,3.832,3.832,3.832,3.832,3.832,3.832,3.832,3.832,3.832,3.832,3.832,0,,False,False,True,,,,,,,,,,,,,,,False,False,19.32,,105.9,,75.7,,105.9,,1189,124,,21,7,149518.0,19935.74,,Idle,,20,,10,,,20,Go Home,False,False,False,False,False,False,False,False,False,False,False,False,33.8027920380556,-117.4659261431046,4022.0,4043.5,1049.4,396.9,True,1,1,False,False,False,False,,True,False,False,Course Lock,196.8,67,16.4,93,W,S,1.78,11.4,Calm,False,False,Android,7.0.2,M300 RTK,1ZN7L4R0H1D00F,1W9DL31001461C,1ZMLH8300204F0,1Z6PH74DAP0QN7,"Corona, CA",728.3,5.7,137.7,8.547347,2.013246,0,0,DJI Matrice 300 RTK,M300 RTK,1ZN7L4R0H1D00F,1W9DL31001461C,1ZMLH8300204F0,1Z6PH74DAP0QN7,DJI Pilot,Android,7.0.2,1EF72A62-B7C3-C88D-164E-CE6F8C8424AE,1ZN7L4R0H1D00F,1W9DL31001461C,,1ZMLH8300204F0,1W9DL31001461C,,,,,
2023-11-01,11:35:33.94 AM,11m 11.6s,671.6,33.7938392479385,-117.4736685961255,-30.5,137.7,20.9,1233,5776.3,0,8.547335,0,2.23694,0,5.816044,0,1.11847,2.8,-0.2,2.8,91.3,91.3,,Tripod,Other,,20,5,True,,True,False,,Smart,RC,False,True,False,,,True,,False,False,False,False,False,False,False,False,False,False,0,Follow Yaw,-77.9,0,83.1,83.1,False,False,False,False,False,,0,0,False,False,No Card,100,100,1024,1024,1024,1024,2,False,False,False,False,False,0,False,False,False,False,64,,45.972,,6428,,10044,,45.972,,True,3.832,3.832,3.832,3.832,3.832,3.832,3.832,3.832,3.832,3.832,3.832,3.832,0,,False,False,True,,,,,,,,,,,,,,,False,False,19.32,,105.9,,75.7,,105.9,,1189,124,,21,7,149518.0,19935.74,,Idle,,20,,10,,,20,Go Home,False,False,False,False,False,False,False,False,False,False,False,False,33.8027920380556,-117.4659261431046,4022.0,4043.5,1049.4,396.9,True,1,1,False,False,False,False,,True,False,False,Course Lock,196.8,67,16.4,93,W,S,1.78,11.4,Calm,False,False,Android,7.0.2,M300 RTK,1ZN7L4R0H1D00F,1W9DL31001461C,1ZMLH8300204F0,1Z6PH74DAP0QN7,"Corona, CA",728.3,5.7,137.7,8.547347,2.013246,0,0,DJI Matrice 300 RTK,M300 RTK,1ZN7L4R0H1D00F,1W9DL31001461C,1ZMLH8300204F0,1Z6PH74DAP0QN7,DJI Pilot,Android,7.0.2,1EF72A62-B7C3-C88D-164E-CE6F8C8424AE,1ZN7L4R0H1D00F,1W9DL31001461C,,1ZMLH8300204F0,1W9DL31001461C,,,,,
2023-11-01,11:35:34.02 AM,11m 11.7s,671.7,33.7938392059282,-117.4736686955797,-30.5,137.7,20.9,1233,5776.3,0,8.547335,0,2.23694,0,5.816044,0,1.11847,2,0,2,91.2,91.2,,Tripod,Other,,20,5,True,,True,False,,Smart,RC,False,True,False,,,True,,False,False,False,False,False,False,False,False,False,False,0,Follow Yaw,-77.9,0,83.1,83.1,False,False,False,False,False,,0,0,False,False,No Card,100,100,1024,1024,1024,1024,2,False,False,False,False,False,0,False,False,False,False,64,,45.96,,3191,,4986,,45.96,,True,3.832,3.832,3.832,3.832,3.832,3.832,3.832,3.832,3.832,3.832,3.832,3.832,0,,False,False,True,,,,,,,,,,,,,,,False,False,9.662,,105.8,,75.7,,105.9,,1189,124,,21,7,149518.0,19935.74,,Idle,,20,,10,,,20,Go Home,False,False,False,False,False,False,False,False,False,False,False,False,33.8027920380556,-117.4659261431046,4022.0,4043.5,1049.4,396.9,True,1,1,False,False,False,False,,True,False,False,Course Lock,196.8,67,16.4,93,W,S,1.78,11.4,Calm,False,True,Android,7.0.2,M300 RTK,1ZN7L4R0H1D00F,1W9DL31001461C,1ZMLH8300204F0,1Z6PH74DAP0QN7,"Corona, CA",728.3,5.7,137.7,8.547347,2.013246,0,0,DJI Matrice 300 RTK,M300 RTK,1ZN7L4R0H1D00F,1W9DL31001461C,1ZMLH8300204F0,1Z6PH74DAP0QN7,DJI Pilot,Android,7.0.2,1EF72A62-B7C3-C88D-164E-CE6F8C8424AE,1ZN7L4R0H1D00F,1W9DL31001461C,,1ZMLH8300204F0,1W9DL31001461C,,,,,
2023-11-01,11:35:34.12 AM,11m 11.8s,671.8,33.7938392017478,-117.4736686258133,-30.5,137.7,20.9,1233,5776.3,0,8.547335,0,2.23694,0,5.816044,0,1.11847,1.5,0,1.5,91.2,91.2,,Tripod,Other,,20,5,True,,True,False,,Smart,RC,False,True,False,,,True,,False,False,False,False,False,False,False,False,False,False,0,Follow Yaw,-77.9,0,83.1,83.1,False,False,False,False,False,,0,0,False,False,No Card,100,100,1024,1024,1024,1024,2,False,False,False,False,False,0,False,False,False,False,64,,45.96,,3191,,4986,,45.96,,True,3.832,3.832,3.832,3.832,3.832,3.832,3.832,3.832,3.832,3.832,3.832,3.832,0,,False,False,True,,,,,,,,,,,,,,,False,False,9.662,,105.8,,75.7,,105.9,,1189,124,,21,7,149518.0,19935.74,,Idle,,20,,10,,,20,Go Home,False,False,False,False,False,False,False,False,False,False,False,False,33.8027920380556,-117.4659261431046,4022.0,4043.5,1049.4,396.9,True,1,1,False,False,False,False,,True,False,False,Course Lock,196.8,67,16.4,93,W,S,1.78,11.4,Calm,False,False,Android,7.0.2,M300 RTK,1ZN7L4R0H1D00F,1W9DL31001461C,1ZMLH8300204F0,1Z6PH74DAP0QN7,"Corona, CA",728.3,5.7,137.7,8.547347,2.013246,0,0,DJI Matrice 300 RTK,M300 RTK,1ZN7L4R0H1D00F,1W9DL31001461C,1ZMLH8300204F0,1Z6PH74DAP0QN7,DJI Pilot,Android,7.0.2,1EF72A62-B7C3-C88D-164E-CE6F8C8424AE,1ZN7L4R0H1D00F,1W9DL31001461C,,1ZMLH8300204F0,1W9DL31001461C,,,,,
2023-11-01,11:35:34.22 AM,11m 11.9s,671.9,33.7938392167563,-117.4736685609124,-30.5,137.7,20.9,1233,5776.3,0,8.547335,0,2.23694,0,5.816044,0,1.11847,1.2,0,1.2,91.1,91.1,,Tripod,Other,,20,5,True,,True,False,,Smart,RC,False,True,False,,,True,,False,False,False,False,False,False,False,False,False,False,0,Follow Yaw,-77.9,0,83.1,83.1,False,False,False,False,False,,0,0,False,False,No Card,100,100,1024,1024,1024,1024,2,False,False,False,False,False,0,False,False,False,False,64,,45.96,,3191,,4986,,45.96,,True,3.832,3.832,3.832,3.832,3.832,3.832,3.832,3.832,3.832,3.832,3.832,3.832,0,,False,False,True,,,,,,,,,,,,,,,False,False,9.662,,105.8,,75.7,,105.9,,1189,124,,21,7,149518.0,19935.74,,Idle,,20,,10,,,20,Go Home,False,False,False,False,False,False,False,False,False,False,False,False,33.8027920380556,-117.4659261431046,4022.0,4043.5,1049.4,396.9,True,1,1,False,False,False,False,,True,False,False,Course Lock,196.8,67,16.4,93,W,S,1.78,11.4,Calm,False,False,Android,7.0.2,M300 RTK,1ZN7L4R0H1D00F,1W9DL31001461C,1ZMLH8300204F0,1Z6PH74DAP0QN7,"Corona, CA",728.3,5.7,137.7,8.547347,2.013246,0,0,DJI Matrice 300 RTK,M300 RTK,1ZN7L4R0H1D00F,1W9DL31001461C,1ZMLH8300204F0,1Z6PH74DAP0QN7,DJI Pilot,Android,7.0.2,1EF72A62-B7C3-C88D-164E-CE6F8C8424AE,1ZN7L4R0H1D00F,1W9DL31001461C,,1ZMLH8300204F0,1W9DL31001461C,,,,,
2023-11-01,11:35:34.33 AM,11m 12.0s,672.0,33.7938392302572,-117.4736685064023,-30.5,137.7,21.3,1233,5776.3,0,8.547335,0,2.23694,0,5.816044,0,1.11847,1.3,0.1,1.3,91,91,,Tripod,Other,,20,5,True,,True,False,,Smart,RC,False,True,False,,,True,,False,False,False,False,False,False,False,False,False,False,0,Follow Yaw,-77.9,0,83.1,83.1,False,False,False,False,False,,0,0,False,False,No Card,100,100,1024,1024,1024,1024,2,False,False,False,False,False,0,False,False,False,False,64,,46.032,,6428,,10044,,46.032,,True,3.832,3.832,3.832,3.832,3.832,3.832,3.832,3.832,3.832,3.832,3.832,3.832,0,,False,False,True,,,,,,,,,,,,,,,False,False,20.11,,106.1,,75.7,,106.1,,1189,124,,21,7,149518.0,19935.74,,Idle,,20,,10,,,20,Go Home,False,False,False,False,False,False,False,False,False,False,False,False,33.8027920380556,-117.4659261431046,4022.0,4043.5,1049.4,396.9,True,1,1,False,False,False,False,,True,False,False,Course Lock,196.8,67,16.4,93,W,S,1.78,11.4,Calm,False,False,Android,7.0.2,M300 RTK,1ZN7L4R0H1D00F,1W9DL31001461C,1ZMLH8300204F0,1Z6PH74DAP0QN7,"Corona, CA",728.3,5.7,137.7,8.547347,2.013246,0,0,DJI Matrice 300 RTK,M300 RTK,1ZN7L4R0H1D00F,1W9DL31001461C,1ZMLH8300204F0,1Z6PH74DAP0QN7,DJI Pilot,Android,7.0.2,1EF72A62-B7C3-C88D-164E-CE6F8C8424AE,1ZN7L4R0H1D00F,1W9DL31001461C,,1ZMLH8300204F0,1W9DL31001461C,,,,,
2023-11-01,11:35:34.44 AM,11m 12.1s,672.1,33.7938391580927,-117.4736686487389,-30.1,137.7,21.3,1234,5776.4,0,8.547335,0,2.23694,0,5.816044,0,1.11847,1.5,0.3,1.5,90.9,90.9,,Tripod,Other,,20,5,True,,True,False,,Smart,RC,False,True,False,,,True,,False,False,False,False,False,False,False,False,False,False,0,Follow Yaw,-77.9,0,83.1,83.1,False,False,False,False,False,,0,0,False,False,No Card,100,100,1024,1024,1024,1024,2,False,False,False,False,False,0,False,False,False,False,64,,46.032,,6428,,10044,,46.032,,True,3.832,3.832,3.832,3.832,3.832,3.832,3.832,3.832,3.832,3.832,3.832,3.832,0,,False,False,True,,,,,,,,,,,,,,,False,False,20.11,,106.1,,75.7,,106.1,,1189,124,,21,7,149518.0,19935.74,,Idle,,20,,10,,,20,Go Home,False,False,False,False,False,False,False,False,False,False,False,False,33.8027920380556,-117.4659261431046,4022.0,4043.5,1049.4,396.9,True,1,1,False,False,False,False,,True,False,False,Course Lock,196.8,67,16.4,93,W,S,1.78,11.4,Calm,False,True,Android,7.0.2,M300 RTK,1ZN7L4R0H1D00F,1W9DL31001461C,1ZMLH8300204F0,1Z6PH74DAP0QN7,"Corona, CA",728.3,5.7,137.7,8.547347,2.013246,0,0,DJI Matrice 300 RTK,M300 RTK,1ZN7L4R0H1D00F,1W9DL31001461C,1ZMLH8300204F0,1Z6PH74DAP0QN7,DJI Pilot,Android,7.0.2,1EF72A62-B7C3-C88D-164E-CE6F8C8424AE,1ZN7L4R0H1D00F,1W9DL31001461C,,1ZMLH8300204F0,1W9DL31001461C,,,,,
2023-11-01,11:35:34.54 AM,11m 12.2s,672.2,33.793839170497,-117.4736686272977,-30.1,137.7,21.3,1234,5776.4,0,8.547335,0,2.23694,0,5.816044,0,1.11847,1.6,0.5,1.6,90.9,90.9,,Tripod,Other,,20,5,True,,True,False,,Smart,RC,False,True,False,,,True,,False,False,False,False,False,False,False,False,False,False,0,Follow Yaw,-77.9,0,83.1,83.1,False,False,False,False,False,,0,0,False,False,No Card,100,100,1024,1024,1024,1024,2,False,False,False,False,False,0,False,False,False,False,64,,46.032,,6428,,10044,,46.032,,True,3.832,3.832,3.832,3.832,3.832,3.832,3.832,3.832,3.832,3.832,3.832,3.832,0,,False,False,True,,,,,,,,,,,,,,,False,False,20.11,,106.1,,75.7,,106.1,,1189,124,,21,7,149518.0,19935.74,,Idle,,20,,10,,,20,Go Home,False,False,False,False,False,False,False,False,False,False,False,False,33.8027920380556,-117.4659261431046,4022.0,4043.5,1049.4,396.9,True,1,1,False,False,False,False,,True,False,False,Course Lock,196.8,67,16.4,93,W,S,1.78,11.4,Calm,False,False,Android,7.0.2,M300 RTK,1ZN7L4R0H1D00F,1W9DL31001461C,1ZMLH8300204F0,1Z6PH74DAP0QN7,"Corona, CA",728.3,5.7,137.7,8.547347,2.013246,0,0,DJI Matrice 300 RTK,M300 RTK,1ZN7L4R0H1D00F,1W9DL31001461C,1ZMLH8300204F0,1Z6PH74DAP0QN7,DJI Pilot,Android,7.0.2,1EF72A62-B7C3-C88D-164E-CE6F8C8424AE,1ZN7L4R0H1D00F,1W9DL31001461C,,1ZMLH8300204F0,1W9DL31001461C,,,,,
2023-11-01,11:35:34.64 AM,11m 12.3s,672.3,33.7938392162766,-117.4736684713542,-30.1,137.7,21.3,1234,5776.5,0,8.547335,0,2.23694,0,5.816044,0,1.11847,1.7,0.6,1.8,90.9,90.9,,Tripod,Other,,20,5,True,,True,False,,Smart,RC,False,True,False,,,True,,False,False,False,False,False,False,False,False,False,False,0,Follow Yaw,-77.9,0,83.1,83.1,False,False,False,False,False,,0,0,False,False,No Card,100,100,1024,1024,1024,1024,2,False,False,False,False,False,0,False,False,False,False,64,,46.032,,6428,,10044,,46.032,,True,3.837,3.837,3.837,3.837,3.837,3.837,3.837,3.837,3.837,3.837,3.837,3.837,0,,False,False,True,,,,,,,,,,,,,,,False,False,20.11,,106.1,,75.7,,106.1,,1185,124,,21,7,149356.9,19914.25,,Idle,,20,,10,,,20,Go Home,False,False,False,False,False,False,False,False,False,False,False,False,33.8027920380556,-117.4659261431046,4022.0,4043.5,1049.4,396.9,True,1,1,False,False,False,False,,True,False,False,Course Lock,196.8,67,16.4,93,W,S,1.78,11.4,Calm,False,False,Android,7.0.2,M300 RTK,1ZN7L4R0H1D00F,1W9DL31001461C,1ZMLH8300204F0,1Z6PH74DAP0QN7,"Corona, CA",728.3,5.7,137.7,8.547347,2.013246,0,0,DJI Matrice 300 RTK,M300 RTK,1ZN7L4R0H1D00F,1W9DL31001461C,1ZMLH8300204F0,1Z6PH74DAP0QN7,DJI Pilot,Android,7.0.2,1EF72A62-B7C3-C88D-164E-CE6F8C8424AE,1ZN7L4R0H1D00F,1W9DL31001461C,,1ZMLH8300204F0,1W9DL31001461C,,,,,
2023-11-01,11:35:34.74 AM,11m 12.4s,672.4,33.793839227653,-117.4736684584894,-30.1,137.7,21.3,1234,5776.5,0,8.547335,0,2.23694,0,5.816044,0,1.11847,1.7,0.7,1.8,90.9,90.9,,Tripod,Other,,20,5,True,,True,False,,Smart,RC,False,True,False,,,True,,False,False,False,False,False,False,False,False,False,False,0,Follow Yaw,-77.9,0,83.1,83.1,False,False,False,False,False,,0,0,False,False,No Card,100,100,1024,1024,1024,1024,2,False,False,False,False,False,0,False,False,False,False,64,,46.032,,6428,,10044,,46.032,,True,3.837,3.837,3.837,3.837,3.837,3.837,3.837,3.837,3.837,3.837,3.837,3.837,0,,False,False,True,,,,,,,,,,,,,,,False,False,20.11,,106.1,,75.7,,106.1,,1185,124,,21,7,149356.9,19914.25,,Idle,,20,,10,,,20,Go Home,False,False,False,False,False,False,False,False,False,False,False,False,33.8027920380556,-117.4659261431046,4022.0,4043.5,1049.4,396.9,True,1,1,False,False,False,False,,True,False,False,Course Lock,196.8,67,16.4,93,W,S,1.78,11.4,Calm,False,False,Android,7.0.2,M300 RTK,1ZN7L4R0H1D00F,1W9DL31001461C,1ZMLH8300204F0,1Z6PH74DAP0QN7,"Corona, CA",728.3,5.7,137.7,8.547347,2.013246,0,0,DJI Matrice 300 RTK,M300 RTK,1ZN7L4R0H1D00F,1W9DL31001461C,1ZMLH8300204F0,1Z6PH74DAP0QN7,DJI Pilot,Android,7.0.2,1EF72A62-B7C3-C88D-164E-CE6F8C8424AE,1ZN7L4R0H1D00F,1W9DL31001461C,,1ZMLH8300204F0,1W9DL31001461C,,,,,
2023-11-01,11:35:34.85 AM,11m 12.5s,672.5,33.7938392198403,-117.473668624164,-30.1,137.7,21.3,1234,5776.5,0,8.547335,0,2.23694,0,5.816044,0,1.11847,1.6,0.7,1.7,91,91,,Tripod,Other,,20,5,True,,True,False,,Smart,RC,False,True,False,,,True,,False,False,False,False,False,False,False,False,False,False,0,Follow Yaw,-77.9,0,83.1,83.1,False,False,False,False,False,,0,0,False,False,No Card,100,100,1024,1024,1024,1024,2,False,False,False,False,False,0,False,False,False,False,64,,46.032,,6428,,10044,,46.032,,True,3.837,3.837,3.837,3.837,3.837,3.837,3.837,3.837,3.837,3.837,3.837,3.837,0,,False,False,True,,,,,,,,,,,,,,,False,False,20.11,,106.1,,75.7,,106.1,,1185,124,,21,7,149356.9,19914.25,,Idle,,20,,10,,,20,Go Home,False,False,False,False,False,False,False,False,False,False,False,False,33.8027920380556,-117.4659261431046,4022.0,4043.5,1049.4,396.9,True,1,1,False,False,False,False,,True,False,False,Course Lock,196.8,67,16.4,93,W,S,2.01,11.4,Calm,False,True,Android,7.0.2,M300 RTK,1ZN7L4R0H1D00F,1W9DL31001461C,1ZMLH8300204F0,1Z6PH74DAP0QN7,"Corona, CA",728.3,5.7,137.7,8.547347,2.013246,0,0,DJI Matrice 300 RTK,M300 RTK,1ZN7L4R0H1D00F,1W9DL31001461C,1ZMLH8300204F0,1Z6PH74DAP0QN7,DJI Pilot,Android,7.0.2,1EF72A62-B7C3-C88D-164E-CE6F8C8424AE,1ZN7L4R0H1D00F,1W9DL31001461C,,1ZMLH8300204F0,1W9DL31001461C,,,,,
2023-11-01,11:35:34.95 AM,11m 12.6s,672.6,33.7938392229243,-117.4736686470071,-30.1,137.7,21.3,1234,5776.5,0,8.547335,0,2.23694,0,5.816044,0,1.11847,1.5,0.6,1.6,91.1,91.1,,Tripod,Other,,20,5,True,,True,False,,Smart,RC,False,True,False,,,True,,False,False,False,False,False,False,False,False,False,False,0,Follow Yaw,-77.9,0,83.1,83.1,False,False,False,False,False,,0,0,False,False,No Card,100,100,1024,1024,1024,1024,2,False,False,False,False,False,0,False,False,False,False,64,,46.032,,6428,,10044,,46.032,,True,3.837,3.837,3.837,3.837,3.837,3.837,3.837,3.837,3.837,3.837,3.837,3.837,0,,False,False,True,,,,,,,,,,,,,,,False,False,20.11,,106.1,,75.7,,106.1,,1185,124,,21,7,149356.9,19914.25,,Idle,,20,,10,,,20,Go Home,False,False,False,False,False,False,False,False,False,False,False,False,33.8027920380556,-117.4659261431046,4022.0,4043.5,1049.4,396.9,True,1,1,False,False,False,False,,True,False,False,Course Lock,196.8,67,16.4,93,W,S,2.01,11.4,Calm,False,True,Android,7.0.2,M300 RTK,1ZN7L4R0H1D00F,1W9DL31001461C,1ZMLH8300204F0,1Z6PH74DAP0QN7,"Corona, CA",728.3,5.7,137.7,8.547347,2.013246,0,0,DJI Matrice 300 RTK,M300 RTK,1ZN7L4R0H1D00F,1W9DL31001461C,1ZMLH8300204F0,1Z6PH74DAP0QN7,DJI Pilot,Android,7.0.2,1EF72A62-B7C3-C88D-164E-CE6F8C8424AE,1ZN7L4R0H1D00F,1W9DL31001461C,,1ZMLH8300204F0,1W9DL31001461C,,,,,
2023-11-01,11:35:35.05 AM,11m 12.7s,672.7,33.7938391882469,-117.4736687448945,-30.1,137.7,21.3,1234,5776.6,0,8.547335,0,2.23694,0,5.816044,0,1.11847,1.4,0.6,1.5,91.2,91.2,,Tripod,Other,,20,5,True,,True,False,,Smart,RC,False,True,False,,,True,,False,False,False,False,False,False,False,False,False,False,0,Follow Yaw,-77.9,0,83.1,83.1,False,False,False,False,False,,0,0,False,False,No Card,100,100,1024,1024,1024,1024,2,False,False,False,False,False,0,False,False,False,False,64,,46.032,,6428,,10044,,46.032,,True,3.837,3.837,3.837,3.837,3.837,3.837,3.837,3.837,3.837,3.837,3.837,3.837,0,,False,False,True,,,,,,,,,,,,,,,False,False,20.11,,106.1,,75.7,,106.1,,1185,124,,21,7,149356.9,19914.25,,Idle,,20,,10,,,20,Go Home,False,False,False,False,False,False,False,False,False,False,False,False,33.8027920380556,-117.4659261431046,4022.0,4043.5,1049.4,396.9,True,1,1,False,False,False,False,,True,False,False,Course Lock,196.8,67,16.4,93,W,S,2.01,11.4,Calm,False,True,Android,7.0.2,M300 RTK,1ZN7L4R0H1D00F,1W9DL31001461C,1ZMLH8300204F0,1Z6PH74DAP0QN7,"Corona, CA",728.3,5.7,137.7,8.547347,2.013246,0,0,DJI Matrice 300 RTK,M300 RTK,1ZN7L4R0H1D00F,1W9DL31001461C,1ZMLH8300204F0,1Z6PH74DAP0QN7,DJI Pilot,Android,7.0.2,1EF72A62-B7C3-C88D-164E-CE6F8C8424AE,1ZN7L4R0H1D00F,1W9DL31001461C,,1ZMLH8300204F0,1W9DL31001461C,,,,,
2023-11-01,11:35:35.15 AM,11m 12.8s,672.8,33.7938391843406,-117.473668787447,-30.1,137.7,21.3,1234,5776.6,0,8.547335,0,2.23694,0,5.816044,0,1.11847,1.4,0.5,1.4,91.2,91.2,,Tripod,Other,,20,5,True,,True,False,,Smart,RC,False,True,False,,,True,,False,False,False,False,False,False,False,False,False,False,0,Follow Yaw,-77.9,0,83.1,83.1,False,False,False,False,False,,0,0,False,False,No Card,100,100,1024,1024,1024,1024,2,False,False,False,False,False,0,False,False,False,False,64,,46.032,,6428,,10044,,46.032,,True,3.837,3.837,3.837,3.837,3.837,3.837,3.837,3.837,3.837,3.837,3.837,3.837,0,,False,False,True,,,,,,,,,,,,,,,False,False,20.11,,106.1,,75.7,,106.1,,1185,124,,21,7,149356.9,19914.25,,Idle,,20,,10,,,20,Go Home,False,False,False,False,False,False,False,False,False,False,False,False,33.8027920380556,-117.4659261431046,4022.0,4043.5,1049.4,396.9,True,1,1,False,False,False,False,,True,False,False,Course Lock,196.8,67,16.4,93,W,S,1.78,11.4,Calm,False,True,Android,7.0.2,M300 RTK,1ZN7L4R0H1D00F,1W9DL31001461C,1ZMLH8300204F0,1Z6PH74DAP0QN7,"Corona, CA",728.3,5.7,137.7,8.547347,2.013246,0,0,DJI Matrice 300 RTK,M300 RTK,1ZN7L4R0H1D00F,1W9DL31001461C,1ZMLH8300204F0,1Z6PH74DAP0QN7,DJI Pilot,Android,7.0.2,1EF72A62-B7C3-C88D-164E-CE6F8C8424AE,1ZN7L4R0H1D00F,1W9DL31001461C,,1ZMLH8300204F0,1W9DL31001461C,,,,,
2023-11-01,11:35:35.26 AM,11m 12.9s,672.9,33.7938391513765,-117.4736689566676,-30.1,137.7,21.3,1234,5776.6,0,8.547335,0,2.23694,0,5.816044,0,1.11847,1.4,0.4,1.4,91.3,91.3,,Tripod,Other,,20,5,True,,True,False,,Smart,RC,False,True,False,,,True,,False,False,False,False,False,False,False,False,False,False,0,Follow Yaw,-77.9,0,83.1,83.1,False,False,False,False,False,,0,0,False,False,No Card,100,100,1024,1024,1024,1024,2,False,False,False,False,False,0,False,False,False,False,64,,46.032,,6428,,10044,,46.032,,True,3.837,3.837,3.837,3.837,3.837,3.837,3.837,3.837,3.837,3.837,3.837,3.837,0,,False,False,True,,,,,,,,,,,,,,,False,False,20.11,,106.1,,75.7,,106.1,,1185,124,,21,7,149356.9,19914.25,,Idle,,20,,10,,,20,Go Home,False,False,False,False,False,False,False,False,False,False,False,False,33.8027920380556,-117.4659261431046,4022.1,4043.5,1049.4,396.9,True,1,1,False,False,False,False,,True,False,False,Course Lock,196.8,67,16.4,93,W,S,1.78,11.4,Calm,False,True,Android,7.0.2,M300 RTK,1ZN7L4R0H1D00F,1W9DL31001461C,1ZMLH8300204F0,1Z6PH74DAP0QN7,"Corona, CA",728.3,5.7,137.7,8.547347,2.013246,0,0,DJI Matrice 300 RTK,M300 RTK,1ZN7L4R0H1D00F,1W9DL31001461C,1ZMLH8300204F0,1Z6PH74DAP0QN7,DJI Pilot,Android,7.0.2,1EF72A62-B7C3-C88D-164E-CE6F8C8424AE,1ZN7L4R0H1D00F,1W9DL31001461C,,1ZMLH8300204F0,1W9DL31001461C,,,,,
2023-11-01,11:35:35.36 AM,11m 13.0s,673.0,33.7938391441806,-117.4736690204964,-30.1,137.7,21.3,1234,5776.6,0,8.547335,0,2.23694,0,5.816044,0,1.11847,1.3,0.2,1.3,91.3,91.3,,Tripod,Other,,20,5,True,,True,False,,Smart,RC,False,True,False,,,True,,False,False,False,False,False,False,False,False,False,False,0,Follow Yaw,-77.9,0,83.1,83.1,False,False,False,False,False,,0,0,False,False,No Card,100,100,1024,1024,1024,1024,2,False,False,False,False,False,0,False,False,False,False,64,,45.876,,3191,,4986,,45.876,,True,3.837,3.837,3.837,3.837,3.837,3.837,3.837,3.837,3.837,3.837,3.837,3.837,0,,False,False,True,,,,,,,,,,,,,,,False,False,10.286,,105.8,,75.7,,106.1,,1185,124,,21,7,149356.9,19914.25,,Idle,,20,,10,,,20,Go Home,False,False,False,False,False,False,False,False,False,False,False,False,33.8027920380556,-117.4659261431046,4022.1,4043.5,1049.4,396.9,True,1,1,False,False,False,False,,True,False,False,Course Lock,196.8,67,16.4,93,W,S,1.78,11.4,Calm,False,True,Android,7.0.2,M300 RTK,1ZN7L4R0H1D00F,1W9DL31001461C,1ZMLH8300204F0,1Z6PH74DAP0QN7,"Corona, CA",728.3,5.7,137.7,8.547347,2.013246,0,0,DJI Matrice 300 RTK,M300 RTK,1ZN7L4R0H1D00F,1W9DL31001461C,1ZMLH8300204F0,1Z6PH74DAP0QN7,DJI Pilot,Android,7.0.2,1EF72A62-B7C3-C88D-164E-CE6F8C8424AE,1ZN7L4R0H1D00F,1W9DL31001461C,,1ZMLH8300204F0,1W9DL31001461C,,,,,
2023-11-01,11:35:35.46 AM,11m 13.1s,673.1,33.793839134312,-117.4736689400094,-30.1,137.7,21.3,1234,5776.7,0,8.547335,0,2.23694,0,5.816044,0,1.11847,1.2,0.2,1.2,91.3,91.3,,Tripod,Other,,20,5,True,,True,False,,Smart,RC,False,True,False,,,True,,False,False,False,False,False,False,False,False,False,False,0,Follow Yaw,-77.9,0,83.1,83.1,False,False,False,False,False,,0,0,False,False,No Card,100,100,1024,1024,1024,1024,2,False,False,False,False,False,0,False,False,False,False,64,,45.876,,3191,,4986,,45.876,,True,3.837,3.837,3.837,3.837,3.837,3.837,3.837,3.837,3.837,3.837,3.837,3.837,0,,False,False,True,,,,,,,,,,,,,,,False,False,10.286,,105.8,,75.7,,106.1,,1185,124,,21,7,149356.9,19914.25,,Idle,,20,,10,,,20,Go Home,False,False,False,False,False,False,False,False,False,False,False,False,33.8027920380556,-117.4659261431046,4022.1,4043.5,1049.4,396.9,True,1,1,False,False,False,False,,True,False,False,Course Lock,196.8,67,16.4,93,W,S,1.78,11.4,Calm,False,False,Android,7.0.2,M300 RTK,1ZN7L4R0H1D00F,1W9DL31001461C,1ZMLH8300204F0,1Z6PH74DAP0QN7,"Corona, CA",728.3,5.7,137.7,8.547347,2.013246,0,0,DJI Matrice 300 RTK,M300 RTK,1ZN7L4R0H1D00F,1W9DL31001461C,1ZMLH8300204F0,1Z6PH74DAP0QN7,DJI Pilot,Android,7.0.2,1EF72A62-B7C3-C88D-164E-CE6F8C8424AE,1ZN7L4R0H1D00F,1W9DL31001461C,,1ZMLH8300204F0,1W9DL31001461C,,,,,
2023-11-01,11:35:35.56 AM,11m 13.2s,673.2,33.793839130063,-117.473668994767,-30.1,137.7,21.3,1234,5776.7,0,8.547335,0,2.23694,0,5.816044,0,1.11847,1.1,0.1,1.1,91.4,91.4,,Tripod,Other,,20,5,True,,True,False,,Smart,RC,False,True,False,,,True,,False,False,False,False,False,False,False,False,False,False,0,Follow Yaw,-77.9,0,83.1,83.1,False,False,False,False,False,,0,0,False,False,No Card,100,100,1024,1024,1024,1024,2,False,False,False,False,False,0,False,False,False,False,64,,45.876,,3191,,4986,,45.876,,True,3.837,3.837,3.837,3.837,3.837,3.837,3.837,3.837,3.837,3.837,3.837,3.837,0,,False,False,True,,,,,,,,,,,,,,,False,False,10.286,,105.8,,75.7,,106.1,,1185,124,,21,7,149356.9,19914.25,,Idle,,20,,10,,,20,Go Home,False,False,False,False,False,False,False,False,False,False,False,False,33.8027920380556,-117.4659261431046,4022.1,4043.5,1049.4,396.9,True,1,1,False,False,False,False,,True,False,False,Course Lock,196.8,67,16.4,93,W,S,1.78,11.4,Calm,False,True,Android,7.0.2,M300 RTK,1ZN7L4R0H1D00F,1W9DL31001461C,1ZMLH8300204F0,1Z6PH74DAP0QN7,"Corona, CA",728.3,5.7,137.7,8.547347,2.013246,0,0,DJI Matrice 300 RTK,M300 RTK,1ZN7L4R0H1D00F,1W9DL31001461C,1ZMLH8300204F0,1Z6PH74DAP0QN7,DJI Pilot,Android,7.0.2,1EF72A62-B7C3-C88D-164E-CE6F8C8424AE,1ZN7L4R0H1D00F,1W9DL31001461C,,1ZMLH8300204F0,1W9DL31001461C,,,,,
2023-11-01,11:35:35.66 AM,11m 13.3s,673.3,33.7938391431527,-117.4736688933336,-30.1,137.7,21.3,1234,5776.7,0,8.547335,0,2.23694,0,5.816044,0,1.11847,1.2,0.2,1.2,91.4,91.4,,Tripod,Other,,20,5,True,,True,False,,Smart,RC,False,True,False,,,True,,False,False,False,False,False,False,False,False,False,False,0,Follow Yaw,-77.9,0,83.1,83.1,False,False,False,False,False,,0,0,False,False,No Card,100,100,1024,1024,1024,1024,2,False,False,False,False,False,0,False,False,False,False,64,,45.876,,3191,,4986,,45.876,,True,3.829,3.829,3.829,3.829,3.829,3.829,3.829,3.829,3.829,3.829,3.829,3.829,0,,False,False,True,,,,,,,,,,,,,,,False,False,10.286,,105.8,,75.7,,106.1,,1183,124,,21,7,149307.3,19907.64,,Idle,,20,,10,,,20,Go Home,False,False,False,False,False,False,False,False,False,False,False,False,33.8027920380556,-117.4659261431046,4022.1,4043.5,1049.4,396.9,True,1,1,False,False,False,False,,True,False,False,Course Lock,196.8,67,16.4,93,W,S,1.78,11.4,Calm,False,False,Android,7.0.2,M300 RTK,1ZN7L4R0H1D00F,1W9DL31001461C,1ZMLH8300204F0,1Z6PH74DAP0QN7,"Corona, CA",728.3,5.7,137.7,8.547347,2.013246,0,0,DJI Matrice 300 RTK,M300 RTK,1ZN7L4R0H1D00F,1W9DL31001461C,1ZMLH8300204F0,1Z6PH74DAP0QN7,DJI Pilot,Android,7.0.2,1EF72A62-B7C3-C88D-164E-CE6F8C8424AE,1ZN7L4R0H1D00F,1W9DL31001461C,,1ZMLH8300204F0,1W9DL31001461C,,,,,
2023-11-01,11:35:35.76 AM,11m 13.4s,673.4,33.7938391466478,-117.4736689363809,-30.1,137.7,21.3,1234,5776.7,0,8.547335,0,2.23694,0,5.816044,0,1.11847,1.3,0.2,1.3,91.4,91.4,,Tripod,Other,,20,5,True,,True,False,,Smart,RC,False,True,False,,,True,,False,False,False,False,False,False,False,False,False,False,0,Follow Yaw,-77.9,0,83.1,83.1,False,False,False,False,False,,0,0,False,False,No Card,100,100,1024,1024,1024,1024,2,False,False,False,False,False,0,False,False,False,False,64,,45.876,,3191,,4986,,45.876,,True,3.829,3.829,3.829,3.829,3.829,3.829,3.829,3.829,3.829,3.829,3.829,3.829,0,,False,False,True,,,,,,,,,,,,,,,False,False,10.286,,105.8,,75.7,,106.1,,1183,124,,21,7,149307.3,19907.64,,Idle,,20,,10,,,20,Go Home,False,False,False,False,False,False,False,False,False,False,False,False,33.8027920380556,-117.4659261431046,4022.1,4043.5,1049.4,396.9,True,1,1,False,False,False,False,,True,False,False,Course Lock,196.8,67,16.4,93,W,S,1.78,11.4,Calm,False,True,Android,7.0.2,M300 RTK,1ZN7L4R0H1D00F,1W9DL31001461C,1ZMLH8300204F0,1Z6PH74DAP0QN7,"Corona, CA",728.3,5.7,137.7,8.547347,2.013246,0,0,DJI Matrice 300 RTK,M300 RTK,1ZN7L4R0H1D00F,1W9DL31001461C,1ZMLH8300204F0,1Z6PH74DAP0QN7,DJI Pilot,Android,7.0.2,1EF72A62-B7C3-C88D-164E-CE6F8C8424AE,1ZN7L4R0H1D00F,1W9DL31001461C,,1ZMLH8300204F0,1W9DL31001461C,,,,,
2023-11-01,11:35:35.87 AM,11m 13.5s,673.5,33.7938391698117,-117.473669004498,-30.1,137.7,21.3,1234,5776.7,0,8.547335,0,2.23694,0,5.816044,0,1.11847,1.4,0.2,1.4,91.4,91.4,,Tripod,Other,,20,5,True,,True,False,,Smart,RC,False,True,False,,,True,,False,False,False,False,False,False,False,False,False,False,0,Follow Yaw,-77.9,0,83.1,83.1,False,False,False,False,False,,0,0,False,False,No Card,100,100,1024,1024,1024,1024,2,False,False,False,False,False,0,False,False,False,False,64,,45.876,,3191,,4986,,45.876,,True,3.829,3.829,3.829,3.829,3.829,3.829,3.829,3.829,3.829,3.829,3.829,3.829,0,,False,False,True,,,,,,,,,,,,,,,False,False,10.286,,105.8,,75.7,,106.1,,1183,124,,21,7,149307.3,19907.64,,Idle,,20,,10,,,20,Go Home,False,False,False,False,False,False,False,False,False,False,False,False,33.8027920380556,-117.4659261431046,4022.1,4043.5,1049.4,396.9,True,1,1,False,False,False,False,,True,False,False,Course Lock,196.8,67,16.4,93,W,S,1.78,11.4,Calm,False,True,Android,7.0.2,M300 RTK,1ZN7L4R0H1D00F,1W9DL31001461C,1ZMLH8300204F0,1Z6PH74DAP0QN7,"Corona, CA",728.3,5.7,137.7,8.547347,2.013246,0,0,DJI Matrice 300 RTK,M300 RTK,1ZN7L4R0H1D00F,1W9DL31001461C,1ZMLH8300204F0,1Z6PH74DAP0QN7,DJI Pilot,Android,7.0.2,1EF72A62-B7C3-C88D-164E-CE6F8C8424AE,1ZN7L4R0H1D00F,1W9DL31001461C,,1ZMLH8300204F0,1W9DL31001461C,,,,,
2023-11-01,11:35:35.97 AM,11m 13.6s,673.6,33.7938391818734,-117.4736690590906,-30.1,137.7,21.3,1234,5776.8,0,8.547335,0,2.23694,0,5.816044,0,1.11847,1.3,0.2,1.3,91.4,91.4,,Tripod,Other,,20,5,True,,True,False,,Smart,RC,False,True,False,,,True,,False,False,False,False,False,False,False,False,False,False,0,Follow Yaw,-77.9,0,83.1,83.1,False,False,False,False,False,,0,0,False,False,No Card,100,100,1024,1024,1024,1024,2,False,False,False,False,False,0,False,False,False,False,64,,45.876,,3191,,4986,,45.876,,True,3.829,3.829,3.829,3.829,3.829,3.829,3.829,3.829,3.829,3.829,3.829,3.829,0,,False,False,True,,,,,,,,,,,,,,,False,False,10.286,,105.8,,75.7,,106.1,,1183,124,,21,7,149307.3,19907.64,,Idle,,20,,10,,,20,Go Home,False,False,False,False,False,False,False,False,False,False,False,False,33.8027920380556,-117.4659261431046,4022.1,4043.5,1049.4,396.9,True,1,1,False,False,False,False,,True,False,False,Course Lock,196.8,67,16.4,93,W,S,1.78,11.4,Calm,False,True,Android,7.0.2,M300 RTK,1ZN7L4R0H1D00F,1W9DL31001461C,1ZMLH8300204F0,1Z6PH74DAP0QN7,"Corona, CA",728.3,5.7,137.7,8.547347,2.013246,0,0,DJI Matrice 300 RTK,M300 RTK,1ZN7L4R0H1D00F,1W9DL31001461C,1ZMLH8300204F0,1Z6PH74DAP0QN7,DJI Pilot,Android,7.0.2,1EF72A62-B7C3-C88D-164E-CE6F8C8424AE,1ZN7L4R0H1D00F,1W9DL31001461C,,1ZMLH8300204F0,1W9DL31001461C,,,,,
2023-11-01,11:35:36.07 AM,11m 13.7s,673.7,33.7938391982526,-117.4736689754699,-30.1,137.7,21.3,1234,5776.8,0,8.547335,0,2.23694,0,5.816044,0,1.11847,1.2,0.3,1.2,91.4,91.4,,Tripod,Other,,20,5,True,,True,False,,Smart,RC,False,True,False,,,True,,False,False,False,False,False,False,False,False,False,False,0,Follow Yaw,-77.9,0,83.1,83.1,False,False,False,False,False,,0,0,False,False,No Card,100,100,1024,1024,1024,1024,2,False,False,False,False,False,0,False,False,False,False,64,,45.876,,3191,,4986,,45.876,,True,3.829,3.829,3.829,3.829,3.829,3.829,3.829,3.829,3.829,3.829,3.829,3.829,0,,False,False,True,,,,,,,,,,,,,,,False,False,10.286,,105.8,,75.7,,106.1,,1183,124,,21,7,149307.3,19907.64,,Idle,,20,,10,,,20,Go Home,False,False,False,False,False,False,False,False,False,False,False,False,33.8027920380556,-117.4659261431046,4022.1,4043.5,1049.4,396.9,True,1,1,False,False,False,False,,True,False,False,Course Lock,196.8,67,16.4,93,W,S,1.78,11.4,Calm,False,False,Android,7.0.2,M300 RTK,1ZN7L4R0H1D00F,1W9DL31001461C,1ZMLH8300204F0,1Z6PH74DAP0QN7,"Corona, CA",728.3,5.7,137.7,8.547347,2.013246,0,0,DJI Matrice 300 RTK,M300 RTK,1ZN7L4R0H1D00F,1W9DL31001461C,1ZMLH8300204F0,1Z6PH74DAP0QN7,DJI Pilot,Android,7.0.2,1EF72A62-B7C3-C88D-164E-CE6F8C8424AE,1ZN7L4R0H1D00F,1W9DL31001461C,,1ZMLH8300204F0,1W9DL31001461C,,,,,
2023-11-01,11:35:36.17 AM,11m 13.8s,673.8,33.7938392153172,-117.4736690236302,-30.1,137.7,21.3,1234,5776.8,0,8.547335,0,2.23694,0,5.816044,0,1.11847,1.1,0.4,1.1,91.5,91.5,,Tripod,Other,,20,5,True,,True,False,,Smart,RC,False,True,False,,,True,,False,False,False,False,False,False,False,False,False,False,0,Follow Yaw,-77.9,0,83.1,83.1,False,False,False,False,False,,0,0,False,False,No Card,100,100,1024,1024,1024,1024,2,False,False,False,False,False,0,False,False,False,False,64,,45.876,,3191,,4986,,45.876,,True,3.829,3.829,3.829,3.829,3.829,3.829,3.829,3.829,3.829,3.829,3.829,3.829,0,,False,False,True,,,,,,,,,,,,,,,False,False,10.286,,105.8,,75.7,,106.1,,1183,124,,21,7,149307.3,19907.64,,Idle,,20,,10,,,20,Go Home,False,False,False,False,False,False,False,False,False,False,False,False,33.8027920380556,-117.4659261431046,4022.1,4043.5,1049.4,396.9,True,1,1,False,False,False,False,,True,False,False,Course Lock,196.8,67,16.4,93,W,S,1.78,11.4,Calm,False,True,Android,7.0.2,M300 RTK,1ZN7L4R0H1D00F,1W9DL31001461C,1ZMLH8300204F0,1Z6PH74DAP0QN7,"Corona, CA",728.3,5.7,137.7,8.547347,2.013246,0,0,DJI Matrice 300 RTK,M300 RTK,1ZN7L4R0H1D00F,1W9DL31001461C,1ZMLH8300204F0,1Z6PH74DAP0QN7,DJI Pilot,Android,7.0.2,1EF72A62-B7C3-C88D-164E-CE6F8C8424AE,1ZN7L4R0H1D00F,1W9DL31001461C,,1ZMLH8300204F0,1W9DL31001461C,,,,,
2023-11-01,11:35:36.28 AM,11m 13.9s,673.9,33.7938392100402,-117.4736691159098,-30.1,137.7,20.9,1234,5776.8,0,8.547335,0,2.23694,0,5.816044,0,1.11847,1,0.5,1.1,91.5,91.5,,Tripod,Other,,20,5,True,,True,False,,Smart,RC,False,True,False,,,True,,False,False,False,False,False,False,False,False,False,False,0,Follow Yaw,-77.9,0,83.1,83.1,False,False,False,False,False,,0,0,False,False,No Card,100,100,1024,1024,1024,1024,2,False,False,False,False,False,0,False,False,False,False,64,,45.876,,3191,,4986,,45.876,,True,3.829,3.829,3.829,3.829,3.829,3.829,3.829,3.829,3.829,3.829,3.829,3.829,0,,False,False,True,,,,,,,,,,,,,,,False,False,10.286,,105.8,,75.7,,106.1,,1183,124,,21,7,149307.3,19907.64,,Idle,,20,,10,,,20,Go Home,False,False,False,False,False,False,False,False,False,False,False,False,33.8027920380556,-117.4659261431046,4022.1,4043.5,1049.4,396.9,True,1,1,False,False,False,False,,True,False,False,Course Lock,196.8,67,16.4,93,W,S,1.78,11.4,Calm,False,True,Android,7.0.2,M300 RTK,1ZN7L4R0H1D00F,1W9DL31001461C,1ZMLH8300204F0,1Z6PH74DAP0QN7,"Corona, CA",728.3,5.7,137.7,8.547347,2.013246,0,0,DJI Matrice 300 RTK,M300 RTK,1ZN7L4R0H1D00F,1W9DL31001461C,1ZMLH8300204F0,1Z6PH74DAP0QN7,DJI Pilot,Android,7.0.2,1EF72A62-B7C3-C88D-164E-CE6F8C8424AE,1ZN7L4R0H1D00F,1W9DL31001461C,,1ZMLH8300204F0,1W9DL31001461C,,,,,
2023-11-01,11:35:36.38 AM,11m 14.0s,674.0,33.7938392258026,-117.473669166709,-30.1,137.7,21.3,1234,5776.8,0,8.547335,0,2.23694,0,5.816044,0,1.11847,1,0.5,1.1,91.5,91.5,,Tripod,Other,,20,5,True,,True,False,,Smart,RC,False,True,False,,,True,,False,False,False,False,False,False,False,False,False,False,0,Follow Yaw,-77.9,0,83.1,83.1,False,False,False,False,False,,0,0,False,False,No Card,100,100,1024,1024,1024,1024,2,False,False,False,False,False,0,False,False,False,False,64,,45.972,,6428,,10044,,45.972,,True,3.829,3.829,3.829,3.829,3.829,3.829,3.829,3.829,3.829,3.829,3.829,3.829,0,,False,False,True,,,,,,,,,,,,,,,False,False,20.18,,106.1,,75.7,,106.1,,1183,124,,21,7,149307.3,19907.64,,Idle,,20,,10,,,20,Go Home,False,False,False,False,False,False,False,False,False,False,False,False,33.8027920380556,-117.4659261431046,4022.1,4043.5,1049.4,396.9,True,1,1,False,False,False,False,,True,False,False,Course Lock,196.8,67,16.4,93,W,S,1.78,11.4,Calm,False,True,Android,7.0.2,M300 RTK,1ZN7L4R0H1D00F,1W9DL31001461C,1ZMLH8300204F0,1Z6PH74DAP0QN7,"Corona, CA",728.3,5.7,137.7,8.547347,2.013246,0,0,DJI Matrice 300 RTK,M300 RTK,1ZN7L4R0H1D00F,1W9DL31001461C,1ZMLH8300204F0,1Z6PH74DAP0QN7,DJI Pilot,Android,7.0.2,1EF72A62-B7C3-C88D-164E-CE6F8C8424AE,1ZN7L4R0H1D00F,1W9DL31001461C,,1ZMLH8300204F0,1W9DL31001461C,,,,,
2023-11-01,11:35:36.48 AM,11m 14.1s,674.1,33.7938392014051,-117.473669060575,-30.1,137.7,20.9,1234,5776.9,0,8.547335,0,2.23694,0,5.816044,0,1.11847,0.9,0.6,1,91.5,91.5,,Tripod,Other,,20,5,True,,True,False,,Smart,RC,False,True,False,,,True,,False,False,False,False,False,False,False,False,False,False,0,Follow Yaw,-77.9,0,83.1,83.1,False,False,False,False,False,,0,0,False,False,No Card,100,100,1024,1024,1024,1024,2,False,False,False,False,False,0,False,False,False,False,64,,45.972,,6428,,10044,,45.972,,True,3.829,3.829,3.829,3.829,3.829,3.829,3.829,3.829,3.829,3.829,3.829,3.829,0,,False,False,True,,,,,,,,,,,,,,,False,False,20.18,,106.1,,75.7,,106.1,,1183,124,,21,7,149307.3,19907.64,,Idle,,20,,10,,,20,Go Home,False,False,False,False,False,False,False,False,False,False,False,False,33.8027920380556,-117.4659261431046,4022.1,4043.5,1049.4,396.9,True,1,1,False,False,False,False,,True,False,False,Course Lock,196.8,67,16.4,93,W,S,1.78,11.4,Calm,False,False,Android,7.0.2,M300 RTK,1ZN7L4R0H1D00F,1W9DL31001461C,1ZMLH8300204F0,1Z6PH74DAP0QN7,"Corona, CA",728.3,5.7,137.7,8.547347,2.013246,0,0,DJI Matrice 300 RTK,M300 RTK,1ZN7L4R0H1D00F,1W9DL31001461C,1ZMLH8300204F0,1Z6PH74DAP0QN7,DJI Pilot,Android,7.0.2,1EF72A62-B7C3-C88D-164E-CE6F8C8424AE,1ZN7L4R0H1D00F,1W9DL31001461C,,1ZMLH8300204F0,1W9DL31001461C,,,,,
2023-11-01,11:35:36.54 AM,11m 14.2s,674.2,33.7938392131241,-117.4736690927368,-30.1,137.7,20.9,1234,5776.9,0,8.547335,0,2.23694,0,5.816044,0,1.11847,1.1,0.6,1.2,91.5,91.5,,Tripod,Other,,20,5,True,,True,False,,Smart,RC,False,True,False,,,True,,False,False,False,False,False,False,False,False,False,False,0,Follow Yaw,-77.9,0,83.1,83.1,False,False,False,False,False,,0,0,False,False,No Card,100,100,1024,1024,1024,1024,2,False,False,False,False,False,0,False,False,False,False,64,,45.972,,6428,,10044,,45.972,,True,3.829,3.829,3.829,3.829,3.829,3.829,3.829,3.829,3.829,3.829,3.829,3.829,0,,False,False,True,,,,,,,,,,,,,,,False,False,20.18,,106.1,,75.7,,106.1,,1183,124,,21,7,149307.3,19907.64,,Idle,,20,,10,,,20,Go Home,False,False,False,False,False,False,False,False,False,False,False,False,33.8027920380556,-117.4659261431046,4022.1,4043.5,1049.4,396.9,True,1,1,False,False,False,False,,True,False,False,Course Lock,196.8,67,16.4,93,W,S,1.78,11.4,Calm,False,True,Android,7.0.2,M300 RTK,1ZN7L4R0H1D00F,1W9DL31001461C,1ZMLH8300204F0,1Z6PH74DAP0QN7,"Corona, CA",728.3,5.7,137.7,8.547347,2.013246,0,0,DJI Matrice 300 RTK,M300 RTK,1ZN7L4R0H1D00F,1W9DL31001461C,1ZMLH8300204F0,1Z6PH74DAP0QN7,DJI Pilot,Android,7.0.2,1EF72A62-B7C3-C88D-164E-CE6F8C8424AE,1ZN7L4R0H1D00F,1W9DL31001461C,,1ZMLH8300204F0,1W9DL31001461C,,,,,
2023-11-01,11:35:36.64 AM,11m 14.3s,674.3,33.7938393393606,-117.473669148319,-30.1,137.7,20.9,1234,5776.9,0,8.547335,0,2.23694,0,5.816044,0,1.11847,1.2,0.7,1.3,91.5,91.5,,Tripod,Other,,20,5,True,,True,False,,Smart,RC,False,True,False,,,True,,False,False,False,False,False,False,False,False,False,False,0,Follow Yaw,-77.9,0,83.1,83.1,False,False,False,False,False,,0,0,False,False,No Card,100,100,1024,1024,1024,1024,2,False,False,False,False,False,0,False,False,False,False,64,,45.972,,6428,,10044,,45.972,,True,3.83,3.83,3.83,3.83,3.83,3.83,3.83,3.83,3.83,3.83,3.83,3.83,0,,False,False,True,,,,,,,,,,,,,,,False,False,20.18,,106.1,,75.7,,106.1,,1180,124,,21,7,149517.6,19935.68,,Idle,,20,,10,,,20,Go Home,False,False,False,False,False,False,False,False,False,False,False,False,33.8027920380556,-117.4659261431046,4022.0,4043.5,1049.4,396.9,True,1,1,False,False,False,False,,True,False,False,Course Lock,196.8,67,16.4,93,W,S,1.78,11.4,Calm,False,False,Android,7.0.2,M300 RTK,1ZN7L4R0H1D00F,1W9DL31001461C,1ZMLH8300204F0,1Z6PH74DAP0QN7,"Corona, CA",728.3,5.7,137.7,8.547347,2.013246,0,0,DJI Matrice 300 RTK,M300 RTK,1ZN7L4R0H1D00F,1W9DL31001461C,1ZMLH8300204F0,1Z6PH74DAP0QN7,DJI Pilot,Android,7.0.2,1EF72A62-B7C3-C88D-164E-CE6F8C8424AE,1ZN7L4R0H1D00F,1W9DL31001461C,,1ZMLH8300204F0,1W9DL31001461C,,,,,
2023-11-01,11:35:36.74 AM,11m 14.4s,674.4,33.7938393544377,-117.473669185099,-30.1,137.7,20.9,1234,5777.0,0,8.547335,0,2.23694,0,5.816044,0,1.11847,1.2,0.8,1.4,91.4,91.4,,Tripod,Other,,20,5,True,,True,False,,Smart,RC,False,True,False,,,True,,False,False,False,False,False,False,False,False,False,False,0,Follow Yaw,-77.9,0,83.1,83.1,False,False,False,False,False,,0,0,False,False,No Card,100,100,1024,1024,1024,1024,2,False,False,False,False,False,0,False,False,False,False,64,,45.972,,6428,,10044,,45.972,,True,3.83,3.83,3.83,3.83,3.83,3.83,3.83,3.83,3.83,3.83,3.83,3.83,0,,False,False,True,,,,,,,,,,,,,,,False,False,20.18,,106.1,,75.7,,106.1,,1180,124,,21,7,149517.6,19935.68,,Idle,,20,,10,,,20,Go Home,False,False,False,False,False,False,False,False,False,False,False,False,33.8027920380556,-117.4659261431046,4022.0,4043.5,1049.4,396.9,True,1,1,False,False,False,False,,True,False,False,Course Lock,196.8,67,16.4,93,W,S,1.78,11.4,Calm,False,True,Android,7.0.2,M300 RTK,1ZN7L4R0H1D00F,1W9DL31001461C,1ZMLH8300204F0,1Z6PH74DAP0QN7,"Corona, CA",728.3,5.7,137.7,8.547347,2.013246,0,0,DJI Matrice 300 RTK,M300 RTK,1ZN7L4R0H1D00F,1W9DL31001461C,1ZMLH8300204F0,1Z6PH74DAP0QN7,DJI Pilot,Android,7.0.2,1EF72A62-B7C3-C88D-164E-CE6F8C8424AE,1ZN7L4R0H1D00F,1W9DL31001461C,,1ZMLH8300204F0,1W9DL31001461C,,,,,
2023-11-01,11:35:36.84 AM,11m 14.5s,674.5,33.7938391359568,-117.4736690993341,-30.1,137.7,20.9,1234,5777.0,0,8.547335,0,2.23694,0,5.816044,0,1.11847,1.1,0.7,1.3,91.4,91.4,,Tripod,Other,,20,5,True,,True,False,,Smart,RC,False,True,False,,,True,,False,False,False,False,False,False,False,False,False,False,0,Follow Yaw,-77.9,0,83.1,83.1,False,False,False,False,False,,0,0,False,False,No Card,100,100,1024,1024,1024,1024,2,False,False,False,False,False,0,False,False,False,False,64,,45.972,,6428,,10044,,45.972,,True,3.83,3.83,3.83,3.83,3.83,3.83,3.83,3.83,3.83,3.83,3.83,3.83,0,,False,False,True,,,,,,,,,,,,,,,False,False,20.18,,106.1,,75.7,,106.1,,1180,124,,21,7,149517.6,19935.68,,Idle,,20,,10,,,20,Go Home,False,False,False,False,False,False,False,False,False,False,False,False,33.8027920380556,-117.4659261431046,4022.1,4043.5,1049.4,396.9,True,1,1,False,False,False,False,,True,False,False,Course Lock,196.8,67,16.4,93,W,S,1.78,11.4,Calm,False,False,Android,7.0.2,M300 RTK,1ZN7L4R0H1D00F,1W9DL31001461C,1ZMLH8300204F0,1Z6PH74DAP0QN7,"Corona, CA",728.3,5.7,137.7,8.547347,2.013246,0,0,DJI Matrice 300 RTK,M300 RTK,1ZN7L4R0H1D00F,1W9DL31001461C,1ZMLH8300204F0,1Z6PH74DAP0QN7,DJI Pilot,Android,7.0.2,1EF72A62-B7C3-C88D-164E-CE6F8C8424AE,1ZN7L4R0H1D00F,1W9DL31001461C,,1ZMLH8300204F0,1W9DL31001461C,,,,,
2023-11-01,11:35:36.94 AM,11m 14.6s,674.6,33.7938391186866,-117.47366912762,-30.5,137.7,20.9,1233,5777.0,0,8.547335,0,2.23694,0,5.816044,0,1.11847,0.8,0.4,0.8,91.4,91.4,,Tripod,Other,,20,5,True,,True,False,,Smart,RC,False,True,False,,,True,,False,False,False,False,False,False,False,False,False,False,0,Follow Yaw,-77.9,0,83.1,83.1,False,False,False,False,False,,0,0,False,False,No Card,100,100,1024,1024,1024,1024,2,False,False,False,False,False,0,False,False,False,False,64,,45.972,,6428,,10044,,45.972,,True,3.83,3.83,3.83,3.83,3.83,3.83,3.83,3.83,3.83,3.83,3.83,3.83,0,,False,False,True,,,,,,,,,,,,,,,False,False,20.18,,106.1,,75.7,,106.1,,1180,124,,21,7,149517.6,19935.68,,Idle,,20,,10,,,20,Go Home,False,False,False,False,False,False,False,False,False,False,False,False,33.8027920380556,-117.4659261431046,4022.1,4043.5,1049.4,396.9,True,1,1,False,False,False,False,,True,False,False,Course Lock,196.8,67,16.4,93,W,S,1.78,11.4,Calm,False,True,Android,7.0.2,M300 RTK,1ZN7L4R0H1D00F,1W9DL31001461C,1ZMLH8300204F0,1Z6PH74DAP0QN7,"Corona, CA",728.3,5.7,137.7,8.547347,2.013246,0,0,DJI Matrice 300 RTK,M300 RTK,1ZN7L4R0H1D00F,1W9DL31001461C,1ZMLH8300204F0,1Z6PH74DAP0QN7,DJI Pilot,Android,7.0.2,1EF72A62-B7C3-C88D-164E-CE6F8C8424AE,1ZN7L4R0H1D00F,1W9DL31001461C,,1ZMLH8300204F0,1W9DL31001461C,,,,,
2023-11-01,11:35:37.04 AM,11m 14.7s,674.7,33.7938390916849,-117.4736693914293,-30.5,137.7,20.9,1233,5777.1,0,8.547335,0,2.23694,0,5.816044,0,1.11847,0.7,0.2,0.7,91.4,91.4,,Tripod,Other,,20,5,True,,True,False,,Smart,RC,False,True,False,,,True,,False,False,False,False,False,False,False,False,False,False,0,Follow Yaw,-77.9,0,83.1,83.1,False,False,False,False,False,,0,0,False,False,No Card,100,100,1024,1024,1024,1024,2,False,False,False,False,False,0,False,False,False,False,64,,45.936,,3191,,4986,,45.936,,True,3.83,3.83,3.83,3.83,3.83,3.83,3.83,3.83,3.83,3.83,3.83,3.83,0,,False,False,True,,,,,,,,,,,,,,,False,False,9.936,,105.8,,75.7,,106.1,,1180,124,,21,7,149517.6,19935.68,,Idle,,20,,10,,,20,Go Home,False,False,False,False,False,False,False,False,False,False,False,False,33.8027920380556,-117.4659261431046,4022.2,4043.5,1049.4,396.9,True,1,1,False,False,False,False,,True,False,False,Course Lock,196.8,67,16.4,93,W,S,1.78,11.4,Calm,False,True,Android,7.0.2,M300 RTK,1ZN7L4R0H1D00F,1W9DL31001461C,1ZMLH8300204F0,1Z6PH74DAP0QN7,"Corona, CA",728.3,5.7,137.7,8.547347,2.013246,0,0,DJI Matrice 300 RTK,M300 RTK,1ZN7L4R0H1D00F,1W9DL31001461C,1ZMLH8300204F0,1Z6PH74DAP0QN7,DJI Pilot,Android,7.0.2,1EF72A62-B7C3-C88D-164E-CE6F8C8424AE,1ZN7L4R0H1D00F,1W9DL31001461C,,1ZMLH8300204F0,1W9DL31001461C,,,,,
2023-11-01,11:35:37.14 AM,11m 14.8s,674.8,33.7938390747574,-117.4736694244158,-30.5,137.7,20.9,1233,5777.1,0,8.547335,0,2.23694,0,5.816044,0,1.11847,0.7,0.1,0.7,91.4,91.4,,Tripod,Other,,20,5,True,,True,False,,Smart,RC,False,True,False,,,True,,False,False,False,False,False,False,False,False,False,False,0,Follow Yaw,-77.9,0,83.1,83.1,False,False,False,False,False,,0,0,False,False,No Card,100,100,1024,1024,1024,1024,2,False,False,False,False,False,0,False,False,False,False,64,,45.936,,3191,,4986,,45.936,,True,3.83,3.83,3.83,3.83,3.83,3.83,3.83,3.83,3.83,3.83,3.83,3.83,0,,False,False,True,,,,,,,,,,,,,,,False,False,9.936,,105.8,,75.7,,106.1,,1180,124,,21,7,149517.6,19935.68,,Idle,,20,,10,,,20,Go Home,False,False,False,False,False,False,False,False,False,False,False,False,33.8027920380556,-117.4659261431046,4022.2,4043.5,1049.4,396.9,True,1,1,False,False,False,False,,True,False,False,Course Lock,196.8,67,16.4,93,W,S,1.78,11.4,Calm,False,True,Android,7.0.2,M300 RTK,1ZN7L4R0H1D00F,1W9DL31001461C,1ZMLH8300204F0,1Z6PH74DAP0QN7,"Corona, CA",728.3,5.7,137.7,8.547347,2.013246,0,0,DJI Matrice 300 RTK,M300 RTK,1ZN7L4R0H1D00F,1W9DL31001461C,1ZMLH8300204F0,1Z6PH74DAP0QN7,DJI Pilot,Android,7.0.2,1EF72A62-B7C3-C88D-164E-CE6F8C8424AE,1ZN7L4R0H1D00F,1W9DL31001461C,,1ZMLH8300204F0,1W9DL31001461C,,,,,
2023-11-01,11:35:37.24 AM,11m 14.9s,674.9,33.7938392495148,-117.4736693108599,-30.5,137.7,20.9,1233,5777.2,0,8.547335,0,2.23694,0,5.816044,0,1.11847,0.9,0.3,0.9,91.4,91.4,,Tripod,Other,,20,5,True,,True,False,,Smart,RC,False,True,False,,,True,,False,False,False,False,False,False,False,False,False,False,0,Follow Yaw,-77.9,0,83.1,83.1,False,False,False,False,False,,0,0,False,False,No Card,100,100,1024,1024,1024,1024,2,False,False,False,False,False,0,False,False,False,False,64,,45.936,,3191,,4986,,45.936,,True,3.83,3.83,3.83,3.83,3.83,3.83,3.83,3.83,3.83,3.83,3.83,3.83,0,,False,False,True,,,,,,,,,,,,,,,False,False,9.936,,105.8,,75.7,,106.1,,1180,124,,21,7,149517.6,19935.68,,Idle,,20,,10,,,20,Go Home,False,False,False,False,False,False,False,False,False,False,False,False,33.8027920380556,-117.4659261431046,4022.1,4043.5,1049.4,396.9,True,1,1,False,False,False,False,,True,False,False,Course Lock,196.8,67,16.4,93,W,S,1.78,11.4,Calm,False,False,Android,7.0.2,M300 RTK,1ZN7L4R0H1D00F,1W9DL31001461C,1ZMLH8300204F0,1Z6PH74DAP0QN7,"Corona, CA",728.3,5.7,137.7,8.547347,2.013246,0,0,DJI Matrice 300 RTK,M300 RTK,1ZN7L4R0H1D00F,1W9DL31001461C,1ZMLH8300204F0,1Z6PH74DAP0QN7,DJI Pilot,Android,7.0.2,1EF72A62-B7C3-C88D-164E-CE6F8C8424AE,1ZN7L4R0H1D00F,1W9DL31001461C,,1ZMLH8300204F0,1W9DL31001461C,,,,,
2023-11-01,11:35:37.34 AM,11m 15.0s,675.0,33.7938392571904,-117.4736693225701,-30.5,137.7,20.9,1233,5777.2,0,8.547335,0,2.23694,0,5.816044,0,1.11847,1.1,0.5,1.2,91.3,91.3,,Tripod,Other,,21,5,True,,True,False,,Smart,RC,False,True,False,,,True,,False,False,False,False,False,False,False,False,False,False,0,Follow Yaw,-77.9,0,83.1,83.1,False,False,False,False,False,,0,0,False,False,No Card,100,100,1024,1024,1024,1024,2,False,False,False,False,False,0,False,False,False,False,64,,45.96,,6428,,10044,,45.96,,True,3.83,3.83,3.83,3.83,3.83,3.83,3.83,3.83,3.83,3.83,3.83,3.83,0,,False,False,True,,,,,,,,,,,,,,,False,False,19.852,,106.1,,75.7,,106.1,,1180,124,,21,7,149517.6,19935.68,,Idle,,20,,10,,,20,Go Home,False,False,False,False,False,False,False,False,False,False,False,False,33.8027920380556,-117.4659261431046,4022.1,4043.5,1049.4,396.9,True,1,1,False,False,False,False,,True,False,False,Course Lock,196.8,67,16.4,93,W,S,1.78,11.4,Calm,False,True,Android,7.0.2,M300 RTK,1ZN7L4R0H1D00F,1W9DL31001461C,1ZMLH8300204F0,1Z6PH74DAP0QN7,"Corona, CA",728.3,5.7,137.7,8.547347,2.013246,0,0,DJI Matrice 300 RTK,M300 RTK,1ZN7L4R0H1D00F,1W9DL31001461C,1ZMLH8300204F0,1Z6PH74DAP0QN7,DJI Pilot,Android,7.0.2,1EF72A62-B7C3-C88D-164E-CE6F8C8424AE,1ZN7L4R0H1D00F,1W9DL31001461C,,1ZMLH8300204F0,1W9DL31001461C,,,,,
2023-11-01,11:35:37.44 AM,11m 15.1s,675.1,33.7938391227986,-117.4736695446515,-30.5,137.7,20.9,1233,5777.3,0,8.547335,0,2.23694,0,5.816044,0,1.11847,1.1,0.6,1.2,91.3,91.3,,Tripod,Other,,21,5,True,,True,False,,Smart,RC,False,True,False,,,True,,False,False,False,False,False,False,False,False,False,False,0,Follow Yaw,-77.9,0,83.1,83.1,False,False,False,False,False,,0,0,False,False,No Card,100,100,1024,1024,1024,1024,2,False,False,False,False,False,0,False,False,False,False,64,,45.96,,6428,,10044,,45.96,,True,3.83,3.83,3.83,3.83,3.83,3.83,3.83,3.83,3.83,3.83,3.83,3.83,0,,False,False,True,,,,,,,,,,,,,,,False,False,19.852,,106.1,,75.7,,106.1,,1180,124,,21,7,149517.6,19935.68,,Idle,,20,,10,,,20,Go Home,False,False,False,False,False,False,False,False,False,False,False,False,33.8027920380556,-117.4659261431046,4022.2,4043.5,1049.4,396.9,True,1,1,False,False,False,False,,True,False,False,Course Lock,196.8,67,16.4,93,W,S,1.78,11.4,Calm,False,True,Android,7.0.2,M300 RTK,1ZN7L4R0H1D00F,1W9DL31001461C,1ZMLH8300204F0,1Z6PH74DAP0QN7,"Corona, CA",728.3,5.7,137.7,8.547347,2.013246,0,0,DJI Matrice 300 RTK,M300 RTK,1ZN7L4R0H1D00F,1W9DL31001461C,1ZMLH8300204F0,1Z6PH74DAP0QN7,DJI Pilot,Android,7.0.2,1EF72A62-B7C3-C88D-164E-CE6F8C8424AE,1ZN7L4R0H1D00F,1W9DL31001461C,,1ZMLH8300204F0,1W9DL31001461C,,,,,
2023-11-01,11:35:37.54 AM,11m 15.2s,675.2,33.7938391155342,-117.4736695752464,-30.5,137.7,20.9,1233,5777.3,0,8.547335,0,2.23694,0,5.816044,0,1.11847,1.1,0.5,1.2,91.2,91.2,,Tripod,Other,,21,5,True,,True,False,,Smart,RC,False,True,False,,,True,,False,False,False,False,False,False,False,False,False,False,0,Follow Yaw,-77.9,0,83.1,83.1,False,False,False,False,False,,0,0,False,False,No Card,100,100,1024,1024,1024,1024,2,False,False,False,False,False,0,False,False,False,False,64,,45.96,,6428,,10044,,45.96,,True,3.83,3.83,3.83,3.83,3.83,3.83,3.83,3.83,3.83,3.83,3.83,3.83,0,,False,False,True,,,,,,,,,,,,,,,False,False,19.852,,106.1,,75.7,,106.1,,1180,124,,21,7,149517.6,19935.68,,Idle,,20,,10,,,20,Go Home,False,False,False,False,False,False,False,False,False,False,False,False,33.8027920380556,-117.4659261431046,4022.2,4043.5,1049.4,396.9,True,1,1,False,False,False,False,,True,False,False,Course Lock,196.8,67,16.4,93,W,S,1.78,11.4,Calm,False,True,Android,7.0.2,M300 RTK,1ZN7L4R0H1D00F,1W9DL31001461C,1ZMLH8300204F0,1Z6PH74DAP0QN7,"Corona, CA",728.3,5.7,137.7,8.547347,2.013246,0,0,DJI Matrice 300 RTK,M300 RTK,1ZN7L4R0H1D00F,1W9DL31001461C,1ZMLH8300204F0,1Z6PH74DAP0QN7,DJI Pilot,Android,7.0.2,1EF72A62-B7C3-C88D-164E-CE6F8C8424AE,1ZN7L4R0H1D00F,1W9DL31001461C,,1ZMLH8300204F0,1W9DL31001461C,,,,,
2023-11-01,11:35:37.64 AM,11m 15.3s,675.3,33.793839303107,-117.4736696536718,-30.5,137.7,20.9,1233,5777.4,0,8.547335,0,2.23694,0,5.816044,0,1.11847,0.9,0.4,0.9,91.3,91.3,,Tripod,Other,,21,5,True,,True,False,,Smart,RC,False,True,False,,,True,,False,False,False,False,False,False,False,False,False,False,0,Follow Yaw,-77.9,0,83.1,83.1,False,False,False,False,False,,0,0,False,False,No Card,100,100,1024,1024,1024,1024,2,False,False,False,False,False,0,False,False,False,False,64,,45.96,,6428,,10044,,45.96,,True,3.831,3.831,3.831,3.831,3.831,3.831,3.831,3.831,3.831,3.831,3.831,3.831,0,,False,False,True,,,,,,,,,,,,,,,False,False,19.852,,106.1,,75.7,,106.1,,1177,124,,21,7,149794.5,19972.61,,Idle,,20,,10,,,20,Go Home,False,False,False,False,False,False,False,False,False,False,False,False,33.8027920380556,-117.4659261431046,4022.1,4043.5,1049.4,396.9,True,1,1,False,False,False,False,,True,False,False,Course Lock,196.8,67,16.4,93,W,S,1.78,11.4,Calm,False,False,Android,7.0.2,M300 RTK,1ZN7L4R0H1D00F,1W9DL31001461C,1ZMLH8300204F0,1Z6PH74DAP0QN7,"Corona, CA",728.3,5.7,137.7,8.547347,2.013246,0,0,DJI Matrice 300 RTK,M300 RTK,1ZN7L4R0H1D00F,1W9DL31001461C,1ZMLH8300204F0,1Z6PH74DAP0QN7,DJI Pilot,Android,7.0.2,1EF72A62-B7C3-C88D-164E-CE6F8C8424AE,1ZN7L4R0H1D00F,1W9DL31001461C,,1ZMLH8300204F0,1W9DL31001461C,,,,,
2023-11-01,11:35:37.74 AM,11m 15.4s,675.4,33.7938393133869,-117.4736696864109,-30.5,137.7,20.9,1233,5777.4,0,8.547335,0,2.23694,0,5.816044,0,1.11847,0.9,0.4,0.9,91.3,91.3,,Tripod,Other,,21,5,True,,True,False,,Smart,RC,False,True,False,,,True,,False,False,False,False,False,False,False,False,False,False,0,Follow Yaw,-77.9,0,83.1,83.1,False,False,False,False,False,,0,0,False,False,No Card,100,100,1024,1024,1024,1024,2,False,False,False,False,False,0,False,False,False,False,64,,45.96,,6428,,10044,,45.96,,True,3.831,3.831,3.831,3.831,3.831,3.831,3.831,3.831,3.831,3.831,3.831,3.831,0,,False,False,True,,,,,,,,,,,,,,,False,False,19.852,,106.1,,75.7,,106.1,,1177,124,,21,7,149794.5,19972.61,,Idle,,20,,10,,,20,Go Home,False,False,False,False,False,False,False,False,False,False,False,False,33.8027920380556,-117.4659261431046,4022.1,4043.5,1049.4,396.9,True,1,1,False,False,False,False,,True,False,False,Course Lock,196.8,67,16.4,93,W,S,1.78,11.4,Calm,False,True,Android,7.0.2,M300 RTK,1ZN7L4R0H1D00F,1W9DL31001461C,1ZMLH8300204F0,1Z6PH74DAP0QN7,"Corona, CA",728.3,5.7,137.7,8.547347,2.013246,0,0,DJI Matrice 300 RTK,M300 RTK,1ZN7L4R0H1D00F,1W9DL31001461C,1ZMLH8300204F0,1Z6PH74DAP0QN7,DJI Pilot,Android,7.0.2,1EF72A62-B7C3-C88D-164E-CE6F8C8424AE,1ZN7L4R0H1D00F,1W9DL31001461C,,1ZMLH8300204F0,1W9DL31001461C,,,,,
2023-11-01,11:35:37.80 AM,11m 15.5s,675.5,33.793839140754,-117.4736696232418,-30.5,137.7,20.9,1233,5777.5,0,8.547335,0,2.23694,0,5.816044,0,1.11847,1,0.5,1.1,91.3,91.3,,Tripod,Other,,21,5,True,,True,False,,Smart,RC,False,True,False,,,True,,False,False,False,False,False,False,False,False,False,False,0,Follow Yaw,-77.9,0,83.1,83.1,False,False,False,False,False,,0,0,False,False,No Card,100,100,1024,1024,1024,1024,2,False,False,False,False,False,0,False,False,False,False,64,,45.96,,6428,,10044,,45.96,,True,3.831,3.831,3.831,3.831,3.831,3.831,3.831,3.831,3.831,3.831,3.831,3.831,0,,False,False,True,,,,,,,,,,,,,,,False,False,19.852,,106.1,,75.7,,106.1,,1177,124,,21,7,149794.5,19972.61,,Idle,,20,,10,,,20,Go Home,False,False,False,False,False,False,False,False,False,False,False,False,33.8027920380556,-117.4659261431046,4022.2,4043.5,1049.4,396.9,True,1,1,False,False,False,False,,True,False,False,Course Lock,196.8,67,16.4,93,W,S,1.78,11.4,Calm,False,False,Android,7.0.2,M300 RTK,1ZN7L4R0H1D00F,1W9DL31001461C,1ZMLH8300204F0,1Z6PH74DAP0QN7,"Corona, CA",728.3,5.7,137.7,8.547347,2.013246,0,0,DJI Matrice 300 RTK,M300 RTK,1ZN7L4R0H1D00F,1W9DL31001461C,1ZMLH8300204F0,1Z6PH74DAP0QN7,DJI Pilot,Android,7.0.2,1EF72A62-B7C3-C88D-164E-CE6F8C8424AE,1ZN7L4R0H1D00F,1W9DL31001461C,,1ZMLH8300204F0,1W9DL31001461C,,,,,
2023-11-01,11:35:37.94 AM,11m 15.6s,675.6,33.7938391380813,-117.4736696478992,-30.5,137.7,20.9,1233,5777.5,0,8.547335,0,2.23694,0,5.816044,0,1.11847,1.2,0.5,1.3,91.3,91.3,,Tripod,Other,,21,5,True,,True,False,,Smart,RC,False,True,False,,,True,,False,False,False,False,False,False,False,False,False,False,0,Follow Yaw,-77.9,0,83.1,83.1,False,False,False,False,False,,0,0,False,False,No Card,100,100,1024,1024,1024,1024,2,False,False,False,False,False,0,False,False,False,False,64,,45.96,,6428,,10044,,45.96,,True,3.831,3.831,3.831,3.831,3.831,3.831,3.831,3.831,3.831,3.831,3.831,3.831,0,,False,False,True,,,,,,,,,,,,,,,False,False,19.852,,106.1,,75.7,,106.1,,1177,124,,21,7,149794.5,19972.61,,Idle,,20,,10,,,20,Go Home,False,False,False,False,False,False,False,False,False,False,False,False,33.8027920380556,-117.4659261431046,4022.2,4043.5,1049.4,396.9,True,1,1,False,False,False,False,,True,False,False,Course Lock,196.8,67,16.4,93,W,S,1.78,11.4,Calm,False,True,Android,7.0.2,M300 RTK,1ZN7L4R0H1D00F,1W9DL31001461C,1ZMLH8300204F0,1Z6PH74DAP0QN7,"Corona, CA",728.3,5.7,137.7,8.547347,2.013246,0,0,DJI Matrice 300 RTK,M300 RTK,1ZN7L4R0H1D00F,1W9DL31001461C,1ZMLH8300204F0,1Z6PH74DAP0QN7,DJI Pilot,Android,7.0.2,1EF72A62-B7C3-C88D-164E-CE6F8C8424AE,1ZN7L4R0H1D00F,1W9DL31001461C,,1ZMLH8300204F0,1W9DL31001461C,,,,,
2023-11-01,11:35:38.01 AM,11m 15.7s,675.7,33.7938391499374,-117.4736695923994,-30.5,137.7,20.9,1233,5777.5,0,8.547335,0,2.23694,0,5.816044,0,1.11847,1.3,0.4,1.3,91.4,91.4,,Tripod,Other,,21,5,True,,True,False,,Smart,RC,False,True,False,,,True,,False,False,False,False,False,False,False,False,False,False,0,Follow Yaw,-77.9,0,83.1,83.1,False,False,False,False,False,,0,0,False,False,No Card,100,100,1024,1024,1024,1024,2,False,False,False,False,False,0,False,False,False,False,64,,45.96,,6428,,10044,,45.96,,True,3.831,3.831,3.831,3.831,3.831,3.831,3.831,3.831,3.831,3.831,3.831,3.831,0,,False,False,True,,,,,,,,,,,,,,,False,False,19.852,,106.1,,75.7,,106.1,,1177,124,,21,7,149794.5,19972.61,,Idle,,20,,10,,,20,Go Home,False,False,False,False,False,False,False,False,False,False,False,False,33.8027920380556,-117.4659261431046,4022.2,4043.5,1049.4,396.9,True,1,1,False,False,False,False,,True,False,False,Course Lock,196.8,67,16.4,93,W,S,2.01,11.4,Calm,False,False,Android,7.0.2,M300 RTK,1ZN7L4R0H1D00F,1W9DL31001461C,1ZMLH8300204F0,1Z6PH74DAP0QN7,"Corona, CA",728.3,5.7,137.7,8.547347,2.013246,0,0,DJI Matrice 300 RTK,M300 RTK,1ZN7L4R0H1D00F,1W9DL31001461C,1ZMLH8300204F0,1Z6PH74DAP0QN7,DJI Pilot,Android,7.0.2,1EF72A62-B7C3-C88D-164E-CE6F8C8424AE,1ZN7L4R0H1D00F,1W9DL31001461C,,1ZMLH8300204F0,1W9DL31001461C,,,,,
2023-11-01,11:35:38.11 AM,11m 15.8s,675.8,33.7938391432212,-117.47366962151,-30.5,137.7,20.9,1233,5777.5,0,8.547335,0,2.23694,0,5.816044,0,1.11847,1.2,0.3,1.2,91.4,91.4,,Tripod,Other,,21,5,True,,True,False,,Smart,RC,False,True,False,,,True,,False,False,False,False,False,False,False,False,False,False,0,Follow Yaw,-77.9,0,83.1,83.1,False,False,False,False,False,,0,0,False,False,No Card,100,100,1024,1024,1024,1024,2,False,False,False,False,False,0,False,False,False,False,64,,45.96,,6428,,10044,,45.96,,True,3.831,3.831,3.831,3.831,3.831,3.831,3.831,3.831,3.831,3.831,3.831,3.831,0,,False,False,True,,,,,,,,,,,,,,,False,False,19.852,,106.1,,75.7,,106.1,,1177,124,,21,7,149794.5,19972.61,,Idle,,20,,10,,,20,Go Home,False,False,False,False,False,False,False,False,False,False,False,False,33.8027920380556,-117.4659261431046,4022.2,4043.5,1049.4,396.9,True,1,1,False,False,False,False,,True,False,False,Course Lock,196.8,67,16.4,93,W,S,2.01,11.4,Calm,False,True,Android,7.0.2,M300 RTK,1ZN7L4R0H1D00F,1W9DL31001461C,1ZMLH8300204F0,1Z6PH74DAP0QN7,"Corona, CA",728.3,5.7,137.7,8.547347,2.013246,0,0,DJI Matrice 300 RTK,M300 RTK,1ZN7L4R0H1D00F,1W9DL31001461C,1ZMLH8300204F0,1Z6PH74DAP0QN7,DJI Pilot,Android,7.0.2,1EF72A62-B7C3-C88D-164E-CE6F8C8424AE,1ZN7L4R0H1D00F,1W9DL31001461C,,1ZMLH8300204F0,1W9DL31001461C,,,,,
2023-11-01,11:35:38.21 AM,11m 15.9s,675.9,33.7938391431526,-117.4736697516416,-30.5,137.7,20.9,1233,5777.5,0,8.547335,0,2.23694,0,5.816044,0,1.11847,1,0.3,1,91.4,91.4,,Tripod,Other,,21,5,True,,True,False,,Smart,RC,False,True,False,,,True,,False,False,False,False,False,False,False,False,False,False,0,Follow Yaw,-77.9,0,83.1,83.1,False,False,False,False,False,,0,0,False,False,No Card,100,100,1024,1024,1024,1024,2,False,False,False,False,False,0,False,False,False,False,64,,45.96,,6428,,10044,,45.96,,True,3.831,3.831,3.831,3.831,3.831,3.831,3.831,3.831,3.831,3.831,3.831,3.831,0,,False,False,True,,,,,,,,,,,,,,,False,False,19.852,,106.1,,75.7,,106.1,,1177,124,,21,7,149794.5,19972.61,,Idle,,20,,10,,,20,Go Home,False,False,False,False,False,False,False,False,False,False,False,False,33.8027920380556,-117.4659261431046,4022.2,4043.5,1049.4,396.9,True,1,1,False,False,False,False,,True,False,False,Course Lock,196.8,67,16.4,93,W,S,2.01,11.4,Calm,False,True,Android,7.0.2,M300 RTK,1ZN7L4R0H1D00F,1W9DL31001461C,1ZMLH8300204F0,1Z6PH74DAP0QN7,"Corona, CA",728.3,5.7,137.7,8.547347,2.013246,0,0,DJI Matrice 300 RTK,M300 RTK,1ZN7L4R0H1D00F,1W9DL31001461C,1ZMLH8300204F0,1Z6PH74DAP0QN7,DJI Pilot,Android,7.0.2,1EF72A62-B7C3-C88D-164E-CE6F8C8424AE,1ZN7L4R0H1D00F,1W9DL31001461C,,1ZMLH8300204F0,1W9DL31001461C,,,,,
2023-11-01,11:35:38.34 AM,11m 16.0s,676.0,33.7938391362994,-117.4736697958435,-30.5,137.7,20.9,1233,5777.5,0,8.547335,0,2.23694,0,5.816044,0,1.11847,0.9,0.4,0.9,91.3,91.3,,Tripod,Other,,21,5,True,,True,False,,Smart,RC,False,True,False,,,True,,False,False,False,False,False,False,False,False,False,False,0,Follow Yaw,-77.9,0,83.1,83.1,False,False,False,False,False,,0,0,False,False,No Card,100,100,1024,1024,1024,1024,2,False,False,False,False,False,0,False,False,False,False,64,,45.936,,3191,,4986,,45.936,,True,3.831,3.831,3.831,3.831,3.831,3.831,3.831,3.831,3.831,3.831,3.831,3.831,0,,False,False,True,,,,,,,,,,,,,,,False,False,9.968,,105.8,,75.7,,106.1,,1177,124,,21,7,149794.5,19972.61,,Idle,,20,,10,,,20,Go Home,False,False,False,False,False,False,False,False,False,False,False,False,33.8027920380556,-117.4659261431046,4022.2,4043.5,1049.4,396.9,True,1,1,False,False,False,False,,True,False,False,Course Lock,196.8,67,16.4,93,W,S,2.01,11.4,Calm,False,True,Android,7.0.2,M300 RTK,1ZN7L4R0H1D00F,1W9DL31001461C,1ZMLH8300204F0,1Z6PH74DAP0QN7,"Corona, CA",728.3,5.7,137.7,8.547347,2.013246,0,0,DJI Matrice 300 RTK,M300 RTK,1ZN7L4R0H1D00F,1W9DL31001461C,1ZMLH8300204F0,1Z6PH74DAP0QN7,DJI Pilot,Android,7.0.2,1EF72A62-B7C3-C88D-164E-CE6F8C8424AE,1ZN7L4R0H1D00F,1W9DL31001461C,,1ZMLH8300204F0,1W9DL31001461C,,,,,
2023-11-01,11:35:38.41 AM,11m 16.1s,676.1,33.793839131228,-117.4736697485904,-30.5,137.7,20.9,1233,5777.6,0,8.547335,0,2.23694,0,5.816044,0,1.11847,0.8,0.4,0.8,91.3,91.3,,Tripod,Other,,21,5,True,,True,False,,Smart,RC,False,True,False,,,True,,False,False,False,False,False,False,False,False,False,False,0,Follow Yaw,-77.9,0,83.1,83.1,False,False,False,False,False,,0,0,False,False,No Card,100,100,1024,1024,1024,1024,2,False,False,False,False,False,0,False,False,False,False,64,,45.936,,3191,,4986,,45.936,,True,3.831,3.831,3.831,3.831,3.831,3.831,3.831,3.831,3.831,3.831,3.831,3.831,0,,False,False,True,,,,,,,,,,,,,,,False,False,9.968,,105.8,,75.7,,106.1,,1177,124,,21,7,149794.5,19972.61,,Idle,,20,,10,,,20,Go Home,False,False,False,False,False,False,False,False,False,False,False,False,33.8027920380556,-117.4659261431046,4022.2,4043.5,1049.4,396.9,True,1,1,False,False,False,False,,True,False,False,Course Lock,196.8,67,16.4,93,W,S,2.01,11.4,Calm,False,False,Android,7.0.2,M300 RTK,1ZN7L4R0H1D00F,1W9DL31001461C,1ZMLH8300204F0,1Z6PH74DAP0QN7,"Corona, CA",728.3,5.7,137.7,8.547347,2.013246,0,0,DJI Matrice 300 RTK,M300 RTK,1ZN7L4R0H1D00F,1W9DL31001461C,1ZMLH8300204F0,1Z6PH74DAP0QN7,DJI Pilot,Android,7.0.2,1EF72A62-B7C3-C88D-164E-CE6F8C8424AE,1ZN7L4R0H1D00F,1W9DL31001461C,,1ZMLH8300204F0,1W9DL31001461C,,,,,
2023-11-01,11:35:38.52 AM,11m 16.2s,676.2,33.7938391190978,-117.4736697795152,-30.5,137.7,20.9,1233,5777.6,0,8.547335,0,2.23694,0,5.816044,0,1.11847,0.9,0.4,0.9,91.3,91.3,,Tripod,Other,,21,5,True,,True,False,,Smart,RC,False,True,False,,,True,,False,False,False,False,False,False,False,False,False,False,0,Follow Yaw,-77.9,0,83.1,83.1,False,False,False,False,False,,0,0,False,False,No Card,100,100,1024,1024,1024,1024,2,False,False,False,False,False,0,False,False,False,False,64,,45.936,,3191,,4986,,45.936,,True,3.831,3.831,3.831,3.831,3.831,3.831,3.831,3.831,3.831,3.831,3.831,3.831,0,,False,False,True,,,,,,,,,,,,,,,False,False,9.968,,105.8,,75.7,,106.1,,1177,124,,21,7,149794.5,19972.61,,Idle,,20,,10,,,20,Go Home,False,False,False,False,False,False,False,False,False,False,False,False,33.8027920380556,-117.4659261431046,4022.2,4043.5,1049.4,396.9,True,1,1,False,False,False,False,,True,False,False,Course Lock,196.8,67,16.4,93,W,S,2.01,11.4,Calm,False,True,Android,7.0.2,M300 RTK,1ZN7L4R0H1D00F,1W9DL31001461C,1ZMLH8300204F0,1Z6PH74DAP0QN7,"Corona, CA",728.3,5.7,137.7,8.547347,2.013246,0,0,DJI Matrice 300 RTK,M300 RTK,1ZN7L4R0H1D00F,1W9DL31001461C,1ZMLH8300204F0,1Z6PH74DAP0QN7,DJI Pilot,Android,7.0.2,1EF72A62-B7C3-C88D-164E-CE6F8C8424AE,1ZN7L4R0H1D00F,1W9DL31001461C,,1ZMLH8300204F0,1W9DL31001461C,,,,,
2023-11-01,11:35:38.62 AM,11m 16.3s,676.3,33.7938392823418,-117.4736698651976,-30.5,137.7,20.9,1233,5777.6,0,8.547335,0,2.23694,0,5.816044,0,1.11847,1.1,0.2,1.1,91.3,91.3,,Tripod,Other,,21,5,True,,True,False,,Smart,RC,False,True,False,,,True,,False,False,False,False,False,False,False,False,False,False,0,Follow Yaw,-77.9,0,83.1,83.1,False,False,False,False,False,,0,0,False,False,No Card,100,100,1024,1024,1024,1024,2,False,False,False,False,False,0,False,False,False,False,64,,45.936,,3191,,4986,,45.936,,True,3.83,3.83,3.83,3.83,3.83,3.83,3.83,3.83,3.83,3.83,3.83,3.83,0,,False,False,True,,,,,,,,,,,,,,,False,False,9.968,,105.8,,75.7,,106.1,,1175,124,,21,7,149940.5,19992.06,,Idle,,20,,10,,,20,Go Home,False,False,False,False,False,False,False,False,False,False,False,False,33.8027920380556,-117.4659261431046,4022.2,4043.5,1049.4,396.9,True,1,1,False,False,False,False,,True,False,False,Course Lock,196.8,67,16.4,93,W,S,2.01,11.4,Calm,False,True,Android,7.0.2,M300 RTK,1ZN7L4R0H1D00F,1W9DL31001461C,1ZMLH8300204F0,1Z6PH74DAP0QN7,"Corona, CA",728.3,5.7,137.7,8.547347,2.013246,0,0,DJI Matrice 300 RTK,M300 RTK,1ZN7L4R0H1D00F,1W9DL31001461C,1ZMLH8300204F0,1Z6PH74DAP0QN7,DJI Pilot,Android,7.0.2,1EF72A62-B7C3-C88D-164E-CE6F8C8424AE,1ZN7L4R0H1D00F,1W9DL31001461C,,1ZMLH8300204F0,1W9DL31001461C,,,,,
2023-11-01,11:35:38.74 AM,11m 16.4s,676.4,33.793839284946,-117.4736698972769,-30.5,137.7,20.9,1233,5777.6,0,8.547335,0,2.23694,0,5.816044,0,1.11847,1.1,0,1.1,91.4,91.4,,Tripod,Other,,21,5,True,,True,False,,Smart,RC,False,True,False,,,True,,False,False,False,False,False,False,False,False,False,False,0,Follow Yaw,-77.9,0,83.1,83.1,False,False,False,False,False,,0,0,False,False,No Card,100,100,1024,1024,1024,1024,2,False,False,False,False,False,0,False,False,False,False,64,,45.936,,3191,,4986,,45.936,,True,3.83,3.83,3.83,3.83,3.83,3.83,3.83,3.83,3.83,3.83,3.83,3.83,0,,False,False,True,,,,,,,,,,,,,,,False,False,9.968,,105.8,,75.7,,106.1,,1175,124,,21,7,149940.5,19992.06,,Idle,,20,,10,,,20,Go Home,False,False,False,False,False,False,False,False,False,False,False,False,33.8027920380556,-117.4659261431046,4022.2,4043.5,1049.4,396.9,True,1,1,False,False,False,False,,True,False,False,Course Lock,196.8,67,16.4,93,W,S,2.01,11.4,Calm,False,True,Android,7.0.2,M300 RTK,1ZN7L4R0H1D00F,1W9DL31001461C,1ZMLH8300204F0,1Z6PH74DAP0QN7,"Corona, CA",728.3,5.7,137.7,8.547347,2.013246,0,0,DJI Matrice 300 RTK,M300 RTK,1ZN7L4R0H1D00F,1W9DL31001461C,1ZMLH8300204F0,1Z6PH74DAP0QN7,DJI Pilot,Android,7.0.2,1EF72A62-B7C3-C88D-164E-CE6F8C8424AE,1ZN7L4R0H1D00F,1W9DL31001461C,,1ZMLH8300204F0,1W9DL31001461C,,,,,
2023-11-01,11:35:38.83 AM,11m 16.5s,676.5,33.7938392734326,-117.4736699599512,-30.5,137.7,20.9,1233,5777.7,0,8.547335,0,2.23694,0,5.816044,0,1.11847,1,-0.1,1,91.4,91.4,,Tripod,Other,,21,5,True,,True,False,,Smart,RC,False,True,False,,,True,,False,False,False,False,False,False,False,False,False,False,0,Follow Yaw,-77.9,0,83.1,83.1,False,False,False,False,False,,0,0,False,False,No Card,100,100,1024,1024,1024,1024,2,False,False,False,False,False,0,False,False,False,False,64,,45.936,,3191,,4986,,45.936,,True,3.83,3.83,3.83,3.83,3.83,3.83,3.83,3.83,3.83,3.83,3.83,3.83,0,,False,False,True,,,,,,,,,,,,,,,False,False,9.968,,105.8,,75.7,,106.1,,1175,124,,21,7,149940.5,19992.06,,Idle,,20,,10,,,20,Go Home,False,False,False,False,False,False,False,False,False,False,False,False,33.8027920380556,-117.4659261431046,4022.2,4043.5,1049.4,396.9,True,1,1,False,False,False,False,,True,False,False,Course Lock,196.8,67,16.4,93,W,S,2.01,11.4,Calm,False,True,Android,7.0.2,M300 RTK,1ZN7L4R0H1D00F,1W9DL31001461C,1ZMLH8300204F0,1Z6PH74DAP0QN7,"Corona, CA",728.3,5.7,137.7,8.547347,2.013246,0,0,DJI Matrice 300 RTK,M300 RTK,1ZN7L4R0H1D00F,1W9DL31001461C,1ZMLH8300204F0,1Z6PH74DAP0QN7,DJI Pilot,Android,7.0.2,1EF72A62-B7C3-C88D-164E-CE6F8C8424AE,1ZN7L4R0H1D00F,1W9DL31001461C,,1ZMLH8300204F0,1W9DL31001461C,,,,,
2023-11-01,11:35:38.94 AM,11m 16.6s,676.6,33.7938392856998,-117.4736699904637,-30.5,137.7,20.9,1233,5777.7,0,8.547335,0,2.23694,0,5.816044,0,1.11847,0.8,0,0.8,91.4,91.4,,Tripod,Other,,21,5,True,,True,False,,Smart,RC,False,True,False,,,True,,False,False,False,False,False,False,False,False,False,False,0,Follow Yaw,-77.9,0,83.1,83.1,False,False,False,False,False,,0,0,False,False,No Card,100,100,1024,1024,1024,1024,2,False,False,False,False,False,0,False,False,False,False,64,,45.936,,3191,,4986,,45.936,,True,3.83,3.83,3.83,3.83,3.83,3.83,3.83,3.83,3.83,3.83,3.83,3.83,0,,False,False,True,,,,,,,,,,,,,,,False,False,9.968,,105.8,,75.7,,106.1,,1175,124,,21,7,149940.5,19992.06,,Idle,,20,,10,,,20,Go Home,False,False,False,False,False,False,False,False,False,False,False,False,33.8027920380556,-117.4659261431046,4022.2,4043.5,1049.4,396.9,True,1,1,False,False,False,False,,True,False,False,Course Lock,196.8,67,16.4,93,W,S,2.01,11.4,Calm,False,True,Android,7.0.2,M300 RTK,1ZN7L4R0H1D00F,1W9DL31001461C,1ZMLH8300204F0,1Z6PH74DAP0QN7,"Corona, CA",728.3,5.7,137.7,8.547347,2.013246,0,0,DJI Matrice 300 RTK,M300 RTK,1ZN7L4R0H1D00F,1W9DL31001461C,1ZMLH8300204F0,1Z6PH74DAP0QN7,DJI Pilot,Android,7.0.2,1EF72A62-B7C3-C88D-164E-CE6F8C8424AE,1ZN7L4R0H1D00F,1W9DL31001461C,,1ZMLH8300204F0,1W9DL31001461C,,,,,
2023-11-01,11:35:39.03 AM,11m 16.7s,676.7,33.7938393043406,-117.4736699013178,-30.5,137.7,20.9,1233,5777.7,0,8.547335,0,2.23694,0,5.816044,0,1.11847,0.6,0.1,0.6,91.4,91.4,,Tripod,Other,,21,5,True,,True,False,,Smart,RC,False,True,False,,,True,,False,False,False,False,False,False,False,False,False,False,0,Follow Yaw,-77.9,0,83.1,83.1,False,False,False,False,False,,0,0,False,False,No Card,100,100,1024,1024,1024,1024,2,False,False,False,False,False,0,False,False,False,False,64,,45.936,,3191,,4986,,45.936,,True,3.83,3.83,3.83,3.83,3.83,3.83,3.83,3.83,3.83,3.83,3.83,3.83,0,,False,False,True,,,,,,,,,,,,,,,False,False,9.968,,105.8,,75.7,,106.1,,1175,124,,21,7,149940.5,19992.06,,Idle,,20,,10,,,20,Go Home,False,False,False,False,False,False,False,False,False,False,False,False,33.8027920380556,-117.4659261431046,4022.2,4043.5,1049.4,396.9,True,1,1,False,False,False,False,,True,False,False,Course Lock,196.8,67,16.4,93,W,S,2.01,11.4,Calm,False,False,Android,7.0.2,M300 RTK,1ZN7L4R0H1D00F,1W9DL31001461C,1ZMLH8300204F0,1Z6PH74DAP0QN7,"Corona, CA",728.3,5.7,137.7,8.547347,2.013246,0,0,DJI Matrice 300 RTK,M300 RTK,1ZN7L4R0H1D00F,1W9DL31001461C,1ZMLH8300204F0,1Z6PH74DAP0QN7,DJI Pilot,Android,7.0.2,1EF72A62-B7C3-C88D-164E-CE6F8C8424AE,1ZN7L4R0H1D00F,1W9DL31001461C,,1ZMLH8300204F0,1W9DL31001461C,,,,,
2023-11-01,11:35:39.13 AM,11m 16.8s,676.8,33.7938393277787,-117.4736699111312,-30.5,137.7,20.9,1233,5777.7,0,8.547335,0,2.23694,0,5.816044,0,1.11847,0.6,0.3,0.6,91.4,91.4,,Tripod,Other,,21,5,True,,True,False,,Smart,RC,False,True,False,,,True,,False,False,False,False,False,False,False,False,False,False,0,Follow Yaw,-77.9,0,83.1,83.1,False,False,False,False,False,,0,0,False,False,No Card,100,100,1024,1024,1024,1024,2,False,False,False,False,False,0,False,False,False,False,64,,45.936,,3191,,4986,,45.936,,True,3.83,3.83,3.83,3.83,3.83,3.83,3.83,3.83,3.83,3.83,3.83,3.83,0,,False,False,True,,,,,,,,,,,,,,,False,False,9.968,,105.8,,75.7,,106.1,,1175,124,,21,7,149940.5,19992.06,,Idle,,20,,10,,,20,Go Home,False,False,False,False,False,False,False,False,False,False,False,False,33.8027920380556,-117.4659261431046,4022.2,4043.5,1049.4,396.9,True,1,1,False,False,False,False,,True,False,False,Course Lock,196.8,67,16.4,93,W,S,2.01,11.4,Calm,False,False,Android,7.0.2,M300 RTK,1ZN7L4R0H1D00F,1W9DL31001461C,1ZMLH8300204F0,1Z6PH74DAP0QN7,"Corona, CA",728.3,5.7,137.7,8.547347,2.013246,0,0,DJI Matrice 300 RTK,M300 RTK,1ZN7L4R0H1D00F,1W9DL31001461C,1ZMLH8300204F0,1Z6PH74DAP0QN7,DJI Pilot,Android,7.0.2,1EF72A62-B7C3-C88D-164E-CE6F8C8424AE,1ZN7L4R0H1D00F,1W9DL31001461C,,1ZMLH8300204F0,1W9DL31001461C,,,,,
2023-11-01,11:35:39.24 AM,11m 16.9s,676.9,33.7938391792006,-117.4736699818872,-30.5,137.7,20.9,1233,5777.8,0,8.547335,0,2.23694,0,5.816044,0,1.11847,0.7,0.2,0.7,91.3,91.3,,Tripod,Other,,21,5,True,,True,False,,Smart,RC,False,True,False,,,True,,False,False,False,False,False,False,False,False,False,False,0,Follow Yaw,-77.9,0,83.1,83.1,False,False,False,False,False,,0,0,False,False,No Card,100,100,1024,1024,1024,1024,2,False,False,False,False,False,0,False,False,False,False,64,,45.936,,3191,,4986,,45.936,,True,3.83,3.83,3.83,3.83,3.83,3.83,3.83,3.83,3.83,3.83,3.83,3.83,0,,False,False,True,,,,,,,,,,,,,,,False,False,9.968,,105.8,,75.7,,106.1,,1175,124,,21,7,149940.5,19992.06,,Idle,,20,,10,,,20,Go Home,False,False,False,False,False,False,False,False,False,False,False,False,33.8027920380556,-117.4659261431046,4022.2,4043.5,1049.4,396.9,True,1,1,False,False,False,False,,True,False,False,Course Lock,196.8,67,16.4,93,W,S,2.01,11.4,Calm,False,False,Android,7.0.2,M300 RTK,1ZN7L4R0H1D00F,1W9DL31001461C,1ZMLH8300204F0,1Z6PH74DAP0QN7,"Corona, CA",728.3,5.7,137.7,8.547347,2.013246,0,0,DJI Matrice 300 RTK,M300 RTK,1ZN7L4R0H1D00F,1W9DL31001461C,1ZMLH8300204F0,1Z6PH74DAP0QN7,DJI Pilot,Android,7.0.2,1EF72A62-B7C3-C88D-164E-CE6F8C8424AE,1ZN7L4R0H1D00F,1W9DL31001461C,,1ZMLH8300204F0,1W9DL31001461C,,,,,
2023-11-01,11:35:39.34 AM,11m 17.0s,677.0,33.7938391866021,-117.4736699860105,-30.5,137.7,20.9,1233,5777.8,0,8.547335,0,2.23694,0,5.816044,0,1.11847,0.8,0.1,0.8,91.3,91.3,,Tripod,Other,,21,5,True,,True,False,,Smart,RC,False,True,False,,,True,,False,False,False,False,False,False,False,False,False,False,0,Follow Yaw,-77.9,0,83.1,83.1,False,False,False,False,False,,0,0,False,False,No Card,100,100,1024,1024,1024,1024,2,False,False,False,False,False,0,False,False,False,False,64,,45.972,,6428,,10044,,45.972,,True,3.83,3.83,3.83,3.83,3.83,3.83,3.83,3.83,3.83,3.83,3.83,3.83,0,,False,False,True,,,,,,,,,,,,,,,False,False,19.702,,106.1,,75.7,,106.1,,1175,124,,21,7,149940.5,19992.06,,Idle,,20,,10,,,20,Go Home,False,False,False,False,False,False,False,False,False,False,False,False,33.8027920380556,-117.4659261431046,4022.2,4043.5,1049.4,396.9,True,1,1,False,False,False,False,,True,False,False,Course Lock,196.8,67,16.4,93,W,S,2.01,11.4,Calm,False,True,Android,7.0.2,M300 RTK,1ZN7L4R0H1D00F,1W9DL31001461C,1ZMLH8300204F0,1Z6PH74DAP0QN7,"Corona, CA",728.3,5.7,137.7,8.547347,2.013246,0,0,DJI Matrice 300 RTK,M300 RTK,1ZN7L4R0H1D00F,1W9DL31001461C,1ZMLH8300204F0,1Z6PH74DAP0QN7,DJI Pilot,Android,7.0.2,1EF72A62-B7C3-C88D-164E-CE6F8C8424AE,1ZN7L4R0H1D00F,1W9DL31001461C,,1ZMLH8300204F0,1W9DL31001461C,,,,,
2023-11-01,11:35:39.44 AM,11m 17.1s,677.1,33.7938391935924,-117.4736697507345,-30.5,137.7,20.9,1233,5777.8,0,8.547335,0,2.23694,0,5.816044,0,1.11847,1,0,1,91.3,91.3,,Tripod,Other,,21,5,True,,True,False,,Smart,RC,False,True,False,,,True,,False,False,False,False,False,False,False,False,False,False,0,Follow Yaw,-77.9,0,83.1,83.1,False,False,False,False,False,,0,0,False,False,No Card,100,100,1024,1024,1024,1024,2,False,False,False,False,False,0,False,False,False,False,64,,45.972,,6428,,10044,,45.972,,True,3.83,3.83,3.83,3.83,3.83,3.83,3.83,3.83,3.83,3.83,3.83,3.83,0,,False,False,True,,,,,,,,,,,,,,,False,False,19.702,,106.1,,75.7,,106.1,,1175,124,,21,7,149940.5,19992.06,,Idle,,20,,10,,,20,Go Home,False,False,False,False,False,False,False,False,False,False,False,False,33.8027920380556,-117.4659261431046,4022.2,4043.5,1049.4,396.9,True,1,1,False,False,False,False,,True,False,False,Course Lock,196.8,67,16.4,93,W,S,2.01,11.4,Calm,False,False,Android,7.0.2,M300 RTK,1ZN7L4R0H1D00F,1W9DL31001461C,1ZMLH8300204F0,1Z6PH74DAP0QN7,"Corona, CA",728.3,5.7,137.7,8.547347,2.013246,0,0,DJI Matrice 300 RTK,M300 RTK,1ZN7L4R0H1D00F,1W9DL31001461C,1ZMLH8300204F0,1Z6PH74DAP0QN7,DJI Pilot,Android,7.0.2,1EF72A62-B7C3-C88D-164E-CE6F8C8424AE,1ZN7L4R0H1D00F,1W9DL31001461C,,1ZMLH8300204F0,1W9DL31001461C,,,,,
2023-11-01,11:35:39.54 AM,11m 17.2s,677.2,33.7938392064765,-117.47366973119,-30.5,137.7,20.9,1233,5777.9,0,8.547335,0,2.23694,0,5.816044,0,1.11847,1,-0.1,1,91.3,91.3,,Tripod,Other,,21,5,True,,True,False,,Smart,RC,False,True,False,,,True,,False,False,False,False,False,False,False,False,False,False,0,Follow Yaw,-77.9,0,83.1,83.1,False,False,False,False,False,,0,0,False,False,No Card,100,100,1024,1024,1024,1024,2,False,False,False,False,False,0,False,False,False,False,64,,45.972,,6428,,10044,,45.972,,True,3.83,3.83,3.83,3.83,3.83,3.83,3.83,3.83,3.83,3.83,3.83,3.83,0,,False,False,True,,,,,,,,,,,,,,,False,False,19.702,,106.1,,75.7,,106.1,,1175,124,,21,7,149940.5,19992.06,,Idle,,20,,10,,,20,Go Home,False,False,False,False,False,False,False,False,False,False,False,False,33.8027920380556,-117.4659261431046,4022.2,4043.5,1049.4,396.9,True,1,1,False,False,False,False,,True,False,False,Course Lock,196.8,67,16.4,93,W,S,2.01,11.4,Calm,False,False,Android,7.0.2,M300 RTK,1ZN7L4R0H1D00F,1W9DL31001461C,1ZMLH8300204F0,1Z6PH74DAP0QN7,"Corona, CA",728.3,5.7,137.7,8.547347,2.013246,0,0,DJI Matrice 300 RTK,M300 RTK,1ZN7L4R0H1D00F,1W9DL31001461C,1ZMLH8300204F0,1Z6PH74DAP0QN7,DJI Pilot,Android,7.0.2,1EF72A62-B7C3-C88D-164E-CE6F8C8424AE,1ZN7L4R0H1D00F,1W9DL31001461C,,1ZMLH8300204F0,1W9DL31001461C,,,,,
2023-11-01,11:35:39.64 AM,11m 17.3s,677.3,33.7938392030499,-117.4736697358081,-30.5,137.7,20.9,1233,5777.9,0,8.547335,0,2.23694,0,5.816044,0,1.11847,1,-0.1,1,91.4,91.4,,Tripod,Other,,21,5,True,,True,False,,Smart,RC,False,True,False,,,True,,False,False,False,False,False,False,False,False,False,False,0,Follow Yaw,-77.9,0,83.1,83.1,False,False,False,False,False,,0,0,False,False,No Card,100,100,1024,1024,1024,1024,2,False,False,False,False,False,0,False,False,False,False,64,,45.972,,6428,,10044,,45.972,,True,3.83,3.83,3.83,3.83,3.83,3.83,3.83,3.83,3.83,3.83,3.83,3.83,0,,False,False,True,,,,,,,,,,,,,,,False,False,19.702,,106.1,,75.7,,106.1,,1173,124,,21,7,149910.2,19988.02,,Idle,,20,,10,,,20,Go Home,False,False,False,False,False,False,False,False,False,False,False,False,33.8027920380556,-117.4659261431046,4022.2,4043.5,1049.4,396.9,True,1,1,False,False,False,False,,True,False,False,Course Lock,196.8,67,16.4,93,W,S,2.01,11.4,Calm,False,True,Android,7.0.2,M300 RTK,1ZN7L4R0H1D00F,1W9DL31001461C,1ZMLH8300204F0,1Z6PH74DAP0QN7,"Corona, CA",728.3,5.7,137.7,8.547347,2.013246,0,0,DJI Matrice 300 RTK,M300 RTK,1ZN7L4R0H1D00F,1W9DL31001461C,1ZMLH8300204F0,1Z6PH74DAP0QN7,DJI Pilot,Android,7.0.2,1EF72A62-B7C3-C88D-164E-CE6F8C8424AE,1ZN7L4R0H1D00F,1W9DL31001461C,,1ZMLH8300204F0,1W9DL31001461C,,,,,
2023-11-01,11:35:39.75 AM,11m 17.4s,677.4,33.7938392269677,-117.4736697195623,-30.5,137.7,20.9,1233,5777.9,0,8.547335,0,2.23694,0,5.816044,0,1.11847,0.9,0,0.9,91.5,91.5,,Tripod,Other,,21,5,True,,True,False,,Smart,RC,False,True,False,,,True,,False,False,False,False,False,False,False,False,False,False,0,Follow Yaw,-77.9,0,83.1,83.1,False,False,False,False,False,,0,0,False,False,No Card,100,100,1024,1024,1024,1024,2,False,False,False,False,False,0,False,False,False,False,64,,45.972,,6428,,10044,,45.972,,True,3.83,3.83,3.83,3.83,3.83,3.83,3.83,3.83,3.83,3.83,3.83,3.83,0,,False,False,True,,,,,,,,,,,,,,,False,False,19.702,,106.1,,75.7,,106.1,,1173,124,,21,7,149910.2,19988.02,,Idle,,20,,10,,,20,Go Home,False,False,False,False,False,False,False,False,False,False,False,False,33.8027920380556,-117.4659261431046,4022.2,4043.5,1049.4,396.9,True,1,1,False,False,False,False,,True,False,False,Course Lock,196.8,67,16.4,93,W,S,2.01,11.4,Calm,False,False,Android,7.0.2,M300 RTK,1ZN7L4R0H1D00F,1W9DL31001461C,1ZMLH8300204F0,1Z6PH74DAP0QN7,"Corona, CA",728.3,5.7,137.7,8.547347,2.013246,0,0,DJI Matrice 300 RTK,M300 RTK,1ZN7L4R0H1D00F,1W9DL31001461C,1ZMLH8300204F0,1Z6PH74DAP0QN7,DJI Pilot,Android,7.0.2,1EF72A62-B7C3-C88D-164E-CE6F8C8424AE,1ZN7L4R0H1D00F,1W9DL31001461C,,1ZMLH8300204F0,1W9DL31001461C,,,,,
2023-11-01,11:35:39.85 AM,11m 17.5s,677.5,33.7938390753057,-117.4736697537858,-30.5,137.7,20.9,1233,5777.9,0,8.547335,0,2.23694,0,5.816044,0,1.11847,0.9,0.2,0.9,91.6,91.6,,Tripod,Other,,21,5,True,,True,False,,Smart,RC,False,True,False,,,True,,False,False,False,False,False,False,False,False,False,False,0,Follow Yaw,-77.9,0,83.1,83.1,False,False,False,False,False,,0,0,False,False,No Card,100,100,1024,1024,1024,1024,2,False,False,False,False,False,0,False,False,False,False,64,,45.972,,6428,,10044,,45.972,,True,3.83,3.83,3.83,3.83,3.83,3.83,3.83,3.83,3.83,3.83,3.83,3.83,0,,False,False,True,,,,,,,,,,,,,,,False,False,19.702,,106.1,,75.7,,106.1,,1173,124,,21,7,149910.2,19988.02,,Idle,,20,,10,,,20,Go Home,False,False,False,False,False,False,False,False,False,False,False,False,33.8027920380556,-117.4659261431046,4022.2,4043.5,1049.4,396.9,True,1,1,False,False,False,False,,True,False,False,Course Lock,196.8,67,16.4,93,W,S,2.01,11.4,Calm,False,False,Android,7.0.2,M300 RTK,1ZN7L4R0H1D00F,1W9DL31001461C,1ZMLH8300204F0,1Z6PH74DAP0QN7,"Corona, CA",728.3,5.7,137.7,8.547347,2.013246,0,0,DJI Matrice 300 RTK,M300 RTK,1ZN7L4R0H1D00F,1W9DL31001461C,1ZMLH8300204F0,1Z6PH74DAP0QN7,DJI Pilot,Android,7.0.2,1EF72A62-B7C3-C88D-164E-CE6F8C8424AE,1ZN7L4R0H1D00F,1W9DL31001461C,,1ZMLH8300204F0,1W9DL31001461C,,,,,
2023-11-01,11:35:39.95 AM,11m 17.6s,677.6,33.7938390864765,-117.4736697394366,-30.5,137.7,20.9,1233,5777.9,0,8.547335,0,2.23694,0,5.816044,0,1.11847,0.9,0.3,0.9,91.6,91.6,,Tripod,Other,,21,5,True,,True,False,,Smart,RC,False,True,False,,,True,,False,False,False,False,False,False,False,False,False,False,0,Follow Yaw,-77.9,0,83.1,83.1,False,False,False,False,False,,0,0,False,False,No Card,100,100,1024,1024,1024,1024,2,False,False,False,False,False,0,False,False,False,False,64,,45.972,,6428,,10044,,45.972,,True,3.83,3.83,3.83,3.83,3.83,3.83,3.83,3.83,3.83,3.83,3.83,3.83,0,,False,False,True,,,,,,,,,,,,,,,False,False,19.702,,106.1,,75.7,,106.1,,1173,124,,21,7,149910.2,19988.02,,Idle,,20,,10,,,20,Go Home,False,False,False,False,False,False,False,False,False,False,False,False,33.8027920380556,-117.4659261431046,4022.2,4043.5,1049.4,396.9,True,1,1,False,False,False,False,,True,False,False,Course Lock,196.8,67,16.4,93,W,S,2.01,11.4,Calm,False,False,Android,7.0.2,M300 RTK,1ZN7L4R0H1D00F,1W9DL31001461C,1ZMLH8300204F0,1Z6PH74DAP0QN7,"Corona, CA",728.3,5.7,137.7,8.547347,2.013246,0,0,DJI Matrice 300 RTK,M300 RTK,1ZN7L4R0H1D00F,1W9DL31001461C,1ZMLH8300204F0,1Z6PH74DAP0QN7,DJI Pilot,Android,7.0.2,1EF72A62-B7C3-C88D-164E-CE6F8C8424AE,1ZN7L4R0H1D00F,1W9DL31001461C,,1ZMLH8300204F0,1W9DL31001461C,,,,,
2023-11-01,11:35:40.05 AM,11m 17.7s,677.7,33.7938390914793,-117.4736697588987,-30.5,137.7,20.9,1233,5777.9,0,8.547335,0,2.23694,0,5.816044,0,1.11847,0.9,0.4,0.9,91.6,91.6,,Tripod,Other,,21,5,True,,True,False,,Smart,RC,False,True,False,,,True,,False,False,False,False,False,False,False,False,False,False,0,Follow Yaw,-77.9,0,83.1,83.1,False,False,False,False,False,,0,0,False,False,No Card,100,100,1024,1024,1024,1024,2,False,False,False,False,False,0,False,False,False,False,64,,45.948,,3191,,4986,,45.948,,True,3.83,3.83,3.83,3.83,3.83,3.83,3.83,3.83,3.83,3.83,3.83,3.83,0,,False,False,True,,,,,,,,,,,,,,,False,False,9.802,,105.8,,75.7,,106.1,,1173,124,,21,7,149910.2,19988.02,,Idle,,20,,10,,,20,Go Home,False,False,False,False,False,False,False,False,False,False,False,False,33.8027920380556,-117.4659261431046,4022.2,4043.5,1049.4,396.9,True,1,1,False,False,False,False,,True,False,False,Course Lock,196.8,67,16.4,93,W,S,2.01,11.4,Calm,False,True,Android,7.0.2,M300 RTK,1ZN7L4R0H1D00F,1W9DL31001461C,1ZMLH8300204F0,1Z6PH74DAP0QN7,"Corona, CA",728.3,5.7,137.7,8.547347,2.013246,0,0,DJI Matrice 300 RTK,M300 RTK,1ZN7L4R0H1D00F,1W9DL31001461C,1ZMLH8300204F0,1Z6PH74DAP0QN7,DJI Pilot,Android,7.0.2,1EF72A62-B7C3-C88D-164E-CE6F8C8424AE,1ZN7L4R0H1D00F,1W9DL31001461C,,1ZMLH8300204F0,1W9DL31001461C,,,,,
2023-11-01,11:35:40.16 AM,11m 17.8s,677.8,33.7938390971675,-117.4736697443022,-30.5,137.7,20.9,1233,5777.9,0,8.547335,0,2.23694,0,5.816044,0,1.11847,1,0.5,1.1,91.6,91.6,,Tripod,Other,,21,5,True,,True,False,,Smart,RC,False,True,False,,,True,,False,False,False,False,False,False,False,False,False,False,0,Follow Yaw,-77.9,0,83.1,83.1,False,False,False,False,False,,0,0,False,False,No Card,100,100,1024,1024,1024,1024,2,False,False,False,False,False,0,False,False,False,False,64,,45.948,,3191,,4986,,45.948,,True,3.83,3.83,3.83,3.83,3.83,3.83,3.83,3.83,3.83,3.83,3.83,3.83,0,,False,False,True,,,,,,,,,,,,,,,False,False,9.802,,105.8,,75.7,,106.1,,1173,124,,21,7,149910.2,19988.02,,Idle,,20,,10,,,20,Go Home,False,False,False,False,False,False,False,False,False,False,False,False,33.8027920380556,-117.4659261431046,4022.2,4043.5,1049.4,396.9,True,1,1,False,False,False,False,,True,False,False,Course Lock,196.8,67,16.4,93,W,S,2.01,11.4,Calm,False,False,Android,7.0.2,M300 RTK,1ZN7L4R0H1D00F,1W9DL31001461C,1ZMLH8300204F0,1Z6PH74DAP0QN7,"Corona, CA",728.3,5.7,137.7,8.547347,2.013246,0,0,DJI Matrice 300 RTK,M300 RTK,1ZN7L4R0H1D00F,1W9DL31001461C,1ZMLH8300204F0,1Z6PH74DAP0QN7,DJI Pilot,Android,7.0.2,1EF72A62-B7C3-C88D-164E-CE6F8C8424AE,1ZN7L4R0H1D00F,1W9DL31001461C,,1ZMLH8300204F0,1W9DL31001461C,,,,,
2023-11-01,11:35:40.26 AM,11m 17.9s,677.9,33.7938390560481,-117.473669743395,-30.5,137.7,20.9,1233,5778.0,0,8.547335,0,2.23694,0,5.816044,0,1.11847,1.1,0.4,1.1,91.6,91.6,,Tripod,Other,,21,5,True,,True,False,,Smart,RC,False,True,False,,,True,,False,False,False,False,False,False,False,False,False,False,0,Follow Yaw,-77.9,0,83.1,83.1,False,False,False,False,False,,0,0,False,False,No Card,100,100,1024,1024,1024,1024,2,False,False,False,False,False,0,False,False,False,False,64,,45.948,,3191,,4986,,45.948,,True,3.83,3.83,3.83,3.83,3.83,3.83,3.83,3.83,3.83,3.83,3.83,3.83,0,,False,False,True,,,,,,,,,,,,,,,False,False,9.802,,105.8,,75.7,,106.1,,1173,124,,21,7,149910.2,19988.02,,Idle,,20,,10,,,20,Go Home,False,False,False,False,False,False,False,False,False,False,False,False,33.8027920380556,-117.4659261431046,4022.2,4043.5,1049.4,396.9,True,1,1,False,False,False,False,,True,False,False,Course Lock,196.8,67,16.4,93,W,S,2.01,11.4,Calm,False,False,Android,7.0.2,M300 RTK,1ZN7L4R0H1D00F,1W9DL31001461C,1ZMLH8300204F0,1Z6PH74DAP0QN7,"Corona, CA",728.3,5.7,137.7,8.547347,2.013246,0,0,DJI Matrice 300 RTK,M300 RTK,1ZN7L4R0H1D00F,1W9DL31001461C,1ZMLH8300204F0,1Z6PH74DAP0QN7,DJI Pilot,Android,7.0.2,1EF72A62-B7C3-C88D-164E-CE6F8C8424AE,1ZN7L4R0H1D00F,1W9DL31001461C,,1ZMLH8300204F0,1W9DL31001461C,,,,,
2023-11-01,11:35:40.36 AM,11m 18.0s,678.0,33.7938390523474,-117.4736697323446,-30.5,137.7,20.9,1233,5778.0,0,8.547335,0,2.23694,0,5.816044,0,1.11847,1.1,0.3,1.1,91.5,91.5,,Tripod,Other,,21,5,True,,True,False,,Smart,RC,False,True,False,,,True,,False,False,False,False,False,False,False,False,False,False,0,Follow Yaw,-77.9,0,83.1,83.1,False,False,False,False,False,,0,0,False,False,No Card,100,100,1024,1024,1024,1024,2,False,False,False,False,False,0,False,False,False,False,64,,45.984,,6428,,10044,,45.984,,True,3.83,3.83,3.83,3.83,3.83,3.83,3.83,3.83,3.83,3.83,3.83,3.83,0,,False,False,True,,,,,,,,,,,,,,,False,False,19.566,,106.1,,75.7,,106.1,,1173,124,,21,7,149910.2,19988.02,,Idle,,20,,10,,,20,Go Home,False,False,False,False,False,False,False,False,False,False,False,False,33.8027920380556,-117.4659261431046,4022.2,4043.5,1049.4,396.9,True,1,1,False,False,False,False,,True,False,False,Course Lock,196.8,67,16.4,93,W,S,2.01,11.4,Calm,False,False,Android,7.0.2,M300 RTK,1ZN7L4R0H1D00F,1W9DL31001461C,1ZMLH8300204F0,1Z6PH74DAP0QN7,"Corona, CA",728.3,5.7,137.7,8.547347,2.013246,0,0,DJI Matrice 300 RTK,M300 RTK,1ZN7L4R0H1D00F,1W9DL31001461C,1ZMLH8300204F0,1Z6PH74DAP0QN7,DJI Pilot,Android,7.0.2,1EF72A62-B7C3-C88D-164E-CE6F8C8424AE,1ZN7L4R0H1D00F,1W9DL31001461C,,1ZMLH8300204F0,1W9DL31001461C,,,,,
2023-11-01,11:35:40.46 AM,11m 18.1s,678.1,33.7938390263051,-117.4736695984194,-30.5,137.7,20.9,1233,5778.0,0,8.547335,0,2.23694,0,5.816044,0,1.11847,1.1,0.3,1.1,91.5,91.5,,Tripod,Other,,21,5,True,,True,False,,Smart,RC,False,True,False,,,True,,False,False,False,False,False,False,False,False,False,False,0,Follow Yaw,-77.9,0,83.1,83.1,False,False,False,False,False,,0,0,False,False,No Card,100,100,1024,1024,1024,1024,2,False,False,False,False,False,0,False,False,False,False,64,,45.984,,6428,,10044,,45.984,,True,3.83,3.83,3.83,3.83,3.83,3.83,3.83,3.83,3.83,3.83,3.83,3.83,0,,False,False,True,,,,,,,,,,,,,,,False,False,19.566,,106.1,,75.7,,106.1,,1173,124,,21,7,149910.2,19988.02,,Idle,,20,,10,,,20,Go Home,False,False,False,False,False,False,False,False,False,False,False,False,33.8027920380556,-117.4659261431046,4022.2,4043.5,1049.4,396.9,True,1,1,False,False,False,False,,True,False,False,Course Lock,196.8,67,16.4,93,W,S,2.01,11.4,Calm,False,False,Android,7.0.2,M300 RTK,1ZN7L4R0H1D00F,1W9DL31001461C,1ZMLH8300204F0,1Z6PH74DAP0QN7,"Corona, CA",728.3,5.7,137.7,8.547347,2.013246,0,0,DJI Matrice 300 RTK,M300 RTK,1ZN7L4R0H1D00F,1W9DL31001461C,1ZMLH8300204F0,1Z6PH74DAP0QN7,DJI Pilot,Android,7.0.2,1EF72A62-B7C3-C88D-164E-CE6F8C8424AE,1ZN7L4R0H1D00F,1W9DL31001461C,,1ZMLH8300204F0,1W9DL31001461C,,,,,
2023-11-01,11:35:40.56 AM,11m 18.2s,678.2,33.7938390206169,-117.4736695771432,-30.5,137.7,20.9,1233,5778.0,0,8.547335,0,2.23694,0,5.816044,0,1.11847,1.1,0.3,1.1,91.4,91.4,,Tripod,Other,,21,5,True,,True,False,,Smart,RC,False,True,False,,,True,,False,False,False,False,False,False,False,False,False,False,0,Follow Yaw,-77.9,0,83.1,83.1,False,False,False,False,False,,0,0,False,False,No Card,100,100,1024,1024,1024,1024,2,False,False,False,False,False,0,False,False,False,False,64,,45.984,,6428,,10044,,45.984,,True,3.83,3.83,3.83,3.83,3.83,3.83,3.83,3.83,3.83,3.83,3.83,3.83,0,,False,False,True,,,,,,,,,,,,,,,False,False,19.566,,106.1,,75.7,,106.1,,1173,124,,21,7,149910.2,19988.02,,Idle,,20,,10,,,20,Go Home,False,False,False,False,False,False,False,False,False,False,False,False,33.8027920380556,-117.4659261431046,4022.2,4043.5,1049.4,396.9,True,1,1,False,False,False,False,,True,False,False,Course Lock,196.8,67,16.4,93,W,S,2.01,11.4,Calm,False,False,Android,7.0.2,M300 RTK,1ZN7L4R0H1D00F,1W9DL31001461C,1ZMLH8300204F0,1Z6PH74DAP0QN7,"Corona, CA",728.3,5.7,137.7,8.547347,2.013246,0,0,DJI Matrice 300 RTK,M300 RTK,1ZN7L4R0H1D00F,1W9DL31001461C,1ZMLH8300204F0,1Z6PH74DAP0QN7,DJI Pilot,Android,7.0.2,1EF72A62-B7C3-C88D-164E-CE6F8C8424AE,1ZN7L4R0H1D00F,1W9DL31001461C,,1ZMLH8300204F0,1W9DL31001461C,,,,,
2023-11-01,11:35:40.67 AM,11m 18.3s,678.3,33.7938390200001,-117.4736696262106,-30.5,137.7,20.9,1233,5778.0,0,8.547335,0,2.23694,0,5.816044,0,1.11847,1.1,0.2,1.1,91.4,91.4,,Tripod,Other,,21,5,True,,True,False,,Smart,RC,False,True,False,,,True,,False,False,False,False,False,False,False,False,False,False,0,Follow Yaw,-77.9,0,83.1,83.1,False,False,False,False,False,,0,0,False,False,No Card,100,100,1024,1024,1024,1024,2,False,False,False,False,False,0,False,False,False,False,64,,45.984,,6428,,10044,,45.984,,True,3.832,3.832,3.832,3.832,3.832,3.832,3.832,3.832,3.832,3.832,3.832,3.832,0,,False,False,True,,,,,,,,,,,,,,,False,False,19.566,,106.1,,75.7,,106.1,,1171,124,,21,7,149712.1,19961.61,,Idle,,20,,10,,,20,Go Home,False,False,False,False,False,False,False,False,False,False,False,False,33.8027920380556,-117.4659261431046,4022.2,4043.5,1049.4,396.9,True,1,1,False,False,False,False,,True,False,False,Course Lock,196.8,67,16.4,93,W,S,2.01,11.4,Calm,False,True,Android,7.0.2,M300 RTK,1ZN7L4R0H1D00F,1W9DL31001461C,1ZMLH8300204F0,1Z6PH74DAP0QN7,"Corona, CA",728.3,5.7,137.7,8.547347,2.013246,0,0,DJI Matrice 300 RTK,M300 RTK,1ZN7L4R0H1D00F,1W9DL31001461C,1ZMLH8300204F0,1Z6PH74DAP0QN7,DJI Pilot,Android,7.0.2,1EF72A62-B7C3-C88D-164E-CE6F8C8424AE,1ZN7L4R0H1D00F,1W9DL31001461C,,1ZMLH8300204F0,1W9DL31001461C,,,,,
2023-11-01,11:35:40.77 AM,11m 18.4s,678.4,33.7938390145175,-117.4736696090576,-30.5,137.7,20.9,1233,5778.0,0,8.547335,0,2.23694,0,5.816044,0,1.11847,1.2,0.3,1.2,91.4,91.4,,Tripod,Other,,21,5,True,,True,False,,Smart,RC,False,True,False,,,True,,False,False,False,False,False,False,False,False,False,False,0,Follow Yaw,-77.9,0,83.1,83.1,False,False,False,False,False,,0,0,False,False,No Card,100,100,1024,1024,1024,1024,2,False,False,False,False,False,0,False,False,False,False,64,,45.984,,6428,,10044,,45.984,,True,3.832,3.832,3.832,3.832,3.832,3.832,3.832,3.832,3.832,3.832,3.832,3.832,0,,False,False,True,,,,,,,,,,,,,,,False,False,19.566,,106.1,,75.7,,106.1,,1171,124,,21,7,149712.1,19961.61,,Idle,,20,,10,,,20,Go Home,False,False,False,False,False,False,False,False,False,False,False,False,33.8027920380556,-117.4659261431046,4022.2,4043.5,1049.4,396.9,True,1,1,False,False,False,False,,True,False,False,Course Lock,196.8,67,16.4,93,W,S,2.01,11.4,Calm,False,False,Android,7.0.2,M300 RTK,1ZN7L4R0H1D00F,1W9DL31001461C,1ZMLH8300204F0,1Z6PH74DAP0QN7,"Corona, CA",728.3,5.7,137.7,8.547347,2.013246,0,0,DJI Matrice 300 RTK,M300 RTK,1ZN7L4R0H1D00F,1W9DL31001461C,1ZMLH8300204F0,1Z6PH74DAP0QN7,DJI Pilot,Android,7.0.2,1EF72A62-B7C3-C88D-164E-CE6F8C8424AE,1ZN7L4R0H1D00F,1W9DL31001461C,,1ZMLH8300204F0,1W9DL31001461C,,,,,
2023-11-01,11:35:40.87 AM,11m 18.5s,678.5,33.7938388740949,-117.4736694927803,-30.5,137.7,20.9,1233,5778.1,0,8.547335,0,2.23694,0,5.816044,0,1.11847,1.2,0.3,1.2,91.4,91.4,,Tripod,Other,,21,5,True,,True,False,,Smart,RC,False,True,False,,,True,,False,False,False,False,False,False,False,False,False,False,0,Follow Yaw,-77.9,0,83.1,83.1,False,False,False,False,False,,0,0,False,False,No Card,100,100,1024,1024,1024,1024,2,False,False,False,False,False,0,False,False,False,False,64,,45.984,,6428,,10044,,45.984,,True,3.832,3.832,3.832,3.832,3.832,3.832,3.832,3.832,3.832,3.832,3.832,3.832,0,,False,False,True,,,,,,,,,,,,,,,False,False,19.566,,106.1,,75.7,,106.1,,1171,124,,21,7,149712.1,19961.61,,Idle,,20,,10,,,20,Go Home,False,False,False,False,False,False,False,False,False,False,False,False,33.8027920380556,-117.4659261431046,4022.2,4043.5,1049.4,396.9,True,1,1,False,False,False,False,,True,False,False,Course Lock,196.8,67,16.4,93,W,S,2.01,11.4,Calm,False,False,Android,7.0.2,M300 RTK,1ZN7L4R0H1D00F,1W9DL31001461C,1ZMLH8300204F0,1Z6PH74DAP0QN7,"Corona, CA",728.3,5.7,137.7,8.547347,2.013246,0,0,DJI Matrice 300 RTK,M300 RTK,1ZN7L4R0H1D00F,1W9DL31001461C,1ZMLH8300204F0,1Z6PH74DAP0QN7,DJI Pilot,Android,7.0.2,1EF72A62-B7C3-C88D-164E-CE6F8C8424AE,1ZN7L4R0H1D00F,1W9DL31001461C,,1ZMLH8300204F0,1W9DL31001461C,,,,,
2023-11-01,11:35:40.97 AM,11m 18.6s,678.6,33.7938388566191,-117.4736694692774,-30.5,137.7,20.9,1233,5778.1,0,8.547335,0,2.23694,0,5.816044,0,1.11847,1,0.3,1,91.4,91.4,,Tripod,Other,,21,5,True,,True,False,,Smart,RC,False,True,False,,,True,,False,False,False,False,False,False,False,False,False,False,0,Follow Yaw,-77.9,0,83.1,83.1,False,False,False,False,False,,0,0,False,False,No Card,100,100,1024,1024,1024,1024,2,False,False,False,False,False,0,False,False,False,False,64,,45.984,,6428,,10044,,45.984,,True,3.832,3.832,3.832,3.832,3.832,3.832,3.832,3.832,3.832,3.832,3.832,3.832,0,,False,False,True,,,,,,,,,,,,,,,False,False,19.566,,106.1,,75.7,,106.1,,1171,124,,21,7,149712.1,19961.61,,Idle,,20,,10,,,20,Go Home,False,False,False,False,False,False,False,False,False,False,False,False,33.8027920380556,-117.4659261431046,4022.2,4043.5,1049.4,396.9,True,1,1,False,False,False,False,,True,False,False,Course Lock,196.8,67,16.4,93,W,S,2.01,11.4,Calm,False,False,Android,7.0.2,M300 RTK,1ZN7L4R0H1D00F,1W9DL31001461C,1ZMLH8300204F0,1Z6PH74DAP0QN7,"Corona, CA",728.3,5.7,137.7,8.547347,2.013246,0,0,DJI Matrice 300 RTK,M300 RTK,1ZN7L4R0H1D00F,1W9DL31001461C,1ZMLH8300204F0,1Z6PH74DAP0QN7,DJI Pilot,Android,7.0.2,1EF72A62-B7C3-C88D-164E-CE6F8C8424AE,1ZN7L4R0H1D00F,1W9DL31001461C,,1ZMLH8300204F0,1W9DL31001461C,,,,,
2023-11-01,11:35:41.08 AM,11m 18.7s,678.7,33.793838736345,-117.4736695230454,-30.5,137.7,20.9,1233,5778.1,0,8.547335,0,2.23694,0,5.816044,0,1.11847,0.9,0.3,0.9,91.4,91.4,,Tripod,Other,,21,5,True,,True,False,,Smart,RC,False,True,False,,,True,,False,False,False,False,False,False,False,False,False,False,0,Follow Yaw,-77.9,0,83.1,83.1,False,False,False,False,False,,0,0,False,False,No Card,100,100,1024,1024,1024,1024,2,False,False,False,False,False,0,False,False,False,False,64,,45.984,,6428,,10044,,45.984,,True,3.832,3.832,3.832,3.832,3.832,3.832,3.832,3.832,3.832,3.832,3.832,3.832,0,,False,False,True,,,,,,,,,,,,,,,False,False,19.566,,106.1,,75.7,,106.1,,1171,124,,21,7,149712.1,19961.61,,Idle,,20,,10,,,20,Go Home,False,False,False,False,False,False,False,False,False,False,False,False,33.8027920380556,-117.4659261431046,4022.3,4043.5,1049.4,396.9,True,1,1,False,False,False,False,,True,False,False,Course Lock,196.8,67,16.4,93,W,S,2.01,11.4,Calm,False,False,Android,7.0.2,M300 RTK,1ZN7L4R0H1D00F,1W9DL31001461C,1ZMLH8300204F0,1Z6PH74DAP0QN7,"Corona, CA",728.3,5.7,137.7,8.547347,2.013246,0,0,DJI Matrice 300 RTK,M300 RTK,1ZN7L4R0H1D00F,1W9DL31001461C,1ZMLH8300204F0,1Z6PH74DAP0QN7,DJI Pilot,Android,7.0.2,1EF72A62-B7C3-C88D-164E-CE6F8C8424AE,1ZN7L4R0H1D00F,1W9DL31001461C,,1ZMLH8300204F0,1W9DL31001461C,,,,,
2023-11-01,11:35:41.14 AM,11m 18.8s,678.8,33.7938387121531,-117.473669501934,-30.5,137.7,20.9,1233,5778.2,0,8.547335,0,2.23694,0,5.816044,0,1.11847,0.8,0.3,0.8,91.4,91.4,,Tripod,Other,,21,5,True,,True,False,,Smart,RC,False,True,False,,,True,,False,False,False,False,False,False,False,False,False,False,0,Follow Yaw,-77.9,0,83.1,83.1,False,False,False,False,False,,0,0,False,False,No Card,100,100,1024,1024,1024,1024,2,False,False,False,False,False,0,False,False,False,False,64,,45.984,,6428,,10044,,45.984,,True,3.832,3.832,3.832,3.832,3.832,3.832,3.832,3.832,3.832,3.832,3.832,3.832,0,,False,False,True,,,,,,,,,,,,,,,False,False,19.566,,106.1,,75.7,,106.1,,1171,124,,21,7,149712.1,19961.61,,Idle,,20,,10,,,20,Go Home,False,False,False,False,False,False,False,False,False,False,False,False,33.8027920380556,-117.4659261431046,4022.3,4043.5,1049.4,396.9,True,1,1,False,False,False,False,,True,False,False,Course Lock,196.8,67,16.4,93,W,S,2.01,11.4,Calm,False,False,Android,7.0.2,M300 RTK,1ZN7L4R0H1D00F,1W9DL31001461C,1ZMLH8300204F0,1Z6PH74DAP0QN7,"Corona, CA",728.3,5.7,137.7,8.547347,2.013246,0,0,DJI Matrice 300 RTK,M300 RTK,1ZN7L4R0H1D00F,1W9DL31001461C,1ZMLH8300204F0,1Z6PH74DAP0QN7,DJI Pilot,Android,7.0.2,1EF72A62-B7C3-C88D-164E-CE6F8C8424AE,1ZN7L4R0H1D00F,1W9DL31001461C,,1ZMLH8300204F0,1W9DL31001461C,,,,,
2023-11-01,11:35:41.24 AM,11m 18.9s,678.9,33.7938387698572,-117.4736695407756,-30.5,137.7,20.9,1233,5778.2,0,8.547335,0,2.23694,0,5.816044,0,1.11847,0.7,0.4,0.8,91.4,91.4,,Tripod,Other,,21,5,True,,True,False,,Smart,RC,False,True,False,,,True,,False,False,False,False,False,False,False,False,False,False,0,Follow Yaw,-77.9,0,83.1,83.1,False,False,False,False,False,,0,0,False,False,No Card,100,100,1024,1024,1024,1024,2,False,False,False,False,False,0,False,False,False,False,64,,45.936,,3191,,4986,,45.936,,True,3.832,3.832,3.832,3.832,3.832,3.832,3.832,3.832,3.832,3.832,3.832,3.832,0,,False,False,True,,,,,,,,,,,,,,,False,False,9.866,,105.9,,75.7,,106.1,,1171,124,,21,7,149712.1,19961.61,,Idle,,20,,10,,,20,Go Home,False,False,False,False,False,False,False,False,False,False,False,False,33.8027920380556,-117.4659261431046,4022.3,4043.5,1049.4,396.9,True,1,1,False,False,False,False,,True,False,False,Course Lock,196.8,67,16.4,93,W,S,2.01,11.4,Calm,False,True,Android,7.0.2,M300 RTK,1ZN7L4R0H1D00F,1W9DL31001461C,1ZMLH8300204F0,1Z6PH74DAP0QN7,"Corona, CA",728.3,5.7,137.7,8.547347,2.013246,0,0,DJI Matrice 300 RTK,M300 RTK,1ZN7L4R0H1D00F,1W9DL31001461C,1ZMLH8300204F0,1Z6PH74DAP0QN7,DJI Pilot,Android,7.0.2,1EF72A62-B7C3-C88D-164E-CE6F8C8424AE,1ZN7L4R0H1D00F,1W9DL31001461C,,1ZMLH8300204F0,1W9DL31001461C,,,,,
2023-11-01,11:35:41.34 AM,11m 19.0s,679.0,33.7938387508053,-117.4736695152111,-30.5,137.7,21.3,1233,5778.2,0,8.547335,0,2.23694,0,5.816044,0,1.11847,0.7,0.4,0.8,91.4,91.4,,Tripod,Other,,21,5,True,,True,False,,Smart,RC,False,True,False,,,True,,False,False,False,False,False,False,False,False,False,False,0,Follow Yaw,-77.9,0,83.1,83.1,False,False,False,False,False,,0,0,False,False,No Card,100,100,1024,1024,1024,1024,2,False,False,False,False,False,0,False,False,False,False,64,,45.96,,6428,,10044,,45.96,,True,3.832,3.832,3.832,3.832,3.832,3.832,3.832,3.832,3.832,3.832,3.832,3.832,0,,False,False,True,,,,,,,,,,,,,,,False,False,19.7,,106.1,,75.7,,106.1,,1171,124,,21,7,149712.1,19961.61,,Idle,,20,,10,,,20,Go Home,False,False,False,False,False,False,False,False,False,False,False,False,33.8027920380556,-117.4659261431046,4022.3,4043.5,1049.4,396.9,True,1,1,False,False,False,False,,True,False,False,Course Lock,196.8,67,16.4,93,W,S,2.01,11.4,Calm,False,False,Android,7.0.2,M300 RTK,1ZN7L4R0H1D00F,1W9DL31001461C,1ZMLH8300204F0,1Z6PH74DAP0QN7,"Corona, CA",728.3,5.7,137.7,8.547347,2.013246,0,0,DJI Matrice 300 RTK,M300 RTK,1ZN7L4R0H1D00F,1W9DL31001461C,1ZMLH8300204F0,1Z6PH74DAP0QN7,DJI Pilot,Android,7.0.2,1EF72A62-B7C3-C88D-164E-CE6F8C8424AE,1ZN7L4R0H1D00F,1W9DL31001461C,,1ZMLH8300204F0,1W9DL31001461C,,,,,
2023-11-01,11:35:41.44 AM,11m 19.1s,679.1,33.7938387916505,-117.4736695220558,-30.5,137.7,21.3,1233,5778.2,0,8.547335,0,2.23694,0,5.816044,0,1.11847,0.8,0.4,0.8,91.3,91.3,,Tripod,Other,,21,5,True,,True,False,,Smart,RC,False,True,False,,,True,,False,False,False,False,False,False,False,False,False,False,0,Follow Yaw,-77.9,0,83.1,83.1,False,False,False,False,False,,0,0,False,False,No Card,100,100,1024,1024,1024,1024,2,False,False,False,False,False,0,False,False,False,False,64,,45.96,,6428,,10044,,45.96,,True,3.832,3.832,3.832,3.832,3.832,3.832,3.832,3.832,3.832,3.832,3.832,3.832,0,,False,False,True,,,,,,,,,,,,,,,False,False,19.7,,106.1,,75.7,,106.1,,1171,124,,21,7,149712.1,19961.61,,Idle,,20,,10,,,20,Go Home,False,False,False,False,False,False,False,False,False,False,False,False,33.8027920380556,-117.4659261431046,4022.3,4043.5,1049.4,396.9,True,1,1,False,False,False,False,,True,False,False,Course Lock,196.8,67,16.4,93,W,S,2.01,11.4,Calm,False,False,Android,7.0.2,M300 RTK,1ZN7L4R0H1D00F,1W9DL31001461C,1ZMLH8300204F0,1Z6PH74DAP0QN7,"Corona, CA",728.3,5.7,137.7,8.547347,2.013246,0,0,DJI Matrice 300 RTK,M300 RTK,1ZN7L4R0H1D00F,1W9DL31001461C,1ZMLH8300204F0,1Z6PH74DAP0QN7,DJI Pilot,Android,7.0.2,1EF72A62-B7C3-C88D-164E-CE6F8C8424AE,1ZN7L4R0H1D00F,1W9DL31001461C,,1ZMLH8300204F0,1W9DL31001461C,,,,,
2023-11-01,11:35:41.54 AM,11m 19.2s,679.2,33.7938387741063,-117.4736694906362,-30.5,137.7,20.9,1233,5778.2,0,8.547335,0,2.23694,0,5.816044,0,1.11847,0.9,0.4,0.9,91.3,91.3,,Tripod,Other,,21,5,True,,True,False,,Smart,RC,False,True,False,,,True,,False,False,False,False,False,False,False,False,False,False,0,Follow Yaw,-77.9,0,83.1,83.1,False,False,False,False,False,,0,0,False,False,No Card,100,100,1024,1024,1024,1024,2,False,False,False,False,False,0,False,False,False,False,64,,45.96,,6428,,10044,,45.96,,True,3.832,3.832,3.832,3.832,3.832,3.832,3.832,3.832,3.832,3.832,3.832,3.832,0,,False,False,True,,,,,,,,,,,,,,,False,False,19.7,,106.1,,75.7,,106.1,,1171,124,,21,7,149712.1,19961.61,,Idle,,20,,10,,,20,Go Home,False,False,False,False,False,False,False,False,False,False,False,False,33.8027920380556,-117.4659261431046,4022.3,4043.5,1049.4,396.9,True,1,1,False,False,False,False,,True,False,False,Course Lock,196.8,67,16.4,93,W,S,2.01,11.4,Calm,False,False,Android,7.0.2,M300 RTK,1ZN7L4R0H1D00F,1W9DL31001461C,1ZMLH8300204F0,1Z6PH74DAP0QN7,"Corona, CA",728.3,5.7,137.7,8.547347,2.013246,0,0,DJI Matrice 300 RTK,M300 RTK,1ZN7L4R0H1D00F,1W9DL31001461C,1ZMLH8300204F0,1Z6PH74DAP0QN7,DJI Pilot,Android,7.0.2,1EF72A62-B7C3-C88D-164E-CE6F8C8424AE,1ZN7L4R0H1D00F,1W9DL31001461C,,1ZMLH8300204F0,1W9DL31001461C,,,,,
2023-11-01,11:35:41.64 AM,11m 19.3s,679.3,33.7938388013136,-117.4736695039132,-30.5,137.7,21.3,1233,5778.2,0,8.547335,0,2.23694,0,5.816044,0,1.11847,0.9,0.3,0.9,91.3,91.3,,Tripod,Other,,21,5,True,,True,False,,Smart,RC,False,True,False,,,True,,False,False,False,False,False,False,False,False,False,False,0,Follow Yaw,-77.9,0,83.1,83.1,False,False,False,False,False,,0,0,False,False,No Card,100,100,1024,1024,1024,1024,2,False,False,False,False,False,0,False,False,False,False,64,,45.96,,6428,,10044,,45.96,,True,3.831,3.831,3.831,3.831,3.831,3.831,3.831,3.831,3.831,3.831,3.831,3.831,0,,False,False,True,,,,,,,,,,,,,,,False,False,19.7,,106.1,,75.7,,106.1,,1170,124,,21,7,149387.3,19918.31,,Idle,,20,,10,,,20,Go Home,False,False,False,False,False,False,False,False,False,False,False,False,33.8027920380556,-117.4659261431046,4022.3,4043.5,1049.4,396.9,True,1,1,False,False,False,False,,True,False,False,Course Lock,196.8,67,16.4,93,W,S,2.01,11.4,Calm,False,False,Android,7.0.2,M300 RTK,1ZN7L4R0H1D00F,1W9DL31001461C,1ZMLH8300204F0,1Z6PH74DAP0QN7,"Corona, CA",728.3,5.7,137.7,8.547347,2.013246,0,0,DJI Matrice 300 RTK,M300 RTK,1ZN7L4R0H1D00F,1W9DL31001461C,1ZMLH8300204F0,1Z6PH74DAP0QN7,DJI Pilot,Android,7.0.2,1EF72A62-B7C3-C88D-164E-CE6F8C8424AE,1ZN7L4R0H1D00F,1W9DL31001461C,,1ZMLH8300204F0,1W9DL31001461C,,,,,
2023-11-01,11:35:41.74 AM,11m 19.4s,679.4,33.7938387887036,-117.4736694737306,-30.5,137.7,21.3,1233,5778.2,0,8.547335,0,2.23694,0,5.816044,0,1.11847,1,0.2,1,91.2,91.2,,Tripod,Other,,21,5,True,,True,False,,Smart,RC,False,True,False,,,True,,False,False,False,False,False,False,False,False,False,False,0,Follow Yaw,-77.9,0,83.1,83.1,False,False,False,False,False,,0,0,False,False,No Card,100,100,1024,1024,1024,1024,2,False,False,False,False,False,0,False,False,False,False,64,,45.96,,6428,,10044,,45.96,,True,3.831,3.831,3.831,3.831,3.831,3.831,3.831,3.831,3.831,3.831,3.831,3.831,0,,False,False,True,,,,,,,,,,,,,,,False,False,19.7,,106.1,,75.7,,106.1,,1170,124,,21,7,149387.3,19918.31,,Idle,,20,,10,,,20,Go Home,False,False,False,False,False,False,False,False,False,False,False,False,33.8027920380556,-117.4659261431046,4022.3,4043.5,1049.4,396.9,True,1,1,False,False,False,False,,True,False,False,Course Lock,196.8,67,16.4,93,W,S,2.01,11.4,Calm,False,False,Android,7.0.2,M300 RTK,1ZN7L4R0H1D00F,1W9DL31001461C,1ZMLH8300204F0,1Z6PH74DAP0QN7,"Corona, CA",728.3,5.7,137.7,8.547347,2.013246,0,0,DJI Matrice 300 RTK,M300 RTK,1ZN7L4R0H1D00F,1W9DL31001461C,1ZMLH8300204F0,1Z6PH74DAP0QN7,DJI Pilot,Android,7.0.2,1EF72A62-B7C3-C88D-164E-CE6F8C8424AE,1ZN7L4R0H1D00F,1W9DL31001461C,,1ZMLH8300204F0,1W9DL31001461C,,,,,
2023-11-01,11:35:41.84 AM,11m 19.5s,679.5,33.7938389806626,-117.4736693612467,-30.5,137.7,21.3,1233,5778.3,0,8.547335,0,2.23694,0,5.816044,0,1.11847,1.1,0.3,1.1,91.2,91.2,,Tripod,Other,,21,5,True,,True,False,,Smart,RC,False,True,False,,,True,,False,False,False,False,False,False,False,False,False,False,0,Follow Yaw,-77.9,0,83.1,83.1,False,False,False,False,False,,0,0,False,False,No Card,100,100,1024,1024,1024,1024,2,False,False,False,False,False,0,False,False,False,False,64,,45.96,,6428,,10044,,45.96,,True,3.831,3.831,3.831,3.831,3.831,3.831,3.831,3.831,3.831,3.831,3.831,3.831,0,,False,False,True,,,,,,,,,,,,,,,False,False,19.7,,106.1,,75.7,,106.1,,1170,124,,21,7,149387.3,19918.31,,Idle,,20,,10,,,20,Go Home,False,False,False,False,False,False,False,False,False,False,False,False,33.8027920380556,-117.4659261431046,4022.2,4043.5,1049.4,396.9,True,1,1,False,False,False,False,,True,False,False,Course Lock,196.8,67,16.4,93,W,S,2.01,11.4,Calm,False,False,Android,7.0.2,M300 RTK,1ZN7L4R0H1D00F,1W9DL31001461C,1ZMLH8300204F0,1Z6PH74DAP0QN7,"Corona, CA",728.3,5.7,137.7,8.547347,2.013246,0,0,DJI Matrice 300 RTK,M300 RTK,1ZN7L4R0H1D00F,1W9DL31001461C,1ZMLH8300204F0,1Z6PH74DAP0QN7,DJI Pilot,Android,7.0.2,1EF72A62-B7C3-C88D-164E-CE6F8C8424AE,1ZN7L4R0H1D00F,1W9DL31001461C,,1ZMLH8300204F0,1W9DL31001461C,,,,,
2023-11-01,11:35:41.94 AM,11m 19.6s,679.6,33.7938389895033,-117.4736693276005,-30.5,137.7,21.3,1233,5778.3,0,8.547335,0,2.23694,0,5.816044,0,1.11847,1.2,0.4,1.2,91.2,91.2,,Tripod,Other,,21,5,True,,True,False,,Smart,RC,False,True,False,,,True,,False,False,False,False,False,False,False,False,False,False,0,Follow Yaw,-77.9,0,83.1,83.1,False,False,False,False,False,,0,0,False,False,No Card,100,100,1024,1024,1024,1024,2,False,False,False,False,False,0,False,False,False,False,64,,45.96,,6428,,10044,,45.96,,True,3.831,3.831,3.831,3.831,3.831,3.831,3.831,3.831,3.831,3.831,3.831,3.831,0,,False,False,True,,,,,,,,,,,,,,,False,False,19.7,,106.1,,75.7,,106.1,,1170,124,,21,7,149387.3,19918.31,,Idle,,20,,10,,,20,Go Home,False,False,False,False,False,False,False,False,False,False,False,False,33.8027920380556,-117.4659261431046,4022.2,4043.5,1049.4,396.9,True,1,1,False,False,False,False,,True,False,False,Course Lock,196.8,67,16.4,93,W,S,2.01,11.4,Calm,False,False,Android,7.0.2,M300 RTK,1ZN7L4R0H1D00F,1W9DL31001461C,1ZMLH8300204F0,1Z6PH74DAP0QN7,"Corona, CA",728.3,5.7,137.7,8.547347,2.013246,0,0,DJI Matrice 300 RTK,M300 RTK,1ZN7L4R0H1D00F,1W9DL31001461C,1ZMLH8300204F0,1Z6PH74DAP0QN7,DJI Pilot,Android,7.0.2,1EF72A62-B7C3-C88D-164E-CE6F8C8424AE,1ZN7L4R0H1D00F,1W9DL31001461C,,1ZMLH8300204F0,1W9DL31001461C,,,,,
2023-11-01,11:35:42.04 AM,11m 19.7s,679.7,33.7938388403084,-117.4736692603906,-30.5,137.7,21.3,1233,5778.4,0,8.547335,0,2.23694,0,5.816044,0,1.11847,1.1,0.6,1.2,91.2,91.2,,Tripod,Other,,21,5,True,,True,False,,Smart,RC,False,True,False,,,True,,False,False,False,False,False,False,False,False,False,False,0,Follow Yaw,-77.9,0,83.1,83.1,False,False,False,False,False,,0,0,False,False,No Card,100,100,1024,1024,1024,1024,2,False,False,False,False,False,0,False,False,False,False,64,,45.96,,6428,,10044,,45.96,,True,3.831,3.831,3.831,3.831,3.831,3.831,3.831,3.831,3.831,3.831,3.831,3.831,0,,False,False,True,,,,,,,,,,,,,,,False,False,19.7,,106.1,,75.7,,106.1,,1170,124,,21,7,149387.3,19918.31,,Idle,,20,,10,,,20,Go Home,False,False,False,False,False,False,False,False,False,False,False,False,33.8027920380556,-117.4659261431046,4022.2,4043.5,1049.4,396.9,True,1,1,False,False,False,False,,True,False,False,Course Lock,196.8,67,16.4,93,W,S,2.01,11.4,Calm,False,False,Android,7.0.2,M300 RTK,1ZN7L4R0H1D00F,1W9DL31001461C,1ZMLH8300204F0,1Z6PH74DAP0QN7,"Corona, CA",728.3,5.7,137.7,8.547347,2.013246,0,0,DJI Matrice 300 RTK,M300 RTK,1ZN7L4R0H1D00F,1W9DL31001461C,1ZMLH8300204F0,1Z6PH74DAP0QN7,DJI Pilot,Android,7.0.2,1EF72A62-B7C3-C88D-164E-CE6F8C8424AE,1ZN7L4R0H1D00F,1W9DL31001461C,,1ZMLH8300204F0,1W9DL31001461C,,,,,
2023-11-01,11:35:42.14 AM,11m 19.8s,679.8,33.7938388335238,-117.473669228806,-30.5,137.7,21.3,1233,5778.4,0,8.547335,0,2.23694,0,5.816044,0,1.11847,1.1,0.7,1.3,91.2,91.2,,Tripod,Other,,21,5,True,,True,False,,Smart,RC,False,True,False,,,True,,False,False,False,False,False,False,False,False,False,False,0,Follow Yaw,-77.9,0,83.1,83.1,False,False,False,False,False,,0,0,False,False,No Card,100,100,1024,1024,1024,1024,2,False,False,False,False,False,0,False,False,False,False,64,,45.96,,6428,,10044,,45.96,,True,3.831,3.831,3.831,3.831,3.831,3.831,3.831,3.831,3.831,3.831,3.831,3.831,0,,False,False,True,,,,,,,,,,,,,,,False,False,19.7,,106.1,,75.7,,106.1,,1170,124,,21,7,149387.3,19918.31,,Idle,,20,,10,,,20,Go Home,False,False,False,False,False,False,False,False,False,False,False,False,33.8027920380556,-117.4659261431046,4022.2,4043.5,1049.4,396.9,True,1,1,False,False,False,False,,True,False,False,Course Lock,196.8,67,16.4,93,W,S,2.01,11.4,Calm,False,False,Android,7.0.2,M300 RTK,1ZN7L4R0H1D00F,1W9DL31001461C,1ZMLH8300204F0,1Z6PH74DAP0QN7,"Corona, CA",728.3,5.7,137.7,8.547347,2.013246,0,0,DJI Matrice 300 RTK,M300 RTK,1ZN7L4R0H1D00F,1W9DL31001461C,1ZMLH8300204F0,1Z6PH74DAP0QN7,DJI Pilot,Android,7.0.2,1EF72A62-B7C3-C88D-164E-CE6F8C8424AE,1ZN7L4R0H1D00F,1W9DL31001461C,,1ZMLH8300204F0,1W9DL31001461C,,,,,
2023-11-01,11:35:42.24 AM,11m 19.9s,679.9,33.7938388464764,-117.4736691645649,-30.5,137.7,21.3,1233,5778.4,0,8.547335,0,2.23694,0,5.816044,0,1.11847,1.1,0.6,1.2,91.1,91.1,,Tripod,Other,,21,5,True,,True,False,,Smart,RC,False,True,False,,,True,,False,False,False,False,False,False,False,False,False,False,0,Follow Yaw,-77.9,0,83.1,83.1,False,False,False,False,False,,0,0,False,False,No Card,100,100,1024,1024,1024,1024,2,False,False,False,False,False,0,False,False,False,False,64,,45.96,,6428,,10044,,45.96,,True,3.831,3.831,3.831,3.831,3.831,3.831,3.831,3.831,3.831,3.831,3.831,3.831,0,,False,False,True,,,,,,,,,,,,,,,False,False,19.7,,106.1,,75.7,,106.1,,1170,124,,21,7,149387.3,19918.31,,Idle,,20,,10,,,20,Go Home,False,False,False,False,False,False,False,False,False,False,False,False,33.8027920380556,-117.4659261431046,4022.2,4043.5,1049.4,396.9,True,1,1,False,False,False,False,,True,False,False,Course Lock,196.8,67,16.4,93,W,S,2.01,11.4,Calm,False,False,Android,7.0.2,M300 RTK,1ZN7L4R0H1D00F,1W9DL31001461C,1ZMLH8300204F0,1Z6PH74DAP0QN7,"Corona, CA",728.3,5.7,137.7,8.547347,2.013246,0,0,DJI Matrice 300 RTK,M300 RTK,1ZN7L4R0H1D00F,1W9DL31001461C,1ZMLH8300204F0,1Z6PH74DAP0QN7,DJI Pilot,Android,7.0.2,1EF72A62-B7C3-C88D-164E-CE6F8C8424AE,1ZN7L4R0H1D00F,1W9DL31001461C,,1ZMLH8300204F0,1W9DL31001461C,,,,,
2023-11-01,11:35:42.34 AM,11m 20.0s,680.0,33.793838834072,-117.4736691337226,-30.5,137.7,21.3,1233,5778.4,0,8.547335,0,2.23694,0,5.816044,0,1.11847,1.2,0.5,1.3,91,91,,Tripod,Other,,21,5,True,,True,False,,Smart,RC,False,True,False,,,True,,False,False,False,False,False,False,False,False,False,False,0,Follow Yaw,-77.9,0,83.1,83.1,False,False,False,False,False,,0,0,False,False,No Card,100,100,1024,1024,1024,1024,2,False,False,False,False,False,0,False,False,False,False,64,,45.96,,6428,,10044,,45.96,,True,3.831,3.831,3.831,3.831,3.831,3.831,3.831,3.831,3.831,3.831,3.831,3.831,0,,False,False,True,,,,,,,,,,,,,,,False,False,19.796,,106.3,,75.7,,106.3,,1170,124,,21,7,149387.3,19918.31,,Idle,,20,,10,,,20,Go Home,False,False,False,False,False,False,False,False,False,False,False,False,33.8027920380556,-117.4659261431046,4022.2,4043.5,1049.4,396.9,True,1,1,False,False,False,False,,True,False,False,Course Lock,196.8,67,16.4,93,W,S,2.01,11.4,Calm,False,False,Android,7.0.2,M300 RTK,1ZN7L4R0H1D00F,1W9DL31001461C,1ZMLH8300204F0,1Z6PH74DAP0QN7,"Corona, CA",728.3,5.7,137.7,8.547347,2.013246,0,0,DJI Matrice 300 RTK,M300 RTK,1ZN7L4R0H1D00F,1W9DL31001461C,1ZMLH8300204F0,1Z6PH74DAP0QN7,DJI Pilot,Android,7.0.2,1EF72A62-B7C3-C88D-164E-CE6F8C8424AE,1ZN7L4R0H1D00F,1W9DL31001461C,,1ZMLH8300204F0,1W9DL31001461C,,,,,
2023-11-01,11:35:42.44 AM,11m 20.1s,680.1,33.793838829823,-117.4736690737696,-30.5,137.7,21.3,1233,5778.4,0,8.547335,0,2.23694,0,5.816044,0,1.11847,1.2,0.4,1.2,91,91,,Tripod,Other,,21,5,True,,True,False,,Smart,RC,False,True,False,,,True,,False,False,False,False,False,False,False,False,False,False,0,Follow Yaw,-77.9,0,83.1,83.1,False,False,False,False,False,,0,0,False,False,No Card,100,100,1024,1024,1024,1024,2,False,False,False,False,False,0,False,False,False,False,64,,45.96,,6428,,10044,,45.96,,True,3.831,3.831,3.831,3.831,3.831,3.831,3.831,3.831,3.831,3.831,3.831,3.831,0,,False,False,True,,,,,,,,,,,,,,,False,False,19.796,,106.3,,75.7,,106.3,,1170,124,,21,7,149387.3,19918.31,,Idle,,20,,10,,,20,Go Home,False,False,False,False,False,False,False,False,False,False,False,False,33.8027920380556,-117.4659261431046,4022.2,4043.5,1049.4,396.9,True,1,1,False,False,False,False,,True,False,False,Course Lock,196.8,67,16.4,93,W,S,2.01,11.4,Calm,False,False,Android,7.0.2,M300 RTK,1ZN7L4R0H1D00F,1W9DL31001461C,1ZMLH8300204F0,1Z6PH74DAP0QN7,"Corona, CA",728.3,5.7,137.7,8.547347,2.013246,0,0,DJI Matrice 300 RTK,M300 RTK,1ZN7L4R0H1D00F,1W9DL31001461C,1ZMLH8300204F0,1Z6PH74DAP0QN7,DJI Pilot,Android,7.0.2,1EF72A62-B7C3-C88D-164E-CE6F8C8424AE,1ZN7L4R0H1D00F,1W9DL31001461C,,1ZMLH8300204F0,1W9DL31001461C,,,,,
2023-11-01,11:35:42.54 AM,11m 20.2s,680.2,33.7938388144032,-117.4736690491947,-30.5,137.7,21.3,1233,5778.5,0,8.547335,0,2.23694,0,5.816044,0,1.11847,1.1,0.3,1.1,90.9,90.9,,Tripod,Other,,21,5,True,,True,False,,Smart,RC,False,True,False,,,True,,False,False,False,False,False,False,False,False,False,False,0,Follow Yaw,-77.9,0,83.1,83.1,False,False,False,False,False,,0,0,False,False,No Card,100,100,1024,1024,1024,1024,2,False,False,False,False,False,0,False,False,False,False,64,,45.96,,6428,,10044,,45.96,,True,3.831,3.831,3.831,3.831,3.831,3.831,3.831,3.831,3.831,3.831,3.831,3.831,0,,False,False,True,,,,,,,,,,,,,,,False,False,19.796,,106.3,,75.7,,106.3,,1170,124,,21,7,149387.3,19918.31,,Idle,,20,,10,,,20,Go Home,False,False,False,False,False,False,False,False,False,False,False,False,33.8027920380556,-117.4659261431046,4022.2,4043.5,1049.4,396.9,True,1,1,False,False,False,False,,True,False,False,Course Lock,196.8,67,16.4,93,W,S,2.01,11.4,Calm,False,False,Android,7.0.2,M300 RTK,1ZN7L4R0H1D00F,1W9DL31001461C,1ZMLH8300204F0,1Z6PH74DAP0QN7,"Corona, CA",728.3,5.7,137.7,8.547347,2.013246,0,0,DJI Matrice 300 RTK,M300 RTK,1ZN7L4R0H1D00F,1W9DL31001461C,1ZMLH8300204F0,1Z6PH74DAP0QN7,DJI Pilot,Android,7.0.2,1EF72A62-B7C3-C88D-164E-CE6F8C8424AE,1ZN7L4R0H1D00F,1W9DL31001461C,,1ZMLH8300204F0,1W9DL31001461C,,,,,
2023-11-01,11:35:42.64 AM,11m 20.3s,680.3,33.7938386651399,-117.4736691499684,-30.5,137.7,21.3,1233,5778.5,0,8.547335,0,2.23694,0,5.816044,0,1.11847,1.1,0.1,1.1,90.9,90.9,,Tripod,Other,,21,5,True,,True,False,,Smart,RC,False,True,False,,,True,,False,False,False,False,False,False,False,False,False,False,0,Follow Yaw,-77.9,0,83.1,83.1,False,False,False,False,False,,0,0,False,False,No Card,100,100,1024,1024,1024,1024,2,False,False,False,False,False,0,False,False,False,False,64,,45.96,,6428,,10044,,45.96,,True,3.831,3.831,3.831,3.831,3.831,3.831,3.831,3.831,3.831,3.831,3.831,3.831,0,,False,False,True,,,,,,,,,,,,,,,False,False,19.796,,106.3,,75.7,,106.3,,1169,124,,21,7,149041.8,19872.24,,Idle,,20,,10,,,20,Go Home,False,False,False,False,False,False,False,False,False,False,False,False,33.8027920380556,-117.4659261431046,4022.2,4043.5,1049.4,396.9,True,1,1,False,False,False,False,,True,False,False,Course Lock,196.8,67,16.4,93,W,S,2.01,11.4,Calm,False,True,Android,7.0.2,M300 RTK,1ZN7L4R0H1D00F,1W9DL31001461C,1ZMLH8300204F0,1Z6PH74DAP0QN7,"Corona, CA",728.3,5.7,137.7,8.547347,2.013246,0,0,DJI Matrice 300 RTK,M300 RTK,1ZN7L4R0H1D00F,1W9DL31001461C,1ZMLH8300204F0,1Z6PH74DAP0QN7,DJI Pilot,Android,7.0.2,1EF72A62-B7C3-C88D-164E-CE6F8C8424AE,1ZN7L4R0H1D00F,1W9DL31001461C,,1ZMLH8300204F0,1W9DL31001461C,,,,,
2023-11-01,11:35:42.71 AM,11m 20.4s,680.4,33.7938386410165,-117.4736691389179,-30.5,137.7,21.3,1233,5778.5,0,8.547335,0,2.23694,0,5.816044,0,1.11847,1,0.1,1,91,91,,Tripod,Other,,21,5,True,,True,False,,Smart,RC,False,True,False,,,True,,False,False,False,False,False,False,False,False,False,False,0,Follow Yaw,-77.9,0,83.1,83.1,False,False,False,False,False,,0,0,False,False,No Card,100,100,1024,1024,1024,1024,2,False,False,False,False,False,0,False,False,False,False,64,,45.96,,6428,,10044,,45.96,,True,3.831,3.831,3.831,3.831,3.831,3.831,3.831,3.831,3.831,3.831,3.831,3.831,0,,False,False,True,,,,,,,,,,,,,,,False,False,19.796,,106.3,,75.7,,106.3,,1169,124,,21,7,149041.8,19872.24,,Idle,,20,,10,,,20,Go Home,False,False,False,False,False,False,False,False,False,False,False,False,33.8027920380556,-117.4659261431046,4022.3,4043.5,1049.4,396.9,True,1,1,False,False,False,False,,True,False,False,Course Lock,196.8,67,16.4,93,W,S,2.01,11.4,Calm,False,False,Android,7.0.2,M300 RTK,1ZN7L4R0H1D00F,1W9DL31001461C,1ZMLH8300204F0,1Z6PH74DAP0QN7,"Corona, CA",728.3,5.7,137.7,8.547347,2.013246,0,0,DJI Matrice 300 RTK,M300 RTK,1ZN7L4R0H1D00F,1W9DL31001461C,1ZMLH8300204F0,1Z6PH74DAP0QN7,DJI Pilot,Android,7.0.2,1EF72A62-B7C3-C88D-164E-CE6F8C8424AE,1ZN7L4R0H1D00F,1W9DL31001461C,,1ZMLH8300204F0,1W9DL31001461C,,,,,
2023-11-01,11:35:42.81 AM,11m 20.5s,680.5,33.7938387033809,-117.4736690560394,-30.5,137.7,21.3,1233,5778.6,0,8.547335,0,2.23694,0,5.816044,0,1.11847,0.9,0.1,0.9,91,91,,Tripod,Other,,21,5,True,,True,False,,Smart,RC,False,True,False,,,True,,False,False,False,False,False,False,False,False,False,False,0,Follow Yaw,-77.9,0,83.1,83.1,False,False,False,False,False,,0,0,False,False,No Card,100,100,1024,1024,1024,1024,2,False,False,False,False,False,0,False,False,False,False,64,,45.96,,6428,,10044,,45.96,,True,3.831,3.831,3.831,3.831,3.831,3.831,3.831,3.831,3.831,3.831,3.831,3.831,0,,False,False,True,,,,,,,,,,,,,,,False,False,19.796,,106.3,,75.7,,106.3,,1169,124,,21,7,149041.8,19872.24,,Idle,,20,,10,,,20,Go Home,False,False,False,False,False,False,False,False,False,False,False,False,33.8027920380556,-117.4659261431046,4022.2,4043.5,1049.4,396.9,True,1,1,False,False,False,False,,True,False,False,Course Lock,196.8,67,16.4,93,W,S,2.01,11.4,Calm,False,False,Android,7.0.2,M300 RTK,1ZN7L4R0H1D00F,1W9DL31001461C,1ZMLH8300204F0,1Z6PH74DAP0QN7,"Corona, CA",728.3,5.7,137.7,8.547347,2.013246,0,0,DJI Matrice 300 RTK,M300 RTK,1ZN7L4R0H1D00F,1W9DL31001461C,1ZMLH8300204F0,1Z6PH74DAP0QN7,DJI Pilot,Android,7.0.2,1EF72A62-B7C3-C88D-164E-CE6F8C8424AE,1ZN7L4R0H1D00F,1W9DL31001461C,,1ZMLH8300204F0,1W9DL31001461C,,,,,
2023-11-01,11:35:42.94 AM,11m 20.6s,680.6,33.7938386884409,-117.4736690356702,-30.5,137.7,21.3,1233,5778.6,0,8.547335,0,2.23694,0,5.816044,0,1.11847,0.9,0,0.9,91.1,91.1,,Tripod,Other,,21,5,True,,True,False,,Smart,RC,False,True,False,,,True,,False,False,False,False,False,False,False,False,False,False,0,Follow Yaw,-77.9,0,83.1,83.1,False,False,False,False,False,,0,0,False,False,No Card,100,100,1024,1024,1024,1024,2,False,False,False,False,False,0,False,False,False,False,64,,45.96,,6428,,10044,,45.96,,True,3.831,3.831,3.831,3.831,3.831,3.831,3.831,3.831,3.831,3.831,3.831,3.831,0,,False,False,True,,,,,,,,,,,,,,,False,False,19.796,,106.3,,75.7,,106.3,,1169,124,,21,7,149041.8,19872.24,,Idle,,20,,10,,,20,Go Home,False,False,False,False,False,False,False,False,False,False,False,False,33.8027920380556,-117.4659261431046,4022.2,4043.5,1049.4,396.9,True,1,1,False,False,False,False,,True,False,False,Course Lock,196.8,67,16.4,93,W,S,2.01,11.4,Calm,False,False,Android,7.0.2,M300 RTK,1ZN7L4R0H1D00F,1W9DL31001461C,1ZMLH8300204F0,1Z6PH74DAP0QN7,"Corona, CA",728.3,5.7,137.7,8.547347,2.013246,0,0,DJI Matrice 300 RTK,M300 RTK,1ZN7L4R0H1D00F,1W9DL31001461C,1ZMLH8300204F0,1Z6PH74DAP0QN7,DJI Pilot,Android,7.0.2,1EF72A62-B7C3-C88D-164E-CE6F8C8424AE,1ZN7L4R0H1D00F,1W9DL31001461C,,1ZMLH8300204F0,1W9DL31001461C,,,,,
2023-11-01,11:35:43.04 AM,11m 20.7s,680.7,33.7938387498458,-117.4736690807792,-30.5,137.7,21.3,1233,5778.6,0,8.547335,0,2.23694,0,5.816044,0,1.11847,1.1,0,1.1,91.2,91.2,,Tripod,Other,,21,5,True,,True,False,,Smart,RC,False,True,False,,,True,,False,False,False,False,False,False,False,False,False,False,0,Follow Yaw,-77.9,0,83.1,83.1,False,False,False,False,False,,0,0,False,False,No Card,100,100,1024,1024,1024,1024,2,False,False,False,False,False,0,False,False,False,False,64,,45.924,,3191,,4986,,45.924,,True,3.831,3.831,3.831,3.831,3.831,3.831,3.831,3.831,3.831,3.831,3.831,3.831,0,,False,False,True,,,,,,,,,,,,,,,False,False,9.916,,105.9,,75.7,,106.3,,1169,124,,21,7,149041.8,19872.24,,Idle,,20,,10,,,20,Go Home,False,False,False,False,False,False,False,False,False,False,False,False,33.8027920380556,-117.4659261431046,4022.2,4043.5,1049.4,396.9,True,1,1,False,False,False,False,,True,False,False,Course Lock,196.8,67,16.4,93,W,S,2.01,11.4,Calm,False,True,Android,7.0.2,M300 RTK,1ZN7L4R0H1D00F,1W9DL31001461C,1ZMLH8300204F0,1Z6PH74DAP0QN7,"Corona, CA",728.3,5.7,137.7,8.547347,2.013246,0,0,DJI Matrice 300 RTK,M300 RTK,1ZN7L4R0H1D00F,1W9DL31001461C,1ZMLH8300204F0,1Z6PH74DAP0QN7,DJI Pilot,Android,7.0.2,1EF72A62-B7C3-C88D-164E-CE6F8C8424AE,1ZN7L4R0H1D00F,1W9DL31001461C,,1ZMLH8300204F0,1W9DL31001461C,,,,,
2023-11-01,11:35:43.12 AM,11m 20.8s,680.8,33.793838754369,-117.4736690647808,-30.5,137.7,21.3,1233,5778.6,0,8.547335,0,2.23694,0,5.816044,0,1.11847,1.2,0,1.2,91.2,91.2,,Tripod,Other,,21,5,True,,True,False,,Smart,RC,False,True,False,,,True,,False,False,False,False,False,False,False,False,False,False,0,Follow Yaw,-77.9,0,83.1,83.1,False,False,False,False,False,,0,0,False,False,No Card,100,100,1024,1024,1024,1024,2,False,False,False,False,False,0,False,False,False,False,64,,45.924,,3191,,4986,,45.924,,True,3.831,3.831,3.831,3.831,3.831,3.831,3.831,3.831,3.831,3.831,3.831,3.831,0,,False,False,True,,,,,,,,,,,,,,,False,False,9.916,,105.9,,75.7,,106.3,,1169,124,,21,7,149041.8,19872.24,,Idle,,20,,10,,,20,Go Home,False,False,False,False,False,False,False,False,False,False,False,False,33.8027920380556,-117.4659261431046,4022.2,4043.5,1049.4,396.9,True,1,1,False,False,False,False,,True,False,False,Course Lock,196.8,67,16.4,93,W,S,2.01,11.4,Calm,False,False,Android,7.0.2,M300 RTK,1ZN7L4R0H1D00F,1W9DL31001461C,1ZMLH8300204F0,1Z6PH74DAP0QN7,"Corona, CA",728.3,5.7,137.7,8.547347,2.013246,0,0,DJI Matrice 300 RTK,M300 RTK,1ZN7L4R0H1D00F,1W9DL31001461C,1ZMLH8300204F0,1Z6PH74DAP0QN7,DJI Pilot,Android,7.0.2,1EF72A62-B7C3-C88D-164E-CE6F8C8424AE,1ZN7L4R0H1D00F,1W9DL31001461C,,1ZMLH8300204F0,1W9DL31001461C,,,,,
2023-11-01,11:35:43.22 AM,11m 20.9s,680.9,33.793838634506,-117.4736690776455,-30.5,137.7,20.9,1233,5778.6,0,8.547335,0,2.23694,0,5.816044,0,1.11847,1.2,0.1,1.2,91.3,91.3,,Tripod,Other,,21,5,True,,True,False,,Smart,RC,False,True,False,,,True,,False,False,False,False,False,False,False,False,False,False,0,Follow Yaw,-77.9,0,83.1,83.1,False,False,False,False,False,,0,0,False,False,No Card,100,100,1024,1024,1024,1024,2,False,False,False,False,False,0,False,False,False,False,64,,45.924,,3191,,4986,,45.924,,True,3.831,3.831,3.831,3.831,3.831,3.831,3.831,3.831,3.831,3.831,3.831,3.831,0,,False,False,True,,,,,,,,,,,,,,,False,False,9.916,,105.9,,75.7,,106.3,,1169,124,,21,7,149041.8,19872.24,,Idle,,20,,10,,,20,Go Home,False,False,False,False,False,False,False,False,False,False,False,False,33.8027920380556,-117.4659261431046,4022.2,4043.5,1049.4,396.9,True,1,1,False,False,False,False,,True,False,False,Course Lock,196.8,67,16.4,93,W,S,2.01,11.4,Calm,False,False,Android,7.0.2,M300 RTK,1ZN7L4R0H1D00F,1W9DL31001461C,1ZMLH8300204F0,1Z6PH74DAP0QN7,"Corona, CA",728.3,5.7,137.7,8.547347,2.013246,0,0,DJI Matrice 300 RTK,M300 RTK,1ZN7L4R0H1D00F,1W9DL31001461C,1ZMLH8300204F0,1Z6PH74DAP0QN7,DJI Pilot,Android,7.0.2,1EF72A62-B7C3-C88D-164E-CE6F8C8424AE,1ZN7L4R0H1D00F,1W9DL31001461C,,1ZMLH8300204F0,1W9DL31001461C,,,,,
2023-11-01,11:35:43.33 AM,11m 21.0s,681.0,33.7938386368361,-117.4736690696463,-30.5,137.7,20.9,1233,5778.6,0,8.547335,0,2.23694,0,5.816044,0,1.11847,1.1,0.3,1.1,91.2,91.2,,Tripod,Other,,21,5,True,,True,False,,Smart,RC,False,True,False,,,True,,False,False,False,False,False,False,False,False,False,False,0,Follow Yaw,-77.9,0,83.1,83.1,False,False,False,False,False,,0,0,False,False,No Card,100,100,1024,1024,1024,1024,2,False,False,False,False,False,0,False,False,False,False,64,,45.96,,6428,,10044,,45.96,,True,3.831,3.831,3.831,3.831,3.831,3.831,3.831,3.831,3.831,3.831,3.831,3.831,0,,False,False,True,,,,,,,,,,,,,,,False,False,19.776,,106.3,,75.7,,106.3,,1169,124,,21,7,149041.8,19872.24,,Idle,,20,,10,,,20,Go Home,False,False,False,False,False,False,False,False,False,False,False,False,33.8027920380556,-117.4659261431046,4022.2,4043.5,1049.4,396.9,True,1,1,False,False,False,False,,True,False,False,Course Lock,196.8,67,16.4,93,W,S,2.01,11.4,Calm,False,False,Android,7.0.2,M300 RTK,1ZN7L4R0H1D00F,1W9DL31001461C,1ZMLH8300204F0,1Z6PH74DAP0QN7,"Corona, CA",728.3,5.7,137.7,8.547347,2.013246,0,0,DJI Matrice 300 RTK,M300 RTK,1ZN7L4R0H1D00F,1W9DL31001461C,1ZMLH8300204F0,1Z6PH74DAP0QN7,DJI Pilot,Android,7.0.2,1EF72A62-B7C3-C88D-164E-CE6F8C8424AE,1ZN7L4R0H1D00F,1W9DL31001461C,,1ZMLH8300204F0,1W9DL31001461C,,,,,
2023-11-01,11:35:43.43 AM,11m 21.1s,681.1,33.7938386792576,-117.4736690877888,-30.5,137.7,21.3,1233,5778.7,0,8.547335,0,2.23694,0,5.816044,0,1.11847,0.8,0.4,0.8,91.2,91.2,,Tripod,Other,,21,5,True,,True,False,,Smart,RC,False,True,False,,,True,,False,False,False,False,False,False,False,False,False,False,0,Follow Yaw,-77.9,0,83.1,83.1,False,False,False,False,False,,0,0,False,False,No Card,100,100,1024,1024,1024,1024,2,False,False,False,False,False,0,False,False,False,False,64,,45.96,,6428,,10044,,45.96,,True,3.831,3.831,3.831,3.831,3.831,3.831,3.831,3.831,3.831,3.831,3.831,3.831,0,,False,False,True,,,,,,,,,,,,,,,False,False,19.776,,106.3,,75.7,,106.3,,1169,124,,21,7,149041.8,19872.24,,Idle,,20,,10,,,20,Go Home,False,False,False,False,False,False,False,False,False,False,False,False,33.8027920380556,-117.4659261431046,4022.2,4043.5,1049.4,396.9,True,1,1,False,False,False,False,,True,False,False,Course Lock,196.8,67,16.4,93,W,S,2.01,11.4,Calm,False,False,Android,7.0.2,M300 RTK,1ZN7L4R0H1D00F,1W9DL31001461C,1ZMLH8300204F0,1Z6PH74DAP0QN7,"Corona, CA",728.3,5.7,137.7,8.547347,2.013246,0,0,DJI Matrice 300 RTK,M300 RTK,1ZN7L4R0H1D00F,1W9DL31001461C,1ZMLH8300204F0,1Z6PH74DAP0QN7,DJI Pilot,Android,7.0.2,1EF72A62-B7C3-C88D-164E-CE6F8C8424AE,1ZN7L4R0H1D00F,1W9DL31001461C,,1ZMLH8300204F0,1W9DL31001461C,,,,,
2023-11-01,11:35:43.54 AM,11m 21.2s,681.2,33.793838690771,-117.4736690788,-30.5,137.7,20.9,1233,5778.7,0,8.547335,0,2.23694,0,5.816044,0,1.11847,0.6,0.6,0.8,91.2,91.2,,Tripod,Other,,21,5,True,,True,False,,Smart,RC,False,True,False,,,True,,False,False,False,False,False,False,False,False,False,False,0,Follow Yaw,-77.9,0,83.1,83.1,False,False,False,False,False,,0,0,False,False,No Card,100,100,1024,1024,1024,1024,2,False,False,False,False,False,0,False,False,False,False,64,,45.96,,6428,,10044,,45.96,,True,3.831,3.831,3.831,3.831,3.831,3.831,3.831,3.831,3.831,3.831,3.831,3.831,0,,False,False,True,,,,,,,,,,,,,,,False,False,19.776,,106.3,,75.7,,106.3,,1169,124,,21,7,149041.8,19872.24,,Idle,,20,,10,,,20,Go Home,False,False,False,False,False,False,False,False,False,False,False,False,33.8027920380556,-117.4659261431046,4022.2,4043.5,1049.4,396.9,True,1,1,False,False,False,False,,True,False,False,Course Lock,196.8,67,16.4,93,W,S,2.01,11.4,Calm,False,False,Android,7.0.2,M300 RTK,1ZN7L4R0H1D00F,1W9DL31001461C,1ZMLH8300204F0,1Z6PH74DAP0QN7,"Corona, CA",728.3,5.7,137.7,8.547347,2.013246,0,0,DJI Matrice 300 RTK,M300 RTK,1ZN7L4R0H1D00F,1W9DL31001461C,1ZMLH8300204F0,1Z6PH74DAP0QN7,DJI Pilot,Android,7.0.2,1EF72A62-B7C3-C88D-164E-CE6F8C8424AE,1ZN7L4R0H1D00F,1W9DL31001461C,,1ZMLH8300204F0,1W9DL31001461C,,,,,
2023-11-01,11:35:43.63 AM,11m 21.3s,681.3,33.7938387005711,-117.4736692516492,-30.5,137.7,20.9,1233,5778.7,0,8.547335,0,2.23694,0,5.816044,0,1.11847,0.4,0.6,0.7,91.2,91.2,,Tripod,Other,,21,5,True,,True,False,,Smart,RC,False,True,False,,,True,,False,False,False,False,False,False,False,False,False,False,0,Follow Yaw,-77.9,0,83.1,83.1,False,False,False,False,False,,0,0,False,False,No Card,100,100,1024,1024,1024,1024,2,False,False,False,False,False,0,False,False,False,False,64,,45.96,,6428,,10044,,45.96,,True,3.83,3.83,3.83,3.83,3.83,3.83,3.83,3.83,3.83,3.83,3.83,3.83,0,,False,False,True,,,,,,,,,,,,,,,False,False,19.776,,106.3,,75.7,,106.3,,1168,124,,21,7,148756.7,19834.23,,Idle,,20,,10,,,20,Go Home,False,False,False,False,False,False,False,False,False,False,False,False,33.8027920380556,-117.4659261431046,4022.3,4043.5,1049.4,396.9,True,1,1,False,False,False,False,,True,False,False,Course Lock,196.8,67,16.4,93,W,S,2.01,11.4,Calm,False,True,Android,7.0.2,M300 RTK,1ZN7L4R0H1D00F,1W9DL31001461C,1ZMLH8300204F0,1Z6PH74DAP0QN7,"Corona, CA",728.3,5.7,137.7,8.547347,2.013246,0,0,DJI Matrice 300 RTK,M300 RTK,1ZN7L4R0H1D00F,1W9DL31001461C,1ZMLH8300204F0,1Z6PH74DAP0QN7,DJI Pilot,Android,7.0.2,1EF72A62-B7C3-C88D-164E-CE6F8C8424AE,1ZN7L4R0H1D00F,1W9DL31001461C,,1ZMLH8300204F0,1W9DL31001461C,,,,,
2023-11-01,11:35:43.73 AM,11m 21.4s,681.4,33.7938387104398,-117.4736692437324,-30.5,137.7,21.3,1233,5778.7,0,8.547335,0,2.23694,0,5.816044,0,1.11847,0.5,0.7,0.8,91.3,91.3,,Tripod,Other,,21,5,True,,True,False,,Smart,RC,False,True,False,,,True,,False,False,False,False,False,False,False,False,False,False,0,Follow Yaw,-77.9,0,83.1,83.1,False,False,False,False,False,,0,0,False,False,No Card,100,100,1024,1024,1024,1024,2,False,False,False,False,False,0,False,False,False,False,64,,45.96,,6428,,10044,,45.96,,True,3.83,3.83,3.83,3.83,3.83,3.83,3.83,3.83,3.83,3.83,3.83,3.83,0,,False,False,True,,,,,,,,,,,,,,,False,False,19.776,,106.3,,75.7,,106.3,,1168,124,,21,7,148756.7,19834.23,,Idle,,20,,10,,,20,Go Home,False,False,False,False,False,False,False,False,False,False,False,False,33.8027920380556,-117.4659261431046,4022.2,4043.5,1049.4,396.9,True,1,1,False,False,False,False,,True,False,False,Course Lock,196.8,67,16.4,93,W,S,2.01,11.4,Calm,False,False,Android,7.0.2,M300 RTK,1ZN7L4R0H1D00F,1W9DL31001461C,1ZMLH8300204F0,1Z6PH74DAP0QN7,"Corona, CA",728.3,5.7,137.7,8.547347,2.013246,0,0,DJI Matrice 300 RTK,M300 RTK,1ZN7L4R0H1D00F,1W9DL31001461C,1ZMLH8300204F0,1Z6PH74DAP0QN7,DJI Pilot,Android,7.0.2,1EF72A62-B7C3-C88D-164E-CE6F8C8424AE,1ZN7L4R0H1D00F,1W9DL31001461C,,1ZMLH8300204F0,1W9DL31001461C,,,,,
2023-11-01,11:35:43.84 AM,11m 21.5s,681.5,33.7938386996116,-117.4736692041487,-30.5,137.7,20.9,1233,5778.7,0,8.547335,0,2.23694,0,5.816044,0,1.11847,0.6,0.8,1,91.3,91.3,,Tripod,Other,,21,5,True,,True,False,,Smart,RC,False,True,False,,,True,,False,False,False,False,False,False,False,False,False,False,0,Follow Yaw,-77.9,0,83.1,83.1,False,False,False,False,False,,0,0,False,False,No Card,100,100,1024,1024,1024,1024,2,False,False,False,False,False,0,False,False,False,False,64,,45.96,,6428,,10044,,45.96,,True,3.83,3.83,3.83,3.83,3.83,3.83,3.83,3.83,3.83,3.83,3.83,3.83,0,,False,False,True,,,,,,,,,,,,,,,False,False,19.776,,106.3,,75.7,,106.3,,1168,124,,21,7,148756.7,19834.23,,Idle,,20,,10,,,20,Go Home,False,False,False,False,False,False,False,False,False,False,False,False,33.8027920380556,-117.4659261431046,4022.2,4043.5,1049.4,396.9,True,1,1,False,False,False,False,,True,False,False,Course Lock,196.8,67,16.4,93,W,S,2.01,11.4,Calm,False,False,Android,7.0.2,M300 RTK,1ZN7L4R0H1D00F,1W9DL31001461C,1ZMLH8300204F0,1Z6PH74DAP0QN7,"Corona, CA",728.3,5.7,137.7,8.547347,2.013246,0,0,DJI Matrice 300 RTK,M300 RTK,1ZN7L4R0H1D00F,1W9DL31001461C,1ZMLH8300204F0,1Z6PH74DAP0QN7,DJI Pilot,Android,7.0.2,1EF72A62-B7C3-C88D-164E-CE6F8C8424AE,1ZN7L4R0H1D00F,1W9DL31001461C,,1ZMLH8300204F0,1W9DL31001461C,,,,,
2023-11-01,11:35:43.94 AM,11m 21.6s,681.6,33.7938387009138,-117.4736691814704,-30.5,137.7,21.3,1233,5778.7,0,8.547335,0,2.23694,0,5.816044,0,1.11847,0.7,0.9,1.1,91.2,91.2,,Tripod,Other,,21,5,True,,True,False,,Smart,RC,False,True,False,,,True,,False,False,False,False,False,False,False,False,False,False,0,Follow Yaw,-77.9,0,83.1,83.1,False,False,False,False,False,,0,0,False,False,No Card,100,100,1024,1024,1024,1024,2,False,False,False,False,False,0,False,False,False,False,64,,45.96,,6428,,10044,,45.96,,True,3.83,3.83,3.83,3.83,3.83,3.83,3.83,3.83,3.83,3.83,3.83,3.83,0,,False,False,True,,,,,,,,,,,,,,,False,False,19.776,,106.3,,75.7,,106.3,,1168,124,,21,7,148756.7,19834.23,,Idle,,20,,10,,,20,Go Home,False,False,False,False,False,False,False,False,False,False,False,False,33.8027920380556,-117.4659261431046,4022.2,4043.5,1049.4,396.9,True,1,1,False,False,False,False,,True,False,False,Course Lock,196.8,67,16.4,93,W,S,2.01,11.4,Calm,False,False,Android,7.0.2,M300 RTK,1ZN7L4R0H1D00F,1W9DL31001461C,1ZMLH8300204F0,1Z6PH74DAP0QN7,"Corona, CA",728.3,5.7,137.7,8.547347,2.013246,0,0,DJI Matrice 300 RTK,M300 RTK,1ZN7L4R0H1D00F,1W9DL31001461C,1ZMLH8300204F0,1Z6PH74DAP0QN7,DJI Pilot,Android,7.0.2,1EF72A62-B7C3-C88D-164E-CE6F8C8424AE,1ZN7L4R0H1D00F,1W9DL31001461C,,1ZMLH8300204F0,1W9DL31001461C,,,,,
2023-11-01,11:35:44.04 AM,11m 21.7s,681.7,33.7938386671273,-117.473669146175,-30.5,137.7,21.3,1233,5778.8,0,8.547335,0,2.23694,0,5.816044,0,1.11847,0.8,0.8,1.1,91.2,91.2,,Tripod,Other,,21,5,True,,True,False,,Smart,RC,False,True,False,,,True,,False,False,False,False,False,False,False,False,False,False,0,Follow Yaw,-77.9,0,83.1,83.1,False,False,False,False,False,,0,0,False,False,No Card,100,100,1024,1024,1024,1024,2,False,False,False,False,False,0,False,False,False,False,64,,45.96,,6428,,10044,,45.96,,True,3.83,3.83,3.83,3.83,3.83,3.83,3.83,3.83,3.83,3.83,3.83,3.83,0,,False,False,True,,,,,,,,,,,,,,,False,False,19.776,,106.3,,75.7,,106.3,,1168,124,,21,7,148756.7,19834.23,,Idle,,20,,10,,,20,Go Home,False,False,False,False,False,False,False,False,False,False,False,False,33.8027920380556,-117.4659261431046,4022.2,4043.5,1049.4,396.9,True,1,1,False,False,False,False,,True,False,False,Course Lock,196.8,67,16.4,93,W,S,2.01,11.4,Calm,False,False,Android,7.0.2,M300 RTK,1ZN7L4R0H1D00F,1W9DL31001461C,1ZMLH8300204F0,1Z6PH74DAP0QN7,"Corona, CA",728.3,5.7,137.7,8.547347,2.013246,0,0,DJI Matrice 300 RTK,M300 RTK,1ZN7L4R0H1D00F,1W9DL31001461C,1ZMLH8300204F0,1Z6PH74DAP0QN7,DJI Pilot,Android,7.0.2,1EF72A62-B7C3-C88D-164E-CE6F8C8424AE,1ZN7L4R0H1D00F,1W9DL31001461C,,1ZMLH8300204F0,1W9DL31001461C,,,,,
2023-11-01,11:35:44.14 AM,11m 21.8s,681.8,33.7938386544489,-117.4736691161572,-30.5,137.7,20.9,1233,5778.8,0,8.547335,0,2.23694,0,5.816044,0,1.11847,0.8,0.5,0.9,91.2,91.2,,Tripod,Other,,21,5,True,,True,False,,Smart,RC,False,True,False,,,True,,False,False,False,False,False,False,False,False,False,False,0,Follow Yaw,-77.9,0,83.1,83.1,False,False,False,False,False,,0,0,False,False,No Card,100,100,1024,1024,1024,1024,2,False,False,False,False,False,0,False,False,False,False,64,,45.96,,6428,,10044,,45.96,,True,3.83,3.83,3.83,3.83,3.83,3.83,3.83,3.83,3.83,3.83,3.83,3.83,0,,False,False,True,,,,,,,,,,,,,,,False,False,19.776,,106.3,,75.7,,106.3,,1168,124,,21,7,148756.7,19834.23,,Idle,,20,,10,,,20,Go Home,False,False,False,False,False,False,False,False,False,False,False,False,33.8027920380556,-117.4659261431046,4022.2,4043.5,1049.4,396.9,True,1,1,False,False,False,False,,True,False,False,Course Lock,196.8,67,16.4,93,W,S,2.01,11.4,Calm,False,False,Android,7.0.2,M300 RTK,1ZN7L4R0H1D00F,1W9DL31001461C,1ZMLH8300204F0,1Z6PH74DAP0QN7,"Corona, CA",728.3,5.7,137.7,8.547347,2.013246,0,0,DJI Matrice 300 RTK,M300 RTK,1ZN7L4R0H1D00F,1W9DL31001461C,1ZMLH8300204F0,1Z6PH74DAP0QN7,DJI Pilot,Android,7.0.2,1EF72A62-B7C3-C88D-164E-CE6F8C8424AE,1ZN7L4R0H1D00F,1W9DL31001461C,,1ZMLH8300204F0,1W9DL31001461C,,,,,
2023-11-01,11:35:44.24 AM,11m 21.9s,681.9,33.7938386221016,-117.4736691220124,-30.5,137.7,20.9,1233,5778.8,0,8.547335,0,2.23694,0,5.816044,0,1.11847,0.7,0.2,0.7,91.1,91.1,,Tripod,Other,,21,5,True,,True,False,,Smart,RC,False,True,False,,,True,,False,False,False,False,False,False,False,False,False,False,0,Follow Yaw,-77.9,0,83.1,83.1,False,False,False,False,False,,0,0,False,False,No Card,100,100,1024,1024,1024,1024,2,False,False,False,False,False,0,False,False,False,False,64,,45.912,,3191,,4986,,45.912,,True,3.83,3.83,3.83,3.83,3.83,3.83,3.83,3.83,3.83,3.83,3.83,3.83,0,,False,False,True,,,,,,,,,,,,,,,False,False,9.888,,105.9,,75.7,,106.3,,1168,124,,21,7,148756.7,19834.23,,Idle,,20,,10,,,20,Go Home,False,False,False,False,False,False,False,False,False,False,False,False,33.8027920380556,-117.4659261431046,4022.3,4043.5,1049.4,396.9,True,1,1,False,False,False,False,,True,False,False,Course Lock,196.8,67,16.4,93,W,S,2.01,11.4,Calm,False,False,Android,7.0.2,M300 RTK,1ZN7L4R0H1D00F,1W9DL31001461C,1ZMLH8300204F0,1Z6PH74DAP0QN7,"Corona, CA",728.3,5.7,137.7,8.547347,2.013246,0,0,DJI Matrice 300 RTK,M300 RTK,1ZN7L4R0H1D00F,1W9DL31001461C,1ZMLH8300204F0,1Z6PH74DAP0QN7,DJI Pilot,Android,7.0.2,1EF72A62-B7C3-C88D-164E-CE6F8C8424AE,1ZN7L4R0H1D00F,1W9DL31001461C,,1ZMLH8300204F0,1W9DL31001461C,,,,,
2023-11-01,11:35:44.35 AM,11m 22.0s,682.0,33.793838606956,-117.4736690941388,-30.5,137.7,20.9,1233,5778.8,0,8.547335,0,2.23694,0,5.816044,0,1.11847,0.8,0,0.8,91.1,91.1,,Tripod,Other,,21,5,True,,True,False,,Smart,RC,False,True,False,,,True,,False,False,False,False,False,False,False,False,False,False,0,Follow Yaw,-77.9,0,83.1,83.1,False,False,False,False,False,,0,0,False,False,No Card,100,100,1024,1024,1024,1024,2,False,False,False,False,False,0,False,False,False,False,64,,45.948,,6428,,10044,,45.948,,True,3.83,3.83,3.83,3.83,3.83,3.83,3.83,3.83,3.83,3.83,3.83,3.83,0,,False,False,True,,,,,,,,,,,,,,,False,False,19.754,,106.3,,75.7,,106.3,,1168,124,,21,7,148756.7,19834.23,,Idle,,20,,10,,,20,Go Home,False,False,False,False,False,False,False,False,False,False,False,False,33.8027920380556,-117.4659261431046,4022.3,4043.5,1049.4,396.9,True,1,1,False,False,False,False,,True,False,False,Course Lock,196.8,67,16.4,93,W,S,2.01,11.4,Calm,False,False,Android,7.0.2,M300 RTK,1ZN7L4R0H1D00F,1W9DL31001461C,1ZMLH8300204F0,1Z6PH74DAP0QN7,"Corona, CA",728.3,5.7,137.7,8.547347,2.013246,0,0,DJI Matrice 300 RTK,M300 RTK,1ZN7L4R0H1D00F,1W9DL31001461C,1ZMLH8300204F0,1Z6PH74DAP0QN7,DJI Pilot,Android,7.0.2,1EF72A62-B7C3-C88D-164E-CE6F8C8424AE,1ZN7L4R0H1D00F,1W9DL31001461C,,1ZMLH8300204F0,1W9DL31001461C,,,,,
2023-11-01,11:35:44.45 AM,11m 22.1s,682.1,33.7938386125756,-117.473668983964,-30.5,137.7,20.9,1233,5778.8,0,8.547335,0,2.23694,0,5.816044,0,1.11847,0.8,0,0.8,91.1,91.1,,Tripod,Other,,21,5,True,,True,False,,Smart,RC,False,True,False,,,True,,False,False,False,False,False,False,False,False,False,False,0,Follow Yaw,-77.9,0,83.1,83.1,False,False,False,False,False,,0,0,False,False,No Card,100,100,1024,1024,1024,1024,2,False,False,False,False,False,0,False,False,False,False,64,,45.948,,6428,,10044,,45.948,,True,3.83,3.83,3.83,3.83,3.83,3.83,3.83,3.83,3.83,3.83,3.83,3.83,0,,False,False,True,,,,,,,,,,,,,,,False,False,19.754,,106.3,,75.7,,106.3,,1168,124,,21,7,148756.7,19834.23,,Idle,,20,,10,,,20,Go Home,False,False,False,False,False,False,False,False,False,False,False,False,33.8027920380556,-117.4659261431046,4022.2,4043.5,1049.4,396.9,True,1,1,False,False,False,False,,True,False,False,Course Lock,196.8,67,16.4,93,W,S,2.01,11.4,Calm,False,False,Android,7.0.2,M300 RTK,1ZN7L4R0H1D00F,1W9DL31001461C,1ZMLH8300204F0,1Z6PH74DAP0QN7,"Corona, CA",728.3,5.7,137.7,8.547347,2.013246,0,0,DJI Matrice 300 RTK,M300 RTK,1ZN7L4R0H1D00F,1W9DL31001461C,1ZMLH8300204F0,1Z6PH74DAP0QN7,DJI Pilot,Android,7.0.2,1EF72A62-B7C3-C88D-164E-CE6F8C8424AE,1ZN7L4R0H1D00F,1W9DL31001461C,,1ZMLH8300204F0,1W9DL31001461C,,,,,
2023-11-01,11:35:44.55 AM,11m 22.2s,682.2,33.7938386052427,-117.473668950895,-30.5,137.7,20.9,1233,5778.8,0,8.547335,0,2.23694,0,5.816044,0,1.11847,0.9,0,0.9,91.2,91.2,,Tripod,Other,,21,5,True,,True,False,,Smart,RC,False,True,False,,,True,,False,False,False,False,False,False,False,False,False,False,0,Follow Yaw,-77.9,0,83.1,83.1,False,False,False,False,False,,0,0,False,False,No Card,100,100,1024,1024,1024,1024,2,False,False,False,False,False,0,False,False,False,False,64,,45.948,,6428,,10044,,45.948,,True,3.83,3.83,3.83,3.83,3.83,3.83,3.83,3.83,3.83,3.83,3.83,3.83,0,,False,False,True,,,,,,,,,,,,,,,False,False,19.754,,106.3,,75.7,,106.3,,1168,124,,21,7,148756.7,19834.23,,Idle,,20,,10,,,20,Go Home,False,False,False,False,False,False,False,False,False,False,False,False,33.8027920380556,-117.4659261431046,4022.2,4043.5,1049.4,396.9,True,1,1,False,False,False,False,,True,False,False,Course Lock,196.8,67,16.4,93,W,S,2.01,11.4,Calm,False,False,Android,7.0.2,M300 RTK,1ZN7L4R0H1D00F,1W9DL31001461C,1ZMLH8300204F0,1Z6PH74DAP0QN7,"Corona, CA",728.3,5.7,137.7,8.547347,2.013246,0,0,DJI Matrice 300 RTK,M300 RTK,1ZN7L4R0H1D00F,1W9DL31001461C,1ZMLH8300204F0,1Z6PH74DAP0QN7,DJI Pilot,Android,7.0.2,1EF72A62-B7C3-C88D-164E-CE6F8C8424AE,1ZN7L4R0H1D00F,1W9DL31001461C,,1ZMLH8300204F0,1W9DL31001461C,,,,,
2023-11-01,11:35:44.65 AM,11m 22.3s,682.3,33.7938386549286,-117.4736690364949,-30.5,137.7,20.9,1233,5778.9,0,8.547335,0,2.23694,0,5.816044,0,1.11847,1,0.1,1,91.2,91.2,,Tripod,Other,,21,5,True,,True,False,,Smart,RC,False,True,False,,,True,,False,False,False,False,False,False,False,False,False,False,0,Follow Yaw,-77.9,0,83.1,83.1,False,False,False,False,False,,0,0,False,False,No Card,100,100,1024,1024,1024,1024,2,False,False,False,False,False,0,False,False,False,False,64,,45.948,,6428,,10044,,45.948,,True,3.829,3.829,3.829,3.829,3.829,3.829,3.829,3.829,3.829,3.829,3.829,3.829,0,,False,False,True,,,,,,,,,,,,,,,False,False,19.754,,106.3,,75.7,,106.3,,1168,124,,21,7,148538.5,19805.14,,Idle,,20,,10,,,20,Go Home,False,False,False,False,False,False,False,False,False,False,False,False,33.8027920380556,-117.4659261431046,4022.2,4043.5,1049.4,396.9,True,1,1,False,False,False,False,,True,False,False,Course Lock,196.8,67,16.4,93,W,S,2.01,11.4,Calm,False,True,Android,7.0.2,M300 RTK,1ZN7L4R0H1D00F,1W9DL31001461C,1ZMLH8300204F0,1Z6PH74DAP0QN7,"Corona, CA",728.3,5.7,137.7,8.547347,2.013246,0,0,DJI Matrice 300 RTK,M300 RTK,1ZN7L4R0H1D00F,1W9DL31001461C,1ZMLH8300204F0,1Z6PH74DAP0QN7,DJI Pilot,Android,7.0.2,1EF72A62-B7C3-C88D-164E-CE6F8C8424AE,1ZN7L4R0H1D00F,1W9DL31001461C,,1ZMLH8300204F0,1W9DL31001461C,,,,,
2023-11-01,11:35:44.75 AM,11m 22.4s,682.4,33.7938386609594,-117.4736690235477,-30.5,137.7,20.9,1233,5778.9,0,8.547335,0,2.23694,0,5.816044,0,1.11847,1,0.2,1,91.2,91.2,,Tripod,Other,,21,5,True,,True,False,,Smart,RC,False,True,False,,,True,,False,False,False,False,False,False,False,False,False,False,0,Follow Yaw,-77.9,0,83.1,83.1,False,False,False,False,False,,0,0,False,False,No Card,100,100,1024,1024,1024,1024,2,False,False,False,False,False,0,False,False,False,False,64,,45.948,,6428,,10044,,45.948,,True,3.829,3.829,3.829,3.829,3.829,3.829,3.829,3.829,3.829,3.829,3.829,3.829,0,,False,False,True,,,,,,,,,,,,,,,False,False,19.754,,106.3,,75.7,,106.3,,1168,124,,21,7,148538.5,19805.14,,Idle,,20,,10,,,20,Go Home,False,False,False,False,False,False,False,False,False,False,False,False,33.8027920380556,-117.4659261431046,4022.2,4043.5,1049.4,396.9,True,1,1,False,False,False,False,,True,False,False,Course Lock,196.8,67,16.4,93,W,S,2.01,11.4,Calm,False,False,Android,7.0.2,M300 RTK,1ZN7L4R0H1D00F,1W9DL31001461C,1ZMLH8300204F0,1Z6PH74DAP0QN7,"Corona, CA",728.3,5.7,137.7,8.547347,2.013246,0,0,DJI Matrice 300 RTK,M300 RTK,1ZN7L4R0H1D00F,1W9DL31001461C,1ZMLH8300204F0,1Z6PH74DAP0QN7,DJI Pilot,Android,7.0.2,1EF72A62-B7C3-C88D-164E-CE6F8C8424AE,1ZN7L4R0H1D00F,1W9DL31001461C,,1ZMLH8300204F0,1W9DL31001461C,,,,,
2023-11-01,11:35:44.85 AM,11m 22.5s,682.5,33.7938386989949,-117.4736689370407,-30.5,137.7,20.9,1233,5778.9,0,8.547335,0,2.23694,0,5.816044,0,1.11847,0.9,0.3,0.9,91.3,91.3,,Tripod,Other,,21,5,True,,True,False,,Smart,RC,False,True,False,,,True,,False,False,False,False,False,False,False,False,False,False,0,Follow Yaw,-77.9,0,83.1,83.1,False,False,False,False,False,,0,0,False,False,No Card,100,100,1024,1024,1024,1024,2,False,False,False,False,False,0,False,False,False,False,64,,45.948,,6428,,10044,,45.948,,True,3.829,3.829,3.829,3.829,3.829,3.829,3.829,3.829,3.829,3.829,3.829,3.829,0,,False,False,True,,,,,,,,,,,,,,,False,False,19.754,,106.3,,75.7,,106.3,,1168,124,,21,7,148538.5,19805.14,,Idle,,20,,10,,,20,Go Home,False,False,False,False,False,False,False,False,False,False,False,False,33.8027920380556,-117.4659261431046,4022.2,4043.5,1049.4,396.9,True,1,1,False,False,False,False,,True,False,False,Course Lock,196.8,67,16.4,93,W,S,2.01,11.4,Calm,False,False,Android,7.0.2,M300 RTK,1ZN7L4R0H1D00F,1W9DL31001461C,1ZMLH8300204F0,1Z6PH74DAP0QN7,"Corona, CA",728.3,5.7,137.7,8.547347,2.013246,0,0,DJI Matrice 300 RTK,M300 RTK,1ZN7L4R0H1D00F,1W9DL31001461C,1ZMLH8300204F0,1Z6PH74DAP0QN7,DJI Pilot,Android,7.0.2,1EF72A62-B7C3-C88D-164E-CE6F8C8424AE,1ZN7L4R0H1D00F,1W9DL31001461C,,1ZMLH8300204F0,1W9DL31001461C,,,,,
2023-11-01,11:35:44.96 AM,11m 22.6s,682.6,33.7938387100286,-117.473668926485,-30.5,137.7,20.9,1233,5778.9,0,8.547335,0,2.23694,0,5.816044,0,1.11847,0.8,0.3,0.8,91.3,91.3,,Tripod,Other,,21,5,True,,True,False,,Smart,RC,False,True,False,,,True,,False,False,False,False,False,False,False,False,False,False,0,Follow Yaw,-77.9,0,83.1,83.1,False,False,False,False,False,,0,0,False,False,No Card,100,100,1024,1024,1024,1024,2,False,False,False,False,False,0,False,False,False,False,64,,45.948,,6428,,10044,,45.948,,True,3.829,3.829,3.829,3.829,3.829,3.829,3.829,3.829,3.829,3.829,3.829,3.829,0,,False,False,True,,,,,,,,,,,,,,,False,False,19.754,,106.3,,75.7,,106.3,,1168,124,,21,7,148538.5,19805.14,,Idle,,20,,10,,,20,Go Home,False,False,False,False,False,False,False,False,False,False,False,False,33.8027920380556,-117.4659261431046,4022.2,4043.5,1049.4,396.9,True,1,1,False,False,False,False,,True,False,False,Course Lock,196.8,67,16.4,93,W,S,2.01,11.4,Calm,False,False,Android,7.0.2,M300 RTK,1ZN7L4R0H1D00F,1W9DL31001461C,1ZMLH8300204F0,1Z6PH74DAP0QN7,"Corona, CA",728.3,5.7,137.7,8.547347,2.013246,0,0,DJI Matrice 300 RTK,M300 RTK,1ZN7L4R0H1D00F,1W9DL31001461C,1ZMLH8300204F0,1Z6PH74DAP0QN7,DJI Pilot,Android,7.0.2,1EF72A62-B7C3-C88D-164E-CE6F8C8424AE,1ZN7L4R0H1D00F,1W9DL31001461C,,1ZMLH8300204F0,1W9DL31001461C,,,,,
2023-11-01,11:35:45.06 AM,11m 22.7s,682.7,33.7938388695032,-117.4736689973235,-30.5,137.7,20.9,1233,5779.0,0,8.547335,0,2.23694,0,5.816044,0,1.11847,0.9,0.3,0.9,91.3,91.3,,Tripod,Other,,21,5,True,,True,False,,Smart,RC,False,True,False,,,True,,False,False,False,False,False,False,False,False,False,False,0,Follow Yaw,-77.9,0,83.1,83.1,False,False,False,False,False,,0,0,False,False,No Card,100,100,1024,1024,1024,1024,2,False,False,False,False,False,0,False,False,False,False,64,,45.948,,6428,,10044,,45.948,,True,3.829,3.829,3.829,3.829,3.829,3.829,3.829,3.829,3.829,3.829,3.829,3.829,0,,False,False,True,,,,,,,,,,,,,,,False,False,19.754,,106.3,,75.7,,106.3,,1168,124,,21,7,148538.5,19805.14,,Idle,,20,,10,,,20,Go Home,False,False,False,False,False,False,False,False,False,False,False,False,33.8027920380556,-117.4659261431046,4022.2,4043.5,1049.4,396.9,True,1,1,False,False,False,False,,True,False,False,Course Lock,196.8,67,16.4,93,W,S,2.01,11.4,Calm,False,False,Android,7.0.2,M300 RTK,1ZN7L4R0H1D00F,1W9DL31001461C,1ZMLH8300204F0,1Z6PH74DAP0QN7,"Corona, CA",728.3,5.7,137.7,8.547347,2.013246,0,0,DJI Matrice 300 RTK,M300 RTK,1ZN7L4R0H1D00F,1W9DL31001461C,1ZMLH8300204F0,1Z6PH74DAP0QN7,DJI Pilot,Android,7.0.2,1EF72A62-B7C3-C88D-164E-CE6F8C8424AE,1ZN7L4R0H1D00F,1W9DL31001461C,,1ZMLH8300204F0,1W9DL31001461C,,,,,
2023-11-01,11:35:45.16 AM,11m 22.8s,682.8,33.7938388910223,-117.4736689936125,-30.5,137.7,20.9,1233,5779.0,0,8.547335,0,2.23694,0,5.816044,0,1.11847,1.1,0.2,1.1,91.2,91.2,,Tripod,Other,,21,5,True,,True,False,,Smart,RC,False,True,False,,,True,,False,False,False,False,False,False,False,False,False,False,0,Follow Yaw,-77.9,0,83.1,83.1,False,False,False,False,False,,0,0,False,False,No Card,100,100,1024,1024,1024,1024,2,False,False,False,False,False,0,False,False,False,False,64,,45.948,,6428,,10044,,45.948,,True,3.829,3.829,3.829,3.829,3.829,3.829,3.829,3.829,3.829,3.829,3.829,3.829,0,,False,False,True,,,,,,,,,,,,,,,False,False,19.754,,106.3,,75.7,,106.3,,1168,124,,21,7,148538.5,19805.14,,Idle,,20,,10,,,20,Go Home,False,False,False,False,False,False,False,False,False,False,False,False,33.8027920380556,-117.4659261431046,4022.2,4043.5,1049.4,396.9,True,1,1,False,False,False,False,,True,False,False,Course Lock,196.8,67,16.4,93,W,S,2.01,11.4,Calm,False,False,Android,7.0.2,M300 RTK,1ZN7L4R0H1D00F,1W9DL31001461C,1ZMLH8300204F0,1Z6PH74DAP0QN7,"Corona, CA",728.3,5.7,137.7,8.547347,2.013246,0,0,DJI Matrice 300 RTK,M300 RTK,1ZN7L4R0H1D00F,1W9DL31001461C,1ZMLH8300204F0,1Z6PH74DAP0QN7,DJI Pilot,Android,7.0.2,1EF72A62-B7C3-C88D-164E-CE6F8C8424AE,1ZN7L4R0H1D00F,1W9DL31001461C,,1ZMLH8300204F0,1W9DL31001461C,,,,,
2023-11-01,11:35:45.26 AM,11m 22.9s,682.9,33.7938388433239,-117.4736691822951,-30.5,137.7,20.9,1233,5779.0,0,8.547335,0,2.23694,0,5.816044,0,1.11847,1.2,0,1.2,91.2,91.2,,Tripod,Other,,21,5,True,,True,False,,Smart,RC,False,True,False,,,True,,False,False,False,False,False,False,False,False,False,False,0,Follow Yaw,-77.9,0,83.1,83.1,False,False,False,False,False,,0,0,False,False,No Card,100,100,1024,1024,1024,1024,2,False,False,False,False,False,0,False,False,False,False,64,,45.948,,6428,,10044,,45.948,,True,3.829,3.829,3.829,3.829,3.829,3.829,3.829,3.829,3.829,3.829,3.829,3.829,0,,False,False,True,,,,,,,,,,,,,,,False,False,19.754,,106.3,,75.7,,106.3,,1168,124,,21,7,148538.5,19805.14,,Idle,,20,,10,,,20,Go Home,False,False,False,False,False,False,False,False,False,False,False,False,33.8027920380556,-117.4659261431046,4022.2,4043.5,1049.4,396.9,True,1,1,False,False,False,False,,True,False,False,Course Lock,196.8,67,16.4,93,W,S,2.01,11.4,Calm,False,True,Android,7.0.2,M300 RTK,1ZN7L4R0H1D00F,1W9DL31001461C,1ZMLH8300204F0,1Z6PH74DAP0QN7,"Corona, CA",728.3,5.7,137.7,8.547347,2.013246,0,0,DJI Matrice 300 RTK,M300 RTK,1ZN7L4R0H1D00F,1W9DL31001461C,1ZMLH8300204F0,1Z6PH74DAP0QN7,DJI Pilot,Android,7.0.2,1EF72A62-B7C3-C88D-164E-CE6F8C8424AE,1ZN7L4R0H1D00F,1W9DL31001461C,,1ZMLH8300204F0,1W9DL31001461C,,,,,
2023-11-01,11:35:45.37 AM,11m 23.0s,683.0,33.7938388640206,-117.4736691980462,-30.5,137.7,20.9,1233,5779.0,0,8.547335,0,2.23694,0,5.816044,0,1.11847,1.1,-0.1,1.1,91.1,91.1,,Tripod,Other,,21,5,True,,True,False,,Smart,RC,False,True,False,,,True,,False,False,False,False,False,False,False,False,False,False,0,Follow Yaw,-77.9,0,83.1,83.1,False,False,False,False,False,,0,0,False,False,No Card,100,100,1024,1024,1024,1024,2,False,False,False,False,False,0,False,False,False,False,63,,45.948,,6377,,10044,,45.948,,True,3.829,3.829,3.829,3.829,3.829,3.829,3.829,3.829,3.829,3.829,3.829,3.829,0,,False,False,True,,,,,,,,,,,,,,,False,False,19.962,,106.3,,75.7,,106.3,,1168,124,,21,7,148538.5,19805.14,,Idle,,20,,10,,,20,Go Home,False,False,False,False,False,False,False,False,False,False,False,False,33.8027920380556,-117.4659261431046,4022.2,4043.5,1049.4,396.9,True,1,1,False,False,False,False,,True,False,False,Course Lock,196.8,67,16.4,93,W,S,2.01,11.4,Calm,False,True,Android,7.0.2,M300 RTK,1ZN7L4R0H1D00F,1W9DL31001461C,1ZMLH8300204F0,1Z6PH74DAP0QN7,"Corona, CA",728.3,5.7,137.7,8.547347,2.013246,0,0,DJI Matrice 300 RTK,M300 RTK,1ZN7L4R0H1D00F,1W9DL31001461C,1ZMLH8300204F0,1Z6PH74DAP0QN7,DJI Pilot,Android,7.0.2,1EF72A62-B7C3-C88D-164E-CE6F8C8424AE,1ZN7L4R0H1D00F,1W9DL31001461C,,1ZMLH8300204F0,1W9DL31001461C,,,,,
2023-11-01,11:35:45.47 AM,11m 23.1s,683.1,33.7938388321531,-117.4736691761101,-30.5,137.7,20.9,1233,5779.1,0,8.547335,0,2.23694,0,5.816044,0,1.11847,1,-0.2,1,91,91,,Tripod,Other,,21,5,True,,True,False,,Smart,RC,False,True,False,,,True,,False,False,False,False,False,False,False,False,False,False,0,Follow Yaw,-77.9,0,83.1,83.1,False,False,False,False,False,,0,0,False,False,No Card,100,100,1024,1024,1024,1024,2,False,False,False,False,False,0,False,False,False,False,63,,45.948,,6377,,10044,,45.948,,True,3.829,3.829,3.829,3.829,3.829,3.829,3.829,3.829,3.829,3.829,3.829,3.829,0,,False,False,True,,,,,,,,,,,,,,,False,False,19.962,,106.3,,75.7,,106.3,,1168,124,,21,7,148538.5,19805.14,,Idle,,20,,10,,,20,Go Home,False,False,False,False,False,False,False,False,False,False,False,False,33.8027920380556,-117.4659261431046,4022.2,4043.5,1049.4,396.9,True,1,1,False,False,False,False,,True,False,False,Course Lock,196.8,67,16.4,93,W,S,2.01,11.4,Calm,False,False,Android,7.0.2,M300 RTK,1ZN7L4R0H1D00F,1W9DL31001461C,1ZMLH8300204F0,1Z6PH74DAP0QN7,"Corona, CA",728.3,5.7,137.7,8.547347,2.013246,0,0,DJI Matrice 300 RTK,M300 RTK,1ZN7L4R0H1D00F,1W9DL31001461C,1ZMLH8300204F0,1Z6PH74DAP0QN7,DJI Pilot,Android,7.0.2,1EF72A62-B7C3-C88D-164E-CE6F8C8424AE,1ZN7L4R0H1D00F,1W9DL31001461C,,1ZMLH8300204F0,1W9DL31001461C,,,,,
2023-11-01,11:35:45.57 AM,11m 23.2s,683.2,33.7938388606625,-117.473669187573,-30.5,137.7,20.9,1233,5779.1,0,8.547335,0,2.23694,0,5.816044,0,1.11847,1,-0.3,1,90.9,90.9,,Tripod,Other,,21,5,True,,True,False,,Smart,RC,False,True,False,,,True,,False,False,False,False,False,False,False,False,False,False,0,Follow Yaw,-77.9,0,83.1,83.1,False,False,False,False,False,,0,0,False,False,No Card,100,100,1024,1024,1024,1024,2,False,False,False,False,False,0,False,False,False,False,63,,45.948,,6377,,10044,,45.948,,True,3.829,3.829,3.829,3.829,3.829,3.829,3.829,3.829,3.829,3.829,3.829,3.829,0,,False,False,True,,,,,,,,,,,,,,,False,False,19.962,,106.3,,75.7,,106.3,,1168,124,,21,7,148538.5,19805.14,,Idle,,20,,10,,,20,Go Home,False,False,False,False,False,False,False,False,False,False,False,False,33.8027920380556,-117.4659261431046,4022.2,4043.5,1049.4,396.9,True,1,1,False,False,False,False,,True,False,False,Course Lock,196.8,67,16.4,93,W,S,2.01,11.4,Calm,False,False,Android,7.0.2,M300 RTK,1ZN7L4R0H1D00F,1W9DL31001461C,1ZMLH8300204F0,1Z6PH74DAP0QN7,"Corona, CA",728.3,5.7,137.7,8.547347,2.013246,0,0,DJI Matrice 300 RTK,M300 RTK,1ZN7L4R0H1D00F,1W9DL31001461C,1ZMLH8300204F0,1Z6PH74DAP0QN7,DJI Pilot,Android,7.0.2,1EF72A62-B7C3-C88D-164E-CE6F8C8424AE,1ZN7L4R0H1D00F,1W9DL31001461C,,1ZMLH8300204F0,1W9DL31001461C,,,,,
2023-11-01,11:35:45.67 AM,11m 23.3s,683.3,33.793838872313,-117.473669171657,-30.5,137.7,20.9,1233,5779.1,0,8.547335,0,2.23694,0,5.816044,0,1.11847,1,0,1,90.8,90.8,,Tripod,Other,,21,5,True,,True,False,,Smart,RC,False,True,False,,,True,,False,False,False,False,False,False,False,False,False,False,0,Follow Yaw,-77.9,0,83.1,83.1,False,False,False,False,False,,0,0,False,False,No Card,100,100,1024,1024,1024,1024,2,False,False,False,False,False,0,False,False,False,False,63,,45.948,,6377,,10044,,45.948,,True,3.827,3.827,3.827,3.827,3.827,3.827,3.827,3.827,3.827,3.827,3.827,3.827,0,,False,False,True,,,,,,,,,,,,,,,False,False,19.962,,106.3,,75.7,,106.3,,1168,124,,21,7,148402.4,19786.99,,Idle,,20,,10,,,20,Go Home,False,False,False,False,False,False,False,False,False,False,False,False,33.8027920380556,-117.4659261431046,4022.2,4043.5,1049.4,396.9,True,1,1,False,False,False,False,,True,False,False,Course Lock,196.8,67,16.4,93,W,S,2.01,11.4,Calm,False,False,Android,7.0.2,M300 RTK,1ZN7L4R0H1D00F,1W9DL31001461C,1ZMLH8300204F0,1Z6PH74DAP0QN7,"Corona, CA",728.3,5.7,137.7,8.547347,2.013246,0,0,DJI Matrice 300 RTK,M300 RTK,1ZN7L4R0H1D00F,1W9DL31001461C,1ZMLH8300204F0,1Z6PH74DAP0QN7,DJI Pilot,Android,7.0.2,1EF72A62-B7C3-C88D-164E-CE6F8C8424AE,1ZN7L4R0H1D00F,1W9DL31001461C,,1ZMLH8300204F0,1W9DL31001461C,,,,,
2023-11-01,11:35:45.78 AM,11m 23.4s,683.4,33.7938389206968,-117.4736691745433,-30.5,137.7,21.3,1233,5779.1,0,8.547335,0,2.23694,0,5.816044,0,1.11847,1,0.3,1,90.8,90.8,,Tripod,Other,,21,5,True,,True,False,,Smart,RC,False,True,False,,,True,,False,False,False,False,False,False,False,False,False,False,0,Follow Yaw,-77.9,0,83.1,83.1,False,False,False,False,False,,0,0,False,False,No Card,100,100,1024,1024,1024,1024,2,False,False,False,False,False,0,False,False,False,False,63,,45.948,,6377,,10044,,45.948,,True,3.827,3.827,3.827,3.827,3.827,3.827,3.827,3.827,3.827,3.827,3.827,3.827,0,,False,False,True,,,,,,,,,,,,,,,False,False,19.962,,106.3,,75.7,,106.3,,1168,124,,21,7,148402.4,19786.99,,Idle,,20,,10,,,20,Go Home,False,False,False,False,False,False,False,False,False,False,False,False,33.8027920380556,-117.4659261431046,4022.2,4043.5,1049.4,396.9,True,1,1,False,False,False,False,,True,False,False,Course Lock,196.8,67,16.4,93,W,S,2.01,11.4,Calm,False,False,Android,7.0.2,M300 RTK,1ZN7L4R0H1D00F,1W9DL31001461C,1ZMLH8300204F0,1Z6PH74DAP0QN7,"Corona, CA",728.3,5.7,137.7,8.547347,2.013246,0,0,DJI Matrice 300 RTK,M300 RTK,1ZN7L4R0H1D00F,1W9DL31001461C,1ZMLH8300204F0,1Z6PH74DAP0QN7,DJI Pilot,Android,7.0.2,1EF72A62-B7C3-C88D-164E-CE6F8C8424AE,1ZN7L4R0H1D00F,1W9DL31001461C,,1ZMLH8300204F0,1W9DL31001461C,,,,,
2023-11-01,11:35:45.84 AM,11m 23.5s,683.5,33.7938389357054,-117.4736691549988,-30.5,137.7,21.3,1233,5779.1,0,8.547335,0,2.23694,0,5.816044,0,1.11847,1,0.7,1.2,90.8,90.8,,Tripod,Other,,21,5,True,,True,False,,Smart,RC,False,True,False,,,True,,False,False,False,False,False,False,False,False,False,False,0,Follow Yaw,-77.9,0,83.1,83.1,False,False,False,False,False,,0,0,False,False,No Card,100,100,1024,1024,1024,1024,2,False,False,False,False,False,0,False,False,False,False,63,,45.948,,6377,,10044,,45.948,,True,3.827,3.827,3.827,3.827,3.827,3.827,3.827,3.827,3.827,3.827,3.827,3.827,0,,False,False,True,,,,,,,,,,,,,,,False,False,19.962,,106.3,,75.7,,106.3,,1168,124,,21,7,148402.4,19786.99,,Idle,,20,,10,,,20,Go Home,False,False,False,False,False,False,False,False,False,False,False,False,33.8027920380556,-117.4659261431046,4022.2,4043.5,1049.4,396.9,True,1,1,False,False,False,False,,True,False,False,Course Lock,196.8,67,16.4,93,W,S,2.01,11.4,Calm,False,False,Android,7.0.2,M300 RTK,1ZN7L4R0H1D00F,1W9DL31001461C,1ZMLH8300204F0,1Z6PH74DAP0QN7,"Corona, CA",728.3,5.7,137.7,8.547347,2.013246,0,0,DJI Matrice 300 RTK,M300 RTK,1ZN7L4R0H1D00F,1W9DL31001461C,1ZMLH8300204F0,1Z6PH74DAP0QN7,DJI Pilot,Android,7.0.2,1EF72A62-B7C3-C88D-164E-CE6F8C8424AE,1ZN7L4R0H1D00F,1W9DL31001461C,,1ZMLH8300204F0,1W9DL31001461C,,,,,
2023-11-01,11:35:45.94 AM,11m 23.6s,683.6,33.7938389840207,-117.4736691488963,-30.5,137.7,20.9,1233,5779.1,0,8.547335,0,2.23694,0,5.816044,0,1.11847,1,0.7,1.2,90.8,90.8,,Tripod,Other,,21,5,True,,True,False,,Smart,RC,False,True,False,,,True,,False,False,False,False,False,False,False,False,False,False,0,Follow Yaw,-77.9,0,83.1,83.1,False,False,False,False,False,,0,0,False,False,No Card,100,100,1024,1024,1024,1024,2,False,False,False,False,False,0,False,False,False,False,63,,45.948,,6377,,10044,,45.948,,True,3.827,3.827,3.827,3.827,3.827,3.827,3.827,3.827,3.827,3.827,3.827,3.827,0,,False,False,True,,,,,,,,,,,,,,,False,False,19.962,,106.3,,75.7,,106.3,,1168,124,,21,7,148402.4,19786.99,,Idle,,20,,10,,,20,Go Home,False,False,False,False,False,False,False,False,False,False,False,False,33.8027920380556,-117.4659261431046,4022.2,4043.5,1049.4,396.9,True,1,1,False,False,False,False,,True,False,False,Course Lock,196.8,67,16.4,93,W,S,2.01,11.4,Calm,False,False,Android,7.0.2,M300 RTK,1ZN7L4R0H1D00F,1W9DL31001461C,1ZMLH8300204F0,1Z6PH74DAP0QN7,"Corona, CA",728.3,5.7,137.7,8.547347,2.013246,0,0,DJI Matrice 300 RTK,M300 RTK,1ZN7L4R0H1D00F,1W9DL31001461C,1ZMLH8300204F0,1Z6PH74DAP0QN7,DJI Pilot,Android,7.0.2,1EF72A62-B7C3-C88D-164E-CE6F8C8424AE,1ZN7L4R0H1D00F,1W9DL31001461C,,1ZMLH8300204F0,1W9DL31001461C,,,,,
2023-11-01,11:35:46.04 AM,11m 23.7s,683.7,33.7938389568819,-117.4736691321557,-30.5,137.7,20.9,1233,5779.1,0,8.547335,0,2.23694,0,5.816044,0,1.11847,1,0.7,1.2,90.8,90.8,,Tripod,Other,,21,5,True,,True,False,,Smart,RC,False,True,False,,,True,,False,False,False,False,False,False,False,False,False,False,0,Follow Yaw,-77.9,0,83.1,83.1,False,False,False,False,False,,0,0,False,False,No Card,100,100,1024,1024,1024,1024,2,False,False,False,False,False,0,False,False,False,False,64,,45.912,,3191,,4986,,45.912,,True,3.827,3.827,3.827,3.827,3.827,3.827,3.827,3.827,3.827,3.827,3.827,3.827,0,,False,False,True,,,,,,,,,,,,,,,False,False,10.082,,106.1,,75.7,,106.3,,1168,124,,21,7,148402.4,19786.99,,Idle,,20,,10,,,20,Go Home,False,False,False,False,False,False,False,False,False,False,False,False,33.8027920380556,-117.4659261431046,4022.2,4043.5,1049.4,396.9,True,1,1,False,False,False,False,,True,False,False,Course Lock,196.8,67,16.4,93,W,S,2.01,11.4,Calm,False,False,Android,7.0.2,M300 RTK,1ZN7L4R0H1D00F,1W9DL31001461C,1ZMLH8300204F0,1Z6PH74DAP0QN7,"Corona, CA",728.3,5.7,137.7,8.547347,2.013246,0,0,DJI Matrice 300 RTK,M300 RTK,1ZN7L4R0H1D00F,1W9DL31001461C,1ZMLH8300204F0,1Z6PH74DAP0QN7,DJI Pilot,Android,7.0.2,1EF72A62-B7C3-C88D-164E-CE6F8C8424AE,1ZN7L4R0H1D00F,1W9DL31001461C,,1ZMLH8300204F0,1W9DL31001461C,,,,,
2023-11-01,11:35:46.14 AM,11m 23.8s,683.8,33.7938389929984,-117.4736691142605,-30.5,137.7,21.3,1233,5779.1,0,8.547335,0,2.23694,0,5.816044,0,1.11847,1.2,0.8,1.4,90.8,90.8,,Tripod,Other,,21,5,True,,True,False,,Smart,RC,False,True,False,,,True,,False,False,False,False,False,False,False,False,False,False,0,Follow Yaw,-77.9,0,83.1,83.1,False,False,False,False,False,,0,0,False,False,No Card,100,100,1024,1024,1024,1024,2,False,False,False,False,False,0,False,False,False,False,64,,45.912,,3191,,4986,,45.912,,True,3.827,3.827,3.827,3.827,3.827,3.827,3.827,3.827,3.827,3.827,3.827,3.827,0,,False,False,True,,,,,,,,,,,,,,,False,False,10.082,,106.1,,75.7,,106.3,,1168,124,,21,7,148402.4,19786.99,,Idle,,20,,10,,,20,Go Home,False,False,False,False,False,False,False,False,False,False,False,False,33.8027920380556,-117.4659261431046,4022.1,4043.5,1049.4,396.9,True,1,1,False,False,False,False,,True,False,False,Course Lock,196.8,67,16.4,93,W,S,2.01,11.4,Calm,False,False,Android,7.0.2,M300 RTK,1ZN7L4R0H1D00F,1W9DL31001461C,1ZMLH8300204F0,1Z6PH74DAP0QN7,"Corona, CA",728.3,5.7,137.7,8.547347,2.013246,0,0,DJI Matrice 300 RTK,M300 RTK,1ZN7L4R0H1D00F,1W9DL31001461C,1ZMLH8300204F0,1Z6PH74DAP0QN7,DJI Pilot,Android,7.0.2,1EF72A62-B7C3-C88D-164E-CE6F8C8424AE,1ZN7L4R0H1D00F,1W9DL31001461C,,1ZMLH8300204F0,1W9DL31001461C,,,,,
2023-11-01,11:35:46.24 AM,11m 23.9s,683.9,33.7938390566649,-117.4736689381952,-30.5,137.7,20.9,1233,5779.2,0,8.547335,0,2.23694,0,5.816044,0,1.11847,1.4,0.8,1.6,90.8,90.8,,Tripod,Other,,21,5,True,,True,False,,Smart,RC,False,True,False,,,True,,False,False,False,False,False,False,False,False,False,False,0,Follow Yaw,-77.9,0,83.1,83.1,False,False,False,False,False,,0,0,False,False,No Card,100,100,1024,1024,1024,1024,2,False,False,False,False,False,0,False,False,False,False,64,,45.912,,3191,,4986,,45.912,,True,3.827,3.827,3.827,3.827,3.827,3.827,3.827,3.827,3.827,3.827,3.827,3.827,0,,False,False,True,,,,,,,,,,,,,,,False,False,10.082,,106.1,,75.7,,106.3,,1168,124,,21,7,148402.4,19786.99,,Idle,,20,,10,,,20,Go Home,False,False,False,False,False,False,False,False,False,False,False,False,33.8027920380556,-117.4659261431046,4022.1,4043.5,1049.4,396.9,True,1,1,False,False,False,False,,True,False,False,Course Lock,196.8,67,16.4,93,W,S,2.01,11.4,Calm,False,False,Android,7.0.2,M300 RTK,1ZN7L4R0H1D00F,1W9DL31001461C,1ZMLH8300204F0,1Z6PH74DAP0QN7,"Corona, CA",728.3,5.7,137.7,8.547347,2.013246,0,0,DJI Matrice 300 RTK,M300 RTK,1ZN7L4R0H1D00F,1W9DL31001461C,1ZMLH8300204F0,1Z6PH74DAP0QN7,DJI Pilot,Android,7.0.2,1EF72A62-B7C3-C88D-164E-CE6F8C8424AE,1ZN7L4R0H1D00F,1W9DL31001461C,,1ZMLH8300204F0,1W9DL31001461C,,,,,
2023-11-01,11:35:46.34 AM,11m 24.0s,684.0,33.7938390868191,-117.4736689026523,-30.5,137.7,20.9,1233,5779.2,0,8.547335,0,2.23694,0,5.816044,0,1.11847,1.4,0.8,1.6,90.8,90.8,,Tripod,Other,,21,5,True,,True,False,,Smart,RC,False,True,False,,,True,,False,False,False,False,False,False,False,False,False,False,0,Follow Yaw,-77.9,0,83.1,83.1,False,False,False,False,False,,0,0,False,False,No Card,100,100,1024,1024,1024,1024,2,False,False,False,False,False,0,False,False,False,False,63,,45.924,,6377,,10044,,45.924,,True,3.827,3.827,3.827,3.827,3.827,3.827,3.827,3.827,3.827,3.827,3.827,3.827,0,,False,False,True,,,,,,,,,,,,,,,False,False,20.15,,106.3,,75.7,,106.3,,1168,124,,21,7,148402.4,19786.99,,Idle,,20,,10,,,20,Go Home,False,False,False,False,False,False,False,False,False,False,False,False,33.8027920380556,-117.4659261431046,4022.1,4043.5,1049.4,396.9,True,1,1,False,False,False,False,,True,False,False,Course Lock,196.8,67,16.4,93,W,S,2.01,11.4,Calm,False,False,Android,7.0.2,M300 RTK,1ZN7L4R0H1D00F,1W9DL31001461C,1ZMLH8300204F0,1Z6PH74DAP0QN7,"Corona, CA",728.3,5.7,137.7,8.547347,2.013246,0,0,DJI Matrice 300 RTK,M300 RTK,1ZN7L4R0H1D00F,1W9DL31001461C,1ZMLH8300204F0,1Z6PH74DAP0QN7,DJI Pilot,Android,7.0.2,1EF72A62-B7C3-C88D-164E-CE6F8C8424AE,1ZN7L4R0H1D00F,1W9DL31001461C,,1ZMLH8300204F0,1W9DL31001461C,,,,,
2023-11-01,11:35:46.44 AM,11m 24.1s,684.1,33.7938391348603,-117.4736689371232,-30.5,137.7,20.9,1233,5779.2,0,8.547335,0,2.23694,0,5.816044,0,1.11847,1.4,0.8,1.6,90.8,90.8,,Tripod,Other,,21,5,True,,True,False,,Smart,RC,False,True,False,,,True,,False,False,False,False,False,False,False,False,False,False,0,Follow Yaw,-77.9,0,83.1,83.1,False,False,False,False,False,,0,0,False,False,No Card,100,100,1024,1024,1024,1024,2,False,False,False,False,False,0,False,False,False,False,63,,45.924,,6377,,10044,,45.924,,True,3.827,3.827,3.827,3.827,3.827,3.827,3.827,3.827,3.827,3.827,3.827,3.827,0,,False,False,True,,,,,,,,,,,,,,,False,False,20.15,,106.3,,75.7,,106.3,,1168,124,,21,7,148402.4,19786.99,,Idle,,20,,10,,,20,Go Home,False,False,False,False,False,False,False,False,False,False,False,False,33.8027920380556,-117.4659261431046,4022.1,4043.5,1049.4,396.9,True,1,1,False,False,False,False,,True,False,False,Course Lock,196.8,67,16.4,93,W,S,2.01,11.4,Calm,False,True,Android,7.0.2,M300 RTK,1ZN7L4R0H1D00F,1W9DL31001461C,1ZMLH8300204F0,1Z6PH74DAP0QN7,"Corona, CA",728.3,5.7,137.7,8.547347,2.013246,0,0,DJI Matrice 300 RTK,M300 RTK,1ZN7L4R0H1D00F,1W9DL31001461C,1ZMLH8300204F0,1Z6PH74DAP0QN7,DJI Pilot,Android,7.0.2,1EF72A62-B7C3-C88D-164E-CE6F8C8424AE,1ZN7L4R0H1D00F,1W9DL31001461C,,1ZMLH8300204F0,1W9DL31001461C,,,,,
2023-11-01,11:35:46.54 AM,11m 24.2s,684.2,33.7938391599431,-117.4736689076827,-30.5,137.7,20.9,1233,5779.2,0,8.547335,0,2.23694,0,5.816044,0,1.11847,1.2,0.7,1.3,90.9,90.9,,Tripod,Other,,21,5,True,,True,False,,Smart,RC,False,True,False,,,True,,False,False,False,False,False,False,False,False,False,False,0,Follow Yaw,-77.9,0,83.1,83.1,False,False,False,False,False,,0,0,False,False,No Card,100,100,1024,1024,1024,1024,2,False,False,False,False,False,0,False,False,False,False,63,,45.924,,6377,,10044,,45.924,,True,3.827,3.827,3.827,3.827,3.827,3.827,3.827,3.827,3.827,3.827,3.827,3.827,0,,False,False,True,,,,,,,,,,,,,,,False,False,20.15,,106.3,,75.7,,106.3,,1168,124,,21,7,148402.4,19786.99,,Idle,,20,,10,,,20,Go Home,False,False,False,False,False,False,False,False,False,False,False,False,33.8027920380556,-117.4659261431046,4022.1,4043.5,1049.4,396.9,True,1,1,False,False,False,False,,True,False,False,Course Lock,196.8,67,16.4,93,W,S,2.01,11.4,Calm,False,False,Android,7.0.2,M300 RTK,1ZN7L4R0H1D00F,1W9DL31001461C,1ZMLH8300204F0,1Z6PH74DAP0QN7,"Corona, CA",728.3,5.7,137.7,8.547347,2.013246,0,0,DJI Matrice 300 RTK,M300 RTK,1ZN7L4R0H1D00F,1W9DL31001461C,1ZMLH8300204F0,1Z6PH74DAP0QN7,DJI Pilot,Android,7.0.2,1EF72A62-B7C3-C88D-164E-CE6F8C8424AE,1ZN7L4R0H1D00F,1W9DL31001461C,,1ZMLH8300204F0,1W9DL31001461C,,,,,
2023-11-01,11:35:46.64 AM,11m 24.3s,684.3,33.793839056802,-117.4736687997345,-30.5,137.7,20.9,1233,5779.3,0,8.547335,0,2.23694,0,5.816044,0,1.11847,1.1,0.7,1.3,90.9,90.9,,Tripod,Other,,21,5,True,,True,False,,Smart,RC,False,True,False,,,True,,False,False,False,False,False,False,False,False,False,False,0,Follow Yaw,-77.9,0,83.1,83.1,False,False,False,False,False,,0,0,False,False,No Card,100,100,1024,1024,1024,1024,2,False,False,False,False,False,0,False,False,False,False,63,,45.924,,6377,,10044,,45.924,,True,3.826,3.826,3.826,3.826,3.826,3.826,3.826,3.826,3.826,3.826,3.826,3.826,0,,False,False,True,,,,,,,,,,,,,,,False,False,20.15,,106.3,,75.7,,106.3,,1167,124,,21,7,148417.5,19789.00,,Idle,,20,,10,,,20,Go Home,False,False,False,False,False,False,False,False,False,False,False,False,33.8027920380556,-117.4659261431046,4022.1,4043.5,1049.4,396.9,True,1,1,False,False,False,False,,True,False,False,Course Lock,196.8,67,16.4,93,W,S,2.01,11.4,Calm,False,False,Android,7.0.2,M300 RTK,1ZN7L4R0H1D00F,1W9DL31001461C,1ZMLH8300204F0,1Z6PH74DAP0QN7,"Corona, CA",728.3,5.7,137.7,8.547347,2.013246,0,0,DJI Matrice 300 RTK,M300 RTK,1ZN7L4R0H1D00F,1W9DL31001461C,1ZMLH8300204F0,1Z6PH74DAP0QN7,DJI Pilot,Android,7.0.2,1EF72A62-B7C3-C88D-164E-CE6F8C8424AE,1ZN7L4R0H1D00F,1W9DL31001461C,,1ZMLH8300204F0,1W9DL31001461C,,,,,
2023-11-01,11:35:46.74 AM,11m 24.4s,684.4,33.7938390639979,-117.4736687588312,-30.5,137.7,20.9,1233,5779.3,0,8.547335,0,2.23694,0,5.816044,0,1.11847,1.2,0.6,1.3,91,91,,Tripod,Other,,21,5,True,,True,False,,Smart,RC,False,True,False,,,True,,False,False,False,False,False,False,False,False,False,False,0,Follow Yaw,-77.9,0,83.1,83.1,False,False,False,False,False,,0,0,False,False,No Card,100,100,1024,1024,1024,1024,2,False,False,False,False,False,0,False,False,False,False,63,,45.924,,6377,,10044,,45.924,,True,3.826,3.826,3.826,3.826,3.826,3.826,3.826,3.826,3.826,3.826,3.826,3.826,0,,False,False,True,,,,,,,,,,,,,,,False,False,20.15,,106.3,,75.7,,106.3,,1167,124,,21,7,148417.5,19789.00,,Idle,,20,,10,,,20,Go Home,False,False,False,False,False,False,False,False,False,False,False,False,33.8027920380556,-117.4659261431046,4022.1,4043.5,1049.4,396.9,True,1,1,False,False,False,False,,True,False,False,Course Lock,196.8,67,16.4,93,W,S,2.01,11.4,Calm,False,False,Android,7.0.2,M300 RTK,1ZN7L4R0H1D00F,1W9DL31001461C,1ZMLH8300204F0,1Z6PH74DAP0QN7,"Corona, CA",728.3,5.7,137.7,8.547347,2.013246,0,0,DJI Matrice 300 RTK,M300 RTK,1ZN7L4R0H1D00F,1W9DL31001461C,1ZMLH8300204F0,1Z6PH74DAP0QN7,DJI Pilot,Android,7.0.2,1EF72A62-B7C3-C88D-164E-CE6F8C8424AE,1ZN7L4R0H1D00F,1W9DL31001461C,,1ZMLH8300204F0,1W9DL31001461C,,,,,
2023-11-01,11:35:46.84 AM,11m 24.5s,684.5,33.7938390009482,-117.4736688246393,-30.5,137.7,20.9,1233,5779.3,0,8.547335,0,2.23694,0,5.816044,0,1.11847,1.4,0.6,1.5,91,91,,Tripod,Other,,21,5,True,,True,False,,Smart,RC,False,True,False,,,True,,False,False,False,False,False,False,False,False,False,False,0,Follow Yaw,-77.9,0,83.1,83.1,False,False,False,False,False,,0,0,False,False,No Card,100,100,1024,1024,1024,1024,2,False,False,False,False,False,0,False,False,False,False,63,,45.924,,6377,,10044,,45.924,,True,3.826,3.826,3.826,3.826,3.826,3.826,3.826,3.826,3.826,3.826,3.826,3.826,0,,False,False,True,,,,,,,,,,,,,,,False,False,20.15,,106.3,,75.7,,106.3,,1167,124,,21,7,148417.5,19789.00,,Idle,,20,,10,,,20,Go Home,False,False,False,False,False,False,False,False,False,False,False,False,33.8027920380556,-117.4659261431046,4022.1,4043.5,1049.4,396.9,True,1,1,False,False,False,False,,True,False,False,Course Lock,196.8,67,16.4,93,W,S,2.01,11.4,Calm,False,True,Android,7.0.2,M300 RTK,1ZN7L4R0H1D00F,1W9DL31001461C,1ZMLH8300204F0,1Z6PH74DAP0QN7,"Corona, CA",728.3,5.7,137.7,8.547347,2.013246,0,0,DJI Matrice 300 RTK,M300 RTK,1ZN7L4R0H1D00F,1W9DL31001461C,1ZMLH8300204F0,1Z6PH74DAP0QN7,DJI Pilot,Android,7.0.2,1EF72A62-B7C3-C88D-164E-CE6F8C8424AE,1ZN7L4R0H1D00F,1W9DL31001461C,,1ZMLH8300204F0,1W9DL31001461C,,,,,
2023-11-01,11:35:46.94 AM,11m 24.6s,684.6,33.7938390012223,-117.4736687904158,-30.5,137.7,20.9,1233,5779.4,0,8.547335,0,2.23694,0,5.816044,0,1.11847,1.6,0.6,1.7,91.1,91.1,,Tripod,Other,,21,5,True,,True,False,,Smart,RC,False,True,False,,,True,,False,False,False,False,False,False,False,False,False,False,0,Follow Yaw,-77.9,0,83.1,83.1,False,False,False,False,False,,0,0,False,False,No Card,100,100,1024,1024,1024,1024,2,False,False,False,False,False,0,False,False,False,False,63,,45.924,,6377,,10044,,45.924,,True,3.826,3.826,3.826,3.826,3.826,3.826,3.826,3.826,3.826,3.826,3.826,3.826,0,,False,False,True,,,,,,,,,,,,,,,False,False,20.15,,106.3,,75.7,,106.3,,1167,124,,21,7,148417.5,19789.00,,Idle,,20,,10,,,20,Go Home,False,False,False,False,False,False,False,False,False,False,False,False,33.8027920380556,-117.4659261431046,4022.1,4043.5,1049.4,396.9,True,1,1,False,False,False,False,,True,False,False,Course Lock,196.8,67,16.4,93,W,S,2.01,11.4,Calm,False,False,Android,7.0.2,M300 RTK,1ZN7L4R0H1D00F,1W9DL31001461C,1ZMLH8300204F0,1Z6PH74DAP0QN7,"Corona, CA",728.3,5.7,137.7,8.547347,2.013246,0,0,DJI Matrice 300 RTK,M300 RTK,1ZN7L4R0H1D00F,1W9DL31001461C,1ZMLH8300204F0,1Z6PH74DAP0QN7,DJI Pilot,Android,7.0.2,1EF72A62-B7C3-C88D-164E-CE6F8C8424AE,1ZN7L4R0H1D00F,1W9DL31001461C,,1ZMLH8300204F0,1W9DL31001461C,,,,,
2023-11-01,11:35:47.04 AM,11m 24.7s,684.7,33.7938391302001,-117.4736686781794,-30.5,137.7,20.9,1233,5779.4,0,8.547335,0,2.23694,0,5.816044,0,1.11847,1.8,0.7,1.9,91.1,91.1,,Tripod,Other,,21,5,True,,True,False,,Smart,RC,False,True,False,,,True,,False,False,False,False,False,False,False,False,False,False,0,Follow Yaw,-77.9,0,83.1,83.1,False,False,False,False,False,,0,0,False,False,No Card,100,100,1024,1024,1024,1024,2,False,False,False,False,False,0,False,False,False,False,63,,45.924,,6377,,10044,,45.924,,True,3.826,3.826,3.826,3.826,3.826,3.826,3.826,3.826,3.826,3.826,3.826,3.826,0,,False,False,True,,,,,,,,,,,,,,,False,False,20.15,,106.3,,75.7,,106.3,,1167,124,,21,7,148417.5,19789.00,,Idle,,20,,10,,,20,Go Home,False,False,False,False,False,False,False,False,False,False,False,False,33.8027920380556,-117.4659261431046,4022.0,4043.5,1049.4,396.9,True,1,1,False,False,False,False,,True,False,False,Course Lock,196.8,67,16.4,93,W,S,2.01,11.4,Calm,False,False,Android,7.0.2,M300 RTK,1ZN7L4R0H1D00F,1W9DL31001461C,1ZMLH8300204F0,1Z6PH74DAP0QN7,"Corona, CA",728.3,5.7,137.7,8.547347,2.013246,0,0,DJI Matrice 300 RTK,M300 RTK,1ZN7L4R0H1D00F,1W9DL31001461C,1ZMLH8300204F0,1Z6PH74DAP0QN7,DJI Pilot,Android,7.0.2,1EF72A62-B7C3-C88D-164E-CE6F8C8424AE,1ZN7L4R0H1D00F,1W9DL31001461C,,1ZMLH8300204F0,1W9DL31001461C,,,,,
2023-11-01,11:35:47.14 AM,11m 24.8s,684.8,33.7938391393149,-117.4736686457701,-30.5,137.7,20.9,1233,5779.4,0,8.547335,0,2.23694,0,5.816044,0,1.11847,1.8,0.7,1.9,91.1,91.1,,Tripod,Other,,21,5,True,,True,False,,Smart,RC,False,True,False,,,True,,False,False,False,False,False,False,False,False,False,False,0,Follow Yaw,-77.9,0,83.1,83.1,False,False,False,False,False,,0,0,False,False,No Card,100,100,1024,1024,1024,1024,2,False,False,False,False,False,0,False,False,False,False,63,,45.924,,6377,,10044,,45.924,,True,3.826,3.826,3.826,3.826,3.826,3.826,3.826,3.826,3.826,3.826,3.826,3.826,0,,False,False,True,,,,,,,,,,,,,,,False,False,20.15,,106.3,,75.7,,106.3,,1167,124,,21,7,148417.5,19789.00,,Idle,,20,,10,,,20,Go Home,False,False,False,False,False,False,False,False,False,False,False,False,33.8027920380556,-117.4659261431046,4022.0,4043.5,1049.4,396.9,True,1,1,False,False,False,False,,True,False,False,Course Lock,196.8,67,16.4,93,W,S,2.01,11.4,Calm,False,False,Android,7.0.2,M300 RTK,1ZN7L4R0H1D00F,1W9DL31001461C,1ZMLH8300204F0,1Z6PH74DAP0QN7,"Corona, CA",728.3,5.7,137.7,8.547347,2.013246,0,0,DJI Matrice 300 RTK,M300 RTK,1ZN7L4R0H1D00F,1W9DL31001461C,1ZMLH8300204F0,1Z6PH74DAP0QN7,DJI Pilot,Android,7.0.2,1EF72A62-B7C3-C88D-164E-CE6F8C8424AE,1ZN7L4R0H1D00F,1W9DL31001461C,,1ZMLH8300204F0,1W9DL31001461C,,,,,
2023-11-01,11:35:47.24 AM,11m 24.9s,684.9,33.7938391017592,-117.4736685749317,-30.5,137.7,20.9,1233,5779.4,0,8.547335,0,2.23694,0,5.816044,0,1.11847,1.7,0.7,1.8,91.1,91.1,,Tripod,Other,,21,5,True,,True,False,,Smart,RC,False,True,False,,,True,,False,False,False,False,False,False,False,False,False,False,0,Follow Yaw,-77.9,0,83.1,83.1,False,False,False,False,False,,0,0,False,False,No Card,100,100,1024,1024,1024,1024,2,False,False,False,False,False,0,False,False,False,False,63,,45.924,,6377,,10044,,45.924,,True,3.826,3.826,3.826,3.826,3.826,3.826,3.826,3.826,3.826,3.826,3.826,3.826,0,,False,False,True,,,,,,,,,,,,,,,False,False,20.15,,106.3,,75.7,,106.3,,1167,124,,21,7,148417.5,19789.00,,Idle,,20,,10,,,20,Go Home,False,False,False,False,False,False,False,False,False,False,False,False,33.8027920380556,-117.4659261431046,4022.0,4043.5,1049.4,396.9,True,1,1,False,False,False,False,,True,False,False,Course Lock,196.8,67,16.4,93,W,S,2.01,11.4,Calm,False,False,Android,7.0.2,M300 RTK,1ZN7L4R0H1D00F,1W9DL31001461C,1ZMLH8300204F0,1Z6PH74DAP0QN7,"Corona, CA",728.3,5.7,137.7,8.547347,2.013246,0,0,DJI Matrice 300 RTK,M300 RTK,1ZN7L4R0H1D00F,1W9DL31001461C,1ZMLH8300204F0,1Z6PH74DAP0QN7,DJI Pilot,Android,7.0.2,1EF72A62-B7C3-C88D-164E-CE6F8C8424AE,1ZN7L4R0H1D00F,1W9DL31001461C,,1ZMLH8300204F0,1W9DL31001461C,,,,,
2023-11-01,11:35:47.34 AM,11m 25.0s,685.0,33.793839105734,-117.4736685500269,-30.5,137.7,20.9,1233,5779.5,0,8.547335,0,2.23694,0,5.816044,0,1.11847,1.5,0.6,1.6,91.2,91.2,,Tripod,Other,,21,5,True,,True,False,,Smart,RC,False,True,False,,,True,,False,False,False,False,False,False,False,False,False,False,0,Follow Yaw,-77.9,0,83.1,83.1,False,False,False,False,False,,0,0,False,False,No Card,100,100,1024,1024,1024,1024,2,False,False,False,False,False,0,False,False,False,False,63,,45.876,,3141,,4986,,45.876,,True,3.826,3.826,3.826,3.826,3.826,3.826,3.826,3.826,3.826,3.826,3.826,3.826,0,,False,False,True,,,,,,,,,,,,,,,False,False,10.23,,106.1,,75.7,,106.3,,1167,124,,21,7,148417.5,19789.00,,Idle,,20,,10,,,20,Go Home,False,False,False,False,False,False,False,False,False,False,False,False,33.8027920380556,-117.4659261431046,4022.0,4043.5,1049.4,396.9,True,1,1,False,False,False,False,,True,False,False,Course Lock,196.8,67,16.4,93,W,S,2.01,11.4,Calm,False,False,Android,7.0.2,M300 RTK,1ZN7L4R0H1D00F,1W9DL31001461C,1ZMLH8300204F0,1Z6PH74DAP0QN7,"Corona, CA",728.3,5.7,137.7,8.547347,2.013246,0,0,DJI Matrice 300 RTK,M300 RTK,1ZN7L4R0H1D00F,1W9DL31001461C,1ZMLH8300204F0,1Z6PH74DAP0QN7,DJI Pilot,Android,7.0.2,1EF72A62-B7C3-C88D-164E-CE6F8C8424AE,1ZN7L4R0H1D00F,1W9DL31001461C,,1ZMLH8300204F0,1W9DL31001461C,,,,,
2023-11-01,11:35:47.41 AM,11m 25.1s,685.1,33.793839241428,-117.4736684961765,-30.5,137.7,20.9,1233,5779.5,0,8.547335,0,2.23694,0,5.816044,0,1.11847,1.3,0.7,1.4,91.2,91.2,,Tripod,Other,,21,5,True,,True,False,,Smart,RC,False,True,False,,,True,,False,False,False,False,False,False,False,False,False,False,0,Follow Yaw,-77.9,0,83.1,83.1,False,False,False,False,False,,0,0,False,False,No Card,100,100,1024,1024,1024,1024,2,False,False,False,False,False,0,False,False,False,False,63,,45.876,,3141,,4986,,45.876,,True,3.826,3.826,3.826,3.826,3.826,3.826,3.826,3.826,3.826,3.826,3.826,3.826,0,,False,False,True,,,,,,,,,,,,,,,False,False,10.23,,106.1,,75.7,,106.3,,1167,124,,21,7,148417.5,19789.00,,Idle,,20,,10,,,20,Go Home,False,False,False,False,False,False,False,False,False,False,False,False,33.8027920380556,-117.4659261431046,4022.0,4043.5,1049.4,396.9,True,1,1,False,False,False,False,,True,False,False,Course Lock,196.8,67,16.4,93,W,S,2.01,11.4,Calm,False,False,Android,7.0.2,M300 RTK,1ZN7L4R0H1D00F,1W9DL31001461C,1ZMLH8300204F0,1Z6PH74DAP0QN7,"Corona, CA",728.3,5.7,137.7,8.547347,2.013246,0,0,DJI Matrice 300 RTK,M300 RTK,1ZN7L4R0H1D00F,1W9DL31001461C,1ZMLH8300204F0,1Z6PH74DAP0QN7,DJI Pilot,Android,7.0.2,1EF72A62-B7C3-C88D-164E-CE6F8C8424AE,1ZN7L4R0H1D00F,1W9DL31001461C,,1ZMLH8300204F0,1W9DL31001461C,,,,,
2023-11-01,11:35:47.54 AM,11m 25.2s,685.2,33.7938392592464,-117.4736684696224,-30.5,137.7,20.9,1233,5779.5,0,8.547335,0,2.23694,0,5.816044,0,1.11847,1.3,0.8,1.5,91.2,91.2,,Tripod,Other,,21,5,True,,True,False,,Smart,RC,False,True,False,,,True,,False,False,False,False,False,False,False,False,False,False,0,Follow Yaw,-77.9,0,83.1,83.1,False,False,False,False,False,,0,0,False,False,No Card,100,100,1024,1024,1024,1024,2,False,False,False,False,False,0,False,False,False,False,63,,45.876,,3141,,4986,,45.876,,True,3.826,3.826,3.826,3.826,3.826,3.826,3.826,3.826,3.826,3.826,3.826,3.826,0,,False,False,True,,,,,,,,,,,,,,,False,False,10.23,,106.1,,75.7,,106.3,,1167,124,,21,7,148417.5,19789.00,,Idle,,20,,10,,,20,Go Home,False,False,False,False,False,False,False,False,False,False,False,False,33.8027920380556,-117.4659261431046,4022.0,4043.5,1049.4,396.9,True,1,1,False,False,False,False,,True,False,False,Course Lock,196.8,67,16.4,93,W,S,2.01,11.4,Calm,False,False,Android,7.0.2,M300 RTK,1ZN7L4R0H1D00F,1W9DL31001461C,1ZMLH8300204F0,1Z6PH74DAP0QN7,"Corona, CA",728.3,5.7,137.7,8.547347,2.013246,0,0,DJI Matrice 300 RTK,M300 RTK,1ZN7L4R0H1D00F,1W9DL31001461C,1ZMLH8300204F0,1Z6PH74DAP0QN7,DJI Pilot,Android,7.0.2,1EF72A62-B7C3-C88D-164E-CE6F8C8424AE,1ZN7L4R0H1D00F,1W9DL31001461C,,1ZMLH8300204F0,1W9DL31001461C,,,,,
2023-11-01,11:35:47.62 AM,11m 25.3s,685.3,33.7938392249117,-117.4736682369028,-30.5,137.7,20.9,1233,5779.6,0,8.547335,0,2.23694,0,5.816044,0,1.11847,1.3,0.8,1.5,91.2,91.2,,Tripod,Other,,21,5,True,,True,False,,Smart,RC,False,True,False,,,True,,False,False,False,False,False,False,False,False,False,False,0,Follow Yaw,-77.9,0,83.1,83.1,False,False,False,False,False,,0,0,False,False,No Card,100,100,1024,1024,1024,1024,2,False,False,False,False,False,0,False,False,False,False,63,,45.876,,3141,,4986,,45.876,,True,3.826,3.826,3.826,3.826,3.826,3.826,3.826,3.826,3.826,3.826,3.826,3.826,0,,False,False,True,,,,,,,,,,,,,,,False,False,10.23,,106.1,,75.7,,106.3,,1165,124,,21,7,148657.6,19821.02,,Idle,,20,,10,,,20,Go Home,False,False,False,False,False,False,False,False,False,False,False,False,33.8027920380556,-117.4659261431046,4021.9,4043.5,1049.4,396.9,True,1,1,False,False,False,False,,True,False,False,Course Lock,196.8,67,16.4,93,W,S,2.01,11.4,Calm,False,False,Android,7.0.2,M300 RTK,1ZN7L4R0H1D00F,1W9DL31001461C,1ZMLH8300204F0,1Z6PH74DAP0QN7,"Corona, CA",728.3,5.7,137.7,8.547347,2.013246,0,0,DJI Matrice 300 RTK,M300 RTK,1ZN7L4R0H1D00F,1W9DL31001461C,1ZMLH8300204F0,1Z6PH74DAP0QN7,DJI Pilot,Android,7.0.2,1EF72A62-B7C3-C88D-164E-CE6F8C8424AE,1ZN7L4R0H1D00F,1W9DL31001461C,,1ZMLH8300204F0,1W9DL31001461C,,,,,
2023-11-01,11:35:47.72 AM,11m 25.4s,685.4,33.7938392325873,-117.4736681926184,-30.5,137.7,21.3,1233,5779.6,0,8.547335,0,2.23694,0,5.816044,0,1.11847,1.5,0.6,1.6,91.2,91.2,,Tripod,Other,,21,5,True,,True,False,,Smart,RC,False,True,False,,,True,,False,False,False,False,False,False,False,False,False,False,0,Follow Yaw,-77.9,0,83.1,83.1,False,False,False,False,False,,0,0,False,False,No Card,100,100,1024,1024,1024,1024,2,False,False,False,False,False,0,False,False,False,False,63,,45.876,,3141,,4986,,45.876,,True,3.826,3.826,3.826,3.826,3.826,3.826,3.826,3.826,3.826,3.826,3.826,3.826,0,,False,False,True,,,,,,,,,,,,,,,False,False,10.23,,106.1,,75.7,,106.3,,1165,124,,21,7,148657.6,19821.02,,Idle,,20,,10,,,20,Go Home,False,False,False,False,False,False,False,False,False,False,False,False,33.8027920380556,-117.4659261431046,4021.9,4043.5,1049.4,396.9,True,1,1,False,False,False,False,,True,False,False,Course Lock,196.8,67,16.4,93,W,S,2.23,11.4,Calm,False,False,Android,7.0.2,M300 RTK,1ZN7L4R0H1D00F,1W9DL31001461C,1ZMLH8300204F0,1Z6PH74DAP0QN7,"Corona, CA",728.3,5.7,137.7,8.547347,2.013246,0,0,DJI Matrice 300 RTK,M300 RTK,1ZN7L4R0H1D00F,1W9DL31001461C,1ZMLH8300204F0,1Z6PH74DAP0QN7,DJI Pilot,Android,7.0.2,1EF72A62-B7C3-C88D-164E-CE6F8C8424AE,1ZN7L4R0H1D00F,1W9DL31001461C,,1ZMLH8300204F0,1W9DL31001461C,,,,,
2023-11-01,11:35:47.82 AM,11m 25.5s,685.5,33.7938392019534,-117.4736681259033,-30.5,137.7,20.9,1233,5779.6,0,8.547335,0,2.23694,0,5.816044,0,1.11847,1.7,0.5,1.7,91.2,91.2,,Tripod,Other,,21,5,True,,True,False,,Smart,RC,False,True,False,,,True,,False,False,False,False,False,False,False,False,False,False,0,Follow Yaw,-77.9,0,83.1,83.1,False,False,False,False,False,,0,0,False,False,No Card,100,100,1024,1024,1024,1024,2,False,False,False,False,False,0,False,False,False,False,63,,45.876,,3141,,4986,,45.876,,True,3.826,3.826,3.826,3.826,3.826,3.826,3.826,3.826,3.826,3.826,3.826,3.826,0,,False,False,True,,,,,,,,,,,,,,,False,False,10.23,,106.1,,75.7,,106.3,,1165,124,,21,7,148657.6,19821.02,,Idle,,20,,10,,,20,Go Home,False,False,False,False,False,False,False,False,False,False,False,False,33.8027920380556,-117.4659261431046,4021.9,4043.5,1049.4,396.9,True,1,1,False,False,False,False,,True,False,False,Course Lock,196.8,67,16.4,93,W,S,2.23,11.4,Calm,False,False,Android,7.0.2,M300 RTK,1ZN7L4R0H1D00F,1W9DL31001461C,1ZMLH8300204F0,1Z6PH74DAP0QN7,"Corona, CA",728.3,5.7,137.7,8.547347,2.013246,0,0,DJI Matrice 300 RTK,M300 RTK,1ZN7L4R0H1D00F,1W9DL31001461C,1ZMLH8300204F0,1Z6PH74DAP0QN7,DJI Pilot,Android,7.0.2,1EF72A62-B7C3-C88D-164E-CE6F8C8424AE,1ZN7L4R0H1D00F,1W9DL31001461C,,1ZMLH8300204F0,1W9DL31001461C,,,,,
2023-11-01,11:35:47.94 AM,11m 25.6s,685.6,33.7938392103828,-117.4736680863195,-30.5,137.7,20.9,1233,5779.6,0,8.547335,0,2.23694,0,5.816044,0,1.11847,1.7,0.5,1.7,91.2,91.2,,Tripod,Other,,21,5,True,,True,False,,Smart,RC,False,True,False,,,True,,False,False,False,False,False,False,False,False,False,False,0,Follow Yaw,-77.9,0,83.1,83.1,False,False,False,False,False,,0,0,False,False,No Card,100,100,1024,1024,1024,1024,2,False,False,False,False,False,0,False,False,False,False,63,,45.876,,3141,,4986,,45.876,,True,3.826,3.826,3.826,3.826,3.826,3.826,3.826,3.826,3.826,3.826,3.826,3.826,0,,False,False,True,,,,,,,,,,,,,,,False,False,10.23,,106.1,,75.7,,106.3,,1165,124,,21,7,148657.6,19821.02,,Idle,,20,,10,,,20,Go Home,False,False,False,False,False,False,False,False,False,False,False,False,33.8027920380556,-117.4659261431046,4021.9,4043.5,1049.4,396.9,True,1,1,False,False,False,False,,True,False,False,Course Lock,196.8,67,16.4,93,W,S,2.23,11.4,Calm,False,False,Android,7.0.2,M300 RTK,1ZN7L4R0H1D00F,1W9DL31001461C,1ZMLH8300204F0,1Z6PH74DAP0QN7,"Corona, CA",728.3,5.7,137.7,8.547347,2.013246,0,0,DJI Matrice 300 RTK,M300 RTK,1ZN7L4R0H1D00F,1W9DL31001461C,1ZMLH8300204F0,1Z6PH74DAP0QN7,DJI Pilot,Android,7.0.2,1EF72A62-B7C3-C88D-164E-CE6F8C8424AE,1ZN7L4R0H1D00F,1W9DL31001461C,,1ZMLH8300204F0,1W9DL31001461C,,,,,
2023-11-01,11:35:48.02 AM,11m 25.7s,685.7,33.7938391893434,-117.4736680304899,-30.5,137.7,20.9,1233,5779.7,0,8.547335,0,2.23694,0,5.816044,0,1.11847,1.6,0.7,1.7,91.2,91.2,,Tripod,Other,,21,5,True,,True,False,,Smart,RC,False,True,False,,,True,,False,False,False,False,False,False,False,False,False,False,0,Follow Yaw,-77.9,0,83.1,83.1,False,False,False,False,False,,0,0,False,False,No Card,100,100,1024,1024,1024,1024,2,False,False,False,False,False,0,False,False,False,False,63,,45.876,,3141,,4986,,45.876,,True,3.826,3.826,3.826,3.826,3.826,3.826,3.826,3.826,3.826,3.826,3.826,3.826,0,,False,False,True,,,,,,,,,,,,,,,False,False,10.23,,106.1,,75.7,,106.3,,1165,124,,21,7,148657.6,19821.02,,Idle,,20,,10,,,20,Go Home,False,False,False,False,False,False,False,False,False,False,False,False,33.8027920380556,-117.4659261431046,4021.9,4043.5,1049.4,396.9,True,1,1,False,False,False,False,,True,False,False,Course Lock,196.8,67,16.4,93,W,S,2.23,11.4,Calm,False,False,Android,7.0.2,M300 RTK,1ZN7L4R0H1D00F,1W9DL31001461C,1ZMLH8300204F0,1Z6PH74DAP0QN7,"Corona, CA",728.3,5.7,137.7,8.547347,2.013246,0,0,DJI Matrice 300 RTK,M300 RTK,1ZN7L4R0H1D00F,1W9DL31001461C,1ZMLH8300204F0,1Z6PH74DAP0QN7,DJI Pilot,Android,7.0.2,1EF72A62-B7C3-C88D-164E-CE6F8C8424AE,1ZN7L4R0H1D00F,1W9DL31001461C,,1ZMLH8300204F0,1W9DL31001461C,,,,,
2023-11-01,11:35:48.13 AM,11m 25.8s,685.8,33.7938391952372,-117.4736679948646,-30.5,137.7,20.9,1233,5779.7,0,8.547335,0,2.23694,0,5.816044,0,1.11847,1.5,0.9,1.7,91.2,91.2,,Tripod,Other,,21,5,True,,True,False,,Smart,RC,False,True,False,,,True,,False,False,False,False,False,False,False,False,False,False,0,Follow Yaw,-77.9,0,83.1,83.1,False,False,False,False,False,,0,0,False,False,No Card,100,100,1024,1024,1024,1024,2,False,False,False,False,False,0,False,False,False,False,63,,45.876,,3141,,4986,,45.876,,True,3.826,3.826,3.826,3.826,3.826,3.826,3.826,3.826,3.826,3.826,3.826,3.826,0,,False,False,True,,,,,,,,,,,,,,,False,False,10.23,,106.1,,75.7,,106.3,,1165,124,,21,7,148657.6,19821.02,,Idle,,20,,10,,,20,Go Home,False,False,False,False,False,False,False,False,False,False,False,False,33.8027920380556,-117.4659261431046,4021.9,4043.5,1049.4,396.9,True,1,1,False,False,False,False,,True,False,False,Course Lock,196.8,67,16.4,93,W,S,2.23,11.4,Calm,False,False,Android,7.0.2,M300 RTK,1ZN7L4R0H1D00F,1W9DL31001461C,1ZMLH8300204F0,1Z6PH74DAP0QN7,"Corona, CA",728.3,5.7,137.7,8.547347,2.013246,0,0,DJI Matrice 300 RTK,M300 RTK,1ZN7L4R0H1D00F,1W9DL31001461C,1ZMLH8300204F0,1Z6PH74DAP0QN7,DJI Pilot,Android,7.0.2,1EF72A62-B7C3-C88D-164E-CE6F8C8424AE,1ZN7L4R0H1D00F,1W9DL31001461C,,1ZMLH8300204F0,1W9DL31001461C,,,,,
2023-11-01,11:35:48.23 AM,11m 25.9s,685.9,33.7938390311024,-117.4736679534665,-30.5,137.7,20.9,1233,5779.7,0,8.547335,0,2.23694,0,5.816044,0,1.11847,1.3,0.8,1.5,91.1,91.1,,Tripod,Other,,21,5,True,,True,False,,Smart,RC,False,True,False,,,True,,False,False,False,False,False,False,False,False,False,False,0,Follow Yaw,-77.9,0,83.1,83.1,False,False,False,False,False,,0,0,False,False,No Card,100,100,1024,1024,1024,1024,2,False,False,False,False,False,0,False,False,False,False,63,,45.876,,3141,,4986,,45.876,,True,3.826,3.826,3.826,3.826,3.826,3.826,3.826,3.826,3.826,3.826,3.826,3.826,0,,False,False,True,,,,,,,,,,,,,,,False,False,10.23,,106.1,,75.7,,106.3,,1165,124,,21,7,148657.6,19821.02,,Idle,,20,,10,,,20,Go Home,False,False,False,False,False,False,False,False,False,False,False,False,33.8027920380556,-117.4659261431046,4021.9,4043.5,1049.4,396.9,True,1,1,False,False,False,False,,True,False,False,Course Lock,196.8,67,16.4,93,W,S,2.23,11.4,Calm,False,False,Android,7.0.2,M300 RTK,1ZN7L4R0H1D00F,1W9DL31001461C,1ZMLH8300204F0,1Z6PH74DAP0QN7,"Corona, CA",728.3,5.7,137.7,8.547347,2.013246,0,0,DJI Matrice 300 RTK,M300 RTK,1ZN7L4R0H1D00F,1W9DL31001461C,1ZMLH8300204F0,1Z6PH74DAP0QN7,DJI Pilot,Android,7.0.2,1EF72A62-B7C3-C88D-164E-CE6F8C8424AE,1ZN7L4R0H1D00F,1W9DL31001461C,,1ZMLH8300204F0,1W9DL31001461C,,,,,
2023-11-01,11:35:48.34 AM,11m 26.0s,686.0,33.7938390148602,-117.4736679154496,-30.5,137.7,20.9,1233,5779.7,0,8.547335,0,2.23694,0,5.816044,0,1.11847,1.3,0.7,1.4,91.1,91.1,,Tripod,Other,,21,5,True,,True,False,,Smart,RC,False,True,False,,,True,,False,False,False,False,False,False,False,False,False,False,0,Follow Yaw,-77.9,0,83.1,83.1,False,False,False,False,False,,0,0,False,False,No Card,100,100,1024,1024,1024,1024,2,False,False,False,False,False,0,False,False,False,False,63,,45.9,,6327,,10044,,45.9,,True,3.826,3.826,3.826,3.826,3.826,3.826,3.826,3.826,3.826,3.826,3.826,3.826,0,,False,False,True,,,,,,,,,,,,,,,False,False,20.41,,106.5,,75.7,,106.5,,1165,124,,21,7,148657.6,19821.02,,Idle,,20,,10,,,20,Go Home,False,False,False,False,False,False,False,False,False,False,False,False,33.8027920380556,-117.4659261431046,4021.9,4043.5,1049.4,396.9,True,1,1,False,False,False,False,,True,False,False,Course Lock,196.8,67,16.4,93,W,S,2.23,11.4,Calm,False,False,Android,7.0.2,M300 RTK,1ZN7L4R0H1D00F,1W9DL31001461C,1ZMLH8300204F0,1Z6PH74DAP0QN7,"Corona, CA",728.3,5.7,137.7,8.547347,2.013246,0,0,DJI Matrice 300 RTK,M300 RTK,1ZN7L4R0H1D00F,1W9DL31001461C,1ZMLH8300204F0,1Z6PH74DAP0QN7,DJI Pilot,Android,7.0.2,1EF72A62-B7C3-C88D-164E-CE6F8C8424AE,1ZN7L4R0H1D00F,1W9DL31001461C,,1ZMLH8300204F0,1W9DL31001461C,,,,,
2023-11-01,11:35:48.44 AM,11m 26.1s,686.1,33.7938391772132,-117.473667683967,-30.5,137.7,20.9,1233,5779.8,0,8.547335,0,2.23694,0,5.816044,0,1.11847,1.3,0.6,1.4,91.1,91.1,,Tripod,Other,,21,5,True,,True,False,,Smart,RC,False,True,False,,,True,,False,False,False,False,False,False,False,False,False,False,0,Follow Yaw,-77.9,0,83.1,83.1,False,False,False,False,False,,0,0,False,False,No Card,100,100,1024,1024,1024,1024,2,False,False,False,False,False,0,False,False,False,False,63,,45.9,,6327,,10044,,45.9,,True,3.826,3.826,3.826,3.826,3.826,3.826,3.826,3.826,3.826,3.826,3.826,3.826,0,,False,False,True,,,,,,,,,,,,,,,False,False,20.41,,106.5,,75.7,,106.5,,1165,124,,21,7,148657.6,19821.02,,Idle,,20,,10,,,20,Go Home,False,False,False,False,False,False,False,False,False,False,False,False,33.8027920380556,-117.4659261431046,4021.8,4043.5,1049.4,396.9,True,1,1,False,False,False,False,,True,False,False,Course Lock,196.8,67,16.4,93,W,S,2.23,11.4,Calm,False,False,Android,7.0.2,M300 RTK,1ZN7L4R0H1D00F,1W9DL31001461C,1ZMLH8300204F0,1Z6PH74DAP0QN7,"Corona, CA",728.3,5.7,137.7,8.547347,2.013246,0,0,DJI Matrice 300 RTK,M300 RTK,1ZN7L4R0H1D00F,1W9DL31001461C,1ZMLH8300204F0,1Z6PH74DAP0QN7,DJI Pilot,Android,7.0.2,1EF72A62-B7C3-C88D-164E-CE6F8C8424AE,1ZN7L4R0H1D00F,1W9DL31001461C,,1ZMLH8300204F0,1W9DL31001461C,,,,,
2023-11-01,11:35:48.54 AM,11m 26.2s,686.2,33.7938391748831,-117.473667623107,-30.5,137.7,20.9,1233,5779.9,0,8.547335,0,2.23694,0,5.816044,0,1.11847,1.4,0.6,1.5,91.1,91.1,,Tripod,Other,,21,5,True,,True,False,,Smart,RC,False,True,False,,,True,,False,False,False,False,False,False,False,False,False,False,0,Follow Yaw,-77.9,0,83.1,83.1,False,False,False,False,False,,0,0,False,False,No Card,100,100,1024,1024,1024,1024,2,False,False,False,False,False,0,False,False,False,False,63,,45.9,,6327,,10044,,45.9,,True,3.826,3.826,3.826,3.826,3.826,3.826,3.826,3.826,3.826,3.826,3.826,3.826,0,,False,False,True,,,,,,,,,,,,,,,False,False,20.41,,106.5,,75.7,,106.5,,1165,124,,21,7,148657.6,19821.02,,Idle,,20,,10,,,20,Go Home,False,False,False,False,False,False,False,False,False,False,False,False,33.8027920380556,-117.4659261431046,4021.8,4043.5,1049.4,396.9,True,1,1,False,False,False,False,,True,False,False,Course Lock,196.8,67,16.4,93,W,S,2.23,11.4,Calm,False,False,Android,7.0.2,M300 RTK,1ZN7L4R0H1D00F,1W9DL31001461C,1ZMLH8300204F0,1Z6PH74DAP0QN7,"Corona, CA",728.3,5.7,137.7,8.547347,2.013246,0,0,DJI Matrice 300 RTK,M300 RTK,1ZN7L4R0H1D00F,1W9DL31001461C,1ZMLH8300204F0,1Z6PH74DAP0QN7,DJI Pilot,Android,7.0.2,1EF72A62-B7C3-C88D-164E-CE6F8C8424AE,1ZN7L4R0H1D00F,1W9DL31001461C,,1ZMLH8300204F0,1W9DL31001461C,,,,,
2023-11-01,11:35:48.64 AM,11m 26.3s,686.3,33.7938390020447,-117.473667724458,-30.5,137.7,20.9,1233,5779.9,0,8.547335,0,2.23694,0,5.816044,0,1.11847,1.5,0.5,1.5,91.1,91.1,,Tripod,Other,,21,5,True,,True,False,,Smart,RC,False,True,False,,,True,,False,False,False,False,False,False,False,False,False,False,0,Follow Yaw,-77.9,0,83.1,83.1,False,False,False,False,False,,0,0,False,False,No Card,100,100,1024,1024,1024,1024,2,False,False,False,False,False,0,False,False,False,False,63,,45.9,,6327,,10044,,45.9,,True,3.826,3.826,3.826,3.826,3.826,3.826,3.826,3.826,3.826,3.826,3.826,3.826,0,,False,False,True,,,,,,,,,,,,,,,False,False,20.41,,106.5,,75.7,,106.5,,1163,124,,21,7,149131.5,19884.21,,Idle,,20,,10,,,20,Go Home,False,False,False,False,False,False,False,False,False,False,False,False,33.8027920380556,-117.4659261431046,4021.9,4043.5,1049.4,396.9,True,1,1,False,False,False,False,,True,False,False,Course Lock,196.8,67,16.4,93,W,S,2.23,11.4,Calm,False,True,Android,7.0.2,M300 RTK,1ZN7L4R0H1D00F,1W9DL31001461C,1ZMLH8300204F0,1Z6PH74DAP0QN7,"Corona, CA",728.3,5.7,137.7,8.547347,2.013246,0,0,DJI Matrice 300 RTK,M300 RTK,1ZN7L4R0H1D00F,1W9DL31001461C,1ZMLH8300204F0,1Z6PH74DAP0QN7,DJI Pilot,Android,7.0.2,1EF72A62-B7C3-C88D-164E-CE6F8C8424AE,1ZN7L4R0H1D00F,1W9DL31001461C,,1ZMLH8300204F0,1W9DL31001461C,,,,,
2023-11-01,11:35:48.74 AM,11m 26.4s,686.4,33.7938389834039,-117.4736676761328,-30.5,137.7,20.9,1233,5779.9,0,8.547335,0,2.23694,0,5.816044,0,1.11847,1.6,0.4,1.6,91.1,91.1,,Tripod,Other,,21,5,True,,True,False,,Smart,RC,False,True,False,,,True,,False,False,False,False,False,False,False,False,False,False,0,Follow Yaw,-77.9,0,83.1,83.1,False,False,False,False,False,,0,0,False,False,No Card,100,100,1024,1024,1024,1024,2,False,False,False,False,False,0,False,False,False,False,63,,45.9,,6327,,10044,,45.9,,True,3.826,3.826,3.826,3.826,3.826,3.826,3.826,3.826,3.826,3.826,3.826,3.826,0,,False,False,True,,,,,,,,,,,,,,,False,False,20.41,,106.5,,75.7,,106.5,,1163,124,,21,7,149131.5,19884.21,,Idle,,20,,10,,,20,Go Home,False,False,False,False,False,False,False,False,False,False,False,False,33.8027920380556,-117.4659261431046,4021.9,4043.5,1049.4,396.9,True,1,1,False,False,False,False,,True,False,False,Course Lock,196.8,67,16.4,93,W,S,2.23,11.4,Calm,False,False,Android,7.0.2,M300 RTK,1ZN7L4R0H1D00F,1W9DL31001461C,1ZMLH8300204F0,1Z6PH74DAP0QN7,"Corona, CA",728.3,5.7,137.7,8.547347,2.013246,0,0,DJI Matrice 300 RTK,M300 RTK,1ZN7L4R0H1D00F,1W9DL31001461C,1ZMLH8300204F0,1Z6PH74DAP0QN7,DJI Pilot,Android,7.0.2,1EF72A62-B7C3-C88D-164E-CE6F8C8424AE,1ZN7L4R0H1D00F,1W9DL31001461C,,1ZMLH8300204F0,1W9DL31001461C,,,,,
2023-11-01,11:35:48.84 AM,11m 26.5s,686.5,33.7938390149287,-117.4736676072735,-30.5,137.7,20.9,1233,5780.0,0,8.547335,0,2.23694,0,5.816044,0,1.11847,1.6,0.4,1.6,91.1,91.1,,Tripod,Other,,21,5,True,,True,False,,Smart,RC,False,True,False,,,True,,False,False,False,False,False,False,False,False,False,False,0,Follow Yaw,-77.9,0,83.1,83.1,False,False,False,False,False,,0,0,False,False,No Card,100,100,1024,1024,1024,1024,2,False,False,False,False,False,0,False,False,False,False,63,,45.9,,6327,,10044,,45.9,,True,3.826,3.826,3.826,3.826,3.826,3.826,3.826,3.826,3.826,3.826,3.826,3.826,0,,False,False,True,,,,,,,,,,,,,,,False,False,20.41,,106.5,,75.7,,106.5,,1163,124,,21,7,149131.5,19884.21,,Idle,,20,,10,,,20,Go Home,False,False,False,False,False,False,False,False,False,False,False,False,33.8027920380556,-117.4659261431046,4021.9,4043.5,1049.4,396.9,True,1,1,False,False,False,False,,True,False,False,Course Lock,196.8,67,16.4,93,W,S,2.23,11.4,Calm,False,False,Android,7.0.2,M300 RTK,1ZN7L4R0H1D00F,1W9DL31001461C,1ZMLH8300204F0,1Z6PH74DAP0QN7,"Corona, CA",728.3,5.7,137.7,8.547347,2.013246,0,0,DJI Matrice 300 RTK,M300 RTK,1ZN7L4R0H1D00F,1W9DL31001461C,1ZMLH8300204F0,1Z6PH74DAP0QN7,DJI Pilot,Android,7.0.2,1EF72A62-B7C3-C88D-164E-CE6F8C8424AE,1ZN7L4R0H1D00F,1W9DL31001461C,,1ZMLH8300204F0,1W9DL31001461C,,,,,
2023-11-01,11:35:48.94 AM,11m 26.6s,686.6,33.7938390048545,-117.4736675590308,-30.5,137.7,20.9,1233,5780.0,0,8.547335,0,2.23694,0,5.816044,0,1.11847,1.6,0.5,1.6,91.1,91.1,,Tripod,Other,,21,5,True,,True,False,,Smart,RC,False,True,False,,,True,,False,False,False,False,False,False,False,False,False,False,0,Follow Yaw,-77.9,0,83.1,83.1,False,False,False,False,False,,0,0,False,False,No Card,100,100,1024,1024,1024,1024,2,False,False,False,False,False,0,False,False,False,False,63,,45.9,,6327,,10044,,45.9,,True,3.826,3.826,3.826,3.826,3.826,3.826,3.826,3.826,3.826,3.826,3.826,3.826,0,,False,False,True,,,,,,,,,,,,,,,False,False,20.41,,106.5,,75.7,,106.5,,1163,124,,21,7,149131.5,19884.21,,Idle,,20,,10,,,20,Go Home,False,False,False,False,False,False,False,False,False,False,False,False,33.8027920380556,-117.4659261431046,4021.9,4043.5,1049.4,396.9,True,1,1,False,False,False,False,,True,False,False,Course Lock,196.8,67,16.4,93,W,S,2.23,11.4,Calm,False,False,Android,7.0.2,M300 RTK,1ZN7L4R0H1D00F,1W9DL31001461C,1ZMLH8300204F0,1Z6PH74DAP0QN7,"Corona, CA",728.3,5.7,137.7,8.547347,2.013246,0,0,DJI Matrice 300 RTK,M300 RTK,1ZN7L4R0H1D00F,1W9DL31001461C,1ZMLH8300204F0,1Z6PH74DAP0QN7,DJI Pilot,Android,7.0.2,1EF72A62-B7C3-C88D-164E-CE6F8C8424AE,1ZN7L4R0H1D00F,1W9DL31001461C,,1ZMLH8300204F0,1W9DL31001461C,,,,,
2023-11-01,11:35:49.05 AM,11m 26.7s,686.7,33.7938390358311,-117.4736675093861,-30.5,137.7,20.9,1233,5780.0,0,8.547335,0,2.23694,0,5.816044,0,1.11847,1.5,0.6,1.6,91.1,91.1,,Tripod,Other,,21,5,True,,True,False,,Smart,RC,False,True,False,,,True,,False,False,False,False,False,False,False,False,False,False,0,Follow Yaw,-77.9,0,83.1,83.1,False,False,False,False,False,,0,0,False,False,No Card,100,100,1024,1024,1024,1024,2,False,False,False,False,False,0,False,False,False,False,63,,45.864,,3141,,4986,,45.864,,True,3.826,3.826,3.826,3.826,3.826,3.826,3.826,3.826,3.826,3.826,3.826,3.826,0,,False,False,True,,,,,,,,,,,,,,,False,False,10.23,,106.1,,75.7,,106.5,,1163,124,,21,7,149131.5,19884.21,,Idle,,20,,10,,,20,Go Home,False,False,False,False,False,False,False,False,False,False,False,False,33.8027920380556,-117.4659261431046,4021.8,4043.5,1049.4,396.9,True,1,1,False,False,False,False,,True,False,False,Course Lock,196.8,67,16.4,93,W,S,2.23,11.4,Calm,False,False,Android,7.0.2,M300 RTK,1ZN7L4R0H1D00F,1W9DL31001461C,1ZMLH8300204F0,1Z6PH74DAP0QN7,"Corona, CA",728.3,5.7,137.7,8.547347,2.013246,0,0,DJI Matrice 300 RTK,M300 RTK,1ZN7L4R0H1D00F,1W9DL31001461C,1ZMLH8300204F0,1Z6PH74DAP0QN7,DJI Pilot,Android,7.0.2,1EF72A62-B7C3-C88D-164E-CE6F8C8424AE,1ZN7L4R0H1D00F,1W9DL31001461C,,1ZMLH8300204F0,1W9DL31001461C,,,,,
2023-11-01,11:35:49.15 AM,11m 26.8s,686.8,33.7938390301429,-117.4736674601538,-30.5,137.7,20.9,1233,5780.0,0,8.547335,0,2.23694,0,5.816044,0,1.11847,1.5,0.5,1.5,91.1,91.1,,Tripod,Other,,21,5,True,,True,False,,Smart,RC,False,True,False,,,True,,False,False,False,False,False,False,False,False,False,False,0,Follow Yaw,-77.9,0,83.1,83.1,False,False,False,False,False,,0,0,False,False,No Card,100,100,1024,1024,1024,1024,2,False,False,False,False,False,0,False,False,False,False,63,,45.864,,3141,,4986,,45.864,,True,3.826,3.826,3.826,3.826,3.826,3.826,3.826,3.826,3.826,3.826,3.826,3.826,0,,False,False,True,,,,,,,,,,,,,,,False,False,10.23,,106.1,,75.7,,106.5,,1163,124,,21,7,149131.5,19884.21,,Idle,,20,,10,,,20,Go Home,False,False,False,False,False,False,False,False,False,False,False,False,33.8027920380556,-117.4659261431046,4021.8,4043.5,1049.4,396.9,True,1,1,False,False,False,False,,True,False,False,Course Lock,196.8,67,16.4,93,W,S,2.23,11.4,Calm,False,False,Android,7.0.2,M300 RTK,1ZN7L4R0H1D00F,1W9DL31001461C,1ZMLH8300204F0,1Z6PH74DAP0QN7,"Corona, CA",728.3,5.7,137.7,8.547347,2.013246,0,0,DJI Matrice 300 RTK,M300 RTK,1ZN7L4R0H1D00F,1W9DL31001461C,1ZMLH8300204F0,1Z6PH74DAP0QN7,DJI Pilot,Android,7.0.2,1EF72A62-B7C3-C88D-164E-CE6F8C8424AE,1ZN7L4R0H1D00F,1W9DL31001461C,,1ZMLH8300204F0,1W9DL31001461C,,,,,
2023-11-01,11:35:49.26 AM,11m 26.9s,686.9,33.7938389019875,-117.473667412076,-30.5,137.7,21.3,1233,5780.1,0,8.547335,0,2.23694,0,5.816044,0,1.11847,1.5,0.4,1.5,91.1,91.1,,Tripod,Other,,21,5,True,,True,False,,Smart,RC,False,True,False,,,True,,False,False,False,False,False,False,False,False,False,False,0,Follow Yaw,-77.9,0,83.1,83.1,False,False,False,False,False,,0,0,False,False,No Card,100,100,1024,1024,1024,1024,2,False,False,False,False,False,0,False,False,False,False,63,,45.864,,3141,,4986,,45.864,,True,3.826,3.826,3.826,3.826,3.826,3.826,3.826,3.826,3.826,3.826,3.826,3.826,0,,False,False,True,,,,,,,,,,,,,,,False,False,10.23,,106.1,,75.7,,106.5,,1163,124,,21,7,149131.5,19884.21,,Idle,,20,,10,,,20,Go Home,False,False,False,False,False,False,False,False,False,False,False,False,33.8027920380556,-117.4659261431046,4021.9,4043.5,1049.4,396.9,True,1,1,False,False,False,False,,True,False,False,Course Lock,196.8,67,16.4,93,W,S,2.23,11.4,Calm,False,False,Android,7.0.2,M300 RTK,1ZN7L4R0H1D00F,1W9DL31001461C,1ZMLH8300204F0,1Z6PH74DAP0QN7,"Corona, CA",728.3,5.7,137.7,8.547347,2.013246,0,0,DJI Matrice 300 RTK,M300 RTK,1ZN7L4R0H1D00F,1W9DL31001461C,1ZMLH8300204F0,1Z6PH74DAP0QN7,DJI Pilot,Android,7.0.2,1EF72A62-B7C3-C88D-164E-CE6F8C8424AE,1ZN7L4R0H1D00F,1W9DL31001461C,,1ZMLH8300204F0,1W9DL31001461C,,,,,
2023-11-01,11:35:49.36 AM,11m 27.0s,687.0,33.7938388901314,-117.4736673605346,-30.5,137.7,21.3,1233,5780.1,0,8.547335,0,2.23694,0,5.816044,0,1.11847,1.5,0.4,1.5,91.1,91.1,,Tripod,Other,,21,5,True,,True,False,,Smart,RC,False,True,False,,,True,,False,False,False,False,False,False,False,False,False,False,0,Follow Yaw,-77.9,0,83.1,83.1,False,False,False,False,False,,0,0,False,False,No Card,100,100,1024,1024,1024,1024,2,False,False,False,False,False,0,False,False,False,False,63,,45.9,,6327,,10044,,45.9,,True,3.826,3.826,3.826,3.826,3.826,3.826,3.826,3.826,3.826,3.826,3.826,3.826,0,,False,False,True,,,,,,,,,,,,,,,False,False,20.082,,106.5,,75.7,,106.5,,1163,124,,21,7,149131.5,19884.21,,Idle,,20,,10,,,20,Go Home,False,False,False,False,False,False,False,False,False,False,False,False,33.8027920380556,-117.4659261431046,4021.9,4043.5,1049.4,396.9,True,1,1,False,False,False,False,,True,False,False,Course Lock,196.8,67,16.4,93,W,S,2.23,11.4,Calm,False,False,Android,7.0.2,M300 RTK,1ZN7L4R0H1D00F,1W9DL31001461C,1ZMLH8300204F0,1Z6PH74DAP0QN7,"Corona, CA",728.3,5.7,137.7,8.547347,2.013246,0,0,DJI Matrice 300 RTK,M300 RTK,1ZN7L4R0H1D00F,1W9DL31001461C,1ZMLH8300204F0,1Z6PH74DAP0QN7,DJI Pilot,Android,7.0.2,1EF72A62-B7C3-C88D-164E-CE6F8C8424AE,1ZN7L4R0H1D00F,1W9DL31001461C,,1ZMLH8300204F0,1W9DL31001461C,,,,,
2023-11-01,11:35:49.46 AM,11m 27.1s,687.1,33.79383877253,-117.4736674626278,-30.5,137.7,21.3,1233,5780.1,0,8.547335,0,2.23694,0,5.816044,0,1.11847,1.6,0.4,1.6,91.1,91.1,,Tripod,Other,,21,5,True,,True,False,,Smart,RC,False,True,False,,,True,,False,False,False,False,False,False,False,False,False,False,0,Follow Yaw,-77.9,0,83.1,83.1,False,False,False,False,False,,0,0,False,False,No Card,100,100,1024,1024,1024,1024,2,False,False,False,False,False,0,False,False,False,False,63,,45.9,,6327,,10044,,45.9,,True,3.826,3.826,3.826,3.826,3.826,3.826,3.826,3.826,3.826,3.826,3.826,3.826,0,,False,False,True,,,,,,,,,,,,,,,False,False,20.082,,106.5,,75.7,,106.5,,1163,124,,21,7,149131.5,19884.21,,Idle,,20,,10,,,20,Go Home,False,False,False,False,False,False,False,False,False,False,False,False,33.8027920380556,-117.4659261431046,4021.9,4043.5,1049.4,396.9,True,1,1,False,False,False,False,,True,False,False,Course Lock,196.8,67,16.4,93,W,S,2.23,11.4,Calm,False,True,Android,7.0.2,M300 RTK,1ZN7L4R0H1D00F,1W9DL31001461C,1ZMLH8300204F0,1Z6PH74DAP0QN7,"Corona, CA",728.3,5.7,137.7,8.547347,2.013246,0,0,DJI Matrice 300 RTK,M300 RTK,1ZN7L4R0H1D00F,1W9DL31001461C,1ZMLH8300204F0,1Z6PH74DAP0QN7,DJI Pilot,Android,7.0.2,1EF72A62-B7C3-C88D-164E-CE6F8C8424AE,1ZN7L4R0H1D00F,1W9DL31001461C,,1ZMLH8300204F0,1W9DL31001461C,,,,,
2023-11-01,11:35:49.56 AM,11m 27.2s,687.2,33.7938387546431,-117.4736674246109,-30.5,137.7,21.3,1233,5780.1,0,8.547335,0,2.23694,0,5.816044,0,1.11847,1.6,0.5,1.6,91,91,,Tripod,Other,,21,5,True,,True,False,,Smart,RC,False,True,False,,,True,,False,False,False,False,False,False,False,False,False,False,0,Follow Yaw,-77.9,0,83.1,83.1,False,False,False,False,False,,0,0,False,False,No Card,100,100,1024,1024,1024,1024,2,False,False,False,False,False,0,False,False,False,False,63,,45.9,,6327,,10044,,45.9,,True,3.826,3.826,3.826,3.826,3.826,3.826,3.826,3.826,3.826,3.826,3.826,3.826,0,,False,False,True,,,,,,,,,,,,,,,False,False,20.082,,106.5,,75.7,,106.5,,1163,124,,21,7,149131.5,19884.21,,Idle,,20,,10,,,20,Go Home,False,False,False,False,False,False,False,False,False,False,False,False,33.8027920380556,-117.4659261431046,4021.9,4043.5,1049.4,396.9,True,1,1,False,False,False,False,,True,False,False,Course Lock,196.8,67,16.4,93,W,S,2.23,11.4,Calm,False,False,Android,7.0.2,M300 RTK,1ZN7L4R0H1D00F,1W9DL31001461C,1ZMLH8300204F0,1Z6PH74DAP0QN7,"Corona, CA",728.3,5.7,137.7,8.547347,2.013246,0,0,DJI Matrice 300 RTK,M300 RTK,1ZN7L4R0H1D00F,1W9DL31001461C,1ZMLH8300204F0,1Z6PH74DAP0QN7,DJI Pilot,Android,7.0.2,1EF72A62-B7C3-C88D-164E-CE6F8C8424AE,1ZN7L4R0H1D00F,1W9DL31001461C,,1ZMLH8300204F0,1W9DL31001461C,,,,,
2023-11-01,11:35:49.67 AM,11m 27.3s,687.3,33.7938386555454,-117.4736673507212,-30.5,137.7,21.3,1233,5780.2,0,8.547335,0,2.23694,0,5.816044,0,1.11847,1.6,0.5,1.6,91,91,,Tripod,Other,,21,5,True,,True,False,,Smart,RC,False,True,False,,,True,,False,False,False,False,False,False,False,False,False,False,0,Follow Yaw,-77.9,0,83.1,83.1,False,False,False,False,False,,0,0,False,False,No Card,100,100,1024,1024,1024,1024,2,False,False,False,False,False,0,False,False,False,False,63,,45.9,,6327,,10044,,45.9,,True,3.827,3.827,3.827,3.827,3.827,3.827,3.827,3.827,3.827,3.827,3.827,3.827,0,,False,False,True,,,,,,,,,,,,,,,False,False,20.082,,106.5,,75.7,,106.5,,1161,124,,21,7,149705.0,19960.66,,Idle,,20,,10,,,20,Go Home,False,False,False,False,False,False,False,False,False,False,False,False,33.8027920380556,-117.4659261431046,4021.9,4043.5,1049.4,396.9,True,1,1,False,False,False,False,,True,False,False,Course Lock,196.8,67,16.4,93,W,S,2.23,11.4,Calm,False,False,Android,7.0.2,M300 RTK,1ZN7L4R0H1D00F,1W9DL31001461C,1ZMLH8300204F0,1Z6PH74DAP0QN7,"Corona, CA",728.3,5.7,137.7,8.547347,2.013246,0,0,DJI Matrice 300 RTK,M300 RTK,1ZN7L4R0H1D00F,1W9DL31001461C,1ZMLH8300204F0,1Z6PH74DAP0QN7,DJI Pilot,Android,7.0.2,1EF72A62-B7C3-C88D-164E-CE6F8C8424AE,1ZN7L4R0H1D00F,1W9DL31001461C,,1ZMLH8300204F0,1W9DL31001461C,,,,,
2023-11-01,11:35:49.77 AM,11m 27.4s,687.4,33.7938386315591,-117.4736673117147,-30.5,137.7,21.3,1233,5780.2,0,8.547335,0,2.23694,0,5.816044,0,1.11847,1.5,0.5,1.5,90.9,90.9,,Tripod,Other,,21,5,True,,True,False,,Smart,RC,False,True,False,,,True,,False,False,False,False,False,False,False,False,False,False,0,Follow Yaw,-77.9,0,83.1,83.1,False,False,False,False,False,,0,0,False,False,No Card,100,100,1024,1024,1024,1024,2,False,False,False,False,False,0,False,False,False,False,63,,45.9,,6327,,10044,,45.9,,True,3.827,3.827,3.827,3.827,3.827,3.827,3.827,3.827,3.827,3.827,3.827,3.827,0,,False,False,True,,,,,,,,,,,,,,,False,False,20.082,,106.5,,75.7,,106.5,,1161,124,,21,7,149705.0,19960.66,,Idle,,20,,10,,,20,Go Home,False,False,False,False,False,False,False,False,False,False,False,False,33.8027920380556,-117.4659261431046,4021.9,4043.5,1049.4,396.9,True,1,1,False,False,False,False,,True,False,False,Course Lock,196.8,67,16.4,93,W,S,2.23,11.4,Calm,False,False,Android,7.0.2,M300 RTK,1ZN7L4R0H1D00F,1W9DL31001461C,1ZMLH8300204F0,1Z6PH74DAP0QN7,"Corona, CA",728.3,5.7,137.7,8.547347,2.013246,0,0,DJI Matrice 300 RTK,M300 RTK,1ZN7L4R0H1D00F,1W9DL31001461C,1ZMLH8300204F0,1Z6PH74DAP0QN7,DJI Pilot,Android,7.0.2,1EF72A62-B7C3-C88D-164E-CE6F8C8424AE,1ZN7L4R0H1D00F,1W9DL31001461C,,1ZMLH8300204F0,1W9DL31001461C,,,,,
2023-11-01,11:35:49.87 AM,11m 27.5s,687.5,33.7938386940605,-117.4736672480508,-30.5,137.7,21.3,1233,5780.2,0,8.547335,0,2.23694,0,5.816044,0,1.11847,1.5,0.5,1.5,90.8,90.8,,Tripod,Other,,21,5,True,,True,False,,Smart,RC,False,True,False,,,True,,False,False,False,False,False,False,False,False,False,False,0,Follow Yaw,-77.9,0,83.1,83.1,False,False,False,False,False,,0,0,False,False,No Card,100,100,1024,1024,1024,1024,2,False,False,False,False,False,0,False,False,False,False,63,,45.9,,6327,,10044,,45.9,,True,3.827,3.827,3.827,3.827,3.827,3.827,3.827,3.827,3.827,3.827,3.827,3.827,0,,False,False,True,,,,,,,,,,,,,,,False,False,20.082,,106.5,,75.7,,106.5,,1161,124,,21,7,149705.0,19960.66,,Idle,,20,,10,,,20,Go Home,False,False,False,False,False,False,False,False,False,False,False,False,33.8027920380556,-117.4659261431046,4021.9,4043.5,1049.4,396.9,True,1,1,False,False,False,False,,True,False,False,Course Lock,196.8,67,16.4,93,W,S,2.23,11.4,Calm,False,False,Android,7.0.2,M300 RTK,1ZN7L4R0H1D00F,1W9DL31001461C,1ZMLH8300204F0,1Z6PH74DAP0QN7,"Corona, CA",728.3,5.7,137.7,8.547347,2.013246,0,0,DJI Matrice 300 RTK,M300 RTK,1ZN7L4R0H1D00F,1W9DL31001461C,1ZMLH8300204F0,1Z6PH74DAP0QN7,DJI Pilot,Android,7.0.2,1EF72A62-B7C3-C88D-164E-CE6F8C8424AE,1ZN7L4R0H1D00F,1W9DL31001461C,,1ZMLH8300204F0,1W9DL31001461C,,,,,
2023-11-01,11:35:49.97 AM,11m 27.6s,687.6,33.793838678161,-117.4736672050034,-30.5,137.7,21.3,1233,5780.2,0,8.547335,0,2.23694,0,5.816044,0,1.11847,1.5,0.6,1.6,90.8,90.8,,Tripod,Other,,21,5,True,,True,False,,Smart,RC,False,True,False,,,True,,False,False,False,False,False,False,False,False,False,False,0,Follow Yaw,-77.9,0,83.1,83.1,False,False,False,False,False,,0,0,False,False,No Card,100,100,1024,1024,1024,1024,2,False,False,False,False,False,0,False,False,False,False,63,,45.9,,6327,,10044,,45.9,,True,3.827,3.827,3.827,3.827,3.827,3.827,3.827,3.827,3.827,3.827,3.827,3.827,0,,False,False,True,,,,,,,,,,,,,,,False,False,20.082,,106.5,,75.7,,106.5,,1161,124,,21,7,149705.0,19960.66,,Idle,,20,,10,,,20,Go Home,False,False,False,False,False,False,False,False,False,False,False,False,33.8027920380556,-117.4659261431046,4021.9,4043.5,1049.4,396.9,True,1,1,False,False,False,False,,True,False,False,Course Lock,196.8,67,16.4,93,W,S,2.23,11.4,Calm,False,False,Android,7.0.2,M300 RTK,1ZN7L4R0H1D00F,1W9DL31001461C,1ZMLH8300204F0,1Z6PH74DAP0QN7,"Corona, CA",728.3,5.7,137.7,8.547347,2.013246,0,0,DJI Matrice 300 RTK,M300 RTK,1ZN7L4R0H1D00F,1W9DL31001461C,1ZMLH8300204F0,1Z6PH74DAP0QN7,DJI Pilot,Android,7.0.2,1EF72A62-B7C3-C88D-164E-CE6F8C8424AE,1ZN7L4R0H1D00F,1W9DL31001461C,,1ZMLH8300204F0,1W9DL31001461C,,,,,
2023-11-01,11:35:50.07 AM,11m 27.7s,687.7,33.7938385699485,-117.4736671490914,-30.5,137.7,21.3,1233,5780.3,0,8.547335,0,2.23694,0,5.816044,0,1.11847,1.5,0.6,1.6,90.8,90.8,,Tripod,Other,,21,5,True,,True,False,,Smart,RC,False,True,False,,,True,,False,False,False,False,False,False,False,False,False,False,0,Follow Yaw,-77.9,0,83.1,83.1,False,False,False,False,False,,0,0,False,False,No Card,100,100,1024,1024,1024,1024,2,False,False,False,False,False,0,False,False,False,False,63,,45.9,,6327,,10044,,45.9,,True,3.827,3.827,3.827,3.827,3.827,3.827,3.827,3.827,3.827,3.827,3.827,3.827,0,,False,False,True,,,,,,,,,,,,,,,False,False,20.082,,106.5,,75.7,,106.5,,1161,124,,21,7,149705.0,19960.66,,Idle,,20,,10,,,20,Go Home,False,False,False,False,False,False,False,False,False,False,False,False,33.8027920380556,-117.4659261431046,4021.9,4043.5,1049.4,396.9,True,1,1,False,False,False,False,,True,False,False,Course Lock,196.8,67,16.4,93,W,S,2.23,11.4,Calm,False,False,Android,7.0.2,M300 RTK,1ZN7L4R0H1D00F,1W9DL31001461C,1ZMLH8300204F0,1Z6PH74DAP0QN7,"Corona, CA",728.3,5.7,137.7,8.547347,2.013246,0,0,DJI Matrice 300 RTK,M300 RTK,1ZN7L4R0H1D00F,1W9DL31001461C,1ZMLH8300204F0,1Z6PH74DAP0QN7,DJI Pilot,Android,7.0.2,1EF72A62-B7C3-C88D-164E-CE6F8C8424AE,1ZN7L4R0H1D00F,1W9DL31001461C,,1ZMLH8300204F0,1W9DL31001461C,,,,,
2023-11-01,11:35:50.17 AM,11m 27.8s,687.8,33.7938385415762,-117.4736671021681,-30.5,137.7,21.3,1233,5780.3,0,8.547335,0,2.23694,0,5.816044,0,1.11847,1.5,0.6,1.6,90.8,90.8,,Tripod,Other,,21,5,True,,True,False,,Smart,RC,False,True,False,,,True,,False,False,False,False,False,False,False,False,False,False,0,Follow Yaw,-77.9,0,83.1,83.1,False,False,False,False,False,,0,0,False,False,No Card,100,100,1024,1024,1024,1024,2,False,False,False,False,False,0,False,False,False,False,63,,45.9,,6327,,10044,,45.9,,True,3.827,3.827,3.827,3.827,3.827,3.827,3.827,3.827,3.827,3.827,3.827,3.827,0,,False,False,True,,,,,,,,,,,,,,,False,False,20.082,,106.5,,75.7,,106.5,,1161,124,,21,7,149705.0,19960.66,,Idle,,20,,10,,,20,Go Home,False,False,False,False,False,False,False,False,False,False,False,False,33.8027920380556,-117.4659261431046,4021.9,4043.5,1049.4,396.9,True,1,1,False,False,False,False,,True,False,False,Course Lock,196.8,67,16.4,93,W,S,2.23,11.4,Calm,False,False,Android,7.0.2,M300 RTK,1ZN7L4R0H1D00F,1W9DL31001461C,1ZMLH8300204F0,1Z6PH74DAP0QN7,"Corona, CA",728.3,5.7,137.7,8.547347,2.013246,0,0,DJI Matrice 300 RTK,M300 RTK,1ZN7L4R0H1D00F,1W9DL31001461C,1ZMLH8300204F0,1Z6PH74DAP0QN7,DJI Pilot,Android,7.0.2,1EF72A62-B7C3-C88D-164E-CE6F8C8424AE,1ZN7L4R0H1D00F,1W9DL31001461C,,1ZMLH8300204F0,1W9DL31001461C,,,,,
2023-11-01,11:35:50.28 AM,11m 27.9s,687.9,33.7938385966761,-117.4736672002204,-30.5,137.7,21.3,1233,5780.3,0,8.547335,0,2.23694,0,5.816044,0,1.11847,1.4,0.5,1.4,90.7,90.7,,Tripod,Other,,21,5,True,,True,False,,Smart,RC,False,True,False,,,True,,False,False,False,False,False,False,False,False,False,False,0,Follow Yaw,-77.9,0,83.1,83.1,False,False,False,False,False,,0,0,False,False,No Card,100,100,1024,1024,1024,1024,2,False,False,False,False,False,0,False,False,False,False,63,,45.9,,6327,,10044,,45.9,,True,3.827,3.827,3.827,3.827,3.827,3.827,3.827,3.827,3.827,3.827,3.827,3.827,0,,False,False,True,,,,,,,,,,,,,,,False,False,20.082,,106.5,,75.7,,106.5,,1161,124,,21,7,149705.0,19960.66,,Idle,,20,,10,,,20,Go Home,False,False,False,False,False,False,False,False,False,False,False,False,33.8027920380556,-117.4659261431046,4021.9,4043.5,1049.4,396.9,True,1,1,False,False,False,False,,True,False,False,Course Lock,196.8,67,16.4,93,W,S,2.23,11.4,Calm,False,True,Android,7.0.2,M300 RTK,1ZN7L4R0H1D00F,1W9DL31001461C,1ZMLH8300204F0,1Z6PH74DAP0QN7,"Corona, CA",728.3,5.7,137.7,8.547347,2.013246,0,0,DJI Matrice 300 RTK,M300 RTK,1ZN7L4R0H1D00F,1W9DL31001461C,1ZMLH8300204F0,1Z6PH74DAP0QN7,DJI Pilot,Android,7.0.2,1EF72A62-B7C3-C88D-164E-CE6F8C8424AE,1ZN7L4R0H1D00F,1W9DL31001461C,,1ZMLH8300204F0,1W9DL31001461C,,,,,
2023-11-01,11:35:50.34 AM,11m 28.0s,688.0,33.7938385702912,-117.47366716476,-30.5,137.7,21.3,1233,5780.4,0,8.547335,0,2.23694,0,5.816044,0,1.11847,1.4,0.4,1.4,90.7,90.7,,Tripod,Other,,21,5,True,,True,False,,Smart,RC,False,True,False,,,True,,False,False,False,False,False,False,False,False,False,False,0,Follow Yaw,-77.9,0,83.1,83.1,False,False,False,False,False,,0,0,False,False,No Card,100,100,1024,1024,1024,1024,2,False,False,False,False,False,0,False,False,False,False,63,,45.876,,3141,,4986,,45.876,,True,3.827,3.827,3.827,3.827,3.827,3.827,3.827,3.827,3.827,3.827,3.827,3.827,0,,False,False,True,,,,,,,,,,,,,,,False,False,9.926,,106.1,,75.7,,106.5,,1161,124,,21,7,149705.0,19960.66,,Idle,,20,,10,,,20,Go Home,False,False,False,False,False,False,False,False,False,False,False,False,33.8027920380556,-117.4659261431046,4021.9,4043.5,1049.4,396.9,True,1,1,False,False,False,False,,True,False,False,Course Lock,196.8,67,16.4,93,W,S,2.23,11.4,Calm,False,False,Android,7.0.2,M300 RTK,1ZN7L4R0H1D00F,1W9DL31001461C,1ZMLH8300204F0,1Z6PH74DAP0QN7,"Corona, CA",728.3,5.7,137.7,8.547347,2.013246,0,0,DJI Matrice 300 RTK,M300 RTK,1ZN7L4R0H1D00F,1W9DL31001461C,1ZMLH8300204F0,1Z6PH74DAP0QN7,DJI Pilot,Android,7.0.2,1EF72A62-B7C3-C88D-164E-CE6F8C8424AE,1ZN7L4R0H1D00F,1W9DL31001461C,,1ZMLH8300204F0,1W9DL31001461C,,,,,
2023-11-01,11:35:50.44 AM,11m 28.1s,688.1,33.7938386046944,-117.473667242608,-30.5,137.7,21.3,1233,5780.4,0,8.547335,0,2.23694,0,5.816044,0,1.11847,1.4,0.5,1.4,90.8,90.8,,Tripod,Other,,21,5,True,,True,False,,Smart,RC,False,True,False,,,True,,False,False,False,False,False,False,False,False,False,False,0,Follow Yaw,-77.9,0,83.1,83.1,False,False,False,False,False,,0,0,False,False,No Card,100,100,1024,1024,1024,1024,2,False,False,False,False,False,0,False,False,False,False,63,,45.876,,3141,,4986,,45.876,,True,3.827,3.827,3.827,3.827,3.827,3.827,3.827,3.827,3.827,3.827,3.827,3.827,0,,False,False,True,,,,,,,,,,,,,,,False,False,9.926,,106.1,,75.7,,106.5,,1161,124,,21,7,149705.0,19960.66,,Idle,,20,,10,,,20,Go Home,False,False,False,False,False,False,False,False,False,False,False,False,33.8027920380556,-117.4659261431046,4021.9,4043.5,1049.4,396.9,True,1,1,False,False,False,False,,True,False,False,Course Lock,196.8,67,16.4,93,W,S,2.23,11.4,Calm,False,True,Android,7.0.2,M300 RTK,1ZN7L4R0H1D00F,1W9DL31001461C,1ZMLH8300204F0,1Z6PH74DAP0QN7,"Corona, CA",728.3,5.7,137.7,8.547347,2.013246,0,0,DJI Matrice 300 RTK,M300 RTK,1ZN7L4R0H1D00F,1W9DL31001461C,1ZMLH8300204F0,1Z6PH74DAP0QN7,DJI Pilot,Android,7.0.2,1EF72A62-B7C3-C88D-164E-CE6F8C8424AE,1ZN7L4R0H1D00F,1W9DL31001461C,,1ZMLH8300204F0,1W9DL31001461C,,,,,
2023-11-01,11:35:50.54 AM,11m 28.2s,688.2,33.7938385829011,-117.4736672165487,-30.5,137.7,21.3,1233,5780.4,0,8.547335,0,2.23694,0,5.816044,0,1.11847,1.3,0.5,1.3,90.8,90.8,,Tripod,Other,,21,5,True,,True,False,,Smart,RC,False,True,False,,,True,,False,False,False,False,False,False,False,False,False,False,0,Follow Yaw,-77.9,0,83.1,83.1,False,False,False,False,False,,0,0,False,False,No Card,100,100,1024,1024,1024,1024,2,False,False,False,False,False,0,False,False,False,False,63,,45.876,,3141,,4986,,45.876,,True,3.827,3.827,3.827,3.827,3.827,3.827,3.827,3.827,3.827,3.827,3.827,3.827,0,,False,False,True,,,,,,,,,,,,,,,False,False,9.926,,106.1,,75.7,,106.5,,1161,124,,21,7,149705.0,19960.66,,Idle,,20,,10,,,20,Go Home,False,False,False,False,False,False,False,False,False,False,False,False,33.8027920380556,-117.4659261431046,4021.9,4043.5,1049.4,396.9,True,1,1,False,False,False,False,,True,False,False,Course Lock,196.8,67,16.4,93,W,S,2.23,11.4,Calm,False,False,Android,7.0.2,M300 RTK,1ZN7L4R0H1D00F,1W9DL31001461C,1ZMLH8300204F0,1Z6PH74DAP0QN7,"Corona, CA",728.3,5.7,137.7,8.547347,2.013246,0,0,DJI Matrice 300 RTK,M300 RTK,1ZN7L4R0H1D00F,1W9DL31001461C,1ZMLH8300204F0,1Z6PH74DAP0QN7,DJI Pilot,Android,7.0.2,1EF72A62-B7C3-C88D-164E-CE6F8C8424AE,1ZN7L4R0H1D00F,1W9DL31001461C,,1ZMLH8300204F0,1W9DL31001461C,,,,,
2023-11-01,11:35:50.64 AM,11m 28.3s,688.3,33.7938384640662,-117.4736671215477,-30.5,137.7,21.3,1233,5780.4,0,8.547335,0,2.23694,0,5.816044,0,1.11847,1.3,0.4,1.3,90.9,90.9,,Tripod,Other,,21,5,True,,True,False,,Smart,RC,False,True,False,,,True,,False,False,False,False,False,False,False,False,False,False,0,Follow Yaw,-77.9,0,83.1,83.1,False,False,False,False,False,,0,0,False,False,No Card,100,100,1024,1024,1024,1024,2,False,False,False,False,False,0,False,False,False,False,63,,45.876,,3141,,4986,,45.876,,True,3.827,3.827,3.827,3.827,3.827,3.827,3.827,3.827,3.827,3.827,3.827,3.827,0,,False,False,True,,,,,,,,,,,,,,,False,False,9.926,,106.1,,75.7,,106.5,,1158,124,,21,7,150173.5,20023.14,,Idle,,20,,10,,,20,Go Home,False,False,False,False,False,False,False,False,False,False,False,False,33.8027920380556,-117.4659261431046,4021.9,4043.5,1049.4,396.9,True,1,1,False,False,False,False,,True,False,False,Course Lock,196.8,67,16.4,93,W,S,2.23,11.4,Calm,False,False,Android,7.0.2,M300 RTK,1ZN7L4R0H1D00F,1W9DL31001461C,1ZMLH8300204F0,1Z6PH74DAP0QN7,"Corona, CA",728.3,5.7,137.7,8.547347,2.013246,0,0,DJI Matrice 300 RTK,M300 RTK,1ZN7L4R0H1D00F,1W9DL31001461C,1ZMLH8300204F0,1Z6PH74DAP0QN7,DJI Pilot,Android,7.0.2,1EF72A62-B7C3-C88D-164E-CE6F8C8424AE,1ZN7L4R0H1D00F,1W9DL31001461C,,1ZMLH8300204F0,1W9DL31001461C,,,,,
2023-11-01,11:35:50.74 AM,11m 28.4s,688.4,33.7938384312392,-117.4736670855924,-30.5,137.7,21.3,1233,5780.5,0,8.547335,0,2.23694,0,5.816044,0,1.11847,1.3,0.3,1.3,90.9,90.9,,Tripod,Other,,21,5,True,,True,False,,Smart,RC,False,True,False,,,True,,False,False,False,False,False,False,False,False,False,False,0,Follow Yaw,-77.9,0,83.1,83.1,False,False,False,False,False,,0,0,False,False,No Card,100,100,1024,1024,1024,1024,2,False,False,False,False,False,0,False,False,False,False,63,,45.876,,3141,,4986,,45.876,,True,3.827,3.827,3.827,3.827,3.827,3.827,3.827,3.827,3.827,3.827,3.827,3.827,0,,False,False,True,,,,,,,,,,,,,,,False,False,9.926,,106.1,,75.7,,106.5,,1158,124,,21,7,150173.5,20023.14,,Idle,,20,,10,,,20,Go Home,False,False,False,False,False,False,False,False,False,False,False,False,33.8027920380556,-117.4659261431046,4022.0,4043.5,1049.4,396.9,True,1,1,False,False,False,False,,True,False,False,Course Lock,196.8,67,16.4,93,W,S,2.23,11.4,Calm,False,False,Android,7.0.2,M300 RTK,1ZN7L4R0H1D00F,1W9DL31001461C,1ZMLH8300204F0,1Z6PH74DAP0QN7,"Corona, CA",728.3,5.7,137.7,8.547347,2.013246,0,0,DJI Matrice 300 RTK,M300 RTK,1ZN7L4R0H1D00F,1W9DL31001461C,1ZMLH8300204F0,1Z6PH74DAP0QN7,DJI Pilot,Android,7.0.2,1EF72A62-B7C3-C88D-164E-CE6F8C8424AE,1ZN7L4R0H1D00F,1W9DL31001461C,,1ZMLH8300204F0,1W9DL31001461C,,,,,
2023-11-01,11:35:50.84 AM,11m 28.5s,688.5,33.7938384893546,-117.4736671413395,-30.5,137.7,21.3,1233,5780.5,0,8.547335,0,2.23694,0,5.816044,0,1.11847,1.3,0,1.3,91,91,,Tripod,Other,,21,5,True,,True,False,,Smart,RC,False,True,False,,,True,,False,False,False,False,False,False,False,False,False,False,0,Follow Yaw,-77.9,0,83.1,83.1,False,False,False,False,False,,0,0,False,False,No Card,100,100,1024,1024,1024,1024,2,False,False,False,False,False,0,False,False,False,False,63,,45.876,,3141,,4986,,45.876,,True,3.827,3.827,3.827,3.827,3.827,3.827,3.827,3.827,3.827,3.827,3.827,3.827,0,,False,False,True,,,,,,,,,,,,,,,False,False,9.926,,106.1,,75.7,,106.5,,1158,124,,21,7,150173.5,20023.14,,Idle,,20,,10,,,20,Go Home,False,False,False,False,False,False,False,False,False,False,False,False,33.8027920380556,-117.4659261431046,4021.9,4043.5,1049.4,396.9,True,1,1,False,False,False,False,,True,False,False,Course Lock,196.8,67,16.4,93,W,S,2.23,11.4,Calm,False,True,Android,7.0.2,M300 RTK,1ZN7L4R0H1D00F,1W9DL31001461C,1ZMLH8300204F0,1Z6PH74DAP0QN7,"Corona, CA",728.3,5.7,137.7,8.547347,2.013246,0,0,DJI Matrice 300 RTK,M300 RTK,1ZN7L4R0H1D00F,1W9DL31001461C,1ZMLH8300204F0,1Z6PH74DAP0QN7,DJI Pilot,Android,7.0.2,1EF72A62-B7C3-C88D-164E-CE6F8C8424AE,1ZN7L4R0H1D00F,1W9DL31001461C,,1ZMLH8300204F0,1W9DL31001461C,,,,,
2023-11-01,11:35:50.94 AM,11m 28.6s,688.6,33.7938384692746,-117.473667108683,-30.5,137.7,21.3,1233,5780.5,0,8.547335,0,2.23694,0,5.816044,0,1.11847,1.5,0,1.5,91,91,,Tripod,Other,,21,5,True,,True,False,,Smart,RC,False,True,False,,,True,,False,False,False,False,False,False,False,False,False,False,0,Follow Yaw,-77.9,0,83.1,83.1,False,False,False,False,False,,0,0,False,False,No Card,100,100,1024,1024,1024,1024,2,False,False,False,False,False,0,False,False,False,False,63,,45.876,,3141,,4986,,45.876,,True,3.827,3.827,3.827,3.827,3.827,3.827,3.827,3.827,3.827,3.827,3.827,3.827,0,,False,False,True,,,,,,,,,,,,,,,False,False,9.926,,106.1,,75.7,,106.5,,1158,124,,21,7,150173.5,20023.14,,Idle,,20,,10,,,20,Go Home,False,False,False,False,False,False,False,False,False,False,False,False,33.8027920380556,-117.4659261431046,4021.9,4043.5,1049.4,396.9,True,1,1,False,False,False,False,,True,False,False,Course Lock,196.8,67,16.4,93,W,S,2.23,11.4,Calm,False,False,Android,7.0.2,M300 RTK,1ZN7L4R0H1D00F,1W9DL31001461C,1ZMLH8300204F0,1Z6PH74DAP0QN7,"Corona, CA",728.3,5.7,137.7,8.547347,2.013246,0,0,DJI Matrice 300 RTK,M300 RTK,1ZN7L4R0H1D00F,1W9DL31001461C,1ZMLH8300204F0,1Z6PH74DAP0QN7,DJI Pilot,Android,7.0.2,1EF72A62-B7C3-C88D-164E-CE6F8C8424AE,1ZN7L4R0H1D00F,1W9DL31001461C,,1ZMLH8300204F0,1W9DL31001461C,,,,,
2023-11-01,11:35:51.04 AM,11m 28.7s,688.7,33.7938385214277,-117.4736669822623,-30.5,137.7,21.3,1233,5780.5,0,8.547335,0,2.23694,0,5.816044,0,1.11847,1.7,0,1.7,91.1,91.1,,Tripod,Other,,21,5,True,,True,False,,Smart,RC,False,True,False,,,True,,False,False,False,False,False,False,False,False,False,False,0,Follow Yaw,-77.9,0,83.1,83.1,False,False,False,False,False,,0,0,False,False,No Card,100,100,1024,1024,1024,1024,2,False,False,False,False,False,0,False,False,False,False,63,,45.876,,3141,,4986,,45.876,,True,3.827,3.827,3.827,3.827,3.827,3.827,3.827,3.827,3.827,3.827,3.827,3.827,0,,False,False,True,,,,,,,,,,,,,,,False,False,9.926,,106.1,,75.7,,106.5,,1158,124,,21,7,150173.5,20023.14,,Idle,,20,,10,,,20,Go Home,False,False,False,False,False,False,False,False,False,False,False,False,33.8027920380556,-117.4659261431046,4021.9,4043.5,1049.4,396.9,True,1,1,False,False,False,False,,True,False,False,Course Lock,196.8,67,16.4,93,W,S,2.23,11.4,Calm,False,False,Android,7.0.2,M300 RTK,1ZN7L4R0H1D00F,1W9DL31001461C,1ZMLH8300204F0,1Z6PH74DAP0QN7,"Corona, CA",728.3,5.7,137.7,8.547347,2.013246,0,0,DJI Matrice 300 RTK,M300 RTK,1ZN7L4R0H1D00F,1W9DL31001461C,1ZMLH8300204F0,1Z6PH74DAP0QN7,DJI Pilot,Android,7.0.2,1EF72A62-B7C3-C88D-164E-CE6F8C8424AE,1ZN7L4R0H1D00F,1W9DL31001461C,,1ZMLH8300204F0,1W9DL31001461C,,,,,
2023-11-01,11:35:51.14 AM,11m 28.8s,688.8,33.79383851992,-117.4736669446577,-30.5,137.7,21.3,1233,5780.6,0,8.547335,0,2.23694,0,5.816044,0,1.11847,1.6,0.2,1.6,91.1,91.1,,Tripod,Other,,21,5,True,,True,False,,Smart,RC,False,True,False,,,True,,False,False,False,False,False,False,False,False,False,False,0,Follow Yaw,-77.9,0,83.1,83.1,False,False,False,False,False,,0,0,False,False,No Card,100,100,1024,1024,1024,1024,2,False,False,False,False,False,0,False,False,False,False,63,,45.876,,3141,,4986,,45.876,,True,3.827,3.827,3.827,3.827,3.827,3.827,3.827,3.827,3.827,3.827,3.827,3.827,0,,False,False,True,,,,,,,,,,,,,,,False,False,9.926,,106.1,,75.7,,106.5,,1158,124,,21,7,150173.5,20023.14,,Idle,,20,,10,,,20,Go Home,False,False,False,False,False,False,False,False,False,False,False,False,33.8027920380556,-117.4659261431046,4021.9,4043.5,1049.4,396.9,True,1,1,False,False,False,False,,True,False,False,Course Lock,196.8,67,16.4,93,W,S,2.23,11.4,Calm,False,False,Android,7.0.2,M300 RTK,1ZN7L4R0H1D00F,1W9DL31001461C,1ZMLH8300204F0,1Z6PH74DAP0QN7,"Corona, CA",728.3,5.7,137.7,8.547347,2.013246,0,0,DJI Matrice 300 RTK,M300 RTK,1ZN7L4R0H1D00F,1W9DL31001461C,1ZMLH8300204F0,1Z6PH74DAP0QN7,DJI Pilot,Android,7.0.2,1EF72A62-B7C3-C88D-164E-CE6F8C8424AE,1ZN7L4R0H1D00F,1W9DL31001461C,,1ZMLH8300204F0,1W9DL31001461C,,,,,
2023-11-01,11:35:51.24 AM,11m 28.9s,688.9,33.7938385803655,-117.4736670197844,-30.5,137.7,21.3,1233,5780.6,0,8.547335,0,2.23694,0,5.816044,0,1.11847,1.5,0.3,1.5,91.1,91.1,,Tripod,Other,,21,5,True,,True,False,,Smart,RC,False,True,False,,,True,,False,False,False,False,False,False,False,False,False,False,0,Follow Yaw,-77.9,0,83.1,83.1,False,False,False,False,False,,0,0,False,False,No Card,100,100,1024,1024,1024,1024,2,False,False,False,False,False,0,False,False,False,False,63,,45.876,,3141,,4986,,45.876,,True,3.827,3.827,3.827,3.827,3.827,3.827,3.827,3.827,3.827,3.827,3.827,3.827,0,,False,False,True,,,,,,,,,,,,,,,False,False,9.926,,106.1,,75.7,,106.5,,1158,124,,21,7,150173.5,20023.14,,Idle,,20,,10,,,20,Go Home,False,False,False,False,False,False,False,False,False,False,False,False,33.8027920380556,-117.4659261431046,4021.9,4043.5,1049.4,396.9,True,1,1,False,False,False,False,,True,False,False,Course Lock,196.8,67,16.4,93,W,S,2.23,11.4,Calm,False,True,Android,7.0.2,M300 RTK,1ZN7L4R0H1D00F,1W9DL31001461C,1ZMLH8300204F0,1Z6PH74DAP0QN7,"Corona, CA",728.3,5.7,137.7,8.547347,2.013246,0,0,DJI Matrice 300 RTK,M300 RTK,1ZN7L4R0H1D00F,1W9DL31001461C,1ZMLH8300204F0,1Z6PH74DAP0QN7,DJI Pilot,Android,7.0.2,1EF72A62-B7C3-C88D-164E-CE6F8C8424AE,1ZN7L4R0H1D00F,1W9DL31001461C,,1ZMLH8300204F0,1W9DL31001461C,,,,,
2023-11-01,11:35:51.34 AM,11m 29.0s,689.0,33.7938385892061,-117.4736669949621,-30.5,137.7,21.3,1233,5780.6,0,8.547335,0,2.23694,0,5.816044,0,1.11847,1.3,0.4,1.3,91.1,91.1,,Tripod,Other,,21,5,True,,True,False,,Smart,RC,False,True,False,,,True,,False,False,False,False,False,False,False,False,False,False,0,Follow Yaw,-77.9,0,83.1,83.1,False,False,False,False,False,,0,0,False,False,No Card,100,100,1024,1024,1024,1024,2,False,False,False,False,False,0,False,False,False,False,63,,45.924,,6327,,10044,,45.924,,True,3.827,3.827,3.827,3.827,3.827,3.827,3.827,3.827,3.827,3.827,3.827,3.827,0,,False,False,True,,,,,,,,,,,,,,,False,False,19.746,,106.5,,75.7,,106.5,,1158,124,,21,7,150173.5,20023.14,,Idle,,20,,10,,,20,Go Home,False,False,False,False,False,False,False,False,False,False,False,False,33.8027920380556,-117.4659261431046,4021.9,4043.5,1049.4,396.9,True,1,1,False,False,False,False,,True,False,False,Course Lock,196.8,67,16.4,93,W,S,2.23,11.4,Calm,False,False,Android,7.0.2,M300 RTK,1ZN7L4R0H1D00F,1W9DL31001461C,1ZMLH8300204F0,1Z6PH74DAP0QN7,"Corona, CA",728.3,5.7,137.7,8.547347,2.013246,0,0,DJI Matrice 300 RTK,M300 RTK,1ZN7L4R0H1D00F,1W9DL31001461C,1ZMLH8300204F0,1Z6PH74DAP0QN7,DJI Pilot,Android,7.0.2,1EF72A62-B7C3-C88D-164E-CE6F8C8424AE,1ZN7L4R0H1D00F,1W9DL31001461C,,1ZMLH8300204F0,1W9DL31001461C,,,,,
2023-11-01,11:35:51.44 AM,11m 29.1s,689.1,33.7938384601598,-117.473667060935,-30.5,137.7,20.9,1233,5780.6,0,8.547335,0,2.23694,0,5.816044,0,1.11847,1.3,0.4,1.3,91.1,91.1,,Tripod,Other,,21,5,True,,True,False,,Smart,RC,False,True,False,,,True,,False,False,False,False,False,False,False,False,False,False,0,Follow Yaw,-77.9,0,83.1,83.1,False,False,False,False,False,,0,0,False,False,No Card,100,100,1024,1024,1024,1024,2,False,False,False,False,False,0,False,False,False,False,63,,45.924,,6327,,10044,,45.924,,True,3.827,3.827,3.827,3.827,3.827,3.827,3.827,3.827,3.827,3.827,3.827,3.827,0,,False,False,True,,,,,,,,,,,,,,,False,False,19.746,,106.5,,75.7,,106.5,,1158,124,,21,7,150173.5,20023.14,,Idle,,20,,10,,,20,Go Home,False,False,False,False,False,False,False,False,False,False,False,False,33.8027920380556,-117.4659261431046,4021.9,4043.5,1049.4,396.9,True,1,1,False,False,False,False,,True,False,False,Course Lock,196.8,67,16.4,93,W,S,2.23,11.4,Calm,False,True,Android,7.0.2,M300 RTK,1ZN7L4R0H1D00F,1W9DL31001461C,1ZMLH8300204F0,1Z6PH74DAP0QN7,"Corona, CA",728.3,5.7,137.7,8.547347,2.013246,0,0,DJI Matrice 300 RTK,M300 RTK,1ZN7L4R0H1D00F,1W9DL31001461C,1ZMLH8300204F0,1Z6PH74DAP0QN7,DJI Pilot,Android,7.0.2,1EF72A62-B7C3-C88D-164E-CE6F8C8424AE,1ZN7L4R0H1D00F,1W9DL31001461C,,1ZMLH8300204F0,1W9DL31001461C,,,,,
2023-11-01,11:35:51.54 AM,11m 29.2s,689.2,33.793838462764,-117.4736670371023,-30.5,137.7,21.3,1233,5780.7,0,8.547335,0,2.23694,0,5.816044,0,1.11847,1.3,0.4,1.3,91.1,91.1,,Tripod,Other,,21,5,True,,True,False,,Smart,RC,False,True,False,,,True,,False,False,False,False,False,False,False,False,False,False,0,Follow Yaw,-77.9,0,83.1,83.1,False,False,False,False,False,,0,0,False,False,No Card,100,100,1024,1024,1024,1024,2,False,False,False,False,False,0,False,False,False,False,63,,45.924,,6327,,10044,,45.924,,True,3.827,3.827,3.827,3.827,3.827,3.827,3.827,3.827,3.827,3.827,3.827,3.827,0,,False,False,True,,,,,,,,,,,,,,,False,False,19.746,,106.5,,75.7,,106.5,,1158,124,,21,7,150173.5,20023.14,,Idle,,20,,10,,,20,Go Home,False,False,False,False,False,False,False,False,False,False,False,False,33.8027920380556,-117.4659261431046,4021.9,4043.5,1049.4,396.9,True,1,1,False,False,False,False,,True,False,False,Course Lock,196.8,67,16.4,93,W,S,2.23,11.4,Calm,False,False,Android,7.0.2,M300 RTK,1ZN7L4R0H1D00F,1W9DL31001461C,1ZMLH8300204F0,1Z6PH74DAP0QN7,"Corona, CA",728.3,5.7,137.7,8.547347,2.013246,0,0,DJI Matrice 300 RTK,M300 RTK,1ZN7L4R0H1D00F,1W9DL31001461C,1ZMLH8300204F0,1Z6PH74DAP0QN7,DJI Pilot,Android,7.0.2,1EF72A62-B7C3-C88D-164E-CE6F8C8424AE,1ZN7L4R0H1D00F,1W9DL31001461C,,1ZMLH8300204F0,1W9DL31001461C,,,,,
2023-11-01,11:35:51.64 AM,11m 29.3s,689.3,33.7938384804454,-117.4736669082076,-30.5,137.7,21.3,1233,5780.7,0,8.547335,0,2.23694,0,5.816044,0,1.11847,1.5,0.4,1.5,91.2,91.2,,Tripod,Other,,21,5,True,,True,False,,Smart,RC,False,True,False,,,True,,False,False,False,False,False,False,False,False,False,False,0,Follow Yaw,-77.9,0,83.1,83.1,False,False,False,False,False,,0,0,False,False,No Card,100,100,1024,1024,1024,1024,2,False,False,False,False,False,0,False,False,False,False,63,,45.924,,6327,,10044,,45.924,,True,3.828,3.828,3.828,3.828,3.828,3.828,3.828,3.828,3.828,3.828,3.828,3.828,0,,False,False,True,,,,,,,,,,,,,,,False,False,19.746,,106.5,,75.7,,106.5,,1156,124,,21,7,150415.5,20055.41,,Idle,,20,,10,,,20,Go Home,False,False,False,False,False,False,False,False,False,False,False,False,33.8027920380556,-117.4659261431046,4021.9,4043.5,1049.4,396.9,True,1,1,False,False,False,False,,True,False,False,Course Lock,196.8,67,16.4,93,W,S,2.46,11.4,Calm,False,False,Android,7.0.2,M300 RTK,1ZN7L4R0H1D00F,1W9DL31001461C,1ZMLH8300204F0,1Z6PH74DAP0QN7,"Corona, CA",728.3,5.7,137.7,8.547347,2.013246,0,0,DJI Matrice 300 RTK,M300 RTK,1ZN7L4R0H1D00F,1W9DL31001461C,1ZMLH8300204F0,1Z6PH74DAP0QN7,DJI Pilot,Android,7.0.2,1EF72A62-B7C3-C88D-164E-CE6F8C8424AE,1ZN7L4R0H1D00F,1W9DL31001461C,,1ZMLH8300204F0,1W9DL31001461C,,,,,
2023-11-01,11:35:51.71 AM,11m 29.4s,689.4,33.7938384880525,-117.4736668739842,-30.5,137.7,21.3,1233,5780.7,0,8.547335,0,2.23694,0,5.816044,0,1.11847,1.6,0.4,1.6,91.2,91.2,,Tripod,Other,,21,5,True,,True,False,,Smart,RC,False,True,False,,,True,,False,False,False,False,False,False,False,False,False,False,0,Follow Yaw,-77.9,0,83.1,83.1,False,False,False,False,False,,0,0,False,False,No Card,100,100,1024,1024,1024,1024,2,False,False,False,False,False,0,False,False,False,False,63,,45.924,,6327,,10044,,45.924,,True,3.828,3.828,3.828,3.828,3.828,3.828,3.828,3.828,3.828,3.828,3.828,3.828,0,,False,False,True,,,,,,,,,,,,,,,False,False,19.746,,106.5,,75.7,,106.5,,1156,124,,21,7,150415.5,20055.41,,Idle,,20,,10,,,20,Go Home,False,False,False,False,False,False,False,False,False,False,False,False,33.8027920380556,-117.4659261431046,4021.9,4043.5,1049.4,396.9,True,1,1,False,False,False,False,,True,False,False,Course Lock,196.8,67,16.4,93,W,S,2.46,11.4,Calm,False,False,Android,7.0.2,M300 RTK,1ZN7L4R0H1D00F,1W9DL31001461C,1ZMLH8300204F0,1Z6PH74DAP0QN7,"Corona, CA",728.3,5.7,137.7,8.547347,2.013246,0,0,DJI Matrice 300 RTK,M300 RTK,1ZN7L4R0H1D00F,1W9DL31001461C,1ZMLH8300204F0,1Z6PH74DAP0QN7,DJI Pilot,Android,7.0.2,1EF72A62-B7C3-C88D-164E-CE6F8C8424AE,1ZN7L4R0H1D00F,1W9DL31001461C,,1ZMLH8300204F0,1W9DL31001461C,,,,,
2023-11-01,11:35:51.81 AM,11m 29.5s,689.5,33.7938385017589,-117.4736669237938,-30.5,137.7,21.3,1233,5780.7,0,8.547335,0,2.23694,0,5.816044,0,1.11847,1.6,0.5,1.6,91.2,91.2,,Tripod,Other,,21,5,True,,True,False,,Smart,RC,False,True,False,,,True,,False,False,False,False,False,False,False,False,False,False,0,Follow Yaw,-77.9,0,83.1,83.1,False,False,False,False,False,,0,0,False,False,No Card,100,100,1024,1024,1024,1024,2,False,False,False,False,False,0,False,False,False,False,63,,45.924,,6327,,10044,,45.924,,True,3.828,3.828,3.828,3.828,3.828,3.828,3.828,3.828,3.828,3.828,3.828,3.828,0,,False,False,True,,,,,,,,,,,,,,,False,False,19.746,,106.5,,75.7,,106.5,,1156,124,,21,7,150415.5,20055.41,,Idle,,20,,10,,,20,Go Home,False,False,False,False,False,False,False,False,False,False,False,False,33.8027920380556,-117.4659261431046,4021.9,4043.5,1049.4,396.9,True,1,1,False,False,False,False,,True,False,False,Course Lock,196.8,67,16.4,93,W,S,2.46,11.4,Calm,False,True,Android,7.0.2,M300 RTK,1ZN7L4R0H1D00F,1W9DL31001461C,1ZMLH8300204F0,1Z6PH74DAP0QN7,"Corona, CA",728.3,5.7,137.7,8.547347,2.013246,0,0,DJI Matrice 300 RTK,M300 RTK,1ZN7L4R0H1D00F,1W9DL31001461C,1ZMLH8300204F0,1Z6PH74DAP0QN7,DJI Pilot,Android,7.0.2,1EF72A62-B7C3-C88D-164E-CE6F8C8424AE,1ZN7L4R0H1D00F,1W9DL31001461C,,1ZMLH8300204F0,1W9DL31001461C,,,,,
2023-11-01,11:35:51.94 AM,11m 29.6s,689.6,33.7938385129297,-117.4736668997136,-30.5,137.7,21.3,1233,5780.7,0,8.547335,0,2.23694,0,5.816044,0,1.11847,1.5,0.5,1.5,91.2,91.2,,Tripod,Other,,21,5,True,,True,False,,Smart,RC,False,True,False,,,True,,False,False,False,False,False,False,False,False,False,False,0,Follow Yaw,-77.9,0,83.1,83.1,False,False,False,False,False,,0,0,False,False,No Card,100,100,1024,1024,1024,1024,2,False,False,False,False,False,0,False,False,False,False,63,,45.924,,6327,,10044,,45.924,,True,3.828,3.828,3.828,3.828,3.828,3.828,3.828,3.828,3.828,3.828,3.828,3.828,0,,False,False,True,,,,,,,,,,,,,,,False,False,19.746,,106.5,,75.7,,106.5,,1156,124,,21,7,150415.5,20055.41,,Idle,,20,,10,,,20,Go Home,False,False,False,False,False,False,False,False,False,False,False,False,33.8027920380556,-117.4659261431046,4021.9,4043.5,1049.4,396.9,True,1,1,False,False,False,False,,True,False,False,Course Lock,196.8,67,16.4,93,W,S,2.46,11.4,Calm,False,False,Android,7.0.2,M300 RTK,1ZN7L4R0H1D00F,1W9DL31001461C,1ZMLH8300204F0,1Z6PH74DAP0QN7,"Corona, CA",728.3,5.7,137.7,8.547347,2.013246,0,0,DJI Matrice 300 RTK,M300 RTK,1ZN7L4R0H1D00F,1W9DL31001461C,1ZMLH8300204F0,1Z6PH74DAP0QN7,DJI Pilot,Android,7.0.2,1EF72A62-B7C3-C88D-164E-CE6F8C8424AE,1ZN7L4R0H1D00F,1W9DL31001461C,,1ZMLH8300204F0,1W9DL31001461C,,,,,
2023-11-01,11:35:52.01 AM,11m 29.7s,689.7,33.7938385047743,-117.4736669543887,-30.5,137.7,21.3,1233,5780.7,0,8.547335,0,2.23694,0,5.816044,0,1.11847,1.6,0.6,1.7,91.2,91.2,,Tripod,Other,,21,5,True,,True,False,,Smart,RC,False,True,False,,,True,,False,False,False,False,False,False,False,False,False,False,0,Follow Yaw,-77.9,0,83.1,83.1,False,False,False,False,False,,0,0,False,False,No Card,100,100,1024,1024,1024,1024,2,False,False,False,False,False,0,False,False,False,False,63,,45.9,,3141,,4986,,45.9,,True,3.828,3.828,3.828,3.828,3.828,3.828,3.828,3.828,3.828,3.828,3.828,3.828,0,,False,False,True,,,,,,,,,,,,,,,False,False,9.862,,106.1,,75.7,,106.5,,1156,124,,21,7,150415.5,20055.41,,Idle,,20,,10,,,20,Go Home,False,False,False,False,False,False,False,False,False,False,False,False,33.8027920380556,-117.4659261431046,4021.9,4043.5,1049.4,396.9,True,1,1,False,False,False,False,,True,False,False,Course Lock,196.8,67,16.4,93,W,S,2.46,11.4,Calm,False,True,Android,7.0.2,M300 RTK,1ZN7L4R0H1D00F,1W9DL31001461C,1ZMLH8300204F0,1Z6PH74DAP0QN7,"Corona, CA",728.3,5.7,137.7,8.547347,2.013246,0,0,DJI Matrice 300 RTK,M300 RTK,1ZN7L4R0H1D00F,1W9DL31001461C,1ZMLH8300204F0,1Z6PH74DAP0QN7,DJI Pilot,Android,7.0.2,1EF72A62-B7C3-C88D-164E-CE6F8C8424AE,1ZN7L4R0H1D00F,1W9DL31001461C,,1ZMLH8300204F0,1W9DL31001461C,,,,,
2023-11-01,11:35:52.14 AM,11m 29.8s,689.8,33.7938385129297,-117.4736669386377,-30.5,137.7,21.3,1233,5780.7,0,8.547335,0,2.23694,0,5.816044,0,1.11847,1.6,0.6,1.7,91.2,91.2,,Tripod,Other,,21,5,True,,True,False,,Smart,RC,False,True,False,,,True,,False,False,False,False,False,False,False,False,False,False,0,Follow Yaw,-77.9,0,83.1,83.1,False,False,False,False,False,,0,0,False,False,No Card,100,100,1024,1024,1024,1024,2,False,False,False,False,False,0,False,False,False,False,63,,45.9,,3141,,4986,,45.9,,True,3.828,3.828,3.828,3.828,3.828,3.828,3.828,3.828,3.828,3.828,3.828,3.828,0,,False,False,True,,,,,,,,,,,,,,,False,False,9.862,,106.1,,75.7,,106.5,,1156,124,,21,7,150415.5,20055.41,,Idle,,20,,10,,,20,Go Home,False,False,False,False,False,False,False,False,False,False,False,False,33.8027920380556,-117.4659261431046,4021.9,4043.5,1049.4,396.9,True,1,1,False,False,False,False,,True,False,False,Course Lock,196.8,67,16.4,93,W,S,2.46,11.4,Calm,False,False,Android,7.0.2,M300 RTK,1ZN7L4R0H1D00F,1W9DL31001461C,1ZMLH8300204F0,1Z6PH74DAP0QN7,"Corona, CA",728.3,5.7,137.7,8.547347,2.013246,0,0,DJI Matrice 300 RTK,M300 RTK,1ZN7L4R0H1D00F,1W9DL31001461C,1ZMLH8300204F0,1Z6PH74DAP0QN7,DJI Pilot,Android,7.0.2,1EF72A62-B7C3-C88D-164E-CE6F8C8424AE,1ZN7L4R0H1D00F,1W9DL31001461C,,1ZMLH8300204F0,1W9DL31001461C,,,,,
2023-11-01,11:35:52.24 AM,11m 29.9s,689.9,33.7938386560936,-117.4736668286278,-30.5,137.7,20.9,1233,5780.8,0,8.547335,0,2.23694,0,5.816044,0,1.11847,1.6,0.6,1.7,91.2,91.2,,Tripod,Other,,21,5,True,,True,False,,Smart,RC,False,True,False,,,True,,False,False,False,False,False,False,False,False,False,False,0,Follow Yaw,-77.9,0,83.1,83.1,False,False,False,False,False,,0,0,False,False,No Card,100,100,1024,1024,1024,1024,2,False,False,False,False,False,0,False,False,False,False,63,,45.9,,3141,,4986,,45.9,,True,3.828,3.828,3.828,3.828,3.828,3.828,3.828,3.828,3.828,3.828,3.828,3.828,0,,False,False,True,,,,,,,,,,,,,,,False,False,9.862,,106.1,,75.7,,106.5,,1156,124,,21,7,150415.5,20055.41,,Idle,,20,,10,,,20,Go Home,False,False,False,False,False,False,False,False,False,False,False,False,33.8027920380556,-117.4659261431046,4021.8,4043.5,1049.4,396.9,True,1,1,False,False,False,False,,True,False,False,Course Lock,196.8,67,16.4,93,W,S,2.46,11.4,Calm,False,False,Android,7.0.2,M300 RTK,1ZN7L4R0H1D00F,1W9DL31001461C,1ZMLH8300204F0,1Z6PH74DAP0QN7,"Corona, CA",728.3,5.7,137.7,8.547347,2.013246,0,0,DJI Matrice 300 RTK,M300 RTK,1ZN7L4R0H1D00F,1W9DL31001461C,1ZMLH8300204F0,1Z6PH74DAP0QN7,DJI Pilot,Android,7.0.2,1EF72A62-B7C3-C88D-164E-CE6F8C8424AE,1ZN7L4R0H1D00F,1W9DL31001461C,,1ZMLH8300204F0,1W9DL31001461C,,,,,
2023-11-01,11:35:52.34 AM,11m 30.0s,690.0,33.7938386741176,-117.4736668048775,-30.5,137.7,21.3,1233,5780.8,0,8.547335,0,2.23694,0,5.816044,0,1.11847,1.6,0.7,1.7,91.2,91.2,,Tripod,Other,,21,5,True,,True,False,,Smart,RC,False,True,False,,,True,,False,False,False,False,False,False,False,False,False,False,0,Follow Yaw,-77.9,0,83.1,83.1,False,False,False,False,False,,0,0,False,False,No Card,100,100,1024,1024,1024,1024,2,False,False,False,False,False,0,False,False,False,False,63,,45.912,,6327,,10044,,45.912,,True,3.828,3.828,3.828,3.828,3.828,3.828,3.828,3.828,3.828,3.828,3.828,3.828,0,,False,False,True,,,,,,,,,,,,,,,False,False,19.806,,106.5,,75.7,,106.5,,1156,124,,21,7,150415.5,20055.41,,Idle,,20,,10,,,20,Go Home,False,False,False,False,False,False,False,False,False,False,False,False,33.8027920380556,-117.4659261431046,4021.8,4043.5,1049.4,396.9,True,1,1,False,False,False,False,,True,False,False,Course Lock,196.8,67,16.4,93,W,S,2.46,11.4,Calm,False,False,Android,7.0.2,M300 RTK,1ZN7L4R0H1D00F,1W9DL31001461C,1ZMLH8300204F0,1Z6PH74DAP0QN7,"Corona, CA",728.3,5.7,137.7,8.547347,2.013246,0,0,DJI Matrice 300 RTK,M300 RTK,1ZN7L4R0H1D00F,1W9DL31001461C,1ZMLH8300204F0,1Z6PH74DAP0QN7,DJI Pilot,Android,7.0.2,1EF72A62-B7C3-C88D-164E-CE6F8C8424AE,1ZN7L4R0H1D00F,1W9DL31001461C,,1ZMLH8300204F0,1W9DL31001461C,,,,,
2023-11-01,11:35:52.42 AM,11m 30.1s,690.1,33.7938386308052,-117.4736667031142,-30.5,137.7,21.3,1233,5780.9,0,8.547335,0,2.23694,0,5.816044,0,1.11847,1.7,0.7,1.8,91.2,91.2,,Tripod,Other,,21,5,True,,True,False,,Smart,RC,False,True,False,,,True,,False,False,False,False,False,False,False,False,False,False,0,Follow Yaw,-77.9,0,83.1,83.1,False,False,False,False,False,,0,0,False,False,No Card,100,100,1024,1024,1024,1024,2,False,False,False,False,False,0,False,False,False,False,63,,45.912,,6327,,10044,,45.912,,True,3.828,3.828,3.828,3.828,3.828,3.828,3.828,3.828,3.828,3.828,3.828,3.828,0,,False,False,True,,,,,,,,,,,,,,,False,False,19.806,,106.5,,75.7,,106.5,,1156,124,,21,7,150415.5,20055.41,,Idle,,20,,10,,,20,Go Home,False,False,False,False,False,False,False,False,False,False,False,False,33.8027920380556,-117.4659261431046,4021.8,4043.5,1049.4,396.9,True,1,1,False,False,False,False,,True,False,False,Course Lock,196.8,67,16.4,93,W,S,2.46,11.4,Calm,False,False,Android,7.0.2,M300 RTK,1ZN7L4R0H1D00F,1W9DL31001461C,1ZMLH8300204F0,1Z6PH74DAP0QN7,"Corona, CA",728.3,5.7,137.7,8.547347,2.013246,0,0,DJI Matrice 300 RTK,M300 RTK,1ZN7L4R0H1D00F,1W9DL31001461C,1ZMLH8300204F0,1Z6PH74DAP0QN7,DJI Pilot,Android,7.0.2,1EF72A62-B7C3-C88D-164E-CE6F8C8424AE,1ZN7L4R0H1D00F,1W9DL31001461C,,1ZMLH8300204F0,1W9DL31001461C,,,,,
2023-11-01,11:35:52.52 AM,11m 30.2s,690.2,33.7938386446487,-117.473666677962,-30.5,137.7,21.3,1233,5780.9,0,8.547335,0,2.23694,0,5.816044,0,1.11847,1.6,0.7,1.7,91.2,91.2,,Tripod,Other,,21,5,True,,True,False,,Smart,RC,False,True,False,,,True,,False,False,False,False,False,False,False,False,False,False,0,Follow Yaw,-77.9,0,83.1,83.1,False,False,False,False,False,,0,0,False,False,No Card,100,100,1024,1024,1024,1024,2,False,False,False,False,False,0,False,False,False,False,63,,45.912,,6327,,10044,,45.912,,True,3.828,3.828,3.828,3.828,3.828,3.828,3.828,3.828,3.828,3.828,3.828,3.828,0,,False,False,True,,,,,,,,,,,,,,,False,False,19.806,,106.5,,75.7,,106.5,,1156,124,,21,7,150415.5,20055.41,,Idle,,20,,10,,,20,Go Home,False,False,False,False,False,False,False,False,False,False,False,False,33.8027920380556,-117.4659261431046,4021.8,4043.5,1049.4,396.9,True,1,1,False,False,False,False,,True,False,False,Course Lock,196.8,67,16.4,93,W,S,2.46,11.4,Calm,False,False,Android,7.0.2,M300 RTK,1ZN7L4R0H1D00F,1W9DL31001461C,1ZMLH8300204F0,1Z6PH74DAP0QN7,"Corona, CA",728.3,5.7,137.7,8.547347,2.013246,0,0,DJI Matrice 300 RTK,M300 RTK,1ZN7L4R0H1D00F,1W9DL31001461C,1ZMLH8300204F0,1Z6PH74DAP0QN7,DJI Pilot,Android,7.0.2,1EF72A62-B7C3-C88D-164E-CE6F8C8424AE,1ZN7L4R0H1D00F,1W9DL31001461C,,1ZMLH8300204F0,1W9DL31001461C,,,,,
2023-11-01,11:35:52.64 AM,11m 30.3s,690.3,33.7938386100399,-117.4736667506148,-30.5,137.7,21.3,1233,5780.9,0,8.547335,0,2.23694,0,5.816044,0,1.11847,1.6,0.6,1.7,91.1,91.1,,Tripod,Other,,21,5,True,,True,False,,Smart,RC,False,True,False,,,True,,False,False,False,False,False,False,False,False,False,False,0,Follow Yaw,-77.9,0,83.1,83.1,False,False,False,False,False,,0,0,False,False,No Card,100,100,1024,1024,1024,1024,2,False,False,False,False,False,0,False,False,False,False,63,,45.912,,6327,,10044,,45.912,,True,3.829,3.829,3.829,3.829,3.829,3.829,3.829,3.829,3.829,3.829,3.829,3.829,0,,False,False,True,,,,,,,,,,,,,,,False,False,19.806,,106.5,,75.7,,106.5,,1153,124,,21,7,150422.2,20056.30,,Idle,,20,,10,,,20,Go Home,False,False,False,False,False,False,False,False,False,False,False,False,33.8027920380556,-117.4659261431046,4021.8,4043.5,1049.4,396.9,True,1,1,False,False,False,False,,True,False,False,Course Lock,196.8,67,16.4,93,W,S,2.46,11.4,Calm,False,True,Android,7.0.2,M300 RTK,1ZN7L4R0H1D00F,1W9DL31001461C,1ZMLH8300204F0,1Z6PH74DAP0QN7,"Corona, CA",728.3,5.7,137.7,8.547347,2.013246,0,0,DJI Matrice 300 RTK,M300 RTK,1ZN7L4R0H1D00F,1W9DL31001461C,1ZMLH8300204F0,1Z6PH74DAP0QN7,DJI Pilot,Android,7.0.2,1EF72A62-B7C3-C88D-164E-CE6F8C8424AE,1ZN7L4R0H1D00F,1W9DL31001461C,,1ZMLH8300204F0,1W9DL31001461C,,,,,
2023-11-01,11:35:52.72 AM,11m 30.4s,690.4,33.7938386177841,-117.4736667361007,-30.5,137.7,21.3,1233,5780.9,0,8.547335,0,2.23694,0,5.816044,0,1.11847,1.5,0.5,1.5,91.1,91.1,,Tripod,Other,,21,5,True,,True,False,,Smart,RC,False,True,False,,,True,,False,False,False,False,False,False,False,False,False,False,0,Follow Yaw,-77.9,0,83.1,83.1,False,False,False,False,False,,0,0,False,False,No Card,100,100,1024,1024,1024,1024,2,False,False,False,False,False,0,False,False,False,False,63,,45.912,,6327,,10044,,45.912,,True,3.829,3.829,3.829,3.829,3.829,3.829,3.829,3.829,3.829,3.829,3.829,3.829,0,,False,False,True,,,,,,,,,,,,,,,False,False,19.806,,106.5,,75.7,,106.5,,1153,124,,21,7,150422.2,20056.30,,Idle,,20,,10,,,20,Go Home,False,False,False,False,False,False,False,False,False,False,False,False,33.8027920380556,-117.4659261431046,4021.8,4043.5,1049.4,396.9,True,1,1,False,False,False,False,,True,False,False,Course Lock,196.8,67,16.4,93,W,S,2.46,11.4,Calm,False,False,Android,7.0.2,M300 RTK,1ZN7L4R0H1D00F,1W9DL31001461C,1ZMLH8300204F0,1Z6PH74DAP0QN7,"Corona, CA",728.3,5.7,137.7,8.547347,2.013246,0,0,DJI Matrice 300 RTK,M300 RTK,1ZN7L4R0H1D00F,1W9DL31001461C,1ZMLH8300204F0,1Z6PH74DAP0QN7,DJI Pilot,Android,7.0.2,1EF72A62-B7C3-C88D-164E-CE6F8C8424AE,1ZN7L4R0H1D00F,1W9DL31001461C,,1ZMLH8300204F0,1W9DL31001461C,,,,,
2023-11-01,11:35:52.83 AM,11m 30.5s,690.5,33.7938384341861,-117.4736666312862,-30.5,137.7,21.3,1233,5781.0,0,8.547335,0,2.23694,0,5.816044,0,1.11847,1.5,0.5,1.5,91.1,91.1,,Tripod,Other,,21,5,True,,True,False,,Smart,RC,False,True,False,,,True,,False,False,False,False,False,False,False,False,False,False,0,Follow Yaw,-77.9,0,83.1,83.1,False,False,False,False,False,,0,0,False,False,No Card,100,100,1024,1024,1024,1024,2,False,False,False,False,False,0,False,False,False,False,63,,45.912,,6327,,10044,,45.912,,True,3.829,3.829,3.829,3.829,3.829,3.829,3.829,3.829,3.829,3.829,3.829,3.829,0,,False,False,True,,,,,,,,,,,,,,,False,False,19.806,,106.5,,75.7,,106.5,,1153,124,,21,7,150422.2,20056.30,,Idle,,20,,10,,,20,Go Home,False,False,False,False,False,False,False,False,False,False,False,False,33.8027920380556,-117.4659261431046,4021.9,4043.5,1049.4,396.9,True,1,1,False,False,False,False,,True,False,False,Course Lock,196.8,67,16.4,93,W,S,2.46,11.4,Calm,False,False,Android,7.0.2,M300 RTK,1ZN7L4R0H1D00F,1W9DL31001461C,1ZMLH8300204F0,1Z6PH74DAP0QN7,"Corona, CA",728.3,5.7,137.7,8.547347,2.013246,0,0,DJI Matrice 300 RTK,M300 RTK,1ZN7L4R0H1D00F,1W9DL31001461C,1ZMLH8300204F0,1Z6PH74DAP0QN7,DJI Pilot,Android,7.0.2,1EF72A62-B7C3-C88D-164E-CE6F8C8424AE,1ZN7L4R0H1D00F,1W9DL31001461C,,1ZMLH8300204F0,1W9DL31001461C,,,,,
2023-11-01,11:35:52.94 AM,11m 30.6s,690.6,33.7938384260307,-117.4736666057217,-30.5,137.7,21.3,1233,5781.0,0,8.547335,0,2.23694,0,5.816044,0,1.11847,1.5,0.5,1.5,91.1,91.1,,Tripod,Other,,21,5,True,,True,False,,Smart,RC,False,True,False,,,True,,False,False,False,False,False,False,False,False,False,False,0,Follow Yaw,-77.9,0,83.1,83.1,False,False,False,False,False,,0,0,False,False,No Card,100,100,1024,1024,1024,1024,2,False,False,False,False,False,0,False,False,False,False,63,,45.912,,6327,,10044,,45.912,,True,3.829,3.829,3.829,3.829,3.829,3.829,3.829,3.829,3.829,3.829,3.829,3.829,0,,False,False,True,,,,,,,,,,,,,,,False,False,19.806,,106.5,,75.7,,106.5,,1153,124,,21,7,150422.2,20056.30,,Idle,,20,,10,,,20,Go Home,False,False,False,False,False,False,False,False,False,False,False,False,33.8027920380556,-117.4659261431046,4021.9,4043.5,1049.4,396.9,True,1,1,False,False,False,False,,True,False,False,Course Lock,196.8,67,16.4,93,W,S,2.46,11.4,Calm,False,False,Android,7.0.2,M300 RTK,1ZN7L4R0H1D00F,1W9DL31001461C,1ZMLH8300204F0,1Z6PH74DAP0QN7,"Corona, CA",728.3,5.7,137.7,8.547347,2.013246,0,0,DJI Matrice 300 RTK,M300 RTK,1ZN7L4R0H1D00F,1W9DL31001461C,1ZMLH8300204F0,1Z6PH74DAP0QN7,DJI Pilot,Android,7.0.2,1EF72A62-B7C3-C88D-164E-CE6F8C8424AE,1ZN7L4R0H1D00F,1W9DL31001461C,,1ZMLH8300204F0,1W9DL31001461C,,,,,
2023-11-01,11:35:53.03 AM,11m 30.7s,690.7,33.7938384411764,-117.4736664963716,-30.5,137.7,21.3,1233,5781.0,0,8.547335,0,2.23694,0,5.816044,0,1.11847,1.5,0.6,1.6,91.1,91.1,,Tripod,Other,,21,5,True,,True,False,,Smart,RC,False,True,False,,,True,,False,False,False,False,False,False,False,False,False,False,0,Follow Yaw,-77.9,0,83.1,83.1,False,False,False,False,False,,0,0,False,False,No Card,100,100,1024,1024,1024,1024,2,False,False,False,False,False,0,False,False,False,False,63,,45.912,,6327,,10044,,45.912,,True,3.829,3.829,3.829,3.829,3.829,3.829,3.829,3.829,3.829,3.829,3.829,3.829,0,,False,False,True,,,,,,,,,,,,,,,False,False,19.806,,106.5,,75.7,,106.5,,1153,124,,21,7,150422.2,20056.30,,Idle,,20,,10,,,20,Go Home,False,False,False,False,False,False,False,False,False,False,False,False,33.8027920380556,-117.4659261431046,4021.8,4043.5,1049.4,396.9,True,1,1,False,False,False,False,,True,False,False,Course Lock,196.8,67,16.4,93,W,S,2.46,11.4,Calm,False,False,Android,7.0.2,M300 RTK,1ZN7L4R0H1D00F,1W9DL31001461C,1ZMLH8300204F0,1Z6PH74DAP0QN7,"Corona, CA",728.3,5.7,137.7,8.547347,2.013246,0,0,DJI Matrice 300 RTK,M300 RTK,1ZN7L4R0H1D00F,1W9DL31001461C,1ZMLH8300204F0,1Z6PH74DAP0QN7,DJI Pilot,Android,7.0.2,1EF72A62-B7C3-C88D-164E-CE6F8C8424AE,1ZN7L4R0H1D00F,1W9DL31001461C,,1ZMLH8300204F0,1W9DL31001461C,,,,,
2023-11-01,11:35:53.13 AM,11m 30.8s,690.8,33.7938384365162,-117.473666460004,-30.5,137.7,21.3,1233,5781.0,0,8.547335,0,2.23694,0,5.816044,0,1.11847,1.5,0.6,1.6,91.1,91.1,,Tripod,Other,,21,5,True,,True,False,,Smart,RC,False,True,False,,,True,,False,False,False,False,False,False,False,False,False,False,0,Follow Yaw,-77.9,0,83.1,83.1,False,False,False,False,False,,0,0,False,False,No Card,100,100,1024,1024,1024,1024,2,False,False,False,False,False,0,False,False,False,False,63,,45.912,,6327,,10044,,45.912,,True,3.829,3.829,3.829,3.829,3.829,3.829,3.829,3.829,3.829,3.829,3.829,3.829,0,,False,False,True,,,,,,,,,,,,,,,False,False,19.806,,106.5,,75.7,,106.5,,1153,124,,21,7,150422.2,20056.30,,Idle,,20,,10,,,20,Go Home,False,False,False,False,False,False,False,False,False,False,False,False,33.8027920380556,-117.4659261431046,4021.8,4043.5,1049.4,396.9,True,1,1,False,False,False,False,,True,False,False,Course Lock,196.8,67,16.4,93,W,S,2.46,11.4,Calm,False,False,Android,7.0.2,M300 RTK,1ZN7L4R0H1D00F,1W9DL31001461C,1ZMLH8300204F0,1Z6PH74DAP0QN7,"Corona, CA",728.3,5.7,137.7,8.547347,2.013246,0,0,DJI Matrice 300 RTK,M300 RTK,1ZN7L4R0H1D00F,1W9DL31001461C,1ZMLH8300204F0,1Z6PH74DAP0QN7,DJI Pilot,Android,7.0.2,1EF72A62-B7C3-C88D-164E-CE6F8C8424AE,1ZN7L4R0H1D00F,1W9DL31001461C,,1ZMLH8300204F0,1W9DL31001461C,,,,,
2023-11-01,11:35:53.24 AM,11m 30.9s,690.9,33.7938384554996,-117.4736665147615,-30.5,137.7,21.3,1233,5781.0,0,8.547335,0,2.23694,0,5.816044,0,1.11847,1.5,0.6,1.6,91.1,91.1,,Tripod,Other,,21,5,True,,True,False,,Smart,RC,False,True,False,,,True,,False,False,False,False,False,False,False,False,False,False,0,Follow Yaw,-77.9,0,83.1,83.1,False,False,False,False,False,,0,0,False,False,No Card,100,100,1024,1024,1024,1024,2,False,False,False,False,False,0,False,False,False,False,63,,45.912,,6327,,10044,,45.912,,True,3.829,3.829,3.829,3.829,3.829,3.829,3.829,3.829,3.829,3.829,3.829,3.829,0,,False,False,True,,,,,,,,,,,,,,,False,False,19.806,,106.5,,75.7,,106.5,,1153,124,,21,7,150422.2,20056.30,,Idle,,20,,10,,,20,Go Home,False,False,False,False,False,False,False,False,False,False,False,False,33.8027920380556,-117.4659261431046,4021.8,4043.5,1049.4,396.9,True,1,1,False,False,False,False,,True,False,False,Course Lock,196.8,67,16.4,93,W,S,2.46,11.4,Calm,False,True,Android,7.0.2,M300 RTK,1ZN7L4R0H1D00F,1W9DL31001461C,1ZMLH8300204F0,1Z6PH74DAP0QN7,"Corona, CA",728.3,5.7,137.7,8.547347,2.013246,0,0,DJI Matrice 300 RTK,M300 RTK,1ZN7L4R0H1D00F,1W9DL31001461C,1ZMLH8300204F0,1Z6PH74DAP0QN7,DJI Pilot,Android,7.0.2,1EF72A62-B7C3-C88D-164E-CE6F8C8424AE,1ZN7L4R0H1D00F,1W9DL31001461C,,1ZMLH8300204F0,1W9DL31001461C,,,,,
2023-11-01,11:35:53.34 AM,11m 31.0s,691.0,33.7938384491261,-117.4736664808679,-30.5,137.7,21.3,1233,5781.1,0,8.547335,0,2.23694,0,5.816044,0,1.11847,1.5,0.6,1.6,91.1,91.1,,Tripod,Other,,21,5,True,,True,False,,Smart,RC,False,True,False,,,True,,False,False,False,False,False,False,False,False,False,False,0,Follow Yaw,-77.9,0,83.1,83.1,False,False,False,False,False,,0,0,False,False,No Card,100,100,1024,1024,1024,1024,2,False,False,False,False,False,0,False,False,False,False,63,,45.912,,6327,,10044,,45.912,,True,3.829,3.829,3.829,3.829,3.829,3.829,3.829,3.829,3.829,3.829,3.829,3.829,0,,False,False,True,,,,,,,,,,,,,,,False,False,19.906,,106.5,,75.7,,106.5,,1153,124,,21,7,150422.2,20056.30,,Idle,,20,,10,,,20,Go Home,False,False,False,False,False,False,False,False,False,False,False,False,33.8027920380556,-117.4659261431046,4021.8,4043.5,1049.4,396.9,True,1,1,False,False,False,False,,True,False,False,Course Lock,196.8,67,16.4,93,W,S,2.46,11.4,Calm,False,False,Android,7.0.2,M300 RTK,1ZN7L4R0H1D00F,1W9DL31001461C,1ZMLH8300204F0,1Z6PH74DAP0QN7,"Corona, CA",728.3,5.7,137.7,8.547347,2.013246,0,0,DJI Matrice 300 RTK,M300 RTK,1ZN7L4R0H1D00F,1W9DL31001461C,1ZMLH8300204F0,1Z6PH74DAP0QN7,DJI Pilot,Android,7.0.2,1EF72A62-B7C3-C88D-164E-CE6F8C8424AE,1ZN7L4R0H1D00F,1W9DL31001461C,,1ZMLH8300204F0,1W9DL31001461C,,,,,
2023-11-01,11:35:53.44 AM,11m 31.1s,691.1,33.7938386170988,-117.4736663682191,-30.5,137.7,21.3,1233,5781.1,0,8.547335,0,2.23694,0,5.816044,0,1.11847,1.5,0.6,1.6,91.1,91.1,,Tripod,Other,,21,5,True,,True,False,,Smart,RC,False,True,False,,,True,,False,False,False,False,False,False,False,False,False,False,0,Follow Yaw,-77.9,0,83.1,83.1,False,False,False,False,False,,0,0,False,False,No Card,100,100,1024,1024,1024,1024,2,False,False,False,False,False,0,False,False,False,False,63,,45.912,,6327,,10044,,45.912,,True,3.829,3.829,3.829,3.829,3.829,3.829,3.829,3.829,3.829,3.829,3.829,3.829,0,,False,False,True,,,,,,,,,,,,,,,False,False,19.906,,106.5,,75.7,,106.5,,1153,124,,21,7,150422.2,20056.30,,Idle,,20,,10,,,20,Go Home,False,False,False,False,False,False,False,False,False,False,False,False,33.8027920380556,-117.4659261431046,4021.8,4043.5,1049.4,396.9,True,1,1,False,False,False,False,,True,False,False,Course Lock,196.8,67,16.4,93,W,S,2.46,11.4,Calm,False,False,Android,7.0.2,M300 RTK,1ZN7L4R0H1D00F,1W9DL31001461C,1ZMLH8300204F0,1Z6PH74DAP0QN7,"Corona, CA",728.3,5.7,137.7,8.547347,2.013246,0,0,DJI Matrice 300 RTK,M300 RTK,1ZN7L4R0H1D00F,1W9DL31001461C,1ZMLH8300204F0,1Z6PH74DAP0QN7,DJI Pilot,Android,7.0.2,1EF72A62-B7C3-C88D-164E-CE6F8C8424AE,1ZN7L4R0H1D00F,1W9DL31001461C,,1ZMLH8300204F0,1W9DL31001461C,,,,,
2023-11-01,11:35:53.54 AM,11m 31.2s,691.2,33.7938386240891,-117.4736663235224,-30.5,137.7,21.3,1233,5781.1,0,8.547335,0,2.23694,0,5.816044,0,1.11847,1.6,0.6,1.7,91.1,91.1,,Tripod,Other,,21,5,True,,True,False,,Smart,RC,False,True,False,,,True,,False,False,False,False,False,False,False,False,False,False,0,Follow Yaw,-77.9,0,83.1,83.1,False,False,False,False,False,,0,0,False,False,No Card,100,100,1024,1024,1024,1024,2,False,False,False,False,False,0,False,False,False,False,63,,45.912,,6327,,10044,,45.912,,True,3.829,3.829,3.829,3.829,3.829,3.829,3.829,3.829,3.829,3.829,3.829,3.829,0,,False,False,True,,,,,,,,,,,,,,,False,False,19.906,,106.5,,75.7,,106.5,,1153,124,,21,7,150422.2,20056.30,,Idle,,20,,10,,,20,Go Home,False,False,False,False,False,False,False,False,False,False,False,False,33.8027920380556,-117.4659261431046,4021.8,4043.5,1049.4,396.9,True,1,1,False,False,False,False,,True,False,False,Course Lock,196.8,67,16.4,93,W,S,2.46,11.4,Calm,False,False,Android,7.0.2,M300 RTK,1ZN7L4R0H1D00F,1W9DL31001461C,1ZMLH8300204F0,1Z6PH74DAP0QN7,"Corona, CA",728.3,5.7,137.7,8.547347,2.013246,0,0,DJI Matrice 300 RTK,M300 RTK,1ZN7L4R0H1D00F,1W9DL31001461C,1ZMLH8300204F0,1Z6PH74DAP0QN7,DJI Pilot,Android,7.0.2,1EF72A62-B7C3-C88D-164E-CE6F8C8424AE,1ZN7L4R0H1D00F,1W9DL31001461C,,1ZMLH8300204F0,1W9DL31001461C,,,,,
2023-11-01,11:35:53.64 AM,11m 31.3s,691.3,33.793838438298,-117.473666389083,-30.5,137.7,21.3,1233,5781.2,0,8.547335,0,2.23694,0,5.816044,0,1.11847,1.6,0.6,1.7,91.2,91.2,,Tripod,Other,,21,5,True,,True,False,,Smart,RC,False,True,False,,,True,,False,False,False,False,False,False,False,False,False,False,0,Follow Yaw,-77.9,0,83.1,83.1,False,False,False,False,False,,0,0,False,False,No Card,100,100,1024,1024,1024,1024,2,False,False,False,False,False,0,False,False,False,False,63,,45.912,,6327,,10044,,45.912,,True,3.825,3.825,3.825,3.825,3.825,3.825,3.825,3.825,3.825,3.825,3.825,3.825,0,,False,False,True,,,,,,,,,,,,,,,False,False,19.906,,106.5,,75.7,,106.5,,1151,124,,21,7,150281.8,20037.57,,Idle,,20,,10,,,20,Go Home,False,False,False,False,False,False,False,False,False,False,False,False,33.8027920380556,-117.4659261431046,4021.8,4043.5,1049.4,396.9,True,1,1,False,False,False,False,,True,False,False,Course Lock,196.8,67,16.4,93,W,S,2.46,11.4,Calm,False,False,Android,7.0.2,M300 RTK,1ZN7L4R0H1D00F,1W9DL31001461C,1ZMLH8300204F0,1Z6PH74DAP0QN7,"Corona, CA",728.3,5.7,137.7,8.547347,2.013246,0,0,DJI Matrice 300 RTK,M300 RTK,1ZN7L4R0H1D00F,1W9DL31001461C,1ZMLH8300204F0,1Z6PH74DAP0QN7,DJI Pilot,Android,7.0.2,1EF72A62-B7C3-C88D-164E-CE6F8C8424AE,1ZN7L4R0H1D00F,1W9DL31001461C,,1ZMLH8300204F0,1W9DL31001461C,,,,,
2023-11-01,11:35:53.75 AM,11m 31.4s,691.4,33.793838427607,-117.4736663523031,-30.5,137.7,21.3,1233,5781.2,0,8.547335,0,2.23694,0,5.816044,0,1.11847,1.7,0.6,1.8,91.2,91.2,,Tripod,Other,,21,5,True,,True,False,,Smart,RC,False,True,False,,,True,,False,False,False,False,False,False,False,False,False,False,0,Follow Yaw,-77.9,0,83.1,83.1,False,False,False,False,False,,0,0,False,False,No Card,100,100,1024,1024,1024,1024,2,False,False,False,False,False,0,False,False,False,False,63,,45.912,,6327,,10044,,45.912,,True,3.825,3.825,3.825,3.825,3.825,3.825,3.825,3.825,3.825,3.825,3.825,3.825,0,,False,False,True,,,,,,,,,,,,,,,False,False,19.906,,106.5,,75.7,,106.5,,1151,124,,21,7,150281.8,20037.57,,Idle,,20,,10,,,20,Go Home,False,False,False,False,False,False,False,False,False,False,False,False,33.8027920380556,-117.4659261431046,4021.8,4043.5,1049.4,396.9,True,1,1,False,False,False,False,,True,False,False,Course Lock,196.8,67,16.4,93,W,S,2.46,11.4,Calm,False,False,Android,7.0.2,M300 RTK,1ZN7L4R0H1D00F,1W9DL31001461C,1ZMLH8300204F0,1Z6PH74DAP0QN7,"Corona, CA",728.3,5.7,137.7,8.547347,2.013246,0,0,DJI Matrice 300 RTK,M300 RTK,1ZN7L4R0H1D00F,1W9DL31001461C,1ZMLH8300204F0,1Z6PH74DAP0QN7,DJI Pilot,Android,7.0.2,1EF72A62-B7C3-C88D-164E-CE6F8C8424AE,1ZN7L4R0H1D00F,1W9DL31001461C,,1ZMLH8300204F0,1W9DL31001461C,,,,,
2023-11-01,11:35:53.85 AM,11m 31.5s,691.5,33.7938384341175,-117.4736660997917,-30.5,137.7,21.3,1233,5781.3,0,8.547335,0,2.23694,0,5.816044,0,1.11847,1.7,0.5,1.7,91.2,91.2,,Tripod,Other,,21,5,True,,True,False,,Smart,RC,False,True,False,,,True,,False,False,False,False,False,False,False,False,False,False,0,Follow Yaw,-77.9,0,83.1,83.1,False,False,False,False,False,,0,0,False,False,No Card,100,100,1024,1024,1024,1024,2,False,False,False,False,False,0,False,False,False,False,63,,45.912,,6327,,10044,,45.912,,True,3.825,3.825,3.825,3.825,3.825,3.825,3.825,3.825,3.825,3.825,3.825,3.825,0,,False,False,True,,,,,,,,,,,,,,,False,False,19.906,,106.5,,75.7,,106.5,,1151,124,,21,7,150281.8,20037.57,,Idle,,20,,10,,,20,Go Home,False,False,False,False,False,False,False,False,False,False,False,False,33.8027920380556,-117.4659261431046,4021.8,4043.5,1049.4,396.9,True,1,1,False,False,False,False,,True,False,False,Course Lock,196.8,67,16.4,93,W,S,2.46,11.4,Calm,False,False,Android,7.0.2,M300 RTK,1ZN7L4R0H1D00F,1W9DL31001461C,1ZMLH8300204F0,1Z6PH74DAP0QN7,"Corona, CA",728.3,5.7,137.7,8.547347,2.013246,0,0,DJI Matrice 300 RTK,M300 RTK,1ZN7L4R0H1D00F,1W9DL31001461C,1ZMLH8300204F0,1Z6PH74DAP0QN7,DJI Pilot,Android,7.0.2,1EF72A62-B7C3-C88D-164E-CE6F8C8424AE,1ZN7L4R0H1D00F,1W9DL31001461C,,1ZMLH8300204F0,1W9DL31001461C,,,,,
2023-11-01,11:35:53.95 AM,11m 31.6s,691.6,33.7938384206852,-117.4736660489925,-30.5,137.7,20.9,1233,5781.3,0,8.547335,0,2.23694,0,5.816044,0,1.11847,1.7,0.4,1.7,91.2,91.2,,Tripod,Other,,21,5,True,,True,False,,Smart,RC,False,True,False,,,True,,False,False,False,False,False,False,False,False,False,False,0,Follow Yaw,-77.9,0,83.1,83.1,False,False,False,False,False,,0,0,False,False,No Card,100,100,1024,1024,1024,1024,2,False,False,False,False,False,0,False,False,False,False,63,,45.912,,6327,,10044,,45.912,,True,3.825,3.825,3.825,3.825,3.825,3.825,3.825,3.825,3.825,3.825,3.825,3.825,0,,False,False,True,,,,,,,,,,,,,,,False,False,19.906,,106.5,,75.7,,106.5,,1151,124,,21,7,150281.8,20037.57,,Idle,,20,,10,,,20,Go Home,False,False,False,False,False,False,False,False,False,False,False,False,33.8027920380556,-117.4659261431046,4021.8,4043.5,1049.4,396.9,True,1,1,False,False,False,False,,True,False,False,Course Lock,196.8,67,16.4,93,W,S,2.46,11.4,Calm,False,False,Android,7.0.2,M300 RTK,1ZN7L4R0H1D00F,1W9DL31001461C,1ZMLH8300204F0,1Z6PH74DAP0QN7,"Corona, CA",728.3,5.7,137.7,8.547347,2.013246,0,0,DJI Matrice 300 RTK,M300 RTK,1ZN7L4R0H1D00F,1W9DL31001461C,1ZMLH8300204F0,1Z6PH74DAP0QN7,DJI Pilot,Android,7.0.2,1EF72A62-B7C3-C88D-164E-CE6F8C8424AE,1ZN7L4R0H1D00F,1W9DL31001461C,,1ZMLH8300204F0,1W9DL31001461C,,,,,
2023-11-01,11:35:54.05 AM,11m 31.7s,691.7,33.7938384302112,-117.4736660001725,-30.5,137.7,20.9,1233,5781.3,0,8.547335,0,2.23694,0,5.816044,0,1.11847,1.9,0.4,1.9,91.2,91.2,,Tripod,Other,,21,5,True,,True,False,,Smart,RC,False,True,False,,,True,,False,False,False,False,False,False,False,False,False,False,0,Follow Yaw,-77.9,0,83.1,83.1,False,False,False,False,False,,0,0,False,False,No Card,100,100,1024,1024,1024,1024,2,False,False,False,False,False,0,False,False,False,False,63,,45.912,,6327,,10044,,45.912,,True,3.825,3.825,3.825,3.825,3.825,3.825,3.825,3.825,3.825,3.825,3.825,3.825,0,,False,False,True,,,,,,,,,,,,,,,False,False,19.906,,106.5,,75.7,,106.5,,1151,124,,21,7,150281.8,20037.57,,Idle,,20,,10,,,20,Go Home,False,False,False,False,False,False,False,False,False,False,False,False,33.8027920380556,-117.4659261431046,4021.8,4043.5,1049.4,396.9,True,1,1,False,False,False,False,,True,False,False,Course Lock,196.8,67,16.4,93,W,S,2.46,11.4,Calm,False,False,Android,7.0.2,M300 RTK,1ZN7L4R0H1D00F,1W9DL31001461C,1ZMLH8300204F0,1Z6PH74DAP0QN7,"Corona, CA",728.3,5.7,137.7,8.547347,2.013246,0,0,DJI Matrice 300 RTK,M300 RTK,1ZN7L4R0H1D00F,1W9DL31001461C,1ZMLH8300204F0,1Z6PH74DAP0QN7,DJI Pilot,Android,7.0.2,1EF72A62-B7C3-C88D-164E-CE6F8C8424AE,1ZN7L4R0H1D00F,1W9DL31001461C,,1ZMLH8300204F0,1W9DL31001461C,,,,,
2023-11-01,11:35:54.16 AM,11m 31.8s,691.8,33.7938384251398,-117.4736659497032,-30.5,137.7,20.9,1233,5781.3,0,8.547335,0,2.23694,0,5.816044,0,1.11847,2,0.4,2,91.2,91.2,,Tripod,Other,,21,5,True,,True,False,,Smart,RC,False,True,False,,,True,,False,False,False,False,False,False,False,False,False,False,0,Follow Yaw,-77.9,0,83.1,83.1,False,False,False,False,False,,0,0,False,False,No Card,100,100,1024,1024,1024,1024,2,False,False,False,False,False,0,False,False,False,False,63,,45.912,,6327,,10044,,45.912,,True,3.825,3.825,3.825,3.825,3.825,3.825,3.825,3.825,3.825,3.825,3.825,3.825,0,,False,False,True,,,,,,,,,,,,,,,False,False,19.906,,106.5,,75.7,,106.5,,1151,124,,21,7,150281.8,20037.57,,Idle,,20,,10,,,20,Go Home,False,False,False,False,False,False,False,False,False,False,False,False,33.8027920380556,-117.4659261431046,4021.8,4043.5,1049.4,396.9,True,1,1,False,False,False,False,,True,False,False,Course Lock,196.8,67,16.4,93,W,S,2.46,11.4,Calm,False,False,Android,7.0.2,M300 RTK,1ZN7L4R0H1D00F,1W9DL31001461C,1ZMLH8300204F0,1Z6PH74DAP0QN7,"Corona, CA",728.3,5.7,137.7,8.547347,2.013246,0,0,DJI Matrice 300 RTK,M300 RTK,1ZN7L4R0H1D00F,1W9DL31001461C,1ZMLH8300204F0,1Z6PH74DAP0QN7,DJI Pilot,Android,7.0.2,1EF72A62-B7C3-C88D-164E-CE6F8C8424AE,1ZN7L4R0H1D00F,1W9DL31001461C,,1ZMLH8300204F0,1W9DL31001461C,,,,,
2023-11-01,11:35:54.26 AM,11m 31.9s,691.9,33.7938384489205,-117.4736660778557,-30.5,137.7,20.9,1233,5781.4,0,8.547335,0,2.23694,0,5.816044,0,1.11847,2,0.4,2,91.2,91.2,,Tripod,Other,,21,5,True,,True,False,,Smart,RC,False,True,False,,,True,,False,False,False,False,False,False,False,False,False,False,0,Follow Yaw,-77.9,0,83.1,83.1,False,False,False,False,False,,0,0,False,False,No Card,100,100,1024,1024,1024,1024,2,False,False,False,False,False,0,False,False,False,False,63,,45.912,,6327,,10044,,45.912,,True,3.825,3.825,3.825,3.825,3.825,3.825,3.825,3.825,3.825,3.825,3.825,3.825,0,,False,False,True,,,,,,,,,,,,,,,False,False,19.906,,106.5,,75.7,,106.5,,1151,124,,21,7,150281.8,20037.57,,Idle,,20,,10,,,20,Go Home,False,False,False,False,False,False,False,False,False,False,False,False,33.8027920380556,-117.4659261431046,4021.8,4043.5,1049.4,396.9,True,1,1,False,False,False,False,,True,False,False,Course Lock,196.8,67,16.4,93,W,S,2.46,11.4,Calm,False,True,Android,7.0.2,M300 RTK,1ZN7L4R0H1D00F,1W9DL31001461C,1ZMLH8300204F0,1Z6PH74DAP0QN7,"Corona, CA",728.3,5.7,137.7,8.547347,2.013246,0,0,DJI Matrice 300 RTK,M300 RTK,1ZN7L4R0H1D00F,1W9DL31001461C,1ZMLH8300204F0,1Z6PH74DAP0QN7,DJI Pilot,Android,7.0.2,1EF72A62-B7C3-C88D-164E-CE6F8C8424AE,1ZN7L4R0H1D00F,1W9DL31001461C,,1ZMLH8300204F0,1W9DL31001461C,,,,,
2023-11-01,11:35:54.36 AM,11m 32.0s,692.0,33.7938384484408,-117.473666052786,-30.5,137.7,20.9,1233,5781.4,0,8.547335,0,2.23694,0,5.816044,0,1.11847,1.9,0.3,1.9,91.2,91.2,,Tripod,Other,,21,5,True,,True,False,,Smart,RC,False,True,False,,,True,,False,False,False,False,False,False,False,False,False,False,0,Follow Yaw,-77.9,0,83.1,83.1,False,False,False,False,False,,0,0,False,False,No Card,100,100,1024,1024,1024,1024,2,False,False,False,False,False,0,False,False,False,False,63,,45.9,,6327,,10044,,45.9,,True,3.825,3.825,3.825,3.825,3.825,3.825,3.825,3.825,3.825,3.825,3.825,3.825,0,,False,False,True,,,,,,,,,,,,,,,False,False,20.082,,106.5,,75.7,,106.5,,1151,124,,21,7,150281.8,20037.57,,Idle,,20,,10,,,20,Go Home,False,False,False,False,False,False,False,False,False,False,False,False,33.8027920380556,-117.4659261431046,4021.8,4043.5,1049.4,396.9,True,1,1,False,False,False,False,,True,False,False,Course Lock,196.8,67,16.4,93,W,S,2.46,11.4,Calm,False,False,Android,7.0.2,M300 RTK,1ZN7L4R0H1D00F,1W9DL31001461C,1ZMLH8300204F0,1Z6PH74DAP0QN7,"Corona, CA",728.3,5.7,137.7,8.547347,2.013246,0,0,DJI Matrice 300 RTK,M300 RTK,1ZN7L4R0H1D00F,1W9DL31001461C,1ZMLH8300204F0,1Z6PH74DAP0QN7,DJI Pilot,Android,7.0.2,1EF72A62-B7C3-C88D-164E-CE6F8C8424AE,1ZN7L4R0H1D00F,1W9DL31001461C,,1ZMLH8300204F0,1W9DL31001461C,,,,,
2023-11-01,11:35:54.46 AM,11m 32.1s,692.1,33.7938383188462,-117.4736659889571,-30.5,137.7,21.3,1233,5781.4,0,8.547335,0,2.23694,0,5.816044,0,1.11847,1.8,0.4,1.8,91.2,91.2,,Tripod,Other,,21,5,True,,True,False,,Smart,RC,False,True,False,,,True,,False,False,False,False,False,False,False,False,False,False,0,Follow Yaw,-77.9,0,83.1,83.1,False,False,False,False,False,,0,0,False,False,No Card,100,100,1024,1024,1024,1024,2,False,False,False,False,False,0,False,False,False,False,63,,45.9,,6327,,10044,,45.9,,True,3.825,3.825,3.825,3.825,3.825,3.825,3.825,3.825,3.825,3.825,3.825,3.825,0,,False,False,True,,,,,,,,,,,,,,,False,False,20.082,,106.5,,75.7,,106.5,,1151,124,,21,7,150281.8,20037.57,,Idle,,20,,10,,,20,Go Home,False,False,False,False,False,False,False,False,False,False,False,False,33.8027920380556,-117.4659261431046,4021.8,4043.5,1049.4,396.9,True,1,1,False,False,False,False,,True,False,False,Course Lock,196.8,67,16.4,93,W,S,2.46,11.4,Calm,False,False,Android,7.0.2,M300 RTK,1ZN7L4R0H1D00F,1W9DL31001461C,1ZMLH8300204F0,1Z6PH74DAP0QN7,"Corona, CA",728.3,5.7,137.7,8.547347,2.013246,0,0,DJI Matrice 300 RTK,M300 RTK,1ZN7L4R0H1D00F,1W9DL31001461C,1ZMLH8300204F0,1Z6PH74DAP0QN7,DJI Pilot,Android,7.0.2,1EF72A62-B7C3-C88D-164E-CE6F8C8424AE,1ZN7L4R0H1D00F,1W9DL31001461C,,1ZMLH8300204F0,1W9DL31001461C,,,,,
2023-11-01,11:35:54.56 AM,11m 32.2s,692.2,33.79383831727,-117.473665962403,-30.5,137.7,21.3,1233,5781.4,0,8.547335,0,2.23694,0,5.816044,0,1.11847,1.7,0.5,1.7,91.2,91.2,,Tripod,Other,,21,5,True,,True,False,,Smart,RC,False,True,False,,,True,,False,False,False,False,False,False,False,False,False,False,0,Follow Yaw,-77.9,0,83.1,83.1,False,False,False,False,False,,0,0,False,False,No Card,100,100,1024,1024,1024,1024,2,False,False,False,False,False,0,False,False,False,False,63,,45.9,,6327,,10044,,45.9,,True,3.825,3.825,3.825,3.825,3.825,3.825,3.825,3.825,3.825,3.825,3.825,3.825,0,,False,False,True,,,,,,,,,,,,,,,False,False,20.082,,106.5,,75.7,,106.5,,1151,124,,21,7,150281.8,20037.57,,Idle,,20,,10,,,20,Go Home,False,False,False,False,False,False,False,False,False,False,False,False,33.8027920380556,-117.4659261431046,4021.8,4043.5,1049.4,396.9,True,1,1,False,False,False,False,,True,False,False,Course Lock,196.8,67,16.4,93,W,S,2.46,11.4,Calm,False,False,Android,7.0.2,M300 RTK,1ZN7L4R0H1D00F,1W9DL31001461C,1ZMLH8300204F0,1Z6PH74DAP0QN7,"Corona, CA",728.3,5.7,137.7,8.547347,2.013246,0,0,DJI Matrice 300 RTK,M300 RTK,1ZN7L4R0H1D00F,1W9DL31001461C,1ZMLH8300204F0,1Z6PH74DAP0QN7,DJI Pilot,Android,7.0.2,1EF72A62-B7C3-C88D-164E-CE6F8C8424AE,1ZN7L4R0H1D00F,1W9DL31001461C,,1ZMLH8300204F0,1W9DL31001461C,,,,,
2023-11-01,11:35:54.66 AM,11m 32.3s,692.3,33.7938383569502,-117.4736658961002,-30.5,137.7,20.9,1233,5781.5,0,8.547335,0,2.23694,0,5.816044,0,1.11847,1.7,0.8,1.8,91.2,91.2,,Tripod,Other,,21,5,True,,True,False,,Smart,RC,False,True,False,,,True,,False,False,False,False,False,False,False,False,False,False,0,Follow Yaw,-77.9,0,83.1,83.1,False,False,False,False,False,,0,0,False,False,No Card,100,100,1024,1024,1024,1024,2,False,False,False,False,False,0,False,False,False,False,63,,45.9,,6327,,10044,,45.9,,True,3.827,3.827,3.827,3.827,3.827,3.827,3.827,3.827,3.827,3.827,3.827,3.827,0,,False,False,True,,,,,,,,,,,,,,,False,False,20.082,,106.5,,75.7,,106.5,,1149,124,,21,7,150123.8,20016.51,,Idle,,20,,10,,,20,Go Home,False,False,False,False,False,False,False,False,False,False,False,False,33.8027920380556,-117.4659261431046,4021.8,4043.5,1049.4,396.9,True,1,1,False,False,False,False,,True,False,False,Course Lock,196.8,67,16.4,93,W,S,2.46,11.4,Calm,False,False,Android,7.0.2,M300 RTK,1ZN7L4R0H1D00F,1W9DL31001461C,1ZMLH8300204F0,1Z6PH74DAP0QN7,"Corona, CA",728.3,5.7,137.7,8.547347,2.013246,0,0,DJI Matrice 300 RTK,M300 RTK,1ZN7L4R0H1D00F,1W9DL31001461C,1ZMLH8300204F0,1Z6PH74DAP0QN7,DJI Pilot,Android,7.0.2,1EF72A62-B7C3-C88D-164E-CE6F8C8424AE,1ZN7L4R0H1D00F,1W9DL31001461C,,1ZMLH8300204F0,1W9DL31001461C,,,,,
2023-11-01,11:35:54.77 AM,11m 32.4s,692.4,33.7938383566075,-117.4736658664124,-30.5,137.7,20.9,1233,5781.5,0,8.547335,0,2.23694,0,5.816044,0,1.11847,1.8,0.8,1.9,91.1,91.1,,Tripod,Other,,21,5,True,,True,False,,Smart,RC,False,True,False,,,True,,False,False,False,False,False,False,False,False,False,False,0,Follow Yaw,-77.9,0,83.1,83.1,False,False,False,False,False,,0,0,False,False,No Card,100,100,1024,1024,1024,1024,2,False,False,False,False,False,0,False,False,False,False,63,,45.9,,6327,,10044,,45.9,,True,3.827,3.827,3.827,3.827,3.827,3.827,3.827,3.827,3.827,3.827,3.827,3.827,0,,False,False,True,,,,,,,,,,,,,,,False,False,20.082,,106.5,,75.7,,106.5,,1149,124,,21,7,150123.8,20016.51,,Idle,,20,,10,,,20,Go Home,False,False,False,False,False,False,False,False,False,False,False,False,33.8027920380556,-117.4659261431046,4021.8,4043.5,1049.4,396.9,True,1,1,False,False,False,False,,True,False,False,Course Lock,196.8,67,16.4,93,W,S,2.46,11.4,Calm,False,False,Android,7.0.2,M300 RTK,1ZN7L4R0H1D00F,1W9DL31001461C,1ZMLH8300204F0,1Z6PH74DAP0QN7,"Corona, CA",728.3,5.7,137.7,8.547347,2.013246,0,0,DJI Matrice 300 RTK,M300 RTK,1ZN7L4R0H1D00F,1W9DL31001461C,1ZMLH8300204F0,1Z6PH74DAP0QN7,DJI Pilot,Android,7.0.2,1EF72A62-B7C3-C88D-164E-CE6F8C8424AE,1ZN7L4R0H1D00F,1W9DL31001461C,,1ZMLH8300204F0,1W9DL31001461C,,,,,
2023-11-01,11:35:54.87 AM,11m 32.5s,692.5,33.7938383740832,-117.4736659322204,-30.5,137.7,21.3,1233,5781.5,0,8.547335,0,2.23694,0,5.816044,0,1.11847,1.8,0.6,1.8,91.1,91.1,,Tripod,Other,,21,5,True,,True,False,,Smart,RC,False,True,False,,,True,,False,False,False,False,False,False,False,False,False,False,0,Follow Yaw,-77.9,0,83.1,83.1,False,False,False,False,False,,0,0,False,False,No Card,100,100,1024,1024,1024,1024,2,False,False,False,False,False,0,False,False,False,False,63,,45.9,,6327,,10044,,45.9,,True,3.827,3.827,3.827,3.827,3.827,3.827,3.827,3.827,3.827,3.827,3.827,3.827,0,,False,False,True,,,,,,,,,,,,,,,False,False,20.082,,106.5,,75.7,,106.5,,1149,124,,21,7,150123.8,20016.51,,Idle,,20,,10,,,20,Go Home,False,False,False,False,False,False,False,False,False,False,False,False,33.8027920380556,-117.4659261431046,4021.8,4043.5,1049.4,396.9,True,1,1,False,False,False,False,,True,False,False,Course Lock,196.8,67,16.4,93,W,S,2.46,11.4,Calm,False,True,Android,7.0.2,M300 RTK,1ZN7L4R0H1D00F,1W9DL31001461C,1ZMLH8300204F0,1Z6PH74DAP0QN7,"Corona, CA",728.3,5.7,137.7,8.547347,2.013246,0,0,DJI Matrice 300 RTK,M300 RTK,1ZN7L4R0H1D00F,1W9DL31001461C,1ZMLH8300204F0,1Z6PH74DAP0QN7,DJI Pilot,Android,7.0.2,1EF72A62-B7C3-C88D-164E-CE6F8C8424AE,1ZN7L4R0H1D00F,1W9DL31001461C,,1ZMLH8300204F0,1W9DL31001461C,,,,,
2023-11-01,11:35:54.97 AM,11m 32.6s,692.6,33.7938383718902,-117.4736659089649,-30.5,137.7,21.3,1233,5781.5,0,8.547335,0,2.23694,0,5.816044,0,1.11847,1.8,0.4,1.8,91.1,91.1,,Tripod,Other,,21,5,True,,True,False,,Smart,RC,False,True,False,,,True,,False,False,False,False,False,False,False,False,False,False,0,Follow Yaw,-77.9,0,83.1,83.1,False,False,False,False,False,,0,0,False,False,No Card,100,100,1024,1024,1024,1024,2,False,False,False,False,False,0,False,False,False,False,63,,45.9,,6327,,10044,,45.9,,True,3.827,3.827,3.827,3.827,3.827,3.827,3.827,3.827,3.827,3.827,3.827,3.827,0,,False,False,True,,,,,,,,,,,,,,,False,False,20.082,,106.5,,75.7,,106.5,,1149,124,,21,7,150123.8,20016.51,,Idle,,20,,10,,,20,Go Home,False,False,False,False,False,False,False,False,False,False,False,False,33.8027920380556,-117.4659261431046,4021.8,4043.5,1049.4,396.9,True,1,1,False,False,False,False,,True,False,False,Course Lock,196.8,67,16.4,93,W,S,2.46,11.4,Calm,False,False,Android,7.0.2,M300 RTK,1ZN7L4R0H1D00F,1W9DL31001461C,1ZMLH8300204F0,1Z6PH74DAP0QN7,"Corona, CA",728.3,5.7,137.7,8.547347,2.013246,0,0,DJI Matrice 300 RTK,M300 RTK,1ZN7L4R0H1D00F,1W9DL31001461C,1ZMLH8300204F0,1Z6PH74DAP0QN7,DJI Pilot,Android,7.0.2,1EF72A62-B7C3-C88D-164E-CE6F8C8424AE,1ZN7L4R0H1D00F,1W9DL31001461C,,1ZMLH8300204F0,1W9DL31001461C,,,,,
2023-11-01,11:35:55.07 AM,11m 32.7s,692.7,33.7938382050826,-117.4736656400427,-30.5,137.7,21.3,1233,5781.6,0,8.547335,0,2.23694,0,5.816044,0,1.11847,1.8,0.4,1.8,91.1,91.1,,Tripod,Other,,21,5,True,,True,False,,Smart,RC,False,True,False,,,True,,False,False,False,False,False,False,False,False,False,False,0,Follow Yaw,-77.9,0,83.1,83.1,False,False,False,False,False,,0,0,False,False,No Card,100,100,1024,1024,1024,1024,2,False,False,False,False,False,0,False,False,False,False,63,,45.9,,6327,,10044,,45.9,,True,3.827,3.827,3.827,3.827,3.827,3.827,3.827,3.827,3.827,3.827,3.827,3.827,0,,False,False,True,,,,,,,,,,,,,,,False,False,20.082,,106.5,,75.7,,106.5,,1149,124,,21,7,150123.8,20016.51,,Idle,,20,,10,,,20,Go Home,False,False,False,False,False,False,False,False,False,False,False,False,33.8027920380556,-117.4659261431046,4021.8,4043.5,1049.4,396.9,True,1,1,False,False,False,False,,True,False,False,Course Lock,196.8,67,16.4,93,W,S,2.68,11.4,Calm,False,False,Android,7.0.2,M300 RTK,1ZN7L4R0H1D00F,1W9DL31001461C,1ZMLH8300204F0,1Z6PH74DAP0QN7,"Corona, CA",728.3,5.7,137.7,8.547347,2.013246,0,0,DJI Matrice 300 RTK,M300 RTK,1ZN7L4R0H1D00F,1W9DL31001461C,1ZMLH8300204F0,1Z6PH74DAP0QN7,DJI Pilot,Android,7.0.2,1EF72A62-B7C3-C88D-164E-CE6F8C8424AE,1ZN7L4R0H1D00F,1W9DL31001461C,,1ZMLH8300204F0,1W9DL31001461C,,,,,
2023-11-01,11:35:55.17 AM,11m 32.8s,692.8,33.7938381933636,-117.4736655921298,-30.5,137.7,21.3,1233,5781.6,0,8.547335,0,2.23694,0,5.816044,0,1.11847,1.9,0.4,1.9,91.1,91.1,,Tripod,Other,,21,5,True,,True,False,,Smart,RC,False,True,False,,,True,,False,False,False,False,False,False,False,False,False,False,0,Follow Yaw,-77.9,0,83.1,83.1,False,False,False,False,False,,0,0,False,False,No Card,100,100,1024,1024,1024,1024,2,False,False,False,False,False,0,False,False,False,False,63,,45.852,,3141,,4986,,45.852,,True,3.827,3.827,3.827,3.827,3.827,3.827,3.827,3.827,3.827,3.827,3.827,3.827,0,,False,False,True,,,,,,,,,,,,,,,False,False,10.078,,106.3,,75.7,,106.5,,1149,124,,21,7,150123.8,20016.51,,Idle,,20,,10,,,20,Go Home,False,False,False,False,False,False,False,False,False,False,False,False,33.8027920380556,-117.4659261431046,4021.8,4043.5,1049.4,396.9,True,1,1,False,False,False,False,,True,False,False,Course Lock,196.8,67,16.4,93,W,S,2.68,11.4,Calm,False,False,Android,7.0.2,M300 RTK,1ZN7L4R0H1D00F,1W9DL31001461C,1ZMLH8300204F0,1Z6PH74DAP0QN7,"Corona, CA",728.3,5.7,137.7,8.547347,2.013246,0,0,DJI Matrice 300 RTK,M300 RTK,1ZN7L4R0H1D00F,1W9DL31001461C,1ZMLH8300204F0,1Z6PH74DAP0QN7,DJI Pilot,Android,7.0.2,1EF72A62-B7C3-C88D-164E-CE6F8C8424AE,1ZN7L4R0H1D00F,1W9DL31001461C,,1ZMLH8300204F0,1W9DL31001461C,,,,,
2023-11-01,11:35:55.28 AM,11m 32.9s,692.9,33.7938382309878,-117.4736656835024,-30.5,137.7,21.3,1233,5781.7,0,8.547335,0,2.23694,0,5.816044,0,1.11847,1.9,0.6,1.9,91.2,91.2,,Tripod,Other,,21,5,True,,True,False,,Smart,RC,False,True,False,,,True,,False,False,False,False,False,False,False,False,False,False,0,Follow Yaw,-77.9,0,83.1,83.1,False,False,False,False,False,,0,0,False,False,No Card,100,100,1024,1024,1024,1024,2,False,False,False,False,False,0,False,False,False,False,63,,45.852,,3141,,4986,,45.852,,True,3.827,3.827,3.827,3.827,3.827,3.827,3.827,3.827,3.827,3.827,3.827,3.827,0,,False,False,True,,,,,,,,,,,,,,,False,False,10.078,,106.3,,75.7,,106.5,,1149,124,,21,7,150123.8,20016.51,,Idle,,20,,10,,,20,Go Home,False,False,False,False,False,False,False,False,False,False,False,False,33.8027920380556,-117.4659261431046,4021.8,4043.5,1049.4,396.9,True,1,1,False,False,False,False,,True,False,False,Course Lock,196.8,67,16.4,93,W,S,2.68,11.4,Calm,False,True,Android,7.0.2,M300 RTK,1ZN7L4R0H1D00F,1W9DL31001461C,1ZMLH8300204F0,1Z6PH74DAP0QN7,"Corona, CA",728.3,5.7,137.7,8.547347,2.013246,0,0,DJI Matrice 300 RTK,M300 RTK,1ZN7L4R0H1D00F,1W9DL31001461C,1ZMLH8300204F0,1Z6PH74DAP0QN7,DJI Pilot,Android,7.0.2,1EF72A62-B7C3-C88D-164E-CE6F8C8424AE,1ZN7L4R0H1D00F,1W9DL31001461C,,1ZMLH8300204F0,1W9DL31001461C,,,,,
2023-11-01,11:35:55.38 AM,11m 33.0s,693.0,33.7938382229695,-117.4736656469699,-30.5,137.7,21.3,1233,5781.7,0,8.547335,0,2.23694,0,5.816044,0,1.11847,2,0.7,2.1,91.2,91.2,,Tripod,Other,,21,5,True,,True,False,,Smart,RC,False,True,False,,,True,,False,False,False,False,False,False,False,False,False,False,0,Follow Yaw,-77.9,0,83.1,83.1,False,False,False,False,False,,0,0,False,False,No Card,100,100,1024,1024,1024,1024,2,False,False,False,False,False,0,False,False,False,False,63,,45.9,,6327,,10044,,45.9,,True,3.827,3.827,3.827,3.827,3.827,3.827,3.827,3.827,3.827,3.827,3.827,3.827,0,,False,False,True,,,,,,,,,,,,,,,False,False,20.114,,106.7,,75.7,,106.7,,1149,124,,21,7,150123.8,20016.51,,Idle,,20,,10,,,20,Go Home,False,False,False,False,False,False,False,False,False,False,False,False,33.8027920380556,-117.4659261431046,4021.8,4043.5,1049.4,396.9,True,1,1,False,False,False,False,,True,False,False,Course Lock,196.8,67,16.4,93,W,S,2.68,11.4,Calm,False,False,Android,7.0.2,M300 RTK,1ZN7L4R0H1D00F,1W9DL31001461C,1ZMLH8300204F0,1Z6PH74DAP0QN7,"Corona, CA",728.3,5.7,137.7,8.547347,2.013246,0,0,DJI Matrice 300 RTK,M300 RTK,1ZN7L4R0H1D00F,1W9DL31001461C,1ZMLH8300204F0,1Z6PH74DAP0QN7,DJI Pilot,Android,7.0.2,1EF72A62-B7C3-C88D-164E-CE6F8C8424AE,1ZN7L4R0H1D00F,1W9DL31001461C,,1ZMLH8300204F0,1W9DL31001461C,,,,,
2023-11-01,11:35:55.44 AM,11m 33.1s,693.1,33.7938382523699,-117.473665560133,-30.5,137.7,21.3,1233,5781.7,0,8.547335,0,2.23694,0,5.816044,0,1.11847,1.9,0.7,2,91.2,91.2,,Tripod,Other,,21,5,True,,True,False,,Smart,RC,False,True,False,,,True,,False,False,False,False,False,False,False,False,False,False,0,Follow Yaw,-77.9,0,83.1,83.1,False,False,False,False,False,,0,0,False,False,No Card,100,100,1024,1024,1024,1024,2,False,False,False,False,False,0,False,False,False,False,63,,45.9,,6327,,10044,,45.9,,True,3.827,3.827,3.827,3.827,3.827,3.827,3.827,3.827,3.827,3.827,3.827,3.827,0,,False,False,True,,,,,,,,,,,,,,,False,False,20.114,,106.7,,75.7,,106.7,,1149,124,,21,7,150123.8,20016.51,,Idle,,20,,10,,,20,Go Home,False,False,False,False,False,False,False,False,False,False,False,False,33.8027920380556,-117.4659261431046,4021.7,4043.5,1049.4,396.9,True,1,1,False,False,False,False,,True,False,False,Course Lock,196.8,67,16.4,93,W,S,2.68,11.4,Calm,False,False,Android,7.0.2,M300 RTK,1ZN7L4R0H1D00F,1W9DL31001461C,1ZMLH8300204F0,1Z6PH74DAP0QN7,"Corona, CA",728.3,5.7,137.7,8.547347,2.013246,0,0,DJI Matrice 300 RTK,M300 RTK,1ZN7L4R0H1D00F,1W9DL31001461C,1ZMLH8300204F0,1Z6PH74DAP0QN7,DJI Pilot,Android,7.0.2,1EF72A62-B7C3-C88D-164E-CE6F8C8424AE,1ZN7L4R0H1D00F,1W9DL31001461C,,1ZMLH8300204F0,1W9DL31001461C,,,,,
2023-11-01,11:35:55.54 AM,11m 33.2s,693.2,33.793838242981,-117.4736655238478,-30.5,137.7,21.3,1233,5781.7,0,8.547335,0,2.23694,0,5.816044,0,1.11847,1.9,0.6,1.9,91.2,91.2,,Tripod,Other,,21,5,True,,True,False,,Smart,RC,False,True,False,,,True,,False,False,False,False,False,False,False,False,False,False,0,Follow Yaw,-77.9,0,83.1,83.1,False,False,False,False,False,,0,0,False,False,No Card,100,100,1024,1024,1024,1024,2,False,False,False,False,False,0,False,False,False,False,63,,45.9,,6327,,10044,,45.9,,True,3.827,3.827,3.827,3.827,3.827,3.827,3.827,3.827,3.827,3.827,3.827,3.827,0,,False,False,True,,,,,,,,,,,,,,,False,False,20.114,,106.7,,75.7,,106.7,,1149,124,,21,7,150123.8,20016.51,,Idle,,20,,10,,,20,Go Home,False,False,False,False,False,False,False,False,False,False,False,False,33.8027920380556,-117.4659261431046,4021.7,4043.5,1049.4,396.9,True,1,1,False,False,False,False,,True,False,False,Course Lock,196.8,67,16.4,93,W,S,2.68,11.4,Calm,False,False,Android,7.0.2,M300 RTK,1ZN7L4R0H1D00F,1W9DL31001461C,1ZMLH8300204F0,1Z6PH74DAP0QN7,"Corona, CA",728.3,5.7,137.7,8.547347,2.013246,0,0,DJI Matrice 300 RTK,M300 RTK,1ZN7L4R0H1D00F,1W9DL31001461C,1ZMLH8300204F0,1Z6PH74DAP0QN7,DJI Pilot,Android,7.0.2,1EF72A62-B7C3-C88D-164E-CE6F8C8424AE,1ZN7L4R0H1D00F,1W9DL31001461C,,1ZMLH8300204F0,1W9DL31001461C,,,,,
2023-11-01,11:35:55.64 AM,11m 33.3s,693.3,33.793838080628,-117.4736656117568,-30.5,137.7,21.3,1233,5781.8,0,8.547335,0,2.23694,0,5.816044,0,1.11847,1.8,0.5,1.8,91.2,91.2,,Tripod,Other,,21,5,True,,True,False,,Smart,RC,False,True,False,,,True,,False,False,False,False,False,False,False,False,False,False,0,Follow Yaw,-77.9,0,83.1,83.1,False,False,False,False,False,,0,0,False,False,No Card,100,100,1024,1024,1024,1024,2,False,False,False,False,False,0,False,False,False,False,63,,45.9,,6327,,10044,,45.9,,True,3.824,3.824,3.824,3.824,3.824,3.824,3.824,3.824,3.824,3.824,3.824,3.824,0,,False,False,True,,,,,,,,,,,,,,,False,False,20.114,,106.7,,75.7,,106.7,,1148,124,,21,7,150040.3,20005.37,,Idle,,20,,10,,,20,Go Home,False,False,False,False,False,False,False,False,False,False,False,False,33.8027920380556,-117.4659261431046,4021.8,4043.5,1049.4,396.9,True,1,1,False,False,False,False,,True,False,False,Course Lock,196.8,67,16.4,93,W,S,2.68,11.4,Calm,False,True,Android,7.0.2,M300 RTK,1ZN7L4R0H1D00F,1W9DL31001461C,1ZMLH8300204F0,1Z6PH74DAP0QN7,"Corona, CA",728.3,5.7,137.7,8.547347,2.013246,0,0,DJI Matrice 300 RTK,M300 RTK,1ZN7L4R0H1D00F,1W9DL31001461C,1ZMLH8300204F0,1Z6PH74DAP0QN7,DJI Pilot,Android,7.0.2,1EF72A62-B7C3-C88D-164E-CE6F8C8424AE,1ZN7L4R0H1D00F,1W9DL31001461C,,1ZMLH8300204F0,1W9DL31001461C,,,,,
2023-11-01,11:35:55.74 AM,11m 33.4s,693.4,33.7938380543801,-117.4736655915526,-30.5,137.7,21.3,1233,5781.8,0,8.547335,0,2.23694,0,5.816044,0,1.11847,1.8,0.4,1.8,91.2,91.2,,Tripod,Other,,21,5,True,,True,False,,Smart,RC,False,True,False,,,True,,False,False,False,False,False,False,False,False,False,False,0,Follow Yaw,-77.9,0,83.1,83.1,False,False,False,False,False,,0,0,False,False,No Card,100,100,1024,1024,1024,1024,2,False,False,False,False,False,0,False,False,False,False,63,,45.9,,6327,,10044,,45.9,,True,3.824,3.824,3.824,3.824,3.824,3.824,3.824,3.824,3.824,3.824,3.824,3.824,0,,False,False,True,,,,,,,,,,,,,,,False,False,20.114,,106.7,,75.7,,106.7,,1148,124,,21,7,150040.3,20005.37,,Idle,,20,,10,,,20,Go Home,False,False,False,False,False,False,False,False,False,False,False,False,33.8027920380556,-117.4659261431046,4021.8,4043.5,1049.4,396.9,True,1,1,False,False,False,False,,True,False,False,Course Lock,196.8,67,16.4,93,W,S,2.68,11.4,Calm,False,False,Android,7.0.2,M300 RTK,1ZN7L4R0H1D00F,1W9DL31001461C,1ZMLH8300204F0,1Z6PH74DAP0QN7,"Corona, CA",728.3,5.7,137.7,8.547347,2.013246,0,0,DJI Matrice 300 RTK,M300 RTK,1ZN7L4R0H1D00F,1W9DL31001461C,1ZMLH8300204F0,1Z6PH74DAP0QN7,DJI Pilot,Android,7.0.2,1EF72A62-B7C3-C88D-164E-CE6F8C8424AE,1ZN7L4R0H1D00F,1W9DL31001461C,,1ZMLH8300204F0,1W9DL31001461C,,,,,
2023-11-01,11:35:55.84 AM,11m 33.5s,693.5,33.7938380789147,-117.473665507602,-30.5,137.7,21.3,1233,5781.8,0,8.547335,0,2.23694,0,5.816044,0,1.11847,1.7,0.3,1.7,91.2,91.2,,Tripod,Other,,21,5,True,,True,False,,Smart,RC,False,True,False,,,True,,False,False,False,False,False,False,False,False,False,False,0,Follow Yaw,-77.9,0,83.1,83.1,False,False,False,False,False,,0,0,False,False,No Card,100,100,1024,1024,1024,1024,2,False,False,False,False,False,0,False,False,False,False,63,,45.9,,6327,,10044,,45.9,,True,3.824,3.824,3.824,3.824,3.824,3.824,3.824,3.824,3.824,3.824,3.824,3.824,0,,False,False,True,,,,,,,,,,,,,,,False,False,20.114,,106.7,,75.7,,106.7,,1148,124,,21,7,150040.3,20005.37,,Idle,,20,,10,,,20,Go Home,False,False,False,False,False,False,False,False,False,False,False,False,33.8027920380556,-117.4659261431046,4021.8,4043.5,1049.4,396.9,True,1,1,False,False,False,False,,True,False,False,Course Lock,196.8,67,16.4,93,W,S,2.68,11.4,Calm,False,False,Android,7.0.2,M300 RTK,1ZN7L4R0H1D00F,1W9DL31001461C,1ZMLH8300204F0,1Z6PH74DAP0QN7,"Corona, CA",728.3,5.7,137.7,8.547347,2.013246,0,0,DJI Matrice 300 RTK,M300 RTK,1ZN7L4R0H1D00F,1W9DL31001461C,1ZMLH8300204F0,1Z6PH74DAP0QN7,DJI Pilot,Android,7.0.2,1EF72A62-B7C3-C88D-164E-CE6F8C8424AE,1ZN7L4R0H1D00F,1W9DL31001461C,,1ZMLH8300204F0,1W9DL31001461C,,,,,
2023-11-01,11:35:55.94 AM,11m 33.6s,693.6,33.7938380613018,-117.4736654875627,-30.5,137.7,21.3,1233,5781.8,0,8.547335,0,2.23694,0,5.816044,0,1.11847,1.7,0.3,1.7,91.2,91.2,,Tripod,Other,,21,5,True,,True,False,,Smart,RC,False,True,False,,,True,,False,False,False,False,False,False,False,False,False,False,0,Follow Yaw,-77.9,0,83.1,83.1,False,False,False,False,False,,0,0,False,False,No Card,100,100,1024,1024,1024,1024,2,False,False,False,False,False,0,False,False,False,False,63,,45.9,,6327,,10044,,45.9,,True,3.824,3.824,3.824,3.824,3.824,3.824,3.824,3.824,3.824,3.824,3.824,3.824,0,,False,False,True,,,,,,,,,,,,,,,False,False,20.114,,106.7,,75.7,,106.7,,1148,124,,21,7,150040.3,20005.37,,Idle,,20,,10,,,20,Go Home,False,False,False,False,False,False,False,False,False,False,False,False,33.8027920380556,-117.4659261431046,4021.8,4043.5,1049.4,396.9,True,1,1,False,False,False,False,,True,False,False,Course Lock,196.8,67,16.4,93,W,S,2.68,11.4,Calm,False,False,Android,7.0.2,M300 RTK,1ZN7L4R0H1D00F,1W9DL31001461C,1ZMLH8300204F0,1Z6PH74DAP0QN7,"Corona, CA",728.3,5.7,137.7,8.547347,2.013246,0,0,DJI Matrice 300 RTK,M300 RTK,1ZN7L4R0H1D00F,1W9DL31001461C,1ZMLH8300204F0,1Z6PH74DAP0QN7,DJI Pilot,Android,7.0.2,1EF72A62-B7C3-C88D-164E-CE6F8C8424AE,1ZN7L4R0H1D00F,1W9DL31001461C,,1ZMLH8300204F0,1W9DL31001461C,,,,,
2023-11-01,11:35:56.04 AM,11m 33.7s,693.7,33.7938381087947,-117.4736655646686,-30.5,137.7,21.3,1233,5781.9,0,8.547335,0,2.23694,0,5.816044,0,1.11847,1.6,0.3,1.6,91.2,91.2,,Tripod,Other,,21,5,True,,True,False,,Smart,RC,False,True,False,,,True,,False,False,False,False,False,False,False,False,False,False,0,Follow Yaw,-77.9,0,83.1,83.1,False,False,False,False,False,,0,0,False,False,No Card,100,100,1024,1024,1024,1024,2,False,False,False,False,False,0,False,False,False,False,63,,45.9,,6327,,10044,,45.9,,True,3.824,3.824,3.824,3.824,3.824,3.824,3.824,3.824,3.824,3.824,3.824,3.824,0,,False,False,True,,,,,,,,,,,,,,,False,False,20.114,,106.7,,75.7,,106.7,,1148,124,,21,7,150040.3,20005.37,,Idle,,20,,10,,,20,Go Home,False,False,False,False,False,False,False,False,False,False,False,False,33.8027920380556,-117.4659261431046,4021.8,4043.5,1049.4,396.9,True,1,1,False,False,False,False,,True,False,False,Course Lock,196.8,67,16.4,93,W,S,2.68,11.4,Calm,False,True,Android,7.0.2,M300 RTK,1ZN7L4R0H1D00F,1W9DL31001461C,1ZMLH8300204F0,1Z6PH74DAP0QN7,"Corona, CA",728.3,5.7,137.7,8.547347,2.013246,0,0,DJI Matrice 300 RTK,M300 RTK,1ZN7L4R0H1D00F,1W9DL31001461C,1ZMLH8300204F0,1Z6PH74DAP0QN7,DJI Pilot,Android,7.0.2,1EF72A62-B7C3-C88D-164E-CE6F8C8424AE,1ZN7L4R0H1D00F,1W9DL31001461C,,1ZMLH8300204F0,1W9DL31001461C,,,,,
2023-11-01,11:35:56.14 AM,11m 33.8s,693.8,33.7938381042031,-117.4736655560921,-30.5,137.7,21.3,1233,5781.9,0,8.547335,0,2.23694,0,5.816044,0,1.11847,1.6,0.4,1.6,91.2,91.2,,Tripod,Other,,21,5,True,,True,False,,Smart,RC,False,True,False,,,True,,False,False,False,False,False,False,False,False,False,False,0,Follow Yaw,-77.9,0,83.1,83.1,False,False,False,False,False,,0,0,False,False,No Card,100,100,1024,1024,1024,1024,2,False,False,False,False,False,0,False,False,False,False,63,,45.9,,6327,,10044,,45.9,,True,3.824,3.824,3.824,3.824,3.824,3.824,3.824,3.824,3.824,3.824,3.824,3.824,0,,False,False,True,,,,,,,,,,,,,,,False,False,20.114,,106.7,,75.7,,106.7,,1148,124,,21,7,150040.3,20005.37,,Idle,,20,,10,,,20,Go Home,False,False,False,False,False,False,False,False,False,False,False,False,33.8027920380556,-117.4659261431046,4021.8,4043.5,1049.4,396.9,True,1,1,False,False,False,False,,True,False,False,Course Lock,196.8,67,16.4,93,W,S,2.68,11.4,Calm,False,False,Android,7.0.2,M300 RTK,1ZN7L4R0H1D00F,1W9DL31001461C,1ZMLH8300204F0,1Z6PH74DAP0QN7,"Corona, CA",728.3,5.7,137.7,8.547347,2.013246,0,0,DJI Matrice 300 RTK,M300 RTK,1ZN7L4R0H1D00F,1W9DL31001461C,1ZMLH8300204F0,1Z6PH74DAP0QN7,DJI Pilot,Android,7.0.2,1EF72A62-B7C3-C88D-164E-CE6F8C8424AE,1ZN7L4R0H1D00F,1W9DL31001461C,,1ZMLH8300204F0,1W9DL31001461C,,,,,
2023-11-01,11:35:56.24 AM,11m 33.9s,693.9,33.7938379992116,-117.4736656049946,-30.5,137.7,21.3,1233,5781.9,0,8.547335,0,2.23694,0,5.816044,0,1.11847,1.5,0.4,1.5,91.1,91.1,,Tripod,Other,,21,5,True,,True,False,,Smart,RC,False,True,False,,,True,,False,False,False,False,False,False,False,False,False,False,0,Follow Yaw,-77.9,0,83.1,83.1,False,False,False,False,False,,0,0,False,False,No Card,100,100,1024,1024,1024,1024,2,False,False,False,False,False,0,False,False,False,False,63,,45.9,,6327,,10044,,45.9,,True,3.824,3.824,3.824,3.824,3.824,3.824,3.824,3.824,3.824,3.824,3.824,3.824,0,,False,False,True,,,,,,,,,,,,,,,False,False,20.114,,106.7,,75.7,,106.7,,1148,124,,21,7,150040.3,20005.37,,Idle,,20,,10,,,20,Go Home,False,False,False,False,False,False,False,False,False,False,False,False,33.8027920380556,-117.4659261431046,4021.8,4043.5,1049.4,396.9,True,1,1,False,False,False,False,,True,False,False,Course Lock,196.8,67,16.4,93,W,S,2.68,11.4,Calm,False,False,Android,7.0.2,M300 RTK,1ZN7L4R0H1D00F,1W9DL31001461C,1ZMLH8300204F0,1Z6PH74DAP0QN7,"Corona, CA",728.3,5.7,137.7,8.547347,2.013246,0,0,DJI Matrice 300 RTK,M300 RTK,1ZN7L4R0H1D00F,1W9DL31001461C,1ZMLH8300204F0,1Z6PH74DAP0QN7,DJI Pilot,Android,7.0.2,1EF72A62-B7C3-C88D-164E-CE6F8C8424AE,1ZN7L4R0H1D00F,1W9DL31001461C,,1ZMLH8300204F0,1W9DL31001461C,,,,,
2023-11-01,11:35:56.30 AM,11m 34.0s,694.0,33.7938379902339,-117.4736656012836,-30.5,137.7,21.3,1233,5781.9,0,8.547335,0,2.23694,0,5.816044,0,1.11847,1.5,0.3,1.5,91.1,91.1,,Tripod,Other,,21,5,True,,True,False,,Smart,RC,False,True,False,,,True,,False,False,False,False,False,False,False,False,False,False,0,Follow Yaw,-77.9,0,83.1,83.1,False,False,False,False,False,,0,0,False,False,No Card,100,100,1024,1024,1024,1024,2,False,False,False,False,False,0,False,False,False,False,63,,45.888,,6327,,10044,,45.888,,True,3.824,3.824,3.824,3.824,3.824,3.824,3.824,3.824,3.824,3.824,3.824,3.824,0,,False,False,True,,,,,,,,,,,,,,,False,False,20.03,,106.7,,75.7,,106.7,,1148,124,,21,7,150040.3,20005.37,,Idle,,20,,10,,,20,Go Home,False,False,False,False,False,False,False,False,False,False,False,False,33.8027920380556,-117.4659261431046,4021.8,4043.5,1049.4,396.9,True,1,1,False,False,False,False,,True,False,False,Course Lock,196.8,67,16.4,93,W,S,2.68,11.4,Calm,False,False,Android,7.0.2,M300 RTK,1ZN7L4R0H1D00F,1W9DL31001461C,1ZMLH8300204F0,1Z6PH74DAP0QN7,"Corona, CA",728.3,5.7,137.7,8.547347,2.013246,0,0,DJI Matrice 300 RTK,M300 RTK,1ZN7L4R0H1D00F,1W9DL31001461C,1ZMLH8300204F0,1Z6PH74DAP0QN7,DJI Pilot,Android,7.0.2,1EF72A62-B7C3-C88D-164E-CE6F8C8424AE,1ZN7L4R0H1D00F,1W9DL31001461C,,1ZMLH8300204F0,1W9DL31001461C,,,,,
2023-11-01,11:35:56.44 AM,11m 34.1s,694.1,33.7938380438261,-117.4736656143957,-30.5,137.7,21.3,1233,5781.9,0,8.547335,0,2.23694,0,5.816044,0,1.11847,1.5,0.4,1.5,91.1,91.1,,Tripod,Other,,21,5,True,,True,False,,Smart,RC,False,True,False,,,True,,False,False,False,False,False,False,False,False,False,False,0,Follow Yaw,-77.9,0,83.1,83.1,False,False,False,False,False,,0,0,False,False,No Card,100,100,1024,1024,1024,1024,2,False,False,False,False,False,0,False,False,False,False,63,,45.888,,6327,,10044,,45.888,,True,3.824,3.824,3.824,3.824,3.824,3.824,3.824,3.824,3.824,3.824,3.824,3.824,0,,False,False,True,,,,,,,,,,,,,,,False,False,20.03,,106.7,,75.7,,106.7,,1148,124,,21,7,150040.3,20005.37,,Idle,,20,,10,,,20,Go Home,False,False,False,False,False,False,False,False,False,False,False,False,33.8027920380556,-117.4659261431046,4021.8,4043.5,1049.4,396.9,True,1,1,False,False,False,False,,True,False,False,Course Lock,196.8,67,16.4,93,W,S,2.68,11.4,Calm,False,False,Android,7.0.2,M300 RTK,1ZN7L4R0H1D00F,1W9DL31001461C,1ZMLH8300204F0,1Z6PH74DAP0QN7,"Corona, CA",728.3,5.7,137.7,8.547347,2.013246,0,0,DJI Matrice 300 RTK,M300 RTK,1ZN7L4R0H1D00F,1W9DL31001461C,1ZMLH8300204F0,1Z6PH74DAP0QN7,DJI Pilot,Android,7.0.2,1EF72A62-B7C3-C88D-164E-CE6F8C8424AE,1ZN7L4R0H1D00F,1W9DL31001461C,,1ZMLH8300204F0,1W9DL31001461C,,,,,
2023-11-01,11:35:56.54 AM,11m 34.2s,694.2,33.7938380451968,-117.4736656101899,-30.5,137.7,21.3,1233,5781.9,0,8.547335,0,2.23694,0,5.816044,0,1.11847,1.6,0.5,1.6,91.1,91.1,,Tripod,Other,,21,5,True,,True,False,,Smart,RC,False,True,False,,,True,,False,False,False,False,False,False,False,False,False,False,0,Follow Yaw,-77.9,0,83.1,83.1,False,False,False,False,False,,0,0,False,False,No Card,100,100,1024,1024,1024,1024,2,False,False,False,False,False,0,False,False,False,False,63,,45.888,,6327,,10044,,45.888,,True,3.824,3.824,3.824,3.824,3.824,3.824,3.824,3.824,3.824,3.824,3.824,3.824,0,,False,False,True,,,,,,,,,,,,,,,False,False,20.03,,106.7,,75.7,,106.7,,1148,124,,21,7,150040.3,20005.37,,Idle,,20,,10,,,20,Go Home,False,False,False,False,False,False,False,False,False,False,False,False,33.8027920380556,-117.4659261431046,4021.8,4043.5,1049.4,396.9,True,1,1,False,False,False,False,,True,False,False,Course Lock,196.8,67,16.4,93,W,S,2.68,11.4,Calm,False,False,Android,7.0.2,M300 RTK,1ZN7L4R0H1D00F,1W9DL31001461C,1ZMLH8300204F0,1Z6PH74DAP0QN7,"Corona, CA",728.3,5.7,137.7,8.547347,2.013246,0,0,DJI Matrice 300 RTK,M300 RTK,1ZN7L4R0H1D00F,1W9DL31001461C,1ZMLH8300204F0,1Z6PH74DAP0QN7,DJI Pilot,Android,7.0.2,1EF72A62-B7C3-C88D-164E-CE6F8C8424AE,1ZN7L4R0H1D00F,1W9DL31001461C,,1ZMLH8300204F0,1W9DL31001461C,,,,,
2023-11-01,11:35:56.64 AM,11m 34.3s,694.3,33.7938380793258,-117.4736654626579,-30.5,137.7,21.3,1233,5782.0,0,8.547335,0,2.23694,0,5.816044,0,1.11847,1.6,0.7,1.7,91.1,91.1,,Tripod,Other,,21,5,True,,True,False,,Smart,RC,False,True,False,,,True,,False,False,False,False,False,False,False,False,False,False,0,Follow Yaw,-77.9,0,83.1,83.1,False,False,False,False,False,,0,0,False,False,No Card,100,100,1024,1024,1024,1024,2,False,False,False,False,False,0,False,False,False,False,63,,45.888,,6327,,10044,,45.888,,True,3.825,3.825,3.825,3.825,3.825,3.825,3.825,3.825,3.825,3.825,3.825,3.825,0,,False,False,True,,,,,,,,,,,,,,,False,False,20.03,,106.7,,75.7,,106.7,,1147,124,,21,7,150034.7,20004.63,,Idle,,20,,10,,,20,Go Home,False,False,False,False,False,False,False,False,False,False,False,False,33.8027920380556,-117.4659261431046,4021.8,4043.5,1049.4,396.9,True,1,1,False,False,False,False,,True,False,False,Course Lock,196.8,67,16.4,93,W,S,2.68,11.4,Calm,False,False,Android,7.0.2,M300 RTK,1ZN7L4R0H1D00F,1W9DL31001461C,1ZMLH8300204F0,1Z6PH74DAP0QN7,"Corona, CA",728.3,5.7,137.7,8.547347,2.013246,0,0,DJI Matrice 300 RTK,M300 RTK,1ZN7L4R0H1D00F,1W9DL31001461C,1ZMLH8300204F0,1Z6PH74DAP0QN7,DJI Pilot,Android,7.0.2,1EF72A62-B7C3-C88D-164E-CE6F8C8424AE,1ZN7L4R0H1D00F,1W9DL31001461C,,1ZMLH8300204F0,1W9DL31001461C,,,,,
2023-11-01,11:35:56.74 AM,11m 34.4s,694.4,33.7938380813133,-117.4736654475666,-30.5,137.7,21.3,1233,5782.0,0,8.547335,0,2.23694,0,5.816044,0,1.11847,1.7,0.7,1.8,91.1,91.1,,Tripod,Other,,21,5,True,,True,False,,Smart,RC,False,True,False,,,True,,False,False,False,False,False,False,False,False,False,False,0,Follow Yaw,-77.9,0,83.1,83.1,False,False,False,False,False,,0,0,False,False,No Card,100,100,1024,1024,1024,1024,2,False,False,False,False,False,0,False,False,False,False,63,,45.888,,6327,,10044,,45.888,,True,3.825,3.825,3.825,3.825,3.825,3.825,3.825,3.825,3.825,3.825,3.825,3.825,0,,False,False,True,,,,,,,,,,,,,,,False,False,20.03,,106.7,,75.7,,106.7,,1147,124,,21,7,150034.7,20004.63,,Idle,,20,,10,,,20,Go Home,False,False,False,False,False,False,False,False,False,False,False,False,33.8027920380556,-117.4659261431046,4021.8,4043.5,1049.4,396.9,True,1,1,False,False,False,False,,True,False,False,Course Lock,196.8,67,16.4,93,W,S,2.68,11.4,Calm,False,False,Android,7.0.2,M300 RTK,1ZN7L4R0H1D00F,1W9DL31001461C,1ZMLH8300204F0,1Z6PH74DAP0QN7,"Corona, CA",728.3,5.7,137.7,8.547347,2.013246,0,0,DJI Matrice 300 RTK,M300 RTK,1ZN7L4R0H1D00F,1W9DL31001461C,1ZMLH8300204F0,1Z6PH74DAP0QN7,DJI Pilot,Android,7.0.2,1EF72A62-B7C3-C88D-164E-CE6F8C8424AE,1ZN7L4R0H1D00F,1W9DL31001461C,,1ZMLH8300204F0,1W9DL31001461C,,,,,
2023-11-01,11:35:56.84 AM,11m 34.5s,694.5,33.7938379293086,-117.4736654822024,-30.5,137.7,21.3,1233,5782.0,0,8.547335,0,2.23694,0,5.816044,0,1.11847,1.6,0.7,1.7,91.1,91.1,,Tripod,Other,,21,5,True,,True,False,,Smart,RC,False,True,False,,,True,,False,False,False,False,False,False,False,False,False,False,0,Follow Yaw,-77.9,0,83.1,83.1,False,False,False,False,False,,0,0,False,False,No Card,100,100,1024,1024,1024,1024,2,False,False,False,False,False,0,False,False,False,False,63,,45.888,,6327,,10044,,45.888,,True,3.825,3.825,3.825,3.825,3.825,3.825,3.825,3.825,3.825,3.825,3.825,3.825,0,,False,False,True,,,,,,,,,,,,,,,False,False,20.03,,106.7,,75.7,,106.7,,1147,124,,21,7,150034.7,20004.63,,Idle,,20,,10,,,20,Go Home,False,False,False,False,False,False,False,False,False,False,False,False,33.8027920380556,-117.4659261431046,4021.8,4043.5,1049.4,396.9,True,1,1,False,False,False,False,,True,False,False,Course Lock,196.8,67,16.4,93,W,S,2.68,11.4,Calm,False,False,Android,7.0.2,M300 RTK,1ZN7L4R0H1D00F,1W9DL31001461C,1ZMLH8300204F0,1Z6PH74DAP0QN7,"Corona, CA",728.3,5.7,137.7,8.547347,2.013246,0,0,DJI Matrice 300 RTK,M300 RTK,1ZN7L4R0H1D00F,1W9DL31001461C,1ZMLH8300204F0,1Z6PH74DAP0QN7,DJI Pilot,Android,7.0.2,1EF72A62-B7C3-C88D-164E-CE6F8C8424AE,1ZN7L4R0H1D00F,1W9DL31001461C,,1ZMLH8300204F0,1W9DL31001461C,,,,,
2023-11-01,11:35:56.94 AM,11m 34.6s,694.6,33.7938379158763,-117.4736654693377,-30.5,137.7,21.3,1233,5782.0,0,8.547335,0,2.23694,0,5.816044,0,1.11847,1.5,0.6,1.6,91,91,,Tripod,Other,,21,5,True,,True,False,,Smart,RC,False,True,False,,,True,,False,False,False,False,False,False,False,False,False,False,0,Follow Yaw,-77.9,0,83.1,83.1,False,False,False,False,False,,0,0,False,False,No Card,100,100,1024,1024,1024,1024,2,False,False,False,False,False,0,False,False,False,False,63,,45.888,,6327,,10044,,45.888,,True,3.825,3.825,3.825,3.825,3.825,3.825,3.825,3.825,3.825,3.825,3.825,3.825,0,,False,False,True,,,,,,,,,,,,,,,False,False,20.03,,106.7,,75.7,,106.7,,1147,124,,21,7,150034.7,20004.63,,Idle,,20,,10,,,20,Go Home,False,False,False,False,False,False,False,False,False,False,False,False,33.8027920380556,-117.4659261431046,4021.8,4043.5,1049.4,396.9,True,1,1,False,False,False,False,,True,False,False,Course Lock,196.8,67,16.4,93,W,S,2.68,11.4,Calm,False,False,Android,7.0.2,M300 RTK,1ZN7L4R0H1D00F,1W9DL31001461C,1ZMLH8300204F0,1Z6PH74DAP0QN7,"Corona, CA",728.3,5.7,137.7,8.547347,2.013246,0,0,DJI Matrice 300 RTK,M300 RTK,1ZN7L4R0H1D00F,1W9DL31001461C,1ZMLH8300204F0,1Z6PH74DAP0QN7,DJI Pilot,Android,7.0.2,1EF72A62-B7C3-C88D-164E-CE6F8C8424AE,1ZN7L4R0H1D00F,1W9DL31001461C,,1ZMLH8300204F0,1W9DL31001461C,,,,,
2023-11-01,11:35:57.01 AM,11m 34.7s,694.7,33.7938380849455,-117.4736654922633,-30.5,137.7,21.3,1233,5782.1,0,8.547335,0,2.23694,0,5.816044,0,1.11847,1.5,0.6,1.6,91,91,,Tripod,Other,,21,5,True,,True,False,,Smart,RC,False,True,False,,,True,,False,False,False,False,False,False,False,False,False,False,0,Follow Yaw,-77.9,0,83.1,83.1,False,False,False,False,False,,0,0,False,False,No Card,100,100,1024,1024,1024,1024,2,False,False,False,False,False,0,False,False,False,False,63,,45.888,,6327,,10044,,45.888,,True,3.825,3.825,3.825,3.825,3.825,3.825,3.825,3.825,3.825,3.825,3.825,3.825,0,,False,False,True,,,,,,,,,,,,,,,False,False,20.03,,106.7,,75.7,,106.7,,1147,124,,21,7,150034.7,20004.63,,Idle,,20,,10,,,20,Go Home,False,False,False,False,False,False,False,False,False,False,False,False,33.8027920380556,-117.4659261431046,4021.8,4043.5,1049.4,396.9,True,1,1,False,False,False,False,,True,False,False,Course Lock,196.8,67,16.4,93,W,S,2.68,11.4,Calm,False,False,Android,7.0.2,M300 RTK,1ZN7L4R0H1D00F,1W9DL31001461C,1ZMLH8300204F0,1Z6PH74DAP0QN7,"Corona, CA",728.3,5.7,137.7,8.547347,2.013246,0,0,DJI Matrice 300 RTK,M300 RTK,1ZN7L4R0H1D00F,1W9DL31001461C,1ZMLH8300204F0,1Z6PH74DAP0QN7,DJI Pilot,Android,7.0.2,1EF72A62-B7C3-C88D-164E-CE6F8C8424AE,1ZN7L4R0H1D00F,1W9DL31001461C,,1ZMLH8300204F0,1W9DL31001461C,,,,,
2023-11-01,11:35:57.14 AM,11m 34.8s,694.8,33.7938380846714,-117.4736654762648,-30.5,137.7,20.9,1233,5782.1,0,8.547335,0,2.23694,0,5.816044,0,1.11847,1.6,0.7,1.7,91,91,,Tripod,Other,,21,5,True,,True,False,,Smart,RC,False,True,False,,,True,,False,False,False,False,False,False,False,False,False,False,0,Follow Yaw,-77.9,0,83.1,83.1,False,False,False,False,False,,0,0,False,False,No Card,100,100,1024,1024,1024,1024,2,False,False,False,False,False,0,False,False,False,False,63,,45.888,,6327,,10044,,45.888,,True,3.825,3.825,3.825,3.825,3.825,3.825,3.825,3.825,3.825,3.825,3.825,3.825,0,,False,False,True,,,,,,,,,,,,,,,False,False,20.03,,106.7,,75.7,,106.7,,1147,124,,21,7,150034.7,20004.63,,Idle,,20,,10,,,20,Go Home,False,False,False,False,False,False,False,False,False,False,False,False,33.8027920380556,-117.4659261431046,4021.8,4043.5,1049.4,396.9,True,1,1,False,False,False,False,,True,False,False,Course Lock,196.8,67,16.4,93,W,S,2.68,11.4,Calm,False,False,Android,7.0.2,M300 RTK,1ZN7L4R0H1D00F,1W9DL31001461C,1ZMLH8300204F0,1Z6PH74DAP0QN7,"Corona, CA",728.3,5.7,137.7,8.547347,2.013246,0,0,DJI Matrice 300 RTK,M300 RTK,1ZN7L4R0H1D00F,1W9DL31001461C,1ZMLH8300204F0,1Z6PH74DAP0QN7,DJI Pilot,Android,7.0.2,1EF72A62-B7C3-C88D-164E-CE6F8C8424AE,1ZN7L4R0H1D00F,1W9DL31001461C,,1ZMLH8300204F0,1W9DL31001461C,,,,,
2023-11-01,11:35:57.24 AM,11m 34.9s,694.9,33.7938380745971,-117.4736654888822,-30.5,137.7,21.3,1233,5782.1,0,8.547335,0,2.23694,0,5.816044,0,1.11847,1.6,0.7,1.7,91,91,,Tripod,Other,,21,5,True,,True,False,,Smart,RC,False,True,False,,,True,,False,False,False,False,False,False,False,False,False,False,0,Follow Yaw,-77.9,0,83.1,83.1,False,False,False,False,False,,0,0,False,False,No Card,100,100,1024,1024,1024,1024,2,False,False,False,False,False,0,False,False,False,False,63,,45.888,,6327,,10044,,45.888,,True,3.825,3.825,3.825,3.825,3.825,3.825,3.825,3.825,3.825,3.825,3.825,3.825,0,,False,False,True,,,,,,,,,,,,,,,False,False,20.03,,106.7,,75.7,,106.7,,1147,124,,21,7,150034.7,20004.63,,Idle,,20,,10,,,20,Go Home,False,False,False,False,False,False,False,False,False,False,False,False,33.8027920380556,-117.4659261431046,4021.8,4043.5,1049.4,396.9,True,1,1,False,False,False,False,,True,False,False,Course Lock,196.8,67,16.4,93,W,S,2.68,11.4,Calm,False,True,Android,7.0.2,M300 RTK,1ZN7L4R0H1D00F,1W9DL31001461C,1ZMLH8300204F0,1Z6PH74DAP0QN7,"Corona, CA",728.3,5.7,137.7,8.547347,2.013246,0,0,DJI Matrice 300 RTK,M300 RTK,1ZN7L4R0H1D00F,1W9DL31001461C,1ZMLH8300204F0,1Z6PH74DAP0QN7,DJI Pilot,Android,7.0.2,1EF72A62-B7C3-C88D-164E-CE6F8C8424AE,1ZN7L4R0H1D00F,1W9DL31001461C,,1ZMLH8300204F0,1W9DL31001461C,,,,,
2023-11-01,11:35:57.34 AM,11m 35.0s,695.0,33.7938380674012,-117.4736654745331,-30.5,137.7,21.3,1233,5782.1,0,8.547335,0,2.23694,0,5.816044,0,1.11847,1.5,0.6,1.6,91.1,91.1,,Tripod,Other,,21,5,True,,True,False,,Smart,RC,False,True,False,,,True,,False,False,False,False,False,False,False,False,False,False,0,Follow Yaw,-77.9,0,83.1,83.1,False,False,False,False,False,,0,0,False,False,No Card,100,100,1024,1024,1024,1024,2,False,False,False,False,False,0,False,False,False,False,63,,45.888,,6327,,10044,,45.888,,True,3.825,3.825,3.825,3.825,3.825,3.825,3.825,3.825,3.825,3.825,3.825,3.825,0,,False,False,True,,,,,,,,,,,,,,,False,False,20.192,,106.7,,75.7,,106.7,,1147,124,,21,7,150034.7,20004.63,,Idle,,20,,10,,,20,Go Home,False,False,False,False,False,False,False,False,False,False,False,False,33.8027920380556,-117.4659261431046,4021.8,4043.5,1049.4,396.9,True,1,1,False,False,False,False,,True,False,False,Course Lock,196.8,67,16.4,93,W,S,2.9,11.4,Calm,False,False,Android,7.0.2,M300 RTK,1ZN7L4R0H1D00F,1W9DL31001461C,1ZMLH8300204F0,1Z6PH74DAP0QN7,"Corona, CA",728.3,5.7,137.7,8.547347,2.013246,0,0,DJI Matrice 300 RTK,M300 RTK,1ZN7L4R0H1D00F,1W9DL31001461C,1ZMLH8300204F0,1Z6PH74DAP0QN7,DJI Pilot,Android,7.0.2,1EF72A62-B7C3-C88D-164E-CE6F8C8424AE,1ZN7L4R0H1D00F,1W9DL31001461C,,1ZMLH8300204F0,1W9DL31001461C,,,,,
2023-11-01,11:35:57.44 AM,11m 35.1s,695.1,33.7938380593144,-117.4736654875627,-30.5,137.7,21.3,1233,5782.1,0,8.547335,0,2.23694,0,5.816044,0,1.11847,1.5,0.5,1.5,91.1,91.1,,Tripod,Other,,21,5,True,,True,False,,Smart,RC,False,True,False,,,True,,False,False,False,False,False,False,False,False,False,False,0,Follow Yaw,-77.9,0,83.1,83.1,False,False,False,False,False,,0,0,False,False,No Card,100,100,1024,1024,1024,1024,2,False,False,False,False,False,0,False,False,False,False,63,,45.888,,6327,,10044,,45.888,,True,3.825,3.825,3.825,3.825,3.825,3.825,3.825,3.825,3.825,3.825,3.825,3.825,0,,False,False,True,,,,,,,,,,,,,,,False,False,20.192,,106.7,,75.7,,106.7,,1147,124,,21,7,150034.7,20004.63,,Idle,,20,,10,,,20,Go Home,False,False,False,False,False,False,False,False,False,False,False,False,33.8027920380556,-117.4659261431046,4021.8,4043.5,1049.4,396.9,True,1,1,False,False,False,False,,True,False,False,Course Lock,196.8,67,16.4,93,W,S,2.9,11.4,Calm,False,True,Android,7.0.2,M300 RTK,1ZN7L4R0H1D00F,1W9DL31001461C,1ZMLH8300204F0,1Z6PH74DAP0QN7,"Corona, CA",728.3,5.7,137.7,8.547347,2.013246,0,0,DJI Matrice 300 RTK,M300 RTK,1ZN7L4R0H1D00F,1W9DL31001461C,1ZMLH8300204F0,1Z6PH74DAP0QN7,DJI Pilot,Android,7.0.2,1EF72A62-B7C3-C88D-164E-CE6F8C8424AE,1ZN7L4R0H1D00F,1W9DL31001461C,,1ZMLH8300204F0,1W9DL31001461C,,,,,
2023-11-01,11:35:57.53 AM,11m 35.2s,695.2,33.7938380535577,-117.4736654713994,-30.5,137.7,21.3,1233,5782.1,0,8.547335,0,2.23694,0,5.816044,0,1.11847,1.6,0.4,1.6,91.1,91.1,,Tripod,Other,,21,5,True,,True,False,,Smart,RC,False,True,False,,,True,,False,False,False,False,False,False,False,False,False,False,0,Follow Yaw,-77.9,0,83.1,83.1,False,False,False,False,False,,0,0,False,False,No Card,100,100,1024,1024,1024,1024,2,False,False,False,False,False,0,False,False,False,False,63,,45.888,,6327,,10044,,45.888,,True,3.825,3.825,3.825,3.825,3.825,3.825,3.825,3.825,3.825,3.825,3.825,3.825,0,,False,False,True,,,,,,,,,,,,,,,False,False,20.192,,106.7,,75.7,,106.7,,1147,124,,21,7,150034.7,20004.63,,Idle,,20,,10,,,20,Go Home,False,False,False,False,False,False,False,False,False,False,False,False,33.8027920380556,-117.4659261431046,4021.8,4043.5,1049.4,396.9,True,1,1,False,False,False,False,,True,False,False,Course Lock,196.8,67,16.4,93,W,S,2.9,11.4,Calm,False,False,Android,7.0.2,M300 RTK,1ZN7L4R0H1D00F,1W9DL31001461C,1ZMLH8300204F0,1Z6PH74DAP0QN7,"Corona, CA",728.3,5.7,137.7,8.547347,2.013246,0,0,DJI Matrice 300 RTK,M300 RTK,1ZN7L4R0H1D00F,1W9DL31001461C,1ZMLH8300204F0,1Z6PH74DAP0QN7,DJI Pilot,Android,7.0.2,1EF72A62-B7C3-C88D-164E-CE6F8C8424AE,1ZN7L4R0H1D00F,1W9DL31001461C,,1ZMLH8300204F0,1W9DL31001461C,,,,,
2023-11-01,11:35:57.63 AM,11m 35.3s,695.3,33.7938380582179,-117.47366548814,-30.5,137.7,20.9,1233,5782.1,0,8.547335,0,2.23694,0,5.816044,0,1.11847,1.5,0.5,1.5,91.1,91.1,,Tripod,Other,,21,5,True,,True,False,,Smart,RC,False,True,False,,,True,,False,False,False,False,False,False,False,False,False,False,0,Follow Yaw,-77.9,0,83.1,83.1,False,False,False,False,False,,0,0,False,False,No Card,100,100,1024,1024,1024,1024,2,False,False,False,False,False,0,False,False,False,False,63,,45.888,,6327,,10044,,45.888,,True,3.824,3.824,3.824,3.824,3.824,3.824,3.824,3.824,3.824,3.824,3.824,3.824,0,,False,False,True,,,,,,,,,,,,,,,False,False,20.192,,106.7,,75.7,,106.7,,1145,124,,21,7,150083.4,20011.12,,Idle,,20,,10,,,20,Go Home,False,False,False,False,False,False,False,False,False,False,False,False,33.8027920380556,-117.4659261431046,4021.8,4043.5,1049.4,396.9,True,1,1,False,False,False,False,,True,False,False,Course Lock,196.8,67,16.4,93,W,S,2.9,11.4,Calm,False,True,Android,7.0.2,M300 RTK,1ZN7L4R0H1D00F,1W9DL31001461C,1ZMLH8300204F0,1Z6PH74DAP0QN7,"Corona, CA",728.3,5.7,137.7,8.547347,2.013246,0,0,DJI Matrice 300 RTK,M300 RTK,1ZN7L4R0H1D00F,1W9DL31001461C,1ZMLH8300204F0,1Z6PH74DAP0QN7,DJI Pilot,Android,7.0.2,1EF72A62-B7C3-C88D-164E-CE6F8C8424AE,1ZN7L4R0H1D00F,1W9DL31001461C,,1ZMLH8300204F0,1W9DL31001461C,,,,,
2023-11-01,11:35:57.73 AM,11m 35.4s,695.4,33.7938380560934,-117.4736654666163,-30.5,137.7,20.9,1233,5782.1,0,8.547335,0,2.23694,0,5.816044,0,1.11847,1.5,0.5,1.5,91.1,91.1,,Tripod,Other,,21,5,True,,True,False,,Smart,RC,False,True,False,,,True,,False,False,False,False,False,False,False,False,False,False,0,Follow Yaw,-77.9,0,83.1,83.1,False,False,False,False,False,,0,0,False,False,No Card,100,100,1024,1024,1024,1024,2,False,False,False,False,False,0,False,False,False,False,63,,45.888,,6327,,10044,,45.888,,True,3.824,3.824,3.824,3.824,3.824,3.824,3.824,3.824,3.824,3.824,3.824,3.824,0,,False,False,True,,,,,,,,,,,,,,,False,False,20.192,,106.7,,75.7,,106.7,,1145,124,,21,7,150083.4,20011.12,,Idle,,20,,10,,,20,Go Home,False,False,False,False,False,False,False,False,False,False,False,False,33.8027920380556,-117.4659261431046,4021.8,4043.5,1049.4,396.9,True,1,1,False,False,False,False,,True,False,False,Course Lock,196.8,67,16.4,93,W,S,2.9,11.4,Calm,False,False,Android,7.0.2,M300 RTK,1ZN7L4R0H1D00F,1W9DL31001461C,1ZMLH8300204F0,1Z6PH74DAP0QN7,"Corona, CA",728.3,5.7,137.7,8.547347,2.013246,0,0,DJI Matrice 300 RTK,M300 RTK,1ZN7L4R0H1D00F,1W9DL31001461C,1ZMLH8300204F0,1Z6PH74DAP0QN7,DJI Pilot,Android,7.0.2,1EF72A62-B7C3-C88D-164E-CE6F8C8424AE,1ZN7L4R0H1D00F,1W9DL31001461C,,1ZMLH8300204F0,1W9DL31001461C,,,,,
2023-11-01,11:35:57.83 AM,11m 35.5s,695.5,33.7938380710334,-117.4736653048176,-30.5,137.7,20.9,1233,5782.2,0,8.547335,0,2.23694,0,5.816044,0,1.11847,1.5,0.6,1.6,91.1,91.1,,Tripod,Other,,21,5,True,,True,False,,Smart,RC,False,True,False,,,True,,False,False,False,False,False,False,False,False,False,False,0,Follow Yaw,-77.9,0,83.1,83.1,False,False,False,False,False,,0,0,False,False,No Card,100,100,1024,1024,1024,1024,2,False,False,False,False,False,0,False,False,False,False,63,,45.888,,6327,,10044,,45.888,,True,3.824,3.824,3.824,3.824,3.824,3.824,3.824,3.824,3.824,3.824,3.824,3.824,0,,False,False,True,,,,,,,,,,,,,,,False,False,20.192,,106.7,,75.7,,106.7,,1145,124,,21,7,150083.4,20011.12,,Idle,,20,,10,,,20,Go Home,False,False,False,False,False,False,False,False,False,False,False,False,33.8027920380556,-117.4659261431046,4021.7,4043.5,1049.4,396.9,True,1,1,False,False,False,False,,True,False,False,Course Lock,196.8,67,16.4,93,W,S,2.9,11.4,Calm,False,False,Android,7.0.2,M300 RTK,1ZN7L4R0H1D00F,1W9DL31001461C,1ZMLH8300204F0,1Z6PH74DAP0QN7,"Corona, CA",728.3,5.7,137.7,8.547347,2.013246,0,0,DJI Matrice 300 RTK,M300 RTK,1ZN7L4R0H1D00F,1W9DL31001461C,1ZMLH8300204F0,1Z6PH74DAP0QN7,DJI Pilot,Android,7.0.2,1EF72A62-B7C3-C88D-164E-CE6F8C8424AE,1ZN7L4R0H1D00F,1W9DL31001461C,,1ZMLH8300204F0,1W9DL31001461C,,,,,
2023-11-01,11:35:57.94 AM,11m 35.6s,695.6,33.7938380700054,-117.47366526243,-30.5,137.7,20.9,1233,5782.2,0,8.547335,0,2.23694,0,5.816044,0,1.11847,1.5,0.5,1.5,91.2,91.2,,Tripod,Other,,21,5,True,,True,False,,Smart,RC,False,True,False,,,True,,False,False,False,False,False,False,False,False,False,False,0,Follow Yaw,-77.9,0,83.1,83.1,False,False,False,False,False,,0,0,False,False,No Card,100,100,1024,1024,1024,1024,2,False,False,False,False,False,0,False,False,False,False,63,,45.888,,6327,,10044,,45.888,,True,3.824,3.824,3.824,3.824,3.824,3.824,3.824,3.824,3.824,3.824,3.824,3.824,0,,False,False,True,,,,,,,,,,,,,,,False,False,20.192,,106.7,,75.7,,106.7,,1145,124,,21,7,150083.4,20011.12,,Idle,,20,,10,,,20,Go Home,False,False,False,False,False,False,False,False,False,False,False,False,33.8027920380556,-117.4659261431046,4021.7,4043.5,1049.4,396.9,True,1,1,False,False,False,False,,True,False,False,Course Lock,196.8,67,16.4,93,W,S,2.9,11.4,Calm,False,False,Android,7.0.2,M300 RTK,1ZN7L4R0H1D00F,1W9DL31001461C,1ZMLH8300204F0,1Z6PH74DAP0QN7,"Corona, CA",728.3,5.7,137.7,8.547347,2.013246,0,0,DJI Matrice 300 RTK,M300 RTK,1ZN7L4R0H1D00F,1W9DL31001461C,1ZMLH8300204F0,1Z6PH74DAP0QN7,DJI Pilot,Android,7.0.2,1EF72A62-B7C3-C88D-164E-CE6F8C8424AE,1ZN7L4R0H1D00F,1W9DL31001461C,,1ZMLH8300204F0,1W9DL31001461C,,,,,
2023-11-01,11:35:58.03 AM,11m 35.7s,695.7,33.7938380782979,-117.4736651328757,-30.5,137.7,20.9,1233,5782.2,0,8.547335,0,2.23694,0,5.816044,0,1.11847,1.7,0.5,1.7,91.2,91.2,,Tripod,Other,,21,5,True,,True,False,,Smart,RC,False,True,False,,,True,,False,False,False,False,False,False,False,False,False,False,0,Follow Yaw,-77.9,0,83.1,83.1,False,False,False,False,False,,0,0,False,False,No Card,100,100,1024,1024,1024,1024,2,False,False,False,False,False,0,False,False,False,False,63,,45.84,,3141,,4986,,45.84,,True,3.824,3.824,3.824,3.824,3.824,3.824,3.824,3.824,3.824,3.824,3.824,3.824,0,,False,False,True,,,,,,,,,,,,,,,False,False,10.106,,106.3,,75.7,,106.7,,1145,124,,21,7,150083.4,20011.12,,Idle,,20,,10,,,20,Go Home,False,False,False,False,False,False,False,False,False,False,False,False,33.8027920380556,-117.4659261431046,4021.7,4043.5,1049.4,396.9,True,1,1,False,False,False,False,,True,False,False,Course Lock,196.8,67,16.4,93,W,S,2.9,11.4,Calm,False,False,Android,7.0.2,M300 RTK,1ZN7L4R0H1D00F,1W9DL31001461C,1ZMLH8300204F0,1Z6PH74DAP0QN7,"Corona, CA",728.3,5.7,137.7,8.547347,2.013246,0,0,DJI Matrice 300 RTK,M300 RTK,1ZN7L4R0H1D00F,1W9DL31001461C,1ZMLH8300204F0,1Z6PH74DAP0QN7,DJI Pilot,Android,7.0.2,1EF72A62-B7C3-C88D-164E-CE6F8C8424AE,1ZN7L4R0H1D00F,1W9DL31001461C,,1ZMLH8300204F0,1W9DL31001461C,,,,,
2023-11-01,11:35:58.14 AM,11m 35.8s,695.8,33.7938380800112,-117.4736650782006,-30.5,137.7,20.9,1233,5782.3,0,8.547335,0,2.23694,0,5.816044,0,1.11847,1.7,0.6,1.8,91.2,91.2,,Tripod,Other,,21,5,True,,True,False,,Smart,RC,False,True,False,,,True,,False,False,False,False,False,False,False,False,False,False,0,Follow Yaw,-77.9,0,83.1,83.1,False,False,False,False,False,,0,0,False,False,No Card,100,100,1024,1024,1024,1024,2,False,False,False,False,False,0,False,False,False,False,63,,45.84,,3141,,4986,,45.84,,True,3.824,3.824,3.824,3.824,3.824,3.824,3.824,3.824,3.824,3.824,3.824,3.824,0,,False,False,True,,,,,,,,,,,,,,,False,False,10.106,,106.3,,75.7,,106.7,,1145,124,,21,7,150083.4,20011.12,,Idle,,20,,10,,,20,Go Home,False,False,False,False,False,False,False,False,False,False,False,False,33.8027920380556,-117.4659261431046,4021.7,4043.5,1049.4,396.9,True,1,1,False,False,False,False,,True,False,False,Course Lock,196.8,67,16.4,93,W,S,2.9,11.4,Calm,False,False,Android,7.0.2,M300 RTK,1ZN7L4R0H1D00F,1W9DL31001461C,1ZMLH8300204F0,1Z6PH74DAP0QN7,"Corona, CA",728.3,5.7,137.7,8.547347,2.013246,0,0,DJI Matrice 300 RTK,M300 RTK,1ZN7L4R0H1D00F,1W9DL31001461C,1ZMLH8300204F0,1Z6PH74DAP0QN7,DJI Pilot,Android,7.0.2,1EF72A62-B7C3-C88D-164E-CE6F8C8424AE,1ZN7L4R0H1D00F,1W9DL31001461C,,1ZMLH8300204F0,1W9DL31001461C,,,,,
2023-11-01,11:35:58.24 AM,11m 35.9s,695.9,33.7938380812447,-117.4736651499462,-30.5,137.7,20.9,1233,5782.3,0,8.547335,0,2.23694,0,5.816044,0,1.11847,1.7,0.6,1.8,91.2,91.2,,Tripod,Other,,21,5,True,,True,False,,Smart,RC,False,True,False,,,True,,False,False,False,False,False,False,False,False,False,False,0,Follow Yaw,-77.9,0,83.1,83.1,False,False,False,False,False,,0,0,False,False,No Card,100,100,1024,1024,1024,1024,2,False,False,False,False,False,0,False,False,False,False,63,,45.84,,3141,,4986,,45.84,,True,3.824,3.824,3.824,3.824,3.824,3.824,3.824,3.824,3.824,3.824,3.824,3.824,0,,False,False,True,,,,,,,,,,,,,,,False,False,10.106,,106.3,,75.7,,106.7,,1145,124,,21,7,150083.4,20011.12,,Idle,,20,,10,,,20,Go Home,False,False,False,False,False,False,False,False,False,False,False,False,33.8027920380556,-117.4659261431046,4021.7,4043.5,1049.4,396.9,True,1,1,False,False,False,False,,True,False,False,Course Lock,196.8,67,16.4,93,W,S,2.9,11.4,Calm,False,True,Android,7.0.2,M300 RTK,1ZN7L4R0H1D00F,1W9DL31001461C,1ZMLH8300204F0,1Z6PH74DAP0QN7,"Corona, CA",728.3,5.7,137.7,8.547347,2.013246,0,0,DJI Matrice 300 RTK,M300 RTK,1ZN7L4R0H1D00F,1W9DL31001461C,1ZMLH8300204F0,1Z6PH74DAP0QN7,DJI Pilot,Android,7.0.2,1EF72A62-B7C3-C88D-164E-CE6F8C8424AE,1ZN7L4R0H1D00F,1W9DL31001461C,,1ZMLH8300204F0,1W9DL31001461C,,,,,
2023-11-01,11:35:58.34 AM,11m 36.0s,696.0,33.7938380835063,-117.4736651043424,-30.5,137.7,20.9,1233,5782.3,0,8.547335,0,2.23694,0,5.816044,0,1.11847,1.8,0.7,1.9,91.2,91.2,,Tripod,Other,,21,5,True,,True,False,,Smart,RC,False,True,False,,,True,,False,False,False,False,False,False,False,False,False,False,0,Follow Yaw,-77.9,0,83.1,83.1,False,False,False,False,False,,0,0,False,False,No Card,100,100,1024,1024,1024,1024,2,False,False,False,False,False,0,False,False,False,False,63,,45.876,,6327,,10044,,45.876,,True,3.824,3.824,3.824,3.824,3.824,3.824,3.824,3.824,3.824,3.824,3.824,3.824,0,,False,False,True,,,,,,,,,,,,,,,False,False,20.174,,106.7,,75.7,,106.7,,1145,124,,21,7,150083.4,20011.12,,Idle,,20,,10,,,20,Go Home,False,False,False,False,False,False,False,False,False,False,False,False,33.8027920380556,-117.4659261431046,4021.7,4043.5,1049.4,396.9,True,1,1,False,False,False,False,,True,False,False,Course Lock,196.8,67,16.4,93,W,S,2.9,11.4,Calm,False,False,Android,7.0.2,M300 RTK,1ZN7L4R0H1D00F,1W9DL31001461C,1ZMLH8300204F0,1Z6PH74DAP0QN7,"Corona, CA",728.3,5.7,137.7,8.547347,2.013246,0,0,DJI Matrice 300 RTK,M300 RTK,1ZN7L4R0H1D00F,1W9DL31001461C,1ZMLH8300204F0,1Z6PH74DAP0QN7,DJI Pilot,Android,7.0.2,1EF72A62-B7C3-C88D-164E-CE6F8C8424AE,1ZN7L4R0H1D00F,1W9DL31001461C,,1ZMLH8300204F0,1W9DL31001461C,,,,,
2023-11-01,11:35:58.44 AM,11m 36.1s,696.1,33.7938380798741,-117.4736650231132,-30.5,137.7,20.9,1233,5782.3,0,8.547335,0,2.23694,0,5.816044,0,1.11847,1.8,0.7,1.9,91.2,91.2,,Tripod,Other,,21,5,True,,True,False,,Smart,RC,False,True,False,,,True,,False,False,False,False,False,False,False,False,False,False,0,Follow Yaw,-77.9,0,83.1,83.1,False,False,False,False,False,,0,0,False,False,No Card,100,100,1024,1024,1024,1024,2,False,False,False,False,False,0,False,False,False,False,63,,45.876,,6327,,10044,,45.876,,True,3.824,3.824,3.824,3.824,3.824,3.824,3.824,3.824,3.824,3.824,3.824,3.824,0,,False,False,True,,,,,,,,,,,,,,,False,False,20.174,,106.7,,75.7,,106.7,,1145,124,,21,7,150083.4,20011.12,,Idle,,20,,10,,,20,Go Home,False,False,False,False,False,False,False,False,False,False,False,False,33.8027920380556,-117.4659261431046,4021.7,4043.5,1049.4,396.9,True,1,1,False,False,False,False,,True,False,False,Course Lock,196.8,67,16.4,93,W,S,2.9,11.4,Calm,False,False,Android,7.0.2,M300 RTK,1ZN7L4R0H1D00F,1W9DL31001461C,1ZMLH8300204F0,1Z6PH74DAP0QN7,"Corona, CA",728.3,5.7,137.7,8.547347,2.013246,0,0,DJI Matrice 300 RTK,M300 RTK,1ZN7L4R0H1D00F,1W9DL31001461C,1ZMLH8300204F0,1Z6PH74DAP0QN7,DJI Pilot,Android,7.0.2,1EF72A62-B7C3-C88D-164E-CE6F8C8424AE,1ZN7L4R0H1D00F,1W9DL31001461C,,1ZMLH8300204F0,1W9DL31001461C,,,,,
2023-11-01,11:35:58.54 AM,11m 36.2s,696.2,33.793838075488,-117.4736649733861,-30.5,137.7,20.9,1233,5782.3,0,8.547335,0,2.23694,0,5.816044,0,1.11847,1.8,0.6,1.8,91.2,91.2,,Tripod,Other,,21,5,True,,True,False,,Smart,RC,False,True,False,,,True,,False,False,False,False,False,False,False,False,False,False,0,Follow Yaw,-77.9,0,83.1,83.1,False,False,False,False,False,,0,0,False,False,No Card,100,100,1024,1024,1024,1024,2,False,False,False,False,False,0,False,False,False,False,63,,45.876,,6327,,10044,,45.876,,True,3.824,3.824,3.824,3.824,3.824,3.824,3.824,3.824,3.824,3.824,3.824,3.824,0,,False,False,True,,,,,,,,,,,,,,,False,False,20.174,,106.7,,75.7,,106.7,,1145,124,,21,7,150083.4,20011.12,,Idle,,20,,10,,,20,Go Home,False,False,False,False,False,False,False,False,False,False,False,False,33.8027920380556,-117.4659261431046,4021.7,4043.5,1049.4,396.9,True,1,1,False,False,False,False,,True,False,False,Course Lock,196.8,67,16.4,93,W,S,2.9,11.4,Calm,False,False,Android,7.0.2,M300 RTK,1ZN7L4R0H1D00F,1W9DL31001461C,1ZMLH8300204F0,1Z6PH74DAP0QN7,"Corona, CA",728.3,5.7,137.7,8.547347,2.013246,0,0,DJI Matrice 300 RTK,M300 RTK,1ZN7L4R0H1D00F,1W9DL31001461C,1ZMLH8300204F0,1Z6PH74DAP0QN7,DJI Pilot,Android,7.0.2,1EF72A62-B7C3-C88D-164E-CE6F8C8424AE,1ZN7L4R0H1D00F,1W9DL31001461C,,1ZMLH8300204F0,1W9DL31001461C,,,,,
2023-11-01,11:35:58.64 AM,11m 36.3s,696.3,33.7938380625354,-117.4736649148351,-30.5,137.7,20.9,1233,5782.3,0,8.547335,0,2.23694,0,5.816044,0,1.11847,1.8,0.4,1.8,91.2,91.2,,Tripod,Other,,21,5,True,,True,False,,Smart,RC,False,True,False,,,True,,False,False,False,False,False,False,False,False,False,False,0,Follow Yaw,-77.9,0,83.1,83.1,False,False,False,False,False,,0,0,False,False,No Card,100,100,1024,1024,1024,1024,2,False,False,False,False,False,0,False,False,False,False,63,,45.876,,6327,,10044,,45.876,,True,3.825,3.825,3.825,3.825,3.825,3.825,3.825,3.825,3.825,3.825,3.825,3.825,0,,False,False,True,,,,,,,,,,,,,,,False,False,20.174,,106.7,,75.7,,106.7,,1144,124,,21,7,150196.5,20026.21,,Idle,,20,,10,,,20,Go Home,False,False,False,False,False,False,False,False,False,False,False,False,33.8027920380556,-117.4659261431046,4021.7,4043.5,1049.4,396.9,True,1,1,False,False,False,False,,True,False,False,Course Lock,196.8,67,16.4,93,W,S,2.9,11.4,Calm,False,False,Android,7.0.2,M300 RTK,1ZN7L4R0H1D00F,1W9DL31001461C,1ZMLH8300204F0,1Z6PH74DAP0QN7,"Corona, CA",728.3,5.7,137.7,8.547347,2.013246,0,0,DJI Matrice 300 RTK,M300 RTK,1ZN7L4R0H1D00F,1W9DL31001461C,1ZMLH8300204F0,1Z6PH74DAP0QN7,DJI Pilot,Android,7.0.2,1EF72A62-B7C3-C88D-164E-CE6F8C8424AE,1ZN7L4R0H1D00F,1W9DL31001461C,,1ZMLH8300204F0,1W9DL31001461C,,,,,
2023-11-01,11:35:58.75 AM,11m 36.4s,696.4,33.7938380593144,-117.4736648666748,-30.5,137.7,20.9,1233,5782.4,0,8.547335,0,2.23694,0,5.816044,0,1.11847,1.8,0.4,1.8,91.2,91.2,,Tripod,Other,,21,5,True,,True,False,,Smart,RC,False,True,False,,,True,,False,False,False,False,False,False,False,False,False,False,0,Follow Yaw,-77.9,0,83.1,83.1,False,False,False,False,False,,0,0,False,False,No Card,100,100,1024,1024,1024,1024,2,False,False,False,False,False,0,False,False,False,False,63,,45.876,,6327,,10044,,45.876,,True,3.825,3.825,3.825,3.825,3.825,3.825,3.825,3.825,3.825,3.825,3.825,3.825,0,,False,False,True,,,,,,,,,,,,,,,False,False,20.174,,106.7,,75.7,,106.7,,1144,124,,21,7,150196.5,20026.21,,Idle,,20,,10,,,20,Go Home,False,False,False,False,False,False,False,False,False,False,False,False,33.8027920380556,-117.4659261431046,4021.7,4043.5,1049.4,396.9,True,1,1,False,False,False,False,,True,False,False,Course Lock,196.8,67,16.4,93,W,S,2.9,11.4,Calm,False,False,Android,7.0.2,M300 RTK,1ZN7L4R0H1D00F,1W9DL31001461C,1ZMLH8300204F0,1Z6PH74DAP0QN7,"Corona, CA",728.3,5.7,137.7,8.547347,2.013246,0,0,DJI Matrice 300 RTK,M300 RTK,1ZN7L4R0H1D00F,1W9DL31001461C,1ZMLH8300204F0,1Z6PH74DAP0QN7,DJI Pilot,Android,7.0.2,1EF72A62-B7C3-C88D-164E-CE6F8C8424AE,1ZN7L4R0H1D00F,1W9DL31001461C,,1ZMLH8300204F0,1W9DL31001461C,,,,,
2023-11-01,11:35:58.85 AM,11m 36.5s,696.5,33.7938378964817,-117.4736648160406,-30.5,137.7,21.3,1233,5782.4,0,8.547335,0,2.23694,0,5.816044,0,1.11847,1.7,0.4,1.7,91.3,91.3,,Tripod,Other,,21,5,True,,True,False,,Smart,RC,False,True,False,,,True,,False,False,False,False,False,False,False,False,False,False,0,Follow Yaw,-77.9,0,83.1,83.1,False,False,False,False,False,,0,0,False,False,No Card,100,100,1024,1024,1024,1024,2,False,False,False,False,False,0,False,False,False,False,63,,45.876,,6327,,10044,,45.876,,True,3.825,3.825,3.825,3.825,3.825,3.825,3.825,3.825,3.825,3.825,3.825,3.825,0,,False,False,True,,,,,,,,,,,,,,,False,False,20.174,,106.7,,75.7,,106.7,,1144,124,,21,7,150196.5,20026.21,,Idle,,20,,10,,,20,Go Home,False,False,False,False,False,False,False,False,False,False,False,False,33.8027920380556,-117.4659261431046,4021.7,4043.5,1049.4,396.9,True,1,1,False,False,False,False,,True,False,False,Course Lock,196.8,67,16.4,93,W,S,2.9,11.4,Calm,False,False,Android,7.0.2,M300 RTK,1ZN7L4R0H1D00F,1W9DL31001461C,1ZMLH8300204F0,1Z6PH74DAP0QN7,"Corona, CA",728.3,5.7,137.7,8.547347,2.013246,0,0,DJI Matrice 300 RTK,M300 RTK,1ZN7L4R0H1D00F,1W9DL31001461C,1ZMLH8300204F0,1Z6PH74DAP0QN7,DJI Pilot,Android,7.0.2,1EF72A62-B7C3-C88D-164E-CE6F8C8424AE,1ZN7L4R0H1D00F,1W9DL31001461C,,1ZMLH8300204F0,1W9DL31001461C,,,,,
2023-11-01,11:35:58.95 AM,11m 36.6s,696.6,33.7938378858592,-117.4736647682102,-30.5,137.7,20.9,1233,5782.4,0,8.547335,0,2.23694,0,5.816044,0,1.11847,1.6,0.4,1.6,91.3,91.3,,Tripod,Other,,21,5,True,,True,False,,Smart,RC,False,True,False,,,True,,False,False,False,False,False,False,False,False,False,False,0,Follow Yaw,-77.9,0,83.1,83.1,False,False,False,False,False,,0,0,False,False,No Card,100,100,1024,1024,1024,1024,2,False,False,False,False,False,0,False,False,False,False,63,,45.876,,6327,,10044,,45.876,,True,3.825,3.825,3.825,3.825,3.825,3.825,3.825,3.825,3.825,3.825,3.825,3.825,0,,False,False,True,,,,,,,,,,,,,,,False,False,20.174,,106.7,,75.7,,106.7,,1144,124,,21,7,150196.5,20026.21,,Idle,,20,,10,,,20,Go Home,False,False,False,False,False,False,False,False,False,False,False,False,33.8027920380556,-117.4659261431046,4021.7,4043.5,1049.4,396.9,True,1,1,False,False,False,False,,True,False,False,Course Lock,196.8,67,16.4,93,W,S,2.9,11.4,Calm,False,False,Android,7.0.2,M300 RTK,1ZN7L4R0H1D00F,1W9DL31001461C,1ZMLH8300204F0,1Z6PH74DAP0QN7,"Corona, CA",728.3,5.7,137.7,8.547347,2.013246,0,0,DJI Matrice 300 RTK,M300 RTK,1ZN7L4R0H1D00F,1W9DL31001461C,1ZMLH8300204F0,1Z6PH74DAP0QN7,DJI Pilot,Android,7.0.2,1EF72A62-B7C3-C88D-164E-CE6F8C8424AE,1ZN7L4R0H1D00F,1W9DL31001461C,,1ZMLH8300204F0,1W9DL31001461C,,,,,
2023-11-01,11:35:59.06 AM,11m 36.7s,696.7,33.7938379329409,-117.4736647212045,-30.5,137.7,20.9,1233,5782.5,0,8.547335,0,2.23694,0,5.816044,0,1.11847,1.6,0.5,1.6,91.3,91.3,,Tripod,Other,,21,5,True,,True,False,,Smart,RC,False,True,False,,,True,,False,False,False,False,False,False,False,False,False,False,0,Follow Yaw,-77.9,0,83.1,83.1,False,False,False,False,False,,0,0,False,False,No Card,100,100,1024,1024,1024,1024,2,False,False,False,False,False,0,False,False,False,False,63,,45.876,,6327,,10044,,45.876,,True,3.825,3.825,3.825,3.825,3.825,3.825,3.825,3.825,3.825,3.825,3.825,3.825,0,,False,False,True,,,,,,,,,,,,,,,False,False,20.174,,106.7,,75.7,,106.7,,1144,124,,21,7,150196.5,20026.21,,Idle,,20,,10,,,20,Go Home,False,False,False,False,False,False,False,False,False,False,False,False,33.8027920380556,-117.4659261431046,4021.7,4043.5,1049.4,396.9,True,1,1,False,False,False,False,,True,False,False,Course Lock,196.8,67,16.4,93,W,S,2.9,11.4,Calm,False,False,Android,7.0.2,M300 RTK,1ZN7L4R0H1D00F,1W9DL31001461C,1ZMLH8300204F0,1Z6PH74DAP0QN7,"Corona, CA",728.3,5.7,137.7,8.547347,2.013246,0,0,DJI Matrice 300 RTK,M300 RTK,1ZN7L4R0H1D00F,1W9DL31001461C,1ZMLH8300204F0,1Z6PH74DAP0QN7,DJI Pilot,Android,7.0.2,1EF72A62-B7C3-C88D-164E-CE6F8C8424AE,1ZN7L4R0H1D00F,1W9DL31001461C,,1ZMLH8300204F0,1W9DL31001461C,,,,,
2023-11-01,11:35:59.16 AM,11m 36.8s,696.8,33.7938379282807,-117.4736646708176,-30.5,137.7,20.9,1233,5782.5,0,8.547335,0,2.23694,0,5.816044,0,1.11847,1.7,0.5,1.7,91.3,91.3,,Tripod,Other,,21,5,True,,True,False,,Smart,RC,False,True,False,,,True,,False,False,False,False,False,False,False,False,False,False,0,Follow Yaw,-77.9,0,83.1,83.1,False,False,False,False,False,,0,0,False,False,No Card,100,100,1024,1024,1024,1024,2,False,False,False,False,False,0,False,False,False,False,63,,45.876,,6327,,10044,,45.876,,True,3.825,3.825,3.825,3.825,3.825,3.825,3.825,3.825,3.825,3.825,3.825,3.825,0,,False,False,True,,,,,,,,,,,,,,,False,False,20.174,,106.7,,75.7,,106.7,,1144,124,,21,7,150196.5,20026.21,,Idle,,20,,10,,,20,Go Home,False,False,False,False,False,False,False,False,False,False,False,False,33.8027920380556,-117.4659261431046,4021.7,4043.5,1049.4,396.9,True,1,1,False,False,False,False,,True,False,False,Course Lock,196.8,67,16.4,93,W,S,2.9,11.4,Calm,False,False,Android,7.0.2,M300 RTK,1ZN7L4R0H1D00F,1W9DL31001461C,1ZMLH8300204F0,1Z6PH74DAP0QN7,"Corona, CA",728.3,5.7,137.7,8.547347,2.013246,0,0,DJI Matrice 300 RTK,M300 RTK,1ZN7L4R0H1D00F,1W9DL31001461C,1ZMLH8300204F0,1Z6PH74DAP0QN7,DJI Pilot,Android,7.0.2,1EF72A62-B7C3-C88D-164E-CE6F8C8424AE,1ZN7L4R0H1D00F,1W9DL31001461C,,1ZMLH8300204F0,1W9DL31001461C,,,,,
2023-11-01,11:35:59.26 AM,11m 36.9s,696.9,33.7938379600111,-117.4736647717562,-30.5,137.7,21.3,1233,5782.5,0,8.547335,0,2.23694,0,5.816044,0,1.11847,1.8,0.5,1.8,91.4,91.4,,Tripod,Other,,21,5,True,,True,False,,Smart,RC,False,True,False,,,True,,False,False,False,False,False,False,False,False,False,False,0,Follow Yaw,-77.9,0,83.1,83.1,False,False,False,False,False,,0,0,False,False,No Card,100,100,1024,1024,1024,1024,2,False,False,False,False,False,0,False,False,False,False,63,,45.876,,6327,,10044,,45.876,,True,3.825,3.825,3.825,3.825,3.825,3.825,3.825,3.825,3.825,3.825,3.825,3.825,0,,False,False,True,,,,,,,,,,,,,,,False,False,20.174,,106.7,,75.7,,106.7,,1144,124,,21,7,150196.5,20026.21,,Idle,,20,,10,,,20,Go Home,False,False,False,False,False,False,False,False,False,False,False,False,33.8027920380556,-117.4659261431046,4021.7,4043.5,1049.4,396.9,True,1,1,False,False,False,False,,True,False,False,Course Lock,196.8,67,16.4,93,W,S,2.9,11.4,Calm,False,True,Android,7.0.2,M300 RTK,1ZN7L4R0H1D00F,1W9DL31001461C,1ZMLH8300204F0,1Z6PH74DAP0QN7,"Corona, CA",728.3,5.7,137.7,8.547347,2.013246,0,0,DJI Matrice 300 RTK,M300 RTK,1ZN7L4R0H1D00F,1W9DL31001461C,1ZMLH8300204F0,1Z6PH74DAP0QN7,DJI Pilot,Android,7.0.2,1EF72A62-B7C3-C88D-164E-CE6F8C8424AE,1ZN7L4R0H1D00F,1W9DL31001461C,,1ZMLH8300204F0,1W9DL31001461C,,,,,
2023-11-01,11:35:59.34 AM,11m 37.0s,697.0,33.7938379601482,-117.473664740749,-30.5,137.7,21.3,1233,5782.5,0,8.547335,0,2.23694,0,5.816044,0,1.11847,1.8,0.6,1.8,91.4,91.4,,Tripod,Other,,21,5,True,,True,False,,Smart,RC,False,True,False,,,True,,False,False,False,False,False,False,False,False,False,False,0,Follow Yaw,-77.9,0,83.1,83.1,False,False,False,False,False,,0,0,False,False,No Card,100,100,1024,1024,1024,1024,2,False,False,False,False,False,0,False,False,False,False,63,,45.828,,3141,,4986,,45.828,,True,3.825,3.825,3.825,3.825,3.825,3.825,3.825,3.825,3.825,3.825,3.825,3.825,0,,False,False,True,,,,,,,,,,,,,,,False,False,10.102,,106.5,,75.7,,106.7,,1144,124,,21,7,150196.5,20026.21,,Idle,,20,,10,,,20,Go Home,False,False,False,False,False,False,False,False,False,False,False,False,33.8027920380556,-117.4659261431046,4021.7,4043.5,1049.4,396.9,True,1,1,False,False,False,False,,True,False,False,Course Lock,196.8,67,16.4,93,W,S,2.9,11.4,Calm,False,False,Android,7.0.2,M300 RTK,1ZN7L4R0H1D00F,1W9DL31001461C,1ZMLH8300204F0,1Z6PH74DAP0QN7,"Corona, CA",728.3,5.7,137.7,8.547347,2.013246,0,0,DJI Matrice 300 RTK,M300 RTK,1ZN7L4R0H1D00F,1W9DL31001461C,1ZMLH8300204F0,1Z6PH74DAP0QN7,DJI Pilot,Android,7.0.2,1EF72A62-B7C3-C88D-164E-CE6F8C8424AE,1ZN7L4R0H1D00F,1W9DL31001461C,,1ZMLH8300204F0,1W9DL31001461C,,,,,
2023-11-01,11:35:59.47 AM,11m 37.1s,697.1,33.7938381253795,-117.473664663808,-30.5,137.7,21.3,1233,5782.6,0,8.547335,0,2.23694,0,5.816044,0,1.11847,1.8,0.6,1.8,91.4,91.4,,Tripod,Other,,21,5,True,,True,False,,Smart,RC,False,True,False,,,True,,False,False,False,False,False,False,False,False,False,False,0,Follow Yaw,-77.9,0,83.1,83.1,False,False,False,False,False,,0,0,False,False,No Card,100,100,1024,1024,1024,1024,2,False,False,False,False,False,0,False,False,False,False,63,,45.828,,3141,,4986,,45.828,,True,3.825,3.825,3.825,3.825,3.825,3.825,3.825,3.825,3.825,3.825,3.825,3.825,0,,False,False,True,,,,,,,,,,,,,,,False,False,10.102,,106.5,,75.7,,106.7,,1144,124,,21,7,150196.5,20026.21,,Idle,,20,,10,,,20,Go Home,False,False,False,False,False,False,False,False,False,False,False,False,33.8027920380556,-117.4659261431046,4021.6,4043.5,1049.4,396.9,True,1,1,False,False,False,False,,True,False,False,Course Lock,196.8,67,16.4,93,W,S,2.9,11.4,Calm,False,False,Android,7.0.2,M300 RTK,1ZN7L4R0H1D00F,1W9DL31001461C,1ZMLH8300204F0,1Z6PH74DAP0QN7,"Corona, CA",728.3,5.7,137.7,8.547347,2.013246,0,0,DJI Matrice 300 RTK,M300 RTK,1ZN7L4R0H1D00F,1W9DL31001461C,1ZMLH8300204F0,1Z6PH74DAP0QN7,DJI Pilot,Android,7.0.2,1EF72A62-B7C3-C88D-164E-CE6F8C8424AE,1ZN7L4R0H1D00F,1W9DL31001461C,,1ZMLH8300204F0,1W9DL31001461C,,,,,
2023-11-01,11:35:59.57 AM,11m 37.2s,697.2,33.7938381391545,-117.4736646365942,-30.5,137.7,21.3,1233,5782.6,0,8.547335,0,2.23694,0,5.816044,0,1.11847,1.7,0.6,1.8,91.4,91.4,,Tripod,Other,,21,5,True,,True,False,,Smart,RC,False,True,False,,,True,,False,False,False,False,False,False,False,False,False,False,0,Follow Yaw,-77.9,0,83.1,83.1,False,False,False,False,False,,0,0,False,False,No Card,100,100,1024,1024,1024,1024,2,False,False,False,False,False,0,False,False,False,False,63,,45.828,,3141,,4986,,45.828,,True,3.825,3.825,3.825,3.825,3.825,3.825,3.825,3.825,3.825,3.825,3.825,3.825,0,,False,False,True,,,,,,,,,,,,,,,False,False,10.102,,106.5,,75.7,,106.7,,1144,124,,21,7,150196.5,20026.21,,Idle,,20,,10,,,20,Go Home,False,False,False,False,False,False,False,False,False,False,False,False,33.8027920380556,-117.4659261431046,4021.6,4043.5,1049.4,396.9,True,1,1,False,False,False,False,,True,False,False,Course Lock,196.8,67,16.4,93,W,S,2.9,11.4,Calm,False,False,Android,7.0.2,M300 RTK,1ZN7L4R0H1D00F,1W9DL31001461C,1ZMLH8300204F0,1Z6PH74DAP0QN7,"Corona, CA",728.3,5.7,137.7,8.547347,2.013246,0,0,DJI Matrice 300 RTK,M300 RTK,1ZN7L4R0H1D00F,1W9DL31001461C,1ZMLH8300204F0,1Z6PH74DAP0QN7,DJI Pilot,Android,7.0.2,1EF72A62-B7C3-C88D-164E-CE6F8C8424AE,1ZN7L4R0H1D00F,1W9DL31001461C,,1ZMLH8300204F0,1W9DL31001461C,,,,,
2023-11-01,11:35:59.67 AM,11m 37.3s,697.3,33.7938381139346,-117.4736645799399,-30.5,137.7,21.3,1233,5782.6,0,8.547335,0,2.23694,0,5.816044,0,1.11847,1.6,0.6,1.7,91.4,91.4,,Tripod,Other,,21,5,True,,True,False,,Smart,RC,False,True,False,,,True,,False,False,False,False,False,False,False,False,False,False,0,Follow Yaw,-77.9,0,83.1,83.1,False,False,False,False,False,,0,0,False,False,No Card,100,100,1024,1024,1024,1024,2,False,False,False,False,False,0,False,False,False,False,63,,45.828,,3141,,4986,,45.828,,True,3.824,3.824,3.824,3.824,3.824,3.824,3.824,3.824,3.824,3.824,3.824,3.824,0,,False,False,True,,,,,,,,,,,,,,,False,False,10.102,,106.5,,75.7,,106.7,,1143,124,,21,7,150359.6,20047.95,,Idle,,20,,10,,,20,Go Home,False,False,False,False,False,False,False,False,False,False,False,False,33.8027920380556,-117.4659261431046,4021.6,4043.5,1049.4,396.9,True,1,1,False,False,False,False,,True,False,False,Course Lock,196.8,67,16.4,93,W,S,2.9,11.4,Calm,False,False,Android,7.0.2,M300 RTK,1ZN7L4R0H1D00F,1W9DL31001461C,1ZMLH8300204F0,1Z6PH74DAP0QN7,"Corona, CA",728.3,5.7,137.7,8.547347,2.013246,0,0,DJI Matrice 300 RTK,M300 RTK,1ZN7L4R0H1D00F,1W9DL31001461C,1ZMLH8300204F0,1Z6PH74DAP0QN7,DJI Pilot,Android,7.0.2,1EF72A62-B7C3-C88D-164E-CE6F8C8424AE,1ZN7L4R0H1D00F,1W9DL31001461C,,1ZMLH8300204F0,1W9DL31001461C,,,,,
2023-11-01,11:35:59.77 AM,11m 37.4s,697.4,33.7938381235292,-117.4736645572617,-30.5,137.7,21.3,1233,5782.6,0,8.547335,0,2.23694,0,5.816044,0,1.11847,1.5,0.6,1.6,91.4,91.4,,Tripod,Other,,21,5,True,,True,False,,Smart,RC,False,True,False,,,True,,False,False,False,False,False,False,False,False,False,False,0,Follow Yaw,-77.9,0,83.1,83.1,False,False,False,False,False,,0,0,False,False,No Card,100,100,1024,1024,1024,1024,2,False,False,False,False,False,0,False,False,False,False,63,,45.828,,3141,,4986,,45.828,,True,3.824,3.824,3.824,3.824,3.824,3.824,3.824,3.824,3.824,3.824,3.824,3.824,0,,False,False,True,,,,,,,,,,,,,,,False,False,10.102,,106.5,,75.7,,106.7,,1143,124,,21,7,150359.6,20047.95,,Idle,,20,,10,,,20,Go Home,False,False,False,False,False,False,False,False,False,False,False,False,33.8027920380556,-117.4659261431046,4021.6,4043.5,1049.4,396.9,True,1,1,False,False,False,False,,True,False,False,Course Lock,196.8,67,16.4,93,W,S,2.9,11.4,Calm,False,False,Android,7.0.2,M300 RTK,1ZN7L4R0H1D00F,1W9DL31001461C,1ZMLH8300204F0,1Z6PH74DAP0QN7,"Corona, CA",728.3,5.7,137.7,8.547347,2.013246,0,0,DJI Matrice 300 RTK,M300 RTK,1ZN7L4R0H1D00F,1W9DL31001461C,1ZMLH8300204F0,1Z6PH74DAP0QN7,DJI Pilot,Android,7.0.2,1EF72A62-B7C3-C88D-164E-CE6F8C8424AE,1ZN7L4R0H1D00F,1W9DL31001461C,,1ZMLH8300204F0,1W9DL31001461C,,,,,
2023-11-01,11:35:59.87 AM,11m 37.5s,697.5,33.7938379329409,-117.4736646497888,-30.5,137.7,20.9,1233,5782.7,0,8.547335,0,2.23694,0,5.816044,0,1.11847,1.4,0.5,1.4,91.4,91.4,,Tripod,Other,,21,5,True,,True,False,,Smart,RC,False,True,False,,,True,,False,False,False,False,False,False,False,False,False,False,0,Follow Yaw,-77.9,0,83.1,83.1,False,False,False,False,False,,0,0,False,False,No Card,100,100,1024,1024,1024,1024,2,False,False,False,False,False,0,False,False,False,False,63,,45.828,,3141,,4986,,45.828,,True,3.824,3.824,3.824,3.824,3.824,3.824,3.824,3.824,3.824,3.824,3.824,3.824,0,,False,False,True,,,,,,,,,,,,,,,False,False,10.102,,106.5,,75.7,,106.7,,1143,124,,21,7,150359.6,20047.95,,Idle,,20,,10,,,20,Go Home,False,False,False,False,False,False,False,False,False,False,False,False,33.8027920380556,-117.4659261431046,4021.7,4043.5,1049.4,396.9,True,1,1,False,False,False,False,,True,False,False,Course Lock,196.8,67,16.4,93,W,S,2.9,11.4,Calm,False,False,Android,7.0.2,M300 RTK,1ZN7L4R0H1D00F,1W9DL31001461C,1ZMLH8300204F0,1Z6PH74DAP0QN7,"Corona, CA",728.3,5.7,137.7,8.547347,2.013246,0,0,DJI Matrice 300 RTK,M300 RTK,1ZN7L4R0H1D00F,1W9DL31001461C,1ZMLH8300204F0,1Z6PH74DAP0QN7,DJI Pilot,Android,7.0.2,1EF72A62-B7C3-C88D-164E-CE6F8C8424AE,1ZN7L4R0H1D00F,1W9DL31001461C,,1ZMLH8300204F0,1W9DL31001461C,,,,,
2023-11-01,11:35:59.98 AM,11m 37.6s,697.6,33.7938379217016,-117.4736646374188,-30.5,137.7,21.3,1233,5782.7,0,8.547335,0,2.23694,0,5.816044,0,1.11847,1.4,0.4,1.4,91.4,91.4,,Tripod,Other,,21,5,True,,True,False,,Smart,RC,False,True,False,,,True,,False,False,False,False,False,False,False,False,False,False,0,Follow Yaw,-77.9,0,83.1,83.1,False,False,False,False,False,,0,0,False,False,No Card,100,100,1024,1024,1024,1024,2,False,False,False,False,False,0,False,False,False,False,63,,45.828,,3141,,4986,,45.828,,True,3.824,3.824,3.824,3.824,3.824,3.824,3.824,3.824,3.824,3.824,3.824,3.824,0,,False,False,True,,,,,,,,,,,,,,,False,False,10.102,,106.5,,75.7,,106.7,,1143,124,,21,7,150359.6,20047.95,,Idle,,20,,10,,,20,Go Home,False,False,False,False,False,False,False,False,False,False,False,False,33.8027920380556,-117.4659261431046,4021.7,4043.5,1049.4,396.9,True,1,1,False,False,False,False,,True,False,False,Course Lock,196.8,67,16.4,93,W,S,2.9,11.4,Calm,False,False,Android,7.0.2,M300 RTK,1ZN7L4R0H1D00F,1W9DL31001461C,1ZMLH8300204F0,1Z6PH74DAP0QN7,"Corona, CA",728.3,5.7,137.7,8.547347,2.013246,0,0,DJI Matrice 300 RTK,M300 RTK,1ZN7L4R0H1D00F,1W9DL31001461C,1ZMLH8300204F0,1Z6PH74DAP0QN7,DJI Pilot,Android,7.0.2,1EF72A62-B7C3-C88D-164E-CE6F8C8424AE,1ZN7L4R0H1D00F,1W9DL31001461C,,1ZMLH8300204F0,1W9DL31001461C,,,,,
2023-11-01,11:36:00.04 AM,11m 37.7s,697.7,33.7938380837804,-117.4736645246876,-30.5,137.7,20.9,1233,5782.8,0,8.547335,0,2.23694,0,5.816044,0,1.11847,1.3,0.5,1.3,91.4,91.4,,Tripod,Other,,21,5,True,,True,False,,Smart,RC,False,True,False,,,True,,False,False,False,False,False,False,False,False,False,False,0,Follow Yaw,-77.9,0,83.1,83.1,False,False,False,False,False,,0,0,False,False,No Card,100,100,1024,1024,1024,1024,2,False,False,False,False,False,0,False,False,False,False,63,,45.828,,3141,,4986,,45.828,,True,3.824,3.824,3.824,3.824,3.824,3.824,3.824,3.824,3.824,3.824,3.824,3.824,0,,False,False,True,,,,,,,,,,,,,,,False,False,10.102,,106.5,,75.7,,106.7,,1143,124,,21,7,150359.6,20047.95,,Idle,,20,,10,,,20,Go Home,False,False,False,False,False,False,False,False,False,False,False,False,33.8027920380556,-117.4659261431046,4021.6,4043.5,1049.4,396.9,True,1,1,False,False,False,False,,True,False,False,Course Lock,196.8,67,16.4,93,W,S,2.9,11.4,Calm,False,False,Android,7.0.2,M300 RTK,1ZN7L4R0H1D00F,1W9DL31001461C,1ZMLH8300204F0,1Z6PH74DAP0QN7,"Corona, CA",728.3,5.7,137.7,8.547347,2.013246,0,0,DJI Matrice 300 RTK,M300 RTK,1ZN7L4R0H1D00F,1W9DL31001461C,1ZMLH8300204F0,1Z6PH74DAP0QN7,DJI Pilot,Android,7.0.2,1EF72A62-B7C3-C88D-164E-CE6F8C8424AE,1ZN7L4R0H1D00F,1W9DL31001461C,,1ZMLH8300204F0,1W9DL31001461C,,,,,
2023-11-01,11:36:00.14 AM,11m 37.8s,697.8,33.7938380903596,-117.4736645021743,-30.5,137.7,20.9,1233,5782.8,0,8.547335,0,2.23694,0,5.816044,0,1.11847,1.3,0.5,1.3,91.4,91.4,,Tripod,Other,,21,5,True,,True,False,,Smart,RC,False,True,False,,,True,,False,False,False,False,False,False,False,False,False,False,0,Follow Yaw,-77.9,0,83.1,83.1,False,False,False,False,False,,0,0,False,False,No Card,100,100,1024,1024,1024,1024,2,False,False,False,False,False,0,False,False,False,False,63,,45.828,,3141,,4986,,45.828,,True,3.824,3.824,3.824,3.824,3.824,3.824,3.824,3.824,3.824,3.824,3.824,3.824,0,,False,False,True,,,,,,,,,,,,,,,False,False,10.102,,106.5,,75.7,,106.7,,1143,124,,21,7,150359.6,20047.95,,Idle,,20,,10,,,20,Go Home,False,False,False,False,False,False,False,False,False,False,False,False,33.8027920380556,-117.4659261431046,4021.6,4043.5,1049.4,396.9,True,1,1,False,False,False,False,,True,False,False,Course Lock,196.8,67,16.4,93,W,S,2.9,11.4,Calm,False,False,Android,7.0.2,M300 RTK,1ZN7L4R0H1D00F,1W9DL31001461C,1ZMLH8300204F0,1Z6PH74DAP0QN7,"Corona, CA",728.3,5.7,137.7,8.547347,2.013246,0,0,DJI Matrice 300 RTK,M300 RTK,1ZN7L4R0H1D00F,1W9DL31001461C,1ZMLH8300204F0,1Z6PH74DAP0QN7,DJI Pilot,Android,7.0.2,1EF72A62-B7C3-C88D-164E-CE6F8C8424AE,1ZN7L4R0H1D00F,1W9DL31001461C,,1ZMLH8300204F0,1W9DL31001461C,,,,,
2023-11-01,11:36:00.24 AM,11m 37.9s,697.9,33.793838080765,-117.4736645425828,-30.5,137.7,20.9,1233,5782.8,0,8.547335,0,2.23694,0,5.816044,0,1.11847,1.2,0.4,1.2,91.4,91.4,,Tripod,Other,,21,5,True,,True,False,,Smart,RC,False,True,False,,,True,,False,False,False,False,False,False,False,False,False,False,0,Follow Yaw,-77.9,0,83.1,83.1,False,False,False,False,False,,0,0,False,False,No Card,100,100,1024,1024,1024,1024,2,False,False,False,False,False,0,False,False,False,False,63,,45.828,,3141,,4986,,45.828,,True,3.824,3.824,3.824,3.824,3.824,3.824,3.824,3.824,3.824,3.824,3.824,3.824,0,,False,False,True,,,,,,,,,,,,,,,False,False,10.102,,106.5,,75.7,,106.7,,1143,124,,21,7,150359.6,20047.95,,Idle,,20,,10,,,20,Go Home,False,False,False,False,False,False,False,False,False,False,False,False,33.8027920380556,-117.4659261431046,4021.6,4043.5,1049.4,396.9,True,1,1,False,False,False,False,,True,False,False,Course Lock,196.8,67,16.4,93,W,S,2.9,11.4,Calm,False,True,Android,7.0.2,M300 RTK,1ZN7L4R0H1D00F,1W9DL31001461C,1ZMLH8300204F0,1Z6PH74DAP0QN7,"Corona, CA",728.3,5.7,137.7,8.547347,2.013246,0,0,DJI Matrice 300 RTK,M300 RTK,1ZN7L4R0H1D00F,1W9DL31001461C,1ZMLH8300204F0,1Z6PH74DAP0QN7,DJI Pilot,Android,7.0.2,1EF72A62-B7C3-C88D-164E-CE6F8C8424AE,1ZN7L4R0H1D00F,1W9DL31001461C,,1ZMLH8300204F0,1W9DL31001461C,,,,,
2023-11-01,11:36:00.34 AM,11m 38.0s,698.0,33.7938380870015,-117.4736645195746,-30.5,137.7,21.3,1233,5782.8,0,8.547335,0,2.23694,0,5.816044,0,1.11847,1.2,0.3,1.2,91.3,91.3,,Tripod,Other,,21,5,True,,True,False,,Smart,RC,False,True,False,,,True,,False,False,False,False,False,False,False,False,False,False,0,Follow Yaw,-77.9,0,83.1,83.1,False,False,False,False,False,,0,0,False,False,No Card,100,100,1024,1024,1024,1024,2,False,False,False,False,False,0,False,False,False,False,63,,45.864,,6327,,10044,,45.864,,True,3.824,3.824,3.824,3.824,3.824,3.824,3.824,3.824,3.824,3.824,3.824,3.824,0,,False,False,True,,,,,,,,,,,,,,,False,False,20.036,,106.7,,75.7,,106.7,,1143,124,,21,7,150359.6,20047.95,,Idle,,20,,10,,,20,Go Home,False,False,False,False,False,False,False,False,False,False,False,False,33.8027920380556,-117.4659261431046,4021.6,4043.5,1049.4,396.9,True,1,1,False,False,False,False,,True,False,False,Course Lock,196.8,67,16.4,93,W,S,2.9,11.4,Calm,False,False,Android,7.0.2,M300 RTK,1ZN7L4R0H1D00F,1W9DL31001461C,1ZMLH8300204F0,1Z6PH74DAP0QN7,"Corona, CA",728.3,5.7,137.7,8.547347,2.013246,0,0,DJI Matrice 300 RTK,M300 RTK,1ZN7L4R0H1D00F,1W9DL31001461C,1ZMLH8300204F0,1Z6PH74DAP0QN7,DJI Pilot,Android,7.0.2,1EF72A62-B7C3-C88D-164E-CE6F8C8424AE,1ZN7L4R0H1D00F,1W9DL31001461C,,1ZMLH8300204F0,1W9DL31001461C,,,,,
2023-11-01,11:36:00.44 AM,11m 38.1s,698.1,33.7938380876868,-117.4736645433249,-30.5,137.7,21.3,1233,5782.8,0,8.547335,0,2.23694,0,5.816044,0,1.11847,1.3,0.1,1.3,91.3,91.3,,Tripod,Other,,21,5,True,,True,False,,Smart,RC,False,True,False,,,True,,False,False,False,False,False,False,False,False,False,False,0,Follow Yaw,-77.9,0,83.1,83.1,False,False,False,False,False,,0,0,False,False,No Card,100,100,1024,1024,1024,1024,2,False,False,False,False,False,0,False,False,False,False,63,,45.864,,6327,,10044,,45.864,,True,3.824,3.824,3.824,3.824,3.824,3.824,3.824,3.824,3.824,3.824,3.824,3.824,0,,False,False,True,,,,,,,,,,,,,,,False,False,20.036,,106.7,,75.7,,106.7,,1143,124,,21,7,150359.6,20047.95,,Idle,,20,,10,,,20,Go Home,False,False,False,False,False,False,False,False,False,False,False,False,33.8027920380556,-117.4659261431046,4021.6,4043.5,1049.4,396.9,True,1,1,False,False,False,False,,True,False,False,Course Lock,196.8,67,16.4,93,W,S,2.9,11.4,Calm,False,True,Android,7.0.2,M300 RTK,1ZN7L4R0H1D00F,1W9DL31001461C,1ZMLH8300204F0,1Z6PH74DAP0QN7,"Corona, CA",728.3,5.7,137.7,8.547347,2.013246,0,0,DJI Matrice 300 RTK,M300 RTK,1ZN7L4R0H1D00F,1W9DL31001461C,1ZMLH8300204F0,1Z6PH74DAP0QN7,DJI Pilot,Android,7.0.2,1EF72A62-B7C3-C88D-164E-CE6F8C8424AE,1ZN7L4R0H1D00F,1W9DL31001461C,,1ZMLH8300204F0,1W9DL31001461C,,,,,
2023-11-01,11:36:00.54 AM,11m 38.2s,698.2,33.7938381035863,-117.4736645203169,-30.5,137.7,21.3,1233,5782.8,0,8.547335,0,2.23694,0,5.816044,0,1.11847,1.4,0.2,1.4,91.3,91.3,,Tripod,Other,,21,5,True,,True,False,,Smart,RC,False,True,False,,,True,,False,False,False,False,False,False,False,False,False,False,0,Follow Yaw,-77.9,0,83.1,83.1,False,False,False,False,False,,0,0,False,False,No Card,100,100,1024,1024,1024,1024,2,False,False,False,False,False,0,False,False,False,False,63,,45.864,,6327,,10044,,45.864,,True,3.824,3.824,3.824,3.824,3.824,3.824,3.824,3.824,3.824,3.824,3.824,3.824,0,,False,False,True,,,,,,,,,,,,,,,False,False,20.036,,106.7,,75.7,,106.7,,1143,124,,21,7,150359.6,20047.95,,Idle,,20,,10,,,20,Go Home,False,False,False,False,False,False,False,False,False,False,False,False,33.8027920380556,-117.4659261431046,4021.6,4043.5,1049.4,396.9,True,1,1,False,False,False,False,,True,False,False,Course Lock,196.8,67,16.4,93,W,S,2.9,11.4,Calm,False,False,Android,7.0.2,M300 RTK,1ZN7L4R0H1D00F,1W9DL31001461C,1ZMLH8300204F0,1Z6PH74DAP0QN7,"Corona, CA",728.3,5.7,137.7,8.547347,2.013246,0,0,DJI Matrice 300 RTK,M300 RTK,1ZN7L4R0H1D00F,1W9DL31001461C,1ZMLH8300204F0,1Z6PH74DAP0QN7,DJI Pilot,Android,7.0.2,1EF72A62-B7C3-C88D-164E-CE6F8C8424AE,1ZN7L4R0H1D00F,1W9DL31001461C,,1ZMLH8300204F0,1W9DL31001461C,,,,,
2023-11-01,11:36:00.64 AM,11m 38.3s,698.3,33.7938382761506,-117.4736645451392,-30.5,137.7,21.3,1233,5782.9,0,8.547335,0,2.23694,0,5.816044,0,1.11847,1.4,0.5,1.4,91.3,91.3,,Tripod,Other,,21,5,True,,True,False,,Smart,RC,False,True,False,,,True,,False,False,False,False,False,False,False,False,False,False,0,Follow Yaw,-77.9,0,83.1,83.1,False,False,False,False,False,,0,0,False,False,No Card,100,100,1024,1024,1024,1024,2,False,False,False,False,False,0,False,False,False,False,63,,45.864,,6327,,10044,,45.864,,True,3.823,3.823,3.823,3.823,3.823,3.823,3.823,3.823,3.823,3.823,3.823,3.823,0,,False,False,True,,,,,,,,,,,,,,,False,False,20.036,,106.7,,75.7,,106.7,,1142,124,,21,7,150517.0,20068.93,,Idle,,20,,10,,,20,Go Home,False,False,False,False,False,False,False,False,False,False,False,False,33.8027920380556,-117.4659261431046,4021.5,4043.5,1049.4,396.9,True,1,1,False,False,False,False,,True,False,False,Course Lock,196.8,67,16.4,93,W,S,2.9,11.4,Calm,False,False,Android,7.0.2,M300 RTK,1ZN7L4R0H1D00F,1W9DL31001461C,1ZMLH8300204F0,1Z6PH74DAP0QN7,"Corona, CA",728.3,5.7,137.7,8.547347,2.013246,0,0,DJI Matrice 300 RTK,M300 RTK,1ZN7L4R0H1D00F,1W9DL31001461C,1ZMLH8300204F0,1Z6PH74DAP0QN7,DJI Pilot,Android,7.0.2,1EF72A62-B7C3-C88D-164E-CE6F8C8424AE,1ZN7L4R0H1D00F,1W9DL31001461C,,1ZMLH8300204F0,1W9DL31001461C,,,,,
2023-11-01,11:36:00.74 AM,11m 38.4s,698.4,33.7938383143916,-117.4736645243577,-30.5,137.7,21.3,1233,5782.9,0,8.547335,0,2.23694,0,5.816044,0,1.11847,1.4,0.7,1.5,91.2,91.2,,Tripod,Other,,21,5,True,,True,False,,Smart,RC,False,True,False,,,True,,False,False,False,False,False,False,False,False,False,False,0,Follow Yaw,-77.9,0,83.1,83.1,False,False,False,False,False,,0,0,False,False,No Card,100,100,1024,1024,1024,1024,2,False,False,False,False,False,0,False,False,False,False,63,,45.864,,6327,,10044,,45.864,,True,3.823,3.823,3.823,3.823,3.823,3.823,3.823,3.823,3.823,3.823,3.823,3.823,0,,False,False,True,,,,,,,,,,,,,,,False,False,20.036,,106.7,,75.7,,106.7,,1142,124,,21,7,150517.0,20068.93,,Idle,,20,,10,,,20,Go Home,False,False,False,False,False,False,False,False,False,False,False,False,33.8027920380556,-117.4659261431046,4021.5,4043.5,1049.4,396.9,True,1,1,False,False,False,False,,True,False,False,Course Lock,196.8,67,16.4,93,W,S,2.9,11.4,Calm,False,False,Android,7.0.2,M300 RTK,1ZN7L4R0H1D00F,1W9DL31001461C,1ZMLH8300204F0,1Z6PH74DAP0QN7,"Corona, CA",728.3,5.7,137.7,8.547347,2.013246,0,0,DJI Matrice 300 RTK,M300 RTK,1ZN7L4R0H1D00F,1W9DL31001461C,1ZMLH8300204F0,1Z6PH74DAP0QN7,DJI Pilot,Android,7.0.2,1EF72A62-B7C3-C88D-164E-CE6F8C8424AE,1ZN7L4R0H1D00F,1W9DL31001461C,,1ZMLH8300204F0,1W9DL31001461C,,,,,
2023-11-01,11:36:00.84 AM,11m 38.5s,698.5,33.7938381375783,-117.4736643987617,-30.5,137.7,21.3,1233,5783.0,0,8.547335,0,2.23694,0,5.816044,0,1.11847,1.3,0.7,1.4,91.1,91.1,,Tripod,Other,,21,5,True,,True,False,,Smart,RC,False,True,False,,,True,,False,False,False,False,False,False,False,False,False,False,0,Follow Yaw,-77.9,0,83.1,83.1,False,False,False,False,False,,0,0,False,False,No Card,100,100,1024,1024,1024,1024,2,False,False,False,False,False,0,False,False,False,False,63,,45.864,,6327,,10044,,45.864,,True,3.823,3.823,3.823,3.823,3.823,3.823,3.823,3.823,3.823,3.823,3.823,3.823,0,,False,False,True,,,,,,,,,,,,,,,False,False,20.036,,106.7,,75.7,,106.7,,1142,124,,21,7,150517.0,20068.93,,Idle,,20,,10,,,20,Go Home,False,False,False,False,False,False,False,False,False,False,False,False,33.8027920380556,-117.4659261431046,4021.6,4043.5,1049.4,396.9,True,1,1,False,False,False,False,,True,False,False,Course Lock,196.8,67,16.4,93,W,S,2.9,11.4,Calm,False,False,Android,7.0.2,M300 RTK,1ZN7L4R0H1D00F,1W9DL31001461C,1ZMLH8300204F0,1Z6PH74DAP0QN7,"Corona, CA",728.3,5.7,137.7,8.547347,2.013246,0,0,DJI Matrice 300 RTK,M300 RTK,1ZN7L4R0H1D00F,1W9DL31001461C,1ZMLH8300204F0,1Z6PH74DAP0QN7,DJI Pilot,Android,7.0.2,1EF72A62-B7C3-C88D-164E-CE6F8C8424AE,1ZN7L4R0H1D00F,1W9DL31001461C,,1ZMLH8300204F0,1W9DL31001461C,,,,,
2023-11-01,11:36:00.94 AM,11m 38.6s,698.6,33.7938381509421,-117.4736643653629,-30.5,137.7,21.3,1233,5783.0,0,8.547335,0,2.23694,0,5.816044,0,1.11847,1.2,0.5,1.3,91.1,91.1,,Tripod,Other,,21,5,True,,True,False,,Smart,RC,False,True,False,,,True,,False,False,False,False,False,False,False,False,False,False,0,Follow Yaw,-77.9,0,83.1,83.1,False,False,False,False,False,,0,0,False,False,No Card,100,100,1024,1024,1024,1024,2,False,False,False,False,False,0,False,False,False,False,63,,45.864,,6327,,10044,,45.864,,True,3.823,3.823,3.823,3.823,3.823,3.823,3.823,3.823,3.823,3.823,3.823,3.823,0,,False,False,True,,,,,,,,,,,,,,,False,False,20.036,,106.7,,75.7,,106.7,,1142,124,,21,7,150517.0,20068.93,,Idle,,20,,10,,,20,Go Home,False,False,False,False,False,False,False,False,False,False,False,False,33.8027920380556,-117.4659261431046,4021.6,4043.5,1049.4,396.9,True,1,1,False,False,False,False,,True,False,False,Course Lock,196.8,67,16.4,93,W,S,2.9,11.4,Calm,False,False,Android,7.0.2,M300 RTK,1ZN7L4R0H1D00F,1W9DL31001461C,1ZMLH8300204F0,1Z6PH74DAP0QN7,"Corona, CA",728.3,5.7,137.7,8.547347,2.013246,0,0,DJI Matrice 300 RTK,M300 RTK,1ZN7L4R0H1D00F,1W9DL31001461C,1ZMLH8300204F0,1Z6PH74DAP0QN7,DJI Pilot,Android,7.0.2,1EF72A62-B7C3-C88D-164E-CE6F8C8424AE,1ZN7L4R0H1D00F,1W9DL31001461C,,1ZMLH8300204F0,1W9DL31001461C,,,,,
2023-11-01,11:36:01.04 AM,11m 38.7s,698.7,33.7938382773156,-117.4736644162446,-30.5,137.7,20.9,1233,5783.0,0,8.547335,0,2.23694,0,5.816044,0,1.11847,1.3,0.5,1.3,91,91,,Tripod,Other,,21,5,True,,True,False,,Smart,RC,False,True,False,,,True,,False,False,False,False,False,False,False,False,False,False,0,Follow Yaw,-77.9,0,83.1,83.1,False,False,False,False,False,,0,0,False,False,No Card,100,100,1024,1024,1024,1024,2,False,False,False,False,False,0,False,False,False,False,63,,45.816,,3141,,4986,,45.816,,True,3.823,3.823,3.823,3.823,3.823,3.823,3.823,3.823,3.823,3.823,3.823,3.823,0,,False,False,True,,,,,,,,,,,,,,,False,False,10.102,,106.5,,75.7,,106.7,,1142,124,,21,7,150517.0,20068.93,,Idle,,20,,10,,,20,Go Home,False,False,False,False,False,False,False,False,False,False,False,False,33.8027920380556,-117.4659261431046,4021.5,4043.5,1049.4,396.9,True,1,1,False,False,False,False,,True,False,False,Course Lock,196.8,67,16.4,93,W,S,2.9,11.4,Calm,False,False,Android,7.0.2,M300 RTK,1ZN7L4R0H1D00F,1W9DL31001461C,1ZMLH8300204F0,1Z6PH74DAP0QN7,"Corona, CA",728.3,5.7,137.7,8.547347,2.013246,0,0,DJI Matrice 300 RTK,M300 RTK,1ZN7L4R0H1D00F,1W9DL31001461C,1ZMLH8300204F0,1Z6PH74DAP0QN7,DJI Pilot,Android,7.0.2,1EF72A62-B7C3-C88D-164E-CE6F8C8424AE,1ZN7L4R0H1D00F,1W9DL31001461C,,1ZMLH8300204F0,1W9DL31001461C,,,,,
2023-11-01,11:36:01.14 AM,11m 38.8s,698.8,33.7938382996572,-117.473664382186,-30.5,137.7,21.3,1233,5783.0,0,8.547335,0,2.23694,0,5.816044,0,1.11847,1.5,0.5,1.5,91,91,,Tripod,Other,,21,5,True,,True,False,,Smart,RC,False,True,False,,,True,,False,False,False,False,False,False,False,False,False,False,0,Follow Yaw,-77.9,0,83.1,83.1,False,False,False,False,False,,0,0,False,False,No Card,100,100,1024,1024,1024,1024,2,False,False,False,False,False,0,False,False,False,False,63,,45.816,,3141,,4986,,45.816,,True,3.823,3.823,3.823,3.823,3.823,3.823,3.823,3.823,3.823,3.823,3.823,3.823,0,,False,False,True,,,,,,,,,,,,,,,False,False,10.102,,106.5,,75.7,,106.7,,1142,124,,21,7,150517.0,20068.93,,Idle,,20,,10,,,20,Go Home,False,False,False,False,False,False,False,False,False,False,False,False,33.8027920380556,-117.4659261431046,4021.5,4043.5,1049.4,396.9,True,1,1,False,False,False,False,,True,False,False,Course Lock,196.8,67,16.4,93,W,S,2.9,11.4,Calm,False,False,Android,7.0.2,M300 RTK,1ZN7L4R0H1D00F,1W9DL31001461C,1ZMLH8300204F0,1Z6PH74DAP0QN7,"Corona, CA",728.3,5.7,137.7,8.547347,2.013246,0,0,DJI Matrice 300 RTK,M300 RTK,1ZN7L4R0H1D00F,1W9DL31001461C,1ZMLH8300204F0,1Z6PH74DAP0QN7,DJI Pilot,Android,7.0.2,1EF72A62-B7C3-C88D-164E-CE6F8C8424AE,1ZN7L4R0H1D00F,1W9DL31001461C,,1ZMLH8300204F0,1W9DL31001461C,,,,,
2023-11-01,11:36:01.20 AM,11m 38.9s,698.9,33.7938382403082,-117.4736642757222,-30.5,137.7,21.3,1233,5783.1,0,8.547335,0,2.23694,0,5.816044,0,1.11847,1.7,0.7,1.8,91,91,,Tripod,Other,,21,5,True,,True,False,,Smart,RC,False,True,False,,,True,,False,False,False,False,False,False,False,False,False,False,0,Follow Yaw,-77.9,0,83.1,83.1,False,False,False,False,False,,0,0,False,False,No Card,100,100,1024,1024,1024,1024,2,False,False,False,False,False,0,False,False,False,False,63,,45.816,,3141,,4986,,45.816,,True,3.823,3.823,3.823,3.823,3.823,3.823,3.823,3.823,3.823,3.823,3.823,3.823,0,,False,False,True,,,,,,,,,,,,,,,False,False,10.102,,106.5,,75.7,,106.7,,1142,124,,21,7,150517.0,20068.93,,Idle,,20,,10,,,20,Go Home,False,False,False,False,False,False,False,False,False,False,False,False,33.8027920380556,-117.4659261431046,4021.5,4043.5,1049.4,396.9,True,1,1,False,False,False,False,,True,False,False,Course Lock,196.8,67,16.4,93,W,S,2.9,11.4,Calm,False,False,Android,7.0.2,M300 RTK,1ZN7L4R0H1D00F,1W9DL31001461C,1ZMLH8300204F0,1Z6PH74DAP0QN7,"Corona, CA",728.3,5.7,137.7,8.547347,2.013246,0,0,DJI Matrice 300 RTK,M300 RTK,1ZN7L4R0H1D00F,1W9DL31001461C,1ZMLH8300204F0,1Z6PH74DAP0QN7,DJI Pilot,Android,7.0.2,1EF72A62-B7C3-C88D-164E-CE6F8C8424AE,1ZN7L4R0H1D00F,1W9DL31001461C,,1ZMLH8300204F0,1W9DL31001461C,,,,,
2023-11-01,11:36:01.34 AM,11m 39.0s,699.0,33.7938382529867,-117.4736642367157,-30.5,137.7,21.3,1233,5783.1,0,8.547335,0,2.23694,0,5.816044,0,1.11847,1.8,0.7,1.9,91,91,,Tripod,Other,,21,5,True,,True,False,,Smart,RC,False,True,False,,,True,,False,False,False,False,False,False,False,False,False,False,0,Follow Yaw,-77.9,0,83.1,83.1,False,False,False,False,False,,0,0,False,False,No Card,100,100,1024,1024,1024,1024,2,False,False,False,False,False,0,False,False,False,False,63,,45.864,,6327,,10044,,45.864,,True,3.823,3.823,3.823,3.823,3.823,3.823,3.823,3.823,3.823,3.823,3.823,3.823,0,,False,False,True,,,,,,,,,,,,,,,False,False,20.166,,106.8,,75.7,,106.8,,1142,124,,21,7,150517.0,20068.93,,Idle,,20,,10,,,20,Go Home,False,False,False,False,False,False,False,False,False,False,False,False,33.8027920380556,-117.4659261431046,4021.5,4043.5,1049.4,396.9,True,1,1,False,False,False,False,,True,False,False,Course Lock,196.8,67,16.4,93,W,S,2.9,11.4,Calm,False,False,Android,7.0.2,M300 RTK,1ZN7L4R0H1D00F,1W9DL31001461C,1ZMLH8300204F0,1Z6PH74DAP0QN7,"Corona, CA",728.3,5.7,137.7,8.547347,2.013246,0,0,DJI Matrice 300 RTK,M300 RTK,1ZN7L4R0H1D00F,1W9DL31001461C,1ZMLH8300204F0,1Z6PH74DAP0QN7,DJI Pilot,Android,7.0.2,1EF72A62-B7C3-C88D-164E-CE6F8C8424AE,1ZN7L4R0H1D00F,1W9DL31001461C,,1ZMLH8300204F0,1W9DL31001461C,,,,,
2023-11-01,11:36:01.44 AM,11m 39.1s,699.1,33.7938382228325,-117.4736641565585,-30.5,137.7,21.3,1233,5783.1,0,8.547335,0,2.23694,0,5.816044,0,1.11847,1.8,0.7,1.9,91,91,,Tripod,Other,,21,5,True,,True,False,,Smart,RC,False,True,False,,,True,,False,False,False,False,False,False,False,False,False,False,0,Follow Yaw,-77.9,0,83.1,83.1,False,False,False,False,False,,0,0,False,False,No Card,100,100,1024,1024,1024,1024,2,False,False,False,False,False,0,False,False,False,False,63,,45.864,,6327,,10044,,45.864,,True,3.823,3.823,3.823,3.823,3.823,3.823,3.823,3.823,3.823,3.823,3.823,3.823,0,,False,False,True,,,,,,,,,,,,,,,False,False,20.166,,106.8,,75.7,,106.8,,1142,124,,21,7,150517.0,20068.93,,Idle,,20,,10,,,20,Go Home,False,False,False,False,False,False,False,False,False,False,False,False,33.8027920380556,-117.4659261431046,4021.5,4043.5,1049.4,396.9,True,1,1,False,False,False,False,,True,False,False,Course Lock,196.8,67,16.4,93,W,S,2.9,11.4,Calm,False,False,Android,7.0.2,M300 RTK,1ZN7L4R0H1D00F,1W9DL31001461C,1ZMLH8300204F0,1Z6PH74DAP0QN7,"Corona, CA",728.3,5.7,137.7,8.547347,2.013246,0,0,DJI Matrice 300 RTK,M300 RTK,1ZN7L4R0H1D00F,1W9DL31001461C,1ZMLH8300204F0,1Z6PH74DAP0QN7,DJI Pilot,Android,7.0.2,1EF72A62-B7C3-C88D-164E-CE6F8C8424AE,1ZN7L4R0H1D00F,1W9DL31001461C,,1ZMLH8300204F0,1W9DL31001461C,,,,,
2023-11-01,11:36:01.54 AM,11m 39.2s,699.2,33.7938382262591,-117.473664118789,-30.5,137.7,20.9,1233,5783.1,0,8.547335,0,2.23694,0,5.816044,0,1.11847,1.7,0.6,1.8,91,91,,Tripod,Other,,21,5,True,,True,False,,Smart,RC,False,True,False,,,True,,False,False,False,False,False,False,False,False,False,False,0,Follow Yaw,-77.9,0,83.1,83.1,False,False,False,False,False,,0,0,False,False,No Card,100,100,1024,1024,1024,1024,2,False,False,False,False,False,0,False,False,False,False,63,,45.864,,6327,,10044,,45.864,,True,3.823,3.823,3.823,3.823,3.823,3.823,3.823,3.823,3.823,3.823,3.823,3.823,0,,False,False,True,,,,,,,,,,,,,,,False,False,20.166,,106.8,,75.7,,106.8,,1142,124,,21,7,150517.0,20068.93,,Idle,,20,,10,,,20,Go Home,False,False,False,False,False,False,False,False,False,False,False,False,33.8027920380556,-117.4659261431046,4021.5,4043.5,1049.4,396.9,True,1,1,False,False,False,False,,True,False,False,Course Lock,196.8,67,16.4,93,W,S,2.9,11.4,Calm,False,False,Android,7.0.2,M300 RTK,1ZN7L4R0H1D00F,1W9DL31001461C,1ZMLH8300204F0,1Z6PH74DAP0QN7,"Corona, CA",728.3,5.7,137.7,8.547347,2.013246,0,0,DJI Matrice 300 RTK,M300 RTK,1ZN7L4R0H1D00F,1W9DL31001461C,1ZMLH8300204F0,1Z6PH74DAP0QN7,DJI Pilot,Android,7.0.2,1EF72A62-B7C3-C88D-164E-CE6F8C8424AE,1ZN7L4R0H1D00F,1W9DL31001461C,,1ZMLH8300204F0,1W9DL31001461C,,,,,
2023-11-01,11:36:01.64 AM,11m 39.3s,699.3,33.7938381947342,-117.4736640633718,-30.5,137.7,20.9,1233,5783.1,0,8.547335,0,2.23694,0,5.816044,0,1.11847,1.6,0.5,1.6,91.1,91.1,,Tripod,Other,,21,5,True,,True,False,,Smart,RC,False,True,False,,,True,,False,False,False,False,False,False,False,False,False,False,0,Follow Yaw,-77.9,0,83.1,83.1,False,False,False,False,False,,0,0,False,False,No Card,100,100,1024,1024,1024,1024,2,False,False,False,False,False,0,False,False,False,False,63,,45.864,,6327,,10044,,45.864,,True,3.823,3.823,3.823,3.823,3.823,3.823,3.823,3.823,3.823,3.823,3.823,3.823,0,,False,False,True,,,,,,,,,,,,,,,False,False,20.166,,106.8,,75.7,,106.8,,1141,124,,21,7,150637.2,20084.96,,Idle,,20,,10,,,20,Go Home,False,False,False,False,False,False,False,False,False,False,False,False,33.8027920380556,-117.4659261431046,4021.5,4043.5,1049.4,396.9,True,1,1,False,False,False,False,,True,False,False,Course Lock,196.8,67,16.4,93,W,S,2.9,11.4,Calm,False,False,Android,7.0.2,M300 RTK,1ZN7L4R0H1D00F,1W9DL31001461C,1ZMLH8300204F0,1Z6PH74DAP0QN7,"Corona, CA",728.3,5.7,137.7,8.547347,2.013246,0,0,DJI Matrice 300 RTK,M300 RTK,1ZN7L4R0H1D00F,1W9DL31001461C,1ZMLH8300204F0,1Z6PH74DAP0QN7,DJI Pilot,Android,7.0.2,1EF72A62-B7C3-C88D-164E-CE6F8C8424AE,1ZN7L4R0H1D00F,1W9DL31001461C,,1ZMLH8300204F0,1W9DL31001461C,,,,,
2023-11-01,11:36:01.74 AM,11m 39.4s,699.4,33.7938381972699,-117.4736640229633,-30.5,137.7,20.9,1233,5783.2,0,8.547335,0,2.23694,0,5.816044,0,1.11847,1.4,0.4,1.4,91.1,91.1,,Tripod,Other,,21,5,True,,True,False,,Smart,RC,False,True,False,,,True,,False,False,False,False,False,False,False,False,False,False,0,Follow Yaw,-77.9,0,83.1,83.1,False,False,False,False,False,,0,0,False,False,No Card,100,100,1024,1024,1024,1024,2,False,False,False,False,False,0,False,False,False,False,63,,45.864,,6327,,10044,,45.864,,True,3.823,3.823,3.823,3.823,3.823,3.823,3.823,3.823,3.823,3.823,3.823,3.823,0,,False,False,True,,,,,,,,,,,,,,,False,False,20.166,,106.8,,75.7,,106.8,,1141,124,,21,7,150637.2,20084.96,,Idle,,20,,10,,,20,Go Home,False,False,False,False,False,False,False,False,False,False,False,False,33.8027920380556,-117.4659261431046,4021.5,4043.5,1049.4,396.9,True,1,1,False,False,False,False,,True,False,False,Course Lock,196.8,67,16.4,93,W,S,2.9,11.4,Calm,False,False,Android,7.0.2,M300 RTK,1ZN7L4R0H1D00F,1W9DL31001461C,1ZMLH8300204F0,1Z6PH74DAP0QN7,"Corona, CA",728.3,5.7,137.7,8.547347,2.013246,0,0,DJI Matrice 300 RTK,M300 RTK,1ZN7L4R0H1D00F,1W9DL31001461C,1ZMLH8300204F0,1Z6PH74DAP0QN7,DJI Pilot,Android,7.0.2,1EF72A62-B7C3-C88D-164E-CE6F8C8424AE,1ZN7L4R0H1D00F,1W9DL31001461C,,1ZMLH8300204F0,1W9DL31001461C,,,,,
2023-11-01,11:36:01.81 AM,11m 39.5s,699.5,33.7938381816446,-117.4736639588046,-30.5,137.7,20.9,1233,5783.2,0,8.547335,0,2.23694,0,5.816044,0,1.11847,1.4,0.3,1.4,91.1,91.1,,Tripod,Other,,21,5,True,,True,False,,Smart,RC,False,True,False,,,True,,False,False,False,False,False,False,False,False,False,False,0,Follow Yaw,-77.9,0,83.1,83.1,False,False,False,False,False,,0,0,False,False,No Card,100,100,1024,1024,1024,1024,2,False,False,False,False,False,0,False,False,False,False,63,,45.864,,6327,,10044,,45.864,,True,3.823,3.823,3.823,3.823,3.823,3.823,3.823,3.823,3.823,3.823,3.823,3.823,0,,False,False,True,,,,,,,,,,,,,,,False,False,20.166,,106.8,,75.7,,106.8,,1141,124,,21,7,150637.2,20084.96,,Idle,,20,,10,,,20,Go Home,False,False,False,False,False,False,False,False,False,False,False,False,33.8027920380556,-117.4659261431046,4021.5,4043.5,1049.4,396.9,True,1,1,False,False,False,False,,True,False,False,Course Lock,196.8,67,16.4,93,W,S,2.9,11.4,Calm,False,False,Android,7.0.2,M300 RTK,1ZN7L4R0H1D00F,1W9DL31001461C,1ZMLH8300204F0,1Z6PH74DAP0QN7,"Corona, CA",728.3,5.7,137.7,8.547347,2.013246,0,0,DJI Matrice 300 RTK,M300 RTK,1ZN7L4R0H1D00F,1W9DL31001461C,1ZMLH8300204F0,1Z6PH74DAP0QN7,DJI Pilot,Android,7.0.2,1EF72A62-B7C3-C88D-164E-CE6F8C8424AE,1ZN7L4R0H1D00F,1W9DL31001461C,,1ZMLH8300204F0,1W9DL31001461C,,,,,
2023-11-01,11:36:01.94 AM,11m 39.6s,699.6,33.7938381877439,-117.4736639061087,-30.5,137.7,20.9,1233,5783.2,0,8.547335,0,2.23694,0,5.816044,0,1.11847,1.5,0.4,1.5,91.1,91.1,,Tripod,Other,,21,5,True,,True,False,,Smart,RC,False,True,False,,,True,,False,False,False,False,False,False,False,False,False,False,0,Follow Yaw,-77.9,0,83.1,83.1,False,False,False,False,False,,0,0,False,False,No Card,100,100,1024,1024,1024,1024,2,False,False,False,False,False,0,False,False,False,False,63,,45.864,,6327,,10044,,45.864,,True,3.823,3.823,3.823,3.823,3.823,3.823,3.823,3.823,3.823,3.823,3.823,3.823,0,,False,False,True,,,,,,,,,,,,,,,False,False,20.166,,106.8,,75.7,,106.8,,1141,124,,21,7,150637.2,20084.96,,Idle,,20,,10,,,20,Go Home,False,False,False,False,False,False,False,False,False,False,False,False,33.8027920380556,-117.4659261431046,4021.5,4043.5,1049.4,396.9,True,1,1,False,False,False,False,,True,False,False,Course Lock,196.8,67,16.4,93,W,S,2.9,11.4,Calm,False,False,Android,7.0.2,M300 RTK,1ZN7L4R0H1D00F,1W9DL31001461C,1ZMLH8300204F0,1Z6PH74DAP0QN7,"Corona, CA",728.3,5.7,137.7,8.547347,2.013246,0,0,DJI Matrice 300 RTK,M300 RTK,1ZN7L4R0H1D00F,1W9DL31001461C,1ZMLH8300204F0,1Z6PH74DAP0QN7,DJI Pilot,Android,7.0.2,1EF72A62-B7C3-C88D-164E-CE6F8C8424AE,1ZN7L4R0H1D00F,1W9DL31001461C,,1ZMLH8300204F0,1W9DL31001461C,,,,,
2023-11-01,11:36:02.04 AM,11m 39.7s,699.7,33.7938381939118,-117.4736638124272,-30.5,137.7,20.9,1233,5783.2,0,8.547335,0,2.23694,0,5.816044,0,1.11847,1.6,0.5,1.6,91.1,91.1,,Tripod,Other,,21,5,True,,True,False,,Smart,RC,False,True,False,,,True,,False,False,False,False,False,False,False,False,False,False,0,Follow Yaw,-77.9,0,83.1,83.1,False,False,False,False,False,,0,0,False,False,No Card,100,100,1024,1024,1024,1024,2,False,False,False,False,False,0,False,False,False,False,63,,45.864,,6327,,10044,,45.864,,True,3.823,3.823,3.823,3.823,3.823,3.823,3.823,3.823,3.823,3.823,3.823,3.823,0,,False,False,True,,,,,,,,,,,,,,,False,False,20.166,,106.8,,75.7,,106.8,,1141,124,,21,7,150637.2,20084.96,,Idle,,20,,10,,,20,Go Home,False,False,False,False,False,False,False,False,False,False,False,False,33.8027920380556,-117.4659261431046,4021.4,4043.5,1049.4,396.9,True,1,1,False,False,False,False,,True,False,False,Course Lock,196.8,67,16.4,93,W,S,2.9,11.4,Calm,False,False,Android,7.0.2,M300 RTK,1ZN7L4R0H1D00F,1W9DL31001461C,1ZMLH8300204F0,1Z6PH74DAP0QN7,"Corona, CA",728.3,5.7,137.7,8.547347,2.013246,0,0,DJI Matrice 300 RTK,M300 RTK,1ZN7L4R0H1D00F,1W9DL31001461C,1ZMLH8300204F0,1Z6PH74DAP0QN7,DJI Pilot,Android,7.0.2,1EF72A62-B7C3-C88D-164E-CE6F8C8424AE,1ZN7L4R0H1D00F,1W9DL31001461C,,1ZMLH8300204F0,1W9DL31001461C,,,,,
2023-11-01,11:36:02.14 AM,11m 39.8s,699.8,33.7938382005595,-117.4736637493406,-30.5,137.7,20.9,1233,5783.2,0,8.547335,0,2.23694,0,5.816044,0,1.11847,1.8,0.5,1.8,91,91,,Tripod,Other,,21,5,True,,True,False,,Smart,RC,False,True,False,,,True,,False,False,False,False,False,False,False,False,False,False,0,Follow Yaw,-77.9,0,83.1,83.1,False,False,False,False,False,,0,0,False,False,No Card,100,100,1024,1024,1024,1024,2,False,False,False,False,False,0,False,False,False,False,63,,45.864,,6327,,10044,,45.864,,True,3.823,3.823,3.823,3.823,3.823,3.823,3.823,3.823,3.823,3.823,3.823,3.823,0,,False,False,True,,,,,,,,,,,,,,,False,False,20.166,,106.8,,75.7,,106.8,,1141,124,,21,7,150637.2,20084.96,,Idle,,20,,10,,,20,Go Home,False,False,False,False,False,False,False,False,False,False,False,False,33.8027920380556,-117.4659261431046,4021.4,4043.5,1049.4,396.9,True,1,1,False,False,False,False,,True,False,False,Course Lock,196.8,67,16.4,93,W,S,2.9,11.4,Calm,False,False,Android,7.0.2,M300 RTK,1ZN7L4R0H1D00F,1W9DL31001461C,1ZMLH8300204F0,1Z6PH74DAP0QN7,"Corona, CA",728.3,5.7,137.7,8.547347,2.013246,0,0,DJI Matrice 300 RTK,M300 RTK,1ZN7L4R0H1D00F,1W9DL31001461C,1ZMLH8300204F0,1Z6PH74DAP0QN7,DJI Pilot,Android,7.0.2,1EF72A62-B7C3-C88D-164E-CE6F8C8424AE,1ZN7L4R0H1D00F,1W9DL31001461C,,1ZMLH8300204F0,1W9DL31001461C,,,,,
2023-11-01,11:36:02.22 AM,11m 39.9s,699.9,33.7938383629125,-117.473663676193,-30.5,137.7,20.9,1233,5783.3,0,8.547335,0,2.23694,0,5.816044,0,1.11847,1.9,0.5,1.9,91.1,91.1,,Tripod,Other,,21,5,True,,True,False,,Smart,RC,False,True,False,,,True,,False,False,False,False,False,False,False,False,False,False,0,Follow Yaw,-77.9,0,83.1,83.1,False,False,False,False,False,,0,0,False,False,No Card,100,100,1024,1024,1024,1024,2,False,False,False,False,False,0,False,False,False,False,63,,45.864,,6327,,10044,,45.864,,True,3.823,3.823,3.823,3.823,3.823,3.823,3.823,3.823,3.823,3.823,3.823,3.823,0,,False,False,True,,,,,,,,,,,,,,,False,False,20.166,,106.8,,75.7,,106.8,,1141,124,,21,7,150637.2,20084.96,,Idle,,20,,10,,,20,Go Home,False,False,False,False,False,False,False,False,False,False,False,False,33.8027920380556,-117.4659261431046,4021.4,4043.5,1049.4,396.9,True,1,1,False,False,False,False,,True,False,False,Course Lock,196.8,67,16.4,93,W,S,2.9,11.4,Calm,False,False,Android,7.0.2,M300 RTK,1ZN7L4R0H1D00F,1W9DL31001461C,1ZMLH8300204F0,1Z6PH74DAP0QN7,"Corona, CA",728.3,5.7,137.7,8.547347,2.013246,0,0,DJI Matrice 300 RTK,M300 RTK,1ZN7L4R0H1D00F,1W9DL31001461C,1ZMLH8300204F0,1Z6PH74DAP0QN7,DJI Pilot,Android,7.0.2,1EF72A62-B7C3-C88D-164E-CE6F8C8424AE,1ZN7L4R0H1D00F,1W9DL31001461C,,1ZMLH8300204F0,1W9DL31001461C,,,,,
2023-11-01,11:36:02.32 AM,11m 40.0s,700.0,33.7938383838148,-117.4736636187141,-30.5,137.7,20.9,1233,5783.3,0,8.547335,0,2.23694,0,5.816044,0,1.11847,2,0.4,2,91,91,,Tripod,Other,,21,5,True,,True,False,,Smart,RC,False,True,False,,,True,,False,False,False,False,False,False,False,False,False,False,0,Follow Yaw,-77.9,0,83.1,83.1,False,False,False,False,False,,0,0,False,False,No Card,100,100,1024,1024,1024,1024,2,False,False,False,False,False,0,False,False,False,False,63,,45.804,,3141,,4986,,45.804,,True,3.823,3.823,3.823,3.823,3.823,3.823,3.823,3.823,3.823,3.823,3.823,3.823,0,,False,False,True,,,,,,,,,,,,,,,False,False,10.088,,106.5,,75.7,,106.8,,1141,124,,21,7,150637.2,20084.96,,Idle,,20,,10,,,20,Go Home,False,False,False,False,False,False,False,False,False,False,False,False,33.8027920380556,-117.4659261431046,4021.4,4043.5,1049.4,396.9,True,1,1,False,False,False,False,,True,False,False,Course Lock,196.8,67,16.4,93,W,S,2.9,11.4,Calm,False,False,Android,7.0.2,M300 RTK,1ZN7L4R0H1D00F,1W9DL31001461C,1ZMLH8300204F0,1Z6PH74DAP0QN7,"Corona, CA",728.3,5.7,137.7,8.547347,2.013246,0,0,DJI Matrice 300 RTK,M300 RTK,1ZN7L4R0H1D00F,1W9DL31001461C,1ZMLH8300204F0,1Z6PH74DAP0QN7,DJI Pilot,Android,7.0.2,1EF72A62-B7C3-C88D-164E-CE6F8C8424AE,1ZN7L4R0H1D00F,1W9DL31001461C,,1ZMLH8300204F0,1W9DL31001461C,,,,,
2023-11-01,11:36:02.42 AM,11m 40.1s,700.1,33.7938383503711,-117.4736637481035,-30.5,137.7,20.9,1233,5783.4,0,8.547335,0,2.23694,0,5.816044,0,1.11847,2,0.4,2,91.1,91.1,,Tripod,Other,,21,5,True,,True,False,,Smart,RC,False,True,False,,,True,,False,False,False,False,False,False,False,False,False,False,0,Follow Yaw,-77.9,0,83.1,83.1,False,False,False,False,False,,0,0,False,False,No Card,100,100,1024,1024,1024,1024,2,False,False,False,False,False,0,False,False,False,False,63,,45.804,,3141,,4986,,45.804,,True,3.823,3.823,3.823,3.823,3.823,3.823,3.823,3.823,3.823,3.823,3.823,3.823,0,,False,False,True,,,,,,,,,,,,,,,False,False,10.088,,106.5,,75.7,,106.8,,1141,124,,21,7,150637.2,20084.96,,Idle,,20,,10,,,20,Go Home,False,False,False,False,False,False,False,False,False,False,False,False,33.8027920380556,-117.4659261431046,4021.4,4043.5,1049.4,396.9,True,1,1,False,False,False,False,,True,False,False,Course Lock,196.8,67,16.4,93,W,S,2.9,11.4,Calm,False,True,Android,7.0.2,M300 RTK,1ZN7L4R0H1D00F,1W9DL31001461C,1ZMLH8300204F0,1Z6PH74DAP0QN7,"Corona, CA",728.3,5.7,137.7,8.547347,2.013246,0,0,DJI Matrice 300 RTK,M300 RTK,1ZN7L4R0H1D00F,1W9DL31001461C,1ZMLH8300204F0,1Z6PH74DAP0QN7,DJI Pilot,Android,7.0.2,1EF72A62-B7C3-C88D-164E-CE6F8C8424AE,1ZN7L4R0H1D00F,1W9DL31001461C,,1ZMLH8300204F0,1W9DL31001461C,,,,,
2023-11-01,11:36:02.54 AM,11m 40.2s,700.2,33.7938383720273,-117.4736637164365,-30.5,137.7,20.9,1233,5783.4,0,8.547335,0,2.23694,0,5.816044,0,1.11847,1.9,0.5,1.9,91.1,91.1,,Tripod,Other,,21,5,True,,True,False,,Smart,RC,False,True,False,,,True,,False,False,False,False,False,False,False,False,False,False,0,Follow Yaw,-77.9,0,83.1,83.1,False,False,False,False,False,,0,0,False,False,No Card,100,100,1024,1024,1024,1024,2,False,False,False,False,False,0,False,False,False,False,63,,45.804,,3141,,4986,,45.804,,True,3.823,3.823,3.823,3.823,3.823,3.823,3.823,3.823,3.823,3.823,3.823,3.823,0,,False,False,True,,,,,,,,,,,,,,,False,False,10.088,,106.5,,75.7,,106.8,,1141,124,,21,7,150637.2,20084.96,,Idle,,20,,10,,,20,Go Home,False,False,False,False,False,False,False,False,False,False,False,False,33.8027920380556,-117.4659261431046,4021.4,4043.5,1049.4,396.9,True,1,1,False,False,False,False,,True,False,False,Course Lock,196.8,67,16.4,93,W,S,2.9,11.4,Calm,False,False,Android,7.0.2,M300 RTK,1ZN7L4R0H1D00F,1W9DL31001461C,1ZMLH8300204F0,1Z6PH74DAP0QN7,"Corona, CA",728.3,5.7,137.7,8.547347,2.013246,0,0,DJI Matrice 300 RTK,M300 RTK,1ZN7L4R0H1D00F,1W9DL31001461C,1ZMLH8300204F0,1Z6PH74DAP0QN7,DJI Pilot,Android,7.0.2,1EF72A62-B7C3-C88D-164E-CE6F8C8424AE,1ZN7L4R0H1D00F,1W9DL31001461C,,1ZMLH8300204F0,1W9DL31001461C,,,,,
2023-11-01,11:36:02.63 AM,11m 40.3s,700.3,33.7938383443402,-117.4736635309701,-30.5,137.7,21.3,1233,5783.4,0,8.547335,0,2.23694,0,5.816044,0,1.11847,1.8,0.4,1.8,91.1,91.1,,Tripod,Other,,21,5,True,,True,False,,Smart,RC,False,True,False,,,True,,False,False,False,False,False,False,False,False,False,False,0,Follow Yaw,-77.9,0,83.1,83.1,False,False,False,False,False,,0,0,False,False,No Card,100,100,1024,1024,1024,1024,2,False,False,False,False,False,0,False,False,False,False,63,,45.804,,3141,,4986,,45.804,,True,3.821,3.821,3.821,3.821,3.821,3.821,3.821,3.821,3.821,3.821,3.821,3.821,0,,False,False,True,,,,,,,,,,,,,,,False,False,10.088,,106.5,,75.7,,106.8,,1140,124,,21,7,150737.8,20098.37,,Idle,,20,,10,,,20,Go Home,False,False,False,False,False,False,False,False,False,False,False,False,33.8027920380556,-117.4659261431046,4021.3,4043.5,1049.4,396.9,True,1,1,False,False,False,False,,True,False,False,Course Lock,196.8,67,16.4,93,W,S,2.9,11.4,Calm,False,False,Android,7.0.2,M300 RTK,1ZN7L4R0H1D00F,1W9DL31001461C,1ZMLH8300204F0,1Z6PH74DAP0QN7,"Corona, CA",728.3,5.7,137.7,8.547347,2.013246,0,0,DJI Matrice 300 RTK,M300 RTK,1ZN7L4R0H1D00F,1W9DL31001461C,1ZMLH8300204F0,1Z6PH74DAP0QN7,DJI Pilot,Android,7.0.2,1EF72A62-B7C3-C88D-164E-CE6F8C8424AE,1ZN7L4R0H1D00F,1W9DL31001461C,,1ZMLH8300204F0,1W9DL31001461C,,,,,
2023-11-01,11:36:02.73 AM,11m 40.4s,700.4,33.7938383644887,-117.4736634926233,-30.5,137.7,21.3,1233,5783.4,0,8.547335,0,2.23694,0,5.816044,0,1.11847,1.8,0.4,1.8,91.1,91.1,,Tripod,Other,,21,5,True,,True,False,,Smart,RC,False,True,False,,,True,,False,False,False,False,False,False,False,False,False,False,0,Follow Yaw,-77.9,0,83.1,83.1,False,False,False,False,False,,0,0,False,False,No Card,100,100,1024,1024,1024,1024,2,False,False,False,False,False,0,False,False,False,False,63,,45.804,,3141,,4986,,45.804,,True,3.821,3.821,3.821,3.821,3.821,3.821,3.821,3.821,3.821,3.821,3.821,3.821,0,,False,False,True,,,,,,,,,,,,,,,False,False,10.088,,106.5,,75.7,,106.8,,1140,124,,21,7,150737.8,20098.37,,Idle,,20,,10,,,20,Go Home,False,False,False,False,False,False,False,False,False,False,False,False,33.8027920380556,-117.4659261431046,4021.3,4043.5,1049.4,396.9,True,1,1,False,False,False,False,,True,False,False,Course Lock,196.8,67,16.4,93,W,S,2.9,11.4,Calm,False,False,Android,7.0.2,M300 RTK,1ZN7L4R0H1D00F,1W9DL31001461C,1ZMLH8300204F0,1Z6PH74DAP0QN7,"Corona, CA",728.3,5.7,137.7,8.547347,2.013246,0,0,DJI Matrice 300 RTK,M300 RTK,1ZN7L4R0H1D00F,1W9DL31001461C,1ZMLH8300204F0,1Z6PH74DAP0QN7,DJI Pilot,Android,7.0.2,1EF72A62-B7C3-C88D-164E-CE6F8C8424AE,1ZN7L4R0H1D00F,1W9DL31001461C,,1ZMLH8300204F0,1W9DL31001461C,,,,,
2023-11-01,11:36:02.83 AM,11m 40.5s,700.5,33.7938383441346,-117.4736636233322,-30.5,137.7,20.9,1233,5783.5,0,8.547335,0,2.23694,0,5.816044,0,1.11847,1.8,0.4,1.8,91.2,91.2,,Tripod,Other,,21,5,True,,True,False,,Smart,RC,False,True,False,,,True,,False,False,False,False,False,False,False,False,False,False,0,Follow Yaw,-77.9,0,83.1,83.1,False,False,False,False,False,,0,0,False,False,No Card,100,100,1024,1024,1024,1024,2,False,False,False,False,False,0,False,False,False,False,63,,45.804,,3141,,4986,,45.804,,True,3.821,3.821,3.821,3.821,3.821,3.821,3.821,3.821,3.821,3.821,3.821,3.821,0,,False,False,True,,,,,,,,,,,,,,,False,False,10.088,,106.5,,75.7,,106.8,,1140,124,,21,7,150737.8,20098.37,,Idle,,20,,10,,,20,Go Home,False,False,False,False,False,False,False,False,False,False,False,False,33.8027920380556,-117.4659261431046,4021.4,4043.5,1049.4,396.9,True,1,1,False,False,False,False,,True,False,False,Course Lock,196.8,67,16.4,93,W,S,2.9,11.4,Calm,False,True,Android,7.0.2,M300 RTK,1ZN7L4R0H1D00F,1W9DL31001461C,1ZMLH8300204F0,1Z6PH74DAP0QN7,"Corona, CA",728.3,5.7,137.7,8.547347,2.013246,0,0,DJI Matrice 300 RTK,M300 RTK,1ZN7L4R0H1D00F,1W9DL31001461C,1ZMLH8300204F0,1Z6PH74DAP0QN7,DJI Pilot,Android,7.0.2,1EF72A62-B7C3-C88D-164E-CE6F8C8424AE,1ZN7L4R0H1D00F,1W9DL31001461C,,1ZMLH8300204F0,1W9DL31001461C,,,,,
2023-11-01,11:36:02.94 AM,11m 40.6s,700.6,33.793838362981,-117.4736636035403,-30.5,137.7,20.9,1233,5783.5,0,8.547335,0,2.23694,0,5.816044,0,1.11847,1.7,0.4,1.7,91.2,91.2,,Tripod,Other,,21,5,True,,True,False,,Smart,RC,False,True,False,,,True,,False,False,False,False,False,False,False,False,False,False,0,Follow Yaw,-77.9,0,83.1,83.1,False,False,False,False,False,,0,0,False,False,No Card,100,100,1024,1024,1024,1024,2,False,False,False,False,False,0,False,False,False,False,63,,45.804,,3141,,4986,,45.804,,True,3.821,3.821,3.821,3.821,3.821,3.821,3.821,3.821,3.821,3.821,3.821,3.821,0,,False,False,True,,,,,,,,,,,,,,,False,False,10.088,,106.5,,75.7,,106.8,,1140,124,,21,7,150737.8,20098.37,,Idle,,20,,10,,,20,Go Home,False,False,False,False,False,False,False,False,False,False,False,False,33.8027920380556,-117.4659261431046,4021.4,4043.5,1049.4,396.9,True,1,1,False,False,False,False,,True,False,False,Course Lock,196.8,67,16.4,93,W,S,2.9,11.4,Calm,False,False,Android,7.0.2,M300 RTK,1ZN7L4R0H1D00F,1W9DL31001461C,1ZMLH8300204F0,1Z6PH74DAP0QN7,"Corona, CA",728.3,5.7,137.7,8.547347,2.013246,0,0,DJI Matrice 300 RTK,M300 RTK,1ZN7L4R0H1D00F,1W9DL31001461C,1ZMLH8300204F0,1Z6PH74DAP0QN7,DJI Pilot,Android,7.0.2,1EF72A62-B7C3-C88D-164E-CE6F8C8424AE,1ZN7L4R0H1D00F,1W9DL31001461C,,1ZMLH8300204F0,1W9DL31001461C,,,,,
2023-11-01,11:36:03.04 AM,11m 40.7s,700.7,33.7938383348828,-117.4736633588632,-30.5,137.7,20.9,1233,5783.6,0,8.547335,0,2.23694,0,5.816044,0,1.11847,1.7,0.4,1.7,91.2,91.2,,Tripod,Other,,21,5,True,,True,False,,Smart,RC,False,True,False,,,True,,False,False,False,False,False,False,False,False,False,False,0,Follow Yaw,-77.9,0,83.1,83.1,False,False,False,False,False,,0,0,False,False,No Card,100,100,1024,1024,1024,1024,2,False,False,False,False,False,0,False,False,False,False,63,,45.804,,3141,,4986,,45.804,,True,3.821,3.821,3.821,3.821,3.821,3.821,3.821,3.821,3.821,3.821,3.821,3.821,0,,False,False,True,,,,,,,,,,,,,,,False,False,10.088,,106.5,,75.7,,106.8,,1140,124,,21,7,150737.8,20098.37,,Idle,,20,,10,,,20,Go Home,False,False,False,False,False,False,False,False,False,False,False,False,33.8027920380556,-117.4659261431046,4021.3,4043.5,1049.4,396.9,True,1,1,False,False,False,False,,True,False,False,Course Lock,196.8,67,16.4,93,W,S,2.9,11.4,Calm,False,False,Android,7.0.2,M300 RTK,1ZN7L4R0H1D00F,1W9DL31001461C,1ZMLH8300204F0,1Z6PH74DAP0QN7,"Corona, CA",728.3,5.7,137.7,8.547347,2.013246,0,0,DJI Matrice 300 RTK,M300 RTK,1ZN7L4R0H1D00F,1W9DL31001461C,1ZMLH8300204F0,1Z6PH74DAP0QN7,DJI Pilot,Android,7.0.2,1EF72A62-B7C3-C88D-164E-CE6F8C8424AE,1ZN7L4R0H1D00F,1W9DL31001461C,,1ZMLH8300204F0,1W9DL31001461C,,,,,
2023-11-01,11:36:03.15 AM,11m 40.8s,700.8,33.7938383520158,-117.4736633223306,-30.5,137.7,20.9,1233,5783.6,0,8.547335,0,2.23694,0,5.816044,0,1.11847,1.8,0.4,1.8,91.2,91.2,,Tripod,Other,,21,5,True,,True,False,,Smart,RC,False,True,False,,,True,,False,False,False,False,False,False,False,False,False,False,0,Follow Yaw,-77.9,0,83.1,83.1,False,False,False,False,False,,0,0,False,False,No Card,100,100,1024,1024,1024,1024,2,False,False,False,False,False,0,False,False,False,False,63,,45.804,,3141,,4986,,45.804,,True,3.821,3.821,3.821,3.821,3.821,3.821,3.821,3.821,3.821,3.821,3.821,3.821,0,,False,False,True,,,,,,,,,,,,,,,False,False,10.088,,106.5,,75.7,,106.8,,1140,124,,21,7,150737.8,20098.37,,Idle,,20,,10,,,20,Go Home,False,False,False,False,False,False,False,False,False,False,False,False,33.8027920380556,-117.4659261431046,4021.3,4043.5,1049.4,396.9,True,1,1,False,False,False,False,,True,False,False,Course Lock,196.8,67,16.4,93,W,S,2.9,11.4,Calm,False,False,Android,7.0.2,M300 RTK,1ZN7L4R0H1D00F,1W9DL31001461C,1ZMLH8300204F0,1Z6PH74DAP0QN7,"Corona, CA",728.3,5.7,137.7,8.547347,2.013246,0,0,DJI Matrice 300 RTK,M300 RTK,1ZN7L4R0H1D00F,1W9DL31001461C,1ZMLH8300204F0,1Z6PH74DAP0QN7,DJI Pilot,Android,7.0.2,1EF72A62-B7C3-C88D-164E-CE6F8C8424AE,1ZN7L4R0H1D00F,1W9DL31001461C,,1ZMLH8300204F0,1W9DL31001461C,,,,,
2023-11-01,11:36:03.25 AM,11m 40.9s,700.9,33.7938383231638,-117.4736634107344,-30.5,137.7,20.9,1233,5783.6,0,8.547335,0,2.23694,0,5.816044,0,1.11847,1.8,0.4,1.8,91.2,91.2,,Tripod,Other,,21,5,True,,True,False,,Smart,RC,False,True,False,,,True,,False,False,False,False,False,False,False,False,False,False,0,Follow Yaw,-77.9,0,83.1,83.1,False,False,False,False,False,,0,0,False,False,No Card,100,100,1024,1024,1024,1024,2,False,False,False,False,False,0,False,False,False,False,63,,45.804,,3141,,4986,,45.804,,True,3.821,3.821,3.821,3.821,3.821,3.821,3.821,3.821,3.821,3.821,3.821,3.821,0,,False,False,True,,,,,,,,,,,,,,,False,False,10.088,,106.5,,75.7,,106.8,,1140,124,,21,7,150737.8,20098.37,,Idle,,20,,10,,,20,Go Home,False,False,False,False,False,False,False,False,False,False,False,False,33.8027920380556,-117.4659261431046,4021.3,4043.5,1049.4,396.9,True,1,1,False,False,False,False,,True,False,False,Course Lock,196.8,67,16.4,93,W,S,2.9,11.4,Calm,False,True,Android,7.0.2,M300 RTK,1ZN7L4R0H1D00F,1W9DL31001461C,1ZMLH8300204F0,1Z6PH74DAP0QN7,"Corona, CA",728.3,5.7,137.7,8.547347,2.013246,0,0,DJI Matrice 300 RTK,M300 RTK,1ZN7L4R0H1D00F,1W9DL31001461C,1ZMLH8300204F0,1Z6PH74DAP0QN7,DJI Pilot,Android,7.0.2,1EF72A62-B7C3-C88D-164E-CE6F8C8424AE,1ZN7L4R0H1D00F,1W9DL31001461C,,1ZMLH8300204F0,1W9DL31001461C,,,,,
2023-11-01,11:36:03.35 AM,11m 41.0s,701.0,33.7938383401598,-117.4736633859945,-30.5,137.7,20.9,1233,5783.6,0,8.547335,0,2.23694,0,5.816044,0,1.11847,1.7,0.4,1.7,91.2,91.2,,Tripod,Other,,21,5,True,,True,False,,Smart,RC,False,True,False,,,True,,False,False,False,False,False,False,False,False,False,False,0,Follow Yaw,-77.9,0,83.1,83.1,False,False,False,False,False,,0,0,False,False,No Card,100,100,1024,1024,1024,1024,2,False,False,False,False,False,0,False,False,False,False,62,,45.852,,6276,,10044,,45.852,,True,3.821,3.821,3.821,3.821,3.821,3.821,3.821,3.821,3.821,3.821,3.821,3.821,0,,False,False,True,,,,,,,,,,,,,,,False,False,19.824,,106.8,,75.7,,106.8,,1140,124,,21,7,150737.8,20098.37,,Idle,,20,,10,,,20,Go Home,False,False,False,False,False,False,False,False,False,False,False,False,33.8027920380556,-117.4659261431046,4021.3,4043.5,1049.4,396.9,True,1,1,False,False,False,False,,True,False,False,Course Lock,196.8,67,16.4,93,W,S,2.9,11.4,Calm,False,False,Android,7.0.2,M300 RTK,1ZN7L4R0H1D00F,1W9DL31001461C,1ZMLH8300204F0,1Z6PH74DAP0QN7,"Corona, CA",728.3,5.7,137.7,8.547347,2.013246,0,0,DJI Matrice 300 RTK,M300 RTK,1ZN7L4R0H1D00F,1W9DL31001461C,1ZMLH8300204F0,1Z6PH74DAP0QN7,DJI Pilot,Android,7.0.2,1EF72A62-B7C3-C88D-164E-CE6F8C8424AE,1ZN7L4R0H1D00F,1W9DL31001461C,,1ZMLH8300204F0,1W9DL31001461C,,,,,
2023-11-01,11:36:03.45 AM,11m 41.1s,701.1,33.7938383215875,-117.473663128865,-30.5,137.7,20.9,1233,5783.7,0,8.547335,0,2.23694,0,5.816044,0,1.11847,1.8,0.4,1.8,91.2,91.2,,Tripod,Other,,21,5,True,,True,False,,Smart,RC,False,True,False,,,True,,False,False,False,False,False,False,False,False,False,False,0,Follow Yaw,-77.9,0,83.1,83.1,False,False,False,False,False,,0,0,False,False,No Card,100,100,1024,1024,1024,1024,2,False,False,False,False,False,0,False,False,False,False,62,,45.852,,6276,,10044,,45.852,,True,3.821,3.821,3.821,3.821,3.821,3.821,3.821,3.821,3.821,3.821,3.821,3.821,0,,False,False,True,,,,,,,,,,,,,,,False,False,19.824,,106.8,,75.7,,106.8,,1140,124,,21,7,150737.8,20098.37,,Idle,,20,,10,,,20,Go Home,False,False,False,False,False,False,False,False,False,False,False,False,33.8027920380556,-117.4659261431046,4021.3,4043.5,1049.4,396.9,True,1,1,False,False,False,False,,True,False,False,Course Lock,196.8,67,16.4,93,W,S,2.9,11.4,Calm,False,False,Android,7.0.2,M300 RTK,1ZN7L4R0H1D00F,1W9DL31001461C,1ZMLH8300204F0,1Z6PH74DAP0QN7,"Corona, CA",728.3,5.7,137.7,8.547347,2.013246,0,0,DJI Matrice 300 RTK,M300 RTK,1ZN7L4R0H1D00F,1W9DL31001461C,1ZMLH8300204F0,1Z6PH74DAP0QN7,DJI Pilot,Android,7.0.2,1EF72A62-B7C3-C88D-164E-CE6F8C8424AE,1ZN7L4R0H1D00F,1W9DL31001461C,,1ZMLH8300204F0,1W9DL31001461C,,,,,
2023-11-01,11:36:03.55 AM,11m 41.2s,701.2,33.7938383424899,-117.4736630818592,-30.5,137.7,20.9,1233,5783.7,0,8.547335,0,2.23694,0,5.816044,0,1.11847,1.8,0.5,1.8,91.2,91.2,,Tripod,Other,,21,5,True,,True,False,,Smart,RC,False,True,False,,,True,,False,False,False,False,False,False,False,False,False,False,0,Follow Yaw,-77.9,0,83.1,83.1,False,False,False,False,False,,0,0,False,False,No Card,100,100,1024,1024,1024,1024,2,False,False,False,False,False,0,False,False,False,False,62,,45.852,,6276,,10044,,45.852,,True,3.821,3.821,3.821,3.821,3.821,3.821,3.821,3.821,3.821,3.821,3.821,3.821,0,,False,False,True,,,,,,,,,,,,,,,False,False,19.824,,106.8,,75.7,,106.8,,1140,124,,21,7,150737.8,20098.37,,Idle,,20,,10,,,20,Go Home,False,False,False,False,False,False,False,False,False,False,False,False,33.8027920380556,-117.4659261431046,4021.3,4043.5,1049.4,396.9,True,1,1,False,False,False,False,,True,False,False,Course Lock,196.8,67,16.4,93,W,S,2.9,11.4,Calm,False,False,Android,7.0.2,M300 RTK,1ZN7L4R0H1D00F,1W9DL31001461C,1ZMLH8300204F0,1Z6PH74DAP0QN7,"Corona, CA",728.3,5.7,137.7,8.547347,2.013246,0,0,DJI Matrice 300 RTK,M300 RTK,1ZN7L4R0H1D00F,1W9DL31001461C,1ZMLH8300204F0,1Z6PH74DAP0QN7,DJI Pilot,Android,7.0.2,1EF72A62-B7C3-C88D-164E-CE6F8C8424AE,1ZN7L4R0H1D00F,1W9DL31001461C,,1ZMLH8300204F0,1W9DL31001461C,,,,,
2023-11-01,11:36:03.65 AM,11m 41.3s,701.3,33.7938383302911,-117.4736631755408,-30.5,137.7,21.3,1233,5783.7,0,8.547335,0,2.23694,0,5.816044,0,1.11847,1.9,0.6,1.9,91.2,91.2,,Tripod,Other,,21,5,True,,True,False,,Smart,RC,False,True,False,,,True,,False,False,False,False,False,False,False,False,False,False,0,Follow Yaw,-77.9,0,83.1,83.1,False,False,False,False,False,,0,0,False,False,No Card,100,100,1024,1024,1024,1024,2,False,False,False,False,False,0,False,False,False,False,62,,45.852,,6276,,10044,,45.852,,True,3.821,3.821,3.821,3.821,3.821,3.821,3.821,3.821,3.821,3.821,3.821,3.821,0,,False,False,True,,,,,,,,,,,,,,,False,False,19.824,,106.8,,75.7,,106.8,,1139,124,,21,7,150780.1,20104.01,,Idle,,20,,10,,,20,Go Home,False,False,False,False,False,False,False,False,False,False,False,False,33.8027920380556,-117.4659261431046,4021.3,4043.5,1049.4,396.9,True,1,1,False,False,False,False,,True,False,False,Course Lock,196.8,67,16.4,93,W,S,2.9,11.4,Calm,False,True,Android,7.0.2,M300 RTK,1ZN7L4R0H1D00F,1W9DL31001461C,1ZMLH8300204F0,1Z6PH74DAP0QN7,"Corona, CA",728.3,5.7,137.7,8.547347,2.013246,0,0,DJI Matrice 300 RTK,M300 RTK,1ZN7L4R0H1D00F,1W9DL31001461C,1ZMLH8300204F0,1Z6PH74DAP0QN7,DJI Pilot,Android,7.0.2,1EF72A62-B7C3-C88D-164E-CE6F8C8424AE,1ZN7L4R0H1D00F,1W9DL31001461C,,1ZMLH8300204F0,1W9DL31001461C,,,,,
2023-11-01,11:36:03.76 AM,11m 41.4s,701.4,33.7938383468759,-117.473663144616,-30.5,137.7,20.9,1233,5783.8,0,8.547335,0,2.23694,0,5.816044,0,1.11847,1.8,0.6,1.8,91.2,91.2,,Tripod,Other,,21,5,True,,True,False,,Smart,RC,False,True,False,,,True,,False,False,False,False,False,False,False,False,False,False,0,Follow Yaw,-77.9,0,83.1,83.1,False,False,False,False,False,,0,0,False,False,No Card,100,100,1024,1024,1024,1024,2,False,False,False,False,False,0,False,False,False,False,62,,45.852,,6276,,10044,,45.852,,True,3.821,3.821,3.821,3.821,3.821,3.821,3.821,3.821,3.821,3.821,3.821,3.821,0,,False,False,True,,,,,,,,,,,,,,,False,False,19.824,,106.8,,75.7,,106.8,,1139,124,,21,7,150780.1,20104.01,,Idle,,20,,10,,,20,Go Home,False,False,False,False,False,False,False,False,False,False,False,False,33.8027920380556,-117.4659261431046,4021.3,4043.5,1049.4,396.9,True,1,1,False,False,False,False,,True,False,False,Course Lock,196.8,67,16.4,93,W,S,2.9,11.4,Calm,False,False,Android,7.0.2,M300 RTK,1ZN7L4R0H1D00F,1W9DL31001461C,1ZMLH8300204F0,1Z6PH74DAP0QN7,"Corona, CA",728.3,5.7,137.7,8.547347,2.013246,0,0,DJI Matrice 300 RTK,M300 RTK,1ZN7L4R0H1D00F,1W9DL31001461C,1ZMLH8300204F0,1Z6PH74DAP0QN7,DJI Pilot,Android,7.0.2,1EF72A62-B7C3-C88D-164E-CE6F8C8424AE,1ZN7L4R0H1D00F,1W9DL31001461C,,1ZMLH8300204F0,1W9DL31001461C,,,,,
2023-11-01,11:36:03.86 AM,11m 41.5s,701.5,33.7938384829125,-117.4736632232888,-30.5,137.7,20.9,1233,5783.8,0,8.547335,0,2.23694,0,5.816044,0,1.11847,1.8,0.6,1.8,91.2,91.2,,Tripod,Other,,21,5,True,,True,False,,Smart,RC,False,True,False,,,True,,False,False,False,False,False,False,False,False,False,False,0,Follow Yaw,-77.9,0,83.1,83.1,False,False,False,False,False,,0,0,False,False,No Card,100,100,1024,1024,1024,1024,2,False,False,False,False,False,0,False,False,False,False,62,,45.852,,6276,,10044,,45.852,,True,3.821,3.821,3.821,3.821,3.821,3.821,3.821,3.821,3.821,3.821,3.821,3.821,0,,False,False,True,,,,,,,,,,,,,,,False,False,19.824,,106.8,,75.7,,106.8,,1139,124,,21,7,150780.1,20104.01,,Idle,,20,,10,,,20,Go Home,False,False,False,False,False,False,False,False,False,False,False,False,33.8027920380556,-117.4659261431046,4021.3,4043.5,1049.4,396.9,True,1,1,False,False,False,False,,True,False,False,Course Lock,196.8,67,16.4,93,W,S,2.9,11.4,Calm,False,True,Android,7.0.2,M300 RTK,1ZN7L4R0H1D00F,1W9DL31001461C,1ZMLH8300204F0,1Z6PH74DAP0QN7,"Corona, CA",728.3,5.7,137.7,8.547347,2.013246,0,0,DJI Matrice 300 RTK,M300 RTK,1ZN7L4R0H1D00F,1W9DL31001461C,1ZMLH8300204F0,1Z6PH74DAP0QN7,DJI Pilot,Android,7.0.2,1EF72A62-B7C3-C88D-164E-CE6F8C8424AE,1ZN7L4R0H1D00F,1W9DL31001461C,,1ZMLH8300204F0,1W9DL31001461C,,,,,
2023-11-01,11:36:03.96 AM,11m 41.6s,701.6,33.7938385079953,-117.4736632032494,-30.5,137.7,20.9,1233,5783.8,0,8.547335,0,2.23694,0,5.816044,0,1.11847,1.7,0.5,1.7,91.2,91.2,,Tripod,Other,,21,5,True,,True,False,,Smart,RC,False,True,False,,,True,,False,False,False,False,False,False,False,False,False,False,0,Follow Yaw,-77.9,0,83.1,83.1,False,False,False,False,False,,0,0,False,False,No Card,100,100,1024,1024,1024,1024,2,False,False,False,False,False,0,False,False,False,False,62,,45.852,,6276,,10044,,45.852,,True,3.821,3.821,3.821,3.821,3.821,3.821,3.821,3.821,3.821,3.821,3.821,3.821,0,,False,False,True,,,,,,,,,,,,,,,False,False,19.824,,106.8,,75.7,,106.8,,1139,124,,21,7,150780.1,20104.01,,Idle,,20,,10,,,20,Go Home,False,False,False,False,False,False,False,False,False,False,False,False,33.8027920380556,-117.4659261431046,4021.2,4043.5,1049.4,396.9,True,1,1,False,False,False,False,,True,False,False,Course Lock,196.8,67,16.4,93,W,S,2.9,11.4,Calm,False,False,Android,7.0.2,M300 RTK,1ZN7L4R0H1D00F,1W9DL31001461C,1ZMLH8300204F0,1Z6PH74DAP0QN7,"Corona, CA",728.3,5.7,137.7,8.547347,2.013246,0,0,DJI Matrice 300 RTK,M300 RTK,1ZN7L4R0H1D00F,1W9DL31001461C,1ZMLH8300204F0,1Z6PH74DAP0QN7,DJI Pilot,Android,7.0.2,1EF72A62-B7C3-C88D-164E-CE6F8C8424AE,1ZN7L4R0H1D00F,1W9DL31001461C,,1ZMLH8300204F0,1W9DL31001461C,,,,,
2023-11-01,11:36:04.06 AM,11m 41.7s,701.7,33.7938384450142,-117.4736631110522,-30.5,137.7,20.9,1233,5783.9,0,8.547335,0,2.23694,0,5.816044,0,1.11847,1.7,0.4,1.7,91.2,91.2,,Tripod,Other,,21,5,True,,True,False,,Smart,RC,False,True,False,,,True,,False,False,False,False,False,False,False,False,False,False,0,Follow Yaw,-77.9,0,83.1,83.1,False,False,False,False,False,,0,0,False,False,No Card,100,100,1024,1024,1024,1024,2,False,False,False,False,False,0,False,False,False,False,62,,45.852,,6276,,10044,,45.852,,True,3.821,3.821,3.821,3.821,3.821,3.821,3.821,3.821,3.821,3.821,3.821,3.821,0,,False,False,True,,,,,,,,,,,,,,,False,False,19.824,,106.8,,75.7,,106.8,,1139,124,,21,7,150780.1,20104.01,,Idle,,20,,10,,,20,Go Home,False,False,False,False,False,False,False,False,False,False,False,False,33.8027920380556,-117.4659261431046,4021.2,4043.5,1049.4,396.9,True,1,1,False,False,False,False,,True,False,False,Course Lock,196.8,67,16.4,93,W,S,2.9,11.4,Calm,False,False,Android,7.0.2,M300 RTK,1ZN7L4R0H1D00F,1W9DL31001461C,1ZMLH8300204F0,1Z6PH74DAP0QN7,"Corona, CA",728.3,5.7,137.7,8.547347,2.013246,0,0,DJI Matrice 300 RTK,M300 RTK,1ZN7L4R0H1D00F,1W9DL31001461C,1ZMLH8300204F0,1Z6PH74DAP0QN7,DJI Pilot,Android,7.0.2,1EF72A62-B7C3-C88D-164E-CE6F8C8424AE,1ZN7L4R0H1D00F,1W9DL31001461C,,1ZMLH8300204F0,1W9DL31001461C,,,,,
2023-11-01,11:36:04.17 AM,11m 41.8s,701.8,33.793838461599,-117.473663084993,-30.5,137.7,21.3,1233,5783.9,0,8.547335,0,2.23694,0,5.816044,0,1.11847,1.8,0.4,1.8,91.2,91.2,,Tripod,Other,,21,5,True,,True,False,,Smart,RC,False,True,False,,,True,,False,False,False,False,False,False,False,False,False,False,0,Follow Yaw,-77.9,0,83.1,83.1,False,False,False,False,False,,0,0,False,False,No Card,100,100,1024,1024,1024,1024,2,False,False,False,False,False,0,False,False,False,False,63,,45.816,,3141,,4986,,45.816,,True,3.821,3.821,3.821,3.821,3.821,3.821,3.821,3.821,3.821,3.821,3.821,3.821,0,,False,False,True,,,,,,,,,,,,,,,False,False,9.93,,106.5,,75.7,,106.8,,1139,124,,21,7,150780.1,20104.01,,Idle,,20,,10,,,20,Go Home,False,False,False,False,False,False,False,False,False,False,False,False,33.8027920380556,-117.4659261431046,4021.2,4043.5,1049.4,396.9,True,1,1,False,False,False,False,,True,False,False,Course Lock,196.8,67,16.4,93,W,S,2.9,11.4,Calm,False,False,Android,7.0.2,M300 RTK,1ZN7L4R0H1D00F,1W9DL31001461C,1ZMLH8300204F0,1Z6PH74DAP0QN7,"Corona, CA",728.3,5.7,137.7,8.547347,2.013246,0,0,DJI Matrice 300 RTK,M300 RTK,1ZN7L4R0H1D00F,1W9DL31001461C,1ZMLH8300204F0,1Z6PH74DAP0QN7,DJI Pilot,Android,7.0.2,1EF72A62-B7C3-C88D-164E-CE6F8C8424AE,1ZN7L4R0H1D00F,1W9DL31001461C,,1ZMLH8300204F0,1W9DL31001461C,,,,,
2023-11-01,11:36:04.27 AM,11m 41.9s,701.9,33.7938384144488,-117.4736631470075,-30.5,137.7,20.9,1233,5783.9,0,8.547335,0,2.23694,0,5.816044,0,1.11847,1.9,0.4,1.9,91.2,91.2,,Tripod,Other,,21,5,True,,True,False,,Smart,RC,False,True,False,,,True,,False,False,False,False,False,False,False,False,False,False,0,Follow Yaw,-77.9,0,83.1,83.1,False,False,False,False,False,,0,0,False,False,No Card,100,100,1024,1024,1024,1024,2,False,False,False,False,False,0,False,False,False,False,63,,45.816,,3141,,4986,,45.816,,True,3.821,3.821,3.821,3.821,3.821,3.821,3.821,3.821,3.821,3.821,3.821,3.821,0,,False,False,True,,,,,,,,,,,,,,,False,False,9.93,,106.5,,75.7,,106.8,,1139,124,,21,7,150780.1,20104.01,,Idle,,20,,10,,,20,Go Home,False,False,False,False,False,False,False,False,False,False,False,False,33.8027920380556,-117.4659261431046,4021.3,4043.5,1049.4,396.9,True,1,1,False,False,False,False,,True,False,False,Course Lock,196.8,67,16.4,93,W,S,2.9,11.4,Calm,False,True,Android,7.0.2,M300 RTK,1ZN7L4R0H1D00F,1W9DL31001461C,1ZMLH8300204F0,1Z6PH74DAP0QN7,"Corona, CA",728.3,5.7,137.7,8.547347,2.013246,0,0,DJI Matrice 300 RTK,M300 RTK,1ZN7L4R0H1D00F,1W9DL31001461C,1ZMLH8300204F0,1Z6PH74DAP0QN7,DJI Pilot,Android,7.0.2,1EF72A62-B7C3-C88D-164E-CE6F8C8424AE,1ZN7L4R0H1D00F,1W9DL31001461C,,1ZMLH8300204F0,1W9DL31001461C,,,,,
2023-11-01,11:36:04.37 AM,11m 42.0s,702.0,33.7938384272643,-117.4736631327409,-30.5,137.7,21.3,1233,5783.9,0,8.547335,0,2.23694,0,5.816044,0,1.11847,1.8,0.4,1.8,91.2,91.2,,Tripod,Other,,21,5,True,,True,False,,Smart,RC,False,True,False,,,True,,False,False,False,False,False,False,False,False,False,False,0,Follow Yaw,-76.5,0,83.1,83.1,False,False,False,False,False,,0,0,False,False,No Card,100,100,1024,1024,1024,1024,2,False,False,False,False,False,0,False,False,False,False,62,,45.864,,6276,,10044,,45.864,,True,3.821,3.821,3.821,3.821,3.821,3.821,3.821,3.821,3.821,3.821,3.821,3.821,0,,False,False,True,,,,,,,,,,,,,,,False,False,19.848,,106.8,,75.7,,106.8,,1139,124,,21,7,150780.1,20104.01,,Idle,,20,,10,,,20,Go Home,False,False,False,False,False,False,False,False,False,False,False,False,33.8027920380556,-117.4659261431046,4021.3,4043.5,1049.4,396.9,True,1,1,False,False,False,False,,True,False,False,Course Lock,196.8,67,16.4,93,W,S,3.13,11.4,Calm,False,False,Android,7.0.2,M300 RTK,1ZN7L4R0H1D00F,1W9DL31001461C,1ZMLH8300204F0,1Z6PH74DAP0QN7,"Corona, CA",728.3,5.7,137.7,8.547347,2.013246,0,0,DJI Matrice 300 RTK,M300 RTK,1ZN7L4R0H1D00F,1W9DL31001461C,1ZMLH8300204F0,1Z6PH74DAP0QN7,DJI Pilot,Android,7.0.2,1EF72A62-B7C3-C88D-164E-CE6F8C8424AE,1ZN7L4R0H1D00F,1W9DL31001461C,,1ZMLH8300204F0,1W9DL31001461C,,,,,
2023-11-01,11:36:04.47 AM,11m 42.1s,702.1,33.7938384024556,-117.4736631844472,-30.5,137.7,21.3,1233,5783.9,0,8.547335,0,2.23694,0,5.816044,0,1.11847,1.8,0.6,1.8,91.2,91.2,,Tripod,Other,,21,5,True,,True,False,,Smart,RC,False,True,False,,,True,,False,False,False,False,False,False,False,False,False,False,0,Follow Yaw,-72.5,0,83.1,83.1,False,False,False,False,False,,0,0,False,False,No Card,100,100,1024,1024,1024,1024,2,False,False,False,False,False,0,False,False,False,False,62,,45.864,,6276,,10044,,45.864,,True,3.821,3.821,3.821,3.821,3.821,3.821,3.821,3.821,3.821,3.821,3.821,3.821,0,,False,False,True,,,,,,,,,,,,,,,False,False,19.848,,106.8,,75.7,,106.8,,1139,124,,21,7,150780.1,20104.01,,Idle,,20,,10,,,20,Go Home,False,False,False,False,False,False,False,False,False,False,False,False,33.8027920380556,-117.4659261431046,4021.3,4043.5,1049.4,396.9,True,1,1,False,False,False,False,,True,False,False,Course Lock,196.8,67,16.4,93,W,S,3.13,11.4,Calm,False,True,Android,7.0.2,M300 RTK,1ZN7L4R0H1D00F,1W9DL31001461C,1ZMLH8300204F0,1Z6PH74DAP0QN7,"Corona, CA",728.3,5.7,137.7,8.547347,2.013246,0,0,DJI Matrice 300 RTK,M300 RTK,1ZN7L4R0H1D00F,1W9DL31001461C,1ZMLH8300204F0,1Z6PH74DAP0QN7,DJI Pilot,Android,7.0.2,1EF72A62-B7C3-C88D-164E-CE6F8C8424AE,1ZN7L4R0H1D00F,1W9DL31001461C,,1ZMLH8300204F0,1W9DL31001461C,,,,,
2023-11-01,11:36:04.57 AM,11m 42.2s,702.2,33.7938384100627,-117.4736631792518,-30.5,137.7,21.3,1233,5783.9,0,8.547335,0,2.23694,0,5.816044,0,1.11847,1.7,0.6,1.8,91.2,91.2,,Tripod,Other,,21,5,True,,True,False,,Smart,RC,False,True,False,,,True,,False,False,False,False,False,False,False,False,False,False,0,Follow Yaw,-71.9,0,83.1,83.1,False,False,False,False,False,,0,0,False,False,No Card,100,100,1024,1024,1024,1024,2,False,False,False,False,False,0,False,False,False,False,62,,45.864,,6276,,10044,,45.864,,True,3.821,3.821,3.821,3.821,3.821,3.821,3.821,3.821,3.821,3.821,3.821,3.821,0,,False,False,True,,,,,,,,,,,,,,,False,False,19.848,,106.8,,75.7,,106.8,,1139,124,,21,7,150780.1,20104.01,,Idle,,20,,10,,,20,Go Home,False,False,False,False,False,False,False,False,False,False,False,False,33.8027920380556,-117.4659261431046,4021.3,4043.5,1049.4,396.9,True,1,1,False,False,False,False,,True,False,False,Course Lock,196.8,67,16.4,93,W,S,3.13,11.4,Calm,False,False,Android,7.0.2,M300 RTK,1ZN7L4R0H1D00F,1W9DL31001461C,1ZMLH8300204F0,1Z6PH74DAP0QN7,"Corona, CA",728.3,5.7,137.7,8.547347,2.013246,0,0,DJI Matrice 300 RTK,M300 RTK,1ZN7L4R0H1D00F,1W9DL31001461C,1ZMLH8300204F0,1Z6PH74DAP0QN7,DJI Pilot,Android,7.0.2,1EF72A62-B7C3-C88D-164E-CE6F8C8424AE,1ZN7L4R0H1D00F,1W9DL31001461C,,1ZMLH8300204F0,1W9DL31001461C,,,,,
2023-11-01,11:36:04.68 AM,11m 42.3s,702.3,33.7938383872414,-117.4736632128156,-30.5,137.7,21.3,1233,5783.9,0,8.547335,0,2.23694,0,5.816044,0,1.11847,1.6,0.5,1.6,91.2,91.2,,Tripod,Other,,21,5,True,,True,False,,Smart,RC,False,True,False,,,True,,False,False,False,False,False,False,False,False,False,False,0,Follow Yaw,-71.9,0,83.1,83.1,False,False,False,False,False,,0,0,False,False,No Card,100,100,1024,1024,1024,1024,2,False,False,False,False,False,0,False,False,False,False,62,,45.864,,6276,,10044,,45.864,,True,3.821,3.821,3.821,3.821,3.821,3.821,3.821,3.821,3.821,3.821,3.821,3.821,0,,False,False,True,,,,,,,,,,,,,,,False,False,19.848,,106.8,,75.7,,106.8,,1137,124,,21,7,150687.9,20091.72,,Idle,,20,,10,,,20,Go Home,False,False,False,False,False,False,False,False,False,False,False,False,33.8027920380556,-117.4659261431046,4021.3,4043.5,1049.4,396.9,True,1,1,False,False,False,False,,True,False,False,Course Lock,196.8,67,16.4,93,W,S,3.13,11.4,Calm,False,True,Android,7.0.2,M300 RTK,1ZN7L4R0H1D00F,1W9DL31001461C,1ZMLH8300204F0,1Z6PH74DAP0QN7,"Corona, CA",728.3,5.7,137.7,8.547347,2.013246,0,0,DJI Matrice 300 RTK,M300 RTK,1ZN7L4R0H1D00F,1W9DL31001461C,1ZMLH8300204F0,1Z6PH74DAP0QN7,DJI Pilot,Android,7.0.2,1EF72A62-B7C3-C88D-164E-CE6F8C8424AE,1ZN7L4R0H1D00F,1W9DL31001461C,,1ZMLH8300204F0,1W9DL31001461C,,,,,
2023-11-01,11:36:04.78 AM,11m 42.4s,702.4,33.79383838731,-117.4736632071254,-30.5,137.7,20.9,1233,5783.9,0,8.547335,0,2.23694,0,5.816044,0,1.11847,1.7,0.5,1.7,91.2,91.2,,Tripod,Other,,21,5,True,,True,False,,Smart,RC,False,True,False,,,True,,False,False,False,False,False,False,False,False,False,False,0,Follow Yaw,-71.9,0,83.1,83.1,False,False,False,False,False,,0,0,False,False,No Card,100,100,1024,1024,1024,1024,2,False,False,False,False,False,0,False,False,False,False,62,,45.864,,6276,,10044,,45.864,,True,3.821,3.821,3.821,3.821,3.821,3.821,3.821,3.821,3.821,3.821,3.821,3.821,0,,False,False,True,,,,,,,,,,,,,,,False,False,19.848,,106.8,,75.7,,106.8,,1137,124,,21,7,150687.9,20091.72,,Idle,,20,,10,,,20,Go Home,False,False,False,False,False,False,False,False,False,False,False,False,33.8027920380556,-117.4659261431046,4021.3,4043.5,1049.4,396.9,True,1,1,False,False,False,False,,True,False,False,Course Lock,196.8,67,16.4,93,W,S,3.13,11.4,Calm,False,False,Android,7.0.2,M300 RTK,1ZN7L4R0H1D00F,1W9DL31001461C,1ZMLH8300204F0,1Z6PH74DAP0QN7,"Corona, CA",728.3,5.7,137.7,8.547347,2.013246,0,0,DJI Matrice 300 RTK,M300 RTK,1ZN7L4R0H1D00F,1W9DL31001461C,1ZMLH8300204F0,1Z6PH74DAP0QN7,DJI Pilot,Android,7.0.2,1EF72A62-B7C3-C88D-164E-CE6F8C8424AE,1ZN7L4R0H1D00F,1W9DL31001461C,,1ZMLH8300204F0,1W9DL31001461C,,,,,
2023-11-01,11:36:04.84 AM,11m 42.5s,702.5,33.7938383635978,-117.473663217681,-30.5,137.7,20.9,1233,5783.9,0,8.547335,0,2.23694,0,5.816044,0,1.11847,1.7,0.5,1.7,91.2,91.2,,Tripod,Other,,21,5,True,,True,False,,Smart,RC,False,True,False,,,True,,False,False,False,False,False,False,False,False,False,False,0,Follow Yaw,-71.9,0,83.1,83.1,False,False,False,False,False,,0,0,False,False,No Card,100,100,1024,1024,1024,1024,2,False,False,False,False,False,0,False,False,False,False,62,,45.864,,6276,,10044,,45.864,,True,3.821,3.821,3.821,3.821,3.821,3.821,3.821,3.821,3.821,3.821,3.821,3.821,0,,False,False,True,,,,,,,,,,,,,,,False,False,19.848,,106.8,,75.7,,106.8,,1137,124,,21,7,150687.9,20091.72,,Idle,,20,,10,,,20,Go Home,False,False,False,False,False,False,False,False,False,False,False,False,33.8027920380556,-117.4659261431046,4021.3,4043.5,1049.4,396.9,True,1,1,False,False,False,False,,True,False,False,Course Lock,196.8,67,16.4,93,W,S,3.13,11.4,Calm,False,False,Android,7.0.2,M300 RTK,1ZN7L4R0H1D00F,1W9DL31001461C,1ZMLH8300204F0,1Z6PH74DAP0QN7,"Corona, CA",728.3,5.7,137.7,8.547347,2.013246,0,0,DJI Matrice 300 RTK,M300 RTK,1ZN7L4R0H1D00F,1W9DL31001461C,1ZMLH8300204F0,1Z6PH74DAP0QN7,DJI Pilot,Android,7.0.2,1EF72A62-B7C3-C88D-164E-CE6F8C8424AE,1ZN7L4R0H1D00F,1W9DL31001461C,,1ZMLH8300204F0,1W9DL31001461C,,,,,
2023-11-01,11:36:04.94 AM,11m 42.6s,702.6,33.7938383599656,-117.4736632135577,-30.5,137.7,21.3,1233,5783.9,0,8.547335,0,2.23694,0,5.816044,0,1.11847,1.7,0.5,1.7,91.2,91.2,,Tripod,Other,,21,5,True,,True,False,,Smart,RC,False,True,False,,,True,,False,False,False,False,False,False,False,False,False,False,0,Follow Yaw,-71.9,0,83.1,83.1,False,False,False,False,False,,0,0,False,False,No Card,100,100,1024,1024,1024,1024,2,False,False,False,False,False,0,False,False,False,False,62,,45.864,,6276,,10044,,45.864,,True,3.821,3.821,3.821,3.821,3.821,3.821,3.821,3.821,3.821,3.821,3.821,3.821,0,,False,False,True,,,,,,,,,,,,,,,False,False,19.848,,106.8,,75.7,,106.8,,1137,124,,21,7,150687.9,20091.72,,Idle,,20,,10,,,20,Go Home,False,False,False,False,False,False,False,False,False,False,False,False,33.8027920380556,-117.4659261431046,4021.3,4043.5,1049.4,396.9,True,1,1,False,False,False,False,,True,False,False,Course Lock,196.8,67,16.4,93,W,S,3.13,11.4,Calm,False,False,Android,7.0.2,M300 RTK,1ZN7L4R0H1D00F,1W9DL31001461C,1ZMLH8300204F0,1Z6PH74DAP0QN7,"Corona, CA",728.3,5.7,137.7,8.547347,2.013246,0,0,DJI Matrice 300 RTK,M300 RTK,1ZN7L4R0H1D00F,1W9DL31001461C,1ZMLH8300204F0,1Z6PH74DAP0QN7,DJI Pilot,Android,7.0.2,1EF72A62-B7C3-C88D-164E-CE6F8C8424AE,1ZN7L4R0H1D00F,1W9DL31001461C,,1ZMLH8300204F0,1W9DL31001461C,,,,,
2023-11-01,11:36:05.04 AM,11m 42.7s,702.7,33.793838349069,-117.4736630558824,-30.5,137.7,21.3,1233,5784.0,0,8.547335,0,2.23694,0,5.816044,0,1.11847,1.7,0.4,1.7,91.2,91.2,,Tripod,Other,,21,5,True,,True,False,,Smart,RC,False,True,False,,,True,,False,False,False,False,False,False,False,False,False,False,0,Follow Yaw,-71.9,0,83.1,83.1,False,False,False,False,False,,0,0,False,False,No Card,100,100,1024,1024,1024,1024,2,False,False,False,False,False,0,False,False,False,False,62,,45.864,,6276,,10044,,45.864,,True,3.821,3.821,3.821,3.821,3.821,3.821,3.821,3.821,3.821,3.821,3.821,3.821,0,,False,False,True,,,,,,,,,,,,,,,False,False,19.848,,106.8,,75.7,,106.8,,1137,124,,21,7,150687.9,20091.72,,Idle,,20,,10,,,20,Go Home,False,False,False,False,False,False,False,False,False,False,False,False,33.8027920380556,-117.4659261431046,4021.3,4043.5,1049.4,396.9,True,1,1,False,False,False,False,,True,False,False,Course Lock,196.8,67,16.4,93,W,S,3.13,11.4,Calm,False,False,Android,7.0.2,M300 RTK,1ZN7L4R0H1D00F,1W9DL31001461C,1ZMLH8300204F0,1Z6PH74DAP0QN7,"Corona, CA",728.3,5.7,137.7,8.547347,2.013246,0,0,DJI Matrice 300 RTK,M300 RTK,1ZN7L4R0H1D00F,1W9DL31001461C,1ZMLH8300204F0,1Z6PH74DAP0QN7,DJI Pilot,Android,7.0.2,1EF72A62-B7C3-C88D-164E-CE6F8C8424AE,1ZN7L4R0H1D00F,1W9DL31001461C,,1ZMLH8300204F0,1W9DL31001461C,,,,,
2023-11-01,11:36:05.14 AM,11m 42.8s,702.8,33.7938383418731,-117.47366303741,-30.5,137.7,21.3,1233,5784.0,0,8.547335,0,2.23694,0,5.816044,0,1.11847,1.7,0.4,1.7,91.2,91.2,,Tripod,Other,,21,5,True,,True,False,,Smart,RC,False,True,False,,,True,,False,False,False,False,False,False,False,False,False,False,0,Follow Yaw,-71.9,0,83.1,83.1,False,False,False,False,False,,0,0,False,False,No Card,100,100,1024,1024,1024,1024,2,False,False,False,False,False,0,False,False,False,False,62,,45.864,,6276,,10044,,45.864,,True,3.821,3.821,3.821,3.821,3.821,3.821,3.821,3.821,3.821,3.821,3.821,3.821,0,,False,False,True,,,,,,,,,,,,,,,False,False,19.848,,106.8,,75.7,,106.8,,1137,124,,21,7,150687.9,20091.72,,Idle,,20,,10,,,20,Go Home,False,False,False,False,False,False,False,False,False,False,False,False,33.8027920380556,-117.4659261431046,4021.3,4043.5,1049.4,396.9,True,1,1,False,False,False,False,,True,False,False,Course Lock,196.8,67,16.4,93,W,S,3.13,11.4,Calm,False,False,Android,7.0.2,M300 RTK,1ZN7L4R0H1D00F,1W9DL31001461C,1ZMLH8300204F0,1Z6PH74DAP0QN7,"Corona, CA",728.3,5.7,137.7,8.547347,2.013246,0,0,DJI Matrice 300 RTK,M300 RTK,1ZN7L4R0H1D00F,1W9DL31001461C,1ZMLH8300204F0,1Z6PH74DAP0QN7,DJI Pilot,Android,7.0.2,1EF72A62-B7C3-C88D-164E-CE6F8C8424AE,1ZN7L4R0H1D00F,1W9DL31001461C,,1ZMLH8300204F0,1W9DL31001461C,,,,,
2023-11-01,11:36:05.24 AM,11m 42.9s,702.9,33.7938383439976,-117.4736630650361,-30.5,137.7,21.3,1233,5784.0,0,8.547335,0,2.23694,0,5.816044,0,1.11847,1.8,0.4,1.8,91.2,91.2,,Tripod,Other,,21,5,True,,True,False,,Smart,RC,False,True,False,,,True,,False,False,False,False,False,False,False,False,False,False,0,Follow Yaw,-71.9,0,83.1,83.1,False,False,False,False,False,,0,0,False,False,No Card,100,100,1024,1024,1024,1024,2,False,False,False,False,False,0,False,False,False,False,63,,45.828,,3141,,4986,,45.828,,True,3.821,3.821,3.821,3.821,3.821,3.821,3.821,3.821,3.821,3.821,3.821,3.821,0,,False,False,True,,,,,,,,,,,,,,,False,False,9.94,,106.7,,75.7,,106.8,,1137,124,,21,7,150687.9,20091.72,,Idle,,20,,10,,,20,Go Home,False,False,False,False,False,False,False,False,False,False,False,False,33.8027920380556,-117.4659261431046,4021.3,4043.5,1049.4,396.9,True,1,1,False,False,False,False,,True,False,False,Course Lock,196.8,67,16.4,93,W,S,3.13,11.4,Calm,False,True,Android,7.0.2,M300 RTK,1ZN7L4R0H1D00F,1W9DL31001461C,1ZMLH8300204F0,1Z6PH74DAP0QN7,"Corona, CA",728.3,5.7,137.7,8.547347,2.013246,0,0,DJI Matrice 300 RTK,M300 RTK,1ZN7L4R0H1D00F,1W9DL31001461C,1ZMLH8300204F0,1Z6PH74DAP0QN7,DJI Pilot,Android,7.0.2,1EF72A62-B7C3-C88D-164E-CE6F8C8424AE,1ZN7L4R0H1D00F,1W9DL31001461C,,1ZMLH8300204F0,1W9DL31001461C,,,,,
2023-11-01,11:36:05.34 AM,11m 43.0s,703.0,33.7938383408451,-117.4736630501922,-30.5,137.7,21.3,1233,5784.0,0,8.547335,0,2.23694,0,5.816044,0,1.11847,1.8,0.4,1.8,91.2,91.2,,Tripod,Other,,21,5,True,,True,False,,Smart,RC,False,True,False,,,True,,False,False,False,False,False,False,False,False,False,False,0,Follow Yaw,-71.9,0,83.1,83.1,False,False,False,False,False,,0,0,False,False,No Card,100,100,1024,1024,1024,1024,2,False,False,False,False,False,0,False,False,False,False,62,,45.852,,6276,,10044,,45.852,,True,3.821,3.821,3.821,3.821,3.821,3.821,3.821,3.821,3.821,3.821,3.821,3.821,0,,False,False,True,,,,,,,,,,,,,,,False,False,19.848,,106.8,,75.7,,106.8,,1137,124,,21,7,150687.9,20091.72,,Idle,,20,,10,,,20,Go Home,False,False,False,False,False,False,False,False,False,False,False,False,33.8027920380556,-117.4659261431046,4021.3,4043.5,1049.4,396.9,True,1,1,False,False,False,False,,True,False,False,Course Lock,196.8,67,16.4,93,W,S,3.13,11.4,Calm,False,False,Android,7.0.2,M300 RTK,1ZN7L4R0H1D00F,1W9DL31001461C,1ZMLH8300204F0,1Z6PH74DAP0QN7,"Corona, CA",728.3,5.7,137.7,8.547347,2.013246,0,0,DJI Matrice 300 RTK,M300 RTK,1ZN7L4R0H1D00F,1W9DL31001461C,1ZMLH8300204F0,1Z6PH74DAP0QN7,DJI Pilot,Android,7.0.2,1EF72A62-B7C3-C88D-164E-CE6F8C8424AE,1ZN7L4R0H1D00F,1W9DL31001461C,,1ZMLH8300204F0,1W9DL31001461C,,,,,
2023-11-01,11:36:05.44 AM,11m 43.1s,703.1,33.7938381921985,-117.4736630765814,-30.5,137.7,21.3,1233,5784.1,0,8.547335,0,2.23694,0,5.816044,0,1.11847,1.8,0.5,1.8,91.2,91.2,,Tripod,Other,,21,5,True,,True,False,,Smart,RC,False,True,False,,,True,,False,False,False,False,False,False,False,False,False,False,0,Follow Yaw,-71.9,0,83.1,83.1,False,False,False,False,False,,0,0,False,False,No Card,100,100,1024,1024,1024,1024,2,False,False,False,False,False,0,False,False,False,False,62,,45.852,,6276,,10044,,45.852,,True,3.821,3.821,3.821,3.821,3.821,3.821,3.821,3.821,3.821,3.821,3.821,3.821,0,,False,False,True,,,,,,,,,,,,,,,False,False,19.848,,106.8,,75.7,,106.8,,1137,124,,21,7,150687.9,20091.72,,Idle,,20,,10,,,20,Go Home,False,False,False,False,False,False,False,False,False,False,False,False,33.8027920380556,-117.4659261431046,4021.3,4043.5,1049.4,396.9,True,1,1,False,False,False,False,,True,False,False,Course Lock,196.8,67,16.4,93,W,S,3.13,11.4,Calm,False,False,Android,7.0.2,M300 RTK,1ZN7L4R0H1D00F,1W9DL31001461C,1ZMLH8300204F0,1Z6PH74DAP0QN7,"Corona, CA",728.3,5.7,137.7,8.547347,2.013246,0,0,DJI Matrice 300 RTK,M300 RTK,1ZN7L4R0H1D00F,1W9DL31001461C,1ZMLH8300204F0,1Z6PH74DAP0QN7,DJI Pilot,Android,7.0.2,1EF72A62-B7C3-C88D-164E-CE6F8C8424AE,1ZN7L4R0H1D00F,1W9DL31001461C,,1ZMLH8300204F0,1W9DL31001461C,,,,,
2023-11-01,11:36:05.54 AM,11m 43.2s,703.2,33.7938381791089,-117.4736630661906,-30.5,137.7,21.3,1233,5784.1,0,8.547335,0,2.23694,0,5.816044,0,1.11847,1.8,0.5,1.8,91.3,91.3,,Tripod,Other,,21,5,True,,True,False,,Smart,RC,False,True,False,,,True,,False,False,False,False,False,False,False,False,False,False,0,Follow Yaw,-71.9,0,83.1,83.1,False,False,False,False,False,,0,0,False,False,No Card,100,100,1024,1024,1024,1024,2,False,False,False,False,False,0,False,False,False,False,62,,45.852,,6276,,10044,,45.852,,True,3.821,3.821,3.821,3.821,3.821,3.821,3.821,3.821,3.821,3.821,3.821,3.821,0,,False,False,True,,,,,,,,,,,,,,,False,False,19.848,,106.8,,75.7,,106.8,,1137,124,,21,7,150687.9,20091.72,,Idle,,20,,10,,,20,Go Home,False,False,False,False,False,False,False,False,False,False,False,False,33.8027920380556,-117.4659261431046,4021.3,4043.5,1049.4,396.9,True,1,1,False,False,False,False,,True,False,False,Course Lock,196.8,67,16.4,93,W,S,3.13,11.4,Calm,False,False,Android,7.0.2,M300 RTK,1ZN7L4R0H1D00F,1W9DL31001461C,1ZMLH8300204F0,1Z6PH74DAP0QN7,"Corona, CA",728.3,5.7,137.7,8.547347,2.013246,0,0,DJI Matrice 300 RTK,M300 RTK,1ZN7L4R0H1D00F,1W9DL31001461C,1ZMLH8300204F0,1Z6PH74DAP0QN7,DJI Pilot,Android,7.0.2,1EF72A62-B7C3-C88D-164E-CE6F8C8424AE,1ZN7L4R0H1D00F,1W9DL31001461C,,1ZMLH8300204F0,1W9DL31001461C,,,,,
2023-11-01,11:36:05.64 AM,11m 43.3s,703.3,33.7938383804568,-117.473663094559,-30.5,137.7,21.3,1233,5784.2,0,8.547335,0,2.23694,0,5.816044,0,1.11847,1.7,0.5,1.7,91.3,91.3,,Tripod,Other,,21,5,True,,True,False,,Smart,RC,False,True,False,,,True,,False,False,False,False,False,False,False,False,False,False,0,Follow Yaw,-71.9,0,83.1,83.1,False,False,False,False,False,,0,0,False,False,No Card,100,100,1024,1024,1024,1024,2,False,False,False,False,False,0,False,False,False,False,62,,45.852,,6276,,10044,,45.852,,True,3.823,3.823,3.823,3.823,3.823,3.823,3.823,3.823,3.823,3.823,3.823,3.823,0,,False,False,True,,,,,,,,,,,,,,,False,False,19.848,,106.8,,75.7,,106.8,,1136,124,,21,7,150478.3,20063.78,,Idle,,20,,10,,,20,Go Home,False,False,False,False,False,False,False,False,False,False,False,False,33.8027920380556,-117.4659261431046,4021.3,4043.5,1049.4,396.9,True,1,1,False,False,False,False,,True,False,False,Course Lock,196.8,67,16.4,93,W,S,3.13,11.4,Calm,False,False,Android,7.0.2,M300 RTK,1ZN7L4R0H1D00F,1W9DL31001461C,1ZMLH8300204F0,1Z6PH74DAP0QN7,"Corona, CA",728.3,5.7,137.7,8.547347,2.013246,0,0,DJI Matrice 300 RTK,M300 RTK,1ZN7L4R0H1D00F,1W9DL31001461C,1ZMLH8300204F0,1Z6PH74DAP0QN7,DJI Pilot,Android,7.0.2,1EF72A62-B7C3-C88D-164E-CE6F8C8424AE,1ZN7L4R0H1D00F,1W9DL31001461C,,1ZMLH8300204F0,1W9DL31001461C,,,,,
2023-11-01,11:36:05.74 AM,11m 43.4s,703.4,33.7938383849114,-117.4736630887864,-30.5,137.7,21.3,1233,5784.2,0,8.547335,0,2.23694,0,5.816044,0,1.11847,1.6,0.5,1.6,91.3,91.3,,Tripod,Other,,21,5,True,,True,False,,Smart,RC,False,True,False,,,True,,False,False,False,False,False,False,False,False,False,False,0,Follow Yaw,-71.9,0,83.1,83.1,False,False,False,False,False,,0,0,False,False,No Card,100,100,1024,1024,1024,1024,2,False,False,False,False,False,0,False,False,False,False,62,,45.852,,6276,,10044,,45.852,,True,3.823,3.823,3.823,3.823,3.823,3.823,3.823,3.823,3.823,3.823,3.823,3.823,0,,False,False,True,,,,,,,,,,,,,,,False,False,19.848,,106.8,,75.7,,106.8,,1136,124,,21,7,150478.3,20063.78,,Idle,,20,,10,,,20,Go Home,False,False,False,False,False,False,False,False,False,False,False,False,33.8027920380556,-117.4659261431046,4021.3,4043.5,1049.4,396.9,True,1,1,False,False,False,False,,True,False,False,Course Lock,196.8,67,16.4,93,W,S,3.13,11.4,Calm,False,False,Android,7.0.2,M300 RTK,1ZN7L4R0H1D00F,1W9DL31001461C,1ZMLH8300204F0,1Z6PH74DAP0QN7,"Corona, CA",728.3,5.7,137.7,8.547347,2.013246,0,0,DJI Matrice 300 RTK,M300 RTK,1ZN7L4R0H1D00F,1W9DL31001461C,1ZMLH8300204F0,1Z6PH74DAP0QN7,DJI Pilot,Android,7.0.2,1EF72A62-B7C3-C88D-164E-CE6F8C8424AE,1ZN7L4R0H1D00F,1W9DL31001461C,,1ZMLH8300204F0,1W9DL31001461C,,,,,
2023-11-01,11:36:05.80 AM,11m 43.5s,703.5,33.7938383836092,-117.4736631064342,-30.5,137.7,21.3,1233,5784.2,0,8.547335,0,2.23694,0,5.816044,0,1.11847,1.6,0.5,1.6,91.3,91.3,,Tripod,Other,,21,5,True,,True,False,,Smart,RC,False,True,False,,,True,,False,False,False,False,False,False,False,False,False,False,0,Follow Yaw,-71.9,0,83.1,83.1,False,False,False,False,False,,0,0,False,False,No Card,100,100,1024,1024,1024,1024,2,False,False,False,False,False,0,False,False,False,False,62,,45.852,,6276,,10044,,45.852,,True,3.823,3.823,3.823,3.823,3.823,3.823,3.823,3.823,3.823,3.823,3.823,3.823,0,,False,False,True,,,,,,,,,,,,,,,False,False,19.848,,106.8,,75.7,,106.8,,1136,124,,21,7,150478.3,20063.78,,Idle,,20,,10,,,20,Go Home,False,False,False,False,False,False,False,False,False,False,False,False,33.8027920380556,-117.4659261431046,4021.3,4043.5,1049.4,396.9,True,1,1,False,False,False,False,,True,False,False,Course Lock,196.8,67,16.4,93,W,S,3.13,11.4,Calm,False,True,Android,7.0.2,M300 RTK,1ZN7L4R0H1D00F,1W9DL31001461C,1ZMLH8300204F0,1Z6PH74DAP0QN7,"Corona, CA",728.3,5.7,137.7,8.547347,2.013246,0,0,DJI Matrice 300 RTK,M300 RTK,1ZN7L4R0H1D00F,1W9DL31001461C,1ZMLH8300204F0,1Z6PH74DAP0QN7,DJI Pilot,Android,7.0.2,1EF72A62-B7C3-C88D-164E-CE6F8C8424AE,1ZN7L4R0H1D00F,1W9DL31001461C,,1ZMLH8300204F0,1W9DL31001461C,,,,,
2023-11-01,11:36:05.94 AM,11m 43.6s,703.6,33.7938383878582,-117.4736631002492,-30.5,137.7,21.3,1233,5784.2,0,8.547335,0,2.23694,0,5.816044,0,1.11847,1.6,0.5,1.6,91.3,91.3,,Tripod,Other,,21,5,True,,True,False,,Smart,RC,False,True,False,,,True,,False,False,False,False,False,False,False,False,False,False,0,Follow Yaw,-71.9,0,83.1,83.1,False,False,False,False,False,,0,0,False,False,No Card,100,100,1024,1024,1024,1024,2,False,False,False,False,False,0,False,False,False,False,62,,45.852,,6276,,10044,,45.852,,True,3.823,3.823,3.823,3.823,3.823,3.823,3.823,3.823,3.823,3.823,3.823,3.823,0,,False,False,True,,,,,,,,,,,,,,,False,False,19.848,,106.8,,75.7,,106.8,,1136,124,,21,7,150478.3,20063.78,,Idle,,20,,10,,,20,Go Home,False,False,False,False,False,False,False,False,False,False,False,False,33.8027920380556,-117.4659261431046,4021.3,4043.5,1049.4,396.9,True,1,1,False,False,False,False,,True,False,False,Course Lock,196.8,67,16.4,93,W,S,3.13,11.4,Calm,False,False,Android,7.0.2,M300 RTK,1ZN7L4R0H1D00F,1W9DL31001461C,1ZMLH8300204F0,1Z6PH74DAP0QN7,"Corona, CA",728.3,5.7,137.7,8.547347,2.013246,0,0,DJI Matrice 300 RTK,M300 RTK,1ZN7L4R0H1D00F,1W9DL31001461C,1ZMLH8300204F0,1Z6PH74DAP0QN7,DJI Pilot,Android,7.0.2,1EF72A62-B7C3-C88D-164E-CE6F8C8424AE,1ZN7L4R0H1D00F,1W9DL31001461C,,1ZMLH8300204F0,1W9DL31001461C,,,,,
2023-11-01,11:36:06.04 AM,11m 43.7s,703.7,33.7938385378754,-117.4736631027232,-30.5,137.7,21.3,1233,5784.2,0,8.547335,0,2.23694,0,5.816044,0,1.11847,1.7,0.5,1.7,91.3,91.3,,Tripod,Other,,21,5,True,,True,False,,Smart,RC,False,True,False,,,True,,False,False,False,False,False,False,False,False,False,False,0,Follow Yaw,-71.9,0,83.1,83.1,False,False,False,False,False,,0,0,False,False,No Card,100,100,1024,1024,1024,1024,2,False,False,False,False,False,0,False,False,False,False,62,,45.852,,6276,,10044,,45.852,,True,3.823,3.823,3.823,3.823,3.823,3.823,3.823,3.823,3.823,3.823,3.823,3.823,0,,False,False,True,,,,,,,,,,,,,,,False,False,19.848,,106.8,,75.7,,106.8,,1136,124,,21,7,150478.3,20063.78,,Idle,,20,,10,,,20,Go Home,False,False,False,False,False,False,False,False,False,False,False,False,33.8027920380556,-117.4659261431046,4021.2,4043.5,1049.4,396.9,True,1,1,False,False,False,False,,True,False,False,Course Lock,196.8,67,16.4,93,W,S,3.13,11.4,Calm,False,False,Android,7.0.2,M300 RTK,1ZN7L4R0H1D00F,1W9DL31001461C,1ZMLH8300204F0,1Z6PH74DAP0QN7,"Corona, CA",728.3,5.7,137.7,8.547347,2.013246,0,0,DJI Matrice 300 RTK,M300 RTK,1ZN7L4R0H1D00F,1W9DL31001461C,1ZMLH8300204F0,1Z6PH74DAP0QN7,DJI Pilot,Android,7.0.2,1EF72A62-B7C3-C88D-164E-CE6F8C8424AE,1ZN7L4R0H1D00F,1W9DL31001461C,,1ZMLH8300204F0,1W9DL31001461C,,,,,
2023-11-01,11:36:06.14 AM,11m 43.8s,703.8,33.7938385569959,-117.4736630989297,-30.5,137.7,20.9,1233,5784.2,0,8.547335,0,2.23694,0,5.816044,0,1.11847,1.7,0.5,1.7,91.4,91.4,,Tripod,Other,,21,5,True,,True,False,,Smart,RC,False,True,False,,,True,,False,False,False,False,False,False,False,False,False,False,0,Follow Yaw,-71.9,0,83.1,83.1,False,False,False,False,False,,0,0,False,False,No Card,100,100,1024,1024,1024,1024,2,False,False,False,False,False,0,False,False,False,False,62,,45.852,,6276,,10044,,45.852,,True,3.823,3.823,3.823,3.823,3.823,3.823,3.823,3.823,3.823,3.823,3.823,3.823,0,,False,False,True,,,,,,,,,,,,,,,False,False,19.848,,106.8,,75.7,,106.8,,1136,124,,21,7,150478.3,20063.78,,Idle,,20,,10,,,20,Go Home,False,False,False,False,False,False,False,False,False,False,False,False,33.8027920380556,-117.4659261431046,4021.2,4043.5,1049.4,396.9,True,1,1,False,False,False,False,,True,False,False,Course Lock,196.8,67,16.4,93,W,S,3.13,11.4,Calm,False,False,Android,7.0.2,M300 RTK,1ZN7L4R0H1D00F,1W9DL31001461C,1ZMLH8300204F0,1Z6PH74DAP0QN7,"Corona, CA",728.3,5.7,137.7,8.547347,2.013246,0,0,DJI Matrice 300 RTK,M300 RTK,1ZN7L4R0H1D00F,1W9DL31001461C,1ZMLH8300204F0,1Z6PH74DAP0QN7,DJI Pilot,Android,7.0.2,1EF72A62-B7C3-C88D-164E-CE6F8C8424AE,1ZN7L4R0H1D00F,1W9DL31001461C,,1ZMLH8300204F0,1W9DL31001461C,,,,,
2023-11-01,11:36:06.24 AM,11m 43.9s,703.9,33.7938385287606,-117.4736632667484,-30.5,137.7,20.9,1233,5784.3,0,8.547335,0,2.23694,0,5.816044,0,1.11847,1.6,0.6,1.7,91.4,91.4,,Tripod,Other,,21,5,True,,True,False,,Smart,RC,False,True,False,,,True,,False,False,False,False,False,False,False,False,False,False,0,Follow Yaw,-71.9,0,83.1,83.1,False,False,False,False,False,,0,0,False,False,No Card,100,100,1024,1024,1024,1024,2,False,False,False,False,False,0,False,False,False,False,62,,45.852,,6276,,10044,,45.852,,True,3.823,3.823,3.823,3.823,3.823,3.823,3.823,3.823,3.823,3.823,3.823,3.823,0,,False,False,True,,,,,,,,,,,,,,,False,False,19.848,,106.8,,75.7,,106.8,,1136,124,,21,7,150478.3,20063.78,,Idle,,20,,10,,,20,Go Home,False,False,False,False,False,False,False,False,False,False,False,False,33.8027920380556,-117.4659261431046,4021.2,4043.5,1049.4,396.9,True,1,1,False,False,False,False,,True,False,False,Course Lock,196.8,67,16.4,93,W,S,3.13,11.4,Calm,False,True,Android,7.0.2,M300 RTK,1ZN7L4R0H1D00F,1W9DL31001461C,1ZMLH8300204F0,1Z6PH74DAP0QN7,"Corona, CA",728.3,5.7,137.7,8.547347,2.013246,0,0,DJI Matrice 300 RTK,M300 RTK,1ZN7L4R0H1D00F,1W9DL31001461C,1ZMLH8300204F0,1Z6PH74DAP0QN7,DJI Pilot,Android,7.0.2,1EF72A62-B7C3-C88D-164E-CE6F8C8424AE,1ZN7L4R0H1D00F,1W9DL31001461C,,1ZMLH8300204F0,1W9DL31001461C,,,,,
2023-11-01,11:36:06.34 AM,11m 44.0s,704.0,33.7938385451399,-117.473663279943,-30.5,137.7,20.9,1233,5784.3,0,8.547335,0,2.23694,0,5.816044,0,1.11847,1.5,0.7,1.6,91.4,91.4,,Tripod,Other,,21,5,True,,True,False,,Smart,RC,False,True,False,,,True,,False,False,False,False,False,False,False,False,False,False,0,Follow Yaw,-71.9,0,83.1,83.1,False,False,False,False,False,,0,0,False,False,No Card,100,100,1024,1024,1024,1024,2,False,False,False,False,False,0,False,False,False,False,62,,45.864,,6226,,10044,,45.864,,True,3.823,3.823,3.823,3.823,3.823,3.823,3.823,3.823,3.823,3.823,3.823,3.823,0,,False,False,True,,,,,,,,,,,,,,,False,False,19.782,,106.8,,75.7,,106.8,,1136,124,,21,7,150478.3,20063.78,,Idle,,20,,10,,,20,Go Home,False,False,False,False,False,False,False,False,False,False,False,False,33.8027920380556,-117.4659261431046,4021.2,4043.5,1049.4,396.9,True,1,1,False,False,False,False,,True,False,False,Course Lock,196.8,67,16.4,93,W,S,3.13,11.4,Calm,False,True,Android,7.0.2,M300 RTK,1ZN7L4R0H1D00F,1W9DL31001461C,1ZMLH8300204F0,1Z6PH74DAP0QN7,"Corona, CA",728.3,5.7,137.7,8.547347,2.013246,0,0,DJI Matrice 300 RTK,M300 RTK,1ZN7L4R0H1D00F,1W9DL31001461C,1ZMLH8300204F0,1Z6PH74DAP0QN7,DJI Pilot,Android,7.0.2,1EF72A62-B7C3-C88D-164E-CE6F8C8424AE,1ZN7L4R0H1D00F,1W9DL31001461C,,1ZMLH8300204F0,1W9DL31001461C,,,,,
2023-11-01,11:36:06.44 AM,11m 44.1s,704.1,33.7938386728155,-117.4736632653465,-30.5,137.7,20.9,1233,5784.3,0,8.547335,0,2.23694,0,5.816044,0,1.11847,1.5,0.8,1.7,91.4,91.4,,Tripod,Other,,21,5,True,,True,False,,Smart,RC,False,True,False,,,True,,False,False,False,False,False,False,False,False,False,False,0,Follow Yaw,-71.9,0,83.1,83.1,False,False,False,False,False,,0,0,False,False,No Card,100,100,1024,1024,1024,1024,2,False,False,False,False,False,0,False,False,False,False,62,,45.864,,6226,,10044,,45.864,,True,3.823,3.823,3.823,3.823,3.823,3.823,3.823,3.823,3.823,3.823,3.823,3.823,0,,False,False,True,,,,,,,,,,,,,,,False,False,19.782,,106.8,,75.7,,106.8,,1136,124,,21,7,150478.3,20063.78,,Idle,,20,,10,,,20,Go Home,False,False,False,False,False,False,False,False,False,False,False,False,33.8027920380556,-117.4659261431046,4021.2,4043.5,1049.4,396.9,True,1,1,False,False,False,False,,True,False,False,Course Lock,196.8,67,16.4,93,W,S,3.13,11.4,Calm,False,False,Android,7.0.2,M300 RTK,1ZN7L4R0H1D00F,1W9DL31001461C,1ZMLH8300204F0,1Z6PH74DAP0QN7,"Corona, CA",728.3,5.7,137.7,8.547347,2.013246,0,0,DJI Matrice 300 RTK,M300 RTK,1ZN7L4R0H1D00F,1W9DL31001461C,1ZMLH8300204F0,1Z6PH74DAP0QN7,DJI Pilot,Android,7.0.2,1EF72A62-B7C3-C88D-164E-CE6F8C8424AE,1ZN7L4R0H1D00F,1W9DL31001461C,,1ZMLH8300204F0,1W9DL31001461C,,,,,
2023-11-01,11:36:06.54 AM,11m 44.2s,704.2,33.7938386959794,-117.4736632760671,-30.5,137.7,20.9,1233,5784.3,0,8.547335,0,2.23694,0,5.816044,0,1.11847,1.4,0.7,1.5,91.3,91.3,,Tripod,Other,,21,5,True,,True,False,,Smart,RC,False,True,False,,,True,,False,False,False,False,False,False,False,False,False,False,0,Follow Yaw,-71.9,0,83.1,83.1,False,False,False,False,False,,0,0,False,False,No Card,100,100,1024,1024,1024,1024,2,False,False,False,False,False,0,False,False,False,False,62,,45.864,,6226,,10044,,45.864,,True,3.823,3.823,3.823,3.823,3.823,3.823,3.823,3.823,3.823,3.823,3.823,3.823,0,,False,False,True,,,,,,,,,,,,,,,False,False,19.782,,106.8,,75.7,,106.8,,1136,124,,21,7,150478.3,20063.78,,Idle,,20,,10,,,20,Go Home,False,False,False,False,False,False,False,False,False,False,False,False,33.8027920380556,-117.4659261431046,4021.2,4043.5,1049.4,396.9,True,1,1,False,False,False,False,,True,False,False,Course Lock,196.8,67,16.4,93,W,S,3.13,11.4,Calm,False,False,Android,7.0.2,M300 RTK,1ZN7L4R0H1D00F,1W9DL31001461C,1ZMLH8300204F0,1Z6PH74DAP0QN7,"Corona, CA",728.3,5.7,137.7,8.547347,2.013246,0,0,DJI Matrice 300 RTK,M300 RTK,1ZN7L4R0H1D00F,1W9DL31001461C,1ZMLH8300204F0,1Z6PH74DAP0QN7,DJI Pilot,Android,7.0.2,1EF72A62-B7C3-C88D-164E-CE6F8C8424AE,1ZN7L4R0H1D00F,1W9DL31001461C,,1ZMLH8300204F0,1W9DL31001461C,,,,,
2023-11-01,11:36:06.62 AM,11m 44.3s,704.3,33.7938386380696,-117.4736634146103,-30.5,137.7,20.9,1233,5784.4,0,8.547335,0,2.23694,0,5.816044,0,1.11847,1.5,0.6,1.6,91.2,91.2,,Tripod,Other,,21,5,True,,True,False,,Smart,RC,False,True,False,,,True,,False,False,False,False,False,False,False,False,False,False,0,Follow Yaw,-71.9,0,83.1,83.1,False,False,False,False,False,,0,0,False,False,No Card,100,100,1024,1024,1024,1024,2,False,False,False,False,False,0,False,False,False,False,62,,45.864,,6226,,10044,,45.864,,True,3.823,3.823,3.823,3.823,3.823,3.823,3.823,3.823,3.823,3.823,3.823,3.823,0,,False,False,True,,,,,,,,,,,,,,,False,False,19.782,,106.8,,75.7,,106.8,,1134,124,,21,7,150203.9,20027.19,,Idle,,20,,10,,,20,Go Home,False,False,False,False,False,False,False,False,False,False,False,False,33.8027920380556,-117.4659261431046,4021.2,4043.5,1049.4,396.9,True,1,1,False,False,False,False,,True,False,False,Course Lock,196.8,67,16.4,93,W,S,3.13,11.4,Calm,False,True,Android,7.0.2,M300 RTK,1ZN7L4R0H1D00F,1W9DL31001461C,1ZMLH8300204F0,1Z6PH74DAP0QN7,"Corona, CA",728.3,5.7,137.7,8.547347,2.013246,0,0,DJI Matrice 300 RTK,M300 RTK,1ZN7L4R0H1D00F,1W9DL31001461C,1ZMLH8300204F0,1Z6PH74DAP0QN7,DJI Pilot,Android,7.0.2,1EF72A62-B7C3-C88D-164E-CE6F8C8424AE,1ZN7L4R0H1D00F,1W9DL31001461C,,1ZMLH8300204F0,1W9DL31001461C,,,,,
2023-11-01,11:36:06.72 AM,11m 44.4s,704.4,33.7938386565048,-117.4736634372885,-30.5,137.7,20.9,1233,5784.4,0,8.547335,0,2.23694,0,5.816044,0,1.11847,1.4,0.4,1.4,91.2,91.2,,Tripod,Other,,21,5,True,,True,False,,Smart,RC,False,True,False,,,True,,False,False,False,False,False,False,False,False,False,False,0,Follow Yaw,-71.9,0,83.1,83.1,False,False,False,False,False,,0,0,False,False,No Card,100,100,1024,1024,1024,1024,2,False,False,False,False,False,0,False,False,False,False,62,,45.864,,6226,,10044,,45.864,,True,3.823,3.823,3.823,3.823,3.823,3.823,3.823,3.823,3.823,3.823,3.823,3.823,0,,False,False,True,,,,,,,,,,,,,,,False,False,19.782,,106.8,,75.7,,106.8,,1134,124,,21,7,150203.9,20027.19,,Idle,,20,,10,,,20,Go Home,False,False,False,False,False,False,False,False,False,False,False,False,33.8027920380556,-117.4659261431046,4021.2,4043.5,1049.4,396.9,True,1,1,False,False,False,False,,True,False,False,Course Lock,196.8,67,16.4,93,W,S,3.13,11.4,Calm,False,True,Android,7.0.2,M300 RTK,1ZN7L4R0H1D00F,1W9DL31001461C,1ZMLH8300204F0,1Z6PH74DAP0QN7,"Corona, CA",728.3,5.7,137.7,8.547347,2.013246,0,0,DJI Matrice 300 RTK,M300 RTK,1ZN7L4R0H1D00F,1W9DL31001461C,1ZMLH8300204F0,1Z6PH74DAP0QN7,DJI Pilot,Android,7.0.2,1EF72A62-B7C3-C88D-164E-CE6F8C8424AE,1ZN7L4R0H1D00F,1W9DL31001461C,,1ZMLH8300204F0,1W9DL31001461C,,,,,
2023-11-01,11:36:06.82 AM,11m 44.5s,704.5,33.7938386197715,-117.4736635516691,-30.5,137.7,21.3,1233,5784.4,0,8.547335,0,2.23694,0,5.816044,0,1.11847,1.4,0.4,1.4,91.2,91.2,,Tripod,Other,,21,5,True,,True,False,,Smart,RC,False,True,False,,,True,,False,False,False,False,False,False,False,False,False,False,0,Follow Yaw,-71.9,0,83.1,83.1,False,False,False,False,False,,0,0,False,False,No Card,100,100,1024,1024,1024,1024,2,False,False,False,False,False,0,False,False,False,False,62,,45.864,,6226,,10044,,45.864,,True,3.823,3.823,3.823,3.823,3.823,3.823,3.823,3.823,3.823,3.823,3.823,3.823,0,,False,False,True,,,,,,,,,,,,,,,False,False,19.782,,106.8,,75.7,,106.8,,1134,124,,21,7,150203.9,20027.19,,Idle,,20,,10,,,20,Go Home,False,False,False,False,False,False,False,False,False,False,False,False,33.8027920380556,-117.4659261431046,4021.3,4043.5,1049.4,396.9,True,1,1,False,False,False,False,,True,False,False,Course Lock,196.8,67,16.4,93,W,S,3.13,11.4,Calm,False,True,Android,7.0.2,M300 RTK,1ZN7L4R0H1D00F,1W9DL31001461C,1ZMLH8300204F0,1Z6PH74DAP0QN7,"Corona, CA",728.3,5.7,137.7,8.547347,2.013246,0,0,DJI Matrice 300 RTK,M300 RTK,1ZN7L4R0H1D00F,1W9DL31001461C,1ZMLH8300204F0,1Z6PH74DAP0QN7,DJI Pilot,Android,7.0.2,1EF72A62-B7C3-C88D-164E-CE6F8C8424AE,1ZN7L4R0H1D00F,1W9DL31001461C,,1ZMLH8300204F0,1W9DL31001461C,,,,,
2023-11-01,11:36:06.94 AM,11m 44.6s,704.6,33.7938386430725,-117.4736635819342,-30.5,137.7,21.3,1233,5784.4,0,8.547335,0,2.23694,0,5.816044,0,1.11847,1.5,0.5,1.5,91.2,91.2,,Tripod,Other,,21,5,True,,True,False,,Smart,RC,False,True,False,,,True,,False,False,False,False,False,False,False,False,False,False,0,Follow Yaw,-71.9,0,83.1,83.1,False,False,False,False,False,,0,0,False,False,No Card,100,100,1024,1024,1024,1024,2,False,False,False,False,False,0,False,False,False,False,62,,45.864,,6226,,10044,,45.864,,True,3.823,3.823,3.823,3.823,3.823,3.823,3.823,3.823,3.823,3.823,3.823,3.823,0,,False,False,True,,,,,,,,,,,,,,,False,False,19.782,,106.8,,75.7,,106.8,,1134,124,,21,7,150203.9,20027.19,,Idle,,20,,10,,,20,Go Home,False,False,False,False,False,False,False,False,False,False,False,False,33.8027920380556,-117.4659261431046,4021.3,4043.5,1049.4,396.9,True,1,1,False,False,False,False,,True,False,False,Course Lock,196.8,67,16.4,93,W,S,3.13,11.4,Calm,False,True,Android,7.0.2,M300 RTK,1ZN7L4R0H1D00F,1W9DL31001461C,1ZMLH8300204F0,1Z6PH74DAP0QN7,"Corona, CA",728.3,5.7,137.7,8.547347,2.013246,0,0,DJI Matrice 300 RTK,M300 RTK,1ZN7L4R0H1D00F,1W9DL31001461C,1ZMLH8300204F0,1Z6PH74DAP0QN7,DJI Pilot,Android,7.0.2,1EF72A62-B7C3-C88D-164E-CE6F8C8424AE,1ZN7L4R0H1D00F,1W9DL31001461C,,1ZMLH8300204F0,1W9DL31001461C,,,,,
2023-11-01,11:36:07.02 AM,11m 44.7s,704.7,33.7938386436208,-117.4736633714805,-30.5,137.7,21.3,1233,5784.5,0,8.547335,0,2.23694,0,5.816044,0,1.11847,1.6,0.7,1.7,91.2,91.2,,Tripod,Other,,21,5,True,,True,False,,Smart,RC,False,True,False,,,True,,False,False,False,False,False,False,False,False,False,False,0,Follow Yaw,-71.9,0,83.1,83.1,False,False,False,False,False,,0,0,False,False,No Card,100,100,1024,1024,1024,1024,2,False,False,False,False,False,0,False,False,False,False,62,,45.816,,3091,,4986,,45.816,,True,3.823,3.823,3.823,3.823,3.823,3.823,3.823,3.823,3.823,3.823,3.823,3.823,0,,False,False,True,,,,,,,,,,,,,,,False,False,9.884,,106.7,,75.7,,106.8,,1134,124,,21,7,150203.9,20027.19,,Idle,,20,,10,,,20,Go Home,False,False,False,False,False,False,False,False,False,False,False,False,33.8027920380556,-117.4659261431046,4021.2,4043.5,1049.4,396.9,True,1,1,False,False,False,False,,True,False,False,Course Lock,196.8,67,16.4,93,W,S,3.13,11.4,Calm,False,False,Android,7.0.2,M300 RTK,1ZN7L4R0H1D00F,1W9DL31001461C,1ZMLH8300204F0,1Z6PH74DAP0QN7,"Corona, CA",728.3,5.7,137.7,8.547347,2.013246,0,0,DJI Matrice 300 RTK,M300 RTK,1ZN7L4R0H1D00F,1W9DL31001461C,1ZMLH8300204F0,1Z6PH74DAP0QN7,DJI Pilot,Android,7.0.2,1EF72A62-B7C3-C88D-164E-CE6F8C8424AE,1ZN7L4R0H1D00F,1W9DL31001461C,,1ZMLH8300204F0,1W9DL31001461C,,,,,
2023-11-01,11:36:07.12 AM,11m 44.8s,704.8,33.7938386704169,-117.4736633817063,-30.5,137.7,21.3,1233,5784.5,0,8.547335,0,2.23694,0,5.816044,0,1.11847,1.6,0.9,1.8,91.2,91.2,,Tripod,Other,,21,5,True,,True,False,,Smart,RC,False,True,False,,,True,,False,False,False,False,False,False,False,False,False,False,0,Follow Yaw,-71.9,0,83.1,83.1,False,False,False,False,False,,0,0,False,False,No Card,100,100,1024,1024,1024,1024,2,False,False,False,False,False,0,False,False,False,False,62,,45.816,,3091,,4986,,45.816,,True,3.823,3.823,3.823,3.823,3.823,3.823,3.823,3.823,3.823,3.823,3.823,3.823,0,,False,False,True,,,,,,,,,,,,,,,False,False,9.884,,106.7,,75.7,,106.8,,1134,124,,21,7,150203.9,20027.19,,Idle,,20,,10,,,20,Go Home,False,False,False,False,False,False,False,False,False,False,False,False,33.8027920380556,-117.4659261431046,4021.2,4043.5,1049.4,396.9,True,1,1,False,False,False,False,,True,False,False,Course Lock,196.8,67,16.4,93,W,S,3.13,11.4,Calm,False,False,Android,7.0.2,M300 RTK,1ZN7L4R0H1D00F,1W9DL31001461C,1ZMLH8300204F0,1Z6PH74DAP0QN7,"Corona, CA",728.3,5.7,137.7,8.547347,2.013246,0,0,DJI Matrice 300 RTK,M300 RTK,1ZN7L4R0H1D00F,1W9DL31001461C,1ZMLH8300204F0,1Z6PH74DAP0QN7,DJI Pilot,Android,7.0.2,1EF72A62-B7C3-C88D-164E-CE6F8C8424AE,1ZN7L4R0H1D00F,1W9DL31001461C,,1ZMLH8300204F0,1W9DL31001461C,,,,,
2023-11-01,11:36:07.23 AM,11m 44.9s,704.9,33.7938388172131,-117.4736635161262,-30.5,137.7,21.3,1233,5784.6,0,8.547335,0,2.23694,0,5.816044,0,1.11847,1.6,1,1.8,91.2,91.2,,Tripod,Other,,21,5,True,,True,False,,Smart,RC,False,True,False,,,True,,False,False,False,False,False,False,False,False,False,False,0,Follow Yaw,-71.9,0,83.1,83.1,False,False,False,False,False,,0,0,False,False,No Card,100,100,1024,1024,1024,1024,2,False,False,False,False,False,0,False,False,False,False,62,,45.816,,3091,,4986,,45.816,,True,3.823,3.823,3.823,3.823,3.823,3.823,3.823,3.823,3.823,3.823,3.823,3.823,0,,False,False,True,,,,,,,,,,,,,,,False,False,9.884,,106.7,,75.7,,106.8,,1134,124,,21,7,150203.9,20027.19,,Idle,,20,,10,,,20,Go Home,False,False,False,False,False,False,False,False,False,False,False,False,33.8027920380556,-117.4659261431046,4021.2,4043.5,1049.4,396.9,True,1,1,False,False,False,False,,True,False,False,Course Lock,196.8,67,16.4,93,W,S,3.13,11.4,Calm,False,True,Android,7.0.2,M300 RTK,1ZN7L4R0H1D00F,1W9DL31001461C,1ZMLH8300204F0,1Z6PH74DAP0QN7,"Corona, CA",728.3,5.7,137.7,8.547347,2.013246,0,0,DJI Matrice 300 RTK,M300 RTK,1ZN7L4R0H1D00F,1W9DL31001461C,1ZMLH8300204F0,1Z6PH74DAP0QN7,DJI Pilot,Android,7.0.2,1EF72A62-B7C3-C88D-164E-CE6F8C8424AE,1ZN7L4R0H1D00F,1W9DL31001461C,,1ZMLH8300204F0,1W9DL31001461C,,,,,
2023-11-01,11:36:07.34 AM,11m 45.0s,705.0,33.7938388512051,-117.4736635384745,-30.5,137.7,21.3,1233,5784.6,0,8.547335,0,2.23694,0,5.816044,0,1.11847,1.5,1.1,1.8,91.2,91.2,,Tripod,Other,,21,5,True,,True,False,,Smart,RC,False,True,False,,,True,,False,False,False,False,False,False,False,False,False,False,0,Follow Yaw,-71.9,0,83.1,83.1,False,False,False,False,False,,0,0,False,False,No Card,100,100,1024,1024,1024,1024,2,False,False,False,False,False,0,False,False,False,False,62,,45.864,,6226,,10044,,45.864,,True,3.823,3.823,3.823,3.823,3.823,3.823,3.823,3.823,3.823,3.823,3.823,3.823,0,,False,False,True,,,,,,,,,,,,,,,False,False,19.81,,107.0,,75.7,,107.0,,1134,124,,21,7,150203.9,20027.19,,Idle,,20,,10,,,20,Go Home,False,False,False,False,False,False,False,False,False,False,False,False,33.8027920380556,-117.4659261431046,4021.2,4043.5,1049.4,396.9,True,1,1,False,False,False,False,,True,False,False,Course Lock,196.8,67,16.4,93,W,S,3.13,11.4,Calm,False,True,Android,7.0.2,M300 RTK,1ZN7L4R0H1D00F,1W9DL31001461C,1ZMLH8300204F0,1Z6PH74DAP0QN7,"Corona, CA",728.3,5.7,137.7,8.547347,2.013246,0,0,DJI Matrice 300 RTK,M300 RTK,1ZN7L4R0H1D00F,1W9DL31001461C,1ZMLH8300204F0,1Z6PH74DAP0QN7,DJI Pilot,Android,7.0.2,1EF72A62-B7C3-C88D-164E-CE6F8C8424AE,1ZN7L4R0H1D00F,1W9DL31001461C,,1ZMLH8300204F0,1W9DL31001461C,,,,,
2023-11-01,11:36:07.43 AM,11m 45.1s,705.1,33.7938387816448,-117.4736634979011,-30.5,137.7,21.3,1233,5784.6,0,8.547335,0,2.23694,0,5.816044,0,1.11847,1.5,1,1.8,91.2,91.2,,Tripod,Other,,21,5,True,,True,False,,Smart,RC,False,True,False,,,True,,False,False,False,False,False,False,False,False,False,False,0,Follow Yaw,-71.9,0,83.1,83.1,False,False,False,False,False,,0,0,False,False,No Card,100,100,1024,1024,1024,1024,2,False,False,False,False,False,0,False,False,False,False,62,,45.864,,6226,,10044,,45.864,,True,3.823,3.823,3.823,3.823,3.823,3.823,3.823,3.823,3.823,3.823,3.823,3.823,0,,False,False,True,,,,,,,,,,,,,,,False,False,19.81,,107.0,,75.7,,107.0,,1134,124,,21,7,150203.9,20027.19,,Idle,,20,,10,,,20,Go Home,False,False,False,False,False,False,False,False,False,False,False,False,33.8027920380556,-117.4659261431046,4021.2,4043.5,1049.4,396.9,True,1,1,False,False,False,False,,True,False,False,Course Lock,196.8,67,16.4,93,W,S,3.13,11.4,Calm,False,False,Android,7.0.2,M300 RTK,1ZN7L4R0H1D00F,1W9DL31001461C,1ZMLH8300204F0,1Z6PH74DAP0QN7,"Corona, CA",728.3,5.7,137.7,8.547347,2.013246,0,0,DJI Matrice 300 RTK,M300 RTK,1ZN7L4R0H1D00F,1W9DL31001461C,1ZMLH8300204F0,1Z6PH74DAP0QN7,DJI Pilot,Android,7.0.2,1EF72A62-B7C3-C88D-164E-CE6F8C8424AE,1ZN7L4R0H1D00F,1W9DL31001461C,,1ZMLH8300204F0,1W9DL31001461C,,,,,
2023-11-01,11:36:07.54 AM,11m 45.2s,705.2,33.7938387996688,-117.473663511673,-30.5,137.7,21.3,1233,5784.6,0,8.547335,0,2.23694,0,5.816044,0,1.11847,1.5,0.9,1.7,91.1,91.1,,Tripod,Other,,21,5,True,,True,False,,Smart,RC,False,True,False,,,True,,False,False,False,False,False,False,False,False,False,False,0,Follow Yaw,-71.9,0,83.1,83.1,False,False,False,False,False,,0,0,False,False,No Card,100,100,1024,1024,1024,1024,2,False,False,False,False,False,0,False,False,False,False,62,,45.864,,6226,,10044,,45.864,,True,3.823,3.823,3.823,3.823,3.823,3.823,3.823,3.823,3.823,3.823,3.823,3.823,0,,False,False,True,,,,,,,,,,,,,,,False,False,19.81,,107.0,,75.7,,107.0,,1134,124,,21,7,150203.9,20027.19,,Idle,,20,,10,,,20,Go Home,False,False,False,False,False,False,False,False,False,False,False,False,33.8027920380556,-117.4659261431046,4021.2,4043.5,1049.4,396.9,True,1,1,False,False,False,False,,True,False,False,Course Lock,196.8,67,16.4,93,W,S,3.13,11.4,Calm,False,True,Android,7.0.2,M300 RTK,1ZN7L4R0H1D00F,1W9DL31001461C,1ZMLH8300204F0,1Z6PH74DAP0QN7,"Corona, CA",728.3,5.7,137.7,8.547347,2.013246,0,0,DJI Matrice 300 RTK,M300 RTK,1ZN7L4R0H1D00F,1W9DL31001461C,1ZMLH8300204F0,1Z6PH74DAP0QN7,DJI Pilot,Android,7.0.2,1EF72A62-B7C3-C88D-164E-CE6F8C8424AE,1ZN7L4R0H1D00F,1W9DL31001461C,,1ZMLH8300204F0,1W9DL31001461C,,,,,
2023-11-01,11:36:07.64 AM,11m 45.3s,705.3,33.7938388820446,-117.4736636329808,-30.5,137.7,21.3,1233,5784.7,0,8.547335,0,2.23694,0,5.816044,0,1.11847,1.7,0.8,1.8,91.1,91.1,,Tripod,Other,,21,5,True,,True,False,,Smart,RC,False,True,False,,,True,,False,False,False,False,False,False,False,False,False,False,0,Follow Yaw,-71.9,0,83.1,83.1,False,False,False,False,False,,0,0,False,False,No Card,100,100,1024,1024,1024,1024,2,False,False,False,False,False,0,False,False,False,False,62,,45.864,,6226,,10044,,45.864,,True,3.823,3.823,3.823,3.823,3.823,3.823,3.823,3.823,3.823,3.823,3.823,3.823,0,,False,False,True,,,,,,,,,,,,,,,False,False,19.81,,107.0,,75.7,,107.0,,1132,124,,21,7,149894.4,19985.92,,Idle,,20,,10,,,20,Go Home,False,False,False,False,False,False,False,False,False,False,False,False,33.8027920380556,-117.4659261431046,4021.2,4043.5,1049.4,396.9,True,1,1,False,False,False,False,,True,False,False,Course Lock,196.8,67,16.4,93,W,S,3.13,11.4,Calm,False,True,Android,7.0.2,M300 RTK,1ZN7L4R0H1D00F,1W9DL31001461C,1ZMLH8300204F0,1Z6PH74DAP0QN7,"Corona, CA",728.3,5.7,137.7,8.547347,2.013246,0,0,DJI Matrice 300 RTK,M300 RTK,1ZN7L4R0H1D00F,1W9DL31001461C,1ZMLH8300204F0,1Z6PH74DAP0QN7,DJI Pilot,Android,7.0.2,1EF72A62-B7C3-C88D-164E-CE6F8C8424AE,1ZN7L4R0H1D00F,1W9DL31001461C,,1ZMLH8300204F0,1W9DL31001461C,,,,,
2023-11-01,11:36:07.74 AM,11m 45.4s,705.4,33.7938389057568,-117.4736636571433,-30.5,137.7,21.3,1233,5784.7,0,8.547335,0,2.23694,0,5.816044,0,1.11847,1.8,0.8,1.9,91.1,91.1,,Tripod,Other,,21,5,True,,True,False,,Smart,RC,False,True,False,,,True,,False,False,False,False,False,False,False,False,False,False,0,Follow Yaw,-71.9,0,83.1,83.1,False,False,False,False,False,,0,0,False,False,No Card,100,100,1024,1024,1024,1024,2,False,False,False,False,False,0,False,False,False,False,62,,45.864,,6226,,10044,,45.864,,True,3.823,3.823,3.823,3.823,3.823,3.823,3.823,3.823,3.823,3.823,3.823,3.823,0,,False,False,True,,,,,,,,,,,,,,,False,False,19.81,,107.0,,75.7,,107.0,,1132,124,,21,7,149894.4,19985.92,,Idle,,20,,10,,,20,Go Home,False,False,False,False,False,False,False,False,False,False,False,False,33.8027920380556,-117.4659261431046,4021.2,4043.5,1049.4,396.9,True,1,1,False,False,False,False,,True,False,False,Course Lock,196.8,67,16.4,93,W,S,3.13,11.4,Calm,False,True,Android,7.0.2,M300 RTK,1ZN7L4R0H1D00F,1W9DL31001461C,1ZMLH8300204F0,1Z6PH74DAP0QN7,"Corona, CA",728.3,5.7,137.7,8.547347,2.013246,0,0,DJI Matrice 300 RTK,M300 RTK,1ZN7L4R0H1D00F,1W9DL31001461C,1ZMLH8300204F0,1Z6PH74DAP0QN7,DJI Pilot,Android,7.0.2,1EF72A62-B7C3-C88D-164E-CE6F8C8424AE,1ZN7L4R0H1D00F,1W9DL31001461C,,1ZMLH8300204F0,1W9DL31001461C,,,,,
2023-11-01,11:36:07.84 AM,11m 45.5s,705.5,33.7938388403084,-117.4736636086532,-30.5,137.7,21.3,1233,5784.7,0,8.547335,0,2.23694,0,5.816044,0,1.11847,1.8,0.9,2,91.2,91.2,,Tripod,Other,,21,5,True,,True,False,,Smart,RC,False,True,False,,,True,,False,False,False,False,False,False,False,False,False,False,0,Follow Yaw,-71.9,0,83.1,83.1,False,False,False,False,False,,0,0,False,False,No Card,100,100,1024,1024,1024,1024,2,False,False,False,False,False,0,False,False,False,False,62,,45.864,,6226,,10044,,45.864,,True,3.823,3.823,3.823,3.823,3.823,3.823,3.823,3.823,3.823,3.823,3.823,3.823,0,,False,False,True,,,,,,,,,,,,,,,False,False,19.81,,107.0,,75.7,,107.0,,1132,124,,21,7,149894.4,19985.92,,Idle,,20,,10,,,20,Go Home,False,False,False,False,False,False,False,False,False,False,False,False,33.8027920380556,-117.4659261431046,4021.2,4043.5,1049.4,396.9,True,1,1,False,False,False,False,,True,False,False,Course Lock,196.8,67,16.4,93,W,S,3.13,11.4,Calm,False,False,Android,7.0.2,M300 RTK,1ZN7L4R0H1D00F,1W9DL31001461C,1ZMLH8300204F0,1Z6PH74DAP0QN7,"Corona, CA",728.3,5.7,137.7,8.547347,2.013246,0,0,DJI Matrice 300 RTK,M300 RTK,1ZN7L4R0H1D00F,1W9DL31001461C,1ZMLH8300204F0,1Z6PH74DAP0QN7,DJI Pilot,Android,7.0.2,1EF72A62-B7C3-C88D-164E-CE6F8C8424AE,1ZN7L4R0H1D00F,1W9DL31001461C,,1ZMLH8300204F0,1W9DL31001461C,,,,,
2023-11-01,11:36:07.95 AM,11m 45.6s,705.6,33.7938388547688,-117.4736636316613,-30.5,137.7,21.3,1233,5784.7,0,8.547335,0,2.23694,0,5.816044,0,1.11847,1.7,0.9,1.9,91.2,91.2,,Tripod,Other,,21,5,True,,True,False,,Smart,RC,False,True,False,,,True,,False,False,False,False,False,False,False,False,False,False,0,Follow Yaw,-71.9,0,83.1,83.1,False,False,False,False,False,,0,0,False,False,No Card,100,100,1024,1024,1024,1024,2,False,False,False,False,False,0,False,False,False,False,62,,45.864,,6226,,10044,,45.864,,True,3.823,3.823,3.823,3.823,3.823,3.823,3.823,3.823,3.823,3.823,3.823,3.823,0,,False,False,True,,,,,,,,,,,,,,,False,False,19.81,,107.0,,75.7,,107.0,,1132,124,,21,7,149894.4,19985.92,,Idle,,20,,10,,,20,Go Home,False,False,False,False,False,False,False,False,False,False,False,False,33.8027920380556,-117.4659261431046,4021.2,4043.5,1049.4,396.9,True,1,1,False,False,False,False,,True,False,False,Course Lock,196.8,67,16.4,93,W,S,3.13,11.4,Calm,False,True,Android,7.0.2,M300 RTK,1ZN7L4R0H1D00F,1W9DL31001461C,1ZMLH8300204F0,1Z6PH74DAP0QN7,"Corona, CA",728.3,5.7,137.7,8.547347,2.013246,0,0,DJI Matrice 300 RTK,M300 RTK,1ZN7L4R0H1D00F,1W9DL31001461C,1ZMLH8300204F0,1Z6PH74DAP0QN7,DJI Pilot,Android,7.0.2,1EF72A62-B7C3-C88D-164E-CE6F8C8424AE,1ZN7L4R0H1D00F,1W9DL31001461C,,1ZMLH8300204F0,1W9DL31001461C,,,,,
2023-11-01,11:36:08.05 AM,11m 45.7s,705.7,33.7938388209138,-117.4736636044474,-30.5,137.7,21.3,1233,5784.7,0,8.547335,0,2.23694,0,5.816044,0,1.11847,1.5,0.8,1.7,91.2,91.2,,Tripod,Other,,21,5,True,,True,False,,Smart,RC,False,True,False,,,True,,False,False,False,False,False,False,False,False,False,False,0,Follow Yaw,-71.9,0,83.1,83.1,False,False,False,False,False,,0,0,False,False,No Card,100,100,1024,1024,1024,1024,2,False,False,False,False,False,0,False,False,False,False,62,,45.864,,6226,,10044,,45.864,,True,3.823,3.823,3.823,3.823,3.823,3.823,3.823,3.823,3.823,3.823,3.823,3.823,0,,False,False,True,,,,,,,,,,,,,,,False,False,19.81,,107.0,,75.7,,107.0,,1132,124,,21,7,149894.4,19985.92,,Idle,,20,,10,,,20,Go Home,False,False,False,False,False,False,False,False,False,False,False,False,33.8027920380556,-117.4659261431046,4021.2,4043.5,1049.4,396.9,True,1,1,False,False,False,False,,True,False,False,Course Lock,196.8,67,16.4,93,W,S,3.13,11.4,Calm,False,False,Android,7.0.2,M300 RTK,1ZN7L4R0H1D00F,1W9DL31001461C,1ZMLH8300204F0,1Z6PH74DAP0QN7,"Corona, CA",728.3,5.7,137.7,8.547347,2.013246,0,0,DJI Matrice 300 RTK,M300 RTK,1ZN7L4R0H1D00F,1W9DL31001461C,1ZMLH8300204F0,1Z6PH74DAP0QN7,DJI Pilot,Android,7.0.2,1EF72A62-B7C3-C88D-164E-CE6F8C8424AE,1ZN7L4R0H1D00F,1W9DL31001461C,,1ZMLH8300204F0,1W9DL31001461C,,,,,
2023-11-01,11:36:08.15 AM,11m 45.8s,705.8,33.7938388320846,-117.4736636222601,-30.5,137.7,21.3,1233,5784.8,0,8.547335,0,2.23694,0,5.816044,0,1.11847,1.5,0.6,1.6,91.2,91.2,,Tripod,Other,,21,5,True,,True,False,,Smart,RC,False,True,False,,,True,,False,False,False,False,False,False,False,False,False,False,0,Follow Yaw,-71.9,0,83.1,83.1,False,False,False,False,False,,0,0,False,False,No Card,100,100,1024,1024,1024,1024,2,False,False,False,False,False,0,False,False,False,False,62,,45.864,,6226,,10044,,45.864,,True,3.823,3.823,3.823,3.823,3.823,3.823,3.823,3.823,3.823,3.823,3.823,3.823,0,,False,False,True,,,,,,,,,,,,,,,False,False,19.81,,107.0,,75.7,,107.0,,1132,124,,21,7,149894.4,19985.92,,Idle,,20,,10,,,20,Go Home,False,False,False,False,False,False,False,False,False,False,False,False,33.8027920380556,-117.4659261431046,4021.2,4043.5,1049.4,396.9,True,1,1,False,False,False,False,,True,False,False,Course Lock,196.8,67,16.4,93,W,S,3.13,11.4,Calm,False,True,Android,7.0.2,M300 RTK,1ZN7L4R0H1D00F,1W9DL31001461C,1ZMLH8300204F0,1Z6PH74DAP0QN7,"Corona, CA",728.3,5.7,137.7,8.547347,2.013246,0,0,DJI Matrice 300 RTK,M300 RTK,1ZN7L4R0H1D00F,1W9DL31001461C,1ZMLH8300204F0,1Z6PH74DAP0QN7,DJI Pilot,Android,7.0.2,1EF72A62-B7C3-C88D-164E-CE6F8C8424AE,1ZN7L4R0H1D00F,1W9DL31001461C,,1ZMLH8300204F0,1W9DL31001461C,,,,,
2023-11-01,11:36:08.25 AM,11m 45.9s,705.9,33.7938386458823,-117.473663744475,-30.5,137.7,21.3,1233,5784.8,0,8.547335,0,2.23694,0,5.816044,0,1.11847,1.5,0.7,1.6,91.2,91.2,,Tripod,Other,,21,5,True,,True,False,,Smart,RC,False,True,False,,,True,,False,False,False,False,False,False,False,False,False,False,0,Follow Yaw,-71.9,0,83.1,83.1,False,False,False,False,False,,0,0,False,False,No Card,100,100,1024,1024,1024,1024,2,False,False,False,False,False,0,False,False,False,False,62,,45.864,,6226,,10044,,45.864,,True,3.823,3.823,3.823,3.823,3.823,3.823,3.823,3.823,3.823,3.823,3.823,3.823,0,,False,False,True,,,,,,,,,,,,,,,False,False,19.81,,107.0,,75.7,,107.0,,1132,124,,21,7,149894.4,19985.92,,Idle,,20,,10,,,20,Go Home,False,False,False,False,False,False,False,False,False,False,False,False,33.8027920380556,-117.4659261431046,4021.3,4043.5,1049.4,396.9,True,1,1,False,False,False,False,,True,False,False,Course Lock,196.8,67,16.4,93,W,S,3.13,11.4,Calm,False,True,Android,7.0.2,M300 RTK,1ZN7L4R0H1D00F,1W9DL31001461C,1ZMLH8300204F0,1Z6PH74DAP0QN7,"Corona, CA",728.3,5.7,137.7,8.547347,2.013246,0,0,DJI Matrice 300 RTK,M300 RTK,1ZN7L4R0H1D00F,1W9DL31001461C,1ZMLH8300204F0,1Z6PH74DAP0QN7,DJI Pilot,Android,7.0.2,1EF72A62-B7C3-C88D-164E-CE6F8C8424AE,1ZN7L4R0H1D00F,1W9DL31001461C,,1ZMLH8300204F0,1W9DL31001461C,,,,,
2023-11-01,11:36:08.35 AM,11m 46.0s,706.0,33.7938386453341,-117.473663765174,-30.5,137.7,21.3,1233,5784.8,0,8.547335,0,2.23694,0,5.816044,0,1.11847,1.6,0.7,1.7,91.2,91.2,,Tripod,Other,,21,5,True,,True,False,,Smart,RC,False,True,False,,,True,,False,False,False,False,False,False,False,False,False,False,0,Follow Yaw,-71.9,0,83.1,83.1,False,False,False,False,False,,0,0,False,False,No Card,100,100,1024,1024,1024,1024,2,False,False,False,False,False,0,False,False,False,False,62,,45.864,,6226,,10044,,45.864,,True,3.823,3.823,3.823,3.823,3.823,3.823,3.823,3.823,3.823,3.823,3.823,3.823,0,,False,False,True,,,,,,,,,,,,,,,False,False,19.874,,107.0,,75.7,,107.0,,1132,124,,21,7,149894.4,19985.92,,Idle,,20,,10,,,20,Go Home,False,False,False,False,False,False,False,False,False,False,False,False,33.8027920380556,-117.4659261431046,4021.3,4043.5,1049.4,396.9,True,1,1,False,False,False,False,,True,False,False,Course Lock,196.8,67,16.4,93,W,S,3.13,11.4,Calm,False,True,Android,7.0.2,M300 RTK,1ZN7L4R0H1D00F,1W9DL31001461C,1ZMLH8300204F0,1Z6PH74DAP0QN7,"Corona, CA",728.3,5.7,137.7,8.547347,2.013246,0,0,DJI Matrice 300 RTK,M300 RTK,1ZN7L4R0H1D00F,1W9DL31001461C,1ZMLH8300204F0,1Z6PH74DAP0QN7,DJI Pilot,Android,7.0.2,1EF72A62-B7C3-C88D-164E-CE6F8C8424AE,1ZN7L4R0H1D00F,1W9DL31001461C,,1ZMLH8300204F0,1W9DL31001461C,,,,,
2023-11-01,11:36:08.46 AM,11m 46.1s,706.1,33.793838664386,-117.4736635367427,-30.5,137.7,21.3,1233,5784.9,0,8.547335,0,2.23694,0,5.816044,0,1.11847,1.7,0.6,1.8,91.1,91.1,,Tripod,Other,,21,5,True,,True,False,,Smart,RC,False,True,False,,,True,,False,False,False,False,False,False,False,False,False,False,0,Follow Yaw,-71.9,0,83.1,83.1,False,False,False,False,False,,0,0,False,False,No Card,100,100,1024,1024,1024,1024,2,False,False,False,False,False,0,False,False,False,False,62,,45.864,,6226,,10044,,45.864,,True,3.823,3.823,3.823,3.823,3.823,3.823,3.823,3.823,3.823,3.823,3.823,3.823,0,,False,False,True,,,,,,,,,,,,,,,False,False,19.874,,107.0,,75.7,,107.0,,1132,124,,21,7,149894.4,19985.92,,Idle,,20,,10,,,20,Go Home,False,False,False,False,False,False,False,False,False,False,False,False,33.8027920380556,-117.4659261431046,4021.3,4043.5,1049.4,396.9,True,1,1,False,False,False,False,,True,False,False,Course Lock,196.8,67,16.4,93,W,S,3.13,11.4,Calm,False,False,Android,7.0.2,M300 RTK,1ZN7L4R0H1D00F,1W9DL31001461C,1ZMLH8300204F0,1Z6PH74DAP0QN7,"Corona, CA",728.3,5.7,137.7,8.547347,2.013246,0,0,DJI Matrice 300 RTK,M300 RTK,1ZN7L4R0H1D00F,1W9DL31001461C,1ZMLH8300204F0,1Z6PH74DAP0QN7,DJI Pilot,Android,7.0.2,1EF72A62-B7C3-C88D-164E-CE6F8C8424AE,1ZN7L4R0H1D00F,1W9DL31001461C,,1ZMLH8300204F0,1W9DL31001461C,,,,,
2023-11-01,11:36:08.56 AM,11m 46.2s,706.2,33.7938386687721,-117.4736635354232,-30.5,137.7,21.3,1233,5784.9,0,8.547335,0,2.23694,0,5.816044,0,1.11847,1.7,0.6,1.8,91.1,91.1,,Tripod,Other,,21,5,True,,True,False,,Smart,RC,False,True,False,,,True,,False,False,False,False,False,False,False,False,False,False,0,Follow Yaw,-71.9,0,83.1,83.1,False,False,False,False,False,,0,0,False,False,No Card,100,100,1024,1024,1024,1024,2,False,False,False,False,False,0,False,False,False,False,62,,45.864,,6226,,10044,,45.864,,True,3.823,3.823,3.823,3.823,3.823,3.823,3.823,3.823,3.823,3.823,3.823,3.823,0,,False,False,True,,,,,,,,,,,,,,,False,False,19.874,,107.0,,75.7,,107.0,,1132,124,,21,7,149894.4,19985.92,,Idle,,20,,10,,,20,Go Home,False,False,False,False,False,False,False,False,False,False,False,False,33.8027920380556,-117.4659261431046,4021.3,4043.5,1049.4,396.9,True,1,1,False,False,False,False,,True,False,False,Course Lock,196.8,67,16.4,93,W,S,3.13,11.4,Calm,False,False,Android,7.0.2,M300 RTK,1ZN7L4R0H1D00F,1W9DL31001461C,1ZMLH8300204F0,1Z6PH74DAP0QN7,"Corona, CA",728.3,5.7,137.7,8.547347,2.013246,0,0,DJI Matrice 300 RTK,M300 RTK,1ZN7L4R0H1D00F,1W9DL31001461C,1ZMLH8300204F0,1Z6PH74DAP0QN7,DJI Pilot,Android,7.0.2,1EF72A62-B7C3-C88D-164E-CE6F8C8424AE,1ZN7L4R0H1D00F,1W9DL31001461C,,1ZMLH8300204F0,1W9DL31001461C,,,,,
2023-11-01,11:36:08.64 AM,11m 46.3s,706.3,33.793838840514,-117.4736636669568,-30.5,137.7,21.3,1233,5785.0,0,8.547335,0,2.23694,0,5.816044,0,1.11847,1.7,0.8,1.8,91.1,91.1,,Tripod,Other,,21,5,True,,True,False,,Smart,RC,False,True,False,,,True,,False,False,False,False,False,False,False,False,False,False,0,Follow Yaw,-71.9,0,83.1,83.1,False,False,False,False,False,,0,0,False,False,No Card,100,100,1024,1024,1024,1024,2,False,False,False,False,False,0,False,False,False,False,62,,45.864,,6226,,10044,,45.864,,True,3.821,3.821,3.821,3.821,3.821,3.821,3.821,3.821,3.821,3.821,3.821,3.821,0,,False,False,True,,,,,,,,,,,,,,,False,False,19.874,,107.0,,75.7,,107.0,,1131,124,,21,7,149595.3,19946.04,,Idle,,20,,10,,,20,Go Home,False,False,False,False,False,False,False,False,False,False,False,False,33.8027920380556,-117.4659261431046,4021.2,4043.5,1049.4,396.9,True,1,1,False,False,False,False,,True,False,False,Course Lock,196.8,67,16.4,93,W,S,3.13,11.4,Calm,False,True,Android,7.0.2,M300 RTK,1ZN7L4R0H1D00F,1W9DL31001461C,1ZMLH8300204F0,1Z6PH74DAP0QN7,"Corona, CA",728.3,5.7,137.7,8.547347,2.013246,0,0,DJI Matrice 300 RTK,M300 RTK,1ZN7L4R0H1D00F,1W9DL31001461C,1ZMLH8300204F0,1Z6PH74DAP0QN7,DJI Pilot,Android,7.0.2,1EF72A62-B7C3-C88D-164E-CE6F8C8424AE,1ZN7L4R0H1D00F,1W9DL31001461C,,1ZMLH8300204F0,1W9DL31001461C,,,,,
2023-11-01,11:36:08.76 AM,11m 46.4s,706.4,33.7938388602513,-117.4736636742138,-30.5,137.7,21.3,1233,5785.0,0,8.547335,0,2.23694,0,5.816044,0,1.11847,1.6,0.9,1.8,91.1,91.1,,Tripod,Other,,21,5,True,,True,False,,Smart,RC,False,True,False,,,True,,False,False,False,False,False,False,False,False,False,False,0,Follow Yaw,-71.9,0,83.1,83.1,False,False,False,False,False,,0,0,False,False,No Card,100,100,1024,1024,1024,1024,2,False,False,False,False,False,0,False,False,False,False,62,,45.864,,6226,,10044,,45.864,,True,3.821,3.821,3.821,3.821,3.821,3.821,3.821,3.821,3.821,3.821,3.821,3.821,0,,False,False,True,,,,,,,,,,,,,,,False,False,19.874,,107.0,,75.7,,107.0,,1131,124,,21,7,149595.3,19946.04,,Idle,,20,,10,,,20,Go Home,False,False,False,False,False,False,False,False,False,False,False,False,33.8027920380556,-117.4659261431046,4021.2,4043.5,1049.4,396.9,True,1,1,False,False,False,False,,True,False,False,Course Lock,196.8,67,16.4,93,W,S,3.13,11.4,Calm,False,False,Android,7.0.2,M300 RTK,1ZN7L4R0H1D00F,1W9DL31001461C,1ZMLH8300204F0,1Z6PH74DAP0QN7,"Corona, CA",728.3,5.7,137.7,8.547347,2.013246,0,0,DJI Matrice 300 RTK,M300 RTK,1ZN7L4R0H1D00F,1W9DL31001461C,1ZMLH8300204F0,1Z6PH74DAP0QN7,DJI Pilot,Android,7.0.2,1EF72A62-B7C3-C88D-164E-CE6F8C8424AE,1ZN7L4R0H1D00F,1W9DL31001461C,,1ZMLH8300204F0,1W9DL31001461C,,,,,
2023-11-01,11:36:08.86 AM,11m 46.5s,706.5,33.7938386737064,-117.4736636512058,-30.5,137.7,21.3,1233,5785.1,0,8.547335,0,2.23694,0,5.816044,0,1.11847,1.4,0.9,1.6,91,91,,Tripod,Other,,21,5,True,,True,False,,Smart,RC,False,True,False,,,True,,False,False,False,False,False,False,False,False,False,False,0,Follow Yaw,-71.9,0,83.1,83.1,False,False,False,False,False,,0,0,False,False,No Card,100,100,1024,1024,1024,1024,2,False,False,False,False,False,0,False,False,False,False,62,,45.864,,6226,,10044,,45.864,,True,3.821,3.821,3.821,3.821,3.821,3.821,3.821,3.821,3.821,3.821,3.821,3.821,0,,False,False,True,,,,,,,,,,,,,,,False,False,19.874,,107.0,,75.7,,107.0,,1131,124,,21,7,149595.3,19946.04,,Idle,,20,,10,,,20,Go Home,False,False,False,False,False,False,False,False,False,False,False,False,33.8027920380556,-117.4659261431046,4021.3,4043.5,1049.4,396.9,True,1,1,False,False,False,False,,True,False,False,Course Lock,196.8,67,16.4,93,W,S,3.13,11.4,Calm,False,False,Android,7.0.2,M300 RTK,1ZN7L4R0H1D00F,1W9DL31001461C,1ZMLH8300204F0,1Z6PH74DAP0QN7,"Corona, CA",728.3,5.7,137.7,8.547347,2.013246,0,0,DJI Matrice 300 RTK,M300 RTK,1ZN7L4R0H1D00F,1W9DL31001461C,1ZMLH8300204F0,1Z6PH74DAP0QN7,DJI Pilot,Android,7.0.2,1EF72A62-B7C3-C88D-164E-CE6F8C8424AE,1ZN7L4R0H1D00F,1W9DL31001461C,,1ZMLH8300204F0,1W9DL31001461C,,,,,
2023-11-01,11:36:08.96 AM,11m 46.6s,706.6,33.7938386656882,-117.4736636499688,-30.5,137.7,21.3,1233,5785.1,0,8.547335,0,2.23694,0,5.816044,0,1.11847,1.4,0.8,1.6,91,91,,Tripod,Other,,21,5,True,,True,False,,Smart,RC,False,True,False,,,True,,False,False,False,False,False,False,False,False,False,False,0,Follow Yaw,-71.9,0,83.1,83.1,False,False,False,False,False,,0,0,False,False,No Card,100,100,1024,1024,1024,1024,2,False,False,False,False,False,0,False,False,False,False,62,,45.864,,6226,,10044,,45.864,,True,3.821,3.821,3.821,3.821,3.821,3.821,3.821,3.821,3.821,3.821,3.821,3.821,0,,False,False,True,,,,,,,,,,,,,,,False,False,19.874,,107.0,,75.7,,107.0,,1131,124,,21,7,149595.3,19946.04,,Idle,,20,,10,,,20,Go Home,False,False,False,False,False,False,False,False,False,False,False,False,33.8027920380556,-117.4659261431046,4021.3,4043.5,1049.4,396.9,True,1,1,False,False,False,False,,True,False,False,Course Lock,196.8,67,16.4,93,W,S,3.13,11.4,Calm,False,False,Android,7.0.2,M300 RTK,1ZN7L4R0H1D00F,1W9DL31001461C,1ZMLH8300204F0,1Z6PH74DAP0QN7,"Corona, CA",728.3,5.7,137.7,8.547347,2.013246,0,0,DJI Matrice 300 RTK,M300 RTK,1ZN7L4R0H1D00F,1W9DL31001461C,1ZMLH8300204F0,1Z6PH74DAP0QN7,DJI Pilot,Android,7.0.2,1EF72A62-B7C3-C88D-164E-CE6F8C8424AE,1ZN7L4R0H1D00F,1W9DL31001461C,,1ZMLH8300204F0,1W9DL31001461C,,,,,
2023-11-01,11:36:09.07 AM,11m 46.7s,706.7,33.7938386468418,-117.4736637859555,-30.5,137.7,20.9,1233,5785.1,0,8.547335,0,2.23694,0,5.816044,0,1.11847,1.7,0.7,1.8,91,91,,Tripod,Other,,21,5,True,,True,False,,Smart,RC,False,True,False,,,True,,False,False,False,False,False,False,False,False,False,False,0,Follow Yaw,-71.9,0,83.1,83.1,False,False,False,False,False,,0,0,False,False,No Card,100,100,1024,1024,1024,1024,2,False,False,False,False,False,0,False,False,False,False,62,,45.864,,6226,,10044,,45.864,,True,3.821,3.821,3.821,3.821,3.821,3.821,3.821,3.821,3.821,3.821,3.821,3.821,0,,False,False,True,,,,,,,,,,,,,,,False,False,19.874,,107.0,,75.7,,107.0,,1131,124,,21,7,149595.3,19946.04,,Idle,,20,,10,,,20,Go Home,False,False,False,False,False,False,False,False,False,False,False,False,33.8027920380556,-117.4659261431046,4021.3,4043.5,1049.4,396.9,True,1,1,False,False,False,False,,True,False,False,Course Lock,196.8,67,16.4,93,W,S,3.13,11.4,Calm,False,True,Android,7.0.2,M300 RTK,1ZN7L4R0H1D00F,1W9DL31001461C,1ZMLH8300204F0,1Z6PH74DAP0QN7,"Corona, CA",728.3,5.7,137.7,8.547347,2.013246,0,0,DJI Matrice 300 RTK,M300 RTK,1ZN7L4R0H1D00F,1W9DL31001461C,1ZMLH8300204F0,1Z6PH74DAP0QN7,DJI Pilot,Android,7.0.2,1EF72A62-B7C3-C88D-164E-CE6F8C8424AE,1ZN7L4R0H1D00F,1W9DL31001461C,,1ZMLH8300204F0,1W9DL31001461C,,,,,
2023-11-01,11:36:09.17 AM,11m 46.8s,706.8,33.7938386336836,-117.4736637951917,-30.5,137.7,20.9,1233,5785.1,0,8.547335,0,2.23694,0,5.816044,0,1.11847,2,0.5,2,91,91,,Tripod,Other,,21,5,True,,True,False,,Smart,RC,False,True,False,,,True,,False,False,False,False,False,False,False,False,False,False,0,Follow Yaw,-71.9,0,83.1,83.1,False,False,False,False,False,,0,0,False,False,No Card,100,100,1024,1024,1024,1024,2,False,False,False,False,False,0,False,False,False,False,62,,45.864,,6226,,10044,,45.864,,True,3.821,3.821,3.821,3.821,3.821,3.821,3.821,3.821,3.821,3.821,3.821,3.821,0,,False,False,True,,,,,,,,,,,,,,,False,False,19.874,,107.0,,75.7,,107.0,,1131,124,,21,7,149595.3,19946.04,,Idle,,20,,10,,,20,Go Home,False,False,False,False,False,False,False,False,False,False,False,False,33.8027920380556,-117.4659261431046,4021.3,4043.5,1049.4,396.9,True,1,1,False,False,False,False,,True,False,False,Course Lock,196.8,67,16.4,93,W,S,3.13,11.4,Calm,False,True,Android,7.0.2,M300 RTK,1ZN7L4R0H1D00F,1W9DL31001461C,1ZMLH8300204F0,1Z6PH74DAP0QN7,"Corona, CA",728.3,5.7,137.7,8.547347,2.013246,0,0,DJI Matrice 300 RTK,M300 RTK,1ZN7L4R0H1D00F,1W9DL31001461C,1ZMLH8300204F0,1Z6PH74DAP0QN7,DJI Pilot,Android,7.0.2,1EF72A62-B7C3-C88D-164E-CE6F8C8424AE,1ZN7L4R0H1D00F,1W9DL31001461C,,1ZMLH8300204F0,1W9DL31001461C,,,,,
2023-11-01,11:36:09.27 AM,11m 46.9s,706.9,33.7938386277898,-117.4736636095604,-30.5,137.7,20.9,1233,5785.2,0,8.547335,0,2.23694,0,5.816044,0,1.11847,2.1,0.5,2.1,91,91,,Tripod,Other,,21,5,True,,True,False,,Smart,RC,False,True,False,,,True,,False,False,False,False,False,False,False,False,False,False,0,Follow Yaw,-71.9,0,83.1,83.1,False,False,False,False,False,,0,0,False,False,No Card,100,100,1024,1024,1024,1024,2,False,False,False,False,False,0,False,False,False,False,62,,45.864,,6226,,10044,,45.864,,True,3.821,3.821,3.821,3.821,3.821,3.821,3.821,3.821,3.821,3.821,3.821,3.821,0,,False,False,True,,,,,,,,,,,,,,,False,False,19.874,,107.0,,75.7,,107.0,,1131,124,,21,7,149595.3,19946.04,,Idle,,20,,10,,,20,Go Home,False,False,False,False,False,False,False,False,False,False,False,False,33.8027920380556,-117.4659261431046,4021.3,4043.5,1049.4,396.9,True,1,1,False,False,False,False,,True,False,False,Course Lock,196.8,67,16.4,93,W,S,3.13,11.4,Calm,False,False,Android,7.0.2,M300 RTK,1ZN7L4R0H1D00F,1W9DL31001461C,1ZMLH8300204F0,1Z6PH74DAP0QN7,"Corona, CA",728.3,5.7,137.7,8.547347,2.013246,0,0,DJI Matrice 300 RTK,M300 RTK,1ZN7L4R0H1D00F,1W9DL31001461C,1ZMLH8300204F0,1Z6PH74DAP0QN7,DJI Pilot,Android,7.0.2,1EF72A62-B7C3-C88D-164E-CE6F8C8424AE,1ZN7L4R0H1D00F,1W9DL31001461C,,1ZMLH8300204F0,1W9DL31001461C,,,,,
2023-11-01,11:36:09.38 AM,11m 47.0s,707.0,33.7938386183324,-117.4736636136012,-30.5,137.7,21.3,1233,5785.2,0,8.547335,0,2.23694,0,5.816044,0,1.11847,1.9,0.5,1.9,91,91,,Tripod,Other,,21,5,True,,True,False,,Smart,RC,False,True,False,,,True,,False,False,False,False,False,False,False,False,False,False,0,Follow Yaw,-71.9,0,83.1,83.1,False,False,False,False,False,,0,0,False,False,No Card,100,100,1024,1024,1024,1024,2,False,False,False,False,False,0,False,False,False,False,62,,45.852,,6226,,10044,,45.852,,True,3.821,3.821,3.821,3.821,3.821,3.821,3.821,3.821,3.821,3.821,3.821,3.821,0,,False,False,True,,,,,,,,,,,,,,,False,False,19.87,,107.0,,75.7,,107.0,,1131,124,,21,7,149595.3,19946.04,,Idle,,20,,10,,,20,Go Home,False,False,False,False,False,False,False,False,False,False,False,False,33.8027920380556,-117.4659261431046,4021.3,4043.5,1049.4,396.9,True,1,1,False,False,False,False,,True,False,False,Course Lock,196.8,67,16.4,93,W,S,3.13,11.4,Calm,False,False,Android,7.0.2,M300 RTK,1ZN7L4R0H1D00F,1W9DL31001461C,1ZMLH8300204F0,1Z6PH74DAP0QN7,"Corona, CA",728.3,5.7,137.7,8.547347,2.013246,0,0,DJI Matrice 300 RTK,M300 RTK,1ZN7L4R0H1D00F,1W9DL31001461C,1ZMLH8300204F0,1Z6PH74DAP0QN7,DJI Pilot,Android,7.0.2,1EF72A62-B7C3-C88D-164E-CE6F8C8424AE,1ZN7L4R0H1D00F,1W9DL31001461C,,1ZMLH8300204F0,1W9DL31001461C,,,,,
2023-11-01,11:36:09.48 AM,11m 47.1s,707.1,33.7938386404683,-117.473663800717,-30.5,137.7,21.3,1233,5785.2,0,8.547335,0,2.23694,0,5.816044,0,1.11847,1.7,0.6,1.8,91,91,,Tripod,Other,,21,5,True,,True,False,,Smart,RC,False,True,False,,,True,,False,False,False,False,False,False,False,False,False,False,0,Follow Yaw,-71.9,0,83.1,83.1,False,False,False,False,False,,0,0,False,False,No Card,100,100,1024,1024,1024,1024,2,False,False,False,False,False,0,False,False,False,False,62,,45.852,,6226,,10044,,45.852,,True,3.821,3.821,3.821,3.821,3.821,3.821,3.821,3.821,3.821,3.821,3.821,3.821,0,,False,False,True,,,,,,,,,,,,,,,False,False,19.87,,107.0,,75.7,,107.0,,1131,124,,21,7,149595.3,19946.04,,Idle,,20,,10,,,20,Go Home,False,False,False,False,False,False,False,False,False,False,False,False,33.8027920380556,-117.4659261431046,4021.3,4043.5,1049.4,396.9,True,1,1,False,False,False,False,,True,False,False,Course Lock,196.8,67,16.4,93,W,S,3.13,11.4,Calm,False,True,Android,7.0.2,M300 RTK,1ZN7L4R0H1D00F,1W9DL31001461C,1ZMLH8300204F0,1Z6PH74DAP0QN7,"Corona, CA",728.3,5.7,137.7,8.547347,2.013246,0,0,DJI Matrice 300 RTK,M300 RTK,1ZN7L4R0H1D00F,1W9DL31001461C,1ZMLH8300204F0,1Z6PH74DAP0QN7,DJI Pilot,Android,7.0.2,1EF72A62-B7C3-C88D-164E-CE6F8C8424AE,1ZN7L4R0H1D00F,1W9DL31001461C,,1ZMLH8300204F0,1W9DL31001461C,,,,,
2023-11-01,11:36:09.54 AM,11m 47.2s,707.2,33.793838634643,-117.4736638246322,-30.5,137.7,21.3,1233,5785.2,0,8.547335,0,2.23694,0,5.816044,0,1.11847,1.5,0.6,1.6,91,91,,Tripod,Other,,21,5,True,,True,False,,Smart,RC,False,True,False,,,True,,False,False,False,False,False,False,False,False,False,False,0,Follow Yaw,-71.9,0,83.1,83.1,False,False,False,False,False,,0,0,False,False,No Card,100,100,1024,1024,1024,1024,2,False,False,False,False,False,0,False,False,False,False,62,,45.852,,6226,,10044,,45.852,,True,3.821,3.821,3.821,3.821,3.821,3.821,3.821,3.821,3.821,3.821,3.821,3.821,0,,False,False,True,,,,,,,,,,,,,,,False,False,19.87,,107.0,,75.7,,107.0,,1131,124,,21,7,149595.3,19946.04,,Idle,,20,,10,,,20,Go Home,False,False,False,False,False,False,False,False,False,False,False,False,33.8027920380556,-117.4659261431046,4021.3,4043.5,1049.4,396.9,True,1,1,False,False,False,False,,True,False,False,Course Lock,196.8,67,16.4,93,W,S,3.13,11.4,Calm,False,True,Android,7.0.2,M300 RTK,1ZN7L4R0H1D00F,1W9DL31001461C,1ZMLH8300204F0,1Z6PH74DAP0QN7,"Corona, CA",728.3,5.7,137.7,8.547347,2.013246,0,0,DJI Matrice 300 RTK,M300 RTK,1ZN7L4R0H1D00F,1W9DL31001461C,1ZMLH8300204F0,1Z6PH74DAP0QN7,DJI Pilot,Android,7.0.2,1EF72A62-B7C3-C88D-164E-CE6F8C8424AE,1ZN7L4R0H1D00F,1W9DL31001461C,,1ZMLH8300204F0,1W9DL31001461C,,,,,
2023-11-01,11:36:09.64 AM,11m 47.3s,707.3,33.7938386630154,-117.4736636634108,-30.5,137.7,21.3,1233,5785.3,0,8.547335,0,2.23694,0,5.816044,0,1.11847,1.5,0.5,1.5,91,91,,Tripod,Other,,21,5,True,,True,False,,Smart,RC,False,True,False,,,True,,False,False,False,False,False,False,False,False,False,False,0,Follow Yaw,-71.9,0,83.1,83.1,False,False,False,False,False,,0,0,False,False,No Card,100,100,1024,1024,1024,1024,2,False,False,False,False,False,0,False,False,False,False,62,,45.852,,6226,,10044,,45.852,,True,3.821,3.821,3.821,3.821,3.821,3.821,3.821,3.821,3.821,3.821,3.821,3.821,0,,False,False,True,,,,,,,,,,,,,,,False,False,19.87,,107.0,,75.7,,107.0,,1130,124,,21,7,149349.8,19913.31,,Idle,,20,,10,,,20,Go Home,False,False,False,False,False,False,False,False,False,False,False,False,33.8027920380556,-117.4659261431046,4021.3,4043.5,1049.4,396.9,True,1,1,False,False,False,False,,True,False,False,Course Lock,196.8,67,16.4,93,W,S,3.13,11.4,Calm,False,False,Android,7.0.2,M300 RTK,1ZN7L4R0H1D00F,1W9DL31001461C,1ZMLH8300204F0,1Z6PH74DAP0QN7,"Corona, CA",728.3,5.7,137.7,8.547347,2.013246,0,0,DJI Matrice 300 RTK,M300 RTK,1ZN7L4R0H1D00F,1W9DL31001461C,1ZMLH8300204F0,1Z6PH74DAP0QN7,DJI Pilot,Android,7.0.2,1EF72A62-B7C3-C88D-164E-CE6F8C8424AE,1ZN7L4R0H1D00F,1W9DL31001461C,,1ZMLH8300204F0,1W9DL31001461C,,,,,
2023-11-01,11:36:09.74 AM,11m 47.4s,707.4,33.7938386615762,-117.4736636682763,-30.5,137.7,21.3,1233,5785.3,0,8.547335,0,2.23694,0,5.816044,0,1.11847,1.5,0.6,1.6,91,91,,Tripod,Other,,21,5,True,,True,False,,Smart,RC,False,True,False,,,True,,False,False,False,False,False,False,False,False,False,False,0,Follow Yaw,-71.9,0,83.1,83.1,False,False,False,False,False,,0,0,False,False,No Card,100,100,1024,1024,1024,1024,2,False,False,False,False,False,0,False,False,False,False,62,,45.852,,6226,,10044,,45.852,,True,3.821,3.821,3.821,3.821,3.821,3.821,3.821,3.821,3.821,3.821,3.821,3.821,0,,False,False,True,,,,,,,,,,,,,,,False,False,19.87,,107.0,,75.7,,107.0,,1130,124,,21,7,149349.8,19913.31,,Idle,,20,,10,,,20,Go Home,False,False,False,False,False,False,False,False,False,False,False,False,33.8027920380556,-117.4659261431046,4021.3,4043.5,1049.4,396.9,True,1,1,False,False,False,False,,True,False,False,Course Lock,196.8,67,16.4,93,W,S,3.13,11.4,Calm,False,True,Android,7.0.2,M300 RTK,1ZN7L4R0H1D00F,1W9DL31001461C,1ZMLH8300204F0,1Z6PH74DAP0QN7,"Corona, CA",728.3,5.7,137.7,8.547347,2.013246,0,0,DJI Matrice 300 RTK,M300 RTK,1ZN7L4R0H1D00F,1W9DL31001461C,1ZMLH8300204F0,1Z6PH74DAP0QN7,DJI Pilot,Android,7.0.2,1EF72A62-B7C3-C88D-164E-CE6F8C8424AE,1ZN7L4R0H1D00F,1W9DL31001461C,,1ZMLH8300204F0,1W9DL31001461C,,,,,
2023-11-01,11:36:09.84 AM,11m 47.5s,707.5,33.793838678161,-117.4736636545869,-30.5,137.7,21.3,1233,5785.3,0,8.547335,0,2.23694,0,5.816044,0,1.11847,1.7,0.6,1.8,91.1,91.1,,Tripod,Other,,21,5,True,,True,False,,Smart,RC,False,True,False,,,True,,False,False,False,False,False,False,False,False,False,False,0,Follow Yaw,-71.9,0,83.1,83.1,False,False,False,False,False,,0,0,False,False,No Card,100,100,1024,1024,1024,1024,2,False,False,False,False,False,0,False,False,False,False,62,,45.852,,6226,,10044,,45.852,,True,3.821,3.821,3.821,3.821,3.821,3.821,3.821,3.821,3.821,3.821,3.821,3.821,0,,False,False,True,,,,,,,,,,,,,,,False,False,19.87,,107.0,,75.7,,107.0,,1130,124,,21,7,149349.8,19913.31,,Idle,,20,,10,,,20,Go Home,False,False,False,False,False,False,False,False,False,False,False,False,33.8027920380556,-117.4659261431046,4021.3,4043.5,1049.4,396.9,True,1,1,False,False,False,False,,True,False,False,Course Lock,196.8,67,16.4,93,W,S,3.13,11.4,Calm,False,False,Android,7.0.2,M300 RTK,1ZN7L4R0H1D00F,1W9DL31001461C,1ZMLH8300204F0,1Z6PH74DAP0QN7,"Corona, CA",728.3,5.7,137.7,8.547347,2.013246,0,0,DJI Matrice 300 RTK,M300 RTK,1ZN7L4R0H1D00F,1W9DL31001461C,1ZMLH8300204F0,1Z6PH74DAP0QN7,DJI Pilot,Android,7.0.2,1EF72A62-B7C3-C88D-164E-CE6F8C8424AE,1ZN7L4R0H1D00F,1W9DL31001461C,,1ZMLH8300204F0,1W9DL31001461C,,,,,
2023-11-01,11:36:09.94 AM,11m 47.6s,707.6,33.7938386773387,-117.4736636561538,-30.5,137.7,21.3,1233,5785.3,0,8.547335,0,2.23694,0,5.816044,0,1.11847,1.8,0.6,1.8,91.1,91.1,,Tripod,Other,,21,5,True,,True,False,,Smart,RC,False,True,False,,,True,,False,False,False,False,False,False,False,False,False,False,0,Follow Yaw,-71.9,0,83.1,83.1,False,False,False,False,False,,0,0,False,False,No Card,100,100,1024,1024,1024,1024,2,False,False,False,False,False,0,False,False,False,False,62,,45.852,,6226,,10044,,45.852,,True,3.821,3.821,3.821,3.821,3.821,3.821,3.821,3.821,3.821,3.821,3.821,3.821,0,,False,False,True,,,,,,,,,,,,,,,False,False,19.87,,107.0,,75.7,,107.0,,1130,124,,21,7,149349.8,19913.31,,Idle,,20,,10,,,20,Go Home,False,False,False,False,False,False,False,False,False,False,False,False,33.8027920380556,-117.4659261431046,4021.3,4043.5,1049.4,396.9,True,1,1,False,False,False,False,,True,False,False,Course Lock,196.8,67,16.4,93,W,S,3.13,11.4,Calm,False,True,Android,7.0.2,M300 RTK,1ZN7L4R0H1D00F,1W9DL31001461C,1ZMLH8300204F0,1Z6PH74DAP0QN7,"Corona, CA",728.3,5.7,137.7,8.547347,2.013246,0,0,DJI Matrice 300 RTK,M300 RTK,1ZN7L4R0H1D00F,1W9DL31001461C,1ZMLH8300204F0,1Z6PH74DAP0QN7,DJI Pilot,Android,7.0.2,1EF72A62-B7C3-C88D-164E-CE6F8C8424AE,1ZN7L4R0H1D00F,1W9DL31001461C,,1ZMLH8300204F0,1W9DL31001461C,,,,,
2023-11-01,11:36:10.04 AM,11m 47.7s,707.7,33.7938386789834,-117.473663636032,-30.5,137.7,21.3,1233,5785.3,0,8.547335,0,2.23694,0,5.816044,0,1.11847,1.9,0.6,1.9,91.1,91.1,,Tripod,Other,,21,5,True,,True,False,,Smart,RC,False,True,False,,,True,,False,False,False,False,False,False,False,False,False,False,0,Follow Yaw,-71.9,0,83.1,83.1,False,False,False,False,False,,0,0,False,False,No Card,100,100,1024,1024,1024,1024,2,False,False,False,False,False,0,False,False,False,False,62,,45.816,,3091,,4986,,45.816,,True,3.821,3.821,3.821,3.821,3.821,3.821,3.821,3.821,3.821,3.821,3.821,3.821,0,,False,False,True,,,,,,,,,,,,,,,False,False,9.922,,106.7,,75.7,,107.0,,1130,124,,21,7,149349.8,19913.31,,Idle,,20,,10,,,20,Go Home,False,False,False,False,False,False,False,False,False,False,False,False,33.8027920380556,-117.4659261431046,4021.3,4043.5,1049.4,396.9,True,1,1,False,False,False,False,,True,False,False,Course Lock,196.8,67,16.4,93,W,S,3.13,11.4,Calm,False,False,Android,7.0.2,M300 RTK,1ZN7L4R0H1D00F,1W9DL31001461C,1ZMLH8300204F0,1Z6PH74DAP0QN7,"Corona, CA",728.3,5.7,137.7,8.547347,2.013246,0,0,DJI Matrice 300 RTK,M300 RTK,1ZN7L4R0H1D00F,1W9DL31001461C,1ZMLH8300204F0,1Z6PH74DAP0QN7,DJI Pilot,Android,7.0.2,1EF72A62-B7C3-C88D-164E-CE6F8C8424AE,1ZN7L4R0H1D00F,1W9DL31001461C,,1ZMLH8300204F0,1W9DL31001461C,,,,,
2023-11-01,11:36:10.14 AM,11m 47.8s,707.8,33.7938386751456,-117.4736636425468,-30.5,137.7,20.9,1233,5785.3,0,8.547335,0,2.23694,0,5.816044,0,1.11847,2,0.6,2,91.1,91.1,,Tripod,Other,,21,5,True,,True,False,,Smart,RC,False,True,False,,,True,,False,False,False,False,False,False,False,False,False,False,0,Follow Yaw,-71.9,0,83.1,83.1,False,False,False,False,False,,0,0,False,False,No Card,100,100,1024,1024,1024,1024,2,False,False,False,False,False,0,False,False,False,False,62,,45.816,,3091,,4986,,45.816,,True,3.821,3.821,3.821,3.821,3.821,3.821,3.821,3.821,3.821,3.821,3.821,3.821,0,,False,False,True,,,,,,,,,,,,,,,False,False,9.922,,106.7,,75.7,,107.0,,1130,124,,21,7,149349.8,19913.31,,Idle,,20,,10,,,20,Go Home,False,False,False,False,False,False,False,False,False,False,False,False,33.8027920380556,-117.4659261431046,4021.3,4043.5,1049.4,396.9,True,1,1,False,False,False,False,,True,False,False,Course Lock,196.8,67,16.4,93,W,S,3.13,11.4,Calm,False,True,Android,7.0.2,M300 RTK,1ZN7L4R0H1D00F,1W9DL31001461C,1ZMLH8300204F0,1Z6PH74DAP0QN7,"Corona, CA",728.3,5.7,137.7,8.547347,2.013246,0,0,DJI Matrice 300 RTK,M300 RTK,1ZN7L4R0H1D00F,1W9DL31001461C,1ZMLH8300204F0,1Z6PH74DAP0QN7,DJI Pilot,Android,7.0.2,1EF72A62-B7C3-C88D-164E-CE6F8C8424AE,1ZN7L4R0H1D00F,1W9DL31001461C,,1ZMLH8300204F0,1W9DL31001461C,,,,,
2023-11-01,11:36:10.24 AM,11m 47.9s,707.9,33.7938386625357,-117.4736636441961,-30.5,137.7,20.9,1233,5785.3,0,8.547335,0,2.23694,0,5.816044,0,1.11847,2,0.6,2,91.1,91.1,,Tripod,Other,,21,5,True,,True,False,,Smart,RC,False,True,False,,,True,,False,False,False,False,False,False,False,False,False,False,0,Follow Yaw,-71.9,0,83.1,83.1,False,False,False,False,False,,0,0,False,False,No Card,100,100,1024,1024,1024,1024,2,False,False,False,False,False,0,False,False,False,False,62,,45.816,,3091,,4986,,45.816,,True,3.821,3.821,3.821,3.821,3.821,3.821,3.821,3.821,3.821,3.821,3.821,3.821,0,,False,False,True,,,,,,,,,,,,,,,False,False,9.922,,106.7,,75.7,,107.0,,1130,124,,21,7,149349.8,19913.31,,Idle,,20,,10,,,20,Go Home,False,False,False,False,False,False,False,False,False,False,False,False,33.8027920380556,-117.4659261431046,4021.3,4043.5,1049.4,396.9,True,1,1,False,False,False,False,,True,False,False,Course Lock,196.8,67,16.4,93,W,S,3.13,11.4,Calm,False,False,Android,7.0.2,M300 RTK,1ZN7L4R0H1D00F,1W9DL31001461C,1ZMLH8300204F0,1Z6PH74DAP0QN7,"Corona, CA",728.3,5.7,137.7,8.547347,2.013246,0,0,DJI Matrice 300 RTK,M300 RTK,1ZN7L4R0H1D00F,1W9DL31001461C,1ZMLH8300204F0,1Z6PH74DAP0QN7,DJI Pilot,Android,7.0.2,1EF72A62-B7C3-C88D-164E-CE6F8C8424AE,1ZN7L4R0H1D00F,1W9DL31001461C,,1ZMLH8300204F0,1W9DL31001461C,,,,,
2023-11-01,11:36:10.34 AM,11m 48.0s,708.0,33.7938386558195,-117.473663660442,-30.5,137.7,20.9,1233,5785.3,0,8.547335,0,2.23694,0,5.816044,0,1.11847,1.8,0.5,1.8,91.2,91.2,,Tripod,Other,,21,5,True,,True,False,,Smart,RC,False,True,False,,,True,,False,False,False,False,False,False,False,False,False,False,0,Follow Yaw,-71.9,0,83.1,83.1,False,False,False,False,False,,0,0,False,False,No Card,100,100,1024,1024,1024,1024,2,False,False,False,False,False,0,False,False,False,False,62,,45.84,,6226,,10044,,45.84,,True,3.821,3.821,3.821,3.821,3.821,3.821,3.821,3.821,3.821,3.821,3.821,3.821,0,,False,False,True,,,,,,,,,,,,,,,False,False,19.824,,107.0,,75.7,,107.0,,1130,124,,21,7,149349.8,19913.31,,Idle,,20,,10,,,20,Go Home,False,False,False,False,False,False,False,False,False,False,False,False,33.8027920380556,-117.4659261431046,4021.3,4043.5,1049.4,396.9,True,1,1,False,False,False,False,,True,False,False,Course Lock,196.8,67,16.4,93,W,S,3.13,11.4,Calm,False,True,Android,7.0.2,M300 RTK,1ZN7L4R0H1D00F,1W9DL31001461C,1ZMLH8300204F0,1Z6PH74DAP0QN7,"Corona, CA",728.3,5.7,137.7,8.547347,2.013246,0,0,DJI Matrice 300 RTK,M300 RTK,1ZN7L4R0H1D00F,1W9DL31001461C,1ZMLH8300204F0,1Z6PH74DAP0QN7,DJI Pilot,Android,7.0.2,1EF72A62-B7C3-C88D-164E-CE6F8C8424AE,1ZN7L4R0H1D00F,1W9DL31001461C,,1ZMLH8300204F0,1W9DL31001461C,,,,,
2023-11-01,11:36:10.44 AM,11m 48.1s,708.1,33.7938386510222,-117.4736636761106,-30.5,137.7,20.9,1233,5785.3,0,8.547335,0,2.23694,0,5.816044,0,1.11847,1.5,0.3,1.5,91.2,91.2,,Tripod,Other,,21,5,True,,True,False,,Smart,RC,False,True,False,,,True,,False,False,False,False,False,False,False,False,False,False,0,Follow Yaw,-71.9,0,83.1,83.1,False,False,False,False,False,,0,0,False,False,No Card,100,100,1024,1024,1024,1024,2,False,False,False,False,False,0,False,False,False,False,62,,45.84,,6226,,10044,,45.84,,True,3.821,3.821,3.821,3.821,3.821,3.821,3.821,3.821,3.821,3.821,3.821,3.821,0,,False,False,True,,,,,,,,,,,,,,,False,False,19.824,,107.0,,75.7,,107.0,,1130,124,,21,7,149349.8,19913.31,,Idle,,20,,10,,,20,Go Home,False,False,False,False,False,False,False,False,False,False,False,False,33.8027920380556,-117.4659261431046,4021.3,4043.5,1049.4,396.9,True,1,1,False,False,False,False,,True,False,False,Course Lock,196.8,67,16.4,93,W,S,3.13,11.4,Calm,False,True,Android,7.0.2,M300 RTK,1ZN7L4R0H1D00F,1W9DL31001461C,1ZMLH8300204F0,1Z6PH74DAP0QN7,"Corona, CA",728.3,5.7,137.7,8.547347,2.013246,0,0,DJI Matrice 300 RTK,M300 RTK,1ZN7L4R0H1D00F,1W9DL31001461C,1ZMLH8300204F0,1Z6PH74DAP0QN7,DJI Pilot,Android,7.0.2,1EF72A62-B7C3-C88D-164E-CE6F8C8424AE,1ZN7L4R0H1D00F,1W9DL31001461C,,1ZMLH8300204F0,1W9DL31001461C,,,,,
2023-11-01,11:36:10.54 AM,11m 48.2s,708.2,33.7938386467732,-117.4736636892226,-30.5,137.7,21.3,1233,5785.3,0,8.547335,0,2.23694,0,5.816044,0,1.11847,1.3,0.3,1.3,91.1,91.1,,Tripod,Other,,21,5,True,,True,False,,Smart,RC,False,True,False,,,True,,False,False,False,False,False,False,False,False,False,False,0,Follow Yaw,-71.9,0,83.1,83.1,False,False,False,False,False,,0,0,False,False,No Card,100,100,1024,1024,1024,1024,2,False,False,False,False,False,0,False,False,False,False,62,,45.84,,6226,,10044,,45.84,,True,3.821,3.821,3.821,3.821,3.821,3.821,3.821,3.821,3.821,3.821,3.821,3.821,0,,False,False,True,,,,,,,,,,,,,,,False,False,19.824,,107.0,,75.7,,107.0,,1130,124,,21,7,149349.8,19913.31,,Idle,,20,,10,,,20,Go Home,False,False,False,False,False,False,False,False,False,False,False,False,33.8027920380556,-117.4659261431046,4021.3,4043.5,1049.4,396.9,True,1,1,False,False,False,False,,True,False,False,Course Lock,196.8,67,16.4,93,W,S,3.13,11.4,Calm,False,True,Android,7.0.2,M300 RTK,1ZN7L4R0H1D00F,1W9DL31001461C,1ZMLH8300204F0,1Z6PH74DAP0QN7,"Corona, CA",728.3,5.7,137.7,8.547347,2.013246,0,0,DJI Matrice 300 RTK,M300 RTK,1ZN7L4R0H1D00F,1W9DL31001461C,1ZMLH8300204F0,1Z6PH74DAP0QN7,DJI Pilot,Android,7.0.2,1EF72A62-B7C3-C88D-164E-CE6F8C8424AE,1ZN7L4R0H1D00F,1W9DL31001461C,,1ZMLH8300204F0,1W9DL31001461C,,,,,
2023-11-01,11:36:10.64 AM,11m 48.3s,708.3,33.7938386598629,-117.4736638290853,-30.5,137.7,21.3,1233,5785.4,0,8.547335,0,2.23694,0,5.816044,0,1.11847,1.3,0.3,1.3,91,91,,Tripod,Other,,21,5,True,,True,False,,Smart,RC,False,True,False,,,True,,False,False,False,False,False,False,False,False,False,False,0,Follow Yaw,-71.9,0,83.1,83.1,False,False,False,False,False,,0,0,False,False,No Card,100,100,1024,1024,1024,1024,2,False,False,False,False,False,0,False,False,False,False,62,,45.84,,6226,,10044,,45.84,,True,3.82,3.82,3.82,3.82,3.82,3.82,3.82,3.82,3.82,3.82,3.82,3.82,0,,False,False,True,,,,,,,,,,,,,,,False,False,19.824,,107.0,,75.7,,107.0,,1130,124,,21,7,149159.9,19887.99,,Idle,,20,,10,,,20,Go Home,False,False,False,False,False,False,False,False,False,False,False,False,33.8027920380556,-117.4659261431046,4021.3,4043.5,1049.4,396.9,True,1,1,False,False,False,False,,True,False,False,Course Lock,196.8,67,16.4,93,W,S,3.13,11.4,Calm,False,True,Android,7.0.2,M300 RTK,1ZN7L4R0H1D00F,1W9DL31001461C,1ZMLH8300204F0,1Z6PH74DAP0QN7,"Corona, CA",728.3,5.7,137.7,8.547347,2.013246,0,0,DJI Matrice 300 RTK,M300 RTK,1ZN7L4R0H1D00F,1W9DL31001461C,1ZMLH8300204F0,1Z6PH74DAP0QN7,DJI Pilot,Android,7.0.2,1EF72A62-B7C3-C88D-164E-CE6F8C8424AE,1ZN7L4R0H1D00F,1W9DL31001461C,,1ZMLH8300204F0,1W9DL31001461C,,,,,
2023-11-01,11:36:10.70 AM,11m 48.4s,708.4,33.7938386608909,-117.4736638403832,-30.5,137.7,21.3,1233,5785.4,0,8.547335,0,2.23694,0,5.816044,0,1.11847,1.5,0.4,1.5,90.9,90.9,,Tripod,Other,,21,5,True,,True,False,,Smart,RC,False,True,False,,,True,,False,False,False,False,False,False,False,False,False,False,0,Follow Yaw,-71.9,0,83.1,83.1,False,False,False,False,False,,0,0,False,False,No Card,100,100,1024,1024,1024,1024,2,False,False,False,False,False,0,False,False,False,False,62,,45.84,,6226,,10044,,45.84,,True,3.82,3.82,3.82,3.82,3.82,3.82,3.82,3.82,3.82,3.82,3.82,3.82,0,,False,False,True,,,,,,,,,,,,,,,False,False,19.824,,107.0,,75.7,,107.0,,1130,124,,21,7,149159.9,19887.99,,Idle,,20,,10,,,20,Go Home,False,False,False,False,False,False,False,False,False,False,False,False,33.8027920380556,-117.4659261431046,4021.3,4043.5,1049.4,396.9,True,1,1,False,False,False,False,,True,False,False,Course Lock,196.8,67,16.4,93,W,S,3.13,11.4,Calm,False,True,Android,7.0.2,M300 RTK,1ZN7L4R0H1D00F,1W9DL31001461C,1ZMLH8300204F0,1Z6PH74DAP0QN7,"Corona, CA",728.3,5.7,137.7,8.547347,2.013246,0,0,DJI Matrice 300 RTK,M300 RTK,1ZN7L4R0H1D00F,1W9DL31001461C,1ZMLH8300204F0,1Z6PH74DAP0QN7,DJI Pilot,Android,7.0.2,1EF72A62-B7C3-C88D-164E-CE6F8C8424AE,1ZN7L4R0H1D00F,1W9DL31001461C,,1ZMLH8300204F0,1W9DL31001461C,,,,,
2023-11-01,11:36:10.80 AM,11m 48.5s,708.5,33.7938388394861,-117.4736637592365,-30.5,137.7,21.3,1233,5785.4,0,8.547335,0,2.23694,0,5.816044,0,1.11847,1.7,0.5,1.7,90.9,90.9,,Tripod,Other,,21,5,True,,True,False,,Smart,RC,False,True,False,,,True,,False,False,False,False,False,False,False,False,False,False,0,Follow Yaw,-71.9,0,83.1,83.1,False,False,False,False,False,,0,0,False,False,No Card,100,100,1024,1024,1024,1024,2,False,False,False,False,False,0,False,False,False,False,62,,45.84,,6226,,10044,,45.84,,True,3.82,3.82,3.82,3.82,3.82,3.82,3.82,3.82,3.82,3.82,3.82,3.82,0,,False,False,True,,,,,,,,,,,,,,,False,False,19.824,,107.0,,75.7,,107.0,,1130,124,,21,7,149159.9,19887.99,,Idle,,20,,10,,,20,Go Home,False,False,False,False,False,False,False,False,False,False,False,False,33.8027920380556,-117.4659261431046,4021.2,4043.5,1049.4,396.9,True,1,1,False,False,False,False,,True,False,False,Course Lock,196.8,67,16.4,93,W,S,3.13,11.4,Calm,False,False,Android,7.0.2,M300 RTK,1ZN7L4R0H1D00F,1W9DL31001461C,1ZMLH8300204F0,1Z6PH74DAP0QN7,"Corona, CA",728.3,5.7,137.7,8.547347,2.013246,0,0,DJI Matrice 300 RTK,M300 RTK,1ZN7L4R0H1D00F,1W9DL31001461C,1ZMLH8300204F0,1Z6PH74DAP0QN7,DJI Pilot,Android,7.0.2,1EF72A62-B7C3-C88D-164E-CE6F8C8424AE,1ZN7L4R0H1D00F,1W9DL31001461C,,1ZMLH8300204F0,1W9DL31001461C,,,,,
2023-11-01,11:36:10.94 AM,11m 48.6s,708.6,33.7938388565506,-117.4736637612156,-30.5,137.7,21.3,1233,5785.4,0,8.547335,0,2.23694,0,5.816044,0,1.11847,1.9,0.5,1.9,90.8,90.8,,Tripod,Other,,21,5,True,,True,False,,Smart,RC,False,True,False,,,True,,False,False,False,False,False,False,False,False,False,False,0,Follow Yaw,-71.9,0,83.1,83.1,False,False,False,False,False,,0,0,False,False,No Card,100,100,1024,1024,1024,1024,2,False,False,False,False,False,0,False,False,False,False,62,,45.84,,6226,,10044,,45.84,,True,3.82,3.82,3.82,3.82,3.82,3.82,3.82,3.82,3.82,3.82,3.82,3.82,0,,False,False,True,,,,,,,,,,,,,,,False,False,19.824,,107.0,,75.7,,107.0,,1130,124,,21,7,149159.9,19887.99,,Idle,,20,,10,,,20,Go Home,False,False,False,False,False,False,False,False,False,False,False,False,33.8027920380556,-117.4659261431046,4021.2,4043.5,1049.4,396.9,True,1,1,False,False,False,False,,True,False,False,Course Lock,196.8,67,16.4,93,W,S,3.13,11.4,Calm,False,False,Android,7.0.2,M300 RTK,1ZN7L4R0H1D00F,1W9DL31001461C,1ZMLH8300204F0,1Z6PH74DAP0QN7,"Corona, CA",728.3,5.7,137.7,8.547347,2.013246,0,0,DJI Matrice 300 RTK,M300 RTK,1ZN7L4R0H1D00F,1W9DL31001461C,1ZMLH8300204F0,1Z6PH74DAP0QN7,DJI Pilot,Android,7.0.2,1EF72A62-B7C3-C88D-164E-CE6F8C8424AE,1ZN7L4R0H1D00F,1W9DL31001461C,,1ZMLH8300204F0,1W9DL31001461C,,,,,
2023-11-01,11:36:11.04 AM,11m 48.7s,708.7,33.7938388427756,-117.4736637283116,-30.5,137.7,21.3,1233,5785.5,0,8.547335,0,2.23694,0,5.816044,0,1.11847,2,0.4,2,90.8,90.8,,Tripod,Other,,21,5,True,,True,False,,Smart,RC,False,True,False,,,True,,False,False,False,False,False,False,False,False,False,False,0,Follow Yaw,-71.9,0,83.1,83.1,False,False,False,False,False,,0,0,False,False,No Card,100,100,1024,1024,1024,1024,2,False,False,False,False,False,0,False,False,False,False,62,,45.84,,6226,,10044,,45.84,,True,3.82,3.82,3.82,3.82,3.82,3.82,3.82,3.82,3.82,3.82,3.82,3.82,0,,False,False,True,,,,,,,,,,,,,,,False,False,19.824,,107.0,,75.7,,107.0,,1130,124,,21,7,149159.9,19887.99,,Idle,,20,,10,,,20,Go Home,False,False,False,False,False,False,False,False,False,False,False,False,33.8027920380556,-117.4659261431046,4021.2,4043.5,1049.4,396.9,True,1,1,False,False,False,False,,True,False,False,Course Lock,196.8,67,16.4,93,W,S,3.13,11.4,Calm,False,False,Android,7.0.2,M300 RTK,1ZN7L4R0H1D00F,1W9DL31001461C,1ZMLH8300204F0,1Z6PH74DAP0QN7,"Corona, CA",728.3,5.7,137.7,8.547347,2.013246,0,0,DJI Matrice 300 RTK,M300 RTK,1ZN7L4R0H1D00F,1W9DL31001461C,1ZMLH8300204F0,1Z6PH74DAP0QN7,DJI Pilot,Android,7.0.2,1EF72A62-B7C3-C88D-164E-CE6F8C8424AE,1ZN7L4R0H1D00F,1W9DL31001461C,,1ZMLH8300204F0,1W9DL31001461C,,,,,
2023-11-01,11:36:11.14 AM,11m 48.8s,708.8,33.7938388561394,-117.473663737218,-30.5,137.7,21.3,1233,5785.5,0,8.547335,0,2.23694,0,5.816044,0,1.11847,2.1,0.2,2.1,90.8,90.8,,Tripod,Other,,21,5,True,,True,False,,Smart,RC,False,True,False,,,True,,False,False,False,False,False,False,False,False,False,False,0,Follow Yaw,-71.9,0,83.1,83.1,False,False,False,False,False,,0,0,False,False,No Card,100,100,1024,1024,1024,1024,2,False,False,False,False,False,0,False,False,False,False,62,,45.84,,6226,,10044,,45.84,,True,3.82,3.82,3.82,3.82,3.82,3.82,3.82,3.82,3.82,3.82,3.82,3.82,0,,False,False,True,,,,,,,,,,,,,,,False,False,19.824,,107.0,,75.7,,107.0,,1130,124,,21,7,149159.9,19887.99,,Idle,,20,,10,,,20,Go Home,False,False,False,False,False,False,False,False,False,False,False,False,33.8027920380556,-117.4659261431046,4021.2,4043.5,1049.4,396.9,True,1,1,False,False,False,False,,True,False,False,Course Lock,196.8,67,16.4,93,W,S,3.13,11.4,Calm,False,True,Android,7.0.2,M300 RTK,1ZN7L4R0H1D00F,1W9DL31001461C,1ZMLH8300204F0,1Z6PH74DAP0QN7,"Corona, CA",728.3,5.7,137.7,8.547347,2.013246,0,0,DJI Matrice 300 RTK,M300 RTK,1ZN7L4R0H1D00F,1W9DL31001461C,1ZMLH8300204F0,1Z6PH74DAP0QN7,DJI Pilot,Android,7.0.2,1EF72A62-B7C3-C88D-164E-CE6F8C8424AE,1ZN7L4R0H1D00F,1W9DL31001461C,,1ZMLH8300204F0,1W9DL31001461C,,,,,
2023-11-01,11:36:11.21 AM,11m 48.9s,708.9,33.7938388388693,-117.4736639270552,-30.5,137.7,21.3,1233,5785.5,0,8.547335,0,2.23694,0,5.816044,0,1.11847,1.9,0.2,1.9,90.8,90.8,,Tripod,Other,,21,5,True,,True,False,,Smart,RC,False,True,False,,,True,,False,False,False,False,False,False,False,False,False,False,0,Follow Yaw,-71.9,0,83.1,83.1,False,False,False,False,False,,0,0,False,False,No Card,100,100,1024,1024,1024,1024,2,False,False,False,False,False,0,False,False,False,False,62,,45.84,,6226,,10044,,45.84,,True,3.82,3.82,3.82,3.82,3.82,3.82,3.82,3.82,3.82,3.82,3.82,3.82,0,,False,False,True,,,,,,,,,,,,,,,False,False,19.824,,107.0,,75.7,,107.0,,1130,124,,21,7,149159.9,19887.99,,Idle,,20,,10,,,20,Go Home,False,False,False,False,False,False,False,False,False,False,False,False,33.8027920380556,-117.4659261431046,4021.3,4043.5,1049.4,396.9,True,1,1,False,False,False,False,,True,False,False,Course Lock,196.8,67,16.4,93,W,S,3.13,11.4,Calm,False,True,Android,7.0.2,M300 RTK,1ZN7L4R0H1D00F,1W9DL31001461C,1ZMLH8300204F0,1Z6PH74DAP0QN7,"Corona, CA",728.3,5.7,137.7,8.547347,2.013246,0,0,DJI Matrice 300 RTK,M300 RTK,1ZN7L4R0H1D00F,1W9DL31001461C,1ZMLH8300204F0,1Z6PH74DAP0QN7,DJI Pilot,Android,7.0.2,1EF72A62-B7C3-C88D-164E-CE6F8C8424AE,1ZN7L4R0H1D00F,1W9DL31001461C,,1ZMLH8300204F0,1W9DL31001461C,,,,,
2023-11-01,11:36:11.34 AM,11m 49.0s,709.0,33.7938388564821,-117.47366395798,-30.5,137.7,21.3,1233,5785.5,0,8.547335,0,2.23694,0,5.816044,0,1.11847,1.7,0.3,1.7,90.8,90.8,,Tripod,Other,,21,5,True,,True,False,,Smart,RC,False,True,False,,,True,,False,False,False,False,False,False,False,False,False,False,0,Follow Yaw,-71.9,0,83.1,83.1,False,False,False,False,False,,0,0,False,False,No Card,100,100,1024,1024,1024,1024,2,False,False,False,False,False,0,False,False,False,False,62,,45.816,,3091,,4986,,45.816,,True,3.82,3.82,3.82,3.82,3.82,3.82,3.82,3.82,3.82,3.82,3.82,3.82,0,,False,False,True,,,,,,,,,,,,,,,False,False,9.922,,106.8,,75.7,,107.0,,1130,124,,21,7,149159.9,19887.99,,Idle,,20,,10,,,20,Go Home,False,False,False,False,False,False,False,False,False,False,False,False,33.8027920380556,-117.4659261431046,4021.3,4043.5,1049.4,396.9,True,1,1,False,False,False,False,,True,False,False,Course Lock,196.8,67,16.4,93,W,S,3.13,11.4,Calm,False,True,Android,7.0.2,M300 RTK,1ZN7L4R0H1D00F,1W9DL31001461C,1ZMLH8300204F0,1Z6PH74DAP0QN7,"Corona, CA",728.3,5.7,137.7,8.547347,2.013246,0,0,DJI Matrice 300 RTK,M300 RTK,1ZN7L4R0H1D00F,1W9DL31001461C,1ZMLH8300204F0,1Z6PH74DAP0QN7,DJI Pilot,Android,7.0.2,1EF72A62-B7C3-C88D-164E-CE6F8C8424AE,1ZN7L4R0H1D00F,1W9DL31001461C,,1ZMLH8300204F0,1W9DL31001461C,,,,,
2023-11-01,11:36:11.41 AM,11m 49.1s,709.1,33.793838844626,-117.4736637973358,-30.5,137.7,21.3,1233,5785.6,0,8.547335,0,2.23694,0,5.816044,0,1.11847,1.6,0.4,1.6,90.8,90.8,,Tripod,Other,,21,5,True,,True,False,,Smart,RC,False,True,False,,,True,,False,False,False,False,False,False,False,False,False,False,0,Follow Yaw,-71.9,0,83.1,83.1,False,False,False,False,False,,0,0,False,False,No Card,100,100,1024,1024,1024,1024,2,False,False,False,False,False,0,False,False,False,False,62,,45.816,,3091,,4986,,45.816,,True,3.82,3.82,3.82,3.82,3.82,3.82,3.82,3.82,3.82,3.82,3.82,3.82,0,,False,False,True,,,,,,,,,,,,,,,False,False,9.922,,106.8,,75.7,,107.0,,1130,124,,21,7,149159.9,19887.99,,Idle,,20,,10,,,20,Go Home,False,False,False,False,False,False,False,False,False,False,False,False,33.8027920380556,-117.4659261431046,4021.2,4043.5,1049.4,396.9,True,1,1,False,False,False,False,,True,False,False,Course Lock,196.8,67,16.4,93,W,S,3.13,11.4,Calm,False,False,Android,7.0.2,M300 RTK,1ZN7L4R0H1D00F,1W9DL31001461C,1ZMLH8300204F0,1Z6PH74DAP0QN7,"Corona, CA",728.3,5.7,137.7,8.547347,2.013246,0,0,DJI Matrice 300 RTK,M300 RTK,1ZN7L4R0H1D00F,1W9DL31001461C,1ZMLH8300204F0,1Z6PH74DAP0QN7,DJI Pilot,Android,7.0.2,1EF72A62-B7C3-C88D-164E-CE6F8C8424AE,1ZN7L4R0H1D00F,1W9DL31001461C,,1ZMLH8300204F0,1W9DL31001461C,,,,,
2023-11-01,11:36:11.54 AM,11m 49.2s,709.2,33.7938388575101,-117.4736638061597,-30.5,137.7,21.3,1233,5785.6,0,8.547335,0,2.23694,0,5.816044,0,1.11847,1.5,0.5,1.5,90.9,90.9,,Tripod,Other,,21,5,True,,True,False,,Smart,RC,False,True,False,,,True,,False,False,False,False,False,False,False,False,False,False,0,Follow Yaw,-71.9,0,83.1,83.1,False,False,False,False,False,,0,0,False,False,No Card,100,100,1024,1024,1024,1024,2,False,False,False,False,False,0,False,False,False,False,62,,45.816,,3091,,4986,,45.816,,True,3.82,3.82,3.82,3.82,3.82,3.82,3.82,3.82,3.82,3.82,3.82,3.82,0,,False,False,True,,,,,,,,,,,,,,,False,False,9.922,,106.8,,75.7,,107.0,,1130,124,,21,7,149159.9,19887.99,,Idle,,20,,10,,,20,Go Home,False,False,False,False,False,False,False,False,False,False,False,False,33.8027920380556,-117.4659261431046,4021.2,4043.5,1049.4,396.9,True,1,1,False,False,False,False,,True,False,False,Course Lock,196.8,67,16.4,93,W,S,3.13,11.4,Calm,False,True,Android,7.0.2,M300 RTK,1ZN7L4R0H1D00F,1W9DL31001461C,1ZMLH8300204F0,1Z6PH74DAP0QN7,"Corona, CA",728.3,5.7,137.7,8.547347,2.013246,0,0,DJI Matrice 300 RTK,M300 RTK,1ZN7L4R0H1D00F,1W9DL31001461C,1ZMLH8300204F0,1Z6PH74DAP0QN7,DJI Pilot,Android,7.0.2,1EF72A62-B7C3-C88D-164E-CE6F8C8424AE,1ZN7L4R0H1D00F,1W9DL31001461C,,1ZMLH8300204F0,1W9DL31001461C,,,,,
2023-11-01,11:36:11.64 AM,11m 49.3s,709.3,33.7938388431868,-117.4736639387654,-30.5,137.7,21.3,1233,5785.6,0,8.547335,0,2.23694,0,5.816044,0,1.11847,1.6,0.3,1.6,90.9,90.9,,Tripod,Other,,21,5,True,,True,False,,Smart,RC,False,True,False,,,True,,False,False,False,False,False,False,False,False,False,False,0,Follow Yaw,-71.9,0,83.1,83.1,False,False,False,False,False,,0,0,False,False,No Card,100,100,1024,1024,1024,1024,2,False,False,False,False,False,0,False,False,False,False,62,,45.816,,3091,,4986,,45.816,,True,3.82,3.82,3.82,3.82,3.82,3.82,3.82,3.82,3.82,3.82,3.82,3.82,0,,False,False,True,,,,,,,,,,,,,,,False,False,9.922,,106.8,,75.7,,107.0,,1129,124,,21,7,149003.2,19867.09,,Idle,,20,,10,,,20,Go Home,False,False,False,False,False,False,False,False,False,False,False,False,33.8027920380556,-117.4659261431046,4021.3,4043.5,1049.4,396.9,True,1,1,False,False,False,False,,True,False,False,Course Lock,196.8,67,16.4,93,W,S,3.13,11.4,Calm,False,True,Android,7.0.2,M300 RTK,1ZN7L4R0H1D00F,1W9DL31001461C,1ZMLH8300204F0,1Z6PH74DAP0QN7,"Corona, CA",728.3,5.7,137.7,8.547347,2.013246,0,0,DJI Matrice 300 RTK,M300 RTK,1ZN7L4R0H1D00F,1W9DL31001461C,1ZMLH8300204F0,1Z6PH74DAP0QN7,DJI Pilot,Android,7.0.2,1EF72A62-B7C3-C88D-164E-CE6F8C8424AE,1ZN7L4R0H1D00F,1W9DL31001461C,,1ZMLH8300204F0,1W9DL31001461C,,,,,
2023-11-01,11:36:11.72 AM,11m 49.4s,709.4,33.7938388514792,-117.473663950558,-30.5,137.7,21.3,1233,5785.6,0,8.547335,0,2.23694,0,5.816044,0,1.11847,1.8,0.1,1.8,90.9,90.9,,Tripod,Other,,21,5,True,,True,False,,Smart,RC,False,True,False,,,True,,False,False,False,False,False,False,False,False,False,False,0,Follow Yaw,-71.9,0,83.1,83.1,False,False,False,False,False,,0,0,False,False,No Card,100,100,1024,1024,1024,1024,2,False,False,False,False,False,0,False,False,False,False,62,,45.816,,3091,,4986,,45.816,,True,3.82,3.82,3.82,3.82,3.82,3.82,3.82,3.82,3.82,3.82,3.82,3.82,0,,False,False,True,,,,,,,,,,,,,,,False,False,9.922,,106.8,,75.7,,107.0,,1129,124,,21,7,149003.2,19867.09,,Idle,,20,,10,,,20,Go Home,False,False,False,False,False,False,False,False,False,False,False,False,33.8027920380556,-117.4659261431046,4021.3,4043.5,1049.4,396.9,True,1,1,False,False,False,False,,True,False,False,Course Lock,196.8,67,16.4,93,W,S,3.13,11.4,Calm,False,True,Android,7.0.2,M300 RTK,1ZN7L4R0H1D00F,1W9DL31001461C,1ZMLH8300204F0,1Z6PH74DAP0QN7,"Corona, CA",728.3,5.7,137.7,8.547347,2.013246,0,0,DJI Matrice 300 RTK,M300 RTK,1ZN7L4R0H1D00F,1W9DL31001461C,1ZMLH8300204F0,1Z6PH74DAP0QN7,DJI Pilot,Android,7.0.2,1EF72A62-B7C3-C88D-164E-CE6F8C8424AE,1ZN7L4R0H1D00F,1W9DL31001461C,,1ZMLH8300204F0,1W9DL31001461C,,,,,
2023-11-01,11:36:11.82 AM,11m 49.5s,709.5,33.793838819269,-117.4736638775754,-30.5,137.7,21.3,1233,5785.7,0,8.547335,0,2.23694,0,5.816044,0,1.11847,2,0,2,91,91,,Tripod,Other,,21,5,True,,True,False,,Smart,RC,False,True,False,,,True,,False,False,False,False,False,False,False,False,False,False,0,Follow Yaw,-71.9,0,83.1,83.1,False,False,False,False,False,,0,0,False,False,No Card,100,100,1024,1024,1024,1024,2,False,False,False,False,False,0,False,False,False,False,62,,45.816,,3091,,4986,,45.816,,True,3.82,3.82,3.82,3.82,3.82,3.82,3.82,3.82,3.82,3.82,3.82,3.82,0,,False,False,True,,,,,,,,,,,,,,,False,False,9.922,,106.8,,75.7,,107.0,,1129,124,,21,7,149003.2,19867.09,,Idle,,20,,10,,,20,Go Home,False,False,False,False,False,False,False,False,False,False,False,False,33.8027920380556,-117.4659261431046,4021.3,4043.5,1049.4,396.9,True,1,1,False,False,False,False,,True,False,False,Course Lock,196.8,67,16.4,93,W,S,3.13,11.4,Calm,False,False,Android,7.0.2,M300 RTK,1ZN7L4R0H1D00F,1W9DL31001461C,1ZMLH8300204F0,1Z6PH74DAP0QN7,"Corona, CA",728.3,5.7,137.7,8.547347,2.013246,0,0,DJI Matrice 300 RTK,M300 RTK,1ZN7L4R0H1D00F,1W9DL31001461C,1ZMLH8300204F0,1Z6PH74DAP0QN7,DJI Pilot,Android,7.0.2,1EF72A62-B7C3-C88D-164E-CE6F8C8424AE,1ZN7L4R0H1D00F,1W9DL31001461C,,1ZMLH8300204F0,1W9DL31001461C,,,,,
2023-11-01,11:36:11.93 AM,11m 49.6s,709.6,33.7938388337979,-117.4736638860694,-30.5,137.7,21.3,1233,5785.7,0,8.547335,0,2.23694,0,5.816044,0,1.11847,1.8,-0.1,1.8,91,91,,Tripod,Other,,21,5,True,,True,False,,Smart,RC,False,True,False,,,True,,False,False,False,False,False,False,False,False,False,False,0,Follow Yaw,-71.9,0,83.1,83.1,False,False,False,False,False,,0,0,False,False,No Card,100,100,1024,1024,1024,1024,2,False,False,False,False,False,0,False,False,False,False,62,,45.816,,3091,,4986,,45.816,,True,3.82,3.82,3.82,3.82,3.82,3.82,3.82,3.82,3.82,3.82,3.82,3.82,0,,False,False,True,,,,,,,,,,,,,,,False,False,9.922,,106.8,,75.7,,107.0,,1129,124,,21,7,149003.2,19867.09,,Idle,,20,,10,,,20,Go Home,False,False,False,False,False,False,False,False,False,False,False,False,33.8027920380556,-117.4659261431046,4021.3,4043.5,1049.4,396.9,True,1,1,False,False,False,False,,True,False,False,Course Lock,196.8,67,16.4,93,W,S,3.13,11.4,Calm,False,True,Android,7.0.2,M300 RTK,1ZN7L4R0H1D00F,1W9DL31001461C,1ZMLH8300204F0,1Z6PH74DAP0QN7,"Corona, CA",728.3,5.7,137.7,8.547347,2.013246,0,0,DJI Matrice 300 RTK,M300 RTK,1ZN7L4R0H1D00F,1W9DL31001461C,1ZMLH8300204F0,1Z6PH74DAP0QN7,DJI Pilot,Android,7.0.2,1EF72A62-B7C3-C88D-164E-CE6F8C8424AE,1ZN7L4R0H1D00F,1W9DL31001461C,,1ZMLH8300204F0,1W9DL31001461C,,,,,
2023-11-01,11:36:12.03 AM,11m 49.7s,709.7,33.7938388261908,-117.473663849537,-30.5,137.7,21.3,1233,5785.7,0,8.547335,0,2.23694,0,5.816044,0,1.11847,1.6,0,1.6,91.1,91.1,,Tripod,Other,,21,5,True,,True,False,,Smart,RC,False,True,False,,,True,,False,False,False,False,False,False,False,False,False,False,0,Follow Yaw,-71.9,0,83.1,83.1,False,False,False,False,False,,0,0,False,False,No Card,100,100,1024,1024,1024,1024,2,False,False,False,False,False,0,False,False,False,False,62,,45.816,,3091,,4986,,45.816,,True,3.82,3.82,3.82,3.82,3.82,3.82,3.82,3.82,3.82,3.82,3.82,3.82,0,,False,False,True,,,,,,,,,,,,,,,False,False,9.922,,106.8,,75.7,,107.0,,1129,124,,21,7,149003.2,19867.09,,Idle,,20,,10,,,20,Go Home,False,False,False,False,False,False,False,False,False,False,False,False,33.8027920380556,-117.4659261431046,4021.3,4043.5,1049.4,396.9,True,1,1,False,False,False,False,,True,False,False,Course Lock,196.8,67,16.4,93,W,S,3.13,11.4,Calm,False,False,Android,7.0.2,M300 RTK,1ZN7L4R0H1D00F,1W9DL31001461C,1ZMLH8300204F0,1Z6PH74DAP0QN7,"Corona, CA",728.3,5.7,137.7,8.547347,2.013246,0,0,DJI Matrice 300 RTK,M300 RTK,1ZN7L4R0H1D00F,1W9DL31001461C,1ZMLH8300204F0,1Z6PH74DAP0QN7,DJI Pilot,Android,7.0.2,1EF72A62-B7C3-C88D-164E-CE6F8C8424AE,1ZN7L4R0H1D00F,1W9DL31001461C,,1ZMLH8300204F0,1W9DL31001461C,,,,,
2023-11-01,11:36:12.13 AM,11m 49.8s,709.8,33.7938388469561,-117.4736638515161,-30.5,137.7,21.3,1233,5785.7,0,8.547335,0,2.23694,0,5.816044,0,1.11847,1.5,0.1,1.5,91.1,91.1,,Tripod,Other,,21,5,True,,True,False,,Smart,RC,False,True,False,,,True,,False,False,False,False,False,False,False,False,False,False,0,Follow Yaw,-71.9,0,83.1,83.1,False,False,False,False,False,,0,0,False,False,No Card,100,100,1024,1024,1024,1024,2,False,False,False,False,False,0,False,False,False,False,62,,45.816,,3091,,4986,,45.816,,True,3.82,3.82,3.82,3.82,3.82,3.82,3.82,3.82,3.82,3.82,3.82,3.82,0,,False,False,True,,,,,,,,,,,,,,,False,False,9.922,,106.8,,75.7,,107.0,,1129,124,,21,7,149003.2,19867.09,,Idle,,20,,10,,,20,Go Home,False,False,False,False,False,False,False,False,False,False,False,False,33.8027920380556,-117.4659261431046,4021.3,4043.5,1049.4,396.9,True,1,1,False,False,False,False,,True,False,False,Course Lock,196.8,67,16.4,93,W,S,3.13,11.4,Calm,False,False,Android,7.0.2,M300 RTK,1ZN7L4R0H1D00F,1W9DL31001461C,1ZMLH8300204F0,1Z6PH74DAP0QN7,"Corona, CA",728.3,5.7,137.7,8.547347,2.013246,0,0,DJI Matrice 300 RTK,M300 RTK,1ZN7L4R0H1D00F,1W9DL31001461C,1ZMLH8300204F0,1Z6PH74DAP0QN7,DJI Pilot,Android,7.0.2,1EF72A62-B7C3-C88D-164E-CE6F8C8424AE,1ZN7L4R0H1D00F,1W9DL31001461C,,1ZMLH8300204F0,1W9DL31001461C,,,,,
2023-11-01,11:36:12.23 AM,11m 49.9s,709.9,33.7938390113651,-117.4736639954196,-30.5,137.7,21.3,1233,5785.8,0,8.547335,0,2.23694,0,5.816044,0,1.11847,1.5,0.2,1.5,91,91,,Tripod,Other,,21,5,True,,True,False,,Smart,RC,False,True,False,,,True,,False,False,False,False,False,False,False,False,False,False,0,Follow Yaw,-71.9,0,83.1,83.1,False,False,False,False,False,,0,0,False,False,No Card,100,100,1024,1024,1018,1024,2,False,False,False,False,False,0,False,False,False,False,62,,45.816,,3091,,4986,,45.816,,True,3.82,3.82,3.82,3.82,3.82,3.82,3.82,3.82,3.82,3.82,3.82,3.82,0,,False,False,True,,,,,,,,,,,,,,,False,False,9.922,,106.8,,75.7,,107.0,,1129,124,,21,7,149003.2,19867.09,,Idle,,20,,10,,,20,Go Home,False,False,False,False,False,False,False,False,False,False,False,False,33.8027920380556,-117.4659261431046,4021.2,4043.5,1049.4,396.9,True,1,1,False,False,False,False,,True,False,False,Course Lock,196.8,67,16.4,93,W,S,3.13,11.4,Calm,False,True,Android,7.0.2,M300 RTK,1ZN7L4R0H1D00F,1W9DL31001461C,1ZMLH8300204F0,1Z6PH74DAP0QN7,"Corona, CA",728.3,5.7,137.7,8.547347,2.013246,0,0,DJI Matrice 300 RTK,M300 RTK,1ZN7L4R0H1D00F,1W9DL31001461C,1ZMLH8300204F0,1Z6PH74DAP0QN7,DJI Pilot,Android,7.0.2,1EF72A62-B7C3-C88D-164E-CE6F8C8424AE,1ZN7L4R0H1D00F,1W9DL31001461C,,1ZMLH8300204F0,1W9DL31001461C,,,,,
2023-11-01,11:36:12.33 AM,11m 50.0s,710.0,33.7938390449459,-117.4736639992956,-30.5,137.7,21.3,1233,5785.8,0,8.547335,0,2.23694,0,5.816044,0,1.11847,1.6,0.2,1.6,91,91,,Tripod,Other,,21,5,True,,True,False,,Smart,RC,False,True,False,,,True,,False,False,False,False,False,False,False,False,False,False,0,Follow Yaw,-71.9,0,83.1,83.1,False,False,False,False,False,,0,0,False,False,No Card,100,100,1024,1024,941,1024,2,False,False,False,False,False,0,False,False,False,False,62,,45.84,,6226,,10044,,45.84,,True,3.82,3.82,3.82,3.82,3.82,3.82,3.82,3.82,3.82,3.82,3.82,3.82,0,,False,False,True,,,,,,,,,,,,,,,False,False,19.722,,107.0,,75.7,,107.0,,1129,124,,21,7,149003.2,19867.09,,Idle,,20,,10,,,20,Go Home,False,False,False,False,False,False,False,False,False,False,False,False,33.8027920380556,-117.4659261431046,4021.2,4043.5,1049.4,396.9,True,1,1,False,False,False,False,,True,False,False,Course Lock,196.8,67,16.4,93,W,S,3.13,11.4,Calm,False,False,Android,7.0.2,M300 RTK,1ZN7L4R0H1D00F,1W9DL31001461C,1ZMLH8300204F0,1Z6PH74DAP0QN7,"Corona, CA",728.3,5.7,137.7,8.547347,2.013246,0,0,DJI Matrice 300 RTK,M300 RTK,1ZN7L4R0H1D00F,1W9DL31001461C,1ZMLH8300204F0,1Z6PH74DAP0QN7,DJI Pilot,Android,7.0.2,1EF72A62-B7C3-C88D-164E-CE6F8C8424AE,1ZN7L4R0H1D00F,1W9DL31001461C,,1ZMLH8300204F0,1W9DL31001461C,,,,,
2023-11-01,11:36:12.44 AM,11m 50.1s,710.1,33.793838991148,-117.4736639399199,-30.5,137.7,21.3,1233,5785.8,0,8.547335,0,2.23694,0,5.816044,0,1.11847,1.8,0.2,1.8,91,91,,Tripod,Other,,21,5,True,,True,False,,Smart,RC,False,True,False,,,True,,False,False,False,False,False,False,False,False,False,False,0,Follow Yaw,-71.9,0,83.1,83.1,False,False,False,False,False,,0,0,False,False,No Card,100,100,1024,1024,924,1024,2,False,False,False,False,False,0,False,False,False,False,62,,45.84,,6226,,10044,,45.84,,True,3.82,3.82,3.82,3.82,3.82,3.82,3.82,3.82,3.82,3.82,3.82,3.82,0,,False,False,True,,,,,,,,,,,,,,,False,False,19.722,,107.0,,75.7,,107.0,,1129,124,,21,7,149003.2,19867.09,,Idle,,20,,10,,,20,Go Home,False,False,False,False,False,False,False,False,False,False,False,False,33.8027920380556,-117.4659261431046,4021.2,4043.5,1049.4,396.9,True,1,1,False,False,False,False,,True,False,False,Course Lock,196.8,67,16.4,93,W,S,3.13,11.4,Calm,False,False,Android,7.0.2,M300 RTK,1ZN7L4R0H1D00F,1W9DL31001461C,1ZMLH8300204F0,1Z6PH74DAP0QN7,"Corona, CA",728.3,5.7,137.7,8.547347,2.013246,0,0,DJI Matrice 300 RTK,M300 RTK,1ZN7L4R0H1D00F,1W9DL31001461C,1ZMLH8300204F0,1Z6PH74DAP0QN7,DJI Pilot,Android,7.0.2,1EF72A62-B7C3-C88D-164E-CE6F8C8424AE,1ZN7L4R0H1D00F,1W9DL31001461C,,1ZMLH8300204F0,1W9DL31001461C,,,,,
2023-11-01,11:36:12.54 AM,11m 50.2s,710.2,33.7938390187666,-117.4736639328278,-30.5,137.7,21.3,1233,5785.8,0,8.547335,0,2.23694,0,5.816044,0,1.11847,1.9,0.2,1.9,91,91,,Tripod,Other,,21,5,True,,True,False,,Smart,RC,False,True,False,,,True,,False,False,False,False,False,False,False,False,False,False,0,Follow Yaw,-71.9,0,83.1,83.1,False,False,False,False,False,,0,0,False,False,No Card,100,100,1024,1024,995,1024,2,False,False,False,False,False,0,False,False,False,False,62,,45.84,,6226,,10044,,45.84,,True,3.82,3.82,3.82,3.82,3.82,3.82,3.82,3.82,3.82,3.82,3.82,3.82,0,,False,False,True,,,,,,,,,,,,,,,False,False,19.722,,107.0,,75.7,,107.0,,1129,124,,21,7,149003.2,19867.09,,Idle,,20,,10,,,20,Go Home,False,False,False,False,False,False,False,False,False,False,False,False,33.8027920380556,-117.4659261431046,4021.2,4043.5,1049.4,396.9,True,1,1,False,False,False,False,,True,False,False,Course Lock,196.8,67,16.4,93,W,S,3.13,11.4,Calm,False,False,Android,7.0.2,M300 RTK,1ZN7L4R0H1D00F,1W9DL31001461C,1ZMLH8300204F0,1Z6PH74DAP0QN7,"Corona, CA",728.3,5.7,137.7,8.547347,2.013246,0,0,DJI Matrice 300 RTK,M300 RTK,1ZN7L4R0H1D00F,1W9DL31001461C,1ZMLH8300204F0,1Z6PH74DAP0QN7,DJI Pilot,Android,7.0.2,1EF72A62-B7C3-C88D-164E-CE6F8C8424AE,1ZN7L4R0H1D00F,1W9DL31001461C,,1ZMLH8300204F0,1W9DL31001461C,,,,,
2023-11-01,11:36:12.64 AM,11m 50.3s,710.3,33.7938389664764,-117.4736639028101,-30.5,137.7,21.3,1233,5785.8,0,8.547335,0,2.23694,0,5.816044,0,1.11847,2,0.2,2,90.9,90.9,,Tripod,Other,,21,5,True,,True,False,,Smart,RC,False,True,False,,,True,,False,False,False,False,False,False,False,False,False,False,0,Follow Yaw,-71.9,0,83.1,83.1,False,False,False,False,False,,0,0,False,False,No Card,100,100,1024,1024,1024,1024,2,False,False,False,False,False,0,False,False,False,False,62,,45.84,,6226,,10044,,45.84,,True,3.82,3.82,3.82,3.82,3.82,3.82,3.82,3.82,3.82,3.82,3.82,3.82,0,,False,False,True,,,,,,,,,,,,,,,False,False,19.722,,107.0,,75.7,,107.0,,1129,124,,21,7,148854.7,19847.30,,Idle,,20,,10,,,20,Go Home,False,False,False,False,False,False,False,False,False,False,False,False,33.8027920380556,-117.4659261431046,4021.2,4043.5,1049.4,396.9,True,1,1,False,False,False,False,,True,False,False,Course Lock,196.8,67,16.4,93,W,S,3.13,11.4,Calm,False,False,Android,7.0.2,M300 RTK,1ZN7L4R0H1D00F,1W9DL31001461C,1ZMLH8300204F0,1Z6PH74DAP0QN7,"Corona, CA",728.3,5.7,137.7,8.547347,2.013246,0,0,DJI Matrice 300 RTK,M300 RTK,1ZN7L4R0H1D00F,1W9DL31001461C,1ZMLH8300204F0,1Z6PH74DAP0QN7,DJI Pilot,Android,7.0.2,1EF72A62-B7C3-C88D-164E-CE6F8C8424AE,1ZN7L4R0H1D00F,1W9DL31001461C,,1ZMLH8300204F0,1W9DL31001461C,,,,,
2023-11-01,11:36:12.74 AM,11m 50.4s,710.4,33.7938389919704,-117.4736638987692,-30.5,137.7,21.3,1233,5785.8,0,8.547335,0,2.23694,0,5.816044,0,1.11847,2.1,0.2,2.1,90.9,90.9,,Tripod,Other,,21,5,True,,True,False,,Smart,RC,False,True,False,,,True,,False,False,False,False,False,False,False,False,False,False,0,Follow Yaw,-71.9,0,83.1,83.1,False,False,False,False,False,,0,0,False,False,No Card,100,100,1024,1024,991,1024,2,False,False,False,False,False,0,False,False,False,False,62,,45.84,,6226,,10044,,45.84,,True,3.82,3.82,3.82,3.82,3.82,3.82,3.82,3.82,3.82,3.82,3.82,3.82,0,,False,False,True,,,,,,,,,,,,,,,False,False,19.722,,107.0,,75.7,,107.0,,1129,124,,21,7,148854.7,19847.30,,Idle,,20,,10,,,20,Go Home,False,False,False,False,False,False,False,False,False,False,False,False,33.8027920380556,-117.4659261431046,4021.2,4043.5,1049.4,396.9,True,1,1,False,False,False,False,,True,False,False,Course Lock,196.8,67,16.4,93,W,S,3.13,11.4,Calm,False,False,Android,7.0.2,M300 RTK,1ZN7L4R0H1D00F,1W9DL31001461C,1ZMLH8300204F0,1Z6PH74DAP0QN7,"Corona, CA",728.3,5.7,137.7,8.547347,2.013246,0,0,DJI Matrice 300 RTK,M300 RTK,1ZN7L4R0H1D00F,1W9DL31001461C,1ZMLH8300204F0,1Z6PH74DAP0QN7,DJI Pilot,Android,7.0.2,1EF72A62-B7C3-C88D-164E-CE6F8C8424AE,1ZN7L4R0H1D00F,1W9DL31001461C,,1ZMLH8300204F0,1W9DL31001461C,,,,,
2023-11-01,11:36:12.85 AM,11m 50.5s,710.5,33.7938391127928,-117.4736637598137,-30.5,137.7,20.9,1233,5785.9,0,8.547335,0,2.23694,0,5.816044,0,1.11847,2.1,0.2,2.1,90.9,90.9,,Tripod,Other,,21,5,True,,True,False,,Smart,RC,False,True,False,,,True,,False,False,False,False,False,False,False,False,False,False,0,Follow Yaw,-71.9,0,83.1,83.1,False,False,False,False,False,,0,0,False,False,No Card,100,100,1024,1024,997,1024,2,False,False,False,False,False,0,False,False,False,False,62,,45.84,,6226,,10044,,45.84,,True,3.82,3.82,3.82,3.82,3.82,3.82,3.82,3.82,3.82,3.82,3.82,3.82,0,,False,False,True,,,,,,,,,,,,,,,False,False,19.722,,107.0,,75.7,,107.0,,1129,124,,21,7,148854.7,19847.30,,Idle,,20,,10,,,20,Go Home,False,False,False,False,False,False,False,False,False,False,False,False,33.8027920380556,-117.4659261431046,4021.2,4043.5,1049.4,396.9,True,1,1,False,False,False,False,,True,False,False,Course Lock,196.8,67,16.4,93,W,S,3.13,11.4,Calm,False,False,Android,7.0.2,M300 RTK,1ZN7L4R0H1D00F,1W9DL31001461C,1ZMLH8300204F0,1Z6PH74DAP0QN7,"Corona, CA",728.3,5.7,137.7,8.547347,2.013246,0,0,DJI Matrice 300 RTK,M300 RTK,1ZN7L4R0H1D00F,1W9DL31001461C,1ZMLH8300204F0,1Z6PH74DAP0QN7,DJI Pilot,Android,7.0.2,1EF72A62-B7C3-C88D-164E-CE6F8C8424AE,1ZN7L4R0H1D00F,1W9DL31001461C,,1ZMLH8300204F0,1W9DL31001461C,,,,,
2023-11-01,11:36:12.95 AM,11m 50.6s,710.6,33.7938391420562,-117.4736637569274,-30.5,137.7,21.3,1233,5785.9,0,8.547335,0,2.23694,0,5.816044,0,1.11847,2,0.3,2,90.9,90.9,,Tripod,Other,,21,5,True,,True,False,,Smart,RC,False,True,False,,,True,,False,False,False,False,False,False,False,False,False,False,0,Follow Yaw,-71.9,0,83.1,83.1,False,False,False,False,False,,0,0,False,False,No Card,100,100,1024,1024,1022,1024,2,False,False,False,False,False,0,False,False,False,False,62,,45.84,,6226,,10044,,45.84,,True,3.82,3.82,3.82,3.82,3.82,3.82,3.82,3.82,3.82,3.82,3.82,3.82,0,,False,False,True,,,,,,,,,,,,,,,False,False,19.722,,107.0,,75.7,,107.0,,1129,124,,21,7,148854.7,19847.30,,Idle,,20,,10,,,20,Go Home,False,False,False,False,False,False,False,False,False,False,False,False,33.8027920380556,-117.4659261431046,4021.2,4043.5,1049.4,396.9,True,1,1,False,False,False,False,,True,False,False,Course Lock,196.8,67,16.4,93,W,S,3.13,11.4,Calm,False,False,Android,7.0.2,M300 RTK,1ZN7L4R0H1D00F,1W9DL31001461C,1ZMLH8300204F0,1Z6PH74DAP0QN7,"Corona, CA",728.3,5.7,137.7,8.547347,2.013246,0,0,DJI Matrice 300 RTK,M300 RTK,1ZN7L4R0H1D00F,1W9DL31001461C,1ZMLH8300204F0,1Z6PH74DAP0QN7,DJI Pilot,Android,7.0.2,1EF72A62-B7C3-C88D-164E-CE6F8C8424AE,1ZN7L4R0H1D00F,1W9DL31001461C,,1ZMLH8300204F0,1W9DL31001461C,,,,,
2023-11-01,11:36:13.05 AM,11m 50.7s,710.7,33.7938390814736,-117.4736639878327,-30.5,137.7,21.3,1233,5786.0,0,8.547335,0,2.23694,0,5.816044,0,1.11847,1.9,0.2,1.9,91,91,,Tripod,Other,,21,5,True,,True,False,,Smart,RC,False,True,False,,,True,,False,False,False,False,False,False,False,False,False,False,0,Follow Yaw,-71.9,0,83.1,83.1,False,False,False,False,False,,0,0,False,False,No Card,100,100,1024,1024,1024,1024,2,False,False,False,False,False,0,False,False,False,False,62,,45.804,,3091,,4986,,45.804,,True,3.82,3.82,3.82,3.82,3.82,3.82,3.82,3.82,3.82,3.82,3.82,3.82,0,,False,False,True,,,,,,,,,,,,,,,False,False,9.912,,106.8,,75.7,,107.0,,1129,124,,21,7,148854.7,19847.30,,Idle,,20,,10,,,20,Go Home,False,False,False,False,False,False,False,False,False,False,False,False,33.8027920380556,-117.4659261431046,4021.2,4043.5,1049.4,396.9,True,1,1,False,False,False,False,,True,False,False,Course Lock,196.8,67,16.4,93,W,S,3.13,11.4,Calm,False,True,Android,7.0.2,M300 RTK,1ZN7L4R0H1D00F,1W9DL31001461C,1ZMLH8300204F0,1Z6PH74DAP0QN7,"Corona, CA",728.3,5.7,137.7,8.547347,2.013246,0,0,DJI Matrice 300 RTK,M300 RTK,1ZN7L4R0H1D00F,1W9DL31001461C,1ZMLH8300204F0,1Z6PH74DAP0QN7,DJI Pilot,Android,7.0.2,1EF72A62-B7C3-C88D-164E-CE6F8C8424AE,1ZN7L4R0H1D00F,1W9DL31001461C,,1ZMLH8300204F0,1W9DL31001461C,,,,,
2023-11-01,11:36:13.15 AM,11m 50.8s,710.8,33.7938391018277,-117.4736640083668,-30.5,137.7,21.3,1233,5786.0,0,8.547335,0,2.23694,0,5.816044,0,1.11847,1.8,0.1,1.8,91.1,91.1,,Tripod,Other,,21,5,True,,True,False,,Smart,RC,False,True,False,,,True,,False,False,False,False,False,False,False,False,False,False,0,Follow Yaw,-71.9,0,83.1,83.1,False,False,False,False,False,,0,0,False,False,No Card,100,100,1024,1024,1016,1024,2,False,False,False,False,False,0,False,False,False,False,62,,45.804,,3091,,4986,,45.804,,True,3.82,3.82,3.82,3.82,3.82,3.82,3.82,3.82,3.82,3.82,3.82,3.82,0,,False,False,True,,,,,,,,,,,,,,,False,False,9.912,,106.8,,75.7,,107.0,,1129,124,,21,7,148854.7,19847.30,,Idle,,20,,10,,,20,Go Home,False,False,False,False,False,False,False,False,False,False,False,False,33.8027920380556,-117.4659261431046,4021.2,4043.5,1049.4,396.9,True,1,1,False,False,False,False,,True,False,False,Course Lock,196.8,67,16.4,93,W,S,3.13,11.4,Calm,False,True,Android,7.0.2,M300 RTK,1ZN7L4R0H1D00F,1W9DL31001461C,1ZMLH8300204F0,1Z6PH74DAP0QN7,"Corona, CA",728.3,5.7,137.7,8.547347,2.013246,0,0,DJI Matrice 300 RTK,M300 RTK,1ZN7L4R0H1D00F,1W9DL31001461C,1ZMLH8300204F0,1Z6PH74DAP0QN7,DJI Pilot,Android,7.0.2,1EF72A62-B7C3-C88D-164E-CE6F8C8424AE,1ZN7L4R0H1D00F,1W9DL31001461C,,1ZMLH8300204F0,1W9DL31001461C,,,,,
2023-11-01,11:36:13.25 AM,11m 50.9s,710.9,33.7938392049003,-117.4736640178504,-30.5,137.7,20.9,1233,5786.0,0,8.547335,0,2.23694,0,5.816044,0,1.11847,1.8,0.1,1.8,91.2,91.2,,Tripod,Other,,21,5,True,,True,False,,Smart,RC,False,True,False,,,True,,False,False,False,False,False,False,False,False,False,False,0,Follow Yaw,-71.9,0,83.1,83.1,False,False,False,False,False,,0,0,False,False,No Card,100,100,1024,1024,1024,1024,2,False,False,False,False,False,0,False,False,False,False,62,,45.804,,3091,,4986,,45.804,,True,3.82,3.82,3.82,3.82,3.82,3.82,3.82,3.82,3.82,3.82,3.82,3.82,0,,False,False,True,,,,,,,,,,,,,,,False,False,9.912,,106.8,,75.7,,107.0,,1129,124,,21,7,148854.7,19847.30,,Idle,,20,,10,,,20,Go Home,False,False,False,False,False,False,False,False,False,False,False,False,33.8027920380556,-117.4659261431046,4021.2,4043.5,1049.4,396.9,True,1,1,False,False,False,False,,True,False,False,Course Lock,196.8,67,16.4,93,W,S,3.13,11.4,Calm,False,False,Android,7.0.2,M300 RTK,1ZN7L4R0H1D00F,1W9DL31001461C,1ZMLH8300204F0,1Z6PH74DAP0QN7,"Corona, CA",728.3,5.7,137.7,8.547347,2.013246,0,0,DJI Matrice 300 RTK,M300 RTK,1ZN7L4R0H1D00F,1W9DL31001461C,1ZMLH8300204F0,1Z6PH74DAP0QN7,DJI Pilot,Android,7.0.2,1EF72A62-B7C3-C88D-164E-CE6F8C8424AE,1ZN7L4R0H1D00F,1W9DL31001461C,,1ZMLH8300204F0,1W9DL31001461C,,,,,
2023-11-01,11:36:13.36 AM,11m 51.0s,711.0,33.7938392347118,-117.4736640363228,-30.5,137.7,20.9,1233,5786.0,0,8.547335,0,2.23694,0,5.816044,0,1.11847,2,0.1,2,91.2,91.2,,Tripod,Other,,21,5,True,,True,False,,Smart,RC,False,True,False,,,True,,False,False,False,False,False,False,False,False,False,False,0,Follow Yaw,-71.9,0,83.1,83.1,False,False,False,False,False,,0,0,False,False,No Card,100,100,1024,1024,1024,1024,2,False,False,False,False,False,0,False,False,False,False,62,,45.84,,6226,,10044,,45.84,,True,3.82,3.82,3.82,3.82,3.82,3.82,3.82,3.82,3.82,3.82,3.82,3.82,0,,False,False,True,,,,,,,,,,,,,,,False,False,19.772,,107.0,,75.7,,107.0,,1129,124,,21,7,148854.7,19847.30,,Idle,,20,,10,,,20,Go Home,False,False,False,False,False,False,False,False,False,False,False,False,33.8027920380556,-117.4659261431046,4021.2,4043.5,1049.4,396.9,True,1,1,False,False,False,False,,True,False,False,Course Lock,196.8,67,16.4,93,W,S,3.13,11.4,Calm,False,True,Android,7.0.2,M300 RTK,1ZN7L4R0H1D00F,1W9DL31001461C,1ZMLH8300204F0,1Z6PH74DAP0QN7,"Corona, CA",728.3,5.7,137.7,8.547347,2.013246,0,0,DJI Matrice 300 RTK,M300 RTK,1ZN7L4R0H1D00F,1W9DL31001461C,1ZMLH8300204F0,1Z6PH74DAP0QN7,DJI Pilot,Android,7.0.2,1EF72A62-B7C3-C88D-164E-CE6F8C8424AE,1ZN7L4R0H1D00F,1W9DL31001461C,,1ZMLH8300204F0,1W9DL31001461C,,,,,
2023-11-01,11:36:13.46 AM,11m 51.1s,711.1,33.7938393270933,-117.4736639936878,-30.5,137.7,20.9,1233,5786.1,0,8.547335,0,2.23694,0,5.816044,0,1.11847,2.1,0.3,2.1,91.3,91.3,,Tripod,Other,,21,5,True,,True,False,,Smart,RC,False,True,False,,,True,,False,False,False,False,False,False,False,False,False,False,0,Follow Yaw,-71.9,0,83.1,83.1,False,False,False,False,False,,0,0,False,False,No Card,100,100,1024,1024,1024,1024,2,False,False,False,False,False,0,False,False,False,False,62,,45.84,,6226,,10044,,45.84,,True,3.82,3.82,3.82,3.82,3.82,3.82,3.82,3.82,3.82,3.82,3.82,3.82,0,,False,False,True,,,,,,,,,,,,,,,False,False,19.772,,107.0,,75.7,,107.0,,1129,124,,21,7,148854.7,19847.30,,Idle,,20,,10,,,20,Go Home,False,False,False,False,False,False,False,False,False,False,False,False,33.8027920380556,-117.4659261431046,4021.1,4043.5,1049.4,396.9,True,1,1,False,False,False,False,,True,False,False,Course Lock,196.8,67,16.4,93,W,S,3.13,11.4,Calm,False,False,Android,7.0.2,M300 RTK,1ZN7L4R0H1D00F,1W9DL31001461C,1ZMLH8300204F0,1Z6PH74DAP0QN7,"Corona, CA",728.3,5.7,137.7,8.547347,2.013246,0,0,DJI Matrice 300 RTK,M300 RTK,1ZN7L4R0H1D00F,1W9DL31001461C,1ZMLH8300204F0,1Z6PH74DAP0QN7,DJI Pilot,Android,7.0.2,1EF72A62-B7C3-C88D-164E-CE6F8C8424AE,1ZN7L4R0H1D00F,1W9DL31001461C,,1ZMLH8300204F0,1W9DL31001461C,,,,,
2023-11-01,11:36:13.56 AM,11m 51.2s,711.2,33.7938393616336,-117.4736640127375,-30.5,137.7,21.3,1233,5786.1,0,8.547335,0,2.23694,0,5.816044,0,1.11847,2.1,0.3,2.1,91.3,91.3,,Tripod,Other,,21,5,True,,True,False,,Smart,RC,False,True,False,,,True,,False,False,False,False,False,False,False,False,False,False,0,Follow Yaw,-71.9,0,83.1,83.1,False,False,False,False,False,,0,0,False,False,No Card,100,100,1024,1024,1024,1024,2,False,False,False,False,False,0,False,False,False,False,62,,45.84,,6226,,10044,,45.84,,True,3.82,3.82,3.82,3.82,3.82,3.82,3.82,3.82,3.82,3.82,3.82,3.82,0,,False,False,True,,,,,,,,,,,,,,,False,False,19.772,,107.0,,75.7,,107.0,,1129,124,,21,7,148854.7,19847.30,,Idle,,20,,10,,,20,Go Home,False,False,False,False,False,False,False,False,False,False,False,False,33.8027920380556,-117.4659261431046,4021.1,4043.5,1049.4,396.9,True,1,1,False,False,False,False,,True,False,False,Course Lock,196.8,67,16.4,93,W,S,3.13,11.4,Calm,False,True,Android,7.0.2,M300 RTK,1ZN7L4R0H1D00F,1W9DL31001461C,1ZMLH8300204F0,1Z6PH74DAP0QN7,"Corona, CA",728.3,5.7,137.7,8.547347,2.013246,0,0,DJI Matrice 300 RTK,M300 RTK,1ZN7L4R0H1D00F,1W9DL31001461C,1ZMLH8300204F0,1Z6PH74DAP0QN7,DJI Pilot,Android,7.0.2,1EF72A62-B7C3-C88D-164E-CE6F8C8424AE,1ZN7L4R0H1D00F,1W9DL31001461C,,1ZMLH8300204F0,1W9DL31001461C,,,,,
2023-11-01,11:36:13.66 AM,11m 51.3s,711.3,33.7938394368135,-117.4736639704324,-30.5,137.7,21.3,1233,5786.1,0,8.547335,0,2.23694,0,5.816044,0,1.11847,2,0.2,2,91.3,91.3,,Tripod,Other,,21,5,True,,True,False,,Smart,RC,False,True,False,,,True,,False,False,False,False,False,False,False,False,False,False,0,Follow Yaw,-71.9,0,83.1,83.1,False,False,False,False,False,,0,0,False,False,No Card,100,100,1024,1024,1020,1024,2,False,False,False,False,False,0,False,False,False,False,62,,45.84,,6226,,10044,,45.84,,True,3.82,3.82,3.82,3.82,3.82,3.82,3.82,3.82,3.82,3.82,3.82,3.82,0,,False,False,True,,,,,,,,,,,,,,,False,False,19.772,,107.0,,75.7,,107.0,,1129,124,,21,7,148703.6,19827.14,,Idle,,20,,10,,,20,Go Home,False,False,False,False,False,False,False,False,False,False,False,False,33.8027920380556,-117.4659261431046,4021.1,4043.5,1049.4,396.9,True,1,1,False,False,False,False,,True,False,False,Course Lock,196.8,67,16.4,93,W,S,3.13,11.4,Calm,False,False,Android,7.0.2,M300 RTK,1ZN7L4R0H1D00F,1W9DL31001461C,1ZMLH8300204F0,1Z6PH74DAP0QN7,"Corona, CA",728.3,5.7,137.7,8.547347,2.013246,0,0,DJI Matrice 300 RTK,M300 RTK,1ZN7L4R0H1D00F,1W9DL31001461C,1ZMLH8300204F0,1Z6PH74DAP0QN7,DJI Pilot,Android,7.0.2,1EF72A62-B7C3-C88D-164E-CE6F8C8424AE,1ZN7L4R0H1D00F,1W9DL31001461C,,1ZMLH8300204F0,1W9DL31001461C,,,,,
2023-11-01,11:36:13.76 AM,11m 51.4s,711.4,33.793839473821,-117.4736639881626,-30.5,137.7,21.3,1233,5786.1,0,8.547335,0,2.23694,0,5.816044,0,1.11847,1.9,0.2,1.9,91.3,91.3,,Tripod,Other,,21,5,True,,True,False,,Smart,RC,False,True,False,,,True,,False,False,False,False,False,False,False,False,False,False,0,Follow Yaw,-71.9,0,83.1,83.1,False,False,False,False,False,,0,0,False,False,No Card,100,100,1024,1024,1024,1024,2,False,False,False,False,False,0,False,False,False,False,62,,45.84,,6226,,10044,,45.84,,True,3.82,3.82,3.82,3.82,3.82,3.82,3.82,3.82,3.82,3.82,3.82,3.82,0,,False,False,True,,,,,,,,,,,,,,,False,False,19.772,,107.0,,75.7,,107.0,,1129,124,,21,7,148703.6,19827.14,,Idle,,20,,10,,,20,Go Home,False,False,False,False,False,False,False,False,False,False,False,False,33.8027920380556,-117.4659261431046,4021.1,4043.5,1049.4,396.9,True,1,1,False,False,False,False,,True,False,False,Course Lock,196.8,67,16.4,93,W,S,3.13,11.4,Calm,False,False,Android,7.0.2,M300 RTK,1ZN7L4R0H1D00F,1W9DL31001461C,1ZMLH8300204F0,1Z6PH74DAP0QN7,"Corona, CA",728.3,5.7,137.7,8.547347,2.013246,0,0,DJI Matrice 300 RTK,M300 RTK,1ZN7L4R0H1D00F,1W9DL31001461C,1ZMLH8300204F0,1Z6PH74DAP0QN7,DJI Pilot,Android,7.0.2,1EF72A62-B7C3-C88D-164E-CE6F8C8424AE,1ZN7L4R0H1D00F,1W9DL31001461C,,1ZMLH8300204F0,1W9DL31001461C,,,,,
2023-11-01,11:36:13.86 AM,11m 51.5s,711.5,33.7938393797261,-117.4736639668863,-30.5,137.7,21.3,1233,5786.2,0,8.547335,0,2.23694,0,5.816044,0,1.11847,1.8,0,1.8,91.4,91.4,,Tripod,Other,,21,5,True,,True,False,,Smart,RC,False,True,False,,,True,,False,False,False,False,False,False,False,False,False,False,0,Follow Yaw,-71.9,0,83.1,83.1,False,False,False,False,False,,0,0,False,False,No Card,100,100,1024,1024,1024,1024,2,False,False,False,False,False,0,False,False,False,False,62,,45.84,,6226,,10044,,45.84,,True,3.82,3.82,3.82,3.82,3.82,3.82,3.82,3.82,3.82,3.82,3.82,3.82,0,,False,False,True,,,,,,,,,,,,,,,False,False,19.772,,107.0,,75.7,,107.0,,1129,124,,21,7,148703.6,19827.14,,Idle,,20,,10,,,20,Go Home,False,False,False,False,False,False,False,False,False,False,False,False,33.8027920380556,-117.4659261431046,4021.1,4043.5,1049.4,396.9,True,1,1,False,False,False,False,,True,False,False,Course Lock,196.8,67,16.4,93,W,S,3.13,11.4,Calm,False,False,Android,7.0.2,M300 RTK,1ZN7L4R0H1D00F,1W9DL31001461C,1ZMLH8300204F0,1Z6PH74DAP0QN7,"Corona, CA",728.3,5.7,137.7,8.547347,2.013246,0,0,DJI Matrice 300 RTK,M300 RTK,1ZN7L4R0H1D00F,1W9DL31001461C,1ZMLH8300204F0,1Z6PH74DAP0QN7,DJI Pilot,Android,7.0.2,1EF72A62-B7C3-C88D-164E-CE6F8C8424AE,1ZN7L4R0H1D00F,1W9DL31001461C,,1ZMLH8300204F0,1W9DL31001461C,,,,,
2023-11-01,11:36:13.97 AM,11m 51.6s,711.6,33.7938394060426,-117.4736639784316,-30.5,137.7,20.9,1233,5786.2,0,8.547335,0,2.23694,0,5.816044,0,1.11847,1.7,0,1.7,91.4,91.4,,Tripod,Other,,21,5,True,,True,False,,Smart,RC,False,True,False,,,True,,False,False,False,False,False,False,False,False,False,False,0,Follow Yaw,-71.9,0,83.1,83.1,False,False,False,False,False,,0,0,False,False,No Card,100,100,1024,1024,1024,1024,2,False,False,False,False,False,0,False,False,False,False,62,,45.84,,6226,,10044,,45.84,,True,3.82,3.82,3.82,3.82,3.82,3.82,3.82,3.82,3.82,3.82,3.82,3.82,0,,False,False,True,,,,,,,,,,,,,,,False,False,19.772,,107.0,,75.7,,107.0,,1129,124,,21,7,148703.6,19827.14,,Idle,,20,,10,,,20,Go Home,False,False,False,False,False,False,False,False,False,False,False,False,33.8027920380556,-117.4659261431046,4021.1,4043.5,1049.4,396.9,True,1,1,False,False,False,False,,True,False,False,Course Lock,196.8,67,16.4,93,W,S,3.13,11.4,Calm,False,False,Android,7.0.2,M300 RTK,1ZN7L4R0H1D00F,1W9DL31001461C,1ZMLH8300204F0,1Z6PH74DAP0QN7,"Corona, CA",728.3,5.7,137.7,8.547347,2.013246,0,0,DJI Matrice 300 RTK,M300 RTK,1ZN7L4R0H1D00F,1W9DL31001461C,1ZMLH8300204F0,1Z6PH74DAP0QN7,DJI Pilot,Android,7.0.2,1EF72A62-B7C3-C88D-164E-CE6F8C8424AE,1ZN7L4R0H1D00F,1W9DL31001461C,,1ZMLH8300204F0,1W9DL31001461C,,,,,
2023-11-01,11:36:14.07 AM,11m 51.7s,711.7,33.7938393418963,-117.4736641023782,-30.5,137.7,21.3,1233,5786.2,0,8.547335,0,2.23694,0,5.816044,0,1.11847,1.8,0,1.8,91.5,91.5,,Tripod,Other,,21,5,True,,True,False,,Smart,RC,False,True,False,,,True,,False,False,False,False,False,False,False,False,False,False,0,Follow Yaw,-71.9,0,83.1,83.1,False,False,False,False,False,,0,0,False,False,No Card,100,100,1024,1024,1024,1024,2,False,False,False,False,False,0,False,False,False,False,62,,45.84,,6226,,10044,,45.84,,True,3.82,3.82,3.82,3.82,3.82,3.82,3.82,3.82,3.82,3.82,3.82,3.82,0,,False,False,True,,,,,,,,,,,,,,,False,False,19.772,,107.0,,75.7,,107.0,,1129,124,,21,7,148703.6,19827.14,,Idle,,20,,10,,,20,Go Home,False,False,False,False,False,False,False,False,False,False,False,False,33.8027920380556,-117.4659261431046,4021.2,4043.5,1049.4,396.9,True,1,1,False,False,False,False,,True,False,False,Course Lock,196.8,67,16.4,93,W,S,3.13,11.4,Calm,False,True,Android,7.0.2,M300 RTK,1ZN7L4R0H1D00F,1W9DL31001461C,1ZMLH8300204F0,1Z6PH74DAP0QN7,"Corona, CA",728.3,5.7,137.7,8.547347,2.013246,0,0,DJI Matrice 300 RTK,M300 RTK,1ZN7L4R0H1D00F,1W9DL31001461C,1ZMLH8300204F0,1Z6PH74DAP0QN7,DJI Pilot,Android,7.0.2,1EF72A62-B7C3-C88D-164E-CE6F8C8424AE,1ZN7L4R0H1D00F,1W9DL31001461C,,1ZMLH8300204F0,1W9DL31001461C,,,,,
2023-11-01,11:36:14.17 AM,11m 51.8s,711.8,33.7938393632099,-117.4736641148306,-30.5,137.7,21.3,1233,5786.2,0,8.547335,0,2.23694,0,5.816044,0,1.11847,1.8,0,1.8,91.5,91.5,,Tripod,Other,,21,5,True,,True,False,,Smart,RC,False,True,False,,,True,,False,False,False,False,False,False,False,False,False,False,0,Follow Yaw,-71.9,0,83.1,83.1,False,False,False,False,False,,0,0,False,False,No Card,100,100,1024,1024,1024,1024,2,False,False,False,False,False,0,False,False,False,False,62,,45.84,,6226,,10044,,45.84,,True,3.82,3.82,3.82,3.82,3.82,3.82,3.82,3.82,3.82,3.82,3.82,3.82,0,,False,False,True,,,,,,,,,,,,,,,False,False,19.772,,107.0,,75.7,,107.0,,1129,124,,21,7,148703.6,19827.14,,Idle,,20,,10,,,20,Go Home,False,False,False,False,False,False,False,False,False,False,False,False,33.8027920380556,-117.4659261431046,4021.1,4043.5,1049.4,396.9,True,1,1,False,False,False,False,,True,False,False,Course Lock,196.8,67,16.4,93,W,S,3.35,11.4,Calm,False,True,Android,7.0.2,M300 RTK,1ZN7L4R0H1D00F,1W9DL31001461C,1ZMLH8300204F0,1Z6PH74DAP0QN7,"Corona, CA",728.3,5.7,137.7,8.547347,2.013246,0,0,DJI Matrice 300 RTK,M300 RTK,1ZN7L4R0H1D00F,1W9DL31001461C,1ZMLH8300204F0,1Z6PH74DAP0QN7,DJI Pilot,Android,7.0.2,1EF72A62-B7C3-C88D-164E-CE6F8C8424AE,1ZN7L4R0H1D00F,1W9DL31001461C,,1ZMLH8300204F0,1W9DL31001461C,,,,,
2023-11-01,11:36:14.28 AM,11m 51.9s,711.9,33.793839481291,-117.4736640448168,-30.5,137.7,21.3,1233,5786.3,0,8.547335,0,2.23694,0,5.816044,0,1.11847,1.8,0,1.8,91.5,91.5,,Tripod,Other,,21,5,True,,True,False,,Smart,RC,False,True,False,,,True,,False,False,False,False,False,False,False,False,False,False,0,Follow Yaw,-71.9,0,83.1,83.1,False,False,False,False,False,,0,0,False,False,No Card,100,100,1024,1024,1024,1024,2,False,False,False,False,False,0,False,False,False,False,62,,45.84,,6226,,10044,,45.84,,True,3.82,3.82,3.82,3.82,3.82,3.82,3.82,3.82,3.82,3.82,3.82,3.82,0,,False,False,True,,,,,,,,,,,,,,,False,False,19.772,,107.0,,75.7,,107.0,,1129,124,,21,7,148703.6,19827.14,,Idle,,20,,10,,,20,Go Home,False,False,False,False,False,False,False,False,False,False,False,False,33.8027920380556,-117.4659261431046,4021.1,4043.5,1049.4,396.9,True,1,1,False,False,False,False,,True,False,False,Course Lock,196.8,67,16.4,93,W,S,3.35,11.4,Calm,False,False,Android,7.0.2,M300 RTK,1ZN7L4R0H1D00F,1W9DL31001461C,1ZMLH8300204F0,1Z6PH74DAP0QN7,"Corona, CA",728.3,5.7,137.7,8.547347,2.013246,0,0,DJI Matrice 300 RTK,M300 RTK,1ZN7L4R0H1D00F,1W9DL31001461C,1ZMLH8300204F0,1Z6PH74DAP0QN7,DJI Pilot,Android,7.0.2,1EF72A62-B7C3-C88D-164E-CE6F8C8424AE,1ZN7L4R0H1D00F,1W9DL31001461C,,1ZMLH8300204F0,1W9DL31001461C,,,,,
2023-11-01,11:36:14.38 AM,11m 52.0s,712.0,33.7938395125417,-117.4736640485278,-30.5,137.7,21.3,1233,5786.3,0,8.547335,0,2.23694,0,5.816044,0,1.11847,1.9,0,1.9,91.5,91.5,,Tripod,Other,,21,5,True,,True,False,,Smart,RC,False,True,False,,,True,,False,False,False,False,False,False,False,False,False,False,0,Follow Yaw,-71.9,0,83.1,83.1,False,False,False,False,False,,0,0,False,False,No Card,100,100,1024,1024,1024,1024,2,False,False,False,False,False,0,False,False,False,False,62,,45.792,,3091,,4986,,45.792,,True,3.82,3.82,3.82,3.82,3.82,3.82,3.82,3.82,3.82,3.82,3.82,3.82,0,,False,False,True,,,,,,,,,,,,,,,False,False,10.008,,106.8,,75.7,,107.0,,1129,124,,21,7,148703.6,19827.14,,Idle,,20,,10,,,20,Go Home,False,False,False,False,False,False,False,False,False,False,False,False,33.8027920380556,-117.4659261431046,4021.1,4043.5,1049.4,396.9,True,1,1,False,False,False,False,,True,False,False,Course Lock,196.8,67,16.4,93,W,S,3.35,11.4,Calm,False,False,Android,7.0.2,M300 RTK,1ZN7L4R0H1D00F,1W9DL31001461C,1ZMLH8300204F0,1Z6PH74DAP0QN7,"Corona, CA",728.3,5.7,137.7,8.547347,2.013246,0,0,DJI Matrice 300 RTK,M300 RTK,1ZN7L4R0H1D00F,1W9DL31001461C,1ZMLH8300204F0,1Z6PH74DAP0QN7,DJI Pilot,Android,7.0.2,1EF72A62-B7C3-C88D-164E-CE6F8C8424AE,1ZN7L4R0H1D00F,1W9DL31001461C,,1ZMLH8300204F0,1W9DL31001461C,,,,,
2023-11-01,11:36:14.44 AM,11m 52.1s,712.1,33.7938394559341,-117.4736641590325,-30.5,137.7,21.3,1233,5786.3,0,8.547335,0,2.23694,0,5.816044,0,1.11847,1.8,-0.1,1.8,91.5,91.5,,Tripod,Other,,21,5,True,,True,False,,Smart,RC,False,True,False,,,True,,False,False,False,False,False,False,False,False,False,False,0,Follow Yaw,-71.9,0,83.1,83.1,False,False,False,False,False,,0,0,False,False,No Card,100,100,1024,1024,1024,1024,2,False,False,False,False,False,0,False,False,False,False,62,,45.792,,3091,,4986,,45.792,,True,3.82,3.82,3.82,3.82,3.82,3.82,3.82,3.82,3.82,3.82,3.82,3.82,0,,False,False,True,,,,,,,,,,,,,,,False,False,10.008,,106.8,,75.7,,107.0,,1129,124,,21,7,148703.6,19827.14,,Idle,,20,,10,,,20,Go Home,False,False,False,False,False,False,False,False,False,False,False,False,33.8027920380556,-117.4659261431046,4021.1,4043.5,1049.4,396.9,True,1,1,False,False,False,False,,True,False,False,Course Lock,196.8,67,16.4,93,W,S,3.35,11.4,Calm,False,True,Android,7.0.2,M300 RTK,1ZN7L4R0H1D00F,1W9DL31001461C,1ZMLH8300204F0,1Z6PH74DAP0QN7,"Corona, CA",728.3,5.7,137.7,8.547347,2.013246,0,0,DJI Matrice 300 RTK,M300 RTK,1ZN7L4R0H1D00F,1W9DL31001461C,1ZMLH8300204F0,1Z6PH74DAP0QN7,DJI Pilot,Android,7.0.2,1EF72A62-B7C3-C88D-164E-CE6F8C8424AE,1ZN7L4R0H1D00F,1W9DL31001461C,,1ZMLH8300204F0,1W9DL31001461C,,,,,
2023-11-01,11:36:14.54 AM,11m 52.2s,712.2,33.7938394824561,-117.4736641681038,-30.5,137.7,21.3,1233,5786.3,0,8.547335,0,2.23694,0,5.816044,0,1.11847,1.8,-0.1,1.8,91.5,91.5,,Tripod,Other,,21,5,True,,True,False,,Smart,RC,False,True,False,,,True,,False,False,False,False,False,False,False,False,False,False,0,Follow Yaw,-71.9,0,83.1,83.1,False,False,False,False,False,,0,0,False,False,No Card,100,100,1024,1024,1024,1024,2,False,False,False,False,False,0,False,False,False,False,62,,45.792,,3091,,4986,,45.792,,True,3.82,3.82,3.82,3.82,3.82,3.82,3.82,3.82,3.82,3.82,3.82,3.82,0,,False,False,True,,,,,,,,,,,,,,,False,False,10.008,,106.8,,75.7,,107.0,,1129,124,,21,7,148703.6,19827.14,,Idle,,20,,10,,,20,Go Home,False,False,False,False,False,False,False,False,False,False,False,False,33.8027920380556,-117.4659261431046,4021.1,4043.5,1049.4,396.9,True,1,1,False,False,False,False,,True,False,False,Course Lock,196.8,67,16.4,93,W,S,3.35,11.4,Calm,False,False,Android,7.0.2,M300 RTK,1ZN7L4R0H1D00F,1W9DL31001461C,1ZMLH8300204F0,1Z6PH74DAP0QN7,"Corona, CA",728.3,5.7,137.7,8.547347,2.013246,0,0,DJI Matrice 300 RTK,M300 RTK,1ZN7L4R0H1D00F,1W9DL31001461C,1ZMLH8300204F0,1Z6PH74DAP0QN7,DJI Pilot,Android,7.0.2,1EF72A62-B7C3-C88D-164E-CE6F8C8424AE,1ZN7L4R0H1D00F,1W9DL31001461C,,1ZMLH8300204F0,1W9DL31001461C,,,,,
2023-11-01,11:36:14.64 AM,11m 52.3s,712.3,33.7938395933413,-117.4736641263759,-30.5,137.7,21.3,1233,5786.4,0,8.547335,0,2.23694,0,5.816044,0,1.11847,1.8,0,1.8,91.6,91.6,,Tripod,Other,,21,5,True,,True,False,,Smart,RC,False,True,False,,,True,,False,False,False,False,False,False,False,False,False,False,0,Follow Yaw,-71.9,0,83.1,83.1,False,False,False,False,False,,0,0,False,False,No Card,100,100,1024,1024,1024,1024,2,False,False,False,False,False,0,False,False,False,False,62,,45.792,,3091,,4986,,45.792,,True,3.818,3.818,3.818,3.818,3.818,3.818,3.818,3.818,3.818,3.818,3.818,3.818,0,,False,False,True,,,,,,,,,,,,,,,False,False,10.008,,106.8,,75.7,,107.0,,1129,124,,21,7,148599.9,19813.32,,Idle,,20,,10,,,20,Go Home,False,False,False,False,False,False,False,False,False,False,False,False,33.8027920380556,-117.4659261431046,4021.1,4043.5,1049.4,396.9,True,1,1,False,False,False,False,,True,False,False,Course Lock,196.8,67,16.4,93,W,S,3.35,11.4,Calm,False,False,Android,7.0.2,M300 RTK,1ZN7L4R0H1D00F,1W9DL31001461C,1ZMLH8300204F0,1Z6PH74DAP0QN7,"Corona, CA",728.3,5.7,137.7,8.547347,2.013246,0,0,DJI Matrice 300 RTK,M300 RTK,1ZN7L4R0H1D00F,1W9DL31001461C,1ZMLH8300204F0,1Z6PH74DAP0QN7,DJI Pilot,Android,7.0.2,1EF72A62-B7C3-C88D-164E-CE6F8C8424AE,1ZN7L4R0H1D00F,1W9DL31001461C,,1ZMLH8300204F0,1W9DL31001461C,,,,,
2023-11-01,11:36:14.74 AM,11m 52.4s,712.4,33.7938396318564,-117.4736641253038,-30.5,137.7,21.3,1233,5786.4,0,8.547335,0,2.23694,0,5.816044,0,1.11847,1.9,0.1,1.9,91.5,91.5,,Tripod,Other,,21,5,True,,True,False,,Smart,RC,False,True,False,,,True,,False,False,False,False,False,False,False,False,False,False,0,Follow Yaw,-71.9,0,83.1,83.1,False,False,False,False,False,,0,0,False,False,No Card,100,100,1024,1024,1024,1024,2,False,False,False,False,False,0,False,False,False,False,62,,45.792,,3091,,4986,,45.792,,True,3.818,3.818,3.818,3.818,3.818,3.818,3.818,3.818,3.818,3.818,3.818,3.818,0,,False,False,True,,,,,,,,,,,,,,,False,False,10.008,,106.8,,75.7,,107.0,,1129,124,,21,7,148599.9,19813.32,,Idle,,20,,10,,,20,Go Home,False,False,False,False,False,False,False,False,False,False,False,False,33.8027920380556,-117.4659261431046,4021.1,4043.5,1049.4,396.9,True,1,1,False,False,False,False,,True,False,False,Course Lock,196.8,67,16.4,93,W,S,3.35,11.4,Calm,False,False,Android,7.0.2,M300 RTK,1ZN7L4R0H1D00F,1W9DL31001461C,1ZMLH8300204F0,1Z6PH74DAP0QN7,"Corona, CA",728.3,5.7,137.7,8.547347,2.013246,0,0,DJI Matrice 300 RTK,M300 RTK,1ZN7L4R0H1D00F,1W9DL31001461C,1ZMLH8300204F0,1Z6PH74DAP0QN7,DJI Pilot,Android,7.0.2,1EF72A62-B7C3-C88D-164E-CE6F8C8424AE,1ZN7L4R0H1D00F,1W9DL31001461C,,1ZMLH8300204F0,1W9DL31001461C,,,,,
2023-11-01,11:36:14.84 AM,11m 52.5s,712.5,33.7938395745635,-117.4736640951212,-30.5,137.7,20.9,1233,5786.4,0,8.547335,0,2.23694,0,5.816044,0,1.11847,2,0.1,2,91.5,91.5,,Tripod,Other,,21,5,True,,True,False,,Smart,RC,False,True,False,,,True,,False,False,False,False,False,False,False,False,False,False,0,Follow Yaw,-71.9,0,83.1,83.1,False,False,False,False,False,,0,0,False,False,No Card,100,100,1024,1024,1024,1024,2,False,False,False,False,False,0,False,False,False,False,62,,45.792,,3091,,4986,,45.792,,True,3.818,3.818,3.818,3.818,3.818,3.818,3.818,3.818,3.818,3.818,3.818,3.818,0,,False,False,True,,,,,,,,,,,,,,,False,False,10.008,,106.8,,75.7,,107.0,,1129,124,,21,7,148599.9,19813.32,,Idle,,20,,10,,,20,Go Home,False,False,False,False,False,False,False,False,False,False,False,False,33.8027920380556,-117.4659261431046,4021.1,4043.5,1049.4,396.9,True,1,1,False,False,False,False,,True,False,False,Course Lock,196.8,67,16.4,93,W,S,3.35,11.4,Calm,False,False,Android,7.0.2,M300 RTK,1ZN7L4R0H1D00F,1W9DL31001461C,1ZMLH8300204F0,1Z6PH74DAP0QN7,"Corona, CA",728.3,5.7,137.7,8.547347,2.013246,0,0,DJI Matrice 300 RTK,M300 RTK,1ZN7L4R0H1D00F,1W9DL31001461C,1ZMLH8300204F0,1Z6PH74DAP0QN7,DJI Pilot,Android,7.0.2,1EF72A62-B7C3-C88D-164E-CE6F8C8424AE,1ZN7L4R0H1D00F,1W9DL31001461C,,1ZMLH8300204F0,1W9DL31001461C,,,,,
2023-11-01,11:36:14.94 AM,11m 52.6s,712.6,33.7938396073219,-117.4736640909154,-30.5,137.7,20.9,1233,5786.4,0,8.547335,0,2.23694,0,5.816044,0,1.11847,1.9,0,1.9,91.5,91.5,,Tripod,Other,,21,5,True,,True,False,,Smart,RC,False,True,False,,,True,,False,False,False,False,False,False,False,False,False,False,0,Follow Yaw,-71.9,0,83.1,83.1,False,False,False,False,False,,0,0,False,False,No Card,100,100,1024,1024,1024,1024,2,False,False,False,False,False,0,False,False,False,False,62,,45.792,,3091,,4986,,45.792,,True,3.818,3.818,3.818,3.818,3.818,3.818,3.818,3.818,3.818,3.818,3.818,3.818,0,,False,False,True,,,,,,,,,,,,,,,False,False,10.008,,106.8,,75.7,,107.0,,1129,124,,21,7,148599.9,19813.32,,Idle,,20,,10,,,20,Go Home,False,False,False,False,False,False,False,False,False,False,False,False,33.8027920380556,-117.4659261431046,4021.1,4043.5,1049.4,396.9,True,1,1,False,False,False,False,,True,False,False,Course Lock,196.8,67,16.4,93,W,S,3.35,11.4,Calm,False,False,Android,7.0.2,M300 RTK,1ZN7L4R0H1D00F,1W9DL31001461C,1ZMLH8300204F0,1Z6PH74DAP0QN7,"Corona, CA",728.3,5.7,137.7,8.547347,2.013246,0,0,DJI Matrice 300 RTK,M300 RTK,1ZN7L4R0H1D00F,1W9DL31001461C,1ZMLH8300204F0,1Z6PH74DAP0QN7,DJI Pilot,Android,7.0.2,1EF72A62-B7C3-C88D-164E-CE6F8C8424AE,1ZN7L4R0H1D00F,1W9DL31001461C,,1ZMLH8300204F0,1W9DL31001461C,,,,,
2023-11-01,11:36:15.04 AM,11m 52.7s,712.7,33.7938397119707,-117.4736642353962,-30.5,137.7,20.9,1233,5786.5,0,8.547335,0,2.23694,0,5.816044,0,1.11847,1.9,-0.1,1.9,91.5,91.5,,Tripod,Other,,21,5,True,,True,False,,Smart,RC,False,True,False,,,True,,False,False,False,False,False,False,False,False,False,False,0,Follow Yaw,-71.9,0,83.1,83.1,False,False,False,False,False,,0,0,False,False,No Card,100,100,1024,1024,1024,1024,2,False,False,False,False,False,0,False,False,False,False,62,,45.792,,3091,,4986,,45.792,,True,3.818,3.818,3.818,3.818,3.818,3.818,3.818,3.818,3.818,3.818,3.818,3.818,0,,False,False,True,,,,,,,,,,,,,,,False,False,10.008,,106.8,,75.7,,107.0,,1129,124,,21,7,148599.9,19813.32,,Idle,,20,,10,,,20,Go Home,False,False,False,False,False,False,False,False,False,False,False,False,33.8027920380556,-117.4659261431046,4021.1,4043.5,1049.4,396.9,True,1,1,False,False,False,False,,True,False,False,Course Lock,196.8,67,16.4,93,W,S,3.35,11.4,Calm,False,True,Android,7.0.2,M300 RTK,1ZN7L4R0H1D00F,1W9DL31001461C,1ZMLH8300204F0,1Z6PH74DAP0QN7,"Corona, CA",728.3,5.7,137.7,8.547347,2.013246,0,0,DJI Matrice 300 RTK,M300 RTK,1ZN7L4R0H1D00F,1W9DL31001461C,1ZMLH8300204F0,1Z6PH74DAP0QN7,DJI Pilot,Android,7.0.2,1EF72A62-B7C3-C88D-164E-CE6F8C8424AE,1ZN7L4R0H1D00F,1W9DL31001461C,,1ZMLH8300204F0,1W9DL31001461C,,,,,
2023-11-01,11:36:15.14 AM,11m 52.8s,712.8,33.7938397553517,-117.4736642434779,-30.5,137.7,20.9,1233,5786.5,0,8.547335,0,2.23694,0,5.816044,0,1.11847,1.9,0,1.9,91.5,91.5,,Tripod,Other,,21,5,True,,True,False,,Smart,RC,False,True,False,,,True,,False,False,False,False,False,False,False,False,False,False,0,Follow Yaw,-71.9,0,83.1,83.1,False,False,False,False,False,,0,0,False,False,No Card,100,100,1024,1024,1024,1024,2,False,False,False,False,False,0,False,False,False,False,62,,45.792,,3091,,4986,,45.792,,True,3.818,3.818,3.818,3.818,3.818,3.818,3.818,3.818,3.818,3.818,3.818,3.818,0,,False,False,True,,,,,,,,,,,,,,,False,False,10.008,,106.8,,75.7,,107.0,,1129,124,,21,7,148599.9,19813.32,,Idle,,20,,10,,,20,Go Home,False,False,False,False,False,False,False,False,False,False,False,False,33.8027920380556,-117.4659261431046,4021.1,4043.5,1049.4,396.9,True,1,1,False,False,False,False,,True,False,False,Course Lock,196.8,67,16.4,93,W,S,3.35,11.4,Calm,False,False,Android,7.0.2,M300 RTK,1ZN7L4R0H1D00F,1W9DL31001461C,1ZMLH8300204F0,1Z6PH74DAP0QN7,"Corona, CA",728.3,5.7,137.7,8.547347,2.013246,0,0,DJI Matrice 300 RTK,M300 RTK,1ZN7L4R0H1D00F,1W9DL31001461C,1ZMLH8300204F0,1Z6PH74DAP0QN7,DJI Pilot,Android,7.0.2,1EF72A62-B7C3-C88D-164E-CE6F8C8424AE,1ZN7L4R0H1D00F,1W9DL31001461C,,1ZMLH8300204F0,1W9DL31001461C,,,,,
2023-11-01,11:36:15.24 AM,11m 52.9s,712.9,33.7938398544494,-117.4736642362209,-30.5,137.7,21.3,1233,5786.5,0,8.547335,0,2.23694,0,5.816044,0,1.11847,1.9,0,1.9,91.5,91.5,,Tripod,Other,,21,5,True,,True,False,,Smart,RC,False,True,False,,,True,,False,False,False,False,False,False,False,False,False,False,0,Follow Yaw,-71.9,0,83.1,83.1,False,False,False,False,False,,0,0,False,False,No Card,100,100,1024,1024,1024,1024,2,False,False,False,False,False,0,False,False,False,False,62,,45.792,,3091,,4986,,45.792,,True,3.818,3.818,3.818,3.818,3.818,3.818,3.818,3.818,3.818,3.818,3.818,3.818,0,,False,False,True,,,,,,,,,,,,,,,False,False,10.008,,106.8,,75.7,,107.0,,1129,124,,21,7,148599.9,19813.32,,Idle,,20,,10,,,20,Go Home,False,False,False,False,False,False,False,False,False,False,False,False,33.8027920380556,-117.4659261431046,4021.0,4043.5,1049.4,396.9,True,1,1,False,False,False,False,,True,False,False,Course Lock,196.8,67,16.4,93,W,S,3.35,11.4,Calm,False,False,Android,7.0.2,M300 RTK,1ZN7L4R0H1D00F,1W9DL31001461C,1ZMLH8300204F0,1Z6PH74DAP0QN7,"Corona, CA",728.3,5.7,137.7,8.547347,2.013246,0,0,DJI Matrice 300 RTK,M300 RTK,1ZN7L4R0H1D00F,1W9DL31001461C,1ZMLH8300204F0,1Z6PH74DAP0QN7,DJI Pilot,Android,7.0.2,1EF72A62-B7C3-C88D-164E-CE6F8C8424AE,1ZN7L4R0H1D00F,1W9DL31001461C,,1ZMLH8300204F0,1W9DL31001461C,,,,,
2023-11-01,11:36:15.34 AM,11m 53.0s,713.0,33.793839910029,-117.4736642442201,-30.5,137.7,21.3,1233,5786.6,0,8.547335,0,2.23694,0,5.816044,0,1.11847,2,0.1,2,91.5,91.5,,Tripod,Other,,21,5,True,,True,False,,Smart,RC,False,True,False,,,True,,False,False,False,False,False,False,False,False,False,False,0,Follow Yaw,-71.9,0,83.1,83.1,False,False,False,False,False,,0,0,False,False,No Card,100,100,1024,1024,1024,1024,2,False,False,False,False,False,0,False,False,False,False,62,,45.828,,6226,,10044,,45.828,,True,3.818,3.818,3.818,3.818,3.818,3.818,3.818,3.818,3.818,3.818,3.818,3.818,0,,False,False,True,,,,,,,,,,,,,,,False,False,19.944,,107.2,,75.7,,107.2,,1129,124,,21,7,148599.9,19813.32,,Idle,,20,,10,,,20,Go Home,False,False,False,False,False,False,False,False,False,False,False,False,33.8027920380556,-117.4659261431046,4021.0,4043.5,1049.4,396.9,True,1,1,False,False,False,False,,True,False,False,Course Lock,196.8,67,16.4,93,W,S,3.35,11.4,Calm,False,False,Android,7.0.2,M300 RTK,1ZN7L4R0H1D00F,1W9DL31001461C,1ZMLH8300204F0,1Z6PH74DAP0QN7,"Corona, CA",728.3,5.7,137.7,8.547347,2.013246,0,0,DJI Matrice 300 RTK,M300 RTK,1ZN7L4R0H1D00F,1W9DL31001461C,1ZMLH8300204F0,1Z6PH74DAP0QN7,DJI Pilot,Android,7.0.2,1EF72A62-B7C3-C88D-164E-CE6F8C8424AE,1ZN7L4R0H1D00F,1W9DL31001461C,,1ZMLH8300204F0,1W9DL31001461C,,,,,
2023-11-01,11:36:15.44 AM,11m 53.1s,713.1,33.7938398298463,-117.4736642313554,-30.5,137.7,21.3,1233,5786.6,0,8.547335,0,2.23694,0,5.816044,0,1.11847,1.9,0.2,1.9,91.4,91.4,,Tripod,Other,,21,5,True,,True,False,,Smart,RC,False,True,False,,,True,,False,False,False,False,False,False,False,False,False,False,0,Follow Yaw,-71.9,0,83.1,83.1,False,False,False,False,False,,0,0,False,False,No Card,100,100,1024,1024,1024,1024,2,False,False,False,False,False,0,False,False,False,False,62,,45.828,,6226,,10044,,45.828,,True,3.818,3.818,3.818,3.818,3.818,3.818,3.818,3.818,3.818,3.818,3.818,3.818,0,,False,False,True,,,,,,,,,,,,,,,False,False,19.944,,107.2,,75.7,,107.2,,1129,124,,21,7,148599.9,19813.32,,Idle,,20,,10,,,20,Go Home,False,False,False,False,False,False,False,False,False,False,False,False,33.8027920380556,-117.4659261431046,4021.0,4043.5,1049.4,396.9,True,1,1,False,False,False,False,,True,False,False,Course Lock,196.8,67,16.4,93,W,S,3.35,11.4,Calm,False,False,Android,7.0.2,M300 RTK,1ZN7L4R0H1D00F,1W9DL31001461C,1ZMLH8300204F0,1Z6PH74DAP0QN7,"Corona, CA",728.3,5.7,137.7,8.547347,2.013246,0,0,DJI Matrice 300 RTK,M300 RTK,1ZN7L4R0H1D00F,1W9DL31001461C,1ZMLH8300204F0,1Z6PH74DAP0QN7,DJI Pilot,Android,7.0.2,1EF72A62-B7C3-C88D-164E-CE6F8C8424AE,1ZN7L4R0H1D00F,1W9DL31001461C,,1ZMLH8300204F0,1W9DL31001461C,,,,,
2023-11-01,11:36:15.54 AM,11m 53.2s,713.2,33.7938398769965,-117.4736642393546,-30.5,137.7,21.3,1233,5786.6,0,8.547335,0,2.23694,0,5.816044,0,1.11847,1.8,0.2,1.8,91.4,91.4,,Tripod,Other,,21,5,True,,True,False,,Smart,RC,False,True,False,,,True,,False,False,False,False,False,False,False,False,False,False,0,Follow Yaw,-71.9,0,83.1,83.1,False,False,False,False,False,,0,0,False,False,No Card,100,100,1024,1024,1024,1024,2,False,False,False,False,False,0,False,False,False,False,62,,45.828,,6226,,10044,,45.828,,True,3.818,3.818,3.818,3.818,3.818,3.818,3.818,3.818,3.818,3.818,3.818,3.818,0,,False,False,True,,,,,,,,,,,,,,,False,False,19.944,,107.2,,75.7,,107.2,,1129,124,,21,7,148599.9,19813.32,,Idle,,20,,10,,,20,Go Home,False,False,False,False,False,False,False,False,False,False,False,False,33.8027920380556,-117.4659261431046,4021.0,4043.5,1049.4,396.9,True,1,1,False,False,False,False,,True,False,False,Course Lock,196.8,67,16.4,93,W,S,3.35,11.4,Calm,False,False,Android,7.0.2,M300 RTK,1ZN7L4R0H1D00F,1W9DL31001461C,1ZMLH8300204F0,1Z6PH74DAP0QN7,"Corona, CA",728.3,5.7,137.7,8.547347,2.013246,0,0,DJI Matrice 300 RTK,M300 RTK,1ZN7L4R0H1D00F,1W9DL31001461C,1ZMLH8300204F0,1Z6PH74DAP0QN7,DJI Pilot,Android,7.0.2,1EF72A62-B7C3-C88D-164E-CE6F8C8424AE,1ZN7L4R0H1D00F,1W9DL31001461C,,1ZMLH8300204F0,1W9DL31001461C,,,,,
2023-11-01,11:36:15.64 AM,11m 53.3s,713.3,33.7938399609485,-117.4736643889482,-30.5,137.7,21.3,1233,5786.7,0,8.547335,0,2.23694,0,5.816044,0,1.11847,1.9,0.4,1.9,91.4,91.4,,Tripod,Other,,21,5,True,,True,False,,Smart,RC,False,True,False,,,True,,False,False,False,False,False,False,False,False,False,False,0,Follow Yaw,-71.9,0,83.1,83.1,False,False,False,False,False,,0,0,False,False,No Card,100,100,1024,1024,1024,1024,2,False,False,False,False,False,0,False,False,False,False,62,,45.828,,6226,,10044,,45.828,,True,3.819,3.819,3.819,3.819,3.819,3.819,3.819,3.819,3.819,3.819,3.819,3.819,0,,False,False,True,,,,,,,,,,,,,,,False,False,19.944,,107.2,,75.7,,107.2,,1129,124,,21,7,148602.5,19813.67,,Idle,,20,,10,,,20,Go Home,False,False,False,False,False,False,False,False,False,False,False,False,33.8027920380556,-117.4659261431046,4021.0,4043.5,1049.4,396.9,True,1,1,False,False,False,False,,True,False,False,Course Lock,196.8,67,16.4,93,W,S,3.35,11.4,Calm,False,True,Android,7.0.2,M300 RTK,1ZN7L4R0H1D00F,1W9DL31001461C,1ZMLH8300204F0,1Z6PH74DAP0QN7,"Corona, CA",728.3,5.7,137.7,8.547347,2.013246,0,0,DJI Matrice 300 RTK,M300 RTK,1ZN7L4R0H1D00F,1W9DL31001461C,1ZMLH8300204F0,1Z6PH74DAP0QN7,DJI Pilot,Android,7.0.2,1EF72A62-B7C3-C88D-164E-CE6F8C8424AE,1ZN7L4R0H1D00F,1W9DL31001461C,,1ZMLH8300204F0,1W9DL31001461C,,,,,
2023-11-01,11:36:15.71 AM,11m 53.4s,713.4,33.7938400087156,-117.4736644063486,-30.5,137.7,21.3,1233,5786.7,0,8.547335,0,2.23694,0,5.816044,0,1.11847,1.9,0.5,1.9,91.4,91.4,,Tripod,Other,,21,5,True,,True,False,,Smart,RC,False,True,False,,,True,,False,False,False,False,False,False,False,False,False,False,0,Follow Yaw,-71.9,0,83.1,83.1,False,False,False,False,False,,0,0,False,False,No Card,100,100,1024,1024,1024,1024,2,False,False,False,False,False,0,False,False,False,False,62,,45.828,,6226,,10044,,45.828,,True,3.819,3.819,3.819,3.819,3.819,3.819,3.819,3.819,3.819,3.819,3.819,3.819,0,,False,False,True,,,,,,,,,,,,,,,False,False,19.944,,107.2,,75.7,,107.2,,1129,124,,21,7,148602.5,19813.67,,Idle,,20,,10,,,20,Go Home,False,False,False,False,False,False,False,False,False,False,False,False,33.8027920380556,-117.4659261431046,4021.0,4043.5,1049.4,396.9,True,1,1,False,False,False,False,,True,False,False,Course Lock,196.8,67,16.4,93,W,S,3.35,11.4,Calm,False,False,Android,7.0.2,M300 RTK,1ZN7L4R0H1D00F,1W9DL31001461C,1ZMLH8300204F0,1Z6PH74DAP0QN7,"Corona, CA",728.3,5.7,137.7,8.547347,2.013246,0,0,DJI Matrice 300 RTK,M300 RTK,1ZN7L4R0H1D00F,1W9DL31001461C,1ZMLH8300204F0,1Z6PH74DAP0QN7,DJI Pilot,Android,7.0.2,1EF72A62-B7C3-C88D-164E-CE6F8C8424AE,1ZN7L4R0H1D00F,1W9DL31001461C,,1ZMLH8300204F0,1W9DL31001461C,,,,,
2023-11-01,11:36:15.84 AM,11m 53.5s,713.5,33.7938400653918,-117.4736643735271,-30.5,137.7,21.3,1233,5786.7,0,8.547335,0,2.23694,0,5.816044,0,1.11847,2,0.5,2,91.3,91.3,,Tripod,Other,,21,5,True,,True,False,,Smart,RC,False,True,False,,,True,,False,False,False,False,False,False,False,False,False,False,0,Follow Yaw,-71.9,0,83.1,83.1,False,False,False,False,False,,0,0,False,False,No Card,100,100,1024,1024,1024,1024,2,False,False,False,False,False,0,False,False,False,False,62,,45.828,,6226,,10044,,45.828,,True,3.819,3.819,3.819,3.819,3.819,3.819,3.819,3.819,3.819,3.819,3.819,3.819,0,,False,False,True,,,,,,,,,,,,,,,False,False,19.944,,107.2,,75.7,,107.2,,1129,124,,21,7,148602.5,19813.67,,Idle,,20,,10,,,20,Go Home,False,False,False,False,False,False,False,False,False,False,False,False,33.8027920380556,-117.4659261431046,4021.0,4043.5,1049.4,396.9,True,1,1,False,False,False,False,,True,False,False,Course Lock,196.8,67,16.4,93,W,S,3.35,11.4,Calm,False,False,Android,7.0.2,M300 RTK,1ZN7L4R0H1D00F,1W9DL31001461C,1ZMLH8300204F0,1Z6PH74DAP0QN7,"Corona, CA",728.3,5.7,137.7,8.547347,2.013246,0,0,DJI Matrice 300 RTK,M300 RTK,1ZN7L4R0H1D00F,1W9DL31001461C,1ZMLH8300204F0,1Z6PH74DAP0QN7,DJI Pilot,Android,7.0.2,1EF72A62-B7C3-C88D-164E-CE6F8C8424AE,1ZN7L4R0H1D00F,1W9DL31001461C,,1ZMLH8300204F0,1W9DL31001461C,,,,,
2023-11-01,11:36:15.91 AM,11m 53.6s,713.6,33.793840108293,-117.4736643887833,-30.5,137.7,21.3,1233,5786.7,0,8.547335,0,2.23694,0,5.816044,0,1.11847,2,0.4,2,91.3,91.3,,Tripod,Other,,21,5,True,,True,False,,Smart,RC,False,True,False,,,True,,False,False,False,False,False,False,False,False,False,False,0,Follow Yaw,-71.9,0,83.1,83.1,False,False,False,False,False,,0,0,False,False,No Card,100,100,1024,1024,1024,1024,2,False,False,False,False,False,0,False,False,False,False,62,,45.828,,6226,,10044,,45.828,,True,3.819,3.819,3.819,3.819,3.819,3.819,3.819,3.819,3.819,3.819,3.819,3.819,0,,False,False,True,,,,,,,,,,,,,,,False,False,19.944,,107.2,,75.7,,107.2,,1129,124,,21,7,148602.5,19813.67,,Idle,,20,,10,,,20,Go Home,False,False,False,False,False,False,False,False,False,False,False,False,33.8027920380556,-117.4659261431046,4021.0,4043.5,1049.4,396.9,True,1,1,False,False,False,False,,True,False,False,Course Lock,196.8,67,16.4,93,W,S,3.35,11.4,Calm,False,False,Android,7.0.2,M300 RTK,1ZN7L4R0H1D00F,1W9DL31001461C,1ZMLH8300204F0,1Z6PH74DAP0QN7,"Corona, CA",728.3,5.7,137.7,8.547347,2.013246,0,0,DJI Matrice 300 RTK,M300 RTK,1ZN7L4R0H1D00F,1W9DL31001461C,1ZMLH8300204F0,1Z6PH74DAP0QN7,DJI Pilot,Android,7.0.2,1EF72A62-B7C3-C88D-164E-CE6F8C8424AE,1ZN7L4R0H1D00F,1W9DL31001461C,,1ZMLH8300204F0,1W9DL31001461C,,,,,
2023-11-01,11:36:16.01 AM,11m 53.7s,713.7,33.7938403105318,-117.4736643588481,-30.5,137.7,21.3,1233,5786.8,0,8.547335,0,2.23694,0,5.816044,0,1.11847,2.1,0.3,2.1,91.3,91.3,,Tripod,Other,,21,5,True,,True,False,,Smart,RC,False,True,False,,,True,,False,False,False,False,False,False,False,False,False,False,0,Follow Yaw,-71.9,0,83.1,83.1,False,False,False,False,False,,0,0,False,False,No Card,100,100,1024,1024,1024,1024,2,False,False,False,False,False,0,False,False,False,False,62,,45.828,,6226,,10044,,45.828,,True,3.819,3.819,3.819,3.819,3.819,3.819,3.819,3.819,3.819,3.819,3.819,3.819,0,,False,False,True,,,,,,,,,,,,,,,False,False,19.944,,107.2,,75.7,,107.2,,1129,124,,21,7,148602.5,19813.67,,Idle,,20,,10,,,20,Go Home,False,False,False,False,False,False,False,False,False,False,False,False,33.8027920380556,-117.4659261431046,4020.9,4043.5,1049.4,396.9,True,1,1,False,False,False,False,,True,False,False,Course Lock,196.8,67,16.4,93,W,S,3.35,11.4,Calm,False,False,Android,7.0.2,M300 RTK,1ZN7L4R0H1D00F,1W9DL31001461C,1ZMLH8300204F0,1Z6PH74DAP0QN7,"Corona, CA",728.3,5.7,137.7,8.547347,2.013246,0,0,DJI Matrice 300 RTK,M300 RTK,1ZN7L4R0H1D00F,1W9DL31001461C,1ZMLH8300204F0,1Z6PH74DAP0QN7,DJI Pilot,Android,7.0.2,1EF72A62-B7C3-C88D-164E-CE6F8C8424AE,1ZN7L4R0H1D00F,1W9DL31001461C,,1ZMLH8300204F0,1W9DL31001461C,,,,,
2023-11-01,11:36:16.14 AM,11m 53.8s,713.8,33.7938403656317,-117.4736643721251,-30.5,137.7,21.3,1233,5786.8,0,8.547335,0,2.23694,0,5.816044,0,1.11847,2.1,0.3,2.1,91.3,91.3,,Tripod,Other,,21,5,True,,True,False,,Smart,RC,False,True,False,,,True,,False,False,False,False,False,False,False,False,False,False,0,Follow Yaw,-71.9,0,83.1,83.1,False,False,False,False,False,,0,0,False,False,No Card,100,100,1024,1024,1024,1024,2,False,False,False,False,False,0,False,False,False,False,62,,45.768,,3091,,4986,,45.768,,True,3.819,3.819,3.819,3.819,3.819,3.819,3.819,3.819,3.819,3.819,3.819,3.819,0,,False,False,True,,,,,,,,,,,,,,,False,False,10.056,,106.8,,75.7,,107.2,,1129,124,,21,7,148602.5,19813.67,,Idle,,20,,10,,,20,Go Home,False,False,False,False,False,False,False,False,False,False,False,False,33.8027920380556,-117.4659261431046,4020.9,4043.5,1049.4,396.9,True,1,1,False,False,False,False,,True,False,False,Course Lock,196.8,67,16.4,93,W,S,3.35,11.4,Calm,False,False,Android,7.0.2,M300 RTK,1ZN7L4R0H1D00F,1W9DL31001461C,1ZMLH8300204F0,1Z6PH74DAP0QN7,"Corona, CA",728.3,5.7,137.7,8.547347,2.013246,0,0,DJI Matrice 300 RTK,M300 RTK,1ZN7L4R0H1D00F,1W9DL31001461C,1ZMLH8300204F0,1Z6PH74DAP0QN7,DJI Pilot,Android,7.0.2,1EF72A62-B7C3-C88D-164E-CE6F8C8424AE,1ZN7L4R0H1D00F,1W9DL31001461C,,1ZMLH8300204F0,1W9DL31001461C,,,,,
2023-11-01,11:36:16.22 AM,11m 53.9s,713.9,33.79384023357,-117.4736643595078,-30.5,137.7,21.3,1233,5786.9,0,8.547335,0,2.23694,0,5.816044,0,1.11847,2.1,0.3,2.1,91.3,91.3,,Tripod,Other,,21,5,True,,True,False,,Smart,RC,False,True,False,,,True,,False,False,False,False,False,False,False,False,False,False,0,Follow Yaw,-71.9,0,83.1,83.1,False,False,False,False,False,,0,0,False,False,No Card,100,100,1024,1024,1024,1024,2,False,False,False,False,False,0,False,False,False,False,62,,45.768,,3091,,4986,,45.768,,True,3.819,3.819,3.819,3.819,3.819,3.819,3.819,3.819,3.819,3.819,3.819,3.819,0,,False,False,True,,,,,,,,,,,,,,,False,False,10.056,,106.8,,75.7,,107.2,,1129,124,,21,7,148602.5,19813.67,,Idle,,20,,10,,,20,Go Home,False,False,False,False,False,False,False,False,False,False,False,False,33.8027920380556,-117.4659261431046,4020.9,4043.5,1049.4,396.9,True,1,1,False,False,False,False,,True,False,False,Course Lock,196.8,67,16.4,93,W,S,3.35,11.4,Calm,False,False,Android,7.0.2,M300 RTK,1ZN7L4R0H1D00F,1W9DL31001461C,1ZMLH8300204F0,1Z6PH74DAP0QN7,"Corona, CA",728.3,5.7,137.7,8.547347,2.013246,0,0,DJI Matrice 300 RTK,M300 RTK,1ZN7L4R0H1D00F,1W9DL31001461C,1ZMLH8300204F0,1Z6PH74DAP0QN7,DJI Pilot,Android,7.0.2,1EF72A62-B7C3-C88D-164E-CE6F8C8424AE,1ZN7L4R0H1D00F,1W9DL31001461C,,1ZMLH8300204F0,1W9DL31001461C,,,,,
2023-11-01,11:36:16.34 AM,11m 54.0s,714.0,33.793840273867,-117.4736643743517,-30.5,137.7,21.3,1233,5786.9,0,8.547335,0,2.23694,0,5.816044,0,1.11847,2.1,0.4,2.1,91.3,91.3,,Tripod,Other,,21,5,True,,True,False,,Smart,RC,False,True,False,,,True,,False,False,False,False,False,False,False,False,False,False,0,Follow Yaw,-71.9,0,83.1,83.1,False,False,False,False,False,,0,0,False,False,No Card,100,100,1024,1024,1024,1024,2,False,False,False,False,False,0,False,False,False,False,62,,45.792,,6226,,10044,,45.792,,True,3.819,3.819,3.819,3.819,3.819,3.819,3.819,3.819,3.819,3.819,3.819,3.819,0,,False,False,True,,,,,,,,,,,,,,,False,False,20.074,,107.2,,75.7,,107.2,,1129,124,,21,7,148602.5,19813.67,,Idle,,20,,10,,,20,Go Home,False,False,False,False,False,False,False,False,False,False,False,False,33.8027920380556,-117.4659261431046,4020.9,4043.5,1049.4,396.9,True,1,1,False,False,False,False,,True,False,False,Course Lock,196.8,67,16.4,93,W,S,3.35,11.4,Calm,False,False,Android,7.0.2,M300 RTK,1ZN7L4R0H1D00F,1W9DL31001461C,1ZMLH8300204F0,1Z6PH74DAP0QN7,"Corona, CA",728.3,5.7,137.7,8.547347,2.013246,0,0,DJI Matrice 300 RTK,M300 RTK,1ZN7L4R0H1D00F,1W9DL31001461C,1ZMLH8300204F0,1Z6PH74DAP0QN7,DJI Pilot,Android,7.0.2,1EF72A62-B7C3-C88D-164E-CE6F8C8424AE,1ZN7L4R0H1D00F,1W9DL31001461C,,1ZMLH8300204F0,1W9DL31001461C,,,,,
2023-11-01,11:36:16.43 AM,11m 54.1s,714.1,33.7938403386986,-117.4736643630538,-30.5,137.7,21.3,1233,5786.9,0,8.547335,0,2.23694,0,5.816044,0,1.11847,2,0.4,2,91.3,91.3,,Tripod,Other,,21,5,True,,True,False,,Smart,RC,False,True,False,,,True,,False,False,False,False,False,False,False,False,False,False,0,Follow Yaw,-71.9,0,83.1,83.1,False,False,False,False,False,,0,0,False,False,No Card,100,100,1024,1024,1024,1024,2,False,False,False,False,False,0,False,False,False,False,62,,45.792,,6226,,10044,,45.792,,True,3.819,3.819,3.819,3.819,3.819,3.819,3.819,3.819,3.819,3.819,3.819,3.819,0,,False,False,True,,,,,,,,,,,,,,,False,False,20.074,,107.2,,75.7,,107.2,,1129,124,,21,7,148602.5,19813.67,,Idle,,20,,10,,,20,Go Home,False,False,False,False,False,False,False,False,False,False,False,False,33.8027920380556,-117.4659261431046,4020.9,4043.5,1049.4,396.9,True,1,1,False,False,False,False,,True,False,False,Course Lock,196.8,67,16.4,93,W,S,3.35,11.4,Calm,False,False,Android,7.0.2,M300 RTK,1ZN7L4R0H1D00F,1W9DL31001461C,1ZMLH8300204F0,1Z6PH74DAP0QN7,"Corona, CA",728.3,5.7,137.7,8.547347,2.013246,0,0,DJI Matrice 300 RTK,M300 RTK,1ZN7L4R0H1D00F,1W9DL31001461C,1ZMLH8300204F0,1Z6PH74DAP0QN7,DJI Pilot,Android,7.0.2,1EF72A62-B7C3-C88D-164E-CE6F8C8424AE,1ZN7L4R0H1D00F,1W9DL31001461C,,1ZMLH8300204F0,1W9DL31001461C,,,,,
2023-11-01,11:36:16.53 AM,11m 54.2s,714.2,33.7938403762542,-117.4736643765783,-30.5,137.7,21.3,1233,5786.9,0,8.547335,0,2.23694,0,5.816044,0,1.11847,2.1,0.4,2.1,91.4,91.4,,Tripod,Other,,21,5,True,,True,False,,Smart,RC,False,True,False,,,True,,False,False,False,False,False,False,False,False,False,False,0,Follow Yaw,-71.9,0,83.1,83.1,False,False,False,False,False,,0,0,False,False,No Card,100,100,1024,1024,1024,1024,2,False,False,False,False,False,0,False,False,False,False,62,,45.792,,6226,,10044,,45.792,,True,3.819,3.819,3.819,3.819,3.819,3.819,3.819,3.819,3.819,3.819,3.819,3.819,0,,False,False,True,,,,,,,,,,,,,,,False,False,20.074,,107.2,,75.7,,107.2,,1129,124,,21,7,148602.5,19813.67,,Idle,,20,,10,,,20,Go Home,False,False,False,False,False,False,False,False,False,False,False,False,33.8027920380556,-117.4659261431046,4020.9,4043.5,1049.4,396.9,True,1,1,False,False,False,False,,True,False,False,Course Lock,196.8,67,16.4,93,W,S,3.35,11.4,Calm,False,False,Android,7.0.2,M300 RTK,1ZN7L4R0H1D00F,1W9DL31001461C,1ZMLH8300204F0,1Z6PH74DAP0QN7,"Corona, CA",728.3,5.7,137.7,8.547347,2.013246,0,0,DJI Matrice 300 RTK,M300 RTK,1ZN7L4R0H1D00F,1W9DL31001461C,1ZMLH8300204F0,1Z6PH74DAP0QN7,DJI Pilot,Android,7.0.2,1EF72A62-B7C3-C88D-164E-CE6F8C8424AE,1ZN7L4R0H1D00F,1W9DL31001461C,,1ZMLH8300204F0,1W9DL31001461C,,,,,
2023-11-01,11:36:16.64 AM,11m 54.3s,714.3,33.7938404456775,-117.4736643658577,-30.5,137.7,21.3,1233,5786.9,0,8.547335,0,2.23694,0,5.816044,0,1.11847,2.1,0.4,2.1,91.4,91.4,,Tripod,Other,,21,5,True,,True,False,,Smart,RC,False,True,False,,,True,,False,False,False,False,False,False,False,False,False,False,0,Follow Yaw,-71.9,0,83.1,83.1,False,False,False,False,False,,0,0,False,False,No Card,100,100,1024,1024,1024,1024,2,False,False,False,False,False,0,False,False,False,False,62,,45.792,,6226,,10044,,45.792,,True,3.818,3.818,3.818,3.818,3.818,3.818,3.818,3.818,3.818,3.818,3.818,3.818,0,,False,False,True,,,,,,,,,,,,,,,False,False,20.074,,107.2,,75.7,,107.2,,1129,124,,21,7,148710.4,19828.05,,Idle,,20,,10,,,20,Go Home,False,False,False,False,False,False,False,False,False,False,False,False,33.8027920380556,-117.4659261431046,4020.9,4043.5,1049.4,396.9,True,1,1,False,False,False,False,,True,False,False,Course Lock,196.8,67,16.4,93,W,S,3.35,11.4,Calm,False,False,Android,7.0.2,M300 RTK,1ZN7L4R0H1D00F,1W9DL31001461C,1ZMLH8300204F0,1Z6PH74DAP0QN7,"Corona, CA",728.3,5.7,137.7,8.547347,2.013246,0,0,DJI Matrice 300 RTK,M300 RTK,1ZN7L4R0H1D00F,1W9DL31001461C,1ZMLH8300204F0,1Z6PH74DAP0QN7,DJI Pilot,Android,7.0.2,1EF72A62-B7C3-C88D-164E-CE6F8C8424AE,1ZN7L4R0H1D00F,1W9DL31001461C,,1ZMLH8300204F0,1W9DL31001461C,,,,,
2023-11-01,11:36:16.74 AM,11m 54.4s,714.4,33.793840485015,-117.473664387134,-30.5,137.7,21.3,1233,5787.0,0,8.547335,0,2.23694,0,5.816044,0,1.11847,2,0.4,2,91.4,91.4,,Tripod,Other,,21,5,True,,True,False,,Smart,RC,False,True,False,,,True,,False,False,False,False,False,False,False,False,False,False,0,Follow Yaw,-71.9,0,83.1,83.1,False,False,False,False,False,,0,0,False,False,No Card,100,100,1024,1024,779,1024,2,False,False,False,False,False,0,False,False,False,False,62,,45.792,,6226,,10044,,45.792,,True,3.818,3.818,3.818,3.818,3.818,3.818,3.818,3.818,3.818,3.818,3.818,3.818,0,,False,False,True,,,,,,,,,,,,,,,False,False,20.074,,107.2,,75.7,,107.2,,1129,124,,21,7,148710.4,19828.05,,Idle,,20,,10,,,20,Go Home,False,False,False,False,False,False,False,False,False,False,False,False,33.8027920380556,-117.4659261431046,4020.9,4043.5,1049.4,396.9,True,1,1,False,False,False,False,,True,False,False,Course Lock,196.8,67,16.4,93,W,S,3.35,11.4,Calm,False,True,Android,7.0.2,M300 RTK,1ZN7L4R0H1D00F,1W9DL31001461C,1ZMLH8300204F0,1Z6PH74DAP0QN7,"Corona, CA",728.3,5.7,137.7,8.547347,2.013246,0,0,DJI Matrice 300 RTK,M300 RTK,1ZN7L4R0H1D00F,1W9DL31001461C,1ZMLH8300204F0,1Z6PH74DAP0QN7,DJI Pilot,Android,7.0.2,1EF72A62-B7C3-C88D-164E-CE6F8C8424AE,1ZN7L4R0H1D00F,1W9DL31001461C,,1ZMLH8300204F0,1W9DL31001461C,,,,,
2023-11-01,11:36:16.84 AM,11m 54.5s,714.5,33.7938403745409,-117.4736643719602,-30.5,137.7,21.3,1233,5787.0,0,8.547335,0,2.23694,0,5.816044,0,1.11847,1.9,0.6,1.9,91.4,91.4,,Tripod,Other,,21,5,True,,True,False,,Smart,RC,False,True,False,,,True,,False,False,False,False,False,False,False,False,False,False,0,Follow Yaw,-71.9,0,83.1,83.1,False,False,False,False,False,,0,0,False,False,No Card,100,100,1024,1024,495,1024,2,False,False,False,False,False,0,False,False,False,False,62,,45.792,,6226,,10044,,45.792,,True,3.818,3.818,3.818,3.818,3.818,3.818,3.818,3.818,3.818,3.818,3.818,3.818,0,,False,False,True,,,,,,,,,,,,,,,False,False,20.074,,107.2,,75.7,,107.2,,1129,124,,21,7,148710.4,19828.05,,Idle,,20,,10,,,20,Go Home,False,False,False,False,False,False,False,False,False,False,False,False,33.8027920380556,-117.4659261431046,4020.9,4043.5,1049.4,396.9,True,1,1,False,False,False,False,,True,False,False,Course Lock,196.8,67,16.4,93,W,S,3.35,11.4,Calm,False,False,Android,7.0.2,M300 RTK,1ZN7L4R0H1D00F,1W9DL31001461C,1ZMLH8300204F0,1Z6PH74DAP0QN7,"Corona, CA",728.3,5.7,137.7,8.547347,2.013246,0,0,DJI Matrice 300 RTK,M300 RTK,1ZN7L4R0H1D00F,1W9DL31001461C,1ZMLH8300204F0,1Z6PH74DAP0QN7,DJI Pilot,Android,7.0.2,1EF72A62-B7C3-C88D-164E-CE6F8C8424AE,1ZN7L4R0H1D00F,1W9DL31001461C,,1ZMLH8300204F0,1W9DL31001461C,,,,,
2023-11-01,11:36:16.94 AM,11m 54.6s,714.6,33.7938403939356,-117.4736643934014,-30.5,137.7,21.3,1233,5787.0,0,8.547335,0,2.23694,0,5.816044,0,1.11847,1.8,0.5,1.8,91.3,91.3,,Tripod,Other,,21,5,True,,True,False,,Smart,RC,False,True,False,,,True,,False,False,False,False,False,False,False,False,False,False,0,Follow Yaw,-71.9,0,83.1,83.1,False,False,False,False,False,,0,0,False,False,No Card,100,100,1024,1024,628,1024,2,False,False,False,False,False,0,False,False,False,False,62,,45.792,,6226,,10044,,45.792,,True,3.818,3.818,3.818,3.818,3.818,3.818,3.818,3.818,3.818,3.818,3.818,3.818,0,,False,False,True,,,,,,,,,,,,,,,False,False,20.074,,107.2,,75.7,,107.2,,1129,124,,21,7,148710.4,19828.05,,Idle,,20,,10,,,20,Go Home,False,False,False,False,False,False,False,False,False,False,False,False,33.8027920380556,-117.4659261431046,4020.9,4043.5,1049.4,396.9,True,1,1,False,False,False,False,,True,False,False,Course Lock,196.8,67,16.4,93,W,S,3.35,11.4,Calm,False,True,Android,7.0.2,M300 RTK,1ZN7L4R0H1D00F,1W9DL31001461C,1ZMLH8300204F0,1Z6PH74DAP0QN7,"Corona, CA",728.3,5.7,137.7,8.547347,2.013246,0,0,DJI Matrice 300 RTK,M300 RTK,1ZN7L4R0H1D00F,1W9DL31001461C,1ZMLH8300204F0,1Z6PH74DAP0QN7,DJI Pilot,Android,7.0.2,1EF72A62-B7C3-C88D-164E-CE6F8C8424AE,1ZN7L4R0H1D00F,1W9DL31001461C,,1ZMLH8300204F0,1W9DL31001461C,,,,,
2023-11-01,11:36:17.04 AM,11m 54.7s,714.7,33.7938406322224,-117.473664536975,-30.5,137.7,21.3,1233,5787.1,0,8.547335,0,2.23694,0,5.816044,0.223694,1.11847,1.8,0.3,1.8,91.2,91.2,,Tripod,Other,,21,5,True,,True,False,,Smart,RC,False,True,False,,,True,,False,False,False,False,False,False,False,False,False,False,0,Follow Yaw,-71.9,0,83.1,83.1,False,False,False,False,False,,0,0,False,False,No Card,100,100,1024,1024,616,1024,2,False,False,False,False,False,0,False,False,False,False,62,,45.792,,6226,,10044,,45.792,,True,3.818,3.818,3.818,3.818,3.818,3.818,3.818,3.818,3.818,3.818,3.818,3.818,0,,False,False,True,,,,,,,,,,,,,,,False,False,20.074,,107.2,,75.7,,107.2,,1129,124,,21,7,148710.4,19828.05,,Idle,,20,,10,,,20,Go Home,False,False,False,False,False,False,False,False,False,False,False,False,33.8027920380556,-117.4659261431046,4020.8,4043.5,1049.4,396.9,True,1,1,False,False,False,False,,True,False,False,Course Lock,196.8,67,16.4,93,W,S,3.35,11.4,Calm,False,True,Android,7.0.2,M300 RTK,1ZN7L4R0H1D00F,1W9DL31001461C,1ZMLH8300204F0,1Z6PH74DAP0QN7,"Corona, CA",728.3,5.7,137.7,8.547347,2.013246,0,0,DJI Matrice 300 RTK,M300 RTK,1ZN7L4R0H1D00F,1W9DL31001461C,1ZMLH8300204F0,1Z6PH74DAP0QN7,DJI Pilot,Android,7.0.2,1EF72A62-B7C3-C88D-164E-CE6F8C8424AE,1ZN7L4R0H1D00F,1W9DL31001461C,,1ZMLH8300204F0,1W9DL31001461C,,,,,
2023-11-01,11:36:17.15 AM,11m 54.8s,714.8,33.793840667585,-117.4736645666628,-30.5,137.7,21.3,1233,5787.1,0,8.547335,0,2.23694,0,5.816044,0.447388,1.11847,1.9,0.2,1.9,91.2,91.2,,Tripod,Other,,21,5,True,,True,False,,Smart,RC,False,True,False,,,True,,False,False,False,False,False,False,False,False,False,False,0,Follow Yaw,-71.9,0,83.1,83.1,False,False,False,False,False,,0,0,False,False,No Card,100,100,1024,1024,597,1024,2,False,False,False,False,False,0,False,False,False,False,62,,45.792,,6226,,10044,,45.792,,True,3.818,3.818,3.818,3.818,3.818,3.818,3.818,3.818,3.818,3.818,3.818,3.818,0,,False,False,True,,,,,,,,,,,,,,,False,False,20.074,,107.2,,75.7,,107.2,,1129,124,,21,7,148710.4,19828.05,,Idle,,20,,10,,,20,Go Home,False,False,False,False,False,False,False,False,False,False,False,False,33.8027920380556,-117.4659261431046,4020.8,4043.5,1049.4,396.9,True,1,1,False,False,False,False,,True,False,False,Course Lock,196.8,67,16.4,93,W,S,3.35,11.4,Calm,False,True,Android,7.0.2,M300 RTK,1ZN7L4R0H1D00F,1W9DL31001461C,1ZMLH8300204F0,1Z6PH74DAP0QN7,"Corona, CA",728.3,5.7,137.7,8.547347,2.013246,0,0,DJI Matrice 300 RTK,M300 RTK,1ZN7L4R0H1D00F,1W9DL31001461C,1ZMLH8300204F0,1Z6PH74DAP0QN7,DJI Pilot,Android,7.0.2,1EF72A62-B7C3-C88D-164E-CE6F8C8424AE,1ZN7L4R0H1D00F,1W9DL31001461C,,1ZMLH8300204F0,1W9DL31001461C,,,,,
2023-11-01,11:36:17.25 AM,11m 54.9s,714.9,33.7938405706804,-117.4736645108332,-30.5,137.7,20.9,1233,5787.2,0,8.547335,0,2.23694,0,5.816044,0.671082,1.11847,2.1,0.3,2.1,91.2,91.2,,Tripod,Other,,21,5,True,,True,False,,Smart,RC,False,True,False,,,True,,False,False,False,False,False,False,False,False,False,False,0,Follow Yaw,-71.9,0,83.1,83.1,False,False,False,False,False,,0,0,False,False,No Card,100,100,1024,1024,615,1024,2,False,False,False,False,False,0,False,False,False,False,62,,45.792,,6226,,10044,,45.792,,True,3.818,3.818,3.818,3.818,3.818,3.818,3.818,3.818,3.818,3.818,3.818,3.818,0,,False,False,True,,,,,,,,,,,,,,,False,False,20.074,,107.2,,75.7,,107.2,,1129,124,,21,7,148710.4,19828.05,,Idle,,20,,10,,,20,Go Home,False,False,False,False,False,False,False,False,False,False,False,False,33.8027920380556,-117.4659261431046,4020.9,4043.5,1049.4,396.9,True,1,1,False,False,False,False,,True,False,False,Course Lock,196.8,67,16.4,93,W,S,3.35,11.4,Calm,False,False,Android,7.0.2,M300 RTK,1ZN7L4R0H1D00F,1W9DL31001461C,1ZMLH8300204F0,1Z6PH74DAP0QN7,"Corona, CA",728.3,5.7,137.7,8.547347,2.013246,0,0,DJI Matrice 300 RTK,M300 RTK,1ZN7L4R0H1D00F,1W9DL31001461C,1ZMLH8300204F0,1Z6PH74DAP0QN7,DJI Pilot,Android,7.0.2,1EF72A62-B7C3-C88D-164E-CE6F8C8424AE,1ZN7L4R0H1D00F,1W9DL31001461C,,1ZMLH8300204F0,1W9DL31001461C,,,,,
2023-11-01,11:36:17.35 AM,11m 55.0s,715.0,33.793840596517,-117.4736645389542,-30.8,137.7,20.9,1233,5787.2,0,8.547335,0,2.23694,0,5.816044,0.894776,1.11847,2.1,0.2,2.1,91.2,91.2,,Tripod,Other,,21,5,True,,True,False,,Smart,RC,False,True,False,,,True,,False,False,False,False,False,False,False,False,False,False,0,Follow Yaw,-71.9,0,83.1,83.1,False,False,False,False,False,,0,0,False,False,No Card,100,100,1024,1024,545,1024,2,False,False,False,False,False,0,False,False,False,False,62,,45.804,,6226,,10044,,45.804,,True,3.818,3.818,3.818,3.818,3.818,3.818,3.818,3.818,3.818,3.818,3.818,3.818,0,,False,False,True,,,,,,,,,,,,,,,False,False,19.976,,107.2,,75.7,,107.2,,1129,124,,21,7,148710.4,19828.05,,Idle,,20,,10,,,20,Go Home,False,False,False,False,False,False,False,False,False,False,False,False,33.8027920380556,-117.4659261431046,4020.9,4043.5,1049.4,396.9,True,1,1,False,False,False,False,,True,False,False,Course Lock,196.8,67,16.4,93,W,S,3.35,11.4,Calm,False,True,Android,7.0.2,M300 RTK,1ZN7L4R0H1D00F,1W9DL31001461C,1ZMLH8300204F0,1Z6PH74DAP0QN7,"Corona, CA",728.3,5.7,137.7,8.547347,2.013246,0,0,DJI Matrice 300 RTK,M300 RTK,1ZN7L4R0H1D00F,1W9DL31001461C,1ZMLH8300204F0,1Z6PH74DAP0QN7,DJI Pilot,Android,7.0.2,1EF72A62-B7C3-C88D-164E-CE6F8C8424AE,1ZN7L4R0H1D00F,1W9DL31001461C,,1ZMLH8300204F0,1W9DL31001461C,,,,,
2023-11-01,11:36:17.45 AM,11m 55.1s,715.1,33.7938405472423,-117.4736645044009,-30.8,137.7,20.6,1233,5787.2,0,8.547335,0,2.23694,0,5.816044,0.894776,1.11847,1.9,0.1,1.9,91.2,91.2,,Tripod,Other,,21,5,True,,True,False,,Smart,RC,False,True,False,,,True,,False,False,False,False,False,False,False,False,False,False,0,Follow Yaw,-71.9,0,83.1,83.1,False,False,False,False,False,,0,0,False,False,No Card,100,100,1024,1024,494,1024,2,False,False,False,False,False,0,False,False,False,False,62,,45.804,,6226,,10044,,45.804,,True,3.818,3.818,3.818,3.818,3.818,3.818,3.818,3.818,3.818,3.818,3.818,3.818,0,,False,False,True,,,,,,,,,,,,,,,False,False,19.976,,107.2,,75.7,,107.2,,1129,124,,21,7,148710.4,19828.05,,Idle,,20,,10,,,20,Go Home,False,False,False,False,False,False,False,False,False,False,False,False,33.8027920380556,-117.4659261431046,4020.9,4043.5,1049.4,396.9,True,1,1,False,False,False,False,,True,False,False,Course Lock,196.8,67,16.4,93,W,S,3.35,11.4,Calm,False,False,Android,7.0.2,M300 RTK,1ZN7L4R0H1D00F,1W9DL31001461C,1ZMLH8300204F0,1Z6PH74DAP0QN7,"Corona, CA",728.3,5.7,137.7,8.547347,2.013246,0,0,DJI Matrice 300 RTK,M300 RTK,1ZN7L4R0H1D00F,1W9DL31001461C,1ZMLH8300204F0,1Z6PH74DAP0QN7,DJI Pilot,Android,7.0.2,1EF72A62-B7C3-C88D-164E-CE6F8C8424AE,1ZN7L4R0H1D00F,1W9DL31001461C,,1ZMLH8300204F0,1W9DL31001461C,,,,,
2023-11-01,11:36:17.56 AM,11m 55.2s,715.2,33.793840567665,-117.4736645325218,-31.1,137.7,20.6,1233,5787.2,0,8.547335,0,2.23694,0,5.816044,1.11847,1.11847,1.7,0,1.7,91.2,91.2,,Tripod,Other,,21,5,True,,True,False,,Smart,RC,False,True,False,,,True,,False,False,False,False,False,False,False,False,False,False,0,Follow Yaw,-71.9,0,83.1,83.1,False,False,False,False,False,,0,0,False,False,No Card,100,100,1024,1024,477,1024,2,False,False,False,False,False,0,False,False,False,False,62,,45.804,,6226,,10044,,45.804,,True,3.818,3.818,3.818,3.818,3.818,3.818,3.818,3.818,3.818,3.818,3.818,3.818,0,,False,False,True,,,,,,,,,,,,,,,False,False,19.976,,107.2,,75.7,,107.2,,1129,124,,21,7,148710.4,19828.05,,Idle,,20,,10,,,20,Go Home,False,False,False,False,False,False,False,False,False,False,False,False,33.8027920380556,-117.4659261431046,4020.9,4043.5,1049.4,396.9,True,1,1,False,False,False,False,,True,False,False,Course Lock,196.8,67,16.4,93,W,S,3.35,11.4,Calm,False,True,Android,7.0.2,M300 RTK,1ZN7L4R0H1D00F,1W9DL31001461C,1ZMLH8300204F0,1Z6PH74DAP0QN7,"Corona, CA",728.3,5.7,137.7,8.547347,2.013246,0,0,DJI Matrice 300 RTK,M300 RTK,1ZN7L4R0H1D00F,1W9DL31001461C,1ZMLH8300204F0,1Z6PH74DAP0QN7,DJI Pilot,Android,7.0.2,1EF72A62-B7C3-C88D-164E-CE6F8C8424AE,1ZN7L4R0H1D00F,1W9DL31001461C,,1ZMLH8300204F0,1W9DL31001461C,,,,,
2023-11-01,11:36:17.66 AM,11m 55.3s,715.3,33.7938406936273,-117.4736646636431,-31.1,137.7,20.3,1233,5787.3,0,8.547335,0,2.23694,0,5.816044,1.11847,1.11847,1.5,0,1.5,91.2,91.2,,Tripod,Other,,21,5,True,,True,False,,Smart,RC,False,True,False,,,True,,False,False,False,False,False,False,False,False,False,False,0,Follow Yaw,-71.9,0,83.1,83.1,False,False,False,False,False,,0,0,False,False,No Card,100,100,1024,1024,492,1024,2,False,False,False,False,False,0,False,False,False,False,62,,45.804,,6226,,10044,,45.804,,True,3.817,3.817,3.817,3.817,3.817,3.817,3.817,3.817,3.817,3.817,3.817,3.817,0,,False,False,True,,,,,,,,,,,,,,,False,False,19.976,,107.2,,75.7,,107.2,,1129,124,,21,7,148893.4,19852.46,,Idle,,20,,10,,,20,Go Home,False,False,False,False,False,False,False,False,False,False,False,False,33.8027920380556,-117.4659261431046,4020.9,4043.5,1049.4,396.9,True,1,1,False,False,False,False,,True,False,False,Course Lock,196.8,67,16.4,93,W,S,3.35,11.4,Calm,False,True,Android,7.0.2,M300 RTK,1ZN7L4R0H1D00F,1W9DL31001461C,1ZMLH8300204F0,1Z6PH74DAP0QN7,"Corona, CA",728.3,5.7,137.7,8.547347,2.013246,0,0,DJI Matrice 300 RTK,M300 RTK,1ZN7L4R0H1D00F,1W9DL31001461C,1ZMLH8300204F0,1Z6PH74DAP0QN7,DJI Pilot,Android,7.0.2,1EF72A62-B7C3-C88D-164E-CE6F8C8424AE,1ZN7L4R0H1D00F,1W9DL31001461C,,1ZMLH8300204F0,1W9DL31001461C,,,,,
2023-11-01,11:36:17.76 AM,11m 55.4s,715.4,33.7938407296068,-117.4736646935783,-31.4,137.7,20.3,1232,5787.3,0,8.547335,0,2.23694,0,5.816044,1.342164,1.342164,1.5,0,1.5,91.2,91.2,,Tripod,Other,,21,5,True,,True,False,,Smart,RC,False,True,False,,,True,,False,False,False,False,False,False,False,False,False,False,0,Follow Yaw,-71.9,0,83.1,83.1,False,False,False,False,False,,0,0,False,False,No Card,100,100,1024,1024,488,1024,2,False,False,False,False,False,0,False,False,False,False,62,,45.804,,6226,,10044,,45.804,,True,3.817,3.817,3.817,3.817,3.817,3.817,3.817,3.817,3.817,3.817,3.817,3.817,0,,False,False,True,,,,,,,,,,,,,,,False,False,19.976,,107.2,,75.7,,107.2,,1129,124,,21,7,148893.4,19852.46,,Idle,,20,,10,,,20,Go Home,False,False,False,False,False,False,False,False,False,False,False,False,33.8027920380556,-117.4659261431046,4020.8,4043.5,1049.4,396.9,True,1,1,False,False,False,False,,True,False,False,Course Lock,196.8,67,16.4,93,W,S,3.35,11.4,Calm,False,True,Android,7.0.2,M300 RTK,1ZN7L4R0H1D00F,1W9DL31001461C,1ZMLH8300204F0,1Z6PH74DAP0QN7,"Corona, CA",728.3,5.7,137.7,8.547347,2.013246,0,0,DJI Matrice 300 RTK,M300 RTK,1ZN7L4R0H1D00F,1W9DL31001461C,1ZMLH8300204F0,1Z6PH74DAP0QN7,DJI Pilot,Android,7.0.2,1EF72A62-B7C3-C88D-164E-CE6F8C8424AE,1ZN7L4R0H1D00F,1W9DL31001461C,,1ZMLH8300204F0,1W9DL31001461C,,,,,
2023-11-01,11:36:17.86 AM,11m 55.5s,715.5,33.7938405253805,-117.4736646178744,-31.4,137.7,20.0,1232,5787.4,0,8.547335,0,2.23694,0,5.816044,1.342164,1.342164,1.6,0,1.6,91.2,91.2,,Tripod,Other,,21,5,True,,True,False,,Smart,RC,False,True,False,,,True,,False,False,False,False,False,False,False,False,False,False,0,Follow Yaw,-71.9,0,83.1,83.1,False,False,False,False,False,,0,0,False,False,No Card,100,100,1024,1024,480,1024,2,False,False,False,False,False,0,False,False,False,False,62,,45.804,,6226,,10044,,45.804,,True,3.817,3.817,3.817,3.817,3.817,3.817,3.817,3.817,3.817,3.817,3.817,3.817,0,,False,False,True,,,,,,,,,,,,,,,False,False,19.976,,107.2,,75.7,,107.2,,1129,124,,21,7,148893.4,19852.46,,Idle,,20,,10,,,20,Go Home,False,False,False,False,False,False,False,False,False,False,False,False,33.8027920380556,-117.4659261431046,4020.9,4043.5,1049.4,396.9,True,1,1,False,False,False,False,,True,False,False,Course Lock,196.8,67,16.4,93,W,S,3.35,11.4,Calm,False,False,Android,7.0.2,M300 RTK,1ZN7L4R0H1D00F,1W9DL31001461C,1ZMLH8300204F0,1Z6PH74DAP0QN7,"Corona, CA",728.3,5.7,137.7,8.547347,2.013246,0,0,DJI Matrice 300 RTK,M300 RTK,1ZN7L4R0H1D00F,1W9DL31001461C,1ZMLH8300204F0,1Z6PH74DAP0QN7,DJI Pilot,Android,7.0.2,1EF72A62-B7C3-C88D-164E-CE6F8C8424AE,1ZN7L4R0H1D00F,1W9DL31001461C,,1ZMLH8300204F0,1W9DL31001461C,,,,,
2023-11-01,11:36:17.96 AM,11m 55.6s,715.6,33.793840545529,-117.473664630904,-31.8,137.7,20.0,1232,5787.4,0,8.547335,0,2.23694,0,5.816044,1.565858,1.565858,1.8,0.2,1.8,91.1,91.1,,Tripod,Other,,21,5,True,,True,False,,Smart,RC,False,True,False,,,True,,False,False,False,False,False,False,False,False,False,False,0,Follow Yaw,-71.9,0,83.1,83.1,False,False,False,False,False,,0,0,False,False,No Card,100,100,1024,1024,507,1024,2,False,False,False,False,False,0,False,False,False,False,62,,45.804,,6226,,10044,,45.804,,True,3.817,3.817,3.817,3.817,3.817,3.817,3.817,3.817,3.817,3.817,3.817,3.817,0,,False,False,True,,,,,,,,,,,,,,,False,False,19.976,,107.2,,75.7,,107.2,,1129,124,,21,7,148893.4,19852.46,,Idle,,20,,10,,,20,Go Home,False,False,False,False,False,False,False,False,False,False,False,False,33.8027920380556,-117.4659261431046,4020.9,4043.5,1049.4,396.9,True,1,1,False,False,False,False,,True,False,False,Course Lock,196.8,67,16.4,93,W,S,3.35,11.4,Calm,False,True,Android,7.0.2,M300 RTK,1ZN7L4R0H1D00F,1W9DL31001461C,1ZMLH8300204F0,1Z6PH74DAP0QN7,"Corona, CA",728.3,5.7,137.7,8.547347,2.013246,0,0,DJI Matrice 300 RTK,M300 RTK,1ZN7L4R0H1D00F,1W9DL31001461C,1ZMLH8300204F0,1Z6PH74DAP0QN7,DJI Pilot,Android,7.0.2,1EF72A62-B7C3-C88D-164E-CE6F8C8424AE,1ZN7L4R0H1D00F,1W9DL31001461C,,1ZMLH8300204F0,1W9DL31001461C,,,,,
2023-11-01,11:36:18.07 AM,11m 55.7s,715.7,33.793840526477,-117.4736645489326,-32.1,137.7,19.6,1232,5787.4,0,8.547335,0,2.23694,0,5.816044,1.565858,1.565858,1.9,0.2,1.9,91.1,91.1,,Tripod,Other,,21,5,True,,True,False,,Smart,RC,False,True,False,,,True,,False,False,False,False,False,False,False,False,False,False,0,Follow Yaw,-71.9,0,83.1,83.1,False,False,False,False,False,,0,0,False,False,No Card,100,100,1024,1024,472,1024,2,False,False,False,False,False,0,False,False,False,False,62,,45.804,,6226,,10044,,45.804,,True,3.817,3.817,3.817,3.817,3.817,3.817,3.817,3.817,3.817,3.817,3.817,3.817,0,,False,False,True,,,,,,,,,,,,,,,False,False,19.976,,107.2,,75.7,,107.2,,1129,124,,21,7,148893.4,19852.46,,Idle,,20,,10,,,20,Go Home,False,False,False,False,False,False,False,False,False,False,False,False,33.8027920380556,-117.4659261431046,4020.9,4043.5,1049.4,396.9,True,1,1,False,False,False,False,,True,False,False,Course Lock,196.8,67,16.4,93,W,S,3.35,11.4,Calm,False,False,Android,7.0.2,M300 RTK,1ZN7L4R0H1D00F,1W9DL31001461C,1ZMLH8300204F0,1Z6PH74DAP0QN7,"Corona, CA",728.3,5.7,137.7,8.547347,2.013246,0,0,DJI Matrice 300 RTK,M300 RTK,1ZN7L4R0H1D00F,1W9DL31001461C,1ZMLH8300204F0,1Z6PH74DAP0QN7,DJI Pilot,Android,7.0.2,1EF72A62-B7C3-C88D-164E-CE6F8C8424AE,1ZN7L4R0H1D00F,1W9DL31001461C,,1ZMLH8300204F0,1W9DL31001461C,,,,,
2023-11-01,11:36:18.17 AM,11m 55.8s,715.8,33.7938405410059,-117.4736645547877,-32.4,137.7,19.3,1231,5787.4,0,8.547335,0,2.23694,0,5.816044,1.565858,1.565858,1.9,0.1,1.9,91.1,91.1,,Tripod,Other,,20,5,True,,True,False,,Smart,RC,False,True,False,,,True,,False,False,False,False,False,False,False,False,False,False,0,Follow Yaw,-71.9,0,83.1,83.1,False,False,False,False,False,,0,0,False,False,No Card,100,100,1024,1024,389,1024,2,False,False,False,False,False,0,False,False,False,False,62,,45.804,,6226,,10044,,45.804,,True,3.817,3.817,3.817,3.817,3.817,3.817,3.817,3.817,3.817,3.817,3.817,3.817,0,,False,False,True,,,,,,,,,,,,,,,False,False,19.976,,107.2,,75.7,,107.2,,1129,124,,21,7,148893.4,19852.46,,Idle,,20,,10,,,20,Go Home,False,False,False,False,False,False,False,False,False,False,False,False,33.8027920380556,-117.4659261431046,4020.9,4043.5,1049.4,396.9,True,1,1,False,False,False,False,,True,False,False,Course Lock,196.8,67,16.4,93,W,S,3.57,11.4,Calm,False,False,Android,7.0.2,M300 RTK,1ZN7L4R0H1D00F,1W9DL31001461C,1ZMLH8300204F0,1Z6PH74DAP0QN7,"Corona, CA",728.3,5.7,137.7,8.547347,2.013246,0,0,DJI Matrice 300 RTK,M300 RTK,1ZN7L4R0H1D00F,1W9DL31001461C,1ZMLH8300204F0,1Z6PH74DAP0QN7,DJI Pilot,Android,7.0.2,1EF72A62-B7C3-C88D-164E-CE6F8C8424AE,1ZN7L4R0H1D00F,1W9DL31001461C,,1ZMLH8300204F0,1W9DL31001461C,,,,,
2023-11-01,11:36:18.27 AM,11m 55.9s,715.9,33.793840672725,-117.4736646837648,-32.4,137.7,19.0,1231,5787.5,0,8.547335,0,2.23694,0,5.816044,1.565858,1.565858,1.9,0.2,1.9,91,91,,Tripod,Other,,20,5,True,,True,False,,Smart,RC,False,True,False,,,True,,False,False,False,False,False,False,False,False,False,False,0,Follow Yaw,-71.9,0,83.1,83.1,False,False,False,False,False,,0,0,False,False,No Card,100,100,1024,1024,364,1024,2,False,False,False,False,False,0,False,False,False,False,62,,45.804,,6226,,10044,,45.804,,True,3.817,3.817,3.817,3.817,3.817,3.817,3.817,3.817,3.817,3.817,3.817,3.817,0,,False,False,True,,,,,,,,,,,,,,,False,False,19.976,,107.2,,75.7,,107.2,,1129,124,,21,7,148893.4,19852.46,,Idle,,20,,10,,,20,Go Home,False,False,False,False,False,False,False,False,False,False,False,False,33.8027920380556,-117.4659261431046,4020.9,4043.5,1049.4,396.9,True,1,1,False,False,False,False,,True,False,False,Course Lock,196.8,67,16.4,93,W,S,3.57,11.4,Calm,False,True,Android,7.0.2,M300 RTK,1ZN7L4R0H1D00F,1W9DL31001461C,1ZMLH8300204F0,1Z6PH74DAP0QN7,"Corona, CA",728.3,5.7,137.7,8.547347,2.013246,0,0,DJI Matrice 300 RTK,M300 RTK,1ZN7L4R0H1D00F,1W9DL31001461C,1ZMLH8300204F0,1Z6PH74DAP0QN7,DJI Pilot,Android,7.0.2,1EF72A62-B7C3-C88D-164E-CE6F8C8424AE,1ZN7L4R0H1D00F,1W9DL31001461C,,1ZMLH8300204F0,1W9DL31001461C,,,,,
2023-11-01,11:36:18.37 AM,11m 56.0s,716.0,33.7938406954777,-117.4736647005055,-32.8,137.7,18.7,1231,5787.5,0,8.547335,0,2.23694,0,5.816044,1.565858,1.565858,1.7,0.1,1.7,91,91,,Tripod,Other,,21,5,True,,True,False,,Smart,RC,False,True,False,,,True,,False,False,False,False,False,False,False,False,False,False,0,Follow Yaw,-71.9,0,83.1,83.1,False,False,False,False,False,,0,0,False,False,No Card,100,100,1024,1024,364,1024,2,False,False,False,False,False,0,False,False,False,False,62,,45.804,,6226,,10044,,45.804,,True,3.817,3.817,3.817,3.817,3.817,3.817,3.817,3.817,3.817,3.817,3.817,3.817,0,,False,False,True,,,,,,,,,,,,,,,False,False,18.124,,107.2,,75.7,,107.2,,1129,124,,21,7,148893.4,19852.46,,Idle,,20,,10,,,20,Go Home,False,False,False,False,False,False,False,False,False,False,False,False,33.8027920380556,-117.4659261431046,4020.9,4043.5,1049.4,396.9,True,1,1,False,False,False,False,,True,False,False,Course Lock,196.8,67,16.4,93,W,S,3.57,11.4,Calm,False,True,Android,7.0.2,M300 RTK,1ZN7L4R0H1D00F,1W9DL31001461C,1ZMLH8300204F0,1Z6PH74DAP0QN7,"Corona, CA",728.3,5.7,137.7,8.547347,2.013246,0,0,DJI Matrice 300 RTK,M300 RTK,1ZN7L4R0H1D00F,1W9DL31001461C,1ZMLH8300204F0,1Z6PH74DAP0QN7,DJI Pilot,Android,7.0.2,1EF72A62-B7C3-C88D-164E-CE6F8C8424AE,1ZN7L4R0H1D00F,1W9DL31001461C,,1ZMLH8300204F0,1W9DL31001461C,,,,,
2023-11-01,11:36:18.48 AM,11m 56.1s,716.1,33.7938404824108,-117.4736646776624,-33.1,137.7,18.3,1231,5787.5,0,8.547335,0,2.23694,0,5.816044,1.789552,1.789552,1.6,0,1.6,91,91,,Tripod,Other,,21,5,True,,True,False,,Smart,RC,False,True,False,,,True,,False,False,False,False,False,False,False,False,False,False,0,Follow Yaw,-71.9,0,83.1,83.1,False,False,False,False,False,,0,0,False,False,No Card,100,100,1024,1024,364,1024,2,False,False,False,False,False,0,False,False,False,False,62,,45.804,,6226,,10044,,45.804,,True,3.817,3.817,3.817,3.817,3.817,3.817,3.817,3.817,3.817,3.817,3.817,3.817,0,,False,False,True,,,,,,,,,,,,,,,False,False,18.124,,107.2,,75.7,,107.2,,1129,124,,21,7,148893.4,19852.46,,Idle,,20,,10,,,20,Go Home,False,False,False,False,False,False,False,False,False,False,False,False,33.8027920380556,-117.4659261431046,4020.9,4043.5,1049.4,396.9,True,1,1,False,False,False,False,,True,False,False,Course Lock,196.8,67,16.4,93,W,S,3.57,11.4,Calm,False,False,Android,7.0.2,M300 RTK,1ZN7L4R0H1D00F,1W9DL31001461C,1ZMLH8300204F0,1Z6PH74DAP0QN7,"Corona, CA",728.3,5.7,137.7,8.547347,2.013246,0,0,DJI Matrice 300 RTK,M300 RTK,1ZN7L4R0H1D00F,1W9DL31001461C,1ZMLH8300204F0,1Z6PH74DAP0QN7,DJI Pilot,Android,7.0.2,1EF72A62-B7C3-C88D-164E-CE6F8C8424AE,1ZN7L4R0H1D00F,1W9DL31001461C,,1ZMLH8300204F0,1W9DL31001461C,,,,,
2023-11-01,11:36:18.54 AM,11m 56.2s,716.2,33.7938404862486,-117.4736646854142,-33.4,137.7,18.3,1230,5787.6,0,8.547335,0,2.23694,0,5.816044,2.013246,2.013246,1.7,-0.1,1.7,91,91,,Tripod,Other,,21,5,True,,True,False,,Smart,RC,False,True,False,,,True,,False,False,False,False,False,False,False,False,False,False,0,Follow Yaw,-71.9,0,83.1,83.1,False,False,False,False,False,,0,0,False,False,No Card,100,100,1024,1024,364,1024,2,False,False,False,False,False,0,False,False,False,False,62,,45.804,,6226,,10044,,45.804,,True,3.817,3.817,3.817,3.817,3.817,3.817,3.817,3.817,3.817,3.817,3.817,3.817,0,,False,False,True,,,,,,,,,,,,,,,False,False,18.124,,107.2,,75.7,,107.2,,1129,124,,21,7,148893.4,19852.46,,Idle,,20,,10,,,20,Go Home,False,False,False,False,False,False,False,False,False,False,False,False,33.8027920380556,-117.4659261431046,4020.9,4043.5,1049.4,396.9,True,1,1,False,False,False,False,,True,False,False,Course Lock,196.8,67,16.4,93,W,S,3.57,11.4,Calm,False,True,Android,7.0.2,M300 RTK,1ZN7L4R0H1D00F,1W9DL31001461C,1ZMLH8300204F0,1Z6PH74DAP0QN7,"Corona, CA",728.3,5.7,137.7,8.547347,2.013246,0,0,DJI Matrice 300 RTK,M300 RTK,1ZN7L4R0H1D00F,1W9DL31001461C,1ZMLH8300204F0,1Z6PH74DAP0QN7,DJI Pilot,Android,7.0.2,1EF72A62-B7C3-C88D-164E-CE6F8C8424AE,1ZN7L4R0H1D00F,1W9DL31001461C,,1ZMLH8300204F0,1W9DL31001461C,,,,,
2023-11-01,11:36:18.64 AM,11m 56.3s,716.3,33.7938406383217,-117.4736646532524,-33.7,137.7,17.7,1230,5787.6,0,8.547335,0,2.23694,0,5.816044,2.013246,2.013246,1.7,-0.1,1.7,91.1,91.1,,Tripod,Other,,21,5,True,,True,False,,Smart,RC,False,True,False,,,True,,False,False,False,False,False,False,False,False,False,False,0,Follow Yaw,-71.9,0,83.1,83.1,False,False,False,False,False,,0,0,False,False,No Card,100,100,1024,1024,392,1024,2,False,False,False,False,False,0,False,False,False,False,62,,45.804,,6226,,10044,,45.804,,True,3.818,3.818,3.818,3.818,3.818,3.818,3.818,3.818,3.818,3.818,3.818,3.818,0,,False,False,True,,,,,,,,,,,,,,,False,False,18.124,,107.2,,75.7,,107.2,,1129,125,,21,7,148821.0,19842.80,,Idle,,20,,10,,,20,Go Home,False,False,False,False,False,False,False,False,False,False,False,False,33.8027920380556,-117.4659261431046,4020.9,4043.5,1049.4,396.9,True,1,1,False,False,False,False,,True,False,False,Course Lock,196.8,67,16.4,93,W,S,3.57,11.4,Calm,False,False,Android,7.0.2,M300 RTK,1ZN7L4R0H1D00F,1W9DL31001461C,1ZMLH8300204F0,1Z6PH74DAP0QN7,"Corona, CA",728.3,5.7,137.7,8.547347,2.013246,0,0,DJI Matrice 300 RTK,M300 RTK,1ZN7L4R0H1D00F,1W9DL31001461C,1ZMLH8300204F0,1Z6PH74DAP0QN7,DJI Pilot,Android,7.0.2,1EF72A62-B7C3-C88D-164E-CE6F8C8424AE,1ZN7L4R0H1D00F,1W9DL31001461C,,1ZMLH8300204F0,1W9DL31001461C,,,,,
2023-11-01,11:36:18.74 AM,11m 56.4s,716.4,33.7938406608689,-117.4736646506959,-34.1,137.7,17.3,1230,5787.6,0,8.547335,0,2.23694,0,5.816044,2.013246,2.013246,1.8,0,1.8,91.2,91.2,,Tripod,Other,,21,5,True,,True,False,,Smart,RC,False,True,False,,,True,,False,False,False,False,False,False,False,False,False,False,0,Follow Yaw,-71.9,0,83.1,83.1,False,False,False,False,False,,0,0,False,False,No Card,100,100,1024,1024,404,1024,2,False,False,False,False,False,0,False,False,False,False,62,,45.804,,6226,,10044,,45.804,,True,3.818,3.818,3.818,3.818,3.818,3.818,3.818,3.818,3.818,3.818,3.818,3.818,0,,False,False,True,,,,,,,,,,,,,,,False,False,18.124,,107.2,,75.7,,107.2,,1129,125,,21,7,148821.0,19842.80,,Idle,,20,,10,,,20,Go Home,False,False,False,False,False,False,False,False,False,False,False,False,33.8027920380556,-117.4659261431046,4020.9,4043.5,1049.4,396.9,True,1,1,False,False,False,False,,True,False,False,Course Lock,196.8,67,16.4,93,W,S,3.35,11.4,Calm,False,False,Android,7.0.2,M300 RTK,1ZN7L4R0H1D00F,1W9DL31001461C,1ZMLH8300204F0,1Z6PH74DAP0QN7,"Corona, CA",728.3,5.7,137.7,8.547347,2.013246,0,0,DJI Matrice 300 RTK,M300 RTK,1ZN7L4R0H1D00F,1W9DL31001461C,1ZMLH8300204F0,1Z6PH74DAP0QN7,DJI Pilot,Android,7.0.2,1EF72A62-B7C3-C88D-164E-CE6F8C8424AE,1ZN7L4R0H1D00F,1W9DL31001461C,,1ZMLH8300204F0,1W9DL31001461C,,,,,
2023-11-01,11:36:18.84 AM,11m 56.5s,716.5,33.7938403278704,-117.4736646177919,-34.4,137.7,17.3,1229,5787.7,0,8.547335,0,2.23694,0,5.816044,2.013246,2.013246,2,0,2,91.2,91.2,,Tripod,Other,,21,5,True,,True,False,,Smart,RC,False,True,False,,,True,,False,False,False,False,False,False,False,False,False,False,0,Follow Yaw,-71.9,0,83.1,83.1,False,False,False,False,False,,0,0,False,False,No Card,100,100,1024,1024,389,1024,2,False,False,False,False,False,0,False,False,False,False,62,,45.804,,6226,,10044,,45.804,,True,3.818,3.818,3.818,3.818,3.818,3.818,3.818,3.818,3.818,3.818,3.818,3.818,0,,False,False,True,,,,,,,,,,,,,,,False,False,18.124,,107.2,,75.7,,107.2,,1129,125,,21,7,148821.0,19842.80,,Idle,,20,,10,,,20,Go Home,False,False,False,False,False,False,False,False,False,False,False,False,33.8027920380556,-117.4659261431046,4021.0,4043.5,1049.4,396.9,True,1,1,False,False,False,False,,True,False,False,Course Lock,196.8,67,16.4,93,W,S,3.35,11.4,Calm,False,False,Android,7.0.2,M300 RTK,1ZN7L4R0H1D00F,1W9DL31001461C,1ZMLH8300204F0,1Z6PH74DAP0QN7,"Corona, CA",728.3,5.7,137.7,8.547347,2.013246,0,0,DJI Matrice 300 RTK,M300 RTK,1ZN7L4R0H1D00F,1W9DL31001461C,1ZMLH8300204F0,1Z6PH74DAP0QN7,DJI Pilot,Android,7.0.2,1EF72A62-B7C3-C88D-164E-CE6F8C8424AE,1ZN7L4R0H1D00F,1W9DL31001461C,,1ZMLH8300204F0,1W9DL31001461C,,,,,
2023-11-01,11:36:18.94 AM,11m 56.6s,716.6,33.7938403271851,-117.4736646109472,-34.7,137.7,17.0,1229,5787.7,0,8.547335,0,2.23694,0,5.816044,2.013246,2.013246,2.1,0,2.1,91.2,91.2,,Tripod,Other,,21,5,True,,True,False,,Smart,RC,False,True,False,,,True,,False,False,False,False,False,False,False,False,False,False,0,Follow Yaw,-71.9,0,83.1,83.1,False,False,False,False,False,,0,0,False,False,No Card,100,100,1024,1024,395,1024,2,False,False,False,False,False,0,False,False,False,False,62,,45.804,,6226,,10044,,45.804,,True,3.818,3.818,3.818,3.818,3.818,3.818,3.818,3.818,3.818,3.818,3.818,3.818,0,,False,False,True,,,,,,,,,,,,,,,False,False,18.124,,107.2,,75.7,,107.2,,1129,125,,21,7,148821.0,19842.80,,Idle,,20,,10,,,20,Go Home,False,False,False,False,False,False,False,False,False,False,False,False,33.8027920380556,-117.4659261431046,4021.0,4043.5,1049.4,396.9,True,1,1,False,False,False,False,,True,False,False,Course Lock,196.8,67,16.4,93,W,S,3.35,11.4,Calm,False,False,Android,7.0.2,M300 RTK,1ZN7L4R0H1D00F,1W9DL31001461C,1ZMLH8300204F0,1Z6PH74DAP0QN7,"Corona, CA",728.3,5.7,137.7,8.547347,2.013246,0,0,DJI Matrice 300 RTK,M300 RTK,1ZN7L4R0H1D00F,1W9DL31001461C,1ZMLH8300204F0,1Z6PH74DAP0QN7,DJI Pilot,Android,7.0.2,1EF72A62-B7C3-C88D-164E-CE6F8C8424AE,1ZN7L4R0H1D00F,1W9DL31001461C,,1ZMLH8300204F0,1W9DL31001461C,,,,,
2023-11-01,11:36:19.04 AM,11m 56.7s,716.7,33.793840519007,-117.4736647522118,-34.7,137.7,16.7,1229,5787.8,0,8.547335,0,2.23694,0,5.816044,2.013246,2.013246,2.1,0.1,2.1,91.2,91.2,,Tripod,Other,,21,5,True,,True,False,,Smart,RC,False,True,False,,,True,,False,False,False,False,False,False,False,False,False,False,0,Follow Yaw,-71.9,0,83.1,83.1,False,False,False,False,False,,0,0,False,False,No Card,100,100,1024,1024,398,1024,2,False,False,False,False,False,0,False,False,False,False,62,,45.768,,3091,,4986,,45.768,,True,3.818,3.818,3.818,3.818,3.818,3.818,3.818,3.818,3.818,3.818,3.818,3.818,0,,False,False,True,,,,,,,,,,,,,,,False,False,9.112,,107.0,,75.7,,107.2,,1129,125,,21,7,148821.0,19842.80,,Idle,,20,,10,,,20,Go Home,False,False,False,False,False,False,False,False,False,False,False,False,33.8027920380556,-117.4659261431046,4020.9,4043.5,1049.4,396.9,True,1,1,False,False,False,False,,True,False,False,Course Lock,196.8,67,16.4,93,W,S,3.35,11.4,Calm,False,True,Android,7.0.2,M300 RTK,1ZN7L4R0H1D00F,1W9DL31001461C,1ZMLH8300204F0,1Z6PH74DAP0QN7,"Corona, CA",728.3,5.7,137.7,8.547347,2.013246,0,0,DJI Matrice 300 RTK,M300 RTK,1ZN7L4R0H1D00F,1W9DL31001461C,1ZMLH8300204F0,1Z6PH74DAP0QN7,DJI Pilot,Android,7.0.2,1EF72A62-B7C3-C88D-164E-CE6F8C8424AE,1ZN7L4R0H1D00F,1W9DL31001461C,,1ZMLH8300204F0,1W9DL31001461C,,,,,
2023-11-01,11:36:19.14 AM,11m 56.8s,716.8,33.7938405410744,-117.4736647617778,-35.1,137.7,16.4,1229,5787.8,0,8.547335,0,2.23694,0,5.816044,2.013246,2.013246,2,0.1,2,91.2,91.2,,Tripod,Other,,21,5,True,,True,False,,Smart,RC,False,True,False,,,True,,False,False,False,False,False,False,False,False,False,False,0,Follow Yaw,-71.9,0,83.1,83.1,False,False,False,False,False,,0,0,False,False,No Card,100,100,1024,1024,398,1024,2,False,False,False,False,False,0,False,False,False,False,62,,45.768,,3091,,4986,,45.768,,True,3.818,3.818,3.818,3.818,3.818,3.818,3.818,3.818,3.818,3.818,3.818,3.818,0,,False,False,True,,,,,,,,,,,,,,,False,False,9.112,,107.0,,75.7,,107.2,,1129,125,,21,7,148821.0,19842.80,,Idle,,20,,10,,,20,Go Home,False,False,False,False,False,False,False,False,False,False,False,False,33.8027920380556,-117.4659261431046,4020.9,4043.5,1049.4,396.9,True,1,1,False,False,False,False,,True,False,False,Course Lock,196.8,67,16.4,93,W,S,3.35,11.4,Calm,False,False,Android,7.0.2,M300 RTK,1ZN7L4R0H1D00F,1W9DL31001461C,1ZMLH8300204F0,1Z6PH74DAP0QN7,"Corona, CA",728.3,5.7,137.7,8.547347,2.013246,0,0,DJI Matrice 300 RTK,M300 RTK,1ZN7L4R0H1D00F,1W9DL31001461C,1ZMLH8300204F0,1Z6PH74DAP0QN7,DJI Pilot,Android,7.0.2,1EF72A62-B7C3-C88D-164E-CE6F8C8424AE,1ZN7L4R0H1D00F,1W9DL31001461C,,1ZMLH8300204F0,1W9DL31001461C,,,,,
2023-11-01,11:36:19.24 AM,11m 56.9s,716.9,33.7938403712514,-117.4736645842282,-35.4,137.7,16.0,1228,5787.9,0,8.547335,0,2.23694,0,5.816044,2.013246,2.013246,2,0.1,2,91.2,91.2,,Tripod,Other,,21,5,True,,True,False,,Smart,RC,False,True,False,,,True,,False,False,False,False,False,False,False,False,False,False,0,Follow Yaw,-71.9,0,83.1,83.1,False,False,False,False,False,,0,0,False,False,No Card,100,100,1024,1024,406,1024,2,False,False,False,False,False,0,False,False,False,False,62,,45.768,,3091,,4986,,45.768,,True,3.818,3.818,3.818,3.818,3.818,3.818,3.818,3.818,3.818,3.818,3.818,3.818,0,,False,False,True,,,,,,,,,,,,,,,False,False,9.112,,107.0,,75.7,,107.2,,1129,125,,21,7,148821.0,19842.80,,Idle,,20,,10,,,20,Go Home,False,False,False,False,False,False,False,False,False,False,False,False,33.8027920380556,-117.4659261431046,4020.9,4043.5,1049.4,396.9,True,1,1,False,False,False,False,,True,False,False,Course Lock,196.8,67,16.4,93,W,S,3.35,11.4,Calm,False,False,Android,7.0.2,M300 RTK,1ZN7L4R0H1D00F,1W9DL31001461C,1ZMLH8300204F0,1Z6PH74DAP0QN7,"Corona, CA",728.3,5.7,137.7,8.547347,2.013246,0,0,DJI Matrice 300 RTK,M300 RTK,1ZN7L4R0H1D00F,1W9DL31001461C,1ZMLH8300204F0,1Z6PH74DAP0QN7,DJI Pilot,Android,7.0.2,1EF72A62-B7C3-C88D-164E-CE6F8C8424AE,1ZN7L4R0H1D00F,1W9DL31001461C,,1ZMLH8300204F0,1W9DL31001461C,,,,,
2023-11-01,11:36:19.34 AM,11m 57.0s,717.0,33.7938403844781,-117.4736645802698,-35.7,137.7,15.7,1228,5787.9,0,8.547335,0,2.23694,0,5.816044,2.013246,2.013246,1.9,0.1,1.9,91.2,91.2,,Tripod,Other,,21,5,True,,True,False,,Smart,RC,False,True,False,,,True,,False,False,False,False,False,False,False,False,False,False,0,Follow Yaw,-71.9,0,83.1,83.1,False,False,False,False,False,,0,0,False,False,No Card,100,100,1024,1024,409,1024,2,False,False,False,False,False,0,False,False,False,False,62,,45.912,,6226,,10044,,45.912,,True,3.818,3.818,3.818,3.818,3.818,3.818,3.818,3.818,3.818,3.818,3.818,3.818,0,,False,False,True,,,,,,,,,,,,,,,False,False,18.314,,107.2,,75.7,,107.2,,1129,125,,21,7,148821.0,19842.80,,Idle,,20,,10,,,20,Go Home,False,False,False,False,False,False,False,False,False,False,False,False,33.8027920380556,-117.4659261431046,4020.9,4043.5,1049.4,396.9,True,1,1,False,False,False,False,,True,False,False,Course Lock,196.8,67,16.4,93,W,S,3.35,11.4,Calm,False,False,Android,7.0.2,M300 RTK,1ZN7L4R0H1D00F,1W9DL31001461C,1ZMLH8300204F0,1Z6PH74DAP0QN7,"Corona, CA",728.3,5.7,137.7,8.547347,2.013246,0,0,DJI Matrice 300 RTK,M300 RTK,1ZN7L4R0H1D00F,1W9DL31001461C,1ZMLH8300204F0,1Z6PH74DAP0QN7,DJI Pilot,Android,7.0.2,1EF72A62-B7C3-C88D-164E-CE6F8C8424AE,1ZN7L4R0H1D00F,1W9DL31001461C,,1ZMLH8300204F0,1W9DL31001461C,,,,,
2023-11-01,11:36:19.40 AM,11m 57.1s,717.1,33.7938405558774,-117.4736647630973,-36.0,137.7,15.0,1228,5788.0,0,8.547335,0,2.23694,0,5.816044,2.013246,2.013246,1.8,0.3,1.8,91.3,91.3,,Tripod,Other,,21,5,True,,True,False,,Smart,RC,False,True,False,,,True,,False,False,False,False,False,False,False,False,False,False,0,Follow Yaw,-71.9,0,83.1,83.1,False,False,False,False,False,,0,0,False,False,No Card,100,100,1024,1024,409,1024,2,False,False,False,False,False,0,False,False,False,False,62,,45.912,,6226,,10044,,45.912,,True,3.818,3.818,3.818,3.818,3.818,3.818,3.818,3.818,3.818,3.818,3.818,3.818,0,,False,False,True,,,,,,,,,,,,,,,False,False,18.314,,107.2,,75.7,,107.2,,1129,125,,21,7,148821.0,19842.80,,Idle,,20,,10,,,20,Go Home,False,False,False,False,False,False,False,False,False,False,False,False,33.8027920380556,-117.4659261431046,4020.9,4043.5,1049.4,396.9,True,1,1,False,False,False,False,,True,False,False,Course Lock,196.8,67,16.4,93,W,S,3.35,11.4,Calm,False,True,Android,7.0.2,M300 RTK,1ZN7L4R0H1D00F,1W9DL31001461C,1ZMLH8300204F0,1Z6PH74DAP0QN7,"Corona, CA",728.3,5.7,137.7,8.547347,2.013246,0,0,DJI Matrice 300 RTK,M300 RTK,1ZN7L4R0H1D00F,1W9DL31001461C,1ZMLH8300204F0,1Z6PH74DAP0QN7,DJI Pilot,Android,7.0.2,1EF72A62-B7C3-C88D-164E-CE6F8C8424AE,1ZN7L4R0H1D00F,1W9DL31001461C,,1ZMLH8300204F0,1W9DL31001461C,,,,,
2023-11-01,11:36:19.54 AM,11m 57.2s,717.2,33.7938405885673,-117.473664776127,-36.4,137.7,14.7,1227,5788.0,0,8.547335,0,2.23694,0,5.816044,2.013246,2.013246,1.8,0.7,1.9,91.3,91.3,,Tripod,Other,,21,5,True,,True,False,,Smart,RC,False,True,False,,,True,,False,False,False,False,False,False,False,False,False,False,0,Follow Yaw,-71.9,0,83.1,83.1,False,False,False,False,False,,0,0,False,False,No Card,100,100,1024,988,407,1024,2,False,False,False,False,False,0,False,False,False,False,62,,45.912,,6226,,10044,,45.912,,True,3.818,3.818,3.818,3.818,3.818,3.818,3.818,3.818,3.818,3.818,3.818,3.818,0,,False,False,True,,,,,,,,,,,,,,,False,False,18.314,,107.2,,75.7,,107.2,,1129,125,,21,7,148821.0,19842.80,,Idle,,20,,10,,,20,Go Home,False,False,False,False,False,False,False,False,False,False,False,False,33.8027920380556,-117.4659261431046,4020.9,4043.5,1049.4,396.9,True,1,1,False,False,False,False,,True,False,False,Course Lock,196.8,67,16.4,93,W,S,3.35,11.4,Calm,False,False,Android,7.0.2,M300 RTK,1ZN7L4R0H1D00F,1W9DL31001461C,1ZMLH8300204F0,1Z6PH74DAP0QN7,"Corona, CA",728.3,5.7,137.7,8.547347,2.013246,0,0,DJI Matrice 300 RTK,M300 RTK,1ZN7L4R0H1D00F,1W9DL31001461C,1ZMLH8300204F0,1Z6PH74DAP0QN7,DJI Pilot,Android,7.0.2,1EF72A62-B7C3-C88D-164E-CE6F8C8424AE,1ZN7L4R0H1D00F,1W9DL31001461C,,1ZMLH8300204F0,1W9DL31001461C,,,,,
2023-11-01,11:36:19.61 AM,11m 57.3s,717.3,33.7938407191899,-117.4736646030304,-36.7,137.7,14.4,1227,5788.1,0,8.547335,0,2.23694,0,5.816044,2.013246,2.013246,1.7,1,1.9,91.4,91.4,,Tripod,Other,,21,5,True,,True,False,,Smart,RC,False,True,False,,,True,,False,False,False,False,False,False,False,False,False,False,0,Follow Yaw,-71.9,0,83.1,83.1,False,False,False,False,False,,0,0,False,False,No Card,100,100,1090,978,410,1024,2,False,False,False,False,False,0,False,False,False,False,62,,45.912,,6226,,10044,,45.912,,True,3.822,3.822,3.822,3.822,3.822,3.822,3.822,3.822,3.822,3.822,3.822,3.822,0,,False,False,True,,,,,,,,,,,,,,,False,False,18.314,,107.2,,75.7,,107.2,,1129,125,,21,7,148046.5,19739.54,,Idle,,20,,10,,,20,Go Home,False,False,False,False,False,False,False,False,False,False,False,False,33.8027920380556,-117.4659261431046,4020.8,4043.5,1049.4,396.9,True,1,1,False,False,False,False,,True,False,False,Course Lock,196.8,67,16.4,93,W,S,3.35,11.4,Calm,False,False,Android,7.0.2,M300 RTK,1ZN7L4R0H1D00F,1W9DL31001461C,1ZMLH8300204F0,1Z6PH74DAP0QN7,"Corona, CA",728.3,5.7,137.7,8.547347,2.013246,0,0,DJI Matrice 300 RTK,M300 RTK,1ZN7L4R0H1D00F,1W9DL31001461C,1ZMLH8300204F0,1Z6PH74DAP0QN7,DJI Pilot,Android,7.0.2,1EF72A62-B7C3-C88D-164E-CE6F8C8424AE,1ZN7L4R0H1D00F,1W9DL31001461C,,1ZMLH8300204F0,1W9DL31001461C,,,,,
2023-11-01,11:36:19.71 AM,11m 57.4s,717.4,33.7938407490699,-117.4736645986597,-37.0,137.7,14.1,1227,5788.1,0,8.547335,0,2.23694,0,5.816044,2.013246,2.013246,1.7,1,1.9,91.5,91.5,,Tripod,Other,,21,5,True,,True,False,,Smart,RC,False,True,False,,,True,,False,False,False,False,False,False,False,False,False,False,0,Follow Yaw,-71.9,0,83.1,83.1,False,False,False,False,False,,0,0,False,False,No Card,100,100,1154,984,413,1024,2,False,False,False,False,False,0,False,False,False,False,62,,45.912,,6226,,10044,,45.912,,True,3.822,3.822,3.822,3.822,3.822,3.822,3.822,3.822,3.822,3.822,3.822,3.822,0,,False,False,True,,,,,,,,,,,,,,,False,False,18.314,,107.2,,75.7,,107.2,,1129,125,,21,7,148046.5,19739.54,,Idle,,20,,10,,,20,Go Home,False,False,False,False,False,False,False,False,False,False,False,False,33.8027920380556,-117.4659261431046,4020.8,4043.5,1049.4,396.9,True,1,1,False,False,False,False,,True,False,False,Course Lock,196.8,67,16.4,93,W,S,3.35,11.4,Calm,False,False,Android,7.0.2,M300 RTK,1ZN7L4R0H1D00F,1W9DL31001461C,1ZMLH8300204F0,1Z6PH74DAP0QN7,"Corona, CA",728.3,5.7,137.7,8.547347,2.013246,0,0,DJI Matrice 300 RTK,M300 RTK,1ZN7L4R0H1D00F,1W9DL31001461C,1ZMLH8300204F0,1Z6PH74DAP0QN7,DJI Pilot,Android,7.0.2,1EF72A62-B7C3-C88D-164E-CE6F8C8424AE,1ZN7L4R0H1D00F,1W9DL31001461C,,1ZMLH8300204F0,1W9DL31001461C,,,,,
2023-11-01,11:36:19.81 AM,11m 57.5s,717.5,33.7938404991327,-117.4736647579019,-37.4,137.7,13.7,1226,5788.2,0,8.547335,0,2.23694,0,5.816044,2.013246,2.013246,1.8,0.9,2,91.5,91.5,,Tripod,Other,,21,5,True,,True,False,,Smart,RC,False,True,False,,,True,,False,False,False,False,False,False,False,False,False,False,0,Follow Yaw,-71.9,0,83.1,83.1,False,False,False,False,False,,0,0,False,False,No Card,100,100,1156,1024,413,1024,2,False,False,False,False,False,0,False,False,False,False,62,,45.912,,6226,,10044,,45.912,,True,3.822,3.822,3.822,3.822,3.822,3.822,3.822,3.822,3.822,3.822,3.822,3.822,0,,False,False,True,,,,,,,,,,,,,,,False,False,18.314,,107.2,,75.7,,107.2,,1129,125,,21,7,148046.5,19739.54,,Idle,,20,,10,,,20,Go Home,False,False,False,False,False,False,False,False,False,False,False,False,33.8027920380556,-117.4659261431046,4020.9,4043.5,1049.4,396.9,True,1,1,False,False,False,False,,True,False,False,Course Lock,196.8,67,16.4,93,W,S,3.35,11.4,Calm,False,True,Android,7.0.2,M300 RTK,1ZN7L4R0H1D00F,1W9DL31001461C,1ZMLH8300204F0,1Z6PH74DAP0QN7,"Corona, CA",728.3,5.7,137.7,8.547347,2.013246,0,0,DJI Matrice 300 RTK,M300 RTK,1ZN7L4R0H1D00F,1W9DL31001461C,1ZMLH8300204F0,1Z6PH74DAP0QN7,DJI Pilot,Android,7.0.2,1EF72A62-B7C3-C88D-164E-CE6F8C8424AE,1ZN7L4R0H1D00F,1W9DL31001461C,,1ZMLH8300204F0,1W9DL31001461C,,,,,
2023-11-01,11:36:19.94 AM,11m 57.6s,717.6,33.7938404932389,-117.4736647700244,-37.7,137.7,13.4,1226,5788.2,0,8.547335,0,2.23694,0,5.816044,2.013246,2.013246,2,0.9,2.1,91.5,91.5,,Tripod,Other,,21,5,True,,True,False,,Smart,RC,False,True,False,,,True,,False,False,False,False,False,False,False,False,False,False,0,Follow Yaw,-71.9,0,83.1,83.1,False,False,False,False,False,,0,0,False,False,No Card,100,100,1159,1024,405,1024,2,False,False,False,False,False,0,False,False,False,False,62,,45.912,,6226,,10044,,45.912,,True,3.822,3.822,3.822,3.822,3.822,3.822,3.822,3.822,3.822,3.822,3.822,3.822,0,,False,False,True,,,,,,,,,,,,,,,False,False,18.314,,107.2,,75.7,,107.2,,1129,125,,21,7,148046.5,19739.54,,Idle,,20,,10,,,20,Go Home,False,False,False,False,False,False,False,False,False,False,False,False,33.8027920380556,-117.4659261431046,4020.9,4043.5,1049.4,396.9,True,1,1,False,False,False,False,,True,False,False,Course Lock,196.8,67,16.4,93,W,S,3.35,11.4,Calm,False,True,Android,7.0.2,M300 RTK,1ZN7L4R0H1D00F,1W9DL31001461C,1ZMLH8300204F0,1Z6PH74DAP0QN7,"Corona, CA",728.3,5.7,137.7,8.547347,2.013246,0,0,DJI Matrice 300 RTK,M300 RTK,1ZN7L4R0H1D00F,1W9DL31001461C,1ZMLH8300204F0,1Z6PH74DAP0QN7,DJI Pilot,Android,7.0.2,1EF72A62-B7C3-C88D-164E-CE6F8C8424AE,1ZN7L4R0H1D00F,1W9DL31001461C,,1ZMLH8300204F0,1W9DL31001461C,,,,,
2023-11-01,11:36:20.02 AM,11m 57.7s,717.7,33.7938405704062,-117.4736649013106,-38.0,137.7,13.1,1226,5788.3,0,8.547335,0,2.23694,0,5.816044,2.013246,2.013246,2,1.1,2.2,91.6,91.6,,Tripod,Other,,21,5,True,,True,False,,Smart,RC,False,True,False,,,True,,False,False,False,False,False,False,False,False,False,False,0,Follow Yaw,-71.9,0,83.1,83.1,False,False,False,False,False,,0,0,False,False,No Card,100,100,1237,1015,406,1024,2,False,False,False,False,False,0,False,False,False,False,62,,45.912,,6226,,10044,,45.912,,True,3.822,3.822,3.822,3.822,3.822,3.822,3.822,3.822,3.822,3.822,3.822,3.822,0,,False,False,True,,,,,,,,,,,,,,,False,False,18.314,,107.2,,75.7,,107.2,,1129,125,,21,7,148046.5,19739.54,,Idle,,20,,10,,,20,Go Home,False,False,False,False,False,False,False,False,False,False,False,False,33.8027920380556,-117.4659261431046,4020.9,4043.5,1049.4,396.9,True,1,1,False,False,False,False,,True,False,False,Course Lock,196.8,67,16.4,93,W,S,3.35,11.4,Calm,False,True,Android,7.0.2,M300 RTK,1ZN7L4R0H1D00F,1W9DL31001461C,1ZMLH8300204F0,1Z6PH74DAP0QN7,"Corona, CA",728.3,5.7,137.7,8.547347,2.013246,0,0,DJI Matrice 300 RTK,M300 RTK,1ZN7L4R0H1D00F,1W9DL31001461C,1ZMLH8300204F0,1Z6PH74DAP0QN7,DJI Pilot,Android,7.0.2,1EF72A62-B7C3-C88D-164E-CE6F8C8424AE,1ZN7L4R0H1D00F,1W9DL31001461C,,1ZMLH8300204F0,1W9DL31001461C,,,,,
2023-11-01,11:36:20.14 AM,11m 57.8s,717.8,33.7938405614285,-117.4736649356166,-38.3,137.7,13.1,1225,5788.3,0,8.547335,0,2.23694,0,5.816044,2.013246,2.013246,1.8,1.4,2.2,91.5,91.5,,Tripod,Other,,21,5,True,,True,False,,Smart,RC,False,True,False,,,True,,False,False,False,False,False,False,False,False,False,False,0,Follow Yaw,-71.9,0,83.1,83.1,False,False,False,False,False,,0,0,False,False,No Card,100,100,1305,1013,411,1024,2,False,False,False,False,False,0,False,False,False,False,62,,45.912,,6226,,10044,,45.912,,True,3.822,3.822,3.822,3.822,3.822,3.822,3.822,3.822,3.822,3.822,3.822,3.822,0,,False,False,True,,,,,,,,,,,,,,,False,False,18.314,,107.2,,75.7,,107.2,,1129,125,,21,7,148046.5,19739.54,,Idle,,20,,10,,,20,Go Home,False,False,False,False,False,False,False,False,False,False,False,False,33.8027920380556,-117.4659261431046,4020.9,4043.5,1049.4,396.9,True,1,1,False,False,False,False,,True,False,False,Course Lock,196.8,67,16.4,93,W,S,3.35,11.4,Calm,False,True,Android,7.0.2,M300 RTK,1ZN7L4R0H1D00F,1W9DL31001461C,1ZMLH8300204F0,1Z6PH74DAP0QN7,"Corona, CA",728.3,5.7,137.7,8.547347,2.013246,0,0,DJI Matrice 300 RTK,M300 RTK,1ZN7L4R0H1D00F,1W9DL31001461C,1ZMLH8300204F0,1Z6PH74DAP0QN7,DJI Pilot,Android,7.0.2,1EF72A62-B7C3-C88D-164E-CE6F8C8424AE,1ZN7L4R0H1D00F,1W9DL31001461C,,1ZMLH8300204F0,1W9DL31001461C,,,,,
2023-11-01,11:36:20.23 AM,11m 57.9s,717.9,33.7938405001606,-117.4736647510572,-38.7,137.7,12.7,1225,5788.3,0,8.547335,0,2.23694,0,5.816044,2.013246,2.013246,1.6,1.7,2.3,91.5,91.5,,Tripod,Other,,21,5,True,,True,False,,Smart,RC,False,True,False,,,True,,False,False,False,False,False,False,False,False,False,False,0,Follow Yaw,-71.9,0,83.1,83.1,False,False,False,False,False,,0,0,False,False,No Card,100,100,1261,1012,411,1024,2,False,False,False,False,False,0,False,False,False,False,62,,45.912,,6226,,10044,,45.912,,True,3.822,3.822,3.822,3.822,3.822,3.822,3.822,3.822,3.822,3.822,3.822,3.822,0,,False,False,True,,,,,,,,,,,,,,,False,False,18.314,,107.2,,75.7,,107.2,,1129,125,,21,7,148046.5,19739.54,,Idle,,20,,10,,,20,Go Home,False,False,False,False,False,False,False,False,False,False,False,False,33.8027920380556,-117.4659261431046,4020.9,4043.5,1049.4,396.9,True,1,1,False,False,False,False,,True,False,False,Course Lock,196.8,67,16.4,93,W,S,3.35,11.4,Calm,False,False,Android,7.0.2,M300 RTK,1ZN7L4R0H1D00F,1W9DL31001461C,1ZMLH8300204F0,1Z6PH74DAP0QN7,"Corona, CA",728.3,5.7,137.7,8.547347,2.013246,0,0,DJI Matrice 300 RTK,M300 RTK,1ZN7L4R0H1D00F,1W9DL31001461C,1ZMLH8300204F0,1Z6PH74DAP0QN7,DJI Pilot,Android,7.0.2,1EF72A62-B7C3-C88D-164E-CE6F8C8424AE,1ZN7L4R0H1D00F,1W9DL31001461C,,1ZMLH8300204F0,1W9DL31001461C,,,,,
2023-11-01,11:36:20.33 AM,11m 58.0s,718.0,33.7938404612343,-117.4736647686226,-39.0,137.7,12.4,1225,5788.3,0,8.547335,0,2.23694,0,5.816044,2.013246,2.013246,1.6,2.2,2.7,91.5,91.5,,Tripod,Other,,21,5,True,,True,False,,Smart,RC,False,True,False,,,True,,False,False,False,False,False,False,False,False,False,False,0,Follow Yaw,-71.9,0,83.1,83.1,False,False,False,False,False,,0,0,False,False,No Card,100,100,1228,1007,412,1024,2,False,False,False,False,False,0,False,False,False,False,62,,45.924,,3091,,4986,,45.924,,True,3.822,3.822,3.822,3.822,3.822,3.822,3.822,3.822,3.822,3.822,3.822,3.822,0,,False,False,True,,,,,,,,,,,,,,,False,False,9.192,,107.0,,75.7,,107.2,,1129,125,,21,7,148046.5,19739.54,,Idle,,20,,10,,,20,Go Home,False,False,False,False,False,False,False,False,False,False,False,False,33.8027920380556,-117.4659261431046,4020.9,4043.5,1049.4,396.9,True,1,1,False,False,False,False,,True,False,False,Course Lock,196.8,67,16.4,93,W,S,3.35,11.4,Calm,False,False,Android,7.0.2,M300 RTK,1ZN7L4R0H1D00F,1W9DL31001461C,1ZMLH8300204F0,1Z6PH74DAP0QN7,"Corona, CA",728.3,5.7,137.7,8.547347,2.013246,0,0,DJI Matrice 300 RTK,M300 RTK,1ZN7L4R0H1D00F,1W9DL31001461C,1ZMLH8300204F0,1Z6PH74DAP0QN7,DJI Pilot,Android,7.0.2,1EF72A62-B7C3-C88D-164E-CE6F8C8424AE,1ZN7L4R0H1D00F,1W9DL31001461C,,1ZMLH8300204F0,1W9DL31001461C,,,,,
2023-11-01,11:36:20.43 AM,11m 58.1s,718.1,33.7938404075735,-117.4736649186285,-39.3,137.7,12.1,1224,5788.4,0,8.547335,0,2.23694,0,5.816044,2.013246,2.013246,1.4,2.8,3.1,91.4,91.4,,Tripod,Other,,21,5,True,,True,False,,Smart,RC,False,True,False,,,True,,False,False,False,False,False,False,False,False,False,False,0,Follow Yaw,-71.9,0,83.1,83.1,False,False,False,False,False,,0,0,False,False,No Card,100,100,1169,986,403,1024,2,False,False,False,False,False,0,False,False,False,False,62,,45.924,,3091,,4986,,45.924,,True,3.822,3.822,3.822,3.822,3.822,3.822,3.822,3.822,3.822,3.822,3.822,3.822,0,,False,False,True,,,,,,,,,,,,,,,False,False,9.192,,107.0,,75.7,,107.2,,1129,125,,21,7,148046.5,19739.54,,Idle,,20,,10,,,20,Go Home,False,False,False,False,False,False,False,False,False,False,False,False,33.8027920380556,-117.4659261431046,4021.0,4043.5,1049.4,396.9,True,1,1,False,False,False,False,,True,False,False,Course Lock,196.8,67,16.4,93,W,S,3.35,11.4,Calm,False,True,Android,7.0.2,M300 RTK,1ZN7L4R0H1D00F,1W9DL31001461C,1ZMLH8300204F0,1Z6PH74DAP0QN7,"Corona, CA",728.3,5.7,137.7,8.547347,2.013246,0,0,DJI Matrice 300 RTK,M300 RTK,1ZN7L4R0H1D00F,1W9DL31001461C,1ZMLH8300204F0,1Z6PH74DAP0QN7,DJI Pilot,Android,7.0.2,1EF72A62-B7C3-C88D-164E-CE6F8C8424AE,1ZN7L4R0H1D00F,1W9DL31001461C,,1ZMLH8300204F0,1W9DL31001461C,,,,,
2023-11-01,11:36:20.54 AM,11m 58.2s,718.2,33.7938403187556,-117.4736649470794,-39.6,137.7,11.8,1224,5788.4,0,8.547335,0,2.23694,0,5.816044,2.013246,2.013246,1.4,3,3.3,91.3,91.3,,Tripod,Other,,21,5,True,,True,False,,Smart,RC,False,True,False,,,True,,False,False,False,False,False,False,False,False,False,False,0,Follow Yaw,-71.9,0,83.1,83.1,False,False,False,False,False,,0,0,False,False,No Card,100,100,1106,948,403,1024,2,False,False,False,False,False,0,False,False,False,False,62,,45.924,,3091,,4986,,45.924,,True,3.822,3.822,3.822,3.822,3.822,3.822,3.822,3.822,3.822,3.822,3.822,3.822,0,,False,False,True,,,,,,,,,,,,,,,False,False,9.192,,107.0,,75.7,,107.2,,1129,125,,21,7,148046.5,19739.54,,Idle,,20,,10,,,20,Go Home,False,False,False,False,False,False,False,False,False,False,False,False,33.8027920380556,-117.4659261431046,4021.0,4043.5,1049.4,396.9,True,1,1,False,False,False,False,,True,False,False,Course Lock,196.8,67,16.4,93,W,S,3.35,11.4,Calm,False,False,Android,7.0.2,M300 RTK,1ZN7L4R0H1D00F,1W9DL31001461C,1ZMLH8300204F0,1Z6PH74DAP0QN7,"Corona, CA",728.3,5.7,137.7,8.547347,2.013246,0,0,DJI Matrice 300 RTK,M300 RTK,1ZN7L4R0H1D00F,1W9DL31001461C,1ZMLH8300204F0,1Z6PH74DAP0QN7,DJI Pilot,Android,7.0.2,1EF72A62-B7C3-C88D-164E-CE6F8C8424AE,1ZN7L4R0H1D00F,1W9DL31001461C,,1ZMLH8300204F0,1W9DL31001461C,,,,,
2023-11-01,11:36:20.64 AM,11m 58.3s,718.3,33.7938404100406,-117.4736647334095,-39.6,137.7,11.4,1224,5788.5,0.223694,8.547335,-0.223694,2.23694,0,5.816044,2.013246,2.013246,1.3,2.8,3,91.3,91.3,62.7,Tripod,Other,,21,5,True,,True,False,,Smart,RC,False,True,False,,,True,,False,False,False,False,False,False,False,False,False,False,0,Follow Yaw,-71.9,0,83.1,83.1,False,False,False,False,False,,0,0,False,False,No Card,100,100,1104,932,411,1024,2,False,False,False,False,False,0,False,False,False,False,62,,45.924,,3091,,4986,,45.924,,True,3.827,3.827,3.827,3.827,3.827,3.827,3.827,3.827,3.827,3.827,3.827,3.827,0,,False,False,True,,,,,,,,,,,,,,,False,False,9.192,,107.0,,75.7,,107.2,,1130,125,,21,7,146755.7,19567.43,,Idle,,20,,10,,,20,Go Home,False,False,False,False,False,False,False,False,False,False,False,False,33.8027920380556,-117.4659261431046,4020.9,4043.5,1049.4,396.9,True,1,1,False,False,False,False,,True,False,False,Course Lock,196.8,67,16.4,93,W,S,3.35,11.4,Calm,False,False,Android,7.0.2,M300 RTK,1ZN7L4R0H1D00F,1W9DL31001461C,1ZMLH8300204F0,1Z6PH74DAP0QN7,"Corona, CA",728.3,5.7,137.7,8.547347,2.013246,0,0,DJI Matrice 300 RTK,M300 RTK,1ZN7L4R0H1D00F,1W9DL31001461C,1ZMLH8300204F0,1Z6PH74DAP0QN7,DJI Pilot,Android,7.0.2,1EF72A62-B7C3-C88D-164E-CE6F8C8424AE,1ZN7L4R0H1D00F,1W9DL31001461C,,1ZMLH8300204F0,1W9DL31001461C,,,,,
2023-11-01,11:36:20.74 AM,11m 58.4s,718.4,33.793840275032,-117.4736647367081,-40.0,137.7,11.1,1224,5788.5,0.223694,8.547335,-0.223694,2.23694,0,5.816044,2.013246,2.013246,1.5,2.5,2.9,91.2,91.2,181.1,Tripod,Other,,21,5,True,,True,False,,Smart,RC,False,True,False,,,True,,False,False,False,False,False,False,False,False,False,False,0,Follow Yaw,-71.9,0,83.1,83.1,False,False,False,False,False,,0,0,False,False,No Card,100,100,1150,882,415,1024,2,False,False,False,False,False,0,False,False,False,False,62,,45.924,,3091,,4986,,45.924,,True,3.827,3.827,3.827,3.827,3.827,3.827,3.827,3.827,3.827,3.827,3.827,3.827,0,,False,False,True,,,,,,,,,,,,,,,False,False,9.192,,107.0,,75.7,,107.2,,1130,125,,21,7,146755.7,19567.43,,Idle,,20,,10,,,20,Go Home,False,False,False,False,False,False,False,False,False,False,False,False,33.8027920380556,-117.4659261431046,4021.0,4043.5,1049.4,396.9,True,1,1,False,False,False,False,,True,False,False,Course Lock,196.8,67,16.4,93,W,S,3.35,11.4,Calm,False,False,Android,7.0.2,M300 RTK,1ZN7L4R0H1D00F,1W9DL31001461C,1ZMLH8300204F0,1Z6PH74DAP0QN7,"Corona, CA",728.3,5.7,137.7,8.547347,2.013246,0,0,DJI Matrice 300 RTK,M300 RTK,1ZN7L4R0H1D00F,1W9DL31001461C,1ZMLH8300204F0,1Z6PH74DAP0QN7,DJI Pilot,Android,7.0.2,1EF72A62-B7C3-C88D-164E-CE6F8C8424AE,1ZN7L4R0H1D00F,1W9DL31001461C,,1ZMLH8300204F0,1W9DL31001461C,,,,,
2023-11-01,11:36:20.85 AM,11m 58.5s,718.5,33.793839894061,-117.4736648716228,-40.3,137.7,10.8,1223,5788.7,0.223694,8.547335,-0.223694,2.23694,0,5.816044,2.013246,2.013246,1.8,1.9,2.6,91.2,91.2,196.3,Tripod,Other,,21,5,True,,True,False,,Smart,RC,False,True,False,,,True,,False,False,False,False,False,False,False,False,False,False,0,Follow Yaw,-71.9,0,83.1,83.1,False,False,False,False,False,,0,0,False,False,No Card,100,100,1151,925,413,1024,2,False,False,False,False,False,0,False,False,False,False,62,,45.924,,3091,,4986,,45.924,,True,3.827,3.827,3.827,3.827,3.827,3.827,3.827,3.827,3.827,3.827,3.827,3.827,0,,False,False,True,,,,,,,,,,,,,,,False,False,9.192,,107.0,,75.7,,107.2,,1130,125,,21,7,146755.7,19567.43,,Idle,,20,,10,,,20,Go Home,False,False,False,False,False,False,False,False,False,False,False,False,33.8027920380556,-117.4659261431046,4021.1,4043.5,1049.4,396.9,True,1,1,False,False,False,False,,True,False,False,Course Lock,196.8,67,16.4,93,W,S,3.35,11.4,Calm,False,False,Android,7.0.2,M300 RTK,1ZN7L4R0H1D00F,1W9DL31001461C,1ZMLH8300204F0,1Z6PH74DAP0QN7,"Corona, CA",728.3,5.7,137.7,8.547347,2.013246,0,0,DJI Matrice 300 RTK,M300 RTK,1ZN7L4R0H1D00F,1W9DL31001461C,1ZMLH8300204F0,1Z6PH74DAP0QN7,DJI Pilot,Android,7.0.2,1EF72A62-B7C3-C88D-164E-CE6F8C8424AE,1ZN7L4R0H1D00F,1W9DL31001461C,,1ZMLH8300204F0,1W9DL31001461C,,,,,
2023-11-01,11:36:20.95 AM,11m 58.6s,718.6,33.7938397034727,-117.4736648879511,-40.6,137.7,10.4,1223,5788.8,0.223694,8.547335,-0.223694,2.23694,0,5.816044,2.013246,2.013246,2.1,1.4,2.5,91.1,91.1,184.0,Tripod,Other,,21,5,True,,True,False,,Smart,RC,False,True,False,,,True,,False,False,False,False,False,False,False,False,False,False,0,Follow Yaw,-71.9,0,83.1,83.1,False,False,False,False,False,,0,0,False,False,No Card,100,100,1151,942,410,1024,2,False,False,False,False,False,0,False,False,False,False,62,,45.924,,3091,,4986,,45.924,,True,3.827,3.827,3.827,3.827,3.827,3.827,3.827,3.827,3.827,3.827,3.827,3.827,0,,False,False,True,,,,,,,,,,,,,,,False,False,9.192,,107.0,,75.7,,107.2,,1130,125,,21,7,146755.7,19567.43,,Idle,,20,,10,,,20,Go Home,False,False,False,False,False,False,False,False,False,False,False,False,33.8027920380556,-117.4659261431046,4021.2,4043.5,1049.4,396.9,True,1,1,False,False,False,False,,True,False,False,Course Lock,196.8,67,16.4,93,W,S,3.35,11.4,Calm,False,False,Android,7.0.2,M300 RTK,1ZN7L4R0H1D00F,1W9DL31001461C,1ZMLH8300204F0,1Z6PH74DAP0QN7,"Corona, CA",728.3,5.7,137.7,8.547347,2.013246,0,0,DJI Matrice 300 RTK,M300 RTK,1ZN7L4R0H1D00F,1W9DL31001461C,1ZMLH8300204F0,1Z6PH74DAP0QN7,DJI Pilot,Android,7.0.2,1EF72A62-B7C3-C88D-164E-CE6F8C8424AE,1ZN7L4R0H1D00F,1W9DL31001461C,,1ZMLH8300204F0,1W9DL31001461C,,,,,
2023-11-01,11:36:21.05 AM,11m 58.7s,718.7,33.793839676608,-117.473664874674,-41.0,137.7,10.1,1223,5788.8,0.223694,8.547335,-0.223694,2.23694,0,5.816044,1.789552,2.013246,2.4,1.4,2.7,91.2,91.2,157.6,Tripod,Other,,21,5,True,,True,False,,Smart,RC,False,True,False,,,True,,False,False,False,False,False,False,False,False,False,False,0,Follow Yaw,-71.9,0,83.1,83.1,False,False,False,False,False,,0,0,False,False,No Card,100,100,1151,942,407,1024,2,False,False,False,False,False,0,False,False,False,False,62,,45.924,,3091,,4986,,45.924,,True,3.827,3.827,3.827,3.827,3.827,3.827,3.827,3.827,3.827,3.827,3.827,3.827,0,,False,False,True,,,,,,,,,,,,,,,False,False,9.192,,107.0,,75.7,,107.2,,1130,125,,21,7,146755.7,19567.43,,Idle,,20,,10,,,20,Go Home,False,False,False,False,False,False,False,False,False,False,False,False,33.8027920380556,-117.4659261431046,4021.2,4043.5,1049.4,396.9,True,1,1,False,False,False,False,,True,False,False,Course Lock,196.8,67,16.4,93,W,S,3.35,11.4,Calm,False,False,Android,7.0.2,M300 RTK,1ZN7L4R0H1D00F,1W9DL31001461C,1ZMLH8300204F0,1Z6PH74DAP0QN7,"Corona, CA",728.3,5.7,137.7,8.547347,2.013246,0,0,DJI Matrice 300 RTK,M300 RTK,1ZN7L4R0H1D00F,1W9DL31001461C,1ZMLH8300204F0,1Z6PH74DAP0QN7,DJI Pilot,Android,7.0.2,1EF72A62-B7C3-C88D-164E-CE6F8C8424AE,1ZN7L4R0H1D00F,1W9DL31001461C,,1ZMLH8300204F0,1W9DL31001461C,,,,,
2023-11-01,11:36:21.15 AM,11m 58.8s,718.8,33.7938394860882,-117.4736649147526,-41.3,137.7,9.8,1222,5788.8,0.223694,8.547335,-0.223694,2.23694,0,5.816044,2.013246,2.013246,2.6,1.7,3.1,91.2,91.2,189.9,Tripod,Other,,21,5,True,,True,False,,Smart,RC,False,True,False,,,True,,False,False,False,False,False,False,False,False,False,False,0,Follow Yaw,-71.9,0,83.1,83.1,False,False,False,False,False,,0,0,False,False,No Card,100,100,1151,931,405,1024,2,False,False,False,False,False,0,False,False,False,False,62,,45.924,,3091,,4986,,45.924,,True,3.827,3.827,3.827,3.827,3.827,3.827,3.827,3.827,3.827,3.827,3.827,3.827,0,,False,False,True,,,,,,,,,,,,,,,False,False,9.192,,107.0,,75.7,,107.2,,1130,125,,21,7,146755.7,19567.43,,Idle,,20,,10,,,20,Go Home,False,False,False,False,False,False,False,False,False,False,False,False,33.8027920380556,-117.4659261431046,4021.3,4043.5,1049.4,396.9,True,1,1,False,False,False,False,,True,False,False,Course Lock,196.8,67,16.4,93,W,S,3.35,11.4,Calm,False,False,Android,7.0.2,M300 RTK,1ZN7L4R0H1D00F,1W9DL31001461C,1ZMLH8300204F0,1Z6PH74DAP0QN7,"Corona, CA",728.3,5.7,137.7,8.547347,2.013246,0,0,DJI Matrice 300 RTK,M300 RTK,1ZN7L4R0H1D00F,1W9DL31001461C,1ZMLH8300204F0,1Z6PH74DAP0QN7,DJI Pilot,Android,7.0.2,1EF72A62-B7C3-C88D-164E-CE6F8C8424AE,1ZN7L4R0H1D00F,1W9DL31001461C,,1ZMLH8300204F0,1W9DL31001461C,,,,,
2023-11-01,11:36:21.26 AM,11m 58.9s,718.9,33.7938392873446,-117.4736651082182,-41.6,137.7,9.5,1222,5788.9,0.447388,8.547335,-0.447388,2.23694,0,5.816044,2.013246,2.013246,2.5,2,3.2,91.3,91.3,218.9,Tripod,Other,,21,5,True,,True,False,,Smart,RC,False,True,False,,,True,,False,False,False,False,False,False,False,False,False,False,0,Follow Yaw,-71.9,0,83.1,83.1,False,False,False,False,False,,0,0,False,False,No Card,100,100,1145,927,405,1024,2,False,False,False,False,False,0,False,False,False,False,62,,45.924,,3091,,4986,,45.924,,True,3.827,3.827,3.827,3.827,3.827,3.827,3.827,3.827,3.827,3.827,3.827,3.827,0,,False,False,True,,,,,,,,,,,,,,,False,False,9.192,,107.0,,75.7,,107.2,,1130,125,,21,7,146755.7,19567.43,,Idle,,20,,10,,,20,Go Home,False,False,False,False,False,False,False,False,False,False,False,False,33.8027920380556,-117.4659261431046,4021.3,4043.5,1049.4,396.9,True,1,1,False,False,False,False,,True,False,False,Course Lock,196.8,67,16.4,93,W,S,3.35,11.4,Calm,False,True,Android,7.0.2,M300 RTK,1ZN7L4R0H1D00F,1W9DL31001461C,1ZMLH8300204F0,1Z6PH74DAP0QN7,"Corona, CA",728.3,5.7,137.7,8.547347,2.013246,0,0,DJI Matrice 300 RTK,M300 RTK,1ZN7L4R0H1D00F,1W9DL31001461C,1ZMLH8300204F0,1Z6PH74DAP0QN7,DJI Pilot,Android,7.0.2,1EF72A62-B7C3-C88D-164E-CE6F8C8424AE,1ZN7L4R0H1D00F,1W9DL31001461C,,1ZMLH8300204F0,1W9DL31001461C,,,,,
2023-11-01,11:36:21.36 AM,11m 59.0s,719.0,33.7938390722902,-117.4736651957149,-41.9,137.7,9.1,1222,5789.0,0.447388,8.547335,-0.447388,2.23694,0,5.816044,2.013246,2.013246,2.3,2.1,3.1,91.2,91.2,198.6,Tripod,Other,,21,5,True,,True,False,,Smart,RC,False,True,False,,,True,,False,False,False,False,False,False,False,False,False,False,0,Follow Yaw,-71.9,0,83.1,83.1,False,False,False,False,False,,0,0,False,False,No Card,100,100,1130,919,402,1024,2,False,False,False,False,False,0,False,False,False,False,61,,45.816,,6176,,10044,,45.816,,True,3.827,3.827,3.827,3.827,3.827,3.827,3.827,3.827,3.827,3.827,3.827,3.827,0,,False,False,True,,,,,,,,,,,,,,,False,False,19.594,,107.4,,75.7,,107.4,,1130,125,,21,7,146755.7,19567.43,,Idle,,20,,10,,,20,Go Home,False,False,False,False,False,False,False,False,False,False,False,False,33.8027920380556,-117.4659261431046,4021.4,4043.5,1049.4,396.9,True,1,1,False,False,False,False,,True,False,False,Course Lock,196.8,67,16.4,93,W,S,3.35,11.4,Calm,False,False,Android,7.0.2,M300 RTK,1ZN7L4R0H1D00F,1W9DL31001461C,1ZMLH8300204F0,1Z6PH74DAP0QN7,"Corona, CA",728.3,5.7,137.7,8.547347,2.013246,0,0,DJI Matrice 300 RTK,M300 RTK,1ZN7L4R0H1D00F,1W9DL31001461C,1ZMLH8300204F0,1Z6PH74DAP0QN7,DJI Pilot,Android,7.0.2,1EF72A62-B7C3-C88D-164E-CE6F8C8424AE,1ZN7L4R0H1D00F,1W9DL31001461C,,1ZMLH8300204F0,1W9DL31001461C,,,,,
2023-11-01,11:36:21.46 AM,11m 59.1s,719.1,33.7938387801371,-117.4736652193827,-42.3,137.7,8.8,1221,5789.1,0.500194,8.547335,-0.447388,2.23694,-0.223694,5.816044,2.013246,2.013246,2.2,2.1,3,91.2,91.2,183.8,Tripod,Other,,21,5,True,,True,False,,Smart,RC,False,True,False,,,True,,False,False,False,False,False,False,False,False,False,False,0,Follow Yaw,-71.9,0,83.1,83.1,False,False,False,False,False,,0,0,False,False,No Card,100,100,1106,906,387,1024,2,False,False,False,False,False,0,False,False,False,False,61,,45.816,,6176,,10044,,45.816,,True,3.827,3.827,3.827,3.827,3.827,3.827,3.827,3.827,3.827,3.827,3.827,3.827,0,,False,False,True,,,,,,,,,,,,,,,False,False,19.594,,107.4,,75.7,,107.4,,1130,125,,21,7,146755.7,19567.43,,Idle,,20,,10,,,20,Go Home,False,False,False,False,False,False,False,False,False,False,False,False,33.8027920380556,-117.4659261431046,4021.5,4043.5,1049.4,396.9,True,1,1,False,False,False,False,,True,False,False,Course Lock,196.8,67,16.4,93,W,S,3.35,11.4,Calm,False,False,Android,7.0.2,M300 RTK,1ZN7L4R0H1D00F,1W9DL31001461C,1ZMLH8300204F0,1Z6PH74DAP0QN7,"Corona, CA",728.3,5.7,137.7,8.547347,2.013246,0,0,DJI Matrice 300 RTK,M300 RTK,1ZN7L4R0H1D00F,1W9DL31001461C,1ZMLH8300204F0,1Z6PH74DAP0QN7,DJI Pilot,Android,7.0.2,1EF72A62-B7C3-C88D-164E-CE6F8C8424AE,1ZN7L4R0H1D00F,1W9DL31001461C,,1ZMLH8300204F0,1W9DL31001461C,,,,Object too far for laser rangefinder.,
2023-11-01,11:36:21.57 AM,11m 59.2s,719.2,33.7938385275955,-117.4736653287329,-42.6,137.7,8.5,1221,5789.2,0.500194,8.547335,-0.447388,2.23694,-0.223694,5.816044,2.013246,2.013246,2.1,2,2.9,91.2,91.2,199.7,Tripod,Other,,21,5,True,,True,False,,Smart,RC,False,True,False,,,True,,False,False,False,False,False,False,False,False,False,False,0,Follow Yaw,-71.9,0,83.1,83.1,False,False,False,False,False,,0,0,False,False,No Card,100,100,1024,876,381,1024,2,False,False,False,False,False,0,False,False,False,False,61,,45.816,,6176,,10044,,45.816,,True,3.827,3.827,3.827,3.827,3.827,3.827,3.827,3.827,3.827,3.827,3.827,3.827,0,,False,False,True,,,,,,,,,,,,,,,False,False,19.594,,107.4,,75.7,,107.4,,1130,125,,21,7,146755.7,19567.43,,Idle,,20,,10,,,20,Go Home,False,False,False,False,False,False,False,False,False,False,False,False,33.8027920380556,-117.4659261431046,4021.6,4043.5,1049.4,396.9,True,1,1,False,False,False,False,,True,False,False,Course Lock,196.8,67,16.4,93,W,S,3.35,11.4,Calm,False,False,Android,7.0.2,M300 RTK,1ZN7L4R0H1D00F,1W9DL31001461C,1ZMLH8300204F0,1Z6PH74DAP0QN7,"Corona, CA",728.3,5.7,137.7,8.547347,2.013246,0,0,DJI Matrice 300 RTK,M300 RTK,1ZN7L4R0H1D00F,1W9DL31001461C,1ZMLH8300204F0,1Z6PH74DAP0QN7,DJI Pilot,Android,7.0.2,1EF72A62-B7C3-C88D-164E-CE6F8C8424AE,1ZN7L4R0H1D00F,1W9DL31001461C,,1ZMLH8300204F0,1W9DL31001461C,,,,,
2023-11-01,11:36:21.67 AM,11m 59.3s,719.3,33.7938382486006,-117.4736654402271,-42.9,137.7,8.5,1221,5789.3,0.500194,8.547335,-0.447388,2.23694,-0.223694,5.816044,2.013246,2.013246,2.2,1.7,2.7,91.1,91.1,198.3,Tripod,Other,,21,5,True,,True,False,,Smart,RC,False,True,False,,,True,,False,False,False,False,False,False,False,False,False,False,0,Follow Yaw,-71.9,0,83.1,83.1,False,False,False,False,False,,0,0,False,False,No Card,100,100,1024,854,378,1024,2,False,False,False,False,False,0,False,False,False,False,61,,45.816,,6176,,10044,,45.816,,True,3.822,3.822,3.822,3.822,3.822,3.822,3.822,3.822,3.822,3.822,3.822,3.822,0,,False,False,True,,,,,,,,,,,,,,,False,False,19.594,,107.4,,75.7,,107.4,,1132,126,,21,7,145552.2,19406.96,,Idle,,20,,10,,,20,Go Home,False,False,False,False,False,False,False,False,False,False,False,False,33.8027920380556,-117.4659261431046,4021.7,4043.5,1049.4,396.9,True,1,1,False,False,False,False,,True,False,False,Course Lock,196.8,67,16.4,93,W,S,3.35,11.4,Calm,False,False,Android,7.0.2,M300 RTK,1ZN7L4R0H1D00F,1W9DL31001461C,1ZMLH8300204F0,1Z6PH74DAP0QN7,"Corona, CA",728.3,5.7,137.7,8.547347,2.013246,0,0,DJI Matrice 300 RTK,M300 RTK,1ZN7L4R0H1D00F,1W9DL31001461C,1ZMLH8300204F0,1Z6PH74DAP0QN7,DJI Pilot,Android,7.0.2,1EF72A62-B7C3-C88D-164E-CE6F8C8424AE,1ZN7L4R0H1D00F,1W9DL31001461C,,1ZMLH8300204F0,1W9DL31001461C,,,,,
2023-11-01,11:36:21.77 AM,11m 59.4s,719.4,33.7938379728952,-117.4736655734924,-42.9,137.7,8.2,1221,5789.4,0.500194,8.547335,-0.447388,2.23694,-0.223694,5.816044,2.013246,2.013246,2.2,1.5,2.6,91.1,91.1,201.8,Tripod,Other,,21,5,True,,True,False,,Smart,RC,False,True,False,,,True,,False,False,False,False,False,False,False,False,False,False,0,Follow Yaw,-71.9,0,83.1,83.1,False,False,False,False,False,,0,0,False,False,No Card,100,100,1024,807,369,1024,2,False,False,False,False,False,0,False,False,False,False,61,,45.816,,6176,,10044,,45.816,,True,3.822,3.822,3.822,3.822,3.822,3.822,3.822,3.822,3.822,3.822,3.822,3.822,0,,False,False,True,,,,,,,,,,,,,,,False,False,19.594,,107.4,,75.7,,107.4,,1132,126,,21,7,145552.2,19406.96,,Idle,,20,,10,,,20,Go Home,False,False,False,False,False,False,False,False,False,False,False,False,33.8027920380556,-117.4659261431046,4021.8,4043.5,1049.4,396.9,True,1,1,False,False,False,False,,True,False,False,Course Lock,196.8,67,16.4,93,W,S,3.35,11.4,Calm,False,False,Android,7.0.2,M300 RTK,1ZN7L4R0H1D00F,1W9DL31001461C,1ZMLH8300204F0,1Z6PH74DAP0QN7,"Corona, CA",728.3,5.7,137.7,8.547347,2.013246,0,0,DJI Matrice 300 RTK,M300 RTK,1ZN7L4R0H1D00F,1W9DL31001461C,1ZMLH8300204F0,1Z6PH74DAP0QN7,DJI Pilot,Android,7.0.2,1EF72A62-B7C3-C88D-164E-CE6F8C8424AE,1ZN7L4R0H1D00F,1W9DL31001461C,,1ZMLH8300204F0,1W9DL31001461C,,,,Object too close to laser rangefinder.,
2023-11-01,11:36:21.88 AM,11m 59.5s,719.5,33.7938376185832,-117.4736657732256,-43.3,137.7,7.8,1220,5789.6,0.500194,8.547335,-0.447388,2.23694,-0.223694,5.816044,2.013246,2.013246,2.3,1.1,2.5,91,91,205.1,Tripod,Other,,21,5,True,,True,False,,Smart,RC,False,True,False,,,True,,False,False,False,False,False,False,False,False,False,False,0,Follow Yaw,-71.9,0,83.1,83.1,False,False,False,False,False,,0,0,False,False,No Card,100,100,1024,777,370,1024,2,False,False,False,False,False,0,False,False,False,False,61,,45.816,,6176,,10044,,45.816,,True,3.822,3.822,3.822,3.822,3.822,3.822,3.822,3.822,3.822,3.822,3.822,3.822,0,,False,False,True,,,,,,,,,,,,,,,False,False,19.594,,107.4,,75.7,,107.4,,1132,126,,21,7,145552.2,19406.96,,Idle,,20,,10,,,20,Go Home,False,False,False,False,False,False,False,False,False,False,False,False,33.8027920380556,-117.4659261431046,4022.0,4043.5,1049.4,396.9,True,1,1,False,False,False,False,,True,False,False,Course Lock,196.8,67,16.4,93,W,S,3.35,11.4,Calm,False,True,Android,7.0.2,M300 RTK,1ZN7L4R0H1D00F,1W9DL31001461C,1ZMLH8300204F0,1Z6PH74DAP0QN7,"Corona, CA",728.3,5.7,137.7,8.547347,2.013246,0,0,DJI Matrice 300 RTK,M300 RTK,1ZN7L4R0H1D00F,1W9DL31001461C,1ZMLH8300204F0,1Z6PH74DAP0QN7,DJI Pilot,Android,7.0.2,1EF72A62-B7C3-C88D-164E-CE6F8C8424AE,1ZN7L4R0H1D00F,1W9DL31001461C,,1ZMLH8300204F0,1W9DL31001461C,,,,,
2023-11-01,11:36:21.98 AM,11m 59.6s,719.6,33.793837328623,-117.4736659364262,-43.6,137.7,7.5,1220,5789.7,0.500194,8.547335,-0.447388,2.23694,-0.223694,5.816044,2.013246,2.013246,2.6,0.9,2.7,91.1,91.1,205.0,Tripod,Other,,21,5,True,,True,False,,Smart,RC,False,True,False,,,True,,False,False,False,False,False,False,False,False,False,False,0,Follow Yaw,-71.9,0,83.1,83.1,False,False,False,False,False,,0,0,False,False,No Card,100,100,1024,738,372,1024,2,False,False,False,False,False,0,False,False,False,False,61,,45.816,,6176,,10044,,45.816,,True,3.822,3.822,3.822,3.822,3.822,3.822,3.822,3.822,3.822,3.822,3.822,3.822,0,,False,False,True,,,,,,,,,,,,,,,False,False,19.594,,107.4,,75.7,,107.4,,1132,126,,21,7,145552.2,19406.96,,Idle,,20,,10,,,20,Go Home,False,False,False,False,False,False,False,False,False,False,False,False,33.8027920380556,-117.4659261431046,4022.1,4043.5,1049.4,396.9,True,1,1,False,False,False,False,,True,False,False,Course Lock,196.8,67,16.4,93,W,S,3.35,11.4,Calm,False,True,Android,7.0.2,M300 RTK,1ZN7L4R0H1D00F,1W9DL31001461C,1ZMLH8300204F0,1Z6PH74DAP0QN7,"Corona, CA",728.3,5.7,137.7,8.547347,2.013246,0,0,DJI Matrice 300 RTK,M300 RTK,1ZN7L4R0H1D00F,1W9DL31001461C,1ZMLH8300204F0,1Z6PH74DAP0QN7,DJI Pilot,Android,7.0.2,1EF72A62-B7C3-C88D-164E-CE6F8C8424AE,1ZN7L4R0H1D00F,1W9DL31001461C,,1ZMLH8300204F0,1W9DL31001461C,,,,,
2023-11-01,11:36:22.04 AM,11m 59.7s,719.7,33.7938372465214,-117.4736662259649,-43.9,137.7,7.2,1220,5789.8,0.500194,8.547335,-0.447388,2.23694,-0.223694,5.816044,2.013246,2.013246,3.2,0.8,3.2,91.1,91.1,251.1,Tripod,Other,,21,5,True,,True,False,,Smart,RC,False,True,False,,,True,,False,False,False,False,False,False,False,False,False,False,0,Follow Yaw,-71.9,0,83.1,83.1,False,False,False,False,False,,0,0,False,False,No Card,100,100,1024,748,380,1024,2,False,False,False,False,False,0,False,False,False,False,62,,45.78,,3091,,4986,,45.78,,True,3.822,3.822,3.822,3.822,3.822,3.822,3.822,3.822,3.822,3.822,3.822,3.822,0,,False,False,True,,,,,,,,,,,,,,,False,False,9.866,,107.0,,75.7,,107.4,,1132,126,,21,7,145552.2,19406.96,,Idle,,20,,10,,,20,Go Home,False,False,False,False,False,False,False,False,False,False,False,False,33.8027920380556,-117.4659261431046,4022.1,4043.5,1049.4,396.9,True,1,1,False,False,False,False,,True,False,False,Course Lock,196.8,67,16.4,93,W,S,3.35,11.4,Calm,False,True,Android,7.0.2,M300 RTK,1ZN7L4R0H1D00F,1W9DL31001461C,1ZMLH8300204F0,1Z6PH74DAP0QN7,"Corona, CA",728.3,5.7,137.7,8.547347,2.013246,0,0,DJI Matrice 300 RTK,M300 RTK,1ZN7L4R0H1D00F,1W9DL31001461C,1ZMLH8300204F0,1Z6PH74DAP0QN7,DJI Pilot,Android,7.0.2,1EF72A62-B7C3-C88D-164E-CE6F8C8424AE,1ZN7L4R0H1D00F,1W9DL31001461C,,1ZMLH8300204F0,1W9DL31001461C,,,,,
2023-11-01,11:36:22.14 AM,11m 59.8s,719.8,33.7938369797937,-117.4736664444178,-44.2,137.7,6.8,1219,5789.9,0.632702,8.547335,-0.447388,2.23694,-0.447388,5.816044,2.013246,2.013246,3.9,0.8,3.9,91,91,214.2,Tripod,Other,,21,5,True,,True,False,,Smart,RC,False,True,False,,,True,,False,False,False,False,False,False,False,False,False,False,0,Follow Yaw,-71.9,0,83.1,83.1,False,False,False,False,False,,0,0,False,False,No Card,100,100,1024,752,378,1024,2,False,False,False,False,False,0,False,False,False,False,62,,45.78,,3091,,4986,,45.78,,True,3.822,3.822,3.822,3.822,3.822,3.822,3.822,3.822,3.822,3.822,3.822,3.822,0,,False,False,True,,,,,,,,,,,,,,,False,False,9.866,,107.0,,75.7,,107.4,,1132,126,,21,7,145552.2,19406.96,,Idle,,20,,10,,,20,Go Home,False,False,False,False,False,False,False,False,False,False,False,False,33.8027920380556,-117.4659261431046,4022.3,4043.5,1049.4,396.9,True,1,1,False,False,False,False,,True,False,False,Course Lock,196.8,67,16.4,93,W,S,3.35,11.4,Calm,False,True,Android,7.0.2,M300 RTK,1ZN7L4R0H1D00F,1W9DL31001461C,1ZMLH8300204F0,1Z6PH74DAP0QN7,"Corona, CA",728.3,5.7,137.7,8.547347,2.013246,0,0,DJI Matrice 300 RTK,M300 RTK,1ZN7L4R0H1D00F,1W9DL31001461C,1ZMLH8300204F0,1Z6PH74DAP0QN7,DJI Pilot,Android,7.0.2,1EF72A62-B7C3-C88D-164E-CE6F8C8424AE,1ZN7L4R0H1D00F,1W9DL31001461C,,1ZMLH8300204F0,1W9DL31001461C,,,,,
2023-11-01,11:36:22.24 AM,11m 59.9s,719.9,33.7938364718323,-117.4736665503868,-44.6,137.7,6.5,1219,5790.1,0.632702,8.547335,-0.447388,2.23694,-0.447388,5.816044,2.013246,2.013246,4.2,0.7,4.2,91,91,189.8,Tripod,Other,,21,5,True,,True,False,,Smart,RC,False,True,False,,,True,,False,False,False,False,False,False,False,False,False,False,0,Follow Yaw,-71.9,0,83.1,83.1,False,False,False,False,False,,0,0,False,False,No Card,100,100,1024,727,388,1024,2,False,False,False,False,False,0,False,False,False,False,62,,45.78,,3091,,4986,,45.78,,True,3.822,3.822,3.822,3.822,3.822,3.822,3.822,3.822,3.822,3.822,3.822,3.822,0,,False,False,True,,,,,,,,,,,,,,,False,False,9.866,,107.0,,75.7,,107.4,,1132,126,,21,7,145552.2,19406.96,,Idle,,20,,10,,,20,Go Home,False,False,False,False,False,False,False,False,False,False,False,False,33.8027920380556,-117.4659261431046,4022.4,4043.5,1049.4,396.9,True,1,1,False,False,False,False,,True,False,False,Course Lock,196.8,67,16.4,93,W,S,3.35,11.4,Calm,False,False,Android,7.0.2,M300 RTK,1ZN7L4R0H1D00F,1W9DL31001461C,1ZMLH8300204F0,1Z6PH74DAP0QN7,"Corona, CA",728.3,5.7,137.7,8.547347,2.013246,0,0,DJI Matrice 300 RTK,M300 RTK,1ZN7L4R0H1D00F,1W9DL31001461C,1ZMLH8300204F0,1Z6PH74DAP0QN7,DJI Pilot,Android,7.0.2,1EF72A62-B7C3-C88D-164E-CE6F8C8424AE,1ZN7L4R0H1D00F,1W9DL31001461C,,1ZMLH8300204F0,1W9DL31001461C,,,,,
2023-11-01,11:36:22.34 AM,12m 0.0s,720.0,33.7938362017465,-117.4736668381114,-44.9,137.7,6.2,1219,5790.2,0.632702,8.547335,-0.447388,2.23694,-0.447388,5.816044,2.013246,2.013246,3.9,0.3,3.9,91,91,221.5,Tripod,Other,,21,5,True,,True,False,,Smart,RC,False,True,False,,,True,,False,False,False,False,False,False,False,False,False,False,0,Follow Yaw,-71.9,0,83.1,83.1,False,False,False,False,False,,0,0,False,False,No Card,100,100,1024,720,431,1024,2,False,False,False,False,False,0,False,False,False,False,61,,45.804,,6176,,10044,,45.804,,True,3.822,3.822,3.822,3.822,3.822,3.822,3.822,3.822,3.822,3.822,3.822,3.822,0,,False,False,True,,,,,,,,,,,,,,,False,False,19.574,,107.4,,75.7,,107.4,,1132,126,,21,7,145552.2,19406.96,,Idle,,20,,10,,,20,Go Home,False,False,False,False,False,False,False,False,False,False,False,False,33.8027920380556,-117.4659261431046,4022.6,4043.5,1049.4,396.9,True,1,1,False,False,False,False,,True,False,False,Course Lock,196.8,67,16.4,93,W,S,3.35,11.4,Calm,False,True,Android,7.0.2,M300 RTK,1ZN7L4R0H1D00F,1W9DL31001461C,1ZMLH8300204F0,1Z6PH74DAP0QN7,"Corona, CA",728.3,5.7,137.7,8.547347,2.013246,0,0,DJI Matrice 300 RTK,M300 RTK,1ZN7L4R0H1D00F,1W9DL31001461C,1ZMLH8300204F0,1Z6PH74DAP0QN7,DJI Pilot,Android,7.0.2,1EF72A62-B7C3-C88D-164E-CE6F8C8424AE,1ZN7L4R0H1D00F,1W9DL31001461C,,1ZMLH8300204F0,1W9DL31001461C,,,,,
2023-11-01,11:36:22.44 AM,12m 0.1s,720.1,33.7938360804444,-117.4736672716361,-45.2,137.7,6.2,1218,5790.4,0.80654,8.547335,-0.447388,2.23694,-0.671082,5.816044,2.013246,2.013246,3.8,0.1,3.8,90.9,90.9,251.3,Tripod,Other,,21,5,True,,True,False,,Smart,RC,False,True,False,,,True,,False,False,False,False,False,False,False,False,False,False,0,Follow Yaw,-71.9,0,83.1,83.1,False,False,False,False,False,,0,0,False,False,No Card,100,100,1024,694,468,1024,2,False,False,False,False,False,0,False,False,False,False,61,,45.804,,6176,,10044,,45.804,,True,3.822,3.822,3.822,3.822,3.822,3.822,3.822,3.822,3.822,3.822,3.822,3.822,0,,False,False,True,,,,,,,,,,,,,,,False,False,19.574,,107.4,,75.7,,107.4,,1132,126,,21,7,145552.2,19406.96,,Idle,,20,,10,,,20,Go Home,False,False,False,False,False,False,False,False,False,False,False,False,33.8027920380556,-117.4659261431046,4022.7,4043.5,1049.4,396.9,True,1,1,False,False,False,False,,True,False,False,Course Lock,196.8,67,16.4,93,W,S,3.35,11.4,Calm,False,True,Android,7.0.2,M300 RTK,1ZN7L4R0H1D00F,1W9DL31001461C,1ZMLH8300204F0,1Z6PH74DAP0QN7,"Corona, CA",728.3,5.7,137.7,8.547347,2.013246,0,0,DJI Matrice 300 RTK,M300 RTK,1ZN7L4R0H1D00F,1W9DL31001461C,1ZMLH8300204F0,1Z6PH74DAP0QN7,DJI Pilot,Android,7.0.2,1EF72A62-B7C3-C88D-164E-CE6F8C8424AE,1ZN7L4R0H1D00F,1W9DL31001461C,,1ZMLH8300204F0,1W9DL31001461C,,,,,
2023-11-01,11:36:22.54 AM,12m 0.2s,720.2,33.7938358533969,-117.4736676385281,-45.6,137.7,5.9,1218,5790.5,0.80654,8.547335,-0.447388,2.23694,-0.671082,5.816044,1.789552,2.013246,3.8,0.1,3.8,91,91,233.3,Tripod,Other,,21,5,True,,True,False,,Smart,RC,False,True,False,,,True,,False,False,False,False,False,False,False,False,False,False,0,Follow Yaw,-71.9,0,83.1,83.1,False,False,False,False,False,,0,0,False,False,No Card,100,100,1024,719,461,1024,2,False,False,False,False,False,0,False,False,False,False,61,,45.804,,6176,,10044,,45.804,,True,3.822,3.822,3.822,3.822,3.822,3.822,3.822,3.822,3.822,3.822,3.822,3.822,0,,False,False,True,,,,,,,,,,,,,,,False,False,19.574,,107.4,,75.7,,107.4,,1132,126,,21,7,145552.2,19406.96,,Idle,,20,,10,,,20,Go Home,False,False,False,False,False,False,False,False,False,False,False,False,33.8027920380556,-117.4659261431046,4022.8,4043.5,1049.4,396.9,True,1,1,False,False,False,False,,True,False,False,Course Lock,196.8,67,16.4,93,W,S,3.35,11.4,Calm,False,True,Android,7.0.2,M300 RTK,1ZN7L4R0H1D00F,1W9DL31001461C,1ZMLH8300204F0,1Z6PH74DAP0QN7,"Corona, CA",728.3,5.7,137.7,8.547347,2.013246,0,0,DJI Matrice 300 RTK,M300 RTK,1ZN7L4R0H1D00F,1W9DL31001461C,1ZMLH8300204F0,1Z6PH74DAP0QN7,DJI Pilot,Android,7.0.2,1EF72A62-B7C3-C88D-164E-CE6F8C8424AE,1ZN7L4R0H1D00F,1W9DL31001461C,,1ZMLH8300204F0,1W9DL31001461C,,,,,
2023-11-01,11:36:22.64 AM,12m 0.3s,720.3,33.7938357259953,-117.4736679655065,-45.9,137.7,5.5,1218,5790.6,0.80654,8.547335,-0.447388,2.23694,-0.671082,5.816044,1.789552,2.013246,3.8,0.4,3.8,91,91,244.8,Tripod,Other,,21,5,True,,True,False,,Smart,RC,False,True,False,,,True,,False,False,False,False,False,False,False,False,False,False,0,Follow Yaw,-71.9,0,83.1,83.1,False,False,False,False,False,,0,0,False,False,No Card,100,100,1024,723,467,1024,2,False,False,False,False,False,0,False,False,False,False,61,,45.804,,6176,,10044,,45.804,,True,3.817,3.817,3.817,3.817,3.817,3.817,3.817,3.817,3.817,3.817,3.817,3.817,0,,False,False,True,,,,,,,,,,,,,,,False,False,19.574,,107.4,,75.7,,107.4,,1134,126,,21,7,144790.6,19305.41,,Idle,,20,,10,,,20,Go Home,False,False,False,False,False,False,False,False,False,False,False,False,33.8027920380556,-117.4659261431046,4022.9,4043.5,1049.4,396.9,True,1,1,False,False,False,False,,True,False,False,Course Lock,196.8,67,16.4,93,W,S,3.35,11.4,Calm,False,True,Android,7.0.2,M300 RTK,1ZN7L4R0H1D00F,1W9DL31001461C,1ZMLH8300204F0,1Z6PH74DAP0QN7,"Corona, CA",728.3,5.7,137.7,8.547347,2.013246,0,0,DJI Matrice 300 RTK,M300 RTK,1ZN7L4R0H1D00F,1W9DL31001461C,1ZMLH8300204F0,1Z6PH74DAP0QN7,DJI Pilot,Android,7.0.2,1EF72A62-B7C3-C88D-164E-CE6F8C8424AE,1ZN7L4R0H1D00F,1W9DL31001461C,,1ZMLH8300204F0,1W9DL31001461C,,,,,
2023-11-01,11:36:22.74 AM,12m 0.4s,720.4,33.7938355371889,-117.4736683969696,-46.2,137.7,5.2,1218,5790.8,0.922313,8.547335,-0.223694,2.23694,-0.894776,5.816044,1.789552,2.013246,3.7,0.8,3.7,91,91,242.2,Tripod,Other,,21,5,True,,True,False,,Smart,RC,False,True,False,,,True,,False,False,False,False,False,False,False,False,False,False,0,Follow Yaw,-71.9,0,83.1,83.1,False,False,False,False,False,,0,0,False,False,No Card,100,100,1024,722,509,1024,2,False,False,False,False,False,0,False,False,False,False,61,,45.804,,6176,,10044,,45.804,,True,3.817,3.817,3.817,3.817,3.817,3.817,3.817,3.817,3.817,3.817,3.817,3.817,0,,False,False,True,,,,,,,,,,,,,,,False,False,19.574,,107.4,,75.7,,107.4,,1134,126,,21,7,144790.6,19305.41,,Idle,,20,,10,,,20,Go Home,False,False,False,False,False,False,False,False,False,False,False,False,33.8027920380556,-117.4659261431046,4023.0,4043.5,1049.4,396.9,True,1,1,False,False,False,False,,True,False,False,Course Lock,196.8,67,16.4,93,W,S,3.35,11.4,Calm,False,True,Android,7.0.2,M300 RTK,1ZN7L4R0H1D00F,1W9DL31001461C,1ZMLH8300204F0,1Z6PH74DAP0QN7,"Corona, CA",728.3,5.7,137.7,8.547347,2.013246,0,0,DJI Matrice 300 RTK,M300 RTK,1ZN7L4R0H1D00F,1W9DL31001461C,1ZMLH8300204F0,1Z6PH74DAP0QN7,DJI Pilot,Android,7.0.2,1EF72A62-B7C3-C88D-164E-CE6F8C8424AE,1ZN7L4R0H1D00F,1W9DL31001461C,,1ZMLH8300204F0,1W9DL31001461C,,,,,
2023-11-01,11:36:22.84 AM,12m 0.5s,720.5,33.7938353566748,-117.4736691729764,-46.5,137.7,4.9,1217,5791.0,0.922313,8.547335,-0.223694,2.23694,-0.894776,5.816044,1.565858,2.013246,3.6,1.3,3.8,91,91,254.3,Tripod,Other,,21,5,True,,True,False,,Smart,RC,False,True,False,,,True,,False,False,False,False,False,False,False,False,False,False,0,Follow Yaw,-71.9,0,83.1,83.1,False,False,False,False,False,,0,0,False,False,No Card,100,100,1024,693,600,1024,2,False,False,False,False,False,0,False,False,False,False,61,,45.804,,6176,,10044,,45.804,,True,3.817,3.817,3.817,3.817,3.817,3.817,3.817,3.817,3.817,3.817,3.817,3.817,0,,False,False,True,,,,,,,,,,,,,,,False,False,19.574,,107.4,,75.7,,107.4,,1134,126,,21,7,144790.6,19305.41,,Idle,,20,,10,,,20,Go Home,False,False,False,False,False,False,False,False,False,False,False,False,33.8027920380556,-117.4659261431046,4023.2,4043.5,1049.4,396.9,True,1,1,False,False,False,False,,True,False,False,Course Lock,196.8,67,16.4,93,W,S,3.35,11.4,Calm,False,True,Android,7.0.2,M300 RTK,1ZN7L4R0H1D00F,1W9DL31001461C,1ZMLH8300204F0,1Z6PH74DAP0QN7,"Corona, CA",728.3,5.7,137.7,8.547347,2.013246,0,0,DJI Matrice 300 RTK,M300 RTK,1ZN7L4R0H1D00F,1W9DL31001461C,1ZMLH8300204F0,1Z6PH74DAP0QN7,DJI Pilot,Android,7.0.2,1EF72A62-B7C3-C88D-164E-CE6F8C8424AE,1ZN7L4R0H1D00F,1W9DL31001461C,,1ZMLH8300204F0,1W9DL31001461C,,,,Object too close to laser rangefinder.,
2023-11-01,11:36:22.94 AM,12m 0.6s,720.6,33.7938351801356,-117.4736696964717,-46.5,137.7,4.5,1217,5791.2,0.922313,8.547335,-0.223694,2.23694,-0.894776,5.816044,1.565858,2.013246,3.9,1.5,4.1,91,91,247.9,Tripod,Other,,21,5,True,,True,False,,Smart,RC,False,True,False,,,True,,False,False,False,False,False,False,False,False,False,False,0,Follow Yaw,-71.9,0,83.1,83.1,False,False,False,False,False,,0,0,False,False,No Card,100,100,1024,668,821,1024,2,False,False,False,False,False,0,False,False,False,False,61,,45.804,,6176,,10044,,45.804,,True,3.817,3.817,3.817,3.817,3.817,3.817,3.817,3.817,3.817,3.817,3.817,3.817,0,,False,False,True,,,,,,,,,,,,,,,False,False,19.574,,107.4,,75.7,,107.4,,1134,126,,21,7,144790.6,19305.41,,Idle,,20,,10,,,20,Go Home,False,False,False,False,False,False,False,False,False,False,False,False,33.8027920380556,-117.4659261431046,4023.4,4043.5,1049.4,396.9,True,1,1,False,False,False,False,,True,False,False,Course Lock,196.8,67,16.4,93,W,S,3.35,11.4,Calm,False,True,Android,7.0.2,M300 RTK,1ZN7L4R0H1D00F,1W9DL31001461C,1ZMLH8300204F0,1Z6PH74DAP0QN7,"Corona, CA",728.3,5.7,137.7,8.547347,2.013246,0,0,DJI Matrice 300 RTK,M300 RTK,1ZN7L4R0H1D00F,1W9DL31001461C,1ZMLH8300204F0,1Z6PH74DAP0QN7,DJI Pilot,Android,7.0.2,1EF72A62-B7C3-C88D-164E-CE6F8C8424AE,1ZN7L4R0H1D00F,1W9DL31001461C,,1ZMLH8300204F0,1W9DL31001461C,,,,,
2023-11-01,11:36:23.04 AM,12m 0.7s,720.7,33.7938350459494,-117.4736702612001,-46.9,137.7,4.5,1217,5791.4,1.14062,8.547335,-0.223694,2.23694,-1.11847,5.816044,1.342164,2.013246,3.6,1.1,3.7,91,91,254.0,Tripod,Other,,21,5,True,,True,False,,Smart,RC,False,True,False,,,True,,False,False,False,False,False,False,False,False,False,False,0,Follow Yaw,-71.9,0,83.1,83.1,False,False,False,False,False,,0,0,False,False,No Card,100,100,1024,666,888,1024,2,False,False,False,False,False,0,False,False,False,False,61,,45.804,,6176,,10044,,45.804,,True,3.817,3.817,3.817,3.817,3.817,3.817,3.817,3.817,3.817,3.817,3.817,3.817,0,,False,False,True,,,,,,,,,,,,,,,False,False,19.574,,107.4,,75.7,,107.4,,1134,126,,21,7,144790.6,19305.41,,Idle,,20,,10,,,20,Go Home,False,False,False,False,False,False,False,False,False,False,False,False,33.8027920380556,-117.4659261431046,4023.5,4043.5,1049.4,396.9,True,1,1,False,False,False,False,,True,False,False,Course Lock,196.8,67,16.4,93,W,S,3.35,11.4,Calm,False,True,Android,7.0.2,M300 RTK,1ZN7L4R0H1D00F,1W9DL31001461C,1ZMLH8300204F0,1Z6PH74DAP0QN7,"Corona, CA",728.3,5.7,137.7,8.547347,2.013246,0,0,DJI Matrice 300 RTK,M300 RTK,1ZN7L4R0H1D00F,1W9DL31001461C,1ZMLH8300204F0,1Z6PH74DAP0QN7,DJI Pilot,Android,7.0.2,1EF72A62-B7C3-C88D-164E-CE6F8C8424AE,1ZN7L4R0H1D00F,1W9DL31001461C,,1ZMLH8300204F0,1W9DL31001461C,,,,,
2023-11-01,11:36:23.14 AM,12m 0.8s,720.8,33.7938348776341,-117.4736708569358,-47.2,137.7,4.2,1217,5791.5,1.14062,8.547335,-0.223694,2.23694,-1.11847,5.816044,1.11847,2.013246,3.2,0.3,3.2,91,91,251.2,Tripod,Other,,21,5,True,,True,False,,Smart,RC,False,True,False,,,True,,False,False,False,False,False,False,False,False,False,False,0,Follow Yaw,-71.9,0,83.1,83.1,False,False,False,False,False,,0,0,False,False,No Card,100,100,1024,705,855,1024,2,False,False,False,False,False,0,False,False,False,False,61,,45.804,,6176,,10044,,45.804,,True,3.817,3.817,3.817,3.817,3.817,3.817,3.817,3.817,3.817,3.817,3.817,3.817,0,,False,False,True,,,,,,,,,,,,,,,False,False,19.574,,107.4,,75.7,,107.4,,1134,126,,21,7,144790.6,19305.41,,Idle,,20,,10,,,20,Go Home,False,False,False,False,False,False,False,False,False,False,False,False,33.8027920380556,-117.4659261431046,4023.7,4043.5,1049.4,396.9,True,1,1,False,False,False,False,,True,False,False,Course Lock,196.8,67,16.4,93,W,S,3.35,11.4,Calm,False,True,Android,7.0.2,M300 RTK,1ZN7L4R0H1D00F,1W9DL31001461C,1ZMLH8300204F0,1Z6PH74DAP0QN7,"Corona, CA",728.3,5.7,137.7,8.547347,2.013246,0,0,DJI Matrice 300 RTK,M300 RTK,1ZN7L4R0H1D00F,1W9DL31001461C,1ZMLH8300204F0,1Z6PH74DAP0QN7,DJI Pilot,Android,7.0.2,1EF72A62-B7C3-C88D-164E-CE6F8C8424AE,1ZN7L4R0H1D00F,1W9DL31001461C,,1ZMLH8300204F0,1W9DL31001461C,,,,,
2023-11-01,11:36:23.21 AM,12m 0.9s,720.9,33.7938346656637,-117.4736714233136,-47.2,137.7,4.2,1217,5791.7,1.14062,8.547335,-0.223694,2.23694,-1.11847,5.816044,0.894776,2.013246,2.9,0,2.9,91.1,91.1,245.7,Tripod,Other,,21,5,True,,True,False,,Smart,RC,False,True,False,,,True,,False,False,False,False,False,False,False,False,False,False,0,Follow Yaw,-71.9,0,83.1,83.1,False,False,False,False,False,,0,0,False,False,No Card,100,100,1024,868,678,1024,2,False,False,False,False,False,0,False,False,False,False,61,,45.804,,6176,,10044,,45.804,,True,3.817,3.817,3.817,3.817,3.817,3.817,3.817,3.817,3.817,3.817,3.817,3.817,0,,False,False,True,,,,,,,,,,,,,,,False,False,19.574,,107.4,,75.7,,107.4,,1134,126,,21,7,144790.6,19305.41,,Idle,,20,,10,,,20,Go Home,False,False,False,False,False,False,False,False,False,False,False,False,33.8027920380556,-117.4659261431046,4023.8,4043.5,1049.4,396.9,True,1,1,False,False,False,False,,True,False,False,Course Lock,196.8,67,16.4,93,W,S,3.35,11.4,Calm,False,True,Android,7.0.2,M300 RTK,1ZN7L4R0H1D00F,1W9DL31001461C,1ZMLH8300204F0,1Z6PH74DAP0QN7,"Corona, CA",728.3,5.7,137.7,8.547347,2.013246,0,0,DJI Matrice 300 RTK,M300 RTK,1ZN7L4R0H1D00F,1W9DL31001461C,1ZMLH8300204F0,1Z6PH74DAP0QN7,DJI Pilot,Android,7.0.2,1EF72A62-B7C3-C88D-164E-CE6F8C8424AE,1ZN7L4R0H1D00F,1W9DL31001461C,,1ZMLH8300204F0,1W9DL31001461C,,,,,
2023-11-01,11:36:23.34 AM,12m 1.0s,721.0,33.7938345253781,-117.4736720599525,-47.2,137.7,4.2,1217,5791.9,1.14062,8.547335,-0.223694,2.23694,-1.11847,5.816044,0.671082,2.013246,2.7,0.3,2.7,91.2,91.2,255.1,Tripod,Other,,21,5,True,,True,False,,Smart,RC,False,True,False,,,True,,False,False,False,False,False,False,False,False,False,False,0,Follow Yaw,-71.9,0,83.1,83.1,False,False,False,False,False,,0,0,False,False,No Card,100,100,1024,1024,364,1024,2,False,False,False,False,False,0,False,False,False,False,62,,45.78,,3091,,4986,,45.78,,True,3.817,3.817,3.817,3.817,3.817,3.817,3.817,3.817,3.817,3.817,3.817,3.817,0,,False,False,True,,,,,,,,,,,,,,,False,False,9.74,,107.0,,75.7,,107.4,,1134,126,,21,7,144790.6,19305.41,,Idle,,20,,10,,,20,Go Home,False,False,False,False,False,False,False,False,False,False,False,False,33.8027920380556,-117.4659261431046,4024.0,4043.5,1049.4,396.9,True,1,1,False,False,False,False,,True,False,False,Course Lock,196.8,67,16.4,93,W,S,3.35,11.4,Calm,False,True,Android,7.0.2,M300 RTK,1ZN7L4R0H1D00F,1W9DL31001461C,1ZMLH8300204F0,1Z6PH74DAP0QN7,"Corona, CA",728.3,5.7,137.7,8.547347,2.013246,0,0,DJI Matrice 300 RTK,M300 RTK,1ZN7L4R0H1D00F,1W9DL31001461C,1ZMLH8300204F0,1Z6PH74DAP0QN7,DJI Pilot,Android,7.0.2,1EF72A62-B7C3-C88D-164E-CE6F8C8424AE,1ZN7L4R0H1D00F,1W9DL31001461C,,1ZMLH8300204F0,1W9DL31001461C,,,,,
2023-11-01,11:36:23.41 AM,12m 1.1s,721.1,33.7938346499012,-117.4736726156096,-47.5,137.7,3.9,1216,5792.1,1.360677,8.547335,-0.223694,2.23694,-1.342164,5.816044,0.447388,2.013246,2.7,1,2.8,91.3,91.3,285.0,Tripod,Other,,21,5,True,,True,False,,Smart,RC,False,True,False,,,True,,False,False,False,False,False,False,False,False,False,False,0,Follow Yaw,-71.9,0,83.1,83.1,False,False,False,False,False,,0,0,False,False,No Card,100,100,1024,1024,364,1024,2,False,False,False,False,False,0,False,False,False,False,62,,45.78,,3091,,4986,,45.78,,True,3.817,3.817,3.817,3.817,3.817,3.817,3.817,3.817,3.817,3.817,3.817,3.817,0,,False,False,True,,,,,,,,,,,,,,,False,False,9.74,,107.0,,75.7,,107.4,,1134,126,,21,7,144790.6,19305.41,,Idle,,20,,10,,,20,Go Home,False,False,False,False,False,False,False,False,False,False,False,False,33.8027920380556,-117.4659261431046,4024.0,4043.5,1049.4,396.9,True,1,1,False,False,False,False,,True,False,False,Course Lock,196.8,67,16.4,93,W,S,3.35,11.4,Calm,False,True,Android,7.0.2,M300 RTK,1ZN7L4R0H1D00F,1W9DL31001461C,1ZMLH8300204F0,1Z6PH74DAP0QN7,"Corona, CA",728.3,5.7,137.7,8.547347,2.013246,0,0,DJI Matrice 300 RTK,M300 RTK,1ZN7L4R0H1D00F,1W9DL31001461C,1ZMLH8300204F0,1Z6PH74DAP0QN7,DJI Pilot,Android,7.0.2,1EF72A62-B7C3-C88D-164E-CE6F8C8424AE,1ZN7L4R0H1D00F,1W9DL31001461C,,1ZMLH8300204F0,1W9DL31001461C,,,,,
2023-11-01,11:36:23.54 AM,12m 1.2s,721.2,33.7938345498441,-117.4736732689067,-47.5,137.7,3.9,1216,5792.3,1.360677,8.547335,-0.223694,2.23694,-1.342164,5.816044,0.671082,2.013246,2.3,1.6,2.8,91.3,91.3,259.5,Tripod,Other,,20,5,True,,True,False,,Smart,RC,False,True,False,,,True,,False,False,False,False,False,False,False,False,False,False,0,Follow Yaw,-71.9,0,83.1,83.1,False,False,False,False,False,,0,0,False,False,No Card,100,100,1074,1024,364,1024,2,False,False,False,False,False,0,False,False,False,False,62,,45.78,,3091,,4986,,45.78,,True,3.817,3.817,3.817,3.817,3.817,3.817,3.817,3.817,3.817,3.817,3.817,3.817,0,,False,False,True,,,,,,,,,,,,,,,False,False,9.74,,107.0,,75.7,,107.4,,1134,126,,21,7,144790.6,19305.41,,Idle,,20,,10,,,20,Go Home,False,False,False,False,False,False,False,False,False,False,False,False,33.8027920380556,-117.4659261431046,4024.2,4043.5,1049.4,396.9,True,1,1,False,False,False,False,,True,False,False,Course Lock,196.8,67,16.4,93,W,S,3.35,11.4,Calm,False,True,Android,7.0.2,M300 RTK,1ZN7L4R0H1D00F,1W9DL31001461C,1ZMLH8300204F0,1Z6PH74DAP0QN7,"Corona, CA",728.3,5.7,137.7,8.547347,2.013246,0,0,DJI Matrice 300 RTK,M300 RTK,1ZN7L4R0H1D00F,1W9DL31001461C,1ZMLH8300204F0,1Z6PH74DAP0QN7,DJI Pilot,Android,7.0.2,1EF72A62-B7C3-C88D-164E-CE6F8C8424AE,1ZN7L4R0H1D00F,1W9DL31001461C,,1ZMLH8300204F0,1W9DL31001461C,,,,,
2023-11-01,11:36:23.62 AM,12m 1.3s,721.3,33.7938341116486,-117.4736739257499,-47.5,137.7,3.9,1216,5792.6,1.360677,8.547335,-0.223694,2.23694,-1.342164,5.816044,0.671082,2.013246,-0.3,1,1,91.2,91.2,231.2,Tripod,Other,,20,5,True,,True,False,,Smart,RC,False,True,False,,,True,,False,False,False,False,False,False,False,False,False,False,0,Follow Yaw,-71.9,0,83.1,83.1,False,False,False,False,False,,0,0,False,False,No Card,100,100,1133,1024,364,1024,2,False,False,False,False,False,0,False,False,False,False,62,,45.78,,3091,,4986,,45.78,,True,3.822,3.822,3.822,3.822,3.822,3.822,3.822,3.822,3.822,3.822,3.822,3.822,0,,False,False,True,,,,,,,,,,,,,,,False,False,9.74,,107.0,,75.7,,107.4,,1136,126,,21,7,144448.0,19259.73,,Idle,,20,,10,,,20,Go Home,False,False,False,False,False,False,False,False,False,False,False,False,33.8027920380556,-117.4659261431046,4024.4,4043.5,1049.4,396.9,True,1,1,False,False,False,False,,True,False,False,Course Lock,196.8,67,16.4,93,W,S,3.35,11.4,Calm,False,True,Android,7.0.2,M300 RTK,1ZN7L4R0H1D00F,1W9DL31001461C,1ZMLH8300204F0,1Z6PH74DAP0QN7,"Corona, CA",728.3,5.7,137.7,8.547347,2.013246,0,0,DJI Matrice 300 RTK,M300 RTK,1ZN7L4R0H1D00F,1W9DL31001461C,1ZMLH8300204F0,1Z6PH74DAP0QN7,DJI Pilot,Android,7.0.2,1EF72A62-B7C3-C88D-164E-CE6F8C8424AE,1ZN7L4R0H1D00F,1W9DL31001461C,,1ZMLH8300204F0,1W9DL31001461C,,,,,
2023-11-01,11:36:23.73 AM,12m 1.4s,721.4,33.7938339758176,-117.4736745445761,-47.9,137.7,3.6,1216,5792.8,1.14062,8.547335,-0.223694,2.23694,-1.11847,5.816044,0.671082,2.013246,-2.1,0.3,2.1,91.2,91.2,255.2,Tripod,Other,,20,5,True,,True,False,,Smart,RC,False,True,False,,,True,,False,False,False,False,False,False,False,False,False,False,0,Follow Yaw,-71.9,0,83.1,83.1,False,False,False,False,False,,0,0,False,False,No Card,100,100,1024,1024,364,1024,2,False,False,False,False,False,0,False,False,False,False,62,,45.78,,3091,,4986,,45.78,,True,3.822,3.822,3.822,3.822,3.822,3.822,3.822,3.822,3.822,3.822,3.822,3.822,0,,False,False,True,,,,,,,,,,,,,,,False,False,9.74,,107.0,,75.7,,107.4,,1136,126,,21,7,144448.0,19259.73,,Idle,,20,,10,,,20,Go Home,False,False,False,False,False,False,False,False,False,False,False,False,33.8027920380556,-117.4659261431046,4024.6,4043.5,1049.4,396.9,True,1,1,False,False,False,False,,True,False,False,Course Lock,196.8,67,16.4,93,W,S,3.57,11.4,Calm,False,True,Android,7.0.2,M300 RTK,1ZN7L4R0H1D00F,1W9DL31001461C,1ZMLH8300204F0,1Z6PH74DAP0QN7,"Corona, CA",728.3,5.7,137.7,8.547347,2.013246,0,0,DJI Matrice 300 RTK,M300 RTK,1ZN7L4R0H1D00F,1W9DL31001461C,1ZMLH8300204F0,1Z6PH74DAP0QN7,DJI Pilot,Android,7.0.2,1EF72A62-B7C3-C88D-164E-CE6F8C8424AE,1ZN7L4R0H1D00F,1W9DL31001461C,,1ZMLH8300204F0,1W9DL31001461C,,,,,
2023-11-01,11:36:23.83 AM,12m 1.5s,721.5,33.7938338087359,-117.4736752885035,-47.9,137.7,3.6,1216,5793.0,0.922313,8.547335,-0.223694,2.23694,-0.894776,5.816044,0.671082,2.013246,-1.6,1,1.8,91.4,91.4,254.8,Tripod,Other,,20,5,True,,True,False,,Smart,RC,False,True,False,,,True,,False,False,False,False,False,False,False,False,False,False,0,Follow Yaw,-71.9,0,83.1,83.1,False,False,False,False,False,,0,0,False,False,No Card,100,100,1024,1024,364,1024,2,False,False,False,False,False,0,False,False,False,False,62,,45.78,,3091,,4986,,45.78,,True,3.822,3.822,3.822,3.822,3.822,3.822,3.822,3.822,3.822,3.822,3.822,3.822,0,,False,False,True,,,,,,,,,,,,,,,False,False,9.74,,107.0,,75.7,,107.4,,1136,126,,21,7,144448.0,19259.73,,Idle,,20,,10,,,20,Go Home,False,False,False,False,False,False,False,False,False,False,False,False,33.8027920380556,-117.4659261431046,4024.8,4043.5,1049.4,396.9,True,1,1,False,False,False,False,,True,False,False,Course Lock,196.8,67,16.4,93,W,S,3.57,11.4,Calm,False,True,Android,7.0.2,M300 RTK,1ZN7L4R0H1D00F,1W9DL31001461C,1ZMLH8300204F0,1Z6PH74DAP0QN7,"Corona, CA",728.3,5.7,137.7,8.547347,2.013246,0,0,DJI Matrice 300 RTK,M300 RTK,1ZN7L4R0H1D00F,1W9DL31001461C,1ZMLH8300204F0,1Z6PH74DAP0QN7,DJI Pilot,Android,7.0.2,1EF72A62-B7C3-C88D-164E-CE6F8C8424AE,1ZN7L4R0H1D00F,1W9DL31001461C,,1ZMLH8300204F0,1W9DL31001461C,,,,,
2023-11-01,11:36:23.94 AM,12m 1.6s,721.6,33.7938336795525,-117.4736757912998,-47.9,137.7,3.6,1216,5793.2,0.922313,8.547335,-0.223694,2.23694,-0.894776,5.816044,0.671082,2.013246,-0.1,1.6,1.6,91.4,91.4,252.8,Tripod,Other,,20,5,True,,True,False,,Smart,RC,False,True,False,,,True,,False,False,False,False,False,False,False,False,False,False,0,Follow Yaw,-71.9,0,83.1,83.1,False,False,False,False,False,,0,0,False,False,No Card,100,100,1024,1024,364,1024,2,False,False,False,False,False,0,False,False,False,False,62,,45.78,,3091,,4986,,45.78,,True,3.822,3.822,3.822,3.822,3.822,3.822,3.822,3.822,3.822,3.822,3.822,3.822,0,,False,False,True,,,,,,,,,,,,,,,False,False,9.74,,107.0,,75.7,,107.4,,1136,126,,21,7,144448.0,19259.73,,Idle,,20,,10,,,20,Go Home,False,False,False,False,False,False,False,False,False,False,False,False,33.8027920380556,-117.4659261431046,4024.9,4043.5,1049.4,396.9,True,1,1,False,False,False,False,,True,False,False,Course Lock,196.8,67,16.4,93,W,S,3.57,11.4,Calm,False,True,Android,7.0.2,M300 RTK,1ZN7L4R0H1D00F,1W9DL31001461C,1ZMLH8300204F0,1Z6PH74DAP0QN7,"Corona, CA",728.3,5.7,137.7,8.547347,2.013246,0,0,DJI Matrice 300 RTK,M300 RTK,1ZN7L4R0H1D00F,1W9DL31001461C,1ZMLH8300204F0,1Z6PH74DAP0QN7,DJI Pilot,Android,7.0.2,1EF72A62-B7C3-C88D-164E-CE6F8C8424AE,1ZN7L4R0H1D00F,1W9DL31001461C,,1ZMLH8300204F0,1W9DL31001461C,,,,,
2023-11-01,11:36:24.04 AM,12m 1.7s,721.7,33.7938334833445,-117.4736761971984,-48.2,137.7,3.2,1216,5793.3,0.922313,8.547335,-0.223694,2.23694,-0.894776,5.816044,0.671082,2.013246,0.1,1,1,91.3,91.3,239.8,Tripod,Other,,20,5,True,,True,False,,Smart,RC,False,True,False,,,True,,False,False,False,False,False,False,False,False,False,False,0,Follow Yaw,-71.9,0,83.1,83.1,False,False,False,False,False,,0,0,False,False,No Card,100,100,1024,1257,368,1024,2,False,False,False,False,False,0,False,False,False,False,62,,45.78,,3091,,4986,,45.78,,True,3.822,3.822,3.822,3.822,3.822,3.822,3.822,3.822,3.822,3.822,3.822,3.822,0,,False,False,True,,,,,,,,,,,,,,,False,False,9.74,,107.0,,75.7,,107.4,,1136,126,,21,7,144448.0,19259.73,,Idle,,20,,10,,,20,Go Home,False,False,False,False,False,False,False,False,False,False,False,False,33.8027920380556,-117.4659261431046,4025.0,4043.5,1049.4,396.9,True,1,1,False,False,False,False,,True,False,False,Course Lock,196.8,67,16.4,93,W,S,3.57,11.4,Calm,False,True,Android,7.0.2,M300 RTK,1ZN7L4R0H1D00F,1W9DL31001461C,1ZMLH8300204F0,1Z6PH74DAP0QN7,"Corona, CA",728.3,5.7,137.7,8.547347,2.013246,0,0,DJI Matrice 300 RTK,M300 RTK,1ZN7L4R0H1D00F,1W9DL31001461C,1ZMLH8300204F0,1Z6PH74DAP0QN7,DJI Pilot,Android,7.0.2,1EF72A62-B7C3-C88D-164E-CE6F8C8424AE,1ZN7L4R0H1D00F,1W9DL31001461C,,1ZMLH8300204F0,1W9DL31001461C,,,,,
2023-11-01,11:36:24.14 AM,12m 1.8s,721.8,33.7938333340812,-117.4736766435879,-48.2,137.7,3.2,1216,5793.4,0.707382,8.547335,-0.223694,2.23694,-0.671082,5.816044,0.671082,2.013246,-0.2,0.2,0.2,91.2,91.2,248.0,Tripod,Other,,20,5,True,,True,False,,Smart,RC,False,True,False,,,True,,False,False,False,False,False,False,False,False,False,False,0,Follow Yaw,-71.9,0,83.1,83.1,False,False,False,False,False,,0,0,False,False,No Card,100,100,1024,1293,368,1024,2,False,False,False,False,False,0,False,False,False,False,62,,45.78,,3091,,4986,,45.78,,True,3.822,3.822,3.822,3.822,3.822,3.822,3.822,3.822,3.822,3.822,3.822,3.822,0,,False,False,True,,,,,,,,,,,,,,,False,False,9.74,,107.0,,75.7,,107.4,,1136,126,,21,7,144448.0,19259.73,,Idle,,20,,10,,,20,Go Home,False,False,False,False,False,False,False,False,False,False,False,False,33.8027920380556,-117.4659261431046,4025.2,4043.5,1049.4,396.9,True,1,1,False,False,False,False,,True,False,False,Course Lock,196.8,67,16.4,93,W,S,3.57,11.4,Calm,False,True,Android,7.0.2,M300 RTK,1ZN7L4R0H1D00F,1W9DL31001461C,1ZMLH8300204F0,1Z6PH74DAP0QN7,"Corona, CA",728.3,5.7,137.7,8.547347,2.013246,0,0,DJI Matrice 300 RTK,M300 RTK,1ZN7L4R0H1D00F,1W9DL31001461C,1ZMLH8300204F0,1Z6PH74DAP0QN7,DJI Pilot,Android,7.0.2,1EF72A62-B7C3-C88D-164E-CE6F8C8424AE,1ZN7L4R0H1D00F,1W9DL31001461C,,1ZMLH8300204F0,1W9DL31001461C,,,,,
2023-11-01,11:36:24.25 AM,12m 1.9s,721.9,33.7938331542524,-117.4736770208707,-48.2,137.7,3.2,1216,5793.6,0.707382,8.547335,-0.223694,2.23694,-0.671082,5.816044,0.671082,2.013246,-0.1,0,0.1,91.1,91.1,240.1,Tripod,Other,,20,5,True,,True,False,,Smart,RC,False,True,False,,,True,,False,False,False,False,False,False,False,False,False,False,0,Follow Yaw,-71.9,0,83.1,83.1,False,False,False,False,False,,0,0,False,False,No Card,100,100,1024,1326,364,1024,2,False,False,False,False,False,0,False,False,False,False,62,,45.78,,3091,,4986,,45.78,,True,3.822,3.822,3.822,3.822,3.822,3.822,3.822,3.822,3.822,3.822,3.822,3.822,0,,False,False,True,,,,,,,,,,,,,,,False,False,9.74,,107.0,,75.7,,107.4,,1136,126,,21,7,144448.0,19259.73,,Idle,,20,,10,,,20,Go Home,False,False,False,False,False,False,False,False,False,False,False,False,33.8027920380556,-117.4659261431046,4025.3,4043.5,1049.4,396.9,True,1,1,False,False,False,False,,True,False,False,Course Lock,196.8,67,16.4,93,W,S,3.57,11.4,Calm,False,True,Android,7.0.2,M300 RTK,1ZN7L4R0H1D00F,1W9DL31001461C,1ZMLH8300204F0,1Z6PH74DAP0QN7,"Corona, CA",728.3,5.7,137.7,8.547347,2.013246,0,0,DJI Matrice 300 RTK,M300 RTK,1ZN7L4R0H1D00F,1W9DL31001461C,1ZMLH8300204F0,1Z6PH74DAP0QN7,DJI Pilot,Android,7.0.2,1EF72A62-B7C3-C88D-164E-CE6F8C8424AE,1ZN7L4R0H1D00F,1W9DL31001461C,,1ZMLH8300204F0,1W9DL31001461C,,,,,
2023-11-01,11:36:24.35 AM,12m 2.0s,722.0,33.7938330306887,-117.4736773904016,-48.5,137.7,2.9,1215,5793.7,0.707382,8.547335,-0.223694,2.23694,-0.671082,5.816044,0.447388,2.013246,0,0.2,0.2,91.1,91.1,248.0,Tripod,Other,,20,5,True,,True,False,,Smart,RC,False,True,False,,,True,,False,False,False,False,False,False,False,False,False,False,0,Follow Yaw,-71.9,0,83.1,83.1,False,False,False,False,False,,0,0,False,False,No Card,100,100,1024,1316,364,1024,2,False,False,False,False,False,0,False,False,False,False,61,,45.816,,6176,,10044,,45.816,,True,3.822,3.822,3.822,3.822,3.822,3.822,3.822,3.822,3.822,3.822,3.822,3.822,0,,False,False,True,,,,,,,,,,,,,,,False,False,19.888,,107.4,,75.7,,107.4,,1136,126,,21,7,144448.0,19259.73,,Idle,,20,,10,,,20,Go Home,False,False,False,False,False,False,False,False,False,False,False,False,33.8027920380556,-117.4659261431046,4025.4,4043.5,1049.4,396.9,True,1,1,False,False,False,False,,True,False,False,Course Lock,196.8,67,16.4,93,W,S,3.57,11.4,Calm,False,True,Android,7.0.2,M300 RTK,1ZN7L4R0H1D00F,1W9DL31001461C,1ZMLH8300204F0,1Z6PH74DAP0QN7,"Corona, CA",728.3,5.7,137.7,8.547347,2.013246,0,0,DJI Matrice 300 RTK,M300 RTK,1ZN7L4R0H1D00F,1W9DL31001461C,1ZMLH8300204F0,1Z6PH74DAP0QN7,DJI Pilot,Android,7.0.2,1EF72A62-B7C3-C88D-164E-CE6F8C8424AE,1ZN7L4R0H1D00F,1W9DL31001461C,,1ZMLH8300204F0,1W9DL31001461C,,,,,
2023-11-01,11:36:24.45 AM,12m 2.1s,722.1,33.7938328939668,-117.4736777668598,-48.5,137.7,2.9,1215,5793.8,0.500194,8.547335,-0.223694,2.23694,-0.447388,5.816044,0.447388,2.013246,-0.6,0.5,0.7,91.2,91.2,246.3,Tripod,Other,,20,5,True,,True,False,,Smart,RC,False,True,False,,,True,,False,False,False,False,False,False,False,False,False,False,0,Follow Yaw,-71.9,0,83.1,83.1,False,False,False,False,False,,0,0,False,False,No Card,100,100,1024,1223,364,1024,2,False,False,False,False,False,0,False,False,False,False,61,,45.816,,6176,,10044,,45.816,,True,3.822,3.822,3.822,3.822,3.822,3.822,3.822,3.822,3.822,3.822,3.822,3.822,0,,False,False,True,,,,,,,,,,,,,,,False,False,19.888,,107.4,,75.7,,107.4,,1136,126,,21,7,144448.0,19259.73,,Idle,,20,,10,,,20,Go Home,False,False,False,False,False,False,False,False,False,False,False,False,33.8027920380556,-117.4659261431046,4025.5,4043.5,1049.4,396.9,True,1,1,False,False,False,False,,True,False,False,Course Lock,196.8,67,16.4,93,W,S,3.57,11.4,Calm,False,True,Android,7.0.2,M300 RTK,1ZN7L4R0H1D00F,1W9DL31001461C,1ZMLH8300204F0,1Z6PH74DAP0QN7,"Corona, CA",728.3,5.7,137.7,8.547347,2.013246,0,0,DJI Matrice 300 RTK,M300 RTK,1ZN7L4R0H1D00F,1W9DL31001461C,1ZMLH8300204F0,1Z6PH74DAP0QN7,DJI Pilot,Android,7.0.2,1EF72A62-B7C3-C88D-164E-CE6F8C8424AE,1ZN7L4R0H1D00F,1W9DL31001461C,,1ZMLH8300204F0,1W9DL31001461C,,,,,
2023-11-01,11:36:24.56 AM,12m 2.2s,722.2,33.7938327762283,-117.4736780683561,-48.5,137.7,2.9,1215,5793.9,0.500194,8.547335,-0.223694,2.23694,-0.447388,5.816044,0.447388,2.013246,-1.7,0.6,1.8,91.2,91.2,244.8,Tripod,Other,,20,5,True,,True,False,,Smart,RC,False,True,False,,,True,,False,False,False,False,False,False,False,False,False,False,0,Follow Yaw,-71.9,0,83.1,83.1,False,False,False,False,False,,0,0,False,False,No Card,100,100,1024,1183,364,1024,2,False,False,False,False,False,0,False,False,False,False,61,,45.816,,6176,,10044,,45.816,,True,3.822,3.822,3.822,3.822,3.822,3.822,3.822,3.822,3.822,3.822,3.822,3.822,0,,False,False,True,,,,,,,,,,,,,,,False,False,19.888,,107.4,,75.7,,107.4,,1136,126,,21,7,144448.0,19259.73,,Idle,,20,,10,,,20,Go Home,False,False,False,False,False,False,False,False,False,False,False,False,33.8027920380556,-117.4659261431046,4025.6,4043.5,1049.4,396.9,True,1,1,False,False,False,False,,True,False,False,Course Lock,196.8,67,16.4,93,W,S,3.57,11.4,Calm,False,True,Android,7.0.2,M300 RTK,1ZN7L4R0H1D00F,1W9DL31001461C,1ZMLH8300204F0,1Z6PH74DAP0QN7,"Corona, CA",728.3,5.7,137.7,8.547347,2.013246,0,0,DJI Matrice 300 RTK,M300 RTK,1ZN7L4R0H1D00F,1W9DL31001461C,1ZMLH8300204F0,1Z6PH74DAP0QN7,DJI Pilot,Android,7.0.2,1EF72A62-B7C3-C88D-164E-CE6F8C8424AE,1ZN7L4R0H1D00F,1W9DL31001461C,,1ZMLH8300204F0,1W9DL31001461C,,,,,
2023-11-01,11:36:24.66 AM,12m 2.3s,722.3,33.7938326654801,-117.4736782355151,-48.5,137.7,2.9,1215,5794.0,0.316351,8.547335,-0.223694,2.23694,-0.223694,5.816044,0.447388,2.013246,-2.7,0.6,2.7,91.2,91.2,231.4,Tripod,Other,,20,5,True,,True,False,,Smart,RC,False,True,False,,,True,,False,False,False,False,False,False,False,False,False,False,0,Follow Yaw,-71.9,0,83.1,83.1,False,False,False,False,False,,0,0,False,False,No Card,100,100,1024,1160,364,1024,2,False,False,False,False,False,0,False,False,False,False,61,,45.816,,6176,,10044,,45.816,,True,3.819,3.819,3.819,3.819,3.819,3.819,3.819,3.819,3.819,3.819,3.819,3.819,0,,False,False,True,,,,,,,,,,,,,,,False,False,19.888,,107.4,,75.7,,107.4,,1138,126,,22,7,144426.9,19256.92,,Idle,,20,,10,,,20,Go Home,False,False,False,False,False,False,False,False,False,False,False,False,33.8027920380556,-117.4659261431046,4025.6,4043.5,1049.4,396.9,True,1,1,False,False,False,False,,True,False,False,Course Lock,196.8,67,16.4,93,W,S,3.57,11.4,Calm,False,True,Android,7.0.2,M300 RTK,1ZN7L4R0H1D00F,1W9DL31001461C,1ZMLH8300204F0,1Z6PH74DAP0QN7,"Corona, CA",728.3,5.7,137.7,8.547347,2.013246,0,0,DJI Matrice 300 RTK,M300 RTK,1ZN7L4R0H1D00F,1W9DL31001461C,1ZMLH8300204F0,1Z6PH74DAP0QN7,DJI Pilot,Android,7.0.2,1EF72A62-B7C3-C88D-164E-CE6F8C8424AE,1ZN7L4R0H1D00F,1W9DL31001461C,,1ZMLH8300204F0,1W9DL31001461C,,,,,
2023-11-01,11:36:24.76 AM,12m 2.4s,722.4,33.7938325529501,-117.4736783878301,-48.8,137.7,2.6,1215,5794.0,0.223694,8.547335,-0.223694,2.23694,0,5.816044,0.447388,2.013246,-3,0.3,3,91.1,91.1,228.3,Tripod,Other,,20,5,True,,True,False,,Smart,RC,False,True,False,,,True,,False,False,False,False,False,False,False,False,False,False,0,Follow Yaw,-71.9,0,83.1,83.1,False,False,False,False,False,,0,0,False,False,No Card,100,100,1024,1088,364,1024,2,False,False,False,False,False,0,False,False,False,False,61,,45.816,,6176,,10044,,45.816,,True,3.819,3.819,3.819,3.819,3.819,3.819,3.819,3.819,3.819,3.819,3.819,3.819,0,,False,False,True,,,,,,,,,,,,,,,False,False,19.888,,107.4,,75.7,,107.4,,1138,126,,22,7,144426.9,19256.92,,Idle,,20,,10,,,20,Go Home,False,False,False,False,False,False,False,False,False,False,False,False,33.8027920380556,-117.4659261431046,4025.7,4043.5,1049.4,396.9,True,1,1,False,False,False,False,,True,False,False,Course Lock,196.8,67,16.4,93,W,S,3.57,11.4,Calm,False,True,Android,7.0.2,M300 RTK,1ZN7L4R0H1D00F,1W9DL31001461C,1ZMLH8300204F0,1Z6PH74DAP0QN7,"Corona, CA",728.3,5.7,137.7,8.547347,2.013246,0,0,DJI Matrice 300 RTK,M300 RTK,1ZN7L4R0H1D00F,1W9DL31001461C,1ZMLH8300204F0,1Z6PH74DAP0QN7,DJI Pilot,Android,7.0.2,1EF72A62-B7C3-C88D-164E-CE6F8C8424AE,1ZN7L4R0H1D00F,1W9DL31001461C,,1ZMLH8300204F0,1W9DL31001461C,,,,,
2023-11-01,11:36:24.86 AM,12m 2.5s,722.5,33.7938325156,-117.4736785742037,-48.8,137.7,2.6,1215,5794.1,0.223694,8.547335,-0.223694,2.23694,0,5.816044,0.447388,2.013246,-2.4,0.2,2.4,91.1,91.1,256.4,Tripod,Other,,20,5,True,,True,False,,Smart,RC,False,True,False,,,True,,False,False,False,False,False,False,False,False,False,False,0,Follow Yaw,-71.9,0,83.1,83.1,False,False,False,False,False,,0,0,False,False,No Card,100,100,1024,1024,364,1024,2,False,False,False,False,False,0,False,False,False,False,61,,45.816,,6176,,10044,,45.816,,True,3.819,3.819,3.819,3.819,3.819,3.819,3.819,3.819,3.819,3.819,3.819,3.819,0,,False,False,True,,,,,,,,,,,,,,,False,False,19.888,,107.4,,75.7,,107.4,,1138,126,,22,7,144426.9,19256.92,,Idle,,20,,10,,,20,Go Home,False,False,False,False,False,False,False,False,False,False,False,False,33.8027920380556,-117.4659261431046,4025.7,4043.5,1049.4,396.9,True,1,1,False,False,False,False,,True,False,False,Course Lock,196.8,67,16.4,93,W,S,3.57,11.4,Calm,False,True,Android,7.0.2,M300 RTK,1ZN7L4R0H1D00F,1W9DL31001461C,1ZMLH8300204F0,1Z6PH74DAP0QN7,"Corona, CA",728.3,5.7,137.7,8.547347,2.013246,0,0,DJI Matrice 300 RTK,M300 RTK,1ZN7L4R0H1D00F,1W9DL31001461C,1ZMLH8300204F0,1Z6PH74DAP0QN7,DJI Pilot,Android,7.0.2,1EF72A62-B7C3-C88D-164E-CE6F8C8424AE,1ZN7L4R0H1D00F,1W9DL31001461C,,1ZMLH8300204F0,1W9DL31001461C,,,,,
2023-11-01,11:36:24.97 AM,12m 2.6s,722.6,33.7938324186953,-117.4736785789868,-48.8,137.7,2.6,1215,5794.1,0,8.547335,0,2.23694,0,5.816044,0.447388,2.013246,-1.3,0.2,1.3,91.1,91.1,,Tripod,Other,,20,5,True,,True,False,,Smart,RC,False,True,False,,,True,,False,False,False,False,False,False,False,False,False,False,0,Follow Yaw,-71.9,0,83.1,83.1,False,False,False,False,False,,0,0,False,False,No Card,100,100,1024,1024,364,1024,2,False,False,False,False,False,0,False,False,False,False,61,,45.816,,6176,,10044,,45.816,,True,3.819,3.819,3.819,3.819,3.819,3.819,3.819,3.819,3.819,3.819,3.819,3.819,0,,False,False,True,,,,,,,,,,,,,,,False,False,19.888,,107.4,,75.7,,107.4,,1138,126,,22,7,144426.9,19256.92,,Idle,,20,,10,,,20,Go Home,False,False,False,False,False,False,False,False,False,False,False,False,33.8027920380556,-117.4659261431046,4025.8,4043.5,1049.4,396.9,True,1,1,False,False,False,False,,True,False,False,Course Lock,196.8,67,16.4,93,W,S,3.57,11.4,Calm,False,False,Android,7.0.2,M300 RTK,1ZN7L4R0H1D00F,1W9DL31001461C,1ZMLH8300204F0,1Z6PH74DAP0QN7,"Corona, CA",728.3,5.7,137.7,8.547347,2.013246,0,0,DJI Matrice 300 RTK,M300 RTK,1ZN7L4R0H1D00F,1W9DL31001461C,1ZMLH8300204F0,1Z6PH74DAP0QN7,DJI Pilot,Android,7.0.2,1EF72A62-B7C3-C88D-164E-CE6F8C8424AE,1ZN7L4R0H1D00F,1W9DL31001461C,,1ZMLH8300204F0,1W9DL31001461C,,,,,
2023-11-01,11:36:25.07 AM,12m 2.7s,722.7,33.7938323701059,-117.473678591769,-48.8,137.7,2.2,1215,5794.2,0,8.547335,0,2.23694,0,5.816044,0.447388,2.013246,0.1,0.3,0.3,91.1,91.1,,Tripod,Other,,20,5,True,,True,False,,Smart,RC,False,True,False,,,True,,False,False,False,False,False,False,False,False,False,False,0,Follow Yaw,-71.9,0,83.1,83.1,False,False,False,False,False,,0,0,False,False,No Card,100,100,1024,1035,364,1024,2,False,False,False,False,False,0,False,False,False,False,61,,45.696,,3041,,4986,,45.696,,True,3.819,3.819,3.819,3.819,3.819,3.819,3.819,3.819,3.819,3.819,3.819,3.819,0,,False,False,True,,,,,,,,,,,,,,,False,False,10.818,,107.2,,75.7,,107.4,,1138,126,,22,7,144426.9,19256.92,,Idle,,20,,10,,,20,Go Home,False,False,False,False,False,False,False,False,False,False,False,False,33.8027920380556,-117.4659261431046,4025.8,4043.5,1049.4,396.9,True,1,1,False,False,False,False,,True,False,False,Course Lock,196.8,67,16.4,93,W,S,3.57,11.4,Calm,False,False,Android,7.0.2,M300 RTK,1ZN7L4R0H1D00F,1W9DL31001461C,1ZMLH8300204F0,1Z6PH74DAP0QN7,"Corona, CA",728.3,5.7,137.7,8.547347,2.013246,0,0,DJI Matrice 300 RTK,M300 RTK,1ZN7L4R0H1D00F,1W9DL31001461C,1ZMLH8300204F0,1Z6PH74DAP0QN7,DJI Pilot,Android,7.0.2,1EF72A62-B7C3-C88D-164E-CE6F8C8424AE,1ZN7L4R0H1D00F,1W9DL31001461C,,1ZMLH8300204F0,1W9DL31001461C,,,,,
2023-11-01,11:36:25.17 AM,12m 2.8s,722.8,33.7938322900602,-117.4736785323934,-49.2,137.7,2.2,1215,5794.2,0,8.547335,0,2.23694,0,5.816044,0.447388,2.013246,2.1,0.1,2.1,91.1,91.1,,Tripod,Other,,20,5,True,,True,False,,Smart,RC,False,True,False,,,True,,False,False,False,False,False,False,False,False,False,False,0,Follow Yaw,-71.9,0,83.1,83.1,False,False,False,False,False,,0,0,False,False,No Card,100,100,1024,1185,364,1024,2,False,False,False,False,False,0,False,False,False,False,61,,45.696,,3041,,4986,,45.696,,True,3.819,3.819,3.819,3.819,3.819,3.819,3.819,3.819,3.819,3.819,3.819,3.819,0,,False,False,True,,,,,,,,,,,,,,,False,False,10.818,,107.2,,75.7,,107.4,,1138,126,,22,7,144426.9,19256.92,,Idle,,20,,10,,,20,Go Home,False,False,False,False,False,False,False,False,False,False,False,False,33.8027920380556,-117.4659261431046,4025.8,4043.5,1049.4,396.9,True,1,1,False,False,False,False,,True,False,False,Course Lock,196.8,67,16.4,93,W,S,3.57,11.4,Calm,False,False,Android,7.0.2,M300 RTK,1ZN7L4R0H1D00F,1W9DL31001461C,1ZMLH8300204F0,1Z6PH74DAP0QN7,"Corona, CA",728.3,5.7,137.7,8.547347,2.013246,0,0,DJI Matrice 300 RTK,M300 RTK,1ZN7L4R0H1D00F,1W9DL31001461C,1ZMLH8300204F0,1Z6PH74DAP0QN7,DJI Pilot,Android,7.0.2,1EF72A62-B7C3-C88D-164E-CE6F8C8424AE,1ZN7L4R0H1D00F,1W9DL31001461C,,1ZMLH8300204F0,1W9DL31001461C,,,,,
2023-11-01,11:36:25.27 AM,12m 2.9s,722.9,33.793832399986,-117.4736783690279,-49.2,137.7,2.2,1215,5794.3,0,8.547335,0,2.23694,0,5.816044,0.447388,2.013246,3.3,0,3.3,91.3,91.3,,Tripod,Other,,20,5,True,,True,False,,Smart,RC,False,True,False,,,True,,False,False,False,False,False,False,False,False,False,False,0,Follow Yaw,-71.9,0,83.1,83.1,False,False,False,False,False,,0,0,False,False,No Card,100,100,1013,1201,364,1024,2,False,False,False,False,False,0,False,False,False,False,61,,45.696,,3041,,4986,,45.696,,True,3.819,3.819,3.819,3.819,3.819,3.819,3.819,3.819,3.819,3.819,3.819,3.819,0,,False,False,True,,,,,,,,,,,,,,,False,False,10.818,,107.2,,75.7,,107.4,,1138,126,,22,7,144426.9,19256.92,,Idle,,20,,10,,,20,Go Home,False,False,False,False,False,False,False,False,False,False,False,False,33.8027920380556,-117.4659261431046,4025.7,4043.5,1049.4,396.9,True,1,1,False,False,False,False,,True,False,False,Course Lock,196.8,67,16.4,93,W,S,3.57,11.4,Calm,False,False,Android,7.0.2,M300 RTK,1ZN7L4R0H1D00F,1W9DL31001461C,1ZMLH8300204F0,1Z6PH74DAP0QN7,"Corona, CA",728.3,5.7,137.7,8.547347,2.013246,0,0,DJI Matrice 300 RTK,M300 RTK,1ZN7L4R0H1D00F,1W9DL31001461C,1ZMLH8300204F0,1Z6PH74DAP0QN7,DJI Pilot,Android,7.0.2,1EF72A62-B7C3-C88D-164E-CE6F8C8424AE,1ZN7L4R0H1D00F,1W9DL31001461C,,1ZMLH8300204F0,1W9DL31001461C,,,,,
2023-11-01,11:36:25.38 AM,12m 3.0s,723.0,33.7938323547547,-117.4736783441231,-49.2,137.7,2.2,1215,5794.3,0,8.547335,0,2.23694,0,5.816044,0.223694,2.013246,2.6,0.2,2.6,91.5,91.5,,Tripod,Other,,20,5,True,,True,False,,Smart,RC,False,True,False,,,True,,False,False,False,False,False,False,False,False,False,False,0,Follow Yaw,-71.9,0,83.1,83.1,False,False,False,False,False,,0,0,False,False,No Card,100,100,1024,1044,364,1024,2,False,False,False,False,False,0,False,False,False,False,61,,45.72,,6126,,10044,,45.72,,True,3.819,3.819,3.819,3.819,3.819,3.819,3.819,3.819,3.819,3.819,3.819,3.819,0,,False,False,True,,,,,,,,,,,,,,,False,False,21.588,,107.4,,75.7,,107.4,,1138,126,,22,7,144426.9,19256.92,,Idle,,20,,10,,,20,Go Home,False,False,False,False,False,False,False,False,False,False,False,False,33.8027920380556,-117.4659261431046,4025.7,4043.5,1049.4,396.9,True,1,1,False,False,False,False,,True,False,False,Course Lock,196.8,67,16.4,93,W,S,3.57,11.4,Calm,False,False,Android,7.0.2,M300 RTK,1ZN7L4R0H1D00F,1W9DL31001461C,1ZMLH8300204F0,1Z6PH74DAP0QN7,"Corona, CA",728.3,5.7,137.7,8.547347,2.013246,0,0,DJI Matrice 300 RTK,M300 RTK,1ZN7L4R0H1D00F,1W9DL31001461C,1ZMLH8300204F0,1Z6PH74DAP0QN7,DJI Pilot,Android,7.0.2,1EF72A62-B7C3-C88D-164E-CE6F8C8424AE,1ZN7L4R0H1D00F,1W9DL31001461C,,1ZMLH8300204F0,1W9DL31001461C,,,,,
2023-11-01,11:36:25.44 AM,12m 3.1s,723.1,33.7938320848745,-117.4736782144038,-49.2,137.7,2.2,1215,5794.4,0,8.547335,0,2.23694,0,5.816044,0.223694,2.013246,0.8,0.4,0.8,91.7,91.7,,Tripod,Other,,20,5,True,,True,False,,Smart,RC,False,True,False,,,True,,False,False,False,False,False,False,False,False,False,False,0,Follow Yaw,-71.9,0,83.1,83.1,False,False,False,False,False,,0,0,False,False,No Card,100,100,1024,1024,364,1024,2,False,False,False,False,False,0,False,False,False,False,61,,45.72,,6126,,10044,,45.72,,True,3.819,3.819,3.819,3.819,3.819,3.819,3.819,3.819,3.819,3.819,3.819,3.819,0,,False,False,True,,,,,,,,,,,,,,,False,False,21.588,,107.4,,75.7,,107.4,,1138,126,,22,7,144426.9,19256.92,,Idle,,20,,10,,,20,Go Home,False,False,False,False,False,False,False,False,False,False,False,False,33.8027920380556,-117.4659261431046,4025.8,4043.5,1049.4,396.9,True,1,1,False,False,False,False,,True,False,False,Course Lock,196.8,67,16.4,93,W,S,3.57,11.4,Calm,False,False,Android,7.0.2,M300 RTK,1ZN7L4R0H1D00F,1W9DL31001461C,1ZMLH8300204F0,1Z6PH74DAP0QN7,"Corona, CA",728.3,5.7,137.7,8.547347,2.013246,0,0,DJI Matrice 300 RTK,M300 RTK,1ZN7L4R0H1D00F,1W9DL31001461C,1ZMLH8300204F0,1Z6PH74DAP0QN7,DJI Pilot,Android,7.0.2,1EF72A62-B7C3-C88D-164E-CE6F8C8424AE,1ZN7L4R0H1D00F,1W9DL31001461C,,1ZMLH8300204F0,1W9DL31001461C,,,,,
2023-11-01,11:36:25.54 AM,12m 3.2s,723.2,33.7938320390264,-117.473678182077,-49.2,137.7,1.9,1215,5794.4,0,8.547335,0,2.23694,0,5.816044,0.223694,2.013246,-0.3,0.7,0.7,91.7,91.7,,Tripod,Other,,19,5,True,,True,False,,Smart,RC,False,True,False,,,True,,False,False,False,False,False,False,False,False,False,False,0,Follow Yaw,-71.9,0,83.1,83.1,False,False,False,False,False,,0,0,False,False,No Card,100,100,1024,1024,364,1024,2,False,False,False,False,False,0,False,False,False,False,61,,45.72,,6126,,10044,,45.72,,True,3.819,3.819,3.819,3.819,3.819,3.819,3.819,3.819,3.819,3.819,3.819,3.819,0,,False,False,True,,,,,,,,,,,,,,,False,False,21.588,,107.4,,75.7,,107.4,,1138,126,,22,7,144426.9,19256.92,,Idle,,20,,10,,,20,Go Home,False,False,False,False,False,False,False,False,False,False,False,False,33.8027920380556,-117.4659261431046,4025.8,4043.5,1049.4,396.9,True,1,1,False,False,False,False,,True,False,False,Course Lock,196.8,67,16.4,93,W,S,3.57,11.4,Calm,False,False,Android,7.0.2,M300 RTK,1ZN7L4R0H1D00F,1W9DL31001461C,1ZMLH8300204F0,1Z6PH74DAP0QN7,"Corona, CA",728.3,5.7,137.7,8.547347,2.013246,0,0,DJI Matrice 300 RTK,M300 RTK,1ZN7L4R0H1D00F,1W9DL31001461C,1ZMLH8300204F0,1Z6PH74DAP0QN7,DJI Pilot,Android,7.0.2,1EF72A62-B7C3-C88D-164E-CE6F8C8424AE,1ZN7L4R0H1D00F,1W9DL31001461C,,1ZMLH8300204F0,1W9DL31001461C,,,,,
2023-11-01,11:36:25.64 AM,12m 3.3s,723.3,33.7938320739779,-117.4736780352872,-49.5,137.7,1.9,1214,5794.4,0.223694,8.547335,0,2.23694,0.223694,5.816044,0.223694,2.013246,0,1.2,1.2,91.7,91.7,74.0,Tripod,Other,,19,5,True,,True,False,,Smart,RC,False,True,False,,,True,,False,False,False,False,False,False,False,False,False,False,0,Follow Yaw,-71.9,0,83.1,83.1,False,False,False,False,False,,0,0,False,False,No Card,100,100,1024,1024,364,1024,2,False,False,False,False,False,0,False,False,False,False,61,,45.72,,6126,,10044,,45.72,,True,3.813,3.813,3.813,3.813,3.813,3.813,3.813,3.813,3.813,3.813,3.813,3.813,0,,False,False,True,,,,,,,,,,,,,,,False,False,21.588,,107.4,,75.7,,107.4,,1139,126,,22,7,144983.4,19331.12,,Idle,,20,,10,,,20,Go Home,False,False,False,False,False,False,False,False,False,False,False,False,33.8027920380556,-117.4659261431046,4025.8,4043.5,1049.4,396.9,True,1,1,False,False,False,False,,True,False,False,Course Lock,196.8,67,16.4,93,W,S,3.57,11.4,Calm,False,False,Android,7.0.2,M300 RTK,1ZN7L4R0H1D00F,1W9DL31001461C,1ZMLH8300204F0,1Z6PH74DAP0QN7,"Corona, CA",728.3,5.7,137.7,8.547347,2.013246,0,0,DJI Matrice 300 RTK,M300 RTK,1ZN7L4R0H1D00F,1W9DL31001461C,1ZMLH8300204F0,1Z6PH74DAP0QN7,DJI Pilot,Android,7.0.2,1EF72A62-B7C3-C88D-164E-CE6F8C8424AE,1ZN7L4R0H1D00F,1W9DL31001461C,,1ZMLH8300204F0,1W9DL31001461C,,,,,
2023-11-01,11:36:25.74 AM,12m 3.4s,723.4,33.7938320216877,-117.4736779389667,-49.5,137.7,1.9,1214,5794.5,0.223694,8.547335,0,2.23694,0.223694,5.816044,0.223694,2.013246,1.1,1.3,1.7,91.6,91.6,123.1,Tripod,Other,,19,5,True,,True,False,,Smart,RC,False,True,False,,,True,,False,False,False,False,False,False,False,False,False,False,0,Follow Yaw,-71.9,0,83.1,83.1,False,False,False,False,False,,0,0,False,False,No Card,100,100,1024,1024,364,1024,2,False,False,False,False,False,0,False,False,False,False,61,,45.72,,6126,,10044,,45.72,,True,3.813,3.813,3.813,3.813,3.813,3.813,3.813,3.813,3.813,3.813,3.813,3.813,0,,False,False,True,,,,,,,,,,,,,,,False,False,21.588,,107.4,,75.7,,107.4,,1139,126,,22,7,144983.4,19331.12,,Idle,,20,,10,,,20,Go Home,False,False,False,False,False,False,False,False,False,False,False,False,33.8027920380556,-117.4659261431046,4025.8,4043.5,1049.4,396.9,True,1,1,False,False,False,False,,True,False,False,Course Lock,196.8,67,16.4,93,W,S,3.57,11.4,Calm,False,False,Android,7.0.2,M300 RTK,1ZN7L4R0H1D00F,1W9DL31001461C,1ZMLH8300204F0,1Z6PH74DAP0QN7,"Corona, CA",728.3,5.7,137.7,8.547347,2.013246,0,0,DJI Matrice 300 RTK,M300 RTK,1ZN7L4R0H1D00F,1W9DL31001461C,1ZMLH8300204F0,1Z6PH74DAP0QN7,DJI Pilot,Android,7.0.2,1EF72A62-B7C3-C88D-164E-CE6F8C8424AE,1ZN7L4R0H1D00F,1W9DL31001461C,,1ZMLH8300204F0,1W9DL31001461C,,,,,
2023-11-01,11:36:25.84 AM,12m 3.5s,723.5,33.7938319423959,-117.4736775936808,-49.5,137.7,1.9,1214,5794.6,0.223694,8.547335,0,2.23694,0.223694,5.816044,0.223694,2.013246,2.2,0.7,2.3,91.5,91.5,105.4,Tripod,Other,,19,5,True,,True,False,,Smart,RC,False,True,False,,,True,,False,False,False,False,False,False,False,False,False,False,0,Follow Yaw,-71.9,0,83.1,83.1,False,False,False,False,False,,0,0,False,False,No Card,100,100,1024,1024,364,1024,2,False,False,False,False,False,0,False,False,False,False,61,,45.72,,6126,,10044,,45.72,,True,3.813,3.813,3.813,3.813,3.813,3.813,3.813,3.813,3.813,3.813,3.813,3.813,0,,False,False,True,,,,,,,,,,,,,,,False,False,21.588,,107.4,,75.7,,107.4,,1139,126,,22,7,144983.4,19331.12,,Idle,,20,,10,,,20,Go Home,False,False,False,False,False,False,False,False,False,False,False,False,33.8027920380556,-117.4659261431046,4025.7,4043.5,1049.4,396.9,True,1,1,False,False,False,False,,True,False,False,Course Lock,196.8,67,16.4,93,W,S,3.57,11.4,Calm,False,False,Android,7.0.2,M300 RTK,1ZN7L4R0H1D00F,1W9DL31001461C,1ZMLH8300204F0,1Z6PH74DAP0QN7,"Corona, CA",728.3,5.7,137.7,8.547347,2.013246,0,0,DJI Matrice 300 RTK,M300 RTK,1ZN7L4R0H1D00F,1W9DL31001461C,1ZMLH8300204F0,1Z6PH74DAP0QN7,DJI Pilot,Android,7.0.2,1EF72A62-B7C3-C88D-164E-CE6F8C8424AE,1ZN7L4R0H1D00F,1W9DL31001461C,,1ZMLH8300204F0,1W9DL31001461C,,,,,
2023-11-01,11:36:25.94 AM,12m 3.6s,723.6,33.7938318778384,-117.4736774957935,-49.5,137.7,1.9,1214,5794.6,0,8.547335,0,2.23694,0,5.816044,0.223694,2.013246,3.1,0.2,3.1,91.4,91.4,,Tripod,Other,,19,5,True,,True,False,,Smart,RC,False,True,False,,,True,,False,False,False,False,False,False,False,False,False,False,0,Follow Yaw,-71.9,0,83.1,83.1,False,False,False,False,False,,0,0,False,False,No Card,100,100,1024,1024,364,1024,2,False,False,False,False,False,0,False,False,False,False,61,,45.72,,6126,,10044,,45.72,,True,3.813,3.813,3.813,3.813,3.813,3.813,3.813,3.813,3.813,3.813,3.813,3.813,0,,False,False,True,,,,,,,,,,,,,,,False,False,21.588,,107.4,,75.7,,107.4,,1139,126,,22,7,144983.4,19331.12,,Idle,,20,,10,,,20,Go Home,False,False,False,False,False,False,False,False,False,False,False,False,33.8027920380556,-117.4659261431046,4025.7,4043.5,1049.4,396.9,True,1,1,False,False,False,False,,True,False,False,Course Lock,196.8,67,16.4,93,W,S,3.57,11.4,Calm,False,False,Android,7.0.2,M300 RTK,1ZN7L4R0H1D00F,1W9DL31001461C,1ZMLH8300204F0,1Z6PH74DAP0QN7,"Corona, CA",728.3,5.7,137.7,8.547347,2.013246,0,0,DJI Matrice 300 RTK,M300 RTK,1ZN7L4R0H1D00F,1W9DL31001461C,1ZMLH8300204F0,1Z6PH74DAP0QN7,DJI Pilot,Android,7.0.2,1EF72A62-B7C3-C88D-164E-CE6F8C8424AE,1ZN7L4R0H1D00F,1W9DL31001461C,,1ZMLH8300204F0,1W9DL31001461C,,,,,
2023-11-01,11:36:26.04 AM,12m 3.7s,723.7,33.7938317927213,-117.473677296885,-49.5,137.7,1.9,1214,5794.7,0,8.547335,0,2.23694,0,5.816044,0.223694,2.013246,3.3,0,3.3,91.3,91.3,,Tripod,Other,,19,5,True,,True,False,,Smart,RC,False,True,False,,,True,,False,False,False,False,False,False,False,False,False,False,0,Follow Yaw,-71.9,0,83.1,83.1,False,False,False,False,False,,0,0,False,False,No Card,100,100,1024,1024,364,1024,2,False,False,False,False,False,0,False,False,False,False,61,,45.72,,6126,,10044,,45.72,,True,3.813,3.813,3.813,3.813,3.813,3.813,3.813,3.813,3.813,3.813,3.813,3.813,0,,False,False,True,,,,,,,,,,,,,,,False,False,21.588,,107.4,,75.7,,107.4,,1139,126,,22,7,144983.4,19331.12,,Idle,,20,,10,,,20,Go Home,False,False,False,False,False,False,False,False,False,False,False,False,33.8027920380556,-117.4659261431046,4025.7,4043.5,1049.4,396.9,True,1,1,False,False,False,False,,True,False,False,Course Lock,196.8,67,16.4,93,W,S,3.57,11.4,Calm,False,False,Android,7.0.2,M300 RTK,1ZN7L4R0H1D00F,1W9DL31001461C,1ZMLH8300204F0,1Z6PH74DAP0QN7,"Corona, CA",728.3,5.7,137.7,8.547347,2.013246,0,0,DJI Matrice 300 RTK,M300 RTK,1ZN7L4R0H1D00F,1W9DL31001461C,1ZMLH8300204F0,1Z6PH74DAP0QN7,DJI Pilot,Android,7.0.2,1EF72A62-B7C3-C88D-164E-CE6F8C8424AE,1ZN7L4R0H1D00F,1W9DL31001461C,,1ZMLH8300204F0,1W9DL31001461C,,,,,
2023-11-01,11:36:26.14 AM,12m 3.8s,723.8,33.7938317502998,-117.4736772387464,-49.5,137.7,1.9,1214,5794.7,0,8.547335,0,2.23694,0,5.816044,0,2.013246,3,-0.3,3,91.3,91.3,,Tripod,Other,,18,5,True,,True,False,,Smart,RC,False,True,False,,,True,,False,False,False,False,False,False,False,False,False,False,0,Follow Yaw,-71.9,0,83.1,83.1,False,False,False,False,False,,0,0,False,False,No Card,100,100,1024,1024,364,1024,2,False,False,False,False,False,0,False,False,False,False,61,,45.72,,6126,,10044,,45.72,,True,3.813,3.813,3.813,3.813,3.813,3.813,3.813,3.813,3.813,3.813,3.813,3.813,0,,False,False,True,,,,,,,,,,,,,,,False,False,21.588,,107.4,,75.7,,107.4,,1139,126,,22,7,144983.4,19331.12,,Idle,,20,,10,,,20,Go Home,False,False,False,False,False,False,False,False,False,False,False,False,33.8027920380556,-117.4659261431046,4025.7,4043.5,1049.4,396.9,True,1,1,False,False,False,False,,True,False,False,Course Lock,196.8,67,16.4,93,W,S,3.57,11.4,Calm,False,False,Android,7.0.2,M300 RTK,1ZN7L4R0H1D00F,1W9DL31001461C,1ZMLH8300204F0,1Z6PH74DAP0QN7,"Corona, CA",728.3,5.7,137.7,8.547347,2.013246,0,0,DJI Matrice 300 RTK,M300 RTK,1ZN7L4R0H1D00F,1W9DL31001461C,1ZMLH8300204F0,1Z6PH74DAP0QN7,DJI Pilot,Android,7.0.2,1EF72A62-B7C3-C88D-164E-CE6F8C8424AE,1ZN7L4R0H1D00F,1W9DL31001461C,,1ZMLH8300204F0,1W9DL31001461C,,,,,
2023-11-01,11:36:26.24 AM,12m 3.9s,723.9,33.7938317632525,-117.4736771542185,-49.5,137.7,1.9,1214,5794.7,0,8.547335,0,2.23694,0,5.816044,0,2.013246,2.7,0,2.7,91.4,91.4,,Tripod,Other,,18,5,True,,True,False,,Smart,RC,False,True,False,,,True,,False,False,False,False,False,False,False,False,False,False,0,Follow Yaw,-71.9,0,83.1,83.1,False,False,False,False,False,,0,0,False,False,No Card,100,100,1024,1024,364,1024,2,False,False,False,False,False,0,False,False,False,False,61,,45.72,,6126,,10044,,45.72,,True,3.813,3.813,3.813,3.813,3.813,3.813,3.813,3.813,3.813,3.813,3.813,3.813,0,,False,False,True,,,,,,,,,,,,,,,False,False,21.588,,107.4,,75.7,,107.4,,1139,126,,22,7,144983.4,19331.12,,Idle,,20,,10,,,20,Go Home,False,False,False,False,False,False,False,False,False,False,False,False,33.8027920380556,-117.4659261431046,4025.7,4043.5,1049.4,396.9,True,1,1,False,False,False,False,,True,False,False,Course Lock,196.8,67,16.4,93,W,S,3.57,11.4,Calm,False,False,Android,7.0.2,M300 RTK,1ZN7L4R0H1D00F,1W9DL31001461C,1ZMLH8300204F0,1Z6PH74DAP0QN7,"Corona, CA",728.3,5.7,137.7,8.547347,2.013246,0,0,DJI Matrice 300 RTK,M300 RTK,1ZN7L4R0H1D00F,1W9DL31001461C,1ZMLH8300204F0,1Z6PH74DAP0QN7,DJI Pilot,Android,7.0.2,1EF72A62-B7C3-C88D-164E-CE6F8C8424AE,1ZN7L4R0H1D00F,1W9DL31001461C,,1ZMLH8300204F0,1W9DL31001461C,,,,,
2023-11-01,11:36:26.34 AM,12m 4.0s,724.0,33.7938317524244,-117.473677148116,-49.5,137.7,1.6,1214,5794.7,0,8.547335,0,2.23694,0,5.816044,0,2.013246,2.2,0.5,2.2,91.4,91.4,,Confirm Landing,Other,Landing (Vert Low Limit),18,5,True,,True,False,,Smart,RC,False,True,False,,,True,,False,False,False,False,False,False,False,False,False,False,0,Follow Yaw,-68.7,0,83.1,83.1,False,False,False,False,False,,0,0,False,False,No Card,100,100,1024,1024,364,1024,2,False,False,False,False,False,0,False,False,False,False,61,,45.72,,3041,,4986,,45.72,,True,3.813,3.813,3.813,3.813,3.813,3.813,3.813,3.813,3.813,3.813,3.813,3.813,0,,False,False,True,,,,,,,,,,,,,,,False,False,10.148,,107.2,,75.7,,107.4,,1139,126,,22,7,144983.4,19331.12,,Idle,,20,,10,,,20,Go Home,False,False,False,False,False,False,False,False,False,False,False,False,33.8027920380556,-117.4659261431046,4025.7,4043.5,1049.4,396.9,True,1,1,False,False,False,False,,True,False,False,Course Lock,196.8,67,16.4,93,W,S,3.57,11.4,Calm,False,False,Android,7.0.2,M300 RTK,1ZN7L4R0H1D00F,1W9DL31001461C,1ZMLH8300204F0,1Z6PH74DAP0QN7,"Corona, CA",728.3,5.7,137.7,8.547347,2.013246,0,0,DJI Matrice 300 RTK,M300 RTK,1ZN7L4R0H1D00F,1W9DL31001461C,1ZMLH8300204F0,1Z6PH74DAP0QN7,DJI Pilot,Android,7.0.2,1EF72A62-B7C3-C88D-164E-CE6F8C8424AE,1ZN7L4R0H1D00F,1W9DL31001461C,,1ZMLH8300204F0,1W9DL31001461C,,,,Flight mode changed to Confirm Landing.,
2023-11-01,11:36:26.44 AM,12m 4.1s,724.1,33.7938317975871,-117.4736773743208,-49.5,137.7,1.6,1214,5794.8,0,8.547335,0,2.23694,0,5.816044,0.223694,2.013246,1.5,1.1,1.8,91.5,91.5,,Confirm Landing,Other,Landing (Vert Low Limit),18,5,True,,True,False,,Smart,RC,False,True,False,,,True,,False,False,False,False,False,False,False,False,False,False,0,Follow Yaw,-62.6,0,83.1,83.1,False,False,False,False,False,,0,0,False,False,No Card,100,100,990,1060,364,1024,2,False,False,False,False,False,0,False,False,False,False,61,,45.72,,3041,,4986,,45.72,,True,3.813,3.813,3.813,3.813,3.813,3.813,3.813,3.813,3.813,3.813,3.813,3.813,0,,False,False,True,,,,,,,,,,,,,,,False,False,10.148,,107.2,,75.7,,107.4,,1139,126,,22,7,144983.4,19331.12,,Idle,,20,,10,,,20,Go Home,False,False,False,False,False,False,False,False,False,False,False,False,33.8027920380556,-117.4659261431046,4025.7,4043.5,1049.4,396.9,True,1,1,False,False,False,False,,True,False,False,Course Lock,196.8,67,16.4,93,W,S,3.57,11.4,Calm,False,True,Android,7.0.2,M300 RTK,1ZN7L4R0H1D00F,1W9DL31001461C,1ZMLH8300204F0,1Z6PH74DAP0QN7,"Corona, CA",728.3,5.7,137.7,8.547347,2.013246,0,0,DJI Matrice 300 RTK,M300 RTK,1ZN7L4R0H1D00F,1W9DL31001461C,1ZMLH8300204F0,1Z6PH74DAP0QN7,DJI Pilot,Android,7.0.2,1EF72A62-B7C3-C88D-164E-CE6F8C8424AE,1ZN7L4R0H1D00F,1W9DL31001461C,,1ZMLH8300204F0,1W9DL31001461C,,,,,
2023-11-01,11:36:26.54 AM,12m 4.2s,724.2,33.7938317879241,-117.4736774033488,-49.8,137.7,1.6,1214,5794.8,0,8.547335,0,2.23694,0,5.816044,0.223694,2.013246,1,1.1,1.4,91.5,91.5,,Confirm Landing,Other,Landing (Vert Low Limit),18,5,True,,True,False,,Smart,RC,False,True,False,,,True,,False,False,False,False,False,False,False,False,False,False,0,Follow Yaw,-55.9,0,83.1,83.1,False,False,False,False,False,,0,0,False,False,No Card,100,100,910,1050,364,1024,2,False,False,False,False,False,0,False,False,False,False,61,,45.72,,3041,,4986,,45.72,,True,3.813,3.813,3.813,3.813,3.813,3.813,3.813,3.813,3.813,3.813,3.813,3.813,0,,False,False,True,,,,,,,,,,,,,,,False,False,10.148,,107.2,,75.7,,107.4,,1139,126,,22,7,144983.4,19331.12,,Idle,,20,,10,,,20,Go Home,False,False,False,False,False,False,False,False,False,False,False,False,33.8027920380556,-117.4659261431046,4025.7,4043.5,1049.4,396.9,True,1,1,False,False,False,False,,True,False,False,Course Lock,196.8,67,16.4,93,W,S,3.57,11.4,Calm,False,True,Android,7.0.2,M300 RTK,1ZN7L4R0H1D00F,1W9DL31001461C,1ZMLH8300204F0,1Z6PH74DAP0QN7,"Corona, CA",728.3,5.7,137.7,8.547347,2.013246,0,0,DJI Matrice 300 RTK,M300 RTK,1ZN7L4R0H1D00F,1W9DL31001461C,1ZMLH8300204F0,1Z6PH74DAP0QN7,DJI Pilot,Android,7.0.2,1EF72A62-B7C3-C88D-164E-CE6F8C8424AE,1ZN7L4R0H1D00F,1W9DL31001461C,,1ZMLH8300204F0,1W9DL31001461C,,,,,
2023-11-01,11:36:26.60 AM,12m 4.3s,724.3,33.7938317065077,-117.4736775244092,-49.8,137.7,1.6,1214,5794.9,0,8.547335,0,2.23694,0,5.816044,0.447388,2.013246,0.6,0.5,0.7,91.5,91.5,,Confirm Landing,Other,Landing (Vert Low Limit),18,5,True,,True,False,,Smart,RC,False,True,False,,,True,,False,False,False,False,False,False,False,False,False,False,0,Follow Yaw,-49,0,83.1,83.1,False,False,False,False,False,,0,0,False,False,No Card,100,100,1024,1024,364,1024,2,False,False,False,False,False,0,False,False,False,False,61,,45.72,,3041,,4986,,45.72,,True,3.819,3.819,3.819,3.819,3.819,3.819,3.819,3.819,3.819,3.819,3.819,3.819,0,,False,False,True,,,,,,,,,,,,,,,False,False,10.148,,107.2,,75.7,,107.4,,1139,126,,22,7,146234.0,19497.87,,Idle,,20,,10,,,20,Go Home,False,False,False,False,False,False,False,False,False,False,False,False,33.8027920380556,-117.4659261431046,4025.8,4043.5,1049.4,396.9,True,1,1,False,False,False,False,,True,False,False,Course Lock,196.8,67,16.4,93,W,S,3.57,11.4,Calm,False,True,Android,7.0.2,M300 RTK,1ZN7L4R0H1D00F,1W9DL31001461C,1ZMLH8300204F0,1Z6PH74DAP0QN7,"Corona, CA",728.3,5.7,137.7,8.547347,2.013246,0,0,DJI Matrice 300 RTK,M300 RTK,1ZN7L4R0H1D00F,1W9DL31001461C,1ZMLH8300204F0,1Z6PH74DAP0QN7,DJI Pilot,Android,7.0.2,1EF72A62-B7C3-C88D-164E-CE6F8C8424AE,1ZN7L4R0H1D00F,1W9DL31001461C,,1ZMLH8300204F0,1W9DL31001461C,,,,,
2023-11-01,11:36:26.74 AM,12m 4.4s,724.4,33.7938316899229,-117.4736775384285,-49.8,137.7,1.6,1214,5794.9,0,8.547335,0,2.23694,0,5.816044,0.447388,2.013246,0.4,0,0.4,91.5,91.5,,Confirm Landing,Other,Landing (Vert Low Limit),18,5,True,,True,False,,Smart,RC,False,True,False,,,True,,False,False,False,False,False,False,False,False,False,False,0,Follow Yaw,-41.8,0,83.1,83.1,False,False,False,False,False,,0,0,False,False,No Card,100,100,1024,1024,364,1024,2,False,False,False,False,False,0,False,False,False,False,61,,45.72,,3041,,4986,,45.72,,True,3.819,3.819,3.819,3.819,3.819,3.819,3.819,3.819,3.819,3.819,3.819,3.819,0,,False,False,True,,,,,,,,,,,,,,,False,False,10.148,,107.2,,75.7,,107.4,,1139,126,,22,7,146234.0,19497.87,,Idle,,20,,10,,,20,Go Home,False,False,False,False,False,False,False,False,False,False,False,False,33.8027920380556,-117.4659261431046,4025.8,4043.5,1049.4,396.9,True,1,1,False,False,False,False,,True,False,False,Course Lock,196.8,67,16.4,93,W,S,3.57,11.4,Calm,False,True,Android,7.0.2,M300 RTK,1ZN7L4R0H1D00F,1W9DL31001461C,1ZMLH8300204F0,1Z6PH74DAP0QN7,"Corona, CA",728.3,5.7,137.7,8.547347,2.013246,0,0,DJI Matrice 300 RTK,M300 RTK,1ZN7L4R0H1D00F,1W9DL31001461C,1ZMLH8300204F0,1Z6PH74DAP0QN7,DJI Pilot,Android,7.0.2,1EF72A62-B7C3-C88D-164E-CE6F8C8424AE,1ZN7L4R0H1D00F,1W9DL31001461C,,1ZMLH8300204F0,1W9DL31001461C,,,,,
2023-11-01,11:36:26.84 AM,12m 4.5s,724.5,33.7938317175414,-117.4736776135552,-49.8,137.7,1.3,1214,5794.9,0,8.547335,0,2.23694,0,5.816044,0.671082,2.013246,0.7,0.1,0.7,91.5,91.5,,Confirm Landing,Other,Landing (Vert Low Limit),18,5,True,,True,False,,Smart,RC,False,True,False,,,True,,False,False,False,False,False,False,False,False,False,False,0,Follow Yaw,-34.7,0,83.1,83.1,False,False,False,False,False,,0,0,False,False,No Card,100,100,1024,1024,364,1024,2,False,False,False,False,False,0,False,False,False,False,61,,45.72,,3041,,4986,,45.72,,True,3.819,3.819,3.819,3.819,3.819,3.819,3.819,3.819,3.819,3.819,3.819,3.819,0,,False,False,True,,,,,,,,,,,,,,,False,False,10.148,,107.2,,75.7,,107.4,,1139,126,,22,7,146234.0,19497.87,,Idle,,20,,10,,,20,Go Home,False,False,False,False,False,False,False,False,False,False,False,False,33.8027920380556,-117.4659261431046,4025.8,4043.5,1049.4,396.9,True,1,1,False,False,False,False,,True,False,False,Course Lock,196.8,67,16.4,93,W,S,3.57,11.4,Calm,False,True,Android,7.0.2,M300 RTK,1ZN7L4R0H1D00F,1W9DL31001461C,1ZMLH8300204F0,1Z6PH74DAP0QN7,"Corona, CA",728.3,5.7,137.7,8.547347,2.013246,0,0,DJI Matrice 300 RTK,M300 RTK,1ZN7L4R0H1D00F,1W9DL31001461C,1ZMLH8300204F0,1Z6PH74DAP0QN7,DJI Pilot,Android,7.0.2,1EF72A62-B7C3-C88D-164E-CE6F8C8424AE,1ZN7L4R0H1D00F,1W9DL31001461C,,1ZMLH8300204F0,1W9DL31001461C,,,,,
2023-11-01,11:36:26.94 AM,12m 4.6s,724.6,33.7938317272045,-117.4736776119883,-50.1,137.7,1.3,1214,5794.9,0,8.547335,0,2.23694,0,5.816044,0.671082,2.013246,1.3,0.3,1.3,91.4,91.4,,Confirm Landing,Other,Landing (Vert Low Limit),18,5,True,,True,False,,Smart,RC,False,True,False,,,True,,False,False,False,False,False,False,False,False,False,False,0,Follow Yaw,-27.7,0,83.1,83.1,False,False,False,False,False,,0,0,False,False,No Card,100,100,1024,1024,364,1024,2,False,False,False,False,False,0,False,False,False,False,61,,45.72,,3041,,4986,,45.72,,True,3.819,3.819,3.819,3.819,3.819,3.819,3.819,3.819,3.819,3.819,3.819,3.819,0,,False,False,True,,,,,,,,,,,,,,,False,False,10.148,,107.2,,75.7,,107.4,,1139,126,,22,7,146234.0,19497.87,,Idle,,20,,10,,,20,Go Home,False,False,False,False,False,False,False,False,False,False,False,False,33.8027920380556,-117.4659261431046,4025.8,4043.5,1049.4,396.9,True,1,1,False,False,False,False,,True,False,False,Course Lock,196.8,67,16.4,93,W,S,3.57,11.4,Calm,False,False,Android,7.0.2,M300 RTK,1ZN7L4R0H1D00F,1W9DL31001461C,1ZMLH8300204F0,1Z6PH74DAP0QN7,"Corona, CA",728.3,5.7,137.7,8.547347,2.013246,0,0,DJI Matrice 300 RTK,M300 RTK,1ZN7L4R0H1D00F,1W9DL31001461C,1ZMLH8300204F0,1Z6PH74DAP0QN7,DJI Pilot,Android,7.0.2,1EF72A62-B7C3-C88D-164E-CE6F8C8424AE,1ZN7L4R0H1D00F,1W9DL31001461C,,1ZMLH8300204F0,1W9DL31001461C,,,,,
2023-11-01,11:36:27.04 AM,12m 4.7s,724.7,33.7938317786722,-117.473677634584,-50.1,137.7,1.3,1214,5794.9,0,8.547335,0,2.23694,0,5.816044,0.671082,2.013246,1.9,0.7,2,91.3,91.3,,Confirm Landing,Other,Landing (Vert Low Limit),18,5,True,,True,False,,Smart,RC,False,True,False,,,True,,False,False,False,False,False,False,False,False,False,False,0,Follow Yaw,-20.4,0,83.1,83.1,False,False,False,False,False,,0,0,False,False,No Card,100,100,1024,1024,364,1024,2,False,False,False,False,False,0,False,False,False,False,61,,45.72,,3041,,4986,,45.72,,True,3.819,3.819,3.819,3.819,3.819,3.819,3.819,3.819,3.819,3.819,3.819,3.819,0,,False,False,True,,,,,,,,,,,,,,,False,False,10.148,,107.2,,75.7,,107.4,,1139,126,,22,7,146234.0,19497.87,,Idle,,20,,10,,,20,Go Home,False,False,False,False,False,False,False,False,False,False,False,False,33.8027920380556,-117.4659261431046,4025.8,4043.5,1049.4,396.9,True,1,1,False,False,False,False,,True,False,False,Course Lock,196.8,67,16.4,93,W,S,3.57,11.4,Calm,False,False,Android,7.0.2,M300 RTK,1ZN7L4R0H1D00F,1W9DL31001461C,1ZMLH8300204F0,1Z6PH74DAP0QN7,"Corona, CA",728.3,5.7,137.7,8.547347,2.013246,0,0,DJI Matrice 300 RTK,M300 RTK,1ZN7L4R0H1D00F,1W9DL31001461C,1ZMLH8300204F0,1Z6PH74DAP0QN7,DJI Pilot,Android,7.0.2,1EF72A62-B7C3-C88D-164E-CE6F8C8424AE,1ZN7L4R0H1D00F,1W9DL31001461C,,1ZMLH8300204F0,1W9DL31001461C,,,,,
2023-11-01,11:36:27.14 AM,12m 4.8s,724.8,33.7938317896374,-117.4736776470364,-50.1,137.7,1.3,1214,5794.9,0,8.547335,0,2.23694,0,5.816044,0.671082,2.013246,2.3,1.3,2.6,91.2,91.2,,Confirm Landing,Other,Landing (Vert Low Limit),17,5,True,,True,False,,Smart,RC,False,True,False,,,True,,False,False,False,False,False,False,False,False,False,False,0,Follow Yaw,-13.2,0,83.1,83.1,False,False,False,False,False,,0,0,False,False,No Card,100,100,1024,1024,364,1024,2,False,False,False,False,False,0,False,False,False,False,61,,45.72,,3041,,4986,,45.72,,True,3.819,3.819,3.819,3.819,3.819,3.819,3.819,3.819,3.819,3.819,3.819,3.819,0,,False,False,True,,,,,,,,,,,,,,,False,False,10.148,,107.2,,75.7,,107.4,,1139,126,,22,7,146234.0,19497.87,,Idle,,20,,10,,,20,Go Home,False,False,False,False,False,False,False,False,False,False,False,False,33.8027920380556,-117.4659261431046,4025.8,4043.5,1049.4,396.9,True,1,1,False,False,False,False,,True,False,False,Course Lock,196.8,67,16.4,93,W,S,3.57,11.4,Calm,False,True,Android,7.0.2,M300 RTK,1ZN7L4R0H1D00F,1W9DL31001461C,1ZMLH8300204F0,1Z6PH74DAP0QN7,"Corona, CA",728.3,5.7,137.7,8.547347,2.013246,0,0,DJI Matrice 300 RTK,M300 RTK,1ZN7L4R0H1D00F,1W9DL31001461C,1ZMLH8300204F0,1Z6PH74DAP0QN7,DJI Pilot,Android,7.0.2,1EF72A62-B7C3-C88D-164E-CE6F8C8424AE,1ZN7L4R0H1D00F,1W9DL31001461C,,1ZMLH8300204F0,1W9DL31001461C,,,,,
2023-11-01,11:36:27.22 AM,12m 4.9s,724.9,33.7938318114307,-117.4736776222141,-50.5,137.7,1.3,1213,5794.9,0,8.547335,0,2.23694,0,5.816044,0.671082,2.013246,1.9,1.5,2.4,91.1,91.1,,Confirm Landing,Other,Landing (Vert Low Limit),17,5,True,,True,False,,Smart,RC,False,True,False,,,True,,False,False,False,False,False,False,False,False,False,False,0,Follow Yaw,-6.1,0,83.1,83.1,False,False,False,False,False,,0,0,False,False,No Card,100,100,1024,1024,364,1024,2,False,False,False,False,False,0,False,False,False,False,61,,45.72,,3041,,4986,,45.72,,True,3.819,3.819,3.819,3.819,3.819,3.819,3.819,3.819,3.819,3.819,3.819,3.819,0,,False,False,True,,,,,,,,,,,,,,,False,False,10.148,,107.2,,75.7,,107.4,,1139,126,,22,7,146234.0,19497.87,,Idle,,20,,10,,,20,Go Home,False,False,False,False,False,False,False,False,False,False,False,False,33.8027920380556,-117.4659261431046,4025.8,4043.5,1049.4,396.9,True,1,1,False,False,False,False,,True,False,False,Course Lock,196.8,67,16.4,93,W,S,3.35,11.4,Calm,False,False,Android,7.0.2,M300 RTK,1ZN7L4R0H1D00F,1W9DL31001461C,1ZMLH8300204F0,1Z6PH74DAP0QN7,"Corona, CA",728.3,5.7,137.7,8.547347,2.013246,0,0,DJI Matrice 300 RTK,M300 RTK,1ZN7L4R0H1D00F,1W9DL31001461C,1ZMLH8300204F0,1Z6PH74DAP0QN7,DJI Pilot,Android,7.0.2,1EF72A62-B7C3-C88D-164E-CE6F8C8424AE,1ZN7L4R0H1D00F,1W9DL31001461C,,1ZMLH8300204F0,1W9DL31001461C,,,,,
2023-11-01,11:36:27.32 AM,12m 5.0s,725.0,33.7938317976557,-117.473677654211,-50.5,137.7,0.9,1213,5795.0,0,8.547335,0,2.23694,0,5.816044,0.671082,2.013246,1.5,1.2,1.9,91.1,91.1,,Confirm Landing,Other,Landing (Vert Low Limit),17,5,True,,True,False,,Smart,RC,False,True,False,,,True,,False,False,False,False,False,False,False,False,False,False,0,Follow Yaw,-0.5,0,83.1,83.1,False,False,False,False,False,,0,0,False,False,No Card,100,100,1024,1024,364,1024,2,False,False,False,False,False,0,False,False,False,False,61,,45.768,,6126,,10044,,45.768,,True,3.819,3.819,3.819,3.819,3.819,3.819,3.819,3.819,3.819,3.819,3.819,3.819,0,,False,False,True,,,,,,,,,,,,,,,False,False,19.888,,107.4,,75.7,,107.4,,1139,126,,22,7,146234.0,19497.87,,Idle,,20,,10,,,20,Go Home,False,False,False,False,False,False,False,False,False,False,False,False,33.8027920380556,-117.4659261431046,4025.8,4043.5,1049.4,396.9,True,1,1,False,False,False,False,,True,False,False,Course Lock,196.8,67,16.4,93,W,S,3.35,11.4,Calm,False,True,Android,7.0.2,M300 RTK,1ZN7L4R0H1D00F,1W9DL31001461C,1ZMLH8300204F0,1Z6PH74DAP0QN7,"Corona, CA",728.3,5.7,137.7,8.547347,2.013246,0,0,DJI Matrice 300 RTK,M300 RTK,1ZN7L4R0H1D00F,1W9DL31001461C,1ZMLH8300204F0,1Z6PH74DAP0QN7,DJI Pilot,Android,7.0.2,1EF72A62-B7C3-C88D-164E-CE6F8C8424AE,1ZN7L4R0H1D00F,1W9DL31001461C,,1ZMLH8300204F0,1W9DL31001461C,,,,,
2023-11-01,11:36:27.44 AM,12m 5.1s,725.1,33.7938317460508,-117.473677731152,-50.5,137.7,0.9,1213,5795.0,0,8.547335,0,2.23694,0,5.816044,0.671082,2.013246,1.4,1,1.7,91.2,91.2,,Confirm Landing,Other,Landing (Vert Low Limit),17,5,True,,True,False,,Smart,RC,False,True,False,,,True,,False,False,False,False,False,False,False,False,False,False,0,Follow Yaw,0,0,83.1,83.1,False,False,False,False,False,,0,0,False,False,No Card,100,100,1024,1024,364,1024,2,False,False,False,False,False,0,False,False,False,False,61,,45.768,,6126,,10044,,45.768,,True,3.819,3.819,3.819,3.819,3.819,3.819,3.819,3.819,3.819,3.819,3.819,3.819,0,,False,False,True,,,,,,,,,,,,,,,False,False,19.888,,107.4,,75.7,,107.4,,1139,126,,22,7,146234.0,19497.87,,Idle,,20,,10,,,20,Go Home,False,False,False,False,False,False,False,False,False,False,False,False,33.8027920380556,-117.4659261431046,4025.8,4043.5,1049.4,396.9,True,1,1,False,False,False,False,,True,False,False,Course Lock,196.8,67,16.4,93,W,S,3.35,11.4,Calm,False,True,Android,7.0.2,M300 RTK,1ZN7L4R0H1D00F,1W9DL31001461C,1ZMLH8300204F0,1Z6PH74DAP0QN7,"Corona, CA",728.3,5.7,137.7,8.547347,2.013246,0,0,DJI Matrice 300 RTK,M300 RTK,1ZN7L4R0H1D00F,1W9DL31001461C,1ZMLH8300204F0,1Z6PH74DAP0QN7,DJI Pilot,Android,7.0.2,1EF72A62-B7C3-C88D-164E-CE6F8C8424AE,1ZN7L4R0H1D00F,1W9DL31001461C,,1ZMLH8300204F0,1W9DL31001461C,,,,,
2023-11-01,11:36:27.54 AM,12m 5.2s,725.2,33.793831727273,-117.4736777630664,-50.8,137.7,0.6,1213,5795.0,0,8.547335,0,2.23694,0,5.816044,0.447388,2.013246,1.1,0.8,1.3,91.4,91.4,,Confirm Landing,Other,Landing (Vert Low Limit),17,5,True,,True,False,,Smart,RC,False,True,False,,,True,,False,False,False,False,False,False,False,False,False,False,0,Follow Yaw,0,0,83.1,83.1,False,False,False,False,False,,0,0,False,False,No Card,100,100,1024,1024,364,1024,2,False,False,False,False,False,0,False,False,False,False,61,,45.768,,6126,,10044,,45.768,,True,3.819,3.819,3.819,3.819,3.819,3.819,3.819,3.819,3.819,3.819,3.819,3.819,0,,False,False,True,,,,,,,,,,,,,,,False,False,19.888,,107.4,,75.7,,107.4,,1139,126,,22,7,146234.0,19497.87,,Idle,,20,,10,,,20,Go Home,False,False,False,False,False,False,False,False,False,False,False,False,33.8027920380556,-117.4659261431046,4025.8,4043.5,1049.4,396.9,True,1,1,False,False,False,False,,True,False,False,Course Lock,196.8,67,16.4,93,W,S,3.35,11.4,Calm,False,True,Android,7.0.2,M300 RTK,1ZN7L4R0H1D00F,1W9DL31001461C,1ZMLH8300204F0,1Z6PH74DAP0QN7,"Corona, CA",728.3,5.7,137.7,8.547347,2.013246,0,0,DJI Matrice 300 RTK,M300 RTK,1ZN7L4R0H1D00F,1W9DL31001461C,1ZMLH8300204F0,1Z6PH74DAP0QN7,DJI Pilot,Android,7.0.2,1EF72A62-B7C3-C88D-164E-CE6F8C8424AE,1ZN7L4R0H1D00F,1W9DL31001461C,,1ZMLH8300204F0,1W9DL31001461C,,,,,
2023-11-01,11:36:27.63 AM,12m 5.3s,725.3,33.7938315535436,-117.4736777630664,-50.8,137.7,0.6,1213,5795.1,0,8.547335,0,2.23694,0,5.816044,0,2.013246,0.9,-1.1,1.4,91.4,91.4,,Confirm Landing,Other,Landing (Vert Low Limit),17,5,True,,True,False,,Smart,RC,False,True,False,,,True,,False,False,False,False,False,False,False,False,False,False,0,Follow Yaw,0,0,83.1,83.1,False,False,False,False,False,,0,0,False,False,No Card,100,100,1024,1024,364,1024,2,False,False,False,False,False,0,False,False,False,False,61,,45.768,,6126,,10044,,45.768,,True,3.815,3.815,3.815,3.815,3.815,3.815,3.815,3.815,3.815,3.815,3.815,3.815,0,,False,False,True,,,,,,,,,,,,,,,False,False,19.888,,107.4,,75.7,,107.4,,1137,127,,22,7,147619.4,19682.58,,Idle,,20,,10,,,20,Go Home,False,False,False,False,False,False,False,False,False,False,False,False,33.8027920380556,-117.4659261431046,4025.9,4043.5,1049.4,396.9,True,1,1,False,False,False,False,,True,False,False,Course Lock,196.8,67,16.4,93,W,S,3.35,11.4,Calm,False,False,Android,7.0.2,M300 RTK,1ZN7L4R0H1D00F,1W9DL31001461C,1ZMLH8300204F0,1Z6PH74DAP0QN7,"Corona, CA",728.3,5.7,137.7,8.547347,2.013246,0,0,DJI Matrice 300 RTK,M300 RTK,1ZN7L4R0H1D00F,1W9DL31001461C,1ZMLH8300204F0,1Z6PH74DAP0QN7,DJI Pilot,Android,7.0.2,1EF72A62-B7C3-C88D-164E-CE6F8C8424AE,1ZN7L4R0H1D00F,1W9DL31001461C,,1ZMLH8300204F0,1W9DL31001461C,,,,,
2023-11-01,11:36:27.73 AM,12m 5.4s,725.4,33.7938315782153,-117.4736777424498,-50.8,137.7,0.6,1213,5795.1,0,8.547335,0,2.23694,0,5.816044,0,2.013246,1,-0.9,1.3,92.1,92.1,,Confirm Landing,Other,Landing (Vert Low Limit),17,5,True,,True,False,,Smart,RC,False,True,False,,,True,,False,False,False,False,False,False,False,False,False,False,0,Follow Yaw,0,0,83.1,83.1,False,False,False,False,False,,0,0,False,False,No Card,100,100,1024,1024,364,1024,2,False,False,False,False,False,0,False,False,False,False,61,,45.768,,6126,,10044,,45.768,,True,3.815,3.815,3.815,3.815,3.815,3.815,3.815,3.815,3.815,3.815,3.815,3.815,0,,False,False,True,,,,,,,,,,,,,,,False,False,19.888,,107.4,,75.7,,107.4,,1137,127,,22,7,147619.4,19682.58,,Idle,,20,,10,,,20,Go Home,False,False,False,False,False,False,False,False,False,False,False,False,33.8027920380556,-117.4659261431046,4025.9,4043.5,1049.4,396.9,True,1,1,False,False,False,False,,True,False,False,Course Lock,196.8,67,16.4,93,W,S,3.35,11.4,Calm,False,False,Android,7.0.2,M300 RTK,1ZN7L4R0H1D00F,1W9DL31001461C,1ZMLH8300204F0,1Z6PH74DAP0QN7,"Corona, CA",728.3,5.7,137.7,8.547347,2.013246,0,0,DJI Matrice 300 RTK,M300 RTK,1ZN7L4R0H1D00F,1W9DL31001461C,1ZMLH8300204F0,1Z6PH74DAP0QN7,DJI Pilot,Android,7.0.2,1EF72A62-B7C3-C88D-164E-CE6F8C8424AE,1ZN7L4R0H1D00F,1W9DL31001461C,,1ZMLH8300204F0,1W9DL31001461C,,,,,
2023-11-01,11:36:27.84 AM,12m 5.5s,725.5,33.7938316801228,-117.4736777329662,-50.8,137.7,0.6,1213,5795.1,0,8.547335,0,2.23694,0,5.816044,0,2.013246,0.4,-0.7,0.8,91.4,91.4,,Confirm Landing,Other,Landing (Vert Low Limit),17,5,True,,True,False,,Smart,RC,False,True,False,,,True,,False,False,False,False,False,False,False,False,False,False,0,Follow Yaw,0,0,83.1,83.1,False,False,False,False,False,,0,0,False,False,No Card,100,100,1024,1024,364,1024,2,False,False,False,False,False,0,False,False,False,False,61,,45.768,,6126,,10044,,45.768,,True,3.815,3.815,3.815,3.815,3.815,3.815,3.815,3.815,3.815,3.815,3.815,3.815,0,,False,False,True,,,,,,,,,,,,,,,False,False,19.888,,107.4,,75.7,,107.4,,1137,127,,22,7,147619.4,19682.58,,Idle,,20,,10,,,20,Go Home,False,False,False,False,False,False,False,False,False,False,False,False,33.8027920380556,-117.4659261431046,4025.8,4043.5,1049.4,396.9,True,1,1,False,False,False,False,,True,False,False,Course Lock,196.8,67,16.4,93,W,S,3.35,11.4,Calm,False,False,Android,7.0.2,M300 RTK,1ZN7L4R0H1D00F,1W9DL31001461C,1ZMLH8300204F0,1Z6PH74DAP0QN7,"Corona, CA",728.3,5.7,137.7,8.547347,2.013246,0,0,DJI Matrice 300 RTK,M300 RTK,1ZN7L4R0H1D00F,1W9DL31001461C,1ZMLH8300204F0,1Z6PH74DAP0QN7,DJI Pilot,Android,7.0.2,1EF72A62-B7C3-C88D-164E-CE6F8C8424AE,1ZN7L4R0H1D00F,1W9DL31001461C,,1ZMLH8300204F0,1W9DL31001461C,,,,,
2023-11-01,11:36:27.94 AM,12m 5.6s,725.6,33.7938316918418,-117.473677710288,-50.8,137.7,0.6,1213,5795.1,0,8.547335,0,2.23694,0,5.816044,0,2.013246,0.4,-0.4,0.5,91.8,91.8,,Confirm Landing,Other,Landing (Vert Low Limit),15,5,True,,True,False,,Smart,RC,False,True,False,,,True,,False,False,False,False,False,False,False,False,False,False,0,Follow Yaw,0,0,83.1,83.1,False,False,False,False,False,,0,0,False,False,No Card,100,100,1024,1024,364,1024,2,False,False,False,False,False,0,False,False,False,False,61,,45.768,,6126,,10044,,45.768,,True,3.815,3.815,3.815,3.815,3.815,3.815,3.815,3.815,3.815,3.815,3.815,3.815,0,,False,False,True,,,,,,,,,,,,,,,False,False,19.888,,107.4,,75.7,,107.4,,1137,127,,22,7,147619.4,19682.58,,Idle,,20,,10,,,20,Go Home,False,False,False,False,False,False,False,False,False,False,False,False,33.8027920380556,-117.4659261431046,4025.8,4043.5,1049.4,396.9,True,1,1,False,False,False,False,,True,False,False,Course Lock,196.8,67,16.4,93,W,S,3.35,11.4,Calm,False,False,Android,7.0.2,M300 RTK,1ZN7L4R0H1D00F,1W9DL31001461C,1ZMLH8300204F0,1Z6PH74DAP0QN7,"Corona, CA",728.3,5.7,137.7,8.547347,2.013246,0,0,DJI Matrice 300 RTK,M300 RTK,1ZN7L4R0H1D00F,1W9DL31001461C,1ZMLH8300204F0,1Z6PH74DAP0QN7,DJI Pilot,Android,7.0.2,1EF72A62-B7C3-C88D-164E-CE6F8C8424AE,1ZN7L4R0H1D00F,1W9DL31001461C,,1ZMLH8300204F0,1W9DL31001461C,,,,,
2023-11-01,11:36:28.04 AM,12m 5.7s,725.7,33.793831464246,-117.4736777306572,-50.8,137.7,0.6,1213,5795.2,0,8.547335,0,2.23694,0,5.816044,0,2.013246,0.4,-0.6,0.7,91.9,91.9,,Confirm Landing,Other,Landing (Vert Low Limit),15,5,True,,True,False,,Smart,RC,False,True,False,,,True,,False,False,False,False,False,False,False,False,False,False,0,Follow Yaw,0,0,83.1,83.1,False,False,False,False,False,,0,0,False,False,No Card,100,100,1024,1024,364,1024,2,False,False,False,False,False,0,False,False,False,False,61,,45.768,,6126,,10044,,45.768,,True,3.815,3.815,3.815,3.815,3.815,3.815,3.815,3.815,3.815,3.815,3.815,3.815,0,,False,False,True,,,,,,,,,,,,,,,False,False,19.888,,107.4,,75.7,,107.4,,1137,127,,22,7,147619.4,19682.58,,Idle,,20,,10,,,20,Go Home,False,False,False,False,False,False,False,False,False,False,False,False,33.8027920380556,-117.4659261431046,4025.9,4043.5,1049.4,396.9,True,1,1,False,False,False,False,,True,False,False,Course Lock,196.8,67,16.4,93,W,S,3.35,11.4,Calm,False,False,Android,7.0.2,M300 RTK,1ZN7L4R0H1D00F,1W9DL31001461C,1ZMLH8300204F0,1Z6PH74DAP0QN7,"Corona, CA",728.3,5.7,137.7,8.547347,2.013246,0,0,DJI Matrice 300 RTK,M300 RTK,1ZN7L4R0H1D00F,1W9DL31001461C,1ZMLH8300204F0,1Z6PH74DAP0QN7,DJI Pilot,Android,7.0.2,1EF72A62-B7C3-C88D-164E-CE6F8C8424AE,1ZN7L4R0H1D00F,1W9DL31001461C,,1ZMLH8300204F0,1W9DL31001461C,,,,,
2023-11-01,11:36:28.14 AM,12m 5.8s,725.8,33.793831461025,-117.4736777326364,-50.8,137.7,0.6,1213,5795.2,0,8.547335,0,2.23694,0,5.816044,0,2.013246,0.4,-0.7,0.8,91.7,91.7,,Confirm Landing,Other,Landing (Vert Low Limit),15,5,True,,True,False,,Smart,RC,False,True,False,,,True,,False,False,False,False,False,False,False,False,False,False,0,Follow Yaw,0,0,83.1,83.1,False,False,False,False,False,,0,0,False,False,No Card,100,100,1024,1024,364,1024,2,False,False,False,False,False,0,False,False,False,False,61,,45.72,,3041,,4986,,45.72,,True,3.815,3.815,3.815,3.815,3.815,3.815,3.815,3.815,3.815,3.815,3.815,3.815,0,,False,False,True,,,,,,,,,,,,,,,False,False,9.338,,107.2,,75.7,,107.4,,1137,127,,22,7,147619.4,19682.58,,Idle,,20,,10,,,20,Go Home,False,False,False,False,False,False,False,False,False,False,False,False,33.8027920380556,-117.4659261431046,4025.9,4043.5,1049.4,396.9,True,1,1,False,False,False,False,,True,False,False,Course Lock,196.8,67,16.4,93,W,S,3.35,11.4,Calm,False,True,Android,7.0.2,M300 RTK,1ZN7L4R0H1D00F,1W9DL31001461C,1ZMLH8300204F0,1Z6PH74DAP0QN7,"Corona, CA",728.3,5.7,137.7,8.547347,2.013246,0,0,DJI Matrice 300 RTK,M300 RTK,1ZN7L4R0H1D00F,1W9DL31001461C,1ZMLH8300204F0,1Z6PH74DAP0QN7,DJI Pilot,Android,7.0.2,1EF72A62-B7C3-C88D-164E-CE6F8C8424AE,1ZN7L4R0H1D00F,1W9DL31001461C,,1ZMLH8300204F0,1W9DL31001461C,,,,,
2023-11-01,11:36:28.24 AM,12m 5.9s,725.9,33.7938314138063,-117.4736779157937,-50.8,137.7,0.6,1213,5795.3,0,8.547335,0,2.23694,0,5.816044,0,2.013246,0.4,-0.6,0.7,91.9,91.9,,Confirm Landing,Other,Landing (Vert Low Limit),15,5,True,,True,False,,Smart,RC,False,True,False,,,True,,False,False,False,False,False,False,False,False,False,False,0,Follow Yaw,0,0,83.1,83.1,False,False,False,False,False,,0,0,False,False,No Card,100,100,1024,1024,364,1024,2,False,False,False,False,False,0,False,False,False,False,61,,45.72,,3041,,4986,,45.72,,True,3.815,3.815,3.815,3.815,3.815,3.815,3.815,3.815,3.815,3.815,3.815,3.815,0,,False,False,True,,,,,,,,,,,,,,,False,False,9.338,,107.2,,75.7,,107.4,,1137,127,,22,7,147619.4,19682.58,,Idle,,20,,10,,,20,Go Home,False,False,False,False,False,False,False,False,False,False,False,False,33.8027920380556,-117.4659261431046,4025.9,4043.5,1049.4,396.9,True,1,1,False,False,False,False,,True,False,False,Course Lock,196.8,67,16.4,93,W,S,3.35,11.4,Calm,False,True,Android,7.0.2,M300 RTK,1ZN7L4R0H1D00F,1W9DL31001461C,1ZMLH8300204F0,1Z6PH74DAP0QN7,"Corona, CA",728.3,5.7,137.7,8.547347,2.013246,0,0,DJI Matrice 300 RTK,M300 RTK,1ZN7L4R0H1D00F,1W9DL31001461C,1ZMLH8300204F0,1Z6PH74DAP0QN7,DJI Pilot,Android,7.0.2,1EF72A62-B7C3-C88D-164E-CE6F8C8424AE,1ZN7L4R0H1D00F,1W9DL31001461C,,1ZMLH8300204F0,1W9DL31001461C,,,,,
2023-11-01,11:36:28.35 AM,12m 6.0s,726.0,33.7938314039376,-117.4736779216488,-50.8,137.7,0.6,1213,5795.3,0,8.547335,0,2.23694,0,5.816044,0,2.013246,0.4,-0.7,0.8,91.9,91.9,,Confirm Landing,Other,Landing (Vert Low Limit),16,5,True,,True,False,,Smart,RC,False,True,False,,,True,,False,False,False,False,False,False,False,False,False,False,0,Follow Yaw,0,0,83.1,83.1,False,False,False,False,False,,0,0,False,False,No Card,100,100,1024,1024,364,1024,2,False,False,False,False,False,0,False,False,False,False,61,,45.756,,6126,,10044,,45.756,,True,3.815,3.815,3.815,3.815,3.815,3.815,3.815,3.815,3.815,3.815,3.815,3.815,0,,False,False,True,,,,,,,,,,,,,,,False,False,18.654,,107.4,,75.7,,107.4,,1137,127,,22,7,147619.4,19682.58,,Idle,,20,,10,,,20,Go Home,False,False,False,False,False,False,False,False,False,False,False,False,33.8027920380556,-117.4659261431046,4025.9,4043.5,1049.4,396.9,True,1,1,False,False,False,False,,True,False,False,Course Lock,196.8,67,16.4,93,W,S,3.35,11.4,Calm,False,True,Android,7.0.2,M300 RTK,1ZN7L4R0H1D00F,1W9DL31001461C,1ZMLH8300204F0,1Z6PH74DAP0QN7,"Corona, CA",728.3,5.7,137.7,8.547347,2.013246,0,0,DJI Matrice 300 RTK,M300 RTK,1ZN7L4R0H1D00F,1W9DL31001461C,1ZMLH8300204F0,1Z6PH74DAP0QN7,DJI Pilot,Android,7.0.2,1EF72A62-B7C3-C88D-164E-CE6F8C8424AE,1ZN7L4R0H1D00F,1W9DL31001461C,,1ZMLH8300204F0,1W9DL31001461C,,,,,
2023-11-01,11:36:28.45 AM,12m 6.1s,726.1,33.7938314059936,-117.4736777897854,-50.8,137.7,0.6,1213,5795.3,0,8.547335,0,2.23694,0,5.816044,0,2.013246,0.4,-0.6,0.7,91.9,91.9,,Confirm Landing,Other,Landing (Vert Low Limit),16,5,True,,True,False,,Smart,RC,False,True,False,,,True,,False,False,False,False,False,False,False,False,False,False,0,Follow Yaw,0,0,83.1,83.1,False,False,False,False,False,,0,0,False,False,No Card,100,100,1024,1024,364,1024,2,False,False,False,False,False,0,False,False,False,False,61,,45.756,,6126,,10044,,45.756,,True,3.815,3.815,3.815,3.815,3.815,3.815,3.815,3.815,3.815,3.815,3.815,3.815,0,,False,False,True,,,,,,,,,,,,,,,False,False,18.654,,107.4,,75.7,,107.4,,1137,127,,22,7,147619.4,19682.58,,Idle,,20,,10,,,20,Go Home,False,False,False,False,False,False,False,False,False,False,False,False,33.8027920380556,-117.4659261431046,4025.9,4043.5,1049.4,396.9,True,1,1,False,False,False,False,,True,False,False,Course Lock,196.8,67,16.4,93,W,S,3.35,11.4,Calm,False,False,Android,7.0.2,M300 RTK,1ZN7L4R0H1D00F,1W9DL31001461C,1ZMLH8300204F0,1Z6PH74DAP0QN7,"Corona, CA",728.3,5.7,137.7,8.547347,2.013246,0,0,DJI Matrice 300 RTK,M300 RTK,1ZN7L4R0H1D00F,1W9DL31001461C,1ZMLH8300204F0,1Z6PH74DAP0QN7,DJI Pilot,Android,7.0.2,1EF72A62-B7C3-C88D-164E-CE6F8C8424AE,1ZN7L4R0H1D00F,1W9DL31001461C,,1ZMLH8300204F0,1W9DL31001461C,,,,,
2023-11-01,11:36:28.55 AM,12m 6.2s,726.2,33.793831396262,-117.4736777850848,-50.8,137.7,0.6,1213,5795.3,0,8.547335,0,2.23694,0,5.816044,0,2.013246,0.4,-0.7,0.8,91.9,91.9,,Confirm Landing,Other,Landing (Vert Low Limit),16,5,True,,True,False,,Smart,RC,False,True,False,,,True,,False,False,False,False,False,False,False,False,False,False,0,Follow Yaw,0,0,83.1,83.1,False,False,False,False,False,,0,0,False,False,No Card,100,100,1024,1024,364,1024,2,False,False,False,False,False,0,False,False,False,False,61,,45.756,,6126,,10044,,45.756,,True,3.815,3.815,3.815,3.815,3.815,3.815,3.815,3.815,3.815,3.815,3.815,3.815,0,,False,False,True,,,,,,,,,,,,,,,False,False,18.654,,107.4,,75.7,,107.4,,1137,127,,22,7,147619.4,19682.58,,Idle,,20,,10,,,20,Go Home,False,False,False,False,False,False,False,False,False,False,False,False,33.8027920380556,-117.4659261431046,4025.9,4043.5,1049.4,396.9,True,1,1,False,False,False,False,,True,False,False,Course Lock,196.8,67,16.4,93,W,S,3.35,11.4,Calm,False,False,Android,7.0.2,M300 RTK,1ZN7L4R0H1D00F,1W9DL31001461C,1ZMLH8300204F0,1Z6PH74DAP0QN7,"Corona, CA",728.3,5.7,137.7,8.547347,2.013246,0,0,DJI Matrice 300 RTK,M300 RTK,1ZN7L4R0H1D00F,1W9DL31001461C,1ZMLH8300204F0,1Z6PH74DAP0QN7,DJI Pilot,Android,7.0.2,1EF72A62-B7C3-C88D-164E-CE6F8C8424AE,1ZN7L4R0H1D00F,1W9DL31001461C,,1ZMLH8300204F0,1W9DL31001461C,,,,,
2023-11-01,11:36:28.65 AM,12m 6.3s,726.3,33.793831219106,-117.4736779210716,-50.8,137.7,0.6,1213,5795.4,0,8.547335,0,2.23694,0,5.816044,0,2.013246,0.4,-0.6,0.7,91.9,91.9,,Confirm Landing,Other,Landing (Vert Low Limit),16,5,True,,True,False,,Smart,RC,False,True,False,,,True,,False,False,False,False,False,False,False,False,False,False,0,Follow Yaw,0,0,83.1,83.1,False,False,False,False,False,,0,0,False,False,No Card,100,100,1024,1024,364,1024,2,False,False,False,False,False,0,False,False,False,False,61,,45.756,,6126,,10044,,45.756,,True,3.823,3.823,3.823,3.823,3.823,3.823,3.823,3.823,3.823,3.823,3.823,3.823,0,,False,False,True,,,,,,,,,,,,,,,False,False,18.654,,107.4,,75.7,,107.4,,1135,127,,22,7,148491.9,19798.91,,Idle,,20,,10,,,20,Go Home,False,False,False,False,False,False,False,False,False,False,False,False,33.8027920380556,-117.4659261431046,4026.0,4043.5,1049.4,396.9,True,1,1,False,False,False,False,,True,False,False,Course Lock,196.8,67,16.4,93,W,S,3.35,11.4,Calm,False,True,Android,7.0.2,M300 RTK,1ZN7L4R0H1D00F,1W9DL31001461C,1ZMLH8300204F0,1Z6PH74DAP0QN7,"Corona, CA",728.3,5.7,137.7,8.547347,2.013246,0,0,DJI Matrice 300 RTK,M300 RTK,1ZN7L4R0H1D00F,1W9DL31001461C,1ZMLH8300204F0,1Z6PH74DAP0QN7,DJI Pilot,Android,7.0.2,1EF72A62-B7C3-C88D-164E-CE6F8C8424AE,1ZN7L4R0H1D00F,1W9DL31001461C,,1ZMLH8300204F0,1W9DL31001461C,,,,,
2023-11-01,11:36:28.76 AM,12m 6.4s,726.4,33.793831190391,-117.4736779341012,-50.8,137.7,0.6,1213,5795.4,0,8.547335,0,2.23694,0,5.816044,0,2.013246,0.4,-0.7,0.8,91.9,91.9,,Confirm Landing,Other,Landing (Vert Low Limit),16,5,True,,True,False,,Smart,RC,False,True,False,,,True,,False,False,False,False,False,False,False,False,False,False,0,Follow Yaw,0,0,83.1,83.1,False,False,False,False,False,,0,0,False,False,No Card,100,100,1024,1024,364,1024,2,False,False,False,False,False,0,False,False,False,False,61,,45.756,,6126,,10044,,45.756,,True,3.823,3.823,3.823,3.823,3.823,3.823,3.823,3.823,3.823,3.823,3.823,3.823,0,,False,False,True,,,,,,,,,,,,,,,False,False,18.654,,107.4,,75.7,,107.4,,1135,127,,22,7,148491.9,19798.91,,Idle,,20,,10,,,20,Go Home,False,False,False,False,False,False,False,False,False,False,False,False,33.8027920380556,-117.4659261431046,4026.0,4043.5,1049.4,396.9,True,1,1,False,False,False,False,,True,False,False,Course Lock,196.8,67,16.4,93,W,S,3.35,11.4,Calm,False,False,Android,7.0.2,M300 RTK,1ZN7L4R0H1D00F,1W9DL31001461C,1ZMLH8300204F0,1Z6PH74DAP0QN7,"Corona, CA",728.3,5.7,137.7,8.547347,2.013246,0,0,DJI Matrice 300 RTK,M300 RTK,1ZN7L4R0H1D00F,1W9DL31001461C,1ZMLH8300204F0,1Z6PH74DAP0QN7,DJI Pilot,Android,7.0.2,1EF72A62-B7C3-C88D-164E-CE6F8C8424AE,1ZN7L4R0H1D00F,1W9DL31001461C,,1ZMLH8300204F0,1W9DL31001461C,,,,,
2023-11-01,11:36:28.86 AM,12m 6.5s,726.5,33.7938310686776,-117.4736779144743,-50.8,137.7,0.6,1213,5795.4,0,8.547335,0,2.23694,0,5.816044,0,2.013246,0.4,-0.6,0.7,91.9,91.9,,Confirm Landing,Other,Landing (Vert Low Limit),16,5,True,,True,False,,Smart,RC,False,True,False,,,True,,False,False,False,False,False,False,False,False,False,False,0,Follow Yaw,0,0,83.1,83.1,False,False,False,False,False,,0,0,False,False,No Card,100,100,1024,1024,364,1024,2,False,False,False,False,False,0,False,False,False,False,61,,45.756,,6126,,10044,,45.756,,True,3.823,3.823,3.823,3.823,3.823,3.823,3.823,3.823,3.823,3.823,3.823,3.823,0,,False,False,True,,,,,,,,,,,,,,,False,False,18.654,,107.4,,75.7,,107.4,,1135,127,,22,7,148491.9,19798.91,,Idle,,20,,10,,,20,Go Home,False,False,False,False,False,False,False,False,False,False,False,False,33.8027920380556,-117.4659261431046,4026.0,4043.5,1049.4,396.9,True,1,1,False,False,False,False,,True,False,False,Course Lock,196.8,67,16.4,93,W,S,3.35,11.4,Calm,False,False,Android,7.0.2,M300 RTK,1ZN7L4R0H1D00F,1W9DL31001461C,1ZMLH8300204F0,1Z6PH74DAP0QN7,"Corona, CA",728.3,5.7,137.7,8.547347,2.013246,0,0,DJI Matrice 300 RTK,M300 RTK,1ZN7L4R0H1D00F,1W9DL31001461C,1ZMLH8300204F0,1Z6PH74DAP0QN7,DJI Pilot,Android,7.0.2,1EF72A62-B7C3-C88D-164E-CE6F8C8424AE,1ZN7L4R0H1D00F,1W9DL31001461C,,1ZMLH8300204F0,1W9DL31001461C,,,,,
2023-11-01,11:36:28.96 AM,12m 6.6s,726.6,33.7938310276268,-117.4736779220612,-50.8,137.7,0.6,1213,5795.5,0,8.547335,0,2.23694,0,5.816044,0,2.013246,0.4,-0.6,0.7,91.9,91.9,,Confirm Landing,Other,Landing (Vert Low Limit),16,5,True,,True,False,,Smart,RC,False,True,False,,,True,,False,False,False,False,False,False,False,False,False,False,0,Follow Yaw,0,0,83.1,83.1,False,False,False,False,False,,0,0,False,False,No Card,100,100,1024,1024,364,1024,2,False,False,False,False,False,0,False,False,False,False,61,,45.756,,6126,,10044,,45.756,,True,3.823,3.823,3.823,3.823,3.823,3.823,3.823,3.823,3.823,3.823,3.823,3.823,0,,False,False,True,,,,,,,,,,,,,,,False,False,18.654,,107.4,,75.7,,107.4,,1135,127,,22,7,148491.9,19798.91,,Idle,,20,,10,,,20,Go Home,False,False,False,False,False,False,False,False,False,False,False,False,33.8027920380556,-117.4659261431046,4026.1,4043.5,1049.4,396.9,True,1,1,False,False,False,False,,True,False,False,Course Lock,196.8,67,16.4,93,W,S,3.35,11.4,Calm,False,False,Android,7.0.2,M300 RTK,1ZN7L4R0H1D00F,1W9DL31001461C,1ZMLH8300204F0,1Z6PH74DAP0QN7,"Corona, CA",728.3,5.7,137.7,8.547347,2.013246,0,0,DJI Matrice 300 RTK,M300 RTK,1ZN7L4R0H1D00F,1W9DL31001461C,1ZMLH8300204F0,1Z6PH74DAP0QN7,DJI Pilot,Android,7.0.2,1EF72A62-B7C3-C88D-164E-CE6F8C8424AE,1ZN7L4R0H1D00F,1W9DL31001461C,,1ZMLH8300204F0,1W9DL31001461C,,,,,
2023-11-01,11:36:29.06 AM,12m 6.7s,726.7,33.793830928255,-117.4736780763554,-50.8,137.7,0.6,1213,5795.5,0,8.547335,0,2.23694,0,5.816044,0,2.013246,0.4,-0.7,0.8,91.9,91.9,,Confirm Landing,Other,Landing (Vert Low Limit),16,5,True,,True,False,,Smart,RC,False,True,False,,,True,,False,False,False,False,False,False,False,False,False,False,0,Follow Yaw,0,0,83.1,83.1,False,False,False,False,False,,0,0,False,False,No Card,100,100,1024,1024,364,1024,2,False,False,False,False,False,0,False,False,False,False,61,,45.756,,6126,,10044,,45.756,,True,3.823,3.823,3.823,3.823,3.823,3.823,3.823,3.823,3.823,3.823,3.823,3.823,0,,False,False,True,,,,,,,,,,,,,,,False,False,18.654,,107.4,,75.7,,107.4,,1135,127,,22,7,148491.9,19798.91,,Idle,,20,,10,,,20,Go Home,False,False,False,False,False,False,False,False,False,False,False,False,33.8027920380556,-117.4659261431046,4026.1,4043.5,1049.4,396.9,True,1,1,False,False,False,False,,True,False,False,Course Lock,196.8,67,16.4,93,W,S,3.35,11.4,Calm,False,True,Android,7.0.2,M300 RTK,1ZN7L4R0H1D00F,1W9DL31001461C,1ZMLH8300204F0,1Z6PH74DAP0QN7,"Corona, CA",728.3,5.7,137.7,8.547347,2.013246,0,0,DJI Matrice 300 RTK,M300 RTK,1ZN7L4R0H1D00F,1W9DL31001461C,1ZMLH8300204F0,1Z6PH74DAP0QN7,DJI Pilot,Android,7.0.2,1EF72A62-B7C3-C88D-164E-CE6F8C8424AE,1ZN7L4R0H1D00F,1W9DL31001461C,,1ZMLH8300204F0,1W9DL31001461C,,,,,
2023-11-01,11:36:29.17 AM,12m 6.8s,726.8,33.7938308781579,-117.4736781009303,-50.8,137.7,0.6,1213,5795.5,0,8.547335,0,2.23694,0,5.816044,0,2.013246,0.3,-0.7,0.7,91.9,91.9,,Confirm Landing,Other,Landing (Vert Low Limit),16,5,True,,True,False,,Smart,RC,False,True,False,,,True,,False,False,False,False,False,False,False,False,False,False,0,Follow Yaw,0,0,83.1,83.1,False,False,False,False,False,,0,0,False,False,No Card,100,100,1024,1024,364,1024,2,False,False,False,False,False,0,False,False,False,False,61,,45.756,,6126,,10044,,45.756,,True,3.823,3.823,3.823,3.823,3.823,3.823,3.823,3.823,3.823,3.823,3.823,3.823,0,,False,False,True,,,,,,,,,,,,,,,False,False,18.654,,107.4,,75.7,,107.4,,1135,127,,22,7,148491.9,19798.91,,Idle,,20,,10,,,20,Go Home,False,False,False,False,False,False,False,False,False,False,False,False,33.8027920380556,-117.4659261431046,4026.1,4043.5,1049.4,396.9,True,1,1,False,False,False,False,,True,False,False,Course Lock,196.8,67,16.4,93,W,S,3.35,11.4,Calm,False,False,Android,7.0.2,M300 RTK,1ZN7L4R0H1D00F,1W9DL31001461C,1ZMLH8300204F0,1Z6PH74DAP0QN7,"Corona, CA",728.3,5.7,137.7,8.547347,2.013246,0,0,DJI Matrice 300 RTK,M300 RTK,1ZN7L4R0H1D00F,1W9DL31001461C,1ZMLH8300204F0,1Z6PH74DAP0QN7,DJI Pilot,Android,7.0.2,1EF72A62-B7C3-C88D-164E-CE6F8C8424AE,1ZN7L4R0H1D00F,1W9DL31001461C,,1ZMLH8300204F0,1W9DL31001461C,,,,,
2023-11-01,11:36:29.27 AM,12m 6.9s,726.9,33.7938307989345,-117.4736780606043,-50.8,137.7,0.6,1213,5795.6,0,8.547335,0,2.23694,0,5.816044,0,2.013246,0.4,-0.7,0.8,92,92,,Confirm Landing,Other,Landing (Vert Low Limit),16,5,True,,True,False,,Smart,RC,False,True,False,,,True,,False,False,False,False,False,False,False,False,False,False,0,Follow Yaw,0,0,83.1,83.1,False,False,False,False,False,,0,0,False,False,No Card,100,100,1024,1024,364,1024,2,False,False,False,False,False,0,False,False,False,False,61,,45.816,,3041,,4986,,45.816,,True,3.823,3.823,3.823,3.823,3.823,3.823,3.823,3.823,3.823,3.823,3.823,3.823,0,,False,False,True,,,,,,,,,,,,,,,False,False,5.306,,107.2,,75.7,,107.4,,1135,127,,22,7,148491.9,19798.91,,Idle,,20,,10,,,20,Go Home,False,False,False,False,False,False,False,False,False,False,False,False,33.8027920380556,-117.4659261431046,4026.2,4043.5,1049.4,396.9,True,1,1,False,False,False,False,,True,False,False,Course Lock,196.8,67,16.4,93,W,S,3.35,11.4,Calm,False,False,Android,7.0.2,M300 RTK,1ZN7L4R0H1D00F,1W9DL31001461C,1ZMLH8300204F0,1Z6PH74DAP0QN7,"Corona, CA",728.3,5.7,137.7,8.547347,2.013246,0,0,DJI Matrice 300 RTK,M300 RTK,1ZN7L4R0H1D00F,1W9DL31001461C,1ZMLH8300204F0,1Z6PH74DAP0QN7,DJI Pilot,Android,7.0.2,1EF72A62-B7C3-C88D-164E-CE6F8C8424AE,1ZN7L4R0H1D00F,1W9DL31001461C,,1ZMLH8300204F0,1W9DL31001461C,,,,,
2023-11-01,11:36:29.37 AM,12m 7.0s,727.0,33.7938307423269,-117.4736780780047,-50.8,137.7,0.6,1213,5795.6,0,8.547335,0,2.23694,0,5.816044,0,2.013246,0.4,-0.7,0.8,92,92,,Confirm Landing,Other,Landing (Vert Low Limit),17,5,True,,True,False,,Smart,RC,False,True,False,,,True,,False,False,False,False,False,False,False,False,False,False,0,Follow Yaw,0,0,83.1,83.1,False,False,False,False,False,,0,0,False,False,No Card,100,100,1024,1024,364,1024,2,False,False,False,False,False,0,False,False,False,False,61,,45.84,,6126,,10044,,45.84,,True,3.823,3.823,3.823,3.823,3.823,3.823,3.823,3.823,3.823,3.823,3.823,3.823,0,,False,False,True,,,,,,,,,,,,,,,False,False,10.456,,107.6,,75.7,,107.6,,1135,127,,22,7,148491.9,19798.91,,Idle,,20,,10,,,20,Go Home,False,False,False,False,False,False,False,False,False,False,False,False,33.8027920380556,-117.4659261431046,4026.2,4043.5,1049.4,396.9,True,1,1,False,False,False,False,,True,False,False,Course Lock,196.8,67,16.4,93,W,S,3.35,11.4,Calm,False,False,Android,7.0.2,M300 RTK,1ZN7L4R0H1D00F,1W9DL31001461C,1ZMLH8300204F0,1Z6PH74DAP0QN7,"Corona, CA",728.3,5.7,137.7,8.547347,2.013246,0,0,DJI Matrice 300 RTK,M300 RTK,1ZN7L4R0H1D00F,1W9DL31001461C,1ZMLH8300204F0,1Z6PH74DAP0QN7,DJI Pilot,Android,7.0.2,1EF72A62-B7C3-C88D-164E-CE6F8C8424AE,1ZN7L4R0H1D00F,1W9DL31001461C,,1ZMLH8300204F0,1W9DL31001461C,,,,,
2023-11-01,11:36:29.47 AM,12m 7.1s,727.1,33.7938306804422,-117.473678202776,-50.8,137.7,0.6,1213,5795.6,0,8.547335,0,2.23694,0,5.816044,0,2.013246,0.4,-0.7,0.8,92,92,,Confirm Landing,Other,Landing (Vert Low Limit),17,5,True,,True,False,,Smart,RC,False,True,False,,,True,,False,False,False,False,False,False,False,False,False,False,0,Follow Yaw,0,0,83.1,83.1,False,False,False,False,False,,0,0,False,False,No Card,100,100,1024,1024,364,1024,2,False,False,False,False,False,0,False,False,False,False,61,,45.84,,6126,,10044,,45.84,,True,3.823,3.823,3.823,3.823,3.823,3.823,3.823,3.823,3.823,3.823,3.823,3.823,0,,False,False,True,,,,,,,,,,,,,,,False,False,10.456,,107.6,,75.7,,107.6,,1135,127,,22,7,148491.9,19798.91,,Idle,,20,,10,,,20,Go Home,False,False,False,False,False,False,False,False,False,False,False,False,33.8027920380556,-117.4659261431046,4026.2,4043.5,1049.4,396.9,True,1,1,False,False,False,False,,True,False,False,Course Lock,196.8,67,16.4,93,W,S,3.35,11.4,Calm,False,True,Android,7.0.2,M300 RTK,1ZN7L4R0H1D00F,1W9DL31001461C,1ZMLH8300204F0,1Z6PH74DAP0QN7,"Corona, CA",728.3,5.7,137.7,8.547347,2.013246,0,0,DJI Matrice 300 RTK,M300 RTK,1ZN7L4R0H1D00F,1W9DL31001461C,1ZMLH8300204F0,1Z6PH74DAP0QN7,DJI Pilot,Android,7.0.2,1EF72A62-B7C3-C88D-164E-CE6F8C8424AE,1ZN7L4R0H1D00F,1W9DL31001461C,,1ZMLH8300204F0,1W9DL31001461C,,,,,
2023-11-01,11:36:29.58 AM,12m 7.2s,727.2,33.7938306200652,-117.473678233371,-50.8,137.7,0.6,1213,5795.7,0,8.547335,0,2.23694,0,5.816044,0,2.013246,0.3,-0.7,0.7,92,92,,Confirm Landing,Other,Landing (Vert Low Limit),18,5,True,,True,False,,Smart,RC,False,True,False,,,True,,False,False,False,False,False,False,False,False,False,False,0,Follow Yaw,0,0,83.1,83.1,False,False,False,False,False,,0,0,False,False,No Card,100,100,1024,1024,364,1024,2,False,False,False,False,False,0,False,False,False,False,61,,45.84,,6126,,10044,,45.84,,True,3.823,3.823,3.823,3.823,3.823,3.823,3.823,3.823,3.823,3.823,3.823,3.823,0,,False,False,True,,,,,,,,,,,,,,,False,False,10.456,,107.6,,75.7,,107.6,,1135,127,,22,7,148491.9,19798.91,,Idle,,20,,10,,,20,Go Home,False,False,False,False,False,False,False,False,False,False,False,False,33.8027920380556,-117.4659261431046,4026.2,4043.5,1049.4,396.9,True,1,1,False,False,False,False,,True,False,False,Course Lock,196.8,67,16.4,93,W,S,3.13,11.4,Calm,False,True,Android,7.0.2,M300 RTK,1ZN7L4R0H1D00F,1W9DL31001461C,1ZMLH8300204F0,1Z6PH74DAP0QN7,"Corona, CA",728.3,5.7,137.7,8.547347,2.013246,0,0,DJI Matrice 300 RTK,M300 RTK,1ZN7L4R0H1D00F,1W9DL31001461C,1ZMLH8300204F0,1Z6PH74DAP0QN7,DJI Pilot,Android,7.0.2,1EF72A62-B7C3-C88D-164E-CE6F8C8424AE,1ZN7L4R0H1D00F,1W9DL31001461C,,1ZMLH8300204F0,1W9DL31001461C,,,,,
2023-11-01,11:36:29.64 AM,12m 7.3s,727.3,33.7938305673639,-117.4736783329901,-50.8,137.7,0.6,1213,5795.7,0,8.547335,0,2.23694,0,5.816044,0,2.013246,0.3,-0.7,0.7,92,92,,Confirm Landing,Other,Landing (Vert Low Limit),18,5,True,,True,False,,Smart,RC,False,True,False,,,True,,False,False,False,False,False,False,False,False,False,False,0,Follow Yaw,0,0,83.1,83.1,False,False,False,False,False,,0,0,False,False,No Card,100,100,1024,1024,364,1024,2,False,False,False,False,False,0,False,False,False,False,61,,45.84,,6126,,10044,,45.84,,True,3.82,3.82,3.82,3.82,3.82,3.82,3.82,3.82,3.82,3.82,3.82,3.82,0,,False,False,True,,,,,,,,,,,,,,,False,False,10.456,,107.6,,75.7,,107.6,,1133,127,,22,7,147312.6,19641.69,,Idle,,20,,10,,,20,Go Home,False,False,False,False,False,False,False,False,False,False,False,False,33.8027920380556,-117.4659261431046,4026.3,4043.5,1049.4,396.9,True,1,1,False,False,False,False,,True,False,False,Course Lock,196.8,67,16.4,93,W,S,3.13,11.4,Calm,False,True,Android,7.0.2,M300 RTK,1ZN7L4R0H1D00F,1W9DL31001461C,1ZMLH8300204F0,1Z6PH74DAP0QN7,"Corona, CA",728.3,5.7,137.7,8.547347,2.013246,0,0,DJI Matrice 300 RTK,M300 RTK,1ZN7L4R0H1D00F,1W9DL31001461C,1ZMLH8300204F0,1Z6PH74DAP0QN7,DJI Pilot,Android,7.0.2,1EF72A62-B7C3-C88D-164E-CE6F8C8424AE,1ZN7L4R0H1D00F,1W9DL31001461C,,1ZMLH8300204F0,1W9DL31001461C,,,,,
2023-11-01,11:36:29.74 AM,12m 7.4s,727.4,33.7938305041086,-117.4736783680383,-50.8,137.7,0.6,1213,5795.7,0,8.547335,0,2.23694,0,5.816044,0,2.013246,0.4,-0.7,0.8,92,92,,Confirm Landing,Other,Landing (Vert Low Limit),18,5,True,,True,False,,Smart,RC,False,True,False,,,True,,False,False,False,False,False,False,False,False,False,False,0,Follow Yaw,0,0,83.1,83.1,False,False,False,False,False,,0,0,False,False,No Card,100,100,1024,1024,364,1024,2,False,False,False,False,False,0,False,False,False,False,61,,45.84,,6126,,10044,,45.84,,True,3.82,3.82,3.82,3.82,3.82,3.82,3.82,3.82,3.82,3.82,3.82,3.82,0,,False,False,True,,,,,,,,,,,,,,,False,False,10.456,,107.6,,75.7,,107.6,,1133,127,,22,7,147312.6,19641.69,,Idle,,20,,10,,,20,Go Home,False,False,False,False,False,False,False,False,False,False,False,False,33.8027920380556,-117.4659261431046,4026.3,4043.5,1049.4,396.9,True,1,1,False,False,False,False,,True,False,False,Course Lock,196.8,67,16.4,93,W,S,3.13,11.4,Calm,False,True,Android,7.0.2,M300 RTK,1ZN7L4R0H1D00F,1W9DL31001461C,1ZMLH8300204F0,1Z6PH74DAP0QN7,"Corona, CA",728.3,5.7,137.7,8.547347,2.013246,0,0,DJI Matrice 300 RTK,M300 RTK,1ZN7L4R0H1D00F,1W9DL31001461C,1ZMLH8300204F0,1Z6PH74DAP0QN7,DJI Pilot,Android,7.0.2,1EF72A62-B7C3-C88D-164E-CE6F8C8424AE,1ZN7L4R0H1D00F,1W9DL31001461C,,1ZMLH8300204F0,1W9DL31001461C,,,,,
2023-11-01,11:36:29.84 AM,12m 7.5s,727.5,33.7938304629892,-117.4736784683172,-50.8,137.7,0.6,1213,5795.8,0,8.547335,0,2.23694,0,5.816044,0,2.013246,0.3,-0.7,0.7,92,92,,Confirm Landing,Other,Landing (Vert Low Limit),18,5,True,,True,False,,Smart,RC,False,True,False,,,True,,False,False,False,False,False,False,False,False,False,False,0,Follow Yaw,0,0,83.1,83.1,False,False,False,False,False,,0,0,False,False,No Card,100,100,1024,1024,364,1024,2,False,False,False,False,False,0,False,False,False,False,61,,45.84,,6126,,10044,,45.84,,True,3.82,3.82,3.82,3.82,3.82,3.82,3.82,3.82,3.82,3.82,3.82,3.82,0,,False,False,True,,,,,,,,,,,,,,,False,False,10.456,,107.6,,75.7,,107.6,,1133,127,,22,7,147312.6,19641.69,,Idle,,20,,10,,,20,Go Home,False,False,False,False,False,False,False,False,False,False,False,False,33.8027920380556,-117.4659261431046,4026.3,4043.5,1049.4,396.9,True,1,1,False,False,False,False,,True,False,False,Course Lock,196.8,67,16.4,93,W,S,3.13,11.4,Calm,False,True,Android,7.0.2,M300 RTK,1ZN7L4R0H1D00F,1W9DL31001461C,1ZMLH8300204F0,1Z6PH74DAP0QN7,"Corona, CA",728.3,5.7,137.7,8.547347,2.013246,0,0,DJI Matrice 300 RTK,M300 RTK,1ZN7L4R0H1D00F,1W9DL31001461C,1ZMLH8300204F0,1Z6PH74DAP0QN7,DJI Pilot,Android,7.0.2,1EF72A62-B7C3-C88D-164E-CE6F8C8424AE,1ZN7L4R0H1D00F,1W9DL31001461C,,1ZMLH8300204F0,1W9DL31001461C,,,,,
2023-11-01,11:36:29.94 AM,12m 7.6s,727.6,33.7938303985689,-117.4736785169722,-50.8,137.7,0.6,1213,5795.8,0,8.547335,0,2.23694,0,5.816044,0,2.013246,0.3,-0.7,0.7,92,92,,Confirm Landing,Other,Landing (Vert Low Limit),18,5,True,,True,False,,Smart,RC,False,True,False,,,True,,False,False,False,False,False,False,False,False,False,False,0,Follow Yaw,0,0,83.1,83.1,False,False,False,False,False,,0,0,False,False,No Card,100,100,1024,1024,364,1024,2,False,False,False,False,False,0,False,False,False,False,61,,45.84,,6126,,10044,,45.84,,True,3.82,3.82,3.82,3.82,3.82,3.82,3.82,3.82,3.82,3.82,3.82,3.82,0,,False,False,True,,,,,,,,,,,,,,,False,False,10.456,,107.6,,75.7,,107.6,,1133,127,,22,7,147312.6,19641.69,,Idle,,20,,10,,,20,Go Home,False,False,False,False,False,False,False,False,False,False,False,False,33.8027920380556,-117.4659261431046,4026.4,4043.5,1049.4,396.9,True,1,1,False,False,False,False,,True,False,False,Course Lock,196.8,67,16.4,93,W,S,3.13,11.4,Calm,False,True,Android,7.0.2,M300 RTK,1ZN7L4R0H1D00F,1W9DL31001461C,1ZMLH8300204F0,1Z6PH74DAP0QN7,"Corona, CA",728.3,5.7,137.7,8.547347,2.013246,0,0,DJI Matrice 300 RTK,M300 RTK,1ZN7L4R0H1D00F,1W9DL31001461C,1ZMLH8300204F0,1Z6PH74DAP0QN7,DJI Pilot,Android,7.0.2,1EF72A62-B7C3-C88D-164E-CE6F8C8424AE,1ZN7L4R0H1D00F,1W9DL31001461C,,1ZMLH8300204F0,1W9DL31001461C,,,,,
2023-11-01,11:36:30.04 AM,12m 7.7s,727.7,33.7938303573124,-117.473678584512,-50.8,137.7,0.6,1213,5795.8,0,8.547335,0,2.23694,0,5.816044,0,2.013246,0.3,-0.7,0.7,92,92,,Confirm Landing,Other,Landing (Vert Low Limit),18,5,True,,True,False,,Smart,RC,False,True,False,,,True,,False,False,False,False,False,False,False,False,False,False,0,Follow Yaw,0,0,83.1,83.1,False,False,False,False,False,,0,0,False,False,No Card,100,100,1024,1024,364,1024,2,False,False,False,False,False,0,False,False,False,False,61,,45.84,,6126,,10044,,45.84,,True,3.82,3.82,3.82,3.82,3.82,3.82,3.82,3.82,3.82,3.82,3.82,3.82,0,,False,False,True,,,,,,,,,,,,,,,False,False,10.456,,107.6,,75.7,,107.6,,1133,127,,22,7,147312.6,19641.69,,Idle,,20,,10,,,20,Go Home,False,False,False,False,False,False,False,False,False,False,False,False,33.8027920380556,-117.4659261431046,4026.4,4043.5,1049.4,396.9,True,1,1,False,False,False,False,,True,False,False,Course Lock,196.8,67,16.4,93,W,S,3.13,11.4,Calm,False,True,Android,7.0.2,M300 RTK,1ZN7L4R0H1D00F,1W9DL31001461C,1ZMLH8300204F0,1Z6PH74DAP0QN7,"Corona, CA",728.3,5.7,137.7,8.547347,2.013246,0,0,DJI Matrice 300 RTK,M300 RTK,1ZN7L4R0H1D00F,1W9DL31001461C,1ZMLH8300204F0,1Z6PH74DAP0QN7,DJI Pilot,Android,7.0.2,1EF72A62-B7C3-C88D-164E-CE6F8C8424AE,1ZN7L4R0H1D00F,1W9DL31001461C,,1ZMLH8300204F0,1W9DL31001461C,,,,,
2023-11-01,11:36:30.14 AM,12m 7.8s,727.8,33.7938302913158,-117.4736786335794,-50.8,137.7,0.6,1213,5795.8,0,8.547335,0,2.23694,0,5.816044,0,2.013246,0.3,-0.7,0.7,92.1,92.1,,Confirm Landing,Other,Landing (Vert Low Limit),18,5,True,,True,False,,Smart,RC,False,True,False,,,True,,False,False,False,False,False,False,False,False,False,False,0,Follow Yaw,0,0,83.1,83.1,False,False,False,False,False,,0,0,False,False,No Card,100,100,1024,1024,364,1024,2,False,False,False,False,False,0,False,False,False,False,61,,45.84,,6126,,10044,,45.84,,True,3.82,3.82,3.82,3.82,3.82,3.82,3.82,3.82,3.82,3.82,3.82,3.82,0,,False,False,True,,,,,,,,,,,,,,,False,False,10.456,,107.6,,75.7,,107.6,,1133,127,,22,7,147312.6,19641.69,,Idle,,20,,10,,,20,Go Home,False,False,False,False,False,False,False,False,False,False,False,False,33.8027920380556,-117.4659261431046,4026.4,4043.5,1049.4,396.9,True,1,1,False,False,False,False,,True,False,False,Course Lock,196.8,67,16.4,93,W,S,3.13,11.4,Calm,False,True,Android,7.0.2,M300 RTK,1ZN7L4R0H1D00F,1W9DL31001461C,1ZMLH8300204F0,1Z6PH74DAP0QN7,"Corona, CA",728.3,5.7,137.7,8.547347,2.013246,0,0,DJI Matrice 300 RTK,M300 RTK,1ZN7L4R0H1D00F,1W9DL31001461C,1ZMLH8300204F0,1Z6PH74DAP0QN7,DJI Pilot,Android,7.0.2,1EF72A62-B7C3-C88D-164E-CE6F8C8424AE,1ZN7L4R0H1D00F,1W9DL31001461C,,1ZMLH8300204F0,1W9DL31001461C,,,,,
2023-11-01,11:36:30.24 AM,12m 7.9s,727.9,33.7938305788088,-117.4736788664639,-50.8,137.7,0.6,1213,5796.0,0,8.547335,0,2.23694,0,5.816044,0,2.013246,0.3,-0.7,0.7,92.1,92.1,,Confirm Landing,Other,Landing (Vert Low Limit),18,5,True,,True,False,,Smart,RC,False,True,False,,,True,,False,False,False,False,False,False,False,False,False,False,0,Follow Yaw,0,0,83.1,83.1,False,False,False,False,False,,0,0,False,False,No Card,100,100,1024,1024,364,1024,2,False,False,False,False,False,0,False,False,False,False,61,,45.84,,6126,,10044,,45.84,,True,3.82,3.82,3.82,3.82,3.82,3.82,3.82,3.82,3.82,3.82,3.82,3.82,0,,False,False,True,,,,,,,,,,,,,,,False,False,10.456,,107.6,,75.7,,107.6,,1133,127,,22,7,147312.6,19641.69,,Idle,,20,,10,,,20,Go Home,False,False,False,False,False,False,False,False,False,False,False,False,33.8027920380556,-117.4659261431046,4026.4,4043.5,1049.4,396.9,True,1,1,False,False,False,False,,True,False,False,Course Lock,196.8,67,16.4,93,W,S,3.13,11.4,Calm,False,True,Android,7.0.2,M300 RTK,1ZN7L4R0H1D00F,1W9DL31001461C,1ZMLH8300204F0,1Z6PH74DAP0QN7,"Corona, CA",728.3,5.7,137.7,8.547347,2.013246,0,0,DJI Matrice 300 RTK,M300 RTK,1ZN7L4R0H1D00F,1W9DL31001461C,1ZMLH8300204F0,1Z6PH74DAP0QN7,DJI Pilot,Android,7.0.2,1EF72A62-B7C3-C88D-164E-CE6F8C8424AE,1ZN7L4R0H1D00F,1W9DL31001461C,,1ZMLH8300204F0,1W9DL31001461C,,,,,
2023-11-01,11:36:30.34 AM,12m 8.0s,728.0,33.7938305430349,-117.4736789379621,-50.8,137.7,0.6,1213,5796.0,0,8.547335,0,2.23694,0,5.816044,0,2.013246,0.3,-0.7,0.7,92.1,92.1,,Confirm Landing,Other,Landing (Vert Low Limit),18,5,True,,True,False,,Smart,RC,False,True,False,,,True,,False,False,False,False,False,False,False,False,False,False,0,Follow Yaw,0,0,83.1,83.1,False,False,False,False,False,,0,0,False,False,No Card,100,100,1024,1024,364,1024,2,False,False,False,False,False,0,False,False,False,False,61,,46.248,,6126,,10044,,46.248,,True,3.82,3.82,3.82,3.82,3.82,3.82,3.82,3.82,3.82,3.82,3.82,3.82,0,,False,False,True,,,,,,,,,,,,,,,False,False,4.918,,107.6,,75.7,,107.6,,1133,127,,22,7,147312.6,19641.69,,Idle,,20,,10,,,20,Go Home,False,False,False,False,False,False,False,False,False,False,False,False,33.8027920380556,-117.4659261431046,4026.4,4043.5,1049.4,396.9,True,1,1,False,False,False,False,,True,False,False,Course Lock,196.8,67,16.4,93,W,S,3.13,11.4,Calm,False,True,Android,7.0.2,M300 RTK,1ZN7L4R0H1D00F,1W9DL31001461C,1ZMLH8300204F0,1Z6PH74DAP0QN7,"Corona, CA",728.3,5.7,137.7,8.547347,2.013246,0,0,DJI Matrice 300 RTK,M300 RTK,1ZN7L4R0H1D00F,1W9DL31001461C,1ZMLH8300204F0,1Z6PH74DAP0QN7,DJI Pilot,Android,7.0.2,1EF72A62-B7C3-C88D-164E-CE6F8C8424AE,1ZN7L4R0H1D00F,1W9DL31001461C,,1ZMLH8300204F0,1W9DL31001461C,,,,,
2023-11-01,11:36:30.44 AM,12m 8.1s,728.1,33.7938304616186,-117.4736789636915,-50.8,137.7,0.6,1213,5796.0,0,8.547335,0,2.23694,0,5.816044,0,2.013246,0.3,-0.7,0.7,92.1,92.1,,Confirm Landing,Other,Landing (Vert Low Limit),18,5,True,,True,False,,Smart,RC,False,True,False,,,True,,False,False,False,False,False,False,False,False,False,False,0,Follow Yaw,0,0,83.1,83.1,False,False,False,False,False,,0,0,False,False,No Card,100,100,1024,1024,364,1024,2,False,False,False,False,False,0,False,False,False,False,61,,46.248,,6126,,10044,,46.248,,True,3.82,3.82,3.82,3.82,3.82,3.82,3.82,3.82,3.82,3.82,3.82,3.82,0,,False,False,True,,,,,,,,,,,,,,,False,False,4.918,,107.6,,75.7,,107.6,,1133,127,,22,7,147312.6,19641.69,,Idle,,20,,10,,,20,Go Home,False,False,False,False,False,False,False,False,False,False,False,False,33.8027920380556,-117.4659261431046,4026.4,4043.5,1049.4,396.9,True,1,1,False,False,False,False,,True,False,False,Course Lock,196.8,67,16.4,93,W,S,3.13,11.4,Calm,False,False,Android,7.0.2,M300 RTK,1ZN7L4R0H1D00F,1W9DL31001461C,1ZMLH8300204F0,1Z6PH74DAP0QN7,"Corona, CA",728.3,5.7,137.7,8.547347,2.013246,0,0,DJI Matrice 300 RTK,M300 RTK,1ZN7L4R0H1D00F,1W9DL31001461C,1ZMLH8300204F0,1Z6PH74DAP0QN7,DJI Pilot,Android,7.0.2,1EF72A62-B7C3-C88D-164E-CE6F8C8424AE,1ZN7L4R0H1D00F,1W9DL31001461C,,1ZMLH8300204F0,1W9DL31001461C,,,,,
2023-11-01,11:36:30.54 AM,12m 8.2s,728.2,33.793830422144,-117.4736790319735,-50.8,137.7,0.6,1213,5796.0,0,8.547335,0,2.23694,0,5.816044,0,2.013246,0.3,-0.7,0.7,92.1,92.1,,Confirm Landing,Other,Landing (Vert Low Limit),18,5,True,,True,False,,Smart,RC,False,True,False,,,True,,False,False,False,False,False,False,False,False,False,False,0,Follow Yaw,0,0,83.1,83.1,False,False,False,False,False,,0,0,False,False,No Card,100,100,1024,1024,364,1024,2,False,False,False,False,False,0,False,False,False,False,61,,46.248,,6126,,10044,,46.248,,True,3.82,3.82,3.82,3.82,3.82,3.82,3.82,3.82,3.82,3.82,3.82,3.82,0,,False,False,True,,,,,,,,,,,,,,,False,False,4.918,,107.6,,75.7,,107.6,,1133,127,,22,7,147312.6,19641.69,,Idle,,20,,10,,,20,Go Home,False,False,False,False,False,False,False,False,False,False,False,False,33.8027920380556,-117.4659261431046,4026.4,4043.5,1049.4,396.9,True,1,1,False,False,False,False,,True,False,False,Course Lock,196.8,67,16.4,93,W,S,3.13,11.4,Calm,False,True,Android,7.0.2,M300 RTK,1ZN7L4R0H1D00F,1W9DL31001461C,1ZMLH8300204F0,1Z6PH74DAP0QN7,"Corona, CA",728.3,5.7,137.7,8.547347,2.013246,0,0,DJI Matrice 300 RTK,M300 RTK,1ZN7L4R0H1D00F,1W9DL31001461C,1ZMLH8300204F0,1Z6PH74DAP0QN7,DJI Pilot,Android,7.0.2,1EF72A62-B7C3-C88D-164E-CE6F8C8424AE,1ZN7L4R0H1D00F,1W9DL31001461C,,1ZMLH8300204F0,1W9DL31001461C,,,,,
2023-11-01,11:36:30.64 AM,12m 8.3s,728.3,33.7938305158276,-117.4736790544043,-50.8,137.7,0.6,1213,5796.1,0,8.547335,0,2.23694,0,5.816044,0,2.013246,0.3,-0.7,0.7,92.1,92.1,,Confirm Landing,Other,Landing (Vert Low Limit),18,5,True,,True,False,,Smart,RC,True,True,False,,,True,,False,False,False,False,False,False,False,False,False,False,0,Follow Yaw,0,0,83.1,83.1,False,False,False,False,False,,0,0,False,False,No Card,100,100,1024,1024,364,1024,2,False,False,False,False,False,0,False,False,False,False,61,,46.248,,6126,,10044,,46.248,,True,3.842,3.842,3.842,3.842,3.842,3.842,3.842,3.842,3.842,3.842,3.842,3.842,0,,False,False,True,,,,,,,,,,,,,,,False,False,4.918,,107.6,,75.7,,107.6,,,121,,19,5,141422.6,18856.35,,Idle,,20,,10,,,20,Go Home,False,False,False,False,False,False,False,False,False,False,False,False,33.8027920380556,-117.4659261431046,4026.4,4043.5,998.4,396.9,True,1,1,False,False,False,False,,True,False,False,Course Lock,196.8,67,16.4,93,,,,,Calm,False,False,Android,7.0.2,M300 RTK,1ZN7L4R0H1D00F,1W9DL31001461C,1ZMLH8300204F0,1Z6PH74DAP0QN7,"Corona, CA",728.3,5.7,137.7,8.547347,2.013246,0,0,DJI Matrice 300 RTK,M300 RTK,1ZN7L4R0H1D00F,1W9DL31001461C,1ZMLH8300204F0,1Z6PH74DAP0QN7,DJI Pilot,Android,7.0.2,1EF72A62-B7C3-C88D-164E-CE6F8C8424AE,1ZN7L4R0H1D00F,1W9DL31001461C,,1ZMLH8300204F0,1W9DL31001461C,,,,,
2023-11-01,11:36:30.71 AM,12m 8.4s,728.4,33.7938304893742,-117.4736791249954,0,137.7,0.6,1264,5796.1,0,8.547335,0,2.23694,0,5.816044,0,2.013246,0.3,-0.7,0.7,92.2,92.2,,Tripod,Other,,18,5,True,,True,False,,Smart,RC,False,False,False,,,True,,False,False,False,False,False,False,False,False,False,False,0,Follow Yaw,0,0,83.1,83.1,False,False,False,False,False,,0,0,False,False,No Card,100,100,1024,1024,364,1024,2,False,False,False,False,False,0,False,False,False,False,61,,46.248,,6126,,10044,,46.248,,True,3.842,3.842,3.842,3.842,3.842,3.842,3.842,3.842,3.842,3.842,3.842,3.842,0,,False,False,True,,,,,,,,,,,,,,,False,False,4.918,,107.6,,75.7,,107.6,,,121,,19,5,141422.6,18856.35,,Idle,,20,,10,,,20,Go Home,False,False,False,False,False,False,False,False,False,False,False,False,33.8027920380556,-117.4659261431046,4026.4,4043.5,998.4,396.9,True,1,1,False,False,False,False,,True,False,False,Course Lock,196.8,67,16.4,93,,,,,Calm,False,False,Android,7.0.2,M300 RTK,1ZN7L4R0H1D00F,1W9DL31001461C,1ZMLH8300204F0,1Z6PH74DAP0QN7,"Corona, CA",728.3,5.7,137.7,8.547347,2.013246,0,0,DJI Matrice 300 RTK,M300 RTK,1ZN7L4R0H1D00F,1W9DL31001461C,1ZMLH8300204F0,1Z6PH74DAP0QN7,DJI Pilot,Android,7.0.2,1EF72A62-B7C3-C88D-164E-CE6F8C8424AE,1ZN7L4R0H1D00F,1W9DL31001461C,,1ZMLH8300204F0,1W9DL31001461C,,,,Flight mode changed to Tripod.,
